Parameters: GAD=1 vflib=1 dir=0 label=1 lowerbound=1 fileNameGp=../graphsdb/mcs10/m2D/m2D/mcs10_m2D_s80.A32 fileNameGt=../graphsdb/mcs10/m2D/m2D/mcs10_m2D_s80.B32
Reading graphs...
80 :  141
80 :  142
Initializing...
maxdom : 12
D->valSize : 413
Solving...
currentSize : 1 <-- 0.003550 s
currentSize : 2 <-- 0.004245 s
currentSize : 3 <-- 0.004892 s
currentSize : 5 <-- 0.005243 s
currentSize : 6 <-- 0.005407 s
currentSize : 7 <-- 0.005557 s
currentSize : 8 <-- 0.005767 s
currentSize : 9 <-- 0.006107 s
currentSize : 10 <-- 0.006764 s

maxsize : 10
nodes : 1743.000000
filtered : 18065.000000
CCGP filtered : 47549.000000
CCGT filtered : 90029.000000
time : 0.080896
