Parameters: GAD=1 vflib=1 dir=0 label=1 lowerbound=1 fileNameGp=../graphsdb/mcs10/m4D/m4Dr6/mcs10_m4Dr6_s100.A09 fileNameGt=../graphsdb/mcs10/m4D/m4Dr6/mcs10_m4Dr6_s100.B09
Reading graphs...
100 :  218
100 :  216
Initializing...
maxdom : 7
D->valSize : 309
Solving...
currentSize : 1 <-- 0.004448 s
currentSize : 2 <-- 0.007098 s
currentSize : 6 <-- 0.007768 s
currentSize : 7 <-- 0.008293 s
currentSize : 10 <-- 0.009085 s
currentSize : 11 <-- 0.009803 s
currentSize : 12 <-- 0.010538 s
currentSize : 13 <-- 0.011794 s
currentSize : 14 <-- 0.013162 s
currentSize : 16 <-- 0.013410 s

maxsize : 16
nodes : 159395.000000
filtered : 576638.000000
CCGP filtered : 1540187.000000
CCGT filtered : 1094178.000000
time : 9.375405
