Parameters: GAD=1 vflib=1 dir=0 label=1 lowerbound=1 fileNameGp=../graphsdb/mcs30/bvg/b09m/mcs30_b09m_s80.A91 fileNameGt=../graphsdb/mcs30/bvg/b09m/mcs30_b09m_s80.B91
Reading graphs...
80 :  349
80 :  346
Initializing...
maxdom : 10
D->valSize : 399
Solving...
currentSize : 1 <-- 0.003995 s
currentSize : 2 <-- 0.005547 s
currentSize : 6 <-- 0.008009 s
currentSize : 7 <-- 0.009671 s
currentSize : 8 <-- 0.009831 s
currentSize : 9 <-- 0.010081 s
currentSize : 10 <-- 0.010183 s
currentSize : 11 <-- 0.010252 s
currentSize : 12 <-- 0.033615 s
currentSize : 13 <-- 0.033738 s
currentSize : 21 <-- 0.033926 s
currentSize : 22 <-- 0.040224 s

maxsize : 22
nodes : 3383503.000000
filtered : 12873523.000000
CCGP filtered : 14946558.000000
CCGT filtered : 10704743.000000
time : 113.716225
