Parameters: GAD=1 vflib=1 dir=0 label=1 lowerbound=1 fileNameGp=../graphsdb/mcs30/m3D/m3Dr2/mcs30_m3Dr2_s90.A32 fileNameGt=../graphsdb/mcs30/m3D/m3Dr2/mcs30_m3Dr2_s90.B32
Reading graphs...
90 :  225
90 :  226
Initializing...
maxdom : 10
D->valSize : 535
Solving...
currentSize : 1 <-- 0.005756 s
currentSize : 2 <-- 0.006293 s
currentSize : 3 <-- 0.006988 s
currentSize : 7 <-- 0.009439 s
currentSize : 9 <-- 0.009578 s
currentSize : 12 <-- 0.010075 s
currentSize : 13 <-- 0.010245 s
currentSize : 14 <-- 0.010550 s
currentSize : 27 <-- 0.010958 s

maxsize : 27
nodes : 38714557.000000
filtered : 129876625.000000
CCGP filtered : 472494211.000000
CCGT filtered : 117048748.000000
time : 1753.309326
