Parameters: GAD=1 vflib=1 dir=0 label=1 lowerbound=1 fileNameGp=../graphsdb/mcs30/m2D/m2Dr4/mcs30_m2Dr4_s60.A02 fileNameGt=../graphsdb/mcs30/m2D/m2Dr4/mcs30_m2Dr4_s60.B02
Reading graphs...
60 :  127
60 :  126
Initializing...
maxdom : 9
D->valSize : 276
Solving...
currentSize : 1 <-- 0.001820 s
currentSize : 3 <-- 0.001921 s
currentSize : 5 <-- 0.002031 s
currentSize : 6 <-- 0.002214 s
currentSize : 7 <-- 0.002303 s
currentSize : 11 <-- 0.002483 s
currentSize : 12 <-- 0.002801 s
currentSize : 13 <-- 0.002888 s
currentSize : 16 <-- 0.002953 s

maxsize : 16
nodes : 26432.000000
filtered : 112020.000000
CCGP filtered : 137761.000000
CCGT filtered : 111366.000000
time : 0.752009
