Parameters: GAD=1 vflib=1 dir=0 label=1 lowerbound=1 fileNameGp=../graphsdb/mcs30/m3D/m3Dr4/mcs30_m3Dr4_s90.A31 fileNameGt=../graphsdb/mcs30/m3D/m3Dr4/mcs30_m3Dr4_s90.B31
Reading graphs...
90 :  242
90 :  242
Initializing...
maxdom : 11
D->valSize : 523
Solving...
currentSize : 1 <-- 0.009159 s
currentSize : 2 <-- 0.010804 s
currentSize : 10 <-- 0.013902 s
currentSize : 11 <-- 0.014055 s
currentSize : 12 <-- 0.014261 s
currentSize : 13 <-- 0.014542 s
currentSize : 16 <-- 0.014999 s
currentSize : 18 <-- 0.016215 s
currentSize : 23 <-- 0.016956 s
currentSize : 24 <-- 0.017225 s
currentSize : 27 <-- 0.017418 s

maxsize : 27
nodes : 66108350.000000
filtered : 311783065.000000
CCGP filtered : 569549816.000000
CCGT filtered : 392680523.000000
time : 3288.500000
