Parameters: GAD=1 vflib=1 dir=0 label=1 lowerbound=1 fileNameGp=../graphsdb/mcs30/m2D/m2Dr4/mcs30_m2Dr4_s80.A06 fileNameGt=../graphsdb/mcs30/m2D/m2Dr4/mcs30_m2Dr4_s80.B06
Reading graphs...
80 :  171
80 :  172
Initializing...
maxdom : 9
D->valSize : 409
Solving...
currentSize : 1 <-- 0.005875 s
currentSize : 6 <-- 0.006771 s
currentSize : 7 <-- 0.006925 s
currentSize : 8 <-- 0.007166 s
currentSize : 11 <-- 0.007693 s
currentSize : 12 <-- 0.007806 s
currentSize : 14 <-- 0.008240 s
currentSize : 16 <-- 0.008527 s
currentSize : 25 <-- 0.009098 s

maxsize : 25
nodes : 2183857.000000
filtered : 8863000.000000
CCGP filtered : 13911218.000000
CCGT filtered : 9430299.000000
time : 85.437561
