Parameters: GAD=1 vflib=1 dir=0 label=1 lowerbound=1 fileNameGp=../graphsdb/mcs30/rand/r02/mcs30_r02_s90.A10 fileNameGt=../graphsdb/mcs30/rand/r02/mcs30_r02_s90.B10
Reading graphs...
90 :  1443
90 :  1421
Initializing...
maxdom : 10
D->valSize : 540
Solving...
currentSize : 1 <-- 0.009276 s
currentSize : 2 <-- 0.010722 s
currentSize : 4 <-- 0.014966 s
currentSize : 5 <-- 0.019914 s
currentSize : 6 <-- 0.118118 s
currentSize : 9 <-- 0.147524 s
currentSize : 11 <-- 0.181672 s
currentSize : 21 <-- 0.189133 s
currentSize : 23 <-- 0.212359 s

maxsize : 23
nodes : 36816.000000
filtered : 648016.000000
CCGP filtered : 74606.000000
CCGT filtered : 60432.000000
time : 2.452589
