Parameters: GAD=1 vflib=1 dir=0 label=1 lowerbound=1 fileNameGp=../graphsdb/mcs30/m2D/m2Dr4/mcs30_m2Dr4_s100.A36 fileNameGt=../graphsdb/mcs30/m2D/m2Dr4/mcs30_m2Dr4_s100.B36
Reading graphs...
100 :  218
100 :  218
Initializing...
maxdom : 7
D->valSize : 333
Solving...
currentSize : 1 <-- 0.003058 s
currentSize : 3 <-- 0.006629 s
currentSize : 11 <-- 0.007150 s
currentSize : 12 <-- 0.007387 s
currentSize : 13 <-- 0.007632 s
currentSize : 14 <-- 0.007935 s
currentSize : 15 <-- 0.008325 s
currentSize : 16 <-- 0.008595 s
currentSize : 24 <-- 0.008985 s

maxsize : 24
nodes : 1115249.000000
filtered : 3967242.000000
CCGP filtered : 8482235.000000
CCGT filtered : 6168124.000000
time : 70.743553
