Parameters: GAD=1 vflib=1 dir=0 label=1 lowerbound=1 fileNameGp=../graphsdb/mcs30/m3D/m3Dr4/mcs30_m3Dr4_s80.A29 fileNameGt=../graphsdb/mcs30/m3D/m3Dr4/mcs30_m3Dr4_s80.B29
Reading graphs...
80 :  214
80 :  215
Initializing...
maxdom : 10
D->valSize : 422
Solving...
currentSize : 1 <-- 0.006173 s
currentSize : 2 <-- 0.007494 s
currentSize : 3 <-- 0.008217 s
currentSize : 5 <-- 0.008476 s
currentSize : 7 <-- 0.008995 s
currentSize : 11 <-- 0.009755 s
currentSize : 12 <-- 0.009943 s
currentSize : 13 <-- 0.010142 s
currentSize : 16 <-- 0.010562 s
currentSize : 27 <-- 0.010895 s

maxsize : 27
nodes : 6683378.000000
filtered : 29395652.000000
CCGP filtered : 28164238.000000
CCGT filtered : 27232481.000000
time : 266.672760
