Parameters: GAD=1 vflib=1 dir=0 label=1 lowerbound=1 fileNameGp=../graphsdb/mcs30/m2D/m2Dr4/mcs30_m2Dr4_s70.A67 fileNameGt=../graphsdb/mcs30/m2D/m2Dr4/mcs30_m2Dr4_s70.B67
Reading graphs...
70 :  150
70 :  148
Initializing...
maxdom : 8
D->valSize : 316
Solving...
currentSize : 1 <-- 0.003891 s
currentSize : 3 <-- 0.004399 s
currentSize : 6 <-- 0.004657 s
currentSize : 7 <-- 0.004860 s
currentSize : 8 <-- 0.004956 s
currentSize : 10 <-- 0.005181 s
currentSize : 15 <-- 0.005469 s
currentSize : 20 <-- 0.005810 s
currentSize : 25 <-- 0.006114 s

maxsize : 25
nodes : 2696453.000000
filtered : 8732194.000000
CCGP filtered : 10011905.000000
CCGT filtered : 8039756.000000
time : 78.105461
