Parameters: GAD=1 vflib=1 dir=0 label=1 lowerbound=1 fileNameGp=../graphsdb/mcs30/m3D/m3D/mcs30_m3D_s80.A50 fileNameGt=../graphsdb/mcs30/m3D/m3D/mcs30_m3D_s80.B50
Reading graphs...
80 :  180
80 :  182
Initializing...
maxdom : 8
D->valSize : 404
Solving...
currentSize : 1 <-- 0.005820 s
currentSize : 2 <-- 0.006689 s
currentSize : 4 <-- 0.007691 s
currentSize : 5 <-- 0.007817 s
currentSize : 9 <-- 0.008307 s
currentSize : 10 <-- 0.008521 s
currentSize : 16 <-- 0.009187 s
currentSize : 19 <-- 0.009964 s
currentSize : 27 <-- 0.010473 s

maxsize : 27
nodes : 14792646.000000
filtered : 54503088.000000
CCGP filtered : 82080133.000000
CCGT filtered : 47885087.000000
time : 550.654785
