Parameters: GAD=1 vflib=1 dir=0 label=1 lowerbound=1 fileNameGp=../graphsdb/mcs30/m3D/m3Dr4/mcs30_m3Dr4_s100.A09 fileNameGt=../graphsdb/mcs30/m3D/m3Dr4/mcs30_m3Dr4_s100.B09
Reading graphs...
100 :  273
100 :  271
Initializing...
maxdom : 7
D->valSize : 328
Solving...
currentSize : 1 <-- 0.004869 s
currentSize : 6 <-- 0.006911 s
currentSize : 9 <-- 0.007587 s
currentSize : 10 <-- 0.008103 s
currentSize : 11 <-- 0.008354 s
currentSize : 12 <-- 0.008591 s
currentSize : 14 <-- 0.008844 s
currentSize : 15 <-- 0.009206 s
currentSize : 16 <-- 0.009861 s
currentSize : 17 <-- 0.010457 s
currentSize : 27 <-- 0.011089 s

maxsize : 27
nodes : 39599844.000000
filtered : 130593778.000000
CCGP filtered : 289969686.000000
CCGT filtered : 172143249.000000
time : 2335.832275
