Parameters: GAD=1 vflib=1 dir=0 label=1 lowerbound=1 fileNameGp=../graphsdb/mcs30/rand/r02/mcs30_r02_s60.A18 fileNameGt=../graphsdb/mcs30/rand/r02/mcs30_r02_s60.B18
Reading graphs...
60 :  621
60 :  627
Initializing...
maxdom : 10
D->valSize : 247
Solving...
currentSize : 1 <-- 0.003327 s
currentSize : 2 <-- 0.003795 s
currentSize : 3 <-- 0.003928 s
currentSize : 4 <-- 0.004019 s
currentSize : 10 <-- 0.007691 s
currentSize : 11 <-- 0.009027 s
currentSize : 12 <-- 0.016521 s
currentSize : 13 <-- 0.026493 s
currentSize : 14 <-- 0.033767 s

maxsize : 14
nodes : 4521.000000
filtered : 47018.000000
CCGP filtered : 13190.000000
CCGT filtered : 10672.000000
time : 0.150934
