Parameters: GAD=1 vflib=1 dir=0 label=1 lowerbound=1 fileNameGp=../graphsdb/mcs30/m3D/m3Dr2/mcs30_m3Dr2_s100.A25 fileNameGt=../graphsdb/mcs30/m3D/m3Dr2/mcs30_m3Dr2_s100.B25
Reading graphs...
100 :  254
100 :  251
Initializing...
maxdom : 9
D->valSize : 351
Solving...
currentSize : 1 <-- 0.005336 s
currentSize : 10 <-- 0.145927 s
currentSize : 14 <-- 0.146413 s
currentSize : 17 <-- 0.146686 s
currentSize : 18 <-- 0.147043 s
currentSize : 19 <-- 0.147258 s
currentSize : 21 <-- 0.147479 s
currentSize : 24 <-- 0.147775 s
currentSize : 27 <-- 0.147873 s

maxsize : 27
nodes : 20639719.000000
filtered : 68117836.000000
CCGP filtered : 99243851.000000
CCGT filtered : 70499110.000000
time : 1282.370361
