Parameters: GAD=1 vflib=1 dir=0 label=1 lowerbound=1 fileNameGp=../graphsdb/mcs30/m3D/m3D/mcs30_m3D_s100.A91 fileNameGt=../graphsdb/mcs30/m3D/m3D/mcs30_m3D_s100.B91
Reading graphs...
100 :  235
100 :  233
Initializing...
maxdom : 9
D->valSize : 337
Solving...
currentSize : 1 <-- 0.002951 s
currentSize : 2 <-- 0.003553 s
currentSize : 4 <-- 0.003994 s
currentSize : 8 <-- 0.004575 s
currentSize : 9 <-- 0.004708 s
currentSize : 10 <-- 0.005242 s
currentSize : 12 <-- 0.005599 s
currentSize : 19 <-- 0.006321 s
currentSize : 27 <-- 0.383141 s

maxsize : 27
nodes : 3752746.000000
filtered : 13335149.000000
CCGP filtered : 22461539.000000
CCGT filtered : 13199960.000000
time : 218.902817
