Parameters: GAD=1 vflib=1 dir=0 label=1 lowerbound=1 fileNameGp=../graphsdb/mcs30/m2D/m2Dr6/mcs30_m2Dr6_s100.A34 fileNameGt=../graphsdb/mcs30/m2D/m2Dr6/mcs30_m2Dr6_s100.B34
Reading graphs...
100 :  236
100 :  239
Initializing...
maxdom : 8
D->valSize : 364
Solving...
currentSize : 1 <-- 0.003552 s
currentSize : 5 <-- 0.003927 s
currentSize : 6 <-- 0.004031 s
currentSize : 7 <-- 0.004359 s
currentSize : 9 <-- 0.004577 s
currentSize : 10 <-- 0.004792 s
currentSize : 11 <-- 0.005507 s
currentSize : 12 <-- 0.005934 s
currentSize : 14 <-- 0.006379 s
currentSize : 15 <-- 0.006650 s
currentSize : 25 <-- 0.007480 s

maxsize : 25
nodes : 3618545.000000
filtered : 12510984.000000
CCGP filtered : 18787038.000000
CCGT filtered : 12767011.000000
time : 226.905853
