Parameters: GAD=1 vflib=1 dir=0 label=1 lowerbound=1 fileNameGp=../graphsdb/mcs30/m2D/m2Dr6/mcs30_m2Dr6_s100.A79 fileNameGt=../graphsdb/mcs30/m2D/m2Dr6/mcs30_m2Dr6_s100.B79
Reading graphs...
100 :  237
100 :  237
Initializing...
maxdom : 7
D->valSize : 355
Solving...
currentSize : 1 <-- 0.003503 s
currentSize : 4 <-- 0.004898 s
currentSize : 6 <-- 0.005163 s
currentSize : 11 <-- 0.005525 s
currentSize : 12 <-- 0.005800 s
currentSize : 15 <-- 0.006133 s
currentSize : 16 <-- 0.006508 s
currentSize : 20 <-- 0.006949 s
currentSize : 25 <-- 0.007262 s

maxsize : 25
nodes : 4216978.000000
filtered : 15520487.000000
CCGP filtered : 21232241.000000
CCGT filtered : 19911809.000000
time : 269.641693
