Parameters: GAD=1 vflib=1 dir=0 label=1 lowerbound=1 fileNameGp=../graphsdb/mcs30/rand/r02/mcs30_r02_s70.A75 fileNameGt=../graphsdb/mcs30/rand/r02/mcs30_r02_s70.B75
Reading graphs...
70 :  872
70 :  857
Initializing...
maxdom : 9
D->valSize : 332
Solving...
currentSize : 1 <-- 0.002669 s
currentSize : 2 <-- 0.003025 s
currentSize : 3 <-- 0.003185 s
currentSize : 4 <-- 0.003442 s
currentSize : 5 <-- 0.005509 s
currentSize : 7 <-- 0.009999 s
currentSize : 9 <-- 0.015973 s
currentSize : 12 <-- 0.023752 s
currentSize : 19 <-- 0.067629 s

maxsize : 19
nodes : 10261.000000
filtered : 136924.000000
CCGP filtered : 15823.000000
CCGT filtered : 16891.000000
time : 0.411981
