Parameters: GAD=1 vflib=1 dir=0 label=1 lowerbound=1 fileNameGp=../graphsdb/mcs30/bvg/b09/mcs30_b09_s100.A72 fileNameGt=../graphsdb/mcs30/bvg/b09/mcs30_b09_s100.B72
Reading graphs...
100 :  446
100 :  441
Initializing...
maxdom : 6
D->valSize : 321
Solving...
currentSize : 1 <-- 0.002970 s
currentSize : 7 <-- 0.003545 s
currentSize : 10 <-- 0.004389 s
currentSize : 11 <-- 0.004625 s
currentSize : 14 <-- 0.005028 s
currentSize : 15 <-- 0.005181 s
currentSize : 16 <-- 0.005412 s
currentSize : 17 <-- 0.005588 s
currentSize : 30 <-- 0.006101 s

maxsize : 30
nodes : 21608274.000000
filtered : 78098937.000000
CCGP filtered : 49215432.000000
CCGT filtered : 40437427.000000
time : 1356.186523
