Parameters: GAD=1 vflib=1 dir=0 label=1 lowerbound=1 fileNameGp=../graphsdb/mcs30/rand/r02/mcs30_r02_s80.A32 fileNameGt=../graphsdb/mcs30/rand/r02/mcs30_r02_s80.B32
Reading graphs...
80 :  1128
80 :  1124
Initializing...
maxdom : 8
D->valSize : 391
Solving...
currentSize : 1 <-- 0.005494 s
currentSize : 2 <-- 0.005711 s
currentSize : 3 <-- 0.006177 s
currentSize : 5 <-- 0.006271 s
currentSize : 9 <-- 0.046993 s
currentSize : 10 <-- 0.057110 s
currentSize : 13 <-- 0.065501 s
currentSize : 14 <-- 0.067510 s
currentSize : 19 <-- 0.097256 s
currentSize : 20 <-- 0.104909 s

maxsize : 20
nodes : 15164.000000
filtered : 236865.000000
CCGP filtered : 31249.000000
CCGT filtered : 33377.000000
time : 0.799609
