Parameters: GAD=1 vflib=1 dir=0 label=1 lowerbound=1 fileNameGp=../graphsdb/mcs30/rand/r02/mcs30_r02_s90.A05 fileNameGt=../graphsdb/mcs30/rand/r02/mcs30_r02_s90.B05
Reading graphs...
90 :  1424
90 :  1423
Initializing...
maxdom : 12
D->valSize : 543
Solving...
currentSize : 3 <-- 0.006373 s
currentSize : 4 <-- 0.006498 s
currentSize : 5 <-- 0.009653 s
currentSize : 6 <-- 0.013805 s
currentSize : 7 <-- 0.046795 s
currentSize : 9 <-- 0.143341 s
currentSize : 11 <-- 0.189095 s
currentSize : 15 <-- 0.358748 s
currentSize : 22 <-- 0.565048 s
currentSize : 23 <-- 0.568411 s

maxsize : 23
nodes : 44237.000000
filtered : 660077.000000
CCGP filtered : 86105.000000
CCGT filtered : 76907.000000
time : 2.766337
