Parameters: GAD=1 vflib=1 dir=0 label=1 lowerbound=1 fileNameGp=../graphsdb/mcs30/m2D/m2Dr6/mcs30_m2Dr6_s80.A26 fileNameGt=../graphsdb/mcs30/m2D/m2Dr6/mcs30_m2Dr6_s80.B26
Reading graphs...
80 :  187
80 :  185
Initializing...
maxdom : 12
D->valSize : 411
Solving...
currentSize : 1 <-- 0.003882 s
currentSize : 7 <-- 0.004220 s
currentSize : 9 <-- 0.004436 s
currentSize : 11 <-- 0.004513 s
currentSize : 12 <-- 0.004637 s
currentSize : 14 <-- 0.017864 s
currentSize : 15 <-- 0.018248 s
currentSize : 16 <-- 0.018480 s
currentSize : 18 <-- 0.018762 s
currentSize : 24 <-- 0.018909 s

maxsize : 24
nodes : 5486662.000000
filtered : 23437202.000000
CCGP filtered : 35859487.000000
CCGT filtered : 25496610.000000
time : 200.222855
