Parameters: GAD=1 vflib=1 dir=0 label=1 lowerbound=1 fileNameGp=../graphsdb/mcs30/rand/r02/mcs30_r02_s90.A61 fileNameGt=../graphsdb/mcs30/rand/r02/mcs30_r02_s90.B61
Reading graphs...
90 :  1411
90 :  1434
Initializing...
maxdom : 10
D->valSize : 530
Solving...
currentSize : 3 <-- 0.012136 s
currentSize : 4 <-- 0.012725 s
currentSize : 5 <-- 0.014600 s
currentSize : 6 <-- 0.016595 s
currentSize : 10 <-- 0.131806 s
currentSize : 12 <-- 0.667752 s
currentSize : 14 <-- 1.087069 s
currentSize : 15 <-- 1.170676 s
currentSize : 21 <-- 1.378515 s

maxsize : 21
nodes : 75896.000000
filtered : 934434.000000
CCGP filtered : 112568.000000
CCGT filtered : 138947.000000
time : 4.865698
