Parameters: GAD=1 vflib=1 dir=0 label=1 lowerbound=1 fileNameGp=../graphsdb/mcs30/m2D/m2Dr6/mcs30_m2Dr6_s90.A94 fileNameGt=../graphsdb/mcs30/m2D/m2Dr6/mcs30_m2Dr6_s90.B94
Reading graphs...
90 :  214
90 :  213
Initializing...
maxdom : 9
D->valSize : 543
Solving...
currentSize : 1 <-- 0.010124 s
currentSize : 9 <-- 0.011041 s
currentSize : 10 <-- 0.011235 s
currentSize : 11 <-- 0.011568 s
currentSize : 12 <-- 0.011966 s
currentSize : 14 <-- 0.012553 s
currentSize : 18 <-- 0.013622 s
currentSize : 21 <-- 0.014098 s
currentSize : 25 <-- 0.014741 s

maxsize : 25
nodes : 12522395.000000
filtered : 60158890.000000
CCGP filtered : 85162222.000000
CCGT filtered : 117279932.000000
time : 652.863159
