Parameters: GAD=1 vflib=1 dir=0 label=1 lowerbound=1 fileNameGp=../graphsdb/mcs30/m2D/m2Dr2/mcs30_m2Dr2_s80.A40 fileNameGt=../graphsdb/mcs30/m2D/m2Dr2/mcs30_m2Dr2_s80.B40
Reading graphs...
80 :  156
80 :  156
Initializing...
maxdom : 9
D->valSize : 398
Solving...
currentSize : 1 <-- 0.006430 s
currentSize : 5 <-- 0.007802 s
currentSize : 7 <-- 0.008595 s
currentSize : 9 <-- 0.008974 s
currentSize : 10 <-- 0.009151 s
currentSize : 12 <-- 0.009667 s
currentSize : 15 <-- 0.009790 s
currentSize : 21 <-- 0.009906 s
currentSize : 25 <-- 1.106685 s

maxsize : 25
nodes : 1250824.000000
filtered : 4148803.000000
CCGP filtered : 10068080.000000
CCGT filtered : 4662366.000000
time : 48.667027
