Parameters: GAD=1 vflib=1 dir=0 label=1 lowerbound=1 fileNameGp=../graphsdb/mcs30/rand/r01/mcs30_r01_s80.A81 fileNameGt=../graphsdb/mcs30/rand/r01/mcs30_r01_s80.B81
Reading graphs...
80 :  594
80 :  590
Initializing...
maxdom : 12
D->valSize : 440
Solving...
currentSize : 2 <-- 0.007156 s
currentSize : 3 <-- 0.010229 s
currentSize : 4 <-- 0.018401 s
currentSize : 5 <-- 0.019070 s
currentSize : 6 <-- 0.023253 s
currentSize : 10 <-- 0.026692 s
currentSize : 12 <-- 0.026885 s
currentSize : 13 <-- 0.033449 s
currentSize : 16 <-- 0.049746 s
currentSize : 17 <-- 0.078142 s
currentSize : 19 <-- 0.309804 s
currentSize : 21 <-- 0.320804 s
currentSize : 23 <-- 0.474167 s

maxsize : 23
nodes : 269879.000000
filtered : 2134831.000000
CCGP filtered : 596761.000000
CCGT filtered : 404569.000000
time : 10.607110
