Parameters: GAD=1 vflib=1 dir=0 label=1 lowerbound=1 fileNameGp=../graphsdb/mcs30/m2D/m2Dr2/mcs30_m2Dr2_s100.A84 fileNameGt=../graphsdb/mcs30/m2D/m2Dr2/mcs30_m2Dr2_s100.B84
Reading graphs...
100 :  199
100 :  196
Initializing...
maxdom : 8
D->valSize : 346
Solving...
currentSize : 1 <-- 0.005159 s
currentSize : 2 <-- 0.008683 s
currentSize : 5 <-- 0.009099 s
currentSize : 9 <-- 0.010621 s
currentSize : 11 <-- 0.011284 s
currentSize : 12 <-- 0.012006 s
currentSize : 14 <-- 0.012488 s
currentSize : 15 <-- 0.012854 s
currentSize : 25 <-- 0.013518 s

maxsize : 25
nodes : 594603.000000
filtered : 2003865.000000
CCGP filtered : 5063627.000000
CCGT filtered : 2797529.000000
time : 39.522282
