Parameters: GAD=1 vflib=1 dir=0 label=1 lowerbound=1 fileNameGp=../graphsdb/mcs30/bvg/b09m/mcs30_b09m_s100.A74 fileNameGt=../graphsdb/mcs30/bvg/b09m/mcs30_b09m_s100.B74
Reading graphs...
100 :  438
100 :  439
Initializing...
maxdom : 7
D->valSize : 326
Solving...
currentSize : 1 <-- 0.003130 s
currentSize : 8 <-- 0.003972 s
currentSize : 10 <-- 0.004322 s
currentSize : 13 <-- 0.005185 s
currentSize : 14 <-- 0.005420 s
currentSize : 18 <-- 0.005804 s
currentSize : 19 <-- 0.005906 s
currentSize : 21 <-- 0.206531 s
currentSize : 26 <-- 0.206716 s
currentSize : 27 <-- 0.206803 s

TIMEOUT
maxsize : 27
nodes : 53426853.000000
filtered : 151314394.000000
CCGP filtered : 346364992.000000
CCGT filtered : 106977145.000000
time : 3600.000000
