Parameters: GAD=1 vflib=1 dir=0 label=1 lowerbound=1 fileNameGp=../graphsdb/mcs30/bvg/b03m/mcs30_b03m_s100.A76 fileNameGt=../graphsdb/mcs30/bvg/b03m/mcs30_b03m_s100.B76
Reading graphs...
100 :  150
100 :  150
Initializing...
maxdom : 6
D->valSize : 341
Solving...
currentSize : 5 <-- 0.005241 s
currentSize : 7 <-- 0.005464 s
currentSize : 8 <-- 0.005754 s
currentSize : 10 <-- 0.006155 s
currentSize : 11 <-- 0.006628 s
currentSize : 16 <-- 0.007562 s
currentSize : 17 <-- 0.007913 s
currentSize : 18 <-- 0.008164 s
currentSize : 20 <-- 0.008642 s
currentSize : 30 <-- 0.009159 s

maxsize : 30
nodes : 728293.000000
filtered : 2335265.000000
CCGP filtered : 5632694.000000
CCGT filtered : 2026943.000000
time : 42.990715
