Parameters: GAD=1 vflib=1 dir=0 label=1 lowerbound=1 fileNameGp=../graphsdb/mcs30/m4D/m4Dr4/mcs30_m4Dr4_s70.A51 fileNameGt=../graphsdb/mcs30/m4D/m4Dr4/mcs30_m4Dr4_s70.B51
Reading graphs...
70 :  145
70 :  144
Initializing...
maxdom : 8
D->valSize : 311
Solving...
currentSize : 1 <-- 0.002321 s
currentSize : 2 <-- 0.002976 s
currentSize : 6 <-- 0.006098 s
currentSize : 8 <-- 0.006343 s
currentSize : 9 <-- 0.006426 s
currentSize : 11 <-- 0.006592 s
currentSize : 12 <-- 0.006697 s
currentSize : 14 <-- 0.006831 s
currentSize : 16 <-- 0.006880 s

maxsize : 16
nodes : 49511.000000
filtered : 172777.000000
CCGP filtered : 166620.000000
CCGT filtered : 198243.000000
time : 1.569072
