Parameters: GAD=1 vflib=1 dir=0 label=1 lowerbound=1 fileNameGp=../graphsdb/mcs30/bvg/b03/mcs30_b03_s100.A07 fileNameGt=../graphsdb/mcs30/bvg/b03/mcs30_b03_s100.B07
Reading graphs...
100 :  150
100 :  149
Initializing...
maxdom : 8
D->valSize : 366
Solving...
currentSize : 1 <-- 0.003317 s
currentSize : 4 <-- 0.004435 s
currentSize : 5 <-- 0.004542 s
currentSize : 6 <-- 0.004828 s
currentSize : 11 <-- 0.005229 s
currentSize : 14 <-- 0.005472 s
currentSize : 16 <-- 0.005726 s
currentSize : 20 <-- 0.006450 s
currentSize : 30 <-- 0.006807 s

maxsize : 30
nodes : 369843.000000
filtered : 1082499.000000
CCGP filtered : 1483716.000000
CCGT filtered : 1141226.000000
time : 19.442945
