Parameters: GAD=1 vflib=1 dir=0 label=1 lowerbound=1 fileNameGp=../graphsdb/mcs30/bvg/b03m/mcs30_b03m_s80.A13 fileNameGt=../graphsdb/mcs30/bvg/b03m/mcs30_b03m_s80.B13
Reading graphs...
80 :  119
80 :  119
Initializing...
maxdom : 7
D->valSize : 431
Solving...
currentSize : 1 <-- 0.003858 s
currentSize : 5 <-- 0.006206 s
currentSize : 9 <-- 0.006375 s
currentSize : 10 <-- 0.006463 s
currentSize : 11 <-- 0.006558 s
currentSize : 12 <-- 0.006801 s
currentSize : 15 <-- 0.007042 s
currentSize : 17 <-- 0.007278 s
currentSize : 24 <-- 0.007390 s

maxsize : 24
nodes : 245227.000000
filtered : 815485.000000
CCGP filtered : 1539541.000000
CCGT filtered : 996830.000000
time : 9.764384
