Parameters: GAD=1 vflib=1 dir=0 label=1 lowerbound=1 fileNameGp=../graphsdb/mcs30/rand/r02/mcs30_r02_s80.A99 fileNameGt=../graphsdb/mcs30/rand/r02/mcs30_r02_s80.B99
Reading graphs...
80 :  1124
80 :  1114
Initializing...
maxdom : 8
D->valSize : 430
Solving...
currentSize : 1 <-- 0.044053 s
currentSize : 2 <-- 0.052026 s
currentSize : 3 <-- 0.053779 s
currentSize : 4 <-- 0.054457 s
currentSize : 5 <-- 0.055518 s
currentSize : 9 <-- 0.104480 s
currentSize : 11 <-- 0.105005 s
currentSize : 13 <-- 0.106173 s
currentSize : 15 <-- 0.153863 s
currentSize : 16 <-- 0.196118 s
currentSize : 17 <-- 0.199937 s
currentSize : 19 <-- 0.290877 s
currentSize : 20 <-- 0.295207 s

maxsize : 20
nodes : 23767.000000
filtered : 309246.000000
CCGP filtered : 50201.000000
CCGT filtered : 40878.000000
time : 1.240797
