Parameters: GAD=1 vflib=1 dir=0 label=1 lowerbound=1 fileNameGp=../graphsdb/mcs30/rand/r02/mcs30_r02_s50.A83 fileNameGt=../graphsdb/mcs30/rand/r02/mcs30_r02_s50.B83
Reading graphs...
50 :  434
50 :  449
Initializing...
maxdom : 9
D->valSize : 324
Solving...
currentSize : 2 <-- 0.003357 s
currentSize : 3 <-- 0.003858 s
currentSize : 4 <-- 0.004520 s
currentSize : 5 <-- 0.008927 s
currentSize : 7 <-- 0.010886 s
currentSize : 9 <-- 0.037079 s
currentSize : 10 <-- 0.062336 s
currentSize : 11 <-- 0.067946 s
currentSize : 13 <-- 0.143459 s

maxsize : 13
nodes : 10583.000000
filtered : 149898.000000
CCGP filtered : 38027.000000
CCGT filtered : 26542.000000
time : 0.269708
