Parameters: GAD=1 vflib=1 dir=0 label=1 lowerbound=1 fileNameGp=../graphsdb/mcs30/rand/r01/mcs30_r01_s90.A04 fileNameGt=../graphsdb/mcs30/rand/r01/mcs30_r01_s90.B04
Reading graphs...
90 :  761
90 :  754
Initializing...
maxdom : 9
D->valSize : 534
Solving...
currentSize : 1 <-- 0.005504 s
currentSize : 3 <-- 0.011172 s
currentSize : 4 <-- 0.011541 s
currentSize : 5 <-- 0.023535 s
currentSize : 6 <-- 0.025756 s
currentSize : 7 <-- 3.151597 s
currentSize : 8 <-- 3.157798 s
currentSize : 13 <-- 3.404386 s
currentSize : 25 <-- 3.404788 s

maxsize : 25
nodes : 1446022.000000
filtered : 10885799.000000
CCGP filtered : 2114127.000000
CCGT filtered : 1634601.000000
time : 76.972717
