Parameters: GAD=1 vflib=1 dir=0 label=1 lowerbound=1 fileNameGp=../graphsdb/mcs30/m3D/m3Dr6/mcs30_m3Dr6_s100.A29 fileNameGt=../graphsdb/mcs30/m3D/m3Dr6/mcs30_m3Dr6_s100.B29
Reading graphs...
100 :  290
100 :  294
Initializing...
maxdom : 7
D->valSize : 354
Solving...
currentSize : 1 <-- 0.003168 s
currentSize : 2 <-- 0.004050 s
currentSize : 6 <-- 0.005151 s
currentSize : 14 <-- 0.006482 s
currentSize : 15 <-- 0.006628 s
currentSize : 16 <-- 0.007050 s
currentSize : 17 <-- 0.007195 s
currentSize : 18 <-- 0.007390 s
currentSize : 19 <-- 0.007588 s
currentSize : 27 <-- 0.007892 s

maxsize : 27
nodes : 33775129.000000
filtered : 122060527.000000
CCGP filtered : 211060136.000000
CCGT filtered : 126052421.000000
time : 1857.485107
