Parameters: GAD=1 vflib=1 dir=0 label=1 lowerbound=1 fileNameGp=../graphsdb/mcs30/m3D/m3Dr2/mcs30_m3Dr2_s90.A74 fileNameGt=../graphsdb/mcs30/m3D/m3Dr2/mcs30_m3Dr2_s90.B74
Reading graphs...
90 :  226
90 :  225
Initializing...
maxdom : 10
D->valSize : 506
Solving...
currentSize : 1 <-- 0.005458 s
currentSize : 13 <-- 0.007261 s
currentSize : 14 <-- 0.007526 s
currentSize : 15 <-- 0.007647 s
currentSize : 18 <-- 0.007939 s
currentSize : 19 <-- 0.008668 s
currentSize : 22 <-- 0.008907 s
currentSize : 25 <-- 0.009392 s
currentSize : 27 <-- 0.009455 s

maxsize : 27
nodes : 51530446.000000
filtered : 243474972.000000
CCGP filtered : 348632562.000000
CCGT filtered : 210922895.000000
time : 2342.320557
