Parameters: GAD=1 vflib=1 dir=0 label=1 lowerbound=1 fileNameGp=../graphsdb/mcs30/rand/r001/mcs30_r001_s100.A16 fileNameGt=../graphsdb/mcs30/rand/r001/mcs30_r001_s100.B16
Reading graphs...
100 :  120
100 :  120
Initializing...
maxdom : 9
D->valSize : 357
Solving...
currentSize : 1 <-- 0.005210 s
currentSize : 7 <-- 0.006037 s
currentSize : 9 <-- 0.006269 s
currentSize : 11 <-- 0.006918 s
currentSize : 13 <-- 0.007184 s
currentSize : 15 <-- 0.007951 s
currentSize : 18 <-- 0.008784 s
currentSize : 19 <-- 0.009009 s
currentSize : 30 <-- 0.010021 s

maxsize : 30
nodes : 39587.000000
filtered : 133146.000000
CCGP filtered : 427255.000000
CCGT filtered : 270170.000000
time : 2.813311
