Parameters: GAD=1 vflib=1 dir=0 label=1 lowerbound=1 fileNameGp=../graphsdb/mcs30/m2D/m2Dr2/mcs30_m2Dr2_s100.A14 fileNameGt=../graphsdb/mcs30/m2D/m2Dr2/mcs30_m2Dr2_s100.B14
Reading graphs...
100 :  198
100 :  199
Initializing...
maxdom : 8
D->valSize : 345
Solving...
currentSize : 1 <-- 0.003281 s
currentSize : 2 <-- 0.004642 s
currentSize : 6 <-- 0.005235 s
currentSize : 8 <-- 0.005524 s
currentSize : 9 <-- 0.005647 s
currentSize : 10 <-- 0.005943 s
currentSize : 13 <-- 0.006463 s
currentSize : 19 <-- 0.007102 s
currentSize : 25 <-- 0.007361 s

maxsize : 25
nodes : 1155000.000000
filtered : 3370623.000000
CCGP filtered : 5949545.000000
CCGT filtered : 3905935.000000
time : 77.388855
