Parameters: GAD=1 vflib=1 dir=0 label=1 lowerbound=1 fileNameGp=../graphsdb/mcs30/m3D/m3Dr4/mcs30_m3Dr4_s100.A66 fileNameGt=../graphsdb/mcs30/m3D/m3Dr4/mcs30_m3Dr4_s100.B66
Reading graphs...
100 :  272
100 :  274
Initializing...
maxdom : 8
D->valSize : 345
Solving...
currentSize : 1 <-- 0.003338 s
currentSize : 3 <-- 0.004085 s
currentSize : 6 <-- 0.007664 s
currentSize : 9 <-- 0.007964 s
currentSize : 11 <-- 0.008229 s
currentSize : 12 <-- 0.008582 s
currentSize : 15 <-- 0.009069 s
currentSize : 16 <-- 0.009229 s
currentSize : 26 <-- 0.009657 s
currentSize : 27 <-- 0.059342 s

maxsize : 27
nodes : 6796304.000000
filtered : 24318890.000000
CCGP filtered : 31170179.000000
CCGT filtered : 21979253.000000
time : 393.350281
