Parameters: GAD=1 vflib=1 dir=0 label=1 lowerbound=1 fileNameGp=../graphsdb/mcs30/m2D/m2Dr6/mcs30_m2Dr6_s100.A21 fileNameGt=../graphsdb/mcs30/m2D/m2Dr6/mcs30_m2Dr6_s100.B21
Reading graphs...
100 :  235
100 :  238
Initializing...
maxdom : 8
D->valSize : 335
Solving...
currentSize : 1 <-- 0.003426 s
currentSize : 3 <-- 0.003832 s
currentSize : 4 <-- 0.004054 s
currentSize : 6 <-- 0.004211 s
currentSize : 9 <-- 0.004510 s
currentSize : 10 <-- 0.004736 s
currentSize : 11 <-- 0.005079 s
currentSize : 13 <-- 0.005604 s
currentSize : 15 <-- 0.005873 s
currentSize : 17 <-- 0.006163 s
currentSize : 25 <-- 0.006415 s

maxsize : 25
nodes : 2741731.000000
filtered : 9562938.000000
CCGP filtered : 21807560.000000
CCGT filtered : 11201679.000000
time : 167.473801
