Parameters: GAD=1 vflib=1 dir=0 label=1 lowerbound=1 fileNameGp=../graphsdb/mcs30/rand/r02/mcs30_r02_s70.A55 fileNameGt=../graphsdb/mcs30/rand/r02/mcs30_r02_s70.B55
Reading graphs...
70 :  870
70 :  873
Initializing...
maxdom : 8
D->valSize : 337
Solving...
currentSize : 1 <-- 0.002684 s
currentSize : 2 <-- 0.002976 s
currentSize : 3 <-- 0.003642 s
currentSize : 4 <-- 0.004180 s
currentSize : 5 <-- 0.004903 s
currentSize : 8 <-- 0.005888 s
currentSize : 12 <-- 0.008704 s
currentSize : 15 <-- 0.046643 s
currentSize : 18 <-- 0.050814 s

maxsize : 18
nodes : 9939.000000
filtered : 139058.000000
CCGP filtered : 22969.000000
CCGT filtered : 18252.000000
time : 0.414201
