Parameters: GAD=1 vflib=1 dir=0 label=1 lowerbound=1 fileNameGp=../graphsdb/mcs30/m4D/m4Dr2/mcs30_m4Dr2_s60.A45 fileNameGt=../graphsdb/mcs30/m4D/m4Dr2/mcs30_m4Dr2_s60.B45
Reading graphs...
60 :  114
60 :  112
Initializing...
maxdom : 6
D->valSize : 241
Solving...
currentSize : 1 <-- 0.002408 s
currentSize : 2 <-- 0.004004 s
currentSize : 3 <-- 0.004299 s
currentSize : 6 <-- 0.005199 s
currentSize : 7 <-- 0.005407 s
currentSize : 8 <-- 0.005666 s
currentSize : 10 <-- 0.005817 s
currentSize : 11 <-- 0.005957 s
currentSize : 12 <-- 0.006055 s
currentSize : 16 <-- 0.006273 s

maxsize : 16
nodes : 11352.000000
filtered : 31855.000000
CCGP filtered : 45766.000000
CCGT filtered : 35878.000000
time : 0.344251
