Parameters: GAD=1 vflib=1 dir=0 label=1 lowerbound=1 fileNameGp=../graphsdb/mcs30/m3D/m3Dr6/mcs30_m3Dr6_s80.A19 fileNameGt=../graphsdb/mcs30/m3D/m3Dr6/mcs30_m3Dr6_s80.B19
Reading graphs...
80 :  228
80 :  227
Initializing...
maxdom : 9
D->valSize : 418
Solving...
currentSize : 1 <-- 0.006237 s
currentSize : 2 <-- 0.006926 s
currentSize : 5 <-- 0.007647 s
currentSize : 10 <-- 0.008360 s
currentSize : 12 <-- 0.008602 s
currentSize : 13 <-- 0.009139 s
currentSize : 14 <-- 0.009352 s
currentSize : 16 <-- 0.010097 s
currentSize : 19 <-- 0.010427 s
currentSize : 26 <-- 0.010711 s

maxsize : 26
nodes : 18558299.000000
filtered : 70813295.000000
CCGP filtered : 130603427.000000
CCGT filtered : 71810912.000000
time : 734.743103
