Parameters: GAD=1 vflib=1 dir=0 label=1 lowerbound=1 fileNameGp=../graphsdb/mcs30/bvg/b09m/mcs30_b09m_s70.A92 fileNameGt=../graphsdb/mcs30/bvg/b09m/mcs30_b09m_s70.B92
Reading graphs...
70 :  303
70 :  300
Initializing...
maxdom : 8
D->valSize : 313
Solving...
currentSize : 1 <-- 0.002434 s
currentSize : 7 <-- 0.002862 s
currentSize : 9 <-- 0.003000 s
currentSize : 10 <-- 0.003125 s
currentSize : 11 <-- 0.003388 s
currentSize : 12 <-- 0.003653 s
currentSize : 13 <-- 0.003997 s
currentSize : 16 <-- 0.004091 s
currentSize : 17 <-- 0.153142 s

maxsize : 17
nodes : 768519.000000
filtered : 3537885.000000
CCGP filtered : 4302199.000000
CCGT filtered : 3162813.000000
time : 26.453796
