Parameters: GAD=1 vflib=1 dir=0 label=1 lowerbound=1 fileNameGp=../graphsdb/mcs30/m4D/m4Dr6/mcs30_m4Dr6_s80.A53 fileNameGt=../graphsdb/mcs30/m4D/m4Dr6/mcs30_m4Dr6_s80.B53
Reading graphs...
80 :  174
80 :  173
Initializing...
maxdom : 8
D->valSize : 424
Solving...
currentSize : 1 <-- 0.003795 s
currentSize : 2 <-- 0.006838 s
currentSize : 4 <-- 0.007204 s
currentSize : 7 <-- 0.007400 s
currentSize : 8 <-- 0.007861 s
currentSize : 9 <-- 0.008124 s
currentSize : 10 <-- 0.008287 s
currentSize : 14 <-- 0.008498 s
currentSize : 15 <-- 0.065990 s

maxsize : 15
nodes : 36171.000000
filtered : 196381.000000
CCGP filtered : 310145.000000
CCGT filtered : 408268.000000
time : 1.639130
