Parameters: GAD=1 vflib=1 dir=0 label=1 lowerbound=1 fileNameGp=../graphsdb/mcs30/bvg/b09m/mcs30_b09m_s70.A60 fileNameGt=../graphsdb/mcs30/bvg/b09m/mcs30_b09m_s70.B60
Reading graphs...
70 :  303
70 :  304
Initializing...
maxdom : 8
D->valSize : 307
Solving...
currentSize : 1 <-- 0.429805 s
currentSize : 2 <-- 0.431675 s
currentSize : 3 <-- 0.432474 s
currentSize : 7 <-- 0.433088 s
currentSize : 9 <-- 0.433296 s
currentSize : 10 <-- 0.433458 s
currentSize : 13 <-- 0.433798 s
currentSize : 18 <-- 0.433992 s
currentSize : 19 <-- 0.463438 s

maxsize : 19
nodes : 607040.000000
filtered : 2638429.000000
CCGP filtered : 1555392.000000
CCGT filtered : 1557837.000000
time : 20.001972
