Parameters: GAD=1 vflib=1 dir=0 label=1 lowerbound=1 fileNameGp=../graphsdb/mcs30/m2D/m2D/mcs30_m2D_s100.A26 fileNameGt=../graphsdb/mcs30/m2D/m2D/mcs30_m2D_s100.B26
Reading graphs...
100 :  180
100 :  179
Initializing...
maxdom : 7
D->valSize : 349
Solving...
currentSize : 1 <-- 0.005640 s
currentSize : 4 <-- 0.006049 s
currentSize : 8 <-- 0.006565 s
currentSize : 11 <-- 0.007821 s
currentSize : 12 <-- 0.008406 s
currentSize : 13 <-- 0.008807 s
currentSize : 14 <-- 0.009424 s
currentSize : 16 <-- 0.009721 s
currentSize : 25 <-- 0.010318 s

maxsize : 25
nodes : 693185.000000
filtered : 2049212.000000
CCGP filtered : 3256633.000000
CCGT filtered : 3262233.000000
time : 45.261787
