Parameters: GAD=1 vflib=1 dir=0 label=1 lowerbound=1 fileNameGp=../graphsdb/mcs30/rand/r02/mcs30_r02_s60.A55 fileNameGt=../graphsdb/mcs30/rand/r02/mcs30_r02_s60.B55
Reading graphs...
60 :  627
60 :  635
Initializing...
maxdom : 8
D->valSize : 234
Solving...
currentSize : 1 <-- 0.001575 s
currentSize : 2 <-- 0.002494 s
currentSize : 3 <-- 0.003846 s
currentSize : 4 <-- 0.004088 s
currentSize : 5 <-- 0.004200 s
currentSize : 6 <-- 0.006210 s
currentSize : 8 <-- 0.007206 s
currentSize : 10 <-- 0.010443 s
currentSize : 11 <-- 0.029790 s
currentSize : 13 <-- 0.047420 s
currentSize : 15 <-- 0.065161 s

maxsize : 15
nodes : 3474.000000
filtered : 44519.000000
CCGP filtered : 10150.000000
CCGT filtered : 10143.000000
time : 0.108284
