Parameters: GAD=1 vflib=1 dir=0 label=1 lowerbound=1 fileNameGp=../graphsdb/mcs30/rand/r02/mcs30_r02_s90.A20 fileNameGt=../graphsdb/mcs30/rand/r02/mcs30_r02_s90.B20
Reading graphs...
90 :  1429
90 :  1415
Initializing...
maxdom : 13
D->valSize : 562
Solving...
currentSize : 3 <-- 0.007176 s
currentSize : 4 <-- 0.007951 s
currentSize : 5 <-- 0.025549 s
currentSize : 8 <-- 0.029488 s
currentSize : 10 <-- 0.209927 s
currentSize : 11 <-- 0.307245 s
currentSize : 14 <-- 0.307584 s
currentSize : 15 <-- 0.500524 s
currentSize : 16 <-- 0.720605 s
currentSize : 21 <-- 0.867062 s

maxsize : 21
nodes : 56216.000000
filtered : 704315.000000
CCGP filtered : 100072.000000
CCGT filtered : 92348.000000
time : 3.444728
