Parameters: GAD=1 vflib=1 dir=0 label=1 lowerbound=1 fileNameGp=../graphsdb/mcs30/rand/r01/mcs30_r01_s50.A12 fileNameGt=../graphsdb/mcs30/rand/r01/mcs30_r01_s50.B12
Reading graphs...
50 :  232
50 :  238
Initializing...
maxdom : 8
D->valSize : 314
Solving...
currentSize : 2 <-- 0.002031 s
currentSize : 3 <-- 0.002397 s
currentSize : 4 <-- 0.003018 s
currentSize : 6 <-- 0.003125 s
currentSize : 8 <-- 0.004962 s
currentSize : 10 <-- 0.013663 s
currentSize : 12 <-- 0.017294 s
currentSize : 13 <-- 0.018579 s
currentSize : 15 <-- 0.063167 s

maxsize : 15
nodes : 14539.000000
filtered : 122409.000000
CCGP filtered : 77132.000000
CCGT filtered : 71552.000000
time : 0.301167
