Parameters: GAD=1 vflib=1 dir=0 label=1 lowerbound=1 fileNameGp=../graphsdb/mcs30/bvg/b06m/mcs30_b06m_s90.A18 fileNameGt=../graphsdb/mcs30/bvg/b06m/mcs30_b06m_s90.B18
Reading graphs...
90 :  267
90 :  269
Initializing...
maxdom : 10
D->valSize : 533
Solving...
currentSize : 1 <-- 0.005701 s
currentSize : 2 <-- 0.005959 s
currentSize : 3 <-- 0.006395 s
currentSize : 16 <-- 0.008331 s
currentSize : 18 <-- 0.008782 s
currentSize : 19 <-- 0.009219 s
currentSize : 20 <-- 0.009565 s
currentSize : 22 <-- 0.009732 s
currentSize : 23 <-- 0.009895 s
currentSize : 26 <-- 0.009977 s

TIMEOUT
maxsize : 26
nodes : 70012607.000000
filtered : 371006839.000000
CCGP filtered : 852863556.000000
CCGT filtered : 421884162.000000
time : 3600.000000
