Parameters: GAD=1 vflib=1 dir=0 label=1 lowerbound=1 fileNameGp=../graphsdb/mcs30/bvg/b03/mcs30_b03_s100.A20 fileNameGt=../graphsdb/mcs30/bvg/b03/mcs30_b03_s100.B20
Reading graphs...
100 :  150
100 :  148
Initializing...
maxdom : 8
D->valSize : 334
Solving...
currentSize : 1 <-- 0.002917 s
currentSize : 2 <-- 0.003476 s
currentSize : 5 <-- 0.003671 s
currentSize : 6 <-- 0.003987 s
currentSize : 7 <-- 0.004185 s
currentSize : 10 <-- 0.004401 s
currentSize : 15 <-- 0.004928 s
currentSize : 17 <-- 0.005323 s
currentSize : 19 <-- 0.006049 s
currentSize : 28 <-- 0.006414 s
currentSize : 30 <-- 1.098600 s

maxsize : 30
nodes : 622209.000000
filtered : 1825910.000000
CCGP filtered : 2311535.000000
CCGT filtered : 2240051.000000
time : 35.287895
