Parameters: GAD=1 vflib=1 dir=0 label=1 lowerbound=1 fileNameGp=../graphsdb/mcs30/m3D/m3D/mcs30_m3D_s90.A77 fileNameGt=../graphsdb/mcs30/m3D/m3D/mcs30_m3D_s90.B77
Reading graphs...
90 :  206
90 :  209
Initializing...
maxdom : 10
D->valSize : 517
Solving...
currentSize : 1 <-- 0.009132 s
currentSize : 3 <-- 0.009537 s
currentSize : 9 <-- 0.010752 s
currentSize : 10 <-- 0.011066 s
currentSize : 11 <-- 0.011493 s
currentSize : 12 <-- 0.011772 s
currentSize : 14 <-- 0.012318 s
currentSize : 19 <-- 0.013240 s
currentSize : 21 <-- 0.013547 s
currentSize : 27 <-- 0.013905 s

maxsize : 27
nodes : 15577741.000000
filtered : 69889158.000000
CCGP filtered : 121701400.000000
CCGT filtered : 88578603.000000
time : 727.284790
