Parameters: GAD=1 vflib=1 dir=0 label=1 lowerbound=1 fileNameGp=../graphsdb/mcs30/rand/r02/mcs30_r02_s90.A68 fileNameGt=../graphsdb/mcs30/rand/r02/mcs30_r02_s90.B68
Reading graphs...
90 :  1443
90 :  1448
Initializing...
maxdom : 11
D->valSize : 613
Solving...
currentSize : 2 <-- 0.015031 s
currentSize : 3 <-- 0.015370 s
currentSize : 4 <-- 0.016821 s
currentSize : 5 <-- 0.020644 s
currentSize : 6 <-- 0.085158 s
currentSize : 8 <-- 0.094967 s
currentSize : 9 <-- 0.104576 s
currentSize : 10 <-- 0.108573 s
currentSize : 11 <-- 0.150372 s
currentSize : 13 <-- 0.464365 s
currentSize : 15 <-- 0.746522 s
currentSize : 20 <-- 0.748637 s
currentSize : 21 <-- 0.750655 s

maxsize : 21
nodes : 71064.000000
filtered : 1062333.000000
CCGP filtered : 133129.000000
CCGT filtered : 113421.000000
time : 4.385422
