Parameters: GAD=1 vflib=1 dir=0 label=1 lowerbound=1 fileNameGp=../graphsdb/mcs30/m3D/m3Dr6/mcs30_m3Dr6_s90.A87 fileNameGt=../graphsdb/mcs30/m3D/m3Dr6/mcs30_m3Dr6_s90.B87
Reading graphs...
90 :  260
90 :  257
Initializing...
maxdom : 10
D->valSize : 532
Solving...
currentSize : 1 <-- 0.005707 s
currentSize : 8 <-- 0.006323 s
currentSize : 9 <-- 0.006535 s
currentSize : 14 <-- 0.007114 s
currentSize : 15 <-- 0.007274 s
currentSize : 17 <-- 0.007659 s
currentSize : 18 <-- 0.007897 s
currentSize : 21 <-- 0.008201 s
currentSize : 27 <-- 0.008504 s

maxsize : 27
nodes : 38373739.000000
filtered : 169192940.000000
CCGP filtered : 288581051.000000
CCGT filtered : 210871518.000000
time : 1757.500854
