Parameters: GAD=1 vflib=1 dir=0 label=1 lowerbound=1 fileNameGp=../graphsdb/mcs30/m4D/m4Dr4/mcs30_m4Dr4_s90.A25 fileNameGt=../graphsdb/mcs30/m4D/m4Dr4/mcs30_m4Dr4_s90.B25
Reading graphs...
90 :  180
90 :  178
Initializing...
maxdom : 9
D->valSize : 545
Solving...
currentSize : 1 <-- 0.006064 s
currentSize : 2 <-- 0.006250 s
currentSize : 5 <-- 0.007409 s
currentSize : 8 <-- 0.007577 s
currentSize : 10 <-- 0.007947 s
currentSize : 11 <-- 0.008490 s
currentSize : 12 <-- 0.008824 s
currentSize : 13 <-- 0.009131 s
currentSize : 16 <-- 0.009504 s

maxsize : 16
nodes : 57916.000000
filtered : 456796.000000
CCGP filtered : 1288231.000000
CCGT filtered : 909060.000000
time : 3.823429
