Parameters: GAD=1 vflib=1 dir=0 label=1 lowerbound=1 fileNameGp=../graphsdb/mcs50/rand/r02/mcs50_r02_s50.A71 fileNameGt=../graphsdb/mcs50/rand/r02/mcs50_r02_s50.B71
Reading graphs...
50 :  435
50 :  435
Initializing...
maxdom : 11
D->valSize : 328
Solving...
currentSize : 2 <-- 0.002180 s
currentSize : 3 <-- 0.002291 s
currentSize : 4 <-- 0.002634 s
currentSize : 5 <-- 0.002891 s
currentSize : 8 <-- 0.007131 s
currentSize : 9 <-- 0.014456 s
currentSize : 10 <-- 0.037251 s
currentSize : 12 <-- 0.056621 s
currentSize : 20 <-- 0.101338 s

maxsize : 20
nodes : 9204.000000
filtered : 113967.000000
CCGP filtered : 17869.000000
CCGT filtered : 9650.000000
time : 0.255433
