Parameters: GAD=1 vflib=1 dir=0 label=1 lowerbound=1 fileNameGp=../graphsdb/mcs50/rand/r02/mcs50_r02_s90.A32 fileNameGt=../graphsdb/mcs50/rand/r02/mcs50_r02_s90.B32
Reading graphs...
90 :  1426
90 :  1436
Initializing...
maxdom : 11
D->valSize : 509
Solving...
currentSize : 5 <-- 0.006376 s
currentSize : 6 <-- 0.016108 s
currentSize : 7 <-- 0.017211 s
currentSize : 13 <-- 0.018384 s
currentSize : 19 <-- 0.031107 s
currentSize : 23 <-- 0.082716 s
currentSize : 24 <-- 0.084130 s
currentSize : 34 <-- 0.180977 s
currentSize : 35 <-- 0.234736 s

maxsize : 35
nodes : 62119.000000
filtered : 446594.000000
CCGP filtered : 18769.000000
CCGT filtered : 11888.000000
time : 3.700865
