Parameters: GAD=1 vflib=1 dir=0 label=1 lowerbound=1 fileNameGp=../graphsdb/mcs50/rand/r02/mcs50_r02_s80.A63 fileNameGt=../graphsdb/mcs50/rand/r02/mcs50_r02_s80.B63
Reading graphs...
80 :  1128
80 :  1129
Initializing...
maxdom : 11
D->valSize : 448
Solving...
currentSize : 1 <-- 0.004084 s
currentSize : 3 <-- 0.004513 s
currentSize : 4 <-- 0.008477 s
currentSize : 5 <-- 0.008557 s
currentSize : 19 <-- 0.010757 s
currentSize : 23 <-- 0.048318 s
currentSize : 24 <-- 0.049333 s
currentSize : 31 <-- 0.068861 s
currentSize : 32 <-- 0.069825 s
currentSize : 33 <-- 0.071017 s
currentSize : 34 <-- 0.072079 s

maxsize : 34
nodes : 12826.000000
filtered : 186091.000000
CCGP filtered : 8659.000000
CCGT filtered : 8321.000000
time : 0.705399
