Parameters: GAD=1 vflib=1 dir=0 label=1 lowerbound=1 fileNameGp=../graphsdb/mcs50/rand/r02/mcs50_r02_s80.A85 fileNameGt=../graphsdb/mcs50/rand/r02/mcs50_r02_s80.B85
Reading graphs...
80 :  1139
80 :  1119
Initializing...
maxdom : 11
D->valSize : 456
Solving...
currentSize : 1 <-- 0.006658 s
currentSize : 2 <-- 0.012901 s
currentSize : 3 <-- 0.017130 s
currentSize : 4 <-- 0.017423 s
currentSize : 6 <-- 0.019484 s
currentSize : 22 <-- 0.050076 s
currentSize : 32 <-- 0.140929 s
currentSize : 33 <-- 0.141211 s
currentSize : 34 <-- 0.148658 s

maxsize : 34
nodes : 76259.000000
filtered : 235943.000000
CCGP filtered : 10338.000000
CCGT filtered : 11496.000000
time : 2.810996
