Parameters: GAD=1 vflib=1 dir=0 label=1 lowerbound=1 fileNameGp=../graphsdb/mcs50/rand/r02/mcs50_r02_s80.A11 fileNameGt=../graphsdb/mcs50/rand/r02/mcs50_r02_s80.B11
Reading graphs...
80 :  1115
80 :  1134
Initializing...
maxdom : 9
D->valSize : 458
Solving...
currentSize : 3 <-- 0.005454 s
currentSize : 4 <-- 0.006487 s
currentSize : 5 <-- 0.006989 s
currentSize : 13 <-- 0.008551 s
currentSize : 14 <-- 0.050602 s
currentSize : 19 <-- 0.058079 s
currentSize : 27 <-- 0.218574 s
currentSize : 28 <-- 0.219531 s
currentSize : 29 <-- 0.221310 s

maxsize : 29
nodes : 65273.000000
filtered : 398149.000000
CCGP filtered : 24274.000000
CCGT filtered : 23142.000000
time : 2.786597
