Parameters: GAD=1 vflib=1 dir=0 label=1 lowerbound=1 fileNameGp=../graphsdb/mcs50/rand/r02/mcs50_r02_s70.A12 fileNameGt=../graphsdb/mcs50/rand/r02/mcs50_r02_s70.B12
Reading graphs...
70 :  836
70 :  860
Initializing...
maxdom : 7
D->valSize : 341
Solving...
currentSize : 2 <-- 0.003052 s
currentSize : 3 <-- 0.003152 s
currentSize : 5 <-- 0.023879 s
currentSize : 10 <-- 0.029537 s
currentSize : 11 <-- 0.069148 s
currentSize : 13 <-- 0.078598 s
currentSize : 20 <-- 0.101805 s
currentSize : 26 <-- 0.107204 s
currentSize : 27 <-- 0.176211 s

maxsize : 27
nodes : 34528.000000
filtered : 150195.000000
CCGP filtered : 13360.000000
CCGT filtered : 13430.000000
time : 1.132826
