Parameters: GAD=1 vflib=1 dir=0 label=1 lowerbound=1 fileNameGp=../graphsdb/mcs50/rand/r02/mcs50_r02_s90.A72 fileNameGt=../graphsdb/mcs50/rand/r02/mcs50_r02_s90.B72
Reading graphs...
90 :  1410
90 :  1435
Initializing...
maxdom : 11
D->valSize : 535
Solving...
currentSize : 3 <-- 0.010488 s
currentSize : 4 <-- 0.011861 s
currentSize : 9 <-- 0.023651 s
currentSize : 11 <-- 0.026980 s
currentSize : 12 <-- 0.081258 s
currentSize : 15 <-- 0.101924 s
currentSize : 16 <-- 0.109853 s
currentSize : 17 <-- 0.202976 s
currentSize : 37 <-- 0.293020 s
currentSize : 38 <-- 0.473974 s

maxsize : 38
nodes : 42218.000000
filtered : 510196.000000
CCGP filtered : 25462.000000
CCGT filtered : 23182.000000
time : 2.527711
