Parameters: GAD=1 vflib=1 dir=0 label=1 lowerbound=1 fileNameGp=../graphsdb/mcs50/rand/r02/mcs50_r02_s80.A20 fileNameGt=../graphsdb/mcs50/rand/r02/mcs50_r02_s80.B20
Reading graphs...
80 :  1126
80 :  1135
Initializing...
maxdom : 8
D->valSize : 436
Solving...
currentSize : 1 <-- 0.007914 s
currentSize : 3 <-- 0.008684 s
currentSize : 4 <-- 0.008891 s
currentSize : 5 <-- 0.009078 s
currentSize : 7 <-- 0.022568 s
currentSize : 9 <-- 0.023151 s
currentSize : 11 <-- 0.025204 s
currentSize : 17 <-- 0.026685 s
currentSize : 28 <-- 0.088479 s
currentSize : 30 <-- 0.147666 s

maxsize : 30
nodes : 23040.000000
filtered : 223836.000000
CCGP filtered : 11457.000000
CCGT filtered : 8041.000000
time : 1.098387
