Parameters: GAD=1 vflib=1 dir=0 label=1 lowerbound=1 fileNameGp=../graphsdb/mcs50/rand/r02/mcs50_r02_s90.A13 fileNameGt=../graphsdb/mcs50/rand/r02/mcs50_r02_s90.B13
Reading graphs...
90 :  1421
90 :  1442
Initializing...
maxdom : 10
D->valSize : 538
Solving...
currentSize : 3 <-- 0.010971 s
currentSize : 4 <-- 0.011879 s
currentSize : 5 <-- 0.012915 s
currentSize : 9 <-- 0.038977 s
currentSize : 10 <-- 0.262153 s
currentSize : 11 <-- 0.266650 s
currentSize : 14 <-- 0.277967 s
currentSize : 15 <-- 0.302859 s
currentSize : 20 <-- 0.317230 s
currentSize : 21 <-- 0.343306 s
currentSize : 35 <-- 0.351689 s

maxsize : 35
nodes : 144075.000000
filtered : 637941.000000
CCGP filtered : 28223.000000
CCGT filtered : 21058.000000
time : 7.589080
