Parameters: GAD=1 vflib=1 dir=0 label=1 lowerbound=1 fileNameGp=../graphsdb/mcs50/bvg/b03m/mcs50_b03m_s80.A18 fileNameGt=../graphsdb/mcs50/bvg/b03m/mcs50_b03m_s80.B18
Reading graphs...
80 :  120
80 :  119
Initializing...
maxdom : 9
D->valSize : 450
Solving...
currentSize : 10 <-- 0.007244 s
currentSize : 17 <-- 0.007850 s
currentSize : 18 <-- 0.007953 s
currentSize : 21 <-- 0.008109 s
currentSize : 24 <-- 0.008582 s
currentSize : 25 <-- 0.008755 s
currentSize : 30 <-- 0.009015 s
currentSize : 31 <-- 0.009214 s
currentSize : 40 <-- 0.009582 s

maxsize : 40
nodes : 38578390.000000
filtered : 131799983.000000
CCGP filtered : 218096801.000000
CCGT filtered : 157248670.000000
time : 1231.849731
