Parameters: GAD=1 vflib=1 dir=0 label=1 lowerbound=1 fileNameGp=../graphsdb/mcs50/rand/r02/mcs50_r02_s80.A91 fileNameGt=../graphsdb/mcs50/rand/r02/mcs50_r02_s80.B91
Reading graphs...
80 :  1137
80 :  1134
Initializing...
maxdom : 9
D->valSize : 455
Solving...
currentSize : 3 <-- 0.012539 s
currentSize : 4 <-- 0.014261 s
currentSize : 5 <-- 0.037443 s
currentSize : 6 <-- 0.037585 s
currentSize : 10 <-- 0.040139 s
currentSize : 11 <-- 0.043400 s
currentSize : 28 <-- 0.149461 s
currentSize : 29 <-- 0.151405 s
currentSize : 30 <-- 0.797354 s

maxsize : 30
nodes : 44409.000000
filtered : 344239.000000
CCGP filtered : 17570.000000
CCGT filtered : 16581.000000
time : 2.088753
