Parameters: GAD=1 vflib=1 dir=0 label=1 lowerbound=1 fileNameGp=../graphsdb/mcs50/rand/r02/mcs50_r02_s80.A26 fileNameGt=../graphsdb/mcs50/rand/r02/mcs50_r02_s80.B26
Reading graphs...
80 :  1133
80 :  1135
Initializing...
maxdom : 10
D->valSize : 470
Solving...
currentSize : 6 <-- 0.005119 s
currentSize : 8 <-- 0.005780 s
currentSize : 11 <-- 0.130615 s
currentSize : 13 <-- 0.140566 s
currentSize : 20 <-- 0.152496 s
currentSize : 21 <-- 0.209220 s
currentSize : 30 <-- 0.210539 s
currentSize : 32 <-- 0.211726 s
currentSize : 33 <-- 0.218205 s

maxsize : 33
nodes : 28496.000000
filtered : 334874.000000
CCGP filtered : 16732.000000
CCGT filtered : 17608.000000
time : 1.422150
