Parameters: GAD=1 vflib=1 dir=0 label=1 lowerbound=1 fileNameGp=../graphsdb/mcs50/rand/r02/mcs50_r02_s50.A82 fileNameGt=../graphsdb/mcs50/rand/r02/mcs50_r02_s50.B82
Reading graphs...
50 :  442
50 :  437
Initializing...
maxdom : 12
D->valSize : 332
Solving...
currentSize : 4 <-- 0.003950 s
currentSize : 5 <-- 0.004199 s
currentSize : 6 <-- 0.008764 s
currentSize : 7 <-- 0.013661 s
currentSize : 8 <-- 0.032262 s
currentSize : 9 <-- 0.044217 s
currentSize : 10 <-- 0.045708 s
currentSize : 14 <-- 0.105996 s
currentSize : 19 <-- 0.112141 s

maxsize : 19
nodes : 8722.000000
filtered : 119032.000000
CCGP filtered : 17959.000000
CCGT filtered : 12946.000000
time : 0.247850
