Parameters: GAD=1 vflib=1 dir=0 label=1 lowerbound=1 fileNameGp=../graphsdb/mcs50/rand/r01/mcs50_r01_s90.A32 fileNameGt=../graphsdb/mcs50/rand/r01/mcs50_r01_s90.B32
Reading graphs...
90 :  755
90 :  754
Initializing...
maxdom : 11
D->valSize : 585
Solving...
currentSize : 3 <-- 0.098289 s
currentSize : 4 <-- 0.098909 s
currentSize : 5 <-- 0.124437 s
currentSize : 6 <-- 49.038635 s
currentSize : 16 <-- 49.490562 s
currentSize : 22 <-- 75.176704 s
currentSize : 23 <-- 75.203377 s
currentSize : 25 <-- 78.909439 s
currentSize : 34 <-- 89.066887 s
currentSize : 43 <-- 89.068817 s

maxsize : 43
nodes : 1829348.000000
filtered : 5201332.000000
CCGP filtered : 1465387.000000
CCGT filtered : 5242120.000000
time : 98.788200
