Parameters: GAD=1 vflib=1 dir=0 label=1 lowerbound=1 fileNameGp=../graphsdb/mcs50/rand/r02/mcs50_r02_s100.A81 fileNameGt=../graphsdb/mcs50/rand/r02/mcs50_r02_s100.B81
Reading graphs...
100 :  1788
100 :  1757
Initializing...
maxdom : 6
D->valSize : 355
Solving...
currentSize : 1 <-- 0.010409 s
currentSize : 2 <-- 0.011438 s
currentSize : 3 <-- 0.013902 s
currentSize : 20 <-- 0.150676 s
currentSize : 21 <-- 0.161562 s
currentSize : 35 <-- 0.200983 s
currentSize : 36 <-- 3.194243 s
currentSize : 37 <-- 7.769620 s
currentSize : 38 <-- 9.360781 s

maxsize : 38
nodes : 325211.000000
filtered : 517318.000000
CCGP filtered : 7021.000000
CCGT filtered : 15163.000000
time : 18.954529
