Parameters: GAD=1 vflib=1 dir=0 label=1 lowerbound=1 fileNameGp=../graphsdb/mcs50/rand/r02/mcs50_r02_s90.A84 fileNameGt=../graphsdb/mcs50/rand/r02/mcs50_r02_s90.B84
Reading graphs...
90 :  1437
90 :  1448
Initializing...
maxdom : 9
D->valSize : 551
Solving...
currentSize : 3 <-- 0.007033 s
currentSize : 4 <-- 0.007656 s
currentSize : 5 <-- 0.008761 s
currentSize : 12 <-- 0.016816 s
currentSize : 13 <-- 0.020063 s
currentSize : 21 <-- 0.071844 s
currentSize : 22 <-- 0.132269 s
currentSize : 30 <-- 0.163004 s
currentSize : 31 <-- 0.163920 s
currentSize : 32 <-- 0.176541 s
currentSize : 34 <-- 0.312549 s
currentSize : 35 <-- 0.313452 s
currentSize : 36 <-- 0.391141 s

maxsize : 36
nodes : 71896.000000
filtered : 614841.000000
CCGP filtered : 20687.000000
CCGT filtered : 12634.000000
time : 4.227163
