Parameters: GAD=1 vflib=1 dir=0 label=1 lowerbound=1 fileNameGp=../graphsdb/mcs50/rand/r02/mcs50_r02_s90.A68 fileNameGt=../graphsdb/mcs50/rand/r02/mcs50_r02_s90.B68
Reading graphs...
90 :  1442
90 :  1419
Initializing...
maxdom : 12
D->valSize : 565
Solving...
currentSize : 3 <-- 0.009956 s
currentSize : 5 <-- 0.023625 s
currentSize : 8 <-- 0.057114 s
currentSize : 14 <-- 0.351908 s
currentSize : 22 <-- 0.380851 s
currentSize : 25 <-- 0.453005 s
currentSize : 36 <-- 0.617139 s
currentSize : 37 <-- 0.617978 s
currentSize : 38 <-- 2.562563 s

maxsize : 38
nodes : 107260.000000
filtered : 505259.000000
CCGP filtered : 21633.000000
CCGT filtered : 25163.000000
time : 5.479668
