Parameters: GAD=1 vflib=1 dir=0 label=1 lowerbound=1 fileNameGp=../graphsdb/mcs50/rand/r02/mcs50_r02_s80.A42 fileNameGt=../graphsdb/mcs50/rand/r02/mcs50_r02_s80.B42
Reading graphs...
80 :  1137
80 :  1136
Initializing...
maxdom : 9
D->valSize : 410
Solving...
currentSize : 1 <-- 0.007661 s
currentSize : 5 <-- 0.009179 s
currentSize : 8 <-- 0.010788 s
currentSize : 10 <-- 0.011759 s
currentSize : 16 <-- 0.234556 s
currentSize : 17 <-- 0.237200 s
currentSize : 18 <-- 0.412362 s
currentSize : 27 <-- 0.529117 s
currentSize : 28 <-- 0.530503 s
currentSize : 29 <-- 0.591569 s
currentSize : 30 <-- 0.957921 s

maxsize : 30
nodes : 42471.000000
filtered : 296675.000000
CCGP filtered : 20800.000000
CCGT filtered : 36171.000000
time : 1.971000
