Parameters: GAD=1 vflib=1 dir=0 label=1 lowerbound=1 fileNameGp=../graphsdb/mcs50/rand/r02/mcs50_r02_s90.A27 fileNameGt=../graphsdb/mcs50/rand/r02/mcs50_r02_s90.B27
Reading graphs...
90 :  1418
90 :  1408
Initializing...
maxdom : 11
D->valSize : 571
Solving...
currentSize : 2 <-- 0.009764 s
currentSize : 3 <-- 0.011487 s
currentSize : 5 <-- 0.012260 s
currentSize : 7 <-- 0.024050 s
currentSize : 9 <-- 0.034001 s
currentSize : 17 <-- 0.037529 s
currentSize : 19 <-- 0.056385 s
currentSize : 20 <-- 0.057936 s
currentSize : 31 <-- 0.169528 s
currentSize : 32 <-- 0.171833 s
currentSize : 33 <-- 0.178586 s

maxsize : 33
nodes : 199876.000000
filtered : 1106768.000000
CCGP filtered : 28349.000000
CCGT filtered : 19967.000000
time : 11.602187
