Parameters: GAD=1 vflib=1 dir=0 label=1 lowerbound=1 fileNameGp=../graphsdb/mcs70/rand/r01/mcs70_r01_s90.A29 fileNameGt=../graphsdb/mcs70/rand/r01/mcs70_r01_s90.B29
Reading graphs...
90 :  755
90 :  756
Initializing...
maxdom : 11
D->valSize : 570
Solving...
currentSize : 5 <-- 0.011862 s
currentSize : 6 <-- 0.012460 s
currentSize : 7 <-- 0.016971 s
currentSize : 14 <-- 0.017431 s
currentSize : 17 <-- 0.020447 s
currentSize : 21 <-- 0.042128 s
currentSize : 26 <-- 0.114810 s
currentSize : 32 <-- 0.212857 s
currentSize : 57 <-- 2.385870 s

maxsize : 57
nodes : 292595.000000
filtered : 940985.000000
CCGP filtered : 17680.000000
CCGT filtered : 119797.000000
time : 10.363066
