Parameters: GAD=1 vflib=1 dir=0 label=1 lowerbound=1 fileNameGp=../graphsdb/mcs70/rand/r02/mcs70_r02_s50.A88 fileNameGt=../graphsdb/mcs70/rand/r02/mcs70_r02_s50.B88
Reading graphs...
50 :  448
50 :  446
Initializing...
maxdom : 10
D->valSize : 330
Solving...
currentSize : 1 <-- 0.002139 s
currentSize : 4 <-- 0.002418 s
currentSize : 5 <-- 0.003972 s
currentSize : 6 <-- 0.005378 s
currentSize : 7 <-- 0.006193 s
currentSize : 8 <-- 0.011467 s
currentSize : 9 <-- 0.017592 s
currentSize : 10 <-- 0.018236 s
currentSize : 11 <-- 0.020762 s
currentSize : 13 <-- 0.022362 s
currentSize : 17 <-- 0.027480 s
currentSize : 33 <-- 0.028119 s

maxsize : 33
nodes : 1720.000000
filtered : 23396.000000
CCGP filtered : 2673.000000
CCGT filtered : 2443.000000
time : 0.039728
