Parameters: GAD=1 vflib=1 dir=0 label=1 lowerbound=1 fileNameGp=../graphsdb/mcs70/rand/r02/mcs70_r02_s80.A72 fileNameGt=../graphsdb/mcs70/rand/r02/mcs70_r02_s80.B72
Reading graphs...
80 :  1130
80 :  1121
Initializing...
maxdom : 8
D->valSize : 407
Solving...
currentSize : 1 <-- 0.006019 s
currentSize : 3 <-- 0.008960 s
currentSize : 4 <-- 0.010001 s
currentSize : 5 <-- 0.010252 s
currentSize : 7 <-- 0.015166 s
currentSize : 19 <-- 0.278449 s
currentSize : 23 <-- 0.341384 s
currentSize : 24 <-- 0.478015 s
currentSize : 40 <-- 0.712996 s
currentSize : 41 <-- 0.714188 s
currentSize : 42 <-- 5.632873 s
currentSize : 43 <-- 5.636833 s

maxsize : 43
nodes : 1651559.000000
filtered : 886150.000000
CCGP filtered : 11029.000000
CCGT filtered : 23476.000000
time : 51.851059
