Parameters: GAD=1 vflib=1 dir=0 label=1 lowerbound=1 fileNameGp=../graphsdb/mcs70/rand/r01/mcs70_r01_s100.A41 fileNameGt=../graphsdb/mcs70/rand/r01/mcs70_r01_s100.B41
Reading graphs...
100 :  931
100 :  926
Initializing...
maxdom : 7
D->valSize : 368
Solving...
currentSize : 2 <-- 41.275742 s
currentSize : 3 <-- 41.276642 s
currentSize : 27 <-- 41.342709 s
currentSize : 30 <-- 42.599197 s
currentSize : 47 <-- 43.881477 s
currentSize : 48 <-- 43.893616 s
currentSize : 49 <-- 43.919899 s
currentSize : 57 <-- 44.775040 s
currentSize : 58 <-- 44.986492 s

maxsize : 58
nodes : 1082081.000000
filtered : 2783742.000000
CCGP filtered : 2551129.000000
CCGT filtered : 3151978.000000
time : 61.828720
