Parameters: GAD=1 vflib=1 dir=0 label=1 lowerbound=1 fileNameGp=../graphsdb/mcs70/rand/r02/mcs70_r02_s100.A51 fileNameGt=../graphsdb/mcs70/rand/r02/mcs70_r02_s100.B51
Reading graphs...
100 :  1753
100 :  1763
Initializing...
maxdom : 7
D->valSize : 366
Solving...
currentSize : 1 <-- 0.004586 s
currentSize : 23 <-- 0.005988 s
currentSize : 24 <-- 0.006688 s
currentSize : 45 <-- 0.612874 s
currentSize : 46 <-- 0.613840 s
currentSize : 47 <-- 0.618966 s
currentSize : 48 <-- 0.629696 s
currentSize : 49 <-- 0.716754 s
currentSize : 50 <-- 5.177292 s
currentSize : 51 <-- 8.825414 s
currentSize : 52 <-- 18.367001 s

maxsize : 52
nodes : 3503662.000000
filtered : 1853605.000000
CCGP filtered : 328.000000
CCGT filtered : 3888.000000
time : 184.302597
