Parameters: GAD=1 vflib=1 dir=0 label=1 lowerbound=1 fileNameGp=../graphsdb/mcs70/rand/r02/mcs70_r02_s80.A93 fileNameGt=../graphsdb/mcs70/rand/r02/mcs70_r02_s80.B93
Reading graphs...
80 :  1139
80 :  1114
Initializing...
maxdom : 8
D->valSize : 426
Solving...
currentSize : 2 <-- 0.004108 s
currentSize : 3 <-- 0.005004 s
currentSize : 4 <-- 0.006647 s
currentSize : 8 <-- 0.006863 s
currentSize : 11 <-- 0.007725 s
currentSize : 14 <-- 0.017604 s
currentSize : 27 <-- 0.059450 s
currentSize : 28 <-- 0.060955 s
currentSize : 42 <-- 0.073579 s
currentSize : 43 <-- 0.098845 s
currentSize : 44 <-- 0.391329 s

maxsize : 44
nodes : 81128.000000
filtered : 141328.000000
CCGP filtered : 2852.000000
CCGT filtered : 5805.000000
time : 2.755302
