Parameters: GAD=1 vflib=1 dir=0 label=1 lowerbound=1 fileNameGp=../graphsdb/mcs70/rand/r02/mcs70_r02_s70.A68 fileNameGt=../graphsdb/mcs70/rand/r02/mcs70_r02_s70.B68
Reading graphs...
70 :  863
70 :  862
Initializing...
maxdom : 10
D->valSize : 344
Solving...
currentSize : 2 <-- 0.002852 s
currentSize : 16 <-- 0.003695 s
currentSize : 20 <-- 0.023295 s
currentSize : 21 <-- 0.024028 s
currentSize : 22 <-- 0.025843 s
currentSize : 29 <-- 0.028875 s
currentSize : 32 <-- 0.038579 s
currentSize : 33 <-- 0.046237 s
currentSize : 35 <-- 0.057368 s
currentSize : 36 <-- 0.067078 s
currentSize : 37 <-- 0.638467 s

maxsize : 37
nodes : 62300.000000
filtered : 111274.000000
CCGP filtered : 1460.000000
CCGT filtered : 3247.000000
time : 1.590860
