Parameters: GAD=1 vflib=1 dir=0 label=1 lowerbound=1 fileNameGp=../graphsdb/mcs70/rand/r02/mcs70_r02_s80.A78 fileNameGt=../graphsdb/mcs70/rand/r02/mcs70_r02_s80.B78
Reading graphs...
80 :  1131
80 :  1126
Initializing...
maxdom : 9
D->valSize : 432
Solving...
currentSize : 3 <-- 0.007995 s
currentSize : 5 <-- 0.009209 s
currentSize : 7 <-- 0.010224 s
currentSize : 8 <-- 0.078621 s
currentSize : 9 <-- 0.238345 s
currentSize : 13 <-- 0.301326 s
currentSize : 23 <-- 0.306086 s
currentSize : 40 <-- 0.332231 s
currentSize : 41 <-- 0.332770 s
currentSize : 42 <-- 0.352188 s
currentSize : 43 <-- 0.719850 s

maxsize : 43
nodes : 286975.000000
filtered : 324415.000000
CCGP filtered : 5350.000000
CCGT filtered : 16775.000000
time : 9.615703
