Parameters: GAD=1 vflib=1 dir=0 label=1 lowerbound=1 fileNameGp=../graphsdb/mcs70/rand/r02/mcs70_r02_s90.A54 fileNameGt=../graphsdb/mcs70/rand/r02/mcs70_r02_s90.B54
Reading graphs...
90 :  1435
90 :  1439
Initializing...
maxdom : 10
D->valSize : 565
Solving...
currentSize : 12 <-- 0.012585 s
currentSize : 23 <-- 0.026981 s
currentSize : 24 <-- 0.029864 s
currentSize : 41 <-- 0.062851 s
currentSize : 42 <-- 0.158007 s
currentSize : 43 <-- 0.904284 s
currentSize : 44 <-- 2.921463 s
currentSize : 45 <-- 3.013243 s
currentSize : 46 <-- 3.233930 s

maxsize : 46
nodes : 489742.000000
filtered : 907258.000000
CCGP filtered : 6548.000000
CCGT filtered : 3856.000000
time : 23.743820
