Parameters: GAD=1 vflib=1 dir=0 label=1 lowerbound=1 fileNameGp=../graphsdb/mcs70/rand/r02/mcs70_r02_s35.A49 fileNameGt=../graphsdb/mcs70/rand/r02/mcs70_r02_s35.B49
Reading graphs...
35 :  209
35 :  210
Initializing...
maxdom : 9
D->valSize : 205
Solving...
currentSize : 1 <-- 0.001179 s
currentSize : 3 <-- 0.001278 s
currentSize : 4 <-- 0.001308 s
currentSize : 5 <-- 0.001744 s
currentSize : 6 <-- 0.002499 s
currentSize : 7 <-- 0.002673 s
currentSize : 8 <-- 0.003107 s
currentSize : 10 <-- 0.003149 s
currentSize : 17 <-- 0.004244 s

maxsize : 17
nodes : 4144.000000
filtered : 19156.000000
CCGP filtered : 1423.000000
CCGT filtered : 707.000000
time : 0.048304
