Parameters: GAD=1 vflib=1 dir=0 label=1 lowerbound=1 fileNameGp=../graphsdb/mcs70/rand/r02/mcs70_r02_s25.A73 fileNameGt=../graphsdb/mcs70/rand/r02/mcs70_r02_s25.B73
Reading graphs...
25 :  106
25 :  107
Initializing...
maxdom : 8
D->valSize : 172
Solving...
currentSize : 2 <-- 0.000750 s
currentSize : 3 <-- 0.000786 s
currentSize : 4 <-- 0.000832 s
currentSize : 6 <-- 0.001096 s
currentSize : 7 <-- 0.001515 s
currentSize : 9 <-- 0.006251 s
currentSize : 11 <-- 0.007552 s
currentSize : 13 <-- 0.010439 s
currentSize : 16 <-- 0.010573 s

maxsize : 16
nodes : 1198.000000
filtered : 11666.000000
CCGP filtered : 2091.000000
CCGT filtered : 1465.000000
time : 0.011203
