Parameters: GAD=1 vflib=1 dir=0 label=1 lowerbound=1 fileNameGp=../graphsdb/mcs70/rand/r02/mcs70_r02_s70.A44 fileNameGt=../graphsdb/mcs70/rand/r02/mcs70_r02_s70.B44
Reading graphs...
70 :  860
70 :  853
Initializing...
maxdom : 9
D->valSize : 377
Solving...
currentSize : 1 <-- 0.006235 s
currentSize : 2 <-- 0.035421 s
currentSize : 3 <-- 0.035827 s
currentSize : 4 <-- 0.036884 s
currentSize : 13 <-- 0.039788 s
currentSize : 15 <-- 0.043160 s
currentSize : 21 <-- 0.047514 s
currentSize : 33 <-- 0.083400 s
currentSize : 34 <-- 1.383236 s
currentSize : 35 <-- 3.816379 s

maxsize : 35
nodes : 2185739.000000
filtered : 769768.000000
CCGP filtered : 4191.000000
CCGT filtered : 5403.000000
time : 52.895657
