Parameters: GAD=1 vflib=1 dir=0 label=1 lowerbound=1 fileNameGp=../graphsdb/mcs70/rand/r02/mcs70_r02_s80.A24 fileNameGt=../graphsdb/mcs70/rand/r02/mcs70_r02_s80.B24
Reading graphs...
80 :  1143
80 :  1130
Initializing...
maxdom : 9
D->valSize : 439
Solving...
currentSize : 2 <-- 0.004173 s
currentSize : 3 <-- 0.004870 s
currentSize : 4 <-- 0.005494 s
currentSize : 12 <-- 0.008229 s
currentSize : 13 <-- 0.009581 s
currentSize : 19 <-- 0.014622 s
currentSize : 38 <-- 0.049515 s
currentSize : 40 <-- 0.068223 s
currentSize : 41 <-- 0.368370 s
currentSize : 42 <-- 0.412354 s
currentSize : 43 <-- 9.058465 s

maxsize : 43
nodes : 803472.000000
filtered : 654184.000000
CCGP filtered : 1065.000000
CCGT filtered : 2995.000000
time : 27.972204
