Parameters: GAD=1 vflib=1 dir=0 label=1 lowerbound=1 fileNameGp=../graphsdb/mcs70/rand/r02/mcs70_r02_s70.A80 fileNameGt=../graphsdb/mcs70/rand/r02/mcs70_r02_s70.B80
Reading graphs...
70 :  858
70 :  858
Initializing...
maxdom : 8
D->valSize : 329
Solving...
currentSize : 2 <-- 0.005376 s
currentSize : 3 <-- 0.005518 s
currentSize : 4 <-- 0.006036 s
currentSize : 17 <-- 0.009291 s
currentSize : 18 <-- 0.013666 s
currentSize : 34 <-- 0.035903 s
currentSize : 35 <-- 0.037952 s
currentSize : 36 <-- 0.099427 s
currentSize : 37 <-- 0.101602 s

maxsize : 37
nodes : 154669.000000
filtered : 234155.000000
CCGP filtered : 3083.000000
CCGT filtered : 3810.000000
time : 4.725150
