Parameters: GAD=1 vflib=1 dir=0 label=1 lowerbound=1 fileNameGp=../graphsdb/mcs70/rand/r01/mcs70_r01_s80.A94 fileNameGt=../graphsdb/mcs70/rand/r01/mcs70_r01_s80.B94
Reading graphs...
80 :  598
80 :  593
Initializing...
maxdom : 9
D->valSize : 432
Solving...
currentSize : 3 <-- 0.006472 s
currentSize : 5 <-- 0.213419 s
currentSize : 20 <-- 0.214912 s
currentSize : 21 <-- 0.291589 s
currentSize : 27 <-- 0.308572 s
currentSize : 28 <-- 0.388637 s
currentSize : 48 <-- 0.657976 s
currentSize : 49 <-- 0.826352 s
currentSize : 50 <-- 1.540704 s

maxsize : 50
nodes : 73794.000000
filtered : 349595.000000
CCGP filtered : 18318.000000
CCGT filtered : 26774.000000
time : 2.474490
