Parameters: GAD=1 vflib=1 dir=0 label=1 lowerbound=1 fileNameGp=../graphsdb/mcs70/rand/r02/mcs70_r02_s60.A56 fileNameGt=../graphsdb/mcs70/rand/r02/mcs70_r02_s60.B56
Reading graphs...
60 :  642
60 :  636
Initializing...
maxdom : 7
D->valSize : 240
Solving...
currentSize : 1 <-- 0.018638 s
currentSize : 2 <-- 0.018730 s
currentSize : 3 <-- 0.019605 s
currentSize : 4 <-- 0.019902 s
currentSize : 11 <-- 0.020122 s
currentSize : 17 <-- 0.021621 s
currentSize : 19 <-- 0.030282 s
currentSize : 33 <-- 0.036387 s
currentSize : 34 <-- 0.103911 s

maxsize : 34
nodes : 76966.000000
filtered : 35358.000000
CCGP filtered : 582.000000
CCGT filtered : 2452.000000
time : 1.318225
