Parameters: GAD=1 vflib=1 dir=0 label=1 lowerbound=1 fileNameGp=../graphsdb/mcs90/rand/r02/mcs90_r02_s40.A14 fileNameGt=../graphsdb/mcs90/rand/r02/mcs90_r02_s40.B14
Reading graphs...
40 :  275
40 :  273
Initializing...
maxdom : 9
D->valSize : 225
Solving...
currentSize : 11 <-- 0.001583 s
currentSize : 12 <-- 0.002229 s
currentSize : 13 <-- 0.002372 s
currentSize : 14 <-- 0.004941 s
currentSize : 15 <-- 0.005253 s
currentSize : 24 <-- 0.007108 s
currentSize : 26 <-- 0.007512 s
currentSize : 28 <-- 0.008011 s
currentSize : 29 <-- 0.008704 s

maxsize : 29
nodes : 1113.000000
filtered : 10383.000000
CCGP filtered : 599.000000
CCGT filtered : 502.000000
time : 0.016098
