Parameters: GAD=1 vflib=1 dir=0 label=1 lowerbound=1 fileNameGp=../graphsdb/mcs90/rand/r02/mcs90_r02_s70.A18 fileNameGt=../graphsdb/mcs90/rand/r02/mcs90_r02_s70.B18
Reading graphs...
70 :  866
70 :  877
Initializing...
maxdom : 9
D->valSize : 377
Solving...
currentSize : 3 <-- 0.003739 s
currentSize : 11 <-- 0.004592 s
currentSize : 38 <-- 0.009765 s
currentSize : 39 <-- 0.011969 s
currentSize : 40 <-- 0.187068 s
currentSize : 41 <-- 4.248116 s
currentSize : 42 <-- 4.248778 s
currentSize : 43 <-- 4.371766 s
currentSize : 44 <-- 13.208807 s

maxsize : 44
nodes : 19541790.000000
filtered : 6817999.000000
CCGP filtered : 225.000000
CCGT filtered : 1063.000000
time : 459.001770
