Parameters: GAD=1 vflib=1 dir=0 label=1 lowerbound=1 fileNameGp=../graphsdb/mcs90/rand/r02/mcs90_r02_s90.A18 fileNameGt=../graphsdb/mcs90/rand/r02/mcs90_r02_s90.B18
Reading graphs...
90 :  1441
90 :  1445
Initializing...
maxdom : 10
D->valSize : 559
Solving...
currentSize : 2 <-- 0.010788 s
currentSize : 3 <-- 0.011367 s
currentSize : 5 <-- 0.011853 s
currentSize : 7 <-- 0.012832 s
currentSize : 8 <-- 0.020312 s
currentSize : 16 <-- 0.030196 s
currentSize : 23 <-- 0.049541 s
currentSize : 25 <-- 0.051705 s
currentSize : 26 <-- 0.059259 s
currentSize : 32 <-- 0.084977 s
currentSize : 33 <-- 0.318900 s
currentSize : 51 <-- 0.982132 s
currentSize : 52 <-- 0.982989 s
currentSize : 53 <-- 1.316298 s
currentSize : 54 <-- 4.117988 s
currentSize : 55 <-- 13.637101 s
currentSize : 56 <-- 20.437096 s
currentSize : 57 <-- 93.928871 s

TIMEOUT
maxsize : 57
nodes : 107784338.000000
filtered : 31115787.000000
CCGP filtered : 1888.000000
CCGT filtered : 10648.000000
time : 3600.000000
