Parameters: GAD=1 vflib=1 dir=0 label=1 lowerbound=1 fileNameGp=../graphsdb/mcs90/rand/r02/mcs90_r02_s100.A97 fileNameGt=../graphsdb/mcs90/rand/r02/mcs90_r02_s100.B97
Reading graphs...
100 :  1765
100 :  1766
Initializing...
maxdom : 7
D->valSize : 428
Solving...
currentSize : 48 <-- 0.006538 s
currentSize : 49 <-- 1.535833 s
currentSize : 50 <-- 15.815825 s
currentSize : 51 <-- 16.030039 s
currentSize : 52 <-- 17.920223 s
currentSize : 53 <-- 38.388580 s
currentSize : 54 <-- 110.531395 s
currentSize : 55 <-- 280.890808 s
currentSize : 56 <-- 311.861786 s
currentSize : 57 <-- 463.129608 s

TIMEOUT
maxsize : 57
nodes : 75331278.000000
filtered : 36197434.000000
CCGP filtered : 0.000000
CCGT filtered : 0.000000
time : 3600.000000
