Parameters: GAD=1 vflib=1 dir=0 label=1 lowerbound=1 fileNameGp=../graphsdb/mcs10/m2D/m2Dr6/mcs10_m2Dr6_s50.A70 fileNameGt=../graphsdb/mcs10/m2D/m2Dr6/mcs10_m2Dr6_s50.B70
Reading graphs...
50 :  114
50 :  114
Initializing...
maxdom : 10
D->valSize : 310
Solving...
Blb : 2 (clique : 14)
currentSize : 14 <-- 0.002307 s
currentSize : 15 <-- 0.002697 s
currentSize : 16 <-- 0.003726 s
currentSize : 17 <-- 0.008635 s
currentSize : 18 <-- 4.593044 s

maxsize : 18
nodes : 177609555.000000
filtered : 1994048375.000000
time : 672.640320
