Parameters: GAD=1 vflib=1 dir=0 label=1 lowerbound=1 fileNameGp=../graphsdb/mcs10/rand/r01/mcs10_r01_s90.A74 fileNameGt=../graphsdb/mcs10/rand/r01/mcs10_r01_s90.B74
Reading graphs...
90 :  755
90 :  755
Initializing...
maxdom : 8
D->valSize : 499
Solving...
Blb : 2 (clique : 14)
currentSize : 14 <-- 0.008257 s
currentSize : 15 <-- 0.013843 s
currentSize : 16 <-- 0.502442 s
currentSize : 17 <-- 9.641270 s
currentSize : 18 <-- 13.064957 s
currentSize : 19 <-- 1220.680542 s

maxsize : 19
nodes : 390777052.000000
filtered : 4689764720.000000
time : 2165.354248
