Parameters: GAD=1 vflib=1 dir=0 label=1 lowerbound=1 fileNameGp=../graphsdb/mcs10/m2D/m2Dr6/mcs10_m2Dr6_s60.A16 fileNameGt=../graphsdb/mcs10/m2D/m2Dr6/mcs10_m2Dr6_s60.B16
Reading graphs...
60 :  140
60 :  138
Initializing...
maxdom : 6
D->valSize : 221
Solving...
Blb : 2 (clique : 15)
currentSize : 15 <-- 0.001666 s
currentSize : 16 <-- 0.031751 s
currentSize : 17 <-- 0.032023 s
currentSize : 18 <-- 0.035365 s
currentSize : 19 <-- 2.349717 s
currentSize : 20 <-- 2.435442 s
currentSize : 21 <-- 12.846257 s

maxsize : 21
nodes : 44140356.000000
filtered : 300980703.000000
time : 166.790146
