Parameters: GAD=1 vflib=1 dir=0 label=1 lowerbound=1 fileNameGp=../graphsdb/mcs10/m2D/m2Dr2/mcs10_m2Dr2_s70.A31 fileNameGt=../graphsdb/mcs10/m2D/m2Dr2/mcs10_m2Dr2_s70.B31
Reading graphs...
70 :  135
70 :  137
Initializing...
maxdom : 8
D->valSize : 298
Solving...
Blb : 5 (clique : 21)
currentSize : 21 <-- 0.002667 s
currentSize : 23 <-- 0.002798 s
currentSize : 24 <-- 0.002853 s
currentSize : 25 <-- 0.025330 s
currentSize : 26 <-- 0.561175 s
currentSize : 27 <-- 0.794554 s
currentSize : 28 <-- 64.200035 s
currentSize : 29 <-- 254.400192 s

TIMEOUT
maxsize : 29
nodes : 956125733.000000
filtered : 5451423682.000000
time : 3600.000000
