Parameters: GAD=1 vflib=1 dir=0 label=1 lowerbound=1 fileNameGp=../graphsdb/mcs10/m2D/m2D/mcs10_m2D_s60.A08 fileNameGt=../graphsdb/mcs10/m2D/m2D/mcs10_m2D_s60.B08
Reading graphs...
60 :  104
60 :  104
Initializing...
maxdom : 9
D->valSize : 225
Solving...
Blb : 5 (clique : 19)
currentSize : 19 <-- 0.002584 s
currentSize : 20 <-- 0.004138 s
currentSize : 21 <-- 0.004932 s
currentSize : 22 <-- 0.291910 s
currentSize : 23 <-- 10.701715 s
currentSize : 24 <-- 1666.445435 s

maxsize : 24
nodes : 1211186355.000000
filtered : 5586967393.000000
time : 3542.699219
