Parameters: GAD=1 vflib=1 dir=0 label=1 lowerbound=1 fileNameGp=../graphsdb/mcs10/bvg/b09/mcs10_b09_s100.A77 fileNameGt=../graphsdb/mcs10/bvg/b09/mcs10_b09_s100.B77
Reading graphs...
100 :  443
100 :  439
Initializing...
maxdom : 7
D->valSize : 328
Solving...
Blb : 3 (clique : 20)
currentSize : 20 <-- 0.005056 s
currentSize : 21 <-- 0.034790 s
currentSize : 22 <-- 0.181762 s
currentSize : 23 <-- 1.696047 s
currentSize : 24 <-- 69.306702 s
currentSize : 25 <-- 3325.488525 s

TIMEOUT
maxsize : 25
nodes : 718460018.000000
filtered : 4586214517.000000
time : 3600.000000
