Parameters: GAD=1 vflib=1 dir=0 label=1 lowerbound=1 fileNameGp=../graphsdb/mcs10/m2D/m2Dr4/mcs10_m2Dr4_s50.A28 fileNameGt=../graphsdb/mcs10/m2D/m2Dr4/mcs10_m2Dr4_s50.B28
Reading graphs...
50 :  103
50 :  104
Initializing...
maxdom : 10
D->valSize : 350
Solving...
Blb : 2 (clique : 17)
currentSize : 17 <-- 0.004264 s
currentSize : 18 <-- 0.004432 s
currentSize : 19 <-- 0.027334 s
currentSize : 20 <-- 0.214915 s
currentSize : 21 <-- 9.191053 s
currentSize : 22 <-- 683.337769 s

maxsize : 22
nodes : 514208477.000000
filtered : 7582150704.000000
time : 1964.464355
