Parameters: GAD=1 vflib=1 dir=0 label=1 lowerbound=1 fileNameGp=../graphsdb/mcs10/m3D/m3D/mcs10_m3D_s60.A55 fileNameGt=../graphsdb/mcs10/m3D/m3D/mcs10_m3D_s60.B55
Reading graphs...
60 :  132
60 :  134
Initializing...
maxdom : 8
D->valSize : 225
Solving...
Blb : 5 (clique : 18)
currentSize : 18 <-- 0.001589 s
currentSize : 19 <-- 0.010341 s
currentSize : 20 <-- 0.019090 s
currentSize : 21 <-- 0.718884 s
currentSize : 22 <-- 0.752715 s

maxsize : 22
nodes : 24338028.000000
filtered : 182190603.000000
time : 93.491837
