Parameters: GAD=1 vflib=1 dir=0 label=1 lowerbound=1 fileNameGp=../graphsdb/mcs10/m2D/m2D/mcs10_m2D_s40.A94 fileNameGt=../graphsdb/mcs10/m2D/m2D/mcs10_m2D_s40.B94
Reading graphs...
40 :  67
40 :  67
Initializing...
maxdom : 7
D->valSize : 204
Solving...
Blb : 3 (clique : 14)
currentSize : 14 <-- 0.001220 s
currentSize : 15 <-- 0.001747 s
currentSize : 16 <-- 0.015470 s
currentSize : 17 <-- 0.016827 s
currentSize : 18 <-- 0.304196 s
currentSize : 19 <-- 22.399977 s

maxsize : 19
nodes : 18581121.000000
filtered : 153259175.000000
time : 59.123859
