Parameters: GAD=1 vflib=1 dir=0 label=1 lowerbound=1 fileNameGp=../graphsdb/mcs10/m3D/m3Dr2/mcs10_m3Dr2_s100.A06 fileNameGt=../graphsdb/mcs10/m3D/m3Dr2/mcs10_m3Dr2_s100.B06
Reading graphs...
100 :  254
100 :  250
Initializing...
maxdom : 7
D->valSize : 329
Solving...
Blb : 2 (clique : 24)
currentSize : 24 <-- 0.003123 s
currentSize : 25 <-- 0.003547 s
currentSize : 26 <-- 1.247133 s
currentSize : 27 <-- 6.836549 s
currentSize : 28 <-- 7.157361 s
currentSize : 29 <-- 56.252998 s
currentSize : 30 <-- 1160.868042 s

TIMEOUT
maxsize : 30
nodes : 671292582.000000
filtered : 4581968655.000000
time : 3600.000000
