Parameters: GAD=1 vflib=1 dir=0 label=1 lowerbound=1 fileNameGp=../graphsdb/mcs10/bvg/b03m/mcs10_b03m_s80.A35 fileNameGt=../graphsdb/mcs10/bvg/b03m/mcs10_b03m_s80.B35
Reading graphs...
80 :  120
80 :  119
Initializing...
maxdom : 13
D->valSize : 368
Solving...
Blb : 2 (clique : 25)
currentSize : 25 <-- 0.003342 s
currentSize : 26 <-- 0.040796 s
currentSize : 27 <-- 0.384253 s
currentSize : 28 <-- 2.147057 s
currentSize : 29 <-- 6.383158 s
currentSize : 30 <-- 36.483116 s
currentSize : 31 <-- 86.782372 s

TIMEOUT
maxsize : 31
nodes : 884944382.000000
filtered : 7213939788.000000
time : 3600.000000
