Parameters: GAD=1 vflib=1 dir=0 label=1 lowerbound=1 fileNameGp=../graphsdb/mcs10/m3D/m3D/mcs10_m3D_s60.A27 fileNameGt=../graphsdb/mcs10/m3D/m3D/mcs10_m3D_s60.B27
Reading graphs...
60 :  133
60 :  130
Initializing...
maxdom : 8
D->valSize : 219
Solving...
Blb : 2 (clique : 18)
currentSize : 18 <-- 0.001824 s
currentSize : 19 <-- 0.001926 s
currentSize : 20 <-- 0.001971 s
currentSize : 21 <-- 0.043433 s
currentSize : 22 <-- 15.782259 s
currentSize : 23 <-- 17.025303 s

maxsize : 23
nodes : 31209714.000000
filtered : 218464898.000000
time : 117.579155
