Parameters: GAD=1 vflib=1 dir=0 label=1 lowerbound=1 fileNameGp=../graphsdb/mcs10/m3D/m3Dr2/mcs10_m3Dr2_s100.A04 fileNameGt=../graphsdb/mcs10/m3D/m3Dr2/mcs10_m3Dr2_s100.B04
Reading graphs...
100 :  253
100 :  252
Initializing...
maxdom : 6
D->valSize : 335
Solving...
Blb : 2 (clique : 26)
currentSize : 26 <-- 0.003335 s
currentSize : 27 <-- 0.003781 s
currentSize : 28 <-- 0.031005 s
currentSize : 29 <-- 1.841215 s
currentSize : 30 <-- 2.135741 s
currentSize : 31 <-- 23.574677 s
currentSize : 32 <-- 338.479706 s

TIMEOUT
maxsize : 32
nodes : 740183145.000000
filtered : 3372008897.000000
time : 3600.000000
