Parameters: GAD=1 vflib=1 dir=0 label=1 lowerbound=1 fileNameGp=../graphsdb/mcs10/rand/r005/mcs10_r005_s70.A95 fileNameGt=../graphsdb/mcs10/rand/r005/mcs10_r005_s70.B95
Reading graphs...
70 :  239
70 :  238
Initializing...
maxdom : 8
D->valSize : 330
Solving...
Blb : 2 (clique : 16)
currentSize : 16 <-- 0.002832 s
currentSize : 17 <-- 0.002970 s
currentSize : 18 <-- 0.012777 s
currentSize : 19 <-- 0.022902 s
currentSize : 20 <-- 0.831699 s
currentSize : 21 <-- 19.425766 s
currentSize : 22 <-- 357.431244 s

TIMEOUT
maxsize : 22
nodes : 807976973.000000
filtered : 7030033158.000000
time : 3600.000000
