Parameters: GAD=1 vflib=1 dir=0 label=1 lowerbound=1 fileNameGp=../graphsdb/mcs10/m3D/m3Dr6/mcs10_m3Dr6_s70.A04 fileNameGt=../graphsdb/mcs10/m3D/m3Dr6/mcs10_m3Dr6_s70.B04
Reading graphs...
70 :  199
70 :  195
Initializing...
maxdom : 6
D->valSize : 308
Solving...
Blb : 2 (clique : 20)
currentSize : 20 <-- 0.002870 s
currentSize : 21 <-- 0.003055 s
currentSize : 22 <-- 0.003186 s
currentSize : 23 <-- 1.787252 s
currentSize : 24 <-- 1.800075 s
currentSize : 25 <-- 340.687256 s

TIMEOUT
maxsize : 25
nodes : 811736922.000000
filtered : 6561021986.000000
time : 3600.000000
