Parameters: GAD=1 vflib=1 dir=0 label=1 lowerbound=1 fileNameGp=../graphsdb/mcs10/m2D/m2Dr4/mcs10_m2Dr4_s90.A29 fileNameGt=../graphsdb/mcs10/m2D/m2Dr4/mcs10_m2Dr4_s90.B29
Reading graphs...
90 :  195
90 :  193
Initializing...
maxdom : 10
D->valSize : 511
Solving...
Blb : 2 (clique : 27)
currentSize : 27 <-- 0.005658 s
currentSize : 28 <-- 0.005890 s
currentSize : 29 <-- 0.020322 s
currentSize : 30 <-- 0.068568 s
currentSize : 31 <-- 0.283170 s
currentSize : 32 <-- 11.875028 s
currentSize : 33 <-- 110.550919 s
currentSize : 34 <-- 706.865540 s
currentSize : 35 <-- 1301.833862 s

TIMEOUT
maxsize : 35
nodes : 866737485.000000
filtered : 4640047105.000000
time : 3600.000000
