Parameters: GAD=1 vflib=1 dir=0 label=1 lowerbound=1 fileNameGp=../graphsdb/mcs10/bvg/b06m/mcs10_b06m_s80.A22 fileNameGt=../graphsdb/mcs10/bvg/b06m/mcs10_b06m_s80.B22
Reading graphs...
80 :  235
80 :  235
Initializing...
maxdom : 11
D->valSize : 404
Solving...
Blb : 3 (clique : 23)
currentSize : 23 <-- 0.006130 s
currentSize : 24 <-- 0.040400 s
currentSize : 25 <-- 0.955572 s
currentSize : 26 <-- 5.067631 s
currentSize : 27 <-- 9.744839 s
currentSize : 28 <-- 42.667416 s

TIMEOUT
maxsize : 28
nodes : 812677204.000000
filtered : 5758378002.000000
time : 3600.000000
