Parameters: GAD=1 vflib=1 dir=0 label=1 lowerbound=1 fileNameGp=../graphsdb/mcs10/bvg/b03/mcs10_b03_s70.A47 fileNameGt=../graphsdb/mcs10/bvg/b03/mcs10_b03_s70.B47
Reading graphs...
70 :  104
70 :  104
Initializing...
maxdom : 9
D->valSize : 319
Solving...
Blb : 2 (clique : 26)
currentSize : 26 <-- 0.002915 s
currentSize : 27 <-- 0.003774 s
currentSize : 28 <-- 0.078534 s
currentSize : 29 <-- 0.589373 s
currentSize : 30 <-- 780.366272 s
currentSize : 31 <-- 1359.526611 s

TIMEOUT
maxsize : 31
nodes : 1405612486.000000
filtered : 3358352306.000000
time : 3600.000000
