Parameters: GAD=1 vflib=1 dir=0 label=1 lowerbound=1 fileNameGp=../graphsdb/mcs10/m3D/m3Dr6/mcs10_m3Dr6_s90.A75 fileNameGt=../graphsdb/mcs10/m3D/m3Dr6/mcs10_m3Dr6_s90.B75
Reading graphs...
90 :  256
90 :  260
Initializing...
maxdom : 11
D->valSize : 491
Solving...
Blb : 2 (clique : 22)
currentSize : 22 <-- 0.005331 s
currentSize : 23 <-- 0.033305 s
currentSize : 24 <-- 0.076700 s
currentSize : 25 <-- 0.259229 s
currentSize : 26 <-- 1.499779 s
currentSize : 27 <-- 14.238151 s
currentSize : 28 <-- 74.895309 s
currentSize : 29 <-- 209.983597 s

TIMEOUT
maxsize : 29
nodes : 820491526.000000
filtered : 5364672741.000000
time : 3600.000000
