Parameters: GAD=1 vflib=1 dir=0 label=1 lowerbound=1 fileNameGp=../graphsdb/mcs10/bvg/b06/mcs10_b06_s100.A58 fileNameGt=../graphsdb/mcs10/bvg/b06/mcs10_b06_s100.B58
Reading graphs...
100 :  297
100 :  298
Initializing...
maxdom : 7
D->valSize : 333
Solving...
Blb : 2 (clique : 25)
currentSize : 25 <-- 0.003288 s
currentSize : 26 <-- 0.078119 s
currentSize : 27 <-- 0.201690 s
currentSize : 28 <-- 0.855755 s
currentSize : 29 <-- 2.538882 s
currentSize : 30 <-- 56.349136 s
currentSize : 31 <-- 490.144653 s

TIMEOUT
maxsize : 31
nodes : 700374766.000000
filtered : 4524983946.000000
time : 3600.000000
