Parameters: GAD=1 vflib=1 dir=0 label=1 lowerbound=1 fileNameGp=../graphsdb/mcs10/bvg/b06m/mcs10_b06m_s70.A17 fileNameGt=../graphsdb/mcs10/bvg/b06m/mcs10_b06m_s70.B17
Reading graphs...
70 :  201
70 :  202
Initializing...
maxdom : 8
D->valSize : 320
Solving...
Blb : 2 (clique : 20)
currentSize : 20 <-- 0.004083 s
currentSize : 21 <-- 0.026409 s
currentSize : 22 <-- 0.443662 s
currentSize : 23 <-- 1.528158 s
currentSize : 24 <-- 3.592257 s
currentSize : 25 <-- 1892.219360 s

TIMEOUT
maxsize : 25
nodes : 873159248.000000
filtered : 6452703919.000000
time : 3600.000000
