Parameters: GAD=1 vflib=1 dir=0 label=1 lowerbound=1 fileNameGp=../graphsdb/mcs10/bvg/b03m/mcs10_b03m_s80.A08 fileNameGt=../graphsdb/mcs10/bvg/b03m/mcs10_b03m_s80.B08
Reading graphs...
80 :  117
80 :  118
Initializing...
maxdom : 8
D->valSize : 406
Solving...
Blb : 2 (clique : 29)
currentSize : 29 <-- 0.003923 s
currentSize : 30 <-- 0.058872 s
currentSize : 31 <-- 317.444916 s
currentSize : 32 <-- 849.857178 s
currentSize : 33 <-- 1107.367554 s
currentSize : 34 <-- 3584.576416 s

TIMEOUT
maxsize : 34
nodes : 995788238.000000
filtered : 4703520776.000000
time : 3600.000000
