Parameters: GAD=1 vflib=1 dir=0 label=1 lowerbound=1 fileNameGp=../graphsdb/mcs10/bvg/b06m/mcs10_b06m_s70.A31 fileNameGt=../graphsdb/mcs10/bvg/b06m/mcs10_b06m_s70.B31
Reading graphs...
70 :  203
70 :  202
Initializing...
maxdom : 8
D->valSize : 299
Solving...
Blb : 2 (clique : 18)
currentSize : 18 <-- 0.002503 s
currentSize : 19 <-- 0.002636 s
currentSize : 20 <-- 0.003018 s
currentSize : 21 <-- 0.004280 s
currentSize : 22 <-- 1.110929 s
currentSize : 23 <-- 1.275259 s
currentSize : 24 <-- 87.955544 s

TIMEOUT
maxsize : 24
nodes : 821601925.000000
filtered : 6780338014.000000
time : 3600.000000
