Parameters: GAD=1 vflib=1 dir=0 label=1 lowerbound=1 fileNameGp=../graphsdb/mcs10/bvg/b06/mcs10_b06_s70.A92 fileNameGt=../graphsdb/mcs10/bvg/b06/mcs10_b06_s70.B92
Reading graphs...
70 :  205
70 :  209
Initializing...
maxdom : 9
D->valSize : 300
Solving...
Blb : 2 (clique : 19)
currentSize : 19 <-- 0.003829 s
currentSize : 20 <-- 0.562987 s
currentSize : 21 <-- 0.579048 s
currentSize : 22 <-- 3.878364 s
currentSize : 23 <-- 161.644058 s
currentSize : 24 <-- 1845.473022 s

TIMEOUT
maxsize : 24
nodes : 862758376.000000
filtered : 7932524182.000000
time : 3600.000000
