Parameters: GAD=1 vflib=1 dir=0 label=1 lowerbound=1 fileNameGp=../graphsdb/mcs10/rand/r01/mcs10_r01_s40.A59 fileNameGt=../graphsdb/mcs10/rand/r01/mcs10_r01_s40.B59
Reading graphs...
40 :  153
40 :  151
Initializing...
maxdom : 9
D->valSize : 200
Solving...
Blb : 2 (clique : 8)
currentSize : 8 <-- 0.001175 s
currentSize : 9 <-- 0.001357 s
currentSize : 10 <-- 0.002254 s
currentSize : 11 <-- 0.003561 s
currentSize : 12 <-- 0.401218 s

maxsize : 12
nodes : 249503.000000
filtered : 2112295.000000
time : 0.774341
