Parameters: GAD=1 vflib=1 dir=0 label=1 lowerbound=1 fileNameGp=../graphsdb/mcs10/m2D/m2Dr4/mcs10_m2Dr4_s40.A21 fileNameGt=../graphsdb/mcs10/m2D/m2Dr4/mcs10_m2Dr4_s40.B21
Reading graphs...
40 :  80
40 :  79
Initializing...
maxdom : 7
D->valSize : 206
Solving...
Blb : 2 (clique : 13)
currentSize : 13 <-- 0.001223 s
currentSize : 14 <-- 0.028512 s
currentSize : 15 <-- 0.082329 s
currentSize : 16 <-- 0.084972 s
currentSize : 17 <-- 0.232923 s
currentSize : 18 <-- 0.240615 s

maxsize : 18
nodes : 703080.000000
filtered : 6076637.000000
time : 2.502738
