Parameters: GAD=1 vflib=1 dir=0 label=1 lowerbound=1 fileNameGp=../graphsdb/mcs10/rand/r005/mcs10_r005_s80.A26 fileNameGt=../graphsdb/mcs10/rand/r005/mcs10_r005_s80.B26
Reading graphs...
80 :  314
80 :  311
Initializing...
maxdom : 8
D->valSize : 422
Solving...
Blb : 2 (clique : 19)
currentSize : 19 <-- 0.004064 s
currentSize : 20 <-- 0.004379 s
currentSize : 21 <-- 0.004484 s
currentSize : 22 <-- 0.258488 s
currentSize : 23 <-- 1.123671 s
currentSize : 24 <-- 19.723597 s
currentSize : 25 <-- 694.429321 s

TIMEOUT
maxsize : 25
nodes : 669384365.000000
filtered : 7427573564.000000
time : 3600.000000
