Parameters: GAD=1 vflib=1 dir=0 label=1 lowerbound=1 fileNameGp=../graphsdb/mcs10/m3D/m3Dr6/mcs10_m3Dr6_s100.A52 fileNameGt=../graphsdb/mcs10/m3D/m3Dr6/mcs10_m3Dr6_s100.B52
Reading graphs...
100 :  286
100 :  290
Initializing...
maxdom : 8
D->valSize : 312
Solving...
Blb : 2 (clique : 27)
currentSize : 27 <-- 0.002977 s
currentSize : 28 <-- 0.003189 s
currentSize : 29 <-- 0.003271 s
currentSize : 30 <-- 0.263726 s
currentSize : 31 <-- 27.239304 s
currentSize : 32 <-- 57.506851 s
currentSize : 33 <-- 839.148682 s
currentSize : 34 <-- 1153.319702 s

TIMEOUT
maxsize : 34
nodes : 716292810.000000
filtered : 4183263197.000000
time : 3600.000000
