Parameters: GAD=1 vflib=1 dir=0 label=1 lowerbound=1 fileNameGp=../graphsdb/mcs10/rand/r01/mcs10_r01_s70.A28 fileNameGt=../graphsdb/mcs10/rand/r01/mcs10_r01_s70.B28
Reading graphs...
70 :  463
70 :  463
Initializing...
maxdom : 6
D->valSize : 316
Solving...
Blb : 2 (clique : 11)
currentSize : 11 <-- 0.002665 s
currentSize : 12 <-- 0.002826 s
currentSize : 13 <-- 0.004320 s
currentSize : 14 <-- 0.007340 s
currentSize : 15 <-- 0.022501 s
currentSize : 16 <-- 3.188485 s

maxsize : 16
nodes : 11633586.000000
filtered : 112358737.000000
time : 54.365025
