Parameters: GAD=1 vflib=1 dir=0 label=1 lowerbound=1 fileNameGp=../graphsdb/mcs10/m2D/m2Dr6/mcs10_m2Dr6_s50.A48 fileNameGt=../graphsdb/mcs10/m2D/m2Dr6/mcs10_m2Dr6_s50.B48
Reading graphs...
50 :  114
50 :  113
Initializing...
maxdom : 9
D->valSize : 313
Solving...
Blb : 2 (clique : 16)
currentSize : 16 <-- 0.003714 s
currentSize : 17 <-- 0.013929 s
currentSize : 18 <-- 0.049211 s
currentSize : 19 <-- 0.175166 s
currentSize : 20 <-- 9.308458 s
currentSize : 21 <-- 9.398480 s

maxsize : 21
nodes : 120057106.000000
filtered : 1278388990.000000
time : 454.384705
