Parameters: GAD=1 vflib=1 dir=0 label=1 lowerbound=1 fileNameGp=../graphsdb/mcs10/rand/r001/mcs10_r001_s100.A15 fileNameGt=../graphsdb/mcs10/rand/r001/mcs10_r001_s100.B15
Reading graphs...
100 :  108
100 :  108
Initializing...
maxdom : 9
D->valSize : 333
Solving...
Blb : 2 (clique : 40)
currentSize : 40 <-- 0.005742 s
currentSize : 41 <-- 0.006233 s
currentSize : 42 <-- 0.187873 s
currentSize : 43 <-- 24.202290 s
currentSize : 44 <-- 119.613892 s
currentSize : 45 <-- 522.734985 s

TIMEOUT
maxsize : 45
nodes : 832568803.000000
filtered : 2470160859.000000
time : 3600.000000
