Parameters: GAD=1 vflib=1 dir=0 label=1 lowerbound=1 fileNameGp=../graphsdb/mcs10/m2D/m2Dr4/mcs10_m2Dr4_s100.A75 fileNameGt=../graphsdb/mcs10/m2D/m2Dr4/mcs10_m2Dr4_s100.B75
Reading graphs...
100 :  218
100 :  217
Initializing...
maxdom : 6
D->valSize : 310
Solving...
Blb : 2 (clique : 28)
currentSize : 28 <-- 0.003024 s
currentSize : 29 <-- 0.003234 s
currentSize : 30 <-- 0.003528 s
currentSize : 31 <-- 0.763093 s
currentSize : 32 <-- 5.984187 s
currentSize : 33 <-- 6.006082 s
currentSize : 34 <-- 127.903870 s

TIMEOUT
maxsize : 34
nodes : 846860478.000000
filtered : 2852004398.000000
time : 3600.000000
