Parameters: GAD=1 vflib=1 dir=0 label=1 lowerbound=1 fileNameGp=../graphsdb/mcs10/m4D/m4Dr2/mcs10_m4Dr2_s100.A67 fileNameGt=../graphsdb/mcs10/m4D/m4Dr2/mcs10_m4Dr2_s100.B67
Reading graphs...
100 :  179
100 :  179
Initializing...
maxdom : 6
D->valSize : 308
Solving...
Blb : 2 (clique : 34)
currentSize : 34 <-- 0.003323 s
currentSize : 36 <-- 0.003581 s
currentSize : 37 <-- 0.006180 s
currentSize : 38 <-- 0.055635 s
currentSize : 39 <-- 0.111802 s
currentSize : 40 <-- 9.676663 s
currentSize : 41 <-- 108.396248 s

TIMEOUT
maxsize : 41
nodes : 767665982.000000
filtered : 2390509516.000000
time : 3600.000000
