Parameters: GAD=1 vflib=1 dir=0 label=1 lowerbound=1 fileNameGp=../graphsdb/mcs10/m3D/m3D/mcs10_m3D_s80.A76 fileNameGt=../graphsdb/mcs10/m3D/m3D/mcs10_m3D_s80.B76
Reading graphs...
80 :  180
80 :  182
Initializing...
maxdom : 8
D->valSize : 400
Solving...
Blb : 2 (clique : 24)
currentSize : 24 <-- 0.006062 s
currentSize : 25 <-- 0.006619 s
currentSize : 26 <-- 0.007541 s
currentSize : 27 <-- 35.144470 s
currentSize : 28 <-- 229.624039 s
currentSize : 29 <-- 927.198486 s

TIMEOUT
maxsize : 29
nodes : 881469874.000000
filtered : 4854832223.000000
time : 3600.000000
