Parameters: GAD=1 vflib=1 dir=0 label=1 lowerbound=1 fileNameGp=../graphsdb/mcs10/m2D/m2Dr6/mcs10_m2Dr6_s60.A24 fileNameGt=../graphsdb/mcs10/m2D/m2Dr6/mcs10_m2Dr6_s60.B24
Reading graphs...
60 :  136
60 :  138
Initializing...
maxdom : 7
D->valSize : 231
Solving...
Blb : 2 (clique : 19)
currentSize : 19 <-- 0.001786 s
currentSize : 20 <-- 0.001995 s
currentSize : 21 <-- 0.014008 s
currentSize : 22 <-- 0.043497 s
currentSize : 23 <-- 10.776250 s

maxsize : 23
nodes : 91495770.000000
filtered : 629976045.000000
time : 357.118469
