Parameters: GAD=1 vflib=1 dir=0 label=1 lowerbound=1 fileNameGp=../graphsdb/mcs10/bvg/b06m/mcs10_b06m_s80.A73 fileNameGt=../graphsdb/mcs10/bvg/b06m/mcs10_b06m_s80.B73
Reading graphs...
80 :  234
80 :  234
Initializing...
maxdom : 8
D->valSize : 424
Solving...
Blb : 2 (clique : 20)
currentSize : 20 <-- 0.004025 s
currentSize : 21 <-- 0.004217 s
currentSize : 22 <-- 0.022164 s
currentSize : 23 <-- 0.054645 s
currentSize : 24 <-- 1.050484 s
currentSize : 25 <-- 2.279103 s
currentSize : 26 <-- 166.856293 s
currentSize : 27 <-- 3175.895020 s

TIMEOUT
maxsize : 27
nodes : 778714076.000000
filtered : 6939942853.000000
time : 3600.000000
