Parameters: GAD=1 vflib=1 dir=0 label=1 lowerbound=1 fileNameGp=../graphsdb/mcs10/rand/r005/mcs10_r005_s100.A56 fileNameGt=../graphsdb/mcs10/rand/r005/mcs10_r005_s100.B56
Reading graphs...
100 :  489
100 :  484
Initializing...
maxdom : 7
D->valSize : 320
Solving...
Blb : 2 (clique : 19)
currentSize : 19 <-- 0.003525 s
currentSize : 20 <-- 0.011731 s
currentSize : 21 <-- 0.485227 s
currentSize : 22 <-- 16.124504 s
currentSize : 23 <-- 474.418976 s
currentSize : 24 <-- 474.609863 s

TIMEOUT
maxsize : 24
nodes : 687446824.000000
filtered : 4252874386.000000
time : 3600.000000
