Parameters: GAD=1 vflib=1 dir=0 label=1 lowerbound=1 fileNameGp=../graphsdb/mcs10/m3D/m3Dr4/mcs10_m3Dr4_s70.A46 fileNameGt=../graphsdb/mcs10/m3D/m3Dr4/mcs10_m3Dr4_s70.B46
Reading graphs...
70 :  184
70 :  179
Initializing...
maxdom : 11
D->valSize : 335
Solving...
Blb : 2 (clique : 19)
currentSize : 19 <-- 0.002857 s
currentSize : 20 <-- 0.003011 s
currentSize : 21 <-- 0.004431 s
currentSize : 22 <-- 0.093722 s
currentSize : 23 <-- 0.468492 s
currentSize : 24 <-- 0.621850 s
currentSize : 25 <-- 1.014478 s
currentSize : 26 <-- 19.379084 s

TIMEOUT
maxsize : 26
nodes : 780235420.000000
filtered : 7129279164.000000
time : 3600.000000
