Parameters: GAD=1 vflib=1 dir=0 label=1 lowerbound=1 fileNameGp=../graphsdb/mcs10/m3D/m3Dr6/mcs10_m3Dr6_s80.A10 fileNameGt=../graphsdb/mcs10/m3D/m3Dr6/mcs10_m3Dr6_s80.B10
Reading graphs...
80 :  230
80 :  229
Initializing...
maxdom : 8
D->valSize : 421
Solving...
Blb : 2 (clique : 20)
currentSize : 20 <-- 0.003903 s
currentSize : 21 <-- 0.004061 s
currentSize : 22 <-- 0.004154 s
currentSize : 23 <-- 0.020133 s
currentSize : 24 <-- 0.437750 s
currentSize : 25 <-- 311.303589 s
currentSize : 26 <-- 1536.865234 s
currentSize : 27 <-- 1570.361328 s

TIMEOUT
maxsize : 27
nodes : 742402544.000000
filtered : 6231020040.000000
time : 3600.000000
