Parameters: GAD=1 vflib=1 dir=0 label=1 lowerbound=1 fileNameGp=../graphsdb/mcs10/m2D/m2Dr4/mcs10_m2Dr4_s60.A70 fileNameGt=../graphsdb/mcs10/m2D/m2Dr4/mcs10_m2Dr4_s60.B70
Reading graphs...
60 :  125
60 :  125
Initializing...
maxdom : 7
D->valSize : 225
Solving...
Blb : 2 (clique : 18)
currentSize : 18 <-- 0.001735 s
currentSize : 19 <-- 0.001836 s
currentSize : 20 <-- 0.028149 s
currentSize : 21 <-- 0.101058 s
currentSize : 22 <-- 0.371915 s
currentSize : 23 <-- 8.003123 s
currentSize : 24 <-- 287.560638 s

maxsize : 24
nodes : 380659660.000000
filtered : 2446035147.000000
time : 1279.354370
