Parameters: GAD=1 vflib=1 dir=0 label=1 lowerbound=1 fileNameGp=../graphsdb/mcs10/m2D/m2Dr4/mcs10_m2Dr4_s60.A21 fileNameGt=../graphsdb/mcs10/m2D/m2Dr4/mcs10_m2Dr4_s60.B21
Reading graphs...
60 :  127
60 :  125
Initializing...
maxdom : 7
D->valSize : 232
Solving...
Blb : 2 (clique : 18)
currentSize : 18 <-- 0.002022 s
currentSize : 19 <-- 0.002142 s
currentSize : 20 <-- 0.006832 s
currentSize : 21 <-- 0.034339 s
currentSize : 22 <-- 27.822880 s
currentSize : 23 <-- 218.684769 s
currentSize : 24 <-- 626.761108 s

maxsize : 24
nodes : 229710074.000000
filtered : 1309844659.000000
time : 852.214294
