Parameters: GAD=1 vflib=1 dir=0 label=1 lowerbound=1 fileNameGp=../graphsdb/mcs10/rand/r01/mcs10_r01_s50.A39 fileNameGt=../graphsdb/mcs10/rand/r01/mcs10_r01_s50.B39
Reading graphs...
50 :  238
50 :  237
Initializing...
maxdom : 9
D->valSize : 313
Solving...
Blb : 2 (clique : 10)
currentSize : 10 <-- 0.002164 s
currentSize : 11 <-- 0.002317 s
currentSize : 12 <-- 0.011605 s
currentSize : 13 <-- 0.061867 s
currentSize : 14 <-- 0.541533 s

maxsize : 14
nodes : 3446328.000000
filtered : 39748234.000000
time : 13.150270
