Parameters: GAD=1 vflib=1 dir=0 label=1 lowerbound=1 fileNameGp=../graphsdb/mcs10/m2D/m2Dr4/mcs10_m2Dr4_s60.A32 fileNameGt=../graphsdb/mcs10/m2D/m2Dr4/mcs10_m2Dr4_s60.B32
Reading graphs...
60 :  125
60 :  124
Initializing...
maxdom : 7
D->valSize : 202
Solving...
Blb : 2 (clique : 19)
currentSize : 19 <-- 0.002351 s
currentSize : 20 <-- 0.334228 s
currentSize : 21 <-- 0.537868 s
currentSize : 22 <-- 2.313980 s
currentSize : 23 <-- 3.049384 s

maxsize : 23
nodes : 40883170.000000
filtered : 239643256.000000
time : 144.053726
