Parameters: GAD=1 vflib=1 dir=0 label=1 lowerbound=1 fileNameGp=../graphsdb/mcs10/m2D/m2Dr6/mcs10_m2Dr6_s100.A09 fileNameGt=../graphsdb/mcs10/m2D/m2Dr6/mcs10_m2Dr6_s100.B09
Reading graphs...
100 :  238
100 :  236
Initializing...
maxdom : 8
D->valSize : 342
Solving...
Blb : 2 (clique : 26)
currentSize : 26 <-- 0.005525 s
currentSize : 27 <-- 0.005886 s
currentSize : 28 <-- 0.006215 s
currentSize : 29 <-- 0.011828 s
currentSize : 30 <-- 0.176945 s
currentSize : 31 <-- 3.076321 s
currentSize : 32 <-- 16.372828 s
currentSize : 33 <-- 79.487480 s
currentSize : 34 <-- 91.164131 s

TIMEOUT
maxsize : 34
nodes : 732723269.000000
filtered : 3586280251.000000
time : 3600.000000
