Parameters: GAD=1 vflib=1 dir=0 label=1 lowerbound=1 fileNameGp=../graphsdb/mcs10/m3D/m3Dr6/mcs10_m3Dr6_s90.A76 fileNameGt=../graphsdb/mcs10/m3D/m3Dr6/mcs10_m3Dr6_s90.B76
Reading graphs...
90 :  258
90 :  255
Initializing...
maxdom : 11
D->valSize : 446
Solving...
Blb : 2 (clique : 25)
currentSize : 25 <-- 0.007459 s
currentSize : 26 <-- 0.007734 s
currentSize : 27 <-- 25.189917 s
currentSize : 28 <-- 57.624527 s
currentSize : 29 <-- 330.527191 s
currentSize : 30 <-- 1630.959717 s

TIMEOUT
maxsize : 30
nodes : 816070781.000000
filtered : 4983458089.000000
time : 3600.000000
