Parameters: GAD=1 vflib=1 dir=0 label=1 lowerbound=1 fileNameGp=../graphsdb/mcs10/rand/r01/mcs10_r01_s90.A88 fileNameGt=../graphsdb/mcs10/rand/r01/mcs10_r01_s90.B88
Reading graphs...
90 :  759
90 :  763
Initializing...
maxdom : 12
D->valSize : 568
Solving...
Blb : 2 (clique : 13)
currentSize : 13 <-- 0.006265 s
currentSize : 14 <-- 0.006388 s
currentSize : 15 <-- 0.006571 s
currentSize : 16 <-- 0.083890 s
currentSize : 17 <-- 15.090297 s
currentSize : 18 <-- 452.433014 s

maxsize : 18
nodes : 457342490.000000
filtered : 6548128600.000000
time : 2588.648193
