Parameters: GAD=1 vflib=1 dir=0 label=1 lowerbound=1 fileNameGp=../graphsdb/mcs10/m2D/m2Dr6/mcs10_m2Dr6_s70.A94 fileNameGt=../graphsdb/mcs10/m2D/m2Dr6/mcs10_m2Dr6_s70.B94
Reading graphs...
70 :  162
70 :  160
Initializing...
maxdom : 7
D->valSize : 285
Solving...
Blb : 2 (clique : 19)
currentSize : 19 <-- 0.002393 s
currentSize : 20 <-- 0.003217 s
currentSize : 21 <-- 0.031071 s
currentSize : 22 <-- 0.086684 s
currentSize : 23 <-- 7.776186 s
currentSize : 24 <-- 14.839099 s
currentSize : 25 <-- 73.127541 s
currentSize : 26 <-- 3567.162842 s

TIMEOUT
maxsize : 26
nodes : 897394116.000000
filtered : 5705876129.000000
time : 3600.000000
