Parameters: GAD=1 vflib=1 dir=0 label=1 lowerbound=1 fileNameGp=../graphsdb/mcs10/m4D/m4D/mcs10_m4D_s100.A56 fileNameGt=../graphsdb/mcs10/m4D/m4D/mcs10_m4D_s100.B56
Reading graphs...
100 :  159
100 :  159
Initializing...
maxdom : 10
D->valSize : 330
Solving...
Blb : 5 (clique : 33)
currentSize : 33 <-- 0.003370 s
currentSize : 34 <-- 0.003624 s
currentSize : 35 <-- 0.004773 s
currentSize : 36 <-- 0.007355 s
currentSize : 37 <-- 0.040493 s
currentSize : 38 <-- 0.730628 s
currentSize : 39 <-- 267.361664 s

TIMEOUT
maxsize : 39
nodes : 778496321.000000
filtered : 2842627347.000000
time : 3600.000000
