Parameters: GAD=1 vflib=1 dir=0 label=1 lowerbound=1 fileNameGp=../graphsdb/mcs10/m2D/m2Dr4/mcs10_m2Dr4_s50.A03 fileNameGt=../graphsdb/mcs10/m2D/m2Dr4/mcs10_m2Dr4_s50.B03
Reading graphs...
50 :  104
50 :  103
Initializing...
maxdom : 10
D->valSize : 323
Solving...
Blb : 2 (clique : 18)
currentSize : 18 <-- 0.002362 s
currentSize : 19 <-- 0.002502 s
currentSize : 20 <-- 0.010558 s
currentSize : 21 <-- 0.040284 s
currentSize : 22 <-- 16.223097 s

maxsize : 22
nodes : 194074985.000000
filtered : 2138293496.000000
time : 721.178589
