Parameters: GAD=1 vflib=1 dir=0 label=1 lowerbound=1 fileNameGp=../graphsdb/mcs10/m2D/m2Dr4/mcs10_m2Dr4_s60.A68 fileNameGt=../graphsdb/mcs10/m2D/m2Dr4/mcs10_m2Dr4_s60.B68
Reading graphs...
60 :  125
60 :  126
Initializing...
maxdom : 6
D->valSize : 233
Solving...
Blb : 2 (clique : 21)
currentSize : 21 <-- 0.001757 s
currentSize : 22 <-- 0.006329 s
currentSize : 23 <-- 0.654881 s
currentSize : 24 <-- 17.153120 s
currentSize : 25 <-- 184.319473 s

maxsize : 25
nodes : 216304451.000000
filtered : 1397599380.000000
time : 818.167175
