Parameters: GAD=1 vflib=1 dir=0 label=1 lowerbound=1 fileNameGp=../graphsdb/mcs10/rand/r005/mcs10_r005_s70.A38 fileNameGt=../graphsdb/mcs10/rand/r005/mcs10_r005_s70.B38
Reading graphs...
70 :  239
70 :  244
Initializing...
maxdom : 9
D->valSize : 318
Solving...
Blb : 2 (clique : 18)
currentSize : 18 <-- 0.002492 s
currentSize : 19 <-- 0.030445 s
currentSize : 20 <-- 0.510985 s
currentSize : 21 <-- 3.114760 s
currentSize : 22 <-- 28.965481 s
currentSize : 23 <-- 1276.778931 s

maxsize : 23
nodes : 791646869.000000
filtered : 7275188817.000000
time : 3481.975586
