Parameters: GAD=1 vflib=1 dir=0 label=1 lowerbound=1 fileNameGp=../graphsdb/mcs10/m2D/m2Dr6/mcs10_m2Dr6_s60.A43 fileNameGt=../graphsdb/mcs10/m2D/m2Dr6/mcs10_m2Dr6_s60.B43
Reading graphs...
60 :  135
60 :  139
Initializing...
maxdom : 6
D->valSize : 245
Solving...
Blb : 5 (clique : 18)
currentSize : 18 <-- 0.001789 s
currentSize : 19 <-- 0.065126 s
currentSize : 20 <-- 0.588927 s
currentSize : 21 <-- 6.766312 s
currentSize : 22 <-- 303.306305 s

maxsize : 22
nodes : 244984603.000000
filtered : 1559711585.000000
time : 919.634949
