Parameters: GAD=1 vflib=1 dir=0 label=1 lowerbound=1 fileNameGp=../graphsdb/mcs10/bvg/b06m/mcs10_b06m_s80.A62 fileNameGt=../graphsdb/mcs10/bvg/b06m/mcs10_b06m_s80.B62
Reading graphs...
80 :  234
80 :  235
Initializing...
maxdom : 9
D->valSize : 413
Solving...
Blb : 2 (clique : 22)
currentSize : 22 <-- 0.004366 s
currentSize : 23 <-- 0.277720 s
currentSize : 24 <-- 0.649791 s
currentSize : 25 <-- 1.563654 s
currentSize : 26 <-- 188.578934 s
currentSize : 27 <-- 202.704910 s

TIMEOUT
maxsize : 27
nodes : 826590444.000000
filtered : 5885077361.000000
time : 3600.000000
