Parameters: GAD=1 vflib=1 dir=0 label=1 lowerbound=1 fileNameGp=../graphsdb/mcs10/m2D/m2Dr2/mcs10_m2Dr2_s100.A14 fileNameGt=../graphsdb/mcs10/m2D/m2Dr2/mcs10_m2Dr2_s100.B14
Reading graphs...
100 :  197
100 :  198
Initializing...
maxdom : 8
D->valSize : 311
Solving...
Blb : 2 (clique : 29)
currentSize : 29 <-- 0.003026 s
currentSize : 30 <-- 0.571043 s
currentSize : 31 <-- 0.634574 s
currentSize : 32 <-- 17.827377 s
currentSize : 33 <-- 51.716782 s
currentSize : 34 <-- 154.479385 s
currentSize : 35 <-- 425.825806 s

TIMEOUT
maxsize : 35
nodes : 789462876.000000
filtered : 2827222826.000000
time : 3600.000000
