Parameters: GAD=1 vflib=1 dir=0 label=1 lowerbound=1 fileNameGp=../graphsdb/mcs10/m2D/m2Dr6/mcs10_m2Dr6_s100.A20 fileNameGt=../graphsdb/mcs10/m2D/m2Dr6/mcs10_m2Dr6_s100.B20
Reading graphs...
100 :  236
100 :  235
Initializing...
maxdom : 8
D->valSize : 316
Solving...
Blb : 5 (clique : 26)
currentSize : 26 <-- 0.003031 s
currentSize : 27 <-- 0.029047 s
currentSize : 28 <-- 3.846222 s
currentSize : 29 <-- 3.848426 s
currentSize : 30 <-- 14.208791 s
currentSize : 31 <-- 43.140152 s
currentSize : 32 <-- 576.421997 s
currentSize : 33 <-- 1206.034424 s
currentSize : 34 <-- 2961.003662 s

TIMEOUT
maxsize : 34
nodes : 744304254.000000
filtered : 3558582846.000000
time : 3600.000000
