Parameters: GAD=1 vflib=1 dir=0 label=1 lowerbound=1 fileNameGp=../graphsdb/mcs10/m2D/m2Dr4/mcs10_m2Dr4_s100.A67 fileNameGt=../graphsdb/mcs10/m2D/m2Dr4/mcs10_m2Dr4_s100.B67
Reading graphs...
100 :  219
100 :  219
Initializing...
maxdom : 8
D->valSize : 314
Solving...
Blb : 2 (clique : 27)
currentSize : 27 <-- 0.005017 s
currentSize : 28 <-- 0.005449 s
currentSize : 29 <-- 0.041666 s
currentSize : 30 <-- 0.871377 s
currentSize : 31 <-- 27.877373 s
currentSize : 32 <-- 61.389187 s
currentSize : 33 <-- 211.420059 s
currentSize : 34 <-- 2296.329590 s

TIMEOUT
maxsize : 34
nodes : 753426614.000000
filtered : 3808630912.000000
time : 3600.000000
