Parameters: GAD=1 vflib=1 dir=0 label=1 lowerbound=1 fileNameGp=../graphsdb/mcs10/m2D/m2Dr2/mcs10_m2Dr2_s70.A82 fileNameGt=../graphsdb/mcs10/m2D/m2Dr2/mcs10_m2Dr2_s70.B82
Reading graphs...
70 :  135
70 :  136
Initializing...
maxdom : 10
D->valSize : 330
Solving...
Blb : 2 (clique : 23)
currentSize : 23 <-- 0.004470 s
currentSize : 24 <-- 0.012853 s
currentSize : 25 <-- 0.023712 s
currentSize : 26 <-- 0.115356 s
currentSize : 27 <-- 249.151611 s
currentSize : 28 <-- 250.000076 s

TIMEOUT
maxsize : 28
nodes : 938118641.000000
filtered : 6058132752.000000
time : 3600.000000
