Parameters: GAD=1 vflib=1 dir=0 label=1 lowerbound=1 fileNameGp=../graphsdb/mcs10/m2D/m2Dr2/mcs10_m2Dr2_s80.A56 fileNameGt=../graphsdb/mcs10/m2D/m2Dr2/mcs10_m2Dr2_s80.B56
Reading graphs...
80 :  156
80 :  156
Initializing...
maxdom : 8
D->valSize : 414
Solving...
Blb : 2 (clique : 26)
currentSize : 26 <-- 0.003970 s
currentSize : 27 <-- 0.030820 s
currentSize : 28 <-- 0.040351 s
currentSize : 29 <-- 1.250879 s
currentSize : 30 <-- 4.155169 s
currentSize : 31 <-- 22.666569 s

TIMEOUT
maxsize : 31
nodes : 786386465.000000
filtered : 5153051935.000000
time : 3600.000000
