Parameters: GAD=1 vflib=1 dir=0 label=1 lowerbound=1 fileNameGp=../graphsdb/mcs10/m2D/m2D/mcs10_m2D_s40.A98 fileNameGt=../graphsdb/mcs10/m2D/m2D/mcs10_m2D_s40.B98
Reading graphs...
40 :  65
40 :  67
Initializing...
maxdom : 8
D->valSize : 225
Solving...
Blb : 2 (clique : 15)
currentSize : 15 <-- 0.002130 s
currentSize : 16 <-- 0.002597 s
currentSize : 17 <-- 0.002641 s
currentSize : 18 <-- 1.302141 s
currentSize : 19 <-- 1.302698 s

maxsize : 19
nodes : 1269917.000000
filtered : 12694767.000000
time : 4.777891
