Parameters: GAD=1 vflib=1 dir=0 label=1 lowerbound=1 fileNameGp=../graphsdb/mcs10/m3D/m3D/mcs10_m3D_s100.A57 fileNameGt=../graphsdb/mcs10/m3D/m3D/mcs10_m3D_s100.B57
Reading graphs...
100 :  234
100 :  233
Initializing...
maxdom : 11
D->valSize : 336
Solving...
Blb : 5 (clique : 26)
currentSize : 26 <-- 0.003273 s
currentSize : 27 <-- 0.233370 s
currentSize : 28 <-- 0.251559 s
currentSize : 29 <-- 4.196898 s
currentSize : 30 <-- 54.106606 s
currentSize : 31 <-- 197.619781 s
currentSize : 32 <-- 1277.902588 s
currentSize : 33 <-- 3127.438232 s

TIMEOUT
maxsize : 33
nodes : 814035881.000000
filtered : 3346331679.000000
time : 3600.000000
