Parameters: GAD=1 vflib=1 dir=0 label=1 lowerbound=1 fileNameGp=../graphsdb/mcs10/rand/r01/mcs10_r01_s90.A07 fileNameGt=../graphsdb/mcs10/rand/r01/mcs10_r01_s90.B07
Reading graphs...
90 :  758
90 :  763
Initializing...
maxdom : 10
D->valSize : 516
Solving...
Blb : 2 (clique : 12)
currentSize : 12 <-- 0.005334 s
currentSize : 13 <-- 0.005630 s
currentSize : 14 <-- 0.013683 s
currentSize : 15 <-- 0.013969 s
currentSize : 16 <-- 0.051548 s
currentSize : 17 <-- 7.990561 s
currentSize : 18 <-- 96.144943 s

maxsize : 18
nodes : 375315438.000000
filtered : 4878946093.000000
time : 2074.585938
