Parameters: GAD=1 vflib=1 dir=0 label=1 lowerbound=1 fileNameGp=../graphsdb/mcs10/m3D/m3D/mcs10_m3D_s100.A46 fileNameGt=../graphsdb/mcs10/m3D/m3D/mcs10_m3D_s100.B46
Reading graphs...
100 :  232
100 :  233
Initializing...
maxdom : 6
D->valSize : 339
Solving...
Blb : 2 (clique : 28)
currentSize : 28 <-- 0.003367 s
currentSize : 29 <-- 0.003571 s
currentSize : 30 <-- 0.004971 s
currentSize : 31 <-- 0.006837 s
currentSize : 32 <-- 0.007080 s
currentSize : 33 <-- 2.346468 s
currentSize : 34 <-- 2.347715 s
currentSize : 35 <-- 145.783493 s
currentSize : 36 <-- 229.087189 s
currentSize : 37 <-- 3261.473389 s

TIMEOUT
maxsize : 37
nodes : 802671682.000000
filtered : 3754194706.000000
time : 3600.000000
