Parameters: GAD=1 vflib=1 dir=0 label=1 lowerbound=1 fileNameGp=../graphsdb/mcs10/bvg/b03m/mcs10_b03m_s100.A16 fileNameGt=../graphsdb/mcs10/bvg/b03m/mcs10_b03m_s100.B16
Reading graphs...
100 :  149
100 :  150
Initializing...
maxdom : 7
D->valSize : 321
Solving...
Blb : 2 (clique : 34)
currentSize : 34 <-- 0.003253 s
currentSize : 35 <-- 0.004467 s
currentSize : 36 <-- 0.498954 s
currentSize : 37 <-- 13.417780 s
currentSize : 38 <-- 14.472245 s
currentSize : 39 <-- 257.836304 s

TIMEOUT
maxsize : 39
nodes : 697446963.000000
filtered : 3522039775.000000
time : 3600.000000
