Parameters: GAD=1 vflib=1 dir=0 label=1 lowerbound=1 fileNameGp=../graphsdb/mcs10/m3D/m3D/mcs10_m3D_s100.A44 fileNameGt=../graphsdb/mcs10/m3D/m3D/mcs10_m3D_s100.B44
Reading graphs...
100 :  235
100 :  234
Initializing...
maxdom : 7
D->valSize : 305
Solving...
Blb : 2 (clique : 29)
currentSize : 29 <-- 0.004786 s
currentSize : 30 <-- 0.017075 s
currentSize : 31 <-- 0.985133 s
currentSize : 32 <-- 1.376400 s
currentSize : 33 <-- 4.976792 s
currentSize : 34 <-- 6.176829 s

TIMEOUT
maxsize : 34
nodes : 739422958.000000
filtered : 3483016345.000000
time : 3600.000000
