Parameters: GAD=1 vflib=1 dir=0 label=1 lowerbound=1 fileNameGp=../graphsdb/mcs10/m2D/m2D/mcs10_m2D_s60.A62 fileNameGt=../graphsdb/mcs10/m2D/m2D/mcs10_m2D_s60.B62
Reading graphs...
60 :  103
60 :  102
Initializing...
maxdom : 8
D->valSize : 239
Solving...
Blb : 5 (clique : 19)
currentSize : 19 <-- 0.002712 s
currentSize : 20 <-- 0.002876 s
currentSize : 21 <-- 0.003354 s
currentSize : 22 <-- 3.135756 s
currentSize : 23 <-- 3.137542 s
currentSize : 24 <-- 35.852211 s
currentSize : 25 <-- 2120.200928 s

TIMEOUT
maxsize : 25
nodes : 993755709.000000
filtered : 6187701648.000000
time : 3600.000000
