Parameters: GAD=1 vflib=1 dir=0 label=1 lowerbound=1 fileNameGp=../graphsdb/mcs10/m2D/m2Dr2/mcs10_m2Dr2_s90.A60 fileNameGt=../graphsdb/mcs10/m2D/m2Dr2/mcs10_m2Dr2_s90.B60
Reading graphs...
90 :  179
90 :  177
Initializing...
maxdom : 11
D->valSize : 519
Solving...
Blb : 2 (clique : 31)
currentSize : 31 <-- 0.005813 s
currentSize : 32 <-- 0.393109 s
currentSize : 33 <-- 2.484990 s
currentSize : 34 <-- 2.689776 s
currentSize : 35 <-- 4.900873 s
currentSize : 36 <-- 436.581909 s
currentSize : 37 <-- 1325.710693 s

TIMEOUT
maxsize : 37
nodes : 794415646.000000
filtered : 5743288112.000000
time : 3600.000000
