Parameters: GAD=1 vflib=1 dir=0 label=1 lowerbound=1 fileNameGp=../graphsdb/mcs10/bvg/b06m/mcs10_b06m_s100.A22 fileNameGt=../graphsdb/mcs10/bvg/b06m/mcs10_b06m_s100.B22
Reading graphs...
100 :  296
100 :  293
Initializing...
maxdom : 6
D->valSize : 329
Solving...
Blb : 2 (clique : 25)
currentSize : 25 <-- 0.003154 s
currentSize : 26 <-- 0.364330 s
currentSize : 27 <-- 0.375819 s
currentSize : 28 <-- 76.790619 s
currentSize : 29 <-- 643.825256 s
currentSize : 30 <-- 2253.828613 s

TIMEOUT
maxsize : 30
nodes : 749805232.000000
filtered : 3379356852.000000
time : 3600.000000
