Parameters: GAD=1 vflib=1 dir=0 label=1 lowerbound=1 fileNameGp=../graphsdb/mcs10/m3D/m3Dr4/mcs10_m3Dr4_s100.A78 fileNameGt=../graphsdb/mcs10/m3D/m3Dr4/mcs10_m3Dr4_s100.B78
Reading graphs...
100 :  273
100 :  268
Initializing...
maxdom : 6
D->valSize : 328
Solving...
Blb : 2 (clique : 26)
currentSize : 26 <-- 0.003138 s
currentSize : 27 <-- 0.003326 s
currentSize : 28 <-- 0.003440 s
currentSize : 29 <-- 0.336791 s
currentSize : 30 <-- 1.028838 s
currentSize : 31 <-- 1650.283936 s

TIMEOUT
maxsize : 31
nodes : 738281784.000000
filtered : 3435582036.000000
time : 3600.000000
