Parameters: GAD=1 vflib=1 dir=0 label=1 lowerbound=1 fileNameGp=../graphsdb/mcs10/m4D/m4D/mcs10_m4D_s100.A46 fileNameGt=../graphsdb/mcs10/m4D/m4D/mcs10_m4D_s100.B46
Reading graphs...
100 :  159
100 :  158
Initializing...
maxdom : 8
D->valSize : 384
Solving...
Blb : 2 (clique : 36)
currentSize : 36 <-- 0.006701 s
currentSize : 37 <-- 0.011569 s
currentSize : 38 <-- 0.200225 s
currentSize : 39 <-- 0.557264 s
currentSize : 40 <-- 1.792847 s
currentSize : 41 <-- 7.732489 s

TIMEOUT
maxsize : 41
nodes : 811629260.000000
filtered : 3112815304.000000
time : 3600.000000
