Parameters: GAD=1 vflib=1 dir=0 label=1 lowerbound=1 fileNameGp=../graphsdb/mcs10/bvg/b06m/mcs10_b06m_s70.A68 fileNameGt=../graphsdb/mcs10/bvg/b06m/mcs10_b06m_s70.B68
Reading graphs...
70 :  204
70 :  202
Initializing...
maxdom : 8
D->valSize : 312
Solving...
Blb : 2 (clique : 18)
currentSize : 18 <-- 0.002506 s
currentSize : 19 <-- 0.004682 s
currentSize : 20 <-- 0.007491 s
currentSize : 21 <-- 1.128196 s
currentSize : 22 <-- 19.678352 s
currentSize : 23 <-- 162.770599 s
currentSize : 24 <-- 444.953217 s

TIMEOUT
maxsize : 24
nodes : 815690297.000000
filtered : 7587708182.000000
time : 3600.000000
