Parameters: GAD=1 vflib=1 dir=0 label=1 lowerbound=1 fileNameGp=../graphsdb/mcs10/rand/r02/mcs10_r02_s100.A59 fileNameGt=../graphsdb/mcs10/rand/r02/mcs10_r02_s100.B59
Reading graphs...
100 :  1775
100 :  1784
Initializing...
maxdom : 8
D->valSize : 305
Solving...
Blb : 2 (clique : 7)
currentSize : 7 <-- 0.004456 s
currentSize : 8 <-- 0.004725 s
currentSize : 9 <-- 0.025561 s
currentSize : 10 <-- 0.472899 s
currentSize : 11 <-- 0.533479 s

maxsize : 11
nodes : 282775.000000
filtered : 2547546.000000
time : 1.591486
