Parameters: GAD=1 vflib=1 dir=0 label=1 lowerbound=1 fileNameGp=../graphsdb/mcs10/bvg/b06m/mcs10_b06m_s80.A97 fileNameGt=../graphsdb/mcs10/bvg/b06m/mcs10_b06m_s80.B97
Reading graphs...
80 :  233
80 :  232
Initializing...
maxdom : 7
D->valSize : 398
Solving...
Blb : 2 (clique : 21)
currentSize : 21 <-- 0.005985 s
currentSize : 23 <-- 0.006225 s
currentSize : 25 <-- 0.006686 s
currentSize : 26 <-- 0.062834 s
currentSize : 27 <-- 1.341694 s
currentSize : 28 <-- 9.358342 s
currentSize : 29 <-- 9.634012 s
currentSize : 30 <-- 106.969017 s

TIMEOUT
maxsize : 30
nodes : 753138565.000000
filtered : 6197327677.000000
time : 3600.000000
