Parameters: GAD=1 vflib=1 dir=0 label=1 lowerbound=1 fileNameGp=../graphsdb/mcs10/m2D/m2Dr6/mcs10_m2Dr6_s100.A58 fileNameGt=../graphsdb/mcs10/m2D/m2Dr6/mcs10_m2Dr6_s100.B58
Reading graphs...
100 :  238
100 :  231
Initializing...
maxdom : 10
D->valSize : 331
Solving...
Blb : 2 (clique : 23)
currentSize : 23 <-- 0.003270 s
currentSize : 24 <-- 0.041526 s
currentSize : 25 <-- 0.070636 s
currentSize : 26 <-- 19.346912 s
currentSize : 27 <-- 21.353764 s
currentSize : 28 <-- 75.332588 s
currentSize : 29 <-- 118.075714 s
currentSize : 30 <-- 1206.912476 s

TIMEOUT
maxsize : 30
nodes : 789000973.000000
filtered : 3686558798.000000
time : 3600.000000
