Parameters: GAD=1 vflib=1 dir=0 label=1 lowerbound=1 fileNameGp=../graphsdb/mcs10/m3D/m3D/mcs10_m3D_s70.A25 fileNameGt=../graphsdb/mcs10/m3D/m3D/mcs10_m3D_s70.B25
Reading graphs...
70 :  156
70 :  155
Initializing...
maxdom : 8
D->valSize : 302
Solving...
Blb : 2 (clique : 21)
currentSize : 21 <-- 0.002515 s
currentSize : 22 <-- 0.004098 s
currentSize : 23 <-- 0.006116 s
currentSize : 24 <-- 1.821035 s
currentSize : 25 <-- 1.823319 s
currentSize : 26 <-- 40.230698 s
currentSize : 27 <-- 1948.060913 s

TIMEOUT
maxsize : 27
nodes : 824439623.000000
filtered : 6016573164.000000
time : 3600.000000
