Parameters: GAD=1 vflib=1 dir=0 label=1 lowerbound=1 fileNameGp=../graphsdb/mcs10/bvg/b06m/mcs10_b06m_s100.A64 fileNameGt=../graphsdb/mcs10/bvg/b06m/mcs10_b06m_s100.B64
Reading graphs...
100 :  296
100 :  293
Initializing...
maxdom : 7
D->valSize : 293
Solving...
Blb : 2 (clique : 25)
currentSize : 25 <-- 0.004559 s
currentSize : 26 <-- 0.006300 s
currentSize : 27 <-- 1.050375 s
currentSize : 28 <-- 1.050830 s
currentSize : 29 <-- 5.568489 s
currentSize : 30 <-- 108.520905 s
currentSize : 31 <-- 389.098145 s

TIMEOUT
maxsize : 31
nodes : 764579785.000000
filtered : 3421816569.000000
time : 3600.000000
