Parameters: GAD=1 vflib=1 dir=0 label=1 lowerbound=1 fileNameGp=../graphsdb/mcs10/m2D/m2Dr2/mcs10_m2Dr2_s80.A19 fileNameGt=../graphsdb/mcs10/m2D/m2Dr2/mcs10_m2Dr2_s80.B19
Reading graphs...
80 :  157
80 :  158
Initializing...
maxdom : 8
D->valSize : 368
Solving...
Blb : 2 (clique : 28)
currentSize : 28 <-- 0.003488 s
currentSize : 29 <-- 0.006575 s
currentSize : 30 <-- 0.036344 s
currentSize : 31 <-- 0.540032 s
currentSize : 32 <-- 0.701423 s
currentSize : 33 <-- 1.084793 s

TIMEOUT
maxsize : 33
nodes : 872084177.000000
filtered : 5307207443.000000
time : 3600.000000
