Parameters: GAD=1 vflib=1 dir=0 label=1 lowerbound=1 fileNameGp=../graphsdb/mcs10/bvg/b03m/mcs10_b03m_s40.A24 fileNameGt=../graphsdb/mcs10/bvg/b03m/mcs10_b03m_s40.B24
Reading graphs...
40 :  59
40 :  58
Initializing...
maxdom : 9
D->valSize : 209
Solving...
Blb : 2 (clique : 16)
currentSize : 16 <-- 0.001255 s
currentSize : 17 <-- 0.001571 s
currentSize : 18 <-- 0.001685 s
currentSize : 19 <-- 0.003720 s
currentSize : 20 <-- 0.103507 s

maxsize : 20
nodes : 7434563.000000
filtered : 67899559.000000
time : 23.133713
