Parameters: GAD=1 vflib=1 dir=0 label=1 lowerbound=1 fileNameGp=../graphsdb/mcs10/m2D/m2Dr2/mcs10_m2Dr2_s100.A64 fileNameGt=../graphsdb/mcs10/m2D/m2Dr2/mcs10_m2Dr2_s100.B64
Reading graphs...
100 :  199
100 :  198
Initializing...
maxdom : 8
D->valSize : 355
Solving...
Blb : 2 (clique : 33)
currentSize : 33 <-- 0.005986 s
currentSize : 34 <-- 0.006425 s
currentSize : 35 <-- 0.172357 s
currentSize : 36 <-- 0.297358 s
currentSize : 37 <-- 1.169301 s
currentSize : 38 <-- 49.819523 s

TIMEOUT
maxsize : 38
nodes : 752697300.000000
filtered : 3674166611.000000
time : 3600.000000
