Parameters: GAD=1 vflib=1 dir=0 label=1 lowerbound=1 fileNameGp=../graphsdb/mcs10/m2D/m2Dr4/mcs10_m2Dr4_s40.A98 fileNameGt=../graphsdb/mcs10/m2D/m2Dr4/mcs10_m2Dr4_s40.B98
Reading graphs...
40 :  81
40 :  81
Initializing...
maxdom : 8
D->valSize : 190
Solving...
Blb : 2 (clique : 14)
currentSize : 14 <-- 0.001096 s
currentSize : 15 <-- 0.002746 s
currentSize : 16 <-- 0.006086 s
currentSize : 17 <-- 0.008334 s
currentSize : 18 <-- 0.084602 s

maxsize : 18
nodes : 498141.000000
filtered : 4503602.000000
time : 1.743399
