Parameters: GAD=1 vflib=1 dir=0 label=1 lowerbound=1 fileNameGp=../graphsdb/mcs10/m3D/m3Dr2/mcs10_m3Dr2_s100.A39 fileNameGt=../graphsdb/mcs10/m3D/m3Dr2/mcs10_m3Dr2_s100.B39
Reading graphs...
100 :  250
100 :  253
Initializing...
maxdom : 7
D->valSize : 328
Solving...
Blb : 2 (clique : 26)
currentSize : 26 <-- 0.003151 s
currentSize : 27 <-- 0.003712 s
currentSize : 28 <-- 0.004920 s
currentSize : 29 <-- 0.007817 s
currentSize : 30 <-- 0.171222 s
currentSize : 31 <-- 3.561244 s
currentSize : 32 <-- 106.307304 s
currentSize : 33 <-- 1375.726440 s

TIMEOUT
maxsize : 33
nodes : 734337862.000000
filtered : 3128577870.000000
time : 3600.000000
