Parameters: GAD=1 vflib=1 dir=0 label=1 lowerbound=1 fileNameGp=../graphsdb/mcs10/m4D/m4D/mcs10_m4D_s100.A23 fileNameGt=../graphsdb/mcs10/m4D/m4D/mcs10_m4D_s100.B23
Reading graphs...
100 :  159
100 :  159
Initializing...
maxdom : 8
D->valSize : 315
Solving...
Blb : 2 (clique : 37)
currentSize : 37 <-- 0.003168 s
currentSize : 38 <-- 2.583953 s
currentSize : 39 <-- 48.263947 s
currentSize : 40 <-- 51.631813 s
currentSize : 41 <-- 216.052841 s
currentSize : 42 <-- 834.594604 s

TIMEOUT
maxsize : 42
nodes : 788197931.000000
filtered : 3667554564.000000
time : 3600.000000
