Parameters: GAD=1 vflib=1 dir=0 label=1 lowerbound=1 fileNameGp=../graphsdb/mcs10/m3D/m3D/mcs10_m3D_s60.A74 fileNameGt=../graphsdb/mcs10/m3D/m3D/mcs10_m3D_s60.B74
Reading graphs...
60 :  133
60 :  133
Initializing...
maxdom : 8
D->valSize : 212
Solving...
Blb : 2 (clique : 14)
currentSize : 14 <-- 0.001556 s
currentSize : 15 <-- 0.007210 s
currentSize : 16 <-- 0.014198 s
currentSize : 17 <-- 0.303183 s
currentSize : 18 <-- 0.746106 s
currentSize : 19 <-- 1.311091 s
currentSize : 20 <-- 45.184834 s
currentSize : 21 <-- 52.418694 s

maxsize : 21
nodes : 100410495.000000
filtered : 672526389.000000
time : 357.872986
