Parameters: GAD=1 vflib=1 dir=0 label=1 lowerbound=1 fileNameGp=../graphsdb/mcs10/m2D/m2Dr4/mcs10_m2Dr4_s70.A95 fileNameGt=../graphsdb/mcs10/m2D/m2Dr4/mcs10_m2Dr4_s70.B95
Reading graphs...
70 :  147
70 :  146
Initializing...
maxdom : 7
D->valSize : 321
Solving...
Blb : 2 (clique : 22)
currentSize : 22 <-- 0.004247 s
currentSize : 25 <-- 0.004471 s
currentSize : 26 <-- 0.004583 s
currentSize : 27 <-- 0.372194 s
currentSize : 28 <-- 30.117777 s
currentSize : 29 <-- 31.077225 s

TIMEOUT
maxsize : 29
nodes : 941595715.000000
filtered : 5811817327.000000
time : 3600.000000
