Parameters: GAD=1 vflib=1 dir=0 label=1 lowerbound=1 fileNameGp=../graphsdb/mcs10/rand/r005/mcs10_r005_s50.A81 fileNameGt=../graphsdb/mcs10/rand/r005/mcs10_r005_s50.B81
Reading graphs...
50 :  123
50 :  124
Initializing...
maxdom : 11
D->valSize : 295
Solving...
Blb : 2 (clique : 14)
currentSize : 14 <-- 0.002303 s
currentSize : 15 <-- 0.069269 s
currentSize : 16 <-- 0.183729 s
currentSize : 17 <-- 7.433218 s
currentSize : 18 <-- 17.592060 s
currentSize : 19 <-- 245.490601 s

maxsize : 19
nodes : 246358801.000000
filtered : 2146706676.000000
time : 838.959106
