Parameters: GAD=1 vflib=1 dir=0 label=1 lowerbound=1 fileNameGp=../graphsdb/mcs10/m3D/m3Dr6/mcs10_m3Dr6_s90.A87 fileNameGt=../graphsdb/mcs10/m3D/m3Dr6/mcs10_m3Dr6_s90.B87
Reading graphs...
90 :  259
90 :  257
Initializing...
maxdom : 10
D->valSize : 566
Solving...
Blb : 2 (clique : 25)
currentSize : 25 <-- 0.010868 s
currentSize : 26 <-- 0.011241 s
currentSize : 27 <-- 0.012300 s
currentSize : 28 <-- 0.477311 s
currentSize : 29 <-- 2.638601 s
currentSize : 30 <-- 1528.764648 s

TIMEOUT
maxsize : 30
nodes : 822299427.000000
filtered : 5741328843.000000
time : 3600.000000
