Parameters: GAD=1 vflib=1 dir=0 label=1 lowerbound=1 fileNameGp=../graphsdb/mcs10/rand/r005/mcs10_r005_s70.A21 fileNameGt=../graphsdb/mcs10/rand/r005/mcs10_r005_s70.B21
Reading graphs...
70 :  240
70 :  240
Initializing...
maxdom : 9
D->valSize : 324
Solving...
Blb : 2 (clique : 17)
currentSize : 17 <-- 0.002846 s
currentSize : 18 <-- 0.003046 s
currentSize : 19 <-- 0.004368 s
currentSize : 20 <-- 0.038000 s
currentSize : 21 <-- 2.786493 s
currentSize : 22 <-- 46.532879 s
currentSize : 23 <-- 99.444870 s

TIMEOUT
maxsize : 23
nodes : 791714667.000000
filtered : 7616111313.000000
time : 3600.000000
