Parameters: GAD=1 vflib=1 dir=0 label=1 lowerbound=1 fileNameGp=../graphsdb/mcs10/rand/r005/mcs10_r005_s90.A43 fileNameGt=../graphsdb/mcs10/rand/r005/mcs10_r005_s90.B43
Reading graphs...
90 :  395
90 :  399
Initializing...
maxdom : 9
D->valSize : 544
Solving...
Blb : 2 (clique : 19)
currentSize : 19 <-- 0.006178 s
currentSize : 20 <-- 0.006369 s
currentSize : 21 <-- 0.006469 s
currentSize : 22 <-- 0.007096 s
currentSize : 23 <-- 0.213367 s
currentSize : 24 <-- 88.756020 s
currentSize : 25 <-- 3592.500244 s

TIMEOUT
maxsize : 25
nodes : 746911391.000000
filtered : 6308316243.000000
time : 3600.000000
