Parameters: GAD=1 vflib=1 dir=0 label=1 lowerbound=1 fileNameGp=../graphsdb/mcs10/bvg/b06m/mcs10_b06m_s90.A87 fileNameGt=../graphsdb/mcs10/bvg/b06m/mcs10_b06m_s90.B87
Reading graphs...
90 :  264
90 :  265
Initializing...
maxdom : 11
D->valSize : 527
Solving...
Blb : 2 (clique : 23)
currentSize : 23 <-- 0.009615 s
currentSize : 24 <-- 0.010176 s
currentSize : 25 <-- 0.010861 s
currentSize : 26 <-- 15.025936 s
currentSize : 27 <-- 16.102558 s
currentSize : 28 <-- 96.288353 s
currentSize : 29 <-- 319.274139 s
currentSize : 30 <-- 461.233215 s

TIMEOUT
maxsize : 30
nodes : 814635814.000000
filtered : 6071983911.000000
time : 3600.000000
