Parameters: GAD=1 vflib=1 dir=0 label=1 lowerbound=1 fileNameGp=../graphsdb/mcs10/m2D/m2Dr6/mcs10_m2Dr6_s50.A60 fileNameGt=../graphsdb/mcs10/m2D/m2Dr6/mcs10_m2Dr6_s50.B60
Reading graphs...
50 :  111
50 :  112
Initializing...
maxdom : 10
D->valSize : 331
Solving...
Blb : 2 (clique : 17)
currentSize : 17 <-- 0.002390 s
currentSize : 18 <-- 0.756630 s
currentSize : 19 <-- 7.434415 s
currentSize : 20 <-- 7.463015 s
currentSize : 21 <-- 119.201134 s
currentSize : 22 <-- 331.761230 s
currentSize : 23 <-- 864.180176 s

maxsize : 23
nodes : 280692676.000000
filtered : 3077386910.000000
time : 1012.004211
