Parameters: GAD=1 vflib=1 dir=0 label=1 lowerbound=1 fileNameGp=../graphsdb/mcs10/bvg/b06/mcs10_b06_s80.A37 fileNameGt=../graphsdb/mcs10/bvg/b06/mcs10_b06_s80.B37
Reading graphs...
80 :  236
80 :  237
Initializing...
maxdom : 8
D->valSize : 408
Solving...
Blb : 2 (clique : 21)
currentSize : 21 <-- 0.003848 s
currentSize : 22 <-- 0.004045 s
currentSize : 23 <-- 0.006322 s
currentSize : 24 <-- 0.073294 s
currentSize : 25 <-- 0.634405 s
currentSize : 26 <-- 10.309382 s
currentSize : 27 <-- 20.717365 s
currentSize : 28 <-- 52.416546 s
currentSize : 29 <-- 281.983887 s

TIMEOUT
maxsize : 29
nodes : 744783471.000000
filtered : 6326306502.000000
time : 3600.000000
