Parameters: GAD=1 vflib=1 dir=0 label=1 lowerbound=1 fileNameGp=../graphsdb/mcs10/m3D/m3Dr4/mcs10_m3Dr4_s60.A04 fileNameGt=../graphsdb/mcs10/m3D/m3Dr4/mcs10_m3Dr4_s60.B04
Reading graphs...
60 :  156
60 :  157
Initializing...
maxdom : 7
D->valSize : 199
Solving...
Blb : 2 (clique : 14)
currentSize : 14 <-- 0.002169 s
currentSize : 15 <-- 0.002367 s
currentSize : 16 <-- 0.069402 s
currentSize : 17 <-- 3.038088 s
currentSize : 18 <-- 7.407749 s
currentSize : 19 <-- 7.536075 s
currentSize : 20 <-- 30.670582 s
currentSize : 21 <-- 44.402981 s

maxsize : 21
nodes : 19357744.000000
filtered : 109572253.000000
time : 66.290085
