Parameters: GAD=1 vflib=1 dir=0 label=1 lowerbound=1 fileNameGp=../graphsdb/mcs10/m4D/m4D/mcs10_m4D_s100.A67 fileNameGt=../graphsdb/mcs10/m4D/m4D/mcs10_m4D_s100.B67
Reading graphs...
100 :  158
100 :  159
Initializing...
maxdom : 7
D->valSize : 321
Solving...
Blb : 2 (clique : 34)
currentSize : 34 <-- 0.003203 s
currentSize : 35 <-- 0.003452 s
currentSize : 36 <-- 0.003567 s
currentSize : 37 <-- 0.004670 s
currentSize : 38 <-- 0.006300 s
currentSize : 39 <-- 3.272286 s
currentSize : 40 <-- 24.320328 s
currentSize : 41 <-- 1413.166260 s
currentSize : 42 <-- 1694.046265 s

TIMEOUT
maxsize : 42
nodes : 866296584.000000
filtered : 2574641103.000000
time : 3600.000000
