Parameters: GAD=1 vflib=1 dir=0 label=1 lowerbound=1 fileNameGp=../graphsdb/mcs10/m2D/m2Dr6/mcs10_m2Dr6_s50.A38 fileNameGt=../graphsdb/mcs10/m2D/m2Dr6/mcs10_m2Dr6_s50.B38
Reading graphs...
50 :  109
50 :  113
Initializing...
maxdom : 12
D->valSize : 327
Solving...
Blb : 2 (clique : 16)
currentSize : 16 <-- 0.002588 s
currentSize : 17 <-- 0.002806 s
currentSize : 18 <-- 0.045881 s
currentSize : 19 <-- 0.483805 s
currentSize : 20 <-- 26.284897 s
currentSize : 21 <-- 88.363953 s
currentSize : 22 <-- 202.788864 s

maxsize : 22
nodes : 86840987.000000
filtered : 1062218919.000000
time : 346.576202
