Parameters: GAD=1 vflib=1 dir=0 label=1 lowerbound=1 fileNameGp=../graphsdb/mcs10/bvg/b03/mcs10_b03_s60.A13 fileNameGt=../graphsdb/mcs10/bvg/b03/mcs10_b03_s60.B13
Reading graphs...
60 :  89
60 :  89
Initializing...
maxdom : 9
D->valSize : 224
Solving...
Blb : 2 (clique : 21)
currentSize : 21 <-- 0.001618 s
currentSize : 23 <-- 0.008670 s
currentSize : 24 <-- 0.270063 s
currentSize : 25 <-- 2.577016 s
currentSize : 26 <-- 8.409266 s
currentSize : 27 <-- 27.423765 s

maxsize : 27
nodes : 496381379.000000
filtered : 1664188774.000000
time : 1211.604614
