Parameters: GAD=1 vflib=1 dir=0 label=1 lowerbound=1 fileNameGp=../graphsdb/mcs10/rand/r02/mcs10_r02_s50.A15 fileNameGt=../graphsdb/mcs10/rand/r02/mcs10_r02_s50.B15
Reading graphs...
50 :  437
50 :  450
Initializing...
maxdom : 10
D->valSize : 330
Solving...
Blb : 2 (clique : 6)
currentSize : 6 <-- 0.002333 s
currentSize : 7 <-- 0.002398 s
currentSize : 8 <-- 0.002678 s
currentSize : 9 <-- 0.004863 s
currentSize : 10 <-- 0.059542 s

maxsize : 10
nodes : 105872.000000
filtered : 1606563.000000
time : 0.433309
