Parameters: GAD=1 vflib=1 dir=0 label=1 lowerbound=1 fileNameGp=../graphsdb/mcs10/m3D/m3Dr6/mcs10_m3Dr6_s100.A03 fileNameGt=../graphsdb/mcs10/m3D/m3Dr6/mcs10_m3Dr6_s100.B03
Reading graphs...
100 :  291
100 :  290
Initializing...
maxdom : 7
D->valSize : 307
Solving...
Blb : 2 (clique : 28)
currentSize : 28 <-- 0.003163 s
currentSize : 29 <-- 0.003426 s
currentSize : 30 <-- 0.004467 s
currentSize : 31 <-- 0.006555 s
currentSize : 32 <-- 0.494552 s
currentSize : 33 <-- 0.999375 s

TIMEOUT
maxsize : 33
nodes : 776760529.000000
filtered : 3030854545.000000
time : 3600.000000
