Parameters: GAD=1 vflib=1 dir=0 label=1 lowerbound=1 fileNameGp=../graphsdb/mcs10/m2D/m2Dr6/mcs10_m2Dr6_s50.A83 fileNameGt=../graphsdb/mcs10/m2D/m2Dr6/mcs10_m2Dr6_s50.B83
Reading graphs...
50 :  108
50 :  111
Initializing...
maxdom : 10
D->valSize : 301
Solving...
Blb : 2 (clique : 17)
currentSize : 17 <-- 0.002072 s
currentSize : 18 <-- 0.016033 s
currentSize : 19 <-- 0.262776 s
currentSize : 20 <-- 0.458737 s
currentSize : 21 <-- 209.802704 s

maxsize : 21
nodes : 183783130.000000
filtered : 2066891390.000000
time : 721.295471
