Parameters: GAD=1 vflib=1 dir=0 label=1 lowerbound=1 fileNameGp=../graphsdb/mcs10/m2D/m2Dr2/mcs10_m2Dr2_s90.A86 fileNameGt=../graphsdb/mcs10/m2D/m2Dr2/mcs10_m2Dr2_s90.B86
Reading graphs...
90 :  176
90 :  176
Initializing...
maxdom : 9
D->valSize : 552
Solving...
Blb : 5 (clique : 31)
currentSize : 31 <-- 0.006391 s
currentSize : 32 <-- 0.006660 s
currentSize : 33 <-- 0.126877 s
currentSize : 34 <-- 26.746876 s
currentSize : 35 <-- 37.371922 s
currentSize : 36 <-- 2000.635742 s

TIMEOUT
maxsize : 36
nodes : 855435739.000000
filtered : 4563304487.000000
time : 3600.000000
