Parameters: GAD=1 vflib=1 dir=0 label=1 lowerbound=1 fileNameGp=../graphsdb/mcs10/bvg/b03/mcs10_b03_s90.A74 fileNameGt=../graphsdb/mcs10/bvg/b03/mcs10_b03_s90.B74
Reading graphs...
90 :  135
90 :  135
Initializing...
maxdom : 9
D->valSize : 512
Solving...
Blb : 2 (clique : 31)
currentSize : 31 <-- 0.005773 s
currentSize : 32 <-- 0.133578 s
currentSize : 33 <-- 12.250031 s
currentSize : 34 <-- 14.038142 s
currentSize : 35 <-- 101.706078 s
currentSize : 36 <-- 1132.155640 s

TIMEOUT
maxsize : 36
nodes : 966788119.000000
filtered : 4278808046.000000
time : 3600.000000
