Parameters: GAD=1 vflib=1 dir=0 label=1 lowerbound=1 fileNameGp=../graphsdb/mcs10/m3D/m3Dr4/mcs10_m3Dr4_s100.A74 fileNameGt=../graphsdb/mcs10/m3D/m3Dr4/mcs10_m3Dr4_s100.B74
Reading graphs...
100 :  273
100 :  272
Initializing...
maxdom : 7
D->valSize : 304
Solving...
Blb : 2 (clique : 24)
currentSize : 24 <-- 0.004735 s
currentSize : 25 <-- 0.337568 s
currentSize : 26 <-- 4.269901 s
currentSize : 27 <-- 38.611275 s
currentSize : 28 <-- 347.377838 s
currentSize : 29 <-- 627.423401 s
currentSize : 30 <-- 835.619629 s

TIMEOUT
maxsize : 30
nodes : 775892984.000000
filtered : 3220675848.000000
time : 3600.000000
