Parameters: GAD=1 vflib=1 dir=0 label=1 lowerbound=1 fileNameGp=../graphsdb/mcs10/m3D/m3Dr4/mcs10_m3Dr4_s60.A44 fileNameGt=../graphsdb/mcs10/m3D/m3Dr4/mcs10_m3Dr4_s60.B44
Reading graphs...
60 :  154
60 :  151
Initializing...
maxdom : 8
D->valSize : 254
Solving...
Blb : 2 (clique : 17)
currentSize : 17 <-- 0.003017 s
currentSize : 18 <-- 0.003434 s
currentSize : 19 <-- 0.010870 s
currentSize : 20 <-- 0.218475 s
currentSize : 21 <-- 0.256707 s
currentSize : 22 <-- 7.824625 s
currentSize : 23 <-- 75.863205 s
currentSize : 24 <-- 188.670547 s

maxsize : 24
nodes : 79594493.000000
filtered : 542199315.000000
time : 298.462646
