Parameters: GAD=1 vflib=1 dir=0 label=1 lowerbound=1 fileNameGp=../graphsdb/mcs10/rand/r01/mcs10_r01_s90.A33 fileNameGt=../graphsdb/mcs10/rand/r01/mcs10_r01_s90.B33
Reading graphs...
90 :  760
90 :  754
Initializing...
maxdom : 11
D->valSize : 530
Solving...
Blb : 5 (clique : 12)
currentSize : 12 <-- 0.005636 s
currentSize : 13 <-- 0.005768 s
currentSize : 14 <-- 0.006178 s
currentSize : 15 <-- 0.006242 s
currentSize : 16 <-- 0.260431 s
currentSize : 17 <-- 50.382626 s

maxsize : 17
nodes : 402030543.000000
filtered : 5277479048.000000
time : 2146.230225
