Parameters: GAD=1 vflib=1 dir=0 label=1 lowerbound=1 fileNameGp=../graphsdb/mcs10/m2D/m2Dr4/mcs10_m2Dr4_s40.A28 fileNameGt=../graphsdb/mcs10/m2D/m2Dr4/mcs10_m2Dr4_s40.B28
Reading graphs...
40 :  79
40 :  81
Initializing...
maxdom : 7
D->valSize : 200
Solving...
Blb : 5 (clique : 14)
currentSize : 14 <-- 0.001363 s
currentSize : 15 <-- 0.010058 s
currentSize : 16 <-- 0.124128 s
currentSize : 17 <-- 0.789625 s
currentSize : 18 <-- 1.909710 s

maxsize : 18
nodes : 1429666.000000
filtered : 10808919.000000
time : 4.165955
