Parameters: GAD=1 vflib=1 dir=0 label=1 lowerbound=1 fileNameGp=../graphsdb/mcs10/rand/r02/mcs10_r02_s80.A39 fileNameGt=../graphsdb/mcs10/rand/r02/mcs10_r02_s80.B39
Reading graphs...
80 :  1136
80 :  1132
Initializing...
maxdom : 10
D->valSize : 404
Solving...
Blb : 2 (clique : 7)
currentSize : 7 <-- 0.003511 s
currentSize : 8 <-- 0.003607 s
currentSize : 9 <-- 0.030600 s
currentSize : 10 <-- 0.067654 s
currentSize : 11 <-- 1.888214 s

maxsize : 11
nodes : 659678.000000
filtered : 7619968.000000
time : 3.311709
