Parameters: GAD=1 vflib=1 dir=0 label=1 lowerbound=1 fileNameGp=../graphsdb/mcs10/m3D/m3Dr6/mcs10_m3Dr6_s70.A00 fileNameGt=../graphsdb/mcs10/m3D/m3Dr6/mcs10_m3Dr6_s70.B00
Reading graphs...
70 :  198
70 :  197
Initializing...
maxdom : 7
D->valSize : 317
Solving...
Blb : 2 (clique : 18)
currentSize : 18 <-- 0.004145 s
currentSize : 19 <-- 0.032873 s
currentSize : 20 <-- 0.266192 s
currentSize : 21 <-- 0.277403 s
currentSize : 22 <-- 0.279169 s
currentSize : 23 <-- 12.671475 s
currentSize : 24 <-- 577.695923 s

TIMEOUT
maxsize : 24
nodes : 872799087.000000
filtered : 7160954759.000000
time : 3600.000000
