Parameters: GAD=1 vflib=1 dir=0 label=1 lowerbound=1 fileNameGp=../graphsdb/mcs10/bvg/b03m/mcs10_b03m_s70.A64 fileNameGt=../graphsdb/mcs10/bvg/b03m/mcs10_b03m_s70.B64
Reading graphs...
70 :  104
70 :  103
Initializing...
maxdom : 7
D->valSize : 317
Solving...
Blb : 2 (clique : 26)
currentSize : 26 <-- 0.004294 s
currentSize : 27 <-- 0.004973 s
currentSize : 28 <-- 0.005339 s
currentSize : 29 <-- 0.782416 s
currentSize : 30 <-- 3.005535 s
currentSize : 31 <-- 59.769619 s
currentSize : 32 <-- 1055.697876 s

TIMEOUT
maxsize : 32
nodes : 911836678.000000
filtered : 5411027294.000000
time : 3600.000000
