Parameters: GAD=1 vflib=1 dir=0 label=1 lowerbound=1 fileNameGp=../graphsdb/mcs10/m2D/m2Dr4/mcs10_m2Dr4_s90.A19 fileNameGt=../graphsdb/mcs10/m2D/m2Dr4/mcs10_m2Dr4_s90.B19
Reading graphs...
90 :  195
90 :  195
Initializing...
maxdom : 10
D->valSize : 499
Solving...
Blb : 2 (clique : 25)
currentSize : 25 <-- 0.005636 s
currentSize : 26 <-- 0.005854 s
currentSize : 27 <-- 0.006153 s
currentSize : 28 <-- 0.014228 s
currentSize : 29 <-- 0.079849 s
currentSize : 30 <-- 0.104970 s
currentSize : 31 <-- 259.310577 s
currentSize : 32 <-- 560.829834 s

TIMEOUT
maxsize : 32
nodes : 894224613.000000
filtered : 4453495321.000000
time : 3600.000000
