Parameters: GAD=1 vflib=1 dir=0 label=1 lowerbound=1 fileNameGp=../graphsdb/mcs10/m2D/m2Dr4/mcs10_m2Dr4_s60.A99 fileNameGt=../graphsdb/mcs10/m2D/m2Dr4/mcs10_m2Dr4_s60.B99
Reading graphs...
60 :  128
60 :  127
Initializing...
maxdom : 9
D->valSize : 227
Solving...
Blb : 2 (clique : 18)
currentSize : 18 <-- 0.001660 s
currentSize : 19 <-- 0.003882 s
currentSize : 20 <-- 0.045783 s
currentSize : 21 <-- 2.457722 s
currentSize : 22 <-- 197.265747 s

maxsize : 22
nodes : 136354819.000000
filtered : 806804948.000000
time : 500.264435
