Parameters: GAD=1 vflib=1 dir=0 label=1 lowerbound=1 fileNameGp=../graphsdb/mcs10/m2D/m2Dr6/mcs10_m2Dr6_s40.A64 fileNameGt=../graphsdb/mcs10/m2D/m2Dr6/mcs10_m2Dr6_s40.B64
Reading graphs...
40 :  86
40 :  85
Initializing...
maxdom : 8
D->valSize : 209
Solving...
Blb : 5 (clique : 12)
currentSize : 12 <-- 0.001883 s
currentSize : 13 <-- 0.001972 s
currentSize : 14 <-- 0.002171 s
currentSize : 15 <-- 0.002372 s
currentSize : 16 <-- 0.099337 s
currentSize : 17 <-- 1.420523 s

maxsize : 17
nodes : 1949047.000000
filtered : 20141022.000000
time : 6.919891
