Parameters: GAD=1 vflib=1 dir=0 label=1 lowerbound=1 fileNameGp=../graphsdb/mcs10/bvg/b03m/mcs10_b03m_s70.A01 fileNameGt=../graphsdb/mcs10/bvg/b03m/mcs10_b03m_s70.B01
Reading graphs...
70 :  104
70 :  105
Initializing...
maxdom : 8
D->valSize : 307
Solving...
Blb : 5 (clique : 25)
currentSize : 25 <-- 0.002583 s
currentSize : 26 <-- 0.012556 s
currentSize : 27 <-- 0.087448 s
currentSize : 28 <-- 69.135513 s
currentSize : 29 <-- 638.975708 s
currentSize : 30 <-- 1151.373779 s

TIMEOUT
maxsize : 30
nodes : 1135473559.000000
filtered : 4585749397.000000
time : 3600.000000
