Parameters: GAD=1 vflib=1 dir=0 label=1 lowerbound=1 fileNameGp=../graphsdb/mcs10/rand/r005/mcs10_r005_s100.A94 fileNameGt=../graphsdb/mcs10/rand/r005/mcs10_r005_s100.B94
Reading graphs...
100 :  490
100 :  489
Initializing...
maxdom : 9
D->valSize : 292
Solving...
Blb : 2 (clique : 18)
currentSize : 18 <-- 0.002862 s
currentSize : 19 <-- 0.003539 s
currentSize : 20 <-- 0.047279 s
currentSize : 21 <-- 1.532129 s
currentSize : 22 <-- 2.253478 s
currentSize : 23 <-- 13.800572 s
currentSize : 24 <-- 1069.327148 s

TIMEOUT
maxsize : 24
nodes : 714858227.000000
filtered : 4099279077.000000
time : 3600.000000
