Parameters: GAD=1 vflib=1 dir=0 label=1 lowerbound=1 fileNameGp=../graphsdb/mcs10/rand/r005/mcs10_r005_s90.A11 fileNameGt=../graphsdb/mcs10/rand/r005/mcs10_r005_s90.B11
Reading graphs...
90 :  392
90 :  393
Initializing...
maxdom : 11
D->valSize : 545
Solving...
Blb : 2 (clique : 20)
currentSize : 20 <-- 0.006097 s
currentSize : 21 <-- 0.006268 s
currentSize : 23 <-- 0.007720 s
currentSize : 24 <-- 2.105824 s
currentSize : 25 <-- 70.624062 s
currentSize : 26 <-- 204.487198 s
currentSize : 27 <-- 731.622253 s

TIMEOUT
maxsize : 27
nodes : 721058627.000000
filtered : 6450582010.000000
time : 3600.000000
