Parameters: GAD=1 vflib=1 dir=0 label=1 lowerbound=1 fileNameGp=../graphsdb/mcs10/bvg/b03/mcs10_b03_s100.A28 fileNameGt=../graphsdb/mcs10/bvg/b03/mcs10_b03_s100.B28
Reading graphs...
100 :  150
100 :  149
Initializing...
maxdom : 8
D->valSize : 347
Solving...
Blb : 2 (clique : 33)
currentSize : 33 <-- 0.004046 s
currentSize : 34 <-- 0.004344 s
currentSize : 35 <-- 0.400694 s
currentSize : 36 <-- 1.193288 s
currentSize : 37 <-- 8.525083 s
currentSize : 38 <-- 246.054794 s
currentSize : 39 <-- 805.287476 s

TIMEOUT
maxsize : 39
nodes : 716373231.000000
filtered : 3582979464.000000
time : 3600.000000
