Parameters: GAD=1 vflib=1 dir=0 label=1 lowerbound=1 fileNameGp=../graphsdb/mcs10/rand/r01/mcs10_r01_s100.A98 fileNameGt=../graphsdb/mcs10/rand/r01/mcs10_r01_s100.B98
Reading graphs...
100 :  945
100 :  937
Initializing...
maxdom : 6
D->valSize : 348
Solving...
Blb : 2 (clique : 12)
currentSize : 12 <-- 0.003704 s
currentSize : 13 <-- 0.003827 s
currentSize : 14 <-- 0.004227 s
currentSize : 15 <-- 0.009713 s
currentSize : 16 <-- 0.011828 s

maxsize : 16
nodes : 91964787.000000
filtered : 707259455.000000
time : 500.654724
