Parameters: GAD=1 vflib=1 dir=0 label=1 lowerbound=1 fileNameGp=../graphsdb/mcs10/rand/r005/mcs10_r005_s70.A81 fileNameGt=../graphsdb/mcs10/rand/r005/mcs10_r005_s70.B81
Reading graphs...
70 :  244
70 :  238
Initializing...
maxdom : 8
D->valSize : 310
Solving...
Blb : 2 (clique : 17)
currentSize : 17 <-- 0.002599 s
currentSize : 18 <-- 0.002744 s
currentSize : 19 <-- 0.009656 s
currentSize : 20 <-- 0.009733 s
currentSize : 21 <-- 0.310638 s
currentSize : 22 <-- 40.608753 s

TIMEOUT
maxsize : 22
nodes : 816111475.000000
filtered : 7298817908.000000
time : 3600.000000
