Parameters: GAD=1 vflib=1 dir=0 label=1 lowerbound=1 fileNameGp=../graphsdb/mcs10/m4D/m4Dr2/mcs10_m4Dr2_s100.A34 fileNameGt=../graphsdb/mcs10/m4D/m4Dr2/mcs10_m4Dr2_s100.B34
Reading graphs...
100 :  179
100 :  177
Initializing...
maxdom : 6
D->valSize : 340
Solving...
Blb : 2 (clique : 34)
currentSize : 34 <-- 0.003556 s
currentSize : 36 <-- 0.108593 s
currentSize : 37 <-- 0.207534 s
currentSize : 38 <-- 9.962958 s
currentSize : 39 <-- 49.171490 s
currentSize : 40 <-- 158.323669 s
currentSize : 41 <-- 752.620605 s

TIMEOUT
maxsize : 41
nodes : 784609676.000000
filtered : 3321536855.000000
time : 3600.000000
