Parameters: GAD=1 vflib=1 dir=0 label=1 lowerbound=1 fileNameGp=../graphsdb/mcs10/m2D/m2D/mcs10_m2D_s60.A13 fileNameGt=../graphsdb/mcs10/m2D/m2D/mcs10_m2D_s60.B13
Reading graphs...
60 :  104
60 :  101
Initializing...
maxdom : 8
D->valSize : 239
Solving...
Blb : 2 (clique : 19)
currentSize : 19 <-- 0.001822 s
currentSize : 20 <-- 0.029597 s
currentSize : 21 <-- 0.150469 s
currentSize : 22 <-- 1.570594 s
currentSize : 23 <-- 10.595547 s
currentSize : 24 <-- 11.978834 s
currentSize : 25 <-- 52.726215 s

maxsize : 25
nodes : 146439022.000000
filtered : 949835331.000000
time : 520.419678
