Parameters: GAD=1 vflib=1 dir=0 label=1 lowerbound=1 fileNameGp=../graphsdb/mcs10/bvg/b03/mcs10_b03_s40.A48 fileNameGt=../graphsdb/mcs10/bvg/b03/mcs10_b03_s40.B48
Reading graphs...
40 :  60
40 :  59
Initializing...
maxdom : 8
D->valSize : 215
Solving...
Blb : 2 (clique : 15)
currentSize : 15 <-- 0.001329 s
currentSize : 16 <-- 0.018748 s
currentSize : 17 <-- 1.194540 s
currentSize : 18 <-- 5.174439 s
currentSize : 19 <-- 56.264271 s

maxsize : 19
nodes : 28107452.000000
filtered : 195373787.000000
time : 74.249664
