Parameters: GAD=1 vflib=1 dir=0 label=1 lowerbound=1 fileNameGp=../graphsdb/mcs10/bvg/b06/mcs10_b06_s70.A76 fileNameGt=../graphsdb/mcs10/bvg/b06/mcs10_b06_s70.B76
Reading graphs...
70 :  207
70 :  207
Initializing...
maxdom : 9
D->valSize : 310
Solving...
Blb : 2 (clique : 19)
currentSize : 19 <-- 0.002503 s
currentSize : 20 <-- 0.002660 s
currentSize : 21 <-- 0.019511 s
currentSize : 22 <-- 2.835925 s
currentSize : 23 <-- 50.447102 s
currentSize : 24 <-- 346.107422 s
currentSize : 25 <-- 401.429901 s

TIMEOUT
maxsize : 25
nodes : 832799751.000000
filtered : 6977171920.000000
time : 3600.000000
