Parameters: GAD=1 vflib=1 dir=0 label=1 lowerbound=1 fileNameGp=../graphsdb/mcs10/m3D/m3Dr4/mcs10_m3Dr4_s60.A33 fileNameGt=../graphsdb/mcs10/m3D/m3Dr4/mcs10_m3Dr4_s60.B33
Reading graphs...
60 :  154
60 :  151
Initializing...
maxdom : 8
D->valSize : 237
Solving...
Blb : 2 (clique : 17)
currentSize : 17 <-- 0.002611 s
currentSize : 18 <-- 0.002763 s
currentSize : 19 <-- 0.041961 s
currentSize : 20 <-- 2.581757 s
currentSize : 21 <-- 15.114231 s
currentSize : 22 <-- 20.196804 s

maxsize : 22
nodes : 70597526.000000
filtered : 523018321.000000
time : 278.278137
