Parameters: GAD=1 vflib=1 dir=0 label=1 lowerbound=1 fileNameGp=../graphsdb/mcs10/rand/r005/mcs10_r005_s40.A74 fileNameGt=../graphsdb/mcs10/rand/r005/mcs10_r005_s40.B74
Reading graphs...
40 :  80
40 :  80
Initializing...
maxdom : 8
D->valSize : 196
Solving...
Blb : 2 (clique : 14)
currentSize : 14 <-- 0.001478 s
currentSize : 15 <-- 0.055932 s
currentSize : 16 <-- 0.067301 s
currentSize : 17 <-- 1.302678 s
currentSize : 18 <-- 1.975254 s

maxsize : 18
nodes : 1465942.000000
filtered : 10392911.000000
time : 4.660857
