Parameters: GAD=1 vflib=1 dir=0 label=1 lowerbound=1 fileNameGp=../graphsdb/mcs10/m2D/m2D/mcs10_m2D_s70.A36 fileNameGt=../graphsdb/mcs10/m2D/m2D/mcs10_m2D_s70.B36
Reading graphs...
70 :  121
70 :  123
Initializing...
maxdom : 10
D->valSize : 312
Solving...
Blb : 2 (clique : 24)
currentSize : 24 <-- 0.002584 s
currentSize : 25 <-- 0.044315 s
currentSize : 26 <-- 0.124288 s
currentSize : 27 <-- 9.636074 s
currentSize : 28 <-- 12.456601 s
currentSize : 29 <-- 3113.639404 s

TIMEOUT
maxsize : 29
nodes : 998978770.000000
filtered : 5573933619.000000
time : 3600.000000
