Parameters: GAD=1 vflib=1 dir=0 label=1 lowerbound=1 fileNameGp=../graphsdb/mcs10/rand/r01/mcs10_r01_s70.A53 fileNameGt=../graphsdb/mcs10/rand/r01/mcs10_r01_s70.B53
Reading graphs...
70 :  458
70 :  463
Initializing...
maxdom : 8
D->valSize : 320
Solving...
Blb : 2 (clique : 11)
currentSize : 11 <-- 0.002581 s
currentSize : 12 <-- 0.002682 s
currentSize : 13 <-- 0.004629 s
currentSize : 14 <-- 0.028518 s
currentSize : 15 <-- 0.456520 s
currentSize : 16 <-- 46.169922 s

maxsize : 16
nodes : 13533592.000000
filtered : 126230646.000000
time : 61.863995
