Parameters: GAD=1 vflib=1 dir=0 label=1 lowerbound=1 fileNameGp=../graphsdb/mcs10/rand/r005/mcs10_r005_s90.A30 fileNameGt=../graphsdb/mcs10/rand/r005/mcs10_r005_s90.B30
Reading graphs...
90 :  395
90 :  393
Initializing...
maxdom : 9
D->valSize : 526
Solving...
Blb : 2 (clique : 18)
currentSize : 18 <-- 0.009249 s
currentSize : 19 <-- 0.013244 s
currentSize : 20 <-- 0.045134 s
currentSize : 21 <-- 25.834167 s
currentSize : 22 <-- 26.022951 s
currentSize : 23 <-- 37.073536 s
currentSize : 24 <-- 2190.215088 s

TIMEOUT
maxsize : 24
nodes : 712970558.000000
filtered : 6165840586.000000
time : 3600.000000
