Parameters: GAD=1 vflib=1 dir=0 label=1 lowerbound=1 fileNameGp=../graphsdb/mcs10/m2D/m2Dr4/mcs10_m2Dr4_s100.A68 fileNameGt=../graphsdb/mcs10/m2D/m2Dr4/mcs10_m2Dr4_s100.B68
Reading graphs...
100 :  219
100 :  218
Initializing...
maxdom : 8
D->valSize : 306
Solving...
Blb : 5 (clique : 29)
currentSize : 29 <-- 0.004843 s
currentSize : 30 <-- 0.007452 s
currentSize : 31 <-- 0.022030 s
currentSize : 32 <-- 0.377136 s
currentSize : 33 <-- 1.108740 s
currentSize : 34 <-- 3.445441 s

TIMEOUT
maxsize : 34
nodes : 872915608.000000
filtered : 3216900030.000000
time : 3600.000000
