Parameters: GAD=1 vflib=1 dir=0 label=1 lowerbound=1 fileNameGp=../graphsdb/mcs10/rand/r01/mcs10_r01_s100.A60 fileNameGt=../graphsdb/mcs10/rand/r01/mcs10_r01_s100.B60
Reading graphs...
100 :  941
100 :  939
Initializing...
maxdom : 6
D->valSize : 303
Solving...
Blb : 3 (clique : 12)
currentSize : 12 <-- 0.004509 s
currentSize : 13 <-- 0.027989 s
currentSize : 14 <-- 0.045697 s
currentSize : 15 <-- 1.771947 s
currentSize : 16 <-- 27.004211 s
currentSize : 17 <-- 29.254496 s

maxsize : 17
nodes : 34907039.000000
filtered : 264976439.000000
time : 190.274902
