Parameters: GAD=1 vflib=1 dir=0 label=1 lowerbound=1 fileNameGp=../graphsdb/mcs10/rand/r005/mcs10_r005_s80.A32 fileNameGt=../graphsdb/mcs10/rand/r005/mcs10_r005_s80.B32
Reading graphs...
80 :  316
80 :  313
Initializing...
maxdom : 9
D->valSize : 408
Solving...
Blb : 2 (clique : 19)
currentSize : 19 <-- 0.006177 s
currentSize : 20 <-- 0.014808 s
currentSize : 21 <-- 0.046376 s
currentSize : 22 <-- 0.353659 s
currentSize : 23 <-- 3.638502 s
currentSize : 24 <-- 93.041054 s
currentSize : 25 <-- 359.379944 s

TIMEOUT
maxsize : 25
nodes : 733760022.000000
filtered : 7176865485.000000
time : 3600.000000
