Parameters: GAD=1 vflib=1 dir=0 label=1 lowerbound=1 fileNameGp=../graphsdb/mcs10/bvg/b03/mcs10_b03_s70.A23 fileNameGt=../graphsdb/mcs10/bvg/b03/mcs10_b03_s70.B23
Reading graphs...
70 :  104
70 :  103
Initializing...
maxdom : 12
D->valSize : 325
Solving...
Blb : 2 (clique : 28)
currentSize : 28 <-- 0.002811 s
currentSize : 29 <-- 0.002978 s
currentSize : 30 <-- 0.008082 s
currentSize : 31 <-- 95.749924 s
currentSize : 32 <-- 131.029800 s
currentSize : 33 <-- 1802.185913 s

TIMEOUT
maxsize : 33
nodes : 996456568.000000
filtered : 6258725057.000000
time : 3600.000000
