Parameters: GAD=1 vflib=1 dir=0 label=1 lowerbound=1 fileNameGp=../graphsdb/mcs10/m2D/m2Dr6/mcs10_m2Dr6_s70.A37 fileNameGt=../graphsdb/mcs10/m2D/m2Dr6/mcs10_m2Dr6_s70.B37
Reading graphs...
70 :  162
70 :  159
Initializing...
maxdom : 7
D->valSize : 317
Solving...
Blb : 2 (clique : 19)
currentSize : 19 <-- 0.004125 s
currentSize : 20 <-- 0.004653 s
currentSize : 21 <-- 0.010646 s
currentSize : 22 <-- 0.022812 s
currentSize : 23 <-- 0.076127 s
currentSize : 24 <-- 0.106387 s
currentSize : 25 <-- 0.122857 s
currentSize : 26 <-- 6.286092 s
currentSize : 27 <-- 2193.749512 s

TIMEOUT
maxsize : 27
nodes : 923551391.000000
filtered : 5508824768.000000
time : 3600.000000
