Parameters: GAD=1 vflib=1 dir=0 label=1 lowerbound=1 fileNameGp=../graphsdb/mcs10/m2D/m2Dr6/mcs10_m2Dr6_s40.A78 fileNameGt=../graphsdb/mcs10/m2D/m2Dr6/mcs10_m2Dr6_s40.B78
Reading graphs...
40 :  89
40 :  86
Initializing...
maxdom : 7
D->valSize : 196
Solving...
Blb : 5 (clique : 12)
currentSize : 12 <-- 0.001771 s
currentSize : 13 <-- 0.001865 s
currentSize : 14 <-- 0.002451 s
currentSize : 15 <-- 0.016297 s
currentSize : 16 <-- 0.340900 s

maxsize : 16
nodes : 2368162.000000
filtered : 20408658.000000
time : 7.655044
