Parameters: GAD=1 vflib=1 dir=0 label=1 lowerbound=1 fileNameGp=../graphsdb/mcs10/m3D/m3Dr6/mcs10_m3Dr6_s70.A94 fileNameGt=../graphsdb/mcs10/m3D/m3Dr6/mcs10_m3Dr6_s70.B94
Reading graphs...
70 :  199
70 :  198
Initializing...
maxdom : 8
D->valSize : 296
Solving...
Blb : 2 (clique : 19)
currentSize : 19 <-- 0.002433 s
currentSize : 20 <-- 0.002585 s
currentSize : 21 <-- 0.021518 s
currentSize : 22 <-- 0.625024 s
currentSize : 23 <-- 32.286114 s
currentSize : 24 <-- 541.427979 s

TIMEOUT
maxsize : 24
nodes : 894079752.000000
filtered : 5738867186.000000
time : 3600.000000
