Parameters: GAD=1 vflib=1 dir=0 label=1 lowerbound=1 fileNameGp=../graphsdb/mcs10/m2D/m2D/mcs10_m2D_s100.A07 fileNameGt=../graphsdb/mcs10/m2D/m2D/mcs10_m2D_s100.B07
Reading graphs...
100 :  179
100 :  177
Initializing...
maxdom : 8
D->valSize : 358
Solving...
Blb : 2 (clique : 32)
currentSize : 32 <-- 0.003697 s
currentSize : 33 <-- 0.004041 s
currentSize : 34 <-- 0.064758 s
currentSize : 35 <-- 2.477830 s
currentSize : 36 <-- 401.702820 s
currentSize : 37 <-- 407.625183 s
currentSize : 38 <-- 1097.191528 s

TIMEOUT
maxsize : 38
nodes : 790602081.000000
filtered : 3495630374.000000
time : 3600.000000
