Parameters: GAD=1 vflib=1 dir=0 label=1 lowerbound=1 fileNameGp=../graphsdb/mcs10/m2D/m2Dr6/mcs10_m2Dr6_s50.A46 fileNameGt=../graphsdb/mcs10/m2D/m2Dr6/mcs10_m2Dr6_s50.B46
Reading graphs...
50 :  111
50 :  113
Initializing...
maxdom : 8
D->valSize : 325
Solving...
Blb : 2 (clique : 16)
currentSize : 16 <-- 0.003906 s
currentSize : 17 <-- 0.004067 s
currentSize : 18 <-- 0.004858 s
currentSize : 19 <-- 0.006260 s
currentSize : 20 <-- 0.290450 s
currentSize : 21 <-- 1750.958496 s
currentSize : 22 <-- 2150.963135 s

maxsize : 22
nodes : 712698060.000000
filtered : 6934724962.000000
time : 2598.854248
