Parameters: GAD=1 vflib=1 dir=0 label=1 lowerbound=1 fileNameGp=../graphsdb/mcs10/rand/r02/mcs10_r02_s90.A69 fileNameGt=../graphsdb/mcs10/rand/r02/mcs10_r02_s90.B69
Reading graphs...
90 :  1443
90 :  1434
Initializing...
maxdom : 10
D->valSize : 505
Solving...
Blb : 2 (clique : 7)
currentSize : 7 <-- 0.007722 s
currentSize : 8 <-- 0.008072 s
currentSize : 9 <-- 0.011324 s
currentSize : 10 <-- 0.074805 s
currentSize : 11 <-- 0.685809 s

maxsize : 11
nodes : 2315516.000000
filtered : 27478282.000000
time : 12.551280
