Parameters: GAD=1 vflib=1 dir=0 label=1 lowerbound=1 fileNameGp=../graphsdb/mcs10/bvg/b03m/mcs10_b03m_s60.A98 fileNameGt=../graphsdb/mcs10/bvg/b03m/mcs10_b03m_s60.B98
Reading graphs...
60 :  90
60 :  89
Initializing...
maxdom : 7
D->valSize : 231
Solving...
Blb : 2 (clique : 23)
currentSize : 23 <-- 0.001925 s
currentSize : 24 <-- 0.002493 s
currentSize : 25 <-- 0.057510 s
currentSize : 26 <-- 18.488272 s
currentSize : 27 <-- 20.535999 s

maxsize : 27
nodes : 77958622.000000
filtered : 514430814.000000
time : 332.707855
