Parameters: GAD=1 vflib=1 dir=0 label=1 lowerbound=1 fileNameGp=../graphsdb/mcs10/bvg/b03/mcs10_b03_s50.A86 fileNameGt=../graphsdb/mcs10/bvg/b03/mcs10_b03_s50.B86
Reading graphs...
50 :  74
50 :  74
Initializing...
maxdom : 11
D->valSize : 338
Solving...
Blb : 2 (clique : 19)
currentSize : 19 <-- 0.002484 s
currentSize : 20 <-- 0.003545 s
currentSize : 21 <-- 0.004608 s
currentSize : 22 <-- 0.025876 s
currentSize : 23 <-- 0.049190 s
currentSize : 24 <-- 0.119752 s
currentSize : 25 <-- 6.843620 s
currentSize : 26 <-- 361.336090 s

TIMEOUT
maxsize : 26
nodes : 952806243.000000
filtered : 11191843037.000000
time : 3600.000000
