Parameters: GAD=1 vflib=1 dir=0 label=1 lowerbound=1 fileNameGp=../graphsdb/mcs10/m2D/m2D/mcs10_m2D_s100.A58 fileNameGt=../graphsdb/mcs10/m2D/m2D/mcs10_m2D_s100.B58
Reading graphs...
100 :  179
100 :  179
Initializing...
maxdom : 7
D->valSize : 319
Solving...
Blb : 2 (clique : 29)
currentSize : 29 <-- 0.005252 s
currentSize : 30 <-- 0.006373 s
currentSize : 31 <-- 0.055281 s
currentSize : 32 <-- 0.088861 s
currentSize : 33 <-- 57.158176 s
currentSize : 34 <-- 1477.144287 s

TIMEOUT
maxsize : 34
nodes : 925308304.000000
filtered : 2557541775.000000
time : 3600.000000
