Parameters: GAD=1 vflib=1 dir=0 label=1 lowerbound=1 fileNameGp=../graphsdb/mcs10/bvg/b06/mcs10_b06_s70.A28 fileNameGt=../graphsdb/mcs10/bvg/b06/mcs10_b06_s70.B28
Reading graphs...
70 :  208
70 :  206
Initializing...
maxdom : 8
D->valSize : 310
Solving...
Blb : 2 (clique : 18)
currentSize : 18 <-- 0.003924 s
currentSize : 19 <-- 0.004105 s
currentSize : 20 <-- 0.004511 s
currentSize : 21 <-- 1.177875 s
currentSize : 22 <-- 84.901039 s
currentSize : 23 <-- 262.542877 s
currentSize : 24 <-- 306.949951 s
currentSize : 25 <-- 497.497131 s

maxsize : 25
nodes : 573530445.000000
filtered : 5334093139.000000
time : 2579.814697
