Parameters: GAD=1 vflib=1 dir=0 label=1 lowerbound=1 fileNameGp=../graphsdb/mcs10/m3D/m3Dr4/mcs10_m3Dr4_s70.A64 fileNameGt=../graphsdb/mcs10/m3D/m3Dr4/mcs10_m3Dr4_s70.B64
Reading graphs...
70 :  183
70 :  184
Initializing...
maxdom : 9
D->valSize : 312
Solving...
Blb : 5 (clique : 21)
currentSize : 21 <-- 0.002609 s
currentSize : 22 <-- 0.768931 s
currentSize : 23 <-- 10.430204 s
currentSize : 24 <-- 10.432401 s
currentSize : 25 <-- 26.235680 s
currentSize : 26 <-- 70.352463 s
currentSize : 27 <-- 1651.348999 s

TIMEOUT
maxsize : 27
nodes : 815397749.000000
filtered : 6597222828.000000
time : 3600.000000
