Parameters: GAD=1 vflib=1 dir=0 label=1 lowerbound=1 fileNameGp=../graphsdb/mcs10/m2D/m2Dr2/mcs10_m2Dr2_s80.A32 fileNameGt=../graphsdb/mcs10/m2D/m2Dr2/mcs10_m2Dr2_s80.B32
Reading graphs...
80 :  156
80 :  155
Initializing...
maxdom : 9
D->valSize : 406
Solving...
Blb : 5 (clique : 25)
currentSize : 25 <-- 0.003862 s
currentSize : 28 <-- 0.004049 s
currentSize : 29 <-- 0.004171 s
currentSize : 30 <-- 0.004458 s
currentSize : 31 <-- 0.008062 s
currentSize : 32 <-- 94.922112 s

TIMEOUT
maxsize : 32
nodes : 771830499.000000
filtered : 5518200142.000000
time : 3600.000000
