Parameters: GAD=1 vflib=1 dir=0 label=1 lowerbound=1 fileNameGp=../graphsdb/mcs10/m2D/m2Dr2/mcs10_m2Dr2_s90.A37 fileNameGt=../graphsdb/mcs10/m2D/m2Dr2/mcs10_m2Dr2_s90.B37
Reading graphs...
90 :  176
90 :  179
Initializing...
maxdom : 10
D->valSize : 593
Solving...
Blb : 2 (clique : 29)
currentSize : 29 <-- 0.007239 s
currentSize : 30 <-- 0.008394 s
currentSize : 31 <-- 0.009242 s
currentSize : 32 <-- 0.070490 s
currentSize : 33 <-- 0.353516 s
currentSize : 34 <-- 0.820674 s
currentSize : 35 <-- 255.360886 s
currentSize : 36 <-- 325.326111 s

TIMEOUT
maxsize : 36
nodes : 781695514.000000
filtered : 5247798682.000000
time : 3600.000000
