Parameters: GAD=1 vflib=1 dir=0 label=1 lowerbound=1 fileNameGp=../graphsdb/mcs10/rand/r005/mcs10_r005_s40.A99 fileNameGt=../graphsdb/mcs10/rand/r005/mcs10_r005_s40.B99
Reading graphs...
40 :  78
40 :  79
Initializing...
maxdom : 8
D->valSize : 203
Solving...
Blb : 2 (clique : 13)
currentSize : 13 <-- 0.001198 s
currentSize : 14 <-- 0.001272 s
currentSize : 15 <-- 0.029000 s
currentSize : 16 <-- 0.185021 s
currentSize : 17 <-- 0.384910 s

maxsize : 17
nodes : 2951560.000000
filtered : 28911993.000000
time : 9.833252
