Parameters: GAD=1 vflib=1 dir=0 label=1 lowerbound=1 fileNameGp=../graphsdb/mcs10/m3D/m3D/mcs10_m3D_s60.A19 fileNameGt=../graphsdb/mcs10/m3D/m3D/mcs10_m3D_s60.B19
Reading graphs...
60 :  129
60 :  133
Initializing...
maxdom : 8
D->valSize : 241
Solving...
Blb : 2 (clique : 20)
currentSize : 20 <-- 0.002746 s
currentSize : 21 <-- 0.005308 s
currentSize : 22 <-- 0.010674 s
currentSize : 23 <-- 33.151222 s
currentSize : 24 <-- 374.283264 s

maxsize : 24
nodes : 346541064.000000
filtered : 2511929858.000000
time : 1332.380249
