Parameters: GAD=1 vflib=1 dir=0 label=1 lowerbound=1 fileNameGp=../graphsdb/mcs10/bvg/b03/mcs10_b03_s70.A25 fileNameGt=../graphsdb/mcs10/bvg/b03/mcs10_b03_s70.B25
Reading graphs...
70 :  105
70 :  104
Initializing...
maxdom : 7
D->valSize : 304
Solving...
Blb : 2 (clique : 23)
currentSize : 23 <-- 0.002490 s
currentSize : 24 <-- 0.002876 s
currentSize : 25 <-- 0.038245 s
currentSize : 26 <-- 0.623383 s
currentSize : 27 <-- 16.021858 s
currentSize : 28 <-- 173.160202 s
currentSize : 29 <-- 1359.685669 s

TIMEOUT
maxsize : 29
nodes : 1003890279.000000
filtered : 4124892139.000000
time : 3600.000000
