Parameters: GAD=1 vflib=1 dir=0 label=1 lowerbound=1 fileNameGp=../graphsdb/mcs10/m3D/m3Dr2/mcs10_m3Dr2_s80.A90 fileNameGt=../graphsdb/mcs10/m3D/m3Dr2/mcs10_m3Dr2_s80.B90
Reading graphs...
80 :  198
80 :  198
Initializing...
maxdom : 9
D->valSize : 415
Solving...
Blb : 2 (clique : 24)
currentSize : 24 <-- 0.006498 s
currentSize : 25 <-- 0.007399 s
currentSize : 26 <-- 0.011735 s
currentSize : 27 <-- 0.296679 s
currentSize : 28 <-- 21.892435 s
currentSize : 29 <-- 1216.645020 s

TIMEOUT
maxsize : 29
nodes : 849472318.000000
filtered : 5704442387.000000
time : 3600.000000
