Parameters: GAD=1 vflib=1 dir=0 label=1 lowerbound=1 fileNameGp=../graphsdb/mcs10/m2D/m2Dr4/mcs10_m2Dr4_s50.A62 fileNameGt=../graphsdb/mcs10/m2D/m2Dr4/mcs10_m2Dr4_s50.B62
Reading graphs...
50 :  105
50 :  101
Initializing...
maxdom : 16
D->valSize : 301
Solving...
Blb : 2 (clique : 16)
currentSize : 16 <-- 0.002275 s
currentSize : 17 <-- 0.002384 s
currentSize : 18 <-- 0.003044 s
currentSize : 19 <-- 0.029752 s
currentSize : 20 <-- 127.115646 s

maxsize : 20
nodes : 74874406.000000
filtered : 646235875.000000
time : 264.799164
