Parameters: GAD=1 vflib=1 dir=0 label=1 lowerbound=1 fileNameGp=../graphsdb/mcs10/m2D/m2D/mcs10_m2D_s80.A83 fileNameGt=../graphsdb/mcs10/m2D/m2D/mcs10_m2D_s80.B83
Reading graphs...
80 :  142
80 :  142
Initializing...
maxdom : 11
D->valSize : 411
Solving...
Blb : 2 (clique : 26)
currentSize : 26 <-- 0.006536 s
currentSize : 27 <-- 0.006827 s
currentSize : 28 <-- 0.007141 s
currentSize : 29 <-- 3.513603 s
currentSize : 30 <-- 4.616762 s
currentSize : 31 <-- 523.666504 s
currentSize : 32 <-- 782.177490 s

TIMEOUT
maxsize : 32
nodes : 834152298.000000
filtered : 6391235025.000000
time : 3600.000000
