Parameters: GAD=1 vflib=1 dir=0 label=1 lowerbound=1 fileNameGp=../graphsdb/mcs10/m3D/m3Dr4/mcs10_m3Dr4_s70.A14 fileNameGt=../graphsdb/mcs10/m3D/m3Dr4/mcs10_m3Dr4_s70.B14
Reading graphs...
70 :  183
70 :  184
Initializing...
maxdom : 10
D->valSize : 307
Solving...
Blb : 2 (clique : 19)
currentSize : 19 <-- 0.002691 s
currentSize : 20 <-- 0.005486 s
currentSize : 21 <-- 0.006013 s
currentSize : 22 <-- 0.077705 s
currentSize : 23 <-- 0.252184 s
currentSize : 24 <-- 12.120421 s
currentSize : 25 <-- 1094.418945 s

TIMEOUT
maxsize : 25
nodes : 878185759.000000
filtered : 8277227391.000000
time : 3600.000000
