Parameters: GAD=1 vflib=1 dir=0 label=1 lowerbound=1 fileNameGp=../graphsdb/mcs10/m2D/m2Dr6/mcs10_m2Dr6_s60.A08 fileNameGt=../graphsdb/mcs10/m2D/m2Dr6/mcs10_m2Dr6_s60.B08
Reading graphs...
60 :  138
60 :  135
Initializing...
maxdom : 6
D->valSize : 224
Solving...
Blb : 2 (clique : 18)
currentSize : 18 <-- 0.001616 s
currentSize : 19 <-- 0.009388 s
currentSize : 20 <-- 0.015594 s
currentSize : 21 <-- 0.232250 s
currentSize : 22 <-- 0.733354 s
currentSize : 23 <-- 44.551788 s

maxsize : 23
nodes : 106747074.000000
filtered : 798042491.000000
time : 417.741119
