Parameters: GAD=1 vflib=1 dir=0 label=1 lowerbound=1 fileNameGp=../graphsdb/mcs10/rand/r005/mcs10_r005_s100.A81 fileNameGt=../graphsdb/mcs10/rand/r005/mcs10_r005_s100.B81
Reading graphs...
100 :  485
100 :  494
Initializing...
maxdom : 8
D->valSize : 348
Solving...
Blb : 2 (clique : 17)
currentSize : 17 <-- 0.005380 s
currentSize : 18 <-- 0.006355 s
currentSize : 19 <-- 0.006564 s
currentSize : 20 <-- 0.036060 s
currentSize : 21 <-- 0.055912 s
currentSize : 22 <-- 0.214577 s
currentSize : 23 <-- 8.373288 s
currentSize : 24 <-- 26.421261 s

TIMEOUT
maxsize : 24
nodes : 686396348.000000
filtered : 4456775154.000000
time : 3600.000000
