Parameters: GAD=1 vflib=1 dir=0 label=1 lowerbound=1 fileNameGp=../graphsdb/mcs10/m2D/m2Dr6/mcs10_m2Dr6_s70.A30 fileNameGt=../graphsdb/mcs10/m2D/m2Dr6/mcs10_m2Dr6_s70.B30
Reading graphs...
70 :  163
70 :  161
Initializing...
maxdom : 8
D->valSize : 325
Solving...
Blb : 2 (clique : 20)
currentSize : 20 <-- 0.004381 s
currentSize : 21 <-- 0.004815 s
currentSize : 22 <-- 0.329700 s
currentSize : 23 <-- 1.147554 s
currentSize : 24 <-- 817.466858 s
currentSize : 25 <-- 1360.455322 s
currentSize : 26 <-- 1569.938965 s

TIMEOUT
maxsize : 26
nodes : 932033148.000000
filtered : 6641086094.000000
time : 3600.000000
