Parameters: GAD=1 vflib=1 dir=0 label=1 lowerbound=1 fileNameGp=../graphsdb/mcs10/bvg/b09m/mcs10_b09m_s100.A17 fileNameGt=../graphsdb/mcs10/bvg/b09m/mcs10_b09m_s100.B17
Reading graphs...
100 :  431
100 :  429
Initializing...
maxdom : 6
D->valSize : 326
Solving...
Blb : 5 (clique : 21)
currentSize : 21 <-- 0.005578 s
currentSize : 22 <-- 0.051693 s
currentSize : 23 <-- 0.619299 s
currentSize : 24 <-- 2.725413 s
currentSize : 25 <-- 8.751328 s
currentSize : 26 <-- 1372.658325 s
currentSize : 27 <-- 1675.341675 s

TIMEOUT
maxsize : 27
nodes : 695008478.000000
filtered : 3838290041.000000
time : 3600.000000
