Parameters: GAD=1 vflib=1 dir=0 label=1 lowerbound=1 fileNameGp=../graphsdb/mcs10/bvg/b03m/mcs10_b03m_s70.A85 fileNameGt=../graphsdb/mcs10/bvg/b03m/mcs10_b03m_s70.B85
Reading graphs...
70 :  105
70 :  104
Initializing...
maxdom : 9
D->valSize : 318
Solving...
Blb : 2 (clique : 24)
currentSize : 24 <-- 0.004790 s
currentSize : 25 <-- 0.005074 s
currentSize : 26 <-- 0.005703 s
currentSize : 27 <-- 0.005907 s
currentSize : 28 <-- 0.048370 s
currentSize : 29 <-- 0.385849 s
currentSize : 30 <-- 12.087184 s
currentSize : 31 <-- 108.864899 s
currentSize : 32 <-- 3571.241455 s

TIMEOUT
maxsize : 32
nodes : 1078273891.000000
filtered : 5056125276.000000
time : 3600.000000
