Parameters: GAD=1 vflib=1 dir=0 label=1 lowerbound=1 fileNameGp=../graphsdb/mcs10/bvg/b06m/mcs10_b06m_s100.A71 fileNameGt=../graphsdb/mcs10/bvg/b06m/mcs10_b06m_s100.B71
Reading graphs...
100 :  294
100 :  299
Initializing...
maxdom : 6
D->valSize : 322
Solving...
Blb : 2 (clique : 25)
currentSize : 25 <-- 0.003143 s
currentSize : 26 <-- 0.067924 s
currentSize : 27 <-- 1.287938 s
currentSize : 28 <-- 6.331579 s
currentSize : 29 <-- 17.690952 s
currentSize : 30 <-- 101.525597 s
currentSize : 31 <-- 128.814743 s
currentSize : 32 <-- 260.613739 s

TIMEOUT
maxsize : 32
nodes : 728746237.000000
filtered : 3747735798.000000
time : 3600.000000
