Parameters: GAD=1 vflib=1 dir=0 label=1 lowerbound=1 fileNameGp=../graphsdb/mcs10/m2D/m2Dr6/mcs10_m2Dr6_s60.A58 fileNameGt=../graphsdb/mcs10/m2D/m2Dr6/mcs10_m2Dr6_s60.B58
Reading graphs...
60 :  138
60 :  135
Initializing...
maxdom : 10
D->valSize : 213
Solving...
Blb : 2 (clique : 18)
currentSize : 18 <-- 0.002336 s
currentSize : 19 <-- 0.230918 s
currentSize : 20 <-- 0.530198 s
currentSize : 21 <-- 4.245461 s
currentSize : 22 <-- 10.817705 s

maxsize : 22
nodes : 7028290.000000
filtered : 48366957.000000
time : 26.147558
