Parameters: GAD=1 vflib=1 dir=0 label=1 lowerbound=1 fileNameGp=../graphsdb/mcs10/rand/r005/mcs10_r005_s90.A62 fileNameGt=../graphsdb/mcs10/rand/r005/mcs10_r005_s90.B62
Reading graphs...
90 :  386
90 :  394
Initializing...
maxdom : 11
D->valSize : 505
Solving...
Blb : 2 (clique : 19)
currentSize : 19 <-- 0.008851 s
currentSize : 20 <-- 0.009098 s
currentSize : 21 <-- 0.009450 s
currentSize : 22 <-- 0.026889 s
currentSize : 23 <-- 10.964886 s
currentSize : 24 <-- 19.275692 s

TIMEOUT
maxsize : 24
nodes : 740177587.000000
filtered : 5369383191.000000
time : 3600.000000
