Parameters: GAD=1 vflib=1 dir=0 label=1 lowerbound=1 fileNameGp=../graphsdb/mcs10/bvg/b06m/mcs10_b06m_s100.A24 fileNameGt=../graphsdb/mcs10/bvg/b06m/mcs10_b06m_s100.B24
Reading graphs...
100 :  292
100 :  297
Initializing...
maxdom : 6
D->valSize : 298
Solving...
Blb : 2 (clique : 24)
currentSize : 24 <-- 0.002872 s
currentSize : 25 <-- 0.003893 s
currentSize : 26 <-- 0.005608 s
currentSize : 27 <-- 0.055698 s
currentSize : 28 <-- 0.330769 s
currentSize : 29 <-- 0.526858 s
currentSize : 30 <-- 87.774147 s
currentSize : 31 <-- 3388.929688 s

TIMEOUT
maxsize : 31
nodes : 770113513.000000
filtered : 3519417153.000000
time : 3600.000000
