Parameters: GAD=1 vflib=1 dir=0 label=1 lowerbound=1 fileNameGp=../graphsdb/mcs10/m2D/m2Dr4/mcs10_m2Dr4_s60.A28 fileNameGt=../graphsdb/mcs10/m2D/m2Dr4/mcs10_m2Dr4_s60.B28
Reading graphs...
60 :  128
60 :  125
Initializing...
maxdom : 8
D->valSize : 223
Solving...
Blb : 2 (clique : 19)
currentSize : 19 <-- 0.001738 s
currentSize : 20 <-- 0.010698 s
currentSize : 21 <-- 1.733682 s
currentSize : 22 <-- 2.409082 s
currentSize : 23 <-- 7.188881 s

maxsize : 23
nodes : 52798573.000000
filtered : 316669233.000000
time : 187.040710
