Parameters: GAD=1 vflib=1 dir=0 label=1 lowerbound=1 fileNameGp=../graphsdb/mcs10/m2D/m2D/mcs10_m2D_s70.A52 fileNameGt=../graphsdb/mcs10/m2D/m2D/mcs10_m2D_s70.B52
Reading graphs...
70 :  122
70 :  121
Initializing...
maxdom : 7
D->valSize : 293
Solving...
Blb : 2 (clique : 24)
currentSize : 24 <-- 0.002426 s
currentSize : 25 <-- 0.005896 s
currentSize : 26 <-- 0.006140 s
currentSize : 27 <-- 0.008365 s
currentSize : 28 <-- 31.702141 s
currentSize : 29 <-- 788.829346 s
currentSize : 30 <-- 2377.825684 s

TIMEOUT
maxsize : 30
nodes : 933341559.000000
filtered : 5934845846.000000
time : 3600.000000
