Parameters: GAD=1 vflib=1 dir=0 label=1 lowerbound=1 fileNameGp=../graphsdb/mcs10/m3D/m3Dr6/mcs10_m3Dr6_s100.A97 fileNameGt=../graphsdb/mcs10/m3D/m3Dr6/mcs10_m3Dr6_s100.B97
Reading graphs...
100 :  288
100 :  288
Initializing...
maxdom : 8
D->valSize : 313
Solving...
Blb : 2 (clique : 26)
currentSize : 26 <-- 0.003124 s
currentSize : 27 <-- 0.014178 s
currentSize : 28 <-- 0.028493 s
currentSize : 29 <-- 0.042632 s
currentSize : 30 <-- 0.604264 s
currentSize : 31 <-- 50.595772 s

TIMEOUT
maxsize : 31
nodes : 719753009.000000
filtered : 4062085544.000000
time : 3600.000000
