Parameters: GAD=1 vflib=1 dir=0 label=1 lowerbound=1 fileNameGp=../graphsdb/mcs10/bvg/b09m/mcs10_b09m_s100.A68 fileNameGt=../graphsdb/mcs10/bvg/b09m/mcs10_b09m_s100.B68
Reading graphs...
100 :  436
100 :  436
Initializing...
maxdom : 6
D->valSize : 319
Solving...
Blb : 2 (clique : 22)
currentSize : 22 <-- 0.003103 s
currentSize : 23 <-- 0.003288 s
currentSize : 24 <-- 1.769644 s
currentSize : 25 <-- 13.479281 s
currentSize : 26 <-- 39.165535 s
currentSize : 27 <-- 45.132847 s
currentSize : 28 <-- 63.615841 s

TIMEOUT
maxsize : 28
nodes : 692709272.000000
filtered : 4231562869.000000
time : 3600.000000
