Parameters: GAD=1 vflib=1 dir=0 label=1 lowerbound=1 fileNameGp=../graphsdb/mcs10/bvg/b06m/mcs10_b06m_s90.A80 fileNameGt=../graphsdb/mcs10/bvg/b06m/mcs10_b06m_s90.B80
Reading graphs...
90 :  264
90 :  264
Initializing...
maxdom : 10
D->valSize : 492
Solving...
Blb : 2 (clique : 24)
currentSize : 24 <-- 0.009896 s
currentSize : 26 <-- 0.010540 s
currentSize : 27 <-- 0.010807 s
currentSize : 28 <-- 0.038368 s
currentSize : 29 <-- 6.591268 s
currentSize : 30 <-- 561.917480 s
currentSize : 31 <-- 577.842285 s
currentSize : 32 <-- 579.524841 s

TIMEOUT
maxsize : 32
nodes : 692448367.000000
filtered : 6538163342.000000
time : 3600.000000
