Parameters: GAD=1 vflib=1 dir=0 label=1 lowerbound=1 fileNameGp=../graphsdb/mcs10/m3D/m3D/mcs10_m3D_s70.A23 fileNameGt=../graphsdb/mcs10/m3D/m3D/mcs10_m3D_s70.B23
Reading graphs...
70 :  158
70 :  157
Initializing...
maxdom : 12
D->valSize : 333
Solving...
Blb : 2 (clique : 21)
currentSize : 21 <-- 0.004616 s
currentSize : 22 <-- 0.022405 s
currentSize : 23 <-- 0.095787 s
currentSize : 24 <-- 0.323213 s
currentSize : 25 <-- 1.304484 s
currentSize : 26 <-- 36.458241 s
currentSize : 27 <-- 114.302376 s

TIMEOUT
maxsize : 27
nodes : 866610934.000000
filtered : 7180202928.000000
time : 3600.000000
