Parameters: GAD=1 vflib=1 dir=0 label=1 lowerbound=1 fileNameGp=../graphsdb/mcs10/m2D/m2Dr4/mcs10_m2Dr4_s100.A02 fileNameGt=../graphsdb/mcs10/m2D/m2Dr4/mcs10_m2Dr4_s100.B02
Reading graphs...
100 :  216
100 :  218
Initializing...
maxdom : 7
D->valSize : 311
Solving...
Blb : 5 (clique : 29)
currentSize : 29 <-- 0.003070 s
currentSize : 31 <-- 0.052070 s
currentSize : 32 <-- 0.439592 s
currentSize : 33 <-- 0.821046 s
currentSize : 34 <-- 3.371976 s
currentSize : 35 <-- 34.005184 s

TIMEOUT
maxsize : 35
nodes : 784497019.000000
filtered : 2922734088.000000
time : 3600.000000
