Parameters: GAD=1 vflib=1 dir=0 label=1 lowerbound=1 fileNameGp=../graphsdb/mcs10/m2D/m2Dr4/mcs10_m2Dr4_s60.A41 fileNameGt=../graphsdb/mcs10/m2D/m2Dr4/mcs10_m2Dr4_s60.B41
Reading graphs...
60 :  126
60 :  126
Initializing...
maxdom : 7
D->valSize : 217
Solving...
Blb : 2 (clique : 19)
currentSize : 19 <-- 0.001627 s
currentSize : 20 <-- 0.001720 s
currentSize : 21 <-- 0.023683 s
currentSize : 22 <-- 0.383545 s
currentSize : 23 <-- 0.388617 s
currentSize : 24 <-- 1.203247 s

maxsize : 24
nodes : 111454216.000000
filtered : 699539978.000000
time : 425.900482
