Parameters: GAD=1 vflib=1 dir=0 label=1 lowerbound=1 fileNameGp=../graphsdb/mcs10/m4D/m4Dr4/mcs10_m4Dr4_s100.A93 fileNameGt=../graphsdb/mcs10/m4D/m4Dr4/mcs10_m4Dr4_s100.B93
Reading graphs...
100 :  196
100 :  197
Initializing...
maxdom : 6
D->valSize : 342
Solving...
Blb : 2 (clique : 33)
currentSize : 33 <-- 0.003466 s
currentSize : 34 <-- 0.009703 s
currentSize : 35 <-- 0.064375 s
currentSize : 36 <-- 0.077511 s
currentSize : 37 <-- 1.615206 s
currentSize : 38 <-- 51.475819 s

TIMEOUT
maxsize : 38
nodes : 743986815.000000
filtered : 3646629516.000000
time : 3600.000000
