Parameters: GAD=1 vflib=1 dir=0 label=1 lowerbound=1 fileNameGp=../graphsdb/mcs10/m4D/m4Dr4/mcs10_m4Dr4_s100.A74 fileNameGt=../graphsdb/mcs10/m4D/m4Dr4/mcs10_m4Dr4_s100.B74
Reading graphs...
100 :  199
100 :  197
Initializing...
maxdom : 8
D->valSize : 356
Solving...
Blb : 2 (clique : 31)
currentSize : 31 <-- 0.003758 s
currentSize : 32 <-- 0.004009 s
currentSize : 33 <-- 0.004712 s
currentSize : 34 <-- 0.009017 s
currentSize : 35 <-- 0.619621 s
currentSize : 36 <-- 12.605495 s
currentSize : 37 <-- 47.011032 s
currentSize : 38 <-- 691.610535 s
currentSize : 39 <-- 801.718750 s

TIMEOUT
maxsize : 39
nodes : 829223930.000000
filtered : 2881694171.000000
time : 3600.000000
