Parameters: GAD=1 vflib=1 dir=0 label=1 lowerbound=1 fileNameGp=../graphsdb/mcs10/rand/r005/mcs10_r005_s30.A11 fileNameGt=../graphsdb/mcs10/rand/r005/mcs10_r005_s30.B11
Reading graphs...
30 :  44
30 :  44
Initializing...
maxdom : 6
D->valSize : 123
Solving...
Blb : 2 (clique : 10)
currentSize : 10 <-- 0.000636 s
currentSize : 11 <-- 0.001445 s
currentSize : 12 <-- 0.006968 s
currentSize : 13 <-- 0.045201 s
currentSize : 14 <-- 0.202852 s

maxsize : 14
nodes : 111570.000000
filtered : 609127.000000
time : 0.254836
