Parameters: GAD=1 vflib=1 dir=0 label=1 lowerbound=1 fileNameGp=../graphsdb/mcs10/m3D/m3Dr2/mcs10_m3Dr2_s90.A17 fileNameGt=../graphsdb/mcs10/m3D/m3Dr2/mcs10_m3Dr2_s90.B17
Reading graphs...
90 :  226
90 :  226
Initializing...
maxdom : 8
D->valSize : 512
Solving...
Blb : 2 (clique : 25)
currentSize : 25 <-- 0.009335 s
currentSize : 26 <-- 0.336153 s
currentSize : 27 <-- 4.421025 s
currentSize : 28 <-- 61.700462 s
currentSize : 29 <-- 609.050110 s
currentSize : 30 <-- 1058.701660 s
currentSize : 31 <-- 1628.062256 s

TIMEOUT
maxsize : 31
nodes : 919875325.000000
filtered : 5117065062.000000
time : 3600.000000
