Parameters: GAD=1 vflib=1 dir=0 label=1 lowerbound=1 fileNameGp=../graphsdb/mcs10/bvg/b06/mcs10_b06_s70.A80 fileNameGt=../graphsdb/mcs10/bvg/b06/mcs10_b06_s70.B80
Reading graphs...
70 :  205
70 :  208
Initializing...
maxdom : 9
D->valSize : 329
Solving...
Blb : 2 (clique : 18)
currentSize : 18 <-- 0.002778 s
currentSize : 19 <-- 0.003056 s
currentSize : 20 <-- 0.003758 s
currentSize : 21 <-- 0.458033 s
currentSize : 22 <-- 0.593987 s
currentSize : 23 <-- 5.373889 s
currentSize : 24 <-- 33.830208 s
currentSize : 25 <-- 210.504318 s

TIMEOUT
maxsize : 25
nodes : 790414026.000000
filtered : 7385833542.000000
time : 3600.000000
