Parameters: GAD=1 vflib=1 dir=0 label=1 lowerbound=1 fileNameGp=../graphsdb/mcs10/bvg/b06m/mcs10_b06m_s80.A49 fileNameGt=../graphsdb/mcs10/bvg/b06m/mcs10_b06m_s80.B49
Reading graphs...
80 :  234
80 :  237
Initializing...
maxdom : 12
D->valSize : 406
Solving...
Blb : 2 (clique : 21)
currentSize : 21 <-- 0.003916 s
currentSize : 22 <-- 0.004187 s
currentSize : 23 <-- 0.028456 s
currentSize : 24 <-- 8.218336 s
currentSize : 25 <-- 87.655983 s
currentSize : 26 <-- 1668.041016 s

TIMEOUT
maxsize : 26
nodes : 723740757.000000
filtered : 7268466314.000000
time : 3600.000000
