Parameters: GAD=1 vflib=1 dir=0 label=1 lowerbound=1 fileNameGp=../graphsdb/mcs10/m3D/m3Dr6/mcs10_m3Dr6_s100.A57 fileNameGt=../graphsdb/mcs10/m3D/m3Dr6/mcs10_m3Dr6_s100.B57
Reading graphs...
100 :  288
100 :  286
Initializing...
maxdom : 8
D->valSize : 370
Solving...
Blb : 2 (clique : 25)
currentSize : 25 <-- 0.003912 s
currentSize : 26 <-- 0.004149 s
currentSize : 27 <-- 0.006960 s
currentSize : 28 <-- 0.018158 s
currentSize : 29 <-- 94.850296 s
currentSize : 30 <-- 227.617416 s
currentSize : 31 <-- 2937.833496 s

TIMEOUT
maxsize : 31
nodes : 734542956.000000
filtered : 3613751367.000000
time : 3600.000000
