Parameters: GAD=1 vflib=1 dir=0 label=1 lowerbound=1 fileNameGp=../graphsdb/mcs10/bvg/b06/mcs10_b06_s90.A04 fileNameGt=../graphsdb/mcs10/bvg/b06/mcs10_b06_s90.B04
Reading graphs...
90 :  269
90 :  266
Initializing...
maxdom : 9
D->valSize : 498
Solving...
Blb : 3 (clique : 24)
currentSize : 24 <-- 0.005629 s
currentSize : 25 <-- 0.005829 s
currentSize : 26 <-- 0.005849 s
currentSize : 27 <-- 0.007241 s
currentSize : 28 <-- 0.017931 s
currentSize : 29 <-- 56.190941 s

TIMEOUT
maxsize : 29
nodes : 803792221.000000
filtered : 5124352136.000000
time : 3600.000000
