Parameters: GAD=1 vflib=1 dir=0 label=1 lowerbound=1 fileNameGp=../graphsdb/mcs10/m3D/m3D/mcs10_m3D_s100.A67 fileNameGt=../graphsdb/mcs10/m3D/m3D/mcs10_m3D_s100.B67
Reading graphs...
100 :  232
100 :  234
Initializing...
maxdom : 6
D->valSize : 309
Solving...
Blb : 2 (clique : 27)
currentSize : 27 <-- 0.002884 s
currentSize : 28 <-- 0.003076 s
currentSize : 30 <-- 0.003186 s
currentSize : 31 <-- 0.400148 s
currentSize : 32 <-- 1.086139 s
currentSize : 33 <-- 241.640182 s
currentSize : 34 <-- 931.664856 s

TIMEOUT
maxsize : 34
nodes : 800208371.000000
filtered : 3492826165.000000
time : 3600.000000
