Parameters: GAD=1 vflib=1 dir=0 label=1 lowerbound=1 fileNameGp=../graphsdb/mcs10/m2D/m2Dr6/mcs10_m2Dr6_s40.A33 fileNameGt=../graphsdb/mcs10/m2D/m2Dr6/mcs10_m2Dr6_s40.B33
Reading graphs...
40 :  90
40 :  84
Initializing...
maxdom : 7
D->valSize : 204
Solving...
Blb : 2 (clique : 12)
currentSize : 12 <-- 0.001283 s
currentSize : 13 <-- 0.002105 s
currentSize : 14 <-- 0.003882 s
currentSize : 15 <-- 0.048441 s
currentSize : 16 <-- 0.050641 s

maxsize : 16
nodes : 3753269.000000
filtered : 31748872.000000
time : 12.179077
