Parameters: GAD=1 vflib=1 dir=0 label=1 lowerbound=1 fileNameGp=../graphsdb/mcs10/bvg/b03m/mcs10_b03m_s60.A20 fileNameGt=../graphsdb/mcs10/bvg/b03m/mcs10_b03m_s60.B20
Reading graphs...
60 :  88
60 :  90
Initializing...
maxdom : 7
D->valSize : 223
Solving...
Blb : 2 (clique : 22)
currentSize : 22 <-- 0.001671 s
currentSize : 23 <-- 0.002131 s
currentSize : 24 <-- 0.005533 s
currentSize : 25 <-- 0.597493 s
currentSize : 26 <-- 243.141907 s

maxsize : 26
nodes : 334216216.000000
filtered : 1794224181.000000
time : 1184.949341
