Parameters: GAD=1 vflib=1 dir=0 label=1 lowerbound=1 fileNameGp=../graphsdb/mcs10/m2D/m2Dr6/mcs10_m2Dr6_s100.A07 fileNameGt=../graphsdb/mcs10/m2D/m2Dr6/mcs10_m2Dr6_s100.B07
Reading graphs...
100 :  234
100 :  233
Initializing...
maxdom : 8
D->valSize : 320
Solving...
Blb : 2 (clique : 29)
currentSize : 29 <-- 0.003116 s
currentSize : 30 <-- 0.005536 s
currentSize : 31 <-- 0.560731 s
currentSize : 32 <-- 0.571907 s
currentSize : 33 <-- 1.475632 s
currentSize : 34 <-- 2.156622 s
currentSize : 35 <-- 3.990219 s
currentSize : 36 <-- 1678.548706 s

TIMEOUT
maxsize : 36
nodes : 741289241.000000
filtered : 3472923701.000000
time : 3600.000000
