Parameters: GAD=1 vflib=1 dir=0 label=1 lowerbound=1 fileNameGp=../graphsdb/mcs10/m3D/m3D/mcs10_m3D_s80.A70 fileNameGt=../graphsdb/mcs10/m3D/m3D/mcs10_m3D_s80.B70
Reading graphs...
80 :  181
80 :  184
Initializing...
maxdom : 8
D->valSize : 372
Solving...
Blb : 2 (clique : 23)
currentSize : 23 <-- 0.005506 s
currentSize : 24 <-- 0.005773 s
currentSize : 25 <-- 0.062573 s
currentSize : 26 <-- 0.305938 s
currentSize : 27 <-- 1.516757 s
currentSize : 28 <-- 752.367859 s
currentSize : 29 <-- 1674.117798 s

TIMEOUT
maxsize : 29
nodes : 828373687.000000
filtered : 5345375640.000000
time : 3600.000000
