Parameters: GAD=1 vflib=1 dir=0 label=1 lowerbound=1 fileNameGp=../graphsdb/mcs10/m3D/m3D/mcs10_m3D_s70.A63 fileNameGt=../graphsdb/mcs10/m3D/m3D/mcs10_m3D_s70.B63
Reading graphs...
70 :  156
70 :  159
Initializing...
maxdom : 8
D->valSize : 309
Solving...
Blb : 2 (clique : 21)
currentSize : 21 <-- 0.003775 s
currentSize : 22 <-- 0.149316 s
currentSize : 23 <-- 1.533583 s
currentSize : 24 <-- 2.003762 s
currentSize : 25 <-- 2.033501 s
currentSize : 26 <-- 8.723373 s

TIMEOUT
maxsize : 26
nodes : 844581160.000000
filtered : 6413282730.000000
time : 3600.000000
