Parameters: GAD=1 vflib=1 dir=0 label=1 lowerbound=1 fileNameGp=../graphsdb/mcs10/m3D/m3Dr2/mcs10_m3Dr2_s60.A43 fileNameGt=../graphsdb/mcs10/m3D/m3Dr2/mcs10_m3Dr2_s60.B43
Reading graphs...
60 :  145
60 :  144
Initializing...
maxdom : 7
D->valSize : 242
Solving...
Blb : 2 (clique : 17)
currentSize : 17 <-- 0.001941 s
currentSize : 18 <-- 0.002140 s
currentSize : 19 <-- 0.002181 s
currentSize : 20 <-- 0.003775 s
currentSize : 21 <-- 0.798275 s
currentSize : 22 <-- 1.709296 s
currentSize : 23 <-- 48.500378 s

maxsize : 23
nodes : 253723548.000000
filtered : 1809954893.000000
time : 1002.817078
