Parameters: GAD=1 vflib=1 dir=0 label=1 lowerbound=1 fileNameGp=../graphsdb/mcs10/bvg/b03m/mcs10_b03m_s100.A73 fileNameGt=../graphsdb/mcs10/bvg/b03m/mcs10_b03m_s100.B73
Reading graphs...
100 :  150
100 :  149
Initializing...
maxdom : 6
D->valSize : 310
Solving...
Blb : 2 (clique : 34)
currentSize : 34 <-- 0.003180 s
currentSize : 35 <-- 0.003436 s
currentSize : 36 <-- 0.004758 s
currentSize : 37 <-- 4.722142 s
currentSize : 38 <-- 11.209706 s
currentSize : 39 <-- 15.096507 s
currentSize : 40 <-- 294.006073 s
currentSize : 41 <-- 548.092163 s

TIMEOUT
maxsize : 41
nodes : 862562021.000000
filtered : 2144885086.000000
time : 3600.000000
