Parameters: GAD=1 vflib=1 dir=0 label=1 lowerbound=1 fileNameGp=../graphsdb/mcs10/rand/r02/mcs10_r02_s90.A22 fileNameGt=../graphsdb/mcs10/rand/r02/mcs10_r02_s90.B22
Reading graphs...
90 :  1431
90 :  1442
Initializing...
maxdom : 10
D->valSize : 501
Solving...
Blb : 2 (clique : 7)
currentSize : 7 <-- 0.005111 s
currentSize : 8 <-- 0.005399 s
currentSize : 9 <-- 0.005548 s
currentSize : 10 <-- 0.005797 s
currentSize : 11 <-- 3.865139 s

maxsize : 11
nodes : 2265239.000000
filtered : 27656286.000000
time : 12.152406
