Parameters: GAD=1 vflib=1 dir=0 label=1 lowerbound=1 fileNameGp=../graphsdb/mcs10/rand/r01/mcs10_r01_s60.A02 fileNameGt=../graphsdb/mcs10/rand/r01/mcs10_r01_s60.B02
Reading graphs...
60 :  336
60 :  333
Initializing...
maxdom : 7
D->valSize : 233
Solving...
Blb : 2 (clique : 9)
currentSize : 9 <-- 0.002522 s
currentSize : 10 <-- 0.003175 s
currentSize : 11 <-- 0.003256 s
currentSize : 12 <-- 0.003435 s
currentSize : 13 <-- 0.118531 s

maxsize : 13
nodes : 1515271.000000
filtered : 12639863.000000
time : 5.989523
