Parameters: GAD=1 vflib=1 dir=0 label=1 lowerbound=1 fileNameGp=../graphsdb/mcs10/rand/r01/mcs10_r01_s70.A17 fileNameGt=../graphsdb/mcs10/rand/r01/mcs10_r01_s70.B17
Reading graphs...
70 :  455
70 :  457
Initializing...
maxdom : 9
D->valSize : 310
Solving...
Blb : 2 (clique : 11)
currentSize : 11 <-- 0.002420 s
currentSize : 12 <-- 0.003255 s
currentSize : 13 <-- 0.043651 s
currentSize : 14 <-- 0.100970 s
currentSize : 15 <-- 11.937656 s

maxsize : 15
nodes : 6600840.000000
filtered : 75067828.000000
time : 31.334248
