Parameters: GAD=1 vflib=1 dir=0 label=1 lowerbound=1 fileNameGp=../graphsdb/mcs10/m2D/m2Dr6/mcs10_m2Dr6_s70.A38 fileNameGt=../graphsdb/mcs10/m2D/m2Dr6/mcs10_m2Dr6_s70.B38
Reading graphs...
70 :  159
70 :  161
Initializing...
maxdom : 9
D->valSize : 313
Solving...
Blb : 2 (clique : 21)
currentSize : 21 <-- 0.002540 s
currentSize : 22 <-- 0.004532 s
currentSize : 23 <-- 0.033675 s
currentSize : 24 <-- 0.345275 s
currentSize : 25 <-- 0.345347 s
currentSize : 26 <-- 85.885918 s
currentSize : 27 <-- 86.797333 s
currentSize : 28 <-- 86.873253 s
currentSize : 29 <-- 2007.966675 s

TIMEOUT
maxsize : 29
nodes : 849082771.000000
filtered : 6758290027.000000
time : 3600.000000
