Parameters: GAD=1 vflib=1 dir=0 label=1 lowerbound=1 fileNameGp=../graphsdb/mcs10/m4D/m4Dr4/mcs10_m4Dr4_s100.A14 fileNameGt=../graphsdb/mcs10/m4D/m4Dr4/mcs10_m4Dr4_s100.B14
Reading graphs...
100 :  199
100 :  199
Initializing...
maxdom : 7
D->valSize : 345
Solving...
Blb : 2 (clique : 33)
currentSize : 33 <-- 0.005822 s
currentSize : 34 <-- 0.006190 s
currentSize : 35 <-- 0.006360 s
currentSize : 36 <-- 0.021843 s
currentSize : 37 <-- 3.401386 s
currentSize : 38 <-- 128.545410 s

TIMEOUT
maxsize : 38
nodes : 746186037.000000
filtered : 3314561732.000000
time : 3600.000000
