Parameters: GAD=1 vflib=1 dir=0 label=1 lowerbound=1 fileNameGp=../graphsdb/mcs10/m2D/m2Dr2/mcs10_m2Dr2_s70.A37 fileNameGt=../graphsdb/mcs10/m2D/m2Dr2/mcs10_m2Dr2_s70.B37
Reading graphs...
70 :  135
70 :  136
Initializing...
maxdom : 8
D->valSize : 311
Solving...
Blb : 2 (clique : 24)
currentSize : 24 <-- 0.002719 s
currentSize : 25 <-- 0.235172 s
currentSize : 26 <-- 0.298584 s
currentSize : 27 <-- 0.359621 s
currentSize : 28 <-- 1.827301 s
currentSize : 29 <-- 136.788818 s
currentSize : 30 <-- 1909.137329 s

TIMEOUT
maxsize : 30
nodes : 877772549.000000
filtered : 6166544098.000000
time : 3600.000000
