Parameters: GAD=1 vflib=1 dir=0 label=1 lowerbound=1 fileNameGp=../graphsdb/mcs10/bvg/b03/mcs10_b03_s50.A23 fileNameGt=../graphsdb/mcs10/bvg/b03/mcs10_b03_s50.B23
Reading graphs...
50 :  74
50 :  74
Initializing...
maxdom : 9
D->valSize : 307
Solving...
Blb : 5 (clique : 18)
currentSize : 18 <-- 0.002193 s
currentSize : 19 <-- 4.554986 s
currentSize : 20 <-- 4.663515 s
currentSize : 21 <-- 27.782951 s
currentSize : 22 <-- 30.356596 s
currentSize : 23 <-- 161.164398 s
currentSize : 24 <-- 795.912781 s

maxsize : 24
nodes : 590000550.000000
filtered : 5161479707.000000
time : 2234.851318
