Parameters: GAD=1 vflib=1 dir=0 label=1 lowerbound=1 fileNameGp=../graphsdb/mcs10/m2D/m2D/mcs10_m2D_s60.A20 fileNameGt=../graphsdb/mcs10/m2D/m2D/mcs10_m2D_s60.B20
Reading graphs...
60 :  103
60 :  103
Initializing...
maxdom : 7
D->valSize : 243
Solving...
Blb : 2 (clique : 23)
currentSize : 23 <-- 0.002005 s
currentSize : 24 <-- 0.002146 s
currentSize : 25 <-- 0.028672 s
currentSize : 26 <-- 0.034794 s
currentSize : 27 <-- 0.339348 s

maxsize : 27
nodes : 123703626.000000
filtered : 1117311484.000000
time : 551.476440
