Parameters: GAD=1 vflib=1 dir=0 label=1 lowerbound=1 fileNameGp=../graphsdb/mcs10/bvg/b06m/mcs10_b06m_s80.A77 fileNameGt=../graphsdb/mcs10/bvg/b06m/mcs10_b06m_s80.B77
Reading graphs...
80 :  235
80 :  234
Initializing...
maxdom : 8
D->valSize : 401
Solving...
Blb : 2 (clique : 22)
currentSize : 22 <-- 0.003689 s
currentSize : 23 <-- 0.003849 s
currentSize : 24 <-- 2.042258 s
currentSize : 25 <-- 41.943680 s
currentSize : 26 <-- 47.390579 s
currentSize : 27 <-- 1740.630005 s

TIMEOUT
maxsize : 27
nodes : 781785529.000000
filtered : 6751621215.000000
time : 3600.000000
