Parameters: GAD=1 vflib=1 dir=0 label=1 lowerbound=1 fileNameGp=../graphsdb/mcs10/bvg/b06m/mcs10_b06m_s80.A57 fileNameGt=../graphsdb/mcs10/bvg/b06m/mcs10_b06m_s80.B57
Reading graphs...
80 :  234
80 :  234
Initializing...
maxdom : 8
D->valSize : 377
Solving...
Blb : 3 (clique : 20)
currentSize : 20 <-- 0.003399 s
currentSize : 21 <-- 0.004056 s
currentSize : 22 <-- 0.008591 s
currentSize : 23 <-- 0.025298 s
currentSize : 24 <-- 3.358719 s
currentSize : 25 <-- 3.453985 s
currentSize : 26 <-- 719.633240 s
currentSize : 27 <-- 1003.336182 s
currentSize : 28 <-- 1930.598633 s

TIMEOUT
maxsize : 28
nodes : 837335479.000000
filtered : 5488087777.000000
time : 3600.000000
