Parameters: GAD=1 vflib=1 dir=0 label=1 lowerbound=1 fileNameGp=../graphsdb/mcs10/m2D/m2Dr2/mcs10_m2Dr2_s100.A95 fileNameGt=../graphsdb/mcs10/m2D/m2Dr2/mcs10_m2Dr2_s100.B95
Reading graphs...
100 :  198
100 :  199
Initializing...
maxdom : 8
D->valSize : 317
Solving...
Blb : 2 (clique : 31)
currentSize : 31 <-- 0.003152 s
currentSize : 32 <-- 0.007355 s
currentSize : 33 <-- 0.008622 s
currentSize : 34 <-- 0.117063 s
currentSize : 35 <-- 9.034143 s
currentSize : 36 <-- 71.210670 s

TIMEOUT
maxsize : 36
nodes : 736032700.000000
filtered : 3659815614.000000
time : 3600.000000
