Parameters: GAD=1 vflib=1 dir=0 label=1 lowerbound=1 fileNameGp=../graphsdb/mcs10/bvg/b03/mcs10_b03_s90.A72 fileNameGt=../graphsdb/mcs10/bvg/b03/mcs10_b03_s90.B72
Reading graphs...
90 :  135
90 :  135
Initializing...
maxdom : 12
D->valSize : 489
Solving...
Blb : 2 (clique : 32)
currentSize : 32 <-- 0.005514 s
currentSize : 33 <-- 0.005759 s
currentSize : 34 <-- 4.052735 s
currentSize : 35 <-- 13.169304 s
currentSize : 36 <-- 223.051987 s
currentSize : 37 <-- 944.029297 s

TIMEOUT
maxsize : 37
nodes : 948715953.000000
filtered : 3740821411.000000
time : 3600.000000
