Parameters: GAD=1 vflib=1 dir=0 label=1 lowerbound=1 fileNameGp=../graphsdb/mcs10/bvg/b06m/mcs10_b06m_s90.A78 fileNameGt=../graphsdb/mcs10/bvg/b06m/mcs10_b06m_s90.B78
Reading graphs...
90 :  262
90 :  265
Initializing...
maxdom : 9
D->valSize : 487
Solving...
Blb : 2 (clique : 23)
currentSize : 23 <-- 0.005109 s
currentSize : 24 <-- 0.005401 s
currentSize : 25 <-- 0.005865 s
currentSize : 26 <-- 0.016053 s
currentSize : 27 <-- 0.021382 s
currentSize : 28 <-- 0.652997 s
currentSize : 29 <-- 13.086836 s
currentSize : 30 <-- 53.602142 s

TIMEOUT
maxsize : 30
nodes : 765161385.000000
filtered : 5207971210.000000
time : 3600.000000
