Parameters: GAD=1 vflib=1 dir=0 label=1 lowerbound=1 fileNameGp=../graphsdb/mcs10/m3D/m3Dr6/mcs10_m3Dr6_s100.A50 fileNameGt=../graphsdb/mcs10/m3D/m3Dr6/mcs10_m3Dr6_s100.B50
Reading graphs...
100 :  285
100 :  290
Initializing...
maxdom : 7
D->valSize : 314
Solving...
Blb : 2 (clique : 25)
currentSize : 25 <-- 0.003112 s
currentSize : 26 <-- 0.003296 s
currentSize : 27 <-- 0.039904 s
currentSize : 28 <-- 0.081941 s
currentSize : 29 <-- 0.107752 s
currentSize : 30 <-- 0.504039 s
currentSize : 31 <-- 12.920140 s
currentSize : 32 <-- 3270.715332 s

TIMEOUT
maxsize : 32
nodes : 788675201.000000
filtered : 2753820028.000000
time : 3600.000000
