Parameters: GAD=1 vflib=1 dir=0 label=1 lowerbound=1 fileNameGp=../graphsdb/mcs10/rand/r005/mcs10_r005_s70.A60 fileNameGt=../graphsdb/mcs10/rand/r005/mcs10_r005_s70.B60
Reading graphs...
70 :  240
70 :  239
Initializing...
maxdom : 9
D->valSize : 284
Solving...
Blb : 2 (clique : 16)
currentSize : 16 <-- 0.002350 s
currentSize : 17 <-- 0.002805 s
currentSize : 18 <-- 0.050243 s
currentSize : 19 <-- 0.682016 s
currentSize : 20 <-- 1.201804 s
currentSize : 21 <-- 43.472511 s
currentSize : 22 <-- 178.781326 s

maxsize : 22
nodes : 129239879.000000
filtered : 1177691539.000000
time : 550.661499
