Parameters: GAD=1 vflib=1 dir=0 label=1 lowerbound=1 fileNameGp=../graphsdb/mcs10/rand/r005/mcs10_r005_s30.A60 fileNameGt=../graphsdb/mcs10/rand/r005/mcs10_r005_s30.B60
Reading graphs...
30 :  45
30 :  45
Initializing...
maxdom : 7
D->valSize : 116
Solving...
Blb : 3 (clique : 10)
currentSize : 10 <-- 0.000600 s
currentSize : 11 <-- 0.000724 s
currentSize : 12 <-- 0.001206 s
currentSize : 13 <-- 0.001933 s
currentSize : 14 <-- 0.012952 s

maxsize : 14
nodes : 49227.000000
filtered : 322434.000000
time : 0.129016
