Parameters: GAD=1 vflib=1 dir=0 label=1 lowerbound=1 fileNameGp=../graphsdb/mcs10/m2D/m2Dr2/mcs10_m2Dr2_s70.A06 fileNameGt=../graphsdb/mcs10/m2D/m2Dr2/mcs10_m2Dr2_s70.B06
Reading graphs...
70 :  135
70 :  136
Initializing...
maxdom : 10
D->valSize : 351
Solving...
Blb : 2 (clique : 23)
currentSize : 23 <-- 0.003294 s
currentSize : 24 <-- 0.776185 s
currentSize : 25 <-- 25.475557 s
currentSize : 26 <-- 32.969952 s
currentSize : 27 <-- 589.756775 s
currentSize : 28 <-- 612.944214 s
currentSize : 29 <-- 1581.130981 s

TIMEOUT
maxsize : 29
nodes : 982666517.000000
filtered : 6145946711.000000
time : 3600.000000
