Parameters: GAD=1 vflib=1 dir=0 label=1 lowerbound=1 fileNameGp=../graphsdb/mcs10/m2D/m2Dr4/mcs10_m2Dr4_s50.A19 fileNameGt=../graphsdb/mcs10/m2D/m2Dr4/mcs10_m2Dr4_s50.B19
Reading graphs...
50 :  103
50 :  103
Initializing...
maxdom : 10
D->valSize : 311
Solving...
Blb : 2 (clique : 18)
currentSize : 18 <-- 0.002281 s
currentSize : 19 <-- 0.044588 s
currentSize : 20 <-- 0.429322 s
currentSize : 21 <-- 2.234189 s
currentSize : 22 <-- 107.973831 s

maxsize : 22
nodes : 218913407.000000
filtered : 1788685236.000000
time : 753.613220
