Parameters: GAD=1 vflib=1 dir=0 label=1 lowerbound=1 fileNameGp=../graphsdb/mcs10/m4D/m4Dr2/mcs10_m4Dr2_s100.A39 fileNameGt=../graphsdb/mcs10/m4D/m4Dr2/mcs10_m4Dr2_s100.B39
Reading graphs...
100 :  178
100 :  176
Initializing...
maxdom : 6
D->valSize : 311
Solving...
Blb : 2 (clique : 30)
currentSize : 30 <-- 0.002988 s
currentSize : 31 <-- 0.033867 s
currentSize : 32 <-- 0.364772 s
currentSize : 33 <-- 1.027107 s
currentSize : 34 <-- 1.580984 s
currentSize : 35 <-- 2.796145 s
currentSize : 36 <-- 149.461548 s

TIMEOUT
maxsize : 36
nodes : 859797297.000000
filtered : 2670003856.000000
time : 3600.000000
