Parameters: GAD=1 vflib=1 dir=0 label=1 lowerbound=1 fileNameGp=../graphsdb/mcs10/rand/r005/mcs10_r005_s90.A27 fileNameGt=../graphsdb/mcs10/rand/r005/mcs10_r005_s90.B27
Reading graphs...
90 :  400
90 :  393
Initializing...
maxdom : 9
D->valSize : 519
Solving...
Blb : 5 (clique : 20)
currentSize : 20 <-- 0.006813 s
currentSize : 21 <-- 0.007116 s
currentSize : 22 <-- 0.013080 s
currentSize : 23 <-- 0.020452 s
currentSize : 24 <-- 4.028422 s
currentSize : 25 <-- 8.727716 s

TIMEOUT
maxsize : 25
nodes : 704985809.000000
filtered : 7048836446.000000
time : 3600.000000
