Parameters: GAD=1 vflib=1 dir=0 label=1 lowerbound=1 fileNameGp=../graphsdb/mcs10/rand/r01/mcs10_r01_s60.A48 fileNameGt=../graphsdb/mcs10/rand/r01/mcs10_r01_s60.B48
Reading graphs...
60 :  343
60 :  340
Initializing...
maxdom : 8
D->valSize : 234
Solving...
Blb : 2 (clique : 11)
currentSize : 11 <-- 0.002455 s
currentSize : 12 <-- 0.089284 s
currentSize : 13 <-- 0.107101 s
currentSize : 14 <-- 0.118194 s
currentSize : 15 <-- 1.548596 s

maxsize : 15
nodes : 759427.000000
filtered : 7297335.000000
time : 3.190616
