Parameters: GAD=1 vflib=1 dir=0 label=1 lowerbound=1 fileNameGp=../graphsdb/mcs10/m2D/m2Dr4/mcs10_m2Dr4_s70.A51 fileNameGt=../graphsdb/mcs10/m2D/m2Dr4/mcs10_m2Dr4_s70.B51
Reading graphs...
70 :  150
70 :  147
Initializing...
maxdom : 7
D->valSize : 305
Solving...
Blb : 2 (clique : 21)
currentSize : 21 <-- 0.002460 s
currentSize : 22 <-- 0.003020 s
currentSize : 23 <-- 0.007516 s
currentSize : 24 <-- 0.009973 s
currentSize : 25 <-- 13.834562 s
currentSize : 26 <-- 65.925850 s
currentSize : 27 <-- 71.729462 s
currentSize : 28 <-- 2538.272705 s

TIMEOUT
maxsize : 28
nodes : 864487037.000000
filtered : 6600316452.000000
time : 3600.000000
