Parameters: GAD=1 vflib=1 dir=0 label=1 lowerbound=1 fileNameGp=../graphsdb/mcs10/m3D/m3Dr6/mcs10_m3Dr6_s100.A72 fileNameGt=../graphsdb/mcs10/m3D/m3Dr6/mcs10_m3Dr6_s100.B72
Reading graphs...
100 :  288
100 :  290
Initializing...
maxdom : 8
D->valSize : 332
Solving...
Blb : 2 (clique : 27)
currentSize : 27 <-- 0.003257 s
currentSize : 28 <-- 0.003833 s
currentSize : 29 <-- 0.006292 s
currentSize : 30 <-- 0.113788 s
currentSize : 31 <-- 0.387629 s
currentSize : 32 <-- 0.643925 s
currentSize : 33 <-- 188.295059 s
currentSize : 34 <-- 669.521973 s

TIMEOUT
maxsize : 34
nodes : 764870407.000000
filtered : 3379673202.000000
time : 3600.000000
