Parameters: GAD=1 vflib=1 dir=0 label=1 lowerbound=1 fileNameGp=../graphsdb/mcs10/m3D/m3Dr6/mcs10_m3Dr6_s100.A23 fileNameGt=../graphsdb/mcs10/m3D/m3Dr6/mcs10_m3Dr6_s100.B23
Reading graphs...
100 :  291
100 :  290
Initializing...
maxdom : 8
D->valSize : 332
Solving...
Blb : 2 (clique : 26)
currentSize : 26 <-- 0.005453 s
currentSize : 27 <-- 0.005824 s
currentSize : 28 <-- 0.017085 s
currentSize : 29 <-- 0.039987 s
currentSize : 30 <-- 0.412648 s
currentSize : 31 <-- 0.804264 s
currentSize : 32 <-- 250.256317 s

TIMEOUT
maxsize : 32
nodes : 743913862.000000
filtered : 3840610078.000000
time : 3600.000000
