Parameters: GAD=1 vflib=1 dir=0 label=1 lowerbound=1 fileNameGp=../graphsdb/mcs10/rand/r005/mcs10_r005_s90.A31 fileNameGt=../graphsdb/mcs10/rand/r005/mcs10_r005_s90.B31
Reading graphs...
90 :  396
90 :  394
Initializing...
maxdom : 11
D->valSize : 512
Solving...
Blb : 3 (clique : 18)
currentSize : 18 <-- 0.009549 s
currentSize : 19 <-- 0.010326 s
currentSize : 20 <-- 0.139346 s
currentSize : 21 <-- 0.513123 s
currentSize : 22 <-- 1.752284 s
currentSize : 23 <-- 3.208998 s
currentSize : 24 <-- 16.553123 s
currentSize : 25 <-- 754.917053 s

TIMEOUT
maxsize : 25
nodes : 709615373.000000
filtered : 6442267578.000000
time : 3600.000000
