Parameters: GAD=1 vflib=1 dir=0 label=1 lowerbound=1 fileNameGp=../graphsdb/mcs10/bvg/b06/mcs10_b06_s90.A96 fileNameGt=../graphsdb/mcs10/bvg/b06/mcs10_b06_s90.B96
Reading graphs...
90 :  268
90 :  265
Initializing...
maxdom : 9
D->valSize : 491
Solving...
Blb : 2 (clique : 25)
currentSize : 25 <-- 0.005380 s
currentSize : 26 <-- 0.005639 s
currentSize : 27 <-- 0.005789 s
currentSize : 28 <-- 0.007139 s
currentSize : 29 <-- 1.185304 s
currentSize : 30 <-- 5.711708 s
currentSize : 31 <-- 102.169807 s
currentSize : 32 <-- 873.374268 s

TIMEOUT
maxsize : 32
nodes : 681631434.000000
filtered : 5223465652.000000
time : 3600.000000
