Parameters: GAD=1 vflib=1 dir=0 label=1 lowerbound=1 fileNameGp=../graphsdb/mcs10/bvg/b03/mcs10_b03_s70.A13 fileNameGt=../graphsdb/mcs10/bvg/b03/mcs10_b03_s70.B13
Reading graphs...
70 :  105
70 :  105
Initializing...
maxdom : 9
D->valSize : 311
Solving...
Blb : 2 (clique : 26)
currentSize : 26 <-- 0.002625 s
currentSize : 27 <-- 0.928416 s
currentSize : 28 <-- 22.128681 s
currentSize : 29 <-- 109.075729 s
currentSize : 30 <-- 900.477539 s
currentSize : 31 <-- 915.063232 s

TIMEOUT
maxsize : 31
nodes : 997056396.000000
filtered : 5603935159.000000
time : 3600.000000
