Parameters: GAD=1 vflib=1 dir=0 label=1 lowerbound=1 fileNameGp=../graphsdb/mcs10/m2D/m2D/mcs10_m2D_s80.A19 fileNameGt=../graphsdb/mcs10/m2D/m2D/mcs10_m2D_s80.B19
Reading graphs...
80 :  141
80 :  141
Initializing...
maxdom : 9
D->valSize : 415
Solving...
Blb : 2 (clique : 29)
currentSize : 29 <-- 0.004027 s
currentSize : 30 <-- 0.050506 s
currentSize : 31 <-- 0.052113 s
currentSize : 32 <-- 0.067904 s
currentSize : 33 <-- 0.112962 s
currentSize : 34 <-- 0.113104 s
currentSize : 35 <-- 1.094546 s

TIMEOUT
maxsize : 35
nodes : 870391435.000000
filtered : 5776118025.000000
time : 3600.000000
