Parameters: GAD=1 vflib=1 dir=0 label=1 lowerbound=1 fileNameGp=../graphsdb/mcs10/m3D/m3D/mcs10_m3D_s80.A05 fileNameGt=../graphsdb/mcs10/m3D/m3D/mcs10_m3D_s80.B05
Reading graphs...
80 :  181
80 :  181
Initializing...
maxdom : 9
D->valSize : 469
Solving...
Blb : 5 (clique : 26)
currentSize : 26 <-- 0.004705 s
currentSize : 27 <-- 0.072436 s
currentSize : 28 <-- 0.737058 s
currentSize : 29 <-- 420.519257 s
currentSize : 30 <-- 1218.241943 s
currentSize : 31 <-- 2246.133545 s

TIMEOUT
maxsize : 31
nodes : 897426280.000000
filtered : 6292107325.000000
time : 3600.000000
