Parameters: GAD=1 vflib=1 dir=0 label=1 lowerbound=1 fileNameGp=../graphsdb/mcs10/m2D/m2D/mcs10_m2D_s90.A42 fileNameGt=../graphsdb/mcs10/m2D/m2D/mcs10_m2D_s90.B42
Reading graphs...
90 :  159
90 :  160
Initializing...
maxdom : 11
D->valSize : 525
Solving...
Blb : 2 (clique : 31)
currentSize : 31 <-- 0.006005 s
currentSize : 32 <-- 714.089478 s
currentSize : 33 <-- 1217.164307 s
currentSize : 34 <-- 1613.088989 s
currentSize : 35 <-- 1790.818115 s
currentSize : 36 <-- 1827.491333 s

TIMEOUT
maxsize : 36
nodes : 973832706.000000
filtered : 4892910037.000000
time : 3600.000000
