Parameters: GAD=1 vflib=1 dir=0 label=1 lowerbound=1 fileNameGp=../graphsdb/mcs10/m2D/m2D/mcs10_m2D_s70.A76 fileNameGt=../graphsdb/mcs10/m2D/m2D/mcs10_m2D_s70.B76
Reading graphs...
70 :  122
70 :  122
Initializing...
maxdom : 10
D->valSize : 337
Solving...
Blb : 2 (clique : 24)
currentSize : 24 <-- 0.002982 s
currentSize : 25 <-- 0.003253 s
currentSize : 26 <-- 0.003685 s
currentSize : 27 <-- 0.005153 s
currentSize : 28 <-- 0.136198 s
currentSize : 29 <-- 0.170761 s
currentSize : 30 <-- 0.776035 s
currentSize : 31 <-- 534.730896 s

TIMEOUT
maxsize : 31
nodes : 882960928.000000
filtered : 5897309654.000000
time : 3600.000000
