Parameters: GAD=1 vflib=1 dir=0 label=1 lowerbound=1 fileNameGp=../graphsdb/mcs10/rand/r005/mcs10_r005_s70.A16 fileNameGt=../graphsdb/mcs10/rand/r005/mcs10_r005_s70.B16
Reading graphs...
70 :  240
70 :  239
Initializing...
maxdom : 12
D->valSize : 354
Solving...
Blb : 2 (clique : 17)
currentSize : 17 <-- 0.004919 s
currentSize : 18 <-- 0.005100 s
currentSize : 19 <-- 0.005194 s
currentSize : 20 <-- 0.221485 s
currentSize : 21 <-- 1.996867 s
currentSize : 22 <-- 11.816838 s
currentSize : 23 <-- 653.800110 s

maxsize : 23
nodes : 755956071.000000
filtered : 7597031527.000000
time : 3323.333740
