Parameters: GAD=1 vflib=1 dir=0 label=1 lowerbound=1 fileNameGp=../graphsdb/mcs10/bvg/b03/mcs10_b03_s70.A42 fileNameGt=../graphsdb/mcs10/bvg/b03/mcs10_b03_s70.B42
Reading graphs...
70 :  104
70 :  103
Initializing...
maxdom : 9
D->valSize : 305
Solving...
Blb : 2 (clique : 27)
currentSize : 27 <-- 0.002599 s
currentSize : 28 <-- 0.009848 s
currentSize : 29 <-- 200.734787 s
currentSize : 30 <-- 291.941864 s
currentSize : 31 <-- 544.431091 s
currentSize : 32 <-- 2544.033203 s

TIMEOUT
maxsize : 32
nodes : 903490987.000000
filtered : 5216505873.000000
time : 3600.000000
