Parameters: GAD=1 vflib=1 dir=0 label=1 lowerbound=1 fileNameGp=../graphsdb/mcs10/m2D/m2Dr4/mcs10_m2Dr4_s60.A27 fileNameGt=../graphsdb/mcs10/m2D/m2Dr4/mcs10_m2Dr4_s60.B27
Reading graphs...
60 :  126
60 :  126
Initializing...
maxdom : 11
D->valSize : 204
Solving...
Blb : 2 (clique : 18)
currentSize : 18 <-- 0.001415 s
currentSize : 19 <-- 0.001665 s
currentSize : 20 <-- 0.086167 s
currentSize : 21 <-- 2.899839 s
currentSize : 22 <-- 140.203888 s

maxsize : 22
nodes : 64980511.000000
filtered : 326161592.000000
time : 228.963165
