Parameters: GAD=1 vflib=1 dir=0 label=1 lowerbound=1 fileNameGp=../graphsdb/mcs10/bvg/b03/mcs10_b03_s40.A71 fileNameGt=../graphsdb/mcs10/bvg/b03/mcs10_b03_s40.B71
Reading graphs...
40 :  60
40 :  60
Initializing...
maxdom : 7
D->valSize : 195
Solving...
Blb : 2 (clique : 14)
currentSize : 14 <-- 0.001153 s
currentSize : 15 <-- 0.001224 s
currentSize : 16 <-- 0.001321 s
currentSize : 17 <-- 0.044988 s
currentSize : 18 <-- 1.697131 s
currentSize : 19 <-- 8.681735 s

maxsize : 19
nodes : 6909770.000000
filtered : 59329421.000000
time : 21.776260
