Parameters: GAD=1 vflib=1 dir=0 label=1 lowerbound=1 fileNameGp=../graphsdb/mcs10/m3D/m3D/mcs10_m3D_s100.A12 fileNameGt=../graphsdb/mcs10/m3D/m3D/mcs10_m3D_s100.B12
Reading graphs...
100 :  234
100 :  233
Initializing...
maxdom : 9
D->valSize : 323
Solving...
Blb : 2 (clique : 25)
currentSize : 25 <-- 0.003178 s
currentSize : 27 <-- 0.003366 s
currentSize : 28 <-- 0.025554 s
currentSize : 29 <-- 0.134894 s
currentSize : 30 <-- 18.869190 s
currentSize : 31 <-- 146.158508 s
currentSize : 32 <-- 2469.019531 s

TIMEOUT
maxsize : 32
nodes : 771658308.000000
filtered : 3085967577.000000
time : 3600.000000
