Parameters: GAD=1 vflib=1 dir=0 label=1 lowerbound=1 fileNameGp=../graphsdb/mcs10/rand/r005/mcs10_r005_s50.A89 fileNameGt=../graphsdb/mcs10/rand/r005/mcs10_r005_s50.B89
Reading graphs...
50 :  123
50 :  123
Initializing...
maxdom : 11
D->valSize : 324
Solving...
Blb : 2 (clique : 16)
currentSize : 16 <-- 0.002290 s
currentSize : 17 <-- 0.002708 s
currentSize : 18 <-- 0.003130 s
currentSize : 19 <-- 54.145847 s
currentSize : 20 <-- 428.020020 s

maxsize : 20
nodes : 285336593.000000
filtered : 2933902027.000000
time : 992.526978
