Parameters: GAD=1 vflib=1 dir=0 label=1 lowerbound=1 fileNameGp=../graphsdb/mcs10/m2D/m2Dr4/mcs10_m2Dr4_s60.A80 fileNameGt=../graphsdb/mcs10/m2D/m2Dr4/mcs10_m2Dr4_s60.B80
Reading graphs...
60 :  123
60 :  124
Initializing...
maxdom : 10
D->valSize : 214
Solving...
Blb : 2 (clique : 19)
currentSize : 19 <-- 0.001618 s
currentSize : 20 <-- 0.001791 s
currentSize : 21 <-- 0.002548 s
currentSize : 22 <-- 10.223092 s
currentSize : 23 <-- 12.172977 s

maxsize : 23
nodes : 64299085.000000
filtered : 414436651.000000
time : 225.947083
