Parameters: GAD=1 vflib=1 dir=0 label=1 lowerbound=1 fileNameGp=../graphsdb/mcs10/m2D/m2Dr4/mcs10_m2Dr4_s40.A70 fileNameGt=../graphsdb/mcs10/m2D/m2Dr4/mcs10_m2Dr4_s40.B70
Reading graphs...
40 :  81
40 :  81
Initializing...
maxdom : 9
D->valSize : 208
Solving...
Blb : 3 (clique : 12)
currentSize : 12 <-- 0.001411 s
currentSize : 13 <-- 0.001616 s
currentSize : 14 <-- 0.003454 s
currentSize : 15 <-- 0.014037 s
currentSize : 16 <-- 0.108300 s

maxsize : 16
nodes : 1025377.000000
filtered : 13493815.000000
time : 3.777386
