Parameters: GAD=1 vflib=1 dir=0 label=1 lowerbound=1 fileNameGp=../graphsdb/mcs10/m4D/m4Dr6/mcs10_m4Dr6_s100.A88 fileNameGt=../graphsdb/mcs10/m4D/m4Dr6/mcs10_m4Dr6_s100.B88
Reading graphs...
100 :  217
100 :  211
Initializing...
maxdom : 7
D->valSize : 313
Solving...
Blb : 2 (clique : 31)
currentSize : 31 <-- 0.003059 s
currentSize : 32 <-- 0.022596 s
currentSize : 33 <-- 0.502490 s
currentSize : 34 <-- 18.465757 s
currentSize : 35 <-- 130.248032 s
currentSize : 36 <-- 503.551086 s
currentSize : 37 <-- 1645.292236 s

TIMEOUT
maxsize : 37
nodes : 754981975.000000
filtered : 3465334605.000000
time : 3600.000000
