Parameters: GAD=1 vflib=1 dir=0 label=1 lowerbound=1 fileNameGp=../graphsdb/mcs10/m2D/m2Dr4/mcs10_m2Dr4_s70.A56 fileNameGt=../graphsdb/mcs10/m2D/m2Dr4/mcs10_m2Dr4_s70.B56
Reading graphs...
70 :  149
70 :  148
Initializing...
maxdom : 8
D->valSize : 306
Solving...
Blb : 2 (clique : 21)
currentSize : 21 <-- 0.002745 s
currentSize : 22 <-- 0.002946 s
currentSize : 23 <-- 0.116291 s
currentSize : 24 <-- 3.908948 s
currentSize : 25 <-- 20.655426 s
currentSize : 26 <-- 170.529907 s

TIMEOUT
maxsize : 26
nodes : 863694087.000000
filtered : 6828363634.000000
time : 3600.000000
