Parameters: GAD=1 vflib=1 dir=0 label=1 lowerbound=1 fileNameGp=../graphsdb/mcs10/m2D/m2Dr4/mcs10_m2Dr4_s60.A95 fileNameGt=../graphsdb/mcs10/m2D/m2Dr4/mcs10_m2Dr4_s60.B95
Reading graphs...
60 :  127
60 :  126
Initializing...
maxdom : 9
D->valSize : 226
Solving...
Blb : 3 (clique : 17)
currentSize : 17 <-- 0.001780 s
currentSize : 18 <-- 0.003170 s
currentSize : 19 <-- 0.017914 s
currentSize : 20 <-- 1.197972 s
currentSize : 21 <-- 1.198039 s
currentSize : 22 <-- 5.700589 s

maxsize : 22
nodes : 10897272.000000
filtered : 85791164.000000
time : 41.552338
