Parameters: GAD=1 vflib=1 dir=0 label=1 lowerbound=1 fileNameGp=../graphsdb/mcs10/m3D/m3D/mcs10_m3D_s100.A36 fileNameGt=../graphsdb/mcs10/m3D/m3D/mcs10_m3D_s100.B36
Reading graphs...
100 :  233
100 :  234
Initializing...
maxdom : 11
D->valSize : 323
Solving...
Blb : 2 (clique : 29)
currentSize : 29 <-- 0.003245 s
currentSize : 30 <-- 0.030328 s
currentSize : 31 <-- 0.208062 s
currentSize : 32 <-- 12.050650 s
currentSize : 33 <-- 15.833789 s
currentSize : 34 <-- 86.256866 s
currentSize : 35 <-- 898.257080 s

TIMEOUT
maxsize : 35
nodes : 790760888.000000
filtered : 2816089469.000000
time : 3600.000000
