Parameters: GAD=1 vflib=1 dir=0 label=1 lowerbound=1 fileNameGp=../graphsdb/mcs10/bvg/b06m/mcs10_b06m_s70.A44 fileNameGt=../graphsdb/mcs10/bvg/b06m/mcs10_b06m_s70.B44
Reading graphs...
70 :  205
70 :  204
Initializing...
maxdom : 9
D->valSize : 279
Solving...
Blb : 2 (clique : 17)
currentSize : 17 <-- 0.002315 s
currentSize : 18 <-- 0.002520 s
currentSize : 19 <-- 0.006383 s
currentSize : 20 <-- 0.024592 s
currentSize : 21 <-- 0.167673 s
currentSize : 22 <-- 4.870599 s
currentSize : 23 <-- 89.830070 s
currentSize : 24 <-- 93.691635 s

maxsize : 24
nodes : 71065160.000000
filtered : 645400227.000000
time : 336.085052
