Parameters: GAD=1 vflib=1 dir=0 label=1 lowerbound=1 fileNameGp=../graphsdb/mcs10/rand/r02/mcs10_r02_s100.A45 fileNameGt=../graphsdb/mcs10/rand/r02/mcs10_r02_s100.B45
Reading graphs...
100 :  1781
100 :  1765
Initializing...
maxdom : 6
D->valSize : 330
Solving...
Blb : 2 (clique : 7)
currentSize : 7 <-- 0.003190 s
currentSize : 8 <-- 0.003280 s
currentSize : 9 <-- 0.003877 s
currentSize : 10 <-- 0.011695 s
currentSize : 11 <-- 0.881589 s

maxsize : 11
nodes : 498288.000000
filtered : 4396917.000000
time : 2.826361
