Parameters: GAD=1 vflib=1 dir=0 label=1 lowerbound=1 fileNameGp=../graphsdb/mcs10/m3D/m3Dr2/mcs10_m3Dr2_s60.A60 fileNameGt=../graphsdb/mcs10/m3D/m3Dr2/mcs10_m3Dr2_s60.B60
Reading graphs...
60 :  144
60 :  144
Initializing...
maxdom : 6
D->valSize : 209
Solving...
Blb : 2 (clique : 17)
currentSize : 17 <-- 0.001615 s
currentSize : 18 <-- 0.005809 s
currentSize : 19 <-- 0.007096 s
currentSize : 20 <-- 2.206506 s
currentSize : 21 <-- 17.952955 s

maxsize : 21
nodes : 33921093.000000
filtered : 213350489.000000
time : 130.844574
