Parameters: GAD=1 vflib=1 dir=0 label=1 lowerbound=1 fileNameGp=../graphsdb/mcs10/rand/r02/mcs10_r02_s100.A93 fileNameGt=../graphsdb/mcs10/rand/r02/mcs10_r02_s100.B93
Reading graphs...
100 :  1766
100 :  1788
Initializing...
maxdom : 9
D->valSize : 367
Solving...
Blb : 2 (clique : 7)
currentSize : 7 <-- 0.005480 s
currentSize : 8 <-- 0.005713 s
currentSize : 9 <-- 0.007007 s
currentSize : 10 <-- 0.007928 s
currentSize : 11 <-- 0.683122 s

maxsize : 11
nodes : 412720.000000
filtered : 4603663.000000
time : 2.468595
