Parameters: GAD=1 vflib=1 dir=0 label=1 lowerbound=1 fileNameGp=../graphsdb/mcs10/m3D/m3Dr4/mcs10_m3Dr4_s70.A60 fileNameGt=../graphsdb/mcs10/m3D/m3Dr4/mcs10_m3Dr4_s70.B60
Reading graphs...
70 :  183
70 :  180
Initializing...
maxdom : 7
D->valSize : 306
Solving...
Blb : 2 (clique : 19)
currentSize : 19 <-- 0.002779 s
currentSize : 20 <-- 0.009959 s
currentSize : 21 <-- 0.039069 s
currentSize : 22 <-- 0.426630 s
currentSize : 23 <-- 2.527273 s
currentSize : 24 <-- 34.430042 s

TIMEOUT
maxsize : 24
nodes : 811148667.000000
filtered : 6631456294.000000
time : 3600.000000
