Parameters: GAD=1 vflib=1 dir=0 label=1 lowerbound=1 fileNameGp=../graphsdb/mcs10/m2D/m2Dr6/mcs10_m2Dr6_s40.A58 fileNameGt=../graphsdb/mcs10/m2D/m2Dr6/mcs10_m2Dr6_s40.B58
Reading graphs...
40 :  89
40 :  86
Initializing...
maxdom : 9
D->valSize : 216
Solving...
Blb : 2 (clique : 13)
currentSize : 13 <-- 0.001924 s
currentSize : 14 <-- 0.004430 s
currentSize : 15 <-- 0.168665 s
currentSize : 16 <-- 1.328270 s
currentSize : 17 <-- 5.097537 s

maxsize : 17
nodes : 1758663.000000
filtered : 15314406.000000
time : 5.775281
