Parameters: GAD=1 vflib=1 dir=0 label=1 lowerbound=1 fileNameGp=../graphsdb/mcs10/m3D/m3Dr2/mcs10_m3Dr2_s90.A31 fileNameGt=../graphsdb/mcs10/m3D/m3Dr2/mcs10_m3Dr2_s90.B31
Reading graphs...
90 :  225
90 :  221
Initializing...
maxdom : 11
D->valSize : 486
Solving...
Blb : 3 (clique : 25)
currentSize : 25 <-- 0.008728 s
currentSize : 26 <-- 0.011093 s
currentSize : 27 <-- 2.193975 s
currentSize : 28 <-- 2.453981 s
currentSize : 29 <-- 218.851425 s
currentSize : 30 <-- 1753.677979 s
currentSize : 31 <-- 1817.104492 s

TIMEOUT
maxsize : 31
nodes : 857957964.000000
filtered : 5368700631.000000
time : 3600.000000
