Parameters: GAD=1 vflib=1 dir=0 label=1 lowerbound=1 fileNameGp=../graphsdb/mcs10/m2D/m2D/mcs10_m2D_s40.A54 fileNameGt=../graphsdb/mcs10/m2D/m2D/mcs10_m2D_s40.B54
Reading graphs...
40 :  67
40 :  65
Initializing...
maxdom : 7
D->valSize : 204
Solving...
Blb : 2 (clique : 13)
currentSize : 13 <-- 0.001229 s
currentSize : 14 <-- 0.001309 s
currentSize : 15 <-- 0.001389 s
currentSize : 16 <-- 0.001910 s
currentSize : 17 <-- 0.013520 s
currentSize : 18 <-- 0.037573 s
currentSize : 19 <-- 0.736720 s

maxsize : 19
nodes : 2291294.000000
filtered : 18370757.000000
time : 6.915606
