Parameters: GAD=1 vflib=1 dir=0 label=1 lowerbound=1 fileNameGp=../graphsdb/mcs10/m2D/m2Dr6/mcs10_m2Dr6_s50.A06 fileNameGt=../graphsdb/mcs10/m2D/m2Dr6/mcs10_m2Dr6_s50.B06
Reading graphs...
50 :  112
50 :  112
Initializing...
maxdom : 15
D->valSize : 380
Solving...
Blb : 2 (clique : 17)
currentSize : 17 <-- 0.002968 s
currentSize : 18 <-- 0.123644 s
currentSize : 19 <-- 1.559801 s
currentSize : 20 <-- 27.853067 s
currentSize : 21 <-- 698.874939 s

maxsize : 21
nodes : 217895105.000000
filtered : 3106382662.000000
time : 843.640320
