Parameters: GAD=1 vflib=1 dir=0 label=1 lowerbound=1 fileNameGp=../graphsdb/mcs10/m2D/m2Dr6/mcs10_m2Dr6_s70.A09 fileNameGt=../graphsdb/mcs10/m2D/m2Dr6/mcs10_m2Dr6_s70.B09
Reading graphs...
70 :  163
70 :  163
Initializing...
maxdom : 7
D->valSize : 286
Solving...
Blb : 5 (clique : 21)
currentSize : 21 <-- 0.002482 s
currentSize : 22 <-- 0.011894 s
currentSize : 23 <-- 2.735470 s
currentSize : 24 <-- 9.187014 s
currentSize : 25 <-- 421.550446 s
currentSize : 26 <-- 763.325684 s

TIMEOUT
maxsize : 26
nodes : 868889064.000000
filtered : 5684672060.000000
time : 3600.000000
