Parameters: GAD=1 vflib=1 dir=0 label=1 lowerbound=1 fileNameGp=../graphsdb/mcs10/m2D/m2Dr4/mcs10_m2Dr4_s40.A55 fileNameGt=../graphsdb/mcs10/m2D/m2Dr4/mcs10_m2Dr4_s40.B55
Reading graphs...
40 :  82
40 :  82
Initializing...
maxdom : 7
D->valSize : 212
Solving...
Blb : 2 (clique : 13)
currentSize : 13 <-- 0.001905 s
currentSize : 14 <-- 0.005556 s
currentSize : 15 <-- 0.028145 s
currentSize : 16 <-- 1.073620 s
currentSize : 17 <-- 1.233945 s

maxsize : 17
nodes : 1526875.000000
filtered : 15905464.000000
time : 5.740136
