Parameters: GAD=1 vflib=1 dir=0 label=1 lowerbound=1 fileNameGp=../graphsdb/mcs10/rand/r005/mcs10_r005_s60.A29 fileNameGt=../graphsdb/mcs10/rand/r005/mcs10_r005_s60.B29
Reading graphs...
60 :  174
60 :  178
Initializing...
maxdom : 8
D->valSize : 236
Solving...
Blb : 3 (clique : 16)
currentSize : 16 <-- 0.001707 s
currentSize : 18 <-- 0.002352 s
currentSize : 19 <-- 1.277085 s
currentSize : 20 <-- 16.413256 s
currentSize : 21 <-- 19.925991 s

maxsize : 21
nodes : 18199401.000000
filtered : 135766454.000000
time : 73.317909
