Parameters: GAD=1 vflib=1 dir=0 label=1 lowerbound=1 fileNameGp=../graphsdb/mcs10/m2D/m2Dr2/mcs10_m2Dr2_s80.A26 fileNameGt=../graphsdb/mcs10/m2D/m2Dr2/mcs10_m2Dr2_s80.B26
Reading graphs...
80 :  156
80 :  158
Initializing...
maxdom : 9
D->valSize : 401
Solving...
Blb : 2 (clique : 25)
currentSize : 25 <-- 0.003905 s
currentSize : 26 <-- 0.014992 s
currentSize : 27 <-- 0.025798 s
currentSize : 28 <-- 0.086476 s
currentSize : 29 <-- 1.027746 s
currentSize : 30 <-- 13.384171 s

TIMEOUT
maxsize : 30
nodes : 947611228.000000
filtered : 4551867652.000000
time : 3600.000000
