Parameters: GAD=1 vflib=1 dir=0 label=1 lowerbound=1 fileNameGp=../graphsdb/mcs10/m2D/m2Dr6/mcs10_m2Dr6_s80.A82 fileNameGt=../graphsdb/mcs10/m2D/m2Dr6/mcs10_m2Dr6_s80.B82
Reading graphs...
80 :  188
80 :  186
Initializing...
maxdom : 8
D->valSize : 378
Solving...
Blb : 2 (clique : 23)
currentSize : 23 <-- 0.003466 s
currentSize : 24 <-- 0.017181 s
currentSize : 25 <-- 0.217295 s
currentSize : 26 <-- 0.283264 s
currentSize : 27 <-- 24.919689 s
currentSize : 28 <-- 1729.510620 s

TIMEOUT
maxsize : 28
nodes : 848036575.000000
filtered : 5700554628.000000
time : 3600.000000
