Parameters: GAD=1 vflib=1 dir=0 label=1 lowerbound=1 fileNameGp=../graphsdb/mcs10/m2D/m2Dr4/mcs10_m2Dr4_s100.A31 fileNameGt=../graphsdb/mcs10/m2D/m2Dr4/mcs10_m2Dr4_s100.B31
Reading graphs...
100 :  218
100 :  217
Initializing...
maxdom : 7
D->valSize : 317
Solving...
Blb : 2 (clique : 29)
currentSize : 29 <-- 0.003024 s
currentSize : 30 <-- 0.025776 s
currentSize : 31 <-- 3.064315 s
currentSize : 32 <-- 6.896183 s
currentSize : 33 <-- 7.046363 s
currentSize : 34 <-- 20.598051 s
currentSize : 35 <-- 192.539169 s

TIMEOUT
maxsize : 35
nodes : 771931965.000000
filtered : 2786983014.000000
time : 3600.000000
