Parameters: GAD=1 vflib=1 dir=0 label=1 lowerbound=1 fileNameGp=../graphsdb/mcs10/m4D/m4Dr2/mcs10_m4Dr2_s100.A32 fileNameGt=../graphsdb/mcs10/m4D/m4Dr2/mcs10_m4Dr2_s100.B32
Reading graphs...
100 :  176
100 :  177
Initializing...
maxdom : 6
D->valSize : 347
Solving...
Blb : 2 (clique : 33)
currentSize : 33 <-- 0.003518 s
currentSize : 34 <-- 0.004134 s
currentSize : 35 <-- 69.840439 s
currentSize : 36 <-- 402.224640 s
currentSize : 37 <-- 1198.672852 s
currentSize : 38 <-- 3467.788330 s

TIMEOUT
maxsize : 38
nodes : 819993700.000000
filtered : 3725207325.000000
time : 3600.000000
