Parameters: GAD=1 vflib=1 dir=0 label=1 lowerbound=1 fileNameGp=../graphsdb/mcs10/m2D/m2Dr6/mcs10_m2Dr6_s90.A82 fileNameGt=../graphsdb/mcs10/m2D/m2Dr6/mcs10_m2Dr6_s90.B82
Reading graphs...
90 :  214
90 :  212
Initializing...
maxdom : 9
D->valSize : 517
Solving...
Blb : 2 (clique : 28)
currentSize : 28 <-- 0.005814 s
currentSize : 29 <-- 0.009210 s
currentSize : 30 <-- 0.154109 s
currentSize : 31 <-- 0.190987 s
currentSize : 32 <-- 0.209672 s
currentSize : 33 <-- 2120.821289 s

TIMEOUT
maxsize : 33
nodes : 793441700.000000
filtered : 5220545540.000000
time : 3600.000000
