Parameters: GAD=1 vflib=1 dir=0 label=1 lowerbound=1 fileNameGp=../graphsdb/mcs10/rand/r01/mcs10_r01_s90.A76 fileNameGt=../graphsdb/mcs10/rand/r01/mcs10_r01_s90.B76
Reading graphs...
90 :  764
90 :  771
Initializing...
maxdom : 9
D->valSize : 559
Solving...
Blb : 2 (clique : 12)
currentSize : 12 <-- 0.005986 s
currentSize : 13 <-- 0.006122 s
currentSize : 14 <-- 0.006184 s
currentSize : 15 <-- 0.452318 s
currentSize : 16 <-- 0.558118 s
currentSize : 17 <-- 2.702643 s
currentSize : 18 <-- 18.821745 s

TIMEOUT
maxsize : 18
nodes : 624090316.000000
filtered : 8566314120.000000
time : 3600.000000
