Parameters: GAD=1 vflib=1 dir=0 label=1 lowerbound=1 fileNameGp=../graphsdb/mcs10/bvg/b06/mcs10_b06_s70.A61 fileNameGt=../graphsdb/mcs10/bvg/b06/mcs10_b06_s70.B61
Reading graphs...
70 :  206
70 :  204
Initializing...
maxdom : 11
D->valSize : 296
Solving...
Blb : 2 (clique : 17)
currentSize : 17 <-- 0.002263 s
currentSize : 18 <-- 0.002449 s
currentSize : 19 <-- 0.024472 s
currentSize : 20 <-- 1.454926 s
currentSize : 21 <-- 3.932795 s
currentSize : 22 <-- 922.404663 s
currentSize : 23 <-- 1227.036621 s

TIMEOUT
maxsize : 23
nodes : 926539811.000000
filtered : 6178548422.000000
time : 3600.000000
