Parameters: GAD=1 vflib=1 dir=0 label=1 lowerbound=1 fileNameGp=../graphsdb/mcs10/m2D/m2Dr6/mcs10_m2Dr6_s70.A77 fileNameGt=../graphsdb/mcs10/m2D/m2Dr6/mcs10_m2Dr6_s70.B77
Reading graphs...
70 :  161
70 :  160
Initializing...
maxdom : 11
D->valSize : 346
Solving...
Blb : 2 (clique : 21)
currentSize : 21 <-- 0.005233 s
currentSize : 22 <-- 0.007817 s
currentSize : 23 <-- 0.422760 s
currentSize : 24 <-- 0.811813 s
currentSize : 25 <-- 5.544465 s
currentSize : 26 <-- 7.254881 s

TIMEOUT
maxsize : 26
nodes : 843316686.000000
filtered : 6901304960.000000
time : 3600.000000
