Parameters: GAD=1 vflib=1 dir=0 label=1 lowerbound=1 fileNameGp=../graphsdb/mcs10/m4D/m4Dr4/mcs10_m4Dr4_s100.A50 fileNameGt=../graphsdb/mcs10/m4D/m4Dr4/mcs10_m4Dr4_s100.B50
Reading graphs...
100 :  199
100 :  197
Initializing...
maxdom : 10
D->valSize : 380
Solving...
Blb : 3 (clique : 32)
currentSize : 32 <-- 0.006534 s
currentSize : 33 <-- 0.006932 s
currentSize : 34 <-- 0.007195 s
currentSize : 35 <-- 2.131414 s
currentSize : 36 <-- 48.758495 s
currentSize : 37 <-- 56.700104 s

TIMEOUT
maxsize : 37
nodes : 791454714.000000
filtered : 3889279873.000000
time : 3600.000000
