Parameters: GAD=1 vflib=1 dir=0 label=1 lowerbound=1 fileNameGp=../graphsdb/mcs10/m3D/m3Dr6/mcs10_m3Dr6_s70.A60 fileNameGt=../graphsdb/mcs10/m3D/m3Dr6/mcs10_m3Dr6_s70.B60
Reading graphs...
70 :  200
70 :  197
Initializing...
maxdom : 7
D->valSize : 328
Solving...
Blb : 2 (clique : 19)
currentSize : 19 <-- 0.002768 s
currentSize : 20 <-- 0.002903 s
currentSize : 21 <-- 0.003132 s
currentSize : 22 <-- 0.248941 s
currentSize : 23 <-- 16.314131 s
currentSize : 24 <-- 27.559608 s

TIMEOUT
maxsize : 24
nodes : 826389162.000000
filtered : 7317879574.000000
time : 3600.000000
