Parameters: GAD=1 vflib=1 dir=0 label=1 lowerbound=1 fileNameGp=../graphsdb/mcs10/bvg/b03/mcs10_b03_s50.A89 fileNameGt=../graphsdb/mcs10/bvg/b03/mcs10_b03_s50.B89
Reading graphs...
50 :  73
50 :  75
Initializing...
maxdom : 8
D->valSize : 324
Solving...
Blb : 2 (clique : 21)
currentSize : 21 <-- 0.002456 s
currentSize : 22 <-- 0.003451 s
currentSize : 23 <-- 0.204402 s
currentSize : 24 <-- 3.668913 s
currentSize : 25 <-- 3.872529 s
currentSize : 26 <-- 30.910004 s

TIMEOUT
maxsize : 26
nodes : 1028449743.000000
filtered : 8075849037.000000
time : 3600.000000
