Parameters: GAD=1 vflib=1 dir=0 label=1 lowerbound=1 fileNameGp=../graphsdb/mcs10/m3D/m3Dr6/mcs10_m3Dr6_s70.A07 fileNameGt=../graphsdb/mcs10/m3D/m3Dr6/mcs10_m3Dr6_s70.B07
Reading graphs...
70 :  193
70 :  198
Initializing...
maxdom : 8
D->valSize : 304
Solving...
Blb : 2 (clique : 19)
currentSize : 19 <-- 0.002545 s
currentSize : 20 <-- 0.021733 s
currentSize : 21 <-- 49.442059 s
currentSize : 22 <-- 49.463871 s
currentSize : 23 <-- 62.935516 s
currentSize : 24 <-- 372.385681 s
currentSize : 25 <-- 1254.927002 s

TIMEOUT
maxsize : 25
nodes : 830004819.000000
filtered : 6448954102.000000
time : 3600.000000
