Parameters: GAD=1 vflib=1 dir=0 label=1 lowerbound=1 fileNameGp=../graphsdb/mcs10/m2D/m2D/mcs10_m2D_s60.A51 fileNameGt=../graphsdb/mcs10/m2D/m2D/mcs10_m2D_s60.B51
Reading graphs...
60 :  103
60 :  103
Initializing...
maxdom : 8
D->valSize : 227
Solving...
Blb : 2 (clique : 19)
currentSize : 19 <-- 0.002529 s
currentSize : 20 <-- 0.002749 s
currentSize : 21 <-- 0.022773 s
currentSize : 22 <-- 0.024743 s
currentSize : 23 <-- 0.149552 s
currentSize : 24 <-- 0.505120 s
currentSize : 25 <-- 0.845068 s
currentSize : 26 <-- 18.243696 s
currentSize : 27 <-- 285.601379 s

maxsize : 27
nodes : 346376982.000000
filtered : 2324125854.000000
time : 1338.615723
