Parameters: GAD=1 vflib=1 dir=0 label=1 lowerbound=1 fileNameGp=../graphsdb/mcs10/m2D/m2Dr6/mcs10_m2Dr6_s100.A59 fileNameGt=../graphsdb/mcs10/m2D/m2Dr6/mcs10_m2Dr6_s100.B59
Reading graphs...
100 :  237
100 :  232
Initializing...
maxdom : 8
D->valSize : 327
Solving...
Blb : 2 (clique : 29)
currentSize : 29 <-- 0.003086 s
currentSize : 30 <-- 0.055307 s
currentSize : 31 <-- 2.458961 s
currentSize : 32 <-- 29.735044 s
currentSize : 33 <-- 37.910912 s
currentSize : 34 <-- 190.915421 s
currentSize : 35 <-- 606.836670 s

TIMEOUT
maxsize : 35
nodes : 741808105.000000
filtered : 3641674032.000000
time : 3600.000000
