Parameters: GAD=1 vflib=1 dir=0 label=1 lowerbound=1 fileNameGp=../graphsdb/mcs10/rand/r005/mcs10_r005_s90.A50 fileNameGt=../graphsdb/mcs10/rand/r005/mcs10_r005_s90.B50
Reading graphs...
90 :  399
90 :  395
Initializing...
maxdom : 8
D->valSize : 504
Solving...
Blb : 2 (clique : 20)
currentSize : 20 <-- 0.005364 s
currentSize : 21 <-- 3.651012 s
currentSize : 22 <-- 9.155143 s
currentSize : 23 <-- 27.951534 s
currentSize : 24 <-- 322.881439 s
currentSize : 25 <-- 2172.906006 s

TIMEOUT
maxsize : 25
nodes : 712274315.000000
filtered : 6867860659.000000
time : 3600.000000
