Parameters: GAD=1 vflib=1 dir=0 label=1 lowerbound=1 fileNameGp=../graphsdb/mcs10/m2D/m2Dr6/mcs10_m2Dr6_s50.A30 fileNameGt=../graphsdb/mcs10/m2D/m2Dr6/mcs10_m2Dr6_s50.B30
Reading graphs...
50 :  110
50 :  113
Initializing...
maxdom : 10
D->valSize : 288
Solving...
Blb : 2 (clique : 16)
currentSize : 16 <-- 0.002000 s
currentSize : 17 <-- 0.579712 s
currentSize : 18 <-- 1.098371 s
currentSize : 19 <-- 8.169995 s
currentSize : 20 <-- 40.892124 s

maxsize : 20
nodes : 20111003.000000
filtered : 186328291.000000
time : 73.627068
