Parameters: GAD=1 vflib=1 dir=0 label=1 lowerbound=1 fileNameGp=../graphsdb/mcs10/bvg/b03m/mcs10_b03m_s70.A03 fileNameGt=../graphsdb/mcs10/bvg/b03m/mcs10_b03m_s70.B03
Reading graphs...
70 :  105
70 :  104
Initializing...
maxdom : 7
D->valSize : 315
Solving...
Blb : 2 (clique : 27)
currentSize : 27 <-- 0.002682 s
currentSize : 28 <-- 0.003115 s
currentSize : 29 <-- 0.007648 s
currentSize : 30 <-- 0.574980 s
currentSize : 31 <-- 0.584665 s
currentSize : 32 <-- 17.205080 s

TIMEOUT
maxsize : 32
nodes : 970174506.000000
filtered : 5517695463.000000
time : 3600.000000
