Parameters: GAD=1 vflib=1 dir=0 label=1 lowerbound=1 fileNameGp=../graphsdb/mcs10/rand/r005/mcs10_r005_s80.A43 fileNameGt=../graphsdb/mcs10/rand/r005/mcs10_r005_s80.B43
Reading graphs...
80 :  312
80 :  315
Initializing...
maxdom : 8
D->valSize : 404
Solving...
Blb : 5 (clique : 17)
currentSize : 17 <-- 0.003680 s
currentSize : 18 <-- 0.024616 s
currentSize : 19 <-- 0.087586 s
currentSize : 20 <-- 1.764449 s
currentSize : 21 <-- 8.322477 s
currentSize : 22 <-- 276.633453 s
currentSize : 23 <-- 2692.044189 s

TIMEOUT
maxsize : 23
nodes : 741734197.000000
filtered : 7249064801.000000
time : 3600.000000
