Parameters: GAD=1 vflib=1 dir=0 label=1 lowerbound=1 fileNameGp=../graphsdb/mcs10/m2D/m2Dr6/mcs10_m2Dr6_s50.A07 fileNameGt=../graphsdb/mcs10/m2D/m2Dr6/mcs10_m2Dr6_s50.B07
Reading graphs...
50 :  109
50 :  112
Initializing...
maxdom : 9
D->valSize : 337
Solving...
Blb : 2 (clique : 16)
currentSize : 16 <-- 0.003993 s
currentSize : 17 <-- 0.006142 s
currentSize : 18 <-- 0.009260 s
currentSize : 19 <-- 0.028078 s
currentSize : 20 <-- 0.171818 s
currentSize : 21 <-- 0.518405 s

maxsize : 21
nodes : 197308238.000000
filtered : 2386865530.000000
time : 773.560242
