Parameters: GAD=1 vflib=1 dir=0 label=1 lowerbound=1 fileNameGp=../graphsdb/mcs10/rand/r01/mcs10_r01_s90.A62 fileNameGt=../graphsdb/mcs10/rand/r01/mcs10_r01_s90.B62
Reading graphs...
90 :  762
90 :  760
Initializing...
maxdom : 8
D->valSize : 516
Solving...
Blb : 5 (clique : 12)
currentSize : 12 <-- 0.008645 s
currentSize : 13 <-- 0.026733 s
currentSize : 14 <-- 0.211651 s
currentSize : 15 <-- 0.462701 s
currentSize : 16 <-- 1.605861 s
currentSize : 17 <-- 27.070156 s

TIMEOUT
maxsize : 17
nodes : 667290604.000000
filtered : 7381546564.000000
time : 3600.000000
