Parameters: GAD=1 vflib=1 dir=0 label=1 lowerbound=1 fileNameGp=../graphsdb/mcs10/rand/r005/mcs10_r005_s70.A32 fileNameGt=../graphsdb/mcs10/rand/r005/mcs10_r005_s70.B32
Reading graphs...
70 :  240
70 :  238
Initializing...
maxdom : 10
D->valSize : 291
Solving...
Blb : 2 (clique : 17)
currentSize : 17 <-- 0.002292 s
currentSize : 18 <-- 0.002470 s
currentSize : 19 <-- 0.023871 s
currentSize : 20 <-- 45.143604 s
currentSize : 21 <-- 617.172424 s

maxsize : 21
nodes : 378861993.000000
filtered : 3312218326.000000
time : 1575.522583
