Parameters: GAD=1 vflib=1 dir=0 label=1 lowerbound=1 fileNameGp=../graphsdb/mcs10/m3D/m3Dr2/mcs10_m3Dr2_s90.A32 fileNameGt=../graphsdb/mcs10/m3D/m3Dr2/mcs10_m3Dr2_s90.B32
Reading graphs...
90 :  222
90 :  222
Initializing...
maxdom : 11
D->valSize : 571
Solving...
Blb : 2 (clique : 26)
currentSize : 26 <-- 0.006865 s
currentSize : 27 <-- 0.007643 s
currentSize : 28 <-- 0.014563 s
currentSize : 29 <-- 0.017338 s
currentSize : 30 <-- 0.200208 s
currentSize : 31 <-- 113.555908 s
currentSize : 32 <-- 116.533325 s
currentSize : 33 <-- 238.495163 s

TIMEOUT
maxsize : 33
nodes : 709603052.000000
filtered : 6110791388.000000
time : 3600.000000
