Parameters: GAD=1 vflib=1 dir=0 label=1 lowerbound=1 fileNameGp=../graphsdb/mcs10/rand/r005/mcs10_r005_s40.A88 fileNameGt=../graphsdb/mcs10/rand/r005/mcs10_r005_s40.B88
Reading graphs...
40 :  78
40 :  80
Initializing...
maxdom : 9
D->valSize : 205
Solving...
Blb : 2 (clique : 13)
currentSize : 13 <-- 0.001862 s
currentSize : 14 <-- 0.002023 s
currentSize : 15 <-- 0.002295 s
currentSize : 16 <-- 0.071043 s
currentSize : 17 <-- 0.931263 s

maxsize : 17
nodes : 3365521.000000
filtered : 26809644.000000
time : 11.059562
