Parameters: GAD=1 vflib=1 dir=0 label=1 lowerbound=1 fileNameGp=../graphsdb/mcs10/bvg/b03/mcs10_b03_s100.A86 fileNameGt=../graphsdb/mcs10/bvg/b03/mcs10_b03_s100.B86
Reading graphs...
100 :  149
100 :  150
Initializing...
maxdom : 8
D->valSize : 321
Solving...
Blb : 2 (clique : 35)
currentSize : 35 <-- 0.003232 s
currentSize : 36 <-- 0.003547 s
currentSize : 37 <-- 0.035923 s
currentSize : 38 <-- 1.027506 s
currentSize : 39 <-- 74.183784 s
currentSize : 40 <-- 1320.195801 s

TIMEOUT
maxsize : 40
nodes : 842809593.000000
filtered : 3446926555.000000
time : 3600.000000
