Parameters: GAD=1 vflib=1 dir=0 label=1 lowerbound=1 fileNameGp=../graphsdb/mcs10/bvg/b03m/mcs10_b03m_s50.A85 fileNameGt=../graphsdb/mcs10/bvg/b03m/mcs10_b03m_s50.B85
Reading graphs...
50 :  74
50 :  74
Initializing...
maxdom : 9
D->valSize : 304
Solving...
Blb : 2 (clique : 19)
currentSize : 19 <-- 0.002324 s
currentSize : 20 <-- 0.007508 s
currentSize : 21 <-- 0.022327 s
currentSize : 22 <-- 14.683985 s
currentSize : 23 <-- 23.683823 s
currentSize : 24 <-- 26.567116 s
currentSize : 25 <-- 181.326538 s

TIMEOUT
maxsize : 25
nodes : 1012360818.000000
filtered : 9334002785.000000
time : 3600.000000
