Parameters: GAD=1 vflib=1 dir=0 label=1 lowerbound=1 fileNameGp=../graphsdb/mcs10/m3D/m3D/mcs10_m3D_s90.A17 fileNameGt=../graphsdb/mcs10/m3D/m3D/mcs10_m3D_s90.B17
Reading graphs...
90 :  207
90 :  207
Initializing...
maxdom : 10
D->valSize : 536
Solving...
Blb : 2 (clique : 26)
currentSize : 26 <-- 0.006087 s
currentSize : 27 <-- 0.006298 s
currentSize : 28 <-- 0.006709 s
currentSize : 29 <-- 0.019409 s
currentSize : 30 <-- 28.248371 s
currentSize : 31 <-- 752.137817 s

TIMEOUT
maxsize : 31
nodes : 915647618.000000
filtered : 4459813126.000000
time : 3600.000000
