Parameters: GAD=1 vflib=1 dir=0 label=1 lowerbound=1 fileNameGp=../graphsdb/mcs10/m3D/m3Dr4/mcs10_m3Dr4_s60.A81 fileNameGt=../graphsdb/mcs10/m3D/m3Dr4/mcs10_m3Dr4_s60.B81
Reading graphs...
60 :  156
60 :  153
Initializing...
maxdom : 7
D->valSize : 222
Solving...
Blb : 2 (clique : 15)
currentSize : 15 <-- 0.002417 s
currentSize : 16 <-- 0.002802 s
currentSize : 17 <-- 0.006378 s
currentSize : 18 <-- 0.035116 s
currentSize : 19 <-- 0.627760 s
currentSize : 20 <-- 146.174377 s

maxsize : 20
nodes : 70925117.000000
filtered : 434621953.000000
time : 265.440002
