Parameters: GAD=1 vflib=1 dir=0 label=1 lowerbound=1 fileNameGp=../graphsdb/mcs10/m3D/m3Dr4/mcs10_m3Dr4_s70.A99 fileNameGt=../graphsdb/mcs10/m3D/m3Dr4/mcs10_m3Dr4_s70.B99
Reading graphs...
70 :  185
70 :  185
Initializing...
maxdom : 10
D->valSize : 335
Solving...
Blb : 2 (clique : 20)
currentSize : 20 <-- 0.004115 s
currentSize : 21 <-- 0.011281 s
currentSize : 22 <-- 0.033957 s
currentSize : 23 <-- 4.780781 s
currentSize : 24 <-- 39.444908 s
currentSize : 25 <-- 135.279312 s

TIMEOUT
maxsize : 25
nodes : 789673112.000000
filtered : 6510527118.000000
time : 3600.000000
