Parameters: GAD=1 vflib=1 dir=0 label=1 lowerbound=1 fileNameGp=../graphsdb/mcs10/m2D/m2Dr6/mcs10_m2Dr6_s90.A96 fileNameGt=../graphsdb/mcs10/m2D/m2Dr6/mcs10_m2Dr6_s90.B96
Reading graphs...
90 :  213
90 :  211
Initializing...
maxdom : 9
D->valSize : 489
Solving...
Blb : 5 (clique : 26)
currentSize : 26 <-- 0.005296 s
currentSize : 27 <-- 1.855013 s
currentSize : 28 <-- 6.091996 s
currentSize : 29 <-- 30.107405 s
currentSize : 30 <-- 51.098145 s
currentSize : 31 <-- 920.119507 s

TIMEOUT
maxsize : 31
nodes : 798678211.000000
filtered : 4709233136.000000
time : 3600.000000
