Parameters: GAD=1 vflib=1 dir=0 label=1 lowerbound=1 fileNameGp=../graphsdb/mcs10/m2D/m2Dr4/mcs10_m2Dr4_s60.A51 fileNameGt=../graphsdb/mcs10/m2D/m2Dr4/mcs10_m2Dr4_s60.B51
Reading graphs...
60 :  125
60 :  123
Initializing...
maxdom : 7
D->valSize : 222
Solving...
Blb : 2 (clique : 19)
currentSize : 19 <-- 0.001628 s
currentSize : 20 <-- 0.362592 s
currentSize : 21 <-- 0.362762 s
currentSize : 22 <-- 1.431890 s
currentSize : 23 <-- 380.198212 s

maxsize : 23
nodes : 348391324.000000
filtered : 2061479250.000000
time : 1145.777954
