Parameters: GAD=1 vflib=1 dir=0 label=1 lowerbound=1 fileNameGp=../graphsdb/mcs10/m3D/m3Dr6/mcs10_m3Dr6_s100.A61 fileNameGt=../graphsdb/mcs10/m3D/m3Dr6/mcs10_m3Dr6_s100.B61
Reading graphs...
100 :  289
100 :  287
Initializing...
maxdom : 8
D->valSize : 317
Solving...
Blb : 2 (clique : 23)
currentSize : 23 <-- 0.003132 s
currentSize : 25 <-- 0.003656 s
currentSize : 26 <-- 0.199781 s
currentSize : 27 <-- 0.940943 s
currentSize : 28 <-- 11.425599 s
currentSize : 29 <-- 18.165291 s
currentSize : 30 <-- 2937.543945 s

TIMEOUT
maxsize : 30
nodes : 777601827.000000
filtered : 3179633879.000000
time : 3600.000000
