Parameters: GAD=1 vflib=1 dir=0 label=1 lowerbound=1 fileNameGp=../graphsdb/mcs10/m2D/m2Dr6/mcs10_m2Dr6_s80.A75 fileNameGt=../graphsdb/mcs10/m2D/m2Dr6/mcs10_m2Dr6_s80.B75
Reading graphs...
80 :  186
80 :  183
Initializing...
maxdom : 9
D->valSize : 401
Solving...
Blb : 3 (clique : 24)
currentSize : 24 <-- 0.003738 s
currentSize : 25 <-- 0.007674 s
currentSize : 26 <-- 0.057353 s
currentSize : 27 <-- 16.520775 s
currentSize : 28 <-- 19.596016 s
currentSize : 29 <-- 2867.292480 s

TIMEOUT
maxsize : 29
nodes : 844033197.000000
filtered : 5789754891.000000
time : 3600.000000
