Parameters: GAD=1 vflib=1 dir=0 label=1 lowerbound=1 fileNameGp=../graphsdb/mcs10/m2D/m2Dr2/mcs10_m2Dr2_s70.A72 fileNameGt=../graphsdb/mcs10/m2D/m2Dr2/mcs10_m2Dr2_s70.B72
Reading graphs...
70 :  135
70 :  136
Initializing...
maxdom : 9
D->valSize : 286
Solving...
Blb : 2 (clique : 21)
currentSize : 21 <-- 0.003946 s
currentSize : 22 <-- 0.006207 s
currentSize : 23 <-- 2.373175 s
currentSize : 24 <-- 2.866506 s
currentSize : 25 <-- 3.431926 s
currentSize : 26 <-- 42.032249 s
currentSize : 27 <-- 43.588867 s
currentSize : 28 <-- 418.439148 s

TIMEOUT
maxsize : 28
nodes : 949026168.000000
filtered : 5304591069.000000
time : 3600.000000
