Parameters: GAD=1 vflib=1 dir=0 label=1 lowerbound=1 fileNameGp=../graphsdb/mcs10/m4D/m4D/mcs10_m4D_s100.A96 fileNameGt=../graphsdb/mcs10/m4D/m4D/mcs10_m4D_s100.B96
Reading graphs...
100 :  159
100 :  159
Initializing...
maxdom : 8
D->valSize : 329
Solving...
Blb : 2 (clique : 37)
currentSize : 37 <-- 0.005569 s
currentSize : 38 <-- 0.006169 s
currentSize : 39 <-- 0.007413 s
currentSize : 40 <-- 0.023379 s
currentSize : 41 <-- 0.088175 s
currentSize : 42 <-- 1.252361 s
currentSize : 43 <-- 18.510771 s

TIMEOUT
maxsize : 43
nodes : 808658492.000000
filtered : 2323728130.000000
time : 3600.000000
