Parameters: GAD=1 vflib=1 dir=0 label=1 lowerbound=1 fileNameGp=../graphsdb/mcs10/m2D/m2D/mcs10_m2D_s70.A50 fileNameGt=../graphsdb/mcs10/m2D/m2D/mcs10_m2D_s70.B50
Reading graphs...
70 :  122
70 :  122
Initializing...
maxdom : 8
D->valSize : 294
Solving...
Blb : 2 (clique : 22)
currentSize : 22 <-- 0.003811 s
currentSize : 23 <-- 0.355963 s
currentSize : 24 <-- 0.367461 s
currentSize : 25 <-- 15.162817 s
currentSize : 26 <-- 59.130470 s
currentSize : 27 <-- 2538.992188 s

TIMEOUT
maxsize : 27
nodes : 982931709.000000
filtered : 5622973042.000000
time : 3600.000000
