Parameters: GAD=1 vflib=1 dir=0 label=1 lowerbound=1 fileNameGp=../graphsdb/mcs10/m2D/m2D/mcs10_m2D_s100.A39 fileNameGt=../graphsdb/mcs10/m2D/m2D/mcs10_m2D_s100.B39
Reading graphs...
100 :  179
100 :  178
Initializing...
maxdom : 9
D->valSize : 311
Solving...
Blb : 2 (clique : 31)
currentSize : 31 <-- 0.005012 s
currentSize : 32 <-- 0.005360 s
currentSize : 33 <-- 0.006596 s
currentSize : 34 <-- 0.007215 s
currentSize : 35 <-- 0.407886 s
currentSize : 36 <-- 2.312267 s
currentSize : 37 <-- 5.253704 s
currentSize : 38 <-- 55.498386 s
currentSize : 39 <-- 61.544422 s
currentSize : 40 <-- 937.132019 s

TIMEOUT
maxsize : 40
nodes : 743144315.000000
filtered : 3216076234.000000
time : 3600.000000
