Parameters: GAD=1 vflib=1 dir=0 label=1 lowerbound=1 fileNameGp=../graphsdb/mcs10/rand/r005/mcs10_r005_s70.A67 fileNameGt=../graphsdb/mcs10/rand/r005/mcs10_r005_s70.B67
Reading graphs...
70 :  240
70 :  241
Initializing...
maxdom : 9
D->valSize : 341
Solving...
Blb : 5 (clique : 17)
currentSize : 17 <-- 0.003062 s
currentSize : 18 <-- 0.147253 s
currentSize : 19 <-- 0.147404 s
currentSize : 20 <-- 1.532194 s
currentSize : 21 <-- 3.186328 s
currentSize : 22 <-- 6.406382 s
currentSize : 23 <-- 142.340286 s

TIMEOUT
maxsize : 23
nodes : 802423446.000000
filtered : 7607966600.000000
time : 3600.000000
