Parameters: GAD=1 vflib=1 dir=0 label=1 lowerbound=1 fileNameGp=../graphsdb/mcs10/m3D/m3D/mcs10_m3D_s70.A24 fileNameGt=../graphsdb/mcs10/m3D/m3D/mcs10_m3D_s70.B24
Reading graphs...
70 :  157
70 :  159
Initializing...
maxdom : 8
D->valSize : 284
Solving...
Blb : 2 (clique : 20)
currentSize : 20 <-- 0.003926 s
currentSize : 21 <-- 0.061356 s
currentSize : 22 <-- 0.313439 s
currentSize : 23 <-- 0.343064 s
currentSize : 24 <-- 11.386086 s
currentSize : 25 <-- 11.446854 s
currentSize : 26 <-- 245.303391 s

TIMEOUT
maxsize : 26
nodes : 880358623.000000
filtered : 7325967258.000000
time : 3600.000000
