Parameters: GAD=1 vflib=1 dir=0 label=1 lowerbound=1 fileNameGp=../graphsdb/mcs10/bvg/b03m/mcs10_b03m_s80.A91 fileNameGt=../graphsdb/mcs10/bvg/b03m/mcs10_b03m_s80.B91
Reading graphs...
80 :  120
80 :  120
Initializing...
maxdom : 8
D->valSize : 427
Solving...
Blb : 2 (clique : 29)
currentSize : 29 <-- 0.004258 s
currentSize : 30 <-- 0.004470 s
currentSize : 31 <-- 0.004691 s
currentSize : 32 <-- 0.166999 s
currentSize : 33 <-- 0.167230 s
currentSize : 34 <-- 18.549824 s

TIMEOUT
maxsize : 34
nodes : 892492806.000000
filtered : 5690061648.000000
time : 3600.000000
