Parameters: GAD=1 vflib=1 dir=0 label=1 lowerbound=1 fileNameGp=../graphsdb/mcs10/m3D/m3D/mcs10_m3D_s80.A01 fileNameGt=../graphsdb/mcs10/m3D/m3D/mcs10_m3D_s80.B01
Reading graphs...
80 :  184
80 :  181
Initializing...
maxdom : 9
D->valSize : 393
Solving...
Blb : 2 (clique : 25)
currentSize : 25 <-- 0.006149 s
currentSize : 26 <-- 0.054886 s
currentSize : 27 <-- 0.316124 s
currentSize : 28 <-- 0.423579 s
currentSize : 29 <-- 0.928376 s
currentSize : 30 <-- 1564.570190 s

TIMEOUT
maxsize : 30
nodes : 859568836.000000
filtered : 5000745219.000000
time : 3600.000000
