Parameters: GAD=1 vflib=1 dir=0 label=1 lowerbound=1 fileNameGp=../graphsdb/mcs10/bvg/b03/mcs10_b03_s40.A18 fileNameGt=../graphsdb/mcs10/bvg/b03/mcs10_b03_s40.B18
Reading graphs...
40 :  60
40 :  60
Initializing...
maxdom : 9
D->valSize : 214
Solving...
Blb : 2 (clique : 15)
currentSize : 15 <-- 0.001402 s
currentSize : 16 <-- 0.002392 s
currentSize : 17 <-- 0.075059 s
currentSize : 18 <-- 0.235532 s
currentSize : 19 <-- 3.652013 s

maxsize : 19
nodes : 28971380.000000
filtered : 257338139.000000
time : 92.757851
