Parameters: GAD=1 vflib=1 dir=0 label=1 lowerbound=1 fileNameGp=../graphsdb/mcs10/bvg/b03/mcs10_b03_s70.A15 fileNameGt=../graphsdb/mcs10/bvg/b03/mcs10_b03_s70.B15
Reading graphs...
70 :  105
70 :  105
Initializing...
maxdom : 9
D->valSize : 300
Solving...
Blb : 2 (clique : 26)
currentSize : 26 <-- 0.002495 s
currentSize : 27 <-- 0.020827 s
currentSize : 28 <-- 0.088146 s
currentSize : 29 <-- 0.343329 s
currentSize : 30 <-- 7.992147 s
currentSize : 31 <-- 14.596805 s
currentSize : 32 <-- 1463.832153 s

TIMEOUT
maxsize : 32
nodes : 1027518543.000000
filtered : 4495357525.000000
time : 3600.000000
