Parameters: GAD=1 vflib=1 dir=0 label=1 lowerbound=1 fileNameGp=../graphsdb/mcs10/m3D/m3Dr6/mcs10_m3Dr6_s100.A33 fileNameGt=../graphsdb/mcs10/m3D/m3Dr6/mcs10_m3Dr6_s100.B33
Reading graphs...
100 :  290
100 :  289
Initializing...
maxdom : 7
D->valSize : 315
Solving...
Blb : 2 (clique : 23)
currentSize : 23 <-- 0.004971 s
currentSize : 24 <-- 0.022369 s
currentSize : 25 <-- 0.217794 s
currentSize : 26 <-- 3.852246 s
currentSize : 27 <-- 19.563824 s
currentSize : 28 <-- 392.622955 s

TIMEOUT
maxsize : 28
nodes : 740063642.000000
filtered : 3477341706.000000
time : 3600.000000
