Parameters: GAD=1 vflib=1 dir=0 label=1 lowerbound=1 fileNameGp=../graphsdb/mcs10/m2D/m2Dr2/mcs10_m2Dr2_s80.A25 fileNameGt=../graphsdb/mcs10/m2D/m2Dr2/mcs10_m2Dr2_s80.B25
Reading graphs...
80 :  158
80 :  158
Initializing...
maxdom : 10
D->valSize : 423
Solving...
Blb : 5 (clique : 25)
currentSize : 25 <-- 0.004173 s
currentSize : 26 <-- 0.057744 s
currentSize : 27 <-- 0.275387 s
currentSize : 28 <-- 1.031188 s
currentSize : 29 <-- 7.450024 s
currentSize : 30 <-- 133.802353 s
currentSize : 31 <-- 519.372314 s

TIMEOUT
maxsize : 31
nodes : 797500217.000000
filtered : 7339805489.000000
time : 3600.000000
