Parameters: GAD=1 vflib=1 dir=0 label=1 lowerbound=1 fileNameGp=../graphsdb/mcs10/rand/r01/mcs10_r01_s60.A45 fileNameGt=../graphsdb/mcs10/rand/r01/mcs10_r01_s60.B45
Reading graphs...
60 :  335
60 :  330
Initializing...
maxdom : 7
D->valSize : 240
Solving...
Blb : 2 (clique : 9)
currentSize : 9 <-- 0.002497 s
currentSize : 10 <-- 0.002629 s
currentSize : 11 <-- 0.002713 s
currentSize : 12 <-- 0.010182 s
currentSize : 13 <-- 0.160800 s
currentSize : 14 <-- 1.631929 s
currentSize : 15 <-- 1.635567 s

maxsize : 15
nodes : 1908704.000000
filtered : 17705507.000000
time : 8.134851
