Parameters: GAD=1 vflib=1 dir=0 label=1 lowerbound=1 fileNameGp=../graphsdb/mcs10/m4D/m4Dr6/mcs10_m4Dr6_s100.A97 fileNameGt=../graphsdb/mcs10/m4D/m4Dr6/mcs10_m4Dr6_s100.B97
Reading graphs...
100 :  217
100 :  216
Initializing...
maxdom : 10
D->valSize : 308
Solving...
Blb : 5 (clique : 29)
currentSize : 29 <-- 0.003078 s
currentSize : 30 <-- 0.270343 s
currentSize : 31 <-- 9.865604 s
currentSize : 32 <-- 34.369385 s
currentSize : 33 <-- 128.639496 s
currentSize : 34 <-- 277.828003 s
currentSize : 35 <-- 1108.858154 s

TIMEOUT
maxsize : 35
nodes : 636834293.000000
filtered : 4393242774.000000
time : 3600.000000
