Parameters: GAD=1 vflib=1 dir=0 label=1 lowerbound=1 fileNameGp=../graphsdb/mcs10/rand/r01/mcs10_r01_s50.A41 fileNameGt=../graphsdb/mcs10/rand/r01/mcs10_r01_s50.B41
Reading graphs...
50 :  237
50 :  235
Initializing...
maxdom : 10
D->valSize : 309
Solving...
Blb : 2 (clique : 11)
currentSize : 11 <-- 0.002100 s
currentSize : 12 <-- 0.002259 s
currentSize : 13 <-- 0.002311 s
currentSize : 14 <-- 0.265049 s
currentSize : 15 <-- 3.061735 s

maxsize : 15
nodes : 1995010.000000
filtered : 26051764.000000
time : 8.154337
