Parameters: GAD=1 vflib=1 dir=0 label=1 lowerbound=1 fileNameGp=../graphsdb/mcs10/m2D/m2Dr6/mcs10_m2Dr6_s100.A37 fileNameGt=../graphsdb/mcs10/m2D/m2Dr6/mcs10_m2Dr6_s100.B37
Reading graphs...
100 :  239
100 :  237
Initializing...
maxdom : 8
D->valSize : 303
Solving...
Blb : 5 (clique : 27)
currentSize : 27 <-- 0.002984 s
currentSize : 28 <-- 0.004032 s
currentSize : 29 <-- 2.130856 s
currentSize : 30 <-- 16.699142 s
currentSize : 31 <-- 78.630035 s
currentSize : 32 <-- 88.182678 s
currentSize : 33 <-- 90.196075 s
currentSize : 34 <-- 479.937531 s

TIMEOUT
maxsize : 34
nodes : 725297398.000000
filtered : 3905483474.000000
time : 3600.000000
