Parameters: GAD=1 vflib=1 dir=0 label=1 lowerbound=1 fileNameGp=../graphsdb/mcs10/m2D/m2Dr4/mcs10_m2Dr4_s80.A50 fileNameGt=../graphsdb/mcs10/m2D/m2Dr4/mcs10_m2Dr4_s80.B50
Reading graphs...
80 :  172
80 :  170
Initializing...
maxdom : 8
D->valSize : 404
Solving...
Blb : 2 (clique : 26)
currentSize : 26 <-- 0.003869 s
currentSize : 27 <-- 0.113711 s
currentSize : 28 <-- 0.422487 s
currentSize : 29 <-- 3.760767 s
currentSize : 30 <-- 6.231745 s
currentSize : 31 <-- 20.676443 s
currentSize : 32 <-- 582.395630 s

TIMEOUT
maxsize : 32
nodes : 760850422.000000
filtered : 5613284396.000000
time : 3600.000000
