Parameters: GAD=1 vflib=1 dir=0 label=1 lowerbound=1 fileNameGp=../graphsdb/mcs10/m2D/m2D/mcs10_m2D_s60.A75 fileNameGt=../graphsdb/mcs10/m2D/m2D/mcs10_m2D_s60.B75
Reading graphs...
60 :  104
60 :  103
Initializing...
maxdom : 8
D->valSize : 227
Solving...
Blb : 2 (clique : 19)
currentSize : 19 <-- 0.001781 s
currentSize : 20 <-- 0.030881 s
currentSize : 21 <-- 0.065732 s
currentSize : 22 <-- 0.754671 s
currentSize : 23 <-- 3.312045 s
currentSize : 24 <-- 12.664219 s
currentSize : 25 <-- 136.067780 s

TIMEOUT
maxsize : 25
nodes : 1234180475.000000
filtered : 5588555248.000000
time : 3600.000000
