Parameters: GAD=1 vflib=1 dir=0 label=1 lowerbound=1 fileNameGp=../graphsdb/mcs10/m4D/m4D/mcs10_m4D_s100.A24 fileNameGt=../graphsdb/mcs10/m4D/m4D/mcs10_m4D_s100.B24
Reading graphs...
100 :  158
100 :  158
Initializing...
maxdom : 7
D->valSize : 320
Solving...
Blb : 2 (clique : 36)
currentSize : 36 <-- 0.003184 s
currentSize : 37 <-- 0.054084 s
currentSize : 38 <-- 1.179619 s
currentSize : 39 <-- 6.245817 s
currentSize : 40 <-- 258.884674 s
currentSize : 41 <-- 1318.286743 s

TIMEOUT
maxsize : 41
nodes : 894000454.000000
filtered : 3002019545.000000
time : 3600.000000
