Parameters: GAD=1 vflib=1 dir=0 label=1 lowerbound=1 fileNameGp=../graphsdb/mcs10/m3D/m3Dr6/mcs10_m3Dr6_s60.A88 fileNameGt=../graphsdb/mcs10/m3D/m3Dr6/mcs10_m3Dr6_s60.B88
Reading graphs...
60 :  162
60 :  168
Initializing...
maxdom : 7
D->valSize : 237
Solving...
Blb : 2 (clique : 15)
currentSize : 15 <-- 0.002671 s
currentSize : 16 <-- 0.052735 s
currentSize : 17 <-- 0.195296 s
currentSize : 18 <-- 0.244907 s
currentSize : 19 <-- 2.380502 s
currentSize : 20 <-- 3.365163 s
currentSize : 21 <-- 14.909805 s

maxsize : 21
nodes : 29013619.000000
filtered : 226019800.000000
time : 119.008842
