Parameters: GAD=1 vflib=1 dir=0 label=1 lowerbound=1 fileNameGp=../graphsdb/mcs10/m4D/m4Dr4/mcs10_m4Dr4_s100.A58 fileNameGt=../graphsdb/mcs10/m4D/m4Dr4/mcs10_m4Dr4_s100.B58
Reading graphs...
100 :  199
100 :  198
Initializing...
maxdom : 7
D->valSize : 326
Solving...
Blb : 2 (clique : 32)
currentSize : 32 <-- 0.003121 s
currentSize : 33 <-- 0.003532 s
currentSize : 34 <-- 1.767958 s
currentSize : 35 <-- 1.874378 s
currentSize : 36 <-- 21.576832 s
currentSize : 37 <-- 260.083191 s
currentSize : 38 <-- 3472.514160 s

TIMEOUT
maxsize : 38
nodes : 850020335.000000
filtered : 2849631654.000000
time : 3600.000000
