Parameters: GAD=1 vflib=1 dir=0 label=1 lowerbound=1 fileNameGp=../graphsdb/mcs10/m4D/m4Dr6/mcs10_m4Dr6_s100.A99 fileNameGt=../graphsdb/mcs10/m4D/m4Dr6/mcs10_m4Dr6_s100.B99
Reading graphs...
100 :  216
100 :  217
Initializing...
maxdom : 8
D->valSize : 323
Solving...
Blb : 2 (clique : 32)
currentSize : 32 <-- 0.005182 s
currentSize : 33 <-- 0.005951 s
currentSize : 34 <-- 0.066699 s
currentSize : 35 <-- 22.315811 s
currentSize : 36 <-- 524.739502 s
currentSize : 37 <-- 524.739685 s

TIMEOUT
maxsize : 37
nodes : 715529881.000000
filtered : 3940828806.000000
time : 3600.000000
