Parameters: GAD=1 vflib=1 dir=0 label=1 lowerbound=1 fileNameGp=../graphsdb/mcs10/m3D/m3D/mcs10_m3D_s90.A11 fileNameGt=../graphsdb/mcs10/m3D/m3D/mcs10_m3D_s90.B11
Reading graphs...
90 :  206
90 :  206
Initializing...
maxdom : 10
D->valSize : 531
Solving...
Blb : 2 (clique : 27)
currentSize : 27 <-- 0.005972 s
currentSize : 28 <-- 0.006215 s
currentSize : 29 <-- 0.011866 s
currentSize : 30 <-- 0.017890 s
currentSize : 31 <-- 0.075896 s
currentSize : 32 <-- 0.094738 s

TIMEOUT
maxsize : 32
nodes : 840442731.000000
filtered : 5002426399.000000
time : 3600.000000
