Parameters: GAD=1 vflib=1 dir=0 label=1 lowerbound=1 fileNameGp=../graphsdb/mcs10/rand/r005/mcs10_r005_s90.A34 fileNameGt=../graphsdb/mcs10/rand/r005/mcs10_r005_s90.B34
Reading graphs...
90 :  396
90 :  395
Initializing...
maxdom : 11
D->valSize : 515
Solving...
Blb : 2 (clique : 19)
currentSize : 19 <-- 0.006826 s
currentSize : 20 <-- 0.008546 s
currentSize : 21 <-- 0.043499 s
currentSize : 22 <-- 6.514870 s
currentSize : 23 <-- 8.562670 s
currentSize : 24 <-- 63.672192 s
currentSize : 25 <-- 64.378120 s

TIMEOUT
maxsize : 25
nodes : 694107648.000000
filtered : 6588612145.000000
time : 3600.000000
