Parameters: GAD=1 vflib=1 dir=0 label=1 lowerbound=1 fileNameGp=../graphsdb/mcs10/m2D/m2Dr6/mcs10_m2Dr6_s50.A42 fileNameGt=../graphsdb/mcs10/m2D/m2Dr6/mcs10_m2Dr6_s50.B42
Reading graphs...
50 :  114
50 :  114
Initializing...
maxdom : 9
D->valSize : 315
Solving...
Blb : 2 (clique : 16)
currentSize : 16 <-- 0.003615 s
currentSize : 17 <-- 0.003760 s
currentSize : 18 <-- 0.004525 s
currentSize : 19 <-- 0.016807 s
currentSize : 20 <-- 0.045062 s
currentSize : 21 <-- 0.756584 s
currentSize : 22 <-- 1079.573120 s

maxsize : 22
nodes : 393884084.000000
filtered : 4132128095.000000
time : 1504.261963
