Parameters: GAD=1 vflib=1 dir=0 label=1 lowerbound=1 fileNameGp=../graphsdb/mcs10/m3D/m3Dr2/mcs10_m3Dr2_s70.A22 fileNameGt=../graphsdb/mcs10/m3D/m3Dr2/mcs10_m3Dr2_s70.B22
Reading graphs...
70 :  171
70 :  171
Initializing...
maxdom : 8
D->valSize : 305
Solving...
Blb : 2 (clique : 19)
currentSize : 19 <-- 0.003894 s
currentSize : 20 <-- 0.018707 s
currentSize : 21 <-- 0.194567 s
currentSize : 22 <-- 11.628019 s
currentSize : 23 <-- 15.068653 s
currentSize : 24 <-- 150.437103 s
currentSize : 25 <-- 773.465820 s

TIMEOUT
maxsize : 25
nodes : 860933837.000000
filtered : 6298503661.000000
time : 3600.000000
