Parameters: GAD=1 vflib=1 dir=0 label=1 lowerbound=1 fileNameGp=../graphsdb/mcs10/m3D/m3Dr4/mcs10_m3Dr4_s100.A92 fileNameGt=../graphsdb/mcs10/m3D/m3Dr4/mcs10_m3Dr4_s100.B92
Reading graphs...
100 :  271
100 :  270
Initializing...
maxdom : 7
D->valSize : 343
Solving...
Blb : 2 (clique : 25)
currentSize : 25 <-- 0.003333 s
currentSize : 26 <-- 0.005097 s
currentSize : 27 <-- 0.084411 s
currentSize : 28 <-- 0.199942 s
currentSize : 29 <-- 0.832286 s
currentSize : 30 <-- 15.425933 s
currentSize : 31 <-- 156.590530 s
currentSize : 32 <-- 163.071960 s

TIMEOUT
maxsize : 32
nodes : 754446498.000000
filtered : 3375599870.000000
time : 3600.000000
