Parameters: GAD=1 vflib=1 dir=0 label=1 lowerbound=1 fileNameGp=../graphsdb/mcs10/bvg/b06m/mcs10_b06m_s100.A23 fileNameGt=../graphsdb/mcs10/bvg/b06m/mcs10_b06m_s100.B23
Reading graphs...
100 :  297
100 :  295
Initializing...
maxdom : 8
D->valSize : 315
Solving...
Blb : 3 (clique : 25)
currentSize : 25 <-- 0.003008 s
currentSize : 26 <-- 0.006667 s
currentSize : 27 <-- 0.010284 s
currentSize : 28 <-- 0.488920 s
currentSize : 29 <-- 2.731727 s
currentSize : 30 <-- 22.449411 s

TIMEOUT
maxsize : 30
nodes : 766112857.000000
filtered : 3261205094.000000
time : 3600.000000
