Parameters: GAD=1 vflib=1 dir=0 label=1 lowerbound=1 fileNameGp=../graphsdb/mcs10/bvg/b06m/mcs10_b06m_s100.A95 fileNameGt=../graphsdb/mcs10/bvg/b06m/mcs10_b06m_s100.B95
Reading graphs...
100 :  293
100 :  292
Initializing...
maxdom : 8
D->valSize : 319
Solving...
Blb : 2 (clique : 24)
currentSize : 24 <-- 0.003057 s
currentSize : 25 <-- 0.005921 s
currentSize : 26 <-- 0.005992 s
currentSize : 27 <-- 0.011397 s
currentSize : 28 <-- 0.019690 s
currentSize : 29 <-- 0.063039 s
currentSize : 30 <-- 4.777913 s
currentSize : 31 <-- 637.886719 s

TIMEOUT
maxsize : 31
nodes : 720027804.000000
filtered : 3996738462.000000
time : 3600.000000
