Parameters: GAD=1 vflib=1 dir=0 label=1 lowerbound=1 fileNameGp=../graphsdb/mcs10/m2D/m2Dr4/mcs10_m2Dr4_s70.A81 fileNameGt=../graphsdb/mcs10/m2D/m2Dr4/mcs10_m2Dr4_s70.B81
Reading graphs...
70 :  149
70 :  147
Initializing...
maxdom : 8
D->valSize : 314
Solving...
Blb : 2 (clique : 24)
currentSize : 24 <-- 0.003036 s
currentSize : 25 <-- 0.003902 s
currentSize : 26 <-- 0.021032 s
currentSize : 27 <-- 8.927972 s
currentSize : 28 <-- 10.965342 s
currentSize : 29 <-- 2049.681641 s

TIMEOUT
maxsize : 29
nodes : 925651104.000000
filtered : 5771630924.000000
time : 3600.000000
