Parameters: GAD=1 vflib=1 dir=0 label=1 lowerbound=1 fileNameGp=../graphsdb/mcs10/m2D/m2Dr6/mcs10_m2Dr6_s40.A50 fileNameGt=../graphsdb/mcs10/m2D/m2Dr6/mcs10_m2Dr6_s40.B50
Reading graphs...
40 :  90
40 :  87
Initializing...
maxdom : 9
D->valSize : 235
Solving...
Blb : 2 (clique : 12)
currentSize : 12 <-- 0.002206 s
currentSize : 13 <-- 0.002322 s
currentSize : 14 <-- 0.004852 s
currentSize : 15 <-- 0.050681 s
currentSize : 16 <-- 1.323276 s

maxsize : 16
nodes : 1735690.000000
filtered : 15953079.000000
time : 5.518196
