Parameters: GAD=1 vflib=1 dir=0 label=1 lowerbound=1 fileNameGp=../graphsdb/mcs10/m3D/m3Dr6/mcs10_m3Dr6_s60.A63 fileNameGt=../graphsdb/mcs10/m3D/m3Dr6/mcs10_m3Dr6_s60.B63
Reading graphs...
60 :  166
60 :  160
Initializing...
maxdom : 11
D->valSize : 227
Solving...
Blb : 2 (clique : 15)
currentSize : 15 <-- 0.001627 s
currentSize : 16 <-- 0.001747 s
currentSize : 17 <-- 0.007096 s
currentSize : 18 <-- 0.013178 s
currentSize : 19 <-- 0.030350 s
currentSize : 20 <-- 2.101259 s

maxsize : 20
nodes : 2466402.000000
filtered : 21300841.000000
time : 9.772061
