Parameters: GAD=1 vflib=1 dir=0 label=1 lowerbound=1 fileNameGp=../graphsdb/mcs10/bvg/b06m/mcs10_b06m_s80.A34 fileNameGt=../graphsdb/mcs10/bvg/b06m/mcs10_b06m_s80.B34
Reading graphs...
80 :  234
80 :  235
Initializing...
maxdom : 11
D->valSize : 394
Solving...
Blb : 2 (clique : 21)
currentSize : 21 <-- 0.003662 s
currentSize : 22 <-- 0.004101 s
currentSize : 23 <-- 0.004993 s
currentSize : 24 <-- 0.131635 s
currentSize : 25 <-- 5.148394 s
currentSize : 26 <-- 41.982094 s

TIMEOUT
maxsize : 26
nodes : 786077700.000000
filtered : 6363886272.000000
time : 3600.000000
