Parameters: GAD=1 vflib=1 dir=0 label=1 lowerbound=1 fileNameGp=../graphsdb/mcs10/m3D/m3Dr2/mcs10_m3Dr2_s60.A89 fileNameGt=../graphsdb/mcs10/m3D/m3Dr2/mcs10_m3Dr2_s60.B89
Reading graphs...
60 :  146
60 :  146
Initializing...
maxdom : 8
D->valSize : 229
Solving...
Blb : 2 (clique : 17)
currentSize : 17 <-- 0.002563 s
currentSize : 18 <-- 0.002950 s
currentSize : 19 <-- 0.006103 s
currentSize : 20 <-- 1.408687 s
currentSize : 21 <-- 2.747248 s
currentSize : 22 <-- 41.101711 s

maxsize : 22
nodes : 30474782.000000
filtered : 244343951.000000
time : 118.683083
