Parameters: GAD=1 vflib=1 dir=0 label=1 lowerbound=1 fileNameGp=../graphsdb/mcs10/m2D/m2Dr4/mcs10_m2Dr4_s80.A93 fileNameGt=../graphsdb/mcs10/m2D/m2Dr4/mcs10_m2Dr4_s80.B93
Reading graphs...
80 :  170
80 :  172
Initializing...
maxdom : 9
D->valSize : 400
Solving...
Blb : 2 (clique : 25)
currentSize : 25 <-- 0.006164 s
currentSize : 26 <-- 0.048464 s
currentSize : 27 <-- 0.078263 s
currentSize : 28 <-- 1.175739 s
currentSize : 29 <-- 1.274104 s
currentSize : 30 <-- 1.528935 s
currentSize : 31 <-- 17.673712 s
currentSize : 32 <-- 2402.296631 s

TIMEOUT
maxsize : 32
nodes : 808709789.000000
filtered : 7681872499.000000
time : 3600.000000
