Parameters: GAD=1 vflib=1 dir=0 label=1 lowerbound=1 fileNameGp=../graphsdb/mcs10/rand/r01/mcs10_r01_s60.A09 fileNameGt=../graphsdb/mcs10/rand/r01/mcs10_r01_s60.B09
Reading graphs...
60 :  339
60 :  335
Initializing...
maxdom : 10
D->valSize : 247
Solving...
Blb : 2 (clique : 11)
currentSize : 11 <-- 0.001873 s
currentSize : 12 <-- 0.002455 s
currentSize : 13 <-- 0.009180 s
currentSize : 14 <-- 0.014060 s
currentSize : 15 <-- 0.374153 s
currentSize : 16 <-- 0.993202 s

maxsize : 16
nodes : 721877.000000
filtered : 8352950.000000
time : 3.107623
