Parameters: GAD=1 vflib=1 dir=0 label=1 lowerbound=1 fileNameGp=../graphsdb/mcs10/rand/r005/mcs10_r005_s60.A36 fileNameGt=../graphsdb/mcs10/rand/r005/mcs10_r005_s60.B36
Reading graphs...
60 :  178
60 :  174
Initializing...
maxdom : 7
D->valSize : 218
Solving...
Blb : 2 (clique : 15)
currentSize : 15 <-- 0.001606 s
currentSize : 16 <-- 0.036703 s
currentSize : 17 <-- 0.127425 s
currentSize : 18 <-- 0.169800 s
currentSize : 19 <-- 2.548258 s
currentSize : 20 <-- 4.452713 s

maxsize : 20
nodes : 24793935.000000
filtered : 177919123.000000
time : 94.979401
