Parameters: GAD=1 vflib=1 dir=0 label=1 lowerbound=1 fileNameGp=../graphsdb/mcs10/rand/r005/mcs10_r005_s60.A93 fileNameGt=../graphsdb/mcs10/rand/r005/mcs10_r005_s60.B93
Reading graphs...
60 :  177
60 :  178
Initializing...
maxdom : 7
D->valSize : 228
Solving...
Blb : 2 (clique : 13)
currentSize : 13 <-- 0.002545 s
currentSize : 15 <-- 0.002680 s
currentSize : 16 <-- 0.020289 s
currentSize : 17 <-- 0.064502 s
currentSize : 18 <-- 0.836802 s
currentSize : 19 <-- 19.727360 s
currentSize : 20 <-- 42.779751 s
currentSize : 21 <-- 302.113190 s

maxsize : 21
nodes : 89904496.000000
filtered : 642401298.000000
time : 347.251221
