Parameters: GAD=1 vflib=1 dir=0 label=1 lowerbound=1 fileNameGp=../graphsdb/mcs10/m2D/m2Dr6/mcs10_m2Dr6_s60.A22 fileNameGt=../graphsdb/mcs10/m2D/m2Dr6/mcs10_m2Dr6_s60.B22
Reading graphs...
60 :  138
60 :  137
Initializing...
maxdom : 7
D->valSize : 225
Solving...
Blb : 2 (clique : 17)
currentSize : 17 <-- 0.002511 s
currentSize : 19 <-- 0.002669 s
currentSize : 20 <-- 0.173004 s
currentSize : 21 <-- 9.173863 s
currentSize : 22 <-- 104.568886 s
currentSize : 23 <-- 825.292236 s

maxsize : 23
nodes : 230345492.000000
filtered : 1452899698.000000
time : 851.480835
