Parameters: GAD=1 vflib=1 dir=0 label=1 lowerbound=1 fileNameGp=../graphsdb/mcs10/m2D/m2D/mcs10_m2D_s60.A46 fileNameGt=../graphsdb/mcs10/m2D/m2D/mcs10_m2D_s60.B46
Reading graphs...
60 :  103
60 :  104
Initializing...
maxdom : 7
D->valSize : 226
Solving...
Blb : 2 (clique : 21)
currentSize : 21 <-- 0.001977 s
currentSize : 22 <-- 0.712120 s
currentSize : 23 <-- 13.245050 s
currentSize : 24 <-- 175.113602 s
currentSize : 25 <-- 242.515228 s

maxsize : 25
nodes : 179673867.000000
filtered : 647696328.000000
time : 503.364563
