Parameters: GAD=1 vflib=1 dir=0 label=1 lowerbound=1 fileNameGp=../graphsdb/mcs10/rand/r01/mcs10_r01_s40.A70 fileNameGt=../graphsdb/mcs10/rand/r01/mcs10_r01_s40.B70
Reading graphs...
40 :  149
40 :  154
Initializing...
maxdom : 7
D->valSize : 210
Solving...
Blb : 2 (clique : 9)
currentSize : 9 <-- 0.001301 s
currentSize : 10 <-- 0.001418 s
currentSize : 11 <-- 0.002648 s
currentSize : 12 <-- 0.033946 s
currentSize : 13 <-- 0.362910 s

maxsize : 13
nodes : 423097.000000
filtered : 3942414.000000
time : 1.376503
