Parameters: GAD=1 vflib=1 dir=0 label=1 lowerbound=1 fileNameGp=../graphsdb/mcs10/m3D/m3Dr6/mcs10_m3Dr6_s70.A11 fileNameGt=../graphsdb/mcs10/m3D/m3Dr6/mcs10_m3Dr6_s70.B11
Reading graphs...
70 :  198
70 :  193
Initializing...
maxdom : 8
D->valSize : 341
Solving...
Blb : 2 (clique : 21)
currentSize : 21 <-- 0.002853 s
currentSize : 22 <-- 0.033502 s
currentSize : 23 <-- 0.173688 s
currentSize : 24 <-- 14.815992 s
currentSize : 25 <-- 112.649490 s
currentSize : 26 <-- 2007.941162 s

TIMEOUT
maxsize : 26
nodes : 845164577.000000
filtered : 6785944558.000000
time : 3600.000000
