Parameters: GAD=1 vflib=1 dir=0 label=1 lowerbound=1 fileNameGp=../graphsdb/mcs10/bvg/b03m/mcs10_b03m_s100.A41 fileNameGt=../graphsdb/mcs10/bvg/b03m/mcs10_b03m_s100.B41
Reading graphs...
100 :  150
100 :  147
Initializing...
maxdom : 9
D->valSize : 324
Solving...
Blb : 2 (clique : 36)
currentSize : 36 <-- 0.003806 s
currentSize : 37 <-- 0.004132 s
currentSize : 38 <-- 0.004347 s
currentSize : 39 <-- 0.004633 s
currentSize : 40 <-- 17.704369 s
currentSize : 41 <-- 17.719467 s
currentSize : 42 <-- 48.725479 s
currentSize : 43 <-- 66.541725 s

TIMEOUT
maxsize : 43
nodes : 771252815.000000
filtered : 3649692732.000000
time : 3600.000000
