Parameters: GAD=1 vflib=1 dir=0 label=1 lowerbound=1 fileNameGp=../graphsdb/mcs10/m2D/m2D/mcs10_m2D_s60.A65 fileNameGt=../graphsdb/mcs10/m2D/m2D/mcs10_m2D_s60.B65
Reading graphs...
60 :  102
60 :  103
Initializing...
maxdom : 8
D->valSize : 262
Solving...
Blb : 2 (clique : 20)
currentSize : 20 <-- 0.003573 s
currentSize : 21 <-- 0.007454 s
currentSize : 22 <-- 0.044939 s
currentSize : 23 <-- 31.534348 s
currentSize : 24 <-- 85.984535 s
currentSize : 25 <-- 285.047394 s

TIMEOUT
maxsize : 25
nodes : 990575267.000000
filtered : 6555830943.000000
time : 3600.000000
