Parameters: GAD=1 vflib=1 dir=0 label=1 lowerbound=1 fileNameGp=../graphsdb/mcs10/bvg/b06m/mcs10_b06m_s80.A20 fileNameGt=../graphsdb/mcs10/bvg/b06m/mcs10_b06m_s80.B20
Reading graphs...
80 :  233
80 :  233
Initializing...
maxdom : 8
D->valSize : 379
Solving...
Blb : 2 (clique : 22)
currentSize : 22 <-- 0.005605 s
currentSize : 23 <-- 0.005840 s
currentSize : 24 <-- 0.005911 s
currentSize : 25 <-- 0.263618 s
currentSize : 26 <-- 22.431499 s
currentSize : 27 <-- 175.051407 s

TIMEOUT
maxsize : 27
nodes : 796358357.000000
filtered : 6157836442.000000
time : 3600.000000
