Parameters: GAD=1 vflib=1 dir=0 label=1 lowerbound=1 fileNameGp=../graphsdb/mcs10/m2D/m2Dr6/mcs10_m2Dr6_s100.A50 fileNameGt=../graphsdb/mcs10/m2D/m2Dr6/mcs10_m2Dr6_s100.B50
Reading graphs...
100 :  237
100 :  237
Initializing...
maxdom : 6
D->valSize : 306
Solving...
Blb : 2 (clique : 27)
currentSize : 27 <-- 0.002978 s
currentSize : 28 <-- 0.005234 s
currentSize : 29 <-- 0.020840 s
currentSize : 30 <-- 0.045363 s
currentSize : 31 <-- 8.646403 s
currentSize : 32 <-- 1116.025269 s
currentSize : 33 <-- 1356.678711 s

TIMEOUT
maxsize : 33
nodes : 775694556.000000
filtered : 3589700880.000000
time : 3600.000000
