Parameters: GAD=1 vflib=1 dir=0 label=1 lowerbound=1 fileNameGp=../graphsdb/mcs10/bvg/b03m/mcs10_b03m_s90.A83 fileNameGt=../graphsdb/mcs10/bvg/b03m/mcs10_b03m_s90.B83
Reading graphs...
90 :  134
90 :  134
Initializing...
maxdom : 13
D->valSize : 552
Solving...
Blb : 2 (clique : 33)
currentSize : 33 <-- 0.010959 s
currentSize : 34 <-- 0.011427 s
currentSize : 35 <-- 0.038453 s
currentSize : 36 <-- 0.239775 s
currentSize : 37 <-- 0.240019 s
currentSize : 38 <-- 0.241428 s
currentSize : 39 <-- 0.343022 s
currentSize : 40 <-- 42.622604 s
currentSize : 41 <-- 124.521698 s

TIMEOUT
maxsize : 41
nodes : 725312793.000000
filtered : 5794096953.000000
time : 3600.000000
