Parameters: GAD=1 vflib=1 dir=0 label=1 lowerbound=1 fileNameGp=../graphsdb/mcs10/m3D/m3Dr2/mcs10_m3Dr2_s100.A90 fileNameGt=../graphsdb/mcs10/m3D/m3Dr2/mcs10_m3Dr2_s100.B90
Reading graphs...
100 :  253
100 :  252
Initializing...
maxdom : 8
D->valSize : 320
Solving...
Blb : 2 (clique : 25)
currentSize : 25 <-- 0.005137 s
currentSize : 26 <-- 0.011209 s
currentSize : 27 <-- 0.343204 s
currentSize : 28 <-- 4.731999 s
currentSize : 29 <-- 28.649084 s
currentSize : 30 <-- 72.261902 s
currentSize : 31 <-- 138.203186 s
currentSize : 32 <-- 138.838348 s
currentSize : 33 <-- 1553.782104 s

TIMEOUT
maxsize : 33
nodes : 774341281.000000
filtered : 3251358721.000000
time : 3600.000000
