Parameters: GAD=1 vflib=1 dir=0 label=1 lowerbound=1 fileNameGp=../graphsdb/mcs10/rand/r005/mcs10_r005_s90.A65 fileNameGt=../graphsdb/mcs10/rand/r005/mcs10_r005_s90.B65
Reading graphs...
90 :  394
90 :  396
Initializing...
maxdom : 11
D->valSize : 511
Solving...
Blb : 2 (clique : 17)
currentSize : 17 <-- 0.005431 s
currentSize : 18 <-- 0.005599 s
currentSize : 20 <-- 0.005700 s
currentSize : 21 <-- 0.008942 s
currentSize : 22 <-- 0.245566 s
currentSize : 23 <-- 73.611572 s
currentSize : 24 <-- 208.110031 s

TIMEOUT
maxsize : 24
nodes : 729181440.000000
filtered : 6703065386.000000
time : 3600.000000
