Parameters: GAD=1 vflib=1 dir=0 label=1 lowerbound=1 fileNameGp=../graphsdb/mcs10/m3D/m3Dr4/mcs10_m3Dr4_s60.A89 fileNameGt=../graphsdb/mcs10/m3D/m3Dr4/mcs10_m3Dr4_s60.B89
Reading graphs...
60 :  153
60 :  153
Initializing...
maxdom : 6
D->valSize : 244
Solving...
Blb : 2 (clique : 16)
currentSize : 16 <-- 0.001927 s
currentSize : 17 <-- 0.002029 s
currentSize : 18 <-- 0.006530 s
currentSize : 19 <-- 0.018182 s
currentSize : 20 <-- 0.020996 s
currentSize : 21 <-- 0.711095 s
currentSize : 22 <-- 19.808945 s
currentSize : 23 <-- 250.053986 s

maxsize : 23
nodes : 158180729.000000
filtered : 1144557128.000000
time : 628.430603
