Parameters: GAD=1 vflib=1 dir=0 label=1 lowerbound=1 fileNameGp=../graphsdb/mcs10/m2D/m2Dr2/mcs10_m2Dr2_s90.A75 fileNameGt=../graphsdb/mcs10/m2D/m2Dr2/mcs10_m2Dr2_s90.B75
Reading graphs...
90 :  178
90 :  178
Initializing...
maxdom : 11
D->valSize : 462
Solving...
Blb : 2 (clique : 28)
currentSize : 28 <-- 0.008057 s
currentSize : 29 <-- 1.844025 s
currentSize : 30 <-- 2.136536 s
currentSize : 31 <-- 15.864636 s
currentSize : 32 <-- 463.489410 s
currentSize : 33 <-- 474.077515 s

TIMEOUT
maxsize : 33
nodes : 1006966511.000000
filtered : 4338737309.000000
time : 3600.000000
