Parameters: GAD=1 vflib=1 dir=0 label=1 lowerbound=1 fileNameGp=../graphsdb/mcs10/m3D/m3Dr6/mcs10_m3Dr6_s70.A67 fileNameGt=../graphsdb/mcs10/m3D/m3Dr6/mcs10_m3Dr6_s70.B67
Reading graphs...
70 :  199
70 :  197
Initializing...
maxdom : 11
D->valSize : 320
Solving...
Blb : 2 (clique : 18)
currentSize : 18 <-- 0.002759 s
currentSize : 19 <-- 0.006463 s
currentSize : 20 <-- 0.170007 s
currentSize : 21 <-- 0.485598 s
currentSize : 22 <-- 3.555202 s
currentSize : 23 <-- 4.835705 s
currentSize : 24 <-- 56.006950 s
currentSize : 25 <-- 634.915466 s

maxsize : 25
nodes : 393590360.000000
filtered : 4083285871.000000
time : 1856.545654
