Parameters: GAD=1 vflib=1 dir=0 label=1 lowerbound=1 fileNameGp=../graphsdb/mcs10/m3D/m3Dr2/mcs10_m3Dr2_s60.A90 fileNameGt=../graphsdb/mcs10/m3D/m3Dr2/mcs10_m3Dr2_s60.B90
Reading graphs...
60 :  144
60 :  145
Initializing...
maxdom : 6
D->valSize : 220
Solving...
Blb : 2 (clique : 18)
currentSize : 18 <-- 0.002497 s
currentSize : 19 <-- 0.022227 s
currentSize : 20 <-- 0.072053 s
currentSize : 21 <-- 92.884956 s
currentSize : 22 <-- 176.904465 s
currentSize : 23 <-- 268.656189 s

maxsize : 23
nodes : 86855542.000000
filtered : 476518188.000000
time : 318.062683
