Parameters: GAD=1 vflib=1 dir=0 label=1 lowerbound=1 fileNameGp=../graphsdb/mcs10/rand/r005/mcs10_r005_s80.A31 fileNameGt=../graphsdb/mcs10/rand/r005/mcs10_r005_s80.B31
Reading graphs...
80 :  313
80 :  316
Initializing...
maxdom : 9
D->valSize : 411
Solving...
Blb : 2 (clique : 16)
currentSize : 16 <-- 0.003730 s
currentSize : 17 <-- 0.004169 s
currentSize : 18 <-- 0.006830 s
currentSize : 19 <-- 0.142304 s
currentSize : 20 <-- 0.499287 s
currentSize : 21 <-- 0.960504 s
currentSize : 22 <-- 7.899981 s
currentSize : 23 <-- 82.946640 s
currentSize : 24 <-- 526.668091 s

TIMEOUT
maxsize : 24
nodes : 746364419.000000
filtered : 6593254098.000000
time : 3600.000000
