Parameters: GAD=1 vflib=1 dir=0 label=1 lowerbound=1 fileNameGp=../graphsdb/mcs10/bvg/b03/mcs10_b03_s40.A05 fileNameGt=../graphsdb/mcs10/bvg/b03/mcs10_b03_s40.B05
Reading graphs...
40 :  60
40 :  59
Initializing...
maxdom : 6
D->valSize : 209
Solving...
Blb : 2 (clique : 16)
currentSize : 16 <-- 0.001464 s
currentSize : 17 <-- 0.002938 s
currentSize : 18 <-- 0.009522 s
currentSize : 19 <-- 0.376930 s
currentSize : 20 <-- 31.205711 s

maxsize : 20
nodes : 17964799.000000
filtered : 149096126.000000
time : 54.900150
