Parameters: GAD=1 vflib=1 dir=0 label=1 lowerbound=1 fileNameGp=../graphsdb/mcs10/rand/r005/mcs10_r005_s40.A42 fileNameGt=../graphsdb/mcs10/rand/r005/mcs10_r005_s40.B42
Reading graphs...
40 :  78
40 :  80
Initializing...
maxdom : 9
D->valSize : 234
Solving...
Blb : 5 (clique : 13)
currentSize : 13 <-- 0.001663 s
currentSize : 14 <-- 0.001790 s
currentSize : 15 <-- 0.018104 s
currentSize : 16 <-- 0.050850 s
currentSize : 17 <-- 5.859373 s

maxsize : 17
nodes : 6972681.000000
filtered : 62489527.000000
time : 20.852243
