Parameters: GAD=1 vflib=1 dir=0 label=1 lowerbound=1 fileNameGp=../graphsdb/mcs10/m3D/m3Dr6/mcs10_m3Dr6_s60.A94 fileNameGt=../graphsdb/mcs10/m3D/m3Dr6/mcs10_m3Dr6_s60.B94
Reading graphs...
60 :  167
60 :  166
Initializing...
maxdom : 6
D->valSize : 234
Solving...
Blb : 2 (clique : 17)
currentSize : 17 <-- 0.001707 s
currentSize : 18 <-- 0.002783 s
currentSize : 19 <-- 0.013942 s
currentSize : 20 <-- 0.644694 s
currentSize : 21 <-- 11.833934 s
currentSize : 22 <-- 99.936035 s

maxsize : 22
nodes : 71762468.000000
filtered : 463550859.000000
time : 275.214996
