Parameters: GAD=1 vflib=1 dir=0 label=1 lowerbound=1 fileNameGp=../graphsdb/mcs10/bvg/b03m/mcs10_b03m_s80.A29 fileNameGt=../graphsdb/mcs10/bvg/b03m/mcs10_b03m_s80.B29
Reading graphs...
80 :  118
80 :  119
Initializing...
maxdom : 10
D->valSize : 425
Solving...
Blb : 2 (clique : 30)
currentSize : 30 <-- 0.004199 s
currentSize : 31 <-- 0.004410 s
currentSize : 32 <-- 0.004775 s
currentSize : 33 <-- 0.016417 s
currentSize : 34 <-- 0.632844 s
currentSize : 35 <-- 188.699417 s

TIMEOUT
maxsize : 35
nodes : 963455047.000000
filtered : 5086097787.000000
time : 3600.000000
