Parameters: GAD=1 vflib=1 dir=0 label=1 lowerbound=1 fileNameGp=../graphsdb/mcs10/rand/r01/mcs10_r01_s80.A73 fileNameGt=../graphsdb/mcs10/rand/r01/mcs10_r01_s80.B73
Reading graphs...
80 :  600
80 :  611
Initializing...
maxdom : 10
D->valSize : 376
Solving...
Blb : 2 (clique : 13)
currentSize : 13 <-- 0.005781 s
currentSize : 14 <-- 0.029123 s
currentSize : 15 <-- 0.435927 s
currentSize : 16 <-- 0.881920 s
currentSize : 17 <-- 10.542178 s

maxsize : 17
nodes : 20017315.000000
filtered : 228432010.000000
time : 103.177330
