Parameters: GAD=1 vflib=1 dir=0 label=1 lowerbound=1 fileNameGp=../graphsdb/mcs10/m3D/m3D/mcs10_m3D_s80.A29 fileNameGt=../graphsdb/mcs10/m3D/m3D/mcs10_m3D_s80.B29
Reading graphs...
80 :  179
80 :  181
Initializing...
maxdom : 10
D->valSize : 417
Solving...
Blb : 2 (clique : 23)
currentSize : 23 <-- 0.004026 s
currentSize : 24 <-- 0.004200 s
currentSize : 25 <-- 0.006210 s
currentSize : 26 <-- 0.030917 s
currentSize : 27 <-- 43.340828 s
currentSize : 28 <-- 77.514977 s
currentSize : 29 <-- 542.649109 s
currentSize : 30 <-- 979.048584 s

TIMEOUT
maxsize : 30
nodes : 863382945.000000
filtered : 5284161423.000000
time : 3600.000000
