Parameters: GAD=1 vflib=1 dir=0 label=1 lowerbound=1 fileNameGp=../graphsdb/mcs10/rand/r01/mcs10_r01_s90.A20 fileNameGt=../graphsdb/mcs10/rand/r01/mcs10_r01_s90.B20
Reading graphs...
90 :  761
90 :  758
Initializing...
maxdom : 9
D->valSize : 516
Solving...
Blb : 2 (clique : 12)
currentSize : 12 <-- 0.005310 s
currentSize : 13 <-- 0.018802 s
currentSize : 14 <-- 0.051810 s
currentSize : 15 <-- 0.126179 s
currentSize : 16 <-- 0.246999 s
currentSize : 17 <-- 12.938741 s
currentSize : 18 <-- 230.277298 s

maxsize : 18
nodes : 357487159.000000
filtered : 4658890817.000000
time : 1945.405151
