Parameters: GAD=1 vflib=1 dir=0 label=1 lowerbound=1 fileNameGp=../graphsdb/mcs10/m2D/m2Dr6/mcs10_m2Dr6_s80.A21 fileNameGt=../graphsdb/mcs10/m2D/m2Dr6/mcs10_m2Dr6_s80.B21
Reading graphs...
80 :  187
80 :  185
Initializing...
maxdom : 8
D->valSize : 418
Solving...
Blb : 2 (clique : 25)
currentSize : 25 <-- 0.006705 s
currentSize : 26 <-- 2.639346 s
currentSize : 27 <-- 5.382636 s
currentSize : 28 <-- 7.922263 s
currentSize : 29 <-- 256.054871 s
currentSize : 30 <-- 2397.454346 s

TIMEOUT
maxsize : 30
nodes : 907547398.000000
filtered : 5246896794.000000
time : 3600.000000
