Parameters: GAD=1 vflib=1 dir=0 label=1 lowerbound=1 fileNameGp=../graphsdb/mcs10/m3D/m3Dr4/mcs10_m3Dr4_s80.A56 fileNameGt=../graphsdb/mcs10/m3D/m3Dr4/mcs10_m3Dr4_s80.B56
Reading graphs...
80 :  211
80 :  212
Initializing...
maxdom : 9
D->valSize : 393
Solving...
Blb : 2 (clique : 20)
currentSize : 20 <-- 0.003790 s
currentSize : 21 <-- 0.003959 s
currentSize : 22 <-- 0.005946 s
currentSize : 23 <-- 0.011215 s
currentSize : 24 <-- 0.177135 s
currentSize : 25 <-- 1.425514 s
currentSize : 26 <-- 4.506014 s

TIMEOUT
maxsize : 26
nodes : 818073023.000000
filtered : 5467803264.000000
time : 3600.000000
