Parameters: GAD=1 vflib=1 dir=0 label=1 lowerbound=1 fileNameGp=../graphsdb/mcs10/bvg/b03m/mcs10_b03m_s40.A22 fileNameGt=../graphsdb/mcs10/bvg/b03m/mcs10_b03m_s40.B22
Reading graphs...
40 :  59
40 :  59
Initializing...
maxdom : 8
D->valSize : 200
Solving...
Blb : 2 (clique : 14)
currentSize : 14 <-- 0.001818 s
currentSize : 15 <-- 0.009512 s
currentSize : 16 <-- 0.009773 s
currentSize : 17 <-- 0.182599 s
currentSize : 18 <-- 1.888183 s
currentSize : 19 <-- 4.483148 s

maxsize : 19
nodes : 5468326.000000
filtered : 47795452.000000
time : 16.412912
