Parameters: GAD=1 vflib=1 dir=0 label=1 lowerbound=1 fileNameGp=../graphsdb/mcs10/bvg/b03m/mcs10_b03m_s40.A01 fileNameGt=../graphsdb/mcs10/bvg/b03m/mcs10_b03m_s40.B01
Reading graphs...
40 :  59
40 :  58
Initializing...
maxdom : 10
D->valSize : 190
Solving...
Blb : 2 (clique : 14)
currentSize : 14 <-- 0.001107 s
currentSize : 15 <-- 0.003603 s
currentSize : 16 <-- 0.007430 s
currentSize : 17 <-- 0.016880 s
currentSize : 18 <-- 0.457839 s
currentSize : 19 <-- 5.906264 s

maxsize : 19
nodes : 4048596.000000
filtered : 28608132.000000
time : 11.790570
