Parameters: GAD=1 vflib=1 dir=0 label=1 lowerbound=1 fileNameGp=../graphsdb/mcs10/m2D/m2Dr2/mcs10_m2Dr2_s80.A64 fileNameGt=../graphsdb/mcs10/m2D/m2Dr2/mcs10_m2Dr2_s80.B64
Reading graphs...
80 :  157
80 :  158
Initializing...
maxdom : 10
D->valSize : 410
Solving...
Blb : 2 (clique : 26)
currentSize : 26 <-- 0.003943 s
currentSize : 27 <-- 0.006921 s
currentSize : 28 <-- 0.023575 s
currentSize : 29 <-- 24.593435 s
currentSize : 30 <-- 51.802189 s
currentSize : 31 <-- 51.947819 s
currentSize : 32 <-- 59.484970 s

TIMEOUT
maxsize : 32
nodes : 1015919704.000000
filtered : 4903068981.000000
time : 3600.000000
