Parameters: GAD=1 vflib=1 dir=0 label=1 lowerbound=1 fileNameGp=../graphsdb/mcs10/m3D/m3Dr2/mcs10_m3Dr2_s100.A55 fileNameGt=../graphsdb/mcs10/m3D/m3Dr2/mcs10_m3Dr2_s100.B55
Reading graphs...
100 :  254
100 :  251
Initializing...
maxdom : 8
D->valSize : 315
Solving...
Blb : 2 (clique : 27)
currentSize : 27 <-- 0.003074 s
currentSize : 29 <-- 0.006789 s
currentSize : 30 <-- 0.020553 s
currentSize : 31 <-- 0.020665 s
currentSize : 32 <-- 73.038933 s
currentSize : 33 <-- 201.537689 s
currentSize : 34 <-- 585.454285 s
currentSize : 35 <-- 3380.462402 s

TIMEOUT
maxsize : 35
nodes : 737228416.000000
filtered : 4164706700.000000
time : 3600.000000
