Parameters: GAD=1 vflib=1 dir=0 label=1 lowerbound=1 fileNameGp=../graphsdb/mcs10/bvg/b06/mcs10_b06_s70.A32 fileNameGt=../graphsdb/mcs10/bvg/b06/mcs10_b06_s70.B32
Reading graphs...
70 :  204
70 :  206
Initializing...
maxdom : 8
D->valSize : 318
Solving...
Blb : 5 (clique : 19)
currentSize : 19 <-- 0.002611 s
currentSize : 20 <-- 1.072551 s
currentSize : 21 <-- 1.480566 s
currentSize : 22 <-- 5.511987 s
currentSize : 23 <-- 45.557194 s
currentSize : 24 <-- 3175.640137 s

TIMEOUT
maxsize : 24
nodes : 882692356.000000
filtered : 6879727086.000000
time : 3600.000000
