Parameters: GAD=1 vflib=1 dir=0 label=1 lowerbound=1 fileNameGp=../graphsdb/mcs10/bvg/b03/mcs10_b03_s60.A28 fileNameGt=../graphsdb/mcs10/bvg/b03/mcs10_b03_s60.B28
Reading graphs...
60 :  89
60 :  89
Initializing...
maxdom : 7
D->valSize : 243
Solving...
Blb : 2 (clique : 23)
currentSize : 23 <-- 0.001801 s
currentSize : 24 <-- 0.001929 s
currentSize : 25 <-- 0.149383 s
currentSize : 26 <-- 0.579900 s
currentSize : 27 <-- 211.514160 s

maxsize : 27
nodes : 781365651.000000
filtered : 4619656834.000000
time : 2807.905029
