Parameters: GAD=1 vflib=1 dir=0 label=1 lowerbound=1 fileNameGp=../graphsdb/mcs10/m2D/m2D/mcs10_m2D_s100.A56 fileNameGt=../graphsdb/mcs10/m2D/m2D/mcs10_m2D_s100.B56
Reading graphs...
100 :  179
100 :  179
Initializing...
maxdom : 8
D->valSize : 322
Solving...
Blb : 5 (clique : 32)
currentSize : 32 <-- 0.003286 s
currentSize : 33 <-- 0.094635 s
currentSize : 34 <-- 0.888452 s
currentSize : 35 <-- 1.042966 s
currentSize : 36 <-- 1.969117 s
currentSize : 37 <-- 187.179306 s

TIMEOUT
maxsize : 37
nodes : 786964192.000000
filtered : 3436952760.000000
time : 3600.000000
