Parameters: GAD=1 vflib=1 dir=0 label=1 lowerbound=1 fileNameGp=../graphsdb/mcs10/m2D/m2Dr2/mcs10_m2Dr2_s100.A55 fileNameGt=../graphsdb/mcs10/m2D/m2Dr2/mcs10_m2Dr2_s100.B55
Reading graphs...
100 :  198
100 :  200
Initializing...
maxdom : 7
D->valSize : 332
Solving...
Blb : 2 (clique : 32)
currentSize : 32 <-- 0.005381 s
currentSize : 33 <-- 0.005734 s
currentSize : 34 <-- 0.632284 s
currentSize : 35 <-- 11.678263 s
currentSize : 36 <-- 186.999817 s
currentSize : 37 <-- 739.223999 s
currentSize : 38 <-- 1747.464111 s
currentSize : 39 <-- 1892.531982 s

TIMEOUT
maxsize : 39
nodes : 839256917.000000
filtered : 2720357705.000000
time : 3600.000000
