Parameters: GAD=1 vflib=1 dir=0 label=1 lowerbound=1 fileNameGp=../graphsdb/mcs10/m2D/m2D/mcs10_m2D_s40.A80 fileNameGt=../graphsdb/mcs10/m2D/m2D/mcs10_m2D_s40.B80
Reading graphs...
40 :  67
40 :  65
Initializing...
maxdom : 8
D->valSize : 218
Solving...
Blb : 2 (clique : 14)
currentSize : 14 <-- 0.001358 s
currentSize : 15 <-- 0.010032 s
currentSize : 16 <-- 0.143355 s
currentSize : 17 <-- 2.718283 s
currentSize : 18 <-- 2.928695 s
currentSize : 19 <-- 4.868881 s

maxsize : 19
nodes : 2348322.000000
filtered : 18377017.000000
time : 6.648492
