Parameters: GAD=1 vflib=1 dir=0 label=1 lowerbound=1 fileNameGp=../graphsdb/mcs10/bvg/b03m/mcs10_b03m_s40.A16 fileNameGt=../graphsdb/mcs10/bvg/b03m/mcs10_b03m_s40.B16
Reading graphs...
40 :  60
40 :  58
Initializing...
maxdom : 7
D->valSize : 221
Solving...
Blb : 2 (clique : 17)
currentSize : 17 <-- 0.001328 s
currentSize : 18 <-- 0.001414 s
currentSize : 19 <-- 0.001465 s
currentSize : 20 <-- 0.006243 s
currentSize : 21 <-- 1.896254 s

maxsize : 21
nodes : 4061106.000000
filtered : 35026916.000000
time : 13.154628
