Parameters: GAD=1 vflib=1 dir=0 label=1 lowerbound=1 fileNameGp=../graphsdb/mcs10/m2D/m2Dr4/mcs10_m2Dr4_s40.A22 fileNameGt=../graphsdb/mcs10/m2D/m2Dr4/mcs10_m2Dr4_s40.B22
Reading graphs...
40 :  81
40 :  82
Initializing...
maxdom : 9
D->valSize : 195
Solving...
Blb : 2 (clique : 12)
currentSize : 12 <-- 0.001696 s
currentSize : 13 <-- 0.002618 s
currentSize : 14 <-- 0.047290 s
currentSize : 15 <-- 0.048687 s
currentSize : 16 <-- 0.256755 s

maxsize : 16
nodes : 1691580.000000
filtered : 13437451.000000
time : 5.375594
