Parameters: GAD=1 vflib=1 dir=0 label=1 lowerbound=1 fileNameGp=../graphsdb/mcs10/rand/r02/mcs10_r02_s90.A93 fileNameGt=../graphsdb/mcs10/rand/r02/mcs10_r02_s90.B93
Reading graphs...
90 :  1457
90 :  1452
Initializing...
maxdom : 9
D->valSize : 501
Solving...
Blb : 2 (clique : 8)
currentSize : 8 <-- 0.007803 s
currentSize : 9 <-- 0.008037 s
currentSize : 10 <-- 0.578546 s
currentSize : 11 <-- 0.608661 s
currentSize : 12 <-- 6.282359 s

maxsize : 12
nodes : 1735009.000000
filtered : 22894386.000000
time : 9.649825
