Parameters: GAD=1 vflib=1 dir=0 label=1 lowerbound=1 fileNameGp=../graphsdb/mcs10/m2D/m2Dr4/mcs10_m2Dr4_s60.A48 fileNameGt=../graphsdb/mcs10/m2D/m2Dr4/mcs10_m2Dr4_s60.B48
Reading graphs...
60 :  122
60 :  124
Initializing...
maxdom : 7
D->valSize : 244
Solving...
Blb : 2 (clique : 21)
currentSize : 21 <-- 0.001890 s
currentSize : 22 <-- 0.551247 s
currentSize : 23 <-- 2.791194 s
currentSize : 24 <-- 30.796984 s
currentSize : 25 <-- 66.537498 s

maxsize : 25
nodes : 135783937.000000
filtered : 946301783.000000
time : 522.563782
