Parameters: GAD=1 vflib=1 dir=0 label=1 lowerbound=1 fileNameGp=../graphsdb/mcs10/m2D/m2D/mcs10_m2D_s90.A11 fileNameGt=../graphsdb/mcs10/m2D/m2D/mcs10_m2D_s90.B11
Reading graphs...
90 :  158
90 :  160
Initializing...
maxdom : 10
D->valSize : 483
Solving...
Blb : 2 (clique : 32)
currentSize : 32 <-- 0.005371 s
currentSize : 33 <-- 0.005603 s
currentSize : 34 <-- 0.005743 s
currentSize : 35 <-- 0.069952 s
currentSize : 36 <-- 1.013418 s
currentSize : 37 <-- 456.135895 s

TIMEOUT
maxsize : 37
nodes : 890413175.000000
filtered : 4318480397.000000
time : 3600.000000
