Parameters: GAD=1 vflib=1 dir=0 label=1 lowerbound=1 fileNameGp=../graphsdb/mcs10/m3D/m3Dr6/mcs10_m3Dr6_s60.A59 fileNameGt=../graphsdb/mcs10/m3D/m3Dr6/mcs10_m3Dr6_s60.B59
Reading graphs...
60 :  167
60 :  166
Initializing...
maxdom : 9
D->valSize : 232
Solving...
Blb : 5 (clique : 14)
currentSize : 14 <-- 0.001786 s
currentSize : 15 <-- 0.007884 s
currentSize : 16 <-- 0.106483 s
currentSize : 17 <-- 0.405824 s
currentSize : 18 <-- 2.221555 s
currentSize : 19 <-- 8.580331 s

maxsize : 19
nodes : 22214440.000000
filtered : 201323069.000000
time : 82.208481
