Parameters: GAD=1 vflib=1 dir=0 label=1 lowerbound=1 fileNameGp=../graphsdb/mcs10/rand/r005/mcs10_r005_s90.A00 fileNameGt=../graphsdb/mcs10/rand/r005/mcs10_r005_s90.B00
Reading graphs...
90 :  397
90 :  395
Initializing...
maxdom : 12
D->valSize : 525
Solving...
Blb : 3 (clique : 17)
currentSize : 17 <-- 0.005974 s
currentSize : 18 <-- 0.006165 s
currentSize : 19 <-- 0.007914 s
currentSize : 20 <-- 0.015671 s
currentSize : 21 <-- 0.056607 s
currentSize : 22 <-- 0.361407 s
currentSize : 23 <-- 2.530741 s
currentSize : 24 <-- 4.326403 s
currentSize : 25 <-- 51.232681 s

TIMEOUT
maxsize : 25
nodes : 717514616.000000
filtered : 6705391121.000000
time : 3600.000000
