Parameters: GAD=1 vflib=1 dir=0 label=1 lowerbound=1 fileNameGp=../graphsdb/mcs10/rand/r02/mcs10_r02_s80.A76 fileNameGt=../graphsdb/mcs10/rand/r02/mcs10_r02_s80.B76
Reading graphs...
80 :  1143
80 :  1130
Initializing...
maxdom : 11
D->valSize : 406
Solving...
Blb : 2 (clique : 7)
currentSize : 7 <-- 0.003906 s
currentSize : 8 <-- 0.004013 s
currentSize : 9 <-- 0.012069 s
currentSize : 10 <-- 0.064062 s
currentSize : 11 <-- 0.116965 s

maxsize : 11
nodes : 434008.000000
filtered : 6207136.000000
time : 2.284661
