Parameters: GAD=1 vflib=1 dir=0 label=1 lowerbound=1 fileNameGp=../graphsdb/mcs10/m2D/m2Dr6/mcs10_m2Dr6_s70.A76 fileNameGt=../graphsdb/mcs10/m2D/m2Dr6/mcs10_m2Dr6_s70.B76
Reading graphs...
70 :  163
70 :  159
Initializing...
maxdom : 9
D->valSize : 279
Solving...
Blb : 2 (clique : 20)
currentSize : 20 <-- 0.002206 s
currentSize : 21 <-- 0.002337 s
currentSize : 22 <-- 2.346301 s
currentSize : 23 <-- 133.110504 s
currentSize : 24 <-- 656.512451 s
currentSize : 25 <-- 706.545776 s

TIMEOUT
maxsize : 25
nodes : 933431901.000000
filtered : 6067637233.000000
time : 3600.000000
