Parameters: GAD=1 vflib=1 dir=0 label=1 lowerbound=1 fileNameGp=../graphsdb/mcs10/rand/r005/mcs10_r005_s60.A88 fileNameGt=../graphsdb/mcs10/rand/r005/mcs10_r005_s60.B88
Reading graphs...
60 :  176
60 :  173
Initializing...
maxdom : 9
D->valSize : 232
Solving...
Blb : 2 (clique : 17)
currentSize : 17 <-- 0.001887 s
currentSize : 18 <-- 0.020072 s
currentSize : 19 <-- 0.085359 s
currentSize : 20 <-- 11.917606 s
currentSize : 21 <-- 91.299561 s

maxsize : 21
nodes : 35017207.000000
filtered : 247940356.000000
time : 137.267578
