Parameters: GAD=1 vflib=1 dir=0 label=1 lowerbound=1 fileNameGp=../graphsdb/mcs10/m2D/m2Dr4/mcs10_m2Dr4_s100.A06 fileNameGt=../graphsdb/mcs10/m2D/m2Dr4/mcs10_m2Dr4_s100.B06
Reading graphs...
100 :  217
100 :  219
Initializing...
maxdom : 8
D->valSize : 302
Solving...
Blb : 2 (clique : 26)
currentSize : 26 <-- 0.003098 s
currentSize : 27 <-- 0.003304 s
currentSize : 28 <-- 0.003710 s
currentSize : 29 <-- 0.346085 s
currentSize : 30 <-- 0.616688 s
currentSize : 31 <-- 0.980483 s
currentSize : 32 <-- 1.818187 s
currentSize : 33 <-- 2.024028 s
currentSize : 34 <-- 34.619255 s
currentSize : 35 <-- 185.559235 s
currentSize : 36 <-- 1292.460938 s

TIMEOUT
maxsize : 36
nodes : 722060147.000000
filtered : 3928635840.000000
time : 3600.000000
