Parameters: GAD=1 vflib=1 dir=0 label=1 lowerbound=1 fileNameGp=../graphsdb/mcs10/m3D/m3Dr2/mcs10_m3Dr2_s60.A35 fileNameGt=../graphsdb/mcs10/m3D/m3Dr2/mcs10_m3Dr2_s60.B35
Reading graphs...
60 :  142
60 :  141
Initializing...
maxdom : 6
D->valSize : 217
Solving...
Blb : 2 (clique : 19)
currentSize : 19 <-- 0.001783 s
currentSize : 20 <-- 0.019098 s
currentSize : 21 <-- 0.020142 s
currentSize : 22 <-- 4.721569 s
currentSize : 23 <-- 6.619266 s

maxsize : 23
nodes : 81586742.000000
filtered : 561718879.000000
time : 322.315643
