Parameters: GAD=1 vflib=1 dir=0 label=1 lowerbound=1 fileNameGp=../graphsdb/mcs10/m2D/m2D/mcs10_m2D_s50.A35 fileNameGt=../graphsdb/mcs10/m2D/m2D/mcs10_m2D_s50.B35
Reading graphs...
50 :  83
50 :  84
Initializing...
maxdom : 11
D->valSize : 307
Solving...
Blb : 5 (clique : 19)
currentSize : 19 <-- 0.003615 s
currentSize : 20 <-- 1.557581 s
currentSize : 21 <-- 1.627129 s
currentSize : 22 <-- 12.798319 s
currentSize : 23 <-- 23.486076 s
currentSize : 24 <-- 770.590698 s

maxsize : 24
nodes : 592998008.000000
filtered : 4519986987.000000
time : 2025.043213
