Parameters: GAD=1 vflib=1 dir=0 label=1 lowerbound=1 fileNameGp=../graphsdb/mcs10/m3D/m3Dr6/mcs10_m3Dr6_s90.A83 fileNameGt=../graphsdb/mcs10/m3D/m3Dr6/mcs10_m3Dr6_s90.B83
Reading graphs...
90 :  259
90 :  260
Initializing...
maxdom : 11
D->valSize : 525
Solving...
Blb : 2 (clique : 25)
currentSize : 25 <-- 0.005845 s
currentSize : 26 <-- 0.007748 s
currentSize : 27 <-- 0.014940 s
currentSize : 28 <-- 0.015860 s
currentSize : 29 <-- 0.261676 s
currentSize : 30 <-- 1.432693 s
currentSize : 31 <-- 1.615511 s
currentSize : 32 <-- 1562.899658 s

TIMEOUT
maxsize : 32
nodes : 696035256.000000
filtered : 5212510053.000000
time : 3600.000000
