Parameters: GAD=1 vflib=1 dir=0 label=1 lowerbound=1 fileNameGp=../graphsdb/mcs10/rand/r01/mcs10_r01_s100.A30 fileNameGt=../graphsdb/mcs10/rand/r01/mcs10_r01_s100.B30
Reading graphs...
100 :  923
100 :  946
Initializing...
maxdom : 7
D->valSize : 332
Solving...
Blb : 5 (clique : 13)
currentSize : 13 <-- 0.003385 s
currentSize : 14 <-- 0.003628 s
currentSize : 15 <-- 0.004525 s
currentSize : 16 <-- 2.511457 s
currentSize : 17 <-- 78.098633 s

maxsize : 17
nodes : 75863900.000000
filtered : 572025976.000000
time : 409.792236
