Parameters: GAD=1 vflib=1 dir=0 label=1 lowerbound=1 fileNameGp=../graphsdb/mcs10/rand/r005/mcs10_r005_s50.A06 fileNameGt=../graphsdb/mcs10/rand/r005/mcs10_r005_s50.B06
Reading graphs...
50 :  122
50 :  123
Initializing...
maxdom : 10
D->valSize : 318
Solving...
Blb : 2 (clique : 17)
currentSize : 17 <-- 0.002321 s
currentSize : 18 <-- 0.003699 s
currentSize : 19 <-- 0.006143 s
currentSize : 20 <-- 0.098726 s
currentSize : 21 <-- 1.587496 s

maxsize : 21
nodes : 185281636.000000
filtered : 2034740902.000000
time : 720.817871
