Parameters: GAD=1 vflib=1 dir=0 label=1 lowerbound=1 fileNameGp=../graphsdb/mcs10/m3D/m3D/mcs10_m3D_s70.A96 fileNameGt=../graphsdb/mcs10/m3D/m3D/mcs10_m3D_s70.B96
Reading graphs...
70 :  158
70 :  157
Initializing...
maxdom : 10
D->valSize : 276
Solving...
Blb : 2 (clique : 19)
currentSize : 19 <-- 0.002243 s
currentSize : 20 <-- 0.002375 s
currentSize : 21 <-- 0.007711 s
currentSize : 22 <-- 0.024477 s
currentSize : 23 <-- 7.057493 s
currentSize : 24 <-- 43.689743 s
currentSize : 25 <-- 279.531006 s

maxsize : 25
nodes : 846307432.000000
filtered : 6250668131.000000
time : 3413.732178
