Parameters: GAD=1 vflib=1 dir=0 label=1 lowerbound=1 fileNameGp=../graphsdb/mcs10/m2D/m2Dr6/mcs10_m2Dr6_s40.A36 fileNameGt=../graphsdb/mcs10/m2D/m2Dr6/mcs10_m2Dr6_s40.B36
Reading graphs...
40 :  85
40 :  89
Initializing...
maxdom : 9
D->valSize : 208
Solving...
Blb : 2 (clique : 11)
currentSize : 11 <-- 0.001279 s
currentSize : 12 <-- 0.001403 s
currentSize : 13 <-- 0.003459 s
currentSize : 14 <-- 0.007800 s
currentSize : 15 <-- 0.050781 s

maxsize : 15
nodes : 246243.000000
filtered : 2686370.000000
time : 0.868832
