Parameters: GAD=1 vflib=1 dir=0 label=1 lowerbound=1 fileNameGp=../graphsdb/mcs10/m2D/m2Dr6/mcs10_m2Dr6_s90.A80 fileNameGt=../graphsdb/mcs10/m2D/m2Dr6/mcs10_m2Dr6_s90.B80
Reading graphs...
90 :  209
90 :  210
Initializing...
maxdom : 14
D->valSize : 532
Solving...
Blb : 2 (clique : 25)
currentSize : 25 <-- 0.009823 s
currentSize : 26 <-- 0.012804 s
currentSize : 27 <-- 0.025806 s
currentSize : 28 <-- 3.477356 s
currentSize : 29 <-- 60.829617 s
currentSize : 30 <-- 3334.520996 s

TIMEOUT
maxsize : 30
nodes : 912787232.000000
filtered : 5904531713.000000
time : 3600.000000
