Parameters: GAD=1 vflib=1 dir=0 label=1 lowerbound=1 fileNameGp=../graphsdb/mcs10/m3D/m3Dr6/mcs10_m3Dr6_s100.A93 fileNameGt=../graphsdb/mcs10/m3D/m3Dr6/mcs10_m3Dr6_s100.B93
Reading graphs...
100 :  287
100 :  286
Initializing...
maxdom : 8
D->valSize : 318
Solving...
Blb : 2 (clique : 22)
currentSize : 22 <-- 0.004732 s
currentSize : 23 <-- 0.004925 s
currentSize : 24 <-- 0.005057 s
currentSize : 25 <-- 0.006072 s
currentSize : 26 <-- 0.006191 s
currentSize : 27 <-- 0.008469 s
currentSize : 28 <-- 1.813511 s
currentSize : 29 <-- 15.052069 s
currentSize : 30 <-- 822.918396 s

TIMEOUT
maxsize : 30
nodes : 760505335.000000
filtered : 4061107837.000000
time : 3600.000000
