Parameters: GAD=1 vflib=1 dir=0 label=1 lowerbound=1 fileNameGp=../graphsdb/mcs10/m3D/m3Dr6/mcs10_m3Dr6_s90.A53 fileNameGt=../graphsdb/mcs10/m3D/m3Dr6/mcs10_m3Dr6_s90.B53
Reading graphs...
90 :  257
90 :  256
Initializing...
maxdom : 11
D->valSize : 518
Solving...
Blb : 2 (clique : 23)
currentSize : 23 <-- 0.005697 s
currentSize : 24 <-- 0.005891 s
currentSize : 25 <-- 0.005976 s
currentSize : 26 <-- 0.012874 s
currentSize : 27 <-- 5.353733 s
currentSize : 28 <-- 25.413986 s
currentSize : 29 <-- 703.943054 s

TIMEOUT
maxsize : 29
nodes : 771580915.000000
filtered : 5495061374.000000
time : 3600.000000
