Parameters: GAD=1 vflib=1 dir=0 label=1 lowerbound=1 fileNameGp=../graphsdb/mcs10/bvg/b03m/mcs10_b03m_s70.A22 fileNameGt=../graphsdb/mcs10/bvg/b03m/mcs10_b03m_s70.B22
Reading graphs...
70 :  103
70 :  103
Initializing...
maxdom : 8
D->valSize : 307
Solving...
Blb : 2 (clique : 24)
currentSize : 24 <-- 0.002464 s
currentSize : 26 <-- 0.002612 s
currentSize : 27 <-- 0.004385 s
currentSize : 28 <-- 0.042694 s
currentSize : 29 <-- 1.149644 s
currentSize : 30 <-- 1.150575 s
currentSize : 31 <-- 6.505017 s

TIMEOUT
maxsize : 31
nodes : 857738955.000000
filtered : 6341084415.000000
time : 3600.000000
