Parameters: GAD=1 vflib=1 dir=0 label=1 lowerbound=1 fileNameGp=../graphsdb/mcs10/bvg/b06/mcs10_b06_s100.A37 fileNameGt=../graphsdb/mcs10/bvg/b06/mcs10_b06_s100.B37
Reading graphs...
100 :  298
100 :  294
Initializing...
maxdom : 10
D->valSize : 344
Solving...
Blb : 3 (clique : 25)
currentSize : 25 <-- 0.005531 s
currentSize : 26 <-- 0.029867 s
currentSize : 27 <-- 0.058604 s
currentSize : 28 <-- 0.957333 s
currentSize : 29 <-- 1.410107 s
currentSize : 30 <-- 1.947514 s

TIMEOUT
maxsize : 30
nodes : 728834123.000000
filtered : 3649853536.000000
time : 3600.000000
