Parameters: GAD=1 vflib=1 dir=0 label=1 lowerbound=1 fileNameGp=../graphsdb/mcs10/bvg/b03m/mcs10_b03m_s100.A14 fileNameGt=../graphsdb/mcs10/bvg/b03m/mcs10_b03m_s100.B14
Reading graphs...
100 :  149
100 :  150
Initializing...
maxdom : 8
D->valSize : 290
Solving...
Blb : 2 (clique : 33)
currentSize : 33 <-- 0.004738 s
currentSize : 34 <-- 0.474037 s
currentSize : 35 <-- 1.041228 s
currentSize : 36 <-- 65.248589 s
currentSize : 37 <-- 112.121216 s
currentSize : 38 <-- 112.888710 s
currentSize : 39 <-- 476.221924 s
currentSize : 40 <-- 3336.263916 s

TIMEOUT
maxsize : 40
nodes : 835662489.000000
filtered : 2791176837.000000
time : 3600.000000
