Parameters: GAD=1 vflib=1 dir=0 label=1 lowerbound=1 fileNameGp=../graphsdb/mcs10/m3D/m3D/mcs10_m3D_s80.A77 fileNameGt=../graphsdb/mcs10/m3D/m3D/mcs10_m3D_s80.B77
Reading graphs...
80 :  183
80 :  182
Initializing...
maxdom : 9
D->valSize : 386
Solving...
Blb : 2 (clique : 22)
currentSize : 22 <-- 0.003481 s
currentSize : 23 <-- 0.004726 s
currentSize : 24 <-- 0.008605 s
currentSize : 25 <-- 0.077850 s
currentSize : 26 <-- 2.152542 s
currentSize : 27 <-- 7.689390 s
currentSize : 28 <-- 84.317917 s

TIMEOUT
maxsize : 28
nodes : 777607340.000000
filtered : 6610789914.000000
time : 3600.000000
