Parameters: GAD=1 vflib=1 dir=0 label=1 lowerbound=1 fileNameGp=../graphsdb/mcs10/m2D/m2Dr6/mcs10_m2Dr6_s70.A62 fileNameGt=../graphsdb/mcs10/m2D/m2Dr6/mcs10_m2Dr6_s70.B62
Reading graphs...
70 :  164
70 :  160
Initializing...
maxdom : 10
D->valSize : 317
Solving...
Blb : 2 (clique : 20)
currentSize : 20 <-- 0.002777 s
currentSize : 21 <-- 0.002997 s
currentSize : 22 <-- 0.010015 s
currentSize : 23 <-- 2.203852 s
currentSize : 24 <-- 24.374723 s
currentSize : 25 <-- 179.777725 s
currentSize : 26 <-- 595.522644 s

TIMEOUT
maxsize : 26
nodes : 858564530.000000
filtered : 7043039146.000000
time : 3600.000000
