Parameters: GAD=1 vflib=1 dir=0 label=1 lowerbound=1 fileNameGp=../graphsdb/mcs10/m3D/m3Dr2/mcs10_m3Dr2_s60.A68 fileNameGt=../graphsdb/mcs10/m3D/m3Dr2/mcs10_m3Dr2_s60.B68
Reading graphs...
60 :  145
60 :  141
Initializing...
maxdom : 7
D->valSize : 254
Solving...
Blb : 2 (clique : 17)
currentSize : 17 <-- 0.003023 s
currentSize : 18 <-- 0.003537 s
currentSize : 19 <-- 0.019827 s
currentSize : 20 <-- 0.045956 s
currentSize : 21 <-- 0.046921 s
currentSize : 22 <-- 65.930672 s

maxsize : 22
nodes : 114221518.000000
filtered : 868424609.000000
time : 432.451752
