Parameters: GAD=1 vflib=1 dir=0 label=1 lowerbound=1 fileNameGp=../graphsdb/mcs10/m2D/m2Dr2/mcs10_m2Dr2_s100.A05 fileNameGt=../graphsdb/mcs10/m2D/m2Dr2/mcs10_m2Dr2_s100.B05
Reading graphs...
100 :  196
100 :  198
Initializing...
maxdom : 8
D->valSize : 353
Solving...
Blb : 2 (clique : 30)
currentSize : 30 <-- 0.005993 s
currentSize : 31 <-- 0.006377 s
currentSize : 32 <-- 0.006761 s
currentSize : 33 <-- 0.127157 s
currentSize : 34 <-- 0.186060 s
currentSize : 35 <-- 0.277051 s
currentSize : 36 <-- 2.879260 s
currentSize : 37 <-- 32.232857 s
currentSize : 38 <-- 244.780457 s

TIMEOUT
maxsize : 38
nodes : 747584833.000000
filtered : 3559823278.000000
time : 3600.000000
