Parameters: GAD=1 vflib=1 dir=0 label=1 lowerbound=1 fileNameGp=../graphsdb/mcs10/rand/r005/mcs10_r005_s40.A53 fileNameGt=../graphsdb/mcs10/rand/r005/mcs10_r005_s40.B53
Reading graphs...
40 :  81
40 :  78
Initializing...
maxdom : 7
D->valSize : 180
Solving...
Blb : 2 (clique : 12)
currentSize : 12 <-- 0.001672 s
currentSize : 13 <-- 0.001780 s
currentSize : 14 <-- 0.002006 s
currentSize : 15 <-- 0.257310 s
currentSize : 16 <-- 7.755660 s

maxsize : 16
nodes : 3236247.000000
filtered : 20452277.000000
time : 9.007576
