Parameters: GAD=1 vflib=1 dir=0 label=1 lowerbound=1 fileNameGp=../graphsdb/mcs10/rand/r005/mcs10_r005_s50.A54 fileNameGt=../graphsdb/mcs10/rand/r005/mcs10_r005_s50.B54
Reading graphs...
50 :  124
50 :  122
Initializing...
maxdom : 10
D->valSize : 320
Solving...
Blb : 2 (clique : 16)
currentSize : 16 <-- 0.002413 s
currentSize : 17 <-- 0.002512 s
currentSize : 18 <-- 0.003426 s
currentSize : 19 <-- 3.104224 s
currentSize : 20 <-- 32.335197 s

maxsize : 20
nodes : 444556421.000000
filtered : 4933029630.000000
time : 1580.639282
