Parameters: GAD=1 vflib=1 dir=0 label=1 lowerbound=1 fileNameGp=../graphsdb/mcs10/m2D/m2Dr4/mcs10_m2Dr4_s70.A37 fileNameGt=../graphsdb/mcs10/m2D/m2Dr4/mcs10_m2Dr4_s70.B37
Reading graphs...
70 :  150
70 :  149
Initializing...
maxdom : 10
D->valSize : 296
Solving...
Blb : 2 (clique : 22)
currentSize : 22 <-- 0.002458 s
currentSize : 23 <-- 0.002591 s
currentSize : 24 <-- 0.020215 s
currentSize : 25 <-- 0.219104 s
currentSize : 26 <-- 37.895744 s
currentSize : 27 <-- 39.437305 s

TIMEOUT
maxsize : 27
nodes : 839823012.000000
filtered : 6520465769.000000
time : 3600.000000
