Parameters: GAD=1 vflib=1 dir=0 label=1 lowerbound=1 fileNameGp=../graphsdb/mcs10/rand/r005/mcs10_r005_s40.A55 fileNameGt=../graphsdb/mcs10/rand/r005/mcs10_r005_s40.B55
Reading graphs...
40 :  80
40 :  79
Initializing...
maxdom : 7
D->valSize : 207
Solving...
Blb : 2 (clique : 13)
currentSize : 13 <-- 0.001276 s
currentSize : 14 <-- 0.001345 s
currentSize : 15 <-- 0.002383 s
currentSize : 16 <-- 0.030666 s
currentSize : 17 <-- 0.036034 s
currentSize : 18 <-- 0.250870 s

maxsize : 18
nodes : 1549077.000000
filtered : 15014054.000000
time : 5.024221
