Parameters: GAD=1 vflib=1 dir=0 label=1 lowerbound=1 fileNameGp=../graphsdb/mcs10/m2D/m2Dr6/mcs10_m2Dr6_s60.A67 fileNameGt=../graphsdb/mcs10/m2D/m2Dr6/mcs10_m2Dr6_s60.B67
Reading graphs...
60 :  135
60 :  138
Initializing...
maxdom : 8
D->valSize : 226
Solving...
Blb : 2 (clique : 18)
currentSize : 18 <-- 0.001768 s
currentSize : 19 <-- 0.004075 s
currentSize : 20 <-- 0.015734 s
currentSize : 21 <-- 0.105218 s
currentSize : 22 <-- 4.267894 s
currentSize : 23 <-- 47.735970 s

maxsize : 23
nodes : 86444617.000000
filtered : 635314923.000000
time : 333.174469
