Parameters: GAD=1 vflib=1 dir=0 label=1 lowerbound=1 fileNameGp=../graphsdb/mcs10/rand/r01/mcs10_r01_s90.A35 fileNameGt=../graphsdb/mcs10/rand/r01/mcs10_r01_s90.B35
Reading graphs...
90 :  762
90 :  771
Initializing...
maxdom : 9
D->valSize : 524
Solving...
Blb : 2 (clique : 12)
currentSize : 12 <-- 0.009241 s
currentSize : 13 <-- 0.009431 s
currentSize : 14 <-- 0.010745 s
currentSize : 15 <-- 0.053133 s
currentSize : 16 <-- 0.357813 s
currentSize : 17 <-- 20.163191 s
currentSize : 18 <-- 556.966858 s

maxsize : 18
nodes : 450008991.000000
filtered : 5674855421.000000
time : 2472.427246
