Parameters: GAD=1 vflib=1 dir=0 label=1 lowerbound=1 fileNameGp=../graphsdb/mcs10/rand/r01/mcs10_r01_s90.A03 fileNameGt=../graphsdb/mcs10/rand/r01/mcs10_r01_s90.B03
Reading graphs...
90 :  767
90 :  761
Initializing...
maxdom : 10
D->valSize : 510
Solving...
Blb : 5 (clique : 12)
currentSize : 12 <-- 0.005245 s
currentSize : 13 <-- 0.005682 s
currentSize : 14 <-- 0.011160 s
currentSize : 15 <-- 0.122469 s
currentSize : 16 <-- 1.500078 s
currentSize : 17 <-- 141.912292 s

maxsize : 17
nodes : 235595096.000000
filtered : 3154837517.000000
time : 1299.869141
