Parameters: GAD=1 vflib=1 dir=0 label=1 lowerbound=1 fileNameGp=../graphsdb/mcs10/rand/r02/mcs10_r02_s100.A30 fileNameGt=../graphsdb/mcs10/rand/r02/mcs10_r02_s100.B30
Reading graphs...
100 :  1790
100 :  1767
Initializing...
maxdom : 7
D->valSize : 322
Solving...
Blb : 2 (clique : 8)
currentSize : 8 <-- 0.003101 s
currentSize : 9 <-- 0.003236 s
currentSize : 10 <-- 0.006974 s
currentSize : 11 <-- 0.237071 s
currentSize : 12 <-- 0.355370 s

maxsize : 12
nodes : 248825.000000
filtered : 2619313.000000
time : 1.414301
