Parameters: GAD=1 vflib=1 dir=0 label=1 lowerbound=1 fileNameGp=../graphsdb/mcs10/bvg/b06/mcs10_b06_s100.A29 fileNameGt=../graphsdb/mcs10/bvg/b06/mcs10_b06_s100.B29
Reading graphs...
100 :  299
100 :  298
Initializing...
maxdom : 7
D->valSize : 293
Solving...
Blb : 2 (clique : 23)
currentSize : 23 <-- 0.002732 s
currentSize : 24 <-- 0.002943 s
currentSize : 25 <-- 0.015757 s
currentSize : 26 <-- 0.015938 s
currentSize : 27 <-- 0.790742 s
currentSize : 28 <-- 108.837242 s
currentSize : 29 <-- 443.875031 s

TIMEOUT
maxsize : 29
nodes : 782863465.000000
filtered : 3161661099.000000
time : 3600.000000
