Parameters: GAD=1 vflib=1 dir=0 label=1 lowerbound=1 fileNameGp=../graphsdb/mcs10/rand/r01/mcs10_r01_s80.A10 fileNameGt=../graphsdb/mcs10/rand/r01/mcs10_r01_s80.B10
Reading graphs...
80 :  607
80 :  605
Initializing...
maxdom : 9
D->valSize : 376
Solving...
Blb : 2 (clique : 12)
currentSize : 12 <-- 0.005128 s
currentSize : 13 <-- 0.005845 s
currentSize : 14 <-- 0.033278 s
currentSize : 15 <-- 0.068153 s
currentSize : 16 <-- 15.000056 s

maxsize : 16
nodes : 46256381.000000
filtered : 457735406.000000
time : 223.010635
