Parameters: GAD=1 vflib=1 dir=0 label=1 lowerbound=1 fileNameGp=../graphsdb/mcs10/m3D/m3Dr4/mcs10_m3Dr4_s100.A28 fileNameGt=../graphsdb/mcs10/m3D/m3Dr4/mcs10_m3Dr4_s100.B28
Reading graphs...
100 :  273
100 :  270
Initializing...
maxdom : 8
D->valSize : 334
Solving...
Blb : 2 (clique : 26)
currentSize : 26 <-- 0.003189 s
currentSize : 27 <-- 0.003701 s
currentSize : 28 <-- 0.015419 s
currentSize : 29 <-- 0.870979 s
currentSize : 30 <-- 2.975634 s
currentSize : 31 <-- 164.080994 s
currentSize : 32 <-- 168.522675 s

TIMEOUT
maxsize : 32
nodes : 746236650.000000
filtered : 3169233121.000000
time : 3600.000000
