Parameters: GAD=1 vflib=1 dir=0 label=1 lowerbound=1 fileNameGp=../graphsdb/mcs10/bvg/b03/mcs10_b03_s60.A12 fileNameGt=../graphsdb/mcs10/bvg/b03/mcs10_b03_s60.B12
Reading graphs...
60 :  88
60 :  90
Initializing...
maxdom : 7
D->valSize : 218
Solving...
Blb : 2 (clique : 22)
currentSize : 22 <-- 0.001607 s
currentSize : 23 <-- 0.001831 s
currentSize : 24 <-- 0.001922 s
currentSize : 25 <-- 0.527612 s
currentSize : 26 <-- 0.699168 s
currentSize : 27 <-- 13.096460 s

TIMEOUT
maxsize : 27
nodes : 1000356784.000000
filtered : 4864153259.000000
time : 3600.000000
