Parameters: GAD=1 vflib=1 dir=0 label=1 lowerbound=1 fileNameGp=../graphsdb/mcs10/m3D/m3Dr2/mcs10_m3Dr2_s70.A08 fileNameGt=../graphsdb/mcs10/m3D/m3Dr2/mcs10_m3Dr2_s70.B08
Reading graphs...
70 :  171
70 :  172
Initializing...
maxdom : 9
D->valSize : 269
Solving...
Blb : 2 (clique : 18)
currentSize : 18 <-- 0.003495 s
currentSize : 19 <-- 0.006009 s
currentSize : 20 <-- 0.045494 s
currentSize : 21 <-- 0.100555 s
currentSize : 22 <-- 0.114061 s
currentSize : 23 <-- 5.088569 s
currentSize : 24 <-- 36.372303 s
currentSize : 25 <-- 547.383423 s
currentSize : 26 <-- 866.189697 s

maxsize : 26
nodes : 436902418.000000
filtered : 3134432768.000000
time : 1822.672241
