Parameters: GAD=1 vflib=1 dir=0 label=1 lowerbound=1 fileNameGp=../graphsdb/mcs10/m3D/m3Dr6/mcs10_m3Dr6_s90.A15 fileNameGt=../graphsdb/mcs10/m3D/m3Dr6/mcs10_m3Dr6_s90.B15
Reading graphs...
90 :  258
90 :  259
Initializing...
maxdom : 8
D->valSize : 516
Solving...
Blb : 2 (clique : 23)
currentSize : 23 <-- 0.006077 s
currentSize : 24 <-- 0.006445 s
currentSize : 25 <-- 0.007566 s
currentSize : 26 <-- 0.098013 s
currentSize : 27 <-- 10.974514 s
currentSize : 28 <-- 123.042274 s
currentSize : 29 <-- 234.084198 s
currentSize : 30 <-- 664.157593 s

TIMEOUT
maxsize : 30
nodes : 696960848.000000
filtered : 6119374683.000000
time : 3600.000000
