Parameters: GAD=1 vflib=1 dir=0 label=1 lowerbound=1 fileNameGp=../graphsdb/mcs10/rand/r001/mcs10_r001_s100.A60 fileNameGt=../graphsdb/mcs10/rand/r001/mcs10_r001_s100.B60
Reading graphs...
100 :  108
100 :  108
Initializing...
maxdom : 8
D->valSize : 351
Solving...
Blb : 2 (clique : 39)
currentSize : 39 <-- 0.003588 s
currentSize : 40 <-- 0.149214 s
currentSize : 41 <-- 0.172962 s
currentSize : 42 <-- 1129.315918 s
currentSize : 43 <-- 1145.281128 s
currentSize : 44 <-- 1815.013672 s
currentSize : 45 <-- 2974.807373 s

TIMEOUT
maxsize : 45
nodes : 870844556.000000
filtered : 2541602002.000000
time : 3600.000000
