Parameters: GAD=1 vflib=1 dir=0 label=1 lowerbound=1 fileNameGp=../graphsdb/mcs10/bvg/b03m/mcs10_b03m_s70.A32 fileNameGt=../graphsdb/mcs10/bvg/b03m/mcs10_b03m_s70.B32
Reading graphs...
70 :  105
70 :  105
Initializing...
maxdom : 9
D->valSize : 292
Solving...
Blb : 2 (clique : 27)
currentSize : 27 <-- 0.002573 s
currentSize : 28 <-- 0.004462 s
currentSize : 29 <-- 0.841197 s
currentSize : 30 <-- 9.132458 s
currentSize : 31 <-- 38.865036 s
currentSize : 32 <-- 39.634945 s

TIMEOUT
maxsize : 32
nodes : 997140900.000000
filtered : 6488609113.000000
time : 3600.000000
