Parameters: GAD=1 vflib=1 dir=0 label=1 lowerbound=1 fileNameGp=../graphsdb/mcs10/m2D/m2D/mcs10_m2D_s50.A89 fileNameGt=../graphsdb/mcs10/m2D/m2D/mcs10_m2D_s50.B89
Reading graphs...
50 :  84
50 :  85
Initializing...
maxdom : 9
D->valSize : 319
Solving...
Blb : 2 (clique : 20)
currentSize : 20 <-- 0.002275 s
currentSize : 21 <-- 0.002383 s
currentSize : 22 <-- 0.002729 s
currentSize : 23 <-- 0.007301 s
currentSize : 24 <-- 3.608236 s
currentSize : 25 <-- 2335.328369 s

TIMEOUT
maxsize : 25
nodes : 968899019.000000
filtered : 9468060143.000000
time : 3600.000000
