Parameters: GAD=1 vflib=1 dir=0 label=1 lowerbound=1 fileNameGp=../graphsdb/mcs10/bvg/b03/mcs10_b03_s60.A35 fileNameGt=../graphsdb/mcs10/bvg/b03/mcs10_b03_s60.B35
Reading graphs...
60 :  90
60 :  90
Initializing...
maxdom : 7
D->valSize : 221
Solving...
Blb : 2 (clique : 21)
currentSize : 21 <-- 0.001622 s
currentSize : 22 <-- 0.003773 s
currentSize : 23 <-- 0.630889 s
currentSize : 24 <-- 3.677775 s
currentSize : 25 <-- 22.190025 s
currentSize : 26 <-- 127.200333 s
currentSize : 27 <-- 2382.714844 s

TIMEOUT
maxsize : 27
nodes : 1243028092.000000
filtered : 5274291393.000000
time : 3600.000000
