Parameters: GAD=1 vflib=1 dir=0 label=1 lowerbound=1 fileNameGp=../graphsdb/mcs10/rand/r005/mcs10_r005_s100.A69 fileNameGt=../graphsdb/mcs10/rand/r005/mcs10_r005_s100.B69
Reading graphs...
100 :  486
100 :  493
Initializing...
maxdom : 7
D->valSize : 316
Solving...
Blb : 2 (clique : 18)
currentSize : 18 <-- 0.002987 s
currentSize : 19 <-- 0.003375 s
currentSize : 20 <-- 0.036185 s
currentSize : 21 <-- 0.645146 s
currentSize : 22 <-- 3.039447 s
currentSize : 23 <-- 12.870138 s
currentSize : 24 <-- 16.819323 s
currentSize : 25 <-- 88.595947 s

TIMEOUT
maxsize : 25
nodes : 699843117.000000
filtered : 4150105908.000000
time : 3600.000000
