Parameters: GAD=1 vflib=1 dir=0 label=1 lowerbound=1 fileNameGp=../graphsdb/mcs10/rand/r02/mcs10_r02_s90.A36 fileNameGt=../graphsdb/mcs10/rand/r02/mcs10_r02_s90.B36
Reading graphs...
90 :  1438
90 :  1439
Initializing...
maxdom : 9
D->valSize : 535
Solving...
Blb : 2 (clique : 8)
currentSize : 8 <-- 0.008635 s
currentSize : 9 <-- 0.008887 s
currentSize : 10 <-- 0.036600 s
currentSize : 11 <-- 1.762275 s
currentSize : 12 <-- 6.232561 s

maxsize : 12
nodes : 2400331.000000
filtered : 31343956.000000
time : 13.459170
