Parameters: GAD=1 vflib=1 dir=0 label=1 lowerbound=1 fileNameGp=../graphsdb/mcs10/m3D/m3Dr4/mcs10_m3Dr4_s80.A83 fileNameGt=../graphsdb/mcs10/m3D/m3Dr4/mcs10_m3Dr4_s80.B83
Reading graphs...
80 :  212
80 :  211
Initializing...
maxdom : 11
D->valSize : 429
Solving...
Blb : 2 (clique : 24)
currentSize : 24 <-- 0.004341 s
currentSize : 25 <-- 0.004645 s
currentSize : 26 <-- 0.004854 s
currentSize : 27 <-- 0.798569 s
currentSize : 28 <-- 4.865602 s
currentSize : 29 <-- 32.728558 s
currentSize : 30 <-- 143.633499 s
currentSize : 31 <-- 2068.717285 s

TIMEOUT
maxsize : 31
nodes : 780014733.000000
filtered : 6718930941.000000
time : 3600.000000
