Parameters: GAD=1 vflib=1 dir=0 label=1 lowerbound=1 fileNameGp=../graphsdb/mcs10/m3D/m3Dr6/mcs10_m3Dr6_s90.A97 fileNameGt=../graphsdb/mcs10/m3D/m3Dr6/mcs10_m3Dr6_s90.B97
Reading graphs...
90 :  259
90 :  259
Initializing...
maxdom : 9
D->valSize : 508
Solving...
Blb : 5 (clique : 25)
currentSize : 25 <-- 0.005531 s
currentSize : 26 <-- 0.010551 s
currentSize : 27 <-- 0.016455 s
currentSize : 28 <-- 0.095327 s
currentSize : 29 <-- 0.764559 s
currentSize : 30 <-- 123.857674 s
currentSize : 31 <-- 710.583130 s

TIMEOUT
maxsize : 31
nodes : 698119516.000000
filtered : 6236704810.000000
time : 3600.000000
