Parameters: GAD=1 vflib=1 dir=0 label=1 lowerbound=1 fileNameGp=../graphsdb/mcs10/rand/r01/mcs10_r01_s35.A93 fileNameGt=../graphsdb/mcs10/rand/r01/mcs10_r01_s35.B93
Reading graphs...
35 :  114
35 :  119
Initializing...
maxdom : 7
D->valSize : 148
Solving...
Blb : 2 (clique : 8)
currentSize : 8 <-- 0.000765 s
currentSize : 9 <-- 0.000895 s
currentSize : 10 <-- 0.003266 s
currentSize : 11 <-- 0.003575 s
currentSize : 12 <-- 0.009774 s

maxsize : 12
nodes : 19555.000000
filtered : 208327.000000
time : 0.061962
