Parameters: GAD=1 vflib=1 dir=0 label=1 lowerbound=1 fileNameGp=../graphsdb/mcs10/rand/r02/mcs10_r02_s100.A42 fileNameGt=../graphsdb/mcs10/rand/r02/mcs10_r02_s100.B42
Reading graphs...
100 :  1784
100 :  1771
Initializing...
maxdom : 6
D->valSize : 328
Solving...
Blb : 2 (clique : 7)
currentSize : 7 <-- 0.003161 s
currentSize : 8 <-- 0.003319 s
currentSize : 9 <-- 0.003403 s
currentSize : 10 <-- 0.034869 s
currentSize : 11 <-- 1.001624 s

maxsize : 11
nodes : 465243.000000
filtered : 3857611.000000
time : 2.584605
