Parameters: GAD=1 vflib=1 dir=0 label=1 lowerbound=1 fileNameGp=../graphsdb/mcs10/bvg/b09/mcs10_b09_s100.A30 fileNameGt=../graphsdb/mcs10/bvg/b09/mcs10_b09_s100.B30
Reading graphs...
100 :  443
100 :  442
Initializing...
maxdom : 8
D->valSize : 329
Solving...
Blb : 5 (clique : 17)
currentSize : 17 <-- 0.003132 s
currentSize : 18 <-- 0.003417 s
currentSize : 19 <-- 0.042783 s
currentSize : 20 <-- 0.185357 s
currentSize : 21 <-- 0.266519 s
currentSize : 22 <-- 0.628495 s
currentSize : 23 <-- 3.990235 s
currentSize : 24 <-- 11.941719 s
currentSize : 25 <-- 35.710377 s
currentSize : 26 <-- 519.050049 s

TIMEOUT
maxsize : 26
nodes : 670575336.000000
filtered : 4629192593.000000
time : 3600.000000
