Parameters: GAD=1 vflib=1 dir=0 label=1 lowerbound=1 fileNameGp=../graphsdb/mcs10/m2D/m2Dr6/mcs10_m2Dr6_s40.A62 fileNameGt=../graphsdb/mcs10/m2D/m2Dr6/mcs10_m2Dr6_s40.B62
Reading graphs...
40 :  88
40 :  87
Initializing...
maxdom : 8
D->valSize : 185
Solving...
Blb : 2 (clique : 11)
currentSize : 11 <-- 0.001617 s
currentSize : 12 <-- 0.001697 s
currentSize : 13 <-- 0.006165 s
currentSize : 14 <-- 0.006728 s
currentSize : 15 <-- 0.148087 s
currentSize : 16 <-- 0.151759 s
currentSize : 17 <-- 0.664488 s

maxsize : 17
nodes : 315088.000000
filtered : 2639988.000000
time : 0.970469
