Parameters: GAD=1 vflib=1 dir=0 label=1 lowerbound=1 fileNameGp=../graphsdb/mcs10/rand/r005/mcs10_r005_s90.A32 fileNameGt=../graphsdb/mcs10/rand/r005/mcs10_r005_s90.B32
Reading graphs...
90 :  397
90 :  393
Initializing...
maxdom : 10
D->valSize : 484
Solving...
Blb : 2 (clique : 20)
currentSize : 20 <-- 0.005095 s
currentSize : 21 <-- 0.005325 s
currentSize : 22 <-- 0.149323 s
currentSize : 23 <-- 22.184675 s
currentSize : 24 <-- 520.316467 s
currentSize : 25 <-- 1119.575684 s

TIMEOUT
maxsize : 25
nodes : 725452965.000000
filtered : 6280370811.000000
time : 3600.000000
