Parameters: GAD=1 vflib=1 dir=0 label=1 lowerbound=1 fileNameGp=../graphsdb/mcs10/rand/r01/mcs10_r01_s90.A11 fileNameGt=../graphsdb/mcs10/rand/r01/mcs10_r01_s90.B11
Reading graphs...
90 :  753
90 :  764
Initializing...
maxdom : 10
D->valSize : 527
Solving...
Blb : 2 (clique : 13)
currentSize : 13 <-- 0.005562 s
currentSize : 15 <-- 0.005697 s
currentSize : 16 <-- 0.005742 s
currentSize : 17 <-- 0.018936 s
currentSize : 18 <-- 19.177759 s
currentSize : 19 <-- 186.547379 s

maxsize : 19
nodes : 531507912.000000
filtered : 7397287085.000000
time : 3033.365234
