Parameters: GAD=1 vflib=1 dir=0 label=1 lowerbound=1 fileNameGp=../graphsdb/mcs10/m3D/m3Dr6/mcs10_m3Dr6_s80.A44 fileNameGt=../graphsdb/mcs10/m3D/m3Dr6/mcs10_m3Dr6_s80.B44
Reading graphs...
80 :  225
80 :  223
Initializing...
maxdom : 10
D->valSize : 377
Solving...
Blb : 2 (clique : 22)
currentSize : 22 <-- 0.003471 s
currentSize : 23 <-- 10.583925 s
currentSize : 24 <-- 10.650794 s
currentSize : 25 <-- 11.226891 s
currentSize : 26 <-- 11.993723 s
currentSize : 27 <-- 14.982531 s

TIMEOUT
maxsize : 27
nodes : 841428806.000000
filtered : 5967857450.000000
time : 3600.000000
