Parameters: GAD=1 vflib=1 dir=0 label=1 lowerbound=1 fileNameGp=../graphsdb/mcs10/m3D/m3D/mcs10_m3D_s60.A68 fileNameGt=../graphsdb/mcs10/m3D/m3D/mcs10_m3D_s60.B68
Reading graphs...
60 :  132
60 :  132
Initializing...
maxdom : 7
D->valSize : 234
Solving...
Blb : 5 (clique : 17)
currentSize : 17 <-- 0.002614 s
currentSize : 18 <-- 0.105684 s
currentSize : 19 <-- 0.124532 s
currentSize : 20 <-- 0.134712 s
currentSize : 21 <-- 0.261645 s
currentSize : 22 <-- 3.209065 s
currentSize : 23 <-- 6.630079 s
currentSize : 24 <-- 12.135036 s

maxsize : 24
nodes : 31293223.000000
filtered : 239240101.000000
time : 122.189911
