Parameters: GAD=1 vflib=1 dir=0 label=1 lowerbound=1 fileNameGp=../graphsdb/mcs10/m3D/m3D/mcs10_m3D_s60.A41 fileNameGt=../graphsdb/mcs10/m3D/m3D/mcs10_m3D_s60.B41
Reading graphs...
60 :  133
60 :  132
Initializing...
maxdom : 13
D->valSize : 252
Solving...
Blb : 2 (clique : 17)
currentSize : 17 <-- 0.002946 s
currentSize : 18 <-- 0.036378 s
currentSize : 19 <-- 0.054586 s
currentSize : 20 <-- 0.082548 s
currentSize : 21 <-- 0.280691 s
currentSize : 22 <-- 124.003021 s
currentSize : 23 <-- 184.480988 s

maxsize : 23
nodes : 80201576.000000
filtered : 562295726.000000
time : 290.085449
