Parameters: GAD=1 vflib=1 dir=0 label=1 lowerbound=1 fileNameGp=../graphsdb/mcs10/m2D/m2D/mcs10_m2D_s60.A33 fileNameGt=../graphsdb/mcs10/m2D/m2D/mcs10_m2D_s60.B33
Reading graphs...
60 :  103
60 :  103
Initializing...
maxdom : 8
D->valSize : 223
Solving...
Blb : 2 (clique : 22)
currentSize : 22 <-- 0.001767 s
currentSize : 23 <-- 15.884198 s
currentSize : 24 <-- 15.985537 s
currentSize : 25 <-- 91.162430 s
currentSize : 26 <-- 352.865082 s

maxsize : 26
nodes : 258880657.000000
filtered : 1332124985.000000
time : 781.344116
