Parameters: GAD=1 vflib=1 dir=0 label=1 lowerbound=1 fileNameGp=../graphsdb/mcs10/m4D/m4Dr6/mcs10_m4Dr6_s100.A31 fileNameGt=../graphsdb/mcs10/m4D/m4Dr6/mcs10_m4Dr6_s100.B31
Reading graphs...
100 :  216
100 :  216
Initializing...
maxdom : 10
D->valSize : 351
Solving...
Blb : 2 (clique : 32)
currentSize : 32 <-- 0.005860 s
currentSize : 33 <-- 0.078079 s
currentSize : 34 <-- 0.650001 s
currentSize : 35 <-- 0.746775 s
currentSize : 36 <-- 6.499765 s
currentSize : 37 <-- 1454.579102 s
currentSize : 38 <-- 1454.579224 s
currentSize : 39 <-- 1488.213135 s
currentSize : 40 <-- 2109.130859 s

TIMEOUT
maxsize : 40
nodes : 745574528.000000
filtered : 3387265442.000000
time : 3600.000000
