Parameters: GAD=1 vflib=1 dir=0 label=1 lowerbound=1 fileNameGp=../graphsdb/mcs10/bvg/b06/mcs10_b06_s70.A54 fileNameGt=../graphsdb/mcs10/bvg/b06/mcs10_b06_s70.B54
Reading graphs...
70 :  203
70 :  207
Initializing...
maxdom : 9
D->valSize : 295
Solving...
Blb : 2 (clique : 19)
currentSize : 19 <-- 0.002352 s
currentSize : 20 <-- 0.002642 s
currentSize : 21 <-- 0.003439 s
currentSize : 22 <-- 0.008993 s
currentSize : 23 <-- 9.762273 s
currentSize : 24 <-- 77.525017 s

maxsize : 24
nodes : 204236362.000000
filtered : 2163908196.000000
time : 924.649048
