Parameters: GAD=1 vflib=1 dir=0 label=1 lowerbound=1 fileNameGp=../graphsdb/mcs10/rand/r02/mcs10_r02_s100.A26 fileNameGt=../graphsdb/mcs10/rand/r02/mcs10_r02_s100.B26
Reading graphs...
100 :  1766
100 :  1762
Initializing...
maxdom : 8
D->valSize : 317
Solving...
Blb : 2 (clique : 6)
currentSize : 6 <-- 0.004902 s
currentSize : 7 <-- 0.005044 s
currentSize : 8 <-- 0.006610 s
currentSize : 9 <-- 0.015346 s
currentSize : 10 <-- 0.092473 s
currentSize : 11 <-- 0.261279 s
currentSize : 12 <-- 1.020466 s

maxsize : 12
nodes : 279538.000000
filtered : 2691278.000000
time : 1.589875
