Parameters: GAD=1 vflib=1 dir=0 label=1 lowerbound=1 fileNameGp=../graphsdb/mcs10/bvg/b09/mcs10_b09_s100.A56 fileNameGt=../graphsdb/mcs10/bvg/b09/mcs10_b09_s100.B56
Reading graphs...
100 :  442
100 :  443
Initializing...
maxdom : 7
D->valSize : 342
Solving...
Blb : 2 (clique : 21)
currentSize : 21 <-- 0.003237 s
currentSize : 22 <-- 0.003506 s
currentSize : 23 <-- 0.006054 s
currentSize : 24 <-- 0.358634 s
currentSize : 25 <-- 1.593361 s
currentSize : 26 <-- 43.166798 s
currentSize : 27 <-- 55.619080 s

TIMEOUT
maxsize : 27
nodes : 664099785.000000
filtered : 4692520890.000000
time : 3600.000000
