Parameters: GAD=1 vflib=1 dir=0 label=1 lowerbound=1 fileNameGp=../graphsdb/mcs10/bvg/b03/mcs10_b03_s40.A78 fileNameGt=../graphsdb/mcs10/bvg/b03/mcs10_b03_s40.B78
Reading graphs...
40 :  59
40 :  60
Initializing...
maxdom : 7
D->valSize : 196
Solving...
Blb : 2 (clique : 15)
currentSize : 15 <-- 0.001178 s
currentSize : 16 <-- 0.002051 s
currentSize : 17 <-- 0.006239 s
currentSize : 18 <-- 0.277092 s
currentSize : 19 <-- 0.315958 s
currentSize : 20 <-- 1.546913 s

maxsize : 20
nodes : 1621238.000000
filtered : 8342661.000000
time : 4.228085
