Parameters: GAD=1 vflib=1 dir=0 label=1 lowerbound=1 fileNameGp=../graphsdb/mcs10/bvg/b03/mcs10_b03_s60.A37 fileNameGt=../graphsdb/mcs10/bvg/b03/mcs10_b03_s60.B37
Reading graphs...
60 :  90
60 :  90
Initializing...
maxdom : 9
D->valSize : 233
Solving...
Blb : 2 (clique : 22)
currentSize : 22 <-- 0.001733 s
currentSize : 23 <-- 0.816183 s
currentSize : 24 <-- 1.328549 s
currentSize : 25 <-- 21.225388 s
currentSize : 26 <-- 32.064739 s
currentSize : 27 <-- 125.462265 s

maxsize : 27
nodes : 60540129.000000
filtered : 383673896.000000
time : 209.000290
