Parameters: GAD=1 vflib=1 dir=0 label=1 lowerbound=1 fileNameGp=../graphsdb/mcs10/bvg/b03/mcs10_b03_s50.A56 fileNameGt=../graphsdb/mcs10/bvg/b03/mcs10_b03_s50.B56
Reading graphs...
50 :  75
50 :  74
Initializing...
maxdom : 9
D->valSize : 325
Solving...
Blb : 2 (clique : 21)
currentSize : 21 <-- 0.002280 s
currentSize : 22 <-- 0.034830 s
currentSize : 23 <-- 0.353760 s
currentSize : 24 <-- 2.353478 s
currentSize : 25 <-- 218.155090 s
currentSize : 26 <-- 680.539246 s

maxsize : 26
nodes : 655766853.000000
filtered : 6553636515.000000
time : 2413.127197
