Parameters: GAD=1 vflib=1 dir=0 label=1 lowerbound=1 fileNameGp=../graphsdb/mcs10/m2D/m2D/mcs10_m2D_s90.A90 fileNameGt=../graphsdb/mcs10/m2D/m2D/mcs10_m2D_s90.B90
Reading graphs...
90 :  159
90 :  161
Initializing...
maxdom : 11
D->valSize : 538
Solving...
Blb : 2 (clique : 32)
currentSize : 32 <-- 0.006187 s
currentSize : 33 <-- 0.006426 s
currentSize : 34 <-- 0.011753 s
currentSize : 35 <-- 65.344383 s
currentSize : 36 <-- 2403.095947 s
currentSize : 37 <-- 2587.939697 s

TIMEOUT
maxsize : 37
nodes : 938913281.000000
filtered : 4101249936.000000
time : 3600.000000
