Parameters: GAD=1 vflib=1 dir=0 label=1 lowerbound=1 fileNameGp=../graphsdb/mcs10/rand/r005/mcs10_r005_s40.A82 fileNameGt=../graphsdb/mcs10/rand/r005/mcs10_r005_s40.B82
Reading graphs...
40 :  81
40 :  81
Initializing...
maxdom : 8
D->valSize : 172
Solving...
Blb : 2 (clique : 12)
currentSize : 12 <-- 0.001275 s
currentSize : 13 <-- 0.001392 s
currentSize : 14 <-- 0.009584 s
currentSize : 15 <-- 0.067409 s
currentSize : 16 <-- 0.236274 s

maxsize : 16
nodes : 387643.000000
filtered : 2375837.000000
time : 1.080182
