Parameters: GAD=1 vflib=1 dir=0 label=1 lowerbound=1 fileNameGp=../graphsdb/mcs10/rand/r005/mcs10_r005_s60.A42 fileNameGt=../graphsdb/mcs10/rand/r005/mcs10_r005_s60.B42
Reading graphs...
60 :  175
60 :  178
Initializing...
maxdom : 9
D->valSize : 267
Solving...
Blb : 2 (clique : 16)
currentSize : 16 <-- 0.002024 s
currentSize : 17 <-- 0.002120 s
currentSize : 18 <-- 0.127091 s
currentSize : 19 <-- 16.534916 s
currentSize : 20 <-- 19.804396 s

maxsize : 20
nodes : 89095663.000000
filtered : 676697061.000000
time : 355.663483
