Parameters: GAD=1 vflib=1 dir=0 label=1 lowerbound=1 fileNameGp=../graphsdb/mcs10/bvg/b09/mcs10_b09_s100.A19 fileNameGt=../graphsdb/mcs10/bvg/b09/mcs10_b09_s100.B19
Reading graphs...
100 :  443
100 :  441
Initializing...
maxdom : 6
D->valSize : 327
Solving...
Blb : 2 (clique : 20)
currentSize : 20 <-- 0.005750 s
currentSize : 21 <-- 0.006181 s
currentSize : 22 <-- 1.610741 s
currentSize : 23 <-- 4.156373 s
currentSize : 24 <-- 11.569092 s
currentSize : 25 <-- 799.634949 s
currentSize : 26 <-- 1804.934448 s

TIMEOUT
maxsize : 26
nodes : 705302688.000000
filtered : 3752278628.000000
time : 3600.000000
