Parameters: GAD=1 vflib=1 dir=0 label=1 lowerbound=1 fileNameGp=../graphsdb/mcs10/rand/r01/mcs10_r01_s80.A48 fileNameGt=../graphsdb/mcs10/rand/r01/mcs10_r01_s80.B48
Reading graphs...
80 :  605
80 :  597
Initializing...
maxdom : 9
D->valSize : 408
Solving...
Blb : 2 (clique : 11)
currentSize : 11 <-- 0.006506 s
currentSize : 13 <-- 0.006678 s
currentSize : 14 <-- 0.021779 s
currentSize : 15 <-- 0.045479 s
currentSize : 16 <-- 1.079880 s
currentSize : 17 <-- 3.555444 s

maxsize : 17
nodes : 66430874.000000
filtered : 820717802.000000
time : 334.214203
