Parameters: GAD=1 vflib=1 dir=0 label=1 lowerbound=1 fileNameGp=../graphsdb/mcs10/bvg/b03m/mcs10_b03m_s80.A12 fileNameGt=../graphsdb/mcs10/bvg/b03m/mcs10_b03m_s80.B12
Reading graphs...
80 :  118
80 :  119
Initializing...
maxdom : 10
D->valSize : 454
Solving...
Blb : 5 (clique : 28)
currentSize : 28 <-- 0.004518 s
currentSize : 29 <-- 2.710792 s
currentSize : 30 <-- 14.066871 s
currentSize : 31 <-- 17.175232 s
currentSize : 32 <-- 29.006952 s
currentSize : 33 <-- 50.888248 s
currentSize : 34 <-- 104.971443 s

TIMEOUT
maxsize : 34
nodes : 831846303.000000
filtered : 5870535061.000000
time : 3600.000000
