Parameters: GAD=1 vflib=1 dir=0 label=1 lowerbound=1 fileNameGp=../graphsdb/mcs10/m3D/m3Dr2/mcs10_m3Dr2_s80.A60 fileNameGt=../graphsdb/mcs10/m3D/m3Dr2/mcs10_m3Dr2_s80.B60
Reading graphs...
80 :  199
80 :  198
Initializing...
maxdom : 10
D->valSize : 431
Solving...
Blb : 2 (clique : 22)
currentSize : 22 <-- 0.004106 s
currentSize : 23 <-- 0.004271 s
currentSize : 24 <-- 0.262888 s
currentSize : 25 <-- 3.474899 s
currentSize : 26 <-- 16.868296 s
currentSize : 27 <-- 91.881989 s
currentSize : 28 <-- 1231.708130 s

TIMEOUT
maxsize : 28
nodes : 902643906.000000
filtered : 6287910170.000000
time : 3600.000000
