Parameters: GAD=1 vflib=1 dir=0 label=1 lowerbound=1 fileNameGp=../graphsdb/mcs10/m3D/m3Dr4/mcs10_m3Dr4_s100.A83 fileNameGt=../graphsdb/mcs10/m3D/m3Dr4/mcs10_m3Dr4_s100.B83
Reading graphs...
100 :  272
100 :  268
Initializing...
maxdom : 8
D->valSize : 299
Solving...
Blb : 2 (clique : 23)
currentSize : 23 <-- 0.002930 s
currentSize : 24 <-- 0.004609 s
currentSize : 25 <-- 0.010900 s
currentSize : 26 <-- 0.146152 s
currentSize : 27 <-- 0.641452 s
currentSize : 28 <-- 0.646621 s
currentSize : 29 <-- 2.200626 s

TIMEOUT
maxsize : 29
nodes : 732173130.000000
filtered : 3836249313.000000
time : 3600.000000
