Parameters: GAD=1 vflib=1 dir=0 label=1 lowerbound=1 fileNameGp=../graphsdb/mcs10/rand/r005/mcs10_r005_s80.A45 fileNameGt=../graphsdb/mcs10/rand/r005/mcs10_r005_s80.B45
Reading graphs...
80 :  318
80 :  315
Initializing...
maxdom : 10
D->valSize : 380
Solving...
Blb : 5 (clique : 17)
currentSize : 17 <-- 0.003402 s
currentSize : 18 <-- 0.006457 s
currentSize : 19 <-- 0.157739 s
currentSize : 20 <-- 1.191030 s
currentSize : 21 <-- 2.275384 s
currentSize : 22 <-- 50.950764 s
currentSize : 23 <-- 135.751038 s
currentSize : 24 <-- 217.044006 s

TIMEOUT
maxsize : 24
nodes : 775347732.000000
filtered : 6914237860.000000
time : 3600.000000
