Parameters: GAD=1 vflib=1 dir=0 label=1 lowerbound=1 fileNameGp=../graphsdb/mcs10/m3D/m3Dr6/mcs10_m3Dr6_s60.A79 fileNameGt=../graphsdb/mcs10/m3D/m3Dr6/mcs10_m3Dr6_s60.B79
Reading graphs...
60 :  161
60 :  163
Initializing...
maxdom : 7
D->valSize : 227
Solving...
Blb : 3 (clique : 17)
currentSize : 17 <-- 0.001596 s
currentSize : 18 <-- 1.239829 s
currentSize : 19 <-- 4.491837 s
currentSize : 20 <-- 4.603425 s
currentSize : 21 <-- 12.195850 s
currentSize : 22 <-- 129.281021 s

maxsize : 22
nodes : 39499257.000000
filtered : 275391186.000000
time : 149.450073
