Parameters: GAD=1 vflib=1 dir=0 label=1 lowerbound=1 fileNameGp=../graphsdb/mcs10/rand/r005/mcs10_r005_s90.A42 fileNameGt=../graphsdb/mcs10/rand/r005/mcs10_r005_s90.B42
Reading graphs...
90 :  398
90 :  396
Initializing...
maxdom : 11
D->valSize : 515
Solving...
Blb : 2 (clique : 19)
currentSize : 19 <-- 0.009010 s
currentSize : 20 <-- 0.009338 s
currentSize : 21 <-- 0.021277 s
currentSize : 22 <-- 0.103678 s
currentSize : 23 <-- 3.796612 s
currentSize : 24 <-- 174.168594 s
currentSize : 25 <-- 1576.701904 s

TIMEOUT
maxsize : 25
nodes : 694995470.000000
filtered : 6403304251.000000
time : 3600.000000
