Parameters: GAD=1 vflib=1 dir=0 label=1 lowerbound=1 fileNameGp=../graphsdb/mcs10/m3D/m3Dr4/mcs10_m3Dr4_s80.A44 fileNameGt=../graphsdb/mcs10/m3D/m3Dr4/mcs10_m3Dr4_s80.B44
Reading graphs...
80 :  211
80 :  213
Initializing...
maxdom : 9
D->valSize : 393
Solving...
Blb : 2 (clique : 23)
currentSize : 23 <-- 0.005696 s
currentSize : 24 <-- 0.005860 s
currentSize : 25 <-- 0.025829 s
currentSize : 26 <-- 11.452259 s
currentSize : 27 <-- 33.601299 s
currentSize : 28 <-- 650.359253 s

TIMEOUT
maxsize : 28
nodes : 839329977.000000
filtered : 4717520276.000000
time : 3600.000000
