Parameters: GAD=1 vflib=1 dir=0 label=1 lowerbound=1 fileNameGp=../graphsdb/mcs10/rand/r005/mcs10_r005_s80.A38 fileNameGt=../graphsdb/mcs10/rand/r005/mcs10_r005_s80.B38
Reading graphs...
80 :  315
80 :  315
Initializing...
maxdom : 8
D->valSize : 422
Solving...
Blb : 2 (clique : 18)
currentSize : 18 <-- 0.004098 s
currentSize : 19 <-- 0.004240 s
currentSize : 20 <-- 0.004330 s
currentSize : 21 <-- 0.012841 s
currentSize : 22 <-- 0.016766 s
currentSize : 23 <-- 0.027984 s

TIMEOUT
maxsize : 23
nodes : 783039754.000000
filtered : 6397657122.000000
time : 3600.000000
