Parameters: GAD=1 vflib=1 dir=0 label=1 lowerbound=1 fileNameGp=../graphsdb/mcs10/m3D/m3Dr2/mcs10_m3Dr2_s60.A54 fileNameGt=../graphsdb/mcs10/m3D/m3Dr2/mcs10_m3Dr2_s60.B54
Reading graphs...
60 :  144
60 :  144
Initializing...
maxdom : 8
D->valSize : 237
Solving...
Blb : 2 (clique : 16)
currentSize : 16 <-- 0.001910 s
currentSize : 17 <-- 0.002036 s
currentSize : 18 <-- 0.011730 s
currentSize : 19 <-- 0.041302 s
currentSize : 20 <-- 0.257783 s
currentSize : 21 <-- 1.038509 s
currentSize : 22 <-- 7.213564 s

maxsize : 22
nodes : 144189280.000000
filtered : 1058516571.000000
time : 568.713196
