Parameters: GAD=1 vflib=1 dir=0 label=1 lowerbound=1 fileNameGp=../graphsdb/mcs10/rand/r005/mcs10_r005_s90.A84 fileNameGt=../graphsdb/mcs10/rand/r005/mcs10_r005_s90.B84
Reading graphs...
90 :  395
90 :  394
Initializing...
maxdom : 9
D->valSize : 525
Solving...
Blb : 2 (clique : 20)
currentSize : 20 <-- 0.005805 s
currentSize : 21 <-- 0.011804 s
currentSize : 22 <-- 1.823001 s
currentSize : 23 <-- 2.081156 s
currentSize : 24 <-- 41.219200 s
currentSize : 25 <-- 972.629578 s
currentSize : 26 <-- 1237.265625 s

TIMEOUT
maxsize : 26
nodes : 684975465.000000
filtered : 6167071473.000000
time : 3600.000000
