Parameters: GAD=1 vflib=1 dir=0 label=1 lowerbound=1 fileNameGp=../graphsdb/mcs10/m3D/m3Dr6/mcs10_m3Dr6_s70.A40 fileNameGt=../graphsdb/mcs10/m3D/m3Dr6/mcs10_m3Dr6_s70.B40
Reading graphs...
70 :  197
70 :  199
Initializing...
maxdom : 11
D->valSize : 313
Solving...
Blb : 2 (clique : 21)
currentSize : 21 <-- 0.002502 s
currentSize : 22 <-- 0.043008 s
currentSize : 23 <-- 0.072225 s
currentSize : 24 <-- 1.617312 s
currentSize : 25 <-- 36.549458 s
currentSize : 26 <-- 799.060364 s

TIMEOUT
maxsize : 26
nodes : 859803615.000000
filtered : 7364139635.000000
time : 3600.000000
