Parameters: GAD=1 vflib=1 dir=0 label=1 lowerbound=1 fileNameGp=../graphsdb/mcs10/m2D/m2Dr4/mcs10_m2Dr4_s40.A38 fileNameGt=../graphsdb/mcs10/m2D/m2Dr4/mcs10_m2Dr4_s40.B38
Reading graphs...
40 :  82
40 :  82
Initializing...
maxdom : 10
D->valSize : 201
Solving...
Blb : 2 (clique : 14)
currentSize : 14 <-- 0.001433 s
currentSize : 15 <-- 0.002981 s
currentSize : 16 <-- 0.025265 s
currentSize : 17 <-- 0.036556 s
currentSize : 18 <-- 0.065907 s

maxsize : 18
nodes : 516698.000000
filtered : 4774732.000000
time : 1.760319
