Parameters: GAD=1 vflib=1 dir=0 label=1 lowerbound=1 fileNameGp=../graphsdb/mcs10/m2D/m2Dr2/mcs10_m2Dr2_s80.A43 fileNameGt=../graphsdb/mcs10/m2D/m2Dr2/mcs10_m2Dr2_s80.B43
Reading graphs...
80 :  158
80 :  156
Initializing...
maxdom : 8
D->valSize : 454
Solving...
Blb : 2 (clique : 27)
currentSize : 27 <-- 0.004460 s
currentSize : 28 <-- 0.004656 s
currentSize : 29 <-- 0.006574 s
currentSize : 30 <-- 0.048982 s
currentSize : 31 <-- 1.032060 s
currentSize : 32 <-- 580.430420 s

TIMEOUT
maxsize : 32
nodes : 864113585.000000
filtered : 4727998782.000000
time : 3600.000000
