Parameters: GAD=1 vflib=1 dir=0 label=1 lowerbound=1 fileNameGp=../graphsdb/mcs10/m2D/m2Dr6/mcs10_m2Dr6_s60.A78 fileNameGt=../graphsdb/mcs10/m2D/m2Dr6/mcs10_m2Dr6_s60.B78
Reading graphs...
60 :  137
60 :  137
Initializing...
maxdom : 9
D->valSize : 241
Solving...
Blb : 2 (clique : 19)
currentSize : 19 <-- 0.001987 s
currentSize : 20 <-- 0.011386 s
currentSize : 21 <-- 0.087446 s
currentSize : 22 <-- 0.087479 s
currentSize : 23 <-- 28.515965 s

maxsize : 23
nodes : 101495953.000000
filtered : 718936322.000000
time : 401.043976
