Parameters: GAD=1 vflib=1 dir=0 label=1 lowerbound=1 fileNameGp=../graphsdb/mcs10/m2D/m2Dr6/mcs10_m2Dr6_s80.A98 fileNameGt=../graphsdb/mcs10/m2D/m2Dr6/mcs10_m2Dr6_s80.B98
Reading graphs...
80 :  190
80 :  185
Initializing...
maxdom : 11
D->valSize : 416
Solving...
Blb : 2 (clique : 27)
currentSize : 27 <-- 0.004069 s
currentSize : 28 <-- 0.004548 s
currentSize : 29 <-- 0.004944 s
currentSize : 30 <-- 0.011647 s
currentSize : 31 <-- 78.871986 s
currentSize : 32 <-- 219.030502 s

TIMEOUT
maxsize : 32
nodes : 808973446.000000
filtered : 5661331698.000000
time : 3600.000000
