Parameters: GAD=1 vflib=1 dir=0 label=1 lowerbound=1 fileNameGp=../graphsdb/mcs10/m3D/m3Dr2/mcs10_m3Dr2_s90.A94 fileNameGt=../graphsdb/mcs10/m3D/m3Dr2/mcs10_m3Dr2_s90.B94
Reading graphs...
90 :  225
90 :  223
Initializing...
maxdom : 9
D->valSize : 541
Solving...
Blb : 2 (clique : 26)
currentSize : 26 <-- 0.010296 s
currentSize : 27 <-- 0.010731 s
currentSize : 28 <-- 0.011768 s
currentSize : 29 <-- 0.736170 s
currentSize : 30 <-- 1.462250 s
currentSize : 31 <-- 3.232027 s
currentSize : 32 <-- 175.310608 s
currentSize : 33 <-- 176.177383 s

TIMEOUT
maxsize : 33
nodes : 719844381.000000
filtered : 6049254891.000000
time : 3600.000000
