Parameters: GAD=1 vflib=1 dir=0 label=1 lowerbound=1 fileNameGp=../graphsdb/mcs10/bvg/b09/mcs10_b09_s100.A45 fileNameGt=../graphsdb/mcs10/bvg/b09/mcs10_b09_s100.B45
Reading graphs...
100 :  441
100 :  438
Initializing...
maxdom : 8
D->valSize : 292
Solving...
Blb : 5 (clique : 20)
currentSize : 20 <-- 0.004472 s
currentSize : 21 <-- 0.094293 s
currentSize : 22 <-- 0.289803 s
currentSize : 23 <-- 7.267870 s
currentSize : 24 <-- 18.906040 s
currentSize : 25 <-- 591.076111 s
currentSize : 26 <-- 2534.007568 s

TIMEOUT
maxsize : 26
nodes : 699668917.000000
filtered : 4645772946.000000
time : 3600.000000
