Parameters: GAD=1 vflib=1 dir=0 label=1 lowerbound=1 fileNameGp=../graphsdb/mcs10/m2D/m2D/mcs10_m2D_s60.A18 fileNameGt=../graphsdb/mcs10/m2D/m2D/mcs10_m2D_s60.B18
Reading graphs...
60 :  104
60 :  103
Initializing...
maxdom : 8
D->valSize : 192
Solving...
Blb : 2 (clique : 18)
currentSize : 18 <-- 0.002196 s
currentSize : 19 <-- 0.003453 s
currentSize : 20 <-- 0.027684 s
currentSize : 21 <-- 0.071900 s
currentSize : 22 <-- 0.131792 s
currentSize : 23 <-- 0.319464 s
currentSize : 24 <-- 8.844103 s

maxsize : 24
nodes : 224106998.000000
filtered : 1209994619.000000
time : 741.728149
