Parameters: GAD=1 vflib=1 dir=0 label=1 lowerbound=1 fileNameGp=../graphsdb/mcs10/bvg/b03/mcs10_b03_s60.A07 fileNameGt=../graphsdb/mcs10/bvg/b03/mcs10_b03_s60.B07
Reading graphs...
60 :  90
60 :  90
Initializing...
maxdom : 8
D->valSize : 249
Solving...
Blb : 2 (clique : 22)
currentSize : 22 <-- 0.002079 s
currentSize : 23 <-- 0.280301 s
currentSize : 24 <-- 0.753219 s
currentSize : 25 <-- 1.207869 s
currentSize : 26 <-- 2.307179 s
currentSize : 27 <-- 57.772526 s

maxsize : 27
nodes : 184438705.000000
filtered : 1451428376.000000
time : 708.786987
