Parameters: GAD=1 vflib=1 dir=0 label=1 lowerbound=1 fileNameGp=../graphsdb/mcs10/m3D/m3D/mcs10_m3D_s60.A95 fileNameGt=../graphsdb/mcs10/m3D/m3D/mcs10_m3D_s60.B95
Reading graphs...
60 :  131
60 :  134
Initializing...
maxdom : 6
D->valSize : 264
Solving...
Blb : 2 (clique : 18)
currentSize : 18 <-- 0.001972 s
currentSize : 19 <-- 0.893888 s
currentSize : 20 <-- 2.627391 s
currentSize : 21 <-- 13.299061 s
currentSize : 22 <-- 179.417664 s
currentSize : 23 <-- 214.350830 s

maxsize : 23
nodes : 302716869.000000
filtered : 2257982145.000000
time : 1211.185913
