Parameters: GAD=1 vflib=1 dir=0 label=1 lowerbound=1 fileNameGp=../graphsdb/mcs10/m3D/m3D/mcs10_m3D_s100.A54 fileNameGt=../graphsdb/mcs10/m3D/m3D/mcs10_m3D_s100.B54
Reading graphs...
100 :  234
100 :  230
Initializing...
maxdom : 6
D->valSize : 315
Solving...
Blb : 2 (clique : 27)
currentSize : 27 <-- 0.003215 s
currentSize : 28 <-- 0.003726 s
currentSize : 29 <-- 0.005342 s
currentSize : 30 <-- 0.005572 s
currentSize : 31 <-- 94.017235 s
currentSize : 32 <-- 1677.617432 s

TIMEOUT
maxsize : 32
nodes : 754358799.000000
filtered : 3058937203.000000
time : 3600.000000
