Parameters: GAD=1 vflib=1 dir=0 label=1 lowerbound=1 fileNameGp=../graphsdb/mcs10/m3D/m3Dr4/mcs10_m3Dr4_s60.A00 fileNameGt=../graphsdb/mcs10/m3D/m3Dr4/mcs10_m3Dr4_s60.B00
Reading graphs...
60 :  155
60 :  157
Initializing...
maxdom : 9
D->valSize : 216
Solving...
Blb : 2 (clique : 16)
currentSize : 16 <-- 0.001542 s
currentSize : 17 <-- 0.001937 s
currentSize : 18 <-- 0.004612 s
currentSize : 19 <-- 0.004646 s
currentSize : 20 <-- 0.660129 s

maxsize : 20
nodes : 73111457.000000
filtered : 474884782.000000
time : 277.670624
