Parameters: GAD=1 vflib=1 dir=0 label=1 lowerbound=1 fileNameGp=../graphsdb/mcs10/rand/r005/mcs10_r005_s60.A18 fileNameGt=../graphsdb/mcs10/rand/r005/mcs10_r005_s60.B18
Reading graphs...
60 :  173
60 :  176
Initializing...
maxdom : 8
D->valSize : 233
Solving...
Blb : 2 (clique : 16)
currentSize : 16 <-- 0.002475 s
currentSize : 17 <-- 0.002668 s
currentSize : 18 <-- 0.104625 s
currentSize : 19 <-- 1.149028 s
currentSize : 20 <-- 11.342941 s

maxsize : 20
nodes : 34742587.000000
filtered : 264165382.000000
time : 134.433502
