Parameters: GAD=1 vflib=1 dir=0 label=1 lowerbound=1 fileNameGp=../graphsdb/mcs10/m3D/m3D/mcs10_m3D_s100.A79 fileNameGt=../graphsdb/mcs10/m3D/m3D/mcs10_m3D_s100.B79
Reading graphs...
100 :  234
100 :  233
Initializing...
maxdom : 8
D->valSize : 297
Solving...
Blb : 2 (clique : 26)
currentSize : 26 <-- 0.002833 s
currentSize : 27 <-- 0.057079 s
currentSize : 28 <-- 0.159215 s
currentSize : 29 <-- 2.964126 s
currentSize : 30 <-- 3.091333 s
currentSize : 31 <-- 22.911028 s
currentSize : 32 <-- 2341.955322 s

TIMEOUT
maxsize : 32
nodes : 786089990.000000
filtered : 3244921731.000000
time : 3600.000000
