Parameters: GAD=1 vflib=1 dir=0 label=1 lowerbound=1 fileNameGp=../graphsdb/mcs10/m2D/m2D/mcs10_m2D_s100.A26 fileNameGt=../graphsdb/mcs10/m2D/m2D/mcs10_m2D_s100.B26
Reading graphs...
100 :  179
100 :  179
Initializing...
maxdom : 9
D->valSize : 332
Solving...
Blb : 2 (clique : 30)
currentSize : 30 <-- 0.005493 s
currentSize : 31 <-- 0.006099 s
currentSize : 32 <-- 0.006662 s
currentSize : 33 <-- 0.033102 s
currentSize : 34 <-- 4.490516 s
currentSize : 35 <-- 16.414677 s
currentSize : 36 <-- 29.386175 s

TIMEOUT
maxsize : 36
nodes : 791697038.000000
filtered : 3675885066.000000
time : 3600.000000
