Parameters: GAD=1 vflib=1 dir=0 label=1 lowerbound=1 fileNameGp=../graphsdb/mcs10/rand/r01/mcs10_r01_s50.A20 fileNameGt=../graphsdb/mcs10/rand/r01/mcs10_r01_s50.B20
Reading graphs...
50 :  240
50 :  242
Initializing...
maxdom : 15
D->valSize : 352
Solving...
Blb : 2 (clique : 10)
currentSize : 10 <-- 0.003928 s
currentSize : 11 <-- 0.004223 s
currentSize : 12 <-- 0.004647 s
currentSize : 13 <-- 0.028308 s
currentSize : 14 <-- 1.753912 s
currentSize : 15 <-- 5.557788 s

maxsize : 15
nodes : 2968683.000000
filtered : 51958996.000000
time : 12.807103
