Parameters: GAD=1 vflib=1 dir=0 label=1 lowerbound=1 fileNameGp=../graphsdb/mcs10/bvg/b03m/mcs10_b03m_s60.A11 fileNameGt=../graphsdb/mcs10/bvg/b03m/mcs10_b03m_s60.B11
Reading graphs...
60 :  90
60 :  90
Initializing...
maxdom : 9
D->valSize : 234
Solving...
Blb : 2 (clique : 20)
currentSize : 20 <-- 0.001594 s
currentSize : 21 <-- 0.046890 s
currentSize : 22 <-- 0.051244 s
currentSize : 23 <-- 4.894038 s
currentSize : 24 <-- 735.671509 s

maxsize : 24
nodes : 258508698.000000
filtered : 1728486742.000000
time : 841.837952
