Parameters: GAD=1 vflib=1 dir=0 label=1 lowerbound=1 fileNameGp=../graphsdb/mcs10/rand/r005/mcs10_r005_s70.A12 fileNameGt=../graphsdb/mcs10/rand/r005/mcs10_r005_s70.B12
Reading graphs...
70 :  238
70 :  239
Initializing...
maxdom : 9
D->valSize : 323
Solving...
Blb : 2 (clique : 17)
currentSize : 17 <-- 0.002626 s
currentSize : 18 <-- 0.003612 s
currentSize : 19 <-- 0.024793 s
currentSize : 20 <-- 0.406789 s
currentSize : 21 <-- 7.041205 s
currentSize : 22 <-- 151.842270 s
currentSize : 23 <-- 750.833740 s

TIMEOUT
maxsize : 23
nodes : 814964921.000000
filtered : 7626292090.000000
time : 3600.000000
