Parameters: GAD=1 vflib=1 dir=0 label=1 lowerbound=1 fileNameGp=../graphsdb/mcs10/bvg/b03m/mcs10_b03m_s90.A75 fileNameGt=../graphsdb/mcs10/bvg/b03m/mcs10_b03m_s90.B75
Reading graphs...
90 :  134
90 :  135
Initializing...
maxdom : 9
D->valSize : 510
Solving...
Blb : 2 (clique : 35)
currentSize : 35 <-- 0.005985 s
currentSize : 36 <-- 0.010867 s
currentSize : 37 <-- 0.019701 s
currentSize : 38 <-- 0.021796 s
currentSize : 39 <-- 0.120768 s
currentSize : 40 <-- 1.284680 s

TIMEOUT
maxsize : 40
nodes : 937038798.000000
filtered : 4915034235.000000
time : 3600.000000
