Parameters: GAD=1 vflib=1 dir=0 label=1 lowerbound=1 fileNameGp=../graphsdb/mcs10/bvg/b06/mcs10_b06_s100.A95 fileNameGt=../graphsdb/mcs10/bvg/b06/mcs10_b06_s100.B95
Reading graphs...
100 :  295
100 :  296
Initializing...
maxdom : 7
D->valSize : 322
Solving...
Blb : 2 (clique : 24)
currentSize : 24 <-- 0.003071 s
currentSize : 25 <-- 0.003272 s
currentSize : 26 <-- 0.003697 s
currentSize : 27 <-- 0.003990 s
currentSize : 28 <-- 7.142094 s
currentSize : 29 <-- 39.434261 s
currentSize : 30 <-- 99.962212 s
currentSize : 31 <-- 100.369606 s
currentSize : 32 <-- 119.669594 s
currentSize : 33 <-- 770.945251 s

TIMEOUT
maxsize : 33
nodes : 753672870.000000
filtered : 3216596210.000000
time : 3600.000000
