Parameters: GAD=1 vflib=1 dir=0 label=1 lowerbound=1 fileNameGp=../graphsdb/mcs10/m3D/m3Dr2/mcs10_m3Dr2_s80.A73 fileNameGt=../graphsdb/mcs10/m3D/m3Dr2/mcs10_m3Dr2_s80.B73
Reading graphs...
80 :  199
80 :  198
Initializing...
maxdom : 9
D->valSize : 410
Solving...
Blb : 2 (clique : 21)
currentSize : 21 <-- 0.003804 s
currentSize : 22 <-- 0.004192 s
currentSize : 23 <-- 0.004916 s
currentSize : 24 <-- 0.007521 s
currentSize : 25 <-- 0.090458 s
currentSize : 26 <-- 14.989641 s
currentSize : 27 <-- 207.597015 s
currentSize : 28 <-- 229.896988 s
currentSize : 29 <-- 2454.659668 s

TIMEOUT
maxsize : 29
nodes : 872194212.000000
filtered : 5696369730.000000
time : 3600.000000
