Parameters: GAD=1 vflib=1 dir=0 label=1 lowerbound=1 fileNameGp=../graphsdb/mcs10/bvg/b03m/mcs10_b03m_s50.A42 fileNameGt=../graphsdb/mcs10/bvg/b03m/mcs10_b03m_s50.B42
Reading graphs...
50 :  74
50 :  74
Initializing...
maxdom : 11
D->valSize : 304
Solving...
Blb : 5 (clique : 18)
currentSize : 18 <-- 0.002248 s
currentSize : 19 <-- 0.049020 s
currentSize : 20 <-- 9.519519 s
currentSize : 21 <-- 19.105032 s
currentSize : 22 <-- 21.675184 s
currentSize : 23 <-- 34.564484 s

TIMEOUT
maxsize : 23
nodes : 1094615802.000000
filtered : 8740595144.000000
time : 3600.000000
