Parameters: GAD=1 vflib=1 dir=0 label=1 lowerbound=1 fileNameGp=../graphsdb/mcs10/m3D/m3Dr6/mcs10_m3Dr6_s70.A44 fileNameGt=../graphsdb/mcs10/m3D/m3Dr6/mcs10_m3Dr6_s70.B44
Reading graphs...
70 :  197
70 :  198
Initializing...
maxdom : 9
D->valSize : 310
Solving...
Blb : 2 (clique : 17)
currentSize : 17 <-- 0.002480 s
currentSize : 18 <-- 0.002940 s
currentSize : 19 <-- 0.004443 s
currentSize : 20 <-- 0.008075 s
currentSize : 21 <-- 0.058468 s
currentSize : 22 <-- 4.986943 s
currentSize : 23 <-- 26.702265 s
currentSize : 24 <-- 405.959930 s

maxsize : 24
nodes : 484499376.000000
filtered : 4803140476.000000
time : 2253.724609
