Parameters: GAD=1 vflib=1 dir=0 label=1 lowerbound=1 fileNameGp=../graphsdb/mcs10/bvg/b03m/mcs10_b03m_s100.A00 fileNameGt=../graphsdb/mcs10/bvg/b03m/mcs10_b03m_s100.B00
Reading graphs...
100 :  150
100 :  149
Initializing...
maxdom : 8
D->valSize : 332
Solving...
Blb : 2 (clique : 33)
currentSize : 33 <-- 0.005535 s
currentSize : 34 <-- 0.005961 s
currentSize : 35 <-- 0.270306 s
currentSize : 36 <-- 0.823022 s
currentSize : 37 <-- 1.641383 s
currentSize : 38 <-- 10.088150 s

TIMEOUT
maxsize : 38
nodes : 809388265.000000
filtered : 3933145770.000000
time : 3600.000000
