Parameters: GAD=1 vflib=1 dir=0 label=1 lowerbound=1 fileNameGp=../graphsdb/mcs10/m3D/m3Dr4/mcs10_m3Dr4_s80.A52 fileNameGt=../graphsdb/mcs10/m3D/m3Dr4/mcs10_m3Dr4_s80.B52
Reading graphs...
80 :  212
80 :  214
Initializing...
maxdom : 10
D->valSize : 398
Solving...
Blb : 2 (clique : 21)
currentSize : 21 <-- 0.005985 s
currentSize : 22 <-- 0.010423 s
currentSize : 23 <-- 0.168347 s
currentSize : 24 <-- 4.438169 s
currentSize : 25 <-- 34.571735 s
currentSize : 26 <-- 419.364899 s
currentSize : 27 <-- 432.189270 s
currentSize : 28 <-- 1562.977661 s

TIMEOUT
maxsize : 28
nodes : 752599236.000000
filtered : 6075517179.000000
time : 3600.000000
