Parameters: GAD=1 vflib=1 dir=0 label=1 lowerbound=1 fileNameGp=../graphsdb/mcs10/rand/r005/mcs10_r005_s90.A37 fileNameGt=../graphsdb/mcs10/rand/r005/mcs10_r005_s90.B37
Reading graphs...
90 :  397
90 :  397
Initializing...
maxdom : 10
D->valSize : 521
Solving...
Blb : 2 (clique : 19)
currentSize : 19 <-- 0.005579 s
currentSize : 20 <-- 0.012144 s
currentSize : 21 <-- 0.012212 s
currentSize : 22 <-- 0.033576 s
currentSize : 23 <-- 0.547899 s
currentSize : 24 <-- 1081.019165 s

TIMEOUT
maxsize : 24
nodes : 750320972.000000
filtered : 5777472293.000000
time : 3600.000000
