Parameters: GAD=1 vflib=1 dir=0 label=1 lowerbound=1 fileNameGp=../graphsdb/mcs10/m2D/m2D/mcs10_m2D_s70.A07 fileNameGt=../graphsdb/mcs10/m2D/m2D/mcs10_m2D_s70.B07
Reading graphs...
70 :  123
70 :  123
Initializing...
maxdom : 10
D->valSize : 360
Solving...
Blb : 2 (clique : 25)
currentSize : 25 <-- 0.005190 s
currentSize : 26 <-- 3.923625 s
currentSize : 27 <-- 4.217934 s
currentSize : 28 <-- 32.466064 s
currentSize : 29 <-- 153.314087 s
currentSize : 30 <-- 1409.830688 s

TIMEOUT
maxsize : 30
nodes : 1001078404.000000
filtered : 6271910023.000000
time : 3600.000000
