Parameters: GAD=1 vflib=1 dir=0 label=1 lowerbound=1 fileNameGp=../graphsdb/mcs10/m3D/m3D/mcs10_m3D_s60.A30 fileNameGt=../graphsdb/mcs10/m3D/m3D/mcs10_m3D_s60.B30
Reading graphs...
60 :  132
60 :  133
Initializing...
maxdom : 11
D->valSize : 253
Solving...
Blb : 5 (clique : 17)
currentSize : 17 <-- 0.002959 s
currentSize : 18 <-- 0.047285 s
currentSize : 19 <-- 0.049636 s
currentSize : 20 <-- 0.087267 s
currentSize : 21 <-- 16.888205 s
currentSize : 22 <-- 398.934967 s

maxsize : 22
nodes : 174277267.000000
filtered : 1488807054.000000
time : 685.526489
