Parameters: GAD=1 vflib=1 dir=0 label=1 lowerbound=1 fileNameGp=../graphsdb/mcs10/m3D/m3D/mcs10_m3D_s60.A35 fileNameGt=../graphsdb/mcs10/m3D/m3D/mcs10_m3D_s60.B35
Reading graphs...
60 :  133
60 :  130
Initializing...
maxdom : 7
D->valSize : 212
Solving...
Blb : 2 (clique : 19)
currentSize : 19 <-- 0.002558 s
currentSize : 20 <-- 0.003544 s
currentSize : 21 <-- 0.094406 s
currentSize : 22 <-- 2.260350 s
currentSize : 23 <-- 4.857142 s

maxsize : 23
nodes : 55395517.000000
filtered : 327803770.000000
time : 208.921036
