Parameters: GAD=1 vflib=1 dir=0 label=1 lowerbound=1 fileNameGp=../graphsdb/mcs10/bvg/b06m/mcs10_b06m_s100.A30 fileNameGt=../graphsdb/mcs10/bvg/b06m/mcs10_b06m_s100.B30
Reading graphs...
100 :  294
100 :  291
Initializing...
maxdom : 7
D->valSize : 311
Solving...
Blb : 2 (clique : 23)
currentSize : 23 <-- 0.002872 s
currentSize : 24 <-- 0.115627 s
currentSize : 25 <-- 0.201623 s
currentSize : 26 <-- 0.447663 s
currentSize : 27 <-- 4.804827 s
currentSize : 28 <-- 51.187004 s
currentSize : 29 <-- 111.773552 s
currentSize : 30 <-- 994.927673 s
currentSize : 31 <-- 2190.686279 s

TIMEOUT
maxsize : 31
nodes : 705482225.000000
filtered : 4332923784.000000
time : 3600.000000
