Parameters: GAD=1 vflib=1 dir=0 label=1 lowerbound=1 fileNameGp=../graphsdb/mcs10/rand/r005/mcs10_r005_s60.A43 fileNameGt=../graphsdb/mcs10/rand/r005/mcs10_r005_s60.B43
Reading graphs...
60 :  177
60 :  177
Initializing...
maxdom : 8
D->valSize : 200
Solving...
Blb : 2 (clique : 14)
currentSize : 14 <-- 0.001446 s
currentSize : 15 <-- 0.001747 s
currentSize : 16 <-- 0.006767 s
currentSize : 17 <-- 0.164078 s
currentSize : 18 <-- 31.178520 s

maxsize : 18
nodes : 17170273.000000
filtered : 109188506.000000
time : 62.192944
