Parameters: GAD=1 vflib=1 dir=0 label=1 lowerbound=1 fileNameGp=../graphsdb/mcs10/bvg/b06m/mcs10_b06m_s100.A94 fileNameGt=../graphsdb/mcs10/bvg/b06m/mcs10_b06m_s100.B94
Reading graphs...
100 :  295
100 :  295
Initializing...
maxdom : 9
D->valSize : 313
Solving...
Blb : 2 (clique : 24)
currentSize : 24 <-- 0.003048 s
currentSize : 25 <-- 0.003344 s
currentSize : 26 <-- 0.003463 s
currentSize : 27 <-- 0.030845 s
currentSize : 28 <-- 0.280485 s
currentSize : 29 <-- 0.840420 s
currentSize : 30 <-- 2.337300 s

TIMEOUT
maxsize : 30
nodes : 761431086.000000
filtered : 3672845211.000000
time : 3600.000000
