Parameters: GAD=1 vflib=1 dir=0 label=1 lowerbound=1 fileNameGp=../graphsdb/mcs10/m3D/m3Dr4/mcs10_m3Dr4_s60.A29 fileNameGt=../graphsdb/mcs10/m3D/m3Dr4/mcs10_m3Dr4_s60.B29
Reading graphs...
60 :  156
60 :  153
Initializing...
maxdom : 8
D->valSize : 254
Solving...
Blb : 2 (clique : 17)
currentSize : 17 <-- 0.002927 s
currentSize : 18 <-- 0.006629 s
currentSize : 19 <-- 0.038290 s
currentSize : 20 <-- 0.244299 s
currentSize : 21 <-- 0.348150 s
currentSize : 22 <-- 2.732884 s
currentSize : 23 <-- 9.358613 s

maxsize : 23
nodes : 39297734.000000
filtered : 309876957.000000
time : 158.569763
