Parameters: GAD=1 vflib=1 dir=0 label=1 lowerbound=1 fileNameGp=../graphsdb/mcs10/m3D/m3D/mcs10_m3D_s70.A36 fileNameGt=../graphsdb/mcs10/m3D/m3D/mcs10_m3D_s70.B36
Reading graphs...
70 :  157
70 :  159
Initializing...
maxdom : 8
D->valSize : 312
Solving...
Blb : 2 (clique : 20)
currentSize : 20 <-- 0.002536 s
currentSize : 21 <-- 0.002687 s
currentSize : 22 <-- 0.002829 s
currentSize : 23 <-- 0.071381 s
currentSize : 24 <-- 1.512970 s
currentSize : 25 <-- 4.636167 s
currentSize : 26 <-- 395.306824 s

TIMEOUT
maxsize : 26
nodes : 837654594.000000
filtered : 6466247202.000000
time : 3600.000000
