Parameters: GAD=1 vflib=1 dir=0 label=1 lowerbound=1 fileNameGp=../graphsdb/mcs10/m3D/m3Dr6/mcs10_m3Dr6_s70.A66 fileNameGt=../graphsdb/mcs10/m3D/m3Dr6/mcs10_m3Dr6_s70.B66
Reading graphs...
70 :  201
70 :  194
Initializing...
maxdom : 7
D->valSize : 318
Solving...
Blb : 2 (clique : 19)
currentSize : 19 <-- 0.002823 s
currentSize : 20 <-- 0.003735 s
currentSize : 21 <-- 2.922950 s
currentSize : 22 <-- 28.212000 s
currentSize : 23 <-- 87.843948 s
currentSize : 24 <-- 2309.015625 s

TIMEOUT
maxsize : 24
nodes : 822287046.000000
filtered : 6396332270.000000
time : 3600.000000
