Parameters: GAD=1 vflib=1 dir=0 label=1 lowerbound=1 fileNameGp=../graphsdb/mcs10/bvg/b03m/mcs10_b03m_s80.A47 fileNameGt=../graphsdb/mcs10/bvg/b03m/mcs10_b03m_s80.B47
Reading graphs...
80 :  118
80 :  119
Initializing...
maxdom : 8
D->valSize : 417
Solving...
Blb : 2 (clique : 31)
currentSize : 31 <-- 0.004073 s
currentSize : 32 <-- 1.028703 s
currentSize : 33 <-- 1.028945 s
currentSize : 34 <-- 1.047771 s
currentSize : 35 <-- 39.708248 s
currentSize : 36 <-- 1276.660767 s
currentSize : 37 <-- 1285.282471 s

TIMEOUT
maxsize : 37
nodes : 935995929.000000
filtered : 4522627727.000000
time : 3600.000000
