Parameters: GAD=1 vflib=1 dir=0 label=1 lowerbound=1 fileNameGp=../graphsdb/mcs10/m2D/m2Dr6/mcs10_m2Dr6_s70.A92 fileNameGt=../graphsdb/mcs10/m2D/m2Dr6/mcs10_m2Dr6_s70.B92
Reading graphs...
70 :  164
70 :  162
Initializing...
maxdom : 7
D->valSize : 310
Solving...
Blb : 2 (clique : 22)
currentSize : 22 <-- 0.002490 s
currentSize : 23 <-- 0.004681 s
currentSize : 24 <-- 0.005264 s
currentSize : 25 <-- 0.040727 s
currentSize : 26 <-- 3.432343 s
currentSize : 27 <-- 12.260717 s

TIMEOUT
maxsize : 27
nodes : 852208948.000000
filtered : 6026361959.000000
time : 3600.000000
