Parameters: GAD=1 vflib=1 dir=0 label=1 lowerbound=1 fileNameGp=../graphsdb/mcs10/m2D/m2Dr4/mcs10_m2Dr4_s50.A74 fileNameGt=../graphsdb/mcs10/m2D/m2Dr4/mcs10_m2Dr4_s50.B74
Reading graphs...
50 :  102
50 :  103
Initializing...
maxdom : 10
D->valSize : 320
Solving...
Blb : 2 (clique : 18)
currentSize : 18 <-- 0.003725 s
currentSize : 19 <-- 0.003881 s
currentSize : 20 <-- 0.004456 s
currentSize : 21 <-- 0.005904 s
currentSize : 22 <-- 0.008646 s

maxsize : 22
nodes : 99883323.000000
filtered : 1038670105.000000
time : 352.023132
