Parameters: GAD=1 vflib=1 dir=0 label=1 lowerbound=1 fileNameGp=../graphsdb/mcs10/m2D/m2Dr6/mcs10_m2Dr6_s50.A32 fileNameGt=../graphsdb/mcs10/m2D/m2Dr6/mcs10_m2Dr6_s50.B32
Reading graphs...
50 :  111
50 :  113
Initializing...
maxdom : 9
D->valSize : 307
Solving...
Blb : 2 (clique : 16)
currentSize : 16 <-- 0.002317 s
currentSize : 17 <-- 0.003221 s
currentSize : 18 <-- 0.142007 s
currentSize : 19 <-- 0.343492 s
currentSize : 20 <-- 1.277414 s
currentSize : 21 <-- 1.985244 s
currentSize : 22 <-- 151.581863 s

maxsize : 22
nodes : 283467508.000000
filtered : 2672145712.000000
time : 1028.610840
