Parameters: GAD=1 vflib=1 dir=0 label=1 lowerbound=1 fileNameGp=../graphsdb/mcs10/m3D/m3Dr2/mcs10_m3Dr2_s80.A36 fileNameGt=../graphsdb/mcs10/m3D/m3Dr2/mcs10_m3Dr2_s80.B36
Reading graphs...
80 :  199
80 :  196
Initializing...
maxdom : 10
D->valSize : 394
Solving...
Blb : 5 (clique : 23)
currentSize : 23 <-- 0.003645 s
currentSize : 24 <-- 0.003926 s
currentSize : 25 <-- 0.007235 s
currentSize : 26 <-- 0.266226 s
currentSize : 27 <-- 0.315975 s
currentSize : 28 <-- 1.391886 s
currentSize : 29 <-- 456.666931 s

TIMEOUT
maxsize : 29
nodes : 846993750.000000
filtered : 5652415424.000000
time : 3600.000000
