Parameters: GAD=1 vflib=1 dir=0 label=1 lowerbound=1 fileNameGp=../graphsdb/mcs10/m3D/m3Dr2/mcs10_m3Dr2_s90.A10 fileNameGt=../graphsdb/mcs10/m3D/m3Dr2/mcs10_m3Dr2_s90.B10
Reading graphs...
90 :  225
90 :  222
Initializing...
maxdom : 9
D->valSize : 526
Solving...
Blb : 2 (clique : 24)
currentSize : 24 <-- 0.005865 s
currentSize : 25 <-- 0.006069 s
currentSize : 26 <-- 0.006248 s
currentSize : 27 <-- 0.006539 s
currentSize : 28 <-- 0.006902 s
currentSize : 29 <-- 0.131261 s
currentSize : 30 <-- 0.290562 s
currentSize : 31 <-- 143.154816 s

TIMEOUT
maxsize : 31
nodes : 950431354.000000
filtered : 3398404375.000000
time : 3600.000000
