Parameters: GAD=1 vflib=1 dir=0 label=1 lowerbound=1 fileNameGp=../graphsdb/mcs10/m3D/m3D/mcs10_m3D_s80.A18 fileNameGt=../graphsdb/mcs10/m3D/m3D/mcs10_m3D_s80.B18
Reading graphs...
80 :  183
80 :  182
Initializing...
maxdom : 11
D->valSize : 385
Solving...
Blb : 2 (clique : 24)
currentSize : 24 <-- 0.003502 s
currentSize : 25 <-- 0.004169 s
currentSize : 26 <-- 0.286216 s
currentSize : 27 <-- 3.670875 s
currentSize : 28 <-- 25.854626 s
currentSize : 29 <-- 37.754833 s
currentSize : 30 <-- 154.619949 s
currentSize : 31 <-- 462.308441 s

TIMEOUT
maxsize : 31
nodes : 867193577.000000
filtered : 6184901989.000000
time : 3600.000000
