Parameters: GAD=1 vflib=1 dir=0 label=1 lowerbound=1 fileNameGp=../graphsdb/mcs10/rand/r005/mcs10_r005_s60.A54 fileNameGt=../graphsdb/mcs10/rand/r005/mcs10_r005_s60.B54
Reading graphs...
60 :  175
60 :  173
Initializing...
maxdom : 8
D->valSize : 265
Solving...
Blb : 2 (clique : 17)
currentSize : 17 <-- 0.002081 s
currentSize : 18 <-- 0.002222 s
currentSize : 19 <-- 0.002437 s
currentSize : 20 <-- 0.004549 s
currentSize : 21 <-- 0.339268 s

maxsize : 21
nodes : 49882413.000000
filtered : 420810812.000000
time : 202.449387
