Parameters: GAD=1 vflib=1 dir=0 label=1 lowerbound=1 fileNameGp=../graphsdb/mcs10/rand/r005/mcs10_r005_s70.A27 fileNameGt=../graphsdb/mcs10/rand/r005/mcs10_r005_s70.B27
Reading graphs...
70 :  238
70 :  241
Initializing...
maxdom : 9
D->valSize : 319
Solving...
Blb : 5 (clique : 17)
currentSize : 17 <-- 0.002738 s
currentSize : 18 <-- 0.013657 s
currentSize : 19 <-- 0.145352 s
currentSize : 20 <-- 0.218411 s
currentSize : 21 <-- 0.907012 s
currentSize : 22 <-- 8.348140 s
currentSize : 23 <-- 798.422058 s
currentSize : 24 <-- 1731.855347 s

maxsize : 24
nodes : 548163304.000000
filtered : 5043887440.000000
time : 2408.886230
