Parameters: GAD=1 vflib=1 dir=0 label=1 lowerbound=1 fileNameGp=../graphsdb/mcs10/m3D/m3Dr2/mcs10_m3Dr2_s70.A95 fileNameGt=../graphsdb/mcs10/m3D/m3Dr2/mcs10_m3Dr2_s70.B95
Reading graphs...
70 :  171
70 :  171
Initializing...
maxdom : 7
D->valSize : 304
Solving...
Blb : 2 (clique : 18)
currentSize : 18 <-- 0.002513 s
currentSize : 19 <-- 0.002639 s
currentSize : 20 <-- 0.022344 s
currentSize : 21 <-- 0.027327 s
currentSize : 22 <-- 0.030201 s
currentSize : 23 <-- 0.991759 s
currentSize : 24 <-- 23.521704 s
currentSize : 25 <-- 135.289383 s
currentSize : 26 <-- 169.421677 s

TIMEOUT
maxsize : 26
nodes : 849263481.000000
filtered : 6653487244.000000
time : 3600.000000
