Parameters: GAD=1 vflib=1 dir=0 label=1 lowerbound=1 fileNameGp=../graphsdb/mcs10/rand/r005/mcs10_r005_s50.A44 fileNameGt=../graphsdb/mcs10/rand/r005/mcs10_r005_s50.B44
Reading graphs...
50 :  125
50 :  124
Initializing...
maxdom : 10
D->valSize : 323
Solving...
Blb : 2 (clique : 16)
currentSize : 16 <-- 0.003885 s
currentSize : 17 <-- 0.004031 s
currentSize : 18 <-- 0.012432 s
currentSize : 19 <-- 0.013294 s
currentSize : 20 <-- 47.822056 s
currentSize : 21 <-- 47.845482 s

maxsize : 21
nodes : 177051929.000000
filtered : 2054787365.000000
time : 693.166260
