Parameters: GAD=1 vflib=1 dir=0 label=1 lowerbound=1 fileNameGp=../graphsdb/mcs10/m2D/m2Dr4/mcs10_m2Dr4_s50.A57 fileNameGt=../graphsdb/mcs10/m2D/m2Dr4/mcs10_m2Dr4_s50.B57
Reading graphs...
50 :  103
50 :  102
Initializing...
maxdom : 10
D->valSize : 346
Solving...
Blb : 2 (clique : 16)
currentSize : 16 <-- 0.002695 s
currentSize : 17 <-- 0.002811 s
currentSize : 18 <-- 0.003854 s
currentSize : 19 <-- 2.046395 s
currentSize : 20 <-- 13.995464 s
currentSize : 21 <-- 41.243935 s
currentSize : 22 <-- 188.724228 s

TIMEOUT
maxsize : 22
nodes : 979159940.000000
filtered : 11628555879.000000
time : 3600.000000
