Parameters: GAD=1 vflib=1 dir=0 label=1 lowerbound=1 fileNameGp=../graphsdb/mcs10/rand/r02/mcs10_r02_s90.A66 fileNameGt=../graphsdb/mcs10/rand/r02/mcs10_r02_s90.B66
Reading graphs...
90 :  1421
90 :  1427
Initializing...
maxdom : 9
D->valSize : 485
Solving...
Blb : 3 (clique : 7)
currentSize : 7 <-- 0.004967 s
currentSize : 8 <-- 0.005225 s
currentSize : 9 <-- 0.008060 s
currentSize : 10 <-- 0.038289 s
currentSize : 11 <-- 1.220773 s
currentSize : 12 <-- 4.036236 s

maxsize : 12
nodes : 2127877.000000
filtered : 28271727.000000
time : 11.846915
