Parameters: GAD=1 vflib=1 dir=0 label=1 lowerbound=1 fileNameGp=../graphsdb/mcs10/bvg/b06/mcs10_b06_s70.A85 fileNameGt=../graphsdb/mcs10/bvg/b06/mcs10_b06_s70.B85
Reading graphs...
70 :  209
70 :  206
Initializing...
maxdom : 9
D->valSize : 313
Solving...
Blb : 2 (clique : 18)
currentSize : 18 <-- 0.004037 s
currentSize : 19 <-- 0.004414 s
currentSize : 20 <-- 0.005368 s
currentSize : 21 <-- 0.005446 s
currentSize : 22 <-- 0.027204 s
currentSize : 23 <-- 22.590916 s

TIMEOUT
maxsize : 23
nodes : 882044850.000000
filtered : 6266784545.000000
time : 3600.000000
