Parameters: GAD=1 vflib=1 dir=0 label=1 lowerbound=1 fileNameGp=../graphsdb/mcs10/bvg/b06m/mcs10_b06m_s90.A62 fileNameGt=../graphsdb/mcs10/bvg/b06m/mcs10_b06m_s90.B62
Reading graphs...
90 :  263
90 :  263
Initializing...
maxdom : 14
D->valSize : 508
Solving...
Blb : 2 (clique : 24)
currentSize : 24 <-- 0.005506 s
currentSize : 25 <-- 0.005717 s
currentSize : 26 <-- 0.081611 s
currentSize : 27 <-- 0.096536 s
currentSize : 28 <-- 2.650860 s
currentSize : 29 <-- 15.224519 s
currentSize : 30 <-- 73.339226 s

TIMEOUT
maxsize : 30
nodes : 689955877.000000
filtered : 6207382420.000000
time : 3600.000000
