Parameters: GAD=1 vflib=1 dir=0 label=1 lowerbound=1 fileNameGp=../graphsdb/mcs10/rand/r005/mcs10_r005_s100.A10 fileNameGt=../graphsdb/mcs10/rand/r005/mcs10_r005_s100.B10
Reading graphs...
100 :  485
100 :  492
Initializing...
maxdom : 7
D->valSize : 338
Solving...
Blb : 2 (clique : 18)
currentSize : 18 <-- 0.003400 s
currentSize : 19 <-- 0.003560 s
currentSize : 20 <-- 0.044658 s
currentSize : 21 <-- 0.349949 s
currentSize : 22 <-- 0.875337 s
currentSize : 23 <-- 14.735644 s
currentSize : 24 <-- 30.436764 s
currentSize : 25 <-- 2419.711670 s

TIMEOUT
maxsize : 25
nodes : 700399286.000000
filtered : 4371828522.000000
time : 3600.000000
