Parameters: GAD=1 vflib=1 dir=0 label=1 lowerbound=1 fileNameGp=../graphsdb/mcs10/m3D/m3D/mcs10_m3D_s90.A76 fileNameGt=../graphsdb/mcs10/m3D/m3D/mcs10_m3D_s90.B76
Reading graphs...
90 :  206
90 :  205
Initializing...
maxdom : 12
D->valSize : 537
Solving...
Blb : 2 (clique : 26)
currentSize : 26 <-- 0.006023 s
currentSize : 27 <-- 0.007242 s
currentSize : 28 <-- 0.199796 s
currentSize : 29 <-- 0.603099 s
currentSize : 30 <-- 3.562322 s
currentSize : 31 <-- 64.264923 s
currentSize : 32 <-- 2321.958008 s
currentSize : 33 <-- 3582.568359 s

TIMEOUT
maxsize : 33
nodes : 793221283.000000
filtered : 5819613034.000000
time : 3600.000000
