Parameters: GAD=1 vflib=1 dir=0 label=1 lowerbound=1 fileNameGp=../graphsdb/mcs10/m2D/m2D/mcs10_m2D_s90.A91 fileNameGt=../graphsdb/mcs10/m2D/m2D/mcs10_m2D_s90.B91
Reading graphs...
90 :  160
90 :  159
Initializing...
maxdom : 10
D->valSize : 514
Solving...
Blb : 2 (clique : 30)
currentSize : 30 <-- 0.009692 s
currentSize : 31 <-- 0.923905 s
currentSize : 32 <-- 2.315701 s
currentSize : 33 <-- 2.478408 s
currentSize : 34 <-- 7.328487 s
currentSize : 35 <-- 41.597248 s
currentSize : 36 <-- 1574.598389 s

TIMEOUT
maxsize : 36
nodes : 838426643.000000
filtered : 6039349034.000000
time : 3600.000000
