Parameters: GAD=1 vflib=1 dir=0 label=1 lowerbound=1 fileNameGp=../graphsdb/mcs10/m2D/m2D/mcs10_m2D_s40.A35 fileNameGt=../graphsdb/mcs10/m2D/m2D/mcs10_m2D_s40.B35
Reading graphs...
40 :  67
40 :  66
Initializing...
maxdom : 8
D->valSize : 207
Solving...
Blb : 2 (clique : 15)
currentSize : 15 <-- 0.001772 s
currentSize : 16 <-- 0.001898 s
currentSize : 17 <-- 0.011502 s
currentSize : 18 <-- 4.328717 s
currentSize : 19 <-- 27.825020 s

maxsize : 19
nodes : 13325169.000000
filtered : 96397296.000000
time : 38.993958
