Parameters: GAD=1 vflib=1 dir=0 label=1 lowerbound=1 fileNameGp=../graphsdb/mcs10/bvg/b03/mcs10_b03_s100.A98 fileNameGt=../graphsdb/mcs10/bvg/b03/mcs10_b03_s100.B98
Reading graphs...
100 :  150
100 :  150
Initializing...
maxdom : 6
D->valSize : 331
Solving...
Blb : 2 (clique : 34)
currentSize : 34 <-- 0.003350 s
currentSize : 35 <-- 10.863527 s
currentSize : 36 <-- 10.943152 s
currentSize : 37 <-- 12.493484 s
currentSize : 38 <-- 249.435349 s
currentSize : 39 <-- 2248.008545 s

TIMEOUT
maxsize : 39
nodes : 870758312.000000
filtered : 2849504656.000000
time : 3600.000000
