Parameters: GAD=1 vflib=1 dir=0 label=1 lowerbound=1 fileNameGp=../graphsdb/mcs10/m2D/m2Dr6/mcs10_m2Dr6_s50.A15 fileNameGt=../graphsdb/mcs10/m2D/m2Dr6/mcs10_m2Dr6_s50.B15
Reading graphs...
50 :  112
50 :  113
Initializing...
maxdom : 10
D->valSize : 323
Solving...
Blb : 2 (clique : 15)
currentSize : 15 <-- 0.002413 s
currentSize : 16 <-- 0.002506 s
currentSize : 17 <-- 0.008754 s
currentSize : 18 <-- 0.475814 s
currentSize : 19 <-- 4.089841 s
currentSize : 20 <-- 20.723660 s
currentSize : 21 <-- 841.735107 s

maxsize : 21
nodes : 309358638.000000
filtered : 3203679459.000000
time : 1085.302368
