Parameters: GAD=1 vflib=1 dir=0 label=1 lowerbound=1 fileNameGp=../graphsdb/mcs10/m2D/m2Dr2/mcs10_m2Dr2_s90.A09 fileNameGt=../graphsdb/mcs10/m2D/m2Dr2/mcs10_m2Dr2_s90.B09
Reading graphs...
90 :  179
90 :  177
Initializing...
maxdom : 10
D->valSize : 542
Solving...
Blb : 2 (clique : 30)
currentSize : 30 <-- 0.006250 s
currentSize : 31 <-- 0.006508 s
currentSize : 32 <-- 0.272607 s
currentSize : 33 <-- 13.475663 s
currentSize : 34 <-- 25.972155 s
currentSize : 35 <-- 181.468918 s

TIMEOUT
maxsize : 35
nodes : 866964169.000000
filtered : 5306327212.000000
time : 3600.000000
