Parameters: GAD=1 vflib=1 dir=0 label=1 lowerbound=1 fileNameGp=../graphsdb/mcs10/m3D/m3D/mcs10_m3D_s60.A60 fileNameGt=../graphsdb/mcs10/m3D/m3D/mcs10_m3D_s60.B60
Reading graphs...
60 :  132
60 :  132
Initializing...
maxdom : 6
D->valSize : 223
Solving...
Blb : 2 (clique : 17)
currentSize : 17 <-- 0.001799 s
currentSize : 18 <-- 0.002559 s
currentSize : 19 <-- 0.008073 s
currentSize : 20 <-- 0.274024 s
currentSize : 21 <-- 0.395282 s
currentSize : 22 <-- 4.496604 s
currentSize : 23 <-- 5.512331 s

maxsize : 23
nodes : 67360519.000000
filtered : 401285922.000000
time : 248.660278
