Parameters: GAD=1 vflib=1 dir=0 label=1 lowerbound=1 fileNameGp=../graphsdb/mcs10/rand/r01/mcs10_r01_s35.A13 fileNameGt=../graphsdb/mcs10/rand/r01/mcs10_r01_s35.B13
Reading graphs...
35 :  120
35 :  115
Initializing...
maxdom : 10
D->valSize : 149
Solving...
Blb : 2 (clique : 8)
currentSize : 8 <-- 0.000870 s
currentSize : 9 <-- 0.001034 s
currentSize : 10 <-- 0.001139 s
currentSize : 11 <-- 0.009191 s
currentSize : 12 <-- 0.009228 s

maxsize : 12
nodes : 6559.000000
filtered : 93185.000000
time : 0.023828
