Parameters: GAD=1 vflib=1 dir=0 label=1 lowerbound=1 fileNameGp=../graphsdb/mcs10/m3D/m3Dr2/mcs10_m3Dr2_s100.A89 fileNameGt=../graphsdb/mcs10/m3D/m3Dr2/mcs10_m3Dr2_s100.B89
Reading graphs...
100 :  253
100 :  254
Initializing...
maxdom : 7
D->valSize : 316
Solving...
Blb : 2 (clique : 28)
currentSize : 28 <-- 0.003193 s
currentSize : 29 <-- 0.003570 s
currentSize : 30 <-- 0.004440 s
currentSize : 31 <-- 35.313511 s
currentSize : 32 <-- 283.576172 s
currentSize : 33 <-- 577.297852 s
currentSize : 34 <-- 1207.164673 s

TIMEOUT
maxsize : 34
nodes : 701507345.000000
filtered : 3243828102.000000
time : 3600.000000
