Parameters: GAD=1 vflib=1 dir=0 label=1 lowerbound=1 fileNameGp=../graphsdb/mcs10/m2D/m2Dr6/mcs10_m2Dr6_s70.A41 fileNameGt=../graphsdb/mcs10/m2D/m2Dr6/mcs10_m2Dr6_s70.B41
Reading graphs...
70 :  164
70 :  164
Initializing...
maxdom : 8
D->valSize : 327
Solving...
Blb : 2 (clique : 20)
currentSize : 20 <-- 0.002663 s
currentSize : 21 <-- 0.003148 s
currentSize : 22 <-- 0.004630 s
currentSize : 23 <-- 0.006460 s
currentSize : 24 <-- 3.868970 s
currentSize : 25 <-- 4.298282 s
currentSize : 26 <-- 4.310077 s
currentSize : 27 <-- 639.908508 s

TIMEOUT
maxsize : 27
nodes : 811249405.000000
filtered : 7166369341.000000
time : 3600.000000
