Parameters: GAD=1 vflib=1 dir=0 label=1 lowerbound=1 fileNameGp=../graphsdb/mcs10/m2D/m2D/mcs10_m2D_s70.A90 fileNameGt=../graphsdb/mcs10/m2D/m2D/mcs10_m2D_s70.B90
Reading graphs...
70 :  122
70 :  122
Initializing...
maxdom : 7
D->valSize : 311
Solving...
Blb : 2 (clique : 23)
currentSize : 23 <-- 0.002625 s
currentSize : 24 <-- 0.023045 s
currentSize : 25 <-- 0.197780 s
currentSize : 26 <-- 0.728715 s
currentSize : 27 <-- 0.728837 s
currentSize : 28 <-- 4.926463 s
currentSize : 29 <-- 73.935555 s
currentSize : 30 <-- 379.304871 s

TIMEOUT
maxsize : 30
nodes : 1011567796.000000
filtered : 5422295688.000000
time : 3600.000000
