Parameters: GAD=1 vflib=1 dir=0 label=1 lowerbound=1 fileNameGp=../graphsdb/mcs10/m3D/m3D/mcs10_m3D_s60.A63 fileNameGt=../graphsdb/mcs10/m3D/m3D/mcs10_m3D_s60.B63
Reading graphs...
60 :  134
60 :  133
Initializing...
maxdom : 7
D->valSize : 239
Solving...
Blb : 2 (clique : 19)
currentSize : 19 <-- 0.002726 s
currentSize : 20 <-- 0.003587 s
currentSize : 21 <-- 0.041487 s
currentSize : 22 <-- 0.089968 s
currentSize : 23 <-- 0.182410 s
currentSize : 24 <-- 0.841600 s
currentSize : 25 <-- 337.989563 s

maxsize : 25
nodes : 132389007.000000
filtered : 883868908.000000
time : 506.957184
