Parameters: GAD=1 vflib=1 dir=0 label=1 lowerbound=1 fileNameGp=../graphsdb/mcs10/bvg/b03m/mcs10_b03m_s60.A74 fileNameGt=../graphsdb/mcs10/bvg/b03m/mcs10_b03m_s60.B74
Reading graphs...
60 :  89
60 :  90
Initializing...
maxdom : 8
D->valSize : 209
Solving...
Blb : 2 (clique : 21)
currentSize : 21 <-- 0.001759 s
currentSize : 22 <-- 0.022619 s
currentSize : 23 <-- 18.818283 s
currentSize : 24 <-- 24.453758 s
currentSize : 25 <-- 82.568878 s

maxsize : 25
nodes : 120228377.000000
filtered : 725932917.000000
time : 392.462067
