Parameters: GAD=1 vflib=1 dir=0 label=1 lowerbound=1 fileNameGp=../graphsdb/mcs10/bvg/b03/mcs10_b03_s60.A08 fileNameGt=../graphsdb/mcs10/bvg/b03/mcs10_b03_s60.B08
Reading graphs...
60 :  90
60 :  90
Initializing...
maxdom : 8
D->valSize : 230
Solving...
Blb : 5 (clique : 24)
currentSize : 24 <-- 0.001867 s
currentSize : 25 <-- 0.154999 s
currentSize : 26 <-- 0.221076 s
currentSize : 27 <-- 1.785393 s
currentSize : 28 <-- 11.496052 s
currentSize : 29 <-- 55.682770 s

maxsize : 29
nodes : 346548104.000000
filtered : 1788604389.000000
time : 1164.270508
