Parameters: GAD=1 vflib=1 dir=0 label=1 lowerbound=1 fileNameGp=../graphsdb/mcs10/rand/r02/mcs10_r02_s100.A04 fileNameGt=../graphsdb/mcs10/rand/r02/mcs10_r02_s100.B04
Reading graphs...
100 :  1787
100 :  1780
Initializing...
maxdom : 6
D->valSize : 305
Solving...
Blb : 2 (clique : 7)
currentSize : 7 <-- 0.003001 s
currentSize : 8 <-- 0.003227 s
currentSize : 9 <-- 0.014571 s
currentSize : 10 <-- 0.243994 s
currentSize : 11 <-- 0.423390 s

maxsize : 11
nodes : 309922.000000
filtered : 2757054.000000
time : 1.738973
