Parameters: GAD=1 vflib=1 dir=0 label=1 lowerbound=1 fileNameGp=../graphsdb/mcs10/m2D/m2Dr4/mcs10_m2Dr4_s80.A73 fileNameGt=../graphsdb/mcs10/m2D/m2Dr4/mcs10_m2Dr4_s80.B73
Reading graphs...
80 :  172
80 :  174
Initializing...
maxdom : 9
D->valSize : 406
Solving...
Blb : 2 (clique : 25)
currentSize : 25 <-- 0.003905 s
currentSize : 27 <-- 0.004088 s
currentSize : 28 <-- 0.006868 s
currentSize : 29 <-- 0.223616 s
currentSize : 30 <-- 0.354008 s
currentSize : 31 <-- 105.979431 s

TIMEOUT
maxsize : 31
nodes : 801835040.000000
filtered : 4813572887.000000
time : 3600.000000
