Parameters: GAD=1 vflib=1 dir=0 label=1 lowerbound=1 fileNameGp=../graphsdb/mcs10/m2D/m2Dr6/mcs10_m2Dr6_s40.A05 fileNameGt=../graphsdb/mcs10/m2D/m2Dr6/mcs10_m2Dr6_s40.B05
Reading graphs...
40 :  89
40 :  89
Initializing...
maxdom : 8
D->valSize : 216
Solving...
Blb : 2 (clique : 13)
currentSize : 13 <-- 0.001341 s
currentSize : 14 <-- 0.013085 s
currentSize : 15 <-- 0.013942 s
currentSize : 16 <-- 0.928524 s
currentSize : 17 <-- 4.573377 s

maxsize : 17
nodes : 3853804.000000
filtered : 37161128.000000
time : 12.511460
