Parameters: GAD=1 vflib=1 dir=0 label=1 lowerbound=1 fileNameGp=../graphsdb/mcs10/m2D/m2Dr2/mcs10_m2Dr2_s80.A72 fileNameGt=../graphsdb/mcs10/m2D/m2Dr2/mcs10_m2Dr2_s80.B72
Reading graphs...
80 :  158
80 :  156
Initializing...
maxdom : 9
D->valSize : 430
Solving...
Blb : 2 (clique : 29)
currentSize : 29 <-- 0.004105 s
currentSize : 30 <-- 0.032738 s
currentSize : 31 <-- 0.477435 s
currentSize : 32 <-- 21.796425 s
currentSize : 33 <-- 42.587002 s
currentSize : 34 <-- 444.724213 s

TIMEOUT
maxsize : 34
nodes : 866901849.000000
filtered : 5325993959.000000
time : 3600.000000
