Parameters: GAD=1 vflib=1 dir=0 label=1 lowerbound=1 fileNameGp=../graphsdb/mcs10/m3D/m3Dr4/mcs10_m3Dr4_s100.A21 fileNameGt=../graphsdb/mcs10/m3D/m3Dr4/mcs10_m3Dr4_s100.B21
Reading graphs...
100 :  268
100 :  273
Initializing...
maxdom : 8
D->valSize : 305
Solving...
Blb : 2 (clique : 24)
currentSize : 24 <-- 0.004790 s
currentSize : 25 <-- 0.007638 s
currentSize : 26 <-- 0.062801 s
currentSize : 27 <-- 0.865291 s
currentSize : 28 <-- 8.245595 s
currentSize : 29 <-- 122.699425 s
currentSize : 30 <-- 439.009338 s
currentSize : 31 <-- 967.143555 s

TIMEOUT
maxsize : 31
nodes : 778091778.000000
filtered : 3395823770.000000
time : 3600.000000
