Parameters: GAD=1 vflib=1 dir=0 label=1 lowerbound=1 fileNameGp=../graphsdb/mcs10/m3D/m3D/mcs10_m3D_s60.A65 fileNameGt=../graphsdb/mcs10/m3D/m3D/mcs10_m3D_s60.B65
Reading graphs...
60 :  134
60 :  133
Initializing...
maxdom : 9
D->valSize : 216
Solving...
Blb : 2 (clique : 17)
currentSize : 17 <-- 0.001754 s
currentSize : 18 <-- 0.003126 s
currentSize : 19 <-- 0.011280 s
currentSize : 20 <-- 17.143105 s
currentSize : 21 <-- 31.978834 s
currentSize : 22 <-- 36.050545 s

maxsize : 22
nodes : 79153147.000000
filtered : 467225896.000000
time : 280.021942
