Parameters: GAD=1 vflib=1 dir=0 label=1 lowerbound=1 fileNameGp=../graphsdb/mcs10/rand/r01/mcs10_r01_s60.A52 fileNameGt=../graphsdb/mcs10/rand/r01/mcs10_r01_s60.B52
Reading graphs...
60 :  342
60 :  336
Initializing...
maxdom : 6
D->valSize : 225
Solving...
Blb : 2 (clique : 10)
currentSize : 10 <-- 0.001650 s
currentSize : 11 <-- 0.002154 s
currentSize : 12 <-- 0.005620 s
currentSize : 13 <-- 0.101451 s
currentSize : 14 <-- 1.204690 s

maxsize : 14
nodes : 1785035.000000
filtered : 12911840.000000
time : 6.788728
