Parameters: GAD=1 vflib=1 dir=0 label=1 lowerbound=1 fileNameGp=../graphsdb/mcs10/m4D/m4Dr6/mcs10_m4Dr6_s100.A00 fileNameGt=../graphsdb/mcs10/m4D/m4Dr6/mcs10_m4Dr6_s100.B00
Reading graphs...
100 :  215
100 :  215
Initializing...
maxdom : 7
D->valSize : 331
Solving...
Blb : 2 (clique : 29)
currentSize : 29 <-- 0.003255 s
currentSize : 30 <-- 0.004446 s
currentSize : 31 <-- 0.004919 s
currentSize : 32 <-- 0.012090 s
currentSize : 33 <-- 2.051509 s
currentSize : 34 <-- 7.508830 s
currentSize : 35 <-- 187.779999 s
currentSize : 36 <-- 709.683655 s

TIMEOUT
maxsize : 36
nodes : 708694747.000000
filtered : 3375917559.000000
time : 3600.000000
