Parameters: GAD=1 vflib=1 dir=0 label=1 lowerbound=1 fileNameGp=../graphsdb/mcs10/m4D/m4Dr2/mcs10_m4Dr2_s100.A77 fileNameGt=../graphsdb/mcs10/m4D/m4Dr2/mcs10_m4Dr2_s100.B77
Reading graphs...
100 :  179
100 :  179
Initializing...
maxdom : 6
D->valSize : 338
Solving...
Blb : 2 (clique : 32)
currentSize : 32 <-- 0.003414 s
currentSize : 33 <-- 0.006384 s
currentSize : 34 <-- 0.009673 s
currentSize : 35 <-- 0.015220 s
currentSize : 36 <-- 0.026061 s
currentSize : 37 <-- 0.030422 s
currentSize : 38 <-- 1.513262 s
currentSize : 39 <-- 2272.552490 s

TIMEOUT
maxsize : 39
nodes : 682524656.000000
filtered : 3796717233.000000
time : 3600.000000
