Parameters: GAD=1 vflib=1 dir=0 label=1 lowerbound=1 fileNameGp=../graphsdb/mcs10/m2D/m2Dr4/mcs10_m2Dr4_s90.A39 fileNameGt=../graphsdb/mcs10/m2D/m2Dr4/mcs10_m2Dr4_s90.B39
Reading graphs...
90 :  194
90 :  190
Initializing...
maxdom : 10
D->valSize : 528
Solving...
Blb : 2 (clique : 29)
currentSize : 29 <-- 0.006097 s
currentSize : 30 <-- 1.325309 s
currentSize : 31 <-- 2.802612 s
currentSize : 32 <-- 2.960373 s
currentSize : 33 <-- 24.476372 s
currentSize : 34 <-- 56.722733 s
currentSize : 35 <-- 980.659790 s

TIMEOUT
maxsize : 35
nodes : 737445891.000000
filtered : 6438375450.000000
time : 3600.000000
