Parameters: GAD=1 vflib=1 dir=0 label=1 lowerbound=1 fileNameGp=../graphsdb/mcs10/m2D/m2Dr4/mcs10_m2Dr4_s100.A47 fileNameGt=../graphsdb/mcs10/m2D/m2Dr4/mcs10_m2Dr4_s100.B47
Reading graphs...
100 :  216
100 :  217
Initializing...
maxdom : 8
D->valSize : 327
Solving...
Blb : 2 (clique : 31)
currentSize : 31 <-- 0.003270 s
currentSize : 32 <-- 0.011116 s
currentSize : 33 <-- 1.594062 s
currentSize : 34 <-- 62.202335 s
currentSize : 35 <-- 172.154068 s
currentSize : 36 <-- 2175.714600 s
currentSize : 37 <-- 3288.598633 s

TIMEOUT
maxsize : 37
nodes : 798337548.000000
filtered : 3536640254.000000
time : 3600.000000
