Parameters: GAD=1 vflib=1 dir=0 label=1 lowerbound=1 fileNameGp=../graphsdb/mcs10/m2D/m2Dr2/mcs10_m2Dr2_s80.A90 fileNameGt=../graphsdb/mcs10/m2D/m2Dr2/mcs10_m2Dr2_s80.B90
Reading graphs...
80 :  156
80 :  157
Initializing...
maxdom : 9
D->valSize : 397
Solving...
Blb : 2 (clique : 26)
currentSize : 26 <-- 0.004052 s
currentSize : 27 <-- 0.006241 s
currentSize : 28 <-- 36.561722 s
currentSize : 29 <-- 54.441719 s
currentSize : 30 <-- 56.360394 s
currentSize : 31 <-- 1133.413452 s
currentSize : 32 <-- 1194.901367 s
currentSize : 33 <-- 1196.804932 s

TIMEOUT
maxsize : 33
nodes : 882554276.000000
filtered : 4703923392.000000
time : 3600.000000
