Parameters: GAD=1 vflib=1 dir=0 label=1 lowerbound=1 fileNameGp=../graphsdb/mcs10/m3D/m3Dr4/mcs10_m3Dr4_s80.A26 fileNameGt=../graphsdb/mcs10/m3D/m3Dr4/mcs10_m3Dr4_s80.B26
Reading graphs...
80 :  209
80 :  212
Initializing...
maxdom : 8
D->valSize : 397
Solving...
Blb : 2 (clique : 24)
currentSize : 24 <-- 0.003760 s
currentSize : 25 <-- 0.003946 s
currentSize : 26 <-- 0.004013 s
currentSize : 27 <-- 0.006375 s
currentSize : 28 <-- 1.756550 s
currentSize : 29 <-- 13.498050 s
currentSize : 30 <-- 1451.963745 s

TIMEOUT
maxsize : 30
nodes : 813343506.000000
filtered : 5508117523.000000
time : 3600.000000
