Parameters: GAD=1 vflib=1 dir=0 label=1 lowerbound=1 fileNameGp=../graphsdb/mcs10/m3D/m3Dr2/mcs10_m3Dr2_s100.A65 fileNameGt=../graphsdb/mcs10/m3D/m3Dr2/mcs10_m3Dr2_s100.B65
Reading graphs...
100 :  252
100 :  254
Initializing...
maxdom : 7
D->valSize : 333
Solving...
Blb : 2 (clique : 29)
currentSize : 29 <-- 0.003359 s
currentSize : 30 <-- 0.003589 s
currentSize : 31 <-- 0.005705 s
currentSize : 32 <-- 0.005916 s
currentSize : 33 <-- 11.431058 s
currentSize : 34 <-- 296.409149 s

TIMEOUT
maxsize : 34
nodes : 756482434.000000
filtered : 3677538428.000000
time : 3600.000000
