Parameters: GAD=1 vflib=1 dir=0 label=1 lowerbound=1 fileNameGp=../graphsdb/mcs10/bvg/b03m/mcs10_b03m_s70.A72 fileNameGt=../graphsdb/mcs10/bvg/b03m/mcs10_b03m_s70.B72
Reading graphs...
70 :  105
70 :  104
Initializing...
maxdom : 10
D->valSize : 314
Solving...
Blb : 2 (clique : 25)
currentSize : 25 <-- 0.002638 s
currentSize : 26 <-- 0.003452 s
currentSize : 27 <-- 0.010471 s
currentSize : 28 <-- 3.451259 s
currentSize : 29 <-- 164.361343 s
currentSize : 30 <-- 181.538315 s
currentSize : 31 <-- 871.221924 s

TIMEOUT
maxsize : 31
nodes : 886843931.000000
filtered : 6026231562.000000
time : 3600.000000
