Parameters: GAD=1 vflib=1 dir=0 label=1 lowerbound=1 fileNameGp=../graphsdb/mcs10/m2D/m2Dr6/mcs10_m2Dr6_s100.A68 fileNameGt=../graphsdb/mcs10/m2D/m2Dr6/mcs10_m2Dr6_s100.B68
Reading graphs...
100 :  239
100 :  236
Initializing...
maxdom : 6
D->valSize : 323
Solving...
Blb : 2 (clique : 29)
currentSize : 29 <-- 0.005492 s
currentSize : 30 <-- 0.005890 s
currentSize : 31 <-- 0.007724 s
currentSize : 32 <-- 0.018854 s
currentSize : 33 <-- 0.166652 s
currentSize : 34 <-- 0.854310 s
currentSize : 35 <-- 91.192551 s
currentSize : 36 <-- 251.183975 s

TIMEOUT
maxsize : 36
nodes : 639785528.000000
filtered : 4023237866.000000
time : 3600.000000
