Parameters: GAD=1 vflib=1 dir=0 label=1 lowerbound=1 fileNameGp=../graphsdb/mcs10/m4D/m4Dr6/mcs10_m4Dr6_s100.A50 fileNameGt=../graphsdb/mcs10/m4D/m4Dr6/mcs10_m4Dr6_s100.B50
Reading graphs...
100 :  217
100 :  214
Initializing...
maxdom : 11
D->valSize : 358
Solving...
Blb : 2 (clique : 31)
currentSize : 31 <-- 0.003551 s
currentSize : 32 <-- 0.003788 s
currentSize : 33 <-- 0.301274 s
currentSize : 34 <-- 3.143003 s
currentSize : 35 <-- 3.677757 s
currentSize : 36 <-- 38.367363 s

TIMEOUT
maxsize : 36
nodes : 717249146.000000
filtered : 4991554898.000000
time : 3600.000000
