Parameters: GAD=1 vflib=1 dir=0 label=1 lowerbound=1 fileNameGp=../graphsdb/mcs10/m2D/m2D/mcs10_m2D_s50.A95 fileNameGt=../graphsdb/mcs10/m2D/m2D/mcs10_m2D_s50.B95
Reading graphs...
50 :  84
50 :  85
Initializing...
maxdom : 10
D->valSize : 314
Solving...
Blb : 2 (clique : 19)
currentSize : 19 <-- 0.002350 s
currentSize : 20 <-- 0.006686 s
currentSize : 21 <-- 0.097372 s
currentSize : 22 <-- 0.104744 s
currentSize : 23 <-- 69.129959 s
currentSize : 24 <-- 198.026794 s
currentSize : 25 <-- 259.173676 s

maxsize : 25
nodes : 405299986.000000
filtered : 4489023704.000000
time : 1615.484253
