Parameters: GAD=1 vflib=1 dir=0 label=1 lowerbound=1 fileNameGp=../graphsdb/mcs10/m2D/m2Dr6/mcs10_m2Dr6_s60.A18 fileNameGt=../graphsdb/mcs10/m2D/m2Dr6/mcs10_m2Dr6_s60.B18
Reading graphs...
60 :  136
60 :  139
Initializing...
maxdom : 6
D->valSize : 207
Solving...
Blb : 5 (clique : 19)
currentSize : 19 <-- 0.001629 s
currentSize : 20 <-- 1.951562 s
currentSize : 21 <-- 12.450999 s
currentSize : 22 <-- 12.765144 s
currentSize : 23 <-- 205.942673 s

maxsize : 23
nodes : 109775605.000000
filtered : 625100224.000000
time : 374.377747
