Parameters: GAD=1 vflib=1 dir=0 label=1 lowerbound=1 fileNameGp=../graphsdb/mcs10/bvg/b06/mcs10_b06_s80.A26 fileNameGt=../graphsdb/mcs10/bvg/b06/mcs10_b06_s80.B26
Reading graphs...
80 :  234
80 :  237
Initializing...
maxdom : 9
D->valSize : 404
Solving...
Blb : 2 (clique : 22)
currentSize : 22 <-- 0.003697 s
currentSize : 23 <-- 0.004582 s
currentSize : 24 <-- 0.006502 s
currentSize : 25 <-- 6.143540 s
currentSize : 26 <-- 574.523315 s
currentSize : 27 <-- 779.762512 s
currentSize : 28 <-- 2423.926514 s

TIMEOUT
maxsize : 28
nodes : 802152667.000000
filtered : 5926795518.000000
time : 3600.000000
