Parameters: GAD=1 vflib=1 dir=0 label=1 lowerbound=1 fileNameGp=../graphsdb/mcs10/m3D/m3Dr6/mcs10_m3Dr6_s90.A40 fileNameGt=../graphsdb/mcs10/m3D/m3Dr6/mcs10_m3Dr6_s90.B40
Reading graphs...
90 :  260
90 :  258
Initializing...
maxdom : 9
D->valSize : 491
Solving...
Blb : 2 (clique : 23)
currentSize : 23 <-- 0.008823 s
currentSize : 24 <-- 0.010761 s
currentSize : 25 <-- 0.025496 s
currentSize : 26 <-- 0.066617 s
currentSize : 27 <-- 0.074239 s
currentSize : 28 <-- 77.363747 s
currentSize : 29 <-- 85.950760 s

TIMEOUT
maxsize : 29
nodes : 764144408.000000
filtered : 5051498167.000000
time : 3600.000000
