Parameters: GAD=1 vflib=1 dir=0 label=1 lowerbound=1 fileNameGp=../graphsdb/mcs10/m4D/m4Dr6/mcs10_m4Dr6_s100.A98 fileNameGt=../graphsdb/mcs10/m4D/m4Dr6/mcs10_m4Dr6_s100.B98
Reading graphs...
100 :  219
100 :  219
Initializing...
maxdom : 6
D->valSize : 347
Solving...
Blb : 2 (clique : 30)
currentSize : 30 <-- 0.003675 s
currentSize : 31 <-- 0.005872 s
currentSize : 32 <-- 0.016307 s
currentSize : 33 <-- 0.060412 s
currentSize : 34 <-- 0.155767 s
currentSize : 35 <-- 0.570188 s
currentSize : 36 <-- 1.388254 s
currentSize : 37 <-- 63.121109 s

TIMEOUT
maxsize : 37
nodes : 729954229.000000
filtered : 3733831426.000000
time : 3600.000000
