Parameters: GAD=1 vflib=1 dir=0 label=1 lowerbound=1 fileNameGp=../graphsdb/mcs10/m4D/m4Dr4/mcs10_m4Dr4_s100.A13 fileNameGt=../graphsdb/mcs10/m4D/m4Dr4/mcs10_m4Dr4_s100.B13
Reading graphs...
100 :  197
100 :  196
Initializing...
maxdom : 7
D->valSize : 325
Solving...
Blb : 2 (clique : 32)
currentSize : 32 <-- 0.003291 s
currentSize : 33 <-- 0.004466 s
currentSize : 34 <-- 0.021788 s
currentSize : 35 <-- 0.331948 s
currentSize : 36 <-- 0.809934 s
currentSize : 37 <-- 0.858375 s
currentSize : 38 <-- 1020.199707 s
currentSize : 39 <-- 1020.209045 s
currentSize : 40 <-- 2925.680420 s

TIMEOUT
maxsize : 40
nodes : 818515222.000000
filtered : 2615988667.000000
time : 3600.000000
