Parameters: GAD=1 vflib=1 dir=0 label=1 lowerbound=1 fileNameGp=../graphsdb/mcs10/m3D/m3Dr4/mcs10_m3Dr4_s70.A67 fileNameGt=../graphsdb/mcs10/m3D/m3Dr4/mcs10_m3Dr4_s70.B67
Reading graphs...
70 :  185
70 :  180
Initializing...
maxdom : 8
D->valSize : 285
Solving...
Blb : 2 (clique : 19)
currentSize : 19 <-- 0.002348 s
currentSize : 20 <-- 0.002506 s
currentSize : 21 <-- 0.002560 s
currentSize : 22 <-- 0.005658 s
currentSize : 23 <-- 0.018299 s
currentSize : 24 <-- 0.661803 s
currentSize : 25 <-- 69.546684 s
currentSize : 26 <-- 889.764465 s

maxsize : 26
nodes : 295166197.000000
filtered : 2446799334.000000
time : 1317.679688
