Parameters: GAD=1 vflib=1 dir=0 label=1 lowerbound=1 fileNameGp=../graphsdb/mcs10/m3D/m3Dr2/mcs10_m3Dr2_s80.A80 fileNameGt=../graphsdb/mcs10/m3D/m3Dr2/mcs10_m3Dr2_s80.B80
Reading graphs...
80 :  197
80 :  196
Initializing...
maxdom : 8
D->valSize : 396
Solving...
Blb : 2 (clique : 25)
currentSize : 25 <-- 0.003679 s
currentSize : 26 <-- 0.004616 s
currentSize : 27 <-- 0.004775 s
currentSize : 28 <-- 0.005651 s
currentSize : 29 <-- 0.006283 s
currentSize : 30 <-- 0.015125 s

TIMEOUT
maxsize : 30
nodes : 864707468.000000
filtered : 6681790515.000000
time : 3600.000000
