Parameters: GAD=1 vflib=1 dir=0 label=1 lowerbound=1 fileNameGp=../graphsdb/mcs10/m3D/m3Dr4/mcs10_m3Dr4_s90.A69 fileNameGt=../graphsdb/mcs10/m3D/m3Dr4/mcs10_m3Dr4_s90.B69
Reading graphs...
90 :  240
90 :  239
Initializing...
maxdom : 10
D->valSize : 543
Solving...
Blb : 2 (clique : 25)
currentSize : 25 <-- 0.006243 s
currentSize : 26 <-- 0.009470 s
currentSize : 27 <-- 0.074242 s
currentSize : 28 <-- 0.895706 s
currentSize : 29 <-- 224.314713 s
currentSize : 30 <-- 388.226837 s

TIMEOUT
maxsize : 30
nodes : 792933607.000000
filtered : 4762898805.000000
time : 3600.000000
