Parameters: GAD=1 vflib=1 dir=0 label=1 lowerbound=1 fileNameGp=../graphsdb/mcs10/m3D/m3Dr2/mcs10_m3Dr2_s80.A09 fileNameGt=../graphsdb/mcs10/m3D/m3Dr2/mcs10_m3Dr2_s80.B09
Reading graphs...
80 :  199
80 :  198
Initializing...
maxdom : 8
D->valSize : 408
Solving...
Blb : 2 (clique : 22)
currentSize : 22 <-- 0.006353 s
currentSize : 23 <-- 0.008809 s
currentSize : 24 <-- 0.012943 s
currentSize : 25 <-- 0.474313 s
currentSize : 26 <-- 0.615972 s
currentSize : 27 <-- 46.483139 s
currentSize : 28 <-- 779.398010 s
currentSize : 29 <-- 1185.068848 s

TIMEOUT
maxsize : 29
nodes : 722937252.000000
filtered : 6626503486.000000
time : 3600.000000
