Parameters: GAD=1 vflib=1 dir=0 label=1 lowerbound=1 fileNameGp=../graphsdb/mcs10/m4D/m4Dr4/mcs10_m4Dr4_s100.A41 fileNameGt=../graphsdb/mcs10/m4D/m4Dr4/mcs10_m4Dr4_s100.B41
Reading graphs...
100 :  198
100 :  198
Initializing...
maxdom : 8
D->valSize : 329
Solving...
Blb : 2 (clique : 33)
currentSize : 33 <-- 0.003377 s
currentSize : 34 <-- 0.003654 s
currentSize : 35 <-- 0.030497 s
currentSize : 36 <-- 0.039181 s
currentSize : 37 <-- 0.309775 s
currentSize : 38 <-- 0.708271 s
currentSize : 39 <-- 4.243212 s

TIMEOUT
maxsize : 39
nodes : 724384740.000000
filtered : 3724405812.000000
time : 3600.000000
