Parameters: GAD=1 vflib=1 dir=0 label=1 lowerbound=1 fileNameGp=../graphsdb/mcs10/bvg/b06m/mcs10_b06m_s90.A85 fileNameGt=../graphsdb/mcs10/bvg/b06m/mcs10_b06m_s90.B85
Reading graphs...
90 :  260
90 :  262
Initializing...
maxdom : 8
D->valSize : 517
Solving...
Blb : 2 (clique : 25)
currentSize : 25 <-- 0.005796 s
currentSize : 26 <-- 0.025362 s
currentSize : 27 <-- 0.085495 s
currentSize : 28 <-- 0.085752 s
currentSize : 29 <-- 19.315868 s
currentSize : 30 <-- 2893.820312 s

TIMEOUT
maxsize : 30
nodes : 767938976.000000
filtered : 6084757658.000000
time : 3600.000000
