Parameters: GAD=1 vflib=1 dir=0 label=1 lowerbound=1 fileNameGp=../graphsdb/mcs10/m2D/m2Dr4/mcs10_m2Dr4_s50.A38 fileNameGt=../graphsdb/mcs10/m2D/m2Dr4/mcs10_m2Dr4_s50.B38
Reading graphs...
50 :  103
50 :  103
Initializing...
maxdom : 10
D->valSize : 308
Solving...
Blb : 5 (clique : 16)
currentSize : 16 <-- 0.002628 s
currentSize : 17 <-- 0.002742 s
currentSize : 18 <-- 0.004310 s
currentSize : 19 <-- 0.076382 s
currentSize : 20 <-- 0.443596 s
currentSize : 21 <-- 2.255926 s

maxsize : 21
nodes : 103772754.000000
filtered : 1145119678.000000
time : 416.671631
