Parameters: GAD=1 vflib=1 dir=0 label=1 lowerbound=1 fileNameGp=../graphsdb/mcs10/m2D/m2Dr2/mcs10_m2Dr2_s90.A59 fileNameGt=../graphsdb/mcs10/m2D/m2Dr2/mcs10_m2Dr2_s90.B59
Reading graphs...
90 :  179
90 :  178
Initializing...
maxdom : 11
D->valSize : 503
Solving...
Blb : 2 (clique : 29)
currentSize : 29 <-- 0.009360 s
currentSize : 30 <-- 0.270972 s
currentSize : 31 <-- 1.474155 s
currentSize : 32 <-- 2.177272 s
currentSize : 33 <-- 4.235732 s
currentSize : 34 <-- 405.793243 s
currentSize : 35 <-- 1326.957031 s

TIMEOUT
maxsize : 35
nodes : 851298885.000000
filtered : 4608534201.000000
time : 3600.000000
