Parameters: GAD=1 vflib=1 dir=0 label=1 lowerbound=1 fileNameGp=../graphsdb/mcs10/bvg/b06m/mcs10_b06m_s70.A51 fileNameGt=../graphsdb/mcs10/bvg/b06m/mcs10_b06m_s70.B51
Reading graphs...
70 :  204
70 :  203
Initializing...
maxdom : 10
D->valSize : 326
Solving...
Blb : 2 (clique : 18)
currentSize : 18 <-- 0.002768 s
currentSize : 19 <-- 0.006816 s
currentSize : 20 <-- 0.007549 s
currentSize : 21 <-- 0.008028 s
currentSize : 22 <-- 0.055555 s
currentSize : 23 <-- 194.474609 s

maxsize : 23
nodes : 499467151.000000
filtered : 4848777940.000000
time : 2192.516357
