Parameters: GAD=1 vflib=1 dir=0 label=1 lowerbound=1 fileNameGp=../graphsdb/mcs10/rand/r01/mcs10_r01_s90.A71 fileNameGt=../graphsdb/mcs10/rand/r01/mcs10_r01_s90.B71
Reading graphs...
90 :  761
90 :  747
Initializing...
maxdom : 12
D->valSize : 538
Solving...
Blb : 2 (clique : 12)
currentSize : 12 <-- 0.005810 s
currentSize : 13 <-- 0.006448 s
currentSize : 14 <-- 0.008855 s
currentSize : 15 <-- 0.021743 s
currentSize : 16 <-- 0.563713 s
currentSize : 17 <-- 0.977730 s
currentSize : 18 <-- 11.745237 s

maxsize : 18
nodes : 227884551.000000
filtered : 3265925109.000000
time : 1277.264526
