Parameters: GAD=1 vflib=1 dir=0 label=1 lowerbound=1 fileNameGp=../graphsdb/mcs10/rand/r01/mcs10_r01_s90.A77 fileNameGt=../graphsdb/mcs10/rand/r01/mcs10_r01_s90.B77
Reading graphs...
90 :  759
90 :  765
Initializing...
maxdom : 8
D->valSize : 502
Solving...
Blb : 2 (clique : 12)
currentSize : 12 <-- 0.008237 s
currentSize : 13 <-- 0.013409 s
currentSize : 14 <-- 0.078119 s
currentSize : 15 <-- 3.086963 s
currentSize : 16 <-- 5.994037 s
currentSize : 17 <-- 17.563364 s

maxsize : 17
nodes : 278445730.000000
filtered : 3173621137.000000
time : 1518.037842
