Parameters: GAD=1 vflib=1 dir=0 label=1 lowerbound=1 fileNameGp=../graphsdb/mcs10/bvg/b06m/mcs10_b06m_s90.A13 fileNameGt=../graphsdb/mcs10/bvg/b06m/mcs10_b06m_s90.B13
Reading graphs...
90 :  265
90 :  264
Initializing...
maxdom : 12
D->valSize : 566
Solving...
Blb : 2 (clique : 24)
currentSize : 24 <-- 0.006657 s
currentSize : 26 <-- 0.006882 s
currentSize : 27 <-- 0.006946 s
currentSize : 28 <-- 0.019887 s
currentSize : 29 <-- 0.385974 s
currentSize : 30 <-- 1.568722 s
currentSize : 31 <-- 263.074280 s
currentSize : 32 <-- 480.335114 s

TIMEOUT
maxsize : 32
nodes : 745705453.000000
filtered : 5774881818.000000
time : 3600.000000
