Parameters: GAD=1 vflib=1 dir=0 label=1 lowerbound=1 fileNameGp=../graphsdb/mcs10/m3D/m3Dr4/mcs10_m3Dr4_s90.A25 fileNameGt=../graphsdb/mcs10/m3D/m3Dr4/mcs10_m3Dr4_s90.B25
Reading graphs...
90 :  240
90 :  240
Initializing...
maxdom : 8
D->valSize : 506
Solving...
Blb : 2 (clique : 25)
currentSize : 25 <-- 0.009285 s
currentSize : 26 <-- 0.661942 s
currentSize : 27 <-- 1.515863 s
currentSize : 28 <-- 21.525179 s
currentSize : 29 <-- 37.126263 s
currentSize : 30 <-- 451.846344 s

TIMEOUT
maxsize : 30
nodes : 740248090.000000
filtered : 5599184829.000000
time : 3600.000000
