Parameters: GAD=1 vflib=1 dir=0 label=1 lowerbound=1 fileNameGp=../graphsdb/mcs10/m3D/m3D/mcs10_m3D_s80.A08 fileNameGt=../graphsdb/mcs10/m3D/m3D/mcs10_m3D_s80.B08
Reading graphs...
80 :  183
80 :  183
Initializing...
maxdom : 11
D->valSize : 353
Solving...
Blb : 2 (clique : 22)
currentSize : 22 <-- 0.005160 s
currentSize : 23 <-- 0.005690 s
currentSize : 24 <-- 0.016107 s
currentSize : 25 <-- 0.034034 s
currentSize : 26 <-- 126.558350 s
currentSize : 27 <-- 130.462601 s
currentSize : 28 <-- 2061.790527 s

TIMEOUT
maxsize : 28
nodes : 790771984.000000
filtered : 6010924284.000000
time : 3600.000000
