Parameters: GAD=1 vflib=1 dir=0 label=1 lowerbound=1 fileNameGp=../graphsdb/mcs10/m2D/m2Dr6/mcs10_m2Dr6_s80.A01 fileNameGt=../graphsdb/mcs10/m2D/m2Dr6/mcs10_m2Dr6_s80.B01
Reading graphs...
80 :  188
80 :  188
Initializing...
maxdom : 8
D->valSize : 386
Solving...
Blb : 2 (clique : 24)
currentSize : 24 <-- 0.003683 s
currentSize : 25 <-- 0.003976 s
currentSize : 26 <-- 0.005281 s
currentSize : 27 <-- 4.191704 s
currentSize : 28 <-- 14.939760 s
currentSize : 29 <-- 50.874912 s
currentSize : 30 <-- 1486.245361 s

TIMEOUT
maxsize : 30
nodes : 730687495.000000
filtered : 6930588836.000000
time : 3600.000000
