Parameters: GAD=1 vflib=1 dir=0 label=1 lowerbound=1 fileNameGp=../graphsdb/mcs10/bvg/b09/mcs10_b09_s100.A41 fileNameGt=../graphsdb/mcs10/bvg/b09/mcs10_b09_s100.B41
Reading graphs...
100 :  445
100 :  440
Initializing...
maxdom : 7
D->valSize : 296
Solving...
Blb : 2 (clique : 18)
currentSize : 18 <-- 0.002901 s
currentSize : 19 <-- 0.003110 s
currentSize : 20 <-- 0.003614 s
currentSize : 21 <-- 0.004880 s
currentSize : 22 <-- 0.506838 s
currentSize : 23 <-- 4.159757 s
currentSize : 24 <-- 93.010162 s
currentSize : 25 <-- 1138.455078 s

TIMEOUT
maxsize : 25
nodes : 688887741.000000
filtered : 4791295991.000000
time : 3600.000000
