Parameters: GAD=1 vflib=1 dir=0 label=1 lowerbound=1 fileNameGp=../graphsdb/mcs10/rand/r01/mcs10_r01_s70.A20 fileNameGt=../graphsdb/mcs10/rand/r01/mcs10_r01_s70.B20
Reading graphs...
70 :  469
70 :  461
Initializing...
maxdom : 9
D->valSize : 315
Solving...
Blb : 2 (clique : 11)
currentSize : 11 <-- 0.002409 s
currentSize : 12 <-- 0.003078 s
currentSize : 13 <-- 0.028888 s
currentSize : 14 <-- 0.081748 s
currentSize : 15 <-- 5.904139 s

maxsize : 15
nodes : 7720322.000000
filtered : 85495977.000000
time : 34.615719
