Parameters: GAD=1 vflib=1 dir=0 label=1 lowerbound=1 fileNameGp=../graphsdb/mcs10/m2D/m2Dr6/mcs10_m2Dr6_s40.A51 fileNameGt=../graphsdb/mcs10/m2D/m2Dr6/mcs10_m2Dr6_s40.B51
Reading graphs...
40 :  87
40 :  89
Initializing...
maxdom : 10
D->valSize : 194
Solving...
Blb : 2 (clique : 11)
currentSize : 11 <-- 0.001674 s
currentSize : 12 <-- 0.001777 s
currentSize : 13 <-- 0.012961 s
currentSize : 14 <-- 0.054523 s
currentSize : 15 <-- 0.509553 s

maxsize : 15
nodes : 1971950.000000
filtered : 13359995.000000
time : 5.559112
