Parameters: GAD=1 vflib=1 dir=0 label=1 lowerbound=1 fileNameGp=../graphsdb/mcs10/rand/r005/mcs10_r005_s25.A75 fileNameGt=../graphsdb/mcs10/rand/r005/mcs10_r005_s25.B75
Reading graphs...
25 :  31
25 :  30
Initializing...
maxdom : 10
D->valSize : 153
Solving...
Blb : 2 (clique : 9)
currentSize : 9 <-- 0.000916 s
currentSize : 10 <-- 0.000961 s
currentSize : 11 <-- 0.000984 s
currentSize : 12 <-- 0.001034 s
currentSize : 13 <-- 0.037424 s

maxsize : 13
nodes : 40388.000000
filtered : 455266.000000
time : 0.118981
