Parameters: GAD=1 vflib=1 dir=0 label=1 lowerbound=1 fileNameGp=../graphsdb/mcs10/m4D/m4Dr6/mcs10_m4Dr6_s100.A42 fileNameGt=../graphsdb/mcs10/m4D/m4Dr6/mcs10_m4Dr6_s100.B42
Reading graphs...
100 :  217
100 :  216
Initializing...
maxdom : 7
D->valSize : 312
Solving...
Blb : 2 (clique : 31)
currentSize : 31 <-- 0.003092 s
currentSize : 32 <-- 0.338874 s
currentSize : 33 <-- 2.820650 s
currentSize : 34 <-- 4.009548 s
currentSize : 35 <-- 13.873494 s
currentSize : 36 <-- 57.943413 s
currentSize : 37 <-- 1095.968750 s

TIMEOUT
maxsize : 37
nodes : 722509773.000000
filtered : 3035356268.000000
time : 3600.000000
