Parameters: GAD=1 vflib=1 dir=0 label=1 lowerbound=1 fileNameGp=../graphsdb/mcs10/m3D/m3Dr2/mcs10_m3Dr2_s80.A15 fileNameGt=../graphsdb/mcs10/m3D/m3Dr2/mcs10_m3Dr2_s80.B15
Reading graphs...
80 :  199
80 :  195
Initializing...
maxdom : 10
D->valSize : 402
Solving...
Blb : 3 (clique : 22)
currentSize : 22 <-- 0.006193 s
currentSize : 23 <-- 0.006450 s
currentSize : 24 <-- 0.006525 s
currentSize : 25 <-- 0.254241 s
currentSize : 26 <-- 1.800251 s
currentSize : 27 <-- 15.186243 s
currentSize : 28 <-- 442.602661 s

TIMEOUT
maxsize : 28
nodes : 784390263.000000
filtered : 6233864891.000000
time : 3600.000000
