Parameters: GAD=1 vflib=1 dir=0 label=1 lowerbound=1 fileNameGp=../graphsdb/mcs10/m3D/m3D/mcs10_m3D_s100.A99 fileNameGt=../graphsdb/mcs10/m3D/m3D/mcs10_m3D_s100.B99
Reading graphs...
100 :  232
100 :  233
Initializing...
maxdom : 7
D->valSize : 329
Solving...
Blb : 2 (clique : 29)
currentSize : 29 <-- 0.003479 s
currentSize : 30 <-- 0.021415 s
currentSize : 31 <-- 1.160384 s
currentSize : 32 <-- 1.461606 s
currentSize : 33 <-- 2.566729 s
currentSize : 34 <-- 54.768738 s
currentSize : 35 <-- 131.873413 s

TIMEOUT
maxsize : 35
nodes : 708330442.000000
filtered : 4351239228.000000
time : 3600.000000
