Parameters: GAD=1 vflib=1 dir=0 label=1 lowerbound=1 fileNameGp=../graphsdb/mcs10/m2D/m2Dr2/mcs10_m2Dr2_s80.A10 fileNameGt=../graphsdb/mcs10/m2D/m2Dr2/mcs10_m2Dr2_s80.B10
Reading graphs...
80 :  157
80 :  157
Initializing...
maxdom : 9
D->valSize : 384
Solving...
Blb : 2 (clique : 25)
currentSize : 25 <-- 0.003655 s
currentSize : 26 <-- 0.005288 s
currentSize : 27 <-- 0.018859 s
currentSize : 28 <-- 40.031647 s
currentSize : 29 <-- 40.031975 s
currentSize : 30 <-- 69.956367 s
currentSize : 31 <-- 701.305786 s

TIMEOUT
maxsize : 31
nodes : 996578641.000000
filtered : 4256090070.000000
time : 3600.000000
