Parameters: GAD=1 vflib=1 dir=0 label=1 lowerbound=1 fileNameGp=../graphsdb/mcs10/m2D/m2Dr4/mcs10_m2Dr4_s70.A99 fileNameGt=../graphsdb/mcs10/m2D/m2Dr4/mcs10_m2Dr4_s70.B99
Reading graphs...
70 :  149
70 :  147
Initializing...
maxdom : 8
D->valSize : 302
Solving...
Blb : 2 (clique : 22)
currentSize : 22 <-- 0.004068 s
currentSize : 23 <-- 0.007895 s
currentSize : 24 <-- 0.021269 s
currentSize : 25 <-- 0.043744 s
currentSize : 26 <-- 33.070156 s
currentSize : 27 <-- 110.089684 s
currentSize : 28 <-- 133.167862 s

TIMEOUT
maxsize : 28
nodes : 930847066.000000
filtered : 5733878415.000000
time : 3600.000000
