Parameters: GAD=1 vflib=1 dir=0 label=1 lowerbound=1 fileNameGp=../graphsdb/mcs10/m2D/m2D/mcs10_m2D_s50.A38 fileNameGt=../graphsdb/mcs10/m2D/m2D/mcs10_m2D_s50.B38
Reading graphs...
50 :  85
50 :  84
Initializing...
maxdom : 11
D->valSize : 329
Solving...
Blb : 2 (clique : 20)
currentSize : 20 <-- 0.002495 s
currentSize : 21 <-- 0.073018 s
currentSize : 22 <-- 0.073833 s
currentSize : 23 <-- 0.076484 s
currentSize : 24 <-- 0.300922 s
currentSize : 25 <-- 5.151937 s

maxsize : 25
nodes : 385651842.000000
filtered : 6344937153.000000
time : 1662.423096
