Parameters: GAD=1 vflib=1 dir=0 label=1 lowerbound=1 fileNameGp=../graphsdb/mcs10/m3D/m3D/mcs10_m3D_s100.A04 fileNameGt=../graphsdb/mcs10/m3D/m3D/mcs10_m3D_s100.B04
Reading graphs...
100 :  235
100 :  232
Initializing...
maxdom : 8
D->valSize : 326
Solving...
Blb : 2 (clique : 26)
currentSize : 26 <-- 0.003354 s
currentSize : 27 <-- 0.003668 s
currentSize : 28 <-- 0.004754 s
currentSize : 29 <-- 0.006097 s
currentSize : 30 <-- 0.051654 s
currentSize : 31 <-- 6.425417 s
currentSize : 32 <-- 23.809736 s
currentSize : 33 <-- 140.393967 s
currentSize : 34 <-- 733.278870 s

TIMEOUT
maxsize : 34
nodes : 735190365.000000
filtered : 4266165040.000000
time : 3600.000000
