Parameters: GAD=1 vflib=1 dir=0 label=1 lowerbound=1 fileNameGp=../graphsdb/mcs10/bvg/b09m/mcs10_b09m_s100.A81 fileNameGt=../graphsdb/mcs10/bvg/b09m/mcs10_b09m_s100.B81
Reading graphs...
100 :  432
100 :  430
Initializing...
maxdom : 7
D->valSize : 306
Solving...
Blb : 2 (clique : 18)
currentSize : 18 <-- 0.002847 s
currentSize : 19 <-- 0.003900 s
currentSize : 20 <-- 0.004040 s
currentSize : 21 <-- 0.004698 s
currentSize : 22 <-- 0.005402 s
currentSize : 23 <-- 0.081167 s
currentSize : 24 <-- 1.419572 s
currentSize : 25 <-- 144.308960 s
currentSize : 26 <-- 520.813721 s

TIMEOUT
maxsize : 26
nodes : 699440855.000000
filtered : 4058758373.000000
time : 3600.000000
