Parameters: GAD=1 vflib=1 dir=0 label=1 lowerbound=1 fileNameGp=../graphsdb/mcs10/m3D/m3Dr2/mcs10_m3Dr2_s70.A53 fileNameGt=../graphsdb/mcs10/m3D/m3Dr2/mcs10_m3Dr2_s70.B53
Reading graphs...
70 :  171
70 :  169
Initializing...
maxdom : 9
D->valSize : 288
Solving...
Blb : 2 (clique : 18)
currentSize : 18 <-- 0.002165 s
currentSize : 20 <-- 0.002285 s
currentSize : 21 <-- 0.008824 s
currentSize : 22 <-- 0.011701 s
currentSize : 23 <-- 0.023415 s
currentSize : 24 <-- 201.422287 s
currentSize : 25 <-- 203.405502 s

TIMEOUT
maxsize : 25
nodes : 879359385.000000
filtered : 6673642359.000000
time : 3600.000000
