Parameters: GAD=1 vflib=1 dir=0 label=1 lowerbound=1 fileNameGp=../graphsdb/mcs10/bvg/b03/mcs10_b03_s100.A34 fileNameGt=../graphsdb/mcs10/bvg/b03/mcs10_b03_s100.B34
Reading graphs...
100 :  149
100 :  150
Initializing...
maxdom : 9
D->valSize : 315
Solving...
Blb : 2 (clique : 33)
currentSize : 33 <-- 0.003027 s
currentSize : 34 <-- 0.113391 s
currentSize : 35 <-- 0.374283 s
currentSize : 36 <-- 10.444467 s
currentSize : 37 <-- 27.465729 s
currentSize : 38 <-- 1978.819336 s

TIMEOUT
maxsize : 38
nodes : 852631704.000000
filtered : 3305193881.000000
time : 3600.000000
