Parameters: GAD=1 vflib=1 dir=0 label=1 lowerbound=1 fileNameGp=../graphsdb/mcs10/bvg/b06m/mcs10_b06m_s80.A13 fileNameGt=../graphsdb/mcs10/bvg/b06m/mcs10_b06m_s80.B13
Reading graphs...
80 :  235
80 :  233
Initializing...
maxdom : 11
D->valSize : 388
Solving...
Blb : 2 (clique : 20)
currentSize : 20 <-- 0.003562 s
currentSize : 21 <-- 0.005352 s
currentSize : 22 <-- 0.158242 s
currentSize : 23 <-- 0.214252 s
currentSize : 24 <-- 8.161113 s
currentSize : 25 <-- 23.516108 s
currentSize : 26 <-- 133.413559 s
currentSize : 27 <-- 596.593201 s

TIMEOUT
maxsize : 27
nodes : 676826140.000000
filtered : 9048523242.000000
time : 3600.000000
