Parameters: GAD=1 vflib=1 dir=0 label=1 lowerbound=1 fileNameGp=../graphsdb/mcs10/m3D/m3D/mcs10_m3D_s60.A66 fileNameGt=../graphsdb/mcs10/m3D/m3D/mcs10_m3D_s60.B66
Reading graphs...
60 :  132
60 :  133
Initializing...
maxdom : 7
D->valSize : 225
Solving...
Blb : 2 (clique : 17)
currentSize : 17 <-- 0.001539 s
currentSize : 18 <-- 0.001704 s
currentSize : 19 <-- 0.062034 s
currentSize : 20 <-- 0.089144 s
currentSize : 21 <-- 4.520280 s
currentSize : 22 <-- 412.246582 s

maxsize : 22
nodes : 255606646.000000
filtered : 1430785895.000000
time : 869.996399
