Parameters: GAD=1 vflib=1 dir=0 label=1 lowerbound=1 fileNameGp=../graphsdb/mcs10/rand/r005/mcs10_r005_s100.A98 fileNameGt=../graphsdb/mcs10/rand/r005/mcs10_r005_s100.B98
Reading graphs...
100 :  492
100 :  486
Initializing...
maxdom : 6
D->valSize : 339
Solving...
Blb : 2 (clique : 18)
currentSize : 18 <-- 0.003612 s
currentSize : 19 <-- 0.003779 s
currentSize : 20 <-- 0.008275 s
currentSize : 21 <-- 0.008320 s
currentSize : 22 <-- 0.060000 s
currentSize : 23 <-- 3.317280 s
currentSize : 24 <-- 36.217392 s
currentSize : 25 <-- 1446.912720 s

TIMEOUT
maxsize : 25
nodes : 686622769.000000
filtered : 4520536243.000000
time : 3600.000000
