Parameters: GAD=1 vflib=1 dir=0 label=1 lowerbound=1 fileNameGp=../graphsdb/mcs10/m3D/m3Dr4/mcs10_m3Dr4_s90.A26 fileNameGt=../graphsdb/mcs10/m3D/m3Dr4/mcs10_m3Dr4_s90.B26
Reading graphs...
90 :  240
90 :  242
Initializing...
maxdom : 10
D->valSize : 513
Solving...
Blb : 2 (clique : 24)
currentSize : 24 <-- 0.005587 s
currentSize : 25 <-- 0.006042 s
currentSize : 26 <-- 0.018832 s
currentSize : 27 <-- 10.981662 s
currentSize : 28 <-- 14.247925 s
currentSize : 29 <-- 376.111755 s
currentSize : 30 <-- 1368.282715 s
currentSize : 31 <-- 1726.657959 s

TIMEOUT
maxsize : 31
nodes : 785733983.000000
filtered : 5898734454.000000
time : 3600.000000
