Parameters: GAD=1 vflib=1 dir=0 label=1 lowerbound=1 fileNameGp=../graphsdb/mcs10/m2D/m2Dr6/mcs10_m2Dr6_s50.A28 fileNameGt=../graphsdb/mcs10/m2D/m2Dr6/mcs10_m2Dr6_s50.B28
Reading graphs...
50 :  112
50 :  113
Initializing...
maxdom : 10
D->valSize : 296
Solving...
Blb : 2 (clique : 15)
currentSize : 15 <-- 0.002179 s
currentSize : 16 <-- 0.002285 s
currentSize : 17 <-- 0.005555 s
currentSize : 18 <-- 0.008073 s
currentSize : 19 <-- 0.332665 s

maxsize : 19
nodes : 70800913.000000
filtered : 740926347.000000
time : 256.027252
