Parameters: GAD=1 vflib=1 dir=0 label=1 lowerbound=1 fileNameGp=../graphsdb/mcs10/m2D/m2Dr4/mcs10_m2Dr4_s60.A29 fileNameGt=../graphsdb/mcs10/m2D/m2Dr4/mcs10_m2Dr4_s60.B29
Reading graphs...
60 :  127
60 :  124
Initializing...
maxdom : 7
D->valSize : 222
Solving...
Blb : 2 (clique : 17)
currentSize : 17 <-- 0.002479 s
currentSize : 18 <-- 0.002673 s
currentSize : 19 <-- 0.021436 s
currentSize : 20 <-- 11.382828 s
currentSize : 21 <-- 84.330994 s
currentSize : 22 <-- 85.807762 s
currentSize : 23 <-- 95.043518 s
currentSize : 24 <-- 146.604050 s

maxsize : 24
nodes : 116661138.000000
filtered : 739645889.000000
time : 443.046936
