Parameters: GAD=1 vflib=1 dir=0 label=1 lowerbound=1 fileNameGp=../graphsdb/mcs10/m3D/m3Dr2/mcs10_m3Dr2_s100.A11 fileNameGt=../graphsdb/mcs10/m3D/m3Dr2/mcs10_m3Dr2_s100.B11
Reading graphs...
100 :  251
100 :  249
Initializing...
maxdom : 10
D->valSize : 293
Solving...
Blb : 2 (clique : 23)
currentSize : 23 <-- 0.003173 s
currentSize : 24 <-- 0.003693 s
currentSize : 25 <-- 0.004288 s
currentSize : 26 <-- 1.146692 s
currentSize : 27 <-- 1.792714 s
currentSize : 28 <-- 81.613335 s
currentSize : 29 <-- 83.368042 s
currentSize : 30 <-- 84.914268 s
currentSize : 31 <-- 118.962524 s
currentSize : 32 <-- 1455.540039 s
currentSize : 33 <-- 1810.184937 s

TIMEOUT
maxsize : 33
nodes : 814838561.000000
filtered : 2691661931.000000
time : 3600.000000
