Parameters: GAD=1 vflib=1 dir=0 label=1 lowerbound=1 fileNameGp=../graphsdb/mcs10/m3D/m3Dr6/mcs10_m3Dr6_s60.A41 fileNameGt=../graphsdb/mcs10/m3D/m3Dr6/mcs10_m3Dr6_s60.B41
Reading graphs...
60 :  167
60 :  167
Initializing...
maxdom : 8
D->valSize : 228
Solving...
Blb : 2 (clique : 15)
currentSize : 15 <-- 0.001720 s
currentSize : 16 <-- 0.047292 s
currentSize : 17 <-- 0.683695 s
currentSize : 18 <-- 0.700940 s
currentSize : 19 <-- 0.707456 s
currentSize : 20 <-- 92.262390 s
currentSize : 21 <-- 131.238068 s

maxsize : 21
nodes : 39870084.000000
filtered : 265323739.000000
time : 152.364273
