Parameters: GAD=1 vflib=1 dir=0 label=1 lowerbound=1 fileNameGp=../graphsdb/mcs10/bvg/b06m/mcs10_b06m_s90.A64 fileNameGt=../graphsdb/mcs10/bvg/b06m/mcs10_b06m_s90.B64
Reading graphs...
90 :  265
90 :  265
Initializing...
maxdom : 9
D->valSize : 496
Solving...
Blb : 2 (clique : 24)
currentSize : 24 <-- 0.008846 s
currentSize : 25 <-- 0.009226 s
currentSize : 26 <-- 0.012437 s
currentSize : 27 <-- 0.012950 s
currentSize : 28 <-- 0.017260 s
currentSize : 29 <-- 0.035209 s
currentSize : 30 <-- 0.305152 s
currentSize : 31 <-- 179.964661 s

TIMEOUT
maxsize : 31
nodes : 749291409.000000
filtered : 5586087626.000000
time : 3600.000000
