Parameters: GAD=1 vflib=1 dir=0 label=1 lowerbound=1 fileNameGp=../graphsdb/mcs10/m3D/m3D/mcs10_m3D_s60.A53 fileNameGt=../graphsdb/mcs10/m3D/m3D/mcs10_m3D_s60.B53
Reading graphs...
60 :  131
60 :  131
Initializing...
maxdom : 8
D->valSize : 232
Solving...
Blb : 2 (clique : 17)
currentSize : 17 <-- 0.002052 s
currentSize : 18 <-- 0.004009 s
currentSize : 19 <-- 0.045331 s
currentSize : 20 <-- 10.101475 s
currentSize : 21 <-- 101.163834 s
currentSize : 22 <-- 101.163940 s

maxsize : 22
nodes : 138895640.000000
filtered : 920786382.000000
time : 514.139282
