Parameters: GAD=1 vflib=1 dir=0 label=1 lowerbound=1 fileNameGp=../graphsdb/mcs10/m2D/m2Dr6/mcs10_m2Dr6_s60.A49 fileNameGt=../graphsdb/mcs10/m2D/m2Dr6/mcs10_m2Dr6_s60.B49
Reading graphs...
60 :  139
60 :  136
Initializing...
maxdom : 7
D->valSize : 248
Solving...
Blb : 2 (clique : 19)
currentSize : 19 <-- 0.001782 s
currentSize : 20 <-- 0.049075 s
currentSize : 21 <-- 0.265671 s
currentSize : 22 <-- 0.266412 s
currentSize : 23 <-- 0.457543 s
currentSize : 24 <-- 95.146088 s

maxsize : 24
nodes : 65577262.000000
filtered : 535257836.000000
time : 282.414551
