Parameters: GAD=1 vflib=1 dir=0 label=1 lowerbound=1 fileNameGp=../graphsdb/mcs10/rand/r01/mcs10_r01_s80.A61 fileNameGt=../graphsdb/mcs10/rand/r01/mcs10_r01_s80.B61
Reading graphs...
80 :  600
80 :  605
Initializing...
maxdom : 11
D->valSize : 412
Solving...
Blb : 3 (clique : 12)
currentSize : 12 <-- 0.003786 s
currentSize : 13 <-- 0.003972 s
currentSize : 14 <-- 0.007052 s
currentSize : 15 <-- 0.021676 s
currentSize : 16 <-- 0.562524 s
currentSize : 17 <-- 33.119884 s

maxsize : 17
nodes : 36551684.000000
filtered : 438529830.000000
time : 188.526138
