Parameters: GAD=1 vflib=1 dir=0 label=1 lowerbound=1 fileNameGp=../graphsdb/mcs10/m3D/m3Dr2/mcs10_m3Dr2_s80.A52 fileNameGt=../graphsdb/mcs10/m3D/m3Dr2/mcs10_m3Dr2_s80.B52
Reading graphs...
80 :  197
80 :  197
Initializing...
maxdom : 10
D->valSize : 430
Solving...
Blb : 2 (clique : 22)
currentSize : 22 <-- 0.006920 s
currentSize : 23 <-- 0.007761 s
currentSize : 24 <-- 0.033986 s
currentSize : 25 <-- 0.242816 s
currentSize : 26 <-- 1.297658 s
currentSize : 27 <-- 11.502842 s
currentSize : 28 <-- 1249.150635 s

TIMEOUT
maxsize : 28
nodes : 713964158.000000
filtered : 7129207131.000000
time : 3600.000000
