Parameters: GAD=1 vflib=1 dir=0 label=1 lowerbound=1 fileNameGp=../graphsdb/mcs10/m4D/m4Dr2/mcs10_m4Dr2_s100.A12 fileNameGt=../graphsdb/mcs10/m4D/m4Dr2/mcs10_m4Dr2_s100.B12
Reading graphs...
100 :  177
100 :  178
Initializing...
maxdom : 6
D->valSize : 340
Solving...
Blb : 2 (clique : 35)
currentSize : 35 <-- 0.005724 s
currentSize : 36 <-- 0.007115 s
currentSize : 37 <-- 0.007383 s
currentSize : 38 <-- 0.008459 s
currentSize : 39 <-- 0.119255 s
currentSize : 40 <-- 2675.635742 s

TIMEOUT
maxsize : 40
nodes : 722688875.000000
filtered : 2858282653.000000
time : 3600.000000
