Parameters: GAD=1 vflib=1 dir=0 label=1 lowerbound=1 fileNameGp=../graphsdb/mcs10/m2D/m2Dr4/mcs10_m2Dr4_s90.A72 fileNameGt=../graphsdb/mcs10/m2D/m2Dr4/mcs10_m2Dr4_s90.B72
Reading graphs...
90 :  194
90 :  195
Initializing...
maxdom : 9
D->valSize : 496
Solving...
Blb : 2 (clique : 29)
currentSize : 29 <-- 0.009101 s
currentSize : 30 <-- 0.305221 s
currentSize : 31 <-- 0.459135 s
currentSize : 32 <-- 1.419361 s
currentSize : 33 <-- 221.792603 s
currentSize : 34 <-- 453.488342 s

TIMEOUT
maxsize : 34
nodes : 749908901.000000
filtered : 4667004879.000000
time : 3600.000000
