Parameters: GAD=1 vflib=1 dir=0 label=1 lowerbound=1 fileNameGp=../graphsdb/mcs10/m3D/m3Dr2/mcs10_m3Dr2_s80.A19 fileNameGt=../graphsdb/mcs10/m3D/m3Dr2/mcs10_m3Dr2_s80.B19
Reading graphs...
80 :  196
80 :  197
Initializing...
maxdom : 10
D->valSize : 407
Solving...
Blb : 2 (clique : 24)
currentSize : 24 <-- 0.003910 s
currentSize : 25 <-- 0.007850 s
currentSize : 26 <-- 0.031081 s
currentSize : 27 <-- 13.663992 s
currentSize : 28 <-- 92.475235 s
currentSize : 29 <-- 1779.888184 s

TIMEOUT
maxsize : 29
nodes : 886438397.000000
filtered : 5319021865.000000
time : 3600.000000
