Parameters: GAD=1 vflib=1 dir=0 label=1 lowerbound=1 fileNameGp=../graphsdb/mcs10/m2D/m2Dr2/mcs10_m2Dr2_s100.A39 fileNameGt=../graphsdb/mcs10/m2D/m2Dr2/mcs10_m2Dr2_s100.B39
Reading graphs...
100 :  200
100 :  199
Initializing...
maxdom : 8
D->valSize : 328
Solving...
Blb : 5 (clique : 34)
currentSize : 34 <-- 0.003674 s
currentSize : 35 <-- 134.232132 s
currentSize : 36 <-- 137.968063 s
currentSize : 37 <-- 286.179657 s
currentSize : 38 <-- 502.937195 s
currentSize : 39 <-- 1042.450928 s

TIMEOUT
maxsize : 39
nodes : 710510232.000000
filtered : 3902927422.000000
time : 3600.000000
