Parameters: GAD=1 vflib=1 dir=0 label=1 lowerbound=1 fileNameGp=../graphsdb/mcs10/m3D/m3Dr6/mcs10_m3Dr6_s60.A14 fileNameGt=../graphsdb/mcs10/m3D/m3Dr6/mcs10_m3Dr6_s60.B14
Reading graphs...
60 :  167
60 :  164
Initializing...
maxdom : 9
D->valSize : 220
Solving...
Blb : 2 (clique : 16)
currentSize : 16 <-- 0.002446 s
currentSize : 17 <-- 0.004006 s
currentSize : 18 <-- 0.004275 s
currentSize : 19 <-- 0.022328 s
currentSize : 20 <-- 2.522422 s

maxsize : 20
nodes : 4910100.000000
filtered : 38118226.000000
time : 18.365707
