Parameters: GAD=1 vflib=1 dir=0 label=1 lowerbound=1 fileNameGp=../graphsdb/mcs10/m3D/m3Dr4/mcs10_m3Dr4_s100.A11 fileNameGt=../graphsdb/mcs10/m3D/m3Dr4/mcs10_m3Dr4_s100.B11
Reading graphs...
100 :  271
100 :  272
Initializing...
maxdom : 7
D->valSize : 340
Solving...
Blb : 2 (clique : 27)
currentSize : 27 <-- 0.005494 s
currentSize : 28 <-- 1.779798 s
currentSize : 29 <-- 4.618942 s
currentSize : 30 <-- 5.800510 s
currentSize : 31 <-- 39.702763 s
currentSize : 32 <-- 3376.388184 s

TIMEOUT
maxsize : 32
nodes : 740293967.000000
filtered : 3849659401.000000
time : 3600.000000
