Parameters: GAD=1 vflib=1 dir=0 label=1 lowerbound=1 fileNameGp=../graphsdb/mcs10/bvg/b06m/mcs10_b06m_s90.A06 fileNameGt=../graphsdb/mcs10/bvg/b06m/mcs10_b06m_s90.B06
Reading graphs...
90 :  263
90 :  264
Initializing...
maxdom : 11
D->valSize : 550
Solving...
Blb : 5 (clique : 24)
currentSize : 24 <-- 0.006250 s
currentSize : 25 <-- 0.026111 s
currentSize : 26 <-- 0.118415 s
currentSize : 27 <-- 0.384253 s
currentSize : 28 <-- 4.448530 s
currentSize : 29 <-- 218.177536 s
currentSize : 30 <-- 1739.178467 s

TIMEOUT
maxsize : 30
nodes : 783358222.000000
filtered : 5509837039.000000
time : 3600.000000
