Parameters: GAD=1 vflib=1 dir=0 label=1 lowerbound=1 fileNameGp=../graphsdb/mcs10/m3D/m3Dr2/mcs10_m3Dr2_s60.A79 fileNameGt=../graphsdb/mcs10/m3D/m3Dr2/mcs10_m3Dr2_s60.B79
Reading graphs...
60 :  145
60 :  143
Initializing...
maxdom : 7
D->valSize : 220
Solving...
Blb : 2 (clique : 17)
currentSize : 17 <-- 0.001763 s
currentSize : 18 <-- 0.007266 s
currentSize : 19 <-- 0.008044 s
currentSize : 20 <-- 0.089621 s
currentSize : 21 <-- 16.540510 s
currentSize : 22 <-- 16.679976 s

maxsize : 22
nodes : 17889579.000000
filtered : 127454515.000000
time : 69.325447
