Parameters: GAD=1 vflib=1 dir=0 label=1 lowerbound=1 fileNameGp=../graphsdb/mcs10/m3D/m3Dr2/mcs10_m3Dr2_s90.A58 fileNameGt=../graphsdb/mcs10/m3D/m3Dr2/mcs10_m3Dr2_s90.B58
Reading graphs...
90 :  222
90 :  223
Initializing...
maxdom : 12
D->valSize : 514
Solving...
Blb : 2 (clique : 25)
currentSize : 25 <-- 0.005652 s
currentSize : 26 <-- 0.138557 s
currentSize : 27 <-- 0.278851 s
currentSize : 28 <-- 2.654220 s
currentSize : 29 <-- 14.507830 s
currentSize : 30 <-- 97.462143 s
currentSize : 31 <-- 615.432129 s

TIMEOUT
maxsize : 31
nodes : 843644867.000000
filtered : 4973045821.000000
time : 3600.000000
