Parameters: GAD=1 vflib=1 dir=0 label=1 lowerbound=1 fileNameGp=../graphsdb/mcs10/rand/r005/mcs10_r005_s70.A70 fileNameGt=../graphsdb/mcs10/rand/r005/mcs10_r005_s70.B70
Reading graphs...
70 :  237
70 :  239
Initializing...
maxdom : 6
D->valSize : 317
Solving...
Blb : 2 (clique : 17)
currentSize : 17 <-- 0.002706 s
currentSize : 18 <-- 0.014102 s
currentSize : 20 <-- 0.022599 s
currentSize : 21 <-- 0.988678 s
currentSize : 22 <-- 1.441857 s
currentSize : 23 <-- 615.962830 s

TIMEOUT
maxsize : 23
nodes : 821997440.000000
filtered : 6200349974.000000
time : 3600.000000
