Parameters: GAD=1 vflib=1 dir=0 label=1 lowerbound=1 fileNameGp=../graphsdb/mcs10/m4D/m4Dr4/mcs10_m4Dr4_s100.A96 fileNameGt=../graphsdb/mcs10/m4D/m4Dr4/mcs10_m4Dr4_s100.B96
Reading graphs...
100 :  196
100 :  197
Initializing...
maxdom : 7
D->valSize : 354
Solving...
Blb : 2 (clique : 35)
currentSize : 35 <-- 0.003726 s
currentSize : 36 <-- 0.004010 s
currentSize : 37 <-- 0.004553 s
currentSize : 38 <-- 11.115678 s
currentSize : 39 <-- 11.119677 s
currentSize : 40 <-- 63.159824 s

TIMEOUT
maxsize : 40
nodes : 779476268.000000
filtered : 3390659108.000000
time : 3600.000000
