Parameters: GAD=1 vflib=1 dir=0 label=1 lowerbound=1 fileNameGp=../graphsdb/mcs10/rand/r01/mcs10_r01_s90.A92 fileNameGt=../graphsdb/mcs10/rand/r01/mcs10_r01_s90.B92
Reading graphs...
90 :  755
90 :  763
Initializing...
maxdom : 10
D->valSize : 516
Solving...
Blb : 2 (clique : 12)
currentSize : 12 <-- 0.005423 s
currentSize : 14 <-- 0.005553 s
currentSize : 15 <-- 0.005607 s
currentSize : 16 <-- 0.011184 s
currentSize : 17 <-- 1.423842 s
currentSize : 18 <-- 563.267639 s

maxsize : 18
nodes : 412293676.000000
filtered : 5393481342.000000
time : 2244.285645
