Parameters: GAD=1 vflib=1 dir=0 label=1 lowerbound=1 fileNameGp=../graphsdb/mcs10/rand/r005/mcs10_r005_s70.A74 fileNameGt=../graphsdb/mcs10/rand/r005/mcs10_r005_s70.B74
Reading graphs...
70 :  236
70 :  238
Initializing...
maxdom : 8
D->valSize : 326
Solving...
Blb : 5 (clique : 17)
currentSize : 17 <-- 0.004189 s
currentSize : 18 <-- 0.006012 s
currentSize : 19 <-- 0.009724 s
currentSize : 20 <-- 0.033202 s
currentSize : 21 <-- 0.762502 s
currentSize : 22 <-- 14.466729 s

TIMEOUT
maxsize : 22
nodes : 805556241.000000
filtered : 7622308515.000000
time : 3600.000000
