Parameters: GAD=1 vflib=1 dir=0 label=1 lowerbound=1 fileNameGp=../graphsdb/mcs10/m2D/m2Dr6/mcs10_m2Dr6_s90.A04 fileNameGt=../graphsdb/mcs10/m2D/m2Dr6/mcs10_m2Dr6_s90.B04
Reading graphs...
90 :  213
90 :  213
Initializing...
maxdom : 12
D->valSize : 465
Solving...
Blb : 2 (clique : 26)
currentSize : 26 <-- 0.005026 s
currentSize : 27 <-- 0.011175 s
currentSize : 28 <-- 1.392479 s
currentSize : 29 <-- 37.920094 s
currentSize : 30 <-- 38.179974 s
currentSize : 31 <-- 48.482285 s
currentSize : 32 <-- 1246.913696 s

TIMEOUT
maxsize : 32
nodes : 874629753.000000
filtered : 4936881042.000000
time : 3600.000000
