Parameters: GAD=1 vflib=1 dir=0 label=1 lowerbound=1 fileNameGp=../graphsdb/mcs10/rand/r01/mcs10_r01_s60.A54 fileNameGt=../graphsdb/mcs10/rand/r01/mcs10_r01_s60.B54
Reading graphs...
60 :  340
60 :  345
Initializing...
maxdom : 9
D->valSize : 238
Solving...
Blb : 2 (clique : 10)
currentSize : 10 <-- 0.001683 s
currentSize : 11 <-- 0.002499 s
currentSize : 12 <-- 0.027998 s
currentSize : 13 <-- 0.072038 s
currentSize : 14 <-- 0.177503 s

maxsize : 14
nodes : 2042560.000000
filtered : 17968119.000000
time : 8.500955
