Parameters: GAD=1 vflib=1 dir=0 label=1 lowerbound=1 fileNameGp=../graphsdb/mcs10/bvg/b06/mcs10_b06_s70.A88 fileNameGt=../graphsdb/mcs10/bvg/b06/mcs10_b06_s70.B88
Reading graphs...
70 :  204
70 :  208
Initializing...
maxdom : 9
D->valSize : 307
Solving...
Blb : 2 (clique : 18)
currentSize : 18 <-- 0.003919 s
currentSize : 19 <-- 0.004131 s
currentSize : 20 <-- 0.004369 s
currentSize : 21 <-- 0.004900 s
currentSize : 22 <-- 0.022279 s
currentSize : 23 <-- 0.185096 s
currentSize : 24 <-- 303.623383 s

TIMEOUT
maxsize : 24
nodes : 803188986.000000
filtered : 7625502740.000000
time : 3600.000000
