Parameters: GAD=1 vflib=1 dir=0 label=1 lowerbound=1 fileNameGp=../graphsdb/mcs10/m4D/m4Dr6/mcs10_m4Dr6_s100.A23 fileNameGt=../graphsdb/mcs10/m4D/m4Dr6/mcs10_m4Dr6_s100.B23
Reading graphs...
100 :  217
100 :  216
Initializing...
maxdom : 7
D->valSize : 375
Solving...
Blb : 2 (clique : 30)
currentSize : 30 <-- 0.003837 s
currentSize : 31 <-- 0.004244 s
currentSize : 32 <-- 0.005098 s
currentSize : 33 <-- 0.087378 s
currentSize : 34 <-- 10.720869 s
currentSize : 35 <-- 17.593372 s
currentSize : 36 <-- 114.427979 s
currentSize : 37 <-- 1929.046997 s

TIMEOUT
maxsize : 37
nodes : 696531184.000000
filtered : 3768821347.000000
time : 3600.000000
