Parameters: GAD=1 vflib=1 dir=0 label=1 lowerbound=1 fileNameGp=../graphsdb/mcs10/m2D/m2Dr4/mcs10_m2Dr4_s60.A10 fileNameGt=../graphsdb/mcs10/m2D/m2Dr4/mcs10_m2Dr4_s60.B10
Reading graphs...
60 :  127
60 :  124
Initializing...
maxdom : 9
D->valSize : 222
Solving...
Blb : 2 (clique : 20)
currentSize : 20 <-- 0.001645 s
currentSize : 21 <-- 0.006520 s
currentSize : 22 <-- 10.275058 s
currentSize : 23 <-- 56.457676 s
currentSize : 24 <-- 165.419006 s
currentSize : 25 <-- 247.190308 s

maxsize : 25
nodes : 96189381.000000
filtered : 626641207.000000
time : 373.980316
