Parameters: GAD=1 vflib=1 dir=0 label=1 lowerbound=1 fileNameGp=../graphsdb/mcs10/m3D/m3Dr6/mcs10_m3Dr6_s70.A13 fileNameGt=../graphsdb/mcs10/m3D/m3Dr6/mcs10_m3Dr6_s70.B13
Reading graphs...
70 :  197
70 :  193
Initializing...
maxdom : 7
D->valSize : 307
Solving...
Blb : 2 (clique : 16)
currentSize : 16 <-- 0.002379 s
currentSize : 18 <-- 0.002497 s
currentSize : 19 <-- 0.012991 s
currentSize : 20 <-- 0.148339 s
currentSize : 21 <-- 7.880383 s
currentSize : 22 <-- 41.986221 s
currentSize : 23 <-- 92.639923 s
currentSize : 24 <-- 1634.020386 s

TIMEOUT
maxsize : 24
nodes : 837544533.000000
filtered : 6238776874.000000
time : 3600.000000
