Parameters: GAD=1 vflib=1 dir=0 label=1 lowerbound=1 fileNameGp=../graphsdb/mcs10/bvg/b06/mcs10_b06_s90.A13 fileNameGt=../graphsdb/mcs10/bvg/b06/mcs10_b06_s90.B13
Reading graphs...
90 :  268
90 :  269
Initializing...
maxdom : 10
D->valSize : 502
Solving...
Blb : 2 (clique : 23)
currentSize : 23 <-- 0.005633 s
currentSize : 24 <-- 0.010297 s
currentSize : 25 <-- 0.012925 s
currentSize : 27 <-- 0.095615 s
currentSize : 28 <-- 0.906003 s
currentSize : 29 <-- 181.750534 s

TIMEOUT
maxsize : 29
nodes : 817857238.000000
filtered : 5044612562.000000
time : 3600.000000
