Parameters: GAD=1 vflib=1 dir=0 label=1 lowerbound=1 fileNameGp=../graphsdb/mcs10/m3D/m3Dr4/mcs10_m3Dr4_s100.A61 fileNameGt=../graphsdb/mcs10/m3D/m3Dr4/mcs10_m3Dr4_s100.B61
Reading graphs...
100 :  272
100 :  270
Initializing...
maxdom : 6
D->valSize : 333
Solving...
Blb : 2 (clique : 26)
currentSize : 26 <-- 0.005376 s
currentSize : 27 <-- 0.005808 s
currentSize : 28 <-- 0.046027 s
currentSize : 29 <-- 2.589361 s
currentSize : 30 <-- 3.673320 s
currentSize : 31 <-- 169.974106 s
currentSize : 32 <-- 3254.228271 s

TIMEOUT
maxsize : 32
nodes : 739637326.000000
filtered : 4243163034.000000
time : 3600.000000
