Parameters: GAD=1 vflib=1 dir=0 label=1 lowerbound=1 fileNameGp=../graphsdb/mcs10/m3D/m3Dr4/mcs10_m3Dr4_s80.A39 fileNameGt=../graphsdb/mcs10/m3D/m3Dr4/mcs10_m3Dr4_s80.B39
Reading graphs...
80 :  212
80 :  209
Initializing...
maxdom : 12
D->valSize : 385
Solving...
Blb : 5 (clique : 22)
currentSize : 22 <-- 0.006398 s
currentSize : 23 <-- 0.041065 s
currentSize : 24 <-- 0.046140 s
currentSize : 25 <-- 0.620553 s
currentSize : 26 <-- 179.142593 s
currentSize : 27 <-- 1109.667480 s

TIMEOUT
maxsize : 27
nodes : 798883989.000000
filtered : 6406550209.000000
time : 3600.000000
