Parameters: GAD=1 vflib=1 dir=0 label=1 lowerbound=1 fileNameGp=../graphsdb/mcs10/m4D/m4D/mcs10_m4D_s100.A59 fileNameGt=../graphsdb/mcs10/m4D/m4D/mcs10_m4D_s100.B59
Reading graphs...
100 :  158
100 :  159
Initializing...
maxdom : 8
D->valSize : 325
Solving...
Blb : 2 (clique : 36)
currentSize : 36 <-- 0.005439 s
currentSize : 37 <-- 0.626883 s
currentSize : 38 <-- 8.275927 s
currentSize : 39 <-- 77.126244 s
currentSize : 40 <-- 1835.161133 s
currentSize : 41 <-- 1927.733276 s
currentSize : 42 <-- 3126.794678 s

TIMEOUT
maxsize : 42
nodes : 805142173.000000
filtered : 3852114291.000000
time : 3600.000000
