Parameters: GAD=1 vflib=1 dir=0 label=1 lowerbound=1 fileNameGp=../graphsdb/mcs10/m2D/m2Dr4/mcs10_m2Dr4_s50.A75 fileNameGt=../graphsdb/mcs10/m2D/m2Dr4/mcs10_m2Dr4_s50.B75
Reading graphs...
50 :  103
50 :  103
Initializing...
maxdom : 12
D->valSize : 309
Solving...
Blb : 2 (clique : 15)
currentSize : 15 <-- 0.002288 s
currentSize : 16 <-- 0.002429 s
currentSize : 17 <-- 0.005691 s
currentSize : 18 <-- 0.528293 s
currentSize : 19 <-- 4.999109 s
currentSize : 20 <-- 5.043293 s
currentSize : 21 <-- 5.555571 s
currentSize : 22 <-- 89.322609 s

maxsize : 22
nodes : 97722100.000000
filtered : 1110749194.000000
time : 359.358459
