Parameters: GAD=1 vflib=1 dir=0 label=1 lowerbound=1 fileNameGp=../graphsdb/mcs10/rand/r01/mcs10_r01_s50.A62 fileNameGt=../graphsdb/mcs10/rand/r01/mcs10_r01_s50.B62
Reading graphs...
50 :  234
50 :  235
Initializing...
maxdom : 10
D->valSize : 302
Solving...
Blb : 2 (clique : 11)
currentSize : 11 <-- 0.003220 s
currentSize : 12 <-- 0.003369 s
currentSize : 13 <-- 0.005502 s
currentSize : 14 <-- 0.093542 s
currentSize : 15 <-- 2.281881 s

maxsize : 15
nodes : 3782353.000000
filtered : 45930566.000000
time : 15.010185
