Parameters: GAD=1 vflib=1 dir=0 label=1 lowerbound=1 fileNameGp=../graphsdb/mcs10/rand/r02/mcs10_r02_s80.A97 fileNameGt=../graphsdb/mcs10/rand/r02/mcs10_r02_s80.B97
Reading graphs...
80 :  1138
80 :  1140
Initializing...
maxdom : 11
D->valSize : 412
Solving...
Blb : 2 (clique : 7)
currentSize : 7 <-- 0.003849 s
currentSize : 8 <-- 0.003963 s
currentSize : 9 <-- 0.004139 s
currentSize : 10 <-- 0.014210 s
currentSize : 11 <-- 0.801235 s

maxsize : 11
nodes : 668015.000000
filtered : 8477440.000000
time : 3.425584
