Parameters: GAD=1 vflib=1 dir=0 label=1 lowerbound=1 fileNameGp=../graphsdb/mcs10/rand/r02/mcs10_r02_s50.A91 fileNameGt=../graphsdb/mcs10/rand/r02/mcs10_r02_s50.B91
Reading graphs...
50 :  444
50 :  439
Initializing...
maxdom : 8
D->valSize : 323
Solving...
Blb : 2 (clique : 6)
currentSize : 6 <-- 0.003202 s
currentSize : 7 <-- 0.003312 s
currentSize : 8 <-- 0.003538 s
currentSize : 9 <-- 0.005587 s
currentSize : 10 <-- 0.295294 s

maxsize : 10
nodes : 148202.000000
filtered : 1700868.000000
time : 0.582841
