Parameters: GAD=1 vflib=1 dir=0 label=1 lowerbound=1 fileNameGp=../graphsdb/mcs10/rand/r01/mcs10_r01_s60.A79 fileNameGt=../graphsdb/mcs10/rand/r01/mcs10_r01_s60.B79
Reading graphs...
60 :  341
60 :  338
Initializing...
maxdom : 8
D->valSize : 213
Solving...
Blb : 2 (clique : 10)
currentSize : 10 <-- 0.001384 s
currentSize : 11 <-- 0.003601 s
currentSize : 12 <-- 0.004851 s
currentSize : 13 <-- 0.214805 s
currentSize : 14 <-- 0.311648 s

maxsize : 14
nodes : 790746.000000
filtered : 6050587.000000
time : 3.162417
