Parameters: GAD=1 vflib=1 dir=0 label=1 lowerbound=1 fileNameGp=../graphsdb/mcs10/bvg/b03m/mcs10_b03m_s40.A55 fileNameGt=../graphsdb/mcs10/bvg/b03m/mcs10_b03m_s40.B55
Reading graphs...
40 :  59
40 :  58
Initializing...
maxdom : 9
D->valSize : 194
Solving...
Blb : 2 (clique : 14)
currentSize : 14 <-- 0.001139 s
currentSize : 15 <-- 0.001583 s
currentSize : 16 <-- 0.001739 s
currentSize : 17 <-- 0.002473 s
currentSize : 18 <-- 0.085692 s

maxsize : 18
nodes : 2892913.000000
filtered : 17953523.000000
time : 8.069779
