Parameters: GAD=1 vflib=1 dir=0 label=1 lowerbound=1 fileNameGp=../graphsdb/mcs10/m4D/m4Dr4/mcs10_m4Dr4_s100.A63 fileNameGt=../graphsdb/mcs10/m4D/m4Dr4/mcs10_m4Dr4_s100.B63
Reading graphs...
100 :  198
100 :  194
Initializing...
maxdom : 8
D->valSize : 325
Solving...
Blb : 2 (clique : 30)
currentSize : 30 <-- 0.003518 s
currentSize : 31 <-- 0.683827 s
currentSize : 32 <-- 1.541252 s
currentSize : 33 <-- 4.183867 s
currentSize : 34 <-- 4.462272 s
currentSize : 35 <-- 462.522400 s

TIMEOUT
maxsize : 35
nodes : 836405380.000000
filtered : 2943516138.000000
time : 3600.000000
