Parameters: GAD=1 vflib=1 dir=0 label=1 lowerbound=1 fileNameGp=../graphsdb/mcs10/m3D/m3D/mcs10_m3D_s80.A57 fileNameGt=../graphsdb/mcs10/m3D/m3D/mcs10_m3D_s80.B57
Reading graphs...
80 :  183
80 :  180
Initializing...
maxdom : 10
D->valSize : 382
Solving...
Blb : 2 (clique : 25)
currentSize : 25 <-- 0.003620 s
currentSize : 28 <-- 0.008603 s
currentSize : 29 <-- 4.055618 s
currentSize : 30 <-- 43.861927 s
currentSize : 31 <-- 463.821899 s
currentSize : 32 <-- 1883.250000 s
currentSize : 33 <-- 1923.390991 s

TIMEOUT
maxsize : 33
nodes : 873651004.000000
filtered : 4829196213.000000
time : 3600.000000
