Parameters: GAD=1 vflib=1 dir=0 label=1 lowerbound=1 fileNameGp=../graphsdb/mcs10/rand/r01/mcs10_r01_s80.A53 fileNameGt=../graphsdb/mcs10/rand/r01/mcs10_r01_s80.B53
Reading graphs...
80 :  604
80 :  608
Initializing...
maxdom : 8
D->valSize : 429
Solving...
Blb : 2 (clique : 11)
currentSize : 11 <-- 0.004150 s
currentSize : 12 <-- 0.004267 s
currentSize : 13 <-- 0.004476 s
currentSize : 14 <-- 0.013127 s
currentSize : 15 <-- 1.260735 s
currentSize : 16 <-- 70.122749 s

maxsize : 16
nodes : 93288510.000000
filtered : 1037464531.000000
time : 468.376984
