Parameters: GAD=1 vflib=1 dir=0 label=1 lowerbound=1 fileNameGp=../graphsdb/mcs10/bvg/b03/mcs10_b03_s60.A15 fileNameGt=../graphsdb/mcs10/bvg/b03/mcs10_b03_s60.B15
Reading graphs...
60 :  90
60 :  90
Initializing...
maxdom : 7
D->valSize : 248
Solving...
Blb : 2 (clique : 24)
currentSize : 24 <-- 0.002098 s
currentSize : 25 <-- 4.437528 s
currentSize : 26 <-- 23.183872 s
currentSize : 27 <-- 350.431885 s
currentSize : 28 <-- 352.357941 s
currentSize : 29 <-- 457.959808 s
currentSize : 30 <-- 1112.801147 s

maxsize : 30
nodes : 885613945.000000
filtered : 5384078179.000000
time : 3282.456787
