Parameters: GAD=1 vflib=1 dir=0 label=1 lowerbound=1 fileNameGp=../graphsdb/mcs10/m3D/m3Dr4/mcs10_m3Dr4_s80.A79 fileNameGt=../graphsdb/mcs10/m3D/m3Dr4/mcs10_m3Dr4_s80.B79
Reading graphs...
80 :  210
80 :  211
Initializing...
maxdom : 9
D->valSize : 371
Solving...
Blb : 5 (clique : 24)
currentSize : 24 <-- 0.003282 s
currentSize : 25 <-- 0.040102 s
currentSize : 26 <-- 4.749299 s
currentSize : 27 <-- 11.283133 s
currentSize : 28 <-- 82.898033 s
currentSize : 29 <-- 1949.328979 s

TIMEOUT
maxsize : 29
nodes : 814665650.000000
filtered : 5846663362.000000
time : 3600.000000
