Parameters: GAD=1 vflib=1 dir=0 label=1 lowerbound=1 fileNameGp=../graphsdb/mcs10/rand/r005/mcs10_r005_s25.A89 fileNameGt=../graphsdb/mcs10/rand/r005/mcs10_r005_s25.B89
Reading graphs...
25 :  31
25 :  30
Initializing...
maxdom : 10
D->valSize : 158
Solving...
Blb : 2 (clique : 10)
currentSize : 10 <-- 0.000742 s
currentSize : 11 <-- 0.000829 s
currentSize : 12 <-- 0.000959 s
currentSize : 13 <-- 0.008323 s
currentSize : 14 <-- 0.053539 s

maxsize : 14
nodes : 31233.000000
filtered : 286717.000000
time : 0.077682
