Parameters: GAD=1 vflib=1 dir=0 label=1 lowerbound=1 fileNameGp=../graphsdb/mcs10/m2D/m2Dr2/mcs10_m2Dr2_s70.A60 fileNameGt=../graphsdb/mcs10/m2D/m2Dr2/mcs10_m2Dr2_s70.B60
Reading graphs...
70 :  136
70 :  134
Initializing...
maxdom : 11
D->valSize : 321
Solving...
Blb : 2 (clique : 24)
currentSize : 24 <-- 0.002709 s
currentSize : 25 <-- 2.084399 s
currentSize : 26 <-- 2.404194 s
currentSize : 27 <-- 174.637070 s
currentSize : 28 <-- 175.494995 s
currentSize : 29 <-- 1340.962280 s

TIMEOUT
maxsize : 29
nodes : 919471604.000000
filtered : 5503793074.000000
time : 3600.000000
