Parameters: GAD=1 vflib=1 dir=0 label=1 lowerbound=1 fileNameGp=../graphsdb/mcs10/m2D/m2Dr4/mcs10_m2Dr4_s50.A32 fileNameGt=../graphsdb/mcs10/m2D/m2Dr4/mcs10_m2Dr4_s50.B32
Reading graphs...
50 :  101
50 :  102
Initializing...
maxdom : 9
D->valSize : 324
Solving...
Blb : 2 (clique : 16)
currentSize : 16 <-- 0.002386 s
currentSize : 18 <-- 0.018572 s
currentSize : 19 <-- 1.481160 s
currentSize : 20 <-- 73.967262 s
currentSize : 21 <-- 362.479523 s
currentSize : 22 <-- 3476.414551 s

TIMEOUT
maxsize : 22
nodes : 1060910170.000000
filtered : 10566352314.000000
time : 3600.000000
