Parameters: GAD=1 vflib=1 dir=0 label=1 lowerbound=1 fileNameGp=../graphsdb/mcs10/bvg/b03m/mcs10_b03m_s60.A99 fileNameGt=../graphsdb/mcs10/bvg/b03m/mcs10_b03m_s60.B99
Reading graphs...
60 :  88
60 :  90
Initializing...
maxdom : 7
D->valSize : 223
Solving...
Blb : 2 (clique : 24)
currentSize : 24 <-- 0.001819 s
currentSize : 25 <-- 0.063328 s
currentSize : 26 <-- 0.064855 s
currentSize : 27 <-- 44.091698 s
currentSize : 28 <-- 368.422424 s
currentSize : 29 <-- 2111.762207 s

maxsize : 29
nodes : 878029287.000000
filtered : 4340569614.000000
time : 2822.099609
