Parameters: GAD=1 vflib=1 dir=0 label=1 lowerbound=1 fileNameGp=../graphsdb/mcs10/m2D/m2Dr4/mcs10_m2Dr4_s50.A11 fileNameGt=../graphsdb/mcs10/m2D/m2Dr4/mcs10_m2Dr4_s50.B11
Reading graphs...
50 :  104
50 :  100
Initializing...
maxdom : 10
D->valSize : 317
Solving...
Blb : 2 (clique : 17)
currentSize : 17 <-- 0.003997 s
currentSize : 18 <-- 0.863594 s
currentSize : 19 <-- 9.652699 s
currentSize : 20 <-- 13.736795 s
currentSize : 21 <-- 29.905804 s

maxsize : 21
nodes : 217332850.000000
filtered : 2515569430.000000
time : 823.037476
