Parameters: GAD=1 vflib=1 dir=0 label=1 lowerbound=1 fileNameGp=../graphsdb/mcs10/bvg/b03/mcs10_b03_s60.A90 fileNameGt=../graphsdb/mcs10/bvg/b03/mcs10_b03_s60.B90
Reading graphs...
60 :  90
60 :  90
Initializing...
maxdom : 6
D->valSize : 218
Solving...
Blb : 2 (clique : 23)
currentSize : 23 <-- 0.001594 s
currentSize : 24 <-- 3.475166 s
currentSize : 25 <-- 9.964955 s
currentSize : 26 <-- 18.457603 s
currentSize : 27 <-- 31.179350 s
currentSize : 28 <-- 341.153625 s

maxsize : 28
nodes : 134505435.000000
filtered : 851190934.000000
time : 486.100403
