Parameters: GAD=1 vflib=1 dir=0 label=1 lowerbound=1 fileNameGp=../graphsdb/mcs10/rand/r005/mcs10_r005_s40.A52 fileNameGt=../graphsdb/mcs10/rand/r005/mcs10_r005_s40.B52
Reading graphs...
40 :  78
40 :  79
Initializing...
maxdom : 9
D->valSize : 187
Solving...
Blb : 2 (clique : 12)
currentSize : 12 <-- 0.001242 s
currentSize : 13 <-- 0.001416 s
currentSize : 14 <-- 0.001713 s
currentSize : 15 <-- 0.009071 s
currentSize : 16 <-- 0.105339 s
currentSize : 17 <-- 0.117824 s

maxsize : 17
nodes : 128475.000000
filtered : 1194321.000000
time : 0.410091
