Parameters: GAD=1 vflib=1 dir=0 label=1 lowerbound=1 fileNameGp=../graphsdb/mcs10/rand/r02/mcs10_r02_s100.A06 fileNameGt=../graphsdb/mcs10/rand/r02/mcs10_r02_s100.B06
Reading graphs...
100 :  1787
100 :  1784
Initializing...
maxdom : 7
D->valSize : 313
Solving...
Blb : 2 (clique : 7)
currentSize : 7 <-- 0.003214 s
currentSize : 8 <-- 0.003325 s
currentSize : 9 <-- 0.011230 s
currentSize : 10 <-- 0.024204 s
currentSize : 11 <-- 1.272568 s

maxsize : 11
nodes : 355557.000000
filtered : 2903999.000000
time : 1.941968
