Parameters: GAD=1 vflib=1 dir=0 label=1 lowerbound=1 fileNameGp=../graphsdb/mcs10/m2D/m2Dr2/mcs10_m2Dr2_s70.A80 fileNameGt=../graphsdb/mcs10/m2D/m2Dr2/mcs10_m2Dr2_s70.B80
Reading graphs...
70 :  133
70 :  136
Initializing...
maxdom : 7
D->valSize : 304
Solving...
Blb : 2 (clique : 23)
currentSize : 23 <-- 0.002454 s
currentSize : 24 <-- 0.015314 s
currentSize : 25 <-- 0.142938 s
currentSize : 26 <-- 1.356863 s
currentSize : 27 <-- 67.982834 s
currentSize : 28 <-- 200.163010 s
currentSize : 29 <-- 1127.482910 s
currentSize : 30 <-- 1630.591187 s

TIMEOUT
maxsize : 30
nodes : 944401648.000000
filtered : 5806182487.000000
time : 3600.000000
