Parameters: GAD=1 vflib=1 dir=0 label=1 lowerbound=1 fileNameGp=../graphsdb/mcs10/rand/r01/mcs10_r01_s90.A04 fileNameGt=../graphsdb/mcs10/rand/r01/mcs10_r01_s90.B04
Reading graphs...
90 :  758
90 :  758
Initializing...
maxdom : 9
D->valSize : 498
Solving...
Blb : 2 (clique : 12)
currentSize : 12 <-- 0.005141 s
currentSize : 13 <-- 0.007013 s
currentSize : 14 <-- 0.008717 s
currentSize : 15 <-- 0.353169 s
currentSize : 16 <-- 1.349227 s
currentSize : 17 <-- 4.684691 s
currentSize : 18 <-- 34.888405 s

maxsize : 18
nodes : 528188475.000000
filtered : 6046137368.000000
time : 2848.818359
