Parameters: GAD=1 vflib=1 dir=0 label=1 lowerbound=1 fileNameGp=../graphsdb/mcs10/bvg/b06/mcs10_b06_s80.A90 fileNameGt=../graphsdb/mcs10/bvg/b06/mcs10_b06_s80.B90
Reading graphs...
80 :  235
80 :  237
Initializing...
maxdom : 9
D->valSize : 392
Solving...
Blb : 2 (clique : 21)
currentSize : 21 <-- 0.005934 s
currentSize : 23 <-- 0.015345 s
currentSize : 24 <-- 2.294583 s
currentSize : 25 <-- 2.554609 s
currentSize : 26 <-- 4.408772 s
currentSize : 27 <-- 7.003621 s

TIMEOUT
maxsize : 27
nodes : 744612225.000000
filtered : 7157837349.000000
time : 3600.000000
