Parameters: GAD=1 vflib=1 dir=0 label=1 lowerbound=1 fileNameGp=../graphsdb/mcs10/m3D/m3Dr4/mcs10_m3Dr4_s60.A79 fileNameGt=../graphsdb/mcs10/m3D/m3Dr4/mcs10_m3Dr4_s60.B79
Reading graphs...
60 :  152
60 :  152
Initializing...
maxdom : 9
D->valSize : 247
Solving...
Blb : 2 (clique : 15)
currentSize : 15 <-- 0.001823 s
currentSize : 16 <-- 0.002126 s
currentSize : 17 <-- 0.005276 s
currentSize : 18 <-- 0.110034 s
currentSize : 19 <-- 13.560471 s
currentSize : 20 <-- 48.284969 s
currentSize : 21 <-- 80.922127 s
currentSize : 22 <-- 211.683319 s

maxsize : 22
nodes : 59169590.000000
filtered : 519286128.000000
time : 238.978271
