Parameters: GAD=1 vflib=1 dir=0 label=1 lowerbound=1 fileNameGp=../graphsdb/mcs10/rand/r005/mcs10_r005_s80.A87 fileNameGt=../graphsdb/mcs10/rand/r005/mcs10_r005_s80.B87
Reading graphs...
80 :  314
80 :  310
Initializing...
maxdom : 10
D->valSize : 388
Solving...
Blb : 2 (clique : 17)
currentSize : 17 <-- 0.005722 s
currentSize : 18 <-- 0.006469 s
currentSize : 19 <-- 0.109649 s
currentSize : 20 <-- 0.775653 s
currentSize : 21 <-- 1.554356 s
currentSize : 22 <-- 5.903271 s
currentSize : 23 <-- 29.218021 s
currentSize : 24 <-- 565.554077 s

TIMEOUT
maxsize : 24
nodes : 739087671.000000
filtered : 7475211360.000000
time : 3600.000000
