Parameters: GAD=1 vflib=1 dir=0 label=1 lowerbound=1 fileNameGp=../graphsdb/mcs10/m3D/m3Dr4/mcs10_m3Dr4_s60.A77 fileNameGt=../graphsdb/mcs10/m3D/m3Dr4/mcs10_m3Dr4_s60.B77
Reading graphs...
60 :  152
60 :  156
Initializing...
maxdom : 7
D->valSize : 249
Solving...
Blb : 2 (clique : 17)
currentSize : 17 <-- 0.001942 s
currentSize : 18 <-- 0.010360 s
currentSize : 19 <-- 0.065606 s
currentSize : 20 <-- 0.089414 s
currentSize : 21 <-- 4.110714 s
currentSize : 22 <-- 53.546848 s

maxsize : 22
nodes : 75078782.000000
filtered : 571174605.000000
time : 305.007904
