Parameters: GAD=1 vflib=1 dir=0 label=1 lowerbound=1 fileNameGp=../graphsdb/mcs10/m2D/m2Dr6/mcs10_m2Dr6_s90.A93 fileNameGt=../graphsdb/mcs10/m2D/m2Dr6/mcs10_m2Dr6_s90.B93
Reading graphs...
90 :  210
90 :  209
Initializing...
maxdom : 10
D->valSize : 520
Solving...
Blb : 5 (clique : 26)
currentSize : 26 <-- 0.006051 s
currentSize : 27 <-- 0.085134 s
currentSize : 28 <-- 0.152000 s
currentSize : 29 <-- 0.231442 s
currentSize : 30 <-- 3.112821 s
currentSize : 31 <-- 16.202438 s
currentSize : 32 <-- 221.844101 s
currentSize : 33 <-- 2567.611572 s

TIMEOUT
maxsize : 33
nodes : 732699319.000000
filtered : 4972317655.000000
time : 3600.000000
