Parameters: GAD=1 vflib=1 dir=0 label=1 lowerbound=1 fileNameGp=../graphsdb/mcs10/m3D/m3Dr2/mcs10_m3Dr2_s90.A77 fileNameGt=../graphsdb/mcs10/m3D/m3Dr2/mcs10_m3Dr2_s90.B77
Reading graphs...
90 :  223
90 :  221
Initializing...
maxdom : 10
D->valSize : 529
Solving...
Blb : 2 (clique : 27)
currentSize : 27 <-- 0.005933 s
currentSize : 28 <-- 0.031466 s
currentSize : 29 <-- 0.090370 s
currentSize : 30 <-- 0.132851 s
currentSize : 31 <-- 85.798782 s
currentSize : 32 <-- 679.825867 s
currentSize : 33 <-- 752.341064 s

TIMEOUT
maxsize : 33
nodes : 816064906.000000
filtered : 5280414630.000000
time : 3600.000000
