Parameters: GAD=1 vflib=1 dir=0 label=1 lowerbound=1 fileNameGp=../graphsdb/mcs10/m3D/m3Dr2/mcs10_m3Dr2_s60.A37 fileNameGt=../graphsdb/mcs10/m3D/m3Dr2/mcs10_m3Dr2_s60.B37
Reading graphs...
60 :  144
60 :  144
Initializing...
maxdom : 7
D->valSize : 246
Solving...
Blb : 2 (clique : 17)
currentSize : 17 <-- 0.001827 s
currentSize : 18 <-- 0.002048 s
currentSize : 19 <-- 0.002206 s
currentSize : 20 <-- 0.002559 s
currentSize : 21 <-- 0.136279 s
currentSize : 22 <-- 0.885133 s
currentSize : 23 <-- 11.260533 s
currentSize : 24 <-- 327.500122 s

maxsize : 24
nodes : 92422504.000000
filtered : 693528469.000000
time : 393.626282
