Parameters: GAD=1 vflib=1 dir=0 label=1 lowerbound=1 fileNameGp=../graphsdb/mcs10/rand/r02/mcs10_r02_s100.A73 fileNameGt=../graphsdb/mcs10/rand/r02/mcs10_r02_s100.B73
Reading graphs...
100 :  1783
100 :  1789
Initializing...
maxdom : 12
D->valSize : 314
Solving...
Blb : 2 (clique : 7)
currentSize : 7 <-- 0.003003 s
currentSize : 8 <-- 0.003221 s
currentSize : 9 <-- 0.005160 s
currentSize : 10 <-- 0.006587 s
currentSize : 11 <-- 1.107072 s

maxsize : 11
nodes : 250400.000000
filtered : 2365493.000000
time : 1.383498
