Parameters: GAD=1 vflib=1 dir=0 label=1 lowerbound=1 fileNameGp=../graphsdb/mcs10/m2D/m2D/mcs10_m2D_s50.A30 fileNameGt=../graphsdb/mcs10/m2D/m2D/mcs10_m2D_s50.B30
Reading graphs...
50 :  85
50 :  84
Initializing...
maxdom : 8
D->valSize : 331
Solving...
Blb : 2 (clique : 19)
currentSize : 19 <-- 0.002478 s
currentSize : 21 <-- 0.002587 s
currentSize : 22 <-- 3.239248 s
currentSize : 23 <-- 291.148895 s
currentSize : 24 <-- 958.268799 s
currentSize : 25 <-- 1799.966431 s
currentSize : 26 <-- 1960.587280 s

maxsize : 26
nodes : 847005922.000000
filtered : 8418634819.000000
time : 3023.787354
