Parameters: GAD=1 vflib=1 dir=0 label=1 lowerbound=1 fileNameGp=../graphsdb/mcs10/bvg/b03m/mcs10_b03m_s50.A14 fileNameGt=../graphsdb/mcs10/bvg/b03m/mcs10_b03m_s50.B14
Reading graphs...
50 :  74
50 :  74
Initializing...
maxdom : 9
D->valSize : 328
Solving...
Blb : 2 (clique : 20)
currentSize : 20 <-- 0.002382 s
currentSize : 21 <-- 0.002518 s
currentSize : 22 <-- 0.003937 s
currentSize : 23 <-- 1.729148 s
currentSize : 24 <-- 161.023834 s

maxsize : 24
nodes : 841652741.000000
filtered : 8648198459.000000
time : 3089.887207
