Parameters: GAD=1 vflib=1 dir=0 label=1 lowerbound=1 fileNameGp=../graphsdb/mcs10/m2D/m2Dr6/mcs10_m2Dr6_s40.A26 fileNameGt=../graphsdb/mcs10/m2D/m2Dr6/mcs10_m2Dr6_s40.B26
Reading graphs...
40 :  87
40 :  87
Initializing...
maxdom : 7
D->valSize : 193
Solving...
Blb : 2 (clique : 11)
currentSize : 11 <-- 0.001166 s
currentSize : 12 <-- 0.001226 s
currentSize : 13 <-- 0.001308 s
currentSize : 14 <-- 0.001826 s
currentSize : 15 <-- 0.010869 s
currentSize : 16 <-- 0.088946 s
currentSize : 17 <-- 0.173468 s

maxsize : 17
nodes : 2112648.000000
filtered : 16814660.000000
time : 6.576686
