Parameters: GAD=1 vflib=1 dir=0 label=1 lowerbound=1 fileNameGp=../graphsdb/mcs10/m2D/m2Dr6/mcs10_m2Dr6_s40.A23 fileNameGt=../graphsdb/mcs10/m2D/m2Dr6/mcs10_m2Dr6_s40.B23
Reading graphs...
40 :  89
40 :  88
Initializing...
maxdom : 9
D->valSize : 195
Solving...
Blb : 2 (clique : 12)
currentSize : 12 <-- 0.001218 s
currentSize : 13 <-- 0.001405 s
currentSize : 14 <-- 0.010588 s
currentSize : 15 <-- 0.096361 s
currentSize : 16 <-- 0.658270 s

maxsize : 16
nodes : 1559480.000000
filtered : 12754780.000000
time : 4.897534
