Parameters: GAD=1 vflib=1 dir=0 label=1 lowerbound=1 fileNameGp=../graphsdb/mcs10/rand/r005/mcs10_r005_s90.A29 fileNameGt=../graphsdb/mcs10/rand/r005/mcs10_r005_s90.B29
Reading graphs...
90 :  395
90 :  391
Initializing...
maxdom : 9
D->valSize : 502
Solving...
Blb : 2 (clique : 19)
currentSize : 19 <-- 0.005278 s
currentSize : 20 <-- 0.005463 s
currentSize : 21 <-- 0.005553 s
currentSize : 22 <-- 0.006035 s
currentSize : 23 <-- 0.007235 s
currentSize : 24 <-- 0.015805 s
currentSize : 25 <-- 0.769496 s

TIMEOUT
maxsize : 25
nodes : 765880206.000000
filtered : 5021911486.000000
time : 3600.000000
