Parameters: GAD=1 vflib=1 dir=0 label=1 lowerbound=1 fileNameGp=../graphsdb/mcs10/rand/r02/mcs10_r02_s100.A76 fileNameGt=../graphsdb/mcs10/rand/r02/mcs10_r02_s100.B76
Reading graphs...
100 :  1775
100 :  1777
Initializing...
maxdom : 7
D->valSize : 319
Solving...
Blb : 2 (clique : 6)
currentSize : 6 <-- 0.004630 s
currentSize : 7 <-- 0.004828 s
currentSize : 8 <-- 0.005318 s
currentSize : 9 <-- 0.014444 s
currentSize : 10 <-- 0.053064 s
currentSize : 11 <-- 0.082376 s
currentSize : 12 <-- 0.192302 s

maxsize : 12
nodes : 140712.000000
filtered : 1704498.000000
time : 0.859615
