Parameters: GAD=1 vflib=1 dir=0 label=1 lowerbound=1 fileNameGp=../graphsdb/mcs10/bvg/b06/mcs10_b06_s100.A92 fileNameGt=../graphsdb/mcs10/bvg/b06/mcs10_b06_s100.B92
Reading graphs...
100 :  296
100 :  299
Initializing...
maxdom : 8
D->valSize : 303
Solving...
Blb : 2 (clique : 25)
currentSize : 25 <-- 0.004754 s
currentSize : 26 <-- 0.006435 s
currentSize : 27 <-- 0.006577 s
currentSize : 28 <-- 0.010883 s
currentSize : 29 <-- 2.491751 s
currentSize : 30 <-- 2.565148 s
currentSize : 31 <-- 7.580598 s
currentSize : 32 <-- 273.938354 s
currentSize : 33 <-- 416.010101 s

TIMEOUT
maxsize : 33
nodes : 667978815.000000
filtered : 3590695319.000000
time : 3600.000000
