Parameters: GAD=1 vflib=1 dir=0 label=1 lowerbound=1 fileNameGp=../graphsdb/mcs10/m2D/m2D/mcs10_m2D_s40.A13 fileNameGt=../graphsdb/mcs10/m2D/m2D/mcs10_m2D_s40.B13
Reading graphs...
40 :  67
40 :  66
Initializing...
maxdom : 8
D->valSize : 193
Solving...
Blb : 2 (clique : 12)
currentSize : 12 <-- 0.001136 s
currentSize : 13 <-- 0.001305 s
currentSize : 14 <-- 0.004983 s
currentSize : 15 <-- 0.018843 s
currentSize : 16 <-- 0.361919 s
currentSize : 17 <-- 1.930465 s
currentSize : 18 <-- 7.114964 s

maxsize : 18
nodes : 4476108.000000
filtered : 32273039.000000
time : 12.246703
