Parameters: GAD=1 vflib=1 dir=0 label=1 lowerbound=1 fileNameGp=../graphsdb/mcs10/m2D/m2Dr6/mcs10_m2Dr6_s90.A02 fileNameGt=../graphsdb/mcs10/m2D/m2Dr6/mcs10_m2Dr6_s90.B02
Reading graphs...
90 :  213
90 :  210
Initializing...
maxdom : 10
D->valSize : 517
Solving...
Blb : 2 (clique : 28)
currentSize : 28 <-- 0.005742 s
currentSize : 29 <-- 0.007166 s
currentSize : 30 <-- 2.926485 s
currentSize : 31 <-- 16.381941 s
currentSize : 32 <-- 19.462984 s
currentSize : 33 <-- 123.015388 s
currentSize : 34 <-- 1513.586914 s

TIMEOUT
maxsize : 34
nodes : 827846184.000000
filtered : 4807756122.000000
time : 3600.000000
