Parameters: GAD=1 vflib=1 dir=0 label=1 lowerbound=1 fileNameGp=../graphsdb/mcs10/rand/r01/mcs10_r01_s90.A46 fileNameGt=../graphsdb/mcs10/rand/r01/mcs10_r01_s90.B46
Reading graphs...
90 :  761
90 :  764
Initializing...
maxdom : 10
D->valSize : 482
Solving...
Blb : 5 (clique : 14)
currentSize : 14 <-- 0.004775 s
currentSize : 15 <-- 0.010322 s
currentSize : 16 <-- 0.523455 s
currentSize : 17 <-- 50.782913 s
currentSize : 18 <-- 755.971069 s

maxsize : 18
nodes : 289989797.000000
filtered : 3225403573.000000
time : 1544.325073
