Parameters: GAD=1 vflib=1 dir=0 label=1 lowerbound=1 fileNameGp=../graphsdb/mcs10/bvg/b09/mcs10_b09_s100.A79 fileNameGt=../graphsdb/mcs10/bvg/b09/mcs10_b09_s100.B79
Reading graphs...
100 :  442
100 :  441
Initializing...
maxdom : 7
D->valSize : 311
Solving...
Blb : 5 (clique : 20)
currentSize : 20 <-- 0.002920 s
currentSize : 21 <-- 0.012636 s
currentSize : 22 <-- 0.064617 s
currentSize : 23 <-- 0.150346 s
currentSize : 24 <-- 0.459473 s
currentSize : 25 <-- 4.137879 s
currentSize : 26 <-- 505.196442 s

TIMEOUT
maxsize : 26
nodes : 730920879.000000
filtered : 3935982385.000000
time : 3600.000000
