Parameters: GAD=1 vflib=1 dir=0 label=1 lowerbound=1 fileNameGp=../graphsdb/mcs10/m2D/m2D/mcs10_m2D_s80.A76 fileNameGt=../graphsdb/mcs10/m2D/m2D/mcs10_m2D_s80.B76
Reading graphs...
80 :  141
80 :  141
Initializing...
maxdom : 8
D->valSize : 384
Solving...
Blb : 2 (clique : 29)
currentSize : 29 <-- 0.003512 s
currentSize : 30 <-- 0.242453 s
currentSize : 31 <-- 1.978398 s
currentSize : 32 <-- 3.212528 s
currentSize : 33 <-- 772.697449 s
currentSize : 34 <-- 804.564270 s

TIMEOUT
maxsize : 34
nodes : 909199565.000000
filtered : 5075212053.000000
time : 3600.000000
