Parameters: GAD=1 vflib=1 dir=0 label=1 lowerbound=1 fileNameGp=../graphsdb/mcs10/m3D/m3Dr2/mcs10_m3Dr2_s90.A59 fileNameGt=../graphsdb/mcs10/m3D/m3Dr2/mcs10_m3Dr2_s90.B59
Reading graphs...
90 :  224
90 :  222
Initializing...
maxdom : 9
D->valSize : 482
Solving...
Blb : 2 (clique : 26)
currentSize : 26 <-- 0.005153 s
currentSize : 27 <-- 0.005380 s
currentSize : 28 <-- 0.005977 s
currentSize : 29 <-- 0.015572 s
currentSize : 30 <-- 1.733505 s
currentSize : 31 <-- 2069.399414 s
currentSize : 32 <-- 2069.412598 s

TIMEOUT
maxsize : 32
nodes : 823940810.000000
filtered : 5156569251.000000
time : 3600.000000
