Parameters: GAD=1 vflib=1 dir=0 label=1 lowerbound=1 fileNameGp=../graphsdb/mcs10/m3D/m3Dr2/mcs10_m3Dr2_s90.A02 fileNameGt=../graphsdb/mcs10/m3D/m3Dr2/mcs10_m3Dr2_s90.B02
Reading graphs...
90 :  221
90 :  225
Initializing...
maxdom : 9
D->valSize : 533
Solving...
Blb : 2 (clique : 23)
currentSize : 23 <-- 0.006167 s
currentSize : 27 <-- 0.006368 s
currentSize : 28 <-- 0.006450 s
currentSize : 29 <-- 0.006866 s
currentSize : 30 <-- 0.009363 s
currentSize : 31 <-- 0.039008 s
currentSize : 32 <-- 10.304222 s

TIMEOUT
maxsize : 32
nodes : 754678386.000000
filtered : 6004004273.000000
time : 3600.000000
