Parameters: GAD=1 vflib=1 dir=0 label=1 lowerbound=1 fileNameGp=../graphsdb/mcs10/m2D/m2D/mcs10_m2D_s50.A42 fileNameGt=../graphsdb/mcs10/m2D/m2D/mcs10_m2D_s50.B42
Reading graphs...
50 :  85
50 :  85
Initializing...
maxdom : 8
D->valSize : 300
Solving...
Blb : 2 (clique : 18)
currentSize : 18 <-- 0.003414 s
currentSize : 19 <-- 0.028196 s
currentSize : 20 <-- 2.893674 s
currentSize : 21 <-- 165.412262 s
currentSize : 22 <-- 1012.786621 s

maxsize : 22
nodes : 728551091.000000
filtered : 6611834746.000000
time : 2543.839600
