Parameters: GAD=1 vflib=1 dir=0 label=1 lowerbound=1 fileNameGp=../graphsdb/mcs10/m3D/m3Dr6/mcs10_m3Dr6_s100.A02 fileNameGt=../graphsdb/mcs10/m3D/m3Dr6/mcs10_m3Dr6_s100.B02
Reading graphs...
100 :  294
100 :  288
Initializing...
maxdom : 7
D->valSize : 333
Solving...
Blb : 2 (clique : 24)
currentSize : 24 <-- 0.003284 s
currentSize : 25 <-- 0.003998 s
currentSize : 26 <-- 0.080637 s
currentSize : 27 <-- 1.532907 s
currentSize : 28 <-- 18.950968 s
currentSize : 29 <-- 107.424919 s
currentSize : 30 <-- 113.219650 s
currentSize : 31 <-- 244.790421 s

TIMEOUT
maxsize : 31
nodes : 734550568.000000
filtered : 4309779671.000000
time : 3600.000000
