Parameters: GAD=1 vflib=1 dir=0 label=1 lowerbound=1 fileNameGp=../graphsdb/mcs10/m3D/m3D/mcs10_m3D_s90.A64 fileNameGt=../graphsdb/mcs10/m3D/m3D/mcs10_m3D_s90.B64
Reading graphs...
90 :  208
90 :  207
Initializing...
maxdom : 11
D->valSize : 537
Solving...
Blb : 2 (clique : 26)
currentSize : 26 <-- 0.010154 s
currentSize : 27 <-- 0.010497 s
currentSize : 28 <-- 0.010570 s
currentSize : 29 <-- 0.010711 s
currentSize : 30 <-- 0.010925 s
currentSize : 31 <-- 0.022716 s
currentSize : 32 <-- 26.688074 s
currentSize : 33 <-- 71.383247 s
currentSize : 34 <-- 255.617905 s

TIMEOUT
maxsize : 34
nodes : 826307245.000000
filtered : 4647429230.000000
time : 3600.000000
