Parameters: GAD=1 vflib=1 dir=0 label=1 lowerbound=1 fileNameGp=../graphsdb/mcs10/bvg/b03m/mcs10_b03m_s50.A90 fileNameGt=../graphsdb/mcs10/bvg/b03m/mcs10_b03m_s50.B90
Reading graphs...
50 :  75
50 :  74
Initializing...
maxdom : 9
D->valSize : 324
Solving...
Blb : 2 (clique : 19)
currentSize : 19 <-- 0.003857 s
currentSize : 20 <-- 0.004470 s
currentSize : 21 <-- 0.005472 s
currentSize : 22 <-- 3.686338 s
currentSize : 23 <-- 6.386716 s
currentSize : 24 <-- 9.691997 s
currentSize : 25 <-- 19.955175 s
currentSize : 26 <-- 87.188797 s
currentSize : 27 <-- 2534.989746 s

maxsize : 27
nodes : 698230593.000000
filtered : 6842595091.000000
time : 2636.736572
