Parameters: GAD=1 vflib=1 dir=0 label=1 lowerbound=1 fileNameGp=../graphsdb/mcs10/rand/r01/mcs10_r01_s70.A81 fileNameGt=../graphsdb/mcs10/rand/r01/mcs10_r01_s70.B81
Reading graphs...
70 :  468
70 :  456
Initializing...
maxdom : 8
D->valSize : 347
Solving...
Blb : 2 (clique : 12)
currentSize : 12 <-- 0.002822 s
currentSize : 13 <-- 0.003644 s
currentSize : 14 <-- 0.066130 s
currentSize : 15 <-- 5.714368 s
currentSize : 16 <-- 22.274704 s

maxsize : 16
nodes : 13661111.000000
filtered : 158229706.000000
time : 64.254089
