Parameters: GAD=1 vflib=1 dir=0 label=1 lowerbound=1 fileNameGp=../graphsdb/mcs10/m2D/m2D/mcs10_m2D_s60.A59 fileNameGt=../graphsdb/mcs10/m2D/m2D/mcs10_m2D_s60.B59
Reading graphs...
60 :  103
60 :  101
Initializing...
maxdom : 8
D->valSize : 206
Solving...
Blb : 2 (clique : 21)
currentSize : 21 <-- 0.001686 s
currentSize : 22 <-- 8.515523 s
currentSize : 23 <-- 126.898979 s
currentSize : 24 <-- 303.254822 s
currentSize : 25 <-- 354.469330 s

maxsize : 25
nodes : 213086555.000000
filtered : 986524001.000000
time : 675.601624
