Parameters: GAD=1 vflib=1 dir=0 label=1 lowerbound=1 fileNameGp=../graphsdb/mcs10/rand/r02/mcs10_r02_s100.A52 fileNameGt=../graphsdb/mcs10/rand/r02/mcs10_r02_s100.B52
Reading graphs...
100 :  1791
100 :  1783
Initializing...
maxdom : 7
D->valSize : 310
Solving...
Blb : 2 (clique : 6)
currentSize : 6 <-- 0.004559 s
currentSize : 7 <-- 0.004694 s
currentSize : 8 <-- 0.005946 s
currentSize : 10 <-- 0.006678 s
currentSize : 11 <-- 1.639420 s

maxsize : 11
nodes : 337592.000000
filtered : 2755680.000000
time : 2.053359
