Parameters: GAD=1 vflib=1 dir=0 label=1 lowerbound=1 fileNameGp=../graphsdb/mcs10/m2D/m2Dr2/mcs10_m2Dr2_s70.A38 fileNameGt=../graphsdb/mcs10/m2D/m2Dr2/mcs10_m2Dr2_s70.B38
Reading graphs...
70 :  135
70 :  137
Initializing...
maxdom : 9
D->valSize : 331
Solving...
Blb : 2 (clique : 23)
currentSize : 23 <-- 0.002981 s
currentSize : 24 <-- 0.004979 s
currentSize : 25 <-- 0.489666 s
currentSize : 26 <-- 43.219959 s
currentSize : 27 <-- 137.047440 s
currentSize : 28 <-- 2567.021729 s

TIMEOUT
maxsize : 28
nodes : 926990832.000000
filtered : 5729721031.000000
time : 3600.000000
