Parameters: GAD=1 vflib=1 dir=0 label=1 lowerbound=1 fileNameGp=../graphsdb/mcs10/m2D/m2Dr4/mcs10_m2Dr4_s80.A56 fileNameGt=../graphsdb/mcs10/m2D/m2Dr4/mcs10_m2Dr4_s80.B56
Reading graphs...
80 :  172
80 :  170
Initializing...
maxdom : 11
D->valSize : 395
Solving...
Blb : 2 (clique : 25)
currentSize : 25 <-- 0.003780 s
currentSize : 26 <-- 0.224948 s
currentSize : 27 <-- 37.720741 s
currentSize : 28 <-- 39.253548 s
currentSize : 29 <-- 91.112961 s
currentSize : 30 <-- 491.264191 s

TIMEOUT
maxsize : 30
nodes : 827643228.000000
filtered : 6651102592.000000
time : 3600.000000
