Parameters: GAD=1 vflib=1 dir=0 label=1 lowerbound=1 fileNameGp=../graphsdb/mcs10/bvg/b06/mcs10_b06_s80.A65 fileNameGt=../graphsdb/mcs10/bvg/b06/mcs10_b06_s80.B65
Reading graphs...
80 :  237
80 :  232
Initializing...
maxdom : 8
D->valSize : 407
Solving...
Blb : 2 (clique : 22)
currentSize : 22 <-- 0.003816 s
currentSize : 23 <-- 0.004036 s
currentSize : 24 <-- 0.010702 s
currentSize : 25 <-- 0.593703 s
currentSize : 26 <-- 0.962581 s
currentSize : 27 <-- 1.128688 s
currentSize : 28 <-- 315.355652 s
currentSize : 29 <-- 1711.718750 s

TIMEOUT
maxsize : 29
nodes : 723463993.000000
filtered : 6473289893.000000
time : 3600.000000
