Parameters: GAD=1 vflib=1 dir=0 label=1 lowerbound=1 fileNameGp=../graphsdb/mcs10/rand/r005/mcs10_r005_s70.A46 fileNameGt=../graphsdb/mcs10/rand/r005/mcs10_r005_s70.B46
Reading graphs...
70 :  239
70 :  239
Initializing...
maxdom : 7
D->valSize : 325
Solving...
Blb : 2 (clique : 17)
currentSize : 17 <-- 0.002607 s
currentSize : 18 <-- 0.005536 s
currentSize : 19 <-- 0.009910 s
currentSize : 20 <-- 0.831683 s
currentSize : 21 <-- 4.116066 s
currentSize : 22 <-- 15.627216 s
currentSize : 23 <-- 249.135971 s
currentSize : 24 <-- 824.043945 s

maxsize : 24
nodes : 587431539.000000
filtered : 5378115479.000000
time : 2710.674805
