Parameters: GAD=1 vflib=1 dir=0 label=1 lowerbound=1 fileNameGp=../graphsdb/mcs10/bvg/b03m/mcs10_b03m_s100.A74 fileNameGt=../graphsdb/mcs10/bvg/b03m/mcs10_b03m_s100.B74
Reading graphs...
100 :  150
100 :  148
Initializing...
maxdom : 6
D->valSize : 322
Solving...
Blb : 2 (clique : 35)
currentSize : 35 <-- 0.003679 s
currentSize : 36 <-- 0.014685 s
currentSize : 37 <-- 0.948463 s
currentSize : 38 <-- 130.925415 s
currentSize : 39 <-- 356.777557 s
currentSize : 40 <-- 3366.128662 s

TIMEOUT
maxsize : 40
nodes : 749604898.000000
filtered : 3181188883.000000
time : 3600.000000
