Parameters: GAD=1 vflib=1 dir=0 label=1 lowerbound=1 fileNameGp=../graphsdb/mcs10/m3D/m3Dr2/mcs10_m3Dr2_s90.A29 fileNameGt=../graphsdb/mcs10/m3D/m3Dr2/mcs10_m3Dr2_s90.B29
Reading graphs...
90 :  226
90 :  222
Initializing...
maxdom : 10
D->valSize : 537
Solving...
Blb : 2 (clique : 27)
currentSize : 27 <-- 0.006254 s
currentSize : 28 <-- 0.008870 s
currentSize : 29 <-- 0.065961 s
currentSize : 30 <-- 0.524281 s
currentSize : 31 <-- 40.185642 s
currentSize : 32 <-- 2767.385742 s

TIMEOUT
maxsize : 32
nodes : 798939913.000000
filtered : 5187773314.000000
time : 3600.000000
