Parameters: GAD=1 vflib=1 dir=0 label=1 lowerbound=1 fileNameGp=../graphsdb/mcs10/rand/r02/mcs10_r02_s30.A84 fileNameGt=../graphsdb/mcs10/rand/r02/mcs10_r02_s30.B84
Reading graphs...
30 :  157
30 :  153
Initializing...
maxdom : 8
D->valSize : 113
Solving...
Blb : 2 (clique : 4)
currentSize : 4 <-- 0.000847 s
currentSize : 5 <-- 0.000977 s
currentSize : 6 <-- 0.001006 s
currentSize : 7 <-- 0.001559 s
currentSize : 8 <-- 0.002076 s

maxsize : 8
nodes : 3012.000000
filtered : 25921.000000
time : 0.013961
