Parameters: GAD=1 vflib=1 dir=0 label=1 lowerbound=1 fileNameGp=../graphsdb/mcs10/m2D/m2Dr2/mcs10_m2Dr2_s90.A31 fileNameGt=../graphsdb/mcs10/m2D/m2Dr2/mcs10_m2Dr2_s90.B31
Reading graphs...
90 :  178
90 :  179
Initializing...
maxdom : 10
D->valSize : 509
Solving...
Blb : 5 (clique : 28)
currentSize : 28 <-- 0.005635 s
currentSize : 29 <-- 0.097599 s
currentSize : 30 <-- 5.672322 s
currentSize : 31 <-- 35.456223 s
currentSize : 32 <-- 43.323383 s
currentSize : 33 <-- 57.607395 s
currentSize : 34 <-- 173.810043 s
currentSize : 35 <-- 3150.210205 s

TIMEOUT
maxsize : 35
nodes : 906897144.000000
filtered : 5076982965.000000
time : 3600.000000
