Parameters: GAD=1 vflib=1 dir=0 label=1 lowerbound=1 fileNameGp=../graphsdb/mcs10/m4D/m4Dr6/mcs10_m4Dr6_s100.A04 fileNameGt=../graphsdb/mcs10/m4D/m4Dr6/mcs10_m4Dr6_s100.B04
Reading graphs...
100 :  218
100 :  217
Initializing...
maxdom : 7
D->valSize : 308
Solving...
Blb : 2 (clique : 29)
currentSize : 29 <-- 0.002967 s
currentSize : 30 <-- 0.058206 s
currentSize : 31 <-- 1.237959 s
currentSize : 32 <-- 4.922076 s
currentSize : 33 <-- 6.425638 s
currentSize : 34 <-- 8.744519 s
currentSize : 35 <-- 131.125778 s
currentSize : 36 <-- 135.811935 s
currentSize : 37 <-- 465.418365 s
currentSize : 38 <-- 2098.865234 s

TIMEOUT
maxsize : 38
nodes : 683699364.000000
filtered : 3697163696.000000
time : 3600.000000
