Parameters: GAD=1 vflib=1 dir=0 label=1 lowerbound=1 fileNameGp=../graphsdb/mcs10/m3D/m3D/mcs10_m3D_s90.A87 fileNameGt=../graphsdb/mcs10/m3D/m3D/mcs10_m3D_s90.B87
Reading graphs...
90 :  207
90 :  205
Initializing...
maxdom : 11
D->valSize : 505
Solving...
Blb : 2 (clique : 25)
currentSize : 25 <-- 0.009166 s
currentSize : 26 <-- 0.009519 s
currentSize : 27 <-- 0.021162 s
currentSize : 28 <-- 7.644853 s
currentSize : 29 <-- 46.229485 s
currentSize : 30 <-- 127.213409 s
currentSize : 31 <-- 1259.461548 s

TIMEOUT
maxsize : 31
nodes : 867251584.000000
filtered : 4808395785.000000
time : 3600.000000
