Parameters: GAD=1 vflib=1 dir=0 label=1 lowerbound=1 fileNameGp=../graphsdb/mcs10/m3D/m3D/mcs10_m3D_s60.A25 fileNameGt=../graphsdb/mcs10/m3D/m3D/mcs10_m3D_s60.B25
Reading graphs...
60 :  132
60 :  134
Initializing...
maxdom : 8
D->valSize : 216
Solving...
Blb : 2 (clique : 18)
currentSize : 18 <-- 0.001600 s
currentSize : 19 <-- 0.002744 s
currentSize : 20 <-- 0.008893 s
currentSize : 21 <-- 0.024835 s
currentSize : 22 <-- 0.484376 s

maxsize : 22
nodes : 92044345.000000
filtered : 710473114.000000
time : 344.339203
