Parameters: GAD=1 vflib=1 dir=0 label=1 lowerbound=1 fileNameGp=../graphsdb/mcs10/bvg/b03/mcs10_b03_s100.A00 fileNameGt=../graphsdb/mcs10/bvg/b03/mcs10_b03_s100.B00
Reading graphs...
100 :  149
100 :  149
Initializing...
maxdom : 8
D->valSize : 299
Solving...
Blb : 2 (clique : 34)
currentSize : 34 <-- 0.003486 s
currentSize : 35 <-- 1.521872 s
currentSize : 36 <-- 28.082872 s
currentSize : 37 <-- 29.404716 s
currentSize : 38 <-- 33.972721 s
currentSize : 39 <-- 65.316292 s

TIMEOUT
maxsize : 39
nodes : 874009626.000000
filtered : 2695996766.000000
time : 3600.000000
