Parameters: GAD=1 vflib=1 dir=0 label=1 lowerbound=1 fileNameGp=../graphsdb/mcs10/m2D/m2D/mcs10_m2D_s80.A06 fileNameGt=../graphsdb/mcs10/m2D/m2D/mcs10_m2D_s80.B06
Reading graphs...
80 :  140
80 :  140
Initializing...
maxdom : 7
D->valSize : 399
Solving...
Blb : 2 (clique : 29)
currentSize : 29 <-- 0.003803 s
currentSize : 30 <-- 0.004294 s
currentSize : 31 <-- 0.031121 s
currentSize : 32 <-- 0.055131 s
currentSize : 33 <-- 43.876484 s
currentSize : 34 <-- 992.413574 s

TIMEOUT
maxsize : 34
nodes : 773341524.000000
filtered : 5582911724.000000
time : 3600.000000
