Parameters: GAD=1 vflib=1 dir=0 label=1 lowerbound=1 fileNameGp=../graphsdb/mcs10/m2D/m2Dr4/mcs10_m2Dr4_s100.A80 fileNameGt=../graphsdb/mcs10/m2D/m2Dr4/mcs10_m2Dr4_s100.B80
Reading graphs...
100 :  219
100 :  217
Initializing...
maxdom : 8
D->valSize : 294
Solving...
Blb : 2 (clique : 26)
currentSize : 26 <-- 0.004672 s
currentSize : 27 <-- 0.005086 s
currentSize : 28 <-- 0.005913 s
currentSize : 29 <-- 0.007872 s
currentSize : 30 <-- 0.023080 s
currentSize : 31 <-- 0.217098 s
currentSize : 32 <-- 2.687506 s
currentSize : 33 <-- 44.399132 s
currentSize : 34 <-- 235.289627 s

TIMEOUT
maxsize : 34
nodes : 742100592.000000
filtered : 3188621076.000000
time : 3600.000000
