Parameters: GAD=1 vflib=1 dir=0 label=1 lowerbound=1 fileNameGp=../graphsdb/mcs10/m3D/m3D/mcs10_m3D_s100.A02 fileNameGt=../graphsdb/mcs10/m3D/m3D/mcs10_m3D_s100.B02
Reading graphs...
100 :  235
100 :  233
Initializing...
maxdom : 7
D->valSize : 307
Solving...
Blb : 2 (clique : 27)
currentSize : 27 <-- 0.004958 s
currentSize : 28 <-- 0.018211 s
currentSize : 29 <-- 0.103984 s
currentSize : 30 <-- 0.125136 s
currentSize : 31 <-- 1.218062 s
currentSize : 32 <-- 2.989456 s
currentSize : 33 <-- 3.043213 s
currentSize : 34 <-- 812.872742 s
currentSize : 35 <-- 2978.585693 s

TIMEOUT
maxsize : 35
nodes : 794138264.000000
filtered : 2934438842.000000
time : 3600.000000
