Parameters: GAD=1 vflib=1 dir=0 label=1 lowerbound=1 fileNameGp=../graphsdb/mcs10/bvg/b06m/mcs10_b06m_s70.A21 fileNameGt=../graphsdb/mcs10/bvg/b06m/mcs10_b06m_s70.B21
Reading graphs...
70 :  202
70 :  204
Initializing...
maxdom : 8
D->valSize : 289
Solving...
Blb : 2 (clique : 19)
currentSize : 19 <-- 0.003644 s
currentSize : 20 <-- 0.083245 s
currentSize : 21 <-- 0.083775 s
currentSize : 22 <-- 0.167463 s
currentSize : 23 <-- 1.112256 s
currentSize : 24 <-- 1114.552368 s

TIMEOUT
maxsize : 24
nodes : 830490611.000000
filtered : 5915392314.000000
time : 3600.000000
