Parameters: GAD=1 vflib=1 dir=0 label=1 lowerbound=1 fileNameGp=../graphsdb/mcs10/rand/r02/mcs10_r02_s60.A52 fileNameGt=../graphsdb/mcs10/rand/r02/mcs10_r02_s60.B52
Reading graphs...
60 :  626
60 :  639
Initializing...
maxdom : 7
D->valSize : 219
Solving...
Blb : 2 (clique : 6)
currentSize : 6 <-- 0.001778 s
currentSize : 7 <-- 0.001909 s
currentSize : 8 <-- 0.003041 s
currentSize : 9 <-- 0.014233 s
currentSize : 10 <-- 0.014282 s

maxsize : 10
nodes : 27531.000000
filtered : 305065.000000
time : 0.119250
