Parameters: GAD=1 vflib=1 dir=0 label=1 lowerbound=1 fileNameGp=../graphsdb/mcs10/m2D/m2Dr4/mcs10_m2Dr4_s50.A06 fileNameGt=../graphsdb/mcs10/m2D/m2Dr4/mcs10_m2Dr4_s50.B06
Reading graphs...
50 :  103
50 :  99
Initializing...
maxdom : 12
D->valSize : 310
Solving...
Blb : 2 (clique : 15)
currentSize : 15 <-- 0.002205 s
currentSize : 16 <-- 0.002397 s
currentSize : 17 <-- 0.069721 s
currentSize : 18 <-- 0.644535 s
currentSize : 19 <-- 0.898537 s
currentSize : 20 <-- 12.914989 s
currentSize : 21 <-- 15.387717 s

maxsize : 21
nodes : 81185075.000000
filtered : 874424847.000000
time : 310.054749
