Parameters: GAD=1 vflib=1 dir=0 label=1 lowerbound=1 fileNameGp=../graphsdb/mcs10/m3D/m3Dr6/mcs10_m3Dr6_s90.A32 fileNameGt=../graphsdb/mcs10/m3D/m3Dr6/mcs10_m3Dr6_s90.B32
Reading graphs...
90 :  257
90 :  254
Initializing...
maxdom : 11
D->valSize : 550
Solving...
Blb : 2 (clique : 27)
currentSize : 27 <-- 0.006186 s
currentSize : 28 <-- 0.006432 s
currentSize : 29 <-- 0.035484 s
currentSize : 30 <-- 0.035518 s
currentSize : 31 <-- 0.143260 s
currentSize : 32 <-- 30.414961 s
currentSize : 33 <-- 245.684967 s

TIMEOUT
maxsize : 33
nodes : 691676208.000000
filtered : 8175092708.000000
time : 3600.000000
