Parameters: GAD=1 vflib=1 dir=0 label=1 lowerbound=1 fileNameGp=../graphsdb/mcs10/m2D/m2Dr2/mcs10_m2Dr2_s80.A71 fileNameGt=../graphsdb/mcs10/m2D/m2Dr2/mcs10_m2Dr2_s80.B71
Reading graphs...
80 :  157
80 :  157
Initializing...
maxdom : 9
D->valSize : 414
Solving...
Blb : 2 (clique : 27)
currentSize : 27 <-- 0.006599 s
currentSize : 28 <-- 0.175173 s
currentSize : 29 <-- 1.672995 s
currentSize : 30 <-- 14.165127 s
currentSize : 31 <-- 388.575409 s
currentSize : 32 <-- 423.651642 s

TIMEOUT
maxsize : 32
nodes : 786024536.000000
filtered : 6766996297.000000
time : 3600.000000
