Parameters: GAD=1 vflib=1 dir=0 label=1 lowerbound=1 fileNameGp=../graphsdb/mcs10/m4D/m4Dr2/mcs10_m4Dr2_s100.A02 fileNameGt=../graphsdb/mcs10/m4D/m4Dr2/mcs10_m4Dr2_s100.B02
Reading graphs...
100 :  176
100 :  176
Initializing...
maxdom : 10
D->valSize : 349
Solving...
Blb : 2 (clique : 32)
currentSize : 32 <-- 0.005901 s
currentSize : 33 <-- 0.006309 s
currentSize : 34 <-- 0.019662 s
currentSize : 35 <-- 0.173400 s
currentSize : 36 <-- 3.803132 s
currentSize : 37 <-- 34.792728 s
currentSize : 38 <-- 34.938457 s
currentSize : 39 <-- 37.720181 s
currentSize : 40 <-- 2170.400879 s

TIMEOUT
maxsize : 40
nodes : 948978860.000000
filtered : 1934513115.000000
time : 3600.000000
