Parameters: GAD=1 vflib=1 dir=0 label=1 lowerbound=1 fileNameGp=../graphsdb/mcs10/m2D/m2Dr4/mcs10_m2Dr4_s60.A79 fileNameGt=../graphsdb/mcs10/m2D/m2Dr4/mcs10_m2Dr4_s60.B79
Reading graphs...
60 :  127
60 :  126
Initializing...
maxdom : 5
D->valSize : 239
Solving...
Blb : 2 (clique : 18)
currentSize : 18 <-- 0.001754 s
currentSize : 19 <-- 0.004026 s
currentSize : 20 <-- 0.156074 s
currentSize : 21 <-- 0.481725 s
currentSize : 22 <-- 0.521754 s
currentSize : 23 <-- 59.111187 s
currentSize : 24 <-- 125.372147 s

maxsize : 24
nodes : 151912470.000000
filtered : 1148534178.000000
time : 637.765503
