Parameters: GAD=1 vflib=1 dir=0 label=1 lowerbound=1 fileNameGp=../graphsdb/mcs10/rand/r005/mcs10_r005_s40.A72 fileNameGt=../graphsdb/mcs10/rand/r005/mcs10_r005_s40.B72
Reading graphs...
40 :  79
40 :  79
Initializing...
maxdom : 9
D->valSize : 200
Solving...
Blb : 2 (clique : 13)
currentSize : 13 <-- 0.001778 s
currentSize : 14 <-- 0.001971 s
currentSize : 15 <-- 0.004631 s
currentSize : 16 <-- 0.294972 s
currentSize : 17 <-- 0.358545 s

maxsize : 17
nodes : 1887132.000000
filtered : 14605056.000000
time : 5.696501
