Parameters: GAD=1 vflib=1 dir=0 label=1 lowerbound=1 fileNameGp=../graphsdb/mcs10/m3D/m3Dr4/mcs10_m3Dr4_s100.A03 fileNameGt=../graphsdb/mcs10/m3D/m3Dr4/mcs10_m3Dr4_s100.B03
Reading graphs...
100 :  271
100 :  267
Initializing...
maxdom : 5
D->valSize : 303
Solving...
Blb : 2 (clique : 24)
currentSize : 24 <-- 0.002834 s
currentSize : 25 <-- 0.003038 s
currentSize : 27 <-- 0.003177 s
currentSize : 29 <-- 0.004387 s
currentSize : 30 <-- 0.097254 s
currentSize : 31 <-- 0.421091 s
currentSize : 32 <-- 1.383997 s
currentSize : 33 <-- 9.141425 s

TIMEOUT
maxsize : 33
nodes : 728014754.000000
filtered : 4377201528.000000
time : 3600.000000
