Parameters: GAD=1 vflib=1 dir=0 label=1 lowerbound=1 fileNameGp=../graphsdb/mcs10/m3D/m3Dr6/mcs10_m3Dr6_s70.A65 fileNameGt=../graphsdb/mcs10/m3D/m3Dr6/mcs10_m3Dr6_s70.B65
Reading graphs...
70 :  198
70 :  197
Initializing...
maxdom : 8
D->valSize : 302
Solving...
Blb : 2 (clique : 17)
currentSize : 17 <-- 0.002914 s
currentSize : 18 <-- 0.003222 s
currentSize : 19 <-- 0.003491 s
currentSize : 20 <-- 0.012854 s
currentSize : 21 <-- 0.022511 s
currentSize : 22 <-- 6.108331 s
currentSize : 23 <-- 33.286835 s
currentSize : 24 <-- 98.188080 s
currentSize : 25 <-- 198.043518 s
currentSize : 26 <-- 2775.617188 s

TIMEOUT
maxsize : 26
nodes : 850545773.000000
filtered : 6568639979.000000
time : 3600.000000
