Parameters: GAD=1 vflib=1 dir=0 label=1 lowerbound=1 fileNameGp=../graphsdb/mcs10/m2D/m2Dr2/mcs10_m2Dr2_s90.A18 fileNameGt=../graphsdb/mcs10/m2D/m2Dr2/mcs10_m2Dr2_s90.B18
Reading graphs...
90 :  176
90 :  176
Initializing...
maxdom : 13
D->valSize : 506
Solving...
Blb : 2 (clique : 28)
currentSize : 28 <-- 0.005673 s
currentSize : 29 <-- 0.022597 s
currentSize : 30 <-- 0.080690 s
currentSize : 31 <-- 2237.422363 s
currentSize : 32 <-- 2272.873047 s
currentSize : 33 <-- 3249.014893 s

TIMEOUT
maxsize : 33
nodes : 956250894.000000
filtered : 5176051505.000000
time : 3600.000000
