Parameters: GAD=1 vflib=1 dir=0 label=1 lowerbound=1 fileNameGp=../graphsdb/mcs10/m2D/m2Dr2/mcs10_m2Dr2_s70.A96 fileNameGt=../graphsdb/mcs10/m2D/m2Dr2/mcs10_m2Dr2_s70.B96
Reading graphs...
70 :  137
70 :  137
Initializing...
maxdom : 6
D->valSize : 303
Solving...
Blb : 2 (clique : 21)
currentSize : 21 <-- 0.002527 s
currentSize : 22 <-- 0.002663 s
currentSize : 23 <-- 0.040750 s
currentSize : 24 <-- 0.044014 s
currentSize : 25 <-- 0.052245 s
currentSize : 26 <-- 22.783016 s
currentSize : 27 <-- 94.335533 s

TIMEOUT
maxsize : 27
nodes : 953710786.000000
filtered : 6741647371.000000
time : 3600.000000
