Parameters: GAD=1 vflib=1 dir=0 label=1 lowerbound=1 fileNameGp=../graphsdb/mcs10/bvg/b09/mcs10_b09_s100.A60 fileNameGt=../graphsdb/mcs10/bvg/b09/mcs10_b09_s100.B60
Reading graphs...
100 :  440
100 :  441
Initializing...
maxdom : 6
D->valSize : 317
Solving...
Blb : 2 (clique : 19)
currentSize : 19 <-- 0.004864 s
currentSize : 20 <-- 0.052445 s
currentSize : 21 <-- 0.268606 s
currentSize : 22 <-- 0.679034 s
currentSize : 23 <-- 7.412638 s
currentSize : 24 <-- 107.321335 s
currentSize : 25 <-- 1890.028687 s
currentSize : 26 <-- 1890.651855 s

TIMEOUT
maxsize : 26
nodes : 709221031.000000
filtered : 4333071418.000000
time : 3600.000000
