Parameters: GAD=1 vflib=1 dir=0 label=1 lowerbound=1 fileNameGp=../graphsdb/mcs10/m4D/m4Dr4/mcs10_m4Dr4_s100.A97 fileNameGt=../graphsdb/mcs10/m4D/m4Dr4/mcs10_m4Dr4_s100.B97
Reading graphs...
100 :  199
100 :  198
Initializing...
maxdom : 7
D->valSize : 303
Solving...
Blb : 2 (clique : 34)
currentSize : 34 <-- 0.003041 s
currentSize : 35 <-- 9.749549 s
currentSize : 36 <-- 12.696354 s
currentSize : 37 <-- 31.185076 s
currentSize : 38 <-- 52.377312 s
currentSize : 39 <-- 2579.453125 s

TIMEOUT
maxsize : 39
nodes : 766754463.000000
filtered : 2810689719.000000
time : 3600.000000
