Parameters: GAD=1 vflib=1 dir=0 label=1 lowerbound=1 fileNameGp=../graphsdb/mcs10/m3D/m3Dr4/mcs10_m3Dr4_s80.A76 fileNameGt=../graphsdb/mcs10/m3D/m3Dr4/mcs10_m3Dr4_s80.B76
Reading graphs...
80 :  214
80 :  210
Initializing...
maxdom : 10
D->valSize : 394
Solving...
Blb : 2 (clique : 23)
currentSize : 23 <-- 0.006823 s
currentSize : 24 <-- 0.007115 s
currentSize : 25 <-- 0.007611 s
currentSize : 26 <-- 0.010242 s
currentSize : 27 <-- 0.017454 s
currentSize : 28 <-- 19.069799 s

TIMEOUT
maxsize : 28
nodes : 829538798.000000
filtered : 6206730696.000000
time : 3600.000000
