Parameters: GAD=1 vflib=1 dir=0 label=1 lowerbound=1 fileNameGp=../graphsdb/mcs10/bvg/b06m/mcs10_b06m_s90.A09 fileNameGt=../graphsdb/mcs10/bvg/b06m/mcs10_b06m_s90.B09
Reading graphs...
90 :  265
90 :  261
Initializing...
maxdom : 10
D->valSize : 532
Solving...
Blb : 2 (clique : 25)
currentSize : 25 <-- 0.006003 s
currentSize : 26 <-- 0.006340 s
currentSize : 27 <-- 0.020654 s
currentSize : 28 <-- 0.540777 s
currentSize : 29 <-- 40.334129 s
currentSize : 30 <-- 611.001221 s

TIMEOUT
maxsize : 30
nodes : 792598030.000000
filtered : 5485968484.000000
time : 3600.000000
