Parameters: GAD=1 vflib=1 dir=0 label=1 lowerbound=1 fileNameGp=../graphsdb/mcs10/rand/r005/mcs10_r005_s90.A53 fileNameGt=../graphsdb/mcs10/rand/r005/mcs10_r005_s90.B53
Reading graphs...
90 :  394
90 :  399
Initializing...
maxdom : 11
D->valSize : 534
Solving...
Blb : 2 (clique : 20)
currentSize : 20 <-- 0.009685 s
currentSize : 21 <-- 0.010281 s
currentSize : 22 <-- 0.015527 s
currentSize : 23 <-- 0.047359 s
currentSize : 24 <-- 4.157671 s
currentSize : 25 <-- 11.012622 s
currentSize : 26 <-- 17.424231 s

TIMEOUT
maxsize : 26
nodes : 647296561.000000
filtered : 6770676111.000000
time : 3600.000000
