Parameters: GAD=1 vflib=1 dir=0 label=1 lowerbound=1 fileNameGp=../graphsdb/mcs10/rand/r01/mcs10_r01_s35.A69 fileNameGt=../graphsdb/mcs10/rand/r01/mcs10_r01_s35.B69
Reading graphs...
35 :  112
35 :  115
Initializing...
maxdom : 8
D->valSize : 156
Solving...
Blb : 2 (clique : 8)
currentSize : 8 <-- 0.001221 s
currentSize : 9 <-- 0.002139 s
currentSize : 10 <-- 0.002462 s
currentSize : 11 <-- 0.085254 s
currentSize : 12 <-- 0.097650 s

maxsize : 12
nodes : 59697.000000
filtered : 609178.000000
time : 0.288810
