Parameters: GAD=1 vflib=1 dir=0 label=1 lowerbound=1 fileNameGp=../graphsdb/mcs10/m3D/m3D/mcs10_m3D_s70.A97 fileNameGt=../graphsdb/mcs10/m3D/m3D/mcs10_m3D_s70.B97
Reading graphs...
70 :  157
70 :  159
Initializing...
maxdom : 8
D->valSize : 303
Solving...
Blb : 2 (clique : 19)
currentSize : 19 <-- 0.003956 s
currentSize : 20 <-- 0.004160 s
currentSize : 21 <-- 0.006785 s
currentSize : 22 <-- 0.043958 s
currentSize : 23 <-- 0.125818 s
currentSize : 24 <-- 0.135655 s
currentSize : 25 <-- 92.476585 s
currentSize : 26 <-- 109.511467 s
currentSize : 27 <-- 701.609436 s

TIMEOUT
maxsize : 27
nodes : 896131154.000000
filtered : 5671272679.000000
time : 3600.000000
