Parameters: GAD=1 vflib=1 dir=0 label=1 lowerbound=1 fileNameGp=../graphsdb/mcs10/m3D/m3Dr6/mcs10_m3Dr6_s70.A75 fileNameGt=../graphsdb/mcs10/m3D/m3Dr6/mcs10_m3Dr6_s70.B75
Reading graphs...
70 :  194
70 :  200
Initializing...
maxdom : 9
D->valSize : 345
Solving...
Blb : 2 (clique : 20)
currentSize : 20 <-- 0.003313 s
currentSize : 21 <-- 0.007797 s
currentSize : 22 <-- 0.099857 s
currentSize : 23 <-- 2.591011 s
currentSize : 24 <-- 3.330845 s
currentSize : 25 <-- 446.123108 s

TIMEOUT
maxsize : 25
nodes : 818156314.000000
filtered : 7682947654.000000
time : 3600.000000
