Parameters: GAD=1 vflib=1 dir=0 label=1 lowerbound=1 fileNameGp=../graphsdb/mcs10/rand/r005/mcs10_r005_s35.A56 fileNameGt=../graphsdb/mcs10/rand/r005/mcs10_r005_s35.B56
Reading graphs...
35 :  60
35 :  60
Initializing...
maxdom : 7
D->valSize : 155
Solving...
Blb : 2 (clique : 10)
currentSize : 10 <-- 0.000883 s
currentSize : 11 <-- 0.001054 s
currentSize : 12 <-- 0.001062 s
currentSize : 13 <-- 0.006538 s
currentSize : 14 <-- 0.017738 s
currentSize : 15 <-- 1.320979 s

maxsize : 15
nodes : 755571.000000
filtered : 3726827.000000
time : 1.724161
