Parameters: GAD=1 vflib=1 dir=0 label=1 lowerbound=1 fileNameGp=../graphsdb/mcs10/rand/r02/mcs10_r02_s90.A58 fileNameGt=../graphsdb/mcs10/rand/r02/mcs10_r02_s90.B58
Reading graphs...
90 :  1439
90 :  1430
Initializing...
maxdom : 8
D->valSize : 511
Solving...
Blb : 2 (clique : 8)
currentSize : 8 <-- 0.005447 s
currentSize : 9 <-- 0.007078 s
currentSize : 10 <-- 0.048741 s
currentSize : 11 <-- 0.656744 s
currentSize : 12 <-- 7.058185 s

maxsize : 12
nodes : 1785614.000000
filtered : 22392228.000000
time : 10.034253
