Parameters: GAD=1 vflib=1 dir=0 label=1 lowerbound=1 fileNameGp=../graphsdb/mcs10/rand/r005/mcs10_r005_s40.A69 fileNameGt=../graphsdb/mcs10/rand/r005/mcs10_r005_s40.B69
Reading graphs...
40 :  79
40 :  78
Initializing...
maxdom : 9
D->valSize : 201
Solving...
Blb : 2 (clique : 12)
currentSize : 12 <-- 0.001177 s
currentSize : 14 <-- 0.001470 s
currentSize : 15 <-- 0.008136 s
currentSize : 16 <-- 0.025167 s
currentSize : 17 <-- 1.263255 s

maxsize : 17
nodes : 1814161.000000
filtered : 13963248.000000
time : 5.418664
