Parameters: GAD=1 vflib=1 dir=0 label=1 lowerbound=1 fileNameGp=../graphsdb/mcs10/m2D/m2Dr4/mcs10_m2Dr4_s70.A62 fileNameGt=../graphsdb/mcs10/m2D/m2Dr4/mcs10_m2Dr4_s70.B62
Reading graphs...
70 :  149
70 :  145
Initializing...
maxdom : 7
D->valSize : 324
Solving...
Blb : 2 (clique : 21)
currentSize : 21 <-- 0.004043 s
currentSize : 22 <-- 0.004284 s
currentSize : 23 <-- 1.079667 s
currentSize : 24 <-- 1.291187 s
currentSize : 25 <-- 1.294861 s
currentSize : 26 <-- 68.666161 s
currentSize : 27 <-- 1030.449707 s

TIMEOUT
maxsize : 27
nodes : 879113603.000000
filtered : 6781087123.000000
time : 3600.000000
