Parameters: GAD=1 vflib=1 dir=0 label=1 lowerbound=1 fileNameGp=../graphsdb/mcs10/m2D/m2D/mcs10_m2D_s80.A49 fileNameGt=../graphsdb/mcs10/m2D/m2D/mcs10_m2D_s80.B49
Reading graphs...
80 :  141
80 :  142
Initializing...
maxdom : 8
D->valSize : 383
Solving...
Blb : 2 (clique : 27)
currentSize : 27 <-- 0.006450 s
currentSize : 28 <-- 0.033535 s
currentSize : 29 <-- 0.665680 s
currentSize : 30 <-- 0.832267 s
currentSize : 31 <-- 2.269685 s
currentSize : 32 <-- 25.924730 s
currentSize : 33 <-- 39.146538 s

TIMEOUT
maxsize : 33
nodes : 1177403626.000000
filtered : 5196035820.000000
time : 3600.000000
