Parameters: GAD=1 vflib=1 dir=0 label=1 lowerbound=1 fileNameGp=../graphsdb/mcs10/m3D/m3Dr4/mcs10_m3Dr4_s100.A65 fileNameGt=../graphsdb/mcs10/m3D/m3Dr4/mcs10_m3Dr4_s100.B65
Reading graphs...
100 :  271
100 :  270
Initializing...
maxdom : 7
D->valSize : 317
Solving...
Blb : 2 (clique : 27)
currentSize : 27 <-- 0.003050 s
currentSize : 28 <-- 0.003547 s
currentSize : 29 <-- 0.009360 s
currentSize : 30 <-- 0.698941 s
currentSize : 31 <-- 0.703500 s
currentSize : 32 <-- 0.711653 s

TIMEOUT
maxsize : 32
nodes : 696514555.000000
filtered : 3815249489.000000
time : 3600.000000
