Parameters: GAD=1 vflib=1 dir=0 label=1 lowerbound=1 fileNameGp=../graphsdb/mcs10/m2D/m2Dr6/mcs10_m2Dr6_s100.A33 fileNameGt=../graphsdb/mcs10/m2D/m2Dr6/mcs10_m2Dr6_s100.B33
Reading graphs...
100 :  239
100 :  235
Initializing...
maxdom : 8
D->valSize : 315
Solving...
Blb : 2 (clique : 27)
currentSize : 27 <-- 0.004913 s
currentSize : 28 <-- 0.005210 s
currentSize : 29 <-- 0.005528 s
currentSize : 30 <-- 0.018008 s
currentSize : 31 <-- 0.059421 s
currentSize : 32 <-- 0.556097 s
currentSize : 33 <-- 20.806772 s
currentSize : 34 <-- 176.654510 s
currentSize : 35 <-- 181.981857 s

TIMEOUT
maxsize : 35
nodes : 775814644.000000
filtered : 3701863580.000000
time : 3600.000000
