Parameters: GAD=1 vflib=1 dir=0 label=1 lowerbound=1 fileNameGp=../graphsdb/mcs10/rand/r01/mcs10_r01_s70.A83 fileNameGt=../graphsdb/mcs10/rand/r01/mcs10_r01_s70.B83
Reading graphs...
70 :  452
70 :  460
Initializing...
maxdom : 9
D->valSize : 297
Solving...
Blb : 2 (clique : 10)
currentSize : 10 <-- 0.002471 s
currentSize : 11 <-- 0.002550 s
currentSize : 12 <-- 0.003306 s
currentSize : 13 <-- 0.023758 s
currentSize : 14 <-- 0.128312 s
currentSize : 15 <-- 0.159518 s
currentSize : 16 <-- 9.233895 s

maxsize : 16
nodes : 6303955.000000
filtered : 62155297.000000
time : 28.550303
