Parameters: GAD=1 vflib=1 dir=0 label=1 lowerbound=1 fileNameGp=../graphsdb/mcs10/m2D/m2D/mcs10_m2D_s40.A71 fileNameGt=../graphsdb/mcs10/m2D/m2D/mcs10_m2D_s40.B71
Reading graphs...
40 :  66
40 :  66
Initializing...
maxdom : 9
D->valSize : 210
Solving...
Blb : 2 (clique : 14)
currentSize : 14 <-- 0.001411 s
currentSize : 15 <-- 0.021399 s
currentSize : 16 <-- 0.162172 s
currentSize : 17 <-- 0.465336 s
currentSize : 18 <-- 25.836649 s

maxsize : 18
nodes : 10812526.000000
filtered : 74765425.000000
time : 30.840618
