Parameters: GAD=1 vflib=1 dir=0 label=1 lowerbound=1 fileNameGp=../graphsdb/mcs10/bvg/b03m/mcs10_b03m_s40.A59 fileNameGt=../graphsdb/mcs10/bvg/b03m/mcs10_b03m_s40.B59
Reading graphs...
40 :  59
40 :  58
Initializing...
maxdom : 9
D->valSize : 208
Solving...
Blb : 2 (clique : 14)
currentSize : 14 <-- 0.001280 s
currentSize : 15 <-- 0.001561 s
currentSize : 16 <-- 0.095359 s
currentSize : 17 <-- 0.127154 s
currentSize : 18 <-- 4.728420 s
currentSize : 19 <-- 14.106512 s

maxsize : 19
nodes : 9770263.000000
filtered : 65821296.000000
time : 25.338430
