Parameters: GAD=1 vflib=1 dir=0 label=1 lowerbound=1 fileNameGp=../graphsdb/mcs10/m2D/m2D/mcs10_m2D_s50.A98 fileNameGt=../graphsdb/mcs10/m2D/m2D/mcs10_m2D_s50.B98
Reading graphs...
50 :  85
50 :  85
Initializing...
maxdom : 8
D->valSize : 317
Solving...
Blb : 2 (clique : 18)
currentSize : 18 <-- 0.002438 s
currentSize : 19 <-- 0.011449 s
currentSize : 20 <-- 2.904490 s
currentSize : 21 <-- 9.364481 s
currentSize : 22 <-- 12.994855 s
currentSize : 23 <-- 224.762375 s
currentSize : 24 <-- 604.748291 s

maxsize : 24
nodes : 427556210.000000
filtered : 4324446581.000000
time : 1656.214355
