Parameters: GAD=1 vflib=1 dir=0 label=1 lowerbound=1 fileNameGp=../graphsdb/mcs10/m2D/m2Dr4/mcs10_m2Dr4_s90.A07 fileNameGt=../graphsdb/mcs10/m2D/m2Dr4/mcs10_m2Dr4_s90.B07
Reading graphs...
90 :  194
90 :  196
Initializing...
maxdom : 11
D->valSize : 508
Solving...
Blb : 2 (clique : 27)
currentSize : 27 <-- 0.005803 s
currentSize : 28 <-- 0.006030 s
currentSize : 29 <-- 0.103332 s
currentSize : 30 <-- 0.523077 s
currentSize : 31 <-- 23.633106 s
currentSize : 32 <-- 158.726822 s
currentSize : 33 <-- 171.711121 s
currentSize : 34 <-- 1529.226074 s

TIMEOUT
maxsize : 34
nodes : 815847572.000000
filtered : 5337756649.000000
time : 3600.000000
