Parameters: GAD=1 vflib=1 dir=0 label=1 lowerbound=1 fileNameGp=../graphsdb/mcs10/m2D/m2Dr2/mcs10_m2Dr2_s80.A47 fileNameGt=../graphsdb/mcs10/m2D/m2Dr2/mcs10_m2Dr2_s80.B47
Reading graphs...
80 :  157
80 :  155
Initializing...
maxdom : 10
D->valSize : 404
Solving...
Blb : 2 (clique : 26)
currentSize : 26 <-- 0.006478 s
currentSize : 27 <-- 0.007018 s
currentSize : 28 <-- 0.007195 s
currentSize : 29 <-- 0.090933 s
currentSize : 30 <-- 3.801575 s
currentSize : 31 <-- 3.975238 s
currentSize : 32 <-- 49.492741 s

TIMEOUT
maxsize : 32
nodes : 837322904.000000
filtered : 5496837453.000000
time : 3600.000000
