Parameters: GAD=1 vflib=1 dir=0 label=1 lowerbound=1 fileNameGp=../graphsdb/mcs10/bvg/b06m/mcs10_b06m_s70.A03 fileNameGt=../graphsdb/mcs10/bvg/b06m/mcs10_b06m_s70.B03
Reading graphs...
70 :  204
70 :  202
Initializing...
maxdom : 7
D->valSize : 320
Solving...
Blb : 2 (clique : 19)
currentSize : 19 <-- 0.002551 s
currentSize : 20 <-- 0.328556 s
currentSize : 21 <-- 0.349777 s
currentSize : 22 <-- 0.350494 s
currentSize : 23 <-- 31.981976 s
currentSize : 24 <-- 115.072815 s

TIMEOUT
maxsize : 24
nodes : 846350801.000000
filtered : 6856997265.000000
time : 3600.000000
