Parameters: GAD=1 vflib=1 dir=0 label=1 lowerbound=1 fileNameGp=../graphsdb/mcs10/m3D/m3D/mcs10_m3D_s90.A08 fileNameGt=../graphsdb/mcs10/m3D/m3D/mcs10_m3D_s90.B08
Reading graphs...
90 :  207
90 :  207
Initializing...
maxdom : 9
D->valSize : 524
Solving...
Blb : 2 (clique : 27)
currentSize : 27 <-- 0.006089 s
currentSize : 28 <-- 0.006304 s
currentSize : 29 <-- 0.007232 s
currentSize : 30 <-- 0.007288 s
currentSize : 31 <-- 0.018896 s
currentSize : 32 <-- 21.690264 s
currentSize : 33 <-- 349.627411 s

TIMEOUT
maxsize : 33
nodes : 783715772.000000
filtered : 5087405019.000000
time : 3600.000000
