Parameters: GAD=1 vflib=1 dir=0 label=1 lowerbound=1 fileNameGp=../graphsdb/mcs10/m3D/m3Dr6/mcs10_m3Dr6_s60.A13 fileNameGt=../graphsdb/mcs10/m3D/m3Dr6/mcs10_m3Dr6_s60.B13
Reading graphs...
60 :  169
60 :  163
Initializing...
maxdom : 6
D->valSize : 228
Solving...
Blb : 2 (clique : 15)
currentSize : 15 <-- 0.002505 s
currentSize : 16 <-- 0.002656 s
currentSize : 17 <-- 0.002916 s
currentSize : 18 <-- 0.007420 s
currentSize : 19 <-- 0.084334 s
currentSize : 20 <-- 0.770808 s
currentSize : 21 <-- 148.398041 s

maxsize : 21
nodes : 133629645.000000
filtered : 897286774.000000
time : 493.046143
