Parameters: GAD=1 vflib=1 dir=0 label=1 lowerbound=1 fileNameGp=../graphsdb/mcs10/bvg/b03/mcs10_b03_s70.A33 fileNameGt=../graphsdb/mcs10/bvg/b03/mcs10_b03_s70.B33
Reading graphs...
70 :  105
70 :  104
Initializing...
maxdom : 10
D->valSize : 302
Solving...
Blb : 5 (clique : 26)
currentSize : 26 <-- 0.002538 s
currentSize : 27 <-- 0.320828 s
currentSize : 28 <-- 3.977831 s
currentSize : 29 <-- 89.952713 s
currentSize : 30 <-- 137.607422 s
currentSize : 31 <-- 185.448669 s

TIMEOUT
maxsize : 31
nodes : 1024302110.000000
filtered : 5361599719.000000
time : 3600.000000
