Parameters: GAD=1 vflib=1 dir=0 label=1 lowerbound=1 fileNameGp=../graphsdb/mcs10/rand/r01/mcs10_r01_s80.A19 fileNameGt=../graphsdb/mcs10/rand/r01/mcs10_r01_s80.B19
Reading graphs...
80 :  606
80 :  609
Initializing...
maxdom : 7
D->valSize : 410
Solving...
Blb : 5 (clique : 12)
currentSize : 12 <-- 0.005745 s
currentSize : 13 <-- 0.013169 s
currentSize : 14 <-- 0.014494 s
currentSize : 15 <-- 1.497199 s
currentSize : 16 <-- 17.993643 s
currentSize : 17 <-- 36.623093 s

maxsize : 17
nodes : 74989900.000000
filtered : 812110441.000000
time : 380.466156
