Parameters: GAD=1 vflib=1 dir=0 label=1 lowerbound=1 fileNameGp=../graphsdb/mcs10/rand/r01/mcs10_r01_s100.A77 fileNameGt=../graphsdb/mcs10/rand/r01/mcs10_r01_s100.B77
Reading graphs...
100 :  950
100 :  945
Initializing...
maxdom : 7
D->valSize : 336
Solving...
Blb : 2 (clique : 12)
currentSize : 12 <-- 0.003107 s
currentSize : 13 <-- 0.003473 s
currentSize : 14 <-- 0.015618 s
currentSize : 15 <-- 0.067300 s
currentSize : 16 <-- 9.008488 s
currentSize : 17 <-- 16.348122 s

maxsize : 17
nodes : 44791979.000000
filtered : 371964854.000000
time : 245.937469
