Parameters: GAD=1 vflib=1 dir=0 label=1 lowerbound=1 fileNameGp=../graphsdb/mcs10/bvg/b03m/mcs10_b03m_s60.A36 fileNameGt=../graphsdb/mcs10/bvg/b03m/mcs10_b03m_s60.B36
Reading graphs...
60 :  89
60 :  89
Initializing...
maxdom : 9
D->valSize : 229
Solving...
Blb : 2 (clique : 20)
currentSize : 20 <-- 0.001870 s
currentSize : 21 <-- 0.003341 s
currentSize : 22 <-- 0.003425 s
currentSize : 23 <-- 0.023898 s
currentSize : 24 <-- 0.068656 s
currentSize : 25 <-- 0.216537 s
currentSize : 26 <-- 1.891577 s

maxsize : 26
nodes : 2425037.000000
filtered : 14128714.000000
time : 9.296505
