Parameters: GAD=1 vflib=1 dir=0 label=1 lowerbound=1 fileNameGp=../graphsdb/mcs10/m2D/m2Dr6/mcs10_m2Dr6_s80.A04 fileNameGt=../graphsdb/mcs10/m2D/m2Dr6/mcs10_m2Dr6_s80.B04
Reading graphs...
80 :  188
80 :  189
Initializing...
maxdom : 10
D->valSize : 427
Solving...
Blb : 2 (clique : 25)
currentSize : 25 <-- 0.004242 s
currentSize : 26 <-- 0.024155 s
currentSize : 27 <-- 0.152665 s
currentSize : 28 <-- 21.555414 s
currentSize : 29 <-- 218.098465 s
currentSize : 30 <-- 218.737595 s
currentSize : 31 <-- 1043.465454 s

TIMEOUT
maxsize : 31
nodes : 812363346.000000
filtered : 6255994453.000000
time : 3600.000000
