Parameters: GAD=1 vflib=1 dir=0 label=1 lowerbound=1 fileNameGp=../graphsdb/mcs10/m2D/m2Dr2/mcs10_m2Dr2_s70.A08 fileNameGt=../graphsdb/mcs10/m2D/m2Dr2/mcs10_m2Dr2_s70.B08
Reading graphs...
70 :  135
70 :  136
Initializing...
maxdom : 6
D->valSize : 309
Solving...
Blb : 2 (clique : 23)
currentSize : 23 <-- 0.004210 s
currentSize : 24 <-- 0.004427 s
currentSize : 25 <-- 0.005114 s
currentSize : 26 <-- 0.079891 s
currentSize : 27 <-- 48.112534 s
currentSize : 28 <-- 1015.103210 s
currentSize : 29 <-- 3342.280029 s

TIMEOUT
maxsize : 29
nodes : 1044014966.000000
filtered : 4959131410.000000
time : 3600.000000
