Parameters: GAD=1 vflib=1 dir=0 label=1 lowerbound=1 fileNameGp=../graphsdb/mcs10/m3D/m3Dr6/mcs10_m3Dr6_s60.A55 fileNameGt=../graphsdb/mcs10/m3D/m3Dr6/mcs10_m3Dr6_s60.B55
Reading graphs...
60 :  166
60 :  164
Initializing...
maxdom : 7
D->valSize : 217
Solving...
Blb : 2 (clique : 19)
currentSize : 19 <-- 0.001664 s
currentSize : 20 <-- 0.002066 s
currentSize : 21 <-- 0.063812 s
currentSize : 22 <-- 11.140607 s
currentSize : 23 <-- 55.322906 s

maxsize : 23
nodes : 57542035.000000
filtered : 386836679.000000
time : 224.831924
