Parameters: GAD=1 vflib=1 dir=0 label=1 lowerbound=1 fileNameGp=../graphsdb/mcs10/m2D/m2Dr2/mcs10_m2Dr2_s100.A72 fileNameGt=../graphsdb/mcs10/m2D/m2Dr2/mcs10_m2Dr2_s100.B72
Reading graphs...
100 :  200
100 :  197
Initializing...
maxdom : 9
D->valSize : 338
Solving...
Blb : 2 (clique : 32)
currentSize : 32 <-- 0.003427 s
currentSize : 34 <-- 0.003662 s
currentSize : 35 <-- 1.378765 s
currentSize : 36 <-- 10.871078 s
currentSize : 37 <-- 175.659851 s
currentSize : 38 <-- 364.954163 s

TIMEOUT
maxsize : 38
nodes : 738936063.000000
filtered : 3869886061.000000
time : 3600.000000
