Parameters: GAD=1 vflib=1 dir=0 label=1 lowerbound=1 fileNameGp=../graphsdb/mcs10/m2D/m2D/mcs10_m2D_s90.A40 fileNameGt=../graphsdb/mcs10/m2D/m2D/mcs10_m2D_s90.B40
Reading graphs...
90 :  161
90 :  160
Initializing...
maxdom : 8
D->valSize : 518
Solving...
Blb : 2 (clique : 31)
currentSize : 31 <-- 0.009762 s
currentSize : 32 <-- 0.010313 s
currentSize : 33 <-- 0.012367 s
currentSize : 34 <-- 0.019073 s
currentSize : 35 <-- 0.498218 s
currentSize : 36 <-- 16.398216 s

TIMEOUT
maxsize : 36
nodes : 938947489.000000
filtered : 4255741650.000000
time : 3600.000000
