Parameters: GAD=1 vflib=1 dir=0 label=1 lowerbound=1 fileNameGp=../graphsdb/mcs10/bvg/b09/mcs10_b09_s100.A14 fileNameGt=../graphsdb/mcs10/bvg/b09/mcs10_b09_s100.B14
Reading graphs...
100 :  440
100 :  444
Initializing...
maxdom : 7
D->valSize : 303
Solving...
Blb : 2 (clique : 20)
currentSize : 20 <-- 0.002864 s
currentSize : 21 <-- 0.003106 s
currentSize : 22 <-- 0.005811 s
currentSize : 23 <-- 1.596311 s
currentSize : 24 <-- 1.597361 s
currentSize : 25 <-- 493.816589 s
currentSize : 26 <-- 501.929230 s
currentSize : 27 <-- 981.251648 s

TIMEOUT
maxsize : 27
nodes : 692694526.000000
filtered : 4239206282.000000
time : 3600.000000
