Parameters: GAD=1 vflib=1 dir=0 label=1 lowerbound=1 fileNameGp=../graphsdb/mcs10/rand/r005/mcs10_r005_s50.A08 fileNameGt=../graphsdb/mcs10/rand/r005/mcs10_r005_s50.B08
Reading graphs...
50 :  124
50 :  119
Initializing...
maxdom : 8
D->valSize : 286
Solving...
Blb : 2 (clique : 13)
currentSize : 13 <-- 0.001942 s
currentSize : 14 <-- 0.002036 s
currentSize : 15 <-- 0.002148 s
currentSize : 16 <-- 0.004659 s
currentSize : 17 <-- 0.548531 s
currentSize : 18 <-- 1.503304 s
currentSize : 19 <-- 92.818306 s
currentSize : 20 <-- 119.444000 s

maxsize : 20
nodes : 243572598.000000
filtered : 2231137659.000000
time : 803.487366
