Parameters: GAD=1 vflib=1 dir=0 label=1 lowerbound=1 fileNameGp=../graphsdb/mcs10/m3D/m3Dr6/mcs10_m3Dr6_s90.A44 fileNameGt=../graphsdb/mcs10/m3D/m3Dr6/mcs10_m3Dr6_s90.B44
Reading graphs...
90 :  254
90 :  259
Initializing...
maxdom : 11
D->valSize : 495
Solving...
Blb : 2 (clique : 22)
currentSize : 22 <-- 0.008902 s
currentSize : 23 <-- 0.009204 s
currentSize : 24 <-- 0.017254 s
currentSize : 25 <-- 0.029665 s
currentSize : 26 <-- 2.471319 s
currentSize : 27 <-- 15.042699 s
currentSize : 28 <-- 473.540741 s

TIMEOUT
maxsize : 28
nodes : 775451267.000000
filtered : 5879169418.000000
time : 3600.000000
