Parameters: GAD=1 vflib=1 dir=0 label=1 lowerbound=1 fileNameGp=../graphsdb/mcs10/m2D/m2Dr4/mcs10_m2Dr4_s60.A30 fileNameGt=../graphsdb/mcs10/m2D/m2Dr4/mcs10_m2Dr4_s60.B30
Reading graphs...
60 :  124
60 :  126
Initializing...
maxdom : 8
D->valSize : 220
Solving...
Blb : 3 (clique : 18)
currentSize : 18 <-- 0.001682 s
currentSize : 19 <-- 0.057089 s
currentSize : 20 <-- 0.066183 s
currentSize : 21 <-- 0.622714 s
currentSize : 22 <-- 1.040889 s
currentSize : 23 <-- 4.148265 s
currentSize : 24 <-- 28.915312 s
currentSize : 25 <-- 40.026695 s

maxsize : 25
nodes : 51800229.000000
filtered : 338733017.000000
time : 207.924515
