Parameters: GAD=1 vflib=1 dir=0 label=1 lowerbound=1 fileNameGp=../graphsdb/mcs10/m2D/m2D/mcs10_m2D_s60.A28 fileNameGt=../graphsdb/mcs10/m2D/m2D/mcs10_m2D_s60.B28
Reading graphs...
60 :  103
60 :  101
Initializing...
maxdom : 8
D->valSize : 255
Solving...
Blb : 2 (clique : 20)
currentSize : 20 <-- 0.001988 s
currentSize : 21 <-- 0.011527 s
currentSize : 22 <-- 0.711956 s
currentSize : 23 <-- 1.308131 s
currentSize : 24 <-- 1.338608 s
currentSize : 25 <-- 101.335930 s

maxsize : 25
nodes : 336083844.000000
filtered : 2343996693.000000
time : 1206.578125
