Parameters: GAD=1 vflib=1 dir=0 label=1 lowerbound=1 fileNameGp=../graphsdb/mcs10/m4D/m4Dr2/mcs10_m4Dr2_s100.A75 fileNameGt=../graphsdb/mcs10/m4D/m4Dr2/mcs10_m4Dr2_s100.B75
Reading graphs...
100 :  178
100 :  176
Initializing...
maxdom : 8
D->valSize : 351
Solving...
Blb : 5 (clique : 33)
currentSize : 33 <-- 0.005960 s
currentSize : 34 <-- 0.006390 s
currentSize : 35 <-- 0.261374 s
currentSize : 36 <-- 14.042594 s
currentSize : 37 <-- 14.963448 s
currentSize : 38 <-- 19.217358 s
currentSize : 39 <-- 150.805420 s
currentSize : 40 <-- 157.936569 s
currentSize : 41 <-- 486.515015 s

TIMEOUT
maxsize : 41
nodes : 761738900.000000
filtered : 3714622797.000000
time : 3600.000000
