Parameters: GAD=1 vflib=1 dir=0 label=1 lowerbound=1 fileNameGp=../graphsdb/mcs10/m3D/m3D/mcs10_m3D_s70.A57 fileNameGt=../graphsdb/mcs10/m3D/m3D/mcs10_m3D_s70.B57
Reading graphs...
70 :  158
70 :  157
Initializing...
maxdom : 8
D->valSize : 294
Solving...
Blb : 2 (clique : 20)
currentSize : 20 <-- 0.002577 s
currentSize : 21 <-- 0.016485 s
currentSize : 22 <-- 0.037298 s
currentSize : 23 <-- 0.134241 s
currentSize : 24 <-- 2.011618 s
currentSize : 25 <-- 717.489563 s

TIMEOUT
maxsize : 25
nodes : 859090172.000000
filtered : 5799367548.000000
time : 3600.000000
