Parameters: GAD=1 vflib=1 dir=0 label=1 lowerbound=1 fileNameGp=../graphsdb/mcs10/rand/r01/mcs10_r01_s50.A01 fileNameGt=../graphsdb/mcs10/rand/r01/mcs10_r01_s50.B01
Reading graphs...
50 :  235
50 :  237
Initializing...
maxdom : 9
D->valSize : 323
Solving...
Blb : 5 (clique : 10)
currentSize : 10 <-- 0.002274 s
currentSize : 11 <-- 0.002807 s
currentSize : 12 <-- 0.026083 s
currentSize : 13 <-- 0.027856 s
currentSize : 14 <-- 1.789855 s

maxsize : 14
nodes : 5746498.000000
filtered : 69281659.000000
time : 22.875751
