Parameters: GAD=1 vflib=1 dir=0 label=1 lowerbound=1 fileNameGp=../graphsdb/mcs10/m2D/m2Dr6/mcs10_m2Dr6_s70.A03 fileNameGt=../graphsdb/mcs10/m2D/m2Dr6/mcs10_m2Dr6_s70.B03
Reading graphs...
70 :  161
70 :  163
Initializing...
maxdom : 7
D->valSize : 296
Solving...
Blb : 2 (clique : 20)
currentSize : 20 <-- 0.002374 s
currentSize : 21 <-- 0.002613 s
currentSize : 22 <-- 0.003795 s
currentSize : 23 <-- 0.119699 s
currentSize : 24 <-- 0.210869 s
currentSize : 25 <-- 0.279356 s
currentSize : 26 <-- 26.326893 s
currentSize : 27 <-- 285.065613 s

TIMEOUT
maxsize : 27
nodes : 924119017.000000
filtered : 5508242778.000000
time : 3600.000000
