Parameters: GAD=1 vflib=1 dir=0 label=1 lowerbound=1 fileNameGp=../graphsdb/mcs10/m2D/m2D/mcs10_m2D_s60.A64 fileNameGt=../graphsdb/mcs10/m2D/m2D/mcs10_m2D_s60.B64
Reading graphs...
60 :  102
60 :  102
Initializing...
maxdom : 6
D->valSize : 231
Solving...
Blb : 2 (clique : 21)
currentSize : 21 <-- 0.001895 s
currentSize : 22 <-- 21.078659 s
currentSize : 23 <-- 56.228989 s
currentSize : 24 <-- 65.322746 s
currentSize : 25 <-- 66.411209 s
currentSize : 26 <-- 356.949371 s
currentSize : 27 <-- 380.703186 s

maxsize : 27
nodes : 208175377.000000
filtered : 1090640494.000000
time : 729.840759
