Parameters: GAD=1 vflib=1 dir=0 label=1 lowerbound=1 fileNameGp=../graphsdb/mcs10/m3D/m3Dr6/mcs10_m3Dr6_s90.A16 fileNameGt=../graphsdb/mcs10/m3D/m3Dr6/mcs10_m3Dr6_s90.B16
Reading graphs...
90 :  259
90 :  260
Initializing...
maxdom : 9
D->valSize : 499
Solving...
Blb : 2 (clique : 22)
currentSize : 22 <-- 0.005423 s
currentSize : 23 <-- 0.005714 s
currentSize : 24 <-- 0.013480 s
currentSize : 25 <-- 0.027333 s
currentSize : 26 <-- 2.882309 s
currentSize : 27 <-- 21.189692 s
currentSize : 28 <-- 31.401941 s
currentSize : 29 <-- 33.549908 s

TIMEOUT
maxsize : 29
nodes : 813181116.000000
filtered : 4773353225.000000
time : 3600.000000
