Parameters: GAD=1 vflib=1 dir=0 label=1 lowerbound=1 fileNameGp=../graphsdb/mcs10/rand/r01/mcs10_r01_s80.A29 fileNameGt=../graphsdb/mcs10/rand/r01/mcs10_r01_s80.B29
Reading graphs...
80 :  611
80 :  605
Initializing...
maxdom : 9
D->valSize : 412
Solving...
Blb : 2 (clique : 11)
currentSize : 11 <-- 0.005880 s
currentSize : 12 <-- 0.006271 s
currentSize : 13 <-- 0.007545 s
currentSize : 14 <-- 0.020266 s
currentSize : 15 <-- 0.020798 s
currentSize : 16 <-- 9.613016 s
currentSize : 17 <-- 10.047994 s

maxsize : 17
nodes : 33242617.000000
filtered : 382789549.000000
time : 167.988800
