Parameters: GAD=1 vflib=1 dir=0 label=1 lowerbound=1 fileNameGp=../graphsdb/mcs10/rand/r01/mcs10_r01_s50.A17 fileNameGt=../graphsdb/mcs10/rand/r01/mcs10_r01_s50.B17
Reading graphs...
50 :  233
50 :  239
Initializing...
maxdom : 12
D->valSize : 347
Solving...
Blb : 2 (clique : 11)
currentSize : 11 <-- 0.002538 s
currentSize : 12 <-- 0.002687 s
currentSize : 13 <-- 0.005987 s
currentSize : 14 <-- 0.045106 s
currentSize : 15 <-- 0.370599 s

maxsize : 15
nodes : 2842571.000000
filtered : 44448882.000000
time : 12.129866
