Parameters: GAD=1 vflib=1 dir=0 label=1 lowerbound=1 fileNameGp=../graphsdb/mcs10/m2D/m2Dr6/mcs10_m2Dr6_s90.A94 fileNameGt=../graphsdb/mcs10/m2D/m2Dr6/mcs10_m2Dr6_s90.B94
Reading graphs...
90 :  214
90 :  213
Initializing...
maxdom : 8
D->valSize : 493
Solving...
Blb : 2 (clique : 26)
currentSize : 26 <-- 0.005451 s
currentSize : 28 <-- 0.005658 s
currentSize : 29 <-- 0.006055 s
currentSize : 30 <-- 0.007575 s
currentSize : 31 <-- 0.044436 s
currentSize : 32 <-- 0.095669 s
currentSize : 33 <-- 2.977814 s
currentSize : 34 <-- 1640.787598 s

TIMEOUT
maxsize : 34
nodes : 819806164.000000
filtered : 4954356954.000000
time : 3600.000000
