Parameters: GAD=1 vflib=1 dir=0 label=1 lowerbound=1 fileNameGp=../graphsdb/mcs10/m2D/m2D/mcs10_m2D_s70.A91 fileNameGt=../graphsdb/mcs10/m2D/m2D/mcs10_m2D_s70.B91
Reading graphs...
70 :  123
70 :  122
Initializing...
maxdom : 8
D->valSize : 320
Solving...
Blb : 2 (clique : 25)
currentSize : 25 <-- 0.002658 s
currentSize : 26 <-- 0.009931 s
currentSize : 27 <-- 14.057363 s
currentSize : 28 <-- 150.173126 s
currentSize : 29 <-- 163.344925 s
currentSize : 30 <-- 202.006546 s
currentSize : 31 <-- 1151.132935 s

TIMEOUT
maxsize : 31
nodes : 877301647.000000
filtered : 6646564755.000000
time : 3600.000000
