Parameters: GAD=1 vflib=1 dir=0 label=1 lowerbound=1 fileNameGp=../graphsdb/mcs10/m3D/m3D/mcs10_m3D_s60.A92 fileNameGt=../graphsdb/mcs10/m3D/m3D/mcs10_m3D_s60.B92
Reading graphs...
60 :  131
60 :  133
Initializing...
maxdom : 10
D->valSize : 247
Solving...
Blb : 2 (clique : 18)
currentSize : 18 <-- 0.002824 s
currentSize : 19 <-- 0.158012 s
currentSize : 20 <-- 0.394231 s
currentSize : 21 <-- 1.195408 s
currentSize : 22 <-- 1.315297 s
currentSize : 23 <-- 2.066689 s
currentSize : 24 <-- 134.245789 s

maxsize : 24
nodes : 39854027.000000
filtered : 318112475.000000
time : 154.534363
