Parameters: GAD=1 vflib=1 dir=0 label=1 lowerbound=1 fileNameGp=../graphsdb/mcs10/m3D/m3Dr4/mcs10_m3Dr4_s60.A86 fileNameGt=../graphsdb/mcs10/m3D/m3Dr4/mcs10_m3Dr4_s60.B86
Reading graphs...
60 :  155
60 :  156
Initializing...
maxdom : 8
D->valSize : 256
Solving...
Blb : 2 (clique : 17)
currentSize : 17 <-- 0.001876 s
currentSize : 18 <-- 0.024194 s
currentSize : 19 <-- 0.225575 s
currentSize : 20 <-- 5.993136 s
currentSize : 21 <-- 38.721462 s
currentSize : 22 <-- 541.576233 s

maxsize : 22
nodes : 211183465.000000
filtered : 1587669473.000000
time : 838.167725
