Parameters: GAD=1 vflib=1 dir=0 label=1 lowerbound=1 fileNameGp=../graphsdb/mcs10/rand/r01/mcs10_r01_s35.A39 fileNameGt=../graphsdb/mcs10/rand/r01/mcs10_r01_s35.B39
Reading graphs...
35 :  113
35 :  113
Initializing...
maxdom : 7
D->valSize : 163
Solving...
Blb : 2 (clique : 8)
currentSize : 8 <-- 0.000900 s
currentSize : 9 <-- 0.001255 s
currentSize : 10 <-- 0.003833 s
currentSize : 11 <-- 0.022141 s
currentSize : 12 <-- 0.151503 s

maxsize : 12
nodes : 108294.000000
filtered : 895814.000000
time : 0.328650
