Parameters: GAD=1 vflib=1 dir=0 label=1 lowerbound=1 fileNameGp=../graphsdb/mcs10/bvg/b09m/mcs10_b09m_s100.A50 fileNameGt=../graphsdb/mcs10/bvg/b09m/mcs10_b09m_s100.B50
Reading graphs...
100 :  440
100 :  434
Initializing...
maxdom : 8
D->valSize : 305
Solving...
Blb : 5 (clique : 20)
currentSize : 20 <-- 0.002797 s
currentSize : 21 <-- 0.003383 s
currentSize : 22 <-- 0.009010 s
currentSize : 23 <-- 1.024019 s
currentSize : 24 <-- 3.985058 s
currentSize : 25 <-- 16.952156 s
currentSize : 26 <-- 1493.833862 s

TIMEOUT
maxsize : 26
nodes : 725465450.000000
filtered : 3664371250.000000
time : 3600.000000
