Parameters: GAD=1 vflib=1 dir=0 label=1 lowerbound=1 fileNameGp=../graphsdb/mcs10/m2D/m2Dr4/mcs10_m2Dr4_s50.A96 fileNameGt=../graphsdb/mcs10/m2D/m2Dr4/mcs10_m2Dr4_s50.B96
Reading graphs...
50 :  103
50 :  104
Initializing...
maxdom : 12
D->valSize : 291
Solving...
Blb : 2 (clique : 18)
currentSize : 18 <-- 0.002122 s
currentSize : 19 <-- 0.018761 s
currentSize : 20 <-- 0.022259 s
currentSize : 21 <-- 11.954376 s
currentSize : 22 <-- 12.484489 s

maxsize : 22
nodes : 19066777.000000
filtered : 193515709.000000
time : 66.942101
