Parameters: GAD=1 vflib=1 dir=0 label=1 lowerbound=1 fileNameGp=../graphsdb/mcs10/rand/r005/mcs10_r005_s100.A17 fileNameGt=../graphsdb/mcs10/rand/r005/mcs10_r005_s100.B17
Reading graphs...
100 :  489
100 :  486
Initializing...
maxdom : 7
D->valSize : 348
Solving...
Blb : 2 (clique : 16)
currentSize : 16 <-- 0.005385 s
currentSize : 17 <-- 0.022194 s
currentSize : 18 <-- 0.023797 s
currentSize : 20 <-- 0.088173 s
currentSize : 21 <-- 0.297698 s
currentSize : 22 <-- 0.297889 s
currentSize : 23 <-- 1.574699 s
currentSize : 24 <-- 52.031048 s
currentSize : 25 <-- 215.051453 s

TIMEOUT
maxsize : 25
nodes : 687937210.000000
filtered : 4597288889.000000
time : 3600.000000
