Parameters: GAD=1 vflib=1 dir=0 label=1 lowerbound=1 fileNameGp=../graphsdb/mcs10/m2D/m2Dr2/mcs10_m2Dr2_s100.A60 fileNameGt=../graphsdb/mcs10/m2D/m2Dr2/mcs10_m2Dr2_s100.B60
Reading graphs...
100 :  197
100 :  200
Initializing...
maxdom : 6
D->valSize : 300
Solving...
Blb : 2 (clique : 30)
currentSize : 30 <-- 0.002932 s
currentSize : 31 <-- 5.757084 s
currentSize : 32 <-- 282.383026 s
currentSize : 33 <-- 290.986847 s
currentSize : 34 <-- 2329.902100 s
currentSize : 35 <-- 3078.879639 s

TIMEOUT
maxsize : 35
nodes : 805685795.000000
filtered : 3048834263.000000
time : 3600.000000
