Parameters: GAD=1 vflib=1 dir=0 label=1 lowerbound=1 fileNameGp=../graphsdb/mcs10/m2D/m2Dr6/mcs10_m2Dr6_s100.A08 fileNameGt=../graphsdb/mcs10/m2D/m2Dr6/mcs10_m2Dr6_s100.B08
Reading graphs...
100 :  236
100 :  233
Initializing...
maxdom : 8
D->valSize : 318
Solving...
Blb : 2 (clique : 29)
currentSize : 29 <-- 0.003246 s
currentSize : 30 <-- 1.303398 s
currentSize : 31 <-- 13.484144 s
currentSize : 32 <-- 46.632084 s
currentSize : 33 <-- 56.238865 s
currentSize : 34 <-- 293.956238 s
currentSize : 35 <-- 298.694427 s

TIMEOUT
maxsize : 35
nodes : 675301090.000000
filtered : 4156691095.000000
time : 3600.000000
