Parameters: GAD=1 vflib=1 dir=0 label=1 lowerbound=1 fileNameGp=../graphsdb/mcs10/m2D/m2Dr4/mcs10_m2Dr4_s100.A12 fileNameGt=../graphsdb/mcs10/m2D/m2Dr4/mcs10_m2Dr4_s100.B12
Reading graphs...
100 :  219
100 :  219
Initializing...
maxdom : 6
D->valSize : 300
Solving...
Blb : 2 (clique : 28)
currentSize : 28 <-- 0.004789 s
currentSize : 29 <-- 0.005299 s
currentSize : 30 <-- 0.006851 s
currentSize : 32 <-- 0.149998 s
currentSize : 33 <-- 16.407093 s
currentSize : 34 <-- 184.996323 s

TIMEOUT
maxsize : 34
nodes : 722925099.000000
filtered : 4078820031.000000
time : 3600.000000
