Parameters: GAD=1 vflib=1 dir=0 label=1 lowerbound=1 fileNameGp=../graphsdb/mcs10/rand/r01/mcs10_r01_s90.A30 fileNameGt=../graphsdb/mcs10/rand/r01/mcs10_r01_s90.B30
Reading graphs...
90 :  760
90 :  756
Initializing...
maxdom : 9
D->valSize : 477
Solving...
Blb : 2 (clique : 13)
currentSize : 13 <-- 0.004701 s
currentSize : 14 <-- 0.025025 s
currentSize : 15 <-- 0.101082 s
currentSize : 16 <-- 0.115579 s
currentSize : 17 <-- 4.244649 s
currentSize : 18 <-- 332.812317 s

maxsize : 18
nodes : 198530159.000000
filtered : 2332479017.000000
time : 1087.597168
