Parameters: GAD=1 vflib=1 dir=0 label=1 lowerbound=1 fileNameGp=../graphsdb/mcs10/rand/r005/mcs10_r005_s100.A72 fileNameGt=../graphsdb/mcs10/rand/r005/mcs10_r005_s100.B72
Reading graphs...
100 :  493
100 :  486
Initializing...
maxdom : 8
D->valSize : 311
Solving...
Blb : 2 (clique : 17)
currentSize : 17 <-- 0.002862 s
currentSize : 18 <-- 0.003075 s
currentSize : 19 <-- 0.003663 s
currentSize : 20 <-- 0.008036 s
currentSize : 21 <-- 2.183029 s
currentSize : 22 <-- 4.732287 s
currentSize : 23 <-- 6.271192 s
currentSize : 24 <-- 244.344452 s
currentSize : 25 <-- 262.181549 s

TIMEOUT
maxsize : 25
nodes : 693795073.000000
filtered : 4148894852.000000
time : 3600.000000
