Parameters: GAD=1 vflib=1 dir=0 label=1 lowerbound=1 fileNameGp=../graphsdb/mcs10/rand/r01/mcs10_r01_s60.A06 fileNameGt=../graphsdb/mcs10/rand/r01/mcs10_r01_s60.B06
Reading graphs...
60 :  341
60 :  336
Initializing...
maxdom : 7
D->valSize : 235
Solving...
Blb : 2 (clique : 11)
currentSize : 11 <-- 0.001685 s
currentSize : 12 <-- 0.029325 s
currentSize : 13 <-- 0.076692 s
currentSize : 14 <-- 0.385201 s
currentSize : 15 <-- 1.577637 s

maxsize : 15
nodes : 1329671.000000
filtered : 11213872.000000
time : 5.334857
