Parameters: GAD=1 vflib=1 dir=0 label=1 lowerbound=1 fileNameGp=../graphsdb/mcs10/m2D/m2Dr6/mcs10_m2Dr6_s70.A87 fileNameGt=../graphsdb/mcs10/m2D/m2Dr6/mcs10_m2Dr6_s70.B87
Reading graphs...
70 :  163
70 :  160
Initializing...
maxdom : 8
D->valSize : 351
Solving...
Blb : 2 (clique : 20)
currentSize : 20 <-- 0.003070 s
currentSize : 21 <-- 0.029232 s
currentSize : 22 <-- 0.030208 s
currentSize : 23 <-- 0.542987 s
currentSize : 24 <-- 0.989836 s
currentSize : 25 <-- 10.989810 s
currentSize : 26 <-- 424.824585 s
currentSize : 27 <-- 3192.612061 s

TIMEOUT
maxsize : 27
nodes : 929847126.000000
filtered : 6556343149.000000
time : 3600.000000
