Parameters: GAD=1 vflib=1 dir=0 label=1 lowerbound=1 fileNameGp=../graphsdb/mcs10/rand/r005/mcs10_r005_s80.A14 fileNameGt=../graphsdb/mcs10/rand/r005/mcs10_r005_s80.B14
Reading graphs...
80 :  316
80 :  313
Initializing...
maxdom : 9
D->valSize : 362
Solving...
Blb : 2 (clique : 19)
currentSize : 19 <-- 0.003075 s
currentSize : 20 <-- 0.003266 s
currentSize : 21 <-- 2.812999 s
currentSize : 22 <-- 38.529041 s
currentSize : 23 <-- 404.845978 s
currentSize : 24 <-- 732.284729 s

TIMEOUT
maxsize : 24
nodes : 762731784.000000
filtered : 6450953903.000000
time : 3600.000000
