Parameters: GAD=1 vflib=1 dir=0 label=1 lowerbound=1 fileNameGp=../graphsdb/mcs10/bvg/b06m/mcs10_b06m_s100.A03 fileNameGt=../graphsdb/mcs10/bvg/b06m/mcs10_b06m_s100.B03
Reading graphs...
100 :  298
100 :  298
Initializing...
maxdom : 6
D->valSize : 314
Solving...
Blb : 2 (clique : 27)
currentSize : 27 <-- 0.003023 s
currentSize : 28 <-- 80.842659 s
currentSize : 29 <-- 156.064880 s
currentSize : 30 <-- 610.928406 s
currentSize : 31 <-- 1423.999878 s
currentSize : 32 <-- 1799.874146 s

TIMEOUT
maxsize : 32
nodes : 735315634.000000
filtered : 3737354334.000000
time : 3600.000000
