Parameters: GAD=1 vflib=1 dir=0 label=1 lowerbound=1 fileNameGp=../graphsdb/mcs10/rand/r005/mcs10_r005_s35.A76 fileNameGt=../graphsdb/mcs10/rand/r005/mcs10_r005_s35.B76
Reading graphs...
35 :  59
35 :  59
Initializing...
maxdom : 6
D->valSize : 155
Solving...
Blb : 2 (clique : 12)
currentSize : 12 <-- 0.000817 s
currentSize : 13 <-- 0.015428 s
currentSize : 14 <-- 0.029359 s
currentSize : 15 <-- 1.484187 s
currentSize : 16 <-- 2.552547 s

maxsize : 16
nodes : 1122016.000000
filtered : 6986429.000000
time : 3.062389
