Parameters: GAD=1 vflib=1 dir=0 label=1 lowerbound=1 fileNameGp=../graphsdb/mcs10/bvg/b09/mcs10_b09_s100.A52 fileNameGt=../graphsdb/mcs10/bvg/b09/mcs10_b09_s100.B52
Reading graphs...
100 :  447
100 :  440
Initializing...
maxdom : 8
D->valSize : 349
Solving...
Blb : 2 (clique : 21)
currentSize : 21 <-- 0.003532 s
currentSize : 22 <-- 0.003848 s
currentSize : 23 <-- 0.016944 s
currentSize : 24 <-- 1.347953 s
currentSize : 25 <-- 46.873112 s
currentSize : 26 <-- 254.502686 s
currentSize : 27 <-- 1204.747192 s

TIMEOUT
maxsize : 27
nodes : 652624113.000000
filtered : 5841361568.000000
time : 3600.000000
