Parameters: GAD=1 vflib=1 dir=0 label=1 lowerbound=1 fileNameGp=../graphsdb/mcs10/bvg/b06m/mcs10_b06m_s100.A33 fileNameGt=../graphsdb/mcs10/bvg/b06m/mcs10_b06m_s100.B33
Reading graphs...
100 :  299
100 :  296
Initializing...
maxdom : 6
D->valSize : 306
Solving...
Blb : 5 (clique : 24)
currentSize : 24 <-- 0.003034 s
currentSize : 25 <-- 0.378964 s
currentSize : 26 <-- 1.058526 s
currentSize : 27 <-- 1.523058 s
currentSize : 28 <-- 287.004578 s
currentSize : 29 <-- 1758.353394 s

TIMEOUT
maxsize : 29
nodes : 765355454.000000
filtered : 3261925466.000000
time : 3600.000000
