Parameters: GAD=1 vflib=1 dir=0 label=1 lowerbound=1 fileNameGp=../graphsdb/mcs10/rand/r02/mcs10_r02_s90.A24 fileNameGt=../graphsdb/mcs10/rand/r02/mcs10_r02_s90.B24
Reading graphs...
90 :  1448
90 :  1437
Initializing...
maxdom : 9
D->valSize : 531
Solving...
Blb : 2 (clique : 7)
currentSize : 7 <-- 0.005615 s
currentSize : 8 <-- 0.005706 s
currentSize : 9 <-- 0.005778 s
currentSize : 10 <-- 0.490883 s
currentSize : 11 <-- 4.463465 s

maxsize : 11
nodes : 3053558.000000
filtered : 37204541.000000
time : 16.696039
