Parameters: GAD=1 vflib=1 dir=0 label=1 lowerbound=1 fileNameGp=../graphsdb/mcs10/bvg/b03/mcs10_b03_s40.A59 fileNameGt=../graphsdb/mcs10/bvg/b03/mcs10_b03_s40.B59
Reading graphs...
40 :  60
40 :  60
Initializing...
maxdom : 8
D->valSize : 216
Solving...
Blb : 2 (clique : 14)
currentSize : 14 <-- 0.001307 s
currentSize : 15 <-- 0.001386 s
currentSize : 16 <-- 0.001552 s
currentSize : 17 <-- 0.001810 s
currentSize : 18 <-- 0.033868 s
currentSize : 19 <-- 0.895935 s

maxsize : 19
nodes : 8049128.000000
filtered : 75746836.000000
time : 27.517593
