Parameters: GAD=1 vflib=1 dir=0 label=1 lowerbound=1 fileNameGp=../graphsdb/mcs10/m2D/m2Dr6/mcs10_m2Dr6_s70.A71 fileNameGt=../graphsdb/mcs10/m2D/m2Dr6/mcs10_m2Dr6_s70.B71
Reading graphs...
70 :  160
70 :  162
Initializing...
maxdom : 7
D->valSize : 318
Solving...
Blb : 2 (clique : 21)
currentSize : 21 <-- 0.002648 s
currentSize : 22 <-- 0.002786 s
currentSize : 23 <-- 0.007338 s
currentSize : 24 <-- 0.047238 s
currentSize : 25 <-- 0.202774 s
currentSize : 26 <-- 31.580156 s

TIMEOUT
maxsize : 26
nodes : 846471464.000000
filtered : 5639652110.000000
time : 3600.000000
