Parameters: GAD=1 vflib=1 dir=0 label=1 lowerbound=1 fileNameGp=../graphsdb/mcs10/m2D/m2Dr2/mcs10_m2Dr2_s80.A63 fileNameGt=../graphsdb/mcs10/m2D/m2Dr2/mcs10_m2Dr2_s80.B63
Reading graphs...
80 :  157
80 :  156
Initializing...
maxdom : 11
D->valSize : 452
Solving...
Blb : 2 (clique : 27)
currentSize : 27 <-- 0.004585 s
currentSize : 28 <-- 832.286682 s
currentSize : 29 <-- 961.874146 s
currentSize : 30 <-- 3346.398682 s
currentSize : 31 <-- 3347.218750 s
currentSize : 32 <-- 3423.887451 s

TIMEOUT
maxsize : 32
nodes : 936710918.000000
filtered : 6293777249.000000
time : 3600.000000
