Parameters: GAD=1 vflib=1 dir=0 label=1 lowerbound=1 fileNameGp=../graphsdb/mcs10/bvg/b06m/mcs10_b06m_s90.A60 fileNameGt=../graphsdb/mcs10/bvg/b06m/mcs10_b06m_s90.B60
Reading graphs...
90 :  261
90 :  264
Initializing...
maxdom : 8
D->valSize : 479
Solving...
Blb : 2 (clique : 25)
currentSize : 25 <-- 0.005129 s
currentSize : 26 <-- 0.006191 s
currentSize : 27 <-- 0.070419 s
currentSize : 28 <-- 2.209342 s
currentSize : 29 <-- 80.369621 s
currentSize : 30 <-- 391.706116 s

TIMEOUT
maxsize : 30
nodes : 798595656.000000
filtered : 5385202580.000000
time : 3600.000000
