Parameters: GAD=1 vflib=1 dir=0 label=1 lowerbound=1 fileNameGp=../graphsdb/mcs10/bvg/b09m/mcs10_b09m_s100.A63 fileNameGt=../graphsdb/mcs10/bvg/b09m/mcs10_b09m_s100.B63
Reading graphs...
100 :  436
100 :  435
Initializing...
maxdom : 6
D->valSize : 313
Solving...
Blb : 2 (clique : 22)
currentSize : 22 <-- 0.002953 s
currentSize : 23 <-- 1.721248 s
currentSize : 24 <-- 1.769913 s
currentSize : 25 <-- 69.375526 s
currentSize : 26 <-- 450.057526 s
currentSize : 27 <-- 623.592529 s

TIMEOUT
maxsize : 27
nodes : 694463178.000000
filtered : 4087938446.000000
time : 3600.000000
