Parameters: GAD=1 vflib=1 dir=0 label=1 lowerbound=1 fileNameGp=../graphsdb/mcs10/m3D/m3D/mcs10_m3D_s100.A25 fileNameGt=../graphsdb/mcs10/m3D/m3D/mcs10_m3D_s100.B25
Reading graphs...
100 :  234
100 :  231
Initializing...
maxdom : 7
D->valSize : 321
Solving...
Blb : 2 (clique : 27)
currentSize : 27 <-- 0.003136 s
currentSize : 28 <-- 0.003416 s
currentSize : 29 <-- 0.004692 s
currentSize : 30 <-- 0.015658 s
currentSize : 31 <-- 0.738072 s
currentSize : 32 <-- 7.394034 s
currentSize : 33 <-- 9.814330 s
currentSize : 34 <-- 120.703491 s

TIMEOUT
maxsize : 34
nodes : 746055159.000000
filtered : 3166777212.000000
time : 3600.000000
