Parameters: GAD=1 vflib=1 dir=0 label=1 lowerbound=1 fileNameGp=../graphsdb/mcs10/m3D/m3Dr6/mcs10_m3Dr6_s60.A60 fileNameGt=../graphsdb/mcs10/m3D/m3Dr6/mcs10_m3Dr6_s60.B60
Reading graphs...
60 :  165
60 :  165
Initializing...
maxdom : 6
D->valSize : 244
Solving...
Blb : 2 (clique : 17)
currentSize : 17 <-- 0.002724 s
currentSize : 18 <-- 0.011860 s
currentSize : 19 <-- 0.011937 s
currentSize : 20 <-- 2.618997 s
currentSize : 21 <-- 9.861349 s
currentSize : 22 <-- 19.535986 s
currentSize : 23 <-- 104.921761 s

maxsize : 23
nodes : 32272909.000000
filtered : 263694193.000000
time : 133.263092
