Parameters: GAD=1 vflib=1 dir=0 label=1 lowerbound=1 fileNameGp=../graphsdb/mcs10/bvg/b03/mcs10_b03_s40.A00 fileNameGt=../graphsdb/mcs10/bvg/b03/mcs10_b03_s40.B00
Reading graphs...
40 :  60
40 :  60
Initializing...
maxdom : 7
D->valSize : 199
Solving...
Blb : 2 (clique : 15)
currentSize : 15 <-- 0.001399 s
currentSize : 16 <-- 0.001504 s
currentSize : 17 <-- 0.011462 s
currentSize : 18 <-- 0.023416 s
currentSize : 19 <-- 3.192920 s

maxsize : 19
nodes : 6666049.000000
filtered : 43109848.000000
time : 18.843187
