Parameters: GAD=1 vflib=1 dir=0 label=1 lowerbound=1 fileNameGp=../graphsdb/mcs10/rand/r005/mcs10_r005_s50.A70 fileNameGt=../graphsdb/mcs10/rand/r005/mcs10_r005_s50.B70
Reading graphs...
50 :  120
50 :  122
Initializing...
maxdom : 9
D->valSize : 326
Solving...
Blb : 2 (clique : 13)
currentSize : 13 <-- 0.002377 s
currentSize : 14 <-- 0.003153 s
currentSize : 15 <-- 0.003253 s
currentSize : 16 <-- 0.047324 s
currentSize : 17 <-- 0.047800 s
currentSize : 18 <-- 0.116879 s
currentSize : 19 <-- 0.514796 s
currentSize : 20 <-- 0.657022 s
currentSize : 21 <-- 1.498729 s

maxsize : 21
nodes : 77823933.000000
filtered : 1237776889.000000
time : 333.169189
