Parameters: GAD=1 vflib=1 dir=0 label=1 lowerbound=1 fileNameGp=../graphsdb/mcs10/rand/r01/mcs10_r01_s80.A90 fileNameGt=../graphsdb/mcs10/rand/r01/mcs10_r01_s80.B90
Reading graphs...
80 :  609
80 :  597
Initializing...
maxdom : 8
D->valSize : 388
Solving...
Blb : 5 (clique : 12)
currentSize : 12 <-- 0.003496 s
currentSize : 13 <-- 0.007452 s
currentSize : 14 <-- 0.008570 s
currentSize : 15 <-- 0.609860 s
currentSize : 16 <-- 16.793112 s

maxsize : 16
nodes : 69089105.000000
filtered : 634271953.000000
time : 328.062866
