Parameters: GAD=1 vflib=1 dir=0 label=1 lowerbound=1 fileNameGp=../graphsdb/mcs10/m3D/m3Dr6/mcs10_m3Dr6_s100.A43 fileNameGt=../graphsdb/mcs10/m3D/m3Dr6/mcs10_m3Dr6_s100.B43
Reading graphs...
100 :  291
100 :  292
Initializing...
maxdom : 7
D->valSize : 338
Solving...
Blb : 2 (clique : 26)
currentSize : 26 <-- 0.003262 s
currentSize : 27 <-- 0.029073 s
currentSize : 28 <-- 0.029567 s
currentSize : 29 <-- 0.036375 s
currentSize : 30 <-- 0.660607 s
currentSize : 31 <-- 41.926537 s
currentSize : 32 <-- 50.355755 s

TIMEOUT
maxsize : 32
nodes : 742868505.000000
filtered : 3596248676.000000
time : 3600.000000
