Parameters: GAD=1 vflib=1 dir=0 label=1 lowerbound=1 fileNameGp=../graphsdb/mcs10/rand/r02/mcs10_r02_s100.A72 fileNameGt=../graphsdb/mcs10/rand/r02/mcs10_r02_s100.B72
Reading graphs...
100 :  1774
100 :  1770
Initializing...
maxdom : 6
D->valSize : 323
Solving...
Blb : 2 (clique : 7)
currentSize : 7 <-- 0.003154 s
currentSize : 8 <-- 0.003241 s
currentSize : 9 <-- 0.005905 s
currentSize : 10 <-- 0.007089 s
currentSize : 11 <-- 1.246790 s
currentSize : 12 <-- 1.647012 s

maxsize : 12
nodes : 401593.000000
filtered : 3558762.000000
time : 2.224084
