Parameters: GAD=1 vflib=1 dir=0 label=1 lowerbound=1 fileNameGp=../graphsdb/mcs10/rand/r02/mcs10_r02_s90.A01 fileNameGt=../graphsdb/mcs10/rand/r02/mcs10_r02_s90.B01
Reading graphs...
90 :  1433
90 :  1419
Initializing...
maxdom : 10
D->valSize : 477
Solving...
Blb : 2 (clique : 7)
currentSize : 7 <-- 0.004703 s
currentSize : 8 <-- 0.004796 s
currentSize : 9 <-- 0.004884 s
currentSize : 10 <-- 0.068392 s
currentSize : 11 <-- 0.254417 s

maxsize : 11
nodes : 1535155.000000
filtered : 19505713.000000
time : 8.423469
