Parameters: GAD=1 vflib=1 dir=0 label=1 lowerbound=1 fileNameGp=../graphsdb/mcs10/bvg/b06/mcs10_b06_s100.A53 fileNameGt=../graphsdb/mcs10/bvg/b06/mcs10_b06_s100.B53
Reading graphs...
100 :  295
100 :  299
Initializing...
maxdom : 6
D->valSize : 330
Solving...
Blb : 2 (clique : 28)
currentSize : 28 <-- 0.003194 s
currentSize : 29 <-- 0.005307 s
currentSize : 30 <-- 0.008373 s
currentSize : 31 <-- 0.012958 s
currentSize : 32 <-- 0.051826 s
currentSize : 33 <-- 0.725014 s
currentSize : 34 <-- 56.214310 s

TIMEOUT
maxsize : 34
nodes : 652857743.000000
filtered : 4672549992.000000
time : 3600.000000
