Parameters: GAD=1 vflib=1 dir=0 label=1 lowerbound=1 fileNameGp=../graphsdb/mcs10/rand/r005/mcs10_r005_s100.A63 fileNameGt=../graphsdb/mcs10/rand/r005/mcs10_r005_s100.B63
Reading graphs...
100 :  490
100 :  489
Initializing...
maxdom : 9
D->valSize : 320
Solving...
Blb : 2 (clique : 17)
currentSize : 17 <-- 0.002944 s
currentSize : 18 <-- 0.003092 s
currentSize : 19 <-- 0.003643 s
currentSize : 20 <-- 0.005517 s
currentSize : 21 <-- 0.023626 s
currentSize : 22 <-- 5.606589 s
currentSize : 23 <-- 85.892456 s
currentSize : 24 <-- 101.351135 s
currentSize : 25 <-- 404.212494 s

TIMEOUT
maxsize : 25
nodes : 707145323.000000
filtered : 3788989065.000000
time : 3600.000000
