Parameters: GAD=1 vflib=1 dir=0 label=1 lowerbound=1 fileNameGp=../graphsdb/mcs10/bvg/b06m/mcs10_b06m_s80.A23 fileNameGt=../graphsdb/mcs10/bvg/b06m/mcs10_b06m_s80.B23
Reading graphs...
80 :  237
80 :  236
Initializing...
maxdom : 9
D->valSize : 424
Solving...
Blb : 2 (clique : 20)
currentSize : 20 <-- 0.005433 s
currentSize : 21 <-- 0.022036 s
currentSize : 22 <-- 0.459103 s
currentSize : 23 <-- 0.459354 s
currentSize : 24 <-- 1.452304 s
currentSize : 25 <-- 2.981550 s

TIMEOUT
maxsize : 25
nodes : 835890374.000000
filtered : 5111136967.000000
time : 3600.000000
