Parameters: GAD=1 vflib=1 dir=0 label=1 lowerbound=1 fileNameGp=../graphsdb/mcs10/m2D/m2Dr6/mcs10_m2Dr6_s90.A71 fileNameGt=../graphsdb/mcs10/m2D/m2Dr6/mcs10_m2Dr6_s90.B71
Reading graphs...
90 :  208
90 :  211
Initializing...
maxdom : 11
D->valSize : 505
Solving...
Blb : 2 (clique : 28)
currentSize : 28 <-- 0.009278 s
currentSize : 29 <-- 0.009719 s
currentSize : 30 <-- 0.026417 s
currentSize : 31 <-- 0.102310 s
currentSize : 32 <-- 0.521564 s
currentSize : 33 <-- 57.242451 s
currentSize : 34 <-- 200.038986 s
currentSize : 35 <-- 1180.822021 s

TIMEOUT
maxsize : 35
nodes : 778217801.000000
filtered : 6280304988.000000
time : 3600.000000
