Parameters: GAD=1 vflib=1 dir=0 label=1 lowerbound=1 fileNameGp=../graphsdb/mcs10/rand/r01/mcs10_r01_s70.A69 fileNameGt=../graphsdb/mcs10/rand/r01/mcs10_r01_s70.B69
Reading graphs...
70 :  454
70 :  453
Initializing...
maxdom : 9
D->valSize : 306
Solving...
Blb : 2 (clique : 12)
currentSize : 12 <-- 0.003655 s
currentSize : 13 <-- 0.004030 s
currentSize : 14 <-- 0.092758 s
currentSize : 15 <-- 7.693422 s
currentSize : 16 <-- 36.165180 s

maxsize : 16
nodes : 13985458.000000
filtered : 132578316.000000
time : 62.178921
