Parameters: GAD=1 vflib=1 dir=0 label=1 lowerbound=1 fileNameGp=../graphsdb/mcs10/rand/r01/mcs10_r01_s70.A45 fileNameGt=../graphsdb/mcs10/rand/r01/mcs10_r01_s70.B45
Reading graphs...
70 :  465
70 :  471
Initializing...
maxdom : 9
D->valSize : 322
Solving...
Blb : 2 (clique : 11)
currentSize : 11 <-- 0.004366 s
currentSize : 12 <-- 0.004572 s
currentSize : 13 <-- 0.017783 s
currentSize : 14 <-- 0.321422 s
currentSize : 15 <-- 10.803149 s

maxsize : 15
nodes : 10057689.000000
filtered : 117917243.000000
time : 45.571033
