Parameters: GAD=1 vflib=1 dir=0 label=1 lowerbound=1 fileNameGp=../graphsdb/mcs10/m2D/m2Dr6/mcs10_m2Dr6_s70.A48 fileNameGt=../graphsdb/mcs10/m2D/m2Dr6/mcs10_m2Dr6_s70.B48
Reading graphs...
70 :  162
70 :  161
Initializing...
maxdom : 11
D->valSize : 323
Solving...
Blb : 2 (clique : 21)
currentSize : 21 <-- 0.002683 s
currentSize : 22 <-- 0.004265 s
currentSize : 23 <-- 0.027347 s
currentSize : 24 <-- 0.470913 s
currentSize : 25 <-- 12.132144 s
currentSize : 26 <-- 26.802109 s
currentSize : 27 <-- 103.533897 s

TIMEOUT
maxsize : 27
nodes : 790112149.000000
filtered : 7249240262.000000
time : 3600.000000
