Parameters: GAD=1 vflib=1 dir=0 label=1 lowerbound=1 fileNameGp=../graphsdb/mcs10/m2D/m2D/mcs10_m2D_s90.A49 fileNameGt=../graphsdb/mcs10/m2D/m2D/mcs10_m2D_s90.B49
Reading graphs...
90 :  160
90 :  161
Initializing...
maxdom : 8
D->valSize : 498
Solving...
Blb : 2 (clique : 32)
currentSize : 32 <-- 0.009236 s
currentSize : 33 <-- 0.011161 s
currentSize : 34 <-- 0.014520 s
currentSize : 35 <-- 0.075560 s
currentSize : 36 <-- 53.873608 s
currentSize : 37 <-- 273.073486 s

TIMEOUT
maxsize : 37
nodes : 919296640.000000
filtered : 5360887990.000000
time : 3600.000000
