Parameters: GAD=1 vflib=1 dir=0 label=1 lowerbound=1 fileNameGp=../graphsdb/mcs10/m2D/m2Dr2/mcs10_m2Dr2_s80.A55 fileNameGt=../graphsdb/mcs10/m2D/m2Dr2/mcs10_m2Dr2_s80.B55
Reading graphs...
80 :  156
80 :  155
Initializing...
maxdom : 9
D->valSize : 437
Solving...
Blb : 2 (clique : 26)
currentSize : 26 <-- 0.004293 s
currentSize : 27 <-- 6.369116 s
currentSize : 28 <-- 9.636372 s
currentSize : 29 <-- 154.944580 s
currentSize : 30 <-- 200.828934 s
currentSize : 31 <-- 3168.987305 s

TIMEOUT
maxsize : 31
nodes : 863572354.000000
filtered : 5809456585.000000
time : 3600.000000
