Parameters: GAD=1 vflib=1 dir=0 label=1 lowerbound=1 fileNameGp=../graphsdb/mcs10/rand/r01/mcs10_r01_s80.A49 fileNameGt=../graphsdb/mcs10/rand/r01/mcs10_r01_s80.B49
Reading graphs...
80 :  601
80 :  609
Initializing...
maxdom : 8
D->valSize : 404
Solving...
Blb : 2 (clique : 11)
currentSize : 11 <-- 0.005788 s
currentSize : 13 <-- 0.006354 s
currentSize : 14 <-- 0.015056 s
currentSize : 15 <-- 0.040913 s
currentSize : 16 <-- 1.228080 s

maxsize : 16
nodes : 49293767.000000
filtered : 570257530.000000
time : 250.331741
