Parameters: GAD=1 vflib=1 dir=0 label=1 lowerbound=1 fileNameGp=../graphsdb/mcs10/bvg/b03/mcs10_b03_s100.A43 fileNameGt=../graphsdb/mcs10/bvg/b03/mcs10_b03_s100.B43
Reading graphs...
100 :  150
100 :  149
Initializing...
maxdom : 7
D->valSize : 304
Solving...
Blb : 2 (clique : 35)
currentSize : 35 <-- 0.003037 s
currentSize : 36 <-- 0.003746 s
currentSize : 37 <-- 0.006295 s
currentSize : 38 <-- 44.578564 s
currentSize : 39 <-- 47.378742 s
currentSize : 40 <-- 253.024857 s
currentSize : 41 <-- 1581.118652 s

TIMEOUT
maxsize : 41
nodes : 879372186.000000
filtered : 2779584260.000000
time : 3600.000000
