Parameters: GAD=1 vflib=1 dir=0 label=1 lowerbound=1 fileNameGp=../graphsdb/mcs10/m3D/m3Dr2/mcs10_m3Dr2_s70.A55 fileNameGt=../graphsdb/mcs10/m3D/m3Dr2/mcs10_m3Dr2_s70.B55
Reading graphs...
70 :  172
70 :  172
Initializing...
maxdom : 7
D->valSize : 306
Solving...
Blb : 2 (clique : 20)
currentSize : 20 <-- 0.002474 s
currentSize : 21 <-- 0.002700 s
currentSize : 22 <-- 0.664042 s
currentSize : 23 <-- 4.784372 s
currentSize : 24 <-- 4.817907 s
currentSize : 25 <-- 16.929441 s
currentSize : 26 <-- 103.042343 s

TIMEOUT
maxsize : 26
nodes : 860835807.000000
filtered : 6437443161.000000
time : 3600.000000
