Parameters: GAD=1 vflib=1 dir=0 label=1 lowerbound=1 fileNameGp=../graphsdb/mcs10/m3D/m3Dr4/mcs10_m3Dr4_s90.A67 fileNameGt=../graphsdb/mcs10/m3D/m3Dr4/mcs10_m3Dr4_s90.B67
Reading graphs...
90 :  242
90 :  242
Initializing...
maxdom : 9
D->valSize : 533
Solving...
Blb : 2 (clique : 23)
currentSize : 23 <-- 0.006039 s
currentSize : 24 <-- 0.216876 s
currentSize : 25 <-- 1.236462 s
currentSize : 26 <-- 1.496397 s
currentSize : 27 <-- 6.109296 s
currentSize : 28 <-- 10.709046 s
currentSize : 29 <-- 23.712637 s

TIMEOUT
maxsize : 29
nodes : 699182732.000000
filtered : 6545148347.000000
time : 3600.000000
