Parameters: GAD=1 vflib=1 dir=0 label=1 lowerbound=1 fileNameGp=../graphsdb/mcs10/m3D/m3Dr6/mcs10_m3Dr6_s60.A77 fileNameGt=../graphsdb/mcs10/m3D/m3Dr6/mcs10_m3Dr6_s60.B77
Reading graphs...
60 :  168
60 :  162
Initializing...
maxdom : 7
D->valSize : 219
Solving...
Blb : 2 (clique : 15)
currentSize : 15 <-- 0.001689 s
currentSize : 16 <-- 0.004020 s
currentSize : 17 <-- 0.010275 s
currentSize : 18 <-- 0.163094 s
currentSize : 19 <-- 2.086492 s
currentSize : 20 <-- 29.296904 s
currentSize : 21 <-- 87.757027 s

maxsize : 21
nodes : 33056114.000000
filtered : 230694876.000000
time : 127.391136
