Parameters: GAD=1 vflib=1 dir=0 label=1 lowerbound=1 fileNameGp=../graphsdb/mcs10/m3D/m3D/mcs10_m3D_s70.A34 fileNameGt=../graphsdb/mcs10/m3D/m3D/mcs10_m3D_s70.B34
Reading graphs...
70 :  155
70 :  158
Initializing...
maxdom : 7
D->valSize : 340
Solving...
Blb : 2 (clique : 21)
currentSize : 21 <-- 0.002922 s
currentSize : 22 <-- 0.003195 s
currentSize : 23 <-- 0.011894 s
currentSize : 24 <-- 1.088706 s
currentSize : 25 <-- 2.510892 s
currentSize : 26 <-- 7.135981 s
currentSize : 27 <-- 70.992950 s
currentSize : 28 <-- 620.633606 s

TIMEOUT
maxsize : 28
nodes : 869671402.000000
filtered : 6975642984.000000
time : 3600.000000
