Parameters: GAD=1 vflib=1 dir=0 label=1 lowerbound=1 fileNameGp=../graphsdb/mcs10/rand/r005/mcs10_r005_s90.A47 fileNameGt=../graphsdb/mcs10/rand/r005/mcs10_r005_s90.B47
Reading graphs...
90 :  395
90 :  393
Initializing...
maxdom : 10
D->valSize : 514
Solving...
Blb : 2 (clique : 20)
currentSize : 20 <-- 0.005515 s
currentSize : 21 <-- 0.010052 s
currentSize : 22 <-- 0.027951 s
currentSize : 23 <-- 10.824077 s
currentSize : 24 <-- 787.217712 s
currentSize : 25 <-- 832.493103 s

TIMEOUT
maxsize : 25
nodes : 711123507.000000
filtered : 6642912243.000000
time : 3600.000000
