Parameters: GAD=1 vflib=1 dir=0 label=1 lowerbound=1 fileNameGp=../graphsdb/mcs10/bvg/b03/mcs10_b03_s80.A57 fileNameGt=../graphsdb/mcs10/bvg/b03/mcs10_b03_s80.B57
Reading graphs...
80 :  119
80 :  119
Initializing...
maxdom : 8
D->valSize : 417
Solving...
Blb : 2 (clique : 28)
currentSize : 28 <-- 0.004032 s
currentSize : 29 <-- 6.250125 s
currentSize : 30 <-- 24.859495 s
currentSize : 31 <-- 160.118301 s
currentSize : 32 <-- 160.132629 s
currentSize : 33 <-- 1727.056030 s

TIMEOUT
maxsize : 33
nodes : 1043572348.000000
filtered : 4041159525.000000
time : 3600.000000
