Parameters: GAD=1 vflib=1 dir=0 label=1 lowerbound=1 fileNameGp=../graphsdb/mcs10/m3D/m3Dr4/mcs10_m3Dr4_s80.A87 fileNameGt=../graphsdb/mcs10/m3D/m3Dr4/mcs10_m3Dr4_s80.B87
Reading graphs...
80 :  216
80 :  212
Initializing...
maxdom : 10
D->valSize : 428
Solving...
Blb : 2 (clique : 24)
currentSize : 24 <-- 0.004253 s
currentSize : 25 <-- 0.004537 s
currentSize : 26 <-- 0.004628 s
currentSize : 27 <-- 1.138642 s
currentSize : 28 <-- 2.283956 s
currentSize : 29 <-- 10.776779 s
currentSize : 30 <-- 233.722198 s

TIMEOUT
maxsize : 30
nodes : 763919756.000000
filtered : 6790310604.000000
time : 3600.000000
