Parameters: GAD=1 vflib=1 dir=0 label=1 lowerbound=1 fileNameGp=../graphsdb/mcs10/rand/r005/mcs10_r005_s80.A62 fileNameGt=../graphsdb/mcs10/rand/r005/mcs10_r005_s80.B62
Reading graphs...
80 :  316
80 :  307
Initializing...
maxdom : 9
D->valSize : 397
Solving...
Blb : 2 (clique : 18)
currentSize : 18 <-- 0.003532 s
currentSize : 20 <-- 0.004865 s
currentSize : 21 <-- 0.115315 s
currentSize : 22 <-- 5.168238 s
currentSize : 23 <-- 38.266502 s
currentSize : 24 <-- 221.006943 s

TIMEOUT
maxsize : 24
nodes : 741102783.000000
filtered : 6845769931.000000
time : 3600.000000
