Parameters: GAD=1 vflib=1 dir=0 label=1 lowerbound=1 fileNameGp=../graphsdb/mcs10/m2D/m2D/mcs10_m2D_s90.A27 fileNameGt=../graphsdb/mcs10/m2D/m2D/mcs10_m2D_s90.B27
Reading graphs...
90 :  161
90 :  160
Initializing...
maxdom : 8
D->valSize : 511
Solving...
Blb : 2 (clique : 34)
currentSize : 34 <-- 0.005872 s
currentSize : 35 <-- 0.006193 s
currentSize : 36 <-- 0.006583 s
currentSize : 37 <-- 0.014109 s
currentSize : 38 <-- 0.148603 s
currentSize : 39 <-- 2.655242 s
currentSize : 40 <-- 1601.861084 s

TIMEOUT
maxsize : 40
nodes : 834319325.000000
filtered : 4524089526.000000
time : 3600.000000
