Parameters: GAD=1 vflib=1 dir=0 label=1 lowerbound=1 fileNameGp=../graphsdb/mcs10/m2D/m2Dr4/mcs10_m2Dr4_s40.A59 fileNameGt=../graphsdb/mcs10/m2D/m2Dr4/mcs10_m2Dr4_s40.B59
Reading graphs...
40 :  83
40 :  78
Initializing...
maxdom : 8
D->valSize : 204
Solving...
Blb : 2 (clique : 13)
currentSize : 13 <-- 0.001824 s
currentSize : 14 <-- 0.001928 s
currentSize : 15 <-- 0.002113 s
currentSize : 16 <-- 0.002275 s
currentSize : 17 <-- 0.025900 s

maxsize : 17
nodes : 1603280.000000
filtered : 14304641.000000
time : 5.489423
