Parameters: GAD=1 vflib=1 dir=0 label=1 lowerbound=1 fileNameGp=../graphsdb/mcs10/m4D/m4Dr4/mcs10_m4Dr4_s100.A22 fileNameGt=../graphsdb/mcs10/m4D/m4Dr4/mcs10_m4Dr4_s100.B22
Reading graphs...
100 :  194
100 :  195
Initializing...
maxdom : 7
D->valSize : 317
Solving...
Blb : 2 (clique : 30)
currentSize : 30 <-- 0.005196 s
currentSize : 31 <-- 0.005649 s
currentSize : 32 <-- 0.011668 s
currentSize : 33 <-- 0.043992 s
currentSize : 34 <-- 14.870463 s
currentSize : 35 <-- 37.897408 s
currentSize : 36 <-- 1126.067993 s

TIMEOUT
maxsize : 36
nodes : 764750719.000000
filtered : 3752250401.000000
time : 3600.000000
