Parameters: GAD=1 vflib=1 dir=0 label=1 lowerbound=1 fileNameGp=../graphsdb/mcs10/rand/r005/mcs10_r005_s90.A92 fileNameGt=../graphsdb/mcs10/rand/r005/mcs10_r005_s90.B92
Reading graphs...
90 :  396
90 :  395
Initializing...
maxdom : 9
D->valSize : 507
Solving...
Blb : 2 (clique : 20)
currentSize : 20 <-- 0.006135 s
currentSize : 21 <-- 0.041300 s
currentSize : 22 <-- 0.152990 s
currentSize : 23 <-- 48.287006 s
currentSize : 24 <-- 86.357887 s
currentSize : 25 <-- 1146.871338 s

TIMEOUT
maxsize : 25
nodes : 663203458.000000
filtered : 7209523946.000000
time : 3600.000000
