Parameters: GAD=1 vflib=1 dir=0 label=1 lowerbound=1 fileNameGp=../graphsdb/mcs10/bvg/b03m/mcs10_b03m_s90.A97 fileNameGt=../graphsdb/mcs10/bvg/b03m/mcs10_b03m_s90.B97
Reading graphs...
90 :  134
90 :  134
Initializing...
maxdom : 9
D->valSize : 535
Solving...
Blb : 2 (clique : 34)
currentSize : 34 <-- 0.010387 s
currentSize : 35 <-- 0.010805 s
currentSize : 36 <-- 0.011004 s
currentSize : 37 <-- 1.472897 s
currentSize : 38 <-- 288.704712 s
currentSize : 39 <-- 909.244812 s

TIMEOUT
maxsize : 39
nodes : 1021276053.000000
filtered : 4764748769.000000
time : 3600.000000
