Parameters: GAD=1 vflib=1 dir=0 label=1 lowerbound=1 fileNameGp=../graphsdb/mcs10/m2D/m2Dr6/mcs10_m2Dr6_s50.A01 fileNameGt=../graphsdb/mcs10/m2D/m2Dr6/mcs10_m2Dr6_s50.B01
Reading graphs...
50 :  111
50 :  109
Initializing...
maxdom : 14
D->valSize : 358
Solving...
Blb : 2 (clique : 16)
currentSize : 16 <-- 0.003009 s
currentSize : 17 <-- 0.003145 s
currentSize : 18 <-- 0.006996 s
currentSize : 19 <-- 0.723495 s
currentSize : 20 <-- 5.371595 s
currentSize : 21 <-- 1207.015503 s

maxsize : 21
nodes : 868548005.000000
filtered : 10449416774.000000
time : 3215.182617
