Parameters: GAD=1 vflib=1 dir=0 label=1 lowerbound=1 fileNameGp=../graphsdb/mcs10/rand/r01/mcs10_r01_s40.A08 fileNameGt=../graphsdb/mcs10/rand/r01/mcs10_r01_s40.B08
Reading graphs...
40 :  150
40 :  154
Initializing...
maxdom : 8
D->valSize : 176
Solving...
Blb : 2 (clique : 8)
currentSize : 8 <-- 0.001402 s
currentSize : 9 <-- 0.002189 s
currentSize : 10 <-- 0.025221 s
currentSize : 11 <-- 0.096624 s
currentSize : 12 <-- 0.264831 s

maxsize : 12
nodes : 111262.000000
filtered : 896810.000000
time : 0.348029
