Parameters: GAD=1 vflib=1 dir=0 label=1 lowerbound=1 fileNameGp=../graphsdb/mcs10/bvg/b03/mcs10_b03_s100.A93 fileNameGt=../graphsdb/mcs10/bvg/b03/mcs10_b03_s100.B93
Reading graphs...
100 :  150
100 :  149
Initializing...
maxdom : 8
D->valSize : 321
Solving...
Blb : 2 (clique : 36)
currentSize : 36 <-- 0.003133 s
currentSize : 37 <-- 0.003739 s
currentSize : 38 <-- 0.008352 s
currentSize : 39 <-- 0.127601 s
currentSize : 40 <-- 6.964882 s
currentSize : 41 <-- 60.336376 s
currentSize : 42 <-- 1286.718262 s
currentSize : 43 <-- 3029.973877 s

TIMEOUT
maxsize : 43
nodes : 1002364169.000000
filtered : 2905903571.000000
time : 3600.000000
