Parameters: GAD=1 vflib=1 dir=0 label=1 lowerbound=1 fileNameGp=../graphsdb/mcs10/bvg/b06/mcs10_b06_s80.A85 fileNameGt=../graphsdb/mcs10/bvg/b06/mcs10_b06_s80.B85
Reading graphs...
80 :  238
80 :  237
Initializing...
maxdom : 7
D->valSize : 415
Solving...
Blb : 2 (clique : 22)
currentSize : 22 <-- 0.003791 s
currentSize : 23 <-- 0.122021 s
currentSize : 24 <-- 1.899111 s
currentSize : 25 <-- 141.413300 s
currentSize : 26 <-- 321.614014 s
currentSize : 27 <-- 3120.721436 s

TIMEOUT
maxsize : 27
nodes : 821013313.000000
filtered : 5855572282.000000
time : 3600.000000
