Parameters: GAD=1 vflib=1 dir=0 label=1 lowerbound=1 fileNameGp=../graphsdb/mcs10/m2D/m2D/mcs10_m2D_s60.A34 fileNameGt=../graphsdb/mcs10/m2D/m2D/mcs10_m2D_s60.B34
Reading graphs...
60 :  102
60 :  104
Initializing...
maxdom : 6
D->valSize : 216
Solving...
Blb : 2 (clique : 19)
currentSize : 19 <-- 0.002584 s
currentSize : 21 <-- 0.002745 s
currentSize : 22 <-- 0.008655 s
currentSize : 23 <-- 0.375625 s
currentSize : 24 <-- 8.620334 s
currentSize : 25 <-- 10.137961 s

maxsize : 25
nodes : 35811550.000000
filtered : 240644058.000000
time : 137.504303
