Parameters: GAD=1 vflib=1 dir=0 label=1 lowerbound=1 fileNameGp=../graphsdb/mcs10/m4D/m4D/mcs10_m4D_s100.A55 fileNameGt=../graphsdb/mcs10/m4D/m4D/mcs10_m4D_s100.B55
Reading graphs...
100 :  159
100 :  159
Initializing...
maxdom : 8
D->valSize : 313
Solving...
Blb : 2 (clique : 32)
currentSize : 32 <-- 0.003149 s
currentSize : 33 <-- 0.040066 s
currentSize : 34 <-- 1.255382 s
currentSize : 35 <-- 1.283449 s
currentSize : 36 <-- 4.000236 s
currentSize : 37 <-- 49.011848 s
currentSize : 38 <-- 238.940933 s
currentSize : 39 <-- 509.170349 s

TIMEOUT
maxsize : 39
nodes : 744564550.000000
filtered : 2727585033.000000
time : 3600.000000
