Parameters: GAD=1 vflib=1 dir=0 label=1 lowerbound=1 fileNameGp=../graphsdb/mcs10/m2D/m2Dr2/mcs10_m2Dr2_s90.A97 fileNameGt=../graphsdb/mcs10/m2D/m2Dr2/mcs10_m2Dr2_s90.B97
Reading graphs...
90 :  176
90 :  178
Initializing...
maxdom : 11
D->valSize : 535
Solving...
Blb : 2 (clique : 28)
currentSize : 28 <-- 0.008033 s
currentSize : 29 <-- 1.202259 s
currentSize : 30 <-- 60.018246 s
currentSize : 31 <-- 73.843758 s
currentSize : 32 <-- 129.745468 s
currentSize : 33 <-- 261.143738 s

TIMEOUT
maxsize : 33
nodes : 749395763.000000
filtered : 5678117018.000000
time : 3600.000000
