Parameters: GAD=1 vflib=1 dir=0 label=1 lowerbound=1 fileNameGp=../graphsdb/mcs10/rand/r005/mcs10_r005_s70.A78 fileNameGt=../graphsdb/mcs10/rand/r005/mcs10_r005_s70.B78
Reading graphs...
70 :  240
70 :  238
Initializing...
maxdom : 7
D->valSize : 305
Solving...
Blb : 2 (clique : 17)
currentSize : 17 <-- 0.003822 s
currentSize : 18 <-- 0.021393 s
currentSize : 19 <-- 0.053829 s
currentSize : 20 <-- 0.096583 s
currentSize : 21 <-- 0.920194 s
currentSize : 22 <-- 3.228795 s
currentSize : 23 <-- 29.509434 s

maxsize : 23
nodes : 419173344.000000
filtered : 4043201880.000000
time : 1871.517334
