Parameters: GAD=1 vflib=1 dir=0 label=1 lowerbound=1 fileNameGp=../graphsdb/mcs10/rand/r01/mcs10_r01_s50.A29 fileNameGt=../graphsdb/mcs10/rand/r01/mcs10_r01_s50.B29
Reading graphs...
50 :  237
50 :  236
Initializing...
maxdom : 12
D->valSize : 314
Solving...
Blb : 5 (clique : 10)
currentSize : 10 <-- 0.002213 s
currentSize : 11 <-- 0.004257 s
currentSize : 12 <-- 0.011655 s
currentSize : 13 <-- 0.037376 s
currentSize : 14 <-- 0.037894 s
currentSize : 15 <-- 10.548858 s

maxsize : 15
nodes : 3272414.000000
filtered : 39818813.000000
time : 12.825712
