Parameters: GAD=1 vflib=1 dir=0 label=1 lowerbound=1 fileNameGp=../graphsdb/mcs10/rand/r01/mcs10_r01_s70.A41 fileNameGt=../graphsdb/mcs10/rand/r01/mcs10_r01_s70.B41
Reading graphs...
70 :  459
70 :  457
Initializing...
maxdom : 8
D->valSize : 317
Solving...
Blb : 5 (clique : 11)
currentSize : 11 <-- 0.002460 s
currentSize : 12 <-- 0.010299 s
currentSize : 13 <-- 0.018562 s
currentSize : 14 <-- 0.177994 s
currentSize : 15 <-- 0.211220 s
currentSize : 16 <-- 27.474745 s

maxsize : 16
nodes : 7804828.000000
filtered : 78305512.000000
time : 35.018974
