Parameters: GAD=1 vflib=1 dir=0 label=1 lowerbound=1 fileNameGp=../graphsdb/mcs10/rand/r005/mcs10_r005_s80.A12 fileNameGt=../graphsdb/mcs10/rand/r005/mcs10_r005_s80.B12
Reading graphs...
80 :  315
80 :  312
Initializing...
maxdom : 8
D->valSize : 416
Solving...
Blb : 5 (clique : 16)
currentSize : 16 <-- 0.003839 s
currentSize : 17 <-- 0.004727 s
currentSize : 18 <-- 0.067758 s
currentSize : 19 <-- 0.068965 s
currentSize : 20 <-- 0.070422 s
currentSize : 21 <-- 0.132226 s
currentSize : 22 <-- 0.434944 s
currentSize : 23 <-- 56.233009 s
currentSize : 24 <-- 171.494537 s

TIMEOUT
maxsize : 24
nodes : 762744523.000000
filtered : 6950137217.000000
time : 3600.000000
