Parameters: GAD=1 vflib=1 dir=0 label=1 lowerbound=1 fileNameGp=../graphsdb/mcs10/rand/r005/mcs10_r005_s40.A86 fileNameGt=../graphsdb/mcs10/rand/r005/mcs10_r005_s40.B86
Reading graphs...
40 :  81
40 :  79
Initializing...
maxdom : 8
D->valSize : 204
Solving...
Blb : 2 (clique : 14)
currentSize : 14 <-- 0.001866 s
currentSize : 15 <-- 0.001967 s
currentSize : 16 <-- 0.002042 s
currentSize : 17 <-- 0.047339 s
currentSize : 18 <-- 3.137771 s

maxsize : 18
nodes : 4987727.000000
filtered : 45757519.000000
time : 15.370979
