Parameters: GAD=1 vflib=1 dir=0 label=1 lowerbound=1 fileNameGp=../graphsdb/mcs10/rand/r01/mcs10_r01_s80.A22 fileNameGt=../graphsdb/mcs10/rand/r01/mcs10_r01_s80.B22
Reading graphs...
80 :  611
80 :  597
Initializing...
maxdom : 11
D->valSize : 410
Solving...
Blb : 2 (clique : 12)
currentSize : 12 <-- 0.005867 s
currentSize : 13 <-- 0.006166 s
currentSize : 14 <-- 0.008227 s
currentSize : 15 <-- 0.474238 s
currentSize : 16 <-- 11.334703 s
currentSize : 17 <-- 24.923002 s

maxsize : 17
nodes : 47504499.000000
filtered : 557248203.000000
time : 245.263763
