Parameters: GAD=1 vflib=1 dir=0 label=1 lowerbound=1 fileNameGp=../graphsdb/mcs10/bvg/b03m/mcs10_b03m_s60.A27 fileNameGt=../graphsdb/mcs10/bvg/b03m/mcs10_b03m_s60.B27
Reading graphs...
60 :  89
60 :  87
Initializing...
maxdom : 6
D->valSize : 242
Solving...
Blb : 2 (clique : 23)
currentSize : 23 <-- 0.001748 s
currentSize : 24 <-- 41.135983 s
currentSize : 25 <-- 72.779434 s
currentSize : 26 <-- 73.997459 s
currentSize : 27 <-- 194.278442 s

maxsize : 27
nodes : 397134300.000000
filtered : 2391824114.000000
time : 1436.617798
