Parameters: GAD=1 vflib=1 dir=0 label=1 lowerbound=1 fileNameGp=../graphsdb/mcs10/bvg/b06m/mcs10_b06m_s90.A72 fileNameGt=../graphsdb/mcs10/bvg/b06m/mcs10_b06m_s90.B72
Reading graphs...
90 :  266
90 :  261
Initializing...
maxdom : 10
D->valSize : 510
Solving...
Blb : 2 (clique : 25)
currentSize : 25 <-- 0.005530 s
currentSize : 26 <-- 0.005720 s
currentSize : 27 <-- 0.005761 s
currentSize : 28 <-- 0.019163 s
currentSize : 29 <-- 0.090806 s
currentSize : 30 <-- 0.228152 s

TIMEOUT
maxsize : 30
nodes : 847976802.000000
filtered : 4007315046.000000
time : 3600.000000
