Parameters: GAD=1 vflib=1 dir=0 label=1 lowerbound=1 fileNameGp=../graphsdb/mcs10/m3D/m3D/mcs10_m3D_s80.A30 fileNameGt=../graphsdb/mcs10/m3D/m3D/mcs10_m3D_s80.B30
Reading graphs...
80 :  182
80 :  181
Initializing...
maxdom : 8
D->valSize : 406
Solving...
Blb : 2 (clique : 25)
currentSize : 25 <-- 0.003946 s
currentSize : 26 <-- 0.019178 s
currentSize : 27 <-- 0.019845 s
currentSize : 28 <-- 1.187216 s
currentSize : 29 <-- 5.367114 s
currentSize : 30 <-- 202.215378 s
currentSize : 31 <-- 212.369003 s

TIMEOUT
maxsize : 31
nodes : 801843432.000000
filtered : 5954286436.000000
time : 3600.000000
