Parameters: GAD=1 vflib=1 dir=0 label=1 lowerbound=1 fileNameGp=../graphsdb/mcs10/m2D/m2Dr6/mcs10_m2Dr6_s50.A24 fileNameGt=../graphsdb/mcs10/m2D/m2Dr6/mcs10_m2Dr6_s50.B24
Reading graphs...
50 :  111
50 :  113
Initializing...
maxdom : 8
D->valSize : 314
Solving...
Blb : 2 (clique : 16)
currentSize : 16 <-- 0.002261 s
currentSize : 17 <-- 0.002367 s
currentSize : 18 <-- 0.002529 s
currentSize : 19 <-- 0.021368 s
currentSize : 20 <-- 2.661075 s
currentSize : 21 <-- 4.208190 s
currentSize : 22 <-- 28.210953 s

maxsize : 22
nodes : 98393747.000000
filtered : 1402127484.000000
time : 413.327240
