Parameters: GAD=1 vflib=1 dir=0 label=1 lowerbound=1 fileNameGp=../graphsdb/mcs10/m2D/m2Dr6/mcs10_m2Dr6_s100.A88 fileNameGt=../graphsdb/mcs10/m2D/m2Dr6/mcs10_m2Dr6_s100.B88
Reading graphs...
100 :  236
100 :  236
Initializing...
maxdom : 8
D->valSize : 323
Solving...
Blb : 2 (clique : 26)
currentSize : 26 <-- 0.005161 s
currentSize : 27 <-- 0.005509 s
currentSize : 28 <-- 0.008400 s
currentSize : 29 <-- 0.033152 s
currentSize : 30 <-- 0.072490 s
currentSize : 31 <-- 0.710073 s
currentSize : 32 <-- 51.946121 s
currentSize : 33 <-- 1668.818481 s

TIMEOUT
maxsize : 33
nodes : 777318983.000000
filtered : 3640782074.000000
time : 3600.000000
