Parameters: GAD=1 vflib=1 dir=0 label=1 lowerbound=1 fileNameGp=../graphsdb/mcs10/rand/r01/mcs10_r01_s40.A63 fileNameGt=../graphsdb/mcs10/rand/r01/mcs10_r01_s40.B63
Reading graphs...
40 :  155
40 :  147
Initializing...
maxdom : 9
D->valSize : 210
Solving...
Blb : 2 (clique : 9)
currentSize : 9 <-- 0.001301 s
currentSize : 10 <-- 0.001389 s
currentSize : 11 <-- 0.005208 s
currentSize : 12 <-- 0.274138 s
currentSize : 13 <-- 1.047826 s

maxsize : 13
nodes : 406437.000000
filtered : 3558800.000000
time : 1.346780
