Parameters: GAD=1 vflib=1 dir=0 label=1 lowerbound=1 fileNameGp=../graphsdb/mcs10/m4D/m4Dr4/mcs10_m4Dr4_s100.A18 fileNameGt=../graphsdb/mcs10/m4D/m4Dr4/mcs10_m4Dr4_s100.B18
Reading graphs...
100 :  196
100 :  197
Initializing...
maxdom : 8
D->valSize : 323
Solving...
Blb : 2 (clique : 33)
currentSize : 33 <-- 0.003484 s
currentSize : 34 <-- 0.284726 s
currentSize : 35 <-- 0.284921 s
currentSize : 36 <-- 1.249585 s
currentSize : 37 <-- 6.372276 s
currentSize : 38 <-- 24.106152 s
currentSize : 39 <-- 1296.917969 s

TIMEOUT
maxsize : 39
nodes : 723270894.000000
filtered : 3505756478.000000
time : 3600.000000
