Parameters: GAD=1 vflib=1 dir=0 label=1 lowerbound=1 fileNameGp=../graphsdb/mcs10/m2D/m2Dr4/mcs10_m2Dr4_s100.A27 fileNameGt=../graphsdb/mcs10/m2D/m2Dr4/mcs10_m2Dr4_s100.B27
Reading graphs...
100 :  217
100 :  218
Initializing...
maxdom : 6
D->valSize : 343
Solving...
Blb : 2 (clique : 31)
currentSize : 31 <-- 0.005651 s
currentSize : 32 <-- 0.121011 s
currentSize : 33 <-- 0.238064 s
currentSize : 34 <-- 47.689072 s
currentSize : 35 <-- 1169.919312 s
currentSize : 36 <-- 1193.773804 s
currentSize : 37 <-- 3308.803223 s

TIMEOUT
maxsize : 37
nodes : 820008013.000000
filtered : 3009680434.000000
time : 3600.000000
