Parameters: GAD=1 vflib=1 dir=0 label=1 lowerbound=1 fileNameGp=../graphsdb/mcs10/m3D/m3D/mcs10_m3D_s70.A29 fileNameGt=../graphsdb/mcs10/m3D/m3D/mcs10_m3D_s70.B29
Reading graphs...
70 :  157
70 :  158
Initializing...
maxdom : 7
D->valSize : 308
Solving...
Blb : 2 (clique : 20)
currentSize : 20 <-- 0.003917 s
currentSize : 21 <-- 0.040579 s
currentSize : 22 <-- 0.043738 s
currentSize : 23 <-- 1.372176 s
currentSize : 24 <-- 6.145127 s
currentSize : 25 <-- 336.175232 s
currentSize : 26 <-- 544.630005 s

TIMEOUT
maxsize : 26
nodes : 821356190.000000
filtered : 6127144796.000000
time : 3600.000000
