Parameters: GAD=1 vflib=1 dir=0 label=1 lowerbound=1 fileNameGp=../graphsdb/mcs10/rand/r02/mcs10_r02_s100.A87 fileNameGt=../graphsdb/mcs10/rand/r02/mcs10_r02_s100.B87
Reading graphs...
100 :  1765
100 :  1778
Initializing...
maxdom : 6
D->valSize : 337
Solving...
Blb : 2 (clique : 8)
currentSize : 8 <-- 0.003389 s
currentSize : 9 <-- 0.003698 s
currentSize : 10 <-- 0.012762 s
currentSize : 11 <-- 0.012928 s
currentSize : 12 <-- 0.076818 s

maxsize : 12
nodes : 285400.000000
filtered : 3438753.000000
time : 1.760196
