Parameters: GAD=1 vflib=1 dir=0 label=1 lowerbound=1 fileNameGp=../graphsdb/mcs10/bvg/b06m/mcs10_b06m_s90.A66 fileNameGt=../graphsdb/mcs10/bvg/b06m/mcs10_b06m_s90.B66
Reading graphs...
90 :  265
90 :  263
Initializing...
maxdom : 11
D->valSize : 526
Solving...
Blb : 2 (clique : 24)
currentSize : 24 <-- 0.005961 s
currentSize : 25 <-- 0.014138 s
currentSize : 26 <-- 0.042699 s
currentSize : 27 <-- 6.098588 s
currentSize : 28 <-- 6.637564 s
currentSize : 29 <-- 1773.869263 s

TIMEOUT
maxsize : 29
nodes : 775972717.000000
filtered : 5594046156.000000
time : 3600.000000
