Parameters: GAD=1 vflib=1 dir=0 label=1 lowerbound=1 fileNameGp=../graphsdb/mcs10/bvg/b09m/mcs10_b09m_s100.A73 fileNameGt=../graphsdb/mcs10/bvg/b09m/mcs10_b09m_s100.B73
Reading graphs...
100 :  435
100 :  438
Initializing...
maxdom : 8
D->valSize : 349
Solving...
Blb : 5 (clique : 21)
currentSize : 21 <-- 0.005495 s
currentSize : 22 <-- 0.009288 s
currentSize : 23 <-- 0.021532 s
currentSize : 24 <-- 0.021636 s
currentSize : 25 <-- 192.922867 s
currentSize : 26 <-- 1180.128906 s
currentSize : 27 <-- 1263.888794 s

TIMEOUT
maxsize : 27
nodes : 668964542.000000
filtered : 4781957227.000000
time : 3600.000000
