Parameters: GAD=1 vflib=1 dir=0 label=1 lowerbound=1 fileNameGp=../graphsdb/mcs10/bvg/b06m/mcs10_b06m_s70.A18 fileNameGt=../graphsdb/mcs10/bvg/b06m/mcs10_b06m_s70.B18
Reading graphs...
70 :  204
70 :  206
Initializing...
maxdom : 10
D->valSize : 304
Solving...
Blb : 5 (clique : 19)
currentSize : 19 <-- 0.002408 s
currentSize : 20 <-- 0.393637 s
currentSize : 21 <-- 2.277214 s
currentSize : 22 <-- 39.300365 s
currentSize : 23 <-- 277.480408 s
currentSize : 24 <-- 333.553375 s

TIMEOUT
maxsize : 24
nodes : 884420859.000000
filtered : 6676367165.000000
time : 3600.000000
