Parameters: GAD=1 vflib=1 dir=0 label=1 lowerbound=1 fileNameGp=../graphsdb/mcs10/m4D/m4Dr4/mcs10_m4Dr4_s100.A38 fileNameGt=../graphsdb/mcs10/m4D/m4Dr4/mcs10_m4Dr4_s100.B38
Reading graphs...
100 :  195
100 :  195
Initializing...
maxdom : 7
D->valSize : 332
Solving...
Blb : 2 (clique : 32)
currentSize : 32 <-- 0.003422 s
currentSize : 33 <-- 0.003649 s
currentSize : 34 <-- 0.003973 s
currentSize : 35 <-- 0.004014 s
currentSize : 36 <-- 0.550513 s
currentSize : 37 <-- 0.711800 s

TIMEOUT
maxsize : 37
nodes : 847037935.000000
filtered : 3810261045.000000
time : 3600.000000
