Parameters: GAD=1 vflib=1 dir=0 label=1 lowerbound=1 fileNameGp=../graphsdb/mcs10/m2D/m2Dr4/mcs10_m2Dr4_s70.A86 fileNameGt=../graphsdb/mcs10/m2D/m2Dr4/mcs10_m2Dr4_s70.B86
Reading graphs...
70 :  147
70 :  149
Initializing...
maxdom : 9
D->valSize : 321
Solving...
Blb : 2 (clique : 20)
currentSize : 20 <-- 0.002561 s
currentSize : 21 <-- 0.002803 s
currentSize : 22 <-- 0.117852 s
currentSize : 23 <-- 0.609080 s
currentSize : 24 <-- 1.469915 s
currentSize : 25 <-- 28.010872 s
currentSize : 26 <-- 1252.937500 s

TIMEOUT
maxsize : 26
nodes : 872974900.000000
filtered : 7405021418.000000
time : 3600.000000
