Parameters: GAD=1 vflib=1 dir=0 label=1 lowerbound=1 fileNameGp=../graphsdb/mcs10/bvg/b06m/mcs10_b06m_s70.A76 fileNameGt=../graphsdb/mcs10/bvg/b06m/mcs10_b06m_s70.B76
Reading graphs...
70 :  206
70 :  207
Initializing...
maxdom : 11
D->valSize : 347
Solving...
Blb : 2 (clique : 18)
currentSize : 18 <-- 0.003060 s
currentSize : 19 <-- 0.004147 s
currentSize : 20 <-- 0.006399 s
currentSize : 21 <-- 0.007501 s
currentSize : 22 <-- 0.073333 s
currentSize : 23 <-- 11.602602 s
currentSize : 24 <-- 29.042488 s
currentSize : 25 <-- 45.682446 s

TIMEOUT
maxsize : 25
nodes : 764558840.000000
filtered : 7353015949.000000
time : 3600.000000
