Parameters: GAD=1 vflib=1 dir=0 label=1 lowerbound=1 fileNameGp=../graphsdb/mcs10/m3D/m3D/mcs10_m3D_s100.A00 fileNameGt=../graphsdb/mcs10/m3D/m3D/mcs10_m3D_s100.B00
Reading graphs...
100 :  233
100 :  230
Initializing...
maxdom : 7
D->valSize : 322
Solving...
Blb : 2 (clique : 28)
currentSize : 28 <-- 0.003404 s
currentSize : 29 <-- 0.006948 s
currentSize : 30 <-- 0.763220 s
currentSize : 31 <-- 1.664985 s
currentSize : 32 <-- 2.581811 s
currentSize : 33 <-- 33.206600 s
currentSize : 34 <-- 36.710552 s
currentSize : 35 <-- 476.871124 s

TIMEOUT
maxsize : 35
nodes : 790021953.000000
filtered : 3133860908.000000
time : 3600.000000
