Parameters: GAD=1 vflib=1 dir=0 label=1 lowerbound=1 fileNameGp=../graphsdb/mcs10/m2D/m2Dr6/mcs10_m2Dr6_s70.A64 fileNameGt=../graphsdb/mcs10/m2D/m2Dr6/mcs10_m2Dr6_s70.B64
Reading graphs...
70 :  163
70 :  161
Initializing...
maxdom : 7
D->valSize : 293
Solving...
Blb : 2 (clique : 19)
currentSize : 19 <-- 0.002434 s
currentSize : 20 <-- 0.007671 s
currentSize : 21 <-- 0.853983 s
currentSize : 22 <-- 0.956701 s
currentSize : 23 <-- 1.220387 s
currentSize : 24 <-- 125.486931 s
currentSize : 25 <-- 1524.126221 s

TIMEOUT
maxsize : 25
nodes : 921830041.000000
filtered : 6001453321.000000
time : 3600.000000
