Parameters: GAD=1 vflib=1 dir=0 label=1 lowerbound=1 fileNameGp=../graphsdb/mcs10/m2D/m2D/mcs10_m2D_s100.A52 fileNameGt=../graphsdb/mcs10/m2D/m2D/mcs10_m2D_s100.B52
Reading graphs...
100 :  178
100 :  180
Initializing...
maxdom : 10
D->valSize : 324
Solving...
Blb : 2 (clique : 31)
currentSize : 31 <-- 0.005276 s
currentSize : 32 <-- 3.810852 s
currentSize : 33 <-- 4.513724 s
currentSize : 34 <-- 19.251078 s
currentSize : 35 <-- 23.294373 s
currentSize : 36 <-- 163.231583 s
currentSize : 37 <-- 838.423706 s

TIMEOUT
maxsize : 37
nodes : 895103810.000000
filtered : 3139940697.000000
time : 3600.000000
