Parameters: GAD=1 vflib=1 dir=0 label=1 lowerbound=1 fileNameGp=../graphsdb/mcs10/rand/r01/mcs10_r01_s80.A67 fileNameGt=../graphsdb/mcs10/rand/r01/mcs10_r01_s80.B67
Reading graphs...
80 :  596
80 :  604
Initializing...
maxdom : 10
D->valSize : 407
Solving...
Blb : 2 (clique : 12)
currentSize : 12 <-- 0.003872 s
currentSize : 13 <-- 0.003994 s
currentSize : 14 <-- 0.004169 s
currentSize : 15 <-- 0.005310 s
currentSize : 16 <-- 0.005877 s
currentSize : 17 <-- 58.536621 s

maxsize : 17
nodes : 70918400.000000
filtered : 772438882.000000
time : 345.973541
