Parameters: GAD=1 vflib=1 dir=0 label=1 lowerbound=1 fileNameGp=../graphsdb/mcs10/m4D/m4Dr2/mcs10_m4Dr2_s100.A40 fileNameGt=../graphsdb/mcs10/m4D/m4Dr2/mcs10_m4Dr2_s100.B40
Reading graphs...
100 :  179
100 :  176
Initializing...
maxdom : 8
D->valSize : 312
Solving...
Blb : 5 (clique : 34)
currentSize : 34 <-- 0.003210 s
currentSize : 35 <-- 14.191604 s
currentSize : 36 <-- 28.636534 s
currentSize : 37 <-- 46.527321 s
currentSize : 38 <-- 460.540314 s
currentSize : 39 <-- 470.506592 s

TIMEOUT
maxsize : 39
nodes : 704298345.000000
filtered : 4373306969.000000
time : 3600.000000
