Parameters: GAD=1 vflib=1 dir=0 label=1 lowerbound=1 fileNameGp=../graphsdb/mcs10/bvg/b09/mcs10_b09_s100.A89 fileNameGt=../graphsdb/mcs10/bvg/b09/mcs10_b09_s100.B89
Reading graphs...
100 :  441
100 :  442
Initializing...
maxdom : 12
D->valSize : 354
Solving...
Blb : 2 (clique : 19)
currentSize : 19 <-- 0.005503 s
currentSize : 20 <-- 0.011520 s
currentSize : 21 <-- 0.013326 s
currentSize : 22 <-- 0.120367 s
currentSize : 23 <-- 0.665345 s
currentSize : 24 <-- 3.628408 s
currentSize : 25 <-- 99.722809 s
currentSize : 26 <-- 267.884979 s
currentSize : 27 <-- 2953.594482 s

TIMEOUT
maxsize : 27
nodes : 660388266.000000
filtered : 5132114507.000000
time : 3600.000000
