Parameters: GAD=1 vflib=1 dir=0 label=1 lowerbound=1 fileNameGp=../graphsdb/mcs10/m2D/m2Dr6/mcs10_m2Dr6_s60.A19 fileNameGt=../graphsdb/mcs10/m2D/m2Dr6/mcs10_m2Dr6_s60.B19
Reading graphs...
60 :  135
60 :  139
Initializing...
maxdom : 9
D->valSize : 205
Solving...
Blb : 2 (clique : 19)
currentSize : 19 <-- 0.001599 s
currentSize : 20 <-- 0.061697 s
currentSize : 21 <-- 0.209223 s
currentSize : 22 <-- 44.540859 s
currentSize : 23 <-- 55.789642 s

maxsize : 23
nodes : 60263031.000000
filtered : 326867121.000000
time : 225.871124
