Parameters: GAD=1 vflib=1 dir=0 label=1 lowerbound=1 fileNameGp=../graphsdb/mcs10/m2D/m2Dr4/mcs10_m2Dr4_s100.A71 fileNameGt=../graphsdb/mcs10/m2D/m2Dr4/mcs10_m2Dr4_s100.B71
Reading graphs...
100 :  218
100 :  218
Initializing...
maxdom : 7
D->valSize : 336
Solving...
Blb : 2 (clique : 27)
currentSize : 27 <-- 0.003351 s
currentSize : 28 <-- 0.003698 s
currentSize : 29 <-- 0.005216 s
currentSize : 30 <-- 0.047854 s
currentSize : 31 <-- 4.817499 s
currentSize : 32 <-- 17.715084 s
currentSize : 33 <-- 46.952606 s
currentSize : 34 <-- 471.748260 s
currentSize : 35 <-- 498.034119 s

TIMEOUT
maxsize : 35
nodes : 741297167.000000
filtered : 2993698855.000000
time : 3600.000000
