Parameters: GAD=1 vflib=1 dir=0 label=1 lowerbound=1 fileNameGp=../graphsdb/mcs10/m2D/m2Dr2/mcs10_m2Dr2_s80.A67 fileNameGt=../graphsdb/mcs10/m2D/m2Dr2/mcs10_m2Dr2_s80.B67
Reading graphs...
80 :  157
80 :  156
Initializing...
maxdom : 8
D->valSize : 424
Solving...
Blb : 2 (clique : 25)
currentSize : 25 <-- 0.004185 s
currentSize : 26 <-- 0.007457 s
currentSize : 27 <-- 0.818841 s
currentSize : 28 <-- 366.059509 s
currentSize : 29 <-- 1107.527100 s
currentSize : 30 <-- 1201.867798 s

TIMEOUT
maxsize : 30
nodes : 871087463.000000
filtered : 4926062745.000000
time : 3600.000000
