Parameters: GAD=1 vflib=1 dir=0 label=1 lowerbound=1 fileNameGp=../graphsdb/mcs10/bvg/b06m/mcs10_b06m_s80.A52 fileNameGt=../graphsdb/mcs10/bvg/b06m/mcs10_b06m_s80.B52
Reading graphs...
80 :  235
80 :  234
Initializing...
maxdom : 8
D->valSize : 414
Solving...
Blb : 3 (clique : 21)
currentSize : 21 <-- 0.004048 s
currentSize : 22 <-- 0.008561 s
currentSize : 23 <-- 0.061070 s
currentSize : 24 <-- 0.134593 s
currentSize : 25 <-- 0.215829 s
currentSize : 26 <-- 49.887096 s
currentSize : 27 <-- 82.981583 s
currentSize : 28 <-- 219.789154 s

TIMEOUT
maxsize : 28
nodes : 720298861.000000
filtered : 5722911308.000000
time : 3600.000000
