Parameters: GAD=1 vflib=1 dir=0 label=1 lowerbound=1 fileNameGp=../graphsdb/mcs10/m4D/m4Dr4/mcs10_m4Dr4_s100.A78 fileNameGt=../graphsdb/mcs10/m4D/m4Dr4/mcs10_m4Dr4_s100.B78
Reading graphs...
100 :  197
100 :  195
Initializing...
maxdom : 7
D->valSize : 310
Solving...
Blb : 2 (clique : 31)
currentSize : 31 <-- 0.002999 s
currentSize : 32 <-- 0.031650 s
currentSize : 33 <-- 0.075112 s
currentSize : 34 <-- 0.075845 s
currentSize : 35 <-- 2.636473 s
currentSize : 36 <-- 3.957571 s
currentSize : 37 <-- 77.541046 s
currentSize : 38 <-- 94.376419 s
currentSize : 39 <-- 1379.696533 s

TIMEOUT
maxsize : 39
nodes : 834099515.000000
filtered : 3712230484.000000
time : 3600.000000
