Parameters: GAD=1 vflib=1 dir=0 label=1 lowerbound=1 fileNameGp=../graphsdb/mcs10/m2D/m2D/mcs10_m2D_s100.A37 fileNameGt=../graphsdb/mcs10/m2D/m2D/mcs10_m2D_s100.B37
Reading graphs...
100 :  179
100 :  179
Initializing...
maxdom : 9
D->valSize : 320
Solving...
Blb : 2 (clique : 32)
currentSize : 32 <-- 0.003223 s
currentSize : 34 <-- 0.003465 s
currentSize : 35 <-- 0.906669 s
currentSize : 36 <-- 51.389332 s
currentSize : 37 <-- 51.390846 s
currentSize : 38 <-- 287.041016 s
currentSize : 39 <-- 1084.780640 s

TIMEOUT
maxsize : 39
nodes : 770033967.000000
filtered : 3465014480.000000
time : 3600.000000
