Parameters: GAD=1 vflib=1 dir=0 label=1 lowerbound=1 fileNameGp=../graphsdb/mcs10/m2D/m2D/mcs10_m2D_s70.A92 fileNameGt=../graphsdb/mcs10/m2D/m2D/mcs10_m2D_s70.B92
Reading graphs...
70 :  122
70 :  123
Initializing...
maxdom : 8
D->valSize : 300
Solving...
Blb : 2 (clique : 22)
currentSize : 22 <-- 0.003974 s
currentSize : 23 <-- 0.006673 s
currentSize : 24 <-- 0.010853 s
currentSize : 25 <-- 0.141876 s
currentSize : 26 <-- 3.096941 s
currentSize : 27 <-- 11.661951 s
currentSize : 28 <-- 12.958815 s
currentSize : 29 <-- 597.462402 s

TIMEOUT
maxsize : 29
nodes : 913947177.000000
filtered : 4720937707.000000
time : 3600.000000
