Parameters: GAD=1 vflib=1 dir=0 label=1 lowerbound=1 fileNameGp=../graphsdb/mcs10/rand/r005/mcs10_r005_s70.A49 fileNameGt=../graphsdb/mcs10/rand/r005/mcs10_r005_s70.B49
Reading graphs...
70 :  238
70 :  242
Initializing...
maxdom : 8
D->valSize : 346
Solving...
Blb : 2 (clique : 17)
currentSize : 17 <-- 0.002987 s
currentSize : 18 <-- 0.003200 s
currentSize : 19 <-- 0.027135 s
currentSize : 20 <-- 32.508904 s
currentSize : 21 <-- 145.460205 s
currentSize : 22 <-- 751.856750 s
currentSize : 23 <-- 1307.771851 s

TIMEOUT
maxsize : 23
nodes : 779657492.000000
filtered : 8143548584.000000
time : 3600.000000
