Parameters: GAD=1 vflib=1 dir=0 label=1 lowerbound=1 fileNameGp=../graphsdb/mcs10/m2D/m2Dr6/mcs10_m2Dr6_s40.A30 fileNameGt=../graphsdb/mcs10/m2D/m2Dr6/mcs10_m2Dr6_s40.B30
Reading graphs...
40 :  90
40 :  88
Initializing...
maxdom : 8
D->valSize : 223
Solving...
Blb : 2 (clique : 11)
currentSize : 11 <-- 0.001950 s
currentSize : 13 <-- 0.002273 s
currentSize : 14 <-- 0.002961 s
currentSize : 15 <-- 0.630378 s
currentSize : 16 <-- 3.230874 s

maxsize : 16
nodes : 1762431.000000
filtered : 18966141.000000
time : 5.883166
