Parameters: GAD=1 vflib=1 dir=0 label=1 lowerbound=1 fileNameGp=../graphsdb/mcs10/rand/r01/mcs10_r01_s80.A89 fileNameGt=../graphsdb/mcs10/rand/r01/mcs10_r01_s80.B89
Reading graphs...
80 :  599
80 :  605
Initializing...
maxdom : 8
D->valSize : 389
Solving...
Blb : 2 (clique : 11)
currentSize : 11 <-- 0.003453 s
currentSize : 12 <-- 0.004742 s
currentSize : 13 <-- 0.004997 s
currentSize : 14 <-- 0.058015 s
currentSize : 15 <-- 0.236265 s
currentSize : 16 <-- 5.087711 s
currentSize : 17 <-- 153.995667 s

maxsize : 17
nodes : 53816569.000000
filtered : 574664841.000000
time : 267.034607
