Parameters: GAD=1 vflib=1 dir=0 label=1 lowerbound=1 fileNameGp=../graphsdb/mcs10/m2D/m2Dr6/mcs10_m2Dr6_s50.A85 fileNameGt=../graphsdb/mcs10/m2D/m2Dr6/mcs10_m2Dr6_s50.B85
Reading graphs...
50 :  111
50 :  111
Initializing...
maxdom : 10
D->valSize : 318
Solving...
Blb : 2 (clique : 15)
currentSize : 15 <-- 0.002230 s
currentSize : 16 <-- 0.002326 s
currentSize : 17 <-- 0.005287 s
currentSize : 18 <-- 0.007629 s
currentSize : 19 <-- 0.863264 s
currentSize : 20 <-- 21.577593 s
currentSize : 21 <-- 243.309769 s
currentSize : 22 <-- 284.170532 s

maxsize : 22
nodes : 266555376.000000
filtered : 2947226365.000000
time : 997.910400
