Parameters: GAD=1 vflib=1 dir=0 label=1 lowerbound=1 fileNameGp=../graphsdb/mcs10/rand/r01/mcs10_r01_s35.A50 fileNameGt=../graphsdb/mcs10/rand/r01/mcs10_r01_s35.B50
Reading graphs...
35 :  116
35 :  115
Initializing...
maxdom : 7
D->valSize : 160
Solving...
Blb : 2 (clique : 8)
currentSize : 8 <-- 0.000907 s
currentSize : 9 <-- 0.001181 s
currentSize : 10 <-- 0.003496 s
currentSize : 11 <-- 0.004301 s
currentSize : 12 <-- 0.040112 s

maxsize : 12
nodes : 67696.000000
filtered : 592201.000000
time : 0.219079
