Parameters: GAD=1 vflib=1 dir=0 label=1 lowerbound=1 fileNameGp=../graphsdb/mcs10/rand/r02/mcs10_r02_s80.A33 fileNameGt=../graphsdb/mcs10/rand/r02/mcs10_r02_s80.B33
Reading graphs...
80 :  1140
80 :  1133
Initializing...
maxdom : 10
D->valSize : 436
Solving...
Blb : 2 (clique : 7)
currentSize : 7 <-- 0.003807 s
currentSize : 8 <-- 0.004013 s
currentSize : 9 <-- 0.007139 s
currentSize : 10 <-- 0.007421 s
currentSize : 11 <-- 2.386120 s

maxsize : 11
nodes : 974276.000000
filtered : 12751952.000000
time : 5.000538
