Parameters: GAD=1 vflib=1 dir=0 label=1 lowerbound=1 fileNameGp=../graphsdb/mcs10/bvg/b03m/mcs10_b03m_s40.A87 fileNameGt=../graphsdb/mcs10/bvg/b03m/mcs10_b03m_s40.B87
Reading graphs...
40 :  60
40 :  58
Initializing...
maxdom : 9
D->valSize : 218
Solving...
Blb : 2 (clique : 15)
currentSize : 15 <-- 0.002020 s
currentSize : 16 <-- 0.002693 s
currentSize : 17 <-- 0.073421 s
currentSize : 18 <-- 0.082154 s
currentSize : 19 <-- 2.378232 s

maxsize : 19
nodes : 9901210.000000
filtered : 74947982.000000
time : 27.108023
