Parameters: GAD=1 vflib=1 dir=0 label=1 lowerbound=1 fileNameGp=../graphsdb/mcs10/m4D/m4Dr6/mcs10_m4Dr6_s100.A60 fileNameGt=../graphsdb/mcs10/m4D/m4Dr6/mcs10_m4Dr6_s100.B60
Reading graphs...
100 :  217
100 :  213
Initializing...
maxdom : 8
D->valSize : 373
Solving...
Blb : 2 (clique : 28)
currentSize : 28 <-- 0.003752 s
currentSize : 29 <-- 9.076784 s
currentSize : 30 <-- 24.278564 s
currentSize : 31 <-- 35.503658 s
currentSize : 32 <-- 44.968266 s
currentSize : 33 <-- 115.404335 s

TIMEOUT
maxsize : 33
nodes : 743080729.000000
filtered : 4003780600.000000
time : 3600.000000
