Parameters: GAD=1 vflib=1 dir=0 label=1 lowerbound=1 fileNameGp=../graphsdb/mcs10/rand/r005/mcs10_r005_s80.A84 fileNameGt=../graphsdb/mcs10/rand/r005/mcs10_r005_s80.B84
Reading graphs...
80 :  316
80 :  310
Initializing...
maxdom : 11
D->valSize : 408
Solving...
Blb : 2 (clique : 17)
currentSize : 17 <-- 0.003725 s
currentSize : 18 <-- 0.003854 s
currentSize : 20 <-- 0.007616 s
currentSize : 21 <-- 0.019922 s
currentSize : 22 <-- 7.502832 s
currentSize : 23 <-- 249.031372 s

TIMEOUT
maxsize : 23
nodes : 789019911.000000
filtered : 6144062769.000000
time : 3600.000000
