Parameters: GAD=1 vflib=1 dir=0 label=1 lowerbound=1 fileNameGp=../graphsdb/mcs10/m3D/m3Dr4/mcs10_m3Dr4_s100.A96 fileNameGt=../graphsdb/mcs10/m3D/m3Dr4/mcs10_m3Dr4_s100.B96
Reading graphs...
100 :  267
100 :  270
Initializing...
maxdom : 7
D->valSize : 314
Solving...
Blb : 2 (clique : 28)
currentSize : 28 <-- 0.003315 s
currentSize : 29 <-- 0.003552 s
currentSize : 30 <-- 0.003699 s
currentSize : 31 <-- 0.005882 s
currentSize : 32 <-- 8.568186 s
currentSize : 33 <-- 576.014465 s
currentSize : 34 <-- 1938.090454 s

TIMEOUT
maxsize : 34
nodes : 740177852.000000
filtered : 3565045724.000000
time : 3600.000000
