Parameters: GAD=1 vflib=1 dir=0 label=1 lowerbound=1 fileNameGp=../graphsdb/mcs10/m2D/m2Dr6/mcs10_m2Dr6_s50.A74 fileNameGt=../graphsdb/mcs10/m2D/m2Dr6/mcs10_m2Dr6_s50.B74
Reading graphs...
50 :  112
50 :  113
Initializing...
maxdom : 12
D->valSize : 306
Solving...
Blb : 2 (clique : 15)
currentSize : 15 <-- 0.002250 s
currentSize : 16 <-- 0.030451 s
currentSize : 17 <-- 0.395491 s
currentSize : 18 <-- 0.450314 s
currentSize : 19 <-- 14.488972 s
currentSize : 20 <-- 21.486156 s

maxsize : 20
nodes : 95963009.000000
filtered : 1022242249.000000
time : 361.728058
