Parameters: GAD=1 vflib=1 dir=0 label=1 lowerbound=1 fileNameGp=../graphsdb/mcs10/m3D/m3Dr6/mcs10_m3Dr6_s70.A72 fileNameGt=../graphsdb/mcs10/m3D/m3Dr6/mcs10_m3Dr6_s70.B72
Reading graphs...
70 :  197
70 :  197
Initializing...
maxdom : 8
D->valSize : 297
Solving...
Blb : 2 (clique : 17)
currentSize : 17 <-- 0.002564 s
currentSize : 19 <-- 0.002694 s
currentSize : 20 <-- 0.144539 s
currentSize : 21 <-- 0.349161 s
currentSize : 22 <-- 0.424888 s
currentSize : 23 <-- 0.504676 s
currentSize : 24 <-- 179.146942 s
currentSize : 25 <-- 235.260193 s

maxsize : 25
nodes : 298219523.000000
filtered : 2506876517.000000
time : 1354.366821
