Parameters: GAD=1 vflib=1 dir=0 label=1 lowerbound=1 fileNameGp=../graphsdb/mcs10/m4D/m4Dr2/mcs10_m4Dr2_s100.A09 fileNameGt=../graphsdb/mcs10/m4D/m4Dr2/mcs10_m4Dr2_s100.B09
Reading graphs...
100 :  178
100 :  178
Initializing...
maxdom : 6
D->valSize : 318
Solving...
Blb : 2 (clique : 34)
currentSize : 34 <-- 0.003142 s
currentSize : 35 <-- 0.005236 s
currentSize : 36 <-- 0.034479 s
currentSize : 37 <-- 0.919040 s
currentSize : 38 <-- 1.707053 s
currentSize : 39 <-- 418.443329 s

TIMEOUT
maxsize : 39
nodes : 763717068.000000
filtered : 3229581701.000000
time : 3600.000000
