Parameters: GAD=1 vflib=1 dir=0 label=1 lowerbound=1 fileNameGp=../graphsdb/mcs10/bvg/b06/mcs10_b06_s100.A00 fileNameGt=../graphsdb/mcs10/bvg/b06/mcs10_b06_s100.B00
Reading graphs...
100 :  298
100 :  298
Initializing...
maxdom : 7
D->valSize : 328
Solving...
Blb : 2 (clique : 25)
currentSize : 25 <-- 0.003189 s
currentSize : 26 <-- 0.003496 s
currentSize : 27 <-- 0.026948 s
currentSize : 28 <-- 0.041141 s
currentSize : 29 <-- 0.054138 s
currentSize : 30 <-- 1.750020 s
currentSize : 31 <-- 239.324066 s
currentSize : 32 <-- 295.542847 s

TIMEOUT
maxsize : 32
nodes : 696249836.000000
filtered : 3819327382.000000
time : 3600.000000
