Parameters: GAD=1 vflib=1 dir=0 label=1 lowerbound=1 fileNameGp=../graphsdb/mcs10/m2D/m2Dr4/mcs10_m2Dr4_s50.A53 fileNameGt=../graphsdb/mcs10/m2D/m2Dr4/mcs10_m2Dr4_s50.B53
Reading graphs...
50 :  105
50 :  102
Initializing...
maxdom : 10
D->valSize : 305
Solving...
Blb : 2 (clique : 16)
currentSize : 16 <-- 0.002240 s
currentSize : 17 <-- 0.002342 s
currentSize : 18 <-- 0.008818 s
currentSize : 19 <-- 0.016622 s
currentSize : 20 <-- 0.033831 s
currentSize : 21 <-- 2.075873 s
currentSize : 22 <-- 2.976802 s
currentSize : 23 <-- 21.921221 s

maxsize : 23
nodes : 157624074.000000
filtered : 1652304018.000000
time : 576.444702
