Parameters: GAD=1 vflib=1 dir=0 label=1 lowerbound=1 fileNameGp=../graphsdb/mcs10/bvg/b03/mcs10_b03_s60.A39 fileNameGt=../graphsdb/mcs10/bvg/b03/mcs10_b03_s60.B39
Reading graphs...
60 :  89
60 :  90
Initializing...
maxdom : 9
D->valSize : 249
Solving...
Blb : 2 (clique : 23)
currentSize : 23 <-- 0.001806 s
currentSize : 24 <-- 5.575273 s
currentSize : 25 <-- 11.177909 s
currentSize : 26 <-- 56.371677 s
currentSize : 27 <-- 1434.378052 s

maxsize : 27
nodes : 913796835.000000
filtered : 6480030593.000000
time : 3456.065430
