Parameters: GAD=1 vflib=1 dir=0 label=1 lowerbound=1 fileNameGp=../graphsdb/mcs10/m2D/m2Dr6/mcs10_m2Dr6_s70.A53 fileNameGt=../graphsdb/mcs10/m2D/m2Dr6/mcs10_m2Dr6_s70.B53
Reading graphs...
70 :  162
70 :  160
Initializing...
maxdom : 7
D->valSize : 278
Solving...
Blb : 5 (clique : 19)
currentSize : 19 <-- 0.002222 s
currentSize : 20 <-- 0.044007 s
currentSize : 21 <-- 0.056227 s
currentSize : 22 <-- 0.548791 s
currentSize : 23 <-- 14.511700 s
currentSize : 24 <-- 35.755676 s
currentSize : 25 <-- 53.794762 s
currentSize : 26 <-- 60.400841 s

TIMEOUT
maxsize : 26
nodes : 931943285.000000
filtered : 6168425570.000000
time : 3600.000000
