Parameters: GAD=1 vflib=1 dir=0 label=1 lowerbound=1 fileNameGp=../graphsdb/mcs10/m3D/m3D/mcs10_m3D_s60.A71 fileNameGt=../graphsdb/mcs10/m3D/m3D/mcs10_m3D_s60.B71
Reading graphs...
60 :  134
60 :  132
Initializing...
maxdom : 7
D->valSize : 237
Solving...
Blb : 5 (clique : 18)
currentSize : 18 <-- 0.002703 s
currentSize : 19 <-- 0.095571 s
currentSize : 20 <-- 1.713848 s
currentSize : 21 <-- 19.986717 s
currentSize : 22 <-- 125.660561 s
currentSize : 23 <-- 972.000488 s

maxsize : 23
nodes : 412395100.000000
filtered : 2660224477.000000
time : 1428.432861
