Parameters: GAD=1 vflib=1 dir=0 label=1 lowerbound=1 fileNameGp=../graphsdb/mcs10/m2D/m2Dr6/mcs10_m2Dr6_s100.A03 fileNameGt=../graphsdb/mcs10/m2D/m2Dr6/mcs10_m2Dr6_s100.B03
Reading graphs...
100 :  239
100 :  237
Initializing...
maxdom : 7
D->valSize : 300
Solving...
Blb : 3 (clique : 29)
currentSize : 29 <-- 0.002923 s
currentSize : 30 <-- 0.003160 s
currentSize : 31 <-- 0.003445 s
currentSize : 32 <-- 0.013851 s
currentSize : 33 <-- 0.051463 s
currentSize : 34 <-- 21.706259 s
currentSize : 35 <-- 27.411392 s

TIMEOUT
maxsize : 35
nodes : 777438206.000000
filtered : 3028046748.000000
time : 3600.000000
