Parameters: GAD=1 vflib=1 dir=0 label=1 lowerbound=1 fileNameGp=../graphsdb/mcs10/rand/r005/mcs10_r005_s80.A99 fileNameGt=../graphsdb/mcs10/rand/r005/mcs10_r005_s80.B99
Reading graphs...
80 :  313
80 :  317
Initializing...
maxdom : 10
D->valSize : 389
Solving...
Blb : 2 (clique : 17)
currentSize : 17 <-- 0.003470 s
currentSize : 18 <-- 0.003619 s
currentSize : 19 <-- 0.219574 s
currentSize : 20 <-- 3.158506 s
currentSize : 21 <-- 11.097362 s
currentSize : 22 <-- 11.218932 s
currentSize : 23 <-- 210.177429 s
currentSize : 24 <-- 562.117798 s
currentSize : 25 <-- 3204.989258 s

TIMEOUT
maxsize : 25
nodes : 769951947.000000
filtered : 7259563314.000000
time : 3600.000000
