Parameters: GAD=1 vflib=1 dir=0 label=1 lowerbound=1 fileNameGp=../graphsdb/mcs10/m3D/m3Dr4/mcs10_m3Dr4_s80.A27 fileNameGt=../graphsdb/mcs10/m3D/m3Dr4/mcs10_m3Dr4_s80.B27
Reading graphs...
80 :  211
80 :  214
Initializing...
maxdom : 11
D->valSize : 408
Solving...
Blb : 2 (clique : 20)
currentSize : 20 <-- 0.003779 s
currentSize : 21 <-- 0.004257 s
currentSize : 22 <-- 0.007758 s
currentSize : 23 <-- 0.033549 s
currentSize : 24 <-- 0.086065 s
currentSize : 25 <-- 0.142223 s
currentSize : 26 <-- 38.431290 s

TIMEOUT
maxsize : 26
nodes : 870722971.000000
filtered : 7547936346.000000
time : 3600.000000
