Parameters: GAD=1 vflib=1 dir=0 label=1 lowerbound=1 fileNameGp=../graphsdb/mcs10/bvg/b03m/mcs10_b03m_s50.A01 fileNameGt=../graphsdb/mcs10/bvg/b03m/mcs10_b03m_s50.B01
Reading graphs...
50 :  74
50 :  73
Initializing...
maxdom : 11
D->valSize : 304
Solving...
Blb : 2 (clique : 19)
currentSize : 19 <-- 0.002271 s
currentSize : 20 <-- 0.007584 s
currentSize : 21 <-- 1.100118 s
currentSize : 22 <-- 557.201904 s
currentSize : 23 <-- 1983.000732 s

maxsize : 23
nodes : 829627020.000000
filtered : 8205702880.000000
time : 2897.372070
