Parameters: GAD=1 vflib=1 dir=0 label=1 lowerbound=1 fileNameGp=../graphsdb/mcs10/rand/r005/mcs10_r005_s90.A61 fileNameGt=../graphsdb/mcs10/rand/r005/mcs10_r005_s90.B61
Reading graphs...
90 :  394
90 :  389
Initializing...
maxdom : 9
D->valSize : 509
Solving...
Blb : 2 (clique : 19)
currentSize : 19 <-- 0.005571 s
currentSize : 20 <-- 0.006714 s
currentSize : 21 <-- 0.041901 s
currentSize : 22 <-- 0.072571 s
currentSize : 23 <-- 0.408307 s
currentSize : 24 <-- 0.411117 s
currentSize : 25 <-- 18.182447 s
currentSize : 26 <-- 1997.529907 s

TIMEOUT
maxsize : 26
nodes : 721530249.000000
filtered : 6416255244.000000
time : 3600.000000
