Parameters: GAD=1 vflib=1 dir=0 label=1 lowerbound=1 fileNameGp=../graphsdb/mcs10/m2D/m2D/mcs10_m2D_s80.A87 fileNameGt=../graphsdb/mcs10/m2D/m2D/mcs10_m2D_s80.B87
Reading graphs...
80 :  142
80 :  142
Initializing...
maxdom : 10
D->valSize : 396
Solving...
Blb : 3 (clique : 25)
currentSize : 25 <-- 0.003730 s
currentSize : 26 <-- 0.003928 s
currentSize : 27 <-- 0.004020 s
currentSize : 28 <-- 0.072135 s
currentSize : 29 <-- 3.361497 s
currentSize : 30 <-- 440.200684 s

TIMEOUT
maxsize : 30
nodes : 878371306.000000
filtered : 5675893866.000000
time : 3600.000000
