Parameters: GAD=1 vflib=1 dir=0 label=1 lowerbound=1 fileNameGp=../graphsdb/mcs10/rand/r01/mcs10_r01_s50.A71 fileNameGt=../graphsdb/mcs10/rand/r01/mcs10_r01_s50.B71
Reading graphs...
50 :  236
50 :  238
Initializing...
maxdom : 10
D->valSize : 325
Solving...
Blb : 2 (clique : 12)
currentSize : 12 <-- 0.002327 s
currentSize : 13 <-- 0.014998 s
currentSize : 14 <-- 0.736725 s
currentSize : 15 <-- 1.005441 s
currentSize : 16 <-- 1.888860 s

maxsize : 16
nodes : 2820639.000000
filtered : 37999410.000000
time : 11.802032
