Parameters: GAD=1 vflib=1 dir=0 label=1 lowerbound=1 fileNameGp=../graphsdb/mcs10/m3D/m3Dr2/mcs10_m3Dr2_s60.A95 fileNameGt=../graphsdb/mcs10/m3D/m3Dr2/mcs10_m3Dr2_s60.B95
Reading graphs...
60 :  143
60 :  142
Initializing...
maxdom : 6
D->valSize : 222
Solving...
Blb : 5 (clique : 17)
currentSize : 17 <-- 0.002580 s
currentSize : 18 <-- 0.006586 s
currentSize : 19 <-- 0.017028 s
currentSize : 20 <-- 0.025459 s
currentSize : 21 <-- 1.045878 s
currentSize : 22 <-- 12.630760 s
currentSize : 23 <-- 12.751499 s

maxsize : 23
nodes : 31580983.000000
filtered : 224889219.000000
time : 123.349762
