Parameters: GAD=1 vflib=1 dir=0 label=1 lowerbound=1 fileNameGp=../graphsdb/mcs10/bvg/b06m/mcs10_b06m_s80.A86 fileNameGt=../graphsdb/mcs10/bvg/b06m/mcs10_b06m_s80.B86
Reading graphs...
80 :  232
80 :  231
Initializing...
maxdom : 9
D->valSize : 428
Solving...
Blb : 2 (clique : 22)
currentSize : 22 <-- 0.004188 s
currentSize : 23 <-- 0.004347 s
currentSize : 24 <-- 0.024022 s
currentSize : 25 <-- 12.635471 s
currentSize : 26 <-- 240.885284 s
currentSize : 27 <-- 555.293396 s
currentSize : 28 <-- 912.960205 s

TIMEOUT
maxsize : 28
nodes : 777080396.000000
filtered : 7135249945.000000
time : 3600.000000
