Parameters: GAD=1 vflib=1 dir=0 label=1 lowerbound=1 fileNameGp=../graphsdb/mcs10/m2D/m2Dr4/mcs10_m2Dr4_s70.A05 fileNameGt=../graphsdb/mcs10/m2D/m2Dr4/mcs10_m2Dr4_s70.B05
Reading graphs...
70 :  148
70 :  149
Initializing...
maxdom : 9
D->valSize : 327
Solving...
Blb : 2 (clique : 23)
currentSize : 23 <-- 0.002727 s
currentSize : 24 <-- 0.003095 s
currentSize : 25 <-- 0.231354 s
currentSize : 26 <-- 0.237344 s
currentSize : 27 <-- 0.407650 s
currentSize : 28 <-- 1.919262 s
currentSize : 29 <-- 150.293472 s
currentSize : 30 <-- 827.553650 s

TIMEOUT
maxsize : 30
nodes : 761259467.000000
filtered : 7411502427.000000
time : 3600.000000
