Parameters: GAD=1 vflib=1 dir=0 label=1 lowerbound=1 fileNameGp=../graphsdb/mcs10/m2D/m2D/mcs10_m2D_s50.A91 fileNameGt=../graphsdb/mcs10/m2D/m2D/mcs10_m2D_s50.B91
Reading graphs...
50 :  83
50 :  83
Initializing...
maxdom : 9
D->valSize : 318
Solving...
Blb : 2 (clique : 19)
currentSize : 19 <-- 0.002258 s
currentSize : 20 <-- 0.002373 s
currentSize : 21 <-- 0.003013 s
currentSize : 22 <-- 3.725398 s
currentSize : 23 <-- 10.845620 s

maxsize : 23
nodes : 838777564.000000
filtered : 7589051975.000000
time : 2856.630127
