Parameters: GAD=1 vflib=1 dir=0 label=1 lowerbound=1 fileNameGp=../graphsdb/mcs10/m3D/m3Dr4/mcs10_m3Dr4_s60.A56 fileNameGt=../graphsdb/mcs10/m3D/m3Dr4/mcs10_m3Dr4_s60.B56
Reading graphs...
60 :  154
60 :  156
Initializing...
maxdom : 5
D->valSize : 224
Solving...
Blb : 2 (clique : 15)
currentSize : 15 <-- 0.001581 s
currentSize : 16 <-- 0.001684 s
currentSize : 17 <-- 0.001759 s
currentSize : 18 <-- 0.067310 s
currentSize : 19 <-- 0.290617 s
currentSize : 20 <-- 0.293224 s
currentSize : 21 <-- 0.314950 s
currentSize : 22 <-- 48.497841 s

maxsize : 22
nodes : 71822416.000000
filtered : 441646916.000000
time : 263.808868
