Parameters: GAD=1 vflib=1 dir=0 label=1 lowerbound=1 fileNameGp=../graphsdb/mcs10/bvg/b03m/mcs10_b03m_s70.A81 fileNameGt=../graphsdb/mcs10/bvg/b03m/mcs10_b03m_s70.B81
Reading graphs...
70 :  103
70 :  104
Initializing...
maxdom : 8
D->valSize : 310
Solving...
Blb : 5 (clique : 25)
currentSize : 25 <-- 0.002628 s
currentSize : 26 <-- 1.397843 s
currentSize : 27 <-- 1.692730 s
currentSize : 28 <-- 2.423769 s
currentSize : 29 <-- 7.947033 s
currentSize : 30 <-- 10.717963 s
currentSize : 31 <-- 1087.534180 s

TIMEOUT
maxsize : 31
nodes : 896357710.000000
filtered : 5945862451.000000
time : 3600.000000
