Parameters: GAD=1 vflib=1 dir=0 label=1 lowerbound=1 fileNameGp=../graphsdb/mcs10/m2D/m2Dr4/mcs10_m2Dr4_s100.A72 fileNameGt=../graphsdb/mcs10/m2D/m2Dr4/mcs10_m2Dr4_s100.B72
Reading graphs...
100 :  215
100 :  218
Initializing...
maxdom : 8
D->valSize : 348
Solving...
Blb : 5 (clique : 28)
currentSize : 28 <-- 0.003488 s
currentSize : 29 <-- 0.003755 s
currentSize : 30 <-- 0.004397 s
currentSize : 31 <-- 0.023543 s
currentSize : 32 <-- 0.348775 s
currentSize : 33 <-- 9.107375 s
currentSize : 34 <-- 2146.338867 s

TIMEOUT
maxsize : 34
nodes : 784043735.000000
filtered : 3398285355.000000
time : 3600.000000
