Parameters: GAD=1 vflib=1 dir=0 label=1 lowerbound=1 fileNameGp=../graphsdb/mcs10/m3D/m3Dr2/mcs10_m3Dr2_s60.A62 fileNameGt=../graphsdb/mcs10/m3D/m3Dr2/mcs10_m3Dr2_s60.B62
Reading graphs...
60 :  142
60 :  144
Initializing...
maxdom : 6
D->valSize : 221
Solving...
Blb : 2 (clique : 16)
currentSize : 16 <-- 0.001636 s
currentSize : 17 <-- 0.001780 s
currentSize : 18 <-- 0.002229 s
currentSize : 19 <-- 0.002420 s
currentSize : 20 <-- 0.057405 s
currentSize : 21 <-- 1.588345 s
currentSize : 22 <-- 5.595894 s
currentSize : 23 <-- 81.417328 s

maxsize : 23
nodes : 123339594.000000
filtered : 750365309.000000
time : 457.330109
