Parameters: GAD=1 vflib=1 dir=0 label=1 lowerbound=1 fileNameGp=../graphsdb/mcs10/bvg/b03m/mcs10_b03m_s60.A16 fileNameGt=../graphsdb/mcs10/bvg/b03m/mcs10_b03m_s60.B16
Reading graphs...
60 :  89
60 :  90
Initializing...
maxdom : 7
D->valSize : 230
Solving...
Blb : 2 (clique : 21)
currentSize : 21 <-- 0.002639 s
currentSize : 22 <-- 3.547798 s
currentSize : 23 <-- 9.573518 s
currentSize : 24 <-- 38.203159 s
currentSize : 25 <-- 172.452225 s
currentSize : 26 <-- 173.196411 s

maxsize : 26
nodes : 243774324.000000
filtered : 812334469.000000
time : 646.243835
