Parameters: GAD=1 vflib=1 dir=0 label=1 lowerbound=1 fileNameGp=../graphsdb/mcs10/m3D/m3Dr4/mcs10_m3Dr4_s90.A01 fileNameGt=../graphsdb/mcs10/m3D/m3Dr4/mcs10_m3Dr4_s90.B01
Reading graphs...
90 :  238
90 :  242
Initializing...
maxdom : 13
D->valSize : 522
Solving...
Blb : 2 (clique : 25)
currentSize : 25 <-- 0.009728 s
currentSize : 26 <-- 0.023607 s
currentSize : 27 <-- 0.111314 s
currentSize : 28 <-- 14.447666 s
currentSize : 29 <-- 26.706272 s
currentSize : 30 <-- 69.358597 s
currentSize : 31 <-- 1001.712646 s

TIMEOUT
maxsize : 31
nodes : 848759861.000000
filtered : 6008280142.000000
time : 3600.000000
