Parameters: GAD=1 vflib=1 dir=0 label=1 lowerbound=1 fileNameGp=../graphsdb/mcs10/m2D/m2Dr6/mcs10_m2Dr6_s70.A67 fileNameGt=../graphsdb/mcs10/m2D/m2Dr6/mcs10_m2Dr6_s70.B67
Reading graphs...
70 :  161
70 :  163
Initializing...
maxdom : 9
D->valSize : 304
Solving...
Blb : 2 (clique : 20)
currentSize : 20 <-- 0.002501 s
currentSize : 21 <-- 0.002625 s
currentSize : 22 <-- 0.002696 s
currentSize : 23 <-- 0.004692 s
currentSize : 24 <-- 0.012139 s
currentSize : 25 <-- 74.245201 s
currentSize : 26 <-- 74.465714 s
currentSize : 27 <-- 200.150299 s

TIMEOUT
maxsize : 27
nodes : 966409740.000000
filtered : 6294240643.000000
time : 3600.000000
