Parameters: GAD=1 vflib=1 dir=0 label=1 lowerbound=1 fileNameGp=../graphsdb/mcs10/m2D/m2Dr6/mcs10_m2Dr6_s50.A65 fileNameGt=../graphsdb/mcs10/m2D/m2Dr6/mcs10_m2Dr6_s50.B65
Reading graphs...
50 :  112
50 :  111
Initializing...
maxdom : 9
D->valSize : 324
Solving...
Blb : 2 (clique : 16)
currentSize : 16 <-- 0.002445 s
currentSize : 17 <-- 0.002539 s
currentSize : 18 <-- 0.002635 s
currentSize : 19 <-- 0.010455 s
currentSize : 20 <-- 0.027106 s
currentSize : 21 <-- 0.040581 s
currentSize : 22 <-- 50.465382 s

maxsize : 22
nodes : 127083665.000000
filtered : 1507077290.000000
time : 531.656677
