Parameters: GAD=1 vflib=1 dir=0 label=1 lowerbound=1 fileNameGp=../graphsdb/mcs10/rand/r005/mcs10_r005_s80.A60 fileNameGt=../graphsdb/mcs10/rand/r005/mcs10_r005_s80.B60
Reading graphs...
80 :  313
80 :  313
Initializing...
maxdom : 11
D->valSize : 420
Solving...
Blb : 2 (clique : 17)
currentSize : 17 <-- 0.006354 s
currentSize : 18 <-- 0.006675 s
currentSize : 19 <-- 0.010762 s
currentSize : 20 <-- 0.063812 s
currentSize : 21 <-- 26.511652 s
currentSize : 22 <-- 126.968651 s
currentSize : 23 <-- 390.402069 s

TIMEOUT
maxsize : 23
nodes : 743731263.000000
filtered : 7115066983.000000
time : 3600.000000
