Parameters: GAD=1 vflib=1 dir=0 label=1 lowerbound=1 fileNameGp=../graphsdb/mcs10/bvg/b03m/mcs10_b03m_s100.A35 fileNameGt=../graphsdb/mcs10/bvg/b03m/mcs10_b03m_s100.B35
Reading graphs...
100 :  150
100 :  149
Initializing...
maxdom : 7
D->valSize : 347
Solving...
Blb : 2 (clique : 35)
currentSize : 35 <-- 0.003588 s
currentSize : 36 <-- 16.645145 s
currentSize : 37 <-- 31.481848 s
currentSize : 38 <-- 89.319160 s
currentSize : 39 <-- 189.578308 s
currentSize : 40 <-- 357.753784 s
currentSize : 41 <-- 2185.525146 s

TIMEOUT
maxsize : 41
nodes : 920728762.000000
filtered : 3149744066.000000
time : 3600.000000
