Parameters: GAD=1 vflib=1 dir=0 label=1 lowerbound=1 fileNameGp=../graphsdb/mcs10/m2D/m2Dr2/mcs10_m2Dr2_s70.A14 fileNameGt=../graphsdb/mcs10/m2D/m2Dr2/mcs10_m2Dr2_s70.B14
Reading graphs...
70 :  137
70 :  137
Initializing...
maxdom : 9
D->valSize : 303
Solving...
Blb : 2 (clique : 21)
currentSize : 21 <-- 0.002636 s
currentSize : 22 <-- 0.002792 s
currentSize : 23 <-- 0.003561 s
currentSize : 24 <-- 0.034846 s
currentSize : 25 <-- 0.436093 s
currentSize : 26 <-- 5.746873 s
currentSize : 27 <-- 32.665489 s
currentSize : 28 <-- 293.950134 s

TIMEOUT
maxsize : 28
nodes : 838611698.000000
filtered : 6134822069.000000
time : 3600.000000
