Parameters: GAD=1 vflib=1 dir=0 label=1 lowerbound=1 fileNameGp=../graphsdb/mcs10/rand/r01/mcs10_r01_s60.A65 fileNameGt=../graphsdb/mcs10/rand/r01/mcs10_r01_s60.B65
Reading graphs...
60 :  336
60 :  341
Initializing...
maxdom : 8
D->valSize : 228
Solving...
Blb : 2 (clique : 11)
currentSize : 11 <-- 0.001632 s
currentSize : 12 <-- 0.003700 s
currentSize : 13 <-- 0.023342 s
currentSize : 14 <-- 0.319120 s
currentSize : 15 <-- 1.774654 s

maxsize : 15
nodes : 873556.000000
filtered : 7318028.000000
time : 3.500485
