Parameters: GAD=1 vflib=1 dir=0 label=1 lowerbound=1 fileNameGp=../graphsdb/mcs10/m3D/m3Dr6/mcs10_m3Dr6_s100.A80 fileNameGt=../graphsdb/mcs10/m3D/m3Dr6/mcs10_m3Dr6_s100.B80
Reading graphs...
100 :  293
100 :  292
Initializing...
maxdom : 6
D->valSize : 295
Solving...
Blb : 2 (clique : 24)
currentSize : 24 <-- 0.002760 s
currentSize : 25 <-- 0.218504 s
currentSize : 26 <-- 0.219310 s
currentSize : 27 <-- 5.654599 s
currentSize : 28 <-- 61.319836 s
currentSize : 29 <-- 403.199463 s

TIMEOUT
maxsize : 29
nodes : 760358661.000000
filtered : 3473594895.000000
time : 3600.000000
