Parameters: GAD=1 vflib=1 dir=0 label=1 lowerbound=1 fileNameGp=../graphsdb/mcs10/rand/r005/mcs10_r005_s50.A46 fileNameGt=../graphsdb/mcs10/rand/r005/mcs10_r005_s50.B46
Reading graphs...
50 :  121
50 :  122
Initializing...
maxdom : 8
D->valSize : 323
Solving...
Blb : 2 (clique : 15)
currentSize : 15 <-- 0.002448 s
currentSize : 16 <-- 0.041171 s
currentSize : 17 <-- 0.082187 s
currentSize : 18 <-- 0.855607 s
currentSize : 19 <-- 100.426239 s
currentSize : 20 <-- 1431.299683 s

maxsize : 20
nodes : 475728167.000000
filtered : 4242931438.000000
time : 1704.092285
