Parameters: GAD=1 vflib=1 dir=0 label=1 lowerbound=1 fileNameGp=../graphsdb/mcs10/m2D/m2Dr6/mcs10_m2Dr6_s90.A00 fileNameGt=../graphsdb/mcs10/m2D/m2Dr6/mcs10_m2Dr6_s90.B00
Reading graphs...
90 :  215
90 :  213
Initializing...
maxdom : 11
D->valSize : 507
Solving...
Blb : 2 (clique : 28)
currentSize : 28 <-- 0.005580 s
currentSize : 29 <-- 0.077149 s
currentSize : 30 <-- 82.934349 s
currentSize : 31 <-- 149.688110 s
currentSize : 32 <-- 156.484177 s
currentSize : 33 <-- 2555.674316 s

TIMEOUT
maxsize : 33
nodes : 962983046.000000
filtered : 4665506413.000000
time : 3600.000000
