Parameters: GAD=1 vflib=1 dir=0 label=1 lowerbound=1 fileNameGp=../graphsdb/mcs10/rand/r01/mcs10_r01_s70.A90 fileNameGt=../graphsdb/mcs10/rand/r01/mcs10_r01_s70.B90
Reading graphs...
70 :  464
70 :  450
Initializing...
maxdom : 7
D->valSize : 279
Solving...
Blb : 3 (clique : 10)
currentSize : 10 <-- 0.002093 s
currentSize : 11 <-- 0.014155 s
currentSize : 12 <-- 0.038572 s
currentSize : 13 <-- 0.052295 s
currentSize : 14 <-- 0.609993 s
currentSize : 15 <-- 3.779708 s

maxsize : 15
nodes : 5542421.000000
filtered : 52248235.000000
time : 25.553068
