Parameters: GAD=1 vflib=1 dir=0 label=1 lowerbound=1 fileNameGp=../graphsdb/mcs10/bvg/b03/mcs10_b03_s60.A52 fileNameGt=../graphsdb/mcs10/bvg/b03/mcs10_b03_s60.B52
Reading graphs...
60 :  90
60 :  90
Initializing...
maxdom : 8
D->valSize : 229
Solving...
Blb : 2 (clique : 24)
currentSize : 24 <-- 0.001769 s
currentSize : 25 <-- 0.003472 s
currentSize : 26 <-- 0.004167 s
currentSize : 27 <-- 296.542236 s
currentSize : 28 <-- 717.338196 s

maxsize : 28
nodes : 301400840.000000
filtered : 1770505773.000000
time : 1094.663208
