Parameters: GAD=1 vflib=1 dir=0 label=1 lowerbound=1 fileNameGp=../graphsdb/mcs10/m2D/m2Dr6/mcs10_m2Dr6_s40.A69 fileNameGt=../graphsdb/mcs10/m2D/m2Dr6/mcs10_m2Dr6_s40.B69
Reading graphs...
40 :  89
40 :  86
Initializing...
maxdom : 9
D->valSize : 204
Solving...
Blb : 2 (clique : 12)
currentSize : 12 <-- 0.001248 s
currentSize : 13 <-- 0.003019 s
currentSize : 14 <-- 0.085265 s
currentSize : 15 <-- 0.732920 s
currentSize : 16 <-- 1.688567 s

maxsize : 16
nodes : 1607957.000000
filtered : 13587242.000000
time : 4.823173
