Parameters: GAD=1 vflib=1 dir=0 label=1 lowerbound=1 fileNameGp=../graphsdb/mcs10/m3D/m3Dr6/mcs10_m3Dr6_s60.A68 fileNameGt=../graphsdb/mcs10/m3D/m3Dr6/mcs10_m3Dr6_s60.B68
Reading graphs...
60 :  167
60 :  164
Initializing...
maxdom : 7
D->valSize : 217
Solving...
Blb : 2 (clique : 16)
currentSize : 16 <-- 0.001728 s
currentSize : 17 <-- 0.002031 s
currentSize : 18 <-- 0.002338 s
currentSize : 19 <-- 0.040099 s
currentSize : 20 <-- 0.574403 s
currentSize : 21 <-- 34.920490 s

maxsize : 21
nodes : 16320718.000000
filtered : 127150538.000000
time : 68.789986
