Parameters: GAD=1 vflib=1 dir=0 label=1 lowerbound=1 fileNameGp=../graphsdb/mcs10/m2D/m2Dr6/mcs10_m2Dr6_s80.A78 fileNameGt=../graphsdb/mcs10/m2D/m2Dr6/mcs10_m2Dr6_s80.B78
Reading graphs...
80 :  186
80 :  185
Initializing...
maxdom : 8
D->valSize : 411
Solving...
Blb : 2 (clique : 23)
currentSize : 23 <-- 0.007229 s
currentSize : 24 <-- 0.007522 s
currentSize : 25 <-- 0.014326 s
currentSize : 26 <-- 0.088296 s
currentSize : 27 <-- 0.800349 s
currentSize : 28 <-- 31.241299 s

TIMEOUT
maxsize : 28
nodes : 955713007.000000
filtered : 5492595088.000000
time : 3600.000000
