Parameters: GAD=1 vflib=1 dir=0 label=1 lowerbound=1 fileNameGp=../graphsdb/mcs10/m3D/m3Dr6/mcs10_m3Dr6_s80.A03 fileNameGt=../graphsdb/mcs10/m3D/m3Dr6/mcs10_m3Dr6_s80.B03
Reading graphs...
80 :  227
80 :  225
Initializing...
maxdom : 7
D->valSize : 427
Solving...
Blb : 2 (clique : 19)
currentSize : 19 <-- 0.003996 s
currentSize : 20 <-- 0.076183 s
currentSize : 21 <-- 0.158086 s
currentSize : 22 <-- 0.801172 s
currentSize : 23 <-- 0.802391 s
currentSize : 24 <-- 4.647874 s
currentSize : 25 <-- 952.571960 s
currentSize : 26 <-- 2114.891357 s

TIMEOUT
maxsize : 26
nodes : 835249663.000000
filtered : 5823519788.000000
time : 3600.000000
