Parameters: GAD=1 vflib=1 dir=0 label=1 lowerbound=1 fileNameGp=../graphsdb/mcs10/m2D/m2Dr6/mcs10_m2Dr6_s50.A49 fileNameGt=../graphsdb/mcs10/m2D/m2Dr6/mcs10_m2Dr6_s50.B49
Reading graphs...
50 :  113
50 :  113
Initializing...
maxdom : 11
D->valSize : 314
Solving...
Blb : 2 (clique : 17)
currentSize : 17 <-- 0.003677 s
currentSize : 18 <-- 0.011904 s
currentSize : 19 <-- 0.017704 s
currentSize : 20 <-- 1.200517 s
currentSize : 21 <-- 22.429506 s

maxsize : 21
nodes : 314324153.000000
filtered : 3536386708.000000
time : 1158.859131
