Parameters: GAD=1 vflib=1 dir=0 label=1 lowerbound=1 fileNameGp=../graphsdb/mcs10/bvg/b03/mcs10_b03_s40.A35 fileNameGt=../graphsdb/mcs10/bvg/b03/mcs10_b03_s40.B35
Reading graphs...
40 :  58
40 :  60
Initializing...
maxdom : 9
D->valSize : 212
Solving...
Blb : 2 (clique : 14)
currentSize : 14 <-- 0.001230 s
currentSize : 15 <-- 0.001347 s
currentSize : 16 <-- 0.035811 s
currentSize : 17 <-- 0.072816 s
currentSize : 18 <-- 0.074695 s
currentSize : 19 <-- 1.199331 s
currentSize : 20 <-- 10.386765 s

maxsize : 20
nodes : 9230372.000000
filtered : 69538247.000000
time : 28.185024
