Parameters: GAD=1 vflib=1 dir=0 label=1 lowerbound=1 fileNameGp=../graphsdb/mcs10/m2D/m2D/mcs10_m2D_s90.A69 fileNameGt=../graphsdb/mcs10/m2D/m2D/mcs10_m2D_s90.B69
Reading graphs...
90 :  161
90 :  157
Initializing...
maxdom : 10
D->valSize : 503
Solving...
Blb : 2 (clique : 30)
currentSize : 30 <-- 0.005765 s
currentSize : 31 <-- 0.006684 s
currentSize : 32 <-- 0.007967 s
currentSize : 33 <-- 0.023121 s
currentSize : 34 <-- 4.634463 s
currentSize : 35 <-- 30.185411 s
currentSize : 36 <-- 2213.247070 s

TIMEOUT
maxsize : 36
nodes : 793552039.000000
filtered : 4911891871.000000
time : 3600.000000
