Parameters: GAD=1 vflib=1 dir=0 label=1 lowerbound=1 fileNameGp=../graphsdb/mcs10/m2D/m2Dr4/mcs10_m2Dr4_s80.A31 fileNameGt=../graphsdb/mcs10/m2D/m2Dr4/mcs10_m2Dr4_s80.B31
Reading graphs...
80 :  174
80 :  172
Initializing...
maxdom : 12
D->valSize : 427
Solving...
Blb : 2 (clique : 25)
currentSize : 25 <-- 0.004222 s
currentSize : 26 <-- 0.004412 s
currentSize : 27 <-- 0.005496 s
currentSize : 28 <-- 0.029190 s
currentSize : 29 <-- 0.032757 s
currentSize : 30 <-- 5.142842 s
currentSize : 31 <-- 12.101034 s

TIMEOUT
maxsize : 31
nodes : 789109903.000000
filtered : 6157573699.000000
time : 3600.000000
