Parameters: GAD=1 vflib=1 dir=0 label=1 lowerbound=1 fileNameGp=../graphsdb/mcs10/m2D/m2Dr2/mcs10_m2Dr2_s80.A30 fileNameGt=../graphsdb/mcs10/m2D/m2Dr2/mcs10_m2Dr2_s80.B30
Reading graphs...
80 :  156
80 :  157
Initializing...
maxdom : 8
D->valSize : 406
Solving...
Blb : 2 (clique : 26)
currentSize : 26 <-- 0.003957 s
currentSize : 27 <-- 0.008142 s
currentSize : 28 <-- 0.011983 s
currentSize : 29 <-- 1.652876 s
currentSize : 30 <-- 80.727776 s
currentSize : 31 <-- 438.228851 s
currentSize : 32 <-- 1653.720581 s

TIMEOUT
maxsize : 32
nodes : 837273574.000000
filtered : 5029407901.000000
time : 3600.000000
