Parameters: GAD=1 vflib=1 dir=0 label=1 lowerbound=1 fileNameGp=../graphsdb/mcs10/bvg/b06m/mcs10_b06m_s70.A88 fileNameGt=../graphsdb/mcs10/bvg/b06m/mcs10_b06m_s70.B88
Reading graphs...
70 :  204
70 :  203
Initializing...
maxdom : 11
D->valSize : 323
Solving...
Blb : 2 (clique : 19)
currentSize : 19 <-- 0.002829 s
currentSize : 20 <-- 0.005787 s
currentSize : 21 <-- 0.026608 s
currentSize : 22 <-- 0.071243 s
currentSize : 23 <-- 0.519879 s
currentSize : 24 <-- 8.046623 s

TIMEOUT
maxsize : 24
nodes : 847421316.000000
filtered : 6718712472.000000
time : 3600.000000
