Parameters: GAD=1 vflib=1 dir=0 label=1 lowerbound=1 fileNameGp=../graphsdb/mcs30/m2D/m2Dr6/mcs30_m2Dr6_s90.A99 fileNameGt=../graphsdb/mcs30/m2D/m2Dr6/mcs30_m2Dr6_s90.B99
Reading graphs...
90 :  213
90 :  213
Initializing...
maxdom : 10
D->valSize : 502
Solving...
Blb : 3 (clique : 26)
currentSize : 26 <-- 0.005810 s
currentSize : 27 <-- 0.043420 s
currentSize : 28 <-- 15.562229 s
currentSize : 29 <-- 71.649467 s
currentSize : 30 <-- 163.041748 s
currentSize : 31 <-- 255.828140 s

TIMEOUT
maxsize : 31
nodes : 795313266.000000
filtered : 5915656486.000000
time : 3600.000000
