Parameters: GAD=1 vflib=1 dir=0 label=1 lowerbound=1 fileNameGp=../graphsdb/mcs30/rand/r005/mcs30_r005_s50.A49 fileNameGt=../graphsdb/mcs30/rand/r005/mcs30_r005_s50.B49
Reading graphs...
50 :  124
50 :  120
Initializing...
maxdom : 9
D->valSize : 331
Solving...
Blb : 2 (clique : 18)
currentSize : 18 <-- 0.002479 s
currentSize : 19 <-- 0.002742 s
currentSize : 20 <-- 3.760676 s
currentSize : 21 <-- 18.910725 s
currentSize : 22 <-- 192.315796 s

maxsize : 22
nodes : 71088952.000000
filtered : 1029708889.000000
time : 315.897156
