Parameters: GAD=1 vflib=1 dir=0 label=1 lowerbound=1 fileNameGp=../graphsdb/mcs30/m2D/m2D/mcs30_m2D_s80.A50 fileNameGt=../graphsdb/mcs30/m2D/m2D/mcs30_m2D_s80.B50
Reading graphs...
80 :  141
80 :  142
Initializing...
maxdom : 8
D->valSize : 432
Solving...
Blb : 5 (clique : 29)
currentSize : 29 <-- 0.004402 s
currentSize : 30 <-- 0.080043 s
currentSize : 31 <-- 0.231211 s
currentSize : 32 <-- 20.946928 s
currentSize : 33 <-- 37.906494 s
currentSize : 34 <-- 594.243469 s

TIMEOUT
maxsize : 34
nodes : 781575308.000000
filtered : 6408841684.000000
time : 3600.000000
