Parameters: GAD=1 vflib=1 dir=0 label=1 lowerbound=1 fileNameGp=../graphsdb/mcs30/m4D/m4Dr4/mcs30_m4Dr4_s70.A58 fileNameGt=../graphsdb/mcs30/m4D/m4Dr4/mcs30_m4Dr4_s70.B58
Reading graphs...
70 :  143
70 :  145
Initializing...
maxdom : 10
D->valSize : 311
Solving...
Blb : 2 (clique : 20)
currentSize : 20 <-- 0.002697 s
currentSize : 21 <-- 0.077832 s
currentSize : 22 <-- 0.304020 s
currentSize : 23 <-- 4.587912 s
currentSize : 24 <-- 6.805780 s
currentSize : 25 <-- 10.585460 s
currentSize : 26 <-- 63.856834 s
currentSize : 27 <-- 119.199257 s

TIMEOUT
maxsize : 27
nodes : 856771123.000000
filtered : 6609622251.000000
time : 3600.000000
