Parameters: GAD=1 vflib=1 dir=0 label=1 lowerbound=1 fileNameGp=../graphsdb/mcs30/bvg/b09m/mcs30_b09m_s50.A20 fileNameGt=../graphsdb/mcs30/bvg/b09m/mcs30_b09m_s50.B20
Reading graphs...
50 :  205
50 :  210
Initializing...
maxdom : 11
D->valSize : 331
Solving...
Blb : 2 (clique : 11)
currentSize : 11 <-- 0.002312 s
currentSize : 12 <-- 0.002641 s
currentSize : 13 <-- 0.002908 s
currentSize : 14 <-- 0.003466 s
currentSize : 15 <-- 0.004972 s
currentSize : 16 <-- 0.184076 s
currentSize : 17 <-- 7.731420 s

maxsize : 17
nodes : 3050403.000000
filtered : 44274063.000000
time : 12.836594
