Parameters: GAD=1 vflib=1 dir=0 label=1 lowerbound=1 fileNameGp=../graphsdb/mcs30/m3D/m3Dr4/mcs30_m3Dr4_s70.A54 fileNameGt=../graphsdb/mcs30/m3D/m3Dr4/mcs30_m3Dr4_s70.B54
Reading graphs...
70 :  184
70 :  183
Initializing...
maxdom : 11
D->valSize : 313
Solving...
Blb : 2 (clique : 21)
currentSize : 21 <-- 0.002813 s
currentSize : 22 <-- 0.002979 s
currentSize : 23 <-- 0.003083 s
currentSize : 24 <-- 0.003301 s
currentSize : 25 <-- 0.003425 s
currentSize : 26 <-- 0.003515 s
currentSize : 27 <-- 0.010769 s
currentSize : 28 <-- 0.062374 s
currentSize : 29 <-- 21.556736 s
currentSize : 30 <-- 21.585684 s

maxsize : 30
nodes : 33351993.000000
filtered : 344934834.000000
time : 183.756332
