Parameters: GAD=1 vflib=1 dir=0 label=1 lowerbound=1 fileNameGp=../graphsdb/mcs30/bvg/b03/mcs30_b03_s50.A77 fileNameGt=../graphsdb/mcs30/bvg/b03/mcs30_b03_s50.B77
Reading graphs...
50 :  74
50 :  74
Initializing...
maxdom : 11
D->valSize : 349
Solving...
Blb : 2 (clique : 22)
currentSize : 22 <-- 0.002927 s
currentSize : 23 <-- 0.003057 s
currentSize : 24 <-- 0.003335 s
currentSize : 25 <-- 248.480911 s
currentSize : 26 <-- 338.110077 s
currentSize : 27 <-- 2029.556641 s

maxsize : 27
nodes : 728225234.000000
filtered : 10310515640.000000
time : 3207.014648
