Parameters: GAD=1 vflib=1 dir=0 label=1 lowerbound=1 fileNameGp=../graphsdb/mcs30/rand/r02/mcs30_r02_s70.A31 fileNameGt=../graphsdb/mcs30/rand/r02/mcs30_r02_s70.B31
Reading graphs...
70 :  863
70 :  868
Initializing...
maxdom : 7
D->valSize : 302
Solving...
Blb : 2 (clique : 7)
currentSize : 7 <-- 0.003462 s
currentSize : 8 <-- 0.003898 s
currentSize : 9 <-- 0.005213 s
currentSize : 10 <-- 0.011511 s
currentSize : 11 <-- 0.030060 s
currentSize : 12 <-- 0.059973 s
currentSize : 13 <-- 0.064890 s
currentSize : 14 <-- 0.072504 s
currentSize : 15 <-- 0.072859 s
currentSize : 16 <-- 0.074330 s

maxsize : 16
nodes : 46331.000000
filtered : 686635.000000
time : 0.349567
