Parameters: GAD=1 vflib=1 dir=0 label=1 lowerbound=1 fileNameGp=../graphsdb/mcs30/bvg/b03m/mcs30_b03m_s40.A29 fileNameGt=../graphsdb/mcs30/bvg/b03m/mcs30_b03m_s40.B29
Reading graphs...
40 :  60
40 :  60
Initializing...
maxdom : 11
D->valSize : 215
Solving...
Blb : 2 (clique : 15)
currentSize : 15 <-- 0.002124 s
currentSize : 16 <-- 0.011799 s
currentSize : 17 <-- 0.093450 s
currentSize : 18 <-- 1.318295 s
currentSize : 19 <-- 2.863484 s

maxsize : 19
nodes : 1104256.000000
filtered : 10745013.000000
time : 3.409014
