Parameters: GAD=1 vflib=1 dir=0 label=1 lowerbound=1 fileNameGp=../graphsdb/mcs30/m4D/m4Dr2/mcs30_m4Dr2_s90.A78 fileNameGt=../graphsdb/mcs30/m4D/m4Dr2/mcs30_m4Dr2_s90.B78
Reading graphs...
90 :  164
90 :  164
Initializing...
maxdom : 9
D->valSize : 496
Solving...
Blb : 2 (clique : 33)
currentSize : 33 <-- 0.009203 s
currentSize : 34 <-- 0.076243 s
currentSize : 35 <-- 18.513016 s
currentSize : 36 <-- 18.768488 s
currentSize : 37 <-- 18.819780 s
currentSize : 38 <-- 32.697533 s
currentSize : 39 <-- 129.302902 s

TIMEOUT
maxsize : 39
nodes : 1097867270.000000
filtered : 3100643914.000000
time : 3600.000000
