Parameters: GAD=1 vflib=1 dir=0 label=1 lowerbound=1 fileNameGp=../graphsdb/mcs30/bvg/b06/mcs30_b06_s90.A02 fileNameGt=../graphsdb/mcs30/bvg/b06/mcs30_b06_s90.B02
Reading graphs...
90 :  268
90 :  268
Initializing...
maxdom : 8
D->valSize : 545
Solving...
Blb : 2 (clique : 24)
currentSize : 24 <-- 0.006396 s
currentSize : 25 <-- 0.009086 s
currentSize : 26 <-- 0.024162 s
currentSize : 27 <-- 31.268192 s
currentSize : 28 <-- 99.121864 s
currentSize : 29 <-- 99.138145 s
currentSize : 30 <-- 432.061829 s

TIMEOUT
maxsize : 30
nodes : 735246409.000000
filtered : 6050777334.000000
time : 3600.000000
