Parameters: GAD=1 vflib=1 dir=0 label=1 lowerbound=1 fileNameGp=../graphsdb/mcs30/m3D/m3D/mcs30_m3D_s70.A88 fileNameGt=../graphsdb/mcs30/m3D/m3D/mcs30_m3D_s70.B88
Reading graphs...
70 :  159
70 :  159
Initializing...
maxdom : 7
D->valSize : 305
Solving...
Blb : 2 (clique : 27)
currentSize : 27 <-- 0.002797 s
currentSize : 28 <-- 0.371223 s
currentSize : 29 <-- 46.196480 s
currentSize : 30 <-- 46.201321 s
currentSize : 31 <-- 46.379051 s

maxsize : 31
nodes : 321217555.000000
filtered : 2473230631.000000
time : 1569.579224
