Parameters: GAD=1 vflib=1 dir=0 label=1 lowerbound=1 fileNameGp=../graphsdb/mcs30/bvg/b06m/mcs30_b06m_s40.A52 fileNameGt=../graphsdb/mcs30/bvg/b06m/mcs30_b06m_s40.B52
Reading graphs...
40 :  114
40 :  112
Initializing...
maxdom : 8
D->valSize : 188
Solving...
Blb : 2 (clique : 12)
currentSize : 12 <-- 0.001101 s
currentSize : 13 <-- 0.001193 s
currentSize : 14 <-- 0.001801 s
currentSize : 15 <-- 0.006969 s
currentSize : 16 <-- 0.006991 s

maxsize : 16
nodes : 123769.000000
filtered : 1410155.000000
time : 0.467090
