Parameters: GAD=1 vflib=1 dir=0 label=1 lowerbound=1 fileNameGp=../graphsdb/mcs30/m3D/m3Dr2/mcs30_m3Dr2_s100.A75 fileNameGt=../graphsdb/mcs30/m3D/m3Dr2/mcs30_m3Dr2_s100.B75
Reading graphs...
100 :  254
100 :  253
Initializing...
maxdom : 6
D->valSize : 314
Solving...
Blb : 5 (clique : 29)
currentSize : 29 <-- 0.005363 s
currentSize : 30 <-- 6.906805 s
currentSize : 31 <-- 7.963969 s
currentSize : 32 <-- 358.664001 s
currentSize : 33 <-- 2063.157227 s
currentSize : 34 <-- 2063.752686 s

TIMEOUT
maxsize : 34
nodes : 722450548.000000
filtered : 3105905109.000000
time : 3600.000000
