Parameters: GAD=1 vflib=1 dir=0 label=1 lowerbound=1 fileNameGp=../graphsdb/mcs30/rand/r005/mcs30_r005_s70.A00 fileNameGt=../graphsdb/mcs30/rand/r005/mcs30_r005_s70.B00
Reading graphs...
70 :  234
70 :  234
Initializing...
maxdom : 9
D->valSize : 373
Solving...
Blb : 5 (clique : 17)
currentSize : 17 <-- 0.003149 s
currentSize : 18 <-- 0.003419 s
currentSize : 20 <-- 0.013538 s
currentSize : 21 <-- 0.019554 s
currentSize : 22 <-- 0.901355 s
currentSize : 23 <-- 8.677476 s
currentSize : 24 <-- 1031.193115 s

maxsize : 24
nodes : 434698877.000000
filtered : 5860703630.000000
time : 2307.182373
