Parameters: GAD=1 vflib=1 dir=0 label=1 lowerbound=1 fileNameGp=../graphsdb/mcs30/m3D/m3Dr6/mcs30_m3Dr6_s80.A04 fileNameGt=../graphsdb/mcs30/m3D/m3Dr6/mcs30_m3Dr6_s80.B04
Reading graphs...
80 :  230
80 :  228
Initializing...
maxdom : 9
D->valSize : 458
Solving...
Blb : 2 (clique : 22)
currentSize : 22 <-- 0.004579 s
currentSize : 23 <-- 0.005772 s
currentSize : 24 <-- 0.006574 s
currentSize : 25 <-- 19.214502 s
currentSize : 26 <-- 30.190584 s
currentSize : 27 <-- 47.708347 s
currentSize : 28 <-- 831.731750 s
currentSize : 29 <-- 2690.906738 s

TIMEOUT
maxsize : 29
nodes : 762381665.000000
filtered : 5333823274.000000
time : 3600.000000
