Parameters: GAD=1 vflib=1 dir=0 label=1 lowerbound=1 fileNameGp=../graphsdb/mcs30/bvg/b06m/mcs30_b06m_s40.A12 fileNameGt=../graphsdb/mcs30/bvg/b06m/mcs30_b06m_s40.B12
Reading graphs...
40 :  117
40 :  118
Initializing...
maxdom : 10
D->valSize : 228
Solving...
Blb : 2 (clique : 12)
currentSize : 12 <-- 0.001419 s
currentSize : 13 <-- 0.002033 s
currentSize : 14 <-- 0.002701 s
currentSize : 15 <-- 0.004422 s
currentSize : 16 <-- 0.142770 s
currentSize : 17 <-- 0.149557 s

maxsize : 17
nodes : 324246.000000
filtered : 4025923.000000
time : 1.411766
