Parameters: GAD=1 vflib=1 dir=0 label=1 lowerbound=1 fileNameGp=../graphsdb/mcs30/rand/r02/mcs30_r02_s80.A81 fileNameGt=../graphsdb/mcs30/rand/r02/mcs30_r02_s80.B81
Reading graphs...
80 :  1147
80 :  1139
Initializing...
maxdom : 7
D->valSize : 415
Solving...
Blb : 3 (clique : 8)
currentSize : 8 <-- 0.005669 s
currentSize : 9 <-- 0.005997 s
currentSize : 11 <-- 0.006528 s
currentSize : 12 <-- 0.016611 s
currentSize : 13 <-- 0.100241 s
currentSize : 16 <-- 0.124022 s
currentSize : 17 <-- 0.415783 s
currentSize : 18 <-- 0.416385 s
currentSize : 21 <-- 0.416431 s

maxsize : 21
nodes : 97922.000000
filtered : 1807271.000000
time : 0.736564
