Parameters: GAD=1 vflib=1 dir=0 label=1 lowerbound=1 fileNameGp=../graphsdb/mcs30/bvg/b06/mcs30_b06_s70.A50 fileNameGt=../graphsdb/mcs30/bvg/b06/mcs30_b06_s70.B50
Reading graphs...
70 :  208
70 :  207
Initializing...
maxdom : 10
D->valSize : 327
Solving...
Blb : 2 (clique : 21)
currentSize : 21 <-- 0.002831 s
currentSize : 22 <-- 0.062873 s
currentSize : 23 <-- 66.611046 s
currentSize : 24 <-- 161.142593 s
currentSize : 25 <-- 161.142639 s
currentSize : 26 <-- 161.142685 s
currentSize : 27 <-- 161.142990 s

maxsize : 27
nodes : 112539540.000000
filtered : 1014600650.000000
time : 511.199066
