Parameters: GAD=1 vflib=1 dir=0 label=1 lowerbound=1 fileNameGp=../graphsdb/mcs30/rand/r02/mcs30_r02_s70.A19 fileNameGt=../graphsdb/mcs30/rand/r02/mcs30_r02_s70.B19
Reading graphs...
70 :  848
70 :  861
Initializing...
maxdom : 8
D->valSize : 295
Solving...
Blb : 2 (clique : 8)
currentSize : 8 <-- 0.003386 s
currentSize : 9 <-- 0.004476 s
currentSize : 10 <-- 0.006025 s
currentSize : 11 <-- 0.014166 s
currentSize : 15 <-- 0.015010 s
currentSize : 16 <-- 0.094117 s

maxsize : 16
nodes : 44783.000000
filtered : 643479.000000
time : 0.235457
