Parameters: GAD=1 vflib=1 dir=0 label=1 lowerbound=1 fileNameGp=../graphsdb/mcs30/m4D/m4Dr6/mcs30_m4Dr6_s80.A19 fileNameGt=../graphsdb/mcs30/m4D/m4Dr6/mcs30_m4Dr6_s80.B19
Reading graphs...
80 :  176
80 :  177
Initializing...
maxdom : 12
D->valSize : 381
Solving...
Blb : 2 (clique : 24)
currentSize : 24 <-- 0.004201 s
currentSize : 25 <-- 0.005386 s
currentSize : 26 <-- 0.369232 s
currentSize : 27 <-- 0.850268 s
currentSize : 28 <-- 0.850522 s
currentSize : 29 <-- 462.120178 s
currentSize : 30 <-- 2759.199463 s
currentSize : 31 <-- 2759.552002 s

TIMEOUT
maxsize : 31
nodes : 827218341.000000
filtered : 4691526906.000000
time : 3600.000000
