Parameters: GAD=1 vflib=1 dir=0 label=1 lowerbound=1 fileNameGp=../graphsdb/mcs30/bvg/b09m/mcs30_b09m_s90.A22 fileNameGt=../graphsdb/mcs30/bvg/b09m/mcs30_b09m_s90.B22
Reading graphs...
90 :  395
90 :  391
Initializing...
maxdom : 10
D->valSize : 532
Solving...
Blb : 2 (clique : 20)
currentSize : 20 <-- 0.005826 s
currentSize : 21 <-- 0.006371 s
currentSize : 22 <-- 0.008159 s
currentSize : 23 <-- 0.022977 s
currentSize : 24 <-- 0.920443 s
currentSize : 25 <-- 4.547951 s
currentSize : 26 <-- 115.557823 s
currentSize : 28 <-- 231.327850 s
currentSize : 29 <-- 231.334930 s
currentSize : 30 <-- 2499.526611 s

TIMEOUT
maxsize : 30
nodes : 621595768.000000
filtered : 9097118865.000000
time : 3600.000000
