Parameters: GAD=1 vflib=1 dir=0 label=1 lowerbound=1 fileNameGp=../graphsdb/mcs30/rand/r01/mcs30_r01_s90.A94 fileNameGt=../graphsdb/mcs30/rand/r01/mcs30_r01_s90.B94
Reading graphs...
90 :  758
90 :  765
Initializing...
maxdom : 9
D->valSize : 559
Solving...
Blb : 2 (clique : 13)
currentSize : 13 <-- 0.006082 s
currentSize : 14 <-- 0.006214 s
currentSize : 15 <-- 0.006258 s
currentSize : 16 <-- 0.006411 s
currentSize : 17 <-- 0.008018 s
currentSize : 18 <-- 0.058047 s
currentSize : 19 <-- 0.058264 s
currentSize : 20 <-- 5.736960 s
currentSize : 21 <-- 5.737339 s
currentSize : 23 <-- 52.899120 s
currentSize : 24 <-- 135.024017 s
currentSize : 26 <-- 135.024109 s
currentSize : 27 <-- 135.026642 s

maxsize : 27
nodes : 34062618.000000
filtered : 686775688.000000
time : 232.161850
