Parameters: GAD=1 vflib=1 dir=0 label=1 lowerbound=1 fileNameGp=../graphsdb/mcs30/rand/r02/mcs30_r02_s50.A29 fileNameGt=../graphsdb/mcs30/rand/r02/mcs30_r02_s50.B29
Reading graphs...
50 :  439
50 :  436
Initializing...
maxdom : 10
D->valSize : 326
Solving...
Blb : 2 (clique : 7)
currentSize : 7 <-- 0.002342 s
currentSize : 9 <-- 0.002398 s
currentSize : 10 <-- 0.002565 s
currentSize : 12 <-- 0.004213 s
currentSize : 15 <-- 0.023018 s

maxsize : 15
nodes : 18380.000000
filtered : 433760.000000
time : 0.094836
