Parameters: GAD=1 vflib=1 dir=0 label=1 lowerbound=1 fileNameGp=../graphsdb/mcs30/bvg/b06m/mcs30_b06m_s70.A44 fileNameGt=../graphsdb/mcs30/bvg/b06m/mcs30_b06m_s70.B44
Reading graphs...
70 :  207
70 :  209
Initializing...
maxdom : 7
D->valSize : 307
Solving...
Blb : 2 (clique : 24)
currentSize : 24 <-- 0.002605 s
currentSize : 25 <-- 0.003128 s
currentSize : 26 <-- 0.004141 s
currentSize : 27 <-- 0.062859 s
currentSize : 28 <-- 881.001709 s

maxsize : 28
nodes : 231283710.000000
filtered : 2388697839.000000
time : 1188.807495
