Parameters: GAD=1 vflib=1 dir=0 label=1 lowerbound=1 fileNameGp=../graphsdb/mcs30/m2D/m2D/mcs30_m2D_s90.A79 fileNameGt=../graphsdb/mcs30/m2D/m2D/mcs30_m2D_s90.B79
Reading graphs...
90 :  159
90 :  161
Initializing...
maxdom : 12
D->valSize : 523
Solving...
Blb : 2 (clique : 30)
currentSize : 30 <-- 0.006323 s
currentSize : 32 <-- 0.006585 s
currentSize : 33 <-- 0.464430 s
currentSize : 34 <-- 3.122295 s
currentSize : 35 <-- 22.780802 s
currentSize : 36 <-- 48.915970 s
currentSize : 37 <-- 49.353676 s
currentSize : 38 <-- 85.329178 s

TIMEOUT
maxsize : 38
nodes : 906219368.000000
filtered : 3829711666.000000
time : 3600.000000
