Parameters: GAD=1 vflib=1 dir=0 label=1 lowerbound=1 fileNameGp=../graphsdb/mcs30/m3D/m3Dr4/mcs30_m3Dr4_s100.A95 fileNameGt=../graphsdb/mcs30/m3D/m3Dr4/mcs30_m3Dr4_s100.B95
Reading graphs...
100 :  273
100 :  271
Initializing...
maxdom : 9
D->valSize : 350
Solving...
Blb : 2 (clique : 26)
currentSize : 26 <-- 0.005744 s
currentSize : 28 <-- 0.006138 s
currentSize : 29 <-- 0.008630 s
currentSize : 30 <-- 0.042894 s
currentSize : 31 <-- 0.217248 s
currentSize : 32 <-- 4.754165 s
currentSize : 33 <-- 263.833160 s
currentSize : 34 <-- 1942.696777 s
currentSize : 35 <-- 3212.625977 s

TIMEOUT
maxsize : 35
nodes : 681912166.000000
filtered : 4285423562.000000
time : 3600.000000
