Parameters: GAD=1 vflib=1 dir=0 label=1 lowerbound=1 fileNameGp=../graphsdb/mcs30/m2D/m2Dr6/mcs30_m2Dr6_s50.A00 fileNameGt=../graphsdb/mcs30/m2D/m2Dr6/mcs30_m2Dr6_s50.B00
Reading graphs...
50 :  114
50 :  110
Initializing...
maxdom : 8
D->valSize : 332
Solving...
Blb : 2 (clique : 18)
currentSize : 18 <-- 0.002491 s
currentSize : 19 <-- 2.399241 s
currentSize : 20 <-- 7.701430 s
currentSize : 21 <-- 7.701947 s
currentSize : 22 <-- 259.340607 s

maxsize : 22
nodes : 291047249.000000
filtered : 3538100891.000000
time : 1147.662720
