Parameters: GAD=1 vflib=1 dir=0 label=1 lowerbound=1 fileNameGp=../graphsdb/mcs30/m3D/m3Dr6/mcs30_m3Dr6_s40.A26 fileNameGt=../graphsdb/mcs30/m3D/m3Dr6/mcs30_m3Dr6_s40.B26
Reading graphs...
40 :  105
40 :  100
Initializing...
maxdom : 12
D->valSize : 223
Solving...
Blb : 2 (clique : 12)
currentSize : 12 <-- 0.001428 s
currentSize : 13 <-- 0.001987 s
currentSize : 14 <-- 0.005691 s
currentSize : 15 <-- 0.006299 s
currentSize : 16 <-- 0.266093 s

maxsize : 16
nodes : 137615.000000
filtered : 1863111.000000
time : 0.483708
