Parameters: GAD=1 vflib=1 dir=0 label=1 lowerbound=1 fileNameGp=../graphsdb/mcs30/m2D/m2D/mcs30_m2D_s60.A70 fileNameGt=../graphsdb/mcs30/m2D/m2D/mcs30_m2D_s60.B70
Reading graphs...
60 :  104
60 :  103
Initializing...
maxdom : 8
D->valSize : 244
Solving...
Blb : 5 (clique : 21)
currentSize : 21 <-- 0.001801 s
currentSize : 22 <-- 0.038677 s
currentSize : 23 <-- 0.057273 s
currentSize : 24 <-- 0.688426 s
currentSize : 25 <-- 1.166115 s
currentSize : 26 <-- 14.230461 s
currentSize : 27 <-- 21.935360 s

maxsize : 27
nodes : 17657459.000000
filtered : 150210605.000000
time : 80.013603
