Parameters: GAD=1 vflib=1 dir=0 label=1 lowerbound=1 fileNameGp=../graphsdb/mcs30/bvg/b06m/mcs30_b06m_s60.A51 fileNameGt=../graphsdb/mcs30/bvg/b06m/mcs30_b06m_s60.B51
Reading graphs...
60 :  176
60 :  175
Initializing...
maxdom : 7
D->valSize : 248
Solving...
Blb : 2 (clique : 17)
currentSize : 17 <-- 0.001826 s
currentSize : 18 <-- 0.001985 s
currentSize : 19 <-- 0.040753 s
currentSize : 20 <-- 0.581320 s
currentSize : 21 <-- 1.333434 s
currentSize : 22 <-- 9.237936 s
currentSize : 23 <-- 16.328535 s
currentSize : 24 <-- 16.436127 s

maxsize : 24
nodes : 12460760.000000
filtered : 105953819.000000
time : 54.863625
