Parameters: GAD=1 vflib=1 dir=0 label=1 lowerbound=1 fileNameGp=../graphsdb/mcs30/bvg/b06/mcs30_b06_s90.A28 fileNameGt=../graphsdb/mcs30/bvg/b06/mcs30_b06_s90.B28
Reading graphs...
90 :  268
90 :  267
Initializing...
maxdom : 12
D->valSize : 531
Solving...
Blb : 2 (clique : 24)
currentSize : 24 <-- 0.005991 s
currentSize : 25 <-- 0.006598 s
currentSize : 26 <-- 0.008146 s
currentSize : 27 <-- 0.011750 s
currentSize : 28 <-- 0.046176 s
currentSize : 29 <-- 0.052443 s
currentSize : 30 <-- 11.426528 s

TIMEOUT
maxsize : 30
nodes : 644087539.000000
filtered : 6589004130.000000
time : 3600.000000
