Parameters: GAD=1 vflib=1 dir=0 label=1 lowerbound=1 fileNameGp=../graphsdb/mcs30/bvg/b06/mcs30_b06_s70.A43 fileNameGt=../graphsdb/mcs30/bvg/b06/mcs30_b06_s70.B43
Reading graphs...
70 :  208
70 :  206
Initializing...
maxdom : 9
D->valSize : 345
Solving...
Blb : 2 (clique : 23)
currentSize : 23 <-- 0.002854 s
currentSize : 24 <-- 0.003053 s
currentSize : 25 <-- 0.003209 s
currentSize : 26 <-- 0.003519 s
currentSize : 27 <-- 0.008315 s

maxsize : 27
nodes : 274519850.000000
filtered : 3586842873.000000
time : 1443.367798
