Parameters: GAD=1 vflib=1 dir=0 label=1 lowerbound=1 fileNameGp=../graphsdb/mcs30/bvg/b09m/mcs30_b09m_s70.A79 fileNameGt=../graphsdb/mcs30/bvg/b09m/mcs30_b09m_s70.B79
Reading graphs...
70 :  300
70 :  302
Initializing...
maxdom : 8
D->valSize : 311
Solving...
Blb : 3 (clique : 17)
currentSize : 17 <-- 0.004174 s
currentSize : 18 <-- 0.301298 s
currentSize : 19 <-- 1.415040 s
currentSize : 20 <-- 1.501029 s
currentSize : 21 <-- 2.250345 s
currentSize : 22 <-- 2.257280 s
currentSize : 23 <-- 5.630463 s

maxsize : 23
nodes : 31192787.000000
filtered : 346089625.000000
time : 155.422394
