Parameters: GAD=1 vflib=1 dir=0 label=1 lowerbound=1 fileNameGp=../graphsdb/mcs30/bvg/b06m/mcs30_b06m_s90.A59 fileNameGt=../graphsdb/mcs30/bvg/b06m/mcs30_b06m_s90.B59
Reading graphs...
90 :  266
90 :  265
Initializing...
maxdom : 9
D->valSize : 534
Solving...
Blb : 2 (clique : 26)
currentSize : 26 <-- 0.006139 s
currentSize : 27 <-- 0.006702 s
currentSize : 28 <-- 0.011064 s
currentSize : 29 <-- 0.013053 s
currentSize : 30 <-- 0.059539 s
currentSize : 31 <-- 186.860306 s
currentSize : 32 <-- 232.452499 s

TIMEOUT
maxsize : 32
nodes : 719143346.000000
filtered : 6466147795.000000
time : 3600.000000
