Parameters: GAD=1 vflib=1 dir=0 label=1 lowerbound=1 fileNameGp=../graphsdb/mcs30/bvg/b03m/mcs30_b03m_s50.A60 fileNameGt=../graphsdb/mcs30/bvg/b03m/mcs30_b03m_s50.B60
Reading graphs...
50 :  75
50 :  75
Initializing...
maxdom : 11
D->valSize : 330
Solving...
Blb : 2 (clique : 23)
currentSize : 23 <-- 0.004116 s
currentSize : 24 <-- 0.686767 s
currentSize : 25 <-- 30.368710 s
currentSize : 26 <-- 32.231979 s
currentSize : 27 <-- 39.598183 s
currentSize : 28 <-- 49.595879 s

maxsize : 28
nodes : 34529248.000000
filtered : 327973198.000000
time : 130.839462
