Parameters: GAD=1 vflib=1 dir=0 label=1 lowerbound=1 fileNameGp=../graphsdb/mcs30/bvg/b09/mcs30_b09_s50.A77 fileNameGt=../graphsdb/mcs30/bvg/b09/mcs30_b09_s50.B77
Reading graphs...
50 :  220
50 :  216
Initializing...
maxdom : 9
D->valSize : 326
Solving...
Blb : 2 (clique : 12)
currentSize : 12 <-- 0.002345 s
currentSize : 14 <-- 0.002434 s
currentSize : 15 <-- 0.002568 s
currentSize : 16 <-- 0.037084 s
currentSize : 17 <-- 3.349280 s

maxsize : 17
nodes : 1898206.000000
filtered : 26859281.000000
time : 8.312524
