Parameters: GAD=1 vflib=1 dir=0 label=1 lowerbound=1 fileNameGp=../graphsdb/mcs30/bvg/b09m/mcs30_b09m_s100.A21 fileNameGt=../graphsdb/mcs30/bvg/b09m/mcs30_b09m_s100.B21
Reading graphs...
100 :  440
100 :  441
Initializing...
maxdom : 7
D->valSize : 317
Solving...
Blb : 2 (clique : 19)
currentSize : 19 <-- 0.003011 s
currentSize : 20 <-- 0.003181 s
currentSize : 21 <-- 0.003383 s
currentSize : 22 <-- 0.003999 s
currentSize : 23 <-- 0.004194 s
currentSize : 24 <-- 0.823059 s
currentSize : 25 <-- 3.626508 s
currentSize : 26 <-- 5.338384 s
currentSize : 27 <-- 19.762865 s
currentSize : 28 <-- 175.778793 s
currentSize : 29 <-- 2757.238770 s

TIMEOUT
maxsize : 29
nodes : 678690004.000000
filtered : 4683999944.000000
time : 3600.000000
