Parameters: GAD=1 vflib=1 dir=0 label=1 lowerbound=1 fileNameGp=../graphsdb/mcs30/bvg/b06/mcs30_b06_s70.A12 fileNameGt=../graphsdb/mcs30/bvg/b06/mcs30_b06_s70.B12
Reading graphs...
70 :  208
70 :  206
Initializing...
maxdom : 8
D->valSize : 337
Solving...
Blb : 2 (clique : 22)
currentSize : 22 <-- 0.004577 s
currentSize : 23 <-- 0.004836 s
currentSize : 24 <-- 0.005016 s
currentSize : 25 <-- 0.023426 s
currentSize : 26 <-- 0.079245 s
currentSize : 27 <-- 23.428068 s
currentSize : 28 <-- 55.906258 s

maxsize : 28
nodes : 245710930.000000
filtered : 2206563389.000000
time : 1172.051514
