Parameters: GAD=1 vflib=1 dir=0 label=1 lowerbound=1 fileNameGp=../graphsdb/mcs30/bvg/b03m/mcs30_b03m_s60.A92 fileNameGt=../graphsdb/mcs30/bvg/b03m/mcs30_b03m_s60.B92
Reading graphs...
60 :  90
60 :  90
Initializing...
maxdom : 7
D->valSize : 237
Solving...
Blb : 2 (clique : 24)
currentSize : 24 <-- 0.002052 s
currentSize : 25 <-- 0.002188 s
currentSize : 26 <-- 0.002259 s
currentSize : 27 <-- 0.004469 s
currentSize : 28 <-- 0.008080 s
currentSize : 29 <-- 0.011174 s
currentSize : 30 <-- 0.212645 s

maxsize : 30
nodes : 22404411.000000
filtered : 139802839.000000
time : 94.191902
