Parameters: GAD=1 vflib=1 dir=0 label=1 lowerbound=1 fileNameGp=../graphsdb/mcs30/rand/r005/mcs30_r005_s60.A19 fileNameGt=../graphsdb/mcs30/rand/r005/mcs30_r005_s60.B19
Reading graphs...
60 :  176
60 :  174
Initializing...
maxdom : 8
D->valSize : 268
Solving...
Blb : 2 (clique : 15)
currentSize : 15 <-- 0.002022 s
currentSize : 16 <-- 0.002902 s
currentSize : 17 <-- 0.003924 s
currentSize : 18 <-- 0.017207 s
currentSize : 19 <-- 0.017762 s
currentSize : 20 <-- 0.196188 s
currentSize : 21 <-- 2.412003 s
currentSize : 22 <-- 85.235840 s

maxsize : 22
nodes : 89786598.000000
filtered : 800096285.000000
time : 382.191803
