Parameters: GAD=1 vflib=1 dir=0 label=1 lowerbound=1 fileNameGp=../graphsdb/mcs30/rand/r02/mcs30_r02_s80.A43 fileNameGt=../graphsdb/mcs30/rand/r02/mcs30_r02_s80.B43
Reading graphs...
80 :  1137
80 :  1149
Initializing...
maxdom : 8
D->valSize : 426
Solving...
Blb : 2 (clique : 8)
currentSize : 8 <-- 0.003823 s
currentSize : 9 <-- 0.004181 s
currentSize : 12 <-- 0.005236 s
currentSize : 13 <-- 0.012210 s
currentSize : 14 <-- 0.012248 s
currentSize : 16 <-- 0.012326 s
currentSize : 19 <-- 0.012610 s
currentSize : 21 <-- 0.012854 s

maxsize : 21
nodes : 42915.000000
filtered : 1128480.000000
time : 0.297589
