Parameters: GAD=1 vflib=1 dir=0 label=1 lowerbound=1 fileNameGp=../graphsdb/mcs30/rand/r01/mcs30_r01_s50.A70 fileNameGt=../graphsdb/mcs30/rand/r01/mcs30_r01_s50.B70
Reading graphs...
50 :  232
50 :  229
Initializing...
maxdom : 9
D->valSize : 322
Solving...
Blb : 2 (clique : 11)
currentSize : 11 <-- 0.002258 s
currentSize : 12 <-- 0.002399 s
currentSize : 13 <-- 0.003197 s
currentSize : 14 <-- 0.050739 s
currentSize : 15 <-- 0.242971 s
currentSize : 16 <-- 0.367625 s

maxsize : 16
nodes : 2532686.000000
filtered : 36055962.000000
time : 10.808524
