Parameters: GAD=1 vflib=1 dir=0 label=1 lowerbound=1 fileNameGp=../graphsdb/mcs30/m2D/m2Dr4/mcs30_m2Dr4_s100.A50 fileNameGt=../graphsdb/mcs30/m2D/m2Dr4/mcs30_m2Dr4_s100.B50
Reading graphs...
100 :  216
100 :  219
Initializing...
maxdom : 7
D->valSize : 337
Solving...
Blb : 2 (clique : 31)
currentSize : 31 <-- 0.003593 s
currentSize : 32 <-- 0.004083 s
currentSize : 33 <-- 0.004827 s
currentSize : 34 <-- 1.260917 s
currentSize : 35 <-- 2.245642 s
currentSize : 36 <-- 2.675478 s
currentSize : 37 <-- 7.145581 s
currentSize : 38 <-- 69.652710 s

TIMEOUT
maxsize : 38
nodes : 724637646.000000
filtered : 3086696283.000000
time : 3600.000000
