Parameters: GAD=1 vflib=1 dir=0 label=1 lowerbound=1 fileNameGp=../graphsdb/mcs30/m2D/m2Dr4/mcs30_m2Dr4_s70.A77 fileNameGt=../graphsdb/mcs30/m2D/m2Dr4/mcs30_m2Dr4_s70.B77
Reading graphs...
70 :  150
70 :  148
Initializing...
maxdom : 9
D->valSize : 377
Solving...
Blb : 3 (clique : 20)
currentSize : 20 <-- 0.005774 s
currentSize : 21 <-- 0.276655 s
currentSize : 22 <-- 0.886594 s
currentSize : 23 <-- 5.874670 s
currentSize : 24 <-- 5.903332 s
currentSize : 25 <-- 57.954685 s
currentSize : 26 <-- 92.995750 s
currentSize : 27 <-- 307.109650 s

TIMEOUT
maxsize : 27
nodes : 788159747.000000
filtered : 7785259566.000000
time : 3600.000000
