Parameters: GAD=1 vflib=1 dir=0 label=1 lowerbound=1 fileNameGp=../graphsdb/mcs30/m2D/m2Dr6/mcs30_m2Dr6_s70.A59 fileNameGt=../graphsdb/mcs30/m2D/m2Dr6/mcs30_m2Dr6_s70.B59
Reading graphs...
70 :  161
70 :  161
Initializing...
maxdom : 7
D->valSize : 312
Solving...
Blb : 2 (clique : 21)
currentSize : 21 <-- 0.002865 s
currentSize : 22 <-- 0.002995 s
currentSize : 23 <-- 1.522355 s
currentSize : 24 <-- 198.138443 s
currentSize : 25 <-- 397.169678 s
currentSize : 26 <-- 2128.571045 s

TIMEOUT
maxsize : 26
nodes : 1008819552.000000
filtered : 4490835118.000000
time : 3600.000000
