Parameters: GAD=1 vflib=1 dir=0 label=1 lowerbound=1 fileNameGp=../graphsdb/mcs30/m2D/m2Dr2/mcs30_m2Dr2_s100.A43 fileNameGt=../graphsdb/mcs30/m2D/m2Dr2/mcs30_m2Dr2_s100.B43
Reading graphs...
100 :  199
100 :  199
Initializing...
maxdom : 5
D->valSize : 335
Solving...
Blb : 2 (clique : 29)
currentSize : 29 <-- 0.003321 s
currentSize : 30 <-- 0.003538 s
currentSize : 31 <-- 0.003659 s
currentSize : 32 <-- 0.003874 s
currentSize : 33 <-- 0.004790 s
currentSize : 34 <-- 0.005148 s
currentSize : 35 <-- 0.006723 s
currentSize : 36 <-- 0.006855 s
currentSize : 37 <-- 0.073172 s
currentSize : 38 <-- 10.047812 s
currentSize : 39 <-- 43.080509 s

TIMEOUT
maxsize : 39
nodes : 782882272.000000
filtered : 2612911769.000000
time : 3600.000000
