Parameters: GAD=1 vflib=1 dir=0 label=1 lowerbound=1 fileNameGp=../graphsdb/mcs30/m2D/m2Dr4/mcs30_m2Dr4_s70.A07 fileNameGt=../graphsdb/mcs30/m2D/m2Dr4/mcs30_m2Dr4_s70.B07
Reading graphs...
70 :  146
70 :  148
Initializing...
maxdom : 9
D->valSize : 319
Solving...
Blb : 2 (clique : 25)
currentSize : 25 <-- 0.002953 s
currentSize : 26 <-- 0.007825 s
currentSize : 27 <-- 0.566932 s
currentSize : 28 <-- 5.684444 s
currentSize : 29 <-- 17.490761 s
currentSize : 30 <-- 26.578672 s
currentSize : 31 <-- 28.805124 s
currentSize : 32 <-- 36.995037 s

maxsize : 32
nodes : 390141232.000000
filtered : 3506843364.000000
time : 1937.301270
