Parameters: GAD=1 vflib=1 dir=0 label=1 lowerbound=1 fileNameGp=../graphsdb/mcs30/bvg/b09m/mcs30_b09m_s40.A31 fileNameGt=../graphsdb/mcs30/bvg/b09m/mcs30_b09m_s40.B31
Reading graphs...
40 :  172
40 :  172
Initializing...
maxdom : 7
D->valSize : 214
Solving...
Blb : 2 (clique : 10)
currentSize : 10 <-- 0.001177 s
currentSize : 11 <-- 0.018462 s
currentSize : 12 <-- 0.200073 s
currentSize : 13 <-- 0.200126 s
currentSize : 14 <-- 0.200530 s
currentSize : 15 <-- 0.228694 s

maxsize : 15
nodes : 103902.000000
filtered : 914490.000000
time : 0.340126
