Parameters: GAD=1 vflib=1 dir=0 label=1 lowerbound=1 fileNameGp=../graphsdb/mcs30/m2D/m2D/mcs30_m2D_s50.A64 fileNameGt=../graphsdb/mcs30/m2D/m2D/mcs30_m2D_s50.B64
Reading graphs...
50 :  85
50 :  84
Initializing...
maxdom : 9
D->valSize : 302
Solving...
Blb : 2 (clique : 19)
currentSize : 19 <-- 0.002348 s
currentSize : 20 <-- 0.002509 s
currentSize : 21 <-- 0.007037 s
currentSize : 22 <-- 0.175388 s
currentSize : 23 <-- 1.465434 s
currentSize : 24 <-- 36.469593 s

maxsize : 24
nodes : 771051192.000000
filtered : 6817657128.000000
time : 2580.698975
