Parameters: GAD=1 vflib=1 dir=0 label=1 lowerbound=1 fileNameGp=../graphsdb/mcs30/m4D/m4Dr2/mcs30_m4Dr2_s50.A98 fileNameGt=../graphsdb/mcs30/m4D/m4Dr2/mcs30_m4Dr2_s50.B98
Reading graphs...
50 :  96
50 :  93
Initializing...
maxdom : 8
D->valSize : 322
Solving...
Blb : 2 (clique : 19)
currentSize : 19 <-- 0.002301 s
currentSize : 20 <-- 0.062099 s
currentSize : 21 <-- 1.225485 s
currentSize : 22 <-- 4.813662 s
currentSize : 23 <-- 4.823650 s
currentSize : 24 <-- 56.540562 s

maxsize : 24
nodes : 18433328.000000
filtered : 249258484.000000
time : 82.348137
