Parameters: GAD=1 vflib=1 dir=0 label=1 lowerbound=1 fileNameGp=../graphsdb/mcs30/m3D/m3Dr2/mcs30_m3Dr2_s40.A94 fileNameGt=../graphsdb/mcs30/m3D/m3Dr2/mcs30_m3Dr2_s40.B94
Reading graphs...
40 :  90
40 :  90
Initializing...
maxdom : 8
D->valSize : 203
Solving...
Blb : 2 (clique : 13)
currentSize : 13 <-- 0.001224 s
currentSize : 14 <-- 0.001542 s
currentSize : 15 <-- 0.001767 s
currentSize : 16 <-- 0.002949 s
currentSize : 17 <-- 0.008978 s
currentSize : 18 <-- 1.878483 s

maxsize : 18
nodes : 942188.000000
filtered : 7818058.000000
time : 3.210246
