Parameters: GAD=1 vflib=1 dir=0 label=1 lowerbound=1 fileNameGp=../graphsdb/mcs30/m2D/m2Dr2/mcs30_m2Dr2_s50.A89 fileNameGt=../graphsdb/mcs30/m2D/m2Dr2/mcs30_m2Dr2_s50.B89
Reading graphs...
50 :  95
50 :  94
Initializing...
maxdom : 7
D->valSize : 315
Solving...
Blb : 3 (clique : 18)
currentSize : 18 <-- 0.002540 s
currentSize : 19 <-- 0.046615 s
currentSize : 20 <-- 0.070524 s
currentSize : 21 <-- 0.140080 s
currentSize : 22 <-- 6.009992 s
currentSize : 23 <-- 181.979691 s

maxsize : 23
nodes : 405565252.000000
filtered : 4045174543.000000
time : 1552.320679
