Parameters: GAD=1 vflib=1 dir=0 label=1 lowerbound=1 fileNameGp=../graphsdb/mcs30/bvg/b06/mcs30_b06_s80.A18 fileNameGt=../graphsdb/mcs30/bvg/b06/mcs30_b06_s80.B18
Reading graphs...
80 :  238
80 :  239
Initializing...
maxdom : 9
D->valSize : 441
Solving...
Blb : 2 (clique : 24)
currentSize : 24 <-- 0.007076 s
currentSize : 25 <-- 0.016251 s
currentSize : 26 <-- 0.056070 s
currentSize : 27 <-- 0.247746 s
currentSize : 28 <-- 22.284088 s
currentSize : 29 <-- 113.549614 s
currentSize : 30 <-- 867.678894 s
currentSize : 31 <-- 1488.803345 s

TIMEOUT
maxsize : 31
nodes : 631628692.000000
filtered : 8257940463.000000
time : 3600.000000
