Parameters: GAD=1 vflib=1 dir=0 label=1 lowerbound=1 fileNameGp=../graphsdb/mcs30/rand/r005/mcs30_r005_s50.A56 fileNameGt=../graphsdb/mcs30/rand/r005/mcs30_r005_s50.B56
Reading graphs...
50 :  122
50 :  125
Initializing...
maxdom : 10
D->valSize : 309
Solving...
Blb : 5 (clique : 17)
currentSize : 17 <-- 0.002246 s
currentSize : 18 <-- 0.004099 s
currentSize : 19 <-- 0.136900 s
currentSize : 20 <-- 0.193423 s
currentSize : 21 <-- 0.556691 s

maxsize : 21
nodes : 11132396.000000
filtered : 143956063.000000
time : 46.315220
