Parameters: GAD=1 vflib=1 dir=0 label=1 lowerbound=1 fileNameGp=../graphsdb/mcs30/bvg/b09/mcs30_b09_s50.A26 fileNameGt=../graphsdb/mcs30/bvg/b09/mcs30_b09_s50.B26
Reading graphs...
50 :  221
50 :  221
Initializing...
maxdom : 11
D->valSize : 308
Solving...
Blb : 2 (clique : 11)
currentSize : 11 <-- 0.003633 s
currentSize : 12 <-- 0.005064 s
currentSize : 13 <-- 0.008552 s
currentSize : 14 <-- 0.163282 s
currentSize : 15 <-- 7.075368 s
currentSize : 16 <-- 7.084781 s
currentSize : 17 <-- 7.084819 s

maxsize : 17
nodes : 2215247.000000
filtered : 24763877.000000
time : 8.072978
