Parameters: GAD=1 vflib=1 dir=0 label=1 lowerbound=1 fileNameGp=../graphsdb/mcs30/m3D/m3D/mcs30_m3D_s80.A01 fileNameGt=../graphsdb/mcs30/m3D/m3D/mcs30_m3D_s80.B01
Reading graphs...
80 :  183
80 :  180
Initializing...
maxdom : 9
D->valSize : 434
Solving...
Blb : 2 (clique : 29)
currentSize : 29 <-- 0.004362 s
currentSize : 30 <-- 0.032160 s
currentSize : 31 <-- 0.046758 s
currentSize : 32 <-- 471.587616 s
currentSize : 33 <-- 1897.811157 s
currentSize : 34 <-- 1897.817749 s

TIMEOUT
maxsize : 34
nodes : 781602567.000000
filtered : 5432347108.000000
time : 3600.000000
