Parameters: GAD=1 vflib=1 dir=0 label=1 lowerbound=1 fileNameGp=../graphsdb/mcs30/bvg/b09/mcs30_b09_s100.A25 fileNameGt=../graphsdb/mcs30/bvg/b09/mcs30_b09_s100.B25
Reading graphs...
100 :  444
100 :  446
Initializing...
maxdom : 6
D->valSize : 317
Solving...
Blb : 3 (clique : 23)
currentSize : 23 <-- 0.003128 s
currentSize : 24 <-- 0.012483 s
currentSize : 25 <-- 0.306679 s
currentSize : 26 <-- 0.418841 s
currentSize : 27 <-- 1.581910 s
currentSize : 29 <-- 1.584925 s
currentSize : 30 <-- 1.726699 s
currentSize : 31 <-- 1.733741 s
currentSize : 32 <-- 87.235252 s
currentSize : 34 <-- 359.551941 s

maxsize : 34
nodes : 341789139.000000
filtered : 1839818547.000000
time : 1841.302734
