Parameters: GAD=1 vflib=1 dir=0 label=1 lowerbound=1 fileNameGp=../graphsdb/mcs30/m4D/m4Dr4/mcs30_m4Dr4_s60.A15 fileNameGt=../graphsdb/mcs30/m4D/m4Dr4/mcs30_m4Dr4_s60.B15
Reading graphs...
60 :  125
60 :  121
Initializing...
maxdom : 10
D->valSize : 229
Solving...
Blb : 2 (clique : 20)
currentSize : 20 <-- 0.001739 s
currentSize : 21 <-- 0.001869 s
currentSize : 22 <-- 0.056712 s
currentSize : 23 <-- 0.983841 s
currentSize : 24 <-- 84.053169 s
currentSize : 25 <-- 899.948975 s
currentSize : 26 <-- 900.020813 s

maxsize : 26
nodes : 348960944.000000
filtered : 1877145282.000000
time : 1172.909790
