Parameters: GAD=1 vflib=1 dir=0 label=1 lowerbound=1 fileNameGp=../graphsdb/mcs30/m2D/m2D/mcs30_m2D_s100.A63 fileNameGt=../graphsdb/mcs30/m2D/m2D/mcs30_m2D_s100.B63
Reading graphs...
100 :  180
100 :  180
Initializing...
maxdom : 7
D->valSize : 326
Solving...
Blb : 5 (clique : 30)
currentSize : 30 <-- 0.003428 s
currentSize : 31 <-- 0.003670 s
currentSize : 32 <-- 0.003887 s
currentSize : 33 <-- 0.004731 s
currentSize : 34 <-- 0.296783 s
currentSize : 35 <-- 1.041953 s
currentSize : 36 <-- 9.511171 s
currentSize : 37 <-- 9.576815 s
currentSize : 38 <-- 436.752655 s
currentSize : 39 <-- 585.540100 s

TIMEOUT
maxsize : 39
nodes : 714874230.000000
filtered : 3348897703.000000
time : 3600.000000
