Parameters: GAD=1 vflib=1 dir=0 label=1 lowerbound=1 fileNameGp=../graphsdb/mcs30/bvg/b09/mcs30_b09_s60.A98 fileNameGt=../graphsdb/mcs30/bvg/b09/mcs30_b09_s60.B98
Reading graphs...
60 :  266
60 :  264
Initializing...
maxdom : 7
D->valSize : 231
Solving...
Blb : 2 (clique : 14)
currentSize : 14 <-- 0.001634 s
currentSize : 15 <-- 0.461819 s
currentSize : 16 <-- 0.928700 s
currentSize : 17 <-- 2.620040 s
currentSize : 19 <-- 3.448557 s
currentSize : 21 <-- 3.482426 s

maxsize : 21
nodes : 1369477.000000
filtered : 9521020.000000
time : 5.597281
