Parameters: GAD=1 vflib=1 dir=0 label=1 lowerbound=1 fileNameGp=../graphsdb/mcs30/bvg/b09m/mcs30_b09m_s40.A22 fileNameGt=../graphsdb/mcs30/bvg/b09m/mcs30_b09m_s40.B22
Reading graphs...
40 :  171
40 :  167
Initializing...
maxdom : 7
D->valSize : 198
Solving...
Blb : 2 (clique : 8)
currentSize : 8 <-- 0.001157 s
currentSize : 9 <-- 0.001618 s
currentSize : 10 <-- 0.010486 s
currentSize : 11 <-- 0.018016 s
currentSize : 12 <-- 0.087681 s
currentSize : 13 <-- 0.156364 s

maxsize : 13
nodes : 93712.000000
filtered : 972759.000000
time : 0.320329
