Parameters: GAD=1 vflib=1 dir=0 label=1 lowerbound=1 fileNameGp=../graphsdb/mcs30/rand/r02/mcs30_r02_s50.A97 fileNameGt=../graphsdb/mcs30/rand/r02/mcs30_r02_s50.B97
Reading graphs...
50 :  439
50 :  442
Initializing...
maxdom : 9
D->valSize : 333
Solving...
Blb : 2 (clique : 7)
currentSize : 7 <-- 0.003476 s
currentSize : 8 <-- 0.004427 s
currentSize : 9 <-- 0.004910 s
currentSize : 11 <-- 0.052986 s
currentSize : 13 <-- 0.095654 s
currentSize : 14 <-- 0.095706 s

maxsize : 14
nodes : 35183.000000
filtered : 753354.000000
time : 0.200433
