Parameters: GAD=1 vflib=1 dir=0 label=1 lowerbound=1 fileNameGp=../graphsdb/mcs30/m2D/m2Dr6/mcs30_m2Dr6_s60.A06 fileNameGt=../graphsdb/mcs30/m2D/m2Dr6/mcs30_m2Dr6_s60.B06
Reading graphs...
60 :  136
60 :  140
Initializing...
maxdom : 8
D->valSize : 217
Solving...
Blb : 2 (clique : 16)
currentSize : 16 <-- 0.001698 s
currentSize : 17 <-- 0.003179 s
currentSize : 18 <-- 0.023359 s
currentSize : 19 <-- 0.044655 s
currentSize : 20 <-- 0.059004 s
currentSize : 21 <-- 2.221971 s
currentSize : 22 <-- 6.599375 s

maxsize : 22
nodes : 24654687.000000
filtered : 159591577.000000
time : 91.195107
