Parameters: GAD=1 vflib=1 dir=0 label=1 lowerbound=1 fileNameGp=../graphsdb/mcs30/bvg/b09m/mcs30_b09m_s50.A00 fileNameGt=../graphsdb/mcs30/bvg/b09m/mcs30_b09m_s50.B00
Reading graphs...
50 :  216
50 :  214
Initializing...
maxdom : 10
D->valSize : 323
Solving...
Blb : 2 (clique : 12)
currentSize : 12 <-- 0.002551 s
currentSize : 13 <-- 0.003003 s
currentSize : 14 <-- 0.003053 s
currentSize : 15 <-- 0.080164 s
currentSize : 16 <-- 8.931554 s

maxsize : 16
nodes : 4930452.000000
filtered : 70300261.000000
time : 19.668127
