Parameters: GAD=1 vflib=1 dir=0 label=1 lowerbound=1 fileNameGp=../graphsdb/mcs30/m2D/m2Dr4/mcs30_m2Dr4_s80.A04 fileNameGt=../graphsdb/mcs30/m2D/m2Dr4/mcs30_m2Dr4_s80.B04
Reading graphs...
80 :  172
80 :  172
Initializing...
maxdom : 9
D->valSize : 400
Solving...
Blb : 2 (clique : 27)
currentSize : 27 <-- 0.003892 s
currentSize : 28 <-- 0.004403 s
currentSize : 29 <-- 0.004489 s
currentSize : 30 <-- 0.025068 s
currentSize : 31 <-- 0.030818 s
currentSize : 32 <-- 117.980927 s

TIMEOUT
maxsize : 32
nodes : 744525852.000000
filtered : 5880854505.000000
time : 3600.000000
