Parameters: GAD=1 vflib=1 dir=0 label=1 lowerbound=1 fileNameGp=../graphsdb/mcs30/m3D/m3Dr4/mcs30_m3Dr4_s80.A80 fileNameGt=../graphsdb/mcs30/m3D/m3Dr4/mcs30_m3Dr4_s80.B80
Reading graphs...
80 :  212
80 :  213
Initializing...
maxdom : 9
D->valSize : 430
Solving...
Blb : 2 (clique : 23)
currentSize : 23 <-- 0.007828 s
currentSize : 24 <-- 0.008132 s
currentSize : 25 <-- 0.008298 s
currentSize : 26 <-- 0.009288 s
currentSize : 27 <-- 0.009760 s
currentSize : 28 <-- 0.027514 s
currentSize : 29 <-- 0.030277 s
currentSize : 30 <-- 915.099854 s
currentSize : 31 <-- 1899.974243 s
currentSize : 32 <-- 1902.388550 s
currentSize : 33 <-- 1903.083862 s
currentSize : 34 <-- 1974.807373 s

TIMEOUT
maxsize : 34
nodes : 688996573.000000
filtered : 6827670358.000000
time : 3600.000000
