Parameters: GAD=1 vflib=1 dir=0 label=1 lowerbound=1 fileNameGp=../graphsdb/mcs30/bvg/b06m/mcs30_b06m_s70.A49 fileNameGt=../graphsdb/mcs30/bvg/b06m/mcs30_b06m_s70.B49
Reading graphs...
70 :  207
70 :  208
Initializing...
maxdom : 10
D->valSize : 310
Solving...
Blb : 2 (clique : 17)
currentSize : 17 <-- 0.003984 s
currentSize : 18 <-- 0.004238 s
currentSize : 19 <-- 0.083159 s
currentSize : 20 <-- 0.083958 s
currentSize : 21 <-- 0.100189 s
currentSize : 22 <-- 0.165858 s
currentSize : 23 <-- 0.490395 s
currentSize : 24 <-- 5.493318 s
currentSize : 25 <-- 7.599739 s
currentSize : 26 <-- 31.081383 s
currentSize : 27 <-- 184.851883 s
currentSize : 28 <-- 240.582077 s

maxsize : 28
nodes : 106469786.000000
filtered : 952909936.000000
time : 503.232971
