Parameters: GAD=1 vflib=1 dir=0 label=1 lowerbound=1 fileNameGp=../graphsdb/mcs30/rand/r01/mcs30_r01_s70.A76 fileNameGt=../graphsdb/mcs30/rand/r01/mcs30_r01_s70.B76
Reading graphs...
70 :  465
70 :  459
Initializing...
maxdom : 11
D->valSize : 344
Solving...
Blb : 2 (clique : 11)
currentSize : 11 <-- 0.004360 s
currentSize : 12 <-- 0.005934 s
currentSize : 13 <-- 0.006065 s
currentSize : 14 <-- 0.013248 s
currentSize : 15 <-- 0.108938 s
currentSize : 16 <-- 0.136067 s
currentSize : 17 <-- 0.216325 s
currentSize : 18 <-- 0.440082 s
currentSize : 19 <-- 1.007421 s
currentSize : 20 <-- 1.473658 s
currentSize : 21 <-- 4.208228 s

maxsize : 21
nodes : 1164482.000000
filtered : 17860381.000000
time : 6.298657
