Parameters: GAD=1 vflib=1 dir=0 label=1 lowerbound=1 fileNameGp=../graphsdb/mcs30/m2D/m2Dr4/mcs30_m2Dr4_s90.A35 fileNameGt=../graphsdb/mcs30/m2D/m2Dr4/mcs30_m2Dr4_s90.B35
Reading graphs...
90 :  196
90 :  195
Initializing...
maxdom : 11
D->valSize : 501
Solving...
Blb : 2 (clique : 31)
currentSize : 31 <-- 0.005566 s
currentSize : 32 <-- 0.005890 s
currentSize : 33 <-- 0.006402 s
currentSize : 34 <-- 0.008975 s
currentSize : 35 <-- 0.065443 s
currentSize : 36 <-- 0.200756 s
currentSize : 37 <-- 1.479024 s
currentSize : 38 <-- 315.003387 s
currentSize : 39 <-- 315.176300 s

TIMEOUT
maxsize : 39
nodes : 604842269.000000
filtered : 5949630188.000000
time : 3600.000000
