Parameters: GAD=1 vflib=1 dir=0 label=1 lowerbound=1 fileNameGp=../graphsdb/mcs30/rand/r02/mcs30_r02_s70.A17 fileNameGt=../graphsdb/mcs30/rand/r02/mcs30_r02_s70.B17
Reading graphs...
70 :  875
70 :  866
Initializing...
maxdom : 10
D->valSize : 301
Solving...
Blb : 2 (clique : 8)
currentSize : 8 <-- 0.002357 s
currentSize : 9 <-- 0.003292 s
currentSize : 10 <-- 0.003636 s
currentSize : 11 <-- 0.004135 s
currentSize : 13 <-- 0.067231 s
currentSize : 15 <-- 0.067390 s
currentSize : 17 <-- 0.067461 s
currentSize : 18 <-- 0.090770 s

maxsize : 18
nodes : 26477.000000
filtered : 417429.000000
time : 0.139239
