Parameters: GAD=1 vflib=1 dir=0 label=1 lowerbound=1 fileNameGp=../graphsdb/mcs30/rand/r01/mcs30_r01_s90.A12 fileNameGt=../graphsdb/mcs30/rand/r01/mcs30_r01_s90.B12
Reading graphs...
90 :  755
90 :  759
Initializing...
maxdom : 9
D->valSize : 530
Solving...
Blb : 5 (clique : 13)
currentSize : 13 <-- 0.009092 s
currentSize : 14 <-- 0.017569 s
currentSize : 15 <-- 0.070520 s
currentSize : 16 <-- 0.118131 s
currentSize : 17 <-- 0.119607 s
currentSize : 18 <-- 0.469802 s
currentSize : 19 <-- 6.470953 s
currentSize : 20 <-- 40.354401 s
currentSize : 21 <-- 71.950127 s
currentSize : 22 <-- 91.201836 s
currentSize : 23 <-- 160.502686 s
currentSize : 25 <-- 244.846558 s
currentSize : 26 <-- 244.846649 s

maxsize : 26
nodes : 55773370.000000
filtered : 850479692.000000
time : 347.163605
