Parameters: GAD=1 vflib=1 dir=0 label=1 lowerbound=1 fileNameGp=../graphsdb/mcs30/bvg/b03m/mcs30_b03m_s70.A80 fileNameGt=../graphsdb/mcs30/bvg/b03m/mcs30_b03m_s70.B80
Reading graphs...
70 :  104
70 :  103
Initializing...
maxdom : 9
D->valSize : 347
Solving...
Blb : 2 (clique : 28)
currentSize : 28 <-- 0.003191 s
currentSize : 29 <-- 1.806528 s
currentSize : 30 <-- 2.429583 s
currentSize : 31 <-- 915.823730 s
currentSize : 32 <-- 988.648071 s
currentSize : 33 <-- 995.238098 s
currentSize : 34 <-- 1118.585449 s
currentSize : 35 <-- 3081.244629 s

TIMEOUT
maxsize : 35
nodes : 1052610295.000000
filtered : 6278235760.000000
time : 3600.000000
