Parameters: GAD=1 vflib=1 dir=0 label=1 lowerbound=1 fileNameGp=../graphsdb/mcs30/m4D/m4Dr2/mcs30_m4Dr2_s70.A32 fileNameGt=../graphsdb/mcs30/m4D/m4Dr2/mcs30_m4Dr2_s70.B32
Reading graphs...
70 :  131
70 :  130
Initializing...
maxdom : 7
D->valSize : 330
Solving...
Blb : 2 (clique : 26)
currentSize : 26 <-- 0.004726 s
currentSize : 27 <-- 0.234918 s
currentSize : 28 <-- 1.788689 s
currentSize : 29 <-- 9.481058 s
currentSize : 30 <-- 32.974583 s
currentSize : 31 <-- 1665.219727 s

TIMEOUT
maxsize : 31
nodes : 932681252.000000
filtered : 6633661348.000000
time : 3600.000000
