Parameters: GAD=1 vflib=1 dir=0 label=1 lowerbound=1 fileNameGp=../graphsdb/mcs30/m3D/m3Dr6/mcs30_m3Dr6_s70.A77 fileNameGt=../graphsdb/mcs30/m3D/m3Dr6/mcs30_m3Dr6_s70.B77
Reading graphs...
70 :  198
70 :  199
Initializing...
maxdom : 8
D->valSize : 339
Solving...
Blb : 2 (clique : 23)
currentSize : 23 <-- 0.004694 s
currentSize : 24 <-- 0.005255 s
currentSize : 25 <-- 0.005437 s
currentSize : 26 <-- 0.015613 s
currentSize : 27 <-- 0.026833 s
currentSize : 28 <-- 0.026936 s
currentSize : 29 <-- 15.434215 s
currentSize : 30 <-- 15.506736 s

maxsize : 30
nodes : 190135624.000000
filtered : 2142846868.000000
time : 988.514526
