Parameters: GAD=1 vflib=1 dir=0 label=1 lowerbound=1 fileNameGp=../graphsdb/mcs30/m2D/m2Dr2/mcs30_m2Dr2_s100.A83 fileNameGt=../graphsdb/mcs30/m2D/m2Dr2/mcs30_m2Dr2_s100.B83
Reading graphs...
100 :  198
100 :  197
Initializing...
maxdom : 8
D->valSize : 370
Solving...
Blb : 2 (clique : 34)
currentSize : 34 <-- 0.003818 s
currentSize : 35 <-- 0.004539 s
currentSize : 36 <-- 0.076815 s
currentSize : 37 <-- 1.548646 s
currentSize : 38 <-- 4.900200 s
currentSize : 39 <-- 21.007893 s
currentSize : 40 <-- 37.708206 s

TIMEOUT
maxsize : 40
nodes : 669135312.000000
filtered : 3793113516.000000
time : 3600.000000
