Parameters: GAD=1 vflib=1 dir=0 label=1 lowerbound=1 fileNameGp=../graphsdb/mcs30/rand/r001/mcs30_r001_s100.A49 fileNameGt=../graphsdb/mcs30/rand/r001/mcs30_r001_s100.B49
Reading graphs...
100 :  120
100 :  120
Initializing...
maxdom : 7
D->valSize : 374
Solving...
Blb : 2 (clique : 40)
currentSize : 40 <-- 0.006713 s
currentSize : 41 <-- 0.007264 s
currentSize : 42 <-- 0.012755 s
currentSize : 43 <-- 0.012828 s
currentSize : 44 <-- 0.016487 s
currentSize : 45 <-- 5.147238 s

TIMEOUT
maxsize : 45
nodes : 719481616.000000
filtered : 3385990285.000000
time : 3600.000000
