Parameters: GAD=1 vflib=1 dir=0 label=1 lowerbound=1 fileNameGp=../graphsdb/mcs30/bvg/b06/mcs30_b06_s60.A04 fileNameGt=../graphsdb/mcs30/bvg/b06/mcs30_b06_s60.B04
Reading graphs...
60 :  180
60 :  177
Initializing...
maxdom : 8
D->valSize : 264
Solving...
Blb : 2 (clique : 20)
currentSize : 20 <-- 0.003144 s
currentSize : 21 <-- 0.003363 s
currentSize : 22 <-- 0.003414 s
currentSize : 23 <-- 0.004923 s
currentSize : 24 <-- 0.144902 s

maxsize : 24
nodes : 1662131.000000
filtered : 20293144.000000
time : 7.790150
