Parameters: GAD=1 vflib=1 dir=0 label=1 lowerbound=1 fileNameGp=../graphsdb/mcs30/m2D/m2Dr4/mcs30_m2Dr4_s50.A88 fileNameGt=../graphsdb/mcs30/m2D/m2Dr4/mcs30_m2Dr4_s50.B88
Reading graphs...
50 :  104
50 :  102
Initializing...
maxdom : 12
D->valSize : 349
Solving...
Blb : 2 (clique : 17)
currentSize : 17 <-- 0.002805 s
currentSize : 18 <-- 0.002912 s
currentSize : 19 <-- 0.002995 s
currentSize : 20 <-- 0.140437 s
currentSize : 21 <-- 2.571413 s
currentSize : 22 <-- 55.709946 s
currentSize : 23 <-- 182.498123 s

maxsize : 23
nodes : 41782180.000000
filtered : 701062769.000000
time : 190.315338
