Parameters: GAD=1 vflib=1 dir=0 label=1 lowerbound=1 fileNameGp=../graphsdb/mcs30/m3D/m3Dr4/mcs30_m3Dr4_s40.A57 fileNameGt=../graphsdb/mcs30/m3D/m3Dr4/mcs30_m3Dr4_s40.B57
Reading graphs...
40 :  98
40 :  96
Initializing...
maxdom : 8
D->valSize : 235
Solving...
Blb : 2 (clique : 11)
currentSize : 11 <-- 0.002150 s
currentSize : 12 <-- 0.003105 s
currentSize : 13 <-- 0.007522 s
currentSize : 14 <-- 0.071416 s
currentSize : 15 <-- 0.168343 s
currentSize : 16 <-- 0.249422 s

maxsize : 16
nodes : 596085.000000
filtered : 6969545.000000
time : 2.255080
