Parameters: GAD=1 vflib=1 dir=0 label=1 lowerbound=1 fileNameGp=../graphsdb/mcs30/m4D/m4Dr6/mcs30_m4Dr6_s80.A83 fileNameGt=../graphsdb/mcs30/m4D/m4Dr6/mcs30_m4Dr6_s80.B83
Reading graphs...
80 :  176
80 :  173
Initializing...
maxdom : 8
D->valSize : 403
Solving...
Blb : 2 (clique : 24)
currentSize : 24 <-- 0.003903 s
currentSize : 25 <-- 0.004101 s
currentSize : 26 <-- 0.005038 s
currentSize : 27 <-- 0.006109 s
currentSize : 28 <-- 0.018917 s
currentSize : 29 <-- 18.661968 s
currentSize : 30 <-- 250.141556 s
currentSize : 31 <-- 382.791473 s

TIMEOUT
maxsize : 31
nodes : 733317886.000000
filtered : 5152743884.000000
time : 3600.000000
