Parameters: GAD=1 vflib=1 dir=0 label=1 lowerbound=1 fileNameGp=../graphsdb/mcs30/bvg/b09/mcs30_b09_s60.A38 fileNameGt=../graphsdb/mcs30/bvg/b09/mcs30_b09_s60.B38
Reading graphs...
60 :  265
60 :  264
Initializing...
maxdom : 7
D->valSize : 226
Solving...
Blb : 3 (clique : 18)
currentSize : 18 <-- 0.002463 s
currentSize : 19 <-- 0.683856 s
currentSize : 20 <-- 0.684328 s
currentSize : 21 <-- 0.684435 s
currentSize : 22 <-- 0.684802 s

maxsize : 22
nodes : 959512.000000
filtered : 5662958.000000
time : 3.982125
