Parameters: GAD=1 vflib=1 dir=0 label=1 lowerbound=1 fileNameGp=../graphsdb/mcs30/rand/r01/mcs30_r01_s90.A17 fileNameGt=../graphsdb/mcs30/rand/r01/mcs30_r01_s90.B17
Reading graphs...
90 :  761
90 :  762
Initializing...
maxdom : 10
D->valSize : 544
Solving...
Blb : 2 (clique : 13)
currentSize : 13 <-- 0.005745 s
currentSize : 14 <-- 0.005888 s
currentSize : 15 <-- 0.020423 s
currentSize : 16 <-- 0.146702 s
currentSize : 17 <-- 1.029851 s
currentSize : 18 <-- 13.231140 s
currentSize : 19 <-- 37.217243 s
currentSize : 20 <-- 37.217838 s
currentSize : 21 <-- 44.826355 s
currentSize : 22 <-- 99.530975 s
currentSize : 24 <-- 134.434692 s
currentSize : 26 <-- 164.785812 s

maxsize : 26
nodes : 28544643.000000
filtered : 483571438.000000
time : 181.697098
