Parameters: GAD=1 vflib=1 dir=0 label=1 lowerbound=1 fileNameGp=../graphsdb/mcs30/m4D/m4Dr4/mcs30_m4Dr4_s60.A76 fileNameGt=../graphsdb/mcs30/m4D/m4Dr4/mcs30_m4Dr4_s60.B76
Reading graphs...
60 :  122
60 :  122
Initializing...
maxdom : 8
D->valSize : 264
Solving...
Blb : 2 (clique : 20)
currentSize : 20 <-- 0.003213 s
currentSize : 21 <-- 0.003384 s
currentSize : 22 <-- 0.005591 s
currentSize : 23 <-- 0.103685 s
currentSize : 24 <-- 0.153748 s
currentSize : 25 <-- 7.623669 s
currentSize : 26 <-- 38.949524 s
currentSize : 27 <-- 270.392639 s

maxsize : 27
nodes : 127681009.000000
filtered : 965612594.000000
time : 509.693939
