Parameters: GAD=1 vflib=1 dir=0 label=1 lowerbound=1 fileNameGp=../graphsdb/mcs30/m4D/m4Dr4/mcs30_m4Dr4_s70.A80 fileNameGt=../graphsdb/mcs30/m4D/m4Dr4/mcs30_m4Dr4_s70.B80
Reading graphs...
70 :  145
70 :  143
Initializing...
maxdom : 11
D->valSize : 328
Solving...
Blb : 3 (clique : 23)
currentSize : 23 <-- 0.004471 s
currentSize : 24 <-- 0.007603 s
currentSize : 25 <-- 0.054927 s
currentSize : 26 <-- 0.219395 s
currentSize : 27 <-- 6.258730 s
currentSize : 28 <-- 70.844818 s

TIMEOUT
maxsize : 28
nodes : 861177001.000000
filtered : 6862780323.000000
time : 3600.000000
