Parameters: GAD=1 vflib=1 dir=0 label=1 lowerbound=1 fileNameGp=../graphsdb/mcs30/bvg/b06m/mcs30_b06m_s40.A28 fileNameGt=../graphsdb/mcs30/bvg/b06m/mcs30_b06m_s40.B28
Reading graphs...
40 :  117
40 :  119
Initializing...
maxdom : 9
D->valSize : 247
Solving...
Blb : 2 (clique : 12)
currentSize : 12 <-- 0.001610 s
currentSize : 13 <-- 0.002573 s
currentSize : 14 <-- 0.025279 s
currentSize : 15 <-- 0.656463 s
currentSize : 16 <-- 1.323362 s

maxsize : 16
nodes : 435641.000000
filtered : 5947299.000000
time : 1.713694
