Parameters: GAD=1 vflib=1 dir=0 label=1 lowerbound=1 fileNameGp=../graphsdb/mcs30/rand/r01/mcs30_r01_s70.A61 fileNameGt=../graphsdb/mcs30/rand/r01/mcs30_r01_s70.B61
Reading graphs...
70 :  459
70 :  463
Initializing...
maxdom : 8
D->valSize : 336
Solving...
Blb : 2 (clique : 12)
currentSize : 12 <-- 0.002853 s
currentSize : 13 <-- 0.018715 s
currentSize : 14 <-- 0.149448 s
currentSize : 15 <-- 0.744905 s
currentSize : 16 <-- 1.555508 s
currentSize : 17 <-- 2.568973 s
currentSize : 18 <-- 2.569246 s
currentSize : 20 <-- 9.214288 s
currentSize : 21 <-- 9.214377 s

maxsize : 21
nodes : 2607789.000000
filtered : 32117086.000000
time : 13.112682
