Parameters: GAD=1 vflib=1 dir=0 label=1 lowerbound=1 fileNameGp=../graphsdb/mcs30/m2D/m2Dr2/mcs30_m2Dr2_s60.A77 fileNameGt=../graphsdb/mcs30/m2D/m2Dr2/mcs30_m2Dr2_s60.B77
Reading graphs...
60 :  115
60 :  115
Initializing...
maxdom : 10
D->valSize : 290
Solving...
Blb : 2 (clique : 22)
currentSize : 22 <-- 0.003676 s
currentSize : 23 <-- 0.013247 s
currentSize : 24 <-- 0.347905 s
currentSize : 25 <-- 19.902969 s
currentSize : 26 <-- 107.674484 s
currentSize : 27 <-- 829.590454 s

maxsize : 27
nodes : 330743851.000000
filtered : 2793326973.000000
time : 1343.055542
