Parameters: GAD=1 vflib=1 dir=0 label=1 lowerbound=1 fileNameGp=../graphsdb/mcs30/bvg/b03/mcs30_b03_s60.A32 fileNameGt=../graphsdb/mcs30/bvg/b03/mcs30_b03_s60.B32
Reading graphs...
60 :  90
60 :  90
Initializing...
maxdom : 6
D->valSize : 236
Solving...
Blb : 2 (clique : 22)
currentSize : 22 <-- 0.001708 s
currentSize : 23 <-- 0.171800 s
currentSize : 24 <-- 0.346675 s
currentSize : 25 <-- 17.300541 s
currentSize : 26 <-- 56.175247 s
currentSize : 27 <-- 107.566742 s
currentSize : 28 <-- 143.464691 s
currentSize : 29 <-- 627.059631 s

maxsize : 29
nodes : 346322048.000000
filtered : 1891681579.000000
time : 1330.883423
