Parameters: GAD=1 vflib=1 dir=0 label=1 lowerbound=1 fileNameGp=../graphsdb/mcs30/m2D/m2Dr6/mcs30_m2Dr6_s100.A24 fileNameGt=../graphsdb/mcs30/m2D/m2Dr6/mcs30_m2Dr6_s100.B24
Reading graphs...
100 :  236
100 :  231
Initializing...
maxdom : 8
D->valSize : 344
Solving...
Blb : 2 (clique : 31)
currentSize : 31 <-- 0.003584 s
currentSize : 32 <-- 7.285302 s
currentSize : 33 <-- 7.961960 s
currentSize : 34 <-- 95.580910 s
currentSize : 35 <-- 103.295471 s
currentSize : 36 <-- 435.824188 s

TIMEOUT
maxsize : 36
nodes : 714851334.000000
filtered : 3914676210.000000
time : 3600.000000
