Parameters: GAD=1 vflib=1 dir=0 label=1 lowerbound=1 fileNameGp=../graphsdb/mcs30/m2D/m2Dr4/mcs30_m2Dr4_s100.A22 fileNameGt=../graphsdb/mcs30/m2D/m2Dr4/mcs30_m2Dr4_s100.B22
Reading graphs...
100 :  216
100 :  217
Initializing...
maxdom : 7
D->valSize : 335
Solving...
Blb : 2 (clique : 29)
currentSize : 29 <-- 0.005558 s
currentSize : 30 <-- 0.007765 s
currentSize : 31 <-- 0.076608 s
currentSize : 32 <-- 0.122841 s
currentSize : 33 <-- 0.397267 s
currentSize : 34 <-- 65.106300 s
currentSize : 35 <-- 127.017639 s

TIMEOUT
maxsize : 35
nodes : 777581635.000000
filtered : 3639583897.000000
time : 3600.000000
