Parameters: GAD=1 vflib=1 dir=0 label=1 lowerbound=1 fileNameGp=../graphsdb/mcs30/m4D/m4Dr2/mcs30_m4Dr2_s80.A30 fileNameGt=../graphsdb/mcs30/m4D/m4Dr2/mcs30_m4Dr2_s80.B30
Reading graphs...
80 :  145
80 :  146
Initializing...
maxdom : 8
D->valSize : 414
Solving...
Blb : 2 (clique : 29)
currentSize : 29 <-- 0.004059 s
currentSize : 30 <-- 0.004264 s
currentSize : 31 <-- 0.015638 s
currentSize : 32 <-- 0.197128 s
currentSize : 33 <-- 36.994560 s
currentSize : 34 <-- 2295.884766 s
currentSize : 35 <-- 2899.020752 s
currentSize : 36 <-- 3470.066650 s

TIMEOUT
maxsize : 36
nodes : 1055430883.000000
filtered : 5377447479.000000
time : 3600.000000
