Parameters: GAD=1 vflib=1 dir=0 label=1 lowerbound=1 fileNameGp=../graphsdb/mcs30/bvg/b09/mcs30_b09_s50.A40 fileNameGt=../graphsdb/mcs30/bvg/b09/mcs30_b09_s50.B40
Reading graphs...
50 :  223
50 :  220
Initializing...
maxdom : 9
D->valSize : 312
Solving...
Blb : 2 (clique : 12)
currentSize : 12 <-- 0.003354 s
currentSize : 14 <-- 0.024121 s
currentSize : 15 <-- 0.024231 s
currentSize : 16 <-- 0.096358 s
currentSize : 17 <-- 1.642219 s

maxsize : 17
nodes : 3796705.000000
filtered : 55631652.000000
time : 16.140812
