Parameters: GAD=1 vflib=1 dir=0 label=1 lowerbound=1 fileNameGp=../graphsdb/mcs30/bvg/b06/mcs30_b06_s60.A50 fileNameGt=../graphsdb/mcs30/bvg/b06/mcs30_b06_s60.B50
Reading graphs...
60 :  178
60 :  172
Initializing...
maxdom : 7
D->valSize : 205
Solving...
Blb : 5 (clique : 13)
currentSize : 13 <-- 0.001355 s
currentSize : 14 <-- 0.001660 s
currentSize : 15 <-- 0.003127 s
currentSize : 16 <-- 0.003532 s
currentSize : 17 <-- 0.036898 s
currentSize : 18 <-- 0.131321 s
currentSize : 19 <-- 0.716232 s
currentSize : 20 <-- 1.576785 s
currentSize : 21 <-- 17.434484 s

maxsize : 21
nodes : 13630179.000000
filtered : 92446345.000000
time : 53.894882
