Parameters: GAD=1 vflib=1 dir=0 label=1 lowerbound=1 fileNameGp=../graphsdb/mcs30/m2D/m2D/mcs30_m2D_s70.A31 fileNameGt=../graphsdb/mcs30/m2D/m2D/mcs30_m2D_s70.B31
Reading graphs...
70 :  123
70 :  123
Initializing...
maxdom : 9
D->valSize : 343
Solving...
Blb : 2 (clique : 24)
currentSize : 24 <-- 0.003058 s
currentSize : 25 <-- 0.006510 s
currentSize : 26 <-- 0.457809 s
currentSize : 27 <-- 5.312626 s
currentSize : 28 <-- 7.203737 s
currentSize : 29 <-- 105.207497 s
currentSize : 30 <-- 321.001953 s
currentSize : 31 <-- 1320.025635 s
currentSize : 32 <-- 3248.231445 s
currentSize : 33 <-- 3248.233887 s

TIMEOUT
maxsize : 33
nodes : 872893271.000000
filtered : 6201483870.000000
time : 3600.000000
