Parameters: GAD=1 vflib=1 dir=0 label=1 lowerbound=1 fileNameGp=../graphsdb/mcs30/m3D/m3Dr2/mcs30_m3Dr2_s80.A42 fileNameGt=../graphsdb/mcs30/m3D/m3Dr2/mcs30_m3Dr2_s80.B42
Reading graphs...
80 :  200
80 :  200
Initializing...
maxdom : 9
D->valSize : 440
Solving...
Blb : 2 (clique : 28)
currentSize : 28 <-- 0.004328 s
currentSize : 29 <-- 0.004577 s
currentSize : 30 <-- 0.007579 s
currentSize : 31 <-- 0.008117 s
currentSize : 32 <-- 0.046105 s
currentSize : 33 <-- 6.909140 s
currentSize : 34 <-- 18.907068 s
currentSize : 35 <-- 79.769478 s

TIMEOUT
maxsize : 35
nodes : 616929597.000000
filtered : 6499890573.000000
time : 3600.000000
