Parameters: GAD=1 vflib=1 dir=0 label=1 lowerbound=1 fileNameGp=../graphsdb/mcs30/m3D/m3Dr4/mcs30_m3Dr4_s90.A53 fileNameGt=../graphsdb/mcs30/m3D/m3Dr4/mcs30_m3Dr4_s90.B53
Reading graphs...
90 :  243
90 :  242
Initializing...
maxdom : 10
D->valSize : 528
Solving...
Blb : 2 (clique : 27)
currentSize : 27 <-- 0.006431 s
currentSize : 28 <-- 0.006739 s
currentSize : 29 <-- 0.006957 s
currentSize : 30 <-- 0.047331 s
currentSize : 31 <-- 459.180420 s
currentSize : 32 <-- 547.200867 s

TIMEOUT
maxsize : 32
nodes : 775940738.000000
filtered : 5389951342.000000
time : 3600.000000
