Parameters: GAD=1 vflib=1 dir=0 label=1 lowerbound=1 fileNameGp=../graphsdb/mcs30/bvg/b06/mcs30_b06_s40.A99 fileNameGt=../graphsdb/mcs30/bvg/b06/mcs30_b06_s40.B99
Reading graphs...
40 :  116
40 :  119
Initializing...
maxdom : 7
D->valSize : 202
Solving...
Blb : 3 (clique : 12)
currentSize : 12 <-- 0.001556 s
currentSize : 13 <-- 0.002556 s
currentSize : 14 <-- 0.003227 s
currentSize : 15 <-- 0.003991 s
currentSize : 16 <-- 0.005402 s
currentSize : 17 <-- 0.818232 s

maxsize : 17
nodes : 384675.000000
filtered : 3770775.000000
time : 1.476339
