Parameters: GAD=1 vflib=1 dir=0 label=1 lowerbound=1 fileNameGp=../graphsdb/mcs30/rand/r02/mcs30_r02_s90.A81 fileNameGt=../graphsdb/mcs30/rand/r02/mcs30_r02_s90.B81
Reading graphs...
90 :  1441
90 :  1447
Initializing...
maxdom : 14
D->valSize : 543
Solving...
Blb : 2 (clique : 8)
currentSize : 8 <-- 0.005708 s
currentSize : 9 <-- 0.005966 s
currentSize : 10 <-- 0.009724 s
currentSize : 11 <-- 0.011075 s
currentSize : 12 <-- 0.011348 s
currentSize : 14 <-- 0.026368 s
currentSize : 15 <-- 0.103522 s
currentSize : 18 <-- 0.104640 s
currentSize : 20 <-- 0.104823 s
currentSize : 24 <-- 0.108042 s

maxsize : 24
nodes : 66060.000000
filtered : 1990177.000000
time : 0.492183
