Parameters: GAD=1 vflib=1 dir=0 label=1 lowerbound=1 fileNameGp=../graphsdb/mcs30/bvg/b09m/mcs30_b09m_s50.A94 fileNameGt=../graphsdb/mcs30/bvg/b09m/mcs30_b09m_s50.B94
Reading graphs...
50 :  215
50 :  216
Initializing...
maxdom : 11
D->valSize : 328
Solving...
Blb : 2 (clique : 11)
currentSize : 11 <-- 0.002715 s
currentSize : 12 <-- 0.003086 s
currentSize : 13 <-- 0.004091 s
currentSize : 14 <-- 0.041600 s
currentSize : 15 <-- 0.395285 s
currentSize : 16 <-- 3.967780 s
currentSize : 17 <-- 10.234891 s

maxsize : 17
nodes : 4102155.000000
filtered : 68343835.000000
time : 16.609880
