Parameters: GAD=1 vflib=1 dir=0 label=1 lowerbound=1 fileNameGp=../graphsdb/mcs30/bvg/b06/mcs30_b06_s60.A89 fileNameGt=../graphsdb/mcs30/bvg/b06/mcs30_b06_s60.B89
Reading graphs...
60 :  179
60 :  179
Initializing...
maxdom : 9
D->valSize : 230
Solving...
Blb : 3 (clique : 15)
currentSize : 15 <-- 0.001633 s
currentSize : 16 <-- 0.001902 s
currentSize : 17 <-- 0.002064 s
currentSize : 18 <-- 0.004693 s
currentSize : 19 <-- 0.020449 s
currentSize : 20 <-- 0.035393 s
currentSize : 21 <-- 0.425472 s
currentSize : 22 <-- 3.791593 s

maxsize : 22
nodes : 5004399.000000
filtered : 48665558.000000
time : 22.585541
