Parameters: GAD=1 vflib=1 dir=0 label=1 lowerbound=1 fileNameGp=../graphsdb/mcs30/rand/r01/mcs30_r01_s30.A16 fileNameGt=../graphsdb/mcs30/rand/r01/mcs30_r01_s30.B16
Reading graphs...
30 :  86
30 :  81
Initializing...
maxdom : 5
D->valSize : 116
Solving...
Blb : 2 (clique : 7)
currentSize : 7 <-- 0.000668 s
currentSize : 8 <-- 0.001226 s
currentSize : 9 <-- 0.001636 s
currentSize : 10 <-- 0.005891 s
currentSize : 11 <-- 0.006112 s

maxsize : 11
nodes : 6767.000000
filtered : 45823.000000
time : 0.020117
