Parameters: GAD=1 vflib=1 dir=0 label=1 lowerbound=1 fileNameGp=../graphsdb/mcs30/m3D/m3D/mcs30_m3D_s70.A71 fileNameGt=../graphsdb/mcs30/m3D/m3D/mcs30_m3D_s70.B71
Reading graphs...
70 :  158
70 :  159
Initializing...
maxdom : 7
D->valSize : 316
Solving...
Blb : 2 (clique : 22)
currentSize : 22 <-- 0.004239 s
currentSize : 23 <-- 0.004449 s
currentSize : 24 <-- 0.004708 s
currentSize : 25 <-- 0.040145 s
currentSize : 26 <-- 0.053271 s
currentSize : 27 <-- 341.781433 s
currentSize : 28 <-- 373.304749 s
currentSize : 29 <-- 915.299500 s
currentSize : 30 <-- 956.993713 s
currentSize : 31 <-- 969.168518 s
currentSize : 32 <-- 1616.103638 s

maxsize : 32
nodes : 546526598.000000
filtered : 4771579320.000000
time : 2730.722656
