Parameters: GAD=1 vflib=1 dir=0 label=1 lowerbound=1 fileNameGp=../graphsdb/mcs30/bvg/b09/mcs30_b09_s40.A15 fileNameGt=../graphsdb/mcs30/bvg/b09/mcs30_b09_s40.B15
Reading graphs...
40 :  173
40 :  176
Initializing...
maxdom : 7
D->valSize : 203
Solving...
Blb : 2 (clique : 11)
currentSize : 11 <-- 0.001273 s
currentSize : 12 <-- 0.002008 s
currentSize : 13 <-- 0.002653 s
currentSize : 14 <-- 0.006581 s
currentSize : 15 <-- 0.052498 s

maxsize : 15
nodes : 35033.000000
filtered : 308583.000000
time : 0.120224
