Parameters: GAD=1 vflib=1 dir=0 label=1 lowerbound=1 fileNameGp=../graphsdb/mcs30/m2D/m2Dr4/mcs30_m2Dr4_s100.A40 fileNameGt=../graphsdb/mcs30/m2D/m2Dr4/mcs30_m2Dr4_s100.B40
Reading graphs...
100 :  218
100 :  219
Initializing...
maxdom : 7
D->valSize : 342
Solving...
Blb : 2 (clique : 32)
currentSize : 32 <-- 0.003733 s
currentSize : 33 <-- 0.004067 s
currentSize : 34 <-- 0.004385 s
currentSize : 35 <-- 0.004921 s
currentSize : 36 <-- 0.025054 s
currentSize : 37 <-- 4.189902 s
currentSize : 38 <-- 4.369641 s
currentSize : 39 <-- 1252.085938 s

TIMEOUT
maxsize : 39
nodes : 714576263.000000
filtered : 3064852061.000000
time : 3600.000000
