Parameters: GAD=1 vflib=1 dir=0 label=1 lowerbound=1 fileNameGp=../graphsdb/mcs30/m3D/m3Dr2/mcs30_m3Dr2_s40.A18 fileNameGt=../graphsdb/mcs30/m3D/m3Dr2/mcs30_m3Dr2_s40.B18
Reading graphs...
40 :  90
40 :  89
Initializing...
maxdom : 8
D->valSize : 212
Solving...
Blb : 2 (clique : 13)
currentSize : 13 <-- 0.001289 s
currentSize : 14 <-- 0.002161 s
currentSize : 15 <-- 0.003324 s
currentSize : 16 <-- 0.455331 s
currentSize : 17 <-- 0.538968 s

maxsize : 17
nodes : 1140308.000000
filtered : 12700612.000000
time : 4.144341
