Parameters: GAD=1 vflib=1 dir=0 label=1 lowerbound=1 fileNameGp=../graphsdb/mcs30/bvg/b03/mcs30_b03_s50.A07 fileNameGt=../graphsdb/mcs30/bvg/b03/mcs30_b03_s50.B07
Reading graphs...
50 :  75
50 :  75
Initializing...
maxdom : 10
D->valSize : 327
Solving...
Blb : 2 (clique : 21)
currentSize : 21 <-- 0.004025 s
currentSize : 22 <-- 0.007841 s
currentSize : 23 <-- 0.073825 s
currentSize : 24 <-- 0.220885 s
currentSize : 25 <-- 10.424652 s
currentSize : 26 <-- 15.220918 s

maxsize : 26
nodes : 795729095.000000
filtered : 9824635765.000000
time : 3092.923584
