Parameters: GAD=1 vflib=1 dir=0 label=1 lowerbound=1 fileNameGp=../graphsdb/mcs30/m3D/m3Dr4/mcs30_m3Dr4_s80.A30 fileNameGt=../graphsdb/mcs30/m3D/m3Dr4/mcs30_m3Dr4_s80.B30
Reading graphs...
80 :  211
80 :  211
Initializing...
maxdom : 9
D->valSize : 424
Solving...
Blb : 2 (clique : 26)
currentSize : 26 <-- 0.007559 s
currentSize : 27 <-- 2.272430 s
currentSize : 28 <-- 14.955000 s
currentSize : 29 <-- 16.706263 s
currentSize : 30 <-- 177.459457 s
currentSize : 31 <-- 414.820007 s
currentSize : 32 <-- 724.496826 s

TIMEOUT
maxsize : 32
nodes : 634679006.000000
filtered : 6614887803.000000
time : 3600.000000
