Parameters: GAD=1 vflib=1 dir=0 label=1 lowerbound=1 fileNameGp=../graphsdb/mcs30/rand/r005/mcs30_r005_s40.A52 fileNameGt=../graphsdb/mcs30/rand/r005/mcs30_r005_s40.B52
Reading graphs...
40 :  79
40 :  83
Initializing...
maxdom : 8
D->valSize : 205
Solving...
Blb : 5 (clique : 13)
currentSize : 13 <-- 0.001230 s
currentSize : 14 <-- 0.001333 s
currentSize : 15 <-- 0.003275 s
currentSize : 16 <-- 0.016674 s
currentSize : 17 <-- 0.111444 s

maxsize : 17
nodes : 3231767.000000
filtered : 27673424.000000
time : 10.198169
