Parameters: GAD=1 vflib=1 dir=0 label=1 lowerbound=1 fileNameGp=../graphsdb/mcs30/rand/r01/mcs30_r01_s50.A97 fileNameGt=../graphsdb/mcs30/rand/r01/mcs30_r01_s50.B97
Reading graphs...
50 :  235
50 :  234
Initializing...
maxdom : 10
D->valSize : 312
Solving...
Blb : 2 (clique : 10)
currentSize : 10 <-- 0.003339 s
currentSize : 11 <-- 0.003487 s
currentSize : 12 <-- 0.004006 s
currentSize : 14 <-- 0.004388 s
currentSize : 15 <-- 1.701890 s

maxsize : 15
nodes : 2399356.000000
filtered : 33058097.000000
time : 9.586166
