Parameters: GAD=1 vflib=1 dir=0 label=1 lowerbound=1 fileNameGp=../graphsdb/mcs30/bvg/b09m/mcs30_b09m_s80.A12 fileNameGt=../graphsdb/mcs30/bvg/b09m/mcs30_b09m_s80.B12
Reading graphs...
80 :  353
80 :  349
Initializing...
maxdom : 10
D->valSize : 437
Solving...
Blb : 2 (clique : 17)
currentSize : 17 <-- 0.004235 s
currentSize : 18 <-- 0.004798 s
currentSize : 19 <-- 0.005802 s
currentSize : 20 <-- 0.008366 s
currentSize : 21 <-- 0.338638 s
currentSize : 22 <-- 0.393255 s
currentSize : 23 <-- 2.670780 s
currentSize : 24 <-- 19.726032 s
currentSize : 25 <-- 43.859753 s
currentSize : 26 <-- 193.896164 s
currentSize : 27 <-- 370.949005 s
currentSize : 28 <-- 1059.134155 s
currentSize : 29 <-- 1490.017456 s

maxsize : 29
nodes : 263611742.000000
filtered : 3486725483.000000
time : 1581.749023
