Parameters: GAD=1 vflib=1 dir=0 label=1 lowerbound=1 fileNameGp=../graphsdb/mcs30/m2D/m2D/mcs30_m2D_s60.A60 fileNameGt=../graphsdb/mcs30/m2D/m2D/mcs30_m2D_s60.B60
Reading graphs...
60 :  104
60 :  104
Initializing...
maxdom : 7
D->valSize : 245
Solving...
Blb : 5 (clique : 19)
currentSize : 19 <-- 0.001904 s
currentSize : 20 <-- 0.003735 s
currentSize : 21 <-- 0.557465 s
currentSize : 22 <-- 23.509153 s
currentSize : 23 <-- 290.397278 s
currentSize : 24 <-- 728.283752 s
currentSize : 25 <-- 800.751770 s

maxsize : 25
nodes : 301563955.000000
filtered : 2152772033.000000
time : 1095.497192
