Parameters: GAD=1 vflib=1 dir=0 label=1 lowerbound=1 fileNameGp=../graphsdb/mcs30/bvg/b03m/mcs30_b03m_s60.A45 fileNameGt=../graphsdb/mcs30/bvg/b03m/mcs30_b03m_s60.B45
Reading graphs...
60 :  90
60 :  89
Initializing...
maxdom : 6
D->valSize : 227
Solving...
Blb : 3 (clique : 23)
currentSize : 23 <-- 0.001918 s
currentSize : 24 <-- 0.002072 s
currentSize : 25 <-- 0.002543 s
currentSize : 26 <-- 0.002689 s
currentSize : 27 <-- 0.172481 s
currentSize : 28 <-- 229.049286 s
currentSize : 29 <-- 404.606201 s

maxsize : 29
nodes : 109894166.000000
filtered : 786569154.000000
time : 447.989319
