Parameters: GAD=1 vflib=1 dir=0 label=1 lowerbound=1 fileNameGp=../graphsdb/mcs30/rand/r005/mcs30_r005_s30.A66 fileNameGt=../graphsdb/mcs30/rand/r005/mcs30_r005_s30.B66
Reading graphs...
30 :  46
30 :  48
Initializing...
maxdom : 6
D->valSize : 133
Solving...
Blb : 2 (clique : 11)
currentSize : 11 <-- 0.000682 s
currentSize : 12 <-- 0.000745 s
currentSize : 13 <-- 0.000784 s
currentSize : 14 <-- 0.014795 s
currentSize : 15 <-- 0.014989 s

maxsize : 15
nodes : 29369.000000
filtered : 195955.000000
time : 0.073998
