Parameters: GAD=1 vflib=1 dir=0 label=1 lowerbound=1 fileNameGp=../graphsdb/mcs30/m4D/m4Dr6/mcs30_m4Dr6_s80.A04 fileNameGt=../graphsdb/mcs30/m4D/m4Dr6/mcs30_m4Dr6_s80.B04
Reading graphs...
80 :  177
80 :  177
Initializing...
maxdom : 9
D->valSize : 420
Solving...
Blb : 2 (clique : 26)
currentSize : 26 <-- 0.007612 s
currentSize : 27 <-- 0.031722 s
currentSize : 28 <-- 0.039839 s
currentSize : 29 <-- 5.606729 s
currentSize : 30 <-- 65.891762 s
currentSize : 31 <-- 2020.663208 s

TIMEOUT
maxsize : 31
nodes : 744082358.000000
filtered : 5649837457.000000
time : 3600.000000
