Parameters: GAD=1 vflib=1 dir=0 label=1 lowerbound=1 fileNameGp=../graphsdb/mcs30/m2D/m2Dr4/mcs30_m2Dr4_s60.A62 fileNameGt=../graphsdb/mcs30/m2D/m2Dr4/mcs30_m2Dr4_s60.B62
Reading graphs...
60 :  125
60 :  127
Initializing...
maxdom : 8
D->valSize : 264
Solving...
Blb : 2 (clique : 20)
currentSize : 20 <-- 0.002026 s
currentSize : 21 <-- 0.002153 s
currentSize : 22 <-- 0.014536 s
currentSize : 23 <-- 0.017621 s
currentSize : 24 <-- 12.595228 s
currentSize : 25 <-- 190.114883 s
currentSize : 26 <-- 521.926514 s

maxsize : 26
nodes : 155549904.000000
filtered : 1508889156.000000
time : 649.796753
