Parameters: GAD=1 vflib=1 dir=0 label=1 lowerbound=1 fileNameGp=../graphsdb/mcs30/bvg/b09/mcs30_b09_s50.A48 fileNameGt=../graphsdb/mcs30/bvg/b09/mcs30_b09_s50.B48
Reading graphs...
50 :  216
50 :  222
Initializing...
maxdom : 8
D->valSize : 317
Solving...
Blb : 2 (clique : 12)
currentSize : 12 <-- 0.003484 s
currentSize : 13 <-- 0.014225 s
currentSize : 14 <-- 0.094941 s
currentSize : 15 <-- 0.094984 s
currentSize : 16 <-- 0.141047 s
currentSize : 17 <-- 0.201827 s

maxsize : 17
nodes : 3500449.000000
filtered : 59659475.000000
time : 15.365240
