Parameters: GAD=1 vflib=1 dir=0 label=1 lowerbound=1 fileNameGp=../graphsdb/mcs30/m2D/m2Dr4/mcs30_m2Dr4_s60.A27 fileNameGt=../graphsdb/mcs30/m2D/m2Dr4/mcs30_m2Dr4_s60.B27
Reading graphs...
60 :  126
60 :  126
Initializing...
maxdom : 8
D->valSize : 225
Solving...
Blb : 5 (clique : 20)
currentSize : 20 <-- 0.001761 s
currentSize : 21 <-- 0.010784 s
currentSize : 22 <-- 0.069422 s
currentSize : 23 <-- 0.252178 s
currentSize : 24 <-- 9.553102 s

maxsize : 24
nodes : 37993224.000000
filtered : 257874641.000000
time : 141.295502
