Parameters: GAD=1 vflib=1 dir=0 label=1 lowerbound=1 fileNameGp=../graphsdb/mcs30/bvg/b09m/mcs30_b09m_s70.A03 fileNameGt=../graphsdb/mcs30/bvg/b09m/mcs30_b09m_s70.B03
Reading graphs...
70 :  303
70 :  302
Initializing...
maxdom : 8
D->valSize : 318
Solving...
Blb : 3 (clique : 16)
currentSize : 16 <-- 0.004377 s
currentSize : 17 <-- 0.004597 s
currentSize : 18 <-- 0.206177 s
currentSize : 19 <-- 1.278010 s
currentSize : 20 <-- 4.490511 s
currentSize : 21 <-- 15.620214 s
currentSize : 22 <-- 15.659494 s

maxsize : 22
nodes : 39677337.000000
filtered : 433892879.000000
time : 189.475632
