Parameters: GAD=1 vflib=1 dir=0 label=1 lowerbound=1 fileNameGp=../graphsdb/mcs30/m4D/m4D/mcs30_m4D_s70.A52 fileNameGt=../graphsdb/mcs30/m4D/m4D/mcs30_m4D_s70.B52
Reading graphs...
70 :  118
70 :  118
Initializing...
maxdom : 7
D->valSize : 316
Solving...
Blb : 5 (clique : 27)
currentSize : 27 <-- 0.002738 s
currentSize : 28 <-- 0.007464 s
currentSize : 29 <-- 4.046927 s
currentSize : 30 <-- 19.001797 s
currentSize : 31 <-- 52.559753 s
currentSize : 32 <-- 1155.351685 s
currentSize : 33 <-- 3562.970459 s

TIMEOUT
maxsize : 33
nodes : 766999650.000000
filtered : 6674925210.000000
time : 3600.000000
