Parameters: GAD=1 vflib=1 dir=0 label=1 lowerbound=1 fileNameGp=../graphsdb/mcs30/bvg/b06/mcs30_b06_s40.A36 fileNameGt=../graphsdb/mcs30/bvg/b06/mcs30_b06_s40.B36
Reading graphs...
40 :  117
40 :  119
Initializing...
maxdom : 8
D->valSize : 198
Solving...
Blb : 2 (clique : 11)
currentSize : 11 <-- 0.001711 s
currentSize : 12 <-- 0.001933 s
currentSize : 13 <-- 0.003286 s
currentSize : 14 <-- 0.013106 s
currentSize : 15 <-- 0.050943 s
currentSize : 16 <-- 0.146649 s

maxsize : 16
nodes : 53507.000000
filtered : 618346.000000
time : 0.219442
