Parameters: GAD=1 vflib=1 dir=0 label=1 lowerbound=1 fileNameGp=../graphsdb/mcs30/m3D/m3Dr2/mcs30_m3Dr2_s90.A02 fileNameGt=../graphsdb/mcs30/m3D/m3Dr2/mcs30_m3Dr2_s90.B02
Reading graphs...
90 :  225
90 :  224
Initializing...
maxdom : 12
D->valSize : 564
Solving...
Blb : 5 (clique : 28)
currentSize : 28 <-- 0.006733 s
currentSize : 29 <-- 0.006968 s
currentSize : 30 <-- 0.008878 s
currentSize : 31 <-- 0.021305 s
currentSize : 32 <-- 0.055937 s
currentSize : 33 <-- 0.547857 s
currentSize : 34 <-- 142.415222 s
currentSize : 35 <-- 2740.388672 s

TIMEOUT
maxsize : 35
nodes : 676803429.000000
filtered : 7038202753.000000
time : 3600.000000
