Parameters: GAD=1 vflib=1 dir=0 label=1 lowerbound=1 fileNameGp=../graphsdb/mcs30/bvg/b03/mcs30_b03_s100.A24 fileNameGt=../graphsdb/mcs30/bvg/b03/mcs30_b03_s100.B24
Reading graphs...
100 :  150
100 :  150
Initializing...
maxdom : 6
D->valSize : 345
Solving...
Blb : 2 (clique : 40)
currentSize : 40 <-- 0.003580 s
currentSize : 41 <-- 0.003882 s
currentSize : 42 <-- 0.351796 s
currentSize : 43 <-- 3.270168 s
currentSize : 44 <-- 12.225019 s
currentSize : 45 <-- 660.727600 s
currentSize : 46 <-- 2921.967773 s

TIMEOUT
maxsize : 46
nodes : 768021455.000000
filtered : 2522028802.000000
time : 3600.000000
