Parameters: GAD=1 vflib=1 dir=0 label=1 lowerbound=1 fileNameGp=../graphsdb/mcs30/rand/r02/mcs30_r02_s25.A58 fileNameGt=../graphsdb/mcs30/rand/r02/mcs30_r02_s25.B58
Reading graphs...
25 :  107
25 :  107
Initializing...
maxdom : 9
D->valSize : 165
Solving...
Blb : 5 (clique : 5)
currentSize : 5 <-- 0.000882 s
currentSize : 6 <-- 0.000919 s
currentSize : 7 <-- 0.000934 s
currentSize : 8 <-- 0.001395 s
currentSize : 9 <-- 0.006981 s

maxsize : 9
nodes : 4499.000000
filtered : 60595.000000
time : 0.014329
