Parameters: GAD=1 vflib=1 dir=0 label=1 lowerbound=1 fileNameGp=../graphsdb/mcs30/m4D/m4Dr2/mcs30_m4Dr2_s80.A57 fileNameGt=../graphsdb/mcs30/m4D/m4Dr2/mcs30_m4Dr2_s80.B57
Reading graphs...
80 :  146
80 :  146
Initializing...
maxdom : 7
D->valSize : 406
Solving...
Blb : 2 (clique : 26)
currentSize : 26 <-- 0.004126 s
currentSize : 28 <-- 0.004315 s
currentSize : 29 <-- 0.005391 s
currentSize : 30 <-- 0.009052 s
currentSize : 31 <-- 0.040773 s
currentSize : 32 <-- 0.041383 s
currentSize : 33 <-- 0.221830 s
currentSize : 34 <-- 0.376030 s
currentSize : 35 <-- 24.794249 s
currentSize : 36 <-- 591.187378 s

TIMEOUT
maxsize : 36
nodes : 848137710.000000
filtered : 5267454289.000000
time : 3600.000000
