Parameters: GAD=1 vflib=1 dir=0 label=1 lowerbound=1 fileNameGp=../graphsdb/mcs30/m3D/m3Dr2/mcs30_m3Dr2_s70.A12 fileNameGt=../graphsdb/mcs30/m3D/m3Dr2/mcs30_m3Dr2_s70.B12
Reading graphs...
70 :  169
70 :  173
Initializing...
maxdom : 8
D->valSize : 318
Solving...
Blb : 2 (clique : 26)
currentSize : 26 <-- 0.002934 s
currentSize : 27 <-- 0.003159 s
currentSize : 28 <-- 0.003408 s
currentSize : 29 <-- 0.003541 s
currentSize : 30 <-- 0.008037 s
currentSize : 31 <-- 0.033136 s
currentSize : 32 <-- 3.405372 s

maxsize : 32
nodes : 39739859.000000
filtered : 218516677.000000
time : 185.306183
