Parameters: GAD=1 vflib=1 dir=0 label=1 lowerbound=1 fileNameGp=../graphsdb/mcs30/bvg/b09/mcs30_b09_s90.A77 fileNameGt=../graphsdb/mcs30/bvg/b09/mcs30_b09_s90.B77
Reading graphs...
90 :  399
90 :  396
Initializing...
maxdom : 9
D->valSize : 549
Solving...
Blb : 2 (clique : 26)
currentSize : 26 <-- 0.009980 s
currentSize : 27 <-- 0.012676 s
currentSize : 28 <-- 0.013766 s
currentSize : 29 <-- 0.233420 s
currentSize : 30 <-- 3.778306 s
currentSize : 31 <-- 575.218689 s

TIMEOUT
maxsize : 31
nodes : 678135521.000000
filtered : 5333661387.000000
time : 3600.000000
