Parameters: GAD=1 vflib=1 dir=0 label=1 lowerbound=1 fileNameGp=../graphsdb/mcs30/m2D/m2Dr4/mcs30_m2Dr4_s50.A57 fileNameGt=../graphsdb/mcs30/m2D/m2Dr4/mcs30_m2Dr4_s50.B57
Reading graphs...
50 :  102
50 :  103
Initializing...
maxdom : 8
D->valSize : 329
Solving...
Blb : 2 (clique : 18)
currentSize : 18 <-- 0.002328 s
currentSize : 19 <-- 0.172526 s
currentSize : 20 <-- 0.252460 s
currentSize : 21 <-- 34.886528 s
currentSize : 22 <-- 186.996552 s
currentSize : 23 <-- 272.078186 s
currentSize : 24 <-- 279.879700 s

maxsize : 24
nodes : 157403626.000000
filtered : 1564200149.000000
time : 582.772644
