Parameters: GAD=1 vflib=1 dir=0 label=1 lowerbound=1 fileNameGp=../graphsdb/mcs30/m3D/m3Dr6/mcs30_m3Dr6_s80.A85 fileNameGt=../graphsdb/mcs30/m3D/m3Dr6/mcs30_m3Dr6_s80.B85
Reading graphs...
80 :  229
80 :  229
Initializing...
maxdom : 10
D->valSize : 416
Solving...
Blb : 2 (clique : 20)
currentSize : 20 <-- 0.004259 s
currentSize : 21 <-- 0.004432 s
currentSize : 22 <-- 0.004781 s
currentSize : 23 <-- 0.004884 s
currentSize : 24 <-- 0.048456 s
currentSize : 25 <-- 0.597594 s
currentSize : 26 <-- 0.850201 s
currentSize : 28 <-- 2.988543 s
currentSize : 29 <-- 2.988835 s
currentSize : 31 <-- 3.480832 s
currentSize : 32 <-- 2307.457275 s

TIMEOUT
maxsize : 32
nodes : 656724806.000000
filtered : 8039584832.000000
time : 3600.000000
