Parameters: GAD=1 vflib=1 dir=0 label=1 lowerbound=1 fileNameGp=../graphsdb/mcs30/m2D/m2Dr6/mcs30_m2Dr6_s50.A78 fileNameGt=../graphsdb/mcs30/m2D/m2Dr6/mcs30_m2Dr6_s50.B78
Reading graphs...
50 :  115
50 :  112
Initializing...
maxdom : 10
D->valSize : 308
Solving...
Blb : 2 (clique : 18)
currentSize : 18 <-- 0.002203 s
currentSize : 19 <-- 0.434055 s
currentSize : 20 <-- 0.651570 s
currentSize : 21 <-- 0.802432 s
currentSize : 22 <-- 6.466218 s
currentSize : 23 <-- 6.652127 s

maxsize : 23
nodes : 6954868.000000
filtered : 88097077.000000
time : 27.377125
