Parameters: GAD=1 vflib=1 dir=0 label=1 lowerbound=1 fileNameGp=../graphsdb/mcs30/m2D/m2Dr4/mcs30_m2Dr4_s70.A26 fileNameGt=../graphsdb/mcs30/m2D/m2Dr4/mcs30_m2Dr4_s70.B26
Reading graphs...
70 :  150
70 :  151
Initializing...
maxdom : 9
D->valSize : 301
Solving...
Blb : 3 (clique : 24)
currentSize : 24 <-- 0.002543 s
currentSize : 25 <-- 0.003722 s
currentSize : 26 <-- 0.008899 s
currentSize : 27 <-- 35.042171 s
currentSize : 28 <-- 43.393318 s
currentSize : 29 <-- 43.394730 s
currentSize : 30 <-- 60.216999 s
currentSize : 31 <-- 154.120209 s
currentSize : 32 <-- 693.812317 s

maxsize : 32
nodes : 189631726.000000
filtered : 1150691649.000000
time : 819.748535
