Parameters: GAD=1 vflib=1 dir=0 label=1 lowerbound=1 fileNameGp=../graphsdb/mcs30/m4D/m4D/mcs30_m4D_s80.A42 fileNameGt=../graphsdb/mcs30/m4D/m4D/mcs30_m4D_s80.B42
Reading graphs...
80 :  130
80 :  130
Initializing...
maxdom : 10
D->valSize : 443
Solving...
Blb : 2 (clique : 31)
currentSize : 31 <-- 0.007405 s
currentSize : 32 <-- 0.009301 s
currentSize : 33 <-- 0.023726 s
currentSize : 34 <-- 0.026137 s
currentSize : 35 <-- 0.037955 s
currentSize : 36 <-- 609.991150 s

TIMEOUT
maxsize : 36
nodes : 896901914.000000
filtered : 5547065945.000000
time : 3600.000000
