Parameters: GAD=1 vflib=1 dir=0 label=1 lowerbound=1 fileNameGp=../graphsdb/mcs30/bvg/b09m/mcs30_b09m_s60.A92 fileNameGt=../graphsdb/mcs30/bvg/b09m/mcs30_b09m_s60.B92
Reading graphs...
60 :  265
60 :  262
Initializing...
maxdom : 7
D->valSize : 230
Solving...
Blb : 2 (clique : 13)
currentSize : 13 <-- 0.002504 s
currentSize : 15 <-- 0.003145 s
currentSize : 16 <-- 0.004882 s
currentSize : 17 <-- 0.004928 s
currentSize : 18 <-- 0.005419 s
currentSize : 19 <-- 0.012162 s
currentSize : 20 <-- 0.107511 s
currentSize : 21 <-- 0.198547 s
currentSize : 22 <-- 0.828152 s

maxsize : 22
nodes : 643096.000000
filtered : 4687394.000000
time : 2.860415
