Parameters: GAD=1 vflib=1 dir=0 label=1 lowerbound=1 fileNameGp=../graphsdb/mcs30/rand/r005/mcs30_r005_s70.A27 fileNameGt=../graphsdb/mcs30/rand/r005/mcs30_r005_s70.B27
Reading graphs...
70 :  236
70 :  235
Initializing...
maxdom : 6
D->valSize : 318
Solving...
Blb : 2 (clique : 19)
currentSize : 19 <-- 0.004069 s
currentSize : 20 <-- 0.004898 s
currentSize : 21 <-- 0.011539 s
currentSize : 22 <-- 0.016201 s
currentSize : 23 <-- 0.386125 s
currentSize : 24 <-- 69.171982 s
currentSize : 25 <-- 114.891052 s
currentSize : 26 <-- 187.200546 s

maxsize : 26
nodes : 315946897.000000
filtered : 3253507027.000000
time : 1590.522705
