Parameters: GAD=1 vflib=1 dir=0 label=1 lowerbound=1 fileNameGp=../graphsdb/mcs30/m4D/m4Dr6/mcs30_m4Dr6_s80.A91 fileNameGt=../graphsdb/mcs30/m4D/m4Dr6/mcs30_m4Dr6_s80.B91
Reading graphs...
80 :  177
80 :  177
Initializing...
maxdom : 9
D->valSize : 423
Solving...
Blb : 2 (clique : 28)
currentSize : 28 <-- 0.004204 s
currentSize : 29 <-- 0.027530 s
currentSize : 30 <-- 0.090463 s
currentSize : 31 <-- 3.668802 s
currentSize : 32 <-- 4.344428 s
currentSize : 33 <-- 551.419250 s
currentSize : 34 <-- 563.106567 s

TIMEOUT
maxsize : 34
nodes : 762501906.000000
filtered : 5510853913.000000
time : 3600.000000
