Parameters: GAD=1 vflib=1 dir=0 label=1 lowerbound=1 fileNameGp=../graphsdb/mcs30/rand/r01/mcs30_r01_s40.A17 fileNameGt=../graphsdb/mcs30/rand/r01/mcs30_r01_s40.B17
Reading graphs...
40 :  148
40 :  149
Initializing...
maxdom : 8
D->valSize : 209
Solving...
Blb : 2 (clique : 10)
currentSize : 10 <-- 0.001783 s
currentSize : 11 <-- 0.002193 s
currentSize : 12 <-- 0.005503 s
currentSize : 13 <-- 0.105536 s
currentSize : 14 <-- 0.105631 s
currentSize : 15 <-- 0.206294 s

maxsize : 15
nodes : 58057.000000
filtered : 660937.000000
time : 0.309804
