Parameters: GAD=1 vflib=1 dir=0 label=1 lowerbound=1 fileNameGp=../graphsdb/mcs30/bvg/b03m/mcs30_b03m_s30.A08 fileNameGt=../graphsdb/mcs30/bvg/b03m/mcs30_b03m_s30.B08
Reading graphs...
30 :  45
30 :  45
Initializing...
maxdom : 6
D->valSize : 111
Solving...
Blb : 2 (clique : 11)
currentSize : 11 <-- 0.000687 s
currentSize : 12 <-- 0.000770 s
currentSize : 13 <-- 0.000969 s
currentSize : 14 <-- 0.001879 s
currentSize : 15 <-- 0.039907 s

maxsize : 15
nodes : 13478.000000
filtered : 84521.000000
time : 0.045063
