Parameters: GAD=1 vflib=1 dir=0 label=1 lowerbound=1 fileNameGp=../graphsdb/mcs30/m2D/m2D/mcs30_m2D_s60.A36 fileNameGt=../graphsdb/mcs30/m2D/m2D/mcs30_m2D_s60.B36
Reading graphs...
60 :  104
60 :  103
Initializing...
maxdom : 7
D->valSize : 251
Solving...
Blb : 2 (clique : 22)
currentSize : 22 <-- 0.001972 s
currentSize : 23 <-- 0.002147 s
currentSize : 24 <-- 0.002268 s
currentSize : 25 <-- 0.002717 s
currentSize : 26 <-- 368.352020 s

maxsize : 26
nodes : 546082090.000000
filtered : 3961726205.000000
time : 2270.432373
