Parameters: GAD=1 vflib=1 dir=0 label=1 lowerbound=1 fileNameGp=../graphsdb/mcs30/m3D/m3Dr2/mcs30_m3Dr2_s100.A39 fileNameGt=../graphsdb/mcs30/m3D/m3Dr2/mcs30_m3Dr2_s100.B39
Reading graphs...
100 :  252
100 :  253
Initializing...
maxdom : 8
D->valSize : 346
Solving...
Blb : 2 (clique : 28)
currentSize : 28 <-- 0.003334 s
currentSize : 29 <-- 0.031348 s
currentSize : 30 <-- 4.168243 s
currentSize : 31 <-- 4.169133 s
currentSize : 32 <-- 22.665808 s
currentSize : 33 <-- 25.851372 s
currentSize : 34 <-- 136.328125 s
currentSize : 35 <-- 2284.905273 s

TIMEOUT
maxsize : 35
nodes : 664088301.000000
filtered : 4342317481.000000
time : 3600.000000
