Parameters: GAD=1 vflib=1 dir=0 label=1 lowerbound=1 fileNameGp=../graphsdb/mcs30/bvg/b03/mcs30_b03_s90.A65 fileNameGt=../graphsdb/mcs30/bvg/b03/mcs30_b03_s90.B65
Reading graphs...
90 :  134
90 :  134
Initializing...
maxdom : 9
D->valSize : 532
Solving...
Blb : 2 (clique : 35)
currentSize : 35 <-- 0.006543 s
currentSize : 36 <-- 45.168732 s
currentSize : 37 <-- 87.184242 s
currentSize : 38 <-- 108.415421 s
currentSize : 39 <-- 1247.694824 s
currentSize : 40 <-- 2934.578857 s

TIMEOUT
maxsize : 40
nodes : 816640867.000000
filtered : 5877005308.000000
time : 3600.000000
