Parameters: GAD=1 vflib=1 dir=0 label=1 lowerbound=1 fileNameGp=../graphsdb/mcs30/m3D/m3Dr6/mcs30_m3Dr6_s80.A63 fileNameGt=../graphsdb/mcs30/m3D/m3Dr6/mcs30_m3Dr6_s80.B63
Reading graphs...
80 :  230
80 :  226
Initializing...
maxdom : 10
D->valSize : 412
Solving...
Blb : 3 (clique : 28)
currentSize : 28 <-- 0.004136 s
currentSize : 29 <-- 0.006516 s
currentSize : 30 <-- 0.095449 s
currentSize : 31 <-- 6.312089 s
currentSize : 32 <-- 10.315658 s
currentSize : 33 <-- 10.316423 s
currentSize : 34 <-- 10.831800 s

TIMEOUT
maxsize : 34
nodes : 675318355.000000
filtered : 6245879851.000000
time : 3600.000000
