Parameters: GAD=1 vflib=1 dir=0 label=1 lowerbound=1 fileNameGp=../graphsdb/mcs30/rand/r02/mcs30_r02_s50.A56 fileNameGt=../graphsdb/mcs30/rand/r02/mcs30_r02_s50.B56
Reading graphs...
50 :  445
50 :  433
Initializing...
maxdom : 12
D->valSize : 307
Solving...
Blb : 2 (clique : 8)
currentSize : 8 <-- 0.002101 s
currentSize : 9 <-- 0.002998 s
currentSize : 10 <-- 0.043239 s
currentSize : 12 <-- 0.081673 s
currentSize : 14 <-- 0.081744 s

maxsize : 14
nodes : 31578.000000
filtered : 514082.000000
time : 0.136615
