Parameters: GAD=1 vflib=1 dir=0 label=1 lowerbound=1 fileNameGp=../graphsdb/mcs30/m4D/m4D/mcs30_m4D_s50.A24 fileNameGt=../graphsdb/mcs30/m4D/m4D/mcs30_m4D_s50.B24
Reading graphs...
50 :  87
50 :  87
Initializing...
maxdom : 11
D->valSize : 356
Solving...
Blb : 5 (clique : 20)
currentSize : 20 <-- 0.002788 s
currentSize : 21 <-- 7.205644 s
currentSize : 22 <-- 43.173157 s
currentSize : 23 <-- 94.586113 s
currentSize : 24 <-- 127.702225 s
currentSize : 25 <-- 287.689636 s

maxsize : 25
nodes : 460967277.000000
filtered : 5767675137.000000
time : 1785.980469
