Parameters: GAD=1 vflib=1 dir=0 label=1 lowerbound=1 fileNameGp=../graphsdb/mcs30/rand/r01/mcs30_r01_s60.A20 fileNameGt=../graphsdb/mcs30/rand/r01/mcs30_r01_s60.B20
Reading graphs...
60 :  333
60 :  328
Initializing...
maxdom : 7
D->valSize : 228
Solving...
Blb : 2 (clique : 12)
currentSize : 12 <-- 0.001638 s
currentSize : 13 <-- 0.002561 s
currentSize : 14 <-- 0.027651 s
currentSize : 15 <-- 0.343611 s
currentSize : 16 <-- 0.412497 s
currentSize : 18 <-- 0.412655 s

maxsize : 18
nodes : 316188.000000
filtered : 3507628.000000
time : 1.387820
