Parameters: GAD=1 vflib=1 dir=0 label=1 lowerbound=1 fileNameGp=../graphsdb/mcs30/bvg/b03m/mcs30_b03m_s100.A91 fileNameGt=../graphsdb/mcs30/bvg/b03m/mcs30_b03m_s100.B91
Reading graphs...
100 :  149
100 :  149
Initializing...
maxdom : 9
D->valSize : 367
Solving...
Blb : 2 (clique : 39)
currentSize : 39 <-- 0.006468 s
currentSize : 40 <-- 0.006955 s
currentSize : 41 <-- 0.007158 s
currentSize : 42 <-- 0.030146 s
currentSize : 43 <-- 0.033889 s
currentSize : 44 <-- 0.248947 s
currentSize : 45 <-- 0.258326 s
currentSize : 46 <-- 24.337669 s

TIMEOUT
maxsize : 46
nodes : 691669215.000000
filtered : 3620199488.000000
time : 3600.000000
