Parameters: GAD=1 vflib=1 dir=0 label=1 lowerbound=1 fileNameGp=../graphsdb/mcs30/bvg/b06/mcs30_b06_s100.A36 fileNameGt=../graphsdb/mcs30/bvg/b06/mcs30_b06_s100.B36
Reading graphs...
100 :  298
100 :  295
Initializing...
maxdom : 8
D->valSize : 290
Solving...
Blb : 2 (clique : 24)
currentSize : 24 <-- 0.002804 s
currentSize : 25 <-- 0.003127 s
currentSize : 26 <-- 0.006063 s
currentSize : 27 <-- 0.011194 s
currentSize : 28 <-- 0.020269 s
currentSize : 29 <-- 28.216455 s
currentSize : 30 <-- 93.188751 s
currentSize : 32 <-- 221.883087 s
currentSize : 33 <-- 221.893921 s
currentSize : 34 <-- 221.946777 s
currentSize : 35 <-- 221.949982 s
currentSize : 36 <-- 221.973526 s
currentSize : 37 <-- 587.321716 s
currentSize : 38 <-- 587.523682 s
currentSize : 39 <-- 1423.903320 s
currentSize : 40 <-- 1424.191772 s

maxsize : 40
nodes : 498014831.000000
filtered : 1867695453.000000
time : 2351.476807
