Parameters: GAD=1 vflib=1 dir=0 label=1 lowerbound=1 fileNameGp=../graphsdb/mcs30/bvg/b03m/mcs30_b03m_s35.A22 fileNameGt=../graphsdb/mcs30/bvg/b03m/mcs30_b03m_s35.B22
Reading graphs...
35 :  52
35 :  51
Initializing...
maxdom : 7
D->valSize : 164
Solving...
Blb : 2 (clique : 13)
currentSize : 13 <-- 0.000911 s
currentSize : 14 <-- 0.000973 s
currentSize : 16 <-- 0.001031 s
currentSize : 17 <-- 0.001344 s
currentSize : 18 <-- 0.006921 s
currentSize : 19 <-- 0.066371 s

maxsize : 19
nodes : 62352.000000
filtered : 528389.000000
time : 0.201669
