Parameters: GAD=1 vflib=1 dir=0 label=1 lowerbound=1 fileNameGp=../graphsdb/mcs30/bvg/b09m/mcs30_b09m_s80.A64 fileNameGt=../graphsdb/mcs30/bvg/b09m/mcs30_b09m_s80.B64
Reading graphs...
80 :  347
80 :  347
Initializing...
maxdom : 9
D->valSize : 442
Solving...
Blb : 2 (clique : 22)
currentSize : 22 <-- 0.007742 s
currentSize : 23 <-- 0.008218 s
currentSize : 24 <-- 0.008547 s
currentSize : 25 <-- 0.029934 s
currentSize : 26 <-- 0.246465 s
currentSize : 27 <-- 1654.709106 s

TIMEOUT
maxsize : 27
nodes : 641271991.000000
filtered : 9179594254.000000
time : 3600.000000
