Parameters: GAD=1 vflib=1 dir=0 label=1 lowerbound=1 fileNameGp=../graphsdb/mcs30/bvg/b03m/mcs30_b03m_s100.A80 fileNameGt=../graphsdb/mcs30/bvg/b03m/mcs30_b03m_s100.B80
Reading graphs...
100 :  150
100 :  150
Initializing...
maxdom : 7
D->valSize : 327
Solving...
Blb : 2 (clique : 39)
currentSize : 39 <-- 0.003369 s
currentSize : 40 <-- 0.003643 s
currentSize : 41 <-- 0.008404 s
currentSize : 42 <-- 0.050875 s
currentSize : 43 <-- 4.075071 s
currentSize : 44 <-- 531.277039 s

TIMEOUT
maxsize : 44
nodes : 801287181.000000
filtered : 3500847409.000000
time : 3600.000000
