Parameters: GAD=1 vflib=1 dir=0 label=1 lowerbound=1 fileNameGp=../graphsdb/mcs30/bvg/b03m/mcs30_b03m_s70.A29 fileNameGt=../graphsdb/mcs30/bvg/b03m/mcs30_b03m_s70.B29
Reading graphs...
70 :  102
70 :  103
Initializing...
maxdom : 7
D->valSize : 322
Solving...
Blb : 2 (clique : 33)
currentSize : 33 <-- 0.002772 s
currentSize : 34 <-- 0.004768 s
currentSize : 35 <-- 0.063535 s
currentSize : 36 <-- 45.696823 s
currentSize : 37 <-- 45.698765 s

maxsize : 37
nodes : 166888495.000000
filtered : 1403338252.000000
time : 809.472534
