Parameters: GAD=1 vflib=1 dir=0 label=1 lowerbound=1 fileNameGp=../graphsdb/mcs30/rand/r01/mcs30_r01_s70.A73 fileNameGt=../graphsdb/mcs30/rand/r01/mcs30_r01_s70.B73
Reading graphs...
70 :  460
70 :  466
Initializing...
maxdom : 9
D->valSize : 353
Solving...
Blb : 5 (clique : 13)
currentSize : 13 <-- 0.002872 s
currentSize : 14 <-- 0.014432 s
currentSize : 15 <-- 0.127307 s
currentSize : 16 <-- 0.544603 s
currentSize : 17 <-- 0.732907 s
currentSize : 18 <-- 1.086758 s
currentSize : 19 <-- 1.874511 s
currentSize : 21 <-- 1.874881 s

maxsize : 21
nodes : 1040081.000000
filtered : 14223841.000000
time : 5.661533
