Parameters: GAD=1 vflib=1 dir=0 label=1 lowerbound=1 fileNameGp=../graphsdb/mcs30/m3D/m3Dr4/mcs30_m3Dr4_s100.A81 fileNameGt=../graphsdb/mcs30/m3D/m3Dr4/mcs30_m3Dr4_s100.B81
Reading graphs...
100 :  271
100 :  273
Initializing...
maxdom : 8
D->valSize : 331
Solving...
Blb : 5 (clique : 30)
currentSize : 30 <-- 0.003337 s
currentSize : 31 <-- 0.010353 s
currentSize : 32 <-- 0.148961 s
currentSize : 33 <-- 0.360565 s
currentSize : 34 <-- 2.105887 s
currentSize : 35 <-- 1192.041016 s
currentSize : 36 <-- 3474.923096 s

TIMEOUT
maxsize : 36
nodes : 711768680.000000
filtered : 3282068256.000000
time : 3600.000000
