Parameters: GAD=1 vflib=1 dir=0 label=1 lowerbound=1 fileNameGp=../graphsdb/mcs30/m3D/m3D/mcs30_m3D_s80.A05 fileNameGt=../graphsdb/mcs30/m3D/m3D/mcs30_m3D_s80.B05
Reading graphs...
80 :  183
80 :  182
Initializing...
maxdom : 9
D->valSize : 448
Solving...
Blb : 2 (clique : 28)
currentSize : 28 <-- 0.004511 s
currentSize : 29 <-- 0.004856 s
currentSize : 30 <-- 0.012078 s
currentSize : 31 <-- 0.016070 s
currentSize : 32 <-- 0.825733 s
currentSize : 33 <-- 36.770634 s
currentSize : 34 <-- 51.917221 s

TIMEOUT
maxsize : 34
nodes : 706069877.000000
filtered : 6569041128.000000
time : 3600.000000
