Parameters: GAD=1 vflib=1 dir=0 label=1 lowerbound=1 fileNameGp=../graphsdb/mcs30/rand/r005/mcs30_r005_s100.A73 fileNameGt=../graphsdb/mcs30/rand/r005/mcs30_r005_s100.B73
Reading graphs...
100 :  482
100 :  487
Initializing...
maxdom : 6
D->valSize : 336
Solving...
Blb : 2 (clique : 19)
currentSize : 19 <-- 0.003354 s
currentSize : 20 <-- 0.004801 s
currentSize : 21 <-- 0.008113 s
currentSize : 22 <-- 0.039467 s
currentSize : 23 <-- 12.339566 s
currentSize : 24 <-- 18.418020 s
currentSize : 25 <-- 47.868465 s
currentSize : 26 <-- 112.918091 s
currentSize : 27 <-- 743.616577 s
currentSize : 28 <-- 879.803162 s
currentSize : 29 <-- 883.247559 s
currentSize : 30 <-- 1832.130005 s
currentSize : 31 <-- 1832.189453 s

TIMEOUT
maxsize : 31
nodes : 644500955.000000
filtered : 4168469523.000000
time : 3600.000000
