Parameters: GAD=1 vflib=1 dir=0 label=1 lowerbound=1 fileNameGp=../graphsdb/mcs30/bvg/b06/mcs30_b06_s90.A37 fileNameGt=../graphsdb/mcs30/bvg/b06/mcs30_b06_s90.B37
Reading graphs...
90 :  262
90 :  267
Initializing...
maxdom : 9
D->valSize : 533
Solving...
Blb : 2 (clique : 26)
currentSize : 26 <-- 0.006106 s
currentSize : 27 <-- 0.035707 s
currentSize : 28 <-- 0.469866 s
currentSize : 29 <-- 3.611707 s
currentSize : 30 <-- 3.680045 s
currentSize : 31 <-- 82.082031 s
currentSize : 32 <-- 2744.249512 s

TIMEOUT
maxsize : 32
nodes : 701821831.000000
filtered : 6336132552.000000
time : 3600.000000
