Parameters: GAD=1 vflib=1 dir=0 label=1 lowerbound=1 fileNameGp=../graphsdb/mcs30/m2D/m2D/mcs30_m2D_s50.A61 fileNameGt=../graphsdb/mcs30/m2D/m2D/mcs30_m2D_s50.B61
Reading graphs...
50 :  85
50 :  84
Initializing...
maxdom : 12
D->valSize : 345
Solving...
Blb : 2 (clique : 17)
currentSize : 17 <-- 0.004330 s
currentSize : 20 <-- 0.004496 s
currentSize : 21 <-- 0.067631 s
currentSize : 22 <-- 34.848473 s
currentSize : 23 <-- 40.942951 s
currentSize : 24 <-- 74.154091 s
currentSize : 25 <-- 112.056671 s

maxsize : 25
nodes : 36717550.000000
filtered : 653621903.000000
time : 182.715897
