Parameters: GAD=1 vflib=1 dir=0 label=1 lowerbound=1 fileNameGp=../graphsdb/mcs30/m2D/m2Dr4/mcs30_m2Dr4_s60.A24 fileNameGt=../graphsdb/mcs30/m2D/m2Dr4/mcs30_m2Dr4_s60.B24
Reading graphs...
60 :  127
60 :  127
Initializing...
maxdom : 7
D->valSize : 229
Solving...
Blb : 2 (clique : 20)
currentSize : 20 <-- 0.001609 s
currentSize : 21 <-- 0.001766 s
currentSize : 22 <-- 0.001809 s
currentSize : 23 <-- 0.002158 s
currentSize : 24 <-- 3.035171 s
currentSize : 25 <-- 76.738464 s

maxsize : 25
nodes : 26094456.000000
filtered : 207831601.000000
time : 111.247971
