Parameters: GAD=1 vflib=1 dir=0 label=1 lowerbound=1 fileNameGp=../graphsdb/mcs30/m4D/m4Dr6/mcs30_m4Dr6_s70.A71 fileNameGt=../graphsdb/mcs30/m4D/m4Dr6/mcs30_m4Dr6_s70.B71
Reading graphs...
70 :  156
70 :  156
Initializing...
maxdom : 7
D->valSize : 319
Solving...
Blb : 2 (clique : 26)
currentSize : 26 <-- 0.002887 s
currentSize : 27 <-- 0.016802 s
currentSize : 28 <-- 4.894965 s
currentSize : 29 <-- 22.185944 s
currentSize : 30 <-- 131.353119 s
currentSize : 31 <-- 136.308746 s

TIMEOUT
maxsize : 31
nodes : 808409556.000000
filtered : 6278297683.000000
time : 3600.000000
