Parameters: GAD=1 vflib=1 dir=0 label=1 lowerbound=1 fileNameGp=../graphsdb/mcs30/bvg/b03m/mcs30_b03m_s25.A23 fileNameGt=../graphsdb/mcs30/bvg/b03m/mcs30_b03m_s25.B23
Reading graphs...
25 :  37
25 :  36
Initializing...
maxdom : 7
D->valSize : 161
Solving...
Blb : 2 (clique : 10)
currentSize : 10 <-- 0.000755 s
currentSize : 11 <-- 0.007530 s
currentSize : 12 <-- 0.011339 s
currentSize : 13 <-- 0.100714 s
currentSize : 14 <-- 0.150133 s

maxsize : 14
nodes : 68716.000000
filtered : 472779.000000
time : 0.151533
