Parameters: GAD=1 vflib=1 dir=0 label=1 lowerbound=1 fileNameGp=../graphsdb/mcs30/bvg/b06/mcs30_b06_s50.A10 fileNameGt=../graphsdb/mcs30/bvg/b06/mcs30_b06_s50.B10
Reading graphs...
50 :  147
50 :  149
Initializing...
maxdom : 11
D->valSize : 339
Solving...
Blb : 2 (clique : 15)
currentSize : 15 <-- 0.004006 s
currentSize : 16 <-- 0.007493 s
currentSize : 17 <-- 0.011798 s
currentSize : 18 <-- 0.063256 s
currentSize : 19 <-- 2.089853 s
currentSize : 20 <-- 71.043472 s

maxsize : 20
nodes : 86097472.000000
filtered : 1100013936.000000
time : 366.252380
