Parameters: GAD=1 vflib=1 dir=0 label=1 lowerbound=1 fileNameGp=../graphsdb/mcs30/m2D/m2Dr6/mcs30_m2Dr6_s100.A48 fileNameGt=../graphsdb/mcs30/m2D/m2Dr6/mcs30_m2Dr6_s100.B48
Reading graphs...
100 :  234
100 :  235
Initializing...
maxdom : 8
D->valSize : 311
Solving...
Blb : 2 (clique : 31)
currentSize : 31 <-- 0.005197 s
currentSize : 32 <-- 5.769102 s
currentSize : 33 <-- 10.024650 s
currentSize : 34 <-- 10.282059 s
currentSize : 35 <-- 10.336411 s
currentSize : 36 <-- 48.195885 s
currentSize : 37 <-- 83.110481 s
currentSize : 38 <-- 3156.468506 s

TIMEOUT
maxsize : 38
nodes : 704938096.000000
filtered : 3334426554.000000
time : 3600.000000
