Parameters: GAD=1 vflib=1 dir=0 label=1 lowerbound=1 fileNameGp=../graphsdb/mcs30/bvg/b06m/mcs30_b06m_s80.A50 fileNameGt=../graphsdb/mcs30/bvg/b06m/mcs30_b06m_s80.B50
Reading graphs...
80 :  236
80 :  232
Initializing...
maxdom : 9
D->valSize : 414
Solving...
Blb : 2 (clique : 21)
currentSize : 21 <-- 0.003940 s
currentSize : 22 <-- 0.004344 s
currentSize : 23 <-- 0.406356 s
currentSize : 24 <-- 0.407920 s
currentSize : 25 <-- 1.631652 s
currentSize : 26 <-- 1.632139 s
currentSize : 27 <-- 2.001928 s
currentSize : 28 <-- 438.288513 s

TIMEOUT
maxsize : 28
nodes : 829811816.000000
filtered : 5408099693.000000
time : 3600.000000
