Parameters: GAD=1 vflib=1 dir=0 label=1 lowerbound=1 fileNameGp=../graphsdb/mcs30/m3D/m3D/mcs30_m3D_s90.A32 fileNameGt=../graphsdb/mcs30/m3D/m3D/mcs30_m3D_s90.B32
Reading graphs...
90 :  208
90 :  209
Initializing...
maxdom : 9
D->valSize : 516
Solving...
Blb : 2 (clique : 28)
currentSize : 28 <-- 0.005963 s
currentSize : 29 <-- 0.006613 s
currentSize : 30 <-- 0.013658 s
currentSize : 31 <-- 0.018446 s
currentSize : 32 <-- 0.018587 s
currentSize : 33 <-- 79.356102 s
currentSize : 34 <-- 79.429222 s
currentSize : 35 <-- 84.301941 s
currentSize : 36 <-- 195.555923 s
currentSize : 37 <-- 1100.239014 s

TIMEOUT
maxsize : 37
nodes : 701891122.000000
filtered : 5968215746.000000
time : 3600.000000
