Parameters: GAD=1 vflib=1 dir=0 label=1 lowerbound=1 fileNameGp=../graphsdb/mcs30/m4D/m4D/mcs30_m4D_s70.A93 fileNameGt=../graphsdb/mcs30/m4D/m4D/mcs30_m4D_s70.B93
Reading graphs...
70 :  117
70 :  118
Initializing...
maxdom : 9
D->valSize : 309
Solving...
Blb : 2 (clique : 23)
currentSize : 23 <-- 0.004161 s
currentSize : 24 <-- 0.071386 s
currentSize : 25 <-- 1.991466 s
currentSize : 26 <-- 245.920364 s
currentSize : 27 <-- 820.702026 s
currentSize : 28 <-- 1750.011475 s

TIMEOUT
maxsize : 28
nodes : 1175111427.000000
filtered : 5101108065.000000
time : 3600.000000
