Parameters: GAD=1 vflib=1 dir=0 label=1 lowerbound=1 fileNameGp=../graphsdb/mcs30/rand/r005/mcs30_r005_s100.A32 fileNameGt=../graphsdb/mcs30/rand/r005/mcs30_r005_s100.B32
Reading graphs...
100 :  485
100 :  482
Initializing...
maxdom : 8
D->valSize : 327
Solving...
Blb : 5 (clique : 18)
currentSize : 18 <-- 0.003077 s
currentSize : 20 <-- 0.003341 s
currentSize : 21 <-- 0.011665 s
currentSize : 22 <-- 0.058991 s
currentSize : 23 <-- 1.315755 s
currentSize : 24 <-- 3.934693 s
currentSize : 25 <-- 5.071329 s
currentSize : 26 <-- 6.263887 s
currentSize : 27 <-- 16.337381 s
currentSize : 28 <-- 387.681732 s
currentSize : 29 <-- 1405.109131 s
currentSize : 30 <-- 1540.026489 s
currentSize : 31 <-- 1540.724609 s

maxsize : 31
nodes : 473919517.000000
filtered : 3986161576.000000
time : 2771.845459
