Parameters: GAD=1 vflib=1 dir=0 label=1 lowerbound=1 fileNameGp=../graphsdb/mcs30/rand/r005/mcs30_r005_s100.A52 fileNameGt=../graphsdb/mcs30/rand/r005/mcs30_r005_s100.B52
Reading graphs...
100 :  475
100 :  481
Initializing...
maxdom : 8
D->valSize : 361
Solving...
Blb : 2 (clique : 20)
currentSize : 20 <-- 0.003765 s
currentSize : 21 <-- 0.070210 s
currentSize : 22 <-- 0.366475 s
currentSize : 23 <-- 0.423866 s
currentSize : 24 <-- 0.861948 s
currentSize : 25 <-- 1.676738 s
currentSize : 26 <-- 195.216965 s
currentSize : 27 <-- 1020.697266 s
currentSize : 28 <-- 1033.274536 s
currentSize : 29 <-- 1036.655396 s
currentSize : 30 <-- 1036.657349 s
currentSize : 31 <-- 1312.443726 s

maxsize : 31
nodes : 431454299.000000
filtered : 3923743098.000000
time : 2555.970703
