Parameters: GAD=1 vflib=1 dir=0 label=1 lowerbound=1 fileNameGp=../graphsdb/mcs30/m2D/m2Dr4/mcs30_m2Dr4_s90.A93 fileNameGt=../graphsdb/mcs30/m2D/m2Dr4/mcs30_m2Dr4_s90.B93
Reading graphs...
90 :  195
90 :  194
Initializing...
maxdom : 11
D->valSize : 542
Solving...
Blb : 2 (clique : 29)
currentSize : 29 <-- 0.006357 s
currentSize : 30 <-- 0.007388 s
currentSize : 31 <-- 19.714954 s
currentSize : 32 <-- 29.173321 s
currentSize : 33 <-- 44.798149 s
currentSize : 34 <-- 614.475708 s

TIMEOUT
maxsize : 34
nodes : 895606333.000000
filtered : 5220411926.000000
time : 3600.000000
