Parameters: GAD=1 vflib=1 dir=0 label=1 lowerbound=1 fileNameGp=../graphsdb/mcs30/m4D/m4Dr4/mcs30_m4Dr4_s50.A10 fileNameGt=../graphsdb/mcs30/m4D/m4Dr4/mcs30_m4Dr4_s50.B10
Reading graphs...
50 :  106
50 :  104
Initializing...
maxdom : 11
D->valSize : 333
Solving...
Blb : 2 (clique : 19)
currentSize : 19 <-- 0.004439 s
currentSize : 21 <-- 0.004619 s
currentSize : 22 <-- 0.031155 s
currentSize : 23 <-- 0.071167 s
currentSize : 24 <-- 36.821346 s
currentSize : 25 <-- 44.195797 s

maxsize : 25
nodes : 14886513.000000
filtered : 184444506.000000
time : 61.090935
