Parameters: GAD=1 vflib=1 dir=0 label=1 lowerbound=1 fileNameGp=../graphsdb/mcs30/m2D/m2D/mcs30_m2D_s60.A44 fileNameGt=../graphsdb/mcs30/m2D/m2D/mcs30_m2D_s60.B44
Reading graphs...
60 :  104
60 :  103
Initializing...
maxdom : 7
D->valSize : 253
Solving...
Blb : 2 (clique : 21)
currentSize : 21 <-- 0.002950 s
currentSize : 22 <-- 0.003153 s
currentSize : 23 <-- 0.031563 s
currentSize : 24 <-- 0.031856 s
currentSize : 25 <-- 2.254349 s
currentSize : 26 <-- 35.310745 s
currentSize : 27 <-- 48.478428 s
currentSize : 28 <-- 177.309464 s

maxsize : 28
nodes : 240999105.000000
filtered : 2091104233.000000
time : 1043.751953
