Parameters: GAD=1 vflib=1 dir=0 label=1 lowerbound=1 fileNameGp=../graphsdb/mcs30/m3D/m3Dr2/mcs30_m3Dr2_s70.A26 fileNameGt=../graphsdb/mcs30/m3D/m3Dr2/mcs30_m3Dr2_s70.B26
Reading graphs...
70 :  173
70 :  172
Initializing...
maxdom : 9
D->valSize : 336
Solving...
Blb : 2 (clique : 20)
currentSize : 20 <-- 0.003552 s
currentSize : 21 <-- 0.003744 s
currentSize : 22 <-- 0.029345 s
currentSize : 23 <-- 0.029371 s
currentSize : 24 <-- 0.036709 s
currentSize : 25 <-- 0.041612 s
currentSize : 26 <-- 0.714874 s
currentSize : 27 <-- 7.001407 s
currentSize : 28 <-- 14.302281 s
currentSize : 29 <-- 252.804031 s
currentSize : 30 <-- 570.750854 s
currentSize : 31 <-- 628.568420 s
currentSize : 32 <-- 1174.322021 s

maxsize : 32
nodes : 243624624.000000
filtered : 2207173351.000000
time : 1242.264893
