Parameters: GAD=1 vflib=1 dir=0 label=1 lowerbound=1 fileNameGp=../graphsdb/mcs30/rand/r005/mcs30_r005_s70.A75 fileNameGt=../graphsdb/mcs30/rand/r005/mcs30_r005_s70.B75
Reading graphs...
70 :  233
70 :  235
Initializing...
maxdom : 9
D->valSize : 345
Solving...
Blb : 2 (clique : 20)
currentSize : 20 <-- 0.004700 s
currentSize : 21 <-- 0.006205 s
currentSize : 22 <-- 0.087017 s
currentSize : 23 <-- 1.686235 s
currentSize : 24 <-- 3.259466 s
currentSize : 25 <-- 26.643734 s
currentSize : 26 <-- 180.325119 s

maxsize : 26
nodes : 183892964.000000
filtered : 2017448108.000000
time : 906.299072
