Parameters: GAD=1 vflib=1 dir=0 label=1 lowerbound=1 fileNameGp=../graphsdb/mcs30/bvg/b09m/mcs30_b09m_s70.A70 fileNameGt=../graphsdb/mcs30/bvg/b09m/mcs30_b09m_s70.B70
Reading graphs...
70 :  305
70 :  304
Initializing...
maxdom : 9
D->valSize : 307
Solving...
Blb : 3 (clique : 17)
currentSize : 17 <-- 0.003900 s
currentSize : 18 <-- 0.632169 s
currentSize : 19 <-- 2.342125 s
currentSize : 20 <-- 6.502632 s
currentSize : 21 <-- 53.307854 s
currentSize : 22 <-- 107.022636 s

maxsize : 22
nodes : 50530285.000000
filtered : 555353352.000000
time : 254.942215
