Parameters: GAD=1 vflib=1 dir=0 label=1 lowerbound=1 fileNameGp=../graphsdb/mcs30/bvg/b09/mcs30_b09_s100.A36 fileNameGt=../graphsdb/mcs30/bvg/b09/mcs30_b09_s100.B36
Reading graphs...
100 :  446
100 :  445
Initializing...
maxdom : 8
D->valSize : 388
Solving...
Blb : 2 (clique : 26)
currentSize : 26 <-- 0.006368 s
currentSize : 28 <-- 0.556100 s
currentSize : 29 <-- 0.564414 s
currentSize : 30 <-- 0.644472 s
currentSize : 31 <-- 0.681253 s
currentSize : 32 <-- 279.886139 s
currentSize : 33 <-- 279.927704 s
currentSize : 34 <-- 463.945679 s

TIMEOUT
maxsize : 34
nodes : 734043810.000000
filtered : 2544445317.000000
time : 3600.000000
