Parameters: GAD=1 vflib=1 dir=0 label=1 lowerbound=1 fileNameGp=../graphsdb/mcs30/m3D/m3Dr4/mcs30_m3Dr4_s90.A97 fileNameGt=../graphsdb/mcs30/m3D/m3Dr4/mcs30_m3Dr4_s90.B97
Reading graphs...
90 :  242
90 :  241
Initializing...
maxdom : 10
D->valSize : 548
Solving...
Blb : 2 (clique : 27)
currentSize : 27 <-- 0.006250 s
currentSize : 28 <-- 0.006475 s
currentSize : 29 <-- 0.006564 s
currentSize : 30 <-- 0.007133 s
currentSize : 31 <-- 0.521506 s
currentSize : 32 <-- 5.124128 s
currentSize : 33 <-- 17.757488 s
currentSize : 34 <-- 401.334778 s

TIMEOUT
maxsize : 34
nodes : 645333485.000000
filtered : 6002228018.000000
time : 3600.000000
