Parameters: GAD=1 vflib=1 dir=0 label=1 lowerbound=1 fileNameGp=../graphsdb/mcs30/m2D/m2D/mcs30_m2D_s50.A52 fileNameGt=../graphsdb/mcs30/m2D/m2D/mcs30_m2D_s50.B52
Reading graphs...
50 :  85
50 :  83
Initializing...
maxdom : 9
D->valSize : 293
Solving...
Blb : 2 (clique : 17)
currentSize : 17 <-- 0.002110 s
currentSize : 18 <-- 0.003587 s
currentSize : 19 <-- 0.054557 s
currentSize : 20 <-- 0.122258 s
currentSize : 21 <-- 0.214685 s
currentSize : 22 <-- 0.398614 s
currentSize : 23 <-- 28.771887 s

maxsize : 23
nodes : 24395723.000000
filtered : 238178281.000000
time : 92.479202
