Parameters: GAD=1 vflib=1 dir=0 label=1 lowerbound=1 fileNameGp=../graphsdb/mcs30/bvg/b06/mcs30_b06_s60.A37 fileNameGt=../graphsdb/mcs30/bvg/b06/mcs30_b06_s60.B37
Reading graphs...
60 :  177
60 :  179
Initializing...
maxdom : 8
D->valSize : 247
Solving...
Blb : 3 (clique : 19)
currentSize : 19 <-- 0.002783 s
currentSize : 20 <-- 0.004453 s
currentSize : 21 <-- 0.009343 s
currentSize : 22 <-- 0.019334 s
currentSize : 23 <-- 4.690249 s
currentSize : 24 <-- 4.692913 s

maxsize : 24
nodes : 2457711.000000
filtered : 20858687.000000
time : 10.292368
