Parameters: GAD=1 vflib=1 dir=0 label=1 lowerbound=1 fileNameGp=../graphsdb/mcs30/m2D/m2D/mcs30_m2D_s60.A24 fileNameGt=../graphsdb/mcs30/m2D/m2D/mcs30_m2D_s60.B24
Reading graphs...
60 :  103
60 :  103
Initializing...
maxdom : 6
D->valSize : 230
Solving...
Blb : 5 (clique : 21)
currentSize : 21 <-- 0.002655 s
currentSize : 22 <-- 0.128644 s
currentSize : 23 <-- 0.207194 s
currentSize : 24 <-- 0.284788 s
currentSize : 25 <-- 0.350583 s
currentSize : 26 <-- 1.986009 s
currentSize : 27 <-- 75.218140 s

maxsize : 27
nodes : 30947847.000000
filtered : 190824935.000000
time : 119.446800
