Parameters: GAD=1 vflib=1 dir=0 label=1 lowerbound=1 fileNameGp=../graphsdb/mcs30/rand/r02/mcs30_r02_s60.A91 fileNameGt=../graphsdb/mcs30/rand/r02/mcs30_r02_s60.B91
Reading graphs...
60 :  640
60 :  645
Initializing...
maxdom : 8
D->valSize : 241
Solving...
Blb : 2 (clique : 8)
currentSize : 8 <-- 0.001717 s
currentSize : 9 <-- 0.001810 s
currentSize : 10 <-- 0.002095 s
currentSize : 16 <-- 0.003100 s
currentSize : 17 <-- 0.003143 s

maxsize : 17
nodes : 6745.000000
filtered : 123539.000000
time : 0.036829
