Parameters: GAD=1 vflib=1 dir=0 label=1 lowerbound=1 fileNameGp=../graphsdb/mcs30/m4D/m4D/mcs30_m4D_s60.A97 fileNameGt=../graphsdb/mcs30/m4D/m4D/mcs30_m4D_s60.B97
Reading graphs...
60 :  101
60 :  102
Initializing...
maxdom : 6
D->valSize : 224
Solving...
Blb : 2 (clique : 22)
currentSize : 22 <-- 0.001850 s
currentSize : 23 <-- 0.001967 s
currentSize : 24 <-- 0.002072 s
currentSize : 25 <-- 0.060047 s
currentSize : 26 <-- 11.567270 s
currentSize : 27 <-- 125.635330 s

maxsize : 27
nodes : 165308395.000000
filtered : 1017287234.000000
time : 653.280579
