Parameters: GAD=1 vflib=1 dir=0 label=1 lowerbound=1 fileNameGp=../graphsdb/mcs30/m2D/m2Dr2/mcs30_m2Dr2_s60.A80 fileNameGt=../graphsdb/mcs30/m2D/m2Dr2/mcs30_m2Dr2_s60.B80
Reading graphs...
60 :  113
60 :  114
Initializing...
maxdom : 6
D->valSize : 238
Solving...
Blb : 2 (clique : 19)
currentSize : 19 <-- 0.001817 s
currentSize : 20 <-- 0.004195 s
currentSize : 21 <-- 0.005377 s
currentSize : 22 <-- 0.297652 s
currentSize : 23 <-- 49.640106 s

maxsize : 23
nodes : 148666680.000000
filtered : 1154919176.000000
time : 600.581421
