Parameters: GAD=1 vflib=1 dir=0 label=1 lowerbound=1 fileNameGp=../graphsdb/mcs30/m3D/m3Dr2/mcs30_m3Dr2_s70.A16 fileNameGt=../graphsdb/mcs30/m3D/m3Dr2/mcs30_m3Dr2_s70.B16
Reading graphs...
70 :  170
70 :  171
Initializing...
maxdom : 9
D->valSize : 328
Solving...
Blb : 2 (clique : 26)
currentSize : 26 <-- 0.004524 s
currentSize : 27 <-- 0.006344 s
currentSize : 28 <-- 0.029457 s
currentSize : 29 <-- 0.190801 s
currentSize : 30 <-- 0.193162 s
currentSize : 31 <-- 0.204110 s
currentSize : 32 <-- 0.204157 s

maxsize : 32
nodes : 148830841.000000
filtered : 1237471972.000000
time : 705.809021
