Parameters: GAD=1 vflib=1 dir=0 label=1 lowerbound=1 fileNameGp=../graphsdb/mcs30/m3D/m3D/mcs30_m3D_s30.A69 fileNameGt=../graphsdb/mcs30/m3D/m3D/mcs30_m3D_s30.B69
Reading graphs...
30 :  59
30 :  58
Initializing...
maxdom : 6
D->valSize : 108
Solving...
Blb : 2 (clique : 9)
currentSize : 9 <-- 0.000640 s
currentSize : 10 <-- 0.000691 s
currentSize : 11 <-- 0.001416 s
currentSize : 12 <-- 0.001667 s
currentSize : 13 <-- 0.004444 s

maxsize : 13
nodes : 3823.000000
filtered : 27824.000000
time : 0.011676
