Parameters: GAD=1 vflib=1 dir=0 label=1 lowerbound=1 fileNameGp=../graphsdb/mcs30/m2D/m2Dr4/mcs30_m2Dr4_s70.A50 fileNameGt=../graphsdb/mcs30/m2D/m2Dr4/mcs30_m2Dr4_s70.B50
Reading graphs...
70 :  149
70 :  150
Initializing...
maxdom : 7
D->valSize : 338
Solving...
Blb : 2 (clique : 22)
currentSize : 22 <-- 0.004596 s
currentSize : 23 <-- 0.005475 s
currentSize : 24 <-- 0.425715 s
currentSize : 25 <-- 1.209530 s
currentSize : 26 <-- 444.529999 s
currentSize : 27 <-- 507.379822 s
currentSize : 28 <-- 517.394226 s
currentSize : 29 <-- 552.738342 s

TIMEOUT
maxsize : 29
nodes : 920199883.000000
filtered : 5959932494.000000
time : 3600.000000
