Parameters: GAD=1 vflib=1 dir=0 label=1 lowerbound=1 fileNameGp=../graphsdb/mcs30/bvg/b09/mcs30_b09_s100.A43 fileNameGt=../graphsdb/mcs30/bvg/b09/mcs30_b09_s100.B43
Reading graphs...
100 :  447
100 :  444
Initializing...
maxdom : 9
D->valSize : 342
Solving...
Blb : 3 (clique : 26)
currentSize : 26 <-- 0.005489 s
currentSize : 29 <-- 0.267095 s
currentSize : 30 <-- 0.490786 s
currentSize : 31 <-- 85.350204 s
currentSize : 32 <-- 86.606781 s
currentSize : 33 <-- 348.986389 s
currentSize : 34 <-- 859.914429 s
currentSize : 35 <-- 948.536987 s

maxsize : 35
nodes : 315876971.000000
filtered : 1687859166.000000
time : 1684.722290
