Parameters: GAD=1 vflib=1 dir=0 label=1 lowerbound=1 fileNameGp=../graphsdb/mcs30/m4D/m4Dr4/mcs30_m4Dr4_s50.A41 fileNameGt=../graphsdb/mcs30/m4D/m4Dr4/mcs30_m4Dr4_s50.B41
Reading graphs...
50 :  104
50 :  105
Initializing...
maxdom : 8
D->valSize : 318
Solving...
Blb : 5 (clique : 18)
currentSize : 18 <-- 0.002386 s
currentSize : 19 <-- 0.177597 s
currentSize : 20 <-- 0.702490 s
currentSize : 21 <-- 22.223162 s
currentSize : 22 <-- 78.700363 s
currentSize : 23 <-- 78.894569 s
currentSize : 24 <-- 79.067596 s

maxsize : 24
nodes : 87464315.000000
filtered : 1005185955.000000
time : 357.955627
