Parameters: GAD=1 vflib=1 dir=0 label=1 lowerbound=1 fileNameGp=../graphsdb/mcs30/bvg/b03m/mcs30_b03m_s35.A49 fileNameGt=../graphsdb/mcs30/bvg/b03m/mcs30_b03m_s35.B49
Reading graphs...
35 :  52
35 :  52
Initializing...
maxdom : 8
D->valSize : 179
Solving...
Blb : 2 (clique : 14)
currentSize : 14 <-- 0.001034 s
currentSize : 15 <-- 0.002295 s
currentSize : 16 <-- 0.002819 s
currentSize : 17 <-- 0.089060 s
currentSize : 18 <-- 0.483047 s
currentSize : 19 <-- 0.523161 s

maxsize : 19
nodes : 326982.000000
filtered : 2902250.000000
time : 0.965124
