Parameters: GAD=1 vflib=1 dir=0 label=1 lowerbound=1 fileNameGp=../graphsdb/mcs30/m4D/m4D/mcs30_m4D_s50.A00 fileNameGt=../graphsdb/mcs30/m4D/m4D/mcs30_m4D_s50.B00
Reading graphs...
50 :  87
50 :  87
Initializing...
maxdom : 8
D->valSize : 308
Solving...
Blb : 2 (clique : 20)
currentSize : 20 <-- 0.002229 s
currentSize : 21 <-- 3.144786 s
currentSize : 22 <-- 12.438511 s
currentSize : 23 <-- 42.992252 s
currentSize : 24 <-- 140.155167 s
currentSize : 25 <-- 409.374420 s

maxsize : 25
nodes : 765885163.000000
filtered : 7565785101.000000
time : 2844.737305
