Parameters: GAD=1 vflib=1 dir=0 label=1 lowerbound=1 fileNameGp=../graphsdb/mcs30/m3D/m3Dr6/mcs30_m3Dr6_s100.A25 fileNameGt=../graphsdb/mcs30/m3D/m3Dr6/mcs30_m3Dr6_s100.B25
Reading graphs...
100 :  294
100 :  293
Initializing...
maxdom : 6
D->valSize : 322
Solving...
Blb : 2 (clique : 25)
currentSize : 25 <-- 0.003110 s
currentSize : 26 <-- 0.003445 s
currentSize : 27 <-- 0.015555 s
currentSize : 28 <-- 0.073677 s
currentSize : 29 <-- 0.073773 s
currentSize : 30 <-- 0.074056 s
currentSize : 31 <-- 0.099271 s
currentSize : 32 <-- 0.307528 s
currentSize : 33 <-- 3.314994 s

TIMEOUT
maxsize : 33
nodes : 697255652.000000
filtered : 3226613215.000000
time : 3600.000000
