Parameters: GAD=1 vflib=1 dir=0 label=1 lowerbound=1 fileNameGp=../graphsdb/mcs30/m2D/m2Dr6/mcs30_m2Dr6_s60.A31 fileNameGt=../graphsdb/mcs30/m2D/m2Dr6/mcs30_m2Dr6_s60.B31
Reading graphs...
60 :  136
60 :  138
Initializing...
maxdom : 8
D->valSize : 248
Solving...
Blb : 3 (clique : 17)
currentSize : 17 <-- 0.002919 s
currentSize : 18 <-- 0.034644 s
currentSize : 19 <-- 0.207532 s
currentSize : 20 <-- 0.433119 s
currentSize : 21 <-- 17.338575 s
currentSize : 22 <-- 36.971703 s
currentSize : 23 <-- 36.983036 s

maxsize : 23
nodes : 34031417.000000
filtered : 280716332.000000
time : 130.767853
