Parameters: GAD=1 vflib=1 dir=0 label=1 lowerbound=1 fileNameGp=../graphsdb/mcs30/m3D/m3Dr4/mcs30_m3Dr4_s100.A30 fileNameGt=../graphsdb/mcs30/m3D/m3Dr4/mcs30_m3Dr4_s100.B30
Reading graphs...
100 :  272
100 :  272
Initializing...
maxdom : 10
D->valSize : 355
Solving...
Blb : 2 (clique : 25)
currentSize : 25 <-- 0.005652 s
currentSize : 26 <-- 0.008758 s
currentSize : 27 <-- 0.009176 s
currentSize : 28 <-- 0.012084 s
currentSize : 29 <-- 4.563189 s
currentSize : 30 <-- 40.857117 s
currentSize : 31 <-- 73.893265 s
currentSize : 32 <-- 328.533447 s
currentSize : 33 <-- 672.105103 s
currentSize : 34 <-- 672.448242 s
currentSize : 35 <-- 999.954956 s

TIMEOUT
maxsize : 35
nodes : 699079311.000000
filtered : 3927224666.000000
time : 3600.000000
