Parameters: GAD=1 vflib=1 dir=0 label=1 lowerbound=1 fileNameGp=../graphsdb/mcs30/bvg/b09/mcs30_b09_s50.A65 fileNameGt=../graphsdb/mcs30/bvg/b09/mcs30_b09_s50.B65
Reading graphs...
50 :  221
50 :  221
Initializing...
maxdom : 9
D->valSize : 305
Solving...
Blb : 2 (clique : 12)
currentSize : 12 <-- 0.002150 s
currentSize : 13 <-- 0.002338 s
currentSize : 14 <-- 0.024049 s
currentSize : 16 <-- 0.079309 s
currentSize : 17 <-- 0.083530 s

maxsize : 17
nodes : 1278724.000000
filtered : 22507638.000000
time : 6.105630
