Parameters: GAD=1 vflib=1 dir=0 label=1 lowerbound=1 fileNameGp=../graphsdb/mcs30/bvg/b09/mcs30_b09_s50.A91 fileNameGt=../graphsdb/mcs30/bvg/b09/mcs30_b09_s50.B91
Reading graphs...
50 :  223
50 :  219
Initializing...
maxdom : 11
D->valSize : 352
Solving...
Blb : 2 (clique : 12)
currentSize : 12 <-- 0.002741 s
currentSize : 13 <-- 0.010611 s
currentSize : 14 <-- 0.011225 s
currentSize : 15 <-- 0.011651 s
currentSize : 16 <-- 0.011677 s
currentSize : 17 <-- 0.025286 s

maxsize : 17
nodes : 6415665.000000
filtered : 114457369.000000
time : 28.799076
