Parameters: GAD=1 vflib=1 dir=0 label=1 lowerbound=1 fileNameGp=../graphsdb/mcs30/m4D/m4Dr4/mcs30_m4Dr4_s60.A46 fileNameGt=../graphsdb/mcs30/m4D/m4Dr4/mcs30_m4Dr4_s60.B46
Reading graphs...
60 :  125
60 :  125
Initializing...
maxdom : 7
D->valSize : 230
Solving...
Blb : 2 (clique : 19)
currentSize : 19 <-- 0.001844 s
currentSize : 20 <-- 0.002837 s
currentSize : 21 <-- 0.003430 s
currentSize : 22 <-- 0.341754 s
currentSize : 23 <-- 1.043305 s
currentSize : 24 <-- 7.625694 s
currentSize : 25 <-- 128.527771 s

maxsize : 25
nodes : 313534860.000000
filtered : 2163613081.000000
time : 1152.840820
