Parameters: GAD=1 vflib=1 dir=0 label=1 lowerbound=1 fileNameGp=../graphsdb/mcs30/m3D/m3D/mcs30_m3D_s70.A22 fileNameGt=../graphsdb/mcs30/m3D/m3D/mcs30_m3D_s70.B22
Reading graphs...
70 :  157
70 :  157
Initializing...
maxdom : 9
D->valSize : 326
Solving...
Blb : 2 (clique : 23)
currentSize : 23 <-- 0.002714 s
currentSize : 24 <-- 0.002892 s
currentSize : 25 <-- 0.007287 s
currentSize : 26 <-- 0.086181 s
currentSize : 27 <-- 118.150978 s
currentSize : 28 <-- 316.101837 s
currentSize : 29 <-- 364.928436 s
currentSize : 30 <-- 2191.690674 s
currentSize : 31 <-- 2308.918213 s
currentSize : 32 <-- 2308.925537 s

maxsize : 32
nodes : 747193675.000000
filtered : 5970951149.000000
time : 3320.745117
