Parameters: GAD=1 vflib=1 dir=0 label=1 lowerbound=1 fileNameGp=../graphsdb/mcs30/m2D/m2Dr4/mcs30_m2Dr4_s80.A54 fileNameGt=../graphsdb/mcs30/m2D/m2Dr4/mcs30_m2Dr4_s80.B54
Reading graphs...
80 :  174
80 :  173
Initializing...
maxdom : 9
D->valSize : 425
Solving...
Blb : 2 (clique : 28)
currentSize : 28 <-- 0.004107 s
currentSize : 29 <-- 0.004825 s
currentSize : 30 <-- 0.005172 s
currentSize : 31 <-- 0.008310 s
currentSize : 32 <-- 0.045705 s
currentSize : 33 <-- 0.183706 s

TIMEOUT
maxsize : 33
nodes : 703552824.000000
filtered : 6400265245.000000
time : 3600.000000
