Parameters: GAD=1 vflib=1 dir=0 label=1 lowerbound=1 fileNameGp=../graphsdb/mcs30/bvg/b09/mcs30_b09_s60.A69 fileNameGt=../graphsdb/mcs30/bvg/b09/mcs30_b09_s60.B69
Reading graphs...
60 :  265
60 :  264
Initializing...
maxdom : 6
D->valSize : 239
Solving...
Blb : 2 (clique : 15)
currentSize : 15 <-- 0.002637 s
currentSize : 16 <-- 0.163861 s
currentSize : 17 <-- 0.439668 s
currentSize : 18 <-- 0.450065 s
currentSize : 19 <-- 0.487429 s
currentSize : 20 <-- 2.747653 s
currentSize : 21 <-- 2.986245 s

maxsize : 21
nodes : 1454920.000000
filtered : 9475469.000000
time : 6.042738
