Parameters: GAD=1 vflib=1 dir=0 label=1 lowerbound=1 fileNameGp=../graphsdb/mcs30/m4D/m4Dr2/mcs30_m4Dr2_s70.A95 fileNameGt=../graphsdb/mcs30/m4D/m4Dr2/mcs30_m4Dr2_s70.B95
Reading graphs...
70 :  132
70 :  132
Initializing...
maxdom : 9
D->valSize : 321
Solving...
Blb : 2 (clique : 26)
currentSize : 26 <-- 0.002946 s
currentSize : 27 <-- 1.242339 s
currentSize : 28 <-- 10.193545 s
currentSize : 29 <-- 100.872650 s
currentSize : 30 <-- 138.709915 s
currentSize : 31 <-- 810.514343 s

TIMEOUT
maxsize : 31
nodes : 940973772.000000
filtered : 6245448458.000000
time : 3600.000000
