Parameters: GAD=1 vflib=1 dir=0 label=1 lowerbound=1 fileNameGp=../graphsdb/mcs30/bvg/b06/mcs30_b06_s30.A83 fileNameGt=../graphsdb/mcs30/bvg/b06/mcs30_b06_s30.B83
Reading graphs...
30 :  89
30 :  89
Initializing...
maxdom : 7
D->valSize : 113
Solving...
Blb : 2 (clique : 8)
currentSize : 8 <-- 0.000665 s
currentSize : 9 <-- 0.002283 s
currentSize : 10 <-- 0.002710 s
currentSize : 11 <-- 0.006928 s
currentSize : 12 <-- 0.007410 s

maxsize : 12
nodes : 8594.000000
filtered : 69879.000000
time : 0.024755
