Parameters: GAD=1 vflib=1 dir=0 label=1 lowerbound=1 fileNameGp=../graphsdb/mcs30/m2D/m2Dr2/mcs30_m2Dr2_s60.A38 fileNameGt=../graphsdb/mcs30/m2D/m2Dr2/mcs30_m2Dr2_s60.B38
Reading graphs...
60 :  114
60 :  115
Initializing...
maxdom : 8
D->valSize : 224
Solving...
Blb : 2 (clique : 20)
currentSize : 20 <-- 0.002652 s
currentSize : 21 <-- 0.002944 s
currentSize : 22 <-- 0.003230 s
currentSize : 23 <-- 0.003458 s
currentSize : 24 <-- 0.004578 s
currentSize : 25 <-- 0.835993 s
currentSize : 26 <-- 3.235958 s
currentSize : 27 <-- 207.530365 s

maxsize : 27
nodes : 72668845.000000
filtered : 485946614.000000
time : 315.059875
