Parameters: GAD=1 vflib=1 dir=0 label=1 lowerbound=1 fileNameGp=../graphsdb/mcs30/m4D/m4D/mcs30_m4D_s90.A47 fileNameGt=../graphsdb/mcs30/m4D/m4D/mcs30_m4D_s90.B47
Reading graphs...
90 :  146
90 :  146
Initializing...
maxdom : 9
D->valSize : 508
Solving...
Blb : 2 (clique : 36)
currentSize : 36 <-- 0.009569 s
currentSize : 37 <-- 0.009999 s
currentSize : 38 <-- 0.026778 s
currentSize : 39 <-- 0.238322 s
currentSize : 40 <-- 0.309005 s
currentSize : 41 <-- 0.847354 s

TIMEOUT
maxsize : 41
nodes : 799349025.000000
filtered : 5504319965.000000
time : 3600.000000
