Parameters: GAD=1 vflib=1 dir=0 label=1 lowerbound=1 fileNameGp=../graphsdb/mcs30/bvg/b09/mcs30_b09_s60.A88 fileNameGt=../graphsdb/mcs30/bvg/b09/mcs30_b09_s60.B88
Reading graphs...
60 :  263
60 :  264
Initializing...
maxdom : 8
D->valSize : 230
Solving...
Blb : 2 (clique : 14)
currentSize : 14 <-- 0.001683 s
currentSize : 15 <-- 0.001828 s
currentSize : 19 <-- 0.688817 s
currentSize : 20 <-- 0.689176 s
currentSize : 21 <-- 0.691350 s
currentSize : 22 <-- 4.811578 s

maxsize : 22
nodes : 1608724.000000
filtered : 9018896.000000
time : 6.181050
