Parameters: GAD=1 vflib=1 dir=0 label=1 lowerbound=1 fileNameGp=../graphsdb/mcs30/bvg/b06m/mcs30_b06m_s30.A17 fileNameGt=../graphsdb/mcs30/bvg/b06m/mcs30_b06m_s30.B17
Reading graphs...
30 :  86
30 :  87
Initializing...
maxdom : 7
D->valSize : 100
Solving...
Blb : 3 (clique : 7)
currentSize : 7 <-- 0.000650 s
currentSize : 8 <-- 0.000712 s
currentSize : 9 <-- 0.000785 s
currentSize : 10 <-- 0.004996 s
currentSize : 11 <-- 0.013819 s

maxsize : 11
nodes : 6795.000000
filtered : 45401.000000
time : 0.018816
