Parameters: GAD=1 vflib=1 dir=0 label=1 lowerbound=1 fileNameGp=../graphsdb/mcs30/bvg/b09m/mcs30_b09m_s90.A42 fileNameGt=../graphsdb/mcs30/bvg/b09m/mcs30_b09m_s90.B42
Reading graphs...
90 :  394
90 :  399
Initializing...
maxdom : 8
D->valSize : 508
Solving...
Blb : 2 (clique : 24)
currentSize : 24 <-- 0.009047 s
currentSize : 25 <-- 0.009596 s
currentSize : 26 <-- 0.009780 s
currentSize : 27 <-- 0.018402 s
currentSize : 28 <-- 0.066386 s
currentSize : 29 <-- 0.161057 s
currentSize : 30 <-- 49.650436 s
currentSize : 31 <-- 2322.692627 s

TIMEOUT
maxsize : 31
nodes : 654419024.000000
filtered : 5447297750.000000
time : 3600.000000
