Parameters: GAD=1 vflib=1 dir=0 label=1 lowerbound=1 fileNameGp=../graphsdb/mcs30/rand/r01/mcs30_r01_s60.A49 fileNameGt=../graphsdb/mcs30/rand/r01/mcs30_r01_s60.B49
Reading graphs...
60 :  333
60 :  343
Initializing...
maxdom : 7
D->valSize : 260
Solving...
Blb : 2 (clique : 12)
currentSize : 12 <-- 0.002975 s
currentSize : 13 <-- 0.003169 s
currentSize : 14 <-- 0.003619 s
currentSize : 16 <-- 0.030190 s
currentSize : 17 <-- 2.385240 s
currentSize : 18 <-- 2.385317 s

maxsize : 18
nodes : 812700.000000
filtered : 11439855.000000
time : 4.018005
