Parameters: GAD=1 vflib=1 dir=0 label=1 lowerbound=1 fileNameGp=../graphsdb/mcs30/m4D/m4Dr4/mcs30_m4Dr4_s60.A74 fileNameGt=../graphsdb/mcs30/m4D/m4Dr4/mcs30_m4Dr4_s60.B74
Reading graphs...
60 :  124
60 :  124
Initializing...
maxdom : 6
D->valSize : 220
Solving...
Blb : 3 (clique : 20)
currentSize : 20 <-- 0.001511 s
currentSize : 21 <-- 0.022845 s
currentSize : 22 <-- 0.289148 s
currentSize : 23 <-- 0.433959 s
currentSize : 24 <-- 10.256321 s
currentSize : 25 <-- 13.832371 s

maxsize : 25
nodes : 46470547.000000
filtered : 444832827.000000
time : 201.568069
