Parameters: GAD=1 vflib=1 dir=0 label=1 lowerbound=1 fileNameGp=../graphsdb/mcs30/m2D/m2Dr2/mcs30_m2Dr2_s60.A86 fileNameGt=../graphsdb/mcs30/m2D/m2Dr2/mcs30_m2Dr2_s60.B86
Reading graphs...
60 :  116
60 :  115
Initializing...
maxdom : 7
D->valSize : 261
Solving...
Blb : 2 (clique : 19)
currentSize : 19 <-- 0.003176 s
currentSize : 20 <-- 0.003348 s
currentSize : 21 <-- 0.003470 s
currentSize : 22 <-- 0.003519 s
currentSize : 23 <-- 1.245029 s
currentSize : 24 <-- 229.140381 s
currentSize : 25 <-- 454.440704 s
currentSize : 26 <-- 482.906677 s

maxsize : 26
nodes : 319016539.000000
filtered : 2533142987.000000
time : 1335.808838
