Parameters: GAD=1 vflib=1 dir=0 label=1 lowerbound=1 fileNameGp=../graphsdb/mcs30/m4D/m4D/mcs30_m4D_s70.A72 fileNameGt=../graphsdb/mcs30/m4D/m4D/mcs30_m4D_s70.B72
Reading graphs...
70 :  118
70 :  118
Initializing...
maxdom : 8
D->valSize : 315
Solving...
Blb : 3 (clique : 25)
currentSize : 25 <-- 0.002817 s
currentSize : 26 <-- 2.242729 s
currentSize : 27 <-- 10.570582 s
currentSize : 28 <-- 72.001457 s
currentSize : 29 <-- 84.092842 s
currentSize : 30 <-- 153.719666 s
currentSize : 31 <-- 1343.058105 s
currentSize : 32 <-- 1404.611084 s

TIMEOUT
maxsize : 32
nodes : 829456261.000000
filtered : 6151698848.000000
time : 3600.000000
