Parameters: GAD=1 vflib=1 dir=0 label=1 lowerbound=1 fileNameGp=../graphsdb/mcs30/bvg/b06m/mcs30_b06m_s70.A83 fileNameGt=../graphsdb/mcs30/bvg/b06m/mcs30_b06m_s70.B83
Reading graphs...
70 :  206
70 :  206
Initializing...
maxdom : 8
D->valSize : 310
Solving...
Blb : 2 (clique : 19)
currentSize : 19 <-- 0.002642 s
currentSize : 20 <-- 0.002799 s
currentSize : 21 <-- 0.003113 s
currentSize : 22 <-- 0.003154 s
currentSize : 23 <-- 0.009111 s
currentSize : 24 <-- 0.026352 s
currentSize : 25 <-- 0.096174 s
currentSize : 26 <-- 2186.891846 s

maxsize : 26
nodes : 486207580.000000
filtered : 4629074330.000000
time : 2385.766602
