Parameters: GAD=1 vflib=1 dir=0 label=1 lowerbound=1 fileNameGp=../graphsdb/mcs30/m2D/m2Dr2/mcs30_m2Dr2_s50.A65 fileNameGt=../graphsdb/mcs30/m2D/m2Dr2/mcs30_m2Dr2_s50.B65
Reading graphs...
50 :  95
50 :  93
Initializing...
maxdom : 8
D->valSize : 317
Solving...
Blb : 2 (clique : 17)
currentSize : 17 <-- 0.002381 s
currentSize : 18 <-- 0.020600 s
currentSize : 19 <-- 0.066617 s
currentSize : 20 <-- 6.601297 s
currentSize : 21 <-- 29.472178 s
currentSize : 22 <-- 322.710236 s
currentSize : 23 <-- 322.874390 s
currentSize : 24 <-- 323.023163 s

maxsize : 24
nodes : 138906298.000000
filtered : 1482422208.000000
time : 534.654602
