Parameters: GAD=1 vflib=1 dir=0 label=1 lowerbound=1 fileNameGp=../graphsdb/mcs30/rand/r01/mcs30_r01_s70.A40 fileNameGt=../graphsdb/mcs30/rand/r01/mcs30_r01_s70.B40
Reading graphs...
70 :  454
70 :  460
Initializing...
maxdom : 8
D->valSize : 310
Solving...
Blb : 2 (clique : 12)
currentSize : 12 <-- 0.003244 s
currentSize : 13 <-- 0.003410 s
currentSize : 14 <-- 0.015149 s
currentSize : 15 <-- 0.045980 s
currentSize : 16 <-- 0.240097 s
currentSize : 17 <-- 2.366039 s
currentSize : 18 <-- 2.366862 s
currentSize : 19 <-- 2.487217 s
currentSize : 21 <-- 2.489067 s

maxsize : 21
nodes : 1471388.000000
filtered : 18111746.000000
time : 7.512609
