Parameters: GAD=1 vflib=1 dir=0 label=1 lowerbound=1 fileNameGp=../graphsdb/mcs30/bvg/b09m/mcs30_b09m_s70.A32 fileNameGt=../graphsdb/mcs30/bvg/b09m/mcs30_b09m_s70.B32
Reading graphs...
70 :  311
70 :  304
Initializing...
maxdom : 9
D->valSize : 338
Solving...
Blb : 2 (clique : 16)
currentSize : 16 <-- 0.002889 s
currentSize : 17 <-- 0.003021 s
currentSize : 19 <-- 0.003609 s
currentSize : 20 <-- 0.003664 s
currentSize : 21 <-- 0.373616 s
currentSize : 22 <-- 0.403695 s
currentSize : 23 <-- 0.572368 s

maxsize : 23
nodes : 62595153.000000
filtered : 595534715.000000
time : 301.226440
