Parameters: GAD=1 vflib=1 dir=0 label=1 lowerbound=1 fileNameGp=../graphsdb/mcs30/bvg/b06/mcs30_b06_s50.A32 fileNameGt=../graphsdb/mcs30/bvg/b06/mcs30_b06_s50.B32
Reading graphs...
50 :  147
50 :  147
Initializing...
maxdom : 10
D->valSize : 336
Solving...
Blb : 2 (clique : 14)
currentSize : 14 <-- 0.003821 s
currentSize : 15 <-- 0.004564 s
currentSize : 16 <-- 0.068784 s
currentSize : 17 <-- 0.076342 s
currentSize : 18 <-- 0.454922 s
currentSize : 19 <-- 2.792952 s
currentSize : 20 <-- 16.490206 s

maxsize : 20
nodes : 8599784.000000
filtered : 160914222.000000
time : 40.372456
