Parameters: GAD=1 vflib=1 dir=0 label=1 lowerbound=1 fileNameGp=../graphsdb/mcs30/bvg/b03m/mcs30_b03m_s70.A81 fileNameGt=../graphsdb/mcs30/bvg/b03m/mcs30_b03m_s70.B81
Reading graphs...
70 :  104
70 :  104
Initializing...
maxdom : 7
D->valSize : 320
Solving...
Blb : 2 (clique : 28)
currentSize : 28 <-- 0.004372 s
currentSize : 29 <-- 0.006427 s
currentSize : 30 <-- 0.017363 s
currentSize : 31 <-- 0.236497 s
currentSize : 32 <-- 327.752563 s
currentSize : 33 <-- 3029.466553 s

TIMEOUT
maxsize : 33
nodes : 910343887.000000
filtered : 6433168645.000000
time : 3600.000000
