Parameters: GAD=1 vflib=1 dir=0 label=1 lowerbound=1 fileNameGp=../graphsdb/mcs30/bvg/b06/mcs30_b06_s100.A38 fileNameGt=../graphsdb/mcs30/bvg/b06/mcs30_b06_s100.B38
Reading graphs...
100 :  297
100 :  296
Initializing...
maxdom : 9
D->valSize : 351
Solving...
Blb : 2 (clique : 28)
currentSize : 28 <-- 0.005779 s
currentSize : 29 <-- 0.254984 s
currentSize : 30 <-- 0.462890 s
currentSize : 31 <-- 3.047198 s
currentSize : 32 <-- 29.494720 s
currentSize : 33 <-- 49.421329 s
currentSize : 34 <-- 82.675156 s
currentSize : 35 <-- 106.423759 s
currentSize : 36 <-- 1414.944824 s
currentSize : 37 <-- 1542.468262 s

TIMEOUT
maxsize : 37
nodes : 732152624.000000
filtered : 2895814324.000000
time : 3600.000000
