Parameters: GAD=1 vflib=1 dir=0 label=1 lowerbound=1 fileNameGp=../graphsdb/mcs30/m4D/m4Dr4/mcs30_m4Dr4_s90.A56 fileNameGt=../graphsdb/mcs30/m4D/m4Dr4/mcs30_m4Dr4_s90.B56
Reading graphs...
90 :  181
90 :  179
Initializing...
maxdom : 10
D->valSize : 560
Solving...
Blb : 2 (clique : 33)
currentSize : 33 <-- 0.006615 s
currentSize : 34 <-- 0.245623 s
currentSize : 35 <-- 3.889792 s
currentSize : 36 <-- 23.304428 s
currentSize : 37 <-- 302.483521 s
currentSize : 38 <-- 366.452087 s

TIMEOUT
maxsize : 38
nodes : 818864947.000000
filtered : 5352713146.000000
time : 3600.000000
