Parameters: GAD=1 vflib=1 dir=0 label=1 lowerbound=1 fileNameGp=../graphsdb/mcs30/rand/r01/mcs30_r01_s90.A19 fileNameGt=../graphsdb/mcs30/rand/r01/mcs30_r01_s90.B19
Reading graphs...
90 :  761
90 :  756
Initializing...
maxdom : 9
D->valSize : 525
Solving...
Blb : 2 (clique : 14)
currentSize : 14 <-- 0.005407 s
currentSize : 15 <-- 0.014774 s
currentSize : 16 <-- 0.025754 s
currentSize : 17 <-- 0.052306 s
currentSize : 18 <-- 2.377280 s
currentSize : 19 <-- 7.828141 s
currentSize : 20 <-- 12.342439 s
currentSize : 21 <-- 28.645638 s
currentSize : 22 <-- 38.781441 s
currentSize : 23 <-- 237.613480 s
currentSize : 24 <-- 238.012756 s

maxsize : 24
nodes : 48797983.000000
filtered : 880249711.000000
time : 313.120483
