Parameters: GAD=1 vflib=1 dir=0 label=1 lowerbound=1 fileNameGp=../graphsdb/mcs30/bvg/b06m/mcs30_b06m_s50.A36 fileNameGt=../graphsdb/mcs30/bvg/b06m/mcs30_b06m_s50.B36
Reading graphs...
50 :  148
50 :  145
Initializing...
maxdom : 11
D->valSize : 309
Solving...
Blb : 2 (clique : 15)
currentSize : 15 <-- 0.003796 s
currentSize : 16 <-- 0.004247 s
currentSize : 17 <-- 0.005747 s
currentSize : 18 <-- 0.327128 s
currentSize : 19 <-- 0.500971 s

maxsize : 19
nodes : 6674530.000000
filtered : 85462967.000000
time : 28.779016
