Parameters: GAD=1 vflib=1 dir=0 label=1 lowerbound=1 fileNameGp=../graphsdb/mcs30/rand/r005/mcs30_r005_s100.A00 fileNameGt=../graphsdb/mcs30/rand/r005/mcs30_r005_s100.B00
Reading graphs...
100 :  489
100 :  486
Initializing...
maxdom : 8
D->valSize : 335
Solving...
Blb : 2 (clique : 20)
currentSize : 20 <-- 0.003267 s
currentSize : 21 <-- 0.004169 s
currentSize : 22 <-- 0.025073 s
currentSize : 23 <-- 0.253113 s
currentSize : 24 <-- 0.290191 s
currentSize : 25 <-- 2.123773 s
currentSize : 26 <-- 2.465392 s
currentSize : 27 <-- 6.078792 s
currentSize : 28 <-- 275.495148 s
currentSize : 29 <-- 279.280182 s
currentSize : 30 <-- 279.313538 s
currentSize : 31 <-- 954.215698 s

TIMEOUT
maxsize : 31
nodes : 603525684.000000
filtered : 5005319637.000000
time : 3600.000000
