Parameters: GAD=1 vflib=1 dir=0 label=1 lowerbound=1 fileNameGp=../graphsdb/mcs30/bvg/b09/mcs30_b09_s80.A80 fileNameGt=../graphsdb/mcs30/bvg/b09/mcs30_b09_s80.B80
Reading graphs...
80 :  352
80 :  357
Initializing...
maxdom : 7
D->valSize : 409
Solving...
Blb : 3 (clique : 24)
currentSize : 24 <-- 0.003743 s
currentSize : 25 <-- 0.834029 s
currentSize : 26 <-- 0.922661 s
currentSize : 27 <-- 0.928496 s
currentSize : 28 <-- 1.162509 s
currentSize : 29 <-- 771.367493 s

maxsize : 29
nodes : 286431077.000000
filtered : 4377346398.000000
time : 1757.809570
