Parameters: GAD=1 vflib=1 dir=0 label=1 lowerbound=1 fileNameGp=../graphsdb/mcs30/rand/r005/mcs30_r005_s40.A61 fileNameGt=../graphsdb/mcs30/rand/r005/mcs30_r005_s40.B61
Reading graphs...
40 :  82
40 :  82
Initializing...
maxdom : 7
D->valSize : 202
Solving...
Blb : 2 (clique : 12)
currentSize : 12 <-- 0.001816 s
currentSize : 13 <-- 0.002187 s
currentSize : 14 <-- 0.002581 s
currentSize : 15 <-- 0.006301 s
currentSize : 16 <-- 0.416185 s
currentSize : 17 <-- 1.022869 s
currentSize : 18 <-- 3.047940 s

maxsize : 18
nodes : 1736093.000000
filtered : 17956014.000000
time : 6.080660
