Parameters: GAD=1 vflib=1 dir=0 label=1 lowerbound=1 fileNameGp=../graphsdb/mcs30/bvg/b03/mcs30_b03_s60.A94 fileNameGt=../graphsdb/mcs30/bvg/b03/mcs30_b03_s60.B94
Reading graphs...
60 :  90
60 :  90
Initializing...
maxdom : 7
D->valSize : 239
Solving...
Blb : 3 (clique : 23)
currentSize : 23 <-- 0.002808 s
currentSize : 24 <-- 0.006458 s
currentSize : 25 <-- 0.012848 s
currentSize : 26 <-- 0.033134 s
currentSize : 27 <-- 0.036960 s
currentSize : 28 <-- 16.265392 s
currentSize : 29 <-- 28.818300 s

maxsize : 29
nodes : 109595628.000000
filtered : 773022030.000000
time : 454.291748
