Parameters: GAD=1 vflib=1 dir=0 label=1 lowerbound=1 fileNameGp=../graphsdb/mcs30/m4D/m4Dr6/mcs30_m4Dr6_s90.A98 fileNameGt=../graphsdb/mcs30/m4D/m4Dr6/mcs30_m4Dr6_s90.B98
Reading graphs...
90 :  193
90 :  196
Initializing...
maxdom : 9
D->valSize : 506
Solving...
Blb : 2 (clique : 27)
currentSize : 27 <-- 0.009164 s
currentSize : 28 <-- 3.397460 s
currentSize : 29 <-- 3.450139 s
currentSize : 30 <-- 22.194527 s
currentSize : 31 <-- 24.156635 s
currentSize : 32 <-- 696.645569 s

TIMEOUT
maxsize : 32
nodes : 848393207.000000
filtered : 5104733612.000000
time : 3600.000000
