Parameters: GAD=1 vflib=1 dir=0 label=1 lowerbound=1 fileNameGp=../graphsdb/mcs30/m3D/m3Dr6/mcs30_m3Dr6_s70.A72 fileNameGt=../graphsdb/mcs30/m3D/m3Dr6/mcs30_m3Dr6_s70.B72
Reading graphs...
70 :  200
70 :  197
Initializing...
maxdom : 9
D->valSize : 352
Solving...
Blb : 2 (clique : 24)
currentSize : 24 <-- 0.003251 s
currentSize : 27 <-- 0.003422 s
currentSize : 29 <-- 0.003487 s
currentSize : 30 <-- 45.513016 s
currentSize : 31 <-- 199.273712 s

maxsize : 31
nodes : 162328169.000000
filtered : 1481481018.000000
time : 789.680420
