Parameters: GAD=1 vflib=1 dir=0 label=1 lowerbound=1 fileNameGp=../graphsdb/mcs30/bvg/b09m/mcs30_b09m_s70.A34 fileNameGt=../graphsdb/mcs30/bvg/b09m/mcs30_b09m_s70.B34
Reading graphs...
70 :  305
70 :  305
Initializing...
maxdom : 8
D->valSize : 322
Solving...
Blb : 2 (clique : 15)
currentSize : 15 <-- 0.002540 s
currentSize : 16 <-- 0.004119 s
currentSize : 17 <-- 0.047568 s
currentSize : 18 <-- 0.195439 s
currentSize : 19 <-- 0.896491 s
currentSize : 20 <-- 3.887089 s
currentSize : 21 <-- 22.126270 s
currentSize : 22 <-- 35.481487 s
currentSize : 23 <-- 91.081741 s

maxsize : 23
nodes : 46045486.000000
filtered : 530780997.000000
time : 234.084290
