Parameters: GAD=1 vflib=1 dir=0 label=1 lowerbound=1 fileNameGp=../graphsdb/mcs30/m2D/m2Dr6/mcs30_m2Dr6_s100.A70 fileNameGt=../graphsdb/mcs30/m2D/m2Dr6/mcs30_m2Dr6_s100.B70
Reading graphs...
100 :  237
100 :  237
Initializing...
maxdom : 9
D->valSize : 337
Solving...
Blb : 2 (clique : 28)
currentSize : 28 <-- 0.005590 s
currentSize : 29 <-- 0.012443 s
currentSize : 30 <-- 0.069554 s
currentSize : 31 <-- 0.079034 s
currentSize : 32 <-- 1.062461 s
currentSize : 33 <-- 57.929176 s
currentSize : 34 <-- 81.588730 s
currentSize : 35 <-- 2279.035156 s

TIMEOUT
maxsize : 35
nodes : 727053870.000000
filtered : 3648272357.000000
time : 3600.000000
