Parameters: GAD=1 vflib=1 dir=0 label=1 lowerbound=1 fileNameGp=../graphsdb/mcs30/bvg/b03m/mcs30_b03m_s90.A62 fileNameGt=../graphsdb/mcs30/bvg/b03m/mcs30_b03m_s90.B62
Reading graphs...
90 :  135
90 :  135
Initializing...
maxdom : 9
D->valSize : 511
Solving...
Blb : 2 (clique : 34)
currentSize : 34 <-- 0.009677 s
currentSize : 35 <-- 0.010100 s
currentSize : 36 <-- 19.451515 s
currentSize : 37 <-- 43.803253 s
currentSize : 38 <-- 818.505310 s
currentSize : 39 <-- 917.573181 s

TIMEOUT
maxsize : 39
nodes : 1120787611.000000
filtered : 3308278735.000000
time : 3600.000000
