Parameters: GAD=1 vflib=1 dir=0 label=1 lowerbound=1 fileNameGp=../graphsdb/mcs30/m3D/m3Dr4/mcs30_m3Dr4_s80.A14 fileNameGt=../graphsdb/mcs30/m3D/m3Dr4/mcs30_m3Dr4_s80.B14
Reading graphs...
80 :  215
80 :  214
Initializing...
maxdom : 10
D->valSize : 406
Solving...
Blb : 2 (clique : 27)
currentSize : 27 <-- 0.006988 s
currentSize : 28 <-- 0.019804 s
currentSize : 29 <-- 0.020520 s
currentSize : 30 <-- 0.049025 s
currentSize : 31 <-- 561.883179 s
currentSize : 32 <-- 1660.366821 s
currentSize : 33 <-- 1665.492188 s

TIMEOUT
maxsize : 33
nodes : 749371177.000000
filtered : 7026825250.000000
time : 3600.000000
