Parameters: GAD=1 vflib=1 dir=0 label=1 lowerbound=1 fileNameGp=../graphsdb/mcs30/bvg/b09m/mcs30_b09m_s100.A53 fileNameGt=../graphsdb/mcs30/bvg/b09m/mcs30_b09m_s100.B53
Reading graphs...
100 :  437
100 :  443
Initializing...
maxdom : 7
D->valSize : 372
Solving...
Blb : 2 (clique : 20)
currentSize : 20 <-- 0.003986 s
currentSize : 21 <-- 0.006117 s
currentSize : 22 <-- 0.012237 s
currentSize : 23 <-- 0.190929 s
currentSize : 24 <-- 0.255036 s
currentSize : 25 <-- 3.960504 s
currentSize : 26 <-- 6.542409 s
currentSize : 27 <-- 6.544657 s
currentSize : 28 <-- 90.535301 s
currentSize : 29 <-- 160.012192 s
currentSize : 30 <-- 809.300415 s
currentSize : 31 <-- 2937.039307 s
currentSize : 32 <-- 2942.694336 s
currentSize : 33 <-- 3030.868408 s

TIMEOUT
maxsize : 33
nodes : 628579896.000000
filtered : 4826152568.000000
time : 3600.000000
