Parameters: GAD=1 vflib=1 dir=0 label=1 lowerbound=1 fileNameGp=../graphsdb/mcs30/bvg/b06/mcs30_b06_s80.A01 fileNameGt=../graphsdb/mcs30/bvg/b06/mcs30_b06_s80.B01
Reading graphs...
80 :  238
80 :  238
Initializing...
maxdom : 8
D->valSize : 440
Solving...
Blb : 2 (clique : 24)
currentSize : 24 <-- 0.004318 s
currentSize : 25 <-- 0.005281 s
currentSize : 26 <-- 0.063173 s
currentSize : 27 <-- 0.150046 s
currentSize : 28 <-- 0.433276 s
currentSize : 29 <-- 2.819368 s
currentSize : 30 <-- 75.103729 s
currentSize : 31 <-- 80.704803 s

TIMEOUT
maxsize : 31
nodes : 651122350.000000
filtered : 7349518069.000000
time : 3600.000000
