Parameters: GAD=1 vflib=1 dir=0 label=1 lowerbound=1 fileNameGp=../graphsdb/mcs30/bvg/b03m/mcs30_b03m_s70.A37 fileNameGt=../graphsdb/mcs30/bvg/b03m/mcs30_b03m_s70.B37
Reading graphs...
70 :  102
70 :  103
Initializing...
maxdom : 9
D->valSize : 297
Solving...
Blb : 2 (clique : 24)
currentSize : 24 <-- 0.004255 s
currentSize : 25 <-- 0.004522 s
currentSize : 26 <-- 1.515786 s
currentSize : 27 <-- 2.629365 s
currentSize : 28 <-- 6.903129 s
currentSize : 29 <-- 15.880966 s
currentSize : 30 <-- 22.772900 s
currentSize : 31 <-- 84.804436 s

TIMEOUT
maxsize : 31
nodes : 982689835.000000
filtered : 5871237526.000000
time : 3600.000000
