Parameters: GAD=1 vflib=1 dir=0 label=1 lowerbound=1 fileNameGp=../graphsdb/mcs30/m2D/m2Dr6/mcs30_m2Dr6_s60.A33 fileNameGt=../graphsdb/mcs30/m2D/m2Dr6/mcs30_m2Dr6_s60.B33
Reading graphs...
60 :  139
60 :  135
Initializing...
maxdom : 8
D->valSize : 239
Solving...
Blb : 3 (clique : 18)
currentSize : 18 <-- 0.001715 s
currentSize : 19 <-- 0.005438 s
currentSize : 20 <-- 0.036969 s
currentSize : 21 <-- 0.505246 s
currentSize : 22 <-- 1.644250 s
currentSize : 23 <-- 5.974873 s
currentSize : 24 <-- 104.644897 s
currentSize : 25 <-- 132.649918 s

maxsize : 25
nodes : 39949403.000000
filtered : 259009762.000000
time : 149.996002
