Parameters: GAD=1 vflib=1 dir=0 label=1 lowerbound=1 fileNameGp=../graphsdb/mcs30/m2D/m2Dr4/mcs30_m2Dr4_s90.A30 fileNameGt=../graphsdb/mcs30/m2D/m2Dr4/mcs30_m2Dr4_s90.B30
Reading graphs...
90 :  195
90 :  195
Initializing...
maxdom : 9
D->valSize : 525
Solving...
Blb : 2 (clique : 27)
currentSize : 27 <-- 0.005976 s
currentSize : 28 <-- 0.006197 s
currentSize : 29 <-- 0.008810 s
currentSize : 30 <-- 0.010509 s
currentSize : 31 <-- 18.257511 s
currentSize : 32 <-- 137.105453 s
currentSize : 33 <-- 519.698303 s
currentSize : 34 <-- 520.018555 s
currentSize : 35 <-- 521.014954 s
currentSize : 36 <-- 521.694824 s
currentSize : 37 <-- 705.421143 s

TIMEOUT
maxsize : 37
nodes : 735131892.000000
filtered : 5740197706.000000
time : 3600.000000
