Parameters: GAD=1 vflib=1 dir=0 label=1 lowerbound=1 fileNameGp=../graphsdb/mcs30/bvg/b09m/mcs30_b09m_s100.A84 fileNameGt=../graphsdb/mcs30/bvg/b09m/mcs30_b09m_s100.B84
Reading graphs...
100 :  438
100 :  441
Initializing...
maxdom : 6
D->valSize : 321
Solving...
Blb : 2 (clique : 27)
currentSize : 27 <-- 0.003113 s
currentSize : 28 <-- 0.003321 s
currentSize : 30 <-- 0.092247 s
currentSize : 31 <-- 0.859783 s
currentSize : 32 <-- 1.159812 s
currentSize : 33 <-- 1.207758 s
currentSize : 34 <-- 1.207911 s

maxsize : 34
nodes : 381940285.000000
filtered : 2034987422.000000
time : 2072.723877
