Parameters: GAD=1 vflib=1 dir=0 label=1 lowerbound=1 fileNameGp=../graphsdb/mcs30/m4D/m4Dr4/mcs30_m4Dr4_s90.A64 fileNameGt=../graphsdb/mcs30/m4D/m4Dr4/mcs30_m4Dr4_s90.B64
Reading graphs...
90 :  181
90 :  178
Initializing...
maxdom : 10
D->valSize : 517
Solving...
Blb : 2 (clique : 29)
currentSize : 29 <-- 0.005913 s
currentSize : 30 <-- 0.016730 s
currentSize : 31 <-- 0.062464 s
currentSize : 32 <-- 0.063135 s
currentSize : 33 <-- 0.084258 s
currentSize : 34 <-- 6.793221 s
currentSize : 35 <-- 2315.837646 s

TIMEOUT
maxsize : 35
nodes : 836894008.000000
filtered : 5297314387.000000
time : 3600.000000
