Parameters: GAD=1 vflib=1 dir=0 label=1 lowerbound=1 fileNameGp=../graphsdb/mcs30/bvg/b06m/mcs30_b06m_s50.A20 fileNameGt=../graphsdb/mcs30/bvg/b06m/mcs30_b06m_s50.B20
Reading graphs...
50 :  145
50 :  147
Initializing...
maxdom : 11
D->valSize : 338
Solving...
Blb : 2 (clique : 16)
currentSize : 16 <-- 0.003935 s
currentSize : 17 <-- 0.004086 s
currentSize : 18 <-- 0.012929 s
currentSize : 19 <-- 0.589909 s
currentSize : 20 <-- 319.396851 s

maxsize : 20
nodes : 89759792.000000
filtered : 1208922280.000000
time : 390.077728
