Parameters: GAD=1 vflib=1 dir=0 label=1 lowerbound=1 fileNameGp=../graphsdb/mcs30/m2D/m2Dr6/mcs30_m2Dr6_s50.A28 fileNameGt=../graphsdb/mcs30/m2D/m2Dr6/mcs30_m2Dr6_s50.B28
Reading graphs...
50 :  113
50 :  112
Initializing...
maxdom : 9
D->valSize : 327
Solving...
Blb : 2 (clique : 16)
currentSize : 16 <-- 0.002616 s
currentSize : 17 <-- 0.007312 s
currentSize : 18 <-- 0.033824 s
currentSize : 19 <-- 1.650291 s
currentSize : 20 <-- 1.705577 s
currentSize : 21 <-- 13.172909 s
currentSize : 22 <-- 155.800217 s

maxsize : 22
nodes : 48488211.000000
filtered : 643756647.000000
time : 193.710419
