Parameters: GAD=1 vflib=1 dir=0 label=1 lowerbound=1 fileNameGp=../graphsdb/mcs30/m2D/m2Dr4/mcs30_m2Dr4_s50.A41 fileNameGt=../graphsdb/mcs30/m2D/m2Dr4/mcs30_m2Dr4_s50.B41
Reading graphs...
50 :  105
50 :  102
Initializing...
maxdom : 10
D->valSize : 336
Solving...
Blb : 2 (clique : 18)
currentSize : 18 <-- 0.004057 s
currentSize : 19 <-- 0.004526 s
currentSize : 20 <-- 0.005516 s
currentSize : 21 <-- 0.049143 s
currentSize : 22 <-- 0.505825 s
currentSize : 23 <-- 35.195080 s

maxsize : 23
nodes : 39933377.000000
filtered : 601494307.000000
time : 184.491165
