Parameters: GAD=1 vflib=1 dir=0 label=1 lowerbound=1 fileNameGp=../graphsdb/mcs30/rand/r005/mcs30_r005_s60.A34 fileNameGt=../graphsdb/mcs30/rand/r005/mcs30_r005_s60.B34
Reading graphs...
60 :  177
60 :  178
Initializing...
maxdom : 10
D->valSize : 288
Solving...
Blb : 2 (clique : 16)
currentSize : 16 <-- 0.003491 s
currentSize : 17 <-- 0.003691 s
currentSize : 18 <-- 0.004284 s
currentSize : 19 <-- 0.006060 s
currentSize : 20 <-- 0.051556 s
currentSize : 21 <-- 0.051652 s
currentSize : 22 <-- 2.979134 s

maxsize : 22
nodes : 20834928.000000
filtered : 216488437.000000
time : 92.713791
