Parameters: GAD=1 vflib=1 dir=0 label=1 lowerbound=1 fileNameGp=../graphsdb/mcs30/m4D/m4Dr6/mcs30_m4Dr6_s70.A41 fileNameGt=../graphsdb/mcs30/m4D/m4Dr6/mcs30_m4Dr6_s70.B41
Reading graphs...
70 :  156
70 :  154
Initializing...
maxdom : 8
D->valSize : 305
Solving...
Blb : 3 (clique : 24)
currentSize : 24 <-- 0.002502 s
currentSize : 25 <-- 2.613716 s
currentSize : 26 <-- 2.613840 s
currentSize : 27 <-- 16.240583 s
currentSize : 28 <-- 55.050472 s
currentSize : 29 <-- 1012.287842 s

TIMEOUT
maxsize : 29
nodes : 786052160.000000
filtered : 6113854520.000000
time : 3600.000000
