Parameters: GAD=1 vflib=1 dir=0 label=1 lowerbound=1 fileNameGp=../graphsdb/mcs30/m3D/m3Dr6/mcs30_m3Dr6_s70.A95 fileNameGt=../graphsdb/mcs30/m3D/m3Dr6/mcs30_m3Dr6_s70.B95
Reading graphs...
70 :  198
70 :  195
Initializing...
maxdom : 8
D->valSize : 336
Solving...
Blb : 2 (clique : 22)
currentSize : 22 <-- 0.002785 s
currentSize : 23 <-- 0.003012 s
currentSize : 24 <-- 0.004664 s
currentSize : 25 <-- 0.019488 s
currentSize : 26 <-- 0.022596 s
currentSize : 27 <-- 28.367189 s
currentSize : 28 <-- 140.831497 s
currentSize : 29 <-- 157.108307 s
currentSize : 30 <-- 157.131149 s

maxsize : 30
nodes : 196282543.000000
filtered : 1859650638.000000
time : 972.270203
