Parameters: GAD=1 vflib=1 dir=0 label=1 lowerbound=1 fileNameGp=../graphsdb/mcs30/bvg/b06m/mcs30_b06m_s50.A82 fileNameGt=../graphsdb/mcs30/bvg/b06m/mcs30_b06m_s50.B82
Reading graphs...
50 :  147
50 :  146
Initializing...
maxdom : 9
D->valSize : 312
Solving...
Blb : 2 (clique : 17)
currentSize : 17 <-- 0.003533 s
currentSize : 18 <-- 0.085253 s
currentSize : 19 <-- 0.105204 s
currentSize : 20 <-- 0.105855 s
currentSize : 21 <-- 0.146518 s

maxsize : 21
nodes : 12786185.000000
filtered : 170879707.000000
time : 53.711342
