Parameters: GAD=1 vflib=1 dir=0 label=1 lowerbound=1 fileNameGp=../graphsdb/mcs30/bvg/b06m/mcs30_b06m_s40.A92 fileNameGt=../graphsdb/mcs30/bvg/b06m/mcs30_b06m_s40.B92
Reading graphs...
40 :  116
40 :  115
Initializing...
maxdom : 7
D->valSize : 222
Solving...
Blb : 3 (clique : 12)
currentSize : 12 <-- 0.001386 s
currentSize : 13 <-- 0.021838 s
currentSize : 14 <-- 0.049272 s
currentSize : 15 <-- 0.056901 s
currentSize : 16 <-- 0.057473 s

maxsize : 16
nodes : 210622.000000
filtered : 2772906.000000
time : 0.831696
