Parameters: GAD=1 vflib=1 dir=0 label=1 lowerbound=1 fileNameGp=../graphsdb/mcs30/rand/r005/mcs30_r005_s50.A09 fileNameGt=../graphsdb/mcs30/rand/r005/mcs30_r005_s50.B09
Reading graphs...
50 :  122
50 :  123
Initializing...
maxdom : 10
D->valSize : 307
Solving...
Blb : 2 (clique : 15)
currentSize : 15 <-- 0.002207 s
currentSize : 16 <-- 0.029673 s
currentSize : 17 <-- 0.081025 s
currentSize : 18 <-- 2.074515 s
currentSize : 19 <-- 37.884933 s
currentSize : 20 <-- 54.025204 s

maxsize : 20
nodes : 64629216.000000
filtered : 674500629.000000
time : 236.425308
