Parameters: GAD=1 vflib=1 dir=0 label=1 lowerbound=1 fileNameGp=../graphsdb/mcs30/m2D/m2Dr4/mcs30_m2Dr4_s90.A64 fileNameGt=../graphsdb/mcs30/m2D/m2Dr4/mcs30_m2Dr4_s90.B64
Reading graphs...
90 :  196
90 :  193
Initializing...
maxdom : 9
D->valSize : 528
Solving...
Blb : 2 (clique : 31)
currentSize : 31 <-- 0.006168 s
currentSize : 34 <-- 0.006420 s
currentSize : 35 <-- 0.006495 s
currentSize : 36 <-- 0.007074 s
currentSize : 37 <-- 0.008332 s
currentSize : 38 <-- 4.071600 s

TIMEOUT
maxsize : 38
nodes : 670589342.000000
filtered : 6594375461.000000
time : 3600.000000
