Parameters: GAD=1 vflib=1 dir=0 label=1 lowerbound=1 fileNameGp=../graphsdb/mcs30/m4D/m4Dr6/mcs30_m4Dr6_s70.A53 fileNameGt=../graphsdb/mcs30/m4D/m4Dr6/mcs30_m4Dr6_s70.B53
Reading graphs...
70 :  159
70 :  159
Initializing...
maxdom : 7
D->valSize : 337
Solving...
Blb : 2 (clique : 24)
currentSize : 24 <-- 0.002814 s
currentSize : 25 <-- 0.002965 s
currentSize : 26 <-- 0.705044 s
currentSize : 27 <-- 12.649140 s
currentSize : 28 <-- 12.672003 s
currentSize : 29 <-- 40.064384 s

TIMEOUT
maxsize : 29
nodes : 801323028.000000
filtered : 6873645964.000000
time : 3600.000000
