Parameters: GAD=1 vflib=1 dir=0 label=1 lowerbound=1 fileNameGp=../graphsdb/mcs30/m4D/m4Dr4/mcs30_m4Dr4_s80.A26 fileNameGt=../graphsdb/mcs30/m4D/m4Dr4/mcs30_m4Dr4_s80.B26
Reading graphs...
80 :  161
80 :  158
Initializing...
maxdom : 9
D->valSize : 414
Solving...
Blb : 2 (clique : 26)
currentSize : 26 <-- 0.004089 s
currentSize : 27 <-- 0.004401 s
currentSize : 28 <-- 0.004567 s
currentSize : 29 <-- 0.006580 s
currentSize : 30 <-- 0.163987 s
currentSize : 31 <-- 105.867462 s
currentSize : 32 <-- 776.890137 s

TIMEOUT
maxsize : 32
nodes : 909734575.000000
filtered : 6210574727.000000
time : 3600.000000
