Parameters: GAD=1 vflib=1 dir=0 label=1 lowerbound=1 fileNameGp=../graphsdb/mcs30/rand/r02/mcs30_r02_s50.A86 fileNameGt=../graphsdb/mcs30/rand/r02/mcs30_r02_s50.B86
Reading graphs...
50 :  440
50 :  426
Initializing...
maxdom : 10
D->valSize : 320
Solving...
Blb : 2 (clique : 7)
currentSize : 7 <-- 0.002170 s
currentSize : 8 <-- 0.002266 s
currentSize : 9 <-- 0.034657 s
currentSize : 10 <-- 0.041975 s
currentSize : 14 <-- 0.042353 s

maxsize : 14
nodes : 35454.000000
filtered : 709358.000000
time : 0.162187
