Parameters: GAD=1 vflib=1 dir=0 label=1 lowerbound=1 fileNameGp=../graphsdb/mcs30/m3D/m3D/mcs30_m3D_s90.A80 fileNameGt=../graphsdb/mcs30/m3D/m3D/mcs30_m3D_s90.B80
Reading graphs...
90 :  208
90 :  208
Initializing...
maxdom : 11
D->valSize : 537
Solving...
Blb : 2 (clique : 28)
currentSize : 28 <-- 0.006284 s
currentSize : 29 <-- 0.007090 s
currentSize : 30 <-- 0.014916 s
currentSize : 31 <-- 0.214532 s
currentSize : 32 <-- 1.131482 s
currentSize : 33 <-- 3.813879 s

TIMEOUT
maxsize : 33
nodes : 886331369.000000
filtered : 5084438335.000000
time : 3600.000000
