Parameters: GAD=1 vflib=1 dir=0 label=1 lowerbound=1 fileNameGp=../graphsdb/mcs30/m2D/m2Dr4/mcs30_m2Dr4_s60.A66 fileNameGt=../graphsdb/mcs30/m2D/m2Dr4/mcs30_m2Dr4_s60.B66
Reading graphs...
60 :  127
60 :  123
Initializing...
maxdom : 8
D->valSize : 242
Solving...
Blb : 3 (clique : 21)
currentSize : 21 <-- 0.002040 s
currentSize : 22 <-- 0.002160 s
currentSize : 23 <-- 0.002821 s
currentSize : 24 <-- 0.003004 s
currentSize : 25 <-- 4.453491 s
currentSize : 26 <-- 4.470198 s

maxsize : 26
nodes : 61116082.000000
filtered : 483872470.000000
time : 250.146271
