Parameters: GAD=1 vflib=1 dir=0 label=1 lowerbound=1 fileNameGp=../graphsdb/mcs30/rand/r02/mcs30_r02_s80.A71 fileNameGt=../graphsdb/mcs30/rand/r02/mcs30_r02_s80.B71
Reading graphs...
80 :  1119
80 :  1126
Initializing...
maxdom : 10
D->valSize : 434
Solving...
Blb : 2 (clique : 8)
currentSize : 8 <-- 0.003958 s
currentSize : 9 <-- 0.004687 s
currentSize : 10 <-- 0.010826 s
currentSize : 13 <-- 0.123462 s
currentSize : 14 <-- 0.218311 s
currentSize : 19 <-- 0.259560 s

maxsize : 19
nodes : 127249.000000
filtered : 2358229.000000
time : 0.755793
