Parameters: GAD=1 vflib=1 dir=0 label=1 lowerbound=1 fileNameGp=../graphsdb/mcs30/bvg/b06m/mcs30_b06m_s35.A05 fileNameGt=../graphsdb/mcs30/bvg/b06m/mcs30_b06m_s35.B05
Reading graphs...
35 :  103
35 :  103
Initializing...
maxdom : 8
D->valSize : 168
Solving...
Blb : 2 (clique : 9)
currentSize : 9 <-- 0.000906 s
currentSize : 10 <-- 0.000981 s
currentSize : 11 <-- 0.001260 s
currentSize : 12 <-- 0.001986 s
currentSize : 13 <-- 0.006450 s
currentSize : 14 <-- 0.095680 s

maxsize : 14
nodes : 73532.000000
filtered : 1074460.000000
time : 0.258841
