Parameters: GAD=1 vflib=1 dir=0 label=1 lowerbound=1 fileNameGp=../graphsdb/mcs30/bvg/b09/mcs30_b09_s60.A24 fileNameGt=../graphsdb/mcs30/bvg/b09/mcs30_b09_s60.B24
Reading graphs...
60 :  264
60 :  266
Initializing...
maxdom : 7
D->valSize : 236
Solving...
Blb : 2 (clique : 13)
currentSize : 13 <-- 0.001666 s
currentSize : 14 <-- 0.002175 s
currentSize : 15 <-- 0.259300 s
currentSize : 17 <-- 0.715499 s
currentSize : 18 <-- 0.716496 s
currentSize : 19 <-- 0.716709 s
currentSize : 20 <-- 0.716921 s
currentSize : 21 <-- 1.005053 s

maxsize : 21
nodes : 466025.000000
filtered : 4257981.000000
time : 2.147983
