Parameters: GAD=1 vflib=1 dir=0 label=1 lowerbound=1 fileNameGp=../graphsdb/mcs30/m2D/m2Dr4/mcs30_m2Dr4_s80.A84 fileNameGt=../graphsdb/mcs30/m2D/m2Dr4/mcs30_m2Dr4_s80.B84
Reading graphs...
80 :  174
80 :  172
Initializing...
maxdom : 9
D->valSize : 431
Solving...
Blb : 2 (clique : 24)
currentSize : 24 <-- 0.007143 s
currentSize : 25 <-- 0.007417 s
currentSize : 26 <-- 0.047306 s
currentSize : 27 <-- 0.074917 s
currentSize : 28 <-- 0.082973 s
currentSize : 29 <-- 160.610367 s
currentSize : 30 <-- 512.913513 s
currentSize : 31 <-- 1745.870239 s
currentSize : 32 <-- 2477.376953 s

TIMEOUT
maxsize : 32
nodes : 748562773.000000
filtered : 6406162551.000000
time : 3600.000000
