Parameters: GAD=1 vflib=1 dir=0 label=1 lowerbound=1 fileNameGp=../graphsdb/mcs30/m3D/m3Dr2/mcs30_m3Dr2_s100.A37 fileNameGt=../graphsdb/mcs30/m3D/m3Dr2/mcs30_m3Dr2_s100.B37
Reading graphs...
100 :  252
100 :  254
Initializing...
maxdom : 7
D->valSize : 329
Solving...
Blb : 2 (clique : 30)
currentSize : 30 <-- 0.003342 s
currentSize : 32 <-- 0.003578 s
currentSize : 33 <-- 0.139616 s
currentSize : 34 <-- 0.321898 s
currentSize : 35 <-- 0.335184 s
currentSize : 36 <-- 0.890398 s
currentSize : 37 <-- 1.716947 s

TIMEOUT
maxsize : 37
nodes : 699014882.000000
filtered : 4130017249.000000
time : 3600.000000
