Parameters: GAD=1 vflib=1 dir=0 label=1 lowerbound=1 fileNameGp=../graphsdb/mcs30/m3D/m3Dr4/mcs30_m3Dr4_s30.A37 fileNameGt=../graphsdb/mcs30/m3D/m3Dr4/mcs30_m3Dr4_s30.B37
Reading graphs...
30 :  72
30 :  69
Initializing...
maxdom : 7
D->valSize : 108
Solving...
Blb : 2 (clique : 7)
currentSize : 7 <-- 0.000785 s
currentSize : 8 <-- 0.000850 s
currentSize : 9 <-- 0.001027 s
currentSize : 10 <-- 0.002423 s
currentSize : 11 <-- 0.016260 s

maxsize : 11
nodes : 9811.000000
filtered : 61850.000000
time : 0.025160
