Parameters: GAD=1 vflib=1 dir=0 label=1 lowerbound=1 fileNameGp=../graphsdb/mcs30/bvg/b09m/mcs30_b09m_s100.A42 fileNameGt=../graphsdb/mcs30/bvg/b09m/mcs30_b09m_s100.B42
Reading graphs...
100 :  443
100 :  442
Initializing...
maxdom : 7
D->valSize : 350
Solving...
Blb : 2 (clique : 27)
currentSize : 27 <-- 0.003358 s
currentSize : 28 <-- 0.014783 s
currentSize : 29 <-- 0.031849 s
currentSize : 30 <-- 0.096732 s
currentSize : 31 <-- 0.159119 s
currentSize : 32 <-- 2.457054 s
currentSize : 33 <-- 2.902897 s

TIMEOUT
maxsize : 33
nodes : 668025583.000000
filtered : 3699701189.000000
time : 3600.000000
