Parameters: GAD=1 vflib=1 dir=0 label=1 lowerbound=1 fileNameGp=../graphsdb/mcs30/bvg/b03m/mcs30_b03m_s100.A86 fileNameGt=../graphsdb/mcs30/bvg/b03m/mcs30_b03m_s100.B86
Reading graphs...
100 :  149
100 :  149
Initializing...
maxdom : 7
D->valSize : 345
Solving...
Blb : 2 (clique : 33)
currentSize : 33 <-- 0.004125 s
currentSize : 34 <-- 0.006838 s
currentSize : 35 <-- 0.035842 s
currentSize : 36 <-- 1.102390 s
currentSize : 37 <-- 3.689192 s
currentSize : 38 <-- 5.614572 s
currentSize : 39 <-- 13.071336 s
currentSize : 40 <-- 336.451447 s
currentSize : 41 <-- 690.426514 s

TIMEOUT
maxsize : 41
nodes : 801195676.000000
filtered : 3095844670.000000
time : 3600.000000
