Parameters: GAD=1 vflib=1 dir=0 label=1 lowerbound=1 fileNameGp=../graphsdb/mcs30/m2D/m2Dr2/mcs30_m2Dr2_s80.A89 fileNameGt=../graphsdb/mcs30/m2D/m2Dr2/mcs30_m2Dr2_s80.B89
Reading graphs...
80 :  156
80 :  158
Initializing...
maxdom : 8
D->valSize : 434
Solving...
Blb : 2 (clique : 27)
currentSize : 27 <-- 0.004441 s
currentSize : 28 <-- 0.007681 s
currentSize : 29 <-- 0.036153 s
currentSize : 30 <-- 3.975527 s
currentSize : 31 <-- 83.864830 s
currentSize : 32 <-- 2084.860352 s

TIMEOUT
maxsize : 32
nodes : 907491604.000000
filtered : 5739160477.000000
time : 3600.000000
