Parameters: GAD=1 vflib=1 dir=0 label=1 lowerbound=1 fileNameGp=../graphsdb/mcs30/m2D/m2Dr4/mcs30_m2Dr4_s50.A46 fileNameGt=../graphsdb/mcs30/m2D/m2Dr4/mcs30_m2Dr4_s50.B46
Reading graphs...
50 :  104
50 :  102
Initializing...
maxdom : 11
D->valSize : 299
Solving...
Blb : 3 (clique : 17)
currentSize : 17 <-- 0.002152 s
currentSize : 18 <-- 0.656423 s
currentSize : 19 <-- 0.667017 s
currentSize : 20 <-- 1.737845 s
currentSize : 21 <-- 1.740310 s

maxsize : 21
nodes : 3965318.000000
filtered : 42993313.000000
time : 16.867701
