Parameters: GAD=1 vflib=1 dir=0 label=1 lowerbound=1 fileNameGp=../graphsdb/mcs30/m2D/m2D/mcs30_m2D_s70.A97 fileNameGt=../graphsdb/mcs30/m2D/m2D/mcs30_m2D_s70.B97
Reading graphs...
70 :  123
70 :  122
Initializing...
maxdom : 9
D->valSize : 329
Solving...
Blb : 5 (clique : 24)
currentSize : 24 <-- 0.002960 s
currentSize : 25 <-- 0.006917 s
currentSize : 26 <-- 0.101644 s
currentSize : 27 <-- 428.237823 s
currentSize : 28 <-- 1332.336792 s
currentSize : 29 <-- 1332.719360 s

TIMEOUT
maxsize : 29
nodes : 950905533.000000
filtered : 6651638287.000000
time : 3600.000000
