Parameters: GAD=1 vflib=1 dir=0 label=1 lowerbound=1 fileNameGp=../graphsdb/mcs30/bvg/b09/mcs30_b09_s80.A06 fileNameGt=../graphsdb/mcs30/bvg/b09/mcs30_b09_s80.B06
Reading graphs...
80 :  355
80 :  356
Initializing...
maxdom : 10
D->valSize : 402
Solving...
Blb : 2 (clique : 17)
currentSize : 17 <-- 0.003700 s
currentSize : 18 <-- 0.175386 s
currentSize : 19 <-- 0.429283 s
currentSize : 20 <-- 0.976674 s
currentSize : 21 <-- 5.847482 s
currentSize : 22 <-- 16.974283 s
currentSize : 23 <-- 57.173576 s
currentSize : 24 <-- 64.358948 s
currentSize : 25 <-- 104.702721 s
currentSize : 26 <-- 821.345947 s
currentSize : 27 <-- 2954.896240 s

maxsize : 27
nodes : 644783685.000000
filtered : 7835051091.000000
time : 3429.520020
