Parameters: GAD=1 vflib=1 dir=0 label=1 lowerbound=1 fileNameGp=../graphsdb/mcs30/bvg/b03/mcs30_b03_s60.A97 fileNameGt=../graphsdb/mcs30/bvg/b03/mcs30_b03_s60.B97
Reading graphs...
60 :  89
60 :  90
Initializing...
maxdom : 9
D->valSize : 242
Solving...
Blb : 2 (clique : 24)
currentSize : 24 <-- 0.002032 s
currentSize : 25 <-- 0.135881 s
currentSize : 26 <-- 0.234644 s
currentSize : 27 <-- 3.276025 s
currentSize : 28 <-- 9.146967 s
currentSize : 29 <-- 43.675274 s

maxsize : 29
nodes : 37094006.000000
filtered : 229104328.000000
time : 141.262787
