Parameters: GAD=1 vflib=1 dir=0 label=1 lowerbound=1 fileNameGp=../graphsdb/mcs30/rand/r005/mcs30_r005_s80.A33 fileNameGt=../graphsdb/mcs30/rand/r005/mcs30_r005_s80.B33
Reading graphs...
80 :  311
80 :  306
Initializing...
maxdom : 9
D->valSize : 406
Solving...
Blb : 5 (clique : 20)
currentSize : 20 <-- 0.006048 s
currentSize : 21 <-- 0.006421 s
currentSize : 22 <-- 0.006512 s
currentSize : 23 <-- 0.019072 s
currentSize : 24 <-- 0.034297 s
currentSize : 25 <-- 0.156927 s
currentSize : 26 <-- 1.382077 s

TIMEOUT
maxsize : 26
nodes : 728122997.000000
filtered : 7171722465.000000
time : 3600.000000
