Parameters: GAD=1 vflib=1 dir=0 label=1 lowerbound=1 fileNameGp=../graphsdb/mcs30/bvg/b09/mcs30_b09_s40.A31 fileNameGt=../graphsdb/mcs30/bvg/b09/mcs30_b09_s40.B31
Reading graphs...
40 :  175
40 :  175
Initializing...
maxdom : 8
D->valSize : 220
Solving...
Blb : 5 (clique : 8)
currentSize : 8 <-- 0.001288 s
currentSize : 9 <-- 0.001365 s
currentSize : 10 <-- 0.002903 s
currentSize : 11 <-- 0.013924 s
currentSize : 13 <-- 0.174566 s
currentSize : 14 <-- 0.176225 s

maxsize : 14
nodes : 125834.000000
filtered : 1296208.000000
time : 0.434541
