Parameters: GAD=1 vflib=1 dir=0 label=1 lowerbound=1 fileNameGp=../graphsdb/mcs30/m2D/m2Dr4/mcs30_m2Dr4_s70.A78 fileNameGt=../graphsdb/mcs30/m2D/m2Dr4/mcs30_m2Dr4_s70.B78
Reading graphs...
70 :  148
70 :  147
Initializing...
maxdom : 9
D->valSize : 340
Solving...
Blb : 2 (clique : 25)
currentSize : 25 <-- 0.003033 s
currentSize : 26 <-- 0.003222 s
currentSize : 27 <-- 0.072369 s
currentSize : 28 <-- 0.539687 s
currentSize : 29 <-- 35.829330 s
currentSize : 30 <-- 531.723389 s

TIMEOUT
maxsize : 30
nodes : 768873475.000000
filtered : 6820920320.000000
time : 3600.000000
