Parameters: GAD=1 vflib=1 dir=0 label=1 lowerbound=1 fileNameGp=../graphsdb/mcs30/rand/r01/mcs30_r01_s80.A99 fileNameGt=../graphsdb/mcs30/rand/r01/mcs30_r01_s80.B99
Reading graphs...
80 :  596
80 :  595
Initializing...
maxdom : 9
D->valSize : 422
Solving...
Blb : 2 (clique : 11)
currentSize : 11 <-- 0.006093 s
currentSize : 12 <-- 0.007499 s
currentSize : 13 <-- 0.012864 s
currentSize : 15 <-- 0.016415 s
currentSize : 16 <-- 0.111339 s
currentSize : 17 <-- 0.872786 s
currentSize : 18 <-- 0.933719 s
currentSize : 19 <-- 1.317365 s
currentSize : 20 <-- 2.930232 s
currentSize : 21 <-- 3.197007 s
currentSize : 23 <-- 3.197226 s

maxsize : 23
nodes : 6037942.000000
filtered : 102988601.000000
time : 36.396427
