Parameters: GAD=1 vflib=1 dir=0 label=1 lowerbound=1 fileNameGp=../graphsdb/mcs30/m3D/m3D/mcs30_m3D_s80.A57 fileNameGt=../graphsdb/mcs30/m3D/m3D/mcs30_m3D_s80.B57
Reading graphs...
80 :  180
80 :  182
Initializing...
maxdom : 9
D->valSize : 415
Solving...
Blb : 5 (clique : 24)
currentSize : 24 <-- 0.006598 s
currentSize : 25 <-- 0.075442 s
currentSize : 26 <-- 0.205504 s
currentSize : 27 <-- 2.084689 s
currentSize : 28 <-- 2.991647 s
currentSize : 29 <-- 54.450523 s
currentSize : 30 <-- 153.665283 s
currentSize : 31 <-- 191.061829 s
currentSize : 32 <-- 475.931091 s

TIMEOUT
maxsize : 32
nodes : 728470366.000000
filtered : 5958367793.000000
time : 3600.000000
