Parameters: GAD=1 vflib=1 dir=0 label=1 lowerbound=1 fileNameGp=../graphsdb/mcs30/bvg/b09m/mcs30_b09m_s60.A16 fileNameGt=../graphsdb/mcs30/bvg/b09m/mcs30_b09m_s60.B16
Reading graphs...
60 :  263
60 :  258
Initializing...
maxdom : 7
D->valSize : 249
Solving...
Blb : 2 (clique : 13)
currentSize : 13 <-- 0.001722 s
currentSize : 14 <-- 0.002265 s
currentSize : 15 <-- 0.005595 s
currentSize : 16 <-- 0.228551 s
currentSize : 17 <-- 0.663598 s
currentSize : 19 <-- 0.664574 s
currentSize : 20 <-- 1.318663 s
currentSize : 21 <-- 1.318759 s
currentSize : 22 <-- 1.329824 s

maxsize : 22
nodes : 1367627.000000
filtered : 8511097.000000
time : 5.523908
