Parameters: GAD=1 vflib=1 dir=0 label=1 lowerbound=1 fileNameGp=../graphsdb/mcs30/bvg/b09/mcs30_b09_s70.A25 fileNameGt=../graphsdb/mcs30/bvg/b09/mcs30_b09_s70.B25
Reading graphs...
70 :  311
70 :  310
Initializing...
maxdom : 9
D->valSize : 325
Solving...
Blb : 3 (clique : 19)
currentSize : 19 <-- 0.002645 s
currentSize : 20 <-- 0.011585 s
currentSize : 21 <-- 0.029247 s
currentSize : 22 <-- 0.403468 s
currentSize : 23 <-- 0.785980 s
currentSize : 24 <-- 2.409912 s
currentSize : 25 <-- 3.638999 s

maxsize : 25
nodes : 1959749.000000
filtered : 26327286.000000
time : 10.606877
