Parameters: GAD=1 vflib=1 dir=0 label=1 lowerbound=1 fileNameGp=../graphsdb/mcs30/m3D/m3Dr6/mcs30_m3Dr6_s70.A48 fileNameGt=../graphsdb/mcs30/m3D/m3Dr6/mcs30_m3Dr6_s70.B48
Reading graphs...
70 :  194
70 :  194
Initializing...
maxdom : 10
D->valSize : 348
Solving...
Blb : 2 (clique : 20)
currentSize : 20 <-- 0.002981 s
currentSize : 21 <-- 0.003241 s
currentSize : 22 <-- 0.004751 s
currentSize : 23 <-- 0.005727 s
currentSize : 24 <-- 0.006682 s
currentSize : 25 <-- 78.864899 s
currentSize : 26 <-- 78.865311 s
currentSize : 27 <-- 78.866676 s
currentSize : 28 <-- 101.826675 s
currentSize : 29 <-- 121.502014 s
currentSize : 30 <-- 340.474701 s

maxsize : 30
nodes : 124945349.000000
filtered : 1313863131.000000
time : 617.679688
