Parameters: GAD=1 vflib=1 dir=0 label=1 lowerbound=1 fileNameGp=../graphsdb/mcs30/rand/r02/mcs30_r02_s40.A03 fileNameGt=../graphsdb/mcs30/rand/r02/mcs30_r02_s40.B03
Reading graphs...
40 :  267
40 :  277
Initializing...
maxdom : 7
D->valSize : 183
Solving...
Blb : 2 (clique : 6)
currentSize : 6 <-- 0.001035 s
currentSize : 7 <-- 0.001263 s
currentSize : 8 <-- 0.005171 s
currentSize : 9 <-- 0.012325 s
currentSize : 10 <-- 0.029876 s
currentSize : 11 <-- 0.034666 s

maxsize : 11
nodes : 11728.000000
filtered : 113344.000000
time : 0.040979
