Parameters: GAD=1 vflib=1 dir=0 label=1 lowerbound=1 fileNameGp=../graphsdb/mcs30/bvg/b06/mcs30_b06_s80.A87 fileNameGt=../graphsdb/mcs30/bvg/b06/mcs30_b06_s80.B87
Reading graphs...
80 :  239
80 :  237
Initializing...
maxdom : 9
D->valSize : 446
Solving...
Blb : 2 (clique : 27)
currentSize : 27 <-- 0.007340 s
currentSize : 28 <-- 0.009445 s
currentSize : 29 <-- 0.009583 s
currentSize : 30 <-- 94.855751 s
currentSize : 31 <-- 106.179108 s
currentSize : 32 <-- 118.251724 s

TIMEOUT
maxsize : 32
nodes : 622874999.000000
filtered : 7881277617.000000
time : 3600.000000
