Parameters: GAD=1 vflib=1 dir=0 label=1 lowerbound=1 fileNameGp=../graphsdb/mcs30/m2D/m2Dr2/mcs30_m2Dr2_s50.A12 fileNameGt=../graphsdb/mcs30/m2D/m2Dr2/mcs30_m2Dr2_s50.B12
Reading graphs...
50 :  94
50 :  94
Initializing...
maxdom : 15
D->valSize : 284
Solving...
Blb : 2 (clique : 18)
currentSize : 18 <-- 0.003263 s
currentSize : 19 <-- 0.019241 s
currentSize : 20 <-- 7.153896 s
currentSize : 21 <-- 76.253807 s
currentSize : 22 <-- 102.316544 s

maxsize : 22
nodes : 43998782.000000
filtered : 527061730.000000
time : 171.049866
