Parameters: GAD=1 vflib=1 dir=0 label=1 lowerbound=1 fileNameGp=../graphsdb/mcs30/rand/r005/mcs30_r005_s100.A42 fileNameGt=../graphsdb/mcs30/rand/r005/mcs30_r005_s100.B42
Reading graphs...
100 :  483
100 :  476
Initializing...
maxdom : 8
D->valSize : 345
Solving...
Blb : 2 (clique : 21)
currentSize : 21 <-- 0.004990 s
currentSize : 22 <-- 0.005371 s
currentSize : 23 <-- 0.005694 s
currentSize : 24 <-- 0.007225 s
currentSize : 25 <-- 4.169016 s
currentSize : 26 <-- 11.033284 s
currentSize : 27 <-- 46.161598 s
currentSize : 28 <-- 425.156708 s
currentSize : 29 <-- 472.678040 s

TIMEOUT
maxsize : 29
nodes : 627587283.000000
filtered : 4954279549.000000
time : 3600.000000
