Parameters: GAD=1 vflib=1 dir=0 label=1 lowerbound=1 fileNameGp=../graphsdb/mcs30/bvg/b09/mcs30_b09_s80.A79 fileNameGt=../graphsdb/mcs30/bvg/b09/mcs30_b09_s80.B79
Reading graphs...
80 :  355
80 :  357
Initializing...
maxdom : 7
D->valSize : 407
Solving...
Blb : 3 (clique : 19)
currentSize : 19 <-- 0.003680 s
currentSize : 20 <-- 0.028485 s
currentSize : 21 <-- 0.277889 s
currentSize : 22 <-- 0.399406 s
currentSize : 23 <-- 0.814897 s
currentSize : 24 <-- 5.140158 s
currentSize : 25 <-- 5.364162 s
currentSize : 26 <-- 10.000088 s
currentSize : 27 <-- 10.000559 s
currentSize : 28 <-- 439.716248 s

maxsize : 28
nodes : 390080478.000000
filtered : 4905547846.000000
time : 2212.595459
