Parameters: GAD=1 vflib=1 dir=0 label=1 lowerbound=1 fileNameGp=../graphsdb/mcs30/m3D/m3Dr2/mcs30_m3Dr2_s80.A03 fileNameGt=../graphsdb/mcs30/m3D/m3Dr2/mcs30_m3Dr2_s80.B03
Reading graphs...
80 :  196
80 :  197
Initializing...
maxdom : 11
D->valSize : 399
Solving...
Blb : 2 (clique : 22)
currentSize : 22 <-- 0.003835 s
currentSize : 24 <-- 0.004155 s
currentSize : 25 <-- 0.008826 s
currentSize : 26 <-- 0.011274 s
currentSize : 27 <-- 4.163009 s
currentSize : 28 <-- 35.551254 s
currentSize : 29 <-- 130.234222 s
currentSize : 30 <-- 368.379669 s

TIMEOUT
maxsize : 30
nodes : 764008021.000000
filtered : 6517803437.000000
time : 3600.000000
