Parameters: GAD=1 vflib=1 dir=0 label=1 lowerbound=1 fileNameGp=../graphsdb/mcs30/bvg/b06m/mcs30_b06m_s60.A92 fileNameGt=../graphsdb/mcs30/bvg/b06m/mcs30_b06m_s60.B92
Reading graphs...
60 :  177
60 :  177
Initializing...
maxdom : 8
D->valSize : 224
Solving...
Blb : 3 (clique : 17)
currentSize : 17 <-- 0.002539 s
currentSize : 18 <-- 0.004085 s
currentSize : 19 <-- 0.035524 s
currentSize : 20 <-- 0.732359 s
currentSize : 21 <-- 3.990139 s
currentSize : 22 <-- 6.322087 s

maxsize : 22
nodes : 2839753.000000
filtered : 23008216.000000
time : 11.695762
