Parameters: GAD=1 vflib=1 dir=0 label=1 lowerbound=1 fileNameGp=../graphsdb/mcs30/rand/r01/mcs30_r01_s70.A37 fileNameGt=../graphsdb/mcs30/rand/r01/mcs30_r01_s70.B37
Reading graphs...
70 :  451
70 :  460
Initializing...
maxdom : 9
D->valSize : 347
Solving...
Blb : 2 (clique : 13)
currentSize : 13 <-- 0.002801 s
currentSize : 14 <-- 0.004708 s
currentSize : 15 <-- 0.005346 s
currentSize : 16 <-- 0.036541 s
currentSize : 17 <-- 0.069574 s
currentSize : 18 <-- 0.351384 s
currentSize : 19 <-- 1.683758 s
currentSize : 20 <-- 8.413940 s
currentSize : 21 <-- 21.310549 s

maxsize : 21
nodes : 5216758.000000
filtered : 67249798.000000
time : 27.370136
