Parameters: GAD=1 vflib=1 dir=0 label=1 lowerbound=1 fileNameGp=../graphsdb/mcs30/m2D/m2Dr4/mcs30_m2Dr4_s60.A57 fileNameGt=../graphsdb/mcs30/m2D/m2Dr4/mcs30_m2Dr4_s60.B57
Reading graphs...
60 :  125
60 :  126
Initializing...
maxdom : 10
D->valSize : 247
Solving...
Blb : 2 (clique : 19)
currentSize : 19 <-- 0.001786 s
currentSize : 20 <-- 0.051242 s
currentSize : 21 <-- 0.120177 s
currentSize : 22 <-- 0.444490 s
currentSize : 23 <-- 1.600395 s
currentSize : 24 <-- 4.539986 s
currentSize : 25 <-- 34.328869 s
currentSize : 26 <-- 38.528793 s

maxsize : 26
nodes : 16785473.000000
filtered : 138831715.000000
time : 67.262917
