Parameters: GAD=1 vflib=1 dir=0 label=1 lowerbound=1 fileNameGp=../graphsdb/mcs30/bvg/b06/mcs30_b06_s35.A33 fileNameGt=../graphsdb/mcs30/bvg/b06/mcs30_b06_s35.B33
Reading graphs...
35 :  103
35 :  102
Initializing...
maxdom : 7
D->valSize : 167
Solving...
Blb : 2 (clique : 9)
currentSize : 9 <-- 0.000857 s
currentSize : 10 <-- 0.001142 s
currentSize : 11 <-- 0.001266 s
currentSize : 12 <-- 0.001565 s
currentSize : 13 <-- 0.034977 s
currentSize : 14 <-- 0.038375 s

maxsize : 14
nodes : 24310.000000
filtered : 226003.000000
time : 0.076880
