Parameters: GAD=1 vflib=1 dir=0 label=1 lowerbound=1 fileNameGp=../graphsdb/mcs30/m2D/m2Dr2/mcs30_m2Dr2_s90.A11 fileNameGt=../graphsdb/mcs30/m2D/m2Dr2/mcs30_m2Dr2_s90.B11
Reading graphs...
90 :  179
90 :  177
Initializing...
maxdom : 12
D->valSize : 540
Solving...
Blb : 2 (clique : 30)
currentSize : 30 <-- 0.006428 s
currentSize : 32 <-- 0.006670 s
currentSize : 33 <-- 0.006798 s
currentSize : 34 <-- 0.007178 s
currentSize : 35 <-- 89.507050 s
currentSize : 36 <-- 1163.970947 s

TIMEOUT
maxsize : 36
nodes : 754260438.000000
filtered : 5945558308.000000
time : 3600.000000
