Parameters: GAD=1 vflib=1 dir=0 label=1 lowerbound=1 fileNameGp=../graphsdb/mcs30/rand/r01/mcs30_r01_s90.A61 fileNameGt=../graphsdb/mcs30/rand/r01/mcs30_r01_s90.B61
Reading graphs...
90 :  754
90 :  761
Initializing...
maxdom : 13
D->valSize : 536
Solving...
Blb : 5 (clique : 17)
currentSize : 17 <-- 0.005794 s
currentSize : 18 <-- 0.038731 s
currentSize : 19 <-- 0.403001 s
currentSize : 20 <-- 0.403058 s
currentSize : 21 <-- 3.691998 s
currentSize : 22 <-- 3.692061 s
currentSize : 23 <-- 3.699336 s
currentSize : 26 <-- 3.700927 s

maxsize : 26
nodes : 9489419.000000
filtered : 214140384.000000
time : 67.817398
