Parameters: GAD=1 vflib=1 dir=0 label=1 lowerbound=1 fileNameGp=../graphsdb/mcs30/rand/r01/mcs30_r01_s70.A71 fileNameGt=../graphsdb/mcs30/rand/r01/mcs30_r01_s70.B71
Reading graphs...
70 :  461
70 :  468
Initializing...
maxdom : 7
D->valSize : 305
Solving...
Blb : 2 (clique : 11)
currentSize : 11 <-- 0.002419 s
currentSize : 12 <-- 0.002562 s
currentSize : 13 <-- 0.003753 s
currentSize : 14 <-- 0.038336 s
currentSize : 15 <-- 0.062091 s
currentSize : 16 <-- 0.271507 s
currentSize : 17 <-- 0.291197 s
currentSize : 19 <-- 0.473302 s
currentSize : 20 <-- 0.652322 s
currentSize : 21 <-- 0.752798 s
currentSize : 22 <-- 0.752949 s

maxsize : 22
nodes : 782461.000000
filtered : 10885669.000000
time : 4.165877
