Parameters: GAD=1 vflib=1 dir=0 label=1 lowerbound=1 fileNameGp=../graphsdb/mcs30/m4D/m4D/mcs30_m4D_s70.A11 fileNameGt=../graphsdb/mcs30/m4D/m4D/mcs30_m4D_s70.B11
Reading graphs...
70 :  118
70 :  118
Initializing...
maxdom : 9
D->valSize : 341
Solving...
Blb : 2 (clique : 26)
currentSize : 26 <-- 0.002949 s
currentSize : 27 <-- 0.003382 s
currentSize : 28 <-- 0.021940 s
currentSize : 29 <-- 0.244455 s
currentSize : 30 <-- 2.452388 s
currentSize : 31 <-- 41.061878 s
currentSize : 32 <-- 313.516266 s
currentSize : 33 <-- 433.816010 s
currentSize : 34 <-- 440.461212 s

TIMEOUT
maxsize : 34
nodes : 792434983.000000
filtered : 5934327887.000000
time : 3600.000000
