Parameters: GAD=1 vflib=1 dir=0 label=1 lowerbound=1 fileNameGp=../graphsdb/mcs30/m2D/m2Dr4/mcs30_m2Dr4_s60.A59 fileNameGt=../graphsdb/mcs30/m2D/m2Dr4/mcs30_m2Dr4_s60.B59
Reading graphs...
60 :  128
60 :  126
Initializing...
maxdom : 8
D->valSize : 236
Solving...
Blb : 2 (clique : 18)
currentSize : 18 <-- 0.002641 s
currentSize : 19 <-- 0.002871 s
currentSize : 20 <-- 0.003684 s
currentSize : 21 <-- 0.049636 s
currentSize : 22 <-- 3.905304 s
currentSize : 23 <-- 89.900597 s

maxsize : 23
nodes : 47170099.000000
filtered : 375494410.000000
time : 176.388092
