Parameters: GAD=1 vflib=1 dir=0 label=1 lowerbound=1 fileNameGp=../graphsdb/mcs30/m3D/m3Dr2/mcs30_m3Dr2_s100.A54 fileNameGt=../graphsdb/mcs30/m3D/m3Dr2/mcs30_m3Dr2_s100.B54
Reading graphs...
100 :  248
100 :  253
Initializing...
maxdom : 8
D->valSize : 300
Solving...
Blb : 2 (clique : 27)
currentSize : 27 <-- 0.005399 s
currentSize : 28 <-- 3.323096 s
currentSize : 29 <-- 3.552397 s
currentSize : 30 <-- 68.790054 s
currentSize : 31 <-- 491.557709 s
currentSize : 32 <-- 2372.019775 s
currentSize : 33 <-- 2489.837158 s

TIMEOUT
maxsize : 33
nodes : 744366373.000000
filtered : 3558418786.000000
time : 3600.000000
