Parameters: GAD=1 vflib=1 dir=0 label=1 lowerbound=1 fileNameGp=../graphsdb/mcs30/m2D/m2Dr6/mcs30_m2Dr6_s70.A14 fileNameGt=../graphsdb/mcs30/m2D/m2Dr6/mcs30_m2Dr6_s70.B14
Reading graphs...
70 :  162
70 :  161
Initializing...
maxdom : 9
D->valSize : 337
Solving...
Blb : 3 (clique : 25)
currentSize : 25 <-- 0.003023 s
currentSize : 26 <-- 43.243481 s
currentSize : 27 <-- 43.305740 s
currentSize : 28 <-- 60.150196 s
currentSize : 29 <-- 70.162193 s
currentSize : 30 <-- 257.056396 s
currentSize : 31 <-- 409.090759 s
currentSize : 32 <-- 524.576782 s

maxsize : 32
nodes : 109679633.000000
filtered : 1048723579.000000
time : 561.987976
