Parameters: GAD=1 vflib=1 dir=0 label=1 lowerbound=1 fileNameGp=../graphsdb/mcs30/m2D/m2Dr6/mcs30_m2Dr6_s100.A44 fileNameGt=../graphsdb/mcs30/m2D/m2Dr6/mcs30_m2Dr6_s100.B44
Reading graphs...
100 :  237
100 :  236
Initializing...
maxdom : 7
D->valSize : 346
Solving...
Blb : 2 (clique : 31)
currentSize : 31 <-- 0.003698 s
currentSize : 32 <-- 0.003945 s
currentSize : 33 <-- 0.004409 s
currentSize : 34 <-- 0.059896 s
currentSize : 35 <-- 0.098288 s
currentSize : 36 <-- 0.300283 s

TIMEOUT
maxsize : 36
nodes : 769951653.000000
filtered : 3562047770.000000
time : 3600.000000
