Parameters: GAD=1 vflib=1 dir=0 label=1 lowerbound=1 fileNameGp=../graphsdb/mcs30/m3D/m3Dr4/mcs30_m3Dr4_s70.A66 fileNameGt=../graphsdb/mcs30/m3D/m3Dr4/mcs30_m3Dr4_s70.B66
Reading graphs...
70 :  183
70 :  182
Initializing...
maxdom : 8
D->valSize : 330
Solving...
Blb : 2 (clique : 19)
currentSize : 19 <-- 0.002952 s
currentSize : 20 <-- 0.132340 s
currentSize : 21 <-- 0.624284 s
currentSize : 22 <-- 0.880508 s
currentSize : 23 <-- 1.717955 s
currentSize : 24 <-- 2.615691 s
currentSize : 25 <-- 25.207739 s
currentSize : 26 <-- 148.607513 s
currentSize : 27 <-- 221.479309 s
currentSize : 28 <-- 689.983887 s

maxsize : 28
nodes : 449750348.000000
filtered : 4173649534.000000
time : 2107.118896
