Parameters: GAD=1 vflib=1 dir=0 label=1 lowerbound=1 fileNameGp=../graphsdb/mcs30/bvg/b03/mcs30_b03_s40.A74 fileNameGt=../graphsdb/mcs30/bvg/b03/mcs30_b03_s40.B74
Reading graphs...
40 :  60
40 :  59
Initializing...
maxdom : 9
D->valSize : 231
Solving...
Blb : 2 (clique : 14)
currentSize : 14 <-- 0.001421 s
currentSize : 15 <-- 0.001503 s
currentSize : 16 <-- 0.003030 s
currentSize : 17 <-- 0.083030 s
currentSize : 18 <-- 0.492347 s
currentSize : 19 <-- 1.545604 s

maxsize : 19
nodes : 2769054.000000
filtered : 28647398.000000
time : 8.739957
