Parameters: GAD=1 vflib=1 dir=0 label=1 lowerbound=1 fileNameGp=../graphsdb/mcs30/m2D/m2D/mcs30_m2D_s80.A78 fileNameGt=../graphsdb/mcs30/m2D/m2D/mcs30_m2D_s80.B78
Reading graphs...
80 :  138
80 :  142
Initializing...
maxdom : 7
D->valSize : 409
Solving...
Blb : 2 (clique : 27)
currentSize : 27 <-- 0.003996 s
currentSize : 28 <-- 0.004192 s
currentSize : 29 <-- 0.004263 s
currentSize : 30 <-- 0.004363 s
currentSize : 31 <-- 0.004493 s
currentSize : 32 <-- 0.004657 s
currentSize : 33 <-- 0.007637 s
currentSize : 34 <-- 0.064654 s

TIMEOUT
maxsize : 34
nodes : 770519699.000000
filtered : 5028333505.000000
time : 3600.000000
