Parameters: GAD=1 vflib=1 dir=0 label=1 lowerbound=1 fileNameGp=../graphsdb/mcs30/m3D/m3Dr6/mcs30_m3Dr6_s25.A64 fileNameGt=../graphsdb/mcs30/m3D/m3Dr6/mcs30_m3Dr6_s25.B64
Reading graphs...
25 :  61
25 :  58
Initializing...
maxdom : 8
D->valSize : 163
Solving...
Blb : 2 (clique : 8)
currentSize : 8 <-- 0.000936 s
currentSize : 9 <-- 0.001366 s
currentSize : 10 <-- 0.007539 s
currentSize : 11 <-- 0.007851 s
currentSize : 12 <-- 0.028936 s

maxsize : 12
nodes : 11746.000000
filtered : 130316.000000
time : 0.034647
