Parameters: GAD=1 vflib=1 dir=0 label=1 lowerbound=1 fileNameGp=../graphsdb/mcs30/bvg/b06/mcs30_b06_s70.A34 fileNameGt=../graphsdb/mcs30/bvg/b06/mcs30_b06_s70.B34
Reading graphs...
70 :  205
70 :  208
Initializing...
maxdom : 9
D->valSize : 297
Solving...
Blb : 3 (clique : 20)
currentSize : 20 <-- 0.003950 s
currentSize : 21 <-- 3.077313 s
currentSize : 23 <-- 8.850215 s
currentSize : 24 <-- 18.729572 s
currentSize : 25 <-- 109.000603 s
currentSize : 26 <-- 144.737900 s

maxsize : 26
nodes : 173391747.000000
filtered : 1636927586.000000
time : 815.720337
