Parameters: GAD=1 vflib=1 dir=0 label=1 lowerbound=1 fileNameGp=../graphsdb/mcs30/bvg/b03m/mcs30_b03m_s60.A99 fileNameGt=../graphsdb/mcs30/bvg/b03m/mcs30_b03m_s60.B99
Reading graphs...
60 :  89
60 :  88
Initializing...
maxdom : 6
D->valSize : 234
Solving...
Blb : 2 (clique : 23)
currentSize : 23 <-- 0.001880 s
currentSize : 24 <-- 0.002145 s
currentSize : 25 <-- 0.008074 s
currentSize : 26 <-- 0.530176 s
currentSize : 27 <-- 12.635132 s
currentSize : 28 <-- 12.636424 s

maxsize : 28
nodes : 732243673.000000
filtered : 4341287244.000000
time : 2783.953369
