Parameters: GAD=1 vflib=1 dir=0 label=1 lowerbound=1 fileNameGp=../graphsdb/mcs30/m4D/m4Dr2/mcs30_m4Dr2_s50.A13 fileNameGt=../graphsdb/mcs30/m4D/m4Dr2/mcs30_m4Dr2_s50.B13
Reading graphs...
50 :  96
50 :  96
Initializing...
maxdom : 11
D->valSize : 366
Solving...
Blb : 2 (clique : 20)
currentSize : 20 <-- 0.002875 s
currentSize : 21 <-- 0.003012 s
currentSize : 22 <-- 0.003577 s
currentSize : 23 <-- 0.481874 s
currentSize : 24 <-- 7.759359 s

maxsize : 24
nodes : 161851720.000000
filtered : 2156505807.000000
time : 663.372803
