Parameters: GAD=1 vflib=1 dir=0 label=1 lowerbound=1 fileNameGp=../graphsdb/mcs30/m3D/m3D/mcs30_m3D_s70.A06 fileNameGt=../graphsdb/mcs30/m3D/m3D/mcs30_m3D_s70.B06
Reading graphs...
70 :  158
70 :  159
Initializing...
maxdom : 11
D->valSize : 361
Solving...
Blb : 2 (clique : 22)
currentSize : 22 <-- 0.003492 s
currentSize : 23 <-- 0.021777 s
currentSize : 24 <-- 0.054276 s
currentSize : 25 <-- 0.116826 s
currentSize : 27 <-- 0.167431 s
currentSize : 28 <-- 0.167583 s
currentSize : 29 <-- 0.201369 s
currentSize : 30 <-- 2.396358 s
currentSize : 31 <-- 2.408594 s
currentSize : 32 <-- 2.408783 s
currentSize : 33 <-- 2.822476 s

maxsize : 33
nodes : 20834989.000000
filtered : 248943059.000000
time : 113.435577
