Parameters: GAD=1 vflib=1 dir=0 label=1 lowerbound=1 fileNameGp=../graphsdb/mcs30/m4D/m4Dr2/mcs30_m4Dr2_s50.A62 fileNameGt=../graphsdb/mcs30/m4D/m4Dr2/mcs30_m4Dr2_s50.B62
Reading graphs...
50 :  97
50 :  97
Initializing...
maxdom : 10
D->valSize : 339
Solving...
Blb : 2 (clique : 18)
currentSize : 18 <-- 0.002596 s
currentSize : 20 <-- 0.003065 s
currentSize : 21 <-- 0.003220 s
currentSize : 22 <-- 0.017305 s
currentSize : 23 <-- 11.058817 s
currentSize : 24 <-- 247.895615 s
currentSize : 25 <-- 248.826553 s

maxsize : 25
nodes : 75619016.000000
filtered : 866726584.000000
time : 290.984406
