Parameters: GAD=1 vflib=1 dir=0 label=1 lowerbound=1 fileNameGp=../graphsdb/mcs30/rand/r02/mcs30_r02_s70.A92 fileNameGt=../graphsdb/mcs30/rand/r02/mcs30_r02_s70.B92
Reading graphs...
70 :  871
70 :  864
Initializing...
maxdom : 8
D->valSize : 314
Solving...
Blb : 2 (clique : 6)
currentSize : 6 <-- 0.003655 s
currentSize : 8 <-- 0.003812 s
currentSize : 9 <-- 0.005666 s
currentSize : 10 <-- 0.077846 s
currentSize : 11 <-- 0.077881 s
currentSize : 15 <-- 0.078127 s
currentSize : 17 <-- 0.078327 s
currentSize : 19 <-- 0.078375 s

maxsize : 19
nodes : 32335.000000
filtered : 479810.000000
time : 0.215996
