Parameters: GAD=1 vflib=1 dir=0 label=1 lowerbound=1 fileNameGp=../graphsdb/mcs30/m4D/m4Dr4/mcs30_m4Dr4_s90.A37 fileNameGt=../graphsdb/mcs30/m4D/m4Dr4/mcs30_m4Dr4_s90.B37
Reading graphs...
90 :  179
90 :  180
Initializing...
maxdom : 10
D->valSize : 513
Solving...
Blb : 2 (clique : 30)
currentSize : 30 <-- 0.005777 s
currentSize : 31 <-- 0.006018 s
currentSize : 32 <-- 0.616463 s
currentSize : 33 <-- 6.354629 s
currentSize : 34 <-- 12.030617 s
currentSize : 35 <-- 981.599609 s

TIMEOUT
maxsize : 35
nodes : 888653362.000000
filtered : 4023131828.000000
time : 3600.000000
