Parameters: GAD=1 vflib=1 dir=0 label=1 lowerbound=1 fileNameGp=../graphsdb/mcs30/m2D/m2Dr6/mcs30_m2Dr6_s30.A43 fileNameGt=../graphsdb/mcs30/m2D/m2Dr6/mcs30_m2Dr6_s30.B43
Reading graphs...
30 :  66
30 :  64
Initializing...
maxdom : 6
D->valSize : 121
Solving...
Blb : 2 (clique : 9)
currentSize : 9 <-- 0.000610 s
currentSize : 10 <-- 0.000656 s
currentSize : 11 <-- 0.000859 s
currentSize : 12 <-- 0.001977 s
currentSize : 13 <-- 0.007207 s
currentSize : 14 <-- 0.007327 s

maxsize : 14
nodes : 8057.000000
filtered : 74642.000000
time : 0.024308
