Parameters: GAD=1 vflib=1 dir=0 label=1 lowerbound=1 fileNameGp=../graphsdb/mcs30/m3D/m3Dr4/mcs30_m3Dr4_s70.A96 fileNameGt=../graphsdb/mcs30/m3D/m3Dr4/mcs30_m3Dr4_s70.B96
Reading graphs...
70 :  183
70 :  183
Initializing...
maxdom : 9
D->valSize : 328
Solving...
Blb : 2 (clique : 20)
currentSize : 20 <-- 0.002786 s
currentSize : 21 <-- 0.003350 s
currentSize : 22 <-- 22.415031 s
currentSize : 23 <-- 23.850985 s
currentSize : 24 <-- 101.291168 s
currentSize : 25 <-- 2284.871338 s

TIMEOUT
maxsize : 25
nodes : 1052604148.000000
filtered : 5696707445.000000
time : 3600.000000
