Parameters: GAD=1 vflib=1 dir=0 label=1 lowerbound=1 fileNameGp=../graphsdb/mcs30/m3D/m3Dr4/mcs30_m3Dr4_s70.A36 fileNameGt=../graphsdb/mcs30/m3D/m3Dr4/mcs30_m3Dr4_s70.B36
Reading graphs...
70 :  185
70 :  180
Initializing...
maxdom : 9
D->valSize : 312
Solving...
Blb : 2 (clique : 20)
currentSize : 20 <-- 0.004208 s
currentSize : 21 <-- 0.005281 s
currentSize : 22 <-- 0.005590 s
currentSize : 23 <-- 0.035268 s
currentSize : 24 <-- 0.168817 s
currentSize : 25 <-- 1.136323 s
currentSize : 26 <-- 25.707651 s
currentSize : 27 <-- 26.137028 s
currentSize : 28 <-- 38.104614 s
currentSize : 29 <-- 38.153328 s
currentSize : 30 <-- 117.418739 s

maxsize : 30
nodes : 52471439.000000
filtered : 402089259.000000
time : 236.604675
