Parameters: GAD=1 vflib=1 dir=0 label=1 lowerbound=1 fileNameGp=../graphsdb/mcs30/bvg/b06/mcs30_b06_s80.A86 fileNameGt=../graphsdb/mcs30/bvg/b06/mcs30_b06_s80.B86
Reading graphs...
80 :  238
80 :  239
Initializing...
maxdom : 9
D->valSize : 394
Solving...
Blb : 2 (clique : 24)
currentSize : 24 <-- 0.003598 s
currentSize : 25 <-- 0.003804 s
currentSize : 26 <-- 0.003915 s
currentSize : 27 <-- 0.005486 s
currentSize : 28 <-- 0.005590 s
currentSize : 29 <-- 0.017573 s
currentSize : 30 <-- 3.227717 s

TIMEOUT
maxsize : 30
nodes : 732519802.000000
filtered : 6201167009.000000
time : 3600.000000
