Parameters: GAD=1 vflib=1 dir=0 label=1 lowerbound=1 fileNameGp=../graphsdb/mcs30/m3D/m3Dr4/mcs30_m3Dr4_s80.A58 fileNameGt=../graphsdb/mcs30/m3D/m3Dr4/mcs30_m3Dr4_s80.B58
Reading graphs...
80 :  214
80 :  213
Initializing...
maxdom : 8
D->valSize : 421
Solving...
Blb : 2 (clique : 24)
currentSize : 24 <-- 0.004182 s
currentSize : 25 <-- 0.099126 s
currentSize : 26 <-- 0.124762 s
currentSize : 27 <-- 14.308037 s
currentSize : 28 <-- 14.810010 s
currentSize : 29 <-- 38.964573 s
currentSize : 30 <-- 3309.686279 s

TIMEOUT
maxsize : 30
nodes : 759643229.000000
filtered : 6072505392.000000
time : 3600.000000
