Parameters: GAD=1 vflib=1 dir=0 label=1 lowerbound=1 fileNameGp=../graphsdb/mcs30/m2D/m2Dr4/mcs30_m2Dr4_s70.A98 fileNameGt=../graphsdb/mcs30/m2D/m2Dr4/mcs30_m2Dr4_s70.B98
Reading graphs...
70 :  151
70 :  149
Initializing...
maxdom : 7
D->valSize : 321
Solving...
Blb : 5 (clique : 21)
currentSize : 21 <-- 0.004381 s
currentSize : 22 <-- 0.004763 s
currentSize : 23 <-- 0.006355 s
currentSize : 24 <-- 0.007775 s
currentSize : 25 <-- 0.144360 s
currentSize : 26 <-- 1.441718 s
currentSize : 27 <-- 163.186523 s
currentSize : 28 <-- 163.282104 s
currentSize : 29 <-- 262.758667 s
currentSize : 30 <-- 710.779724 s
currentSize : 31 <-- 710.779907 s
currentSize : 32 <-- 715.232971 s

maxsize : 32
nodes : 604581914.000000
filtered : 4443295149.000000
time : 2785.041016
