Parameters: GAD=1 vflib=1 dir=0 label=1 lowerbound=1 fileNameGp=../graphsdb/mcs30/m3D/m3Dr6/mcs30_m3Dr6_s70.A32 fileNameGt=../graphsdb/mcs30/m3D/m3Dr6/mcs30_m3Dr6_s70.B32
Reading graphs...
70 :  198
70 :  197
Initializing...
maxdom : 9
D->valSize : 337
Solving...
Blb : 2 (clique : 22)
currentSize : 22 <-- 0.004645 s
currentSize : 24 <-- 0.006887 s
currentSize : 25 <-- 0.174224 s
currentSize : 26 <-- 2.312342 s
currentSize : 27 <-- 2.334344 s
currentSize : 28 <-- 25.579081 s
currentSize : 29 <-- 56.566322 s
currentSize : 30 <-- 369.240662 s

maxsize : 30
nodes : 287765861.000000
filtered : 2971064813.000000
time : 1494.047974
