Parameters: GAD=1 vflib=1 dir=0 label=1 lowerbound=1 fileNameGp=../graphsdb/mcs30/rand/r01/mcs30_r01_s80.A51 fileNameGt=../graphsdb/mcs30/rand/r01/mcs30_r01_s80.B51
Reading graphs...
80 :  607
80 :  593
Initializing...
maxdom : 8
D->valSize : 406
Solving...
Blb : 5 (clique : 12)
currentSize : 12 <-- 0.003730 s
currentSize : 13 <-- 0.003838 s
currentSize : 14 <-- 0.006830 s
currentSize : 15 <-- 0.057174 s
currentSize : 17 <-- 1.866563 s
currentSize : 18 <-- 9.811704 s
currentSize : 19 <-- 14.505062 s
currentSize : 20 <-- 38.287868 s
currentSize : 21 <-- 38.399471 s
currentSize : 23 <-- 38.400330 s

maxsize : 23
nodes : 12584987.000000
filtered : 163783282.000000
time : 69.082237
