Parameters: GAD=1 vflib=1 dir=0 label=1 lowerbound=1 fileNameGp=../graphsdb/mcs30/rand/r02/mcs30_r02_s70.A91 fileNameGt=../graphsdb/mcs30/rand/r02/mcs30_r02_s70.B91
Reading graphs...
70 :  860
70 :  865
Initializing...
maxdom : 10
D->valSize : 321
Solving...
Blb : 2 (clique : 7)
currentSize : 7 <-- 0.002753 s
currentSize : 8 <-- 0.002867 s
currentSize : 9 <-- 0.006002 s
currentSize : 10 <-- 0.006013 s
currentSize : 14 <-- 0.006060 s
currentSize : 16 <-- 0.033994 s
currentSize : 19 <-- 0.034106 s

maxsize : 19
nodes : 22797.000000
filtered : 458070.000000
time : 0.134898
