Parameters: GAD=1 vflib=1 dir=0 label=1 lowerbound=1 fileNameGp=../graphsdb/mcs30/m2D/m2Dr6/mcs30_m2Dr6_s70.A25 fileNameGt=../graphsdb/mcs30/m2D/m2Dr6/mcs30_m2Dr6_s70.B25
Reading graphs...
70 :  163
70 :  163
Initializing...
maxdom : 8
D->valSize : 348
Solving...
Blb : 2 (clique : 24)
currentSize : 24 <-- 0.003230 s
currentSize : 25 <-- 0.003393 s
currentSize : 26 <-- 0.004140 s
currentSize : 27 <-- 0.004156 s
currentSize : 28 <-- 735.371216 s
currentSize : 29 <-- 2279.443115 s
currentSize : 30 <-- 2279.449951 s

TIMEOUT
maxsize : 30
nodes : 721838346.000000
filtered : 6366622437.000000
time : 3600.000000
