Parameters: GAD=1 vflib=1 dir=0 label=1 lowerbound=1 fileNameGp=../graphsdb/mcs30/bvg/b09m/mcs30_b09m_s50.A79 fileNameGt=../graphsdb/mcs30/bvg/b09m/mcs30_b09m_s50.B79
Reading graphs...
50 :  210
50 :  209
Initializing...
maxdom : 10
D->valSize : 347
Solving...
Blb : 2 (clique : 12)
currentSize : 12 <-- 0.002476 s
currentSize : 13 <-- 0.003358 s
currentSize : 14 <-- 0.009426 s
currentSize : 15 <-- 0.255176 s
currentSize : 16 <-- 0.387900 s

maxsize : 16
nodes : 12955614.000000
filtered : 171914729.000000
time : 52.194439
