Parameters: GAD=1 vflib=1 dir=0 label=1 lowerbound=1 fileNameGp=../graphsdb/mcs30/m4D/m4Dr4/mcs30_m4Dr4_s50.A58 fileNameGt=../graphsdb/mcs30/m4D/m4Dr4/mcs30_m4Dr4_s50.B58
Reading graphs...
50 :  106
50 :  105
Initializing...
maxdom : 12
D->valSize : 323
Solving...
Blb : 2 (clique : 18)
currentSize : 18 <-- 0.003723 s
currentSize : 19 <-- 0.015339 s
currentSize : 20 <-- 7.413916 s
currentSize : 21 <-- 8.145262 s
currentSize : 23 <-- 103.219391 s
currentSize : 24 <-- 103.241020 s

maxsize : 24
nodes : 33202023.000000
filtered : 320850990.000000
time : 122.636223
