Parameters: GAD=1 vflib=1 dir=0 label=1 lowerbound=1 fileNameGp=../graphsdb/mcs30/rand/r02/mcs30_r02_s60.A19 fileNameGt=../graphsdb/mcs30/rand/r02/mcs30_r02_s60.B19
Reading graphs...
60 :  626
60 :  643
Initializing...
maxdom : 9
D->valSize : 225
Solving...
Blb : 2 (clique : 7)
currentSize : 7 <-- 0.001628 s
currentSize : 8 <-- 0.001686 s
currentSize : 9 <-- 0.002150 s
currentSize : 10 <-- 0.003452 s
currentSize : 11 <-- 0.020109 s
currentSize : 16 <-- 0.020577 s

maxsize : 16
nodes : 13021.000000
filtered : 158533.000000
time : 0.061725
