Parameters: GAD=1 vflib=1 dir=0 label=1 lowerbound=1 fileNameGp=../graphsdb/mcs30/rand/r005/mcs30_r005_s100.A63 fileNameGt=../graphsdb/mcs30/rand/r005/mcs30_r005_s100.B63
Reading graphs...
100 :  484
100 :  478
Initializing...
maxdom : 6
D->valSize : 324
Solving...
Blb : 2 (clique : 21)
currentSize : 21 <-- 0.003316 s
currentSize : 22 <-- 0.011739 s
currentSize : 23 <-- 0.079305 s
currentSize : 24 <-- 0.868130 s
currentSize : 25 <-- 0.921615 s
currentSize : 26 <-- 4.222857 s
currentSize : 27 <-- 214.558380 s
currentSize : 28 <-- 217.987625 s
currentSize : 29 <-- 218.725296 s
currentSize : 30 <-- 584.644958 s
currentSize : 31 <-- 1968.342896 s

TIMEOUT
maxsize : 31
nodes : 657584493.000000
filtered : 4464875603.000000
time : 3600.000000
