Parameters: GAD=1 vflib=1 dir=0 label=1 lowerbound=1 fileNameGp=../graphsdb/mcs30/m4D/m4Dr2/mcs30_m4Dr2_s50.A57 fileNameGt=../graphsdb/mcs30/m4D/m4Dr2/mcs30_m4Dr2_s50.B57
Reading graphs...
50 :  95
50 :  96
Initializing...
maxdom : 12
D->valSize : 326
Solving...
Blb : 2 (clique : 16)
currentSize : 16 <-- 0.003856 s
currentSize : 17 <-- 0.004022 s
currentSize : 18 <-- 0.004158 s
currentSize : 19 <-- 0.048788 s
currentSize : 20 <-- 0.114980 s
currentSize : 21 <-- 11.084468 s
currentSize : 22 <-- 82.502655 s

maxsize : 22
nodes : 316072969.000000
filtered : 3113928751.000000
time : 1124.552490
