Parameters: GAD=1 vflib=1 dir=0 label=1 lowerbound=1 fileNameGp=../graphsdb/mcs30/m2D/m2Dr6/mcs30_m2Dr6_s60.A11 fileNameGt=../graphsdb/mcs30/m2D/m2Dr6/mcs30_m2Dr6_s60.B11
Reading graphs...
60 :  139
60 :  135
Initializing...
maxdom : 6
D->valSize : 239
Solving...
Blb : 2 (clique : 18)
currentSize : 18 <-- 0.002057 s
currentSize : 19 <-- 0.010085 s
currentSize : 20 <-- 0.010149 s
currentSize : 21 <-- 0.010209 s
currentSize : 22 <-- 0.333702 s
currentSize : 23 <-- 2.600321 s
currentSize : 24 <-- 104.627808 s

maxsize : 24
nodes : 261823070.000000
filtered : 1902977514.000000
time : 1066.481812
