Parameters: GAD=1 vflib=1 dir=0 label=1 lowerbound=1 fileNameGp=../graphsdb/mcs30/m4D/m4Dr6/mcs30_m4Dr6_s90.A30 fileNameGt=../graphsdb/mcs30/m4D/m4Dr6/mcs30_m4Dr6_s90.B30
Reading graphs...
90 :  198
90 :  197
Initializing...
maxdom : 9
D->valSize : 516
Solving...
Blb : 2 (clique : 31)
currentSize : 31 <-- 0.009640 s
currentSize : 32 <-- 0.014780 s
currentSize : 33 <-- 0.018830 s
currentSize : 34 <-- 0.919098 s
currentSize : 35 <-- 8.043297 s
currentSize : 36 <-- 8.066304 s
currentSize : 37 <-- 80.224182 s
currentSize : 38 <-- 3199.347900 s

TIMEOUT
maxsize : 38
nodes : 844143853.000000
filtered : 4091257670.000000
time : 3600.000000
