Parameters: GAD=1 vflib=1 dir=0 label=1 lowerbound=1 fileNameGp=../graphsdb/mcs30/m4D/m4Dr6/mcs30_m4Dr6_s90.A13 fileNameGt=../graphsdb/mcs30/m4D/m4Dr6/mcs30_m4Dr6_s90.B13
Reading graphs...
90 :  199
90 :  199
Initializing...
maxdom : 9
D->valSize : 541
Solving...
Blb : 2 (clique : 29)
currentSize : 29 <-- 0.006441 s
currentSize : 30 <-- 0.006695 s
currentSize : 31 <-- 0.006758 s
currentSize : 32 <-- 0.008928 s
currentSize : 33 <-- 0.022151 s
currentSize : 34 <-- 0.065311 s

TIMEOUT
maxsize : 34
nodes : 791306521.000000
filtered : 5186970149.000000
time : 3600.000000
