Parameters: GAD=1 vflib=1 dir=0 label=1 lowerbound=1 fileNameGp=../graphsdb/mcs30/bvg/b06m/mcs30_b06m_s90.A85 fileNameGt=../graphsdb/mcs30/bvg/b06m/mcs30_b06m_s90.B85
Reading graphs...
90 :  267
90 :  264
Initializing...
maxdom : 14
D->valSize : 567
Solving...
Blb : 5 (clique : 24)
currentSize : 24 <-- 0.006616 s
currentSize : 25 <-- 0.007473 s
currentSize : 26 <-- 0.016217 s
currentSize : 27 <-- 0.228973 s
currentSize : 28 <-- 4.805052 s
currentSize : 29 <-- 836.022644 s
currentSize : 30 <-- 1170.268921 s

TIMEOUT
maxsize : 30
nodes : 768267679.000000
filtered : 5165349286.000000
time : 3600.000000
