Parameters: GAD=1 vflib=1 dir=0 label=1 lowerbound=1 fileNameGp=../graphsdb/mcs30/m3D/m3Dr4/mcs30_m3Dr4_s100.A27 fileNameGt=../graphsdb/mcs30/m3D/m3Dr4/mcs30_m3Dr4_s100.B27
Reading graphs...
100 :  272
100 :  271
Initializing...
maxdom : 7
D->valSize : 391
Solving...
Blb : 2 (clique : 30)
currentSize : 30 <-- 0.004381 s
currentSize : 31 <-- 0.004872 s
currentSize : 32 <-- 0.005625 s
currentSize : 34 <-- 0.007019 s
currentSize : 35 <-- 0.011355 s
currentSize : 36 <-- 0.036186 s
currentSize : 37 <-- 0.045806 s
currentSize : 38 <-- 0.188359 s

TIMEOUT
maxsize : 38
nodes : 669990342.000000
filtered : 3084135842.000000
time : 3600.000000
