Parameters: GAD=1 vflib=1 dir=0 label=1 lowerbound=1 fileNameGp=../graphsdb/mcs30/bvg/b03/mcs30_b03_s60.A83 fileNameGt=../graphsdb/mcs30/bvg/b03/mcs30_b03_s60.B83
Reading graphs...
60 :  89
60 :  90
Initializing...
maxdom : 7
D->valSize : 239
Solving...
Blb : 2 (clique : 23)
currentSize : 23 <-- 0.001882 s
currentSize : 24 <-- 0.002728 s
currentSize : 25 <-- 0.005574 s
currentSize : 26 <-- 0.022378 s
currentSize : 27 <-- 0.055813 s
currentSize : 28 <-- 0.311617 s
currentSize : 29 <-- 24.422432 s

maxsize : 29
nodes : 126231287.000000
filtered : 764429185.000000
time : 426.692841
