Parameters: GAD=1 vflib=1 dir=0 label=1 lowerbound=1 fileNameGp=../graphsdb/mcs30/rand/r005/mcs30_r005_s50.A45 fileNameGt=../graphsdb/mcs30/rand/r005/mcs30_r005_s50.B45
Reading graphs...
50 :  121
50 :  121
Initializing...
maxdom : 10
D->valSize : 335
Solving...
Blb : 2 (clique : 17)
currentSize : 17 <-- 0.002449 s
currentSize : 18 <-- 0.002547 s
currentSize : 19 <-- 0.219593 s
currentSize : 20 <-- 0.491225 s
currentSize : 21 <-- 1.173266 s
currentSize : 22 <-- 10.547561 s

maxsize : 22
nodes : 110327399.000000
filtered : 1531054531.000000
time : 461.606018
