Parameters: GAD=1 vflib=1 dir=0 label=1 lowerbound=1 fileNameGp=../graphsdb/mcs30/m2D/m2Dr2/mcs30_m2Dr2_s100.A80 fileNameGt=../graphsdb/mcs30/m2D/m2Dr2/mcs30_m2Dr2_s100.B80
Reading graphs...
100 :  199
100 :  198
Initializing...
maxdom : 6
D->valSize : 335
Solving...
Blb : 2 (clique : 31)
currentSize : 31 <-- 0.003356 s
currentSize : 32 <-- 0.003611 s
currentSize : 33 <-- 0.003926 s
currentSize : 34 <-- 0.098398 s
currentSize : 35 <-- 2.734554 s
currentSize : 36 <-- 3.829987 s
currentSize : 37 <-- 15.255970 s
currentSize : 38 <-- 805.776978 s
currentSize : 39 <-- 2535.342285 s

TIMEOUT
maxsize : 39
nodes : 748390694.000000
filtered : 3135225878.000000
time : 3600.000000
