Parameters: GAD=1 vflib=1 dir=0 label=1 lowerbound=1 fileNameGp=../graphsdb/mcs30/bvg/b03m/mcs30_b03m_s80.A92 fileNameGt=../graphsdb/mcs30/bvg/b03m/mcs30_b03m_s80.B92
Reading graphs...
80 :  119
80 :  119
Initializing...
maxdom : 8
D->valSize : 400
Solving...
Blb : 2 (clique : 30)
currentSize : 30 <-- 0.004127 s
currentSize : 31 <-- 0.004354 s
currentSize : 32 <-- 0.004487 s
currentSize : 33 <-- 0.013474 s
currentSize : 34 <-- 6.529795 s
currentSize : 35 <-- 52.329273 s
currentSize : 36 <-- 173.681381 s
currentSize : 37 <-- 202.977692 s
currentSize : 38 <-- 259.589050 s

TIMEOUT
maxsize : 38
nodes : 813192978.000000
filtered : 5209049969.000000
time : 3600.000000
