Parameters: GAD=1 vflib=1 dir=0 label=1 lowerbound=1 fileNameGp=../graphsdb/mcs30/bvg/b03m/mcs30_b03m_s40.A73 fileNameGt=../graphsdb/mcs30/bvg/b03m/mcs30_b03m_s40.B73
Reading graphs...
40 :  59
40 :  60
Initializing...
maxdom : 7
D->valSize : 209
Solving...
Blb : 2 (clique : 17)
currentSize : 17 <-- 0.001313 s
currentSize : 18 <-- 0.002743 s
currentSize : 19 <-- 0.178153 s
currentSize : 20 <-- 0.302680 s
currentSize : 21 <-- 15.113401 s

maxsize : 21
nodes : 9186733.000000
filtered : 82968295.000000
time : 29.534409
