Parameters: GAD=1 vflib=1 dir=0 label=1 lowerbound=1 fileNameGp=../graphsdb/mcs30/m3D/m3Dr2/mcs30_m3Dr2_s30.A86 fileNameGt=../graphsdb/mcs30/m3D/m3Dr2/mcs30_m3Dr2_s30.B86
Reading graphs...
30 :  65
30 :  67
Initializing...
maxdom : 9
D->valSize : 141
Solving...
Blb : 5 (clique : 10)
currentSize : 10 <-- 0.000700 s
currentSize : 11 <-- 0.000787 s
currentSize : 12 <-- 0.002570 s
currentSize : 13 <-- 0.004278 s
currentSize : 14 <-- 0.004291 s

maxsize : 14
nodes : 3997.000000
filtered : 32265.000000
time : 0.012625
