Parameters: GAD=1 vflib=1 dir=0 label=1 lowerbound=1 fileNameGp=../graphsdb/mcs30/bvg/b09m/mcs30_b09m_s35.A08 fileNameGt=../graphsdb/mcs30/bvg/b09m/mcs30_b09m_s35.B08
Reading graphs...
35 :  142
35 :  142
Initializing...
maxdom : 7
D->valSize : 170
Solving...
Blb : 2 (clique : 8)
currentSize : 8 <-- 0.000986 s
currentSize : 9 <-- 0.001240 s
currentSize : 10 <-- 0.002062 s
currentSize : 11 <-- 0.003293 s
currentSize : 12 <-- 0.016054 s

maxsize : 12
nodes : 29966.000000
filtered : 396960.000000
time : 0.109359
