Parameters: GAD=1 vflib=1 dir=0 label=1 lowerbound=1 fileNameGp=../graphsdb/mcs30/rand/r01/mcs30_r01_s90.A30 fileNameGt=../graphsdb/mcs30/rand/r01/mcs30_r01_s90.B30
Reading graphs...
90 :  752
90 :  758
Initializing...
maxdom : 12
D->valSize : 542
Solving...
Blb : 2 (clique : 13)
currentSize : 13 <-- 0.005920 s
currentSize : 14 <-- 0.008082 s
currentSize : 15 <-- 0.017037 s
currentSize : 16 <-- 0.043352 s
currentSize : 17 <-- 19.974300 s
currentSize : 18 <-- 42.874306 s
currentSize : 19 <-- 109.934090 s
currentSize : 21 <-- 109.934715 s
currentSize : 23 <-- 110.180626 s
currentSize : 25 <-- 110.188637 s

maxsize : 25
nodes : 41133301.000000
filtered : 633052983.000000
time : 254.068619
