Parameters: GAD=1 vflib=1 dir=0 label=1 lowerbound=1 fileNameGp=../graphsdb/mcs30/bvg/b06/mcs30_b06_s60.A25 fileNameGt=../graphsdb/mcs30/bvg/b06/mcs30_b06_s60.B25
Reading graphs...
60 :  180
60 :  178
Initializing...
maxdom : 8
D->valSize : 233
Solving...
Blb : 2 (clique : 16)
currentSize : 16 <-- 0.002545 s
currentSize : 17 <-- 0.003646 s
currentSize : 18 <-- 0.020445 s
currentSize : 19 <-- 0.020621 s
currentSize : 20 <-- 0.078555 s
currentSize : 21 <-- 0.381916 s
currentSize : 22 <-- 17.463837 s
currentSize : 23 <-- 19.083027 s
currentSize : 24 <-- 36.876015 s

maxsize : 24
nodes : 15417480.000000
filtered : 137179454.000000
time : 67.420578
