Parameters: GAD=1 vflib=1 dir=0 label=1 lowerbound=1 fileNameGp=../graphsdb/mcs30/m4D/m4Dr4/mcs30_m4Dr4_s70.A12 fileNameGt=../graphsdb/mcs30/m4D/m4Dr4/mcs30_m4Dr4_s70.B12
Reading graphs...
70 :  144
70 :  145
Initializing...
maxdom : 8
D->valSize : 338
Solving...
Blb : 3 (clique : 23)
currentSize : 23 <-- 0.002949 s
currentSize : 24 <-- 0.197228 s
currentSize : 25 <-- 1.234156 s
currentSize : 26 <-- 5.579009 s
currentSize : 27 <-- 8.624911 s
currentSize : 28 <-- 195.221893 s
currentSize : 29 <-- 834.179321 s
currentSize : 30 <-- 1099.606323 s

TIMEOUT
maxsize : 30
nodes : 819339704.000000
filtered : 6982846446.000000
time : 3600.000000
