Parameters: GAD=1 vflib=1 dir=0 label=1 lowerbound=1 fileNameGp=../graphsdb/mcs30/m2D/m2D/mcs30_m2D_s60.A37 fileNameGt=../graphsdb/mcs30/m2D/m2D/mcs30_m2D_s60.B37
Reading graphs...
60 :  102
60 :  104
Initializing...
maxdom : 8
D->valSize : 234
Solving...
Blb : 2 (clique : 20)
currentSize : 20 <-- 0.001861 s
currentSize : 21 <-- 0.002406 s
currentSize : 22 <-- 0.002920 s
currentSize : 23 <-- 1.712972 s
currentSize : 24 <-- 13.095538 s
currentSize : 25 <-- 64.042465 s
currentSize : 26 <-- 105.132935 s
currentSize : 27 <-- 170.421021 s

maxsize : 27
nodes : 68092859.000000
filtered : 485337895.000000
time : 247.538559
