Parameters: GAD=1 vflib=1 dir=0 label=1 lowerbound=1 fileNameGp=../graphsdb/mcs30/bvg/b06m/mcs30_b06m_s100.A85 fileNameGt=../graphsdb/mcs30/bvg/b06m/mcs30_b06m_s100.B85
Reading graphs...
100 :  297
100 :  295
Initializing...
maxdom : 6
D->valSize : 343
Solving...
Blb : 3 (clique : 31)
currentSize : 31 <-- 0.005631 s
currentSize : 32 <-- 2.628766 s
currentSize : 33 <-- 5.535979 s
currentSize : 34 <-- 72.378403 s
currentSize : 35 <-- 79.038200 s
currentSize : 36 <-- 79.038940 s
currentSize : 37 <-- 121.705658 s
currentSize : 38 <-- 139.715759 s
currentSize : 39 <-- 838.327026 s
currentSize : 40 <-- 2520.817627 s

TIMEOUT
maxsize : 40
nodes : 670387088.000000
filtered : 3443204923.000000
time : 3600.000000
