Parameters: GAD=1 vflib=1 dir=0 label=1 lowerbound=1 fileNameGp=../graphsdb/mcs30/m3D/m3D/mcs30_m3D_s80.A43 fileNameGt=../graphsdb/mcs30/m3D/m3D/mcs30_m3D_s80.B43
Reading graphs...
80 :  182
80 :  184
Initializing...
maxdom : 11
D->valSize : 443
Solving...
Blb : 2 (clique : 21)
currentSize : 21 <-- 0.004515 s
currentSize : 22 <-- 0.008482 s
currentSize : 23 <-- 0.098655 s
currentSize : 24 <-- 0.167757 s
currentSize : 25 <-- 1.565520 s
currentSize : 26 <-- 14.623932 s
currentSize : 27 <-- 58.983776 s
currentSize : 28 <-- 63.940872 s
currentSize : 29 <-- 140.512985 s
currentSize : 30 <-- 633.356567 s
currentSize : 31 <-- 2398.949951 s

TIMEOUT
maxsize : 31
nodes : 693452194.000000
filtered : 6972982709.000000
time : 3600.000000
