Parameters: GAD=1 vflib=1 dir=0 label=1 lowerbound=1 fileNameGp=../graphsdb/mcs30/bvg/b06m/mcs30_b06m_s80.A59 fileNameGt=../graphsdb/mcs30/bvg/b06m/mcs30_b06m_s80.B59
Reading graphs...
80 :  237
80 :  235
Initializing...
maxdom : 9
D->valSize : 434
Solving...
Blb : 2 (clique : 26)
currentSize : 26 <-- 0.007515 s
currentSize : 27 <-- 0.037022 s
currentSize : 28 <-- 0.218574 s
currentSize : 29 <-- 0.257190 s
currentSize : 30 <-- 0.288315 s
currentSize : 31 <-- 2.264265 s
currentSize : 32 <-- 2.264345 s
currentSize : 33 <-- 3473.822998 s

TIMEOUT
maxsize : 33
nodes : 595380433.000000
filtered : 8418620897.000000
time : 3600.000000
