Parameters: GAD=1 vflib=1 dir=0 label=1 lowerbound=1 fileNameGp=../graphsdb/mcs30/bvg/b03m/mcs30_b03m_s70.A58 fileNameGt=../graphsdb/mcs30/bvg/b03m/mcs30_b03m_s70.B58
Reading graphs...
70 :  103
70 :  104
Initializing...
maxdom : 8
D->valSize : 305
Solving...
Blb : 2 (clique : 25)
currentSize : 25 <-- 0.002581 s
currentSize : 26 <-- 0.005854 s
currentSize : 27 <-- 1.471613 s
currentSize : 28 <-- 21.786144 s
currentSize : 29 <-- 37.622189 s
currentSize : 30 <-- 95.818665 s

TIMEOUT
maxsize : 30
nodes : 826327153.000000
filtered : 6494489691.000000
time : 3600.000000
