Parameters: GAD=1 vflib=1 dir=0 label=1 lowerbound=1 fileNameGp=../graphsdb/mcs30/m2D/m2D/mcs30_m2D_s60.A96 fileNameGt=../graphsdb/mcs30/m2D/m2D/mcs30_m2D_s60.B96
Reading graphs...
60 :  104
60 :  102
Initializing...
maxdom : 7
D->valSize : 234
Solving...
Blb : 3 (clique : 22)
currentSize : 22 <-- 0.001881 s
currentSize : 23 <-- 0.032222 s
currentSize : 24 <-- 0.033628 s
currentSize : 25 <-- 0.556084 s
currentSize : 26 <-- 16.703939 s
currentSize : 27 <-- 62.422272 s
currentSize : 28 <-- 145.409393 s

maxsize : 28
nodes : 82389803.000000
filtered : 534861840.000000
time : 313.422791
