Parameters: GAD=1 vflib=1 dir=0 label=1 lowerbound=1 fileNameGp=../graphsdb/mcs30/bvg/b06m/mcs30_b06m_s50.A59 fileNameGt=../graphsdb/mcs30/bvg/b06m/mcs30_b06m_s50.B59
Reading graphs...
50 :  141
50 :  143
Initializing...
maxdom : 11
D->valSize : 314
Solving...
Blb : 2 (clique : 16)
currentSize : 16 <-- 0.002253 s
currentSize : 17 <-- 0.003923 s
currentSize : 18 <-- 0.005690 s
currentSize : 19 <-- 2.538145 s
currentSize : 20 <-- 11.922303 s

maxsize : 20
nodes : 5932187.000000
filtered : 72764655.000000
time : 23.743336
