Parameters: GAD=1 vflib=1 dir=0 label=1 lowerbound=1 fileNameGp=../graphsdb/mcs30/m2D/m2Dr2/mcs30_m2Dr2_s60.A01 fileNameGt=../graphsdb/mcs30/m2D/m2Dr2/mcs30_m2Dr2_s60.B01
Reading graphs...
60 :  116
60 :  116
Initializing...
maxdom : 6
D->valSize : 228
Solving...
Blb : 2 (clique : 20)
currentSize : 20 <-- 0.001665 s
currentSize : 21 <-- 0.060412 s
currentSize : 22 <-- 0.122743 s
currentSize : 23 <-- 0.351264 s
currentSize : 24 <-- 0.551207 s
currentSize : 25 <-- 2.697680 s
currentSize : 26 <-- 18.581043 s

maxsize : 26
nodes : 101221911.000000
filtered : 621639059.000000
time : 412.016571
