Parameters: GAD=1 vflib=1 dir=0 label=1 lowerbound=1 fileNameGp=../graphsdb/mcs30/m2D/m2Dr6/mcs30_m2Dr6_s60.A89 fileNameGt=../graphsdb/mcs30/m2D/m2Dr6/mcs30_m2Dr6_s60.B89
Reading graphs...
60 :  136
60 :  138
Initializing...
maxdom : 9
D->valSize : 259
Solving...
Blb : 2 (clique : 20)
currentSize : 20 <-- 0.003350 s
currentSize : 21 <-- 0.038791 s
currentSize : 22 <-- 0.229329 s
currentSize : 23 <-- 19.271532 s
currentSize : 24 <-- 31.884125 s

maxsize : 24
nodes : 93007404.000000
filtered : 687208571.000000
time : 368.236725
