Parameters: GAD=1 vflib=1 dir=0 label=1 lowerbound=1 fileNameGp=../graphsdb/mcs30/bvg/b09m/mcs30_b09m_s100.A59 fileNameGt=../graphsdb/mcs30/bvg/b09m/mcs30_b09m_s100.B59
Reading graphs...
100 :  441
100 :  442
Initializing...
maxdom : 9
D->valSize : 351
Solving...
Blb : 2 (clique : 21)
currentSize : 21 <-- 0.005496 s
currentSize : 22 <-- 0.037677 s
currentSize : 23 <-- 0.222177 s
currentSize : 24 <-- 2.951217 s
currentSize : 25 <-- 5.167132 s
currentSize : 26 <-- 9.905082 s
currentSize : 27 <-- 10.152354 s
currentSize : 28 <-- 888.640686 s
currentSize : 29 <-- 1306.136230 s
currentSize : 30 <-- 1772.614380 s
currentSize : 31 <-- 1783.901855 s

TIMEOUT
maxsize : 31
nodes : 652502886.000000
filtered : 4498181623.000000
time : 3600.000000
