Parameters: GAD=1 vflib=1 dir=0 label=1 lowerbound=1 fileNameGp=../graphsdb/mcs30/m2D/m2Dr6/mcs30_m2Dr6_s80.A41 fileNameGt=../graphsdb/mcs30/m2D/m2Dr6/mcs30_m2Dr6_s80.B41
Reading graphs...
80 :  189
80 :  186
Initializing...
maxdom : 8
D->valSize : 420
Solving...
Blb : 2 (clique : 24)
currentSize : 24 <-- 0.007144 s
currentSize : 25 <-- 0.007488 s
currentSize : 26 <-- 0.008195 s
currentSize : 27 <-- 0.212211 s
currentSize : 28 <-- 259.232086 s
currentSize : 29 <-- 276.827240 s
currentSize : 30 <-- 686.726074 s
currentSize : 31 <-- 956.076599 s

TIMEOUT
maxsize : 31
nodes : 726123169.000000
filtered : 6937258968.000000
time : 3600.000000
