Parameters: GAD=1 vflib=1 dir=0 label=1 lowerbound=1 fileNameGp=../graphsdb/mcs30/rand/r02/mcs30_r02_s100.A96 fileNameGt=../graphsdb/mcs30/rand/r02/mcs30_r02_s100.B96
Reading graphs...
100 :  1760
100 :  1773
Initializing...
maxdom : 8
D->valSize : 349
Solving...
Blb : 3 (clique : 7)
currentSize : 7 <-- 0.003588 s
currentSize : 8 <-- 0.003925 s
currentSize : 9 <-- 0.005276 s
currentSize : 11 <-- 0.005444 s
currentSize : 13 <-- 0.008102 s
currentSize : 14 <-- 0.009623 s
currentSize : 17 <-- 0.016962 s
currentSize : 18 <-- 0.036668 s
currentSize : 23 <-- 0.090308 s

maxsize : 23
nodes : 77331.000000
filtered : 980726.000000
time : 0.514873
