Parameters: GAD=1 vflib=1 dir=0 label=1 lowerbound=1 fileNameGp=../graphsdb/mcs30/m2D/m2D/mcs30_m2D_s70.A28 fileNameGt=../graphsdb/mcs30/m2D/m2D/mcs30_m2D_s70.B28
Reading graphs...
70 :  122
70 :  123
Initializing...
maxdom : 9
D->valSize : 314
Solving...
Blb : 2 (clique : 24)
currentSize : 24 <-- 0.002797 s
currentSize : 25 <-- 0.002962 s
currentSize : 26 <-- 0.003070 s
currentSize : 27 <-- 0.003247 s
currentSize : 28 <-- 0.003594 s
currentSize : 29 <-- 0.006116 s
currentSize : 30 <-- 0.021325 s
currentSize : 31 <-- 0.166901 s
currentSize : 32 <-- 97.905472 s
currentSize : 33 <-- 193.726105 s

TIMEOUT
maxsize : 33
nodes : 874673941.000000
filtered : 5635909095.000000
time : 3600.000000
