Parameters: GAD=1 vflib=1 dir=0 label=1 lowerbound=1 fileNameGp=../graphsdb/mcs30/rand/r01/mcs30_r01_s40.A19 fileNameGt=../graphsdb/mcs30/rand/r01/mcs30_r01_s40.B19
Reading graphs...
40 :  145
40 :  149
Initializing...
maxdom : 8
D->valSize : 215
Solving...
Blb : 2 (clique : 10)
currentSize : 10 <-- 0.001182 s
currentSize : 11 <-- 0.001239 s
currentSize : 12 <-- 0.001502 s
currentSize : 13 <-- 0.001555 s
currentSize : 14 <-- 0.003377 s

maxsize : 14
nodes : 142405.000000
filtered : 1919089.000000
time : 0.527742
