Parameters: GAD=1 vflib=1 dir=0 label=1 lowerbound=1 fileNameGp=../graphsdb/mcs30/m3D/m3Dr4/mcs30_m3Dr4_s90.A14 fileNameGt=../graphsdb/mcs30/m3D/m3Dr4/mcs30_m3Dr4_s90.B14
Reading graphs...
90 :  243
90 :  239
Initializing...
maxdom : 10
D->valSize : 516
Solving...
Blb : 2 (clique : 27)
currentSize : 27 <-- 0.005828 s
currentSize : 28 <-- 0.006315 s
currentSize : 29 <-- 0.008311 s
currentSize : 30 <-- 0.026554 s
currentSize : 31 <-- 0.027099 s
currentSize : 32 <-- 0.051364 s
currentSize : 33 <-- 0.179669 s
currentSize : 34 <-- 2109.560791 s

TIMEOUT
maxsize : 34
nodes : 757852590.000000
filtered : 7081137234.000000
time : 3600.000000
