Parameters: GAD=1 vflib=1 dir=0 label=1 lowerbound=1 fileNameGp=../graphsdb/mcs30/bvg/b03/mcs30_b03_s100.A60 fileNameGt=../graphsdb/mcs30/bvg/b03/mcs30_b03_s100.B60
Reading graphs...
100 :  150
100 :  150
Initializing...
maxdom : 6
D->valSize : 348
Solving...
Blb : 2 (clique : 40)
currentSize : 40 <-- 0.003627 s
currentSize : 41 <-- 0.084090 s
currentSize : 42 <-- 0.218417 s
currentSize : 43 <-- 0.977843 s
currentSize : 44 <-- 4.450216 s
currentSize : 45 <-- 32.732506 s

TIMEOUT
maxsize : 45
nodes : 756632293.000000
filtered : 3206949936.000000
time : 3600.000000
