Parameters: GAD=1 vflib=1 dir=0 label=1 lowerbound=1 fileNameGp=../graphsdb/mcs30/rand/r01/mcs30_r01_s50.A72 fileNameGt=../graphsdb/mcs30/rand/r01/mcs30_r01_s50.B72
Reading graphs...
50 :  232
50 :  229
Initializing...
maxdom : 10
D->valSize : 326
Solving...
Blb : 2 (clique : 11)
currentSize : 11 <-- 0.002262 s
currentSize : 12 <-- 0.002652 s
currentSize : 13 <-- 0.008119 s
currentSize : 14 <-- 0.037110 s
currentSize : 15 <-- 2.668582 s
currentSize : 16 <-- 6.388442 s

maxsize : 16
nodes : 2268693.000000
filtered : 28009880.000000
time : 9.219091
