Parameters: GAD=1 vflib=1 dir=0 label=1 lowerbound=1 fileNameGp=../graphsdb/mcs30/m2D/m2Dr2/mcs30_m2Dr2_s60.A90 fileNameGt=../graphsdb/mcs30/m2D/m2Dr2/mcs30_m2Dr2_s60.B90
Reading graphs...
60 :  116
60 :  114
Initializing...
maxdom : 7
D->valSize : 241
Solving...
Blb : 2 (clique : 23)
currentSize : 23 <-- 0.001771 s
currentSize : 24 <-- 0.002433 s
currentSize : 25 <-- 0.040530 s
currentSize : 26 <-- 62.585144 s
currentSize : 27 <-- 438.470581 s

maxsize : 27
nodes : 233389341.000000
filtered : 1481113590.000000
time : 868.943481
