Parameters: GAD=1 vflib=1 dir=0 label=1 lowerbound=1 fileNameGp=../graphsdb/mcs30/m3D/m3Dr2/mcs30_m3Dr2_s80.A40 fileNameGt=../graphsdb/mcs30/m3D/m3Dr2/mcs30_m3Dr2_s80.B40
Reading graphs...
80 :  199
80 :  198
Initializing...
maxdom : 10
D->valSize : 432
Solving...
Blb : 2 (clique : 23)
currentSize : 23 <-- 0.004307 s
currentSize : 24 <-- 0.004506 s
currentSize : 25 <-- 0.004612 s
currentSize : 26 <-- 0.135839 s
currentSize : 27 <-- 4.725955 s
currentSize : 28 <-- 4.740678 s
currentSize : 29 <-- 6.647199 s
currentSize : 30 <-- 98.360023 s

TIMEOUT
maxsize : 30
nodes : 796128708.000000
filtered : 7557765458.000000
time : 3600.000000
