Parameters: GAD=1 vflib=1 dir=0 label=1 lowerbound=1 fileNameGp=../graphsdb/mcs30/rand/r005/mcs30_r005_s80.A51 fileNameGt=../graphsdb/mcs30/rand/r005/mcs30_r005_s80.B51
Reading graphs...
80 :  310
80 :  307
Initializing...
maxdom : 10
D->valSize : 425
Solving...
Blb : 2 (clique : 18)
currentSize : 18 <-- 0.004090 s
currentSize : 19 <-- 0.004633 s
currentSize : 20 <-- 0.005329 s
currentSize : 21 <-- 0.231823 s
currentSize : 22 <-- 1.695665 s
currentSize : 23 <-- 110.570465 s
currentSize : 24 <-- 203.677750 s
currentSize : 25 <-- 377.764465 s
currentSize : 26 <-- 1669.821655 s
currentSize : 27 <-- 2250.534912 s

TIMEOUT
maxsize : 27
nodes : 739267191.000000
filtered : 7204433100.000000
time : 3600.000000
