Parameters: GAD=1 vflib=1 dir=0 label=1 lowerbound=1 fileNameGp=../graphsdb/mcs30/rand/r02/mcs30_r02_s80.A77 fileNameGt=../graphsdb/mcs30/rand/r02/mcs30_r02_s80.B77
Reading graphs...
80 :  1126
80 :  1130
Initializing...
maxdom : 10
D->valSize : 413
Solving...
Blb : 2 (clique : 8)
currentSize : 8 <-- 0.003622 s
currentSize : 9 <-- 0.003748 s
currentSize : 11 <-- 0.004101 s
currentSize : 15 <-- 0.027891 s
currentSize : 18 <-- 0.192944 s

maxsize : 18
nodes : 123298.000000
filtered : 2249445.000000
time : 0.736338
