Parameters: GAD=1 vflib=1 dir=0 label=1 lowerbound=1 fileNameGp=../graphsdb/mcs30/bvg/b03/mcs30_b03_s100.A57 fileNameGt=../graphsdb/mcs30/bvg/b03/mcs30_b03_s100.B57
Reading graphs...
100 :  150
100 :  149
Initializing...
maxdom : 7
D->valSize : 348
Solving...
Blb : 5 (clique : 34)
currentSize : 34 <-- 0.005964 s
currentSize : 35 <-- 0.014332 s
currentSize : 36 <-- 0.022707 s
currentSize : 37 <-- 0.379736 s
currentSize : 38 <-- 0.748490 s
currentSize : 39 <-- 0.748551 s
currentSize : 40 <-- 0.749889 s
currentSize : 41 <-- 5.480020 s
currentSize : 42 <-- 1108.142578 s

TIMEOUT
maxsize : 42
nodes : 779239832.000000
filtered : 3556836292.000000
time : 3600.000000
