Parameters: GAD=1 vflib=1 dir=0 label=1 lowerbound=1 fileNameGp=../graphsdb/mcs30/bvg/b06m/mcs30_b06m_s60.A93 fileNameGt=../graphsdb/mcs30/bvg/b06m/mcs30_b06m_s60.B93
Reading graphs...
60 :  177
60 :  178
Initializing...
maxdom : 7
D->valSize : 251
Solving...
Blb : 5 (clique : 15)
currentSize : 15 <-- 0.003174 s
currentSize : 16 <-- 0.005581 s
currentSize : 17 <-- 0.010162 s
currentSize : 18 <-- 0.011211 s
currentSize : 19 <-- 1.110306 s
currentSize : 20 <-- 2.523770 s
currentSize : 21 <-- 4.843361 s
currentSize : 22 <-- 22.235056 s

maxsize : 22
nodes : 12131892.000000
filtered : 104328930.000000
time : 51.217392
