Parameters: GAD=1 vflib=1 dir=0 label=1 lowerbound=1 fileNameGp=../graphsdb/mcs30/rand/r005/mcs30_r005_s80.A10 fileNameGt=../graphsdb/mcs30/rand/r005/mcs30_r005_s80.B10
Reading graphs...
80 :  310
80 :  312
Initializing...
maxdom : 9
D->valSize : 429
Solving...
Blb : 2 (clique : 21)
currentSize : 21 <-- 0.004166 s
currentSize : 22 <-- 0.028130 s
currentSize : 23 <-- 0.080317 s
currentSize : 24 <-- 4.278920 s
currentSize : 25 <-- 15.281455 s
currentSize : 26 <-- 15.768820 s

TIMEOUT
maxsize : 26
nodes : 750611838.000000
filtered : 6309749243.000000
time : 3600.000000
