Parameters: GAD=1 vflib=1 dir=0 label=1 lowerbound=1 fileNameGp=../graphsdb/mcs30/bvg/b06m/mcs30_b06m_s50.A03 fileNameGt=../graphsdb/mcs30/bvg/b06m/mcs30_b06m_s50.B03
Reading graphs...
50 :  145
50 :  147
Initializing...
maxdom : 8
D->valSize : 298
Solving...
Blb : 5 (clique : 16)
currentSize : 16 <-- 0.002230 s
currentSize : 17 <-- 5.803741 s
currentSize : 18 <-- 5.807195 s
currentSize : 19 <-- 7.373003 s
currentSize : 20 <-- 7.379148 s

maxsize : 20
nodes : 8437592.000000
filtered : 97886308.000000
time : 33.362694
