Parameters: GAD=1 vflib=1 dir=0 label=1 lowerbound=1 fileNameGp=../graphsdb/mcs30/m2D/m2Dr4/mcs30_m2Dr4_s60.A31 fileNameGt=../graphsdb/mcs30/m2D/m2Dr4/mcs30_m2Dr4_s60.B31
Reading graphs...
60 :  125
60 :  126
Initializing...
maxdom : 9
D->valSize : 270
Solving...
Blb : 2 (clique : 18)
currentSize : 18 <-- 0.002115 s
currentSize : 19 <-- 0.002595 s
currentSize : 20 <-- 9.799118 s
currentSize : 21 <-- 40.752388 s
currentSize : 22 <-- 214.336700 s
currentSize : 23 <-- 281.931427 s

maxsize : 23
nodes : 141288161.000000
filtered : 1192249519.000000
time : 531.087402
