Parameters: GAD=1 vflib=1 dir=0 label=1 lowerbound=1 fileNameGp=../graphsdb/mcs30/bvg/b09m/mcs30_b09m_s70.A74 fileNameGt=../graphsdb/mcs30/bvg/b09m/mcs30_b09m_s70.B74
Reading graphs...
70 :  307
70 :  305
Initializing...
maxdom : 10
D->valSize : 310
Solving...
Blb : 2 (clique : 18)
currentSize : 18 <-- 0.002591 s
currentSize : 19 <-- 0.061385 s
currentSize : 20 <-- 0.363571 s
currentSize : 21 <-- 0.792939 s
currentSize : 22 <-- 46.138824 s
currentSize : 23 <-- 85.438812 s

maxsize : 23
nodes : 26408546.000000
filtered : 259636650.000000
time : 126.828621
