Parameters: GAD=1 vflib=1 dir=0 label=1 lowerbound=1 fileNameGp=../graphsdb/mcs30/m4D/m4D/mcs30_m4D_s50.A19 fileNameGt=../graphsdb/mcs30/m4D/m4D/mcs30_m4D_s50.B19
Reading graphs...
50 :  86
50 :  87
Initializing...
maxdom : 12
D->valSize : 322
Solving...
Blb : 2 (clique : 19)
currentSize : 19 <-- 0.002455 s
currentSize : 20 <-- 0.015998 s
currentSize : 21 <-- 0.016625 s
currentSize : 22 <-- 0.049250 s
currentSize : 23 <-- 1.086084 s
currentSize : 24 <-- 1.109647 s
currentSize : 25 <-- 58.559711 s

maxsize : 25
nodes : 19226411.000000
filtered : 259984730.000000
time : 79.964630
