Parameters: GAD=1 vflib=1 dir=0 label=1 lowerbound=1 fileNameGp=../graphsdb/mcs30/m4D/m4Dr4/mcs30_m4Dr4_s90.A67 fileNameGt=../graphsdb/mcs30/m4D/m4Dr4/mcs30_m4Dr4_s90.B67
Reading graphs...
90 :  181
90 :  181
Initializing...
maxdom : 10
D->valSize : 505
Solving...
Blb : 2 (clique : 30)
currentSize : 30 <-- 0.005670 s
currentSize : 31 <-- 0.034242 s
currentSize : 32 <-- 2.172630 s
currentSize : 33 <-- 101.988083 s
currentSize : 34 <-- 1412.612915 s
currentSize : 35 <-- 3186.712158 s

TIMEOUT
maxsize : 35
nodes : 860926540.000000
filtered : 4860224752.000000
time : 3600.000000
