Parameters: GAD=1 vflib=1 dir=0 label=1 lowerbound=1 fileNameGp=../graphsdb/mcs30/bvg/b03/mcs30_b03_s60.A06 fileNameGt=../graphsdb/mcs30/bvg/b03/mcs30_b03_s60.B06
Reading graphs...
60 :  90
60 :  90
Initializing...
maxdom : 8
D->valSize : 239
Solving...
Blb : 2 (clique : 23)
currentSize : 23 <-- 0.002836 s
currentSize : 24 <-- 0.009058 s
currentSize : 25 <-- 12.112303 s
currentSize : 26 <-- 12.861063 s
currentSize : 27 <-- 13.933909 s
currentSize : 28 <-- 100.869186 s

maxsize : 28
nodes : 257383416.000000
filtered : 1757795054.000000
time : 1011.921143
