Parameters: GAD=1 vflib=1 dir=0 label=1 lowerbound=1 fileNameGp=../graphsdb/mcs30/m4D/m4Dr4/mcs30_m4Dr4_s90.A89 fileNameGt=../graphsdb/mcs30/m4D/m4Dr4/mcs30_m4Dr4_s90.B89
Reading graphs...
90 :  180
90 :  179
Initializing...
maxdom : 9
D->valSize : 522
Solving...
Blb : 2 (clique : 31)
currentSize : 31 <-- 0.005976 s
currentSize : 32 <-- 0.099836 s
currentSize : 33 <-- 0.308804 s
currentSize : 34 <-- 0.604250 s
currentSize : 35 <-- 0.941208 s
currentSize : 36 <-- 2.740214 s
currentSize : 37 <-- 1624.106812 s

TIMEOUT
maxsize : 37
nodes : 739484602.000000
filtered : 5583651738.000000
time : 3600.000000
