Parameters: GAD=1 vflib=1 dir=0 label=1 lowerbound=1 fileNameGp=../graphsdb/mcs30/m3D/m3D/mcs30_m3D_s80.A23 fileNameGt=../graphsdb/mcs30/m3D/m3D/mcs30_m3D_s80.B23
Reading graphs...
80 :  182
80 :  184
Initializing...
maxdom : 9
D->valSize : 412
Solving...
Blb : 2 (clique : 26)
currentSize : 26 <-- 0.006513 s
currentSize : 27 <-- 0.006867 s
currentSize : 28 <-- 0.011296 s
currentSize : 29 <-- 0.166762 s
currentSize : 30 <-- 0.311654 s
currentSize : 31 <-- 18.374668 s
currentSize : 32 <-- 296.056122 s

TIMEOUT
maxsize : 32
nodes : 726914320.000000
filtered : 5080528153.000000
time : 3600.000000
