Parameters: GAD=1 vflib=1 dir=0 label=1 lowerbound=1 fileNameGp=../graphsdb/mcs30/bvg/b06/mcs30_b06_s100.A39 fileNameGt=../graphsdb/mcs30/bvg/b06/mcs30_b06_s100.B39
Reading graphs...
100 :  297
100 :  299
Initializing...
maxdom : 7
D->valSize : 352
Solving...
Blb : 3 (clique : 28)
currentSize : 28 <-- 0.003511 s
currentSize : 29 <-- 0.103372 s
currentSize : 30 <-- 1.413232 s
currentSize : 31 <-- 31.244020 s
currentSize : 32 <-- 489.862671 s
currentSize : 33 <-- 2602.957764 s

TIMEOUT
maxsize : 33
nodes : 732475786.000000
filtered : 4267793865.000000
time : 3600.000000
