Parameters: GAD=1 vflib=1 dir=0 label=1 lowerbound=1 fileNameGp=../graphsdb/mcs30/m2D/m2Dr4/mcs30_m2Dr4_s100.A72 fileNameGt=../graphsdb/mcs30/m2D/m2Dr4/mcs30_m2Dr4_s100.B72
Reading graphs...
100 :  219
100 :  216
Initializing...
maxdom : 9
D->valSize : 338
Solving...
Blb : 2 (clique : 31)
currentSize : 31 <-- 0.005520 s
currentSize : 32 <-- 0.005891 s
currentSize : 33 <-- 0.007202 s
currentSize : 34 <-- 0.012885 s
currentSize : 35 <-- 0.023729 s
currentSize : 36 <-- 0.578949 s

TIMEOUT
maxsize : 36
nodes : 724502185.000000
filtered : 3015871363.000000
time : 3600.000000
