Parameters: GAD=1 vflib=1 dir=0 label=1 lowerbound=1 fileNameGp=../graphsdb/mcs30/rand/r02/mcs30_r02_s80.A30 fileNameGt=../graphsdb/mcs30/rand/r02/mcs30_r02_s80.B30
Reading graphs...
80 :  1116
80 :  1119
Initializing...
maxdom : 7
D->valSize : 403
Solving...
Blb : 2 (clique : 8)
currentSize : 8 <-- 0.003694 s
currentSize : 9 <-- 0.004300 s
currentSize : 10 <-- 0.013477 s
currentSize : 12 <-- 0.013529 s
currentSize : 13 <-- 0.013549 s
currentSize : 18 <-- 0.554490 s

maxsize : 18
nodes : 199791.000000
filtered : 3409869.000000
time : 1.165833
