Parameters: GAD=1 vflib=1 dir=0 label=1 lowerbound=1 fileNameGp=../graphsdb/mcs30/m2D/m2Dr2/mcs30_m2Dr2_s70.A75 fileNameGt=../graphsdb/mcs30/m2D/m2Dr2/mcs30_m2Dr2_s70.B75
Reading graphs...
70 :  136
70 :  137
Initializing...
maxdom : 11
D->valSize : 364
Solving...
Blb : 2 (clique : 24)
currentSize : 24 <-- 0.003171 s
currentSize : 25 <-- 0.069873 s
currentSize : 26 <-- 1.004384 s
currentSize : 27 <-- 1.745260 s
currentSize : 28 <-- 16.867702 s
currentSize : 29 <-- 25.360920 s
currentSize : 30 <-- 169.411942 s
currentSize : 31 <-- 303.720337 s
currentSize : 32 <-- 308.503448 s
currentSize : 33 <-- 585.879700 s

TIMEOUT
maxsize : 33
nodes : 734831091.000000
filtered : 7595811087.000000
time : 3600.000000
