Parameters: GAD=1 vflib=1 dir=0 label=1 lowerbound=1 fileNameGp=../graphsdb/mcs30/m2D/m2Dr4/mcs30_m2Dr4_s80.A35 fileNameGt=../graphsdb/mcs30/m2D/m2Dr4/mcs30_m2Dr4_s80.B35
Reading graphs...
80 :  172
80 :  171
Initializing...
maxdom : 8
D->valSize : 401
Solving...
Blb : 2 (clique : 24)
currentSize : 24 <-- 0.004082 s
currentSize : 31 <-- 0.004275 s
currentSize : 32 <-- 0.004593 s
currentSize : 33 <-- 0.126173 s
currentSize : 34 <-- 0.126216 s
currentSize : 35 <-- 1.849722 s

TIMEOUT
maxsize : 35
nodes : 765614573.000000
filtered : 5272046529.000000
time : 3600.000000
