Parameters: GAD=1 vflib=1 dir=0 label=1 lowerbound=1 fileNameGp=../graphsdb/mcs30/rand/r005/mcs30_r005_s35.A56 fileNameGt=../graphsdb/mcs30/rand/r005/mcs30_r005_s35.B56
Reading graphs...
35 :  64
35 :  63
Initializing...
maxdom : 7
D->valSize : 169
Solving...
Blb : 2 (clique : 13)
currentSize : 13 <-- 0.000903 s
currentSize : 14 <-- 0.001280 s
currentSize : 15 <-- 0.067689 s
currentSize : 16 <-- 0.106628 s
currentSize : 17 <-- 0.162613 s

maxsize : 17
nodes : 121377.000000
filtered : 1060992.000000
time : 0.397779
