Parameters: GAD=1 vflib=1 dir=0 label=1 lowerbound=1 fileNameGp=../graphsdb/mcs30/bvg/b06/mcs30_b06_s40.A37 fileNameGt=../graphsdb/mcs30/bvg/b06/mcs30_b06_s40.B37
Reading graphs...
40 :  118
40 :  117
Initializing...
maxdom : 13
D->valSize : 227
Solving...
Blb : 2 (clique : 10)
currentSize : 10 <-- 0.001396 s
currentSize : 11 <-- 0.001474 s
currentSize : 12 <-- 0.001555 s
currentSize : 13 <-- 0.014165 s
currentSize : 14 <-- 0.039412 s
currentSize : 15 <-- 0.489322 s

maxsize : 15
nodes : 168624.000000
filtered : 1956063.000000
time : 0.601772
