Parameters: GAD=1 vflib=1 dir=0 label=1 lowerbound=1 fileNameGp=../graphsdb/mcs30/m3D/m3Dr4/mcs30_m3Dr4_s90.A11 fileNameGt=../graphsdb/mcs30/m3D/m3Dr4/mcs30_m3Dr4_s90.B11
Reading graphs...
90 :  243
90 :  240
Initializing...
maxdom : 13
D->valSize : 568
Solving...
Blb : 2 (clique : 28)
currentSize : 28 <-- 0.010995 s
currentSize : 29 <-- 1.917688 s
currentSize : 30 <-- 2.056953 s
currentSize : 31 <-- 3.959779 s
currentSize : 32 <-- 206.062027 s
currentSize : 33 <-- 222.298462 s

TIMEOUT
maxsize : 33
nodes : 706978178.000000
filtered : 6271259131.000000
time : 3600.000000
