Parameters: GAD=1 vflib=1 dir=0 label=1 lowerbound=1 fileNameGp=../graphsdb/mcs30/m2D/m2Dr2/mcs30_m2Dr2_s100.A59 fileNameGt=../graphsdb/mcs30/m2D/m2Dr2/mcs30_m2Dr2_s100.B59
Reading graphs...
100 :  200
100 :  200
Initializing...
maxdom : 6
D->valSize : 335
Solving...
Blb : 5 (clique : 32)
currentSize : 32 <-- 0.005493 s
currentSize : 33 <-- 2.268828 s
currentSize : 34 <-- 2.594699 s
currentSize : 35 <-- 8.046385 s
currentSize : 36 <-- 17.482250 s
currentSize : 37 <-- 90.167992 s
currentSize : 38 <-- 2870.334717 s

TIMEOUT
maxsize : 38
nodes : 719245535.000000
filtered : 3226790009.000000
time : 3600.000000
