Parameters: GAD=1 vflib=1 dir=0 label=1 lowerbound=1 fileNameGp=../graphsdb/mcs30/m2D/m2Dr6/mcs30_m2Dr6_s70.A85 fileNameGt=../graphsdb/mcs30/m2D/m2Dr6/mcs30_m2Dr6_s70.B85
Reading graphs...
70 :  162
70 :  163
Initializing...
maxdom : 9
D->valSize : 365
Solving...
Blb : 2 (clique : 24)
currentSize : 24 <-- 0.003091 s
currentSize : 25 <-- 0.003330 s
currentSize : 26 <-- 0.004799 s
currentSize : 27 <-- 0.163965 s
currentSize : 28 <-- 14.608863 s
currentSize : 29 <-- 23.230192 s
currentSize : 30 <-- 182.808060 s
currentSize : 31 <-- 488.253235 s
currentSize : 32 <-- 599.225708 s
currentSize : 33 <-- 2887.199463 s

maxsize : 33
nodes : 610429053.000000
filtered : 6930170414.000000
time : 3232.916016
