Parameters: GAD=1 vflib=1 dir=0 label=1 lowerbound=1 fileNameGp=../graphsdb/mcs30/m3D/m3Dr6/mcs30_m3Dr6_s80.A17 fileNameGt=../graphsdb/mcs30/m3D/m3Dr6/mcs30_m3Dr6_s80.B17
Reading graphs...
80 :  230
80 :  226
Initializing...
maxdom : 9
D->valSize : 430
Solving...
Blb : 2 (clique : 26)
currentSize : 26 <-- 0.004258 s
currentSize : 27 <-- 0.005147 s
currentSize : 28 <-- 0.007156 s
currentSize : 29 <-- 0.262650 s
currentSize : 30 <-- 2.630696 s
currentSize : 31 <-- 3578.826416 s

TIMEOUT
maxsize : 31
nodes : 646839729.000000
filtered : 7613760698.000000
time : 3600.000000
