Parameters: GAD=1 vflib=1 dir=0 label=1 lowerbound=1 fileNameGp=../graphsdb/mcs30/bvg/b09m/mcs30_b09m_s40.A44 fileNameGt=../graphsdb/mcs30/bvg/b09m/mcs30_b09m_s40.B44
Reading graphs...
40 :  173
40 :  167
Initializing...
maxdom : 7
D->valSize : 203
Solving...
Blb : 2 (clique : 10)
currentSize : 10 <-- 0.001806 s
currentSize : 11 <-- 0.001919 s
currentSize : 12 <-- 0.003859 s
currentSize : 13 <-- 0.018542 s
currentSize : 14 <-- 0.024115 s

maxsize : 14
nodes : 37546.000000
filtered : 480768.000000
time : 0.185949
