Parameters: GAD=1 vflib=1 dir=0 label=1 lowerbound=1 fileNameGp=../graphsdb/mcs30/rand/r005/mcs30_r005_s60.A48 fileNameGt=../graphsdb/mcs30/rand/r005/mcs30_r005_s60.B48
Reading graphs...
60 :  173
60 :  177
Initializing...
maxdom : 7
D->valSize : 249
Solving...
Blb : 2 (clique : 17)
currentSize : 17 <-- 0.002893 s
currentSize : 18 <-- 0.003077 s
currentSize : 19 <-- 0.003412 s
currentSize : 20 <-- 0.003880 s
currentSize : 21 <-- 0.017053 s
currentSize : 22 <-- 0.365358 s
currentSize : 23 <-- 8.999037 s

maxsize : 23
nodes : 7367677.000000
filtered : 69926307.000000
time : 34.099049
