Parameters: GAD=1 vflib=1 dir=0 label=1 lowerbound=1 fileNameGp=../graphsdb/mcs30/rand/r02/mcs30_r02_s90.A01 fileNameGt=../graphsdb/mcs30/rand/r02/mcs30_r02_s90.B01
Reading graphs...
90 :  1432
90 :  1431
Initializing...
maxdom : 8
D->valSize : 549
Solving...
Blb : 2 (clique : 13)
currentSize : 13 <-- 0.008832 s
currentSize : 15 <-- 0.009035 s
currentSize : 19 <-- 0.012337 s
currentSize : 21 <-- 0.012475 s
currentSize : 22 <-- 0.260430 s

maxsize : 22
nodes : 151722.000000
filtered : 4093435.000000
time : 1.167699
