Parameters: GAD=1 vflib=1 dir=0 label=1 lowerbound=1 fileNameGp=../graphsdb/mcs30/m3D/m3Dr6/mcs30_m3Dr6_s90.A21 fileNameGt=../graphsdb/mcs30/m3D/m3Dr6/mcs30_m3Dr6_s90.B21
Reading graphs...
90 :  263
90 :  259
Initializing...
maxdom : 10
D->valSize : 560
Solving...
Blb : 5 (clique : 24)
currentSize : 24 <-- 0.006488 s
currentSize : 25 <-- 0.007335 s
currentSize : 26 <-- 0.007635 s
currentSize : 27 <-- 0.009859 s
currentSize : 28 <-- 43.898632 s
currentSize : 29 <-- 272.017517 s
currentSize : 30 <-- 623.355408 s

TIMEOUT
maxsize : 30
nodes : 821917475.000000
filtered : 5818642222.000000
time : 3600.000000
