Parameters: GAD=1 vflib=1 dir=0 label=1 lowerbound=1 fileNameGp=../graphsdb/mcs30/m2D/m2Dr6/mcs30_m2Dr6_s60.A99 fileNameGt=../graphsdb/mcs30/m2D/m2Dr6/mcs30_m2Dr6_s60.B99
Reading graphs...
60 :  140
60 :  137
Initializing...
maxdom : 8
D->valSize : 242
Solving...
Blb : 2 (clique : 16)
currentSize : 16 <-- 0.001690 s
currentSize : 19 <-- 0.001791 s
currentSize : 20 <-- 0.002240 s
currentSize : 21 <-- 0.020984 s
currentSize : 22 <-- 17.180489 s
currentSize : 23 <-- 28.376871 s
currentSize : 24 <-- 38.474377 s

maxsize : 24
nodes : 49499828.000000
filtered : 376308596.000000
time : 193.266571
