Parameters: GAD=1 vflib=1 dir=0 label=1 lowerbound=1 fileNameGp=../graphsdb/mcs30/bvg/b03m/mcs30_b03m_s40.A77 fileNameGt=../graphsdb/mcs30/bvg/b03m/mcs30_b03m_s40.B77
Reading graphs...
40 :  60
40 :  59
Initializing...
maxdom : 9
D->valSize : 220
Solving...
Blb : 2 (clique : 15)
currentSize : 15 <-- 0.001349 s
currentSize : 16 <-- 0.002429 s
currentSize : 17 <-- 0.004093 s
currentSize : 18 <-- 0.059254 s
currentSize : 19 <-- 0.288645 s
currentSize : 20 <-- 0.828430 s

maxsize : 20
nodes : 1227410.000000
filtered : 12242104.000000
time : 3.720608
