Parameters: GAD=1 vflib=1 dir=0 label=1 lowerbound=1 fileNameGp=../graphsdb/mcs30/rand/r01/mcs30_r01_s100.A14 fileNameGt=../graphsdb/mcs30/rand/r01/mcs30_r01_s100.B14
Reading graphs...
100 :  942
100 :  943
Initializing...
maxdom : 7
D->valSize : 338
Solving...
Blb : 2 (clique : 12)
currentSize : 12 <-- 0.003218 s
currentSize : 13 <-- 0.003626 s
currentSize : 14 <-- 0.003969 s
currentSize : 15 <-- 0.005651 s
currentSize : 16 <-- 0.168096 s
currentSize : 17 <-- 0.922110 s
currentSize : 18 <-- 0.959729 s
currentSize : 19 <-- 1.828056 s
currentSize : 20 <-- 2.016680 s
currentSize : 21 <-- 2.016819 s
currentSize : 23 <-- 3.744889 s
currentSize : 24 <-- 3.753278 s
currentSize : 27 <-- 3.755485 s
currentSize : 28 <-- 3.765880 s
currentSize : 30 <-- 3.766029 s

maxsize : 30
nodes : 1326811.000000
filtered : 14610727.000000
time : 8.274320
