Parameters: GAD=1 vflib=1 dir=0 label=1 lowerbound=1 fileNameGp=../graphsdb/mcs30/m2D/m2Dr6/mcs30_m2Dr6_s70.A03 fileNameGt=../graphsdb/mcs30/m2D/m2Dr6/mcs30_m2Dr6_s70.B03
Reading graphs...
70 :  160
70 :  162
Initializing...
maxdom : 9
D->valSize : 327
Solving...
Blb : 2 (clique : 19)
currentSize : 19 <-- 0.002989 s
currentSize : 20 <-- 0.003115 s
currentSize : 21 <-- 0.005879 s
currentSize : 22 <-- 0.079593 s
currentSize : 23 <-- 0.725433 s
currentSize : 24 <-- 40.113247 s
currentSize : 25 <-- 51.353462 s
currentSize : 26 <-- 53.644966 s
currentSize : 27 <-- 158.301010 s
currentSize : 28 <-- 187.749207 s

maxsize : 28
nodes : 72035573.000000
filtered : 585050177.000000
time : 330.636200
