Parameters: GAD=1 vflib=1 dir=0 label=1 lowerbound=1 fileNameGp=../graphsdb/mcs30/bvg/b06/mcs30_b06_s80.A92 fileNameGt=../graphsdb/mcs30/bvg/b06/mcs30_b06_s80.B92
Reading graphs...
80 :  232
80 :  236
Initializing...
maxdom : 8
D->valSize : 405
Solving...
Blb : 2 (clique : 23)
currentSize : 23 <-- 0.003756 s
currentSize : 24 <-- 0.029819 s
currentSize : 25 <-- 7.987202 s
currentSize : 26 <-- 11.043990 s
currentSize : 27 <-- 42.623096 s
currentSize : 28 <-- 42.660934 s
currentSize : 29 <-- 1290.636963 s
currentSize : 30 <-- 1478.163086 s
currentSize : 31 <-- 1751.283569 s

TIMEOUT
maxsize : 31
nodes : 685159457.000000
filtered : 7482202540.000000
time : 3600.000000
