Parameters: GAD=1 vflib=1 dir=0 label=1 lowerbound=1 fileNameGp=../graphsdb/mcs30/m2D/m2Dr6/mcs30_m2Dr6_s90.A29 fileNameGt=../graphsdb/mcs30/m2D/m2Dr6/mcs30_m2Dr6_s90.B29
Reading graphs...
90 :  213
90 :  212
Initializing...
maxdom : 9
D->valSize : 518
Solving...
Blb : 2 (clique : 30)
currentSize : 30 <-- 0.005941 s
currentSize : 32 <-- 0.006243 s
currentSize : 33 <-- 0.028681 s
currentSize : 34 <-- 1.067320 s
currentSize : 35 <-- 120.305595 s
currentSize : 36 <-- 175.874191 s

TIMEOUT
maxsize : 36
nodes : 666747439.000000
filtered : 5992801430.000000
time : 3600.000000
