Parameters: GAD=1 vflib=1 dir=0 label=1 lowerbound=1 fileNameGp=../graphsdb/mcs30/m4D/m4Dr6/mcs30_m4Dr6_s80.A34 fileNameGt=../graphsdb/mcs30/m4D/m4Dr6/mcs30_m4Dr6_s80.B34
Reading graphs...
80 :  174
80 :  178
Initializing...
maxdom : 10
D->valSize : 418
Solving...
Blb : 2 (clique : 24)
currentSize : 24 <-- 0.006786 s
currentSize : 25 <-- 0.007089 s
currentSize : 26 <-- 0.017683 s
currentSize : 27 <-- 0.019507 s
currentSize : 28 <-- 0.032268 s
currentSize : 29 <-- 0.958505 s
currentSize : 30 <-- 418.871002 s

TIMEOUT
maxsize : 30
nodes : 752092484.000000
filtered : 6338793067.000000
time : 3600.000000
