Parameters: GAD=1 vflib=1 dir=0 label=1 lowerbound=1 fileNameGp=../graphsdb/mcs30/m2D/m2Dr2/mcs30_m2Dr2_s60.A34 fileNameGt=../graphsdb/mcs30/m2D/m2Dr2/mcs30_m2Dr2_s60.B34
Reading graphs...
60 :  115
60 :  114
Initializing...
maxdom : 7
D->valSize : 230
Solving...
Blb : 2 (clique : 20)
currentSize : 20 <-- 0.002774 s
currentSize : 21 <-- 0.003049 s
currentSize : 22 <-- 0.006138 s
currentSize : 23 <-- 0.284576 s
currentSize : 24 <-- 0.499065 s
currentSize : 25 <-- 69.776733 s
currentSize : 26 <-- 140.796555 s

maxsize : 26
nodes : 56807415.000000
filtered : 405966635.000000
time : 220.232971
