Parameters: GAD=1 vflib=1 dir=0 label=1 lowerbound=1 fileNameGp=../graphsdb/mcs30/m3D/m3Dr6/mcs30_m3Dr6_s80.A59 fileNameGt=../graphsdb/mcs30/m3D/m3Dr6/mcs30_m3Dr6_s80.B59
Reading graphs...
80 :  229
80 :  227
Initializing...
maxdom : 9
D->valSize : 416
Solving...
Blb : 2 (clique : 20)
currentSize : 20 <-- 0.004248 s
currentSize : 25 <-- 0.004412 s
currentSize : 26 <-- 15.686401 s
currentSize : 27 <-- 16.641590 s
currentSize : 28 <-- 821.553345 s
currentSize : 29 <-- 1538.937744 s

TIMEOUT
maxsize : 29
nodes : 726325125.000000
filtered : 6461681406.000000
time : 3600.000000
