Parameters: GAD=1 vflib=1 dir=0 label=1 lowerbound=1 fileNameGp=../graphsdb/mcs30/bvg/b06/mcs30_b06_s60.A40 fileNameGt=../graphsdb/mcs30/bvg/b06/mcs30_b06_s60.B40
Reading graphs...
60 :  179
60 :  179
Initializing...
maxdom : 7
D->valSize : 220
Solving...
Blb : 2 (clique : 17)
currentSize : 17 <-- 0.002490 s
currentSize : 19 <-- 0.002701 s
currentSize : 20 <-- 0.002836 s
currentSize : 21 <-- 0.005974 s
currentSize : 22 <-- 0.041347 s

maxsize : 22
nodes : 3053302.000000
filtered : 23503480.000000
time : 12.776917
