Parameters: GAD=1 vflib=1 dir=0 label=1 lowerbound=1 fileNameGp=../graphsdb/mcs30/bvg/b03m/mcs30_b03m_s50.A76 fileNameGt=../graphsdb/mcs30/bvg/b03m/mcs30_b03m_s50.B76
Reading graphs...
50 :  74
50 :  75
Initializing...
maxdom : 12
D->valSize : 323
Solving...
Blb : 2 (clique : 18)
currentSize : 18 <-- 0.002514 s
currentSize : 19 <-- 0.002620 s
currentSize : 20 <-- 0.002674 s
currentSize : 21 <-- 0.019241 s
currentSize : 22 <-- 2.772448 s
currentSize : 23 <-- 3.129585 s
currentSize : 24 <-- 6.147851 s
currentSize : 25 <-- 2885.994873 s

TIMEOUT
maxsize : 25
nodes : 1966083285.000000
filtered : 3599648546.000000
time : 3600.000000
