Parameters: GAD=1 vflib=1 dir=0 label=1 lowerbound=1 fileNameGp=../graphsdb/mcs30/m3D/m3Dr6/mcs30_m3Dr6_s100.A34 fileNameGt=../graphsdb/mcs30/m3D/m3Dr6/mcs30_m3Dr6_s100.B34
Reading graphs...
100 :  292
100 :  292
Initializing...
maxdom : 7
D->valSize : 342
Solving...
Blb : 5 (clique : 26)
currentSize : 26 <-- 0.003599 s
currentSize : 27 <-- 0.003833 s
currentSize : 28 <-- 0.003956 s
currentSize : 29 <-- 0.005521 s
currentSize : 30 <-- 0.006352 s
currentSize : 31 <-- 6.013271 s
currentSize : 32 <-- 37.863640 s
currentSize : 33 <-- 65.420837 s
currentSize : 34 <-- 277.169342 s

TIMEOUT
maxsize : 34
nodes : 750582717.000000
filtered : 2706450106.000000
time : 3600.000000
