Parameters: GAD=1 vflib=1 dir=0 label=1 lowerbound=1 fileNameGp=../graphsdb/mcs30/bvg/b03/mcs30_b03_s100.A09 fileNameGt=../graphsdb/mcs30/bvg/b03/mcs30_b03_s100.B09
Reading graphs...
100 :  149
100 :  150
Initializing...
maxdom : 7
D->valSize : 341
Solving...
Blb : 3 (clique : 38)
currentSize : 38 <-- 0.005970 s
currentSize : 39 <-- 16.828848 s
currentSize : 40 <-- 32.965462 s
currentSize : 41 <-- 440.415527 s
currentSize : 42 <-- 2191.298340 s
currentSize : 43 <-- 3085.756836 s

TIMEOUT
maxsize : 43
nodes : 784239228.000000
filtered : 2792060854.000000
time : 3600.000000
