Parameters: GAD=1 vflib=1 dir=0 label=1 lowerbound=1 fileNameGp=../graphsdb/mcs30/rand/r02/mcs30_r02_s90.A27 fileNameGt=../graphsdb/mcs30/rand/r02/mcs30_r02_s90.B27
Reading graphs...
90 :  1408
90 :  1429
Initializing...
maxdom : 9
D->valSize : 534
Solving...
Blb : 5 (clique : 9)
currentSize : 9 <-- 0.005583 s
currentSize : 10 <-- 0.036164 s
currentSize : 11 <-- 0.055321 s
currentSize : 12 <-- 0.055471 s
currentSize : 13 <-- 0.058380 s
currentSize : 14 <-- 0.888240 s
currentSize : 19 <-- 0.890931 s
currentSize : 21 <-- 0.891019 s

maxsize : 21
nodes : 349152.000000
filtered : 6785481.000000
time : 2.232501
