Parameters: GAD=1 vflib=1 dir=0 label=1 lowerbound=1 fileNameGp=../graphsdb/mcs30/m2D/m2D/mcs30_m2D_s60.A46 fileNameGt=../graphsdb/mcs30/m2D/m2D/mcs30_m2D_s60.B46
Reading graphs...
60 :  103
60 :  103
Initializing...
maxdom : 9
D->valSize : 274
Solving...
Blb : 2 (clique : 25)
currentSize : 25 <-- 0.003447 s
currentSize : 26 <-- 0.028409 s
currentSize : 27 <-- 0.057687 s
currentSize : 28 <-- 0.085131 s
currentSize : 29 <-- 94.222321 s
currentSize : 30 <-- 215.338135 s

maxsize : 30
nodes : 70860936.000000
filtered : 555815759.000000
time : 285.640320
