Parameters: GAD=1 vflib=1 dir=0 label=1 lowerbound=1 fileNameGp=../graphsdb/mcs30/bvg/b06m/mcs30_b06m_s40.A21 fileNameGt=../graphsdb/mcs30/bvg/b06m/mcs30_b06m_s40.B21
Reading graphs...
40 :  115
40 :  117
Initializing...
maxdom : 10
D->valSize : 243
Solving...
Blb : 2 (clique : 12)
currentSize : 12 <-- 0.002203 s
currentSize : 13 <-- 0.048623 s
currentSize : 14 <-- 0.050171 s
currentSize : 15 <-- 0.187001 s
currentSize : 16 <-- 0.446004 s

maxsize : 16
nodes : 294408.000000
filtered : 4527928.000000
time : 1.255332
