Parameters: GAD=1 vflib=1 dir=0 label=1 lowerbound=1 fileNameGp=../graphsdb/mcs30/m3D/m3Dr4/mcs30_m3Dr4_s80.A69 fileNameGt=../graphsdb/mcs30/m3D/m3Dr4/mcs30_m3Dr4_s80.B69
Reading graphs...
80 :  216
80 :  214
Initializing...
maxdom : 8
D->valSize : 432
Solving...
Blb : 2 (clique : 25)
currentSize : 25 <-- 0.007099 s
currentSize : 26 <-- 0.025607 s
currentSize : 27 <-- 3.355564 s
currentSize : 28 <-- 7.274712 s
currentSize : 29 <-- 60.311100 s
currentSize : 30 <-- 204.560242 s
currentSize : 31 <-- 689.908569 s
currentSize : 32 <-- 3020.337646 s

TIMEOUT
maxsize : 32
nodes : 662824253.000000
filtered : 6561258585.000000
time : 3600.000000
