Parameters: GAD=1 vflib=1 dir=0 label=1 lowerbound=1 fileNameGp=../graphsdb/mcs30/bvg/b09m/mcs30_b09m_s80.A43 fileNameGt=../graphsdb/mcs30/bvg/b09m/mcs30_b09m_s80.B43
Reading graphs...
80 :  349
80 :  346
Initializing...
maxdom : 11
D->valSize : 388
Solving...
Blb : 2 (clique : 22)
currentSize : 22 <-- 0.003513 s
currentSize : 23 <-- 0.005267 s
currentSize : 24 <-- 0.044893 s
currentSize : 25 <-- 0.159877 s
currentSize : 26 <-- 0.441149 s
currentSize : 27 <-- 0.790197 s

maxsize : 27
nodes : 56940377.000000
filtered : 836220239.000000
time : 335.709015
