Parameters: GAD=1 vflib=1 dir=0 label=1 lowerbound=1 fileNameGp=../graphsdb/mcs30/m2D/m2Dr6/mcs30_m2Dr6_s70.A15 fileNameGt=../graphsdb/mcs30/m2D/m2Dr6/mcs30_m2Dr6_s70.B15
Reading graphs...
70 :  164
70 :  159
Initializing...
maxdom : 7
D->valSize : 333
Solving...
Blb : 2 (clique : 24)
currentSize : 24 <-- 0.004646 s
currentSize : 25 <-- 0.010506 s
currentSize : 26 <-- 0.035212 s
currentSize : 27 <-- 1.286418 s
currentSize : 28 <-- 350.574890 s
currentSize : 30 <-- 2167.283691 s

TIMEOUT
maxsize : 30
nodes : 745148490.000000
filtered : 6734535539.000000
time : 3600.000000
