Parameters: GAD=1 vflib=1 dir=0 label=1 lowerbound=1 fileNameGp=../graphsdb/mcs30/bvg/b06/mcs30_b06_s60.A82 fileNameGt=../graphsdb/mcs30/bvg/b06/mcs30_b06_s60.B82
Reading graphs...
60 :  179
60 :  180
Initializing...
maxdom : 8
D->valSize : 250
Solving...
Blb : 2 (clique : 15)
currentSize : 15 <-- 0.002727 s
currentSize : 16 <-- 0.002997 s
currentSize : 17 <-- 0.006777 s
currentSize : 18 <-- 0.006917 s
currentSize : 19 <-- 0.021320 s
currentSize : 20 <-- 0.029226 s
currentSize : 21 <-- 0.539927 s
currentSize : 22 <-- 1.906011 s
currentSize : 23 <-- 5.440052 s
currentSize : 24 <-- 5.483800 s

maxsize : 24
nodes : 1446051.000000
filtered : 12356598.000000
time : 6.699685
