Parameters: GAD=1 vflib=1 dir=0 label=1 lowerbound=1 fileNameGp=../graphsdb/mcs30/m4D/m4Dr6/mcs30_m4Dr6_s50.A85 fileNameGt=../graphsdb/mcs30/m4D/m4Dr6/mcs30_m4Dr6_s50.B85
Reading graphs...
50 :  114
50 :  116
Initializing...
maxdom : 8
D->valSize : 328
Solving...
Blb : 5 (clique : 18)
currentSize : 18 <-- 0.002503 s
currentSize : 19 <-- 2.406808 s
currentSize : 20 <-- 10.633578 s
currentSize : 21 <-- 10.765879 s
currentSize : 22 <-- 39.551105 s

maxsize : 22
nodes : 30935399.000000
filtered : 353806336.000000
time : 125.408340
