Parameters: GAD=1 vflib=1 dir=0 label=1 lowerbound=1 fileNameGp=../graphsdb/mcs30/m2D/m2Dr4/mcs30_m2Dr4_s50.A70 fileNameGt=../graphsdb/mcs30/m2D/m2Dr4/mcs30_m2Dr4_s50.B70
Reading graphs...
50 :  102
50 :  99
Initializing...
maxdom : 9
D->valSize : 319
Solving...
Blb : 2 (clique : 18)
currentSize : 18 <-- 0.003363 s
currentSize : 19 <-- 0.003544 s
currentSize : 20 <-- 0.512551 s
currentSize : 21 <-- 27.264231 s
currentSize : 22 <-- 132.691589 s
currentSize : 23 <-- 547.741333 s

maxsize : 23
nodes : 367167482.000000
filtered : 3675986586.000000
time : 1230.906494
