Parameters: GAD=1 vflib=1 dir=0 label=1 lowerbound=1 fileNameGp=../graphsdb/mcs30/rand/r005/mcs30_r005_s90.A26 fileNameGt=../graphsdb/mcs30/rand/r005/mcs30_r005_s90.B26
Reading graphs...
90 :  389
90 :  392
Initializing...
maxdom : 11
D->valSize : 518
Solving...
Blb : 2 (clique : 20)
currentSize : 20 <-- 0.009377 s
currentSize : 21 <-- 0.046611 s
currentSize : 22 <-- 0.096757 s
currentSize : 23 <-- 0.104529 s
currentSize : 24 <-- 1.897979 s
currentSize : 25 <-- 25.612747 s
currentSize : 26 <-- 2087.510498 s

TIMEOUT
maxsize : 26
nodes : 697918158.000000
filtered : 6467203885.000000
time : 3600.000000
