Parameters: GAD=1 vflib=1 dir=0 label=1 lowerbound=1 fileNameGp=../graphsdb/mcs30/rand/r01/mcs30_r01_s70.A05 fileNameGt=../graphsdb/mcs30/rand/r01/mcs30_r01_s70.B05
Reading graphs...
70 :  463
70 :  454
Initializing...
maxdom : 9
D->valSize : 343
Solving...
Blb : 2 (clique : 12)
currentSize : 12 <-- 0.004446 s
currentSize : 13 <-- 0.017728 s
currentSize : 14 <-- 0.034573 s
currentSize : 15 <-- 0.091857 s
currentSize : 16 <-- 2.257295 s
currentSize : 17 <-- 9.279502 s
currentSize : 18 <-- 9.282138 s
currentSize : 19 <-- 9.284305 s
currentSize : 20 <-- 9.284401 s

maxsize : 20
nodes : 3089107.000000
filtered : 35700534.000000
time : 15.003113
