Parameters: GAD=1 vflib=1 dir=0 label=1 lowerbound=1 fileNameGp=../graphsdb/mcs30/rand/r02/mcs30_r02_s90.A96 fileNameGt=../graphsdb/mcs30/rand/r02/mcs30_r02_s90.B96
Reading graphs...
90 :  1439
90 :  1416
Initializing...
maxdom : 12
D->valSize : 566
Solving...
Blb : 2 (clique : 9)
currentSize : 9 <-- 0.006202 s
currentSize : 10 <-- 0.007640 s
currentSize : 11 <-- 0.032510 s
currentSize : 13 <-- 0.068226 s
currentSize : 14 <-- 0.111983 s
currentSize : 15 <-- 0.112042 s
currentSize : 16 <-- 0.215110 s
currentSize : 18 <-- 0.215466 s
currentSize : 23 <-- 0.435046 s

maxsize : 23
nodes : 147405.000000
filtered : 3726205.000000
time : 1.036993
