Parameters: GAD=1 vflib=1 dir=0 label=1 lowerbound=1 fileNameGp=../graphsdb/mcs30/bvg/b06m/mcs30_b06m_s50.A78 fileNameGt=../graphsdb/mcs30/bvg/b06m/mcs30_b06m_s50.B78
Reading graphs...
50 :  144
50 :  143
Initializing...
maxdom : 11
D->valSize : 349
Solving...
Blb : 2 (clique : 16)
currentSize : 16 <-- 0.004531 s
currentSize : 17 <-- 0.024244 s
currentSize : 18 <-- 0.030849 s
currentSize : 20 <-- 2.096429 s
currentSize : 21 <-- 15.955527 s

maxsize : 21
nodes : 78962903.000000
filtered : 1390222502.000000
time : 361.478333
