Parameters: GAD=1 vflib=1 dir=0 label=1 lowerbound=1 fileNameGp=../graphsdb/mcs30/rand/r005/mcs30_r005_s80.A50 fileNameGt=../graphsdb/mcs30/rand/r005/mcs30_r005_s80.B50
Reading graphs...
80 :  306
80 :  303
Initializing...
maxdom : 9
D->valSize : 425
Solving...
Blb : 2 (clique : 20)
currentSize : 20 <-- 0.004195 s
currentSize : 21 <-- 0.009051 s
currentSize : 22 <-- 0.173874 s
currentSize : 23 <-- 0.196684 s
currentSize : 24 <-- 206.437408 s
currentSize : 25 <-- 324.705475 s

TIMEOUT
maxsize : 25
nodes : 732122905.000000
filtered : 6278476352.000000
time : 3600.000000
