Parameters: GAD=1 vflib=1 dir=0 label=1 lowerbound=1 fileNameGp=../graphsdb/mcs30/m3D/m3Dr6/mcs30_m3Dr6_s100.A37 fileNameGt=../graphsdb/mcs30/m3D/m3Dr6/mcs30_m3Dr6_s100.B37
Reading graphs...
100 :  290
100 :  290
Initializing...
maxdom : 7
D->valSize : 311
Solving...
Blb : 2 (clique : 27)
currentSize : 27 <-- 0.002974 s
currentSize : 28 <-- 0.003520 s
currentSize : 29 <-- 0.049741 s
currentSize : 30 <-- 31.391621 s
currentSize : 31 <-- 73.061920 s
currentSize : 32 <-- 311.093597 s
currentSize : 33 <-- 688.956055 s

TIMEOUT
maxsize : 33
nodes : 726225529.000000
filtered : 3731887859.000000
time : 3600.000000
