Parameters: GAD=1 vflib=1 dir=0 label=1 lowerbound=1 fileNameGp=../graphsdb/mcs30/bvg/b06m/mcs30_b06m_s80.A80 fileNameGt=../graphsdb/mcs30/bvg/b06m/mcs30_b06m_s80.B80
Reading graphs...
80 :  234
80 :  238
Initializing...
maxdom : 12
D->valSize : 424
Solving...
Blb : 5 (clique : 22)
currentSize : 22 <-- 0.004118 s
currentSize : 24 <-- 0.005842 s
currentSize : 25 <-- 0.096875 s
currentSize : 26 <-- 15.526822 s
currentSize : 27 <-- 39.834675 s
currentSize : 28 <-- 45.247005 s
currentSize : 29 <-- 113.307083 s

TIMEOUT
maxsize : 29
nodes : 817418893.000000
filtered : 6649829162.000000
time : 3600.000000
