Parameters: GAD=1 vflib=1 dir=0 label=1 lowerbound=1 fileNameGp=../graphsdb/mcs30/bvg/b06m/mcs30_b06m_s40.A74 fileNameGt=../graphsdb/mcs30/bvg/b06m/mcs30_b06m_s40.B74
Reading graphs...
40 :  115
40 :  116
Initializing...
maxdom : 9
D->valSize : 202
Solving...
Blb : 2 (clique : 12)
currentSize : 12 <-- 0.001578 s
currentSize : 13 <-- 0.006575 s
currentSize : 14 <-- 0.018274 s
currentSize : 15 <-- 0.250859 s
currentSize : 16 <-- 0.637228 s

maxsize : 16
nodes : 464902.000000
filtered : 4367554.000000
time : 1.585301
