Parameters: GAD=1 vflib=1 dir=0 label=1 lowerbound=1 fileNameGp=../graphsdb/mcs30/bvg/b03m/mcs30_b03m_s100.A66 fileNameGt=../graphsdb/mcs30/bvg/b03m/mcs30_b03m_s100.B66
Reading graphs...
100 :  148
100 :  149
Initializing...
maxdom : 7
D->valSize : 342
Solving...
Blb : 2 (clique : 39)
currentSize : 39 <-- 0.005768 s
currentSize : 40 <-- 2.830665 s
currentSize : 41 <-- 3.333529 s
currentSize : 42 <-- 3.602290 s
currentSize : 43 <-- 39.741249 s
currentSize : 44 <-- 39.778831 s

TIMEOUT
maxsize : 44
nodes : 783473057.000000
filtered : 2565717317.000000
time : 3600.000000
