Parameters: GAD=1 vflib=1 dir=0 label=1 lowerbound=1 fileNameGp=../graphsdb/mcs30/bvg/b06m/mcs30_b06m_s60.A49 fileNameGt=../graphsdb/mcs30/bvg/b06m/mcs30_b06m_s60.B49
Reading graphs...
60 :  177
60 :  176
Initializing...
maxdom : 9
D->valSize : 255
Solving...
Blb : 2 (clique : 17)
currentSize : 17 <-- 0.001872 s
currentSize : 18 <-- 0.002616 s
currentSize : 19 <-- 0.002768 s
currentSize : 20 <-- 0.011137 s
currentSize : 21 <-- 1.237811 s
currentSize : 22 <-- 29.852968 s
currentSize : 23 <-- 47.574177 s

maxsize : 23
nodes : 24192168.000000
filtered : 193150888.000000
time : 100.357727
