Parameters: GAD=1 vflib=1 dir=0 label=1 lowerbound=1 fileNameGp=../graphsdb/mcs30/m2D/m2Dr6/mcs30_m2Dr6_s90.A21 fileNameGt=../graphsdb/mcs30/m2D/m2Dr6/mcs30_m2Dr6_s90.B21
Reading graphs...
90 :  212
90 :  215
Initializing...
maxdom : 10
D->valSize : 518
Solving...
Blb : 5 (clique : 27)
currentSize : 27 <-- 0.005917 s
currentSize : 28 <-- 0.494908 s
currentSize : 29 <-- 16.128824 s
currentSize : 30 <-- 16.203611 s
currentSize : 31 <-- 18.709200 s
currentSize : 32 <-- 79.337067 s
currentSize : 33 <-- 261.705231 s
currentSize : 34 <-- 1335.022705 s

TIMEOUT
maxsize : 34
nodes : 799163835.000000
filtered : 5113695381.000000
time : 3600.000000
