Parameters: GAD=1 vflib=1 dir=0 label=1 lowerbound=1 fileNameGp=../graphsdb/mcs30/rand/r02/mcs30_r02_s70.A74 fileNameGt=../graphsdb/mcs30/rand/r02/mcs30_r02_s70.B74
Reading graphs...
70 :  860
70 :  858
Initializing...
maxdom : 7
D->valSize : 295
Solving...
Blb : 2 (clique : 9)
currentSize : 9 <-- 0.002285 s
currentSize : 10 <-- 0.016598 s
currentSize : 11 <-- 0.020612 s
currentSize : 14 <-- 0.074120 s
currentSize : 16 <-- 0.103191 s
currentSize : 17 <-- 0.105615 s

maxsize : 17
nodes : 53574.000000
filtered : 693044.000000
time : 0.274392
