Parameters: GAD=1 vflib=1 dir=0 label=1 lowerbound=1 fileNameGp=../graphsdb/mcs30/bvg/b06/mcs30_b06_s35.A54 fileNameGt=../graphsdb/mcs30/bvg/b06/mcs30_b06_s35.B54
Reading graphs...
35 :  102
35 :  102
Initializing...
maxdom : 7
D->valSize : 157
Solving...
Blb : 2 (clique : 10)
currentSize : 10 <-- 0.000938 s
currentSize : 11 <-- 0.001066 s
currentSize : 12 <-- 0.004380 s
currentSize : 13 <-- 0.007060 s
currentSize : 14 <-- 0.092485 s

maxsize : 14
nodes : 41426.000000
filtered : 401626.000000
time : 0.134053
