Parameters: GAD=1 vflib=1 dir=0 label=1 lowerbound=1 fileNameGp=../graphsdb/mcs30/m2D/m2Dr6/mcs30_m2Dr6_s50.A87 fileNameGt=../graphsdb/mcs30/m2D/m2Dr6/mcs30_m2Dr6_s50.B87
Reading graphs...
50 :  115
50 :  112
Initializing...
maxdom : 10
D->valSize : 339
Solving...
Blb : 2 (clique : 17)
currentSize : 17 <-- 0.004107 s
currentSize : 18 <-- 0.060027 s
currentSize : 19 <-- 0.281912 s
currentSize : 20 <-- 0.485541 s
currentSize : 22 <-- 1.095636 s
currentSize : 23 <-- 5.193932 s

maxsize : 23
nodes : 7170506.000000
filtered : 125673158.000000
time : 37.403305
