Parameters: GAD=1 vflib=1 dir=0 label=1 lowerbound=1 fileNameGp=../graphsdb/mcs30/m2D/m2Dr4/mcs30_m2Dr4_s50.A00 fileNameGt=../graphsdb/mcs30/m2D/m2Dr4/mcs30_m2Dr4_s50.B00
Reading graphs...
50 :  102
50 :  103
Initializing...
maxdom : 10
D->valSize : 342
Solving...
Blb : 2 (clique : 14)
currentSize : 14 <-- 0.002558 s
currentSize : 15 <-- 0.003396 s
currentSize : 16 <-- 0.005348 s
currentSize : 17 <-- 0.005433 s
currentSize : 18 <-- 0.073675 s
currentSize : 19 <-- 0.284324 s
currentSize : 20 <-- 0.474790 s
currentSize : 21 <-- 2.244872 s
currentSize : 22 <-- 7.680125 s
currentSize : 23 <-- 37.861473 s

maxsize : 23
nodes : 61733543.000000
filtered : 801546387.000000
time : 247.445587
