Parameters: GAD=1 vflib=1 dir=0 label=1 lowerbound=1 fileNameGp=../graphsdb/mcs30/rand/r02/mcs30_r02_s40.A10 fileNameGt=../graphsdb/mcs30/rand/r02/mcs30_r02_s40.B10
Reading graphs...
40 :  280
40 :  282
Initializing...
maxdom : 8
D->valSize : 181
Solving...
Blb : 2 (clique : 6)
currentSize : 6 <-- 0.001099 s
currentSize : 7 <-- 0.001404 s
currentSize : 8 <-- 0.005789 s
currentSize : 9 <-- 0.015789 s
currentSize : 11 <-- 0.016216 s

maxsize : 11
nodes : 11939.000000
filtered : 126861.000000
time : 0.042472
