Parameters: GAD=1 vflib=1 dir=0 label=1 lowerbound=1 fileNameGp=../graphsdb/mcs30/bvg/b09m/mcs30_b09m_s40.A33 fileNameGt=../graphsdb/mcs30/bvg/b09m/mcs30_b09m_s40.B33
Reading graphs...
40 :  162
40 :  165
Initializing...
maxdom : 8
D->valSize : 223
Solving...
Blb : 2 (clique : 9)
currentSize : 9 <-- 0.001291 s
currentSize : 10 <-- 0.001362 s
currentSize : 11 <-- 0.006120 s
currentSize : 12 <-- 0.087366 s
currentSize : 13 <-- 0.137389 s

maxsize : 13
nodes : 323724.000000
filtered : 4398395.000000
time : 1.168166
