Parameters: GAD=1 vflib=1 dir=0 label=1 lowerbound=1 fileNameGp=../graphsdb/mcs30/m2D/m2Dr2/mcs30_m2Dr2_s60.A11 fileNameGt=../graphsdb/mcs30/m2D/m2Dr2/mcs30_m2Dr2_s60.B11
Reading graphs...
60 :  116
60 :  116
Initializing...
maxdom : 7
D->valSize : 230
Solving...
Blb : 2 (clique : 21)
currentSize : 21 <-- 0.001757 s
currentSize : 22 <-- 0.002826 s
currentSize : 23 <-- 0.012021 s
currentSize : 24 <-- 1.678267 s
currentSize : 25 <-- 25.538019 s
currentSize : 26 <-- 162.384949 s

maxsize : 26
nodes : 165049181.000000
filtered : 1085958451.000000
time : 652.401062
