Parameters: GAD=1 vflib=1 dir=0 label=1 lowerbound=1 fileNameGp=../graphsdb/mcs30/bvg/b06m/mcs30_b06m_s60.A33 fileNameGt=../graphsdb/mcs30/bvg/b06m/mcs30_b06m_s60.B33
Reading graphs...
60 :  174
60 :  173
Initializing...
maxdom : 7
D->valSize : 236
Solving...
Blb : 3 (clique : 18)
currentSize : 18 <-- 0.001810 s
currentSize : 19 <-- 0.008872 s
currentSize : 20 <-- 1.201406 s
currentSize : 21 <-- 31.166538 s
currentSize : 22 <-- 31.166651 s
currentSize : 23 <-- 33.181152 s
currentSize : 24 <-- 33.193710 s

maxsize : 24
nodes : 13703773.000000
filtered : 89577631.000000
time : 51.068844
