Parameters: GAD=1 vflib=1 dir=0 label=1 lowerbound=1 fileNameGp=../graphsdb/mcs30/bvg/b03m/mcs30_b03m_s80.A30 fileNameGt=../graphsdb/mcs30/bvg/b03m/mcs30_b03m_s80.B30
Reading graphs...
80 :  120
80 :  120
Initializing...
maxdom : 10
D->valSize : 406
Solving...
Blb : 2 (clique : 30)
currentSize : 30 <-- 0.003898 s
currentSize : 31 <-- 0.004228 s
currentSize : 32 <-- 0.007050 s
currentSize : 33 <-- 0.007244 s
currentSize : 34 <-- 0.012194 s
currentSize : 35 <-- 2.896893 s
currentSize : 36 <-- 38.346405 s

TIMEOUT
maxsize : 36
nodes : 790378737.000000
filtered : 4372020821.000000
time : 3600.000000
