Parameters: GAD=1 vflib=1 dir=0 label=1 lowerbound=1 fileNameGp=../graphsdb/mcs30/m3D/m3Dr2/mcs30_m3Dr2_s100.A67 fileNameGt=../graphsdb/mcs30/m3D/m3Dr2/mcs30_m3Dr2_s100.B67
Reading graphs...
100 :  255
100 :  255
Initializing...
maxdom : 7
D->valSize : 328
Solving...
Blb : 2 (clique : 27)
currentSize : 27 <-- 0.003454 s
currentSize : 28 <-- 0.003758 s
currentSize : 29 <-- 0.041084 s
currentSize : 30 <-- 0.146491 s
currentSize : 31 <-- 6.341217 s
currentSize : 32 <-- 34.816601 s
currentSize : 33 <-- 38.280624 s
currentSize : 34 <-- 977.380798 s

TIMEOUT
maxsize : 34
nodes : 692231423.000000
filtered : 4039644793.000000
time : 3600.000000
