Parameters: GAD=1 vflib=1 dir=0 label=1 lowerbound=1 fileNameGp=../graphsdb/mcs30/rand/r005/mcs30_r005_s70.A89 fileNameGt=../graphsdb/mcs30/rand/r005/mcs30_r005_s70.B89
Reading graphs...
70 :  236
70 :  232
Initializing...
maxdom : 9
D->valSize : 321
Solving...
Blb : 2 (clique : 18)
currentSize : 18 <-- 0.002690 s
currentSize : 19 <-- 0.002813 s
currentSize : 20 <-- 0.003302 s
currentSize : 21 <-- 0.055259 s
currentSize : 22 <-- 0.059781 s
currentSize : 23 <-- 18.104362 s
currentSize : 24 <-- 672.372375 s
currentSize : 25 <-- 1412.986938 s

TIMEOUT
maxsize : 25
nodes : 812580710.000000
filtered : 6794018481.000000
time : 3600.000000
