Parameters: GAD=1 vflib=1 dir=0 label=1 lowerbound=1 fileNameGp=../graphsdb/mcs30/bvg/b09m/mcs30_b09m_s35.A42 fileNameGt=../graphsdb/mcs30/bvg/b09m/mcs30_b09m_s35.B42
Reading graphs...
35 :  146
35 :  147
Initializing...
maxdom : 8
D->valSize : 177
Solving...
Blb : 3 (clique : 8)
currentSize : 8 <-- 0.000975 s
currentSize : 9 <-- 0.001647 s
currentSize : 10 <-- 0.001692 s
currentSize : 11 <-- 0.033255 s
currentSize : 12 <-- 0.052992 s

maxsize : 12
nodes : 20780.000000
filtered : 215759.000000
time : 0.069901
