Parameters: GAD=1 vflib=1 dir=0 label=1 lowerbound=1 fileNameGp=../graphsdb/mcs30/m3D/m3Dr2/mcs30_m3Dr2_s70.A67 fileNameGt=../graphsdb/mcs30/m3D/m3Dr2/mcs30_m3Dr2_s70.B67
Reading graphs...
70 :  170
70 :  169
Initializing...
maxdom : 7
D->valSize : 336
Solving...
Blb : 2 (clique : 24)
currentSize : 24 <-- 0.005072 s
currentSize : 25 <-- 5.849475 s
currentSize : 26 <-- 8.616267 s
currentSize : 28 <-- 345.558838 s
currentSize : 29 <-- 345.559814 s
currentSize : 30 <-- 542.027161 s
currentSize : 31 <-- 542.066956 s
currentSize : 32 <-- 799.286072 s
currentSize : 33 <-- 1046.031006 s

maxsize : 33
nodes : 256141970.000000
filtered : 2508660256.000000
time : 1250.687012
