Parameters: GAD=1 vflib=1 dir=0 label=1 lowerbound=1 fileNameGp=../graphsdb/mcs30/bvg/b06m/mcs30_b06m_s100.A87 fileNameGt=../graphsdb/mcs30/bvg/b06m/mcs30_b06m_s100.B87
Reading graphs...
100 :  299
100 :  297
Initializing...
maxdom : 7
D->valSize : 316
Solving...
Blb : 3 (clique : 29)
currentSize : 29 <-- 0.005127 s
currentSize : 30 <-- 1.357359 s
currentSize : 31 <-- 1.375206 s
currentSize : 32 <-- 1.433719 s
currentSize : 33 <-- 7.816402 s
currentSize : 34 <-- 2666.866943 s
currentSize : 35 <-- 2666.873291 s
currentSize : 36 <-- 2666.927979 s
currentSize : 37 <-- 2737.935547 s

TIMEOUT
maxsize : 37
nodes : 679100223.000000
filtered : 3857450056.000000
time : 3600.000000
