Parameters: GAD=1 vflib=1 dir=0 label=1 lowerbound=1 fileNameGp=../graphsdb/mcs30/bvg/b06/mcs30_b06_s40.A03 fileNameGt=../graphsdb/mcs30/bvg/b06/mcs30_b06_s40.B03
Reading graphs...
40 :  117
40 :  118
Initializing...
maxdom : 9
D->valSize : 215
Solving...
Blb : 2 (clique : 12)
currentSize : 12 <-- 0.001905 s
currentSize : 13 <-- 0.002238 s
currentSize : 14 <-- 0.063729 s
currentSize : 15 <-- 0.063744 s
currentSize : 16 <-- 0.065007 s

maxsize : 16
nodes : 83793.000000
filtered : 1112260.000000
time : 0.355210
