Parameters: GAD=1 vflib=1 dir=0 label=1 lowerbound=1 fileNameGp=../graphsdb/mcs30/m2D/m2Dr4/mcs30_m2Dr4_s70.A34 fileNameGt=../graphsdb/mcs30/m2D/m2Dr4/mcs30_m2Dr4_s70.B34
Reading graphs...
70 :  151
70 :  149
Initializing...
maxdom : 9
D->valSize : 332
Solving...
Blb : 2 (clique : 23)
currentSize : 23 <-- 0.002952 s
currentSize : 25 <-- 0.003884 s
currentSize : 26 <-- 0.007007 s
currentSize : 27 <-- 0.012031 s
currentSize : 28 <-- 0.034263 s
currentSize : 29 <-- 123.037720 s
currentSize : 30 <-- 621.084290 s
currentSize : 31 <-- 621.084473 s
currentSize : 32 <-- 621.086853 s
currentSize : 33 <-- 621.167664 s

maxsize : 33
nodes : 404262127.000000
filtered : 4500634348.000000
time : 2252.999756
