Parameters: GAD=1 vflib=1 dir=0 label=1 lowerbound=1 fileNameGp=../graphsdb/mcs30/m4D/m4Dr6/mcs30_m4Dr6_s90.A85 fileNameGt=../graphsdb/mcs30/m4D/m4Dr6/mcs30_m4Dr6_s90.B85
Reading graphs...
90 :  194
90 :  195
Initializing...
maxdom : 12
D->valSize : 523
Solving...
Blb : 2 (clique : 30)
currentSize : 30 <-- 0.006311 s
currentSize : 31 <-- 0.006639 s
currentSize : 32 <-- 0.226526 s
currentSize : 33 <-- 1.395776 s
currentSize : 34 <-- 1.664130 s
currentSize : 35 <-- 2.181351 s
currentSize : 36 <-- 3348.911377 s

TIMEOUT
maxsize : 36
nodes : 887373589.000000
filtered : 4909956544.000000
time : 3600.000000
