Parameters: GAD=1 vflib=1 dir=0 label=1 lowerbound=1 fileNameGp=../graphsdb/mcs30/bvg/b06/mcs30_b06_s100.A01 fileNameGt=../graphsdb/mcs30/bvg/b06/mcs30_b06_s100.B01
Reading graphs...
100 :  298
100 :  297
Initializing...
maxdom : 7
D->valSize : 350
Solving...
Blb : 2 (clique : 25)
currentSize : 25 <-- 0.003444 s
currentSize : 27 <-- 0.003656 s
currentSize : 29 <-- 0.004209 s
currentSize : 30 <-- 0.004274 s
currentSize : 31 <-- 0.096777 s
currentSize : 32 <-- 0.097095 s
currentSize : 33 <-- 0.462188 s
currentSize : 34 <-- 21.229656 s

TIMEOUT
maxsize : 34
nodes : 639430588.000000
filtered : 4484881601.000000
time : 3600.000000
