Parameters: GAD=1 vflib=1 dir=0 label=1 lowerbound=1 fileNameGp=../graphsdb/mcs30/m4D/m4Dr6/mcs30_m4Dr6_s90.A41 fileNameGt=../graphsdb/mcs30/m4D/m4Dr6/mcs30_m4Dr6_s90.B41
Reading graphs...
90 :  197
90 :  195
Initializing...
maxdom : 9
D->valSize : 500
Solving...
Blb : 2 (clique : 31)
currentSize : 31 <-- 0.006052 s
currentSize : 32 <-- 0.006596 s
currentSize : 33 <-- 0.013000 s
currentSize : 34 <-- 0.881157 s
currentSize : 35 <-- 0.881275 s
currentSize : 36 <-- 824.204529 s

TIMEOUT
maxsize : 36
nodes : 853168317.000000
filtered : 4649824657.000000
time : 3600.000000
