Parameters: GAD=1 vflib=1 dir=0 label=1 lowerbound=1 fileNameGp=../graphsdb/mcs30/m3D/m3Dr2/mcs30_m3Dr2_s90.A42 fileNameGt=../graphsdb/mcs30/m3D/m3Dr2/mcs30_m3Dr2_s90.B42
Reading graphs...
90 :  226
90 :  225
Initializing...
maxdom : 9
D->valSize : 513
Solving...
Blb : 5 (clique : 28)
currentSize : 28 <-- 0.009469 s
currentSize : 29 <-- 0.084076 s
currentSize : 30 <-- 0.408290 s
currentSize : 31 <-- 1.019147 s
currentSize : 32 <-- 304.456482 s
currentSize : 33 <-- 2631.400879 s

TIMEOUT
maxsize : 33
nodes : 740866395.000000
filtered : 6128573998.000000
time : 3600.000000
