Parameters: GAD=1 vflib=1 dir=0 label=1 lowerbound=1 fileNameGp=../graphsdb/mcs30/m2D/m2Dr2/mcs30_m2Dr2_s100.A28 fileNameGt=../graphsdb/mcs30/m2D/m2Dr2/mcs30_m2Dr2_s100.B28
Reading graphs...
100 :  198
100 :  198
Initializing...
maxdom : 9
D->valSize : 334
Solving...
Blb : 2 (clique : 32)
currentSize : 32 <-- 0.003628 s
currentSize : 33 <-- 0.003929 s
currentSize : 34 <-- 0.005071 s
currentSize : 35 <-- 0.013820 s
currentSize : 36 <-- 0.116538 s
currentSize : 37 <-- 16.040825 s
currentSize : 38 <-- 535.072327 s

TIMEOUT
maxsize : 38
nodes : 717371512.000000
filtered : 3428863163.000000
time : 3600.000000
