Parameters: GAD=1 vflib=1 dir=0 label=1 lowerbound=1 fileNameGp=../graphsdb/mcs30/rand/r02/mcs30_r02_s100.A75 fileNameGt=../graphsdb/mcs30/rand/r02/mcs30_r02_s100.B75
Reading graphs...
100 :  1748
100 :  1779
Initializing...
maxdom : 8
D->valSize : 348
Solving...
Blb : 5 (clique : 8)
currentSize : 8 <-- 0.004604 s
currentSize : 9 <-- 0.007160 s
currentSize : 10 <-- 0.007197 s
currentSize : 11 <-- 0.007477 s
currentSize : 12 <-- 0.011114 s
currentSize : 14 <-- 0.119106 s
currentSize : 15 <-- 0.120409 s
currentSize : 16 <-- 0.120466 s
currentSize : 21 <-- 0.120539 s
currentSize : 22 <-- 0.120941 s

maxsize : 22
nodes : 76862.000000
filtered : 875381.000000
time : 0.475113
