Parameters: GAD=1 vflib=1 dir=0 label=1 lowerbound=1 fileNameGp=../graphsdb/mcs30/bvg/b06m/mcs30_b06m_s60.A37 fileNameGt=../graphsdb/mcs30/bvg/b06m/mcs30_b06m_s60.B37
Reading graphs...
60 :  171
60 :  175
Initializing...
maxdom : 7
D->valSize : 236
Solving...
Blb : 2 (clique : 15)
currentSize : 15 <-- 0.001931 s
currentSize : 16 <-- 0.002097 s
currentSize : 18 <-- 0.002893 s
currentSize : 19 <-- 0.002934 s
currentSize : 20 <-- 0.024928 s
currentSize : 21 <-- 0.372491 s
currentSize : 22 <-- 11.461701 s

maxsize : 22
nodes : 4830278.000000
filtered : 39656777.000000
time : 20.018682
