Parameters: GAD=1 vflib=1 dir=0 label=1 lowerbound=1 fileNameGp=../graphsdb/mcs30/bvg/b03/mcs30_b03_s60.A01 fileNameGt=../graphsdb/mcs30/bvg/b03/mcs30_b03_s60.B01
Reading graphs...
60 :  90
60 :  90
Initializing...
maxdom : 8
D->valSize : 240
Solving...
Blb : 2 (clique : 24)
currentSize : 24 <-- 0.002873 s
currentSize : 25 <-- 0.117874 s
currentSize : 26 <-- 0.508407 s
currentSize : 27 <-- 20.813845 s
currentSize : 28 <-- 2781.762451 s
currentSize : 29 <-- 3488.894775 s

TIMEOUT
maxsize : 29
nodes : 1007702565.000000
filtered : 5642415724.000000
time : 3600.000000
