Parameters: GAD=1 vflib=1 dir=0 label=1 lowerbound=1 fileNameGp=../graphsdb/mcs30/m2D/m2Dr6/mcs30_m2Dr6_s50.A82 fileNameGt=../graphsdb/mcs30/m2D/m2Dr6/mcs30_m2Dr6_s50.B82
Reading graphs...
50 :  111
50 :  112
Initializing...
maxdom : 11
D->valSize : 314
Solving...
Blb : 2 (clique : 16)
currentSize : 16 <-- 0.003598 s
currentSize : 17 <-- 0.003745 s
currentSize : 18 <-- 0.003788 s
currentSize : 19 <-- 1.707041 s
currentSize : 20 <-- 3.298864 s
currentSize : 21 <-- 7.107594 s
currentSize : 22 <-- 142.620758 s
currentSize : 23 <-- 194.256790 s

maxsize : 23
nodes : 63556828.000000
filtered : 763945462.000000
time : 259.956421
