Parameters: GAD=1 vflib=1 dir=0 label=1 lowerbound=1 fileNameGp=../graphsdb/mcs30/m4D/m4Dr6/mcs30_m4Dr6_s60.A93 fileNameGt=../graphsdb/mcs30/m4D/m4Dr6/mcs30_m4Dr6_s60.B93
Reading graphs...
60 :  135
60 :  133
Initializing...
maxdom : 7
D->valSize : 256
Solving...
Blb : 3 (clique : 20)
currentSize : 20 <-- 0.001925 s
currentSize : 21 <-- 0.008521 s
currentSize : 22 <-- 2.151931 s
currentSize : 23 <-- 2.467926 s
currentSize : 24 <-- 2.553782 s
currentSize : 25 <-- 8.448225 s

maxsize : 25
nodes : 59862099.000000
filtered : 606426729.000000
time : 257.663635
