Parameters: GAD=1 vflib=1 dir=0 label=1 lowerbound=1 fileNameGp=../graphsdb/mcs30/m2D/m2Dr4/mcs30_m2Dr4_s70.A83 fileNameGt=../graphsdb/mcs30/m2D/m2Dr4/mcs30_m2Dr4_s70.B83
Reading graphs...
70 :  150
70 :  151
Initializing...
maxdom : 8
D->valSize : 323
Solving...
Blb : 3 (clique : 24)
currentSize : 24 <-- 0.004324 s
currentSize : 25 <-- 25.248896 s
currentSize : 26 <-- 120.388184 s
currentSize : 27 <-- 2884.832520 s
currentSize : 28 <-- 2886.000244 s
currentSize : 29 <-- 3474.834961 s
currentSize : 30 <-- 3474.834961 s
currentSize : 31 <-- 3474.849854 s

TIMEOUT
maxsize : 31
nodes : 904811351.000000
filtered : 6522420285.000000
time : 3600.000000
