Parameters: GAD=1 vflib=1 dir=0 label=1 lowerbound=1 fileNameGp=../graphsdb/mcs30/rand/r01/mcs30_r01_s50.A38 fileNameGt=../graphsdb/mcs30/rand/r01/mcs30_r01_s50.B38
Reading graphs...
50 :  231
50 :  228
Initializing...
maxdom : 10
D->valSize : 299
Solving...
Blb : 2 (clique : 11)
currentSize : 11 <-- 0.002079 s
currentSize : 12 <-- 0.002287 s
currentSize : 13 <-- 0.011619 s
currentSize : 14 <-- 0.101995 s
currentSize : 15 <-- 0.235726 s

maxsize : 15
nodes : 3570277.000000
filtered : 44491410.000000
time : 14.369335
