Parameters: GAD=1 vflib=1 dir=0 label=1 lowerbound=1 fileNameGp=../graphsdb/mcs30/m4D/m4Dr6/mcs30_m4Dr6_s80.A52 fileNameGt=../graphsdb/mcs30/m4D/m4Dr6/mcs30_m4Dr6_s80.B52
Reading graphs...
80 :  175
80 :  171
Initializing...
maxdom : 7
D->valSize : 448
Solving...
Blb : 2 (clique : 25)
currentSize : 25 <-- 0.007396 s
currentSize : 28 <-- 0.007696 s
currentSize : 29 <-- 0.007978 s
currentSize : 30 <-- 0.012573 s
currentSize : 31 <-- 0.013163 s
currentSize : 32 <-- 0.309284 s

TIMEOUT
maxsize : 32
nodes : 900169953.000000
filtered : 4557808729.000000
time : 3600.000000
