Parameters: GAD=1 vflib=1 dir=0 label=1 lowerbound=1 fileNameGp=../graphsdb/mcs30/bvg/b06/mcs30_b06_s90.A17 fileNameGt=../graphsdb/mcs30/bvg/b06/mcs30_b06_s90.B17
Reading graphs...
90 :  270
90 :  269
Initializing...
maxdom : 9
D->valSize : 510
Solving...
Blb : 2 (clique : 27)
currentSize : 27 <-- 0.005838 s
currentSize : 30 <-- 0.006065 s
currentSize : 31 <-- 0.006131 s
currentSize : 32 <-- 0.006455 s
currentSize : 33 <-- 0.006551 s
currentSize : 34 <-- 0.292139 s

TIMEOUT
maxsize : 34
nodes : 638610611.000000
filtered : 6239957643.000000
time : 3600.000000
