Parameters: GAD=1 vflib=1 dir=0 label=1 lowerbound=1 fileNameGp=../graphsdb/mcs30/m2D/m2Dr2/mcs30_m2Dr2_s90.A95 fileNameGt=../graphsdb/mcs30/m2D/m2Dr2/mcs30_m2Dr2_s90.B95
Reading graphs...
90 :  178
90 :  177
Initializing...
maxdom : 9
D->valSize : 540
Solving...
Blb : 2 (clique : 36)
currentSize : 36 <-- 0.006754 s
currentSize : 37 <-- 0.007062 s
currentSize : 38 <-- 0.007440 s
currentSize : 39 <-- 0.008568 s
currentSize : 40 <-- 0.053199 s
currentSize : 41 <-- 3.287278 s

TIMEOUT
maxsize : 41
nodes : 631815988.000000
filtered : 6094086568.000000
time : 3600.000000
