Parameters: GAD=1 vflib=1 dir=0 label=1 lowerbound=1 fileNameGp=../graphsdb/mcs30/bvg/b03/mcs30_b03_s50.A63 fileNameGt=../graphsdb/mcs30/bvg/b03/mcs30_b03_s50.B63
Reading graphs...
50 :  75
50 :  75
Initializing...
maxdom : 13
D->valSize : 344
Solving...
Blb : 2 (clique : 18)
currentSize : 18 <-- 0.002531 s
currentSize : 19 <-- 0.002654 s
currentSize : 20 <-- 0.146189 s
currentSize : 21 <-- 0.843889 s
currentSize : 22 <-- 13.469399 s
currentSize : 23 <-- 203.170914 s

maxsize : 23
nodes : 113279807.000000
filtered : 1557719742.000000
time : 428.363190
