Parameters: GAD=1 vflib=1 dir=0 label=1 lowerbound=1 fileNameGp=../graphsdb/mcs30/bvg/b06m/mcs30_b06m_s100.A74 fileNameGt=../graphsdb/mcs30/bvg/b06m/mcs30_b06m_s100.B74
Reading graphs...
100 :  296
100 :  295
Initializing...
maxdom : 5
D->valSize : 342
Solving...
Blb : 3 (clique : 26)
currentSize : 26 <-- 0.003449 s
currentSize : 27 <-- 0.021383 s
currentSize : 28 <-- 0.124635 s
currentSize : 29 <-- 4.212039 s
currentSize : 30 <-- 6.312197 s
currentSize : 31 <-- 268.003754 s
currentSize : 32 <-- 269.022675 s
currentSize : 33 <-- 762.583984 s
currentSize : 34 <-- 763.677002 s
currentSize : 35 <-- 1962.961914 s

TIMEOUT
maxsize : 35
nodes : 722989077.000000
filtered : 3048344341.000000
time : 3600.000000
