Parameters: GAD=1 vflib=1 dir=0 label=1 lowerbound=1 fileNameGp=../graphsdb/mcs30/m2D/m2Dr6/mcs30_m2Dr6_s90.A87 fileNameGt=../graphsdb/mcs30/m2D/m2Dr6/mcs30_m2Dr6_s90.B87
Reading graphs...
90 :  213
90 :  214
Initializing...
maxdom : 11
D->valSize : 505
Solving...
Blb : 2 (clique : 30)
currentSize : 30 <-- 0.005520 s
currentSize : 31 <-- 0.005950 s
currentSize : 32 <-- 0.008008 s
currentSize : 33 <-- 0.035655 s
currentSize : 34 <-- 1.188198 s
currentSize : 35 <-- 43.792515 s
currentSize : 36 <-- 46.445580 s

TIMEOUT
maxsize : 36
nodes : 639915816.000000
filtered : 6978476021.000000
time : 3600.000000
