Parameters: GAD=1 vflib=1 dir=0 label=1 lowerbound=1 fileNameGp=../graphsdb/mcs30/bvg/b06/mcs30_b06_s70.A10 fileNameGt=../graphsdb/mcs30/bvg/b06/mcs30_b06_s70.B10
Reading graphs...
70 :  209
70 :  208
Initializing...
maxdom : 8
D->valSize : 336
Solving...
Blb : 2 (clique : 21)
currentSize : 21 <-- 0.002852 s
currentSize : 22 <-- 0.016888 s
currentSize : 23 <-- 20.148991 s
currentSize : 24 <-- 20.154715 s
currentSize : 25 <-- 20.881632 s
currentSize : 26 <-- 151.153183 s
currentSize : 27 <-- 196.491821 s
currentSize : 28 <-- 196.723587 s
currentSize : 29 <-- 331.592590 s

maxsize : 29
nodes : 134296324.000000
filtered : 1264691864.000000
time : 642.629211
