Parameters: GAD=1 vflib=1 dir=0 label=1 lowerbound=1 fileNameGp=../graphsdb/mcs30/bvg/b09m/mcs30_b09m_s70.A52 fileNameGt=../graphsdb/mcs30/bvg/b09m/mcs30_b09m_s70.B52
Reading graphs...
70 :  304
70 :  304
Initializing...
maxdom : 9
D->valSize : 332
Solving...
Blb : 2 (clique : 14)
currentSize : 14 <-- 0.004152 s
currentSize : 15 <-- 0.004383 s
currentSize : 16 <-- 0.011887 s
currentSize : 17 <-- 0.019187 s
currentSize : 18 <-- 0.191810 s
currentSize : 19 <-- 0.519600 s
currentSize : 20 <-- 1.535313 s
currentSize : 21 <-- 6.911174 s
currentSize : 22 <-- 49.942993 s

maxsize : 22
nodes : 126701649.000000
filtered : 1202784413.000000
time : 599.565247
