Parameters: GAD=1 vflib=1 dir=0 label=1 lowerbound=1 fileNameGp=../graphsdb/mcs30/m3D/m3Dr6/mcs30_m3Dr6_s40.A27 fileNameGt=../graphsdb/mcs30/m3D/m3Dr6/mcs30_m3Dr6_s40.B27
Reading graphs...
40 :  103
40 :  100
Initializing...
maxdom : 9
D->valSize : 193
Solving...
Blb : 2 (clique : 12)
currentSize : 12 <-- 0.001066 s
currentSize : 13 <-- 0.001278 s
currentSize : 14 <-- 0.006327 s
currentSize : 15 <-- 0.006388 s
currentSize : 16 <-- 0.635512 s

maxsize : 16
nodes : 407031.000000
filtered : 3635506.000000
time : 1.297868
