Parameters: GAD=1 vflib=1 dir=0 label=1 lowerbound=1 fileNameGp=../graphsdb/mcs30/m4D/m4Dr6/mcs30_m4Dr6_s70.A70 fileNameGt=../graphsdb/mcs30/m4D/m4Dr6/mcs30_m4Dr6_s70.B70
Reading graphs...
70 :  157
70 :  159
Initializing...
maxdom : 8
D->valSize : 322
Solving...
Blb : 2 (clique : 21)
currentSize : 21 <-- 0.002717 s
currentSize : 22 <-- 0.011043 s
currentSize : 23 <-- 0.011326 s
currentSize : 24 <-- 0.014741 s
currentSize : 25 <-- 5.372060 s
currentSize : 26 <-- 82.604637 s
currentSize : 27 <-- 2171.937988 s

TIMEOUT
maxsize : 27
nodes : 967592323.000000
filtered : 6210799622.000000
time : 3600.000000
