Parameters: GAD=1 vflib=1 dir=0 label=1 lowerbound=1 fileNameGp=../graphsdb/mcs30/m4D/m4Dr2/mcs30_m4Dr2_s60.A55 fileNameGt=../graphsdb/mcs30/m4D/m4Dr2/mcs30_m4Dr2_s60.B55
Reading graphs...
60 :  111
60 :  113
Initializing...
maxdom : 7
D->valSize : 251
Solving...
Blb : 3 (clique : 21)
currentSize : 21 <-- 0.002681 s
currentSize : 22 <-- 0.003329 s
currentSize : 23 <-- 0.020124 s
currentSize : 24 <-- 0.262026 s
currentSize : 25 <-- 241.721725 s
currentSize : 26 <-- 263.696686 s
currentSize : 27 <-- 779.049011 s

maxsize : 27
nodes : 280962532.000000
filtered : 1711671073.000000
time : 1014.796265
