Parameters: GAD=1 vflib=1 dir=0 label=1 lowerbound=1 fileNameGp=../graphsdb/mcs30/m3D/m3Dr6/mcs30_m3Dr6_s30.A89 fileNameGt=../graphsdb/mcs30/m3D/m3Dr6/mcs30_m3Dr6_s30.B89
Reading graphs...
30 :  76
30 :  71
Initializing...
maxdom : 5
D->valSize : 123
Solving...
Blb : 2 (clique : 9)
currentSize : 9 <-- 0.000954 s
currentSize : 10 <-- 0.006978 s
currentSize : 11 <-- 0.016051 s
currentSize : 12 <-- 0.022558 s
currentSize : 13 <-- 0.080682 s

maxsize : 13
nodes : 26468.000000
filtered : 190773.000000
time : 0.110981
