Parameters: GAD=1 vflib=1 dir=0 label=1 lowerbound=1 fileNameGp=../graphsdb/mcs30/m2D/m2Dr6/mcs30_m2Dr6_s30.A52 fileNameGt=../graphsdb/mcs30/m2D/m2Dr6/mcs30_m2Dr6_s30.B52
Reading graphs...
30 :  65
30 :  65
Initializing...
maxdom : 8
D->valSize : 115
Solving...
Blb : 2 (clique : 8)
currentSize : 8 <-- 0.000614 s
currentSize : 9 <-- 0.000742 s
currentSize : 10 <-- 0.003019 s
currentSize : 11 <-- 0.005005 s
currentSize : 12 <-- 0.007183 s
currentSize : 13 <-- 0.007230 s

maxsize : 13
nodes : 3972.000000
filtered : 26817.000000
time : 0.010742
