Parameters: GAD=1 vflib=1 dir=0 label=1 lowerbound=1 fileNameGp=../graphsdb/mcs30/rand/r02/mcs30_r02_s50.A31 fileNameGt=../graphsdb/mcs30/rand/r02/mcs30_r02_s50.B31
Reading graphs...
50 :  434
50 :  444
Initializing...
maxdom : 9
D->valSize : 330
Solving...
Blb : 2 (clique : 8)
currentSize : 8 <-- 0.002279 s
currentSize : 9 <-- 0.002606 s
currentSize : 10 <-- 0.013780 s
currentSize : 12 <-- 0.150509 s
currentSize : 14 <-- 0.150536 s

maxsize : 14
nodes : 63168.000000
filtered : 1004120.000000
time : 0.281666
