Parameters: GAD=1 vflib=1 dir=0 label=1 lowerbound=1 fileNameGp=../graphsdb/mcs30/m2D/m2D/mcs30_m2D_s60.A78 fileNameGt=../graphsdb/mcs30/m2D/m2D/mcs30_m2D_s60.B78
Reading graphs...
60 :  103
60 :  104
Initializing...
maxdom : 8
D->valSize : 231
Solving...
Blb : 2 (clique : 21)
currentSize : 21 <-- 0.001885 s
currentSize : 22 <-- 0.004016 s
currentSize : 23 <-- 0.011259 s
currentSize : 24 <-- 0.730792 s
currentSize : 25 <-- 4.534578 s
currentSize : 26 <-- 7.507110 s
currentSize : 27 <-- 13.025653 s

maxsize : 27
nodes : 58549432.000000
filtered : 395288336.000000
time : 238.910675
