Parameters: GAD=1 vflib=1 dir=0 label=1 lowerbound=1 fileNameGp=../graphsdb/mcs30/m2D/m2D/mcs30_m2D_s100.A40 fileNameGt=../graphsdb/mcs30/m2D/m2D/mcs30_m2D_s100.B40
Reading graphs...
100 :  180
100 :  180
Initializing...
maxdom : 7
D->valSize : 316
Solving...
Blb : 2 (clique : 30)
currentSize : 30 <-- 0.003382 s
currentSize : 31 <-- 0.166933 s
currentSize : 32 <-- 23.504684 s
currentSize : 33 <-- 41.581932 s
currentSize : 34 <-- 124.814384 s
currentSize : 35 <-- 125.076195 s

TIMEOUT
maxsize : 35
nodes : 776902285.000000
filtered : 3284925063.000000
time : 3600.000000
