Parameters: GAD=1 vflib=1 dir=0 label=1 lowerbound=1 fileNameGp=../graphsdb/mcs30/m3D/m3D/mcs30_m3D_s80.A68 fileNameGt=../graphsdb/mcs30/m3D/m3D/mcs30_m3D_s80.B68
Reading graphs...
80 :  181
80 :  184
Initializing...
maxdom : 8
D->valSize : 406
Solving...
Blb : 3 (clique : 24)
currentSize : 24 <-- 0.003946 s
currentSize : 25 <-- 0.010675 s
currentSize : 26 <-- 0.010803 s
currentSize : 27 <-- 0.428367 s
currentSize : 28 <-- 9.792897 s
currentSize : 29 <-- 13.691168 s
currentSize : 30 <-- 78.593140 s
currentSize : 31 <-- 202.134064 s

TIMEOUT
maxsize : 31
nodes : 812819505.000000
filtered : 6538060304.000000
time : 3600.000000
