Parameters: GAD=1 vflib=1 dir=0 label=1 lowerbound=1 fileNameGp=../graphsdb/mcs30/bvg/b09/mcs30_b09_s60.A63 fileNameGt=../graphsdb/mcs30/bvg/b09/mcs30_b09_s60.B63
Reading graphs...
60 :  266
60 :  265
Initializing...
maxdom : 6
D->valSize : 223
Solving...
Blb : 3 (clique : 16)
currentSize : 16 <-- 0.002435 s
currentSize : 17 <-- 0.096832 s
currentSize : 18 <-- 1.088895 s
currentSize : 19 <-- 4.728607 s
currentSize : 21 <-- 5.392258 s

maxsize : 21
nodes : 1870784.000000
filtered : 14016600.000000
time : 7.608965
