Parameters: GAD=1 vflib=1 dir=0 label=1 lowerbound=1 fileNameGp=../graphsdb/mcs30/rand/r005/mcs30_r005_s50.A77 fileNameGt=../graphsdb/mcs30/rand/r005/mcs30_r005_s50.B77
Reading graphs...
50 :  124
50 :  121
Initializing...
maxdom : 9
D->valSize : 311
Solving...
Blb : 2 (clique : 15)
currentSize : 15 <-- 0.002211 s
currentSize : 16 <-- 0.002397 s
currentSize : 17 <-- 0.069107 s
currentSize : 18 <-- 0.177666 s
currentSize : 19 <-- 0.449923 s
currentSize : 20 <-- 28.543053 s
currentSize : 21 <-- 28.869053 s

maxsize : 21
nodes : 51565114.000000
filtered : 726210219.000000
time : 210.015594
