Parameters: GAD=1 vflib=1 dir=0 label=1 lowerbound=1 fileNameGp=../graphsdb/mcs30/rand/r005/mcs30_r005_s100.A60 fileNameGt=../graphsdb/mcs30/rand/r005/mcs30_r005_s100.B60
Reading graphs...
100 :  482
100 :  485
Initializing...
maxdom : 7
D->valSize : 343
Solving...
Blb : 2 (clique : 22)
currentSize : 22 <-- 0.005508 s
currentSize : 23 <-- 0.242320 s
currentSize : 24 <-- 0.369908 s
currentSize : 25 <-- 44.431190 s
currentSize : 26 <-- 104.007782 s
currentSize : 27 <-- 104.030670 s
currentSize : 28 <-- 1911.230469 s
currentSize : 29 <-- 1911.247192 s
currentSize : 30 <-- 1911.253784 s

TIMEOUT
maxsize : 30
nodes : 658295675.000000
filtered : 4802962935.000000
time : 3600.000000
