Parameters: GAD=1 vflib=1 dir=0 label=1 lowerbound=1 fileNameGp=../graphsdb/mcs30/bvg/b09/mcs30_b09_s70.A12 fileNameGt=../graphsdb/mcs30/bvg/b09/mcs30_b09_s70.B12
Reading graphs...
70 :  311
70 :  309
Initializing...
maxdom : 11
D->valSize : 330
Solving...
Blb : 2 (clique : 13)
currentSize : 13 <-- 0.004255 s
currentSize : 14 <-- 0.004419 s
currentSize : 15 <-- 0.028708 s
currentSize : 16 <-- 0.037322 s
currentSize : 17 <-- 0.054904 s
currentSize : 18 <-- 0.979251 s
currentSize : 19 <-- 173.245377 s
currentSize : 20 <-- 290.287872 s
currentSize : 22 <-- 290.288086 s
currentSize : 24 <-- 290.751587 s

maxsize : 24
nodes : 74179076.000000
filtered : 609352416.000000
time : 328.816559
