Parameters: GAD=1 vflib=1 dir=0 label=1 lowerbound=1 fileNameGp=../graphsdb/mcs30/m2D/m2Dr6/mcs30_m2Dr6_s50.A84 fileNameGt=../graphsdb/mcs30/m2D/m2Dr6/mcs30_m2Dr6_s50.B84
Reading graphs...
50 :  113
50 :  112
Initializing...
maxdom : 11
D->valSize : 316
Solving...
Blb : 2 (clique : 15)
currentSize : 15 <-- 0.002469 s
currentSize : 18 <-- 0.002563 s
currentSize : 19 <-- 0.006111 s
currentSize : 20 <-- 0.099709 s
currentSize : 21 <-- 21.699141 s
currentSize : 22 <-- 141.488495 s

maxsize : 22
nodes : 53001430.000000
filtered : 607942256.000000
time : 193.752426
