Parameters: GAD=1 vflib=1 dir=0 label=1 lowerbound=1 fileNameGp=../graphsdb/mcs30/m2D/m2Dr4/mcs30_m2Dr4_s90.A44 fileNameGt=../graphsdb/mcs30/m2D/m2Dr4/mcs30_m2Dr4_s90.B44
Reading graphs...
90 :  195
90 :  197
Initializing...
maxdom : 11
D->valSize : 535
Solving...
Blb : 2 (clique : 32)
currentSize : 32 <-- 0.010350 s
currentSize : 33 <-- 0.063210 s
currentSize : 34 <-- 0.427424 s
currentSize : 35 <-- 0.526619 s
currentSize : 36 <-- 1.035952 s
currentSize : 37 <-- 240.832901 s

TIMEOUT
maxsize : 37
nodes : 836518401.000000
filtered : 5643192347.000000
time : 3600.000000
