Parameters: GAD=1 vflib=1 dir=0 label=1 lowerbound=1 fileNameGp=../graphsdb/mcs30/rand/r01/mcs30_r01_s90.A41 fileNameGt=../graphsdb/mcs30/rand/r01/mcs30_r01_s90.B41
Reading graphs...
90 :  754
90 :  750
Initializing...
maxdom : 10
D->valSize : 542
Solving...
Blb : 2 (clique : 12)
currentSize : 12 <-- 0.005851 s
currentSize : 13 <-- 0.005992 s
currentSize : 14 <-- 0.010731 s
currentSize : 15 <-- 0.013731 s
currentSize : 16 <-- 0.044073 s
currentSize : 17 <-- 0.451266 s
currentSize : 18 <-- 0.707101 s
currentSize : 19 <-- 3.898556 s
currentSize : 20 <-- 8.895064 s
currentSize : 21 <-- 53.616417 s
currentSize : 22 <-- 77.406158 s
currentSize : 24 <-- 77.643822 s
currentSize : 26 <-- 77.649590 s

maxsize : 26
nodes : 25789240.000000
filtered : 464487310.000000
time : 169.193314
