Parameters: GAD=1 vflib=1 dir=0 label=1 lowerbound=1 fileNameGp=../graphsdb/mcs30/bvg/b06/mcs30_b06_s40.A47 fileNameGt=../graphsdb/mcs30/bvg/b06/mcs30_b06_s40.B47
Reading graphs...
40 :  120
40 :  115
Initializing...
maxdom : 7
D->valSize : 208
Solving...
Blb : 5 (clique : 12)
currentSize : 12 <-- 0.001141 s
currentSize : 13 <-- 0.002076 s
currentSize : 14 <-- 0.028953 s
currentSize : 15 <-- 0.237811 s
currentSize : 16 <-- 0.379039 s
currentSize : 17 <-- 0.868598 s

maxsize : 17
nodes : 331099.000000
filtered : 3009545.000000
time : 1.094218
