Parameters: GAD=1 vflib=1 dir=0 label=1 lowerbound=1 fileNameGp=../graphsdb/mcs30/m2D/m2D/mcs30_m2D_s60.A21 fileNameGt=../graphsdb/mcs30/m2D/m2D/mcs30_m2D_s60.B21
Reading graphs...
60 :  104
60 :  102
Initializing...
maxdom : 9
D->valSize : 244
Solving...
Blb : 2 (clique : 23)
currentSize : 23 <-- 0.002853 s
currentSize : 24 <-- 0.003069 s
currentSize : 25 <-- 0.003429 s
currentSize : 26 <-- 0.067993 s
currentSize : 27 <-- 0.692615 s

maxsize : 27
nodes : 28728120.000000
filtered : 181975546.000000
time : 99.456688
