Parameters: GAD=1 vflib=1 dir=0 label=1 lowerbound=1 fileNameGp=../graphsdb/mcs30/m2D/m2D/mcs30_m2D_s60.A90 fileNameGt=../graphsdb/mcs30/m2D/m2D/mcs30_m2D_s60.B90
Reading graphs...
60 :  104
60 :  104
Initializing...
maxdom : 7
D->valSize : 220
Solving...
Blb : 2 (clique : 19)
currentSize : 19 <-- 0.001631 s
currentSize : 20 <-- 0.009901 s
currentSize : 21 <-- 0.079626 s
currentSize : 22 <-- 0.547666 s
currentSize : 23 <-- 2.396926 s
currentSize : 24 <-- 7.621882 s

maxsize : 24
nodes : 95156264.000000
filtered : 632056512.000000
time : 387.736755
