Parameters: GAD=1 vflib=1 dir=0 label=1 lowerbound=1 fileNameGp=../graphsdb/mcs30/bvg/b09/mcs30_b09_s100.A53 fileNameGt=../graphsdb/mcs30/bvg/b09/mcs30_b09_s100.B53
Reading graphs...
100 :  447
100 :  446
Initializing...
maxdom : 6
D->valSize : 356
Solving...
Blb : 2 (clique : 22)
currentSize : 22 <-- 0.005574 s
currentSize : 23 <-- 0.158301 s
currentSize : 24 <-- 1.114345 s
currentSize : 25 <-- 14.955074 s
currentSize : 26 <-- 96.873627 s
currentSize : 27 <-- 97.134087 s
currentSize : 28 <-- 101.577263 s
currentSize : 29 <-- 143.733139 s
currentSize : 30 <-- 163.074310 s
currentSize : 31 <-- 163.129257 s
currentSize : 32 <-- 163.191895 s
currentSize : 33 <-- 3014.940430 s

TIMEOUT
maxsize : 33
nodes : 629865216.000000
filtered : 4297743786.000000
time : 3600.000000
