Parameters: GAD=1 vflib=1 dir=0 label=1 lowerbound=1 fileNameGp=../graphsdb/mcs30/bvg/b09/mcs30_b09_s50.A88 fileNameGt=../graphsdb/mcs30/bvg/b09/mcs30_b09_s50.B88
Reading graphs...
50 :  217
50 :  218
Initializing...
maxdom : 10
D->valSize : 319
Solving...
Blb : 2 (clique : 11)
currentSize : 11 <-- 0.003405 s
currentSize : 12 <-- 0.012661 s
currentSize : 13 <-- 0.065017 s
currentSize : 14 <-- 0.300572 s
currentSize : 15 <-- 0.308193 s
currentSize : 16 <-- 2.112990 s
currentSize : 17 <-- 2.114029 s

maxsize : 17
nodes : 2124857.000000
filtered : 33810827.000000
time : 9.044925
