Parameters: GAD=1 vflib=1 dir=0 label=1 lowerbound=1 fileNameGp=../graphsdb/mcs30/bvg/b09/mcs30_b09_s50.A54 fileNameGt=../graphsdb/mcs30/bvg/b09/mcs30_b09_s50.B54
Reading graphs...
50 :  221
50 :  221
Initializing...
maxdom : 9
D->valSize : 331
Solving...
Blb : 2 (clique : 12)
currentSize : 12 <-- 0.002345 s
currentSize : 13 <-- 0.007574 s
currentSize : 14 <-- 0.009528 s
currentSize : 15 <-- 0.372549 s
currentSize : 16 <-- 6.936395 s
currentSize : 17 <-- 7.849375 s

maxsize : 17
nodes : 3257430.000000
filtered : 49595813.000000
time : 14.236196
