Parameters: GAD=1 vflib=1 dir=0 label=1 lowerbound=1 fileNameGp=../graphsdb/mcs30/m2D/m2Dr6/mcs30_m2Dr6_s90.A74 fileNameGt=../graphsdb/mcs30/m2D/m2Dr6/mcs30_m2Dr6_s90.B74
Reading graphs...
90 :  214
90 :  211
Initializing...
maxdom : 10
D->valSize : 520
Solving...
Blb : 5 (clique : 26)
currentSize : 26 <-- 0.005843 s
currentSize : 27 <-- 0.006064 s
currentSize : 28 <-- 0.006715 s
currentSize : 29 <-- 26.846704 s
currentSize : 30 <-- 26.875912 s
currentSize : 31 <-- 322.923157 s
currentSize : 32 <-- 1259.270752 s

TIMEOUT
maxsize : 32
nodes : 797899641.000000
filtered : 4970492397.000000
time : 3600.000000
