Parameters: GAD=1 vflib=1 dir=0 label=1 lowerbound=1 fileNameGp=../graphsdb/mcs30/m4D/m4Dr6/mcs30_m4Dr6_s50.A42 fileNameGt=../graphsdb/mcs30/m4D/m4Dr6/mcs30_m4Dr6_s50.B42
Reading graphs...
50 :  116
50 :  115
Initializing...
maxdom : 9
D->valSize : 316
Solving...
Blb : 2 (clique : 18)
currentSize : 18 <-- 0.002367 s
currentSize : 19 <-- 0.003114 s
currentSize : 20 <-- 0.005466 s
currentSize : 21 <-- 14.097116 s
currentSize : 22 <-- 14.857336 s
currentSize : 23 <-- 154.969589 s
currentSize : 24 <-- 155.056870 s

maxsize : 24
nodes : 164137958.000000
filtered : 2342813691.000000
time : 666.233398
