Parameters: GAD=1 vflib=1 dir=0 label=1 lowerbound=1 fileNameGp=../graphsdb/mcs30/m2D/m2Dr6/mcs30_m2Dr6_s90.A45 fileNameGt=../graphsdb/mcs30/m2D/m2Dr6/mcs30_m2Dr6_s90.B45
Reading graphs...
90 :  215
90 :  212
Initializing...
maxdom : 11
D->valSize : 582
Solving...
Blb : 2 (clique : 28)
currentSize : 28 <-- 0.007058 s
currentSize : 29 <-- 0.711002 s
currentSize : 30 <-- 1.242524 s
currentSize : 31 <-- 30.332071 s
currentSize : 32 <-- 1073.335693 s
currentSize : 33 <-- 1107.172363 s
currentSize : 34 <-- 1273.948730 s
currentSize : 35 <-- 2417.197998 s

TIMEOUT
maxsize : 35
nodes : 710005846.000000
filtered : 6564252995.000000
time : 3600.000000
