Parameters: GAD=1 vflib=1 dir=0 label=1 lowerbound=1 fileNameGp=../graphsdb/mcs30/rand/r01/mcs30_r01_s50.A35 fileNameGt=../graphsdb/mcs30/rand/r01/mcs30_r01_s50.B35
Reading graphs...
50 :  236
50 :  229
Initializing...
maxdom : 12
D->valSize : 346
Solving...
Blb : 5 (clique : 12)
currentSize : 12 <-- 0.002634 s
currentSize : 13 <-- 0.003364 s
currentSize : 14 <-- 0.131415 s
currentSize : 15 <-- 1.030149 s
currentSize : 17 <-- 4.751674 s

maxsize : 17
nodes : 1514823.000000
filtered : 23812687.000000
time : 6.439950
