Parameters: GAD=1 vflib=1 dir=0 label=1 lowerbound=1 fileNameGp=../graphsdb/mcs30/m3D/m3Dr2/mcs30_m3Dr2_s90.A39 fileNameGt=../graphsdb/mcs30/m3D/m3Dr2/mcs30_m3Dr2_s90.B39
Reading graphs...
90 :  225
90 :  224
Initializing...
maxdom : 11
D->valSize : 529
Solving...
Blb : 2 (clique : 26)
currentSize : 26 <-- 0.010009 s
currentSize : 27 <-- 0.010704 s
currentSize : 28 <-- 0.010933 s
currentSize : 29 <-- 0.041163 s
currentSize : 30 <-- 1.204198 s
currentSize : 31 <-- 7.106744 s
currentSize : 32 <-- 16.662514 s
currentSize : 33 <-- 1824.962402 s

TIMEOUT
maxsize : 33
nodes : 709030192.000000
filtered : 6699170207.000000
time : 3600.000000
