Parameters: GAD=1 vflib=1 dir=0 label=1 lowerbound=1 fileNameGp=../graphsdb/mcs30/m2D/m2D/mcs30_m2D_s100.A39 fileNameGt=../graphsdb/mcs30/m2D/m2D/mcs30_m2D_s100.B39
Reading graphs...
100 :  179
100 :  179
Initializing...
maxdom : 8
D->valSize : 316
Solving...
Blb : 2 (clique : 32)
currentSize : 32 <-- 0.003387 s
currentSize : 33 <-- 0.010075 s
currentSize : 34 <-- 0.518601 s
currentSize : 35 <-- 12.974221 s
currentSize : 36 <-- 65.155609 s
currentSize : 37 <-- 603.996277 s
currentSize : 38 <-- 1203.833740 s

TIMEOUT
maxsize : 38
nodes : 855263970.000000
filtered : 2528271836.000000
time : 3600.000000
