Parameters: GAD=1 vflib=1 dir=0 label=1 lowerbound=1 fileNameGp=../graphsdb/mcs30/m2D/m2Dr4/mcs30_m2Dr4_s80.A93 fileNameGt=../graphsdb/mcs30/m2D/m2Dr4/mcs30_m2Dr4_s80.B93
Reading graphs...
80 :  173
80 :  172
Initializing...
maxdom : 9
D->valSize : 426
Solving...
Blb : 2 (clique : 27)
currentSize : 27 <-- 0.004345 s
currentSize : 28 <-- 0.004560 s
currentSize : 30 <-- 0.004862 s
currentSize : 31 <-- 0.007029 s
currentSize : 32 <-- 0.071960 s
currentSize : 33 <-- 0.466684 s

TIMEOUT
maxsize : 33
nodes : 788634626.000000
filtered : 5002741680.000000
time : 3600.000000
