Parameters: GAD=1 vflib=1 dir=0 label=1 lowerbound=1 fileNameGp=../graphsdb/mcs30/bvg/b03/mcs30_b03_s80.A62 fileNameGt=../graphsdb/mcs30/bvg/b03/mcs30_b03_s80.B62
Reading graphs...
80 :  119
80 :  120
Initializing...
maxdom : 11
D->valSize : 431
Solving...
Blb : 2 (clique : 31)
currentSize : 31 <-- 0.004291 s
currentSize : 32 <-- 0.004527 s
currentSize : 33 <-- 0.139680 s
currentSize : 34 <-- 0.633081 s
currentSize : 35 <-- 1.705345 s
currentSize : 36 <-- 7.945684 s
currentSize : 37 <-- 149.962601 s

TIMEOUT
maxsize : 37
nodes : 722476285.000000
filtered : 5830667397.000000
time : 3600.000000
