Parameters: GAD=1 vflib=1 dir=0 label=1 lowerbound=1 fileNameGp=../graphsdb/mcs30/m3D/m3Dr2/mcs30_m3Dr2_s80.A06 fileNameGt=../graphsdb/mcs30/m3D/m3Dr2/mcs30_m3Dr2_s80.B06
Reading graphs...
80 :  198
80 :  200
Initializing...
maxdom : 10
D->valSize : 412
Solving...
Blb : 2 (clique : 24)
currentSize : 24 <-- 0.004133 s
currentSize : 25 <-- 0.008851 s
currentSize : 26 <-- 0.009974 s
currentSize : 27 <-- 0.011777 s
currentSize : 28 <-- 7.418239 s
currentSize : 29 <-- 129.413681 s
currentSize : 30 <-- 1359.842285 s

TIMEOUT
maxsize : 30
nodes : 693743356.000000
filtered : 7102087814.000000
time : 3600.000000
