Parameters: GAD=1 vflib=1 dir=0 label=1 lowerbound=1 fileNameGp=../graphsdb/mcs30/m2D/m2Dr6/mcs30_m2Dr6_s60.A13 fileNameGt=../graphsdb/mcs30/m2D/m2Dr6/mcs30_m2Dr6_s60.B13
Reading graphs...
60 :  139
60 :  139
Initializing...
maxdom : 8
D->valSize : 271
Solving...
Blb : 2 (clique : 19)
currentSize : 19 <-- 0.001979 s
currentSize : 20 <-- 0.007190 s
currentSize : 21 <-- 0.309944 s
currentSize : 22 <-- 21.138533 s
currentSize : 23 <-- 143.071548 s

maxsize : 23
nodes : 92585399.000000
filtered : 745193622.000000
time : 383.544006
