Parameters: GAD=1 vflib=1 dir=0 label=1 lowerbound=1 fileNameGp=../graphsdb/mcs30/bvg/b03/mcs30_b03_s30.A31 fileNameGt=../graphsdb/mcs30/bvg/b03/mcs30_b03_s30.B31
Reading graphs...
30 :  45
30 :  44
Initializing...
maxdom : 5
D->valSize : 126
Solving...
Blb : 2 (clique : 12)
currentSize : 12 <-- 0.000634 s
currentSize : 13 <-- 0.005074 s
currentSize : 14 <-- 0.006990 s
currentSize : 15 <-- 0.050636 s
currentSize : 16 <-- 0.306511 s

maxsize : 16
nodes : 198202.000000
filtered : 759761.000000
time : 0.423961
