Parameters: GAD=1 vflib=1 dir=0 label=1 lowerbound=1 fileNameGp=../graphsdb/mcs30/rand/r01/mcs30_r01_s40.A16 fileNameGt=../graphsdb/mcs30/rand/r01/mcs30_r01_s40.B16
Reading graphs...
40 :  144
40 :  148
Initializing...
maxdom : 9
D->valSize : 227
Solving...
Blb : 2 (clique : 10)
currentSize : 10 <-- 0.001410 s
currentSize : 11 <-- 0.002427 s
currentSize : 12 <-- 0.009140 s
currentSize : 13 <-- 0.010183 s
currentSize : 14 <-- 0.461926 s
currentSize : 15 <-- 0.668435 s

maxsize : 15
nodes : 212891.000000
filtered : 2510455.000000
time : 0.767869
