Parameters: GAD=1 vflib=1 dir=0 label=1 lowerbound=1 fileNameGp=../graphsdb/mcs30/m3D/m3D/mcs30_m3D_s25.A56 fileNameGt=../graphsdb/mcs30/m3D/m3D/mcs30_m3D_s25.B56
Reading graphs...
25 :  48
25 :  48
Initializing...
maxdom : 12
D->valSize : 167
Solving...
Blb : 2 (clique : 8)
currentSize : 8 <-- 0.000897 s
currentSize : 9 <-- 0.000974 s
currentSize : 10 <-- 0.001719 s
currentSize : 11 <-- 0.015432 s
currentSize : 12 <-- 0.021992 s

maxsize : 12
nodes : 11148.000000
filtered : 138039.000000
time : 0.029657
