Parameters: GAD=1 vflib=1 dir=0 label=1 lowerbound=1 fileNameGp=../graphsdb/mcs30/bvg/b03/mcs30_b03_s60.A68 fileNameGt=../graphsdb/mcs30/bvg/b03/mcs30_b03_s60.B68
Reading graphs...
60 :  90
60 :  90
Initializing...
maxdom : 7
D->valSize : 233
Solving...
Blb : 2 (clique : 22)
currentSize : 22 <-- 0.001770 s
currentSize : 23 <-- 0.020878 s
currentSize : 24 <-- 0.089133 s
currentSize : 25 <-- 0.130276 s
currentSize : 26 <-- 0.796661 s
currentSize : 27 <-- 2.911457 s
currentSize : 28 <-- 9.098809 s
currentSize : 29 <-- 194.411926 s
currentSize : 30 <-- 537.817932 s

maxsize : 30
nodes : 210145171.000000
filtered : 1401254952.000000
time : 828.450745
