Parameters: GAD=1 vflib=1 dir=0 label=1 lowerbound=1 fileNameGp=../graphsdb/mcs30/m3D/m3Dr4/mcs30_m3Dr4_s100.A03 fileNameGt=../graphsdb/mcs30/m3D/m3Dr4/mcs30_m3Dr4_s100.B03
Reading graphs...
100 :  271
100 :  272
Initializing...
maxdom : 7
D->valSize : 345
Solving...
Blb : 2 (clique : 27)
currentSize : 27 <-- 0.003384 s
currentSize : 28 <-- 0.004078 s
currentSize : 29 <-- 0.007465 s
currentSize : 30 <-- 0.014775 s
currentSize : 31 <-- 0.217449 s
currentSize : 32 <-- 0.885540 s
currentSize : 33 <-- 17.334593 s
currentSize : 34 <-- 17.466961 s
currentSize : 35 <-- 443.570068 s
currentSize : 36 <-- 568.443970 s

TIMEOUT
maxsize : 36
nodes : 710108494.000000
filtered : 3764882969.000000
time : 3600.000000
