Parameters: GAD=1 vflib=1 dir=0 label=1 lowerbound=1 fileNameGp=../graphsdb/mcs30/m2D/m2Dr6/mcs30_m2Dr6_s70.A81 fileNameGt=../graphsdb/mcs30/m2D/m2Dr6/mcs30_m2Dr6_s70.B81
Reading graphs...
70 :  161
70 :  160
Initializing...
maxdom : 13
D->valSize : 416
Solving...
Blb : 2 (clique : 28)
currentSize : 28 <-- 0.006328 s
currentSize : 29 <-- 0.006632 s
currentSize : 30 <-- 0.006777 s
currentSize : 31 <-- 17.539677 s
currentSize : 32 <-- 258.978241 s
currentSize : 33 <-- 357.639282 s

maxsize : 33
nodes : 227334881.000000
filtered : 2788557000.000000
time : 1162.375732
