Parameters: GAD=1 vflib=1 dir=0 label=1 lowerbound=1 fileNameGp=../graphsdb/mcs30/m4D/m4D/mcs30_m4D_s60.A25 fileNameGt=../graphsdb/mcs30/m4D/m4D/mcs30_m4D_s60.B25
Reading graphs...
60 :  101
60 :  101
Initializing...
maxdom : 8
D->valSize : 256
Solving...
Blb : 3 (clique : 21)
currentSize : 21 <-- 0.001993 s
currentSize : 22 <-- 0.053951 s
currentSize : 23 <-- 0.236940 s
currentSize : 24 <-- 15.331494 s
currentSize : 25 <-- 17.960436 s
currentSize : 26 <-- 305.189423 s
currentSize : 27 <-- 305.542053 s
currentSize : 28 <-- 340.747131 s
currentSize : 29 <-- 435.097504 s

maxsize : 29
nodes : 335497745.000000
filtered : 2718307529.000000
time : 1310.494995
