Parameters: GAD=1 vflib=1 dir=0 label=1 lowerbound=1 fileNameGp=../graphsdb/mcs30/rand/r005/mcs30_r005_s60.A13 fileNameGt=../graphsdb/mcs30/rand/r005/mcs30_r005_s60.B13
Reading graphs...
60 :  173
60 :  175
Initializing...
maxdom : 6
D->valSize : 248
Solving...
Blb : 5 (clique : 16)
currentSize : 16 <-- 0.001692 s
currentSize : 17 <-- 0.003460 s
currentSize : 18 <-- 0.009138 s
currentSize : 19 <-- 0.115742 s
currentSize : 20 <-- 0.406633 s
currentSize : 21 <-- 14.326093 s
currentSize : 22 <-- 70.623505 s

maxsize : 22
nodes : 34583509.000000
filtered : 280127358.000000
time : 140.741547
