Parameters: GAD=1 vflib=1 dir=0 label=1 lowerbound=1 fileNameGp=../graphsdb/mcs30/bvg/b09/mcs30_b09_s100.A32 fileNameGt=../graphsdb/mcs30/bvg/b09/mcs30_b09_s100.B32
Reading graphs...
100 :  448
100 :  443
Initializing...
maxdom : 7
D->valSize : 328
Solving...
Blb : 2 (clique : 20)
currentSize : 20 <-- 0.003312 s
currentSize : 21 <-- 1.647973 s
currentSize : 22 <-- 1.650976 s
currentSize : 23 <-- 2.253713 s
currentSize : 24 <-- 11.077813 s
currentSize : 25 <-- 99.233955 s
currentSize : 26 <-- 117.812729 s
currentSize : 27 <-- 124.838753 s
currentSize : 28 <-- 601.338562 s
currentSize : 29 <-- 843.876099 s
currentSize : 30 <-- 845.775757 s
currentSize : 31 <-- 875.258606 s
currentSize : 32 <-- 875.317505 s
currentSize : 33 <-- 875.317688 s
currentSize : 34 <-- 876.031006 s

maxsize : 34
nodes : 468298237.000000
filtered : 2218209536.000000
time : 2487.467041
