Parameters: GAD=1 vflib=1 dir=0 label=1 lowerbound=1 fileNameGp=../graphsdb/mcs30/bvg/b06m/mcs30_b06m_s80.A07 fileNameGt=../graphsdb/mcs30/bvg/b06m/mcs30_b06m_s80.B07
Reading graphs...
80 :  233
80 :  237
Initializing...
maxdom : 9
D->valSize : 438
Solving...
Blb : 2 (clique : 24)
currentSize : 24 <-- 0.006852 s
currentSize : 25 <-- 6.279260 s
currentSize : 26 <-- 330.964172 s
currentSize : 27 <-- 353.372955 s
currentSize : 28 <-- 445.126404 s
currentSize : 29 <-- 881.433228 s
currentSize : 30 <-- 2032.496094 s

TIMEOUT
maxsize : 30
nodes : 698427365.000000
filtered : 7492199535.000000
time : 3600.000000
