Parameters: GAD=1 vflib=1 dir=0 label=1 lowerbound=1 fileNameGp=../graphsdb/mcs30/m2D/m2Dr4/mcs30_m2Dr4_s60.A48 fileNameGt=../graphsdb/mcs30/m2D/m2Dr4/mcs30_m2Dr4_s60.B48
Reading graphs...
60 :  127
60 :  127
Initializing...
maxdom : 7
D->valSize : 256
Solving...
Blb : 3 (clique : 20)
currentSize : 20 <-- 0.001969 s
currentSize : 21 <-- 0.003665 s
currentSize : 22 <-- 0.877774 s
currentSize : 23 <-- 175.781845 s
currentSize : 24 <-- 575.984802 s
currentSize : 25 <-- 800.682434 s
currentSize : 26 <-- 1144.449585 s

maxsize : 26
nodes : 338844919.000000
filtered : 2223138675.000000
time : 1242.671509
