Parameters: GAD=1 vflib=1 dir=0 label=1 lowerbound=1 fileNameGp=../graphsdb/mcs30/m4D/m4Dr4/mcs30_m4Dr4_s90.A91 fileNameGt=../graphsdb/mcs30/m4D/m4Dr4/mcs30_m4Dr4_s90.B91
Reading graphs...
90 :  180
90 :  180
Initializing...
maxdom : 11
D->valSize : 534
Solving...
Blb : 2 (clique : 32)
currentSize : 32 <-- 0.006238 s
currentSize : 33 <-- 0.008826 s
currentSize : 34 <-- 0.009172 s
currentSize : 35 <-- 0.028486 s
currentSize : 36 <-- 1.243698 s
currentSize : 37 <-- 51.828987 s

TIMEOUT
maxsize : 37
nodes : 807898896.000000
filtered : 4894823592.000000
time : 3600.000000
