Parameters: GAD=1 vflib=1 dir=0 label=1 lowerbound=1 fileNameGp=../graphsdb/mcs30/m2D/m2D/mcs30_m2D_s100.A05 fileNameGt=../graphsdb/mcs30/m2D/m2D/mcs30_m2D_s100.B05
Reading graphs...
100 :  179
100 :  179
Initializing...
maxdom : 9
D->valSize : 349
Solving...
Blb : 2 (clique : 32)
currentSize : 32 <-- 0.003976 s
currentSize : 33 <-- 0.004204 s
currentSize : 34 <-- 0.004294 s
currentSize : 35 <-- 0.004419 s
currentSize : 36 <-- 0.731323 s
currentSize : 37 <-- 13.324199 s
currentSize : 38 <-- 144.238647 s
currentSize : 39 <-- 193.789093 s
currentSize : 40 <-- 340.781128 s

TIMEOUT
maxsize : 40
nodes : 728468688.000000
filtered : 3429382998.000000
time : 3600.000000
