Parameters: GAD=1 vflib=1 dir=0 label=1 lowerbound=1 fileNameGp=../graphsdb/mcs30/m3D/m3Dr6/mcs30_m3Dr6_s40.A00 fileNameGt=../graphsdb/mcs30/m3D/m3Dr6/mcs30_m3Dr6_s40.B00
Reading graphs...
40 :  106
40 :  104
Initializing...
maxdom : 10
D->valSize : 197
Solving...
Blb : 2 (clique : 11)
currentSize : 11 <-- 0.001117 s
currentSize : 12 <-- 0.001219 s
currentSize : 13 <-- 0.001851 s
currentSize : 14 <-- 0.039361 s
currentSize : 15 <-- 0.088155 s
currentSize : 16 <-- 1.611985 s

maxsize : 16
nodes : 603367.000000
filtered : 4323063.000000
time : 1.791184
