Parameters: GAD=1 vflib=1 dir=0 label=1 lowerbound=1 fileNameGp=../graphsdb/mcs30/bvg/b06/mcs30_b06_s100.A19 fileNameGt=../graphsdb/mcs30/bvg/b06/mcs30_b06_s100.B19
Reading graphs...
100 :  298
100 :  298
Initializing...
maxdom : 7
D->valSize : 320
Solving...
Blb : 3 (clique : 28)
currentSize : 28 <-- 0.005086 s
currentSize : 29 <-- 0.011884 s
currentSize : 30 <-- 0.144445 s
currentSize : 31 <-- 0.244359 s
currentSize : 32 <-- 1.381816 s
currentSize : 33 <-- 3.023400 s
currentSize : 34 <-- 3.471497 s
currentSize : 35 <-- 932.086792 s

TIMEOUT
maxsize : 35
nodes : 711148996.000000
filtered : 3478747446.000000
time : 3600.000000
