Parameters: GAD=1 vflib=1 dir=0 label=1 lowerbound=1 fileNameGp=../graphsdb/mcs30/m3D/m3Dr6/mcs30_m3Dr6_s70.A85 fileNameGt=../graphsdb/mcs30/m3D/m3Dr6/mcs30_m3Dr6_s70.B85
Reading graphs...
70 :  198
70 :  196
Initializing...
maxdom : 7
D->valSize : 307
Solving...
Blb : 2 (clique : 21)
currentSize : 21 <-- 0.002687 s
currentSize : 22 <-- 0.002873 s
currentSize : 23 <-- 0.003133 s
currentSize : 24 <-- 0.004828 s
currentSize : 25 <-- 0.488764 s
currentSize : 26 <-- 0.599842 s
currentSize : 27 <-- 0.919353 s
currentSize : 28 <-- 7.938531 s
currentSize : 29 <-- 384.633026 s
currentSize : 30 <-- 429.080170 s

maxsize : 30
nodes : 115589795.000000
filtered : 910238291.000000
time : 555.376465
