Parameters: GAD=1 vflib=1 dir=0 label=1 lowerbound=1 fileNameGp=../graphsdb/mcs30/m3D/m3Dr2/mcs30_m3Dr2_s40.A78 fileNameGt=../graphsdb/mcs30/m3D/m3Dr2/mcs30_m3Dr2_s40.B78
Reading graphs...
40 :  91
40 :  90
Initializing...
maxdom : 7
D->valSize : 204
Solving...
Blb : 2 (clique : 13)
currentSize : 13 <-- 0.001797 s
currentSize : 14 <-- 0.003879 s
currentSize : 15 <-- 0.003911 s
currentSize : 16 <-- 0.033406 s
currentSize : 17 <-- 0.082097 s

maxsize : 17
nodes : 3111296.000000
filtered : 32631227.000000
time : 10.993008
