Parameters: GAD=1 vflib=1 dir=0 label=1 lowerbound=1 fileNameGp=../graphsdb/mcs30/m2D/m2Dr2/mcs30_m2Dr2_s60.A29 fileNameGt=../graphsdb/mcs30/m2D/m2Dr2/mcs30_m2Dr2_s60.B29
Reading graphs...
60 :  116
60 :  114
Initializing...
maxdom : 8
D->valSize : 246
Solving...
Blb : 2 (clique : 23)
currentSize : 23 <-- 0.002032 s
currentSize : 24 <-- 26.165464 s
currentSize : 25 <-- 26.327408 s
currentSize : 26 <-- 72.852333 s
currentSize : 27 <-- 72.852455 s

maxsize : 27
nodes : 44627729.000000
filtered : 320595324.000000
time : 178.216629
