Parameters: GAD=1 vflib=1 dir=0 label=1 lowerbound=1 fileNameGp=../graphsdb/mcs30/bvg/b09/mcs30_b09_s80.A24 fileNameGt=../graphsdb/mcs30/bvg/b09/mcs30_b09_s80.B24
Reading graphs...
80 :  353
80 :  354
Initializing...
maxdom : 10
D->valSize : 438
Solving...
Blb : 2 (clique : 25)
currentSize : 25 <-- 0.006684 s
currentSize : 26 <-- 0.007580 s
currentSize : 27 <-- 0.007657 s
currentSize : 28 <-- 0.007759 s
currentSize : 29 <-- 1.037133 s
currentSize : 30 <-- 1.247912 s

maxsize : 30
nodes : 91128302.000000
filtered : 1242387350.000000
time : 560.314697
