Parameters: GAD=1 vflib=1 dir=0 label=1 lowerbound=1 fileNameGp=../graphsdb/mcs30/bvg/b06/mcs30_b06_s70.A18 fileNameGt=../graphsdb/mcs30/bvg/b06/mcs30_b06_s70.B18
Reading graphs...
70 :  209
70 :  206
Initializing...
maxdom : 8
D->valSize : 347
Solving...
Blb : 2 (clique : 24)
currentSize : 24 <-- 0.002919 s
currentSize : 25 <-- 0.003974 s
currentSize : 26 <-- 0.005399 s
currentSize : 27 <-- 0.005513 s
currentSize : 28 <-- 0.191706 s
currentSize : 29 <-- 1.000618 s
currentSize : 30 <-- 205.237213 s

maxsize : 30
nodes : 145011668.000000
filtered : 1693927801.000000
time : 767.912170
