Parameters: GAD=1 vflib=1 dir=0 label=1 lowerbound=1 fileNameGp=../graphsdb/mcs30/bvg/b09m/mcs30_b09m_s70.A48 fileNameGt=../graphsdb/mcs30/bvg/b09m/mcs30_b09m_s70.B48
Reading graphs...
70 :  307
70 :  307
Initializing...
maxdom : 7
D->valSize : 326
Solving...
Blb : 2 (clique : 17)
currentSize : 17 <-- 0.002753 s
currentSize : 18 <-- 0.003007 s
currentSize : 19 <-- 0.006978 s
currentSize : 20 <-- 0.012122 s
currentSize : 21 <-- 35.340897 s
currentSize : 22 <-- 103.554802 s

maxsize : 22
nodes : 129324676.000000
filtered : 1253396128.000000
time : 614.376221
