Parameters: GAD=1 vflib=1 dir=0 label=1 lowerbound=1 fileNameGp=../graphsdb/mcs30/m2D/m2Dr2/mcs30_m2Dr2_s70.A90 fileNameGt=../graphsdb/mcs30/m2D/m2Dr2/mcs30_m2Dr2_s70.B90
Reading graphs...
70 :  137
70 :  135
Initializing...
maxdom : 7
D->valSize : 302
Solving...
Blb : 3 (clique : 26)
currentSize : 26 <-- 0.003157 s
currentSize : 27 <-- 0.152857 s
currentSize : 28 <-- 0.164705 s
currentSize : 29 <-- 1.845500 s
currentSize : 30 <-- 627.156311 s
currentSize : 31 <-- 2428.891846 s

maxsize : 31
nodes : 572908893.000000
filtered : 4518681364.000000
time : 2620.881836
