Parameters: GAD=1 vflib=1 dir=0 label=1 lowerbound=1 fileNameGp=../graphsdb/mcs30/rand/r01/mcs30_r01_s70.A68 fileNameGt=../graphsdb/mcs30/rand/r01/mcs30_r01_s70.B68
Reading graphs...
70 :  451
70 :  455
Initializing...
maxdom : 8
D->valSize : 325
Solving...
Blb : 5 (clique : 12)
currentSize : 12 <-- 0.004019 s
currentSize : 13 <-- 0.004321 s
currentSize : 14 <-- 0.022366 s
currentSize : 15 <-- 0.294783 s
currentSize : 16 <-- 3.406416 s
currentSize : 17 <-- 7.426150 s
currentSize : 18 <-- 7.426680 s
currentSize : 19 <-- 7.433964 s
currentSize : 21 <-- 7.435015 s

maxsize : 21
nodes : 3301572.000000
filtered : 42520632.000000
time : 16.610636
