Parameters: GAD=1 vflib=1 dir=0 label=1 lowerbound=1 fileNameGp=../graphsdb/mcs30/rand/r02/mcs30_r02_s90.A51 fileNameGt=../graphsdb/mcs30/rand/r02/mcs30_r02_s90.B51
Reading graphs...
90 :  1421
90 :  1425
Initializing...
maxdom : 9
D->valSize : 515
Solving...
Blb : 2 (clique : 14)
currentSize : 14 <-- 0.009148 s
currentSize : 15 <-- 0.017831 s
currentSize : 16 <-- 0.121478 s
currentSize : 17 <-- 0.229927 s
currentSize : 19 <-- 0.499005 s
currentSize : 23 <-- 0.561292 s
currentSize : 24 <-- 0.561379 s

maxsize : 24
nodes : 164226.000000
filtered : 3909852.000000
time : 1.139079
