Parameters: GAD=1 vflib=1 dir=0 label=1 lowerbound=1 fileNameGp=../graphsdb/mcs30/bvg/b09/mcs30_b09_s100.A90 fileNameGt=../graphsdb/mcs30/bvg/b09/mcs30_b09_s100.B90
Reading graphs...
100 :  445
100 :  446
Initializing...
maxdom : 7
D->valSize : 339
Solving...
Blb : 3 (clique : 21)
currentSize : 21 <-- 0.005211 s
currentSize : 22 <-- 0.005735 s
currentSize : 23 <-- 0.005897 s
currentSize : 24 <-- 0.006047 s
currentSize : 25 <-- 0.006115 s
currentSize : 26 <-- 0.012551 s
currentSize : 27 <-- 0.019375 s
currentSize : 28 <-- 1.061537 s
currentSize : 29 <-- 1.198592 s
currentSize : 30 <-- 1.507162 s
currentSize : 31 <-- 1.932364 s
currentSize : 32 <-- 2.876837 s
currentSize : 33 <-- 101.746262 s
currentSize : 34 <-- 101.778854 s
currentSize : 35 <-- 188.053162 s
currentSize : 36 <-- 1982.592896 s

TIMEOUT
maxsize : 36
nodes : 738009909.000000
filtered : 2849110145.000000
time : 3600.000000
