Parameters: GAD=1 vflib=1 dir=0 label=1 lowerbound=1 fileNameGp=../graphsdb/mcs30/m4D/m4Dr4/mcs30_m4Dr4_s80.A54 fileNameGt=../graphsdb/mcs30/m4D/m4Dr4/mcs30_m4Dr4_s80.B54
Reading graphs...
80 :  161
80 :  161
Initializing...
maxdom : 9
D->valSize : 432
Solving...
Blb : 2 (clique : 27)
currentSize : 27 <-- 0.004272 s
currentSize : 28 <-- 0.005340 s
currentSize : 29 <-- 0.028044 s
currentSize : 30 <-- 0.471585 s
currentSize : 31 <-- 28.338251 s
currentSize : 32 <-- 1281.287109 s
currentSize : 33 <-- 1541.057861 s

TIMEOUT
maxsize : 33
nodes : 953201208.000000
filtered : 5732206540.000000
time : 3600.000000
