Parameters: GAD=1 vflib=1 dir=0 label=1 lowerbound=1 fileNameGp=../graphsdb/mcs30/rand/r02/mcs30_r02_s50.A07 fileNameGt=../graphsdb/mcs30/rand/r02/mcs30_r02_s50.B07
Reading graphs...
50 :  437
50 :  426
Initializing...
maxdom : 9
D->valSize : 342
Solving...
Blb : 2 (clique : 8)
currentSize : 8 <-- 0.002338 s
currentSize : 9 <-- 0.002742 s
currentSize : 12 <-- 0.034134 s
currentSize : 13 <-- 0.034170 s
currentSize : 14 <-- 0.034198 s

maxsize : 14
nodes : 39253.000000
filtered : 843444.000000
time : 0.188096
