Parameters: GAD=1 vflib=1 dir=0 label=1 lowerbound=1 fileNameGp=../graphsdb/mcs30/rand/r005/mcs30_r005_s100.A80 fileNameGt=../graphsdb/mcs30/rand/r005/mcs30_r005_s100.B80
Reading graphs...
100 :  485
100 :  481
Initializing...
maxdom : 7
D->valSize : 326
Solving...
Blb : 2 (clique : 20)
currentSize : 20 <-- 0.005000 s
currentSize : 21 <-- 0.005277 s
currentSize : 22 <-- 0.010549 s
currentSize : 23 <-- 0.049284 s
currentSize : 24 <-- 0.070478 s
currentSize : 25 <-- 0.216277 s
currentSize : 26 <-- 1.103659 s
currentSize : 27 <-- 4.746623 s
currentSize : 28 <-- 4.780390 s
currentSize : 29 <-- 4.781817 s
currentSize : 31 <-- 127.776787 s
currentSize : 32 <-- 127.780960 s

maxsize : 32
nodes : 207510168.000000
filtered : 1935286719.000000
time : 1298.011597
