Parameters: GAD=1 vflib=1 dir=0 label=1 lowerbound=1 fileNameGp=../graphsdb/mcs30/rand/r02/mcs30_r02_s50.A21 fileNameGt=../graphsdb/mcs30/rand/r02/mcs30_r02_s50.B21
Reading graphs...
50 :  449
50 :  441
Initializing...
maxdom : 10
D->valSize : 360
Solving...
Blb : 2 (clique : 7)
currentSize : 7 <-- 0.002539 s
currentSize : 8 <-- 0.002988 s
currentSize : 9 <-- 0.006312 s
currentSize : 10 <-- 0.020524 s
currentSize : 11 <-- 0.020540 s
currentSize : 13 <-- 0.161792 s
currentSize : 14 <-- 0.161839 s

maxsize : 14
nodes : 47014.000000
filtered : 1000421.000000
time : 0.227827
