Parameters: GAD=1 vflib=1 dir=0 label=1 lowerbound=1 fileNameGp=../graphsdb/mcs30/m3D/m3Dr2/mcs30_m3Dr2_s80.A77 fileNameGt=../graphsdb/mcs30/m3D/m3Dr2/mcs30_m3Dr2_s80.B77
Reading graphs...
80 :  198
80 :  200
Initializing...
maxdom : 8
D->valSize : 424
Solving...
Blb : 2 (clique : 25)
currentSize : 25 <-- 0.004130 s
currentSize : 26 <-- 0.005227 s
currentSize : 27 <-- 13.257500 s
currentSize : 28 <-- 18.252356 s
currentSize : 29 <-- 426.575256 s
currentSize : 30 <-- 1525.270020 s

TIMEOUT
maxsize : 30
nodes : 880931717.000000
filtered : 5228863101.000000
time : 3600.000000
