Parameters: GAD=1 vflib=1 dir=0 label=1 lowerbound=1 fileNameGp=../graphsdb/mcs30/m4D/m4D/mcs30_m4D_s90.A39 fileNameGt=../graphsdb/mcs30/m4D/m4D/mcs30_m4D_s90.B39
Reading graphs...
90 :  145
90 :  146
Initializing...
maxdom : 10
D->valSize : 537
Solving...
Blb : 2 (clique : 32)
currentSize : 32 <-- 0.010451 s
currentSize : 33 <-- 0.013445 s
currentSize : 34 <-- 0.019478 s
currentSize : 35 <-- 14.630257 s
currentSize : 36 <-- 1175.066406 s
currentSize : 37 <-- 2475.699951 s
currentSize : 38 <-- 2577.885742 s
currentSize : 39 <-- 2827.220459 s

TIMEOUT
maxsize : 39
nodes : 996264914.000000
filtered : 3860695545.000000
time : 3600.000000
