Parameters: GAD=1 vflib=1 dir=0 label=1 lowerbound=1 fileNameGp=../graphsdb/mcs30/bvg/b06m/mcs30_b06m_s50.A95 fileNameGt=../graphsdb/mcs30/bvg/b06m/mcs30_b06m_s50.B95
Reading graphs...
50 :  149
50 :  148
Initializing...
maxdom : 13
D->valSize : 338
Solving...
Blb : 2 (clique : 16)
currentSize : 16 <-- 0.002514 s
currentSize : 17 <-- 0.002648 s
currentSize : 18 <-- 0.006313 s
currentSize : 19 <-- 0.012676 s
currentSize : 20 <-- 0.012740 s
currentSize : 21 <-- 0.079061 s

maxsize : 21
nodes : 3328064.000000
filtered : 53213524.000000
time : 15.396114
