Parameters: GAD=1 vflib=1 dir=0 label=1 lowerbound=1 fileNameGp=../graphsdb/mcs30/m2D/m2Dr2/mcs30_m2Dr2_s100.A74 fileNameGt=../graphsdb/mcs30/m2D/m2Dr2/mcs30_m2Dr2_s100.B74
Reading graphs...
100 :  199
100 :  198
Initializing...
maxdom : 8
D->valSize : 333
Solving...
Blb : 2 (clique : 32)
currentSize : 32 <-- 0.003540 s
currentSize : 33 <-- 0.003782 s
currentSize : 34 <-- 0.005203 s
currentSize : 35 <-- 0.005364 s
currentSize : 36 <-- 0.010843 s
currentSize : 37 <-- 0.031394 s
currentSize : 38 <-- 0.248697 s
currentSize : 39 <-- 126.821083 s
currentSize : 40 <-- 1567.477783 s

TIMEOUT
maxsize : 40
nodes : 675878068.000000
filtered : 3623960176.000000
time : 3600.000000
