Parameters: GAD=1 vflib=1 dir=0 label=1 lowerbound=1 fileNameGp=../graphsdb/mcs30/m4D/m4Dr4/mcs30_m4Dr4_s80.A56 fileNameGt=../graphsdb/mcs30/m4D/m4Dr4/mcs30_m4Dr4_s80.B56
Reading graphs...
80 :  161
80 :  160
Initializing...
maxdom : 8
D->valSize : 392
Solving...
Blb : 2 (clique : 22)
currentSize : 22 <-- 0.003601 s
currentSize : 24 <-- 0.003764 s
currentSize : 25 <-- 0.003843 s
currentSize : 26 <-- 0.524436 s
currentSize : 27 <-- 7.533521 s
currentSize : 28 <-- 23.935425 s
currentSize : 29 <-- 287.876221 s
currentSize : 30 <-- 1402.846191 s
currentSize : 31 <-- 1987.201660 s

TIMEOUT
maxsize : 31
nodes : 940292580.000000
filtered : 5387676283.000000
time : 3600.000000
