Parameters: GAD=1 vflib=1 dir=0 label=1 lowerbound=1 fileNameGp=../graphsdb/mcs30/bvg/b03m/mcs30_b03m_s90.A85 fileNameGt=../graphsdb/mcs30/bvg/b03m/mcs30_b03m_s90.B85
Reading graphs...
90 :  134
90 :  135
Initializing...
maxdom : 8
D->valSize : 519
Solving...
Blb : 2 (clique : 38)
currentSize : 38 <-- 0.006071 s
currentSize : 39 <-- 0.007057 s
currentSize : 40 <-- 0.019483 s
currentSize : 41 <-- 0.098256 s
currentSize : 42 <-- 0.343484 s
currentSize : 43 <-- 3.206317 s
currentSize : 44 <-- 563.951111 s

TIMEOUT
maxsize : 44
nodes : 924624299.000000
filtered : 3323028658.000000
time : 3600.000000
