Parameters: GAD=1 vflib=1 dir=0 label=1 lowerbound=1 fileNameGp=../graphsdb/mcs30/bvg/b09m/mcs30_b09m_s60.A30 fileNameGt=../graphsdb/mcs30/bvg/b09m/mcs30_b09m_s60.B30
Reading graphs...
60 :  262
60 :  261
Initializing...
maxdom : 6
D->valSize : 229
Solving...
Blb : 2 (clique : 12)
currentSize : 12 <-- 0.002546 s
currentSize : 13 <-- 0.002850 s
currentSize : 14 <-- 0.036940 s
currentSize : 15 <-- 0.047380 s
currentSize : 16 <-- 0.084860 s
currentSize : 17 <-- 0.339598 s
currentSize : 18 <-- 0.348876 s
currentSize : 19 <-- 0.423487 s

maxsize : 19
nodes : 1849673.000000
filtered : 16410886.000000
time : 7.709641
