Parameters: GAD=1 vflib=1 dir=0 label=1 lowerbound=1 fileNameGp=../graphsdb/mcs30/m2D/m2Dr4/mcs30_m2Dr4_s60.A15 fileNameGt=../graphsdb/mcs30/m2D/m2Dr4/mcs30_m2Dr4_s60.B15
Reading graphs...
60 :  126
60 :  125
Initializing...
maxdom : 7
D->valSize : 226
Solving...
Blb : 2 (clique : 18)
currentSize : 18 <-- 0.001843 s
currentSize : 19 <-- 0.001986 s
currentSize : 20 <-- 0.005751 s
currentSize : 21 <-- 0.006737 s
currentSize : 22 <-- 0.008741 s
currentSize : 23 <-- 0.029120 s

maxsize : 23
nodes : 41203316.000000
filtered : 259329068.000000
time : 160.191330
