Parameters: GAD=1 vflib=1 dir=0 label=1 lowerbound=1 fileNameGp=../graphsdb/mcs30/m3D/m3D/mcs30_m3D_s100.A16 fileNameGt=../graphsdb/mcs30/m3D/m3D/mcs30_m3D_s100.B16
Reading graphs...
100 :  235
100 :  233
Initializing...
maxdom : 7
D->valSize : 349
Solving...
Blb : 2 (clique : 31)
currentSize : 31 <-- 0.003656 s
currentSize : 32 <-- 0.003950 s
currentSize : 33 <-- 0.366577 s
currentSize : 34 <-- 32.208633 s
currentSize : 35 <-- 1322.083618 s
currentSize : 36 <-- 1730.010742 s
currentSize : 37 <-- 1956.279419 s

TIMEOUT
maxsize : 37
nodes : 740316458.000000
filtered : 3152673195.000000
time : 3600.000000
