Parameters: GAD=1 vflib=1 dir=0 label=1 lowerbound=1 fileNameGp=../graphsdb/mcs30/m4D/m4Dr6/mcs30_m4Dr6_s70.A19 fileNameGt=../graphsdb/mcs30/m4D/m4Dr6/mcs30_m4Dr6_s70.B19
Reading graphs...
70 :  158
70 :  158
Initializing...
maxdom : 8
D->valSize : 296
Solving...
Blb : 2 (clique : 20)
currentSize : 20 <-- 0.003997 s
currentSize : 21 <-- 0.022202 s
currentSize : 22 <-- 0.123798 s
currentSize : 23 <-- 0.705545 s
currentSize : 24 <-- 0.796233 s
currentSize : 25 <-- 35.269787 s
currentSize : 26 <-- 369.587128 s
currentSize : 27 <-- 468.489227 s

maxsize : 27
nodes : 601954657.000000
filtered : 4290981274.000000
time : 2459.822021
