Parameters: GAD=1 vflib=1 dir=0 label=1 lowerbound=1 fileNameGp=../graphsdb/mcs30/m3D/m3Dr6/mcs30_m3Dr6_s40.A66 fileNameGt=../graphsdb/mcs30/m3D/m3Dr6/mcs30_m3Dr6_s40.B66
Reading graphs...
40 :  108
40 :  105
Initializing...
maxdom : 7
D->valSize : 208
Solving...
Blb : 2 (clique : 11)
currentSize : 11 <-- 0.001825 s
currentSize : 12 <-- 0.001934 s
currentSize : 13 <-- 0.002010 s
currentSize : 14 <-- 0.018210 s
currentSize : 15 <-- 0.041966 s

maxsize : 15
nodes : 201289.000000
filtered : 2566194.000000
time : 0.835684
