Parameters: GAD=1 vflib=1 dir=0 label=1 lowerbound=1 fileNameGp=../graphsdb/mcs30/bvg/b09/mcs30_b09_s80.A87 fileNameGt=../graphsdb/mcs30/bvg/b09/mcs30_b09_s80.B87
Reading graphs...
80 :  353
80 :  351
Initializing...
maxdom : 10
D->valSize : 433
Solving...
Blb : 2 (clique : 17)
currentSize : 17 <-- 0.006522 s
currentSize : 18 <-- 0.007905 s
currentSize : 19 <-- 0.807661 s
currentSize : 20 <-- 10.863409 s
currentSize : 21 <-- 10.866194 s
currentSize : 22 <-- 13.399730 s
currentSize : 23 <-- 105.507225 s
currentSize : 24 <-- 175.680222 s
currentSize : 25 <-- 224.870087 s
currentSize : 26 <-- 266.371765 s
currentSize : 27 <-- 501.287384 s

maxsize : 27
nodes : 306520100.000000
filtered : 4104132593.000000
time : 1811.400635
