Parameters: GAD=1 vflib=1 dir=0 label=1 lowerbound=1 fileNameGp=../graphsdb/mcs30/bvg/b09/mcs30_b09_s50.A15 fileNameGt=../graphsdb/mcs30/bvg/b09/mcs30_b09_s50.B15
Reading graphs...
50 :  221
50 :  217
Initializing...
maxdom : 10
D->valSize : 299
Solving...
Blb : 3 (clique : 12)
currentSize : 12 <-- 0.001958 s
currentSize : 13 <-- 0.011623 s
currentSize : 14 <-- 0.468849 s
currentSize : 15 <-- 0.468909 s
currentSize : 16 <-- 0.470697 s
currentSize : 17 <-- 0.470759 s
currentSize : 18 <-- 1.843300 s

maxsize : 18
nodes : 704190.000000
filtered : 8700717.000000
time : 2.822824
