Parameters: GAD=1 vflib=1 dir=0 label=1 lowerbound=1 fileNameGp=../graphsdb/mcs30/m2D/m2D/mcs30_m2D_s70.A25 fileNameGt=../graphsdb/mcs30/m2D/m2D/mcs30_m2D_s70.B25
Reading graphs...
70 :  121
70 :  123
Initializing...
maxdom : 10
D->valSize : 318
Solving...
Blb : 2 (clique : 29)
currentSize : 29 <-- 0.002910 s
currentSize : 30 <-- 0.025449 s
currentSize : 31 <-- 0.128577 s
currentSize : 32 <-- 7.032076 s
currentSize : 33 <-- 164.472549 s

maxsize : 33
nodes : 257969497.000000
filtered : 2212108101.000000
time : 1317.791504
