Parameters: GAD=1 vflib=1 dir=0 label=1 lowerbound=1 fileNameGp=../graphsdb/mcs30/m3D/m3D/mcs30_m3D_s100.A17 fileNameGt=../graphsdb/mcs30/m3D/m3D/mcs30_m3D_s100.B17
Reading graphs...
100 :  232
100 :  233
Initializing...
maxdom : 10
D->valSize : 365
Solving...
Blb : 2 (clique : 31)
currentSize : 31 <-- 0.003797 s
currentSize : 32 <-- 0.031346 s
currentSize : 33 <-- 22.000242 s
currentSize : 34 <-- 63.686214 s
currentSize : 35 <-- 1571.847534 s
currentSize : 36 <-- 1571.965210 s
currentSize : 37 <-- 1573.004639 s
currentSize : 38 <-- 2413.904297 s

TIMEOUT
maxsize : 38
nodes : 716151210.000000
filtered : 3680037265.000000
time : 3600.000000
