Parameters: GAD=1 vflib=1 dir=0 label=1 lowerbound=1 fileNameGp=../graphsdb/mcs30/m3D/m3Dr4/mcs30_m3Dr4_s40.A37 fileNameGt=../graphsdb/mcs30/m3D/m3Dr4/mcs30_m3Dr4_s40.B37
Reading graphs...
40 :  100
40 :  97
Initializing...
maxdom : 8
D->valSize : 202
Solving...
Blb : 5 (clique : 12)
currentSize : 12 <-- 0.001741 s
currentSize : 13 <-- 0.002104 s
currentSize : 14 <-- 0.004269 s
currentSize : 15 <-- 0.004891 s
currentSize : 16 <-- 1.736540 s

maxsize : 16
nodes : 873129.000000
filtered : 8160163.000000
time : 3.035906
