Parameters: GAD=1 vflib=1 dir=0 label=1 lowerbound=1 fileNameGp=../graphsdb/mcs30/m2D/m2Dr6/mcs30_m2Dr6_s70.A78 fileNameGt=../graphsdb/mcs30/m2D/m2Dr6/mcs30_m2Dr6_s70.B78
Reading graphs...
70 :  163
70 :  162
Initializing...
maxdom : 7
D->valSize : 329
Solving...
Blb : 5 (clique : 24)
currentSize : 24 <-- 0.004370 s
currentSize : 25 <-- 0.660172 s
currentSize : 26 <-- 0.674837 s
currentSize : 27 <-- 95.300034 s
currentSize : 28 <-- 149.065643 s
currentSize : 29 <-- 221.836700 s
currentSize : 30 <-- 1125.496826 s

TIMEOUT
maxsize : 30
nodes : 704922431.000000
filtered : 7310166373.000000
time : 3600.000000
