Parameters: GAD=1 vflib=1 dir=0 label=1 lowerbound=1 fileNameGp=../graphsdb/mcs30/bvg/b03/mcs30_b03_s90.A18 fileNameGt=../graphsdb/mcs30/bvg/b03/mcs30_b03_s90.B18
Reading graphs...
90 :  134
90 :  135
Initializing...
maxdom : 8
D->valSize : 529
Solving...
Blb : 2 (clique : 32)
currentSize : 32 <-- 0.010709 s
currentSize : 35 <-- 0.011051 s
currentSize : 36 <-- 0.474547 s
currentSize : 37 <-- 0.788073 s
currentSize : 38 <-- 17.777529 s
currentSize : 39 <-- 59.566574 s
currentSize : 40 <-- 233.748459 s
currentSize : 41 <-- 342.978241 s
currentSize : 42 <-- 379.365784 s

TIMEOUT
maxsize : 42
nodes : 740141841.000000
filtered : 4768087001.000000
time : 3600.000000
