Parameters: GAD=1 vflib=1 dir=0 label=1 lowerbound=1 fileNameGp=../graphsdb/mcs30/m2D/m2Dr2/mcs30_m2Dr2_s70.A88 fileNameGt=../graphsdb/mcs30/m2D/m2Dr2/mcs30_m2Dr2_s70.B88
Reading graphs...
70 :  136
70 :  136
Initializing...
maxdom : 10
D->valSize : 307
Solving...
Blb : 2 (clique : 26)
currentSize : 26 <-- 0.002655 s
currentSize : 27 <-- 0.003076 s
currentSize : 28 <-- 0.003664 s
currentSize : 29 <-- 0.009374 s
currentSize : 30 <-- 0.014962 s
currentSize : 31 <-- 0.057382 s

TIMEOUT
maxsize : 31
nodes : 803550054.000000
filtered : 5507836998.000000
time : 3600.000000
