Parameters: GAD=1 vflib=1 dir=0 label=1 lowerbound=1 fileNameGp=../graphsdb/mcs30/m2D/m2Dr4/mcs30_m2Dr4_s100.A78 fileNameGt=../graphsdb/mcs30/m2D/m2Dr4/mcs30_m2Dr4_s100.B78
Reading graphs...
100 :  216
100 :  218
Initializing...
maxdom : 7
D->valSize : 323
Solving...
Blb : 2 (clique : 32)
currentSize : 32 <-- 0.003255 s
currentSize : 33 <-- 0.003823 s
currentSize : 34 <-- 0.006437 s
currentSize : 35 <-- 0.009484 s
currentSize : 36 <-- 0.034980 s
currentSize : 37 <-- 0.065395 s
currentSize : 38 <-- 2.019757 s
currentSize : 39 <-- 1479.665894 s

TIMEOUT
maxsize : 39
nodes : 740517939.000000
filtered : 3106639989.000000
time : 3600.000000
