Parameters: GAD=1 vflib=1 dir=0 label=1 lowerbound=1 fileNameGp=../graphsdb/mcs30/m2D/m2Dr4/mcs30_m2Dr4_s50.A06 fileNameGt=../graphsdb/mcs30/m2D/m2Dr4/mcs30_m2Dr4_s50.B06
Reading graphs...
50 :  102
50 :  100
Initializing...
maxdom : 13
D->valSize : 331
Solving...
Blb : 2 (clique : 16)
currentSize : 16 <-- 0.002453 s
currentSize : 18 <-- 0.002649 s
currentSize : 19 <-- 0.003341 s
currentSize : 20 <-- 0.005631 s
currentSize : 21 <-- 1.675270 s
currentSize : 22 <-- 1.896888 s
currentSize : 23 <-- 2.307313 s

maxsize : 23
nodes : 50918809.000000
filtered : 759584723.000000
time : 212.560013
