Parameters: GAD=1 vflib=1 dir=0 label=1 lowerbound=1 fileNameGp=../graphsdb/mcs30/m2D/m2Dr4/mcs30_m2Dr4_s60.A56 fileNameGt=../graphsdb/mcs30/m2D/m2Dr4/mcs30_m2Dr4_s60.B56
Reading graphs...
60 :  125
60 :  127
Initializing...
maxdom : 6
D->valSize : 227
Solving...
Blb : 2 (clique : 19)
currentSize : 19 <-- 0.001716 s
currentSize : 21 <-- 0.001950 s
currentSize : 22 <-- 0.002303 s
currentSize : 23 <-- 0.012806 s
currentSize : 24 <-- 0.012855 s
currentSize : 25 <-- 1.694753 s

maxsize : 25
nodes : 21520422.000000
filtered : 137386320.000000
time : 87.794937
