Parameters: GAD=1 vflib=1 dir=0 label=1 lowerbound=1 fileNameGp=../graphsdb/mcs30/bvg/b06/mcs30_b06_s40.A50 fileNameGt=../graphsdb/mcs30/bvg/b06/mcs30_b06_s40.B50
Reading graphs...
40 :  119
40 :  117
Initializing...
maxdom : 8
D->valSize : 229
Solving...
Blb : 2 (clique : 12)
currentSize : 12 <-- 0.001413 s
currentSize : 13 <-- 0.025026 s
currentSize : 14 <-- 0.874835 s
currentSize : 15 <-- 2.465281 s
currentSize : 16 <-- 2.703925 s

maxsize : 16
nodes : 1779671.000000
filtered : 18465937.000000
time : 6.224574
