Parameters: GAD=1 vflib=1 dir=0 label=1 lowerbound=1 fileNameGp=../graphsdb/mcs30/m2D/m2D/mcs30_m2D_s60.A95 fileNameGt=../graphsdb/mcs30/m2D/m2D/mcs30_m2D_s60.B95
Reading graphs...
60 :  104
60 :  103
Initializing...
maxdom : 6
D->valSize : 213
Solving...
Blb : 2 (clique : 20)
currentSize : 20 <-- 0.001593 s
currentSize : 22 <-- 0.001707 s
currentSize : 23 <-- 0.031922 s
currentSize : 24 <-- 1.570177 s
currentSize : 25 <-- 288.446167 s

maxsize : 25
nodes : 135307708.000000
filtered : 727178897.000000
time : 497.654266
