Parameters: GAD=1 vflib=1 dir=0 label=1 lowerbound=1 fileNameGp=../graphsdb/mcs30/m2D/m2Dr2/mcs30_m2Dr2_s60.A75 fileNameGt=../graphsdb/mcs30/m2D/m2Dr2/mcs30_m2Dr2_s60.B75
Reading graphs...
60 :  115
60 :  114
Initializing...
maxdom : 9
D->valSize : 257
Solving...
Blb : 2 (clique : 17)
currentSize : 17 <-- 0.003109 s
currentSize : 18 <-- 0.003424 s
currentSize : 19 <-- 0.004430 s
currentSize : 20 <-- 0.007922 s
currentSize : 21 <-- 0.016112 s
currentSize : 22 <-- 0.119636 s
currentSize : 23 <-- 1.182930 s
currentSize : 24 <-- 1.793925 s
currentSize : 25 <-- 33.044811 s
currentSize : 26 <-- 33.429546 s
currentSize : 27 <-- 75.701263 s
currentSize : 28 <-- 75.833710 s

maxsize : 28
nodes : 21957154.000000
filtered : 174856734.000000
time : 88.736221
