Parameters: GAD=1 vflib=1 dir=0 label=1 lowerbound=1 fileNameGp=../graphsdb/mcs30/rand/r005/mcs30_r005_s70.A09 fileNameGt=../graphsdb/mcs30/rand/r005/mcs30_r005_s70.B09
Reading graphs...
70 :  234
70 :  237
Initializing...
maxdom : 10
D->valSize : 296
Solving...
Blb : 2 (clique : 18)
currentSize : 18 <-- 0.002432 s
currentSize : 19 <-- 0.020756 s
currentSize : 20 <-- 0.024425 s
currentSize : 21 <-- 0.149402 s
currentSize : 22 <-- 2.198289 s
currentSize : 23 <-- 5.733886 s
currentSize : 24 <-- 197.881805 s

maxsize : 24
nodes : 100111490.000000
filtered : 893254064.000000
time : 475.350281
