Parameters: GAD=1 vflib=1 dir=0 label=1 lowerbound=1 fileNameGp=../graphsdb/mcs30/m3D/m3Dr4/mcs30_m3Dr4_s70.A49 fileNameGt=../graphsdb/mcs30/m3D/m3Dr4/mcs30_m3Dr4_s70.B49
Reading graphs...
70 :  182
70 :  185
Initializing...
maxdom : 8
D->valSize : 335
Solving...
Blb : 2 (clique : 21)
currentSize : 21 <-- 0.002791 s
currentSize : 22 <-- 0.137617 s
currentSize : 23 <-- 0.220658 s
currentSize : 24 <-- 0.270450 s
currentSize : 25 <-- 49.284634 s
currentSize : 26 <-- 237.763229 s
currentSize : 27 <-- 468.326019 s
currentSize : 28 <-- 1128.994995 s
currentSize : 29 <-- 1128.998657 s
currentSize : 30 <-- 1129.060059 s
currentSize : 31 <-- 1129.531250 s

maxsize : 31
nodes : 449653820.000000
filtered : 4927284103.000000
time : 2336.727295
