Parameters: GAD=1 vflib=1 dir=0 label=1 lowerbound=1 fileNameGp=../graphsdb/mcs30/bvg/b03/mcs30_b03_s50.A04 fileNameGt=../graphsdb/mcs30/bvg/b03/mcs30_b03_s50.B04
Reading graphs...
50 :  75
50 :  75
Initializing...
maxdom : 9
D->valSize : 329
Solving...
Blb : 2 (clique : 20)
currentSize : 20 <-- 0.002511 s
currentSize : 21 <-- 1.519288 s
currentSize : 22 <-- 2.174611 s
currentSize : 23 <-- 40.870155 s
currentSize : 24 <-- 41.913273 s
currentSize : 25 <-- 128.804886 s

maxsize : 25
nodes : 166124372.000000
filtered : 1811737599.000000
time : 611.410767
