Parameters: GAD=1 vflib=1 dir=0 label=1 lowerbound=1 fileNameGp=../graphsdb/mcs30/rand/r02/mcs30_r02_s60.A67 fileNameGt=../graphsdb/mcs30/rand/r02/mcs30_r02_s60.B67
Reading graphs...
60 :  635
60 :  628
Initializing...
maxdom : 7
D->valSize : 257
Solving...
Blb : 2 (clique : 8)
currentSize : 8 <-- 0.001753 s
currentSize : 9 <-- 0.001927 s
currentSize : 10 <-- 0.002140 s
currentSize : 11 <-- 0.002537 s
currentSize : 14 <-- 0.021544 s
currentSize : 17 <-- 0.025020 s

maxsize : 17
nodes : 10645.000000
filtered : 149979.000000
time : 0.053125
