Parameters: GAD=1 vflib=1 dir=0 label=1 lowerbound=1 fileNameGp=../graphsdb/mcs30/m3D/m3Dr2/mcs30_m3Dr2_s90.A28 fileNameGt=../graphsdb/mcs30/m3D/m3Dr2/mcs30_m3Dr2_s90.B28
Reading graphs...
90 :  224
90 :  222
Initializing...
maxdom : 10
D->valSize : 493
Solving...
Blb : 2 (clique : 26)
currentSize : 26 <-- 0.005305 s
currentSize : 27 <-- 0.051786 s
currentSize : 28 <-- 0.141831 s
currentSize : 29 <-- 0.378365 s
currentSize : 30 <-- 0.801895 s
currentSize : 31 <-- 1.071517 s
currentSize : 32 <-- 2.172454 s

TIMEOUT
maxsize : 32
nodes : 793113721.000000
filtered : 5197014251.000000
time : 3600.000000
