Parameters: GAD=1 vflib=1 dir=0 label=1 lowerbound=1 fileNameGp=../graphsdb/mcs30/bvg/b06/mcs30_b06_s70.A47 fileNameGt=../graphsdb/mcs30/bvg/b06/mcs30_b06_s70.B47
Reading graphs...
70 :  207
70 :  210
Initializing...
maxdom : 10
D->valSize : 315
Solving...
Blb : 2 (clique : 18)
currentSize : 18 <-- 0.002512 s
currentSize : 19 <-- 0.020620 s
currentSize : 20 <-- 0.035454 s
currentSize : 21 <-- 0.317671 s
currentSize : 22 <-- 2.011836 s
currentSize : 23 <-- 20.261124 s
currentSize : 24 <-- 26.091681 s
currentSize : 25 <-- 50.980488 s
currentSize : 26 <-- 1218.767456 s
currentSize : 27 <-- 1716.065063 s

maxsize : 27
nodes : 528644626.000000
filtered : 4699669095.000000
time : 2459.690430
