Parameters: GAD=1 vflib=1 dir=0 label=1 lowerbound=1 fileNameGp=../graphsdb/mcs30/rand/r02/mcs30_r02_s90.A14 fileNameGt=../graphsdb/mcs30/rand/r02/mcs30_r02_s90.B14
Reading graphs...
90 :  1421
90 :  1438
Initializing...
maxdom : 10
D->valSize : 507
Solving...
Blb : 2 (clique : 9)
currentSize : 9 <-- 0.005159 s
currentSize : 10 <-- 0.005305 s
currentSize : 11 <-- 0.008948 s
currentSize : 12 <-- 0.015919 s
currentSize : 13 <-- 0.015965 s
currentSize : 14 <-- 0.052696 s
currentSize : 16 <-- 0.063655 s
currentSize : 17 <-- 0.063738 s
currentSize : 18 <-- 0.318494 s
currentSize : 22 <-- 0.318662 s
currentSize : 23 <-- 0.319025 s

maxsize : 23
nodes : 127513.000000
filtered : 3035284.000000
time : 0.885460
