Parameters: GAD=1 vflib=1 dir=0 label=1 lowerbound=1 fileNameGp=../graphsdb/mcs30/bvg/b09m/mcs30_b09m_s70.A99 fileNameGt=../graphsdb/mcs30/bvg/b09m/mcs30_b09m_s70.B99
Reading graphs...
70 :  305
70 :  308
Initializing...
maxdom : 9
D->valSize : 331
Solving...
Blb : 2 (clique : 19)
currentSize : 19 <-- 0.004226 s
currentSize : 20 <-- 0.004445 s
currentSize : 21 <-- 0.004508 s
currentSize : 22 <-- 0.005409 s
currentSize : 23 <-- 0.023755 s
currentSize : 24 <-- 0.030505 s

maxsize : 24
nodes : 12490515.000000
filtered : 151229581.000000
time : 64.405975
