Parameters: GAD=1 vflib=1 dir=0 label=1 lowerbound=1 fileNameGp=../graphsdb/mcs30/m4D/m4Dr2/mcs30_m4Dr2_s60.A81 fileNameGt=../graphsdb/mcs30/m4D/m4Dr2/mcs30_m4Dr2_s60.B81
Reading graphs...
60 :  112
60 :  111
Initializing...
maxdom : 8
D->valSize : 235
Solving...
Blb : 2 (clique : 20)
currentSize : 20 <-- 0.001935 s
currentSize : 21 <-- 0.004468 s
currentSize : 22 <-- 0.012433 s
currentSize : 23 <-- 0.057979 s
currentSize : 24 <-- 39.535061 s
currentSize : 25 <-- 44.569172 s
currentSize : 26 <-- 44.597591 s

maxsize : 26
nodes : 149979120.000000
filtered : 975346584.000000
time : 576.179932
