Parameters: GAD=1 vflib=1 dir=0 label=1 lowerbound=1 fileNameGp=../graphsdb/mcs30/bvg/b09/mcs30_b09_s80.A43 fileNameGt=../graphsdb/mcs30/bvg/b09/mcs30_b09_s80.B43
Reading graphs...
80 :  351
80 :  355
Initializing...
maxdom : 10
D->valSize : 462
Solving...
Blb : 2 (clique : 15)
currentSize : 15 <-- 0.007101 s
currentSize : 16 <-- 0.015440 s
currentSize : 17 <-- 0.029617 s
currentSize : 18 <-- 0.043647 s
currentSize : 19 <-- 0.099095 s
currentSize : 20 <-- 0.323067 s
currentSize : 21 <-- 0.401363 s
currentSize : 22 <-- 2.995907 s
currentSize : 23 <-- 87.320770 s
currentSize : 24 <-- 223.521561 s
currentSize : 25 <-- 317.028839 s
currentSize : 26 <-- 1099.578369 s

maxsize : 26
nodes : 489476717.000000
filtered : 7259484772.000000
time : 2906.909668
