Parameters: GAD=1 vflib=1 dir=0 label=1 lowerbound=1 fileNameGp=../graphsdb/mcs30/bvg/b03/mcs30_b03_s70.A56 fileNameGt=../graphsdb/mcs30/bvg/b03/mcs30_b03_s70.B56
Reading graphs...
70 :  105
70 :  105
Initializing...
maxdom : 8
D->valSize : 298
Solving...
Blb : 2 (clique : 26)
currentSize : 26 <-- 0.004121 s
currentSize : 27 <-- 0.018406 s
currentSize : 28 <-- 0.066641 s
currentSize : 29 <-- 0.466804 s
currentSize : 30 <-- 25.646994 s
currentSize : 31 <-- 251.988052 s

TIMEOUT
maxsize : 31
nodes : 903625962.000000
filtered : 5593499864.000000
time : 3600.000000
