Parameters: GAD=1 vflib=1 dir=0 label=1 lowerbound=1 fileNameGp=../graphsdb/mcs30/bvg/b09/mcs30_b09_s100.A86 fileNameGt=../graphsdb/mcs30/bvg/b09/mcs30_b09_s100.B86
Reading graphs...
100 :  445
100 :  443
Initializing...
maxdom : 8
D->valSize : 330
Solving...
Blb : 2 (clique : 21)
currentSize : 21 <-- 0.005049 s
currentSize : 22 <-- 0.005686 s
currentSize : 23 <-- 0.196068 s
currentSize : 24 <-- 1.910770 s
currentSize : 25 <-- 3.664881 s
currentSize : 26 <-- 20.576548 s
currentSize : 27 <-- 34.356071 s
currentSize : 28 <-- 44.848389 s
currentSize : 29 <-- 45.336594 s
currentSize : 30 <-- 58.990417 s
currentSize : 31 <-- 290.112732 s
currentSize : 32 <-- 390.325562 s
currentSize : 33 <-- 463.665497 s
currentSize : 34 <-- 1508.806274 s

TIMEOUT
maxsize : 34
nodes : 611303342.000000
filtered : 4691011381.000000
time : 3600.000000
