Parameters: GAD=1 vflib=1 dir=0 label=1 lowerbound=1 fileNameGp=../graphsdb/mcs30/rand/r02/mcs30_r02_s60.A86 fileNameGt=../graphsdb/mcs30/rand/r02/mcs30_r02_s60.B86
Reading graphs...
60 :  633
60 :  636
Initializing...
maxdom : 6
D->valSize : 241
Solving...
Blb : 2 (clique : 7)
currentSize : 7 <-- 0.002137 s
currentSize : 8 <-- 0.004244 s
currentSize : 9 <-- 0.004270 s
currentSize : 10 <-- 0.005733 s
currentSize : 13 <-- 0.018878 s
currentSize : 15 <-- 0.024471 s

maxsize : 15
nodes : 18866.000000
filtered : 251894.000000
time : 0.088301
