Parameters: GAD=1 vflib=1 dir=0 label=1 lowerbound=1 fileNameGp=../graphsdb/mcs30/m3D/m3D/mcs30_m3D_s40.A14 fileNameGt=../graphsdb/mcs30/m3D/m3D/mcs30_m3D_s40.B14
Reading graphs...
40 :  84
40 :  83
Initializing...
maxdom : 8
D->valSize : 209
Solving...
Blb : 2 (clique : 12)
currentSize : 12 <-- 0.001154 s
currentSize : 13 <-- 0.001270 s
currentSize : 14 <-- 0.006604 s
currentSize : 15 <-- 0.189389 s
currentSize : 16 <-- 0.236105 s
currentSize : 17 <-- 0.250741 s
currentSize : 18 <-- 0.512925 s

maxsize : 18
nodes : 607937.000000
filtered : 5548222.000000
time : 2.262186
