Parameters: GAD=1 vflib=1 dir=0 label=1 lowerbound=1 fileNameGp=../graphsdb/mcs30/m2D/m2Dr6/mcs30_m2Dr6_s70.A04 fileNameGt=../graphsdb/mcs30/m2D/m2Dr6/mcs30_m2Dr6_s70.B04
Reading graphs...
70 :  163
70 :  163
Initializing...
maxdom : 11
D->valSize : 374
Solving...
Blb : 2 (clique : 24)
currentSize : 24 <-- 0.005356 s
currentSize : 25 <-- 3.188888 s
currentSize : 26 <-- 24.625992 s
currentSize : 27 <-- 91.387070 s
currentSize : 28 <-- 118.488548 s
currentSize : 29 <-- 1054.598145 s

TIMEOUT
maxsize : 29
nodes : 795561521.000000
filtered : 8462634385.000000
time : 3600.000000
