Parameters: GAD=1 vflib=1 dir=0 label=1 lowerbound=1 fileNameGp=../graphsdb/mcs30/m4D/m4Dr2/mcs30_m4Dr2_s60.A38 fileNameGt=../graphsdb/mcs30/m4D/m4Dr2/mcs30_m4Dr2_s60.B38
Reading graphs...
60 :  111
60 :  112
Initializing...
maxdom : 14
D->valSize : 280
Solving...
Blb : 2 (clique : 19)
currentSize : 19 <-- 0.002263 s
currentSize : 20 <-- 0.081548 s
currentSize : 21 <-- 0.172323 s
currentSize : 22 <-- 0.340640 s
currentSize : 23 <-- 0.470253 s
currentSize : 24 <-- 1.891053 s
currentSize : 25 <-- 1.933698 s
currentSize : 26 <-- 55.989521 s

maxsize : 26
nodes : 29200219.000000
filtered : 298149883.000000
time : 131.508316
