Parameters: GAD=1 vflib=1 dir=0 label=1 lowerbound=1 fileNameGp=../graphsdb/mcs30/m2D/m2Dr2/mcs30_m2Dr2_s50.A52 fileNameGt=../graphsdb/mcs30/m2D/m2Dr2/mcs30_m2Dr2_s50.B52
Reading graphs...
50 :  95
50 :  94
Initializing...
maxdom : 9
D->valSize : 310
Solving...
Blb : 2 (clique : 19)
currentSize : 19 <-- 0.002448 s
currentSize : 20 <-- 0.002578 s
currentSize : 21 <-- 0.003032 s
currentSize : 22 <-- 0.024362 s
currentSize : 23 <-- 0.383505 s
currentSize : 24 <-- 0.438874 s

maxsize : 24
nodes : 49276023.000000
filtered : 528017779.000000
time : 196.645615
