Parameters: GAD=1 vflib=1 dir=0 label=1 lowerbound=1 fileNameGp=../graphsdb/mcs30/rand/r01/mcs30_r01_s35.A32 fileNameGt=../graphsdb/mcs30/rand/r01/mcs30_r01_s35.B32
Reading graphs...
35 :  111
35 :  112
Initializing...
maxdom : 7
D->valSize : 164
Solving...
Blb : 2 (clique : 9)
currentSize : 9 <-- 0.000862 s
currentSize : 10 <-- 0.000932 s
currentSize : 11 <-- 0.001292 s
currentSize : 12 <-- 0.008481 s
currentSize : 13 <-- 0.104235 s

maxsize : 13
nodes : 69170.000000
filtered : 672019.000000
time : 0.228300
