Parameters: GAD=1 vflib=1 dir=0 label=1 lowerbound=1 fileNameGp=../graphsdb/mcs30/m4D/m4Dr4/mcs30_m4Dr4_s50.A99 fileNameGt=../graphsdb/mcs30/m4D/m4Dr4/mcs30_m4Dr4_s50.B99
Reading graphs...
50 :  104
50 :  105
Initializing...
maxdom : 11
D->valSize : 310
Solving...
Blb : 2 (clique : 16)
currentSize : 16 <-- 0.003548 s
currentSize : 17 <-- 0.003690 s
currentSize : 18 <-- 0.003757 s
currentSize : 19 <-- 0.061797 s
currentSize : 20 <-- 2.119404 s
currentSize : 21 <-- 17.060921 s

TIMEOUT
maxsize : 21
nodes : 921011767.000000
filtered : 14049840155.000000
time : 3600.000000
