Parameters: GAD=1 vflib=1 dir=0 label=1 lowerbound=1 fileNameGp=../graphsdb/mcs30/rand/r02/mcs30_r02_s70.A32 fileNameGt=../graphsdb/mcs30/rand/r02/mcs30_r02_s70.B32
Reading graphs...
70 :  862
70 :  868
Initializing...
maxdom : 11
D->valSize : 329
Solving...
Blb : 5 (clique : 7)
currentSize : 7 <-- 0.002656 s
currentSize : 8 <-- 0.003955 s
currentSize : 9 <-- 0.003985 s
currentSize : 11 <-- 0.006242 s
currentSize : 17 <-- 0.030769 s

maxsize : 17
nodes : 20872.000000
filtered : 414088.000000
time : 0.116928
