Parameters: GAD=1 vflib=1 dir=0 label=1 lowerbound=1 fileNameGp=../graphsdb/mcs30/m4D/m4Dr4/mcs30_m4Dr4_s80.A77 fileNameGt=../graphsdb/mcs30/m4D/m4Dr4/mcs30_m4Dr4_s80.B77
Reading graphs...
80 :  159
80 :  160
Initializing...
maxdom : 10
D->valSize : 437
Solving...
Blb : 2 (clique : 28)
currentSize : 28 <-- 0.004229 s
currentSize : 29 <-- 0.004535 s
currentSize : 30 <-- 0.004831 s
currentSize : 31 <-- 0.212919 s
currentSize : 32 <-- 76.105576 s
currentSize : 33 <-- 307.996826 s

TIMEOUT
maxsize : 33
nodes : 844016790.000000
filtered : 5538136475.000000
time : 3600.000000
