Parameters: GAD=1 vflib=1 dir=0 label=1 lowerbound=1 fileNameGp=../graphsdb/mcs30/m2D/m2Dr4/mcs30_m2Dr4_s90.A89 fileNameGt=../graphsdb/mcs30/m2D/m2Dr4/mcs30_m2Dr4_s90.B89
Reading graphs...
90 :  194
90 :  195
Initializing...
maxdom : 10
D->valSize : 520
Solving...
Blb : 2 (clique : 32)
currentSize : 32 <-- 0.006097 s
currentSize : 33 <-- 0.006438 s
currentSize : 34 <-- 0.008955 s
currentSize : 35 <-- 0.013677 s
currentSize : 36 <-- 1.660143 s
currentSize : 37 <-- 167.915283 s

TIMEOUT
maxsize : 37
nodes : 774058352.000000
filtered : 5233788713.000000
time : 3600.000000
