Parameters: GAD=1 vflib=1 dir=0 label=1 lowerbound=1 fileNameGp=../graphsdb/mcs30/m3D/m3Dr2/mcs30_m3Dr2_s70.A60 fileNameGt=../graphsdb/mcs30/m3D/m3Dr2/mcs30_m3Dr2_s70.B60
Reading graphs...
70 :  171
70 :  172
Initializing...
maxdom : 7
D->valSize : 321
Solving...
Blb : 2 (clique : 21)
currentSize : 21 <-- 0.004402 s
currentSize : 22 <-- 0.077976 s
currentSize : 23 <-- 0.603209 s
currentSize : 24 <-- 18.746941 s
currentSize : 25 <-- 19.511898 s
currentSize : 26 <-- 45.412041 s
currentSize : 27 <-- 45.412132 s
currentSize : 28 <-- 54.527245 s
currentSize : 29 <-- 795.835083 s
currentSize : 30 <-- 796.463562 s
currentSize : 31 <-- 1453.153198 s

maxsize : 31
nodes : 323160862.000000
filtered : 2829628119.000000
time : 1636.999512
