Parameters: GAD=1 vflib=1 dir=0 label=1 lowerbound=1 fileNameGp=../graphsdb/mcs30/rand/r01/mcs30_r01_s40.A72 fileNameGt=../graphsdb/mcs30/rand/r01/mcs30_r01_s40.B72
Reading graphs...
40 :  146
40 :  147
Initializing...
maxdom : 6
D->valSize : 209
Solving...
Blb : 5 (clique : 10)
currentSize : 10 <-- 0.001207 s
currentSize : 11 <-- 0.001877 s
currentSize : 12 <-- 0.006500 s
currentSize : 13 <-- 0.922113 s
currentSize : 14 <-- 2.180847 s

maxsize : 14
nodes : 669463.000000
filtered : 6379592.000000
time : 2.424890
