Parameters: GAD=1 vflib=1 dir=0 label=1 lowerbound=1 fileNameGp=../graphsdb/mcs30/m3D/m3Dr4/mcs30_m3Dr4_s70.A70 fileNameGt=../graphsdb/mcs30/m3D/m3Dr4/mcs30_m3Dr4_s70.B70
Reading graphs...
70 :  186
70 :  186
Initializing...
maxdom : 7
D->valSize : 315
Solving...
Blb : 3 (clique : 23)
currentSize : 23 <-- 0.004233 s
currentSize : 24 <-- 0.006748 s
currentSize : 25 <-- 0.125868 s
currentSize : 26 <-- 0.335774 s
currentSize : 27 <-- 16.152811 s
currentSize : 28 <-- 25.627665 s
currentSize : 29 <-- 27.146252 s
currentSize : 30 <-- 87.031326 s
currentSize : 31 <-- 110.588486 s
currentSize : 32 <-- 118.621323 s

maxsize : 32
nodes : 57477045.000000
filtered : 478491172.000000
time : 275.911682
