Parameters: GAD=1 vflib=1 dir=0 label=1 lowerbound=1 fileNameGp=../graphsdb/mcs30/bvg/b03/mcs30_b03_s90.A61 fileNameGt=../graphsdb/mcs30/bvg/b03/mcs30_b03_s90.B61
Reading graphs...
90 :  134
90 :  135
Initializing...
maxdom : 11
D->valSize : 582
Solving...
Blb : 2 (clique : 37)
currentSize : 37 <-- 0.007131 s
currentSize : 40 <-- 0.007427 s
currentSize : 41 <-- 0.007560 s
currentSize : 42 <-- 0.069326 s
currentSize : 43 <-- 266.851593 s
currentSize : 44 <-- 564.327209 s

TIMEOUT
maxsize : 44
nodes : 940646852.000000
filtered : 4080838932.000000
time : 3600.000000
