Parameters: GAD=1 vflib=1 dir=0 label=1 lowerbound=1 fileNameGp=../graphsdb/mcs30/rand/r005/mcs30_r005_s70.A15 fileNameGt=../graphsdb/mcs30/rand/r005/mcs30_r005_s70.B15
Reading graphs...
70 :  232
70 :  235
Initializing...
maxdom : 8
D->valSize : 321
Solving...
Blb : 2 (clique : 20)
currentSize : 20 <-- 0.004174 s
currentSize : 22 <-- 0.038090 s
currentSize : 23 <-- 0.273660 s
currentSize : 24 <-- 439.007416 s
currentSize : 25 <-- 596.865784 s

maxsize : 25
nodes : 248343744.000000
filtered : 2391100051.000000
time : 1169.532837
