Parameters: GAD=1 vflib=1 dir=0 label=1 lowerbound=1 fileNameGp=../graphsdb/mcs30/bvg/b03m/mcs30_b03m_s100.A47 fileNameGt=../graphsdb/mcs30/bvg/b03m/mcs30_b03m_s100.B47
Reading graphs...
100 :  148
100 :  149
Initializing...
maxdom : 8
D->valSize : 336
Solving...
Blb : 2 (clique : 34)
currentSize : 34 <-- 0.003631 s
currentSize : 35 <-- 0.005148 s
currentSize : 36 <-- 0.005219 s
currentSize : 37 <-- 0.039971 s
currentSize : 38 <-- 0.152930 s
currentSize : 39 <-- 4.111750 s
currentSize : 40 <-- 7.705868 s
currentSize : 41 <-- 27.837780 s
currentSize : 42 <-- 27.916565 s

TIMEOUT
maxsize : 42
nodes : 762308560.000000
filtered : 2996026220.000000
time : 3600.000000
