Parameters: GAD=1 vflib=1 dir=0 label=1 lowerbound=1 fileNameGp=../graphsdb/mcs30/rand/r005/mcs30_r005_s35.A42 fileNameGt=../graphsdb/mcs30/rand/r005/mcs30_r005_s35.B42
Reading graphs...
35 :  61
35 :  63
Initializing...
maxdom : 8
D->valSize : 156
Solving...
Blb : 2 (clique : 11)
currentSize : 11 <-- 0.000897 s
currentSize : 12 <-- 0.002250 s
currentSize : 13 <-- 0.005342 s
currentSize : 14 <-- 0.032127 s
currentSize : 15 <-- 0.081208 s

maxsize : 15
nodes : 146586.000000
filtered : 1105389.000000
time : 0.410768
