Parameters: GAD=1 vflib=1 dir=0 label=1 lowerbound=1 fileNameGp=../graphsdb/mcs30/rand/r01/mcs30_r01_s80.A94 fileNameGt=../graphsdb/mcs30/rand/r01/mcs30_r01_s80.B94
Reading graphs...
80 :  604
80 :  604
Initializing...
maxdom : 8
D->valSize : 396
Solving...
Blb : 2 (clique : 17)
currentSize : 17 <-- 0.003601 s
currentSize : 18 <-- 11.791681 s
currentSize : 19 <-- 11.797987 s
currentSize : 20 <-- 11.812021 s
currentSize : 21 <-- 16.084246 s
currentSize : 22 <-- 16.092731 s
currentSize : 24 <-- 16.093184 s

maxsize : 24
nodes : 6337183.000000
filtered : 92446379.000000
time : 36.814137
