Parameters: GAD=1 vflib=1 dir=0 label=1 lowerbound=1 fileNameGp=../graphsdb/mcs30/bvg/b09m/mcs30_b09m_s90.A65 fileNameGt=../graphsdb/mcs30/bvg/b09m/mcs30_b09m_s90.B65
Reading graphs...
90 :  392
90 :  397
Initializing...
maxdom : 11
D->valSize : 509
Solving...
Blb : 2 (clique : 20)
currentSize : 20 <-- 0.005439 s
currentSize : 23 <-- 0.005611 s
currentSize : 25 <-- 0.005679 s
currentSize : 26 <-- 0.007224 s
currentSize : 27 <-- 0.021760 s
currentSize : 28 <-- 0.178555 s
currentSize : 29 <-- 1315.399780 s

TIMEOUT
maxsize : 29
nodes : 609461508.000000
filtered : 9001418805.000000
time : 3600.000000
