Parameters: GAD=1 vflib=1 dir=0 label=1 lowerbound=1 fileNameGp=../graphsdb/mcs30/m2D/m2Dr6/mcs30_m2Dr6_s70.A91 fileNameGt=../graphsdb/mcs30/m2D/m2Dr6/mcs30_m2Dr6_s70.B91
Reading graphs...
70 :  163
70 :  158
Initializing...
maxdom : 8
D->valSize : 345
Solving...
Blb : 3 (clique : 22)
currentSize : 22 <-- 0.003081 s
currentSize : 23 <-- 0.068479 s
currentSize : 24 <-- 0.115295 s
currentSize : 25 <-- 21.122763 s
currentSize : 26 <-- 109.758896 s
currentSize : 27 <-- 1128.261719 s
currentSize : 28 <-- 2190.284180 s
currentSize : 29 <-- 2190.291016 s

TIMEOUT
maxsize : 29
nodes : 833678743.000000
filtered : 6699195748.000000
time : 3600.000000
