Parameters: GAD=1 vflib=1 dir=0 label=1 lowerbound=1 fileNameGp=../graphsdb/mcs30/m2D/m2Dr6/mcs30_m2Dr6_s60.A53 fileNameGt=../graphsdb/mcs30/m2D/m2Dr6/mcs30_m2Dr6_s60.B53
Reading graphs...
60 :  139
60 :  139
Initializing...
maxdom : 8
D->valSize : 231
Solving...
Blb : 2 (clique : 18)
currentSize : 18 <-- 0.001811 s
currentSize : 19 <-- 0.001909 s
currentSize : 20 <-- 0.367817 s
currentSize : 21 <-- 5.313008 s
currentSize : 22 <-- 11.032435 s
currentSize : 23 <-- 14.674163 s

maxsize : 23
nodes : 10643237.000000
filtered : 85358175.000000
time : 45.041977
