Parameters: GAD=1 vflib=1 dir=0 label=1 lowerbound=1 fileNameGp=../graphsdb/mcs30/m4D/m4D/mcs30_m4D_s80.A72 fileNameGt=../graphsdb/mcs30/m4D/m4D/mcs30_m4D_s80.B72
Reading graphs...
80 :  130
80 :  130
Initializing...
maxdom : 14
D->valSize : 438
Solving...
Blb : 2 (clique : 30)
currentSize : 30 <-- 0.004564 s
currentSize : 31 <-- 0.009348 s
currentSize : 32 <-- 0.039153 s
currentSize : 33 <-- 0.479527 s
currentSize : 34 <-- 7.213400 s
currentSize : 35 <-- 508.217346 s

TIMEOUT
maxsize : 35
nodes : 948809304.000000
filtered : 4880738551.000000
time : 3600.000000
