Parameters: GAD=1 vflib=1 dir=0 label=1 lowerbound=1 fileNameGp=../graphsdb/mcs30/bvg/b06/mcs30_b06_s35.A56 fileNameGt=../graphsdb/mcs30/bvg/b06/mcs30_b06_s35.B56
Reading graphs...
35 :  101
35 :  103
Initializing...
maxdom : 8
D->valSize : 170
Solving...
Blb : 2 (clique : 11)
currentSize : 11 <-- 0.001397 s
currentSize : 12 <-- 0.007391 s
currentSize : 13 <-- 0.095034 s
currentSize : 14 <-- 0.107890 s
currentSize : 15 <-- 0.162235 s

maxsize : 15
nodes : 69717.000000
filtered : 797153.000000
time : 0.245869
