Parameters: GAD=1 vflib=1 dir=0 label=1 lowerbound=1 fileNameGp=../graphsdb/mcs30/rand/r02/mcs30_r02_s90.A79 fileNameGt=../graphsdb/mcs30/rand/r02/mcs30_r02_s90.B79
Reading graphs...
90 :  1421
90 :  1434
Initializing...
maxdom : 10
D->valSize : 509
Solving...
Blb : 3 (clique : 8)
currentSize : 8 <-- 0.005651 s
currentSize : 9 <-- 0.006092 s
currentSize : 11 <-- 0.007670 s
currentSize : 12 <-- 0.008142 s
currentSize : 13 <-- 0.009270 s
currentSize : 16 <-- 0.021579 s
currentSize : 23 <-- 0.408697 s

maxsize : 23
nodes : 123962.000000
filtered : 2902798.000000
time : 0.847834
