Parameters: GAD=1 vflib=1 dir=0 label=1 lowerbound=1 fileNameGp=../graphsdb/mcs30/bvg/b03/mcs30_b03_s50.A25 fileNameGt=../graphsdb/mcs30/bvg/b03/mcs30_b03_s50.B25
Reading graphs...
50 :  75
50 :  74
Initializing...
maxdom : 11
D->valSize : 299
Solving...
Blb : 2 (clique : 18)
currentSize : 18 <-- 0.002227 s
currentSize : 19 <-- 0.002333 s
currentSize : 20 <-- 0.266177 s
currentSize : 21 <-- 19.859152 s
currentSize : 22 <-- 36.112953 s
currentSize : 23 <-- 411.375458 s

TIMEOUT
maxsize : 23
nodes : 1090919037.000000
filtered : 9450824428.000000
time : 3600.000000
