Parameters: GAD=1 vflib=1 dir=0 label=1 lowerbound=1 fileNameGp=../graphsdb/mcs30/bvg/b03/mcs30_b03_s40.A51 fileNameGt=../graphsdb/mcs30/bvg/b03/mcs30_b03_s40.B51
Reading graphs...
40 :  60
40 :  58
Initializing...
maxdom : 7
D->valSize : 199
Solving...
Blb : 2 (clique : 17)
currentSize : 17 <-- 0.001200 s
currentSize : 18 <-- 0.001280 s
currentSize : 19 <-- 0.001651 s
currentSize : 20 <-- 0.053083 s
currentSize : 21 <-- 4.790429 s

maxsize : 21
nodes : 18164555.000000
filtered : 152316980.000000
time : 60.664310
