Parameters: GAD=1 vflib=1 dir=0 label=1 lowerbound=1 fileNameGp=../graphsdb/mcs30/bvg/b09/mcs30_b09_s90.A56 fileNameGt=../graphsdb/mcs30/bvg/b09/mcs30_b09_s90.B56
Reading graphs...
90 :  401
90 :  399
Initializing...
maxdom : 12
D->valSize : 533
Solving...
Blb : 5 (clique : 20)
currentSize : 20 <-- 0.006089 s
currentSize : 21 <-- 0.006476 s
currentSize : 22 <-- 0.008044 s
currentSize : 23 <-- 0.220601 s
currentSize : 24 <-- 0.349438 s
currentSize : 25 <-- 2.749314 s
currentSize : 26 <-- 20.713264 s
currentSize : 27 <-- 20.713816 s
currentSize : 28 <-- 117.407585 s
currentSize : 29 <-- 1143.491699 s
currentSize : 30 <-- 2805.134033 s

TIMEOUT
maxsize : 30
nodes : 593563543.000000
filtered : 7897497326.000000
time : 3600.000000
