Parameters: GAD=1 vflib=1 dir=0 label=1 lowerbound=1 fileNameGp=../graphsdb/mcs30/m3D/m3Dr6/mcs30_m3Dr6_s100.A59 fileNameGt=../graphsdb/mcs30/m3D/m3Dr6/mcs30_m3Dr6_s100.B59
Reading graphs...
100 :  293
100 :  289
Initializing...
maxdom : 9
D->valSize : 352
Solving...
Blb : 2 (clique : 26)
currentSize : 26 <-- 0.003541 s
currentSize : 27 <-- 0.003769 s
currentSize : 28 <-- 0.070014 s
currentSize : 29 <-- 0.076089 s
currentSize : 30 <-- 0.318774 s
currentSize : 31 <-- 1.850068 s
currentSize : 32 <-- 12.345930 s
currentSize : 33 <-- 210.871155 s
currentSize : 34 <-- 302.537537 s

TIMEOUT
maxsize : 34
nodes : 703749180.000000
filtered : 3379769846.000000
time : 3600.000000
