Parameters: GAD=1 vflib=1 dir=0 label=1 lowerbound=1 fileNameGp=../graphsdb/mcs30/m4D/m4Dr2/mcs30_m4Dr2_s60.A45 fileNameGt=../graphsdb/mcs30/m4D/m4Dr2/mcs30_m4Dr2_s60.B45
Reading graphs...
60 :  114
60 :  112
Initializing...
maxdom : 6
D->valSize : 241
Solving...
Blb : 2 (clique : 21)
currentSize : 21 <-- 0.001782 s
currentSize : 22 <-- 0.002062 s
currentSize : 23 <-- 0.105463 s
currentSize : 24 <-- 3.757370 s
currentSize : 25 <-- 106.073845 s

maxsize : 25
nodes : 554482327.000000
filtered : 4466832932.000000
time : 2139.944824
