Parameters: GAD=1 vflib=1 dir=0 label=1 lowerbound=1 fileNameGp=../graphsdb/mcs30/rand/r005/mcs30_r005_s80.A86 fileNameGt=../graphsdb/mcs30/rand/r005/mcs30_r005_s80.B86
Reading graphs...
80 :  311
80 :  305
Initializing...
maxdom : 8
D->valSize : 398
Solving...
Blb : 2 (clique : 20)
currentSize : 20 <-- 0.003647 s
currentSize : 21 <-- 0.005886 s
currentSize : 22 <-- 0.072446 s
currentSize : 23 <-- 0.121708 s
currentSize : 24 <-- 0.690186 s
currentSize : 25 <-- 53.966572 s

TIMEOUT
maxsize : 25
nodes : 780849017.000000
filtered : 6224168683.000000
time : 3600.000000
