Parameters: GAD=1 vflib=1 dir=0 label=1 lowerbound=1 fileNameGp=../graphsdb/mcs30/m2D/m2Dr6/mcs30_m2Dr6_s80.A90 fileNameGt=../graphsdb/mcs30/m2D/m2Dr6/mcs30_m2Dr6_s80.B90
Reading graphs...
80 :  187
80 :  188
Initializing...
maxdom : 12
D->valSize : 438
Solving...
Blb : 2 (clique : 26)
currentSize : 26 <-- 0.004271 s
currentSize : 27 <-- 0.004473 s
currentSize : 28 <-- 0.004600 s
currentSize : 29 <-- 0.004718 s
currentSize : 30 <-- 2.659541 s
currentSize : 31 <-- 3.611522 s

TIMEOUT
maxsize : 31
nodes : 809770932.000000
filtered : 5453749263.000000
time : 3600.000000
