Parameters: GAD=1 vflib=1 dir=0 label=1 lowerbound=1 fileNameGp=../graphsdb/mcs30/m3D/m3Dr6/mcs30_m3Dr6_s70.A09 fileNameGt=../graphsdb/mcs30/m3D/m3Dr6/mcs30_m3Dr6_s70.B09
Reading graphs...
70 :  200
70 :  194
Initializing...
maxdom : 7
D->valSize : 315
Solving...
Blb : 2 (clique : 22)
currentSize : 22 <-- 0.004209 s
currentSize : 26 <-- 0.004437 s
currentSize : 27 <-- 0.004580 s
currentSize : 28 <-- 0.011445 s
currentSize : 29 <-- 0.012887 s
currentSize : 30 <-- 0.199128 s
currentSize : 31 <-- 17.335796 s

maxsize : 31
nodes : 15897246.000000
filtered : 150979269.000000
time : 79.911385
