Parameters: GAD=1 vflib=1 dir=0 label=1 lowerbound=1 fileNameGp=../graphsdb/mcs30/bvg/b09/mcs30_b09_s80.A95 fileNameGt=../graphsdb/mcs30/bvg/b09/mcs30_b09_s80.B95
Reading graphs...
80 :  356
80 :  355
Initializing...
maxdom : 8
D->valSize : 415
Solving...
Blb : 2 (clique : 19)
currentSize : 19 <-- 0.003773 s
currentSize : 20 <-- 0.006486 s
currentSize : 21 <-- 0.583656 s
currentSize : 22 <-- 67.850945 s
currentSize : 23 <-- 243.512665 s
currentSize : 24 <-- 256.483246 s
currentSize : 25 <-- 292.801575 s
currentSize : 26 <-- 2004.620239 s
currentSize : 27 <-- 2015.266602 s
currentSize : 28 <-- 2015.286987 s
currentSize : 29 <-- 2020.352539 s
currentSize : 30 <-- 2023.370239 s

maxsize : 30
nodes : 626450040.000000
filtered : 6314452450.000000
time : 3250.451172
