Parameters: GAD=1 vflib=1 dir=0 label=1 lowerbound=1 fileNameGp=../graphsdb/mcs30/m4D/m4Dr4/mcs30_m4Dr4_s80.A46 fileNameGt=../graphsdb/mcs30/m4D/m4Dr4/mcs30_m4Dr4_s80.B46
Reading graphs...
80 :  157
80 :  158
Initializing...
maxdom : 9
D->valSize : 402
Solving...
Blb : 2 (clique : 25)
currentSize : 25 <-- 0.003714 s
currentSize : 26 <-- 0.003916 s
currentSize : 27 <-- 0.006395 s
currentSize : 28 <-- 0.201254 s
currentSize : 29 <-- 0.419420 s
currentSize : 30 <-- 0.532503 s
currentSize : 31 <-- 2.681231 s
currentSize : 32 <-- 78.796921 s

TIMEOUT
maxsize : 32
nodes : 955300444.000000
filtered : 4843801823.000000
time : 3600.000000
