Parameters: GAD=1 vflib=1 dir=0 label=1 lowerbound=1 fileNameGp=../graphsdb/mcs30/m2D/m2Dr2/mcs30_m2Dr2_s30.A75 fileNameGt=../graphsdb/mcs30/m2D/m2Dr2/mcs30_m2Dr2_s30.B75
Reading graphs...
30 :  53
30 :  52
Initializing...
maxdom : 7
D->valSize : 117
Solving...
Blb : 2 (clique : 11)
currentSize : 11 <-- 0.000612 s
currentSize : 12 <-- 0.000661 s
currentSize : 13 <-- 0.000952 s
currentSize : 14 <-- 0.001660 s
currentSize : 15 <-- 0.018952 s

maxsize : 15
nodes : 12184.000000
filtered : 83705.000000
time : 0.034922
