Parameters: GAD=1 vflib=1 dir=0 label=1 lowerbound=1 fileNameGp=../graphsdb/mcs30/m3D/m3Dr6/mcs30_m3Dr6_s80.A73 fileNameGt=../graphsdb/mcs30/m3D/m3Dr6/mcs30_m3Dr6_s80.B73
Reading graphs...
80 :  230
80 :  227
Initializing...
maxdom : 9
D->valSize : 423
Solving...
Blb : 3 (clique : 26)
currentSize : 26 <-- 0.004597 s
currentSize : 27 <-- 1.422468 s
currentSize : 28 <-- 12.691195 s
currentSize : 29 <-- 60.625298 s
currentSize : 30 <-- 119.052963 s
currentSize : 31 <-- 360.932434 s

TIMEOUT
maxsize : 31
nodes : 681399882.000000
filtered : 7241520285.000000
time : 3600.000000
