Parameters: GAD=1 vflib=1 dir=0 label=1 lowerbound=1 fileNameGp=../graphsdb/mcs30/rand/r02/mcs30_r02_s90.A93 fileNameGt=../graphsdb/mcs30/rand/r02/mcs30_r02_s90.B93
Reading graphs...
90 :  1412
90 :  1433
Initializing...
maxdom : 11
D->valSize : 547
Solving...
Blb : 2 (clique : 8)
currentSize : 8 <-- 0.005711 s
currentSize : 9 <-- 0.005948 s
currentSize : 10 <-- 0.006282 s
currentSize : 11 <-- 0.007221 s
currentSize : 13 <-- 0.007262 s
currentSize : 15 <-- 0.045781 s
currentSize : 18 <-- 0.218859 s
currentSize : 23 <-- 0.220465 s

maxsize : 23
nodes : 143371.000000
filtered : 3701564.000000
time : 1.021518
