Parameters: GAD=1 vflib=1 dir=0 label=1 lowerbound=1 fileNameGp=../graphsdb/mcs30/m4D/m4Dr2/mcs30_m4Dr2_s60.A15 fileNameGt=../graphsdb/mcs30/m4D/m4Dr2/mcs30_m4Dr2_s60.B15
Reading graphs...
60 :  113
60 :  113
Initializing...
maxdom : 6
D->valSize : 228
Solving...
Blb : 2 (clique : 21)
currentSize : 21 <-- 0.002525 s
currentSize : 22 <-- 0.015117 s
currentSize : 23 <-- 0.017392 s
currentSize : 24 <-- 0.076221 s
currentSize : 25 <-- 0.160925 s
currentSize : 26 <-- 0.190063 s

maxsize : 26
nodes : 3985292.000000
filtered : 29659206.000000
time : 16.408052
