Parameters: GAD=1 vflib=1 dir=0 label=1 lowerbound=1 fileNameGp=../graphsdb/mcs30/m2D/m2Dr6/mcs30_m2Dr6_s50.A59 fileNameGt=../graphsdb/mcs30/m2D/m2Dr6/mcs30_m2Dr6_s50.B59
Reading graphs...
50 :  114
50 :  113
Initializing...
maxdom : 10
D->valSize : 309
Solving...
Blb : 2 (clique : 19)
currentSize : 19 <-- 0.002327 s
currentSize : 20 <-- 0.017108 s
currentSize : 21 <-- 17.315468 s
currentSize : 22 <-- 18.701471 s
currentSize : 23 <-- 246.329178 s

maxsize : 23
nodes : 93435700.000000
filtered : 1136633029.000000
time : 359.157166
