Parameters: GAD=1 vflib=1 dir=0 label=1 lowerbound=1 fileNameGp=../graphsdb/mcs30/bvg/b06/mcs30_b06_s40.A22 fileNameGt=../graphsdb/mcs30/bvg/b06/mcs30_b06_s40.B22
Reading graphs...
40 :  119
40 :  117
Initializing...
maxdom : 7
D->valSize : 223
Solving...
Blb : 5 (clique : 11)
currentSize : 11 <-- 0.001497 s
currentSize : 12 <-- 0.001659 s
currentSize : 13 <-- 0.002902 s
currentSize : 14 <-- 0.052025 s
currentSize : 15 <-- 0.619981 s
currentSize : 16 <-- 0.772863 s
currentSize : 17 <-- 1.253745 s

maxsize : 17
nodes : 476242.000000
filtered : 5088140.000000
time : 1.665540
