Parameters: GAD=1 vflib=1 dir=0 label=1 lowerbound=1 fileNameGp=../graphsdb/mcs30/m4D/m4Dr2/mcs30_m4Dr2_s60.A83 fileNameGt=../graphsdb/mcs30/m4D/m4Dr2/mcs30_m4Dr2_s60.B83
Reading graphs...
60 :  113
60 :  114
Initializing...
maxdom : 6
D->valSize : 247
Solving...
Blb : 2 (clique : 21)
currentSize : 21 <-- 0.001937 s
currentSize : 22 <-- 0.002080 s
currentSize : 23 <-- 0.076767 s
currentSize : 24 <-- 0.359776 s
currentSize : 25 <-- 1.894283 s
currentSize : 26 <-- 1.896175 s
currentSize : 27 <-- 102.922913 s
currentSize : 28 <-- 312.389923 s
currentSize : 29 <-- 477.550842 s

maxsize : 29
nodes : 154955265.000000
filtered : 1116876663.000000
time : 596.603210
