Parameters: GAD=1 vflib=1 dir=0 label=1 lowerbound=1 fileNameGp=../graphsdb/mcs30/m4D/m4Dr6/mcs30_m4Dr6_s70.A16 fileNameGt=../graphsdb/mcs30/m4D/m4Dr6/mcs30_m4Dr6_s70.B16
Reading graphs...
70 :  159
70 :  158
Initializing...
maxdom : 7
D->valSize : 311
Solving...
Blb : 5 (clique : 23)
currentSize : 23 <-- 0.003222 s
currentSize : 24 <-- 0.040229 s
currentSize : 25 <-- 0.453837 s
currentSize : 26 <-- 5.997115 s
currentSize : 27 <-- 1690.919556 s
currentSize : 28 <-- 2451.839844 s

TIMEOUT
maxsize : 28
nodes : 871369026.000000
filtered : 6304519986.000000
time : 3600.000000
