Parameters: GAD=1 vflib=1 dir=0 label=1 lowerbound=1 fileNameGp=../graphsdb/mcs30/bvg/b09m/mcs30_b09m_s70.A49 fileNameGt=../graphsdb/mcs30/bvg/b09m/mcs30_b09m_s70.B49
Reading graphs...
70 :  302
70 :  301
Initializing...
maxdom : 9
D->valSize : 333
Solving...
Blb : 2 (clique : 14)
currentSize : 14 <-- 0.004215 s
currentSize : 17 <-- 0.017051 s
currentSize : 18 <-- 0.102491 s
currentSize : 19 <-- 0.172771 s
currentSize : 20 <-- 3.056058 s
currentSize : 21 <-- 44.454823 s
currentSize : 22 <-- 44.465393 s

maxsize : 22
nodes : 41603066.000000
filtered : 506592034.000000
time : 206.428101
