Parameters: GAD=1 vflib=1 dir=0 label=1 lowerbound=1 fileNameGp=../graphsdb/mcs30/bvg/b03/mcs30_b03_s70.A78 fileNameGt=../graphsdb/mcs30/bvg/b03/mcs30_b03_s70.B78
Reading graphs...
70 :  104
70 :  104
Initializing...
maxdom : 8
D->valSize : 297
Solving...
Blb : 2 (clique : 27)
currentSize : 27 <-- 0.004083 s
currentSize : 28 <-- 0.065199 s
currentSize : 29 <-- 31.826883 s
currentSize : 30 <-- 149.404465 s
currentSize : 31 <-- 174.355392 s
currentSize : 32 <-- 1668.482544 s

TIMEOUT
maxsize : 32
nodes : 949881580.000000
filtered : 4224257523.000000
time : 3600.000000
