Parameters: GAD=1 vflib=1 dir=0 label=1 lowerbound=1 fileNameGp=../graphsdb/mcs30/rand/r01/mcs30_r01_s50.A81 fileNameGt=../graphsdb/mcs30/rand/r01/mcs30_r01_s50.B81
Reading graphs...
50 :  232
50 :  227
Initializing...
maxdom : 9
D->valSize : 308
Solving...
Blb : 2 (clique : 11)
currentSize : 11 <-- 0.002166 s
currentSize : 12 <-- 0.003429 s
currentSize : 13 <-- 0.046705 s
currentSize : 14 <-- 0.301317 s
currentSize : 15 <-- 0.786461 s
currentSize : 16 <-- 0.815572 s

maxsize : 16
nodes : 2077692.000000
filtered : 28217132.000000
time : 8.835189
