Parameters: GAD=1 vflib=1 dir=0 label=1 lowerbound=1 fileNameGp=../graphsdb/mcs30/m3D/m3Dr4/mcs30_m3Dr4_s90.A43 fileNameGt=../graphsdb/mcs30/m3D/m3Dr4/mcs30_m3Dr4_s90.B43
Reading graphs...
90 :  242
90 :  241
Initializing...
maxdom : 10
D->valSize : 559
Solving...
Blb : 2 (clique : 27)
currentSize : 27 <-- 0.006634 s
currentSize : 28 <-- 0.799461 s
currentSize : 29 <-- 6.741752 s
currentSize : 30 <-- 52.635197 s
currentSize : 31 <-- 52.686237 s
currentSize : 32 <-- 735.828735 s

TIMEOUT
maxsize : 32
nodes : 781332878.000000
filtered : 6948263500.000000
time : 3600.000000
