Parameters: GAD=1 vflib=1 dir=0 label=1 lowerbound=1 fileNameGp=../graphsdb/mcs30/m3D/m3D/mcs30_m3D_s100.A43 fileNameGt=../graphsdb/mcs30/m3D/m3D/mcs30_m3D_s100.B43
Reading graphs...
100 :  234
100 :  233
Initializing...
maxdom : 7
D->valSize : 335
Solving...
Blb : 2 (clique : 28)
currentSize : 28 <-- 0.005683 s
currentSize : 29 <-- 0.012178 s
currentSize : 30 <-- 3.975578 s
currentSize : 31 <-- 5.365418 s
currentSize : 32 <-- 877.977600 s
currentSize : 33 <-- 1930.646484 s
currentSize : 34 <-- 2762.383789 s

TIMEOUT
maxsize : 34
nodes : 767819338.000000
filtered : 3412195246.000000
time : 3600.000000
