Parameters: GAD=1 vflib=1 dir=0 label=1 lowerbound=1 fileNameGp=../graphsdb/mcs30/m3D/m3Dr6/mcs30_m3Dr6_s90.A10 fileNameGt=../graphsdb/mcs30/m3D/m3Dr6/mcs30_m3Dr6_s90.B10
Reading graphs...
90 :  259
90 :  259
Initializing...
maxdom : 10
D->valSize : 522
Solving...
Blb : 2 (clique : 27)
currentSize : 27 <-- 0.006083 s
currentSize : 28 <-- 0.042716 s
currentSize : 29 <-- 1.191765 s
currentSize : 30 <-- 1.225304 s
currentSize : 31 <-- 30.764774 s
currentSize : 32 <-- 30.771896 s
currentSize : 33 <-- 41.463440 s
currentSize : 34 <-- 44.478493 s
currentSize : 35 <-- 265.532227 s

TIMEOUT
maxsize : 35
nodes : 642255347.000000
filtered : 5069237337.000000
time : 3600.000000
