Parameters: GAD=1 vflib=1 dir=0 label=1 lowerbound=1 fileNameGp=../graphsdb/mcs30/bvg/b03/mcs30_b03_s40.A23 fileNameGt=../graphsdb/mcs30/bvg/b03/mcs30_b03_s40.B23
Reading graphs...
40 :  60
40 :  60
Initializing...
maxdom : 8
D->valSize : 220
Solving...
Blb : 2 (clique : 17)
currentSize : 17 <-- 0.001387 s
currentSize : 18 <-- 0.004886 s
currentSize : 19 <-- 0.007753 s
currentSize : 20 <-- 0.205871 s
currentSize : 21 <-- 3.726484 s

maxsize : 21
nodes : 1402075.000000
filtered : 12999601.000000
time : 4.898211
