Parameters: GAD=1 vflib=1 dir=0 label=1 lowerbound=1 fileNameGp=../graphsdb/mcs30/m4D/m4Dr2/mcs30_m4Dr2_s50.A27 fileNameGt=../graphsdb/mcs30/m4D/m4Dr2/mcs30_m4Dr2_s50.B27
Reading graphs...
50 :  96
50 :  96
Initializing...
maxdom : 10
D->valSize : 324
Solving...
Blb : 2 (clique : 21)
currentSize : 21 <-- 0.003945 s
currentSize : 22 <-- 0.158996 s
currentSize : 23 <-- 40.020721 s
currentSize : 24 <-- 467.658966 s
currentSize : 25 <-- 1739.271729 s

maxsize : 25
nodes : 504712017.000000
filtered : 5006585657.000000
time : 1874.127563
