Parameters: GAD=1 vflib=1 dir=0 label=1 lowerbound=1 fileNameGp=../graphsdb/mcs30/m2D/m2D/mcs30_m2D_s50.A10 fileNameGt=../graphsdb/mcs30/m2D/m2D/mcs30_m2D_s50.B10
Reading graphs...
50 :  84
50 :  85
Initializing...
maxdom : 11
D->valSize : 339
Solving...
Blb : 2 (clique : 20)
currentSize : 20 <-- 0.002585 s
currentSize : 21 <-- 0.002704 s
currentSize : 22 <-- 0.003845 s
currentSize : 23 <-- 2.266754 s
currentSize : 24 <-- 34.635174 s
currentSize : 25 <-- 1925.671875 s

maxsize : 25
nodes : 563523123.000000
filtered : 6523739436.000000
time : 2157.368408
