Parameters: GAD=1 vflib=1 dir=0 label=1 lowerbound=1 fileNameGp=../graphsdb/mcs30/rand/r01/mcs30_r01_s90.A73 fileNameGt=../graphsdb/mcs30/rand/r01/mcs30_r01_s90.B73
Reading graphs...
90 :  762
90 :  759
Initializing...
maxdom : 11
D->valSize : 502
Solving...
Blb : 2 (clique : 16)
currentSize : 16 <-- 0.005472 s
currentSize : 18 <-- 0.005626 s
currentSize : 19 <-- 0.005768 s
currentSize : 20 <-- 0.009254 s
currentSize : 21 <-- 2.748877 s
currentSize : 22 <-- 11.901683 s
currentSize : 24 <-- 27.164738 s
currentSize : 26 <-- 38.607742 s

maxsize : 26
nodes : 14450834.000000
filtered : 262920430.000000
time : 94.047569
