Parameters: GAD=1 vflib=1 dir=0 label=1 lowerbound=1 fileNameGp=../graphsdb/mcs30/m3D/m3Dr4/mcs30_m3Dr4_s90.A70 fileNameGt=../graphsdb/mcs30/m3D/m3Dr4/mcs30_m3Dr4_s90.B70
Reading graphs...
90 :  241
90 :  241
Initializing...
maxdom : 13
D->valSize : 540
Solving...
Blb : 2 (clique : 30)
currentSize : 30 <-- 0.010481 s
currentSize : 31 <-- 0.010911 s
currentSize : 32 <-- 0.012267 s
currentSize : 33 <-- 0.065520 s
currentSize : 34 <-- 0.205833 s
currentSize : 35 <-- 1.549074 s

TIMEOUT
maxsize : 35
nodes : 653976306.000000
filtered : 5840519564.000000
time : 3600.000000
