Parameters: GAD=1 vflib=1 dir=0 label=1 lowerbound=1 fileNameGp=../graphsdb/mcs30/bvg/b06/mcs30_b06_s90.A53 fileNameGt=../graphsdb/mcs30/bvg/b06/mcs30_b06_s90.B53
Reading graphs...
90 :  267
90 :  268
Initializing...
maxdom : 8
D->valSize : 543
Solving...
Blb : 2 (clique : 23)
currentSize : 23 <-- 0.010026 s
currentSize : 27 <-- 0.010331 s
currentSize : 28 <-- 0.010859 s
currentSize : 29 <-- 0.011669 s
currentSize : 30 <-- 0.869861 s
currentSize : 31 <-- 1.708558 s

TIMEOUT
maxsize : 31
nodes : 683593055.000000
filtered : 6748990622.000000
time : 3600.000000
