Parameters: GAD=1 vflib=1 dir=0 label=1 lowerbound=1 fileNameGp=../graphsdb/mcs30/m3D/m3Dr4/mcs30_m3Dr4_s40.A70 fileNameGt=../graphsdb/mcs30/m3D/m3Dr4/mcs30_m3Dr4_s40.B70
Reading graphs...
40 :  95
40 :  97
Initializing...
maxdom : 9
D->valSize : 205
Solving...
Blb : 2 (clique : 12)
currentSize : 12 <-- 0.001294 s
currentSize : 13 <-- 0.001504 s
currentSize : 14 <-- 0.004074 s
currentSize : 15 <-- 0.004134 s
currentSize : 16 <-- 0.022970 s

maxsize : 16
nodes : 505183.000000
filtered : 4582254.000000
time : 1.793435
