Parameters: GAD=1 vflib=1 dir=0 label=1 lowerbound=1 fileNameGp=../graphsdb/mcs30/rand/r02/mcs30_r02_s80.A66 fileNameGt=../graphsdb/mcs30/rand/r02/mcs30_r02_s80.B66
Reading graphs...
80 :  1116
80 :  1118
Initializing...
maxdom : 7
D->valSize : 406
Solving...
Blb : 2 (clique : 7)
currentSize : 7 <-- 0.003594 s
currentSize : 8 <-- 0.003683 s
currentSize : 10 <-- 0.003966 s
currentSize : 14 <-- 0.004829 s
currentSize : 23 <-- 0.019994 s

maxsize : 23
nodes : 20216.000000
filtered : 604226.000000
time : 0.149823
