Parameters: GAD=1 vflib=1 dir=0 label=1 lowerbound=1 fileNameGp=../graphsdb/mcs30/bvg/b03/mcs30_b03_s40.A37 fileNameGt=../graphsdb/mcs30/bvg/b03/mcs30_b03_s40.B37
Reading graphs...
40 :  59
40 :  59
Initializing...
maxdom : 9
D->valSize : 208
Solving...
Blb : 2 (clique : 13)
currentSize : 13 <-- 0.001907 s
currentSize : 14 <-- 0.005917 s
currentSize : 15 <-- 0.085078 s
currentSize : 16 <-- 0.319817 s
currentSize : 17 <-- 3.502831 s

maxsize : 17
nodes : 2365373.000000
filtered : 23252698.000000
time : 7.590646
