Parameters: GAD=1 vflib=1 dir=0 label=1 lowerbound=1 fileNameGp=../graphsdb/mcs30/m2D/m2D/mcs30_m2D_s80.A89 fileNameGt=../graphsdb/mcs30/m2D/m2D/mcs30_m2D_s80.B89
Reading graphs...
80 :  142
80 :  142
Initializing...
maxdom : 9
D->valSize : 420
Solving...
Blb : 2 (clique : 34)
currentSize : 34 <-- 0.004153 s
currentSize : 35 <-- 0.004431 s
currentSize : 36 <-- 0.619024 s
currentSize : 37 <-- 14.188422 s
currentSize : 38 <-- 14.455035 s
currentSize : 39 <-- 1226.686523 s

TIMEOUT
maxsize : 39
nodes : 757634736.000000
filtered : 5731797402.000000
time : 3600.000000
