Parameters: GAD=1 vflib=1 dir=0 label=1 lowerbound=1 fileNameGp=../graphsdb/mcs30/rand/r02/mcs30_r02_s100.A21 fileNameGt=../graphsdb/mcs30/rand/r02/mcs30_r02_s100.B21
Reading graphs...
100 :  1783
100 :  1760
Initializing...
maxdom : 7
D->valSize : 326
Solving...
Blb : 2 (clique : 10)
currentSize : 10 <-- 0.003187 s
currentSize : 11 <-- 0.019746 s
currentSize : 12 <-- 0.020872 s
currentSize : 16 <-- 0.037714 s
currentSize : 26 <-- 0.066680 s

maxsize : 26
nodes : 47268.000000
filtered : 558085.000000
time : 0.294400
