Parameters: GAD=1 vflib=1 dir=0 label=1 lowerbound=1 fileNameGp=../graphsdb/mcs30/m2D/m2Dr6/mcs30_m2Dr6_s90.A90 fileNameGt=../graphsdb/mcs30/m2D/m2Dr6/mcs30_m2Dr6_s90.B90
Reading graphs...
90 :  213
90 :  210
Initializing...
maxdom : 11
D->valSize : 546
Solving...
Blb : 2 (clique : 30)
currentSize : 30 <-- 0.010720 s
currentSize : 31 <-- 0.011112 s
currentSize : 32 <-- 0.011315 s
currentSize : 33 <-- 0.011911 s
currentSize : 34 <-- 0.208941 s
currentSize : 35 <-- 225.408859 s
currentSize : 36 <-- 245.155502 s
currentSize : 37 <-- 1564.966309 s

TIMEOUT
maxsize : 37
nodes : 691777340.000000
filtered : 4811414607.000000
time : 3600.000000
