Parameters: GAD=1 vflib=1 dir=0 label=1 lowerbound=1 fileNameGp=../graphsdb/mcs30/rand/r005/mcs30_r005_s70.A29 fileNameGt=../graphsdb/mcs30/rand/r005/mcs30_r005_s70.B29
Reading graphs...
70 :  232
70 :  233
Initializing...
maxdom : 9
D->valSize : 347
Solving...
Blb : 2 (clique : 19)
currentSize : 19 <-- 0.004612 s
currentSize : 20 <-- 0.004831 s
currentSize : 21 <-- 0.014335 s
currentSize : 22 <-- 0.055584 s
currentSize : 23 <-- 0.058533 s
currentSize : 24 <-- 0.161844 s
currentSize : 25 <-- 0.304761 s

TIMEOUT
maxsize : 25
nodes : 746810883.000000
filtered : 7983964457.000000
time : 3600.000000
