Parameters: GAD=1 vflib=1 dir=0 label=1 lowerbound=1 fileNameGp=../graphsdb/mcs30/rand/r005/mcs30_r005_s40.A22 fileNameGt=../graphsdb/mcs30/rand/r005/mcs30_r005_s40.B22
Reading graphs...
40 :  82
40 :  80
Initializing...
maxdom : 9
D->valSize : 199
Solving...
Blb : 2 (clique : 14)
currentSize : 14 <-- 0.001248 s
currentSize : 15 <-- 0.003966 s
currentSize : 16 <-- 0.004152 s
currentSize : 17 <-- 0.005520 s
currentSize : 18 <-- 0.039806 s
currentSize : 19 <-- 1.389237 s

maxsize : 19
nodes : 1501887.000000
filtered : 12755780.000000
time : 5.187773
