Parameters: GAD=1 vflib=1 dir=0 label=1 lowerbound=1 fileNameGp=../graphsdb/mcs30/bvg/b09/mcs30_b09_s80.A31 fileNameGt=../graphsdb/mcs30/bvg/b09/mcs30_b09_s80.B31
Reading graphs...
80 :  356
80 :  351
Initializing...
maxdom : 8
D->valSize : 426
Solving...
Blb : 2 (clique : 24)
currentSize : 24 <-- 0.004026 s
currentSize : 25 <-- 0.004244 s
currentSize : 26 <-- 0.067957 s
currentSize : 27 <-- 0.091904 s
currentSize : 28 <-- 0.821651 s
currentSize : 29 <-- 319.660065 s

maxsize : 29
nodes : 452737408.000000
filtered : 6421870575.000000
time : 2765.442139
