Parameters: GAD=1 vflib=1 dir=0 label=1 lowerbound=1 fileNameGp=../graphsdb/mcs30/m3D/m3Dr6/mcs30_m3Dr6_s40.A42 fileNameGt=../graphsdb/mcs30/m3D/m3Dr6/mcs30_m3Dr6_s40.B42
Reading graphs...
40 :  105
40 :  104
Initializing...
maxdom : 6
D->valSize : 207
Solving...
Blb : 2 (clique : 11)
currentSize : 11 <-- 0.001803 s
currentSize : 12 <-- 0.003043 s
currentSize : 13 <-- 0.016050 s
currentSize : 14 <-- 0.145677 s
currentSize : 15 <-- 1.992854 s
currentSize : 16 <-- 1.994504 s

maxsize : 16
nodes : 1753698.000000
filtered : 15799928.000000
time : 6.049699
