Parameters: GAD=1 vflib=1 dir=0 label=1 lowerbound=1 fileNameGp=../graphsdb/mcs30/bvg/b09/mcs30_b09_s50.A21 fileNameGt=../graphsdb/mcs30/bvg/b09/mcs30_b09_s50.B21
Reading graphs...
50 :  217
50 :  221
Initializing...
maxdom : 11
D->valSize : 307
Solving...
Blb : 2 (clique : 9)
currentSize : 9 <-- 0.002300 s
currentSize : 11 <-- 0.002383 s
currentSize : 12 <-- 0.003885 s
currentSize : 13 <-- 0.040873 s
currentSize : 14 <-- 0.396880 s
currentSize : 15 <-- 0.589873 s
currentSize : 16 <-- 0.625338 s
currentSize : 17 <-- 1.163332 s

maxsize : 17
nodes : 1027355.000000
filtered : 15227915.000000
time : 4.350058
