Parameters: GAD=1 vflib=1 dir=0 label=1 lowerbound=1 fileNameGp=../graphsdb/mcs30/m2D/m2D/mcs30_m2D_s90.A19 fileNameGt=../graphsdb/mcs30/m2D/m2D/mcs30_m2D_s90.B19
Reading graphs...
90 :  161
90 :  158
Initializing...
maxdom : 12
D->valSize : 541
Solving...
Blb : 2 (clique : 30)
currentSize : 30 <-- 0.006303 s
currentSize : 31 <-- 0.006540 s
currentSize : 32 <-- 1.755545 s
currentSize : 33 <-- 154.160065 s
currentSize : 34 <-- 203.227234 s
currentSize : 35 <-- 216.262283 s
currentSize : 36 <-- 216.263977 s
currentSize : 37 <-- 576.424438 s
currentSize : 38 <-- 2088.553223 s

TIMEOUT
maxsize : 38
nodes : 741751340.000000
filtered : 5593853544.000000
time : 3600.000000
