Parameters: GAD=1 vflib=1 dir=0 label=1 lowerbound=1 fileNameGp=../graphsdb/mcs30/m4D/m4Dr6/mcs30_m4Dr6_s50.A67 fileNameGt=../graphsdb/mcs30/m4D/m4Dr6/mcs30_m4Dr6_s50.B67
Reading graphs...
50 :  111
50 :  113
Initializing...
maxdom : 9
D->valSize : 320
Solving...
Blb : 2 (clique : 19)
currentSize : 19 <-- 0.003788 s
currentSize : 20 <-- 0.083423 s
currentSize : 21 <-- 0.346673 s
currentSize : 22 <-- 7.600767 s
currentSize : 23 <-- 7.603189 s

maxsize : 23
nodes : 70521315.000000
filtered : 910335451.000000
time : 304.180786
