Parameters: GAD=1 vflib=1 dir=0 label=1 lowerbound=1 fileNameGp=../graphsdb/mcs30/m2D/m2Dr6/mcs30_m2Dr6_s60.A86 fileNameGt=../graphsdb/mcs30/m2D/m2Dr6/mcs30_m2Dr6_s60.B86
Reading graphs...
60 :  137
60 :  133
Initializing...
maxdom : 7
D->valSize : 248
Solving...
Blb : 2 (clique : 19)
currentSize : 19 <-- 0.001748 s
currentSize : 20 <-- 0.002152 s
currentSize : 21 <-- 0.002413 s
currentSize : 22 <-- 0.244121 s
currentSize : 23 <-- 7.877943 s
currentSize : 24 <-- 59.547352 s

maxsize : 24
nodes : 69321046.000000
filtered : 635693138.000000
time : 287.884857
