Parameters: GAD=1 vflib=1 dir=0 label=1 lowerbound=1 fileNameGp=../graphsdb/mcs30/m3D/m3Dr2/mcs30_m3Dr2_s90.A54 fileNameGt=../graphsdb/mcs30/m3D/m3Dr2/mcs30_m3Dr2_s90.B54
Reading graphs...
90 :  224
90 :  223
Initializing...
maxdom : 12
D->valSize : 587
Solving...
Blb : 2 (clique : 27)
currentSize : 27 <-- 0.007023 s
currentSize : 28 <-- 8.760176 s
currentSize : 29 <-- 19.949116 s
currentSize : 30 <-- 69.776886 s
currentSize : 31 <-- 149.055557 s
currentSize : 32 <-- 589.541443 s

TIMEOUT
maxsize : 32
nodes : 790951770.000000
filtered : 6322385797.000000
time : 3600.000000
