Parameters: GAD=1 vflib=1 dir=0 label=1 lowerbound=1 fileNameGp=../graphsdb/mcs30/m2D/m2Dr6/mcs30_m2Dr6_s100.A04 fileNameGt=../graphsdb/mcs30/m2D/m2Dr6/mcs30_m2Dr6_s100.B04
Reading graphs...
100 :  238
100 :  236
Initializing...
maxdom : 7
D->valSize : 328
Solving...
Blb : 2 (clique : 27)
currentSize : 27 <-- 0.003416 s
currentSize : 29 <-- 0.003680 s
currentSize : 30 <-- 0.004072 s
currentSize : 31 <-- 1.261377 s
currentSize : 32 <-- 27.820047 s
currentSize : 33 <-- 2165.858154 s

TIMEOUT
maxsize : 33
nodes : 714518923.000000
filtered : 4122273726.000000
time : 3600.000000
