Parameters: GAD=1 vflib=1 dir=0 label=1 lowerbound=1 fileNameGp=../graphsdb/mcs30/m2D/m2D/mcs30_m2D_s90.A00 fileNameGt=../graphsdb/mcs30/m2D/m2D/mcs30_m2D_s90.B00
Reading graphs...
90 :  161
90 :  161
Initializing...
maxdom : 9
D->valSize : 515
Solving...
Blb : 2 (clique : 33)
currentSize : 33 <-- 0.005805 s
currentSize : 34 <-- 0.307824 s
currentSize : 35 <-- 85.558319 s
currentSize : 36 <-- 177.528290 s
currentSize : 37 <-- 177.528610 s
currentSize : 38 <-- 183.404358 s
currentSize : 39 <-- 365.712402 s

TIMEOUT
maxsize : 39
nodes : 778921725.000000
filtered : 4938989997.000000
time : 3600.000000
