Parameters: GAD=1 vflib=1 dir=0 label=1 lowerbound=1 fileNameGp=../graphsdb/mcs30/m4D/m4Dr2/mcs30_m4Dr2_s90.A46 fileNameGt=../graphsdb/mcs30/m4D/m4Dr2/mcs30_m4Dr2_s90.B46
Reading graphs...
90 :  163
90 :  163
Initializing...
maxdom : 11
D->valSize : 463
Solving...
Blb : 2 (clique : 31)
currentSize : 31 <-- 0.004945 s
currentSize : 33 <-- 0.005175 s
currentSize : 34 <-- 0.023100 s
currentSize : 35 <-- 0.088509 s
currentSize : 36 <-- 8.100564 s
currentSize : 37 <-- 566.638000 s

TIMEOUT
maxsize : 37
nodes : 845388323.000000
filtered : 5956961577.000000
time : 3600.000000
