Parameters: GAD=1 vflib=1 dir=0 label=1 lowerbound=1 fileNameGp=../graphsdb/mcs30/rand/r02/mcs30_r02_s80.A64 fileNameGt=../graphsdb/mcs30/rand/r02/mcs30_r02_s80.B64
Reading graphs...
80 :  1118
80 :  1144
Initializing...
maxdom : 9
D->valSize : 426
Solving...
Blb : 2 (clique : 7)
currentSize : 7 <-- 0.003926 s
currentSize : 8 <-- 0.004005 s
currentSize : 9 <-- 0.004668 s
currentSize : 10 <-- 0.006320 s
currentSize : 11 <-- 0.006446 s
currentSize : 12 <-- 0.016939 s
currentSize : 13 <-- 0.016983 s
currentSize : 14 <-- 0.033478 s
currentSize : 17 <-- 0.035688 s
currentSize : 18 <-- 0.077084 s
currentSize : 19 <-- 0.116769 s
currentSize : 20 <-- 0.172433 s

maxsize : 20
nodes : 66508.000000
filtered : 1522967.000000
time : 0.425099
