Parameters: GAD=1 vflib=1 dir=0 label=1 lowerbound=1 fileNameGp=../graphsdb/mcs30/m3D/m3Dr4/mcs30_m3Dr4_s100.A76 fileNameGt=../graphsdb/mcs30/m3D/m3Dr4/mcs30_m3Dr4_s100.B76
Reading graphs...
100 :  270
100 :  268
Initializing...
maxdom : 7
D->valSize : 330
Solving...
Blb : 2 (clique : 31)
currentSize : 31 <-- 0.003384 s
currentSize : 32 <-- 0.005836 s
currentSize : 33 <-- 3.808245 s
currentSize : 34 <-- 10.360174 s
currentSize : 35 <-- 56.566952 s
currentSize : 36 <-- 389.770935 s

TIMEOUT
maxsize : 36
nodes : 655039523.000000
filtered : 4158116834.000000
time : 3600.000000
