Parameters: GAD=1 vflib=1 dir=0 label=1 lowerbound=1 fileNameGp=../graphsdb/mcs30/bvg/b09m/mcs30_b09m_s100.A16 fileNameGt=../graphsdb/mcs30/bvg/b09m/mcs30_b09m_s100.B16
Reading graphs...
100 :  440
100 :  442
Initializing...
maxdom : 6
D->valSize : 312
Solving...
Blb : 3 (clique : 23)
currentSize : 23 <-- 0.002979 s
currentSize : 24 <-- 0.004653 s
currentSize : 25 <-- 2.192404 s
currentSize : 26 <-- 5.665534 s
currentSize : 27 <-- 11.972354 s
currentSize : 28 <-- 11.973074 s
currentSize : 29 <-- 12.138379 s
currentSize : 30 <-- 28.809652 s
currentSize : 31 <-- 74.760757 s
currentSize : 32 <-- 74.767159 s

maxsize : 32
nodes : 389236731.000000
filtered : 2019626346.000000
time : 2035.102051
