Parameters: GAD=1 vflib=1 dir=0 label=1 lowerbound=1 fileNameGp=../graphsdb/mcs30/m3D/m3Dr4/mcs30_m3Dr4_s80.A17 fileNameGt=../graphsdb/mcs30/m3D/m3Dr4/mcs30_m3Dr4_s80.B17
Reading graphs...
80 :  213
80 :  212
Initializing...
maxdom : 7
D->valSize : 397
Solving...
Blb : 2 (clique : 22)
currentSize : 22 <-- 0.003860 s
currentSize : 24 <-- 0.004019 s
currentSize : 25 <-- 0.004121 s
currentSize : 26 <-- 0.004292 s
currentSize : 27 <-- 0.029375 s
currentSize : 28 <-- 0.047780 s
currentSize : 29 <-- 0.047850 s
currentSize : 30 <-- 7.529013 s
currentSize : 31 <-- 11.664944 s
currentSize : 32 <-- 22.098269 s
currentSize : 34 <-- 134.025070 s

TIMEOUT
maxsize : 34
nodes : 667430064.000000
filtered : 6138144866.000000
time : 3600.000000
