Parameters: GAD=1 vflib=1 dir=0 label=1 lowerbound=1 fileNameGp=../graphsdb/mcs30/bvg/b09/mcs30_b09_s90.A99 fileNameGt=../graphsdb/mcs30/bvg/b09/mcs30_b09_s90.B99
Reading graphs...
90 :  399
90 :  398
Initializing...
maxdom : 10
D->valSize : 549
Solving...
Blb : 2 (clique : 21)
currentSize : 21 <-- 0.011553 s
currentSize : 22 <-- 8.842660 s
currentSize : 23 <-- 8.852797 s
currentSize : 24 <-- 37.224335 s
currentSize : 25 <-- 123.136185 s
currentSize : 26 <-- 123.291611 s
currentSize : 27 <-- 123.291649 s
currentSize : 28 <-- 123.291954 s
currentSize : 29 <-- 609.190674 s

TIMEOUT
maxsize : 29
nodes : 607758799.000000
filtered : 8098023634.000000
time : 3600.000000
