Parameters: GAD=1 vflib=1 dir=0 label=1 lowerbound=1 fileNameGp=../graphsdb/mcs30/m3D/m3Dr2/mcs30_m3Dr2_s70.A58 fileNameGt=../graphsdb/mcs30/m3D/m3Dr2/mcs30_m3Dr2_s70.B58
Reading graphs...
70 :  172
70 :  169
Initializing...
maxdom : 8
D->valSize : 320
Solving...
Blb : 3 (clique : 23)
currentSize : 23 <-- 0.002677 s
currentSize : 24 <-- 1.284275 s
currentSize : 25 <-- 56.248291 s
currentSize : 26 <-- 56.250584 s
currentSize : 27 <-- 72.225296 s
currentSize : 28 <-- 353.490112 s
currentSize : 29 <-- 608.425720 s
currentSize : 30 <-- 793.492554 s
currentSize : 31 <-- 793.522888 s

maxsize : 31
nodes : 325165391.000000
filtered : 2525029835.000000
time : 1527.779663
