Parameters: GAD=1 vflib=1 dir=0 label=1 lowerbound=1 fileNameGp=../graphsdb/mcs30/m2D/m2Dr4/mcs30_m2Dr4_s60.A03 fileNameGt=../graphsdb/mcs30/m2D/m2Dr4/mcs30_m2Dr4_s60.B03
Reading graphs...
60 :  126
60 :  127
Initializing...
maxdom : 6
D->valSize : 247
Solving...
Blb : 2 (clique : 19)
currentSize : 19 <-- 0.002098 s
currentSize : 20 <-- 0.002205 s
currentSize : 21 <-- 0.003520 s
currentSize : 22 <-- 1.398921 s
currentSize : 23 <-- 1.417687 s
currentSize : 24 <-- 62.973137 s
currentSize : 25 <-- 186.120636 s
currentSize : 26 <-- 217.945740 s

maxsize : 26
nodes : 77582681.000000
filtered : 559620596.000000
time : 326.309174
