Parameters: GAD=1 vflib=1 dir=0 label=1 lowerbound=1 fileNameGp=../graphsdb/mcs30/m4D/m4Dr4/mcs30_m4Dr4_s90.A21 fileNameGt=../graphsdb/mcs30/m4D/m4Dr4/mcs30_m4Dr4_s90.B21
Reading graphs...
90 :  181
90 :  181
Initializing...
maxdom : 10
D->valSize : 532
Solving...
Blb : 2 (clique : 33)
currentSize : 33 <-- 0.006134 s
currentSize : 34 <-- 0.009532 s
currentSize : 35 <-- 0.073087 s
currentSize : 36 <-- 4.279778 s
currentSize : 37 <-- 13.168280 s
currentSize : 38 <-- 14.126754 s
currentSize : 39 <-- 3562.646973 s
currentSize : 40 <-- 3562.672852 s

TIMEOUT
maxsize : 40
nodes : 717930485.000000
filtered : 5964212948.000000
time : 3600.000000
