Parameters: GAD=1 vflib=1 dir=0 label=1 lowerbound=1 fileNameGp=../graphsdb/mcs30/rand/r01/mcs30_r01_s80.A50 fileNameGt=../graphsdb/mcs30/rand/r01/mcs30_r01_s80.B50
Reading graphs...
80 :  591
80 :  598
Initializing...
maxdom : 9
D->valSize : 443
Solving...
Blb : 2 (clique : 12)
currentSize : 12 <-- 0.004136 s
currentSize : 13 <-- 0.004315 s
currentSize : 14 <-- 0.005615 s
currentSize : 15 <-- 0.132216 s
currentSize : 16 <-- 0.330047 s
currentSize : 17 <-- 4.676022 s
currentSize : 18 <-- 8.831852 s
currentSize : 19 <-- 40.859524 s
currentSize : 20 <-- 42.723846 s
currentSize : 21 <-- 43.189228 s
currentSize : 22 <-- 60.164776 s
currentSize : 23 <-- 60.164883 s

maxsize : 23
nodes : 16024464.000000
filtered : 236230529.000000
time : 88.368523
