Parameters: GAD=1 vflib=1 dir=0 label=1 lowerbound=1 fileNameGp=../graphsdb/mcs30/m3D/m3Dr2/mcs30_m3Dr2_s100.A01 fileNameGt=../graphsdb/mcs30/m3D/m3Dr2/mcs30_m3Dr2_s100.B01
Reading graphs...
100 :  250
100 :  252
Initializing...
maxdom : 6
D->valSize : 322
Solving...
Blb : 2 (clique : 27)
currentSize : 27 <-- 0.003394 s
currentSize : 28 <-- 0.003609 s
currentSize : 29 <-- 0.003727 s
currentSize : 30 <-- 0.092362 s
currentSize : 31 <-- 0.095748 s
currentSize : 32 <-- 1.399361 s
currentSize : 33 <-- 1.830386 s
currentSize : 34 <-- 357.328094 s

TIMEOUT
maxsize : 34
nodes : 678714089.000000
filtered : 3736231068.000000
time : 3600.000000
