Parameters: GAD=1 vflib=1 dir=0 label=1 lowerbound=1 fileNameGp=../graphsdb/mcs30/bvg/b06m/mcs30_b06m_s35.A08 fileNameGt=../graphsdb/mcs30/bvg/b06m/mcs30_b06m_s35.B08
Reading graphs...
35 :  99
35 :  99
Initializing...
maxdom : 7
D->valSize : 152
Solving...
Blb : 2 (clique : 9)
currentSize : 9 <-- 0.000883 s
currentSize : 11 <-- 0.000931 s
currentSize : 12 <-- 0.015487 s
currentSize : 13 <-- 0.056674 s
currentSize : 14 <-- 0.181063 s

maxsize : 14
nodes : 89202.000000
filtered : 785101.000000
time : 0.267015
