Parameters: GAD=1 vflib=1 dir=0 label=1 lowerbound=1 fileNameGp=../graphsdb/mcs30/m2D/m2D/mcs30_m2D_s60.A02 fileNameGt=../graphsdb/mcs30/m2D/m2D/mcs30_m2D_s60.B02
Reading graphs...
60 :  104
60 :  102
Initializing...
maxdom : 6
D->valSize : 230
Solving...
Blb : 2 (clique : 23)
currentSize : 23 <-- 0.001956 s
currentSize : 24 <-- 0.002083 s
currentSize : 25 <-- 0.246955 s
currentSize : 26 <-- 13.868086 s
currentSize : 27 <-- 13.878817 s
currentSize : 28 <-- 617.299438 s

maxsize : 28
nodes : 228845828.000000
filtered : 1465326366.000000
time : 915.143616
