Parameters: GAD=1 vflib=1 dir=0 label=1 lowerbound=1 fileNameGp=../graphsdb/mcs30/rand/r01/mcs30_r01_s50.A30 fileNameGt=../graphsdb/mcs30/rand/r01/mcs30_r01_s50.B30
Reading graphs...
50 :  229
50 :  232
Initializing...
maxdom : 10
D->valSize : 326
Solving...
Blb : 2 (clique : 12)
currentSize : 12 <-- 0.002412 s
currentSize : 13 <-- 0.002555 s
currentSize : 14 <-- 0.009446 s
currentSize : 15 <-- 0.046127 s
currentSize : 16 <-- 0.121492 s

maxsize : 16
nodes : 2751150.000000
filtered : 36442407.000000
time : 11.612946
