Parameters: GAD=1 vflib=1 dir=0 label=1 lowerbound=1 fileNameGp=../graphsdb/mcs30/rand/r005/mcs30_r005_s80.A90 fileNameGt=../graphsdb/mcs30/rand/r005/mcs30_r005_s80.B90
Reading graphs...
80 :  309
80 :  309
Initializing...
maxdom : 8
D->valSize : 417
Solving...
Blb : 2 (clique : 19)
currentSize : 19 <-- 0.004165 s
currentSize : 20 <-- 0.004471 s
currentSize : 21 <-- 0.006363 s
currentSize : 22 <-- 0.007220 s
currentSize : 23 <-- 0.660514 s
currentSize : 24 <-- 5.146359 s
currentSize : 25 <-- 8.499364 s
currentSize : 26 <-- 52.453167 s
currentSize : 27 <-- 1031.301025 s

TIMEOUT
maxsize : 27
nodes : 718517414.000000
filtered : 6749703208.000000
time : 3600.000000
