Parameters: GAD=1 vflib=1 dir=0 label=1 lowerbound=1 fileNameGp=../graphsdb/mcs30/bvg/b06m/mcs30_b06m_s70.A76 fileNameGt=../graphsdb/mcs30/bvg/b06m/mcs30_b06m_s70.B76
Reading graphs...
70 :  207
70 :  200
Initializing...
maxdom : 8
D->valSize : 312
Solving...
Blb : 2 (clique : 21)
currentSize : 21 <-- 0.004086 s
currentSize : 22 <-- 0.194303 s
currentSize : 23 <-- 1.902375 s
currentSize : 24 <-- 1.902643 s
currentSize : 25 <-- 2.018203 s
currentSize : 26 <-- 122.241753 s
currentSize : 27 <-- 122.881676 s
currentSize : 28 <-- 328.766632 s
currentSize : 29 <-- 328.804474 s

maxsize : 29
nodes : 156474653.000000
filtered : 1722482155.000000
time : 770.158203
