Parameters: GAD=1 vflib=1 dir=0 label=1 lowerbound=1 fileNameGp=../graphsdb/mcs30/bvg/b09/mcs30_b09_s60.A30 fileNameGt=../graphsdb/mcs30/bvg/b09/mcs30_b09_s60.B30
Reading graphs...
60 :  266
60 :  265
Initializing...
maxdom : 9
D->valSize : 232
Solving...
Blb : 2 (clique : 12)
currentSize : 12 <-- 0.002476 s
currentSize : 13 <-- 0.002722 s
currentSize : 14 <-- 0.007268 s
currentSize : 15 <-- 0.327993 s
currentSize : 16 <-- 0.328277 s
currentSize : 17 <-- 3.179050 s
currentSize : 18 <-- 3.471186 s
currentSize : 19 <-- 5.621319 s
currentSize : 20 <-- 8.272448 s

maxsize : 20
nodes : 2123660.000000
filtered : 15889379.000000
time : 8.983921
