Parameters: GAD=1 vflib=1 dir=0 label=1 lowerbound=1 fileNameGp=../graphsdb/mcs30/rand/r01/mcs30_r01_s60.A76 fileNameGt=../graphsdb/mcs30/rand/r01/mcs30_r01_s60.B76
Reading graphs...
60 :  342
60 :  342
Initializing...
maxdom : 8
D->valSize : 230
Solving...
Blb : 2 (clique : 11)
currentSize : 11 <-- 0.001529 s
currentSize : 12 <-- 0.005357 s
currentSize : 13 <-- 0.008199 s
currentSize : 15 <-- 0.019715 s
currentSize : 18 <-- 0.181674 s

maxsize : 18
nodes : 112995.000000
filtered : 1334765.000000
time : 0.514489
