Parameters: GAD=1 vflib=1 dir=0 label=1 lowerbound=1 fileNameGp=../graphsdb/mcs30/rand/r02/mcs30_r02_s50.A82 fileNameGt=../graphsdb/mcs30/rand/r02/mcs30_r02_s50.B82
Reading graphs...
50 :  435
50 :  454
Initializing...
maxdom : 11
D->valSize : 354
Solving...
Blb : 5 (clique : 8)
currentSize : 8 <-- 0.002547 s
currentSize : 9 <-- 0.014425 s
currentSize : 10 <-- 0.029022 s
currentSize : 11 <-- 0.049061 s
currentSize : 12 <-- 0.051602 s
currentSize : 13 <-- 0.079195 s
currentSize : 14 <-- 0.079237 s

maxsize : 14
nodes : 37296.000000
filtered : 760377.000000
time : 0.177161
