Parameters: GAD=1 vflib=1 dir=0 label=1 lowerbound=1 fileNameGp=../graphsdb/mcs30/bvg/b06m/mcs30_b06m_s100.A33 fileNameGt=../graphsdb/mcs30/bvg/b06m/mcs30_b06m_s100.B33
Reading graphs...
100 :  296
100 :  295
Initializing...
maxdom : 7
D->valSize : 340
Solving...
Blb : 3 (clique : 29)
currentSize : 29 <-- 0.005482 s
currentSize : 30 <-- 0.019103 s
currentSize : 31 <-- 0.019857 s
currentSize : 32 <-- 0.276049 s
currentSize : 33 <-- 13.692674 s
currentSize : 34 <-- 22.182161 s

TIMEOUT
maxsize : 34
nodes : 660229620.000000
filtered : 4113513370.000000
time : 3600.000000
