Parameters: GAD=1 vflib=1 dir=0 label=1 lowerbound=1 fileNameGp=../graphsdb/mcs30/m4D/m4Dr4/mcs30_m4Dr4_s70.A77 fileNameGt=../graphsdb/mcs30/m4D/m4Dr4/mcs30_m4Dr4_s70.B77
Reading graphs...
70 :  145
70 :  142
Initializing...
maxdom : 7
D->valSize : 314
Solving...
Blb : 2 (clique : 21)
currentSize : 21 <-- 0.002672 s
currentSize : 22 <-- 0.003184 s
currentSize : 23 <-- 0.008191 s
currentSize : 24 <-- 0.042919 s
currentSize : 25 <-- 0.099057 s
currentSize : 26 <-- 0.192951 s
currentSize : 27 <-- 174.870224 s
currentSize : 28 <-- 177.519028 s

TIMEOUT
maxsize : 28
nodes : 906971625.000000
filtered : 6778833060.000000
time : 3600.000000
