Parameters: GAD=1 vflib=1 dir=0 label=1 lowerbound=1 fileNameGp=../graphsdb/mcs30/m3D/m3D/mcs30_m3D_s90.A54 fileNameGt=../graphsdb/mcs30/m3D/m3D/mcs30_m3D_s90.B54
Reading graphs...
90 :  208
90 :  205
Initializing...
maxdom : 14
D->valSize : 568
Solving...
Blb : 2 (clique : 28)
currentSize : 28 <-- 0.006820 s
currentSize : 29 <-- 0.022473 s
currentSize : 30 <-- 0.478331 s
currentSize : 31 <-- 0.742698 s
currentSize : 32 <-- 0.742833 s
currentSize : 33 <-- 25.849018 s
currentSize : 34 <-- 25.854553 s
currentSize : 35 <-- 59.929916 s

TIMEOUT
maxsize : 35
nodes : 729506650.000000
filtered : 6599998858.000000
time : 3600.000000
