Parameters: GAD=1 vflib=1 dir=0 label=1 lowerbound=1 fileNameGp=../graphsdb/mcs30/bvg/b06/mcs30_b06_s100.A68 fileNameGt=../graphsdb/mcs30/bvg/b06/mcs30_b06_s100.B68
Reading graphs...
100 :  298
100 :  299
Initializing...
maxdom : 6
D->valSize : 341
Solving...
Blb : 2 (clique : 24)
currentSize : 24 <-- 0.003336 s
currentSize : 25 <-- 0.011525 s
currentSize : 26 <-- 0.013774 s
currentSize : 27 <-- 0.024551 s
currentSize : 28 <-- 0.024635 s
currentSize : 29 <-- 0.040064 s
currentSize : 30 <-- 0.041826 s
currentSize : 31 <-- 0.247963 s
currentSize : 32 <-- 0.500555 s
currentSize : 33 <-- 44.370888 s
currentSize : 34 <-- 44.598263 s
currentSize : 35 <-- 119.951073 s
currentSize : 36 <-- 232.816223 s

TIMEOUT
maxsize : 36
nodes : 683711664.000000
filtered : 4179968181.000000
time : 3600.000000
