Parameters: GAD=1 vflib=1 dir=0 label=1 lowerbound=1 fileNameGp=../graphsdb/mcs30/bvg/b06m/mcs30_b06m_s100.A68 fileNameGt=../graphsdb/mcs30/bvg/b06m/mcs30_b06m_s100.B68
Reading graphs...
100 :  299
100 :  297
Initializing...
maxdom : 8
D->valSize : 326
Solving...
Blb : 2 (clique : 32)
currentSize : 32 <-- 0.003373 s
currentSize : 33 <-- 0.003650 s
currentSize : 34 <-- 0.198729 s
currentSize : 35 <-- 22.334028 s
currentSize : 36 <-- 1004.440247 s
currentSize : 37 <-- 2057.393066 s

TIMEOUT
maxsize : 37
nodes : 731414870.000000
filtered : 3204922104.000000
time : 3600.000000
