Parameters: GAD=1 vflib=1 dir=0 label=1 lowerbound=1 fileNameGp=../graphsdb/mcs30/m3D/m3D/mcs30_m3D_s80.A86 fileNameGt=../graphsdb/mcs30/m3D/m3D/mcs30_m3D_s80.B86
Reading graphs...
80 :  182
80 :  179
Initializing...
maxdom : 10
D->valSize : 406
Solving...
Blb : 2 (clique : 24)
currentSize : 24 <-- 0.006430 s
currentSize : 25 <-- 0.006711 s
currentSize : 26 <-- 0.007094 s
currentSize : 27 <-- 0.050342 s
currentSize : 28 <-- 0.075899 s
currentSize : 29 <-- 21.504360 s
currentSize : 31 <-- 267.352814 s
currentSize : 32 <-- 267.359009 s
currentSize : 33 <-- 2646.609619 s
currentSize : 34 <-- 2646.698975 s

TIMEOUT
maxsize : 34
nodes : 750079241.000000
filtered : 6193086708.000000
time : 3600.000000
