Parameters: GAD=1 vflib=1 dir=0 label=1 lowerbound=1 fileNameGp=../graphsdb/mcs30/bvg/b03/mcs30_b03_s80.A75 fileNameGt=../graphsdb/mcs30/bvg/b03/mcs30_b03_s80.B75
Reading graphs...
80 :  120
80 :  120
Initializing...
maxdom : 8
D->valSize : 411
Solving...
Blb : 2 (clique : 31)
currentSize : 31 <-- 0.003940 s
currentSize : 32 <-- 0.004171 s
currentSize : 33 <-- 0.024381 s
currentSize : 34 <-- 253.760010 s
currentSize : 35 <-- 909.791931 s
currentSize : 36 <-- 2095.481934 s

TIMEOUT
maxsize : 36
nodes : 872263044.000000
filtered : 4653305900.000000
time : 3600.000000
