Parameters: GAD=1 vflib=1 dir=0 label=1 lowerbound=1 fileNameGp=../graphsdb/mcs30/m2D/m2Dr2/mcs30_m2Dr2_s50.A63 fileNameGt=../graphsdb/mcs30/m2D/m2Dr2/mcs30_m2Dr2_s50.B63
Reading graphs...
50 :  93
50 :  93
Initializing...
maxdom : 10
D->valSize : 342
Solving...
Blb : 2 (clique : 16)
currentSize : 16 <-- 0.002550 s
currentSize : 17 <-- 0.004933 s
currentSize : 19 <-- 0.005868 s
currentSize : 20 <-- 0.042216 s
currentSize : 21 <-- 1.245539 s
currentSize : 22 <-- 11.259458 s
currentSize : 23 <-- 38.135738 s
currentSize : 24 <-- 969.840576 s

maxsize : 24
nodes : 382508736.000000
filtered : 5741914012.000000
time : 1677.539062
