Parameters: GAD=1 vflib=1 dir=0 label=1 lowerbound=1 fileNameGp=../graphsdb/mcs30/m2D/m2Dr6/mcs30_m2Dr6_s50.A15 fileNameGt=../graphsdb/mcs30/m2D/m2Dr6/mcs30_m2Dr6_s50.B15
Reading graphs...
50 :  112
50 :  112
Initializing...
maxdom : 10
D->valSize : 346
Solving...
Blb : 2 (clique : 16)
currentSize : 16 <-- 0.003192 s
currentSize : 17 <-- 0.003292 s
currentSize : 18 <-- 0.003302 s
currentSize : 19 <-- 0.012117 s
currentSize : 20 <-- 14.490726 s
currentSize : 21 <-- 17.410688 s
currentSize : 22 <-- 17.415489 s

maxsize : 22
nodes : 171150532.000000
filtered : 3015431160.000000
time : 829.219238
