Parameters: GAD=1 vflib=1 dir=0 label=1 lowerbound=1 fileNameGp=../graphsdb/mcs30/m3D/m3Dr2/mcs30_m3Dr2_s70.A99 fileNameGt=../graphsdb/mcs30/m3D/m3Dr2/mcs30_m3Dr2_s70.B99
Reading graphs...
70 :  171
70 :  170
Initializing...
maxdom : 7
D->valSize : 308
Solving...
Blb : 2 (clique : 26)
currentSize : 26 <-- 0.002705 s
currentSize : 27 <-- 0.003009 s
currentSize : 28 <-- 0.006552 s
currentSize : 29 <-- 279.846375 s
currentSize : 30 <-- 379.604889 s
currentSize : 31 <-- 380.231812 s
currentSize : 32 <-- 689.000122 s

maxsize : 32
nodes : 174870764.000000
filtered : 1541754119.000000
time : 867.862000
