Parameters: GAD=1 vflib=1 dir=0 label=1 lowerbound=1 fileNameGp=../graphsdb/mcs30/rand/r02/mcs30_r02_s35.A10 fileNameGt=../graphsdb/mcs30/rand/r02/mcs30_r02_s35.B10
Reading graphs...
35 :  217
35 :  222
Initializing...
maxdom : 6
D->valSize : 151
Solving...
Blb : 2 (clique : 6)
currentSize : 6 <-- 0.000831 s
currentSize : 7 <-- 0.000977 s
currentSize : 8 <-- 0.001157 s
currentSize : 9 <-- 0.002976 s
currentSize : 11 <-- 0.008566 s

maxsize : 11
nodes : 4054.000000
filtered : 44574.000000
time : 0.014053
