Parameters: GAD=1 vflib=1 dir=0 label=1 lowerbound=1 fileNameGp=../graphsdb/mcs30/bvg/b09/mcs30_b09_s40.A45 fileNameGt=../graphsdb/mcs30/bvg/b09/mcs30_b09_s40.B45
Reading graphs...
40 :  173
40 :  173
Initializing...
maxdom : 8
D->valSize : 224
Solving...
Blb : 5 (clique : 10)
currentSize : 10 <-- 0.001388 s
currentSize : 11 <-- 0.005390 s
currentSize : 12 <-- 0.013356 s
currentSize : 13 <-- 0.014530 s
currentSize : 14 <-- 0.022179 s

maxsize : 14
nodes : 89450.000000
filtered : 1244759.000000
time : 0.358073
