Parameters: GAD=1 vflib=1 dir=0 label=1 lowerbound=1 fileNameGp=../graphsdb/mcs30/m2D/m2Dr6/mcs30_m2Dr6_s50.A58 fileNameGt=../graphsdb/mcs30/m2D/m2Dr6/mcs30_m2Dr6_s50.B58
Reading graphs...
50 :  112
50 :  111
Initializing...
maxdom : 10
D->valSize : 333
Solving...
Blb : 2 (clique : 18)
currentSize : 18 <-- 0.003997 s
currentSize : 19 <-- 0.618095 s
currentSize : 20 <-- 1.710829 s
currentSize : 21 <-- 8.712290 s
currentSize : 22 <-- 82.448311 s
currentSize : 23 <-- 82.627533 s
currentSize : 24 <-- 118.605423 s

maxsize : 24
nodes : 44062449.000000
filtered : 512344752.000000
time : 173.514938
