Parameters: GAD=1 vflib=1 dir=0 label=1 lowerbound=1 fileNameGp=../graphsdb/mcs30/bvg/b06m/mcs30_b06m_s60.A17 fileNameGt=../graphsdb/mcs30/bvg/b06m/mcs30_b06m_s60.B17
Reading graphs...
60 :  177
60 :  177
Initializing...
maxdom : 12
D->valSize : 283
Solving...
Blb : 2 (clique : 16)
currentSize : 16 <-- 0.002075 s
currentSize : 17 <-- 0.002189 s
currentSize : 18 <-- 0.011685 s
currentSize : 19 <-- 3.072217 s
currentSize : 20 <-- 9.431113 s
currentSize : 21 <-- 12.097862 s
currentSize : 22 <-- 12.099036 s
currentSize : 23 <-- 32.755512 s

maxsize : 23
nodes : 8651669.000000
filtered : 65684272.000000
time : 35.750519
