Parameters: GAD=1 vflib=1 dir=0 label=1 lowerbound=1 fileNameGp=../graphsdb/mcs30/m3D/m3D/mcs30_m3D_s80.A70 fileNameGt=../graphsdb/mcs30/m3D/m3D/mcs30_m3D_s80.B70
Reading graphs...
80 :  184
80 :  182
Initializing...
maxdom : 10
D->valSize : 427
Solving...
Blb : 2 (clique : 25)
currentSize : 25 <-- 0.004362 s
currentSize : 26 <-- 0.004785 s
currentSize : 27 <-- 0.022485 s
currentSize : 28 <-- 0.507692 s
currentSize : 29 <-- 4.476875 s
currentSize : 30 <-- 39.959919 s
currentSize : 31 <-- 114.636765 s
currentSize : 32 <-- 864.226624 s

TIMEOUT
maxsize : 32
nodes : 811444198.000000
filtered : 5280485710.000000
time : 3600.000000
