Parameters: GAD=1 vflib=1 dir=0 label=1 lowerbound=1 fileNameGp=../graphsdb/mcs30/bvg/b09/mcs30_b09_s100.A88 fileNameGt=../graphsdb/mcs30/bvg/b09/mcs30_b09_s100.B88
Reading graphs...
100 :  438
100 :  448
Initializing...
maxdom : 8
D->valSize : 351
Solving...
Blb : 3 (clique : 26)
currentSize : 26 <-- 0.005588 s
currentSize : 27 <-- 17.738880 s
currentSize : 28 <-- 37.713711 s
currentSize : 29 <-- 158.766479 s
currentSize : 30 <-- 201.703659 s
currentSize : 31 <-- 390.741699 s
currentSize : 32 <-- 1392.402710 s
currentSize : 33 <-- 1498.989136 s

TIMEOUT
maxsize : 33
nodes : 664279127.000000
filtered : 3979977130.000000
time : 3600.000000
