Parameters: GAD=1 vflib=1 dir=0 label=1 lowerbound=1 fileNameGp=../graphsdb/mcs30/rand/r01/mcs30_r01_s60.A29 fileNameGt=../graphsdb/mcs30/rand/r01/mcs30_r01_s60.B29
Reading graphs...
60 :  337
60 :  336
Initializing...
maxdom : 6
D->valSize : 255
Solving...
Blb : 2 (clique : 12)
currentSize : 12 <-- 0.002681 s
currentSize : 13 <-- 0.023271 s
currentSize : 14 <-- 0.035675 s
currentSize : 15 <-- 0.117816 s
currentSize : 16 <-- 0.157071 s
currentSize : 17 <-- 1.092657 s
currentSize : 18 <-- 2.008249 s

maxsize : 18
nodes : 548925.000000
filtered : 5752278.000000
time : 2.509763
