Parameters: GAD=1 vflib=1 dir=0 label=1 lowerbound=1 fileNameGp=../graphsdb/mcs30/m2D/m2Dr4/mcs30_m2Dr4_s90.A92 fileNameGt=../graphsdb/mcs30/m2D/m2Dr4/mcs30_m2Dr4_s90.B92
Reading graphs...
90 :  195
90 :  193
Initializing...
maxdom : 11
D->valSize : 534
Solving...
Blb : 2 (clique : 30)
currentSize : 30 <-- 0.006360 s
currentSize : 33 <-- 0.006601 s
currentSize : 34 <-- 0.007187 s
currentSize : 35 <-- 0.012000 s
currentSize : 36 <-- 0.012203 s
currentSize : 37 <-- 688.403259 s

TIMEOUT
maxsize : 37
nodes : 739101950.000000
filtered : 5855071707.000000
time : 3600.000000
