Parameters: GAD=1 vflib=1 dir=0 label=1 lowerbound=1 fileNameGp=../graphsdb/mcs30/rand/r005/mcs30_r005_s30.A15 fileNameGt=../graphsdb/mcs30/rand/r005/mcs30_r005_s30.B15
Reading graphs...
30 :  47
30 :  48
Initializing...
maxdom : 6
D->valSize : 124
Solving...
Blb : 2 (clique : 10)
currentSize : 10 <-- 0.000694 s
currentSize : 11 <-- 0.000742 s
currentSize : 12 <-- 0.000771 s
currentSize : 13 <-- 0.001289 s
currentSize : 14 <-- 0.036816 s

maxsize : 14
nodes : 44481.000000
filtered : 311043.000000
time : 0.118544
