Parameters: GAD=1 vflib=1 dir=0 label=1 lowerbound=1 fileNameGp=../graphsdb/mcs30/m2D/m2Dr4/mcs30_m2Dr4_s70.A04 fileNameGt=../graphsdb/mcs30/m2D/m2Dr4/mcs30_m2Dr4_s70.B04
Reading graphs...
70 :  150
70 :  150
Initializing...
maxdom : 11
D->valSize : 336
Solving...
Blb : 2 (clique : 23)
currentSize : 23 <-- 0.002978 s
currentSize : 24 <-- 0.343125 s
currentSize : 25 <-- 0.518774 s
currentSize : 26 <-- 4.741936 s
currentSize : 27 <-- 126.616280 s
currentSize : 28 <-- 162.839142 s
currentSize : 29 <-- 574.623901 s
currentSize : 30 <-- 1718.221069 s
currentSize : 31 <-- 2356.256836 s
currentSize : 32 <-- 2388.671143 s

maxsize : 32
nodes : 699364975.000000
filtered : 5476340453.000000
time : 2873.767578
