Parameters: GAD=1 vflib=1 dir=0 label=1 lowerbound=1 fileNameGp=../graphsdb/mcs30/m4D/m4Dr2/mcs30_m4Dr2_s80.A98 fileNameGt=../graphsdb/mcs30/m4D/m4Dr2/mcs30_m4Dr2_s80.B98
Reading graphs...
80 :  146
80 :  145
Initializing...
maxdom : 10
D->valSize : 370
Solving...
Blb : 2 (clique : 27)
currentSize : 27 <-- 0.003791 s
currentSize : 28 <-- 0.031150 s
currentSize : 29 <-- 0.032914 s
currentSize : 30 <-- 0.111242 s
currentSize : 31 <-- 0.111417 s
currentSize : 32 <-- 0.152138 s
currentSize : 33 <-- 64.452126 s

TIMEOUT
maxsize : 33
nodes : 822086006.000000
filtered : 4309038041.000000
time : 3600.000000
