Parameters: GAD=1 vflib=1 dir=0 label=1 lowerbound=1 fileNameGp=../graphsdb/mcs30/rand/r02/mcs30_r02_s70.A01 fileNameGt=../graphsdb/mcs30/rand/r02/mcs30_r02_s70.B01
Reading graphs...
70 :  860
70 :  854
Initializing...
maxdom : 9
D->valSize : 345
Solving...
Blb : 2 (clique : 10)
currentSize : 10 <-- 0.004372 s
currentSize : 11 <-- 0.012945 s
currentSize : 12 <-- 0.012987 s
currentSize : 14 <-- 0.123688 s
currentSize : 15 <-- 0.123737 s
currentSize : 17 <-- 0.123778 s

maxsize : 17
nodes : 58621.000000
filtered : 1050286.000000
time : 0.323424
