Parameters: GAD=1 vflib=1 dir=0 label=1 lowerbound=1 fileNameGp=../graphsdb/mcs30/rand/r01/mcs30_r01_s60.A41 fileNameGt=../graphsdb/mcs30/rand/r01/mcs30_r01_s60.B41
Reading graphs...
60 :  328
60 :  338
Initializing...
maxdom : 10
D->valSize : 262
Solving...
Blb : 2 (clique : 10)
currentSize : 10 <-- 0.002878 s
currentSize : 11 <-- 0.003221 s
currentSize : 12 <-- 0.005071 s
currentSize : 13 <-- 0.007225 s
currentSize : 14 <-- 0.107296 s
currentSize : 15 <-- 0.121619 s
currentSize : 16 <-- 0.243806 s
currentSize : 17 <-- 0.302644 s
currentSize : 19 <-- 0.417415 s

maxsize : 19
nodes : 132147.000000
filtered : 1668657.000000
time : 0.681466
