Parameters: GAD=1 vflib=1 dir=0 label=1 lowerbound=1 fileNameGp=../graphsdb/mcs30/m2D/m2Dr6/mcs30_m2Dr6_s70.A72 fileNameGt=../graphsdb/mcs30/m2D/m2Dr6/mcs30_m2Dr6_s70.B72
Reading graphs...
70 :  160
70 :  158
Initializing...
maxdom : 8
D->valSize : 312
Solving...
Blb : 3 (clique : 21)
currentSize : 21 <-- 0.002671 s
currentSize : 22 <-- 0.003448 s
currentSize : 23 <-- 0.021181 s
currentSize : 24 <-- 0.844158 s
currentSize : 25 <-- 4.424474 s
currentSize : 26 <-- 23.839975 s
currentSize : 27 <-- 39.002468 s
currentSize : 28 <-- 56.034576 s
currentSize : 29 <-- 182.036102 s
currentSize : 30 <-- 250.535278 s
currentSize : 31 <-- 250.899094 s
currentSize : 32 <-- 250.909439 s

maxsize : 32
nodes : 258088590.000000
filtered : 2123926388.000000
time : 1254.633423
