Parameters: GAD=1 vflib=1 dir=0 label=1 lowerbound=1 fileNameGp=../graphsdb/mcs30/m2D/m2Dr2/mcs30_m2Dr2_s80.A47 fileNameGt=../graphsdb/mcs30/m2D/m2Dr2/mcs30_m2Dr2_s80.B47
Reading graphs...
80 :  157
80 :  158
Initializing...
maxdom : 10
D->valSize : 404
Solving...
Blb : 2 (clique : 28)
currentSize : 28 <-- 0.004291 s
currentSize : 29 <-- 0.004602 s
currentSize : 30 <-- 0.005271 s
currentSize : 31 <-- 0.006215 s
currentSize : 32 <-- 0.012499 s
currentSize : 33 <-- 0.013186 s
currentSize : 34 <-- 0.023744 s
currentSize : 35 <-- 9.948872 s

TIMEOUT
maxsize : 35
nodes : 734907644.000000
filtered : 5025047338.000000
time : 3600.000000
