Parameters: GAD=1 vflib=1 dir=0 label=1 lowerbound=1 fileNameGp=../graphsdb/mcs30/rand/r01/mcs30_r01_s90.A72 fileNameGt=../graphsdb/mcs30/rand/r01/mcs30_r01_s90.B72
Reading graphs...
90 :  759
90 :  758
Initializing...
maxdom : 11
D->valSize : 514
Solving...
Blb : 5 (clique : 14)
currentSize : 14 <-- 0.005554 s
currentSize : 15 <-- 0.005743 s
currentSize : 16 <-- 0.006035 s
currentSize : 17 <-- 0.006138 s
currentSize : 18 <-- 0.094897 s
currentSize : 19 <-- 0.095772 s
currentSize : 20 <-- 0.107176 s
currentSize : 21 <-- 0.107436 s
currentSize : 24 <-- 0.283511 s
currentSize : 27 <-- 0.285063 s

maxsize : 27
nodes : 4426797.000000
filtered : 113750204.000000
time : 33.772957
