Parameters: GAD=1 vflib=1 dir=0 label=1 lowerbound=1 fileNameGp=../graphsdb/mcs30/m3D/m3Dr2/mcs30_m3Dr2_s80.A61 fileNameGt=../graphsdb/mcs30/m3D/m3Dr2/mcs30_m3Dr2_s80.B61
Reading graphs...
80 :  198
80 :  198
Initializing...
maxdom : 9
D->valSize : 431
Solving...
Blb : 2 (clique : 24)
currentSize : 24 <-- 0.004248 s
currentSize : 25 <-- 2.295983 s
currentSize : 26 <-- 2.297006 s
currentSize : 27 <-- 2.791989 s
currentSize : 28 <-- 1784.824219 s
currentSize : 29 <-- 1797.966431 s

TIMEOUT
maxsize : 29
nodes : 770477247.000000
filtered : 6862820816.000000
time : 3600.000000
