Parameters: GAD=1 vflib=1 dir=0 label=1 lowerbound=1 fileNameGp=../graphsdb/mcs30/rand/r01/mcs30_r01_s70.A18 fileNameGt=../graphsdb/mcs30/rand/r01/mcs30_r01_s70.B18
Reading graphs...
70 :  453
70 :  454
Initializing...
maxdom : 7
D->valSize : 310
Solving...
Blb : 2 (clique : 15)
currentSize : 15 <-- 0.002480 s
currentSize : 16 <-- 0.709538 s
currentSize : 17 <-- 0.715876 s
currentSize : 18 <-- 3.491391 s
currentSize : 19 <-- 3.492599 s
currentSize : 20 <-- 6.740637 s

maxsize : 20
nodes : 2392302.000000
filtered : 28655505.000000
time : 12.414078
