Parameters: GAD=1 vflib=1 dir=0 label=1 lowerbound=1 fileNameGp=../graphsdb/mcs30/bvg/b09m/mcs30_b09m_s70.A69 fileNameGt=../graphsdb/mcs30/bvg/b09m/mcs30_b09m_s70.B69
Reading graphs...
70 :  307
70 :  302
Initializing...
maxdom : 10
D->valSize : 332
Solving...
Blb : 2 (clique : 14)
currentSize : 14 <-- 0.004197 s
currentSize : 16 <-- 0.004348 s
currentSize : 17 <-- 0.034602 s
currentSize : 18 <-- 0.195900 s
currentSize : 19 <-- 0.277421 s
currentSize : 20 <-- 41.296459 s
currentSize : 21 <-- 41.297817 s
currentSize : 22 <-- 41.297958 s
currentSize : 23 <-- 41.298851 s
currentSize : 24 <-- 41.316971 s
currentSize : 25 <-- 41.711117 s

maxsize : 25
nodes : 20144389.000000
filtered : 171988748.000000
time : 93.470085
