Parameters: GAD=1 vflib=1 dir=0 label=1 lowerbound=1 fileNameGp=../graphsdb/mcs30/bvg/b09m/mcs30_b09m_s50.A67 fileNameGt=../graphsdb/mcs30/bvg/b09m/mcs30_b09m_s50.B67
Reading graphs...
50 :  214
50 :  215
Initializing...
maxdom : 8
D->valSize : 324
Solving...
Blb : 3 (clique : 13)
currentSize : 13 <-- 0.003837 s
currentSize : 14 <-- 0.005667 s
currentSize : 15 <-- 0.015910 s
currentSize : 16 <-- 0.629764 s
currentSize : 17 <-- 3.480472 s

maxsize : 17
nodes : 6983711.000000
filtered : 89041236.000000
time : 29.037920
