Parameters: GAD=1 vflib=1 dir=0 label=1 lowerbound=1 fileNameGp=../graphsdb/mcs30/m2D/m2Dr6/mcs30_m2Dr6_s60.A48 fileNameGt=../graphsdb/mcs30/m2D/m2Dr6/mcs30_m2Dr6_s60.B48
Reading graphs...
60 :  139
60 :  133
Initializing...
maxdom : 7
D->valSize : 285
Solving...
Blb : 5 (clique : 19)
currentSize : 19 <-- 0.002232 s
currentSize : 20 <-- 0.010026 s
currentSize : 21 <-- 0.021238 s
currentSize : 22 <-- 0.188966 s
currentSize : 23 <-- 0.262535 s
currentSize : 24 <-- 31.620844 s
currentSize : 25 <-- 276.554565 s

maxsize : 25
nodes : 214784229.000000
filtered : 1977223124.000000
time : 944.588013
