Parameters: GAD=1 vflib=1 dir=0 label=1 lowerbound=1 fileNameGp=../graphsdb/mcs30/bvg/b06/mcs30_b06_s60.A14 fileNameGt=../graphsdb/mcs30/bvg/b06/mcs30_b06_s60.B14
Reading graphs...
60 :  177
60 :  178
Initializing...
maxdom : 8
D->valSize : 259
Solving...
Blb : 3 (clique : 19)
currentSize : 19 <-- 0.001997 s
currentSize : 20 <-- 0.435883 s
currentSize : 21 <-- 0.515888 s
currentSize : 22 <-- 20.306215 s
currentSize : 23 <-- 20.359238 s
currentSize : 24 <-- 21.482023 s

maxsize : 24
nodes : 22777951.000000
filtered : 196827021.000000
time : 94.735237
