Parameters: GAD=1 vflib=1 dir=0 label=1 lowerbound=1 fileNameGp=../graphsdb/mcs30/m4D/m4D/mcs30_m4D_s80.A62 fileNameGt=../graphsdb/mcs30/m4D/m4D/mcs30_m4D_s80.B62
Reading graphs...
80 :  130
80 :  130
Initializing...
maxdom : 10
D->valSize : 421
Solving...
Blb : 2 (clique : 27)
currentSize : 27 <-- 0.004166 s
currentSize : 28 <-- 0.004394 s
currentSize : 29 <-- 0.004512 s
currentSize : 30 <-- 0.024456 s
currentSize : 31 <-- 2.620055 s
currentSize : 32 <-- 14.202186 s
currentSize : 33 <-- 256.976807 s
currentSize : 34 <-- 1122.753540 s

TIMEOUT
maxsize : 34
nodes : 1031320655.000000
filtered : 4071479092.000000
time : 3600.000000
