Parameters: GAD=1 vflib=1 dir=0 label=1 lowerbound=1 fileNameGp=../graphsdb/mcs30/m2D/m2Dr4/mcs30_m2Dr4_s90.A54 fileNameGt=../graphsdb/mcs30/m2D/m2Dr4/mcs30_m2Dr4_s90.B54
Reading graphs...
90 :  195
90 :  195
Initializing...
maxdom : 10
D->valSize : 540
Solving...
Blb : 2 (clique : 31)
currentSize : 31 <-- 0.006466 s
currentSize : 32 <-- 0.006716 s
currentSize : 33 <-- 0.006790 s
currentSize : 34 <-- 0.007832 s
currentSize : 35 <-- 0.007908 s
currentSize : 36 <-- 0.014962 s
currentSize : 37 <-- 0.015112 s
currentSize : 38 <-- 2.007948 s

TIMEOUT
maxsize : 38
nodes : 769688134.000000
filtered : 4920117936.000000
time : 3600.000000
