Parameters: GAD=1 vflib=1 dir=0 label=1 lowerbound=1 fileNameGp=../graphsdb/mcs30/m3D/m3Dr2/mcs30_m3Dr2_s40.A29 fileNameGt=../graphsdb/mcs30/m3D/m3Dr2/mcs30_m3Dr2_s40.B29
Reading graphs...
40 :  89
40 :  91
Initializing...
maxdom : 8
D->valSize : 218
Solving...
Blb : 2 (clique : 12)
currentSize : 12 <-- 0.001241 s
currentSize : 13 <-- 0.001303 s
currentSize : 14 <-- 0.001329 s
currentSize : 15 <-- 0.001483 s
currentSize : 16 <-- 0.002778 s

maxsize : 16
nodes : 6805222.000000
filtered : 57060568.000000
time : 21.975986
