Parameters: GAD=1 vflib=1 dir=0 label=1 lowerbound=1 fileNameGp=../graphsdb/mcs30/bvg/b03m/mcs30_b03m_s40.A43 fileNameGt=../graphsdb/mcs30/bvg/b03m/mcs30_b03m_s40.B43
Reading graphs...
40 :  60
40 :  60
Initializing...
maxdom : 9
D->valSize : 194
Solving...
Blb : 2 (clique : 16)
currentSize : 16 <-- 0.001733 s
currentSize : 17 <-- 0.008564 s
currentSize : 18 <-- 0.592492 s
currentSize : 19 <-- 3.414786 s
currentSize : 20 <-- 3.723509 s

maxsize : 20
nodes : 1439711.000000
filtered : 14741209.000000
time : 4.428790
