Parameters: GAD=1 vflib=1 dir=0 label=1 lowerbound=1 fileNameGp=../graphsdb/mcs30/rand/r02/mcs30_r02_s100.A42 fileNameGt=../graphsdb/mcs30/rand/r02/mcs30_r02_s100.B42
Reading graphs...
100 :  1777
100 :  1757
Initializing...
maxdom : 6
D->valSize : 326
Solving...
Blb : 2 (clique : 8)
currentSize : 8 <-- 0.003166 s
currentSize : 9 <-- 0.003264 s
currentSize : 14 <-- 0.003423 s
currentSize : 16 <-- 0.003821 s
currentSize : 21 <-- 0.004003 s
currentSize : 22 <-- 0.025468 s

maxsize : 22
nodes : 71279.000000
filtered : 796676.000000
time : 0.440085
