Parameters: GAD=1 vflib=1 dir=0 label=1 lowerbound=1 fileNameGp=../graphsdb/mcs30/bvg/b06/mcs30_b06_s35.A49 fileNameGt=../graphsdb/mcs30/bvg/b06/mcs30_b06_s35.B49
Reading graphs...
35 :  100
35 :  102
Initializing...
maxdom : 6
D->valSize : 154
Solving...
Blb : 5 (clique : 9)
currentSize : 9 <-- 0.001236 s
currentSize : 10 <-- 0.001357 s
currentSize : 11 <-- 0.001764 s
currentSize : 12 <-- 0.001932 s
currentSize : 13 <-- 0.004635 s
currentSize : 14 <-- 0.052977 s
currentSize : 15 <-- 0.053125 s

maxsize : 15
nodes : 26616.000000
filtered : 241554.000000
time : 0.089356
