Parameters: GAD=1 vflib=1 dir=0 label=1 lowerbound=1 fileNameGp=../graphsdb/mcs30/m2D/m2D/mcs30_m2D_s30.A37 fileNameGt=../graphsdb/mcs30/m2D/m2D/mcs30_m2D_s30.B37
Reading graphs...
30 :  49
30 :  48
Initializing...
maxdom : 6
D->valSize : 89
Solving...
Blb : 5 (clique : 9)
currentSize : 9 <-- 0.000785 s
currentSize : 10 <-- 0.000844 s
currentSize : 11 <-- 0.004289 s
currentSize : 12 <-- 0.007975 s
currentSize : 13 <-- 0.008742 s

maxsize : 13
nodes : 2852.000000
filtered : 17747.000000
time : 0.013266
