Parameters: GAD=1 vflib=1 dir=0 label=1 lowerbound=1 fileNameGp=../graphsdb/mcs30/bvg/b03m/mcs30_b03m_s70.A03 fileNameGt=../graphsdb/mcs30/bvg/b03m/mcs30_b03m_s70.B03
Reading graphs...
70 :  104
70 :  104
Initializing...
maxdom : 8
D->valSize : 340
Solving...
Blb : 2 (clique : 27)
currentSize : 27 <-- 0.002947 s
currentSize : 28 <-- 0.015037 s
currentSize : 29 <-- 0.166338 s
currentSize : 30 <-- 0.408411 s
currentSize : 31 <-- 0.645287 s
currentSize : 32 <-- 1197.238403 s
currentSize : 33 <-- 1631.221191 s

TIMEOUT
maxsize : 33
nodes : 905779527.000000
filtered : 5176674275.000000
time : 3600.000000
