Parameters: GAD=1 vflib=1 dir=0 label=1 lowerbound=1 fileNameGp=../graphsdb/mcs30/m2D/m2D/mcs30_m2D_s70.A02 fileNameGt=../graphsdb/mcs30/m2D/m2D/mcs30_m2D_s70.B02
Reading graphs...
70 :  121
70 :  123
Initializing...
maxdom : 7
D->valSize : 349
Solving...
Blb : 2 (clique : 27)
currentSize : 27 <-- 0.003077 s
currentSize : 29 <-- 0.003353 s
currentSize : 30 <-- 0.020225 s
currentSize : 31 <-- 0.045889 s
currentSize : 32 <-- 0.139529 s
currentSize : 33 <-- 56.632942 s

TIMEOUT
maxsize : 33
nodes : 739450288.000000
filtered : 6929214990.000000
time : 3600.000000
