Parameters: GAD=1 vflib=1 dir=0 label=1 lowerbound=1 fileNameGp=../graphsdb/mcs30/bvg/b03m/mcs30_b03m_s40.A96 fileNameGt=../graphsdb/mcs30/bvg/b03m/mcs30_b03m_s40.B96
Reading graphs...
40 :  60
40 :  58
Initializing...
maxdom : 9
D->valSize : 230
Solving...
Blb : 2 (clique : 15)
currentSize : 15 <-- 0.001580 s
currentSize : 16 <-- 0.001658 s
currentSize : 17 <-- 0.001719 s
currentSize : 18 <-- 0.002840 s
currentSize : 19 <-- 0.038713 s
currentSize : 20 <-- 2.196972 s
currentSize : 21 <-- 2.197370 s

maxsize : 21
nodes : 7401013.000000
filtered : 81339880.000000
time : 24.305424
