Parameters: GAD=1 vflib=1 dir=0 label=1 lowerbound=1 fileNameGp=../graphsdb/mcs30/bvg/b06/mcs30_b06_s70.A88 fileNameGt=../graphsdb/mcs30/bvg/b06/mcs30_b06_s70.B88
Reading graphs...
70 :  208
70 :  208
Initializing...
maxdom : 9
D->valSize : 299
Solving...
Blb : 3 (clique : 17)
currentSize : 17 <-- 0.004113 s
currentSize : 18 <-- 0.021406 s
currentSize : 19 <-- 0.030042 s
currentSize : 20 <-- 0.173457 s
currentSize : 21 <-- 2.047443 s
currentSize : 22 <-- 47.236244 s
currentSize : 23 <-- 203.297714 s
currentSize : 24 <-- 228.802658 s
currentSize : 25 <-- 229.519287 s
currentSize : 26 <-- 231.897736 s

maxsize : 26
nodes : 120227809.000000
filtered : 992379378.000000
time : 522.481567
