Parameters: GAD=1 vflib=1 dir=0 label=1 lowerbound=1 fileNameGp=../graphsdb/mcs30/rand/r02/mcs30_r02_s50.A02 fileNameGt=../graphsdb/mcs30/rand/r02/mcs30_r02_s50.B02
Reading graphs...
50 :  432
50 :  441
Initializing...
maxdom : 11
D->valSize : 332
Solving...
Blb : 3 (clique : 8)
currentSize : 8 <-- 0.002295 s
currentSize : 9 <-- 0.003874 s
currentSize : 10 <-- 0.031277 s
currentSize : 12 <-- 0.067167 s
currentSize : 14 <-- 0.067356 s

maxsize : 14
nodes : 35328.000000
filtered : 623886.000000
time : 0.158987
