Parameters: GAD=1 vflib=1 dir=0 label=1 lowerbound=1 fileNameGp=../graphsdb/mcs30/bvg/b03m/mcs30_b03m_s30.A90 fileNameGt=../graphsdb/mcs30/bvg/b03m/mcs30_b03m_s30.B90
Reading graphs...
30 :  44
30 :  43
Initializing...
maxdom : 7
D->valSize : 128
Solving...
Blb : 2 (clique : 10)
currentSize : 10 <-- 0.000628 s
currentSize : 11 <-- 0.000829 s
currentSize : 12 <-- 0.031653 s
currentSize : 13 <-- 0.147573 s
currentSize : 14 <-- 0.368756 s

maxsize : 14
nodes : 277285.000000
filtered : 1700805.000000
time : 0.738705
