Parameters: GAD=1 vflib=1 dir=0 label=1 lowerbound=1 fileNameGp=../graphsdb/mcs30/bvg/b06/mcs30_b06_s100.A86 fileNameGt=../graphsdb/mcs30/bvg/b06/mcs30_b06_s100.B86
Reading graphs...
100 :  298
100 :  297
Initializing...
maxdom : 7
D->valSize : 339
Solving...
Blb : 2 (clique : 31)
currentSize : 31 <-- 0.003386 s
currentSize : 32 <-- 0.003634 s
currentSize : 33 <-- 0.004472 s
currentSize : 34 <-- 0.039484 s
currentSize : 35 <-- 0.048725 s
currentSize : 36 <-- 0.093259 s
currentSize : 37 <-- 0.750970 s

TIMEOUT
maxsize : 37
nodes : 672428046.000000
filtered : 3214000186.000000
time : 3600.000000
