Parameters: GAD=1 vflib=1 dir=0 label=1 lowerbound=1 fileNameGp=../graphsdb/mcs30/bvg/b03/mcs30_b03_s35.A95 fileNameGt=../graphsdb/mcs30/bvg/b03/mcs30_b03_s35.B95
Reading graphs...
35 :  52
35 :  51
Initializing...
maxdom : 7
D->valSize : 166
Solving...
Blb : 2 (clique : 13)
currentSize : 13 <-- 0.000877 s
currentSize : 14 <-- 0.000944 s
currentSize : 15 <-- 0.000999 s
currentSize : 16 <-- 0.001296 s
currentSize : 17 <-- 0.008701 s
currentSize : 18 <-- 0.014868 s

maxsize : 18
nodes : 128120.000000
filtered : 1054259.000000
time : 0.419175
