Parameters: GAD=1 vflib=1 dir=0 label=1 lowerbound=1 fileNameGp=../graphsdb/mcs30/m3D/m3Dr4/mcs30_m3Dr4_s100.A33 fileNameGt=../graphsdb/mcs30/m3D/m3Dr4/mcs30_m3Dr4_s100.B33
Reading graphs...
100 :  269
100 :  271
Initializing...
maxdom : 7
D->valSize : 340
Solving...
Blb : 3 (clique : 25)
currentSize : 25 <-- 0.005442 s
currentSize : 26 <-- 0.018153 s
currentSize : 27 <-- 0.070604 s
currentSize : 28 <-- 1.914581 s
currentSize : 29 <-- 20.144602 s
currentSize : 30 <-- 43.545113 s
currentSize : 31 <-- 335.438782 s

TIMEOUT
maxsize : 31
nodes : 707896036.000000
filtered : 4007201539.000000
time : 3600.000000
