Parameters: GAD=1 vflib=1 dir=0 label=1 lowerbound=1 fileNameGp=../graphsdb/mcs30/rand/r02/mcs30_r02_s70.A88 fileNameGt=../graphsdb/mcs30/rand/r02/mcs30_r02_s70.B88
Reading graphs...
70 :  871
70 :  842
Initializing...
maxdom : 9
D->valSize : 310
Solving...
Blb : 5 (clique : 8)
currentSize : 8 <-- 0.002339 s
currentSize : 10 <-- 0.004233 s
currentSize : 11 <-- 0.008947 s
currentSize : 12 <-- 0.075112 s
currentSize : 13 <-- 0.109777 s
currentSize : 18 <-- 0.111490 s
currentSize : 20 <-- 0.115122 s

maxsize : 20
nodes : 37114.000000
filtered : 549173.000000
time : 0.194206
