Parameters: GAD=1 vflib=1 dir=0 label=1 lowerbound=1 fileNameGp=../graphsdb/mcs30/m3D/m3Dr2/mcs30_m3Dr2_s90.A87 fileNameGt=../graphsdb/mcs30/m3D/m3Dr2/mcs30_m3Dr2_s90.B87
Reading graphs...
90 :  226
90 :  226
Initializing...
maxdom : 10
D->valSize : 506
Solving...
Blb : 3 (clique : 28)
currentSize : 28 <-- 0.005669 s
currentSize : 29 <-- 69.125870 s
currentSize : 30 <-- 152.463898 s
currentSize : 31 <-- 283.701721 s
currentSize : 32 <-- 1542.341309 s
currentSize : 33 <-- 1542.787842 s
currentSize : 34 <-- 1544.159668 s
currentSize : 35 <-- 2915.399170 s

TIMEOUT
maxsize : 35
nodes : 726801028.000000
filtered : 5974600188.000000
time : 3600.000000
