Parameters: GAD=1 vflib=1 dir=0 label=1 lowerbound=1 fileNameGp=../graphsdb/mcs30/bvg/b06/mcs30_b06_s60.A63 fileNameGt=../graphsdb/mcs30/bvg/b06/mcs30_b06_s60.B63
Reading graphs...
60 :  176
60 :  179
Initializing...
maxdom : 9
D->valSize : 245
Solving...
Blb : 3 (clique : 14)
currentSize : 14 <-- 0.001773 s
currentSize : 15 <-- 0.001969 s
currentSize : 16 <-- 0.002981 s
currentSize : 17 <-- 0.019778 s
currentSize : 18 <-- 0.145448 s
currentSize : 19 <-- 0.289453 s
currentSize : 20 <-- 13.725977 s
currentSize : 21 <-- 24.511143 s
currentSize : 22 <-- 28.489025 s
currentSize : 23 <-- 28.489161 s

maxsize : 23
nodes : 10378983.000000
filtered : 78257000.000000
time : 39.147087
