Parameters: GAD=1 vflib=1 dir=0 label=1 lowerbound=1 fileNameGp=../graphsdb/mcs30/m2D/m2Dr2/mcs30_m2Dr2_s70.A87 fileNameGt=../graphsdb/mcs30/m2D/m2Dr2/mcs30_m2Dr2_s70.B87
Reading graphs...
70 :  136
70 :  135
Initializing...
maxdom : 8
D->valSize : 322
Solving...
Blb : 2 (clique : 23)
currentSize : 23 <-- 0.002915 s
currentSize : 24 <-- 0.007669 s
currentSize : 25 <-- 0.013676 s
currentSize : 26 <-- 0.015411 s
currentSize : 27 <-- 12.254079 s
currentSize : 28 <-- 121.248505 s
currentSize : 29 <-- 121.324005 s
currentSize : 30 <-- 752.451111 s

TIMEOUT
maxsize : 30
nodes : 849805414.000000
filtered : 5635176385.000000
time : 3600.000000
