Parameters: GAD=1 vflib=1 dir=0 label=1 lowerbound=1 fileNameGp=../graphsdb/mcs30/m3D/m3Dr2/mcs30_m3Dr2_s70.A06 fileNameGt=../graphsdb/mcs30/m3D/m3Dr2/mcs30_m3Dr2_s70.B06
Reading graphs...
70 :  172
70 :  171
Initializing...
maxdom : 8
D->valSize : 335
Solving...
Blb : 2 (clique : 20)
currentSize : 20 <-- 0.002856 s
currentSize : 21 <-- 0.003249 s
currentSize : 22 <-- 0.004060 s
currentSize : 23 <-- 0.030377 s
currentSize : 24 <-- 0.226730 s
currentSize : 25 <-- 2.507035 s
currentSize : 26 <-- 104.482224 s
currentSize : 27 <-- 433.425476 s
currentSize : 28 <-- 433.632996 s
currentSize : 29 <-- 965.837219 s
currentSize : 30 <-- 2822.979248 s
currentSize : 31 <-- 2823.332764 s

maxsize : 31
nodes : 704031999.000000
filtered : 6597359243.000000
time : 3387.055664
