Parameters: GAD=1 vflib=1 dir=0 label=1 lowerbound=1 fileNameGp=../graphsdb/mcs30/rand/r02/mcs30_r02_s70.A75 fileNameGt=../graphsdb/mcs30/rand/r02/mcs30_r02_s70.B75
Reading graphs...
70 :  872
70 :  857
Initializing...
maxdom : 9
D->valSize : 332
Solving...
Blb : 2 (clique : 7)
currentSize : 7 <-- 0.002795 s
currentSize : 8 <-- 0.003844 s
currentSize : 9 <-- 0.009999 s
currentSize : 11 <-- 0.077694 s
currentSize : 12 <-- 0.077729 s
currentSize : 19 <-- 0.099280 s

maxsize : 19
nodes : 34697.000000
filtered : 471356.000000
time : 0.176524
