Parameters: GAD=1 vflib=1 dir=0 label=1 lowerbound=1 fileNameGp=../graphsdb/mcs30/rand/r01/mcs30_r01_s100.A25 fileNameGt=../graphsdb/mcs30/rand/r01/mcs30_r01_s100.B25
Reading graphs...
100 :  940
100 :  933
Initializing...
maxdom : 7
D->valSize : 341
Solving...
Blb : 2 (clique : 15)
currentSize : 15 <-- 0.003370 s
currentSize : 16 <-- 0.007716 s
currentSize : 17 <-- 0.042848 s
currentSize : 18 <-- 0.119085 s
currentSize : 19 <-- 0.569208 s
currentSize : 20 <-- 0.719309 s
currentSize : 22 <-- 1.859016 s
currentSize : 24 <-- 1.859341 s
currentSize : 26 <-- 2.132311 s
currentSize : 27 <-- 6.914575 s
currentSize : 29 <-- 6.914692 s

maxsize : 29
nodes : 2405715.000000
filtered : 22441522.000000
time : 14.696940
