Parameters: GAD=1 vflib=1 dir=0 label=1 lowerbound=1 fileNameGp=../graphsdb/mcs30/m2D/m2D/mcs30_m2D_s90.A88 fileNameGt=../graphsdb/mcs30/m2D/m2D/mcs30_m2D_s90.B88
Reading graphs...
90 :  160
90 :  159
Initializing...
maxdom : 8
D->valSize : 524
Solving...
Blb : 2 (clique : 33)
currentSize : 33 <-- 0.006056 s
currentSize : 34 <-- 0.300606 s
currentSize : 35 <-- 148.228317 s
currentSize : 36 <-- 174.235001 s
currentSize : 37 <-- 212.213562 s
currentSize : 38 <-- 252.963089 s
currentSize : 39 <-- 1538.035889 s

TIMEOUT
maxsize : 39
nodes : 853349284.000000
filtered : 4600746461.000000
time : 3600.000000
