Parameters: GAD=1 vflib=1 dir=0 label=1 lowerbound=1 fileNameGp=../graphsdb/mcs30/bvg/b06/mcs30_b06_s70.A51 fileNameGt=../graphsdb/mcs30/bvg/b06/mcs30_b06_s70.B51
Reading graphs...
70 :  209
70 :  208
Initializing...
maxdom : 7
D->valSize : 312
Solving...
Blb : 2 (clique : 22)
currentSize : 22 <-- 0.002737 s
currentSize : 23 <-- 0.007502 s
currentSize : 24 <-- 0.198137 s
currentSize : 25 <-- 0.210825 s
currentSize : 26 <-- 9.304804 s
currentSize : 27 <-- 26.340235 s

maxsize : 27
nodes : 482645355.000000
filtered : 4685079941.000000
time : 2238.380371
