Parameters: GAD=1 vflib=1 dir=0 label=1 lowerbound=1 fileNameGp=../graphsdb/mcs30/m4D/m4Dr6/mcs30_m4Dr6_s60.A29 fileNameGt=../graphsdb/mcs30/m4D/m4Dr6/mcs30_m4Dr6_s60.B29
Reading graphs...
60 :  136
60 :  133
Initializing...
maxdom : 9
D->valSize : 248
Solving...
Blb : 2 (clique : 20)
currentSize : 20 <-- 0.002892 s
currentSize : 21 <-- 0.003317 s
currentSize : 22 <-- 0.009599 s
currentSize : 23 <-- 0.012882 s
currentSize : 24 <-- 40.076241 s
currentSize : 25 <-- 548.333801 s

maxsize : 25
nodes : 249375825.000000
filtered : 1599991881.000000
time : 936.141052
