Parameters: GAD=1 vflib=1 dir=0 label=1 lowerbound=1 fileNameGp=../graphsdb/mcs30/rand/r02/mcs30_r02_s60.A03 fileNameGt=../graphsdb/mcs30/rand/r02/mcs30_r02_s60.B03
Reading graphs...
60 :  644
60 :  629
Initializing...
maxdom : 7
D->valSize : 243
Solving...
Blb : 2 (clique : 7)
currentSize : 7 <-- 0.001749 s
currentSize : 10 <-- 0.001820 s
currentSize : 11 <-- 0.001917 s
currentSize : 12 <-- 0.007108 s
currentSize : 16 <-- 0.007210 s
currentSize : 17 <-- 0.007255 s

maxsize : 17
nodes : 9956.000000
filtered : 175697.000000
time : 0.059997
