Parameters: GAD=1 vflib=1 dir=0 label=1 lowerbound=1 fileNameGp=../graphsdb/mcs30/rand/r02/mcs30_r02_s50.A78 fileNameGt=../graphsdb/mcs30/rand/r02/mcs30_r02_s50.B78
Reading graphs...
50 :  434
50 :  435
Initializing...
maxdom : 10
D->valSize : 314
Solving...
Blb : 5 (clique : 7)
currentSize : 7 <-- 0.002200 s
currentSize : 9 <-- 0.004167 s
currentSize : 10 <-- 0.031313 s
currentSize : 12 <-- 0.079341 s
currentSize : 14 <-- 0.079532 s

maxsize : 14
nodes : 43866.000000
filtered : 768915.000000
time : 0.195586
