Parameters: GAD=1 vflib=1 dir=0 label=1 lowerbound=1 fileNameGp=../graphsdb/mcs30/rand/r02/mcs30_r02_s100.A40 fileNameGt=../graphsdb/mcs30/rand/r02/mcs30_r02_s100.B40
Reading graphs...
100 :  1756
100 :  1767
Initializing...
maxdom : 8
D->valSize : 371
Solving...
Blb : 2 (clique : 6)
currentSize : 6 <-- 0.005506 s
currentSize : 7 <-- 0.005635 s
currentSize : 8 <-- 0.005938 s
currentSize : 9 <-- 0.006355 s
currentSize : 10 <-- 0.006709 s
currentSize : 11 <-- 0.021329 s
currentSize : 13 <-- 0.033177 s
currentSize : 15 <-- 0.040231 s
currentSize : 17 <-- 0.093145 s
currentSize : 18 <-- 0.138542 s
currentSize : 24 <-- 0.139101 s

maxsize : 24
nodes : 66209.000000
filtered : 986346.000000
time : 0.466163
