Parameters: GAD=1 vflib=1 dir=0 label=1 lowerbound=1 fileNameGp=../graphsdb/mcs30/m4D/m4Dr2/mcs30_m4Dr2_s60.A22 fileNameGt=../graphsdb/mcs30/m4D/m4Dr2/mcs30_m4Dr2_s60.B22
Reading graphs...
60 :  113
60 :  111
Initializing...
maxdom : 8
D->valSize : 239
Solving...
Blb : 2 (clique : 20)
currentSize : 20 <-- 0.002765 s
currentSize : 21 <-- 0.061761 s
currentSize : 22 <-- 7.312719 s
currentSize : 23 <-- 77.288834 s
currentSize : 24 <-- 930.560486 s
currentSize : 25 <-- 1126.619385 s

maxsize : 25
nodes : 534705318.000000
filtered : 3592784985.000000
time : 1667.617310
