Parameters: GAD=1 vflib=1 dir=0 label=1 lowerbound=1 fileNameGp=../graphsdb/mcs30/m4D/m4Dr4/mcs30_m4Dr4_s70.A67 fileNameGt=../graphsdb/mcs30/m4D/m4Dr4/mcs30_m4Dr4_s70.B67
Reading graphs...
70 :  142
70 :  140
Initializing...
maxdom : 7
D->valSize : 307
Solving...
Blb : 3 (clique : 22)
currentSize : 22 <-- 0.004460 s
currentSize : 24 <-- 0.004710 s
currentSize : 25 <-- 0.005258 s
currentSize : 26 <-- 0.108704 s
currentSize : 27 <-- 6.065030 s
currentSize : 28 <-- 592.380493 s
currentSize : 29 <-- 1757.031372 s

TIMEOUT
maxsize : 29
nodes : 853584364.000000
filtered : 5882784115.000000
time : 3600.000000
