Parameters: GAD=1 vflib=1 dir=0 label=1 lowerbound=1 fileNameGp=../graphsdb/mcs30/m2D/m2Dr4/mcs30_m2Dr4_s60.A67 fileNameGt=../graphsdb/mcs30/m2D/m2Dr4/mcs30_m2Dr4_s60.B67
Reading graphs...
60 :  124
60 :  123
Initializing...
maxdom : 6
D->valSize : 222
Solving...
Blb : 2 (clique : 20)
currentSize : 20 <-- 0.001714 s
currentSize : 21 <-- 0.202582 s
currentSize : 22 <-- 2.268377 s
currentSize : 23 <-- 224.785187 s
currentSize : 24 <-- 375.562286 s

maxsize : 24
nodes : 318129203.000000
filtered : 1862833978.000000
time : 1160.517700
