Parameters: GAD=1 vflib=1 dir=0 label=1 lowerbound=1 fileNameGp=../graphsdb/mcs30/bvg/b03m/mcs30_b03m_s60.A14 fileNameGt=../graphsdb/mcs30/bvg/b03m/mcs30_b03m_s60.B14
Reading graphs...
60 :  89
60 :  88
Initializing...
maxdom : 7
D->valSize : 239
Solving...
Blb : 2 (clique : 25)
currentSize : 25 <-- 0.002022 s
currentSize : 26 <-- 0.573461 s
currentSize : 27 <-- 12.376102 s
currentSize : 28 <-- 77.829948 s
currentSize : 29 <-- 88.854958 s
currentSize : 30 <-- 89.528786 s
currentSize : 31 <-- 133.247421 s

maxsize : 31
nodes : 49126528.000000
filtered : 322309760.000000
time : 196.070038
