Parameters: GAD=1 vflib=1 dir=0 label=1 lowerbound=1 fileNameGp=../graphsdb/mcs30/bvg/b09m/mcs30_b09m_s70.A92 fileNameGt=../graphsdb/mcs30/bvg/b09m/mcs30_b09m_s70.B92
Reading graphs...
70 :  303
70 :  300
Initializing...
maxdom : 8
D->valSize : 313
Solving...
Blb : 2 (clique : 19)
currentSize : 19 <-- 0.003989 s
currentSize : 20 <-- 0.004205 s
currentSize : 21 <-- 0.004458 s
currentSize : 22 <-- 0.013033 s
currentSize : 23 <-- 18.559080 s
currentSize : 24 <-- 105.051453 s

maxsize : 24
nodes : 42380791.000000
filtered : 390398975.000000
time : 204.603378
