Parameters: GAD=1 vflib=1 dir=0 label=1 lowerbound=1 fileNameGp=../graphsdb/mcs30/bvg/b09m/mcs30_b09m_s100.A40 fileNameGt=../graphsdb/mcs30/bvg/b09m/mcs30_b09m_s100.B40
Reading graphs...
100 :  444
100 :  444
Initializing...
maxdom : 9
D->valSize : 351
Solving...
Blb : 3 (clique : 29)
currentSize : 29 <-- 0.003563 s
currentSize : 30 <-- 396.065918 s
currentSize : 31 <-- 399.475616 s
currentSize : 32 <-- 406.482178 s
currentSize : 33 <-- 567.830750 s

maxsize : 33
nodes : 577703599.000000
filtered : 3309928209.000000
time : 3022.410645
