Parameters: GAD=1 vflib=1 dir=0 label=1 lowerbound=1 fileNameGp=../graphsdb/mcs30/bvg/b06/mcs30_b06_s70.A45 fileNameGt=../graphsdb/mcs30/bvg/b06/mcs30_b06_s70.B45
Reading graphs...
70 :  208
70 :  206
Initializing...
maxdom : 8
D->valSize : 343
Solving...
Blb : 2 (clique : 22)
currentSize : 22 <-- 0.004719 s
currentSize : 23 <-- 10.384122 s
currentSize : 24 <-- 75.734924 s
currentSize : 25 <-- 153.054352 s
currentSize : 26 <-- 234.331238 s
currentSize : 27 <-- 234.340637 s
currentSize : 28 <-- 1204.631714 s

maxsize : 28
nodes : 305711208.000000
filtered : 3092958820.000000
time : 1484.764282
