Parameters: GAD=1 vflib=1 dir=0 label=1 lowerbound=1 fileNameGp=../graphsdb/mcs30/bvg/b09m/mcs30_b09m_s50.A27 fileNameGt=../graphsdb/mcs30/bvg/b09m/mcs30_b09m_s50.B27
Reading graphs...
50 :  215
50 :  216
Initializing...
maxdom : 8
D->valSize : 318
Solving...
Blb : 2 (clique : 11)
currentSize : 11 <-- 0.002393 s
currentSize : 12 <-- 0.004770 s
currentSize : 13 <-- 0.030676 s
currentSize : 14 <-- 1.468982 s
currentSize : 15 <-- 1.869011 s
currentSize : 16 <-- 1.869234 s
currentSize : 17 <-- 2.803221 s

maxsize : 17
nodes : 3649529.000000
filtered : 52834688.000000
time : 15.901656
