Parameters: GAD=1 vflib=1 dir=0 label=1 lowerbound=1 fileNameGp=../graphsdb/mcs30/m4D/m4Dr4/mcs30_m4Dr4_s70.A69 fileNameGt=../graphsdb/mcs30/m4D/m4Dr4/mcs30_m4Dr4_s70.B69
Reading graphs...
70 :  146
70 :  145
Initializing...
maxdom : 11
D->valSize : 332
Solving...
Blb : 5 (clique : 22)
currentSize : 22 <-- 0.002880 s
currentSize : 23 <-- 0.019413 s
currentSize : 24 <-- 0.051952 s
currentSize : 25 <-- 1.765592 s
currentSize : 26 <-- 4.038147 s
currentSize : 27 <-- 39.391895 s
currentSize : 28 <-- 181.181198 s
currentSize : 29 <-- 2016.757446 s

maxsize : 29
nodes : 553328636.000000
filtered : 5024216977.000000
time : 2252.061523
