Parameters: GAD=1 vflib=1 dir=0 label=1 lowerbound=1 fileNameGp=../graphsdb/mcs30/m3D/m3D/mcs30_m3D_s25.A50 fileNameGt=../graphsdb/mcs30/m3D/m3D/mcs30_m3D_s25.B50
Reading graphs...
25 :  48
25 :  48
Initializing...
maxdom : 8
D->valSize : 151
Solving...
Blb : 5 (clique : 9)
currentSize : 9 <-- 0.000833 s
currentSize : 10 <-- 0.001786 s
currentSize : 11 <-- 0.111777 s
currentSize : 12 <-- 0.255705 s
currentSize : 13 <-- 0.257531 s

maxsize : 13
nodes : 136335.000000
filtered : 810702.000000
time : 0.287041
