Parameters: GAD=1 vflib=1 dir=0 label=1 lowerbound=1 fileNameGp=../graphsdb/mcs30/rand/r02/mcs30_r02_s70.A81 fileNameGt=../graphsdb/mcs30/rand/r02/mcs30_r02_s70.B81
Reading graphs...
70 :  863
70 :  853
Initializing...
maxdom : 9
D->valSize : 332
Solving...
Blb : 2 (clique : 7)
currentSize : 7 <-- 0.002702 s
currentSize : 8 <-- 0.003021 s
currentSize : 9 <-- 0.004813 s
currentSize : 10 <-- 0.008301 s
currentSize : 11 <-- 0.012292 s
currentSize : 12 <-- 0.110064 s
currentSize : 13 <-- 0.135847 s
currentSize : 14 <-- 0.152659 s
currentSize : 15 <-- 0.173319 s
currentSize : 17 <-- 0.173388 s

maxsize : 17
nodes : 71077.000000
filtered : 1098037.000000
time : 0.375746
