Parameters: GAD=1 vflib=1 dir=0 label=1 lowerbound=1 fileNameGp=../graphsdb/mcs30/m2D/m2Dr6/mcs30_m2Dr6_s100.A55 fileNameGt=../graphsdb/mcs30/m2D/m2Dr6/mcs30_m2Dr6_s100.B55
Reading graphs...
100 :  236
100 :  237
Initializing...
maxdom : 6
D->valSize : 301
Solving...
Blb : 5 (clique : 27)
currentSize : 27 <-- 0.003226 s
currentSize : 28 <-- 0.545899 s
currentSize : 29 <-- 1.215673 s
currentSize : 30 <-- 33.799458 s
currentSize : 31 <-- 69.509811 s
currentSize : 32 <-- 277.206787 s
currentSize : 33 <-- 3370.430664 s

TIMEOUT
maxsize : 33
nodes : 777021505.000000
filtered : 2962873003.000000
time : 3600.000000
