Parameters: GAD=1 vflib=1 dir=0 label=1 lowerbound=1 fileNameGp=../graphsdb/mcs30/m3D/m3Dr4/mcs30_m3Dr4_s90.A86 fileNameGt=../graphsdb/mcs30/m3D/m3Dr4/mcs30_m3Dr4_s90.B86
Reading graphs...
90 :  240
90 :  242
Initializing...
maxdom : 12
D->valSize : 523
Solving...
Blb : 2 (clique : 27)
currentSize : 27 <-- 0.005832 s
currentSize : 28 <-- 0.006561 s
currentSize : 29 <-- 0.007112 s
currentSize : 30 <-- 0.009011 s
currentSize : 31 <-- 0.013970 s
currentSize : 32 <-- 0.041268 s
currentSize : 33 <-- 0.721479 s
currentSize : 34 <-- 2.976578 s
currentSize : 35 <-- 45.896835 s

TIMEOUT
maxsize : 35
nodes : 665756265.000000
filtered : 6138527938.000000
time : 3600.000000
