Parameters: GAD=1 vflib=1 dir=0 label=1 lowerbound=1 fileNameGp=../graphsdb/mcs30/m2D/m2Dr6/mcs30_m2Dr6_s70.A61 fileNameGt=../graphsdb/mcs30/m2D/m2Dr6/mcs30_m2Dr6_s70.B61
Reading graphs...
70 :  165
70 :  164
Initializing...
maxdom : 9
D->valSize : 305
Solving...
Blb : 2 (clique : 21)
currentSize : 21 <-- 0.002534 s
currentSize : 22 <-- 0.002754 s
currentSize : 23 <-- 0.178549 s
currentSize : 24 <-- 0.381765 s
currentSize : 25 <-- 167.511703 s
currentSize : 26 <-- 411.629883 s
currentSize : 27 <-- 952.078308 s
currentSize : 28 <-- 2600.197754 s

TIMEOUT
maxsize : 28
nodes : 889446867.000000
filtered : 6296865802.000000
time : 3600.000000
