Parameters: GAD=1 vflib=1 dir=0 label=1 lowerbound=1 fileNameGp=../graphsdb/mcs30/rand/r02/mcs30_r02_s80.A74 fileNameGt=../graphsdb/mcs30/rand/r02/mcs30_r02_s80.B74
Reading graphs...
80 :  1128
80 :  1132
Initializing...
maxdom : 10
D->valSize : 427
Solving...
Blb : 2 (clique : 7)
currentSize : 7 <-- 0.003958 s
currentSize : 8 <-- 0.004117 s
currentSize : 9 <-- 0.004304 s
currentSize : 10 <-- 0.009611 s
currentSize : 11 <-- 0.028323 s
currentSize : 13 <-- 0.116370 s
currentSize : 15 <-- 0.124890 s
currentSize : 16 <-- 0.131573 s
currentSize : 17 <-- 0.332554 s
currentSize : 19 <-- 0.333545 s
currentSize : 20 <-- 0.402906 s

maxsize : 20
nodes : 119567.000000
filtered : 2183309.000000
time : 0.717678
