Parameters: GAD=1 vflib=1 dir=0 label=1 lowerbound=1 fileNameGp=../graphsdb/mcs30/bvg/b03m/mcs30_b03m_s35.A41 fileNameGt=../graphsdb/mcs30/bvg/b03m/mcs30_b03m_s35.B41
Reading graphs...
35 :  52
35 :  52
Initializing...
maxdom : 7
D->valSize : 158
Solving...
Blb : 2 (clique : 13)
currentSize : 13 <-- 0.000878 s
currentSize : 14 <-- 0.001265 s
currentSize : 15 <-- 0.002238 s
currentSize : 16 <-- 0.170674 s
currentSize : 17 <-- 0.172861 s

maxsize : 17
nodes : 266605.000000
filtered : 1711685.000000
time : 0.755746
