Parameters: GAD=1 vflib=1 dir=0 label=1 lowerbound=1 fileNameGp=../graphsdb/mcs30/m2D/m2Dr6/mcs30_m2Dr6_s60.A84 fileNameGt=../graphsdb/mcs30/m2D/m2Dr6/mcs30_m2Dr6_s60.B84
Reading graphs...
60 :  136
60 :  137
Initializing...
maxdom : 8
D->valSize : 272
Solving...
Blb : 2 (clique : 17)
currentSize : 17 <-- 0.003200 s
currentSize : 18 <-- 0.006057 s
currentSize : 19 <-- 0.022074 s
currentSize : 20 <-- 0.134790 s
currentSize : 21 <-- 1.353204 s
currentSize : 22 <-- 1.558648 s
currentSize : 23 <-- 178.616013 s
currentSize : 24 <-- 178.638184 s
currentSize : 25 <-- 255.007370 s

maxsize : 25
nodes : 113789990.000000
filtered : 755002172.000000
time : 457.484863
