Parameters: GAD=1 vflib=1 dir=0 label=1 lowerbound=1 fileNameGp=../graphsdb/mcs30/m3D/m3D/mcs30_m3D_s100.A79 fileNameGt=../graphsdb/mcs30/m3D/m3D/mcs30_m3D_s100.B79
Reading graphs...
100 :  233
100 :  232
Initializing...
maxdom : 8
D->valSize : 346
Solving...
Blb : 2 (clique : 28)
currentSize : 28 <-- 0.003570 s
currentSize : 29 <-- 0.003797 s
currentSize : 30 <-- 0.003900 s
currentSize : 31 <-- 0.004036 s
currentSize : 32 <-- 0.785922 s
currentSize : 33 <-- 10.486548 s
currentSize : 34 <-- 434.730591 s
currentSize : 35 <-- 1201.131836 s

TIMEOUT
maxsize : 35
nodes : 713203058.000000
filtered : 3666553272.000000
time : 3600.000000
