Parameters: GAD=1 vflib=1 dir=0 label=1 lowerbound=1 fileNameGp=../graphsdb/mcs30/m3D/m3Dr4/mcs30_m3Dr4_s80.A43 fileNameGt=../graphsdb/mcs30/m3D/m3Dr4/mcs30_m3Dr4_s80.B43
Reading graphs...
80 :  213
80 :  211
Initializing...
maxdom : 11
D->valSize : 408
Solving...
Blb : 2 (clique : 23)
currentSize : 23 <-- 0.006285 s
currentSize : 24 <-- 0.006835 s
currentSize : 25 <-- 0.013806 s
currentSize : 26 <-- 0.013985 s
currentSize : 27 <-- 0.014685 s
currentSize : 28 <-- 0.042467 s
currentSize : 29 <-- 180.085037 s
currentSize : 30 <-- 3400.888672 s

TIMEOUT
maxsize : 30
nodes : 838393650.000000
filtered : 5852343541.000000
time : 3600.000000
