Parameters: GAD=1 vflib=1 dir=0 label=1 lowerbound=1 fileNameGp=../graphsdb/mcs30/bvg/b03/mcs30_b03_s35.A04 fileNameGt=../graphsdb/mcs30/bvg/b03/mcs30_b03_s35.B04
Reading graphs...
35 :  52
35 :  52
Initializing...
maxdom : 8
D->valSize : 161
Solving...
Blb : 5 (clique : 13)
currentSize : 13 <-- 0.001342 s
currentSize : 14 <-- 0.209053 s
currentSize : 15 <-- 0.472866 s
currentSize : 16 <-- 1.861044 s
currentSize : 17 <-- 1.868353 s

maxsize : 17
nodes : 1175848.000000
filtered : 6970527.000000
time : 2.866262
