Parameters: GAD=1 vflib=1 dir=0 label=1 lowerbound=1 fileNameGp=../graphsdb/mcs30/m4D/m4Dr2/mcs30_m4Dr2_s50.A94 fileNameGt=../graphsdb/mcs30/m4D/m4Dr2/mcs30_m4Dr2_s50.B94
Reading graphs...
50 :  96
50 :  97
Initializing...
maxdom : 11
D->valSize : 316
Solving...
Blb : 2 (clique : 18)
currentSize : 18 <-- 0.003756 s
currentSize : 19 <-- 0.003913 s
currentSize : 20 <-- 0.005407 s
currentSize : 21 <-- 0.022625 s
currentSize : 22 <-- 0.206890 s
currentSize : 23 <-- 174.727463 s

maxsize : 23
nodes : 170827151.000000
filtered : 1632401358.000000
time : 607.423218
