Parameters: GAD=1 vflib=1 dir=0 label=1 lowerbound=1 fileNameGp=../graphsdb/mcs30/m3D/m3Dr6/mcs30_m3Dr6_s100.A50 fileNameGt=../graphsdb/mcs30/m3D/m3Dr6/mcs30_m3Dr6_s100.B50
Reading graphs...
100 :  292
100 :  291
Initializing...
maxdom : 7
D->valSize : 340
Solving...
Blb : 5 (clique : 26)
currentSize : 26 <-- 0.005422 s
currentSize : 27 <-- 2.185772 s
currentSize : 28 <-- 10.179129 s
currentSize : 29 <-- 34.745899 s
currentSize : 30 <-- 86.256157 s
currentSize : 31 <-- 301.678986 s

TIMEOUT
maxsize : 31
nodes : 808054678.000000
filtered : 3134843009.000000
time : 3600.000000
