Parameters: GAD=1 vflib=1 dir=0 label=1 lowerbound=1 fileNameGp=../graphsdb/mcs30/bvg/b09m/mcs30_b09m_s80.A70 fileNameGt=../graphsdb/mcs30/bvg/b09m/mcs30_b09m_s80.B70
Reading graphs...
80 :  353
80 :  348
Initializing...
maxdom : 9
D->valSize : 423
Solving...
Blb : 2 (clique : 16)
currentSize : 16 <-- 0.004072 s
currentSize : 17 <-- 0.009860 s
currentSize : 18 <-- 0.044677 s
currentSize : 19 <-- 0.049037 s
currentSize : 20 <-- 0.066020 s
currentSize : 21 <-- 0.196440 s
currentSize : 22 <-- 0.324662 s
currentSize : 23 <-- 0.329085 s
currentSize : 24 <-- 8.624657 s
currentSize : 25 <-- 8.629127 s
currentSize : 26 <-- 9.151569 s
currentSize : 27 <-- 45.998840 s
currentSize : 28 <-- 232.459595 s
currentSize : 29 <-- 996.205444 s

maxsize : 29
nodes : 473657129.000000
filtered : 6318650934.000000
time : 2762.939453
