Parameters: GAD=1 vflib=1 dir=0 label=1 lowerbound=1 fileNameGp=../graphsdb/mcs30/m2D/m2Dr2/mcs30_m2Dr2_s80.A67 fileNameGt=../graphsdb/mcs30/m2D/m2Dr2/mcs30_m2Dr2_s80.B67
Reading graphs...
80 :  157
80 :  158
Initializing...
maxdom : 9
D->valSize : 438
Solving...
Blb : 2 (clique : 26)
currentSize : 26 <-- 0.007302 s
currentSize : 27 <-- 11.883190 s
currentSize : 28 <-- 11.908171 s
currentSize : 29 <-- 492.369476 s
currentSize : 30 <-- 573.185791 s
currentSize : 31 <-- 3042.518066 s

TIMEOUT
maxsize : 31
nodes : 924160417.000000
filtered : 5007102639.000000
time : 3600.000000
