Parameters: GAD=1 vflib=1 dir=0 label=1 lowerbound=1 fileNameGp=../graphsdb/mcs30/bvg/b06/mcs30_b06_s50.A17 fileNameGt=../graphsdb/mcs30/bvg/b06/mcs30_b06_s50.B17
Reading graphs...
50 :  147
50 :  147
Initializing...
maxdom : 9
D->valSize : 329
Solving...
Blb : 2 (clique : 15)
currentSize : 15 <-- 0.003826 s
currentSize : 16 <-- 0.003966 s
currentSize : 17 <-- 0.005743 s
currentSize : 18 <-- 0.084499 s
currentSize : 19 <-- 1.969923 s
currentSize : 20 <-- 312.154266 s

maxsize : 20
nodes : 99526451.000000
filtered : 1327018006.000000
time : 411.936554
