Parameters: GAD=1 vflib=1 dir=0 label=1 lowerbound=1 fileNameGp=../graphsdb/mcs30/m3D/m3Dr6/mcs30_m3Dr6_s90.A42 fileNameGt=../graphsdb/mcs30/m3D/m3Dr6/mcs30_m3Dr6_s90.B42
Reading graphs...
90 :  259
90 :  260
Initializing...
maxdom : 9
D->valSize : 507
Solving...
Blb : 2 (clique : 26)
currentSize : 26 <-- 0.005654 s
currentSize : 27 <-- 0.012927 s
currentSize : 28 <-- 0.114641 s
currentSize : 29 <-- 6.880096 s
currentSize : 30 <-- 75.054070 s
currentSize : 31 <-- 153.676285 s
currentSize : 32 <-- 864.614441 s

TIMEOUT
maxsize : 32
nodes : 689796593.000000
filtered : 6098217215.000000
time : 3600.000000
