Parameters: GAD=1 vflib=1 dir=0 label=1 lowerbound=1 fileNameGp=../graphsdb/mcs30/bvg/b06/mcs30_b06_s100.A37 fileNameGt=../graphsdb/mcs30/bvg/b06/mcs30_b06_s100.B37
Reading graphs...
100 :  299
100 :  294
Initializing...
maxdom : 6
D->valSize : 334
Solving...
Blb : 3 (clique : 32)
currentSize : 32 <-- 0.005615 s
currentSize : 33 <-- 0.149739 s
currentSize : 34 <-- 4.794684 s
currentSize : 35 <-- 4.960328 s
currentSize : 36 <-- 5.010678 s
currentSize : 37 <-- 77.211601 s
currentSize : 38 <-- 1860.092529 s
currentSize : 39 <-- 2832.855713 s
currentSize : 40 <-- 2972.407959 s

TIMEOUT
maxsize : 40
nodes : 663552668.000000
filtered : 3318271903.000000
time : 3600.000000
