Parameters: GAD=1 vflib=1 dir=0 label=1 lowerbound=1 fileNameGp=../graphsdb/mcs30/bvg/b09/mcs30_b09_s80.A15 fileNameGt=../graphsdb/mcs30/bvg/b09/mcs30_b09_s80.B15
Reading graphs...
80 :  359
80 :  356
Initializing...
maxdom : 11
D->valSize : 417
Solving...
Blb : 3 (clique : 23)
currentSize : 23 <-- 0.006371 s
currentSize : 24 <-- 0.049335 s
currentSize : 25 <-- 0.051844 s
currentSize : 26 <-- 6.535946 s
currentSize : 27 <-- 16.827452 s

maxsize : 27
nodes : 519647417.000000
filtered : 6537880600.000000
time : 2846.233398
