Parameters: GAD=1 vflib=1 dir=0 label=1 lowerbound=1 fileNameGp=../graphsdb/mcs30/bvg/b06/mcs30_b06_s90.A19 fileNameGt=../graphsdb/mcs30/bvg/b06/mcs30_b06_s90.B19
Reading graphs...
90 :  267
90 :  268
Initializing...
maxdom : 10
D->valSize : 501
Solving...
Blb : 5 (clique : 24)
currentSize : 24 <-- 0.005843 s
currentSize : 25 <-- 0.011710 s
currentSize : 26 <-- 2.318419 s
currentSize : 27 <-- 9.686563 s
currentSize : 28 <-- 21.790894 s
currentSize : 29 <-- 32.002003 s
currentSize : 30 <-- 97.288109 s
currentSize : 31 <-- 163.342636 s

TIMEOUT
maxsize : 31
nodes : 707176819.000000
filtered : 5863090292.000000
time : 3600.000000
