Parameters: GAD=1 vflib=1 dir=0 label=1 lowerbound=1 fileNameGp=../graphsdb/mcs30/bvg/b06/mcs30_b06_s70.A78 fileNameGt=../graphsdb/mcs30/bvg/b06/mcs30_b06_s70.B78
Reading graphs...
70 :  209
70 :  209
Initializing...
maxdom : 10
D->valSize : 297
Solving...
Blb : 2 (clique : 19)
currentSize : 19 <-- 0.002480 s
currentSize : 20 <-- 0.002609 s
currentSize : 21 <-- 0.003323 s
currentSize : 22 <-- 0.012566 s
currentSize : 23 <-- 11.983011 s
currentSize : 24 <-- 74.759621 s
currentSize : 25 <-- 74.762573 s
currentSize : 26 <-- 74.867821 s
currentSize : 27 <-- 82.885689 s

maxsize : 27
nodes : 201397281.000000
filtered : 1866329236.000000
time : 983.109070
