Parameters: GAD=1 vflib=1 dir=0 label=1 lowerbound=1 fileNameGp=../graphsdb/mcs30/rand/r005/mcs30_r005_s50.A20 fileNameGt=../graphsdb/mcs30/rand/r005/mcs30_r005_s50.B20
Reading graphs...
50 :  122
50 :  124
Initializing...
maxdom : 11
D->valSize : 357
Solving...
Blb : 2 (clique : 16)
currentSize : 16 <-- 0.002868 s
currentSize : 17 <-- 0.002984 s
currentSize : 18 <-- 0.046124 s
currentSize : 19 <-- 0.121959 s
currentSize : 20 <-- 49.305595 s

maxsize : 20
nodes : 279654362.000000
filtered : 4062600914.000000
time : 1138.872437
