Parameters: GAD=1 vflib=1 dir=0 label=1 lowerbound=1 fileNameGp=../graphsdb/mcs30/rand/r02/mcs30_r02_s70.A20 fileNameGt=../graphsdb/mcs30/rand/r02/mcs30_r02_s70.B20
Reading graphs...
70 :  860
70 :  867
Initializing...
maxdom : 9
D->valSize : 315
Solving...
Blb : 2 (clique : 8)
currentSize : 8 <-- 0.003705 s
currentSize : 9 <-- 0.004078 s
currentSize : 10 <-- 0.009361 s
currentSize : 11 <-- 0.014198 s
currentSize : 12 <-- 0.015722 s
currentSize : 13 <-- 0.043889 s
currentSize : 17 <-- 0.068313 s
currentSize : 18 <-- 0.068384 s

maxsize : 18
nodes : 29243.000000
filtered : 501984.000000
time : 0.252594
