Parameters: GAD=1 vflib=1 dir=0 label=1 lowerbound=1 fileNameGp=../graphsdb/mcs30/m4D/m4Dr6/mcs30_m4Dr6_s70.A21 fileNameGt=../graphsdb/mcs30/m4D/m4Dr6/mcs30_m4Dr6_s70.B21
Reading graphs...
70 :  158
70 :  156
Initializing...
maxdom : 10
D->valSize : 337
Solving...
Blb : 2 (clique : 26)
currentSize : 26 <-- 0.003130 s
currentSize : 27 <-- 0.003304 s
currentSize : 28 <-- 0.011167 s
currentSize : 29 <-- 0.011307 s
currentSize : 30 <-- 0.899107 s
currentSize : 31 <-- 157.362076 s

TIMEOUT
maxsize : 31
nodes : 759803476.000000
filtered : 8160733077.000000
time : 3600.000000
