Parameters: GAD=1 vflib=1 dir=0 label=1 lowerbound=1 fileNameGp=../graphsdb/mcs30/rand/r02/mcs30_r02_s35.A30 fileNameGt=../graphsdb/mcs30/rand/r02/mcs30_r02_s35.B30
Reading graphs...
35 :  211
35 :  202
Initializing...
maxdom : 7
D->valSize : 157
Solving...
Blb : 2 (clique : 5)
currentSize : 5 <-- 0.000874 s
currentSize : 6 <-- 0.000940 s
currentSize : 7 <-- 0.000973 s
currentSize : 8 <-- 0.002033 s
currentSize : 9 <-- 0.019600 s

maxsize : 9
nodes : 8234.000000
filtered : 75918.000000
time : 0.026721
