Parameters: GAD=1 vflib=1 dir=0 label=1 lowerbound=1 fileNameGp=../graphsdb/mcs30/m4D/m4D/mcs30_m4D_s60.A60 fileNameGt=../graphsdb/mcs30/m4D/m4D/mcs30_m4D_s60.B60
Reading graphs...
60 :  102
60 :  102
Initializing...
maxdom : 9
D->valSize : 246
Solving...
Blb : 2 (clique : 20)
currentSize : 20 <-- 0.001890 s
currentSize : 21 <-- 0.002023 s
currentSize : 22 <-- 0.021646 s
currentSize : 23 <-- 0.828251 s
currentSize : 24 <-- 0.904622 s
currentSize : 25 <-- 2.708605 s
currentSize : 26 <-- 33.712429 s
currentSize : 27 <-- 129.206924 s

maxsize : 27
nodes : 38214231.000000
filtered : 243588213.000000
time : 156.828644
