Parameters: GAD=1 vflib=1 dir=0 label=1 lowerbound=1 fileNameGp=../graphsdb/mcs30/m2D/m2D/mcs30_m2D_s60.A15 fileNameGt=../graphsdb/mcs30/m2D/m2D/mcs30_m2D_s60.B15
Reading graphs...
60 :  103
60 :  104
Initializing...
maxdom : 8
D->valSize : 253
Solving...
Blb : 2 (clique : 22)
currentSize : 22 <-- 0.001964 s
currentSize : 23 <-- 0.002168 s
currentSize : 24 <-- 0.023814 s
currentSize : 25 <-- 2.206518 s
currentSize : 26 <-- 9.447974 s
currentSize : 27 <-- 21.028797 s

maxsize : 27
nodes : 81221729.000000
filtered : 614400751.000000
time : 336.109314
