Parameters: GAD=1 vflib=1 dir=0 label=1 lowerbound=1 fileNameGp=../graphsdb/mcs30/bvg/b06/mcs30_b06_s50.A69 fileNameGt=../graphsdb/mcs30/bvg/b06/mcs30_b06_s50.B69
Reading graphs...
50 :  149
50 :  148
Initializing...
maxdom : 9
D->valSize : 322
Solving...
Blb : 2 (clique : 14)
currentSize : 14 <-- 0.002425 s
currentSize : 15 <-- 0.002574 s
currentSize : 16 <-- 0.898969 s
currentSize : 17 <-- 1.774359 s
currentSize : 18 <-- 2.357724 s
currentSize : 19 <-- 2.357774 s
currentSize : 20 <-- 12.018536 s

maxsize : 20
nodes : 11606179.000000
filtered : 151281210.000000
time : 48.685947
