Parameters: GAD=1 vflib=1 dir=0 label=1 lowerbound=1 fileNameGp=../graphsdb/mcs30/bvg/b03m/mcs30_b03m_s40.A18 fileNameGt=../graphsdb/mcs30/bvg/b03m/mcs30_b03m_s40.B18
Reading graphs...
40 :  60
40 :  59
Initializing...
maxdom : 7
D->valSize : 202
Solving...
Blb : 5 (clique : 14)
currentSize : 14 <-- 0.001259 s
currentSize : 15 <-- 0.002941 s
currentSize : 16 <-- 0.003146 s
currentSize : 17 <-- 0.135049 s
currentSize : 18 <-- 0.235075 s
currentSize : 19 <-- 82.457680 s
currentSize : 20 <-- 82.468452 s

maxsize : 20
nodes : 51112797.000000
filtered : 280075560.000000
time : 137.521591
