Parameters: GAD=1 vflib=1 dir=0 label=1 lowerbound=1 fileNameGp=../graphsdb/mcs30/rand/r005/mcs30_r005_s90.A70 fileNameGt=../graphsdb/mcs30/rand/r005/mcs30_r005_s90.B70
Reading graphs...
90 :  389
90 :  386
Initializing...
maxdom : 11
D->valSize : 503
Solving...
Blb : 2 (clique : 20)
currentSize : 20 <-- 0.005432 s
currentSize : 22 <-- 0.005604 s
currentSize : 23 <-- 0.165820 s
currentSize : 24 <-- 0.903514 s
currentSize : 25 <-- 23.391050 s
currentSize : 26 <-- 31.135012 s
currentSize : 27 <-- 31.136324 s
currentSize : 28 <-- 447.218811 s

TIMEOUT
maxsize : 28
nodes : 657647472.000000
filtered : 7133479765.000000
time : 3600.000000
