Parameters: GAD=1 vflib=1 dir=0 label=1 lowerbound=1 fileNameGp=../graphsdb/mcs30/m2D/m2Dr4/mcs30_m2Dr4_s70.A33 fileNameGt=../graphsdb/mcs30/m2D/m2Dr4/mcs30_m2Dr4_s70.B33
Reading graphs...
70 :  151
70 :  150
Initializing...
maxdom : 9
D->valSize : 359
Solving...
Blb : 2 (clique : 21)
currentSize : 21 <-- 0.005662 s
currentSize : 22 <-- 2.169424 s
currentSize : 23 <-- 3.372712 s
currentSize : 24 <-- 13.480641 s
currentSize : 25 <-- 17.400230 s
currentSize : 26 <-- 39.343975 s
currentSize : 27 <-- 213.941055 s
currentSize : 28 <-- 414.105865 s

TIMEOUT
maxsize : 28
nodes : 762416463.000000
filtered : 7746789475.000000
time : 3600.000000
