Parameters: GAD=1 vflib=1 dir=0 label=1 lowerbound=1 fileNameGp=../graphsdb/mcs30/m3D/m3D/mcs30_m3D_s80.A27 fileNameGt=../graphsdb/mcs30/m3D/m3D/mcs30_m3D_s80.B27
Reading graphs...
80 :  181
80 :  183
Initializing...
maxdom : 10
D->valSize : 456
Solving...
Blb : 2 (clique : 25)
currentSize : 25 <-- 0.004713 s
currentSize : 28 <-- 0.004895 s
currentSize : 29 <-- 0.067413 s
currentSize : 30 <-- 0.159258 s
currentSize : 31 <-- 1906.977539 s
currentSize : 32 <-- 1955.053955 s

TIMEOUT
maxsize : 32
nodes : 787393180.000000
filtered : 6396854072.000000
time : 3600.000000
