Parameters: GAD=1 vflib=1 dir=0 label=1 lowerbound=1 fileNameGp=../graphsdb/mcs30/bvg/b03/mcs30_b03_s70.A43 fileNameGt=../graphsdb/mcs30/bvg/b03/mcs30_b03_s70.B43
Reading graphs...
70 :  105
70 :  104
Initializing...
maxdom : 8
D->valSize : 310
Solving...
Blb : 2 (clique : 27)
currentSize : 27 <-- 0.002743 s
currentSize : 28 <-- 0.002945 s
currentSize : 29 <-- 0.003114 s
currentSize : 30 <-- 0.003266 s
currentSize : 31 <-- 0.057745 s
currentSize : 32 <-- 0.153099 s
currentSize : 33 <-- 0.522555 s
currentSize : 34 <-- 0.964330 s

TIMEOUT
maxsize : 34
nodes : 802281398.000000
filtered : 6778570517.000000
time : 3600.000000
