Parameters: GAD=1 vflib=1 dir=0 label=1 lowerbound=1 fileNameGp=../graphsdb/mcs30/bvg/b06/mcs30_b06_s50.A77 fileNameGt=../graphsdb/mcs30/bvg/b06/mcs30_b06_s50.B77
Reading graphs...
50 :  150
50 :  147
Initializing...
maxdom : 8
D->valSize : 298
Solving...
Blb : 2 (clique : 14)
currentSize : 14 <-- 0.003227 s
currentSize : 15 <-- 0.005402 s
currentSize : 16 <-- 0.097151 s
currentSize : 17 <-- 0.781877 s
currentSize : 18 <-- 6.742537 s
currentSize : 19 <-- 13.126150 s
currentSize : 20 <-- 13.126246 s

maxsize : 20
nodes : 7329685.000000
filtered : 86909275.000000
time : 30.496326
