Parameters: GAD=1 vflib=1 dir=0 label=1 lowerbound=1 fileNameGp=../graphsdb/mcs30/m3D/m3Dr6/mcs30_m3Dr6_s70.A49 fileNameGt=../graphsdb/mcs30/m3D/m3Dr6/mcs30_m3Dr6_s70.B49
Reading graphs...
70 :  199
70 :  198
Initializing...
maxdom : 7
D->valSize : 314
Solving...
Blb : 2 (clique : 21)
currentSize : 21 <-- 0.002670 s
currentSize : 23 <-- 0.002809 s
currentSize : 24 <-- 0.002852 s
currentSize : 25 <-- 0.003208 s
currentSize : 26 <-- 0.003329 s
currentSize : 27 <-- 0.003511 s
currentSize : 29 <-- 0.003714 s
currentSize : 30 <-- 0.058014 s
currentSize : 31 <-- 43.613426 s

maxsize : 31
nodes : 254268597.000000
filtered : 2314150184.000000
time : 1269.305298
