Parameters: GAD=1 vflib=1 dir=0 label=1 lowerbound=1 fileNameGp=../graphsdb/mcs30/bvg/b03m/mcs30_b03m_s70.A76 fileNameGt=../graphsdb/mcs30/bvg/b03m/mcs30_b03m_s70.B76
Reading graphs...
70 :  104
70 :  105
Initializing...
maxdom : 11
D->valSize : 308
Solving...
Blb : 5 (clique : 27)
currentSize : 27 <-- 0.002668 s
currentSize : 28 <-- 0.030643 s
currentSize : 29 <-- 0.249163 s
currentSize : 30 <-- 1.279592 s
currentSize : 31 <-- 1.386277 s
currentSize : 32 <-- 243.529633 s
currentSize : 33 <-- 839.684265 s

maxsize : 33
nodes : 182296175.000000
filtered : 1523496431.000000
time : 864.157349
