Parameters: GAD=1 vflib=1 dir=0 label=1 lowerbound=1 fileNameGp=../graphsdb/mcs30/m4D/m4D/mcs30_m4D_s50.A90 fileNameGt=../graphsdb/mcs30/m4D/m4D/mcs30_m4D_s50.B90
Reading graphs...
50 :  86
50 :  86
Initializing...
maxdom : 10
D->valSize : 315
Solving...
Blb : 5 (clique : 21)
currentSize : 21 <-- 0.003624 s
currentSize : 22 <-- 1.888345 s
currentSize : 23 <-- 29.645386 s
currentSize : 24 <-- 41.869133 s
currentSize : 25 <-- 643.980408 s

maxsize : 25
nodes : 243859564.000000
filtered : 2953349789.000000
time : 1034.114014
