Parameters: GAD=1 vflib=1 dir=0 label=1 lowerbound=1 fileNameGp=../graphsdb/mcs30/rand/r01/mcs30_r01_s100.A51 fileNameGt=../graphsdb/mcs30/rand/r01/mcs30_r01_s100.B51
Reading graphs...
100 :  945
100 :  937
Initializing...
maxdom : 6
D->valSize : 328
Solving...
Blb : 2 (clique : 16)
currentSize : 16 <-- 0.002997 s
currentSize : 17 <-- 0.003132 s
currentSize : 18 <-- 0.003456 s
currentSize : 19 <-- 0.003552 s
currentSize : 20 <-- 0.003765 s
currentSize : 21 <-- 0.003855 s
currentSize : 24 <-- 0.003947 s
currentSize : 25 <-- 0.755034 s
currentSize : 28 <-- 0.755565 s

maxsize : 28
nodes : 1759850.000000
filtered : 22968996.000000
time : 11.860585
