Parameters: GAD=1 vflib=1 dir=0 label=1 lowerbound=1 fileNameGp=../graphsdb/mcs30/m4D/m4Dr2/mcs30_m4Dr2_s70.A13 fileNameGt=../graphsdb/mcs30/m4D/m4Dr2/mcs30_m4Dr2_s70.B13
Reading graphs...
70 :  132
70 :  131
Initializing...
maxdom : 9
D->valSize : 315
Solving...
Blb : 2 (clique : 25)
currentSize : 25 <-- 0.004289 s
currentSize : 26 <-- 0.119126 s
currentSize : 27 <-- 7.328436 s
currentSize : 28 <-- 12.489369 s
currentSize : 29 <-- 160.506302 s
currentSize : 30 <-- 1435.352905 s
currentSize : 31 <-- 1622.669800 s

TIMEOUT
maxsize : 31
nodes : 874632876.000000
filtered : 5845820944.000000
time : 3600.000000
