Parameters: GAD=1 vflib=1 dir=0 label=1 lowerbound=1 fileNameGp=../graphsdb/mcs30/m4D/m4Dr6/mcs30_m4Dr6_s50.A24 fileNameGt=../graphsdb/mcs30/m4D/m4Dr6/mcs30_m4Dr6_s50.B24
Reading graphs...
50 :  113
50 :  112
Initializing...
maxdom : 10
D->valSize : 325
Solving...
Blb : 2 (clique : 16)
currentSize : 16 <-- 0.002385 s
currentSize : 17 <-- 0.004171 s
currentSize : 18 <-- 0.022234 s
currentSize : 19 <-- 0.830969 s
currentSize : 20 <-- 15.053374 s
currentSize : 21 <-- 57.360073 s

maxsize : 21
nodes : 55989353.000000
filtered : 637315113.000000
time : 213.243729
