Parameters: GAD=1 vflib=1 dir=0 label=1 lowerbound=1 fileNameGp=../graphsdb/mcs30/bvg/b09m/mcs30_b09m_s50.A78 fileNameGt=../graphsdb/mcs30/bvg/b09m/mcs30_b09m_s50.B78
Reading graphs...
50 :  212
50 :  213
Initializing...
maxdom : 11
D->valSize : 342
Solving...
Blb : 2 (clique : 11)
currentSize : 11 <-- 0.003867 s
currentSize : 12 <-- 0.005021 s
currentSize : 13 <-- 0.016851 s
currentSize : 14 <-- 0.050883 s
currentSize : 15 <-- 0.125936 s
currentSize : 16 <-- 0.593626 s
currentSize : 17 <-- 1.042491 s

maxsize : 17
nodes : 1644945.000000
filtered : 29609778.000000
time : 7.764051
