Parameters: GAD=1 vflib=1 dir=0 label=1 lowerbound=1 fileNameGp=../graphsdb/mcs30/rand/r01/mcs30_r01_s100.A90 fileNameGt=../graphsdb/mcs30/rand/r01/mcs30_r01_s100.B90
Reading graphs...
100 :  946
100 :  941
Initializing...
maxdom : 7
D->valSize : 356
Solving...
Blb : 2 (clique : 16)
currentSize : 16 <-- 0.003445 s
currentSize : 17 <-- 0.158233 s
currentSize : 18 <-- 0.159372 s
currentSize : 19 <-- 0.788277 s
currentSize : 20 <-- 4.508560 s
currentSize : 21 <-- 4.508597 s
currentSize : 23 <-- 4.512645 s
currentSize : 24 <-- 4.513199 s
currentSize : 27 <-- 6.833728 s
currentSize : 29 <-- 7.695795 s

maxsize : 29
nodes : 1737854.000000
filtered : 19735841.000000
time : 11.301513
