Parameters: GAD=1 vflib=1 dir=0 label=1 lowerbound=1 fileNameGp=../graphsdb/mcs30/m4D/m4D/mcs30_m4D_s70.A38 fileNameGt=../graphsdb/mcs30/m4D/m4D/mcs30_m4D_s70.B38
Reading graphs...
70 :  118
70 :  117
Initializing...
maxdom : 7
D->valSize : 321
Solving...
Blb : 2 (clique : 28)
currentSize : 28 <-- 0.002991 s
currentSize : 29 <-- 0.005509 s
currentSize : 30 <-- 0.045868 s
currentSize : 31 <-- 0.053942 s
currentSize : 32 <-- 28.209124 s
currentSize : 33 <-- 116.342171 s
currentSize : 34 <-- 170.759537 s

TIMEOUT
maxsize : 34
nodes : 783374075.000000
filtered : 5935019892.000000
time : 3600.000000
