Parameters: GAD=1 vflib=1 dir=0 label=1 lowerbound=1 fileNameGp=../graphsdb/mcs30/rand/r005/mcs30_r005_s50.A22 fileNameGt=../graphsdb/mcs30/rand/r005/mcs30_r005_s50.B22
Reading graphs...
50 :  124
50 :  124
Initializing...
maxdom : 13
D->valSize : 352
Solving...
Blb : 2 (clique : 16)
currentSize : 16 <-- 0.004171 s
currentSize : 17 <-- 0.004941 s
currentSize : 18 <-- 0.015967 s
currentSize : 19 <-- 0.192919 s
currentSize : 20 <-- 1.535610 s
currentSize : 21 <-- 11.459192 s

maxsize : 21
nodes : 25032485.000000
filtered : 348853632.000000
time : 103.582809
