Parameters: GAD=1 vflib=1 dir=0 label=1 lowerbound=1 fileNameGp=../graphsdb/mcs30/rand/r01/mcs30_r01_s35.A82 fileNameGt=../graphsdb/mcs30/rand/r01/mcs30_r01_s35.B82
Reading graphs...
35 :  116
35 :  114
Initializing...
maxdom : 6
D->valSize : 160
Solving...
Blb : 2 (clique : 8)
currentSize : 8 <-- 0.000892 s
currentSize : 9 <-- 0.001131 s
currentSize : 10 <-- 0.003670 s
currentSize : 11 <-- 0.012280 s
currentSize : 12 <-- 0.058453 s
currentSize : 13 <-- 0.224423 s

maxsize : 13
nodes : 97734.000000
filtered : 831458.000000
time : 0.299727
