Parameters: GAD=1 vflib=1 dir=0 label=1 lowerbound=1 fileNameGp=../graphsdb/mcs30/bvg/b09m/mcs30_b09m_s50.A90 fileNameGt=../graphsdb/mcs30/bvg/b09m/mcs30_b09m_s50.B90
Reading graphs...
50 :  212
50 :  215
Initializing...
maxdom : 10
D->valSize : 310
Solving...
Blb : 2 (clique : 12)
currentSize : 12 <-- 0.002261 s
currentSize : 13 <-- 0.002565 s
currentSize : 14 <-- 0.015215 s
currentSize : 15 <-- 1.345293 s
currentSize : 16 <-- 3.162700 s

maxsize : 16
nodes : 2741569.000000
filtered : 33684010.000000
time : 11.205254
