Parameters: GAD=1 vflib=1 dir=0 label=1 lowerbound=1 fileNameGp=../graphsdb/mcs30/bvg/b09/mcs30_b09_s35.A59 fileNameGt=../graphsdb/mcs30/bvg/b09/mcs30_b09_s35.B59
Reading graphs...
35 :  151
35 :  151
Initializing...
maxdom : 8
D->valSize : 157
Solving...
Blb : 2 (clique : 9)
currentSize : 9 <-- 0.000898 s
currentSize : 10 <-- 0.001024 s
currentSize : 11 <-- 0.003075 s
currentSize : 12 <-- 0.030172 s
currentSize : 13 <-- 0.050228 s

maxsize : 13
nodes : 18200.000000
filtered : 243906.000000
time : 0.063238
