Parameters: GAD=1 vflib=1 dir=0 label=1 lowerbound=1 fileNameGp=../graphsdb/mcs30/m4D/m4Dr6/mcs30_m4Dr6_s60.A53 fileNameGt=../graphsdb/mcs30/m4D/m4Dr6/mcs30_m4Dr6_s60.B53
Reading graphs...
60 :  136
60 :  135
Initializing...
maxdom : 7
D->valSize : 239
Solving...
Blb : 2 (clique : 19)
currentSize : 19 <-- 0.001716 s
currentSize : 20 <-- 0.001972 s
currentSize : 21 <-- 0.057337 s
currentSize : 22 <-- 0.285664 s
currentSize : 23 <-- 1.049864 s
currentSize : 24 <-- 1.468872 s
currentSize : 25 <-- 3.225126 s

maxsize : 25
nodes : 144962239.000000
filtered : 987850155.000000
time : 559.796631
