Parameters: GAD=1 vflib=1 dir=0 label=1 lowerbound=1 fileNameGp=../graphsdb/mcs30/m4D/m4Dr2/mcs30_m4Dr2_s90.A49 fileNameGt=../graphsdb/mcs30/m4D/m4Dr2/mcs30_m4Dr2_s90.B49
Reading graphs...
90 :  163
90 :  162
Initializing...
maxdom : 10
D->valSize : 488
Solving...
Blb : 2 (clique : 31)
currentSize : 31 <-- 0.005406 s
currentSize : 33 <-- 0.029873 s
currentSize : 34 <-- 0.042779 s
currentSize : 35 <-- 0.669834 s
currentSize : 36 <-- 2.863104 s
currentSize : 37 <-- 267.850891 s

TIMEOUT
maxsize : 37
nodes : 910439341.000000
filtered : 4240216160.000000
time : 3600.000000
