Parameters: GAD=1 vflib=1 dir=0 label=1 lowerbound=1 fileNameGp=../graphsdb/mcs30/m4D/m4D/mcs30_m4D_s70.A37 fileNameGt=../graphsdb/mcs30/m4D/m4D/mcs30_m4D_s70.B37
Reading graphs...
70 :  118
70 :  117
Initializing...
maxdom : 9
D->valSize : 311
Solving...
Blb : 3 (clique : 26)
currentSize : 26 <-- 0.002699 s
currentSize : 27 <-- 0.097281 s
currentSize : 28 <-- 5.866967 s
currentSize : 29 <-- 135.087021 s
currentSize : 30 <-- 900.480042 s
currentSize : 31 <-- 2198.757568 s

TIMEOUT
maxsize : 31
nodes : 1006109307.000000
filtered : 5776356619.000000
time : 3600.000000
