Parameters: GAD=1 vflib=1 dir=0 label=1 lowerbound=1 fileNameGp=../graphsdb/mcs30/m2D/m2D/mcs30_m2D_s50.A83 fileNameGt=../graphsdb/mcs30/m2D/m2D/mcs30_m2D_s50.B83
Reading graphs...
50 :  85
50 :  83
Initializing...
maxdom : 10
D->valSize : 310
Solving...
Blb : 2 (clique : 19)
currentSize : 19 <-- 0.002449 s
currentSize : 20 <-- 0.003077 s
currentSize : 21 <-- 0.004553 s
currentSize : 22 <-- 0.012705 s
currentSize : 23 <-- 3.947790 s
currentSize : 24 <-- 38.914120 s
currentSize : 25 <-- 46.887329 s

maxsize : 25
nodes : 97382499.000000
filtered : 919635569.000000
time : 357.847717
