Parameters: GAD=1 vflib=1 dir=0 label=1 lowerbound=1 fileNameGp=../graphsdb/mcs30/m3D/m3Dr2/mcs30_m3Dr2_s80.A43 fileNameGt=../graphsdb/mcs30/m3D/m3Dr2/mcs30_m3Dr2_s80.B43
Reading graphs...
80 :  197
80 :  198
Initializing...
maxdom : 11
D->valSize : 448
Solving...
Blb : 2 (clique : 29)
currentSize : 29 <-- 0.004494 s
currentSize : 30 <-- 0.004799 s
currentSize : 31 <-- 0.005141 s
currentSize : 32 <-- 0.005221 s
currentSize : 33 <-- 0.005676 s
currentSize : 34 <-- 4.055589 s
currentSize : 35 <-- 11.540914 s
currentSize : 36 <-- 192.147705 s

maxsize : 36
nodes : 535843420.000000
filtered : 8210896941.000000
time : 3248.490479
