Parameters: GAD=1 vflib=1 dir=0 label=1 lowerbound=1 fileNameGp=../graphsdb/mcs30/bvg/b09/mcs30_b09_s40.A27 fileNameGt=../graphsdb/mcs30/bvg/b09/mcs30_b09_s40.B27
Reading graphs...
40 :  173
40 :  175
Initializing...
maxdom : 8
D->valSize : 198
Solving...
Blb : 2 (clique : 8)
currentSize : 8 <-- 0.001227 s
currentSize : 9 <-- 0.001291 s
currentSize : 10 <-- 0.001341 s
currentSize : 12 <-- 0.003744 s
currentSize : 13 <-- 0.003858 s
currentSize : 14 <-- 0.090508 s

maxsize : 14
nodes : 38308.000000
filtered : 461365.000000
time : 0.140895
