Parameters: GAD=1 vflib=1 dir=0 label=1 lowerbound=1 fileNameGp=../graphsdb/mcs30/m2D/m2Dr6/mcs30_m2Dr6_s30.A88 fileNameGt=../graphsdb/mcs30/m2D/m2Dr6/mcs30_m2Dr6_s30.B88
Reading graphs...
30 :  66
30 :  66
Initializing...
maxdom : 9
D->valSize : 120
Solving...
Blb : 3 (clique : 7)
currentSize : 7 <-- 0.000586 s
currentSize : 8 <-- 0.000632 s
currentSize : 9 <-- 0.000777 s
currentSize : 10 <-- 0.002935 s
currentSize : 11 <-- 0.027085 s

maxsize : 11
nodes : 14354.000000
filtered : 72963.000000
time : 0.032532
