Parameters: GAD=1 vflib=1 dir=0 label=1 lowerbound=1 fileNameGp=../graphsdb/mcs30/bvg/b03/mcs30_b03_s35.A55 fileNameGt=../graphsdb/mcs30/bvg/b03/mcs30_b03_s35.B55
Reading graphs...
35 :  52
35 :  52
Initializing...
maxdom : 6
D->valSize : 167
Solving...
Blb : 2 (clique : 12)
currentSize : 12 <-- 0.001428 s
currentSize : 14 <-- 0.003078 s
currentSize : 15 <-- 0.003229 s
currentSize : 16 <-- 0.033350 s
currentSize : 17 <-- 0.094064 s
currentSize : 18 <-- 0.870058 s

maxsize : 18
nodes : 392392.000000
filtered : 2628953.000000
time : 1.277034
