Parameters: GAD=1 vflib=1 dir=0 label=1 lowerbound=1 fileNameGp=../graphsdb/mcs30/rand/r005/mcs30_r005_s80.A16 fileNameGt=../graphsdb/mcs30/rand/r005/mcs30_r005_s80.B16
Reading graphs...
80 :  306
80 :  308
Initializing...
maxdom : 9
D->valSize : 423
Solving...
Blb : 2 (clique : 21)
currentSize : 21 <-- 0.003985 s
currentSize : 22 <-- 0.004153 s
currentSize : 23 <-- 0.009006 s
currentSize : 24 <-- 0.009316 s
currentSize : 25 <-- 0.026682 s
currentSize : 26 <-- 0.473574 s
currentSize : 27 <-- 4.216983 s

TIMEOUT
maxsize : 27
nodes : 681032386.000000
filtered : 7183096140.000000
time : 3600.000000
