Parameters: GAD=1 vflib=1 dir=0 label=1 lowerbound=1 fileNameGp=../graphsdb/mcs30/m4D/m4Dr4/mcs30_m4Dr4_s90.A33 fileNameGt=../graphsdb/mcs30/m4D/m4Dr4/mcs30_m4Dr4_s90.B33
Reading graphs...
90 :  179
90 :  178
Initializing...
maxdom : 11
D->valSize : 500
Solving...
Blb : 2 (clique : 31)
currentSize : 31 <-- 0.005713 s
currentSize : 32 <-- 0.006025 s
currentSize : 33 <-- 0.006372 s
currentSize : 34 <-- 0.441980 s
currentSize : 35 <-- 0.823589 s
currentSize : 36 <-- 405.473022 s

TIMEOUT
maxsize : 36
nodes : 880444189.000000
filtered : 4512913685.000000
time : 3600.000000
