Parameters: GAD=1 vflib=1 dir=0 label=1 lowerbound=1 fileNameGp=../graphsdb/mcs30/m3D/m3Dr4/mcs30_m3Dr4_s90.A01 fileNameGt=../graphsdb/mcs30/m3D/m3Dr4/mcs30_m3Dr4_s90.B01
Reading graphs...
90 :  242
90 :  243
Initializing...
maxdom : 10
D->valSize : 517
Solving...
Blb : 2 (clique : 27)
currentSize : 27 <-- 0.005787 s
currentSize : 28 <-- 0.008418 s
currentSize : 29 <-- 0.008506 s
currentSize : 30 <-- 0.397542 s
currentSize : 31 <-- 2.059306 s
currentSize : 32 <-- 542.320374 s

TIMEOUT
maxsize : 32
nodes : 747315748.000000
filtered : 5242234216.000000
time : 3600.000000
