Parameters: GAD=1 vflib=1 dir=0 label=1 lowerbound=1 fileNameGp=../graphsdb/mcs30/m3D/m3D/mcs30_m3D_s100.A96 fileNameGt=../graphsdb/mcs30/m3D/m3D/mcs30_m3D_s100.B96
Reading graphs...
100 :  233
100 :  232
Initializing...
maxdom : 7
D->valSize : 341
Solving...
Blb : 2 (clique : 28)
currentSize : 28 <-- 0.003367 s
currentSize : 29 <-- 0.006519 s
currentSize : 30 <-- 0.108558 s
currentSize : 31 <-- 10.048519 s
currentSize : 32 <-- 43.769169 s
currentSize : 33 <-- 62.596664 s
currentSize : 34 <-- 991.212524 s

TIMEOUT
maxsize : 34
nodes : 774932648.000000
filtered : 3175011700.000000
time : 3600.000000
