Parameters: GAD=1 vflib=1 dir=0 label=1 lowerbound=1 fileNameGp=../graphsdb/mcs30/bvg/b06m/mcs30_b06m_s70.A34 fileNameGt=../graphsdb/mcs30/bvg/b06m/mcs30_b06m_s70.B34
Reading graphs...
70 :  208
70 :  205
Initializing...
maxdom : 8
D->valSize : 334
Solving...
Blb : 2 (clique : 20)
currentSize : 20 <-- 0.002977 s
currentSize : 22 <-- 0.003106 s
currentSize : 23 <-- 0.003278 s
currentSize : 24 <-- 0.003354 s
currentSize : 25 <-- 0.087278 s
currentSize : 26 <-- 23.639128 s
currentSize : 27 <-- 303.670227 s
currentSize : 28 <-- 463.554779 s

maxsize : 28
nodes : 388663686.000000
filtered : 3931042538.000000
time : 1886.386719
