Parameters: GAD=1 vflib=1 dir=0 label=1 lowerbound=1 fileNameGp=../graphsdb/mcs30/m4D/m4Dr6/mcs30_m4Dr6_s60.A06 fileNameGt=../graphsdb/mcs30/m4D/m4Dr6/mcs30_m4Dr6_s60.B06
Reading graphs...
60 :  137
60 :  135
Initializing...
maxdom : 8
D->valSize : 219
Solving...
Blb : 2 (clique : 19)
currentSize : 19 <-- 0.001558 s
currentSize : 20 <-- 0.001746 s
currentSize : 21 <-- 0.001916 s
currentSize : 22 <-- 0.002253 s
currentSize : 23 <-- 0.209260 s
currentSize : 24 <-- 0.647027 s
currentSize : 25 <-- 229.582855 s

maxsize : 25
nodes : 77410913.000000
filtered : 467190092.000000
time : 299.044220
