Parameters: GAD=1 vflib=1 dir=0 label=1 lowerbound=1 fileNameGp=../graphsdb/mcs30/bvg/b06/mcs30_b06_s50.A89 fileNameGt=../graphsdb/mcs30/bvg/b06/mcs30_b06_s50.B89
Reading graphs...
50 :  147
50 :  149
Initializing...
maxdom : 10
D->valSize : 327
Solving...
Blb : 2 (clique : 14)
currentSize : 14 <-- 0.002433 s
currentSize : 15 <-- 0.002520 s
currentSize : 16 <-- 0.033657 s
currentSize : 18 <-- 11.014925 s
currentSize : 19 <-- 11.015487 s
currentSize : 20 <-- 22.728931 s

maxsize : 20
nodes : 19153227.000000
filtered : 250837502.000000
time : 78.243370
