Parameters: GAD=1 vflib=1 dir=0 label=1 lowerbound=1 fileNameGp=../graphsdb/mcs30/bvg/b03m/mcs30_b03m_s60.A83 fileNameGt=../graphsdb/mcs30/bvg/b03m/mcs30_b03m_s60.B83
Reading graphs...
60 :  89
60 :  90
Initializing...
maxdom : 6
D->valSize : 235
Solving...
Blb : 2 (clique : 22)
currentSize : 22 <-- 0.002756 s
currentSize : 23 <-- 0.002960 s
currentSize : 24 <-- 0.006959 s
currentSize : 25 <-- 0.007011 s
currentSize : 26 <-- 0.438910 s
currentSize : 27 <-- 37.707275 s
currentSize : 28 <-- 335.539215 s
currentSize : 29 <-- 1416.408325 s

maxsize : 29
nodes : 865854964.000000
filtered : 6088942615.000000
time : 3515.311523
