Parameters: GAD=1 vflib=1 dir=0 label=1 lowerbound=1 fileNameGp=../graphsdb/mcs30/rand/r001/mcs30_r001_s100.A74 fileNameGt=../graphsdb/mcs30/rand/r001/mcs30_r001_s100.B74
Reading graphs...
100 :  120
100 :  120
Initializing...
maxdom : 7
D->valSize : 327
Solving...
Blb : 2 (clique : 37)
currentSize : 37 <-- 0.003423 s
currentSize : 38 <-- 0.777329 s
currentSize : 39 <-- 4.072430 s
currentSize : 40 <-- 10.282275 s
currentSize : 41 <-- 11.357555 s
currentSize : 42 <-- 33.156025 s
currentSize : 43 <-- 33.609596 s
currentSize : 44 <-- 271.357117 s
currentSize : 45 <-- 605.168701 s
currentSize : 46 <-- 3585.627441 s

TIMEOUT
maxsize : 46
nodes : 710657114.000000
filtered : 3081585308.000000
time : 3600.000000
