Parameters: GAD=1 vflib=1 dir=0 label=1 lowerbound=1 fileNameGp=../graphsdb/mcs30/m4D/m4D/mcs30_m4D_s60.A09 fileNameGt=../graphsdb/mcs30/m4D/m4D/mcs30_m4D_s60.B09
Reading graphs...
60 :  102
60 :  102
Initializing...
maxdom : 11
D->valSize : 246
Solving...
Blb : 2 (clique : 20)
currentSize : 20 <-- 0.001878 s
currentSize : 21 <-- 0.002091 s
currentSize : 22 <-- 0.004548 s
currentSize : 23 <-- 1.497421 s
currentSize : 24 <-- 1.633055 s
currentSize : 25 <-- 1.677722 s
currentSize : 26 <-- 2.011836 s
currentSize : 27 <-- 15.418556 s
currentSize : 28 <-- 22.613150 s

maxsize : 28
nodes : 7327288.000000
filtered : 46124269.000000
time : 29.000818
