Parameters: GAD=1 vflib=1 dir=0 label=1 lowerbound=1 fileNameGp=../graphsdb/mcs30/rand/r01/mcs30_r01_s70.A64 fileNameGt=../graphsdb/mcs30/rand/r01/mcs30_r01_s70.B64
Reading graphs...
70 :  457
70 :  461
Initializing...
maxdom : 7
D->valSize : 310
Solving...
Blb : 2 (clique : 14)
currentSize : 14 <-- 0.003077 s
currentSize : 15 <-- 0.003544 s
currentSize : 17 <-- 0.006608 s
currentSize : 18 <-- 0.021247 s
currentSize : 19 <-- 0.621739 s
currentSize : 20 <-- 3.719739 s

maxsize : 20
nodes : 2223901.000000
filtered : 25069905.000000
time : 11.073545
