Parameters: GAD=1 vflib=1 dir=0 label=1 lowerbound=1 fileNameGp=../graphsdb/mcs30/m4D/m4Dr4/mcs30_m4Dr4_s80.A25 fileNameGt=../graphsdb/mcs30/m4D/m4Dr4/mcs30_m4Dr4_s80.B25
Reading graphs...
80 :  159
80 :  160
Initializing...
maxdom : 9
D->valSize : 404
Solving...
Blb : 2 (clique : 27)
currentSize : 27 <-- 0.003896 s
currentSize : 29 <-- 0.004278 s
currentSize : 30 <-- 0.004666 s
currentSize : 31 <-- 31.904442 s
currentSize : 32 <-- 88.992485 s
currentSize : 33 <-- 126.121696 s
currentSize : 34 <-- 1615.908691 s
currentSize : 35 <-- 1634.656006 s

TIMEOUT
maxsize : 35
nodes : 904707673.000000
filtered : 5063671489.000000
time : 3600.000000
