Parameters: GAD=1 vflib=1 dir=0 label=1 lowerbound=1 fileNameGp=../graphsdb/mcs30/rand/r01/mcs30_r01_s40.A64 fileNameGt=../graphsdb/mcs30/rand/r01/mcs30_r01_s40.B64
Reading graphs...
40 :  147
40 :  148
Initializing...
maxdom : 7
D->valSize : 210
Solving...
Blb : 2 (clique : 10)
currentSize : 10 <-- 0.001261 s
currentSize : 11 <-- 0.003398 s
currentSize : 12 <-- 0.021634 s
currentSize : 13 <-- 0.170864 s
currentSize : 14 <-- 0.678736 s

maxsize : 14
nodes : 246482.000000
filtered : 2639008.000000
time : 0.872783
