Parameters: GAD=1 vflib=1 dir=0 label=1 lowerbound=1 fileNameGp=../graphsdb/mcs30/m2D/m2Dr4/mcs30_m2Dr4_s80.A24 fileNameGt=../graphsdb/mcs30/m2D/m2Dr4/mcs30_m2Dr4_s80.B24
Reading graphs...
80 :  172
80 :  171
Initializing...
maxdom : 7
D->valSize : 416
Solving...
Blb : 2 (clique : 29)
currentSize : 29 <-- 0.003994 s
currentSize : 30 <-- 0.005791 s
currentSize : 31 <-- 0.006052 s
currentSize : 32 <-- 78.421707 s
currentSize : 33 <-- 264.979065 s
currentSize : 34 <-- 710.076355 s
currentSize : 35 <-- 865.613525 s

TIMEOUT
maxsize : 35
nodes : 717115963.000000
filtered : 5811421315.000000
time : 3600.000000
