Parameters: GAD=1 vflib=1 dir=0 label=1 lowerbound=1 fileNameGp=../graphsdb/mcs30/m4D/m4Dr6/mcs30_m4Dr6_s90.A66 fileNameGt=../graphsdb/mcs30/m4D/m4Dr6/mcs30_m4Dr6_s90.B66
Reading graphs...
90 :  197
90 :  193
Initializing...
maxdom : 10
D->valSize : 492
Solving...
Blb : 5 (clique : 30)
currentSize : 30 <-- 0.005706 s
currentSize : 31 <-- 3.804506 s
currentSize : 32 <-- 12.706842 s
currentSize : 33 <-- 2002.739014 s
currentSize : 34 <-- 2064.412842 s
currentSize : 35 <-- 2431.042969 s

TIMEOUT
maxsize : 35
nodes : 934881534.000000
filtered : 5054651791.000000
time : 3600.000000
