Parameters: GAD=1 vflib=1 dir=0 label=1 lowerbound=1 fileNameGp=../graphsdb/mcs30/m3D/m3D/mcs30_m3D_s80.A99 fileNameGt=../graphsdb/mcs30/m3D/m3D/mcs30_m3D_s80.B99
Reading graphs...
80 :  183
80 :  183
Initializing...
maxdom : 11
D->valSize : 413
Solving...
Blb : 2 (clique : 28)
currentSize : 28 <-- 0.004190 s
currentSize : 29 <-- 0.004881 s
currentSize : 30 <-- 0.018331 s
currentSize : 31 <-- 0.023464 s
currentSize : 32 <-- 0.056598 s
currentSize : 33 <-- 1.071854 s
currentSize : 34 <-- 1.323452 s
currentSize : 35 <-- 27.897881 s
currentSize : 36 <-- 28.095531 s
currentSize : 37 <-- 37.536797 s

TIMEOUT
maxsize : 37
nodes : 685681474.000000
filtered : 6154497394.000000
time : 3600.000000
