Parameters: GAD=1 vflib=1 dir=0 label=1 lowerbound=1 fileNameGp=../graphsdb/mcs30/m3D/m3Dr2/mcs30_m3Dr2_s30.A08 fileNameGt=../graphsdb/mcs30/m3D/m3Dr2/mcs30_m3Dr2_s30.B08
Reading graphs...
30 :  65
30 :  64
Initializing...
maxdom : 8
D->valSize : 113
Solving...
Blb : 3 (clique : 8)
currentSize : 8 <-- 0.000578 s
currentSize : 9 <-- 0.000728 s
currentSize : 10 <-- 0.007708 s
currentSize : 11 <-- 0.009464 s
currentSize : 12 <-- 0.009484 s

maxsize : 12
nodes : 4635.000000
filtered : 29407.000000
time : 0.011541
