Parameters: GAD=1 vflib=1 dir=0 label=1 lowerbound=1 fileNameGp=../graphsdb/mcs30/rand/r01/mcs30_r01_s50.A65 fileNameGt=../graphsdb/mcs30/rand/r01/mcs30_r01_s50.B65
Reading graphs...
50 :  237
50 :  235
Initializing...
maxdom : 15
D->valSize : 340
Solving...
Blb : 2 (clique : 10)
currentSize : 10 <-- 0.003736 s
currentSize : 11 <-- 0.003851 s
currentSize : 12 <-- 0.009957 s
currentSize : 13 <-- 0.017727 s
currentSize : 14 <-- 0.050868 s
currentSize : 15 <-- 1.264906 s
currentSize : 16 <-- 2.919745 s

maxsize : 16
nodes : 1034476.000000
filtered : 16890431.000000
time : 4.789701
