Parameters: GAD=1 vflib=1 dir=0 label=1 lowerbound=1 fileNameGp=../graphsdb/mcs30/m3D/m3Dr4/mcs30_m3Dr4_s80.A48 fileNameGt=../graphsdb/mcs30/m3D/m3Dr4/mcs30_m3Dr4_s80.B48
Reading graphs...
80 :  216
80 :  213
Initializing...
maxdom : 11
D->valSize : 440
Solving...
Blb : 2 (clique : 25)
currentSize : 25 <-- 0.004347 s
currentSize : 26 <-- 0.004537 s
currentSize : 27 <-- 0.004593 s
currentSize : 28 <-- 0.004745 s
currentSize : 29 <-- 0.004867 s
currentSize : 30 <-- 0.005507 s
currentSize : 31 <-- 0.033700 s
currentSize : 32 <-- 0.033803 s
currentSize : 33 <-- 6.455292 s
currentSize : 34 <-- 519.146912 s

TIMEOUT
maxsize : 34
nodes : 653490638.000000
filtered : 7277374786.000000
time : 3600.000000
