Parameters: GAD=1 vflib=1 dir=0 label=1 lowerbound=1 fileNameGp=../graphsdb/mcs30/bvg/b06m/mcs30_b06m_s50.A28 fileNameGt=../graphsdb/mcs30/bvg/b06m/mcs30_b06m_s50.B28
Reading graphs...
50 :  145
50 :  148
Initializing...
maxdom : 12
D->valSize : 311
Solving...
Blb : 3 (clique : 16)
currentSize : 16 <-- 0.002385 s
currentSize : 17 <-- 0.128040 s
currentSize : 18 <-- 3.763567 s
currentSize : 19 <-- 3.829381 s
currentSize : 20 <-- 33.671532 s

maxsize : 20
nodes : 15775237.000000
filtered : 202327396.000000
time : 63.315987
