Parameters: GAD=1 vflib=1 dir=0 label=1 lowerbound=1 fileNameGp=../graphsdb/mcs30/m4D/m4Dr2/mcs30_m4Dr2_s80.A13 fileNameGt=../graphsdb/mcs30/m4D/m4Dr2/mcs30_m4Dr2_s80.B13
Reading graphs...
80 :  146
80 :  147
Initializing...
maxdom : 9
D->valSize : 411
Solving...
Blb : 2 (clique : 30)
currentSize : 30 <-- 0.004184 s
currentSize : 31 <-- 0.004411 s
currentSize : 32 <-- 0.014561 s
currentSize : 33 <-- 0.014651 s
currentSize : 34 <-- 0.060390 s
currentSize : 35 <-- 56.849247 s

TIMEOUT
maxsize : 35
nodes : 830544461.000000
filtered : 5467419985.000000
time : 3600.000000
