Parameters: GAD=1 vflib=1 dir=0 label=1 lowerbound=1 fileNameGp=../graphsdb/mcs30/m4D/m4Dr2/mcs30_m4Dr2_s60.A91 fileNameGt=../graphsdb/mcs30/m4D/m4Dr2/mcs30_m4Dr2_s60.B91
Reading graphs...
60 :  114
60 :  112
Initializing...
maxdom : 7
D->valSize : 251
Solving...
Blb : 3 (clique : 21)
currentSize : 21 <-- 0.002099 s
currentSize : 22 <-- 0.101927 s
currentSize : 23 <-- 2.838935 s
currentSize : 24 <-- 3.757841 s
currentSize : 25 <-- 29.104782 s
currentSize : 26 <-- 124.057129 s

TIMEOUT
maxsize : 26
nodes : 956162741.000000
filtered : 7194490427.000000
time : 3600.000000
