Parameters: GAD=1 vflib=1 dir=0 label=1 lowerbound=1 fileNameGp=../graphsdb/mcs30/bvg/b09/mcs30_b09_s60.A05 fileNameGt=../graphsdb/mcs30/bvg/b09/mcs30_b09_s60.B05
Reading graphs...
60 :  264
60 :  266
Initializing...
maxdom : 7
D->valSize : 234
Solving...
Blb : 2 (clique : 14)
currentSize : 14 <-- 0.001763 s
currentSize : 15 <-- 0.025893 s
currentSize : 16 <-- 0.063370 s
currentSize : 17 <-- 0.521783 s
currentSize : 18 <-- 1.606958 s
currentSize : 19 <-- 2.264495 s
currentSize : 20 <-- 4.559563 s
currentSize : 21 <-- 4.610949 s

maxsize : 21
nodes : 2233385.000000
filtered : 18809506.000000
time : 9.205894
