Parameters: GAD=1 vflib=1 dir=0 label=1 lowerbound=1 fileNameGp=../graphsdb/mcs30/bvg/b06/mcs30_b06_s50.A22 fileNameGt=../graphsdb/mcs30/bvg/b06/mcs30_b06_s50.B22
Reading graphs...
50 :  149
50 :  148
Initializing...
maxdom : 8
D->valSize : 317
Solving...
Blb : 3 (clique : 16)
currentSize : 16 <-- 0.002341 s
currentSize : 17 <-- 0.075611 s
currentSize : 18 <-- 0.142828 s
currentSize : 19 <-- 1.250018 s
currentSize : 20 <-- 1.850645 s

maxsize : 20
nodes : 23813734.000000
filtered : 293735321.000000
time : 96.392502
