Parameters: GAD=1 vflib=1 dir=0 label=1 lowerbound=1 fileNameGp=../graphsdb/mcs30/m3D/m3Dr6/mcs30_m3Dr6_s90.A63 fileNameGt=../graphsdb/mcs30/m3D/m3Dr6/mcs30_m3Dr6_s90.B63
Reading graphs...
90 :  260
90 :  261
Initializing...
maxdom : 9
D->valSize : 550
Solving...
Blb : 2 (clique : 30)
currentSize : 30 <-- 0.006481 s
currentSize : 31 <-- 118.150314 s
currentSize : 32 <-- 160.968185 s
currentSize : 33 <-- 164.134430 s
currentSize : 34 <-- 218.801071 s
currentSize : 35 <-- 1257.771729 s
currentSize : 36 <-- 1286.083252 s

TIMEOUT
maxsize : 36
nodes : 638312604.000000
filtered : 5956886247.000000
time : 3600.000000
