Parameters: GAD=1 vflib=1 dir=0 label=1 lowerbound=1 fileNameGp=../graphsdb/mcs30/bvg/b03/mcs30_b03_s60.A72 fileNameGt=../graphsdb/mcs30/bvg/b03/mcs30_b03_s60.B72
Reading graphs...
60 :  90
60 :  90
Initializing...
maxdom : 8
D->valSize : 264
Solving...
Blb : 2 (clique : 21)
currentSize : 21 <-- 0.002105 s
currentSize : 22 <-- 0.007984 s
currentSize : 23 <-- 0.023386 s
currentSize : 24 <-- 0.103008 s
currentSize : 25 <-- 22.222332 s
currentSize : 26 <-- 150.256134 s
currentSize : 27 <-- 440.205841 s
currentSize : 28 <-- 928.692139 s

maxsize : 28
nodes : 403863279.000000
filtered : 3101272060.000000
time : 1543.287842
