Parameters: GAD=1 vflib=1 dir=0 label=1 lowerbound=1 fileNameGp=../graphsdb/mcs30/bvg/b06/mcs30_b06_s40.A02 fileNameGt=../graphsdb/mcs30/bvg/b06/mcs30_b06_s40.B02
Reading graphs...
40 :  120
40 :  116
Initializing...
maxdom : 7
D->valSize : 206
Solving...
Blb : 2 (clique : 11)
currentSize : 11 <-- 0.001275 s
currentSize : 13 <-- 0.001765 s
currentSize : 14 <-- 0.004508 s
currentSize : 15 <-- 0.012193 s
currentSize : 16 <-- 0.048666 s

maxsize : 16
nodes : 121790.000000
filtered : 1365887.000000
time : 0.482032
