Parameters: GAD=1 vflib=1 dir=0 label=1 lowerbound=1 fileNameGp=../graphsdb/mcs30/m4D/m4Dr6/mcs30_m4Dr6_s80.A90 fileNameGt=../graphsdb/mcs30/m4D/m4Dr6/mcs30_m4Dr6_s80.B90
Reading graphs...
80 :  174
80 :  175
Initializing...
maxdom : 11
D->valSize : 401
Solving...
Blb : 2 (clique : 25)
currentSize : 25 <-- 0.006861 s
currentSize : 26 <-- 4.869649 s
currentSize : 27 <-- 9.858173 s
currentSize : 28 <-- 11.814163 s
currentSize : 29 <-- 19.170181 s
currentSize : 30 <-- 31.558855 s
currentSize : 31 <-- 39.484474 s
currentSize : 32 <-- 39.645042 s
currentSize : 33 <-- 68.196587 s

TIMEOUT
maxsize : 33
nodes : 698978754.000000
filtered : 7173138157.000000
time : 3600.000000
