Parameters: GAD=1 vflib=1 dir=0 label=1 lowerbound=1 fileNameGp=../graphsdb/mcs30/bvg/b06m/mcs30_b06m_s50.A97 fileNameGt=../graphsdb/mcs30/bvg/b06m/mcs30_b06m_s50.B97
Reading graphs...
50 :  141
50 :  141
Initializing...
maxdom : 11
D->valSize : 332
Solving...
Blb : 2 (clique : 16)
currentSize : 16 <-- 0.002467 s
currentSize : 17 <-- 0.003476 s
currentSize : 18 <-- 0.459020 s
currentSize : 19 <-- 44.791893 s
currentSize : 20 <-- 49.160633 s

maxsize : 20
nodes : 19136887.000000
filtered : 233626462.000000
time : 75.733871
