Parameters: GAD=1 vflib=1 dir=0 label=1 lowerbound=1 fileNameGp=../graphsdb/mcs30/bvg/b09m/mcs30_b09m_s50.A57 fileNameGt=../graphsdb/mcs30/bvg/b09m/mcs30_b09m_s50.B57
Reading graphs...
50 :  216
50 :  214
Initializing...
maxdom : 11
D->valSize : 330
Solving...
Blb : 2 (clique : 12)
currentSize : 12 <-- 0.002308 s
currentSize : 13 <-- 0.004647 s
currentSize : 14 <-- 0.006941 s
currentSize : 15 <-- 0.013432 s
currentSize : 16 <-- 0.083930 s
currentSize : 17 <-- 0.180861 s
currentSize : 18 <-- 5.797510 s

maxsize : 18
nodes : 1641868.000000
filtered : 28326838.000000
time : 7.387641
