Parameters: GAD=1 vflib=1 dir=0 label=1 lowerbound=1 fileNameGp=../graphsdb/mcs30/rand/r005/mcs30_r005_s80.A74 fileNameGt=../graphsdb/mcs30/rand/r005/mcs30_r005_s80.B74
Reading graphs...
80 :  305
80 :  304
Initializing...
maxdom : 9
D->valSize : 423
Solving...
Blb : 2 (clique : 20)
currentSize : 20 <-- 0.006648 s
currentSize : 21 <-- 0.147333 s
currentSize : 22 <-- 2.116461 s
currentSize : 23 <-- 74.652321 s
currentSize : 24 <-- 85.612030 s
currentSize : 25 <-- 190.492645 s
currentSize : 26 <-- 681.570740 s

TIMEOUT
maxsize : 26
nodes : 702930674.000000
filtered : 7008863183.000000
time : 3600.000000
