Parameters: GAD=1 vflib=1 dir=0 label=1 lowerbound=1 fileNameGp=../graphsdb/mcs30/rand/r01/mcs30_r01_s50.A69 fileNameGt=../graphsdb/mcs30/rand/r01/mcs30_r01_s50.B69
Reading graphs...
50 :  233
50 :  235
Initializing...
maxdom : 9
D->valSize : 319
Solving...
Blb : 5 (clique : 11)
currentSize : 11 <-- 0.002379 s
currentSize : 12 <-- 0.002451 s
currentSize : 13 <-- 0.002798 s
currentSize : 14 <-- 0.236523 s
currentSize : 15 <-- 4.192900 s
currentSize : 16 <-- 5.938335 s

maxsize : 16
nodes : 2107467.000000
filtered : 27360516.000000
time : 8.357211
