Parameters: GAD=1 vflib=1 dir=0 label=1 lowerbound=1 fileNameGp=../graphsdb/mcs30/m2D/m2Dr2/mcs30_m2Dr2_s80.A77 fileNameGt=../graphsdb/mcs30/m2D/m2Dr2/mcs30_m2Dr2_s80.B77
Reading graphs...
80 :  158
80 :  158
Initializing...
maxdom : 9
D->valSize : 440
Solving...
Blb : 2 (clique : 27)
currentSize : 27 <-- 0.004761 s
currentSize : 28 <-- 0.006334 s
currentSize : 29 <-- 0.008702 s
currentSize : 30 <-- 2.621541 s
currentSize : 31 <-- 162.439697 s
currentSize : 32 <-- 1083.526855 s

TIMEOUT
maxsize : 32
nodes : 846795505.000000
filtered : 5821676244.000000
time : 3600.000000
