Parameters: GAD=1 vflib=1 dir=0 label=1 lowerbound=1 fileNameGp=../graphsdb/mcs30/rand/r01/mcs30_r01_s100.A63 fileNameGt=../graphsdb/mcs30/rand/r01/mcs30_r01_s100.B63
Reading graphs...
100 :  942
100 :  939
Initializing...
maxdom : 7
D->valSize : 327
Solving...
Blb : 5 (clique : 14)
currentSize : 14 <-- 0.005534 s
currentSize : 15 <-- 0.019295 s
currentSize : 16 <-- 0.545806 s
currentSize : 17 <-- 0.707694 s
currentSize : 18 <-- 8.449549 s
currentSize : 19 <-- 8.764754 s
currentSize : 20 <-- 8.766399 s
currentSize : 21 <-- 8.766457 s
currentSize : 22 <-- 8.773496 s
currentSize : 23 <-- 10.951701 s
currentSize : 24 <-- 11.894049 s
currentSize : 25 <-- 11.895019 s
currentSize : 27 <-- 11.895092 s
currentSize : 29 <-- 11.901565 s
currentSize : 30 <-- 11.901897 s

maxsize : 30
nodes : 3136687.000000
filtered : 25607430.000000
time : 18.355417
