Parameters: GAD=1 vflib=1 dir=0 label=1 lowerbound=1 fileNameGp=../graphsdb/mcs30/rand/r01/mcs30_r01_s90.A75 fileNameGt=../graphsdb/mcs30/rand/r01/mcs30_r01_s90.B75
Reading graphs...
90 :  755
90 :  759
Initializing...
maxdom : 11
D->valSize : 559
Solving...
Blb : 2 (clique : 14)
currentSize : 14 <-- 0.005967 s
currentSize : 15 <-- 0.017677 s
currentSize : 16 <-- 0.450230 s
currentSize : 17 <-- 0.691862 s
currentSize : 18 <-- 1.439736 s
currentSize : 19 <-- 1.444235 s
currentSize : 20 <-- 1.444766 s
currentSize : 21 <-- 2.933664 s
currentSize : 22 <-- 6.920490 s
currentSize : 23 <-- 91.645569 s
currentSize : 25 <-- 91.646317 s
currentSize : 26 <-- 91.646561 s

maxsize : 26
nodes : 22621456.000000
filtered : 468453367.000000
time : 150.860977
