Parameters: GAD=1 vflib=1 dir=0 label=1 lowerbound=1 fileNameGp=../graphsdb/mcs30/bvg/b09m/mcs30_b09m_s50.A59 fileNameGt=../graphsdb/mcs30/bvg/b09m/mcs30_b09m_s50.B59
Reading graphs...
50 :  218
50 :  214
Initializing...
maxdom : 11
D->valSize : 347
Solving...
Blb : 5 (clique : 13)
currentSize : 13 <-- 0.002639 s
currentSize : 14 <-- 0.003048 s
currentSize : 15 <-- 0.225177 s
currentSize : 16 <-- 0.619195 s
currentSize : 17 <-- 0.633877 s

maxsize : 17
nodes : 836795.000000
filtered : 14316758.000000
time : 3.885831
