Parameters: GAD=1 vflib=1 dir=0 label=1 lowerbound=1 fileNameGp=../graphsdb/mcs30/rand/r005/mcs30_r005_s70.A58 fileNameGt=../graphsdb/mcs30/rand/r005/mcs30_r005_s70.B58
Reading graphs...
70 :  234
70 :  234
Initializing...
maxdom : 9
D->valSize : 325
Solving...
Blb : 2 (clique : 17)
currentSize : 17 <-- 0.002689 s
currentSize : 18 <-- 0.003139 s
currentSize : 19 <-- 0.025110 s
currentSize : 20 <-- 0.053014 s
currentSize : 21 <-- 0.053024 s
currentSize : 22 <-- 0.122909 s
currentSize : 23 <-- 0.269068 s
currentSize : 24 <-- 120.734055 s
currentSize : 25 <-- 703.636414 s

maxsize : 25
nodes : 709883837.000000
filtered : 5921504643.000000
time : 3229.266357
