Parameters: GAD=1 vflib=1 dir=0 label=1 lowerbound=1 fileNameGp=../graphsdb/mcs30/bvg/b09/mcs30_b09_s80.A55 fileNameGt=../graphsdb/mcs30/bvg/b09/mcs30_b09_s80.B55
Reading graphs...
80 :  358
80 :  356
Initializing...
maxdom : 9
D->valSize : 436
Solving...
Blb : 3 (clique : 18)
currentSize : 18 <-- 0.004093 s
currentSize : 19 <-- 0.015972 s
currentSize : 20 <-- 0.017024 s
currentSize : 21 <-- 0.045949 s
currentSize : 22 <-- 0.994428 s
currentSize : 23 <-- 20.382984 s
currentSize : 24 <-- 47.773872 s
currentSize : 25 <-- 47.795712 s
currentSize : 26 <-- 48.308308 s
currentSize : 27 <-- 95.237709 s
currentSize : 28 <-- 945.616760 s
currentSize : 29 <-- 2868.125244 s

maxsize : 29
nodes : 607241953.000000
filtered : 7094804063.000000
time : 3353.211182
