Parameters: GAD=1 vflib=1 dir=0 label=1 lowerbound=1 fileNameGp=../graphsdb/mcs30/rand/r005/mcs30_r005_s90.A98 fileNameGt=../graphsdb/mcs30/rand/r005/mcs30_r005_s90.B98
Reading graphs...
90 :  391
90 :  389
Initializing...
maxdom : 10
D->valSize : 531
Solving...
Blb : 2 (clique : 20)
currentSize : 20 <-- 0.006122 s
currentSize : 21 <-- 0.080181 s
currentSize : 22 <-- 0.080542 s
currentSize : 23 <-- 0.286564 s
currentSize : 24 <-- 3.671164 s
currentSize : 25 <-- 8.203122 s
currentSize : 26 <-- 71.689262 s
currentSize : 27 <-- 664.138428 s
currentSize : 28 <-- 754.947327 s

TIMEOUT
maxsize : 28
nodes : 636040551.000000
filtered : 7098171891.000000
time : 3600.000000
