Parameters: GAD=1 vflib=1 dir=0 label=1 lowerbound=1 fileNameGp=../graphsdb/mcs30/m2D/m2D/mcs30_m2D_s80.A43 fileNameGt=../graphsdb/mcs30/m2D/m2D/mcs30_m2D_s80.B43
Reading graphs...
80 :  141
80 :  141
Initializing...
maxdom : 10
D->valSize : 473
Solving...
Blb : 2 (clique : 33)
currentSize : 33 <-- 0.005171 s
currentSize : 34 <-- 0.005484 s
currentSize : 35 <-- 0.045422 s
currentSize : 36 <-- 0.058558 s
currentSize : 37 <-- 4.693443 s
currentSize : 38 <-- 90.104805 s
currentSize : 39 <-- 296.417542 s

TIMEOUT
maxsize : 39
nodes : 653972920.000000
filtered : 5515546619.000000
time : 3600.000000
