Parameters: GAD=1 vflib=1 dir=0 label=1 lowerbound=1 fileNameGp=../graphsdb/mcs30/bvg/b03m/mcs30_b03m_s35.A28 fileNameGt=../graphsdb/mcs30/bvg/b03m/mcs30_b03m_s35.B28
Reading graphs...
35 :  52
35 :  52
Initializing...
maxdom : 7
D->valSize : 158
Solving...
Blb : 2 (clique : 14)
currentSize : 14 <-- 0.000952 s
currentSize : 15 <-- 0.001049 s
currentSize : 16 <-- 0.005534 s
currentSize : 17 <-- 0.141096 s
currentSize : 18 <-- 0.403859 s

maxsize : 18
nodes : 323954.000000
filtered : 1531523.000000
time : 0.743616
