Parameters: GAD=1 vflib=1 dir=0 label=1 lowerbound=1 fileNameGp=../graphsdb/mcs30/bvg/b06/mcs30_b06_s35.A31 fileNameGt=../graphsdb/mcs30/bvg/b06/mcs30_b06_s35.B31
Reading graphs...
35 :  103
35 :  101
Initializing...
maxdom : 7
D->valSize : 163
Solving...
Blb : 2 (clique : 10)
currentSize : 10 <-- 0.000922 s
currentSize : 11 <-- 0.006614 s
currentSize : 13 <-- 0.011039 s
currentSize : 14 <-- 0.042889 s
currentSize : 15 <-- 0.043364 s

maxsize : 15
nodes : 25196.000000
filtered : 193563.000000
time : 0.101652
