Parameters: GAD=1 vflib=1 dir=0 label=1 lowerbound=1 fileNameGp=../graphsdb/mcs30/bvg/b06/mcs30_b06_s70.A49 fileNameGt=../graphsdb/mcs30/bvg/b06/mcs30_b06_s70.B49
Reading graphs...
70 :  208
70 :  204
Initializing...
maxdom : 8
D->valSize : 313
Solving...
Blb : 2 (clique : 17)
currentSize : 17 <-- 0.002899 s
currentSize : 18 <-- 0.005075 s
currentSize : 19 <-- 0.008460 s
currentSize : 20 <-- 0.016576 s
currentSize : 21 <-- 0.159510 s
currentSize : 22 <-- 0.794309 s
currentSize : 23 <-- 1.664471 s
currentSize : 24 <-- 16.259762 s
currentSize : 25 <-- 24.036160 s
currentSize : 26 <-- 102.583282 s
currentSize : 27 <-- 263.848785 s
currentSize : 28 <-- 313.525269 s
currentSize : 29 <-- 417.373260 s

maxsize : 29
nodes : 188016782.000000
filtered : 2111024374.000000
time : 951.816772
