Parameters: GAD=1 vflib=1 dir=0 label=1 lowerbound=1 fileNameGp=../graphsdb/mcs30/bvg/b06m/mcs30_b06m_s50.A99 fileNameGt=../graphsdb/mcs30/bvg/b06m/mcs30_b06m_s50.B99
Reading graphs...
50 :  149
50 :  147
Initializing...
maxdom : 10
D->valSize : 321
Solving...
Blb : 5 (clique : 14)
currentSize : 14 <-- 0.003795 s
currentSize : 15 <-- 0.008199 s
currentSize : 16 <-- 0.278810 s
currentSize : 17 <-- 3.722197 s
currentSize : 18 <-- 6.853823 s
currentSize : 19 <-- 32.485626 s
currentSize : 20 <-- 32.488590 s

maxsize : 20
nodes : 10192413.000000
filtered : 121975733.000000
time : 38.625656
