Parameters: GAD=1 vflib=1 dir=0 label=1 lowerbound=1 fileNameGp=../graphsdb/mcs30/rand/r02/mcs30_r02_s70.A27 fileNameGt=../graphsdb/mcs30/rand/r02/mcs30_r02_s70.B27
Reading graphs...
70 :  872
70 :  854
Initializing...
maxdom : 6
D->valSize : 340
Solving...
Blb : 5 (clique : 7)
currentSize : 7 <-- 0.002762 s
currentSize : 8 <-- 0.002891 s
currentSize : 9 <-- 0.003755 s
currentSize : 10 <-- 0.018880 s
currentSize : 11 <-- 0.061631 s
currentSize : 12 <-- 0.064956 s
currentSize : 14 <-- 0.105213 s
currentSize : 16 <-- 0.153432 s
currentSize : 17 <-- 0.163222 s
currentSize : 18 <-- 0.163815 s

maxsize : 18
nodes : 48754.000000
filtered : 763741.000000
time : 0.256896
