Parameters: GAD=1 vflib=1 dir=0 label=1 lowerbound=1 fileNameGp=../graphsdb/mcs30/bvg/b03/mcs30_b03_s35.A71 fileNameGt=../graphsdb/mcs30/bvg/b03/mcs30_b03_s35.B71
Reading graphs...
35 :  51
35 :  51
Initializing...
maxdom : 8
D->valSize : 152
Solving...
Blb : 2 (clique : 12)
currentSize : 12 <-- 0.000789 s
currentSize : 13 <-- 0.000931 s
currentSize : 14 <-- 0.004803 s
currentSize : 15 <-- 0.023182 s
currentSize : 16 <-- 0.706997 s
currentSize : 17 <-- 1.237345 s

maxsize : 17
nodes : 631431.000000
filtered : 2885855.000000
time : 1.366546
