Parameters: GAD=1 vflib=1 dir=0 label=1 lowerbound=1 fileNameGp=../graphsdb/mcs30/bvg/b09m/mcs30_b09m_s80.A09 fileNameGt=../graphsdb/mcs30/bvg/b09m/mcs30_b09m_s80.B09
Reading graphs...
80 :  356
80 :  354
Initializing...
maxdom : 11
D->valSize : 424
Solving...
Blb : 3 (clique : 19)
currentSize : 19 <-- 0.004033 s
currentSize : 20 <-- 0.747394 s
currentSize : 21 <-- 3.315619 s
currentSize : 22 <-- 10.138779 s
currentSize : 23 <-- 34.161243 s
currentSize : 24 <-- 80.536049 s
currentSize : 25 <-- 98.981834 s
currentSize : 26 <-- 143.758545 s
currentSize : 27 <-- 284.494232 s
currentSize : 28 <-- 1466.230347 s

maxsize : 28
nodes : 273298284.000000
filtered : 3388320595.000000
time : 1537.875000
