Parameters: GAD=1 vflib=1 dir=0 label=1 lowerbound=1 fileNameGp=../graphsdb/mcs30/m4D/m4D/mcs30_m4D_s50.A11 fileNameGt=../graphsdb/mcs30/m4D/m4D/mcs30_m4D_s50.B11
Reading graphs...
50 :  87
50 :  87
Initializing...
maxdom : 9
D->valSize : 334
Solving...
Blb : 3 (clique : 19)
currentSize : 19 <-- 0.002483 s
currentSize : 20 <-- 0.036546 s
currentSize : 21 <-- 0.044032 s
currentSize : 22 <-- 6.890513 s
currentSize : 23 <-- 6.890602 s
currentSize : 24 <-- 6.893318 s
currentSize : 25 <-- 84.951591 s

maxsize : 25
nodes : 26831972.000000
filtered : 389062656.000000
time : 130.104721
