Parameters: GAD=1 vflib=1 dir=0 label=1 lowerbound=1 fileNameGp=../graphsdb/mcs30/m4D/m4D/mcs30_m4D_s60.A80 fileNameGt=../graphsdb/mcs30/m4D/m4D/mcs30_m4D_s60.B80
Reading graphs...
60 :  102
60 :  102
Initializing...
maxdom : 8
D->valSize : 258
Solving...
Blb : 2 (clique : 21)
currentSize : 21 <-- 0.001962 s
currentSize : 22 <-- 0.004957 s
currentSize : 23 <-- 0.769604 s
currentSize : 24 <-- 3.385234 s
currentSize : 25 <-- 13.717574 s
currentSize : 26 <-- 231.314850 s
currentSize : 27 <-- 775.177979 s

maxsize : 27
nodes : 350677555.000000
filtered : 2510886080.000000
time : 1381.134155
