Parameters: GAD=1 vflib=1 dir=0 label=1 lowerbound=1 fileNameGp=../graphsdb/mcs30/m2D/m2D/mcs30_m2D_s80.A27 fileNameGt=../graphsdb/mcs30/m2D/m2D/mcs30_m2D_s80.B27
Reading graphs...
80 :  141
80 :  141
Initializing...
maxdom : 9
D->valSize : 443
Solving...
Blb : 2 (clique : 33)
currentSize : 33 <-- 0.004493 s
currentSize : 34 <-- 0.004743 s
currentSize : 35 <-- 0.098213 s
currentSize : 36 <-- 0.098324 s
currentSize : 37 <-- 0.098988 s
currentSize : 38 <-- 0.816029 s
currentSize : 39 <-- 0.827924 s
currentSize : 40 <-- 53.159943 s

TIMEOUT
maxsize : 40
nodes : 663963767.000000
filtered : 5773224131.000000
time : 3600.000000
