Parameters: GAD=1 vflib=1 dir=0 label=1 lowerbound=1 fileNameGp=../graphsdb/mcs30/bvg/b09/mcs30_b09_s80.A90 fileNameGt=../graphsdb/mcs30/bvg/b09/mcs30_b09_s80.B90
Reading graphs...
80 :  356
80 :  355
Initializing...
maxdom : 8
D->valSize : 425
Solving...
Blb : 2 (clique : 17)
currentSize : 17 <-- 0.003861 s
currentSize : 18 <-- 1.151923 s
currentSize : 19 <-- 1.355438 s
currentSize : 20 <-- 3.092351 s
currentSize : 21 <-- 7.960032 s
currentSize : 22 <-- 9.081692 s
currentSize : 23 <-- 9.084452 s
currentSize : 25 <-- 214.065033 s
currentSize : 26 <-- 214.065521 s
currentSize : 27 <-- 214.533234 s
currentSize : 28 <-- 747.614319 s

maxsize : 28
nodes : 164371712.000000
filtered : 2412996128.000000
time : 957.841980
