Parameters: GAD=1 vflib=1 dir=0 label=1 lowerbound=1 fileNameGp=../graphsdb/mcs30/m4D/m4Dr6/mcs30_m4Dr6_s50.A40 fileNameGt=../graphsdb/mcs30/m4D/m4Dr6/mcs30_m4Dr6_s50.B40
Reading graphs...
50 :  115
50 :  115
Initializing...
maxdom : 10
D->valSize : 324
Solving...
Blb : 2 (clique : 16)
currentSize : 16 <-- 0.002411 s
currentSize : 17 <-- 0.012297 s
currentSize : 18 <-- 3.723145 s
currentSize : 19 <-- 7.014894 s
currentSize : 20 <-- 86.861679 s
currentSize : 21 <-- 187.983139 s
currentSize : 22 <-- 189.114014 s

maxsize : 22
nodes : 89952659.000000
filtered : 863961212.000000
time : 303.969910
