Parameters: GAD=1 vflib=1 dir=0 label=1 lowerbound=1 fileNameGp=../graphsdb/mcs30/m4D/m4Dr4/mcs30_m4Dr4_s60.A66 fileNameGt=../graphsdb/mcs30/m4D/m4Dr4/mcs30_m4Dr4_s60.B66
Reading graphs...
60 :  122
60 :  122
Initializing...
maxdom : 9
D->valSize : 243
Solving...
Blb : 5 (clique : 21)
currentSize : 21 <-- 0.002905 s
currentSize : 22 <-- 0.382413 s
currentSize : 23 <-- 0.855120 s
currentSize : 24 <-- 0.857674 s
currentSize : 25 <-- 1.427167 s
currentSize : 26 <-- 6.873805 s
currentSize : 27 <-- 14.534805 s
currentSize : 28 <-- 14.597892 s
currentSize : 29 <-- 19.102774 s

maxsize : 29
nodes : 5724700.000000
filtered : 41868172.000000
time : 23.495222
