Parameters: GAD=1 vflib=1 dir=0 label=1 lowerbound=1 fileNameGp=../graphsdb/mcs30/m2D/m2Dr4/mcs30_m2Dr4_s60.A06 fileNameGt=../graphsdb/mcs30/m2D/m2Dr4/mcs30_m2Dr4_s60.B06
Reading graphs...
60 :  125
60 :  125
Initializing...
maxdom : 8
D->valSize : 261
Solving...
Blb : 2 (clique : 19)
currentSize : 19 <-- 0.002092 s
currentSize : 20 <-- 0.017430 s
currentSize : 21 <-- 0.240440 s
currentSize : 22 <-- 192.240509 s
currentSize : 23 <-- 468.917694 s

maxsize : 23
nodes : 837904606.000000
filtered : 5797810470.000000
time : 3007.351562
