Parameters: GAD=1 vflib=1 dir=0 label=1 lowerbound=1 fileNameGp=../graphsdb/mcs30/m3D/m3Dr6/mcs30_m3Dr6_s70.A65 fileNameGt=../graphsdb/mcs30/m3D/m3Dr6/mcs30_m3Dr6_s70.B65
Reading graphs...
70 :  197
70 :  198
Initializing...
maxdom : 8
D->valSize : 315
Solving...
Blb : 2 (clique : 17)
currentSize : 17 <-- 0.002644 s
currentSize : 18 <-- 0.002823 s
currentSize : 19 <-- 0.002915 s
currentSize : 20 <-- 0.012687 s
currentSize : 21 <-- 0.032955 s
currentSize : 22 <-- 0.245598 s
currentSize : 23 <-- 40.451569 s
currentSize : 24 <-- 112.539223 s
currentSize : 25 <-- 368.345642 s
currentSize : 26 <-- 368.349518 s
currentSize : 27 <-- 368.378754 s
currentSize : 28 <-- 390.174042 s

maxsize : 28
nodes : 119721147.000000
filtered : 963593562.000000
time : 547.390076
