Parameters: GAD=1 vflib=1 dir=0 label=1 lowerbound=1 fileNameGp=../graphsdb/mcs30/bvg/b06/mcs30_b06_s35.A17 fileNameGt=../graphsdb/mcs30/bvg/b06/mcs30_b06_s35.B17
Reading graphs...
35 :  101
35 :  104
Initializing...
maxdom : 8
D->valSize : 150
Solving...
Blb : 2 (clique : 9)
currentSize : 9 <-- 0.001222 s
currentSize : 10 <-- 0.002105 s
currentSize : 11 <-- 0.002486 s
currentSize : 12 <-- 0.006611 s
currentSize : 13 <-- 0.006940 s
currentSize : 14 <-- 0.015380 s
currentSize : 15 <-- 0.016228 s

maxsize : 15
nodes : 4070.000000
filtered : 43329.000000
time : 0.022105
