Parameters: GAD=1 vflib=1 dir=0 label=1 lowerbound=1 fileNameGp=../graphsdb/mcs30/m3D/m3Dr2/mcs30_m3Dr2_s100.A41 fileNameGt=../graphsdb/mcs30/m3D/m3Dr2/mcs30_m3Dr2_s100.B41
Reading graphs...
100 :  253
100 :  252
Initializing...
maxdom : 7
D->valSize : 323
Solving...
Blb : 2 (clique : 27)
currentSize : 27 <-- 0.005297 s
currentSize : 28 <-- 0.007355 s
currentSize : 29 <-- 0.175460 s
currentSize : 30 <-- 0.177682 s
currentSize : 31 <-- 1.399893 s
currentSize : 32 <-- 17.371037 s
currentSize : 33 <-- 294.513611 s
currentSize : 34 <-- 2752.969482 s

TIMEOUT
maxsize : 34
nodes : 737232027.000000
filtered : 3396139362.000000
time : 3600.000000
