Parameters: GAD=1 vflib=1 dir=0 label=1 lowerbound=1 fileNameGp=../graphsdb/mcs30/m3D/m3D/mcs30_m3D_s25.A31 fileNameGt=../graphsdb/mcs30/m3D/m3D/mcs30_m3D_s25.B31
Reading graphs...
25 :  47
25 :  47
Initializing...
maxdom : 8
D->valSize : 165
Solving...
Blb : 3 (clique : 9)
currentSize : 9 <-- 0.000779 s
currentSize : 10 <-- 0.002020 s
currentSize : 11 <-- 0.002768 s
currentSize : 12 <-- 0.034826 s
currentSize : 13 <-- 0.035353 s

maxsize : 13
nodes : 19917.000000
filtered : 177746.000000
time : 0.051758
