Parameters: GAD=1 vflib=1 dir=0 label=1 lowerbound=1 fileNameGp=../graphsdb/mcs30/m4D/m4D/mcs30_m4D_s60.A29 fileNameGt=../graphsdb/mcs30/m4D/m4D/mcs30_m4D_s60.B29
Reading graphs...
60 :  101
60 :  102
Initializing...
maxdom : 8
D->valSize : 229
Solving...
Blb : 2 (clique : 22)
currentSize : 22 <-- 0.001756 s
currentSize : 23 <-- 0.002629 s
currentSize : 24 <-- 0.006522 s
currentSize : 25 <-- 0.069984 s
currentSize : 26 <-- 0.323827 s
currentSize : 27 <-- 0.323900 s
currentSize : 28 <-- 0.337331 s

maxsize : 28
nodes : 36697403.000000
filtered : 304766437.000000
time : 155.468048
