Parameters: GAD=1 vflib=1 dir=0 label=1 lowerbound=1 fileNameGp=../graphsdb/mcs30/m3D/m3Dr6/mcs30_m3Dr6_s100.A76 fileNameGt=../graphsdb/mcs30/m3D/m3Dr6/mcs30_m3Dr6_s100.B76
Reading graphs...
100 :  294
100 :  291
Initializing...
maxdom : 7
D->valSize : 334
Solving...
Blb : 2 (clique : 28)
currentSize : 28 <-- 0.003331 s
currentSize : 29 <-- 0.003911 s
currentSize : 30 <-- 0.009955 s
currentSize : 31 <-- 0.069116 s
currentSize : 32 <-- 1.069390 s
currentSize : 33 <-- 8.559692 s
currentSize : 34 <-- 11.263391 s

TIMEOUT
maxsize : 34
nodes : 680832281.000000
filtered : 3845810249.000000
time : 3600.000000
