Parameters: GAD=1 vflib=1 dir=0 label=1 lowerbound=1 fileNameGp=../graphsdb/mcs30/rand/r01/mcs30_r01_s35.A30 fileNameGt=../graphsdb/mcs30/rand/r01/mcs30_r01_s35.B30
Reading graphs...
35 :  116
35 :  112
Initializing...
maxdom : 6
D->valSize : 150
Solving...
Blb : 2 (clique : 9)
currentSize : 9 <-- 0.000808 s
currentSize : 10 <-- 0.000899 s
currentSize : 11 <-- 0.005785 s
currentSize : 12 <-- 0.061459 s
currentSize : 13 <-- 0.106557 s

maxsize : 13
nodes : 52483.000000
filtered : 392734.000000
time : 0.159941
