Parameters: GAD=1 vflib=1 dir=0 label=1 lowerbound=1 fileNameGp=../graphsdb/mcs30/m3D/m3D/mcs30_m3D_s90.A24 fileNameGt=../graphsdb/mcs30/m3D/m3D/mcs30_m3D_s90.B24
Reading graphs...
90 :  209
90 :  207
Initializing...
maxdom : 12
D->valSize : 543
Solving...
Blb : 2 (clique : 29)
currentSize : 29 <-- 0.006118 s
currentSize : 30 <-- 42.982079 s
currentSize : 31 <-- 441.352875 s
currentSize : 32 <-- 779.171265 s
currentSize : 33 <-- 780.305847 s
currentSize : 34 <-- 1380.841187 s
currentSize : 35 <-- 1789.551025 s

TIMEOUT
maxsize : 35
nodes : 922166300.000000
filtered : 5790135020.000000
time : 3600.000000
