Parameters: GAD=1 vflib=1 dir=0 label=1 lowerbound=1 fileNameGp=../graphsdb/mcs30/bvg/b06m/mcs30_b06m_s80.A85 fileNameGt=../graphsdb/mcs30/bvg/b06m/mcs30_b06m_s80.B85
Reading graphs...
80 :  238
80 :  237
Initializing...
maxdom : 10
D->valSize : 403
Solving...
Blb : 2 (clique : 24)
currentSize : 24 <-- 0.003759 s
currentSize : 25 <-- 0.004001 s
currentSize : 26 <-- 0.004880 s
currentSize : 27 <-- 0.048996 s
currentSize : 28 <-- 8.276555 s
currentSize : 29 <-- 8.320470 s

TIMEOUT
maxsize : 29
nodes : 716736295.000000
filtered : 7220088390.000000
time : 3600.000000
