Parameters: GAD=1 vflib=1 dir=0 label=1 lowerbound=1 fileNameGp=../graphsdb/mcs30/m2D/m2D/mcs30_m2D_s90.A98 fileNameGt=../graphsdb/mcs30/m2D/m2D/mcs30_m2D_s90.B98
Reading graphs...
90 :  160
90 :  160
Initializing...
maxdom : 10
D->valSize : 526
Solving...
Blb : 2 (clique : 34)
currentSize : 34 <-- 0.006003 s
currentSize : 35 <-- 0.006267 s
currentSize : 36 <-- 0.014905 s
currentSize : 37 <-- 0.475526 s
currentSize : 38 <-- 123.384666 s
currentSize : 39 <-- 725.289551 s
currentSize : 40 <-- 725.289734 s

TIMEOUT
maxsize : 40
nodes : 838477089.000000
filtered : 4545895569.000000
time : 3600.000000
