Parameters: GAD=1 vflib=1 dir=0 label=1 lowerbound=1 fileNameGp=../graphsdb/mcs30/m2D/m2Dr6/mcs30_m2Dr6_s50.A52 fileNameGt=../graphsdb/mcs30/m2D/m2Dr6/mcs30_m2Dr6_s50.B52
Reading graphs...
50 :  112
50 :  109
Initializing...
maxdom : 9
D->valSize : 312
Solving...
Blb : 2 (clique : 17)
currentSize : 17 <-- 0.002712 s
currentSize : 18 <-- 0.005559 s
currentSize : 19 <-- 0.020609 s
currentSize : 20 <-- 0.020874 s
currentSize : 21 <-- 0.034011 s
currentSize : 22 <-- 1.428781 s
currentSize : 23 <-- 8.687118 s
currentSize : 24 <-- 46.613117 s

maxsize : 24
nodes : 20538233.000000
filtered : 261217012.000000
time : 85.989693
