Parameters: GAD=1 vflib=1 dir=0 label=1 lowerbound=1 fileNameGp=../graphsdb/mcs30/m4D/m4D/mcs30_m4D_s70.A08 fileNameGt=../graphsdb/mcs30/m4D/m4D/mcs30_m4D_s70.B08
Reading graphs...
70 :  117
70 :  117
Initializing...
maxdom : 9
D->valSize : 314
Solving...
Blb : 2 (clique : 25)
currentSize : 25 <-- 0.002869 s
currentSize : 26 <-- 0.015556 s
currentSize : 27 <-- 0.359488 s
currentSize : 28 <-- 7.239497 s
currentSize : 29 <-- 45.430614 s
currentSize : 30 <-- 1679.174316 s

TIMEOUT
maxsize : 30
nodes : 983305286.000000
filtered : 5158510405.000000
time : 3600.000000
