Parameters: GAD=1 vflib=1 dir=0 label=1 lowerbound=1 fileNameGp=../graphsdb/mcs30/rand/r02/mcs30_r02_s100.A81 fileNameGt=../graphsdb/mcs30/rand/r02/mcs30_r02_s100.B81
Reading graphs...
100 :  1753
100 :  1771
Initializing...
maxdom : 8
D->valSize : 355
Solving...
Blb : 2 (clique : 7)
currentSize : 7 <-- 0.003519 s
currentSize : 8 <-- 0.003604 s
currentSize : 10 <-- 0.003902 s
currentSize : 11 <-- 0.016711 s
currentSize : 14 <-- 0.017520 s
currentSize : 15 <-- 0.018555 s
currentSize : 16 <-- 0.034265 s
currentSize : 17 <-- 0.034447 s
currentSize : 18 <-- 0.128019 s
currentSize : 21 <-- 0.128105 s
currentSize : 22 <-- 0.146273 s
currentSize : 23 <-- 0.146489 s

maxsize : 23
nodes : 84894.000000
filtered : 1092229.000000
time : 0.561848
