Parameters: GAD=1 vflib=1 dir=0 label=1 lowerbound=1 fileNameGp=../graphsdb/mcs30/bvg/b06/mcs30_b06_s60.A41 fileNameGt=../graphsdb/mcs30/bvg/b06/mcs30_b06_s60.B41
Reading graphs...
60 :  175
60 :  179
Initializing...
maxdom : 6
D->valSize : 228
Solving...
Blb : 2 (clique : 16)
currentSize : 16 <-- 0.002511 s
currentSize : 18 <-- 0.054317 s
currentSize : 19 <-- 0.057794 s
currentSize : 20 <-- 0.057849 s
currentSize : 21 <-- 1.795637 s
currentSize : 22 <-- 1.795686 s

maxsize : 22
nodes : 2634357.000000
filtered : 20048677.000000
time : 11.554049
