Parameters: GAD=1 vflib=1 dir=0 label=1 lowerbound=1 fileNameGp=../graphsdb/mcs30/m4D/m4Dr2/mcs30_m4Dr2_s60.A94 fileNameGt=../graphsdb/mcs30/m4D/m4Dr2/mcs30_m4Dr2_s60.B94
Reading graphs...
60 :  113
60 :  113
Initializing...
maxdom : 9
D->valSize : 274
Solving...
Blb : 2 (clique : 21)
currentSize : 21 <-- 0.002177 s
currentSize : 22 <-- 0.002312 s
currentSize : 23 <-- 0.002407 s
currentSize : 24 <-- 0.005718 s
currentSize : 25 <-- 0.014779 s
currentSize : 26 <-- 0.704125 s

maxsize : 26
nodes : 260381474.000000
filtered : 2599015133.000000
time : 1035.483887
