Parameters: GAD=1 vflib=1 dir=0 label=1 lowerbound=1 fileNameGp=../graphsdb/mcs30/bvg/b03/mcs30_b03_s40.A20 fileNameGt=../graphsdb/mcs30/bvg/b03/mcs30_b03_s40.B20
Reading graphs...
40 :  60
40 :  60
Initializing...
maxdom : 8
D->valSize : 200
Solving...
Blb : 2 (clique : 16)
currentSize : 16 <-- 0.001312 s
currentSize : 17 <-- 0.016478 s
currentSize : 18 <-- 0.556175 s
currentSize : 19 <-- 6.621146 s
currentSize : 20 <-- 6.628552 s

maxsize : 20
nodes : 3772473.000000
filtered : 27770749.000000
time : 11.870509
