Parameters: GAD=1 vflib=1 dir=0 label=1 lowerbound=1 fileNameGp=../graphsdb/mcs30/rand/r005/mcs30_r005_s80.A59 fileNameGt=../graphsdb/mcs30/rand/r005/mcs30_r005_s80.B59
Reading graphs...
80 :  311
80 :  309
Initializing...
maxdom : 10
D->valSize : 422
Solving...
Blb : 5 (clique : 20)
currentSize : 20 <-- 0.004236 s
currentSize : 21 <-- 0.004418 s
currentSize : 22 <-- 0.026112 s
currentSize : 23 <-- 0.695204 s
currentSize : 24 <-- 0.912822 s
currentSize : 25 <-- 6.671359 s
currentSize : 26 <-- 70.537392 s

TIMEOUT
maxsize : 26
nodes : 711961772.000000
filtered : 8039501346.000000
time : 3600.000000
