Parameters: GAD=1 vflib=1 dir=0 label=1 lowerbound=1 fileNameGp=../graphsdb/mcs30/m2D/m2Dr4/mcs30_m2Dr4_s80.A52 fileNameGt=../graphsdb/mcs30/m2D/m2Dr4/mcs30_m2Dr4_s80.B52
Reading graphs...
80 :  171
80 :  172
Initializing...
maxdom : 9
D->valSize : 443
Solving...
Blb : 2 (clique : 26)
currentSize : 26 <-- 0.007326 s
currentSize : 27 <-- 0.007682 s
currentSize : 28 <-- 0.007867 s
currentSize : 29 <-- 0.019790 s
currentSize : 30 <-- 0.382829 s
currentSize : 31 <-- 2.418766 s
currentSize : 32 <-- 1029.214233 s

TIMEOUT
maxsize : 32
nodes : 748487837.000000
filtered : 5672410021.000000
time : 3600.000000
