Parameters: GAD=1 vflib=1 dir=0 label=1 lowerbound=1 fileNameGp=../graphsdb/mcs30/m4D/m4Dr2/mcs30_m4Dr2_s70.A25 fileNameGt=../graphsdb/mcs30/m4D/m4Dr2/mcs30_m4Dr2_s70.B25
Reading graphs...
70 :  131
70 :  130
Initializing...
maxdom : 8
D->valSize : 336
Solving...
Blb : 2 (clique : 24)
currentSize : 24 <-- 0.003059 s
currentSize : 25 <-- 0.204364 s
currentSize : 26 <-- 1.342267 s
currentSize : 27 <-- 6.436428 s
currentSize : 28 <-- 242.864105 s
currentSize : 29 <-- 257.746918 s
currentSize : 30 <-- 367.801849 s

TIMEOUT
maxsize : 30
nodes : 884124379.000000
filtered : 5548726488.000000
time : 3600.000000
