Parameters: GAD=1 vflib=1 dir=0 label=1 lowerbound=1 fileNameGp=../graphsdb/mcs30/m2D/m2Dr2/mcs30_m2Dr2_s90.A71 fileNameGt=../graphsdb/mcs30/m2D/m2Dr2/mcs30_m2Dr2_s90.B71
Reading graphs...
90 :  176
90 :  177
Initializing...
maxdom : 11
D->valSize : 538
Solving...
Blb : 2 (clique : 32)
currentSize : 32 <-- 0.006211 s
currentSize : 33 <-- 0.007005 s
currentSize : 34 <-- 0.007918 s
currentSize : 35 <-- 0.010223 s
currentSize : 36 <-- 19.791296 s
currentSize : 37 <-- 2311.385742 s

TIMEOUT
maxsize : 37
nodes : 837244522.000000
filtered : 6668698619.000000
time : 3600.000000
