Parameters: GAD=1 vflib=1 dir=0 label=1 lowerbound=1 fileNameGp=../graphsdb/mcs30/m4D/m4Dr6/mcs30_m4Dr6_s90.A58 fileNameGt=../graphsdb/mcs30/m4D/m4Dr6/mcs30_m4Dr6_s90.B58
Reading graphs...
90 :  199
90 :  197
Initializing...
maxdom : 9
D->valSize : 522
Solving...
Blb : 2 (clique : 29)
currentSize : 29 <-- 0.005907 s
currentSize : 30 <-- 28.140278 s
currentSize : 31 <-- 125.441185 s
currentSize : 32 <-- 2184.013428 s
currentSize : 33 <-- 2201.468262 s
currentSize : 34 <-- 3038.925781 s

TIMEOUT
maxsize : 34
nodes : 969213949.000000
filtered : 4221705634.000000
time : 3600.000000
