Parameters: GAD=1 vflib=1 dir=0 label=1 lowerbound=1 fileNameGp=../graphsdb/mcs30/bvg/b09/mcs30_b09_s80.A58 fileNameGt=../graphsdb/mcs30/bvg/b09/mcs30_b09_s80.B58
Reading graphs...
80 :  356
80 :  356
Initializing...
maxdom : 9
D->valSize : 427
Solving...
Blb : 2 (clique : 18)
currentSize : 18 <-- 0.006530 s
currentSize : 19 <-- 0.006756 s
currentSize : 20 <-- 0.006849 s
currentSize : 21 <-- 0.006987 s
currentSize : 22 <-- 0.008619 s
currentSize : 23 <-- 0.016037 s
currentSize : 24 <-- 0.020476 s
currentSize : 25 <-- 0.065370 s
currentSize : 26 <-- 2215.426514 s
currentSize : 27 <-- 2236.212646 s

TIMEOUT
maxsize : 27
nodes : 643500389.000000
filtered : 8127076366.000000
time : 3600.000000
