Parameters: GAD=1 vflib=1 dir=0 label=1 lowerbound=1 fileNameGp=../graphsdb/mcs30/rand/r005/mcs30_r005_s60.A02 fileNameGt=../graphsdb/mcs30/rand/r005/mcs30_r005_s60.B02
Reading graphs...
60 :  176
60 :  175
Initializing...
maxdom : 8
D->valSize : 257
Solving...
Blb : 5 (clique : 16)
currentSize : 16 <-- 0.001868 s
currentSize : 17 <-- 0.002042 s
currentSize : 18 <-- 0.036176 s
currentSize : 19 <-- 0.043214 s
currentSize : 20 <-- 0.166261 s
currentSize : 21 <-- 2.042695 s
currentSize : 22 <-- 4.040847 s

maxsize : 22
nodes : 12368220.000000
filtered : 109717296.000000
time : 56.481239
