Parameters: GAD=1 vflib=1 dir=0 label=1 lowerbound=1 fileNameGp=../graphsdb/mcs30/m4D/m4Dr4/mcs30_m4Dr4_s70.A36 fileNameGt=../graphsdb/mcs30/m4D/m4Dr4/mcs30_m4Dr4_s70.B36
Reading graphs...
70 :  143
70 :  144
Initializing...
maxdom : 7
D->valSize : 316
Solving...
Blb : 2 (clique : 24)
currentSize : 24 <-- 0.002703 s
currentSize : 25 <-- 0.657174 s
currentSize : 26 <-- 0.666643 s
currentSize : 27 <-- 126.433540 s
currentSize : 28 <-- 126.510406 s
currentSize : 29 <-- 3179.829102 s

TIMEOUT
maxsize : 29
nodes : 997760968.000000
filtered : 5331241142.000000
time : 3600.000000
