Parameters: GAD=1 vflib=1 dir=0 label=1 lowerbound=1 fileNameGp=../graphsdb/mcs30/m4D/m4D/mcs30_m4D_s80.A10 fileNameGt=../graphsdb/mcs30/m4D/m4D/mcs30_m4D_s80.B10
Reading graphs...
80 :  131
80 :  130
Initializing...
maxdom : 10
D->valSize : 426
Solving...
Blb : 2 (clique : 28)
currentSize : 28 <-- 0.004332 s
currentSize : 29 <-- 0.004566 s
currentSize : 30 <-- 0.004845 s
currentSize : 31 <-- 0.289822 s
currentSize : 32 <-- 0.375924 s
currentSize : 33 <-- 9.730713 s
currentSize : 34 <-- 594.651611 s
currentSize : 35 <-- 886.951843 s
currentSize : 36 <-- 1802.576294 s

TIMEOUT
maxsize : 36
nodes : 1036228160.000000
filtered : 4322494122.000000
time : 3600.000000
