Parameters: GAD=1 vflib=1 dir=0 label=1 lowerbound=1 fileNameGp=../graphsdb/mcs30/m3D/m3Dr2/mcs30_m3Dr2_s80.A14 fileNameGt=../graphsdb/mcs30/m3D/m3Dr2/mcs30_m3Dr2_s80.B14
Reading graphs...
80 :  199
80 :  197
Initializing...
maxdom : 10
D->valSize : 432
Solving...
Blb : 2 (clique : 29)
currentSize : 29 <-- 0.006926 s
currentSize : 30 <-- 0.007270 s
currentSize : 31 <-- 0.023524 s
currentSize : 32 <-- 0.162960 s
currentSize : 33 <-- 0.925945 s
currentSize : 34 <-- 12.812427 s
currentSize : 35 <-- 14.958023 s

TIMEOUT
maxsize : 35
nodes : 694119560.000000
filtered : 5890886244.000000
time : 3600.000000
