Parameters: GAD=1 vflib=1 dir=0 label=1 lowerbound=1 fileNameGp=../graphsdb/mcs30/bvg/b09/mcs30_b09_s70.A03 fileNameGt=../graphsdb/mcs30/bvg/b09/mcs30_b09_s70.B03
Reading graphs...
70 :  305
70 :  313
Initializing...
maxdom : 9
D->valSize : 302
Solving...
Blb : 3 (clique : 19)
currentSize : 19 <-- 0.004129 s
currentSize : 20 <-- 0.004905 s
currentSize : 21 <-- 0.006907 s
currentSize : 22 <-- 0.018456 s
currentSize : 23 <-- 1.571638 s
currentSize : 24 <-- 13.822030 s

maxsize : 24
nodes : 7332066.000000
filtered : 72931953.000000
time : 36.477180
