Parameters: GAD=1 vflib=1 dir=0 label=1 lowerbound=1 fileNameGp=../graphsdb/mcs30/bvg/b03/mcs30_b03_s50.A58 fileNameGt=../graphsdb/mcs30/bvg/b03/mcs30_b03_s50.B58
Reading graphs...
50 :  75
50 :  75
Initializing...
maxdom : 8
D->valSize : 298
Solving...
Blb : 2 (clique : 20)
currentSize : 20 <-- 0.002213 s
currentSize : 21 <-- 0.524741 s
currentSize : 22 <-- 3.798548 s
currentSize : 23 <-- 147.082993 s
currentSize : 24 <-- 239.394028 s

maxsize : 24
nodes : 603313927.000000
filtered : 5699692871.000000
time : 2342.294434
