Parameters: GAD=1 vflib=1 dir=0 label=1 lowerbound=1 fileNameGp=../graphsdb/mcs30/m2D/m2Dr4/mcs30_m2Dr4_s50.A80 fileNameGt=../graphsdb/mcs30/m2D/m2Dr4/mcs30_m2Dr4_s50.B80
Reading graphs...
50 :  103
50 :  101
Initializing...
maxdom : 10
D->valSize : 327
Solving...
Blb : 2 (clique : 16)
currentSize : 16 <-- 0.002448 s
currentSize : 17 <-- 0.039261 s
currentSize : 18 <-- 0.279979 s
currentSize : 19 <-- 0.561181 s
currentSize : 20 <-- 0.561372 s
currentSize : 21 <-- 0.784246 s
currentSize : 22 <-- 0.861507 s
currentSize : 23 <-- 35.553818 s

maxsize : 23
nodes : 38820856.000000
filtered : 528202969.000000
time : 182.307999
