Parameters: GAD=1 vflib=1 dir=0 label=1 lowerbound=1 fileNameGp=../graphsdb/mcs30/bvg/b06/mcs30_b06_s60.A10 fileNameGt=../graphsdb/mcs30/bvg/b06/mcs30_b06_s60.B10
Reading graphs...
60 :  176
60 :  179
Initializing...
maxdom : 8
D->valSize : 258
Solving...
Blb : 5 (clique : 17)
currentSize : 17 <-- 0.002064 s
currentSize : 18 <-- 0.002280 s
currentSize : 19 <-- 0.002381 s
currentSize : 20 <-- 0.021303 s
currentSize : 21 <-- 0.132126 s
currentSize : 22 <-- 0.487600 s
currentSize : 23 <-- 0.754230 s
currentSize : 24 <-- 0.994454 s

maxsize : 24
nodes : 14285560.000000
filtered : 168410552.000000
time : 68.259010
