Parameters: GAD=1 vflib=1 dir=0 label=1 lowerbound=1 fileNameGp=../graphsdb/mcs30/m2D/m2Dr6/mcs30_m2Dr6_s90.A44 fileNameGt=../graphsdb/mcs30/m2D/m2Dr6/mcs30_m2Dr6_s90.B44
Reading graphs...
90 :  214
90 :  212
Initializing...
maxdom : 10
D->valSize : 554
Solving...
Blb : 2 (clique : 30)
currentSize : 30 <-- 0.006694 s
currentSize : 31 <-- 0.007042 s
currentSize : 32 <-- 0.007145 s
currentSize : 33 <-- 0.008764 s
currentSize : 34 <-- 0.559332 s
currentSize : 35 <-- 18.283079 s
currentSize : 36 <-- 1396.148682 s

TIMEOUT
maxsize : 36
nodes : 744319019.000000
filtered : 4251328074.000000
time : 3600.000000
