Parameters: GAD=1 vflib=1 dir=0 label=1 lowerbound=1 fileNameGp=../graphsdb/mcs30/m3D/m3Dr2/mcs30_m3Dr2_s70.A51 fileNameGt=../graphsdb/mcs30/m3D/m3Dr2/mcs30_m3Dr2_s70.B51
Reading graphs...
70 :  173
70 :  171
Initializing...
maxdom : 9
D->valSize : 311
Solving...
Blb : 2 (clique : 22)
currentSize : 22 <-- 0.002657 s
currentSize : 23 <-- 0.003913 s
currentSize : 24 <-- 0.004157 s
currentSize : 25 <-- 0.004535 s
currentSize : 26 <-- 0.015941 s
currentSize : 27 <-- 0.016775 s
currentSize : 30 <-- 0.234407 s

maxsize : 30
nodes : 88943992.000000
filtered : 963270653.000000
time : 463.939087
