Parameters: GAD=1 vflib=1 dir=0 label=1 lowerbound=1 fileNameGp=../graphsdb/mcs30/bvg/b06m/mcs30_b06m_s70.A41 fileNameGt=../graphsdb/mcs30/bvg/b06m/mcs30_b06m_s70.B41
Reading graphs...
70 :  207
70 :  209
Initializing...
maxdom : 8
D->valSize : 304
Solving...
Blb : 2 (clique : 20)
currentSize : 20 <-- 0.002545 s
currentSize : 21 <-- 1.527837 s
currentSize : 22 <-- 6.967227 s
currentSize : 23 <-- 7.662089 s
currentSize : 24 <-- 15.462239 s
currentSize : 25 <-- 85.841476 s
currentSize : 26 <-- 497.383606 s

maxsize : 26
nodes : 531627232.000000
filtered : 4455230711.000000
time : 2419.789307
