Parameters: GAD=1 vflib=1 dir=0 label=1 lowerbound=1 fileNameGp=../graphsdb/mcs30/m3D/m3Dr6/mcs30_m3Dr6_s80.A66 fileNameGt=../graphsdb/mcs30/m3D/m3Dr6/mcs30_m3Dr6_s80.B66
Reading graphs...
80 :  226
80 :  228
Initializing...
maxdom : 9
D->valSize : 407
Solving...
Blb : 2 (clique : 22)
currentSize : 22 <-- 0.006973 s
currentSize : 23 <-- 0.029196 s
currentSize : 24 <-- 0.645702 s
currentSize : 25 <-- 16.283689 s
currentSize : 26 <-- 26.271420 s
currentSize : 27 <-- 144.760345 s
currentSize : 28 <-- 167.215118 s
currentSize : 29 <-- 167.226044 s
currentSize : 30 <-- 167.484406 s
currentSize : 31 <-- 167.485199 s
currentSize : 32 <-- 167.485535 s
currentSize : 33 <-- 171.481766 s

TIMEOUT
maxsize : 33
nodes : 637248048.000000
filtered : 7200097304.000000
time : 3600.000000
