Parameters: GAD=1 vflib=1 dir=0 label=1 lowerbound=1 fileNameGp=../graphsdb/mcs30/m2D/m2Dr2/mcs30_m2Dr2_s90.A13 fileNameGt=../graphsdb/mcs30/m2D/m2Dr2/mcs30_m2Dr2_s90.B13
Reading graphs...
90 :  176
90 :  179
Initializing...
maxdom : 10
D->valSize : 539
Solving...
Blb : 2 (clique : 34)
currentSize : 34 <-- 0.006349 s
currentSize : 35 <-- 0.006827 s
currentSize : 36 <-- 0.007222 s
currentSize : 37 <-- 0.008298 s
currentSize : 38 <-- 0.207152 s
currentSize : 39 <-- 2.074317 s
currentSize : 40 <-- 2.121965 s
currentSize : 41 <-- 302.595886 s

TIMEOUT
maxsize : 41
nodes : 651080861.000000
filtered : 5885189796.000000
time : 3600.000000
