Parameters: GAD=1 vflib=1 dir=0 label=1 lowerbound=1 fileNameGp=../graphsdb/mcs30/m4D/m4Dr6/mcs30_m4Dr6_s50.A74 fileNameGt=../graphsdb/mcs30/m4D/m4Dr6/mcs30_m4Dr6_s50.B74
Reading graphs...
50 :  117
50 :  114
Initializing...
maxdom : 11
D->valSize : 331
Solving...
Blb : 3 (clique : 19)
currentSize : 19 <-- 0.003893 s
currentSize : 20 <-- 0.347930 s
currentSize : 21 <-- 0.351224 s
currentSize : 22 <-- 15.490434 s
currentSize : 23 <-- 73.160934 s
currentSize : 24 <-- 99.694878 s

maxsize : 24
nodes : 26915607.000000
filtered : 429142020.000000
time : 121.361053
