Parameters: GAD=1 vflib=1 dir=0 label=1 lowerbound=1 fileNameGp=../graphsdb/mcs30/m4D/m4Dr4/mcs30_m4Dr4_s80.A73 fileNameGt=../graphsdb/mcs30/m4D/m4Dr4/mcs30_m4Dr4_s80.B73
Reading graphs...
80 :  162
80 :  161
Initializing...
maxdom : 9
D->valSize : 411
Solving...
Blb : 2 (clique : 28)
currentSize : 28 <-- 0.004002 s
currentSize : 30 <-- 0.004194 s
currentSize : 31 <-- 0.128667 s
currentSize : 32 <-- 62.600552 s
currentSize : 33 <-- 154.209946 s
currentSize : 34 <-- 497.672363 s

TIMEOUT
maxsize : 34
nodes : 886793005.000000
filtered : 5557740421.000000
time : 3600.000000
