Parameters: GAD=1 vflib=1 dir=0 label=1 lowerbound=1 fileNameGp=../graphsdb/mcs30/m2D/m2D/mcs30_m2D_s70.A63 fileNameGt=../graphsdb/mcs30/m2D/m2D/mcs30_m2D_s70.B63
Reading graphs...
70 :  123
70 :  121
Initializing...
maxdom : 8
D->valSize : 301
Solving...
Blb : 2 (clique : 25)
currentSize : 25 <-- 0.002587 s
currentSize : 26 <-- 0.061169 s
currentSize : 27 <-- 0.082595 s
currentSize : 28 <-- 5.832253 s
currentSize : 29 <-- 38.826279 s
currentSize : 30 <-- 153.549484 s
currentSize : 31 <-- 647.967773 s
currentSize : 32 <-- 1515.663208 s

TIMEOUT
maxsize : 32
nodes : 793623033.000000
filtered : 5844958807.000000
time : 3600.000000
