Parameters: GAD=1 vflib=1 dir=0 label=1 lowerbound=1 fileNameGp=../graphsdb/mcs30/rand/r01/mcs30_r01_s70.A57 fileNameGt=../graphsdb/mcs30/rand/r01/mcs30_r01_s70.B57
Reading graphs...
70 :  450
70 :  457
Initializing...
maxdom : 8
D->valSize : 340
Solving...
Blb : 2 (clique : 14)
currentSize : 14 <-- 0.002762 s
currentSize : 15 <-- 0.002890 s
currentSize : 16 <-- 0.293546 s
currentSize : 17 <-- 1.101591 s
currentSize : 18 <-- 1.101739 s
currentSize : 19 <-- 2.386672 s
currentSize : 20 <-- 6.912357 s
currentSize : 21 <-- 6.912385 s

maxsize : 21
nodes : 3378076.000000
filtered : 45216205.000000
time : 18.044411
