Parameters: GAD=1 vflib=1 dir=0 label=1 lowerbound=1 fileNameGp=../graphsdb/mcs30/bvg/b09/mcs30_b09_s100.A11 fileNameGt=../graphsdb/mcs30/bvg/b09/mcs30_b09_s100.B11
Reading graphs...
100 :  446
100 :  447
Initializing...
maxdom : 7
D->valSize : 314
Solving...
Blb : 2 (clique : 18)
currentSize : 18 <-- 0.003024 s
currentSize : 19 <-- 0.003755 s
currentSize : 20 <-- 0.003827 s
currentSize : 21 <-- 0.011475 s
currentSize : 22 <-- 0.153105 s
currentSize : 23 <-- 0.163022 s
currentSize : 24 <-- 0.163448 s
currentSize : 25 <-- 230.282669 s
currentSize : 27 <-- 683.329895 s
currentSize : 28 <-- 683.330139 s
currentSize : 29 <-- 683.332764 s
currentSize : 30 <-- 684.695190 s
currentSize : 31 <-- 1038.378662 s
currentSize : 32 <-- 1302.149292 s
currentSize : 33 <-- 2707.441895 s
currentSize : 34 <-- 3538.853516 s
currentSize : 35 <-- 3559.374512 s

TIMEOUT
maxsize : 35
nodes : 641946189.000000
filtered : 4077773896.000000
time : 3600.000000
