Parameters: GAD=1 vflib=1 dir=0 label=1 lowerbound=1 fileNameGp=../graphsdb/mcs30/m2D/m2Dr4/mcs30_m2Dr4_s70.A38 fileNameGt=../graphsdb/mcs30/m2D/m2Dr4/mcs30_m2Dr4_s70.B38
Reading graphs...
70 :  151
70 :  150
Initializing...
maxdom : 8
D->valSize : 348
Solving...
Blb : 5 (clique : 24)
currentSize : 24 <-- 0.002989 s
currentSize : 25 <-- 0.003277 s
currentSize : 27 <-- 0.003681 s
currentSize : 28 <-- 0.003804 s
currentSize : 29 <-- 36.860027 s
currentSize : 30 <-- 1557.450684 s

TIMEOUT
maxsize : 30
nodes : 873169436.000000
filtered : 6607688682.000000
time : 3600.000000
