Parameters: GAD=1 vflib=1 dir=0 label=1 lowerbound=1 fileNameGp=../graphsdb/mcs30/m4D/m4Dr2/mcs30_m4Dr2_s50.A99 fileNameGt=../graphsdb/mcs30/m4D/m4Dr2/mcs30_m4Dr2_s50.B99
Reading graphs...
50 :  97
50 :  96
Initializing...
maxdom : 10
D->valSize : 340
Solving...
Blb : 2 (clique : 18)
currentSize : 18 <-- 0.004082 s
currentSize : 19 <-- 0.013495 s
currentSize : 20 <-- 0.021875 s
currentSize : 21 <-- 0.778588 s
currentSize : 22 <-- 0.789012 s
currentSize : 23 <-- 63.542198 s
currentSize : 24 <-- 157.768112 s

maxsize : 24
nodes : 197716338.000000
filtered : 1868311306.000000
time : 688.670532
