Parameters: GAD=1 vflib=1 dir=0 label=1 lowerbound=1 fileNameGp=../graphsdb/mcs30/m2D/m2Dr6/mcs30_m2Dr6_s60.A08 fileNameGt=../graphsdb/mcs30/m2D/m2Dr6/mcs30_m2Dr6_s60.B08
Reading graphs...
60 :  136
60 :  138
Initializing...
maxdom : 7
D->valSize : 220
Solving...
Blb : 5 (clique : 19)
currentSize : 19 <-- 0.002623 s
currentSize : 20 <-- 0.030978 s
currentSize : 21 <-- 0.250121 s
currentSize : 22 <-- 0.490443 s
currentSize : 23 <-- 2.749389 s
currentSize : 24 <-- 7.069751 s

maxsize : 24
nodes : 25411283.000000
filtered : 146022955.000000
time : 94.157814
