Parameters: GAD=1 vflib=1 dir=0 label=1 lowerbound=1 fileNameGp=../graphsdb/mcs30/m2D/m2Dr4/mcs30_m2Dr4_s50.A10 fileNameGt=../graphsdb/mcs30/m2D/m2Dr4/mcs30_m2Dr4_s50.B10
Reading graphs...
50 :  103
50 :  101
Initializing...
maxdom : 10
D->valSize : 346
Solving...
Blb : 2 (clique : 18)
currentSize : 18 <-- 0.002683 s
currentSize : 19 <-- 0.005306 s
currentSize : 20 <-- 1.222369 s
currentSize : 21 <-- 6.578891 s
currentSize : 22 <-- 8.676145 s
currentSize : 23 <-- 17.900606 s
currentSize : 24 <-- 25.599005 s

maxsize : 24
nodes : 67585454.000000
filtered : 778384741.000000
time : 281.105347
