Parameters: GAD=1 vflib=1 dir=0 label=1 lowerbound=1 fileNameGp=../graphsdb/mcs30/bvg/b06m/mcs30_b06m_s70.A56 fileNameGt=../graphsdb/mcs30/bvg/b06m/mcs30_b06m_s70.B56
Reading graphs...
70 :  204
70 :  202
Initializing...
maxdom : 7
D->valSize : 339
Solving...
Blb : 2 (clique : 22)
currentSize : 22 <-- 0.002925 s
currentSize : 23 <-- 0.023468 s
currentSize : 24 <-- 0.260862 s
currentSize : 25 <-- 0.261405 s
currentSize : 26 <-- 14.887811 s
currentSize : 27 <-- 22.551796 s
currentSize : 28 <-- 617.668945 s

TIMEOUT
maxsize : 28
nodes : 741882346.000000
filtered : 8037394795.000000
time : 3600.000000
