Parameters: GAD=1 vflib=1 dir=0 label=1 lowerbound=1 fileNameGp=../graphsdb/mcs30/m4D/m4D/mcs30_m4D_s70.A49 fileNameGt=../graphsdb/mcs30/m4D/m4D/mcs30_m4D_s70.B49
Reading graphs...
70 :  118
70 :  117
Initializing...
maxdom : 9
D->valSize : 307
Solving...
Blb : 2 (clique : 23)
currentSize : 23 <-- 0.002621 s
currentSize : 24 <-- 0.012292 s
currentSize : 25 <-- 0.066071 s
currentSize : 26 <-- 4.125101 s
currentSize : 27 <-- 37.912582 s
currentSize : 28 <-- 53.415684 s
currentSize : 29 <-- 243.661316 s
currentSize : 30 <-- 1333.859985 s

TIMEOUT
maxsize : 30
nodes : 962833265.000000
filtered : 5807606686.000000
time : 3600.000000
