Parameters: GAD=1 vflib=1 dir=0 label=1 lowerbound=1 fileNameGp=../graphsdb/mcs30/bvg/b06/mcs30_b06_s80.A75 fileNameGt=../graphsdb/mcs30/bvg/b06/mcs30_b06_s80.B75
Reading graphs...
80 :  238
80 :  240
Initializing...
maxdom : 10
D->valSize : 442
Solving...
Blb : 2 (clique : 23)
currentSize : 23 <-- 0.004238 s
currentSize : 24 <-- 0.005767 s
currentSize : 25 <-- 0.008593 s
currentSize : 26 <-- 0.070056 s
currentSize : 27 <-- 36.581940 s
currentSize : 28 <-- 1171.592407 s
currentSize : 29 <-- 2072.837402 s
currentSize : 30 <-- 2075.136719 s
currentSize : 31 <-- 2940.695557 s

TIMEOUT
maxsize : 31
nodes : 696603298.000000
filtered : 6785985478.000000
time : 3600.000000
