Parameters: GAD=1 vflib=1 dir=0 label=1 lowerbound=1 fileNameGp=../graphsdb/mcs30/bvg/b03/mcs30_b03_s60.A15 fileNameGt=../graphsdb/mcs30/bvg/b03/mcs30_b03_s60.B15
Reading graphs...
60 :  90
60 :  90
Initializing...
maxdom : 8
D->valSize : 239
Solving...
Blb : 2 (clique : 22)
currentSize : 22 <-- 0.001781 s
currentSize : 23 <-- 0.001907 s
currentSize : 24 <-- 0.001928 s
currentSize : 25 <-- 0.002129 s
currentSize : 26 <-- 0.004767 s
currentSize : 27 <-- 0.060075 s
currentSize : 28 <-- 7.772969 s
currentSize : 29 <-- 12.103215 s
currentSize : 30 <-- 37.829502 s

maxsize : 30
nodes : 23092443.000000
filtered : 157005888.000000
time : 95.966278
