Parameters: GAD=1 vflib=1 dir=0 label=1 lowerbound=1 fileNameGp=../graphsdb/mcs30/m2D/m2Dr6/mcs30_m2Dr6_s60.A35 fileNameGt=../graphsdb/mcs30/m2D/m2Dr6/mcs30_m2Dr6_s60.B35
Reading graphs...
60 :  137
60 :  138
Initializing...
maxdom : 10
D->valSize : 236
Solving...
Blb : 2 (clique : 19)
currentSize : 19 <-- 0.001822 s
currentSize : 20 <-- 0.035413 s
currentSize : 21 <-- 0.485924 s
currentSize : 22 <-- 0.837475 s
currentSize : 23 <-- 1.260772 s
currentSize : 24 <-- 1.334937 s
currentSize : 25 <-- 1.523964 s
currentSize : 26 <-- 2.246414 s

maxsize : 26
nodes : 1532270.000000
filtered : 10322916.000000
time : 6.196990
