Parameters: GAD=1 vflib=1 dir=0 label=1 lowerbound=1 fileNameGp=../graphsdb/mcs30/m3D/m3Dr6/mcs30_m3Dr6_s70.A24 fileNameGt=../graphsdb/mcs30/m3D/m3Dr6/mcs30_m3Dr6_s70.B24
Reading graphs...
70 :  199
70 :  195
Initializing...
maxdom : 12
D->valSize : 351
Solving...
Blb : 2 (clique : 20)
currentSize : 20 <-- 0.003132 s
currentSize : 21 <-- 0.003279 s
currentSize : 22 <-- 0.003355 s
currentSize : 23 <-- 0.003676 s
currentSize : 24 <-- 0.003760 s
currentSize : 25 <-- 6.512656 s
currentSize : 26 <-- 6.512820 s
currentSize : 27 <-- 6.513464 s
currentSize : 28 <-- 8.725108 s
currentSize : 29 <-- 8.728437 s
currentSize : 30 <-- 91.396858 s
currentSize : 31 <-- 201.157990 s

maxsize : 31
nodes : 68205656.000000
filtered : 640032038.000000
time : 325.218658
