Parameters: GAD=1 vflib=1 dir=0 label=1 lowerbound=1 fileNameGp=../graphsdb/mcs30/bvg/b06/mcs30_b06_s80.A49 fileNameGt=../graphsdb/mcs30/bvg/b06/mcs30_b06_s80.B49
Reading graphs...
80 :  237
80 :  239
Initializing...
maxdom : 9
D->valSize : 420
Solving...
Blb : 2 (clique : 21)
currentSize : 21 <-- 0.006573 s
currentSize : 22 <-- 10.945036 s
currentSize : 23 <-- 12.694424 s
currentSize : 24 <-- 23.790977 s
currentSize : 25 <-- 27.002060 s
currentSize : 26 <-- 174.457214 s
currentSize : 27 <-- 570.937134 s

TIMEOUT
maxsize : 27
nodes : 832160738.000000
filtered : 6201278990.000000
time : 3600.000000
