Parameters: GAD=1 vflib=1 dir=0 label=1 lowerbound=1 fileNameGp=../graphsdb/mcs30/rand/r02/mcs30_r02_s40.A50 fileNameGt=../graphsdb/mcs30/rand/r02/mcs30_r02_s40.B50
Reading graphs...
40 :  272
40 :  277
Initializing...
maxdom : 7
D->valSize : 191
Solving...
Blb : 5 (clique : 7)
currentSize : 7 <-- 0.001119 s
currentSize : 8 <-- 0.001902 s
currentSize : 9 <-- 0.002481 s
currentSize : 10 <-- 0.014052 s
currentSize : 11 <-- 0.022127 s
currentSize : 12 <-- 0.022167 s

maxsize : 12
nodes : 8926.000000
filtered : 111325.000000
time : 0.032933
