Parameters: GAD=1 vflib=1 dir=0 label=1 lowerbound=1 fileNameGp=../graphsdb/mcs30/m4D/m4D/mcs30_m4D_s90.A97 fileNameGt=../graphsdb/mcs30/m4D/m4D/mcs30_m4D_s90.B97
Reading graphs...
90 :  146
90 :  146
Initializing...
maxdom : 10
D->valSize : 539
Solving...
Blb : 5 (clique : 35)
currentSize : 35 <-- 0.006345 s
currentSize : 36 <-- 0.697607 s
currentSize : 37 <-- 2.099902 s
currentSize : 38 <-- 273.954956 s
currentSize : 39 <-- 280.443115 s
currentSize : 40 <-- 536.430237 s
currentSize : 41 <-- 536.765747 s

TIMEOUT
maxsize : 41
nodes : 857217011.000000
filtered : 5457980594.000000
time : 3600.000000
