Parameters: GAD=1 vflib=1 dir=0 label=1 lowerbound=1 fileNameGp=../graphsdb/mcs30/m2D/m2D/mcs30_m2D_s100.A22 fileNameGt=../graphsdb/mcs30/m2D/m2D/mcs30_m2D_s100.B22
Reading graphs...
100 :  179
100 :  180
Initializing...
maxdom : 6
D->valSize : 328
Solving...
Blb : 2 (clique : 34)
currentSize : 34 <-- 0.003457 s
currentSize : 35 <-- 0.010375 s
currentSize : 36 <-- 0.010610 s
currentSize : 37 <-- 0.061300 s
currentSize : 38 <-- 0.152827 s
currentSize : 39 <-- 0.988083 s

TIMEOUT
maxsize : 39
nodes : 787218569.000000
filtered : 2754589584.000000
time : 3600.000000
