Parameters: GAD=1 vflib=1 dir=0 label=1 lowerbound=1 fileNameGp=../graphsdb/mcs30/bvg/b03m/mcs30_b03m_s35.A05 fileNameGt=../graphsdb/mcs30/bvg/b03m/mcs30_b03m_s35.B05
Reading graphs...
35 :  52
35 :  51
Initializing...
maxdom : 8
D->valSize : 186
Solving...
Blb : 2 (clique : 14)
currentSize : 14 <-- 0.001000 s
currentSize : 15 <-- 0.001109 s
currentSize : 16 <-- 0.002412 s
currentSize : 17 <-- 0.005919 s
currentSize : 18 <-- 0.574689 s

maxsize : 18
nodes : 282915.000000
filtered : 2695844.000000
time : 0.991797
