Parameters: GAD=1 vflib=1 dir=0 label=1 lowerbound=1 fileNameGp=../graphsdb/mcs30/rand/r01/mcs30_r01_s70.A44 fileNameGt=../graphsdb/mcs30/rand/r01/mcs30_r01_s70.B44
Reading graphs...
70 :  459
70 :  450
Initializing...
maxdom : 9
D->valSize : 379
Solving...
Blb : 2 (clique : 14)
currentSize : 14 <-- 0.003378 s
currentSize : 15 <-- 0.008058 s
currentSize : 17 <-- 0.076024 s
currentSize : 18 <-- 0.139936 s
currentSize : 19 <-- 6.665212 s
currentSize : 20 <-- 7.129294 s
currentSize : 22 <-- 7.131686 s

maxsize : 22
nodes : 1886005.000000
filtered : 31763580.000000
time : 10.751082
