Parameters: GAD=1 vflib=1 dir=0 label=1 lowerbound=1 fileNameGp=../graphsdb/mcs30/m2D/m2Dr6/mcs30_m2Dr6_s90.A08 fileNameGt=../graphsdb/mcs30/m2D/m2Dr6/mcs30_m2Dr6_s90.B08
Reading graphs...
90 :  214
90 :  213
Initializing...
maxdom : 11
D->valSize : 532
Solving...
Blb : 2 (clique : 29)
currentSize : 29 <-- 0.006072 s
currentSize : 30 <-- 0.006302 s
currentSize : 31 <-- 0.013420 s
currentSize : 32 <-- 0.023709 s
currentSize : 33 <-- 0.080409 s
currentSize : 34 <-- 0.092254 s
currentSize : 35 <-- 901.133301 s

TIMEOUT
maxsize : 35
nodes : 816588302.000000
filtered : 4652210153.000000
time : 3600.000000
