Parameters: GAD=1 vflib=1 dir=0 label=1 lowerbound=1 fileNameGp=../graphsdb/mcs30/m3D/m3Dr2/mcs30_m3Dr2_s70.A21 fileNameGt=../graphsdb/mcs30/m3D/m3Dr2/mcs30_m3Dr2_s70.B21
Reading graphs...
70 :  170
70 :  167
Initializing...
maxdom : 9
D->valSize : 346
Solving...
Blb : 2 (clique : 23)
currentSize : 23 <-- 0.003048 s
currentSize : 24 <-- 0.089637 s
currentSize : 25 <-- 1.536201 s
currentSize : 26 <-- 1.538092 s
currentSize : 27 <-- 25.984385 s
currentSize : 28 <-- 26.074549 s
currentSize : 29 <-- 555.882446 s
currentSize : 30 <-- 555.993103 s
currentSize : 31 <-- 556.387024 s
currentSize : 32 <-- 1681.438477 s
currentSize : 33 <-- 1726.507446 s

maxsize : 33
nodes : 383972816.000000
filtered : 3653513516.000000
time : 1822.247803
