Parameters: GAD=1 vflib=1 dir=0 label=1 lowerbound=1 fileNameGp=../graphsdb/mcs30/m3D/m3Dr4/mcs30_m3Dr4_s70.A75 fileNameGt=../graphsdb/mcs30/m3D/m3Dr4/mcs30_m3Dr4_s70.B75
Reading graphs...
70 :  180
70 :  185
Initializing...
maxdom : 8
D->valSize : 320
Solving...
Blb : 2 (clique : 22)
currentSize : 22 <-- 0.003337 s
currentSize : 23 <-- 0.103641 s
currentSize : 24 <-- 0.675668 s
currentSize : 25 <-- 1.806735 s
currentSize : 26 <-- 1.806752 s
currentSize : 27 <-- 1.886968 s
currentSize : 28 <-- 2.923220 s
currentSize : 29 <-- 4.527454 s
currentSize : 30 <-- 1554.301270 s

maxsize : 30
nodes : 749265582.000000
filtered : 5545087326.000000
time : 3319.062256
