Parameters: GAD=1 vflib=1 dir=0 label=1 lowerbound=1 fileNameGp=../graphsdb/mcs30/m4D/m4D/mcs30_m4D_s90.A04 fileNameGt=../graphsdb/mcs30/m4D/m4D/mcs30_m4D_s90.B04
Reading graphs...
90 :  146
90 :  146
Initializing...
maxdom : 11
D->valSize : 495
Solving...
Blb : 2 (clique : 34)
currentSize : 34 <-- 0.009551 s
currentSize : 35 <-- 0.009954 s
currentSize : 36 <-- 0.048298 s
currentSize : 37 <-- 4.582799 s
currentSize : 38 <-- 11.895809 s
currentSize : 39 <-- 20.264608 s
currentSize : 40 <-- 22.739712 s
currentSize : 41 <-- 1658.897583 s

TIMEOUT
maxsize : 41
nodes : 815818736.000000
filtered : 4992701178.000000
time : 3600.000000
