Parameters: GAD=1 vflib=1 dir=0 label=1 lowerbound=1 fileNameGp=../graphsdb/mcs30/m3D/m3Dr2/mcs30_m3Dr2_s90.A94 fileNameGt=../graphsdb/mcs30/m3D/m3Dr2/mcs30_m3Dr2_s90.B94
Reading graphs...
90 :  227
90 :  224
Initializing...
maxdom : 10
D->valSize : 528
Solving...
Blb : 2 (clique : 27)
currentSize : 27 <-- 0.005926 s
currentSize : 28 <-- 0.006415 s
currentSize : 29 <-- 0.012914 s
currentSize : 30 <-- 0.793409 s
currentSize : 31 <-- 2.031100 s
currentSize : 32 <-- 98.954597 s

TIMEOUT
maxsize : 32
nodes : 628124627.000000
filtered : 6738635845.000000
time : 3600.000000
