Parameters: GAD=1 vflib=1 dir=0 label=1 lowerbound=1 fileNameGp=../graphsdb/mcs30/m3D/m3Dr4/mcs30_m3Dr4_s90.A25 fileNameGt=../graphsdb/mcs30/m3D/m3Dr4/mcs30_m3Dr4_s90.B25
Reading graphs...
90 :  242
90 :  242
Initializing...
maxdom : 10
D->valSize : 527
Solving...
Blb : 2 (clique : 31)
currentSize : 31 <-- 0.006223 s
currentSize : 32 <-- 0.014259 s
currentSize : 33 <-- 0.029266 s
currentSize : 34 <-- 0.157744 s
currentSize : 35 <-- 0.254360 s
currentSize : 36 <-- 101.201630 s
currentSize : 37 <-- 3402.325439 s

TIMEOUT
maxsize : 37
nodes : 670190326.000000
filtered : 5878633919.000000
time : 3600.000000
