Parameters: GAD=1 vflib=1 dir=0 label=1 lowerbound=1 fileNameGp=../graphsdb/mcs30/rand/r01/mcs30_r01_s90.A44 fileNameGt=../graphsdb/mcs30/rand/r01/mcs30_r01_s90.B44
Reading graphs...
90 :  754
90 :  756
Initializing...
maxdom : 9
D->valSize : 541
Solving...
Blb : 2 (clique : 14)
currentSize : 14 <-- 0.005886 s
currentSize : 15 <-- 0.006224 s
currentSize : 16 <-- 0.006897 s
currentSize : 17 <-- 0.058814 s
currentSize : 18 <-- 0.070414 s
currentSize : 19 <-- 0.394243 s
currentSize : 20 <-- 12.420858 s
currentSize : 21 <-- 60.423534 s
currentSize : 22 <-- 61.236893 s
currentSize : 23 <-- 66.790916 s
currentSize : 27 <-- 107.912697 s

maxsize : 27
nodes : 23439398.000000
filtered : 399886612.000000
time : 150.701263
