Parameters: GAD=1 vflib=1 dir=0 label=1 lowerbound=1 fileNameGp=../graphsdb/mcs30/m2D/m2Dr6/mcs30_m2Dr6_s50.A74 fileNameGt=../graphsdb/mcs30/m2D/m2Dr6/mcs30_m2Dr6_s50.B74
Reading graphs...
50 :  110
50 :  113
Initializing...
maxdom : 11
D->valSize : 316
Solving...
Blb : 2 (clique : 18)
currentSize : 18 <-- 0.002181 s
currentSize : 19 <-- 0.002428 s
currentSize : 20 <-- 0.004914 s
currentSize : 21 <-- 2.175989 s
currentSize : 22 <-- 21.655140 s

maxsize : 22
nodes : 19431936.000000
filtered : 242501723.000000
time : 79.644562
