Parameters: GAD=1 vflib=1 dir=0 label=1 lowerbound=1 fileNameGp=../graphsdb/mcs30/bvg/b09/mcs30_b09_s80.A30 fileNameGt=../graphsdb/mcs30/bvg/b09/mcs30_b09_s80.B30
Reading graphs...
80 :  348
80 :  352
Initializing...
maxdom : 9
D->valSize : 405
Solving...
Blb : 2 (clique : 17)
currentSize : 17 <-- 0.003739 s
currentSize : 18 <-- 0.004295 s
currentSize : 19 <-- 0.005923 s
currentSize : 20 <-- 0.946347 s
currentSize : 21 <-- 44.334682 s
currentSize : 22 <-- 67.062767 s
currentSize : 23 <-- 80.224068 s
currentSize : 24 <-- 184.730591 s
currentSize : 25 <-- 184.743744 s
currentSize : 26 <-- 190.621002 s
currentSize : 27 <-- 292.300476 s
currentSize : 28 <-- 908.591125 s

maxsize : 28
nodes : 256576787.000000
filtered : 3580960234.000000
time : 1416.330444
