Parameters: GAD=1 vflib=1 dir=0 label=1 lowerbound=1 fileNameGp=../graphsdb/mcs30/m4D/m4Dr4/mcs30_m4Dr4_s50.A97 fileNameGt=../graphsdb/mcs30/m4D/m4Dr4/mcs30_m4Dr4_s50.B97
Reading graphs...
50 :  105
50 :  101
Initializing...
maxdom : 9
D->valSize : 334
Solving...
Blb : 2 (clique : 18)
currentSize : 18 <-- 0.002597 s
currentSize : 19 <-- 0.003153 s
currentSize : 20 <-- 0.006685 s
currentSize : 21 <-- 16.495085 s
currentSize : 22 <-- 205.336670 s
currentSize : 23 <-- 207.073959 s
currentSize : 24 <-- 585.231628 s

maxsize : 24
nodes : 689842731.000000
filtered : 8804319168.000000
time : 3072.187500
