Parameters: GAD=1 vflib=1 dir=0 label=1 lowerbound=1 fileNameGp=../graphsdb/mcs30/m4D/m4Dr2/mcs30_m4Dr2_s60.A77 fileNameGt=../graphsdb/mcs30/m4D/m4Dr2/mcs30_m4Dr2_s60.B77
Reading graphs...
60 :  114
60 :  112
Initializing...
maxdom : 7
D->valSize : 248
Solving...
Blb : 3 (clique : 21)
currentSize : 21 <-- 0.002810 s
currentSize : 22 <-- 0.004503 s
currentSize : 23 <-- 0.030642 s
currentSize : 24 <-- 11.954612 s
currentSize : 25 <-- 19.189217 s
currentSize : 26 <-- 165.418076 s

maxsize : 26
nodes : 123023579.000000
filtered : 916443498.000000
time : 486.094604
