Parameters: GAD=1 vflib=1 dir=0 label=1 lowerbound=1 fileNameGp=../graphsdb/mcs30/m3D/m3Dr6/mcs30_m3Dr6_s100.A39 fileNameGt=../graphsdb/mcs30/m3D/m3Dr6/mcs30_m3Dr6_s100.B39
Reading graphs...
100 :  290
100 :  290
Initializing...
maxdom : 7
D->valSize : 331
Solving...
Blb : 2 (clique : 27)
currentSize : 27 <-- 0.003210 s
currentSize : 28 <-- 0.011459 s
currentSize : 29 <-- 0.011950 s
currentSize : 30 <-- 0.954702 s
currentSize : 31 <-- 5.598266 s
currentSize : 32 <-- 3268.993652 s

TIMEOUT
maxsize : 32
nodes : 702398031.000000
filtered : 4764915572.000000
time : 3600.000000
