Parameters: GAD=1 vflib=1 dir=0 label=1 lowerbound=1 fileNameGp=../graphsdb/mcs30/rand/r005/mcs30_r005_s80.A27 fileNameGt=../graphsdb/mcs30/rand/r005/mcs30_r005_s80.B27
Reading graphs...
80 :  308
80 :  298
Initializing...
maxdom : 10
D->valSize : 416
Solving...
Blb : 2 (clique : 20)
currentSize : 20 <-- 0.006399 s
currentSize : 21 <-- 0.006689 s
currentSize : 23 <-- 0.006961 s
currentSize : 24 <-- 0.007254 s
currentSize : 25 <-- 0.008513 s
currentSize : 26 <-- 0.135267 s
currentSize : 27 <-- 6.866131 s
currentSize : 28 <-- 7.657903 s

TIMEOUT
maxsize : 28
nodes : 638215533.000000
filtered : 7560973345.000000
time : 3600.000000
