Parameters: GAD=1 vflib=1 dir=0 label=1 lowerbound=1 fileNameGp=../graphsdb/mcs30/bvg/b06m/mcs30_b06m_s40.A87 fileNameGt=../graphsdb/mcs30/bvg/b06m/mcs30_b06m_s40.B87
Reading graphs...
40 :  111
40 :  115
Initializing...
maxdom : 9
D->valSize : 220
Solving...
Blb : 2 (clique : 13)
currentSize : 13 <-- 0.001533 s
currentSize : 14 <-- 0.001626 s
currentSize : 15 <-- 0.028212 s
currentSize : 16 <-- 0.038434 s
currentSize : 17 <-- 0.506034 s

maxsize : 17
nodes : 286216.000000
filtered : 3285229.000000
time : 0.983543
