Parameters: GAD=1 vflib=1 dir=0 label=1 lowerbound=1 fileNameGp=../graphsdb/mcs30/m2D/m2Dr4/mcs30_m2Dr4_s50.A42 fileNameGt=../graphsdb/mcs30/m2D/m2Dr4/mcs30_m2Dr4_s50.B42
Reading graphs...
50 :  105
50 :  104
Initializing...
maxdom : 10
D->valSize : 346
Solving...
Blb : 2 (clique : 17)
currentSize : 17 <-- 0.004195 s
currentSize : 18 <-- 0.009782 s
currentSize : 19 <-- 3.027222 s
currentSize : 20 <-- 8.501512 s
currentSize : 21 <-- 44.223392 s
currentSize : 22 <-- 48.878574 s
currentSize : 23 <-- 63.129631 s
currentSize : 24 <-- 299.222443 s

maxsize : 24
nodes : 166132110.000000
filtered : 2280904800.000000
time : 686.025085
