Parameters: GAD=1 vflib=1 dir=0 label=1 lowerbound=1 fileNameGp=../graphsdb/mcs30/m4D/m4Dr2/mcs30_m4Dr2_s60.A54 fileNameGt=../graphsdb/mcs30/m4D/m4Dr2/mcs30_m4Dr2_s60.B54
Reading graphs...
60 :  114
60 :  114
Initializing...
maxdom : 6
D->valSize : 228
Solving...
Blb : 2 (clique : 21)
currentSize : 21 <-- 0.002365 s
currentSize : 22 <-- 0.052344 s
currentSize : 23 <-- 0.912446 s
currentSize : 24 <-- 0.940823 s
currentSize : 25 <-- 3.915077 s
currentSize : 26 <-- 25.425117 s

maxsize : 26
nodes : 109509665.000000
filtered : 668756212.000000
time : 412.152222
