Parameters: GAD=1 vflib=1 dir=0 label=1 lowerbound=1 fileNameGp=../graphsdb/mcs30/bvg/b09m/mcs30_b09m_s100.A46 fileNameGt=../graphsdb/mcs30/bvg/b09m/mcs30_b09m_s100.B46
Reading graphs...
100 :  439
100 :  438
Initializing...
maxdom : 7
D->valSize : 322
Solving...
Blb : 3 (clique : 25)
currentSize : 25 <-- 0.003293 s
currentSize : 26 <-- 0.003926 s
currentSize : 27 <-- 0.051586 s
currentSize : 28 <-- 0.057255 s
currentSize : 29 <-- 0.587731 s
currentSize : 30 <-- 2.597056 s
currentSize : 31 <-- 80.758514 s
currentSize : 32 <-- 108.942307 s
currentSize : 33 <-- 1264.917480 s

TIMEOUT
maxsize : 33
nodes : 655976293.000000
filtered : 3634574487.000000
time : 3600.000000
