Parameters: GAD=1 vflib=1 dir=0 label=1 lowerbound=1 fileNameGp=../graphsdb/mcs30/m4D/m4Dr4/mcs30_m4Dr4_s60.A13 fileNameGt=../graphsdb/mcs30/m4D/m4Dr4/mcs30_m4Dr4_s60.B13
Reading graphs...
60 :  122
60 :  123
Initializing...
maxdom : 7
D->valSize : 226
Solving...
Blb : 2 (clique : 19)
currentSize : 19 <-- 0.001617 s
currentSize : 20 <-- 0.001749 s
currentSize : 21 <-- 0.006156 s
currentSize : 22 <-- 0.083630 s
currentSize : 23 <-- 2.731861 s
currentSize : 24 <-- 37.894848 s
currentSize : 25 <-- 111.762344 s

maxsize : 25
nodes : 226426152.000000
filtered : 1512591066.000000
time : 847.063965
