Parameters: GAD=1 vflib=1 dir=0 label=1 lowerbound=1 fileNameGp=../graphsdb/mcs30/m3D/m3D/mcs30_m3D_s40.A79 fileNameGt=../graphsdb/mcs30/m3D/m3D/mcs30_m3D_s40.B79
Reading graphs...
40 :  80
40 :  80
Initializing...
maxdom : 8
D->valSize : 190
Solving...
Blb : 2 (clique : 13)
currentSize : 13 <-- 0.001286 s
currentSize : 14 <-- 0.007153 s
currentSize : 15 <-- 0.107770 s
currentSize : 16 <-- 0.142012 s
currentSize : 17 <-- 0.342547 s
currentSize : 18 <-- 0.881639 s

maxsize : 18
nodes : 3044361.000000
filtered : 20252647.000000
time : 8.279099
