Parameters: GAD=1 vflib=1 dir=0 label=1 lowerbound=1 fileNameGp=../graphsdb/mcs30/bvg/b06/mcs30_b06_s35.A86 fileNameGt=../graphsdb/mcs30/bvg/b06/mcs30_b06_s35.B86
Reading graphs...
35 :  103
35 :  104
Initializing...
maxdom : 8
D->valSize : 163
Solving...
Blb : 2 (clique : 9)
currentSize : 9 <-- 0.001253 s
currentSize : 10 <-- 0.001344 s
currentSize : 11 <-- 0.001463 s
currentSize : 12 <-- 0.009059 s
currentSize : 13 <-- 0.035401 s

maxsize : 13
nodes : 57424.000000
filtered : 807960.000000
time : 0.213942
