Parameters: GAD=1 vflib=1 dir=0 label=1 lowerbound=1 fileNameGp=../graphsdb/mcs30/m3D/m3Dr4/mcs30_m3Dr4_s80.A21 fileNameGt=../graphsdb/mcs30/m3D/m3Dr4/mcs30_m3Dr4_s80.B21
Reading graphs...
80 :  212
80 :  214
Initializing...
maxdom : 15
D->valSize : 474
Solving...
Blb : 2 (clique : 26)
currentSize : 26 <-- 0.005283 s
currentSize : 27 <-- 0.317835 s
currentSize : 28 <-- 1.288200 s
currentSize : 29 <-- 2.404098 s
currentSize : 30 <-- 83.874908 s
currentSize : 31 <-- 625.726440 s
currentSize : 32 <-- 681.162170 s

TIMEOUT
maxsize : 32
nodes : 704290581.000000
filtered : 6952642209.000000
time : 3600.000000
