Parameters: GAD=1 vflib=1 dir=0 label=1 lowerbound=1 fileNameGp=../graphsdb/mcs30/bvg/b06/mcs30_b06_s90.A52 fileNameGt=../graphsdb/mcs30/bvg/b06/mcs30_b06_s90.B52
Reading graphs...
90 :  269
90 :  266
Initializing...
maxdom : 9
D->valSize : 526
Solving...
Blb : 2 (clique : 22)
currentSize : 22 <-- 0.005827 s
currentSize : 24 <-- 0.006010 s
currentSize : 25 <-- 0.006116 s
currentSize : 26 <-- 0.011382 s
currentSize : 27 <-- 0.180157 s
currentSize : 28 <-- 67.820641 s
currentSize : 29 <-- 304.988281 s
currentSize : 30 <-- 999.328857 s

TIMEOUT
maxsize : 30
nodes : 767300192.000000
filtered : 5148305620.000000
time : 3600.000000
