Parameters: GAD=1 vflib=1 dir=0 label=1 lowerbound=1 fileNameGp=../graphsdb/mcs30/m3D/m3Dr4/mcs30_m3Dr4_s40.A40 fileNameGt=../graphsdb/mcs30/m3D/m3Dr4/mcs30_m3Dr4_s40.B40
Reading graphs...
40 :  99
40 :  98
Initializing...
maxdom : 12
D->valSize : 217
Solving...
Blb : 2 (clique : 12)
currentSize : 12 <-- 0.001314 s
currentSize : 13 <-- 0.004438 s
currentSize : 14 <-- 0.027263 s
currentSize : 15 <-- 0.051954 s
currentSize : 16 <-- 0.239517 s

maxsize : 16
nodes : 591882.000000
filtered : 7302950.000000
time : 2.246952
