Parameters: GAD=1 vflib=1 dir=0 label=1 lowerbound=1 fileNameGp=../graphsdb/mcs30/bvg/b06/mcs30_b06_s90.A59 fileNameGt=../graphsdb/mcs30/bvg/b06/mcs30_b06_s90.B59
Reading graphs...
90 :  269
90 :  265
Initializing...
maxdom : 11
D->valSize : 538
Solving...
Blb : 2 (clique : 27)
currentSize : 27 <-- 0.006201 s
currentSize : 28 <-- 3.066294 s
currentSize : 29 <-- 18.598831 s
currentSize : 30 <-- 137.281418 s
currentSize : 31 <-- 274.815369 s
currentSize : 32 <-- 685.860229 s

TIMEOUT
maxsize : 32
nodes : 656768386.000000
filtered : 8131008689.000000
time : 3600.000000
