Parameters: GAD=1 vflib=1 dir=0 label=1 lowerbound=1 fileNameGp=../graphsdb/mcs30/rand/r005/mcs30_r005_s50.A68 fileNameGt=../graphsdb/mcs30/rand/r005/mcs30_r005_s50.B68
Reading graphs...
50 :  124
50 :  124
Initializing...
maxdom : 10
D->valSize : 330
Solving...
Blb : 2 (clique : 18)
currentSize : 18 <-- 0.002634 s
currentSize : 19 <-- 0.003384 s
currentSize : 20 <-- 18.629047 s
currentSize : 21 <-- 485.162109 s
currentSize : 22 <-- 487.468353 s

maxsize : 22
nodes : 280167040.000000
filtered : 3833116691.000000
time : 1135.760498
