Parameters: GAD=1 vflib=1 dir=0 label=1 lowerbound=1 fileNameGp=../graphsdb/mcs30/m4D/m4Dr4/mcs30_m4Dr4_s50.A77 fileNameGt=../graphsdb/mcs30/m4D/m4Dr4/mcs30_m4Dr4_s50.B77
Reading graphs...
50 :  107
50 :  106
Initializing...
maxdom : 9
D->valSize : 312
Solving...
Blb : 2 (clique : 18)
currentSize : 18 <-- 0.002381 s
currentSize : 19 <-- 0.003158 s
currentSize : 20 <-- 0.021596 s
currentSize : 21 <-- 2.333176 s
currentSize : 22 <-- 6.711870 s
currentSize : 23 <-- 6.787374 s

maxsize : 23
nodes : 436801407.000000
filtered : 4936531673.000000
time : 1700.026001
