Parameters: GAD=1 vflib=1 dir=0 label=1 lowerbound=1 fileNameGp=../graphsdb/mcs30/m3D/m3Dr2/mcs30_m3Dr2_s80.A48 fileNameGt=../graphsdb/mcs30/m3D/m3Dr2/mcs30_m3Dr2_s80.B48
Reading graphs...
80 :  198
80 :  198
Initializing...
maxdom : 9
D->valSize : 391
Solving...
Blb : 2 (clique : 25)
currentSize : 25 <-- 0.004462 s
currentSize : 26 <-- 0.005888 s
currentSize : 27 <-- 0.015839 s
currentSize : 28 <-- 0.456987 s
currentSize : 29 <-- 8.478099 s
currentSize : 30 <-- 2895.077393 s

TIMEOUT
maxsize : 30
nodes : 870881344.000000
filtered : 5850675675.000000
time : 3600.000000
