Parameters: GAD=1 vflib=1 dir=0 label=1 lowerbound=1 fileNameGp=../graphsdb/mcs30/bvg/b09m/mcs30_b09m_s70.A40 fileNameGt=../graphsdb/mcs30/bvg/b09m/mcs30_b09m_s70.B40
Reading graphs...
70 :  299
70 :  298
Initializing...
maxdom : 13
D->valSize : 386
Solving...
Blb : 3 (clique : 17)
currentSize : 17 <-- 0.003323 s
currentSize : 18 <-- 0.400319 s
currentSize : 19 <-- 0.571608 s
currentSize : 20 <-- 4.361730 s
currentSize : 21 <-- 6.434923 s
currentSize : 22 <-- 315.305054 s

maxsize : 22
nodes : 78559928.000000
filtered : 876254734.000000
time : 382.389984
