Parameters: GAD=1 vflib=1 dir=0 label=1 lowerbound=1 fileNameGp=../graphsdb/mcs30/m2D/m2D/mcs30_m2D_s90.A03 fileNameGt=../graphsdb/mcs30/m2D/m2D/mcs30_m2D_s90.B03
Reading graphs...
90 :  161
90 :  161
Initializing...
maxdom : 10
D->valSize : 525
Solving...
Blb : 2 (clique : 33)
currentSize : 33 <-- 0.006046 s
currentSize : 34 <-- 0.006337 s
currentSize : 35 <-- 0.016793 s
currentSize : 36 <-- 0.072914 s
currentSize : 37 <-- 0.328356 s
currentSize : 38 <-- 0.678522 s

TIMEOUT
maxsize : 38
nodes : 917394899.000000
filtered : 4144147539.000000
time : 3600.000000
