Parameters: GAD=1 vflib=1 dir=0 label=1 lowerbound=1 fileNameGp=../graphsdb/mcs30/m2D/m2Dr6/mcs30_m2Dr6_s80.A05 fileNameGt=../graphsdb/mcs30/m2D/m2Dr6/mcs30_m2Dr6_s80.B05
Reading graphs...
80 :  189
80 :  186
Initializing...
maxdom : 12
D->valSize : 419
Solving...
Blb : 3 (clique : 24)
currentSize : 24 <-- 0.004113 s
currentSize : 25 <-- 0.046095 s
currentSize : 26 <-- 46.541592 s
currentSize : 27 <-- 97.976562 s
currentSize : 28 <-- 705.473328 s
currentSize : 29 <-- 1401.178589 s
currentSize : 30 <-- 2362.978271 s

TIMEOUT
maxsize : 30
nodes : 860660931.000000
filtered : 5385029196.000000
time : 3600.000000
