Parameters: GAD=1 vflib=1 dir=0 label=1 lowerbound=1 fileNameGp=../graphsdb/mcs30/bvg/b03m/mcs30_b03m_s35.A65 fileNameGt=../graphsdb/mcs30/bvg/b03m/mcs30_b03m_s35.B65
Reading graphs...
35 :  52
35 :  52
Initializing...
maxdom : 6
D->valSize : 154
Solving...
Blb : 2 (clique : 13)
currentSize : 13 <-- 0.000894 s
currentSize : 14 <-- 0.001192 s
currentSize : 15 <-- 0.007349 s
currentSize : 16 <-- 0.400021 s
currentSize : 17 <-- 0.504087 s

maxsize : 17
nodes : 392141.000000
filtered : 2307080.000000
time : 1.163825
