Parameters: GAD=1 vflib=1 dir=0 label=1 lowerbound=1 fileNameGp=../graphsdb/mcs30/m3D/m3Dr6/mcs30_m3Dr6_s40.A80 fileNameGt=../graphsdb/mcs30/m3D/m3Dr6/mcs30_m3Dr6_s40.B80
Reading graphs...
40 :  103
40 :  105
Initializing...
maxdom : 8
D->valSize : 203
Solving...
Blb : 5 (clique : 12)
currentSize : 12 <-- 0.001198 s
currentSize : 13 <-- 0.056159 s
currentSize : 14 <-- 0.227313 s
currentSize : 15 <-- 0.557173 s
currentSize : 16 <-- 0.681454 s

maxsize : 16
nodes : 553447.000000
filtered : 4968194.000000
time : 1.855638
