Parameters: GAD=1 vflib=1 dir=0 label=1 lowerbound=1 fileNameGp=../graphsdb/mcs30/bvg/b06m/mcs30_b06m_s100.A51 fileNameGt=../graphsdb/mcs30/bvg/b06m/mcs30_b06m_s100.B51
Reading graphs...
100 :  294
100 :  293
Initializing...
maxdom : 7
D->valSize : 350
Solving...
Blb : 2 (clique : 25)
currentSize : 25 <-- 0.003471 s
currentSize : 27 <-- 0.004151 s
currentSize : 28 <-- 0.036734 s
currentSize : 29 <-- 0.138967 s
currentSize : 30 <-- 0.702519 s
currentSize : 31 <-- 0.754030 s
currentSize : 32 <-- 0.940004 s
currentSize : 33 <-- 1.350210 s
currentSize : 34 <-- 171.519501 s
currentSize : 35 <-- 173.613861 s
currentSize : 36 <-- 173.900772 s
currentSize : 37 <-- 178.499573 s
currentSize : 38 <-- 178.646698 s
currentSize : 39 <-- 1206.991943 s

TIMEOUT
maxsize : 39
nodes : 636610343.000000
filtered : 3603329092.000000
time : 3600.000000
