Parameters: GAD=1 vflib=1 dir=0 label=1 lowerbound=1 fileNameGp=../graphsdb/mcs30/bvg/b09m/mcs30_b09m_s60.A21 fileNameGt=../graphsdb/mcs30/bvg/b09m/mcs30_b09m_s60.B21
Reading graphs...
60 :  260
60 :  262
Initializing...
maxdom : 6
D->valSize : 227
Solving...
Blb : 3 (clique : 15)
currentSize : 15 <-- 0.001638 s
currentSize : 16 <-- 0.091676 s
currentSize : 17 <-- 0.109678 s
currentSize : 18 <-- 0.109976 s
currentSize : 19 <-- 0.419047 s
currentSize : 20 <-- 9.381299 s

maxsize : 20
nodes : 3821058.000000
filtered : 23394134.000000
time : 15.439614
