Parameters: GAD=1 vflib=1 dir=0 label=1 lowerbound=1 fileNameGp=../graphsdb/mcs30/m2D/m2Dr4/mcs30_m2Dr4_s50.A79 fileNameGt=../graphsdb/mcs30/m2D/m2Dr4/mcs30_m2Dr4_s50.B79
Reading graphs...
50 :  105
50 :  101
Initializing...
maxdom : 10
D->valSize : 319
Solving...
Blb : 2 (clique : 18)
currentSize : 18 <-- 0.002406 s
currentSize : 19 <-- 0.002546 s
currentSize : 20 <-- 0.002898 s
currentSize : 21 <-- 1.295320 s
currentSize : 22 <-- 4.602931 s
currentSize : 23 <-- 95.073364 s

maxsize : 23
nodes : 89666570.000000
filtered : 1069791826.000000
time : 345.585052
