Parameters: GAD=1 vflib=1 dir=0 label=1 lowerbound=1 fileNameGp=../graphsdb/mcs30/rand/r005/mcs30_r005_s35.A60 fileNameGt=../graphsdb/mcs30/rand/r005/mcs30_r005_s35.B60
Reading graphs...
35 :  63
35 :  62
Initializing...
maxdom : 8
D->valSize : 171
Solving...
Blb : 2 (clique : 10)
currentSize : 10 <-- 0.001436 s
currentSize : 11 <-- 0.001604 s
currentSize : 12 <-- 0.002740 s
currentSize : 13 <-- 0.006493 s
currentSize : 14 <-- 0.007118 s
currentSize : 15 <-- 0.012430 s
currentSize : 16 <-- 0.244380 s
currentSize : 17 <-- 0.355960 s

maxsize : 17
nodes : 157409.000000
filtered : 1477980.000000
time : 0.509327
