Parameters: GAD=1 vflib=1 dir=0 label=1 lowerbound=1 fileNameGp=../graphsdb/mcs30/rand/r02/mcs30_r02_s40.A78 fileNameGt=../graphsdb/mcs30/rand/r02/mcs30_r02_s40.B78
Reading graphs...
40 :  284
40 :  285
Initializing...
maxdom : 9
D->valSize : 219
Solving...
Blb : 2 (clique : 6)
currentSize : 6 <-- 0.001285 s
currentSize : 8 <-- 0.001329 s
currentSize : 10 <-- 0.005662 s
currentSize : 11 <-- 0.006582 s
currentSize : 12 <-- 0.006604 s

maxsize : 12
nodes : 7859.000000
filtered : 131160.000000
time : 0.032752
