Parameters: GAD=1 vflib=1 dir=0 label=1 lowerbound=1 fileNameGp=../graphsdb/mcs30/rand/r02/mcs30_r02_s40.A24 fileNameGt=../graphsdb/mcs30/rand/r02/mcs30_r02_s40.B24
Reading graphs...
40 :  277
40 :  272
Initializing...
maxdom : 7
D->valSize : 195
Solving...
Blb : 5 (clique : 7)
currentSize : 7 <-- 0.001501 s
currentSize : 8 <-- 0.002721 s
currentSize : 9 <-- 0.002894 s
currentSize : 10 <-- 0.006579 s
currentSize : 11 <-- 0.007329 s
currentSize : 12 <-- 0.014773 s

maxsize : 12
nodes : 5443.000000
filtered : 79459.000000
time : 0.025673
