Parameters: GAD=1 vflib=1 dir=0 label=1 lowerbound=1 fileNameGp=../graphsdb/mcs30/bvg/b09m/mcs30_b09m_s100.A61 fileNameGt=../graphsdb/mcs30/bvg/b09m/mcs30_b09m_s100.B61
Reading graphs...
100 :  436
100 :  438
Initializing...
maxdom : 8
D->valSize : 364
Solving...
Blb : 3 (clique : 28)
currentSize : 28 <-- 0.006750 s
currentSize : 29 <-- 50.136909 s
currentSize : 30 <-- 574.943420 s
currentSize : 31 <-- 1204.474609 s
currentSize : 32 <-- 1353.304688 s
currentSize : 33 <-- 2777.752686 s

TIMEOUT
maxsize : 33
nodes : 669011728.000000
filtered : 4212732077.000000
time : 3600.000000
