Parameters: GAD=1 vflib=1 dir=0 label=1 lowerbound=1 fileNameGp=../graphsdb/mcs30/m4D/m4Dr4/mcs30_m4Dr4_s70.A94 fileNameGt=../graphsdb/mcs30/m4D/m4Dr4/mcs30_m4Dr4_s70.B94
Reading graphs...
70 :  143
70 :  141
Initializing...
maxdom : 8
D->valSize : 312
Solving...
Blb : 3 (clique : 25)
currentSize : 25 <-- 0.002631 s
currentSize : 26 <-- 0.117385 s
currentSize : 27 <-- 1.432476 s
currentSize : 28 <-- 41.447178 s
currentSize : 29 <-- 81.247055 s
currentSize : 30 <-- 848.264587 s

TIMEOUT
maxsize : 30
nodes : 948868207.000000
filtered : 6662830901.000000
time : 3600.000000
