Parameters: GAD=1 vflib=1 dir=0 label=1 lowerbound=1 fileNameGp=../graphsdb/mcs30/bvg/b06/mcs30_b06_s50.A51 fileNameGt=../graphsdb/mcs30/bvg/b06/mcs30_b06_s50.B51
Reading graphs...
50 :  147
50 :  150
Initializing...
maxdom : 9
D->valSize : 326
Solving...
Blb : 2 (clique : 15)
currentSize : 15 <-- 0.002381 s
currentSize : 16 <-- 0.279840 s
currentSize : 17 <-- 0.281049 s
currentSize : 20 <-- 0.301344 s
currentSize : 21 <-- 18.990437 s

maxsize : 21
nodes : 5764595.000000
filtered : 84897336.000000
time : 26.808508
