Parameters: GAD=1 vflib=1 dir=0 label=1 lowerbound=1 fileNameGp=../graphsdb/mcs30/rand/r005/mcs30_r005_s60.A94 fileNameGt=../graphsdb/mcs30/rand/r005/mcs30_r005_s60.B94
Reading graphs...
60 :  177
60 :  173
Initializing...
maxdom : 6
D->valSize : 241
Solving...
Blb : 2 (clique : 17)
currentSize : 17 <-- 0.001916 s
currentSize : 18 <-- 0.002036 s
currentSize : 19 <-- 0.002684 s
currentSize : 20 <-- 0.711188 s
currentSize : 21 <-- 21.508072 s

maxsize : 21
nodes : 49983739.000000
filtered : 366939243.000000
time : 200.380768
