Parameters: GAD=1 vflib=1 dir=0 label=1 lowerbound=1 fileNameGp=../graphsdb/mcs30/rand/r02/mcs30_r02_s80.A58 fileNameGt=../graphsdb/mcs30/rand/r02/mcs30_r02_s80.B58
Reading graphs...
80 :  1124
80 :  1134
Initializing...
maxdom : 9
D->valSize : 423
Solving...
Blb : 5 (clique : 9)
currentSize : 9 <-- 0.003725 s
currentSize : 10 <-- 0.005744 s
currentSize : 13 <-- 0.023271 s
currentSize : 15 <-- 0.041263 s
currentSize : 16 <-- 0.041417 s
currentSize : 21 <-- 0.221427 s

maxsize : 21
nodes : 79642.000000
filtered : 1529004.000000
time : 0.483744
