Parameters: GAD=1 vflib=1 dir=0 label=1 lowerbound=1 fileNameGp=../graphsdb/mcs30/m3D/m3Dr4/mcs30_m3Dr4_s80.A51 fileNameGt=../graphsdb/mcs30/m3D/m3Dr4/mcs30_m3Dr4_s80.B51
Reading graphs...
80 :  210
80 :  211
Initializing...
maxdom : 9
D->valSize : 447
Solving...
Blb : 2 (clique : 25)
currentSize : 25 <-- 0.004527 s
currentSize : 26 <-- 0.172758 s
currentSize : 27 <-- 0.175628 s
currentSize : 28 <-- 0.292391 s
currentSize : 29 <-- 617.660095 s
currentSize : 30 <-- 699.945129 s
currentSize : 31 <-- 1803.597168 s

TIMEOUT
maxsize : 31
nodes : 820839733.000000
filtered : 6631368653.000000
time : 3600.000000
