Parameters: GAD=1 vflib=1 dir=0 label=1 lowerbound=1 fileNameGp=../graphsdb/mcs30/m2D/m2Dr6/mcs30_m2Dr6_s70.A86 fileNameGt=../graphsdb/mcs30/m2D/m2Dr6/mcs30_m2Dr6_s70.B86
Reading graphs...
70 :  165
70 :  161
Initializing...
maxdom : 9
D->valSize : 330
Solving...
Blb : 2 (clique : 29)
currentSize : 29 <-- 0.002897 s
currentSize : 30 <-- 0.021681 s
currentSize : 31 <-- 0.052142 s
currentSize : 32 <-- 0.052946 s
currentSize : 33 <-- 0.076689 s

maxsize : 33
nodes : 252108660.000000
filtered : 2222080541.000000
time : 1216.937134
