Parameters: GAD=1 vflib=1 dir=0 label=1 lowerbound=1 fileNameGp=../graphsdb/mcs30/bvg/b03/mcs30_b03_s60.A58 fileNameGt=../graphsdb/mcs30/bvg/b03/mcs30_b03_s60.B58
Reading graphs...
60 :  89
60 :  89
Initializing...
maxdom : 7
D->valSize : 248
Solving...
Blb : 2 (clique : 21)
currentSize : 21 <-- 0.001918 s
currentSize : 22 <-- 0.002753 s
currentSize : 23 <-- 0.004089 s
currentSize : 24 <-- 0.057608 s
currentSize : 25 <-- 0.058055 s
currentSize : 26 <-- 0.081836 s
currentSize : 27 <-- 57.396210 s
currentSize : 28 <-- 627.115356 s
currentSize : 29 <-- 627.283386 s

maxsize : 29
nodes : 278564854.000000
filtered : 1606078656.000000
time : 1015.178894
