Parameters: GAD=1 vflib=1 dir=0 label=1 lowerbound=1 fileNameGp=../graphsdb/mcs30/m4D/m4Dr4/mcs30_m4Dr4_s70.A42 fileNameGt=../graphsdb/mcs30/m4D/m4Dr4/mcs30_m4Dr4_s70.B42
Reading graphs...
70 :  143
70 :  142
Initializing...
maxdom : 9
D->valSize : 318
Solving...
Blb : 3 (clique : 23)
currentSize : 23 <-- 0.004401 s
currentSize : 24 <-- 0.127926 s
currentSize : 25 <-- 0.747909 s
currentSize : 26 <-- 198.021378 s
currentSize : 27 <-- 200.109924 s
currentSize : 28 <-- 879.822388 s
currentSize : 29 <-- 880.304016 s

TIMEOUT
maxsize : 29
nodes : 779871902.000000
filtered : 6459129959.000000
time : 3600.000000
