Parameters: GAD=1 vflib=1 dir=0 label=1 lowerbound=1 fileNameGp=../graphsdb/mcs30/rand/r02/mcs30_r02_s90.A06 fileNameGt=../graphsdb/mcs30/rand/r02/mcs30_r02_s90.B06
Reading graphs...
90 :  1426
90 :  1410
Initializing...
maxdom : 8
D->valSize : 500
Solving...
Blb : 2 (clique : 8)
currentSize : 8 <-- 0.005062 s
currentSize : 9 <-- 0.005205 s
currentSize : 10 <-- 0.005464 s
currentSize : 12 <-- 0.005971 s
currentSize : 13 <-- 0.009585 s
currentSize : 16 <-- 0.022770 s
currentSize : 17 <-- 0.105643 s
currentSize : 19 <-- 0.151014 s
currentSize : 22 <-- 0.299332 s
currentSize : 23 <-- 0.372239 s

maxsize : 23
nodes : 113734.000000
filtered : 2942970.000000
time : 0.811237
