Parameters: GAD=1 vflib=1 dir=0 label=1 lowerbound=1 fileNameGp=../graphsdb/mcs30/rand/r02/mcs30_r02_s35.A56 fileNameGt=../graphsdb/mcs30/rand/r02/mcs30_r02_s35.B56
Reading graphs...
35 :  214
35 :  211
Initializing...
maxdom : 6
D->valSize : 156
Solving...
Blb : 2 (clique : 6)
currentSize : 6 <-- 0.000860 s
currentSize : 7 <-- 0.000938 s
currentSize : 8 <-- 0.000954 s
currentSize : 9 <-- 0.002800 s
currentSize : 10 <-- 0.004507 s

maxsize : 10
nodes : 6873.000000
filtered : 85840.000000
time : 0.024431
