Parameters: GAD=1 vflib=1 dir=0 label=1 lowerbound=1 fileNameGp=../graphsdb/mcs30/rand/r02/mcs30_r02_s60.A01 fileNameGt=../graphsdb/mcs30/rand/r02/mcs30_r02_s60.B01
Reading graphs...
60 :  620
60 :  632
Initializing...
maxdom : 7
D->valSize : 217
Solving...
Blb : 2 (clique : 7)
currentSize : 7 <-- 0.001606 s
currentSize : 8 <-- 0.001929 s
currentSize : 9 <-- 0.002550 s
currentSize : 10 <-- 0.002668 s
currentSize : 11 <-- 0.005748 s
currentSize : 12 <-- 0.007857 s
currentSize : 13 <-- 0.019563 s
currentSize : 18 <-- 0.019605 s

maxsize : 18
nodes : 9067.000000
filtered : 108422.000000
time : 0.043142
