Parameters: GAD=1 vflib=1 dir=0 label=1 lowerbound=1 fileNameGp=../graphsdb/mcs30/rand/r01/mcs30_r01_s60.A93 fileNameGt=../graphsdb/mcs30/rand/r01/mcs30_r01_s60.B93
Reading graphs...
60 :  332
60 :  339
Initializing...
maxdom : 8
D->valSize : 223
Solving...
Blb : 2 (clique : 12)
currentSize : 12 <-- 0.002364 s
currentSize : 13 <-- 0.008842 s
currentSize : 14 <-- 0.041997 s
currentSize : 15 <-- 0.146323 s
currentSize : 16 <-- 0.192987 s
currentSize : 17 <-- 0.777859 s
currentSize : 18 <-- 0.779083 s

maxsize : 18
nodes : 262424.000000
filtered : 2301881.000000
time : 1.137816
