Parameters: GAD=1 vflib=1 dir=0 label=1 lowerbound=1 fileNameGp=../graphsdb/mcs30/rand/r02/mcs30_r02_s70.A73 fileNameGt=../graphsdb/mcs30/rand/r02/mcs30_r02_s70.B73
Reading graphs...
70 :  867
70 :  841
Initializing...
maxdom : 11
D->valSize : 357
Solving...
Blb : 2 (clique : 8)
currentSize : 8 <-- 0.002802 s
currentSize : 9 <-- 0.011565 s
currentSize : 10 <-- 0.016786 s
currentSize : 11 <-- 0.034070 s
currentSize : 12 <-- 0.042100 s
currentSize : 13 <-- 0.077850 s
currentSize : 15 <-- 0.082847 s
currentSize : 19 <-- 0.192063 s

maxsize : 19
nodes : 51211.000000
filtered : 888115.000000
time : 0.278226
