Parameters: GAD=1 vflib=1 dir=0 label=1 lowerbound=1 fileNameGp=../graphsdb/mcs30/m3D/m3Dr6/mcs30_m3Dr6_s90.A89 fileNameGt=../graphsdb/mcs30/m3D/m3Dr6/mcs30_m3Dr6_s90.B89
Reading graphs...
90 :  256
90 :  260
Initializing...
maxdom : 10
D->valSize : 516
Solving...
Blb : 2 (clique : 22)
currentSize : 22 <-- 0.005738 s
currentSize : 23 <-- 0.006131 s
currentSize : 24 <-- 0.008538 s
currentSize : 25 <-- 0.019988 s
currentSize : 26 <-- 0.233763 s
currentSize : 27 <-- 2.608360 s
currentSize : 28 <-- 2.894085 s
currentSize : 29 <-- 15.051797 s
currentSize : 30 <-- 2398.136719 s

TIMEOUT
maxsize : 30
nodes : 701925280.000000
filtered : 6559641269.000000
time : 3600.000000
