Parameters: GAD=1 vflib=1 dir=0 label=1 lowerbound=1 fileNameGp=../graphsdb/mcs30/bvg/b09/mcs30_b09_s80.A41 fileNameGt=../graphsdb/mcs30/bvg/b09/mcs30_b09_s80.B41
Reading graphs...
80 :  355
80 :  351
Initializing...
maxdom : 7
D->valSize : 391
Solving...
Blb : 3 (clique : 20)
currentSize : 20 <-- 0.003714 s
currentSize : 21 <-- 11.499186 s
currentSize : 22 <-- 11.499304 s
currentSize : 23 <-- 30.416918 s
currentSize : 24 <-- 129.902145 s
currentSize : 25 <-- 130.056717 s
currentSize : 26 <-- 495.807831 s
currentSize : 27 <-- 495.810486 s
currentSize : 28 <-- 500.701630 s
currentSize : 29 <-- 501.882629 s

maxsize : 29
nodes : 199084796.000000
filtered : 2183347941.000000
time : 1059.070679
