Parameters: GAD=1 vflib=1 dir=0 label=1 lowerbound=1 fileNameGp=../graphsdb/mcs30/bvg/b03/mcs30_b03_s70.A57 fileNameGt=../graphsdb/mcs30/bvg/b03/mcs30_b03_s70.B57
Reading graphs...
70 :  105
70 :  105
Initializing...
maxdom : 9
D->valSize : 307
Solving...
Blb : 2 (clique : 28)
currentSize : 28 <-- 0.002882 s
currentSize : 29 <-- 0.003124 s
currentSize : 30 <-- 0.003529 s
currentSize : 31 <-- 0.006230 s
currentSize : 32 <-- 0.006338 s
currentSize : 33 <-- 154.010696 s
currentSize : 34 <-- 1415.121704 s
currentSize : 35 <-- 1521.170898 s

TIMEOUT
maxsize : 35
nodes : 858858734.000000
filtered : 5340994469.000000
time : 3600.000000
