Parameters: GAD=1 vflib=1 dir=0 label=1 lowerbound=1 fileNameGp=../graphsdb/mcs30/m3D/m3Dr6/mcs30_m3Dr6_s80.A72 fileNameGt=../graphsdb/mcs30/m3D/m3Dr6/mcs30_m3Dr6_s80.B72
Reading graphs...
80 :  231
80 :  230
Initializing...
maxdom : 9
D->valSize : 407
Solving...
Blb : 2 (clique : 28)
currentSize : 28 <-- 0.006566 s
currentSize : 29 <-- 0.008362 s
currentSize : 30 <-- 0.078135 s
currentSize : 33 <-- 48.180462 s
currentSize : 34 <-- 48.180698 s

maxsize : 34
nodes : 475766406.000000
filtered : 5100981517.000000
time : 2584.444824
