Parameters: GAD=1 vflib=1 dir=0 label=1 lowerbound=1 fileNameGp=../graphsdb/mcs30/rand/r005/mcs30_r005_s70.A60 fileNameGt=../graphsdb/mcs30/rand/r005/mcs30_r005_s70.B60
Reading graphs...
70 :  235
70 :  233
Initializing...
maxdom : 8
D->valSize : 303
Solving...
Blb : 2 (clique : 18)
currentSize : 18 <-- 0.002440 s
currentSize : 19 <-- 0.004042 s
currentSize : 20 <-- 0.113711 s
currentSize : 21 <-- 0.162993 s
currentSize : 22 <-- 0.175737 s
currentSize : 23 <-- 61.771919 s
currentSize : 24 <-- 103.973373 s

maxsize : 24
nodes : 146575142.000000
filtered : 1281843861.000000
time : 688.360046
