Parameters: GAD=1 vflib=1 dir=0 label=1 lowerbound=1 fileNameGp=../graphsdb/mcs30/rand/r005/mcs30_r005_s60.A21 fileNameGt=../graphsdb/mcs30/rand/r005/mcs30_r005_s60.B21
Reading graphs...
60 :  174
60 :  176
Initializing...
maxdom : 7
D->valSize : 217
Solving...
Blb : 2 (clique : 17)
currentSize : 17 <-- 0.001597 s
currentSize : 18 <-- 0.019805 s
currentSize : 19 <-- 0.113526 s
currentSize : 20 <-- 1.135161 s
currentSize : 21 <-- 15.920503 s
currentSize : 22 <-- 23.574896 s

maxsize : 22
nodes : 10826263.000000
filtered : 75708763.000000
time : 41.668983
