Parameters: GAD=1 vflib=1 dir=0 label=1 lowerbound=1 fileNameGp=../graphsdb/mcs30/m2D/m2Dr2/mcs30_m2Dr2_s50.A40 fileNameGt=../graphsdb/mcs30/m2D/m2Dr2/mcs30_m2Dr2_s50.B40
Reading graphs...
50 :  95
50 :  94
Initializing...
maxdom : 9
D->valSize : 320
Solving...
Blb : 2 (clique : 18)
currentSize : 18 <-- 0.003838 s
currentSize : 19 <-- 0.004187 s
currentSize : 20 <-- 0.017898 s
currentSize : 21 <-- 2.572115 s
currentSize : 22 <-- 6.549761 s
currentSize : 23 <-- 11.399776 s
currentSize : 24 <-- 1639.997437 s

TIMEOUT
maxsize : 24
nodes : 927387071.000000
filtered : 8636257710.000000
time : 3600.000000
