Parameters: GAD=1 vflib=1 dir=0 label=1 lowerbound=1 fileNameGp=../graphsdb/mcs30/m4D/m4Dr4/mcs30_m4Dr4_s60.A70 fileNameGt=../graphsdb/mcs30/m4D/m4Dr4/mcs30_m4Dr4_s60.B70
Reading graphs...
60 :  123
60 :  120
Initializing...
maxdom : 8
D->valSize : 242
Solving...
Blb : 5 (clique : 21)
currentSize : 21 <-- 0.002770 s
currentSize : 22 <-- 1.812759 s
currentSize : 23 <-- 9.154415 s
currentSize : 24 <-- 99.611290 s
currentSize : 25 <-- 350.707397 s

maxsize : 25
nodes : 169085666.000000
filtered : 1256112314.000000
time : 645.190491
