Parameters: GAD=1 vflib=1 dir=0 label=1 lowerbound=1 fileNameGp=../graphsdb/mcs30/rand/r005/mcs30_r005_s100.A37 fileNameGt=../graphsdb/mcs30/rand/r005/mcs30_r005_s100.B37
Reading graphs...
100 :  476
100 :  484
Initializing...
maxdom : 9
D->valSize : 366
Solving...
Blb : 2 (clique : 20)
currentSize : 20 <-- 0.003727 s
currentSize : 21 <-- 0.003984 s
currentSize : 22 <-- 0.004701 s
currentSize : 23 <-- 0.014296 s
currentSize : 24 <-- 0.328504 s
currentSize : 25 <-- 1.979609 s
currentSize : 26 <-- 10.359552 s
currentSize : 27 <-- 24.610165 s
currentSize : 28 <-- 112.631828 s
currentSize : 29 <-- 139.985641 s
currentSize : 30 <-- 155.834015 s
currentSize : 31 <-- 763.823975 s
currentSize : 32 <-- 763.835449 s

TIMEOUT
maxsize : 32
nodes : 597603017.000000
filtered : 5493514610.000000
time : 3600.000000
