Parameters: GAD=1 vflib=1 dir=0 label=1 lowerbound=1 fileNameGp=../graphsdb/mcs30/m3D/m3Dr4/mcs30_m3Dr4_s70.A64 fileNameGt=../graphsdb/mcs30/m3D/m3Dr4/mcs30_m3Dr4_s70.B64
Reading graphs...
70 :  185
70 :  183
Initializing...
maxdom : 7
D->valSize : 301
Solving...
Blb : 2 (clique : 22)
currentSize : 22 <-- 0.003876 s
currentSize : 23 <-- 0.014808 s
currentSize : 26 <-- 0.023956 s
currentSize : 27 <-- 0.024314 s
currentSize : 28 <-- 0.026062 s
currentSize : 29 <-- 1.300483 s
currentSize : 30 <-- 1.300598 s

maxsize : 30
nodes : 50086739.000000
filtered : 447224146.000000
time : 259.309296
