Parameters: GAD=1 vflib=1 dir=0 label=1 lowerbound=1 fileNameGp=../graphsdb/mcs30/bvg/b03/mcs30_b03_s50.A56 fileNameGt=../graphsdb/mcs30/bvg/b03/mcs30_b03_s50.B56
Reading graphs...
50 :  75
50 :  74
Initializing...
maxdom : 11
D->valSize : 316
Solving...
Blb : 2 (clique : 20)
currentSize : 20 <-- 0.002366 s
currentSize : 21 <-- 0.002891 s
currentSize : 22 <-- 0.003555 s
currentSize : 23 <-- 0.244311 s
currentSize : 24 <-- 0.463641 s
currentSize : 25 <-- 1004.516907 s
currentSize : 26 <-- 1643.121948 s

TIMEOUT
maxsize : 26
nodes : 1011725817.000000
filtered : 10990597165.000000
time : 3600.000000
