Parameters: GAD=1 vflib=1 dir=0 label=1 lowerbound=1 fileNameGp=../graphsdb/mcs30/rand/r005/mcs30_r005_s50.A29 fileNameGt=../graphsdb/mcs30/rand/r005/mcs30_r005_s50.B29
Reading graphs...
50 :  125
50 :  123
Initializing...
maxdom : 11
D->valSize : 339
Solving...
Blb : 2 (clique : 15)
currentSize : 15 <-- 0.002594 s
currentSize : 16 <-- 0.090079 s
currentSize : 17 <-- 1.370549 s
currentSize : 18 <-- 6.106246 s
currentSize : 19 <-- 6.408016 s
currentSize : 20 <-- 10.545803 s
currentSize : 21 <-- 22.645653 s

maxsize : 21
nodes : 28188406.000000
filtered : 375810442.000000
time : 109.846390
