Parameters: GAD=1 vflib=1 dir=0 label=1 lowerbound=1 fileNameGp=../graphsdb/mcs30/m2D/m2Dr4/mcs30_m2Dr4_s50.A56 fileNameGt=../graphsdb/mcs30/m2D/m2Dr4/mcs30_m2Dr4_s50.B56
Reading graphs...
50 :  104
50 :  103
Initializing...
maxdom : 10
D->valSize : 314
Solving...
Blb : 2 (clique : 16)
currentSize : 16 <-- 0.002323 s
currentSize : 17 <-- 0.002482 s
currentSize : 18 <-- 0.002758 s
currentSize : 19 <-- 0.492032 s
currentSize : 20 <-- 2.209480 s
currentSize : 21 <-- 75.452057 s
currentSize : 22 <-- 75.455856 s
currentSize : 23 <-- 262.569305 s

maxsize : 23
nodes : 94485293.000000
filtered : 1070359769.000000
time : 372.611786
