Parameters: GAD=1 vflib=1 dir=0 label=1 lowerbound=1 fileNameGp=../graphsdb/mcs30/m4D/m4D/mcs30_m4D_s50.A06 fileNameGt=../graphsdb/mcs30/m4D/m4D/mcs30_m4D_s50.B06
Reading graphs...
50 :  86
50 :  87
Initializing...
maxdom : 11
D->valSize : 313
Solving...
Blb : 2 (clique : 20)
currentSize : 20 <-- 0.002226 s
currentSize : 21 <-- 0.077210 s
currentSize : 22 <-- 0.204845 s
currentSize : 23 <-- 30.543001 s
currentSize : 24 <-- 58.839882 s
currentSize : 25 <-- 71.190491 s

maxsize : 25
nodes : 102902137.000000
filtered : 1087078923.000000
time : 367.546661
