Parameters: GAD=1 vflib=1 dir=0 label=1 lowerbound=1 fileNameGp=../graphsdb/mcs30/m2D/m2Dr6/mcs30_m2Dr6_s50.A61 fileNameGt=../graphsdb/mcs30/m2D/m2Dr6/mcs30_m2Dr6_s50.B61
Reading graphs...
50 :  112
50 :  111
Initializing...
maxdom : 11
D->valSize : 294
Solving...
Blb : 2 (clique : 17)
currentSize : 17 <-- 0.002154 s
currentSize : 18 <-- 0.006749 s
currentSize : 19 <-- 0.460631 s
currentSize : 20 <-- 1.834138 s
currentSize : 21 <-- 2.048370 s

maxsize : 21
nodes : 135760221.000000
filtered : 1480297924.000000
time : 527.519836
