Parameters: GAD=1 vflib=1 dir=0 label=1 lowerbound=1 fileNameGp=../graphsdb/mcs30/m3D/m3D/mcs30_m3D_s80.A98 fileNameGt=../graphsdb/mcs30/m3D/m3D/mcs30_m3D_s80.B98
Reading graphs...
80 :  182
80 :  182
Initializing...
maxdom : 10
D->valSize : 424
Solving...
Blb : 2 (clique : 25)
currentSize : 25 <-- 0.004389 s
currentSize : 26 <-- 0.004971 s
currentSize : 27 <-- 0.017362 s
currentSize : 28 <-- 0.574756 s
currentSize : 29 <-- 33.231686 s
currentSize : 30 <-- 690.218994 s
currentSize : 31 <-- 820.337219 s

TIMEOUT
maxsize : 31
nodes : 856004747.000000
filtered : 6275165175.000000
time : 3600.000000
