Parameters: GAD=1 vflib=1 dir=0 label=1 lowerbound=1 fileNameGp=../graphsdb/mcs30/rand/r02/mcs30_r02_s70.A22 fileNameGt=../graphsdb/mcs30/rand/r02/mcs30_r02_s70.B22
Reading graphs...
70 :  877
70 :  877
Initializing...
maxdom : 9
D->valSize : 350
Solving...
Blb : 5 (clique : 7)
currentSize : 7 <-- 0.002730 s
currentSize : 8 <-- 0.003025 s
currentSize : 9 <-- 0.004400 s
currentSize : 10 <-- 0.076276 s
currentSize : 12 <-- 0.078252 s
currentSize : 19 <-- 0.085589 s

maxsize : 19
nodes : 34095.000000
filtered : 578794.000000
time : 0.182777
