Parameters: GAD=1 vflib=1 dir=0 label=1 lowerbound=1 fileNameGp=../graphsdb/mcs30/m3D/m3Dr6/mcs30_m3Dr6_s70.A68 fileNameGt=../graphsdb/mcs30/m3D/m3Dr6/mcs30_m3Dr6_s70.B68
Reading graphs...
70 :  195
70 :  198
Initializing...
maxdom : 9
D->valSize : 349
Solving...
Blb : 2 (clique : 28)
currentSize : 28 <-- 0.004965 s
currentSize : 29 <-- 0.011536 s
currentSize : 30 <-- 0.203283 s
currentSize : 31 <-- 0.211746 s
currentSize : 32 <-- 100.926598 s

maxsize : 32
nodes : 69363885.000000
filtered : 682888275.000000
time : 349.925385
