Parameters: GAD=1 vflib=1 dir=0 label=1 lowerbound=1 fileNameGp=../graphsdb/mcs30/bvg/b09/mcs30_b09_s100.A64 fileNameGt=../graphsdb/mcs30/bvg/b09/mcs30_b09_s100.B64
Reading graphs...
100 :  448
100 :  444
Initializing...
maxdom : 6
D->valSize : 342
Solving...
Blb : 2 (clique : 23)
currentSize : 23 <-- 0.005292 s
currentSize : 24 <-- 1.171972 s
currentSize : 25 <-- 143.198410 s
currentSize : 26 <-- 211.707428 s
currentSize : 27 <-- 215.134293 s
currentSize : 28 <-- 215.180679 s
currentSize : 29 <-- 217.923447 s
currentSize : 30 <-- 511.841370 s
currentSize : 31 <-- 1409.808472 s
currentSize : 32 <-- 1411.476562 s
currentSize : 33 <-- 1422.264038 s

TIMEOUT
maxsize : 33
nodes : 704975380.000000
filtered : 3430204402.000000
time : 3600.000000
