Parameters: GAD=1 vflib=1 dir=0 label=1 lowerbound=1 fileNameGp=../graphsdb/mcs30/rand/r005/mcs30_r005_s90.A37 fileNameGt=../graphsdb/mcs30/rand/r005/mcs30_r005_s90.B37
Reading graphs...
90 :  388
90 :  387
Initializing...
maxdom : 12
D->valSize : 538
Solving...
Blb : 5 (clique : 20)
currentSize : 20 <-- 0.010024 s
currentSize : 21 <-- 0.010301 s
currentSize : 22 <-- 0.010561 s
currentSize : 23 <-- 0.023675 s
currentSize : 24 <-- 0.061709 s
currentSize : 25 <-- 10.735230 s
currentSize : 26 <-- 818.208191 s

TIMEOUT
maxsize : 26
nodes : 607127636.000000
filtered : 7158510770.000000
time : 3600.000000
