Parameters: GAD=1 vflib=1 dir=0 label=1 lowerbound=1 fileNameGp=../graphsdb/mcs30/m3D/m3Dr6/mcs30_m3Dr6_s30.A77 fileNameGt=../graphsdb/mcs30/m3D/m3Dr6/mcs30_m3Dr6_s30.B77
Reading graphs...
30 :  74
30 :  73
Initializing...
maxdom : 7
D->valSize : 119
Solving...
Blb : 2 (clique : 8)
currentSize : 8 <-- 0.000623 s
currentSize : 9 <-- 0.000803 s
currentSize : 10 <-- 0.000850 s
currentSize : 11 <-- 0.010674 s
currentSize : 12 <-- 0.010698 s

maxsize : 12
nodes : 8092.000000
filtered : 66916.000000
time : 0.024534
