Parameters: GAD=1 vflib=1 dir=0 label=1 lowerbound=1 fileNameGp=../graphsdb/mcs30/rand/r02/mcs30_r02_s40.A94 fileNameGt=../graphsdb/mcs30/rand/r02/mcs30_r02_s40.B94
Reading graphs...
40 :  273
40 :  288
Initializing...
maxdom : 8
D->valSize : 197
Solving...
Blb : 2 (clique : 6)
currentSize : 6 <-- 0.001068 s
currentSize : 7 <-- 0.001285 s
currentSize : 8 <-- 0.001594 s
currentSize : 9 <-- 0.018447 s
currentSize : 10 <-- 0.036823 s
currentSize : 11 <-- 0.047065 s

maxsize : 11
nodes : 16466.000000
filtered : 168255.000000
time : 0.056972
