Parameters: GAD=1 vflib=1 dir=0 label=1 lowerbound=1 fileNameGp=../graphsdb/mcs30/m2D/m2D/mcs30_m2D_s100.A72 fileNameGt=../graphsdb/mcs30/m2D/m2D/mcs30_m2D_s100.B72
Reading graphs...
100 :  180
100 :  179
Initializing...
maxdom : 6
D->valSize : 351
Solving...
Blb : 2 (clique : 35)
currentSize : 35 <-- 0.003715 s
currentSize : 36 <-- 0.011744 s
currentSize : 37 <-- 0.015670 s
currentSize : 38 <-- 11.765544 s
currentSize : 39 <-- 74.605263 s
currentSize : 40 <-- 648.582947 s
currentSize : 41 <-- 1663.913086 s
currentSize : 42 <-- 2426.483643 s

TIMEOUT
maxsize : 42
nodes : 765040198.000000
filtered : 2949323417.000000
time : 3600.000000
