Parameters: GAD=1 vflib=1 dir=0 label=1 lowerbound=1 fileNameGp=../graphsdb/mcs30/m2D/m2Dr4/mcs30_m2Dr4_s90.A80 fileNameGt=../graphsdb/mcs30/m2D/m2Dr4/mcs30_m2Dr4_s90.B80
Reading graphs...
90 :  196
90 :  194
Initializing...
maxdom : 8
D->valSize : 500
Solving...
Blb : 2 (clique : 29)
currentSize : 29 <-- 0.005556 s
currentSize : 30 <-- 0.006485 s
currentSize : 31 <-- 0.016983 s
currentSize : 32 <-- 0.142472 s
currentSize : 33 <-- 2.107481 s
currentSize : 34 <-- 3.290011 s
currentSize : 35 <-- 165.770462 s
currentSize : 36 <-- 1877.593994 s

TIMEOUT
maxsize : 36
nodes : 874189370.000000
filtered : 4172551607.000000
time : 3600.000000
