Parameters: GAD=1 vflib=1 dir=0 label=1 lowerbound=1 fileNameGp=../graphsdb/mcs30/m2D/m2Dr4/mcs30_m2Dr4_s60.A16 fileNameGt=../graphsdb/mcs30/m2D/m2Dr4/mcs30_m2Dr4_s60.B16
Reading graphs...
60 :  127
60 :  125
Initializing...
maxdom : 7
D->valSize : 246
Solving...
Blb : 2 (clique : 21)
currentSize : 21 <-- 0.002901 s
currentSize : 23 <-- 0.004567 s
currentSize : 24 <-- 0.218113 s
currentSize : 25 <-- 0.510750 s
currentSize : 26 <-- 138.401825 s

maxsize : 26
nodes : 63534362.000000
filtered : 507440561.000000
time : 261.952606
