Parameters: GAD=1 vflib=1 dir=0 label=1 lowerbound=1 fileNameGp=../graphsdb/mcs30/bvg/b03/mcs30_b03_s25.A53 fileNameGt=../graphsdb/mcs30/bvg/b03/mcs30_b03_s25.B53
Reading graphs...
25 :  37
25 :  37
Initializing...
maxdom : 8
D->valSize : 179
Solving...
Blb : 2 (clique : 10)
currentSize : 10 <-- 0.000917 s
currentSize : 11 <-- 0.003790 s
currentSize : 12 <-- 0.019678 s
currentSize : 13 <-- 0.032481 s
currentSize : 14 <-- 0.085287 s

maxsize : 14
nodes : 61331.000000
filtered : 635740.000000
time : 0.156823
