Parameters: GAD=1 vflib=1 dir=0 label=1 lowerbound=1 fileNameGp=../graphsdb/mcs30/m3D/m3Dr2/mcs30_m3Dr2_s70.A48 fileNameGt=../graphsdb/mcs30/m3D/m3Dr2/mcs30_m3Dr2_s70.B48
Reading graphs...
70 :  171
70 :  171
Initializing...
maxdom : 8
D->valSize : 318
Solving...
Blb : 2 (clique : 21)
currentSize : 21 <-- 0.002692 s
currentSize : 22 <-- 0.002885 s
currentSize : 23 <-- 0.003611 s
currentSize : 24 <-- 0.003764 s
currentSize : 25 <-- 1.210891 s
currentSize : 26 <-- 9.209502 s
currentSize : 32 <-- 324.728577 s

maxsize : 32
nodes : 144356592.000000
filtered : 1259491894.000000
time : 687.538330
