Parameters: GAD=1 vflib=1 dir=0 label=1 lowerbound=1 fileNameGp=../graphsdb/mcs30/m4D/m4D/mcs30_m4D_s60.A58 fileNameGt=../graphsdb/mcs30/m4D/m4D/mcs30_m4D_s60.B58
Reading graphs...
60 :  101
60 :  102
Initializing...
maxdom : 9
D->valSize : 219
Solving...
Blb : 2 (clique : 20)
currentSize : 20 <-- 0.001835 s
currentSize : 21 <-- 0.001955 s
currentSize : 22 <-- 0.004882 s
currentSize : 23 <-- 68.947151 s
currentSize : 24 <-- 169.600372 s
currentSize : 25 <-- 557.847900 s
currentSize : 26 <-- 601.365540 s

maxsize : 26
nodes : 215788688.000000
filtered : 1193740199.000000
time : 744.068665
