Parameters: GAD=1 vflib=1 dir=0 label=1 lowerbound=1 fileNameGp=../graphsdb/mcs30/rand/r01/mcs30_r01_s70.A92 fileNameGt=../graphsdb/mcs30/rand/r01/mcs30_r01_s70.B92
Reading graphs...
70 :  457
70 :  451
Initializing...
maxdom : 10
D->valSize : 314
Solving...
Blb : 2 (clique : 15)
currentSize : 15 <-- 0.004197 s
currentSize : 16 <-- 0.004433 s
currentSize : 17 <-- 0.004899 s
currentSize : 18 <-- 0.005264 s
currentSize : 19 <-- 0.012785 s
currentSize : 20 <-- 0.018918 s

maxsize : 20
nodes : 1691912.000000
filtered : 24771367.000000
time : 8.995054
