Parameters: GAD=1 vflib=1 dir=0 label=1 lowerbound=1 fileNameGp=../graphsdb/mcs30/bvg/b03/mcs30_b03_s80.A07 fileNameGt=../graphsdb/mcs30/bvg/b03/mcs30_b03_s80.B07
Reading graphs...
80 :  120
80 :  119
Initializing...
maxdom : 10
D->valSize : 431
Solving...
Blb : 5 (clique : 30)
currentSize : 30 <-- 0.007497 s
currentSize : 31 <-- 0.007857 s
currentSize : 32 <-- 0.007964 s
currentSize : 33 <-- 0.066986 s
currentSize : 34 <-- 0.138736 s
currentSize : 35 <-- 0.815291 s
currentSize : 36 <-- 4.332020 s
currentSize : 37 <-- 223.885651 s
currentSize : 38 <-- 2563.024902 s

TIMEOUT
maxsize : 38
nodes : 813873278.000000
filtered : 5602638857.000000
time : 3600.000000
