Parameters: GAD=1 vflib=1 dir=0 label=1 lowerbound=1 fileNameGp=../graphsdb/mcs30/m3D/m3Dr4/mcs30_m3Dr4_s80.A29 fileNameGt=../graphsdb/mcs30/m3D/m3Dr4/mcs30_m3Dr4_s80.B29
Reading graphs...
80 :  214
80 :  215
Initializing...
maxdom : 10
D->valSize : 422
Solving...
Blb : 5 (clique : 24)
currentSize : 24 <-- 0.007555 s
currentSize : 25 <-- 5.773115 s
currentSize : 26 <-- 5.774816 s
currentSize : 27 <-- 83.191597 s
currentSize : 28 <-- 83.192642 s
currentSize : 29 <-- 83.205132 s

TIMEOUT
maxsize : 29
nodes : 838254326.000000
filtered : 5845592535.000000
time : 3600.000000
