Parameters: GAD=1 vflib=1 dir=0 label=1 lowerbound=1 fileNameGp=../graphsdb/mcs30/m3D/m3Dr4/mcs30_m3Dr4_s70.A91 fileNameGt=../graphsdb/mcs30/m3D/m3Dr4/mcs30_m3Dr4_s70.B91
Reading graphs...
70 :  184
70 :  186
Initializing...
maxdom : 8
D->valSize : 324
Solving...
Blb : 2 (clique : 20)
currentSize : 20 <-- 0.004301 s
currentSize : 22 <-- 0.004500 s
currentSize : 23 <-- 0.007312 s
currentSize : 24 <-- 0.072352 s
currentSize : 25 <-- 0.139241 s
currentSize : 26 <-- 2.145683 s
currentSize : 27 <-- 2.167749 s
currentSize : 28 <-- 11.040176 s
currentSize : 29 <-- 16.258430 s
currentSize : 30 <-- 28.490036 s
currentSize : 31 <-- 95.476402 s

maxsize : 31
nodes : 55966280.000000
filtered : 520115611.000000
time : 280.222504
