Parameters: GAD=1 vflib=1 dir=0 label=1 lowerbound=1 fileNameGp=../graphsdb/mcs30/m3D/m3Dr6/mcs30_m3Dr6_s25.A17 fileNameGt=../graphsdb/mcs30/m3D/m3Dr6/mcs30_m3Dr6_s25.B17
Reading graphs...
25 :  64
25 :  60
Initializing...
maxdom : 9
D->valSize : 151
Solving...
Blb : 3 (clique : 8)
currentSize : 8 <-- 0.000802 s
currentSize : 9 <-- 0.000985 s
currentSize : 10 <-- 0.015031 s
currentSize : 11 <-- 0.027546 s
currentSize : 12 <-- 0.028862 s

maxsize : 12
nodes : 13542.000000
filtered : 152016.000000
time : 0.037475
