Parameters: GAD=1 vflib=1 dir=0 label=1 lowerbound=1 fileNameGp=../graphsdb/mcs30/bvg/b09m/mcs30_b09m_s100.A14 fileNameGt=../graphsdb/mcs30/bvg/b09m/mcs30_b09m_s100.B14
Reading graphs...
100 :  436
100 :  438
Initializing...
maxdom : 7
D->valSize : 371
Solving...
Blb : 2 (clique : 22)
currentSize : 22 <-- 0.003630 s
currentSize : 23 <-- 0.112575 s
currentSize : 25 <-- 11.897686 s
currentSize : 26 <-- 25.545364 s
currentSize : 27 <-- 40.144054 s
currentSize : 28 <-- 411.370605 s
currentSize : 29 <-- 1854.653442 s
currentSize : 30 <-- 1854.655273 s
currentSize : 31 <-- 1854.657349 s
currentSize : 32 <-- 1993.536133 s

TIMEOUT
maxsize : 32
nodes : 707229050.000000
filtered : 3505879384.000000
time : 3600.000000
