Parameters: GAD=1 vflib=1 dir=0 label=1 lowerbound=1 fileNameGp=../graphsdb/mcs30/m3D/m3Dr2/mcs30_m3Dr2_s25.A32 fileNameGt=../graphsdb/mcs30/m3D/m3Dr2/mcs30_m3Dr2_s25.B32
Reading graphs...
25 :  54
25 :  53
Initializing...
maxdom : 10
D->valSize : 160
Solving...
Blb : 2 (clique : 9)
currentSize : 9 <-- 0.000847 s
currentSize : 10 <-- 0.001240 s
currentSize : 11 <-- 0.001629 s
currentSize : 12 <-- 0.001717 s
currentSize : 13 <-- 0.052730 s

maxsize : 13
nodes : 25678.000000
filtered : 282176.000000
time : 0.075847
