Parameters: GAD=1 vflib=1 dir=0 label=1 lowerbound=1 fileNameGp=../graphsdb/mcs30/m4D/m4Dr2/mcs30_m4Dr2_s70.A23 fileNameGt=../graphsdb/mcs30/m4D/m4Dr2/mcs30_m4Dr2_s70.B23
Reading graphs...
70 :  130
70 :  130
Initializing...
maxdom : 9
D->valSize : 337
Solving...
Blb : 3 (clique : 24)
currentSize : 24 <-- 0.004626 s
currentSize : 25 <-- 1.256394 s
currentSize : 26 <-- 8.274710 s
currentSize : 27 <-- 26.093307 s
currentSize : 28 <-- 70.116432 s
currentSize : 29 <-- 95.543037 s
currentSize : 30 <-- 121.084694 s

TIMEOUT
maxsize : 30
nodes : 915670058.000000
filtered : 7394638092.000000
time : 3600.000000
