Parameters: GAD=1 vflib=1 dir=0 label=1 lowerbound=1 fileNameGp=../graphsdb/mcs30/bvg/b03/mcs30_b03_s90.A05 fileNameGt=../graphsdb/mcs30/bvg/b03/mcs30_b03_s90.B05
Reading graphs...
90 :  135
90 :  135
Initializing...
maxdom : 10
D->valSize : 504
Solving...
Blb : 2 (clique : 36)
currentSize : 36 <-- 0.005914 s
currentSize : 37 <-- 0.018256 s
currentSize : 38 <-- 0.603853 s
currentSize : 39 <-- 0.608938 s
currentSize : 40 <-- 6.357943 s
currentSize : 41 <-- 6.398786 s
currentSize : 42 <-- 23.686508 s

TIMEOUT
maxsize : 42
nodes : 726153169.000000
filtered : 4503661513.000000
time : 3600.000000
