Parameters: GAD=1 vflib=1 dir=0 label=1 lowerbound=1 fileNameGp=../graphsdb/mcs30/bvg/b03/mcs30_b03_s90.A86 fileNameGt=../graphsdb/mcs30/bvg/b03/mcs30_b03_s90.B86
Reading graphs...
90 :  135
90 :  134
Initializing...
maxdom : 10
D->valSize : 555
Solving...
Blb : 2 (clique : 38)
currentSize : 38 <-- 0.006667 s
currentSize : 39 <-- 0.100430 s
currentSize : 40 <-- 0.815656 s
currentSize : 41 <-- 6.644128 s
currentSize : 42 <-- 18.845575 s
currentSize : 43 <-- 58.639809 s
currentSize : 44 <-- 1484.519409 s
currentSize : 45 <-- 1649.202026 s

TIMEOUT
maxsize : 45
nodes : 845057303.000000
filtered : 3595230808.000000
time : 3600.000000
