Parameters: GAD=1 vflib=1 dir=0 label=1 lowerbound=1 fileNameGp=../graphsdb/mcs30/bvg/b03m/mcs30_b03m_s100.A60 fileNameGt=../graphsdb/mcs30/bvg/b03m/mcs30_b03m_s100.B60
Reading graphs...
100 :  150
100 :  150
Initializing...
maxdom : 7
D->valSize : 338
Solving...
Blb : 2 (clique : 36)
currentSize : 36 <-- 0.003690 s
currentSize : 37 <-- 0.003959 s
currentSize : 38 <-- 0.004008 s
currentSize : 39 <-- 0.006144 s
currentSize : 40 <-- 117.183159 s
currentSize : 41 <-- 117.190781 s
currentSize : 42 <-- 960.520020 s
currentSize : 43 <-- 1281.317871 s

TIMEOUT
maxsize : 43
nodes : 783069904.000000
filtered : 2770449923.000000
time : 3600.000000
