Parameters: GAD=1 vflib=1 dir=0 label=1 lowerbound=1 fileNameGp=../graphsdb/mcs30/bvg/b03/mcs30_b03_s100.A84 fileNameGt=../graphsdb/mcs30/bvg/b03/mcs30_b03_s100.B84
Reading graphs...
100 :  150
100 :  150
Initializing...
maxdom : 7
D->valSize : 349
Solving...
Blb : 3 (clique : 37)
currentSize : 37 <-- 0.003829 s
currentSize : 38 <-- 0.008413 s
currentSize : 39 <-- 0.713457 s
currentSize : 40 <-- 2.261013 s
currentSize : 41 <-- 3.329934 s
currentSize : 42 <-- 3.517575 s
currentSize : 43 <-- 6.565836 s
currentSize : 44 <-- 607.754517 s
currentSize : 45 <-- 1205.819702 s
currentSize : 46 <-- 3264.927490 s

TIMEOUT
maxsize : 46
nodes : 766284896.000000
filtered : 3027431377.000000
time : 3600.000000
