Parameters: GAD=1 vflib=1 dir=0 label=1 lowerbound=1 fileNameGp=../graphsdb/mcs30/m4D/m4D/mcs30_m4D_s80.A51 fileNameGt=../graphsdb/mcs30/m4D/m4D/mcs30_m4D_s80.B51
Reading graphs...
80 :  131
80 :  131
Initializing...
maxdom : 10
D->valSize : 410
Solving...
Blb : 2 (clique : 29)
currentSize : 29 <-- 0.004076 s
currentSize : 30 <-- 0.004310 s
currentSize : 31 <-- 0.004457 s
currentSize : 32 <-- 0.938239 s
currentSize : 33 <-- 2.134718 s
currentSize : 34 <-- 19.630724 s

TIMEOUT
maxsize : 34
nodes : 1154433450.000000
filtered : 5240180300.000000
time : 3600.000000
