Parameters: GAD=1 vflib=1 dir=0 label=1 lowerbound=1 fileNameGp=../graphsdb/mcs30/rand/r01/mcs30_r01_s100.A47 fileNameGt=../graphsdb/mcs30/rand/r01/mcs30_r01_s100.B47
Reading graphs...
100 :  934
100 :  936
Initializing...
maxdom : 9
D->valSize : 312
Solving...
Blb : 2 (clique : 14)
currentSize : 14 <-- 0.004209 s
currentSize : 15 <-- 0.004858 s
currentSize : 17 <-- 0.007242 s
currentSize : 18 <-- 0.024117 s
currentSize : 19 <-- 0.038533 s
currentSize : 20 <-- 0.139443 s
currentSize : 21 <-- 0.139500 s
currentSize : 24 <-- 0.169596 s
currentSize : 25 <-- 0.269622 s
currentSize : 27 <-- 0.269795 s

maxsize : 27
nodes : 1817099.000000
filtered : 19287038.000000
time : 11.655359
