Parameters: GAD=1 vflib=1 dir=0 label=1 lowerbound=1 fileNameGp=../graphsdb/mcs30/rand/r005/mcs30_r005_s60.A97 fileNameGt=../graphsdb/mcs30/rand/r005/mcs30_r005_s60.B97
Reading graphs...
60 :  176
60 :  174
Initializing...
maxdom : 7
D->valSize : 234
Solving...
Blb : 5 (clique : 16)
currentSize : 16 <-- 0.001795 s
currentSize : 17 <-- 0.001930 s
currentSize : 18 <-- 0.096067 s
currentSize : 19 <-- 0.098573 s
currentSize : 20 <-- 1.077594 s
currentSize : 21 <-- 4.107634 s
currentSize : 22 <-- 12.876492 s

maxsize : 22
nodes : 13218015.000000
filtered : 108476240.000000
time : 55.193615
