Parameters: GAD=1 vflib=1 dir=0 label=1 lowerbound=1 fileNameGp=../graphsdb/mcs30/bvg/b06m/mcs30_b06m_s60.A58 fileNameGt=../graphsdb/mcs30/bvg/b06m/mcs30_b06m_s60.B58
Reading graphs...
60 :  175
60 :  177
Initializing...
maxdom : 8
D->valSize : 223
Solving...
Blb : 2 (clique : 15)
currentSize : 15 <-- 0.002459 s
currentSize : 16 <-- 0.004816 s
currentSize : 17 <-- 0.010556 s
currentSize : 18 <-- 0.176023 s
currentSize : 19 <-- 0.451741 s
currentSize : 20 <-- 3.906857 s
currentSize : 21 <-- 4.543226 s
currentSize : 22 <-- 34.132828 s

maxsize : 22
nodes : 17233603.000000
filtered : 117225458.000000
time : 70.339729
