Parameters: GAD=1 vflib=1 dir=0 label=1 lowerbound=1 fileNameGp=../graphsdb/mcs30/bvg/b06m/mcs30_b06m_s100.A56 fileNameGt=../graphsdb/mcs30/bvg/b06m/mcs30_b06m_s100.B56
Reading graphs...
100 :  300
100 :  298
Initializing...
maxdom : 6
D->valSize : 329
Solving...
Blb : 2 (clique : 28)
currentSize : 28 <-- 0.003347 s
currentSize : 29 <-- 0.003562 s
currentSize : 30 <-- 0.004076 s
currentSize : 31 <-- 0.007234 s
currentSize : 32 <-- 0.015062 s
currentSize : 33 <-- 0.016988 s
currentSize : 34 <-- 1.376264 s
currentSize : 35 <-- 6.687731 s
currentSize : 36 <-- 8.012647 s
currentSize : 37 <-- 37.639496 s
currentSize : 38 <-- 92.397209 s

TIMEOUT
maxsize : 38
nodes : 660543804.000000
filtered : 2819134067.000000
time : 3600.000000
