Parameters: GAD=1 vflib=1 dir=0 label=1 lowerbound=1 fileNameGp=../graphsdb/mcs30/bvg/b09m/mcs30_b09m_s80.A67 fileNameGt=../graphsdb/mcs30/bvg/b09m/mcs30_b09m_s80.B67
Reading graphs...
80 :  351
80 :  351
Initializing...
maxdom : 10
D->valSize : 420
Solving...
Blb : 3 (clique : 22)
currentSize : 22 <-- 0.004026 s
currentSize : 24 <-- 15.758237 s
currentSize : 25 <-- 15.769960 s
currentSize : 27 <-- 15.770008 s
currentSize : 28 <-- 15.770988 s
currentSize : 29 <-- 18.432720 s

maxsize : 29
nodes : 222832338.000000
filtered : 3031770802.000000
time : 1330.484497
