Parameters: GAD=1 vflib=1 dir=0 label=1 lowerbound=1 fileNameGp=../graphsdb/mcs30/bvg/b03/mcs30_b03_s60.A88 fileNameGt=../graphsdb/mcs30/bvg/b03/mcs30_b03_s60.B88
Reading graphs...
60 :  90
60 :  89
Initializing...
maxdom : 8
D->valSize : 230
Solving...
Blb : 2 (clique : 24)
currentSize : 24 <-- 0.001708 s
currentSize : 25 <-- 0.956075 s
currentSize : 26 <-- 1.261520 s
currentSize : 27 <-- 1.340437 s
currentSize : 28 <-- 2.148595 s
currentSize : 29 <-- 614.752563 s
currentSize : 30 <-- 614.753479 s

maxsize : 30
nodes : 214897409.000000
filtered : 1352646075.000000
time : 813.610779
