Parameters: GAD=1 vflib=1 dir=0 label=1 lowerbound=1 fileNameGp=../graphsdb/mcs30/rand/r005/mcs30_r005_s100.A12 fileNameGt=../graphsdb/mcs30/rand/r005/mcs30_r005_s100.B12
Reading graphs...
100 :  483
100 :  477
Initializing...
maxdom : 10
D->valSize : 355
Solving...
Blb : 2 (clique : 20)
currentSize : 20 <-- 0.003568 s
currentSize : 21 <-- 0.004208 s
currentSize : 22 <-- 0.008014 s
currentSize : 23 <-- 0.182520 s
currentSize : 24 <-- 0.261151 s
currentSize : 25 <-- 1.828111 s
currentSize : 26 <-- 3.791264 s
currentSize : 27 <-- 33.152668 s
currentSize : 28 <-- 49.893604 s

TIMEOUT
maxsize : 28
nodes : 636677026.000000
filtered : 4633014726.000000
time : 3600.000000
