Parameters: GAD=1 vflib=1 dir=0 label=1 lowerbound=1 fileNameGp=../graphsdb/mcs30/rand/r02/mcs30_r02_s70.A49 fileNameGt=../graphsdb/mcs30/rand/r02/mcs30_r02_s70.B49
Reading graphs...
70 :  852
70 :  859
Initializing...
maxdom : 8
D->valSize : 337
Solving...
Blb : 2 (clique : 6)
currentSize : 6 <-- 0.002919 s
currentSize : 7 <-- 0.003007 s
currentSize : 8 <-- 0.003362 s
currentSize : 9 <-- 0.003414 s
currentSize : 10 <-- 0.005471 s
currentSize : 12 <-- 0.005858 s
currentSize : 13 <-- 0.013594 s
currentSize : 18 <-- 0.136972 s

maxsize : 18
nodes : 53888.000000
filtered : 904705.000000
time : 0.292854
