Parameters: GAD=1 vflib=1 dir=0 label=1 lowerbound=1 fileNameGp=../graphsdb/mcs30/bvg/b03m/mcs30_b03m_s60.A03 fileNameGt=../graphsdb/mcs30/bvg/b03m/mcs30_b03m_s60.B03
Reading graphs...
60 :  90
60 :  90
Initializing...
maxdom : 7
D->valSize : 255
Solving...
Blb : 2 (clique : 24)
currentSize : 24 <-- 0.002077 s
currentSize : 25 <-- 0.054779 s
currentSize : 26 <-- 1.184478 s
currentSize : 27 <-- 113.797661 s
currentSize : 28 <-- 249.996643 s

maxsize : 28
nodes : 155894168.000000
filtered : 1252075380.000000
time : 631.872803
