Parameters: GAD=1 vflib=1 dir=0 label=1 lowerbound=1 fileNameGp=../graphsdb/mcs30/m2D/m2Dr2/mcs30_m2Dr2_s50.A50 fileNameGt=../graphsdb/mcs30/m2D/m2Dr2/mcs30_m2Dr2_s50.B50
Reading graphs...
50 :  95
50 :  95
Initializing...
maxdom : 10
D->valSize : 323
Solving...
Blb : 2 (clique : 18)
currentSize : 18 <-- 0.004218 s
currentSize : 20 <-- 0.004409 s
currentSize : 21 <-- 0.005473 s
currentSize : 22 <-- 2.098458 s
currentSize : 23 <-- 36.458130 s

maxsize : 23
nodes : 42181085.000000
filtered : 572979625.000000
time : 187.139786
