Parameters: GAD=1 vflib=1 dir=0 label=1 lowerbound=1 fileNameGp=../graphsdb/mcs30/rand/r005/mcs30_r005_s50.A55 fileNameGt=../graphsdb/mcs30/rand/r005/mcs30_r005_s50.B55
Reading graphs...
50 :  125
50 :  123
Initializing...
maxdom : 9
D->valSize : 302
Solving...
Blb : 2 (clique : 17)
currentSize : 17 <-- 0.003431 s
currentSize : 18 <-- 0.003604 s
currentSize : 19 <-- 0.052820 s
currentSize : 20 <-- 2.657235 s
currentSize : 21 <-- 4.708846 s
currentSize : 22 <-- 271.134338 s

maxsize : 22
nodes : 86632124.000000
filtered : 942192024.000000
time : 319.577240
