Parameters: GAD=1 vflib=1 dir=0 label=1 lowerbound=1 fileNameGp=../graphsdb/mcs30/bvg/b09m/mcs30_b09m_s90.A79 fileNameGt=../graphsdb/mcs30/bvg/b09m/mcs30_b09m_s90.B79
Reading graphs...
90 :  395
90 :  395
Initializing...
maxdom : 16
D->valSize : 554
Solving...
Blb : 2 (clique : 20)
currentSize : 20 <-- 0.010041 s
currentSize : 21 <-- 0.026026 s
currentSize : 22 <-- 0.042457 s
currentSize : 23 <-- 0.122460 s
currentSize : 24 <-- 1.183370 s
currentSize : 25 <-- 64.678970 s
currentSize : 26 <-- 1016.729919 s
currentSize : 27 <-- 1066.187744 s
currentSize : 28 <-- 2150.512695 s

TIMEOUT
maxsize : 28
nodes : 648908180.000000
filtered : 8147231301.000000
time : 3600.000000
