Parameters: GAD=1 vflib=1 dir=0 label=1 lowerbound=1 fileNameGp=../graphsdb/mcs30/bvg/b06m/mcs30_b06m_s60.A45 fileNameGt=../graphsdb/mcs30/bvg/b06m/mcs30_b06m_s60.B45
Reading graphs...
60 :  175
60 :  178
Initializing...
maxdom : 7
D->valSize : 237
Solving...
Blb : 2 (clique : 16)
currentSize : 16 <-- 0.002628 s
currentSize : 17 <-- 0.002902 s
currentSize : 18 <-- 0.003529 s
currentSize : 19 <-- 0.011578 s
currentSize : 20 <-- 0.090705 s
currentSize : 21 <-- 0.174720 s
currentSize : 22 <-- 5.389493 s

maxsize : 22
nodes : 4870123.000000
filtered : 38205338.000000
time : 21.089224
