Parameters: GAD=1 vflib=1 dir=0 label=1 lowerbound=1 fileNameGp=../graphsdb/mcs30/bvg/b09/mcs30_b09_s70.A24 fileNameGt=../graphsdb/mcs30/bvg/b09/mcs30_b09_s70.B24
Reading graphs...
70 :  311
70 :  310
Initializing...
maxdom : 9
D->valSize : 331
Solving...
Blb : 2 (clique : 19)
currentSize : 19 <-- 0.004245 s
currentSize : 20 <-- 0.004864 s
currentSize : 22 <-- 0.005210 s
currentSize : 23 <-- 0.006614 s
currentSize : 24 <-- 0.023078 s
currentSize : 25 <-- 0.721287 s
currentSize : 26 <-- 0.729157 s

maxsize : 26
nodes : 40133722.000000
filtered : 522372012.000000
time : 202.928802
