Parameters: GAD=1 vflib=1 dir=0 label=1 lowerbound=1 fileNameGp=../graphsdb/mcs30/bvg/b09/mcs30_b09_s90.A75 fileNameGt=../graphsdb/mcs30/bvg/b09/mcs30_b09_s90.B75
Reading graphs...
90 :  399
90 :  402
Initializing...
maxdom : 14
D->valSize : 587
Solving...
Blb : 5 (clique : 20)
currentSize : 20 <-- 0.007034 s
currentSize : 21 <-- 0.019127 s
currentSize : 22 <-- 0.055420 s
currentSize : 23 <-- 0.101772 s
currentSize : 24 <-- 2.238820 s
currentSize : 25 <-- 18.317896 s
currentSize : 26 <-- 2619.708496 s

TIMEOUT
maxsize : 26
nodes : 697191318.000000
filtered : 8439725602.000000
time : 3600.000000
