Parameters: GAD=1 vflib=1 dir=0 label=1 lowerbound=1 fileNameGp=../graphsdb/mcs30/m2D/m2Dr6/mcs30_m2Dr6_s90.A15 fileNameGt=../graphsdb/mcs30/m2D/m2Dr6/mcs30_m2Dr6_s90.B15
Reading graphs...
90 :  212
90 :  212
Initializing...
maxdom : 10
D->valSize : 570
Solving...
Blb : 2 (clique : 29)
currentSize : 29 <-- 0.006783 s
currentSize : 30 <-- 0.007898 s
currentSize : 31 <-- 0.010284 s
currentSize : 32 <-- 0.022660 s
currentSize : 33 <-- 0.558624 s
currentSize : 34 <-- 0.695499 s
currentSize : 35 <-- 32.602879 s
currentSize : 36 <-- 217.673004 s

TIMEOUT
maxsize : 36
nodes : 757036868.000000
filtered : 5231487791.000000
time : 3600.000000
