Parameters: GAD=1 vflib=1 dir=0 label=1 lowerbound=1 fileNameGp=../graphsdb/mcs30/bvg/b09m/mcs30_b09m_s100.A30 fileNameGt=../graphsdb/mcs30/bvg/b09m/mcs30_b09m_s100.B30
Reading graphs...
100 :  440
100 :  446
Initializing...
maxdom : 7
D->valSize : 326
Solving...
Blb : 3 (clique : 24)
currentSize : 24 <-- 0.003276 s
currentSize : 25 <-- 0.010107 s
currentSize : 27 <-- 0.010188 s
currentSize : 28 <-- 0.190904 s
currentSize : 29 <-- 0.199837 s
currentSize : 30 <-- 0.200146 s
currentSize : 31 <-- 0.207920 s
currentSize : 32 <-- 1.630806 s
currentSize : 33 <-- 9.359045 s
currentSize : 34 <-- 161.282974 s

TIMEOUT
maxsize : 34
nodes : 700498100.000000
filtered : 2886640659.000000
time : 3600.000000
