Parameters: GAD=1 vflib=1 dir=0 label=1 lowerbound=1 fileNameGp=../graphsdb/mcs30/bvg/b09/mcs30_b09_s60.A74 fileNameGt=../graphsdb/mcs30/bvg/b09/mcs30_b09_s60.B74
Reading graphs...
60 :  266
60 :  266
Initializing...
maxdom : 7
D->valSize : 220
Solving...
Blb : 3 (clique : 15)
currentSize : 15 <-- 0.001774 s
currentSize : 16 <-- 0.048510 s
currentSize : 17 <-- 0.048801 s
currentSize : 18 <-- 0.141960 s
currentSize : 19 <-- 0.255247 s
currentSize : 20 <-- 0.255874 s
currentSize : 21 <-- 2.305386 s

maxsize : 21
nodes : 798156.000000
filtered : 5260334.000000
time : 3.217943
