Parameters: GAD=1 vflib=1 dir=0 label=1 lowerbound=1 fileNameGp=../graphsdb/mcs30/bvg/b03m/mcs30_b03m_s30.A83 fileNameGt=../graphsdb/mcs30/bvg/b03m/mcs30_b03m_s30.B83
Reading graphs...
30 :  45
30 :  45
Initializing...
maxdom : 6
D->valSize : 116
Solving...
Blb : 2 (clique : 9)
currentSize : 9 <-- 0.000580 s
currentSize : 10 <-- 0.000694 s
currentSize : 11 <-- 0.000723 s
currentSize : 12 <-- 0.001106 s
currentSize : 13 <-- 0.009994 s
currentSize : 14 <-- 0.010085 s

maxsize : 14
nodes : 16114.000000
filtered : 110230.000000
time : 0.043114
