Parameters: GAD=1 vflib=1 dir=0 label=1 lowerbound=1 fileNameGp=../graphsdb/mcs30/rand/r02/mcs30_r02_s60.A97 fileNameGt=../graphsdb/mcs30/rand/r02/mcs30_r02_s60.B97
Reading graphs...
60 :  638
60 :  637
Initializing...
maxdom : 9
D->valSize : 240
Solving...
Blb : 5 (clique : 9)
currentSize : 9 <-- 0.001692 s
currentSize : 10 <-- 0.002215 s
currentSize : 12 <-- 0.004045 s
currentSize : 13 <-- 0.015319 s
currentSize : 14 <-- 0.016509 s
currentSize : 15 <-- 0.026751 s
currentSize : 17 <-- 0.026799 s

maxsize : 17
nodes : 10031.000000
filtered : 147178.000000
time : 0.049232
