Parameters: GAD=1 vflib=1 dir=0 label=1 lowerbound=1 fileNameGp=../graphsdb/mcs30/m3D/m3Dr2/mcs30_m3Dr2_s25.A42 fileNameGt=../graphsdb/mcs30/m3D/m3Dr2/mcs30_m3Dr2_s25.B42
Reading graphs...
25 :  51
25 :  53
Initializing...
maxdom : 8
D->valSize : 160
Solving...
Blb : 2 (clique : 8)
currentSize : 8 <-- 0.000722 s
currentSize : 9 <-- 0.000800 s
currentSize : 10 <-- 0.002158 s
currentSize : 11 <-- 0.002174 s
currentSize : 12 <-- 0.070711 s

maxsize : 12
nodes : 35047.000000
filtered : 386716.000000
time : 0.100212
