Parameters: GAD=1 vflib=1 dir=0 label=1 lowerbound=1 fileNameGp=../graphsdb/mcs30/m3D/m3Dr6/mcs30_m3Dr6_s80.A61 fileNameGt=../graphsdb/mcs30/m3D/m3Dr6/mcs30_m3Dr6_s80.B61
Reading graphs...
80 :  230
80 :  229
Initializing...
maxdom : 7
D->valSize : 436
Solving...
Blb : 2 (clique : 20)
currentSize : 20 <-- 0.007128 s
currentSize : 21 <-- 0.025873 s
currentSize : 22 <-- 0.041071 s
currentSize : 23 <-- 0.043937 s
currentSize : 24 <-- 0.070946 s
currentSize : 25 <-- 0.093749 s
currentSize : 26 <-- 0.538385 s
currentSize : 27 <-- 21.423553 s
currentSize : 28 <-- 25.337467 s
currentSize : 29 <-- 201.606827 s

TIMEOUT
maxsize : 29
nodes : 730457896.000000
filtered : 6481960293.000000
time : 3600.000000
