Parameters: GAD=1 vflib=1 dir=0 label=1 lowerbound=1 fileNameGp=../graphsdb/mcs30/m2D/m2Dr6/mcs30_m2Dr6_s50.A20 fileNameGt=../graphsdb/mcs30/m2D/m2Dr6/mcs30_m2Dr6_s50.B20
Reading graphs...
50 :  110
50 :  109
Initializing...
maxdom : 9
D->valSize : 317
Solving...
Blb : 2 (clique : 16)
currentSize : 16 <-- 0.002338 s
currentSize : 17 <-- 0.002438 s
currentSize : 18 <-- 0.008839 s
currentSize : 19 <-- 0.071496 s
currentSize : 20 <-- 23.527122 s
currentSize : 21 <-- 27.444904 s
currentSize : 22 <-- 27.517288 s

maxsize : 22
nodes : 51107339.000000
filtered : 607265091.000000
time : 208.840012
