Parameters: GAD=1 vflib=1 dir=0 label=1 lowerbound=1 fileNameGp=../graphsdb/mcs30/m4D/m4Dr4/mcs30_m4Dr4_s70.A98 fileNameGt=../graphsdb/mcs30/m4D/m4Dr4/mcs30_m4Dr4_s70.B98
Reading graphs...
70 :  143
70 :  144
Initializing...
maxdom : 7
D->valSize : 347
Solving...
Blb : 2 (clique : 23)
currentSize : 23 <-- 0.003159 s
currentSize : 24 <-- 0.003478 s
currentSize : 25 <-- 0.005274 s
currentSize : 26 <-- 0.005698 s
currentSize : 27 <-- 0.406821 s
currentSize : 28 <-- 225.065735 s
currentSize : 29 <-- 661.470886 s
currentSize : 30 <-- 2953.950928 s

TIMEOUT
maxsize : 30
nodes : 857452554.000000
filtered : 6364352429.000000
time : 3600.000000
