Parameters: GAD=1 vflib=1 dir=0 label=1 lowerbound=1 fileNameGp=../graphsdb/mcs30/m4D/m4D/mcs30_m4D_s80.A77 fileNameGt=../graphsdb/mcs30/m4D/m4D/mcs30_m4D_s80.B77
Reading graphs...
80 :  131
80 :  131
Initializing...
maxdom : 10
D->valSize : 430
Solving...
Blb : 3 (clique : 31)
currentSize : 31 <-- 0.004424 s
currentSize : 32 <-- 0.004686 s
currentSize : 33 <-- 0.006315 s
currentSize : 34 <-- 0.014624 s
currentSize : 35 <-- 1.718296 s
currentSize : 36 <-- 10.984095 s
currentSize : 37 <-- 17.356058 s
currentSize : 38 <-- 559.502075 s

TIMEOUT
maxsize : 38
nodes : 809503894.000000
filtered : 4524497465.000000
time : 3600.000000
