Parameters: GAD=1 vflib=1 dir=0 label=1 lowerbound=1 fileNameGp=../graphsdb/mcs30/m2D/m2Dr4/mcs30_m2Dr4_s80.A89 fileNameGt=../graphsdb/mcs30/m2D/m2Dr4/mcs30_m2Dr4_s80.B89
Reading graphs...
80 :  173
80 :  171
Initializing...
maxdom : 9
D->valSize : 440
Solving...
Blb : 2 (clique : 26)
currentSize : 26 <-- 0.004422 s
currentSize : 27 <-- 0.005027 s
currentSize : 28 <-- 0.181892 s
currentSize : 29 <-- 0.955080 s
currentSize : 30 <-- 5.438583 s
currentSize : 31 <-- 8.499727 s
currentSize : 32 <-- 8.562448 s
currentSize : 33 <-- 8.984049 s

TIMEOUT
maxsize : 33
nodes : 649584821.000000
filtered : 5813808868.000000
time : 3600.000000
