Parameters: GAD=1 vflib=1 dir=0 label=1 lowerbound=1 fileNameGp=../graphsdb/mcs30/bvg/b06m/mcs30_b06m_s70.A12 fileNameGt=../graphsdb/mcs30/bvg/b06m/mcs30_b06m_s70.B12
Reading graphs...
70 :  204
70 :  208
Initializing...
maxdom : 10
D->valSize : 376
Solving...
Blb : 2 (clique : 20)
currentSize : 20 <-- 0.003742 s
currentSize : 21 <-- 0.009050 s
currentSize : 22 <-- 0.013377 s
currentSize : 23 <-- 0.093492 s
currentSize : 24 <-- 0.622197 s
currentSize : 25 <-- 20.730991 s
currentSize : 26 <-- 82.340294 s

TIMEOUT
maxsize : 26
nodes : 733815700.000000
filtered : 9008036090.000000
time : 3600.000000
