Parameters: GAD=1 vflib=1 dir=0 label=1 lowerbound=1 fileNameGp=../graphsdb/mcs30/rand/r01/mcs30_r01_s70.A30 fileNameGt=../graphsdb/mcs30/rand/r01/mcs30_r01_s70.B30
Reading graphs...
70 :  452
70 :  456
Initializing...
maxdom : 8
D->valSize : 318
Solving...
Blb : 5 (clique : 13)
currentSize : 13 <-- 0.003961 s
currentSize : 14 <-- 0.045700 s
currentSize : 15 <-- 0.164982 s
currentSize : 16 <-- 0.376124 s
currentSize : 17 <-- 0.805206 s
currentSize : 18 <-- 2.923673 s
currentSize : 19 <-- 6.524478 s
currentSize : 21 <-- 10.833614 s

maxsize : 21
nodes : 3179249.000000
filtered : 39032606.000000
time : 16.130573
