Parameters: GAD=1 vflib=1 dir=0 label=1 lowerbound=1 fileNameGp=../graphsdb/mcs30/m3D/m3Dr2/mcs30_m3Dr2_s100.A23 fileNameGt=../graphsdb/mcs30/m3D/m3Dr2/mcs30_m3Dr2_s100.B23
Reading graphs...
100 :  254
100 :  252
Initializing...
maxdom : 9
D->valSize : 327
Solving...
Blb : 2 (clique : 28)
currentSize : 28 <-- 0.003276 s
currentSize : 29 <-- 0.003887 s
currentSize : 30 <-- 0.005742 s
currentSize : 31 <-- 0.058009 s
currentSize : 32 <-- 1.416233 s
currentSize : 33 <-- 130.506729 s
currentSize : 34 <-- 821.494141 s
currentSize : 35 <-- 1457.072754 s
currentSize : 36 <-- 3548.627686 s

TIMEOUT
maxsize : 36
nodes : 693754118.000000
filtered : 3582101619.000000
time : 3600.000000
