Parameters: GAD=1 vflib=1 dir=0 label=1 lowerbound=1 fileNameGp=../graphsdb/mcs30/m3D/m3D/mcs30_m3D_s100.A97 fileNameGt=../graphsdb/mcs30/m3D/m3D/mcs30_m3D_s100.B97
Reading graphs...
100 :  234
100 :  235
Initializing...
maxdom : 6
D->valSize : 313
Solving...
Blb : 2 (clique : 30)
currentSize : 30 <-- 0.003170 s
currentSize : 31 <-- 0.003422 s
currentSize : 32 <-- 0.004041 s
currentSize : 33 <-- 0.026132 s
currentSize : 34 <-- 0.210827 s
currentSize : 35 <-- 0.240868 s
currentSize : 36 <-- 24.949223 s

TIMEOUT
maxsize : 36
nodes : 715931052.000000
filtered : 3127835842.000000
time : 3600.000000
