Parameters: GAD=1 vflib=1 dir=0 label=1 lowerbound=1 fileNameGp=../graphsdb/mcs30/m2D/m2Dr2/mcs30_m2Dr2_s80.A34 fileNameGt=../graphsdb/mcs30/m2D/m2Dr2/mcs30_m2Dr2_s80.B34
Reading graphs...
80 :  158
80 :  158
Initializing...
maxdom : 9
D->valSize : 423
Solving...
Blb : 2 (clique : 27)
currentSize : 27 <-- 0.004211 s
currentSize : 28 <-- 0.063575 s
currentSize : 29 <-- 0.063789 s
currentSize : 30 <-- 0.318922 s
currentSize : 31 <-- 1.373359 s
currentSize : 32 <-- 2.066597 s
currentSize : 33 <-- 1654.007690 s
currentSize : 34 <-- 2100.536377 s

TIMEOUT
maxsize : 34
nodes : 932798441.000000
filtered : 6209199616.000000
time : 3600.000000
