Parameters: GAD=1 vflib=1 dir=0 label=1 lowerbound=1 fileNameGp=../graphsdb/mcs30/bvg/b06m/mcs30_b06m_s50.A56 fileNameGt=../graphsdb/mcs30/bvg/b06m/mcs30_b06m_s50.B56
Reading graphs...
50 :  146
50 :  146
Initializing...
maxdom : 9
D->valSize : 315
Solving...
Blb : 5 (clique : 15)
currentSize : 15 <-- 0.002553 s
currentSize : 16 <-- 0.012411 s
currentSize : 17 <-- 0.243601 s
currentSize : 18 <-- 5.203024 s
currentSize : 19 <-- 63.297615 s

maxsize : 19
nodes : 40971408.000000
filtered : 493803270.000000
time : 156.814972
