Parameters: GAD=1 vflib=1 dir=0 label=1 lowerbound=1 fileNameGp=../graphsdb/mcs30/bvg/b09/mcs30_b09_s60.A16 fileNameGt=../graphsdb/mcs30/bvg/b09/mcs30_b09_s60.B16
Reading graphs...
60 :  267
60 :  267
Initializing...
maxdom : 6
D->valSize : 232
Solving...
Blb : 3 (clique : 15)
currentSize : 15 <-- 0.001821 s
currentSize : 18 <-- 0.131798 s
currentSize : 19 <-- 0.148746 s
currentSize : 20 <-- 0.393329 s
currentSize : 21 <-- 1.080272 s
currentSize : 22 <-- 1.086464 s

maxsize : 22
nodes : 716846.000000
filtered : 5697278.000000
time : 3.052406
