Parameters: GAD=1 vflib=1 dir=0 label=1 lowerbound=1 fileNameGp=../graphsdb/mcs30/bvg/b03/mcs30_b03_s60.A49 fileNameGt=../graphsdb/mcs30/bvg/b03/mcs30_b03_s60.B49
Reading graphs...
60 :  89
60 :  90
Initializing...
maxdom : 9
D->valSize : 263
Solving...
Blb : 2 (clique : 25)
currentSize : 25 <-- 0.001995 s
currentSize : 26 <-- 0.184676 s
currentSize : 27 <-- 0.301231 s
currentSize : 28 <-- 9.906537 s
currentSize : 29 <-- 123.772614 s

maxsize : 29
nodes : 623078420.000000
filtered : 4872966061.000000
time : 2438.741455
