Parameters: GAD=1 vflib=1 dir=0 label=1 lowerbound=1 fileNameGp=../graphsdb/mcs30/m3D/m3Dr4/mcs30_m3Dr4_s80.A60 fileNameGt=../graphsdb/mcs30/m3D/m3Dr4/mcs30_m3Dr4_s80.B60
Reading graphs...
80 :  215
80 :  210
Initializing...
maxdom : 9
D->valSize : 426
Solving...
Blb : 2 (clique : 29)
currentSize : 29 <-- 0.006951 s
currentSize : 30 <-- 0.009048 s
currentSize : 31 <-- 0.012038 s
currentSize : 32 <-- 0.019025 s
currentSize : 33 <-- 0.026807 s
currentSize : 34 <-- 0.117498 s
currentSize : 35 <-- 268.907074 s

TIMEOUT
maxsize : 35
nodes : 642271096.000000
filtered : 6733435974.000000
time : 3600.000000
