Parameters: GAD=1 vflib=1 dir=0 label=1 lowerbound=1 fileNameGp=../graphsdb/mcs30/m4D/m4Dr2/mcs30_m4Dr2_s50.A78 fileNameGt=../graphsdb/mcs30/m4D/m4Dr2/mcs30_m4Dr2_s50.B78
Reading graphs...
50 :  96
50 :  94
Initializing...
maxdom : 10
D->valSize : 322
Solving...
Blb : 2 (clique : 20)
currentSize : 20 <-- 0.003912 s
currentSize : 21 <-- 3.001046 s
currentSize : 22 <-- 172.537247 s
currentSize : 23 <-- 292.731232 s
currentSize : 24 <-- 400.604004 s

maxsize : 24
nodes : 601783992.000000
filtered : 6486100539.000000
time : 2305.207275
