Parameters: GAD=1 vflib=1 dir=0 label=1 lowerbound=1 fileNameGp=../graphsdb/mcs30/m3D/m3Dr6/mcs30_m3Dr6_s70.A90 fileNameGt=../graphsdb/mcs30/m3D/m3Dr6/mcs30_m3Dr6_s70.B90
Reading graphs...
70 :  197
70 :  198
Initializing...
maxdom : 7
D->valSize : 339
Solving...
Blb : 2 (clique : 23)
currentSize : 23 <-- 0.002877 s
currentSize : 24 <-- 0.003036 s
currentSize : 25 <-- 62.939041 s
currentSize : 26 <-- 474.508636 s
currentSize : 27 <-- 1317.601074 s
currentSize : 28 <-- 1375.734863 s
currentSize : 29 <-- 1391.657837 s
currentSize : 30 <-- 1391.668457 s

maxsize : 30
nodes : 455063139.000000
filtered : 3991343721.000000
time : 2087.911133
