Parameters: GAD=1 vflib=1 dir=0 label=1 lowerbound=1 fileNameGp=../graphsdb/mcs30/m4D/m4D/mcs30_m4D_s60.A19 fileNameGt=../graphsdb/mcs30/m4D/m4D/mcs30_m4D_s60.B19
Reading graphs...
60 :  102
60 :  101
Initializing...
maxdom : 8
D->valSize : 245
Solving...
Blb : 5 (clique : 23)
currentSize : 23 <-- 0.003035 s
currentSize : 24 <-- 0.142175 s
currentSize : 25 <-- 0.841556 s
currentSize : 26 <-- 15.374450 s
currentSize : 27 <-- 22.793034 s

maxsize : 27
nodes : 331436221.000000
filtered : 2132032394.000000
time : 1307.988281
