Parameters: GAD=1 vflib=1 dir=0 label=1 lowerbound=1 fileNameGp=../graphsdb/mcs30/bvg/b06/mcs30_b06_s90.A84 fileNameGt=../graphsdb/mcs30/bvg/b06/mcs30_b06_s90.B84
Reading graphs...
90 :  266
90 :  269
Initializing...
maxdom : 11
D->valSize : 575
Solving...
Blb : 2 (clique : 23)
currentSize : 23 <-- 0.006647 s
currentSize : 28 <-- 0.006858 s
currentSize : 29 <-- 0.006940 s
currentSize : 30 <-- 0.007001 s
currentSize : 31 <-- 0.007660 s
currentSize : 32 <-- 38.908234 s
currentSize : 33 <-- 125.707054 s

TIMEOUT
maxsize : 33
nodes : 636174982.000000
filtered : 6500435327.000000
time : 3600.000000
