Parameters: GAD=1 vflib=1 dir=0 label=1 lowerbound=1 fileNameGp=../graphsdb/mcs30/m2D/m2Dr6/mcs30_m2Dr6_s60.A70 fileNameGt=../graphsdb/mcs30/m2D/m2Dr6/mcs30_m2Dr6_s60.B70
Reading graphs...
60 :  135
60 :  133
Initializing...
maxdom : 6
D->valSize : 248
Solving...
Blb : 2 (clique : 20)
currentSize : 20 <-- 0.002819 s
currentSize : 21 <-- 0.003003 s
currentSize : 22 <-- 0.003131 s
currentSize : 23 <-- 0.182520 s
currentSize : 24 <-- 0.812777 s
currentSize : 25 <-- 110.236458 s

maxsize : 25
nodes : 134258716.000000
filtered : 1145063790.000000
time : 569.694824
