Parameters: GAD=1 vflib=1 dir=0 label=1 lowerbound=1 fileNameGp=../graphsdb/mcs30/m2D/m2Dr6/mcs30_m2Dr6_s100.A62 fileNameGt=../graphsdb/mcs30/m2D/m2Dr6/mcs30_m2Dr6_s100.B62
Reading graphs...
100 :  239
100 :  233
Initializing...
maxdom : 9
D->valSize : 404
Solving...
Blb : 3 (clique : 29)
currentSize : 29 <-- 0.006895 s
currentSize : 30 <-- 0.890554 s
currentSize : 31 <-- 3.002323 s
currentSize : 32 <-- 9.953784 s
currentSize : 33 <-- 33.469669 s
currentSize : 34 <-- 61.462048 s
currentSize : 35 <-- 537.391541 s

TIMEOUT
maxsize : 35
nodes : 732887908.000000
filtered : 3290923610.000000
time : 3600.000000
