Parameters: GAD=1 vflib=1 dir=0 label=1 lowerbound=1 fileNameGp=../graphsdb/mcs30/m4D/m4Dr4/mcs30_m4Dr4_s80.A38 fileNameGt=../graphsdb/mcs30/m4D/m4Dr4/mcs30_m4Dr4_s80.B38
Reading graphs...
80 :  163
80 :  159
Initializing...
maxdom : 8
D->valSize : 423
Solving...
Blb : 2 (clique : 29)
currentSize : 29 <-- 0.004252 s
currentSize : 30 <-- 1.065691 s
currentSize : 31 <-- 43.825314 s
currentSize : 32 <-- 434.067352 s
currentSize : 33 <-- 3028.547119 s
currentSize : 34 <-- 3139.216064 s

TIMEOUT
maxsize : 34
nodes : 927357249.000000
filtered : 5079949836.000000
time : 3600.000000
