Parameters: GAD=1 vflib=1 dir=0 label=1 lowerbound=1 fileNameGp=../graphsdb/mcs30/rand/r005/mcs30_r005_s60.A38 fileNameGt=../graphsdb/mcs30/rand/r005/mcs30_r005_s60.B38
Reading graphs...
60 :  176
60 :  174
Initializing...
maxdom : 8
D->valSize : 245
Solving...
Blb : 2 (clique : 14)
currentSize : 14 <-- 0.001827 s
currentSize : 15 <-- 0.001921 s
currentSize : 16 <-- 0.001978 s
currentSize : 17 <-- 0.002205 s
currentSize : 18 <-- 0.003587 s
currentSize : 19 <-- 0.007728 s
currentSize : 20 <-- 0.022476 s
currentSize : 21 <-- 2.475153 s
currentSize : 22 <-- 2.906474 s

maxsize : 22
nodes : 51128836.000000
filtered : 419868713.000000
time : 207.105194
