Parameters: GAD=1 vflib=1 dir=0 label=1 lowerbound=1 fileNameGp=../graphsdb/mcs30/m2D/m2Dr6/mcs30_m2Dr6_s90.A84 fileNameGt=../graphsdb/mcs30/m2D/m2Dr6/mcs30_m2Dr6_s90.B84
Reading graphs...
90 :  214
90 :  212
Initializing...
maxdom : 9
D->valSize : 514
Solving...
Blb : 2 (clique : 29)
currentSize : 29 <-- 0.009801 s
currentSize : 30 <-- 0.482984 s
currentSize : 31 <-- 1.317171 s
currentSize : 32 <-- 1.582341 s
currentSize : 33 <-- 98.213921 s
currentSize : 34 <-- 828.608337 s

TIMEOUT
maxsize : 34
nodes : 862126720.000000
filtered : 4895187572.000000
time : 3600.000000
