Parameters: GAD=1 vflib=1 dir=0 label=1 lowerbound=1 fileNameGp=../graphsdb/mcs30/m2D/m2Dr6/mcs30_m2Dr6_s100.A11 fileNameGt=../graphsdb/mcs30/m2D/m2Dr6/mcs30_m2Dr6_s100.B11
Reading graphs...
100 :  238
100 :  239
Initializing...
maxdom : 6
D->valSize : 320
Solving...
Blb : 2 (clique : 27)
currentSize : 27 <-- 0.003064 s
currentSize : 28 <-- 0.267761 s
currentSize : 29 <-- 4.341624 s
currentSize : 30 <-- 344.037109 s
currentSize : 31 <-- 713.967468 s
currentSize : 32 <-- 770.326355 s
currentSize : 33 <-- 956.320068 s

TIMEOUT
maxsize : 33
nodes : 812733624.000000
filtered : 2923276586.000000
time : 3600.000000
