Parameters: GAD=1 vflib=1 dir=0 label=1 lowerbound=1 fileNameGp=../graphsdb/mcs30/m2D/m2D/mcs30_m2D_s90.A06 fileNameGt=../graphsdb/mcs30/m2D/m2D/mcs30_m2D_s90.B06
Reading graphs...
90 :  161
90 :  161
Initializing...
maxdom : 10
D->valSize : 514
Solving...
Blb : 2 (clique : 35)
currentSize : 35 <-- 0.005841 s
currentSize : 36 <-- 0.006132 s
currentSize : 37 <-- 0.066535 s
currentSize : 38 <-- 0.134856 s
currentSize : 39 <-- 0.512948 s
currentSize : 40 <-- 3.925780 s
currentSize : 41 <-- 522.431274 s

TIMEOUT
maxsize : 41
nodes : 733340755.000000
filtered : 4945959929.000000
time : 3600.000000
