Parameters: GAD=1 vflib=1 dir=0 label=1 lowerbound=1 fileNameGp=../graphsdb/mcs30/bvg/b03m/mcs30_b03m_s40.A39 fileNameGt=../graphsdb/mcs30/bvg/b03m/mcs30_b03m_s40.B39
Reading graphs...
40 :  59
40 :  58
Initializing...
maxdom : 9
D->valSize : 215
Solving...
Blb : 2 (clique : 16)
currentSize : 16 <-- 0.001979 s
currentSize : 17 <-- 0.007109 s
currentSize : 18 <-- 2.050844 s
currentSize : 19 <-- 3.532795 s
currentSize : 20 <-- 51.043297 s

maxsize : 20
nodes : 22246125.000000
filtered : 187646254.000000
time : 67.914452
