Parameters: GAD=1 vflib=1 dir=0 label=1 lowerbound=1 fileNameGp=../graphsdb/mcs30/rand/r005/mcs30_r005_s90.A83 fileNameGt=../graphsdb/mcs30/rand/r005/mcs30_r005_s90.B83
Reading graphs...
90 :  385
90 :  385
Initializing...
maxdom : 19
D->valSize : 594
Solving...
Blb : 2 (clique : 21)
currentSize : 21 <-- 0.011751 s
currentSize : 22 <-- 0.035851 s
currentSize : 23 <-- 0.360331 s
currentSize : 24 <-- 1.397052 s
currentSize : 25 <-- 3.530119 s
currentSize : 26 <-- 126.785561 s

TIMEOUT
maxsize : 26
nodes : 644533351.000000
filtered : 9036870815.000000
time : 3600.000000
