Parameters: GAD=1 vflib=1 dir=0 label=1 lowerbound=1 fileNameGp=../graphsdb/mcs30/rand/r02/mcs30_r02_s70.A97 fileNameGt=../graphsdb/mcs30/rand/r02/mcs30_r02_s70.B97
Reading graphs...
70 :  854
70 :  864
Initializing...
maxdom : 8
D->valSize : 308
Solving...
Blb : 2 (clique : 8)
currentSize : 8 <-- 0.002394 s
currentSize : 9 <-- 0.003336 s
currentSize : 10 <-- 0.004381 s
currentSize : 12 <-- 0.004443 s
currentSize : 13 <-- 0.190787 s
currentSize : 14 <-- 0.214709 s
currentSize : 17 <-- 0.215511 s

maxsize : 17
nodes : 64742.000000
filtered : 864134.000000
time : 0.366618
