Parameters: GAD=1 vflib=1 dir=0 label=1 lowerbound=1 fileNameGp=../graphsdb/mcs30/m2D/m2Dr2/mcs30_m2Dr2_s80.A91 fileNameGt=../graphsdb/mcs30/m2D/m2Dr2/mcs30_m2Dr2_s80.B91
Reading graphs...
80 :  158
80 :  156
Initializing...
maxdom : 8
D->valSize : 407
Solving...
Blb : 3 (clique : 28)
currentSize : 28 <-- 0.004071 s
currentSize : 29 <-- 0.062300 s
currentSize : 30 <-- 0.313886 s
currentSize : 31 <-- 2.373962 s
currentSize : 32 <-- 192.149384 s
currentSize : 33 <-- 591.707092 s
currentSize : 34 <-- 2133.806641 s

TIMEOUT
maxsize : 34
nodes : 821476406.000000
filtered : 4584028402.000000
time : 3600.000000
