Parameters: GAD=1 vflib=1 dir=0 label=1 lowerbound=1 fileNameGp=../graphsdb/mcs30/m4D/m4D/mcs30_m4D_s50.A70 fileNameGt=../graphsdb/mcs30/m4D/m4D/mcs30_m4D_s50.B70
Reading graphs...
50 :  87
50 :  87
Initializing...
maxdom : 11
D->valSize : 305
Solving...
Blb : 5 (clique : 20)
currentSize : 20 <-- 0.002237 s
currentSize : 21 <-- 0.002424 s
currentSize : 22 <-- 0.002567 s
currentSize : 23 <-- 0.079025 s
currentSize : 24 <-- 9.734839 s
currentSize : 25 <-- 214.626434 s

maxsize : 25
nodes : 92253703.000000
filtered : 1145009513.000000
time : 362.774353
