Parameters: GAD=1 vflib=1 dir=0 label=1 lowerbound=1 fileNameGp=../graphsdb/mcs30/bvg/b09m/mcs30_b09m_s70.A17 fileNameGt=../graphsdb/mcs30/bvg/b09m/mcs30_b09m_s70.B17
Reading graphs...
70 :  306
70 :  307
Initializing...
maxdom : 11
D->valSize : 336
Solving...
Blb : 2 (clique : 16)
currentSize : 16 <-- 0.002781 s
currentSize : 17 <-- 0.002910 s
currentSize : 18 <-- 0.003777 s
currentSize : 19 <-- 0.057996 s
currentSize : 20 <-- 0.149313 s
currentSize : 21 <-- 0.589120 s
currentSize : 22 <-- 0.769836 s
currentSize : 23 <-- 8.737613 s

maxsize : 23
nodes : 25451458.000000
filtered : 332297791.000000
time : 127.973579
