Parameters: GAD=1 vflib=1 dir=0 label=1 lowerbound=1 fileNameGp=../graphsdb/mcs30/bvg/b03m/mcs30_b03m_s35.A75 fileNameGt=../graphsdb/mcs30/bvg/b03m/mcs30_b03m_s35.B75
Reading graphs...
35 :  52
35 :  52
Initializing...
maxdom : 6
D->valSize : 157
Solving...
Blb : 2 (clique : 12)
currentSize : 12 <-- 0.000827 s
currentSize : 13 <-- 0.000894 s
currentSize : 14 <-- 0.001190 s
currentSize : 15 <-- 0.052342 s
currentSize : 16 <-- 1.208638 s
currentSize : 17 <-- 1.213963 s

maxsize : 17
nodes : 471301.000000
filtered : 2779844.000000
time : 1.249256
