Parameters: GAD=1 vflib=1 dir=0 label=1 lowerbound=1 fileNameGp=../graphsdb/mcs30/bvg/b09/mcs30_b09_s60.A89 fileNameGt=../graphsdb/mcs30/bvg/b09/mcs30_b09_s60.B89
Reading graphs...
60 :  264
60 :  265
Initializing...
maxdom : 9
D->valSize : 224
Solving...
Blb : 3 (clique : 14)
currentSize : 14 <-- 0.002396 s
currentSize : 15 <-- 0.024988 s
currentSize : 16 <-- 0.033430 s
currentSize : 18 <-- 0.034579 s
currentSize : 20 <-- 0.046201 s

maxsize : 20
nodes : 313691.000000
filtered : 2371825.000000
time : 1.558110
