Parameters: GAD=1 vflib=1 dir=0 label=1 lowerbound=1 fileNameGp=../graphsdb/mcs30/bvg/b09m/mcs30_b09m_s80.A44 fileNameGt=../graphsdb/mcs30/bvg/b09m/mcs30_b09m_s80.B44
Reading graphs...
80 :  352
80 :  354
Initializing...
maxdom : 10
D->valSize : 443
Solving...
Blb : 2 (clique : 19)
currentSize : 19 <-- 0.006959 s
currentSize : 20 <-- 0.081451 s
currentSize : 21 <-- 1.895282 s
currentSize : 22 <-- 2.289567 s
currentSize : 23 <-- 6.250892 s
currentSize : 24 <-- 6.305143 s
currentSize : 25 <-- 9.154410 s
currentSize : 26 <-- 109.801567 s
currentSize : 27 <-- 460.566010 s
currentSize : 28 <-- 1362.366699 s

maxsize : 28
nodes : 423684869.000000
filtered : 5314081133.000000
time : 2353.243896
