Parameters: GAD=1 vflib=1 dir=0 label=1 lowerbound=1 fileNameGp=../graphsdb/mcs30/m4D/m4Dr4/mcs30_m4Dr4_s60.A48 fileNameGt=../graphsdb/mcs30/m4D/m4Dr4/mcs30_m4Dr4_s60.B48
Reading graphs...
60 :  125
60 :  125
Initializing...
maxdom : 7
D->valSize : 226
Solving...
Blb : 3 (clique : 20)
currentSize : 20 <-- 0.001636 s
currentSize : 21 <-- 0.021065 s
currentSize : 22 <-- 0.085975 s
currentSize : 23 <-- 0.086693 s
currentSize : 24 <-- 1.004244 s
currentSize : 25 <-- 5.823769 s
currentSize : 26 <-- 12.906727 s

maxsize : 26
nodes : 179538278.000000
filtered : 1152168511.000000
time : 702.149109
