Parameters: GAD=1 vflib=1 dir=0 label=1 lowerbound=1 fileNameGp=../graphsdb/mcs30/m2D/m2Dr6/mcs30_m2Dr6_s100.A07 fileNameGt=../graphsdb/mcs30/m2D/m2Dr6/mcs30_m2Dr6_s100.B07
Reading graphs...
100 :  237
100 :  236
Initializing...
maxdom : 6
D->valSize : 343
Solving...
Blb : 3 (clique : 27)
currentSize : 27 <-- 0.005602 s
currentSize : 28 <-- 0.069198 s
currentSize : 29 <-- 2.560812 s
currentSize : 30 <-- 22.721689 s
currentSize : 31 <-- 25.152676 s
currentSize : 32 <-- 248.857056 s

TIMEOUT
maxsize : 32
nodes : 825440694.000000
filtered : 2697545843.000000
time : 3600.000000
