Parameters: GAD=1 vflib=1 dir=0 label=1 lowerbound=1 fileNameGp=../graphsdb/mcs30/bvg/b03/mcs30_b03_s100.A29 fileNameGt=../graphsdb/mcs30/bvg/b03/mcs30_b03_s100.B29
Reading graphs...
100 :  149
100 :  149
Initializing...
maxdom : 6
D->valSize : 329
Solving...
Blb : 2 (clique : 34)
currentSize : 34 <-- 0.003286 s
currentSize : 36 <-- 0.003829 s
currentSize : 37 <-- 0.022953 s
currentSize : 38 <-- 0.242310 s
currentSize : 39 <-- 12.669336 s
currentSize : 40 <-- 15.426375 s
currentSize : 41 <-- 356.601013 s
currentSize : 42 <-- 1735.463257 s

TIMEOUT
maxsize : 42
nodes : 746230295.000000
filtered : 2780247775.000000
time : 3600.000000
