Parameters: GAD=1 vflib=1 dir=0 label=1 lowerbound=1 fileNameGp=../graphsdb/mcs30/rand/r001/mcs30_r001_s100.A44 fileNameGt=../graphsdb/mcs30/rand/r001/mcs30_r001_s100.B44
Reading graphs...
100 :  120
100 :  120
Initializing...
maxdom : 7
D->valSize : 343
Solving...
Blb : 2 (clique : 38)
currentSize : 38 <-- 0.005815 s
currentSize : 39 <-- 0.006243 s
currentSize : 40 <-- 0.007767 s
currentSize : 41 <-- 1.632651 s
currentSize : 42 <-- 120.747452 s
currentSize : 43 <-- 387.441925 s
currentSize : 44 <-- 454.134521 s
currentSize : 45 <-- 1248.576782 s

TIMEOUT
maxsize : 45
nodes : 861139312.000000
filtered : 2908749205.000000
time : 3600.000000
