Parameters: GAD=1 vflib=1 dir=0 label=1 lowerbound=1 fileNameGp=../graphsdb/mcs30/m2D/m2Dr4/mcs30_m2Dr4_s70.A06 fileNameGt=../graphsdb/mcs30/m2D/m2Dr4/mcs30_m2Dr4_s70.B06
Reading graphs...
70 :  149
70 :  147
Initializing...
maxdom : 7
D->valSize : 316
Solving...
Blb : 3 (clique : 24)
currentSize : 24 <-- 0.002710 s
currentSize : 25 <-- 0.007023 s
currentSize : 26 <-- 0.012062 s
currentSize : 27 <-- 0.017299 s
currentSize : 28 <-- 0.653291 s
currentSize : 29 <-- 0.670528 s
currentSize : 30 <-- 30.206932 s
currentSize : 31 <-- 30.207535 s
currentSize : 32 <-- 30.239748 s

maxsize : 32
nodes : 378528527.000000
filtered : 3336142040.000000
time : 1818.306519
