Parameters: GAD=1 vflib=1 dir=0 label=1 lowerbound=1 fileNameGp=../graphsdb/mcs30/m3D/m3Dr2/mcs30_m3Dr2_s100.A90 fileNameGt=../graphsdb/mcs30/m3D/m3Dr2/mcs30_m3Dr2_s100.B90
Reading graphs...
100 :  253
100 :  249
Initializing...
maxdom : 8
D->valSize : 383
Solving...
Blb : 2 (clique : 28)
currentSize : 28 <-- 0.004003 s
currentSize : 29 <-- 0.057451 s
currentSize : 30 <-- 0.068179 s
currentSize : 31 <-- 0.660511 s
currentSize : 32 <-- 411.558228 s
currentSize : 33 <-- 416.874390 s
currentSize : 34 <-- 1387.258911 s

TIMEOUT
maxsize : 34
nodes : 746915323.000000
filtered : 4179902291.000000
time : 3600.000000
