Parameters: GAD=1 vflib=1 dir=0 label=1 lowerbound=1 fileNameGp=../graphsdb/mcs30/m2D/m2Dr6/mcs30_m2Dr6_s60.A51 fileNameGt=../graphsdb/mcs30/m2D/m2Dr6/mcs30_m2Dr6_s60.B51
Reading graphs...
60 :  139
60 :  138
Initializing...
maxdom : 12
D->valSize : 238
Solving...
Blb : 2 (clique : 18)
currentSize : 18 <-- 0.001734 s
currentSize : 19 <-- 0.001894 s
currentSize : 20 <-- 0.003311 s
currentSize : 21 <-- 0.655952 s
currentSize : 22 <-- 4.168439 s
currentSize : 23 <-- 363.352966 s

maxsize : 23
nodes : 111359420.000000
filtered : 987201929.000000
time : 459.178680
