Parameters: GAD=1 vflib=1 dir=0 label=1 lowerbound=1 fileNameGp=../graphsdb/mcs30/m4D/m4Dr4/mcs30_m4Dr4_s50.A68 fileNameGt=../graphsdb/mcs30/m4D/m4Dr4/mcs30_m4Dr4_s50.B68
Reading graphs...
50 :  105
50 :  106
Initializing...
maxdom : 10
D->valSize : 348
Solving...
Blb : 2 (clique : 18)
currentSize : 18 <-- 0.002722 s
currentSize : 19 <-- 0.004142 s
currentSize : 20 <-- 0.062385 s
currentSize : 21 <-- 1.737706 s
currentSize : 22 <-- 110.732979 s
currentSize : 23 <-- 265.432831 s

maxsize : 23
nodes : 111136205.000000
filtered : 1623335736.000000
time : 501.010468
