Parameters: GAD=1 vflib=1 dir=0 label=1 lowerbound=1 fileNameGp=../graphsdb/mcs30/rand/r02/mcs30_r02_s70.A62 fileNameGt=../graphsdb/mcs30/rand/r02/mcs30_r02_s70.B62
Reading graphs...
70 :  860
70 :  873
Initializing...
maxdom : 10
D->valSize : 375
Solving...
Blb : 2 (clique : 8)
currentSize : 8 <-- 0.003112 s
currentSize : 9 <-- 0.003213 s
currentSize : 10 <-- 0.005629 s
currentSize : 12 <-- 0.013990 s
currentSize : 13 <-- 0.014148 s
currentSize : 14 <-- 0.066612 s
currentSize : 17 <-- 0.066681 s
currentSize : 20 <-- 0.066847 s

maxsize : 20
nodes : 27087.000000
filtered : 596068.000000
time : 0.161554
