Parameters: GAD=1 vflib=1 dir=0 label=1 lowerbound=1 fileNameGp=../graphsdb/mcs30/bvg/b09m/mcs30_b09m_s50.A92 fileNameGt=../graphsdb/mcs30/bvg/b09m/mcs30_b09m_s50.B92
Reading graphs...
50 :  217
50 :  217
Initializing...
maxdom : 12
D->valSize : 316
Solving...
Blb : 3 (clique : 11)
currentSize : 11 <-- 0.003403 s
currentSize : 12 <-- 0.007339 s
currentSize : 13 <-- 0.014572 s
currentSize : 14 <-- 0.078683 s
currentSize : 15 <-- 0.182858 s
currentSize : 16 <-- 0.468234 s
currentSize : 17 <-- 1.104492 s
currentSize : 18 <-- 1.757282 s

maxsize : 18
nodes : 1745816.000000
filtered : 35313452.000000
time : 8.261879
