Parameters: GAD=1 vflib=1 dir=0 label=1 lowerbound=1 fileNameGp=../graphsdb/mcs30/rand/r005/mcs30_r005_s50.A90 fileNameGt=../graphsdb/mcs30/rand/r005/mcs30_r005_s50.B90
Reading graphs...
50 :  123
50 :  125
Initializing...
maxdom : 10
D->valSize : 310
Solving...
Blb : 2 (clique : 17)
currentSize : 17 <-- 0.002290 s
currentSize : 18 <-- 0.002386 s
currentSize : 19 <-- 0.002426 s
currentSize : 20 <-- 0.006781 s
currentSize : 21 <-- 0.061240 s
currentSize : 22 <-- 6.622307 s

maxsize : 22
nodes : 9520276.000000
filtered : 132455868.000000
time : 41.658337
