Parameters: GAD=1 vflib=1 dir=0 label=1 lowerbound=1 fileNameGp=../graphsdb/mcs30/m3D/m3Dr6/mcs30_m3Dr6_s100.A69 fileNameGt=../graphsdb/mcs30/m3D/m3Dr6/mcs30_m3Dr6_s100.B69
Reading graphs...
100 :  292
100 :  290
Initializing...
maxdom : 7
D->valSize : 322
Solving...
Blb : 2 (clique : 27)
currentSize : 27 <-- 0.005121 s
currentSize : 28 <-- 0.018967 s
currentSize : 29 <-- 0.962990 s
currentSize : 30 <-- 1.805327 s
currentSize : 31 <-- 5.521439 s
currentSize : 32 <-- 6.117998 s
currentSize : 33 <-- 2890.411377 s

TIMEOUT
maxsize : 33
nodes : 754896901.000000
filtered : 3902566140.000000
time : 3600.000000
