Parameters: GAD=1 vflib=1 dir=0 label=1 lowerbound=1 fileNameGp=../graphsdb/mcs30/m2D/m2D/mcs30_m2D_s100.A26 fileNameGt=../graphsdb/mcs30/m2D/m2D/mcs30_m2D_s100.B26
Reading graphs...
100 :  180
100 :  179
Initializing...
maxdom : 7
D->valSize : 349
Solving...
Blb : 2 (clique : 31)
currentSize : 31 <-- 0.003639 s
currentSize : 32 <-- 0.004061 s
currentSize : 33 <-- 0.004319 s
currentSize : 34 <-- 0.006808 s
currentSize : 35 <-- 0.016302 s
currentSize : 36 <-- 0.102886 s
currentSize : 37 <-- 8.359542 s

TIMEOUT
maxsize : 37
nodes : 780714661.000000
filtered : 3554942414.000000
time : 3600.000000
