Parameters: GAD=1 vflib=1 dir=0 label=1 lowerbound=1 fileNameGp=../graphsdb/mcs30/rand/r01/mcs30_r01_s50.A56 fileNameGt=../graphsdb/mcs30/rand/r01/mcs30_r01_s50.B56
Reading graphs...
50 :  237
50 :  230
Initializing...
maxdom : 8
D->valSize : 326
Solving...
Blb : 2 (clique : 12)
currentSize : 12 <-- 0.002258 s
currentSize : 13 <-- 0.002349 s
currentSize : 14 <-- 0.769533 s
currentSize : 15 <-- 1.872680 s
currentSize : 16 <-- 2.448231 s

maxsize : 16
nodes : 1737179.000000
filtered : 23524574.000000
time : 7.584455
