Parameters: GAD=1 vflib=1 dir=0 label=1 lowerbound=1 fileNameGp=../graphsdb/mcs30/m2D/m2Dr2/mcs30_m2Dr2_s70.A21 fileNameGt=../graphsdb/mcs30/m2D/m2Dr2/mcs30_m2Dr2_s70.B21
Reading graphs...
70 :  136
70 :  134
Initializing...
maxdom : 8
D->valSize : 347
Solving...
Blb : 2 (clique : 25)
currentSize : 25 <-- 0.003461 s
currentSize : 26 <-- 0.006036 s
currentSize : 27 <-- 609.438232 s
currentSize : 28 <-- 609.490295 s
currentSize : 29 <-- 1611.333740 s
currentSize : 30 <-- 1611.334229 s

TIMEOUT
maxsize : 30
nodes : 942196935.000000
filtered : 5490842308.000000
time : 3600.000000
