Parameters: GAD=1 vflib=1 dir=0 label=1 lowerbound=1 fileNameGp=../graphsdb/mcs30/m2D/m2Dr2/mcs30_m2Dr2_s80.A44 fileNameGt=../graphsdb/mcs30/m2D/m2Dr2/mcs30_m2Dr2_s80.B44
Reading graphs...
80 :  156
80 :  156
Initializing...
maxdom : 8
D->valSize : 376
Solving...
Blb : 2 (clique : 24)
currentSize : 24 <-- 0.003618 s
currentSize : 26 <-- 0.003789 s
currentSize : 27 <-- 0.003816 s
currentSize : 28 <-- 0.048110 s
currentSize : 29 <-- 0.106626 s
currentSize : 30 <-- 1.183357 s
currentSize : 31 <-- 1.429494 s
currentSize : 32 <-- 5.658272 s
currentSize : 33 <-- 223.154724 s

TIMEOUT
maxsize : 33
nodes : 759096018.000000
filtered : 5514153820.000000
time : 3600.000000
