Parameters: GAD=1 vflib=1 dir=0 label=1 lowerbound=1 fileNameGp=../graphsdb/mcs30/bvg/b03/mcs30_b03_s40.A46 fileNameGt=../graphsdb/mcs30/bvg/b03/mcs30_b03_s40.B46
Reading graphs...
40 :  60
40 :  60
Initializing...
maxdom : 8
D->valSize : 193
Solving...
Blb : 2 (clique : 17)
currentSize : 17 <-- 0.001298 s
currentSize : 18 <-- 0.011484 s
currentSize : 19 <-- 0.011930 s
currentSize : 20 <-- 0.063498 s
currentSize : 21 <-- 0.114030 s

maxsize : 21
nodes : 814573.000000
filtered : 7769882.000000
time : 2.968071
