Parameters: GAD=1 vflib=1 dir=0 label=1 lowerbound=1 fileNameGp=../graphsdb/mcs30/bvg/b09/mcs30_b09_s70.A41 fileNameGt=../graphsdb/mcs30/bvg/b09/mcs30_b09_s70.B41
Reading graphs...
70 :  313
70 :  307
Initializing...
maxdom : 10
D->valSize : 336
Solving...
Blb : 2 (clique : 14)
currentSize : 14 <-- 0.004292 s
currentSize : 15 <-- 0.004584 s
currentSize : 16 <-- 0.005623 s
currentSize : 17 <-- 0.079297 s
currentSize : 18 <-- 0.119589 s
currentSize : 19 <-- 0.119668 s
currentSize : 20 <-- 0.200884 s
currentSize : 21 <-- 18.410093 s
currentSize : 22 <-- 40.585567 s
currentSize : 23 <-- 42.461845 s
currentSize : 24 <-- 123.796379 s

maxsize : 24
nodes : 32203762.000000
filtered : 365366419.000000
time : 158.660919
