Parameters: GAD=1 vflib=1 dir=0 label=1 lowerbound=1 fileNameGp=../graphsdb/mcs30/m3D/m3Dr6/mcs30_m3Dr6_s80.A13 fileNameGt=../graphsdb/mcs30/m3D/m3Dr6/mcs30_m3Dr6_s80.B13
Reading graphs...
80 :  229
80 :  230
Initializing...
maxdom : 8
D->valSize : 407
Solving...
Blb : 2 (clique : 23)
currentSize : 23 <-- 0.006480 s
currentSize : 24 <-- 0.453357 s
currentSize : 25 <-- 3.891057 s
currentSize : 26 <-- 6.432607 s
currentSize : 27 <-- 8.580827 s
currentSize : 28 <-- 264.579437 s
currentSize : 29 <-- 557.887390 s
currentSize : 30 <-- 650.173645 s

TIMEOUT
maxsize : 30
nodes : 719882299.000000
filtered : 5798896419.000000
time : 3600.000000
