Parameters: GAD=1 vflib=1 dir=0 label=1 lowerbound=1 fileNameGp=../graphsdb/mcs30/m2D/m2D/mcs30_m2D_s60.A79 fileNameGt=../graphsdb/mcs30/m2D/m2D/mcs30_m2D_s60.B79
Reading graphs...
60 :  104
60 :  102
Initializing...
maxdom : 7
D->valSize : 236
Solving...
Blb : 2 (clique : 22)
currentSize : 22 <-- 0.001879 s
currentSize : 23 <-- 0.124095 s
currentSize : 24 <-- 0.200568 s
currentSize : 25 <-- 0.482794 s
currentSize : 26 <-- 27.968588 s

maxsize : 26
nodes : 18126729.000000
filtered : 131345048.000000
time : 73.348633
