Parameters: GAD=1 vflib=1 dir=0 label=1 lowerbound=1 fileNameGp=../graphsdb/mcs30/m4D/m4Dr6/mcs30_m4Dr6_s90.A51 fileNameGt=../graphsdb/mcs30/m4D/m4Dr6/mcs30_m4Dr6_s90.B51
Reading graphs...
90 :  200
90 :  196
Initializing...
maxdom : 11
D->valSize : 551
Solving...
Blb : 2 (clique : 28)
currentSize : 28 <-- 0.010575 s
currentSize : 29 <-- 0.011688 s
currentSize : 30 <-- 0.555230 s
currentSize : 31 <-- 1.882679 s
currentSize : 32 <-- 7.889045 s
currentSize : 33 <-- 15.439182 s
currentSize : 34 <-- 3554.715332 s

TIMEOUT
maxsize : 34
nodes : 736236670.000000
filtered : 5664986072.000000
time : 3600.000000
