Parameters: GAD=1 vflib=1 dir=0 label=1 lowerbound=1 fileNameGp=../graphsdb/mcs30/m4D/m4Dr6/mcs30_m4Dr6_s60.A59 fileNameGt=../graphsdb/mcs30/m4D/m4Dr6/mcs30_m4Dr6_s60.B59
Reading graphs...
60 :  133
60 :  133
Initializing...
maxdom : 7
D->valSize : 250
Solving...
Blb : 2 (clique : 18)
currentSize : 18 <-- 0.001900 s
currentSize : 19 <-- 0.005712 s
currentSize : 20 <-- 0.025681 s
currentSize : 21 <-- 0.075441 s
currentSize : 22 <-- 0.109700 s
currentSize : 23 <-- 0.785942 s
currentSize : 24 <-- 78.066528 s
currentSize : 25 <-- 78.188957 s

maxsize : 25
nodes : 61641259.000000
filtered : 443217833.000000
time : 246.492050
