Parameters: GAD=1 vflib=1 dir=0 label=1 lowerbound=1 fileNameGp=../graphsdb/mcs30/m2D/m2Dr4/mcs30_m2Dr4_s50.A90 fileNameGt=../graphsdb/mcs30/m2D/m2Dr4/mcs30_m2Dr4_s50.B90
Reading graphs...
50 :  102
50 :  102
Initializing...
maxdom : 10
D->valSize : 337
Solving...
Blb : 5 (clique : 18)
currentSize : 18 <-- 0.002573 s
currentSize : 19 <-- 0.003046 s
currentSize : 20 <-- 0.008081 s
currentSize : 21 <-- 8.970971 s
currentSize : 22 <-- 9.801727 s
currentSize : 23 <-- 1847.250000 s

maxsize : 23
nodes : 691783535.000000
filtered : 8616091633.000000
time : 2722.430420
