Parameters: GAD=1 vflib=1 dir=0 label=1 lowerbound=1 fileNameGp=../graphsdb/mcs30/m2D/m2Dr6/mcs30_m2Dr6_s70.A34 fileNameGt=../graphsdb/mcs30/m2D/m2Dr6/mcs30_m2Dr6_s70.B34
Reading graphs...
70 :  163
70 :  161
Initializing...
maxdom : 12
D->valSize : 410
Solving...
Blb : 2 (clique : 25)
currentSize : 25 <-- 0.003951 s
currentSize : 27 <-- 0.004321 s
currentSize : 28 <-- 0.004387 s
currentSize : 29 <-- 0.004736 s
currentSize : 30 <-- 0.993448 s
currentSize : 31 <-- 0.994149 s
currentSize : 32 <-- 1.141702 s
currentSize : 33 <-- 411.439819 s

maxsize : 33
nodes : 109862577.000000
filtered : 1542412103.000000
time : 638.662903
