Parameters: GAD=1 vflib=1 dir=0 label=1 lowerbound=1 fileNameGp=../graphsdb/mcs30/bvg/b03/mcs30_b03_s50.A57 fileNameGt=../graphsdb/mcs30/bvg/b03/mcs30_b03_s50.B57
Reading graphs...
50 :  74
50 :  74
Initializing...
maxdom : 9
D->valSize : 312
Solving...
Blb : 2 (clique : 20)
currentSize : 20 <-- 0.002400 s
currentSize : 22 <-- 0.002511 s
currentSize : 23 <-- 0.009886 s
currentSize : 24 <-- 0.042868 s
currentSize : 25 <-- 954.781677 s
currentSize : 26 <-- 960.685547 s

TIMEOUT
maxsize : 26
nodes : 963921595.000000
filtered : 9486117574.000000
time : 3600.000000
