Parameters: GAD=1 vflib=1 dir=0 label=1 lowerbound=1 fileNameGp=../graphsdb/mcs30/bvg/b03m/mcs30_b03m_s50.A36 fileNameGt=../graphsdb/mcs30/bvg/b03m/mcs30_b03m_s50.B36
Reading graphs...
50 :  75
50 :  74
Initializing...
maxdom : 9
D->valSize : 312
Solving...
Blb : 2 (clique : 21)
currentSize : 21 <-- 0.002302 s
currentSize : 22 <-- 0.002512 s
currentSize : 23 <-- 15.756455 s
currentSize : 24 <-- 25.284369 s
currentSize : 25 <-- 44.532436 s

maxsize : 25
nodes : 186726301.000000
filtered : 2406099643.000000
time : 784.081421
