Parameters: GAD=1 vflib=1 dir=0 label=1 lowerbound=1 fileNameGp=../graphsdb/mcs30/bvg/b09/mcs30_b09_s100.A77 fileNameGt=../graphsdb/mcs30/bvg/b09/mcs30_b09_s100.B77
Reading graphs...
100 :  443
100 :  446
Initializing...
maxdom : 8
D->valSize : 314
Solving...
Blb : 5 (clique : 27)
currentSize : 27 <-- 0.003276 s
currentSize : 28 <-- 26.820473 s
currentSize : 29 <-- 583.687134 s
currentSize : 30 <-- 583.688599 s
currentSize : 31 <-- 585.235535 s
currentSize : 32 <-- 585.969299 s
currentSize : 33 <-- 592.449341 s
currentSize : 34 <-- 593.336792 s

maxsize : 34
nodes : 265264896.000000
filtered : 1512072239.000000
time : 1450.743774
