Parameters: GAD=1 vflib=1 dir=0 label=1 lowerbound=1 fileNameGp=../graphsdb/mcs30/bvg/b03m/mcs30_b03m_s25.A78 fileNameGt=../graphsdb/mcs30/bvg/b03m/mcs30_b03m_s25.B78
Reading graphs...
25 :  37
25 :  36
Initializing...
maxdom : 10
D->valSize : 154
Solving...
Blb : 2 (clique : 9)
currentSize : 9 <-- 0.000813 s
currentSize : 10 <-- 0.000924 s
currentSize : 12 <-- 0.001055 s
currentSize : 13 <-- 0.001487 s
currentSize : 14 <-- 0.013289 s

maxsize : 14
nodes : 17578.000000
filtered : 80360.000000
time : 0.033997
