Parameters: GAD=1 vflib=1 dir=0 label=1 lowerbound=1 fileNameGp=../graphsdb/mcs30/m2D/m2Dr6/mcs30_m2Dr6_s80.A22 fileNameGt=../graphsdb/mcs30/m2D/m2Dr6/mcs30_m2Dr6_s80.B22
Reading graphs...
80 :  190
80 :  188
Initializing...
maxdom : 9
D->valSize : 412
Solving...
Blb : 2 (clique : 21)
currentSize : 21 <-- 0.006597 s
currentSize : 22 <-- 0.006852 s
currentSize : 23 <-- 0.006961 s
currentSize : 24 <-- 0.009101 s
currentSize : 25 <-- 0.039905 s
currentSize : 26 <-- 0.062006 s
currentSize : 27 <-- 0.081902 s
currentSize : 28 <-- 0.083314 s
currentSize : 29 <-- 8.283147 s

TIMEOUT
maxsize : 29
nodes : 798965701.000000
filtered : 6489002053.000000
time : 3600.000000
