Parameters: GAD=1 vflib=1 dir=0 label=1 lowerbound=1 fileNameGp=../graphsdb/mcs30/rand/r02/mcs30_r02_s70.A79 fileNameGt=../graphsdb/mcs30/rand/r02/mcs30_r02_s70.B79
Reading graphs...
70 :  872
70 :  853
Initializing...
maxdom : 7
D->valSize : 316
Solving...
Blb : 2 (clique : 7)
currentSize : 7 <-- 0.002505 s
currentSize : 8 <-- 0.002615 s
currentSize : 9 <-- 0.002837 s
currentSize : 10 <-- 0.003467 s
currentSize : 11 <-- 0.003533 s
currentSize : 12 <-- 0.009237 s
currentSize : 14 <-- 0.028555 s
currentSize : 18 <-- 0.115559 s

maxsize : 18
nodes : 40779.000000
filtered : 619967.000000
time : 0.215320
