Parameters: GAD=1 vflib=1 dir=0 label=1 lowerbound=1 fileNameGp=../graphsdb/mcs30/m3D/m3Dr2/mcs30_m3Dr2_s80.A84 fileNameGt=../graphsdb/mcs30/m3D/m3Dr2/mcs30_m3Dr2_s80.B84
Reading graphs...
80 :  196
80 :  194
Initializing...
maxdom : 10
D->valSize : 405
Solving...
Blb : 5 (clique : 23)
currentSize : 23 <-- 0.006342 s
currentSize : 24 <-- 0.006593 s
currentSize : 25 <-- 0.009884 s
currentSize : 26 <-- 4.305383 s
currentSize : 27 <-- 9.527084 s
currentSize : 28 <-- 30.680538 s
currentSize : 29 <-- 146.121292 s
currentSize : 30 <-- 1660.525146 s

TIMEOUT
maxsize : 30
nodes : 817526366.000000
filtered : 5846347614.000000
time : 3600.000000
