Parameters: GAD=1 vflib=1 dir=0 label=1 lowerbound=1 fileNameGp=../graphsdb/mcs30/rand/r01/mcs30_r01_s80.A59 fileNameGt=../graphsdb/mcs30/rand/r01/mcs30_r01_s80.B59
Reading graphs...
80 :  596
80 :  595
Initializing...
maxdom : 11
D->valSize : 434
Solving...
Blb : 2 (clique : 13)
currentSize : 13 <-- 0.007011 s
currentSize : 14 <-- 0.007449 s
currentSize : 15 <-- 0.029106 s
currentSize : 16 <-- 0.227261 s
currentSize : 17 <-- 2.133732 s
currentSize : 19 <-- 2.139203 s
currentSize : 21 <-- 8.405075 s
currentSize : 22 <-- 22.018597 s
currentSize : 23 <-- 22.018684 s

maxsize : 23
nodes : 7173418.000000
filtered : 105914809.000000
time : 42.168591
