Parameters: GAD=1 vflib=1 dir=0 label=1 lowerbound=1 fileNameGp=../graphsdb/mcs30/bvg/b09m/mcs30_b09m_s70.A39 fileNameGt=../graphsdb/mcs30/bvg/b09m/mcs30_b09m_s70.B39
Reading graphs...
70 :  304
70 :  305
Initializing...
maxdom : 10
D->valSize : 336
Solving...
Blb : 2 (clique : 14)
currentSize : 14 <-- 0.002788 s
currentSize : 15 <-- 0.002892 s
currentSize : 16 <-- 0.005533 s
currentSize : 17 <-- 0.009680 s
currentSize : 18 <-- 0.027303 s
currentSize : 19 <-- 0.067495 s
currentSize : 20 <-- 0.137845 s
currentSize : 21 <-- 0.204748 s
currentSize : 22 <-- 44.173801 s

maxsize : 22
nodes : 39503034.000000
filtered : 458317068.000000
time : 192.391663
