Parameters: GAD=1 vflib=1 dir=0 label=1 lowerbound=1 fileNameGp=../graphsdb/mcs30/rand/r01/mcs30_r01_s40.A14 fileNameGt=../graphsdb/mcs30/rand/r01/mcs30_r01_s40.B14
Reading graphs...
40 :  150
40 :  145
Initializing...
maxdom : 8
D->valSize : 218
Solving...
Blb : 2 (clique : 9)
currentSize : 9 <-- 0.001889 s
currentSize : 10 <-- 0.001976 s
currentSize : 11 <-- 0.002011 s
currentSize : 12 <-- 0.002927 s
currentSize : 13 <-- 0.072598 s
currentSize : 14 <-- 0.244093 s

maxsize : 14
nodes : 138929.000000
filtered : 1744467.000000
time : 0.546773
