Parameters: GAD=1 vflib=1 dir=0 label=1 lowerbound=1 fileNameGp=../graphsdb/mcs30/m4D/m4D/mcs30_m4D_s60.A70 fileNameGt=../graphsdb/mcs30/m4D/m4D/mcs30_m4D_s60.B70
Reading graphs...
60 :  102
60 :  102
Initializing...
maxdom : 6
D->valSize : 251
Solving...
Blb : 2 (clique : 23)
currentSize : 23 <-- 0.001969 s
currentSize : 24 <-- 0.002963 s
currentSize : 25 <-- 0.003840 s
currentSize : 26 <-- 13.949651 s
currentSize : 27 <-- 184.238373 s
currentSize : 28 <-- 425.369720 s
currentSize : 29 <-- 1945.250732 s

maxsize : 29
nodes : 811241177.000000
filtered : 5712772902.000000
time : 3216.576660
