Parameters: GAD=1 vflib=1 dir=0 label=1 lowerbound=1 fileNameGp=../graphsdb/mcs30/rand/r02/mcs30_r02_s90.A97 fileNameGt=../graphsdb/mcs30/rand/r02/mcs30_r02_s90.B97
Reading graphs...
90 :  1427
90 :  1422
Initializing...
maxdom : 8
D->valSize : 531
Solving...
Blb : 5 (clique : 8)
currentSize : 8 <-- 0.005595 s
currentSize : 9 <-- 0.007201 s
currentSize : 10 <-- 0.007536 s
currentSize : 12 <-- 0.050767 s
currentSize : 13 <-- 0.085145 s
currentSize : 14 <-- 0.176357 s
currentSize : 15 <-- 0.177391 s
currentSize : 16 <-- 0.217515 s
currentSize : 17 <-- 0.217707 s
currentSize : 18 <-- 0.218566 s
currentSize : 20 <-- 0.453734 s
currentSize : 21 <-- 0.465636 s
currentSize : 22 <-- 0.552290 s

maxsize : 22
nodes : 174910.000000
filtered : 4299072.000000
time : 1.216771
