Parameters: GAD=1 vflib=1 dir=0 label=1 lowerbound=1 fileNameGp=../graphsdb/mcs30/bvg/b06m/mcs30_b06m_s60.A76 fileNameGt=../graphsdb/mcs30/bvg/b06m/mcs30_b06m_s60.B76
Reading graphs...
60 :  176
60 :  176
Initializing...
maxdom : 8
D->valSize : 238
Solving...
Blb : 2 (clique : 16)
currentSize : 16 <-- 0.001908 s
currentSize : 17 <-- 0.016731 s
currentSize : 18 <-- 0.089039 s
currentSize : 19 <-- 0.656316 s
currentSize : 20 <-- 2.366962 s
currentSize : 21 <-- 3.073305 s
currentSize : 23 <-- 6.694197 s
currentSize : 24 <-- 7.182093 s

maxsize : 24
nodes : 2952402.000000
filtered : 19108948.000000
time : 11.677648
