Parameters: GAD=1 vflib=1 dir=0 label=1 lowerbound=1 fileNameGp=../graphsdb/mcs30/rand/r02/mcs30_r02_s70.A56 fileNameGt=../graphsdb/mcs30/rand/r02/mcs30_r02_s70.B56
Reading graphs...
70 :  883
70 :  876
Initializing...
maxdom : 7
D->valSize : 316
Solving...
Blb : 2 (clique : 9)
currentSize : 9 <-- 0.002505 s
currentSize : 10 <-- 0.002846 s
currentSize : 11 <-- 0.003446 s
currentSize : 12 <-- 0.036871 s
currentSize : 14 <-- 0.046749 s
currentSize : 17 <-- 0.117711 s

maxsize : 17
nodes : 73296.000000
filtered : 982299.000000
time : 0.369041
