Parameters: GAD=1 vflib=1 dir=0 label=1 lowerbound=1 fileNameGp=../graphsdb/mcs30/m2D/m2Dr4/mcs30_m2Dr4_s90.A90 fileNameGt=../graphsdb/mcs30/m2D/m2Dr4/mcs30_m2Dr4_s90.B90
Reading graphs...
90 :  196
90 :  192
Initializing...
maxdom : 11
D->valSize : 555
Solving...
Blb : 2 (clique : 28)
currentSize : 28 <-- 0.006743 s
currentSize : 29 <-- 0.007246 s
currentSize : 30 <-- 0.070107 s
currentSize : 31 <-- 3.141541 s
currentSize : 32 <-- 8.805225 s
currentSize : 33 <-- 3123.750244 s

TIMEOUT
maxsize : 33
nodes : 876107668.000000
filtered : 5563979423.000000
time : 3600.000000
