Parameters: GAD=1 vflib=1 dir=0 label=1 lowerbound=1 fileNameGp=../graphsdb/mcs30/bvg/b03/mcs30_b03_s70.A38 fileNameGt=../graphsdb/mcs30/bvg/b03/mcs30_b03_s70.B38
Reading graphs...
70 :  104
70 :  104
Initializing...
maxdom : 8
D->valSize : 317
Solving...
Blb : 3 (clique : 29)
currentSize : 29 <-- 0.002852 s
currentSize : 30 <-- 0.014122 s
currentSize : 31 <-- 0.016006 s
currentSize : 32 <-- 0.024209 s
currentSize : 33 <-- 0.056206 s
currentSize : 34 <-- 0.132584 s
currentSize : 35 <-- 41.400566 s

TIMEOUT
maxsize : 35
nodes : 818417221.000000
filtered : 5506730849.000000
time : 3600.000000
