Parameters: GAD=1 vflib=1 dir=0 label=1 lowerbound=1 fileNameGp=../graphsdb/mcs30/bvg/b09m/mcs30_b09m_s70.A54 fileNameGt=../graphsdb/mcs30/bvg/b09m/mcs30_b09m_s70.B54
Reading graphs...
70 :  309
70 :  305
Initializing...
maxdom : 8
D->valSize : 337
Solving...
Blb : 3 (clique : 18)
currentSize : 18 <-- 0.002741 s
currentSize : 19 <-- 0.052885 s
currentSize : 20 <-- 0.087198 s
currentSize : 21 <-- 0.088765 s
currentSize : 22 <-- 0.094829 s
currentSize : 23 <-- 0.229354 s
currentSize : 24 <-- 0.299636 s

maxsize : 24
nodes : 23095134.000000
filtered : 228783833.000000
time : 113.034332
