Parameters: GAD=1 vflib=1 dir=0 label=1 lowerbound=1 fileNameGp=../graphsdb/mcs30/bvg/b03m/mcs30_b03m_s60.A60 fileNameGt=../graphsdb/mcs30/bvg/b03m/mcs30_b03m_s60.B60
Reading graphs...
60 :  90
60 :  90
Initializing...
maxdom : 6
D->valSize : 250
Solving...
Blb : 2 (clique : 26)
currentSize : 26 <-- 0.001972 s
currentSize : 27 <-- 0.003160 s
currentSize : 28 <-- 0.009508 s
currentSize : 29 <-- 0.014383 s
currentSize : 30 <-- 0.331688 s

maxsize : 30
nodes : 533585181.000000
filtered : 4222520344.000000
time : 2297.445557
