Parameters: GAD=1 vflib=1 dir=0 label=1 lowerbound=1 fileNameGp=../graphsdb/mcs30/m4D/m4Dr4/mcs30_m4Dr4_s70.A84 fileNameGt=../graphsdb/mcs30/m4D/m4Dr4/mcs30_m4Dr4_s70.B84
Reading graphs...
70 :  145
70 :  145
Initializing...
maxdom : 9
D->valSize : 307
Solving...
Blb : 2 (clique : 22)
currentSize : 22 <-- 0.002671 s
currentSize : 23 <-- 0.537356 s
currentSize : 24 <-- 0.974173 s
currentSize : 25 <-- 1.085671 s
currentSize : 26 <-- 29.248377 s
currentSize : 27 <-- 29.249931 s
currentSize : 28 <-- 30.824987 s
currentSize : 29 <-- 323.538208 s
currentSize : 30 <-- 1588.886841 s

maxsize : 30
nodes : 574942575.000000
filtered : 4999389034.000000
time : 2634.681152
