Parameters: GAD=1 vflib=1 dir=0 label=1 lowerbound=1 fileNameGp=../graphsdb/mcs30/rand/r005/mcs30_r005_s60.A83 fileNameGt=../graphsdb/mcs30/rand/r005/mcs30_r005_s60.B83
Reading graphs...
60 :  175
60 :  178
Initializing...
maxdom : 6
D->valSize : 239
Solving...
Blb : 2 (clique : 17)
currentSize : 17 <-- 0.002682 s
currentSize : 18 <-- 0.003265 s
currentSize : 19 <-- 0.237754 s
currentSize : 20 <-- 0.826043 s
currentSize : 21 <-- 16.140957 s
currentSize : 22 <-- 16.207834 s

maxsize : 22
nodes : 7545167.000000
filtered : 61572442.000000
time : 32.729401
