Parameters: GAD=1 vflib=1 dir=0 label=1 lowerbound=1 fileNameGp=../graphsdb/mcs30/rand/r01/mcs30_r01_s80.A91 fileNameGt=../graphsdb/mcs30/rand/r01/mcs30_r01_s80.B91
Reading graphs...
80 :  601
80 :  601
Initializing...
maxdom : 11
D->valSize : 411
Solving...
Blb : 2 (clique : 12)
currentSize : 12 <-- 0.005686 s
currentSize : 13 <-- 0.006300 s
currentSize : 14 <-- 0.006482 s
currentSize : 15 <-- 0.028562 s
currentSize : 16 <-- 0.037659 s
currentSize : 17 <-- 0.316407 s
currentSize : 18 <-- 0.365340 s
currentSize : 21 <-- 6.504690 s
currentSize : 22 <-- 6.504742 s
currentSize : 24 <-- 10.649628 s

maxsize : 24
nodes : 3452664.000000
filtered : 47963224.000000
time : 19.231691
