Parameters: GAD=1 vflib=1 dir=0 label=1 lowerbound=1 fileNameGp=../graphsdb/mcs30/bvg/b09/mcs30_b09_s40.A13 fileNameGt=../graphsdb/mcs30/bvg/b09/mcs30_b09_s40.B13
Reading graphs...
40 :  174
40 :  174
Initializing...
maxdom : 7
D->valSize : 207
Solving...
Blb : 2 (clique : 9)
currentSize : 9 <-- 0.001731 s
currentSize : 11 <-- 0.002438 s
currentSize : 12 <-- 0.002490 s
currentSize : 13 <-- 0.040301 s
currentSize : 14 <-- 0.133933 s

maxsize : 14
nodes : 95691.000000
filtered : 1094660.000000
time : 0.410231
