Parameters: GAD=1 vflib=1 dir=0 label=1 lowerbound=1 fileNameGp=../graphsdb/mcs30/m3D/m3D/mcs30_m3D_s40.A57 fileNameGt=../graphsdb/mcs30/m3D/m3D/mcs30_m3D_s40.B57
Reading graphs...
40 :  84
40 :  83
Initializing...
maxdom : 6
D->valSize : 208
Solving...
Blb : 2 (clique : 13)
currentSize : 13 <-- 0.001897 s
currentSize : 14 <-- 0.002002 s
currentSize : 15 <-- 0.143685 s
currentSize : 16 <-- 0.220737 s
currentSize : 17 <-- 2.443393 s

maxsize : 17
nodes : 5025287.000000
filtered : 39521611.000000
time : 15.939645
