Parameters: GAD=1 vflib=1 dir=0 label=1 lowerbound=1 fileNameGp=../graphsdb/mcs30/bvg/b09/mcs30_b09_s50.A22 fileNameGt=../graphsdb/mcs30/bvg/b09/mcs30_b09_s50.B22
Reading graphs...
50 :  219
50 :  220
Initializing...
maxdom : 8
D->valSize : 334
Solving...
Blb : 2 (clique : 12)
currentSize : 12 <-- 0.003669 s
currentSize : 13 <-- 0.003788 s
currentSize : 14 <-- 0.003825 s
currentSize : 15 <-- 0.007524 s
currentSize : 16 <-- 0.014803 s
currentSize : 17 <-- 0.099625 s
currentSize : 18 <-- 5.303500 s

maxsize : 18
nodes : 3517273.000000
filtered : 53699176.000000
time : 15.723819
