Parameters: GAD=1 vflib=1 dir=0 label=1 lowerbound=1 fileNameGp=../graphsdb/mcs30/m3D/m3Dr6/mcs30_m3Dr6_s90.A66 fileNameGt=../graphsdb/mcs30/m3D/m3Dr6/mcs30_m3Dr6_s90.B66
Reading graphs...
90 :  261
90 :  262
Initializing...
maxdom : 11
D->valSize : 522
Solving...
Blb : 2 (clique : 25)
currentSize : 25 <-- 0.005937 s
currentSize : 26 <-- 0.006139 s
currentSize : 27 <-- 0.008513 s
currentSize : 28 <-- 0.014904 s
currentSize : 29 <-- 0.982916 s
currentSize : 30 <-- 33.885273 s
currentSize : 31 <-- 49.574650 s

TIMEOUT
maxsize : 31
nodes : 821403333.000000
filtered : 5820616721.000000
time : 3600.000000
