Parameters: GAD=1 vflib=1 dir=0 label=1 lowerbound=1 fileNameGp=../graphsdb/mcs30/rand/r02/mcs30_r02_s80.A28 fileNameGt=../graphsdb/mcs30/rand/r02/mcs30_r02_s80.B28
Reading graphs...
80 :  1137
80 :  1114
Initializing...
maxdom : 16
D->valSize : 392
Solving...
Blb : 2 (clique : 9)
currentSize : 9 <-- 0.003760 s
currentSize : 10 <-- 0.006654 s
currentSize : 11 <-- 0.006883 s
currentSize : 15 <-- 0.066594 s
currentSize : 16 <-- 0.069284 s
currentSize : 19 <-- 0.069377 s

maxsize : 19
nodes : 75363.000000
filtered : 1510113.000000
time : 0.464917
