Parameters: GAD=1 vflib=1 dir=0 label=1 lowerbound=1 fileNameGp=../graphsdb/mcs30/bvg/b03/mcs30_b03_s35.A74 fileNameGt=../graphsdb/mcs30/bvg/b03/mcs30_b03_s35.B74
Reading graphs...
35 :  51
35 :  52
Initializing...
maxdom : 6
D->valSize : 166
Solving...
Blb : 2 (clique : 14)
currentSize : 14 <-- 0.000878 s
currentSize : 15 <-- 0.026011 s
currentSize : 16 <-- 0.085070 s
currentSize : 17 <-- 0.889320 s
currentSize : 18 <-- 1.332537 s

maxsize : 18
nodes : 636593.000000
filtered : 4345036.000000
time : 1.778656
