Parameters: GAD=1 vflib=1 dir=0 label=1 lowerbound=1 fileNameGp=../graphsdb/mcs30/m3D/m3Dr4/mcs30_m3Dr4_s40.A64 fileNameGt=../graphsdb/mcs30/m3D/m3Dr4/mcs30_m3Dr4_s40.B64
Reading graphs...
40 :  98
40 :  93
Initializing...
maxdom : 8
D->valSize : 224
Solving...
Blb : 2 (clique : 12)
currentSize : 12 <-- 0.002085 s
currentSize : 13 <-- 0.002191 s
currentSize : 14 <-- 0.003667 s
currentSize : 15 <-- 0.004782 s
currentSize : 16 <-- 0.947556 s

maxsize : 16
nodes : 848955.000000
filtered : 9415298.000000
time : 2.967225
