Parameters: GAD=1 vflib=1 dir=0 label=1 lowerbound=1 fileNameGp=../graphsdb/mcs30/bvg/b06/mcs30_b06_s50.A26 fileNameGt=../graphsdb/mcs30/bvg/b06/mcs30_b06_s50.B26
Reading graphs...
50 :  148
50 :  148
Initializing...
maxdom : 10
D->valSize : 305
Solving...
Blb : 5 (clique : 14)
currentSize : 14 <-- 0.002609 s
currentSize : 15 <-- 0.003247 s
currentSize : 16 <-- 0.003646 s
currentSize : 17 <-- 0.013427 s
currentSize : 18 <-- 0.015396 s
currentSize : 19 <-- 2.241447 s
currentSize : 20 <-- 2.543923 s
currentSize : 21 <-- 2.551481 s
currentSize : 22 <-- 2.556611 s

maxsize : 22
nodes : 1760420.000000
filtered : 24810654.000000
time : 7.678043
