Parameters: GAD=1 vflib=1 dir=0 label=1 lowerbound=1 fileNameGp=../graphsdb/mcs30/m3D/m3Dr2/mcs30_m3Dr2_s80.A60 fileNameGt=../graphsdb/mcs30/m3D/m3Dr2/mcs30_m3Dr2_s80.B60
Reading graphs...
80 :  200
80 :  200
Initializing...
maxdom : 11
D->valSize : 493
Solving...
Blb : 2 (clique : 26)
currentSize : 26 <-- 0.005261 s
currentSize : 27 <-- 0.005500 s
currentSize : 28 <-- 0.005561 s
currentSize : 29 <-- 0.006713 s
currentSize : 30 <-- 0.591213 s
currentSize : 31 <-- 1025.814453 s
currentSize : 32 <-- 1025.880493 s

TIMEOUT
maxsize : 32
nodes : 611694651.000000
filtered : 7651200981.000000
time : 3600.000000
