Parameters: GAD=1 vflib=1 dir=0 label=1 lowerbound=1 fileNameGp=../graphsdb/mcs30/rand/r005/mcs30_r005_s100.A20 fileNameGt=../graphsdb/mcs30/rand/r005/mcs30_r005_s100.B20
Reading graphs...
100 :  481
100 :  482
Initializing...
maxdom : 7
D->valSize : 354
Solving...
Blb : 2 (clique : 20)
currentSize : 20 <-- 0.003365 s
currentSize : 21 <-- 0.003633 s
currentSize : 22 <-- 0.006271 s
currentSize : 23 <-- 0.260905 s
currentSize : 24 <-- 5.843463 s
currentSize : 25 <-- 5.920243 s
currentSize : 26 <-- 6.084001 s
currentSize : 27 <-- 6.085123 s
currentSize : 28 <-- 19.377192 s
currentSize : 30 <-- 29.106779 s
currentSize : 31 <-- 2260.253174 s

TIMEOUT
maxsize : 31
nodes : 601112668.000000
filtered : 5393120677.000000
time : 3600.000000
