Parameters: GAD=1 vflib=1 dir=0 label=1 lowerbound=1 fileNameGp=../graphsdb/mcs30/bvg/b06m/mcs30_b06m_s50.A83 fileNameGt=../graphsdb/mcs30/bvg/b06m/mcs30_b06m_s50.B83
Reading graphs...
50 :  143
50 :  144
Initializing...
maxdom : 12
D->valSize : 310
Solving...
Blb : 2 (clique : 14)
currentSize : 14 <-- 0.002132 s
currentSize : 15 <-- 0.002636 s
currentSize : 16 <-- 0.002808 s
currentSize : 17 <-- 0.124170 s
currentSize : 18 <-- 0.740694 s
currentSize : 19 <-- 23.899399 s

maxsize : 19
nodes : 32621117.000000
filtered : 507626389.000000
time : 142.308365
