Parameters: GAD=1 vflib=1 dir=0 label=1 lowerbound=1 fileNameGp=../graphsdb/mcs30/m4D/m4Dr4/mcs30_m4Dr4_s70.A66 fileNameGt=../graphsdb/mcs30/m4D/m4Dr4/mcs30_m4Dr4_s70.B66
Reading graphs...
70 :  146
70 :  145
Initializing...
maxdom : 9
D->valSize : 337
Solving...
Blb : 5 (clique : 24)
currentSize : 24 <-- 0.002940 s
currentSize : 25 <-- 2.784440 s
currentSize : 26 <-- 22.286106 s
currentSize : 27 <-- 86.958778 s
currentSize : 28 <-- 114.987091 s
currentSize : 29 <-- 1574.869873 s

TIMEOUT
maxsize : 29
nodes : 913730664.000000
filtered : 7047463870.000000
time : 3600.000000
