Parameters: GAD=1 vflib=1 dir=0 label=1 lowerbound=1 fileNameGp=../graphsdb/mcs30/bvg/b03m/mcs30_b03m_s90.A88 fileNameGt=../graphsdb/mcs30/bvg/b03m/mcs30_b03m_s90.B88
Reading graphs...
90 :  134
90 :  135
Initializing...
maxdom : 10
D->valSize : 537
Solving...
Blb : 2 (clique : 33)
currentSize : 33 <-- 0.006373 s
currentSize : 34 <-- 0.006804 s
currentSize : 35 <-- 0.008195 s
currentSize : 36 <-- 0.043746 s
currentSize : 37 <-- 0.196038 s
currentSize : 38 <-- 54.159027 s
currentSize : 39 <-- 452.264038 s

TIMEOUT
maxsize : 39
nodes : 897477755.000000
filtered : 5569184806.000000
time : 3600.000000
