Parameters: GAD=1 vflib=1 dir=0 label=1 lowerbound=1 fileNameGp=../graphsdb/mcs30/m2D/m2Dr4/mcs30_m2Dr4_s70.A69 fileNameGt=../graphsdb/mcs30/m2D/m2Dr4/mcs30_m2Dr4_s70.B69
Reading graphs...
70 :  148
70 :  151
Initializing...
maxdom : 9
D->valSize : 338
Solving...
Blb : 5 (clique : 21)
currentSize : 21 <-- 0.003121 s
currentSize : 22 <-- 0.029279 s
currentSize : 24 <-- 0.102124 s
currentSize : 25 <-- 0.176805 s
currentSize : 26 <-- 0.187137 s
currentSize : 27 <-- 69.411026 s
currentSize : 28 <-- 693.117432 s
currentSize : 29 <-- 2117.155762 s

TIMEOUT
maxsize : 29
nodes : 791145951.000000
filtered : 7300395701.000000
time : 3600.000000
