Parameters: GAD=1 vflib=1 dir=0 label=1 lowerbound=1 fileNameGp=../graphsdb/mcs30/m3D/m3Dr2/mcs30_m3Dr2_s80.A45 fileNameGt=../graphsdb/mcs30/m3D/m3Dr2/mcs30_m3Dr2_s80.B45
Reading graphs...
80 :  197
80 :  196
Initializing...
maxdom : 7
D->valSize : 433
Solving...
Blb : 2 (clique : 24)
currentSize : 24 <-- 0.007132 s
currentSize : 25 <-- 0.007409 s
currentSize : 26 <-- 0.007513 s
currentSize : 27 <-- 0.107033 s
currentSize : 28 <-- 0.406790 s
currentSize : 29 <-- 49.353191 s
currentSize : 30 <-- 116.946335 s
currentSize : 31 <-- 419.718964 s
currentSize : 32 <-- 2140.668945 s

TIMEOUT
maxsize : 32
nodes : 737553599.000000
filtered : 6211950837.000000
time : 3600.000000
