Parameters: GAD=1 vflib=1 dir=0 label=1 lowerbound=1 fileNameGp=../graphsdb/mcs30/rand/r02/mcs30_r02_s70.A00 fileNameGt=../graphsdb/mcs30/rand/r02/mcs30_r02_s70.B00
Reading graphs...
70 :  878
70 :  878
Initializing...
maxdom : 9
D->valSize : 340
Solving...
Blb : 2 (clique : 7)
currentSize : 7 <-- 0.002631 s
currentSize : 8 <-- 0.002731 s
currentSize : 9 <-- 0.002776 s
currentSize : 11 <-- 0.011232 s
currentSize : 12 <-- 0.011905 s
currentSize : 13 <-- 0.014837 s
currentSize : 14 <-- 0.016609 s
currentSize : 18 <-- 0.016964 s

maxsize : 18
nodes : 20020.000000
filtered : 440729.000000
time : 0.117858
