Parameters: GAD=1 vflib=1 dir=0 label=1 lowerbound=1 fileNameGp=../graphsdb/mcs30/m3D/m3Dr2/mcs30_m3Dr2_s40.A63 fileNameGt=../graphsdb/mcs30/m3D/m3Dr2/mcs30_m3Dr2_s40.B63
Reading graphs...
40 :  87
40 :  90
Initializing...
maxdom : 11
D->valSize : 224
Solving...
Blb : 2 (clique : 12)
currentSize : 12 <-- 0.002124 s
currentSize : 13 <-- 0.003207 s
currentSize : 14 <-- 0.003761 s
currentSize : 15 <-- 0.016572 s
currentSize : 16 <-- 0.042479 s

maxsize : 16
nodes : 663062.000000
filtered : 7125344.000000
time : 2.166599
