Parameters: GAD=1 vflib=1 dir=0 label=1 lowerbound=1 fileNameGp=../graphsdb/mcs30/bvg/b03m/mcs30_b03m_s70.A30 fileNameGt=../graphsdb/mcs30/bvg/b03m/mcs30_b03m_s70.B30
Reading graphs...
70 :  105
70 :  104
Initializing...
maxdom : 7
D->valSize : 313
Solving...
Blb : 2 (clique : 25)
currentSize : 25 <-- 0.002558 s
currentSize : 26 <-- 0.002906 s
currentSize : 27 <-- 0.004528 s
currentSize : 28 <-- 304.576660 s
currentSize : 29 <-- 776.565308 s
currentSize : 30 <-- 2721.770264 s

TIMEOUT
maxsize : 30
nodes : 1142460632.000000
filtered : 5183842653.000000
time : 3600.000000
