Parameters: GAD=1 vflib=1 dir=0 label=1 lowerbound=1 fileNameGp=../graphsdb/mcs30/rand/r02/mcs30_r02_s100.A46 fileNameGt=../graphsdb/mcs30/rand/r02/mcs30_r02_s100.B46
Reading graphs...
100 :  1774
100 :  1765
Initializing...
maxdom : 7
D->valSize : 317
Solving...
Blb : 2 (clique : 8)
currentSize : 8 <-- 0.003098 s
currentSize : 9 <-- 0.007287 s
currentSize : 10 <-- 0.007917 s
currentSize : 11 <-- 0.010822 s
currentSize : 12 <-- 0.011706 s
currentSize : 13 <-- 0.043164 s
currentSize : 23 <-- 0.193680 s

maxsize : 23
nodes : 89739.000000
filtered : 834977.000000
time : 0.520377
