Parameters: GAD=1 vflib=1 dir=0 label=1 lowerbound=1 fileNameGp=../graphsdb/mcs30/bvg/b06/mcs30_b06_s90.A85 fileNameGt=../graphsdb/mcs30/bvg/b06/mcs30_b06_s90.B85
Reading graphs...
90 :  266
90 :  267
Initializing...
maxdom : 8
D->valSize : 514
Solving...
Blb : 2 (clique : 29)
currentSize : 29 <-- 0.009493 s
currentSize : 30 <-- 17.204857 s
currentSize : 31 <-- 21.922581 s
currentSize : 32 <-- 37.028080 s
currentSize : 33 <-- 448.614014 s
currentSize : 34 <-- 485.918030 s
currentSize : 35 <-- 918.769592 s
currentSize : 36 <-- 3154.749268 s

TIMEOUT
maxsize : 36
nodes : 633232963.000000
filtered : 6054568539.000000
time : 3600.000000
