Parameters: GAD=1 vflib=1 dir=0 label=1 lowerbound=1 fileNameGp=../graphsdb/mcs30/m2D/m2Dr4/mcs30_m2Dr4_s70.A29 fileNameGt=../graphsdb/mcs30/m2D/m2Dr4/mcs30_m2Dr4_s70.B29
Reading graphs...
70 :  149
70 :  147
Initializing...
maxdom : 8
D->valSize : 324
Solving...
Blb : 2 (clique : 24)
currentSize : 24 <-- 0.004476 s
currentSize : 25 <-- 3.001492 s
currentSize : 26 <-- 4.434282 s
currentSize : 27 <-- 38.074978 s
currentSize : 28 <-- 62.023956 s
currentSize : 29 <-- 104.527290 s
currentSize : 30 <-- 1277.863647 s
currentSize : 31 <-- 1609.688721 s
currentSize : 32 <-- 2277.395264 s

maxsize : 32
nodes : 561781430.000000
filtered : 4512164004.000000
time : 2596.841064
