Parameters: GAD=1 vflib=1 dir=0 label=1 lowerbound=1 fileNameGp=../graphsdb/mcs30/rand/r005/mcs30_r005_s100.A10 fileNameGt=../graphsdb/mcs30/rand/r005/mcs30_r005_s100.B10
Reading graphs...
100 :  488
100 :  475
Initializing...
maxdom : 9
D->valSize : 318
Solving...
Blb : 2 (clique : 20)
currentSize : 20 <-- 0.003190 s
currentSize : 21 <-- 0.018874 s
currentSize : 22 <-- 0.096187 s
currentSize : 23 <-- 0.164345 s
currentSize : 24 <-- 0.857385 s
currentSize : 25 <-- 4.072214 s
currentSize : 26 <-- 5.525996 s
currentSize : 27 <-- 86.265709 s
currentSize : 28 <-- 285.169800 s
currentSize : 29 <-- 578.936035 s
currentSize : 30 <-- 1127.231079 s
currentSize : 31 <-- 1968.750854 s

TIMEOUT
maxsize : 31
nodes : 640088812.000000
filtered : 4178166206.000000
time : 3600.000000
