Parameters: GAD=1 vflib=1 dir=0 label=1 lowerbound=1 fileNameGp=../graphsdb/mcs30/m3D/m3Dr6/mcs30_m3Dr6_s70.A87 fileNameGt=../graphsdb/mcs30/m3D/m3Dr6/mcs30_m3Dr6_s70.B87
Reading graphs...
70 :  199
70 :  196
Initializing...
maxdom : 8
D->valSize : 323
Solving...
Blb : 2 (clique : 20)
currentSize : 20 <-- 0.002930 s
currentSize : 21 <-- 0.006780 s
currentSize : 22 <-- 0.014131 s
currentSize : 23 <-- 0.177822 s
currentSize : 24 <-- 0.177876 s
currentSize : 25 <-- 0.178040 s
currentSize : 26 <-- 1.185012 s
currentSize : 27 <-- 1.186448 s
currentSize : 28 <-- 159.974945 s
currentSize : 29 <-- 357.187439 s
currentSize : 30 <-- 357.195618 s

maxsize : 30
nodes : 87635006.000000
filtered : 832974676.000000
time : 450.360901
