Parameters: GAD=1 vflib=1 dir=0 label=1 lowerbound=1 fileNameGp=../graphsdb/mcs30/m2D/m2Dr2/mcs30_m2Dr2_s50.A54 fileNameGt=../graphsdb/mcs30/m2D/m2Dr2/mcs30_m2Dr2_s50.B54
Reading graphs...
50 :  94
50 :  94
Initializing...
maxdom : 10
D->valSize : 312
Solving...
Blb : 2 (clique : 16)
currentSize : 16 <-- 0.003651 s
currentSize : 17 <-- 0.003835 s
currentSize : 18 <-- 0.007996 s
currentSize : 19 <-- 0.008858 s
currentSize : 20 <-- 0.009696 s
currentSize : 21 <-- 0.276242 s
currentSize : 22 <-- 3105.678711 s

TIMEOUT
maxsize : 22
nodes : 1079090527.000000
filtered : 9794590589.000000
time : 3600.000000
