Parameters: GAD=1 vflib=1 dir=0 label=1 lowerbound=1 fileNameGp=../graphsdb/mcs30/rand/r01/mcs30_r01_s80.A68 fileNameGt=../graphsdb/mcs30/rand/r01/mcs30_r01_s80.B68
Reading graphs...
80 :  589
80 :  593
Initializing...
maxdom : 9
D->valSize : 402
Solving...
Blb : 2 (clique : 12)
currentSize : 12 <-- 0.005688 s
currentSize : 13 <-- 0.005954 s
currentSize : 14 <-- 0.006542 s
currentSize : 15 <-- 0.197416 s
currentSize : 16 <-- 0.302740 s
currentSize : 17 <-- 1.326408 s
currentSize : 18 <-- 1.516275 s
currentSize : 19 <-- 7.071244 s
currentSize : 20 <-- 14.818389 s
currentSize : 21 <-- 30.103842 s
currentSize : 22 <-- 30.104362 s

maxsize : 22
nodes : 15044403.000000
filtered : 214607789.000000
time : 87.012306
