Parameters: GAD=1 vflib=1 dir=0 label=1 lowerbound=1 fileNameGp=../graphsdb/mcs30/m2D/m2Dr4/mcs30_m2Dr4_s50.A85 fileNameGt=../graphsdb/mcs30/m2D/m2Dr4/mcs30_m2Dr4_s50.B85
Reading graphs...
50 :  105
50 :  105
Initializing...
maxdom : 10
D->valSize : 316
Solving...
Blb : 2 (clique : 19)
currentSize : 19 <-- 0.003815 s
currentSize : 20 <-- 0.004003 s
currentSize : 21 <-- 0.004177 s
currentSize : 22 <-- 0.007045 s
currentSize : 23 <-- 18.652395 s

maxsize : 23
nodes : 10452533.000000
filtered : 132016344.000000
time : 47.233894
