Parameters: GAD=1 vflib=1 dir=0 label=1 lowerbound=1 fileNameGp=../graphsdb/mcs30/m4D/m4D/mcs30_m4D_s50.A93 fileNameGt=../graphsdb/mcs30/m4D/m4D/mcs30_m4D_s50.B93
Reading graphs...
50 :  86
50 :  85
Initializing...
maxdom : 11
D->valSize : 327
Solving...
Blb : 2 (clique : 19)
currentSize : 19 <-- 0.002425 s
currentSize : 20 <-- 0.003299 s
currentSize : 21 <-- 0.003490 s
currentSize : 22 <-- 140.747253 s
currentSize : 23 <-- 2197.789062 s
currentSize : 24 <-- 2738.199707 s
currentSize : 25 <-- 2882.935791 s

maxsize : 25
nodes : 1428536379.000000
filtered : 7678985365.000000
time : 3377.851562
