Parameters: GAD=1 vflib=1 dir=0 label=1 lowerbound=1 fileNameGp=../graphsdb/mcs30/rand/r001/mcs30_r001_s100.A18 fileNameGt=../graphsdb/mcs30/rand/r001/mcs30_r001_s100.B18
Reading graphs...
100 :  120
100 :  120
Initializing...
maxdom : 6
D->valSize : 347
Solving...
Blb : 2 (clique : 39)
currentSize : 39 <-- 0.006037 s
currentSize : 40 <-- 0.015297 s
currentSize : 41 <-- 0.130579 s
currentSize : 42 <-- 0.179622 s
currentSize : 43 <-- 0.204694 s
currentSize : 44 <-- 0.323336 s
currentSize : 45 <-- 15.604098 s
currentSize : 46 <-- 3200.740723 s

TIMEOUT
maxsize : 46
nodes : 795970531.000000
filtered : 2567477830.000000
time : 3600.000000
