Parameters: GAD=1 vflib=1 dir=0 label=1 lowerbound=1 fileNameGp=../graphsdb/mcs30/rand/r01/mcs30_r01_s90.A31 fileNameGt=../graphsdb/mcs30/rand/r01/mcs30_r01_s90.B31
Reading graphs...
90 :  764
90 :  755
Initializing...
maxdom : 9
D->valSize : 553
Solving...
Blb : 2 (clique : 14)
currentSize : 14 <-- 0.006003 s
currentSize : 15 <-- 0.012202 s
currentSize : 16 <-- 0.077417 s
currentSize : 17 <-- 0.563914 s
currentSize : 19 <-- 3.574087 s
currentSize : 20 <-- 9.387522 s
currentSize : 21 <-- 9.387559 s
currentSize : 22 <-- 9.531613 s
currentSize : 23 <-- 9.531952 s
currentSize : 25 <-- 13.971710 s
currentSize : 27 <-- 28.413860 s

maxsize : 27
nodes : 11307074.000000
filtered : 247500290.000000
time : 80.383759
