Parameters: GAD=1 vflib=1 dir=0 label=1 lowerbound=1 fileNameGp=../graphsdb/mcs30/bvg/b03/mcs30_b03_s50.A97 fileNameGt=../graphsdb/mcs30/bvg/b03/mcs30_b03_s50.B97
Reading graphs...
50 :  74
50 :  75
Initializing...
maxdom : 10
D->valSize : 335
Solving...
Blb : 2 (clique : 21)
currentSize : 21 <-- 0.002531 s
currentSize : 22 <-- 0.002736 s
currentSize : 23 <-- 0.275677 s
currentSize : 24 <-- 16.135801 s
currentSize : 25 <-- 178.189880 s
currentSize : 26 <-- 562.884460 s
currentSize : 27 <-- 2079.242432 s

maxsize : 27
nodes : 761100436.000000
filtered : 8431038177.000000
time : 2886.371338
