Parameters: GAD=1 vflib=1 dir=0 label=1 lowerbound=1 fileNameGp=../graphsdb/mcs30/rand/r02/mcs30_r02_s40.A91 fileNameGt=../graphsdb/mcs30/rand/r02/mcs30_r02_s40.B91
Reading graphs...
40 :  276
40 :  287
Initializing...
maxdom : 9
D->valSize : 192
Solving...
Blb : 2 (clique : 6)
currentSize : 6 <-- 0.001073 s
currentSize : 7 <-- 0.001539 s
currentSize : 8 <-- 0.003786 s
currentSize : 9 <-- 0.017007 s
currentSize : 11 <-- 0.017041 s

maxsize : 11
nodes : 11439.000000
filtered : 124362.000000
time : 0.040538
