Parameters: GAD=1 vflib=1 dir=0 label=1 lowerbound=1 fileNameGp=../graphsdb/mcs30/rand/r02/mcs30_r02_s100.A87 fileNameGt=../graphsdb/mcs30/rand/r02/mcs30_r02_s100.B87
Reading graphs...
100 :  1750
100 :  1750
Initializing...
maxdom : 8
D->valSize : 324
Solving...
Blb : 2 (clique : 10)
currentSize : 10 <-- 0.002995 s
currentSize : 12 <-- 0.003093 s
currentSize : 13 <-- 0.004095 s
currentSize : 14 <-- 0.004123 s
currentSize : 19 <-- 0.007017 s
currentSize : 23 <-- 0.007187 s

maxsize : 23
nodes : 47631.000000
filtered : 707257.000000
time : 0.328268
