Parameters: GAD=1 vflib=1 dir=0 label=1 lowerbound=1 fileNameGp=../graphsdb/mcs30/m3D/m3Dr6/mcs30_m3Dr6_s70.A28 fileNameGt=../graphsdb/mcs30/m3D/m3Dr6/mcs30_m3Dr6_s70.B28
Reading graphs...
70 :  201
70 :  198
Initializing...
maxdom : 6
D->valSize : 321
Solving...
Blb : 3 (clique : 19)
currentSize : 19 <-- 0.002771 s
currentSize : 21 <-- 0.002904 s
currentSize : 22 <-- 0.002937 s
currentSize : 23 <-- 0.003227 s
currentSize : 25 <-- 0.003481 s
currentSize : 26 <-- 0.005129 s
currentSize : 27 <-- 7.511540 s
currentSize : 28 <-- 7.519332 s
currentSize : 29 <-- 429.813629 s

maxsize : 29
nodes : 179550329.000000
filtered : 1614024104.000000
time : 889.183716
