Parameters: GAD=1 vflib=1 dir=0 label=1 lowerbound=1 fileNameGp=../graphsdb/mcs30/bvg/b09m/mcs30_b09m_s70.A90 fileNameGt=../graphsdb/mcs30/bvg/b09m/mcs30_b09m_s70.B90
Reading graphs...
70 :  298
70 :  303
Initializing...
maxdom : 8
D->valSize : 343
Solving...
Blb : 2 (clique : 15)
currentSize : 15 <-- 0.002732 s
currentSize : 16 <-- 0.002849 s
currentSize : 17 <-- 0.003019 s
currentSize : 18 <-- 0.003483 s
currentSize : 19 <-- 0.037985 s
currentSize : 20 <-- 1.975109 s
currentSize : 21 <-- 1.975709 s
currentSize : 22 <-- 14.310254 s
currentSize : 23 <-- 173.344345 s

maxsize : 23
nodes : 141131425.000000
filtered : 1726067183.000000
time : 710.271484
