Parameters: GAD=1 vflib=1 dir=0 label=1 lowerbound=1 fileNameGp=../graphsdb/mcs30/m4D/m4Dr2/mcs30_m4Dr2_s70.A04 fileNameGt=../graphsdb/mcs30/m4D/m4Dr2/mcs30_m4Dr2_s70.B04
Reading graphs...
70 :  131
70 :  132
Initializing...
maxdom : 8
D->valSize : 313
Solving...
Blb : 2 (clique : 24)
currentSize : 24 <-- 0.002759 s
currentSize : 25 <-- 0.005154 s
currentSize : 26 <-- 0.189364 s
currentSize : 27 <-- 0.197775 s
currentSize : 28 <-- 0.434461 s
currentSize : 29 <-- 0.538343 s
currentSize : 30 <-- 0.542520 s

TIMEOUT
maxsize : 30
nodes : 827293789.000000
filtered : 6560789473.000000
time : 3600.000000
