Parameters: GAD=1 vflib=1 dir=0 label=1 lowerbound=1 fileNameGp=../graphsdb/mcs30/m4D/m4Dr4/mcs30_m4Dr4_s60.A64 fileNameGt=../graphsdb/mcs30/m4D/m4Dr4/mcs30_m4Dr4_s60.B64
Reading graphs...
60 :  125
60 :  122
Initializing...
maxdom : 7
D->valSize : 245
Solving...
Blb : 3 (clique : 21)
currentSize : 21 <-- 0.001779 s
currentSize : 22 <-- 0.421262 s
currentSize : 23 <-- 0.421302 s
currentSize : 24 <-- 234.748169 s
currentSize : 25 <-- 366.907928 s
currentSize : 26 <-- 690.898499 s

maxsize : 26
nodes : 244349244.000000
filtered : 1746631353.000000
time : 907.435303
