Parameters: GAD=1 vflib=1 dir=0 label=1 lowerbound=1 fileNameGp=../graphsdb/mcs30/m3D/m3Dr2/mcs30_m3Dr2_s100.A36 fileNameGt=../graphsdb/mcs30/m3D/m3Dr2/mcs30_m3Dr2_s100.B36
Reading graphs...
100 :  249
100 :  251
Initializing...
maxdom : 8
D->valSize : 331
Solving...
Blb : 3 (clique : 24)
currentSize : 24 <-- 0.003362 s
currentSize : 25 <-- 0.245460 s
currentSize : 26 <-- 0.245489 s
currentSize : 27 <-- 0.958972 s
currentSize : 28 <-- 1.711431 s
currentSize : 29 <-- 2.220918 s
currentSize : 30 <-- 17.689192 s
currentSize : 31 <-- 74.451477 s
currentSize : 32 <-- 148.063278 s
currentSize : 33 <-- 172.688293 s

TIMEOUT
maxsize : 33
nodes : 755935291.000000
filtered : 4269909571.000000
time : 3600.000000
