Parameters: GAD=1 vflib=1 dir=0 label=1 lowerbound=1 fileNameGp=../graphsdb/mcs30/m3D/m3Dr4/mcs30_m3Dr4_s25.A80 fileNameGt=../graphsdb/mcs30/m3D/m3Dr4/mcs30_m3Dr4_s25.B80
Reading graphs...
25 :  56
25 :  56
Initializing...
maxdom : 11
D->valSize : 155
Solving...
Blb : 2 (clique : 6)
currentSize : 6 <-- 0.000816 s
currentSize : 8 <-- 0.000853 s
currentSize : 9 <-- 0.000962 s
currentSize : 10 <-- 0.002239 s
currentSize : 11 <-- 0.003827 s

maxsize : 11
nodes : 10679.000000
filtered : 117798.000000
time : 0.030742
