Parameters: GAD=1 vflib=1 dir=0 label=1 lowerbound=1 fileNameGp=../graphsdb/mcs30/m4D/m4Dr4/mcs30_m4Dr4_s60.A47 fileNameGt=../graphsdb/mcs30/m4D/m4Dr4/mcs30_m4Dr4_s60.B47
Reading graphs...
60 :  126
60 :  125
Initializing...
maxdom : 7
D->valSize : 215
Solving...
Blb : 3 (clique : 19)
currentSize : 19 <-- 0.002455 s
currentSize : 20 <-- 1.749557 s
currentSize : 21 <-- 1.767711 s
currentSize : 22 <-- 2.641594 s
currentSize : 23 <-- 25.726236 s
currentSize : 24 <-- 75.214867 s

maxsize : 24
nodes : 38034527.000000
filtered : 251480880.000000
time : 149.473663
