Parameters: GAD=1 vflib=1 dir=0 label=1 lowerbound=1 fileNameGp=../graphsdb/mcs30/bvg/b03/mcs30_b03_s60.A93 fileNameGt=../graphsdb/mcs30/bvg/b03/mcs30_b03_s60.B93
Reading graphs...
60 :  90
60 :  89
Initializing...
maxdom : 6
D->valSize : 234
Solving...
Blb : 2 (clique : 23)
currentSize : 23 <-- 0.001706 s
currentSize : 24 <-- 0.074805 s
currentSize : 25 <-- 0.076340 s
currentSize : 26 <-- 0.299361 s
currentSize : 27 <-- 37.627697 s
currentSize : 28 <-- 117.311119 s

maxsize : 28
nodes : 763594101.000000
filtered : 5066096434.000000
time : 3058.036621
