Parameters: GAD=1 vflib=1 dir=0 label=1 lowerbound=1 fileNameGp=../graphsdb/mcs30/rand/r01/mcs30_r01_s100.A26 fileNameGt=../graphsdb/mcs30/rand/r01/mcs30_r01_s100.B26
Reading graphs...
100 :  929
100 :  941
Initializing...
maxdom : 9
D->valSize : 374
Solving...
Blb : 2 (clique : 15)
currentSize : 15 <-- 0.003631 s
currentSize : 16 <-- 0.021014 s
currentSize : 17 <-- 0.172683 s
currentSize : 18 <-- 0.195846 s
currentSize : 19 <-- 0.738098 s
currentSize : 20 <-- 0.937739 s
currentSize : 21 <-- 1.023313 s
currentSize : 22 <-- 1.075151 s
currentSize : 23 <-- 1.857349 s
currentSize : 24 <-- 1.858423 s
currentSize : 25 <-- 4.265415 s
currentSize : 27 <-- 6.055334 s
currentSize : 29 <-- 6.060336 s
currentSize : 30 <-- 6.143054 s

maxsize : 30
nodes : 1877171.000000
filtered : 22462768.000000
time : 11.982662
