Parameters: GAD=1 vflib=1 dir=0 label=1 lowerbound=1 fileNameGp=../graphsdb/mcs30/m4D/m4Dr6/mcs30_m4Dr6_s50.A43 fileNameGt=../graphsdb/mcs30/m4D/m4Dr6/mcs30_m4Dr6_s50.B43
Reading graphs...
50 :  113
50 :  113
Initializing...
maxdom : 10
D->valSize : 338
Solving...
Blb : 5 (clique : 17)
currentSize : 17 <-- 0.002517 s
currentSize : 19 <-- 0.002616 s
currentSize : 20 <-- 0.002655 s
currentSize : 21 <-- 0.002753 s
currentSize : 22 <-- 0.003988 s
currentSize : 23 <-- 277.467834 s
currentSize : 24 <-- 386.814575 s

maxsize : 24
nodes : 105318940.000000
filtered : 1475282634.000000
time : 466.241730
