Parameters: GAD=1 vflib=1 dir=0 label=1 lowerbound=1 fileNameGp=../graphsdb/mcs30/rand/r01/mcs30_r01_s90.A20 fileNameGt=../graphsdb/mcs30/rand/r01/mcs30_r01_s90.B20
Reading graphs...
90 :  751
90 :  759
Initializing...
maxdom : 11
D->valSize : 556
Solving...
Blb : 2 (clique : 13)
currentSize : 13 <-- 0.006096 s
currentSize : 14 <-- 0.006318 s
currentSize : 15 <-- 0.006470 s
currentSize : 16 <-- 0.008898 s
currentSize : 17 <-- 0.018006 s
currentSize : 18 <-- 2.749194 s
currentSize : 19 <-- 4.676921 s
currentSize : 20 <-- 8.869757 s
currentSize : 21 <-- 8.869812 s
currentSize : 22 <-- 8.869909 s
currentSize : 23 <-- 8.878649 s
currentSize : 24 <-- 8.878782 s
currentSize : 25 <-- 8.879327 s

maxsize : 25
nodes : 36868590.000000
filtered : 820727452.000000
time : 260.655853
