Parameters: GAD=1 vflib=1 dir=0 label=1 lowerbound=1 fileNameGp=../graphsdb/mcs30/rand/r02/mcs30_r02_s90.A48 fileNameGt=../graphsdb/mcs30/rand/r02/mcs30_r02_s90.B48
Reading graphs...
90 :  1417
90 :  1434
Initializing...
maxdom : 11
D->valSize : 560
Solving...
Blb : 2 (clique : 8)
currentSize : 8 <-- 0.009276 s
currentSize : 9 <-- 0.012613 s
currentSize : 10 <-- 0.012645 s
currentSize : 11 <-- 0.023017 s
currentSize : 12 <-- 0.046314 s
currentSize : 13 <-- 0.089989 s
currentSize : 14 <-- 0.090277 s
currentSize : 15 <-- 0.571106 s
currentSize : 23 <-- 0.617979 s
currentSize : 25 <-- 0.618213 s

maxsize : 25
nodes : 145098.000000
filtered : 3423092.000000
time : 1.030287
