Parameters: GAD=1 vflib=1 dir=0 label=1 lowerbound=1 fileNameGp=../graphsdb/mcs30/bvg/b06/mcs30_b06_s70.A13 fileNameGt=../graphsdb/mcs30/bvg/b06/mcs30_b06_s70.B13
Reading graphs...
70 :  209
70 :  208
Initializing...
maxdom : 8
D->valSize : 317
Solving...
Blb : 2 (clique : 19)
currentSize : 19 <-- 0.002722 s
currentSize : 20 <-- 0.002884 s
currentSize : 22 <-- 0.002990 s
currentSize : 23 <-- 0.003200 s
currentSize : 24 <-- 0.008086 s
currentSize : 25 <-- 0.047651 s
currentSize : 26 <-- 0.100084 s
currentSize : 27 <-- 0.129208 s
currentSize : 28 <-- 28.088980 s

maxsize : 28
nodes : 36816278.000000
filtered : 374772352.000000
time : 176.554871
