Parameters: GAD=1 vflib=1 dir=0 label=1 lowerbound=1 fileNameGp=../graphsdb/mcs30/bvg/b06m/mcs30_b06m_s50.A30 fileNameGt=../graphsdb/mcs30/bvg/b06m/mcs30_b06m_s50.B30
Reading graphs...
50 :  146
50 :  145
Initializing...
maxdom : 11
D->valSize : 323
Solving...
Blb : 2 (clique : 13)
currentSize : 13 <-- 0.002291 s
currentSize : 14 <-- 0.002411 s
currentSize : 15 <-- 0.002609 s
currentSize : 16 <-- 0.121995 s
currentSize : 17 <-- 3.220265 s
currentSize : 18 <-- 6.217902 s
currentSize : 19 <-- 6.785637 s
currentSize : 20 <-- 6.785697 s

maxsize : 20
nodes : 3967448.000000
filtered : 59834669.000000
time : 15.643352
