Parameters: GAD=1 vflib=1 dir=0 label=1 lowerbound=1 fileNameGp=../graphsdb/mcs30/bvg/b09/mcs30_b09_s60.A55 fileNameGt=../graphsdb/mcs30/bvg/b09/mcs30_b09_s60.B55
Reading graphs...
60 :  262
60 :  267
Initializing...
maxdom : 6
D->valSize : 231
Solving...
Blb : 2 (clique : 13)
currentSize : 13 <-- 0.002504 s
currentSize : 14 <-- 0.009293 s
currentSize : 15 <-- 0.011296 s
currentSize : 16 <-- 0.033945 s
currentSize : 17 <-- 0.347631 s
currentSize : 18 <-- 0.610118 s
currentSize : 19 <-- 4.777212 s

maxsize : 19
nodes : 3115483.000000
filtered : 23567361.000000
time : 12.903816
