Parameters: GAD=1 vflib=1 dir=0 label=1 lowerbound=1 fileNameGp=../graphsdb/mcs30/m2D/m2Dr6/mcs30_m2Dr6_s80.A42 fileNameGt=../graphsdb/mcs30/m2D/m2Dr6/mcs30_m2Dr6_s80.B42
Reading graphs...
80 :  186
80 :  187
Initializing...
maxdom : 10
D->valSize : 426
Solving...
Blb : 2 (clique : 26)
currentSize : 26 <-- 0.007556 s
currentSize : 27 <-- 0.007896 s
currentSize : 28 <-- 0.008878 s
currentSize : 29 <-- 0.009996 s
currentSize : 30 <-- 0.413209 s
currentSize : 31 <-- 7.406211 s
currentSize : 32 <-- 22.090868 s
currentSize : 33 <-- 31.355474 s
currentSize : 34 <-- 254.244629 s
currentSize : 35 <-- 330.763855 s
currentSize : 36 <-- 362.305115 s

TIMEOUT
maxsize : 36
nodes : 701356547.000000
filtered : 6640394965.000000
time : 3600.000000
