Parameters: GAD=1 vflib=1 dir=0 label=1 lowerbound=1 fileNameGp=../graphsdb/mcs30/rand/r02/mcs30_r02_s80.A35 fileNameGt=../graphsdb/mcs30/rand/r02/mcs30_r02_s80.B35
Reading graphs...
80 :  1133
80 :  1121
Initializing...
maxdom : 10
D->valSize : 426
Solving...
Blb : 2 (clique : 7)
currentSize : 7 <-- 0.004038 s
currentSize : 8 <-- 0.004516 s
currentSize : 9 <-- 0.004695 s
currentSize : 10 <-- 0.015015 s
currentSize : 12 <-- 0.022614 s
currentSize : 13 <-- 0.047775 s
currentSize : 15 <-- 0.057934 s
currentSize : 20 <-- 0.133886 s

maxsize : 20
nodes : 66664.000000
filtered : 1481580.000000
time : 0.416004
