Parameters: GAD=1 vflib=1 dir=0 label=1 lowerbound=1 fileNameGp=../graphsdb/mcs30/bvg/b06m/mcs30_b06m_s60.A59 fileNameGt=../graphsdb/mcs30/bvg/b06m/mcs30_b06m_s60.B59
Reading graphs...
60 :  177
60 :  175
Initializing...
maxdom : 8
D->valSize : 267
Solving...
Blb : 2 (clique : 19)
currentSize : 19 <-- 0.001975 s
currentSize : 20 <-- 0.002100 s
currentSize : 21 <-- 0.003465 s
currentSize : 22 <-- 0.009000 s
currentSize : 23 <-- 0.046490 s
currentSize : 24 <-- 152.160675 s

maxsize : 24
nodes : 54031592.000000
filtered : 475034702.000000
time : 233.745773
