Parameters: GAD=1 vflib=1 dir=0 label=1 lowerbound=1 fileNameGp=../graphsdb/mcs30/m3D/m3Dr4/mcs30_m3Dr4_s70.A59 fileNameGt=../graphsdb/mcs30/m3D/m3Dr4/mcs30_m3Dr4_s70.B59
Reading graphs...
70 :  187
70 :  186
Initializing...
maxdom : 11
D->valSize : 360
Solving...
Blb : 3 (clique : 26)
currentSize : 26 <-- 0.003274 s
currentSize : 27 <-- 2.133893 s
currentSize : 28 <-- 86.419868 s
currentSize : 29 <-- 90.761818 s
currentSize : 30 <-- 325.142212 s
currentSize : 31 <-- 327.676178 s
currentSize : 32 <-- 330.964447 s
currentSize : 33 <-- 424.102081 s

maxsize : 33
nodes : 107751595.000000
filtered : 953615296.000000
time : 499.132965
