Parameters: GAD=1 vflib=1 dir=0 label=1 lowerbound=1 fileNameGp=../graphsdb/mcs30/m4D/m4Dr4/mcs30_m4Dr4_s50.A28 fileNameGt=../graphsdb/mcs30/m4D/m4Dr4/mcs30_m4Dr4_s50.B28
Reading graphs...
50 :  105
50 :  105
Initializing...
maxdom : 10
D->valSize : 345
Solving...
Blb : 2 (clique : 18)
currentSize : 18 <-- 0.002762 s
currentSize : 19 <-- 0.005048 s
currentSize : 20 <-- 0.021523 s
currentSize : 21 <-- 1.686427 s
currentSize : 22 <-- 22.468405 s
currentSize : 23 <-- 1031.257202 s

maxsize : 23
nodes : 722113010.000000
filtered : 8044294221.000000
time : 2704.247559
