Parameters: GAD=1 vflib=1 dir=0 label=1 lowerbound=1 fileNameGp=../graphsdb/mcs30/rand/r01/mcs30_r01_s70.A47 fileNameGt=../graphsdb/mcs30/rand/r01/mcs30_r01_s70.B47
Reading graphs...
70 :  457
70 :  457
Initializing...
maxdom : 8
D->valSize : 346
Solving...
Blb : 2 (clique : 13)
currentSize : 13 <-- 0.002811 s
currentSize : 14 <-- 0.003223 s
currentSize : 15 <-- 0.003368 s
currentSize : 16 <-- 0.004533 s
currentSize : 18 <-- 0.004765 s
currentSize : 19 <-- 0.929532 s
currentSize : 20 <-- 5.894811 s

maxsize : 20
nodes : 3201411.000000
filtered : 46245336.000000
time : 16.782721
