Parameters: GAD=1 vflib=1 dir=0 label=1 lowerbound=1 fileNameGp=../graphsdb/mcs30/m2D/m2D/mcs30_m2D_s90.A29 fileNameGt=../graphsdb/mcs30/m2D/m2D/mcs30_m2D_s90.B29
Reading graphs...
90 :  161
90 :  160
Initializing...
maxdom : 9
D->valSize : 511
Solving...
Blb : 2 (clique : 32)
currentSize : 32 <-- 0.005929 s
currentSize : 33 <-- 0.035735 s
currentSize : 34 <-- 0.573122 s
currentSize : 35 <-- 0.599046 s
currentSize : 36 <-- 0.632278 s
currentSize : 37 <-- 14.664808 s
currentSize : 38 <-- 71.099533 s
currentSize : 39 <-- 2477.933838 s

TIMEOUT
maxsize : 39
nodes : 800809526.000000
filtered : 4461068665.000000
time : 3600.000000
