Parameters: GAD=1 vflib=1 dir=0 label=1 lowerbound=1 fileNameGp=../graphsdb/mcs30/m3D/m3Dr6/mcs30_m3Dr6_s70.A42 fileNameGt=../graphsdb/mcs30/m3D/m3Dr6/mcs30_m3Dr6_s70.B42
Reading graphs...
70 :  197
70 :  195
Initializing...
maxdom : 7
D->valSize : 339
Solving...
Blb : 2 (clique : 20)
currentSize : 20 <-- 0.002806 s
currentSize : 21 <-- 0.003443 s
currentSize : 22 <-- 0.183136 s
currentSize : 23 <-- 0.714728 s
currentSize : 24 <-- 63.608692 s
currentSize : 25 <-- 329.847656 s
currentSize : 26 <-- 854.869751 s
currentSize : 27 <-- 2315.024902 s
currentSize : 28 <-- 2509.617432 s
currentSize : 29 <-- 2509.619873 s
currentSize : 30 <-- 2509.620117 s
currentSize : 31 <-- 2720.885742 s

maxsize : 31
nodes : 779413415.000000
filtered : 6119069981.000000
time : 3449.921143
