Parameters: GAD=1 vflib=1 dir=0 label=1 lowerbound=1 fileNameGp=../graphsdb/mcs30/m4D/m4Dr4/mcs30_m4Dr4_s60.A67 fileNameGt=../graphsdb/mcs30/m4D/m4Dr4/mcs30_m4Dr4_s60.B67
Reading graphs...
60 :  125
60 :  122
Initializing...
maxdom : 8
D->valSize : 255
Solving...
Blb : 2 (clique : 20)
currentSize : 20 <-- 0.001945 s
currentSize : 21 <-- 0.002292 s
currentSize : 22 <-- 0.002639 s
currentSize : 23 <-- 0.058122 s
currentSize : 24 <-- 0.058471 s
currentSize : 25 <-- 1.152541 s

maxsize : 25
nodes : 152866070.000000
filtered : 1195965674.000000
time : 604.574524
