Parameters: GAD=1 vflib=1 dir=0 label=1 lowerbound=1 fileNameGp=../graphsdb/mcs30/bvg/b06m/mcs30_b06m_s35.A62 fileNameGt=../graphsdb/mcs30/bvg/b06m/mcs30_b06m_s35.B62
Reading graphs...
35 :  101
35 :  102
Initializing...
maxdom : 6
D->valSize : 164
Solving...
Blb : 2 (clique : 9)
currentSize : 9 <-- 0.001269 s
currentSize : 10 <-- 0.002064 s
currentSize : 11 <-- 0.002253 s
currentSize : 12 <-- 0.065054 s
currentSize : 13 <-- 0.423157 s

maxsize : 13
nodes : 158992.000000
filtered : 1241197.000000
time : 0.591197
