Parameters: GAD=1 vflib=1 dir=0 label=1 lowerbound=1 fileNameGp=../graphsdb/mcs30/m4D/m4Dr6/mcs30_m4Dr6_s60.A20 fileNameGt=../graphsdb/mcs30/m4D/m4Dr6/mcs30_m4Dr6_s60.B20
Reading graphs...
60 :  136
60 :  134
Initializing...
maxdom : 7
D->valSize : 231
Solving...
Blb : 2 (clique : 21)
currentSize : 21 <-- 0.001791 s
currentSize : 22 <-- 0.002028 s
currentSize : 23 <-- 0.059368 s
currentSize : 24 <-- 15.497492 s
currentSize : 25 <-- 97.688934 s

maxsize : 25
nodes : 74445669.000000
filtered : 532386901.000000
time : 296.710754
