Parameters: GAD=1 vflib=1 dir=0 label=1 lowerbound=1 fileNameGp=../graphsdb/mcs30/m2D/m2Dr2/mcs30_m2Dr2_s50.A07 fileNameGt=../graphsdb/mcs30/m2D/m2Dr2/mcs30_m2Dr2_s50.B07
Reading graphs...
50 :  94
50 :  93
Initializing...
maxdom : 9
D->valSize : 306
Solving...
Blb : 2 (clique : 18)
currentSize : 18 <-- 0.003487 s
currentSize : 19 <-- 0.004429 s
currentSize : 20 <-- 0.014704 s
currentSize : 21 <-- 0.104023 s
currentSize : 22 <-- 4.260025 s
currentSize : 23 <-- 5.166796 s
currentSize : 24 <-- 896.262207 s

maxsize : 24
nodes : 419868522.000000
filtered : 3978692872.000000
time : 1529.560425
