Parameters: GAD=1 vflib=1 dir=0 label=1 lowerbound=1 fileNameGp=../graphsdb/mcs30/rand/r001/mcs30_r001_s100.A91 fileNameGt=../graphsdb/mcs30/rand/r001/mcs30_r001_s100.B91
Reading graphs...
100 :  120
100 :  119
Initializing...
maxdom : 6
D->valSize : 351
Solving...
Blb : 2 (clique : 39)
currentSize : 39 <-- 0.006147 s
currentSize : 40 <-- 0.052196 s
currentSize : 41 <-- 0.514993 s
currentSize : 42 <-- 2.999528 s
currentSize : 43 <-- 316.143311 s
currentSize : 44 <-- 597.966187 s
currentSize : 45 <-- 1028.664795 s
currentSize : 46 <-- 1370.430176 s

TIMEOUT
maxsize : 46
nodes : 869745210.000000
filtered : 3542394383.000000
time : 3600.000000
