Parameters: GAD=1 vflib=1 dir=0 label=1 lowerbound=1 fileNameGp=../graphsdb/mcs30/rand/r02/mcs30_r02_s90.A28 fileNameGt=../graphsdb/mcs30/rand/r02/mcs30_r02_s90.B28
Reading graphs...
90 :  1414
90 :  1442
Initializing...
maxdom : 9
D->valSize : 524
Solving...
Blb : 2 (clique : 9)
currentSize : 9 <-- 0.005454 s
currentSize : 11 <-- 0.006790 s
currentSize : 12 <-- 0.025776 s
currentSize : 13 <-- 0.091610 s
currentSize : 14 <-- 0.092017 s
currentSize : 15 <-- 0.092086 s
currentSize : 16 <-- 0.223833 s
currentSize : 19 <-- 0.231427 s
currentSize : 20 <-- 0.307120 s
currentSize : 22 <-- 0.391562 s
currentSize : 23 <-- 0.391656 s
currentSize : 24 <-- 0.392438 s

maxsize : 24
nodes : 128866.000000
filtered : 3021575.000000
time : 0.889299
