Parameters: GAD=1 vflib=1 dir=0 label=1 lowerbound=1 fileNameGp=../graphsdb/mcs30/bvg/b06/mcs30_b06_s40.A17 fileNameGt=../graphsdb/mcs30/bvg/b06/mcs30_b06_s40.B17
Reading graphs...
40 :  120
40 :  118
Initializing...
maxdom : 8
D->valSize : 210
Solving...
Blb : 2 (clique : 11)
currentSize : 11 <-- 0.001162 s
currentSize : 12 <-- 0.001222 s
currentSize : 13 <-- 0.002121 s
currentSize : 14 <-- 0.133194 s
currentSize : 15 <-- 0.217678 s

maxsize : 15
nodes : 118813.000000
filtered : 1560026.000000
time : 0.409304
