Parameters: GAD=1 vflib=1 dir=0 label=1 lowerbound=1 fileNameGp=../graphsdb/mcs30/rand/r02/mcs30_r02_s100.A27 fileNameGt=../graphsdb/mcs30/rand/r02/mcs30_r02_s100.B27
Reading graphs...
100 :  1762
100 :  1772
Initializing...
maxdom : 9
D->valSize : 355
Solving...
Blb : 3 (clique : 8)
currentSize : 8 <-- 0.003453 s
currentSize : 9 <-- 0.003774 s
currentSize : 11 <-- 0.015323 s
currentSize : 12 <-- 0.018889 s
currentSize : 13 <-- 0.021954 s
currentSize : 14 <-- 0.043089 s
currentSize : 15 <-- 0.161017 s
currentSize : 17 <-- 0.161111 s
currentSize : 22 <-- 0.204212 s

maxsize : 22
nodes : 126159.000000
filtered : 1365546.000000
time : 0.750038
