Parameters: GAD=1 vflib=1 dir=0 label=1 lowerbound=1 fileNameGp=../graphsdb/mcs30/bvg/b09/mcs30_b09_s70.A97 fileNameGt=../graphsdb/mcs30/bvg/b09/mcs30_b09_s70.B97
Reading graphs...
70 :  310
70 :  309
Initializing...
maxdom : 7
D->valSize : 315
Solving...
Blb : 2 (clique : 15)
currentSize : 15 <-- 0.002706 s
currentSize : 16 <-- 0.003159 s
currentSize : 17 <-- 0.086482 s
currentSize : 18 <-- 0.086986 s
currentSize : 19 <-- 0.092059 s
currentSize : 20 <-- 2.865137 s
currentSize : 21 <-- 4.565921 s
currentSize : 22 <-- 7.216103 s
currentSize : 23 <-- 10.109620 s

maxsize : 23
nodes : 31698955.000000
filtered : 338441661.000000
time : 157.391388
