Parameters: GAD=1 vflib=1 dir=0 label=1 lowerbound=1 fileNameGp=../graphsdb/mcs30/m4D/m4Dr2/mcs30_m4Dr2_s70.A98 fileNameGt=../graphsdb/mcs30/m4D/m4Dr2/mcs30_m4Dr2_s70.B98
Reading graphs...
70 :  132
70 :  131
Initializing...
maxdom : 8
D->valSize : 315
Solving...
Blb : 2 (clique : 26)
currentSize : 26 <-- 0.004251 s
currentSize : 27 <-- 0.006573 s
currentSize : 28 <-- 0.011750 s
currentSize : 29 <-- 0.104312 s
currentSize : 30 <-- 126.633263 s
currentSize : 31 <-- 623.474854 s

TIMEOUT
maxsize : 31
nodes : 820480006.000000
filtered : 5911164789.000000
time : 3600.000000
