Parameters: GAD=1 vflib=1 dir=0 label=1 lowerbound=1 fileNameGp=../graphsdb/mcs30/m3D/m3Dr4/mcs30_m3Dr4_s90.A39 fileNameGt=../graphsdb/mcs30/m3D/m3Dr4/mcs30_m3Dr4_s90.B39
Reading graphs...
90 :  241
90 :  243
Initializing...
maxdom : 9
D->valSize : 532
Solving...
Blb : 2 (clique : 32)
currentSize : 32 <-- 0.006095 s
currentSize : 33 <-- 0.006508 s
currentSize : 34 <-- 0.017795 s
currentSize : 35 <-- 0.073930 s
currentSize : 36 <-- 0.140015 s
currentSize : 37 <-- 3.220919 s

TIMEOUT
maxsize : 37
nodes : 619639588.000000
filtered : 5694343483.000000
time : 3600.000000
