Parameters: GAD=1 vflib=1 dir=0 label=1 lowerbound=1 fileNameGp=../graphsdb/mcs30/m2D/m2Dr6/mcs30_m2Dr6_s100.A87 fileNameGt=../graphsdb/mcs30/m2D/m2Dr6/mcs30_m2Dr6_s100.B87
Reading graphs...
100 :  238
100 :  235
Initializing...
maxdom : 6
D->valSize : 335
Solving...
Blb : 2 (clique : 31)
currentSize : 31 <-- 0.003259 s
currentSize : 32 <-- 0.003723 s
currentSize : 33 <-- 0.006219 s
currentSize : 34 <-- 0.006414 s
currentSize : 35 <-- 1.539947 s
currentSize : 36 <-- 1.542144 s
currentSize : 37 <-- 221.130173 s
currentSize : 38 <-- 1855.433228 s
currentSize : 39 <-- 1887.990479 s

TIMEOUT
maxsize : 39
nodes : 682848245.000000
filtered : 3284389775.000000
time : 3600.000000
