Parameters: GAD=1 vflib=1 dir=0 label=1 lowerbound=1 fileNameGp=../graphsdb/mcs30/rand/r01/mcs30_r01_s50.A80 fileNameGt=../graphsdb/mcs30/rand/r01/mcs30_r01_s50.B80
Reading graphs...
50 :  228
50 :  228
Initializing...
maxdom : 10
D->valSize : 324
Solving...
Blb : 2 (clique : 10)
currentSize : 10 <-- 0.003484 s
currentSize : 11 <-- 0.003613 s
currentSize : 12 <-- 0.003752 s
currentSize : 13 <-- 0.015609 s
currentSize : 14 <-- 2.017361 s
currentSize : 15 <-- 10.975858 s
currentSize : 16 <-- 16.428192 s

maxsize : 16
nodes : 4974344.000000
filtered : 58167872.000000
time : 19.419409
