Parameters: GAD=1 vflib=1 dir=0 label=1 lowerbound=1 fileNameGp=../graphsdb/mcs30/rand/r02/mcs30_r02_s40.A49 fileNameGt=../graphsdb/mcs30/rand/r02/mcs30_r02_s40.B49
Reading graphs...
40 :  281
40 :  284
Initializing...
maxdom : 9
D->valSize : 206
Solving...
Blb : 2 (clique : 6)
currentSize : 6 <-- 0.001234 s
currentSize : 7 <-- 0.001334 s
currentSize : 8 <-- 0.002145 s
currentSize : 9 <-- 0.018712 s
currentSize : 10 <-- 0.026449 s
currentSize : 12 <-- 0.029948 s

maxsize : 12
nodes : 12518.000000
filtered : 140045.000000
time : 0.044573
