Parameters: GAD=1 vflib=1 dir=0 label=1 lowerbound=1 fileNameGp=../graphsdb/mcs30/m3D/m3Dr4/mcs30_m3Dr4_s70.A69 fileNameGt=../graphsdb/mcs30/m3D/m3Dr4/mcs30_m3Dr4_s70.B69
Reading graphs...
70 :  186
70 :  185
Initializing...
maxdom : 8
D->valSize : 324
Solving...
Blb : 2 (clique : 23)
currentSize : 23 <-- 0.002724 s
currentSize : 24 <-- 1.036242 s
currentSize : 25 <-- 1.450471 s
currentSize : 26 <-- 6.050798 s
currentSize : 27 <-- 525.798218 s
currentSize : 28 <-- 663.581238 s
currentSize : 29 <-- 664.809875 s
currentSize : 30 <-- 1761.317749 s

maxsize : 30
nodes : 703819863.000000
filtered : 5836651657.000000
time : 3336.076172
