Parameters: GAD=1 vflib=1 dir=0 label=1 lowerbound=1 fileNameGp=../graphsdb/mcs30/m3D/m3Dr2/mcs30_m3Dr2_s100.A48 fileNameGt=../graphsdb/mcs30/m3D/m3Dr2/mcs30_m3Dr2_s100.B48
Reading graphs...
100 :  255
100 :  253
Initializing...
maxdom : 7
D->valSize : 338
Solving...
Blb : 2 (clique : 28)
currentSize : 28 <-- 0.005427 s
currentSize : 29 <-- 0.006274 s
currentSize : 30 <-- 0.008989 s
currentSize : 31 <-- 0.070029 s
currentSize : 32 <-- 0.336041 s
currentSize : 33 <-- 9.839647 s
currentSize : 34 <-- 9.848594 s
currentSize : 35 <-- 76.519653 s
currentSize : 36 <-- 77.311836 s

TIMEOUT
maxsize : 36
nodes : 662544755.000000
filtered : 3694359498.000000
time : 3600.000000
