Parameters: GAD=1 vflib=1 dir=0 label=1 lowerbound=1 fileNameGp=../graphsdb/mcs30/m3D/m3Dr4/mcs30_m3Dr4_s70.A29 fileNameGt=../graphsdb/mcs30/m3D/m3Dr4/mcs30_m3Dr4_s70.B29
Reading graphs...
70 :  182
70 :  184
Initializing...
maxdom : 7
D->valSize : 320
Solving...
Blb : 2 (clique : 24)
currentSize : 24 <-- 0.002785 s
currentSize : 25 <-- 0.003004 s
currentSize : 26 <-- 0.003256 s
currentSize : 27 <-- 0.003612 s
currentSize : 28 <-- 0.006253 s
currentSize : 29 <-- 0.006508 s
currentSize : 30 <-- 0.026094 s

maxsize : 30
nodes : 332861033.000000
filtered : 3072688991.000000
time : 1737.224854
