Parameters: GAD=1 vflib=1 dir=0 label=1 lowerbound=1 fileNameGp=../graphsdb/mcs30/rand/r001/mcs30_r001_s100.A75 fileNameGt=../graphsdb/mcs30/rand/r001/mcs30_r001_s100.B75
Reading graphs...
100 :  120
100 :  120
Initializing...
maxdom : 6
D->valSize : 338
Solving...
Blb : 2 (clique : 41)
currentSize : 41 <-- 0.003676 s
currentSize : 42 <-- 0.014479 s
currentSize : 43 <-- 0.117413 s
currentSize : 44 <-- 0.762164 s
currentSize : 45 <-- 501.561829 s
currentSize : 46 <-- 1355.055420 s
currentSize : 47 <-- 2621.058350 s

TIMEOUT
maxsize : 47
nodes : 856815117.000000
filtered : 1851213786.000000
time : 3600.000000
