Parameters: GAD=1 vflib=1 dir=0 label=1 lowerbound=1 fileNameGp=../graphsdb/mcs30/m3D/m3D/mcs30_m3D_s80.A80 fileNameGt=../graphsdb/mcs30/m3D/m3D/mcs30_m3D_s80.B80
Reading graphs...
80 :  184
80 :  183
Initializing...
maxdom : 8
D->valSize : 421
Solving...
Blb : 2 (clique : 24)
currentSize : 24 <-- 0.004311 s
currentSize : 25 <-- 0.004502 s
currentSize : 26 <-- 0.004612 s
currentSize : 27 <-- 0.004693 s
currentSize : 28 <-- 0.005555 s
currentSize : 29 <-- 0.464256 s
currentSize : 30 <-- 31.697252 s
currentSize : 31 <-- 81.265411 s
currentSize : 32 <-- 1053.368408 s

TIMEOUT
maxsize : 32
nodes : 768740645.000000
filtered : 5721548840.000000
time : 3600.000000
