Parameters: GAD=1 vflib=1 dir=0 label=1 lowerbound=1 fileNameGp=../graphsdb/mcs30/bvg/b03/mcs30_b03_s90.A34 fileNameGt=../graphsdb/mcs30/bvg/b03/mcs30_b03_s90.B34
Reading graphs...
90 :  135
90 :  135
Initializing...
maxdom : 11
D->valSize : 557
Solving...
Blb : 2 (clique : 35)
currentSize : 35 <-- 0.006756 s
currentSize : 36 <-- 0.007083 s
currentSize : 37 <-- 0.572996 s
currentSize : 38 <-- 1.470083 s
currentSize : 39 <-- 48.365135 s
currentSize : 40 <-- 227.698608 s
currentSize : 41 <-- 574.526733 s

TIMEOUT
maxsize : 41
nodes : 806153878.000000
filtered : 5187507107.000000
time : 3600.000000
