Parameters: GAD=1 vflib=1 dir=0 label=1 lowerbound=1 fileNameGp=../graphsdb/mcs30/m2D/m2Dr2/mcs30_m2Dr2_s70.A04 fileNameGt=../graphsdb/mcs30/m2D/m2Dr2/mcs30_m2Dr2_s70.B04
Reading graphs...
70 :  136
70 :  136
Initializing...
maxdom : 11
D->valSize : 333
Solving...
Blb : 2 (clique : 22)
currentSize : 22 <-- 0.004560 s
currentSize : 25 <-- 0.004803 s
currentSize : 26 <-- 0.011962 s
currentSize : 27 <-- 0.193602 s
currentSize : 28 <-- 8.901228 s
currentSize : 29 <-- 1678.186279 s
currentSize : 30 <-- 1681.836060 s

TIMEOUT
maxsize : 30
nodes : 873545389.000000
filtered : 6850596342.000000
time : 3600.000000
