Parameters: GAD=1 vflib=1 dir=0 label=1 lowerbound=1 fileNameGp=../graphsdb/mcs30/bvg/b03/mcs30_b03_s80.A80 fileNameGt=../graphsdb/mcs30/bvg/b03/mcs30_b03_s80.B80
Reading graphs...
80 :  120
80 :  120
Initializing...
maxdom : 8
D->valSize : 435
Solving...
Blb : 2 (clique : 32)
currentSize : 32 <-- 0.004381 s
currentSize : 33 <-- 0.004648 s
currentSize : 34 <-- 0.004841 s
currentSize : 35 <-- 0.005134 s
currentSize : 36 <-- 0.008358 s
currentSize : 37 <-- 18.794111 s
currentSize : 38 <-- 18.797407 s
currentSize : 39 <-- 24.186783 s

TIMEOUT
maxsize : 39
nodes : 932375691.000000
filtered : 5747635534.000000
time : 3600.000000
