Parameters: GAD=1 vflib=1 dir=0 label=1 lowerbound=1 fileNameGp=../graphsdb/mcs30/bvg/b03m/mcs30_b03m_s35.A56 fileNameGt=../graphsdb/mcs30/bvg/b03m/mcs30_b03m_s35.B56
Reading graphs...
35 :  52
35 :  52
Initializing...
maxdom : 9
D->valSize : 171
Solving...
Blb : 2 (clique : 13)
currentSize : 13 <-- 0.000899 s
currentSize : 14 <-- 0.000960 s
currentSize : 15 <-- 0.019787 s
currentSize : 16 <-- 0.034031 s
currentSize : 17 <-- 0.149129 s

maxsize : 17
nodes : 50629.000000
filtered : 507163.000000
time : 0.162089
