Parameters: GAD=1 vflib=1 dir=0 label=1 lowerbound=1 fileNameGp=../graphsdb/mcs30/rand/r005/mcs30_r005_s50.A81 fileNameGt=../graphsdb/mcs30/rand/r005/mcs30_r005_s50.B81
Reading graphs...
50 :  126
50 :  125
Initializing...
maxdom : 11
D->valSize : 359
Solving...
Blb : 2 (clique : 16)
currentSize : 16 <-- 0.002828 s
currentSize : 17 <-- 0.002941 s
currentSize : 18 <-- 0.008963 s
currentSize : 19 <-- 0.454071 s
currentSize : 20 <-- 4.644491 s
currentSize : 21 <-- 6.691979 s

maxsize : 21
nodes : 36485963.000000
filtered : 600921144.000000
time : 170.936523
