Parameters: GAD=1 vflib=1 dir=0 label=1 lowerbound=1 fileNameGp=../graphsdb/mcs30/rand/r01/mcs30_r01_s60.A53 fileNameGt=../graphsdb/mcs30/rand/r01/mcs30_r01_s60.B53
Reading graphs...
60 :  335
60 :  334
Initializing...
maxdom : 6
D->valSize : 256
Solving...
Blb : 5 (clique : 11)
currentSize : 11 <-- 0.002703 s
currentSize : 12 <-- 0.003539 s
currentSize : 13 <-- 0.005678 s
currentSize : 14 <-- 0.052359 s
currentSize : 15 <-- 0.055974 s
currentSize : 16 <-- 0.056033 s
currentSize : 17 <-- 0.136937 s
currentSize : 18 <-- 2.094582 s

maxsize : 18
nodes : 758903.000000
filtered : 9150539.000000
time : 3.552101
