Parameters: GAD=1 vflib=1 dir=0 label=1 lowerbound=1 fileNameGp=../graphsdb/mcs30/bvg/b09/mcs30_b09_s50.A36 fileNameGt=../graphsdb/mcs30/bvg/b09/mcs30_b09_s50.B36
Reading graphs...
50 :  216
50 :  218
Initializing...
maxdom : 9
D->valSize : 330
Solving...
Blb : 2 (clique : 10)
currentSize : 10 <-- 0.002360 s
currentSize : 11 <-- 0.002826 s
currentSize : 12 <-- 0.004993 s
currentSize : 13 <-- 0.025092 s
currentSize : 14 <-- 0.029231 s
currentSize : 15 <-- 0.289231 s
currentSize : 16 <-- 0.863442 s
currentSize : 17 <-- 1.778950 s
currentSize : 18 <-- 2.395640 s

maxsize : 18
nodes : 993630.000000
filtered : 19179042.000000
time : 4.801090
