Parameters: GAD=1 vflib=1 dir=0 label=1 lowerbound=1 fileNameGp=../graphsdb/mcs30/bvg/b09/mcs30_b09_s70.A61 fileNameGt=../graphsdb/mcs30/bvg/b09/mcs30_b09_s70.B61
Reading graphs...
70 :  308
70 :  306
Initializing...
maxdom : 11
D->valSize : 312
Solving...
Blb : 2 (clique : 15)
currentSize : 15 <-- 0.002630 s
currentSize : 16 <-- 0.009679 s
currentSize : 17 <-- 0.014162 s
currentSize : 18 <-- 0.227082 s
currentSize : 19 <-- 0.739928 s
currentSize : 20 <-- 0.786751 s
currentSize : 21 <-- 8.779569 s
currentSize : 22 <-- 9.698360 s
currentSize : 23 <-- 11.302794 s
currentSize : 24 <-- 11.303194 s

maxsize : 24
nodes : 8649262.000000
filtered : 85645726.000000
time : 40.069588
