Parameters: GAD=1 vflib=1 dir=0 label=1 lowerbound=1 fileNameGp=../graphsdb/mcs30/m2D/m2Dr4/mcs30_m2Dr4_s100.A86 fileNameGt=../graphsdb/mcs30/m2D/m2Dr4/mcs30_m2Dr4_s100.B86
Reading graphs...
100 :  219
100 :  217
Initializing...
maxdom : 6
D->valSize : 309
Solving...
Blb : 2 (clique : 26)
currentSize : 26 <-- 0.005139 s
currentSize : 27 <-- 0.005597 s
currentSize : 28 <-- 0.006198 s
currentSize : 29 <-- 0.007227 s
currentSize : 30 <-- 0.007871 s
currentSize : 31 <-- 0.057691 s
currentSize : 32 <-- 57.342361 s
currentSize : 33 <-- 654.906555 s
currentSize : 34 <-- 728.776550 s
currentSize : 35 <-- 2827.850586 s

TIMEOUT
maxsize : 35
nodes : 696479524.000000
filtered : 3713080617.000000
time : 3600.000000
