Parameters: GAD=1 vflib=1 dir=0 label=1 lowerbound=1 fileNameGp=../graphsdb/mcs30/rand/r005/mcs30_r005_s90.A81 fileNameGt=../graphsdb/mcs30/rand/r005/mcs30_r005_s90.B81
Reading graphs...
90 :  394
90 :  395
Initializing...
maxdom : 9
D->valSize : 534
Solving...
Blb : 2 (clique : 19)
currentSize : 19 <-- 0.009820 s
currentSize : 20 <-- 0.010659 s
currentSize : 21 <-- 0.013319 s
currentSize : 22 <-- 0.017333 s
currentSize : 23 <-- 0.180712 s
currentSize : 24 <-- 0.859595 s
currentSize : 25 <-- 21.616659 s
currentSize : 26 <-- 21.616812 s
currentSize : 27 <-- 319.447205 s

TIMEOUT
maxsize : 27
nodes : 652162820.000000
filtered : 6946165939.000000
time : 3600.000000
