Parameters: GAD=1 vflib=1 dir=0 label=1 lowerbound=1 fileNameGp=../graphsdb/mcs30/m2D/m2D/mcs30_m2D_s70.A90 fileNameGt=../graphsdb/mcs30/m2D/m2D/mcs30_m2D_s70.B90
Reading graphs...
70 :  122
70 :  123
Initializing...
maxdom : 7
D->valSize : 327
Solving...
Blb : 2 (clique : 26)
currentSize : 26 <-- 0.002820 s
currentSize : 27 <-- 0.003541 s
currentSize : 28 <-- 1.139140 s
currentSize : 29 <-- 3.087820 s
currentSize : 30 <-- 5.178628 s
currentSize : 31 <-- 288.398560 s
currentSize : 32 <-- 1862.359985 s
currentSize : 33 <-- 1896.618042 s
currentSize : 34 <-- 2377.324951 s
currentSize : 35 <-- 2707.019287 s

maxsize : 35
nodes : 806464888.000000
filtered : 5641760932.000000
time : 3596.049316
