Parameters: GAD=1 vflib=1 dir=0 label=1 lowerbound=1 fileNameGp=../graphsdb/mcs30/m2D/m2D/mcs30_m2D_s70.A03 fileNameGt=../graphsdb/mcs30/m2D/m2D/mcs30_m2D_s70.B03
Reading graphs...
70 :  123
70 :  122
Initializing...
maxdom : 7
D->valSize : 326
Solving...
Blb : 2 (clique : 29)
currentSize : 29 <-- 0.002816 s
currentSize : 30 <-- 93.860352 s
currentSize : 31 <-- 109.634903 s
currentSize : 32 <-- 1169.142944 s
currentSize : 33 <-- 1209.056519 s
currentSize : 34 <-- 1679.994995 s
currentSize : 35 <-- 1700.466064 s
currentSize : 36 <-- 1700.467407 s

maxsize : 36
nodes : 668227223.000000
filtered : 5562162668.000000
time : 3159.113037
