Parameters: GAD=1 vflib=1 dir=0 label=1 lowerbound=1 fileNameGp=../graphsdb/mcs30/m4D/m4D/mcs30_m4D_s80.A25 fileNameGt=../graphsdb/mcs30/m4D/m4D/mcs30_m4D_s80.B25
Reading graphs...
80 :  131
80 :  131
Initializing...
maxdom : 8
D->valSize : 446
Solving...
Blb : 2 (clique : 28)
currentSize : 28 <-- 0.004640 s
currentSize : 29 <-- 0.093935 s
currentSize : 30 <-- 0.277644 s
currentSize : 31 <-- 0.361131 s
currentSize : 32 <-- 4.373452 s
currentSize : 33 <-- 7.752422 s
currentSize : 34 <-- 17.503344 s
currentSize : 35 <-- 1595.650269 s

TIMEOUT
maxsize : 35
nodes : 797600438.000000
filtered : 5005126338.000000
time : 3600.000000
