Parameters: GAD=1 vflib=1 dir=0 label=1 lowerbound=1 fileNameGp=../graphsdb/mcs30/m2D/m2Dr2/mcs30_m2Dr2_s70.A49 fileNameGt=../graphsdb/mcs30/m2D/m2Dr2/mcs30_m2Dr2_s70.B49
Reading graphs...
70 :  135
70 :  136
Initializing...
maxdom : 8
D->valSize : 293
Solving...
Blb : 2 (clique : 24)
currentSize : 24 <-- 0.002525 s
currentSize : 25 <-- 0.003385 s
currentSize : 26 <-- 0.004460 s
currentSize : 27 <-- 0.130503 s
currentSize : 28 <-- 0.185847 s
currentSize : 29 <-- 79.056969 s
currentSize : 30 <-- 2769.900391 s

TIMEOUT
maxsize : 30
nodes : 801507870.000000
filtered : 6739438994.000000
time : 3600.000000
