Parameters: GAD=1 vflib=1 dir=0 label=1 lowerbound=1 fileNameGp=../graphsdb/mcs30/bvg/b06/mcs30_b06_s100.A82 fileNameGt=../graphsdb/mcs30/bvg/b06/mcs30_b06_s100.B82
Reading graphs...
100 :  296
100 :  297
Initializing...
maxdom : 8
D->valSize : 311
Solving...
Blb : 2 (clique : 24)
currentSize : 24 <-- 0.003140 s
currentSize : 25 <-- 0.003446 s
currentSize : 26 <-- 0.003515 s
currentSize : 27 <-- 3.535532 s
currentSize : 28 <-- 6.410620 s
currentSize : 29 <-- 22.169443 s
currentSize : 30 <-- 44.255333 s
currentSize : 31 <-- 45.419334 s
currentSize : 32 <-- 52.555126 s
currentSize : 33 <-- 110.832611 s
currentSize : 34 <-- 143.945282 s
currentSize : 35 <-- 143.995956 s
currentSize : 36 <-- 1077.762085 s

TIMEOUT
maxsize : 36
nodes : 671244600.000000
filtered : 3810142371.000000
time : 3600.000000
