Parameters: GAD=1 vflib=1 dir=0 label=1 lowerbound=1 fileNameGp=../graphsdb/mcs30/rand/r005/mcs30_r005_s60.A96 fileNameGt=../graphsdb/mcs30/rand/r005/mcs30_r005_s60.B96
Reading graphs...
60 :  171
60 :  175
Initializing...
maxdom : 6
D->valSize : 228
Solving...
Blb : 5 (clique : 17)
currentSize : 17 <-- 0.002538 s
currentSize : 18 <-- 0.046204 s
currentSize : 19 <-- 0.110589 s
currentSize : 20 <-- 0.364121 s
currentSize : 21 <-- 0.662686 s
currentSize : 22 <-- 34.938999 s

maxsize : 22
nodes : 21421983.000000
filtered : 155012544.000000
time : 83.374344
