Parameters: GAD=1 vflib=1 dir=0 label=1 lowerbound=1 fileNameGp=../graphsdb/mcs30/rand/r005/mcs30_r005_s30.A37 fileNameGt=../graphsdb/mcs30/rand/r005/mcs30_r005_s30.B37
Reading graphs...
30 :  48
30 :  48
Initializing...
maxdom : 6
D->valSize : 129
Solving...
Blb : 2 (clique : 11)
currentSize : 11 <-- 0.000662 s
currentSize : 12 <-- 0.000724 s
currentSize : 13 <-- 0.005554 s
currentSize : 14 <-- 0.024258 s
currentSize : 15 <-- 0.250249 s

maxsize : 15
nodes : 106370.000000
filtered : 706009.000000
time : 0.298652
