Parameters: GAD=1 vflib=1 dir=0 label=1 lowerbound=1 fileNameGp=../graphsdb/mcs30/m2D/m2Dr4/mcs30_m2Dr4_s70.A70 fileNameGt=../graphsdb/mcs30/m2D/m2Dr4/mcs30_m2Dr4_s70.B70
Reading graphs...
70 :  148
70 :  148
Initializing...
maxdom : 9
D->valSize : 310
Solving...
Blb : 2 (clique : 25)
currentSize : 25 <-- 0.004236 s
currentSize : 26 <-- 0.022635 s
currentSize : 27 <-- 0.062733 s
currentSize : 28 <-- 0.321800 s
currentSize : 29 <-- 21.363045 s
currentSize : 30 <-- 28.249657 s
currentSize : 31 <-- 251.029282 s

maxsize : 31
nodes : 673222289.000000
filtered : 5678037887.000000
time : 3245.174805
