Parameters: GAD=1 vflib=1 dir=0 label=1 lowerbound=1 fileNameGp=../graphsdb/mcs30/m4D/m4D/mcs30_m4D_s80.A91 fileNameGt=../graphsdb/mcs30/m4D/m4D/mcs30_m4D_s80.B91
Reading graphs...
80 :  131
80 :  131
Initializing...
maxdom : 11
D->valSize : 428
Solving...
Blb : 2 (clique : 32)
currentSize : 32 <-- 0.004290 s
currentSize : 33 <-- 0.004993 s
currentSize : 34 <-- 0.006950 s
currentSize : 35 <-- 7.256898 s
currentSize : 36 <-- 30.316162 s
currentSize : 37 <-- 52.406696 s
currentSize : 38 <-- 125.358620 s

TIMEOUT
maxsize : 38
nodes : 904900166.000000
filtered : 6133063675.000000
time : 3600.000000
