Parameters: GAD=1 vflib=1 dir=0 label=1 lowerbound=1 fileNameGp=../graphsdb/mcs30/bvg/b09/mcs30_b09_s70.A49 fileNameGt=../graphsdb/mcs30/bvg/b09/mcs30_b09_s70.B49
Reading graphs...
70 :  309
70 :  307
Initializing...
maxdom : 9
D->valSize : 342
Solving...
Blb : 3 (clique : 19)
currentSize : 19 <-- 0.004585 s
currentSize : 20 <-- 0.004861 s
currentSize : 22 <-- 0.005586 s
currentSize : 23 <-- 0.073634 s
currentSize : 24 <-- 2.136053 s

maxsize : 24
nodes : 22651998.000000
filtered : 239177691.000000
time : 116.122627
