Parameters: GAD=1 vflib=1 dir=0 label=1 lowerbound=1 fileNameGp=../graphsdb/mcs30/bvg/b09/mcs30_b09_s80.A16 fileNameGt=../graphsdb/mcs30/bvg/b09/mcs30_b09_s80.B16
Reading graphs...
80 :  351
80 :  355
Initializing...
maxdom : 8
D->valSize : 417
Solving...
Blb : 3 (clique : 23)
currentSize : 23 <-- 0.003889 s
currentSize : 24 <-- 502.129761 s
currentSize : 25 <-- 502.159668 s
currentSize : 26 <-- 502.300415 s
currentSize : 27 <-- 510.099579 s
currentSize : 28 <-- 3413.468506 s

TIMEOUT
maxsize : 28
nodes : 650527231.000000
filtered : 7786131332.000000
time : 3600.000000
