Parameters: GAD=1 vflib=1 dir=0 label=1 lowerbound=1 fileNameGp=../graphsdb/mcs30/rand/r02/mcs30_r02_s70.A59 fileNameGt=../graphsdb/mcs30/rand/r02/mcs30_r02_s70.B59
Reading graphs...
70 :  860
70 :  847
Initializing...
maxdom : 8
D->valSize : 330
Solving...
Blb : 2 (clique : 7)
currentSize : 7 <-- 0.002607 s
currentSize : 8 <-- 0.002983 s
currentSize : 10 <-- 0.004792 s
currentSize : 14 <-- 0.018232 s
currentSize : 15 <-- 0.025607 s

maxsize : 15
nodes : 58827.000000
filtered : 988230.000000
time : 0.312885
