Parameters: GAD=1 vflib=1 dir=0 label=1 lowerbound=1 fileNameGp=../graphsdb/mcs30/m4D/m4Dr4/mcs30_m4Dr4_s50.A11 fileNameGt=../graphsdb/mcs30/m4D/m4Dr4/mcs30_m4Dr4_s50.B11
Reading graphs...
50 :  103
50 :  104
Initializing...
maxdom : 10
D->valSize : 347
Solving...
Blb : 2 (clique : 19)
currentSize : 19 <-- 0.002757 s
currentSize : 20 <-- 0.002879 s
currentSize : 21 <-- 0.323927 s
currentSize : 22 <-- 0.512186 s
currentSize : 23 <-- 0.537208 s
currentSize : 24 <-- 8.205541 s
currentSize : 25 <-- 17.233091 s

maxsize : 25
nodes : 32829952.000000
filtered : 571355713.000000
time : 163.670349
