Parameters: GAD=1 vflib=1 dir=0 label=1 lowerbound=1 fileNameGp=../graphsdb/mcs30/bvg/b09/mcs30_b09_s70.A65 fileNameGt=../graphsdb/mcs30/bvg/b09/mcs30_b09_s70.B65
Reading graphs...
70 :  308
70 :  310
Initializing...
maxdom : 7
D->valSize : 338
Solving...
Blb : 2 (clique : 20)
currentSize : 20 <-- 0.002907 s
currentSize : 21 <-- 0.003134 s
currentSize : 23 <-- 0.003965 s
currentSize : 24 <-- 0.003998 s
currentSize : 25 <-- 0.837918 s

maxsize : 25
nodes : 25795007.000000
filtered : 241101354.000000
time : 128.393402
