Parameters: GAD=1 vflib=1 dir=0 label=1 lowerbound=1 fileNameGp=../graphsdb/mcs30/m2D/m2Dr2/mcs30_m2Dr2_s60.A83 fileNameGt=../graphsdb/mcs30/m2D/m2Dr2/mcs30_m2Dr2_s60.B83
Reading graphs...
60 :  114
60 :  116
Initializing...
maxdom : 10
D->valSize : 247
Solving...
Blb : 5 (clique : 20)
currentSize : 20 <-- 0.001972 s
currentSize : 21 <-- 0.138295 s
currentSize : 22 <-- 0.230720 s
currentSize : 23 <-- 0.380901 s
currentSize : 24 <-- 18.709827 s
currentSize : 25 <-- 92.170670 s

maxsize : 25
nodes : 141981971.000000
filtered : 1157726075.000000
time : 540.529175
