Parameters: GAD=1 vflib=1 dir=0 label=1 lowerbound=1 fileNameGp=../graphsdb/mcs30/m2D/m2Dr2/mcs30_m2Dr2_s30.A33 fileNameGt=../graphsdb/mcs30/m2D/m2Dr2/mcs30_m2Dr2_s30.B33
Reading graphs...
30 :  55
30 :  53
Initializing...
maxdom : 6
D->valSize : 135
Solving...
Blb : 2 (clique : 9)
currentSize : 9 <-- 0.001074 s
currentSize : 10 <-- 0.001141 s
currentSize : 11 <-- 0.001262 s
currentSize : 12 <-- 0.001476 s
currentSize : 13 <-- 0.073445 s
currentSize : 14 <-- 0.124717 s

maxsize : 14
nodes : 58761.000000
filtered : 401395.000000
time : 0.158102
