Parameters: GAD=1 vflib=1 dir=0 label=1 lowerbound=1 fileNameGp=../graphsdb/mcs30/m3D/m3D/mcs30_m3D_s80.A61 fileNameGt=../graphsdb/mcs30/m3D/m3D/mcs30_m3D_s80.B61
Reading graphs...
80 :  182
80 :  183
Initializing...
maxdom : 10
D->valSize : 414
Solving...
Blb : 2 (clique : 27)
currentSize : 27 <-- 0.004084 s
currentSize : 28 <-- 0.004289 s
currentSize : 29 <-- 0.033401 s
currentSize : 30 <-- 1.227938 s
currentSize : 31 <-- 61.645191 s
currentSize : 32 <-- 179.942932 s

TIMEOUT
maxsize : 32
nodes : 821232008.000000
filtered : 5479259253.000000
time : 3600.000000
