Parameters: GAD=1 vflib=1 dir=0 label=1 lowerbound=1 fileNameGp=../graphsdb/mcs30/bvg/b06m/mcs30_b06m_s100.A28 fileNameGt=../graphsdb/mcs30/bvg/b06m/mcs30_b06m_s100.B28
Reading graphs...
100 :  300
100 :  299
Initializing...
maxdom : 8
D->valSize : 328
Solving...
Blb : 2 (clique : 29)
currentSize : 29 <-- 0.005401 s
currentSize : 30 <-- 0.942149 s
currentSize : 31 <-- 16.355377 s
currentSize : 32 <-- 18.771193 s
currentSize : 33 <-- 60.968407 s
currentSize : 34 <-- 69.783531 s
currentSize : 35 <-- 1120.123657 s
currentSize : 36 <-- 1299.758545 s
currentSize : 37 <-- 1652.383667 s

TIMEOUT
maxsize : 37
nodes : 703592067.000000
filtered : 3381665791.000000
time : 3600.000000
