Parameters: GAD=1 vflib=1 dir=0 label=1 lowerbound=1 fileNameGp=../graphsdb/mcs30/bvg/b06m/mcs30_b06m_s70.A77 fileNameGt=../graphsdb/mcs30/bvg/b06m/mcs30_b06m_s70.B77
Reading graphs...
70 :  201
70 :  206
Initializing...
maxdom : 8
D->valSize : 324
Solving...
Blb : 2 (clique : 21)
currentSize : 21 <-- 0.002906 s
currentSize : 22 <-- 0.003034 s
currentSize : 23 <-- 0.620976 s
currentSize : 24 <-- 13.871858 s
currentSize : 25 <-- 58.081898 s
currentSize : 26 <-- 58.087688 s
currentSize : 27 <-- 58.088280 s
currentSize : 28 <-- 65.922409 s

maxsize : 28
nodes : 279117662.000000
filtered : 2457631977.000000
time : 1292.653931
