Parameters: GAD=1 vflib=1 dir=0 label=1 lowerbound=1 fileNameGp=../graphsdb/mcs30/bvg/b09/mcs30_b09_s100.A00 fileNameGt=../graphsdb/mcs30/bvg/b09/mcs30_b09_s100.B00
Reading graphs...
100 :  445
100 :  445
Initializing...
maxdom : 7
D->valSize : 333
Solving...
Blb : 5 (clique : 24)
currentSize : 24 <-- 0.003270 s
currentSize : 27 <-- 0.682553 s
currentSize : 28 <-- 0.694188 s
currentSize : 29 <-- 2.113314 s
currentSize : 30 <-- 97.162811 s
currentSize : 31 <-- 332.751862 s
currentSize : 32 <-- 410.793274 s
currentSize : 33 <-- 780.234375 s
currentSize : 34 <-- 938.511536 s
currentSize : 35 <-- 1368.033691 s
currentSize : 36 <-- 2125.200195 s

maxsize : 36
nodes : 496819371.000000
filtered : 3240870191.000000
time : 2608.325928
