Parameters: GAD=1 vflib=1 dir=0 label=1 lowerbound=1 fileNameGp=../graphsdb/mcs30/m2D/m2D/mcs30_m2D_s90.A50 fileNameGt=../graphsdb/mcs30/m2D/m2D/mcs30_m2D_s90.B50
Reading graphs...
90 :  161
90 :  159
Initializing...
maxdom : 10
D->valSize : 536
Solving...
Blb : 2 (clique : 35)
currentSize : 35 <-- 0.010466 s
currentSize : 36 <-- 1.375178 s
currentSize : 37 <-- 2.153240 s
currentSize : 38 <-- 2.205423 s
currentSize : 39 <-- 2.206057 s
currentSize : 40 <-- 3.875940 s
currentSize : 41 <-- 4.187751 s

TIMEOUT
maxsize : 41
nodes : 659229830.000000
filtered : 6343185188.000000
time : 3600.000000
