Parameters: GAD=1 vflib=1 dir=0 label=1 lowerbound=1 fileNameGp=../graphsdb/mcs30/m4D/m4Dr6/mcs30_m4Dr6_s70.A96 fileNameGt=../graphsdb/mcs30/m4D/m4Dr6/mcs30_m4Dr6_s70.B96
Reading graphs...
70 :  155
70 :  155
Initializing...
maxdom : 8
D->valSize : 306
Solving...
Blb : 3 (clique : 23)
currentSize : 23 <-- 0.002763 s
currentSize : 24 <-- 0.238628 s
currentSize : 25 <-- 8.914395 s
currentSize : 26 <-- 103.385529 s
currentSize : 27 <-- 115.877853 s
currentSize : 28 <-- 157.908295 s
currentSize : 29 <-- 574.025940 s

TIMEOUT
maxsize : 29
nodes : 822858853.000000
filtered : 6709301104.000000
time : 3600.000000
