Parameters: GAD=1 vflib=1 dir=0 label=1 lowerbound=1 fileNameGp=../graphsdb/mcs30/rand/r02/mcs30_r02_s50.A70 fileNameGt=../graphsdb/mcs30/rand/r02/mcs30_r02_s50.B70
Reading graphs...
50 :  442
50 :  438
Initializing...
maxdom : 13
D->valSize : 315
Solving...
Blb : 2 (clique : 6)
currentSize : 6 <-- 0.003134 s
currentSize : 7 <-- 0.003303 s
currentSize : 9 <-- 0.003417 s
currentSize : 11 <-- 0.003814 s
currentSize : 13 <-- 0.003942 s
currentSize : 15 <-- 0.004061 s

maxsize : 15
nodes : 16057.000000
filtered : 417452.000000
time : 0.106030
