Parameters: GAD=1 vflib=1 dir=0 label=1 lowerbound=1 fileNameGp=../graphsdb/mcs30/m2D/m2D/mcs30_m2D_s60.A19 fileNameGt=../graphsdb/mcs30/m2D/m2D/mcs30_m2D_s60.B19
Reading graphs...
60 :  103
60 :  103
Initializing...
maxdom : 8
D->valSize : 242
Solving...
Blb : 2 (clique : 20)
currentSize : 20 <-- 0.001800 s
currentSize : 21 <-- 0.002745 s
currentSize : 22 <-- 0.004386 s
currentSize : 23 <-- 0.014600 s
currentSize : 24 <-- 7.857918 s
currentSize : 25 <-- 16.001612 s
currentSize : 26 <-- 17.171047 s
currentSize : 27 <-- 408.389862 s

maxsize : 27
nodes : 160621219.000000
filtered : 1260100366.000000
time : 622.823242
