Parameters: GAD=1 vflib=1 dir=0 label=1 lowerbound=1 fileNameGp=../graphsdb/mcs30/rand/r02/mcs30_r02_s90.A45 fileNameGt=../graphsdb/mcs30/rand/r02/mcs30_r02_s90.B45
Reading graphs...
90 :  1424
90 :  1428
Initializing...
maxdom : 12
D->valSize : 532
Solving...
Blb : 2 (clique : 8)
currentSize : 8 <-- 0.006070 s
currentSize : 9 <-- 0.006635 s
currentSize : 10 <-- 0.010620 s
currentSize : 11 <-- 0.028763 s
currentSize : 12 <-- 0.029284 s
currentSize : 14 <-- 0.029586 s
currentSize : 15 <-- 0.029764 s
currentSize : 17 <-- 0.063075 s
currentSize : 18 <-- 0.378511 s
currentSize : 21 <-- 0.451932 s
currentSize : 22 <-- 0.459836 s

maxsize : 22
nodes : 155958.000000
filtered : 3555658.000000
time : 1.058591
