Parameters: GAD=1 vflib=1 dir=0 label=1 lowerbound=1 fileNameGp=../graphsdb/mcs30/m3D/m3Dr4/mcs30_m3Dr4_s80.A78 fileNameGt=../graphsdb/mcs30/m3D/m3Dr4/mcs30_m3Dr4_s80.B78
Reading graphs...
80 :  214
80 :  211
Initializing...
maxdom : 11
D->valSize : 449
Solving...
Blb : 2 (clique : 26)
currentSize : 26 <-- 0.007499 s
currentSize : 27 <-- 0.007820 s
currentSize : 28 <-- 0.007954 s
currentSize : 29 <-- 0.308751 s
currentSize : 30 <-- 0.367140 s
currentSize : 31 <-- 12.750478 s

TIMEOUT
maxsize : 31
nodes : 700016291.000000
filtered : 6657159960.000000
time : 3600.000000
