Parameters: GAD=1 vflib=1 dir=0 label=1 lowerbound=1 fileNameGp=../graphsdb/mcs30/rand/r01/mcs30_r01_s60.A71 fileNameGt=../graphsdb/mcs30/rand/r01/mcs30_r01_s60.B71
Reading graphs...
60 :  332
60 :  334
Initializing...
maxdom : 6
D->valSize : 238
Solving...
Blb : 2 (clique : 12)
currentSize : 12 <-- 0.001719 s
currentSize : 13 <-- 0.002251 s
currentSize : 14 <-- 0.006380 s
currentSize : 15 <-- 0.027066 s
currentSize : 16 <-- 0.029659 s
currentSize : 17 <-- 1.559698 s

maxsize : 17
nodes : 788716.000000
filtered : 7835839.000000
time : 3.361486
