Parameters: GAD=1 vflib=1 dir=0 label=1 lowerbound=1 fileNameGp=../graphsdb/mcs30/m3D/m3D/mcs30_m3D_s100.A29 fileNameGt=../graphsdb/mcs30/m3D/m3D/mcs30_m3D_s100.B29
Reading graphs...
100 :  233
100 :  234
Initializing...
maxdom : 7
D->valSize : 331
Solving...
Blb : 2 (clique : 33)
currentSize : 33 <-- 0.003263 s
currentSize : 34 <-- 0.005644 s
currentSize : 35 <-- 0.224753 s
currentSize : 36 <-- 1.388007 s
currentSize : 37 <-- 1.825557 s
currentSize : 38 <-- 236.681046 s
currentSize : 39 <-- 2638.260010 s

TIMEOUT
maxsize : 39
nodes : 682953457.000000
filtered : 4043571149.000000
time : 3600.000000
