Parameters: GAD=1 vflib=1 dir=0 label=1 lowerbound=1 fileNameGp=../graphsdb/mcs30/m3D/m3D/mcs30_m3D_s70.A11 fileNameGt=../graphsdb/mcs30/m3D/m3D/mcs30_m3D_s70.B11
Reading graphs...
70 :  159
70 :  159
Initializing...
maxdom : 8
D->valSize : 338
Solving...
Blb : 2 (clique : 26)
currentSize : 26 <-- 0.003031 s
currentSize : 27 <-- 0.003197 s
currentSize : 28 <-- 0.003988 s
currentSize : 29 <-- 0.009309 s
currentSize : 30 <-- 0.058075 s
currentSize : 31 <-- 11.672257 s
currentSize : 32 <-- 11.680126 s
currentSize : 33 <-- 173.223953 s

maxsize : 33
nodes : 550691456.000000
filtered : 5715667388.000000
time : 2918.118408
