Parameters: GAD=1 vflib=1 dir=0 label=1 lowerbound=1 fileNameGp=../graphsdb/mcs30/bvg/b09m/mcs30_b09m_s70.A87 fileNameGt=../graphsdb/mcs30/bvg/b09m/mcs30_b09m_s70.B87
Reading graphs...
70 :  304
70 :  307
Initializing...
maxdom : 8
D->valSize : 324
Solving...
Blb : 3 (clique : 19)
currentSize : 19 <-- 0.002614 s
currentSize : 20 <-- 0.035925 s
currentSize : 21 <-- 0.036391 s
currentSize : 22 <-- 0.047188 s
currentSize : 23 <-- 11.130206 s

maxsize : 23
nodes : 13652345.000000
filtered : 175612092.000000
time : 71.344727
