Parameters: GAD=1 vflib=1 dir=0 label=1 lowerbound=1 fileNameGp=../graphsdb/mcs30/m2D/m2Dr4/mcs30_m2Dr4_s60.A45 fileNameGt=../graphsdb/mcs30/m2D/m2Dr4/mcs30_m2Dr4_s60.B45
Reading graphs...
60 :  127
60 :  125
Initializing...
maxdom : 9
D->valSize : 237
Solving...
Blb : 2 (clique : 19)
currentSize : 19 <-- 0.001889 s
currentSize : 20 <-- 0.002070 s
currentSize : 21 <-- 0.002406 s
currentSize : 22 <-- 0.004849 s
currentSize : 23 <-- 0.004967 s
currentSize : 24 <-- 0.027544 s
currentSize : 25 <-- 27.291048 s

maxsize : 25
nodes : 174788323.000000
filtered : 1173940455.000000
time : 637.561768
