Parameters: GAD=1 vflib=1 dir=0 label=1 lowerbound=1 fileNameGp=../graphsdb/mcs30/rand/r005/mcs30_r005_s70.A39 fileNameGt=../graphsdb/mcs30/rand/r005/mcs30_r005_s70.B39
Reading graphs...
70 :  232
70 :  234
Initializing...
maxdom : 8
D->valSize : 325
Solving...
Blb : 2 (clique : 19)
currentSize : 19 <-- 0.004212 s
currentSize : 20 <-- 0.008357 s
currentSize : 21 <-- 6.737373 s
currentSize : 22 <-- 40.994392 s
currentSize : 23 <-- 41.339870 s
currentSize : 24 <-- 42.154568 s
currentSize : 25 <-- 599.141296 s

maxsize : 25
nodes : 271848434.000000
filtered : 2921007600.000000
time : 1313.077393
