Parameters: GAD=1 vflib=1 dir=0 label=1 lowerbound=1 fileNameGp=../graphsdb/mcs30/rand/r01/mcs30_r01_s25.A51 fileNameGt=../graphsdb/mcs30/rand/r01/mcs30_r01_s25.B51
Reading graphs...
25 :  60
25 :  60
Initializing...
maxdom : 9
D->valSize : 159
Solving...
Blb : 2 (clique : 8)
currentSize : 8 <-- 0.000815 s
currentSize : 9 <-- 0.000995 s
currentSize : 10 <-- 0.002189 s
currentSize : 11 <-- 0.005417 s
currentSize : 12 <-- 0.023644 s

maxsize : 12
nodes : 21935.000000
filtered : 229590.000000
time : 0.063316
