Parameters: GAD=1 vflib=1 dir=0 label=1 lowerbound=1 fileNameGp=../graphsdb/mcs30/m3D/m3Dr4/mcs30_m3Dr4_s70.A50 fileNameGt=../graphsdb/mcs30/m3D/m3Dr4/mcs30_m3Dr4_s70.B50
Reading graphs...
70 :  183
70 :  184
Initializing...
maxdom : 9
D->valSize : 321
Solving...
Blb : 2 (clique : 21)
currentSize : 21 <-- 0.004366 s
currentSize : 25 <-- 0.004605 s
currentSize : 26 <-- 0.004681 s
currentSize : 27 <-- 0.008473 s
currentSize : 28 <-- 96.840424 s
currentSize : 29 <-- 1170.606201 s
currentSize : 30 <-- 1170.610840 s
currentSize : 31 <-- 1189.599609 s

maxsize : 31
nodes : 319300823.000000
filtered : 2564940477.000000
time : 1418.232788
