Parameters: GAD=1 vflib=1 dir=0 label=1 lowerbound=1 fileNameGp=../graphsdb/mcs30/bvg/b09/mcs30_b09_s100.A07 fileNameGt=../graphsdb/mcs30/bvg/b09/mcs30_b09_s100.B07
Reading graphs...
100 :  444
100 :  447
Initializing...
maxdom : 8
D->valSize : 343
Solving...
Blb : 2 (clique : 21)
currentSize : 21 <-- 0.003300 s
currentSize : 22 <-- 0.003485 s
currentSize : 23 <-- 0.003892 s
currentSize : 24 <-- 0.006371 s
currentSize : 25 <-- 0.105699 s
currentSize : 26 <-- 0.105753 s
currentSize : 27 <-- 0.214566 s
currentSize : 28 <-- 0.286211 s
currentSize : 29 <-- 89.364433 s
currentSize : 30 <-- 194.462357 s
currentSize : 31 <-- 282.761566 s
currentSize : 32 <-- 1022.291138 s
currentSize : 33 <-- 2533.554199 s

TIMEOUT
maxsize : 33
nodes : 702702846.000000
filtered : 3338447244.000000
time : 3600.000000
