Parameters: GAD=1 vflib=1 dir=0 label=1 lowerbound=1 fileNameGp=../graphsdb/mcs30/bvg/b06m/mcs30_b06m_s60.A14 fileNameGt=../graphsdb/mcs30/bvg/b06m/mcs30_b06m_s60.B14
Reading graphs...
60 :  176
60 :  177
Initializing...
maxdom : 8
D->valSize : 227
Solving...
Blb : 2 (clique : 18)
currentSize : 18 <-- 0.001910 s
currentSize : 19 <-- 0.002008 s
currentSize : 20 <-- 0.023637 s
currentSize : 21 <-- 0.123385 s
currentSize : 22 <-- 1.785509 s
currentSize : 23 <-- 1.787575 s

maxsize : 23
nodes : 1863440.000000
filtered : 15745351.000000
time : 8.078551
