Parameters: GAD=1 vflib=1 dir=0 label=1 lowerbound=1 fileNameGp=../graphsdb/mcs30/m3D/m3Dr2/mcs30_m3Dr2_s100.A09 fileNameGt=../graphsdb/mcs30/m3D/m3Dr2/mcs30_m3Dr2_s100.B09
Reading graphs...
100 :  253
100 :  253
Initializing...
maxdom : 7
D->valSize : 326
Solving...
Blb : 2 (clique : 26)
currentSize : 26 <-- 0.005330 s
currentSize : 29 <-- 0.005645 s
currentSize : 30 <-- 0.051373 s
currentSize : 31 <-- 0.127763 s
currentSize : 32 <-- 16.585537 s
currentSize : 33 <-- 133.726151 s
currentSize : 34 <-- 1961.758057 s

TIMEOUT
maxsize : 34
nodes : 707757741.000000
filtered : 3558493172.000000
time : 3600.000000
