Parameters: GAD=1 vflib=1 dir=0 label=1 lowerbound=1 fileNameGp=../graphsdb/mcs30/bvg/b06m/mcs30_b06m_s60.A90 fileNameGt=../graphsdb/mcs30/bvg/b06m/mcs30_b06m_s60.B90
Reading graphs...
60 :  178
60 :  175
Initializing...
maxdom : 8
D->valSize : 246
Solving...
Blb : 2 (clique : 16)
currentSize : 16 <-- 0.002000 s
currentSize : 17 <-- 0.005851 s
currentSize : 18 <-- 0.005974 s
currentSize : 19 <-- 0.076980 s
currentSize : 20 <-- 0.416316 s
currentSize : 21 <-- 1.123276 s
currentSize : 22 <-- 22.075687 s

maxsize : 22
nodes : 33122014.000000
filtered : 280569972.000000
time : 138.823318
