Parameters: GAD=1 vflib=1 dir=0 label=1 lowerbound=1 fileNameGp=../graphsdb/mcs30/m3D/m3Dr6/mcs30_m3Dr6_s70.A57 fileNameGt=../graphsdb/mcs30/m3D/m3Dr6/mcs30_m3Dr6_s70.B57
Reading graphs...
70 :  200
70 :  195
Initializing...
maxdom : 9
D->valSize : 358
Solving...
Blb : 2 (clique : 22)
currentSize : 22 <-- 0.003244 s
currentSize : 23 <-- 0.043118 s
currentSize : 24 <-- 0.093801 s
currentSize : 25 <-- 15.053162 s
currentSize : 26 <-- 62.261257 s
currentSize : 27 <-- 65.459366 s
currentSize : 28 <-- 157.299942 s
currentSize : 29 <-- 289.269348 s
currentSize : 30 <-- 289.537567 s

maxsize : 30
nodes : 268897907.000000
filtered : 3454627051.000000
time : 1487.083862
