Parameters: GAD=1 vflib=1 dir=0 label=1 lowerbound=1 fileNameGp=../graphsdb/mcs30/m2D/m2D/mcs30_m2D_s50.A67 fileNameGt=../graphsdb/mcs30/m2D/m2D/mcs30_m2D_s50.B67
Reading graphs...
50 :  83
50 :  83
Initializing...
maxdom : 9
D->valSize : 322
Solving...
Blb : 2 (clique : 19)
currentSize : 19 <-- 0.003919 s
currentSize : 20 <-- 0.053044 s
currentSize : 21 <-- 0.109364 s
currentSize : 22 <-- 6.358581 s
currentSize : 23 <-- 6.749438 s
currentSize : 24 <-- 84.852211 s

maxsize : 24
nodes : 649599113.000000
filtered : 8682625170.000000
time : 2528.935059
