Parameters: GAD=1 vflib=1 dir=0 label=1 lowerbound=1 fileNameGp=../graphsdb/mcs30/rand/r01/mcs30_r01_s70.A65 fileNameGt=../graphsdb/mcs30/rand/r01/mcs30_r01_s70.B65
Reading graphs...
70 :  458
70 :  447
Initializing...
maxdom : 9
D->valSize : 342
Solving...
Blb : 2 (clique : 12)
currentSize : 12 <-- 0.002915 s
currentSize : 13 <-- 0.003109 s
currentSize : 14 <-- 0.015908 s
currentSize : 15 <-- 0.026739 s
currentSize : 16 <-- 0.189439 s
currentSize : 17 <-- 0.787798 s
currentSize : 18 <-- 2.406342 s
currentSize : 19 <-- 5.531845 s
currentSize : 20 <-- 10.488919 s
currentSize : 21 <-- 10.663624 s

maxsize : 21
nodes : 4111415.000000
filtered : 53215505.000000
time : 20.699512
