Parameters: GAD=1 vflib=1 dir=0 label=1 lowerbound=1 fileNameGp=../graphsdb/mcs30/rand/r02/mcs30_r02_s30.A11 fileNameGt=../graphsdb/mcs30/rand/r02/mcs30_r02_s30.B11
Reading graphs...
30 :  157
30 :  154
Initializing...
maxdom : 7
D->valSize : 125
Solving...
Blb : 2 (clique : 5)
currentSize : 5 <-- 0.000717 s
currentSize : 6 <-- 0.000773 s
currentSize : 7 <-- 0.000823 s
currentSize : 8 <-- 0.005579 s
currentSize : 9 <-- 0.005620 s

maxsize : 9
nodes : 2503.000000
filtered : 23676.000000
time : 0.007937
