Parameters: GAD=1 vflib=1 dir=0 label=1 lowerbound=1 fileNameGp=../graphsdb/mcs30/bvg/b03m/mcs30_b03m_s70.A35 fileNameGt=../graphsdb/mcs30/bvg/b03m/mcs30_b03m_s70.B35
Reading graphs...
70 :  105
70 :  105
Initializing...
maxdom : 8
D->valSize : 345
Solving...
Blb : 2 (clique : 28)
currentSize : 28 <-- 0.003069 s
currentSize : 29 <-- 0.003271 s
currentSize : 30 <-- 0.124610 s
currentSize : 31 <-- 0.640060 s
currentSize : 32 <-- 12.560904 s
currentSize : 33 <-- 54.813900 s

TIMEOUT
maxsize : 33
nodes : 782950115.000000
filtered : 5908725132.000000
time : 3600.000000
