Parameters: GAD=1 vflib=1 dir=0 label=1 lowerbound=1 fileNameGp=../graphsdb/mcs30/rand/r005/mcs30_r005_s70.A01 fileNameGt=../graphsdb/mcs30/rand/r005/mcs30_r005_s70.B01
Reading graphs...
70 :  235
70 :  234
Initializing...
maxdom : 10
D->valSize : 302
Solving...
Blb : 2 (clique : 16)
currentSize : 16 <-- 0.002508 s
currentSize : 17 <-- 0.003084 s
currentSize : 18 <-- 0.013297 s
currentSize : 19 <-- 1.676512 s
currentSize : 20 <-- 2.926569 s
currentSize : 21 <-- 3.744682 s
currentSize : 22 <-- 40.726852 s
currentSize : 23 <-- 348.188782 s
currentSize : 24 <-- 349.713562 s

maxsize : 24
nodes : 202163246.000000
filtered : 1750296808.000000
time : 921.128418
