Parameters: GAD=1 vflib=1 dir=0 label=1 lowerbound=1 fileNameGp=../graphsdb/mcs30/rand/r01/mcs30_r01_s90.A11 fileNameGt=../graphsdb/mcs30/rand/r01/mcs30_r01_s90.B11
Reading graphs...
90 :  756
90 :  757
Initializing...
maxdom : 10
D->valSize : 495
Solving...
Blb : 2 (clique : 13)
currentSize : 13 <-- 0.005337 s
currentSize : 14 <-- 0.005802 s
currentSize : 15 <-- 0.009746 s
currentSize : 16 <-- 0.069044 s
currentSize : 17 <-- 0.073851 s
currentSize : 18 <-- 0.145410 s
currentSize : 19 <-- 0.147056 s
currentSize : 20 <-- 0.147286 s
currentSize : 21 <-- 0.337788 s
currentSize : 22 <-- 2.319022 s
currentSize : 23 <-- 17.539804 s
currentSize : 27 <-- 17.540184 s

maxsize : 27
nodes : 7946514.000000
filtered : 156371372.000000
time : 54.075581
