Parameters: GAD=1 vflib=1 dir=0 label=1 lowerbound=1 fileNameGp=../graphsdb/mcs30/m4D/m4Dr6/mcs30_m4Dr6_s60.A89 fileNameGt=../graphsdb/mcs30/m4D/m4Dr6/mcs30_m4Dr6_s60.B89
Reading graphs...
60 :  135
60 :  135
Initializing...
maxdom : 9
D->valSize : 245
Solving...
Blb : 2 (clique : 18)
currentSize : 18 <-- 0.001834 s
currentSize : 19 <-- 0.001955 s
currentSize : 20 <-- 0.003905 s
currentSize : 21 <-- 0.013342 s
currentSize : 22 <-- 0.101864 s
currentSize : 23 <-- 0.432792 s

maxsize : 23
nodes : 380486440.000000
filtered : 2928819885.000000
time : 1434.334717
