Parameters: GAD=1 vflib=1 dir=0 label=1 lowerbound=1 fileNameGp=../graphsdb/mcs30/rand/r01/mcs30_r01_s50.A71 fileNameGt=../graphsdb/mcs30/rand/r01/mcs30_r01_s50.B71
Reading graphs...
50 :  235
50 :  237
Initializing...
maxdom : 11
D->valSize : 348
Solving...
Blb : 5 (clique : 12)
currentSize : 12 <-- 0.002597 s
currentSize : 13 <-- 0.013979 s
currentSize : 14 <-- 2.620823 s
currentSize : 15 <-- 2.814967 s
currentSize : 16 <-- 7.152902 s

maxsize : 16
nodes : 2275811.000000
filtered : 34534792.000000
time : 9.112190
