Parameters: GAD=1 vflib=1 dir=0 label=1 lowerbound=1 fileNameGp=../graphsdb/mcs30/rand/r02/mcs30_r02_s90.A37 fileNameGt=../graphsdb/mcs30/rand/r02/mcs30_r02_s90.B37
Reading graphs...
90 :  1440
90 :  1431
Initializing...
maxdom : 11
D->valSize : 491
Solving...
Blb : 2 (clique : 8)
currentSize : 8 <-- 0.007576 s
currentSize : 9 <-- 0.008174 s
currentSize : 10 <-- 0.008229 s
currentSize : 13 <-- 0.008598 s
currentSize : 15 <-- 0.008702 s
currentSize : 17 <-- 0.079739 s
currentSize : 18 <-- 0.095959 s
currentSize : 22 <-- 0.096174 s
currentSize : 23 <-- 0.322055 s

maxsize : 23
nodes : 62852.000000
filtered : 1669494.000000
time : 0.472006
