Parameters: GAD=1 vflib=1 dir=0 label=1 lowerbound=1 fileNameGp=../graphsdb/mcs30/m3D/m3Dr2/mcs30_m3Dr2_s80.A13 fileNameGt=../graphsdb/mcs30/m3D/m3Dr2/mcs30_m3Dr2_s80.B13
Reading graphs...
80 :  200
80 :  195
Initializing...
maxdom : 9
D->valSize : 386
Solving...
Blb : 2 (clique : 22)
currentSize : 22 <-- 0.005859 s
currentSize : 23 <-- 0.006417 s
currentSize : 24 <-- 0.033616 s
currentSize : 25 <-- 0.058191 s
currentSize : 26 <-- 34.983665 s
currentSize : 27 <-- 274.710938 s
currentSize : 28 <-- 407.271667 s
currentSize : 29 <-- 1338.170288 s

TIMEOUT
maxsize : 29
nodes : 789048025.000000
filtered : 5431413897.000000
time : 3600.000000
