Parameters: GAD=1 vflib=1 dir=0 label=1 lowerbound=1 fileNameGp=../graphsdb/mcs30/rand/r01/mcs30_r01_s60.A46 fileNameGt=../graphsdb/mcs30/rand/r01/mcs30_r01_s60.B46
Reading graphs...
60 :  331
60 :  334
Initializing...
maxdom : 8
D->valSize : 226
Solving...
Blb : 2 (clique : 14)
currentSize : 14 <-- 0.002389 s
currentSize : 15 <-- 0.002646 s
currentSize : 16 <-- 0.006753 s
currentSize : 17 <-- 0.083994 s
currentSize : 18 <-- 0.143051 s

maxsize : 18
nodes : 332908.000000
filtered : 3408813.000000
time : 1.512482
