Parameters: GAD=1 vflib=1 dir=0 label=1 lowerbound=1 fileNameGp=../graphsdb/mcs30/m4D/m4Dr2/mcs30_m4Dr2_s80.A89 fileNameGt=../graphsdb/mcs30/m4D/m4Dr2/mcs30_m4Dr2_s80.B89
Reading graphs...
80 :  145
80 :  146
Initializing...
maxdom : 10
D->valSize : 406
Solving...
Blb : 2 (clique : 29)
currentSize : 29 <-- 0.004014 s
currentSize : 30 <-- 0.004217 s
currentSize : 31 <-- 0.084760 s
currentSize : 32 <-- 0.482687 s
currentSize : 33 <-- 14.507844 s
currentSize : 34 <-- 1310.711548 s

TIMEOUT
maxsize : 34
nodes : 887342429.000000
filtered : 4301063282.000000
time : 3600.000000
