Parameters: GAD=1 vflib=1 dir=0 label=1 lowerbound=1 fileNameGp=../graphsdb/mcs30/m2D/m2Dr4/mcs30_m2Dr4_s30.A41 fileNameGt=../graphsdb/mcs30/m2D/m2Dr4/mcs30_m2Dr4_s30.B41
Reading graphs...
30 :  59
30 :  59
Initializing...
maxdom : 6
D->valSize : 123
Solving...
Blb : 2 (clique : 9)
currentSize : 9 <-- 0.000794 s
currentSize : 10 <-- 0.000848 s
currentSize : 11 <-- 0.001268 s
currentSize : 12 <-- 0.005359 s
currentSize : 13 <-- 0.029710 s

maxsize : 13
nodes : 62668.000000
filtered : 425361.000000
time : 0.160584
