Parameters: GAD=1 vflib=1 dir=0 label=1 lowerbound=1 fileNameGp=../graphsdb/mcs30/m2D/m2D/mcs30_m2D_s60.A12 fileNameGt=../graphsdb/mcs30/m2D/m2D/mcs30_m2D_s60.B12
Reading graphs...
60 :  104
60 :  103
Initializing...
maxdom : 7
D->valSize : 236
Solving...
Blb : 2 (clique : 20)
currentSize : 20 <-- 0.002716 s
currentSize : 21 <-- 0.003171 s
currentSize : 22 <-- 0.048765 s
currentSize : 23 <-- 4.394046 s
currentSize : 24 <-- 12.404404 s
currentSize : 25 <-- 30.989853 s

maxsize : 25
nodes : 475011105.000000
filtered : 3839281646.000000
time : 1966.260986
