Parameters: GAD=1 vflib=1 dir=0 label=1 lowerbound=1 fileNameGp=../graphsdb/mcs30/bvg/b09/mcs30_b09_s60.A36 fileNameGt=../graphsdb/mcs30/bvg/b09/mcs30_b09_s60.B36
Reading graphs...
60 :  265
60 :  265
Initializing...
maxdom : 7
D->valSize : 253
Solving...
Blb : 3 (clique : 16)
currentSize : 16 <-- 0.001821 s
currentSize : 17 <-- 0.005700 s
currentSize : 18 <-- 0.851772 s
currentSize : 20 <-- 0.859334 s
currentSize : 21 <-- 3.691435 s

maxsize : 21
nodes : 1531727.000000
filtered : 14009124.000000
time : 6.674128
