Parameters: GAD=1 vflib=1 dir=0 label=1 lowerbound=1 fileNameGp=../graphsdb/mcs30/rand/r02/mcs30_r02_s60.A79 fileNameGt=../graphsdb/mcs30/rand/r02/mcs30_r02_s60.B79
Reading graphs...
60 :  625
60 :  633
Initializing...
maxdom : 6
D->valSize : 222
Solving...
Blb : 2 (clique : 8)
currentSize : 8 <-- 0.002293 s
currentSize : 9 <-- 0.022884 s
currentSize : 10 <-- 0.027097 s
currentSize : 11 <-- 0.038822 s
currentSize : 12 <-- 0.038847 s
currentSize : 15 <-- 0.038885 s
currentSize : 17 <-- 0.038980 s

maxsize : 17
nodes : 14919.000000
filtered : 159910.000000
time : 0.070866
