Parameters: GAD=1 vflib=1 dir=0 label=1 lowerbound=1 fileNameGp=../graphsdb/mcs30/bvg/b03m/mcs30_b03m_s40.A84 fileNameGt=../graphsdb/mcs30/bvg/b03m/mcs30_b03m_s40.B84
Reading graphs...
40 :  58
40 :  59
Initializing...
maxdom : 9
D->valSize : 217
Solving...
Blb : 2 (clique : 16)
currentSize : 16 <-- 0.002051 s
currentSize : 17 <-- 0.253111 s
currentSize : 18 <-- 0.253402 s
currentSize : 19 <-- 0.495999 s
currentSize : 20 <-- 0.583480 s
currentSize : 21 <-- 4.504227 s

maxsize : 21
nodes : 2177070.000000
filtered : 16580190.000000
time : 6.166342
