Parameters: GAD=1 vflib=1 dir=0 label=1 lowerbound=1 fileNameGp=../graphsdb/mcs30/rand/r02/mcs30_r02_s60.A36 fileNameGt=../graphsdb/mcs30/rand/r02/mcs30_r02_s60.B36
Reading graphs...
60 :  626
60 :  629
Initializing...
maxdom : 8
D->valSize : 261
Solving...
Blb : 2 (clique : 7)
currentSize : 7 <-- 0.001846 s
currentSize : 8 <-- 0.003566 s
currentSize : 11 <-- 0.003688 s
currentSize : 13 <-- 0.014561 s
currentSize : 15 <-- 0.027539 s

maxsize : 15
nodes : 20205.000000
filtered : 320711.000000
time : 0.105525
