Parameters: GAD=1 vflib=1 dir=0 label=1 lowerbound=1 fileNameGp=../graphsdb/mcs30/m2D/m2Dr4/mcs30_m2Dr4_s100.A44 fileNameGt=../graphsdb/mcs30/m2D/m2Dr4/mcs30_m2Dr4_s100.B44
Reading graphs...
100 :  217
100 :  215
Initializing...
maxdom : 8
D->valSize : 336
Solving...
Blb : 2 (clique : 29)
currentSize : 29 <-- 0.003290 s
currentSize : 30 <-- 2.391983 s
currentSize : 31 <-- 4.590223 s
currentSize : 32 <-- 12.148617 s
currentSize : 33 <-- 28.659313 s
currentSize : 34 <-- 47.246445 s
currentSize : 35 <-- 161.255798 s
currentSize : 36 <-- 1588.366211 s
currentSize : 37 <-- 2003.813354 s

TIMEOUT
maxsize : 37
nodes : 747376560.000000
filtered : 3402767050.000000
time : 3600.000000
