Parameters: GAD=1 vflib=1 dir=0 label=1 lowerbound=1 fileNameGp=../graphsdb/mcs30/bvg/b06m/mcs30_b06m_s70.A61 fileNameGt=../graphsdb/mcs30/bvg/b06m/mcs30_b06m_s70.B61
Reading graphs...
70 :  206
70 :  205
Initializing...
maxdom : 7
D->valSize : 319
Solving...
Blb : 2 (clique : 23)
currentSize : 23 <-- 0.002768 s
currentSize : 24 <-- 4.008151 s
currentSize : 25 <-- 4.195177 s
currentSize : 26 <-- 4.892051 s
currentSize : 27 <-- 4.892700 s
currentSize : 28 <-- 4.892756 s
currentSize : 29 <-- 126.520912 s
currentSize : 30 <-- 142.915588 s

maxsize : 30
nodes : 71073171.000000
filtered : 737874039.000000
time : 366.954590
