Parameters: GAD=1 vflib=1 dir=0 label=1 lowerbound=1 fileNameGp=../graphsdb/mcs30/rand/r02/mcs30_r02_s60.A39 fileNameGt=../graphsdb/mcs30/rand/r02/mcs30_r02_s60.B39
Reading graphs...
60 :  625
60 :  640
Initializing...
maxdom : 8
D->valSize : 261
Solving...
Blb : 2 (clique : 7)
currentSize : 7 <-- 0.002733 s
currentSize : 8 <-- 0.002841 s
currentSize : 9 <-- 0.003597 s
currentSize : 10 <-- 0.004837 s
currentSize : 11 <-- 0.017980 s
currentSize : 12 <-- 0.021114 s
currentSize : 13 <-- 0.029071 s
currentSize : 14 <-- 0.044752 s
currentSize : 15 <-- 0.063227 s
currentSize : 16 <-- 0.063325 s

maxsize : 16
nodes : 13767.000000
filtered : 227444.000000
time : 0.072654
