Parameters: GAD=1 vflib=1 dir=0 label=1 lowerbound=1 fileNameGp=../graphsdb/mcs30/m2D/m2Dr4/mcs30_m2Dr4_s60.A55 fileNameGt=../graphsdb/mcs30/m2D/m2Dr4/mcs30_m2Dr4_s60.B55
Reading graphs...
60 :  128
60 :  126
Initializing...
maxdom : 9
D->valSize : 245
Solving...
Blb : 2 (clique : 20)
currentSize : 20 <-- 0.002828 s
currentSize : 23 <-- 0.003018 s
currentSize : 24 <-- 0.050721 s
currentSize : 25 <-- 28.464891 s
currentSize : 26 <-- 235.023773 s

maxsize : 26
nodes : 188196457.000000
filtered : 1327317000.000000
time : 772.935486
