Parameters: GAD=1 vflib=1 dir=0 label=1 lowerbound=1 fileNameGp=../graphsdb/mcs30/rand/r02/mcs30_r02_s40.A04 fileNameGt=../graphsdb/mcs30/rand/r02/mcs30_r02_s40.B04
Reading graphs...
40 :  281
40 :  279
Initializing...
maxdom : 7
D->valSize : 206
Solving...
Blb : 2 (clique : 5)
currentSize : 5 <-- 0.001148 s
currentSize : 6 <-- 0.001282 s
currentSize : 7 <-- 0.001369 s
currentSize : 8 <-- 0.001646 s
currentSize : 9 <-- 0.007108 s
currentSize : 11 <-- 0.007568 s
currentSize : 12 <-- 0.007608 s

maxsize : 12
nodes : 9269.000000
filtered : 122743.000000
time : 0.036127
