Parameters: GAD=1 vflib=1 dir=0 label=1 lowerbound=1 fileNameGp=../graphsdb/mcs30/m4D/m4D/mcs30_m4D_s70.A45 fileNameGt=../graphsdb/mcs30/m4D/m4D/mcs30_m4D_s70.B45
Reading graphs...
70 :  118
70 :  118
Initializing...
maxdom : 9
D->valSize : 299
Solving...
Blb : 2 (clique : 26)
currentSize : 26 <-- 0.002642 s
currentSize : 27 <-- 0.031113 s
currentSize : 28 <-- 21.383375 s
currentSize : 29 <-- 51.035965 s
currentSize : 30 <-- 379.788239 s
currentSize : 31 <-- 473.074554 s
currentSize : 32 <-- 1452.093872 s

TIMEOUT
maxsize : 32
nodes : 1006393817.000000
filtered : 4310980890.000000
time : 3600.000000
