Parameters: GAD=1 vflib=1 dir=0 label=1 lowerbound=1 fileNameGp=../graphsdb/mcs30/m3D/m3Dr6/mcs30_m3Dr6_s100.A21 fileNameGt=../graphsdb/mcs30/m3D/m3Dr6/mcs30_m3Dr6_s100.B21
Reading graphs...
100 :  293
100 :  294
Initializing...
maxdom : 7
D->valSize : 347
Solving...
Blb : 5 (clique : 29)
currentSize : 29 <-- 0.005737 s
currentSize : 30 <-- 0.064987 s
currentSize : 31 <-- 0.518978 s
currentSize : 32 <-- 2.920539 s
currentSize : 33 <-- 2.992688 s
currentSize : 34 <-- 4.037599 s
currentSize : 35 <-- 1514.073120 s

TIMEOUT
maxsize : 35
nodes : 670553188.000000
filtered : 3663856567.000000
time : 3600.000000
