Parameters: GAD=1 vflib=1 dir=0 label=1 lowerbound=1 fileNameGp=../graphsdb/mcs30/m2D/m2D/mcs30_m2D_s80.A47 fileNameGt=../graphsdb/mcs30/m2D/m2D/mcs30_m2D_s80.B47
Reading graphs...
80 :  142
80 :  142
Initializing...
maxdom : 9
D->valSize : 408
Solving...
Blb : 2 (clique : 31)
currentSize : 31 <-- 0.003932 s
currentSize : 32 <-- 0.004211 s
currentSize : 33 <-- 0.004509 s
currentSize : 34 <-- 0.004708 s
currentSize : 35 <-- 0.027241 s
currentSize : 36 <-- 0.584159 s
currentSize : 37 <-- 1.625273 s

TIMEOUT
maxsize : 37
nodes : 742163791.000000
filtered : 6044177147.000000
time : 3600.000000
