Parameters: GAD=1 vflib=1 dir=0 label=1 lowerbound=1 fileNameGp=../graphsdb/mcs30/m2D/m2Dr4/mcs30_m2Dr4_s70.A11 fileNameGt=../graphsdb/mcs30/m2D/m2Dr4/mcs30_m2Dr4_s70.B11
Reading graphs...
70 :  146
70 :  148
Initializing...
maxdom : 10
D->valSize : 338
Solving...
Blb : 2 (clique : 23)
currentSize : 23 <-- 0.002971 s
currentSize : 24 <-- 0.003126 s
currentSize : 25 <-- 0.005650 s
currentSize : 26 <-- 11.757630 s
currentSize : 27 <-- 25.994240 s
currentSize : 28 <-- 211.285034 s
currentSize : 29 <-- 3334.898926 s

TIMEOUT
maxsize : 29
nodes : 811360516.000000
filtered : 6864976926.000000
time : 3600.000000
