Parameters: GAD=1 vflib=1 dir=0 label=1 lowerbound=1 fileNameGp=../graphsdb/mcs30/bvg/b03/mcs30_b03_s70.A46 fileNameGt=../graphsdb/mcs30/bvg/b03/mcs30_b03_s70.B46
Reading graphs...
70 :  103
70 :  104
Initializing...
maxdom : 7
D->valSize : 321
Solving...
Blb : 2 (clique : 27)
currentSize : 27 <-- 0.004438 s
currentSize : 28 <-- 0.008572 s
currentSize : 29 <-- 0.242259 s
currentSize : 30 <-- 49.548973 s
currentSize : 31 <-- 79.336853 s
currentSize : 32 <-- 317.244263 s

TIMEOUT
maxsize : 32
nodes : 987115447.000000
filtered : 5797519964.000000
time : 3600.000000
