Parameters: GAD=1 vflib=1 dir=0 label=1 lowerbound=1 fileNameGp=../graphsdb/mcs30/m2D/m2Dr2/mcs30_m2Dr2_s50.A88 fileNameGt=../graphsdb/mcs30/m2D/m2Dr2/mcs30_m2Dr2_s50.B88
Reading graphs...
50 :  95
50 :  93
Initializing...
maxdom : 10
D->valSize : 376
Solving...
Blb : 2 (clique : 20)
currentSize : 20 <-- 0.003141 s
currentSize : 21 <-- 0.689493 s
currentSize : 22 <-- 1.352792 s
currentSize : 23 <-- 30.004612 s
currentSize : 24 <-- 44.608986 s
currentSize : 25 <-- 106.977730 s

maxsize : 25
nodes : 38720225.000000
filtered : 540850632.000000
time : 166.173599
