Parameters: GAD=1 vflib=1 dir=0 label=1 lowerbound=1 fileNameGp=../graphsdb/mcs30/m3D/m3D/mcs30_m3D_s90.A10 fileNameGt=../graphsdb/mcs30/m3D/m3D/mcs30_m3D_s90.B10
Reading graphs...
90 :  209
90 :  208
Initializing...
maxdom : 9
D->valSize : 527
Solving...
Blb : 2 (clique : 28)
currentSize : 28 <-- 0.006113 s
currentSize : 29 <-- 1.586580 s
currentSize : 30 <-- 65.111839 s
currentSize : 31 <-- 165.981155 s
currentSize : 32 <-- 172.659714 s
currentSize : 33 <-- 341.643921 s
currentSize : 34 <-- 3296.629395 s

TIMEOUT
maxsize : 34
nodes : 812902118.000000
filtered : 5484587640.000000
time : 3600.000000
