Parameters: GAD=1 vflib=1 dir=0 label=1 lowerbound=1 fileNameGp=../graphsdb/mcs30/rand/r02/mcs30_r02_s60.A52 fileNameGt=../graphsdb/mcs30/rand/r02/mcs30_r02_s60.B52
Reading graphs...
60 :  624
60 :  624
Initializing...
maxdom : 7
D->valSize : 240
Solving...
Blb : 2 (clique : 6)
currentSize : 6 <-- 0.001691 s
currentSize : 7 <-- 0.001744 s
currentSize : 8 <-- 0.001791 s
currentSize : 9 <-- 0.001957 s
currentSize : 10 <-- 0.005352 s
currentSize : 11 <-- 0.022805 s
currentSize : 14 <-- 0.026229 s

maxsize : 14
nodes : 25868.000000
filtered : 351369.000000
time : 0.123467
