Parameters: GAD=1 vflib=1 dir=0 label=1 lowerbound=1 fileNameGp=../graphsdb/mcs30/bvg/b03m/mcs30_b03m_s50.A03 fileNameGt=../graphsdb/mcs30/bvg/b03m/mcs30_b03m_s50.B03
Reading graphs...
50 :  74
50 :  74
Initializing...
maxdom : 9
D->valSize : 339
Solving...
Blb : 2 (clique : 21)
currentSize : 21 <-- 0.003745 s
currentSize : 22 <-- 0.018628 s
currentSize : 23 <-- 7.009907 s
currentSize : 24 <-- 1530.810059 s
currentSize : 25 <-- 2048.372803 s
currentSize : 26 <-- 2565.687256 s

TIMEOUT
maxsize : 26
nodes : 1485376212.000000
filtered : 9136475658.000000
time : 3600.000000
