Parameters: GAD=1 vflib=1 dir=0 label=1 lowerbound=1 fileNameGp=../graphsdb/mcs30/rand/r01/mcs30_r01_s50.A90 fileNameGt=../graphsdb/mcs30/rand/r01/mcs30_r01_s50.B90
Reading graphs...
50 :  226
50 :  234
Initializing...
maxdom : 11
D->valSize : 310
Solving...
Blb : 2 (clique : 10)
currentSize : 10 <-- 0.002105 s
currentSize : 11 <-- 0.002190 s
currentSize : 12 <-- 0.002269 s
currentSize : 13 <-- 0.011574 s
currentSize : 14 <-- 0.020551 s
currentSize : 15 <-- 0.185781 s
currentSize : 16 <-- 0.559634 s

maxsize : 16
nodes : 1138177.000000
filtered : 17684549.000000
time : 5.014194
