Parameters: GAD=1 vflib=1 dir=0 label=1 lowerbound=1 fileNameGp=../graphsdb/mcs30/rand/r02/mcs30_r02_s80.A39 fileNameGt=../graphsdb/mcs30/rand/r02/mcs30_r02_s80.B39
Reading graphs...
80 :  1121
80 :  1135
Initializing...
maxdom : 8
D->valSize : 394
Solving...
Blb : 2 (clique : 7)
currentSize : 7 <-- 0.003471 s
currentSize : 8 <-- 0.003863 s
currentSize : 9 <-- 0.003915 s
currentSize : 10 <-- 0.006087 s
currentSize : 14 <-- 0.009786 s
currentSize : 15 <-- 0.062991 s
currentSize : 16 <-- 0.110706 s
currentSize : 19 <-- 0.153337 s
currentSize : 20 <-- 0.153379 s

maxsize : 20
nodes : 68911.000000
filtered : 1313548.000000
time : 0.426951
