Parameters: GAD=1 vflib=1 dir=0 label=1 lowerbound=1 fileNameGp=../graphsdb/mcs30/bvg/b09/mcs30_b09_s100.A21 fileNameGt=../graphsdb/mcs30/bvg/b09/mcs30_b09_s100.B21
Reading graphs...
100 :  447
100 :  442
Initializing...
maxdom : 6
D->valSize : 335
Solving...
Blb : 3 (clique : 29)
currentSize : 29 <-- 0.003343 s
currentSize : 30 <-- 37.126377 s
currentSize : 31 <-- 133.535065 s
currentSize : 32 <-- 961.626953 s
currentSize : 33 <-- 961.660583 s
currentSize : 34 <-- 962.825928 s

TIMEOUT
maxsize : 34
nodes : 676935888.000000
filtered : 3455255586.000000
time : 3600.000000
