Parameters: GAD=1 vflib=1 dir=0 label=1 lowerbound=1 fileNameGp=../graphsdb/mcs30/bvg/b06/mcs30_b06_s70.A08 fileNameGt=../graphsdb/mcs30/bvg/b06/mcs30_b06_s70.B08
Reading graphs...
70 :  209
70 :  209
Initializing...
maxdom : 8
D->valSize : 324
Solving...
Blb : 2 (clique : 18)
currentSize : 18 <-- 0.002666 s
currentSize : 19 <-- 0.003158 s
currentSize : 20 <-- 0.024809 s
currentSize : 21 <-- 0.229531 s
currentSize : 22 <-- 3.087451 s
currentSize : 23 <-- 311.162354 s
currentSize : 24 <-- 311.182068 s
currentSize : 25 <-- 311.182098 s
currentSize : 26 <-- 311.183136 s
currentSize : 27 <-- 315.555725 s

maxsize : 27
nodes : 173842429.000000
filtered : 1793890946.000000
time : 838.464905
