Parameters: GAD=1 vflib=1 dir=0 label=1 lowerbound=1 fileNameGp=../graphsdb/mcs30/bvg/b03m/mcs30_b03m_s70.A91 fileNameGt=../graphsdb/mcs30/bvg/b03m/mcs30_b03m_s70.B91
Reading graphs...
70 :  104
70 :  104
Initializing...
maxdom : 9
D->valSize : 337
Solving...
Blb : 2 (clique : 26)
currentSize : 26 <-- 0.002977 s
currentSize : 28 <-- 0.003172 s
currentSize : 29 <-- 0.003541 s
currentSize : 30 <-- 0.004571 s
currentSize : 31 <-- 0.008281 s
currentSize : 32 <-- 0.119467 s
currentSize : 33 <-- 2.029355 s
currentSize : 34 <-- 11.491349 s
currentSize : 35 <-- 59.308025 s

TIMEOUT
maxsize : 35
nodes : 796716366.000000
filtered : 5821087561.000000
time : 3600.000000
