Parameters: GAD=1 vflib=1 dir=0 label=1 lowerbound=1 fileNameGp=../graphsdb/mcs30/m3D/m3Dr2/mcs30_m3Dr2_s80.A85 fileNameGt=../graphsdb/mcs30/m3D/m3Dr2/mcs30_m3Dr2_s80.B85
Reading graphs...
80 :  200
80 :  199
Initializing...
maxdom : 9
D->valSize : 427
Solving...
Blb : 2 (clique : 26)
currentSize : 26 <-- 0.004301 s
currentSize : 27 <-- 0.005491 s
currentSize : 28 <-- 0.011249 s
currentSize : 29 <-- 0.111837 s
currentSize : 30 <-- 25.963203 s
currentSize : 31 <-- 63.036556 s
currentSize : 32 <-- 63.143929 s
currentSize : 33 <-- 431.239410 s
currentSize : 34 <-- 487.876251 s
currentSize : 35 <-- 622.949951 s
currentSize : 36 <-- 975.977356 s

TIMEOUT
maxsize : 36
nodes : 609083785.000000
filtered : 6628691086.000000
time : 3600.000000
