Parameters: GAD=1 vflib=1 dir=0 label=1 lowerbound=1 fileNameGp=../graphsdb/mcs30/bvg/b06/mcs30_b06_s100.A91 fileNameGt=../graphsdb/mcs30/bvg/b06/mcs30_b06_s100.B91
Reading graphs...
100 :  297
100 :  297
Initializing...
maxdom : 8
D->valSize : 342
Solving...
Blb : 2 (clique : 24)
currentSize : 24 <-- 0.003307 s
currentSize : 25 <-- 0.003489 s
currentSize : 26 <-- 0.005485 s
currentSize : 27 <-- 0.043881 s
currentSize : 28 <-- 0.885973 s
currentSize : 29 <-- 1.320621 s
currentSize : 30 <-- 2.529986 s
currentSize : 31 <-- 2.530048 s
currentSize : 32 <-- 2.898619 s
currentSize : 33 <-- 908.204285 s
currentSize : 34 <-- 968.919678 s
currentSize : 35 <-- 1398.487793 s

TIMEOUT
maxsize : 35
nodes : 720031480.000000
filtered : 4004018712.000000
time : 3600.000000
