Parameters: GAD=1 vflib=1 dir=0 label=1 lowerbound=1 fileNameGp=../graphsdb/mcs30/m2D/m2Dr2/mcs30_m2Dr2_s30.A61 fileNameGt=../graphsdb/mcs30/m2D/m2Dr2/mcs30_m2Dr2_s30.B61
Reading graphs...
30 :  53
30 :  55
Initializing...
maxdom : 6
D->valSize : 112
Solving...
Blb : 3 (clique : 9)
currentSize : 9 <-- 0.000687 s
currentSize : 10 <-- 0.000893 s
currentSize : 11 <-- 0.000909 s
currentSize : 12 <-- 0.003760 s
currentSize : 13 <-- 0.091305 s

maxsize : 13
nodes : 54097.000000
filtered : 270878.000000
time : 0.135103
