Parameters: GAD=1 vflib=1 dir=0 label=1 lowerbound=1 fileNameGp=../graphsdb/mcs30/m3D/m3D/mcs30_m3D_s70.A63 fileNameGt=../graphsdb/mcs30/m3D/m3D/mcs30_m3D_s70.B63
Reading graphs...
70 :  155
70 :  157
Initializing...
maxdom : 7
D->valSize : 326
Solving...
Blb : 2 (clique : 23)
currentSize : 23 <-- 0.002764 s
currentSize : 24 <-- 0.004024 s
currentSize : 25 <-- 0.016334 s
currentSize : 26 <-- 0.046931 s
currentSize : 27 <-- 0.054737 s
currentSize : 28 <-- 1.128333 s
currentSize : 29 <-- 105.969231 s
currentSize : 30 <-- 161.304611 s
currentSize : 31 <-- 388.181152 s
currentSize : 32 <-- 2533.474121 s

maxsize : 32
nodes : 683925754.000000
filtered : 6353583428.000000
time : 3514.686035
