Parameters: GAD=1 vflib=1 dir=0 label=1 lowerbound=1 fileNameGp=../graphsdb/mcs30/rand/r01/mcs30_r01_s100.A59 fileNameGt=../graphsdb/mcs30/rand/r01/mcs30_r01_s100.B59
Reading graphs...
100 :  934
100 :  940
Initializing...
maxdom : 9
D->valSize : 339
Solving...
Blb : 2 (clique : 16)
currentSize : 16 <-- 0.003333 s
currentSize : 17 <-- 0.043607 s
currentSize : 18 <-- 0.068945 s
currentSize : 19 <-- 0.077423 s
currentSize : 20 <-- 1.631947 s
currentSize : 21 <-- 1.647019 s
currentSize : 22 <-- 1.647522 s
currentSize : 23 <-- 1.788607 s
currentSize : 25 <-- 1.827586 s
currentSize : 29 <-- 1.833422 s

maxsize : 29
nodes : 964570.000000
filtered : 10181158.000000
time : 6.120921
