Parameters: GAD=1 vflib=1 dir=0 label=1 lowerbound=1 fileNameGp=../graphsdb/mcs30/rand/r005/mcs30_r005_s50.A92 fileNameGt=../graphsdb/mcs30/rand/r005/mcs30_r005_s50.B92
Reading graphs...
50 :  123
50 :  123
Initializing...
maxdom : 13
D->valSize : 360
Solving...
Blb : 2 (clique : 17)
currentSize : 17 <-- 0.002780 s
currentSize : 18 <-- 0.015050 s
currentSize : 19 <-- 0.421917 s
currentSize : 20 <-- 67.517410 s
currentSize : 21 <-- 206.629486 s

maxsize : 21
nodes : 81196880.000000
filtered : 1084391922.000000
time : 305.358612
