Parameters: GAD=1 vflib=1 dir=0 label=1 lowerbound=1 fileNameGp=../graphsdb/mcs30/bvg/b03/mcs30_b03_s80.A45 fileNameGt=../graphsdb/mcs30/bvg/b03/mcs30_b03_s80.B45
Reading graphs...
80 :  120
80 :  119
Initializing...
maxdom : 9
D->valSize : 422
Solving...
Blb : 5 (clique : 31)
currentSize : 31 <-- 0.004191 s
currentSize : 32 <-- 0.004962 s
currentSize : 33 <-- 0.006620 s
currentSize : 34 <-- 0.009152 s
currentSize : 35 <-- 0.400444 s
currentSize : 36 <-- 8.166290 s
currentSize : 37 <-- 60.819874 s
currentSize : 38 <-- 256.359100 s
currentSize : 39 <-- 1513.081177 s

TIMEOUT
maxsize : 39
nodes : 732308440.000000
filtered : 5852767671.000000
time : 3600.000000
