Parameters: GAD=1 vflib=1 dir=0 label=1 lowerbound=1 fileNameGp=../graphsdb/mcs30/bvg/b03/mcs30_b03_s40.A06 fileNameGt=../graphsdb/mcs30/bvg/b03/mcs30_b03_s40.B06
Reading graphs...
40 :  60
40 :  60
Initializing...
maxdom : 7
D->valSize : 212
Solving...
Blb : 2 (clique : 17)
currentSize : 17 <-- 0.002052 s
currentSize : 18 <-- 0.028961 s
currentSize : 19 <-- 0.064830 s
currentSize : 20 <-- 0.106595 s
currentSize : 21 <-- 0.446808 s

maxsize : 21
nodes : 3469882.000000
filtered : 30486155.000000
time : 11.528082
