Parameters: GAD=1 vflib=1 dir=0 label=1 lowerbound=1 fileNameGp=../graphsdb/mcs30/m3D/m3Dr2/mcs30_m3Dr2_s80.A44 fileNameGt=../graphsdb/mcs30/m3D/m3Dr2/mcs30_m3Dr2_s80.B44
Reading graphs...
80 :  197
80 :  196
Initializing...
maxdom : 8
D->valSize : 413
Solving...
Blb : 2 (clique : 28)
currentSize : 28 <-- 0.006510 s
currentSize : 29 <-- 0.006880 s
currentSize : 30 <-- 0.017623 s
currentSize : 31 <-- 0.018652 s
currentSize : 32 <-- 0.019095 s
currentSize : 33 <-- 0.050896 s
currentSize : 34 <-- 0.293192 s
currentSize : 35 <-- 0.296227 s

TIMEOUT
maxsize : 35
nodes : 572979113.000000
filtered : 7892446186.000000
time : 3600.000000
