Parameters: GAD=1 vflib=1 dir=0 label=1 lowerbound=1 fileNameGp=../graphsdb/mcs30/rand/r01/mcs30_r01_s40.A83 fileNameGt=../graphsdb/mcs30/rand/r01/mcs30_r01_s40.B83
Reading graphs...
40 :  149
40 :  146
Initializing...
maxdom : 11
D->valSize : 188
Solving...
Blb : 2 (clique : 9)
currentSize : 9 <-- 0.001561 s
currentSize : 10 <-- 0.002801 s
currentSize : 11 <-- 0.003664 s
currentSize : 12 <-- 0.007376 s
currentSize : 13 <-- 0.009499 s
currentSize : 14 <-- 0.072851 s
currentSize : 15 <-- 0.101612 s

maxsize : 15
nodes : 25114.000000
filtered : 301151.000000
time : 0.113849
