Parameters: GAD=1 vflib=1 dir=0 label=1 lowerbound=1 fileNameGp=../graphsdb/mcs30/m3D/m3D/mcs30_m3D_s90.A47 fileNameGt=../graphsdb/mcs30/m3D/m3D/mcs30_m3D_s90.B47
Reading graphs...
90 :  209
90 :  205
Initializing...
maxdom : 15
D->valSize : 557
Solving...
Blb : 2 (clique : 33)
currentSize : 33 <-- 0.006593 s
currentSize : 34 <-- 0.011199 s
currentSize : 35 <-- 0.025385 s
currentSize : 36 <-- 0.162397 s
currentSize : 37 <-- 1.204729 s
currentSize : 38 <-- 198.505066 s

TIMEOUT
maxsize : 38
nodes : 686688127.000000
filtered : 5500457295.000000
time : 3600.000000
