Parameters: GAD=1 vflib=1 dir=0 label=1 lowerbound=1 fileNameGp=../graphsdb/mcs30/bvg/b03m/mcs30_b03m_s90.A15 fileNameGt=../graphsdb/mcs30/bvg/b03m/mcs30_b03m_s90.B15
Reading graphs...
90 :  133
90 :  135
Initializing...
maxdom : 11
D->valSize : 513
Solving...
Blb : 2 (clique : 35)
currentSize : 35 <-- 0.005850 s
currentSize : 36 <-- 0.020597 s
currentSize : 37 <-- 0.046127 s
currentSize : 38 <-- 0.048033 s
currentSize : 39 <-- 0.352051 s
currentSize : 40 <-- 4.334521 s
currentSize : 41 <-- 12.903717 s
currentSize : 42 <-- 59.978508 s
currentSize : 43 <-- 778.944153 s

TIMEOUT
maxsize : 43
nodes : 750664421.000000
filtered : 4629583756.000000
time : 3600.000000
