Parameters: GAD=1 vflib=1 dir=0 label=1 lowerbound=1 fileNameGp=../graphsdb/mcs30/bvg/b03/mcs30_b03_s70.A95 fileNameGt=../graphsdb/mcs30/bvg/b03/mcs30_b03_s70.B95
Reading graphs...
70 :  105
70 :  103
Initializing...
maxdom : 9
D->valSize : 321
Solving...
Blb : 2 (clique : 26)
currentSize : 26 <-- 0.002731 s
currentSize : 27 <-- 0.002947 s
currentSize : 28 <-- 0.014406 s
currentSize : 29 <-- 0.036117 s
currentSize : 30 <-- 0.039840 s
currentSize : 31 <-- 0.125837 s
currentSize : 32 <-- 580.929138 s

TIMEOUT
maxsize : 32
nodes : 910562132.000000
filtered : 5485236987.000000
time : 3600.000000
