Parameters: GAD=1 vflib=1 dir=0 label=1 lowerbound=1 fileNameGp=../graphsdb/mcs30/bvg/b03m/mcs30_b03m_s70.A49 fileNameGt=../graphsdb/mcs30/bvg/b03m/mcs30_b03m_s70.B49
Reading graphs...
70 :  104
70 :  103
Initializing...
maxdom : 7
D->valSize : 306
Solving...
Blb : 2 (clique : 26)
currentSize : 26 <-- 0.004152 s
currentSize : 27 <-- 0.080631 s
currentSize : 28 <-- 0.478599 s
currentSize : 29 <-- 1.207739 s
currentSize : 30 <-- 35.105949 s
currentSize : 31 <-- 3378.706787 s

TIMEOUT
maxsize : 31
nodes : 957850642.000000
filtered : 5479143645.000000
time : 3600.000000
