Parameters: GAD=1 vflib=1 dir=0 label=1 lowerbound=1 fileNameGp=../graphsdb/mcs30/bvg/b06m/mcs30_b06m_s80.A44 fileNameGt=../graphsdb/mcs30/bvg/b06m/mcs30_b06m_s80.B44
Reading graphs...
80 :  238
80 :  239
Initializing...
maxdom : 11
D->valSize : 415
Solving...
Blb : 5 (clique : 23)
currentSize : 23 <-- 0.004069 s
currentSize : 24 <-- 9.636680 s
currentSize : 25 <-- 18.337032 s
currentSize : 26 <-- 71.622971 s
currentSize : 27 <-- 71.641090 s
currentSize : 28 <-- 474.643982 s
currentSize : 29 <-- 474.655457 s
currentSize : 30 <-- 512.587524 s
currentSize : 31 <-- 1476.611328 s

TIMEOUT
maxsize : 31
nodes : 687146438.000000
filtered : 6507046890.000000
time : 3600.000000
