Parameters: GAD=1 vflib=1 dir=0 label=1 lowerbound=1 fileNameGp=../graphsdb/mcs30/rand/r005/mcs30_r005_s60.A98 fileNameGt=../graphsdb/mcs30/rand/r005/mcs30_r005_s60.B98
Reading graphs...
60 :  176
60 :  174
Initializing...
maxdom : 7
D->valSize : 229
Solving...
Blb : 2 (clique : 18)
currentSize : 18 <-- 0.002679 s
currentSize : 19 <-- 0.003996 s
currentSize : 20 <-- 0.009807 s
currentSize : 21 <-- 0.269838 s
currentSize : 22 <-- 7.106515 s

maxsize : 22
nodes : 18857728.000000
filtered : 140255545.000000
time : 74.851173
