Parameters: GAD=1 vflib=1 dir=0 label=1 lowerbound=1 fileNameGp=../graphsdb/mcs30/m2D/m2Dr2/mcs30_m2Dr2_s90.A33 fileNameGt=../graphsdb/mcs30/m2D/m2Dr2/mcs30_m2Dr2_s90.B33
Reading graphs...
90 :  177
90 :  179
Initializing...
maxdom : 9
D->valSize : 562
Solving...
Blb : 2 (clique : 35)
currentSize : 35 <-- 0.007393 s
currentSize : 36 <-- 0.043830 s
currentSize : 37 <-- 0.086369 s
currentSize : 38 <-- 0.961729 s
currentSize : 39 <-- 11.778660 s
currentSize : 40 <-- 22.681601 s

TIMEOUT
maxsize : 40
nodes : 714173010.000000
filtered : 4135096731.000000
time : 3600.000000
