Parameters: GAD=1 vflib=1 dir=0 label=1 lowerbound=1 fileNameGp=../graphsdb/mcs30/m2D/m2Dr4/mcs30_m2Dr4_s80.A25 fileNameGt=../graphsdb/mcs30/m2D/m2Dr4/mcs30_m2Dr4_s80.B25
Reading graphs...
80 :  173
80 :  170
Initializing...
maxdom : 12
D->valSize : 399
Solving...
Blb : 3 (clique : 28)
currentSize : 28 <-- 0.003791 s
currentSize : 29 <-- 18.277468 s
currentSize : 30 <-- 24.041088 s
currentSize : 31 <-- 43.716755 s
currentSize : 32 <-- 310.052704 s
currentSize : 33 <-- 1540.427246 s

TIMEOUT
maxsize : 33
nodes : 696009823.000000
filtered : 6368158341.000000
time : 3600.000000
