Parameters: GAD=1 vflib=1 dir=0 label=1 lowerbound=1 fileNameGp=../graphsdb/mcs30/bvg/b06m/mcs30_b06m_s40.A83 fileNameGt=../graphsdb/mcs30/bvg/b06m/mcs30_b06m_s40.B83
Reading graphs...
40 :  117
40 :  115
Initializing...
maxdom : 8
D->valSize : 223
Solving...
Blb : 2 (clique : 11)
currentSize : 11 <-- 0.001268 s
currentSize : 12 <-- 0.001340 s
currentSize : 13 <-- 0.008236 s
currentSize : 14 <-- 0.068594 s
currentSize : 15 <-- 0.813218 s

maxsize : 15
nodes : 1344431.000000
filtered : 14557700.000000
time : 4.575910
