Parameters: GAD=1 vflib=1 dir=0 label=1 lowerbound=1 fileNameGp=../graphsdb/mcs30/bvg/b06/mcs30_b06_s70.A29 fileNameGt=../graphsdb/mcs30/bvg/b06/mcs30_b06_s70.B29
Reading graphs...
70 :  205
70 :  209
Initializing...
maxdom : 8
D->valSize : 278
Solving...
Blb : 3 (clique : 22)
currentSize : 22 <-- 0.002579 s
currentSize : 23 <-- 12.064041 s
currentSize : 24 <-- 23.828217 s
currentSize : 25 <-- 23.846315 s
currentSize : 26 <-- 23.992556 s
currentSize : 27 <-- 96.504395 s

maxsize : 27
nodes : 46957372.000000
filtered : 338356859.000000
time : 224.881668
