Parameters: GAD=1 vflib=1 dir=0 label=1 lowerbound=1 fileNameGp=../graphsdb/mcs30/bvg/b09/mcs30_b09_s40.A85 fileNameGt=../graphsdb/mcs30/bvg/b09/mcs30_b09_s40.B85
Reading graphs...
40 :  177
40 :  172
Initializing...
maxdom : 7
D->valSize : 191
Solving...
Blb : 3 (clique : 9)
currentSize : 9 <-- 0.001066 s
currentSize : 10 <-- 0.001208 s
currentSize : 11 <-- 0.001226 s
currentSize : 12 <-- 0.021799 s
currentSize : 13 <-- 0.022146 s
currentSize : 14 <-- 0.134555 s

maxsize : 14
nodes : 79153.000000
filtered : 748644.000000
time : 0.279545
