Parameters: GAD=1 vflib=1 dir=0 label=1 lowerbound=1 fileNameGp=../graphsdb/mcs30/m2D/m2Dr6/mcs30_m2Dr6_s90.A34 fileNameGt=../graphsdb/mcs30/m2D/m2Dr6/mcs30_m2Dr6_s90.B34
Reading graphs...
90 :  212
90 :  212
Initializing...
maxdom : 12
D->valSize : 511
Solving...
Blb : 2 (clique : 26)
currentSize : 26 <-- 0.005897 s
currentSize : 27 <-- 0.006108 s
currentSize : 28 <-- 0.006171 s
currentSize : 29 <-- 0.015893 s
currentSize : 30 <-- 3.855526 s
currentSize : 31 <-- 26.036991 s
currentSize : 32 <-- 446.170044 s

TIMEOUT
maxsize : 32
nodes : 751482856.000000
filtered : 6016960279.000000
time : 3600.000000
