Parameters: GAD=1 vflib=1 dir=0 label=1 lowerbound=1 fileNameGp=../graphsdb/mcs30/bvg/b06m/mcs30_b06m_s100.A04 fileNameGt=../graphsdb/mcs30/bvg/b06m/mcs30_b06m_s100.B04
Reading graphs...
100 :  296
100 :  294
Initializing...
maxdom : 8
D->valSize : 349
Solving...
Blb : 2 (clique : 25)
currentSize : 25 <-- 0.003486 s
currentSize : 27 <-- 0.003684 s
currentSize : 28 <-- 0.003749 s
currentSize : 29 <-- 0.005906 s
currentSize : 30 <-- 0.005978 s
currentSize : 31 <-- 2.768208 s
currentSize : 32 <-- 5.026822 s
currentSize : 34 <-- 55.620808 s
currentSize : 35 <-- 353.319092 s
currentSize : 36 <-- 868.835571 s
currentSize : 37 <-- 1002.524231 s

TIMEOUT
maxsize : 37
nodes : 651597902.000000
filtered : 3777381169.000000
time : 3600.000000
