Parameters: GAD=1 vflib=1 dir=0 label=1 lowerbound=1 fileNameGp=../graphsdb/mcs30/bvg/b03m/mcs30_b03m_s70.A51 fileNameGt=../graphsdb/mcs30/bvg/b03m/mcs30_b03m_s70.B51
Reading graphs...
70 :  103
70 :  102
Initializing...
maxdom : 9
D->valSize : 322
Solving...
Blb : 2 (clique : 24)
currentSize : 24 <-- 0.002977 s
currentSize : 25 <-- 0.003624 s
currentSize : 26 <-- 2.480254 s
currentSize : 27 <-- 2.480813 s
currentSize : 28 <-- 18.696581 s
currentSize : 29 <-- 66.684837 s

TIMEOUT
maxsize : 29
nodes : 883711281.000000
filtered : 6285370563.000000
time : 3600.000000
