Parameters: GAD=1 vflib=1 dir=0 label=1 lowerbound=1 fileNameGp=../graphsdb/mcs30/m3D/m3Dr4/mcs30_m3Dr4_s90.A47 fileNameGt=../graphsdb/mcs30/m3D/m3Dr4/mcs30_m3Dr4_s90.B47
Reading graphs...
90 :  239
90 :  239
Initializing...
maxdom : 11
D->valSize : 548
Solving...
Blb : 2 (clique : 28)
currentSize : 28 <-- 0.010436 s
currentSize : 29 <-- 0.030385 s
currentSize : 30 <-- 0.040460 s
currentSize : 31 <-- 0.049844 s
currentSize : 32 <-- 0.079897 s
currentSize : 33 <-- 0.088966 s
currentSize : 34 <-- 2.960373 s

TIMEOUT
maxsize : 34
nodes : 639777647.000000
filtered : 6629601397.000000
time : 3600.000000
