Parameters: GAD=1 vflib=1 dir=0 label=1 lowerbound=1 fileNameGp=../graphsdb/mcs30/m3D/m3Dr4/mcs30_m3Dr4_s70.A17 fileNameGt=../graphsdb/mcs30/m3D/m3Dr4/mcs30_m3Dr4_s70.B17
Reading graphs...
70 :  185
70 :  187
Initializing...
maxdom : 6
D->valSize : 332
Solving...
Blb : 2 (clique : 20)
currentSize : 20 <-- 0.002907 s
currentSize : 26 <-- 0.003051 s
currentSize : 27 <-- 0.003449 s
currentSize : 28 <-- 0.020322 s
currentSize : 29 <-- 0.973377 s
currentSize : 30 <-- 17.726954 s
currentSize : 31 <-- 316.807861 s

maxsize : 31
nodes : 482882386.000000
filtered : 3282255684.000000
time : 2258.657471
