Parameters: GAD=1 vflib=1 dir=0 label=1 lowerbound=1 fileNameGp=../graphsdb/mcs30/m4D/m4Dr6/mcs30_m4Dr6_s50.A31 fileNameGt=../graphsdb/mcs30/m4D/m4Dr6/mcs30_m4Dr6_s50.B31
Reading graphs...
50 :  114
50 :  111
Initializing...
maxdom : 10
D->valSize : 306
Solving...
Blb : 2 (clique : 16)
currentSize : 16 <-- 0.003643 s
currentSize : 18 <-- 0.003790 s
currentSize : 19 <-- 0.007143 s
currentSize : 20 <-- 0.014647 s
currentSize : 21 <-- 4.494205 s
currentSize : 22 <-- 350.748199 s

maxsize : 22
nodes : 116233263.000000
filtered : 1195683456.000000
time : 446.383759
