Parameters: GAD=1 vflib=1 dir=0 label=1 lowerbound=1 fileNameGp=../graphsdb/mcs30/rand/r005/mcs30_r005_s60.A54 fileNameGt=../graphsdb/mcs30/rand/r005/mcs30_r005_s60.B54
Reading graphs...
60 :  176
60 :  175
Initializing...
maxdom : 8
D->valSize : 250
Solving...
Blb : 5 (clique : 17)
currentSize : 17 <-- 0.002025 s
currentSize : 18 <-- 0.011206 s
currentSize : 19 <-- 0.087994 s
currentSize : 20 <-- 0.357372 s
currentSize : 21 <-- 4.366303 s
currentSize : 22 <-- 12.448840 s
currentSize : 23 <-- 27.476732 s

maxsize : 23
nodes : 18005817.000000
filtered : 151350503.000000
time : 75.281281
