Parameters: GAD=1 vflib=1 dir=0 label=1 lowerbound=1 fileNameGp=../graphsdb/mcs30/bvg/b03/mcs30_b03_s100.A32 fileNameGt=../graphsdb/mcs30/bvg/b03/mcs30_b03_s100.B32
Reading graphs...
100 :  150
100 :  150
Initializing...
maxdom : 7
D->valSize : 340
Solving...
Blb : 2 (clique : 35)
currentSize : 35 <-- 0.003434 s
currentSize : 36 <-- 0.003704 s
currentSize : 37 <-- 0.005342 s
currentSize : 38 <-- 0.012171 s
currentSize : 39 <-- 0.012611 s
currentSize : 40 <-- 0.823783 s
currentSize : 41 <-- 1.321673 s
currentSize : 42 <-- 18.344255 s

TIMEOUT
maxsize : 42
nodes : 759967595.000000
filtered : 3842239175.000000
time : 3600.000000
