Parameters: GAD=1 vflib=1 dir=0 label=1 lowerbound=1 fileNameGp=../graphsdb/mcs30/bvg/b09m/mcs30_b09m_s90.A00 fileNameGt=../graphsdb/mcs30/bvg/b09m/mcs30_b09m_s90.B00
Reading graphs...
90 :  400
90 :  394
Initializing...
maxdom : 9
D->valSize : 540
Solving...
Blb : 2 (clique : 20)
currentSize : 20 <-- 0.005988 s
currentSize : 21 <-- 0.008189 s
currentSize : 22 <-- 1.700356 s
currentSize : 23 <-- 14.570880 s
currentSize : 24 <-- 35.604557 s
currentSize : 25 <-- 2455.677979 s
currentSize : 26 <-- 2455.684082 s
currentSize : 27 <-- 2455.979004 s
currentSize : 28 <-- 2854.965576 s
currentSize : 29 <-- 2855.048584 s

TIMEOUT
maxsize : 29
nodes : 660036592.000000
filtered : 7746176958.000000
time : 3600.000000
