Parameters: GAD=1 vflib=1 dir=0 label=1 lowerbound=1 fileNameGp=../graphsdb/mcs30/m2D/m2D/mcs30_m2D_s60.A94 fileNameGt=../graphsdb/mcs30/m2D/m2D/mcs30_m2D_s60.B94
Reading graphs...
60 :  104
60 :  104
Initializing...
maxdom : 7
D->valSize : 255
Solving...
Blb : 2 (clique : 21)
currentSize : 21 <-- 0.002045 s
currentSize : 22 <-- 0.020983 s
currentSize : 23 <-- 0.024156 s
currentSize : 24 <-- 0.373634 s
currentSize : 25 <-- 0.398851 s
currentSize : 26 <-- 95.604675 s
currentSize : 27 <-- 581.131714 s
currentSize : 28 <-- 2403.276855 s

maxsize : 28
nodes : 720389321.000000
filtered : 5097672918.000000
time : 2784.107910
