Parameters: GAD=1 vflib=1 dir=0 label=1 lowerbound=1 fileNameGp=../graphsdb/mcs30/m4D/m4D/mcs30_m4D_s60.A12 fileNameGt=../graphsdb/mcs30/m4D/m4D/mcs30_m4D_s60.B12
Reading graphs...
60 :  102
60 :  102
Initializing...
maxdom : 8
D->valSize : 245
Solving...
Blb : 2 (clique : 21)
currentSize : 21 <-- 0.002899 s
currentSize : 22 <-- 0.003135 s
currentSize : 23 <-- 0.044875 s
currentSize : 24 <-- 0.258525 s
currentSize : 25 <-- 1.813079 s
currentSize : 26 <-- 9.186698 s
currentSize : 27 <-- 170.821579 s
currentSize : 28 <-- 1251.848022 s

maxsize : 28
nodes : 411896195.000000
filtered : 3117507698.000000
time : 1586.589478
