Parameters: GAD=1 vflib=1 dir=0 label=1 lowerbound=1 fileNameGp=../graphsdb/mcs30/m4D/m4Dr4/mcs30_m4Dr4_s50.A62 fileNameGt=../graphsdb/mcs30/m4D/m4Dr4/mcs30_m4Dr4_s50.B62
Reading graphs...
50 :  105
50 :  105
Initializing...
maxdom : 12
D->valSize : 308
Solving...
Blb : 2 (clique : 19)
currentSize : 19 <-- 0.002229 s
currentSize : 20 <-- 0.119193 s
currentSize : 21 <-- 17.262987 s
currentSize : 22 <-- 55.529167 s
currentSize : 23 <-- 76.932884 s
currentSize : 24 <-- 81.359047 s

maxsize : 24
nodes : 29026887.000000
filtered : 349147012.000000
time : 111.751152
