Parameters: GAD=1 vflib=1 dir=0 label=1 lowerbound=1 fileNameGp=../graphsdb/mcs30/bvg/b03m/mcs30_b03m_s25.A27 fileNameGt=../graphsdb/mcs30/bvg/b03m/mcs30_b03m_s25.B27
Reading graphs...
25 :  37
25 :  35
Initializing...
maxdom : 12
D->valSize : 210
Solving...
Blb : 2 (clique : 10)
currentSize : 10 <-- 0.001089 s
currentSize : 12 <-- 0.001140 s
currentSize : 13 <-- 0.001167 s
currentSize : 14 <-- 0.009187 s
currentSize : 15 <-- 0.020028 s

maxsize : 15
nodes : 9431.000000
filtered : 144624.000000
time : 0.031672
