Parameters: GAD=1 vflib=1 dir=0 label=1 lowerbound=1 fileNameGp=../graphsdb/mcs30/m3D/m3D/mcs30_m3D_s80.A50 fileNameGt=../graphsdb/mcs30/m3D/m3D/mcs30_m3D_s80.B50
Reading graphs...
80 :  180
80 :  182
Initializing...
maxdom : 8
D->valSize : 404
Solving...
Blb : 2 (clique : 28)
currentSize : 28 <-- 0.003871 s
currentSize : 29 <-- 0.004216 s
currentSize : 30 <-- 13.267942 s
currentSize : 31 <-- 25.266500 s
currentSize : 32 <-- 25.290045 s
currentSize : 33 <-- 25.413286 s
currentSize : 34 <-- 25.413408 s

TIMEOUT
maxsize : 34
nodes : 797722982.000000
filtered : 6370348370.000000
time : 3600.000000
