Parameters: GAD=1 vflib=1 dir=0 label=1 lowerbound=1 fileNameGp=../graphsdb/mcs30/bvg/b06/mcs30_b06_s60.A01 fileNameGt=../graphsdb/mcs30/bvg/b06/mcs30_b06_s60.B01
Reading graphs...
60 :  179
60 :  176
Initializing...
maxdom : 8
D->valSize : 242
Solving...
Blb : 2 (clique : 18)
currentSize : 18 <-- 0.001812 s
currentSize : 19 <-- 0.019497 s
currentSize : 20 <-- 1.001147 s
currentSize : 21 <-- 1.005178 s
currentSize : 22 <-- 61.567017 s

maxsize : 22
nodes : 21006697.000000
filtered : 211291424.000000
time : 88.439392
