Parameters: GAD=1 vflib=1 dir=0 label=1 lowerbound=1 fileNameGp=../graphsdb/mcs30/m3D/m3Dr4/mcs30_m3Dr4_s100.A77 fileNameGt=../graphsdb/mcs30/m3D/m3Dr4/mcs30_m3Dr4_s100.B77
Reading graphs...
100 :  271
100 :  274
Initializing...
maxdom : 9
D->valSize : 339
Solving...
Blb : 2 (clique : 27)
currentSize : 27 <-- 0.003272 s
currentSize : 28 <-- 18.045216 s
currentSize : 29 <-- 58.413460 s
currentSize : 30 <-- 473.836212 s
currentSize : 31 <-- 1156.980591 s
currentSize : 32 <-- 2695.458496 s

TIMEOUT
maxsize : 32
nodes : 788229927.000000
filtered : 4103067965.000000
time : 3600.000000
