Parameters: GAD=1 vflib=1 dir=0 label=1 lowerbound=1 fileNameGp=../graphsdb/mcs30/m2D/m2Dr4/mcs30_m2Dr4_s60.A72 fileNameGt=../graphsdb/mcs30/m2D/m2Dr4/mcs30_m2Dr4_s60.B72
Reading graphs...
60 :  127
60 :  125
Initializing...
maxdom : 8
D->valSize : 253
Solving...
Blb : 2 (clique : 20)
currentSize : 20 <-- 0.001858 s
currentSize : 21 <-- 0.002035 s
currentSize : 22 <-- 0.002207 s
currentSize : 23 <-- 0.009414 s
currentSize : 24 <-- 0.649566 s
currentSize : 25 <-- 0.650191 s

maxsize : 25
nodes : 38599604.000000
filtered : 331609192.000000
time : 157.038300
