Parameters: GAD=1 vflib=1 dir=0 label=1 lowerbound=1 fileNameGp=../graphsdb/mcs30/rand/r005/mcs30_r005_s80.A39 fileNameGt=../graphsdb/mcs30/rand/r005/mcs30_r005_s80.B39
Reading graphs...
80 :  312
80 :  311
Initializing...
maxdom : 9
D->valSize : 438
Solving...
Blb : 2 (clique : 17)
currentSize : 17 <-- 0.004297 s
currentSize : 19 <-- 0.004439 s
currentSize : 20 <-- 0.012030 s
currentSize : 21 <-- 0.030329 s
currentSize : 22 <-- 0.177151 s
currentSize : 23 <-- 0.922966 s
currentSize : 24 <-- 6.421653 s
currentSize : 25 <-- 249.016205 s

TIMEOUT
maxsize : 25
nodes : 710860615.000000
filtered : 7174936584.000000
time : 3600.000000
