Parameters: GAD=1 vflib=1 dir=0 label=1 lowerbound=1 fileNameGp=../graphsdb/mcs30/rand/r02/mcs30_r02_s60.A56 fileNameGt=../graphsdb/mcs30/rand/r02/mcs30_r02_s60.B56
Reading graphs...
60 :  628
60 :  633
Initializing...
maxdom : 8
D->valSize : 240
Solving...
Blb : 2 (clique : 7)
currentSize : 7 <-- 0.002456 s
currentSize : 8 <-- 0.002645 s
currentSize : 9 <-- 0.002713 s
currentSize : 10 <-- 0.004314 s
currentSize : 11 <-- 0.007866 s
currentSize : 12 <-- 0.009318 s
currentSize : 15 <-- 0.037469 s
currentSize : 16 <-- 0.060070 s

maxsize : 16
nodes : 12931.000000
filtered : 175150.000000
time : 0.096792
