Parameters: GAD=1 vflib=1 dir=0 label=1 lowerbound=1 fileNameGp=../graphsdb/mcs30/m4D/m4Dr4/mcs30_m4Dr4_s60.A21 fileNameGt=../graphsdb/mcs30/m4D/m4Dr4/mcs30_m4Dr4_s60.B21
Reading graphs...
60 :  125
60 :  126
Initializing...
maxdom : 6
D->valSize : 241
Solving...
Blb : 5 (clique : 20)
currentSize : 20 <-- 0.002012 s
currentSize : 21 <-- 0.051455 s
currentSize : 22 <-- 0.095376 s
currentSize : 23 <-- 0.095502 s
currentSize : 24 <-- 1.341484 s
currentSize : 25 <-- 91.873566 s
currentSize : 26 <-- 129.345474 s

maxsize : 26
nodes : 447690195.000000
filtered : 3128256768.000000
time : 1759.646240
