Parameters: GAD=1 vflib=1 dir=0 label=1 lowerbound=1 fileNameGp=../graphsdb/mcs30/rand/r02/mcs30_r02_s50.A09 fileNameGt=../graphsdb/mcs30/rand/r02/mcs30_r02_s50.B09
Reading graphs...
50 :  440
50 :  436
Initializing...
maxdom : 11
D->valSize : 339
Solving...
Blb : 2 (clique : 9)
currentSize : 9 <-- 0.003627 s
currentSize : 10 <-- 0.010505 s
currentSize : 11 <-- 0.207950 s
currentSize : 13 <-- 0.318006 s
currentSize : 14 <-- 0.318040 s

maxsize : 14
nodes : 84378.000000
filtered : 1277996.000000
time : 0.386549
