Parameters: GAD=1 vflib=1 dir=0 label=1 lowerbound=1 fileNameGp=../graphsdb/mcs30/m3D/m3Dr4/mcs30_m3Dr4_s70.A21 fileNameGt=../graphsdb/mcs30/m3D/m3Dr4/mcs30_m3Dr4_s70.B21
Reading graphs...
70 :  185
70 :  183
Initializing...
maxdom : 8
D->valSize : 346
Solving...
Blb : 2 (clique : 25)
currentSize : 25 <-- 0.004852 s
currentSize : 27 <-- 0.005224 s
currentSize : 28 <-- 0.008032 s
currentSize : 29 <-- 0.013184 s
currentSize : 30 <-- 0.013473 s
currentSize : 31 <-- 0.013984 s

maxsize : 31
nodes : 48374361.000000
filtered : 446001462.000000
time : 249.475693
