Parameters: GAD=1 vflib=1 dir=0 label=1 lowerbound=1 fileNameGp=../graphsdb/mcs30/bvg/b03/mcs30_b03_s50.A85 fileNameGt=../graphsdb/mcs30/bvg/b03/mcs30_b03_s50.B85
Reading graphs...
50 :  75
50 :  74
Initializing...
maxdom : 12
D->valSize : 325
Solving...
Blb : 2 (clique : 20)
currentSize : 20 <-- 0.003961 s
currentSize : 22 <-- 0.004140 s
currentSize : 23 <-- 0.014303 s
currentSize : 24 <-- 0.155278 s
currentSize : 25 <-- 140.177628 s

maxsize : 25
nodes : 561244500.000000
filtered : 5924530604.000000
time : 1991.188965
