Parameters: GAD=1 vflib=1 dir=0 label=1 lowerbound=1 fileNameGp=../graphsdb/mcs30/bvg/b09/mcs30_b09_s60.A77 fileNameGt=../graphsdb/mcs30/bvg/b09/mcs30_b09_s60.B77
Reading graphs...
60 :  262
60 :  261
Initializing...
maxdom : 8
D->valSize : 234
Solving...
Blb : 3 (clique : 16)
currentSize : 16 <-- 0.002596 s
currentSize : 17 <-- 0.121723 s
currentSize : 18 <-- 0.124617 s
currentSize : 19 <-- 0.493351 s
currentSize : 20 <-- 0.562093 s
currentSize : 21 <-- 2.218724 s

maxsize : 21
nodes : 810731.000000
filtered : 4948744.000000
time : 3.260552
