Parameters: GAD=1 vflib=1 dir=0 label=1 lowerbound=1 fileNameGp=../graphsdb/mcs30/rand/r005/mcs30_r005_s80.A56 fileNameGt=../graphsdb/mcs30/rand/r005/mcs30_r005_s80.B56
Reading graphs...
80 :  307
80 :  308
Initializing...
maxdom : 13
D->valSize : 422
Solving...
Blb : 2 (clique : 16)
currentSize : 16 <-- 0.003948 s
currentSize : 17 <-- 0.004123 s
currentSize : 18 <-- 0.006699 s
currentSize : 19 <-- 0.129569 s
currentSize : 20 <-- 0.165219 s
currentSize : 21 <-- 0.197940 s
currentSize : 22 <-- 0.582442 s
currentSize : 23 <-- 1.673499 s
currentSize : 24 <-- 1.693425 s
currentSize : 25 <-- 173.464020 s
currentSize : 26 <-- 2398.432617 s

TIMEOUT
maxsize : 26
nodes : 689845229.000000
filtered : 7254448034.000000
time : 3600.000000
