Parameters: GAD=1 vflib=1 dir=0 label=1 lowerbound=1 fileNameGp=../graphsdb/mcs30/bvg/b09m/mcs30_b09m_s60.A63 fileNameGt=../graphsdb/mcs30/bvg/b09m/mcs30_b09m_s60.B63
Reading graphs...
60 :  262
60 :  257
Initializing...
maxdom : 8
D->valSize : 219
Solving...
Blb : 2 (clique : 12)
currentSize : 12 <-- 0.001823 s
currentSize : 14 <-- 0.001951 s
currentSize : 15 <-- 0.002057 s
currentSize : 16 <-- 0.002075 s
currentSize : 17 <-- 0.002759 s
currentSize : 18 <-- 0.135708 s
currentSize : 19 <-- 2.131118 s

maxsize : 19
nodes : 1540040.000000
filtered : 17083727.000000
time : 6.741069
