Parameters: GAD=1 vflib=1 dir=0 label=1 lowerbound=1 fileNameGp=../graphsdb/mcs30/bvg/b06m/mcs30_b06m_s50.A81 fileNameGt=../graphsdb/mcs30/bvg/b06m/mcs30_b06m_s50.B81
Reading graphs...
50 :  145
50 :  147
Initializing...
maxdom : 13
D->valSize : 361
Solving...
Blb : 2 (clique : 16)
currentSize : 16 <-- 0.004404 s
currentSize : 17 <-- 0.004557 s
currentSize : 18 <-- 0.007576 s
currentSize : 19 <-- 0.072681 s
currentSize : 20 <-- 11.353214 s

maxsize : 20
nodes : 12305717.000000
filtered : 208860514.000000
time : 55.719727
