Parameters: GAD=1 vflib=1 dir=0 label=1 lowerbound=1 fileNameGp=../graphsdb/mcs30/bvg/b09m/mcs30_b09m_s70.A08 fileNameGt=../graphsdb/mcs30/bvg/b09m/mcs30_b09m_s70.B08
Reading graphs...
70 :  306
70 :  305
Initializing...
maxdom : 10
D->valSize : 340
Solving...
Blb : 2 (clique : 18)
currentSize : 18 <-- 0.002744 s
currentSize : 19 <-- 0.003125 s
currentSize : 20 <-- 0.003187 s
currentSize : 21 <-- 0.003591 s
currentSize : 23 <-- 0.009412 s
currentSize : 24 <-- 12.250719 s

maxsize : 24
nodes : 10927953.000000
filtered : 127216107.000000
time : 56.594112
