Parameters: GAD=1 vflib=1 dir=0 label=1 lowerbound=1 fileNameGp=../graphsdb/mcs30/bvg/b03/mcs30_b03_s50.A39 fileNameGt=../graphsdb/mcs30/bvg/b03/mcs30_b03_s50.B39
Reading graphs...
50 :  75
50 :  75
Initializing...
maxdom : 8
D->valSize : 313
Solving...
Blb : 2 (clique : 19)
currentSize : 19 <-- 0.002228 s
currentSize : 20 <-- 0.003349 s
currentSize : 21 <-- 0.033075 s
currentSize : 22 <-- 0.153753 s
currentSize : 23 <-- 0.592565 s
currentSize : 24 <-- 3.339779 s
currentSize : 25 <-- 4.539120 s
currentSize : 26 <-- 8.806979 s

maxsize : 26
nodes : 604760803.000000
filtered : 6644643005.000000
time : 2464.739014
