Parameters: GAD=1 vflib=1 dir=0 label=1 lowerbound=1 fileNameGp=../graphsdb/mcs30/rand/r005/mcs30_r005_s35.A77 fileNameGt=../graphsdb/mcs30/rand/r005/mcs30_r005_s35.B77
Reading graphs...
35 :  63
35 :  64
Initializing...
maxdom : 11
D->valSize : 154
Solving...
Blb : 2 (clique : 11)
currentSize : 11 <-- 0.000848 s
currentSize : 12 <-- 0.000900 s
currentSize : 13 <-- 0.001095 s
currentSize : 14 <-- 0.004407 s
currentSize : 15 <-- 0.023213 s

maxsize : 15
nodes : 86677.000000
filtered : 647892.000000
time : 0.247616
