Parameters: GAD=1 vflib=1 dir=0 label=1 lowerbound=1 fileNameGp=../graphsdb/mcs30/m2D/m2Dr4/mcs30_m2Dr4_s90.A59 fileNameGt=../graphsdb/mcs30/m2D/m2Dr4/mcs30_m2Dr4_s90.B59
Reading graphs...
90 :  195
90 :  194
Initializing...
maxdom : 10
D->valSize : 545
Solving...
Blb : 2 (clique : 31)
currentSize : 31 <-- 0.006275 s
currentSize : 32 <-- 81.995071 s
currentSize : 33 <-- 101.834007 s
currentSize : 34 <-- 535.830627 s
currentSize : 35 <-- 2080.695068 s
currentSize : 36 <-- 3371.175049 s

TIMEOUT
maxsize : 36
nodes : 765958595.000000
filtered : 4995060274.000000
time : 3600.000000
