Parameters: GAD=1 vflib=1 dir=0 label=1 lowerbound=1 fileNameGp=../graphsdb/mcs30/bvg/b03/mcs30_b03_s50.A53 fileNameGt=../graphsdb/mcs30/bvg/b03/mcs30_b03_s50.B53
Reading graphs...
50 :  75
50 :  75
Initializing...
maxdom : 11
D->valSize : 342
Solving...
Blb : 2 (clique : 22)
currentSize : 22 <-- 0.002714 s
currentSize : 23 <-- 58.424305 s
currentSize : 24 <-- 76.371567 s
currentSize : 26 <-- 78.511719 s
currentSize : 27 <-- 78.511887 s

maxsize : 27
nodes : 94974006.000000
filtered : 1110599967.000000
time : 402.307159
