Parameters: GAD=1 vflib=1 dir=0 label=1 lowerbound=1 fileNameGp=../graphsdb/mcs30/m2D/m2Dr6/mcs30_m2Dr6_s70.A76 fileNameGt=../graphsdb/mcs30/m2D/m2Dr6/mcs30_m2Dr6_s70.B76
Reading graphs...
70 :  165
70 :  163
Initializing...
maxdom : 9
D->valSize : 320
Solving...
Blb : 2 (clique : 21)
currentSize : 21 <-- 0.002696 s
currentSize : 22 <-- 0.007632 s
currentSize : 23 <-- 2.664901 s
currentSize : 24 <-- 55.761581 s
currentSize : 25 <-- 219.276718 s
currentSize : 28 <-- 1451.802979 s
currentSize : 29 <-- 1452.091797 s

maxsize : 29
nodes : 466909666.000000
filtered : 3254500762.000000
time : 1838.138184
