Parameters: GAD=1 vflib=1 dir=0 label=1 lowerbound=1 fileNameGp=../graphsdb/mcs30/m4D/m4Dr4/mcs30_m4Dr4_s60.A52 fileNameGt=../graphsdb/mcs30/m4D/m4Dr4/mcs30_m4Dr4_s60.B52
Reading graphs...
60 :  124
60 :  122
Initializing...
maxdom : 7
D->valSize : 238
Solving...
Blb : 2 (clique : 21)
currentSize : 21 <-- 0.001804 s
currentSize : 22 <-- 0.045669 s
currentSize : 23 <-- 0.165773 s
currentSize : 24 <-- 0.413282 s
currentSize : 25 <-- 1.657854 s

maxsize : 25
nodes : 106215627.000000
filtered : 699685196.000000
time : 422.550507
