Parameters: GAD=1 vflib=1 dir=0 label=1 lowerbound=1 fileNameGp=../graphsdb/mcs30/bvg/b06m/mcs30_b06m_s35.A71 fileNameGt=../graphsdb/mcs30/bvg/b06m/mcs30_b06m_s35.B71
Reading graphs...
35 :  101
35 :  101
Initializing...
maxdom : 9
D->valSize : 162
Solving...
Blb : 2 (clique : 9)
currentSize : 9 <-- 0.000842 s
currentSize : 10 <-- 0.000903 s
currentSize : 11 <-- 0.000944 s
currentSize : 12 <-- 0.006556 s
currentSize : 13 <-- 0.013175 s

maxsize : 13
nodes : 36227.000000
filtered : 445944.000000
time : 0.120171
