Parameters: GAD=1 vflib=1 dir=0 label=1 lowerbound=1 fileNameGp=../graphsdb/mcs30/rand/r005/mcs30_r005_s50.A42 fileNameGt=../graphsdb/mcs30/rand/r005/mcs30_r005_s50.B42
Reading graphs...
50 :  125
50 :  121
Initializing...
maxdom : 12
D->valSize : 322
Solving...
Blb : 2 (clique : 16)
currentSize : 16 <-- 0.002439 s
currentSize : 17 <-- 0.002707 s
currentSize : 18 <-- 0.004746 s
currentSize : 19 <-- 0.105226 s
currentSize : 20 <-- 1.423640 s
currentSize : 21 <-- 72.447807 s

maxsize : 21
nodes : 59713546.000000
filtered : 719839719.000000
time : 238.267487
