Parameters: GAD=1 vflib=1 dir=0 label=1 lowerbound=1 fileNameGp=../graphsdb/mcs30/bvg/b06/mcs30_b06_s60.A45 fileNameGt=../graphsdb/mcs30/bvg/b06/mcs30_b06_s60.B45
Reading graphs...
60 :  180
60 :  178
Initializing...
maxdom : 7
D->valSize : 249
Solving...
Blb : 2 (clique : 19)
currentSize : 19 <-- 0.002918 s
currentSize : 20 <-- 0.108118 s
currentSize : 21 <-- 0.408282 s
currentSize : 22 <-- 4.083208 s
currentSize : 23 <-- 7.618669 s
currentSize : 24 <-- 25.990379 s

maxsize : 24
nodes : 8939215.000000
filtered : 73751349.000000
time : 38.633072
