Parameters: GAD=1 vflib=1 dir=0 label=1 lowerbound=1 fileNameGp=../graphsdb/mcs30/bvg/b06/mcs30_b06_s60.A86 fileNameGt=../graphsdb/mcs30/bvg/b06/mcs30_b06_s60.B86
Reading graphs...
60 :  180
60 :  178
Initializing...
maxdom : 7
D->valSize : 251
Solving...
Blb : 2 (clique : 16)
currentSize : 16 <-- 0.001902 s
currentSize : 17 <-- 0.005405 s
currentSize : 18 <-- 0.023435 s
currentSize : 19 <-- 0.177679 s
currentSize : 20 <-- 0.537659 s
currentSize : 21 <-- 0.538984 s
currentSize : 22 <-- 1.179228 s
currentSize : 23 <-- 1.856973 s
currentSize : 24 <-- 4.058884 s

maxsize : 24
nodes : 4256896.000000
filtered : 44084655.000000
time : 19.309092
