Parameters: GAD=1 vflib=1 dir=0 label=1 lowerbound=1 fileNameGp=../graphsdb/mcs30/m2D/m2Dr6/mcs30_m2Dr6_s70.A45 fileNameGt=../graphsdb/mcs30/m2D/m2Dr6/mcs30_m2Dr6_s70.B45
Reading graphs...
70 :  162
70 :  160
Initializing...
maxdom : 11
D->valSize : 345
Solving...
Blb : 2 (clique : 25)
currentSize : 25 <-- 0.002948 s
currentSize : 26 <-- 0.003218 s
currentSize : 27 <-- 0.003868 s
currentSize : 28 <-- 0.082871 s
currentSize : 29 <-- 0.312624 s
currentSize : 30 <-- 0.326520 s
currentSize : 31 <-- 10.588281 s

maxsize : 31
nodes : 421368215.000000
filtered : 4444276551.000000
time : 2230.672607
