Parameters: GAD=1 vflib=1 dir=0 label=1 lowerbound=1 fileNameGp=../graphsdb/mcs30/m3D/m3D/mcs30_m3D_s100.A31 fileNameGt=../graphsdb/mcs30/m3D/m3D/mcs30_m3D_s100.B31
Reading graphs...
100 :  234
100 :  232
Initializing...
maxdom : 7
D->valSize : 390
Solving...
Blb : 2 (clique : 32)
currentSize : 32 <-- 0.006852 s
currentSize : 33 <-- 0.007498 s
currentSize : 34 <-- 0.022727 s
currentSize : 35 <-- 0.362327 s
currentSize : 36 <-- 0.381882 s
currentSize : 37 <-- 66.943253 s

TIMEOUT
maxsize : 37
nodes : 670441603.000000
filtered : 3830373426.000000
time : 3600.000000
