Parameters: GAD=1 vflib=1 dir=0 label=1 lowerbound=1 fileNameGp=../graphsdb/mcs30/m2D/m2Dr2/mcs30_m2Dr2_s50.A57 fileNameGt=../graphsdb/mcs30/m2D/m2Dr2/mcs30_m2Dr2_s50.B57
Reading graphs...
50 :  94
50 :  94
Initializing...
maxdom : 10
D->valSize : 320
Solving...
Blb : 2 (clique : 16)
currentSize : 16 <-- 0.002434 s
currentSize : 17 <-- 0.005359 s
currentSize : 18 <-- 0.011913 s
currentSize : 19 <-- 0.302568 s
currentSize : 20 <-- 24.422218 s
currentSize : 21 <-- 33.710449 s
currentSize : 22 <-- 96.403694 s
currentSize : 23 <-- 112.550560 s
currentSize : 24 <-- 114.373947 s
currentSize : 25 <-- 126.600273 s

maxsize : 25
nodes : 40751557.000000
filtered : 464343197.000000
time : 158.150497
