Parameters: GAD=1 vflib=1 dir=0 label=1 lowerbound=1 fileNameGp=../graphsdb/mcs30/rand/r02/mcs30_r02_s50.A74 fileNameGt=../graphsdb/mcs30/rand/r02/mcs30_r02_s50.B74
Reading graphs...
50 :  432
50 :  444
Initializing...
maxdom : 10
D->valSize : 343
Solving...
Blb : 2 (clique : 8)
currentSize : 8 <-- 0.002422 s
currentSize : 9 <-- 0.002494 s
currentSize : 10 <-- 0.003113 s
currentSize : 12 <-- 0.089917 s
currentSize : 13 <-- 0.090951 s

maxsize : 13
nodes : 51300.000000
filtered : 1004270.000000
time : 0.238185
