Parameters: GAD=1 vflib=1 dir=0 label=1 lowerbound=1 fileNameGp=../graphsdb/mcs30/bvg/b06m/mcs30_b06m_s40.A82 fileNameGt=../graphsdb/mcs30/bvg/b06m/mcs30_b06m_s40.B82
Reading graphs...
40 :  113
40 :  115
Initializing...
maxdom : 7
D->valSize : 199
Solving...
Blb : 2 (clique : 12)
currentSize : 12 <-- 0.001247 s
currentSize : 13 <-- 0.013850 s
currentSize : 14 <-- 0.014727 s
currentSize : 15 <-- 0.130339 s
currentSize : 16 <-- 0.130365 s

maxsize : 16
nodes : 404016.000000
filtered : 3548929.000000
time : 1.427840
