Parameters: GAD=1 vflib=1 dir=0 label=1 lowerbound=1 fileNameGp=../graphsdb/mcs30/bvg/b03/mcs30_b03_s35.A85 fileNameGt=../graphsdb/mcs30/bvg/b03/mcs30_b03_s35.B85
Reading graphs...
35 :  52
35 :  51
Initializing...
maxdom : 7
D->valSize : 173
Solving...
Blb : 3 (clique : 13)
currentSize : 13 <-- 0.001025 s
currentSize : 14 <-- 0.001094 s
currentSize : 15 <-- 0.001514 s
currentSize : 16 <-- 0.007261 s
currentSize : 17 <-- 0.040131 s
currentSize : 18 <-- 0.831068 s

maxsize : 18
nodes : 768264.000000
filtered : 6657285.000000
time : 2.414914
