Parameters: GAD=1 vflib=1 dir=0 label=1 lowerbound=1 fileNameGp=../graphsdb/mcs30/m3D/m3Dr2/mcs30_m3Dr2_s40.A22 fileNameGt=../graphsdb/mcs30/m3D/m3Dr2/mcs30_m3Dr2_s40.B22
Reading graphs...
40 :  87
40 :  90
Initializing...
maxdom : 9
D->valSize : 232
Solving...
Blb : 2 (clique : 11)
currentSize : 11 <-- 0.001544 s
currentSize : 13 <-- 0.001650 s
currentSize : 14 <-- 0.005773 s
currentSize : 15 <-- 0.022888 s
currentSize : 16 <-- 0.148670 s

maxsize : 16
nodes : 3077668.000000
filtered : 36750992.000000
time : 10.820517
