Parameters: GAD=1 vflib=1 dir=0 label=1 lowerbound=1 fileNameGp=../graphsdb/mcs30/bvg/b06m/mcs30_b06m_s70.A65 fileNameGt=../graphsdb/mcs30/bvg/b06m/mcs30_b06m_s70.B65
Reading graphs...
70 :  207
70 :  204
Initializing...
maxdom : 9
D->valSize : 318
Solving...
Blb : 3 (clique : 22)
currentSize : 22 <-- 0.002681 s
currentSize : 23 <-- 1.815294 s
currentSize : 24 <-- 10.676287 s
currentSize : 25 <-- 134.901108 s
currentSize : 26 <-- 134.980240 s
currentSize : 27 <-- 135.787262 s
currentSize : 28 <-- 241.107864 s

maxsize : 28
nodes : 87701984.000000
filtered : 891087166.000000
time : 414.993805
