Parameters: GAD=1 vflib=1 dir=0 label=1 lowerbound=1 fileNameGp=../graphsdb/mcs30/m3D/m3D/mcs30_m3D_s70.A82 fileNameGt=../graphsdb/mcs30/m3D/m3D/mcs30_m3D_s70.B82
Reading graphs...
70 :  159
70 :  158
Initializing...
maxdom : 7
D->valSize : 317
Solving...
Blb : 2 (clique : 22)
currentSize : 22 <-- 0.002731 s
currentSize : 23 <-- 0.004168 s
currentSize : 24 <-- 0.017775 s
currentSize : 25 <-- 0.065043 s
currentSize : 26 <-- 0.093935 s
currentSize : 27 <-- 0.188652 s
currentSize : 28 <-- 0.188794 s
currentSize : 29 <-- 12.522817 s
currentSize : 30 <-- 89.240242 s
currentSize : 31 <-- 3134.071533 s
currentSize : 32 <-- 3134.072998 s
currentSize : 33 <-- 3134.072998 s

TIMEOUT
maxsize : 33
nodes : 755107147.000000
filtered : 5783705852.000000
time : 3600.000000
