Parameters: GAD=1 vflib=1 dir=0 label=1 lowerbound=1 fileNameGp=../graphsdb/mcs30/m2D/m2Dr2/mcs30_m2Dr2_s60.A85 fileNameGt=../graphsdb/mcs30/m2D/m2Dr2/mcs30_m2Dr2_s60.B85
Reading graphs...
60 :  116
60 :  115
Initializing...
maxdom : 6
D->valSize : 250
Solving...
Blb : 5 (clique : 20)
currentSize : 20 <-- 0.001928 s
currentSize : 22 <-- 0.114391 s
currentSize : 23 <-- 0.268373 s
currentSize : 24 <-- 3.544246 s
currentSize : 25 <-- 9.276347 s
currentSize : 26 <-- 102.889557 s

maxsize : 26
nodes : 130242917.000000
filtered : 986770481.000000
time : 517.555664
