Parameters: GAD=1 vflib=1 dir=0 label=1 lowerbound=1 fileNameGp=../graphsdb/mcs30/rand/r02/mcs30_r02_s90.A34 fileNameGt=../graphsdb/mcs30/rand/r02/mcs30_r02_s90.B34
Reading graphs...
90 :  1434
90 :  1425
Initializing...
maxdom : 13
D->valSize : 553
Solving...
Blb : 2 (clique : 9)
currentSize : 9 <-- 0.008961 s
currentSize : 12 <-- 0.009491 s
currentSize : 14 <-- 0.009560 s
currentSize : 15 <-- 0.009947 s
currentSize : 16 <-- 0.162500 s
currentSize : 17 <-- 0.406512 s
currentSize : 21 <-- 0.512070 s
currentSize : 22 <-- 0.512372 s

maxsize : 22
nodes : 183373.000000
filtered : 4911799.000000
time : 1.341149
