Parameters: GAD=1 vflib=1 dir=0 label=1 lowerbound=1 fileNameGp=../graphsdb/mcs30/rand/r01/mcs30_r01_s90.A07 fileNameGt=../graphsdb/mcs30/rand/r01/mcs30_r01_s90.B07
Reading graphs...
90 :  753
90 :  752
Initializing...
maxdom : 10
D->valSize : 503
Solving...
Blb : 3 (clique : 14)
currentSize : 14 <-- 0.005249 s
currentSize : 15 <-- 0.023742 s
currentSize : 16 <-- 0.043421 s
currentSize : 17 <-- 0.112882 s
currentSize : 18 <-- 0.431333 s
currentSize : 20 <-- 4.078199 s
currentSize : 21 <-- 28.222008 s
currentSize : 23 <-- 141.628677 s
currentSize : 24 <-- 143.893875 s

maxsize : 24
nodes : 37163793.000000
filtered : 628883712.000000
time : 233.463058
