Parameters: GAD=1 vflib=1 dir=0 label=1 lowerbound=1 fileNameGp=../graphsdb/mcs30/rand/r01/mcs30_r01_s60.A02 fileNameGt=../graphsdb/mcs30/rand/r01/mcs30_r01_s60.B02
Reading graphs...
60 :  341
60 :  342
Initializing...
maxdom : 8
D->valSize : 244
Solving...
Blb : 2 (clique : 13)
currentSize : 13 <-- 0.002628 s
currentSize : 14 <-- 0.002885 s
currentSize : 15 <-- 0.003404 s
currentSize : 16 <-- 0.003849 s
currentSize : 17 <-- 0.004031 s
currentSize : 18 <-- 0.209828 s
currentSize : 19 <-- 0.210128 s

maxsize : 19
nodes : 83114.000000
filtered : 1056478.000000
time : 0.494601
