Parameters: GAD=1 vflib=1 dir=0 label=1 lowerbound=1 fileNameGp=../graphsdb/mcs30/m2D/m2D/mcs30_m2D_s70.A47 fileNameGt=../graphsdb/mcs30/m2D/m2D/mcs30_m2D_s70.B47
Reading graphs...
70 :  123
70 :  121
Initializing...
maxdom : 9
D->valSize : 338
Solving...
Blb : 2 (clique : 27)
currentSize : 27 <-- 0.004773 s
currentSize : 28 <-- 6.667246 s
currentSize : 29 <-- 71.994087 s
currentSize : 30 <-- 85.053391 s
currentSize : 31 <-- 307.996063 s
currentSize : 32 <-- 399.559296 s
currentSize : 33 <-- 919.720764 s

TIMEOUT
maxsize : 33
nodes : 830326319.000000
filtered : 5936111399.000000
time : 3600.000000
