Parameters: GAD=1 vflib=1 dir=0 label=1 lowerbound=1 fileNameGp=../graphsdb/mcs30/m2D/m2Dr6/mcs30_m2Dr6_s70.A52 fileNameGt=../graphsdb/mcs30/m2D/m2Dr6/mcs30_m2Dr6_s70.B52
Reading graphs...
70 :  161
70 :  159
Initializing...
maxdom : 8
D->valSize : 331
Solving...
Blb : 2 (clique : 22)
currentSize : 22 <-- 0.002833 s
currentSize : 24 <-- 0.002979 s
currentSize : 25 <-- 0.003034 s
currentSize : 26 <-- 0.146761 s
currentSize : 27 <-- 26.674534 s
currentSize : 28 <-- 674.612488 s
currentSize : 29 <-- 1511.767944 s
currentSize : 30 <-- 3359.216309 s
currentSize : 31 <-- 3499.253906 s

TIMEOUT
maxsize : 31
nodes : 797135542.000000
filtered : 5975281169.000000
time : 3600.000000
