Parameters: GAD=1 vflib=1 dir=0 label=1 lowerbound=1 fileNameGp=../graphsdb/mcs30/m4D/m4Dr6/mcs30_m4Dr6_s60.A45 fileNameGt=../graphsdb/mcs30/m4D/m4Dr6/mcs30_m4Dr6_s60.B45
Reading graphs...
60 :  136
60 :  136
Initializing...
maxdom : 6
D->valSize : 244
Solving...
Blb : 2 (clique : 19)
currentSize : 19 <-- 0.001723 s
currentSize : 20 <-- 0.001856 s
currentSize : 21 <-- 0.002158 s
currentSize : 22 <-- 0.002437 s
currentSize : 23 <-- 0.003184 s
currentSize : 24 <-- 0.021293 s
currentSize : 25 <-- 1.493626 s

maxsize : 25
nodes : 109189716.000000
filtered : 781650116.000000
time : 450.191193
