Parameters: GAD=1 vflib=1 dir=0 label=1 lowerbound=1 fileNameGp=../graphsdb/mcs30/bvg/b03/mcs30_b03_s50.A41 fileNameGt=../graphsdb/mcs30/bvg/b03/mcs30_b03_s50.B41
Reading graphs...
50 :  75
50 :  75
Initializing...
maxdom : 9
D->valSize : 323
Solving...
Blb : 2 (clique : 21)
currentSize : 21 <-- 0.002400 s
currentSize : 22 <-- 0.002853 s
currentSize : 23 <-- 0.124093 s
currentSize : 24 <-- 29.012888 s
currentSize : 25 <-- 56.325447 s
currentSize : 26 <-- 1197.051514 s

TIMEOUT
maxsize : 26
nodes : 1000733137.000000
filtered : 9789279765.000000
time : 3600.000000
