Parameters: GAD=1 vflib=1 dir=0 label=1 lowerbound=1 fileNameGp=../graphsdb/mcs30/bvg/b09m/mcs30_b09m_s70.A56 fileNameGt=../graphsdb/mcs30/bvg/b09m/mcs30_b09m_s70.B56
Reading graphs...
70 :  305
70 :  304
Initializing...
maxdom : 8
D->valSize : 335
Solving...
Blb : 5 (clique : 17)
currentSize : 17 <-- 0.002838 s
currentSize : 18 <-- 0.002983 s
currentSize : 19 <-- 0.003068 s
currentSize : 20 <-- 0.556522 s
currentSize : 21 <-- 1.368919 s
currentSize : 22 <-- 3.574986 s
currentSize : 23 <-- 23.024508 s
currentSize : 24 <-- 40.451908 s

maxsize : 24
nodes : 32298014.000000
filtered : 399439551.000000
time : 167.532318
