Parameters: GAD=1 vflib=1 dir=0 label=1 lowerbound=1 fileNameGp=../graphsdb/mcs30/m2D/m2D/mcs30_m2D_s80.A37 fileNameGt=../graphsdb/mcs30/m2D/m2D/mcs30_m2D_s80.B37
Reading graphs...
80 :  142
80 :  142
Initializing...
maxdom : 10
D->valSize : 428
Solving...
Blb : 2 (clique : 28)
currentSize : 28 <-- 0.004213 s
currentSize : 29 <-- 0.004444 s
currentSize : 30 <-- 0.012567 s
currentSize : 31 <-- 0.502830 s
currentSize : 32 <-- 0.542301 s
currentSize : 33 <-- 0.575810 s
currentSize : 34 <-- 166.908554 s

TIMEOUT
maxsize : 34
nodes : 884489359.000000
filtered : 6042423398.000000
time : 3600.000000
