Parameters: GAD=1 vflib=1 dir=0 label=1 lowerbound=1 fileNameGp=../graphsdb/mcs30/rand/r02/mcs30_r02_s60.A77 fileNameGt=../graphsdb/mcs30/rand/r02/mcs30_r02_s60.B77
Reading graphs...
60 :  622
60 :  632
Initializing...
maxdom : 10
D->valSize : 255
Solving...
Blb : 2 (clique : 7)
currentSize : 7 <-- 0.001786 s
currentSize : 8 <-- 0.001883 s
currentSize : 9 <-- 0.004419 s
currentSize : 11 <-- 0.004591 s
currentSize : 14 <-- 0.008292 s
currentSize : 15 <-- 0.008345 s

maxsize : 15
nodes : 11165.000000
filtered : 174420.000000
time : 0.056692
