Parameters: GAD=1 vflib=1 dir=0 label=1 lowerbound=1 fileNameGp=../graphsdb/mcs30/bvg/b06/mcs30_b06_s80.A24 fileNameGt=../graphsdb/mcs30/bvg/b06/mcs30_b06_s80.B24
Reading graphs...
80 :  235
80 :  239
Initializing...
maxdom : 12
D->valSize : 444
Solving...
Blb : 2 (clique : 18)
currentSize : 18 <-- 0.004336 s
currentSize : 19 <-- 0.004488 s
currentSize : 20 <-- 0.004675 s
currentSize : 21 <-- 0.005828 s
currentSize : 22 <-- 0.679856 s
currentSize : 23 <-- 0.683619 s
currentSize : 24 <-- 1.037634 s
currentSize : 25 <-- 62.224934 s
currentSize : 26 <-- 1052.782959 s
currentSize : 27 <-- 1072.217041 s

TIMEOUT
maxsize : 27
nodes : 748095837.000000
filtered : 6800936682.000000
time : 3600.000000
