Parameters: GAD=1 vflib=1 dir=0 label=1 lowerbound=1 fileNameGp=../graphsdb/mcs30/m3D/m3Dr2/mcs30_m3Dr2_s70.A72 fileNameGt=../graphsdb/mcs30/m3D/m3Dr2/mcs30_m3Dr2_s70.B72
Reading graphs...
70 :  169
70 :  171
Initializing...
maxdom : 7
D->valSize : 316
Solving...
Blb : 2 (clique : 25)
currentSize : 25 <-- 0.002751 s
currentSize : 26 <-- 0.003202 s
currentSize : 28 <-- 0.003525 s
currentSize : 29 <-- 92.215645 s
currentSize : 30 <-- 108.329933 s
currentSize : 31 <-- 864.681091 s
currentSize : 32 <-- 864.994995 s

maxsize : 32
nodes : 346753028.000000
filtered : 3091984587.000000
time : 1750.636230
