Parameters: GAD=1 vflib=1 dir=0 label=1 lowerbound=1 fileNameGp=../graphsdb/mcs30/rand/r01/mcs30_r01_s90.A08 fileNameGt=../graphsdb/mcs30/rand/r01/mcs30_r01_s90.B08
Reading graphs...
90 :  762
90 :  761
Initializing...
maxdom : 8
D->valSize : 512
Solving...
Blb : 2 (clique : 14)
currentSize : 14 <-- 0.008381 s
currentSize : 15 <-- 0.018127 s
currentSize : 16 <-- 0.034507 s
currentSize : 17 <-- 0.034675 s
currentSize : 18 <-- 5.658974 s
currentSize : 19 <-- 26.197277 s
currentSize : 20 <-- 26.636871 s
currentSize : 22 <-- 114.985733 s
currentSize : 23 <-- 151.806320 s
currentSize : 24 <-- 202.471573 s
currentSize : 25 <-- 237.388718 s
currentSize : 26 <-- 237.393082 s

maxsize : 26
nodes : 53838270.000000
filtered : 863952160.000000
time : 338.223328
