Parameters: GAD=1 vflib=1 dir=0 label=1 lowerbound=1 fileNameGp=../graphsdb/mcs30/m4D/m4D/mcs30_m4D_s90.A00 fileNameGt=../graphsdb/mcs30/m4D/m4D/mcs30_m4D_s90.B00
Reading graphs...
90 :  146
90 :  145
Initializing...
maxdom : 10
D->valSize : 518
Solving...
Blb : 2 (clique : 35)
currentSize : 35 <-- 0.006012 s
currentSize : 36 <-- 0.548528 s
currentSize : 37 <-- 0.548698 s
currentSize : 38 <-- 0.850679 s
currentSize : 39 <-- 25.699392 s
currentSize : 40 <-- 25.699659 s
currentSize : 41 <-- 29.026463 s

TIMEOUT
maxsize : 41
nodes : 732904009.000000
filtered : 6197052165.000000
time : 3600.000000
