Parameters: GAD=1 vflib=1 dir=0 label=1 lowerbound=1 fileNameGp=../graphsdb/mcs30/m2D/m2Dr6/mcs30_m2Dr6_s80.A38 fileNameGt=../graphsdb/mcs30/m2D/m2Dr6/mcs30_m2Dr6_s80.B38
Reading graphs...
80 :  188
80 :  186
Initializing...
maxdom : 8
D->valSize : 433
Solving...
Blb : 2 (clique : 28)
currentSize : 28 <-- 0.004535 s
currentSize : 29 <-- 0.004741 s
currentSize : 30 <-- 0.005233 s
currentSize : 31 <-- 0.023682 s
currentSize : 32 <-- 0.361445 s
currentSize : 33 <-- 4.548584 s
currentSize : 34 <-- 879.712036 s

TIMEOUT
maxsize : 34
nodes : 640857268.000000
filtered : 6400341413.000000
time : 3600.000000
