Parameters: GAD=1 vflib=1 dir=0 label=1 lowerbound=1 fileNameGp=../graphsdb/mcs30/m4D/m4Dr6/mcs30_m4Dr6_s60.A94 fileNameGt=../graphsdb/mcs30/m4D/m4Dr6/mcs30_m4Dr6_s60.B94
Reading graphs...
60 :  136
60 :  136
Initializing...
maxdom : 7
D->valSize : 223
Solving...
Blb : 3 (clique : 20)
currentSize : 20 <-- 0.002653 s
currentSize : 21 <-- 1.523881 s
currentSize : 22 <-- 1.941916 s
currentSize : 23 <-- 4.643531 s
currentSize : 24 <-- 21.863817 s

maxsize : 24
nodes : 13032535.000000
filtered : 83781348.000000
time : 52.248837
