Parameters: GAD=1 vflib=1 dir=0 label=1 lowerbound=1 fileNameGp=../graphsdb/mcs30/bvg/b06/mcs30_b06_s70.A44 fileNameGt=../graphsdb/mcs30/bvg/b06/mcs30_b06_s70.B44
Reading graphs...
70 :  210
70 :  208
Initializing...
maxdom : 7
D->valSize : 313
Solving...
Blb : 2 (clique : 21)
currentSize : 21 <-- 0.002783 s
currentSize : 22 <-- 0.106538 s
currentSize : 23 <-- 18.567076 s
currentSize : 24 <-- 24.165691 s
currentSize : 25 <-- 24.165739 s
currentSize : 26 <-- 98.917908 s
currentSize : 27 <-- 277.847748 s
currentSize : 28 <-- 346.790100 s

maxsize : 28
nodes : 122812547.000000
filtered : 1130507519.000000
time : 577.924866
