Parameters: GAD=1 vflib=1 dir=0 label=1 lowerbound=1 fileNameGp=../graphsdb/mcs30/m2D/m2D/mcs30_m2D_s50.A34 fileNameGt=../graphsdb/mcs30/m2D/m2D/mcs30_m2D_s50.B34
Reading graphs...
50 :  84
50 :  85
Initializing...
maxdom : 10
D->valSize : 308
Solving...
Blb : 2 (clique : 18)
currentSize : 18 <-- 0.002388 s
currentSize : 19 <-- 0.002548 s
currentSize : 20 <-- 0.003547 s
currentSize : 21 <-- 0.010411 s
currentSize : 22 <-- 0.047050 s
currentSize : 23 <-- 21.963003 s
currentSize : 24 <-- 1950.985229 s

TIMEOUT
maxsize : 24
nodes : 960261836.000000
filtered : 11201662293.000000
time : 3600.000000
