Parameters: GAD=1 vflib=1 dir=0 label=1 lowerbound=1 fileNameGp=../graphsdb/mcs30/m3D/m3D/mcs30_m3D_s100.A35 fileNameGt=../graphsdb/mcs30/m3D/m3D/mcs30_m3D_s100.B35
Reading graphs...
100 :  234
100 :  235
Initializing...
maxdom : 8
D->valSize : 334
Solving...
Blb : 2 (clique : 31)
currentSize : 31 <-- 0.003487 s
currentSize : 32 <-- 0.020383 s
currentSize : 33 <-- 3.583946 s
currentSize : 34 <-- 18.854437 s
currentSize : 35 <-- 473.099213 s
currentSize : 36 <-- 606.226257 s

TIMEOUT
maxsize : 36
nodes : 737438231.000000
filtered : 3963354048.000000
time : 3600.000000
