Parameters: GAD=1 vflib=1 dir=0 label=1 lowerbound=1 fileNameGp=../graphsdb/mcs30/m2D/m2Dr6/mcs30_m2Dr6_s90.A50 fileNameGt=../graphsdb/mcs30/m2D/m2Dr6/mcs30_m2Dr6_s90.B50
Reading graphs...
90 :  214
90 :  213
Initializing...
maxdom : 11
D->valSize : 529
Solving...
Blb : 2 (clique : 28)
currentSize : 28 <-- 0.006008 s
currentSize : 29 <-- 0.015926 s
currentSize : 30 <-- 0.025155 s
currentSize : 31 <-- 0.077612 s
currentSize : 32 <-- 1.986566 s
currentSize : 33 <-- 13.041124 s
currentSize : 34 <-- 21.377851 s
currentSize : 35 <-- 70.155434 s
currentSize : 36 <-- 74.688911 s

TIMEOUT
maxsize : 36
nodes : 710303759.000000
filtered : 5659680096.000000
time : 3600.000000
