Parameters: GAD=1 vflib=1 dir=0 label=1 lowerbound=1 fileNameGp=../graphsdb/mcs30/rand/r01/mcs30_r01_s50.A59 fileNameGt=../graphsdb/mcs30/rand/r01/mcs30_r01_s50.B59
Reading graphs...
50 :  234
50 :  232
Initializing...
maxdom : 9
D->valSize : 311
Solving...
Blb : 2 (clique : 10)
currentSize : 10 <-- 0.002335 s
currentSize : 11 <-- 0.002411 s
currentSize : 12 <-- 0.002663 s
currentSize : 13 <-- 0.004159 s
currentSize : 14 <-- 0.105343 s
currentSize : 15 <-- 0.125856 s
currentSize : 17 <-- 2.777223 s

maxsize : 17
nodes : 1323455.000000
filtered : 18820299.000000
time : 5.673122
