Parameters: GAD=1 vflib=1 dir=0 label=1 lowerbound=1 fileNameGp=../graphsdb/mcs30/m2D/m2Dr6/mcs30_m2Dr6_s80.A45 fileNameGt=../graphsdb/mcs30/m2D/m2Dr6/mcs30_m2Dr6_s80.B45
Reading graphs...
80 :  187
80 :  185
Initializing...
maxdom : 9
D->valSize : 450
Solving...
Blb : 2 (clique : 27)
currentSize : 27 <-- 0.007309 s
currentSize : 28 <-- 29.093275 s
currentSize : 29 <-- 51.925697 s
currentSize : 30 <-- 52.955639 s
currentSize : 31 <-- 2350.494873 s
currentSize : 32 <-- 2351.762207 s

TIMEOUT
maxsize : 32
nodes : 847181315.000000
filtered : 5276257279.000000
time : 3600.000000
