Parameters: GAD=1 vflib=1 dir=0 label=1 lowerbound=1 fileNameGp=../graphsdb/mcs30/rand/r005/mcs30_r005_s50.A82 fileNameGt=../graphsdb/mcs30/rand/r005/mcs30_r005_s50.B82
Reading graphs...
50 :  121
50 :  123
Initializing...
maxdom : 10
D->valSize : 337
Solving...
Blb : 2 (clique : 14)
currentSize : 14 <-- 0.003977 s
currentSize : 15 <-- 0.004150 s
currentSize : 16 <-- 0.007590 s
currentSize : 17 <-- 0.007694 s
currentSize : 18 <-- 0.008531 s
currentSize : 19 <-- 0.023696 s
currentSize : 20 <-- 5.438680 s
currentSize : 21 <-- 288.723694 s

maxsize : 21
nodes : 143965348.000000
filtered : 1796015961.000000
time : 562.998962
