Parameters: GAD=1 vflib=1 dir=0 label=1 lowerbound=1 fileNameGp=../graphsdb/mcs30/rand/r005/mcs30_r005_s70.A84 fileNameGt=../graphsdb/mcs30/rand/r005/mcs30_r005_s70.B84
Reading graphs...
70 :  235
70 :  236
Initializing...
maxdom : 9
D->valSize : 342
Solving...
Blb : 2 (clique : 19)
currentSize : 19 <-- 0.004720 s
currentSize : 20 <-- 0.005549 s
currentSize : 21 <-- 0.011385 s
currentSize : 22 <-- 0.011732 s
currentSize : 23 <-- 0.062664 s
currentSize : 24 <-- 1.027353 s
currentSize : 25 <-- 1.029977 s

maxsize : 25
nodes : 174112058.000000
filtered : 1902134218.000000
time : 868.966248
