Parameters: GAD=1 vflib=1 dir=0 label=1 lowerbound=1 fileNameGp=../graphsdb/mcs30/m3D/m3Dr4/mcs30_m3Dr4_s100.A57 fileNameGt=../graphsdb/mcs30/m3D/m3Dr4/mcs30_m3Dr4_s100.B57
Reading graphs...
100 :  273
100 :  273
Initializing...
maxdom : 7
D->valSize : 361
Solving...
Blb : 2 (clique : 29)
currentSize : 29 <-- 0.003683 s
currentSize : 30 <-- 0.004008 s
currentSize : 31 <-- 0.004690 s
currentSize : 32 <-- 0.005636 s
currentSize : 33 <-- 0.011017 s
currentSize : 34 <-- 0.120327 s
currentSize : 35 <-- 40.466202 s

TIMEOUT
maxsize : 35
nodes : 679833498.000000
filtered : 3982853624.000000
time : 3600.000000
