Parameters: GAD=1 vflib=1 dir=0 label=1 lowerbound=1 fileNameGp=../graphsdb/mcs30/m2D/m2D/mcs30_m2D_s50.A35 fileNameGt=../graphsdb/mcs30/m2D/m2D/mcs30_m2D_s50.B35
Reading graphs...
50 :  85
50 :  83
Initializing...
maxdom : 9
D->valSize : 327
Solving...
Blb : 2 (clique : 18)
currentSize : 18 <-- 0.003825 s
currentSize : 19 <-- 0.076155 s
currentSize : 20 <-- 3.233806 s
currentSize : 21 <-- 34.126282 s
currentSize : 22 <-- 98.518646 s
currentSize : 23 <-- 147.380676 s

TIMEOUT
maxsize : 23
nodes : 1143294125.000000
filtered : 9460711128.000000
time : 3600.000000
