Parameters: GAD=1 vflib=1 dir=0 label=1 lowerbound=1 fileNameGp=../graphsdb/mcs30/m4D/m4Dr2/mcs30_m4Dr2_s60.A71 fileNameGt=../graphsdb/mcs30/m4D/m4Dr2/mcs30_m4Dr2_s60.B71
Reading graphs...
60 :  114
60 :  114
Initializing...
maxdom : 8
D->valSize : 257
Solving...
Blb : 3 (clique : 22)
currentSize : 22 <-- 0.002007 s
currentSize : 23 <-- 0.096387 s
currentSize : 24 <-- 6.898868 s
currentSize : 25 <-- 7.411804 s
currentSize : 26 <-- 31.789703 s
currentSize : 27 <-- 68.264153 s

maxsize : 27
nodes : 51161166.000000
filtered : 405877343.000000
time : 202.139709
