Parameters: GAD=1 vflib=1 dir=0 label=1 lowerbound=1 fileNameGp=../graphsdb/mcs30/m3D/m3Dr6/mcs30_m3Dr6_s80.A75 fileNameGt=../graphsdb/mcs30/m3D/m3Dr6/mcs30_m3Dr6_s80.B75
Reading graphs...
80 :  228
80 :  225
Initializing...
maxdom : 9
D->valSize : 389
Solving...
Blb : 2 (clique : 22)
currentSize : 22 <-- 0.003565 s
currentSize : 24 <-- 0.003726 s
currentSize : 25 <-- 0.003839 s
currentSize : 26 <-- 1.614423 s
currentSize : 27 <-- 300.454468 s
currentSize : 28 <-- 2125.811523 s
currentSize : 29 <-- 2125.814209 s
currentSize : 30 <-- 2774.450684 s
currentSize : 31 <-- 2774.726807 s

TIMEOUT
maxsize : 31
nodes : 838264601.000000
filtered : 5625727221.000000
time : 3600.000000
