Parameters: GAD=1 vflib=1 dir=0 label=1 lowerbound=1 fileNameGp=../graphsdb/mcs30/m3D/m3Dr4/mcs30_m3Dr4_s40.A92 fileNameGt=../graphsdb/mcs30/m3D/m3Dr4/mcs30_m3Dr4_s40.B92
Reading graphs...
40 :  96
40 :  94
Initializing...
maxdom : 8
D->valSize : 214
Solving...
Blb : 3 (clique : 12)
currentSize : 12 <-- 0.001858 s
currentSize : 13 <-- 0.036573 s
currentSize : 14 <-- 0.304372 s
currentSize : 15 <-- 0.838661 s
currentSize : 16 <-- 1.027036 s

maxsize : 16
nodes : 832616.000000
filtered : 10274014.000000
time : 2.951530
