Parameters: GAD=1 vflib=1 dir=0 label=1 lowerbound=1 fileNameGp=../graphsdb/mcs30/m2D/m2Dr2/mcs30_m2Dr2_s50.A35 fileNameGt=../graphsdb/mcs30/m2D/m2Dr2/mcs30_m2Dr2_s50.B35
Reading graphs...
50 :  95
50 :  94
Initializing...
maxdom : 10
D->valSize : 324
Solving...
Blb : 2 (clique : 17)
currentSize : 17 <-- 0.002507 s
currentSize : 18 <-- 0.003214 s
currentSize : 19 <-- 0.004070 s
currentSize : 20 <-- 0.027851 s
currentSize : 21 <-- 0.065641 s
currentSize : 22 <-- 0.082847 s
currentSize : 23 <-- 0.259632 s
currentSize : 24 <-- 15.138377 s
currentSize : 25 <-- 40.610039 s

maxsize : 25
nodes : 16111792.000000
filtered : 198037069.000000
time : 70.277618
