Parameters: GAD=1 vflib=1 dir=0 label=1 lowerbound=1 fileNameGp=../graphsdb/mcs30/rand/r005/mcs30_r005_s60.A16 fileNameGt=../graphsdb/mcs30/rand/r005/mcs30_r005_s60.B16
Reading graphs...
60 :  177
60 :  176
Initializing...
maxdom : 8
D->valSize : 254
Solving...
Blb : 2 (clique : 18)
currentSize : 18 <-- 0.001942 s
currentSize : 19 <-- 0.052236 s
currentSize : 20 <-- 0.725972 s
currentSize : 21 <-- 4.441143 s
currentSize : 22 <-- 12.512315 s

maxsize : 22
nodes : 14506095.000000
filtered : 116224914.000000
time : 60.528114
