Parameters: GAD=1 vflib=1 dir=0 label=1 lowerbound=1 fileNameGp=../graphsdb/mcs30/bvg/b09/mcs30_b09_s90.A24 fileNameGt=../graphsdb/mcs30/bvg/b09/mcs30_b09_s90.B24
Reading graphs...
90 :  397
90 :  402
Initializing...
maxdom : 11
D->valSize : 533
Solving...
Blb : 2 (clique : 26)
currentSize : 26 <-- 0.005848 s
currentSize : 27 <-- 0.027314 s
currentSize : 28 <-- 0.027902 s
currentSize : 29 <-- 10.411359 s
currentSize : 30 <-- 104.852333 s
currentSize : 31 <-- 947.610535 s

TIMEOUT
maxsize : 31
nodes : 576715041.000000
filtered : 8586602304.000000
time : 3600.000000
