Parameters: GAD=1 vflib=1 dir=0 label=1 lowerbound=1 fileNameGp=../graphsdb/mcs30/bvg/b09m/mcs30_b09m_s80.A08 fileNameGt=../graphsdb/mcs30/bvg/b09m/mcs30_b09m_s80.B08
Reading graphs...
80 :  354
80 :  353
Initializing...
maxdom : 11
D->valSize : 447
Solving...
Blb : 2 (clique : 19)
currentSize : 19 <-- 0.004223 s
currentSize : 20 <-- 0.256512 s
currentSize : 21 <-- 2.086370 s
currentSize : 22 <-- 12.124162 s
currentSize : 23 <-- 12.125195 s
currentSize : 24 <-- 12.138710 s
currentSize : 25 <-- 20.102245 s
currentSize : 26 <-- 83.739182 s
currentSize : 27 <-- 83.757561 s
currentSize : 28 <-- 527.045593 s

maxsize : 28
nodes : 389762923.000000
filtered : 6268006949.000000
time : 2384.507568
