Parameters: GAD=1 vflib=1 dir=0 label=1 lowerbound=1 fileNameGp=../graphsdb/mcs30/bvg/b06/mcs30_b06_s60.A66 fileNameGt=../graphsdb/mcs30/bvg/b06/mcs30_b06_s60.B66
Reading graphs...
60 :  178
60 :  176
Initializing...
maxdom : 9
D->valSize : 257
Solving...
Blb : 2 (clique : 15)
currentSize : 15 <-- 0.001864 s
currentSize : 16 <-- 0.005412 s
currentSize : 17 <-- 0.030777 s
currentSize : 18 <-- 0.150538 s
currentSize : 19 <-- 0.656778 s
currentSize : 20 <-- 0.935209 s
currentSize : 21 <-- 4.706105 s
currentSize : 22 <-- 7.085220 s
currentSize : 23 <-- 17.199593 s

maxsize : 23
nodes : 4972092.000000
filtered : 45772460.000000
time : 22.193081
