Parameters: GAD=1 vflib=1 dir=0 label=1 lowerbound=1 fileNameGp=../graphsdb/mcs30/m2D/m2Dr2/mcs30_m2Dr2_s100.A56 fileNameGt=../graphsdb/mcs30/m2D/m2Dr2/mcs30_m2Dr2_s100.B56
Reading graphs...
100 :  200
100 :  200
Initializing...
maxdom : 8
D->valSize : 351
Solving...
Blb : 2 (clique : 29)
currentSize : 29 <-- 0.005983 s
currentSize : 30 <-- 3.260734 s
currentSize : 31 <-- 25.590927 s
currentSize : 32 <-- 28.186724 s
currentSize : 33 <-- 198.927902 s
currentSize : 34 <-- 368.517822 s
currentSize : 35 <-- 3542.759766 s

TIMEOUT
maxsize : 35
nodes : 843976526.000000
filtered : 2964685232.000000
time : 3600.000000
