Parameters: GAD=1 vflib=1 dir=0 label=1 lowerbound=1 fileNameGp=../graphsdb/mcs30/m2D/m2Dr6/mcs30_m2Dr6_s80.A63 fileNameGt=../graphsdb/mcs30/m2D/m2Dr6/mcs30_m2Dr6_s80.B63
Reading graphs...
80 :  188
80 :  186
Initializing...
maxdom : 10
D->valSize : 438
Solving...
Blb : 2 (clique : 25)
currentSize : 25 <-- 0.004271 s
currentSize : 26 <-- 0.004486 s
currentSize : 27 <-- 0.056670 s
currentSize : 28 <-- 0.364553 s
currentSize : 29 <-- 820.151855 s
currentSize : 30 <-- 1631.977783 s
currentSize : 31 <-- 3226.688965 s

TIMEOUT
maxsize : 31
nodes : 757225279.000000
filtered : 5793464138.000000
time : 3600.000000
