Parameters: GAD=1 vflib=1 dir=0 label=1 lowerbound=1 fileNameGp=../graphsdb/mcs30/bvg/b09m/mcs30_b09m_s100.A82 fileNameGt=../graphsdb/mcs30/bvg/b09m/mcs30_b09m_s100.B82
Reading graphs...
100 :  442
100 :  440
Initializing...
maxdom : 8
D->valSize : 347
Solving...
Blb : 3 (clique : 23)
currentSize : 23 <-- 0.003515 s
currentSize : 24 <-- 0.051317 s
currentSize : 25 <-- 0.740742 s
currentSize : 26 <-- 4.780837 s
currentSize : 27 <-- 148.999222 s
currentSize : 28 <-- 154.747757 s
currentSize : 29 <-- 203.891525 s
currentSize : 30 <-- 339.554321 s
currentSize : 31 <-- 1287.236694 s
currentSize : 32 <-- 1287.338013 s
currentSize : 33 <-- 1287.659546 s
currentSize : 34 <-- 1287.660156 s
currentSize : 35 <-- 1848.582642 s

TIMEOUT
maxsize : 35
nodes : 688956039.000000
filtered : 3474393007.000000
time : 3600.000000
