Parameters: GAD=1 vflib=1 dir=0 label=1 lowerbound=1 fileNameGp=../graphsdb/mcs30/bvg/b06/mcs30_b06_s60.A08 fileNameGt=../graphsdb/mcs30/bvg/b06/mcs30_b06_s60.B08
Reading graphs...
60 :  177
60 :  179
Initializing...
maxdom : 8
D->valSize : 255
Solving...
Blb : 2 (clique : 15)
currentSize : 15 <-- 0.001826 s
currentSize : 16 <-- 0.002716 s
currentSize : 17 <-- 0.005745 s
currentSize : 18 <-- 0.007599 s
currentSize : 19 <-- 0.008329 s
currentSize : 20 <-- 0.317507 s
currentSize : 21 <-- 0.317755 s
currentSize : 22 <-- 5.898071 s
currentSize : 23 <-- 16.818575 s
currentSize : 24 <-- 16.822641 s

maxsize : 24
nodes : 9110061.000000
filtered : 81941961.000000
time : 39.498322
