Parameters: GAD=1 vflib=1 dir=0 label=1 lowerbound=1 fileNameGp=../graphsdb/mcs30/bvg/b03m/mcs30_b03m_s100.A57 fileNameGt=../graphsdb/mcs30/bvg/b03m/mcs30_b03m_s100.B57
Reading graphs...
100 :  150
100 :  150
Initializing...
maxdom : 7
D->valSize : 330
Solving...
Blb : 2 (clique : 37)
currentSize : 37 <-- 0.006426 s
currentSize : 38 <-- 0.014305 s
currentSize : 39 <-- 0.312138 s
currentSize : 40 <-- 8.980165 s
currentSize : 41 <-- 8.985450 s
currentSize : 42 <-- 1057.124023 s
currentSize : 43 <-- 1641.737305 s

TIMEOUT
maxsize : 43
nodes : 769211959.000000
filtered : 3577623242.000000
time : 3600.000000
