Parameters: GAD=1 vflib=1 dir=0 label=1 lowerbound=1 fileNameGp=../graphsdb/mcs30/m3D/m3D/mcs30_m3D_s70.A89 fileNameGt=../graphsdb/mcs30/m3D/m3D/mcs30_m3D_s70.B89
Reading graphs...
70 :  156
70 :  158
Initializing...
maxdom : 8
D->valSize : 327
Solving...
Blb : 5 (clique : 27)
currentSize : 27 <-- 0.002937 s
currentSize : 28 <-- 0.007918 s
currentSize : 29 <-- 0.019822 s
currentSize : 30 <-- 59.798801 s
currentSize : 31 <-- 121.892174 s
currentSize : 32 <-- 619.616821 s
currentSize : 33 <-- 1527.071777 s

maxsize : 33
nodes : 529623685.000000
filtered : 5442751122.000000
time : 2852.310547
