Parameters: GAD=1 vflib=1 dir=0 label=1 lowerbound=1 fileNameGp=../graphsdb/mcs30/rand/r01/mcs30_r01_s90.A60 fileNameGt=../graphsdb/mcs30/rand/r01/mcs30_r01_s90.B60
Reading graphs...
90 :  762
90 :  753
Initializing...
maxdom : 12
D->valSize : 531
Solving...
Blb : 2 (clique : 13)
currentSize : 13 <-- 0.005831 s
currentSize : 14 <-- 0.013365 s
currentSize : 15 <-- 0.045150 s
currentSize : 16 <-- 1.817532 s
currentSize : 18 <-- 5.790077 s
currentSize : 19 <-- 19.784100 s
currentSize : 20 <-- 56.211529 s
currentSize : 22 <-- 56.211597 s
currentSize : 23 <-- 56.211681 s
currentSize : 27 <-- 76.482246 s

maxsize : 27
nodes : 17709053.000000
filtered : 317438906.000000
time : 111.462654
