Parameters: GAD=1 vflib=1 dir=0 label=1 lowerbound=1 fileNameGp=../graphsdb/mcs30/m3D/m3Dr2/mcs30_m3Dr2_s25.A13 fileNameGt=../graphsdb/mcs30/m3D/m3Dr2/mcs30_m3Dr2_s25.B13
Reading graphs...
25 :  53
25 :  52
Initializing...
maxdom : 9
D->valSize : 164
Solving...
Blb : 3 (clique : 8)
currentSize : 8 <-- 0.001180 s
currentSize : 9 <-- 0.001273 s
currentSize : 10 <-- 0.001319 s
currentSize : 11 <-- 0.022125 s
currentSize : 12 <-- 0.090626 s

maxsize : 12
nodes : 29052.000000
filtered : 322734.000000
time : 0.127915
