Parameters: GAD=1 vflib=1 dir=0 label=1 lowerbound=1 fileNameGp=../graphsdb/mcs30/rand/r01/mcs30_r01_s100.A73 fileNameGt=../graphsdb/mcs30/rand/r01/mcs30_r01_s100.B73
Reading graphs...
100 :  931
100 :  934
Initializing...
maxdom : 7
D->valSize : 333
Solving...
Blb : 2 (clique : 12)
currentSize : 12 <-- 0.003100 s
currentSize : 13 <-- 0.003232 s
currentSize : 14 <-- 0.003433 s
currentSize : 15 <-- 0.005597 s
currentSize : 16 <-- 0.064914 s
currentSize : 17 <-- 0.193143 s
currentSize : 18 <-- 0.321131 s
currentSize : 19 <-- 1.665108 s
currentSize : 20 <-- 5.021419 s
currentSize : 22 <-- 5.021793 s
currentSize : 23 <-- 6.797017 s
currentSize : 25 <-- 6.797132 s
currentSize : 26 <-- 7.899694 s
currentSize : 27 <-- 7.900633 s

maxsize : 27
nodes : 3525373.000000
filtered : 35270622.000000
time : 21.948666
