Parameters: GAD=1 vflib=1 dir=0 label=1 lowerbound=1 fileNameGp=../graphsdb/mcs30/m3D/m3D/mcs30_m3D_s70.A47 fileNameGt=../graphsdb/mcs30/m3D/m3D/mcs30_m3D_s70.B47
Reading graphs...
70 :  159
70 :  158
Initializing...
maxdom : 8
D->valSize : 306
Solving...
Blb : 3 (clique : 24)
currentSize : 24 <-- 0.002751 s
currentSize : 25 <-- 0.592705 s
currentSize : 26 <-- 7.640939 s
currentSize : 27 <-- 9.847139 s
currentSize : 28 <-- 9.851383 s
currentSize : 29 <-- 45.845501 s
currentSize : 30 <-- 50.665932 s
currentSize : 31 <-- 247.452866 s
currentSize : 32 <-- 247.453690 s
currentSize : 33 <-- 247.461975 s

maxsize : 33
nodes : 68814756.000000
filtered : 571645078.000000
time : 344.353027
