Parameters: GAD=1 vflib=1 dir=0 label=1 lowerbound=1 fileNameGp=../graphsdb/mcs30/m3D/m3Dr4/mcs30_m3Dr4_s40.A84 fileNameGt=../graphsdb/mcs30/m3D/m3Dr4/mcs30_m3Dr4_s40.B84
Reading graphs...
40 :  99
40 :  97
Initializing...
maxdom : 7
D->valSize : 211
Solving...
Blb : 2 (clique : 12)
currentSize : 12 <-- 0.001305 s
currentSize : 13 <-- 0.001368 s
currentSize : 14 <-- 0.001396 s
currentSize : 15 <-- 0.001936 s
currentSize : 16 <-- 0.508677 s

maxsize : 16
nodes : 2063705.000000
filtered : 20352964.000000
time : 7.336768
