Parameters: GAD=1 vflib=1 dir=0 label=1 lowerbound=1 fileNameGp=../graphsdb/mcs30/rand/r005/mcs30_r005_s40.A55 fileNameGt=../graphsdb/mcs30/rand/r005/mcs30_r005_s40.B55
Reading graphs...
40 :  82
40 :  82
Initializing...
maxdom : 8
D->valSize : 202
Solving...
Blb : 5 (clique : 12)
currentSize : 12 <-- 0.001285 s
currentSize : 13 <-- 0.001365 s
currentSize : 14 <-- 0.001437 s
currentSize : 15 <-- 0.022350 s
currentSize : 16 <-- 0.072263 s
currentSize : 17 <-- 1.020283 s

maxsize : 17
nodes : 770833.000000
filtered : 7063465.000000
time : 2.518792
