Parameters: GAD=1 vflib=1 dir=0 label=1 lowerbound=1 fileNameGp=../graphsdb/mcs30/bvg/b09m/mcs30_b09m_s90.A12 fileNameGt=../graphsdb/mcs30/bvg/b09m/mcs30_b09m_s90.B12
Reading graphs...
90 :  398
90 :  398
Initializing...
maxdom : 10
D->valSize : 529
Solving...
Blb : 3 (clique : 26)
currentSize : 26 <-- 0.005904 s
currentSize : 27 <-- 767.981201 s
currentSize : 28 <-- 767.981873 s
currentSize : 29 <-- 3148.670898 s
currentSize : 30 <-- 3148.672119 s
currentSize : 31 <-- 3150.193848 s
currentSize : 32 <-- 3182.980957 s
currentSize : 33 <-- 3257.916016 s

TIMEOUT
maxsize : 33
nodes : 622726387.000000
filtered : 7752520678.000000
time : 3600.000000
