Parameters: GAD=1 vflib=1 dir=0 label=1 lowerbound=1 fileNameGp=../graphsdb/mcs30/rand/r005/mcs30_r005_s70.A83 fileNameGt=../graphsdb/mcs30/rand/r005/mcs30_r005_s70.B83
Reading graphs...
70 :  231
70 :  234
Initializing...
maxdom : 9
D->valSize : 338
Solving...
Blb : 2 (clique : 17)
currentSize : 17 <-- 0.002804 s
currentSize : 18 <-- 0.003610 s
currentSize : 19 <-- 0.009277 s
currentSize : 20 <-- 0.229201 s
currentSize : 21 <-- 0.424718 s
currentSize : 22 <-- 1.093844 s
currentSize : 23 <-- 26.762440 s
currentSize : 24 <-- 1005.020203 s
currentSize : 25 <-- 1006.457642 s

TIMEOUT
maxsize : 25
nodes : 736974599.000000
filtered : 7863534965.000000
time : 3600.000000
