Parameters: GAD=1 vflib=1 dir=0 label=1 lowerbound=1 fileNameGp=../graphsdb/mcs30/bvg/b09/mcs30_b09_s60.A43 fileNameGt=../graphsdb/mcs30/bvg/b09/mcs30_b09_s60.B43
Reading graphs...
60 :  265
60 :  267
Initializing...
maxdom : 9
D->valSize : 232
Solving...
Blb : 2 (clique : 14)
currentSize : 14 <-- 0.002527 s
currentSize : 15 <-- 0.414765 s
currentSize : 16 <-- 2.037754 s
currentSize : 17 <-- 2.038436 s
currentSize : 19 <-- 2.079340 s
currentSize : 20 <-- 2.125366 s

maxsize : 20
nodes : 849182.000000
filtered : 7496338.000000
time : 3.432371
