Parameters: GAD=1 vflib=1 dir=0 label=1 lowerbound=1 fileNameGp=../graphsdb/mcs30/bvg/b09/mcs30_b09_s35.A82 fileNameGt=../graphsdb/mcs30/bvg/b09/mcs30_b09_s35.B82
Reading graphs...
35 :  151
35 :  151
Initializing...
maxdom : 6
D->valSize : 149
Solving...
Blb : 3 (clique : 9)
currentSize : 9 <-- 0.000739 s
currentSize : 10 <-- 0.002907 s
currentSize : 11 <-- 0.002934 s
currentSize : 12 <-- 0.002957 s
currentSize : 13 <-- 0.012863 s

maxsize : 13
nodes : 7686.000000
filtered : 81355.000000
time : 0.026851
