Parameters: GAD=1 vflib=1 dir=0 label=1 lowerbound=1 fileNameGp=../graphsdb/mcs30/m2D/m2D/mcs30_m2D_s80.A24 fileNameGt=../graphsdb/mcs30/m2D/m2D/mcs30_m2D_s80.B24
Reading graphs...
80 :  141
80 :  142
Initializing...
maxdom : 8
D->valSize : 399
Solving...
Blb : 2 (clique : 33)
currentSize : 33 <-- 0.003857 s
currentSize : 34 <-- 0.004376 s
currentSize : 35 <-- 0.026787 s
currentSize : 36 <-- 0.826540 s
currentSize : 37 <-- 0.828623 s
currentSize : 38 <-- 1819.504395 s

TIMEOUT
maxsize : 38
nodes : 721102787.000000
filtered : 5105879515.000000
time : 3600.000000
