Parameters: GAD=1 vflib=1 dir=0 label=1 lowerbound=1 fileNameGp=../graphsdb/mcs30/m3D/m3D/mcs30_m3D_s90.A63 fileNameGt=../graphsdb/mcs30/m3D/m3D/mcs30_m3D_s90.B63
Reading graphs...
90 :  209
90 :  206
Initializing...
maxdom : 11
D->valSize : 517
Solving...
Blb : 2 (clique : 33)
currentSize : 33 <-- 0.005925 s
currentSize : 34 <-- 0.006202 s
currentSize : 35 <-- 0.007176 s
currentSize : 36 <-- 0.012130 s
currentSize : 37 <-- 0.030727 s
currentSize : 38 <-- 0.469517 s
currentSize : 39 <-- 0.480522 s
currentSize : 40 <-- 2.327899 s

TIMEOUT
maxsize : 40
nodes : 649581592.000000
filtered : 5939863918.000000
time : 3600.000000
