Parameters: GAD=1 vflib=1 dir=0 label=1 lowerbound=1 fileNameGp=../graphsdb/mcs30/m4D/m4D/mcs30_m4D_s60.A46 fileNameGt=../graphsdb/mcs30/m4D/m4D/mcs30_m4D_s60.B46
Reading graphs...
60 :  102
60 :  102
Initializing...
maxdom : 7
D->valSize : 256
Solving...
Blb : 2 (clique : 25)
currentSize : 25 <-- 0.001981 s
currentSize : 26 <-- 0.009734 s
currentSize : 27 <-- 0.028216 s
currentSize : 28 <-- 0.030053 s
currentSize : 29 <-- 0.089999 s
currentSize : 30 <-- 1.337156 s
currentSize : 31 <-- 17.796114 s

maxsize : 31
nodes : 20366185.000000
filtered : 157481713.000000
time : 90.489189
