Parameters: GAD=1 vflib=1 dir=0 label=1 lowerbound=1 fileNameGp=../graphsdb/mcs30/m4D/m4Dr4/mcs30_m4Dr4_s70.A86 fileNameGt=../graphsdb/mcs30/m4D/m4Dr4/mcs30_m4Dr4_s70.B86
Reading graphs...
70 :  141
70 :  139
Initializing...
maxdom : 8
D->valSize : 308
Solving...
Blb : 2 (clique : 25)
currentSize : 25 <-- 0.002800 s
currentSize : 26 <-- 0.005059 s
currentSize : 27 <-- 7.864768 s
currentSize : 28 <-- 76.615112 s
currentSize : 29 <-- 88.670647 s
currentSize : 30 <-- 258.816467 s

maxsize : 30
nodes : 298793577.000000
filtered : 2605770220.000000
time : 1355.901611
