Parameters: GAD=1 vflib=1 dir=0 label=1 lowerbound=1 fileNameGp=../graphsdb/mcs30/m2D/m2Dr6/mcs30_m2Dr6_s100.A82 fileNameGt=../graphsdb/mcs30/m2D/m2Dr6/mcs30_m2Dr6_s100.B82
Reading graphs...
100 :  235
100 :  234
Initializing...
maxdom : 8
D->valSize : 362
Solving...
Blb : 2 (clique : 31)
currentSize : 31 <-- 0.003736 s
currentSize : 32 <-- 0.004000 s
currentSize : 33 <-- 0.004029 s
currentSize : 34 <-- 20.017300 s
currentSize : 35 <-- 344.730804 s
currentSize : 36 <-- 590.355652 s

TIMEOUT
maxsize : 36
nodes : 810883538.000000
filtered : 3475104071.000000
time : 3600.000000
