Parameters: GAD=1 vflib=1 dir=0 label=1 lowerbound=1 fileNameGp=../graphsdb/mcs30/m3D/m3Dr2/mcs30_m3Dr2_s90.A56 fileNameGt=../graphsdb/mcs30/m3D/m3Dr2/mcs30_m3Dr2_s90.B56
Reading graphs...
90 :  226
90 :  222
Initializing...
maxdom : 14
D->valSize : 564
Solving...
Blb : 2 (clique : 29)
currentSize : 29 <-- 0.006728 s
currentSize : 30 <-- 0.007095 s
currentSize : 31 <-- 0.008647 s
currentSize : 32 <-- 0.013203 s
currentSize : 33 <-- 0.059496 s
currentSize : 34 <-- 4.620557 s
currentSize : 35 <-- 64.738998 s

TIMEOUT
maxsize : 35
nodes : 707337114.000000
filtered : 5210276055.000000
time : 3600.000000
