Parameters: GAD=1 vflib=1 dir=0 label=1 lowerbound=1 fileNameGp=../graphsdb/mcs30/m2D/m2Dr4/mcs30_m2Dr4_s100.A10 fileNameGt=../graphsdb/mcs30/m2D/m2Dr4/mcs30_m2Dr4_s100.B10
Reading graphs...
100 :  219
100 :  218
Initializing...
maxdom : 7
D->valSize : 330
Solving...
Blb : 2 (clique : 31)
currentSize : 31 <-- 0.003393 s
currentSize : 32 <-- 0.661084 s
currentSize : 33 <-- 1.443847 s
currentSize : 34 <-- 1.997848 s
currentSize : 35 <-- 2.178949 s
currentSize : 36 <-- 423.711884 s

TIMEOUT
maxsize : 36
nodes : 799072578.000000
filtered : 2706088755.000000
time : 3600.000000
