Parameters: GAD=1 vflib=1 dir=0 label=1 lowerbound=1 fileNameGp=../graphsdb/mcs30/bvg/b09m/mcs30_b09m_s80.A18 fileNameGt=../graphsdb/mcs30/bvg/b09m/mcs30_b09m_s80.B18
Reading graphs...
80 :  351
80 :  354
Initializing...
maxdom : 11
D->valSize : 453
Solving...
Blb : 3 (clique : 18)
currentSize : 18 <-- 0.004363 s
currentSize : 19 <-- 0.004620 s
currentSize : 20 <-- 0.007828 s
currentSize : 21 <-- 1.726667 s
currentSize : 22 <-- 1.748053 s
currentSize : 23 <-- 86.741524 s
currentSize : 24 <-- 134.319092 s
currentSize : 25 <-- 154.833054 s
currentSize : 26 <-- 156.827316 s
currentSize : 27 <-- 2076.502686 s

TIMEOUT
maxsize : 27
nodes : 634509013.000000
filtered : 9721796852.000000
time : 3600.000000
