Parameters: GAD=1 vflib=1 dir=0 label=1 lowerbound=1 fileNameGp=../graphsdb/mcs30/m2D/m2Dr6/mcs30_m2Dr6_s50.A65 fileNameGt=../graphsdb/mcs30/m2D/m2Dr6/mcs30_m2Dr6_s50.B65
Reading graphs...
50 :  113
50 :  112
Initializing...
maxdom : 11
D->valSize : 322
Solving...
Blb : 2 (clique : 17)
currentSize : 17 <-- 0.002353 s
currentSize : 18 <-- 0.002462 s
currentSize : 19 <-- 0.048267 s
currentSize : 20 <-- 2.367479 s
currentSize : 21 <-- 4.191015 s
currentSize : 22 <-- 38.445354 s

maxsize : 22
nodes : 94527124.000000
filtered : 1041046122.000000
time : 372.153595
