Parameters: GAD=1 vflib=1 dir=0 label=1 lowerbound=1 fileNameGp=../graphsdb/mcs30/rand/r005/mcs30_r005_s70.A55 fileNameGt=../graphsdb/mcs30/rand/r005/mcs30_r005_s70.B55
Reading graphs...
70 :  235
70 :  230
Initializing...
maxdom : 9
D->valSize : 356
Solving...
Blb : 2 (clique : 18)
currentSize : 18 <-- 0.003166 s
currentSize : 19 <-- 0.003789 s
currentSize : 20 <-- 0.076834 s
currentSize : 21 <-- 0.102727 s
currentSize : 22 <-- 4.983990 s
currentSize : 23 <-- 176.359177 s
currentSize : 24 <-- 217.105026 s
currentSize : 25 <-- 1770.187988 s

maxsize : 25
nodes : 458477481.000000
filtered : 4850111532.000000
time : 2214.968994
