Parameters: GAD=1 vflib=1 dir=0 label=1 lowerbound=1 fileNameGp=../graphsdb/mcs30/m3D/m3Dr6/mcs30_m3Dr6_s40.A28 fileNameGt=../graphsdb/mcs30/m3D/m3Dr6/mcs30_m3Dr6_s40.B28
Reading graphs...
40 :  105
40 :  106
Initializing...
maxdom : 9
D->valSize : 224
Solving...
Blb : 2 (clique : 11)
currentSize : 11 <-- 0.002019 s
currentSize : 12 <-- 0.003209 s
currentSize : 13 <-- 0.003348 s
currentSize : 14 <-- 0.055299 s
currentSize : 15 <-- 0.623980 s
currentSize : 16 <-- 5.657031 s

maxsize : 16
nodes : 2374164.000000
filtered : 18967743.000000
time : 7.289333
