Parameters: GAD=1 vflib=1 dir=0 label=1 lowerbound=1 fileNameGp=../graphsdb/mcs30/m2D/m2Dr6/mcs30_m2Dr6_s70.A88 fileNameGt=../graphsdb/mcs30/m2D/m2Dr6/mcs30_m2Dr6_s70.B88
Reading graphs...
70 :  163
70 :  160
Initializing...
maxdom : 9
D->valSize : 309
Solving...
Blb : 2 (clique : 23)
currentSize : 23 <-- 0.002562 s
currentSize : 24 <-- 207.781998 s
currentSize : 25 <-- 285.955261 s
currentSize : 26 <-- 698.024170 s
currentSize : 27 <-- 698.034485 s
currentSize : 28 <-- 763.594421 s
currentSize : 29 <-- 844.327637 s
currentSize : 30 <-- 852.318359 s

maxsize : 30
nodes : 265093984.000000
filtered : 1540299672.000000
time : 962.136963
