Parameters: GAD=1 vflib=1 dir=0 label=1 lowerbound=1 fileNameGp=../graphsdb/mcs30/m4D/m4Dr6/mcs30_m4Dr6_s90.A04 fileNameGt=../graphsdb/mcs30/m4D/m4Dr6/mcs30_m4Dr6_s90.B04
Reading graphs...
90 :  198
90 :  197
Initializing...
maxdom : 10
D->valSize : 509
Solving...
Blb : 2 (clique : 28)
currentSize : 28 <-- 0.009396 s
currentSize : 29 <-- 0.136042 s
currentSize : 30 <-- 22.314459 s
currentSize : 31 <-- 108.133064 s
currentSize : 32 <-- 212.333923 s
currentSize : 33 <-- 740.508118 s
currentSize : 34 <-- 2212.459961 s

TIMEOUT
maxsize : 34
nodes : 777896636.000000
filtered : 5162192089.000000
time : 3600.000000
