Parameters: GAD=1 vflib=1 dir=0 label=1 lowerbound=1 fileNameGp=../graphsdb/mcs30/m2D/m2Dr2/mcs30_m2Dr2_s60.A35 fileNameGt=../graphsdb/mcs30/m2D/m2Dr2/mcs30_m2Dr2_s60.B35
Reading graphs...
60 :  115
60 :  112
Initializing...
maxdom : 9
D->valSize : 262
Solving...
Blb : 2 (clique : 21)
currentSize : 21 <-- 0.002032 s
currentSize : 22 <-- 4.810924 s
currentSize : 23 <-- 6.890697 s
currentSize : 24 <-- 10.262851 s
currentSize : 25 <-- 124.802597 s
currentSize : 26 <-- 426.358307 s
currentSize : 27 <-- 732.399292 s

maxsize : 27
nodes : 214806215.000000
filtered : 1581863089.000000
time : 856.699036
