Parameters: GAD=1 vflib=1 dir=0 label=1 lowerbound=1 fileNameGp=../graphsdb/mcs30/bvg/b09m/mcs30_b09m_s40.A59 fileNameGt=../graphsdb/mcs30/bvg/b09m/mcs30_b09m_s40.B59
Reading graphs...
40 :  170
40 :  169
Initializing...
maxdom : 8
D->valSize : 202
Solving...
Blb : 2 (clique : 9)
currentSize : 9 <-- 0.001702 s
currentSize : 10 <-- 0.001789 s
currentSize : 11 <-- 0.001857 s
currentSize : 12 <-- 0.001992 s
currentSize : 13 <-- 0.003034 s
currentSize : 14 <-- 0.003085 s

maxsize : 14
nodes : 30763.000000
filtered : 437344.000000
time : 0.141247
