Parameters: GAD=1 vflib=1 dir=0 label=1 lowerbound=1 fileNameGp=../graphsdb/mcs30/bvg/b06/mcs30_b06_s70.A07 fileNameGt=../graphsdb/mcs30/bvg/b06/mcs30_b06_s70.B07
Reading graphs...
70 :  208
70 :  208
Initializing...
maxdom : 8
D->valSize : 313
Solving...
Blb : 2 (clique : 22)
currentSize : 22 <-- 0.003057 s
currentSize : 23 <-- 0.003379 s
currentSize : 24 <-- 0.007552 s
currentSize : 25 <-- 0.431721 s
currentSize : 26 <-- 0.728194 s

maxsize : 26
nodes : 184136312.000000
filtered : 1847577909.000000
time : 878.610718
