Parameters: GAD=1 vflib=1 dir=0 label=1 lowerbound=1 fileNameGp=../graphsdb/mcs30/rand/r02/mcs30_r02_s50.A34 fileNameGt=../graphsdb/mcs30/rand/r02/mcs30_r02_s50.B34
Reading graphs...
50 :  428
50 :  440
Initializing...
maxdom : 8
D->valSize : 312
Solving...
Blb : 2 (clique : 6)
currentSize : 6 <-- 0.002173 s
currentSize : 7 <-- 0.002233 s
currentSize : 8 <-- 0.002257 s
currentSize : 9 <-- 0.004182 s
currentSize : 11 <-- 0.065317 s
currentSize : 12 <-- 0.065366 s
currentSize : 14 <-- 0.065538 s

maxsize : 14
nodes : 47467.000000
filtered : 814444.000000
time : 0.215315
