Parameters: GAD=1 vflib=1 dir=0 label=1 lowerbound=1 fileNameGp=../graphsdb/mcs30/m2D/m2Dr2/mcs30_m2Dr2_s60.A15 fileNameGt=../graphsdb/mcs30/m2D/m2Dr2/mcs30_m2Dr2_s60.B15
Reading graphs...
60 :  115
60 :  116
Initializing...
maxdom : 8
D->valSize : 220
Solving...
Blb : 2 (clique : 18)
currentSize : 18 <-- 0.001830 s
currentSize : 19 <-- 0.005357 s
currentSize : 20 <-- 0.030640 s
currentSize : 21 <-- 0.090037 s
currentSize : 22 <-- 0.196202 s
currentSize : 23 <-- 8.069940 s
currentSize : 24 <-- 13.545364 s
currentSize : 25 <-- 32.381977 s

maxsize : 25
nodes : 18622934.000000
filtered : 114748317.000000
time : 73.805412
