Parameters: GAD=1 vflib=1 dir=0 label=1 lowerbound=1 fileNameGp=../graphsdb/mcs30/m4D/m4D/mcs30_m4D_s50.A13 fileNameGt=../graphsdb/mcs30/m4D/m4D/mcs30_m4D_s50.B13
Reading graphs...
50 :  87
50 :  85
Initializing...
maxdom : 11
D->valSize : 325
Solving...
Blb : 2 (clique : 20)
currentSize : 20 <-- 0.002561 s
currentSize : 21 <-- 0.003362 s
currentSize : 22 <-- 0.005181 s
currentSize : 23 <-- 0.106088 s
currentSize : 24 <-- 0.123532 s
currentSize : 25 <-- 66.903961 s
currentSize : 26 <-- 113.565407 s

maxsize : 26
nodes : 54030661.000000
filtered : 687142789.000000
time : 224.066330
