Parameters: GAD=1 vflib=1 dir=0 label=1 lowerbound=1 fileNameGp=../graphsdb/mcs30/bvg/b09m/mcs30_b09m_s70.A45 fileNameGt=../graphsdb/mcs30/bvg/b09m/mcs30_b09m_s70.B45
Reading graphs...
70 :  308
70 :  301
Initializing...
maxdom : 8
D->valSize : 325
Solving...
Blb : 3 (clique : 17)
currentSize : 17 <-- 0.002736 s
currentSize : 18 <-- 0.100604 s
currentSize : 19 <-- 0.102187 s
currentSize : 20 <-- 0.306570 s
currentSize : 21 <-- 6.709619 s
currentSize : 22 <-- 32.225792 s
currentSize : 23 <-- 41.433304 s

maxsize : 23
nodes : 66192992.000000
filtered : 600206769.000000
time : 309.597961
