Parameters: GAD=1 vflib=1 dir=0 label=1 lowerbound=1 fileNameGp=../graphsdb/mcs30/bvg/b06m/mcs30_b06m_s40.A86 fileNameGt=../graphsdb/mcs30/bvg/b06m/mcs30_b06m_s40.B86
Reading graphs...
40 :  116
40 :  116
Initializing...
maxdom : 9
D->valSize : 223
Solving...
Blb : 2 (clique : 12)
currentSize : 12 <-- 0.001344 s
currentSize : 13 <-- 0.006731 s
currentSize : 14 <-- 0.010173 s
currentSize : 15 <-- 0.011724 s
currentSize : 16 <-- 0.161434 s

maxsize : 16
nodes : 129219.000000
filtered : 1527509.000000
time : 0.477729
