Parameters: GAD=1 vflib=1 dir=0 label=1 lowerbound=1 fileNameGp=../graphsdb/mcs30/rand/r02/mcs30_r02_s70.A54 fileNameGt=../graphsdb/mcs30/rand/r02/mcs30_r02_s70.B54
Reading graphs...
70 :  864
70 :  870
Initializing...
maxdom : 8
D->valSize : 358
Solving...
Blb : 2 (clique : 7)
currentSize : 7 <-- 0.003074 s
currentSize : 8 <-- 0.003158 s
currentSize : 9 <-- 0.004305 s
currentSize : 10 <-- 0.030273 s
currentSize : 11 <-- 0.044702 s
currentSize : 12 <-- 0.044725 s
currentSize : 13 <-- 0.116020 s
currentSize : 17 <-- 0.132034 s

maxsize : 17
nodes : 70071.000000
filtered : 1271008.000000
time : 0.405186
