Parameters: GAD=1 vflib=1 dir=0 label=1 lowerbound=1 fileNameGp=../graphsdb/mcs30/rand/r01/mcs30_r01_s70.A96 fileNameGt=../graphsdb/mcs30/rand/r01/mcs30_r01_s70.B96
Reading graphs...
70 :  458
70 :  449
Initializing...
maxdom : 8
D->valSize : 324
Solving...
Blb : 2 (clique : 12)
currentSize : 12 <-- 0.002543 s
currentSize : 13 <-- 0.008843 s
currentSize : 14 <-- 0.011234 s
currentSize : 15 <-- 0.626482 s
currentSize : 16 <-- 0.702886 s
currentSize : 17 <-- 2.109802 s
currentSize : 18 <-- 2.145307 s
currentSize : 19 <-- 2.224715 s
currentSize : 20 <-- 3.557894 s

maxsize : 20
nodes : 1783739.000000
filtered : 22318464.000000
time : 8.998400
