Parameters: GAD=1 vflib=1 dir=0 label=1 lowerbound=1 fileNameGp=../graphsdb/mcs30/bvg/b09m/mcs30_b09m_s80.A04 fileNameGt=../graphsdb/mcs30/bvg/b09m/mcs30_b09m_s80.B04
Reading graphs...
80 :  351
80 :  353
Initializing...
maxdom : 9
D->valSize : 423
Solving...
Blb : 3 (clique : 21)
currentSize : 21 <-- 0.004197 s
currentSize : 22 <-- 0.283197 s
currentSize : 23 <-- 2.102297 s
currentSize : 24 <-- 29.845655 s
currentSize : 25 <-- 44.866310 s
currentSize : 26 <-- 45.036358 s
currentSize : 27 <-- 95.168907 s
currentSize : 28 <-- 95.175537 s
currentSize : 29 <-- 908.406189 s

maxsize : 29
nodes : 417492886.000000
filtered : 4445592430.000000
time : 2301.914307
