Parameters: GAD=1 vflib=1 dir=0 label=1 lowerbound=1 fileNameGp=../graphsdb/mcs30/m2D/m2Dr6/mcs30_m2Dr6_s100.A09 fileNameGt=../graphsdb/mcs30/m2D/m2Dr6/mcs30_m2Dr6_s100.B09
Reading graphs...
100 :  232
100 :  233
Initializing...
maxdom : 8
D->valSize : 332
Solving...
Blb : 2 (clique : 30)
currentSize : 30 <-- 0.003387 s
currentSize : 31 <-- 0.053350 s
currentSize : 32 <-- 0.224158 s
currentSize : 33 <-- 0.424703 s
currentSize : 34 <-- 15.844206 s
currentSize : 35 <-- 15.852927 s
currentSize : 36 <-- 58.862949 s
currentSize : 37 <-- 2444.760498 s
currentSize : 38 <-- 3100.016602 s

TIMEOUT
maxsize : 38
nodes : 738782278.000000
filtered : 3513273407.000000
time : 3600.000000
