Parameters: GAD=1 vflib=1 dir=0 label=1 lowerbound=1 fileNameGp=../graphsdb/mcs30/m3D/m3Dr6/mcs30_m3Dr6_s40.A89 fileNameGt=../graphsdb/mcs30/m3D/m3Dr6/mcs30_m3Dr6_s40.B89
Reading graphs...
40 :  102
40 :  102
Initializing...
maxdom : 8
D->valSize : 204
Solving...
Blb : 5 (clique : 11)
currentSize : 11 <-- 0.001235 s
currentSize : 12 <-- 0.016779 s
currentSize : 13 <-- 0.022021 s
currentSize : 14 <-- 0.207568 s
currentSize : 15 <-- 0.302783 s

maxsize : 15
nodes : 261954.000000
filtered : 2791396.000000
time : 0.967664
