Parameters: GAD=1 vflib=1 dir=0 label=1 lowerbound=1 fileNameGp=../graphsdb/mcs30/m4D/m4Dr6/mcs30_m4Dr6_s60.A66 fileNameGt=../graphsdb/mcs30/m4D/m4Dr6/mcs30_m4Dr6_s60.B66
Reading graphs...
60 :  136
60 :  132
Initializing...
maxdom : 8
D->valSize : 238
Solving...
Blb : 2 (clique : 19)
currentSize : 19 <-- 0.003018 s
currentSize : 20 <-- 0.003223 s
currentSize : 21 <-- 0.003588 s
currentSize : 22 <-- 0.013701 s
currentSize : 23 <-- 0.043396 s
currentSize : 24 <-- 11.046780 s
currentSize : 25 <-- 40.568840 s
currentSize : 26 <-- 95.091919 s

maxsize : 26
nodes : 42605670.000000
filtered : 279118296.000000
time : 164.650269
