Parameters: GAD=1 vflib=1 dir=0 label=1 lowerbound=1 fileNameGp=../graphsdb/mcs30/rand/r02/mcs30_r02_s80.A47 fileNameGt=../graphsdb/mcs30/rand/r02/mcs30_r02_s80.B47
Reading graphs...
80 :  1138
80 :  1132
Initializing...
maxdom : 9
D->valSize : 413
Solving...
Blb : 2 (clique : 8)
currentSize : 8 <-- 0.003835 s
currentSize : 9 <-- 0.004177 s
currentSize : 10 <-- 0.013038 s
currentSize : 11 <-- 0.020451 s
currentSize : 12 <-- 0.025925 s
currentSize : 14 <-- 0.048857 s
currentSize : 16 <-- 0.066470 s
currentSize : 17 <-- 0.192952 s
currentSize : 21 <-- 0.272618 s

maxsize : 21
nodes : 75400.000000
filtered : 1546370.000000
time : 0.466048
