Parameters: GAD=1 vflib=1 dir=0 label=1 lowerbound=1 fileNameGp=../graphsdb/mcs30/m4D/m4Dr4/mcs30_m4Dr4_s80.A75 fileNameGt=../graphsdb/mcs30/m4D/m4Dr4/mcs30_m4Dr4_s80.B75
Reading graphs...
80 :  160
80 :  160
Initializing...
maxdom : 10
D->valSize : 430
Solving...
Blb : 3 (clique : 25)
currentSize : 25 <-- 0.004397 s
currentSize : 26 <-- 0.107789 s
currentSize : 27 <-- 0.279835 s
currentSize : 28 <-- 0.280007 s
currentSize : 29 <-- 1.074058 s
currentSize : 30 <-- 1.231030 s
currentSize : 31 <-- 3.512352 s
currentSize : 32 <-- 907.969360 s

TIMEOUT
maxsize : 32
nodes : 979699756.000000
filtered : 5502563191.000000
time : 3600.000000
