Parameters: GAD=1 vflib=1 dir=0 label=1 lowerbound=1 fileNameGp=../graphsdb/mcs30/m2D/m2Dr2/mcs30_m2Dr2_s60.A87 fileNameGt=../graphsdb/mcs30/m2D/m2Dr2/mcs30_m2Dr2_s60.B87
Reading graphs...
60 :  115
60 :  116
Initializing...
maxdom : 7
D->valSize : 245
Solving...
Blb : 2 (clique : 18)
currentSize : 18 <-- 0.001833 s
currentSize : 19 <-- 0.001988 s
currentSize : 20 <-- 0.002708 s
currentSize : 21 <-- 0.034591 s
currentSize : 22 <-- 0.036640 s
currentSize : 23 <-- 1.391147 s
currentSize : 24 <-- 254.320877 s
currentSize : 25 <-- 499.766815 s

maxsize : 25
nodes : 333031095.000000
filtered : 2252061970.000000
time : 1322.682983
