Parameters: GAD=1 vflib=1 dir=0 label=1 lowerbound=1 fileNameGp=../graphsdb/mcs30/m4D/m4Dr4/mcs30_m4Dr4_s50.A13 fileNameGt=../graphsdb/mcs30/m4D/m4Dr4/mcs30_m4Dr4_s50.B13
Reading graphs...
50 :  107
50 :  106
Initializing...
maxdom : 10
D->valSize : 333
Solving...
Blb : 2 (clique : 18)
currentSize : 18 <-- 0.003908 s
currentSize : 19 <-- 0.017123 s
currentSize : 20 <-- 0.452741 s
currentSize : 21 <-- 3.765419 s
currentSize : 22 <-- 5.398475 s
currentSize : 23 <-- 6.209316 s

maxsize : 23
nodes : 167342993.000000
filtered : 1892766114.000000
time : 664.534363
