Parameters: GAD=1 vflib=1 dir=0 label=1 lowerbound=1 fileNameGp=../graphsdb/mcs30/m3D/m3D/mcs30_m3D_s70.A23 fileNameGt=../graphsdb/mcs30/m3D/m3D/mcs30_m3D_s70.B23
Reading graphs...
70 :  157
70 :  157
Initializing...
maxdom : 9
D->valSize : 373
Solving...
Blb : 2 (clique : 28)
currentSize : 28 <-- 0.005313 s
currentSize : 29 <-- 0.005612 s
currentSize : 30 <-- 0.005694 s
currentSize : 33 <-- 0.110871 s
currentSize : 34 <-- 2.048604 s

maxsize : 34
nodes : 164800912.000000
filtered : 1642729795.000000
time : 845.183167
