Parameters: GAD=1 vflib=1 dir=0 label=1 lowerbound=1 fileNameGp=../graphsdb/mcs30/rand/r02/mcs30_r02_s80.A17 fileNameGt=../graphsdb/mcs30/rand/r02/mcs30_r02_s80.B17
Reading graphs...
80 :  1135
80 :  1132
Initializing...
maxdom : 9
D->valSize : 429
Solving...
Blb : 2 (clique : 7)
currentSize : 7 <-- 0.003966 s
currentSize : 8 <-- 0.004055 s
currentSize : 9 <-- 0.004582 s
currentSize : 10 <-- 0.021161 s
currentSize : 12 <-- 0.030717 s
currentSize : 13 <-- 0.119092 s
currentSize : 14 <-- 0.221807 s
currentSize : 15 <-- 0.280806 s
currentSize : 16 <-- 0.280968 s
currentSize : 20 <-- 0.307952 s
currentSize : 21 <-- 0.308098 s

maxsize : 21
nodes : 91361.000000
filtered : 1726014.000000
time : 0.542826
