Parameters: GAD=1 vflib=1 dir=0 label=1 lowerbound=1 fileNameGp=../graphsdb/mcs30/m3D/m3Dr6/mcs30_m3Dr6_s40.A78 fileNameGt=../graphsdb/mcs30/m3D/m3Dr6/mcs30_m3Dr6_s40.B78
Reading graphs...
40 :  103
40 :  102
Initializing...
maxdom : 9
D->valSize : 226
Solving...
Blb : 5 (clique : 12)
currentSize : 12 <-- 0.001306 s
currentSize : 13 <-- 0.001374 s
currentSize : 14 <-- 0.007187 s
currentSize : 15 <-- 0.012875 s
currentSize : 16 <-- 0.251854 s

maxsize : 16
nodes : 573489.000000
filtered : 6809673.000000
time : 2.098839
