Parameters: GAD=1 vflib=1 dir=0 label=1 lowerbound=1 fileNameGp=../graphsdb/mcs30/bvg/b06/mcs30_b06_s80.A56 fileNameGt=../graphsdb/mcs30/bvg/b06/mcs30_b06_s80.B56
Reading graphs...
80 :  239
80 :  238
Initializing...
maxdom : 10
D->valSize : 438
Solving...
Blb : 2 (clique : 22)
currentSize : 22 <-- 0.004247 s
currentSize : 23 <-- 0.112111 s
currentSize : 24 <-- 0.175818 s
currentSize : 25 <-- 0.340664 s
currentSize : 26 <-- 0.565735 s
currentSize : 27 <-- 0.632166 s
currentSize : 28 <-- 2.485656 s
currentSize : 29 <-- 2393.624512 s
currentSize : 30 <-- 2407.326660 s
currentSize : 31 <-- 2411.158447 s

TIMEOUT
maxsize : 31
nodes : 701775350.000000
filtered : 7042614318.000000
time : 3600.000000
