Parameters: GAD=1 vflib=1 dir=0 label=1 lowerbound=1 fileNameGp=../graphsdb/mcs30/rand/r01/mcs30_r01_s100.A70 fileNameGt=../graphsdb/mcs30/rand/r01/mcs30_r01_s100.B70
Reading graphs...
100 :  939
100 :  933
Initializing...
maxdom : 9
D->valSize : 323
Solving...
Blb : 2 (clique : 13)
currentSize : 13 <-- 0.004795 s
currentSize : 14 <-- 0.005001 s
currentSize : 15 <-- 0.008489 s
currentSize : 16 <-- 0.015793 s
currentSize : 17 <-- 0.026705 s
currentSize : 18 <-- 0.063241 s
currentSize : 23 <-- 0.143778 s
currentSize : 25 <-- 0.399494 s
currentSize : 26 <-- 1.469027 s
currentSize : 28 <-- 2.721917 s
currentSize : 29 <-- 4.038164 s

maxsize : 29
nodes : 1104773.000000
filtered : 10759964.000000
time : 7.001317
