Parameters: GAD=1 vflib=1 dir=0 label=1 lowerbound=1 fileNameGp=../graphsdb/mcs30/m2D/m2Dr6/mcs30_m2Dr6_s90.A10 fileNameGt=../graphsdb/mcs30/m2D/m2Dr6/mcs30_m2Dr6_s90.B10
Reading graphs...
90 :  210
90 :  212
Initializing...
maxdom : 10
D->valSize : 564
Solving...
Blb : 2 (clique : 28)
currentSize : 28 <-- 0.006838 s
currentSize : 31 <-- 0.007072 s
currentSize : 32 <-- 0.007624 s
currentSize : 33 <-- 0.019375 s
currentSize : 34 <-- 0.084400 s
currentSize : 35 <-- 0.442684 s
currentSize : 36 <-- 4.136546 s
currentSize : 37 <-- 218.059280 s

TIMEOUT
maxsize : 37
nodes : 698015249.000000
filtered : 5468251487.000000
time : 3600.000000
