Parameters: GAD=1 vflib=1 dir=0 label=1 lowerbound=1 fileNameGp=../graphsdb/mcs30/m4D/m4Dr4/mcs30_m4Dr4_s70.A05 fileNameGt=../graphsdb/mcs30/m4D/m4Dr4/mcs30_m4Dr4_s70.B05
Reading graphs...
70 :  145
70 :  144
Initializing...
maxdom : 10
D->valSize : 309
Solving...
Blb : 3 (clique : 23)
currentSize : 23 <-- 0.004223 s
currentSize : 24 <-- 0.006528 s
currentSize : 25 <-- 0.102668 s
currentSize : 26 <-- 7.477613 s
currentSize : 27 <-- 10.560379 s
currentSize : 28 <-- 25.865171 s
currentSize : 29 <-- 370.498383 s

TIMEOUT
maxsize : 29
nodes : 866414711.000000
filtered : 6415029856.000000
time : 3600.000000
