Parameters: GAD=1 vflib=1 dir=0 label=1 lowerbound=1 fileNameGp=../graphsdb/mcs30/rand/r01/mcs30_r01_s100.A88 fileNameGt=../graphsdb/mcs30/rand/r01/mcs30_r01_s100.B88
Reading graphs...
100 :  933
100 :  935
Initializing...
maxdom : 6
D->valSize : 320
Solving...
Blb : 2 (clique : 12)
currentSize : 12 <-- 0.005101 s
currentSize : 13 <-- 0.007622 s
currentSize : 14 <-- 0.027024 s
currentSize : 15 <-- 0.027095 s
currentSize : 17 <-- 0.027949 s
currentSize : 18 <-- 0.232042 s
currentSize : 19 <-- 2.940809 s
currentSize : 20 <-- 3.599209 s
currentSize : 21 <-- 13.940513 s
currentSize : 22 <-- 13.985195 s
currentSize : 23 <-- 23.495216 s
currentSize : 25 <-- 23.496183 s
currentSize : 27 <-- 23.752436 s

maxsize : 27
nodes : 7103112.000000
filtered : 62558782.000000
time : 42.420258
