Parameters: GAD=1 vflib=1 dir=0 label=1 lowerbound=1 fileNameGp=../graphsdb/mcs30/m2D/m2Dr4/mcs30_m2Dr4_s30.A79 fileNameGt=../graphsdb/mcs30/m2D/m2Dr4/mcs30_m2Dr4_s30.B79
Reading graphs...
30 :  59
30 :  59
Initializing...
maxdom : 7
D->valSize : 140
Solving...
Blb : 2 (clique : 10)
currentSize : 10 <-- 0.000786 s
currentSize : 11 <-- 0.000923 s
currentSize : 12 <-- 0.002522 s
currentSize : 13 <-- 0.011852 s
currentSize : 14 <-- 0.016371 s

maxsize : 14
nodes : 10456.000000
filtered : 102694.000000
time : 0.032893
