Parameters: GAD=1 vflib=1 dir=0 label=1 lowerbound=1 fileNameGp=../graphsdb/mcs30/rand/r02/mcs30_r02_s80.A42 fileNameGt=../graphsdb/mcs30/rand/r02/mcs30_r02_s80.B42
Reading graphs...
80 :  1108
80 :  1135
Initializing...
maxdom : 9
D->valSize : 422
Solving...
Blb : 2 (clique : 8)
currentSize : 8 <-- 0.003821 s
currentSize : 9 <-- 0.005820 s
currentSize : 10 <-- 0.007380 s
currentSize : 11 <-- 0.013911 s
currentSize : 12 <-- 0.022627 s
currentSize : 15 <-- 0.111548 s
currentSize : 19 <-- 0.141357 s
currentSize : 21 <-- 0.141500 s

maxsize : 21
nodes : 64011.000000
filtered : 1282939.000000
time : 0.396309
