Parameters: GAD=1 vflib=1 dir=0 label=1 lowerbound=1 fileNameGp=../graphsdb/mcs30/bvg/b09/mcs30_b09_s80.A71 fileNameGt=../graphsdb/mcs30/bvg/b09/mcs30_b09_s80.B71
Reading graphs...
80 :  353
80 :  356
Initializing...
maxdom : 9
D->valSize : 458
Solving...
Blb : 2 (clique : 18)
currentSize : 18 <-- 0.004400 s
currentSize : 19 <-- 0.004567 s
currentSize : 20 <-- 0.004680 s
currentSize : 21 <-- 0.009247 s
currentSize : 22 <-- 7.775228 s
currentSize : 23 <-- 85.765991 s
currentSize : 24 <-- 943.098206 s

TIMEOUT
maxsize : 24
nodes : 753767508.000000
filtered : 6865050810.000000
time : 3600.000000
