Parameters: GAD=1 vflib=1 dir=0 label=1 lowerbound=1 fileNameGp=../graphsdb/mcs30/bvg/b06m/mcs30_b06m_s70.A40 fileNameGt=../graphsdb/mcs30/bvg/b06m/mcs30_b06m_s70.B40
Reading graphs...
70 :  205
70 :  209
Initializing...
maxdom : 10
D->valSize : 340
Solving...
Blb : 2 (clique : 24)
currentSize : 24 <-- 0.004660 s
currentSize : 25 <-- 0.418862 s
currentSize : 26 <-- 73.213943 s
currentSize : 27 <-- 73.214005 s
currentSize : 28 <-- 966.622437 s

maxsize : 28
nodes : 215485503.000000
filtered : 2280158600.000000
time : 1055.318237
