Parameters: GAD=1 vflib=1 dir=0 label=1 lowerbound=1 fileNameGp=../graphsdb/mcs30/m2D/m2Dr2/mcs30_m2Dr2_s100.A29 fileNameGt=../graphsdb/mcs30/m2D/m2Dr2/mcs30_m2Dr2_s100.B29
Reading graphs...
100 :  200
100 :  200
Initializing...
maxdom : 8
D->valSize : 343
Solving...
Blb : 3 (clique : 33)
currentSize : 33 <-- 0.003693 s
currentSize : 34 <-- 0.052523 s
currentSize : 35 <-- 0.238555 s
currentSize : 36 <-- 530.806519 s
currentSize : 37 <-- 3317.481445 s
currentSize : 38 <-- 3347.907471 s

TIMEOUT
maxsize : 38
nodes : 802460345.000000
filtered : 3607397740.000000
time : 3600.000000
