Parameters: GAD=1 vflib=1 dir=0 label=1 lowerbound=1 fileNameGp=../graphsdb/mcs30/m2D/m2Dr6/mcs30_m2Dr6_s50.A72 fileNameGt=../graphsdb/mcs30/m2D/m2Dr6/mcs30_m2Dr6_s50.B72
Reading graphs...
50 :  113
50 :  109
Initializing...
maxdom : 9
D->valSize : 310
Solving...
Blb : 2 (clique : 17)
currentSize : 17 <-- 0.003665 s
currentSize : 18 <-- 0.003948 s
currentSize : 19 <-- 0.004602 s
currentSize : 20 <-- 0.050529 s
currentSize : 21 <-- 0.364808 s
currentSize : 22 <-- 8.712541 s
currentSize : 23 <-- 11.952908 s
currentSize : 24 <-- 11.952947 s

maxsize : 24
nodes : 26238142.000000
filtered : 332186699.000000
time : 107.789558
