Parameters: GAD=1 vflib=1 dir=0 label=1 lowerbound=1 fileNameGp=../graphsdb/mcs30/m3D/m3D/mcs30_m3D_s70.A01 fileNameGt=../graphsdb/mcs30/m3D/m3D/mcs30_m3D_s70.B01
Reading graphs...
70 :  159
70 :  159
Initializing...
maxdom : 6
D->valSize : 307
Solving...
Blb : 5 (clique : 26)
currentSize : 26 <-- 0.002596 s
currentSize : 27 <-- 0.872451 s
currentSize : 28 <-- 11.343268 s
currentSize : 29 <-- 17.746977 s
currentSize : 30 <-- 41.695801 s
currentSize : 31 <-- 41.696987 s
currentSize : 32 <-- 41.699600 s
currentSize : 33 <-- 178.136108 s
currentSize : 34 <-- 250.074081 s
currentSize : 35 <-- 250.156509 s

maxsize : 35
nodes : 120427094.000000
filtered : 818414265.000000
time : 577.453674
