Parameters: GAD=1 vflib=1 dir=0 label=1 lowerbound=1 fileNameGp=../graphsdb/mcs30/bvg/b06/mcs30_b06_s50.A96 fileNameGt=../graphsdb/mcs30/bvg/b06/mcs30_b06_s50.B96
Reading graphs...
50 :  148
50 :  147
Initializing...
maxdom : 8
D->valSize : 325
Solving...
Blb : 2 (clique : 15)
currentSize : 15 <-- 0.002221 s
currentSize : 16 <-- 0.002358 s
currentSize : 17 <-- 0.030087 s
currentSize : 18 <-- 3.745720 s
currentSize : 19 <-- 6.666947 s
currentSize : 20 <-- 6.740597 s

maxsize : 20
nodes : 71942190.000000
filtered : 1035536472.000000
time : 299.908142
