Parameters: GAD=1 vflib=1 dir=0 label=1 lowerbound=1 fileNameGp=../graphsdb/mcs30/m3D/m3Dr2/mcs30_m3Dr2_s40.A40 fileNameGt=../graphsdb/mcs30/m3D/m3Dr2/mcs30_m3Dr2_s40.B40
Reading graphs...
40 :  91
40 :  88
Initializing...
maxdom : 7
D->valSize : 207
Solving...
Blb : 2 (clique : 13)
currentSize : 13 <-- 0.001286 s
currentSize : 14 <-- 0.001401 s
currentSize : 15 <-- 0.006086 s
currentSize : 16 <-- 0.064746 s
currentSize : 17 <-- 0.066625 s

maxsize : 17
nodes : 3116749.000000
filtered : 30359565.000000
time : 9.786457
