Parameters: GAD=1 vflib=1 dir=0 label=1 lowerbound=1 fileNameGp=../graphsdb/mcs30/bvg/b06/mcs30_b06_s70.A38 fileNameGt=../graphsdb/mcs30/bvg/b06/mcs30_b06_s70.B38
Reading graphs...
70 :  208
70 :  207
Initializing...
maxdom : 9
D->valSize : 329
Solving...
Blb : 2 (clique : 21)
currentSize : 21 <-- 0.002840 s
currentSize : 22 <-- 0.020422 s
currentSize : 23 <-- 3.592800 s
currentSize : 24 <-- 3.597053 s
currentSize : 25 <-- 3.603906 s
currentSize : 26 <-- 43.148243 s
currentSize : 27 <-- 43.148273 s
currentSize : 28 <-- 415.982086 s

maxsize : 28
nodes : 367991221.000000
filtered : 3947874747.000000
time : 1899.728271
