Parameters: GAD=1 vflib=1 dir=0 label=1 lowerbound=1 fileNameGp=../graphsdb/mcs30/m3D/m3Dr6/mcs30_m3Dr6_s100.A30 fileNameGt=../graphsdb/mcs30/m3D/m3Dr6/mcs30_m3Dr6_s100.B30
Reading graphs...
100 :  294
100 :  289
Initializing...
maxdom : 9
D->valSize : 335
Solving...
Blb : 2 (clique : 25)
currentSize : 25 <-- 0.003310 s
currentSize : 26 <-- 0.003802 s
currentSize : 27 <-- 0.006551 s
currentSize : 28 <-- 0.006796 s
currentSize : 29 <-- 0.008354 s
currentSize : 30 <-- 0.008548 s
currentSize : 31 <-- 0.449759 s
currentSize : 32 <-- 139.289062 s

TIMEOUT
maxsize : 32
nodes : 721861595.000000
filtered : 3970409215.000000
time : 3600.000000
