Parameters: GAD=1 vflib=1 dir=0 label=1 lowerbound=1 fileNameGp=../graphsdb/mcs30/bvg/b09/mcs30_b09_s90.A81 fileNameGt=../graphsdb/mcs30/bvg/b09/mcs30_b09_s90.B81
Reading graphs...
90 :  397
90 :  397
Initializing...
maxdom : 10
D->valSize : 528
Solving...
Blb : 2 (clique : 20)
currentSize : 20 <-- 0.005773 s
currentSize : 21 <-- 0.009285 s
currentSize : 22 <-- 0.016351 s
currentSize : 23 <-- 0.017320 s
currentSize : 24 <-- 0.542802 s
currentSize : 25 <-- 37.440891 s
currentSize : 26 <-- 143.569199 s

TIMEOUT
maxsize : 26
nodes : 679794246.000000
filtered : 8474184894.000000
time : 3600.000000
