Parameters: GAD=1 vflib=1 dir=0 label=1 lowerbound=1 fileNameGp=../graphsdb/mcs30/rand/r02/mcs30_r02_s100.A10 fileNameGt=../graphsdb/mcs30/rand/r02/mcs30_r02_s100.B10
Reading graphs...
100 :  1779
100 :  1779
Initializing...
maxdom : 8
D->valSize : 315
Solving...
Blb : 2 (clique : 6)
currentSize : 6 <-- 0.003006 s
currentSize : 7 <-- 0.003127 s
currentSize : 9 <-- 0.003305 s
currentSize : 10 <-- 0.004136 s
currentSize : 11 <-- 0.004397 s
currentSize : 15 <-- 0.004499 s
currentSize : 17 <-- 0.013342 s
currentSize : 25 <-- 0.025013 s

maxsize : 25
nodes : 34428.000000
filtered : 483864.000000
time : 0.223242
