Parameters: GAD=1 vflib=1 dir=0 label=1 lowerbound=1 fileNameGp=../graphsdb/mcs30/rand/r02/mcs30_r02_s90.A39 fileNameGt=../graphsdb/mcs30/rand/r02/mcs30_r02_s90.B39
Reading graphs...
90 :  1433
90 :  1440
Initializing...
maxdom : 11
D->valSize : 552
Solving...
Blb : 2 (clique : 9)
currentSize : 9 <-- 0.008870 s
currentSize : 10 <-- 0.009032 s
currentSize : 11 <-- 0.010691 s
currentSize : 13 <-- 0.041913 s
currentSize : 15 <-- 0.042092 s
currentSize : 16 <-- 0.112774 s
currentSize : 22 <-- 0.221871 s
currentSize : 23 <-- 0.223469 s

maxsize : 23
nodes : 127390.000000
filtered : 3717137.000000
time : 0.956757
