Parameters: GAD=1 vflib=1 dir=0 label=1 lowerbound=1 fileNameGp=../graphsdb/mcs30/m4D/m4Dr4/mcs30_m4Dr4_s50.A03 fileNameGt=../graphsdb/mcs30/m4D/m4Dr4/mcs30_m4Dr4_s50.B03
Reading graphs...
50 :  105
50 :  104
Initializing...
maxdom : 9
D->valSize : 313
Solving...
Blb : 2 (clique : 18)
currentSize : 18 <-- 0.003676 s
currentSize : 19 <-- 0.004561 s
currentSize : 20 <-- 0.006139 s
currentSize : 21 <-- 0.020574 s
currentSize : 22 <-- 2.511427 s
currentSize : 23 <-- 189.434143 s

maxsize : 23
nodes : 54541479.000000
filtered : 600954050.000000
time : 212.476013
