Parameters: GAD=1 vflib=1 dir=0 label=1 lowerbound=1 fileNameGp=../graphsdb/mcs30/rand/r01/mcs30_r01_s35.A06 fileNameGt=../graphsdb/mcs30/rand/r01/mcs30_r01_s35.B06
Reading graphs...
35 :  112
35 :  116
Initializing...
maxdom : 9
D->valSize : 165
Solving...
Blb : 2 (clique : 9)
currentSize : 9 <-- 0.000837 s
currentSize : 10 <-- 0.000888 s
currentSize : 11 <-- 0.001064 s
currentSize : 12 <-- 0.008852 s
currentSize : 13 <-- 0.024438 s

maxsize : 13
nodes : 12972.000000
filtered : 155224.000000
time : 0.046239
