Parameters: GAD=1 vflib=1 dir=0 label=1 lowerbound=1 fileNameGp=../graphsdb/mcs30/m2D/m2Dr2/mcs30_m2Dr2_s60.A20 fileNameGt=../graphsdb/mcs30/m2D/m2Dr2/mcs30_m2Dr2_s60.B20
Reading graphs...
60 :  116
60 :  115
Initializing...
maxdom : 9
D->valSize : 248
Solving...
Blb : 2 (clique : 20)
currentSize : 20 <-- 0.002030 s
currentSize : 21 <-- 0.002239 s
currentSize : 22 <-- 0.097868 s
currentSize : 23 <-- 0.160459 s
currentSize : 24 <-- 4.611621 s
currentSize : 25 <-- 16.916016 s
currentSize : 26 <-- 17.883656 s

maxsize : 26
nodes : 9235953.000000
filtered : 77251907.000000
time : 37.982059
