Parameters: GAD=1 vflib=1 dir=0 label=1 lowerbound=1 fileNameGp=../graphsdb/mcs30/m3D/m3Dr2/mcs30_m3Dr2_s70.A39 fileNameGt=../graphsdb/mcs30/m3D/m3Dr2/mcs30_m3Dr2_s70.B39
Reading graphs...
70 :  173
70 :  173
Initializing...
maxdom : 8
D->valSize : 325
Solving...
Blb : 2 (clique : 27)
currentSize : 27 <-- 0.002824 s
currentSize : 28 <-- 0.016576 s
currentSize : 29 <-- 0.026186 s
currentSize : 30 <-- 0.081586 s
currentSize : 31 <-- 33.310642 s

maxsize : 31
nodes : 166761444.000000
filtered : 1323941408.000000
time : 831.952209
