Parameters: GAD=1 vflib=1 dir=0 label=1 lowerbound=1 fileNameGp=../graphsdb/mcs30/bvg/b03/mcs30_b03_s60.A44 fileNameGt=../graphsdb/mcs30/bvg/b03/mcs30_b03_s60.B44
Reading graphs...
60 :  90
60 :  88
Initializing...
maxdom : 7
D->valSize : 225
Solving...
Blb : 2 (clique : 24)
currentSize : 24 <-- 0.002717 s
currentSize : 25 <-- 0.406697 s
currentSize : 26 <-- 2.813119 s
currentSize : 27 <-- 46.652264 s
currentSize : 28 <-- 86.195816 s

maxsize : 28
nodes : 57330225.000000
filtered : 321343115.000000
time : 212.337357
