Parameters: GAD=1 vflib=1 dir=0 label=1 lowerbound=1 fileNameGp=../graphsdb/mcs30/m2D/m2D/mcs30_m2D_s100.A94 fileNameGt=../graphsdb/mcs30/m2D/m2D/mcs30_m2D_s100.B94
Reading graphs...
100 :  180
100 :  180
Initializing...
maxdom : 5
D->valSize : 339
Solving...
Blb : 2 (clique : 34)
currentSize : 34 <-- 0.005860 s
currentSize : 35 <-- 0.009127 s
currentSize : 36 <-- 0.033139 s
currentSize : 37 <-- 0.033557 s
currentSize : 38 <-- 0.174769 s
currentSize : 39 <-- 1.535158 s
currentSize : 40 <-- 305.133606 s
currentSize : 41 <-- 2757.467285 s

TIMEOUT
maxsize : 41
nodes : 787787444.000000
filtered : 2481479325.000000
time : 3600.000000
