Parameters: GAD=1 vflib=1 dir=0 label=1 lowerbound=1 fileNameGp=../graphsdb/mcs50/m3D/m3D/mcs50_m3D_s50.A43 fileNameGt=../graphsdb/mcs50/m3D/m3D/mcs50_m3D_s50.B43
Reading graphs...
50 :  108
50 :  108
Initializing...
maxdom : 11
D->valSize : 324
Solving...
Blb : 3 (clique : 18)
currentSize : 18 <-- 0.002336 s
currentSize : 19 <-- 0.005787 s
currentSize : 20 <-- 0.092191 s
currentSize : 21 <-- 0.469863 s
currentSize : 22 <-- 20.856384 s
currentSize : 23 <-- 21.381861 s
currentSize : 25 <-- 27.678305 s
currentSize : 26 <-- 27.678345 s
currentSize : 27 <-- 27.966076 s
currentSize : 28 <-- 27.974249 s

maxsize : 28
nodes : 11047267.000000
filtered : 81052133.000000
time : 37.418480
