Parameters: GAD=1 vflib=1 dir=0 label=1 lowerbound=1 fileNameGp=../graphsdb/mcs50/m2D/m2D/mcs50_m2D_s100.A74 fileNameGt=../graphsdb/mcs50/m2D/m2D/mcs50_m2D_s100.B74
Reading graphs...
100 :  180
100 :  180
Initializing...
maxdom : 9
D->valSize : 363
Solving...
Blb : 2 (clique : 42)
currentSize : 42 <-- 0.006724 s
currentSize : 43 <-- 0.008403 s
currentSize : 44 <-- 0.012145 s
currentSize : 45 <-- 9.012077 s
currentSize : 46 <-- 2574.849365 s
currentSize : 47 <-- 2580.714844 s

TIMEOUT
maxsize : 47
nodes : 730539392.000000
filtered : 2520479199.000000
time : 3600.000000
