Parameters: GAD=1 vflib=1 dir=0 label=1 lowerbound=1 fileNameGp=../graphsdb/mcs50/m2D/m2Dr4/mcs50_m2Dr4_s70.A56 fileNameGt=../graphsdb/mcs50/m2D/m2Dr4/mcs50_m2Dr4_s70.B56
Reading graphs...
70 :  149
70 :  149
Initializing...
maxdom : 8
D->valSize : 321
Solving...
Blb : 2 (clique : 26)
currentSize : 26 <-- 0.002767 s
currentSize : 27 <-- 0.002927 s
currentSize : 28 <-- 0.003086 s
currentSize : 29 <-- 0.003182 s
currentSize : 30 <-- 0.452194 s
currentSize : 31 <-- 0.453730 s
currentSize : 32 <-- 0.471017 s
currentSize : 33 <-- 0.786208 s
currentSize : 34 <-- 1420.534180 s
currentSize : 35 <-- 1420.547607 s
currentSize : 36 <-- 1420.614868 s
currentSize : 37 <-- 1420.642456 s
currentSize : 38 <-- 1423.843140 s

maxsize : 38
nodes : 330285109.000000
filtered : 2824451500.000000
time : 1579.307373
