Parameters: GAD=1 vflib=1 dir=0 label=1 lowerbound=1 fileNameGp=../graphsdb/mcs50/bvg/b03/mcs50_b03_s20.A40 fileNameGt=../graphsdb/mcs50/bvg/b03/mcs50_b03_s20.B40
Reading graphs...
20 :  30
20 :  29
Initializing...
maxdom : 8
D->valSize : 124
Solving...
Blb : 2 (clique : 9)
currentSize : 9 <-- 0.000603 s
currentSize : 10 <-- 0.000915 s
currentSize : 11 <-- 0.001492 s
currentSize : 12 <-- 0.001803 s
currentSize : 13 <-- 0.003142 s

maxsize : 13
nodes : 1234.000000
filtered : 13671.000000
time : 0.003843
