Parameters: GAD=1 vflib=1 dir=0 label=1 lowerbound=1 fileNameGp=../graphsdb/mcs50/rand/r01/mcs50_r01_s100.A21 fileNameGt=../graphsdb/mcs50/rand/r01/mcs50_r01_s100.B21
Reading graphs...
100 :  933
100 :  923
Initializing...
maxdom : 9
D->valSize : 391
Solving...
Blb : 2 (clique : 14)
currentSize : 14 <-- 0.003871 s
currentSize : 15 <-- 0.004082 s
currentSize : 17 <-- 0.004837 s
currentSize : 18 <-- 0.015593 s
currentSize : 21 <-- 0.015799 s
currentSize : 23 <-- 0.016684 s
currentSize : 24 <-- 0.095736 s
currentSize : 30 <-- 0.268110 s
currentSize : 32 <-- 0.268217 s
currentSize : 35 <-- 0.491582 s
currentSize : 37 <-- 0.496704 s
currentSize : 38 <-- 0.497001 s
currentSize : 45 <-- 0.497196 s

maxsize : 45
nodes : 335557.000000
filtered : 3244452.000000
time : 2.131174
