Parameters: GAD=1 vflib=1 dir=0 label=1 lowerbound=1 fileNameGp=../graphsdb/mcs50/m2D/m2Dr2/mcs50_m2Dr2_s60.A22 fileNameGt=../graphsdb/mcs50/m2D/m2Dr2/mcs50_m2Dr2_s60.B22
Reading graphs...
60 :  116
60 :  116
Initializing...
maxdom : 7
D->valSize : 244
Solving...
Blb : 2 (clique : 22)
currentSize : 22 <-- 0.002949 s
currentSize : 23 <-- 0.024175 s
currentSize : 24 <-- 1.107940 s
currentSize : 25 <-- 118.987869 s
currentSize : 26 <-- 140.112335 s
currentSize : 27 <-- 225.351517 s
currentSize : 28 <-- 866.055908 s
currentSize : 29 <-- 1144.057007 s

maxsize : 29
nodes : 316991282.000000
filtered : 2260970069.000000
time : 1284.516846
