Parameters: GAD=1 vflib=1 dir=0 label=1 lowerbound=1 fileNameGp=../graphsdb/mcs50/rand/r02/mcs50_r02_s50.A77 fileNameGt=../graphsdb/mcs50/rand/r02/mcs50_r02_s50.B77
Reading graphs...
50 :  440
50 :  430
Initializing...
maxdom : 9
D->valSize : 325
Solving...
Blb : 3 (clique : 8)
currentSize : 8 <-- 0.003269 s
currentSize : 9 <-- 0.003429 s
currentSize : 11 <-- 0.008782 s
currentSize : 12 <-- 0.015863 s
currentSize : 20 <-- 0.017821 s
currentSize : 24 <-- 0.022768 s

maxsize : 24
nodes : 4026.000000
filtered : 77727.000000
time : 0.032445
