Parameters: GAD=1 vflib=1 dir=0 label=1 lowerbound=1 fileNameGp=../graphsdb/mcs50/m2D/m2Dr4/mcs50_m2Dr4_s50.A67 fileNameGt=../graphsdb/mcs50/m2D/m2Dr4/mcs50_m2Dr4_s50.B67
Reading graphs...
50 :  105
50 :  105
Initializing...
maxdom : 10
D->valSize : 324
Solving...
Blb : 3 (clique : 20)
currentSize : 20 <-- 0.002410 s
currentSize : 21 <-- 0.003801 s
currentSize : 22 <-- 0.006617 s
currentSize : 23 <-- 63.401752 s
currentSize : 24 <-- 261.061462 s
currentSize : 25 <-- 563.165955 s
currentSize : 26 <-- 620.905273 s

maxsize : 26
nodes : 156791600.000000
filtered : 1683269907.000000
time : 623.533325
