Parameters: GAD=1 vflib=1 dir=0 label=1 lowerbound=1 fileNameGp=../graphsdb/mcs50/bvg/b03/mcs50_b03_s70.A36 fileNameGt=../graphsdb/mcs50/bvg/b03/mcs50_b03_s70.B36
Reading graphs...
70 :  105
70 :  105
Initializing...
maxdom : 8
D->valSize : 329
Solving...
Blb : 3 (clique : 33)
currentSize : 33 <-- 0.003169 s
currentSize : 34 <-- 23.841900 s
currentSize : 35 <-- 35.182728 s
currentSize : 36 <-- 629.664062 s
currentSize : 37 <-- 3133.328369 s
currentSize : 38 <-- 3133.585693 s
currentSize : 39 <-- 3137.126221 s

TIMEOUT
maxsize : 39
nodes : 808009873.000000
filtered : 6167880022.000000
time : 3600.000000
