Parameters: GAD=1 vflib=1 dir=0 label=1 lowerbound=1 fileNameGp=../graphsdb/mcs50/m3D/m3Dr6/mcs50_m3Dr6_s60.A69 fileNameGt=../graphsdb/mcs50/m3D/m3Dr6/mcs50_m3Dr6_s60.B69
Reading graphs...
60 :  165
60 :  168
Initializing...
maxdom : 8
D->valSize : 253
Solving...
Blb : 3 (clique : 25)
currentSize : 25 <-- 0.002741 s
currentSize : 26 <-- 0.002975 s
currentSize : 27 <-- 0.003144 s
currentSize : 28 <-- 0.003301 s
currentSize : 29 <-- 0.003599 s

maxsize : 29
nodes : 299649.000000
filtered : 1994041.000000
time : 1.282688
