Parameters: GAD=1 vflib=1 dir=0 label=1 lowerbound=1 fileNameGp=../graphsdb/mcs50/bvg/b06/mcs50_b06_s70.A85 fileNameGt=../graphsdb/mcs50/bvg/b06/mcs50_b06_s70.B85
Reading graphs...
70 :  210
70 :  208
Initializing...
maxdom : 7
D->valSize : 326
Solving...
Blb : 2 (clique : 25)
currentSize : 25 <-- 0.002742 s
currentSize : 26 <-- 0.003299 s
currentSize : 27 <-- 12.409799 s
currentSize : 28 <-- 12.412716 s
currentSize : 29 <-- 12.464897 s
currentSize : 30 <-- 12.467361 s
currentSize : 31 <-- 14.576009 s
currentSize : 32 <-- 19.546305 s
currentSize : 33 <-- 19.551308 s
currentSize : 34 <-- 19.574385 s
currentSize : 35 <-- 19.588997 s

maxsize : 35
nodes : 26753771.000000
filtered : 137823182.000000
time : 108.019142
