Parameters: GAD=1 vflib=1 dir=0 label=1 lowerbound=1 fileNameGp=../graphsdb/mcs50/bvg/b03m/mcs50_b03m_s90.A05 fileNameGt=../graphsdb/mcs50/bvg/b03m/mcs50_b03m_s90.B05
Reading graphs...
90 :  134
90 :  135
Initializing...
maxdom : 13
D->valSize : 564
Solving...
Blb : 2 (clique : 41)
currentSize : 41 <-- 0.006859 s
currentSize : 42 <-- 0.007195 s
currentSize : 43 <-- 0.007375 s
currentSize : 44 <-- 0.008255 s
currentSize : 45 <-- 0.008533 s
currentSize : 46 <-- 0.101009 s
currentSize : 47 <-- 0.415177 s
currentSize : 48 <-- 294.899658 s

TIMEOUT
maxsize : 48
nodes : 583859734.000000
filtered : 4905456123.000000
time : 3600.000000
