Parameters: GAD=1 vflib=1 dir=0 label=1 lowerbound=1 fileNameGp=../graphsdb/mcs50/m2D/m2Dr4/mcs50_m2Dr4_s80.A29 fileNameGt=../graphsdb/mcs50/m2D/m2Dr4/mcs50_m2Dr4_s80.B29
Reading graphs...
80 :  172
80 :  173
Initializing...
maxdom : 8
D->valSize : 404
Solving...
Blb : 2 (clique : 25)
currentSize : 25 <-- 0.004099 s
currentSize : 26 <-- 0.428467 s
currentSize : 27 <-- 0.683129 s
currentSize : 28 <-- 22.832447 s
currentSize : 29 <-- 35.123455 s
currentSize : 30 <-- 102.421402 s
currentSize : 31 <-- 335.405243 s

TIMEOUT
maxsize : 31
nodes : 835498335.000000
filtered : 5134831978.000000
time : 3600.000000
