Parameters: GAD=1 vflib=1 dir=0 label=1 lowerbound=1 fileNameGp=../graphsdb/mcs50/bvg/b06/mcs50_b06_s70.A79 fileNameGt=../graphsdb/mcs50/bvg/b06/mcs50_b06_s70.B79
Reading graphs...
70 :  209
70 :  208
Initializing...
maxdom : 8
D->valSize : 352
Solving...
Blb : 2 (clique : 20)
currentSize : 20 <-- 0.004779 s
currentSize : 23 <-- 0.005066 s
currentSize : 24 <-- 0.005337 s
currentSize : 27 <-- 0.007367 s
currentSize : 28 <-- 0.808157 s
currentSize : 29 <-- 9.962047 s
currentSize : 30 <-- 18.430670 s
currentSize : 31 <-- 27.977757 s
currentSize : 32 <-- 28.566687 s
currentSize : 33 <-- 30.065220 s
currentSize : 34 <-- 31.186850 s
currentSize : 35 <-- 31.188570 s
currentSize : 36 <-- 34.022308 s

maxsize : 36
nodes : 14160787.000000
filtered : 119740359.000000
time : 69.611130
