Parameters: GAD=1 vflib=1 dir=0 label=1 lowerbound=1 fileNameGp=../graphsdb/mcs50/rand/r02/mcs50_r02_s100.A28 fileNameGt=../graphsdb/mcs50/rand/r02/mcs50_r02_s100.B28
Reading graphs...
100 :  1766
100 :  1756
Initializing...
maxdom : 6
D->valSize : 338
Solving...
Blb : 2 (clique : 22)
currentSize : 22 <-- 0.003793 s
currentSize : 23 <-- 0.003964 s
currentSize : 24 <-- 0.004050 s
currentSize : 38 <-- 0.006214 s
currentSize : 39 <-- 0.007075 s

maxsize : 39
nodes : 437383.000000
filtered : 543698.000000
time : 1.823523
