Parameters: GAD=1 vflib=1 dir=0 label=1 lowerbound=1 fileNameGp=../graphsdb/mcs50/m2D/m2D/mcs50_m2D_s40.A43 fileNameGt=../graphsdb/mcs50/m2D/m2D/mcs50_m2D_s40.B43
Reading graphs...
40 :  65
40 :  66
Initializing...
maxdom : 6
D->valSize : 200
Solving...
Blb : 5 (clique : 16)
currentSize : 16 <-- 0.001816 s
currentSize : 17 <-- 0.038060 s
currentSize : 18 <-- 0.156662 s
currentSize : 19 <-- 0.165168 s
currentSize : 20 <-- 4.812933 s

maxsize : 20
nodes : 2043672.000000
filtered : 16385516.000000
time : 6.823179
