Parameters: GAD=1 vflib=1 dir=0 label=1 lowerbound=1 fileNameGp=../graphsdb/mcs50/bvg/b06/mcs50_b06_s60.A19 fileNameGt=../graphsdb/mcs50/bvg/b06/mcs50_b06_s60.B19
Reading graphs...
60 :  180
60 :  179
Initializing...
maxdom : 6
D->valSize : 243
Solving...
Blb : 2 (clique : 16)
currentSize : 16 <-- 0.002715 s
currentSize : 19 <-- 0.003632 s
currentSize : 20 <-- 0.003696 s
currentSize : 21 <-- 0.068831 s
currentSize : 22 <-- 0.272874 s
currentSize : 23 <-- 0.570120 s
currentSize : 24 <-- 0.578430 s
currentSize : 25 <-- 1.122313 s
currentSize : 26 <-- 2.114983 s
currentSize : 27 <-- 2.123653 s
currentSize : 28 <-- 2.821502 s
currentSize : 29 <-- 2.821945 s
currentSize : 30 <-- 9.093274 s

maxsize : 30
nodes : 4548343.000000
filtered : 21168241.000000
time : 17.028360
