Parameters: GAD=1 vflib=1 dir=0 label=1 lowerbound=1 fileNameGp=../graphsdb/mcs50/rand/r02/mcs50_r02_s90.A34 fileNameGt=../graphsdb/mcs50/rand/r02/mcs50_r02_s90.B34
Reading graphs...
90 :  1428
90 :  1435
Initializing...
maxdom : 10
D->valSize : 557
Solving...
Blb : 2 (clique : 7)
currentSize : 7 <-- 0.006066 s
currentSize : 8 <-- 0.006155 s
currentSize : 9 <-- 0.007476 s
currentSize : 13 <-- 0.007845 s
currentSize : 14 <-- 0.008994 s
currentSize : 15 <-- 0.010165 s
currentSize : 18 <-- 0.010188 s
currentSize : 23 <-- 0.016574 s
currentSize : 24 <-- 0.063268 s
currentSize : 25 <-- 0.063321 s
currentSize : 28 <-- 0.084655 s
currentSize : 33 <-- 0.084916 s
currentSize : 34 <-- 0.085013 s

maxsize : 34
nodes : 170423.000000
filtered : 1102278.000000
time : 0.837675
