Parameters: GAD=1 vflib=1 dir=0 label=1 lowerbound=1 fileNameGp=../graphsdb/mcs50/rand/r01/mcs50_r01_s80.A15 fileNameGt=../graphsdb/mcs50/rand/r01/mcs50_r01_s80.B15
Reading graphs...
80 :  591
80 :  601
Initializing...
maxdom : 10
D->valSize : 428
Solving...
Blb : 2 (clique : 13)
currentSize : 13 <-- 0.004171 s
currentSize : 14 <-- 0.007976 s
currentSize : 16 <-- 0.015542 s
currentSize : 17 <-- 0.015555 s
currentSize : 18 <-- 0.027283 s
currentSize : 19 <-- 0.088851 s
currentSize : 20 <-- 0.363339 s
currentSize : 21 <-- 0.363375 s
currentSize : 22 <-- 0.524724 s
currentSize : 23 <-- 0.524768 s
currentSize : 24 <-- 0.968090 s
currentSize : 28 <-- 0.968553 s
currentSize : 32 <-- 0.969795 s
currentSize : 36 <-- 0.970991 s

maxsize : 36
nodes : 380218.000000
filtered : 4861901.000000
time : 2.236521
