Parameters: GAD=1 vflib=1 dir=0 label=1 lowerbound=1 fileNameGp=../graphsdb/mcs50/rand/r02/mcs50_r02_s100.A96 fileNameGt=../graphsdb/mcs50/rand/r02/mcs50_r02_s100.B96
Reading graphs...
100 :  1782
100 :  1789
Initializing...
maxdom : 7
D->valSize : 366
Solving...
Blb : 2 (clique : 9)
currentSize : 9 <-- 0.003730 s
currentSize : 10 <-- 0.003831 s
currentSize : 14 <-- 0.003909 s
currentSize : 16 <-- 0.004043 s
currentSize : 22 <-- 0.004190 s
currentSize : 23 <-- 0.008004 s
currentSize : 24 <-- 0.008431 s
currentSize : 35 <-- 0.038759 s
currentSize : 36 <-- 0.279349 s
currentSize : 37 <-- 0.506995 s
currentSize : 38 <-- 0.508993 s
currentSize : 39 <-- 0.516865 s

maxsize : 39
nodes : 260329.000000
filtered : 446597.000000
time : 1.090470
