Parameters: GAD=1 vflib=1 dir=0 label=1 lowerbound=1 fileNameGp=../graphsdb/mcs50/m3D/m3D/mcs50_m3D_s50.A65 fileNameGt=../graphsdb/mcs50/m3D/m3D/mcs50_m3D_s50.B65
Reading graphs...
50 :  109
50 :  107
Initializing...
maxdom : 12
D->valSize : 331
Solving...
Blb : 2 (clique : 18)
currentSize : 18 <-- 0.003875 s
currentSize : 19 <-- 0.004321 s
currentSize : 20 <-- 0.004354 s
currentSize : 21 <-- 0.717463 s
currentSize : 22 <-- 3.643963 s
currentSize : 23 <-- 3.644099 s
currentSize : 25 <-- 7.752907 s
currentSize : 26 <-- 7.770900 s
currentSize : 27 <-- 8.224164 s

maxsize : 27
nodes : 3699982.000000
filtered : 37717492.000000
time : 14.989842
