Parameters: GAD=1 vflib=1 dir=0 label=1 lowerbound=1 fileNameGp=../graphsdb/mcs50/bvg/b03m/mcs50_b03m_s70.A68 fileNameGt=../graphsdb/mcs50/bvg/b03m/mcs50_b03m_s70.B68
Reading graphs...
70 :  104
70 :  103
Initializing...
maxdom : 9
D->valSize : 339
Solving...
Blb : 2 (clique : 30)
currentSize : 30 <-- 0.004743 s
currentSize : 31 <-- 0.005070 s
currentSize : 32 <-- 0.013352 s
currentSize : 33 <-- 0.029360 s
currentSize : 34 <-- 0.065894 s
currentSize : 35 <-- 86.604218 s
currentSize : 36 <-- 98.860474 s
currentSize : 37 <-- 368.475128 s
currentSize : 38 <-- 370.396759 s

maxsize : 38
nodes : 118341603.000000
filtered : 964310358.000000
time : 570.473938
