Parameters: GAD=1 vflib=1 dir=0 label=1 lowerbound=1 fileNameGp=../graphsdb/mcs50/m2D/m2Dr6/mcs50_m2Dr6_s90.A29 fileNameGt=../graphsdb/mcs50/m2D/m2Dr6/mcs50_m2Dr6_s90.B29
Reading graphs...
90 :  212
90 :  212
Initializing...
maxdom : 9
D->valSize : 552
Solving...
Blb : 3 (clique : 32)
currentSize : 32 <-- 0.006526 s
currentSize : 33 <-- 40.930767 s
currentSize : 34 <-- 40.932358 s
currentSize : 35 <-- 904.032532 s
currentSize : 36 <-- 3335.079590 s
currentSize : 37 <-- 3335.143799 s

TIMEOUT
maxsize : 37
nodes : 694928566.000000
filtered : 5938189336.000000
time : 3600.000000
