Parameters: GAD=1 vflib=1 dir=0 label=1 lowerbound=1 fileNameGp=../graphsdb/mcs50/m3D/m3Dr6/mcs50_m3Dr6_s50.A93 fileNameGt=../graphsdb/mcs50/m3D/m3Dr6/mcs50_m3Dr6_s50.B93
Reading graphs...
50 :  131
50 :  132
Initializing...
maxdom : 10
D->valSize : 330
Solving...
Blb : 2 (clique : 17)
currentSize : 17 <-- 0.002565 s
currentSize : 18 <-- 0.025308 s
currentSize : 19 <-- 0.025378 s
currentSize : 20 <-- 0.130789 s
currentSize : 21 <-- 0.269460 s
currentSize : 23 <-- 0.418970 s
currentSize : 24 <-- 2.029735 s
currentSize : 25 <-- 11.031770 s
currentSize : 26 <-- 13.482197 s
currentSize : 27 <-- 13.482213 s

maxsize : 27
nodes : 4015053.000000
filtered : 40475881.000000
time : 16.804768
