Parameters: GAD=1 vflib=1 dir=0 label=1 lowerbound=1 fileNameGp=../graphsdb/mcs50/m2D/m2Dr6/mcs50_m2Dr6_s50.A78 fileNameGt=../graphsdb/mcs50/m2D/m2Dr6/mcs50_m2Dr6_s50.B78
Reading graphs...
50 :  114
50 :  109
Initializing...
maxdom : 8
D->valSize : 338
Solving...
Blb : 2 (clique : 22)
currentSize : 22 <-- 0.002517 s
currentSize : 23 <-- 0.004187 s
currentSize : 24 <-- 0.082336 s
currentSize : 25 <-- 0.143916 s
currentSize : 26 <-- 0.407902 s
currentSize : 27 <-- 2.915352 s

maxsize : 27
nodes : 684962.000000
filtered : 9242358.000000
time : 3.389302
