Parameters: GAD=1 vflib=1 dir=0 label=1 lowerbound=1 fileNameGp=../graphsdb/mcs50/bvg/b09m/mcs50_b09m_s60.A41 fileNameGt=../graphsdb/mcs50/bvg/b09m/mcs50_b09m_s60.B41
Reading graphs...
60 :  262
60 :  262
Initializing...
maxdom : 6
D->valSize : 233
Solving...
Blb : 2 (clique : 23)
currentSize : 23 <-- 0.001765 s
currentSize : 25 <-- 0.007156 s
currentSize : 26 <-- 0.007344 s
currentSize : 27 <-- 0.007432 s
currentSize : 29 <-- 1.068383 s

maxsize : 29
nodes : 555542.000000
filtered : 2208938.000000
time : 2.074096
