Parameters: GAD=1 vflib=1 dir=0 label=1 lowerbound=1 fileNameGp=../graphsdb/mcs50/rand/r01/mcs50_r01_s80.A40 fileNameGt=../graphsdb/mcs50/rand/r01/mcs50_r01_s80.B40
Reading graphs...
80 :  607
80 :  605
Initializing...
maxdom : 9
D->valSize : 418
Solving...
Blb : 2 (clique : 19)
currentSize : 19 <-- 0.003779 s
currentSize : 21 <-- 0.003930 s
currentSize : 22 <-- 0.003995 s
currentSize : 27 <-- 0.004290 s
currentSize : 29 <-- 0.119660 s
currentSize : 30 <-- 0.290077 s
currentSize : 31 <-- 0.490245 s
currentSize : 36 <-- 1.291457 s

maxsize : 36
nodes : 352906.000000
filtered : 4783538.000000
time : 2.131935
