Parameters: GAD=1 vflib=1 dir=0 label=1 lowerbound=1 fileNameGp=../graphsdb/mcs50/rand/r005/mcs50_r005_s100.A89 fileNameGt=../graphsdb/mcs50/rand/r005/mcs50_r005_s100.B89
Reading graphs...
100 :  482
100 :  480
Initializing...
maxdom : 7
D->valSize : 382
Solving...
Blb : 2 (clique : 29)
currentSize : 29 <-- 0.003953 s
currentSize : 30 <-- 0.007573 s
currentSize : 31 <-- 0.029904 s
currentSize : 32 <-- 0.029990 s
currentSize : 33 <-- 0.100613 s
currentSize : 34 <-- 0.102662 s
currentSize : 35 <-- 0.129302 s
currentSize : 36 <-- 0.129419 s
currentSize : 37 <-- 0.293902 s
currentSize : 38 <-- 0.293947 s
currentSize : 39 <-- 0.360089 s
currentSize : 40 <-- 0.360135 s
currentSize : 41 <-- 2.525049 s
currentSize : 43 <-- 2.526080 s
currentSize : 44 <-- 2.526896 s
currentSize : 45 <-- 29.939428 s
currentSize : 46 <-- 29.940289 s
currentSize : 47 <-- 29.941956 s
currentSize : 49 <-- 30.011732 s

maxsize : 49
nodes : 17189286.000000
filtered : 111985193.000000
time : 103.298843
