Parameters: GAD=1 vflib=1 dir=0 label=1 lowerbound=1 fileNameGp=../graphsdb/mcs50/m3D/m3Dr6/mcs50_m3Dr6_s60.A41 fileNameGt=../graphsdb/mcs50/m3D/m3Dr6/mcs50_m3Dr6_s60.B41
Reading graphs...
60 :  168
60 :  168
Initializing...
maxdom : 6
D->valSize : 233
Solving...
Blb : 2 (clique : 19)
currentSize : 19 <-- 0.001742 s
currentSize : 20 <-- 0.104942 s
currentSize : 21 <-- 0.831815 s
currentSize : 22 <-- 0.831953 s
currentSize : 23 <-- 2.203646 s
currentSize : 24 <-- 2.203723 s
currentSize : 25 <-- 2.204050 s
currentSize : 27 <-- 3.011745 s
currentSize : 28 <-- 3.012449 s

maxsize : 28
nodes : 2887367.000000
filtered : 16003877.000000
time : 10.842097
