Parameters: GAD=1 vflib=1 dir=0 label=1 lowerbound=1 fileNameGp=../graphsdb/mcs50/bvg/b03m/mcs50_b03m_s90.A62 fileNameGt=../graphsdb/mcs50/bvg/b03m/mcs50_b03m_s90.B62
Reading graphs...
90 :  134
90 :  134
Initializing...
maxdom : 10
D->valSize : 548
Solving...
Blb : 2 (clique : 37)
currentSize : 37 <-- 0.006673 s
currentSize : 38 <-- 0.006978 s
currentSize : 39 <-- 0.007039 s
currentSize : 40 <-- 0.009977 s
currentSize : 41 <-- 0.180893 s
currentSize : 42 <-- 0.184705 s
currentSize : 43 <-- 0.345480 s
currentSize : 45 <-- 0.348615 s

TIMEOUT
maxsize : 45
nodes : 600543811.000000
filtered : 5606911857.000000
time : 3600.000000
