Parameters: GAD=1 vflib=1 dir=0 label=1 lowerbound=1 fileNameGp=../graphsdb/mcs50/m2D/m2Dr4/mcs50_m2Dr4_s40.A25 fileNameGt=../graphsdb/mcs50/m2D/m2Dr4/mcs50_m2Dr4_s40.B25
Reading graphs...
40 :  78
40 :  82
Initializing...
maxdom : 9
D->valSize : 211
Solving...
Blb : 2 (clique : 14)
currentSize : 14 <-- 0.001939 s
currentSize : 15 <-- 0.009738 s
currentSize : 16 <-- 0.084209 s
currentSize : 17 <-- 1.264167 s
currentSize : 18 <-- 2.280666 s

maxsize : 18
nodes : 2110776.000000
filtered : 18490929.000000
time : 7.108942
