Parameters: GAD=1 vflib=1 dir=0 label=1 lowerbound=1 fileNameGp=../graphsdb/mcs50/bvg/b09m/mcs50_b09m_s90.A12 fileNameGt=../graphsdb/mcs50/bvg/b09m/mcs50_b09m_s90.B12
Reading graphs...
90 :  400
90 :  397
Initializing...
maxdom : 10
D->valSize : 577
Solving...
Blb : 2 (clique : 29)
currentSize : 29 <-- 0.006641 s
currentSize : 30 <-- 0.006918 s
currentSize : 32 <-- 0.008339 s
currentSize : 33 <-- 0.008418 s
currentSize : 35 <-- 0.008528 s
currentSize : 36 <-- 0.013898 s
currentSize : 37 <-- 0.014258 s
currentSize : 38 <-- 0.014293 s
currentSize : 39 <-- 0.014357 s
currentSize : 40 <-- 0.068148 s
currentSize : 42 <-- 0.068198 s
currentSize : 43 <-- 0.329402 s

maxsize : 43
nodes : 507155281.000000
filtered : 2280756229.000000
time : 2538.558838
