Parameters: GAD=1 vflib=1 dir=0 label=1 lowerbound=1 fileNameGp=../graphsdb/mcs50/m2D/m2Dr2/mcs50_m2Dr2_s60.A11 fileNameGt=../graphsdb/mcs50/m2D/m2Dr2/mcs50_m2Dr2_s60.B11
Reading graphs...
60 :  115
60 :  115
Initializing...
maxdom : 9
D->valSize : 258
Solving...
Blb : 2 (clique : 24)
currentSize : 24 <-- 0.003260 s
currentSize : 25 <-- 0.003834 s
currentSize : 26 <-- 0.005987 s
currentSize : 27 <-- 0.009252 s
currentSize : 28 <-- 0.067530 s
currentSize : 29 <-- 0.087479 s

maxsize : 29
nodes : 1636272.000000
filtered : 11611220.000000
time : 7.181664
