Parameters: GAD=1 vflib=1 dir=0 label=1 lowerbound=1 fileNameGp=../graphsdb/mcs50/bvg/b09/mcs50_b09_s40.A01 fileNameGt=../graphsdb/mcs50/bvg/b09/mcs50_b09_s40.B01
Reading graphs...
40 :  179
40 :  178
Initializing...
maxdom : 13
D->valSize : 229
Solving...
Blb : 2 (clique : 10)
currentSize : 10 <-- 0.001290 s
currentSize : 12 <-- 0.004342 s
currentSize : 13 <-- 0.004583 s
currentSize : 17 <-- 0.050740 s
currentSize : 20 <-- 0.050855 s

maxsize : 20
nodes : 16339.000000
filtered : 195440.000000
time : 0.060564
