Parameters: GAD=1 vflib=1 dir=0 label=1 lowerbound=1 fileNameGp=../graphsdb/mcs50/m3D/m3D/mcs50_m3D_s60.A50 fileNameGt=../graphsdb/mcs50/m3D/m3D/mcs50_m3D_s60.B50
Reading graphs...
60 :  133
60 :  133
Initializing...
maxdom : 6
D->valSize : 229
Solving...
Blb : 2 (clique : 18)
currentSize : 18 <-- 0.001770 s
currentSize : 19 <-- 0.001895 s
currentSize : 20 <-- 0.002195 s
currentSize : 21 <-- 0.017801 s
currentSize : 22 <-- 0.018180 s
currentSize : 23 <-- 0.287169 s
currentSize : 24 <-- 0.445584 s
currentSize : 25 <-- 0.502002 s
currentSize : 26 <-- 1.447832 s
currentSize : 27 <-- 25.342817 s
currentSize : 28 <-- 28.770676 s

maxsize : 28
nodes : 13149216.000000
filtered : 86477873.000000
time : 55.189213
