Parameters: GAD=1 vflib=1 dir=0 label=1 lowerbound=1 fileNameGp=../graphsdb/mcs50/m2D/m2Dr6/mcs50_m2Dr6_s100.A79 fileNameGt=../graphsdb/mcs50/m2D/m2Dr6/mcs50_m2Dr6_s100.B79
Reading graphs...
100 :  239
100 :  238
Initializing...
maxdom : 7
D->valSize : 376
Solving...
Blb : 3 (clique : 39)
currentSize : 39 <-- 0.006465 s
currentSize : 40 <-- 0.156466 s
currentSize : 41 <-- 0.257844 s
currentSize : 42 <-- 0.258030 s
currentSize : 43 <-- 0.786638 s
currentSize : 44 <-- 0.792879 s
currentSize : 45 <-- 0.898051 s
currentSize : 46 <-- 0.898122 s
currentSize : 47 <-- 8.912678 s
currentSize : 48 <-- 69.719666 s

TIMEOUT
maxsize : 48
nodes : 793948806.000000
filtered : 1961128079.000000
time : 3600.000000
