Parameters: GAD=1 vflib=1 dir=0 label=1 lowerbound=1 fileNameGp=../graphsdb/mcs50/bvg/b06m/mcs50_b06m_s80.A82 fileNameGt=../graphsdb/mcs50/bvg/b06m/mcs50_b06m_s80.B82
Reading graphs...
80 :  236
80 :  239
Initializing...
maxdom : 8
D->valSize : 438
Solving...
Blb : 5 (clique : 26)
currentSize : 26 <-- 0.007155 s
currentSize : 27 <-- 0.566988 s
currentSize : 28 <-- 0.567023 s
currentSize : 29 <-- 0.962083 s
currentSize : 32 <-- 171.620377 s
currentSize : 33 <-- 224.496567 s
currentSize : 34 <-- 415.009827 s
currentSize : 35 <-- 415.010651 s
currentSize : 36 <-- 415.019775 s
currentSize : 37 <-- 415.054413 s
currentSize : 38 <-- 417.220306 s
currentSize : 39 <-- 697.893677 s
currentSize : 40 <-- 1326.521606 s

maxsize : 40
nodes : 568713039.000000
filtered : 3771558182.000000
time : 2788.361572
