Parameters: GAD=1 vflib=1 dir=0 label=1 lowerbound=1 fileNameGp=../graphsdb/mcs50/rand/r005/mcs50_r005_s70.A22 fileNameGt=../graphsdb/mcs50/rand/r005/mcs50_r005_s70.B22
Reading graphs...
70 :  235
70 :  233
Initializing...
maxdom : 6
D->valSize : 318
Solving...
Blb : 2 (clique : 23)
currentSize : 23 <-- 0.004133 s
currentSize : 24 <-- 1.604673 s
currentSize : 25 <-- 2.484625 s
currentSize : 26 <-- 3.175336 s
currentSize : 27 <-- 3.222667 s
currentSize : 28 <-- 3.225006 s
currentSize : 29 <-- 3.225082 s
currentSize : 30 <-- 3.278793 s
currentSize : 31 <-- 5.392523 s
currentSize : 32 <-- 7.148071 s
currentSize : 34 <-- 7.971859 s
currentSize : 36 <-- 8.629519 s

maxsize : 36
nodes : 2169891.000000
filtered : 17277577.000000
time : 10.697748
