Parameters: GAD=1 vflib=1 dir=0 label=1 lowerbound=1 fileNameGp=../graphsdb/mcs50/bvg/b06/mcs50_b06_s70.A73 fileNameGt=../graphsdb/mcs50/bvg/b06/mcs50_b06_s70.B73
Reading graphs...
70 :  209
70 :  209
Initializing...
maxdom : 6
D->valSize : 313
Solving...
Blb : 2 (clique : 23)
currentSize : 23 <-- 0.004004 s
currentSize : 26 <-- 0.004885 s
currentSize : 28 <-- 0.006010 s
currentSize : 29 <-- 0.009180 s
currentSize : 32 <-- 0.026415 s
currentSize : 33 <-- 0.784451 s
currentSize : 34 <-- 0.784549 s
currentSize : 35 <-- 0.793843 s

maxsize : 35
nodes : 15693319.000000
filtered : 118040325.000000
time : 75.345383
