Parameters: GAD=1 vflib=1 dir=0 label=1 lowerbound=1 fileNameGp=../graphsdb/mcs50/rand/r01/mcs50_r01_s90.A93 fileNameGt=../graphsdb/mcs50/rand/r01/mcs50_r01_s90.B93
Reading graphs...
90 :  760
90 :  765
Initializing...
maxdom : 12
D->valSize : 573
Solving...
Blb : 2 (clique : 13)
currentSize : 13 <-- 0.010446 s
currentSize : 15 <-- 0.010619 s
currentSize : 16 <-- 0.011268 s
currentSize : 19 <-- 0.011597 s
currentSize : 20 <-- 0.508927 s
currentSize : 22 <-- 0.611236 s
currentSize : 28 <-- 0.709159 s
currentSize : 31 <-- 0.709409 s
currentSize : 32 <-- 1.865992 s
currentSize : 33 <-- 2.501738 s
currentSize : 34 <-- 2.911806 s
currentSize : 44 <-- 2.912207 s

maxsize : 44
nodes : 587244.000000
filtered : 10380002.000000
time : 4.077820
