Parameters: GAD=1 vflib=1 dir=0 label=1 lowerbound=1 fileNameGp=../graphsdb/mcs50/rand/r02/mcs50_r02_s50.A41 fileNameGt=../graphsdb/mcs50/rand/r02/mcs50_r02_s50.B41
Reading graphs...
50 :  436
50 :  436
Initializing...
maxdom : 9
D->valSize : 318
Solving...
Blb : 2 (clique : 7)
currentSize : 7 <-- 0.003161 s
currentSize : 8 <-- 0.003478 s
currentSize : 9 <-- 0.004320 s
currentSize : 10 <-- 0.005014 s
currentSize : 12 <-- 0.007866 s
currentSize : 15 <-- 0.008000 s
currentSize : 16 <-- 0.016466 s
currentSize : 22 <-- 0.039981 s
currentSize : 23 <-- 0.041254 s

maxsize : 23
nodes : 7316.000000
filtered : 161347.000000
time : 0.060524
