Parameters: GAD=1 vflib=1 dir=0 label=1 lowerbound=1 fileNameGp=../graphsdb/mcs50/m2D/m2Dr6/mcs50_m2Dr6_s60.A86 fileNameGt=../graphsdb/mcs50/m2D/m2Dr6/mcs50_m2Dr6_s60.B86
Reading graphs...
60 :  137
60 :  137
Initializing...
maxdom : 6
D->valSize : 258
Solving...
Blb : 3 (clique : 23)
currentSize : 23 <-- 0.001976 s
currentSize : 25 <-- 0.002672 s
currentSize : 26 <-- 0.014200 s
currentSize : 27 <-- 7.368780 s
currentSize : 28 <-- 17.506392 s

maxsize : 28
nodes : 7898113.000000
filtered : 64238253.000000
time : 35.358234
