Parameters: GAD=1 vflib=1 dir=0 label=1 lowerbound=1 fileNameGp=../graphsdb/mcs50/bvg/b06m/mcs50_b06m_s50.A75 fileNameGt=../graphsdb/mcs50/bvg/b06m/mcs50_b06m_s50.B75
Reading graphs...
50 :  144
50 :  144
Initializing...
maxdom : 10
D->valSize : 325
Solving...
Blb : 2 (clique : 15)
currentSize : 15 <-- 0.003718 s
currentSize : 16 <-- 0.004176 s
currentSize : 17 <-- 0.005119 s
currentSize : 18 <-- 0.006812 s
currentSize : 19 <-- 0.006835 s
currentSize : 20 <-- 0.016547 s
currentSize : 21 <-- 10.470947 s
currentSize : 23 <-- 31.094101 s
currentSize : 24 <-- 38.462215 s

maxsize : 24
nodes : 10872781.000000
filtered : 139290349.000000
time : 45.612167
