Parameters: GAD=1 vflib=1 dir=0 label=1 lowerbound=1 fileNameGp=../graphsdb/mcs50/m2D/m2Dr4/mcs50_m2Dr4_s50.A82 fileNameGt=../graphsdb/mcs50/m2D/m2Dr4/mcs50_m2Dr4_s50.B82
Reading graphs...
50 :  103
50 :  103
Initializing...
maxdom : 12
D->valSize : 341
Solving...
Blb : 2 (clique : 16)
currentSize : 16 <-- 0.002737 s
currentSize : 17 <-- 0.010167 s
currentSize : 18 <-- 0.010508 s
currentSize : 19 <-- 0.111847 s
currentSize : 20 <-- 0.159222 s
currentSize : 21 <-- 0.243958 s
currentSize : 22 <-- 1.646637 s
currentSize : 23 <-- 1.651477 s
currentSize : 25 <-- 27.294909 s
currentSize : 26 <-- 27.294996 s
currentSize : 27 <-- 27.301468 s

maxsize : 27
nodes : 6772749.000000
filtered : 79340822.000000
time : 28.347956
