Parameters: GAD=1 vflib=1 dir=0 label=1 lowerbound=1 fileNameGp=../graphsdb/mcs50/rand/r01/mcs50_r01_s70.A52 fileNameGt=../graphsdb/mcs50/rand/r01/mcs50_r01_s70.B52
Reading graphs...
70 :  452
70 :  461
Initializing...
maxdom : 8
D->valSize : 323
Solving...
Blb : 2 (clique : 15)
currentSize : 15 <-- 0.002587 s
currentSize : 17 <-- 0.002706 s
currentSize : 22 <-- 0.003397 s
currentSize : 23 <-- 0.005401 s
currentSize : 28 <-- 0.005859 s
currentSize : 29 <-- 0.005959 s
currentSize : 33 <-- 0.006029 s

maxsize : 33
nodes : 73552.000000
filtered : 706895.000000
time : 0.384666
