Parameters: GAD=1 vflib=1 dir=0 label=1 lowerbound=1 fileNameGp=../graphsdb/mcs50/bvg/b09/mcs50_b09_s60.A92 fileNameGt=../graphsdb/mcs50/bvg/b09/mcs50_b09_s60.B92
Reading graphs...
60 :  265
60 :  268
Initializing...
maxdom : 9
D->valSize : 262
Solving...
Blb : 2 (clique : 13)
currentSize : 13 <-- 0.001955 s
currentSize : 14 <-- 0.002072 s
currentSize : 15 <-- 0.004631 s
currentSize : 16 <-- 0.007791 s
currentSize : 17 <-- 0.014371 s
currentSize : 18 <-- 0.014398 s
currentSize : 19 <-- 0.026224 s
currentSize : 20 <-- 0.037813 s
currentSize : 21 <-- 0.054027 s
currentSize : 22 <-- 0.054064 s
currentSize : 23 <-- 0.054463 s
currentSize : 24 <-- 0.054627 s
currentSize : 25 <-- 0.058396 s
currentSize : 26 <-- 0.059230 s
currentSize : 27 <-- 0.059541 s
currentSize : 28 <-- 0.242708 s
currentSize : 29 <-- 0.876372 s
currentSize : 30 <-- 0.876442 s

maxsize : 30
nodes : 564654.000000
filtered : 2734403.000000
time : 2.201977
