Parameters: GAD=1 vflib=1 dir=0 label=1 lowerbound=1 fileNameGp=../graphsdb/mcs50/bvg/b03m/mcs50_b03m_s60.A07 fileNameGt=../graphsdb/mcs50/bvg/b03m/mcs50_b03m_s60.B07
Reading graphs...
60 :  89
60 :  89
Initializing...
maxdom : 6
D->valSize : 248
Solving...
Blb : 2 (clique : 24)
currentSize : 24 <-- 0.001938 s
currentSize : 25 <-- 0.053382 s
currentSize : 26 <-- 0.098226 s
currentSize : 27 <-- 21.690218 s
currentSize : 28 <-- 132.368149 s
currentSize : 29 <-- 161.852737 s
currentSize : 30 <-- 643.200745 s
currentSize : 31 <-- 643.300903 s
currentSize : 32 <-- 765.826477 s
currentSize : 33 <-- 765.894958 s

maxsize : 33
nodes : 222210485.000000
filtered : 1263328131.000000
time : 851.987854
