Parameters: GAD=1 vflib=1 dir=0 label=1 lowerbound=1 fileNameGp=../graphsdb/mcs50/m3D/m3Dr4/mcs50_m3Dr4_s60.A61 fileNameGt=../graphsdb/mcs50/m3D/m3Dr4/mcs50_m3Dr4_s60.B61
Reading graphs...
60 :  153
60 :  156
Initializing...
maxdom : 7
D->valSize : 242
Solving...
Blb : 3 (clique : 22)
currentSize : 22 <-- 0.001821 s
currentSize : 23 <-- 0.002028 s
currentSize : 24 <-- 0.003933 s
currentSize : 25 <-- 0.026744 s
currentSize : 26 <-- 0.027132 s
currentSize : 28 <-- 0.083340 s

maxsize : 28
nodes : 3779464.000000
filtered : 29588255.000000
time : 16.896023
