Parameters: GAD=1 vflib=1 dir=0 label=1 lowerbound=1 fileNameGp=../graphsdb/mcs50/m2D/m2Dr2/mcs50_m2Dr2_s90.A44 fileNameGt=../graphsdb/mcs50/m2D/m2Dr2/mcs50_m2Dr2_s90.B44
Reading graphs...
90 :  176
90 :  179
Initializing...
maxdom : 11
D->valSize : 549
Solving...
Blb : 2 (clique : 39)
currentSize : 39 <-- 0.010993 s
currentSize : 40 <-- 0.011322 s
currentSize : 41 <-- 0.011393 s
currentSize : 42 <-- 0.011529 s
currentSize : 43 <-- 0.011616 s
currentSize : 44 <-- 0.011849 s
currentSize : 45 <-- 0.013807 s
currentSize : 46 <-- 0.014207 s
currentSize : 47 <-- 2107.723389 s
currentSize : 48 <-- 2107.725830 s
currentSize : 49 <-- 2107.726074 s
currentSize : 50 <-- 2107.726807 s

TIMEOUT
maxsize : 50
nodes : 615846391.000000
filtered : 4838562607.000000
time : 3600.000000
