Parameters: GAD=1 vflib=1 dir=0 label=1 lowerbound=1 fileNameGp=../graphsdb/mcs50/rand/r005/mcs50_r005_s60.A92 fileNameGt=../graphsdb/mcs50/rand/r005/mcs50_r005_s60.B92
Reading graphs...
60 :  174
60 :  169
Initializing...
maxdom : 7
D->valSize : 263
Solving...
Blb : 2 (clique : 18)
currentSize : 18 <-- 0.001992 s
currentSize : 19 <-- 0.003652 s
currentSize : 20 <-- 0.006134 s
currentSize : 21 <-- 0.104663 s
currentSize : 22 <-- 0.110671 s
currentSize : 23 <-- 0.129267 s
currentSize : 24 <-- 0.265352 s
currentSize : 25 <-- 1.005532 s
currentSize : 26 <-- 1.112534 s
currentSize : 27 <-- 1.254553 s
currentSize : 28 <-- 1.278177 s
currentSize : 29 <-- 1.279837 s
currentSize : 30 <-- 1.279865 s

maxsize : 30
nodes : 527687.000000
filtered : 4335403.000000
time : 2.361735
