Parameters: GAD=1 vflib=1 dir=0 label=1 lowerbound=1 fileNameGp=../graphsdb/mcs50/bvg/b06m/mcs50_b06m_s25.A47 fileNameGt=../graphsdb/mcs50/bvg/b06m/mcs50_b06m_s25.B47
Reading graphs...
25 :  72
25 :  72
Initializing...
maxdom : 8
D->valSize : 161
Solving...
Blb : 2 (clique : 7)
currentSize : 7 <-- 0.000793 s
currentSize : 8 <-- 0.000941 s
currentSize : 9 <-- 0.000972 s
currentSize : 10 <-- 0.007028 s
currentSize : 11 <-- 0.008892 s
currentSize : 13 <-- 0.035888 s

maxsize : 13
nodes : 12566.000000
filtered : 178731.000000
time : 0.039568
