Parameters: GAD=1 vflib=1 dir=0 label=1 lowerbound=1 fileNameGp=../graphsdb/mcs50/bvg/b06/mcs50_b06_s90.A19 fileNameGt=../graphsdb/mcs50/bvg/b06/mcs50_b06_s90.B19
Reading graphs...
90 :  269
90 :  269
Initializing...
maxdom : 10
D->valSize : 553
Solving...
Blb : 2 (clique : 29)
currentSize : 29 <-- 0.007083 s
currentSize : 30 <-- 0.032604 s
currentSize : 31 <-- 0.033733 s
currentSize : 32 <-- 0.251865 s
currentSize : 33 <-- 0.252022 s
currentSize : 34 <-- 50.914288 s
currentSize : 35 <-- 1018.209717 s

TIMEOUT
maxsize : 35
nodes : 623134677.000000
filtered : 7605443525.000000
time : 3600.000000
