Parameters: GAD=1 vflib=1 dir=0 label=1 lowerbound=1 fileNameGp=../graphsdb/mcs50/m2D/m2D/mcs50_m2D_s50.A62 fileNameGt=../graphsdb/mcs50/m2D/m2D/mcs50_m2D_s50.B62
Reading graphs...
50 :  84
50 :  85
Initializing...
maxdom : 10
D->valSize : 337
Solving...
Blb : 2 (clique : 23)
currentSize : 23 <-- 0.004117 s
currentSize : 24 <-- 0.052014 s
currentSize : 25 <-- 0.107547 s
currentSize : 26 <-- 2.816173 s
currentSize : 27 <-- 15.829207 s
currentSize : 28 <-- 33.967319 s
currentSize : 29 <-- 34.403725 s
currentSize : 30 <-- 40.307961 s

maxsize : 30
nodes : 10816509.000000
filtered : 131875066.000000
time : 48.239971
