Parameters: GAD=1 vflib=1 dir=0 label=1 lowerbound=1 fileNameGp=../graphsdb/mcs50/rand/r005/mcs50_r005_s90.A11 fileNameGt=../graphsdb/mcs50/rand/r005/mcs50_r005_s90.B11
Reading graphs...
90 :  391
90 :  387
Initializing...
maxdom : 10
D->valSize : 544
Solving...
Blb : 2 (clique : 25)
currentSize : 25 <-- 0.006116 s
currentSize : 26 <-- 0.110034 s
currentSize : 27 <-- 0.110163 s
currentSize : 28 <-- 0.173221 s
currentSize : 29 <-- 0.175984 s
currentSize : 30 <-- 0.193441 s
currentSize : 31 <-- 0.493540 s
currentSize : 32 <-- 0.774429 s
currentSize : 33 <-- 0.777803 s
currentSize : 34 <-- 0.779168 s
currentSize : 35 <-- 87.471077 s
currentSize : 36 <-- 166.207458 s
currentSize : 37 <-- 166.207764 s
currentSize : 40 <-- 280.325012 s
currentSize : 41 <-- 308.379761 s
currentSize : 42 <-- 308.380096 s
currentSize : 43 <-- 308.380188 s
currentSize : 44 <-- 308.380707 s
currentSize : 45 <-- 308.380798 s

maxsize : 45
nodes : 55157555.000000
filtered : 843132970.000000
time : 386.832825
