Parameters: GAD=1 vflib=1 dir=0 label=1 lowerbound=1 fileNameGp=../graphsdb/mcs50/m2D/m2Dr4/mcs50_m2Dr4_s60.A75 fileNameGt=../graphsdb/mcs50/m2D/m2Dr4/mcs50_m2Dr4_s60.B75
Reading graphs...
60 :  126
60 :  126
Initializing...
maxdom : 8
D->valSize : 247
Solving...
Blb : 3 (clique : 23)
currentSize : 23 <-- 0.001893 s
currentSize : 24 <-- 0.031335 s
currentSize : 25 <-- 0.031405 s
currentSize : 26 <-- 0.033767 s
currentSize : 27 <-- 2.564482 s
currentSize : 28 <-- 2.564781 s
currentSize : 29 <-- 2.624868 s

maxsize : 29
nodes : 4830608.000000
filtered : 26448383.000000
time : 19.678684
