Parameters: GAD=1 vflib=1 dir=0 label=1 lowerbound=1 fileNameGp=../graphsdb/mcs50/rand/r01/mcs50_r01_s90.A28 fileNameGt=../graphsdb/mcs50/rand/r01/mcs50_r01_s90.B28
Reading graphs...
90 :  754
90 :  759
Initializing...
maxdom : 8
D->valSize : 538
Solving...
Blb : 2 (clique : 15)
currentSize : 15 <-- 0.005686 s
currentSize : 19 <-- 0.006276 s
currentSize : 20 <-- 0.029518 s
currentSize : 21 <-- 0.361323 s
currentSize : 23 <-- 0.361493 s
currentSize : 24 <-- 0.505853 s
currentSize : 25 <-- 0.510560 s
currentSize : 27 <-- 1.207697 s
currentSize : 28 <-- 1.213720 s
currentSize : 29 <-- 1.967127 s
currentSize : 30 <-- 1.968966 s
currentSize : 31 <-- 2.313552 s
currentSize : 32 <-- 2.314952 s
currentSize : 33 <-- 2.662641 s
currentSize : 39 <-- 7.058189 s

maxsize : 39
nodes : 1565503.000000
filtered : 24847122.000000
time : 10.603925
