Parameters: GAD=1 vflib=1 dir=0 label=1 lowerbound=1 fileNameGp=../graphsdb/mcs50/bvg/b06/mcs50_b06_s50.A33 fileNameGt=../graphsdb/mcs50/bvg/b06/mcs50_b06_s50.B33
Reading graphs...
50 :  149
50 :  148
Initializing...
maxdom : 11
D->valSize : 319
Solving...
Blb : 2 (clique : 15)
currentSize : 15 <-- 0.003455 s
currentSize : 17 <-- 0.003606 s
currentSize : 18 <-- 0.003788 s
currentSize : 19 <-- 0.003852 s
currentSize : 20 <-- 0.009242 s
currentSize : 21 <-- 0.055901 s
currentSize : 22 <-- 7.372683 s
currentSize : 23 <-- 7.415019 s
currentSize : 25 <-- 9.029945 s
currentSize : 26 <-- 9.037812 s

maxsize : 26
nodes : 3135393.000000
filtered : 33542396.000000
time : 13.437423
