Parameters: GAD=1 vflib=1 dir=0 label=1 lowerbound=1 fileNameGp=../graphsdb/mcs50/bvg/b09m/mcs50_b09m_s40.A07 fileNameGt=../graphsdb/mcs50/bvg/b09m/mcs50_b09m_s40.B07
Reading graphs...
40 :  171
40 :  170
Initializing...
maxdom : 11
D->valSize : 215
Solving...
Blb : 2 (clique : 9)
currentSize : 9 <-- 0.001233 s
currentSize : 13 <-- 0.001291 s
currentSize : 16 <-- 0.002627 s
currentSize : 17 <-- 0.003234 s
currentSize : 19 <-- 0.003300 s

maxsize : 19
nodes : 8934.000000
filtered : 89410.000000
time : 0.032441
