Parameters: GAD=1 vflib=1 dir=0 label=1 lowerbound=1 fileNameGp=../graphsdb/mcs50/rand/r02/mcs50_r02_s70.A34 fileNameGt=../graphsdb/mcs50/rand/r02/mcs50_r02_s70.B34
Reading graphs...
70 :  857
70 :  867
Initializing...
maxdom : 9
D->valSize : 327
Solving...
Blb : 2 (clique : 9)
currentSize : 9 <-- 0.002689 s
currentSize : 12 <-- 0.004883 s
currentSize : 13 <-- 0.008567 s
currentSize : 16 <-- 0.011773 s
currentSize : 20 <-- 0.028592 s
currentSize : 27 <-- 0.028865 s

maxsize : 27
nodes : 23604.000000
filtered : 206443.000000
time : 0.108324
