Parameters: GAD=1 vflib=1 dir=0 label=1 lowerbound=1 fileNameGp=../graphsdb/mcs50/m3D/m3Dr4/mcs50_m3Dr4_s50.A80 fileNameGt=../graphsdb/mcs50/m3D/m3Dr4/mcs50_m3Dr4_s50.B80
Reading graphs...
50 :  127
50 :  128
Initializing...
maxdom : 9
D->valSize : 312
Solving...
Blb : 2 (clique : 18)
currentSize : 18 <-- 0.002411 s
currentSize : 19 <-- 0.012135 s
currentSize : 20 <-- 0.304388 s
currentSize : 21 <-- 0.862991 s
currentSize : 22 <-- 0.863448 s
currentSize : 23 <-- 0.863490 s
currentSize : 24 <-- 2.235072 s
currentSize : 25 <-- 2.235621 s
currentSize : 26 <-- 2.516637 s
currentSize : 27 <-- 7.775389 s

maxsize : 27
nodes : 1905991.000000
filtered : 23652314.000000
time : 8.698784
