Parameters: GAD=1 vflib=1 dir=0 label=1 lowerbound=1 fileNameGp=../graphsdb/mcs50/m3D/m3Dr4/mcs50_m3Dr4_s50.A46 fileNameGt=../graphsdb/mcs50/m3D/m3Dr4/mcs50_m3Dr4_s50.B46
Reading graphs...
50 :  124
50 :  125
Initializing...
maxdom : 11
D->valSize : 343
Solving...
Blb : 2 (clique : 21)
currentSize : 21 <-- 0.002710 s
currentSize : 23 <-- 0.002867 s
currentSize : 24 <-- 0.003148 s
currentSize : 25 <-- 0.359758 s
currentSize : 26 <-- 0.359813 s
currentSize : 27 <-- 0.362182 s
currentSize : 28 <-- 0.364603 s
currentSize : 29 <-- 0.378413 s

maxsize : 29
nodes : 370615.000000
filtered : 3159419.000000
time : 1.451421
