Parameters: GAD=1 vflib=1 dir=0 label=1 lowerbound=1 fileNameGp=../graphsdb/mcs50/rand/r02/mcs50_r02_s90.A80 fileNameGt=../graphsdb/mcs50/rand/r02/mcs50_r02_s90.B80
Reading graphs...
90 :  1438
90 :  1429
Initializing...
maxdom : 10
D->valSize : 550
Solving...
Blb : 3 (clique : 14)
currentSize : 14 <-- 0.005689 s
currentSize : 15 <-- 0.006070 s
currentSize : 16 <-- 0.029804 s
currentSize : 20 <-- 0.041552 s
currentSize : 21 <-- 0.051513 s
currentSize : 23 <-- 0.080850 s
currentSize : 25 <-- 0.080984 s
currentSize : 33 <-- 0.141080 s
currentSize : 34 <-- 0.141234 s
currentSize : 35 <-- 0.296213 s

maxsize : 35
nodes : 130507.000000
filtered : 1224596.000000
time : 0.715434
