Parameters: GAD=1 vflib=1 dir=0 label=1 lowerbound=1 fileNameGp=../graphsdb/mcs50/bvg/b09m/mcs50_b09m_s90.A62 fileNameGt=../graphsdb/mcs50/bvg/b09m/mcs50_b09m_s90.B62
Reading graphs...
90 :  398
90 :  397
Initializing...
maxdom : 13
D->valSize : 568
Solving...
Blb : 3 (clique : 31)
currentSize : 31 <-- 0.007019 s
currentSize : 32 <-- 0.011188 s
currentSize : 33 <-- 0.011275 s
currentSize : 35 <-- 1.701864 s
currentSize : 39 <-- 1.702379 s
currentSize : 40 <-- 1.702488 s
currentSize : 41 <-- 1.715265 s
currentSize : 43 <-- 119.892349 s

maxsize : 43
nodes : 166476439.000000
filtered : 1160830825.000000
time : 873.808716
