Parameters: GAD=1 vflib=1 dir=0 label=1 lowerbound=1 fileNameGp=../graphsdb/mcs50/bvg/b03m/mcs50_b03m_s50.A73 fileNameGt=../graphsdb/mcs50/bvg/b03m/mcs50_b03m_s50.B73
Reading graphs...
50 :  75
50 :  75
Initializing...
maxdom : 10
D->valSize : 337
Solving...
Blb : 2 (clique : 22)
currentSize : 22 <-- 0.002662 s
currentSize : 25 <-- 0.002793 s
currentSize : 26 <-- 0.002857 s
currentSize : 27 <-- 0.008958 s
currentSize : 28 <-- 0.584184 s

maxsize : 28
nodes : 90850494.000000
filtered : 1110867495.000000
time : 374.367004
