Parameters: GAD=1 vflib=1 dir=0 label=1 lowerbound=1 fileNameGp=../graphsdb/mcs50/rand/r02/mcs50_r02_s80.A36 fileNameGt=../graphsdb/mcs50/rand/r02/mcs50_r02_s80.B36
Reading graphs...
80 :  1117
80 :  1131
Initializing...
maxdom : 8
D->valSize : 419
Solving...
Blb : 5 (clique : 12)
currentSize : 12 <-- 0.005815 s
currentSize : 13 <-- 0.014425 s
currentSize : 14 <-- 0.018908 s
currentSize : 19 <-- 0.019565 s
currentSize : 20 <-- 0.038944 s
currentSize : 29 <-- 0.087192 s
currentSize : 30 <-- 0.090970 s
currentSize : 31 <-- 0.122553 s

maxsize : 31
nodes : 88182.000000
filtered : 593742.000000
time : 0.404808
