Parameters: GAD=1 vflib=1 dir=0 label=1 lowerbound=1 fileNameGp=../graphsdb/mcs50/m3D/m3Dr2/mcs50_m3Dr2_s60.A41 fileNameGt=../graphsdb/mcs50/m3D/m3Dr2/mcs50_m3Dr2_s60.B41
Reading graphs...
60 :  144
60 :  142
Initializing...
maxdom : 7
D->valSize : 238
Solving...
Blb : 2 (clique : 20)
currentSize : 20 <-- 0.001976 s
currentSize : 21 <-- 0.003625 s
currentSize : 22 <-- 14.904068 s
currentSize : 23 <-- 14.904196 s
currentSize : 24 <-- 26.121796 s
currentSize : 25 <-- 26.123173 s
currentSize : 26 <-- 26.123552 s
currentSize : 27 <-- 26.223320 s
currentSize : 28 <-- 26.223579 s
currentSize : 29 <-- 26.223768 s

maxsize : 29
nodes : 9387961.000000
filtered : 56396129.000000
time : 33.832500
