Parameters: GAD=1 vflib=1 dir=0 label=1 lowerbound=1 fileNameGp=../graphsdb/mcs50/rand/r02/mcs50_r02_s90.A38 fileNameGt=../graphsdb/mcs50/rand/r02/mcs50_r02_s90.B38
Reading graphs...
90 :  1439
90 :  1452
Initializing...
maxdom : 10
D->valSize : 536
Solving...
Blb : 2 (clique : 10)
currentSize : 10 <-- 0.005896 s
currentSize : 17 <-- 0.006101 s
currentSize : 23 <-- 0.006460 s
currentSize : 31 <-- 0.006959 s
currentSize : 32 <-- 0.007031 s
currentSize : 33 <-- 0.007155 s
currentSize : 34 <-- 0.012137 s

maxsize : 34
nodes : 123162.000000
filtered : 993028.000000
time : 0.622510
