Parameters: GAD=1 vflib=1 dir=0 label=1 lowerbound=1 fileNameGp=../graphsdb/mcs50/bvg/b03m/mcs50_b03m_s40.A64 fileNameGt=../graphsdb/mcs50/bvg/b03m/mcs50_b03m_s40.B64
Reading graphs...
40 :  59
40 :  59
Initializing...
maxdom : 8
D->valSize : 218
Solving...
Blb : 2 (clique : 18)
currentSize : 18 <-- 0.001638 s
currentSize : 19 <-- 0.001746 s
currentSize : 20 <-- 0.002042 s
currentSize : 21 <-- 0.129700 s
currentSize : 22 <-- 0.136510 s
currentSize : 23 <-- 0.404020 s
currentSize : 24 <-- 0.419499 s

maxsize : 24
nodes : 147997.000000
filtered : 1210735.000000
time : 0.469799
