Parameters: GAD=1 vflib=1 dir=0 label=1 lowerbound=1 fileNameGp=../graphsdb/mcs50/rand/r01/mcs50_r01_s30.A46 fileNameGt=../graphsdb/mcs50/rand/r01/mcs50_r01_s30.B46
Reading graphs...
30 :  81
30 :  84
Initializing...
maxdom : 6
D->valSize : 122
Solving...
Blb : 2 (clique : 9)
currentSize : 9 <-- 0.000754 s
currentSize : 10 <-- 0.000817 s
currentSize : 11 <-- 0.002789 s
currentSize : 12 <-- 0.002804 s
currentSize : 13 <-- 0.005594 s
currentSize : 15 <-- 0.011540 s

maxsize : 15
nodes : 4275.000000
filtered : 27338.000000
time : 0.013193
