Parameters: GAD=1 vflib=1 dir=0 label=1 lowerbound=1 fileNameGp=../graphsdb/mcs50/m3D/m3D/mcs50_m3D_s50.A34 fileNameGt=../graphsdb/mcs50/m3D/m3D/mcs50_m3D_s50.B34
Reading graphs...
50 :  108
50 :  109
Initializing...
maxdom : 10
D->valSize : 375
Solving...
Blb : 2 (clique : 18)
currentSize : 18 <-- 0.002864 s
currentSize : 19 <-- 0.013661 s
currentSize : 20 <-- 0.556864 s
currentSize : 21 <-- 0.565904 s
currentSize : 22 <-- 0.763138 s
currentSize : 23 <-- 0.988184 s
currentSize : 24 <-- 1.669963 s
currentSize : 25 <-- 1.670059 s
currentSize : 26 <-- 1.993610 s
currentSize : 27 <-- 2.504622 s
currentSize : 28 <-- 2.504759 s

maxsize : 28
nodes : 1412920.000000
filtered : 13956779.000000
time : 5.883704
