Parameters: GAD=1 vflib=1 dir=0 label=1 lowerbound=1 fileNameGp=../graphsdb/mcs50/bvg/b03m/mcs50_b03m_s70.A81 fileNameGt=../graphsdb/mcs50/bvg/b03m/mcs50_b03m_s70.B81
Reading graphs...
70 :  105
70 :  105
Initializing...
maxdom : 10
D->valSize : 334
Solving...
Blb : 2 (clique : 31)
currentSize : 31 <-- 0.003145 s
currentSize : 32 <-- 0.003369 s
currentSize : 33 <-- 0.003573 s
currentSize : 34 <-- 0.004452 s
currentSize : 35 <-- 0.133805 s
currentSize : 36 <-- 0.942489 s
currentSize : 37 <-- 1.184369 s
currentSize : 38 <-- 5.234331 s
currentSize : 39 <-- 45.213291 s

TIMEOUT
maxsize : 39
nodes : 644793170.000000
filtered : 5398482275.000000
time : 3600.000000
