Parameters: GAD=1 vflib=1 dir=0 label=1 lowerbound=1 fileNameGp=../graphsdb/mcs50/m3D/m3Dr2/mcs50_m3Dr2_s60.A48 fileNameGt=../graphsdb/mcs50/m3D/m3Dr2/mcs50_m3Dr2_s60.B48
Reading graphs...
60 :  144
60 :  143
Initializing...
maxdom : 8
D->valSize : 252
Solving...
Blb : 2 (clique : 17)
currentSize : 17 <-- 0.002018 s
currentSize : 18 <-- 0.002148 s
currentSize : 19 <-- 0.002351 s
currentSize : 20 <-- 0.002578 s
currentSize : 21 <-- 0.007830 s
currentSize : 22 <-- 0.008172 s
currentSize : 23 <-- 0.047379 s
currentSize : 24 <-- 0.077930 s
currentSize : 25 <-- 1.594316 s
currentSize : 26 <-- 2.255019 s
currentSize : 27 <-- 5.885827 s
currentSize : 28 <-- 16.837605 s

maxsize : 28
nodes : 11044735.000000
filtered : 87453531.000000
time : 48.893543
