Parameters: GAD=1 vflib=1 dir=0 label=1 lowerbound=1 fileNameGp=../graphsdb/mcs50/m2D/m2Dr4/mcs50_m2Dr4_s70.A84 fileNameGt=../graphsdb/mcs50/m2D/m2Dr4/mcs50_m2Dr4_s70.B84
Reading graphs...
70 :  148
70 :  150
Initializing...
maxdom : 8
D->valSize : 337
Solving...
Blb : 2 (clique : 26)
currentSize : 26 <-- 0.004598 s
currentSize : 28 <-- 0.004891 s
currentSize : 29 <-- 0.005023 s
currentSize : 30 <-- 0.087949 s
currentSize : 31 <-- 25.439520 s
currentSize : 32 <-- 50.074860 s
currentSize : 33 <-- 52.889557 s
currentSize : 34 <-- 57.732727 s
currentSize : 35 <-- 64.455261 s
currentSize : 36 <-- 64.455635 s
currentSize : 37 <-- 73.494141 s
currentSize : 38 <-- 137.096512 s
currentSize : 39 <-- 171.832687 s
currentSize : 40 <-- 213.394226 s

maxsize : 40
nodes : 65124211.000000
filtered : 404145332.000000
time : 302.500610
