Parameters: GAD=1 vflib=1 dir=0 label=1 lowerbound=1 fileNameGp=../graphsdb/mcs50/m2D/m2Dr4/mcs50_m2Dr4_s90.A66 fileNameGt=../graphsdb/mcs50/m2D/m2Dr4/mcs50_m2Dr4_s90.B66
Reading graphs...
90 :  196
90 :  195
Initializing...
maxdom : 10
D->valSize : 569
Solving...
Blb : 2 (clique : 43)
currentSize : 43 <-- 0.007043 s
currentSize : 44 <-- 0.017625 s
currentSize : 45 <-- 0.143270 s
currentSize : 46 <-- 2.958655 s
currentSize : 47 <-- 3.295826 s
currentSize : 48 <-- 187.381180 s
currentSize : 49 <-- 187.713318 s

TIMEOUT
maxsize : 49
nodes : 568674457.000000
filtered : 6483053461.000000
time : 3600.000000
