Parameters: GAD=1 vflib=1 dir=0 label=1 lowerbound=1 fileNameGp=../graphsdb/mcs50/bvg/b09m/mcs50_b09m_s80.A61 fileNameGt=../graphsdb/mcs50/bvg/b09m/mcs50_b09m_s80.B61
Reading graphs...
80 :  351
80 :  352
Initializing...
maxdom : 9
D->valSize : 437
Solving...
Blb : 2 (clique : 27)
currentSize : 27 <-- 0.004291 s
currentSize : 28 <-- 0.004659 s
currentSize : 29 <-- 0.004692 s
currentSize : 30 <-- 0.004781 s
currentSize : 31 <-- 0.005658 s
currentSize : 34 <-- 5.528844 s
currentSize : 35 <-- 5.528942 s
currentSize : 38 <-- 5.529234 s
currentSize : 39 <-- 5.529294 s

maxsize : 39
nodes : 24239912.000000
filtered : 152870456.000000
time : 113.677757
