Parameters: GAD=1 vflib=1 dir=0 label=1 lowerbound=1 fileNameGp=../graphsdb/mcs50/bvg/b06/mcs50_b06_s100.A49 fileNameGt=../graphsdb/mcs50/bvg/b06/mcs50_b06_s100.B49
Reading graphs...
100 :  298
100 :  299
Initializing...
maxdom : 8
D->valSize : 347
Solving...
Blb : 2 (clique : 32)
currentSize : 32 <-- 0.005862 s
currentSize : 33 <-- 0.711184 s
currentSize : 34 <-- 0.726168 s
currentSize : 35 <-- 5.747920 s
currentSize : 36 <-- 16.879974 s
currentSize : 37 <-- 17.340656 s
currentSize : 38 <-- 17.485863 s
currentSize : 39 <-- 32.980984 s
currentSize : 40 <-- 33.049347 s
currentSize : 41 <-- 33.063099 s
currentSize : 42 <-- 41.626953 s
currentSize : 43 <-- 41.635365 s
currentSize : 44 <-- 41.708042 s
currentSize : 45 <-- 985.299438 s
currentSize : 46 <-- 1412.553589 s
currentSize : 47 <-- 1412.553955 s
currentSize : 48 <-- 1412.689331 s
currentSize : 49 <-- 1412.708740 s
currentSize : 50 <-- 1412.710083 s

maxsize : 50
nodes : 454124890.000000
filtered : 2387663253.000000
time : 2484.711914
