Parameters: GAD=1 vflib=1 dir=0 label=1 lowerbound=1 fileNameGp=../graphsdb/mcs50/rand/r02/mcs50_r02_s90.A81 fileNameGt=../graphsdb/mcs50/rand/r02/mcs50_r02_s90.B81
Reading graphs...
90 :  1434
90 :  1438
Initializing...
maxdom : 10
D->valSize : 542
Solving...
Blb : 2 (clique : 18)
currentSize : 18 <-- 0.005601 s
currentSize : 19 <-- 0.005737 s
currentSize : 32 <-- 0.046804 s
currentSize : 33 <-- 0.046859 s
currentSize : 34 <-- 0.047087 s

maxsize : 34
nodes : 252589.000000
filtered : 1015240.000000
time : 1.109934
