Parameters: GAD=1 vflib=1 dir=0 label=1 lowerbound=1 fileNameGp=../graphsdb/mcs50/bvg/b03/mcs50_b03_s35.A71 fileNameGt=../graphsdb/mcs50/bvg/b03/mcs50_b03_s35.B71
Reading graphs...
35 :  52
35 :  52
Initializing...
maxdom : 6
D->valSize : 169
Solving...
Blb : 2 (clique : 13)
currentSize : 13 <-- 0.001407 s
currentSize : 14 <-- 0.001520 s
currentSize : 15 <-- 0.049184 s
currentSize : 16 <-- 0.062225 s
currentSize : 17 <-- 0.068934 s
currentSize : 18 <-- 1.129945 s

maxsize : 18
nodes : 572023.000000
filtered : 4053800.000000
time : 1.705090
