Parameters: GAD=1 vflib=1 dir=0 label=1 lowerbound=1 fileNameGp=../graphsdb/mcs50/bvg/b06/mcs50_b06_s35.A53 fileNameGt=../graphsdb/mcs50/bvg/b06/mcs50_b06_s35.B53
Reading graphs...
35 :  102
35 :  104
Initializing...
maxdom : 9
D->valSize : 194
Solving...
Blb : 2 (clique : 12)
currentSize : 12 <-- 0.001244 s
currentSize : 13 <-- 0.004911 s
currentSize : 15 <-- 0.047324 s
currentSize : 17 <-- 0.047355 s
currentSize : 18 <-- 0.047412 s

maxsize : 18
nodes : 23415.000000
filtered : 213852.000000
time : 0.077400
