Parameters: GAD=1 vflib=1 dir=0 label=1 lowerbound=1 fileNameGp=../graphsdb/mcs50/m3D/m3Dr6/mcs50_m3Dr6_s60.A09 fileNameGt=../graphsdb/mcs50/m3D/m3Dr6/mcs50_m3Dr6_s60.B09
Reading graphs...
60 :  167
60 :  162
Initializing...
maxdom : 7
D->valSize : 259
Solving...
Blb : 3 (clique : 21)
currentSize : 21 <-- 0.001881 s
currentSize : 22 <-- 13.312245 s
currentSize : 23 <-- 13.880746 s
currentSize : 24 <-- 21.997175 s
currentSize : 25 <-- 22.056822 s
currentSize : 26 <-- 36.607143 s

maxsize : 26
nodes : 13505155.000000
filtered : 102306872.000000
time : 55.383472
