Parameters: GAD=1 vflib=1 dir=0 label=1 lowerbound=1 fileNameGp=../graphsdb/mcs50/m3D/m3Dr6/mcs50_m3Dr6_s60.A28 fileNameGt=../graphsdb/mcs50/m3D/m3Dr6/mcs50_m3Dr6_s60.B28
Reading graphs...
60 :  167
60 :  166
Initializing...
maxdom : 7
D->valSize : 256
Solving...
Blb : 2 (clique : 18)
currentSize : 18 <-- 0.002973 s
currentSize : 19 <-- 0.225725 s
currentSize : 20 <-- 0.506671 s
currentSize : 21 <-- 0.740553 s
currentSize : 22 <-- 1.612337 s
currentSize : 23 <-- 2.952502 s
currentSize : 24 <-- 7.741047 s
currentSize : 25 <-- 15.411614 s
currentSize : 26 <-- 19.481623 s
currentSize : 27 <-- 19.550371 s

maxsize : 27
nodes : 8383821.000000
filtered : 76714388.000000
time : 35.598522
