Parameters: GAD=1 vflib=1 dir=0 label=1 lowerbound=1 fileNameGp=../graphsdb/mcs50/m2D/m2D/mcs50_m2D_s100.A95 fileNameGt=../graphsdb/mcs50/m2D/m2D/mcs50_m2D_s100.B95
Reading graphs...
100 :  180
100 :  180
Initializing...
maxdom : 8
D->valSize : 388
Solving...
Blb : 2 (clique : 42)
currentSize : 42 <-- 0.004289 s
currentSize : 43 <-- 0.050651 s
currentSize : 44 <-- 0.441686 s
currentSize : 45 <-- 3.226183 s
currentSize : 46 <-- 3.328594 s
currentSize : 47 <-- 22.212984 s
currentSize : 48 <-- 553.879822 s
currentSize : 49 <-- 2099.078369 s

TIMEOUT
maxsize : 49
nodes : 680997078.000000
filtered : 3261160347.000000
time : 3600.000000
