Parameters: GAD=1 vflib=1 dir=0 label=1 lowerbound=1 fileNameGp=../graphsdb/mcs50/m3D/m3Dr6/mcs50_m3Dr6_s50.A32 fileNameGt=../graphsdb/mcs50/m3D/m3Dr6/mcs50_m3Dr6_s50.B32
Reading graphs...
50 :  136
50 :  136
Initializing...
maxdom : 10
D->valSize : 337
Solving...
Blb : 2 (clique : 15)
currentSize : 15 <-- 0.002420 s
currentSize : 16 <-- 0.022519 s
currentSize : 17 <-- 0.029466 s
currentSize : 18 <-- 0.029680 s
currentSize : 20 <-- 0.044742 s
currentSize : 21 <-- 0.086254 s
currentSize : 22 <-- 0.088787 s
currentSize : 23 <-- 0.088816 s
currentSize : 24 <-- 0.154476 s
currentSize : 25 <-- 1.484533 s
currentSize : 26 <-- 1.485312 s
currentSize : 27 <-- 1.488153 s

maxsize : 27
nodes : 1176931.000000
filtered : 13790848.000000
time : 5.236689
