Parameters: GAD=1 vflib=1 dir=0 label=1 lowerbound=1 fileNameGp=../graphsdb/mcs50/m2D/m2Dr4/mcs50_m2Dr4_s60.A25 fileNameGt=../graphsdb/mcs50/m2D/m2Dr4/mcs50_m2Dr4_s60.B25
Reading graphs...
60 :  125
60 :  125
Initializing...
maxdom : 7
D->valSize : 225
Solving...
Blb : 2 (clique : 21)
currentSize : 21 <-- 0.001619 s
currentSize : 22 <-- 0.002122 s
currentSize : 23 <-- 0.008810 s
currentSize : 24 <-- 0.405830 s
currentSize : 25 <-- 32.446335 s

maxsize : 25
nodes : 76831949.000000
filtered : 534868071.000000
time : 319.885742
