Parameters: GAD=1 vflib=1 dir=0 label=1 lowerbound=1 fileNameGp=../graphsdb/mcs50/m2D/m2Dr6/mcs50_m2Dr6_s70.A60 fileNameGt=../graphsdb/mcs50/m2D/m2Dr6/mcs50_m2Dr6_s70.B60
Reading graphs...
70 :  162
70 :  162
Initializing...
maxdom : 8
D->valSize : 327
Solving...
Blb : 2 (clique : 30)
currentSize : 30 <-- 0.004510 s
currentSize : 31 <-- 0.009475 s
currentSize : 32 <-- 0.219643 s
currentSize : 34 <-- 0.219682 s
currentSize : 35 <-- 0.239020 s
currentSize : 36 <-- 1.152763 s

maxsize : 36
nodes : 24004991.000000
filtered : 158822303.000000
time : 118.866837
