Parameters: GAD=1 vflib=1 dir=0 label=1 lowerbound=1 fileNameGp=../graphsdb/mcs50/rand/r005/mcs50_r005_s90.A57 fileNameGt=../graphsdb/mcs50/rand/r005/mcs50_r005_s90.B57
Reading graphs...
90 :  393
90 :  389
Initializing...
maxdom : 11
D->valSize : 530
Solving...
Blb : 2 (clique : 22)
currentSize : 22 <-- 0.005948 s
currentSize : 23 <-- 0.035733 s
currentSize : 24 <-- 0.132472 s
currentSize : 25 <-- 6.422779 s
currentSize : 26 <-- 12.787725 s
currentSize : 27 <-- 14.291363 s
currentSize : 28 <-- 28.110811 s
currentSize : 30 <-- 38.803947 s
currentSize : 31 <-- 38.804073 s
currentSize : 32 <-- 47.132702 s
currentSize : 33 <-- 47.132801 s
currentSize : 34 <-- 57.526321 s
currentSize : 35 <-- 63.880424 s
currentSize : 36 <-- 66.739243 s
currentSize : 38 <-- 73.745079 s
currentSize : 39 <-- 121.055260 s
currentSize : 40 <-- 149.994217 s
currentSize : 43 <-- 164.560120 s
currentSize : 44 <-- 164.560242 s

maxsize : 44
nodes : 31697439.000000
filtered : 405365761.000000
time : 202.528366
