Parameters: GAD=1 vflib=1 dir=0 label=1 lowerbound=1 fileNameGp=../graphsdb/mcs50/m2D/m2Dr4/mcs50_m2Dr4_s50.A30 fileNameGt=../graphsdb/mcs50/m2D/m2Dr4/mcs50_m2Dr4_s50.B30
Reading graphs...
50 :  103
50 :  101
Initializing...
maxdom : 10
D->valSize : 340
Solving...
Blb : 2 (clique : 22)
currentSize : 22 <-- 0.002543 s
currentSize : 23 <-- 0.002670 s
currentSize : 24 <-- 0.002772 s
currentSize : 25 <-- 0.003432 s
currentSize : 26 <-- 0.003461 s
currentSize : 27 <-- 0.148177 s
currentSize : 28 <-- 0.399950 s

maxsize : 28
nodes : 1788600.000000
filtered : 23997906.000000
time : 8.659403
