Parameters: GAD=1 vflib=1 dir=0 label=1 lowerbound=1 fileNameGp=../graphsdb/mcs50/bvg/b03/mcs50_b03_s25.A46 fileNameGt=../graphsdb/mcs50/bvg/b03/mcs50_b03_s25.B46
Reading graphs...
25 :  37
25 :  36
Initializing...
maxdom : 12
D->valSize : 184
Solving...
Blb : 2 (clique : 10)
currentSize : 10 <-- 0.000938 s
currentSize : 11 <-- 0.001126 s
currentSize : 12 <-- 0.003795 s
currentSize : 13 <-- 0.007844 s
currentSize : 14 <-- 0.008054 s

maxsize : 14
nodes : 6502.000000
filtered : 87366.000000
time : 0.019155
