Parameters: GAD=1 vflib=1 dir=0 label=1 lowerbound=1 fileNameGp=../graphsdb/mcs50/m2D/m2Dr6/mcs50_m2Dr6_s30.A77 fileNameGt=../graphsdb/mcs50/m2D/m2Dr6/mcs50_m2Dr6_s30.B77
Reading graphs...
30 :  64
30 :  65
Initializing...
maxdom : 8
D->valSize : 133
Solving...
Blb : 2 (clique : 11)
currentSize : 11 <-- 0.000802 s
currentSize : 12 <-- 0.000862 s
currentSize : 13 <-- 0.001106 s
currentSize : 14 <-- 0.002060 s
currentSize : 16 <-- 0.007406 s

maxsize : 16
nodes : 6396.000000
filtered : 54892.000000
time : 0.019863
