Parameters: GAD=1 vflib=1 dir=0 label=1 lowerbound=1 fileNameGp=../graphsdb/mcs50/rand/r01/mcs50_r01_s50.A87 fileNameGt=../graphsdb/mcs50/rand/r01/mcs50_r01_s50.B87
Reading graphs...
50 :  235
50 :  232
Initializing...
maxdom : 11
D->valSize : 363
Solving...
Blb : 2 (clique : 12)
currentSize : 12 <-- 0.002612 s
currentSize : 13 <-- 0.020702 s
currentSize : 14 <-- 0.051485 s
currentSize : 15 <-- 0.051697 s
currentSize : 16 <-- 0.051848 s
currentSize : 18 <-- 0.054930 s
currentSize : 19 <-- 0.086165 s
currentSize : 20 <-- 0.086208 s
currentSize : 25 <-- 0.138748 s

maxsize : 25
nodes : 49548.000000
filtered : 1030893.000000
time : 0.249622
