Parameters: GAD=1 vflib=1 dir=0 label=1 lowerbound=1 fileNameGp=../graphsdb/mcs50/bvg/b06m/mcs50_b06m_s60.A61 fileNameGt=../graphsdb/mcs50/bvg/b06m/mcs50_b06m_s60.B61
Reading graphs...
60 :  175
60 :  174
Initializing...
maxdom : 8
D->valSize : 260
Solving...
Blb : 3 (clique : 21)
currentSize : 21 <-- 0.002934 s
currentSize : 22 <-- 1.110480 s
currentSize : 23 <-- 5.601338 s
currentSize : 27 <-- 7.313921 s
currentSize : 28 <-- 7.314145 s
currentSize : 29 <-- 7.316149 s
currentSize : 30 <-- 7.316207 s

maxsize : 30
nodes : 2285511.000000
filtered : 17261291.000000
time : 9.574168
