Parameters: GAD=1 vflib=1 dir=0 label=1 lowerbound=1 fileNameGp=../graphsdb/mcs50/bvg/b03m/mcs50_b03m_s70.A63 fileNameGt=../graphsdb/mcs50/bvg/b03m/mcs50_b03m_s70.B63
Reading graphs...
70 :  102
70 :  101
Initializing...
maxdom : 8
D->valSize : 381
Solving...
Blb : 2 (clique : 33)
currentSize : 33 <-- 0.003571 s
currentSize : 34 <-- 0.003796 s
currentSize : 35 <-- 0.010625 s
currentSize : 36 <-- 0.599929 s
currentSize : 37 <-- 1200.077881 s
currentSize : 38 <-- 1200.078491 s
currentSize : 39 <-- 1200.657837 s
currentSize : 40 <-- 2275.748047 s

TIMEOUT
maxsize : 40
nodes : 731488907.000000
filtered : 5691723959.000000
time : 3600.000000
