Parameters: GAD=1 vflib=1 dir=0 label=1 lowerbound=1 fileNameGp=../graphsdb/mcs50/rand/r02/mcs50_r02_s80.A53 fileNameGt=../graphsdb/mcs50/rand/r02/mcs50_r02_s80.B53
Reading graphs...
80 :  1136
80 :  1132
Initializing...
maxdom : 8
D->valSize : 418
Solving...
Blb : 2 (clique : 8)
currentSize : 8 <-- 0.003749 s
currentSize : 9 <-- 0.006004 s
currentSize : 10 <-- 0.013565 s
currentSize : 13 <-- 0.031444 s
currentSize : 17 <-- 0.033621 s
currentSize : 18 <-- 0.048048 s
currentSize : 20 <-- 0.050345 s
currentSize : 29 <-- 0.050915 s
currentSize : 30 <-- 0.061292 s

maxsize : 30
nodes : 69558.000000
filtered : 648479.000000
time : 0.435752
