Parameters: GAD=1 vflib=1 dir=0 label=1 lowerbound=1 fileNameGp=../graphsdb/mcs50/bvg/b03m/mcs50_b03m_s60.A81 fileNameGt=../graphsdb/mcs50/bvg/b03m/mcs50_b03m_s60.B81
Reading graphs...
60 :  89
60 :  89
Initializing...
maxdom : 12
D->valSize : 283
Solving...
Blb : 2 (clique : 24)
currentSize : 24 <-- 0.003584 s
currentSize : 25 <-- 0.839048 s
currentSize : 26 <-- 1.356574 s
currentSize : 27 <-- 6.398838 s
currentSize : 28 <-- 18.246740 s
currentSize : 29 <-- 18.260616 s
currentSize : 30 <-- 42.593613 s
currentSize : 31 <-- 138.393951 s
currentSize : 32 <-- 153.330017 s

maxsize : 32
nodes : 45655508.000000
filtered : 304541066.000000
time : 181.390137
