Parameters: GAD=1 vflib=1 dir=0 label=1 lowerbound=1 fileNameGp=../graphsdb/mcs50/m2D/m2Dr6/mcs50_m2Dr6_s60.A79 fileNameGt=../graphsdb/mcs50/m2D/m2Dr6/mcs50_m2Dr6_s60.B79
Reading graphs...
60 :  138
60 :  136
Initializing...
maxdom : 6
D->valSize : 227
Solving...
Blb : 2 (clique : 17)
currentSize : 17 <-- 0.001746 s
currentSize : 18 <-- 0.001847 s
currentSize : 19 <-- 0.001939 s
currentSize : 21 <-- 0.002109 s
currentSize : 22 <-- 0.002179 s
currentSize : 23 <-- 0.002446 s
currentSize : 24 <-- 5.529021 s
currentSize : 25 <-- 12.553199 s
currentSize : 27 <-- 12.556619 s
currentSize : 28 <-- 12.556663 s

maxsize : 28
nodes : 4646085.000000
filtered : 25703798.000000
time : 18.783163
