Parameters: GAD=1 vflib=1 dir=0 label=1 lowerbound=1 fileNameGp=../graphsdb/mcs50/rand/r005/mcs50_r005_s30.A12 fileNameGt=../graphsdb/mcs50/rand/r005/mcs50_r005_s30.B12
Reading graphs...
30 :  47
30 :  46
Initializing...
maxdom : 7
D->valSize : 148
Solving...
Blb : 3 (clique : 12)
currentSize : 12 <-- 0.000815 s
currentSize : 13 <-- 0.003084 s
currentSize : 14 <-- 0.021790 s
currentSize : 15 <-- 0.048979 s
currentSize : 16 <-- 0.061318 s

maxsize : 16
nodes : 28033.000000
filtered : 212169.000000
time : 0.079966
