Parameters: GAD=1 vflib=1 dir=0 label=1 lowerbound=1 fileNameGp=../graphsdb/mcs50/m3D/m3Dr2/mcs50_m3Dr2_s50.A41 fileNameGt=../graphsdb/mcs50/m3D/m3Dr2/mcs50_m3Dr2_s50.B41
Reading graphs...
50 :  118
50 :  119
Initializing...
maxdom : 10
D->valSize : 340
Solving...
Blb : 2 (clique : 22)
currentSize : 22 <-- 0.002513 s
currentSize : 23 <-- 0.425548 s
currentSize : 24 <-- 0.425825 s
currentSize : 25 <-- 2.777612 s
currentSize : 26 <-- 3.560452 s
currentSize : 27 <-- 4.464767 s

maxsize : 27
nodes : 1857839.000000
filtered : 17117741.000000
time : 7.542595
