Parameters: GAD=1 vflib=1 dir=0 label=1 lowerbound=1 fileNameGp=../graphsdb/mcs50/rand/r005/mcs50_r005_s35.A08 fileNameGt=../graphsdb/mcs50/rand/r005/mcs50_r005_s35.B08
Reading graphs...
35 :  60
35 :  61
Initializing...
maxdom : 7
D->valSize : 167
Solving...
Blb : 2 (clique : 13)
currentSize : 13 <-- 0.001414 s
currentSize : 14 <-- 0.001513 s
currentSize : 15 <-- 0.001784 s
currentSize : 16 <-- 0.002472 s
currentSize : 17 <-- 0.004592 s
currentSize : 18 <-- 0.189016 s

maxsize : 18
nodes : 85968.000000
filtered : 942207.000000
time : 0.325165
