Parameters: GAD=1 vflib=1 dir=0 label=1 lowerbound=1 fileNameGp=../graphsdb/mcs50/bvg/b06m/mcs50_b06m_s40.A74 fileNameGt=../graphsdb/mcs50/bvg/b06m/mcs50_b06m_s40.B74
Reading graphs...
40 :  115
40 :  119
Initializing...
maxdom : 9
D->valSize : 254
Solving...
Blb : 2 (clique : 14)
currentSize : 14 <-- 0.001581 s
currentSize : 18 <-- 0.001693 s
currentSize : 19 <-- 0.001739 s
currentSize : 20 <-- 0.001932 s
currentSize : 21 <-- 0.002255 s

maxsize : 21
nodes : 27285.000000
filtered : 413765.000000
time : 0.116723
