Parameters: GAD=1 vflib=1 dir=0 label=1 lowerbound=1 fileNameGp=../graphsdb/mcs50/bvg/b06/mcs50_b06_s50.A14 fileNameGt=../graphsdb/mcs50/bvg/b06/mcs50_b06_s50.B14
Reading graphs...
50 :  150
50 :  148
Initializing...
maxdom : 11
D->valSize : 323
Solving...
Blb : 2 (clique : 21)
currentSize : 21 <-- 0.002761 s
currentSize : 22 <-- 0.002907 s
currentSize : 23 <-- 0.012023 s
currentSize : 26 <-- 0.641215 s
currentSize : 27 <-- 0.642835 s
currentSize : 28 <-- 0.642977 s

maxsize : 28
nodes : 322657.000000
filtered : 4417454.000000
time : 1.497805
