Parameters: GAD=1 vflib=1 dir=0 label=1 lowerbound=1 fileNameGp=../graphsdb/mcs50/m2D/m2Dr2/mcs50_m2Dr2_s60.A51 fileNameGt=../graphsdb/mcs50/m2D/m2Dr2/mcs50_m2Dr2_s60.B51
Reading graphs...
60 :  115
60 :  116
Initializing...
maxdom : 7
D->valSize : 217
Solving...
Blb : 2 (clique : 21)
currentSize : 21 <-- 0.001542 s
currentSize : 22 <-- 0.008619 s
currentSize : 23 <-- 0.008681 s
currentSize : 24 <-- 0.008947 s
currentSize : 26 <-- 3.161617 s
currentSize : 27 <-- 3.251505 s
currentSize : 28 <-- 11.262801 s

maxsize : 28
nodes : 4464421.000000
filtered : 30452346.000000
time : 18.281157
