Parameters: GAD=1 vflib=1 dir=0 label=1 lowerbound=1 fileNameGp=../graphsdb/mcs50/bvg/b06/mcs50_b06_s40.A87 fileNameGt=../graphsdb/mcs50/bvg/b06/mcs50_b06_s40.B87
Reading graphs...
40 :  118
40 :  120
Initializing...
maxdom : 7
D->valSize : 214
Solving...
Blb : 3 (clique : 13)
currentSize : 13 <-- 0.001952 s
currentSize : 17 <-- 0.002060 s
currentSize : 18 <-- 0.002106 s
currentSize : 19 <-- 0.002196 s
currentSize : 22 <-- 0.031093 s

maxsize : 22
nodes : 20653.000000
filtered : 165709.000000
time : 0.079182
