Parameters: GAD=1 vflib=1 dir=0 label=1 lowerbound=1 fileNameGp=../graphsdb/mcs50/bvg/b06m/mcs50_b06m_s100.A35 fileNameGt=../graphsdb/mcs50/bvg/b06m/mcs50_b06m_s100.B35
Reading graphs...
100 :  299
100 :  296
Initializing...
maxdom : 9
D->valSize : 410
Solving...
Blb : 2 (clique : 38)
currentSize : 38 <-- 0.007248 s
currentSize : 39 <-- 0.007952 s
currentSize : 40 <-- 0.083922 s
currentSize : 41 <-- 0.408312 s
currentSize : 42 <-- 0.445470 s
currentSize : 43 <-- 270.166565 s
currentSize : 44 <-- 270.176575 s
currentSize : 45 <-- 270.177277 s
currentSize : 46 <-- 1111.489014 s
currentSize : 47 <-- 2932.309814 s

TIMEOUT
maxsize : 47
nodes : 701136827.000000
filtered : 2999372068.000000
time : 3600.000000
