Parameters: GAD=1 vflib=1 dir=0 label=1 lowerbound=1 fileNameGp=../graphsdb/mcs50/rand/r02/mcs50_r02_s70.A28 fileNameGt=../graphsdb/mcs50/rand/r02/mcs50_r02_s70.B28
Reading graphs...
70 :  860
70 :  866
Initializing...
maxdom : 9
D->valSize : 350
Solving...
Blb : 3 (clique : 8)
currentSize : 8 <-- 0.002872 s
currentSize : 12 <-- 0.003300 s
currentSize : 13 <-- 0.004138 s
currentSize : 14 <-- 0.004169 s
currentSize : 16 <-- 0.005178 s
currentSize : 17 <-- 0.005358 s
currentSize : 18 <-- 0.015684 s
currentSize : 19 <-- 0.015965 s
currentSize : 26 <-- 0.031267 s
currentSize : 27 <-- 0.033148 s

maxsize : 27
nodes : 48041.000000
filtered : 340361.000000
time : 0.206991
