Parameters: GAD=1 vflib=1 dir=0 label=1 lowerbound=1 fileNameGp=../graphsdb/mcs50/m2D/m2Dr4/mcs50_m2Dr4_s60.A92 fileNameGt=../graphsdb/mcs50/m2D/m2Dr4/mcs50_m2Dr4_s60.B92
Reading graphs...
60 :  127
60 :  127
Initializing...
maxdom : 7
D->valSize : 247
Solving...
Blb : 2 (clique : 20)
currentSize : 20 <-- 0.001908 s
currentSize : 21 <-- 0.010088 s
currentSize : 22 <-- 0.081043 s
currentSize : 23 <-- 0.676345 s
currentSize : 24 <-- 1.128674 s
currentSize : 25 <-- 1.944996 s
currentSize : 26 <-- 3.096419 s
currentSize : 27 <-- 346.465240 s
currentSize : 28 <-- 346.703064 s
currentSize : 29 <-- 360.214905 s

maxsize : 29
nodes : 98994764.000000
filtered : 761912363.000000
time : 390.365112
