Parameters: GAD=1 vflib=1 dir=0 label=1 lowerbound=1 fileNameGp=../graphsdb/mcs50/rand/r02/mcs50_r02_s100.A12 fileNameGt=../graphsdb/mcs50/rand/r02/mcs50_r02_s100.B12
Reading graphs...
100 :  1765
100 :  1768
Initializing...
maxdom : 7
D->valSize : 375
Solving...
Blb : 3 (clique : 9)
currentSize : 9 <-- 0.003849 s
currentSize : 13 <-- 0.004083 s
currentSize : 16 <-- 0.005612 s
currentSize : 25 <-- 0.006172 s
currentSize : 27 <-- 0.015426 s
currentSize : 38 <-- 0.019790 s
currentSize : 39 <-- 0.116505 s

maxsize : 39
nodes : 1151704.000000
filtered : 699773.000000
time : 4.360992
