Parameters: GAD=1 vflib=1 dir=0 label=1 lowerbound=1 fileNameGp=../graphsdb/mcs50/bvg/b06/mcs50_b06_s35.A97 fileNameGt=../graphsdb/mcs50/bvg/b06/mcs50_b06_s35.B97
Reading graphs...
35 :  101
35 :  103
Initializing...
maxdom : 6
D->valSize : 155
Solving...
Blb : 2 (clique : 12)
currentSize : 12 <-- 0.000914 s
currentSize : 13 <-- 0.001459 s
currentSize : 14 <-- 0.002008 s
currentSize : 15 <-- 0.002181 s
currentSize : 16 <-- 0.002220 s
currentSize : 17 <-- 0.002779 s

maxsize : 17
nodes : 5580.000000
filtered : 43371.000000
time : 0.018728
