Parameters: GAD=1 vflib=1 dir=0 label=1 lowerbound=1 fileNameGp=../graphsdb/mcs50/bvg/b06m/mcs50_b06m_s25.A28 fileNameGt=../graphsdb/mcs50/bvg/b06m/mcs50_b06m_s25.B28
Reading graphs...
25 :  70
25 :  71
Initializing...
maxdom : 11
D->valSize : 182
Solving...
Blb : 2 (clique : 7)
currentSize : 7 <-- 0.000880 s
currentSize : 8 <-- 0.001093 s
currentSize : 9 <-- 0.002947 s
currentSize : 10 <-- 0.007539 s
currentSize : 11 <-- 0.008195 s
currentSize : 12 <-- 0.017026 s
currentSize : 13 <-- 0.017063 s

maxsize : 13
nodes : 6971.000000
filtered : 97500.000000
time : 0.021906
