Parameters: GAD=1 vflib=1 dir=0 label=1 lowerbound=1 fileNameGp=../graphsdb/mcs50/rand/r005/mcs50_r005_s90.A02 fileNameGt=../graphsdb/mcs50/rand/r005/mcs50_r005_s90.B02
Reading graphs...
90 :  386
90 :  390
Initializing...
maxdom : 11
D->valSize : 518
Solving...
Blb : 2 (clique : 17)
currentSize : 17 <-- 0.005584 s
currentSize : 18 <-- 0.017422 s
currentSize : 19 <-- 0.023998 s
currentSize : 20 <-- 0.062211 s
currentSize : 21 <-- 0.107798 s
currentSize : 22 <-- 0.424659 s
currentSize : 23 <-- 0.757526 s
currentSize : 24 <-- 0.963161 s
currentSize : 25 <-- 4.801888 s
currentSize : 26 <-- 17.658075 s
currentSize : 27 <-- 17.658184 s
currentSize : 28 <-- 53.020599 s
currentSize : 30 <-- 58.649708 s
currentSize : 32 <-- 58.649792 s
currentSize : 33 <-- 69.705742 s
currentSize : 34 <-- 69.705841 s
currentSize : 35 <-- 89.231216 s
currentSize : 36 <-- 100.127167 s
currentSize : 38 <-- 101.344711 s
currentSize : 44 <-- 458.713867 s

maxsize : 44
nodes : 78977311.000000
filtered : 1259505225.000000
time : 541.000244
