Parameters: GAD=1 vflib=1 dir=0 label=1 lowerbound=1 fileNameGp=../graphsdb/mcs50/rand/r01/mcs50_r01_s100.A51 fileNameGt=../graphsdb/mcs50/rand/r01/mcs50_r01_s100.B51
Reading graphs...
100 :  933
100 :  932
Initializing...
maxdom : 6
D->valSize : 358
Solving...
Blb : 3 (clique : 13)
currentSize : 13 <-- 0.003290 s
currentSize : 14 <-- 0.003565 s
currentSize : 15 <-- 0.003641 s
currentSize : 16 <-- 0.004037 s
currentSize : 17 <-- 0.004908 s
currentSize : 19 <-- 0.005009 s
currentSize : 20 <-- 0.005509 s
currentSize : 21 <-- 0.014322 s
currentSize : 26 <-- 0.014818 s
currentSize : 33 <-- 0.042559 s
currentSize : 37 <-- 0.167683 s
currentSize : 38 <-- 0.495474 s
currentSize : 48 <-- 0.648982 s

maxsize : 48
nodes : 153714.000000
filtered : 1636011.000000
time : 1.032291
