Parameters: GAD=1 vflib=1 dir=0 label=1 lowerbound=1 fileNameGp=../graphsdb/mcs50/bvg/b03m/mcs50_b03m_s60.A76 fileNameGt=../graphsdb/mcs50/bvg/b03m/mcs50_b03m_s60.B76
Reading graphs...
60 :  90
60 :  90
Initializing...
maxdom : 9
D->valSize : 242
Solving...
Blb : 5 (clique : 25)
currentSize : 25 <-- 0.001960 s
currentSize : 29 <-- 0.002103 s
currentSize : 30 <-- 0.014010 s
currentSize : 31 <-- 0.184747 s
currentSize : 32 <-- 1.846095 s

maxsize : 32
nodes : 5598884.000000
filtered : 26059482.000000
time : 22.253349
