Parameters: GAD=1 vflib=1 dir=0 label=1 lowerbound=1 fileNameGp=../graphsdb/mcs50/rand/r005/mcs50_r005_s100.A34 fileNameGt=../graphsdb/mcs50/rand/r005/mcs50_r005_s100.B34
Reading graphs...
100 :  484
100 :  481
Initializing...
maxdom : 10
D->valSize : 376
Solving...
Blb : 2 (clique : 21)
currentSize : 21 <-- 0.003805 s
currentSize : 22 <-- 0.003991 s
currentSize : 23 <-- 0.004184 s
currentSize : 24 <-- 0.008837 s
currentSize : 25 <-- 0.034410 s
currentSize : 26 <-- 0.073599 s
currentSize : 27 <-- 0.847671 s
currentSize : 28 <-- 0.853712 s
currentSize : 29 <-- 0.853750 s
currentSize : 30 <-- 1.250510 s
currentSize : 31 <-- 1.250810 s
currentSize : 36 <-- 2.144066 s
currentSize : 39 <-- 7.966737 s
currentSize : 42 <-- 7.967821 s
currentSize : 43 <-- 11.783676 s
currentSize : 44 <-- 14.099528 s
currentSize : 45 <-- 24.104052 s
currentSize : 46 <-- 26.214546 s
currentSize : 48 <-- 33.813713 s

maxsize : 48
nodes : 19317965.000000
filtered : 134939173.000000
time : 115.401497
