Parameters: GAD=1 vflib=1 dir=0 label=1 lowerbound=1 fileNameGp=../graphsdb/mcs50/m4D/m4Dr6/mcs50_m4Dr6_s40.A33 fileNameGt=../graphsdb/mcs50/m4D/m4Dr6/mcs50_m4Dr6_s40.B33
Reading graphs...
40 :  90
40 :  89
Initializing...
maxdom : 9
D->valSize : 245
Solving...
Blb : 2 (clique : 13)
currentSize : 13 <-- 0.002421 s
currentSize : 14 <-- 0.002865 s
currentSize : 15 <-- 0.020395 s
currentSize : 16 <-- 0.045885 s
currentSize : 17 <-- 0.116693 s
currentSize : 18 <-- 0.117011 s
currentSize : 19 <-- 1.813415 s

maxsize : 19
nodes : 934383.000000
filtered : 12146902.000000
time : 3.893664
