Parameters: GAD=1 vflib=1 dir=0 label=1 lowerbound=1 fileNameGp=../graphsdb/mcs50/bvg/b06/mcs50_b06_s80.A78 fileNameGt=../graphsdb/mcs50/bvg/b06/mcs50_b06_s80.B78
Reading graphs...
80 :  236
80 :  238
Initializing...
maxdom : 8
D->valSize : 426
Solving...
Blb : 2 (clique : 22)
currentSize : 22 <-- 0.004105 s
currentSize : 23 <-- 0.004275 s
currentSize : 27 <-- 0.247605 s
currentSize : 28 <-- 1.728215 s
currentSize : 29 <-- 1.728260 s
currentSize : 31 <-- 4.077092 s
currentSize : 32 <-- 8.457651 s
currentSize : 33 <-- 8.460597 s
currentSize : 34 <-- 20.287540 s
currentSize : 35 <-- 640.835571 s
currentSize : 36 <-- 640.835632 s
currentSize : 37 <-- 640.847595 s
currentSize : 38 <-- 640.847717 s
currentSize : 39 <-- 786.972534 s
currentSize : 40 <-- 1435.538086 s
currentSize : 41 <-- 1435.540283 s

maxsize : 41
nodes : 430000249.000000
filtered : 3748397503.000000
time : 2281.734863
