Parameters: GAD=1 vflib=1 dir=0 label=1 lowerbound=1 fileNameGp=../graphsdb/mcs50/bvg/b06m/mcs50_b06m_s25.A86 fileNameGt=../graphsdb/mcs50/bvg/b06m/mcs50_b06m_s25.B86
Reading graphs...
25 :  70
25 :  72
Initializing...
maxdom : 8
D->valSize : 157
Solving...
Blb : 3 (clique : 7)
currentSize : 7 <-- 0.000855 s
currentSize : 8 <-- 0.000920 s
currentSize : 9 <-- 0.001032 s
currentSize : 10 <-- 0.002899 s
currentSize : 12 <-- 0.004667 s

maxsize : 12
nodes : 8509.000000
filtered : 101713.000000
time : 0.026479
