Parameters: GAD=1 vflib=1 dir=0 label=1 lowerbound=1 fileNameGp=../graphsdb/mcs50/bvg/b09m/mcs50_b09m_s70.A76 fileNameGt=../graphsdb/mcs50/bvg/b09m/mcs50_b09m_s70.B76
Reading graphs...
70 :  309
70 :  307
Initializing...
maxdom : 10
D->valSize : 370
Solving...
Blb : 2 (clique : 27)
currentSize : 27 <-- 0.003208 s
currentSize : 28 <-- 0.003378 s
currentSize : 29 <-- 0.003475 s
currentSize : 31 <-- 0.003543 s
currentSize : 32 <-- 0.041183 s
currentSize : 33 <-- 12.855288 s

maxsize : 33
nodes : 5890681.000000
filtered : 42825113.000000
time : 26.956558
