Parameters: GAD=1 vflib=1 dir=0 label=1 lowerbound=1 fileNameGp=../graphsdb/mcs50/rand/r02/mcs50_r02_s30.A73 fileNameGt=../graphsdb/mcs50/rand/r02/mcs50_r02_s30.B73
Reading graphs...
30 :  152
30 :  165
Initializing...
maxdom : 6
D->valSize : 118
Solving...
Blb : 2 (clique : 5)
currentSize : 5 <-- 0.000750 s
currentSize : 6 <-- 0.000794 s
currentSize : 7 <-- 0.001134 s
currentSize : 9 <-- 0.001237 s
currentSize : 10 <-- 0.001442 s
currentSize : 11 <-- 0.001464 s
currentSize : 14 <-- 0.001499 s

maxsize : 14
nodes : 675.000000
filtered : 6891.000000
time : 0.002668
