Parameters: GAD=1 vflib=1 dir=0 label=1 lowerbound=1 fileNameGp=../graphsdb/mcs50/m2D/m2D/mcs50_m2D_s40.A48 fileNameGt=../graphsdb/mcs50/m2D/m2D/mcs50_m2D_s40.B48
Reading graphs...
40 :  67
40 :  67
Initializing...
maxdom : 8
D->valSize : 196
Solving...
Blb : 2 (clique : 15)
currentSize : 15 <-- 0.001150 s
currentSize : 16 <-- 0.001590 s
currentSize : 17 <-- 0.049813 s
currentSize : 18 <-- 0.339773 s
currentSize : 19 <-- 0.366414 s
currentSize : 20 <-- 0.664717 s

maxsize : 20
nodes : 591659.000000
filtered : 3996121.000000
time : 1.717532
