Parameters: GAD=1 vflib=1 dir=0 label=1 lowerbound=1 fileNameGp=../graphsdb/mcs50/rand/r01/mcs50_r01_s40.A60 fileNameGt=../graphsdb/mcs50/rand/r01/mcs50_r01_s40.B60
Reading graphs...
40 :  145
40 :  147
Initializing...
maxdom : 8
D->valSize : 241
Solving...
Blb : 2 (clique : 11)
currentSize : 11 <-- 0.001388 s
currentSize : 12 <-- 0.001449 s
currentSize : 13 <-- 0.001466 s
currentSize : 14 <-- 0.036341 s
currentSize : 15 <-- 0.044303 s
currentSize : 19 <-- 0.098231 s

maxsize : 19
nodes : 37034.000000
filtered : 539998.000000
time : 0.150747
