Parameters: GAD=1 vflib=1 dir=0 label=1 lowerbound=1 fileNameGp=../graphsdb/mcs50/m2D/m2Dr2/mcs50_m2Dr2_s40.A74 fileNameGt=../graphsdb/mcs50/m2D/m2Dr2/mcs50_m2Dr2_s40.B74
Reading graphs...
40 :  71
40 :  72
Initializing...
maxdom : 7
D->valSize : 204
Solving...
Blb : 3 (clique : 15)
currentSize : 15 <-- 0.001294 s
currentSize : 16 <-- 0.001781 s
currentSize : 17 <-- 0.004511 s
currentSize : 18 <-- 0.022117 s
currentSize : 19 <-- 0.131353 s
currentSize : 20 <-- 0.504773 s

maxsize : 20
nodes : 581216.000000
filtered : 5731357.000000
time : 2.050268
