Parameters: GAD=1 vflib=1 dir=0 label=1 lowerbound=1 fileNameGp=../graphsdb/mcs50/bvg/b06/mcs50_b06_s70.A44 fileNameGt=../graphsdb/mcs50/bvg/b06/mcs50_b06_s70.B44
Reading graphs...
70 :  207
70 :  209
Initializing...
maxdom : 10
D->valSize : 370
Solving...
Blb : 2 (clique : 25)
currentSize : 25 <-- 0.005123 s
currentSize : 26 <-- 0.005373 s
currentSize : 27 <-- 0.027504 s
currentSize : 28 <-- 0.027741 s
currentSize : 29 <-- 6.434283 s
currentSize : 30 <-- 6.633673 s
currentSize : 33 <-- 15.700521 s
currentSize : 34 <-- 15.700592 s
currentSize : 35 <-- 15.781983 s
currentSize : 36 <-- 15.782021 s
currentSize : 37 <-- 15.782107 s
currentSize : 38 <-- 15.782351 s

maxsize : 38
nodes : 5289353.000000
filtered : 59843359.000000
time : 27.037689
