Parameters: GAD=1 vflib=1 dir=0 label=1 lowerbound=1 fileNameGp=../graphsdb/mcs50/m2D/m2Dr6/mcs50_m2Dr6_s80.A27 fileNameGt=../graphsdb/mcs50/m2D/m2Dr6/mcs50_m2Dr6_s80.B27
Reading graphs...
80 :  189
80 :  187
Initializing...
maxdom : 10
D->valSize : 448
Solving...
Blb : 2 (clique : 27)
currentSize : 27 <-- 0.004480 s
currentSize : 28 <-- 0.004693 s
currentSize : 30 <-- 0.004847 s
currentSize : 31 <-- 0.326488 s
currentSize : 32 <-- 0.652009 s
currentSize : 33 <-- 514.742798 s
currentSize : 34 <-- 1825.765625 s

TIMEOUT
maxsize : 34
nodes : 687982256.000000
filtered : 6627832458.000000
time : 3600.000000
