Parameters: GAD=1 vflib=1 dir=0 label=1 lowerbound=1 fileNameGp=../graphsdb/mcs50/bvg/b06/mcs50_b06_s100.A23 fileNameGt=../graphsdb/mcs50/bvg/b06/mcs50_b06_s100.B23
Reading graphs...
100 :  298
100 :  300
Initializing...
maxdom : 8
D->valSize : 355
Solving...
Blb : 3 (clique : 34)
currentSize : 34 <-- 0.003715 s
currentSize : 35 <-- 10.672191 s
currentSize : 37 <-- 28.642365 s
currentSize : 38 <-- 65.649437 s
currentSize : 39 <-- 253.228241 s
currentSize : 40 <-- 253.228378 s
currentSize : 41 <-- 254.591141 s
currentSize : 42 <-- 799.315369 s
currentSize : 43 <-- 2558.212402 s
currentSize : 44 <-- 2558.368164 s
currentSize : 45 <-- 2890.999268 s
currentSize : 46 <-- 2890.999756 s
currentSize : 47 <-- 3536.553711 s

TIMEOUT
maxsize : 47
nodes : 699139684.000000
filtered : 2840182227.000000
time : 3600.000000
