Parameters: GAD=1 vflib=1 dir=0 label=1 lowerbound=1 fileNameGp=../graphsdb/mcs50/rand/r005/mcs50_r005_s35.A23 fileNameGt=../graphsdb/mcs50/rand/r005/mcs50_r005_s35.B23
Reading graphs...
35 :  60
35 :  60
Initializing...
maxdom : 7
D->valSize : 159
Solving...
Blb : 2 (clique : 14)
currentSize : 14 <-- 0.000931 s
currentSize : 15 <-- 0.001074 s
currentSize : 16 <-- 0.001179 s
currentSize : 17 <-- 0.003059 s
currentSize : 18 <-- 0.051465 s

maxsize : 18
nodes : 28274.000000
filtered : 239301.000000
time : 0.088928
