Parameters: GAD=1 vflib=1 dir=0 label=1 lowerbound=1 fileNameGp=../graphsdb/mcs50/m2D/m2Dr6/mcs50_m2Dr6_s80.A85 fileNameGt=../graphsdb/mcs50/m2D/m2Dr6/mcs50_m2Dr6_s80.B85
Reading graphs...
80 :  187
80 :  188
Initializing...
maxdom : 8
D->valSize : 419
Solving...
Blb : 3 (clique : 26)
currentSize : 26 <-- 0.004317 s
currentSize : 27 <-- 0.005394 s
currentSize : 28 <-- 22.340916 s
currentSize : 29 <-- 29.368147 s
currentSize : 30 <-- 132.718216 s
currentSize : 31 <-- 1205.210083 s

TIMEOUT
maxsize : 31
nodes : 760160194.000000
filtered : 5182473944.000000
time : 3600.000000
