Parameters: GAD=1 vflib=1 dir=0 label=1 lowerbound=1 fileNameGp=../graphsdb/mcs50/bvg/b06/mcs50_b06_s70.A59 fileNameGt=../graphsdb/mcs50/bvg/b06/mcs50_b06_s70.B59
Reading graphs...
70 :  210
70 :  209
Initializing...
maxdom : 9
D->valSize : 328
Solving...
Blb : 2 (clique : 18)
currentSize : 18 <-- 0.004402 s
currentSize : 19 <-- 0.014480 s
currentSize : 20 <-- 0.078260 s
currentSize : 21 <-- 0.301443 s
currentSize : 22 <-- 1.077820 s
currentSize : 23 <-- 1.077955 s
currentSize : 24 <-- 1.244108 s
currentSize : 25 <-- 7.987785 s
currentSize : 26 <-- 8.223741 s
currentSize : 27 <-- 11.795876 s
currentSize : 28 <-- 34.060699 s
currentSize : 29 <-- 44.362511 s
currentSize : 30 <-- 50.747799 s
currentSize : 31 <-- 92.825653 s
currentSize : 32 <-- 105.201286 s
currentSize : 33 <-- 105.841034 s
currentSize : 34 <-- 265.102203 s
currentSize : 35 <-- 276.263885 s

maxsize : 35
nodes : 58474019.000000
filtered : 603991361.000000
time : 294.767517
