Parameters: GAD=1 vflib=1 dir=0 label=1 lowerbound=1 fileNameGp=../graphsdb/mcs50/m2D/m2Dr2/mcs50_m2Dr2_s60.A41 fileNameGt=../graphsdb/mcs50/m2D/m2Dr2/mcs50_m2Dr2_s60.B41
Reading graphs...
60 :  115
60 :  115
Initializing...
maxdom : 8
D->valSize : 238
Solving...
Blb : 3 (clique : 23)
currentSize : 23 <-- 0.001956 s
currentSize : 24 <-- 12.176257 s
currentSize : 25 <-- 22.648680 s
currentSize : 26 <-- 65.437263 s
currentSize : 27 <-- 65.438026 s
currentSize : 28 <-- 65.455360 s

maxsize : 28
nodes : 25025039.000000
filtered : 148289696.000000
time : 88.755157
