Parameters: GAD=1 vflib=1 dir=0 label=1 lowerbound=1 fileNameGp=../graphsdb/mcs50/m2D/m2Dr4/mcs50_m2Dr4_s80.A55 fileNameGt=../graphsdb/mcs50/m2D/m2Dr4/mcs50_m2Dr4_s80.B55
Reading graphs...
80 :  174
80 :  173
Initializing...
maxdom : 13
D->valSize : 458
Solving...
Blb : 2 (clique : 29)
currentSize : 29 <-- 0.004891 s
currentSize : 30 <-- 0.005114 s
currentSize : 31 <-- 0.005316 s
currentSize : 32 <-- 0.005795 s
currentSize : 33 <-- 0.006922 s
currentSize : 34 <-- 0.059925 s
currentSize : 35 <-- 0.216544 s
currentSize : 36 <-- 2264.194824 s

TIMEOUT
maxsize : 36
nodes : 657904850.000000
filtered : 5577849502.000000
time : 3600.000000
