Parameters: GAD=1 vflib=1 dir=0 label=1 lowerbound=1 fileNameGp=../graphsdb/mcs50/bvg/b03m/mcs50_b03m_s35.A92 fileNameGt=../graphsdb/mcs50/bvg/b03m/mcs50_b03m_s35.B92
Reading graphs...
35 :  51
35 :  51
Initializing...
maxdom : 7
D->valSize : 172
Solving...
Blb : 2 (clique : 14)
currentSize : 14 <-- 0.001024 s
currentSize : 15 <-- 0.001106 s
currentSize : 16 <-- 0.001261 s
currentSize : 17 <-- 0.003148 s
currentSize : 18 <-- 0.005454 s
currentSize : 19 <-- 0.005596 s
currentSize : 20 <-- 0.006989 s

maxsize : 20
nodes : 15497.000000
filtered : 119984.000000
time : 0.052551
