Parameters: GAD=1 vflib=1 dir=0 label=1 lowerbound=1 fileNameGp=../graphsdb/mcs50/bvg/b06/mcs50_b06_s100.A18 fileNameGt=../graphsdb/mcs50/bvg/b06/mcs50_b06_s100.B18
Reading graphs...
100 :  300
100 :  299
Initializing...
maxdom : 6
D->valSize : 358
Solving...
Blb : 3 (clique : 37)
currentSize : 37 <-- 0.003698 s
currentSize : 38 <-- 0.004084 s
currentSize : 39 <-- 0.008596 s
currentSize : 40 <-- 0.008686 s
currentSize : 41 <-- 0.046306 s
currentSize : 42 <-- 4.122620 s
currentSize : 43 <-- 36.409473 s
currentSize : 45 <-- 59.831135 s
currentSize : 46 <-- 59.831230 s
currentSize : 47 <-- 59.831627 s
currentSize : 48 <-- 59.831734 s
currentSize : 49 <-- 62.622257 s
currentSize : 50 <-- 62.674400 s

TIMEOUT
maxsize : 50
nodes : 726345789.000000
filtered : 2654262688.000000
time : 3600.000000
