Parameters: GAD=1 vflib=1 dir=0 label=1 lowerbound=1 fileNameGp=../graphsdb/mcs50/m2D/m2Dr2/mcs50_m2Dr2_s80.A47 fileNameGt=../graphsdb/mcs50/m2D/m2Dr2/mcs50_m2Dr2_s80.B47
Reading graphs...
80 :  158
80 :  157
Initializing...
maxdom : 8
D->valSize : 426
Solving...
Blb : 2 (clique : 30)
currentSize : 30 <-- 0.004323 s
currentSize : 31 <-- 0.906190 s
currentSize : 32 <-- 1.635583 s
currentSize : 33 <-- 3.815585 s
currentSize : 34 <-- 4.265356 s
currentSize : 35 <-- 4.409038 s
currentSize : 36 <-- 9.965878 s
currentSize : 37 <-- 241.406326 s

TIMEOUT
maxsize : 37
nodes : 689152900.000000
filtered : 5719245529.000000
time : 3600.000000
