Parameters: GAD=1 vflib=1 dir=0 label=1 lowerbound=1 fileNameGp=../graphsdb/mcs50/m2D/m2Dr6/mcs50_m2Dr6_s100.A57 fileNameGt=../graphsdb/mcs50/m2D/m2Dr6/mcs50_m2Dr6_s100.B57
Reading graphs...
100 :  238
100 :  238
Initializing...
maxdom : 8
D->valSize : 416
Solving...
Blb : 2 (clique : 38)
currentSize : 38 <-- 0.004486 s
currentSize : 39 <-- 0.005069 s
currentSize : 40 <-- 12.690684 s
currentSize : 41 <-- 96.505600 s
currentSize : 42 <-- 104.742821 s
currentSize : 43 <-- 2713.633545 s

TIMEOUT
maxsize : 43
nodes : 658690929.000000
filtered : 3336477790.000000
time : 3600.000000
