Parameters: GAD=1 vflib=1 dir=0 label=1 lowerbound=1 fileNameGp=../graphsdb/mcs50/m2D/m2Dr4/mcs50_m2Dr4_s90.A23 fileNameGt=../graphsdb/mcs50/m2D/m2Dr4/mcs50_m2Dr4_s90.B23
Reading graphs...
90 :  196
90 :  196
Initializing...
maxdom : 9
D->valSize : 544
Solving...
Blb : 2 (clique : 39)
currentSize : 39 <-- 0.006435 s
currentSize : 40 <-- 306.304047 s
currentSize : 41 <-- 306.306305 s
currentSize : 42 <-- 568.268188 s
currentSize : 43 <-- 1459.404541 s
currentSize : 44 <-- 1483.694336 s
currentSize : 45 <-- 1483.788330 s
currentSize : 46 <-- 3254.003418 s

TIMEOUT
maxsize : 46
nodes : 656921519.000000
filtered : 4995358676.000000
time : 3600.000000
