Parameters: GAD=1 vflib=1 dir=0 label=1 lowerbound=1 fileNameGp=../graphsdb/mcs50/bvg/b03m/mcs50_b03m_s70.A93 fileNameGt=../graphsdb/mcs50/bvg/b03m/mcs50_b03m_s70.B93
Reading graphs...
70 :  105
70 :  105
Initializing...
maxdom : 11
D->valSize : 327
Solving...
Blb : 2 (clique : 27)
currentSize : 27 <-- 0.005099 s
currentSize : 28 <-- 0.005421 s
currentSize : 29 <-- 0.050397 s
currentSize : 31 <-- 1.223697 s
currentSize : 32 <-- 1.223913 s
currentSize : 33 <-- 3.319171 s
currentSize : 34 <-- 3.409744 s
currentSize : 35 <-- 45.668816 s
currentSize : 36 <-- 45.670383 s
currentSize : 37 <-- 45.707844 s
currentSize : 38 <-- 51.093002 s
currentSize : 39 <-- 87.222572 s

maxsize : 39
nodes : 225062321.000000
filtered : 1385271157.000000
time : 1055.659546
