Parameters: GAD=1 vflib=1 dir=0 label=1 lowerbound=1 fileNameGp=../graphsdb/mcs50/bvg/b09m/mcs50_b09m_s50.A30 fileNameGt=../graphsdb/mcs50/bvg/b09m/mcs50_b09m_s50.B30
Reading graphs...
50 :  217
50 :  217
Initializing...
maxdom : 9
D->valSize : 331
Solving...
Blb : 2 (clique : 16)
currentSize : 16 <-- 0.002418 s
currentSize : 18 <-- 0.215316 s
currentSize : 19 <-- 0.421944 s
currentSize : 20 <-- 0.422031 s
currentSize : 22 <-- 0.521011 s
currentSize : 23 <-- 1.419629 s

maxsize : 23
nodes : 377638.000000
filtered : 5854384.000000
time : 1.826173
