Parameters: GAD=1 vflib=1 dir=0 label=1 lowerbound=1 fileNameGp=../graphsdb/mcs50/rand/r01/mcs50_r01_s100.A88 fileNameGt=../graphsdb/mcs50/rand/r01/mcs50_r01_s100.B88
Reading graphs...
100 :  945
100 :  940
Initializing...
maxdom : 9
D->valSize : 358
Solving...
Blb : 2 (clique : 21)
currentSize : 21 <-- 0.003636 s
currentSize : 25 <-- 0.003810 s
currentSize : 27 <-- 0.004252 s
currentSize : 29 <-- 0.004361 s
currentSize : 30 <-- 0.004749 s
currentSize : 32 <-- 0.005044 s
currentSize : 36 <-- 0.005694 s
currentSize : 41 <-- 0.232722 s
currentSize : 49 <-- 0.233171 s

maxsize : 49
nodes : 71876.000000
filtered : 743241.000000
time : 0.503006
