Parameters: GAD=1 vflib=1 dir=0 label=1 lowerbound=1 fileNameGp=../graphsdb/mcs50/bvg/b09m/mcs50_b09m_s60.A68 fileNameGt=../graphsdb/mcs50/bvg/b09m/mcs50_b09m_s60.B68
Reading graphs...
60 :  263
60 :  264
Initializing...
maxdom : 6
D->valSize : 243
Solving...
Blb : 3 (clique : 17)
currentSize : 17 <-- 0.001695 s
currentSize : 19 <-- 0.001833 s
currentSize : 21 <-- 0.001872 s
currentSize : 24 <-- 0.001984 s
currentSize : 25 <-- 0.007929 s
currentSize : 26 <-- 0.018320 s
currentSize : 27 <-- 0.063238 s
currentSize : 28 <-- 0.177253 s
currentSize : 29 <-- 0.190214 s

maxsize : 29
nodes : 282926.000000
filtered : 1458803.000000
time : 1.157659
