Parameters: GAD=1 vflib=1 dir=0 label=1 lowerbound=1 fileNameGp=../graphsdb/mcs50/m2D/m2Dr6/mcs50_m2Dr6_s80.A57 fileNameGt=../graphsdb/mcs50/m2D/m2Dr6/mcs50_m2Dr6_s80.B57
Reading graphs...
80 :  188
80 :  184
Initializing...
maxdom : 9
D->valSize : 403
Solving...
Blb : 2 (clique : 28)
currentSize : 28 <-- 0.006280 s
currentSize : 30 <-- 0.011419 s
currentSize : 31 <-- 0.043402 s
currentSize : 32 <-- 0.506335 s
currentSize : 33 <-- 1.865822 s
currentSize : 34 <-- 17.014240 s
currentSize : 35 <-- 50.466434 s
currentSize : 36 <-- 61.179779 s
currentSize : 37 <-- 92.786514 s

TIMEOUT
maxsize : 37
nodes : 651736769.000000
filtered : 6457996712.000000
time : 3600.000000
