Parameters: GAD=1 vflib=1 dir=0 label=1 lowerbound=1 fileNameGp=../graphsdb/mcs50/bvg/b09m/mcs50_b09m_s100.A49 fileNameGt=../graphsdb/mcs50/bvg/b09m/mcs50_b09m_s100.B49
Reading graphs...
100 :  441
100 :  442
Initializing...
maxdom : 9
D->valSize : 398
Solving...
Blb : 2 (clique : 33)
currentSize : 33 <-- 0.004339 s
currentSize : 34 <-- 0.004647 s
currentSize : 35 <-- 0.004823 s
currentSize : 36 <-- 0.005005 s
currentSize : 37 <-- 0.005178 s
currentSize : 38 <-- 0.006013 s
currentSize : 39 <-- 0.006466 s
currentSize : 40 <-- 0.013823 s
currentSize : 43 <-- 0.070032 s
currentSize : 45 <-- 0.070165 s
currentSize : 46 <-- 0.070381 s
currentSize : 47 <-- 53.141083 s

maxsize : 47
nodes : 75893969.000000
filtered : 330064684.000000
time : 395.045746
