Parameters: GAD=1 vflib=1 dir=0 label=1 lowerbound=1 fileNameGp=../graphsdb/mcs50/bvg/b06/mcs50_b06_s60.A66 fileNameGt=../graphsdb/mcs50/bvg/b06/mcs50_b06_s60.B66
Reading graphs...
60 :  180
60 :  178
Initializing...
maxdom : 7
D->valSize : 247
Solving...
Blb : 2 (clique : 23)
currentSize : 23 <-- 0.001784 s
currentSize : 24 <-- 0.003468 s
currentSize : 25 <-- 0.007906 s
currentSize : 26 <-- 2.451855 s
currentSize : 27 <-- 3.523633 s
currentSize : 30 <-- 4.053011 s
currentSize : 31 <-- 4.055145 s

maxsize : 31
nodes : 2165895.000000
filtered : 12260434.000000
time : 8.648485
