Parameters: GAD=1 vflib=1 dir=0 label=1 lowerbound=1 fileNameGp=../graphsdb/mcs50/bvg/b09/mcs50_b09_s50.A95 fileNameGt=../graphsdb/mcs50/bvg/b09/mcs50_b09_s50.B95
Reading graphs...
50 :  220
50 :  221
Initializing...
maxdom : 9
D->valSize : 339
Solving...
Blb : 3 (clique : 12)
currentSize : 12 <-- 0.002874 s
currentSize : 14 <-- 0.002962 s
currentSize : 15 <-- 0.003512 s
currentSize : 17 <-- 0.024791 s
currentSize : 18 <-- 0.024824 s
currentSize : 19 <-- 0.043533 s
currentSize : 23 <-- 0.225464 s
currentSize : 24 <-- 0.475908 s
currentSize : 25 <-- 0.598626 s

maxsize : 25
nodes : 261508.000000
filtered : 2744982.000000
time : 1.007202
