Parameters: GAD=1 vflib=1 dir=0 label=1 lowerbound=1 fileNameGp=../graphsdb/mcs50/m2D/m2Dr2/mcs50_m2Dr2_s80.A80 fileNameGt=../graphsdb/mcs50/m2D/m2Dr2/mcs50_m2Dr2_s80.B80
Reading graphs...
80 :  158
80 :  157
Initializing...
maxdom : 11
D->valSize : 455
Solving...
Blb : 2 (clique : 35)
currentSize : 35 <-- 0.007723 s
currentSize : 36 <-- 0.008128 s
currentSize : 37 <-- 0.008502 s
currentSize : 38 <-- 0.009523 s
currentSize : 39 <-- 0.275944 s
currentSize : 40 <-- 0.301126 s

TIMEOUT
maxsize : 40
nodes : 560544871.000000
filtered : 7069159754.000000
time : 3600.000000
