Parameters: GAD=1 vflib=1 dir=0 label=1 lowerbound=1 fileNameGp=../graphsdb/mcs50/bvg/b03/mcs50_b03_s70.A55 fileNameGt=../graphsdb/mcs50/bvg/b03/mcs50_b03_s70.B55
Reading graphs...
70 :  105
70 :  105
Initializing...
maxdom : 8
D->valSize : 365
Solving...
Blb : 2 (clique : 29)
currentSize : 29 <-- 0.003249 s
currentSize : 33 <-- 0.003442 s
currentSize : 34 <-- 0.003555 s
currentSize : 35 <-- 0.006159 s
currentSize : 36 <-- 0.011414 s
currentSize : 37 <-- 0.029043 s
currentSize : 38 <-- 65.926262 s
currentSize : 39 <-- 66.151146 s
currentSize : 40 <-- 299.475891 s

TIMEOUT
maxsize : 40
nodes : 718232489.000000
filtered : 6344788807.000000
time : 3600.000000
