Parameters: GAD=1 vflib=1 dir=0 label=1 lowerbound=1 fileNameGp=../graphsdb/mcs50/bvg/b09m/mcs50_b09m_s90.A10 fileNameGt=../graphsdb/mcs50/bvg/b09m/mcs50_b09m_s90.B10
Reading graphs...
90 :  398
90 :  399
Initializing...
maxdom : 9
D->valSize : 527
Solving...
Blb : 2 (clique : 24)
currentSize : 24 <-- 0.009603 s
currentSize : 27 <-- 0.010039 s
currentSize : 31 <-- 0.010852 s
currentSize : 32 <-- 0.010969 s
currentSize : 33 <-- 0.012108 s
currentSize : 34 <-- 0.018357 s
currentSize : 38 <-- 0.277373 s
currentSize : 39 <-- 0.277641 s
currentSize : 40 <-- 0.350699 s
currentSize : 41 <-- 0.351595 s
currentSize : 42 <-- 20.826342 s

maxsize : 42
nodes : 429502357.000000
filtered : 2535255251.000000
time : 2297.092041
