Parameters: GAD=1 vflib=1 dir=0 label=1 lowerbound=1 fileNameGp=../graphsdb/mcs50/bvg/b03m/mcs50_b03m_s50.A70 fileNameGt=../graphsdb/mcs50/bvg/b03m/mcs50_b03m_s50.B70
Reading graphs...
50 :  75
50 :  74
Initializing...
maxdom : 9
D->valSize : 336
Solving...
Blb : 2 (clique : 24)
currentSize : 24 <-- 0.002593 s
currentSize : 25 <-- 0.004770 s
currentSize : 26 <-- 0.026579 s
currentSize : 27 <-- 2.431583 s
currentSize : 28 <-- 79.310287 s

maxsize : 28
nodes : 133893395.000000
filtered : 1945870316.000000
time : 657.837097
