Parameters: GAD=1 vflib=1 dir=0 label=1 lowerbound=1 fileNameGp=../graphsdb/mcs50/bvg/b06m/mcs50_b06m_s25.A17 fileNameGt=../graphsdb/mcs50/bvg/b06m/mcs50_b06m_s25.B17
Reading graphs...
25 :  71
25 :  70
Initializing...
maxdom : 10
D->valSize : 180
Solving...
Blb : 2 (clique : 8)
currentSize : 8 <-- 0.000818 s
currentSize : 9 <-- 0.001416 s
currentSize : 10 <-- 0.003651 s
currentSize : 11 <-- 0.005036 s
currentSize : 12 <-- 0.005161 s
currentSize : 13 <-- 0.005217 s

maxsize : 13
nodes : 3583.000000
filtered : 49106.000000
time : 0.012212
