Parameters: GAD=1 vflib=1 dir=0 label=1 lowerbound=1 fileNameGp=../graphsdb/mcs50/bvg/b09m/mcs50_b09m_s100.A90 fileNameGt=../graphsdb/mcs50/bvg/b09m/mcs50_b09m_s100.B90
Reading graphs...
100 :  443
100 :  448
Initializing...
maxdom : 8
D->valSize : 400
Solving...
Blb : 2 (clique : 38)
currentSize : 38 <-- 0.004144 s
currentSize : 41 <-- 0.006747 s
currentSize : 42 <-- 0.006840 s
currentSize : 46 <-- 0.337117 s
currentSize : 47 <-- 7.191680 s
currentSize : 49 <-- 7.191921 s

maxsize : 49
nodes : 104366993.000000
filtered : 490270029.000000
time : 565.867798
