Parameters: GAD=1 vflib=1 dir=0 label=1 lowerbound=1 fileNameGp=../graphsdb/mcs50/rand/r01/mcs50_r01_s100.A60 fileNameGt=../graphsdb/mcs50/rand/r01/mcs50_r01_s100.B60
Reading graphs...
100 :  950
100 :  934
Initializing...
maxdom : 6
D->valSize : 372
Solving...
Blb : 2 (clique : 19)
currentSize : 19 <-- 0.005746 s
currentSize : 20 <-- 0.006949 s
currentSize : 21 <-- 0.010176 s
currentSize : 24 <-- 0.021816 s
currentSize : 26 <-- 0.035541 s
currentSize : 31 <-- 0.064752 s
currentSize : 34 <-- 0.104607 s
currentSize : 37 <-- 0.107613 s
currentSize : 39 <-- 0.438872 s
currentSize : 47 <-- 0.439342 s

maxsize : 47
nodes : 247912.000000
filtered : 2011461.000000
time : 1.564223
