Parameters: GAD=1 vflib=1 dir=0 label=1 lowerbound=1 fileNameGp=../graphsdb/mcs50/m2D/m2D/mcs50_m2D_s30.A55 fileNameGt=../graphsdb/mcs50/m2D/m2D/mcs50_m2D_s30.B55
Reading graphs...
30 :  49
30 :  47
Initializing...
maxdom : 6
D->valSize : 119
Solving...
Blb : 3 (clique : 12)
currentSize : 12 <-- 0.000721 s
currentSize : 13 <-- 0.000777 s
currentSize : 14 <-- 0.001359 s
currentSize : 15 <-- 0.007344 s
currentSize : 16 <-- 0.009216 s
currentSize : 17 <-- 0.010636 s
currentSize : 18 <-- 0.010703 s

maxsize : 18
nodes : 4543.000000
filtered : 20864.000000
time : 0.012545
