Parameters: GAD=1 vflib=1 dir=0 label=1 lowerbound=1 fileNameGp=../graphsdb/mcs50/bvg/b09/mcs50_b09_s80.A06 fileNameGt=../graphsdb/mcs50/bvg/b09/mcs50_b09_s80.B06
Reading graphs...
80 :  358
80 :  354
Initializing...
maxdom : 8
D->valSize : 447
Solving...
Blb : 2 (clique : 21)
currentSize : 21 <-- 0.004435 s
currentSize : 24 <-- 0.004814 s
currentSize : 26 <-- 0.005629 s
currentSize : 30 <-- 0.006590 s
currentSize : 31 <-- 0.007514 s
currentSize : 32 <-- 0.047850 s
currentSize : 33 <-- 9.224807 s
currentSize : 35 <-- 9.225131 s
currentSize : 37 <-- 9.227600 s
currentSize : 38 <-- 9.241370 s
currentSize : 39 <-- 24.151320 s
currentSize : 40 <-- 24.239029 s

maxsize : 40
nodes : 16565549.000000
filtered : 122435182.000000
time : 85.696205
