Parameters: GAD=1 vflib=1 dir=0 label=1 lowerbound=1 fileNameGp=../graphsdb/mcs50/m2D/m2Dr6/mcs50_m2Dr6_s100.A44 fileNameGt=../graphsdb/mcs50/m2D/m2Dr6/mcs50_m2Dr6_s100.B44
Reading graphs...
100 :  236
100 :  235
Initializing...
maxdom : 7
D->valSize : 342
Solving...
Blb : 3 (clique : 30)
currentSize : 30 <-- 0.003510 s
currentSize : 31 <-- 0.080324 s
currentSize : 32 <-- 0.081439 s
currentSize : 33 <-- 0.543548 s
currentSize : 34 <-- 2.413187 s
currentSize : 35 <-- 3.526045 s
currentSize : 36 <-- 3.538791 s
currentSize : 37 <-- 11.090620 s
currentSize : 38 <-- 109.570816 s
currentSize : 39 <-- 328.729279 s
currentSize : 40 <-- 329.069275 s
currentSize : 41 <-- 330.074799 s
currentSize : 42 <-- 435.690948 s
currentSize : 43 <-- 1934.087036 s
currentSize : 44 <-- 1963.729736 s
currentSize : 45 <-- 1968.232300 s
currentSize : 46 <-- 2352.611572 s
currentSize : 47 <-- 2427.599365 s
currentSize : 48 <-- 2428.601807 s

TIMEOUT
maxsize : 48
nodes : 691547976.000000
filtered : 3165685516.000000
time : 3600.000000
