Parameters: GAD=1 vflib=1 dir=0 label=1 lowerbound=1 fileNameGp=../graphsdb/mcs50/rand/r001/mcs50_r001_s100.A46 fileNameGt=../graphsdb/mcs50/rand/r001/mcs50_r001_s100.B46
Reading graphs...
100 :  124
100 :  123
Initializing...
maxdom : 7
D->valSize : 373
Solving...
Blb : 2 (clique : 47)
currentSize : 47 <-- 0.004209 s
currentSize : 48 <-- 0.004547 s
currentSize : 49 <-- 0.007045 s
currentSize : 50 <-- 0.009118 s
currentSize : 51 <-- 0.015543 s
currentSize : 52 <-- 0.024677 s
currentSize : 53 <-- 0.045505 s

TIMEOUT
maxsize : 53
nodes : 689869499.000000
filtered : 2946345250.000000
time : 3600.000000
