Parameters: GAD=1 vflib=1 dir=0 label=1 lowerbound=1 fileNameGp=../graphsdb/mcs50/m3D/m3Dr6/mcs50_m3Dr6_s60.A31 fileNameGt=../graphsdb/mcs50/m3D/m3Dr6/mcs50_m3Dr6_s60.B31
Reading graphs...
60 :  164
60 :  165
Initializing...
maxdom : 9
D->valSize : 248
Solving...
Blb : 5 (clique : 17)
currentSize : 17 <-- 0.001806 s
currentSize : 21 <-- 0.001919 s
currentSize : 22 <-- 0.006504 s
currentSize : 24 <-- 0.011986 s
currentSize : 25 <-- 0.012057 s
currentSize : 26 <-- 1.359721 s

maxsize : 26
nodes : 4543499.000000
filtered : 35688291.000000
time : 19.337011
