Parameters: GAD=1 vflib=1 dir=0 label=1 lowerbound=1 fileNameGp=../graphsdb/mcs50/m2D/m2Dr6/mcs50_m2Dr6_s100.A95 fileNameGt=../graphsdb/mcs50/m2D/m2Dr6/mcs50_m2Dr6_s100.B95
Reading graphs...
100 :  239
100 :  236
Initializing...
maxdom : 8
D->valSize : 365
Solving...
Blb : 2 (clique : 34)
currentSize : 34 <-- 0.003839 s
currentSize : 35 <-- 0.004208 s
currentSize : 36 <-- 0.005471 s
currentSize : 37 <-- 0.164727 s
currentSize : 38 <-- 5.009993 s
currentSize : 39 <-- 5.140994 s
currentSize : 40 <-- 13.748348 s
currentSize : 41 <-- 13.753792 s
currentSize : 42 <-- 14.629374 s
currentSize : 43 <-- 21.773548 s

TIMEOUT
maxsize : 43
nodes : 781592486.000000
filtered : 2294609359.000000
time : 3600.000000
