Parameters: GAD=1 vflib=1 dir=0 label=1 lowerbound=1 fileNameGp=../graphsdb/mcs50/m2D/m2D/mcs50_m2D_s100.A55 fileNameGt=../graphsdb/mcs50/m2D/m2D/mcs50_m2D_s100.B55
Reading graphs...
100 :  179
100 :  179
Initializing...
maxdom : 8
D->valSize : 333
Solving...
Blb : 2 (clique : 41)
currentSize : 41 <-- 0.003438 s
currentSize : 42 <-- 0.016554 s
currentSize : 43 <-- 0.016849 s
currentSize : 44 <-- 0.033149 s
currentSize : 45 <-- 2.484573 s
currentSize : 46 <-- 814.543823 s
currentSize : 47 <-- 3003.124512 s

TIMEOUT
maxsize : 47
nodes : 741809090.000000
filtered : 2649297450.000000
time : 3600.000000
