Parameters: GAD=1 vflib=1 dir=0 label=1 lowerbound=1 fileNameGp=../graphsdb/mcs50/rand/r005/mcs50_r005_s20.A57 fileNameGt=../graphsdb/mcs50/rand/r005/mcs50_r005_s20.B57
Reading graphs...
20 :  23
20 :  24
Initializing...
maxdom : 8
D->valSize : 111
Solving...
Blb : 2 (clique : 9)
currentSize : 9 <-- 0.000657 s
currentSize : 10 <-- 0.000737 s
currentSize : 11 <-- 0.000796 s
currentSize : 12 <-- 0.001786 s
currentSize : 13 <-- 0.004172 s

maxsize : 13
nodes : 3110.000000
filtered : 22060.000000
time : 0.007382
