Parameters: GAD=1 vflib=1 dir=0 label=1 lowerbound=1 fileNameGp=../graphsdb/mcs50/rand/r01/mcs50_r01_s25.A16 fileNameGt=../graphsdb/mcs50/rand/r01/mcs50_r01_s25.B16
Reading graphs...
25 :  58
25 :  54
Initializing...
maxdom : 7
D->valSize : 149
Solving...
Blb : 2 (clique : 8)
currentSize : 8 <-- 0.000792 s
currentSize : 9 <-- 0.000848 s
currentSize : 10 <-- 0.002078 s
currentSize : 11 <-- 0.012985 s
currentSize : 12 <-- 0.013006 s

maxsize : 12
nodes : 14595.000000
filtered : 112043.000000
time : 0.038890
