Parameters: GAD=1 vflib=1 dir=0 label=1 lowerbound=1 fileNameGp=../graphsdb/mcs50/bvg/b09m/mcs50_b09m_s90.A95 fileNameGt=../graphsdb/mcs50/bvg/b09m/mcs50_b09m_s90.B95
Reading graphs...
90 :  397
90 :  401
Initializing...
maxdom : 15
D->valSize : 519
Solving...
Blb : 2 (clique : 25)
currentSize : 25 <-- 0.005542 s
currentSize : 28 <-- 0.006909 s
currentSize : 29 <-- 0.007037 s
currentSize : 30 <-- 0.010015 s
currentSize : 32 <-- 0.063507 s
currentSize : 33 <-- 0.064462 s
currentSize : 34 <-- 0.067289 s
currentSize : 35 <-- 0.067481 s
currentSize : 36 <-- 165.806107 s
currentSize : 37 <-- 165.806274 s
currentSize : 38 <-- 175.318527 s
currentSize : 39 <-- 196.351715 s
currentSize : 41 <-- 217.654129 s
currentSize : 42 <-- 246.227463 s
currentSize : 43 <-- 301.838806 s

maxsize : 43
nodes : 67023624.000000
filtered : 642552815.000000
time : 400.173981
