Parameters: GAD=1 vflib=1 dir=0 label=1 lowerbound=1 fileNameGp=../graphsdb/mcs50/m2D/m2Dr6/mcs50_m2Dr6_s80.A69 fileNameGt=../graphsdb/mcs50/m2D/m2Dr6/mcs50_m2Dr6_s80.B69
Reading graphs...
80 :  189
80 :  187
Initializing...
maxdom : 14
D->valSize : 475
Solving...
Blb : 3 (clique : 27)
currentSize : 27 <-- 0.005042 s
currentSize : 28 <-- 0.005287 s
currentSize : 29 <-- 0.007653 s
currentSize : 30 <-- 0.027369 s
currentSize : 31 <-- 0.027510 s
currentSize : 32 <-- 0.033778 s
currentSize : 33 <-- 0.072825 s
currentSize : 34 <-- 0.250697 s
currentSize : 35 <-- 0.261279 s
currentSize : 36 <-- 1332.882568 s
currentSize : 37 <-- 1332.883545 s
currentSize : 38 <-- 1332.887573 s
currentSize : 39 <-- 2371.363281 s
currentSize : 40 <-- 2373.257812 s
currentSize : 41 <-- 2392.919922 s

TIMEOUT
maxsize : 41
nodes : 628722842.000000
filtered : 7331401870.000000
time : 3600.000000
