Parameters: GAD=1 vflib=1 dir=0 label=1 lowerbound=1 fileNameGp=../graphsdb/mcs50/bvg/b03m/mcs50_b03m_s90.A69 fileNameGt=../graphsdb/mcs50/bvg/b03m/mcs50_b03m_s90.B69
Reading graphs...
90 :  135
90 :  135
Initializing...
maxdom : 8
D->valSize : 543
Solving...
Blb : 2 (clique : 39)
currentSize : 39 <-- 0.006782 s
currentSize : 45 <-- 0.007107 s
currentSize : 46 <-- 0.007168 s
currentSize : 47 <-- 0.007607 s
currentSize : 48 <-- 0.163511 s
currentSize : 49 <-- 0.664204 s
currentSize : 50 <-- 2333.175781 s

TIMEOUT
maxsize : 50
nodes : 670540006.000000
filtered : 3892872578.000000
time : 3600.000000
