Parameters: GAD=1 vflib=1 dir=0 label=1 lowerbound=1 fileNameGp=../graphsdb/mcs50/rand/r01/mcs50_r01_s70.A35 fileNameGt=../graphsdb/mcs50/rand/r01/mcs50_r01_s70.B35
Reading graphs...
70 :  457
70 :  454
Initializing...
maxdom : 8
D->valSize : 384
Solving...
Blb : 2 (clique : 11)
currentSize : 11 <-- 0.003175 s
currentSize : 12 <-- 0.003279 s
currentSize : 14 <-- 0.007219 s
currentSize : 15 <-- 0.007287 s
currentSize : 16 <-- 0.194038 s
currentSize : 17 <-- 0.194050 s
currentSize : 19 <-- 0.194152 s
currentSize : 22 <-- 0.324096 s
currentSize : 24 <-- 0.368582 s
currentSize : 25 <-- 0.375428 s
currentSize : 28 <-- 0.375507 s
currentSize : 32 <-- 0.415308 s

maxsize : 32
nodes : 115195.000000
filtered : 1484037.000000
time : 0.630594
