Parameters: GAD=1 vflib=1 dir=0 label=1 lowerbound=1 fileNameGp=../graphsdb/mcs50/rand/r02/mcs50_r02_s20.A69 fileNameGt=../graphsdb/mcs50/rand/r02/mcs50_r02_s20.B69
Reading graphs...
20 :  71
20 :  68
Initializing...
maxdom : 8
D->valSize : 118
Solving...
Blb : 2 (clique : 5)
currentSize : 5 <-- 0.000554 s
currentSize : 6 <-- 0.000623 s
currentSize : 7 <-- 0.000703 s
currentSize : 8 <-- 0.001785 s
currentSize : 9 <-- 0.002683 s

maxsize : 9
nodes : 1102.000000
filtered : 13543.000000
time : 0.003513
