Parameters: GAD=1 vflib=1 dir=0 label=1 lowerbound=1 fileNameGp=../graphsdb/mcs50/m2D/m2Dr2/mcs50_m2Dr2_s100.A48 fileNameGt=../graphsdb/mcs50/m2D/m2Dr2/mcs50_m2Dr2_s100.B48
Reading graphs...
100 :  200
100 :  198
Initializing...
maxdom : 8
D->valSize : 402
Solving...
Blb : 2 (clique : 39)
currentSize : 39 <-- 0.004318 s
currentSize : 40 <-- 0.005485 s
currentSize : 41 <-- 0.007588 s
currentSize : 42 <-- 0.007651 s
currentSize : 43 <-- 0.015909 s
currentSize : 44 <-- 0.253575 s
currentSize : 45 <-- 14.248262 s
currentSize : 46 <-- 574.618103 s
currentSize : 47 <-- 574.621887 s
currentSize : 48 <-- 574.638062 s
currentSize : 49 <-- 574.720764 s
currentSize : 50 <-- 576.127380 s

TIMEOUT
maxsize : 50
nodes : 809454026.000000
filtered : 2137687159.000000
time : 3600.000000
