Parameters: GAD=1 vflib=1 dir=0 label=1 lowerbound=1 fileNameGp=../graphsdb/mcs50/m2D/m2D/mcs50_m2D_s80.A87 fileNameGt=../graphsdb/mcs50/m2D/m2D/mcs50_m2D_s80.B87
Reading graphs...
80 :  142
80 :  142
Initializing...
maxdom : 9
D->valSize : 412
Solving...
Blb : 2 (clique : 29)
currentSize : 29 <-- 0.004125 s
currentSize : 30 <-- 0.004342 s
currentSize : 31 <-- 0.007865 s
currentSize : 32 <-- 0.017536 s
currentSize : 33 <-- 2.328997 s
currentSize : 34 <-- 178.232407 s

TIMEOUT
maxsize : 34
nodes : 952013103.000000
filtered : 6857518658.000000
time : 3600.000000
