Parameters: GAD=1 vflib=1 dir=0 label=1 lowerbound=1 fileNameGp=../graphsdb/mcs50/rand/r01/mcs50_r01_s100.A57 fileNameGt=../graphsdb/mcs50/rand/r01/mcs50_r01_s100.B57
Reading graphs...
100 :  930
100 :  936
Initializing...
maxdom : 8
D->valSize : 379
Solving...
Blb : 2 (clique : 12)
currentSize : 12 <-- 0.004061 s
currentSize : 13 <-- 0.004201 s
currentSize : 14 <-- 0.004306 s
currentSize : 15 <-- 0.066826 s
currentSize : 17 <-- 0.067342 s
currentSize : 18 <-- 0.151997 s
currentSize : 19 <-- 0.152194 s
currentSize : 20 <-- 0.222900 s
currentSize : 23 <-- 0.331906 s
currentSize : 30 <-- 0.332619 s
currentSize : 36 <-- 0.565628 s
currentSize : 44 <-- 0.811506 s

maxsize : 44
nodes : 484255.000000
filtered : 3762635.000000
time : 2.869101
