Parameters: GAD=1 vflib=1 dir=0 label=1 lowerbound=1 fileNameGp=../graphsdb/mcs50/m3D/m3Dr4/mcs50_m3Dr4_s60.A12 fileNameGt=../graphsdb/mcs50/m3D/m3Dr4/mcs50_m3Dr4_s60.B12
Reading graphs...
60 :  156
60 :  154
Initializing...
maxdom : 7
D->valSize : 259
Solving...
Blb : 2 (clique : 22)
currentSize : 22 <-- 0.002039 s
currentSize : 23 <-- 0.032524 s
currentSize : 24 <-- 0.254696 s
currentSize : 26 <-- 0.256903 s
currentSize : 27 <-- 3.221949 s
currentSize : 28 <-- 4.897647 s
currentSize : 29 <-- 6.825990 s
currentSize : 30 <-- 6.826050 s

maxsize : 30
nodes : 1969024.000000
filtered : 14931769.000000
time : 8.681870
