Parameters: GAD=1 vflib=1 dir=0 label=1 lowerbound=1 fileNameGp=../graphsdb/mcs50/rand/r02/mcs50_r02_s80.A97 fileNameGt=../graphsdb/mcs50/rand/r02/mcs50_r02_s80.B97
Reading graphs...
80 :  1140
80 :  1137
Initializing...
maxdom : 11
D->valSize : 436
Solving...
Blb : 5 (clique : 7)
currentSize : 7 <-- 0.006072 s
currentSize : 8 <-- 0.006894 s
currentSize : 9 <-- 0.006957 s
currentSize : 10 <-- 0.009280 s
currentSize : 11 <-- 0.010040 s
currentSize : 12 <-- 0.010200 s
currentSize : 16 <-- 0.046142 s
currentSize : 17 <-- 0.049790 s
currentSize : 23 <-- 0.064098 s
currentSize : 27 <-- 0.077598 s
currentSize : 29 <-- 0.077649 s
currentSize : 30 <-- 0.078015 s

maxsize : 30
nodes : 161632.000000
filtered : 733508.000000
time : 0.656405
