Parameters: GAD=1 vflib=1 dir=0 label=1 lowerbound=1 fileNameGp=../graphsdb/mcs50/rand/r005/mcs50_r005_s100.A76 fileNameGt=../graphsdb/mcs50/rand/r005/mcs50_r005_s100.B76
Reading graphs...
100 :  482
100 :  478
Initializing...
maxdom : 8
D->valSize : 372
Solving...
Blb : 2 (clique : 21)
currentSize : 21 <-- 0.003786 s
currentSize : 22 <-- 0.004820 s
currentSize : 23 <-- 0.505205 s
currentSize : 24 <-- 0.714571 s
currentSize : 25 <-- 5.734780 s
currentSize : 26 <-- 5.769008 s
currentSize : 27 <-- 5.814204 s
currentSize : 28 <-- 5.815061 s
currentSize : 29 <-- 7.197376 s
currentSize : 30 <-- 14.133418 s
currentSize : 31 <-- 14.142866 s
currentSize : 32 <-- 19.937616 s
currentSize : 33 <-- 21.644411 s
currentSize : 34 <-- 44.482342 s
currentSize : 35 <-- 44.485771 s
currentSize : 37 <-- 46.974960 s
currentSize : 38 <-- 52.354095 s
currentSize : 40 <-- 52.354218 s
currentSize : 42 <-- 56.428394 s
currentSize : 45 <-- 63.588375 s
currentSize : 46 <-- 65.805344 s
currentSize : 49 <-- 67.961967 s

maxsize : 49
nodes : 13181931.000000
filtered : 79338575.000000
time : 74.411156
