Parameters: GAD=1 vflib=1 dir=0 label=1 lowerbound=1 fileNameGp=../graphsdb/mcs50/m3D/m3D/mcs50_m3D_s50.A45 fileNameGt=../graphsdb/mcs50/m3D/m3D/mcs50_m3D_s50.B45
Reading graphs...
50 :  109
50 :  109
Initializing...
maxdom : 8
D->valSize : 325
Solving...
Blb : 2 (clique : 24)
currentSize : 24 <-- 0.003901 s
currentSize : 25 <-- 0.004161 s
currentSize : 27 <-- 6.307743 s
currentSize : 28 <-- 6.307842 s
currentSize : 29 <-- 6.308720 s
currentSize : 30 <-- 6.309369 s

maxsize : 30
nodes : 1880979.000000
filtered : 23187935.000000
time : 8.800789
