Parameters: GAD=1 vflib=1 dir=0 label=1 lowerbound=1 fileNameGp=../graphsdb/mcs50/rand/r005/mcs50_r005_s70.A92 fileNameGt=../graphsdb/mcs50/rand/r005/mcs50_r005_s70.B92
Reading graphs...
70 :  238
70 :  231
Initializing...
maxdom : 8
D->valSize : 335
Solving...
Blb : 2 (clique : 21)
currentSize : 21 <-- 0.002895 s
currentSize : 22 <-- 0.003037 s
currentSize : 23 <-- 0.003202 s
currentSize : 24 <-- 0.003261 s
currentSize : 25 <-- 0.005692 s
currentSize : 27 <-- 8.444023 s
currentSize : 28 <-- 8.444317 s
currentSize : 30 <-- 8.451827 s
currentSize : 35 <-- 18.100800 s

maxsize : 35
nodes : 4789261.000000
filtered : 50833645.000000
time : 24.996223
