Parameters: GAD=1 vflib=1 dir=0 label=1 lowerbound=1 fileNameGp=../graphsdb/mcs50/bvg/b03/mcs50_b03_s90.A97 fileNameGt=../graphsdb/mcs50/bvg/b03/mcs50_b03_s90.B97
Reading graphs...
90 :  135
90 :  135
Initializing...
maxdom : 9
D->valSize : 549
Solving...
Blb : 2 (clique : 33)
currentSize : 33 <-- 0.010818 s
currentSize : 36 <-- 0.011251 s
currentSize : 37 <-- 0.011359 s
currentSize : 38 <-- 0.090760 s
currentSize : 39 <-- 1.086334 s
currentSize : 40 <-- 1.261109 s
currentSize : 41 <-- 2339.823975 s
currentSize : 42 <-- 2990.456055 s

TIMEOUT
maxsize : 42
nodes : 753931313.000000
filtered : 5530038258.000000
time : 3600.000000
