Parameters: GAD=1 vflib=1 dir=0 label=1 lowerbound=1 fileNameGp=../graphsdb/mcs50/rand/r005/mcs50_r005_s90.A74 fileNameGt=../graphsdb/mcs50/rand/r005/mcs50_r005_s90.B74
Reading graphs...
90 :  392
90 :  391
Initializing...
maxdom : 10
D->valSize : 576
Solving...
Blb : 2 (clique : 19)
currentSize : 19 <-- 0.010953 s
currentSize : 20 <-- 0.011291 s
currentSize : 21 <-- 0.067111 s
currentSize : 22 <-- 0.076520 s
currentSize : 23 <-- 0.165108 s
currentSize : 24 <-- 1.427203 s
currentSize : 25 <-- 1.428455 s
currentSize : 26 <-- 4.401377 s
currentSize : 27 <-- 4.402847 s
currentSize : 28 <-- 6.292308 s
currentSize : 31 <-- 6.305586 s
currentSize : 32 <-- 7.177015 s
currentSize : 33 <-- 8.399294 s
currentSize : 34 <-- 28.113976 s
currentSize : 36 <-- 30.999821 s
currentSize : 37 <-- 33.334267 s
currentSize : 38 <-- 65.491478 s
currentSize : 39 <-- 68.053291 s
currentSize : 41 <-- 68.053375 s
currentSize : 42 <-- 87.884911 s
currentSize : 43 <-- 88.988152 s
currentSize : 44 <-- 207.325119 s

maxsize : 44
nodes : 76703600.000000
filtered : 975970697.000000
time : 510.772095
