Parameters: GAD=1 vflib=1 dir=0 label=1 lowerbound=1 fileNameGp=../graphsdb/mcs50/m2D/m2Dr6/mcs50_m2Dr6_s70.A64 fileNameGt=../graphsdb/mcs50/m2D/m2Dr6/mcs50_m2Dr6_s70.B64
Reading graphs...
70 :  164
70 :  161
Initializing...
maxdom : 8
D->valSize : 343
Solving...
Blb : 2 (clique : 25)
currentSize : 25 <-- 0.002963 s
currentSize : 26 <-- 0.008446 s
currentSize : 27 <-- 0.063612 s
currentSize : 28 <-- 0.130515 s
currentSize : 29 <-- 27.111769 s
currentSize : 30 <-- 47.176025 s
currentSize : 31 <-- 84.942009 s
currentSize : 32 <-- 84.942146 s
currentSize : 33 <-- 85.833054 s
currentSize : 34 <-- 130.813629 s
currentSize : 35 <-- 130.814255 s
currentSize : 36 <-- 130.814575 s
currentSize : 37 <-- 196.473618 s
currentSize : 38 <-- 196.565598 s

maxsize : 38
nodes : 74286568.000000
filtered : 458908302.000000
time : 350.657745
