Parameters: GAD=1 vflib=1 dir=0 label=1 lowerbound=1 fileNameGp=../graphsdb/mcs50/bvg/b06/mcs50_b06_s70.A71 fileNameGt=../graphsdb/mcs50/bvg/b06/mcs50_b06_s70.B71
Reading graphs...
70 :  209
70 :  210
Initializing...
maxdom : 10
D->valSize : 364
Solving...
Blb : 2 (clique : 20)
currentSize : 20 <-- 0.003171 s
currentSize : 21 <-- 0.003337 s
currentSize : 22 <-- 0.041054 s
currentSize : 23 <-- 0.086162 s
currentSize : 24 <-- 0.219896 s
currentSize : 25 <-- 0.219963 s
currentSize : 26 <-- 0.236564 s
currentSize : 27 <-- 0.238244 s
currentSize : 28 <-- 9.614822 s
currentSize : 30 <-- 9.614930 s
currentSize : 31 <-- 14.146382 s
currentSize : 32 <-- 41.649323 s
currentSize : 33 <-- 45.841656 s
currentSize : 34 <-- 74.823387 s
currentSize : 35 <-- 80.973976 s
currentSize : 36 <-- 106.975296 s

maxsize : 36
nodes : 33082329.000000
filtered : 306886097.000000
time : 161.092575
