Parameters: GAD=1 vflib=1 dir=0 label=1 lowerbound=1 fileNameGp=../graphsdb/mcs50/m2D/m2Dr6/mcs50_m2Dr6_s60.A18 fileNameGt=../graphsdb/mcs50/m2D/m2Dr6/mcs50_m2Dr6_s60.B18
Reading graphs...
60 :  139
60 :  135
Initializing...
maxdom : 9
D->valSize : 259
Solving...
Blb : 2 (clique : 23)
currentSize : 23 <-- 0.001939 s
currentSize : 24 <-- 0.002123 s
currentSize : 25 <-- 0.002275 s
currentSize : 26 <-- 0.046734 s
currentSize : 29 <-- 12.328288 s
currentSize : 30 <-- 12.329182 s

maxsize : 30
nodes : 3536937.000000
filtered : 25761785.000000
time : 15.327526
