Parameters: GAD=1 vflib=1 dir=0 label=1 lowerbound=1 fileNameGp=../graphsdb/mcs50/m2D/m2Dr4/mcs50_m2Dr4_s80.A57 fileNameGt=../graphsdb/mcs50/m2D/m2Dr4/mcs50_m2Dr4_s80.B57
Reading graphs...
80 :  171
80 :  171
Initializing...
maxdom : 9
D->valSize : 428
Solving...
Blb : 2 (clique : 28)
currentSize : 28 <-- 0.004153 s
currentSize : 29 <-- 0.005198 s
currentSize : 30 <-- 0.006470 s
currentSize : 31 <-- 0.038313 s
currentSize : 32 <-- 4.262994 s
currentSize : 33 <-- 4.269778 s

TIMEOUT
maxsize : 33
nodes : 829119818.000000
filtered : 5068701258.000000
time : 3600.000000
