Parameters: GAD=1 vflib=1 dir=0 label=1 lowerbound=1 fileNameGp=../graphsdb/mcs50/m2D/m2Dr4/mcs50_m2Dr4_s30.A57 fileNameGt=../graphsdb/mcs50/m2D/m2Dr4/mcs50_m2Dr4_s30.B57
Reading graphs...
30 :  59
30 :  57
Initializing...
maxdom : 8
D->valSize : 141
Solving...
Blb : 3 (clique : 13)
currentSize : 13 <-- 0.000705 s
currentSize : 14 <-- 0.001785 s
currentSize : 15 <-- 0.002581 s
currentSize : 16 <-- 0.005116 s
currentSize : 17 <-- 0.005149 s

maxsize : 17
nodes : 4010.000000
filtered : 34271.000000
time : 0.013066
