Parameters: GAD=1 vflib=1 dir=0 label=1 lowerbound=1 fileNameGp=../graphsdb/mcs50/m3D/m3Dr2/mcs50_m3Dr2_s20.A34 fileNameGt=../graphsdb/mcs50/m3D/m3Dr2/mcs50_m3Dr2_s20.B34
Reading graphs...
20 :  40
20 :  41
Initializing...
maxdom : 10
D->valSize : 118
Solving...
Blb : 2 (clique : 5)
currentSize : 5 <-- 0.000652 s
currentSize : 7 <-- 0.000693 s
currentSize : 8 <-- 0.000962 s
currentSize : 9 <-- 0.002278 s
currentSize : 10 <-- 0.002389 s

maxsize : 10
nodes : 1551.000000
filtered : 18949.000000
time : 0.004718
