Parameters: GAD=1 vflib=1 dir=0 label=1 lowerbound=1 fileNameGp=../graphsdb/mcs50/rand/r005/mcs50_r005_s90.A85 fileNameGt=../graphsdb/mcs50/rand/r005/mcs50_r005_s90.B85
Reading graphs...
90 :  392
90 :  388
Initializing...
maxdom : 9
D->valSize : 535
Solving...
Blb : 2 (clique : 21)
currentSize : 21 <-- 0.010295 s
currentSize : 28 <-- 0.010492 s
currentSize : 29 <-- 0.010566 s
currentSize : 30 <-- 0.010775 s
currentSize : 31 <-- 0.010854 s
currentSize : 32 <-- 95.406822 s
currentSize : 34 <-- 95.413712 s
currentSize : 35 <-- 149.127380 s
currentSize : 36 <-- 149.128006 s
currentSize : 37 <-- 257.450287 s
currentSize : 38 <-- 639.836548 s
currentSize : 39 <-- 659.647156 s
currentSize : 43 <-- 1083.264648 s
currentSize : 44 <-- 1083.264771 s

maxsize : 44
nodes : 216056774.000000
filtered : 3180381030.000000
time : 1455.659180
