Parameters: GAD=1 vflib=1 dir=0 label=1 lowerbound=1 fileNameGp=../graphsdb/mcs50/bvg/b09m/mcs50_b09m_s50.A23 fileNameGt=../graphsdb/mcs50/bvg/b09m/mcs50_b09m_s50.B23
Reading graphs...
50 :  219
50 :  218
Initializing...
maxdom : 9
D->valSize : 326
Solving...
Blb : 2 (clique : 11)
currentSize : 11 <-- 0.003475 s
currentSize : 12 <-- 0.004065 s
currentSize : 13 <-- 0.005212 s
currentSize : 14 <-- 0.069965 s
currentSize : 15 <-- 0.086399 s
currentSize : 16 <-- 0.086438 s
currentSize : 17 <-- 0.121291 s
currentSize : 18 <-- 0.124887 s
currentSize : 19 <-- 0.247011 s
currentSize : 20 <-- 0.804728 s
currentSize : 21 <-- 1.126294 s
currentSize : 22 <-- 1.126457 s

maxsize : 22
nodes : 306957.000000
filtered : 3847473.000000
time : 1.445978
