Parameters: GAD=1 vflib=1 dir=0 label=1 lowerbound=1 fileNameGp=../graphsdb/mcs50/m2D/m2Dr6/mcs50_m2Dr6_s30.A99 fileNameGt=../graphsdb/mcs50/m2D/m2Dr6/mcs50_m2Dr6_s30.B99
Reading graphs...
30 :  64
30 :  63
Initializing...
maxdom : 6
D->valSize : 118
Solving...
Blb : 2 (clique : 11)
currentSize : 11 <-- 0.000679 s
currentSize : 12 <-- 0.000806 s
currentSize : 13 <-- 0.001872 s
currentSize : 14 <-- 0.003729 s
currentSize : 15 <-- 0.004047 s

maxsize : 15
nodes : 6214.000000
filtered : 31349.000000
time : 0.017459
