Parameters: GAD=1 vflib=1 dir=0 label=1 lowerbound=1 fileNameGp=../graphsdb/mcs50/rand/r01/mcs50_r01_s60.A99 fileNameGt=../graphsdb/mcs50/rand/r01/mcs50_r01_s60.B99
Reading graphs...
60 :  337
60 :  334
Initializing...
maxdom : 6
D->valSize : 221
Solving...
Blb : 2 (clique : 13)
currentSize : 13 <-- 0.001471 s
currentSize : 15 <-- 0.001801 s
currentSize : 17 <-- 0.002238 s
currentSize : 18 <-- 0.002912 s
currentSize : 19 <-- 0.002944 s
currentSize : 20 <-- 0.006827 s
currentSize : 24 <-- 0.006981 s
currentSize : 28 <-- 0.007262 s

maxsize : 28
nodes : 25033.000000
filtered : 183862.000000
time : 0.112193
