Parameters: GAD=1 vflib=1 dir=0 label=1 lowerbound=1 fileNameGp=../graphsdb/mcs50/bvg/b06/mcs50_b06_s50.A61 fileNameGt=../graphsdb/mcs50/bvg/b06/mcs50_b06_s50.B61
Reading graphs...
50 :  148
50 :  149
Initializing...
maxdom : 12
D->valSize : 293
Solving...
Blb : 2 (clique : 12)
currentSize : 12 <-- 0.002021 s
currentSize : 13 <-- 0.002257 s
currentSize : 14 <-- 0.002496 s
currentSize : 15 <-- 0.002540 s
currentSize : 16 <-- 0.007174 s
currentSize : 17 <-- 0.007243 s
currentSize : 18 <-- 0.008734 s
currentSize : 19 <-- 0.008839 s
currentSize : 20 <-- 0.140936 s
currentSize : 24 <-- 0.150075 s
currentSize : 25 <-- 0.150608 s

maxsize : 25
nodes : 97061.000000
filtered : 1108155.000000
time : 0.427649
