Parameters: GAD=1 vflib=1 dir=0 label=1 lowerbound=1 fileNameGp=../graphsdb/mcs50/m2D/m2Dr6/mcs50_m2Dr6_s90.A25 fileNameGt=../graphsdb/mcs50/m2D/m2Dr6/mcs50_m2Dr6_s90.B25
Reading graphs...
90 :  213
90 :  213
Initializing...
maxdom : 9
D->valSize : 541
Solving...
Blb : 2 (clique : 36)
currentSize : 36 <-- 0.010590 s
currentSize : 37 <-- 0.011358 s
currentSize : 38 <-- 0.012391 s
currentSize : 39 <-- 0.026116 s
currentSize : 40 <-- 0.026548 s
currentSize : 41 <-- 0.054233 s
currentSize : 42 <-- 0.361263 s
currentSize : 44 <-- 0.413004 s
currentSize : 45 <-- 0.719359 s
currentSize : 46 <-- 10.427773 s
currentSize : 47 <-- 2404.614990 s
currentSize : 48 <-- 2420.722412 s
currentSize : 49 <-- 2420.860840 s
currentSize : 50 <-- 2433.741211 s

TIMEOUT
maxsize : 50
nodes : 822145010.000000
filtered : 2554420627.000000
time : 3600.000000
