Parameters: GAD=1 vflib=1 dir=0 label=1 lowerbound=1 fileNameGp=../graphsdb/mcs50/bvg/b03/mcs50_b03_s60.A50 fileNameGt=../graphsdb/mcs50/bvg/b03/mcs50_b03_s60.B50
Reading graphs...
60 :  90
60 :  90
Initializing...
maxdom : 9
D->valSize : 275
Solving...
Blb : 2 (clique : 29)
currentSize : 29 <-- 0.002285 s
currentSize : 30 <-- 0.736567 s
currentSize : 31 <-- 0.912902 s
currentSize : 32 <-- 1.753899 s
currentSize : 33 <-- 6.069229 s

maxsize : 33
nodes : 2580039.000000
filtered : 19568732.000000
time : 12.590286
