Parameters: GAD=1 vflib=1 dir=0 label=1 lowerbound=1 fileNameGp=../graphsdb/mcs50/rand/r02/mcs50_r02_s40.A98 fileNameGt=../graphsdb/mcs50/rand/r02/mcs50_r02_s40.B98
Reading graphs...
40 :  282
40 :  281
Initializing...
maxdom : 9
D->valSize : 240
Solving...
Blb : 2 (clique : 7)
currentSize : 7 <-- 0.001357 s
currentSize : 8 <-- 0.001821 s
currentSize : 9 <-- 0.002063 s
currentSize : 10 <-- 0.002117 s
currentSize : 11 <-- 0.007809 s
currentSize : 20 <-- 0.008038 s

maxsize : 20
nodes : 2268.000000
filtered : 35863.000000
time : 0.010245
