Parameters: GAD=1 vflib=1 dir=0 label=1 lowerbound=1 fileNameGp=../graphsdb/mcs50/m2D/m2Dr6/mcs50_m2Dr6_s100.A03 fileNameGt=../graphsdb/mcs50/m2D/m2Dr6/mcs50_m2Dr6_s100.B03
Reading graphs...
100 :  239
100 :  236
Initializing...
maxdom : 7
D->valSize : 362
Solving...
Blb : 3 (clique : 41)
currentSize : 41 <-- 0.004096 s
currentSize : 45 <-- 0.064492 s
currentSize : 46 <-- 0.064662 s
currentSize : 47 <-- 0.078557 s
currentSize : 48 <-- 0.392263 s
currentSize : 49 <-- 0.392463 s
currentSize : 50 <-- 11.006621 s
currentSize : 52 <-- 11.680786 s

TIMEOUT
maxsize : 52
nodes : 763299762.000000
filtered : 2182107940.000000
time : 3600.000000
