Parameters: GAD=1 vflib=1 dir=0 label=1 lowerbound=1 fileNameGp=../graphsdb/mcs50/rand/r005/mcs50_r005_s90.A41 fileNameGt=../graphsdb/mcs50/rand/r005/mcs50_r005_s90.B41
Reading graphs...
90 :  388
90 :  395
Initializing...
maxdom : 10
D->valSize : 539
Solving...
Blb : 2 (clique : 23)
currentSize : 23 <-- 0.006053 s
currentSize : 24 <-- 0.008439 s
currentSize : 25 <-- 0.854605 s
currentSize : 26 <-- 3.366488 s
currentSize : 27 <-- 147.785767 s
currentSize : 28 <-- 148.010101 s
currentSize : 29 <-- 148.031158 s
currentSize : 30 <-- 342.063721 s
currentSize : 31 <-- 516.039612 s
currentSize : 32 <-- 516.705505 s
currentSize : 33 <-- 824.592285 s
currentSize : 34 <-- 1059.569702 s
currentSize : 35 <-- 1063.709229 s
currentSize : 36 <-- 1063.737061 s
currentSize : 37 <-- 2208.489258 s
currentSize : 38 <-- 2209.273926 s
currentSize : 39 <-- 2209.331543 s
currentSize : 40 <-- 2209.331543 s
currentSize : 41 <-- 2209.332520 s
currentSize : 44 <-- 2452.680176 s

maxsize : 44
nodes : 415734058.000000
filtered : 5471743580.000000
time : 2609.227539
