Parameters: GAD=1 vflib=1 dir=0 label=1 lowerbound=1 fileNameGp=../graphsdb/mcs50/bvg/b03m/mcs50_b03m_s35.A81 fileNameGt=../graphsdb/mcs50/bvg/b03m/mcs50_b03m_s35.B81
Reading graphs...
35 :  49
35 :  48
Initializing...
maxdom : 8
D->valSize : 176
Solving...
Blb : 2 (clique : 14)
currentSize : 14 <-- 0.000993 s
currentSize : 15 <-- 0.001280 s
currentSize : 16 <-- 0.006191 s
currentSize : 17 <-- 0.074349 s
currentSize : 18 <-- 0.142519 s
currentSize : 19 <-- 0.185455 s
currentSize : 20 <-- 0.231959 s
currentSize : 21 <-- 0.232133 s

maxsize : 21
nodes : 94038.000000
filtered : 560204.000000
time : 0.252483
