Parameters: GAD=1 vflib=1 dir=0 label=1 lowerbound=1 fileNameGp=../graphsdb/mcs50/m2D/m2Dr2/mcs50_m2Dr2_s40.A12 fileNameGt=../graphsdb/mcs50/m2D/m2Dr2/mcs50_m2Dr2_s40.B12
Reading graphs...
40 :  75
40 :  74
Initializing...
maxdom : 10
D->valSize : 235
Solving...
Blb : 2 (clique : 16)
currentSize : 16 <-- 0.001441 s
currentSize : 17 <-- 0.001534 s
currentSize : 18 <-- 0.001920 s
currentSize : 19 <-- 0.003706 s
currentSize : 20 <-- 0.618465 s

maxsize : 20
nodes : 565463.000000
filtered : 5591209.000000
time : 1.928087
