Parameters: GAD=1 vflib=1 dir=0 label=1 lowerbound=1 fileNameGp=../graphsdb/mcs50/bvg/b06/mcs50_b06_s70.A28 fileNameGt=../graphsdb/mcs50/bvg/b06/mcs50_b06_s70.B28
Reading graphs...
70 :  209
70 :  207
Initializing...
maxdom : 7
D->valSize : 319
Solving...
Blb : 2 (clique : 22)
currentSize : 22 <-- 0.002739 s
currentSize : 23 <-- 0.003310 s
currentSize : 24 <-- 0.052790 s
currentSize : 25 <-- 0.052849 s
currentSize : 26 <-- 0.446998 s
currentSize : 27 <-- 63.586903 s
currentSize : 28 <-- 227.487305 s
currentSize : 30 <-- 391.971649 s
currentSize : 31 <-- 391.971771 s
currentSize : 32 <-- 393.045074 s
currentSize : 33 <-- 393.045166 s
currentSize : 34 <-- 393.185577 s
currentSize : 35 <-- 401.735352 s
currentSize : 36 <-- 401.771149 s

maxsize : 36
nodes : 143156245.000000
filtered : 1074213285.000000
time : 675.748901
