Parameters: GAD=1 vflib=1 dir=0 label=1 lowerbound=1 fileNameGp=../graphsdb/mcs50/rand/r01/mcs50_r01_s35.A84 fileNameGt=../graphsdb/mcs50/rand/r01/mcs50_r01_s35.B84
Reading graphs...
35 :  116
35 :  109
Initializing...
maxdom : 9
D->valSize : 164
Solving...
Blb : 2 (clique : 9)
currentSize : 9 <-- 0.000876 s
currentSize : 11 <-- 0.000927 s
currentSize : 12 <-- 0.001943 s
currentSize : 13 <-- 0.011706 s
currentSize : 16 <-- 0.019648 s

maxsize : 16
nodes : 11205.000000
filtered : 118567.000000
time : 0.038993
