Parameters: GAD=1 vflib=1 dir=0 label=1 lowerbound=1 fileNameGp=../graphsdb/mcs50/m4D/m4Dr2/mcs50_m4Dr2_s40.A12 fileNameGt=../graphsdb/mcs50/m4D/m4Dr2/mcs50_m4Dr2_s40.B12
Reading graphs...
40 :  77
40 :  77
Initializing...
maxdom : 8
D->valSize : 212
Solving...
Blb : 2 (clique : 16)
currentSize : 16 <-- 0.001302 s
currentSize : 17 <-- 0.001569 s
currentSize : 18 <-- 0.001585 s
currentSize : 19 <-- 0.004040 s
currentSize : 20 <-- 0.099919 s

maxsize : 20
nodes : 783825.000000
filtered : 9288886.000000
time : 3.298619
