Parameters: GAD=1 vflib=1 dir=0 label=1 lowerbound=1 fileNameGp=../graphsdb/mcs50/rand/r01/mcs50_r01_s50.A48 fileNameGt=../graphsdb/mcs50/rand/r01/mcs50_r01_s50.B48
Reading graphs...
50 :  236
50 :  235
Initializing...
maxdom : 10
D->valSize : 313
Solving...
Blb : 2 (clique : 10)
currentSize : 10 <-- 0.002341 s
currentSize : 11 <-- 0.002800 s
currentSize : 12 <-- 0.003590 s
currentSize : 13 <-- 0.005439 s
currentSize : 14 <-- 0.014206 s
currentSize : 15 <-- 0.061232 s
currentSize : 17 <-- 0.111849 s
currentSize : 18 <-- 0.111925 s
currentSize : 20 <-- 0.112010 s
currentSize : 25 <-- 0.160169 s

maxsize : 25
nodes : 47254.000000
filtered : 703172.000000
time : 0.216508
