Parameters: GAD=1 vflib=1 dir=0 label=1 lowerbound=1 fileNameGp=../graphsdb/mcs50/m2D/m2Dr2/mcs50_m2Dr2_s100.A95 fileNameGt=../graphsdb/mcs50/m2D/m2Dr2/mcs50_m2Dr2_s100.B95
Reading graphs...
100 :  197
100 :  197
Initializing...
maxdom : 8
D->valSize : 359
Solving...
Blb : 2 (clique : 43)
currentSize : 43 <-- 0.003828 s
currentSize : 44 <-- 0.004366 s
currentSize : 45 <-- 0.005423 s
currentSize : 46 <-- 0.008334 s
currentSize : 47 <-- 0.009128 s
currentSize : 48 <-- 0.059446 s

TIMEOUT
maxsize : 48
nodes : 732818665.000000
filtered : 2425157917.000000
time : 3600.000000
