Parameters: GAD=1 vflib=1 dir=0 label=1 lowerbound=1 fileNameGp=../graphsdb/mcs50/rand/r005/mcs50_r005_s40.A17 fileNameGt=../graphsdb/mcs50/rand/r005/mcs50_r005_s40.B17
Reading graphs...
40 :  75
40 :  78
Initializing...
maxdom : 8
D->valSize : 194
Solving...
Blb : 2 (clique : 14)
currentSize : 14 <-- 0.001209 s
currentSize : 15 <-- 0.001295 s
currentSize : 16 <-- 0.001429 s
currentSize : 17 <-- 0.001870 s
currentSize : 18 <-- 0.002343 s
currentSize : 20 <-- 0.238712 s
currentSize : 21 <-- 0.314513 s

maxsize : 21
nodes : 108803.000000
filtered : 1140609.000000
time : 0.479567
