Parameters: GAD=1 vflib=1 dir=0 label=1 lowerbound=1 fileNameGp=../graphsdb/mcs50/m3D/m3D/mcs50_m3D_s60.A98 fileNameGt=../graphsdb/mcs50/m3D/m3D/mcs50_m3D_s60.B98
Reading graphs...
60 :  134
60 :  132
Initializing...
maxdom : 7
D->valSize : 221
Solving...
Blb : 2 (clique : 23)
currentSize : 23 <-- 0.002526 s
currentSize : 24 <-- 0.002924 s
currentSize : 25 <-- 0.007944 s
currentSize : 26 <-- 0.016919 s
currentSize : 27 <-- 0.060649 s
currentSize : 28 <-- 0.094907 s

maxsize : 28
nodes : 3537538.000000
filtered : 22284365.000000
time : 15.471930
