Parameters: GAD=1 vflib=1 dir=0 label=1 lowerbound=1 fileNameGp=../graphsdb/mcs50/m2D/m2D/mcs50_m2D_s50.A82 fileNameGt=../graphsdb/mcs50/m2D/m2D/mcs50_m2D_s50.B82
Reading graphs...
50 :  85
50 :  85
Initializing...
maxdom : 13
D->valSize : 356
Solving...
Blb : 3 (clique : 21)
currentSize : 21 <-- 0.002799 s
currentSize : 22 <-- 0.018560 s
currentSize : 23 <-- 0.034334 s
currentSize : 24 <-- 0.039085 s
currentSize : 25 <-- 0.046952 s
currentSize : 26 <-- 2.447993 s
currentSize : 27 <-- 9.484689 s
currentSize : 28 <-- 9.910150 s
currentSize : 29 <-- 12.143793 s
currentSize : 30 <-- 25.452524 s

maxsize : 30
nodes : 6779977.000000
filtered : 102677886.000000
time : 31.727848
