Parameters: GAD=1 vflib=1 dir=0 label=1 lowerbound=1 fileNameGp=../graphsdb/mcs50/m2D/m2D/mcs50_m2D_s40.A11 fileNameGt=../graphsdb/mcs50/m2D/m2D/mcs50_m2D_s40.B11
Reading graphs...
40 :  67
40 :  66
Initializing...
maxdom : 7
D->valSize : 195
Solving...
Blb : 2 (clique : 17)
currentSize : 17 <-- 0.001097 s
currentSize : 18 <-- 0.003200 s
currentSize : 19 <-- 0.040732 s
currentSize : 20 <-- 0.216406 s
currentSize : 21 <-- 0.577998 s
currentSize : 22 <-- 0.647619 s

maxsize : 22
nodes : 210317.000000
filtered : 1523079.000000
time : 0.698340
