Parameters: GAD=1 vflib=1 dir=0 label=1 lowerbound=1 fileNameGp=../graphsdb/mcs50/m2D/m2D/mcs50_m2D_s30.A36 fileNameGt=../graphsdb/mcs50/m2D/m2D/mcs50_m2D_s30.B36
Reading graphs...
30 :  49
30 :  47
Initializing...
maxdom : 8
D->valSize : 128
Solving...
Blb : 3 (clique : 13)
currentSize : 13 <-- 0.000683 s
currentSize : 14 <-- 0.000801 s
currentSize : 16 <-- 0.000836 s
currentSize : 17 <-- 0.001035 s
currentSize : 18 <-- 0.001091 s

maxsize : 18
nodes : 3264.000000
filtered : 17459.000000
time : 0.008976
