Parameters: GAD=1 vflib=1 dir=0 label=1 lowerbound=1 fileNameGp=../graphsdb/mcs50/m2D/m2Dr4/mcs50_m2Dr4_s50.A98 fileNameGt=../graphsdb/mcs50/m2D/m2Dr4/mcs50_m2Dr4_s50.B98
Reading graphs...
50 :  104
50 :  103
Initializing...
maxdom : 13
D->valSize : 323
Solving...
Blb : 2 (clique : 17)
currentSize : 17 <-- 0.002335 s
currentSize : 18 <-- 1.039916 s
currentSize : 19 <-- 7.888863 s
currentSize : 20 <-- 7.929141 s
currentSize : 21 <-- 11.900475 s
currentSize : 23 <-- 11.903543 s
currentSize : 24 <-- 11.907029 s
currentSize : 27 <-- 12.441379 s

maxsize : 27
nodes : 3473489.000000
filtered : 33597958.000000
time : 12.714913
