Parameters: GAD=1 vflib=1 dir=0 label=1 lowerbound=1 fileNameGp=../graphsdb/mcs50/bvg/b06/mcs50_b06_s60.A24 fileNameGt=../graphsdb/mcs50/bvg/b06/mcs50_b06_s60.B24
Reading graphs...
60 :  179
60 :  178
Initializing...
maxdom : 7
D->valSize : 239
Solving...
Blb : 2 (clique : 26)
currentSize : 26 <-- 0.001773 s
currentSize : 27 <-- 1.185227 s
currentSize : 28 <-- 4.021864 s
currentSize : 29 <-- 4.977700 s
currentSize : 30 <-- 6.326709 s
currentSize : 31 <-- 7.339107 s

maxsize : 31
nodes : 3332900.000000
filtered : 13938051.000000
time : 12.229888
