Parameters: GAD=1 vflib=1 dir=0 label=1 lowerbound=1 fileNameGp=../graphsdb/mcs50/bvg/b06/mcs50_b06_s100.A84 fileNameGt=../graphsdb/mcs50/bvg/b06/mcs50_b06_s100.B84
Reading graphs...
100 :  300
100 :  295
Initializing...
maxdom : 8
D->valSize : 418
Solving...
Blb : 3 (clique : 29)
currentSize : 29 <-- 0.004387 s
currentSize : 30 <-- 0.004670 s
currentSize : 31 <-- 0.019188 s
currentSize : 32 <-- 1.003332 s
currentSize : 33 <-- 14.226815 s
currentSize : 34 <-- 18.861929 s
currentSize : 35 <-- 245.838791 s
currentSize : 36 <-- 427.372986 s
currentSize : 37 <-- 427.665222 s
currentSize : 38 <-- 1202.700073 s
currentSize : 39 <-- 1241.504272 s

TIMEOUT
maxsize : 39
nodes : 695555577.000000
filtered : 4154253707.000000
time : 3600.000000
