Parameters: GAD=1 vflib=1 dir=0 label=1 lowerbound=1 fileNameGp=../graphsdb/mcs50/m2D/m2D/mcs50_m2D_s100.A81 fileNameGt=../graphsdb/mcs50/m2D/m2D/mcs50_m2D_s100.B81
Reading graphs...
100 :  180
100 :  180
Initializing...
maxdom : 7
D->valSize : 366
Solving...
Blb : 2 (clique : 50)
currentSize : 50 <-- 0.004018 s
currentSize : 51 <-- 0.005508 s
currentSize : 52 <-- 0.010808 s
currentSize : 53 <-- 2.862385 s
currentSize : 54 <-- 3.166054 s
currentSize : 55 <-- 346.583771 s

TIMEOUT
maxsize : 55
nodes : 786221998.000000
filtered : 1871297476.000000
time : 3600.000000
