Parameters: GAD=1 vflib=1 dir=0 label=1 lowerbound=1 fileNameGp=../graphsdb/mcs50/m2D/m2D/mcs50_m2D_s90.A07 fileNameGt=../graphsdb/mcs50/m2D/m2D/mcs50_m2D_s90.B07
Reading graphs...
90 :  160
90 :  161
Initializing...
maxdom : 9
D->valSize : 556
Solving...
Blb : 2 (clique : 45)
currentSize : 45 <-- 0.006886 s
currentSize : 46 <-- 49.401974 s
currentSize : 47 <-- 338.605133 s
currentSize : 48 <-- 338.612213 s
currentSize : 49 <-- 338.617462 s
currentSize : 50 <-- 400.245422 s

TIMEOUT
maxsize : 50
nodes : 724482305.000000
filtered : 3742019628.000000
time : 3600.000000
