Parameters: GAD=1 vflib=1 dir=0 label=1 lowerbound=1 fileNameGp=../graphsdb/mcs50/m2D/m2Dr6/mcs50_m2Dr6_s90.A53 fileNameGt=../graphsdb/mcs50/m2D/m2Dr6/mcs50_m2Dr6_s90.B53
Reading graphs...
90 :  215
90 :  212
Initializing...
maxdom : 11
D->valSize : 573
Solving...
Blb : 2 (clique : 33)
currentSize : 33 <-- 0.012040 s
currentSize : 36 <-- 0.012312 s
currentSize : 38 <-- 0.012413 s
currentSize : 39 <-- 0.012499 s
currentSize : 40 <-- 0.013269 s
currentSize : 42 <-- 0.023255 s
currentSize : 43 <-- 22.144266 s
currentSize : 44 <-- 23.456358 s
currentSize : 45 <-- 56.162296 s

TIMEOUT
maxsize : 45
nodes : 595072770.000000
filtered : 4897637720.000000
time : 3600.000000
