Parameters: GAD=1 vflib=1 dir=0 label=1 lowerbound=1 fileNameGp=../graphsdb/mcs50/bvg/b06/mcs50_b06_s60.A62 fileNameGt=../graphsdb/mcs50/bvg/b06/mcs50_b06_s60.B62
Reading graphs...
60 :  179
60 :  179
Initializing...
maxdom : 7
D->valSize : 241
Solving...
Blb : 2 (clique : 20)
currentSize : 20 <-- 0.002008 s
currentSize : 21 <-- 0.003138 s
currentSize : 22 <-- 0.015063 s
currentSize : 23 <-- 0.016737 s
currentSize : 24 <-- 0.052694 s
currentSize : 25 <-- 0.078246 s
currentSize : 26 <-- 0.242873 s
currentSize : 27 <-- 3.171751 s
currentSize : 28 <-- 3.519482 s
currentSize : 29 <-- 3.590860 s
currentSize : 31 <-- 3.590981 s

maxsize : 31
nodes : 1325736.000000
filtered : 7196457.000000
time : 5.456635
