Parameters: GAD=1 vflib=1 dir=0 label=1 lowerbound=1 fileNameGp=../graphsdb/mcs50/bvg/b09/mcs50_b09_s50.A67 fileNameGt=../graphsdb/mcs50/bvg/b09/mcs50_b09_s50.B67
Reading graphs...
50 :  218
50 :  222
Initializing...
maxdom : 9
D->valSize : 309
Solving...
Blb : 2 (clique : 14)
currentSize : 14 <-- 0.002131 s
currentSize : 15 <-- 0.003559 s
currentSize : 16 <-- 0.591441 s
currentSize : 18 <-- 0.598574 s
currentSize : 19 <-- 0.598602 s
currentSize : 20 <-- 0.598759 s
currentSize : 21 <-- 0.882065 s
currentSize : 22 <-- 0.882709 s
currentSize : 23 <-- 0.883844 s
currentSize : 24 <-- 0.977318 s

maxsize : 24
nodes : 292559.000000
filtered : 3156231.000000
time : 1.177432
