Parameters: GAD=1 vflib=1 dir=0 label=1 lowerbound=1 fileNameGp=../graphsdb/mcs50/bvg/b09/mcs50_b09_s70.A25 fileNameGt=../graphsdb/mcs50/bvg/b09/mcs50_b09_s70.B25
Reading graphs...
70 :  313
70 :  312
Initializing...
maxdom : 9
D->valSize : 368
Solving...
Blb : 2 (clique : 18)
currentSize : 18 <-- 0.003308 s
currentSize : 19 <-- 0.068747 s
currentSize : 20 <-- 0.085938 s
currentSize : 21 <-- 1.148869 s
currentSize : 22 <-- 1.336402 s
currentSize : 23 <-- 1.729804 s
currentSize : 24 <-- 3.831883 s
currentSize : 27 <-- 12.700756 s
currentSize : 29 <-- 12.700919 s
currentSize : 30 <-- 12.702644 s
currentSize : 31 <-- 12.702727 s
currentSize : 32 <-- 12.806815 s
currentSize : 33 <-- 12.816379 s
currentSize : 34 <-- 12.830564 s

maxsize : 34
nodes : 4947464.000000
filtered : 38661406.000000
time : 24.017788
