Parameters: GAD=1 vflib=1 dir=0 label=1 lowerbound=1 fileNameGp=../graphsdb/mcs50/m3D/m3D/mcs50_m3D_s60.A84 fileNameGt=../graphsdb/mcs50/m3D/m3D/mcs50_m3D_s60.B84
Reading graphs...
60 :  134
60 :  133
Initializing...
maxdom : 10
D->valSize : 284
Solving...
Blb : 5 (clique : 19)
currentSize : 19 <-- 0.002227 s
currentSize : 20 <-- 0.003500 s
currentSize : 21 <-- 0.006094 s
currentSize : 22 <-- 0.023598 s
currentSize : 23 <-- 135.123672 s
currentSize : 24 <-- 135.129150 s
currentSize : 25 <-- 135.131149 s
currentSize : 26 <-- 135.158020 s
currentSize : 27 <-- 135.163055 s
currentSize : 28 <-- 135.829941 s
currentSize : 29 <-- 140.231415 s
currentSize : 30 <-- 140.231567 s

maxsize : 30
nodes : 40039945.000000
filtered : 241767220.000000
time : 141.732910
