Parameters: GAD=1 vflib=1 dir=0 label=1 lowerbound=1 fileNameGp=../graphsdb/mcs50/rand/r01/mcs50_r01_s60.A21 fileNameGt=../graphsdb/mcs50/rand/r01/mcs50_r01_s60.B21
Reading graphs...
60 :  339
60 :  338
Initializing...
maxdom : 8
D->valSize : 241
Solving...
Blb : 5 (clique : 12)
currentSize : 12 <-- 0.002599 s
currentSize : 14 <-- 0.012559 s
currentSize : 15 <-- 0.035078 s
currentSize : 23 <-- 0.039242 s
currentSize : 30 <-- 0.054887 s

maxsize : 30
nodes : 11298.000000
filtered : 118162.000000
time : 0.084076
