Parameters: GAD=1 vflib=1 dir=0 label=1 lowerbound=1 fileNameGp=../graphsdb/mcs50/m2D/m2Dr2/mcs50_m2Dr2_s80.A86 fileNameGt=../graphsdb/mcs50/m2D/m2Dr2/mcs50_m2Dr2_s80.B86
Reading graphs...
80 :  157
80 :  157
Initializing...
maxdom : 8
D->valSize : 425
Solving...
Blb : 2 (clique : 27)
currentSize : 27 <-- 0.004268 s
currentSize : 28 <-- 0.173096 s
currentSize : 29 <-- 1.728355 s
currentSize : 30 <-- 6.952713 s
currentSize : 31 <-- 165.694473 s
currentSize : 32 <-- 750.141968 s
currentSize : 33 <-- 1461.800293 s
currentSize : 34 <-- 1869.100586 s
currentSize : 35 <-- 2020.403687 s
currentSize : 36 <-- 2020.415894 s

TIMEOUT
maxsize : 36
nodes : 713218308.000000
filtered : 6438851629.000000
time : 3600.000000
