Parameters: GAD=1 vflib=1 dir=0 label=1 lowerbound=1 fileNameGp=../graphsdb/mcs50/m2D/m2Dr4/mcs50_m2Dr4_s60.A72 fileNameGt=../graphsdb/mcs50/m2D/m2Dr4/mcs50_m2Dr4_s60.B72
Reading graphs...
60 :  127
60 :  127
Initializing...
maxdom : 7
D->valSize : 225
Solving...
Blb : 5 (clique : 21)
currentSize : 21 <-- 0.001782 s
currentSize : 22 <-- 0.002824 s
currentSize : 23 <-- 0.012561 s
currentSize : 24 <-- 0.022823 s
currentSize : 25 <-- 1.098878 s
currentSize : 26 <-- 1.449242 s
currentSize : 27 <-- 3.571759 s
currentSize : 28 <-- 8.402616 s
currentSize : 29 <-- 9.460882 s
currentSize : 30 <-- 13.268234 s

maxsize : 30
nodes : 3682411.000000
filtered : 28346199.000000
time : 15.199475
