Parameters: GAD=1 vflib=1 dir=0 label=1 lowerbound=1 fileNameGp=../graphsdb/mcs50/bvg/b03/mcs50_b03_s100.A36 fileNameGt=../graphsdb/mcs50/bvg/b03/mcs50_b03_s100.B36
Reading graphs...
100 :  150
100 :  149
Initializing...
maxdom : 7
D->valSize : 387
Solving...
Blb : 2 (clique : 43)
currentSize : 43 <-- 0.004266 s
currentSize : 44 <-- 0.004679 s
currentSize : 45 <-- 0.225683 s
currentSize : 46 <-- 5.591966 s
currentSize : 47 <-- 21.181061 s
currentSize : 48 <-- 24.530279 s
currentSize : 49 <-- 32.547413 s
currentSize : 50 <-- 32.547546 s
currentSize : 51 <-- 32.842655 s
currentSize : 52 <-- 41.464020 s
currentSize : 53 <-- 48.713272 s
currentSize : 54 <-- 60.944427 s

TIMEOUT
maxsize : 54
nodes : 646623277.000000
filtered : 2646736950.000000
time : 3600.000000
