Parameters: GAD=1 vflib=1 dir=0 label=1 lowerbound=1 fileNameGp=../graphsdb/mcs50/bvg/b09/mcs50_b09_s80.A00 fileNameGt=../graphsdb/mcs50/bvg/b09/mcs50_b09_s80.B00
Reading graphs...
80 :  356
80 :  358
Initializing...
maxdom : 8
D->valSize : 437
Solving...
Blb : 2 (clique : 24)
currentSize : 24 <-- 0.007759 s
currentSize : 26 <-- 0.019140 s
currentSize : 27 <-- 0.020868 s
currentSize : 28 <-- 0.093924 s
currentSize : 29 <-- 0.190571 s
currentSize : 30 <-- 0.191017 s
currentSize : 31 <-- 0.192281 s
currentSize : 32 <-- 0.921366 s
currentSize : 34 <-- 0.921981 s
currentSize : 35 <-- 0.924548 s
currentSize : 37 <-- 0.924978 s
currentSize : 38 <-- 0.934115 s
currentSize : 40 <-- 0.934450 s

maxsize : 40
nodes : 3232753.000000
filtered : 21461433.000000
time : 16.285482
