Parameters: GAD=1 vflib=1 dir=0 label=1 lowerbound=1 fileNameGp=../graphsdb/mcs50/bvg/b06m/mcs50_b06m_s80.A34 fileNameGt=../graphsdb/mcs50/bvg/b06m/mcs50_b06m_s80.B34
Reading graphs...
80 :  235
80 :  238
Initializing...
maxdom : 12
D->valSize : 456
Solving...
Blb : 2 (clique : 29)
currentSize : 29 <-- 0.004607 s
currentSize : 30 <-- 0.011652 s
currentSize : 31 <-- 0.156143 s
currentSize : 32 <-- 3.786834 s
currentSize : 33 <-- 5.971016 s
currentSize : 34 <-- 16.160872 s
currentSize : 35 <-- 19.037216 s
currentSize : 36 <-- 1161.402588 s
currentSize : 38 <-- 1161.406250 s
currentSize : 39 <-- 1161.406372 s
currentSize : 41 <-- 1161.510132 s
currentSize : 42 <-- 1162.217896 s
currentSize : 43 <-- 1167.256104 s

maxsize : 43
nodes : 419978873.000000
filtered : 2604576565.000000
time : 2067.510010
