Parameters: GAD=1 vflib=1 dir=0 label=1 lowerbound=1 fileNameGp=../graphsdb/mcs50/m2D/m2Dr4/mcs50_m2Dr4_s80.A87 fileNameGt=../graphsdb/mcs50/m2D/m2Dr4/mcs50_m2Dr4_s80.B87
Reading graphs...
80 :  172
80 :  173
Initializing...
maxdom : 9
D->valSize : 446
Solving...
Blb : 2 (clique : 32)
currentSize : 32 <-- 0.004563 s
currentSize : 33 <-- 0.004802 s
currentSize : 34 <-- 0.005396 s
currentSize : 35 <-- 0.051148 s
currentSize : 36 <-- 0.051486 s
currentSize : 37 <-- 0.051529 s
currentSize : 38 <-- 0.546697 s
currentSize : 39 <-- 165.400604 s

TIMEOUT
maxsize : 39
nodes : 664816963.000000
filtered : 5224001774.000000
time : 3600.000000
