Parameters: GAD=1 vflib=1 dir=0 label=1 lowerbound=1 fileNameGp=../graphsdb/mcs50/m2D/m2D/mcs50_m2D_s50.A36 fileNameGt=../graphsdb/mcs50/m2D/m2D/mcs50_m2D_s50.B36
Reading graphs...
50 :  84
50 :  85
Initializing...
maxdom : 12
D->valSize : 358
Solving...
Blb : 2 (clique : 21)
currentSize : 21 <-- 0.002779 s
currentSize : 22 <-- 0.002898 s
currentSize : 23 <-- 0.002948 s
currentSize : 24 <-- 0.006555 s
currentSize : 25 <-- 0.010371 s
currentSize : 26 <-- 0.018747 s
currentSize : 27 <-- 88.599655 s
currentSize : 28 <-- 119.560440 s

maxsize : 28
nodes : 26262355.000000
filtered : 342147974.000000
time : 123.066483
