Parameters: GAD=1 vflib=1 dir=0 label=1 lowerbound=1 fileNameGp=../graphsdb/mcs50/rand/r02/mcs50_r02_s25.A94 fileNameGt=../graphsdb/mcs50/rand/r02/mcs50_r02_s25.B94
Reading graphs...
25 :  107
25 :  111
Initializing...
maxdom : 10
D->valSize : 174
Solving...
Blb : 5 (clique : 6)
currentSize : 6 <-- 0.000932 s
currentSize : 7 <-- 0.000985 s
currentSize : 8 <-- 0.002265 s
currentSize : 9 <-- 0.002345 s
currentSize : 11 <-- 0.004086 s

maxsize : 11
nodes : 1624.000000
filtered : 27909.000000
time : 0.007000
