Parameters: GAD=1 vflib=1 dir=0 label=1 lowerbound=1 fileNameGp=../graphsdb/mcs50/bvg/b06/mcs50_b06_s50.A45 fileNameGt=../graphsdb/mcs50/bvg/b06/mcs50_b06_s50.B45
Reading graphs...
50 :  149
50 :  149
Initializing...
maxdom : 11
D->valSize : 324
Solving...
Blb : 2 (clique : 14)
currentSize : 14 <-- 0.003635 s
currentSize : 15 <-- 0.020763 s
currentSize : 16 <-- 0.075699 s
currentSize : 17 <-- 0.134584 s
currentSize : 18 <-- 1.701628 s
currentSize : 19 <-- 2.152794 s
currentSize : 20 <-- 2.152935 s
currentSize : 22 <-- 2.153103 s
currentSize : 23 <-- 2.153197 s
currentSize : 25 <-- 3.047479 s
currentSize : 26 <-- 3.047553 s

maxsize : 26
nodes : 1039437.000000
filtered : 11369627.000000
time : 4.010798
