Parameters: GAD=1 vflib=1 dir=0 label=1 lowerbound=1 fileNameGp=../graphsdb/mcs50/bvg/b03/mcs50_b03_s80.A60 fileNameGt=../graphsdb/mcs50/bvg/b03/mcs50_b03_s80.B60
Reading graphs...
80 :  120
80 :  120
Initializing...
maxdom : 9
D->valSize : 453
Solving...
Blb : 2 (clique : 40)
currentSize : 40 <-- 0.004753 s
currentSize : 41 <-- 0.005595 s
currentSize : 42 <-- 0.086815 s
currentSize : 43 <-- 201.304611 s
currentSize : 44 <-- 281.209503 s
currentSize : 45 <-- 281.318695 s
currentSize : 46 <-- 1026.601929 s

TIMEOUT
maxsize : 46
nodes : 677028787.000000
filtered : 5554070301.000000
time : 3600.000000
