Parameters: GAD=1 vflib=1 dir=0 label=1 lowerbound=1 fileNameGp=../graphsdb/mcs50/rand/r02/mcs50_r02_s90.A67 fileNameGt=../graphsdb/mcs50/rand/r02/mcs50_r02_s90.B67
Reading graphs...
90 :  1442
90 :  1418
Initializing...
maxdom : 9
D->valSize : 511
Solving...
Blb : 2 (clique : 7)
currentSize : 7 <-- 0.007929 s
currentSize : 8 <-- 0.008077 s
currentSize : 9 <-- 0.008167 s
currentSize : 10 <-- 0.008682 s
currentSize : 11 <-- 0.009061 s
currentSize : 14 <-- 0.011477 s
currentSize : 19 <-- 0.015674 s
currentSize : 20 <-- 0.018487 s
currentSize : 23 <-- 0.048328 s
currentSize : 33 <-- 0.223172 s
currentSize : 35 <-- 0.328071 s

maxsize : 35
nodes : 202006.000000
filtered : 1289629.000000
time : 0.978505
