Parameters: GAD=1 vflib=1 dir=0 label=1 lowerbound=1 fileNameGp=../graphsdb/mcs50/rand/r005/mcs50_r005_s80.A12 fileNameGt=../graphsdb/mcs50/rand/r005/mcs50_r005_s80.B12
Reading graphs...
80 :  308
80 :  307
Initializing...
maxdom : 9
D->valSize : 426
Solving...
Blb : 2 (clique : 25)
currentSize : 25 <-- 0.004338 s
currentSize : 27 <-- 1.343704 s
currentSize : 28 <-- 1.681178 s
currentSize : 29 <-- 1.695061 s
currentSize : 30 <-- 3.396339 s
currentSize : 31 <-- 6.603652 s
currentSize : 32 <-- 7.133472 s
currentSize : 33 <-- 7.152212 s
currentSize : 34 <-- 8.224818 s
currentSize : 35 <-- 21.205053 s
currentSize : 36 <-- 23.129732 s
currentSize : 37 <-- 23.130360 s
currentSize : 38 <-- 23.130447 s
currentSize : 39 <-- 35.629749 s
currentSize : 40 <-- 35.629833 s

maxsize : 40
nodes : 7804780.000000
filtered : 90761537.000000
time : 46.449615
