Parameters: GAD=1 vflib=1 dir=0 label=1 lowerbound=1 fileNameGp=../graphsdb/mcs50/bvg/b09m/mcs50_b09m_s100.A80 fileNameGt=../graphsdb/mcs50/bvg/b09m/mcs50_b09m_s100.B80
Reading graphs...
100 :  445
100 :  442
Initializing...
maxdom : 7
D->valSize : 372
Solving...
Blb : 3 (clique : 32)
currentSize : 32 <-- 0.004035 s
currentSize : 33 <-- 39.100792 s
currentSize : 34 <-- 55.773163 s
currentSize : 35 <-- 56.055851 s
currentSize : 36 <-- 146.923599 s
currentSize : 37 <-- 149.010544 s
currentSize : 38 <-- 181.817734 s
currentSize : 39 <-- 186.226883 s
currentSize : 40 <-- 277.984406 s
currentSize : 41 <-- 304.823212 s
currentSize : 42 <-- 304.826691 s
currentSize : 43 <-- 305.511169 s
currentSize : 44 <-- 767.766846 s
currentSize : 46 <-- 769.115784 s
currentSize : 47 <-- 1089.343384 s
currentSize : 48 <-- 1090.173706 s
currentSize : 49 <-- 1090.179688 s

maxsize : 49
nodes : 342640715.000000
filtered : 1335544680.000000
time : 1778.479248
