Parameters: GAD=1 vflib=1 dir=0 label=1 lowerbound=1 fileNameGp=../graphsdb/mcs50/m3D/m3Dr6/mcs50_m3Dr6_s50.A80 fileNameGt=../graphsdb/mcs50/m3D/m3Dr6/mcs50_m3Dr6_s50.B80
Reading graphs...
50 :  139
50 :  136
Initializing...
maxdom : 10
D->valSize : 331
Solving...
Blb : 2 (clique : 14)
currentSize : 14 <-- 0.002450 s
currentSize : 18 <-- 0.002545 s
currentSize : 20 <-- 0.002677 s
currentSize : 21 <-- 0.193594 s
currentSize : 22 <-- 0.273966 s
currentSize : 23 <-- 0.273987 s
currentSize : 24 <-- 0.275291 s
currentSize : 25 <-- 0.275312 s
currentSize : 26 <-- 0.275424 s
currentSize : 27 <-- 0.502503 s

maxsize : 27
nodes : 124705.000000
filtered : 1627078.000000
time : 0.592884
