Parameters: GAD=1 vflib=1 dir=0 label=1 lowerbound=1 fileNameGp=../graphsdb/mcs50/bvg/b09/mcs50_b09_s60.A67 fileNameGt=../graphsdb/mcs50/bvg/b09/mcs50_b09_s60.B67
Reading graphs...
60 :  269
60 :  260
Initializing...
maxdom : 7
D->valSize : 266
Solving...
Blb : 2 (clique : 11)
currentSize : 11 <-- 0.001857 s
currentSize : 12 <-- 0.002032 s
currentSize : 13 <-- 0.002979 s
currentSize : 14 <-- 0.003446 s
currentSize : 15 <-- 0.022093 s
currentSize : 16 <-- 0.042256 s
currentSize : 17 <-- 0.068667 s
currentSize : 18 <-- 0.112942 s
currentSize : 19 <-- 0.114188 s
currentSize : 20 <-- 0.124762 s
currentSize : 21 <-- 0.183136 s
currentSize : 22 <-- 0.183164 s
currentSize : 23 <-- 0.250998 s
currentSize : 25 <-- 0.383505 s
currentSize : 26 <-- 0.598911 s
currentSize : 27 <-- 0.737884 s
currentSize : 28 <-- 0.904353 s
currentSize : 29 <-- 0.904479 s
currentSize : 30 <-- 0.904596 s

maxsize : 30
nodes : 290945.000000
filtered : 2211182.000000
time : 1.257192
