Parameters: GAD=1 vflib=1 dir=0 label=1 lowerbound=1 fileNameGp=../graphsdb/mcs50/bvg/b03m/mcs50_b03m_s60.A55 fileNameGt=../graphsdb/mcs50/bvg/b03m/mcs50_b03m_s60.B55
Reading graphs...
60 :  90
60 :  90
Initializing...
maxdom : 7
D->valSize : 227
Solving...
Blb : 2 (clique : 27)
currentSize : 27 <-- 0.001864 s
currentSize : 29 <-- 0.002061 s
currentSize : 30 <-- 0.002290 s
currentSize : 31 <-- 0.025122 s
currentSize : 32 <-- 5.578323 s
currentSize : 33 <-- 81.327217 s

maxsize : 33
nodes : 28504521.000000
filtered : 129146914.000000
time : 111.869133
