Parameters: GAD=1 vflib=1 dir=0 label=1 lowerbound=1 fileNameGp=../graphsdb/mcs50/bvg/b03m/mcs50_b03m_s100.A12 fileNameGt=../graphsdb/mcs50/bvg/b03m/mcs50_b03m_s100.B12
Reading graphs...
100 :  149
100 :  149
Initializing...
maxdom : 8
D->valSize : 385
Solving...
Blb : 3 (clique : 45)
currentSize : 45 <-- 0.004262 s
currentSize : 46 <-- 0.004613 s
currentSize : 47 <-- 0.007186 s
currentSize : 48 <-- 0.729406 s
currentSize : 49 <-- 0.739850 s
currentSize : 50 <-- 8.984768 s
currentSize : 51 <-- 1062.002319 s

TIMEOUT
maxsize : 51
nodes : 676743470.000000
filtered : 2727869268.000000
time : 3600.000000
