Parameters: GAD=1 vflib=1 dir=0 label=1 lowerbound=1 fileNameGp=../graphsdb/mcs50/rand/r02/mcs50_r02_s80.A06 fileNameGt=../graphsdb/mcs50/rand/r02/mcs50_r02_s80.B06
Reading graphs...
80 :  1133
80 :  1135
Initializing...
maxdom : 8
D->valSize : 435
Solving...
Blb : 5 (clique : 8)
currentSize : 8 <-- 0.003934 s
currentSize : 9 <-- 0.004828 s
currentSize : 10 <-- 0.015090 s
currentSize : 12 <-- 0.015138 s
currentSize : 13 <-- 0.049373 s
currentSize : 14 <-- 0.049448 s
currentSize : 15 <-- 0.049759 s
currentSize : 19 <-- 0.069627 s
currentSize : 20 <-- 0.069803 s
currentSize : 21 <-- 0.070857 s
currentSize : 27 <-- 0.110523 s
currentSize : 29 <-- 0.111822 s

maxsize : 29
nodes : 222074.000000
filtered : 988533.000000
time : 0.989887
