Parameters: GAD=1 vflib=1 dir=0 label=1 lowerbound=1 fileNameGp=../graphsdb/mcs50/rand/r02/mcs50_r02_s100.A94 fileNameGt=../graphsdb/mcs50/rand/r02/mcs50_r02_s100.B94
Reading graphs...
100 :  1784
100 :  1766
Initializing...
maxdom : 8
D->valSize : 384
Solving...
Blb : 2 (clique : 9)
currentSize : 9 <-- 0.005935 s
currentSize : 11 <-- 0.006105 s
currentSize : 16 <-- 0.006456 s
currentSize : 25 <-- 0.007265 s
currentSize : 35 <-- 0.012529 s
currentSize : 37 <-- 0.012635 s
currentSize : 38 <-- 0.022234 s
currentSize : 39 <-- 0.123287 s

maxsize : 39
nodes : 133964.000000
filtered : 304016.000000
time : 0.601740
