Parameters: GAD=1 vflib=1 dir=0 label=1 lowerbound=1 fileNameGp=../graphsdb/mcs50/rand/r02/mcs50_r02_s35.A54 fileNameGt=../graphsdb/mcs50/rand/r02/mcs50_r02_s35.B54
Reading graphs...
35 :  210
35 :  209
Initializing...
maxdom : 7
D->valSize : 172
Solving...
Blb : 2 (clique : 8)
currentSize : 8 <-- 0.000929 s
currentSize : 9 <-- 0.001158 s
currentSize : 10 <-- 0.007243 s
currentSize : 11 <-- 0.007320 s
currentSize : 12 <-- 0.010410 s
currentSize : 13 <-- 0.010481 s
currentSize : 14 <-- 0.011173 s

maxsize : 14
nodes : 3671.000000
filtered : 46788.000000
time : 0.013575
