Parameters: GAD=1 vflib=1 dir=0 label=1 lowerbound=1 fileNameGp=../graphsdb/mcs50/bvg/b09m/mcs50_b09m_s50.A38 fileNameGt=../graphsdb/mcs50/bvg/b09m/mcs50_b09m_s50.B38
Reading graphs...
50 :  215
50 :  213
Initializing...
maxdom : 9
D->valSize : 328
Solving...
Blb : 2 (clique : 12)
currentSize : 12 <-- 0.002347 s
currentSize : 13 <-- 0.002727 s
currentSize : 14 <-- 0.010680 s
currentSize : 15 <-- 0.010791 s
currentSize : 16 <-- 0.010897 s
currentSize : 17 <-- 0.105006 s
currentSize : 18 <-- 0.105053 s
currentSize : 19 <-- 0.433863 s
currentSize : 20 <-- 0.438184 s
currentSize : 22 <-- 0.701224 s
currentSize : 23 <-- 0.701317 s

maxsize : 23
nodes : 462107.000000
filtered : 6687204.000000
time : 2.023712
