Parameters: GAD=1 vflib=1 dir=0 label=1 lowerbound=1 fileNameGp=../graphsdb/mcs50/bvg/b03m/mcs50_b03m_s60.A77 fileNameGt=../graphsdb/mcs50/bvg/b03m/mcs50_b03m_s60.B77
Reading graphs...
60 :  89
60 :  89
Initializing...
maxdom : 8
D->valSize : 256
Solving...
Blb : 2 (clique : 28)
currentSize : 28 <-- 0.002059 s
currentSize : 29 <-- 0.002603 s
currentSize : 30 <-- 0.039579 s
currentSize : 31 <-- 0.077818 s
currentSize : 32 <-- 0.327571 s
currentSize : 33 <-- 2.253893 s
currentSize : 34 <-- 4.507612 s
currentSize : 35 <-- 24.619621 s

maxsize : 35
nodes : 8737193.000000
filtered : 35288163.000000
time : 33.245739
