Parameters: GAD=1 vflib=1 dir=0 label=1 lowerbound=1 fileNameGp=../graphsdb/mcs50/m2D/m2Dr2/mcs50_m2Dr2_s50.A14 fileNameGt=../graphsdb/mcs50/m2D/m2Dr2/mcs50_m2Dr2_s50.B14
Reading graphs...
50 :  95
50 :  95
Initializing...
maxdom : 10
D->valSize : 314
Solving...
Blb : 2 (clique : 22)
currentSize : 22 <-- 0.002355 s
currentSize : 23 <-- 0.212406 s
currentSize : 24 <-- 2.454817 s
currentSize : 25 <-- 2.514446 s
currentSize : 26 <-- 35.637333 s

maxsize : 26
nodes : 12509642.000000
filtered : 142215855.000000
time : 50.871239
