Parameters: GAD=1 vflib=1 dir=0 label=1 lowerbound=1 fileNameGp=../graphsdb/mcs50/bvg/b06m/mcs50_b06m_s100.A90 fileNameGt=../graphsdb/mcs50/bvg/b06m/mcs50_b06m_s100.B90
Reading graphs...
100 :  297
100 :  298
Initializing...
maxdom : 9
D->valSize : 349
Solving...
Blb : 3 (clique : 45)
currentSize : 45 <-- 0.005959 s
currentSize : 46 <-- 185.934799 s
currentSize : 47 <-- 615.948547 s
currentSize : 48 <-- 616.482422 s
currentSize : 49 <-- 629.539673 s
currentSize : 50 <-- 629.682800 s

maxsize : 50
nodes : 345538414.000000
filtered : 1320310590.000000
time : 1724.666626
