Parameters: GAD=1 vflib=1 dir=0 label=1 lowerbound=1 fileNameGp=../graphsdb/mcs50/bvg/b09/mcs50_b09_s60.A93 fileNameGt=../graphsdb/mcs50/bvg/b09/mcs50_b09_s60.B93
Reading graphs...
60 :  269
60 :  267
Initializing...
maxdom : 7
D->valSize : 258
Solving...
Blb : 3 (clique : 12)
currentSize : 12 <-- 0.001908 s
currentSize : 13 <-- 0.004523 s
currentSize : 14 <-- 0.004587 s
currentSize : 15 <-- 0.007823 s
currentSize : 16 <-- 0.051345 s
currentSize : 20 <-- 0.086793 s
currentSize : 26 <-- 0.223444 s
currentSize : 28 <-- 0.223512 s
currentSize : 30 <-- 0.223667 s

maxsize : 30
nodes : 140337.000000
filtered : 1096153.000000
time : 0.608613
