Parameters: GAD=1 vflib=1 dir=0 label=1 lowerbound=1 fileNameGp=../graphsdb/mcs50/m4D/m4Dr6/mcs50_m4Dr6_s30.A51 fileNameGt=../graphsdb/mcs50/m4D/m4Dr6/mcs50_m4Dr6_s30.B51
Reading graphs...
30 :  71
30 :  69
Initializing...
maxdom : 7
D->valSize : 120
Solving...
Blb : 2 (clique : 11)
currentSize : 11 <-- 0.000940 s
currentSize : 13 <-- 0.001017 s
currentSize : 14 <-- 0.001077 s
currentSize : 15 <-- 0.006513 s
currentSize : 16 <-- 0.006859 s

maxsize : 16
nodes : 2546.000000
filtered : 19185.000000
time : 0.012144
