Parameters: GAD=1 vflib=1 dir=0 label=1 lowerbound=1 fileNameGp=../graphsdb/mcs50/bvg/b09/mcs50_b09_s100.A61 fileNameGt=../graphsdb/mcs50/bvg/b09/mcs50_b09_s100.B61
Reading graphs...
100 :  448
100 :  446
Initializing...
maxdom : 8
D->valSize : 355
Solving...
Blb : 3 (clique : 34)
currentSize : 34 <-- 0.003674 s
currentSize : 35 <-- 6.188913 s
currentSize : 36 <-- 54.640785 s
currentSize : 37 <-- 54.641647 s
currentSize : 38 <-- 54.883209 s
currentSize : 39 <-- 74.399879 s
currentSize : 40 <-- 196.876938 s
currentSize : 41 <-- 298.370361 s
currentSize : 42 <-- 660.011780 s
currentSize : 43 <-- 684.342834 s
currentSize : 44 <-- 684.343079 s
currentSize : 45 <-- 684.347778 s
currentSize : 46 <-- 812.256409 s
currentSize : 47 <-- 813.329590 s
currentSize : 48 <-- 813.359497 s
currentSize : 49 <-- 813.359863 s
currentSize : 50 <-- 898.008972 s
currentSize : 52 <-- 898.046265 s

maxsize : 52
nodes : 310490834.000000
filtered : 1080653897.000000
time : 1495.100342
