Parameters: GAD=1 vflib=1 dir=0 label=1 lowerbound=1 fileNameGp=../graphsdb/mcs50/m2D/m2Dr2/mcs50_m2Dr2_s70.A74 fileNameGt=../graphsdb/mcs50/m2D/m2Dr2/mcs50_m2Dr2_s70.B74
Reading graphs...
70 :  135
70 :  135
Initializing...
maxdom : 8
D->valSize : 313
Solving...
Blb : 2 (clique : 28)
currentSize : 28 <-- 0.004398 s
currentSize : 29 <-- 0.064260 s
currentSize : 30 <-- 0.968582 s
currentSize : 31 <-- 1.067803 s
currentSize : 32 <-- 1.067947 s
currentSize : 33 <-- 75.553284 s
currentSize : 34 <-- 105.399483 s
currentSize : 35 <-- 105.402184 s
currentSize : 36 <-- 105.446465 s
currentSize : 37 <-- 105.448463 s
currentSize : 38 <-- 105.448814 s

maxsize : 38
nodes : 75736048.000000
filtered : 465156269.000000
time : 348.255707
