Parameters: GAD=1 vflib=1 dir=0 label=1 lowerbound=1 fileNameGp=../graphsdb/mcs50/bvg/b03/mcs50_b03_s60.A33 fileNameGt=../graphsdb/mcs50/bvg/b03/mcs50_b03_s60.B33
Reading graphs...
60 :  89
60 :  88
Initializing...
maxdom : 6
D->valSize : 247
Solving...
Blb : 2 (clique : 28)
currentSize : 28 <-- 0.001964 s
currentSize : 29 <-- 0.002110 s
currentSize : 30 <-- 0.002209 s
currentSize : 31 <-- 0.003137 s
currentSize : 32 <-- 0.006797 s
currentSize : 33 <-- 10.331017 s
currentSize : 34 <-- 10.331097 s
currentSize : 35 <-- 65.789742 s

maxsize : 35
nodes : 64346276.000000
filtered : 315113064.000000
time : 250.888809
