Parameters: GAD=1 vflib=1 dir=0 label=1 lowerbound=1 fileNameGp=../graphsdb/mcs50/m2D/m2Dr4/mcs50_m2Dr4_s50.A79 fileNameGt=../graphsdb/mcs50/m2D/m2Dr4/mcs50_m2Dr4_s50.B79
Reading graphs...
50 :  103
50 :  102
Initializing...
maxdom : 10
D->valSize : 315
Solving...
Blb : 2 (clique : 17)
currentSize : 17 <-- 0.002194 s
currentSize : 18 <-- 0.003974 s
currentSize : 19 <-- 0.163302 s
currentSize : 20 <-- 0.728371 s
currentSize : 21 <-- 2.041186 s
currentSize : 22 <-- 2.043838 s
currentSize : 23 <-- 2.833951 s
currentSize : 24 <-- 4.503529 s
currentSize : 25 <-- 41.691818 s

maxsize : 25
nodes : 11078557.000000
filtered : 134004516.000000
time : 47.965759
