Parameters: GAD=1 vflib=1 dir=0 label=1 lowerbound=1 fileNameGp=../graphsdb/mcs50/m2D/m2D/mcs50_m2D_s80.A88 fileNameGt=../graphsdb/mcs50/m2D/m2D/mcs50_m2D_s80.B88
Reading graphs...
80 :  142
80 :  142
Initializing...
maxdom : 10
D->valSize : 425
Solving...
Blb : 2 (clique : 30)
currentSize : 30 <-- 0.007032 s
currentSize : 31 <-- 0.007389 s
currentSize : 32 <-- 0.009712 s
currentSize : 33 <-- 0.022701 s
currentSize : 35 <-- 0.905295 s
currentSize : 36 <-- 1.079226 s
currentSize : 37 <-- 398.157440 s

TIMEOUT
maxsize : 37
nodes : 683432636.000000
filtered : 5729042210.000000
time : 3600.000000
