Parameters: GAD=1 vflib=1 dir=0 label=1 lowerbound=1 fileNameGp=../graphsdb/mcs50/m2D/m2Dr2/mcs50_m2Dr2_s50.A74 fileNameGt=../graphsdb/mcs50/m2D/m2Dr2/mcs50_m2Dr2_s50.B74
Reading graphs...
50 :  95
50 :  94
Initializing...
maxdom : 10
D->valSize : 318
Solving...
Blb : 5 (clique : 18)
currentSize : 18 <-- 0.002705 s
currentSize : 20 <-- 0.002812 s
currentSize : 21 <-- 0.005705 s
currentSize : 22 <-- 0.020895 s
currentSize : 23 <-- 0.021304 s
currentSize : 24 <-- 0.023835 s
currentSize : 25 <-- 16.511124 s
currentSize : 26 <-- 33.103088 s
currentSize : 27 <-- 41.549400 s

maxsize : 27
nodes : 15199871.000000
filtered : 175737644.000000
time : 63.103336
