Parameters: GAD=1 vflib=1 dir=0 label=1 lowerbound=1 fileNameGp=../graphsdb/mcs50/m2D/m2D/mcs50_m2D_s50.A04 fileNameGt=../graphsdb/mcs50/m2D/m2D/mcs50_m2D_s50.B04
Reading graphs...
50 :  85
50 :  84
Initializing...
maxdom : 14
D->valSize : 375
Solving...
Blb : 2 (clique : 21)
currentSize : 21 <-- 0.002966 s
currentSize : 22 <-- 0.082720 s
currentSize : 23 <-- 1.350287 s
currentSize : 24 <-- 10.599359 s
currentSize : 25 <-- 10.601531 s
currentSize : 26 <-- 10.601609 s

maxsize : 26
nodes : 5211296.000000
filtered : 85921752.000000
time : 23.902470
