Parameters: GAD=1 vflib=1 dir=0 label=1 lowerbound=1 fileNameGp=../graphsdb/mcs50/m2D/m2Dr4/mcs50_m2Dr4_s90.A77 fileNameGt=../graphsdb/mcs50/m2D/m2Dr4/mcs50_m2Dr4_s90.B77
Reading graphs...
90 :  196
90 :  193
Initializing...
maxdom : 9
D->valSize : 527
Solving...
Blb : 2 (clique : 34)
currentSize : 34 <-- 0.006229 s
currentSize : 36 <-- 0.006504 s
currentSize : 38 <-- 0.015580 s
currentSize : 39 <-- 163.175232 s
currentSize : 41 <-- 703.524963 s
currentSize : 42 <-- 1321.182495 s
currentSize : 43 <-- 1737.956421 s

TIMEOUT
maxsize : 43
nodes : 670119113.000000
filtered : 4612742655.000000
time : 3600.000000
