Parameters: GAD=1 vflib=1 dir=0 label=1 lowerbound=1 fileNameGp=../graphsdb/mcs50/bvg/b03m/mcs50_b03m_s25.A86 fileNameGt=../graphsdb/mcs50/bvg/b03m/mcs50_b03m_s25.B86
Reading graphs...
25 :  37
25 :  37
Initializing...
maxdom : 8
D->valSize : 167
Solving...
Blb : 2 (clique : 10)
currentSize : 10 <-- 0.000879 s
currentSize : 11 <-- 0.001246 s
currentSize : 12 <-- 0.001542 s
currentSize : 13 <-- 0.009105 s
currentSize : 14 <-- 0.009115 s

maxsize : 14
nodes : 14063.000000
filtered : 135116.000000
time : 0.041066
