Parameters: GAD=1 vflib=1 dir=0 label=1 lowerbound=1 fileNameGp=../graphsdb/mcs50/rand/r005/mcs50_r005_s40.A75 fileNameGt=../graphsdb/mcs50/rand/r005/mcs50_r005_s40.B75
Reading graphs...
40 :  77
40 :  77
Initializing...
maxdom : 8
D->valSize : 235
Solving...
Blb : 2 (clique : 15)
currentSize : 15 <-- 0.001384 s
currentSize : 16 <-- 0.013495 s
currentSize : 17 <-- 0.132204 s
currentSize : 18 <-- 1.410115 s
currentSize : 19 <-- 1.410138 s
currentSize : 20 <-- 2.197804 s

maxsize : 20
nodes : 1142538.000000
filtered : 14340330.000000
time : 4.325392
