Parameters: GAD=1 vflib=1 dir=0 label=1 lowerbound=1 fileNameGp=../graphsdb/mcs50/m2D/m2Dr2/mcs50_m2Dr2_s60.A38 fileNameGt=../graphsdb/mcs50/m2D/m2Dr2/mcs50_m2Dr2_s60.B38
Reading graphs...
60 :  116
60 :  114
Initializing...
maxdom : 7
D->valSize : 229
Solving...
Blb : 2 (clique : 24)
currentSize : 24 <-- 0.001785 s
currentSize : 25 <-- 0.117533 s
currentSize : 26 <-- 0.701470 s
currentSize : 27 <-- 0.701701 s
currentSize : 28 <-- 1.447644 s
currentSize : 29 <-- 1.447778 s

maxsize : 29
nodes : 818675.000000
filtered : 6038135.000000
time : 3.739224
