Parameters: GAD=1 vflib=1 dir=0 label=1 lowerbound=1 fileNameGp=../graphsdb/mcs50/bvg/b06/mcs50_b06_s90.A34 fileNameGt=../graphsdb/mcs50/bvg/b06/mcs50_b06_s90.B34
Reading graphs...
90 :  270
90 :  267
Initializing...
maxdom : 12
D->valSize : 553
Solving...
Blb : 2 (clique : 22)
currentSize : 22 <-- 0.010546 s
currentSize : 23 <-- 0.011016 s
currentSize : 24 <-- 1.908276 s
currentSize : 25 <-- 2.656335 s
currentSize : 26 <-- 2.656555 s
currentSize : 27 <-- 4.999233 s
currentSize : 28 <-- 5.001489 s
currentSize : 29 <-- 5.269159 s
currentSize : 30 <-- 5.269297 s
currentSize : 31 <-- 13.960498 s
currentSize : 32 <-- 62.478245 s
currentSize : 33 <-- 300.114838 s
currentSize : 34 <-- 300.458099 s
currentSize : 35 <-- 821.589722 s
currentSize : 36 <-- 2438.997314 s
currentSize : 37 <-- 2442.051025 s

TIMEOUT
maxsize : 37
nodes : 624994467.000000
filtered : 7346274590.000000
time : 3600.000000
