Parameters: GAD=1 vflib=1 dir=0 label=1 lowerbound=1 fileNameGp=../graphsdb/mcs50/rand/r01/mcs50_r01_s60.A86 fileNameGt=../graphsdb/mcs50/rand/r01/mcs50_r01_s60.B86
Reading graphs...
60 :  341
60 :  331
Initializing...
maxdom : 8
D->valSize : 244
Solving...
Blb : 5 (clique : 11)
currentSize : 11 <-- 0.002622 s
currentSize : 13 <-- 0.006585 s
currentSize : 14 <-- 0.014584 s
currentSize : 15 <-- 0.017823 s
currentSize : 16 <-- 0.028136 s
currentSize : 17 <-- 0.028550 s
currentSize : 18 <-- 0.045295 s
currentSize : 19 <-- 0.045427 s
currentSize : 20 <-- 0.045628 s
currentSize : 21 <-- 0.045687 s
currentSize : 22 <-- 0.068436 s
currentSize : 25 <-- 0.156256 s
currentSize : 27 <-- 0.156611 s

maxsize : 27
nodes : 49622.000000
filtered : 481720.000000
time : 0.230591
