Parameters: GAD=1 vflib=1 dir=0 label=1 lowerbound=1 fileNameGp=../graphsdb/mcs50/rand/r005/mcs50_r005_s60.A55 fileNameGt=../graphsdb/mcs50/rand/r005/mcs50_r005_s60.B55
Reading graphs...
60 :  175
60 :  175
Initializing...
maxdom : 7
D->valSize : 246
Solving...
Blb : 2 (clique : 17)
currentSize : 17 <-- 0.001883 s
currentSize : 18 <-- 0.002016 s
currentSize : 20 <-- 0.002222 s
currentSize : 21 <-- 0.005770 s
currentSize : 22 <-- 0.037077 s
currentSize : 23 <-- 0.046351 s
currentSize : 24 <-- 0.280387 s
currentSize : 25 <-- 3.093839 s
currentSize : 26 <-- 3.806465 s
currentSize : 27 <-- 3.806575 s
currentSize : 30 <-- 4.895956 s

maxsize : 30
nodes : 1469709.000000
filtered : 10273672.000000
time : 6.169208
