Parameters: GAD=1 vflib=1 dir=0 label=1 lowerbound=1 fileNameGp=../graphsdb/mcs50/bvg/b06/mcs50_b06_s100.A55 fileNameGt=../graphsdb/mcs50/bvg/b06/mcs50_b06_s100.B55
Reading graphs...
100 :  299
100 :  298
Initializing...
maxdom : 8
D->valSize : 373
Solving...
Blb : 2 (clique : 32)
currentSize : 32 <-- 0.004035 s
currentSize : 33 <-- 0.005224 s
currentSize : 34 <-- 0.038601 s
currentSize : 35 <-- 0.044248 s
currentSize : 36 <-- 1.882491 s
currentSize : 37 <-- 1.911179 s
currentSize : 38 <-- 1.914634 s
currentSize : 39 <-- 13.876494 s
currentSize : 40 <-- 13.880624 s
currentSize : 41 <-- 135.803436 s
currentSize : 42 <-- 470.454315 s
currentSize : 43 <-- 470.530518 s
currentSize : 44 <-- 470.546173 s
currentSize : 45 <-- 487.126434 s
currentSize : 46 <-- 487.148712 s
currentSize : 47 <-- 920.890503 s

TIMEOUT
maxsize : 47
nodes : 683844127.000000
filtered : 2610985832.000000
time : 3600.000000
