Parameters: GAD=1 vflib=1 dir=0 label=1 lowerbound=1 fileNameGp=../graphsdb/mcs50/m2D/m2D/mcs50_m2D_s30.A30 fileNameGt=../graphsdb/mcs50/m2D/m2D/mcs50_m2D_s30.B30
Reading graphs...
30 :  49
30 :  48
Initializing...
maxdom : 5
D->valSize : 119
Solving...
Blb : 5 (clique : 12)
currentSize : 12 <-- 0.000612 s
currentSize : 13 <-- 0.001124 s
currentSize : 14 <-- 0.001147 s
currentSize : 15 <-- 0.002102 s
currentSize : 16 <-- 0.005034 s
currentSize : 17 <-- 0.007050 s

maxsize : 17
nodes : 8673.000000
filtered : 42701.000000
time : 0.023647
