Parameters: GAD=1 vflib=1 dir=0 label=1 lowerbound=1 fileNameGp=../graphsdb/mcs50/bvg/b06m/mcs50_b06m_s70.A53 fileNameGt=../graphsdb/mcs50/bvg/b06m/mcs50_b06m_s70.B53
Reading graphs...
70 :  206
70 :  208
Initializing...
maxdom : 9
D->valSize : 347
Solving...
Blb : 5 (clique : 31)
currentSize : 31 <-- 0.004959 s
currentSize : 32 <-- 4.404294 s
currentSize : 33 <-- 6.319517 s
currentSize : 34 <-- 6.357412 s
currentSize : 35 <-- 10.033278 s
currentSize : 37 <-- 22.799751 s

maxsize : 37
nodes : 11769326.000000
filtered : 75939354.000000
time : 52.210899
