Parameters: GAD=1 vflib=1 dir=0 label=1 lowerbound=1 fileNameGp=../graphsdb/mcs50/m3D/m3Dr6/mcs50_m3Dr6_s60.A64 fileNameGt=../graphsdb/mcs50/m3D/m3Dr6/mcs50_m3Dr6_s60.B64
Reading graphs...
60 :  167
60 :  166
Initializing...
maxdom : 10
D->valSize : 237
Solving...
Blb : 2 (clique : 19)
currentSize : 19 <-- 0.001776 s
currentSize : 20 <-- 0.003367 s
currentSize : 21 <-- 0.816333 s
currentSize : 25 <-- 2.016259 s
currentSize : 26 <-- 4.057248 s
currentSize : 27 <-- 4.066634 s

maxsize : 27
nodes : 2061567.000000
filtered : 13360122.000000
time : 8.884256
