Parameters: GAD=1 vflib=1 dir=0 label=1 lowerbound=1 fileNameGp=../graphsdb/mcs50/bvg/b09m/mcs50_b09m_s35.A91 fileNameGt=../graphsdb/mcs50/bvg/b09m/mcs50_b09m_s35.B91
Reading graphs...
35 :  148
35 :  150
Initializing...
maxdom : 7
D->valSize : 165
Solving...
Blb : 2 (clique : 8)
currentSize : 8 <-- 0.000818 s
currentSize : 9 <-- 0.000869 s
currentSize : 10 <-- 0.001306 s
currentSize : 11 <-- 0.001683 s
currentSize : 12 <-- 0.003173 s
currentSize : 13 <-- 0.008207 s
currentSize : 14 <-- 0.015255 s
currentSize : 15 <-- 0.017860 s

maxsize : 15
nodes : 13172.000000
filtered : 84966.000000
time : 0.038846
