Parameters: GAD=1 vflib=1 dir=0 label=1 lowerbound=1 fileNameGp=../graphsdb/mcs50/m2D/m2Dr2/mcs50_m2Dr2_s50.A59 fileNameGt=../graphsdb/mcs50/m2D/m2Dr2/mcs50_m2Dr2_s50.B59
Reading graphs...
50 :  95
50 :  94
Initializing...
maxdom : 12
D->valSize : 355
Solving...
Blb : 2 (clique : 21)
currentSize : 21 <-- 0.002873 s
currentSize : 22 <-- 0.006392 s
currentSize : 23 <-- 0.561453 s
currentSize : 24 <-- 0.686621 s
currentSize : 25 <-- 9.057196 s
currentSize : 26 <-- 33.780807 s
currentSize : 27 <-- 33.828621 s

maxsize : 27
nodes : 16832292.000000
filtered : 241435983.000000
time : 80.258766
