Parameters: GAD=1 vflib=1 dir=0 label=1 lowerbound=1 fileNameGp=../graphsdb/mcs50/bvg/b09m/mcs50_b09m_s50.A49 fileNameGt=../graphsdb/mcs50/bvg/b09m/mcs50_b09m_s50.B49
Reading graphs...
50 :  216
50 :  216
Initializing...
maxdom : 11
D->valSize : 328
Solving...
Blb : 2 (clique : 16)
currentSize : 16 <-- 0.003377 s
currentSize : 17 <-- 0.003535 s
currentSize : 18 <-- 0.004169 s
currentSize : 21 <-- 0.011417 s
currentSize : 23 <-- 0.011543 s
currentSize : 24 <-- 0.012195 s

maxsize : 24
nodes : 200818.000000
filtered : 1823794.000000
time : 0.799088
