Parameters: GAD=1 vflib=1 dir=0 label=1 lowerbound=1 fileNameGp=../graphsdb/mcs50/m2D/m2Dr6/mcs50_m2Dr6_s70.A32 fileNameGt=../graphsdb/mcs50/m2D/m2Dr6/mcs50_m2Dr6_s70.B32
Reading graphs...
70 :  159
70 :  159
Initializing...
maxdom : 8
D->valSize : 358
Solving...
Blb : 2 (clique : 29)
currentSize : 29 <-- 0.003231 s
currentSize : 31 <-- 0.003423 s
currentSize : 32 <-- 0.003667 s
currentSize : 34 <-- 0.004596 s
currentSize : 35 <-- 0.024645 s
currentSize : 37 <-- 0.025598 s

maxsize : 37
nodes : 140818442.000000
filtered : 769853809.000000
time : 640.689575
