Parameters: GAD=1 vflib=1 dir=0 label=1 lowerbound=1 fileNameGp=../graphsdb/mcs50/rand/r02/mcs50_r02_s40.A57 fileNameGt=../graphsdb/mcs50/rand/r02/mcs50_r02_s40.B57
Reading graphs...
40 :  283
40 :  283
Initializing...
maxdom : 11
D->valSize : 235
Solving...
Blb : 2 (clique : 5)
currentSize : 5 <-- 0.001369 s
currentSize : 6 <-- 0.001441 s
currentSize : 7 <-- 0.001752 s
currentSize : 8 <-- 0.001832 s
currentSize : 9 <-- 0.003610 s
currentSize : 11 <-- 0.004115 s
currentSize : 18 <-- 0.007127 s

maxsize : 18
nodes : 2911.000000
filtered : 54220.000000
time : 0.013294
