Parameters: GAD=1 vflib=1 dir=0 label=1 lowerbound=1 fileNameGp=../graphsdb/mcs50/bvg/b03m/mcs50_b03m_s70.A05 fileNameGt=../graphsdb/mcs50/bvg/b03m/mcs50_b03m_s70.B05
Reading graphs...
70 :  104
70 :  103
Initializing...
maxdom : 10
D->valSize : 316
Solving...
Blb : 2 (clique : 28)
currentSize : 28 <-- 0.002772 s
currentSize : 29 <-- 0.003072 s
currentSize : 30 <-- 0.004912 s
currentSize : 31 <-- 0.006190 s
currentSize : 32 <-- 0.006981 s
currentSize : 33 <-- 2.628770 s
currentSize : 34 <-- 18.133669 s
currentSize : 35 <-- 158.636215 s
currentSize : 36 <-- 969.178467 s
currentSize : 37 <-- 969.185364 s
currentSize : 38 <-- 1096.369141 s
currentSize : 39 <-- 1999.409668 s

maxsize : 39
nodes : 643828957.000000
filtered : 4485757881.000000
time : 3131.013184
