Parameters: GAD=1 vflib=1 dir=0 label=1 lowerbound=1 fileNameGp=../graphsdb/mcs50/m2D/m2Dr4/mcs50_m2Dr4_s30.A79 fileNameGt=../graphsdb/mcs50/m2D/m2Dr4/mcs50_m2Dr4_s30.B79
Reading graphs...
30 :  58
30 :  58
Initializing...
maxdom : 6
D->valSize : 119
Solving...
Blb : 2 (clique : 13)
currentSize : 13 <-- 0.000642 s
currentSize : 14 <-- 0.000701 s
currentSize : 15 <-- 0.000736 s
currentSize : 16 <-- 0.000939 s
currentSize : 17 <-- 0.000974 s

maxsize : 17
nodes : 1447.000000
filtered : 10124.000000
time : 0.004890
