Parameters: GAD=1 vflib=1 dir=0 label=1 lowerbound=1 fileNameGp=../graphsdb/mcs50/bvg/b03/mcs50_b03_s30.A96 fileNameGt=../graphsdb/mcs50/bvg/b03/mcs50_b03_s30.B96
Reading graphs...
30 :  45
30 :  45
Initializing...
maxdom : 6
D->valSize : 120
Solving...
Blb : 2 (clique : 13)
currentSize : 13 <-- 0.000682 s
currentSize : 14 <-- 0.008309 s
currentSize : 15 <-- 0.008357 s
currentSize : 16 <-- 0.029401 s
currentSize : 17 <-- 0.029417 s

maxsize : 17
nodes : 21551.000000
filtered : 111990.000000
time : 0.057733
