Parameters: GAD=1 vflib=1 dir=0 label=1 lowerbound=1 fileNameGp=../graphsdb/mcs50/bvg/b06/mcs50_b06_s70.A40 fileNameGt=../graphsdb/mcs50/bvg/b06/mcs50_b06_s70.B40
Reading graphs...
70 :  208
70 :  210
Initializing...
maxdom : 8
D->valSize : 329
Solving...
Blb : 2 (clique : 22)
currentSize : 22 <-- 0.002920 s
currentSize : 23 <-- 0.303041 s
currentSize : 24 <-- 0.988219 s
currentSize : 25 <-- 2.350317 s
currentSize : 26 <-- 2.369064 s
currentSize : 27 <-- 3.671904 s
currentSize : 28 <-- 10.971477 s
currentSize : 29 <-- 14.674709 s
currentSize : 32 <-- 21.588108 s
currentSize : 33 <-- 21.588200 s
currentSize : 34 <-- 21.588444 s
currentSize : 35 <-- 21.590679 s

maxsize : 35
nodes : 10226186.000000
filtered : 82239574.000000
time : 51.060032
