Parameters: GAD=1 vflib=1 dir=0 label=1 lowerbound=1 fileNameGp=../graphsdb/mcs50/bvg/b03m/mcs50_b03m_s60.A29 fileNameGt=../graphsdb/mcs50/bvg/b03m/mcs50_b03m_s60.B29
Reading graphs...
60 :  89
60 :  89
Initializing...
maxdom : 6
D->valSize : 240
Solving...
Blb : 2 (clique : 24)
currentSize : 24 <-- 0.001847 s
currentSize : 25 <-- 0.002560 s
currentSize : 26 <-- 0.002963 s
currentSize : 27 <-- 0.003342 s
currentSize : 29 <-- 0.359693 s
currentSize : 30 <-- 0.842582 s
currentSize : 31 <-- 119.689186 s

maxsize : 31
nodes : 98375688.000000
filtered : 632625123.000000
time : 435.446991
