Parameters: GAD=1 vflib=1 dir=0 label=1 lowerbound=1 fileNameGp=../graphsdb/mcs50/bvg/b06m/mcs50_b06m_s80.A06 fileNameGt=../graphsdb/mcs50/bvg/b06m/mcs50_b06m_s80.B06
Reading graphs...
80 :  239
80 :  236
Initializing...
maxdom : 8
D->valSize : 419
Solving...
Blb : 3 (clique : 28)
currentSize : 28 <-- 0.004251 s
currentSize : 29 <-- 0.004731 s
currentSize : 30 <-- 0.005487 s
currentSize : 32 <-- 0.008927 s
currentSize : 33 <-- 0.028587 s
currentSize : 34 <-- 0.058599 s
currentSize : 36 <-- 0.077238 s
currentSize : 38 <-- 0.855683 s
currentSize : 41 <-- 2.091728 s
currentSize : 42 <-- 26.403950 s

maxsize : 42
nodes : 52556814.000000
filtered : 412126566.000000
time : 288.716431
