Parameters: GAD=1 vflib=1 dir=0 label=1 lowerbound=1 fileNameGp=../graphsdb/mcs50/rand/r01/mcs50_r01_s30.A54 fileNameGt=../graphsdb/mcs50/rand/r01/mcs50_r01_s30.B54
Reading graphs...
30 :  81
30 :  85
Initializing...
maxdom : 6
D->valSize : 112
Solving...
Blb : 2 (clique : 9)
currentSize : 9 <-- 0.000664 s
currentSize : 10 <-- 0.002736 s
currentSize : 11 <-- 0.003429 s
currentSize : 12 <-- 0.003839 s
currentSize : 13 <-- 0.004816 s
currentSize : 14 <-- 0.006425 s
currentSize : 15 <-- 0.007750 s

maxsize : 15
nodes : 2942.000000
filtered : 20831.000000
time : 0.009036
