Parameters: GAD=1 vflib=1 dir=0 label=1 lowerbound=1 fileNameGp=../graphsdb/mcs50/m3D/m3Dr2/mcs50_m3Dr2_s50.A28 fileNameGt=../graphsdb/mcs50/m3D/m3Dr2/mcs50_m3Dr2_s50.B28
Reading graphs...
50 :  116
50 :  115
Initializing...
maxdom : 12
D->valSize : 413
Solving...
Blb : 2 (clique : 20)
currentSize : 20 <-- 0.003308 s
currentSize : 21 <-- 1.083586 s
currentSize : 22 <-- 5.565421 s
currentSize : 23 <-- 6.264443 s
currentSize : 25 <-- 19.387262 s
currentSize : 26 <-- 33.197044 s
currentSize : 27 <-- 33.227119 s

maxsize : 27
nodes : 9019961.000000
filtered : 138697841.000000
time : 39.635181
