Parameters: GAD=1 vflib=1 dir=0 label=1 lowerbound=1 fileNameGp=../graphsdb/mcs50/m2D/m2Dr4/mcs50_m2Dr4_s80.A94 fileNameGt=../graphsdb/mcs50/m2D/m2Dr4/mcs50_m2Dr4_s80.B94
Reading graphs...
80 :  174
80 :  173
Initializing...
maxdom : 11
D->valSize : 489
Solving...
Blb : 2 (clique : 35)
currentSize : 35 <-- 0.005293 s
currentSize : 36 <-- 0.005711 s
currentSize : 37 <-- 0.010167 s
currentSize : 38 <-- 0.440646 s
currentSize : 40 <-- 20.657265 s
currentSize : 41 <-- 20.697351 s
currentSize : 42 <-- 20.749424 s

TIMEOUT
maxsize : 42
nodes : 572959937.000000
filtered : 6513560019.000000
time : 3600.000000
