Parameters: GAD=1 vflib=1 dir=0 label=1 lowerbound=1 fileNameGp=../graphsdb/mcs50/bvg/b06/mcs50_b06_s20.A52 fileNameGt=../graphsdb/mcs50/bvg/b06/mcs50_b06_s20.B52
Reading graphs...
20 :  59
20 :  59
Initializing...
maxdom : 6
D->valSize : 106
Solving...
Blb : 2 (clique : 6)
currentSize : 6 <-- 0.000527 s
currentSize : 7 <-- 0.000584 s
currentSize : 8 <-- 0.000590 s
currentSize : 9 <-- 0.001277 s
currentSize : 11 <-- 0.001585 s

maxsize : 11
nodes : 591.000000
filtered : 6592.000000
time : 0.002077
