Parameters: GAD=1 vflib=1 dir=0 label=1 lowerbound=1 fileNameGp=../graphsdb/mcs50/m2D/m2Dr4/mcs50_m2Dr4_s90.A87 fileNameGt=../graphsdb/mcs50/m2D/m2Dr4/mcs50_m2Dr4_s90.B87
Reading graphs...
90 :  196
90 :  195
Initializing...
maxdom : 9
D->valSize : 507
Solving...
Blb : 2 (clique : 33)
currentSize : 33 <-- 0.005716 s
currentSize : 38 <-- 0.005978 s
currentSize : 40 <-- 0.006048 s
currentSize : 41 <-- 0.006172 s
currentSize : 42 <-- 0.227836 s
currentSize : 44 <-- 0.227901 s
currentSize : 45 <-- 0.651241 s
currentSize : 46 <-- 2.677657 s

TIMEOUT
maxsize : 46
nodes : 621760252.000000
filtered : 5409516818.000000
time : 3600.000000
