Parameters: GAD=1 vflib=1 dir=0 label=1 lowerbound=1 fileNameGp=../graphsdb/mcs50/bvg/b06/mcs50_b06_s100.A07 fileNameGt=../graphsdb/mcs50/bvg/b06/mcs50_b06_s100.B07
Reading graphs...
100 :  298
100 :  298
Initializing...
maxdom : 8
D->valSize : 350
Solving...
Blb : 2 (clique : 33)
currentSize : 33 <-- 0.003599 s
currentSize : 34 <-- 0.122410 s
currentSize : 35 <-- 0.123979 s
currentSize : 36 <-- 0.307690 s
currentSize : 37 <-- 0.308990 s
currentSize : 38 <-- 0.309032 s
currentSize : 39 <-- 0.312361 s
currentSize : 40 <-- 3.165530 s
currentSize : 41 <-- 80.344498 s
currentSize : 42 <-- 88.208977 s
currentSize : 43 <-- 133.820145 s
currentSize : 44 <-- 995.247681 s
currentSize : 45 <-- 1013.886108 s
currentSize : 47 <-- 1021.061157 s
currentSize : 48 <-- 1152.182739 s
currentSize : 49 <-- 2357.513428 s

TIMEOUT
maxsize : 49
nodes : 738795178.000000
filtered : 2521692894.000000
time : 3600.000000
