Parameters: GAD=1 vflib=1 dir=0 label=1 lowerbound=1 fileNameGp=../graphsdb/mcs50/bvg/b09/mcs50_b09_s100.A74 fileNameGt=../graphsdb/mcs50/bvg/b09/mcs50_b09_s100.B74
Reading graphs...
100 :  445
100 :  446
Initializing...
maxdom : 7
D->valSize : 384
Solving...
Blb : 2 (clique : 29)
currentSize : 29 <-- 0.004840 s
currentSize : 30 <-- 0.005106 s
currentSize : 31 <-- 0.005369 s
currentSize : 39 <-- 0.036970 s
currentSize : 40 <-- 0.037204 s
currentSize : 42 <-- 0.037321 s
currentSize : 47 <-- 0.413872 s
currentSize : 49 <-- 0.414042 s
currentSize : 51 <-- 0.418843 s

maxsize : 51
nodes : 54352562.000000
filtered : 348721831.000000
time : 313.274902
