Parameters: GAD=1 vflib=1 dir=0 label=1 lowerbound=1 fileNameGp=../graphsdb/mcs50/rand/r01/mcs50_r01_s40.A69 fileNameGt=../graphsdb/mcs50/rand/r01/mcs50_r01_s40.B69
Reading graphs...
40 :  146
40 :  146
Initializing...
maxdom : 8
D->valSize : 218
Solving...
Blb : 2 (clique : 11)
currentSize : 11 <-- 0.001340 s
currentSize : 12 <-- 0.002749 s
currentSize : 13 <-- 0.032964 s
currentSize : 14 <-- 0.050721 s
currentSize : 15 <-- 0.079773 s
currentSize : 16 <-- 0.088302 s
currentSize : 17 <-- 0.124842 s
currentSize : 18 <-- 0.137567 s

maxsize : 18
nodes : 49455.000000
filtered : 548745.000000
time : 0.185906
