Parameters: GAD=1 vflib=1 dir=0 label=1 lowerbound=1 fileNameGp=../graphsdb/mcs50/m3D/m3D/mcs50_m3D_s60.A52 fileNameGt=../graphsdb/mcs50/m3D/m3D/mcs50_m3D_s60.B52
Reading graphs...
60 :  132
60 :  132
Initializing...
maxdom : 6
D->valSize : 249
Solving...
Blb : 2 (clique : 22)
currentSize : 22 <-- 0.001855 s
currentSize : 23 <-- 0.028918 s
currentSize : 24 <-- 0.338650 s
currentSize : 26 <-- 0.340928 s
currentSize : 27 <-- 23.477957 s

maxsize : 27
nodes : 22452945.000000
filtered : 144805909.000000
time : 93.540184
