Parameters: GAD=1 vflib=1 dir=0 label=1 lowerbound=1 fileNameGp=../graphsdb/mcs50/m2D/m2Dr4/mcs50_m2Dr4_s100.A76 fileNameGt=../graphsdb/mcs50/m2D/m2Dr4/mcs50_m2Dr4_s100.B76
Reading graphs...
100 :  218
100 :  216
Initializing...
maxdom : 7
D->valSize : 321
Solving...
Blb : 2 (clique : 33)
currentSize : 33 <-- 0.003478 s
currentSize : 34 <-- 0.003723 s
currentSize : 35 <-- 2.765210 s
currentSize : 36 <-- 11.739403 s
currentSize : 37 <-- 20.136759 s
currentSize : 38 <-- 265.381134 s
currentSize : 39 <-- 535.386230 s
currentSize : 40 <-- 815.710144 s
currentSize : 41 <-- 1495.750732 s
currentSize : 42 <-- 1495.916504 s
currentSize : 43 <-- 1898.389404 s
currentSize : 44 <-- 1898.510986 s
currentSize : 45 <-- 1898.515991 s
currentSize : 47 <-- 2639.485352 s
currentSize : 48 <-- 2639.487061 s
currentSize : 49 <-- 3532.561035 s
currentSize : 50 <-- 3532.561523 s
currentSize : 51 <-- 3532.567627 s

TIMEOUT
maxsize : 51
nodes : 659256007.000000
filtered : 3042273310.000000
time : 3600.000000
