Parameters: GAD=1 vflib=1 dir=0 label=1 lowerbound=1 fileNameGp=../graphsdb/mcs50/bvg/b09/mcs50_b09_s80.A55 fileNameGt=../graphsdb/mcs50/bvg/b09/mcs50_b09_s80.B55
Reading graphs...
80 :  358
80 :  359
Initializing...
maxdom : 10
D->valSize : 457
Solving...
Blb : 5 (clique : 18)
currentSize : 18 <-- 0.007151 s
currentSize : 20 <-- 0.007853 s
currentSize : 21 <-- 0.045537 s
currentSize : 22 <-- 0.045948 s
currentSize : 23 <-- 0.046502 s
currentSize : 25 <-- 0.063065 s
currentSize : 27 <-- 0.358631 s
currentSize : 28 <-- 1.200613 s
currentSize : 31 <-- 1.276858 s
currentSize : 32 <-- 1.277001 s
currentSize : 33 <-- 19.307421 s
currentSize : 34 <-- 19.642694 s
currentSize : 35 <-- 19.642809 s
currentSize : 38 <-- 19.853924 s
currentSize : 40 <-- 19.857010 s

maxsize : 40
nodes : 5831467.000000
filtered : 65714093.000000
time : 33.915432
