Parameters: GAD=1 vflib=1 dir=0 label=1 lowerbound=1 fileNameGp=../graphsdb/mcs50/rand/r005/mcs50_r005_s60.A52 fileNameGt=../graphsdb/mcs50/rand/r005/mcs50_r005_s60.B52
Reading graphs...
60 :  170
60 :  171
Initializing...
maxdom : 7
D->valSize : 271
Solving...
Blb : 5 (clique : 18)
currentSize : 18 <-- 0.001964 s
currentSize : 19 <-- 0.003370 s
currentSize : 20 <-- 0.008996 s
currentSize : 21 <-- 0.032023 s
currentSize : 22 <-- 0.045437 s
currentSize : 23 <-- 0.052560 s
currentSize : 24 <-- 0.091083 s
currentSize : 25 <-- 0.502145 s
currentSize : 26 <-- 7.087007 s
currentSize : 27 <-- 7.361279 s
currentSize : 28 <-- 8.997958 s
currentSize : 29 <-- 11.378709 s

maxsize : 29
nodes : 3125150.000000
filtered : 27913150.000000
time : 14.755334
