Parameters: GAD=1 vflib=1 dir=0 label=1 lowerbound=1 fileNameGp=../graphsdb/mcs50/m2D/m2Dr6/mcs50_m2Dr6_s90.A16 fileNameGt=../graphsdb/mcs50/m2D/m2Dr6/mcs50_m2Dr6_s90.B16
Reading graphs...
90 :  211
90 :  210
Initializing...
maxdom : 11
D->valSize : 520
Solving...
Blb : 2 (clique : 31)
currentSize : 31 <-- 0.010225 s
currentSize : 32 <-- 0.015118 s
currentSize : 33 <-- 0.019300 s
currentSize : 34 <-- 0.501982 s
currentSize : 35 <-- 2.870331 s
currentSize : 36 <-- 5.539976 s
currentSize : 37 <-- 8.139112 s
currentSize : 38 <-- 8.157274 s
currentSize : 39 <-- 12.952223 s
currentSize : 40 <-- 25.669731 s
currentSize : 41 <-- 27.091558 s
currentSize : 42 <-- 34.280323 s
currentSize : 43 <-- 36.909473 s
currentSize : 44 <-- 38.416424 s
currentSize : 45 <-- 39.303215 s
currentSize : 46 <-- 111.082878 s
currentSize : 47 <-- 134.366180 s
currentSize : 50 <-- 390.885315 s

TIMEOUT
maxsize : 50
nodes : 701501274.000000
filtered : 3383248929.000000
time : 3600.000000
