Parameters: GAD=1 vflib=1 dir=0 label=1 lowerbound=1 fileNameGp=../graphsdb/mcs50/bvg/b03/mcs50_b03_s40.A38 fileNameGt=../graphsdb/mcs50/bvg/b03/mcs50_b03_s40.B38
Reading graphs...
40 :  60
40 :  59
Initializing...
maxdom : 9
D->valSize : 205
Solving...
Blb : 2 (clique : 17)
currentSize : 17 <-- 0.001169 s
currentSize : 20 <-- 0.001559 s
currentSize : 21 <-- 0.013132 s
currentSize : 22 <-- 0.029890 s
currentSize : 23 <-- 0.031566 s
currentSize : 24 <-- 0.035021 s

maxsize : 24
nodes : 19477.000000
filtered : 169765.000000
time : 0.070156
