Parameters: GAD=1 vflib=1 dir=0 label=1 lowerbound=1 fileNameGp=../graphsdb/mcs50/bvg/b09/mcs50_b09_s40.A74 fileNameGt=../graphsdb/mcs50/bvg/b09/mcs50_b09_s40.B74
Reading graphs...
40 :  175
40 :  178
Initializing...
maxdom : 9
D->valSize : 214
Solving...
Blb : 2 (clique : 15)
currentSize : 15 <-- 0.001219 s
currentSize : 16 <-- 0.005487 s
currentSize : 17 <-- 0.006799 s
currentSize : 19 <-- 0.007282 s
currentSize : 20 <-- 0.007497 s

maxsize : 20
nodes : 28080.000000
filtered : 172609.000000
time : 0.088167
