Parameters: GAD=1 vflib=1 dir=0 label=1 lowerbound=1 fileNameGp=../graphsdb/mcs50/bvg/b03/mcs50_b03_s70.A68 fileNameGt=../graphsdb/mcs50/bvg/b03/mcs50_b03_s70.B68
Reading graphs...
70 :  105
70 :  105
Initializing...
maxdom : 7
D->valSize : 330
Solving...
Blb : 2 (clique : 27)
currentSize : 27 <-- 0.002903 s
currentSize : 29 <-- 0.003075 s
currentSize : 30 <-- 0.161955 s
currentSize : 31 <-- 142.709305 s
currentSize : 32 <-- 146.815216 s
currentSize : 33 <-- 776.502747 s
currentSize : 34 <-- 777.100098 s

TIMEOUT
maxsize : 34
nodes : 846222146.000000
filtered : 6297131060.000000
time : 3600.000000
