Parameters: GAD=1 vflib=1 dir=0 label=1 lowerbound=1 fileNameGp=../graphsdb/mcs50/m2D/m2Dr2/mcs50_m2Dr2_s70.A76 fileNameGt=../graphsdb/mcs50/m2D/m2Dr2/mcs50_m2Dr2_s70.B76
Reading graphs...
70 :  135
70 :  135
Initializing...
maxdom : 10
D->valSize : 349
Solving...
Blb : 2 (clique : 29)
currentSize : 29 <-- 0.003190 s
currentSize : 30 <-- 0.003392 s
currentSize : 31 <-- 0.003748 s
currentSize : 32 <-- 0.003772 s
currentSize : 33 <-- 0.007241 s
currentSize : 34 <-- 0.009129 s
currentSize : 35 <-- 0.030140 s
currentSize : 36 <-- 0.403560 s
currentSize : 37 <-- 117.041389 s

maxsize : 37
nodes : 46127130.000000
filtered : 472649807.000000
time : 239.584427
