Parameters: GAD=1 vflib=1 dir=0 label=1 lowerbound=1 fileNameGp=../graphsdb/mcs50/m4D/m4D/mcs50_m4D_s40.A40 fileNameGt=../graphsdb/mcs50/m4D/m4D/mcs50_m4D_s40.B40
Reading graphs...
40 :  71
40 :  71
Initializing...
maxdom : 8
D->valSize : 220
Solving...
Blb : 2 (clique : 15)
currentSize : 15 <-- 0.001980 s
currentSize : 17 <-- 0.002094 s
currentSize : 18 <-- 0.002548 s
currentSize : 19 <-- 0.047135 s
currentSize : 20 <-- 2.878406 s
currentSize : 21 <-- 2.878472 s

maxsize : 21
nodes : 2373488.000000
filtered : 17523072.000000
time : 7.565135
