Parameters: GAD=1 vflib=1 dir=0 label=1 lowerbound=1 fileNameGp=../graphsdb/mcs50/bvg/b09/mcs50_b09_s80.A42 fileNameGt=../graphsdb/mcs50/bvg/b09/mcs50_b09_s80.B42
Reading graphs...
80 :  359
80 :  354
Initializing...
maxdom : 10
D->valSize : 432
Solving...
Blb : 2 (clique : 19)
currentSize : 19 <-- 0.004317 s
currentSize : 20 <-- 0.184770 s
currentSize : 21 <-- 0.212981 s
currentSize : 22 <-- 0.599227 s
currentSize : 23 <-- 0.997050 s
currentSize : 24 <-- 7.510881 s
currentSize : 25 <-- 12.778361 s
currentSize : 26 <-- 14.749662 s
currentSize : 27 <-- 20.071617 s
currentSize : 28 <-- 22.224907 s
currentSize : 29 <-- 25.712833 s
currentSize : 30 <-- 37.331322 s
currentSize : 31 <-- 42.800938 s
currentSize : 32 <-- 46.909599 s
currentSize : 33 <-- 57.955456 s
currentSize : 35 <-- 57.977253 s
currentSize : 39 <-- 72.544464 s
currentSize : 41 <-- 72.550499 s

maxsize : 41
nodes : 28756863.000000
filtered : 207577360.000000
time : 142.185318
