Parameters: GAD=1 vflib=1 dir=0 label=1 lowerbound=1 fileNameGp=../graphsdb/mcs50/m2D/m2Dr6/mcs50_m2Dr6_s80.A10 fileNameGt=../graphsdb/mcs50/m2D/m2Dr6/mcs50_m2Dr6_s80.B10
Reading graphs...
80 :  187
80 :  188
Initializing...
maxdom : 12
D->valSize : 526
Solving...
Blb : 3 (clique : 27)
currentSize : 27 <-- 0.005827 s
currentSize : 28 <-- 0.006059 s
currentSize : 29 <-- 81.990273 s
currentSize : 30 <-- 274.763458 s
currentSize : 31 <-- 428.901123 s
currentSize : 32 <-- 429.347198 s
currentSize : 33 <-- 3190.413818 s

TIMEOUT
maxsize : 33
nodes : 734203229.000000
filtered : 6381362632.000000
time : 3600.000000
