Parameters: GAD=1 vflib=1 dir=0 label=1 lowerbound=1 fileNameGp=../graphsdb/mcs50/m3D/m3Dr2/mcs50_m3Dr2_s60.A58 fileNameGt=../graphsdb/mcs50/m3D/m3Dr2/mcs50_m3Dr2_s60.B58
Reading graphs...
60 :  145
60 :  144
Initializing...
maxdom : 8
D->valSize : 255
Solving...
Blb : 5 (clique : 21)
currentSize : 21 <-- 0.002948 s
currentSize : 22 <-- 0.079008 s
currentSize : 23 <-- 0.079140 s
currentSize : 24 <-- 2.200339 s
currentSize : 25 <-- 2.200412 s
currentSize : 26 <-- 3.650975 s
currentSize : 27 <-- 12.929916 s
currentSize : 28 <-- 15.416583 s
currentSize : 29 <-- 20.174116 s

maxsize : 29
nodes : 4826644.000000
filtered : 37961911.000000
time : 21.596584
