Parameters: GAD=1 vflib=1 dir=0 label=1 lowerbound=1 fileNameGp=../graphsdb/mcs50/bvg/b03m/mcs50_b03m_s90.A83 fileNameGt=../graphsdb/mcs50/bvg/b03m/mcs50_b03m_s90.B83
Reading graphs...
90 :  134
90 :  135
Initializing...
maxdom : 9
D->valSize : 533
Solving...
Blb : 2 (clique : 36)
currentSize : 36 <-- 0.006280 s
currentSize : 37 <-- 0.006600 s
currentSize : 38 <-- 0.006763 s
currentSize : 39 <-- 1.228978 s
currentSize : 40 <-- 82.263771 s
currentSize : 41 <-- 476.344330 s
currentSize : 42 <-- 476.344452 s

TIMEOUT
maxsize : 42
nodes : 692580085.000000
filtered : 4318396981.000000
time : 3600.000000
