Parameters: GAD=1 vflib=1 dir=0 label=1 lowerbound=1 fileNameGp=../graphsdb/mcs50/bvg/b03/mcs50_b03_s30.A98 fileNameGt=../graphsdb/mcs50/bvg/b03/mcs50_b03_s30.B98
Reading graphs...
30 :  45
30 :  45
Initializing...
maxdom : 7
D->valSize : 140
Solving...
Blb : 2 (clique : 13)
currentSize : 13 <-- 0.001100 s
currentSize : 14 <-- 0.002917 s
currentSize : 15 <-- 0.008648 s
currentSize : 16 <-- 0.008711 s
currentSize : 17 <-- 0.060261 s

maxsize : 17
nodes : 20381.000000
filtered : 149668.000000
time : 0.079800
