Parameters: GAD=1 vflib=1 dir=0 label=1 lowerbound=1 fileNameGp=../graphsdb/mcs50/bvg/b03m/mcs50_b03m_s40.A72 fileNameGt=../graphsdb/mcs50/bvg/b03m/mcs50_b03m_s40.B72
Reading graphs...
40 :  59
40 :  60
Initializing...
maxdom : 6
D->valSize : 197
Solving...
Blb : 3 (clique : 18)
currentSize : 18 <-- 0.001232 s
currentSize : 19 <-- 0.154314 s
currentSize : 20 <-- 0.295203 s
currentSize : 21 <-- 0.315722 s
currentSize : 22 <-- 1.593547 s

maxsize : 22
nodes : 1765494.000000
filtered : 15262979.000000
time : 5.614454
