Parameters: GAD=1 vflib=1 dir=0 label=1 lowerbound=1 fileNameGp=../graphsdb/mcs50/rand/r02/mcs50_r02_s50.A99 fileNameGt=../graphsdb/mcs50/rand/r02/mcs50_r02_s50.B99
Reading graphs...
50 :  428
50 :  435
Initializing...
maxdom : 12
D->valSize : 355
Solving...
Blb : 2 (clique : 7)
currentSize : 7 <-- 0.002571 s
currentSize : 8 <-- 0.002634 s
currentSize : 12 <-- 0.002773 s
currentSize : 14 <-- 0.005174 s
currentSize : 16 <-- 0.010726 s
currentSize : 23 <-- 0.011328 s

maxsize : 23
nodes : 3533.000000
filtered : 96113.000000
time : 0.021140
