Parameters: GAD=1 vflib=1 dir=0 label=1 lowerbound=1 fileNameGp=../graphsdb/mcs50/m2D/m2Dr4/mcs50_m2Dr4_s40.A73 fileNameGt=../graphsdb/mcs50/m2D/m2Dr4/mcs50_m2Dr4_s40.B73
Reading graphs...
40 :  79
40 :  79
Initializing...
maxdom : 8
D->valSize : 196
Solving...
Blb : 2 (clique : 14)
currentSize : 14 <-- 0.001208 s
currentSize : 15 <-- 0.037733 s
currentSize : 16 <-- 0.082008 s
currentSize : 17 <-- 0.192255 s
currentSize : 18 <-- 7.595693 s

maxsize : 18
nodes : 3379467.000000
filtered : 33107743.000000
time : 11.131505
