Parameters: GAD=1 vflib=1 dir=0 label=1 lowerbound=1 fileNameGp=../graphsdb/mcs50/m2D/m2Dr6/mcs50_m2Dr6_s90.A06 fileNameGt=../graphsdb/mcs50/m2D/m2Dr6/mcs50_m2Dr6_s90.B06
Reading graphs...
90 :  215
90 :  214
Initializing...
maxdom : 11
D->valSize : 521
Solving...
Blb : 2 (clique : 38)
currentSize : 38 <-- 0.006125 s
currentSize : 39 <-- 0.006452 s
currentSize : 41 <-- 0.006506 s
currentSize : 42 <-- 0.006680 s
currentSize : 43 <-- 0.007053 s
currentSize : 47 <-- 0.252444 s
currentSize : 48 <-- 0.252529 s
currentSize : 49 <-- 0.428043 s
currentSize : 50 <-- 3.802346 s
currentSize : 51 <-- 3.802589 s

maxsize : 51
nodes : 493267822.000000
filtered : 3312947427.000000
time : 2762.791992
