Parameters: GAD=1 vflib=1 dir=0 label=1 lowerbound=1 fileNameGp=../graphsdb/mcs50/bvg/b09/mcs50_b09_s70.A98 fileNameGt=../graphsdb/mcs50/bvg/b09/mcs50_b09_s70.B98
Reading graphs...
70 :  311
70 :  312
Initializing...
maxdom : 8
D->valSize : 325
Solving...
Blb : 2 (clique : 17)
currentSize : 17 <-- 0.002613 s
currentSize : 18 <-- 0.002908 s
currentSize : 19 <-- 0.084558 s
currentSize : 20 <-- 0.084825 s
currentSize : 21 <-- 0.085584 s
currentSize : 22 <-- 0.153763 s
currentSize : 23 <-- 0.154391 s
currentSize : 24 <-- 0.154489 s
currentSize : 26 <-- 1.040756 s
currentSize : 27 <-- 1.040888 s
currentSize : 29 <-- 1.269090 s
currentSize : 30 <-- 1.269955 s
currentSize : 31 <-- 1.292937 s
currentSize : 32 <-- 1.293032 s
currentSize : 34 <-- 1.293414 s

maxsize : 34
nodes : 1713283.000000
filtered : 9183613.000000
time : 7.276297
