Parameters: GAD=1 vflib=1 dir=0 label=1 lowerbound=1 fileNameGp=../graphsdb/mcs50/rand/r005/mcs50_r005_s50.A10 fileNameGt=../graphsdb/mcs50/rand/r005/mcs50_r005_s50.B10
Reading graphs...
50 :  120
50 :  115
Initializing...
maxdom : 11
D->valSize : 325
Solving...
Blb : 3 (clique : 16)
currentSize : 16 <-- 0.002444 s
currentSize : 17 <-- 0.016214 s
currentSize : 18 <-- 0.061284 s
currentSize : 19 <-- 0.077782 s
currentSize : 20 <-- 0.160663 s
currentSize : 21 <-- 0.175723 s
currentSize : 22 <-- 0.702273 s
currentSize : 23 <-- 4.767775 s
currentSize : 24 <-- 8.938416 s
currentSize : 25 <-- 9.881895 s

maxsize : 25
nodes : 4063547.000000
filtered : 57997379.000000
time : 17.641098
