Parameters: GAD=1 vflib=1 dir=0 label=1 lowerbound=1 fileNameGp=../graphsdb/mcs50/bvg/b03/mcs50_b03_s50.A62 fileNameGt=../graphsdb/mcs50/bvg/b03/mcs50_b03_s50.B62
Reading graphs...
50 :  75
50 :  75
Initializing...
maxdom : 10
D->valSize : 345
Solving...
Blb : 2 (clique : 22)
currentSize : 22 <-- 0.002807 s
currentSize : 23 <-- 0.002933 s
currentSize : 24 <-- 0.369561 s
currentSize : 25 <-- 4.217404 s
currentSize : 26 <-- 12.883452 s
currentSize : 27 <-- 1070.467896 s

maxsize : 27
nodes : 481696373.000000
filtered : 6244667691.000000
time : 2043.155884
