Parameters: GAD=1 vflib=1 dir=0 label=1 lowerbound=1 fileNameGp=../graphsdb/mcs50/m2D/m2Dr4/mcs50_m2Dr4_s50.A27 fileNameGt=../graphsdb/mcs50/m2D/m2Dr4/mcs50_m2Dr4_s50.B27
Reading graphs...
50 :  104
50 :  100
Initializing...
maxdom : 9
D->valSize : 332
Solving...
Blb : 2 (clique : 22)
currentSize : 22 <-- 0.002589 s
currentSize : 23 <-- 0.002766 s
currentSize : 24 <-- 0.003519 s
currentSize : 25 <-- 6.890061 s
currentSize : 26 <-- 28.944559 s

maxsize : 26
nodes : 20147257.000000
filtered : 241984810.000000
time : 88.326141
