Parameters: GAD=1 vflib=1 dir=0 label=1 lowerbound=1 fileNameGp=../graphsdb/mcs50/bvg/b06m/mcs50_b06m_s80.A91 fileNameGt=../graphsdb/mcs50/bvg/b06m/mcs50_b06m_s80.B91
Reading graphs...
80 :  239
80 :  239
Initializing...
maxdom : 8
D->valSize : 411
Solving...
Blb : 3 (clique : 31)
currentSize : 31 <-- 0.006475 s
currentSize : 32 <-- 0.035017 s
currentSize : 33 <-- 0.035762 s
currentSize : 35 <-- 1.535336 s
currentSize : 38 <-- 1.586386 s
currentSize : 39 <-- 1.586530 s
currentSize : 41 <-- 41.396927 s
currentSize : 42 <-- 41.399456 s

maxsize : 42
nodes : 65547729.000000
filtered : 447358985.000000
time : 349.154205
