Parameters: GAD=1 vflib=1 dir=0 label=1 lowerbound=1 fileNameGp=../graphsdb/mcs50/rand/r02/mcs50_r02_s60.A71 fileNameGt=../graphsdb/mcs50/rand/r02/mcs50_r02_s60.B71
Reading graphs...
60 :  622
60 :  630
Initializing...
maxdom : 9
D->valSize : 243
Solving...
Blb : 2 (clique : 7)
currentSize : 7 <-- 0.002246 s
currentSize : 11 <-- 0.002557 s
currentSize : 12 <-- 0.002586 s
currentSize : 16 <-- 0.003057 s
currentSize : 17 <-- 0.005487 s
currentSize : 24 <-- 0.012143 s
currentSize : 25 <-- 0.018356 s

maxsize : 25
nodes : 3740.000000
filtered : 56703.000000
time : 0.023807
