Parameters: GAD=1 vflib=1 dir=0 label=1 lowerbound=1 fileNameGp=../graphsdb/mcs50/bvg/b06/mcs50_b06_s70.A91 fileNameGt=../graphsdb/mcs50/bvg/b06/mcs50_b06_s70.B91
Reading graphs...
70 :  207
70 :  210
Initializing...
maxdom : 9
D->valSize : 357
Solving...
Blb : 2 (clique : 25)
currentSize : 25 <-- 0.003053 s
currentSize : 26 <-- 0.743793 s
currentSize : 27 <-- 0.743897 s
currentSize : 28 <-- 0.760537 s
currentSize : 30 <-- 32.556313 s
currentSize : 34 <-- 32.569496 s
currentSize : 35 <-- 32.569935 s
currentSize : 36 <-- 32.576904 s
currentSize : 37 <-- 32.577480 s

maxsize : 37
nodes : 11849194.000000
filtered : 105524266.000000
time : 60.049675
