Parameters: GAD=1 vflib=1 dir=0 label=1 lowerbound=1 fileNameGp=../graphsdb/mcs50/bvg/b03m/mcs50_b03m_s35.A70 fileNameGt=../graphsdb/mcs50/bvg/b03m/mcs50_b03m_s35.B70
Reading graphs...
35 :  52
35 :  52
Initializing...
maxdom : 7
D->valSize : 177
Solving...
Blb : 3 (clique : 15)
currentSize : 15 <-- 0.001077 s
currentSize : 16 <-- 0.001441 s
currentSize : 17 <-- 0.028877 s
currentSize : 18 <-- 0.039537 s
currentSize : 19 <-- 0.039621 s

maxsize : 19
nodes : 119694.000000
filtered : 742045.000000
time : 0.368415
