Parameters: GAD=1 vflib=1 dir=0 label=1 lowerbound=1 fileNameGp=../graphsdb/mcs50/m3D/m3Dr2/mcs50_m3Dr2_s50.A60 fileNameGt=../graphsdb/mcs50/m3D/m3Dr2/mcs50_m3Dr2_s50.B60
Reading graphs...
50 :  118
50 :  118
Initializing...
maxdom : 9
D->valSize : 312
Solving...
Blb : 2 (clique : 15)
currentSize : 15 <-- 0.003571 s
currentSize : 17 <-- 0.003729 s
currentSize : 18 <-- 0.023091 s
currentSize : 19 <-- 1.795867 s
currentSize : 20 <-- 3.035904 s
currentSize : 21 <-- 3.036589 s
currentSize : 22 <-- 4.516218 s
currentSize : 23 <-- 7.104700 s
currentSize : 24 <-- 7.104888 s
currentSize : 25 <-- 10.664015 s
currentSize : 26 <-- 10.664193 s
currentSize : 27 <-- 11.414865 s
currentSize : 28 <-- 11.414939 s

maxsize : 28
nodes : 3481489.000000
filtered : 34079528.000000
time : 13.460367
