Parameters: GAD=1 vflib=1 dir=0 label=1 lowerbound=1 fileNameGp=../graphsdb/mcs50/bvg/b03m/mcs50_b03m_s90.A36 fileNameGt=../graphsdb/mcs50/bvg/b03m/mcs50_b03m_s90.B36
Reading graphs...
90 :  132
90 :  132
Initializing...
maxdom : 10
D->valSize : 506
Solving...
Blb : 2 (clique : 36)
currentSize : 36 <-- 0.005844 s
currentSize : 37 <-- 0.006132 s
currentSize : 39 <-- 0.006199 s
currentSize : 40 <-- 0.006306 s
currentSize : 41 <-- 0.006548 s
currentSize : 42 <-- 0.201424 s
currentSize : 43 <-- 3228.051270 s

TIMEOUT
maxsize : 43
nodes : 781537532.000000
filtered : 4493820722.000000
time : 3600.000000
