Parameters: GAD=1 vflib=1 dir=0 label=1 lowerbound=1 fileNameGp=../graphsdb/mcs50/bvg/b06/mcs50_b06_s80.A59 fileNameGt=../graphsdb/mcs50/bvg/b06/mcs50_b06_s80.B59
Reading graphs...
80 :  238
80 :  240
Initializing...
maxdom : 8
D->valSize : 439
Solving...
Blb : 2 (clique : 34)
currentSize : 34 <-- 0.004469 s
currentSize : 35 <-- 0.004706 s
currentSize : 37 <-- 0.004790 s
currentSize : 38 <-- 0.039055 s
currentSize : 39 <-- 0.336069 s
currentSize : 40 <-- 0.380607 s

maxsize : 40
nodes : 107300261.000000
filtered : 860080982.000000
time : 596.889648
