Parameters: GAD=1 vflib=1 dir=0 label=1 lowerbound=1 fileNameGp=../graphsdb/mcs50/bvg/b06/mcs50_b06_s100.A96 fileNameGt=../graphsdb/mcs50/bvg/b06/mcs50_b06_s100.B96
Reading graphs...
100 :  300
100 :  300
Initializing...
maxdom : 8
D->valSize : 376
Solving...
Blb : 2 (clique : 32)
currentSize : 32 <-- 0.004159 s
currentSize : 33 <-- 0.788418 s
currentSize : 34 <-- 1.681195 s
currentSize : 35 <-- 1.681816 s
currentSize : 36 <-- 1.863944 s
currentSize : 37 <-- 1.865935 s
currentSize : 38 <-- 9.340939 s
currentSize : 40 <-- 9.341017 s
currentSize : 41 <-- 9.345600 s
currentSize : 42 <-- 26.588257 s
currentSize : 44 <-- 26.774769 s
currentSize : 46 <-- 26.805426 s
currentSize : 48 <-- 26.805588 s
currentSize : 49 <-- 31.965893 s
currentSize : 50 <-- 53.620682 s
currentSize : 51 <-- 118.987061 s

maxsize : 51
nodes : 547891024.000000
filtered : 2736507850.000000
time : 3144.967773
