Parameters: GAD=1 vflib=1 dir=0 label=1 lowerbound=1 fileNameGp=../graphsdb/mcs50/m2D/m2Dr6/mcs50_m2Dr6_s50.A01 fileNameGt=../graphsdb/mcs50/m2D/m2Dr6/mcs50_m2Dr6_s50.B01
Reading graphs...
50 :  115
50 :  113
Initializing...
maxdom : 10
D->valSize : 331
Solving...
Blb : 3 (clique : 19)
currentSize : 19 <-- 0.003907 s
currentSize : 20 <-- 0.004246 s
currentSize : 21 <-- 17.710072 s
currentSize : 22 <-- 17.710199 s
currentSize : 23 <-- 17.710787 s
currentSize : 24 <-- 17.710831 s
currentSize : 25 <-- 17.749441 s
currentSize : 26 <-- 17.759924 s

maxsize : 26
nodes : 5643359.000000
filtered : 59591677.000000
time : 20.915085
