Parameters: GAD=1 vflib=1 dir=0 label=1 lowerbound=1 fileNameGp=../graphsdb/mcs50/rand/r01/mcs50_r01_s50.A31 fileNameGt=../graphsdb/mcs50/rand/r01/mcs50_r01_s50.B31
Reading graphs...
50 :  230
50 :  233
Initializing...
maxdom : 10
D->valSize : 318
Solving...
Blb : 2 (clique : 12)
currentSize : 12 <-- 0.002178 s
currentSize : 13 <-- 0.005470 s
currentSize : 16 <-- 0.007432 s
currentSize : 20 <-- 0.028296 s
currentSize : 22 <-- 0.057588 s
currentSize : 24 <-- 0.146252 s

maxsize : 24
nodes : 41642.000000
filtered : 823815.000000
time : 0.214996
