Parameters: GAD=1 vflib=1 dir=0 label=1 lowerbound=1 fileNameGp=../graphsdb/mcs50/bvg/b06m/mcs50_b06m_s50.A44 fileNameGt=../graphsdb/mcs50/bvg/b06m/mcs50_b06m_s50.B44
Reading graphs...
50 :  148
50 :  148
Initializing...
maxdom : 8
D->valSize : 321
Solving...
Blb : 2 (clique : 19)
currentSize : 19 <-- 0.002400 s
currentSize : 25 <-- 0.002513 s
currentSize : 26 <-- 0.002571 s
currentSize : 27 <-- 0.002756 s
currentSize : 28 <-- 0.003117 s

maxsize : 28
nodes : 390491.000000
filtered : 3938820.000000
time : 1.677098
