Parameters: GAD=1 vflib=1 dir=0 label=1 lowerbound=1 fileNameGp=../graphsdb/mcs50/bvg/b03m/mcs50_b03m_s25.A85 fileNameGt=../graphsdb/mcs50/bvg/b03m/mcs50_b03m_s25.B85
Reading graphs...
25 :  37
25 :  37
Initializing...
maxdom : 10
D->valSize : 177
Solving...
Blb : 2 (clique : 9)
currentSize : 9 <-- 0.001008 s
currentSize : 10 <-- 0.001091 s
currentSize : 11 <-- 0.001330 s
currentSize : 12 <-- 0.001415 s
currentSize : 13 <-- 0.001574 s
currentSize : 14 <-- 0.003874 s

maxsize : 14
nodes : 68498.000000
filtered : 634216.000000
time : 0.171568
