Parameters: GAD=1 vflib=1 dir=0 label=1 lowerbound=1 fileNameGp=../graphsdb/mcs50/m2D/m2Dr6/mcs50_m2Dr6_s60.A95 fileNameGt=../graphsdb/mcs50/m2D/m2Dr6/mcs50_m2Dr6_s60.B95
Reading graphs...
60 :  138
60 :  137
Initializing...
maxdom : 7
D->valSize : 266
Solving...
Blb : 2 (clique : 22)
currentSize : 22 <-- 0.001873 s
currentSize : 23 <-- 0.002007 s
currentSize : 24 <-- 0.002575 s
currentSize : 25 <-- 0.017847 s
currentSize : 26 <-- 0.542741 s

maxsize : 26
nodes : 18212388.000000
filtered : 156101422.000000
time : 82.938019
