Parameters: GAD=1 vflib=1 dir=0 label=1 lowerbound=1 fileNameGp=../graphsdb/mcs50/bvg/b03/mcs50_b03_s100.A28 fileNameGt=../graphsdb/mcs50/bvg/b03/mcs50_b03_s100.B28
Reading graphs...
100 :  149
100 :  150
Initializing...
maxdom : 6
D->valSize : 338
Solving...
Blb : 2 (clique : 36)
currentSize : 36 <-- 0.003667 s
currentSize : 37 <-- 0.004093 s
currentSize : 38 <-- 0.004936 s
currentSize : 39 <-- 0.006191 s
currentSize : 40 <-- 0.015789 s
currentSize : 41 <-- 0.048310 s
currentSize : 42 <-- 3.555375 s
currentSize : 43 <-- 121.950478 s
currentSize : 44 <-- 771.551086 s

TIMEOUT
maxsize : 44
nodes : 764798613.000000
filtered : 2612222712.000000
time : 3600.000000
