Parameters: GAD=1 vflib=1 dir=0 label=1 lowerbound=1 fileNameGp=../graphsdb/mcs50/bvg/b09m/mcs50_b09m_s90.A44 fileNameGt=../graphsdb/mcs50/bvg/b09m/mcs50_b09m_s90.B44
Reading graphs...
90 :  392
90 :  395
Initializing...
maxdom : 9
D->valSize : 537
Solving...
Blb : 3 (clique : 22)
currentSize : 22 <-- 0.005879 s
currentSize : 23 <-- 0.006240 s
currentSize : 24 <-- 17.265285 s
currentSize : 25 <-- 17.265402 s
currentSize : 26 <-- 17.265579 s
currentSize : 27 <-- 17.265671 s
currentSize : 28 <-- 21.157928 s
currentSize : 29 <-- 21.160324 s
currentSize : 30 <-- 22.806955 s
currentSize : 32 <-- 28.348856 s
currentSize : 33 <-- 28.380188 s
currentSize : 34 <-- 28.380619 s
currentSize : 35 <-- 88.303795 s
currentSize : 36 <-- 161.460342 s
currentSize : 40 <-- 161.461792 s
currentSize : 41 <-- 220.194305 s
currentSize : 42 <-- 220.194519 s
currentSize : 43 <-- 220.194641 s

maxsize : 43
nodes : 156822121.000000
filtered : 977655344.000000
time : 828.333008
