Parameters: GAD=1 vflib=1 dir=0 label=1 lowerbound=1 fileNameGp=../graphsdb/mcs50/rand/r005/mcs50_r005_s40.A41 fileNameGt=../graphsdb/mcs50/rand/r005/mcs50_r005_s40.B41
Reading graphs...
40 :  76
40 :  78
Initializing...
maxdom : 8
D->valSize : 232
Solving...
Blb : 2 (clique : 14)
currentSize : 14 <-- 0.001451 s
currentSize : 15 <-- 0.001568 s
currentSize : 16 <-- 0.001752 s
currentSize : 17 <-- 0.013012 s
currentSize : 18 <-- 0.346252 s
currentSize : 19 <-- 0.800304 s
currentSize : 20 <-- 2.108541 s

maxsize : 20
nodes : 1641178.000000
filtered : 20850182.000000
time : 5.998569
