Parameters: GAD=1 vflib=1 dir=0 label=1 lowerbound=1 fileNameGp=../graphsdb/mcs50/rand/r005/mcs50_r005_s100.A33 fileNameGt=../graphsdb/mcs50/rand/r005/mcs50_r005_s100.B33
Reading graphs...
100 :  480
100 :  487
Initializing...
maxdom : 6
D->valSize : 348
Solving...
Blb : 2 (clique : 25)
currentSize : 25 <-- 0.006294 s
currentSize : 26 <-- 0.014157 s
currentSize : 27 <-- 0.091348 s
currentSize : 28 <-- 1.941365 s
currentSize : 29 <-- 2.675785 s
currentSize : 35 <-- 2.892901 s
currentSize : 37 <-- 5.067914 s
currentSize : 38 <-- 7.892267 s
currentSize : 42 <-- 15.186764 s
currentSize : 43 <-- 16.680754 s
currentSize : 45 <-- 16.681038 s
currentSize : 46 <-- 19.762648 s
currentSize : 47 <-- 19.762829 s
currentSize : 50 <-- 24.224819 s

maxsize : 50
nodes : 5411295.000000
filtered : 36396219.000000
time : 31.931927
