Parameters: GAD=1 vflib=1 dir=0 label=1 lowerbound=1 fileNameGp=../graphsdb/mcs50/rand/r005/mcs50_r005_s50.A22 fileNameGt=../graphsdb/mcs50/rand/r005/mcs50_r005_s50.B22
Reading graphs...
50 :  117
50 :  120
Initializing...
maxdom : 8
D->valSize : 304
Solving...
Blb : 2 (clique : 20)
currentSize : 20 <-- 0.003364 s
currentSize : 21 <-- 0.525585 s
currentSize : 22 <-- 3.013169 s
currentSize : 23 <-- 3.019330 s
currentSize : 24 <-- 9.231000 s
currentSize : 25 <-- 40.148949 s
currentSize : 26 <-- 47.427429 s

maxsize : 26
nodes : 11751076.000000
filtered : 162449403.000000
time : 52.946114
