Parameters: GAD=1 vflib=1 dir=0 label=1 lowerbound=1 fileNameGp=../graphsdb/mcs50/rand/r005/mcs50_r005_s80.A00 fileNameGt=../graphsdb/mcs50/rand/r005/mcs50_r005_s80.B00
Reading graphs...
80 :  305
80 :  305
Initializing...
maxdom : 9
D->valSize : 435
Solving...
Blb : 2 (clique : 19)
currentSize : 19 <-- 0.004349 s
currentSize : 20 <-- 0.004553 s
currentSize : 21 <-- 0.004664 s
currentSize : 22 <-- 0.008851 s
currentSize : 23 <-- 0.030276 s
currentSize : 24 <-- 0.106138 s
currentSize : 25 <-- 0.482826 s
currentSize : 26 <-- 0.484242 s
currentSize : 27 <-- 1.472712 s
currentSize : 28 <-- 1.911623 s
currentSize : 29 <-- 3.736917 s
currentSize : 30 <-- 4.448007 s
currentSize : 31 <-- 10.094076 s
currentSize : 32 <-- 12.219261 s
currentSize : 33 <-- 12.219658 s
currentSize : 34 <-- 25.222055 s
currentSize : 35 <-- 54.667221 s
currentSize : 36 <-- 54.669552 s
currentSize : 37 <-- 72.029175 s
currentSize : 38 <-- 107.292526 s
currentSize : 39 <-- 107.292732 s

maxsize : 39
nodes : 18825690.000000
filtered : 198033308.000000
time : 112.492737
