Parameters: GAD=1 vflib=1 dir=0 label=1 lowerbound=1 fileNameGp=../graphsdb/mcs50/m2D/m2D/mcs50_m2D_s100.A52 fileNameGt=../graphsdb/mcs50/m2D/m2D/mcs50_m2D_s100.B52
Reading graphs...
100 :  179
100 :  179
Initializing...
maxdom : 7
D->valSize : 348
Solving...
Blb : 3 (clique : 41)
currentSize : 41 <-- 0.006716 s
currentSize : 42 <-- 0.054632 s
currentSize : 43 <-- 0.612825 s
currentSize : 44 <-- 3.314821 s
currentSize : 45 <-- 16.714245 s
currentSize : 46 <-- 60.641655 s
currentSize : 47 <-- 84.863731 s
currentSize : 48 <-- 1477.249756 s
currentSize : 49 <-- 1508.985840 s
currentSize : 50 <-- 1614.863525 s
currentSize : 51 <-- 1684.882812 s
currentSize : 52 <-- 3216.305176 s

TIMEOUT
maxsize : 52
nodes : 730487041.000000
filtered : 2060057095.000000
time : 3600.000000
