Parameters: GAD=1 vflib=1 dir=0 label=1 lowerbound=1 fileNameGp=../graphsdb/mcs50/m2D/m2Dr6/mcs50_m2Dr6_s80.A92 fileNameGt=../graphsdb/mcs50/m2D/m2Dr6/mcs50_m2Dr6_s80.B92
Reading graphs...
80 :  189
80 :  187
Initializing...
maxdom : 9
D->valSize : 439
Solving...
Blb : 2 (clique : 25)
currentSize : 25 <-- 0.004459 s
currentSize : 26 <-- 29.340696 s
currentSize : 27 <-- 30.041000 s
currentSize : 28 <-- 30.047047 s
currentSize : 29 <-- 30.748920 s
currentSize : 30 <-- 34.910748 s
currentSize : 31 <-- 34.989937 s
currentSize : 32 <-- 34.991219 s
currentSize : 33 <-- 68.760300 s
currentSize : 35 <-- 207.964706 s
currentSize : 36 <-- 208.013031 s
currentSize : 37 <-- 842.154541 s

TIMEOUT
maxsize : 37
nodes : 629167360.000000
filtered : 6951707925.000000
time : 3600.000000
