Parameters: GAD=1 vflib=1 dir=0 label=1 lowerbound=1 fileNameGp=../graphsdb/mcs50/bvg/b06/mcs50_b06_s40.A67 fileNameGt=../graphsdb/mcs50/bvg/b06/mcs50_b06_s40.B67
Reading graphs...
40 :  116
40 :  119
Initializing...
maxdom : 10
D->valSize : 264
Solving...
Blb : 2 (clique : 14)
currentSize : 14 <-- 0.002445 s
currentSize : 15 <-- 0.002787 s
currentSize : 16 <-- 0.002857 s
currentSize : 17 <-- 0.003817 s
currentSize : 19 <-- 0.133438 s
currentSize : 20 <-- 0.133470 s
currentSize : 21 <-- 0.134099 s

maxsize : 21
nodes : 65040.000000
filtered : 914355.000000
time : 0.288777
