Parameters: GAD=1 vflib=1 dir=0 label=1 lowerbound=1 fileNameGp=../graphsdb/mcs50/bvg/b09/mcs50_b09_s30.A89 fileNameGt=../graphsdb/mcs50/bvg/b09/mcs50_b09_s30.B89
Reading graphs...
30 :  130
30 :  132
Initializing...
maxdom : 6
D->valSize : 121
Solving...
Blb : 2 (clique : 7)
currentSize : 7 <-- 0.000711 s
currentSize : 8 <-- 0.001271 s
currentSize : 9 <-- 0.001721 s
currentSize : 10 <-- 0.001748 s
currentSize : 11 <-- 0.002458 s
currentSize : 13 <-- 0.002663 s
currentSize : 14 <-- 0.003924 s

maxsize : 14
nodes : 1183.000000
filtered : 12981.000000
time : 0.004412
