Parameters: GAD=1 vflib=1 dir=0 label=1 lowerbound=1 fileNameGp=../graphsdb/mcs50/rand/r02/mcs50_r02_s100.A49 fileNameGt=../graphsdb/mcs50/rand/r02/mcs50_r02_s100.B49
Reading graphs...
100 :  1777
100 :  1764
Initializing...
maxdom : 7
D->valSize : 335
Solving...
Blb : 2 (clique : 9)
currentSize : 9 <-- 0.003344 s
currentSize : 11 <-- 0.003456 s
currentSize : 12 <-- 0.003682 s
currentSize : 14 <-- 0.003899 s
currentSize : 24 <-- 0.006799 s
currentSize : 25 <-- 0.039536 s
currentSize : 41 <-- 0.046874 s
currentSize : 42 <-- 0.046973 s

maxsize : 42
nodes : 108186.000000
filtered : 322958.000000
time : 0.520224
