Parameters: GAD=1 vflib=1 dir=0 label=1 lowerbound=1 fileNameGp=../graphsdb/mcs50/bvg/b09m/mcs50_b09m_s80.A99 fileNameGt=../graphsdb/mcs50/bvg/b09m/mcs50_b09m_s80.B99
Reading graphs...
80 :  352
80 :  355
Initializing...
maxdom : 9
D->valSize : 445
Solving...
Blb : 2 (clique : 29)
currentSize : 29 <-- 0.004392 s
currentSize : 31 <-- 0.004591 s
currentSize : 34 <-- 0.005252 s
currentSize : 36 <-- 0.005309 s
currentSize : 37 <-- 0.005454 s

maxsize : 37
nodes : 28753796.000000
filtered : 256571494.000000
time : 155.601059
