Parameters: GAD=1 vflib=1 dir=0 label=1 lowerbound=1 fileNameGp=../graphsdb/mcs50/bvg/b06m/mcs50_b06m_s50.A33 fileNameGt=../graphsdb/mcs50/bvg/b06m/mcs50_b06m_s50.B33
Reading graphs...
50 :  149
50 :  148
Initializing...
maxdom : 9
D->valSize : 309
Solving...
Blb : 3 (clique : 20)
currentSize : 20 <-- 0.002140 s
currentSize : 21 <-- 1.920487 s
currentSize : 22 <-- 1.920499 s
currentSize : 24 <-- 1.921479 s
currentSize : 25 <-- 1.921522 s
currentSize : 26 <-- 1.922075 s

maxsize : 26
nodes : 1220800.000000
filtered : 17948373.000000
time : 5.734431
