Parameters: GAD=1 vflib=1 dir=0 label=1 lowerbound=1 fileNameGp=../graphsdb/mcs50/rand/r02/mcs50_r02_s100.A69 fileNameGt=../graphsdb/mcs50/rand/r02/mcs50_r02_s100.B69
Reading graphs...
100 :  1759
100 :  1769
Initializing...
maxdom : 7
D->valSize : 335
Solving...
Blb : 2 (clique : 6)
currentSize : 6 <-- 0.003481 s
currentSize : 7 <-- 0.003560 s
currentSize : 10 <-- 0.003823 s
currentSize : 11 <-- 0.004349 s
currentSize : 13 <-- 0.005172 s
currentSize : 21 <-- 0.007106 s
currentSize : 23 <-- 0.015206 s
currentSize : 25 <-- 0.030686 s
currentSize : 39 <-- 0.031396 s

maxsize : 39
nodes : 948950.000000
filtered : 656492.000000
time : 4.174537
