Parameters: GAD=1 vflib=1 dir=0 label=1 lowerbound=1 fileNameGp=../graphsdb/mcs50/rand/r005/mcs50_r005_s35.A78 fileNameGt=../graphsdb/mcs50/rand/r005/mcs50_r005_s35.B78
Reading graphs...
35 :  61
35 :  62
Initializing...
maxdom : 6
D->valSize : 165
Solving...
Blb : 5 (clique : 14)
currentSize : 14 <-- 0.001124 s
currentSize : 15 <-- 0.031170 s
currentSize : 16 <-- 0.153474 s
currentSize : 17 <-- 0.153508 s
currentSize : 18 <-- 0.389649 s

maxsize : 18
nodes : 167133.000000
filtered : 1131104.000000
time : 0.493359
