Parameters: GAD=1 vflib=1 dir=0 label=1 lowerbound=1 fileNameGp=../graphsdb/mcs50/bvg/b03m/mcs50_b03m_s80.A55 fileNameGt=../graphsdb/mcs50/bvg/b03m/mcs50_b03m_s80.B55
Reading graphs...
80 :  120
80 :  119
Initializing...
maxdom : 10
D->valSize : 441
Solving...
Blb : 2 (clique : 35)
currentSize : 35 <-- 0.004922 s
currentSize : 36 <-- 0.005722 s
currentSize : 37 <-- 1.663369 s
currentSize : 38 <-- 26.703688 s
currentSize : 39 <-- 293.898834 s
currentSize : 40 <-- 2801.887939 s

TIMEOUT
maxsize : 40
nodes : 858305296.000000
filtered : 5430540017.000000
time : 3600.000000
