Parameters: GAD=1 vflib=1 dir=0 label=1 lowerbound=1 fileNameGp=../graphsdb/mcs50/m3D/m3D/mcs50_m3D_s50.A18 fileNameGt=../graphsdb/mcs50/m3D/m3D/mcs50_m3D_s50.B18
Reading graphs...
50 :  109
50 :  108
Initializing...
maxdom : 10
D->valSize : 315
Solving...
Blb : 2 (clique : 22)
currentSize : 22 <-- 0.003718 s
currentSize : 23 <-- 0.298719 s
currentSize : 24 <-- 0.456402 s
currentSize : 25 <-- 2.001597 s
currentSize : 26 <-- 3.446859 s
currentSize : 27 <-- 3.446939 s

maxsize : 27
nodes : 1648780.000000
filtered : 12119427.000000
time : 6.401689
