Parameters: GAD=1 vflib=1 dir=0 label=1 lowerbound=1 fileNameGp=../graphsdb/mcs50/m4D/m4D/mcs50_m4D_s35.A62 fileNameGt=../graphsdb/mcs50/m4D/m4D/mcs50_m4D_s35.B62
Reading graphs...
35 :  62
35 :  63
Initializing...
maxdom : 7
D->valSize : 155
Solving...
Blb : 3 (clique : 14)
currentSize : 14 <-- 0.000923 s
currentSize : 15 <-- 0.000985 s
currentSize : 17 <-- 0.001019 s
currentSize : 18 <-- 0.001118 s
currentSize : 19 <-- 0.042762 s

maxsize : 19
nodes : 56064.000000
filtered : 446775.000000
time : 0.196570
