Parameters: GAD=1 vflib=1 dir=0 label=1 lowerbound=1 fileNameGp=../graphsdb/mcs50/rand/r001/mcs50_r001_s100.A50 fileNameGt=../graphsdb/mcs50/rand/r001/mcs50_r001_s100.B50
Reading graphs...
100 :  124
100 :  124
Initializing...
maxdom : 6
D->valSize : 365
Solving...
Blb : 2 (clique : 47)
currentSize : 47 <-- 0.004068 s
currentSize : 48 <-- 0.004739 s
currentSize : 49 <-- 0.037453 s
currentSize : 50 <-- 15.868034 s
currentSize : 51 <-- 42.658527 s
currentSize : 52 <-- 175.708740 s

TIMEOUT
maxsize : 52
nodes : 689873382.000000
filtered : 2650865537.000000
time : 3600.000000
