Parameters: GAD=1 vflib=1 dir=0 label=1 lowerbound=1 fileNameGp=../graphsdb/mcs50/rand/r005/mcs50_r005_s70.A63 fileNameGt=../graphsdb/mcs50/rand/r005/mcs50_r005_s70.B63
Reading graphs...
70 :  233
70 :  236
Initializing...
maxdom : 9
D->valSize : 349
Solving...
Blb : 2 (clique : 21)
currentSize : 21 <-- 0.002914 s
currentSize : 22 <-- 0.003158 s
currentSize : 23 <-- 0.004081 s
currentSize : 24 <-- 0.005872 s
currentSize : 25 <-- 0.007018 s
currentSize : 26 <-- 0.010279 s
currentSize : 27 <-- 0.011454 s
currentSize : 28 <-- 2.660655 s
currentSize : 30 <-- 2.662290 s
currentSize : 31 <-- 2.662392 s
currentSize : 32 <-- 2.665876 s
currentSize : 33 <-- 2.665990 s
currentSize : 34 <-- 2.682480 s

maxsize : 34
nodes : 1956410.000000
filtered : 20254702.000000
time : 10.620936
