Parameters: GAD=1 vflib=1 dir=0 label=1 lowerbound=1 fileNameGp=../graphsdb/mcs50/bvg/b03/mcs50_b03_s70.A58 fileNameGt=../graphsdb/mcs50/bvg/b03/mcs50_b03_s70.B58
Reading graphs...
70 :  105
70 :  105
Initializing...
maxdom : 10
D->valSize : 344
Solving...
Blb : 2 (clique : 35)
currentSize : 35 <-- 0.003248 s
currentSize : 36 <-- 0.015424 s
currentSize : 37 <-- 0.015464 s
currentSize : 39 <-- 0.591736 s
currentSize : 40 <-- 3.528665 s
currentSize : 41 <-- 3.528805 s

maxsize : 41
nodes : 480699020.000000
filtered : 3073733423.000000
time : 2110.900635
