Parameters: GAD=1 vflib=1 dir=0 label=1 lowerbound=1 fileNameGp=../graphsdb/mcs50/m2D/m2Dr6/mcs50_m2Dr6_s30.A85 fileNameGt=../graphsdb/mcs50/m2D/m2Dr6/mcs50_m2Dr6_s30.B85
Reading graphs...
30 :  65
30 :  64
Initializing...
maxdom : 4
D->valSize : 113
Solving...
Blb : 2 (clique : 10)
currentSize : 10 <-- 0.000701 s
currentSize : 11 <-- 0.002952 s
currentSize : 12 <-- 0.003618 s
currentSize : 14 <-- 0.011280 s
currentSize : 16 <-- 0.014464 s

maxsize : 16
nodes : 7405.000000
filtered : 42648.000000
time : 0.020788
