Parameters: GAD=1 vflib=1 dir=0 label=1 lowerbound=1 fileNameGp=../graphsdb/mcs50/rand/r01/mcs50_r01_s70.A17 fileNameGt=../graphsdb/mcs50/rand/r01/mcs50_r01_s70.B17
Reading graphs...
70 :  454
70 :  457
Initializing...
maxdom : 9
D->valSize : 347
Solving...
Blb : 2 (clique : 12)
currentSize : 12 <-- 0.002806 s
currentSize : 13 <-- 0.002952 s
currentSize : 17 <-- 0.004285 s
currentSize : 18 <-- 0.004301 s
currentSize : 21 <-- 0.009565 s
currentSize : 26 <-- 0.009769 s
currentSize : 28 <-- 0.017990 s
currentSize : 32 <-- 0.122148 s

maxsize : 32
nodes : 74562.000000
filtered : 863842.000000
time : 0.397082
