Parameters: GAD=1 vflib=1 dir=0 label=1 lowerbound=1 fileNameGp=../graphsdb/mcs50/bvg/b06m/mcs50_b06m_s80.A37 fileNameGt=../graphsdb/mcs50/bvg/b06m/mcs50_b06m_s80.B37
Reading graphs...
80 :  240
80 :  240
Initializing...
maxdom : 10
D->valSize : 452
Solving...
Blb : 3 (clique : 21)
currentSize : 21 <-- 0.004511 s
currentSize : 22 <-- 15.064943 s
currentSize : 23 <-- 68.558685 s
currentSize : 24 <-- 68.560600 s
currentSize : 25 <-- 73.160500 s
currentSize : 26 <-- 73.164322 s
currentSize : 27 <-- 73.204315 s
currentSize : 28 <-- 77.920525 s
currentSize : 29 <-- 82.570534 s
currentSize : 30 <-- 82.575699 s
currentSize : 31 <-- 82.708626 s
currentSize : 32 <-- 82.727844 s
currentSize : 33 <-- 83.889626 s
currentSize : 34 <-- 83.943184 s
currentSize : 35 <-- 157.697388 s
currentSize : 36 <-- 157.711731 s
currentSize : 37 <-- 158.337799 s
currentSize : 38 <-- 158.351883 s
currentSize : 39 <-- 158.377090 s
currentSize : 40 <-- 992.645264 s

TIMEOUT
maxsize : 40
nodes : 843440310.000000
filtered : 3179881673.000000
time : 3600.000000
