Parameters: GAD=1 vflib=1 dir=0 label=1 lowerbound=1 fileNameGp=../graphsdb/mcs50/rand/r01/mcs50_r01_s40.A96 fileNameGt=../graphsdb/mcs50/rand/r01/mcs50_r01_s40.B96
Reading graphs...
40 :  149
40 :  147
Initializing...
maxdom : 7
D->valSize : 207
Solving...
Blb : 2 (clique : 11)
currentSize : 11 <-- 0.001208 s
currentSize : 12 <-- 0.001968 s
currentSize : 13 <-- 0.005569 s
currentSize : 14 <-- 0.009958 s
currentSize : 15 <-- 0.019907 s
currentSize : 16 <-- 0.021765 s
currentSize : 17 <-- 0.061185 s
currentSize : 19 <-- 0.071492 s
currentSize : 20 <-- 0.087773 s

maxsize : 20
nodes : 23770.000000
filtered : 256741.000000
time : 0.092244
