Parameters: GAD=1 vflib=1 dir=0 label=1 lowerbound=1 fileNameGp=../graphsdb/mcs50/bvg/b09m/mcs50_b09m_s90.A35 fileNameGt=../graphsdb/mcs50/bvg/b09m/mcs50_b09m_s90.B35
Reading graphs...
90 :  395
90 :  396
Initializing...
maxdom : 13
D->valSize : 578
Solving...
Blb : 2 (clique : 26)
currentSize : 26 <-- 0.006735 s
currentSize : 27 <-- 24.105543 s
currentSize : 28 <-- 717.408936 s
currentSize : 30 <-- 853.989075 s
currentSize : 31 <-- 853.989197 s
currentSize : 32 <-- 1233.800781 s
currentSize : 33 <-- 1593.849121 s
currentSize : 34 <-- 1741.060913 s
currentSize : 35 <-- 1741.061279 s
currentSize : 36 <-- 1907.106079 s
currentSize : 37 <-- 1926.186401 s
currentSize : 38 <-- 1979.299927 s
currentSize : 39 <-- 1986.685303 s
currentSize : 40 <-- 1986.686035 s
currentSize : 41 <-- 2547.072266 s
currentSize : 42 <-- 2547.095459 s
currentSize : 43 <-- 2547.101318 s

maxsize : 43
nodes : 586457193.000000
filtered : 5416965689.000000
time : 3287.384033
