Parameters: GAD=1 vflib=1 dir=0 label=1 lowerbound=1 fileNameGp=../graphsdb/mcs50/m3D/m3D/mcs50_m3D_s50.A66 fileNameGt=../graphsdb/mcs50/m3D/m3D/mcs50_m3D_s50.B66
Reading graphs...
50 :  109
50 :  109
Initializing...
maxdom : 11
D->valSize : 330
Solving...
Blb : 2 (clique : 16)
currentSize : 16 <-- 0.002471 s
currentSize : 22 <-- 0.002583 s
currentSize : 25 <-- 0.002990 s
currentSize : 26 <-- 0.003132 s
currentSize : 28 <-- 0.004949 s
currentSize : 29 <-- 0.006569 s

maxsize : 29
nodes : 657594.000000
filtered : 7238834.000000
time : 3.110908
