Parameters: GAD=1 vflib=1 dir=0 label=1 lowerbound=1 fileNameGp=../graphsdb/mcs50/rand/r01/mcs50_r01_s30.A85 fileNameGt=../graphsdb/mcs50/rand/r01/mcs50_r01_s30.B85
Reading graphs...
30 :  83
30 :  83
Initializing...
maxdom : 8
D->valSize : 135
Solving...
Blb : 2 (clique : 8)
currentSize : 8 <-- 0.000688 s
currentSize : 9 <-- 0.000736 s
currentSize : 10 <-- 0.003557 s
currentSize : 11 <-- 0.003972 s
currentSize : 12 <-- 0.004965 s
currentSize : 13 <-- 0.005781 s
currentSize : 14 <-- 0.006828 s
currentSize : 15 <-- 0.008335 s

maxsize : 15
nodes : 3617.000000
filtered : 28605.000000
time : 0.011310
