Parameters: GAD=1 vflib=1 dir=0 label=1 lowerbound=1 fileNameGp=../graphsdb/mcs50/m2D/m2D/mcs50_m2D_s60.A32 fileNameGt=../graphsdb/mcs50/m2D/m2D/mcs50_m2D_s60.B32
Reading graphs...
60 :  103
60 :  104
Initializing...
maxdom : 6
D->valSize : 243
Solving...
Blb : 2 (clique : 24)
currentSize : 24 <-- 0.001903 s
currentSize : 26 <-- 0.002041 s
currentSize : 27 <-- 0.004570 s
currentSize : 28 <-- 0.004754 s
currentSize : 29 <-- 0.263368 s
currentSize : 30 <-- 14.173683 s
currentSize : 31 <-- 25.429180 s

maxsize : 31
nodes : 21098119.000000
filtered : 162940562.000000
time : 90.724098
