Parameters: GAD=1 vflib=1 dir=0 label=1 lowerbound=1 fileNameGp=../graphsdb/mcs50/m2D/m2Dr6/mcs50_m2Dr6_s80.A93 fileNameGt=../graphsdb/mcs50/m2D/m2Dr6/mcs50_m2Dr6_s80.B93
Reading graphs...
80 :  189
80 :  187
Initializing...
maxdom : 8
D->valSize : 420
Solving...
Blb : 2 (clique : 31)
currentSize : 31 <-- 0.006733 s
currentSize : 32 <-- 0.007150 s
currentSize : 33 <-- 0.009043 s
currentSize : 34 <-- 0.009645 s
currentSize : 36 <-- 0.023146 s
currentSize : 37 <-- 0.024742 s
currentSize : 38 <-- 7.640664 s
currentSize : 39 <-- 7.641554 s
currentSize : 40 <-- 2749.497559 s
currentSize : 41 <-- 2749.839844 s

TIMEOUT
maxsize : 41
nodes : 640354644.000000
filtered : 5429014260.000000
time : 3600.000000
