Parameters: GAD=1 vflib=1 dir=0 label=1 lowerbound=1 fileNameGp=../graphsdb/mcs50/rand/r01/mcs50_r01_s90.A32 fileNameGt=../graphsdb/mcs50/rand/r01/mcs50_r01_s90.B32
Reading graphs...
90 :  755
90 :  754
Initializing...
maxdom : 11
D->valSize : 585
Solving...
Blb : 2 (clique : 13)
currentSize : 13 <-- 0.006508 s
currentSize : 14 <-- 0.008633 s
currentSize : 15 <-- 0.010220 s
currentSize : 16 <-- 0.010284 s
currentSize : 17 <-- 0.012717 s
currentSize : 18 <-- 0.013069 s
currentSize : 19 <-- 0.672468 s
currentSize : 20 <-- 0.865663 s
currentSize : 21 <-- 0.865894 s
currentSize : 22 <-- 0.866052 s
currentSize : 24 <-- 1.302675 s
currentSize : 26 <-- 1.691861 s
currentSize : 28 <-- 1.971560 s
currentSize : 33 <-- 1.976995 s
currentSize : 38 <-- 2.462910 s
currentSize : 43 <-- 2.668961 s

maxsize : 43
nodes : 658168.000000
filtered : 8515397.000000
time : 4.117652
