Parameters: GAD=1 vflib=1 dir=0 label=1 lowerbound=1 fileNameGp=../graphsdb/mcs50/rand/r005/mcs50_r005_s60.A99 fileNameGt=../graphsdb/mcs50/rand/r005/mcs50_r005_s60.B99
Reading graphs...
60 :  170
60 :  173
Initializing...
maxdom : 6
D->valSize : 265
Solving...
Blb : 2 (clique : 24)
currentSize : 24 <-- 0.003064 s
currentSize : 26 <-- 0.353686 s
currentSize : 27 <-- 3.383730 s
currentSize : 29 <-- 3.384147 s
currentSize : 30 <-- 3.384245 s

maxsize : 30
nodes : 1100647.000000
filtered : 10773752.000000
time : 5.695769
