Parameters: GAD=1 vflib=1 dir=0 label=1 lowerbound=1 fileNameGp=../graphsdb/mcs50/rand/r02/mcs50_r02_s40.A74 fileNameGt=../graphsdb/mcs50/rand/r02/mcs50_r02_s40.B74
Reading graphs...
40 :  277
40 :  277
Initializing...
maxdom : 7
D->valSize : 210
Solving...
Blb : 2 (clique : 7)
currentSize : 7 <-- 0.001189 s
currentSize : 8 <-- 0.001277 s
currentSize : 9 <-- 0.002159 s
currentSize : 10 <-- 0.002479 s
currentSize : 18 <-- 0.003567 s
currentSize : 19 <-- 0.003672 s

maxsize : 19
nodes : 1469.000000
filtered : 25419.000000
time : 0.007211
