Parameters: GAD=1 vflib=1 dir=0 label=1 lowerbound=1 fileNameGp=../graphsdb/mcs50/bvg/b03m/mcs50_b03m_s100.A45 fileNameGt=../graphsdb/mcs50/bvg/b03m/mcs50_b03m_s100.B45
Reading graphs...
100 :  150
100 :  148
Initializing...
maxdom : 8
D->valSize : 387
Solving...
Blb : 5 (clique : 46)
currentSize : 46 <-- 0.004371 s
currentSize : 47 <-- 0.006000 s
currentSize : 48 <-- 0.006093 s
currentSize : 49 <-- 0.006777 s
currentSize : 50 <-- 0.008248 s
currentSize : 51 <-- 4.577674 s
currentSize : 52 <-- 4.579300 s
currentSize : 53 <-- 162.549728 s
currentSize : 54 <-- 1361.437256 s

TIMEOUT
maxsize : 54
nodes : 782506056.000000
filtered : 1952038261.000000
time : 3600.000000
