Parameters: GAD=1 vflib=1 dir=0 label=1 lowerbound=1 fileNameGp=../graphsdb/mcs50/m3D/m3D/mcs50_m3D_s50.A29 fileNameGt=../graphsdb/mcs50/m3D/m3D/mcs50_m3D_s50.B29
Reading graphs...
50 :  109
50 :  108
Initializing...
maxdom : 12
D->valSize : 317
Solving...
Blb : 2 (clique : 16)
currentSize : 16 <-- 0.002282 s
currentSize : 22 <-- 0.002388 s
currentSize : 24 <-- 0.747521 s
currentSize : 25 <-- 0.749314 s
currentSize : 26 <-- 4.544085 s
currentSize : 27 <-- 5.035089 s

maxsize : 27
nodes : 1347719.000000
filtered : 16971938.000000
time : 6.186216
