Parameters: GAD=1 vflib=1 dir=0 label=1 lowerbound=1 fileNameGp=../graphsdb/mcs50/m2D/m2Dr6/mcs50_m2Dr6_s70.A89 fileNameGt=../graphsdb/mcs50/m2D/m2Dr6/mcs50_m2Dr6_s70.B89
Reading graphs...
70 :  165
70 :  163
Initializing...
maxdom : 8
D->valSize : 336
Solving...
Blb : 5 (clique : 23)
currentSize : 23 <-- 0.005079 s
currentSize : 27 <-- 0.005352 s
currentSize : 28 <-- 0.005724 s
currentSize : 29 <-- 0.008750 s
currentSize : 30 <-- 3.769762 s
currentSize : 31 <-- 189.901154 s
currentSize : 32 <-- 282.772278 s
currentSize : 33 <-- 466.769653 s
currentSize : 34 <-- 1125.364624 s
currentSize : 36 <-- 1126.903198 s
currentSize : 37 <-- 1126.903320 s

maxsize : 37
nodes : 369382925.000000
filtered : 2312108545.000000
time : 1629.791748
