Parameters: GAD=1 vflib=1 dir=0 label=1 lowerbound=1 fileNameGp=../graphsdb/mcs50/m2D/m2Dr4/mcs50_m2Dr4_s80.A44 fileNameGt=../graphsdb/mcs50/m2D/m2Dr4/mcs50_m2Dr4_s80.B44
Reading graphs...
80 :  172
80 :  170
Initializing...
maxdom : 7
D->valSize : 406
Solving...
Blb : 2 (clique : 24)
currentSize : 24 <-- 0.003958 s
currentSize : 25 <-- 0.423288 s
currentSize : 26 <-- 0.807687 s
currentSize : 27 <-- 9.309293 s
currentSize : 28 <-- 13.364999 s
currentSize : 29 <-- 40.921326 s
currentSize : 30 <-- 42.951878 s
currentSize : 31 <-- 494.758636 s
currentSize : 32 <-- 519.992859 s
currentSize : 33 <-- 883.010193 s
currentSize : 34 <-- 1167.991699 s
currentSize : 35 <-- 1199.995972 s
currentSize : 36 <-- 1199.996216 s
currentSize : 37 <-- 1423.799316 s

TIMEOUT
maxsize : 37
nodes : 730804147.000000
filtered : 5938531105.000000
time : 3600.000000
