Parameters: GAD=1 vflib=1 dir=0 label=1 lowerbound=1 fileNameGp=../graphsdb/mcs50/rand/r01/mcs50_r01_s30.A27 fileNameGt=../graphsdb/mcs50/rand/r01/mcs50_r01_s30.B27
Reading graphs...
30 :  81
30 :  82
Initializing...
maxdom : 6
D->valSize : 119
Solving...
Blb : 2 (clique : 10)
currentSize : 10 <-- 0.000658 s
currentSize : 11 <-- 0.002241 s
currentSize : 12 <-- 0.002511 s
currentSize : 13 <-- 0.005901 s
currentSize : 14 <-- 0.024753 s

maxsize : 14
nodes : 11507.000000
filtered : 80778.000000
time : 0.032146
