Parameters: GAD=1 vflib=1 dir=0 label=1 lowerbound=1 fileNameGp=../graphsdb/mcs50/m2D/m2Dr2/mcs50_m2Dr2_s50.A40 fileNameGt=../graphsdb/mcs50/m2D/m2Dr2/mcs50_m2Dr2_s50.B40
Reading graphs...
50 :  95
50 :  94
Initializing...
maxdom : 9
D->valSize : 345
Solving...
Blb : 2 (clique : 23)
currentSize : 23 <-- 0.002758 s
currentSize : 24 <-- 69.574318 s
currentSize : 25 <-- 264.846405 s
currentSize : 26 <-- 2541.892578 s
currentSize : 27 <-- 2541.954834 s

maxsize : 27
nodes : 682909038.000000
filtered : 7604553599.000000
time : 2577.362793
