Parameters: GAD=1 vflib=1 dir=0 label=1 lowerbound=1 fileNameGp=../graphsdb/mcs50/rand/r02/mcs50_r02_s80.A26 fileNameGt=../graphsdb/mcs50/rand/r02/mcs50_r02_s80.B26
Reading graphs...
80 :  1133
80 :  1135
Initializing...
maxdom : 10
D->valSize : 470
Solving...
Blb : 2 (clique : 8)
currentSize : 8 <-- 0.004389 s
currentSize : 9 <-- 0.004475 s
currentSize : 10 <-- 0.004625 s
currentSize : 11 <-- 0.006578 s
currentSize : 12 <-- 0.006596 s
currentSize : 16 <-- 0.007643 s
currentSize : 17 <-- 0.007708 s
currentSize : 20 <-- 0.023280 s
currentSize : 21 <-- 0.078099 s
currentSize : 30 <-- 0.078252 s
currentSize : 32 <-- 0.078390 s
currentSize : 33 <-- 0.079027 s

maxsize : 33
nodes : 37552.000000
filtered : 621387.000000
time : 0.227581
