Parameters: GAD=1 vflib=1 dir=0 label=1 lowerbound=1 fileNameGp=../graphsdb/mcs50/m3D/m3Dr6/mcs50_m3Dr6_s50.A55 fileNameGt=../graphsdb/mcs50/m3D/m3Dr6/mcs50_m3Dr6_s50.B55
Reading graphs...
50 :  137
50 :  135
Initializing...
maxdom : 8
D->valSize : 317
Solving...
Blb : 2 (clique : 14)
currentSize : 14 <-- 0.002264 s
currentSize : 19 <-- 0.002361 s
currentSize : 20 <-- 0.004514 s
currentSize : 21 <-- 5.939875 s
currentSize : 22 <-- 20.134590 s
currentSize : 23 <-- 21.391088 s
currentSize : 24 <-- 21.391150 s
currentSize : 25 <-- 21.432585 s
currentSize : 26 <-- 21.433430 s

maxsize : 26
nodes : 5632864.000000
filtered : 67454800.000000
time : 24.486364
