Parameters: GAD=1 vflib=1 dir=0 label=1 lowerbound=1 fileNameGp=../graphsdb/mcs50/bvg/b09/mcs50_b09_s100.A77 fileNameGt=../graphsdb/mcs50/bvg/b09/mcs50_b09_s100.B77
Reading graphs...
100 :  446
100 :  446
Initializing...
maxdom : 6
D->valSize : 342
Solving...
Blb : 2 (clique : 36)
currentSize : 36 <-- 0.003318 s
currentSize : 38 <-- 0.003605 s
currentSize : 41 <-- 47.523670 s
currentSize : 43 <-- 47.523762 s
currentSize : 45 <-- 47.524055 s
currentSize : 46 <-- 47.524151 s
currentSize : 47 <-- 47.675945 s
currentSize : 48 <-- 47.676056 s
currentSize : 49 <-- 284.887115 s
currentSize : 50 <-- 284.887238 s

maxsize : 50
nodes : 149254175.000000
filtered : 592229120.000000
time : 770.289307
