Parameters: GAD=1 vflib=1 dir=0 label=1 lowerbound=1 fileNameGp=../graphsdb/mcs50/m2D/m2Dr2/mcs50_m2Dr2_s60.A19 fileNameGt=../graphsdb/mcs50/m2D/m2Dr2/mcs50_m2Dr2_s60.B19
Reading graphs...
60 :  114
60 :  115
Initializing...
maxdom : 9
D->valSize : 248
Solving...
Blb : 2 (clique : 23)
currentSize : 23 <-- 0.001970 s
currentSize : 24 <-- 0.270885 s
currentSize : 25 <-- 2.071009 s
currentSize : 26 <-- 2.096528 s
currentSize : 27 <-- 2.852878 s
currentSize : 28 <-- 11.416412 s
currentSize : 29 <-- 11.497502 s
currentSize : 30 <-- 12.448818 s

maxsize : 30
nodes : 6575215.000000
filtered : 42255484.000000
time : 24.826653
