Parameters: GAD=1 vflib=1 dir=0 label=1 lowerbound=1 fileNameGp=../graphsdb/mcs50/m2D/m2Dr6/mcs50_m2Dr6_s30.A80 fileNameGt=../graphsdb/mcs50/m2D/m2Dr6/mcs50_m2Dr6_s30.B80
Reading graphs...
30 :  66
30 :  64
Initializing...
maxdom : 8
D->valSize : 120
Solving...
Blb : 3 (clique : 10)
currentSize : 10 <-- 0.000742 s
currentSize : 11 <-- 0.001296 s
currentSize : 12 <-- 0.021255 s
currentSize : 13 <-- 0.026801 s
currentSize : 14 <-- 0.032884 s
currentSize : 15 <-- 0.032944 s

maxsize : 15
nodes : 19847.000000
filtered : 86802.000000
time : 0.048423
