Parameters: GAD=1 vflib=1 dir=0 label=1 lowerbound=1 fileNameGp=../graphsdb/mcs50/bvg/b03/mcs50_b03_s60.A61 fileNameGt=../graphsdb/mcs50/bvg/b03/mcs50_b03_s60.B61
Reading graphs...
60 :  90
60 :  90
Initializing...
maxdom : 6
D->valSize : 253
Solving...
Blb : 2 (clique : 29)
currentSize : 29 <-- 0.001928 s
currentSize : 30 <-- 0.002472 s
currentSize : 31 <-- 0.751581 s
currentSize : 32 <-- 0.753041 s
currentSize : 33 <-- 3.680479 s
currentSize : 34 <-- 3.680506 s
currentSize : 35 <-- 3.687359 s

maxsize : 35
nodes : 1459295.000000
filtered : 6514626.000000
time : 6.218426
