Parameters: GAD=1 vflib=1 dir=0 label=1 lowerbound=1 fileNameGp=../graphsdb/mcs50/bvg/b03m/mcs50_b03m_s35.A14 fileNameGt=../graphsdb/mcs50/bvg/b03m/mcs50_b03m_s35.B14
Reading graphs...
35 :  51
35 :  51
Initializing...
maxdom : 7
D->valSize : 164
Solving...
Blb : 2 (clique : 14)
currentSize : 14 <-- 0.001007 s
currentSize : 15 <-- 0.002297 s
currentSize : 16 <-- 0.133788 s
currentSize : 17 <-- 0.154759 s
currentSize : 18 <-- 0.638355 s
currentSize : 19 <-- 0.865777 s

maxsize : 19
nodes : 370534.000000
filtered : 2334227.000000
time : 1.039410
