Parameters: GAD=1 vflib=1 dir=0 label=1 lowerbound=1 fileNameGp=../graphsdb/mcs50/m2D/m2D/mcs50_m2D_s60.A37 fileNameGt=../graphsdb/mcs50/m2D/m2D/mcs50_m2D_s60.B37
Reading graphs...
60 :  104
60 :  104
Initializing...
maxdom : 7
D->valSize : 235
Solving...
Blb : 2 (clique : 22)
currentSize : 22 <-- 0.002056 s
currentSize : 23 <-- 0.002191 s
currentSize : 24 <-- 0.003596 s
currentSize : 25 <-- 0.007791 s
currentSize : 26 <-- 1.876685 s
currentSize : 27 <-- 4.642294 s
currentSize : 28 <-- 4.643747 s
currentSize : 29 <-- 32.945885 s

maxsize : 29
nodes : 35354147.000000
filtered : 237262604.000000
time : 139.543869
