Parameters: GAD=1 vflib=1 dir=0 label=1 lowerbound=1 fileNameGp=../graphsdb/mcs50/m2D/m2Dr4/mcs50_m2Dr4_s50.A10 fileNameGt=../graphsdb/mcs50/m2D/m2Dr4/mcs50_m2Dr4_s50.B10
Reading graphs...
50 :  105
50 :  104
Initializing...
maxdom : 8
D->valSize : 317
Solving...
Blb : 2 (clique : 16)
currentSize : 16 <-- 0.003586 s
currentSize : 17 <-- 0.075558 s
currentSize : 20 <-- 0.825422 s
currentSize : 21 <-- 1.233946 s
currentSize : 22 <-- 1.364983 s
currentSize : 23 <-- 1.365073 s
currentSize : 24 <-- 1.365468 s
currentSize : 25 <-- 1.365717 s
currentSize : 26 <-- 2.845416 s
currentSize : 27 <-- 2.986554 s

maxsize : 27
nodes : 2464354.000000
filtered : 27295253.000000
time : 10.745220
