Parameters: GAD=1 vflib=1 dir=0 label=1 lowerbound=1 fileNameGp=../graphsdb/mcs50/bvg/b03/mcs50_b03_s50.A12 fileNameGt=../graphsdb/mcs50/bvg/b03/mcs50_b03_s50.B12
Reading graphs...
50 :  75
50 :  75
Initializing...
maxdom : 11
D->valSize : 359
Solving...
Blb : 3 (clique : 22)
currentSize : 22 <-- 0.004425 s
currentSize : 23 <-- 0.235356 s
currentSize : 24 <-- 0.669129 s
currentSize : 25 <-- 0.725070 s
currentSize : 26 <-- 0.808493 s
currentSize : 27 <-- 0.889751 s
currentSize : 28 <-- 42.100040 s
currentSize : 29 <-- 42.107098 s

maxsize : 29
nodes : 21387913.000000
filtered : 274629634.000000
time : 101.876221
