Parameters: GAD=1 vflib=1 dir=0 label=1 lowerbound=1 fileNameGp=../graphsdb/mcs50/bvg/b03m/mcs50_b03m_s60.A60 fileNameGt=../graphsdb/mcs50/bvg/b03m/mcs50_b03m_s60.B60
Reading graphs...
60 :  90
60 :  89
Initializing...
maxdom : 8
D->valSize : 252
Solving...
Blb : 2 (clique : 28)
currentSize : 28 <-- 0.001866 s
currentSize : 29 <-- 81.625275 s
currentSize : 30 <-- 81.626259 s
currentSize : 31 <-- 98.934082 s
currentSize : 32 <-- 118.298027 s

maxsize : 32
nodes : 91851112.000000
filtered : 591378496.000000
time : 352.714661
