Parameters: GAD=1 vflib=1 dir=0 label=1 lowerbound=1 fileNameGp=../graphsdb/mcs50/m3D/m3Dr2/mcs50_m3Dr2_s60.A57 fileNameGt=../graphsdb/mcs50/m3D/m3Dr2/mcs50_m3Dr2_s60.B57
Reading graphs...
60 :  143
60 :  143
Initializing...
maxdom : 7
D->valSize : 224
Solving...
Blb : 5 (clique : 20)
currentSize : 20 <-- 0.001584 s
currentSize : 21 <-- 0.273493 s
currentSize : 22 <-- 0.402116 s
currentSize : 23 <-- 4.610983 s
currentSize : 24 <-- 24.705477 s
currentSize : 25 <-- 24.706184 s
currentSize : 26 <-- 25.371143 s
currentSize : 27 <-- 25.841585 s
currentSize : 28 <-- 25.913044 s
currentSize : 29 <-- 25.917864 s

maxsize : 29
nodes : 9050961.000000
filtered : 49158267.000000
time : 33.483067
