Parameters: GAD=1 vflib=1 dir=0 label=1 lowerbound=1 fileNameGp=../graphsdb/mcs50/m4D/m4Dr2/mcs50_m4Dr2_s40.A26 fileNameGt=../graphsdb/mcs50/m4D/m4Dr2/mcs50_m4Dr2_s40.B26
Reading graphs...
40 :  77
40 :  77
Initializing...
maxdom : 10
D->valSize : 221
Solving...
Blb : 3 (clique : 15)
currentSize : 15 <-- 0.001346 s
currentSize : 16 <-- 0.001469 s
currentSize : 17 <-- 0.042370 s
currentSize : 18 <-- 0.260956 s
currentSize : 19 <-- 0.864294 s
currentSize : 20 <-- 1.548000 s

maxsize : 20
nodes : 518866.000000
filtered : 5199323.000000
time : 1.790104
