Parameters: GAD=1 vflib=1 dir=0 label=1 lowerbound=1 fileNameGp=../graphsdb/mcs50/bvg/b03m/mcs50_b03m_s60.A83 fileNameGt=../graphsdb/mcs50/bvg/b03m/mcs50_b03m_s60.B83
Reading graphs...
60 :  89
60 :  89
Initializing...
maxdom : 7
D->valSize : 252
Solving...
Blb : 2 (clique : 24)
currentSize : 24 <-- 0.001999 s
currentSize : 26 <-- 0.002166 s
currentSize : 27 <-- 0.007260 s
currentSize : 28 <-- 0.007309 s
currentSize : 29 <-- 0.007352 s
currentSize : 30 <-- 0.197159 s
currentSize : 31 <-- 34.705925 s
currentSize : 32 <-- 38.528465 s

maxsize : 32
nodes : 13538717.000000
filtered : 93686645.000000
time : 58.306023
