Parameters: GAD=1 vflib=1 dir=0 label=1 lowerbound=1 fileNameGp=../graphsdb/mcs50/bvg/b06m/mcs50_b06m_s100.A50 fileNameGt=../graphsdb/mcs50/bvg/b06m/mcs50_b06m_s100.B50
Reading graphs...
100 :  297
100 :  296
Initializing...
maxdom : 7
D->valSize : 376
Solving...
Blb : 3 (clique : 42)
currentSize : 42 <-- 0.004319 s
currentSize : 44 <-- 1145.490723 s
currentSize : 45 <-- 1145.490845 s
currentSize : 46 <-- 1230.873169 s
currentSize : 48 <-- 1230.964111 s
currentSize : 49 <-- 1230.965088 s
currentSize : 50 <-- 1857.178589 s

TIMEOUT
maxsize : 50
nodes : 663914503.000000
filtered : 3541603282.000000
time : 3600.000000
