Parameters: GAD=1 vflib=1 dir=0 label=1 lowerbound=1 fileNameGp=../graphsdb/mcs50/bvg/b06m/mcs50_b06m_s60.A87 fileNameGt=../graphsdb/mcs50/bvg/b06m/mcs50_b06m_s60.B87
Reading graphs...
60 :  178
60 :  178
Initializing...
maxdom : 7
D->valSize : 249
Solving...
Blb : 2 (clique : 23)
currentSize : 23 <-- 0.002780 s
currentSize : 24 <-- 0.148900 s
currentSize : 25 <-- 0.149167 s
currentSize : 26 <-- 0.150838 s
currentSize : 27 <-- 0.152180 s
currentSize : 28 <-- 0.899478 s
currentSize : 29 <-- 0.900516 s

maxsize : 29
nodes : 850799.000000
filtered : 5821006.000000
time : 3.542322
