Parameters: GAD=1 vflib=1 dir=0 label=1 lowerbound=1 fileNameGp=../graphsdb/mcs50/bvg/b03/mcs50_b03_s100.A33 fileNameGt=../graphsdb/mcs50/bvg/b03/mcs50_b03_s100.B33
Reading graphs...
100 :  150
100 :  149
Initializing...
maxdom : 7
D->valSize : 322
Solving...
Blb : 2 (clique : 41)
currentSize : 41 <-- 0.003396 s
currentSize : 42 <-- 0.003736 s
currentSize : 43 <-- 0.003845 s
currentSize : 44 <-- 0.008878 s
currentSize : 45 <-- 0.016392 s
currentSize : 46 <-- 0.118658 s
currentSize : 47 <-- 0.376404 s
currentSize : 48 <-- 10.209332 s

TIMEOUT
maxsize : 48
nodes : 721401469.000000
filtered : 2460657461.000000
time : 3600.000000
