Parameters: GAD=1 vflib=1 dir=0 label=1 lowerbound=1 fileNameGp=../graphsdb/mcs50/bvg/b09/mcs50_b09_s70.A31 fileNameGt=../graphsdb/mcs50/bvg/b09/mcs50_b09_s70.B31
Reading graphs...
70 :  309
70 :  313
Initializing...
maxdom : 6
D->valSize : 311
Solving...
Blb : 2 (clique : 22)
currentSize : 22 <-- 0.003201 s
currentSize : 23 <-- 0.004232 s
currentSize : 24 <-- 0.004247 s
currentSize : 25 <-- 0.007047 s
currentSize : 26 <-- 0.012739 s
currentSize : 27 <-- 0.020817 s
currentSize : 28 <-- 0.049677 s
currentSize : 29 <-- 0.049704 s
currentSize : 30 <-- 0.070822 s
currentSize : 32 <-- 13.960638 s
currentSize : 33 <-- 14.020995 s
currentSize : 34 <-- 14.035417 s

maxsize : 34
nodes : 10310585.000000
filtered : 44293222.000000
time : 41.825016
