Parameters: GAD=1 vflib=1 dir=0 label=1 lowerbound=1 fileNameGp=../graphsdb/mcs50/bvg/b09m/mcs50_b09m_s90.A82 fileNameGt=../graphsdb/mcs50/bvg/b09m/mcs50_b09m_s90.B82
Reading graphs...
90 :  394
90 :  399
Initializing...
maxdom : 12
D->valSize : 553
Solving...
Blb : 2 (clique : 24)
currentSize : 24 <-- 0.010357 s
currentSize : 25 <-- 0.012909 s
currentSize : 26 <-- 0.831110 s
currentSize : 27 <-- 0.834357 s
currentSize : 28 <-- 0.890434 s
currentSize : 29 <-- 213.461746 s

TIMEOUT
maxsize : 29
nodes : 605277323.000000
filtered : 7642376996.000000
time : 3600.000000
