Parameters: GAD=1 vflib=1 dir=0 label=1 lowerbound=1 fileNameGp=../graphsdb/mcs50/m2D/m2D/mcs50_m2D_s60.A12 fileNameGt=../graphsdb/mcs50/m2D/m2D/mcs50_m2D_s60.B12
Reading graphs...
60 :  103
60 :  104
Initializing...
maxdom : 7
D->valSize : 234
Solving...
Blb : 2 (clique : 20)
currentSize : 20 <-- 0.002808 s
currentSize : 21 <-- 0.003030 s
currentSize : 22 <-- 0.003314 s
currentSize : 23 <-- 0.005056 s
currentSize : 24 <-- 0.010172 s
currentSize : 26 <-- 0.014328 s
currentSize : 27 <-- 1.510017 s
currentSize : 28 <-- 1.510973 s
currentSize : 29 <-- 1.513962 s

maxsize : 29
nodes : 1058300.000000
filtered : 8764500.000000
time : 4.930821
