Parameters: GAD=1 vflib=1 dir=0 label=1 lowerbound=1 fileNameGp=../graphsdb/mcs50/rand/r005/mcs50_r005_s80.A23 fileNameGt=../graphsdb/mcs50/rand/r005/mcs50_r005_s80.B23
Reading graphs...
80 :  311
80 :  309
Initializing...
maxdom : 8
D->valSize : 432
Solving...
Blb : 2 (clique : 21)
currentSize : 21 <-- 0.006700 s
currentSize : 22 <-- 0.011239 s
currentSize : 23 <-- 0.054138 s
currentSize : 24 <-- 0.054850 s
currentSize : 25 <-- 8.142079 s
currentSize : 26 <-- 8.925984 s
currentSize : 27 <-- 9.218238 s
currentSize : 29 <-- 45.290024 s
currentSize : 30 <-- 46.060543 s
currentSize : 31 <-- 46.555435 s
currentSize : 33 <-- 71.505241 s
currentSize : 34 <-- 71.505348 s
currentSize : 35 <-- 71.506599 s
currentSize : 36 <-- 71.506699 s
currentSize : 37 <-- 71.550308 s
currentSize : 39 <-- 80.081375 s
currentSize : 40 <-- 88.847321 s

maxsize : 40
nodes : 18482898.000000
filtered : 203050287.000000
time : 107.920067
