Parameters: GAD=1 vflib=1 dir=0 label=1 lowerbound=1 fileNameGp=../graphsdb/mcs50/bvg/b06/mcs50_b06_s70.A18 fileNameGt=../graphsdb/mcs50/bvg/b06/mcs50_b06_s70.B18
Reading graphs...
70 :  208
70 :  207
Initializing...
maxdom : 8
D->valSize : 351
Solving...
Blb : 2 (clique : 19)
currentSize : 19 <-- 0.003042 s
currentSize : 20 <-- 0.033388 s
currentSize : 21 <-- 0.033476 s
currentSize : 22 <-- 0.099925 s
currentSize : 23 <-- 0.649540 s
currentSize : 24 <-- 0.908347 s
currentSize : 25 <-- 2.202539 s
currentSize : 26 <-- 2.419936 s
currentSize : 27 <-- 2.814913 s
currentSize : 28 <-- 28.992317 s
currentSize : 29 <-- 75.561523 s
currentSize : 30 <-- 110.356934 s
currentSize : 31 <-- 131.024460 s
currentSize : 35 <-- 159.545166 s
currentSize : 36 <-- 159.546066 s
currentSize : 37 <-- 159.549973 s

maxsize : 37
nodes : 34860478.000000
filtered : 284673698.000000
time : 170.271835
