Parameters: GAD=1 vflib=1 dir=0 label=1 lowerbound=1 fileNameGp=../graphsdb/mcs50/bvg/b06/mcs50_b06_s80.A28 fileNameGt=../graphsdb/mcs50/bvg/b06/mcs50_b06_s80.B28
Reading graphs...
80 :  240
80 :  238
Initializing...
maxdom : 7
D->valSize : 418
Solving...
Blb : 2 (clique : 26)
currentSize : 26 <-- 0.003939 s
currentSize : 27 <-- 0.602250 s
currentSize : 28 <-- 0.754356 s
currentSize : 29 <-- 109.206062 s
currentSize : 30 <-- 112.587166 s
currentSize : 31 <-- 190.980392 s
currentSize : 32 <-- 191.018692 s
currentSize : 33 <-- 279.308777 s
currentSize : 34 <-- 682.432434 s
currentSize : 38 <-- 682.881775 s
currentSize : 39 <-- 682.943481 s
currentSize : 40 <-- 731.109009 s
currentSize : 41 <-- 1588.927368 s

maxsize : 41
nodes : 534914350.000000
filtered : 3720228032.000000
time : 2720.227051
