Parameters: GAD=1 vflib=1 dir=0 label=1 lowerbound=1 fileNameGp=../graphsdb/mcs50/bvg/b03m/mcs50_b03m_s35.A33 fileNameGt=../graphsdb/mcs50/bvg/b03m/mcs50_b03m_s35.B33
Reading graphs...
35 :  51
35 :  52
Initializing...
maxdom : 8
D->valSize : 174
Solving...
Blb : 2 (clique : 13)
currentSize : 13 <-- 0.000932 s
currentSize : 14 <-- 0.001346 s
currentSize : 15 <-- 0.060066 s
currentSize : 16 <-- 0.060101 s
currentSize : 17 <-- 0.267408 s
currentSize : 18 <-- 0.281407 s

maxsize : 18
nodes : 125885.000000
filtered : 840054.000000
time : 0.354837
