Parameters: GAD=1 vflib=1 dir=0 label=1 lowerbound=1 fileNameGp=../graphsdb/mcs50/m2D/m2Dr4/mcs50_m2Dr4_s60.A15 fileNameGt=../graphsdb/mcs50/m2D/m2Dr4/mcs50_m2Dr4_s60.B15
Reading graphs...
60 :  128
60 :  127
Initializing...
maxdom : 6
D->valSize : 249
Solving...
Blb : 2 (clique : 22)
currentSize : 22 <-- 0.002901 s
currentSize : 23 <-- 0.005224 s
currentSize : 24 <-- 1.059009 s
currentSize : 25 <-- 1.750131 s
currentSize : 26 <-- 9.000190 s
currentSize : 28 <-- 15.415666 s
currentSize : 29 <-- 15.430586 s

maxsize : 29
nodes : 8685024.000000
filtered : 62080729.000000
time : 37.241650
