Parameters: GAD=1 vflib=1 dir=0 label=1 lowerbound=1 fileNameGp=../graphsdb/mcs50/m2D/m2Dr4/mcs50_m2Dr4_s70.A61 fileNameGt=../graphsdb/mcs50/m2D/m2Dr4/mcs50_m2Dr4_s70.B61
Reading graphs...
70 :  151
70 :  149
Initializing...
maxdom : 8
D->valSize : 319
Solving...
Blb : 2 (clique : 25)
currentSize : 25 <-- 0.004286 s
currentSize : 27 <-- 0.004541 s
currentSize : 28 <-- 0.004672 s
currentSize : 29 <-- 0.006912 s
currentSize : 30 <-- 0.118915 s
currentSize : 31 <-- 0.119007 s
currentSize : 32 <-- 0.153243 s
currentSize : 33 <-- 218.465836 s
currentSize : 34 <-- 218.606476 s
currentSize : 35 <-- 295.486115 s
currentSize : 36 <-- 431.877045 s
currentSize : 37 <-- 530.090332 s
currentSize : 38 <-- 530.091553 s

maxsize : 38
nodes : 107825847.000000
filtered : 977874038.000000
time : 547.296265
