Parameters: GAD=1 vflib=1 dir=0 label=1 lowerbound=1 fileNameGp=../graphsdb/mcs50/bvg/b06m/mcs50_b06m_s80.A24 fileNameGt=../graphsdb/mcs50/bvg/b06m/mcs50_b06m_s80.B24
Reading graphs...
80 :  238
80 :  237
Initializing...
maxdom : 12
D->valSize : 428
Solving...
Blb : 2 (clique : 29)
currentSize : 29 <-- 0.007613 s
currentSize : 30 <-- 0.008154 s
currentSize : 31 <-- 0.109715 s
currentSize : 32 <-- 0.449726 s
currentSize : 33 <-- 2.421930 s
currentSize : 34 <-- 11.842824 s
currentSize : 35 <-- 49.747211 s
currentSize : 36 <-- 49.747513 s
currentSize : 37 <-- 50.132648 s
currentSize : 38 <-- 50.132915 s
currentSize : 39 <-- 51.477852 s

maxsize : 39
nodes : 191865120.000000
filtered : 1213565341.000000
time : 936.062927
