Parameters: GAD=1 vflib=1 dir=0 label=1 lowerbound=1 fileNameGp=../graphsdb/mcs50/bvg/b06m/mcs50_b06m_s40.A63 fileNameGt=../graphsdb/mcs50/bvg/b06m/mcs50_b06m_s40.B63
Reading graphs...
40 :  117
40 :  119
Initializing...
maxdom : 8
D->valSize : 215
Solving...
Blb : 2 (clique : 14)
currentSize : 14 <-- 0.001676 s
currentSize : 15 <-- 0.001804 s
currentSize : 16 <-- 0.001858 s
currentSize : 17 <-- 0.001952 s
currentSize : 19 <-- 0.003342 s
currentSize : 20 <-- 0.003398 s

maxsize : 20
nodes : 87425.000000
filtered : 540194.000000
time : 0.274770
