Parameters: GAD=1 vflib=1 dir=0 label=1 lowerbound=1 fileNameGp=../graphsdb/mcs50/bvg/b09m/mcs50_b09m_s90.A37 fileNameGt=../graphsdb/mcs50/bvg/b09m/mcs50_b09m_s90.B37
Reading graphs...
90 :  398
90 :  399
Initializing...
maxdom : 13
D->valSize : 635
Solving...
Blb : 3 (clique : 25)
currentSize : 25 <-- 0.007731 s
currentSize : 26 <-- 0.008210 s
currentSize : 27 <-- 0.010175 s
currentSize : 29 <-- 0.010244 s
currentSize : 30 <-- 0.021358 s
currentSize : 32 <-- 0.021514 s
currentSize : 33 <-- 0.070837 s
currentSize : 34 <-- 0.238122 s
currentSize : 35 <-- 0.881983 s
currentSize : 36 <-- 27.301298 s
currentSize : 39 <-- 2128.673584 s
currentSize : 40 <-- 2128.673828 s
currentSize : 41 <-- 2128.768555 s
currentSize : 42 <-- 2128.798828 s
currentSize : 43 <-- 2128.798828 s

TIMEOUT
maxsize : 43
nodes : 624020090.000000
filtered : 5994715450.000000
time : 3600.000000
