Parameters: GAD=1 vflib=1 dir=0 label=1 lowerbound=1 fileNameGp=../graphsdb/mcs50/bvg/b09/mcs50_b09_s40.A22 fileNameGt=../graphsdb/mcs50/bvg/b09/mcs50_b09_s40.B22
Reading graphs...
40 :  179
40 :  174
Initializing...
maxdom : 7
D->valSize : 210
Solving...
Blb : 2 (clique : 12)
currentSize : 12 <-- 0.001846 s
currentSize : 15 <-- 0.002050 s
currentSize : 16 <-- 0.002267 s
currentSize : 17 <-- 0.003278 s
currentSize : 18 <-- 0.003590 s
currentSize : 19 <-- 0.003778 s
currentSize : 20 <-- 0.005766 s
currentSize : 21 <-- 0.005844 s

maxsize : 21
nodes : 9385.000000
filtered : 96511.000000
time : 0.049533
