Parameters: GAD=1 vflib=1 dir=0 label=1 lowerbound=1 fileNameGp=../graphsdb/mcs50/m2D/m2Dr6/mcs50_m2Dr6_s40.A04 fileNameGt=../graphsdb/mcs50/m2D/m2Dr6/mcs50_m2Dr6_s40.B04
Reading graphs...
40 :  89
40 :  88
Initializing...
maxdom : 9
D->valSize : 208
Solving...
Blb : 2 (clique : 13)
currentSize : 13 <-- 0.001917 s
currentSize : 14 <-- 0.002988 s
currentSize : 15 <-- 0.003044 s
currentSize : 16 <-- 0.024400 s
currentSize : 17 <-- 0.084583 s
currentSize : 18 <-- 0.253970 s
currentSize : 19 <-- 0.259011 s

maxsize : 19
nodes : 180807.000000
filtered : 1912259.000000
time : 0.719912
