Parameters: GAD=1 vflib=1 dir=0 label=1 lowerbound=1 fileNameGp=../graphsdb/mcs50/bvg/b06/mcs50_b06_s90.A93 fileNameGt=../graphsdb/mcs50/bvg/b06/mcs50_b06_s90.B93
Reading graphs...
90 :  269
90 :  268
Initializing...
maxdom : 11
D->valSize : 560
Solving...
Blb : 2 (clique : 24)
currentSize : 24 <-- 0.006520 s
currentSize : 25 <-- 0.006765 s
currentSize : 26 <-- 1.051627 s
currentSize : 27 <-- 1.804244 s
currentSize : 28 <-- 1.806601 s
currentSize : 29 <-- 3.034050 s
currentSize : 30 <-- 16.428040 s
currentSize : 31 <-- 18.799765 s
currentSize : 32 <-- 25.476269 s
currentSize : 33 <-- 159.703690 s
currentSize : 34 <-- 239.262085 s
currentSize : 35 <-- 979.178833 s
currentSize : 36 <-- 1149.456787 s
currentSize : 37 <-- 1794.346313 s

TIMEOUT
maxsize : 37
nodes : 619029349.000000
filtered : 6771361069.000000
time : 3600.000000
