Parameters: GAD=1 vflib=1 dir=0 label=1 lowerbound=1 fileNameGp=../graphsdb/mcs50/bvg/b03m/mcs50_b03m_s50.A06 fileNameGt=../graphsdb/mcs50/bvg/b03m/mcs50_b03m_s50.B06
Reading graphs...
50 :  74
50 :  72
Initializing...
maxdom : 8
D->valSize : 329
Solving...
Blb : 2 (clique : 24)
currentSize : 24 <-- 0.002546 s
currentSize : 25 <-- 0.277567 s
currentSize : 26 <-- 4.889157 s
currentSize : 27 <-- 8.146627 s
currentSize : 28 <-- 252.058960 s

maxsize : 28
nodes : 349945485.000000
filtered : 4036851712.000000
time : 1453.888794
