Parameters: GAD=1 vflib=1 dir=0 label=1 lowerbound=1 fileNameGp=../graphsdb/mcs50/m2D/m2Dr6/mcs50_m2Dr6_s80.A73 fileNameGt=../graphsdb/mcs50/m2D/m2Dr6/mcs50_m2Dr6_s80.B73
Reading graphs...
80 :  189
80 :  188
Initializing...
maxdom : 8
D->valSize : 421
Solving...
Blb : 2 (clique : 25)
currentSize : 25 <-- 0.004258 s
currentSize : 26 <-- 0.004446 s
currentSize : 27 <-- 0.004635 s
currentSize : 28 <-- 0.004730 s
currentSize : 29 <-- 1.511572 s
currentSize : 30 <-- 18.137720 s
currentSize : 31 <-- 45.203571 s
currentSize : 32 <-- 3069.446289 s

TIMEOUT
maxsize : 32
nodes : 866429612.000000
filtered : 6287608110.000000
time : 3600.000000
