Parameters: GAD=1 vflib=1 dir=0 label=1 lowerbound=1 fileNameGp=../graphsdb/mcs50/bvg/b09/mcs50_b09_s60.A16 fileNameGt=../graphsdb/mcs50/bvg/b09/mcs50_b09_s60.B16
Reading graphs...
60 :  266
60 :  265
Initializing...
maxdom : 8
D->valSize : 282
Solving...
Blb : 2 (clique : 19)
currentSize : 19 <-- 0.001993 s
currentSize : 23 <-- 0.037474 s
currentSize : 24 <-- 0.213276 s
currentSize : 25 <-- 0.213502 s
currentSize : 26 <-- 0.479070 s
currentSize : 27 <-- 0.636826 s
currentSize : 28 <-- 0.715255 s
currentSize : 29 <-- 0.719013 s
currentSize : 31 <-- 0.813305 s

maxsize : 31
nodes : 196574.000000
filtered : 1874487.000000
time : 0.920779
