Parameters: GAD=1 vflib=1 dir=0 label=1 lowerbound=1 fileNameGp=../graphsdb/mcs50/bvg/b06/mcs50_b06_s80.A84 fileNameGt=../graphsdb/mcs50/bvg/b06/mcs50_b06_s80.B84
Reading graphs...
80 :  239
80 :  240
Initializing...
maxdom : 12
D->valSize : 475
Solving...
Blb : 2 (clique : 30)
currentSize : 30 <-- 0.005068 s
currentSize : 31 <-- 0.005322 s
currentSize : 32 <-- 0.005460 s
currentSize : 33 <-- 0.005911 s
currentSize : 38 <-- 0.025815 s
currentSize : 39 <-- 9.110212 s
currentSize : 40 <-- 15.663887 s

maxsize : 40
nodes : 139149072.000000
filtered : 1017156019.000000
time : 696.061462
