Parameters: GAD=1 vflib=1 dir=0 label=1 lowerbound=1 fileNameGp=../graphsdb/mcs50/rand/r005/mcs50_r005_s25.A93 fileNameGt=../graphsdb/mcs50/rand/r005/mcs50_r005_s25.B93
Reading graphs...
25 :  35
25 :  35
Initializing...
maxdom : 9
D->valSize : 154
Solving...
Blb : 2 (clique : 10)
currentSize : 10 <-- 0.000833 s
currentSize : 11 <-- 0.000879 s
currentSize : 12 <-- 0.000895 s
currentSize : 13 <-- 0.001219 s
currentSize : 15 <-- 0.001400 s

maxsize : 15
nodes : 4789.000000
filtered : 56207.000000
time : 0.015170
