Parameters: GAD=1 vflib=1 dir=0 label=1 lowerbound=1 fileNameGp=../graphsdb/mcs50/rand/r005/mcs50_r005_s90.A73 fileNameGt=../graphsdb/mcs50/rand/r005/mcs50_r005_s90.B73
Reading graphs...
90 :  388
90 :  392
Initializing...
maxdom : 9
D->valSize : 556
Solving...
Blb : 2 (clique : 30)
currentSize : 30 <-- 0.006400 s
currentSize : 32 <-- 0.006642 s
currentSize : 33 <-- 0.006741 s
currentSize : 35 <-- 0.006857 s
currentSize : 38 <-- 0.007103 s
currentSize : 39 <-- 0.007267 s
currentSize : 42 <-- 0.010873 s
currentSize : 45 <-- 101.577637 s

maxsize : 45
nodes : 30880309.000000
filtered : 473994684.000000
time : 225.780319
