Parameters: GAD=1 vflib=1 dir=0 label=1 lowerbound=1 fileNameGp=../graphsdb/mcs50/bvg/b06m/mcs50_b06m_s70.A15 fileNameGt=../graphsdb/mcs50/bvg/b06m/mcs50_b06m_s70.B15
Reading graphs...
70 :  208
70 :  206
Initializing...
maxdom : 10
D->valSize : 326
Solving...
Blb : 3 (clique : 23)
currentSize : 23 <-- 0.002989 s
currentSize : 24 <-- 3.724980 s
currentSize : 25 <-- 12.361699 s
currentSize : 26 <-- 21.609978 s
currentSize : 28 <-- 41.152714 s
currentSize : 29 <-- 41.543362 s
currentSize : 30 <-- 41.549374 s
currentSize : 31 <-- 88.658524 s
currentSize : 33 <-- 89.254509 s
currentSize : 34 <-- 89.266068 s
currentSize : 35 <-- 91.032806 s
currentSize : 36 <-- 91.067032 s

maxsize : 36
nodes : 35921160.000000
filtered : 170742147.000000
time : 150.295853
