Parameters: GAD=1 vflib=1 dir=0 label=1 lowerbound=1 fileNameGp=../graphsdb/mcs50/m3D/m3Dr6/mcs50_m3Dr6_s60.A83 fileNameGt=../graphsdb/mcs50/m3D/m3Dr6/mcs50_m3Dr6_s60.B83
Reading graphs...
60 :  167
60 :  167
Initializing...
maxdom : 7
D->valSize : 238
Solving...
Blb : 2 (clique : 16)
currentSize : 16 <-- 0.001638 s
currentSize : 17 <-- 0.008718 s
currentSize : 18 <-- 0.101679 s
currentSize : 19 <-- 0.151910 s
currentSize : 21 <-- 0.588992 s
currentSize : 22 <-- 0.589047 s
currentSize : 23 <-- 0.589100 s
currentSize : 24 <-- 0.591780 s
currentSize : 25 <-- 0.700384 s
currentSize : 26 <-- 0.834125 s
currentSize : 27 <-- 0.840790 s
currentSize : 28 <-- 1.446561 s

maxsize : 28
nodes : 613240.000000
filtered : 3831414.000000
time : 2.381180
