Parameters: GAD=1 vflib=1 dir=0 label=1 lowerbound=1 fileNameGp=../graphsdb/mcs50/bvg/b03m/mcs50_b03m_s90.A96 fileNameGt=../graphsdb/mcs50/bvg/b03m/mcs50_b03m_s90.B96
Reading graphs...
90 :  135
90 :  135
Initializing...
maxdom : 8
D->valSize : 519
Solving...
Blb : 2 (clique : 38)
currentSize : 38 <-- 0.005991 s
currentSize : 42 <-- 0.006293 s
currentSize : 43 <-- 0.036465 s
currentSize : 44 <-- 18.151310 s
currentSize : 45 <-- 957.476868 s
currentSize : 46 <-- 957.498230 s
currentSize : 47 <-- 957.882202 s
currentSize : 48 <-- 2593.953857 s

TIMEOUT
maxsize : 48
nodes : 715072797.000000
filtered : 3814539029.000000
time : 3600.000000
