Parameters: GAD=1 vflib=1 dir=0 label=1 lowerbound=1 fileNameGp=../graphsdb/mcs50/m2D/m2Dr2/mcs50_m2Dr2_s40.A26 fileNameGt=../graphsdb/mcs50/m2D/m2Dr2/mcs50_m2Dr2_s40.B26
Reading graphs...
40 :  74
40 :  74
Initializing...
maxdom : 7
D->valSize : 217
Solving...
Blb : 2 (clique : 15)
currentSize : 15 <-- 0.001326 s
currentSize : 16 <-- 0.003749 s
currentSize : 17 <-- 0.006187 s
currentSize : 18 <-- 0.057558 s
currentSize : 19 <-- 0.116355 s
currentSize : 20 <-- 0.117760 s
currentSize : 21 <-- 0.137296 s

maxsize : 21
nodes : 220132.000000
filtered : 2251864.000000
time : 0.792663
