Parameters: GAD=1 vflib=1 dir=0 label=1 lowerbound=1 fileNameGp=../graphsdb/mcs50/bvg/b06m/mcs50_b06m_s60.A65 fileNameGt=../graphsdb/mcs50/bvg/b06m/mcs50_b06m_s60.B65
Reading graphs...
60 :  177
60 :  176
Initializing...
maxdom : 6
D->valSize : 236
Solving...
Blb : 3 (clique : 20)
currentSize : 20 <-- 0.001800 s
currentSize : 25 <-- 0.001996 s
currentSize : 27 <-- 0.193503 s
currentSize : 29 <-- 0.193744 s
currentSize : 30 <-- 0.659408 s

maxsize : 30
nodes : 310573.000000
filtered : 1843340.000000
time : 1.277249
