Parameters: GAD=1 vflib=1 dir=0 label=1 lowerbound=1 fileNameGp=../graphsdb/mcs50/m4D/m4Dr2/mcs50_m4Dr2_s40.A68 fileNameGt=../graphsdb/mcs50/m4D/m4Dr2/mcs50_m4Dr2_s40.B68
Reading graphs...
40 :  79
40 :  78
Initializing...
maxdom : 7
D->valSize : 209
Solving...
Blb : 2 (clique : 15)
currentSize : 15 <-- 0.001317 s
currentSize : 16 <-- 0.001449 s
currentSize : 17 <-- 0.011496 s
currentSize : 18 <-- 0.022576 s
currentSize : 19 <-- 0.046087 s
currentSize : 20 <-- 0.160540 s

maxsize : 20
nodes : 2704485.000000
filtered : 25697624.000000
time : 10.117889
