Parameters: GAD=1 vflib=1 dir=0 label=1 lowerbound=1 fileNameGp=../graphsdb/mcs50/bvg/b03/mcs50_b03_s90.A14 fileNameGt=../graphsdb/mcs50/bvg/b03/mcs50_b03_s90.B14
Reading graphs...
90 :  135
90 :  135
Initializing...
maxdom : 11
D->valSize : 567
Solving...
Blb : 2 (clique : 39)
currentSize : 39 <-- 0.006853 s
currentSize : 45 <-- 0.007182 s
currentSize : 46 <-- 0.008038 s
currentSize : 47 <-- 0.010887 s
currentSize : 48 <-- 0.010939 s
currentSize : 49 <-- 0.013974 s
currentSize : 50 <-- 3215.708496 s
currentSize : 52 <-- 3215.708740 s
currentSize : 53 <-- 3217.975586 s

TIMEOUT
maxsize : 53
nodes : 656569983.000000
filtered : 7242524347.000000
time : 3600.000000
