Parameters: GAD=1 vflib=1 dir=0 label=1 lowerbound=1 fileNameGp=../graphsdb/mcs50/m3D/m3Dr6/mcs50_m3Dr6_s60.A00 fileNameGt=../graphsdb/mcs50/m3D/m3Dr6/mcs50_m3Dr6_s60.B00
Reading graphs...
60 :  169
60 :  167
Initializing...
maxdom : 10
D->valSize : 225
Solving...
Blb : 2 (clique : 16)
currentSize : 16 <-- 0.002462 s
currentSize : 17 <-- 0.003032 s
currentSize : 18 <-- 0.020661 s
currentSize : 19 <-- 0.093608 s
currentSize : 20 <-- 0.145030 s
currentSize : 21 <-- 0.151442 s
currentSize : 22 <-- 0.156603 s
currentSize : 23 <-- 0.186881 s
currentSize : 24 <-- 0.287782 s
currentSize : 26 <-- 0.288375 s

maxsize : 26
nodes : 697972.000000
filtered : 5274925.000000
time : 3.177561
