Parameters: GAD=1 vflib=1 dir=0 label=1 lowerbound=1 fileNameGp=../graphsdb/mcs50/m3D/m3Dr2/mcs50_m3Dr2_s60.A66 fileNameGt=../graphsdb/mcs50/m3D/m3Dr2/mcs50_m3Dr2_s60.B66
Reading graphs...
60 :  146
60 :  145
Initializing...
maxdom : 6
D->valSize : 256
Solving...
Blb : 3 (clique : 22)
currentSize : 22 <-- 0.002320 s
currentSize : 23 <-- 0.004105 s
currentSize : 24 <-- 4.091240 s
currentSize : 25 <-- 4.096267 s
currentSize : 26 <-- 10.681952 s
currentSize : 27 <-- 11.898472 s
currentSize : 28 <-- 11.898563 s
currentSize : 29 <-- 12.842063 s

maxsize : 29
nodes : 5239019.000000
filtered : 34618911.000000
time : 21.994623
