Parameters: GAD=1 vflib=1 dir=0 label=1 lowerbound=1 fileNameGp=../graphsdb/mcs50/bvg/b09m/mcs50_b09m_s25.A39 fileNameGt=../graphsdb/mcs50/bvg/b09m/mcs50_b09m_s25.B39
Reading graphs...
25 :  104
25 :  106
Initializing...
maxdom : 9
D->valSize : 154
Solving...
Blb : 2 (clique : 6)
currentSize : 6 <-- 0.000758 s
currentSize : 7 <-- 0.000803 s
currentSize : 9 <-- 0.002056 s
currentSize : 10 <-- 0.003889 s
currentSize : 11 <-- 0.004677 s
currentSize : 12 <-- 0.005452 s

maxsize : 12
nodes : 2040.000000
filtered : 24083.000000
time : 0.006662
