Parameters: GAD=1 vflib=1 dir=0 label=1 lowerbound=1 fileNameGp=../graphsdb/mcs50/bvg/b09/mcs50_b09_s80.A10 fileNameGt=../graphsdb/mcs50/bvg/b09/mcs50_b09_s80.B10
Reading graphs...
80 :  355
80 :  356
Initializing...
maxdom : 9
D->valSize : 424
Solving...
Blb : 3 (clique : 27)
currentSize : 27 <-- 0.003991 s
currentSize : 28 <-- 0.183134 s
currentSize : 29 <-- 0.183372 s
currentSize : 37 <-- 1.679937 s
currentSize : 40 <-- 5.432533 s
currentSize : 41 <-- 5.433091 s

maxsize : 41
nodes : 2571295.000000
filtered : 17668948.000000
time : 13.309289
