Parameters: GAD=1 vflib=1 dir=0 label=1 lowerbound=1 fileNameGp=../graphsdb/mcs50/m2D/m2Dr6/mcs50_m2Dr6_s50.A77 fileNameGt=../graphsdb/mcs50/m2D/m2Dr6/mcs50_m2Dr6_s50.B77
Reading graphs...
50 :  113
50 :  111
Initializing...
maxdom : 9
D->valSize : 339
Solving...
Blb : 3 (clique : 19)
currentSize : 19 <-- 0.002553 s
currentSize : 20 <-- 0.003095 s
currentSize : 21 <-- 0.065222 s
currentSize : 22 <-- 11.458563 s
currentSize : 23 <-- 464.689514 s
currentSize : 24 <-- 464.727203 s
currentSize : 25 <-- 609.632751 s

maxsize : 25
nodes : 191561536.000000
filtered : 2226896664.000000
time : 743.996887
