Parameters: GAD=1 vflib=1 dir=0 label=1 lowerbound=1 fileNameGp=../graphsdb/mcs50/rand/r01/mcs50_r01_s80.A57 fileNameGt=../graphsdb/mcs50/rand/r01/mcs50_r01_s80.B57
Reading graphs...
80 :  593
80 :  597
Initializing...
maxdom : 11
D->valSize : 484
Solving...
Blb : 2 (clique : 15)
currentSize : 15 <-- 0.005123 s
currentSize : 17 <-- 0.005449 s
currentSize : 18 <-- 0.005501 s
currentSize : 21 <-- 0.005764 s
currentSize : 22 <-- 0.006222 s
currentSize : 23 <-- 0.017121 s
currentSize : 24 <-- 0.017354 s
currentSize : 26 <-- 0.025117 s
currentSize : 29 <-- 0.025581 s
currentSize : 31 <-- 0.438718 s
currentSize : 33 <-- 0.438877 s
currentSize : 34 <-- 0.439010 s
currentSize : 37 <-- 0.439276 s
currentSize : 38 <-- 0.439503 s

maxsize : 38
nodes : 171165.000000
filtered : 3074743.000000
time : 1.121789
