Parameters: GAD=1 vflib=1 dir=0 label=1 lowerbound=1 fileNameGp=../graphsdb/mcs50/rand/r005/mcs50_r005_s50.A94 fileNameGt=../graphsdb/mcs50/rand/r005/mcs50_r005_s50.B94
Reading graphs...
50 :  120
50 :  121
Initializing...
maxdom : 9
D->valSize : 336
Solving...
Blb : 2 (clique : 19)
currentSize : 19 <-- 0.004002 s
currentSize : 20 <-- 0.730689 s
currentSize : 21 <-- 2.440719 s
currentSize : 22 <-- 6.339983 s
currentSize : 23 <-- 7.852840 s
currentSize : 24 <-- 21.652639 s
currentSize : 25 <-- 24.692032 s

maxsize : 25
nodes : 7111254.000000
filtered : 104846416.000000
time : 32.482513
