Parameters: GAD=1 vflib=1 dir=0 label=1 lowerbound=1 fileNameGp=../graphsdb/mcs50/m2D/m2Dr4/mcs50_m2Dr4_s60.A89 fileNameGt=../graphsdb/mcs50/m2D/m2Dr4/mcs50_m2Dr4_s60.B89
Reading graphs...
60 :  127
60 :  127
Initializing...
maxdom : 7
D->valSize : 239
Solving...
Blb : 2 (clique : 21)
currentSize : 21 <-- 0.002964 s
currentSize : 22 <-- 0.003304 s
currentSize : 23 <-- 0.003860 s
currentSize : 24 <-- 0.011024 s
currentSize : 25 <-- 0.011088 s
currentSize : 26 <-- 0.011602 s
currentSize : 27 <-- 0.032838 s
currentSize : 28 <-- 0.033311 s
currentSize : 29 <-- 42.491844 s

maxsize : 29
nodes : 32256372.000000
filtered : 235986242.000000
time : 136.828354
