Parameters: GAD=1 vflib=1 dir=0 label=1 lowerbound=1 fileNameGp=../graphsdb/mcs50/rand/r01/mcs50_r01_s30.A32 fileNameGt=../graphsdb/mcs50/rand/r01/mcs50_r01_s30.B32
Reading graphs...
30 :  80
30 :  82
Initializing...
maxdom : 8
D->valSize : 127
Solving...
Blb : 2 (clique : 8)
currentSize : 8 <-- 0.000704 s
currentSize : 10 <-- 0.000796 s
currentSize : 11 <-- 0.001043 s
currentSize : 12 <-- 0.001057 s
currentSize : 15 <-- 0.001256 s

maxsize : 15
nodes : 807.000000
filtered : 9911.000000
time : 0.003325
