Parameters: GAD=1 vflib=1 dir=0 label=1 lowerbound=1 fileNameGp=../graphsdb/mcs50/rand/r02/mcs50_r02_s80.A57 fileNameGt=../graphsdb/mcs50/rand/r02/mcs50_r02_s80.B57
Reading graphs...
80 :  1131
80 :  1125
Initializing...
maxdom : 8
D->valSize : 413
Solving...
Blb : 2 (clique : 12)
currentSize : 12 <-- 0.003617 s
currentSize : 15 <-- 0.003721 s
currentSize : 16 <-- 0.003996 s
currentSize : 18 <-- 0.004059 s
currentSize : 23 <-- 0.004136 s
currentSize : 24 <-- 0.004981 s
currentSize : 32 <-- 0.005110 s

maxsize : 32
nodes : 127793.000000
filtered : 483731.000000
time : 0.535783
