Parameters: GAD=1 vflib=1 dir=0 label=1 lowerbound=1 fileNameGp=../graphsdb/mcs50/bvg/b03m/mcs50_b03m_s70.A31 fileNameGt=../graphsdb/mcs50/bvg/b03m/mcs50_b03m_s70.B31
Reading graphs...
70 :  105
70 :  104
Initializing...
maxdom : 8
D->valSize : 294
Solving...
Blb : 2 (clique : 30)
currentSize : 30 <-- 0.002606 s
currentSize : 31 <-- 0.002804 s
currentSize : 32 <-- 0.004501 s
currentSize : 33 <-- 0.004537 s
currentSize : 34 <-- 0.036362 s
currentSize : 35 <-- 0.160531 s
currentSize : 36 <-- 0.966056 s
currentSize : 37 <-- 515.511414 s

maxsize : 37
nodes : 108715089.000000
filtered : 756032412.000000
time : 552.450134
