Parameters: GAD=1 vflib=1 dir=0 label=1 lowerbound=1 fileNameGp=../graphsdb/mcs50/bvg/b06m/mcs50_b06m_s100.A66 fileNameGt=../graphsdb/mcs50/bvg/b06m/mcs50_b06m_s100.B66
Reading graphs...
100 :  295
100 :  296
Initializing...
maxdom : 8
D->valSize : 346
Solving...
Blb : 2 (clique : 38)
currentSize : 38 <-- 0.005822 s
currentSize : 40 <-- 0.008085 s
currentSize : 42 <-- 0.110545 s
currentSize : 43 <-- 0.111343 s
currentSize : 44 <-- 0.117403 s
currentSize : 46 <-- 503.630951 s
currentSize : 47 <-- 503.631714 s
currentSize : 49 <-- 514.109192 s
currentSize : 50 <-- 514.110229 s

maxsize : 50
nodes : 333901866.000000
filtered : 995175800.000000
time : 1569.654419
