Parameters: GAD=1 vflib=1 dir=0 label=1 lowerbound=1 fileNameGp=../graphsdb/mcs50/bvg/b09/mcs50_b09_s70.A96 fileNameGt=../graphsdb/mcs50/bvg/b09/mcs50_b09_s70.B96
Reading graphs...
70 :  308
70 :  315
Initializing...
maxdom : 8
D->valSize : 374
Solving...
Blb : 2 (clique : 15)
currentSize : 15 <-- 0.003233 s
currentSize : 16 <-- 0.003730 s
currentSize : 17 <-- 0.010036 s
currentSize : 18 <-- 0.092374 s
currentSize : 19 <-- 0.092664 s
currentSize : 20 <-- 0.093913 s
currentSize : 21 <-- 0.246234 s
currentSize : 22 <-- 0.861576 s
currentSize : 23 <-- 0.861646 s
currentSize : 24 <-- 0.864595 s
currentSize : 26 <-- 0.875471 s
currentSize : 29 <-- 0.875652 s
currentSize : 32 <-- 0.875735 s
currentSize : 33 <-- 1.806719 s
currentSize : 34 <-- 1.807543 s
currentSize : 35 <-- 1.810083 s

maxsize : 35
nodes : 1107577.000000
filtered : 7339281.000000
time : 5.171126
