Parameters: GAD=1 vflib=1 dir=0 label=1 lowerbound=1 fileNameGp=../graphsdb/mcs50/rand/r02/mcs50_r02_s80.A87 fileNameGt=../graphsdb/mcs50/rand/r02/mcs50_r02_s80.B87
Reading graphs...
80 :  1121
80 :  1111
Initializing...
maxdom : 10
D->valSize : 458
Solving...
Blb : 5 (clique : 8)
currentSize : 8 <-- 0.004470 s
currentSize : 11 <-- 0.004610 s
currentSize : 14 <-- 0.004649 s
currentSize : 16 <-- 0.005186 s
currentSize : 21 <-- 0.005271 s
currentSize : 22 <-- 0.017695 s
currentSize : 24 <-- 0.028358 s
currentSize : 31 <-- 0.028694 s
currentSize : 32 <-- 0.029195 s

maxsize : 32
nodes : 24168.000000
filtered : 421225.000000
time : 0.149929
