Parameters: GAD=1 vflib=1 dir=0 label=1 lowerbound=1 fileNameGp=../graphsdb/mcs50/bvg/b06/mcs50_b06_s80.A97 fileNameGt=../graphsdb/mcs50/bvg/b06/mcs50_b06_s80.B97
Reading graphs...
80 :  240
80 :  239
Initializing...
maxdom : 8
D->valSize : 413
Solving...
Blb : 2 (clique : 24)
currentSize : 24 <-- 0.004055 s
currentSize : 25 <-- 0.022070 s
currentSize : 26 <-- 0.114307 s
currentSize : 27 <-- 3.315132 s
currentSize : 28 <-- 4.187722 s
currentSize : 29 <-- 40.631519 s
currentSize : 30 <-- 61.484386 s
currentSize : 31 <-- 61.487999 s
currentSize : 32 <-- 61.732861 s
currentSize : 33 <-- 62.263271 s
currentSize : 35 <-- 369.844055 s
currentSize : 36 <-- 369.847137 s
currentSize : 37 <-- 556.597290 s
currentSize : 38 <-- 609.247620 s
currentSize : 39 <-- 727.504456 s
currentSize : 40 <-- 828.488953 s
currentSize : 41 <-- 1765.452759 s

maxsize : 41
nodes : 351711509.000000
filtered : 3705199844.000000
time : 2007.391846
