Parameters: GAD=1 vflib=1 dir=0 label=1 lowerbound=1 fileNameGp=../graphsdb/mcs50/bvg/b06/mcs50_b06_s35.A90 fileNameGt=../graphsdb/mcs50/bvg/b06/mcs50_b06_s35.B90
Reading graphs...
35 :  104
35 :  103
Initializing...
maxdom : 7
D->valSize : 153
Solving...
Blb : 2 (clique : 12)
currentSize : 12 <-- 0.000891 s
currentSize : 13 <-- 0.001890 s
currentSize : 14 <-- 0.003150 s
currentSize : 16 <-- 0.003170 s
currentSize : 17 <-- 0.039170 s

maxsize : 17
nodes : 18132.000000
filtered : 115703.000000
time : 0.056008
