Parameters: GAD=1 vflib=1 dir=0 label=1 lowerbound=1 fileNameGp=../graphsdb/mcs50/bvg/b03/mcs50_b03_s60.A95 fileNameGt=../graphsdb/mcs50/bvg/b03/mcs50_b03_s60.B95
Reading graphs...
60 :  89
60 :  90
Initializing...
maxdom : 7
D->valSize : 254
Solving...
Blb : 2 (clique : 22)
currentSize : 22 <-- 0.002060 s
currentSize : 23 <-- 0.449182 s
currentSize : 24 <-- 0.449233 s
currentSize : 25 <-- 0.484404 s
currentSize : 26 <-- 2.662711 s
currentSize : 27 <-- 3.579570 s
currentSize : 28 <-- 3.579991 s
currentSize : 29 <-- 5.558608 s
currentSize : 30 <-- 89.578300 s
currentSize : 31 <-- 100.974167 s
currentSize : 32 <-- 114.788704 s

maxsize : 32
nodes : 34831860.000000
filtered : 206158453.000000
time : 142.497940
