Parameters: GAD=1 vflib=1 dir=0 label=1 lowerbound=1 fileNameGp=../graphsdb/mcs50/bvg/b09m/mcs50_b09m_s80.A65 fileNameGt=../graphsdb/mcs50/bvg/b09m/mcs50_b09m_s80.B65
Reading graphs...
80 :  353
80 :  352
Initializing...
maxdom : 10
D->valSize : 462
Solving...
Blb : 2 (clique : 25)
currentSize : 25 <-- 0.004621 s
currentSize : 26 <-- 0.005062 s
currentSize : 27 <-- 0.007389 s
currentSize : 28 <-- 0.007526 s
currentSize : 29 <-- 0.011947 s
currentSize : 30 <-- 0.609538 s
currentSize : 31 <-- 0.615545 s
currentSize : 33 <-- 0.615879 s
currentSize : 35 <-- 12.557706 s
currentSize : 36 <-- 12.558498 s
currentSize : 37 <-- 12.626496 s
currentSize : 38 <-- 12.634273 s
currentSize : 39 <-- 12.638040 s

maxsize : 39
nodes : 22409766.000000
filtered : 125823375.000000
time : 104.405205
