Parameters: GAD=1 vflib=1 dir=0 label=1 lowerbound=1 fileNameGp=../graphsdb/mcs50/m2D/m2Dr2/mcs50_m2Dr2_s40.A60 fileNameGt=../graphsdb/mcs50/m2D/m2Dr2/mcs50_m2Dr2_s40.B60
Reading graphs...
40 :  73
40 :  71
Initializing...
maxdom : 9
D->valSize : 225
Solving...
Blb : 2 (clique : 14)
currentSize : 14 <-- 0.002181 s
currentSize : 16 <-- 0.002304 s
currentSize : 17 <-- 0.002419 s
currentSize : 18 <-- 0.002700 s
currentSize : 19 <-- 0.663211 s
currentSize : 20 <-- 0.663633 s

maxsize : 20
nodes : 495994.000000
filtered : 4756731.000000
time : 1.812927
