Parameters: GAD=1 vflib=1 dir=0 label=1 lowerbound=1 fileNameGp=../graphsdb/mcs50/bvg/b03m/mcs50_b03m_s80.A28 fileNameGt=../graphsdb/mcs50/bvg/b03m/mcs50_b03m_s80.B28
Reading graphs...
80 :  120
80 :  120
Initializing...
maxdom : 11
D->valSize : 421
Solving...
Blb : 2 (clique : 30)
currentSize : 30 <-- 0.004411 s
currentSize : 36 <-- 0.004649 s
currentSize : 37 <-- 0.005214 s
currentSize : 38 <-- 0.005661 s
currentSize : 40 <-- 0.008286 s
currentSize : 41 <-- 0.010052 s
currentSize : 42 <-- 0.042346 s
currentSize : 43 <-- 0.042909 s
currentSize : 44 <-- 0.043067 s
currentSize : 45 <-- 345.955139 s

TIMEOUT
maxsize : 45
nodes : 687870371.000000
filtered : 5184589798.000000
time : 3600.000000
