Parameters: GAD=1 vflib=1 dir=0 label=1 lowerbound=1 fileNameGp=../graphsdb/mcs50/m2D/m2D/mcs50_m2D_s70.A21 fileNameGt=../graphsdb/mcs50/m2D/m2D/mcs50_m2D_s70.B21
Reading graphs...
70 :  122
70 :  123
Initializing...
maxdom : 8
D->valSize : 327
Solving...
Blb : 2 (clique : 29)
currentSize : 29 <-- 0.004534 s
currentSize : 30 <-- 0.004877 s
currentSize : 31 <-- 0.214416 s
currentSize : 32 <-- 0.481498 s
currentSize : 33 <-- 607.377319 s
currentSize : 34 <-- 790.085999 s
currentSize : 35 <-- 1178.248047 s
currentSize : 36 <-- 1268.725220 s
currentSize : 37 <-- 1429.077393 s
currentSize : 38 <-- 1789.390381 s

maxsize : 38
nodes : 609309048.000000
filtered : 4241170877.000000
time : 2937.742676
