Parameters: GAD=1 vflib=1 dir=0 label=1 lowerbound=1 fileNameGp=../graphsdb/mcs50/bvg/b03m/mcs50_b03m_s60.A95 fileNameGt=../graphsdb/mcs50/bvg/b03m/mcs50_b03m_s60.B95
Reading graphs...
60 :  89
60 :  89
Initializing...
maxdom : 7
D->valSize : 252
Solving...
Blb : 2 (clique : 24)
currentSize : 24 <-- 0.001997 s
currentSize : 25 <-- 0.004600 s
currentSize : 26 <-- 0.010416 s
currentSize : 27 <-- 33.310513 s
currentSize : 28 <-- 157.570724 s
currentSize : 29 <-- 208.757034 s
currentSize : 31 <-- 213.798950 s
currentSize : 32 <-- 213.800140 s

maxsize : 32
nodes : 80889716.000000
filtered : 415441027.000000
time : 286.932159
