Parameters: GAD=1 vflib=1 dir=0 label=1 lowerbound=1 fileNameGp=../graphsdb/mcs50/rand/r005/mcs50_r005_s50.A04 fileNameGt=../graphsdb/mcs50/rand/r005/mcs50_r005_s50.B04
Reading graphs...
50 :  120
50 :  120
Initializing...
maxdom : 10
D->valSize : 349
Solving...
Blb : 3 (clique : 16)
currentSize : 16 <-- 0.004082 s
currentSize : 17 <-- 0.015348 s
currentSize : 18 <-- 0.040697 s
currentSize : 19 <-- 0.131505 s
currentSize : 20 <-- 0.561214 s
currentSize : 21 <-- 7.378650 s
currentSize : 22 <-- 10.317432 s
currentSize : 23 <-- 19.080379 s
currentSize : 24 <-- 19.080845 s
currentSize : 25 <-- 23.694271 s

maxsize : 25
nodes : 7259364.000000
filtered : 121530520.000000
time : 34.189438
