Parameters: GAD=1 vflib=1 dir=0 label=1 lowerbound=1 fileNameGp=../graphsdb/mcs50/bvg/b03/mcs50_b03_s100.A73 fileNameGt=../graphsdb/mcs50/bvg/b03/mcs50_b03_s100.B73
Reading graphs...
100 :  150
100 :  150
Initializing...
maxdom : 8
D->valSize : 346
Solving...
Blb : 2 (clique : 39)
currentSize : 39 <-- 0.005980 s
currentSize : 40 <-- 0.009524 s
currentSize : 41 <-- 0.023907 s
currentSize : 42 <-- 0.050112 s
currentSize : 43 <-- 0.057484 s
currentSize : 44 <-- 0.209330 s
currentSize : 45 <-- 0.263150 s
currentSize : 46 <-- 7.444716 s
currentSize : 47 <-- 8.396992 s
currentSize : 48 <-- 323.645630 s
currentSize : 49 <-- 1446.479248 s

TIMEOUT
maxsize : 49
nodes : 742066841.000000
filtered : 2285136157.000000
time : 3600.000000
