Parameters: GAD=1 vflib=1 dir=0 label=1 lowerbound=1 fileNameGp=../graphsdb/mcs50/rand/r01/mcs50_r01_s100.A04 fileNameGt=../graphsdb/mcs50/rand/r01/mcs50_r01_s100.B04
Reading graphs...
100 :  934
100 :  936
Initializing...
maxdom : 8
D->valSize : 369
Solving...
Blb : 2 (clique : 21)
currentSize : 21 <-- 0.003928 s
currentSize : 24 <-- 0.004121 s
currentSize : 25 <-- 0.139149 s
currentSize : 29 <-- 0.330241 s
currentSize : 34 <-- 1.331342 s
currentSize : 35 <-- 1.331916 s
currentSize : 36 <-- 1.379489 s
currentSize : 41 <-- 1.379777 s
currentSize : 42 <-- 1.390716 s

maxsize : 42
nodes : 1241396.000000
filtered : 7793725.000000
time : 7.106011
