Parameters: GAD=1 vflib=1 dir=0 label=1 lowerbound=1 fileNameGp=../graphsdb/mcs50/rand/r005/mcs50_r005_s90.A32 fileNameGt=../graphsdb/mcs50/rand/r005/mcs50_r005_s90.B32
Reading graphs...
90 :  388
90 :  386
Initializing...
maxdom : 11
D->valSize : 575
Solving...
Blb : 2 (clique : 20)
currentSize : 20 <-- 0.010896 s
currentSize : 22 <-- 0.011170 s
currentSize : 23 <-- 0.020034 s
currentSize : 24 <-- 0.021444 s
currentSize : 25 <-- 0.041671 s
currentSize : 26 <-- 0.345147 s
currentSize : 27 <-- 5.018639 s
currentSize : 28 <-- 28.119982 s
currentSize : 29 <-- 28.120930 s
currentSize : 30 <-- 51.973389 s
currentSize : 31 <-- 154.892731 s
currentSize : 32 <-- 244.062393 s
currentSize : 33 <-- 269.464691 s
currentSize : 34 <-- 563.512939 s
currentSize : 36 <-- 620.358887 s
currentSize : 37 <-- 692.156433 s
currentSize : 39 <-- 725.106567 s
currentSize : 40 <-- 804.882568 s
currentSize : 43 <-- 849.942444 s

maxsize : 43
nodes : 132647182.000000
filtered : 2022446858.000000
time : 933.533264
