Parameters: GAD=1 vflib=1 dir=0 label=1 lowerbound=1 fileNameGp=../graphsdb/mcs50/rand/r005/mcs50_r005_s70.A94 fileNameGt=../graphsdb/mcs50/rand/r005/mcs50_r005_s70.B94
Reading graphs...
70 :  236
70 :  233
Initializing...
maxdom : 7
D->valSize : 330
Solving...
Blb : 2 (clique : 20)
currentSize : 20 <-- 0.002760 s
currentSize : 21 <-- 0.003654 s
currentSize : 23 <-- 0.003910 s
currentSize : 25 <-- 0.011335 s
currentSize : 26 <-- 0.011640 s
currentSize : 27 <-- 0.014885 s
currentSize : 28 <-- 0.181351 s
currentSize : 29 <-- 0.186702 s
currentSize : 30 <-- 10.261673 s
currentSize : 31 <-- 10.594317 s
currentSize : 34 <-- 10.627533 s
currentSize : 35 <-- 10.627989 s

maxsize : 35
nodes : 4276641.000000
filtered : 44857433.000000
time : 23.693480
