Parameters: GAD=1 vflib=1 dir=0 label=1 lowerbound=1 fileNameGp=../graphsdb/mcs50/bvg/b03/mcs50_b03_s70.A08 fileNameGt=../graphsdb/mcs50/bvg/b03/mcs50_b03_s70.B08
Reading graphs...
70 :  105
70 :  105
Initializing...
maxdom : 8
D->valSize : 315
Solving...
Blb : 2 (clique : 29)
currentSize : 29 <-- 0.002734 s
currentSize : 30 <-- 0.003207 s
currentSize : 31 <-- 0.023200 s
currentSize : 32 <-- 0.023438 s
currentSize : 33 <-- 0.085194 s
currentSize : 35 <-- 253.851379 s
currentSize : 36 <-- 253.853607 s
currentSize : 37 <-- 332.185181 s

maxsize : 37
nodes : 112058837.000000
filtered : 984458536.000000
time : 597.849670
