Parameters: GAD=1 vflib=1 dir=0 label=1 lowerbound=1 fileNameGp=../graphsdb/mcs50/bvg/b03m/mcs50_b03m_s60.A23 fileNameGt=../graphsdb/mcs50/bvg/b03m/mcs50_b03m_s60.B23
Reading graphs...
60 :  89
60 :  89
Initializing...
maxdom : 7
D->valSize : 247
Solving...
Blb : 3 (clique : 28)
currentSize : 28 <-- 0.002088 s
currentSize : 29 <-- 23.118994 s
currentSize : 30 <-- 75.894943 s
currentSize : 32 <-- 75.894989 s
currentSize : 33 <-- 75.922882 s
currentSize : 34 <-- 76.098640 s

maxsize : 34
nodes : 27080856.000000
filtered : 143314190.000000
time : 97.900566
