Parameters: GAD=1 vflib=1 dir=0 label=1 lowerbound=1 fileNameGp=../graphsdb/mcs50/bvg/b03/mcs50_b03_s80.A25 fileNameGt=../graphsdb/mcs50/bvg/b03/mcs50_b03_s80.B25
Reading graphs...
80 :  120
80 :  120
Initializing...
maxdom : 10
D->valSize : 449
Solving...
Blb : 2 (clique : 35)
currentSize : 35 <-- 0.004708 s
currentSize : 36 <-- 0.362833 s
currentSize : 37 <-- 1.314340 s
currentSize : 38 <-- 136.152634 s
currentSize : 39 <-- 136.266556 s
currentSize : 40 <-- 165.712112 s
currentSize : 41 <-- 611.711365 s

TIMEOUT
maxsize : 41
nodes : 772523552.000000
filtered : 6145063018.000000
time : 3600.000000
