Parameters: GAD=1 vflib=1 dir=0 label=1 lowerbound=1 fileNameGp=../graphsdb/mcs50/rand/r01/mcs50_r01_s35.A91 fileNameGt=../graphsdb/mcs50/rand/r01/mcs50_r01_s35.B91
Reading graphs...
35 :  112
35 :  110
Initializing...
maxdom : 8
D->valSize : 174
Solving...
Blb : 2 (clique : 10)
currentSize : 10 <-- 0.001396 s
currentSize : 11 <-- 0.001519 s
currentSize : 12 <-- 0.002631 s
currentSize : 13 <-- 0.026126 s
currentSize : 14 <-- 0.033729 s
currentSize : 16 <-- 0.061480 s

maxsize : 16
nodes : 18415.000000
filtered : 204085.000000
time : 0.068152
