Parameters: GAD=1 vflib=1 dir=0 label=1 lowerbound=1 fileNameGp=../graphsdb/mcs50/m3D/m3Dr6/mcs50_m3Dr6_s60.A98 fileNameGt=../graphsdb/mcs50/m3D/m3Dr6/mcs50_m3Dr6_s60.B98
Reading graphs...
60 :  168
60 :  166
Initializing...
maxdom : 7
D->valSize : 243
Solving...
Blb : 2 (clique : 17)
currentSize : 17 <-- 0.001736 s
currentSize : 18 <-- 0.008858 s
currentSize : 19 <-- 0.019261 s
currentSize : 20 <-- 1.119573 s
currentSize : 21 <-- 2.216467 s
currentSize : 22 <-- 4.403489 s
currentSize : 23 <-- 4.624588 s
currentSize : 24 <-- 10.319821 s
currentSize : 25 <-- 11.848310 s
currentSize : 26 <-- 12.324985 s
currentSize : 27 <-- 12.381693 s
currentSize : 28 <-- 12.381800 s

maxsize : 28
nodes : 4569794.000000
filtered : 27687810.000000
time : 18.594391
