Parameters: GAD=1 vflib=1 dir=0 label=1 lowerbound=1 fileNameGp=../graphsdb/mcs50/m4D/m4Dr6/mcs50_m4Dr6_s35.A93 fileNameGt=../graphsdb/mcs50/m4D/m4Dr6/mcs50_m4Dr6_s35.B93
Reading graphs...
35 :  83
35 :  83
Initializing...
maxdom : 6
D->valSize : 170
Solving...
Blb : 2 (clique : 12)
currentSize : 12 <-- 0.001433 s
currentSize : 13 <-- 0.001613 s
currentSize : 14 <-- 0.009665 s
currentSize : 15 <-- 0.068927 s
currentSize : 16 <-- 0.104368 s
currentSize : 17 <-- 0.112451 s

maxsize : 17
nodes : 61882.000000
filtered : 594483.000000
time : 0.203890
