Parameters: GAD=1 vflib=1 dir=0 label=1 lowerbound=1 fileNameGp=../graphsdb/mcs50/rand/r005/mcs50_r005_s60.A25 fileNameGt=../graphsdb/mcs50/rand/r005/mcs50_r005_s60.B25
Reading graphs...
60 :  172
60 :  170
Initializing...
maxdom : 8
D->valSize : 242
Solving...
Blb : 2 (clique : 17)
currentSize : 17 <-- 0.002720 s
currentSize : 18 <-- 0.003493 s
currentSize : 19 <-- 0.005099 s
currentSize : 20 <-- 0.128747 s
currentSize : 21 <-- 0.249676 s
currentSize : 22 <-- 0.272768 s
currentSize : 23 <-- 1.024251 s
currentSize : 24 <-- 1.415798 s
currentSize : 25 <-- 2.047515 s
currentSize : 26 <-- 2.047676 s
currentSize : 27 <-- 3.000580 s
currentSize : 29 <-- 4.061185 s
currentSize : 30 <-- 4.062110 s

maxsize : 30
nodes : 1172007.000000
filtered : 9551017.000000
time : 5.008853
