Parameters: GAD=1 vflib=1 dir=0 label=1 lowerbound=1 fileNameGp=../graphsdb/mcs50/rand/r01/mcs50_r01_s50.A28 fileNameGt=../graphsdb/mcs50/rand/r01/mcs50_r01_s50.B28
Reading graphs...
50 :  235
50 :  239
Initializing...
maxdom : 11
D->valSize : 338
Solving...
Blb : 2 (clique : 10)
currentSize : 10 <-- 0.002467 s
currentSize : 11 <-- 0.002640 s
currentSize : 12 <-- 0.002680 s
currentSize : 13 <-- 0.013854 s
currentSize : 17 <-- 0.054369 s
currentSize : 19 <-- 0.116947 s
currentSize : 25 <-- 0.117902 s

maxsize : 25
nodes : 49770.000000
filtered : 652980.000000
time : 0.215847
