Parameters: GAD=1 vflib=1 dir=0 label=1 lowerbound=1 fileNameGp=../graphsdb/mcs50/bvg/b03m/mcs50_b03m_s100.A99 fileNameGt=../graphsdb/mcs50/bvg/b03m/mcs50_b03m_s100.B99
Reading graphs...
100 :  150
100 :  150
Initializing...
maxdom : 8
D->valSize : 376
Solving...
Blb : 2 (clique : 41)
currentSize : 41 <-- 0.004152 s
currentSize : 42 <-- 0.019469 s
currentSize : 43 <-- 0.044158 s
currentSize : 44 <-- 0.056205 s
currentSize : 45 <-- 0.149480 s
currentSize : 46 <-- 0.294104 s
currentSize : 47 <-- 0.354357 s
currentSize : 48 <-- 2.906210 s
currentSize : 49 <-- 2882.555176 s

TIMEOUT
maxsize : 49
nodes : 696139629.000000
filtered : 2573716492.000000
time : 3600.000000
