Parameters: GAD=1 vflib=1 dir=0 label=1 lowerbound=1 fileNameGp=../graphsdb/mcs50/bvg/b09m/mcs50_b09m_s100.A51 fileNameGt=../graphsdb/mcs50/bvg/b09m/mcs50_b09m_s100.B51
Reading graphs...
100 :  441
100 :  442
Initializing...
maxdom : 7
D->valSize : 372
Solving...
Blb : 2 (clique : 31)
currentSize : 31 <-- 0.003751 s
currentSize : 34 <-- 0.019607 s
currentSize : 35 <-- 0.019826 s
currentSize : 36 <-- 0.097358 s
currentSize : 38 <-- 0.885237 s
currentSize : 40 <-- 0.885377 s
currentSize : 41 <-- 0.887810 s
currentSize : 42 <-- 1.146882 s
currentSize : 43 <-- 12.435609 s
currentSize : 44 <-- 16.040895 s
currentSize : 45 <-- 22.921610 s
currentSize : 46 <-- 22.927053 s
currentSize : 47 <-- 25.128246 s

maxsize : 47
nodes : 116891578.000000
filtered : 510847029.000000
time : 614.437988
