Parameters: GAD=1 vflib=1 dir=0 label=1 lowerbound=1 fileNameGp=../graphsdb/mcs50/m3D/m3Dr2/mcs50_m3Dr2_s50.A10 fileNameGt=../graphsdb/mcs50/m3D/m3Dr2/mcs50_m3Dr2_s50.B10
Reading graphs...
50 :  118
50 :  119
Initializing...
maxdom : 8
D->valSize : 321
Solving...
Blb : 3 (clique : 21)
currentSize : 21 <-- 0.002540 s
currentSize : 22 <-- 0.172275 s
currentSize : 23 <-- 0.172370 s
currentSize : 26 <-- 0.301775 s
currentSize : 27 <-- 0.382154 s
currentSize : 28 <-- 1.633444 s

maxsize : 28
nodes : 739938.000000
filtered : 7008582.000000
time : 3.185040
