Parameters: GAD=1 vflib=1 dir=0 label=1 lowerbound=1 fileNameGp=../graphsdb/mcs50/bvg/b06m/mcs50_b06m_s35.A10 fileNameGt=../graphsdb/mcs50/bvg/b06m/mcs50_b06m_s35.B10
Reading graphs...
35 :  100
35 :  102
Initializing...
maxdom : 9
D->valSize : 182
Solving...
Blb : 5 (clique : 11)
currentSize : 11 <-- 0.001018 s
currentSize : 12 <-- 0.001287 s
currentSize : 13 <-- 0.005075 s
currentSize : 14 <-- 0.010699 s
currentSize : 15 <-- 0.028179 s
currentSize : 16 <-- 0.029664 s

maxsize : 16
nodes : 46468.000000
filtered : 256156.000000
time : 0.129677
