Parameters: GAD=1 vflib=1 dir=0 label=1 lowerbound=1 fileNameGp=../graphsdb/mcs50/rand/r01/mcs50_r01_s100.A58 fileNameGt=../graphsdb/mcs50/rand/r01/mcs50_r01_s100.B58
Reading graphs...
100 :  940
100 :  934
Initializing...
maxdom : 6
D->valSize : 349
Solving...
Blb : 2 (clique : 14)
currentSize : 14 <-- 0.003603 s
currentSize : 15 <-- 0.004570 s
currentSize : 16 <-- 0.005734 s
currentSize : 17 <-- 0.019043 s
currentSize : 18 <-- 0.019272 s
currentSize : 19 <-- 0.019431 s
currentSize : 20 <-- 0.019720 s
currentSize : 21 <-- 0.020124 s
currentSize : 28 <-- 0.027291 s
currentSize : 30 <-- 0.029300 s
currentSize : 35 <-- 0.246407 s
currentSize : 43 <-- 0.293323 s

maxsize : 43
nodes : 643197.000000
filtered : 3731829.000000
time : 3.588638
