Parameters: GAD=1 vflib=1 dir=0 label=1 lowerbound=1 fileNameGp=../graphsdb/mcs50/rand/r01/mcs50_r01_s90.A52 fileNameGt=../graphsdb/mcs50/rand/r01/mcs50_r01_s90.B52
Reading graphs...
90 :  761
90 :  767
Initializing...
maxdom : 10
D->valSize : 569
Solving...
Blb : 2 (clique : 13)
currentSize : 13 <-- 0.006340 s
currentSize : 14 <-- 0.011692 s
currentSize : 15 <-- 0.116176 s
currentSize : 16 <-- 0.116487 s
currentSize : 17 <-- 0.182166 s
currentSize : 18 <-- 0.520865 s
currentSize : 19 <-- 0.626641 s
currentSize : 20 <-- 0.778601 s
currentSize : 21 <-- 1.207110 s
currentSize : 22 <-- 3.036616 s
currentSize : 23 <-- 4.562806 s
currentSize : 25 <-- 5.252635 s
currentSize : 30 <-- 5.252957 s
currentSize : 33 <-- 5.259563 s
currentSize : 35 <-- 5.262066 s
currentSize : 39 <-- 5.262495 s
currentSize : 43 <-- 5.262960 s

maxsize : 43
nodes : 1067136.000000
filtered : 14458614.000000
time : 6.665661
