Parameters: GAD=1 vflib=1 dir=0 label=1 lowerbound=1 fileNameGp=../graphsdb/mcs50/m4D/m4Dr2/mcs50_m4Dr2_s35.A08 fileNameGt=../graphsdb/mcs50/m4D/m4Dr2/mcs50_m4Dr2_s35.B08
Reading graphs...
35 :  69
35 :  70
Initializing...
maxdom : 6
D->valSize : 157
Solving...
Blb : 3 (clique : 14)
currentSize : 14 <-- 0.000897 s
currentSize : 15 <-- 0.006752 s
currentSize : 16 <-- 0.047114 s
currentSize : 17 <-- 0.095366 s
currentSize : 18 <-- 0.469550 s

maxsize : 18
nodes : 230879.000000
filtered : 1874394.000000
time : 0.730334
