Parameters: GAD=1 vflib=1 dir=0 label=1 lowerbound=1 fileNameGp=../graphsdb/mcs50/bvg/b03m/mcs50_b03m_s50.A50 fileNameGt=../graphsdb/mcs50/bvg/b03m/mcs50_b03m_s50.B50
Reading graphs...
50 :  74
50 :  74
Initializing...
maxdom : 9
D->valSize : 318
Solving...
Blb : 2 (clique : 20)
currentSize : 20 <-- 0.002473 s
currentSize : 21 <-- 0.024995 s
currentSize : 22 <-- 0.082243 s
currentSize : 23 <-- 1.336625 s
currentSize : 24 <-- 1.337583 s
currentSize : 27 <-- 11.759536 s
currentSize : 28 <-- 11.759667 s

maxsize : 28
nodes : 7451012.000000
filtered : 82317859.000000
time : 32.173679
