Parameters: GAD=1 vflib=1 dir=0 label=1 lowerbound=1 fileNameGp=../graphsdb/mcs50/m2D/m2D/mcs50_m2D_s50.A52 fileNameGt=../graphsdb/mcs50/m2D/m2D/mcs50_m2D_s50.B52
Reading graphs...
50 :  85
50 :  83
Initializing...
maxdom : 9
D->valSize : 313
Solving...
Blb : 2 (clique : 18)
currentSize : 18 <-- 0.003568 s
currentSize : 19 <-- 0.003737 s
currentSize : 21 <-- 0.003936 s
currentSize : 22 <-- 0.229829 s
currentSize : 23 <-- 0.231885 s
currentSize : 24 <-- 1.200063 s
currentSize : 25 <-- 39.944092 s
currentSize : 26 <-- 80.137405 s
currentSize : 27 <-- 96.541565 s
currentSize : 28 <-- 96.544167 s

maxsize : 28
nodes : 51091506.000000
filtered : 632661707.000000
time : 216.853989
