Parameters: GAD=1 vflib=1 dir=0 label=1 lowerbound=1 fileNameGp=../graphsdb/mcs50/bvg/b09m/mcs50_b09m_s90.A32 fileNameGt=../graphsdb/mcs50/bvg/b09m/mcs50_b09m_s90.B32
Reading graphs...
90 :  397
90 :  396
Initializing...
maxdom : 10
D->valSize : 558
Solving...
Blb : 3 (clique : 38)
currentSize : 38 <-- 0.010496 s
currentSize : 40 <-- 266.016815 s
currentSize : 41 <-- 266.016907 s
currentSize : 42 <-- 266.017334 s
currentSize : 43 <-- 266.018860 s
currentSize : 44 <-- 350.919830 s

maxsize : 44
nodes : 373842697.000000
filtered : 2798370147.000000
time : 2057.503418
