Parameters: GAD=1 vflib=1 dir=0 label=1 lowerbound=1 fileNameGp=../graphsdb/mcs50/m3D/m3Dr2/mcs50_m3Dr2_s60.A84 fileNameGt=../graphsdb/mcs50/m3D/m3Dr2/mcs50_m3Dr2_s60.B84
Reading graphs...
60 :  145
60 :  143
Initializing...
maxdom : 6
D->valSize : 243
Solving...
Blb : 2 (clique : 23)
currentSize : 23 <-- 0.002857 s
currentSize : 24 <-- 0.003068 s
currentSize : 26 <-- 0.003186 s
currentSize : 27 <-- 0.003288 s
currentSize : 28 <-- 0.004453 s
currentSize : 29 <-- 0.004545 s
currentSize : 30 <-- 0.199811 s

maxsize : 30
nodes : 2296671.000000
filtered : 10805257.000000
time : 9.246219
