Parameters: GAD=1 vflib=1 dir=0 label=1 lowerbound=1 fileNameGp=../graphsdb/mcs50/rand/r01/mcs50_r01_s50.A14 fileNameGt=../graphsdb/mcs50/rand/r01/mcs50_r01_s50.B14
Reading graphs...
50 :  231
50 :  232
Initializing...
maxdom : 8
D->valSize : 312
Solving...
Blb : 2 (clique : 11)
currentSize : 11 <-- 0.002205 s
currentSize : 12 <-- 0.002570 s
currentSize : 14 <-- 0.008418 s
currentSize : 15 <-- 0.010269 s
currentSize : 16 <-- 0.035991 s
currentSize : 23 <-- 0.132160 s
currentSize : 24 <-- 0.132203 s

maxsize : 24
nodes : 55724.000000
filtered : 712396.000000
time : 0.247510
