Parameters: GAD=1 vflib=1 dir=0 label=1 lowerbound=1 fileNameGp=../graphsdb/mcs50/m2D/m2Dr2/mcs50_m2Dr2_s90.A66 fileNameGt=../graphsdb/mcs50/m2D/m2Dr2/mcs50_m2Dr2_s90.B66
Reading graphs...
90 :  176
90 :  178
Initializing...
maxdom : 12
D->valSize : 565
Solving...
Blb : 2 (clique : 37)
currentSize : 37 <-- 0.006907 s
currentSize : 39 <-- 134.372894 s
currentSize : 40 <-- 134.419159 s
currentSize : 41 <-- 209.727554 s
currentSize : 42 <-- 209.729324 s
currentSize : 43 <-- 243.547455 s

TIMEOUT
maxsize : 43
nodes : 600908184.000000
filtered : 6545758770.000000
time : 3600.000000
