Parameters: GAD=1 vflib=1 dir=0 label=1 lowerbound=1 fileNameGp=../graphsdb/mcs50/bvg/b09/mcs50_b09_s70.A42 fileNameGt=../graphsdb/mcs50/bvg/b09/mcs50_b09_s70.B42
Reading graphs...
70 :  311
70 :  313
Initializing...
maxdom : 8
D->valSize : 322
Solving...
Blb : 3 (clique : 14)
currentSize : 14 <-- 0.002725 s
currentSize : 15 <-- 0.003148 s
currentSize : 16 <-- 0.003499 s
currentSize : 18 <-- 0.005267 s
currentSize : 19 <-- 0.045861 s
currentSize : 20 <-- 0.046009 s
currentSize : 21 <-- 0.071308 s
currentSize : 22 <-- 0.421534 s
currentSize : 23 <-- 1.291833 s
currentSize : 24 <-- 1.293964 s
currentSize : 26 <-- 3.015173 s
currentSize : 27 <-- 3.017863 s
currentSize : 29 <-- 3.378542 s
currentSize : 30 <-- 7.657837 s
currentSize : 32 <-- 9.692125 s
currentSize : 34 <-- 11.398134 s

maxsize : 34
nodes : 4988460.000000
filtered : 23073536.000000
time : 20.981741
