Parameters: GAD=1 vflib=1 dir=0 label=1 lowerbound=1 fileNameGp=../graphsdb/mcs50/bvg/b06/mcs50_b06_s30.A40 fileNameGt=../graphsdb/mcs50/bvg/b06/mcs50_b06_s30.B40
Reading graphs...
30 :  86
30 :  89
Initializing...
maxdom : 8
D->valSize : 130
Solving...
Blb : 2 (clique : 8)
currentSize : 8 <-- 0.000873 s
currentSize : 9 <-- 0.000931 s
currentSize : 10 <-- 0.000985 s
currentSize : 14 <-- 0.012899 s
currentSize : 15 <-- 0.012933 s

maxsize : 15
nodes : 5765.000000
filtered : 34131.000000
time : 0.016166
