Parameters: GAD=1 vflib=1 dir=0 label=1 lowerbound=1 fileNameGp=../graphsdb/mcs50/bvg/b03/mcs50_b03_s30.A74 fileNameGt=../graphsdb/mcs50/bvg/b03/mcs50_b03_s30.B74
Reading graphs...
30 :  45
30 :  45
Initializing...
maxdom : 6
D->valSize : 121
Solving...
Blb : 2 (clique : 11)
currentSize : 11 <-- 0.000701 s
currentSize : 12 <-- 0.000773 s
currentSize : 13 <-- 0.003595 s
currentSize : 14 <-- 0.003639 s
currentSize : 15 <-- 0.003861 s
currentSize : 16 <-- 0.012358 s

maxsize : 16
nodes : 8863.000000
filtered : 47345.000000
time : 0.025752
