Parameters: GAD=1 vflib=1 dir=0 label=1 lowerbound=1 fileNameGp=../graphsdb/mcs50/bvg/b03/mcs50_b03_s60.A20 fileNameGt=../graphsdb/mcs50/bvg/b03/mcs50_b03_s60.B20
Reading graphs...
60 :  90
60 :  90
Initializing...
maxdom : 5
D->valSize : 233
Solving...
Blb : 2 (clique : 24)
currentSize : 24 <-- 0.002656 s
currentSize : 26 <-- 0.003225 s
currentSize : 27 <-- 20.523014 s
currentSize : 28 <-- 39.972195 s
currentSize : 29 <-- 46.633076 s
currentSize : 30 <-- 69.891747 s
currentSize : 31 <-- 69.912651 s
currentSize : 32 <-- 69.929726 s

maxsize : 32
nodes : 77599048.000000
filtered : 451803923.000000
time : 305.162476
