Parameters: GAD=1 vflib=1 dir=0 label=1 lowerbound=1 fileNameGp=../graphsdb/mcs50/m3D/m3Dr6/mcs50_m3Dr6_s60.A96 fileNameGt=../graphsdb/mcs50/m3D/m3Dr6/mcs50_m3Dr6_s60.B96
Reading graphs...
60 :  169
60 :  168
Initializing...
maxdom : 6
D->valSize : 230
Solving...
Blb : 2 (clique : 15)
currentSize : 15 <-- 0.001670 s
currentSize : 16 <-- 0.001801 s
currentSize : 17 <-- 0.002757 s
currentSize : 18 <-- 0.004033 s
currentSize : 19 <-- 0.004578 s
currentSize : 20 <-- 0.368351 s
currentSize : 23 <-- 0.577349 s
currentSize : 24 <-- 1.323847 s
currentSize : 25 <-- 1.323973 s
currentSize : 26 <-- 1.574020 s
currentSize : 27 <-- 3.192202 s
currentSize : 28 <-- 3.193262 s

maxsize : 28
nodes : 1684056.000000
filtered : 8454563.000000
time : 6.548331
