Parameters: GAD=1 vflib=1 dir=0 label=1 lowerbound=1 fileNameGp=../graphsdb/mcs50/bvg/b06/mcs50_b06_s40.A78 fileNameGt=../graphsdb/mcs50/bvg/b06/mcs50_b06_s40.B78
Reading graphs...
40 :  119
40 :  118
Initializing...
maxdom : 11
D->valSize : 235
Solving...
Blb : 5 (clique : 12)
currentSize : 12 <-- 0.001566 s
currentSize : 13 <-- 0.001665 s
currentSize : 15 <-- 0.002057 s
currentSize : 16 <-- 0.003556 s
currentSize : 17 <-- 0.023275 s
currentSize : 18 <-- 0.033788 s
currentSize : 19 <-- 0.101216 s
currentSize : 20 <-- 0.101260 s
currentSize : 21 <-- 0.136640 s

maxsize : 21
nodes : 42317.000000
filtered : 472119.000000
time : 0.155348
