Parameters: GAD=1 vflib=1 dir=0 label=1 lowerbound=1 fileNameGp=../graphsdb/mcs50/bvg/b03/mcs50_b03_s60.A91 fileNameGt=../graphsdb/mcs50/bvg/b03/mcs50_b03_s60.B91
Reading graphs...
60 :  90
60 :  90
Initializing...
maxdom : 8
D->valSize : 236
Solving...
Blb : 2 (clique : 27)
currentSize : 27 <-- 0.001829 s
currentSize : 28 <-- 0.002192 s
currentSize : 29 <-- 0.364580 s
currentSize : 30 <-- 12.172177 s
currentSize : 31 <-- 12.172249 s

maxsize : 31
nodes : 9704152.000000
filtered : 53144128.000000
time : 39.269173
