Parameters: GAD=1 vflib=1 dir=0 label=1 lowerbound=1 fileNameGp=../graphsdb/mcs50/m4D/m4Dr4/mcs50_m4Dr4_s40.A67 fileNameGt=../graphsdb/mcs50/m4D/m4Dr4/mcs50_m4Dr4_s40.B67
Reading graphs...
40 :  85
40 :  85
Initializing...
maxdom : 8
D->valSize : 210
Solving...
Blb : 2 (clique : 14)
currentSize : 14 <-- 0.001285 s
currentSize : 15 <-- 0.001385 s
currentSize : 16 <-- 0.001429 s
currentSize : 17 <-- 0.001650 s
currentSize : 18 <-- 1.400925 s
currentSize : 19 <-- 1.408363 s

maxsize : 19
nodes : 2231991.000000
filtered : 21804865.000000
time : 7.879629
