Parameters: GAD=1 vflib=1 dir=0 label=1 lowerbound=1 fileNameGp=../graphsdb/mcs50/rand/r01/mcs50_r01_s25.A06 fileNameGt=../graphsdb/mcs50/rand/r01/mcs50_r01_s25.B06
Reading graphs...
25 :  57
25 :  57
Initializing...
maxdom : 12
D->valSize : 177
Solving...
Blb : 2 (clique : 9)
currentSize : 9 <-- 0.000848 s
currentSize : 10 <-- 0.001627 s
currentSize : 11 <-- 0.002257 s
currentSize : 12 <-- 0.007715 s
currentSize : 13 <-- 0.010572 s

maxsize : 13
nodes : 5369.000000
filtered : 58801.000000
time : 0.015154
