Parameters: GAD=1 vflib=1 dir=0 label=1 lowerbound=1 fileNameGp=../graphsdb/mcs50/bvg/b03/mcs50_b03_s90.A98 fileNameGt=../graphsdb/mcs50/bvg/b03/mcs50_b03_s90.B98
Reading graphs...
90 :  135
90 :  135
Initializing...
maxdom : 10
D->valSize : 596
Solving...
Blb : 2 (clique : 44)
currentSize : 44 <-- 0.007143 s
currentSize : 45 <-- 0.007560 s
currentSize : 46 <-- 0.007944 s
currentSize : 47 <-- 0.015906 s
currentSize : 48 <-- 0.016827 s
currentSize : 49 <-- 0.089691 s
currentSize : 50 <-- 16.699055 s

TIMEOUT
maxsize : 50
nodes : 613614754.000000
filtered : 6006006459.000000
time : 3600.000000
