Parameters: GAD=1 vflib=1 dir=0 label=1 lowerbound=1 fileNameGp=../graphsdb/mcs50/rand/r005/mcs50_r005_s80.A99 fileNameGt=../graphsdb/mcs50/rand/r005/mcs50_r005_s80.B99
Reading graphs...
80 :  307
80 :  302
Initializing...
maxdom : 10
D->valSize : 434
Solving...
Blb : 2 (clique : 23)
currentSize : 23 <-- 0.004073 s
currentSize : 24 <-- 0.005453 s
currentSize : 25 <-- 0.005524 s
currentSize : 26 <-- 0.007242 s
currentSize : 28 <-- 0.007773 s
currentSize : 29 <-- 0.011305 s
currentSize : 30 <-- 0.011715 s
currentSize : 31 <-- 0.011811 s
currentSize : 32 <-- 0.022053 s
currentSize : 34 <-- 0.022210 s
currentSize : 35 <-- 2.529590 s
currentSize : 36 <-- 2.529685 s
currentSize : 38 <-- 2.529768 s

maxsize : 38
nodes : 10880050.000000
filtered : 152074894.000000
time : 71.895233
