Parameters: GAD=1 vflib=1 dir=0 label=1 lowerbound=1 fileNameGp=../graphsdb/mcs50/bvg/b06/mcs50_b06_s100.A20 fileNameGt=../graphsdb/mcs50/bvg/b06/mcs50_b06_s100.B20
Reading graphs...
100 :  298
100 :  299
Initializing...
maxdom : 9
D->valSize : 356
Solving...
Blb : 3 (clique : 47)
currentSize : 47 <-- 0.005990 s
currentSize : 48 <-- 1.335817 s
currentSize : 49 <-- 74.328255 s
currentSize : 50 <-- 74.335052 s
currentSize : 51 <-- 101.634071 s

maxsize : 51
nodes : 54780874.000000
filtered : 357519399.000000
time : 347.252014
