Parameters: GAD=1 vflib=1 dir=0 label=1 lowerbound=1 fileNameGp=../graphsdb/mcs50/rand/r005/mcs50_r005_s90.A91 fileNameGt=../graphsdb/mcs50/rand/r005/mcs50_r005_s90.B91
Reading graphs...
90 :  385
90 :  390
Initializing...
maxdom : 8
D->valSize : 542
Solving...
Blb : 2 (clique : 32)
currentSize : 32 <-- 0.010163 s
currentSize : 33 <-- 0.010550 s
currentSize : 34 <-- 0.011064 s
currentSize : 35 <-- 0.013549 s
currentSize : 36 <-- 0.015838 s
currentSize : 37 <-- 0.016197 s
currentSize : 38 <-- 0.034168 s
currentSize : 39 <-- 0.037108 s
currentSize : 40 <-- 0.037646 s
currentSize : 41 <-- 0.055342 s
currentSize : 42 <-- 0.104335 s
currentSize : 44 <-- 0.105927 s

maxsize : 44
nodes : 36974086.000000
filtered : 547868472.000000
time : 262.884552
