Parameters: GAD=1 vflib=1 dir=0 label=1 lowerbound=1 fileNameGp=../graphsdb/mcs50/rand/r005/mcs50_r005_s30.A77 fileNameGt=../graphsdb/mcs50/rand/r005/mcs50_r005_s30.B77
Reading graphs...
30 :  46
30 :  46
Initializing...
maxdom : 5
D->valSize : 114
Solving...
Blb : 2 (clique : 11)
currentSize : 11 <-- 0.000686 s
currentSize : 12 <-- 0.000753 s
currentSize : 13 <-- 0.000788 s
currentSize : 14 <-- 0.005870 s
currentSize : 15 <-- 0.082359 s
currentSize : 16 <-- 0.134397 s

maxsize : 16
nodes : 62027.000000
filtered : 324692.000000
time : 0.164366
