Parameters: GAD=1 vflib=1 dir=0 label=1 lowerbound=1 fileNameGp=../graphsdb/mcs50/m4D/m4Dr6/mcs50_m4Dr6_s40.A02 fileNameGt=../graphsdb/mcs50/m4D/m4Dr6/mcs50_m4Dr6_s40.B02
Reading graphs...
40 :  95
40 :  92
Initializing...
maxdom : 10
D->valSize : 241
Solving...
Blb : 2 (clique : 12)
currentSize : 12 <-- 0.001459 s
currentSize : 13 <-- 0.001549 s
currentSize : 14 <-- 0.002071 s
currentSize : 15 <-- 0.002452 s
currentSize : 16 <-- 0.092441 s
currentSize : 17 <-- 0.392905 s
currentSize : 18 <-- 0.836892 s

maxsize : 18
nodes : 348968.000000
filtered : 3905344.000000
time : 1.270213
