Parameters: GAD=1 vflib=1 dir=0 label=1 lowerbound=1 fileNameGp=../graphsdb/mcs50/m2D/m2D/mcs50_m2D_s90.A42 fileNameGt=../graphsdb/mcs50/m2D/m2D/mcs50_m2D_s90.B42
Reading graphs...
90 :  161
90 :  161
Initializing...
maxdom : 15
D->valSize : 566
Solving...
Blb : 2 (clique : 41)
currentSize : 41 <-- 0.007144 s
currentSize : 42 <-- 0.007484 s
currentSize : 43 <-- 0.259808 s
currentSize : 44 <-- 2.718757 s
currentSize : 45 <-- 6.934035 s
currentSize : 46 <-- 6.935896 s
currentSize : 47 <-- 48.150131 s

TIMEOUT
maxsize : 47
nodes : 589929171.000000
filtered : 4612663800.000000
time : 3600.000000
