Parameters: GAD=1 vflib=1 dir=0 label=1 lowerbound=1 fileNameGp=../graphsdb/mcs50/bvg/b09m/mcs50_b09m_s50.A97 fileNameGt=../graphsdb/mcs50/bvg/b09m/mcs50_b09m_s50.B97
Reading graphs...
50 :  214
50 :  216
Initializing...
maxdom : 9
D->valSize : 326
Solving...
Blb : 2 (clique : 18)
currentSize : 18 <-- 0.002246 s
currentSize : 19 <-- 0.002348 s
currentSize : 22 <-- 0.002399 s
currentSize : 23 <-- 0.004501 s
currentSize : 24 <-- 0.381861 s

maxsize : 24
nodes : 223327.000000
filtered : 2396356.000000
time : 0.937380
