Parameters: GAD=1 vflib=1 dir=0 label=1 lowerbound=1 fileNameGp=../graphsdb/mcs50/m2D/m2Dr6/mcs50_m2Dr6_s20.A53 fileNameGt=../graphsdb/mcs50/m2D/m2Dr6/mcs50_m2Dr6_s20.B53
Reading graphs...
20 :  41
20 :  42
Initializing...
maxdom : 6
D->valSize : 100
Solving...
Blb : 2 (clique : 7)
currentSize : 7 <-- 0.000545 s
currentSize : 8 <-- 0.000800 s
currentSize : 9 <-- 0.001288 s
currentSize : 10 <-- 0.001305 s
currentSize : 11 <-- 0.002251 s

maxsize : 11
nodes : 1249.000000
filtered : 11441.000000
time : 0.003578
