Parameters: GAD=1 vflib=1 dir=0 label=1 lowerbound=1 fileNameGp=../graphsdb/mcs50/m2D/m2D/mcs50_m2D_s40.A47 fileNameGt=../graphsdb/mcs50/m2D/m2D/mcs50_m2D_s40.B47
Reading graphs...
40 :  67
40 :  67
Initializing...
maxdom : 10
D->valSize : 227
Solving...
Blb : 2 (clique : 13)
currentSize : 13 <-- 0.001402 s
currentSize : 14 <-- 0.009181 s
currentSize : 15 <-- 0.145589 s
currentSize : 16 <-- 0.202008 s
currentSize : 17 <-- 0.393746 s
currentSize : 18 <-- 0.939502 s
currentSize : 19 <-- 1.080600 s

maxsize : 19
nodes : 1131215.000000
filtered : 8873170.000000
time : 3.331675
