Parameters: GAD=1 vflib=1 dir=0 label=1 lowerbound=1 fileNameGp=../graphsdb/mcs50/bvg/b06m/mcs50_b06m_s70.A69 fileNameGt=../graphsdb/mcs50/bvg/b06m/mcs50_b06m_s70.B69
Reading graphs...
70 :  206
70 :  207
Initializing...
maxdom : 8
D->valSize : 322
Solving...
Blb : 2 (clique : 23)
currentSize : 23 <-- 0.002679 s
currentSize : 25 <-- 0.003861 s
currentSize : 26 <-- 0.048242 s
currentSize : 27 <-- 0.511871 s
currentSize : 28 <-- 0.954373 s
currentSize : 29 <-- 0.954535 s
currentSize : 30 <-- 174.172867 s
currentSize : 31 <-- 174.175735 s
currentSize : 32 <-- 174.221939 s
currentSize : 33 <-- 174.388596 s

maxsize : 33
nodes : 77001754.000000
filtered : 530168662.000000
time : 357.456299
