Parameters: GAD=1 vflib=1 dir=0 label=1 lowerbound=1 fileNameGp=../graphsdb/mcs50/rand/r02/mcs50_r02_s50.A78 fileNameGt=../graphsdb/mcs50/rand/r02/mcs50_r02_s50.B78
Reading graphs...
50 :  442
50 :  431
Initializing...
maxdom : 9
D->valSize : 320
Solving...
Blb : 2 (clique : 8)
currentSize : 8 <-- 0.003208 s
currentSize : 11 <-- 0.005290 s
currentSize : 12 <-- 0.025297 s
currentSize : 13 <-- 0.034055 s
currentSize : 15 <-- 0.034741 s
currentSize : 17 <-- 0.058560 s
currentSize : 18 <-- 0.070526 s

maxsize : 18
nodes : 22147.000000
filtered : 385134.000000
time : 0.111988
