Parameters: GAD=1 vflib=1 dir=0 label=1 lowerbound=1 fileNameGp=../graphsdb/mcs50/bvg/b06/mcs50_b06_s35.A14 fileNameGt=../graphsdb/mcs50/bvg/b06/mcs50_b06_s35.B14
Reading graphs...
35 :  102
35 :  105
Initializing...
maxdom : 8
D->valSize : 165
Solving...
Blb : 3 (clique : 8)
currentSize : 8 <-- 0.000861 s
currentSize : 9 <-- 0.000940 s
currentSize : 10 <-- 0.001128 s
currentSize : 11 <-- 0.006762 s
currentSize : 12 <-- 0.006912 s
currentSize : 13 <-- 0.017671 s
currentSize : 15 <-- 0.036966 s
currentSize : 16 <-- 0.037890 s
currentSize : 17 <-- 0.037946 s

maxsize : 17
nodes : 15908.000000
filtered : 125988.000000
time : 0.047601
