Parameters: GAD=1 vflib=1 dir=0 label=1 lowerbound=1 fileNameGp=../graphsdb/mcs50/bvg/b09m/mcs50_b09m_s35.A72 fileNameGt=../graphsdb/mcs50/bvg/b09m/mcs50_b09m_s35.B72
Reading graphs...
35 :  145
35 :  144
Initializing...
maxdom : 7
D->valSize : 174
Solving...
Blb : 3 (clique : 9)
currentSize : 9 <-- 0.000995 s
currentSize : 10 <-- 0.001990 s
currentSize : 11 <-- 0.023537 s
currentSize : 14 <-- 0.023680 s
currentSize : 15 <-- 0.023703 s

maxsize : 15
nodes : 14995.000000
filtered : 162118.000000
time : 0.049880
