Parameters: GAD=1 vflib=1 dir=0 label=1 lowerbound=1 fileNameGp=../graphsdb/mcs50/m2D/m2D/mcs50_m2D_s90.A58 fileNameGt=../graphsdb/mcs50/m2D/m2D/mcs50_m2D_s90.B58
Reading graphs...
90 :  161
90 :  160
Initializing...
maxdom : 10
D->valSize : 555
Solving...
Blb : 2 (clique : 44)
currentSize : 44 <-- 0.011040 s
currentSize : 45 <-- 0.011598 s
currentSize : 46 <-- 0.011752 s
currentSize : 47 <-- 0.011973 s
currentSize : 48 <-- 0.012227 s
currentSize : 49 <-- 0.012884 s
currentSize : 50 <-- 0.015535 s

TIMEOUT
maxsize : 50
nodes : 714898043.000000
filtered : 3684662423.000000
time : 3600.000000
