Parameters: GAD=1 vflib=1 dir=0 label=1 lowerbound=1 fileNameGp=../graphsdb/mcs50/m3D/m3Dr2/mcs50_m3Dr2_s50.A34 fileNameGt=../graphsdb/mcs50/m3D/m3Dr2/mcs50_m3Dr2_s50.B34
Reading graphs...
50 :  117
50 :  116
Initializing...
maxdom : 10
D->valSize : 332
Solving...
Blb : 2 (clique : 17)
currentSize : 17 <-- 0.002348 s
currentSize : 18 <-- 0.002459 s
currentSize : 19 <-- 0.018275 s
currentSize : 20 <-- 0.311030 s
currentSize : 21 <-- 0.739002 s
currentSize : 22 <-- 0.742928 s
currentSize : 23 <-- 1.648586 s
currentSize : 24 <-- 2.691103 s
currentSize : 25 <-- 9.782746 s
currentSize : 26 <-- 9.782770 s
currentSize : 27 <-- 12.620099 s

maxsize : 27
nodes : 3186995.000000
filtered : 37937699.000000
time : 14.643845
