Parameters: GAD=1 vflib=1 dir=0 label=1 lowerbound=1 fileNameGp=../graphsdb/mcs50/rand/r02/mcs50_r02_s80.A79 fileNameGt=../graphsdb/mcs50/rand/r02/mcs50_r02_s80.B79
Reading graphs...
80 :  1127
80 :  1149
Initializing...
maxdom : 7
D->valSize : 412
Solving...
Blb : 2 (clique : 6)
currentSize : 6 <-- 0.003691 s
currentSize : 7 <-- 0.003786 s
currentSize : 8 <-- 0.003898 s
currentSize : 9 <-- 0.004983 s
currentSize : 10 <-- 0.014653 s
currentSize : 12 <-- 0.014753 s
currentSize : 20 <-- 0.015667 s
currentSize : 32 <-- 0.024744 s
currentSize : 33 <-- 0.027855 s

maxsize : 33
nodes : 26594.000000
filtered : 319078.000000
time : 0.143251
