Parameters: GAD=1 vflib=1 dir=0 label=1 lowerbound=1 fileNameGp=../graphsdb/mcs50/bvg/b06/mcs50_b06_s60.A38 fileNameGt=../graphsdb/mcs50/bvg/b06/mcs50_b06_s60.B38
Reading graphs...
60 :  176
60 :  179
Initializing...
maxdom : 10
D->valSize : 254
Solving...
Blb : 3 (clique : 27)
currentSize : 27 <-- 0.001932 s
currentSize : 28 <-- 0.639643 s
currentSize : 29 <-- 0.644742 s
currentSize : 30 <-- 0.759378 s
currentSize : 31 <-- 1.153205 s
currentSize : 32 <-- 1.165474 s

maxsize : 32
nodes : 338137.000000
filtered : 2132496.000000
time : 1.421669
