Parameters: GAD=1 vflib=1 dir=0 label=1 lowerbound=1 fileNameGp=../graphsdb/mcs50/bvg/b09/mcs50_b09_s80.A87 fileNameGt=../graphsdb/mcs50/bvg/b09/mcs50_b09_s80.B87
Reading graphs...
80 :  356
80 :  357
Initializing...
maxdom : 8
D->valSize : 431
Solving...
Blb : 2 (clique : 17)
currentSize : 17 <-- 0.004100 s
currentSize : 28 <-- 0.004253 s
currentSize : 29 <-- 0.004434 s
currentSize : 35 <-- 0.004994 s
currentSize : 38 <-- 0.005087 s
currentSize : 39 <-- 0.009158 s
currentSize : 40 <-- 0.009221 s

maxsize : 40
nodes : 6537208.000000
filtered : 43371281.000000
time : 33.221455
