Parameters: GAD=1 vflib=1 dir=0 label=1 lowerbound=1 fileNameGp=../graphsdb/mcs50/m2D/m2Dr2/mcs50_m2Dr2_s90.A18 fileNameGt=../graphsdb/mcs50/m2D/m2Dr2/mcs50_m2Dr2_s90.B18
Reading graphs...
90 :  179
90 :  178
Initializing...
maxdom : 9
D->valSize : 528
Solving...
Blb : 5 (clique : 32)
currentSize : 32 <-- 0.006209 s
currentSize : 33 <-- 2.340982 s
currentSize : 34 <-- 3.542539 s
currentSize : 35 <-- 6.820254 s
currentSize : 36 <-- 16.419270 s
currentSize : 37 <-- 228.823929 s
currentSize : 38 <-- 473.882202 s
currentSize : 39 <-- 1276.988525 s
currentSize : 40 <-- 1487.332275 s
currentSize : 41 <-- 2210.025391 s
currentSize : 42 <-- 2331.493408 s
currentSize : 43 <-- 2499.294189 s
currentSize : 44 <-- 2500.447266 s
currentSize : 45 <-- 2509.945557 s
currentSize : 46 <-- 2513.523926 s
currentSize : 47 <-- 2968.008789 s

TIMEOUT
maxsize : 47
nodes : 662872464.000000
filtered : 5370298628.000000
time : 3600.000000
