Parameters: GAD=1 vflib=1 dir=0 label=1 lowerbound=1 fileNameGp=../graphsdb/mcs50/rand/r01/mcs50_r01_s80.A77 fileNameGt=../graphsdb/mcs50/rand/r01/mcs50_r01_s80.B77
Reading graphs...
80 :  600
80 :  601
Initializing...
maxdom : 11
D->valSize : 439
Solving...
Blb : 5 (clique : 12)
currentSize : 12 <-- 0.004143 s
currentSize : 13 <-- 0.012251 s
currentSize : 14 <-- 0.013539 s
currentSize : 15 <-- 0.016907 s
currentSize : 16 <-- 0.027699 s
currentSize : 18 <-- 0.059699 s
currentSize : 19 <-- 0.089847 s
currentSize : 21 <-- 0.104936 s
currentSize : 23 <-- 0.105077 s
currentSize : 24 <-- 0.135982 s
currentSize : 25 <-- 0.226913 s
currentSize : 31 <-- 0.227010 s
currentSize : 34 <-- 0.582364 s
currentSize : 38 <-- 0.740161 s

maxsize : 38
nodes : 178725.000000
filtered : 2792421.000000
time : 1.194404
