Parameters: GAD=1 vflib=1 dir=0 label=1 lowerbound=1 fileNameGp=../graphsdb/mcs50/m4D/m4Dr2/mcs50_m4Dr2_s30.A39 fileNameGt=../graphsdb/mcs50/m4D/m4Dr2/mcs50_m4Dr2_s30.B39
Reading graphs...
30 :  61
30 :  61
Initializing...
maxdom : 6
D->valSize : 137
Solving...
Blb : 2 (clique : 12)
currentSize : 12 <-- 0.000915 s
currentSize : 13 <-- 0.001722 s
currentSize : 14 <-- 0.005735 s
currentSize : 15 <-- 0.005820 s
currentSize : 16 <-- 0.008272 s

maxsize : 16
nodes : 2648.000000
filtered : 26835.000000
time : 0.009957
