Parameters: GAD=1 vflib=1 dir=0 label=1 lowerbound=1 fileNameGp=../graphsdb/mcs50/rand/r01/mcs50_r01_s100.A47 fileNameGt=../graphsdb/mcs50/rand/r01/mcs50_r01_s100.B47
Reading graphs...
100 :  932
100 :  947
Initializing...
maxdom : 7
D->valSize : 370
Solving...
Blb : 2 (clique : 22)
currentSize : 22 <-- 0.005764 s
currentSize : 24 <-- 0.006559 s
currentSize : 25 <-- 0.006788 s
currentSize : 27 <-- 0.006960 s
currentSize : 32 <-- 0.008346 s
currentSize : 34 <-- 0.009672 s
currentSize : 38 <-- 0.013199 s
currentSize : 40 <-- 0.013884 s
currentSize : 45 <-- 0.014073 s

maxsize : 45
nodes : 364150.000000
filtered : 2496278.000000
time : 2.148127
