Parameters: GAD=1 vflib=1 dir=0 label=1 lowerbound=1 fileNameGp=../graphsdb/mcs50/m2D/m2Dr6/mcs50_m2Dr6_s100.A38 fileNameGt=../graphsdb/mcs50/m2D/m2Dr6/mcs50_m2Dr6_s100.B38
Reading graphs...
100 :  237
100 :  238
Initializing...
maxdom : 7
D->valSize : 350
Solving...
Blb : 3 (clique : 42)
currentSize : 42 <-- 0.006034 s
currentSize : 43 <-- 1.560892 s
currentSize : 44 <-- 1.655236 s
currentSize : 45 <-- 19.198940 s
currentSize : 47 <-- 43.047909 s
currentSize : 48 <-- 48.012253 s
currentSize : 49 <-- 580.242126 s

TIMEOUT
maxsize : 49
nodes : 747065980.000000
filtered : 2011684305.000000
time : 3600.000000
