Parameters: GAD=1 vflib=1 dir=0 label=1 lowerbound=1 fileNameGp=../graphsdb/mcs50/rand/r01/mcs50_r01_s25.A13 fileNameGt=../graphsdb/mcs50/rand/r01/mcs50_r01_s25.B13
Reading graphs...
25 :  57
25 :  56
Initializing...
maxdom : 10
D->valSize : 163
Solving...
Blb : 2 (clique : 9)
currentSize : 9 <-- 0.001008 s
currentSize : 10 <-- 0.001407 s
currentSize : 11 <-- 0.005007 s
currentSize : 12 <-- 0.022406 s
currentSize : 13 <-- 0.023287 s

maxsize : 13
nodes : 9803.000000
filtered : 101236.000000
time : 0.028289
