Parameters: GAD=1 vflib=1 dir=0 label=1 lowerbound=1 fileNameGp=../graphsdb/mcs50/bvg/b06/mcs50_b06_s100.A75 fileNameGt=../graphsdb/mcs50/bvg/b06/mcs50_b06_s100.B75
Reading graphs...
100 :  299
100 :  300
Initializing...
maxdom : 6
D->valSize : 340
Solving...
Blb : 3 (clique : 34)
currentSize : 34 <-- 0.005796 s
currentSize : 35 <-- 0.310973 s
currentSize : 36 <-- 7.643712 s
currentSize : 37 <-- 58.890232 s
currentSize : 38 <-- 58.891434 s
currentSize : 39 <-- 64.881981 s
currentSize : 40 <-- 98.560074 s
currentSize : 43 <-- 119.955261 s
currentSize : 44 <-- 548.458679 s
currentSize : 45 <-- 2233.821045 s
currentSize : 46 <-- 2803.031006 s
currentSize : 48 <-- 2849.668945 s
currentSize : 49 <-- 2849.673096 s
currentSize : 50 <-- 2872.021729 s
currentSize : 51 <-- 2988.457764 s
currentSize : 52 <-- 3032.347168 s

TIMEOUT
maxsize : 52
nodes : 662365347.000000
filtered : 2854103686.000000
time : 3600.000000
