Parameters: GAD=1 vflib=1 dir=0 label=1 lowerbound=1 fileNameGp=../graphsdb/mcs50/rand/r01/mcs50_r01_s60.A67 fileNameGt=../graphsdb/mcs50/rand/r01/mcs50_r01_s60.B67
Reading graphs...
60 :  334
60 :  326
Initializing...
maxdom : 8
D->valSize : 260
Solving...
Blb : 5 (clique : 12)
currentSize : 12 <-- 0.002067 s
currentSize : 13 <-- 0.002781 s
currentSize : 14 <-- 0.003692 s
currentSize : 15 <-- 0.005199 s
currentSize : 16 <-- 0.005354 s
currentSize : 17 <-- 0.005381 s
currentSize : 22 <-- 0.016833 s
currentSize : 27 <-- 0.057311 s

maxsize : 27
nodes : 51701.000000
filtered : 473349.000000
time : 0.235318
