Parameters: GAD=1 vflib=1 dir=0 label=1 lowerbound=1 fileNameGp=../graphsdb/mcs50/bvg/b03m/mcs50_b03m_s60.A03 fileNameGt=../graphsdb/mcs50/bvg/b03m/mcs50_b03m_s60.B03
Reading graphs...
60 :  90
60 :  90
Initializing...
maxdom : 8
D->valSize : 246
Solving...
Blb : 2 (clique : 25)
currentSize : 25 <-- 0.003037 s
currentSize : 26 <-- 0.010532 s
currentSize : 27 <-- 0.058180 s
currentSize : 28 <-- 0.341138 s
currentSize : 29 <-- 6.114835 s
currentSize : 30 <-- 7.218796 s
currentSize : 31 <-- 8.004201 s
currentSize : 32 <-- 17.846748 s
currentSize : 33 <-- 53.995888 s

maxsize : 33
nodes : 14511443.000000
filtered : 92348899.000000
time : 60.094509
