Parameters: GAD=1 vflib=1 dir=0 label=1 lowerbound=1 fileNameGp=../graphsdb/mcs50/rand/r01/mcs50_r01_s100.A67 fileNameGt=../graphsdb/mcs50/rand/r01/mcs50_r01_s100.B67
Reading graphs...
100 :  937
100 :  932
Initializing...
maxdom : 8
D->valSize : 348
Solving...
Blb : 2 (clique : 14)
currentSize : 14 <-- 0.005313 s
currentSize : 15 <-- 0.012551 s
currentSize : 17 <-- 0.021054 s
currentSize : 18 <-- 0.191117 s
currentSize : 19 <-- 0.195889 s
currentSize : 20 <-- 0.243730 s
currentSize : 21 <-- 0.243821 s
currentSize : 24 <-- 0.390481 s
currentSize : 25 <-- 0.671744 s
currentSize : 29 <-- 0.671997 s
currentSize : 35 <-- 1.304829 s
currentSize : 41 <-- 2.795334 s

maxsize : 41
nodes : 1776208.000000
filtered : 9126735.000000
time : 9.405111
