Parameters: GAD=1 vflib=1 dir=0 label=1 lowerbound=1 fileNameGp=../graphsdb/mcs50/bvg/b06m/mcs50_b06m_s80.A23 fileNameGt=../graphsdb/mcs50/bvg/b06m/mcs50_b06m_s80.B23
Reading graphs...
80 :  239
80 :  238
Initializing...
maxdom : 9
D->valSize : 423
Solving...
Blb : 3 (clique : 27)
currentSize : 27 <-- 0.004164 s
currentSize : 30 <-- 0.004359 s
currentSize : 31 <-- 0.004448 s
currentSize : 32 <-- 0.004499 s
currentSize : 33 <-- 0.006750 s
currentSize : 34 <-- 12.079317 s
currentSize : 35 <-- 13.176713 s
currentSize : 36 <-- 1251.772217 s
currentSize : 37 <-- 1262.021118 s
currentSize : 38 <-- 1444.920776 s
currentSize : 39 <-- 1749.870117 s
currentSize : 40 <-- 1749.927246 s

maxsize : 40
nodes : 600947038.000000
filtered : 4198037686.000000
time : 3057.065430
