Parameters: GAD=1 vflib=1 dir=0 label=1 lowerbound=1 fileNameGp=../graphsdb/mcs50/m3D/m3Dr6/mcs50_m3Dr6_s60.A92 fileNameGt=../graphsdb/mcs50/m3D/m3Dr6/mcs50_m3Dr6_s60.B92
Reading graphs...
60 :  169
60 :  167
Initializing...
maxdom : 6
D->valSize : 233
Solving...
Blb : 2 (clique : 19)
currentSize : 19 <-- 0.001587 s
currentSize : 20 <-- 0.172848 s
currentSize : 21 <-- 1.929026 s
currentSize : 22 <-- 1.930863 s
currentSize : 24 <-- 1.938879 s
currentSize : 25 <-- 3.229781 s
currentSize : 26 <-- 3.470769 s
currentSize : 27 <-- 5.580659 s
currentSize : 28 <-- 5.610447 s

maxsize : 28
nodes : 1898635.000000
filtered : 13494477.000000
time : 8.121415
