Parameters: GAD=1 vflib=1 dir=0 label=1 lowerbound=1 fileNameGp=../graphsdb/mcs50/m4D/m4Dr6/mcs50_m4Dr6_s30.A13 fileNameGt=../graphsdb/mcs50/m4D/m4Dr6/mcs50_m4Dr6_s30.B13
Reading graphs...
30 :  70
30 :  69
Initializing...
maxdom : 5
D->valSize : 124
Solving...
Blb : 3 (clique : 11)
currentSize : 11 <-- 0.000672 s
currentSize : 12 <-- 0.010413 s
currentSize : 13 <-- 0.026985 s
currentSize : 14 <-- 0.046289 s
currentSize : 15 <-- 0.046316 s

maxsize : 15
nodes : 21752.000000
filtered : 146321.000000
time : 0.063109
