Parameters: GAD=1 vflib=1 dir=0 label=1 lowerbound=1 fileNameGp=../graphsdb/mcs50/m3D/m3D/mcs50_m3D_s60.A33 fileNameGt=../graphsdb/mcs50/m3D/m3D/mcs50_m3D_s60.B33
Reading graphs...
60 :  134
60 :  134
Initializing...
maxdom : 7
D->valSize : 253
Solving...
Blb : 2 (clique : 24)
currentSize : 24 <-- 0.002976 s
currentSize : 25 <-- 17.243458 s
currentSize : 26 <-- 42.466942 s
currentSize : 27 <-- 53.631760 s
currentSize : 28 <-- 53.660603 s
currentSize : 29 <-- 53.858936 s

maxsize : 29
nodes : 15812694.000000
filtered : 111458466.000000
time : 64.040871
