Parameters: GAD=1 vflib=1 dir=0 label=1 lowerbound=1 fileNameGp=../graphsdb/mcs50/m2D/m2Dr6/mcs50_m2Dr6_s90.A64 fileNameGt=../graphsdb/mcs50/m2D/m2Dr6/mcs50_m2Dr6_s90.B64
Reading graphs...
90 :  212
90 :  212
Initializing...
maxdom : 9
D->valSize : 586
Solving...
Blb : 2 (clique : 42)
currentSize : 42 <-- 0.007200 s
currentSize : 45 <-- 0.007529 s
currentSize : 46 <-- 0.009298 s
currentSize : 47 <-- 0.037618 s
currentSize : 48 <-- 9.651215 s
currentSize : 49 <-- 9.653263 s

TIMEOUT
maxsize : 49
nodes : 706975454.000000
filtered : 4203408448.000000
time : 3600.000000
