Parameters: GAD=1 vflib=1 dir=0 label=1 lowerbound=1 fileNameGp=../graphsdb/mcs50/rand/r01/mcs50_r01_s30.A71 fileNameGt=../graphsdb/mcs50/rand/r01/mcs50_r01_s30.B71
Reading graphs...
30 :  84
30 :  82
Initializing...
maxdom : 7
D->valSize : 125
Solving...
Blb : 2 (clique : 9)
currentSize : 9 <-- 0.000686 s
currentSize : 10 <-- 0.001039 s
currentSize : 11 <-- 0.002538 s
currentSize : 12 <-- 0.004159 s
currentSize : 13 <-- 0.007487 s
currentSize : 15 <-- 0.007556 s

maxsize : 15
nodes : 3013.000000
filtered : 28865.000000
time : 0.009814
