Parameters: GAD=1 vflib=1 dir=0 label=1 lowerbound=1 fileNameGp=../graphsdb/mcs50/rand/r005/mcs50_r005_s70.A86 fileNameGt=../graphsdb/mcs50/rand/r005/mcs50_r005_s70.B86
Reading graphs...
70 :  233
70 :  235
Initializing...
maxdom : 9
D->valSize : 343
Solving...
Blb : 2 (clique : 20)
currentSize : 20 <-- 0.004561 s
currentSize : 21 <-- 0.011138 s
currentSize : 22 <-- 0.250592 s
currentSize : 24 <-- 0.414228 s
currentSize : 25 <-- 0.433398 s
currentSize : 26 <-- 0.704509 s
currentSize : 27 <-- 0.712779 s
currentSize : 28 <-- 1.815492 s
currentSize : 29 <-- 1.826236 s
currentSize : 30 <-- 1.826923 s
currentSize : 31 <-- 1.827163 s
currentSize : 32 <-- 2.431396 s
currentSize : 33 <-- 8.169539 s
currentSize : 34 <-- 19.730318 s

maxsize : 34
nodes : 7592299.000000
filtered : 63458341.000000
time : 37.141113
