Parameters: GAD=1 vflib=1 dir=0 label=1 lowerbound=1 fileNameGp=../graphsdb/mcs50/bvg/b09/mcs50_b09_s90.A83 fileNameGt=../graphsdb/mcs50/bvg/b09/mcs50_b09_s90.B83
Reading graphs...
90 :  403
90 :  400
Initializing...
maxdom : 11
D->valSize : 564
Solving...
Blb : 3 (clique : 30)
currentSize : 30 <-- 0.006419 s
currentSize : 31 <-- 0.007726 s
currentSize : 32 <-- 0.008572 s
currentSize : 33 <-- 42.971462 s
currentSize : 34 <-- 697.322205 s
currentSize : 35 <-- 697.322266 s
currentSize : 37 <-- 697.374268 s
currentSize : 39 <-- 697.374390 s
currentSize : 41 <-- 697.458557 s
currentSize : 42 <-- 697.458679 s
currentSize : 43 <-- 1587.022583 s
currentSize : 45 <-- 1587.024048 s

maxsize : 45
nodes : 343625193.000000
filtered : 3449993040.000000
time : 2038.083496
