Parameters: GAD=1 vflib=1 dir=0 label=1 lowerbound=1 fileNameGp=../graphsdb/mcs50/bvg/b09/mcs50_b09_s35.A82 fileNameGt=../graphsdb/mcs50/bvg/b09/mcs50_b09_s35.B82
Reading graphs...
35 :  153
35 :  154
Initializing...
maxdom : 8
D->valSize : 169
Solving...
Blb : 2 (clique : 9)
currentSize : 9 <-- 0.001009 s
currentSize : 10 <-- 0.002505 s
currentSize : 11 <-- 0.002900 s
currentSize : 13 <-- 0.002959 s
currentSize : 14 <-- 0.003006 s
currentSize : 15 <-- 0.009133 s
currentSize : 17 <-- 0.016265 s

maxsize : 17
nodes : 5228.000000
filtered : 62986.000000
time : 0.020775
