Parameters: GAD=1 vflib=1 dir=0 label=1 lowerbound=1 fileNameGp=../graphsdb/mcs50/bvg/b06m/mcs50_b06m_s70.A95 fileNameGt=../graphsdb/mcs50/bvg/b06m/mcs50_b06m_s70.B95
Reading graphs...
70 :  203
70 :  203
Initializing...
maxdom : 8
D->valSize : 357
Solving...
Blb : 3 (clique : 28)
currentSize : 28 <-- 0.003215 s
currentSize : 29 <-- 14.106804 s
currentSize : 30 <-- 14.177502 s
currentSize : 31 <-- 14.217988 s
currentSize : 32 <-- 14.608218 s
currentSize : 33 <-- 29.851286 s
currentSize : 34 <-- 30.322752 s

maxsize : 34
nodes : 22016920.000000
filtered : 166759361.000000
time : 108.343292
