Parameters: GAD=1 vflib=1 dir=0 label=1 lowerbound=1 fileNameGp=../graphsdb/mcs50/rand/r02/mcs50_r02_s30.A44 fileNameGt=../graphsdb/mcs50/rand/r02/mcs50_r02_s30.B44
Reading graphs...
30 :  150
30 :  151
Initializing...
maxdom : 6
D->valSize : 130
Solving...
Blb : 3 (clique : 6)
currentSize : 6 <-- 0.000715 s
currentSize : 7 <-- 0.000761 s
currentSize : 8 <-- 0.001097 s
currentSize : 10 <-- 0.001268 s
currentSize : 11 <-- 0.002010 s

maxsize : 11
nodes : 1353.000000
filtered : 15949.000000
time : 0.005132
