Parameters: GAD=1 vflib=1 dir=0 label=1 lowerbound=1 fileNameGp=../graphsdb/mcs50/m2D/m2Dr6/mcs50_m2Dr6_s70.A40 fileNameGt=../graphsdb/mcs50/m2D/m2Dr6/mcs50_m2Dr6_s70.B40
Reading graphs...
70 :  163
70 :  163
Initializing...
maxdom : 8
D->valSize : 310
Solving...
Blb : 2 (clique : 28)
currentSize : 28 <-- 0.002638 s
currentSize : 29 <-- 0.188929 s
currentSize : 30 <-- 0.189033 s
currentSize : 31 <-- 0.208167 s
currentSize : 32 <-- 2.438373 s
currentSize : 33 <-- 116.617889 s
currentSize : 34 <-- 116.647102 s
currentSize : 35 <-- 289.274658 s
currentSize : 36 <-- 289.283173 s
currentSize : 37 <-- 289.283630 s
currentSize : 38 <-- 289.345123 s

maxsize : 38
nodes : 104204304.000000
filtered : 490334949.000000
time : 421.175079
