Parameters: GAD=1 vflib=1 dir=0 label=1 lowerbound=1 fileNameGp=../graphsdb/mcs50/m3D/m3Dr4/mcs50_m3Dr4_s50.A38 fileNameGt=../graphsdb/mcs50/m3D/m3Dr4/mcs50_m3Dr4_s50.B38
Reading graphs...
50 :  128
50 :  128
Initializing...
maxdom : 10
D->valSize : 325
Solving...
Blb : 2 (clique : 17)
currentSize : 17 <-- 0.002653 s
currentSize : 18 <-- 0.245035 s
currentSize : 19 <-- 1.666883 s
currentSize : 21 <-- 5.966317 s
currentSize : 23 <-- 7.005100 s
currentSize : 24 <-- 7.788621 s
currentSize : 25 <-- 8.387919 s
currentSize : 26 <-- 8.442929 s
currentSize : 27 <-- 8.443168 s
currentSize : 28 <-- 8.931676 s

maxsize : 28
nodes : 2611631.000000
filtered : 22829773.000000
time : 9.545477
