Parameters: GAD=1 vflib=1 dir=0 label=1 lowerbound=1 fileNameGp=../graphsdb/mcs50/m2D/m2Dr2/mcs50_m2Dr2_s100.A18 fileNameGt=../graphsdb/mcs50/m2D/m2Dr2/mcs50_m2Dr2_s100.B18
Reading graphs...
100 :  200
100 :  198
Initializing...
maxdom : 6
D->valSize : 357
Solving...
Blb : 2 (clique : 35)
currentSize : 35 <-- 0.003754 s
currentSize : 36 <-- 0.004055 s
currentSize : 37 <-- 0.012347 s
currentSize : 38 <-- 0.014254 s
currentSize : 39 <-- 1.335284 s
currentSize : 40 <-- 12.594186 s
currentSize : 41 <-- 32.207481 s
currentSize : 42 <-- 2692.220215 s
currentSize : 43 <-- 2728.984619 s

TIMEOUT
maxsize : 43
nodes : 718380646.000000
filtered : 2773263785.000000
time : 3600.000000
