Parameters: GAD=1 vflib=1 dir=0 label=1 lowerbound=1 fileNameGp=../graphsdb/mcs50/m2D/m2Dr4/mcs50_m2Dr4_s90.A70 fileNameGt=../graphsdb/mcs50/m2D/m2Dr4/mcs50_m2Dr4_s90.B70
Reading graphs...
90 :  195
90 :  195
Initializing...
maxdom : 12
D->valSize : 574
Solving...
Blb : 2 (clique : 39)
currentSize : 39 <-- 0.007244 s
currentSize : 40 <-- 1.080856 s
currentSize : 41 <-- 6.396393 s
currentSize : 42 <-- 10.510815 s
currentSize : 44 <-- 466.733368 s
currentSize : 45 <-- 466.737366 s
currentSize : 46 <-- 466.737610 s
currentSize : 47 <-- 466.737762 s
currentSize : 48 <-- 466.740448 s

TIMEOUT
maxsize : 48
nodes : 644106069.000000
filtered : 5163974479.000000
time : 3600.000000
