Parameters: GAD=1 vflib=1 dir=0 label=1 lowerbound=1 fileNameGp=../graphsdb/mcs50/rand/r005/mcs50_r005_s60.A77 fileNameGt=../graphsdb/mcs50/rand/r005/mcs50_r005_s60.B77
Reading graphs...
60 :  174
60 :  171
Initializing...
maxdom : 6
D->valSize : 263
Solving...
Blb : 2 (clique : 19)
currentSize : 19 <-- 0.001861 s
currentSize : 20 <-- 0.006164 s
currentSize : 21 <-- 0.049065 s
currentSize : 22 <-- 0.070886 s
currentSize : 23 <-- 0.115246 s
currentSize : 24 <-- 0.164708 s
currentSize : 25 <-- 0.164827 s
currentSize : 26 <-- 0.519949 s
currentSize : 27 <-- 0.877746 s
currentSize : 28 <-- 0.878558 s
currentSize : 29 <-- 1.754748 s
currentSize : 30 <-- 1.755245 s

maxsize : 30
nodes : 860914.000000
filtered : 6555192.000000
time : 3.848144
