Parameters: GAD=1 vflib=1 dir=0 label=1 lowerbound=1 fileNameGp=../graphsdb/mcs50/m3D/m3Dr4/mcs50_m3Dr4_s60.A74 fileNameGt=../graphsdb/mcs50/m3D/m3Dr4/mcs50_m3Dr4_s60.B74
Reading graphs...
60 :  155
60 :  157
Initializing...
maxdom : 8
D->valSize : 239
Solving...
Blb : 2 (clique : 23)
currentSize : 23 <-- 0.002707 s
currentSize : 25 <-- 0.002936 s
currentSize : 27 <-- 0.003152 s
currentSize : 28 <-- 0.164339 s
currentSize : 29 <-- 0.437544 s
currentSize : 30 <-- 0.680748 s

maxsize : 30
nodes : 1405747.000000
filtered : 6978395.000000
time : 5.750779
