Parameters: GAD=1 vflib=1 dir=0 label=1 lowerbound=1 fileNameGp=../graphsdb/mcs50/bvg/b09/mcs50_b09_s20.A18 fileNameGt=../graphsdb/mcs50/bvg/b09/mcs50_b09_s20.B18
Reading graphs...
20 :  89
20 :  83
Initializing...
maxdom : 8
D->valSize : 113
Solving...
Blb : 3 (clique : 6)
currentSize : 6 <-- 0.000634 s
currentSize : 7 <-- 0.000738 s
currentSize : 8 <-- 0.000848 s
currentSize : 9 <-- 0.000931 s
currentSize : 10 <-- 0.001053 s

maxsize : 10
nodes : 417.000000
filtered : 6232.000000
time : 0.001783
