Parameters: GAD=1 vflib=1 dir=0 label=1 lowerbound=1 fileNameGp=../graphsdb/mcs50/bvg/b09/mcs50_b09_s60.A86 fileNameGt=../graphsdb/mcs50/bvg/b09/mcs50_b09_s60.B86
Reading graphs...
60 :  267
60 :  268
Initializing...
maxdom : 6
D->valSize : 259
Solving...
Blb : 3 (clique : 14)
currentSize : 14 <-- 0.002803 s
currentSize : 15 <-- 0.078659 s
currentSize : 16 <-- 0.133267 s
currentSize : 17 <-- 0.252855 s
currentSize : 22 <-- 0.650625 s
currentSize : 23 <-- 0.650741 s
currentSize : 24 <-- 0.651055 s
currentSize : 26 <-- 0.664750 s
currentSize : 30 <-- 0.673320 s

maxsize : 30
nodes : 207437.000000
filtered : 1687789.000000
time : 0.929454
