Parameters: GAD=1 vflib=1 dir=0 label=1 lowerbound=1 fileNameGp=../graphsdb/mcs50/m2D/m2D/mcs50_m2D_s40.A05 fileNameGt=../graphsdb/mcs50/m2D/m2D/mcs50_m2D_s40.B05
Reading graphs...
40 :  67
40 :  65
Initializing...
maxdom : 9
D->valSize : 218
Solving...
Blb : 2 (clique : 15)
currentSize : 15 <-- 0.002010 s
currentSize : 16 <-- 0.067593 s
currentSize : 17 <-- 0.067710 s
currentSize : 18 <-- 0.547346 s
currentSize : 19 <-- 4.316807 s

maxsize : 19
nodes : 2488184.000000
filtered : 19757269.000000
time : 7.920051
