Parameters: GAD=1 vflib=1 dir=0 label=1 lowerbound=1 fileNameGp=../graphsdb/mcs50/m2D/m2Dr4/mcs50_m2Dr4_s40.A23 fileNameGt=../graphsdb/mcs50/m2D/m2Dr4/mcs50_m2Dr4_s40.B23
Reading graphs...
40 :  82
40 :  81
Initializing...
maxdom : 9
D->valSize : 211
Solving...
Blb : 5 (clique : 14)
currentSize : 14 <-- 0.001461 s
currentSize : 15 <-- 0.001768 s
currentSize : 16 <-- 0.004692 s
currentSize : 17 <-- 0.027402 s
currentSize : 18 <-- 0.086952 s
currentSize : 19 <-- 0.089000 s
currentSize : 20 <-- 0.231687 s

maxsize : 20
nodes : 346758.000000
filtered : 3190001.000000
time : 1.173887
