Parameters: GAD=1 vflib=1 dir=0 label=1 lowerbound=1 fileNameGp=../graphsdb/mcs50/m2D/m2Dr4/mcs50_m2Dr4_s60.A16 fileNameGt=../graphsdb/mcs50/m2D/m2Dr4/mcs50_m2Dr4_s60.B16
Reading graphs...
60 :  127
60 :  127
Initializing...
maxdom : 7
D->valSize : 225
Solving...
Blb : 2 (clique : 18)
currentSize : 18 <-- 0.001653 s
currentSize : 19 <-- 0.022087 s
currentSize : 20 <-- 0.174688 s
currentSize : 21 <-- 0.837097 s
currentSize : 22 <-- 2.469006 s
currentSize : 23 <-- 4.891501 s
currentSize : 24 <-- 8.281198 s
currentSize : 25 <-- 8.350438 s
currentSize : 26 <-- 34.197624 s
currentSize : 27 <-- 39.265148 s
currentSize : 28 <-- 39.379887 s

maxsize : 28
nodes : 14866998.000000
filtered : 72860306.000000
time : 57.383316
