Parameters: GAD=1 vflib=1 dir=0 label=1 lowerbound=1 fileNameGp=../graphsdb/mcs50/m4D/m4Dr6/mcs50_m4Dr6_s40.A99 fileNameGt=../graphsdb/mcs50/m4D/m4Dr6/mcs50_m4Dr6_s40.B99
Reading graphs...
40 :  91
40 :  90
Initializing...
maxdom : 6
D->valSize : 200
Solving...
Blb : 5 (clique : 14)
currentSize : 14 <-- 0.001806 s
currentSize : 15 <-- 0.002372 s
currentSize : 16 <-- 0.003049 s
currentSize : 17 <-- 3.963139 s
currentSize : 18 <-- 9.492439 s

maxsize : 18
nodes : 4242081.000000
filtered : 35349954.000000
time : 12.998839
