Parameters: GAD=1 vflib=1 dir=0 label=1 lowerbound=1 fileNameGp=../graphsdb/mcs50/rand/r005/mcs50_r005_s100.A08 fileNameGt=../graphsdb/mcs50/rand/r005/mcs50_r005_s100.B08
Reading graphs...
100 :  481
100 :  482
Initializing...
maxdom : 7
D->valSize : 342
Solving...
Blb : 2 (clique : 23)
currentSize : 23 <-- 0.005484 s
currentSize : 24 <-- 0.047963 s
currentSize : 25 <-- 0.061704 s
currentSize : 27 <-- 0.118069 s
currentSize : 29 <-- 0.191456 s
currentSize : 30 <-- 0.355302 s
currentSize : 31 <-- 25.574841 s
currentSize : 32 <-- 25.579010 s
currentSize : 33 <-- 25.579023 s
currentSize : 34 <-- 25.579666 s
currentSize : 38 <-- 25.667543 s
currentSize : 39 <-- 67.777664 s
currentSize : 40 <-- 67.779449 s
currentSize : 44 <-- 90.330605 s
currentSize : 45 <-- 90.334557 s
currentSize : 47 <-- 91.741676 s
currentSize : 48 <-- 91.744232 s

maxsize : 48
nodes : 31241029.000000
filtered : 186005042.000000
time : 173.754700
