Parameters: GAD=1 vflib=1 dir=0 label=1 lowerbound=1 fileNameGp=../graphsdb/mcs50/m2D/m2Dr4/mcs50_m2Dr4_s70.A70 fileNameGt=../graphsdb/mcs50/m2D/m2Dr4/mcs50_m2Dr4_s70.B70
Reading graphs...
70 :  149
70 :  149
Initializing...
maxdom : 8
D->valSize : 341
Solving...
Blb : 2 (clique : 33)
currentSize : 33 <-- 0.002969 s
currentSize : 34 <-- 0.003713 s
currentSize : 35 <-- 0.004888 s
currentSize : 36 <-- 0.741674 s
currentSize : 37 <-- 232.271469 s
currentSize : 38 <-- 232.366623 s
currentSize : 39 <-- 248.539154 s

maxsize : 39
nodes : 119585518.000000
filtered : 729366797.000000
time : 561.612793
