Parameters: GAD=1 vflib=1 dir=0 label=1 lowerbound=1 fileNameGp=../graphsdb/mcs50/bvg/b09/mcs50_b09_s50.A68 fileNameGt=../graphsdb/mcs50/bvg/b09/mcs50_b09_s50.B68
Reading graphs...
50 :  223
50 :  224
Initializing...
maxdom : 10
D->valSize : 315
Solving...
Blb : 2 (clique : 16)
currentSize : 16 <-- 0.003418 s
currentSize : 17 <-- 0.003582 s
currentSize : 19 <-- 0.054269 s
currentSize : 20 <-- 0.054347 s
currentSize : 21 <-- 0.054403 s
currentSize : 22 <-- 0.054513 s
currentSize : 23 <-- 0.325873 s
currentSize : 24 <-- 0.326204 s

maxsize : 24
nodes : 113870.000000
filtered : 2080144.000000
time : 0.756585
