Parameters: GAD=1 vflib=1 dir=0 label=1 lowerbound=1 fileNameGp=../graphsdb/mcs50/m2D/m2Dr4/mcs50_m2Dr4_s60.A51 fileNameGt=../graphsdb/mcs50/m2D/m2Dr4/mcs50_m2Dr4_s60.B51
Reading graphs...
60 :  128
60 :  127
Initializing...
maxdom : 7
D->valSize : 272
Solving...
Blb : 2 (clique : 21)
currentSize : 21 <-- 0.002489 s
currentSize : 22 <-- 0.002653 s
currentSize : 23 <-- 0.002728 s
currentSize : 24 <-- 0.003084 s
currentSize : 25 <-- 0.003254 s
currentSize : 27 <-- 8.202549 s
currentSize : 29 <-- 8.202800 s

maxsize : 29
nodes : 7051125.000000
filtered : 47618274.000000
time : 31.017153
