Parameters: GAD=1 vflib=1 dir=0 label=1 lowerbound=1 fileNameGp=../graphsdb/mcs50/bvg/b09/mcs50_b09_s25.A84 fileNameGt=../graphsdb/mcs50/bvg/b09/mcs50_b09_s25.B84
Reading graphs...
25 :  107
25 :  109
Initializing...
maxdom : 8
D->valSize : 161
Solving...
Blb : 5 (clique : 7)
currentSize : 7 <-- 0.000778 s
currentSize : 8 <-- 0.001249 s
currentSize : 9 <-- 0.001314 s
currentSize : 10 <-- 0.005770 s
currentSize : 11 <-- 0.007027 s
currentSize : 12 <-- 0.008196 s

maxsize : 12
nodes : 2999.000000
filtered : 51784.000000
time : 0.010201
