Parameters: GAD=1 vflib=1 dir=0 label=1 lowerbound=1 fileNameGp=../graphsdb/mcs50/m2D/m2D/mcs50_m2D_s60.A84 fileNameGt=../graphsdb/mcs50/m2D/m2D/mcs50_m2D_s60.B84
Reading graphs...
60 :  104
60 :  104
Initializing...
maxdom : 9
D->valSize : 280
Solving...
Blb : 2 (clique : 24)
currentSize : 24 <-- 0.002184 s
currentSize : 25 <-- 0.024946 s
currentSize : 26 <-- 0.029963 s
currentSize : 27 <-- 0.072189 s
currentSize : 28 <-- 0.402135 s
currentSize : 29 <-- 1.033499 s

maxsize : 29
nodes : 22054711.000000
filtered : 182263101.000000
time : 101.083740
