Parameters: GAD=1 vflib=1 dir=0 label=1 lowerbound=1 fileNameGp=../graphsdb/mcs50/bvg/b06m/mcs50_b06m_s100.A19 fileNameGt=../graphsdb/mcs50/bvg/b06m/mcs50_b06m_s100.B19
Reading graphs...
100 :  299
100 :  298
Initializing...
maxdom : 11
D->valSize : 423
Solving...
Blb : 2 (clique : 42)
currentSize : 42 <-- 0.007724 s
currentSize : 43 <-- 0.008194 s
currentSize : 44 <-- 0.008652 s
currentSize : 45 <-- 1.589421 s
currentSize : 46 <-- 10.586248 s
currentSize : 48 <-- 1883.756348 s
currentSize : 49 <-- 1883.756348 s
currentSize : 50 <-- 1883.756470 s
currentSize : 51 <-- 1883.872681 s
currentSize : 52 <-- 1892.082275 s

TIMEOUT
maxsize : 52
nodes : 778041199.000000
filtered : 2353942235.000000
time : 3600.000000
