Parameters: GAD=1 vflib=1 dir=0 label=1 lowerbound=1 fileNameGp=../graphsdb/mcs50/m2D/m2D/mcs50_m2D_s60.A76 fileNameGt=../graphsdb/mcs50/m2D/m2D/mcs50_m2D_s60.B76
Reading graphs...
60 :  103
60 :  103
Initializing...
maxdom : 8
D->valSize : 264
Solving...
Blb : 2 (clique : 20)
currentSize : 20 <-- 0.002016 s
currentSize : 21 <-- 0.002361 s
currentSize : 23 <-- 0.024468 s
currentSize : 24 <-- 2.693443 s
currentSize : 25 <-- 42.605869 s
currentSize : 26 <-- 66.443459 s
currentSize : 27 <-- 305.801270 s
currentSize : 28 <-- 305.820709 s
currentSize : 29 <-- 305.820801 s

maxsize : 29
nodes : 89359554.000000
filtered : 682226810.000000
time : 347.987122
