Parameters: GAD=1 vflib=1 dir=0 label=1 lowerbound=1 fileNameGp=../graphsdb/mcs50/bvg/b06/mcs50_b06_s90.A99 fileNameGt=../graphsdb/mcs50/bvg/b06/mcs50_b06_s90.B99
Reading graphs...
90 :  269
90 :  270
Initializing...
maxdom : 11
D->valSize : 553
Solving...
Blb : 2 (clique : 33)
currentSize : 33 <-- 0.006508 s
currentSize : 34 <-- 0.631711 s
currentSize : 35 <-- 400.764313 s
currentSize : 37 <-- 838.369812 s
currentSize : 38 <-- 845.100464 s
currentSize : 39 <-- 3111.406250 s

TIMEOUT
maxsize : 39
nodes : 624374499.000000
filtered : 7084828284.000000
time : 3600.000000
