Parameters: GAD=1 vflib=1 dir=0 label=1 lowerbound=1 fileNameGp=../graphsdb/mcs50/m2D/m2Dr6/mcs50_m2Dr6_s80.A29 fileNameGt=../graphsdb/mcs50/m2D/m2Dr6/mcs50_m2Dr6_s80.B29
Reading graphs...
80 :  188
80 :  186
Initializing...
maxdom : 9
D->valSize : 467
Solving...
Blb : 2 (clique : 28)
currentSize : 28 <-- 0.004774 s
currentSize : 29 <-- 0.005043 s
currentSize : 30 <-- 3.494658 s
currentSize : 31 <-- 93.361473 s
currentSize : 32 <-- 93.490685 s
currentSize : 33 <-- 3489.285645 s
currentSize : 34 <-- 3489.364258 s

TIMEOUT
maxsize : 34
nodes : 752302684.000000
filtered : 6445830544.000000
time : 3600.000000
