Parameters: GAD=1 vflib=1 dir=0 label=1 lowerbound=1 fileNameGp=../graphsdb/mcs50/bvg/b06m/mcs50_b06m_s100.A78 fileNameGt=../graphsdb/mcs50/bvg/b06m/mcs50_b06m_s100.B78
Reading graphs...
100 :  297
100 :  296
Initializing...
maxdom : 6
D->valSize : 387
Solving...
Blb : 2 (clique : 35)
currentSize : 35 <-- 0.006402 s
currentSize : 36 <-- 0.009095 s
currentSize : 37 <-- 0.017653 s
currentSize : 39 <-- 1.220042 s
currentSize : 40 <-- 1.233668 s
currentSize : 41 <-- 1.289006 s
currentSize : 42 <-- 21.538816 s
currentSize : 43 <-- 22.083002 s
currentSize : 44 <-- 22.086037 s
currentSize : 45 <-- 23.400248 s
currentSize : 46 <-- 23.400368 s
currentSize : 47 <-- 23.406179 s
currentSize : 48 <-- 24.034967 s
currentSize : 49 <-- 24.035116 s
currentSize : 50 <-- 68.647186 s

TIMEOUT
maxsize : 50
nodes : 695826705.000000
filtered : 2569411140.000000
time : 3600.000000
