Parameters: GAD=1 vflib=1 dir=0 label=1 lowerbound=1 fileNameGp=../graphsdb/mcs50/m2D/m2Dr6/mcs50_m2Dr6_s50.A61 fileNameGt=../graphsdb/mcs50/m2D/m2Dr6/mcs50_m2Dr6_s50.B61
Reading graphs...
50 :  114
50 :  114
Initializing...
maxdom : 9
D->valSize : 326
Solving...
Blb : 5 (clique : 17)
currentSize : 17 <-- 0.002349 s
currentSize : 19 <-- 0.002450 s
currentSize : 21 <-- 0.002513 s
currentSize : 22 <-- 0.003085 s
currentSize : 23 <-- 0.003510 s
currentSize : 24 <-- 0.003764 s
currentSize : 26 <-- 0.994887 s
currentSize : 27 <-- 1.001637 s

maxsize : 27
nodes : 1803406.000000
filtered : 28320719.000000
time : 8.831916
