Parameters: GAD=1 vflib=1 dir=0 label=1 lowerbound=1 fileNameGp=../graphsdb/mcs50/rand/r02/mcs50_r02_s80.A18 fileNameGt=../graphsdb/mcs50/rand/r02/mcs50_r02_s80.B18
Reading graphs...
80 :  1118
80 :  1129
Initializing...
maxdom : 8
D->valSize : 436
Solving...
Blb : 2 (clique : 7)
currentSize : 7 <-- 0.003937 s
currentSize : 8 <-- 0.004020 s
currentSize : 9 <-- 0.004180 s
currentSize : 13 <-- 0.004396 s
currentSize : 17 <-- 0.004452 s
currentSize : 21 <-- 0.013227 s
currentSize : 31 <-- 0.033873 s
currentSize : 33 <-- 0.034035 s
currentSize : 34 <-- 0.034823 s

maxsize : 34
nodes : 17640.000000
filtered : 327876.000000
time : 0.111656
