Parameters: GAD=1 vflib=1 dir=0 label=1 lowerbound=1 fileNameGp=../graphsdb/mcs50/bvg/b09m/mcs50_b09m_s70.A92 fileNameGt=../graphsdb/mcs50/bvg/b09m/mcs50_b09m_s70.B92
Reading graphs...
70 :  308
70 :  309
Initializing...
maxdom : 9
D->valSize : 353
Solving...
Blb : 2 (clique : 15)
currentSize : 15 <-- 0.002951 s
currentSize : 18 <-- 0.003062 s
currentSize : 19 <-- 0.004245 s
currentSize : 20 <-- 0.405119 s
currentSize : 21 <-- 0.405273 s
currentSize : 22 <-- 0.407067 s
currentSize : 23 <-- 1.807638 s
currentSize : 30 <-- 12.132059 s
currentSize : 32 <-- 19.124376 s
currentSize : 33 <-- 19.220798 s

maxsize : 33
nodes : 8148835.000000
filtered : 60350113.000000
time : 35.084339
