Parameters: GAD=1 vflib=1 dir=0 label=1 lowerbound=1 fileNameGp=../graphsdb/mcs50/bvg/b06/mcs50_b06_s60.A61 fileNameGt=../graphsdb/mcs50/bvg/b06/mcs50_b06_s60.B61
Reading graphs...
60 :  178
60 :  178
Initializing...
maxdom : 8
D->valSize : 254
Solving...
Blb : 2 (clique : 23)
currentSize : 23 <-- 0.003028 s
currentSize : 24 <-- 0.003247 s
currentSize : 26 <-- 0.003351 s
currentSize : 27 <-- 0.003467 s
currentSize : 28 <-- 0.003894 s
currentSize : 29 <-- 0.006422 s
currentSize : 30 <-- 0.006532 s
currentSize : 31 <-- 0.009674 s

maxsize : 31
nodes : 473450.000000
filtered : 2906995.000000
time : 2.075770
