Parameters: GAD=1 vflib=1 dir=0 label=1 lowerbound=1 fileNameGp=../graphsdb/mcs50/m2D/m2D/mcs50_m2D_s30.A33 fileNameGt=../graphsdb/mcs50/m2D/m2D/mcs50_m2D_s30.B33
Reading graphs...
30 :  49
30 :  49
Initializing...
maxdom : 5
D->valSize : 119
Solving...
Blb : 2 (clique : 12)
currentSize : 12 <-- 0.000672 s
currentSize : 13 <-- 0.000862 s
currentSize : 14 <-- 0.001940 s
currentSize : 15 <-- 0.002665 s
currentSize : 16 <-- 0.002710 s
currentSize : 17 <-- 0.002872 s

maxsize : 17
nodes : 1843.000000
filtered : 11924.000000
time : 0.006206
