Parameters: GAD=1 vflib=1 dir=0 label=1 lowerbound=1 fileNameGp=../graphsdb/mcs50/bvg/b06/mcs50_b06_s20.A26 fileNameGt=../graphsdb/mcs50/bvg/b06/mcs50_b06_s20.B26
Reading graphs...
20 :  59
20 :  59
Initializing...
maxdom : 6
D->valSize : 100
Solving...
Blb : 3 (clique : 6)
currentSize : 6 <-- 0.000627 s
currentSize : 7 <-- 0.000710 s
currentSize : 8 <-- 0.001001 s
currentSize : 9 <-- 0.001078 s
currentSize : 10 <-- 0.001340 s

maxsize : 10
nodes : 716.000000
filtered : 5098.000000
time : 0.002403
