Parameters: GAD=1 vflib=1 dir=0 label=1 lowerbound=1 fileNameGp=../graphsdb/mcs50/m2D/m2Dr6/mcs50_m2Dr6_s70.A47 fileNameGt=../graphsdb/mcs50/m2D/m2Dr6/mcs50_m2Dr6_s70.B47
Reading graphs...
70 :  164
70 :  163
Initializing...
maxdom : 8
D->valSize : 322
Solving...
Blb : 2 (clique : 23)
currentSize : 23 <-- 0.002748 s
currentSize : 24 <-- 0.002905 s
currentSize : 25 <-- 0.003075 s
currentSize : 26 <-- 0.003672 s
currentSize : 27 <-- 0.014644 s
currentSize : 28 <-- 0.014744 s
currentSize : 29 <-- 0.045996 s
currentSize : 30 <-- 0.099599 s
currentSize : 31 <-- 0.099708 s
currentSize : 32 <-- 1.230148 s
currentSize : 33 <-- 1.233965 s
currentSize : 34 <-- 5.454934 s
currentSize : 35 <-- 10.121374 s
currentSize : 36 <-- 10.126066 s
currentSize : 37 <-- 34.083298 s
currentSize : 38 <-- 41.647457 s

maxsize : 38
nodes : 9386322.000000
filtered : 63536891.000000
time : 45.341042
