Parameters: GAD=1 vflib=1 dir=0 label=1 lowerbound=1 fileNameGp=../graphsdb/mcs50/rand/r02/mcs50_r02_s50.A71 fileNameGt=../graphsdb/mcs50/rand/r02/mcs50_r02_s50.B71
Reading graphs...
50 :  435
50 :  435
Initializing...
maxdom : 11
D->valSize : 328
Solving...
Blb : 2 (clique : 6)
currentSize : 6 <-- 0.002279 s
currentSize : 7 <-- 0.002446 s
currentSize : 8 <-- 0.004676 s
currentSize : 9 <-- 0.005627 s
currentSize : 10 <-- 0.006137 s
currentSize : 11 <-- 0.059278 s
currentSize : 12 <-- 0.066299 s
currentSize : 14 <-- 0.066397 s
currentSize : 20 <-- 0.083451 s

maxsize : 20
nodes : 27029.000000
filtered : 380016.000000
time : 0.116943
