Parameters: GAD=1 vflib=1 dir=0 label=1 lowerbound=1 fileNameGp=../graphsdb/mcs50/rand/r01/mcs50_r01_s80.A63 fileNameGt=../graphsdb/mcs50/rand/r01/mcs50_r01_s80.B63
Reading graphs...
80 :  597
80 :  603
Initializing...
maxdom : 10
D->valSize : 416
Solving...
Blb : 2 (clique : 23)
currentSize : 23 <-- 0.005997 s
currentSize : 27 <-- 0.112383 s
currentSize : 30 <-- 0.112833 s
currentSize : 34 <-- 0.536518 s
currentSize : 39 <-- 0.539481 s

maxsize : 39
nodes : 174964.000000
filtered : 2601665.000000
time : 1.130177
