Parameters: GAD=1 vflib=1 dir=0 label=1 lowerbound=1 fileNameGp=../graphsdb/mcs50/rand/r02/mcs50_r02_s70.A48 fileNameGt=../graphsdb/mcs50/rand/r02/mcs50_r02_s70.B48
Reading graphs...
70 :  864
70 :  860
Initializing...
maxdom : 11
D->valSize : 358
Solving...
Blb : 2 (clique : 7)
currentSize : 7 <-- 0.004044 s
currentSize : 9 <-- 0.004367 s
currentSize : 11 <-- 0.005846 s
currentSize : 12 <-- 0.007640 s
currentSize : 15 <-- 0.010738 s
currentSize : 19 <-- 0.011617 s
currentSize : 20 <-- 0.018897 s
currentSize : 27 <-- 0.035106 s
currentSize : 29 <-- 0.036595 s

maxsize : 29
nodes : 15035.000000
filtered : 161320.000000
time : 0.082785
