Parameters: GAD=1 vflib=1 dir=0 label=1 lowerbound=1 fileNameGp=../graphsdb/mcs50/rand/r02/mcs50_r02_s90.A05 fileNameGt=../graphsdb/mcs50/rand/r02/mcs50_r02_s90.B05
Reading graphs...
90 :  1429
90 :  1429
Initializing...
maxdom : 12
D->valSize : 562
Solving...
Blb : 2 (clique : 8)
currentSize : 8 <-- 0.005885 s
currentSize : 9 <-- 0.006094 s
currentSize : 13 <-- 0.006359 s
currentSize : 18 <-- 0.007285 s
currentSize : 21 <-- 0.007377 s
currentSize : 33 <-- 0.012634 s

maxsize : 33
nodes : 199607.000000
filtered : 1423057.000000
time : 0.964484
