Parameters: GAD=1 vflib=1 dir=0 label=1 lowerbound=1 fileNameGp=../graphsdb/mcs50/m2D/m2Dr4/mcs50_m2Dr4_s90.A98 fileNameGt=../graphsdb/mcs50/m2D/m2Dr4/mcs50_m2Dr4_s90.B98
Reading graphs...
90 :  197
90 :  194
Initializing...
maxdom : 10
D->valSize : 542
Solving...
Blb : 2 (clique : 38)
currentSize : 38 <-- 0.006636 s
currentSize : 39 <-- 0.007820 s
currentSize : 40 <-- 0.014251 s
currentSize : 41 <-- 0.041932 s
currentSize : 42 <-- 0.610127 s
currentSize : 43 <-- 0.746669 s
currentSize : 44 <-- 2.317095 s
currentSize : 45 <-- 2.414063 s
currentSize : 48 <-- 269.880157 s
currentSize : 49 <-- 272.106903 s
currentSize : 50 <-- 272.106934 s
currentSize : 51 <-- 272.107361 s

TIMEOUT
maxsize : 51
nodes : 796911337.000000
filtered : 2780329696.000000
time : 3600.000000
