Parameters: GAD=1 vflib=1 dir=0 label=1 lowerbound=1 fileNameGp=../graphsdb/mcs50/m3D/m3Dr2/mcs50_m3Dr2_s50.A39 fileNameGt=../graphsdb/mcs50/m3D/m3Dr2/mcs50_m3Dr2_s50.B39
Reading graphs...
50 :  118
50 :  118
Initializing...
maxdom : 8
D->valSize : 318
Solving...
Blb : 2 (clique : 22)
currentSize : 22 <-- 0.003655 s
currentSize : 23 <-- 0.015302 s
currentSize : 24 <-- 0.016823 s
currentSize : 25 <-- 0.075822 s
currentSize : 27 <-- 3.151414 s
currentSize : 28 <-- 3.158469 s

maxsize : 28
nodes : 860019.000000
filtered : 11676455.000000
time : 4.034547
