Parameters: GAD=1 vflib=1 dir=0 label=1 lowerbound=1 fileNameGp=../graphsdb/mcs50/bvg/b06m/mcs50_b06m_s35.A59 fileNameGt=../graphsdb/mcs50/bvg/b06m/mcs50_b06m_s35.B59
Reading graphs...
35 :  103
35 :  101
Initializing...
maxdom : 8
D->valSize : 184
Solving...
Blb : 2 (clique : 11)
currentSize : 11 <-- 0.001033 s
currentSize : 12 <-- 0.002289 s
currentSize : 13 <-- 0.002707 s
currentSize : 14 <-- 0.008751 s
currentSize : 15 <-- 0.014951 s
currentSize : 16 <-- 0.047343 s
currentSize : 17 <-- 0.049766 s

maxsize : 17
nodes : 30082.000000
filtered : 277643.000000
time : 0.099962
