Parameters: GAD=1 vflib=1 dir=0 label=1 lowerbound=1 fileNameGp=../graphsdb/mcs50/m2D/m2Dr6/mcs50_m2Dr6_s70.A55 fileNameGt=../graphsdb/mcs50/m2D/m2Dr6/mcs50_m2Dr6_s70.B55
Reading graphs...
70 :  163
70 :  160
Initializing...
maxdom : 7
D->valSize : 333
Solving...
Blb : 2 (clique : 22)
currentSize : 22 <-- 0.002911 s
currentSize : 23 <-- 1.714908 s
currentSize : 24 <-- 58.184181 s
currentSize : 25 <-- 142.826981 s
currentSize : 26 <-- 369.380829 s
currentSize : 27 <-- 369.605255 s
currentSize : 28 <-- 369.649689 s
currentSize : 29 <-- 415.343323 s
currentSize : 32 <-- 415.343506 s
currentSize : 33 <-- 415.343506 s
currentSize : 34 <-- 882.275757 s
currentSize : 35 <-- 882.275818 s
currentSize : 36 <-- 1154.343018 s

maxsize : 36
nodes : 268089768.000000
filtered : 2196161345.000000
time : 1282.083618
