Parameters: GAD=1 vflib=1 dir=0 label=1 lowerbound=1 fileNameGp=../graphsdb/mcs50/m2D/m2Dr4/mcs50_m2Dr4_s50.A72 fileNameGt=../graphsdb/mcs50/m2D/m2Dr4/mcs50_m2Dr4_s50.B72
Reading graphs...
50 :  103
50 :  99
Initializing...
maxdom : 8
D->valSize : 338
Solving...
Blb : 2 (clique : 19)
currentSize : 19 <-- 0.004062 s
currentSize : 20 <-- 0.494287 s
currentSize : 21 <-- 1.341571 s
currentSize : 22 <-- 2.219910 s
currentSize : 23 <-- 3.112811 s
currentSize : 24 <-- 4.804008 s
currentSize : 25 <-- 4.804155 s
currentSize : 26 <-- 6.462856 s
currentSize : 27 <-- 20.383673 s

maxsize : 27
nodes : 7850312.000000
filtered : 95407023.000000
time : 35.848839
