Parameters: GAD=1 vflib=1 dir=0 label=1 lowerbound=1 fileNameGp=../graphsdb/mcs50/m2D/m2D/mcs50_m2D_s80.A51 fileNameGt=../graphsdb/mcs50/m2D/m2D/mcs50_m2D_s80.B51
Reading graphs...
80 :  142
80 :  142
Initializing...
maxdom : 9
D->valSize : 445
Solving...
Blb : 2 (clique : 33)
currentSize : 33 <-- 0.004661 s
currentSize : 34 <-- 0.031424 s
currentSize : 35 <-- 6.946344 s
currentSize : 36 <-- 83.879417 s
currentSize : 37 <-- 85.024551 s
currentSize : 38 <-- 85.026093 s

TIMEOUT
maxsize : 38
nodes : 704032767.000000
filtered : 4549040100.000000
time : 3600.000000
