Parameters: GAD=1 vflib=1 dir=0 label=1 lowerbound=1 fileNameGp=../graphsdb/mcs50/m3D/m3Dr2/mcs50_m3Dr2_s50.A17 fileNameGt=../graphsdb/mcs50/m3D/m3Dr2/mcs50_m3Dr2_s50.B17
Reading graphs...
50 :  118
50 :  117
Initializing...
maxdom : 9
D->valSize : 322
Solving...
Blb : 2 (clique : 21)
currentSize : 21 <-- 0.002578 s
currentSize : 22 <-- 0.002689 s
currentSize : 23 <-- 3.515271 s
currentSize : 26 <-- 7.750371 s
currentSize : 28 <-- 7.750544 s

maxsize : 28
nodes : 2845658.000000
filtered : 28776132.000000
time : 11.237173
