Parameters: GAD=1 vflib=1 dir=0 label=1 lowerbound=1 fileNameGp=../graphsdb/mcs50/bvg/b09m/mcs50_b09m_s30.A51 fileNameGt=../graphsdb/mcs50/bvg/b09m/mcs50_b09m_s30.B51
Reading graphs...
30 :  129
30 :  131
Initializing...
maxdom : 8
D->valSize : 137
Solving...
Blb : 2 (clique : 6)
currentSize : 6 <-- 0.000694 s
currentSize : 7 <-- 0.001083 s
currentSize : 8 <-- 0.001611 s
currentSize : 9 <-- 0.002169 s
currentSize : 10 <-- 0.003914 s
currentSize : 11 <-- 0.009779 s
currentSize : 12 <-- 0.010086 s
currentSize : 13 <-- 0.010147 s

maxsize : 13
nodes : 3277.000000
filtered : 35929.000000
time : 0.010790
