Parameters: GAD=1 vflib=1 dir=0 label=1 lowerbound=1 fileNameGp=../graphsdb/mcs50/bvg/b06/mcs50_b06_s100.A85 fileNameGt=../graphsdb/mcs50/bvg/b06/mcs50_b06_s100.B85
Reading graphs...
100 :  300
100 :  300
Initializing...
maxdom : 5
D->valSize : 357
Solving...
Blb : 3 (clique : 33)
currentSize : 33 <-- 0.003681 s
currentSize : 34 <-- 72.440384 s
currentSize : 35 <-- 74.764008 s
currentSize : 36 <-- 203.629379 s
currentSize : 37 <-- 204.297729 s
currentSize : 38 <-- 217.017960 s
currentSize : 39 <-- 348.382751 s
currentSize : 40 <-- 349.682861 s
currentSize : 41 <-- 1193.853027 s
currentSize : 42 <-- 1193.998047 s
currentSize : 43 <-- 1194.017822 s
currentSize : 44 <-- 1214.950439 s
currentSize : 45 <-- 1215.929688 s
currentSize : 46 <-- 1215.993042 s
currentSize : 47 <-- 1643.233398 s

TIMEOUT
maxsize : 47
nodes : 673621131.000000
filtered : 2965105243.000000
time : 3600.000000
