Parameters: GAD=1 vflib=1 dir=0 label=1 lowerbound=1 fileNameGp=../graphsdb/mcs50/bvg/b09/mcs50_b09_s90.A30 fileNameGt=../graphsdb/mcs50/bvg/b09/mcs50_b09_s90.B30
Reading graphs...
90 :  399
90 :  402
Initializing...
maxdom : 15
D->valSize : 558
Solving...
Blb : 2 (clique : 22)
currentSize : 22 <-- 0.006497 s
currentSize : 23 <-- 0.016029 s
currentSize : 24 <-- 0.137968 s
currentSize : 25 <-- 2.338591 s
currentSize : 26 <-- 15.288175 s
currentSize : 28 <-- 43.983826 s
currentSize : 29 <-- 43.984585 s
currentSize : 30 <-- 43.989849 s
currentSize : 31 <-- 44.331665 s
currentSize : 32 <-- 44.336311 s
currentSize : 33 <-- 44.336636 s
currentSize : 34 <-- 76.956688 s
currentSize : 36 <-- 206.879227 s
currentSize : 37 <-- 207.628067 s
currentSize : 38 <-- 406.059113 s
currentSize : 39 <-- 432.304352 s
currentSize : 40 <-- 437.466919 s
currentSize : 41 <-- 620.494812 s
currentSize : 42 <-- 620.679565 s
currentSize : 43 <-- 877.342041 s
currentSize : 44 <-- 1137.356689 s

maxsize : 44
nodes : 242756920.000000
filtered : 1972190314.000000
time : 1260.784912
