Parameters: GAD=1 vflib=1 dir=0 label=1 lowerbound=1 fileNameGp=../graphsdb/mcs50/rand/r01/mcs50_r01_s100.A11 fileNameGt=../graphsdb/mcs50/rand/r01/mcs50_r01_s100.B11
Reading graphs...
100 :  934
100 :  925
Initializing...
maxdom : 8
D->valSize : 350
Solving...
Blb : 2 (clique : 15)
currentSize : 15 <-- 0.003508 s
currentSize : 16 <-- 0.003634 s
currentSize : 17 <-- 0.003999 s
currentSize : 21 <-- 0.004209 s
currentSize : 25 <-- 0.026380 s
currentSize : 27 <-- 0.057193 s
currentSize : 29 <-- 0.070443 s
currentSize : 34 <-- 0.070720 s
currentSize : 35 <-- 0.071688 s
currentSize : 36 <-- 0.295295 s
currentSize : 37 <-- 0.295867 s
currentSize : 43 <-- 0.335664 s
currentSize : 44 <-- 0.335920 s
currentSize : 45 <-- 0.338110 s

maxsize : 45
nodes : 265177.000000
filtered : 2787204.000000
time : 1.797057
