Parameters: GAD=1 vflib=1 dir=0 label=1 lowerbound=1 fileNameGp=../graphsdb/mcs50/bvg/b06/mcs50_b06_s50.A78 fileNameGt=../graphsdb/mcs50/bvg/b06/mcs50_b06_s50.B78
Reading graphs...
50 :  148
50 :  149
Initializing...
maxdom : 11
D->valSize : 313
Solving...
Blb : 2 (clique : 16)
currentSize : 16 <-- 0.002261 s
currentSize : 18 <-- 0.003268 s
currentSize : 21 <-- 0.003639 s
currentSize : 22 <-- 0.011463 s
currentSize : 24 <-- 0.487952 s
currentSize : 25 <-- 0.507693 s
currentSize : 26 <-- 0.508046 s

maxsize : 26
nodes : 163609.000000
filtered : 2442492.000000
time : 0.763161
