Parameters: GAD=1 vflib=1 dir=0 label=1 lowerbound=1 fileNameGp=../graphsdb/mcs50/bvg/b09/mcs50_b09_s100.A03 fileNameGt=../graphsdb/mcs50/bvg/b09/mcs50_b09_s100.B03
Reading graphs...
100 :  449
100 :  448
Initializing...
maxdom : 7
D->valSize : 346
Solving...
Blb : 2 (clique : 27)
currentSize : 27 <-- 0.003764 s
currentSize : 28 <-- 0.003963 s
currentSize : 29 <-- 0.004524 s
currentSize : 30 <-- 0.008710 s
currentSize : 31 <-- 0.008781 s
currentSize : 32 <-- 0.009578 s
currentSize : 37 <-- 0.134106 s
currentSize : 39 <-- 0.134322 s
currentSize : 40 <-- 0.134700 s
currentSize : 41 <-- 0.140275 s
currentSize : 42 <-- 0.140518 s
currentSize : 43 <-- 0.141212 s
currentSize : 44 <-- 0.141471 s
currentSize : 46 <-- 13.131627 s
currentSize : 48 <-- 13.132415 s
currentSize : 50 <-- 13.138240 s

maxsize : 50
nodes : 6799104.000000
filtered : 41183974.000000
time : 38.497650
