Parameters: GAD=1 vflib=1 dir=0 label=1 lowerbound=1 fileNameGp=../graphsdb/mcs50/bvg/b03m/mcs50_b03m_s25.A63 fileNameGt=../graphsdb/mcs50/bvg/b03m/mcs50_b03m_s25.B63
Reading graphs...
25 :  37
25 :  36
Initializing...
maxdom : 8
D->valSize : 174
Solving...
Blb : 2 (clique : 10)
currentSize : 10 <-- 0.000958 s
currentSize : 11 <-- 0.001053 s
currentSize : 12 <-- 0.001806 s
currentSize : 13 <-- 0.012376 s
currentSize : 14 <-- 0.017103 s

maxsize : 14
nodes : 39273.000000
filtered : 465483.000000
time : 0.109817
