Parameters: GAD=1 vflib=1 dir=0 label=1 lowerbound=1 fileNameGp=../graphsdb/mcs50/bvg/b03/mcs50_b03_s25.A94 fileNameGt=../graphsdb/mcs50/bvg/b03/mcs50_b03_s25.B94
Reading graphs...
25 :  37
25 :  37
Initializing...
maxdom : 9
D->valSize : 170
Solving...
Blb : 2 (clique : 11)
currentSize : 11 <-- 0.000928 s
currentSize : 12 <-- 0.001598 s
currentSize : 13 <-- 0.017787 s
currentSize : 14 <-- 0.037164 s
currentSize : 15 <-- 0.182868 s

maxsize : 15
nodes : 69902.000000
filtered : 690906.000000
time : 0.189780
