Parameters: GAD=1 vflib=1 dir=0 label=1 lowerbound=1 fileNameGp=../graphsdb/mcs50/m2D/m2D/mcs50_m2D_s50.A20 fileNameGt=../graphsdb/mcs50/m2D/m2D/mcs50_m2D_s50.B20
Reading graphs...
50 :  85
50 :  85
Initializing...
maxdom : 9
D->valSize : 344
Solving...
Blb : 2 (clique : 23)
currentSize : 23 <-- 0.002593 s
currentSize : 24 <-- 0.002741 s
currentSize : 25 <-- 0.002845 s
currentSize : 26 <-- 0.010105 s
currentSize : 27 <-- 0.015801 s
currentSize : 28 <-- 17.845448 s
currentSize : 29 <-- 18.921314 s

maxsize : 29
nodes : 4740953.000000
filtered : 61051020.000000
time : 23.001213
