Parameters: GAD=1 vflib=1 dir=0 label=1 lowerbound=1 fileNameGp=../graphsdb/mcs50/m3D/m3Dr6/mcs50_m3Dr6_s50.A02 fileNameGt=../graphsdb/mcs50/m3D/m3Dr6/mcs50_m3Dr6_s50.B02
Reading graphs...
50 :  135
50 :  135
Initializing...
maxdom : 8
D->valSize : 324
Solving...
Blb : 3 (clique : 19)
currentSize : 19 <-- 0.002349 s
currentSize : 20 <-- 8.883218 s
currentSize : 21 <-- 8.883360 s
currentSize : 22 <-- 8.883521 s
currentSize : 24 <-- 14.831495 s
currentSize : 25 <-- 15.390218 s
currentSize : 26 <-- 20.176876 s

maxsize : 26
nodes : 5116336.000000
filtered : 57865122.000000
time : 21.676662
