Parameters: GAD=1 vflib=1 dir=0 label=1 lowerbound=1 fileNameGp=../graphsdb/mcs50/bvg/b09/mcs50_b09_s90.A86 fileNameGt=../graphsdb/mcs50/bvg/b09/mcs50_b09_s90.B86
Reading graphs...
90 :  404
90 :  402
Initializing...
maxdom : 12
D->valSize : 535
Solving...
Blb : 2 (clique : 18)
currentSize : 18 <-- 0.009710 s
currentSize : 20 <-- 0.009961 s
currentSize : 22 <-- 0.010067 s
currentSize : 24 <-- 0.010478 s
currentSize : 25 <-- 0.026352 s
currentSize : 26 <-- 0.273992 s
currentSize : 27 <-- 0.274097 s
currentSize : 28 <-- 0.274174 s
currentSize : 29 <-- 0.274750 s
currentSize : 30 <-- 0.278255 s
currentSize : 31 <-- 0.499710 s
currentSize : 32 <-- 0.510340 s
currentSize : 33 <-- 0.530746 s
currentSize : 38 <-- 721.620483 s
currentSize : 39 <-- 721.620605 s
currentSize : 40 <-- 721.622925 s
currentSize : 42 <-- 874.847412 s
currentSize : 43 <-- 874.847778 s
currentSize : 44 <-- 874.854492 s

maxsize : 44
nodes : 314574748.000000
filtered : 2574059015.000000
time : 1765.807495
