Parameters: GAD=1 vflib=1 dir=0 label=1 lowerbound=1 fileNameGp=../graphsdb/mcs50/rand/r01/mcs50_r01_s100.A42 fileNameGt=../graphsdb/mcs50/rand/r01/mcs50_r01_s100.B42
Reading graphs...
100 :  924
100 :  932
Initializing...
maxdom : 7
D->valSize : 381
Solving...
Blb : 2 (clique : 26)
currentSize : 26 <-- 0.003872 s
currentSize : 30 <-- 0.004110 s
currentSize : 31 <-- 0.004941 s
currentSize : 32 <-- 0.006995 s
currentSize : 35 <-- 0.008932 s
currentSize : 36 <-- 0.009062 s
currentSize : 37 <-- 0.208616 s
currentSize : 43 <-- 0.351908 s

maxsize : 43
nodes : 540671.000000
filtered : 4013451.000000
time : 3.453654
