Parameters: GAD=1 vflib=1 dir=0 label=1 lowerbound=1 fileNameGp=../graphsdb/mcs50/m2D/m2Dr2/mcs50_m2Dr2_s80.A60 fileNameGt=../graphsdb/mcs50/m2D/m2Dr2/mcs50_m2Dr2_s80.B60
Reading graphs...
80 :  156
80 :  156
Initializing...
maxdom : 9
D->valSize : 423
Solving...
Blb : 5 (clique : 28)
currentSize : 28 <-- 0.004492 s
currentSize : 29 <-- 0.078204 s
currentSize : 30 <-- 3.954230 s
currentSize : 31 <-- 35.448231 s
currentSize : 32 <-- 82.864059 s
currentSize : 33 <-- 84.646400 s
currentSize : 34 <-- 142.995377 s
currentSize : 35 <-- 1374.998779 s

TIMEOUT
maxsize : 35
nodes : 747474461.000000
filtered : 5430626516.000000
time : 3600.000000
