Parameters: GAD=1 vflib=1 dir=0 label=1 lowerbound=1 fileNameGp=../graphsdb/mcs50/m2D/m2Dr2/mcs50_m2Dr2_s100.A64 fileNameGt=../graphsdb/mcs50/m2D/m2Dr2/mcs50_m2Dr2_s100.B64
Reading graphs...
100 :  200
100 :  197
Initializing...
maxdom : 7
D->valSize : 341
Solving...
Blb : 2 (clique : 35)
currentSize : 35 <-- 0.005816 s
currentSize : 36 <-- 0.019887 s
currentSize : 37 <-- 0.020188 s
currentSize : 38 <-- 0.050274 s
currentSize : 39 <-- 0.232778 s
currentSize : 40 <-- 0.584113 s
currentSize : 41 <-- 84.003433 s
currentSize : 42 <-- 85.852150 s
currentSize : 43 <-- 495.398010 s
currentSize : 44 <-- 495.815796 s
currentSize : 45 <-- 710.793396 s
currentSize : 46 <-- 1502.950439 s
currentSize : 47 <-- 1502.958008 s
currentSize : 48 <-- 1504.110474 s

TIMEOUT
maxsize : 48
nodes : 709860755.000000
filtered : 2519343637.000000
time : 3600.000000
