Parameters: GAD=1 vflib=1 dir=0 label=1 lowerbound=1 fileNameGp=../graphsdb/mcs50/m2D/m2D/mcs50_m2D_s70.A39 fileNameGt=../graphsdb/mcs50/m2D/m2D/mcs50_m2D_s70.B39
Reading graphs...
70 :  123
70 :  123
Initializing...
maxdom : 9
D->valSize : 363
Solving...
Blb : 2 (clique : 26)
currentSize : 26 <-- 0.005358 s
currentSize : 30 <-- 0.005693 s
currentSize : 31 <-- 0.006167 s
currentSize : 32 <-- 0.011527 s
currentSize : 33 <-- 28.497072 s
currentSize : 34 <-- 380.654449 s
currentSize : 35 <-- 514.841675 s
currentSize : 36 <-- 863.534180 s
currentSize : 37 <-- 2615.881104 s
currentSize : 38 <-- 3068.334961 s

TIMEOUT
maxsize : 38
nodes : 753209075.000000
filtered : 5597348595.000000
time : 3600.000000
