Parameters: GAD=1 vflib=1 dir=0 label=1 lowerbound=1 fileNameGp=../graphsdb/mcs50/bvg/b09/mcs50_b09_s40.A26 fileNameGt=../graphsdb/mcs50/bvg/b09/mcs50_b09_s40.B26
Reading graphs...
40 :  176
40 :  176
Initializing...
maxdom : 9
D->valSize : 236
Solving...
Blb : 3 (clique : 11)
currentSize : 11 <-- 0.001589 s
currentSize : 12 <-- 0.010871 s
currentSize : 13 <-- 0.010965 s
currentSize : 15 <-- 0.029237 s
currentSize : 17 <-- 0.029309 s
currentSize : 18 <-- 0.031834 s
currentSize : 19 <-- 0.037132 s
currentSize : 20 <-- 0.059039 s

maxsize : 20
nodes : 21502.000000
filtered : 185902.000000
time : 0.074870
