Parameters: GAD=1 vflib=1 dir=0 label=1 lowerbound=1 fileNameGp=../graphsdb/mcs50/bvg/b09m/mcs50_b09m_s80.A01 fileNameGt=../graphsdb/mcs50/bvg/b09m/mcs50_b09m_s80.B01
Reading graphs...
80 :  347
80 :  349
Initializing...
maxdom : 9
D->valSize : 432
Solving...
Blb : 2 (clique : 20)
currentSize : 20 <-- 0.004085 s
currentSize : 22 <-- 0.004247 s
currentSize : 23 <-- 0.004313 s
currentSize : 24 <-- 0.004398 s
currentSize : 26 <-- 0.004481 s
currentSize : 28 <-- 0.004678 s
currentSize : 29 <-- 0.004867 s
currentSize : 31 <-- 0.576446 s
currentSize : 32 <-- 0.576537 s
currentSize : 33 <-- 0.576780 s
currentSize : 34 <-- 0.576872 s
currentSize : 35 <-- 0.577136 s
currentSize : 36 <-- 201.045120 s
currentSize : 37 <-- 201.115402 s

maxsize : 37
nodes : 245985658.000000
filtered : 1126547416.000000
time : 1098.785278
