Parameters: GAD=1 vflib=1 dir=0 label=1 lowerbound=1 fileNameGp=../graphsdb/mcs50/m4D/m4Dr4/mcs50_m4Dr4_s40.A87 fileNameGt=../graphsdb/mcs50/m4D/m4Dr4/mcs50_m4Dr4_s40.B87
Reading graphs...
40 :  85
40 :  84
Initializing...
maxdom : 7
D->valSize : 208
Solving...
Blb : 2 (clique : 15)
currentSize : 15 <-- 0.001270 s
currentSize : 16 <-- 0.003125 s
currentSize : 17 <-- 0.008128 s
currentSize : 18 <-- 0.030198 s
currentSize : 19 <-- 1.082228 s
currentSize : 20 <-- 2.797472 s

maxsize : 20
nodes : 1256557.000000
filtered : 9510086.000000
time : 4.083788
