Parameters: GAD=1 vflib=1 dir=0 label=1 lowerbound=1 fileNameGp=../graphsdb/mcs50/rand/r01/mcs50_r01_s80.A07 fileNameGt=../graphsdb/mcs50/rand/r01/mcs50_r01_s80.B07
Reading graphs...
80 :  603
80 :  599
Initializing...
maxdom : 11
D->valSize : 469
Solving...
Blb : 2 (clique : 17)
currentSize : 17 <-- 0.007298 s
currentSize : 18 <-- 0.010774 s
currentSize : 19 <-- 0.017549 s
currentSize : 20 <-- 0.018138 s
currentSize : 21 <-- 0.021888 s
currentSize : 22 <-- 0.021954 s
currentSize : 23 <-- 0.022026 s
currentSize : 25 <-- 0.024261 s
currentSize : 26 <-- 0.266302 s
currentSize : 27 <-- 0.952044 s
currentSize : 29 <-- 1.296178 s
currentSize : 31 <-- 1.310132 s
currentSize : 37 <-- 1.310252 s

maxsize : 37
nodes : 427587.000000
filtered : 5130200.000000
time : 2.449653
