Parameters: GAD=1 vflib=1 dir=0 label=1 lowerbound=1 fileNameGp=../graphsdb/mcs50/m2D/m2Dr2/mcs50_m2Dr2_s40.A91 fileNameGt=../graphsdb/mcs50/m2D/m2Dr2/mcs50_m2Dr2_s40.B91
Reading graphs...
40 :  74
40 :  73
Initializing...
maxdom : 8
D->valSize : 206
Solving...
Blb : 2 (clique : 14)
currentSize : 14 <-- 0.001308 s
currentSize : 15 <-- 0.012589 s
currentSize : 16 <-- 0.035174 s
currentSize : 17 <-- 1.033935 s
currentSize : 18 <-- 9.143148 s

maxsize : 18
nodes : 3499541.000000
filtered : 31845689.000000
time : 11.503460
