Parameters: GAD=1 vflib=1 dir=0 label=1 lowerbound=1 fileNameGp=../graphsdb/mcs50/rand/r005/mcs50_r005_s70.A78 fileNameGt=../graphsdb/mcs50/rand/r005/mcs50_r005_s70.B78
Reading graphs...
70 :  238
70 :  235
Initializing...
maxdom : 8
D->valSize : 327
Solving...
Blb : 2 (clique : 24)
currentSize : 24 <-- 0.004357 s
currentSize : 25 <-- 0.004641 s
currentSize : 26 <-- 0.006113 s
currentSize : 30 <-- 5.154329 s
currentSize : 31 <-- 5.154576 s
currentSize : 32 <-- 5.369566 s
currentSize : 33 <-- 5.383858 s
currentSize : 34 <-- 10.703956 s
currentSize : 35 <-- 10.726838 s

maxsize : 35
nodes : 2780533.000000
filtered : 20865665.000000
time : 13.471242
