Parameters: GAD=1 vflib=1 dir=0 label=1 lowerbound=1 fileNameGp=../graphsdb/mcs50/m2D/m2Dr2/mcs50_m2Dr2_s40.A75 fileNameGt=../graphsdb/mcs50/m2D/m2Dr2/mcs50_m2Dr2_s40.B75
Reading graphs...
40 :  75
40 :  73
Initializing...
maxdom : 8
D->valSize : 225
Solving...
Blb : 2 (clique : 15)
currentSize : 15 <-- 0.001474 s
currentSize : 16 <-- 0.007561 s
currentSize : 17 <-- 0.319697 s
currentSize : 18 <-- 6.923813 s
currentSize : 19 <-- 6.923885 s
currentSize : 20 <-- 7.000022 s

maxsize : 20
nodes : 3403106.000000
filtered : 31236453.000000
time : 9.956701
