Parameters: GAD=1 vflib=1 dir=0 label=1 lowerbound=1 fileNameGp=../graphsdb/mcs50/bvg/b03/mcs50_b03_s80.A85 fileNameGt=../graphsdb/mcs50/bvg/b03/mcs50_b03_s80.B85
Reading graphs...
80 :  120
80 :  120
Initializing...
maxdom : 9
D->valSize : 446
Solving...
Blb : 2 (clique : 36)
currentSize : 36 <-- 0.007733 s
currentSize : 37 <-- 0.008159 s
currentSize : 38 <-- 0.008297 s
currentSize : 40 <-- 0.008494 s
currentSize : 41 <-- 0.008638 s
currentSize : 42 <-- 0.009795 s
currentSize : 43 <-- 0.011329 s
currentSize : 44 <-- 195.271347 s
currentSize : 45 <-- 958.158020 s
currentSize : 46 <-- 965.986755 s

TIMEOUT
maxsize : 46
nodes : 587032396.000000
filtered : 5745022596.000000
time : 3600.000000
