Parameters: GAD=1 vflib=1 dir=0 label=1 lowerbound=1 fileNameGp=../graphsdb/mcs50/m2D/m2Dr4/mcs50_m2Dr4_s70.A64 fileNameGt=../graphsdb/mcs50/m2D/m2Dr4/mcs50_m2Dr4_s70.B64
Reading graphs...
70 :  150
70 :  148
Initializing...
maxdom : 8
D->valSize : 349
Solving...
Blb : 2 (clique : 25)
currentSize : 25 <-- 0.004985 s
currentSize : 26 <-- 0.005612 s
currentSize : 27 <-- 0.005919 s
currentSize : 28 <-- 0.006233 s
currentSize : 30 <-- 0.006332 s
currentSize : 31 <-- 0.007488 s
currentSize : 32 <-- 0.009618 s
currentSize : 33 <-- 27.872875 s
currentSize : 34 <-- 27.876057 s
currentSize : 35 <-- 54.175549 s
currentSize : 37 <-- 125.790085 s
currentSize : 38 <-- 125.790535 s

maxsize : 38
nodes : 85127070.000000
filtered : 530935333.000000
time : 399.790100
