Parameters: GAD=1 vflib=1 dir=0 label=1 lowerbound=1 fileNameGp=../graphsdb/mcs50/rand/r005/mcs50_r005_s60.A73 fileNameGt=../graphsdb/mcs50/rand/r005/mcs50_r005_s60.B73
Reading graphs...
60 :  172
60 :  172
Initializing...
maxdom : 6
D->valSize : 249
Solving...
Blb : 2 (clique : 19)
currentSize : 19 <-- 0.001809 s
currentSize : 20 <-- 0.002651 s
currentSize : 21 <-- 0.090419 s
currentSize : 23 <-- 0.236424 s
currentSize : 24 <-- 0.237620 s
currentSize : 25 <-- 0.260037 s
currentSize : 26 <-- 0.767087 s
currentSize : 27 <-- 2.848804 s
currentSize : 30 <-- 2.947736 s

maxsize : 30
nodes : 774110.000000
filtered : 6678235.000000
time : 3.879615
