Parameters: GAD=1 vflib=1 dir=0 label=1 lowerbound=1 fileNameGp=../graphsdb/mcs50/m4D/m4D/mcs50_m4D_s40.A05 fileNameGt=../graphsdb/mcs50/m4D/m4D/mcs50_m4D_s40.B05
Reading graphs...
40 :  71
40 :  71
Initializing...
maxdom : 9
D->valSize : 219
Solving...
Blb : 2 (clique : 15)
currentSize : 15 <-- 0.001358 s
currentSize : 16 <-- 0.001428 s
currentSize : 17 <-- 0.003387 s
currentSize : 18 <-- 0.028771 s
currentSize : 19 <-- 0.031264 s
currentSize : 20 <-- 0.223885 s

maxsize : 20
nodes : 814104.000000
filtered : 7650765.000000
time : 2.772232
