Parameters: GAD=1 vflib=1 dir=0 label=1 lowerbound=1 fileNameGp=../graphsdb/mcs50/m2D/m2Dr6/mcs50_m2Dr6_s50.A22 fileNameGt=../graphsdb/mcs50/m2D/m2Dr6/mcs50_m2Dr6_s50.B22
Reading graphs...
50 :  114
50 :  112
Initializing...
maxdom : 10
D->valSize : 330
Solving...
Blb : 2 (clique : 16)
currentSize : 16 <-- 0.003903 s
currentSize : 17 <-- 0.004165 s
currentSize : 18 <-- 0.040810 s
currentSize : 19 <-- 0.100434 s
currentSize : 20 <-- 0.665221 s
currentSize : 21 <-- 3.249591 s
currentSize : 22 <-- 49.748592 s
currentSize : 23 <-- 61.918819 s
currentSize : 24 <-- 61.918941 s
currentSize : 25 <-- 61.932919 s
currentSize : 26 <-- 61.947121 s

maxsize : 26
nodes : 18602542.000000
filtered : 219074111.000000
time : 75.772308
