Parameters: GAD=1 vflib=1 dir=0 label=1 lowerbound=1 fileNameGp=../graphsdb/mcs50/m2D/m2Dr4/mcs50_m2Dr4_s50.A41 fileNameGt=../graphsdb/mcs50/m2D/m2Dr4/mcs50_m2Dr4_s50.B41
Reading graphs...
50 :  101
50 :  102
Initializing...
maxdom : 10
D->valSize : 325
Solving...
Blb : 2 (clique : 17)
currentSize : 17 <-- 0.002410 s
currentSize : 22 <-- 0.002522 s
currentSize : 24 <-- 0.002573 s
currentSize : 25 <-- 0.014769 s
currentSize : 26 <-- 0.916624 s
currentSize : 27 <-- 1.028349 s

maxsize : 27
nodes : 1851601.000000
filtered : 21216757.000000
time : 8.144334
