Parameters: GAD=1 vflib=1 dir=0 label=1 lowerbound=1 fileNameGp=../graphsdb/mcs50/m2D/m2Dr6/mcs50_m2Dr6_s30.A27 fileNameGt=../graphsdb/mcs50/m2D/m2Dr6/mcs50_m2Dr6_s30.B27
Reading graphs...
30 :  66
30 :  66
Initializing...
maxdom : 8
D->valSize : 137
Solving...
Blb : 2 (clique : 9)
currentSize : 9 <-- 0.000758 s
currentSize : 10 <-- 0.000807 s
currentSize : 11 <-- 0.000824 s
currentSize : 12 <-- 0.000963 s
currentSize : 13 <-- 0.009437 s
currentSize : 14 <-- 0.010775 s
currentSize : 15 <-- 0.010817 s
currentSize : 16 <-- 0.013232 s
currentSize : 17 <-- 0.015267 s

maxsize : 17
nodes : 7239.000000
filtered : 35587.000000
time : 0.019199
