Parameters: GAD=1 vflib=1 dir=0 label=1 lowerbound=1 fileNameGp=../graphsdb/mcs50/m2D/m2Dr6/mcs50_m2Dr6_s70.A63 fileNameGt=../graphsdb/mcs50/m2D/m2Dr6/mcs50_m2Dr6_s70.B63
Reading graphs...
70 :  163
70 :  164
Initializing...
maxdom : 8
D->valSize : 338
Solving...
Blb : 2 (clique : 34)
currentSize : 34 <-- 0.003340 s
currentSize : 35 <-- 0.003548 s
currentSize : 36 <-- 0.003818 s
currentSize : 37 <-- 0.016193 s
currentSize : 38 <-- 159.867630 s

maxsize : 38
nodes : 64409824.000000
filtered : 395114753.000000
time : 302.602081
