Parameters: GAD=1 vflib=1 dir=0 label=1 lowerbound=1 fileNameGp=../graphsdb/mcs50/rand/r01/mcs50_r01_s100.A56 fileNameGt=../graphsdb/mcs50/rand/r01/mcs50_r01_s100.B56
Reading graphs...
100 :  945
100 :  939
Initializing...
maxdom : 7
D->valSize : 368
Solving...
Blb : 2 (clique : 19)
currentSize : 19 <-- 0.003571 s
currentSize : 20 <-- 0.004196 s
currentSize : 21 <-- 0.004404 s
currentSize : 24 <-- 0.004720 s
currentSize : 26 <-- 0.005025 s
currentSize : 32 <-- 0.013042 s
currentSize : 34 <-- 0.013860 s
currentSize : 35 <-- 0.089280 s
currentSize : 37 <-- 0.091541 s
currentSize : 46 <-- 0.092610 s

maxsize : 46
nodes : 194776.000000
filtered : 1979037.000000
time : 1.340893
