Parameters: GAD=1 vflib=1 dir=0 label=1 lowerbound=1 fileNameGp=../graphsdb/mcs50/m2D/m2Dr2/mcs50_m2Dr2_s90.A04 fileNameGt=../graphsdb/mcs50/m2D/m2Dr2/mcs50_m2Dr2_s90.B04
Reading graphs...
90 :  177
90 :  176
Initializing...
maxdom : 9
D->valSize : 549
Solving...
Blb : 2 (clique : 44)
currentSize : 44 <-- 0.010947 s
currentSize : 45 <-- 0.011482 s
currentSize : 46 <-- 0.012718 s
currentSize : 47 <-- 0.024967 s
currentSize : 48 <-- 0.025295 s
currentSize : 49 <-- 0.025804 s
currentSize : 50 <-- 0.034861 s
currentSize : 51 <-- 0.035191 s

TIMEOUT
maxsize : 51
nodes : 538864775.000000
filtered : 5410405761.000000
time : 3600.000000
