Parameters: GAD=1 vflib=1 dir=0 label=1 lowerbound=1 fileNameGp=../graphsdb/mcs50/m3D/m3D/mcs50_m3D_s60.A66 fileNameGt=../graphsdb/mcs50/m3D/m3D/mcs50_m3D_s60.B66
Reading graphs...
60 :  134
60 :  133
Initializing...
maxdom : 6
D->valSize : 242
Solving...
Blb : 2 (clique : 23)
currentSize : 23 <-- 0.001942 s
currentSize : 25 <-- 0.045487 s
currentSize : 26 <-- 2.624110 s
currentSize : 27 <-- 2.624245 s
currentSize : 28 <-- 2.628856 s
currentSize : 29 <-- 5.495350 s
currentSize : 30 <-- 11.817587 s

maxsize : 30
nodes : 5841444.000000
filtered : 35313520.000000
time : 24.729271
