Parameters: GAD=1 vflib=1 dir=0 label=1 lowerbound=1 fileNameGp=../graphsdb/mcs50/rand/r02/mcs50_r02_s80.A21 fileNameGt=../graphsdb/mcs50/rand/r02/mcs50_r02_s80.B21
Reading graphs...
80 :  1122
80 :  1123
Initializing...
maxdom : 10
D->valSize : 443
Solving...
Blb : 2 (clique : 9)
currentSize : 9 <-- 0.004051 s
currentSize : 10 <-- 0.005999 s
currentSize : 11 <-- 0.008588 s
currentSize : 12 <-- 0.009645 s
currentSize : 14 <-- 0.009748 s
currentSize : 16 <-- 0.027162 s
currentSize : 17 <-- 0.032638 s
currentSize : 18 <-- 0.072998 s
currentSize : 23 <-- 0.096816 s
currentSize : 30 <-- 0.096966 s
currentSize : 33 <-- 0.139352 s
currentSize : 34 <-- 0.139528 s

maxsize : 34
nodes : 40370.000000
filtered : 539899.000000
time : 0.220854
