Parameters: GAD=1 vflib=1 dir=0 label=1 lowerbound=1 fileNameGp=../graphsdb/mcs50/bvg/b06m/mcs50_b06m_s90.A27 fileNameGt=../graphsdb/mcs50/bvg/b06m/mcs50_b06m_s90.B27
Reading graphs...
90 :  269
90 :  269
Initializing...
maxdom : 9
D->valSize : 514
Solving...
Blb : 3 (clique : 31)
currentSize : 31 <-- 0.005661 s
currentSize : 35 <-- 0.005903 s
currentSize : 36 <-- 0.006071 s
currentSize : 37 <-- 0.006131 s
currentSize : 38 <-- 0.006425 s
currentSize : 40 <-- 0.006789 s
currentSize : 41 <-- 0.008727 s
currentSize : 42 <-- 0.039117 s

TIMEOUT
maxsize : 42
nodes : 624268486.000000
filtered : 5397311957.000000
time : 3600.000000
