Parameters: GAD=1 vflib=1 dir=0 label=1 lowerbound=1 fileNameGp=../graphsdb/mcs50/m3D/m3Dr4/mcs50_m3Dr4_s50.A81 fileNameGt=../graphsdb/mcs50/m3D/m3Dr4/mcs50_m3Dr4_s50.B81
Reading graphs...
50 :  124
50 :  122
Initializing...
maxdom : 10
D->valSize : 356
Solving...
Blb : 3 (clique : 18)
currentSize : 18 <-- 0.004263 s
currentSize : 19 <-- 0.027056 s
currentSize : 21 <-- 0.100494 s
currentSize : 22 <-- 0.107997 s
currentSize : 23 <-- 0.174911 s
currentSize : 24 <-- 0.185347 s
currentSize : 25 <-- 0.468899 s
currentSize : 26 <-- 2.028089 s

maxsize : 26
nodes : 2265203.000000
filtered : 37526021.000000
time : 11.757024
