Parameters: GAD=1 vflib=1 dir=0 label=1 lowerbound=1 fileNameGp=../graphsdb/mcs50/bvg/b06m/mcs50_b06m_s35.A43 fileNameGt=../graphsdb/mcs50/bvg/b06m/mcs50_b06m_s35.B43
Reading graphs...
35 :  102
35 :  102
Initializing...
maxdom : 9
D->valSize : 168
Solving...
Blb : 3 (clique : 10)
currentSize : 10 <-- 0.000898 s
currentSize : 12 <-- 0.000967 s
currentSize : 13 <-- 0.001300 s
currentSize : 14 <-- 0.001329 s
currentSize : 15 <-- 0.003015 s
currentSize : 16 <-- 0.025121 s

maxsize : 16
nodes : 12521.000000
filtered : 100384.000000
time : 0.038764
