Parameters: GAD=1 vflib=1 dir=0 label=1 lowerbound=1 fileNameGp=../graphsdb/mcs50/m2D/m2D/mcs50_m2D_s90.A69 fileNameGt=../graphsdb/mcs50/m2D/m2D/mcs50_m2D_s90.B69
Reading graphs...
90 :  161
90 :  161
Initializing...
maxdom : 11
D->valSize : 536
Solving...
Blb : 2 (clique : 36)
currentSize : 36 <-- 0.010682 s
currentSize : 37 <-- 0.011184 s
currentSize : 38 <-- 0.012887 s
currentSize : 39 <-- 0.013226 s
currentSize : 40 <-- 13.997632 s
currentSize : 41 <-- 50.801033 s
currentSize : 42 <-- 484.656738 s
currentSize : 43 <-- 912.320251 s

TIMEOUT
maxsize : 43
nodes : 569814171.000000
filtered : 6019798022.000000
time : 3600.000000
