Parameters: GAD=1 vflib=1 dir=0 label=1 lowerbound=1 fileNameGp=../graphsdb/mcs50/bvg/b06m/mcs50_b06m_s70.A84 fileNameGt=../graphsdb/mcs50/bvg/b06m/mcs50_b06m_s70.B84
Reading graphs...
70 :  208
70 :  210
Initializing...
maxdom : 8
D->valSize : 359
Solving...
Blb : 2 (clique : 23)
currentSize : 23 <-- 0.003183 s
currentSize : 24 <-- 4.288016 s
currentSize : 25 <-- 9.717763 s
currentSize : 26 <-- 58.074314 s
currentSize : 27 <-- 73.733429 s
currentSize : 28 <-- 73.733482 s
currentSize : 30 <-- 106.140106 s
currentSize : 31 <-- 106.140160 s
currentSize : 32 <-- 176.087524 s
currentSize : 33 <-- 176.112122 s
currentSize : 34 <-- 176.318451 s
currentSize : 36 <-- 176.318497 s

maxsize : 36
nodes : 52541494.000000
filtered : 444182789.000000
time : 253.848831
