Parameters: GAD=1 vflib=1 dir=0 label=1 lowerbound=1 fileNameGp=../graphsdb/mcs50/m3D/m3D/mcs50_m3D_s60.A31 fileNameGt=../graphsdb/mcs50/m3D/m3D/mcs50_m3D_s60.B31
Reading graphs...
60 :  134
60 :  133
Initializing...
maxdom : 7
D->valSize : 235
Solving...
Blb : 2 (clique : 26)
currentSize : 26 <-- 0.002740 s
currentSize : 27 <-- 0.002966 s
currentSize : 28 <-- 0.004614 s
currentSize : 29 <-- 0.004707 s
currentSize : 31 <-- 0.007537 s

maxsize : 31
nodes : 1526927.000000
filtered : 9772508.000000
time : 6.653177
