Parameters: GAD=1 vflib=1 dir=0 label=1 lowerbound=1 fileNameGp=../graphsdb/mcs50/bvg/b06/mcs50_b06_s35.A99 fileNameGt=../graphsdb/mcs50/bvg/b06/mcs50_b06_s35.B99
Reading graphs...
35 :  104
35 :  105
Initializing...
maxdom : 8
D->valSize : 167
Solving...
Blb : 2 (clique : 8)
currentSize : 8 <-- 0.000953 s
currentSize : 9 <-- 0.001022 s
currentSize : 10 <-- 0.001625 s
currentSize : 11 <-- 0.009442 s
currentSize : 13 <-- 0.014480 s
currentSize : 14 <-- 0.016483 s
currentSize : 15 <-- 0.016533 s
currentSize : 16 <-- 0.018125 s
currentSize : 18 <-- 0.018152 s

maxsize : 18
nodes : 8901.000000
filtered : 70955.000000
time : 0.029308
