Parameters: GAD=1 vflib=1 dir=0 label=1 lowerbound=1 fileNameGp=../graphsdb/mcs50/rand/r005/mcs50_r005_s100.A66 fileNameGt=../graphsdb/mcs50/rand/r005/mcs50_r005_s100.B66
Reading graphs...
100 :  483
100 :  482
Initializing...
maxdom : 8
D->valSize : 359
Solving...
Blb : 2 (clique : 21)
currentSize : 21 <-- 0.003560 s
currentSize : 22 <-- 0.003994 s
currentSize : 23 <-- 0.004750 s
currentSize : 24 <-- 0.004971 s
currentSize : 25 <-- 0.173437 s
currentSize : 26 <-- 0.384989 s
currentSize : 27 <-- 0.484145 s
currentSize : 28 <-- 0.643379 s
currentSize : 31 <-- 0.926445 s
currentSize : 33 <-- 0.926535 s
currentSize : 34 <-- 0.934228 s
currentSize : 35 <-- 0.935285 s
currentSize : 37 <-- 1.840318 s
currentSize : 38 <-- 1.842335 s
currentSize : 40 <-- 3.626080 s
currentSize : 41 <-- 3.626398 s
currentSize : 47 <-- 25.815054 s
currentSize : 49 <-- 25.815702 s

maxsize : 49
nodes : 8759971.000000
filtered : 59379991.000000
time : 54.759632
