Parameters: GAD=1 vflib=1 dir=0 label=1 lowerbound=1 fileNameGp=../graphsdb/mcs50/m2D/m2Dr2/mcs50_m2Dr2_s80.A49 fileNameGt=../graphsdb/mcs50/m2D/m2Dr2/mcs50_m2Dr2_s80.B49
Reading graphs...
80 :  157
80 :  155
Initializing...
maxdom : 12
D->valSize : 507
Solving...
Blb : 2 (clique : 28)
currentSize : 28 <-- 0.005455 s
currentSize : 35 <-- 0.005702 s
currentSize : 36 <-- 0.192512 s
currentSize : 37 <-- 0.429855 s
currentSize : 39 <-- 2.234982 s
currentSize : 40 <-- 795.230835 s

TIMEOUT
maxsize : 40
nodes : 610783623.000000
filtered : 8175189576.000000
time : 3600.000000
