Parameters: GAD=1 vflib=1 dir=0 label=1 lowerbound=1 fileNameGp=../graphsdb/mcs50/m3D/m3Dr6/mcs50_m3Dr6_s60.A63 fileNameGt=../graphsdb/mcs50/m3D/m3Dr6/mcs50_m3Dr6_s60.B63
Reading graphs...
60 :  165
60 :  165
Initializing...
maxdom : 8
D->valSize : 271
Solving...
Blb : 2 (clique : 18)
currentSize : 18 <-- 0.003096 s
currentSize : 19 <-- 0.074165 s
currentSize : 20 <-- 0.078260 s
currentSize : 21 <-- 0.094192 s
currentSize : 22 <-- 0.139206 s
currentSize : 23 <-- 0.343480 s
currentSize : 24 <-- 0.426257 s
currentSize : 25 <-- 0.796137 s
currentSize : 26 <-- 2.150311 s
currentSize : 27 <-- 3.356345 s
currentSize : 28 <-- 4.191394 s

maxsize : 28
nodes : 2866905.000000
filtered : 16286868.000000
time : 11.233056
