Parameters: GAD=1 vflib=1 dir=0 label=1 lowerbound=1 fileNameGp=../graphsdb/mcs50/m2D/m2Dr6/mcs50_m2Dr6_s70.A88 fileNameGt=../graphsdb/mcs50/m2D/m2Dr6/mcs50_m2Dr6_s70.B88
Reading graphs...
70 :  164
70 :  164
Initializing...
maxdom : 8
D->valSize : 326
Solving...
Blb : 3 (clique : 26)
currentSize : 26 <-- 0.003058 s
currentSize : 27 <-- 0.769262 s
currentSize : 28 <-- 1.275940 s
currentSize : 29 <-- 1.530508 s
currentSize : 30 <-- 1.603557 s
currentSize : 31 <-- 1.623691 s
currentSize : 32 <-- 1.683459 s
currentSize : 33 <-- 15.710691 s
currentSize : 35 <-- 15.850197 s
currentSize : 36 <-- 84.330544 s

maxsize : 36
nodes : 27320087.000000
filtered : 131653380.000000
time : 112.711746
