Parameters: GAD=1 vflib=1 dir=0 label=1 lowerbound=1 fileNameGp=../graphsdb/mcs50/m2D/m2Dr4/mcs50_m2Dr4_s100.A15 fileNameGt=../graphsdb/mcs50/m2D/m2Dr4/mcs50_m2Dr4_s100.B15
Reading graphs...
100 :  220
100 :  217
Initializing...
maxdom : 7
D->valSize : 371
Solving...
Blb : 2 (clique : 29)
currentSize : 29 <-- 0.006376 s
currentSize : 30 <-- 0.060939 s
currentSize : 31 <-- 0.440584 s
currentSize : 32 <-- 0.535609 s
currentSize : 33 <-- 0.549764 s
currentSize : 34 <-- 0.621826 s
currentSize : 36 <-- 3.613209 s
currentSize : 37 <-- 4.443434 s
currentSize : 38 <-- 18.534231 s
currentSize : 39 <-- 28.783852 s
currentSize : 40 <-- 29.657972 s
currentSize : 42 <-- 104.828796 s
currentSize : 43 <-- 2221.190430 s

TIMEOUT
maxsize : 43
nodes : 703884213.000000
filtered : 3220937125.000000
time : 3600.000000
