Parameters: GAD=1 vflib=1 dir=0 label=1 lowerbound=1 fileNameGp=../graphsdb/mcs50/bvg/b06m/mcs50_b06m_s40.A57 fileNameGt=../graphsdb/mcs50/bvg/b06m/mcs50_b06m_s40.B57
Reading graphs...
40 :  117
40 :  115
Initializing...
maxdom : 10
D->valSize : 198
Solving...
Blb : 3 (clique : 11)
currentSize : 11 <-- 0.001113 s
currentSize : 12 <-- 0.001351 s
currentSize : 13 <-- 0.016391 s
currentSize : 14 <-- 0.026686 s
currentSize : 20 <-- 0.049996 s

maxsize : 20
nodes : 23522.000000
filtered : 205465.000000
time : 0.077637
