Parameters: GAD=1 vflib=1 dir=0 label=1 lowerbound=1 fileNameGp=../graphsdb/mcs50/bvg/b09m/mcs50_b09m_s30.A67 fileNameGt=../graphsdb/mcs50/bvg/b09m/mcs50_b09m_s30.B67
Reading graphs...
30 :  126
30 :  130
Initializing...
maxdom : 6
D->valSize : 126
Solving...
Blb : 2 (clique : 6)
currentSize : 6 <-- 0.000830 s
currentSize : 7 <-- 0.000879 s
currentSize : 8 <-- 0.000894 s
currentSize : 9 <-- 0.001543 s
currentSize : 10 <-- 0.001620 s
currentSize : 11 <-- 0.004558 s

maxsize : 11
nodes : 3640.000000
filtered : 36505.000000
time : 0.017579
