Parameters: GAD=1 vflib=1 dir=0 label=1 lowerbound=1 fileNameGp=../graphsdb/mcs50/rand/r02/mcs50_r02_s100.A67 fileNameGt=../graphsdb/mcs50/rand/r02/mcs50_r02_s100.B67
Reading graphs...
100 :  1769
100 :  1791
Initializing...
maxdom : 7
D->valSize : 352
Solving...
Blb : 2 (clique : 17)
currentSize : 17 <-- 0.003625 s
currentSize : 28 <-- 0.004649 s
currentSize : 29 <-- 0.005539 s
currentSize : 34 <-- 0.040917 s
currentSize : 35 <-- 0.045374 s
currentSize : 36 <-- 0.157194 s

maxsize : 36
nodes : 547237.000000
filtered : 792030.000000
time : 2.266182
