Parameters: GAD=1 vflib=1 dir=0 label=1 lowerbound=1 fileNameGp=../graphsdb/mcs50/bvg/b06/mcs50_b06_s50.A99 fileNameGt=../graphsdb/mcs50/bvg/b06/mcs50_b06_s50.B99
Reading graphs...
50 :  150
50 :  150
Initializing...
maxdom : 10
D->valSize : 318
Solving...
Blb : 5 (clique : 14)
currentSize : 14 <-- 0.002459 s
currentSize : 15 <-- 0.002631 s
currentSize : 16 <-- 0.005421 s
currentSize : 17 <-- 0.010306 s
currentSize : 18 <-- 0.021042 s
currentSize : 19 <-- 0.318551 s
currentSize : 20 <-- 0.598604 s
currentSize : 21 <-- 1.481610 s
currentSize : 23 <-- 4.776282 s
currentSize : 24 <-- 4.777068 s
currentSize : 26 <-- 5.829676 s

maxsize : 26
nodes : 1535759.000000
filtered : 17567030.000000
time : 6.591947
