Parameters: GAD=1 vflib=1 dir=0 label=1 lowerbound=1 fileNameGp=../graphsdb/mcs50/rand/r005/mcs50_r005_s70.A52 fileNameGt=../graphsdb/mcs50/rand/r005/mcs50_r005_s70.B52
Reading graphs...
70 :  233
70 :  234
Initializing...
maxdom : 8
D->valSize : 354
Solving...
Blb : 2 (clique : 24)
currentSize : 24 <-- 0.004929 s
currentSize : 25 <-- 0.042002 s
currentSize : 26 <-- 0.158807 s
currentSize : 29 <-- 11.821589 s
currentSize : 30 <-- 20.717669 s
currentSize : 31 <-- 43.082176 s
currentSize : 32 <-- 43.082253 s
currentSize : 34 <-- 53.320686 s

maxsize : 34
nodes : 14548462.000000
filtered : 161711962.000000
time : 77.430542
