Parameters: GAD=1 vflib=1 dir=0 label=1 lowerbound=1 fileNameGp=../graphsdb/mcs50/bvg/b06m/mcs50_b06m_s20.A72 fileNameGt=../graphsdb/mcs50/bvg/b06m/mcs50_b06m_s20.B72
Reading graphs...
20 :  55
20 :  55
Initializing...
maxdom : 11
D->valSize : 109
Solving...
Blb : 2 (clique : 6)
currentSize : 6 <-- 0.000623 s
currentSize : 8 <-- 0.000656 s
currentSize : 9 <-- 0.000732 s
currentSize : 10 <-- 0.001174 s
currentSize : 11 <-- 0.001263 s

maxsize : 11
nodes : 326.000000
filtered : 3919.000000
time : 0.001452
