Parameters: GAD=1 vflib=1 dir=0 label=1 lowerbound=1 fileNameGp=../graphsdb/mcs50/m2D/m2D/mcs50_m2D_s100.A98 fileNameGt=../graphsdb/mcs50/m2D/m2D/mcs50_m2D_s100.B98
Reading graphs...
100 :  180
100 :  180
Initializing...
maxdom : 6
D->valSize : 346
Solving...
Blb : 2 (clique : 37)
currentSize : 37 <-- 0.006001 s
currentSize : 38 <-- 0.007818 s
currentSize : 39 <-- 0.014627 s
currentSize : 40 <-- 0.086413 s
currentSize : 41 <-- 0.217368 s
currentSize : 42 <-- 3.571374 s
currentSize : 43 <-- 331.258209 s
currentSize : 44 <-- 3420.078125 s

TIMEOUT
maxsize : 44
nodes : 703363031.000000
filtered : 2835147871.000000
time : 3600.000000
