Parameters: GAD=1 vflib=1 dir=0 label=1 lowerbound=1 fileNameGp=../graphsdb/mcs50/m2D/m2Dr6/mcs50_m2Dr6_s70.A77 fileNameGt=../graphsdb/mcs50/m2D/m2Dr6/mcs50_m2Dr6_s70.B77
Reading graphs...
70 :  160
70 :  158
Initializing...
maxdom : 9
D->valSize : 366
Solving...
Blb : 2 (clique : 22)
currentSize : 22 <-- 0.003366 s
currentSize : 25 <-- 0.003528 s
currentSize : 27 <-- 0.003779 s
currentSize : 28 <-- 0.026878 s
currentSize : 30 <-- 0.067215 s
currentSize : 31 <-- 0.077437 s
currentSize : 32 <-- 0.606328 s
currentSize : 33 <-- 15.923868 s
currentSize : 34 <-- 17.333397 s
currentSize : 35 <-- 44.921532 s
currentSize : 36 <-- 343.083191 s

maxsize : 36
nodes : 100776466.000000
filtered : 907034775.000000
time : 530.924561
