Parameters: GAD=1 vflib=1 dir=0 label=1 lowerbound=1 fileNameGp=../graphsdb/mcs50/m2D/m2D/mcs50_m2D_s70.A72 fileNameGt=../graphsdb/mcs50/m2D/m2D/mcs50_m2D_s70.B72
Reading graphs...
70 :  123
70 :  123
Initializing...
maxdom : 10
D->valSize : 362
Solving...
Blb : 2 (clique : 31)
currentSize : 31 <-- 0.003502 s
currentSize : 32 <-- 0.003729 s
currentSize : 33 <-- 0.003803 s
currentSize : 35 <-- 0.003863 s
currentSize : 37 <-- 0.004103 s
currentSize : 38 <-- 11.968267 s

maxsize : 38
nodes : 69516070.000000
filtered : 495634429.000000
time : 330.589661
