Parameters: GAD=1 vflib=1 dir=0 label=1 lowerbound=1 fileNameGp=../graphsdb/mcs50/rand/r005/mcs50_r005_s70.A70 fileNameGt=../graphsdb/mcs50/rand/r005/mcs50_r005_s70.B70
Reading graphs...
70 :  231
70 :  234
Initializing...
maxdom : 10
D->valSize : 311
Solving...
Blb : 2 (clique : 19)
currentSize : 19 <-- 0.002696 s
currentSize : 20 <-- 0.003736 s
currentSize : 21 <-- 0.024031 s
currentSize : 22 <-- 0.048768 s
currentSize : 25 <-- 0.522759 s
currentSize : 26 <-- 0.528458 s
currentSize : 28 <-- 2.151497 s
currentSize : 29 <-- 2.919211 s
currentSize : 30 <-- 2.936313 s
currentSize : 31 <-- 6.767418 s
currentSize : 32 <-- 9.798821 s
currentSize : 33 <-- 9.799149 s
currentSize : 34 <-- 9.806820 s

maxsize : 34
nodes : 2353350.000000
filtered : 21051255.000000
time : 11.802828
