Parameters: GAD=1 vflib=1 dir=0 label=1 lowerbound=1 fileNameGp=../graphsdb/mcs50/rand/r005/mcs50_r005_s70.A31 fileNameGt=../graphsdb/mcs50/rand/r005/mcs50_r005_s70.B31
Reading graphs...
70 :  234
70 :  235
Initializing...
maxdom : 7
D->valSize : 318
Solving...
Blb : 2 (clique : 22)
currentSize : 22 <-- 0.002631 s
currentSize : 24 <-- 0.002895 s
currentSize : 25 <-- 0.584717 s
currentSize : 26 <-- 0.587434 s
currentSize : 27 <-- 0.587461 s
currentSize : 28 <-- 0.827409 s
currentSize : 29 <-- 1.096233 s
currentSize : 30 <-- 1.096339 s
currentSize : 31 <-- 1.096606 s
currentSize : 33 <-- 1.097167 s
currentSize : 34 <-- 1.248271 s
currentSize : 35 <-- 1.248591 s

maxsize : 35
nodes : 850786.000000
filtered : 8148996.000000
time : 4.865664
