Parameters: GAD=1 vflib=1 dir=0 label=1 lowerbound=1 fileNameGp=../graphsdb/mcs50/rand/r02/mcs50_r02_s50.A79 fileNameGt=../graphsdb/mcs50/rand/r02/mcs50_r02_s50.B79
Reading graphs...
50 :  435
50 :  435
Initializing...
maxdom : 11
D->valSize : 360
Solving...
Blb : 2 (clique : 8)
currentSize : 8 <-- 0.002522 s
currentSize : 9 <-- 0.002850 s
currentSize : 11 <-- 0.003918 s
currentSize : 16 <-- 0.005129 s
currentSize : 21 <-- 0.018290 s
currentSize : 22 <-- 0.018343 s

maxsize : 22
nodes : 5845.000000
filtered : 157468.000000
time : 0.034009
