Parameters: GAD=1 vflib=1 dir=0 label=1 lowerbound=1 fileNameGp=../graphsdb/mcs50/bvg/b03/mcs50_b03_s60.A82 fileNameGt=../graphsdb/mcs50/bvg/b03/mcs50_b03_s60.B82
Reading graphs...
60 :  90
60 :  90
Initializing...
maxdom : 6
D->valSize : 261
Solving...
Blb : 2 (clique : 24)
currentSize : 24 <-- 0.001943 s
currentSize : 25 <-- 0.002903 s
currentSize : 26 <-- 0.003125 s
currentSize : 27 <-- 0.041167 s
currentSize : 28 <-- 1.539122 s
currentSize : 29 <-- 35.717461 s
currentSize : 30 <-- 255.685562 s
currentSize : 31 <-- 283.821625 s
currentSize : 32 <-- 284.936188 s
currentSize : 33 <-- 490.266052 s

maxsize : 33
nodes : 167395717.000000
filtered : 1012478910.000000
time : 686.126709
