Parameters: GAD=1 vflib=1 dir=0 label=1 lowerbound=1 fileNameGp=../graphsdb/mcs50/bvg/b03/mcs50_b03_s40.A90 fileNameGt=../graphsdb/mcs50/bvg/b03/mcs50_b03_s40.B90
Reading graphs...
40 :  60
40 :  60
Initializing...
maxdom : 6
D->valSize : 203
Solving...
Blb : 2 (clique : 16)
currentSize : 16 <-- 0.001887 s
currentSize : 17 <-- 0.010485 s
currentSize : 18 <-- 0.040632 s
currentSize : 19 <-- 0.071082 s
currentSize : 20 <-- 0.071553 s
currentSize : 21 <-- 0.427754 s
currentSize : 22 <-- 2.330181 s
currentSize : 24 <-- 2.425299 s

maxsize : 24
nodes : 762304.000000
filtered : 5544406.000000
time : 2.596749
