Parameters: GAD=1 vflib=1 dir=0 label=1 lowerbound=1 fileNameGp=../graphsdb/mcs50/bvg/b03/mcs50_b03_s50.A23 fileNameGt=../graphsdb/mcs50/bvg/b03/mcs50_b03_s50.B23
Reading graphs...
50 :  75
50 :  75
Initializing...
maxdom : 11
D->valSize : 328
Solving...
Blb : 2 (clique : 20)
currentSize : 20 <-- 0.002463 s
currentSize : 21 <-- 0.309297 s
currentSize : 22 <-- 1.131996 s
currentSize : 23 <-- 36.667446 s
currentSize : 24 <-- 36.667545 s
currentSize : 25 <-- 68.425407 s
currentSize : 26 <-- 115.305511 s

maxsize : 26
nodes : 322277255.000000
filtered : 3135616580.000000
time : 1343.079956
