Parameters: GAD=1 vflib=1 dir=0 label=1 lowerbound=1 fileNameGp=../graphsdb/mcs50/bvg/b03/mcs50_b03_s60.A54 fileNameGt=../graphsdb/mcs50/bvg/b03/mcs50_b03_s60.B54
Reading graphs...
60 :  90
60 :  90
Initializing...
maxdom : 7
D->valSize : 240
Solving...
Blb : 2 (clique : 26)
currentSize : 26 <-- 0.002888 s
currentSize : 27 <-- 0.003872 s
currentSize : 28 <-- 11.670876 s
currentSize : 29 <-- 116.904091 s
currentSize : 30 <-- 135.522202 s
currentSize : 31 <-- 135.522812 s

maxsize : 31
nodes : 66428084.000000
filtered : 435374120.000000
time : 249.789261
