Parameters: GAD=1 vflib=1 dir=0 label=1 lowerbound=1 fileNameGp=../graphsdb/mcs50/m3D/m3D/mcs50_m3D_s50.A87 fileNameGt=../graphsdb/mcs50/m3D/m3D/mcs50_m3D_s50.B87
Reading graphs...
50 :  108
50 :  108
Initializing...
maxdom : 9
D->valSize : 330
Solving...
Blb : 2 (clique : 20)
currentSize : 20 <-- 0.002842 s
currentSize : 21 <-- 0.002964 s
currentSize : 22 <-- 0.003009 s
currentSize : 23 <-- 0.004726 s
currentSize : 26 <-- 7.171487 s
currentSize : 27 <-- 7.171535 s
currentSize : 28 <-- 7.171716 s
currentSize : 29 <-- 7.171758 s

maxsize : 29
nodes : 2134002.000000
filtered : 25209835.000000
time : 9.063309
