Parameters: GAD=1 vflib=1 dir=0 label=1 lowerbound=1 fileNameGp=../graphsdb/mcs50/m2D/m2Dr6/mcs50_m2Dr6_s40.A32 fileNameGt=../graphsdb/mcs50/m2D/m2Dr6/mcs50_m2Dr6_s40.B32
Reading graphs...
40 :  89
40 :  89
Initializing...
maxdom : 7
D->valSize : 204
Solving...
Blb : 2 (clique : 15)
currentSize : 15 <-- 0.001864 s
currentSize : 16 <-- 0.022867 s
currentSize : 17 <-- 0.216443 s
currentSize : 18 <-- 1.435869 s
currentSize : 19 <-- 1.436069 s

maxsize : 19
nodes : 775601.000000
filtered : 6402468.000000
time : 2.588751
