Parameters: GAD=1 vflib=1 dir=0 label=1 lowerbound=1 fileNameGp=../graphsdb/mcs50/m4D/m4Dr6/mcs50_m4Dr6_s40.A72 fileNameGt=../graphsdb/mcs50/m4D/m4Dr6/mcs50_m4Dr6_s40.B72
Reading graphs...
40 :  88
40 :  89
Initializing...
maxdom : 8
D->valSize : 194
Solving...
Blb : 2 (clique : 13)
currentSize : 13 <-- 0.001737 s
currentSize : 14 <-- 0.001871 s
currentSize : 15 <-- 0.007835 s
currentSize : 16 <-- 0.015354 s
currentSize : 17 <-- 0.157983 s
currentSize : 18 <-- 0.677922 s

maxsize : 18
nodes : 511664.000000
filtered : 3879971.000000
time : 1.603488
