Parameters: GAD=1 vflib=1 dir=0 label=1 lowerbound=1 fileNameGp=../graphsdb/mcs50/bvg/b03m/mcs50_b03m_s100.A51 fileNameGt=../graphsdb/mcs50/bvg/b03m/mcs50_b03m_s100.B51
Reading graphs...
100 :  150
100 :  150
Initializing...
maxdom : 6
D->valSize : 336
Solving...
Blb : 2 (clique : 43)
currentSize : 43 <-- 0.003597 s
currentSize : 44 <-- 0.003941 s
currentSize : 45 <-- 0.004437 s
currentSize : 46 <-- 0.020091 s
currentSize : 47 <-- 0.365991 s
currentSize : 48 <-- 0.373369 s
currentSize : 49 <-- 2.391928 s
currentSize : 50 <-- 2.417483 s
currentSize : 51 <-- 2722.264160 s

TIMEOUT
maxsize : 51
nodes : 731131933.000000
filtered : 2052767928.000000
time : 3600.000000
