Parameters: GAD=1 vflib=1 dir=0 label=1 lowerbound=1 fileNameGp=../graphsdb/mcs50/bvg/b06/mcs50_b06_s30.A66 fileNameGt=../graphsdb/mcs50/bvg/b06/mcs50_b06_s30.B66
Reading graphs...
30 :  89
30 :  87
Initializing...
maxdom : 5
D->valSize : 118
Solving...
Blb : 2 (clique : 9)
currentSize : 9 <-- 0.000935 s
currentSize : 10 <-- 0.001065 s
currentSize : 11 <-- 0.003198 s
currentSize : 12 <-- 0.003253 s
currentSize : 14 <-- 0.016352 s
currentSize : 15 <-- 0.021409 s

maxsize : 15
nodes : 5247.000000
filtered : 43979.000000
time : 0.025770
