Parameters: GAD=1 vflib=1 dir=0 label=1 lowerbound=1 fileNameGp=../graphsdb/mcs50/bvg/b06m/mcs50_b06m_s50.A13 fileNameGt=../graphsdb/mcs50/bvg/b06m/mcs50_b06m_s50.B13
Reading graphs...
50 :  147
50 :  149
Initializing...
maxdom : 10
D->valSize : 326
Solving...
Blb : 2 (clique : 17)
currentSize : 17 <-- 0.002549 s
currentSize : 18 <-- 0.012745 s
currentSize : 19 <-- 0.017227 s
currentSize : 21 <-- 0.017290 s
currentSize : 22 <-- 0.061938 s
currentSize : 23 <-- 0.273210 s
currentSize : 24 <-- 0.518494 s
currentSize : 25 <-- 3.681367 s
currentSize : 26 <-- 6.345895 s

maxsize : 26
nodes : 1847392.000000
filtered : 17465034.000000
time : 7.565050
