Parameters: GAD=1 vflib=1 dir=0 label=1 lowerbound=1 fileNameGp=../graphsdb/mcs50/rand/r01/mcs50_r01_s100.A01 fileNameGt=../graphsdb/mcs50/rand/r01/mcs50_r01_s100.B01
Reading graphs...
100 :  918
100 :  927
Initializing...
maxdom : 7
D->valSize : 353
Solving...
Blb : 2 (clique : 16)
currentSize : 16 <-- 0.003502 s
currentSize : 18 <-- 0.004548 s
currentSize : 19 <-- 0.020542 s
currentSize : 20 <-- 0.031419 s
currentSize : 21 <-- 0.062681 s
currentSize : 23 <-- 0.088087 s
currentSize : 25 <-- 0.110914 s
currentSize : 28 <-- 0.136108 s
currentSize : 37 <-- 0.306220 s
currentSize : 40 <-- 0.532895 s
currentSize : 46 <-- 0.533679 s

maxsize : 46
nodes : 282950.000000
filtered : 2407205.000000
time : 1.773517
