Parameters: GAD=1 vflib=1 dir=0 label=1 lowerbound=1 fileNameGp=../graphsdb/mcs50/bvg/b03/mcs50_b03_s100.A04 fileNameGt=../graphsdb/mcs50/bvg/b03/mcs50_b03_s100.B04
Reading graphs...
100 :  150
100 :  150
Initializing...
maxdom : 6
D->valSize : 363
Solving...
Blb : 2 (clique : 46)
currentSize : 46 <-- 0.003922 s
currentSize : 47 <-- 0.004288 s
currentSize : 48 <-- 0.008423 s
currentSize : 49 <-- 0.055099 s
currentSize : 50 <-- 0.175545 s
currentSize : 51 <-- 17.446775 s
currentSize : 52 <-- 43.058262 s
currentSize : 53 <-- 43.826153 s
currentSize : 54 <-- 113.007141 s

TIMEOUT
maxsize : 54
nodes : 814995187.000000
filtered : 2178642266.000000
time : 3600.000000
