Parameters: GAD=1 vflib=1 dir=0 label=1 lowerbound=1 fileNameGp=../graphsdb/mcs50/m3D/m3Dr2/mcs50_m3Dr2_s60.A67 fileNameGt=../graphsdb/mcs50/m3D/m3Dr2/mcs50_m3Dr2_s60.B67
Reading graphs...
60 :  143
60 :  144
Initializing...
maxdom : 8
D->valSize : 251
Solving...
Blb : 2 (clique : 19)
currentSize : 19 <-- 0.003153 s
currentSize : 20 <-- 0.003443 s
currentSize : 22 <-- 0.005288 s
currentSize : 23 <-- 0.005590 s
currentSize : 24 <-- 0.042205 s
currentSize : 25 <-- 0.687560 s
currentSize : 28 <-- 0.687846 s

maxsize : 28
nodes : 16552272.000000
filtered : 88747864.000000
time : 64.649559
