Parameters: GAD=1 vflib=1 dir=0 label=1 lowerbound=1 fileNameGp=../graphsdb/mcs50/rand/r02/mcs50_r02_s40.A63 fileNameGt=../graphsdb/mcs50/rand/r02/mcs50_r02_s40.B63
Reading graphs...
40 :  279
40 :  278
Initializing...
maxdom : 8
D->valSize : 218
Solving...
Blb : 2 (clique : 7)
currentSize : 7 <-- 0.001311 s
currentSize : 8 <-- 0.001397 s
currentSize : 9 <-- 0.009063 s
currentSize : 10 <-- 0.010276 s
currentSize : 16 <-- 0.012026 s

maxsize : 16
nodes : 6530.000000
filtered : 89569.000000
time : 0.025853
