Parameters: GAD=1 vflib=1 dir=0 label=1 lowerbound=1 fileNameGp=../graphsdb/mcs50/m2D/m2D/mcs50_m2D_s30.A89 fileNameGt=../graphsdb/mcs50/m2D/m2D/mcs50_m2D_s30.B89
Reading graphs...
30 :  49
30 :  48
Initializing...
maxdom : 8
D->valSize : 133
Solving...
Blb : 2 (clique : 12)
currentSize : 12 <-- 0.000711 s
currentSize : 13 <-- 0.005144 s
currentSize : 14 <-- 0.007113 s
currentSize : 15 <-- 0.011100 s
currentSize : 16 <-- 0.012012 s
currentSize : 17 <-- 0.020805 s

maxsize : 17
nodes : 10597.000000
filtered : 54728.000000
time : 0.027306
