Parameters: GAD=1 vflib=1 dir=0 label=1 lowerbound=1 fileNameGp=../graphsdb/mcs50/bvg/b06/mcs50_b06_s100.A00 fileNameGt=../graphsdb/mcs50/bvg/b06/mcs50_b06_s100.B00
Reading graphs...
100 :  300
100 :  299
Initializing...
maxdom : 6
D->valSize : 346
Solving...
Blb : 2 (clique : 29)
currentSize : 29 <-- 0.003541 s
currentSize : 30 <-- 0.022536 s
currentSize : 31 <-- 1.335238 s
currentSize : 32 <-- 19.944925 s
currentSize : 33 <-- 20.152237 s
currentSize : 34 <-- 105.271034 s
currentSize : 35 <-- 236.372742 s
currentSize : 36 <-- 464.078674 s
currentSize : 37 <-- 1903.191406 s
currentSize : 38 <-- 1989.464844 s
currentSize : 39 <-- 2300.541504 s
currentSize : 40 <-- 2301.287109 s
currentSize : 41 <-- 2301.289062 s
currentSize : 42 <-- 2301.290527 s
currentSize : 43 <-- 2319.598633 s
currentSize : 44 <-- 2325.951172 s
currentSize : 45 <-- 3012.382812 s
currentSize : 46 <-- 3033.302734 s

TIMEOUT
maxsize : 46
nodes : 700655522.000000
filtered : 3429236869.000000
time : 3600.000000
