Parameters: GAD=1 vflib=1 dir=0 label=1 lowerbound=1 fileNameGp=../graphsdb/mcs50/m2D/m2Dr6/mcs50_m2Dr6_s90.A15 fileNameGt=../graphsdb/mcs50/m2D/m2Dr6/mcs50_m2Dr6_s90.B15
Reading graphs...
90 :  211
90 :  213
Initializing...
maxdom : 10
D->valSize : 546
Solving...
Blb : 2 (clique : 31)
currentSize : 31 <-- 0.006482 s
currentSize : 32 <-- 0.007136 s
currentSize : 33 <-- 0.007968 s
currentSize : 34 <-- 0.033401 s
currentSize : 35 <-- 1306.613403 s
currentSize : 36 <-- 1306.727661 s
currentSize : 37 <-- 1743.037964 s
currentSize : 38 <-- 2508.745117 s
currentSize : 39 <-- 2887.357666 s
currentSize : 40 <-- 2887.357666 s
currentSize : 41 <-- 2909.549561 s

TIMEOUT
maxsize : 41
nodes : 637748347.000000
filtered : 6355363018.000000
time : 3600.000000
