Parameters: GAD=1 vflib=1 dir=0 label=1 lowerbound=1 fileNameGp=../graphsdb/mcs50/bvg/b09m/mcs50_b09m_s60.A04 fileNameGt=../graphsdb/mcs50/bvg/b09m/mcs50_b09m_s60.B04
Reading graphs...
60 :  264
60 :  263
Initializing...
maxdom : 7
D->valSize : 256
Solving...
Blb : 3 (clique : 24)
currentSize : 24 <-- 0.002891 s
currentSize : 25 <-- 0.041144 s
currentSize : 26 <-- 0.042752 s
currentSize : 27 <-- 0.042823 s
currentSize : 28 <-- 0.043280 s
currentSize : 29 <-- 0.043403 s

maxsize : 29
nodes : 885728.000000
filtered : 2979888.000000
time : 3.324424
