Parameters: GAD=1 vflib=1 dir=0 label=1 lowerbound=1 fileNameGp=../graphsdb/mcs50/rand/r02/mcs50_r02_s100.A22 fileNameGt=../graphsdb/mcs50/rand/r02/mcs50_r02_s100.B22
Reading graphs...
100 :  1778
100 :  1774
Initializing...
maxdom : 7
D->valSize : 354
Solving...
Blb : 2 (clique : 14)
currentSize : 14 <-- 0.003470 s
currentSize : 17 <-- 0.003699 s
currentSize : 36 <-- 0.007937 s
currentSize : 37 <-- 0.007988 s
currentSize : 38 <-- 0.008215 s
currentSize : 39 <-- 1.449447 s

maxsize : 39
nodes : 964653.000000
filtered : 1037873.000000
time : 4.054055
