Parameters: GAD=1 vflib=1 dir=0 label=1 lowerbound=1 fileNameGp=../graphsdb/mcs50/bvg/b06/mcs50_b06_s80.A54 fileNameGt=../graphsdb/mcs50/bvg/b06/mcs50_b06_s80.B54
Reading graphs...
80 :  238
80 :  238
Initializing...
maxdom : 9
D->valSize : 469
Solving...
Blb : 2 (clique : 39)
currentSize : 39 <-- 0.004691 s
currentSize : 40 <-- 0.011479 s
currentSize : 41 <-- 0.410077 s
currentSize : 43 <-- 2.672034 s
currentSize : 44 <-- 242.274124 s

maxsize : 44
nodes : 185643596.000000
filtered : 1352661204.000000
time : 951.269470
