Parameters: GAD=1 vflib=1 dir=0 label=1 lowerbound=1 fileNameGp=../graphsdb/mcs50/bvg/b06m/mcs50_b06m_s60.A17 fileNameGt=../graphsdb/mcs50/bvg/b06m/mcs50_b06m_s60.B17
Reading graphs...
60 :  176
60 :  176
Initializing...
maxdom : 8
D->valSize : 248
Solving...
Blb : 2 (clique : 24)
currentSize : 24 <-- 0.002913 s
currentSize : 25 <-- 0.126884 s
currentSize : 26 <-- 0.387876 s
currentSize : 27 <-- 0.387930 s
currentSize : 28 <-- 0.569054 s
currentSize : 30 <-- 0.572318 s

maxsize : 30
nodes : 1449797.000000
filtered : 7272677.000000
time : 5.436259
