Parameters: GAD=1 vflib=1 dir=0 label=1 lowerbound=1 fileNameGp=../graphsdb/mcs50/m2D/m2Dr2/mcs50_m2Dr2_s100.A27 fileNameGt=../graphsdb/mcs50/m2D/m2Dr2/mcs50_m2Dr2_s100.B27
Reading graphs...
100 :  199
100 :  199
Initializing...
maxdom : 6
D->valSize : 342
Solving...
Blb : 2 (clique : 42)
currentSize : 42 <-- 0.003632 s
currentSize : 43 <-- 2.175078 s
currentSize : 44 <-- 24.627192 s
currentSize : 45 <-- 27.913780 s
currentSize : 46 <-- 70.045685 s
currentSize : 47 <-- 278.523010 s
currentSize : 48 <-- 303.647583 s
currentSize : 49 <-- 318.798126 s
currentSize : 50 <-- 441.879364 s
currentSize : 51 <-- 441.880463 s

TIMEOUT
maxsize : 51
nodes : 738367127.000000
filtered : 2187870081.000000
time : 3600.000000
