Parameters: GAD=1 vflib=1 dir=0 label=1 lowerbound=1 fileNameGp=../graphsdb/mcs50/m2D/m2Dr2/mcs50_m2Dr2_s70.A50 fileNameGt=../graphsdb/mcs50/m2D/m2Dr2/mcs50_m2Dr2_s70.B50
Reading graphs...
70 :  137
70 :  136
Initializing...
maxdom : 9
D->valSize : 327
Solving...
Blb : 2 (clique : 34)
currentSize : 34 <-- 0.005012 s
currentSize : 35 <-- 835.430054 s
currentSize : 36 <-- 960.487671 s
currentSize : 37 <-- 960.488953 s
currentSize : 38 <-- 960.522034 s
currentSize : 39 <-- 961.370422 s

maxsize : 39
nodes : 250751463.000000
filtered : 1719579625.000000
time : 1126.189453
