Parameters: GAD=1 vflib=1 dir=0 label=1 lowerbound=1 fileNameGp=../graphsdb/mcs50/rand/r02/mcs50_r02_s25.A74 fileNameGt=../graphsdb/mcs50/rand/r02/mcs50_r02_s25.B74
Reading graphs...
25 :  104
25 :  108
Initializing...
maxdom : 8
D->valSize : 161
Solving...
Blb : 2 (clique : 6)
currentSize : 6 <-- 0.000825 s
currentSize : 7 <-- 0.001144 s
currentSize : 8 <-- 0.002450 s
currentSize : 9 <-- 0.002745 s
currentSize : 10 <-- 0.004149 s
currentSize : 12 <-- 0.005842 s

maxsize : 12
nodes : 2313.000000
filtered : 27906.000000
time : 0.007486
