Parameters: GAD=1 vflib=1 dir=0 label=1 lowerbound=1 fileNameGp=../graphsdb/mcs50/rand/r01/mcs50_r01_s70.A72 fileNameGt=../graphsdb/mcs50/rand/r01/mcs50_r01_s70.B72
Reading graphs...
70 :  454
70 :  458
Initializing...
maxdom : 10
D->valSize : 342
Solving...
Blb : 2 (clique : 14)
currentSize : 14 <-- 0.004299 s
currentSize : 15 <-- 0.006764 s
currentSize : 16 <-- 0.014159 s
currentSize : 17 <-- 0.014208 s
currentSize : 18 <-- 0.039096 s
currentSize : 20 <-- 0.109399 s
currentSize : 21 <-- 0.140713 s
currentSize : 22 <-- 0.192836 s
currentSize : 24 <-- 0.192957 s
currentSize : 28 <-- 0.304146 s
currentSize : 33 <-- 0.461782 s

maxsize : 33
nodes : 94462.000000
filtered : 1316770.000000
time : 0.635473
