Parameters: GAD=1 vflib=1 dir=0 label=1 lowerbound=1 fileNameGp=../graphsdb/mcs50/rand/r005/mcs50_r005_s40.A05 fileNameGt=../graphsdb/mcs50/rand/r005/mcs50_r005_s40.B05
Reading graphs...
40 :  78
40 :  77
Initializing...
maxdom : 8
D->valSize : 216
Solving...
Blb : 5 (clique : 15)
currentSize : 15 <-- 0.001326 s
currentSize : 16 <-- 0.007346 s
currentSize : 17 <-- 0.145901 s
currentSize : 18 <-- 0.470146 s
currentSize : 19 <-- 0.863098 s
currentSize : 20 <-- 0.899276 s
currentSize : 21 <-- 0.910712 s

maxsize : 21
nodes : 311955.000000
filtered : 2398893.000000
time : 1.029057
