Parameters: GAD=1 vflib=1 dir=0 label=1 lowerbound=1 fileNameGp=../graphsdb/mcs50/bvg/b09/mcs50_b09_s100.A34 fileNameGt=../graphsdb/mcs50/bvg/b09/mcs50_b09_s100.B34
Reading graphs...
100 :  447
100 :  448
Initializing...
maxdom : 7
D->valSize : 323
Solving...
Blb : 3 (clique : 44)
currentSize : 44 <-- 0.003444 s
currentSize : 45 <-- 1.848505 s
currentSize : 46 <-- 1.886834 s
currentSize : 47 <-- 2.534352 s
currentSize : 48 <-- 2.570718 s
currentSize : 49 <-- 3.560001 s
currentSize : 50 <-- 3.560320 s

maxsize : 50
nodes : 15920361.000000
filtered : 83582018.000000
time : 89.939072
