Parameters: GAD=1 vflib=1 dir=0 label=1 lowerbound=1 fileNameGp=../graphsdb/mcs50/bvg/b03/mcs50_b03_s100.A74 fileNameGt=../graphsdb/mcs50/bvg/b03/mcs50_b03_s100.B74
Reading graphs...
100 :  150
100 :  150
Initializing...
maxdom : 7
D->valSize : 354
Solving...
Blb : 2 (clique : 42)
currentSize : 42 <-- 0.003750 s
currentSize : 43 <-- 0.004378 s
currentSize : 44 <-- 0.010442 s
currentSize : 45 <-- 0.021316 s
currentSize : 46 <-- 0.379145 s
currentSize : 47 <-- 1.685336 s
currentSize : 48 <-- 1.895254 s
currentSize : 49 <-- 9.317470 s
currentSize : 50 <-- 65.146141 s
currentSize : 51 <-- 67.030006 s
currentSize : 52 <-- 77.510391 s
currentSize : 53 <-- 188.775726 s

TIMEOUT
maxsize : 53
nodes : 772837005.000000
filtered : 2021761041.000000
time : 3600.000000
