Parameters: GAD=1 vflib=1 dir=0 label=1 lowerbound=1 fileNameGp=../graphsdb/mcs50/bvg/b03m/mcs50_b03m_s100.A39 fileNameGt=../graphsdb/mcs50/bvg/b03m/mcs50_b03m_s100.B39
Reading graphs...
100 :  150
100 :  150
Initializing...
maxdom : 8
D->valSize : 343
Solving...
Blb : 2 (clique : 41)
currentSize : 41 <-- 0.006027 s
currentSize : 44 <-- 0.071686 s
currentSize : 45 <-- 4.695736 s
currentSize : 46 <-- 5.122926 s
currentSize : 48 <-- 32.747738 s
currentSize : 49 <-- 506.050446 s
currentSize : 50 <-- 537.192871 s
currentSize : 51 <-- 1404.621826 s
currentSize : 52 <-- 1572.896240 s
currentSize : 53 <-- 1593.557617 s

TIMEOUT
maxsize : 53
nodes : 689780596.000000
filtered : 2467825974.000000
time : 3600.000000
