Parameters: GAD=1 vflib=1 dir=0 label=1 lowerbound=1 fileNameGp=../graphsdb/mcs50/rand/r01/mcs50_r01_s35.A22 fileNameGt=../graphsdb/mcs50/rand/r01/mcs50_r01_s35.B22
Reading graphs...
35 :  109
35 :  108
Initializing...
maxdom : 7
D->valSize : 160
Solving...
Blb : 2 (clique : 9)
currentSize : 9 <-- 0.001291 s
currentSize : 10 <-- 0.002093 s
currentSize : 11 <-- 0.003157 s
currentSize : 12 <-- 0.003229 s
currentSize : 13 <-- 0.007198 s
currentSize : 14 <-- 0.007551 s
currentSize : 15 <-- 0.039625 s
currentSize : 16 <-- 0.072094 s

maxsize : 16
nodes : 16213.000000
filtered : 191837.000000
time : 0.080291
