Parameters: GAD=1 vflib=1 dir=0 label=1 lowerbound=1 fileNameGp=../graphsdb/mcs50/bvg/b09/mcs50_b09_s80.A89 fileNameGt=../graphsdb/mcs50/bvg/b09/mcs50_b09_s80.B89
Reading graphs...
80 :  357
80 :  357
Initializing...
maxdom : 10
D->valSize : 451
Solving...
Blb : 3 (clique : 19)
currentSize : 19 <-- 0.004501 s
currentSize : 20 <-- 0.618472 s
currentSize : 21 <-- 1.145706 s
currentSize : 22 <-- 2.236472 s
currentSize : 23 <-- 9.989016 s
currentSize : 24 <-- 10.411889 s
currentSize : 25 <-- 10.412105 s
currentSize : 26 <-- 10.414078 s
currentSize : 27 <-- 16.082073 s
currentSize : 28 <-- 22.166664 s
currentSize : 29 <-- 32.959736 s
currentSize : 30 <-- 34.751072 s
currentSize : 31 <-- 40.676834 s
currentSize : 32 <-- 57.219891 s
currentSize : 33 <-- 72.171822 s
currentSize : 34 <-- 72.224586 s
currentSize : 35 <-- 72.226479 s
currentSize : 36 <-- 92.158623 s
currentSize : 37 <-- 92.159637 s
currentSize : 38 <-- 111.647018 s
currentSize : 39 <-- 111.671310 s
currentSize : 41 <-- 111.672783 s

maxsize : 41
nodes : 21799723.000000
filtered : 224792631.000000
time : 119.432755
