Parameters: GAD=1 vflib=1 dir=0 label=1 lowerbound=1 fileNameGp=../graphsdb/mcs50/m3D/m3Dr4/mcs50_m3Dr4_s50.A68 fileNameGt=../graphsdb/mcs50/m3D/m3Dr4/mcs50_m3Dr4_s50.B68
Reading graphs...
50 :  126
50 :  124
Initializing...
maxdom : 9
D->valSize : 320
Solving...
Blb : 5 (clique : 17)
currentSize : 17 <-- 0.003702 s
currentSize : 20 <-- 0.003860 s
currentSize : 21 <-- 0.004078 s
currentSize : 22 <-- 0.004699 s
currentSize : 25 <-- 16.631813 s
currentSize : 26 <-- 16.632469 s
currentSize : 27 <-- 16.648470 s

maxsize : 27
nodes : 5419193.000000
filtered : 55749708.000000
time : 20.892120
