Parameters: GAD=1 vflib=1 dir=0 label=1 lowerbound=1 fileNameGp=../graphsdb/mcs50/m2D/m2D/mcs50_m2D_s90.A33 fileNameGt=../graphsdb/mcs50/m2D/m2D/mcs50_m2D_s90.B33
Reading graphs...
90 :  161
90 :  161
Initializing...
maxdom : 11
D->valSize : 532
Solving...
Blb : 2 (clique : 37)
currentSize : 37 <-- 0.006373 s
currentSize : 38 <-- 0.006664 s
currentSize : 39 <-- 0.911998 s
currentSize : 40 <-- 59.058945 s
currentSize : 41 <-- 1494.045410 s
currentSize : 42 <-- 1570.595581 s

TIMEOUT
maxsize : 42
nodes : 694703983.000000
filtered : 4631853142.000000
time : 3600.000000
