Parameters: GAD=1 vflib=1 dir=0 label=1 lowerbound=1 fileNameGp=../graphsdb/mcs50/bvg/b09m/mcs50_b09m_s70.A36 fileNameGt=../graphsdb/mcs50/bvg/b09m/mcs50_b09m_s70.B36
Reading graphs...
70 :  308
70 :  309
Initializing...
maxdom : 6
D->valSize : 322
Solving...
Blb : 2 (clique : 24)
currentSize : 24 <-- 0.002506 s
currentSize : 25 <-- 0.003133 s
currentSize : 26 <-- 0.012494 s
currentSize : 27 <-- 0.012689 s
currentSize : 28 <-- 0.048097 s
currentSize : 29 <-- 0.065988 s
currentSize : 30 <-- 0.066203 s
currentSize : 32 <-- 0.103145 s
currentSize : 33 <-- 2.154022 s
currentSize : 34 <-- 2.154641 s
currentSize : 36 <-- 2.197114 s

maxsize : 36
nodes : 1064436.000000
filtered : 7181119.000000
time : 4.942483
