Parameters: GAD=1 vflib=1 dir=0 label=1 lowerbound=1 fileNameGp=../graphsdb/mcs50/bvg/b03m/mcs50_b03m_s80.A20 fileNameGt=../graphsdb/mcs50/bvg/b03m/mcs50_b03m_s80.B20
Reading graphs...
80 :  120
80 :  120
Initializing...
maxdom : 11
D->valSize : 464
Solving...
Blb : 2 (clique : 38)
currentSize : 38 <-- 0.004939 s
currentSize : 39 <-- 0.005218 s
currentSize : 40 <-- 0.008577 s
currentSize : 41 <-- 1.068342 s
currentSize : 42 <-- 1.461198 s
currentSize : 43 <-- 1206.547363 s

TIMEOUT
maxsize : 43
nodes : 707307202.000000
filtered : 4774702406.000000
time : 3600.000000
