Parameters: GAD=1 vflib=1 dir=0 label=1 lowerbound=1 fileNameGp=../graphsdb/mcs50/m4D/m4D/mcs50_m4D_s40.A51 fileNameGt=../graphsdb/mcs50/m4D/m4D/mcs50_m4D_s40.B51
Reading graphs...
40 :  71
40 :  71
Initializing...
maxdom : 8
D->valSize : 205
Solving...
Blb : 2 (clique : 15)
currentSize : 15 <-- 0.001310 s
currentSize : 16 <-- 0.001378 s
currentSize : 17 <-- 0.001394 s
currentSize : 18 <-- 0.001537 s
currentSize : 19 <-- 0.007690 s
currentSize : 20 <-- 0.308024 s

maxsize : 20
nodes : 181481.000000
filtered : 1966592.000000
time : 0.654455
