Parameters: GAD=1 vflib=1 dir=0 label=1 lowerbound=1 fileNameGp=../graphsdb/mcs50/rand/r01/mcs50_r01_s90.A30 fileNameGt=../graphsdb/mcs50/rand/r01/mcs50_r01_s90.B30
Reading graphs...
90 :  760
90 :  765
Initializing...
maxdom : 10
D->valSize : 509
Solving...
Blb : 2 (clique : 13)
currentSize : 13 <-- 0.005202 s
currentSize : 15 <-- 0.005337 s
currentSize : 18 <-- 0.005476 s
currentSize : 19 <-- 0.005560 s
currentSize : 22 <-- 0.006878 s
currentSize : 24 <-- 0.054071 s
currentSize : 26 <-- 0.054203 s
currentSize : 27 <-- 0.179007 s
currentSize : 34 <-- 0.179163 s
currentSize : 42 <-- 0.182195 s
currentSize : 43 <-- 0.971256 s

maxsize : 43
nodes : 336310.000000
filtered : 5785770.000000
time : 2.303080
