Parameters: GAD=1 vflib=1 dir=0 label=1 lowerbound=1 fileNameGp=../graphsdb/mcs50/bvg/b09m/mcs50_b09m_s60.A59 fileNameGt=../graphsdb/mcs50/bvg/b09m/mcs50_b09m_s60.B59
Reading graphs...
60 :  259
60 :  258
Initializing...
maxdom : 8
D->valSize : 268
Solving...
Blb : 2 (clique : 18)
currentSize : 18 <-- 0.001998 s
currentSize : 19 <-- 0.002145 s
currentSize : 20 <-- 0.002291 s
currentSize : 21 <-- 0.004646 s
currentSize : 22 <-- 0.017891 s
currentSize : 26 <-- 0.607847 s
currentSize : 27 <-- 0.608041 s
currentSize : 28 <-- 0.614934 s
currentSize : 29 <-- 0.678334 s

maxsize : 29
nodes : 582836.000000
filtered : 2840614.000000
time : 2.239555
