Parameters: GAD=1 vflib=1 dir=0 label=1 lowerbound=1 fileNameGp=../graphsdb/mcs50/rand/r01/mcs50_r01_s60.A82 fileNameGt=../graphsdb/mcs50/rand/r01/mcs50_r01_s60.B82
Reading graphs...
60 :  337
60 :  335
Initializing...
maxdom : 8
D->valSize : 257
Solving...
Blb : 2 (clique : 10)
currentSize : 10 <-- 0.002710 s
currentSize : 11 <-- 0.002866 s
currentSize : 12 <-- 0.004047 s
currentSize : 13 <-- 0.005375 s
currentSize : 14 <-- 0.006302 s
currentSize : 15 <-- 0.009159 s
currentSize : 16 <-- 0.065183 s
currentSize : 17 <-- 0.077328 s
currentSize : 19 <-- 0.077627 s
currentSize : 21 <-- 0.174789 s
currentSize : 22 <-- 0.207897 s
currentSize : 28 <-- 0.208072 s

maxsize : 28
nodes : 51347.000000
filtered : 506699.000000
time : 0.258434
