Parameters: GAD=1 vflib=1 dir=0 label=1 lowerbound=1 fileNameGp=../graphsdb/mcs50/m3D/m3Dr6/mcs50_m3Dr6_s60.A42 fileNameGt=../graphsdb/mcs50/m3D/m3Dr6/mcs50_m3Dr6_s60.B42
Reading graphs...
60 :  168
60 :  165
Initializing...
maxdom : 6
D->valSize : 274
Solving...
Blb : 5 (clique : 22)
currentSize : 22 <-- 0.002088 s
currentSize : 23 <-- 0.002561 s
currentSize : 24 <-- 0.002609 s
currentSize : 26 <-- 0.011173 s
currentSize : 28 <-- 0.015175 s
currentSize : 29 <-- 0.015786 s

maxsize : 29
nodes : 4781436.000000
filtered : 31580769.000000
time : 20.860035
