Parameters: GAD=1 vflib=1 dir=0 label=1 lowerbound=1 fileNameGp=../graphsdb/mcs50/m2D/m2D/mcs50_m2D_s40.A41 fileNameGt=../graphsdb/mcs50/m2D/m2D/mcs50_m2D_s40.B41
Reading graphs...
40 :  67
40 :  67
Initializing...
maxdom : 8
D->valSize : 217
Solving...
Blb : 2 (clique : 16)
currentSize : 16 <-- 0.001432 s
currentSize : 17 <-- 0.002318 s
currentSize : 18 <-- 0.002345 s
currentSize : 19 <-- 0.006466 s
currentSize : 20 <-- 0.006532 s

maxsize : 20
nodes : 740988.000000
filtered : 7566143.000000
time : 2.495236
