Parameters: GAD=1 vflib=1 dir=0 label=1 lowerbound=1 fileNameGp=../graphsdb/mcs50/m2D/m2Dr4/mcs50_m2Dr4_s70.A55 fileNameGt=../graphsdb/mcs50/m2D/m2Dr4/mcs50_m2Dr4_s70.B55
Reading graphs...
70 :  150
70 :  149
Initializing...
maxdom : 8
D->valSize : 327
Solving...
Blb : 2 (clique : 29)
currentSize : 29 <-- 0.002750 s
currentSize : 32 <-- 0.004920 s
currentSize : 33 <-- 0.004953 s
currentSize : 34 <-- 0.043241 s
currentSize : 35 <-- 0.145416 s
currentSize : 36 <-- 0.769346 s
currentSize : 37 <-- 0.958939 s

maxsize : 37
nodes : 9315964.000000
filtered : 49242312.000000
time : 42.435112
