Parameters: GAD=1 vflib=1 dir=0 label=1 lowerbound=1 fileNameGp=../graphsdb/mcs50/m3D/m3Dr2/mcs50_m3Dr2_s50.A76 fileNameGt=../graphsdb/mcs50/m3D/m3Dr2/mcs50_m3Dr2_s50.B76
Reading graphs...
50 :  116
50 :  119
Initializing...
maxdom : 11
D->valSize : 344
Solving...
Blb : 5 (clique : 19)
currentSize : 19 <-- 0.002766 s
currentSize : 20 <-- 0.003339 s
currentSize : 22 <-- 2.839420 s
currentSize : 23 <-- 2.839546 s
currentSize : 25 <-- 8.445952 s
currentSize : 26 <-- 8.446037 s
currentSize : 27 <-- 14.018098 s
currentSize : 28 <-- 14.018147 s

maxsize : 28
nodes : 3989289.000000
filtered : 42352174.000000
time : 16.373655
