Parameters: GAD=1 vflib=1 dir=0 label=1 lowerbound=1 fileNameGp=../graphsdb/mcs50/m2D/m2Dr6/mcs50_m2Dr6_s80.A49 fileNameGt=../graphsdb/mcs50/m2D/m2Dr6/mcs50_m2Dr6_s80.B49
Reading graphs...
80 :  190
80 :  187
Initializing...
maxdom : 12
D->valSize : 453
Solving...
Blb : 2 (clique : 28)
currentSize : 28 <-- 0.004654 s
currentSize : 31 <-- 0.004857 s
currentSize : 32 <-- 0.008761 s
currentSize : 33 <-- 0.150269 s
currentSize : 35 <-- 0.750102 s
currentSize : 36 <-- 0.756768 s
currentSize : 37 <-- 159.823044 s

TIMEOUT
maxsize : 37
nodes : 637746757.000000
filtered : 7454085238.000000
time : 3600.000000
