Parameters: GAD=1 vflib=1 dir=0 label=1 lowerbound=1 fileNameGp=../graphsdb/mcs50/m4D/m4Dr6/mcs50_m4Dr6_s40.A95 fileNameGt=../graphsdb/mcs50/m4D/m4Dr6/mcs50_m4Dr6_s40.B95
Reading graphs...
40 :  92
40 :  94
Initializing...
maxdom : 10
D->valSize : 229
Solving...
Blb : 2 (clique : 14)
currentSize : 14 <-- 0.002144 s
currentSize : 15 <-- 0.002284 s
currentSize : 16 <-- 0.444448 s
currentSize : 17 <-- 0.445529 s
currentSize : 18 <-- 1.552824 s

maxsize : 18
nodes : 479558.000000
filtered : 4652302.000000
time : 1.900038
