Parameters: GAD=1 vflib=1 dir=0 label=1 lowerbound=1 fileNameGp=../graphsdb/mcs50/bvg/b06m/mcs50_b06m_s35.A58 fileNameGt=../graphsdb/mcs50/bvg/b06m/mcs50_b06m_s35.B58
Reading graphs...
35 :  101
35 :  103
Initializing...
maxdom : 6
D->valSize : 158
Solving...
Blb : 2 (clique : 11)
currentSize : 11 <-- 0.000970 s
currentSize : 12 <-- 0.001458 s
currentSize : 14 <-- 0.073865 s
currentSize : 15 <-- 0.100216 s
currentSize : 17 <-- 0.103376 s

maxsize : 17
nodes : 47666.000000
filtered : 490608.000000
time : 0.156867
