Parameters: GAD=1 vflib=1 dir=0 label=1 lowerbound=1 fileNameGp=../graphsdb/mcs50/rand/r02/mcs50_r02_s50.A18 fileNameGt=../graphsdb/mcs50/rand/r02/mcs50_r02_s50.B18
Reading graphs...
50 :  439
50 :  429
Initializing...
maxdom : 9
D->valSize : 326
Solving...
Blb : 2 (clique : 9)
currentSize : 9 <-- 0.002290 s
currentSize : 10 <-- 0.002355 s
currentSize : 11 <-- 0.002482 s
currentSize : 13 <-- 0.002520 s
currentSize : 14 <-- 0.003745 s
currentSize : 17 <-- 0.003808 s
currentSize : 21 <-- 0.003971 s
currentSize : 22 <-- 0.004194 s

maxsize : 22
nodes : 3303.000000
filtered : 97339.000000
time : 0.020797
