Parameters: GAD=1 vflib=1 dir=0 label=1 lowerbound=1 fileNameGp=../graphsdb/mcs50/m4D/m4D/mcs50_m4D_s40.A23 fileNameGt=../graphsdb/mcs50/m4D/m4D/mcs50_m4D_s40.B23
Reading graphs...
40 :  70
40 :  71
Initializing...
maxdom : 9
D->valSize : 214
Solving...
Blb : 2 (clique : 17)
currentSize : 17 <-- 0.001344 s
currentSize : 18 <-- 0.021551 s
currentSize : 19 <-- 5.105860 s
currentSize : 20 <-- 5.179147 s
currentSize : 21 <-- 5.473653 s

maxsize : 21
nodes : 3154693.000000
filtered : 9473493.000000
time : 5.540770
