Parameters: GAD=1 vflib=1 dir=0 label=1 lowerbound=1 fileNameGp=../graphsdb/mcs50/bvg/b09m/mcs50_b09m_s100.A37 fileNameGt=../graphsdb/mcs50/bvg/b09m/mcs50_b09m_s100.B37
Reading graphs...
100 :  443
100 :  444
Initializing...
maxdom : 6
D->valSize : 343
Solving...
Blb : 3 (clique : 41)
currentSize : 41 <-- 0.005517 s
currentSize : 42 <-- 25.511845 s
currentSize : 43 <-- 25.663351 s
currentSize : 44 <-- 25.663485 s
currentSize : 45 <-- 26.653179 s
currentSize : 47 <-- 26.708696 s
currentSize : 48 <-- 27.022034 s
currentSize : 49 <-- 27.022182 s

maxsize : 49
nodes : 51295895.000000
filtered : 216925709.000000
time : 277.655609
