Parameters: GAD=1 vflib=1 dir=0 label=1 lowerbound=1 fileNameGp=../graphsdb/mcs50/bvg/b09m/mcs50_b09m_s20.A83 fileNameGt=../graphsdb/mcs50/bvg/b09m/mcs50_b09m_s20.B83
Reading graphs...
20 :  79
20 :  75
Initializing...
maxdom : 6
D->valSize : 100
Solving...
Blb : 2 (clique : 5)
currentSize : 5 <-- 0.000553 s
currentSize : 6 <-- 0.000582 s
currentSize : 7 <-- 0.000648 s
currentSize : 8 <-- 0.000898 s
currentSize : 9 <-- 0.001355 s

maxsize : 9
nodes : 843.000000
filtered : 10625.000000
time : 0.002848
