Parameters: GAD=1 vflib=1 dir=0 label=1 lowerbound=1 fileNameGp=../graphsdb/mcs50/m2D/m2Dr2/mcs50_m2Dr2_s50.A57 fileNameGt=../graphsdb/mcs50/m2D/m2Dr2/mcs50_m2Dr2_s50.B57
Reading graphs...
50 :  95
50 :  95
Initializing...
maxdom : 8
D->valSize : 355
Solving...
Blb : 3 (clique : 20)
currentSize : 20 <-- 0.002592 s
currentSize : 21 <-- 0.311686 s
currentSize : 22 <-- 0.711336 s
currentSize : 23 <-- 1.238296 s
currentSize : 24 <-- 6.631761 s
currentSize : 25 <-- 16.356133 s
currentSize : 26 <-- 16.357107 s
currentSize : 27 <-- 242.732895 s
currentSize : 28 <-- 242.732971 s
currentSize : 29 <-- 248.122391 s

maxsize : 29
nodes : 56470983.000000
filtered : 763382370.000000
time : 262.350952
