Parameters: GAD=1 vflib=1 dir=0 label=1 lowerbound=1 fileNameGp=../graphsdb/mcs50/bvg/b06/mcs50_b06_s60.A87 fileNameGt=../graphsdb/mcs50/bvg/b06/mcs50_b06_s60.B87
Reading graphs...
60 :  179
60 :  180
Initializing...
maxdom : 6
D->valSize : 252
Solving...
Blb : 2 (clique : 26)
currentSize : 26 <-- 0.001897 s
currentSize : 27 <-- 3.662402 s
currentSize : 28 <-- 3.662451 s
currentSize : 29 <-- 3.867351 s
currentSize : 30 <-- 9.758145 s
currentSize : 31 <-- 12.801554 s

maxsize : 31
nodes : 5230609.000000
filtered : 36549067.000000
time : 22.296215
