Parameters: GAD=1 vflib=1 dir=0 label=1 lowerbound=1 fileNameGp=../graphsdb/mcs50/m2D/m2Dr4/mcs50_m2Dr4_s100.A01 fileNameGt=../graphsdb/mcs50/m2D/m2Dr4/mcs50_m2Dr4_s100.B01
Reading graphs...
100 :  220
100 :  217
Initializing...
maxdom : 7
D->valSize : 349
Solving...
Blb : 2 (clique : 39)
currentSize : 39 <-- 0.003700 s
currentSize : 40 <-- 0.005518 s
currentSize : 41 <-- 0.025571 s
currentSize : 42 <-- 0.057720 s
currentSize : 43 <-- 0.117308 s
currentSize : 44 <-- 0.368314 s
currentSize : 45 <-- 2.272239 s

TIMEOUT
maxsize : 45
nodes : 708279723.000000
filtered : 2463528110.000000
time : 3600.000000
