Parameters: GAD=1 vflib=1 dir=0 label=1 lowerbound=1 fileNameGp=../graphsdb/mcs50/m2D/m2D/mcs50_m2D_s60.A74 fileNameGt=../graphsdb/mcs50/m2D/m2D/mcs50_m2D_s60.B74
Reading graphs...
60 :  104
60 :  104
Initializing...
maxdom : 7
D->valSize : 262
Solving...
Blb : 2 (clique : 24)
currentSize : 24 <-- 0.001987 s
currentSize : 25 <-- 0.002372 s
currentSize : 26 <-- 0.003491 s
currentSize : 27 <-- 0.006289 s
currentSize : 28 <-- 0.012144 s

maxsize : 28
nodes : 83500193.000000
filtered : 535317887.000000
time : 356.501251
