Parameters: GAD=1 vflib=1 dir=0 label=1 lowerbound=1 fileNameGp=../graphsdb/mcs50/m3D/m3Dr4/mcs50_m3Dr4_s50.A92 fileNameGt=../graphsdb/mcs50/m3D/m3Dr4/mcs50_m3Dr4_s50.B92
Reading graphs...
50 :  127
50 :  129
Initializing...
maxdom : 10
D->valSize : 331
Solving...
Blb : 3 (clique : 23)
currentSize : 23 <-- 0.002640 s
currentSize : 24 <-- 0.133547 s
currentSize : 25 <-- 1.856334 s
currentSize : 27 <-- 3.358664 s
currentSize : 28 <-- 4.099736 s

maxsize : 28
nodes : 1088293.000000
filtered : 13406942.000000
time : 4.736219
