Parameters: GAD=1 vflib=1 dir=0 label=1 lowerbound=1 fileNameGp=../graphsdb/mcs50/rand/r005/mcs50_r005_s100.A24 fileNameGt=../graphsdb/mcs50/rand/r005/mcs50_r005_s100.B24
Reading graphs...
100 :  485
100 :  484
Initializing...
maxdom : 6
D->valSize : 349
Solving...
Blb : 2 (clique : 22)
currentSize : 22 <-- 0.003597 s
currentSize : 23 <-- 0.004316 s
currentSize : 24 <-- 0.010829 s
currentSize : 25 <-- 0.013394 s
currentSize : 27 <-- 0.033257 s
currentSize : 28 <-- 0.033310 s
currentSize : 30 <-- 0.036805 s
currentSize : 31 <-- 0.036869 s
currentSize : 32 <-- 0.038039 s
currentSize : 34 <-- 0.247294 s
currentSize : 35 <-- 0.248541 s
currentSize : 37 <-- 0.249293 s
currentSize : 40 <-- 1.218237 s
currentSize : 43 <-- 1.219770 s
currentSize : 49 <-- 5.398640 s

maxsize : 49
nodes : 3371410.000000
filtered : 23106053.000000
time : 20.683399
