Parameters: GAD=1 vflib=1 dir=0 label=1 lowerbound=1 fileNameGp=../graphsdb/mcs50/rand/r01/mcs50_r01_s50.A32 fileNameGt=../graphsdb/mcs50/rand/r01/mcs50_r01_s50.B32
Reading graphs...
50 :  228
50 :  232
Initializing...
maxdom : 10
D->valSize : 328
Solving...
Blb : 2 (clique : 17)
currentSize : 17 <-- 0.002825 s
currentSize : 18 <-- 0.003010 s
currentSize : 19 <-- 0.003255 s
currentSize : 21 <-- 0.003319 s
currentSize : 23 <-- 0.003929 s

maxsize : 23
nodes : 137857.000000
filtered : 2980199.000000
time : 0.740461
