Parameters: GAD=1 vflib=1 dir=0 label=1 lowerbound=1 fileNameGp=../graphsdb/mcs50/rand/r01/mcs50_r01_s50.A90 fileNameGt=../graphsdb/mcs50/rand/r01/mcs50_r01_s50.B90
Reading graphs...
50 :  232
50 :  231
Initializing...
maxdom : 12
D->valSize : 324
Solving...
Blb : 2 (clique : 12)
currentSize : 12 <-- 0.002344 s
currentSize : 13 <-- 0.003238 s
currentSize : 14 <-- 0.003457 s
currentSize : 17 <-- 0.007783 s
currentSize : 19 <-- 0.007822 s
currentSize : 25 <-- 0.008089 s

maxsize : 25
nodes : 9301.000000
filtered : 188983.000000
time : 0.050640
