Parameters: GAD=1 vflib=1 dir=0 label=1 lowerbound=1 fileNameGp=../graphsdb/mcs50/bvg/b09m/mcs50_b09m_s90.A81 fileNameGt=../graphsdb/mcs50/bvg/b09m/mcs50_b09m_s90.B81
Reading graphs...
90 :  396
90 :  400
Initializing...
maxdom : 9
D->valSize : 558
Solving...
Blb : 2 (clique : 34)
currentSize : 34 <-- 0.010384 s
currentSize : 35 <-- 0.010769 s
currentSize : 40 <-- 0.114052 s
currentSize : 41 <-- 0.114163 s
currentSize : 42 <-- 0.116950 s
currentSize : 43 <-- 0.117004 s

TIMEOUT
maxsize : 43
nodes : 799637497.000000
filtered : 2770984850.000000
time : 3600.000000
