Parameters: GAD=1 vflib=1 dir=0 label=1 lowerbound=1 fileNameGp=../graphsdb/mcs50/bvg/b09m/mcs50_b09m_s60.A74 fileNameGt=../graphsdb/mcs50/bvg/b09m/mcs50_b09m_s60.B74
Reading graphs...
60 :  260
60 :  263
Initializing...
maxdom : 7
D->valSize : 232
Solving...
Blb : 3 (clique : 14)
currentSize : 14 <-- 0.001882 s
currentSize : 15 <-- 0.001983 s
currentSize : 16 <-- 0.003584 s
currentSize : 17 <-- 0.013704 s
currentSize : 20 <-- 0.541747 s
currentSize : 21 <-- 0.543147 s
currentSize : 22 <-- 0.569893 s
currentSize : 23 <-- 1.121667 s
currentSize : 24 <-- 1.639030 s
currentSize : 25 <-- 1.700041 s
currentSize : 26 <-- 1.700139 s
currentSize : 28 <-- 1.702580 s

maxsize : 28
nodes : 535636.000000
filtered : 3112198.000000
time : 2.062159
