Parameters: GAD=1 vflib=1 dir=0 label=1 lowerbound=1 fileNameGp=../graphsdb/mcs50/m2D/m2Dr4/mcs50_m2Dr4_s90.A67 fileNameGt=../graphsdb/mcs50/m2D/m2Dr4/mcs50_m2Dr4_s90.B67
Reading graphs...
90 :  195
90 :  193
Initializing...
maxdom : 11
D->valSize : 537
Solving...
Blb : 2 (clique : 46)
currentSize : 46 <-- 0.010531 s
currentSize : 47 <-- 0.014791 s
currentSize : 48 <-- 0.032273 s
currentSize : 49 <-- 21.915907 s
currentSize : 50 <-- 21.919096 s
currentSize : 51 <-- 21.919483 s
currentSize : 52 <-- 21.920374 s
currentSize : 53 <-- 28.129984 s

TIMEOUT
maxsize : 53
nodes : 629688825.000000
filtered : 3832596534.000000
time : 3600.000000
