Parameters: GAD=1 vflib=1 dir=0 label=1 lowerbound=1 fileNameGp=../graphsdb/mcs50/bvg/b06/mcs50_b06_s80.A17 fileNameGt=../graphsdb/mcs50/bvg/b06/mcs50_b06_s80.B17
Reading graphs...
80 :  238
80 :  240
Initializing...
maxdom : 8
D->valSize : 420
Solving...
Blb : 2 (clique : 28)
currentSize : 28 <-- 0.004282 s
currentSize : 29 <-- 0.018990 s
currentSize : 31 <-- 0.106726 s
currentSize : 32 <-- 0.106879 s
currentSize : 33 <-- 0.376734 s
currentSize : 34 <-- 16.925179 s
currentSize : 35 <-- 59.726711 s
currentSize : 36 <-- 532.841309 s
currentSize : 37 <-- 593.617432 s
currentSize : 38 <-- 616.017212 s
currentSize : 39 <-- 858.956055 s
currentSize : 40 <-- 1115.223511 s
currentSize : 41 <-- 1115.236694 s
currentSize : 42 <-- 1160.256104 s

maxsize : 42
nodes : 332320931.000000
filtered : 2335538613.000000
time : 1675.243896
