Parameters: GAD=1 vflib=1 dir=0 label=1 lowerbound=1 fileNameGp=../graphsdb/mcs50/bvg/b03/mcs50_b03_s70.A54 fileNameGt=../graphsdb/mcs50/bvg/b03/mcs50_b03_s70.B54
Reading graphs...
70 :  104
70 :  105
Initializing...
maxdom : 9
D->valSize : 346
Solving...
Blb : 2 (clique : 31)
currentSize : 31 <-- 0.003242 s
currentSize : 32 <-- 0.003531 s
currentSize : 33 <-- 0.003727 s
currentSize : 35 <-- 0.010015 s
currentSize : 36 <-- 0.010294 s
currentSize : 37 <-- 0.075024 s
currentSize : 38 <-- 0.075092 s
currentSize : 39 <-- 0.252924 s

maxsize : 39
nodes : 142556081.000000
filtered : 1108197843.000000
time : 723.603088
