Parameters: GAD=1 vflib=1 dir=0 label=1 lowerbound=1 fileNameGp=../graphsdb/mcs50/bvg/b06m/mcs50_b06m_s50.A85 fileNameGt=../graphsdb/mcs50/bvg/b06m/mcs50_b06m_s50.B85
Reading graphs...
50 :  144
50 :  147
Initializing...
maxdom : 11
D->valSize : 359
Solving...
Blb : 2 (clique : 16)
currentSize : 16 <-- 0.002651 s
currentSize : 18 <-- 0.002752 s
currentSize : 19 <-- 0.004768 s
currentSize : 20 <-- 0.042830 s
currentSize : 21 <-- 0.632957 s
currentSize : 22 <-- 1.259282 s
currentSize : 23 <-- 1.277824 s
currentSize : 25 <-- 2.232451 s
currentSize : 26 <-- 2.482159 s
currentSize : 27 <-- 2.482205 s

maxsize : 27
nodes : 1116837.000000
filtered : 13458889.000000
time : 4.795572
