Parameters: GAD=1 vflib=1 dir=0 label=1 lowerbound=1 fileNameGp=../graphsdb/mcs50/bvg/b09/mcs50_b09_s70.A86 fileNameGt=../graphsdb/mcs50/bvg/b09/mcs50_b09_s70.B86
Reading graphs...
70 :  313
70 :  314
Initializing...
maxdom : 9
D->valSize : 359
Solving...
Blb : 2 (clique : 22)
currentSize : 22 <-- 0.003067 s
currentSize : 23 <-- 0.003206 s
currentSize : 29 <-- 0.009294 s
currentSize : 30 <-- 0.009366 s
currentSize : 32 <-- 0.059749 s
currentSize : 34 <-- 0.059871 s

maxsize : 34
nodes : 1654918.000000
filtered : 9885482.000000
time : 7.142087
