Parameters: GAD=1 vflib=1 dir=0 label=1 lowerbound=1 fileNameGp=../graphsdb/mcs50/rand/r005/mcs50_r005_s100.A19 fileNameGt=../graphsdb/mcs50/rand/r005/mcs50_r005_s100.B19
Reading graphs...
100 :  481
100 :  486
Initializing...
maxdom : 7
D->valSize : 372
Solving...
Blb : 2 (clique : 23)
currentSize : 23 <-- 0.006052 s
currentSize : 25 <-- 0.008856 s
currentSize : 26 <-- 0.037233 s
currentSize : 27 <-- 0.139328 s
currentSize : 28 <-- 0.169836 s
currentSize : 29 <-- 0.192296 s
currentSize : 30 <-- 0.192373 s
currentSize : 31 <-- 0.196637 s
currentSize : 32 <-- 0.258474 s
currentSize : 33 <-- 0.290046 s
currentSize : 34 <-- 0.865793 s
currentSize : 35 <-- 0.892499 s
currentSize : 36 <-- 2.330787 s
currentSize : 38 <-- 2.515447 s
currentSize : 39 <-- 45.885292 s
currentSize : 40 <-- 69.744293 s
currentSize : 41 <-- 70.440491 s
currentSize : 42 <-- 70.441063 s
currentSize : 43 <-- 73.021141 s
currentSize : 44 <-- 94.803902 s
currentSize : 49 <-- 100.262878 s

maxsize : 49
nodes : 34427074.000000
filtered : 182386900.000000
time : 186.955826
