Parameters: GAD=1 vflib=1 dir=0 label=1 lowerbound=1 fileNameGp=../graphsdb/mcs50/rand/r005/mcs50_r005_s80.A76 fileNameGt=../graphsdb/mcs50/rand/r005/mcs50_r005_s80.B76
Reading graphs...
80 :  307
80 :  305
Initializing...
maxdom : 9
D->valSize : 440
Solving...
Blb : 2 (clique : 20)
currentSize : 20 <-- 0.004368 s
currentSize : 21 <-- 0.005917 s
currentSize : 22 <-- 0.071841 s
currentSize : 23 <-- 0.632168 s
currentSize : 24 <-- 2.424417 s
currentSize : 25 <-- 24.086988 s
currentSize : 26 <-- 24.088041 s
currentSize : 27 <-- 27.845390 s
currentSize : 28 <-- 122.194878 s
currentSize : 30 <-- 479.558167 s
currentSize : 31 <-- 479.562073 s
currentSize : 33 <-- 688.587219 s
currentSize : 34 <-- 688.587341 s
currentSize : 35 <-- 824.066345 s
currentSize : 36 <-- 828.867737 s
currentSize : 37 <-- 828.868103 s
currentSize : 40 <-- 828.868530 s

maxsize : 40
nodes : 149448303.000000
filtered : 1692027254.000000
time : 847.268005
