Parameters: GAD=1 vflib=1 dir=0 label=1 lowerbound=1 fileNameGp=../graphsdb/mcs50/bvg/b09m/mcs50_b09m_s100.A76 fileNameGt=../graphsdb/mcs50/bvg/b09m/mcs50_b09m_s100.B76
Reading graphs...
100 :  440
100 :  442
Initializing...
maxdom : 6
D->valSize : 361
Solving...
Blb : 2 (clique : 31)
currentSize : 31 <-- 0.003835 s
currentSize : 32 <-- 0.005068 s
currentSize : 33 <-- 0.752455 s
currentSize : 34 <-- 6.137801 s
currentSize : 35 <-- 6.148095 s
currentSize : 36 <-- 6.149500 s
currentSize : 37 <-- 13.176893 s
currentSize : 38 <-- 13.195272 s
currentSize : 39 <-- 13.195655 s
currentSize : 42 <-- 13.252879 s
currentSize : 43 <-- 21.138884 s
currentSize : 44 <-- 21.139227 s
currentSize : 47 <-- 21.256071 s
currentSize : 48 <-- 121.161156 s
currentSize : 49 <-- 121.161438 s

maxsize : 49
nodes : 53818519.000000
filtered : 252681330.000000
time : 288.310760
