Parameters: GAD=1 vflib=1 dir=0 label=1 lowerbound=1 fileNameGp=../graphsdb/mcs50/bvg/b06/mcs50_b06_s40.A60 fileNameGt=../graphsdb/mcs50/bvg/b06/mcs50_b06_s40.B60
Reading graphs...
40 :  119
40 :  116
Initializing...
maxdom : 10
D->valSize : 251
Solving...
Blb : 2 (clique : 10)
currentSize : 10 <-- 0.002284 s
currentSize : 11 <-- 0.003019 s
currentSize : 12 <-- 0.003092 s
currentSize : 13 <-- 0.015368 s
currentSize : 14 <-- 0.018197 s
currentSize : 15 <-- 0.060579 s
currentSize : 16 <-- 0.077471 s
currentSize : 17 <-- 0.078299 s
currentSize : 18 <-- 0.080987 s
currentSize : 20 <-- 0.090313 s
currentSize : 21 <-- 0.112961 s

maxsize : 21
nodes : 25589.000000
filtered : 312804.000000
time : 0.124635
