Parameters: GAD=1 vflib=1 dir=0 label=1 lowerbound=1 fileNameGp=../graphsdb/mcs50/rand/r005/mcs50_r005_s60.A23 fileNameGt=../graphsdb/mcs50/rand/r005/mcs50_r005_s60.B23
Reading graphs...
60 :  172
60 :  175
Initializing...
maxdom : 7
D->valSize : 253
Solving...
Blb : 2 (clique : 18)
currentSize : 18 <-- 0.001879 s
currentSize : 20 <-- 0.001995 s
currentSize : 21 <-- 0.050639 s
currentSize : 23 <-- 0.211488 s
currentSize : 24 <-- 1.421995 s
currentSize : 25 <-- 1.422325 s
currentSize : 26 <-- 1.917101 s
currentSize : 28 <-- 1.946546 s
currentSize : 30 <-- 2.218650 s

maxsize : 30
nodes : 664981.000000
filtered : 5552882.000000
time : 3.017037
