Parameters: GAD=1 vflib=1 dir=0 label=1 lowerbound=1 fileNameGp=../graphsdb/mcs50/rand/r005/mcs50_r005_s70.A47 fileNameGt=../graphsdb/mcs50/rand/r005/mcs50_r005_s70.B47
Reading graphs...
70 :  233
70 :  233
Initializing...
maxdom : 9
D->valSize : 342
Solving...
Blb : 2 (clique : 23)
currentSize : 23 <-- 0.004712 s
currentSize : 24 <-- 0.006973 s
currentSize : 25 <-- 0.008115 s
currentSize : 26 <-- 0.008182 s
currentSize : 33 <-- 0.014606 s
currentSize : 34 <-- 0.014723 s

maxsize : 34
nodes : 2825894.000000
filtered : 35328912.000000
time : 16.921331
