Parameters: GAD=1 vflib=1 dir=0 label=1 lowerbound=1 fileNameGp=../graphsdb/mcs50/m2D/m2D/mcs50_m2D_s50.A81 fileNameGt=../graphsdb/mcs50/m2D/m2D/mcs50_m2D_s50.B81
Reading graphs...
50 :  84
50 :  85
Initializing...
maxdom : 9
D->valSize : 315
Solving...
Blb : 2 (clique : 19)
currentSize : 19 <-- 0.003665 s
currentSize : 20 <-- 0.003964 s
currentSize : 21 <-- 0.005630 s
currentSize : 22 <-- 0.019062 s
currentSize : 23 <-- 0.122931 s
currentSize : 24 <-- 0.181906 s
currentSize : 25 <-- 37.404579 s
currentSize : 26 <-- 157.041962 s
currentSize : 27 <-- 327.974121 s
currentSize : 28 <-- 327.984680 s

maxsize : 28
nodes : 90290092.000000
filtered : 983555406.000000
time : 366.288666
