Parameters: GAD=1 vflib=1 dir=0 label=1 lowerbound=1 fileNameGp=../graphsdb/mcs50/rand/r005/mcs50_r005_s40.A15 fileNameGt=../graphsdb/mcs50/rand/r005/mcs50_r005_s40.B15
Reading graphs...
40 :  76
40 :  77
Initializing...
maxdom : 8
D->valSize : 204
Solving...
Blb : 2 (clique : 12)
currentSize : 12 <-- 0.001134 s
currentSize : 13 <-- 0.001384 s
currentSize : 14 <-- 0.013240 s
currentSize : 15 <-- 0.043161 s
currentSize : 16 <-- 0.218463 s
currentSize : 17 <-- 0.568427 s
currentSize : 20 <-- 0.877861 s
currentSize : 21 <-- 0.877916 s

maxsize : 21
nodes : 384412.000000
filtered : 2311310.000000
time : 1.096934
