Parameters: GAD=1 vflib=1 dir=0 label=1 lowerbound=1 fileNameGp=../graphsdb/mcs50/m2D/m2Dr2/mcs50_m2Dr2_s70.A03 fileNameGt=../graphsdb/mcs50/m2D/m2Dr2/mcs50_m2Dr2_s70.B03
Reading graphs...
70 :  135
70 :  135
Initializing...
maxdom : 8
D->valSize : 349
Solving...
Blb : 2 (clique : 32)
currentSize : 32 <-- 0.003300 s
currentSize : 34 <-- 0.004456 s
currentSize : 35 <-- 0.006129 s
currentSize : 36 <-- 0.037362 s
currentSize : 38 <-- 20.761255 s
currentSize : 39 <-- 20.762032 s
currentSize : 40 <-- 20.778353 s

maxsize : 40
nodes : 68223738.000000
filtered : 439394477.000000
time : 305.454041
