Parameters: GAD=1 vflib=1 dir=0 label=1 lowerbound=1 fileNameGp=../graphsdb/mcs50/rand/r005/mcs50_r005_s90.A79 fileNameGt=../graphsdb/mcs50/rand/r005/mcs50_r005_s90.B79
Reading graphs...
90 :  391
90 :  385
Initializing...
maxdom : 10
D->valSize : 570
Solving...
Blb : 2 (clique : 23)
currentSize : 23 <-- 0.006726 s
currentSize : 34 <-- 0.006960 s
currentSize : 36 <-- 0.007041 s
currentSize : 38 <-- 0.007199 s
currentSize : 40 <-- 8.054146 s
currentSize : 41 <-- 8.054275 s
currentSize : 44 <-- 8.054500 s

maxsize : 44
nodes : 24133951.000000
filtered : 337694246.000000
time : 172.192551
