Parameters: GAD=1 vflib=1 dir=0 label=1 lowerbound=1 fileNameGp=../graphsdb/mcs50/m2D/m2D/mcs50_m2D_s50.A67 fileNameGt=../graphsdb/mcs50/m2D/m2D/mcs50_m2D_s50.B67
Reading graphs...
50 :  84
50 :  84
Initializing...
maxdom : 13
D->valSize : 327
Solving...
Blb : 2 (clique : 20)
currentSize : 20 <-- 0.002459 s
currentSize : 21 <-- 0.008123 s
currentSize : 22 <-- 0.014788 s
currentSize : 23 <-- 0.022895 s
currentSize : 24 <-- 0.406646 s
currentSize : 25 <-- 4.053386 s
currentSize : 26 <-- 7.980375 s
currentSize : 27 <-- 9.936419 s

maxsize : 27
nodes : 2348144.000000
filtered : 31851655.000000
time : 11.284214
