Parameters: GAD=1 vflib=1 dir=0 label=1 lowerbound=1 fileNameGp=../graphsdb/mcs50/m2D/m2Dr4/mcs50_m2Dr4_s60.A30 fileNameGt=../graphsdb/mcs50/m2D/m2Dr4/mcs50_m2Dr4_s60.B30
Reading graphs...
60 :  126
60 :  126
Initializing...
maxdom : 7
D->valSize : 240
Solving...
Blb : 2 (clique : 19)
currentSize : 19 <-- 0.002647 s
currentSize : 20 <-- 0.003999 s
currentSize : 21 <-- 0.166451 s
currentSize : 22 <-- 1.265599 s
currentSize : 23 <-- 23.707512 s
currentSize : 24 <-- 36.848709 s
currentSize : 25 <-- 36.864685 s
currentSize : 26 <-- 67.409401 s

maxsize : 26
nodes : 64057502.000000
filtered : 374144966.000000
time : 261.405823
