Parameters: GAD=1 vflib=1 dir=0 label=1 lowerbound=1 fileNameGp=../graphsdb/mcs50/bvg/b06/mcs50_b06_s50.A50 fileNameGt=../graphsdb/mcs50/bvg/b06/mcs50_b06_s50.B50
Reading graphs...
50 :  148
50 :  149
Initializing...
maxdom : 12
D->valSize : 352
Solving...
Blb : 2 (clique : 16)
currentSize : 16 <-- 0.002734 s
currentSize : 17 <-- 0.015507 s
currentSize : 18 <-- 0.118464 s
currentSize : 20 <-- 0.118507 s
currentSize : 21 <-- 0.119026 s
currentSize : 22 <-- 0.393648 s
currentSize : 23 <-- 0.779174 s
currentSize : 24 <-- 1.625276 s
currentSize : 25 <-- 1.968917 s
currentSize : 26 <-- 2.079675 s
currentSize : 27 <-- 4.345258 s

maxsize : 27
nodes : 1034493.000000
filtered : 16178494.000000
time : 4.824431
