Parameters: GAD=1 vflib=1 dir=0 label=1 lowerbound=1 fileNameGp=../graphsdb/mcs50/m2D/m2Dr6/mcs50_m2Dr6_s70.A19 fileNameGt=../graphsdb/mcs50/m2D/m2Dr6/mcs50_m2Dr6_s70.B19
Reading graphs...
70 :  162
70 :  162
Initializing...
maxdom : 8
D->valSize : 319
Solving...
Blb : 2 (clique : 27)
currentSize : 27 <-- 0.004351 s
currentSize : 28 <-- 0.005364 s
currentSize : 29 <-- 0.006784 s
currentSize : 30 <-- 0.009777 s
currentSize : 36 <-- 0.043838 s
currentSize : 37 <-- 0.044071 s

maxsize : 37
nodes : 53596046.000000
filtered : 364887956.000000
time : 265.457794
