Parameters: GAD=1 vflib=1 dir=0 label=1 lowerbound=1 fileNameGp=../graphsdb/mcs50/m2D/m2Dr4/mcs50_m2Dr4_s90.A84 fileNameGt=../graphsdb/mcs50/m2D/m2Dr4/mcs50_m2Dr4_s90.B84
Reading graphs...
90 :  195
90 :  195
Initializing...
maxdom : 12
D->valSize : 585
Solving...
Blb : 2 (clique : 35)
currentSize : 35 <-- 0.007254 s
currentSize : 36 <-- 0.007649 s
currentSize : 37 <-- 0.010766 s
currentSize : 38 <-- 0.186257 s
currentSize : 39 <-- 0.335710 s
currentSize : 40 <-- 2.269110 s
currentSize : 41 <-- 2.269433 s
currentSize : 42 <-- 2.682143 s
currentSize : 43 <-- 2.682327 s

TIMEOUT
maxsize : 43
nodes : 566715332.000000
filtered : 5684296781.000000
time : 3600.000000
