Parameters: GAD=1 vflib=1 dir=0 label=1 lowerbound=1 fileNameGp=../graphsdb/mcs50/bvg/b03m/mcs50_b03m_s35.A76 fileNameGt=../graphsdb/mcs50/bvg/b03m/mcs50_b03m_s35.B76
Reading graphs...
35 :  51
35 :  51
Initializing...
maxdom : 10
D->valSize : 156
Solving...
Blb : 5 (clique : 14)
currentSize : 14 <-- 0.000837 s
currentSize : 15 <-- 0.003729 s
currentSize : 16 <-- 0.057761 s
currentSize : 17 <-- 0.291443 s
currentSize : 18 <-- 0.291981 s

maxsize : 18
nodes : 140541.000000
filtered : 1095638.000000
time : 0.389924
