Parameters: GAD=1 vflib=1 dir=0 label=1 lowerbound=1 fileNameGp=../graphsdb/mcs50/bvg/b06/mcs50_b06_s100.A24 fileNameGt=../graphsdb/mcs50/bvg/b06/mcs50_b06_s100.B24
Reading graphs...
100 :  296
100 :  299
Initializing...
maxdom : 6
D->valSize : 343
Solving...
Blb : 3 (clique : 35)
currentSize : 35 <-- 0.003413 s
currentSize : 36 <-- 0.007037 s
currentSize : 37 <-- 0.058694 s
currentSize : 38 <-- 0.546461 s
currentSize : 39 <-- 0.570295 s
currentSize : 40 <-- 0.572133 s
currentSize : 41 <-- 0.732140 s
currentSize : 43 <-- 2.634385 s
currentSize : 44 <-- 2.634531 s
currentSize : 45 <-- 2.637001 s
currentSize : 46 <-- 2.774939 s
currentSize : 47 <-- 2.775063 s
currentSize : 48 <-- 822.929810 s
currentSize : 49 <-- 822.929932 s
currentSize : 50 <-- 822.930298 s

TIMEOUT
maxsize : 50
nodes : 658581858.000000
filtered : 2857543350.000000
time : 3600.000000
