Parameters: GAD=1 vflib=1 dir=0 label=1 lowerbound=1 fileNameGp=../graphsdb/mcs50/rand/r01/mcs50_r01_s100.A73 fileNameGt=../graphsdb/mcs50/rand/r01/mcs50_r01_s100.B73
Reading graphs...
100 :  936
100 :  937
Initializing...
maxdom : 5
D->valSize : 348
Solving...
Blb : 2 (clique : 33)
currentSize : 33 <-- 0.005454 s
currentSize : 34 <-- 0.005849 s
currentSize : 35 <-- 0.006076 s
currentSize : 39 <-- 0.006945 s
currentSize : 43 <-- 0.007248 s
currentSize : 44 <-- 0.007566 s
currentSize : 45 <-- 0.011553 s

maxsize : 45
nodes : 458718.000000
filtered : 4089587.000000
time : 3.055119
