Parameters: GAD=1 vflib=1 dir=0 label=1 lowerbound=1 fileNameGp=../graphsdb/mcs50/m4D/m4Dr2/mcs50_m4Dr2_s35.A26 fileNameGt=../graphsdb/mcs50/m4D/m4Dr2/mcs50_m4Dr2_s35.B26
Reading graphs...
35 :  69
35 :  69
Initializing...
maxdom : 8
D->valSize : 179
Solving...
Blb : 2 (clique : 14)
currentSize : 14 <-- 0.001023 s
currentSize : 15 <-- 0.001674 s
currentSize : 16 <-- 0.014323 s
currentSize : 18 <-- 0.021036 s
currentSize : 19 <-- 0.024884 s
currentSize : 20 <-- 0.025067 s

maxsize : 20
nodes : 12085.000000
filtered : 82157.000000
time : 0.037858
