Parameters: GAD=1 vflib=1 dir=0 label=1 lowerbound=1 fileNameGp=../graphsdb/mcs50/m2D/m2Dr4/mcs50_m2Dr4_s80.A28 fileNameGt=../graphsdb/mcs50/m2D/m2Dr4/mcs50_m2Dr4_s80.B28
Reading graphs...
80 :  173
80 :  172
Initializing...
maxdom : 9
D->valSize : 456
Solving...
Blb : 2 (clique : 33)
currentSize : 33 <-- 0.007713 s
currentSize : 34 <-- 0.010718 s
currentSize : 36 <-- 0.110018 s
currentSize : 37 <-- 0.117577 s
currentSize : 38 <-- 157.141373 s
currentSize : 39 <-- 157.141876 s
currentSize : 40 <-- 262.603760 s

TIMEOUT
maxsize : 40
nodes : 635732821.000000
filtered : 6118139989.000000
time : 3600.000000
