Parameters: GAD=1 vflib=1 dir=0 label=1 lowerbound=1 fileNameGp=../graphsdb/mcs50/rand/r005/mcs50_r005_s25.A52 fileNameGt=../graphsdb/mcs50/rand/r005/mcs50_r005_s25.B52
Reading graphs...
25 :  35
25 :  34
Initializing...
maxdom : 9
D->valSize : 155
Solving...
Blb : 2 (clique : 10)
currentSize : 10 <-- 0.000755 s
currentSize : 11 <-- 0.000798 s
currentSize : 12 <-- 0.003299 s
currentSize : 13 <-- 0.318166 s
currentSize : 14 <-- 0.457507 s

maxsize : 14
nodes : 230930.000000
filtered : 1698578.000000
time : 0.509644
