Parameters: GAD=1 vflib=1 dir=0 label=1 lowerbound=1 fileNameGp=../graphsdb/mcs50/rand/r02/mcs50_r02_s90.A78 fileNameGt=../graphsdb/mcs50/rand/r02/mcs50_r02_s90.B78
Reading graphs...
90 :  1433
90 :  1438
Initializing...
maxdom : 9
D->valSize : 555
Solving...
Blb : 2 (clique : 14)
currentSize : 14 <-- 0.006072 s
currentSize : 16 <-- 0.006266 s
currentSize : 18 <-- 0.008688 s
currentSize : 25 <-- 0.008921 s
currentSize : 26 <-- 0.008953 s
currentSize : 33 <-- 0.009933 s
currentSize : 34 <-- 0.051136 s

maxsize : 34
nodes : 3948467.000000
filtered : 3189488.000000
time : 13.910573
