Parameters: GAD=1 vflib=1 dir=0 label=1 lowerbound=1 fileNameGp=../graphsdb/mcs50/bvg/b06m/mcs50_b06m_s60.A14 fileNameGt=../graphsdb/mcs50/bvg/b06m/mcs50_b06m_s60.B14
Reading graphs...
60 :  175
60 :  176
Initializing...
maxdom : 7
D->valSize : 263
Solving...
Blb : 3 (clique : 22)
currentSize : 22 <-- 0.001901 s
currentSize : 23 <-- 0.124287 s
currentSize : 24 <-- 0.144951 s
currentSize : 25 <-- 0.507601 s
currentSize : 26 <-- 6.949787 s
currentSize : 27 <-- 7.512009 s
currentSize : 28 <-- 15.620496 s

maxsize : 28
nodes : 4315728.000000
filtered : 29826621.000000
time : 18.120264
