Parameters: GAD=1 vflib=1 dir=0 label=1 lowerbound=1 fileNameGp=../graphsdb/mcs50/bvg/b09/mcs50_b09_s60.A69 fileNameGt=../graphsdb/mcs50/bvg/b09/mcs50_b09_s60.B69
Reading graphs...
60 :  269
60 :  262
Initializing...
maxdom : 7
D->valSize : 261
Solving...
Blb : 2 (clique : 25)
currentSize : 25 <-- 0.001950 s
currentSize : 26 <-- 0.002085 s
currentSize : 27 <-- 0.002255 s
currentSize : 28 <-- 0.002480 s
currentSize : 29 <-- 0.002641 s
currentSize : 30 <-- 0.002733 s

maxsize : 30
nodes : 322340.000000
filtered : 1171219.000000
time : 1.139149
