Parameters: GAD=1 vflib=1 dir=0 label=1 lowerbound=1 fileNameGp=../graphsdb/mcs50/bvg/b09/mcs50_b09_s90.A15 fileNameGt=../graphsdb/mcs50/bvg/b09/mcs50_b09_s90.B15
Reading graphs...
90 :  400
90 :  401
Initializing...
maxdom : 13
D->valSize : 541
Solving...
Blb : 3 (clique : 32)
currentSize : 32 <-- 0.006155 s
currentSize : 33 <-- 0.317850 s
currentSize : 34 <-- 0.749415 s
currentSize : 35 <-- 24.875370 s
currentSize : 36 <-- 90.927238 s
currentSize : 38 <-- 90.927429 s
currentSize : 40 <-- 90.928154 s
currentSize : 41 <-- 90.936653 s
currentSize : 42 <-- 91.611290 s
currentSize : 44 <-- 91.612625 s

maxsize : 44
nodes : 70659680.000000
filtered : 497503913.000000
time : 398.935150
