Parameters: GAD=1 vflib=1 dir=0 label=1 lowerbound=1 fileNameGp=../graphsdb/mcs50/rand/r02/mcs50_r02_s30.A16 fileNameGt=../graphsdb/mcs50/rand/r02/mcs50_r02_s30.B16
Reading graphs...
30 :  159
30 :  157
Initializing...
maxdom : 6
D->valSize : 120
Solving...
Blb : 2 (clique : 6)
currentSize : 6 <-- 0.000696 s
currentSize : 9 <-- 0.000876 s
currentSize : 11 <-- 0.000997 s
currentSize : 12 <-- 0.001582 s
currentSize : 14 <-- 0.001889 s

maxsize : 14
nodes : 554.000000
filtered : 6819.000000
time : 0.002427
