Parameters: GAD=1 vflib=1 dir=0 label=1 lowerbound=1 fileNameGp=../graphsdb/mcs50/m2D/m2Dr6/mcs50_m2Dr6_s90.A00 fileNameGt=../graphsdb/mcs50/m2D/m2Dr6/mcs50_m2Dr6_s90.B00
Reading graphs...
90 :  214
90 :  215
Initializing...
maxdom : 9
D->valSize : 526
Solving...
Blb : 2 (clique : 38)
currentSize : 38 <-- 0.009946 s
currentSize : 41 <-- 0.010393 s
currentSize : 42 <-- 0.010518 s
currentSize : 44 <-- 0.011009 s
currentSize : 45 <-- 84.220230 s
currentSize : 46 <-- 2174.546875 s

TIMEOUT
maxsize : 46
nodes : 580446841.000000
filtered : 5201129679.000000
time : 3600.000000
