Parameters: GAD=1 vflib=1 dir=0 label=1 lowerbound=1 fileNameGp=../graphsdb/mcs50/rand/r01/mcs50_r01_s70.A59 fileNameGt=../graphsdb/mcs50/rand/r01/mcs50_r01_s70.B59
Reading graphs...
70 :  456
70 :  463
Initializing...
maxdom : 7
D->valSize : 334
Solving...
Blb : 2 (clique : 13)
currentSize : 13 <-- 0.002740 s
currentSize : 15 <-- 0.002848 s
currentSize : 16 <-- 0.002906 s
currentSize : 18 <-- 0.002951 s
currentSize : 26 <-- 0.012143 s
currentSize : 29 <-- 0.021058 s
currentSize : 33 <-- 0.105504 s

maxsize : 33
nodes : 51527.000000
filtered : 679803.000000
time : 0.287194
