Parameters: GAD=1 vflib=1 dir=0 label=1 lowerbound=1 fileNameGp=../graphsdb/mcs50/bvg/b09/mcs50_b09_s70.A81 fileNameGt=../graphsdb/mcs50/bvg/b09/mcs50_b09_s70.B81
Reading graphs...
70 :  311
70 :  311
Initializing...
maxdom : 7
D->valSize : 344
Solving...
Blb : 3 (clique : 17)
currentSize : 17 <-- 0.002892 s
currentSize : 18 <-- 0.038560 s
currentSize : 19 <-- 0.436203 s
currentSize : 20 <-- 0.437748 s
currentSize : 22 <-- 0.599951 s
currentSize : 23 <-- 0.832829 s
currentSize : 27 <-- 1.768613 s
currentSize : 29 <-- 1.770931 s
currentSize : 30 <-- 9.682406 s
currentSize : 32 <-- 9.686199 s
currentSize : 34 <-- 9.701914 s

maxsize : 34
nodes : 3890526.000000
filtered : 17136128.000000
time : 16.253252
