Parameters: GAD=1 vflib=1 dir=0 label=1 lowerbound=1 fileNameGp=../graphsdb/mcs50/m2D/m2D/mcs50_m2D_s100.A77 fileNameGt=../graphsdb/mcs50/m2D/m2D/mcs50_m2D_s100.B77
Reading graphs...
100 :  180
100 :  180
Initializing...
maxdom : 7
D->valSize : 329
Solving...
Blb : 2 (clique : 39)
currentSize : 39 <-- 0.003591 s
currentSize : 40 <-- 0.003950 s
currentSize : 41 <-- 0.025289 s
currentSize : 42 <-- 0.034907 s
currentSize : 43 <-- 0.077778 s
currentSize : 44 <-- 0.149519 s
currentSize : 45 <-- 298.921661 s

TIMEOUT
maxsize : 45
nodes : 696115716.000000
filtered : 3140563843.000000
time : 3600.000000
