Parameters: GAD=1 vflib=1 dir=0 label=1 lowerbound=1 fileNameGp=../graphsdb/mcs50/rand/r01/mcs50_r01_s100.A34 fileNameGt=../graphsdb/mcs50/rand/r01/mcs50_r01_s100.B34
Reading graphs...
100 :  933
100 :  938
Initializing...
maxdom : 6
D->valSize : 342
Solving...
Blb : 2 (clique : 16)
currentSize : 16 <-- 0.005202 s
currentSize : 17 <-- 0.005406 s
currentSize : 20 <-- 0.010300 s
currentSize : 21 <-- 0.011412 s
currentSize : 23 <-- 0.032800 s
currentSize : 24 <-- 0.033413 s
currentSize : 31 <-- 0.062173 s
currentSize : 32 <-- 0.062547 s
currentSize : 34 <-- 0.408975 s
currentSize : 35 <-- 0.411190 s
currentSize : 46 <-- 0.467377 s
currentSize : 47 <-- 0.467822 s

maxsize : 47
nodes : 196721.000000
filtered : 1891971.000000
time : 1.366429
