Parameters: GAD=1 vflib=1 dir=0 label=1 lowerbound=1 fileNameGp=../graphsdb/mcs50/m4D/m4Dr2/mcs50_m4Dr2_s40.A61 fileNameGt=../graphsdb/mcs50/m4D/m4Dr2/mcs50_m4Dr2_s40.B61
Reading graphs...
40 :  77
40 :  77
Initializing...
maxdom : 6
D->valSize : 201
Solving...
Blb : 2 (clique : 16)
currentSize : 16 <-- 0.001809 s
currentSize : 17 <-- 0.001931 s
currentSize : 18 <-- 0.003714 s
currentSize : 19 <-- 0.006220 s
currentSize : 20 <-- 0.194650 s

maxsize : 20
nodes : 2800733.000000
filtered : 21390781.000000
time : 9.115311
