Parameters: GAD=1 vflib=1 dir=0 label=1 lowerbound=1 fileNameGp=../graphsdb/mcs50/bvg/b09m/mcs50_b09m_s50.A70 fileNameGt=../graphsdb/mcs50/bvg/b09m/mcs50_b09m_s50.B70
Reading graphs...
50 :  221
50 :  215
Initializing...
maxdom : 11
D->valSize : 334
Solving...
Blb : 3 (clique : 19)
currentSize : 19 <-- 0.002488 s
currentSize : 20 <-- 0.010782 s
currentSize : 21 <-- 0.164874 s
currentSize : 22 <-- 0.214112 s
currentSize : 24 <-- 0.214665 s

maxsize : 24
nodes : 73104.000000
filtered : 1293251.000000
time : 0.340653
