Parameters: GAD=1 vflib=1 dir=0 label=1 lowerbound=1 fileNameGp=../graphsdb/mcs50/rand/r01/mcs50_r01_s50.A67 fileNameGt=../graphsdb/mcs50/rand/r01/mcs50_r01_s50.B67
Reading graphs...
50 :  231
50 :  232
Initializing...
maxdom : 10
D->valSize : 312
Solving...
Blb : 2 (clique : 12)
currentSize : 12 <-- 0.002148 s
currentSize : 13 <-- 0.003620 s
currentSize : 14 <-- 0.005164 s
currentSize : 15 <-- 0.005549 s
currentSize : 16 <-- 0.023397 s
currentSize : 17 <-- 0.058897 s
currentSize : 18 <-- 0.062200 s
currentSize : 20 <-- 0.076677 s
currentSize : 24 <-- 0.076736 s

maxsize : 24
nodes : 44444.000000
filtered : 776438.000000
time : 0.215445
