Parameters: GAD=1 vflib=1 dir=0 label=1 lowerbound=1 fileNameGp=../graphsdb/mcs50/rand/r005/mcs50_r005_s90.A13 fileNameGt=../graphsdb/mcs50/rand/r005/mcs50_r005_s90.B13
Reading graphs...
90 :  391
90 :  390
Initializing...
maxdom : 8
D->valSize : 527
Solving...
Blb : 2 (clique : 23)
currentSize : 23 <-- 0.005950 s
currentSize : 24 <-- 0.006186 s
currentSize : 26 <-- 0.006274 s
currentSize : 27 <-- 0.007238 s
currentSize : 28 <-- 19.357206 s
currentSize : 29 <-- 19.941128 s
currentSize : 30 <-- 20.009165 s
currentSize : 31 <-- 20.012028 s
currentSize : 32 <-- 32.828075 s
currentSize : 33 <-- 187.209961 s
currentSize : 37 <-- 187.210037 s
currentSize : 38 <-- 187.211487 s
currentSize : 40 <-- 911.463806 s
currentSize : 42 <-- 911.476562 s
currentSize : 45 <-- 911.491150 s

maxsize : 45
nodes : 151712055.000000
filtered : 2435634528.000000
time : 1069.427002
