Parameters: GAD=1 vflib=1 dir=0 label=1 lowerbound=1 fileNameGp=../graphsdb/mcs50/m2D/m2D/mcs50_m2D_s100.A19 fileNameGt=../graphsdb/mcs50/m2D/m2D/mcs50_m2D_s100.B19
Reading graphs...
100 :  180
100 :  180
Initializing...
maxdom : 8
D->valSize : 346
Solving...
Blb : 3 (clique : 40)
currentSize : 40 <-- 0.006030 s
currentSize : 41 <-- 9.623959 s
currentSize : 42 <-- 9.624317 s
currentSize : 43 <-- 26.077076 s
currentSize : 44 <-- 32.761372 s
currentSize : 45 <-- 142.508423 s

TIMEOUT
maxsize : 45
nodes : 732923704.000000
filtered : 2526797756.000000
time : 3600.000000
