Parameters: GAD=1 vflib=1 dir=0 label=1 lowerbound=1 fileNameGp=../graphsdb/mcs50/bvg/b06m/mcs50_b06m_s50.A25 fileNameGt=../graphsdb/mcs50/bvg/b06m/mcs50_b06m_s50.B25
Reading graphs...
50 :  149
50 :  148
Initializing...
maxdom : 11
D->valSize : 363
Solving...
Blb : 2 (clique : 21)
currentSize : 21 <-- 0.002724 s
currentSize : 23 <-- 0.023838 s
currentSize : 24 <-- 1.785639 s
currentSize : 25 <-- 1.785672 s
currentSize : 26 <-- 3.730220 s

maxsize : 26
nodes : 1009282.000000
filtered : 17387052.000000
time : 5.061108
