Parameters: GAD=1 vflib=1 dir=0 label=1 lowerbound=1 fileNameGp=../graphsdb/mcs50/m2D/m2Dr6/mcs50_m2Dr6_s40.A13 fileNameGt=../graphsdb/mcs50/m2D/m2Dr6/mcs50_m2Dr6_s40.B13
Reading graphs...
40 :  88
40 :  88
Initializing...
maxdom : 8
D->valSize : 197
Solving...
Blb : 2 (clique : 15)
currentSize : 15 <-- 0.001236 s
currentSize : 16 <-- 0.001640 s
currentSize : 17 <-- 0.001702 s
currentSize : 18 <-- 0.006253 s
currentSize : 19 <-- 0.006353 s

maxsize : 19
nodes : 75396.000000
filtered : 775777.000000
time : 0.284701
