Parameters: GAD=1 vflib=1 dir=0 label=1 lowerbound=1 fileNameGp=../graphsdb/mcs50/m3D/m3D/mcs50_m3D_s60.A93 fileNameGt=../graphsdb/mcs50/m3D/m3D/mcs50_m3D_s60.B93
Reading graphs...
60 :  134
60 :  132
Initializing...
maxdom : 6
D->valSize : 262
Solving...
Blb : 2 (clique : 24)
currentSize : 24 <-- 0.003125 s
currentSize : 25 <-- 0.003369 s
currentSize : 26 <-- 0.009001 s
currentSize : 27 <-- 0.009554 s
currentSize : 28 <-- 0.126003 s
currentSize : 29 <-- 1.030951 s

maxsize : 29
nodes : 13212101.000000
filtered : 108479099.000000
time : 60.276066
