Parameters: GAD=1 vflib=1 dir=0 label=1 lowerbound=1 fileNameGp=../graphsdb/mcs50/m2D/m2Dr4/mcs50_m2Dr4_s50.A37 fileNameGt=../graphsdb/mcs50/m2D/m2Dr4/mcs50_m2Dr4_s50.B37
Reading graphs...
50 :  104
50 :  105
Initializing...
maxdom : 11
D->valSize : 360
Solving...
Blb : 2 (clique : 20)
currentSize : 20 <-- 0.004963 s
currentSize : 21 <-- 1.210693 s
currentSize : 22 <-- 12.901229 s
currentSize : 23 <-- 18.959944 s
currentSize : 24 <-- 19.009081 s
currentSize : 25 <-- 28.957306 s
currentSize : 26 <-- 28.957502 s
currentSize : 27 <-- 28.957523 s

maxsize : 27
nodes : 10593976.000000
filtered : 143144163.000000
time : 45.664944
