Parameters: GAD=1 vflib=1 dir=0 label=1 lowerbound=1 fileNameGp=../graphsdb/mcs50/m4D/m4Dr4/mcs50_m4Dr4_s35.A08 fileNameGt=../graphsdb/mcs50/m4D/m4Dr4/mcs50_m4Dr4_s35.B08
Reading graphs...
35 :  74
35 :  75
Initializing...
maxdom : 6
D->valSize : 169
Solving...
Blb : 3 (clique : 14)
currentSize : 14 <-- 0.000950 s
currentSize : 15 <-- 0.001051 s
currentSize : 16 <-- 0.001241 s
currentSize : 17 <-- 0.008270 s
currentSize : 18 <-- 0.013845 s
currentSize : 19 <-- 0.283402 s

maxsize : 19
nodes : 101141.000000
filtered : 782691.000000
time : 0.337813
