Parameters: GAD=1 vflib=1 dir=0 label=1 lowerbound=1 fileNameGp=../graphsdb/mcs50/m3D/m3Dr6/mcs50_m3Dr6_s50.A27 fileNameGt=../graphsdb/mcs50/m3D/m3Dr6/mcs50_m3Dr6_s50.B27
Reading graphs...
50 :  135
50 :  134
Initializing...
maxdom : 10
D->valSize : 324
Solving...
Blb : 3 (clique : 17)
currentSize : 17 <-- 0.002309 s
currentSize : 18 <-- 0.028892 s
currentSize : 19 <-- 0.084755 s
currentSize : 20 <-- 0.187146 s
currentSize : 21 <-- 0.655264 s
currentSize : 22 <-- 0.655299 s
currentSize : 23 <-- 0.655357 s
currentSize : 24 <-- 0.655444 s
currentSize : 28 <-- 2.984473 s

maxsize : 28
nodes : 1028859.000000
filtered : 12946319.000000
time : 4.501492
