Parameters: GAD=1 vflib=1 dir=0 label=1 lowerbound=1 fileNameGp=../graphsdb/mcs50/bvg/b03/mcs50_b03_s30.A06 fileNameGt=../graphsdb/mcs50/bvg/b03/mcs50_b03_s30.B06
Reading graphs...
30 :  45
30 :  45
Initializing...
maxdom : 5
D->valSize : 112
Solving...
Blb : 2 (clique : 11)
currentSize : 11 <-- 0.000739 s
currentSize : 12 <-- 0.001297 s
currentSize : 13 <-- 0.007038 s
currentSize : 14 <-- 0.014644 s
currentSize : 15 <-- 0.017872 s
currentSize : 17 <-- 0.018009 s

maxsize : 17
nodes : 10890.000000
filtered : 45463.000000
time : 0.029194
