Parameters: GAD=1 vflib=1 dir=0 label=1 lowerbound=1 fileNameGp=../graphsdb/mcs50/bvg/b06m/mcs50_b06m_s80.A69 fileNameGt=../graphsdb/mcs50/bvg/b06m/mcs50_b06m_s80.B69
Reading graphs...
80 :  240
80 :  239
Initializing...
maxdom : 9
D->valSize : 444
Solving...
Blb : 2 (clique : 26)
currentSize : 26 <-- 0.004479 s
currentSize : 27 <-- 0.188034 s
currentSize : 28 <-- 0.440793 s
currentSize : 29 <-- 3.752499 s
currentSize : 30 <-- 61.493546 s
currentSize : 31 <-- 127.625717 s
currentSize : 32 <-- 163.103195 s
currentSize : 33 <-- 163.110992 s
currentSize : 34 <-- 166.034622 s
currentSize : 35 <-- 259.163635 s
currentSize : 36 <-- 259.181488 s
currentSize : 37 <-- 259.749634 s
currentSize : 38 <-- 259.754761 s
currentSize : 39 <-- 259.786499 s
currentSize : 40 <-- 672.914551 s
currentSize : 41 <-- 745.735413 s
currentSize : 42 <-- 745.839355 s

maxsize : 42
nodes : 221637672.000000
filtered : 1857741828.000000
time : 1186.552368
