Parameters: GAD=1 vflib=1 dir=0 label=1 lowerbound=1 fileNameGp=../graphsdb/mcs50/rand/r01/mcs50_r01_s60.A27 fileNameGt=../graphsdb/mcs50/rand/r01/mcs50_r01_s60.B27
Reading graphs...
60 :  336
60 :  336
Initializing...
maxdom : 6
D->valSize : 259
Solving...
Blb : 5 (clique : 11)
currentSize : 11 <-- 0.001804 s
currentSize : 12 <-- 0.001962 s
currentSize : 13 <-- 0.002132 s
currentSize : 14 <-- 0.006427 s
currentSize : 17 <-- 0.008437 s
currentSize : 18 <-- 0.008639 s
currentSize : 19 <-- 0.008939 s
currentSize : 20 <-- 0.056139 s
currentSize : 22 <-- 0.065841 s
currentSize : 25 <-- 0.066039 s
currentSize : 29 <-- 0.123813 s

maxsize : 29
nodes : 32554.000000
filtered : 421231.000000
time : 0.166463
