Parameters: GAD=1 vflib=1 dir=0 label=1 lowerbound=1 fileNameGp=../graphsdb/mcs50/bvg/b06/mcs50_b06_s50.A06 fileNameGt=../graphsdb/mcs50/bvg/b06/mcs50_b06_s50.B06
Reading graphs...
50 :  148
50 :  149
Initializing...
maxdom : 12
D->valSize : 347
Solving...
Blb : 5 (clique : 15)
currentSize : 15 <-- 0.002600 s
currentSize : 16 <-- 0.002710 s
currentSize : 17 <-- 0.003067 s
currentSize : 18 <-- 0.029489 s
currentSize : 20 <-- 0.165995 s
currentSize : 21 <-- 0.166031 s
currentSize : 22 <-- 0.166303 s
currentSize : 23 <-- 0.490503 s
currentSize : 24 <-- 4.069714 s
currentSize : 25 <-- 4.069837 s

maxsize : 25
nodes : 1365395.000000
filtered : 18328311.000000
time : 6.083469
