Parameters: GAD=1 vflib=1 dir=0 label=1 lowerbound=1 fileNameGp=../graphsdb/mcs50/m2D/m2D/mcs50_m2D_s50.A85 fileNameGt=../graphsdb/mcs50/m2D/m2D/mcs50_m2D_s50.B85
Reading graphs...
50 :  85
50 :  85
Initializing...
maxdom : 11
D->valSize : 338
Solving...
Blb : 2 (clique : 19)
currentSize : 19 <-- 0.004195 s
currentSize : 20 <-- 0.004368 s
currentSize : 21 <-- 0.454206 s
currentSize : 22 <-- 7.616969 s
currentSize : 23 <-- 41.238937 s
currentSize : 24 <-- 68.563110 s
currentSize : 25 <-- 91.180611 s
currentSize : 26 <-- 328.487000 s
currentSize : 27 <-- 328.489594 s

maxsize : 27
nodes : 207554555.000000
filtered : 2493490719.000000
time : 811.068542
