Parameters: GAD=1 vflib=1 dir=0 label=1 lowerbound=1 fileNameGp=../graphsdb/mcs50/m2D/m2Dr2/mcs50_m2Dr2_s90.A54 fileNameGt=../graphsdb/mcs50/m2D/m2Dr2/mcs50_m2Dr2_s90.B54
Reading graphs...
90 :  178
90 :  178
Initializing...
maxdom : 10
D->valSize : 538
Solving...
Blb : 2 (clique : 41)
currentSize : 41 <-- 0.006574 s
currentSize : 42 <-- 0.006898 s
currentSize : 44 <-- 0.025560 s
currentSize : 46 <-- 0.083771 s
currentSize : 47 <-- 0.084153 s
currentSize : 48 <-- 0.085399 s
currentSize : 49 <-- 2493.066406 s
currentSize : 51 <-- 2790.852295 s

TIMEOUT
maxsize : 51
nodes : 632877458.000000
filtered : 4974826063.000000
time : 3600.000000
