Parameters: GAD=1 vflib=1 dir=0 label=1 lowerbound=1 fileNameGp=../graphsdb/mcs50/rand/r02/mcs50_r02_s100.A35 fileNameGt=../graphsdb/mcs50/rand/r02/mcs50_r02_s100.B35
Reading graphs...
100 :  1778
100 :  1773
Initializing...
maxdom : 9
D->valSize : 338
Solving...
Blb : 2 (clique : 14)
currentSize : 14 <-- 0.003500 s
currentSize : 17 <-- 0.003644 s
currentSize : 21 <-- 0.004449 s
currentSize : 31 <-- 0.004692 s
currentSize : 32 <-- 0.005053 s
currentSize : 39 <-- 0.033470 s
currentSize : 40 <-- 0.033599 s
currentSize : 41 <-- 0.035766 s

maxsize : 41
nodes : 194040.000000
filtered : 252233.000000
time : 0.797478
