Parameters: GAD=1 vflib=1 dir=0 label=1 lowerbound=1 fileNameGp=../graphsdb/mcs50/m2D/m2Dr6/mcs50_m2Dr6_s60.A56 fileNameGt=../graphsdb/mcs50/m2D/m2Dr6/mcs50_m2Dr6_s60.B56
Reading graphs...
60 :  136
60 :  137
Initializing...
maxdom : 6
D->valSize : 221
Solving...
Blb : 2 (clique : 20)
currentSize : 20 <-- 0.002533 s
currentSize : 21 <-- 0.002765 s
currentSize : 22 <-- 0.003847 s
currentSize : 23 <-- 0.005216 s
currentSize : 24 <-- 0.019665 s
currentSize : 25 <-- 0.061260 s
currentSize : 26 <-- 14.481034 s
currentSize : 27 <-- 14.482112 s

maxsize : 27
nodes : 12530826.000000
filtered : 75425198.000000
time : 51.759251
