Parameters: GAD=1 vflib=1 dir=0 label=1 lowerbound=1 fileNameGp=../graphsdb/mcs50/bvg/b06/mcs50_b06_s80.A94 fileNameGt=../graphsdb/mcs50/bvg/b06/mcs50_b06_s80.B94
Reading graphs...
80 :  240
80 :  239
Initializing...
maxdom : 10
D->valSize : 451
Solving...
Blb : 2 (clique : 33)
currentSize : 33 <-- 0.004652 s
currentSize : 34 <-- 0.005114 s
currentSize : 35 <-- 0.005716 s
currentSize : 37 <-- 0.005964 s
currentSize : 38 <-- 0.014813 s
currentSize : 39 <-- 0.038276 s
currentSize : 40 <-- 0.205140 s

TIMEOUT
maxsize : 40
nodes : 759277393.000000
filtered : 4395299202.000000
time : 3600.000000
