Parameters: GAD=1 vflib=1 dir=0 label=1 lowerbound=1 fileNameGp=../graphsdb/mcs50/bvg/b06m/mcs50_b06m_s50.A05 fileNameGt=../graphsdb/mcs50/bvg/b06m/mcs50_b06m_s50.B05
Reading graphs...
50 :  148
50 :  145
Initializing...
maxdom : 13
D->valSize : 340
Solving...
Blb : 2 (clique : 17)
currentSize : 17 <-- 0.003955 s
currentSize : 18 <-- 0.005706 s
currentSize : 20 <-- 0.168690 s
currentSize : 21 <-- 0.169902 s
currentSize : 24 <-- 1.669685 s
currentSize : 25 <-- 1.670340 s
currentSize : 26 <-- 1.845714 s

maxsize : 26
nodes : 649494.000000
filtered : 7909219.000000
time : 2.838698
