Parameters: GAD=1 vflib=1 dir=0 label=1 lowerbound=1 fileNameGp=../graphsdb/mcs50/m3D/m3Dr4/mcs50_m3Dr4_s60.A30 fileNameGt=../graphsdb/mcs50/m3D/m3Dr4/mcs50_m3Dr4_s60.B30
Reading graphs...
60 :  155
60 :  157
Initializing...
maxdom : 9
D->valSize : 245
Solving...
Blb : 3 (clique : 17)
currentSize : 17 <-- 0.001857 s
currentSize : 18 <-- 0.003857 s
currentSize : 19 <-- 0.072238 s
currentSize : 21 <-- 0.075806 s
currentSize : 22 <-- 5.528950 s
currentSize : 23 <-- 5.533044 s
currentSize : 24 <-- 6.235188 s
currentSize : 25 <-- 30.610352 s
currentSize : 26 <-- 30.613840 s
currentSize : 27 <-- 30.691204 s

maxsize : 27
nodes : 10648197.000000
filtered : 76079486.000000
time : 43.143017
