Parameters: GAD=1 vflib=1 dir=0 label=1 lowerbound=1 fileNameGp=../graphsdb/mcs50/rand/r02/mcs50_r02_s50.A31 fileNameGt=../graphsdb/mcs50/rand/r02/mcs50_r02_s50.B31
Reading graphs...
50 :  445
50 :  447
Initializing...
maxdom : 9
D->valSize : 313
Solving...
Blb : 2 (clique : 7)
currentSize : 7 <-- 0.003088 s
currentSize : 8 <-- 0.003179 s
currentSize : 10 <-- 0.003592 s
currentSize : 11 <-- 0.003806 s
currentSize : 12 <-- 0.018506 s
currentSize : 17 <-- 0.018554 s
currentSize : 23 <-- 0.019389 s

maxsize : 23
nodes : 5515.000000
filtered : 114737.000000
time : 0.035229
