Parameters: GAD=1 vflib=1 dir=0 label=1 lowerbound=1 fileNameGp=../graphsdb/mcs50/m2D/m2Dr4/mcs50_m2Dr4_s90.A15 fileNameGt=../graphsdb/mcs50/m2D/m2Dr4/mcs50_m2Dr4_s90.B15
Reading graphs...
90 :  196
90 :  195
Initializing...
maxdom : 13
D->valSize : 588
Solving...
Blb : 2 (clique : 39)
currentSize : 39 <-- 0.012082 s
currentSize : 40 <-- 0.013644 s
currentSize : 41 <-- 0.026039 s
currentSize : 42 <-- 0.054709 s
currentSize : 43 <-- 0.558422 s
currentSize : 44 <-- 0.826505 s
currentSize : 45 <-- 0.844708 s
currentSize : 46 <-- 0.887746 s
currentSize : 47 <-- 0.976437 s
currentSize : 48 <-- 1.018549 s

TIMEOUT
maxsize : 48
nodes : 557276813.000000
filtered : 5706425899.000000
time : 3600.000000
