Parameters: GAD=1 vflib=1 dir=0 label=1 lowerbound=1 fileNameGp=../graphsdb/mcs50/m2D/m2Dr2/mcs50_m2Dr2_s100.A23 fileNameGt=../graphsdb/mcs50/m2D/m2Dr2/mcs50_m2Dr2_s100.B23
Reading graphs...
100 :  199
100 :  198
Initializing...
maxdom : 6
D->valSize : 355
Solving...
Blb : 2 (clique : 28)
currentSize : 28 <-- 0.006019 s
currentSize : 29 <-- 0.190383 s
currentSize : 30 <-- 0.338888 s
currentSize : 31 <-- 1.742705 s
currentSize : 32 <-- 11.052900 s
currentSize : 33 <-- 16.981304 s
currentSize : 34 <-- 305.065826 s
currentSize : 35 <-- 308.406067 s
currentSize : 36 <-- 428.171478 s
currentSize : 37 <-- 630.699890 s

TIMEOUT
maxsize : 37
nodes : 722748230.000000
filtered : 3339064892.000000
time : 3600.000000
