Parameters: GAD=1 vflib=1 dir=0 label=1 lowerbound=1 fileNameGp=../graphsdb/mcs50/bvg/b03/mcs50_b03_s60.A31 fileNameGt=../graphsdb/mcs50/bvg/b03/mcs50_b03_s60.B31
Reading graphs...
60 :  90
60 :  90
Initializing...
maxdom : 6
D->valSize : 235
Solving...
Blb : 2 (clique : 27)
currentSize : 27 <-- 0.001804 s
currentSize : 28 <-- 0.002064 s
currentSize : 29 <-- 0.002782 s
currentSize : 30 <-- 33.750168 s
currentSize : 31 <-- 62.109776 s

maxsize : 31
nodes : 16357019.000000
filtered : 105731261.000000
time : 68.963516
