Parameters: GAD=1 vflib=1 dir=0 label=1 lowerbound=1 fileNameGp=../graphsdb/mcs50/m2D/m2D/mcs50_m2D_s30.A71 fileNameGt=../graphsdb/mcs50/m2D/m2D/mcs50_m2D_s30.B71
Reading graphs...
30 :  49
30 :  47
Initializing...
maxdom : 7
D->valSize : 123
Solving...
Blb : 2 (clique : 14)
currentSize : 14 <-- 0.000796 s
currentSize : 15 <-- 0.000863 s
currentSize : 16 <-- 0.001133 s
currentSize : 17 <-- 0.004078 s
currentSize : 18 <-- 0.004141 s

maxsize : 18
nodes : 3302.000000
filtered : 12656.000000
time : 0.008905
