Parameters: GAD=1 vflib=1 dir=0 label=1 lowerbound=1 fileNameGp=../graphsdb/mcs50/rand/r005/mcs50_r005_s100.A96 fileNameGt=../graphsdb/mcs50/rand/r005/mcs50_r005_s100.B96
Reading graphs...
100 :  483
100 :  482
Initializing...
maxdom : 8
D->valSize : 366
Solving...
Blb : 2 (clique : 25)
currentSize : 25 <-- 0.003690 s
currentSize : 26 <-- 0.003912 s
currentSize : 27 <-- 0.004066 s
currentSize : 28 <-- 0.004309 s
currentSize : 29 <-- 0.004345 s
currentSize : 31 <-- 0.004912 s
currentSize : 32 <-- 0.005206 s
currentSize : 34 <-- 0.011154 s
currentSize : 35 <-- 0.013531 s
currentSize : 36 <-- 0.021207 s
currentSize : 37 <-- 0.022572 s
currentSize : 39 <-- 0.023319 s
currentSize : 41 <-- 0.023942 s
currentSize : 44 <-- 0.141293 s
currentSize : 46 <-- 0.141449 s
currentSize : 48 <-- 0.155101 s

maxsize : 48
nodes : 1980761.000000
filtered : 18523073.000000
time : 13.558636
