Parameters: GAD=1 vflib=1 dir=0 label=1 lowerbound=1 fileNameGp=../graphsdb/mcs50/bvg/b09/mcs50_b09_s90.A88 fileNameGt=../graphsdb/mcs50/bvg/b09/mcs50_b09_s90.B88
Reading graphs...
90 :  399
90 :  401
Initializing...
maxdom : 10
D->valSize : 581
Solving...
Blb : 2 (clique : 24)
currentSize : 24 <-- 0.006817 s
currentSize : 29 <-- 0.007050 s
currentSize : 30 <-- 0.094198 s
currentSize : 36 <-- 0.239212 s
currentSize : 37 <-- 0.239290 s
currentSize : 38 <-- 3.064341 s
currentSize : 39 <-- 3.064652 s
currentSize : 40 <-- 3.064920 s
currentSize : 43 <-- 7.705180 s
currentSize : 44 <-- 203.147949 s
currentSize : 45 <-- 203.148285 s

maxsize : 45
nodes : 346205918.000000
filtered : 2286564415.000000
time : 1842.981934
