Parameters: GAD=1 vflib=1 dir=0 label=1 lowerbound=1 fileNameGp=../graphsdb/mcs50/m3D/m3Dr2/mcs50_m3Dr2_s60.A20 fileNameGt=../graphsdb/mcs50/m3D/m3Dr2/mcs50_m3Dr2_s60.B20
Reading graphs...
60 :  145
60 :  143
Initializing...
maxdom : 9
D->valSize : 238
Solving...
Blb : 2 (clique : 19)
currentSize : 19 <-- 0.002846 s
currentSize : 20 <-- 0.614526 s
currentSize : 21 <-- 0.711902 s
currentSize : 22 <-- 4.158365 s
currentSize : 25 <-- 4.520622 s
currentSize : 26 <-- 5.536795 s
currentSize : 27 <-- 6.711087 s
currentSize : 28 <-- 7.312163 s
currentSize : 29 <-- 7.345993 s

maxsize : 29
nodes : 2721375.000000
filtered : 16638008.000000
time : 10.230111
