Parameters: GAD=1 vflib=1 dir=0 label=1 lowerbound=1 fileNameGp=../graphsdb/mcs50/bvg/b09/mcs50_b09_s30.A71 fileNameGt=../graphsdb/mcs50/bvg/b09/mcs50_b09_s30.B71
Reading graphs...
30 :  132
30 :  130
Initializing...
maxdom : 7
D->valSize : 134
Solving...
Blb : 2 (clique : 7)
currentSize : 7 <-- 0.000752 s
currentSize : 8 <-- 0.000796 s
currentSize : 9 <-- 0.001440 s
currentSize : 10 <-- 0.001927 s
currentSize : 11 <-- 0.004507 s
currentSize : 12 <-- 0.004797 s
currentSize : 13 <-- 0.004840 s
currentSize : 14 <-- 0.004867 s

maxsize : 14
nodes : 2852.000000
filtered : 20938.000000
time : 0.008802
