Parameters: GAD=1 vflib=1 dir=0 label=1 lowerbound=1 fileNameGp=../graphsdb/mcs50/rand/r01/mcs50_r01_s40.A95 fileNameGt=../graphsdb/mcs50/rand/r01/mcs50_r01_s40.B95
Reading graphs...
40 :  148
40 :  145
Initializing...
maxdom : 7
D->valSize : 197
Solving...
Blb : 2 (clique : 11)
currentSize : 11 <-- 0.001175 s
currentSize : 12 <-- 0.001333 s
currentSize : 13 <-- 0.002617 s
currentSize : 14 <-- 0.019643 s
currentSize : 15 <-- 0.066829 s
currentSize : 16 <-- 0.067897 s
currentSize : 20 <-- 0.102787 s

maxsize : 20
nodes : 32391.000000
filtered : 303535.000000
time : 0.119466
