Parameters: GAD=1 vflib=1 dir=0 label=1 lowerbound=1 fileNameGp=../graphsdb/mcs50/rand/r02/mcs50_r02_s80.A05 fileNameGt=../graphsdb/mcs50/rand/r02/mcs50_r02_s80.B05
Reading graphs...
80 :  1139
80 :  1133
Initializing...
maxdom : 10
D->valSize : 438
Solving...
Blb : 3 (clique : 8)
currentSize : 8 <-- 0.004631 s
currentSize : 9 <-- 0.004738 s
currentSize : 11 <-- 0.006964 s
currentSize : 14 <-- 0.007069 s
currentSize : 20 <-- 0.010610 s
currentSize : 21 <-- 0.027069 s
currentSize : 30 <-- 0.028015 s
currentSize : 31 <-- 0.033355 s

maxsize : 31
nodes : 88546.000000
filtered : 565859.000000
time : 0.388860
