Parameters: GAD=1 vflib=1 dir=0 label=1 lowerbound=1 fileNameGp=../graphsdb/mcs50/m2D/m2Dr2/mcs50_m2Dr2_s90.A86 fileNameGt=../graphsdb/mcs50/m2D/m2Dr2/mcs50_m2Dr2_s90.B86
Reading graphs...
90 :  179
90 :  175
Initializing...
maxdom : 10
D->valSize : 587
Solving...
Blb : 2 (clique : 31)
currentSize : 31 <-- 0.007252 s
currentSize : 32 <-- 17.361856 s
currentSize : 33 <-- 22.819241 s
currentSize : 34 <-- 80.887520 s
currentSize : 35 <-- 151.075424 s
currentSize : 36 <-- 546.867310 s
currentSize : 37 <-- 546.920471 s
currentSize : 38 <-- 2409.135010 s

TIMEOUT
maxsize : 38
nodes : 632297121.000000
filtered : 7507811060.000000
time : 3600.000000
