Parameters: GAD=1 vflib=1 dir=0 label=1 lowerbound=1 fileNameGp=../graphsdb/mcs50/bvg/b09/mcs50_b09_s50.A04 fileNameGt=../graphsdb/mcs50/bvg/b09/mcs50_b09_s50.B04
Reading graphs...
50 :  222
50 :  220
Initializing...
maxdom : 9
D->valSize : 345
Solving...
Blb : 2 (clique : 16)
currentSize : 16 <-- 0.003223 s
currentSize : 17 <-- 0.420659 s
currentSize : 21 <-- 0.762841 s
currentSize : 22 <-- 0.762949 s
currentSize : 24 <-- 0.763000 s

maxsize : 24
nodes : 281778.000000
filtered : 4068111.000000
time : 1.251270
