Parameters: GAD=1 vflib=1 dir=0 label=1 lowerbound=1 fileNameGp=../graphsdb/mcs50/m2D/m2Dr6/mcs50_m2Dr6_s70.A68 fileNameGt=../graphsdb/mcs50/m2D/m2Dr6/mcs50_m2Dr6_s70.B68
Reading graphs...
70 :  162
70 :  163
Initializing...
maxdom : 9
D->valSize : 353
Solving...
Blb : 2 (clique : 25)
currentSize : 25 <-- 0.004915 s
currentSize : 26 <-- 0.005828 s
currentSize : 27 <-- 0.017735 s
currentSize : 28 <-- 2.745022 s
currentSize : 29 <-- 17.433100 s
currentSize : 30 <-- 17.984957 s
currentSize : 31 <-- 31.118256 s
currentSize : 32 <-- 102.122963 s
currentSize : 33 <-- 137.450333 s
currentSize : 34 <-- 157.505905 s
currentSize : 35 <-- 210.208740 s
currentSize : 36 <-- 210.405579 s
currentSize : 37 <-- 432.091492 s

maxsize : 37
nodes : 124134752.000000
filtered : 963516866.000000
time : 597.720154
