Parameters: GAD=1 vflib=1 dir=0 label=1 lowerbound=1 fileNameGp=../graphsdb/mcs50/bvg/b09m/mcs50_b09m_s90.A11 fileNameGt=../graphsdb/mcs50/bvg/b09m/mcs50_b09m_s90.B11
Reading graphs...
90 :  395
90 :  398
Initializing...
maxdom : 10
D->valSize : 562
Solving...
Blb : 2 (clique : 33)
currentSize : 33 <-- 0.006364 s
currentSize : 34 <-- 445.852020 s
currentSize : 35 <-- 445.853973 s
currentSize : 36 <-- 445.910675 s
currentSize : 37 <-- 447.634033 s
currentSize : 38 <-- 447.641998 s
currentSize : 39 <-- 468.923065 s
currentSize : 40 <-- 1840.269897 s
currentSize : 41 <-- 2732.736816 s
currentSize : 42 <-- 2732.739746 s
currentSize : 43 <-- 2732.755859 s

TIMEOUT
maxsize : 43
nodes : 636446754.000000
filtered : 5526123187.000000
time : 3600.000000
