Parameters: GAD=1 vflib=1 dir=0 label=1 lowerbound=1 fileNameGp=../graphsdb/mcs50/bvg/b03m/mcs50_b03m_s100.A49 fileNameGt=../graphsdb/mcs50/bvg/b03m/mcs50_b03m_s100.B49
Reading graphs...
100 :  150
100 :  150
Initializing...
maxdom : 6
D->valSize : 354
Solving...
Blb : 2 (clique : 43)
currentSize : 43 <-- 0.003765 s
currentSize : 44 <-- 0.019855 s
currentSize : 45 <-- 37.535103 s
currentSize : 46 <-- 86.317184 s
currentSize : 47 <-- 86.324562 s
currentSize : 48 <-- 86.645424 s

TIMEOUT
maxsize : 48
nodes : 702498464.000000
filtered : 2344772972.000000
time : 3600.000000
