Parameters: GAD=1 vflib=1 dir=0 label=1 lowerbound=1 fileNameGp=../graphsdb/mcs50/bvg/b06m/mcs50_b06m_s40.A53 fileNameGt=../graphsdb/mcs50/bvg/b06m/mcs50_b06m_s40.B53
Reading graphs...
40 :  117
40 :  118
Initializing...
maxdom : 8
D->valSize : 211
Solving...
Blb : 2 (clique : 12)
currentSize : 12 <-- 0.001316 s
currentSize : 13 <-- 0.001398 s
currentSize : 14 <-- 0.007728 s
currentSize : 15 <-- 0.018521 s
currentSize : 16 <-- 0.203745 s
currentSize : 19 <-- 0.821446 s
currentSize : 20 <-- 0.821523 s

maxsize : 20
nodes : 261679.000000
filtered : 2797521.000000
time : 0.938556
