Parameters: GAD=1 vflib=1 dir=0 label=1 lowerbound=1 fileNameGp=../graphsdb/mcs50/m2D/m2Dr6/mcs50_m2Dr6_s40.A72 fileNameGt=../graphsdb/mcs50/m2D/m2Dr6/mcs50_m2Dr6_s40.B72
Reading graphs...
40 :  90
40 :  90
Initializing...
maxdom : 11
D->valSize : 210
Solving...
Blb : 2 (clique : 12)
currentSize : 12 <-- 0.001288 s
currentSize : 13 <-- 0.115695 s
currentSize : 14 <-- 0.194295 s
currentSize : 16 <-- 0.194487 s
currentSize : 17 <-- 0.206177 s

maxsize : 17
nodes : 439504.000000
filtered : 5173902.000000
time : 1.530800
