Parameters: GAD=1 vflib=1 dir=0 label=1 lowerbound=1 fileNameGp=../graphsdb/mcs50/m2D/m2D/mcs50_m2D_s100.A46 fileNameGt=../graphsdb/mcs50/m2D/m2D/mcs50_m2D_s100.B46
Reading graphs...
100 :  179
100 :  180
Initializing...
maxdom : 7
D->valSize : 344
Solving...
Blb : 2 (clique : 43)
currentSize : 43 <-- 0.003701 s
currentSize : 44 <-- 0.004218 s
currentSize : 45 <-- 0.004600 s
currentSize : 48 <-- 0.044821 s
currentSize : 49 <-- 0.044862 s
currentSize : 50 <-- 0.050690 s
currentSize : 51 <-- 2662.064941 s
currentSize : 52 <-- 2662.698242 s

TIMEOUT
maxsize : 52
nodes : 645747089.000000
filtered : 2711395135.000000
time : 3600.000000
