Parameters: GAD=1 vflib=1 dir=0 label=1 lowerbound=1 fileNameGp=../graphsdb/mcs50/bvg/b06/mcs50_b06_s60.A59 fileNameGt=../graphsdb/mcs50/bvg/b06/mcs50_b06_s60.B59
Reading graphs...
60 :  179
60 :  178
Initializing...
maxdom : 7
D->valSize : 244
Solving...
Blb : 5 (clique : 20)
currentSize : 20 <-- 0.001927 s
currentSize : 21 <-- 0.006217 s
currentSize : 22 <-- 0.036162 s
currentSize : 23 <-- 0.063316 s
currentSize : 24 <-- 0.114041 s
currentSize : 26 <-- 0.257004 s
currentSize : 28 <-- 0.257145 s
currentSize : 30 <-- 1.838381 s

maxsize : 30
nodes : 1194637.000000
filtered : 6749396.000000
time : 4.932911
