Parameters: GAD=1 vflib=1 dir=0 label=1 lowerbound=1 fileNameGp=../graphsdb/mcs50/m2D/m2Dr2/mcs50_m2Dr2_s30.A51 fileNameGt=../graphsdb/mcs50/m2D/m2Dr2/mcs50_m2Dr2_s30.B51
Reading graphs...
30 :  53
30 :  53
Initializing...
maxdom : 6
D->valSize : 123
Solving...
Blb : 2 (clique : 10)
currentSize : 10 <-- 0.000635 s
currentSize : 11 <-- 0.000691 s
currentSize : 12 <-- 0.000740 s
currentSize : 13 <-- 0.000973 s
currentSize : 14 <-- 0.001012 s
currentSize : 15 <-- 0.001221 s
currentSize : 16 <-- 0.004598 s
currentSize : 17 <-- 0.005631 s

maxsize : 17
nodes : 2764.000000
filtered : 20654.000000
time : 0.008179
