Parameters: GAD=1 vflib=1 dir=0 label=1 lowerbound=1 fileNameGp=../graphsdb/mcs50/m2D/m2Dr2/mcs50_m2Dr2_s100.A87 fileNameGt=../graphsdb/mcs50/m2D/m2Dr2/mcs50_m2Dr2_s100.B87
Reading graphs...
100 :  200
100 :  200
Initializing...
maxdom : 6
D->valSize : 358
Solving...
Blb : 2 (clique : 34)
currentSize : 34 <-- 0.003994 s
currentSize : 35 <-- 0.005430 s
currentSize : 36 <-- 0.008837 s
currentSize : 37 <-- 0.184284 s
currentSize : 38 <-- 0.186307 s
currentSize : 39 <-- 3.384620 s
currentSize : 40 <-- 106.706528 s
currentSize : 41 <-- 1274.755859 s
currentSize : 42 <-- 3111.394775 s

TIMEOUT
maxsize : 42
nodes : 722140909.000000
filtered : 3336527710.000000
time : 3600.000000
