Parameters: GAD=1 vflib=1 dir=0 label=1 lowerbound=1 fileNameGp=../graphsdb/mcs50/m2D/m2Dr2/mcs50_m2Dr2_s70.A34 fileNameGt=../graphsdb/mcs50/m2D/m2Dr2/mcs50_m2Dr2_s70.B34
Reading graphs...
70 :  137
70 :  136
Initializing...
maxdom : 9
D->valSize : 373
Solving...
Blb : 2 (clique : 30)
currentSize : 30 <-- 0.003402 s
currentSize : 31 <-- 54.264156 s
currentSize : 32 <-- 184.051270 s
currentSize : 33 <-- 407.637665 s
currentSize : 34 <-- 407.641388 s
currentSize : 35 <-- 407.641449 s
currentSize : 36 <-- 1208.700928 s

maxsize : 36
nodes : 360338055.000000
filtered : 3983354597.000000
time : 1963.856689
