Parameters: GAD=1 vflib=1 dir=0 label=1 lowerbound=1 fileNameGp=../graphsdb/mcs50/rand/r01/mcs50_r01_s60.A22 fileNameGt=../graphsdb/mcs50/rand/r01/mcs50_r01_s60.B22
Reading graphs...
60 :  336
60 :  334
Initializing...
maxdom : 7
D->valSize : 264
Solving...
Blb : 2 (clique : 12)
currentSize : 12 <-- 0.002332 s
currentSize : 13 <-- 0.005207 s
currentSize : 15 <-- 0.012629 s
currentSize : 17 <-- 0.018030 s
currentSize : 18 <-- 0.018102 s
currentSize : 19 <-- 0.031901 s
currentSize : 20 <-- 0.174971 s
currentSize : 22 <-- 0.175132 s
currentSize : 27 <-- 0.176119 s
currentSize : 28 <-- 0.176142 s

maxsize : 28
nodes : 89664.000000
filtered : 798255.000000
time : 0.387476
