Parameters: GAD=1 vflib=1 dir=0 label=1 lowerbound=1 fileNameGp=../graphsdb/mcs50/rand/r02/mcs50_r02_s60.A30 fileNameGt=../graphsdb/mcs50/rand/r02/mcs50_r02_s60.B30
Reading graphs...
60 :  635
60 :  631
Initializing...
maxdom : 7
D->valSize : 271
Solving...
Blb : 2 (clique : 7)
currentSize : 7 <-- 0.001964 s
currentSize : 8 <-- 0.002162 s
currentSize : 9 <-- 0.002897 s
currentSize : 11 <-- 0.003332 s
currentSize : 13 <-- 0.015476 s
currentSize : 17 <-- 0.017540 s
currentSize : 23 <-- 0.019726 s
currentSize : 24 <-- 0.019782 s

maxsize : 24
nodes : 8824.000000
filtered : 87175.000000
time : 0.039674
