Parameters: GAD=1 vflib=1 dir=0 label=1 lowerbound=1 fileNameGp=../graphsdb/mcs50/m2D/m2Dr2/mcs50_m2Dr2_s50.A60 fileNameGt=../graphsdb/mcs50/m2D/m2Dr2/mcs50_m2Dr2_s50.B60
Reading graphs...
50 :  95
50 :  95
Initializing...
maxdom : 10
D->valSize : 340
Solving...
Blb : 2 (clique : 24)
currentSize : 24 <-- 0.004256 s
currentSize : 25 <-- 0.015660 s
currentSize : 26 <-- 0.082495 s
currentSize : 27 <-- 0.144227 s
currentSize : 28 <-- 8.623183 s

maxsize : 28
nodes : 2700200.000000
filtered : 37101068.000000
time : 13.401287
