Parameters: GAD=1 vflib=1 dir=0 label=1 lowerbound=1 fileNameGp=../graphsdb/mcs50/m2D/m2Dr4/mcs50_m2Dr4_s50.A75 fileNameGt=../graphsdb/mcs50/m2D/m2Dr4/mcs50_m2Dr4_s50.B75
Reading graphs...
50 :  101
50 :  104
Initializing...
maxdom : 9
D->valSize : 320
Solving...
Blb : 2 (clique : 20)
currentSize : 20 <-- 0.002400 s
currentSize : 21 <-- 0.331925 s
currentSize : 22 <-- 0.425925 s
currentSize : 23 <-- 2.580920 s
currentSize : 24 <-- 4.861397 s
currentSize : 25 <-- 4.861494 s
currentSize : 26 <-- 6.877235 s

maxsize : 26
nodes : 2260774.000000
filtered : 22306762.000000
time : 9.872418
