Parameters: GAD=1 vflib=1 dir=0 label=1 lowerbound=1 fileNameGp=../graphsdb/mcs50/bvg/b03/mcs50_b03_s90.A78 fileNameGt=../graphsdb/mcs50/bvg/b03/mcs50_b03_s90.B78
Reading graphs...
90 :  135
90 :  135
Initializing...
maxdom : 8
D->valSize : 522
Solving...
Blb : 2 (clique : 39)
currentSize : 39 <-- 0.006145 s
currentSize : 40 <-- 0.006471 s
currentSize : 41 <-- 0.006564 s
currentSize : 42 <-- 0.006786 s
currentSize : 43 <-- 0.007051 s
currentSize : 44 <-- 0.181929 s
currentSize : 45 <-- 12.060218 s
currentSize : 46 <-- 85.442993 s

TIMEOUT
maxsize : 46
nodes : 721226079.000000
filtered : 4872218644.000000
time : 3600.000000
