Parameters: GAD=1 vflib=1 dir=0 label=1 lowerbound=1 fileNameGp=../graphsdb/mcs50/rand/r005/mcs50_r005_s60.A91 fileNameGt=../graphsdb/mcs50/rand/r005/mcs50_r005_s60.B91
Reading graphs...
60 :  173
60 :  173
Initializing...
maxdom : 8
D->valSize : 240
Solving...
Blb : 2 (clique : 17)
currentSize : 17 <-- 0.001656 s
currentSize : 18 <-- 0.011323 s
currentSize : 19 <-- 0.011527 s
currentSize : 20 <-- 0.011705 s
currentSize : 21 <-- 0.620359 s
currentSize : 22 <-- 0.625366 s
currentSize : 24 <-- 1.018422 s
currentSize : 25 <-- 2.593978 s
currentSize : 28 <-- 5.977885 s
currentSize : 29 <-- 7.335044 s
currentSize : 30 <-- 7.335161 s

maxsize : 30
nodes : 2040540.000000
filtered : 18351377.000000
time : 8.926735
