Parameters: GAD=1 vflib=1 dir=0 label=1 lowerbound=1 fileNameGp=../graphsdb/mcs50/bvg/b06m/mcs50_b06m_s50.A98 fileNameGt=../graphsdb/mcs50/bvg/b06m/mcs50_b06m_s50.B98
Reading graphs...
50 :  147
50 :  148
Initializing...
maxdom : 9
D->valSize : 337
Solving...
Blb : 2 (clique : 14)
currentSize : 14 <-- 0.002408 s
currentSize : 15 <-- 0.002557 s
currentSize : 16 <-- 0.003460 s
currentSize : 17 <-- 0.204546 s
currentSize : 18 <-- 0.261683 s
currentSize : 19 <-- 15.321497 s
currentSize : 20 <-- 28.047979 s
currentSize : 21 <-- 28.048180 s
currentSize : 22 <-- 36.546051 s
currentSize : 23 <-- 43.686489 s
currentSize : 24 <-- 43.686527 s
currentSize : 25 <-- 44.572628 s

maxsize : 25
nodes : 11086136.000000
filtered : 151167678.000000
time : 45.863308
