Parameters: GAD=1 vflib=1 dir=0 label=1 lowerbound=1 fileNameGp=../graphsdb/mcs50/bvg/b06/mcs50_b06_s35.A29 fileNameGt=../graphsdb/mcs50/bvg/b06/mcs50_b06_s35.B29
Reading graphs...
35 :  104
35 :  104
Initializing...
maxdom : 7
D->valSize : 163
Solving...
Blb : 3 (clique : 10)
currentSize : 10 <-- 0.000896 s
currentSize : 11 <-- 0.001775 s
currentSize : 12 <-- 0.008855 s
currentSize : 13 <-- 0.020601 s
currentSize : 14 <-- 0.020716 s
currentSize : 15 <-- 0.021132 s
currentSize : 17 <-- 0.021326 s

maxsize : 17
nodes : 22008.000000
filtered : 158781.000000
time : 0.064707
