Parameters: GAD=1 vflib=1 dir=0 label=1 lowerbound=1 fileNameGp=../graphsdb/mcs50/m2D/m2Dr6/mcs50_m2Dr6_s50.A27 fileNameGt=../graphsdb/mcs50/m2D/m2Dr6/mcs50_m2Dr6_s50.B27
Reading graphs...
50 :  112
50 :  112
Initializing...
maxdom : 8
D->valSize : 303
Solving...
Blb : 2 (clique : 17)
currentSize : 17 <-- 0.003383 s
currentSize : 18 <-- 0.115962 s
currentSize : 19 <-- 0.979724 s
currentSize : 20 <-- 1.535681 s
currentSize : 21 <-- 2.792867 s
currentSize : 22 <-- 2.870540 s
currentSize : 23 <-- 3.227706 s
currentSize : 24 <-- 4.481379 s
currentSize : 25 <-- 10.414044 s
currentSize : 26 <-- 10.751157 s
currentSize : 27 <-- 13.017741 s

maxsize : 27
nodes : 3156697.000000
filtered : 34924659.000000
time : 13.515251
