Parameters: GAD=1 vflib=1 dir=0 label=1 lowerbound=1 fileNameGp=../graphsdb/mcs50/bvg/b06m/mcs50_b06m_s60.A26 fileNameGt=../graphsdb/mcs50/bvg/b06m/mcs50_b06m_s60.B26
Reading graphs...
60 :  179
60 :  177
Initializing...
maxdom : 7
D->valSize : 245
Solving...
Blb : 3 (clique : 24)
currentSize : 24 <-- 0.001824 s
currentSize : 26 <-- 0.002254 s
currentSize : 28 <-- 0.004569 s
currentSize : 29 <-- 3.688161 s
currentSize : 30 <-- 3.688233 s

maxsize : 30
nodes : 2288612.000000
filtered : 17834475.000000
time : 9.977260
