Parameters: GAD=1 vflib=1 dir=0 label=1 lowerbound=1 fileNameGp=../graphsdb/mcs50/rand/r02/mcs50_r02_s100.A38 fileNameGt=../graphsdb/mcs50/rand/r02/mcs50_r02_s100.B38
Reading graphs...
100 :  1772
100 :  1732
Initializing...
maxdom : 7
D->valSize : 342
Solving...
Blb : 2 (clique : 16)
currentSize : 16 <-- 0.003636 s
currentSize : 23 <-- 0.005759 s
currentSize : 24 <-- 0.034004 s
currentSize : 25 <-- 0.043292 s
currentSize : 26 <-- 0.043515 s
currentSize : 34 <-- 0.043892 s
currentSize : 36 <-- 0.148823 s
currentSize : 37 <-- 0.183436 s

maxsize : 37
nodes : 115782.000000
filtered : 343640.000000
time : 0.542993
