Parameters: GAD=1 vflib=1 dir=0 label=1 lowerbound=1 fileNameGp=../graphsdb/mcs50/bvg/b06m/mcs50_b06m_s100.A06 fileNameGt=../graphsdb/mcs50/bvg/b06m/mcs50_b06m_s100.B06
Reading graphs...
100 :  299
100 :  299
Initializing...
maxdom : 8
D->valSize : 353
Solving...
Blb : 3 (clique : 43)
currentSize : 43 <-- 0.003820 s
currentSize : 44 <-- 19.427122 s
currentSize : 45 <-- 19.428408 s
currentSize : 46 <-- 364.606049 s
currentSize : 47 <-- 694.233643 s
currentSize : 48 <-- 1069.070190 s
currentSize : 49 <-- 1069.071777 s
currentSize : 50 <-- 1069.072388 s

maxsize : 50
nodes : 319098212.000000
filtered : 1529493407.000000
time : 1802.068237
