Parameters: GAD=1 vflib=1 dir=0 label=1 lowerbound=1 fileNameGp=../graphsdb/mcs50/bvg/b09m/mcs50_b09m_s70.A67 fileNameGt=../graphsdb/mcs50/bvg/b09m/mcs50_b09m_s70.B67
Reading graphs...
70 :  310
70 :  309
Initializing...
maxdom : 9
D->valSize : 339
Solving...
Blb : 2 (clique : 21)
currentSize : 21 <-- 0.004496 s
currentSize : 22 <-- 0.484887 s
currentSize : 23 <-- 0.484970 s
currentSize : 28 <-- 0.497238 s
currentSize : 31 <-- 6.262356 s
currentSize : 32 <-- 6.262679 s
currentSize : 33 <-- 6.273060 s

maxsize : 33
nodes : 3703008.000000
filtered : 22500926.000000
time : 16.544628
