Parameters: GAD=1 vflib=1 dir=0 label=1 lowerbound=1 fileNameGp=../graphsdb/mcs50/rand/r02/mcs50_r02_s100.A25 fileNameGt=../graphsdb/mcs50/rand/r02/mcs50_r02_s100.B25
Reading graphs...
100 :  1768
100 :  1779
Initializing...
maxdom : 8
D->valSize : 422
Solving...
Blb : 2 (clique : 8)
currentSize : 8 <-- 0.004632 s
currentSize : 9 <-- 0.004798 s
currentSize : 13 <-- 0.006125 s
currentSize : 17 <-- 0.006270 s
currentSize : 18 <-- 0.006407 s
currentSize : 22 <-- 0.011384 s
currentSize : 23 <-- 0.011501 s
currentSize : 24 <-- 0.012237 s
currentSize : 25 <-- 0.035367 s
currentSize : 26 <-- 0.035535 s
currentSize : 27 <-- 0.037467 s
currentSize : 35 <-- 0.055528 s
currentSize : 37 <-- 0.056062 s
currentSize : 38 <-- 0.071989 s

maxsize : 38
nodes : 256214.000000
filtered : 645428.000000
time : 1.138473
