Parameters: GAD=1 vflib=1 dir=0 label=1 lowerbound=1 fileNameGp=../graphsdb/mcs50/m2D/m2D/mcs50_m2D_s90.A02 fileNameGt=../graphsdb/mcs50/m2D/m2D/mcs50_m2D_s90.B02
Reading graphs...
90 :  161
90 :  161
Initializing...
maxdom : 10
D->valSize : 540
Solving...
Blb : 2 (clique : 33)
currentSize : 33 <-- 0.006477 s
currentSize : 34 <-- 0.007822 s
currentSize : 35 <-- 2.705632 s
currentSize : 36 <-- 34.721748 s
currentSize : 37 <-- 104.601982 s
currentSize : 38 <-- 216.568954 s

TIMEOUT
maxsize : 38
nodes : 777977762.000000
filtered : 6305710516.000000
time : 3600.000000
