Parameters: GAD=1 vflib=1 dir=0 label=1 lowerbound=1 fileNameGp=../graphsdb/mcs50/rand/r02/mcs50_r02_s90.A96 fileNameGt=../graphsdb/mcs50/rand/r02/mcs50_r02_s90.B96
Reading graphs...
90 :  1435
90 :  1428
Initializing...
maxdom : 11
D->valSize : 526
Solving...
Blb : 3 (clique : 8)
currentSize : 8 <-- 0.005427 s
currentSize : 9 <-- 0.005519 s
currentSize : 11 <-- 0.005705 s
currentSize : 16 <-- 0.007497 s
currentSize : 26 <-- 0.018263 s
currentSize : 27 <-- 0.019810 s
currentSize : 34 <-- 0.069142 s
currentSize : 35 <-- 0.069259 s
currentSize : 36 <-- 0.072316 s

maxsize : 36
nodes : 48575.000000
filtered : 647722.000000
time : 0.284316
