Parameters: GAD=1 vflib=1 dir=0 label=1 lowerbound=1 fileNameGp=../graphsdb/mcs50/rand/r01/mcs50_r01_s40.A40 fileNameGt=../graphsdb/mcs50/rand/r01/mcs50_r01_s40.B40
Reading graphs...
40 :  146
40 :  148
Initializing...
maxdom : 7
D->valSize : 211
Solving...
Blb : 2 (clique : 11)
currentSize : 11 <-- 0.001290 s
currentSize : 12 <-- 0.001744 s
currentSize : 13 <-- 0.003493 s
currentSize : 14 <-- 0.012897 s
currentSize : 17 <-- 0.076264 s
currentSize : 20 <-- 0.084913 s

maxsize : 20
nodes : 25866.000000
filtered : 264390.000000
time : 0.114604
