Parameters: GAD=1 vflib=1 dir=0 label=1 lowerbound=1 fileNameGp=../graphsdb/mcs50/bvg/b09m/mcs50_b09m_s35.A53 fileNameGt=../graphsdb/mcs50/bvg/b09m/mcs50_b09m_s35.B53
Reading graphs...
35 :  147
35 :  150
Initializing...
maxdom : 7
D->valSize : 158
Solving...
Blb : 2 (clique : 8)
currentSize : 8 <-- 0.000906 s
currentSize : 9 <-- 0.001054 s
currentSize : 10 <-- 0.001133 s
currentSize : 11 <-- 0.001458 s
currentSize : 12 <-- 0.004187 s
currentSize : 13 <-- 0.004211 s
currentSize : 16 <-- 0.008181 s

maxsize : 16
nodes : 6911.000000
filtered : 45214.000000
time : 0.020346
