Parameters: GAD=1 vflib=1 dir=0 label=1 lowerbound=1 fileNameGp=../graphsdb/mcs50/m2D/m2D/mcs50_m2D_s50.A32 fileNameGt=../graphsdb/mcs50/m2D/m2D/mcs50_m2D_s50.B32
Reading graphs...
50 :  84
50 :  85
Initializing...
maxdom : 12
D->valSize : 343
Solving...
Blb : 2 (clique : 25)
currentSize : 25 <-- 0.002637 s
currentSize : 26 <-- 0.002804 s
currentSize : 27 <-- 0.006526 s
currentSize : 28 <-- 5.945696 s
currentSize : 29 <-- 12.281962 s

maxsize : 29
nodes : 6079427.000000
filtered : 80029924.000000
time : 28.250547
