Parameters: GAD=1 vflib=1 dir=0 label=1 lowerbound=1 fileNameGp=../graphsdb/mcs50/rand/r01/mcs50_r01_s60.A33 fileNameGt=../graphsdb/mcs50/rand/r01/mcs50_r01_s60.B33
Reading graphs...
60 :  340
60 :  338
Initializing...
maxdom : 7
D->valSize : 234
Solving...
Blb : 2 (clique : 20)
currentSize : 20 <-- 0.001691 s
currentSize : 21 <-- 0.001810 s
currentSize : 23 <-- 0.001873 s
currentSize : 24 <-- 0.017990 s
currentSize : 29 <-- 0.019578 s

maxsize : 29
nodes : 11972.000000
filtered : 119221.000000
time : 0.057262
