Parameters: GAD=1 vflib=1 dir=0 label=1 lowerbound=1 fileNameGp=../graphsdb/mcs50/bvg/b09m/mcs50_b09m_s100.A41 fileNameGt=../graphsdb/mcs50/bvg/b09m/mcs50_b09m_s100.B41
Reading graphs...
100 :  444
100 :  442
Initializing...
maxdom : 8
D->valSize : 347
Solving...
Blb : 2 (clique : 38)
currentSize : 38 <-- 0.003667 s
currentSize : 41 <-- 0.004032 s
currentSize : 42 <-- 0.010406 s
currentSize : 47 <-- 356.974213 s
currentSize : 48 <-- 356.975891 s
currentSize : 49 <-- 356.976440 s

maxsize : 49
nodes : 318521229.000000
filtered : 1031103660.000000
time : 1574.379517
