Parameters: GAD=1 vflib=1 dir=0 label=1 lowerbound=1 fileNameGp=../graphsdb/mcs50/rand/r01/mcs50_r01_s100.A87 fileNameGt=../graphsdb/mcs50/rand/r01/mcs50_r01_s100.B87
Reading graphs...
100 :  936
100 :  938
Initializing...
maxdom : 7
D->valSize : 335
Solving...
Blb : 2 (clique : 17)
currentSize : 17 <-- 0.003145 s
currentSize : 21 <-- 0.003325 s
currentSize : 24 <-- 0.027528 s
currentSize : 29 <-- 0.067950 s
currentSize : 34 <-- 0.109484 s
currentSize : 35 <-- 0.199703 s
currentSize : 36 <-- 0.206543 s
currentSize : 43 <-- 0.285625 s
currentSize : 44 <-- 0.286291 s

maxsize : 44
nodes : 193878.000000
filtered : 1277371.000000
time : 1.101374
