Parameters: GAD=1 vflib=1 dir=0 label=1 lowerbound=1 fileNameGp=../graphsdb/mcs50/bvg/b03m/mcs50_b03m_s90.A47 fileNameGt=../graphsdb/mcs50/bvg/b03m/mcs50_b03m_s90.B47
Reading graphs...
90 :  135
90 :  135
Initializing...
maxdom : 8
D->valSize : 574
Solving...
Blb : 2 (clique : 43)
currentSize : 43 <-- 0.007190 s
currentSize : 44 <-- 0.010304 s
currentSize : 45 <-- 0.013562 s
currentSize : 46 <-- 0.014562 s
currentSize : 47 <-- 0.032210 s
currentSize : 48 <-- 1.206133 s
currentSize : 49 <-- 1.212396 s
currentSize : 50 <-- 154.269882 s
currentSize : 51 <-- 161.858490 s

TIMEOUT
maxsize : 51
nodes : 764360402.000000
filtered : 3703134067.000000
time : 3600.000000
