Parameters: GAD=1 vflib=1 dir=0 label=1 lowerbound=1 fileNameGp=../graphsdb/mcs50/m3D/m3D/mcs50_m3D_s60.A28 fileNameGt=../graphsdb/mcs50/m3D/m3D/mcs50_m3D_s60.B28
Reading graphs...
60 :  133
60 :  132
Initializing...
maxdom : 7
D->valSize : 250
Solving...
Blb : 2 (clique : 18)
currentSize : 18 <-- 0.001828 s
currentSize : 19 <-- 0.001931 s
currentSize : 20 <-- 0.003827 s
currentSize : 21 <-- 0.004148 s
currentSize : 22 <-- 0.953736 s
currentSize : 23 <-- 5.701681 s
currentSize : 24 <-- 5.701754 s
currentSize : 25 <-- 8.056403 s
currentSize : 26 <-- 9.535463 s
currentSize : 27 <-- 9.535721 s
currentSize : 28 <-- 10.791899 s
currentSize : 29 <-- 10.998603 s
currentSize : 30 <-- 12.273225 s
currentSize : 32 <-- 12.277116 s

maxsize : 32
nodes : 3507466.000000
filtered : 22089271.000000
time : 14.309715
