Parameters: GAD=1 vflib=1 dir=0 label=1 lowerbound=1 fileNameGp=../graphsdb/mcs50/rand/r01/mcs50_r01_s80.A47 fileNameGt=../graphsdb/mcs50/rand/r01/mcs50_r01_s80.B47
Reading graphs...
80 :  598
80 :  597
Initializing...
maxdom : 11
D->valSize : 437
Solving...
Blb : 2 (clique : 15)
currentSize : 15 <-- 0.006519 s
currentSize : 19 <-- 0.008090 s
currentSize : 27 <-- 0.015283 s
currentSize : 28 <-- 0.046133 s
currentSize : 31 <-- 0.046314 s
currentSize : 37 <-- 0.326317 s

maxsize : 37
nodes : 134647.000000
filtered : 1882061.000000
time : 0.876043
