Parameters: GAD=1 vflib=1 dir=0 label=1 lowerbound=1 fileNameGp=../graphsdb/mcs50/bvg/b06/mcs50_b06_s70.A15 fileNameGt=../graphsdb/mcs50/bvg/b06/mcs50_b06_s70.B15
Reading graphs...
70 :  207
70 :  210
Initializing...
maxdom : 9
D->valSize : 325
Solving...
Blb : 2 (clique : 26)
currentSize : 26 <-- 0.002792 s
currentSize : 27 <-- 0.018442 s
currentSize : 28 <-- 9.818101 s
currentSize : 29 <-- 9.891557 s
currentSize : 30 <-- 9.941137 s
currentSize : 32 <-- 21.945866 s
currentSize : 33 <-- 21.945890 s
currentSize : 35 <-- 21.984074 s
currentSize : 36 <-- 21.984091 s

maxsize : 36
nodes : 10275336.000000
filtered : 69353979.000000
time : 48.221020
