Parameters: GAD=1 vflib=1 dir=0 label=1 lowerbound=1 fileNameGp=../graphsdb/mcs50/rand/r005/mcs50_r005_s35.A71 fileNameGt=../graphsdb/mcs50/rand/r005/mcs50_r005_s35.B71
Reading graphs...
35 :  61
35 :  61
Initializing...
maxdom : 7
D->valSize : 156
Solving...
Blb : 2 (clique : 15)
currentSize : 15 <-- 0.000875 s
currentSize : 16 <-- 0.000951 s
currentSize : 17 <-- 0.001033 s
currentSize : 18 <-- 0.006321 s
currentSize : 19 <-- 0.006370 s

maxsize : 19
nodes : 14586.000000
filtered : 113571.000000
time : 0.048254
