Parameters: GAD=1 vflib=1 dir=0 label=1 lowerbound=1 fileNameGp=../graphsdb/mcs50/rand/r01/mcs50_r01_s50.A80 fileNameGt=../graphsdb/mcs50/rand/r01/mcs50_r01_s50.B80
Reading graphs...
50 :  233
50 :  228
Initializing...
maxdom : 14
D->valSize : 369
Solving...
Blb : 2 (clique : 11)
currentSize : 11 <-- 0.002594 s
currentSize : 12 <-- 0.007921 s
currentSize : 14 <-- 0.010083 s
currentSize : 15 <-- 0.017172 s
currentSize : 16 <-- 0.327693 s
currentSize : 19 <-- 0.327734 s
currentSize : 20 <-- 0.486484 s
currentSize : 24 <-- 0.614598 s

maxsize : 24
nodes : 149959.000000
filtered : 2546031.000000
time : 0.675011
