Parameters: GAD=1 vflib=1 dir=0 label=1 lowerbound=1 fileNameGp=../graphsdb/mcs50/bvg/b09/mcs50_b09_s80.A83 fileNameGt=../graphsdb/mcs50/bvg/b09/mcs50_b09_s80.B83
Reading graphs...
80 :  354
80 :  357
Initializing...
maxdom : 8
D->valSize : 420
Solving...
Blb : 2 (clique : 25)
currentSize : 25 <-- 0.006327 s
currentSize : 26 <-- 0.006610 s
currentSize : 27 <-- 0.026397 s
currentSize : 28 <-- 0.098188 s
currentSize : 30 <-- 0.098758 s
currentSize : 31 <-- 0.098851 s
currentSize : 32 <-- 0.099021 s
currentSize : 35 <-- 0.102827 s
currentSize : 37 <-- 22.259485 s
currentSize : 38 <-- 39.437717 s
currentSize : 39 <-- 49.573975 s
currentSize : 40 <-- 57.360733 s

maxsize : 40
nodes : 17711997.000000
filtered : 141582315.000000
time : 93.166534
