Parameters: GAD=1 vflib=1 dir=0 label=1 lowerbound=1 fileNameGp=../graphsdb/mcs50/m2D/m2D/mcs50_m2D_s50.A45 fileNameGt=../graphsdb/mcs50/m2D/m2D/mcs50_m2D_s50.B45
Reading graphs...
50 :  85
50 :  85
Initializing...
maxdom : 10
D->valSize : 356
Solving...
Blb : 2 (clique : 21)
currentSize : 21 <-- 0.002975 s
currentSize : 22 <-- 0.003114 s
currentSize : 23 <-- 7.088428 s
currentSize : 24 <-- 7.874722 s
currentSize : 25 <-- 48.260201 s
currentSize : 26 <-- 69.051933 s
currentSize : 28 <-- 69.072029 s
currentSize : 29 <-- 69.072685 s

maxsize : 29
nodes : 22165549.000000
filtered : 255432507.000000
time : 94.850685
