Parameters: GAD=1 vflib=1 dir=0 label=1 lowerbound=1 fileNameGp=../graphsdb/mcs50/bvg/b06m/mcs50_b06m_s40.A29 fileNameGt=../graphsdb/mcs50/bvg/b06m/mcs50_b06m_s40.B29
Reading graphs...
40 :  117
40 :  117
Initializing...
maxdom : 7
D->valSize : 193
Solving...
Blb : 2 (clique : 11)
currentSize : 11 <-- 0.001162 s
currentSize : 12 <-- 0.007571 s
currentSize : 13 <-- 0.007661 s
currentSize : 14 <-- 0.007677 s
currentSize : 15 <-- 0.020087 s
currentSize : 16 <-- 0.020103 s
currentSize : 18 <-- 0.042661 s
currentSize : 19 <-- 0.042685 s
currentSize : 20 <-- 0.044652 s

maxsize : 20
nodes : 33447.000000
filtered : 210482.000000
time : 0.102191
