Parameters: GAD=1 vflib=1 dir=0 label=1 lowerbound=1 fileNameGp=../graphsdb/mcs50/bvg/b09/mcs50_b09_s60.A40 fileNameGt=../graphsdb/mcs50/bvg/b09/mcs50_b09_s60.B40
Reading graphs...
60 :  265
60 :  266
Initializing...
maxdom : 9
D->valSize : 282
Solving...
Blb : 3 (clique : 16)
currentSize : 16 <-- 0.003163 s
currentSize : 17 <-- 0.052887 s
currentSize : 18 <-- 0.156228 s
currentSize : 20 <-- 0.463192 s
currentSize : 22 <-- 0.648897 s
currentSize : 30 <-- 1.757567 s

maxsize : 30
nodes : 480157.000000
filtered : 3979940.000000
time : 2.114797
