Parameters: GAD=1 vflib=1 dir=0 label=1 lowerbound=1 fileNameGp=../graphsdb/mcs50/bvg/b09/mcs50_b09_s80.A78 fileNameGt=../graphsdb/mcs50/bvg/b09/mcs50_b09_s80.B78
Reading graphs...
80 :  356
80 :  359
Initializing...
maxdom : 7
D->valSize : 420
Solving...
Blb : 3 (clique : 28)
currentSize : 28 <-- 0.003902 s
currentSize : 29 <-- 0.407765 s
currentSize : 31 <-- 0.407835 s
currentSize : 32 <-- 83.138100 s
currentSize : 33 <-- 112.496002 s
currentSize : 40 <-- 112.504669 s

maxsize : 40
nodes : 28857632.000000
filtered : 225492043.000000
time : 146.385406
