Parameters: GAD=1 vflib=1 dir=0 label=1 lowerbound=1 fileNameGp=../graphsdb/mcs50/m3D/m3D/mcs50_m3D_s50.A51 fileNameGt=../graphsdb/mcs50/m3D/m3D/mcs50_m3D_s50.B51
Reading graphs...
50 :  109
50 :  107
Initializing...
maxdom : 8
D->valSize : 328
Solving...
Blb : 2 (clique : 17)
currentSize : 17 <-- 0.002657 s
currentSize : 18 <-- 0.002773 s
currentSize : 19 <-- 0.018578 s
currentSize : 20 <-- 0.364167 s
currentSize : 21 <-- 0.983850 s
currentSize : 22 <-- 2.126643 s
currentSize : 23 <-- 29.536127 s
currentSize : 25 <-- 40.373886 s
currentSize : 26 <-- 40.374001 s
currentSize : 27 <-- 40.374397 s
currentSize : 28 <-- 40.374577 s
currentSize : 29 <-- 40.378059 s

maxsize : 29
nodes : 11439123.000000
filtered : 109130459.000000
time : 44.242146
