Parameters: GAD=1 vflib=1 dir=0 label=1 lowerbound=1 fileNameGp=../graphsdb/mcs50/bvg/b06/mcs50_b06_s80.A18 fileNameGt=../graphsdb/mcs50/bvg/b06/mcs50_b06_s80.B18
Reading graphs...
80 :  236
80 :  237
Initializing...
maxdom : 8
D->valSize : 404
Solving...
Blb : 2 (clique : 22)
currentSize : 22 <-- 0.003828 s
currentSize : 23 <-- 0.004003 s
currentSize : 24 <-- 0.004158 s
currentSize : 25 <-- 0.004318 s
currentSize : 26 <-- 0.004845 s
currentSize : 27 <-- 0.008700 s
currentSize : 28 <-- 0.034263 s
currentSize : 29 <-- 0.047993 s
currentSize : 30 <-- 0.099283 s
currentSize : 31 <-- 0.099347 s
currentSize : 32 <-- 0.099436 s
currentSize : 34 <-- 0.099601 s
currentSize : 35 <-- 0.099637 s
currentSize : 36 <-- 162.940201 s
currentSize : 37 <-- 818.933289 s
currentSize : 38 <-- 1353.154907 s
currentSize : 39 <-- 1357.475708 s
currentSize : 40 <-- 1917.567383 s
currentSize : 41 <-- 1917.819946 s

TIMEOUT
maxsize : 41
nodes : 677526889.000000
filtered : 5414454531.000000
time : 3600.000000
