Parameters: GAD=1 vflib=1 dir=0 label=1 lowerbound=1 fileNameGp=../graphsdb/mcs50/bvg/b09/mcs50_b09_s80.A71 fileNameGt=../graphsdb/mcs50/bvg/b09/mcs50_b09_s80.B71
Reading graphs...
80 :  357
80 :  358
Initializing...
maxdom : 16
D->valSize : 509
Solving...
Blb : 2 (clique : 21)
currentSize : 21 <-- 0.005510 s
currentSize : 23 <-- 0.005922 s
currentSize : 24 <-- 0.006671 s
currentSize : 25 <-- 0.032327 s
currentSize : 26 <-- 0.075233 s
currentSize : 28 <-- 0.250561 s
currentSize : 30 <-- 0.774944 s
currentSize : 31 <-- 12.098443 s
currentSize : 32 <-- 12.099023 s
currentSize : 33 <-- 12.099062 s
currentSize : 34 <-- 19.250973 s
currentSize : 35 <-- 19.253160 s
currentSize : 36 <-- 38.172344 s
currentSize : 37 <-- 38.172665 s
currentSize : 38 <-- 38.172729 s
currentSize : 39 <-- 38.172829 s
currentSize : 40 <-- 47.045349 s
currentSize : 41 <-- 47.045441 s

maxsize : 41
nodes : 21372783.000000
filtered : 118116510.000000
time : 97.621101
