Parameters: GAD=1 vflib=1 dir=0 label=1 lowerbound=1 fileNameGp=../graphsdb/mcs50/m2D/m2Dr4/mcs50_m2Dr4_s100.A02 fileNameGt=../graphsdb/mcs50/m2D/m2Dr4/mcs50_m2Dr4_s100.B02
Reading graphs...
100 :  219
100 :  220
Initializing...
maxdom : 6
D->valSize : 339
Solving...
Blb : 3 (clique : 38)
currentSize : 38 <-- 0.005742 s
currentSize : 39 <-- 0.254000 s
currentSize : 40 <-- 12.681030 s
currentSize : 41 <-- 12.681085 s
currentSize : 42 <-- 14.692840 s
currentSize : 44 <-- 59.830868 s
currentSize : 45 <-- 69.652328 s
currentSize : 46 <-- 288.302460 s
currentSize : 47 <-- 1749.744995 s

TIMEOUT
maxsize : 47
nodes : 791403903.000000
filtered : 1912134163.000000
time : 3600.000000
