Parameters: GAD=1 vflib=1 dir=0 label=1 lowerbound=1 fileNameGp=../graphsdb/mcs50/m2D/m2Dr2/mcs50_m2Dr2_s60.A44 fileNameGt=../graphsdb/mcs50/m2D/m2Dr2/mcs50_m2Dr2_s60.B44
Reading graphs...
60 :  115
60 :  114
Initializing...
maxdom : 7
D->valSize : 234
Solving...
Blb : 2 (clique : 23)
currentSize : 23 <-- 0.002781 s
currentSize : 24 <-- 1.227367 s
currentSize : 25 <-- 8.492325 s
currentSize : 26 <-- 14.540282 s
currentSize : 27 <-- 30.422674 s
currentSize : 28 <-- 49.087772 s
currentSize : 29 <-- 57.347466 s

maxsize : 29
nodes : 19231683.000000
filtered : 104684850.000000
time : 73.774025
