Parameters: GAD=1 vflib=1 dir=0 label=1 lowerbound=1 fileNameGp=../graphsdb/mcs50/m3D/m3Dr4/mcs50_m3Dr4_s50.A23 fileNameGt=../graphsdb/mcs50/m3D/m3Dr4/mcs50_m3Dr4_s50.B23
Reading graphs...
50 :  128
50 :  127
Initializing...
maxdom : 11
D->valSize : 357
Solving...
Blb : 2 (clique : 17)
currentSize : 17 <-- 0.002670 s
currentSize : 18 <-- 0.280018 s
currentSize : 21 <-- 0.337083 s
currentSize : 22 <-- 0.337215 s
currentSize : 23 <-- 0.447180 s
currentSize : 24 <-- 0.447475 s
currentSize : 25 <-- 0.607289 s
currentSize : 26 <-- 0.607602 s
currentSize : 27 <-- 0.886137 s
currentSize : 28 <-- 0.886189 s
currentSize : 29 <-- 0.888053 s

maxsize : 29
nodes : 249753.000000
filtered : 3710229.000000
time : 1.153672
