Parameters: GAD=1 vflib=1 dir=0 label=1 lowerbound=1 fileNameGp=../graphsdb/mcs50/rand/r005/mcs50_r005_s90.A63 fileNameGt=../graphsdb/mcs50/rand/r005/mcs50_r005_s90.B63
Reading graphs...
90 :  391
90 :  389
Initializing...
maxdom : 13
D->valSize : 593
Solving...
Blb : 2 (clique : 21)
currentSize : 21 <-- 0.011428 s
currentSize : 22 <-- 0.012895 s
currentSize : 23 <-- 0.039536 s
currentSize : 24 <-- 0.083646 s
currentSize : 25 <-- 0.844029 s
currentSize : 26 <-- 9.868710 s
currentSize : 27 <-- 58.129723 s
currentSize : 28 <-- 84.305214 s
currentSize : 29 <-- 84.402679 s
currentSize : 30 <-- 99.440399 s
currentSize : 31 <-- 137.551788 s
currentSize : 32 <-- 142.416290 s
currentSize : 33 <-- 142.419052 s
currentSize : 34 <-- 144.124146 s
currentSize : 35 <-- 323.029602 s
currentSize : 36 <-- 323.030853 s
currentSize : 39 <-- 323.041229 s
currentSize : 41 <-- 760.565247 s
currentSize : 44 <-- 760.565369 s

maxsize : 44
nodes : 139061475.000000
filtered : 1994170350.000000
time : 886.087646
