Parameters: GAD=1 vflib=1 dir=0 label=1 lowerbound=1 fileNameGp=../graphsdb/mcs50/m3D/m3Dr4/mcs50_m3Dr4_s50.A07 fileNameGt=../graphsdb/mcs50/m3D/m3Dr4/mcs50_m3Dr4_s50.B07
Reading graphs...
50 :  126
50 :  127
Initializing...
maxdom : 10
D->valSize : 334
Solving...
Blb : 2 (clique : 20)
currentSize : 20 <-- 0.003902 s
currentSize : 21 <-- 0.271465 s
currentSize : 22 <-- 0.277042 s
currentSize : 25 <-- 6.514380 s
currentSize : 26 <-- 6.515749 s
currentSize : 27 <-- 6.527422 s

maxsize : 27
nodes : 2270801.000000
filtered : 29776035.000000
time : 10.339416
