Parameters: GAD=1 vflib=1 dir=0 label=1 lowerbound=1 fileNameGp=../graphsdb/mcs50/m2D/m2D/mcs50_m2D_s70.A84 fileNameGt=../graphsdb/mcs50/m2D/m2D/mcs50_m2D_s70.B84
Reading graphs...
70 :  123
70 :  123
Initializing...
maxdom : 8
D->valSize : 336
Solving...
Blb : 2 (clique : 25)
currentSize : 25 <-- 0.002948 s
currentSize : 26 <-- 0.003133 s
currentSize : 27 <-- 0.003226 s
currentSize : 28 <-- 14.097823 s
currentSize : 29 <-- 16.008547 s
currentSize : 30 <-- 26.088312 s
currentSize : 31 <-- 45.151745 s
currentSize : 32 <-- 111.507217 s
currentSize : 33 <-- 467.760345 s
currentSize : 34 <-- 467.760437 s
currentSize : 35 <-- 467.818115 s
currentSize : 36 <-- 546.327454 s
currentSize : 37 <-- 706.125244 s
currentSize : 38 <-- 719.559937 s

maxsize : 38
nodes : 165715416.000000
filtered : 1257420166.000000
time : 796.921387
