Parameters: GAD=1 vflib=1 dir=0 label=1 lowerbound=1 fileNameGp=../graphsdb/mcs50/bvg/b03/mcs50_b03_s40.A61 fileNameGt=../graphsdb/mcs50/bvg/b03/mcs50_b03_s40.B61
Reading graphs...
40 :  60
40 :  59
Initializing...
maxdom : 9
D->valSize : 233
Solving...
Blb : 2 (clique : 18)
currentSize : 18 <-- 0.002253 s
currentSize : 19 <-- 1.388639 s
currentSize : 20 <-- 1.657250 s
currentSize : 21 <-- 6.737882 s
currentSize : 22 <-- 12.159014 s

maxsize : 22
nodes : 4395446.000000
filtered : 53853742.000000
time : 16.422064
