Parameters: GAD=1 vflib=1 dir=0 label=1 lowerbound=1 fileNameGp=../graphsdb/mcs50/bvg/b06m/mcs50_b06m_s80.A20 fileNameGt=../graphsdb/mcs50/bvg/b06m/mcs50_b06m_s80.B20
Reading graphs...
80 :  237
80 :  237
Initializing...
maxdom : 9
D->valSize : 433
Solving...
Blb : 2 (clique : 31)
currentSize : 31 <-- 0.004347 s
currentSize : 32 <-- 0.004566 s
currentSize : 33 <-- 0.005728 s
currentSize : 34 <-- 0.005841 s
currentSize : 35 <-- 0.006398 s
currentSize : 36 <-- 0.008609 s
currentSize : 37 <-- 0.008704 s
currentSize : 38 <-- 0.028418 s
currentSize : 39 <-- 0.028516 s
currentSize : 40 <-- 0.166296 s

maxsize : 40
nodes : 119469098.000000
filtered : 1493362299.000000
time : 712.564026
