Parameters: GAD=1 vflib=1 dir=0 label=1 lowerbound=1 fileNameGp=../graphsdb/mcs50/bvg/b06/mcs50_b06_s50.A28 fileNameGt=../graphsdb/mcs50/bvg/b06/mcs50_b06_s50.B28
Reading graphs...
50 :  149
50 :  150
Initializing...
maxdom : 9
D->valSize : 331
Solving...
Blb : 2 (clique : 15)
currentSize : 15 <-- 0.002679 s
currentSize : 16 <-- 0.015424 s
currentSize : 17 <-- 0.026304 s
currentSize : 18 <-- 0.087805 s
currentSize : 22 <-- 0.238523 s
currentSize : 24 <-- 1.800107 s
currentSize : 25 <-- 1.804583 s

maxsize : 25
nodes : 1019455.000000
filtered : 13879304.000000
time : 4.835612
