Parameters: GAD=1 vflib=1 dir=0 label=1 lowerbound=1 fileNameGp=../graphsdb/mcs50/m2D/m2Dr6/mcs50_m2Dr6_s40.A50 fileNameGt=../graphsdb/mcs50/m2D/m2Dr6/mcs50_m2Dr6_s40.B50
Reading graphs...
40 :  89
40 :  89
Initializing...
maxdom : 7
D->valSize : 218
Solving...
Blb : 2 (clique : 13)
currentSize : 13 <-- 0.001970 s
currentSize : 14 <-- 0.002068 s
currentSize : 15 <-- 0.002349 s
currentSize : 16 <-- 0.230428 s
currentSize : 17 <-- 0.633215 s
currentSize : 18 <-- 2.759398 s

maxsize : 18
nodes : 1495421.000000
filtered : 15412794.000000
time : 5.489878
