Parameters: GAD=1 vflib=1 dir=0 label=1 lowerbound=1 fileNameGp=../graphsdb/mcs50/rand/r02/mcs50_r02_s35.A68 fileNameGt=../graphsdb/mcs50/rand/r02/mcs50_r02_s35.B68
Reading graphs...
35 :  206
35 :  213
Initializing...
maxdom : 7
D->valSize : 173
Solving...
Blb : 2 (clique : 7)
currentSize : 7 <-- 0.000991 s
currentSize : 8 <-- 0.001104 s
currentSize : 10 <-- 0.001617 s
currentSize : 12 <-- 0.003242 s
currentSize : 14 <-- 0.003307 s

maxsize : 14
nodes : 2957.000000
filtered : 44699.000000
time : 0.011923
