Parameters: GAD=1 vflib=1 dir=0 label=1 lowerbound=1 fileNameGp=../graphsdb/mcs50/rand/r01/mcs50_r01_s80.A17 fileNameGt=../graphsdb/mcs50/rand/r01/mcs50_r01_s80.B17
Reading graphs...
80 :  590
80 :  602
Initializing...
maxdom : 8
D->valSize : 433
Solving...
Blb : 2 (clique : 11)
currentSize : 11 <-- 0.004131 s
currentSize : 12 <-- 0.004992 s
currentSize : 13 <-- 0.005524 s
currentSize : 14 <-- 0.005673 s
currentSize : 15 <-- 0.007162 s
currentSize : 16 <-- 0.012011 s
currentSize : 17 <-- 0.016516 s
currentSize : 18 <-- 0.016879 s
currentSize : 19 <-- 0.106601 s
currentSize : 20 <-- 0.106641 s
currentSize : 21 <-- 0.402580 s
currentSize : 24 <-- 0.405733 s
currentSize : 26 <-- 0.405802 s
currentSize : 28 <-- 0.466753 s
currentSize : 30 <-- 0.675648 s
currentSize : 34 <-- 0.677719 s
currentSize : 38 <-- 0.678301 s

maxsize : 38
nodes : 201505.000000
filtered : 2679903.000000
time : 1.179826
