Parameters: GAD=1 vflib=1 dir=0 label=1 lowerbound=1 fileNameGp=../graphsdb/mcs50/rand/r01/mcs50_r01_s100.A05 fileNameGt=../graphsdb/mcs50/rand/r01/mcs50_r01_s100.B05
Reading graphs...
100 :  936
100 :  947
Initializing...
maxdom : 6
D->valSize : 366
Solving...
Blb : 2 (clique : 14)
currentSize : 14 <-- 0.003703 s
currentSize : 15 <-- 0.003937 s
currentSize : 16 <-- 0.008179 s
currentSize : 17 <-- 0.008323 s
currentSize : 21 <-- 0.016799 s
currentSize : 22 <-- 0.016881 s
currentSize : 25 <-- 0.036270 s
currentSize : 27 <-- 0.120512 s
currentSize : 35 <-- 0.120662 s
currentSize : 37 <-- 0.432940 s
currentSize : 40 <-- 0.433286 s
currentSize : 50 <-- 0.433552 s

maxsize : 50
nodes : 98035.000000
filtered : 1168468.000000
time : 0.680024
