Parameters: GAD=1 vflib=1 dir=0 label=1 lowerbound=1 fileNameGp=../graphsdb/mcs50/m3D/m3Dr2/mcs50_m3Dr2_s50.A20 fileNameGt=../graphsdb/mcs50/m3D/m3Dr2/mcs50_m3Dr2_s50.B20
Reading graphs...
50 :  118
50 :  119
Initializing...
maxdom : 9
D->valSize : 310
Solving...
Blb : 3 (clique : 19)
currentSize : 19 <-- 0.003502 s
currentSize : 21 <-- 0.069188 s
currentSize : 22 <-- 0.084160 s
currentSize : 23 <-- 0.098821 s
currentSize : 24 <-- 0.100441 s
currentSize : 27 <-- 0.899902 s

maxsize : 27
nodes : 427647.000000
filtered : 5897862.000000
time : 2.034925
