Parameters: GAD=1 vflib=1 dir=0 label=1 lowerbound=1 fileNameGp=../graphsdb/mcs50/bvg/b03m/mcs50_b03m_s70.A30 fileNameGt=../graphsdb/mcs50/bvg/b03m/mcs50_b03m_s70.B30
Reading graphs...
70 :  105
70 :  105
Initializing...
maxdom : 8
D->valSize : 358
Solving...
Blb : 2 (clique : 31)
currentSize : 31 <-- 0.005337 s
currentSize : 32 <-- 0.005671 s
currentSize : 33 <-- 0.016361 s
currentSize : 34 <-- 0.128644 s
currentSize : 35 <-- 46.622658 s
currentSize : 36 <-- 46.635128 s
currentSize : 37 <-- 2693.860107 s
currentSize : 38 <-- 2693.898682 s

TIMEOUT
maxsize : 38
nodes : 737828175.000000
filtered : 6139590757.000000
time : 3600.000000
