Parameters: GAD=1 vflib=1 dir=0 label=1 lowerbound=1 fileNameGp=../graphsdb/mcs50/bvg/b09m/mcs50_b09m_s40.A83 fileNameGt=../graphsdb/mcs50/bvg/b09m/mcs50_b09m_s40.B83
Reading graphs...
40 :  176
40 :  174
Initializing...
maxdom : 7
D->valSize : 205
Solving...
Blb : 2 (clique : 8)
currentSize : 8 <-- 0.001184 s
currentSize : 9 <-- 0.001259 s
currentSize : 10 <-- 0.001502 s
currentSize : 12 <-- 0.018700 s
currentSize : 13 <-- 0.018795 s
currentSize : 16 <-- 0.021469 s
currentSize : 20 <-- 0.022860 s

maxsize : 20
nodes : 29218.000000
filtered : 186640.000000
time : 0.091478
