Parameters: GAD=1 vflib=1 dir=0 label=1 lowerbound=1 fileNameGp=../graphsdb/mcs50/rand/r02/mcs50_r02_s50.A51 fileNameGt=../graphsdb/mcs50/rand/r02/mcs50_r02_s50.B51
Reading graphs...
50 :  422
50 :  448
Initializing...
maxdom : 10
D->valSize : 328
Solving...
Blb : 2 (clique : 7)
currentSize : 7 <-- 0.002201 s
currentSize : 8 <-- 0.002618 s
currentSize : 9 <-- 0.004462 s
currentSize : 10 <-- 0.004475 s
currentSize : 12 <-- 0.007572 s
currentSize : 13 <-- 0.017831 s
currentSize : 15 <-- 0.020274 s
currentSize : 16 <-- 0.036902 s
currentSize : 21 <-- 0.037362 s
currentSize : 22 <-- 0.037500 s

maxsize : 22
nodes : 10713.000000
filtered : 201865.000000
time : 0.053781
