Parameters: GAD=1 vflib=1 dir=0 label=1 lowerbound=1 fileNameGp=../graphsdb/mcs50/rand/r02/mcs50_r02_s40.A76 fileNameGt=../graphsdb/mcs50/rand/r02/mcs50_r02_s40.B76
Reading graphs...
40 :  280
40 :  281
Initializing...
maxdom : 8
D->valSize : 209
Solving...
Blb : 2 (clique : 8)
currentSize : 8 <-- 0.001189 s
currentSize : 10 <-- 0.001477 s
currentSize : 11 <-- 0.001647 s
currentSize : 13 <-- 0.001800 s
currentSize : 18 <-- 0.001840 s

maxsize : 18
nodes : 1288.000000
filtered : 22231.000000
time : 0.006466
