Parameters: GAD=1 vflib=1 dir=0 label=1 lowerbound=1 fileNameGp=../graphsdb/mcs50/rand/r02/mcs50_r02_s80.A44 fileNameGt=../graphsdb/mcs50/rand/r02/mcs50_r02_s80.B44
Reading graphs...
80 :  1135
80 :  1139
Initializing...
maxdom : 8
D->valSize : 421
Solving...
Blb : 2 (clique : 7)
currentSize : 7 <-- 0.004017 s
currentSize : 8 <-- 0.004141 s
currentSize : 9 <-- 0.004889 s
currentSize : 13 <-- 0.006958 s
currentSize : 14 <-- 0.009163 s
currentSize : 17 <-- 0.009456 s
currentSize : 20 <-- 0.025917 s
currentSize : 21 <-- 0.033744 s
currentSize : 33 <-- 0.034494 s

maxsize : 33
nodes : 38758.000000
filtered : 415510.000000
time : 0.205866
