Parameters: GAD=1 vflib=1 dir=0 label=1 lowerbound=1 fileNameGp=../graphsdb/mcs50/m2D/m2Dr6/mcs50_m2Dr6_s40.A54 fileNameGt=../graphsdb/mcs50/m2D/m2Dr6/mcs50_m2Dr6_s40.B54
Reading graphs...
40 :  91
40 :  89
Initializing...
maxdom : 13
D->valSize : 207
Solving...
Blb : 5 (clique : 14)
currentSize : 14 <-- 0.001241 s
currentSize : 15 <-- 0.001313 s
currentSize : 16 <-- 0.001338 s
currentSize : 17 <-- 0.002175 s
currentSize : 18 <-- 0.031143 s
currentSize : 19 <-- 0.075798 s

maxsize : 19
nodes : 24791.000000
filtered : 302296.000000
time : 0.097357
