Parameters: GAD=1 vflib=1 dir=0 label=1 lowerbound=1 fileNameGp=../graphsdb/mcs50/m2D/m2Dr6/mcs50_m2Dr6_s50.A72 fileNameGt=../graphsdb/mcs50/m2D/m2Dr6/mcs50_m2Dr6_s50.B72
Reading graphs...
50 :  112
50 :  113
Initializing...
maxdom : 8
D->valSize : 329
Solving...
Blb : 2 (clique : 18)
currentSize : 18 <-- 0.003818 s
currentSize : 19 <-- 1.498303 s
currentSize : 20 <-- 1.632064 s
currentSize : 21 <-- 1.755100 s
currentSize : 22 <-- 1.755163 s
currentSize : 23 <-- 14.479268 s
currentSize : 24 <-- 26.307688 s
currentSize : 25 <-- 27.933683 s
currentSize : 26 <-- 27.934900 s
currentSize : 27 <-- 27.936277 s
currentSize : 28 <-- 27.938068 s

maxsize : 28
nodes : 6759582.000000
filtered : 78924166.000000
time : 29.740591
