Parameters: GAD=1 vflib=1 dir=0 label=1 lowerbound=1 fileNameGp=../graphsdb/mcs50/rand/r02/mcs50_r02_s50.A97 fileNameGt=../graphsdb/mcs50/rand/r02/mcs50_r02_s50.B97
Reading graphs...
50 :  442
50 :  443
Initializing...
maxdom : 11
D->valSize : 320
Solving...
Blb : 2 (clique : 6)
currentSize : 6 <-- 0.002197 s
currentSize : 7 <-- 0.002274 s
currentSize : 8 <-- 0.002387 s
currentSize : 10 <-- 0.002564 s
currentSize : 16 <-- 0.003350 s
currentSize : 23 <-- 0.004708 s

maxsize : 23
nodes : 4349.000000
filtered : 105147.000000
time : 0.024202
