Parameters: GAD=1 vflib=1 dir=0 label=1 lowerbound=1 fileNameGp=../graphsdb/mcs50/m4D/m4D/mcs50_m4D_s40.A10 fileNameGt=../graphsdb/mcs50/m4D/m4D/mcs50_m4D_s40.B10
Reading graphs...
40 :  71
40 :  71
Initializing...
maxdom : 7
D->valSize : 208
Solving...
Blb : 5 (clique : 17)
currentSize : 17 <-- 0.001323 s
currentSize : 18 <-- 0.114475 s
currentSize : 19 <-- 0.151724 s
currentSize : 20 <-- 0.433864 s
currentSize : 21 <-- 0.671786 s

maxsize : 21
nodes : 389658.000000
filtered : 3777007.000000
time : 1.606778
