Parameters: GAD=1 vflib=1 dir=0 label=1 lowerbound=1 fileNameGp=../graphsdb/mcs50/bvg/b03/mcs50_b03_s50.A29 fileNameGt=../graphsdb/mcs50/bvg/b03/mcs50_b03_s50.B29
Reading graphs...
50 :  75
50 :  75
Initializing...
maxdom : 10
D->valSize : 331
Solving...
Blb : 2 (clique : 20)
currentSize : 20 <-- 0.002532 s
currentSize : 21 <-- 0.005867 s
currentSize : 22 <-- 0.148967 s
currentSize : 23 <-- 0.149085 s
currentSize : 24 <-- 0.164947 s
currentSize : 25 <-- 2.234082 s
currentSize : 26 <-- 3.402646 s
currentSize : 28 <-- 5.629365 s

maxsize : 28
nodes : 14839007.000000
filtered : 143728029.000000
time : 58.995930
