Parameters: GAD=1 vflib=1 dir=0 label=1 lowerbound=1 fileNameGp=../graphsdb/mcs50/bvg/b06/mcs50_b06_s90.A21 fileNameGt=../graphsdb/mcs50/bvg/b06/mcs50_b06_s90.B21
Reading graphs...
90 :  269
90 :  267
Initializing...
maxdom : 9
D->valSize : 541
Solving...
Blb : 5 (clique : 27)
currentSize : 27 <-- 0.010432 s
currentSize : 28 <-- 0.010925 s
currentSize : 29 <-- 0.011074 s
currentSize : 30 <-- 0.011216 s
currentSize : 31 <-- 0.011572 s
currentSize : 32 <-- 0.012330 s
currentSize : 33 <-- 0.066180 s
currentSize : 34 <-- 0.119498 s
currentSize : 35 <-- 2.162541 s
currentSize : 36 <-- 54.156773 s
currentSize : 37 <-- 1875.527588 s

TIMEOUT
maxsize : 37
nodes : 582253216.000000
filtered : 6894493020.000000
time : 3600.000000
