Parameters: GAD=1 vflib=1 dir=0 label=1 lowerbound=1 fileNameGp=../graphsdb/mcs50/m2D/m2D/mcs50_m2D_s60.A62 fileNameGt=../graphsdb/mcs50/m2D/m2D/mcs50_m2D_s60.B62
Reading graphs...
60 :  102
60 :  104
Initializing...
maxdom : 7
D->valSize : 256
Solving...
Blb : 2 (clique : 21)
currentSize : 21 <-- 0.003082 s
currentSize : 22 <-- 0.236778 s
currentSize : 23 <-- 0.687663 s
currentSize : 24 <-- 2.889890 s
currentSize : 25 <-- 28.691877 s
currentSize : 26 <-- 130.632065 s
currentSize : 27 <-- 130.635437 s
currentSize : 28 <-- 130.693237 s
currentSize : 29 <-- 560.627441 s

maxsize : 29
nodes : 181874004.000000
filtered : 1444189564.000000
time : 748.778870
