Parameters: GAD=1 vflib=1 dir=0 label=1 lowerbound=1 fileNameGp=../graphsdb/mcs50/bvg/b03m/mcs50_b03m_s60.A22 fileNameGt=../graphsdb/mcs50/bvg/b03m/mcs50_b03m_s60.B22
Reading graphs...
60 :  88
60 :  88
Initializing...
maxdom : 7
D->valSize : 247
Solving...
Blb : 2 (clique : 28)
currentSize : 28 <-- 0.002920 s
currentSize : 29 <-- 0.101745 s
currentSize : 30 <-- 0.617982 s
currentSize : 31 <-- 1.356685 s
currentSize : 32 <-- 1.356903 s

maxsize : 32
nodes : 41028835.000000
filtered : 216636309.000000
time : 164.433929
