Parameters: GAD=1 vflib=1 dir=0 label=1 lowerbound=1 fileNameGp=../graphsdb/mcs50/bvg/b09/mcs50_b09_s50.A22 fileNameGt=../graphsdb/mcs50/bvg/b09/mcs50_b09_s50.B22
Reading graphs...
50 :  223
50 :  222
Initializing...
maxdom : 11
D->valSize : 313
Solving...
Blb : 2 (clique : 10)
currentSize : 10 <-- 0.002163 s
currentSize : 11 <-- 0.002289 s
currentSize : 12 <-- 0.005327 s
currentSize : 13 <-- 0.005787 s
currentSize : 14 <-- 0.005814 s
currentSize : 15 <-- 0.089461 s
currentSize : 16 <-- 0.273426 s
currentSize : 17 <-- 0.347401 s
currentSize : 18 <-- 0.414370 s
currentSize : 19 <-- 0.414537 s
currentSize : 21 <-- 0.708204 s
currentSize : 24 <-- 0.708414 s

maxsize : 24
nodes : 195010.000000
filtered : 2603108.000000
time : 0.869991
