Parameters: GAD=1 vflib=1 dir=0 label=1 lowerbound=1 fileNameGp=../graphsdb/mcs50/m2D/m2Dr4/mcs50_m2Dr4_s80.A47 fileNameGt=../graphsdb/mcs50/m2D/m2Dr4/mcs50_m2Dr4_s80.B47
Reading graphs...
80 :  174
80 :  171
Initializing...
maxdom : 11
D->valSize : 459
Solving...
Blb : 2 (clique : 26)
currentSize : 26 <-- 0.007947 s
currentSize : 27 <-- 0.008365 s
currentSize : 28 <-- 0.008625 s
currentSize : 29 <-- 0.016238 s
currentSize : 30 <-- 0.612820 s
currentSize : 31 <-- 1.974564 s
currentSize : 32 <-- 1056.662231 s

TIMEOUT
maxsize : 32
nodes : 784652817.000000
filtered : 6608847645.000000
time : 3600.000000
