Parameters: GAD=1 vflib=1 dir=0 label=1 lowerbound=1 fileNameGp=../graphsdb/mcs50/m2D/m2D/mcs50_m2D_s50.A70 fileNameGt=../graphsdb/mcs50/m2D/m2D/mcs50_m2D_s50.B70
Reading graphs...
50 :  83
50 :  83
Initializing...
maxdom : 9
D->valSize : 324
Solving...
Blb : 2 (clique : 20)
currentSize : 20 <-- 0.002434 s
currentSize : 21 <-- 3.288935 s
currentSize : 22 <-- 3.414014 s
currentSize : 23 <-- 12.106097 s
currentSize : 24 <-- 168.719513 s
currentSize : 25 <-- 271.646362 s
currentSize : 27 <-- 271.646393 s
currentSize : 28 <-- 271.655548 s

maxsize : 28
nodes : 90784585.000000
filtered : 813594345.000000
time : 343.910583
