Parameters: GAD=1 vflib=1 dir=0 label=1 lowerbound=1 fileNameGp=../graphsdb/mcs50/m2D/m2Dr6/mcs50_m2Dr6_s90.A76 fileNameGt=../graphsdb/mcs50/m2D/m2Dr6/mcs50_m2Dr6_s90.B76
Reading graphs...
90 :  213
90 :  213
Initializing...
maxdom : 9
D->valSize : 537
Solving...
Blb : 2 (clique : 29)
currentSize : 29 <-- 0.010405 s
currentSize : 30 <-- 0.010773 s
currentSize : 32 <-- 0.014789 s
currentSize : 33 <-- 2.037759 s
currentSize : 34 <-- 2153.702393 s
currentSize : 35 <-- 2154.111816 s
currentSize : 36 <-- 2234.555908 s
currentSize : 37 <-- 2234.844238 s
currentSize : 38 <-- 2940.897949 s

TIMEOUT
maxsize : 38
nodes : 800833841.000000
filtered : 4960214799.000000
time : 3600.000000
