Parameters: GAD=1 vflib=1 dir=0 label=1 lowerbound=1 fileNameGp=../graphsdb/mcs50/bvg/b06m/mcs50_b06m_s30.A62 fileNameGt=../graphsdb/mcs50/bvg/b06m/mcs50_b06m_s30.B62
Reading graphs...
30 :  87
30 :  86
Initializing...
maxdom : 6
D->valSize : 110
Solving...
Blb : 2 (clique : 9)
currentSize : 9 <-- 0.000681 s
currentSize : 10 <-- 0.000802 s
currentSize : 12 <-- 0.003403 s
currentSize : 13 <-- 0.003429 s
currentSize : 15 <-- 0.004712 s

maxsize : 15
nodes : 2465.000000
filtered : 17546.000000
time : 0.007909
