Parameters: GAD=1 vflib=1 dir=0 label=1 lowerbound=1 fileNameGp=../graphsdb/mcs50/rand/r02/mcs50_r02_s35.A57 fileNameGt=../graphsdb/mcs50/rand/r02/mcs50_r02_s35.B57
Reading graphs...
35 :  210
35 :  208
Initializing...
maxdom : 7
D->valSize : 158
Solving...
Blb : 2 (clique : 8)
currentSize : 8 <-- 0.000880 s
currentSize : 9 <-- 0.001033 s
currentSize : 10 <-- 0.001294 s
currentSize : 13 <-- 0.001363 s
currentSize : 15 <-- 0.001385 s

maxsize : 15
nodes : 1266.000000
filtered : 16213.000000
time : 0.005301
