Parameters: GAD=1 vflib=1 dir=0 label=1 lowerbound=1 fileNameGp=../graphsdb/mcs50/bvg/b06/mcs50_b06_s30.A78 fileNameGt=../graphsdb/mcs50/bvg/b06/mcs50_b06_s30.B78
Reading graphs...
30 :  88
30 :  90
Initializing...
maxdom : 6
D->valSize : 116
Solving...
Blb : 3 (clique : 8)
currentSize : 8 <-- 0.000659 s
currentSize : 9 <-- 0.000739 s
currentSize : 10 <-- 0.001453 s
currentSize : 11 <-- 0.003827 s
currentSize : 14 <-- 0.003855 s
currentSize : 15 <-- 0.007725 s

maxsize : 15
nodes : 3499.000000
filtered : 23785.000000
time : 0.010571
