Parameters: GAD=1 vflib=1 dir=0 label=1 lowerbound=1 fileNameGp=../graphsdb/mcs50/m2D/m2Dr4/mcs50_m2Dr4_s60.A39 fileNameGt=../graphsdb/mcs50/m2D/m2Dr4/mcs50_m2Dr4_s60.B39
Reading graphs...
60 :  128
60 :  125
Initializing...
maxdom : 6
D->valSize : 235
Solving...
Blb : 2 (clique : 22)
currentSize : 22 <-- 0.002659 s
currentSize : 24 <-- 0.002929 s
currentSize : 25 <-- 0.008665 s
currentSize : 26 <-- 0.008918 s
currentSize : 27 <-- 0.015358 s
currentSize : 28 <-- 0.016522 s

maxsize : 28
nodes : 2678665.000000
filtered : 15690026.000000
time : 11.325348
