Parameters: GAD=1 vflib=1 dir=0 label=1 lowerbound=1 fileNameGp=../graphsdb/mcs50/bvg/b03m/mcs50_b03m_s60.A14 fileNameGt=../graphsdb/mcs50/bvg/b03m/mcs50_b03m_s60.B14
Reading graphs...
60 :  90
60 :  90
Initializing...
maxdom : 7
D->valSize : 280
Solving...
Blb : 2 (clique : 30)
currentSize : 30 <-- 0.002320 s
currentSize : 32 <-- 0.018725 s
currentSize : 33 <-- 0.033234 s
currentSize : 34 <-- 0.190265 s
currentSize : 35 <-- 0.241265 s

maxsize : 35
nodes : 5574131.000000
filtered : 40459429.000000
time : 26.481277
