Parameters: GAD=1 vflib=1 dir=0 label=1 lowerbound=1 fileNameGp=../graphsdb/mcs50/bvg/b03/mcs50_b03_s25.A88 fileNameGt=../graphsdb/mcs50/bvg/b03/mcs50_b03_s25.B88
Reading graphs...
25 :  37
25 :  37
Initializing...
maxdom : 7
D->valSize : 153
Solving...
Blb : 5 (clique : 10)
currentSize : 10 <-- 0.000970 s
currentSize : 11 <-- 0.006113 s
currentSize : 12 <-- 0.011588 s
currentSize : 13 <-- 0.014902 s
currentSize : 14 <-- 0.023079 s

maxsize : 14
nodes : 15932.000000
filtered : 156625.000000
time : 0.048071
