Parameters: GAD=1 vflib=1 dir=0 label=1 lowerbound=1 fileNameGp=../graphsdb/mcs50/bvg/b06/mcs50_b06_s40.A37 fileNameGt=../graphsdb/mcs50/bvg/b06/mcs50_b06_s40.B37
Reading graphs...
40 :  117
40 :  120
Initializing...
maxdom : 7
D->valSize : 191
Solving...
Blb : 2 (clique : 9)
currentSize : 9 <-- 0.001233 s
currentSize : 10 <-- 0.001306 s
currentSize : 11 <-- 0.001397 s
currentSize : 12 <-- 0.014398 s
currentSize : 13 <-- 0.092968 s
currentSize : 14 <-- 0.093023 s
currentSize : 21 <-- 0.173930 s
currentSize : 22 <-- 0.177495 s

maxsize : 22
nodes : 59481.000000
filtered : 400876.000000
time : 0.189246
