Parameters: GAD=1 vflib=1 dir=0 label=1 lowerbound=1 fileNameGp=../graphsdb/mcs50/bvg/b03m/mcs50_b03m_s70.A14 fileNameGt=../graphsdb/mcs50/bvg/b03m/mcs50_b03m_s70.B14
Reading graphs...
70 :  105
70 :  104
Initializing...
maxdom : 7
D->valSize : 315
Solving...
Blb : 2 (clique : 33)
currentSize : 33 <-- 0.004350 s
currentSize : 34 <-- 0.061895 s
currentSize : 35 <-- 1.719460 s
currentSize : 36 <-- 5.037790 s
currentSize : 37 <-- 19.919865 s
currentSize : 38 <-- 20.191525 s
currentSize : 39 <-- 31.857803 s

maxsize : 39
nodes : 62589085.000000
filtered : 371065892.000000
time : 301.614105
