Parameters: GAD=1 vflib=1 dir=0 label=1 lowerbound=1 fileNameGp=../graphsdb/mcs50/m2D/m2Dr6/mcs50_m2Dr6_s90.A36 fileNameGt=../graphsdb/mcs50/m2D/m2Dr6/mcs50_m2Dr6_s90.B36
Reading graphs...
90 :  213
90 :  213
Initializing...
maxdom : 11
D->valSize : 536
Solving...
Blb : 2 (clique : 42)
currentSize : 42 <-- 0.006471 s
currentSize : 43 <-- 0.007080 s
currentSize : 44 <-- 0.011626 s
currentSize : 46 <-- 0.012030 s
currentSize : 48 <-- 92.378387 s
currentSize : 49 <-- 354.673004 s
currentSize : 50 <-- 354.673523 s
currentSize : 51 <-- 354.677124 s

TIMEOUT
maxsize : 51
nodes : 681358976.000000
filtered : 3466021980.000000
time : 3600.000000
