Parameters: GAD=1 vflib=1 dir=0 label=1 lowerbound=1 fileNameGp=../graphsdb/mcs50/bvg/b06/mcs50_b06_s50.A42 fileNameGt=../graphsdb/mcs50/bvg/b06/mcs50_b06_s50.B42
Reading graphs...
50 :  147
50 :  147
Initializing...
maxdom : 10
D->valSize : 332
Solving...
Blb : 2 (clique : 15)
currentSize : 15 <-- 0.002510 s
currentSize : 24 <-- 0.002616 s
currentSize : 25 <-- 0.253412 s
currentSize : 26 <-- 0.930333 s
currentSize : 27 <-- 0.930377 s

maxsize : 27
nodes : 430597.000000
filtered : 5155965.000000
time : 1.853820
