Parameters: GAD=1 vflib=1 dir=0 label=1 lowerbound=1 fileNameGp=../graphsdb/mcs50/bvg/b06m/mcs50_b06m_s30.A86 fileNameGt=../graphsdb/mcs50/bvg/b06m/mcs50_b06m_s30.B86
Reading graphs...
30 :  86
30 :  87
Initializing...
maxdom : 7
D->valSize : 139
Solving...
Blb : 2 (clique : 8)
currentSize : 8 <-- 0.000794 s
currentSize : 9 <-- 0.000841 s
currentSize : 10 <-- 0.000909 s
currentSize : 11 <-- 0.002418 s
currentSize : 12 <-- 0.004026 s
currentSize : 13 <-- 0.008769 s
currentSize : 15 <-- 0.010136 s

maxsize : 15
nodes : 4090.000000
filtered : 41897.000000
time : 0.013389
