Parameters: GAD=1 vflib=1 dir=0 label=1 lowerbound=1 fileNameGp=../graphsdb/mcs50/rand/r02/mcs50_r02_s100.A80 fileNameGt=../graphsdb/mcs50/rand/r02/mcs50_r02_s100.B80
Reading graphs...
100 :  1761
100 :  1760
Initializing...
maxdom : 10
D->valSize : 416
Solving...
Blb : 5 (clique : 9)
currentSize : 9 <-- 0.004266 s
currentSize : 10 <-- 0.004429 s
currentSize : 12 <-- 0.004690 s
currentSize : 15 <-- 0.004943 s
currentSize : 22 <-- 0.006057 s
currentSize : 32 <-- 0.010442 s
currentSize : 33 <-- 0.010480 s
currentSize : 34 <-- 0.010725 s
currentSize : 35 <-- 0.016275 s
currentSize : 36 <-- 0.183066 s

maxsize : 36
nodes : 427562.000000
filtered : 1034700.000000
time : 1.958337
