Parameters: GAD=1 vflib=1 dir=0 label=1 lowerbound=1 fileNameGp=../graphsdb/mcs50/m2D/m2Dr6/mcs50_m2Dr6_s80.A09 fileNameGt=../graphsdb/mcs50/m2D/m2Dr6/mcs50_m2Dr6_s80.B09
Reading graphs...
80 :  189
80 :  186
Initializing...
maxdom : 7
D->valSize : 406
Solving...
Blb : 3 (clique : 29)
currentSize : 29 <-- 0.003915 s
currentSize : 30 <-- 151.287018 s
currentSize : 31 <-- 477.153076 s
currentSize : 32 <-- 507.812866 s
currentSize : 33 <-- 507.812988 s
currentSize : 34 <-- 633.421753 s
currentSize : 35 <-- 633.968384 s
currentSize : 36 <-- 1233.536255 s
currentSize : 37 <-- 1673.455444 s
currentSize : 38 <-- 1673.455566 s
currentSize : 39 <-- 2114.714600 s
currentSize : 40 <-- 2114.724365 s

TIMEOUT
maxsize : 40
nodes : 669579320.000000
filtered : 5936315047.000000
time : 3600.000000
