Parameters: GAD=1 vflib=1 dir=0 label=1 lowerbound=1 fileNameGp=../graphsdb/mcs50/m2D/m2Dr4/mcs50_m2Dr4_s60.A14 fileNameGt=../graphsdb/mcs50/m2D/m2Dr4/mcs50_m2Dr4_s60.B14
Reading graphs...
60 :  126
60 :  128
Initializing...
maxdom : 7
D->valSize : 246
Solving...
Blb : 3 (clique : 20)
currentSize : 20 <-- 0.001870 s
currentSize : 21 <-- 0.002822 s
currentSize : 22 <-- 0.011804 s
currentSize : 23 <-- 0.260650 s
currentSize : 24 <-- 0.832519 s
currentSize : 25 <-- 1.169067 s
currentSize : 26 <-- 1.390387 s
currentSize : 27 <-- 2.557538 s

maxsize : 27
nodes : 16556625.000000
filtered : 119015466.000000
time : 69.892647
