Parameters: GAD=1 vflib=1 dir=0 label=1 lowerbound=1 fileNameGp=../graphsdb/mcs50/rand/r02/mcs50_r02_s50.A45 fileNameGt=../graphsdb/mcs50/rand/r02/mcs50_r02_s50.B45
Reading graphs...
50 :  441
50 :  445
Initializing...
maxdom : 9
D->valSize : 318
Solving...
Blb : 2 (clique : 7)
currentSize : 7 <-- 0.002140 s
currentSize : 8 <-- 0.002225 s
currentSize : 10 <-- 0.002442 s
currentSize : 11 <-- 0.023834 s
currentSize : 18 <-- 0.023905 s
currentSize : 23 <-- 0.024176 s

maxsize : 23
nodes : 8847.000000
filtered : 160632.000000
time : 0.042137
