Parameters: GAD=1 vflib=1 dir=0 label=1 lowerbound=1 fileNameGp=../graphsdb/mcs50/rand/r005/mcs50_r005_s30.A06 fileNameGt=../graphsdb/mcs50/rand/r005/mcs50_r005_s30.B06
Reading graphs...
30 :  47
30 :  47
Initializing...
maxdom : 6
D->valSize : 126
Solving...
Blb : 2 (clique : 11)
currentSize : 11 <-- 0.000948 s
currentSize : 12 <-- 0.001692 s
currentSize : 13 <-- 0.002075 s
currentSize : 14 <-- 0.008411 s
currentSize : 15 <-- 0.077275 s

maxsize : 15
nodes : 34159.000000
filtered : 176769.000000
time : 0.137274
