Parameters: GAD=1 vflib=1 dir=0 label=1 lowerbound=1 fileNameGp=../graphsdb/mcs50/m2D/m2D/mcs50_m2D_s70.A80 fileNameGt=../graphsdb/mcs50/m2D/m2D/mcs50_m2D_s70.B80
Reading graphs...
70 :  122
70 :  123
Initializing...
maxdom : 10
D->valSize : 359
Solving...
Blb : 5 (clique : 30)
currentSize : 30 <-- 0.003430 s
currentSize : 31 <-- 0.006519 s
currentSize : 32 <-- 2.119917 s
currentSize : 33 <-- 5.078100 s
currentSize : 34 <-- 5.095018 s
currentSize : 35 <-- 12.724944 s
currentSize : 36 <-- 12.725023 s
currentSize : 37 <-- 13.633120 s
currentSize : 38 <-- 130.534943 s

maxsize : 38
nodes : 309790785.000000
filtered : 2922560537.000000
time : 1543.148682
