Parameters: GAD=1 vflib=1 dir=0 label=1 lowerbound=1 fileNameGp=../graphsdb/mcs50/bvg/b06m/mcs50_b06m_s50.A79 fileNameGt=../graphsdb/mcs50/bvg/b06m/mcs50_b06m_s50.B79
Reading graphs...
50 :  149
50 :  149
Initializing...
maxdom : 11
D->valSize : 324
Solving...
Blb : 3 (clique : 20)
currentSize : 20 <-- 0.002770 s
currentSize : 22 <-- 9.748805 s
currentSize : 23 <-- 9.752555 s
currentSize : 24 <-- 21.305412 s
currentSize : 25 <-- 21.306087 s

maxsize : 25
nodes : 6723237.000000
filtered : 71714547.000000
time : 26.952646
