Parameters: GAD=1 vflib=1 dir=0 label=1 lowerbound=1 fileNameGp=../graphsdb/mcs50/m2D/m2Dr2/mcs50_m2Dr2_s100.A12 fileNameGt=../graphsdb/mcs50/m2D/m2Dr2/mcs50_m2Dr2_s100.B12
Reading graphs...
100 :  200
100 :  199
Initializing...
maxdom : 9
D->valSize : 357
Solving...
Blb : 2 (clique : 31)
currentSize : 31 <-- 0.003694 s
currentSize : 32 <-- 0.004487 s
currentSize : 33 <-- 0.016741 s
currentSize : 34 <-- 0.088930 s
currentSize : 35 <-- 1.242201 s
currentSize : 36 <-- 2.105213 s
currentSize : 37 <-- 13.578227 s
currentSize : 38 <-- 2045.511841 s

TIMEOUT
maxsize : 38
nodes : 761228155.000000
filtered : 3440022714.000000
time : 3600.000000
