Parameters: GAD=1 vflib=1 dir=0 label=1 lowerbound=1 fileNameGp=../graphsdb/mcs50/bvg/b06/mcs50_b06_s25.A16 fileNameGt=../graphsdb/mcs50/bvg/b06/mcs50_b06_s25.B16
Reading graphs...
25 :  73
25 :  75
Initializing...
maxdom : 10
D->valSize : 183
Solving...
Blb : 5 (clique : 8)
currentSize : 8 <-- 0.000871 s
currentSize : 9 <-- 0.001017 s
currentSize : 10 <-- 0.001328 s
currentSize : 11 <-- 0.003418 s
currentSize : 12 <-- 0.005483 s
currentSize : 13 <-- 0.005923 s

maxsize : 13
nodes : 2365.000000
filtered : 32661.000000
time : 0.008721
