Parameters: GAD=1 vflib=1 dir=0 label=1 lowerbound=1 fileNameGp=../graphsdb/mcs50/bvg/b03/mcs50_b03_s30.A16 fileNameGt=../graphsdb/mcs50/bvg/b03/mcs50_b03_s30.B16
Reading graphs...
30 :  45
30 :  45
Initializing...
maxdom : 6
D->valSize : 134
Solving...
Blb : 2 (clique : 11)
currentSize : 11 <-- 0.001063 s
currentSize : 12 <-- 0.011028 s
currentSize : 13 <-- 0.013030 s
currentSize : 14 <-- 0.013561 s
currentSize : 15 <-- 0.022097 s
currentSize : 16 <-- 0.025932 s

maxsize : 16
nodes : 10478.000000
filtered : 64814.000000
time : 0.043305
