Parameters: GAD=1 vflib=1 dir=0 label=1 lowerbound=1 fileNameGp=../graphsdb/mcs50/m3D/m3Dr6/mcs50_m3Dr6_s60.A49 fileNameGt=../graphsdb/mcs50/m3D/m3Dr6/mcs50_m3Dr6_s60.B49
Reading graphs...
60 :  168
60 :  166
Initializing...
maxdom : 7
D->valSize : 276
Solving...
Blb : 2 (clique : 24)
currentSize : 24 <-- 0.003216 s
currentSize : 25 <-- 0.003758 s
currentSize : 26 <-- 0.003806 s
currentSize : 27 <-- 0.209270 s
currentSize : 28 <-- 0.311461 s
currentSize : 29 <-- 0.448548 s

maxsize : 29
nodes : 637327.000000
filtered : 3963493.000000
time : 2.835631
