Parameters: GAD=1 vflib=1 dir=0 label=1 lowerbound=1 fileNameGp=../graphsdb/mcs50/rand/r01/mcs50_r01_s30.A21 fileNameGt=../graphsdb/mcs50/rand/r01/mcs50_r01_s30.B21
Reading graphs...
30 :  84
30 :  83
Initializing...
maxdom : 8
D->valSize : 120
Solving...
Blb : 2 (clique : 8)
currentSize : 8 <-- 0.000683 s
currentSize : 10 <-- 0.000777 s
currentSize : 11 <-- 0.001021 s
currentSize : 12 <-- 0.003233 s
currentSize : 13 <-- 0.003548 s
currentSize : 14 <-- 0.003567 s
currentSize : 15 <-- 0.003637 s

maxsize : 15
nodes : 1638.000000
filtered : 13554.000000
time : 0.005698
