Parameters: GAD=1 vflib=1 dir=0 label=1 lowerbound=1 fileNameGp=../graphsdb/mcs50/m3D/m3D/mcs50_m3D_s20.A94 fileNameGt=../graphsdb/mcs50/m3D/m3D/mcs50_m3D_s20.B94
Reading graphs...
20 :  37
20 :  36
Initializing...
maxdom : 8
D->valSize : 115
Solving...
Blb : 2 (clique : 7)
currentSize : 7 <-- 0.000636 s
currentSize : 8 <-- 0.000991 s
currentSize : 9 <-- 0.001041 s
currentSize : 10 <-- 0.001435 s
currentSize : 11 <-- 0.001444 s

maxsize : 11
nodes : 1423.000000
filtered : 13478.000000
time : 0.004937
