Parameters: GAD=1 vflib=1 dir=0 label=1 lowerbound=1 fileNameGp=../graphsdb/mcs50/m2D/m2Dr6/mcs50_m2Dr6_s30.A16 fileNameGt=../graphsdb/mcs50/m2D/m2Dr6/mcs50_m2Dr6_s30.B16
Reading graphs...
30 :  65
30 :  64
Initializing...
maxdom : 8
D->valSize : 121
Solving...
Blb : 2 (clique : 11)
currentSize : 11 <-- 0.000788 s
currentSize : 13 <-- 0.000850 s
currentSize : 14 <-- 0.000867 s
currentSize : 15 <-- 0.008034 s
currentSize : 16 <-- 0.008062 s

maxsize : 16
nodes : 5581.000000
filtered : 29707.000000
time : 0.015475
