Parameters: GAD=1 vflib=1 dir=0 label=1 lowerbound=1 fileNameGp=../graphsdb/mcs50/m2D/m2Dr6/mcs50_m2Dr6_s30.A08 fileNameGt=../graphsdb/mcs50/m2D/m2Dr6/mcs50_m2Dr6_s30.B08
Reading graphs...
30 :  63
30 :  62
Initializing...
maxdom : 6
D->valSize : 122
Solving...
Blb : 2 (clique : 11)
currentSize : 11 <-- 0.000719 s
currentSize : 12 <-- 0.000813 s
currentSize : 13 <-- 0.002086 s
currentSize : 14 <-- 0.002382 s
currentSize : 16 <-- 0.010870 s

maxsize : 16
nodes : 4284.000000
filtered : 32776.000000
time : 0.016979
