Parameters: GAD=1 vflib=1 dir=0 label=1 lowerbound=1 fileNameGp=../graphsdb/mcs50/bvg/b03/mcs50_b03_s80.A52 fileNameGt=../graphsdb/mcs50/bvg/b03/mcs50_b03_s80.B52
Reading graphs...
80 :  120
80 :  120
Initializing...
maxdom : 10
D->valSize : 442
Solving...
Blb : 2 (clique : 32)
currentSize : 32 <-- 0.004753 s
currentSize : 35 <-- 0.004998 s
currentSize : 36 <-- 0.005204 s
currentSize : 37 <-- 0.005631 s
currentSize : 39 <-- 0.012519 s
currentSize : 40 <-- 0.012919 s
currentSize : 41 <-- 0.041581 s
currentSize : 42 <-- 0.041676 s
currentSize : 44 <-- 0.903598 s
currentSize : 45 <-- 0.967598 s

TIMEOUT
maxsize : 45
nodes : 614454618.000000
filtered : 5389045426.000000
time : 3600.000000
