Parameters: GAD=1 vflib=1 dir=0 label=1 lowerbound=1 fileNameGp=../graphsdb/mcs50/rand/r02/mcs50_r02_s30.A11 fileNameGt=../graphsdb/mcs50/rand/r02/mcs50_r02_s30.B11
Reading graphs...
30 :  157
30 :  160
Initializing...
maxdom : 7
D->valSize : 125
Solving...
Blb : 2 (clique : 6)
currentSize : 6 <-- 0.000775 s
currentSize : 7 <-- 0.000844 s
currentSize : 8 <-- 0.001121 s
currentSize : 9 <-- 0.001139 s
currentSize : 10 <-- 0.001618 s
currentSize : 11 <-- 0.002458 s
currentSize : 13 <-- 0.002497 s

maxsize : 13
nodes : 727.000000
filtered : 8186.000000
time : 0.003070
