Parameters: GAD=1 vflib=1 dir=0 label=1 lowerbound=1 fileNameGp=../graphsdb/mcs50/rand/r005/mcs50_r005_s50.A26 fileNameGt=../graphsdb/mcs50/rand/r005/mcs50_r005_s50.B26
Reading graphs...
50 :  117
50 :  118
Initializing...
maxdom : 12
D->valSize : 348
Solving...
Blb : 2 (clique : 18)
currentSize : 18 <-- 0.004127 s
currentSize : 19 <-- 0.035692 s
currentSize : 20 <-- 0.064123 s
currentSize : 21 <-- 0.064286 s
currentSize : 22 <-- 0.204434 s
currentSize : 23 <-- 2.122266 s
currentSize : 24 <-- 2.122484 s
currentSize : 25 <-- 3.887934 s

maxsize : 25
nodes : 2474203.000000
filtered : 43998211.000000
time : 12.675172
