Parameters: GAD=1 vflib=1 dir=0 label=1 lowerbound=1 fileNameGp=../graphsdb/mcs50/bvg/b06/mcs50_b06_s70.A47 fileNameGt=../graphsdb/mcs50/bvg/b06/mcs50_b06_s70.B47
Reading graphs...
70 :  209
70 :  209
Initializing...
maxdom : 9
D->valSize : 329
Solving...
Blb : 2 (clique : 28)
currentSize : 28 <-- 0.002892 s
currentSize : 29 <-- 0.003297 s
currentSize : 30 <-- 0.006445 s
currentSize : 31 <-- 0.073982 s
currentSize : 32 <-- 0.075230 s
currentSize : 34 <-- 1.978949 s
currentSize : 36 <-- 1.993504 s
currentSize : 37 <-- 2.012235 s

maxsize : 37
nodes : 6313788.000000
filtered : 52298844.000000
time : 33.064884
