Parameters: GAD=1 vflib=1 dir=0 label=1 lowerbound=1 fileNameGp=../graphsdb/mcs50/rand/r005/mcs50_r005_s90.A70 fileNameGt=../graphsdb/mcs50/rand/r005/mcs50_r005_s90.B70
Reading graphs...
90 :  389
90 :  387
Initializing...
maxdom : 9
D->valSize : 534
Solving...
Blb : 2 (clique : 33)
currentSize : 33 <-- 0.006119 s
currentSize : 35 <-- 965.193176 s
currentSize : 37 <-- 965.195251 s
currentSize : 38 <-- 1341.474731 s
currentSize : 39 <-- 1341.474976 s
currentSize : 42 <-- 1341.475220 s
currentSize : 44 <-- 1341.475342 s

maxsize : 44
nodes : 218350657.000000
filtered : 3349710914.000000
time : 1486.052002
