Parameters: GAD=1 vflib=1 dir=0 label=1 lowerbound=1 fileNameGp=../graphsdb/mcs50/bvg/b03/mcs50_b03_s30.A34 fileNameGt=../graphsdb/mcs50/bvg/b03/mcs50_b03_s30.B34
Reading graphs...
30 :  45
30 :  45
Initializing...
maxdom : 6
D->valSize : 111
Solving...
Blb : 2 (clique : 11)
currentSize : 11 <-- 0.000591 s
currentSize : 12 <-- 0.000658 s
currentSize : 13 <-- 0.000957 s
currentSize : 14 <-- 0.029749 s
currentSize : 15 <-- 0.029784 s

maxsize : 15
nodes : 14652.000000
filtered : 81056.000000
time : 0.039222
