Parameters: GAD=1 vflib=1 dir=0 label=1 lowerbound=1 fileNameGp=../graphsdb/mcs50/bvg/b03/mcs50_b03_s60.A85 fileNameGt=../graphsdb/mcs50/bvg/b03/mcs50_b03_s60.B85
Reading graphs...
60 :  89
60 :  90
Initializing...
maxdom : 7
D->valSize : 253
Solving...
Blb : 2 (clique : 28)
currentSize : 28 <-- 0.003074 s
currentSize : 29 <-- 2.764509 s
currentSize : 31 <-- 4.854329 s
currentSize : 32 <-- 8.908306 s
currentSize : 33 <-- 28.269793 s

maxsize : 33
nodes : 45070615.000000
filtered : 354450045.000000
time : 193.434402
