Parameters: GAD=1 vflib=1 dir=0 label=1 lowerbound=1 fileNameGp=../graphsdb/mcs50/rand/r02/mcs50_r02_s90.A94 fileNameGt=../graphsdb/mcs50/rand/r02/mcs50_r02_s90.B94
Reading graphs...
90 :  1421
90 :  1439
Initializing...
maxdom : 9
D->valSize : 542
Solving...
Blb : 2 (clique : 7)
currentSize : 7 <-- 0.008690 s
currentSize : 8 <-- 0.008879 s
currentSize : 9 <-- 0.009043 s
currentSize : 10 <-- 0.009360 s
currentSize : 11 <-- 0.011669 s
currentSize : 13 <-- 0.013319 s
currentSize : 16 <-- 0.018047 s
currentSize : 25 <-- 0.056139 s
currentSize : 26 <-- 0.074473 s
currentSize : 32 <-- 0.107771 s
currentSize : 33 <-- 0.109110 s
currentSize : 34 <-- 0.121307 s

maxsize : 34
nodes : 87249.000000
filtered : 1001357.000000
time : 0.513645
