Parameters: GAD=1 vflib=1 dir=0 label=1 lowerbound=1 fileNameGp=../graphsdb/mcs50/bvg/b03/mcs50_b03_s50.A90 fileNameGt=../graphsdb/mcs50/bvg/b03/mcs50_b03_s50.B90
Reading graphs...
50 :  75
50 :  75
Initializing...
maxdom : 10
D->valSize : 328
Solving...
Blb : 2 (clique : 24)
currentSize : 24 <-- 0.004017 s
currentSize : 25 <-- 6.225482 s
currentSize : 26 <-- 6.225569 s
currentSize : 27 <-- 7.919962 s
currentSize : 28 <-- 13.122677 s
currentSize : 29 <-- 24.209871 s

maxsize : 29
nodes : 23064790.000000
filtered : 329638371.000000
time : 99.319054
