Parameters: GAD=1 vflib=1 dir=0 label=1 lowerbound=1 fileNameGp=../graphsdb/mcs50/m2D/m2D/mcs50_m2D_s90.A70 fileNameGt=../graphsdb/mcs50/m2D/m2D/mcs50_m2D_s90.B70
Reading graphs...
90 :  161
90 :  161
Initializing...
maxdom : 12
D->valSize : 527
Solving...
Blb : 2 (clique : 37)
currentSize : 37 <-- 0.010199 s
currentSize : 38 <-- 338.272308 s
currentSize : 39 <-- 376.551636 s
currentSize : 40 <-- 567.585144 s
currentSize : 41 <-- 1831.578003 s
currentSize : 42 <-- 2121.164062 s
currentSize : 43 <-- 2639.432129 s
currentSize : 44 <-- 2666.646484 s
currentSize : 45 <-- 2666.663330 s
currentSize : 46 <-- 2666.663330 s

TIMEOUT
maxsize : 46
nodes : 682605804.000000
filtered : 5248663014.000000
time : 3600.000000
