Parameters: GAD=1 vflib=1 dir=0 label=1 lowerbound=1 fileNameGp=../graphsdb/mcs50/rand/r001/mcs50_r001_s100.A10 fileNameGt=../graphsdb/mcs50/rand/r001/mcs50_r001_s100.B10
Reading graphs...
100 :  124
100 :  124
Initializing...
maxdom : 7
D->valSize : 345
Solving...
Blb : 2 (clique : 38)
currentSize : 38 <-- 0.003719 s
currentSize : 39 <-- 0.004224 s
currentSize : 40 <-- 1.215620 s
currentSize : 41 <-- 9.033227 s
currentSize : 42 <-- 23.793747 s
currentSize : 43 <-- 93.167305 s
currentSize : 44 <-- 245.348816 s
currentSize : 45 <-- 1001.191895 s
currentSize : 46 <-- 3129.176758 s

TIMEOUT
maxsize : 46
nodes : 817784313.000000
filtered : 2890442382.000000
time : 3600.000000
