Parameters: GAD=1 vflib=1 dir=0 label=1 lowerbound=1 fileNameGp=../graphsdb/mcs50/rand/r005/mcs50_r005_s70.A56 fileNameGt=../graphsdb/mcs50/rand/r005/mcs50_r005_s70.B56
Reading graphs...
70 :  232
70 :  232
Initializing...
maxdom : 7
D->valSize : 324
Solving...
Blb : 2 (clique : 20)
currentSize : 20 <-- 0.002642 s
currentSize : 21 <-- 0.005091 s
currentSize : 22 <-- 0.057716 s
currentSize : 23 <-- 0.168920 s
currentSize : 24 <-- 0.217756 s
currentSize : 25 <-- 1.705793 s
currentSize : 26 <-- 12.057824 s
currentSize : 27 <-- 12.057929 s
currentSize : 28 <-- 12.088690 s
currentSize : 29 <-- 53.765415 s
currentSize : 30 <-- 56.144455 s
currentSize : 31 <-- 69.543137 s
currentSize : 32 <-- 69.543213 s
currentSize : 33 <-- 77.067200 s
currentSize : 34 <-- 77.067268 s

maxsize : 34
nodes : 18721464.000000
filtered : 213360577.000000
time : 98.637779
