Parameters: GAD=1 vflib=1 dir=0 label=1 lowerbound=1 fileNameGp=../graphsdb/mcs50/rand/r02/mcs50_r02_s30.A38 fileNameGt=../graphsdb/mcs50/rand/r02/mcs50_r02_s30.B38
Reading graphs...
30 :  157
30 :  155
Initializing...
maxdom : 7
D->valSize : 127
Solving...
Blb : 2 (clique : 6)
currentSize : 6 <-- 0.000689 s
currentSize : 7 <-- 0.000804 s
currentSize : 8 <-- 0.001074 s
currentSize : 9 <-- 0.001091 s
currentSize : 10 <-- 0.001363 s
currentSize : 11 <-- 0.001439 s
currentSize : 12 <-- 0.001466 s
currentSize : 13 <-- 0.002045 s
currentSize : 15 <-- 0.002097 s

maxsize : 15
nodes : 687.000000
filtered : 6982.000000
time : 0.002905
