Parameters: GAD=1 vflib=1 dir=0 label=1 lowerbound=1 fileNameGp=../graphsdb/mcs50/bvg/b06m/mcs50_b06m_s90.A91 fileNameGt=../graphsdb/mcs50/bvg/b06m/mcs50_b06m_s90.B91
Reading graphs...
90 :  265
90 :  266
Initializing...
maxdom : 9
D->valSize : 542
Solving...
Blb : 2 (clique : 37)
currentSize : 37 <-- 0.006229 s
currentSize : 39 <-- 0.006857 s
currentSize : 40 <-- 0.007046 s
currentSize : 41 <-- 0.007254 s
currentSize : 42 <-- 0.046398 s
currentSize : 43 <-- 1.853212 s
currentSize : 44 <-- 16.645788 s
currentSize : 45 <-- 19.301979 s
currentSize : 46 <-- 323.779907 s

TIMEOUT
maxsize : 46
nodes : 528613630.000000
filtered : 6844380743.000000
time : 3600.000000
