Parameters: GAD=1 vflib=1 dir=0 label=1 lowerbound=1 fileNameGp=../graphsdb/mcs50/m2D/m2D/mcs50_m2D_s70.A18 fileNameGt=../graphsdb/mcs50/m2D/m2D/mcs50_m2D_s70.B18
Reading graphs...
70 :  122
70 :  122
Initializing...
maxdom : 8
D->valSize : 313
Solving...
Blb : 2 (clique : 29)
currentSize : 29 <-- 0.002838 s
currentSize : 31 <-- 0.026818 s
currentSize : 32 <-- 2.169850 s
currentSize : 33 <-- 2.175819 s
currentSize : 34 <-- 177.426773 s
currentSize : 36 <-- 177.428268 s
currentSize : 37 <-- 177.446091 s
currentSize : 38 <-- 177.544098 s

maxsize : 38
nodes : 51648159.000000
filtered : 280945492.000000
time : 214.062897
