Parameters: GAD=1 vflib=1 dir=0 label=1 lowerbound=1 fileNameGp=../graphsdb/mcs50/m3D/m3Dr4/mcs50_m3Dr4_s50.A70 fileNameGt=../graphsdb/mcs50/m3D/m3Dr4/mcs50_m3Dr4_s50.B70
Reading graphs...
50 :  128
50 :  128
Initializing...
maxdom : 11
D->valSize : 332
Solving...
Blb : 3 (clique : 20)
currentSize : 20 <-- 0.003902 s
currentSize : 21 <-- 0.004064 s
currentSize : 23 <-- 1.749149 s
currentSize : 24 <-- 2.096732 s
currentSize : 25 <-- 2.700628 s
currentSize : 26 <-- 2.700811 s
currentSize : 27 <-- 3.687197 s

maxsize : 27
nodes : 1048158.000000
filtered : 13169992.000000
time : 4.716771
