Parameters: GAD=1 vflib=1 dir=0 label=1 lowerbound=1 fileNameGp=../graphsdb/mcs50/rand/r01/mcs50_r01_s80.A35 fileNameGt=../graphsdb/mcs50/rand/r01/mcs50_r01_s80.B35
Reading graphs...
80 :  589
80 :  604
Initializing...
maxdom : 8
D->valSize : 447
Solving...
Blb : 2 (clique : 13)
currentSize : 13 <-- 0.006662 s
currentSize : 14 <-- 0.006848 s
currentSize : 15 <-- 0.007791 s
currentSize : 16 <-- 0.008696 s
currentSize : 17 <-- 0.013165 s
currentSize : 18 <-- 0.016903 s
currentSize : 19 <-- 0.020791 s
currentSize : 20 <-- 0.028826 s
currentSize : 22 <-- 0.046493 s
currentSize : 25 <-- 0.085325 s
currentSize : 28 <-- 0.124353 s
currentSize : 32 <-- 0.124628 s
currentSize : 38 <-- 0.836371 s

maxsize : 38
nodes : 242311.000000
filtered : 3723132.000000
time : 1.629467
