Parameters: GAD=1 vflib=1 dir=0 label=1 lowerbound=1 fileNameGp=../graphsdb/mcs50/bvg/b06/mcs50_b06_s80.A01 fileNameGt=../graphsdb/mcs50/bvg/b06/mcs50_b06_s80.B01
Reading graphs...
80 :  238
80 :  239
Initializing...
maxdom : 11
D->valSize : 472
Solving...
Blb : 3 (clique : 24)
currentSize : 24 <-- 0.004727 s
currentSize : 26 <-- 0.004919 s
currentSize : 27 <-- 0.005252 s
currentSize : 28 <-- 0.019127 s
currentSize : 29 <-- 0.077558 s
currentSize : 33 <-- 0.176959 s
currentSize : 35 <-- 0.177951 s
currentSize : 37 <-- 555.341370 s
currentSize : 39 <-- 731.853577 s
currentSize : 40 <-- 785.639465 s
currentSize : 41 <-- 954.470886 s

maxsize : 41
nodes : 272294767.000000
filtered : 2484199998.000000
time : 1419.025757
