Parameters: GAD=1 vflib=1 dir=0 label=1 lowerbound=1 fileNameGp=../graphsdb/mcs50/bvg/b03m/mcs50_b03m_s60.A46 fileNameGt=../graphsdb/mcs50/bvg/b03m/mcs50_b03m_s60.B46
Reading graphs...
60 :  88
60 :  89
Initializing...
maxdom : 7
D->valSize : 249
Solving...
Blb : 3 (clique : 26)
currentSize : 26 <-- 0.001909 s
currentSize : 28 <-- 0.002051 s
currentSize : 29 <-- 0.003079 s
currentSize : 30 <-- 0.076071 s
currentSize : 31 <-- 12.463386 s

maxsize : 31
nodes : 29189891.000000
filtered : 181442510.000000
time : 122.154083
