Parameters: GAD=1 vflib=1 dir=0 label=1 lowerbound=1 fileNameGp=../graphsdb/mcs50/rand/r02/mcs50_r02_s35.A60 fileNameGt=../graphsdb/mcs50/rand/r02/mcs50_r02_s35.B60
Reading graphs...
35 :  215
35 :  217
Initializing...
maxdom : 8
D->valSize : 177
Solving...
Blb : 2 (clique : 6)
currentSize : 6 <-- 0.000896 s
currentSize : 7 <-- 0.000970 s
currentSize : 8 <-- 0.001246 s
currentSize : 9 <-- 0.003462 s
currentSize : 10 <-- 0.004779 s
currentSize : 15 <-- 0.004856 s

maxsize : 15
nodes : 2404.000000
filtered : 32942.000000
time : 0.009520
