Parameters: GAD=1 vflib=1 dir=0 label=1 lowerbound=1 fileNameGp=../graphsdb/mcs50/bvg/b03m/mcs50_b03m_s90.A46 fileNameGt=../graphsdb/mcs50/bvg/b03m/mcs50_b03m_s90.B46
Reading graphs...
90 :  135
90 :  135
Initializing...
maxdom : 8
D->valSize : 534
Solving...
Blb : 2 (clique : 44)
currentSize : 44 <-- 0.010950 s
currentSize : 45 <-- 0.011477 s
currentSize : 46 <-- 0.012126 s
currentSize : 47 <-- 0.014560 s
currentSize : 48 <-- 1.985761 s
currentSize : 49 <-- 5.458715 s
currentSize : 50 <-- 5.464986 s

TIMEOUT
maxsize : 50
nodes : 825696328.000000
filtered : 2557888336.000000
time : 3600.000000
