Parameters: GAD=1 vflib=1 dir=0 label=1 lowerbound=1 fileNameGp=../graphsdb/mcs50/rand/r01/mcs50_r01_s70.A83 fileNameGt=../graphsdb/mcs50/rand/r01/mcs50_r01_s70.B83
Reading graphs...
70 :  449
70 :  455
Initializing...
maxdom : 7
D->valSize : 354
Solving...
Blb : 2 (clique : 15)
currentSize : 15 <-- 0.002860 s
currentSize : 16 <-- 0.002984 s
currentSize : 22 <-- 0.005240 s
currentSize : 23 <-- 0.005484 s
currentSize : 25 <-- 0.013019 s
currentSize : 27 <-- 0.024646 s
currentSize : 30 <-- 0.026320 s
currentSize : 31 <-- 0.027488 s

maxsize : 31
nodes : 159078.000000
filtered : 1571602.000000
time : 0.870411
