Parameters: GAD=1 vflib=1 dir=0 label=1 lowerbound=1 fileNameGp=../graphsdb/mcs50/bvg/b06m/mcs50_b06m_s40.A41 fileNameGt=../graphsdb/mcs50/bvg/b06m/mcs50_b06m_s40.B41
Reading graphs...
40 :  116
40 :  118
Initializing...
maxdom : 7
D->valSize : 195
Solving...
Blb : 3 (clique : 15)
currentSize : 15 <-- 0.001303 s
currentSize : 17 <-- 0.044382 s
currentSize : 18 <-- 0.046932 s
currentSize : 19 <-- 0.046949 s
currentSize : 20 <-- 0.047239 s

maxsize : 20
nodes : 46443.000000
filtered : 359186.000000
time : 0.165087
