Parameters: GAD=1 vflib=1 dir=0 label=1 lowerbound=1 fileNameGp=../graphsdb/mcs50/rand/r005/mcs50_r005_s90.A07 fileNameGt=../graphsdb/mcs50/rand/r005/mcs50_r005_s90.B07
Reading graphs...
90 :  390
90 :  384
Initializing...
maxdom : 10
D->valSize : 563
Solving...
Blb : 2 (clique : 21)
currentSize : 21 <-- 0.010532 s
currentSize : 22 <-- 0.013099 s
currentSize : 23 <-- 0.031666 s
currentSize : 24 <-- 0.418785 s
currentSize : 25 <-- 2.537147 s
currentSize : 26 <-- 20.510113 s
currentSize : 27 <-- 20.579033 s
currentSize : 28 <-- 20.736418 s
currentSize : 29 <-- 32.097626 s
currentSize : 30 <-- 32.278797 s
currentSize : 31 <-- 32.286472 s
currentSize : 32 <-- 69.337921 s
currentSize : 33 <-- 69.337952 s
currentSize : 34 <-- 69.345718 s
currentSize : 35 <-- 96.593636 s
currentSize : 37 <-- 255.863358 s
currentSize : 38 <-- 255.863403 s
currentSize : 39 <-- 316.830017 s
currentSize : 40 <-- 407.671478 s
currentSize : 41 <-- 425.182129 s
currentSize : 42 <-- 516.077454 s
currentSize : 44 <-- 516.084778 s

maxsize : 44
nodes : 77403101.000000
filtered : 1358279553.000000
time : 558.315674
