Parameters: GAD=1 vflib=1 dir=0 label=1 lowerbound=1 fileNameGp=../graphsdb/mcs50/bvg/b03/mcs50_b03_s30.A39 fileNameGt=../graphsdb/mcs50/bvg/b03/mcs50_b03_s30.B39
Reading graphs...
30 :  45
30 :  44
Initializing...
maxdom : 6
D->valSize : 136
Solving...
Blb : 2 (clique : 12)
currentSize : 12 <-- 0.001053 s
currentSize : 13 <-- 0.002472 s
currentSize : 14 <-- 0.003764 s
currentSize : 15 <-- 0.005281 s
currentSize : 16 <-- 0.010300 s

maxsize : 16
nodes : 3464.000000
filtered : 24549.000000
time : 0.017779
