Parameters: GAD=1 vflib=1 dir=0 label=1 lowerbound=1 fileNameGp=../graphsdb/mcs50/m2D/m2Dr6/mcs50_m2Dr6_s50.A98 fileNameGt=../graphsdb/mcs50/m2D/m2Dr6/mcs50_m2Dr6_s50.B98
Reading graphs...
50 :  111
50 :  112
Initializing...
maxdom : 11
D->valSize : 338
Solving...
Blb : 2 (clique : 21)
currentSize : 21 <-- 0.004032 s
currentSize : 23 <-- 0.016325 s
currentSize : 24 <-- 0.017618 s
currentSize : 25 <-- 0.049547 s
currentSize : 26 <-- 0.054250 s

maxsize : 26
nodes : 2381041.000000
filtered : 37704495.000000
time : 11.966738
