Parameters: GAD=1 vflib=1 dir=0 label=1 lowerbound=1 fileNameGp=../graphsdb/mcs50/m2D/m2Dr6/mcs50_m2Dr6_s70.A44 fileNameGt=../graphsdb/mcs50/m2D/m2Dr6/mcs50_m2Dr6_s70.B44
Reading graphs...
70 :  162
70 :  161
Initializing...
maxdom : 7
D->valSize : 328
Solving...
Blb : 2 (clique : 22)
currentSize : 22 <-- 0.002774 s
currentSize : 23 <-- 0.117097 s
currentSize : 24 <-- 0.478434 s
currentSize : 25 <-- 0.531931 s
currentSize : 26 <-- 0.577318 s
currentSize : 28 <-- 5.635407 s
currentSize : 29 <-- 9.112515 s
currentSize : 30 <-- 13.482881 s
currentSize : 31 <-- 14.528542 s
currentSize : 32 <-- 21.833324 s
currentSize : 33 <-- 21.939148 s
currentSize : 34 <-- 109.851601 s
currentSize : 35 <-- 110.314507 s
currentSize : 36 <-- 116.780724 s
currentSize : 37 <-- 118.915512 s
currentSize : 38 <-- 127.119614 s

maxsize : 38
nodes : 27261694.000000
filtered : 239195365.000000
time : 140.491806
