Parameters: GAD=1 vflib=1 dir=0 label=1 lowerbound=1 fileNameGp=../graphsdb/mcs50/m3D/m3D/mcs50_m3D_s50.A04 fileNameGt=../graphsdb/mcs50/m3D/m3D/mcs50_m3D_s50.B04
Reading graphs...
50 :  109
50 :  109
Initializing...
maxdom : 10
D->valSize : 349
Solving...
Blb : 2 (clique : 18)
currentSize : 18 <-- 0.002685 s
currentSize : 19 <-- 0.004903 s
currentSize : 20 <-- 0.084499 s
currentSize : 21 <-- 0.513617 s
currentSize : 22 <-- 3.215732 s
currentSize : 23 <-- 4.433847 s
currentSize : 24 <-- 7.958714 s
currentSize : 25 <-- 9.430595 s
currentSize : 26 <-- 10.905339 s
currentSize : 27 <-- 12.049441 s
currentSize : 28 <-- 12.050067 s
currentSize : 29 <-- 13.535144 s

maxsize : 29
nodes : 3137356.000000
filtered : 37967577.000000
time : 14.315718
