Parameters: GAD=1 vflib=1 dir=0 label=1 lowerbound=1 fileNameGp=../graphsdb/mcs50/m2D/m2Dr2/mcs50_m2Dr2_s90.A79 fileNameGt=../graphsdb/mcs50/m2D/m2Dr2/mcs50_m2Dr2_s90.B79
Reading graphs...
90 :  178
90 :  179
Initializing...
maxdom : 10
D->valSize : 552
Solving...
Blb : 2 (clique : 45)
currentSize : 45 <-- 0.006611 s
currentSize : 46 <-- 0.006970 s
currentSize : 47 <-- 0.033511 s
currentSize : 49 <-- 0.428969 s
currentSize : 50 <-- 0.429194 s
currentSize : 51 <-- 0.431103 s

TIMEOUT
maxsize : 51
nodes : 639206032.000000
filtered : 4063444579.000000
time : 3600.000000
