Parameters: GAD=1 vflib=1 dir=0 label=1 lowerbound=1 fileNameGp=../graphsdb/mcs50/m2D/m2Dr6/mcs50_m2Dr6_s50.A79 fileNameGt=../graphsdb/mcs50/m2D/m2Dr6/mcs50_m2Dr6_s50.B79
Reading graphs...
50 :  112
50 :  113
Initializing...
maxdom : 13
D->valSize : 346
Solving...
Blb : 2 (clique : 16)
currentSize : 16 <-- 0.002630 s
currentSize : 17 <-- 0.003713 s
currentSize : 18 <-- 0.204652 s
currentSize : 19 <-- 0.745936 s
currentSize : 20 <-- 1.501678 s
currentSize : 21 <-- 2.564853 s
currentSize : 22 <-- 4.804682 s
currentSize : 23 <-- 5.601284 s
currentSize : 24 <-- 10.204249 s
currentSize : 25 <-- 10.828015 s
currentSize : 26 <-- 12.425102 s

maxsize : 26
nodes : 3305983.000000
filtered : 36069785.000000
time : 14.097900
