Parameters: GAD=1 vflib=1 dir=0 label=1 lowerbound=1 fileNameGp=../graphsdb/mcs50/rand/r02/mcs50_r02_s40.A06 fileNameGt=../graphsdb/mcs50/rand/r02/mcs50_r02_s40.B06
Reading graphs...
40 :  275
40 :  279
Initializing...
maxdom : 7
D->valSize : 198
Solving...
Blb : 2 (clique : 7)
currentSize : 7 <-- 0.001144 s
currentSize : 8 <-- 0.001196 s
currentSize : 9 <-- 0.001354 s
currentSize : 10 <-- 0.001724 s
currentSize : 11 <-- 0.004989 s
currentSize : 17 <-- 0.006327 s

maxsize : 17
nodes : 2636.000000
filtered : 38968.000000
time : 0.011486
