Parameters: GAD=1 vflib=1 dir=0 label=1 lowerbound=1 fileNameGp=../graphsdb/mcs50/rand/r005/mcs50_r005_s90.A29 fileNameGt=../graphsdb/mcs50/rand/r005/mcs50_r005_s90.B29
Reading graphs...
90 :  388
90 :  384
Initializing...
maxdom : 10
D->valSize : 546
Solving...
Blb : 2 (clique : 28)
currentSize : 28 <-- 0.006278 s
currentSize : 29 <-- 0.006820 s
currentSize : 30 <-- 0.009289 s
currentSize : 32 <-- 0.010030 s
currentSize : 33 <-- 0.061699 s
currentSize : 34 <-- 0.108466 s
currentSize : 36 <-- 0.115370 s
currentSize : 37 <-- 0.661699 s
currentSize : 38 <-- 0.661767 s
currentSize : 39 <-- 106.136002 s
currentSize : 40 <-- 165.559555 s
currentSize : 41 <-- 165.560074 s
currentSize : 42 <-- 199.073837 s
currentSize : 43 <-- 199.115967 s
currentSize : 45 <-- 199.116043 s

maxsize : 45
nodes : 45179979.000000
filtered : 663639115.000000
time : 316.303986
