Parameters: GAD=1 vflib=1 dir=0 label=1 lowerbound=1 fileNameGp=../graphsdb/mcs50/rand/r005/mcs50_r005_s80.A66 fileNameGt=../graphsdb/mcs50/rand/r005/mcs50_r005_s80.B66
Reading graphs...
80 :  307
80 :  310
Initializing...
maxdom : 7
D->valSize : 427
Solving...
Blb : 2 (clique : 19)
currentSize : 19 <-- 0.004166 s
currentSize : 20 <-- 0.004313 s
currentSize : 21 <-- 0.004408 s
currentSize : 22 <-- 0.309000 s
currentSize : 23 <-- 1.099034 s
currentSize : 24 <-- 2.763306 s
currentSize : 25 <-- 9.133082 s
currentSize : 26 <-- 11.095458 s
currentSize : 27 <-- 11.923205 s
currentSize : 28 <-- 11.923516 s
currentSize : 29 <-- 26.138802 s
currentSize : 30 <-- 26.143969 s
currentSize : 32 <-- 29.033749 s
currentSize : 33 <-- 29.033970 s
currentSize : 34 <-- 70.514862 s
currentSize : 35 <-- 192.314209 s
currentSize : 36 <-- 204.772156 s
currentSize : 37 <-- 207.085846 s

maxsize : 37
nodes : 60602144.000000
filtered : 767818037.000000
time : 370.883575
