Parameters: GAD=1 vflib=1 dir=0 label=1 lowerbound=1 fileNameGp=../graphsdb/mcs50/m2D/m2Dr2/mcs50_m2Dr2_s70.A06 fileNameGt=../graphsdb/mcs50/m2D/m2Dr2/mcs50_m2Dr2_s70.B06
Reading graphs...
70 :  136
70 :  136
Initializing...
maxdom : 8
D->valSize : 360
Solving...
Blb : 3 (clique : 27)
currentSize : 27 <-- 0.005677 s
currentSize : 28 <-- 0.005991 s
currentSize : 29 <-- 0.008492 s
currentSize : 30 <-- 0.010471 s
currentSize : 31 <-- 0.010561 s
currentSize : 32 <-- 0.011141 s
currentSize : 33 <-- 0.299828 s
currentSize : 34 <-- 7.585578 s
currentSize : 35 <-- 90.110977 s
currentSize : 36 <-- 433.028473 s
currentSize : 37 <-- 433.174500 s
currentSize : 38 <-- 433.737030 s
currentSize : 39 <-- 433.936676 s

maxsize : 39
nodes : 118797087.000000
filtered : 1358954652.000000
time : 706.253174
