Parameters: GAD=1 vflib=1 dir=0 label=1 lowerbound=1 fileNameGp=../graphsdb/mcs50/m2D/m2Dr2/mcs50_m2Dr2_s100.A66 fileNameGt=../graphsdb/mcs50/m2D/m2Dr2/mcs50_m2Dr2_s100.B66
Reading graphs...
100 :  199
100 :  198
Initializing...
maxdom : 6
D->valSize : 355
Solving...
Blb : 2 (clique : 39)
currentSize : 39 <-- 0.006263 s
currentSize : 40 <-- 0.006717 s
currentSize : 41 <-- 0.009946 s
currentSize : 42 <-- 13.329240 s
currentSize : 43 <-- 157.069595 s
currentSize : 44 <-- 157.086929 s
currentSize : 45 <-- 1142.713257 s

TIMEOUT
maxsize : 45
nodes : 693641502.000000
filtered : 3150251579.000000
time : 3600.000000
