Parameters: GAD=1 vflib=1 dir=0 label=1 lowerbound=1 fileNameGp=../graphsdb/mcs50/rand/r005/mcs50_r005_s80.A02 fileNameGt=../graphsdb/mcs50/rand/r005/mcs50_r005_s80.B02
Reading graphs...
80 :  306
80 :  309
Initializing...
maxdom : 8
D->valSize : 443
Solving...
Blb : 2 (clique : 19)
currentSize : 19 <-- 0.004232 s
currentSize : 20 <-- 0.004591 s
currentSize : 21 <-- 0.016923 s
currentSize : 22 <-- 0.048603 s
currentSize : 23 <-- 1.396910 s
currentSize : 24 <-- 1.396967 s
currentSize : 25 <-- 29.853874 s
currentSize : 26 <-- 33.596367 s
currentSize : 27 <-- 52.993088 s
currentSize : 28 <-- 53.333366 s
currentSize : 29 <-- 234.493774 s
currentSize : 31 <-- 234.493881 s
currentSize : 34 <-- 325.947937 s
currentSize : 38 <-- 416.347107 s

maxsize : 38
nodes : 92203176.000000
filtered : 1170399602.000000
time : 527.547119
