Parameters: GAD=1 vflib=1 dir=0 label=1 lowerbound=1 fileNameGp=../graphsdb/mcs50/m3D/m3Dr6/mcs50_m3Dr6_s60.A58 fileNameGt=../graphsdb/mcs50/m3D/m3Dr6/mcs50_m3Dr6_s60.B58
Reading graphs...
60 :  166
60 :  167
Initializing...
maxdom : 7
D->valSize : 259
Solving...
Blb : 2 (clique : 17)
currentSize : 17 <-- 0.002950 s
currentSize : 18 <-- 0.004251 s
currentSize : 19 <-- 0.045626 s
currentSize : 20 <-- 0.463208 s
currentSize : 21 <-- 2.235788 s
currentSize : 22 <-- 2.247747 s
currentSize : 23 <-- 6.489135 s
currentSize : 25 <-- 13.177964 s
currentSize : 26 <-- 13.181049 s
currentSize : 27 <-- 13.478719 s

maxsize : 27
nodes : 6459393.000000
filtered : 43080250.000000
time : 27.470312
