Parameters: GAD=1 vflib=1 dir=0 label=1 lowerbound=1 fileNameGp=../graphsdb/mcs50/rand/r01/mcs50_r01_s80.A74 fileNameGt=../graphsdb/mcs50/rand/r01/mcs50_r01_s80.B74
Reading graphs...
80 :  596
80 :  604
Initializing...
maxdom : 10
D->valSize : 420
Solving...
Blb : 5 (clique : 13)
currentSize : 13 <-- 0.006071 s
currentSize : 14 <-- 0.007062 s
currentSize : 15 <-- 0.018230 s
currentSize : 16 <-- 0.160627 s
currentSize : 17 <-- 0.162149 s
currentSize : 18 <-- 0.263500 s
currentSize : 20 <-- 0.317347 s
currentSize : 26 <-- 0.663258 s
currentSize : 29 <-- 0.687034 s
currentSize : 34 <-- 0.937195 s
currentSize : 39 <-- 1.033369 s

maxsize : 39
nodes : 204954.000000
filtered : 2667093.000000
time : 1.229197
