Parameters: GAD=1 vflib=1 dir=0 label=1 lowerbound=1 fileNameGp=../graphsdb/mcs50/m2D/m2Dr2/mcs50_m2Dr2_s80.A43 fileNameGt=../graphsdb/mcs50/m2D/m2Dr2/mcs50_m2Dr2_s80.B43
Reading graphs...
80 :  157
80 :  158
Initializing...
maxdom : 8
D->valSize : 414
Solving...
Blb : 3 (clique : 31)
currentSize : 31 <-- 0.004153 s
currentSize : 32 <-- 0.005066 s
currentSize : 33 <-- 0.007192 s
currentSize : 34 <-- 0.033505 s
currentSize : 35 <-- 0.940181 s
currentSize : 36 <-- 1.235278 s
currentSize : 37 <-- 1.243213 s
currentSize : 38 <-- 117.800545 s

TIMEOUT
maxsize : 38
nodes : 715810600.000000
filtered : 4630076966.000000
time : 3600.000000
