Parameters: GAD=1 vflib=1 dir=0 label=1 lowerbound=1 fileNameGp=../graphsdb/mcs50/m3D/m3Dr2/mcs50_m3Dr2_s60.A03 fileNameGt=../graphsdb/mcs50/m3D/m3Dr2/mcs50_m3Dr2_s60.B03
Reading graphs...
60 :  144
60 :  145
Initializing...
maxdom : 6
D->valSize : 237
Solving...
Blb : 2 (clique : 17)
currentSize : 17 <-- 0.001824 s
currentSize : 18 <-- 0.001929 s
currentSize : 19 <-- 0.001977 s
currentSize : 20 <-- 0.007526 s
currentSize : 21 <-- 0.011643 s
currentSize : 22 <-- 0.024766 s
currentSize : 24 <-- 0.036541 s
currentSize : 25 <-- 0.084143 s
currentSize : 26 <-- 0.118257 s
currentSize : 27 <-- 0.178700 s
currentSize : 28 <-- 0.698623 s

maxsize : 28
nodes : 1807576.000000
filtered : 10276929.000000
time : 7.439939
