Parameters: GAD=1 vflib=1 dir=0 label=1 lowerbound=1 fileNameGp=../graphsdb/mcs50/m3D/m3D/mcs50_m3D_s60.A59 fileNameGt=../graphsdb/mcs50/m3D/m3D/mcs50_m3D_s60.B59
Reading graphs...
60 :  134
60 :  133
Initializing...
maxdom : 6
D->valSize : 263
Solving...
Blb : 2 (clique : 22)
currentSize : 22 <-- 0.002106 s
currentSize : 23 <-- 0.002241 s
currentSize : 24 <-- 0.121381 s
currentSize : 25 <-- 2.865504 s
currentSize : 26 <-- 2.869072 s
currentSize : 27 <-- 3.245640 s
currentSize : 28 <-- 257.640015 s
currentSize : 29 <-- 257.640076 s
currentSize : 30 <-- 257.655884 s

maxsize : 30
nodes : 73380606.000000
filtered : 486191941.000000
time : 304.088013
