Parameters: GAD=1 vflib=1 dir=0 label=1 lowerbound=1 fileNameGp=../graphsdb/mcs50/bvg/b03/mcs50_b03_s25.A60 fileNameGt=../graphsdb/mcs50/bvg/b03/mcs50_b03_s25.B60
Reading graphs...
25 :  37
25 :  37
Initializing...
maxdom : 9
D->valSize : 158
Solving...
Blb : 2 (clique : 10)
currentSize : 10 <-- 0.000871 s
currentSize : 11 <-- 0.001786 s
currentSize : 12 <-- 0.008929 s
currentSize : 13 <-- 0.015760 s
currentSize : 14 <-- 0.015803 s

maxsize : 14
nodes : 9835.000000
filtered : 80599.000000
time : 0.025626
