Parameters: GAD=1 vflib=1 dir=0 label=1 lowerbound=1 fileNameGp=../graphsdb/mcs50/m3D/m3Dr4/mcs50_m3Dr4_s60.A31 fileNameGt=../graphsdb/mcs50/m3D/m3Dr4/mcs50_m3Dr4_s60.B31
Reading graphs...
60 :  155
60 :  156
Initializing...
maxdom : 7
D->valSize : 239
Solving...
Blb : 3 (clique : 23)
currentSize : 23 <-- 0.002293 s
currentSize : 24 <-- 0.087387 s
currentSize : 25 <-- 2.788755 s
currentSize : 26 <-- 8.911755 s
currentSize : 27 <-- 9.081637 s
currentSize : 28 <-- 28.729902 s

maxsize : 28
nodes : 11418965.000000
filtered : 80230244.000000
time : 45.998219
