Parameters: GAD=1 vflib=1 dir=0 label=1 lowerbound=1 fileNameGp=../graphsdb/mcs50/m3D/m3Dr6/mcs50_m3Dr6_s60.A02 fileNameGt=../graphsdb/mcs50/m3D/m3Dr6/mcs50_m3Dr6_s60.B02
Reading graphs...
60 :  170
60 :  168
Initializing...
maxdom : 9
D->valSize : 272
Solving...
Blb : 2 (clique : 18)
currentSize : 18 <-- 0.003060 s
currentSize : 24 <-- 0.003257 s
currentSize : 26 <-- 0.003442 s
currentSize : 27 <-- 0.003569 s
currentSize : 28 <-- 0.018001 s
currentSize : 29 <-- 1.223859 s

maxsize : 29
nodes : 760748.000000
filtered : 4818022.000000
time : 3.212062
