Parameters: GAD=1 vflib=1 dir=0 label=1 lowerbound=1 fileNameGp=../graphsdb/mcs50/m2D/m2Dr2/mcs50_m2Dr2_s80.A35 fileNameGt=../graphsdb/mcs50/m2D/m2Dr2/mcs50_m2Dr2_s80.B35
Reading graphs...
80 :  158
80 :  157
Initializing...
maxdom : 9
D->valSize : 412
Solving...
Blb : 2 (clique : 35)
currentSize : 35 <-- 0.004189 s
currentSize : 36 <-- 0.004480 s
currentSize : 37 <-- 646.818054 s
currentSize : 38 <-- 1677.425659 s
currentSize : 39 <-- 1677.425781 s
currentSize : 40 <-- 1698.093018 s

TIMEOUT
maxsize : 40
nodes : 602378268.000000
filtered : 6362381278.000000
time : 3600.000000
