Parameters: GAD=1 vflib=1 dir=0 label=1 lowerbound=1 fileNameGp=../graphsdb/mcs50/bvg/b09/mcs50_b09_s70.A94 fileNameGt=../graphsdb/mcs50/bvg/b09/mcs50_b09_s70.B94
Reading graphs...
70 :  312
70 :  312
Initializing...
maxdom : 9
D->valSize : 365
Solving...
Blb : 2 (clique : 14)
currentSize : 14 <-- 0.003212 s
currentSize : 15 <-- 0.003341 s
currentSize : 16 <-- 0.005612 s
currentSize : 17 <-- 0.194128 s
currentSize : 18 <-- 0.239726 s
currentSize : 19 <-- 0.255122 s
currentSize : 24 <-- 0.521738 s
currentSize : 25 <-- 0.751552 s
currentSize : 26 <-- 0.752107 s
currentSize : 27 <-- 1.044002 s
currentSize : 28 <-- 1.062648 s
currentSize : 29 <-- 1.203042 s
currentSize : 30 <-- 1.616403 s
currentSize : 31 <-- 1.616709 s
currentSize : 34 <-- 3.274486 s

maxsize : 34
nodes : 1011905.000000
filtered : 7930841.000000
time : 4.727685
