Parameters: GAD=1 vflib=1 dir=0 label=1 lowerbound=1 fileNameGp=../graphsdb/mcs50/bvg/b03/mcs50_b03_s35.A85 fileNameGt=../graphsdb/mcs50/bvg/b03/mcs50_b03_s35.B85
Reading graphs...
35 :  52
35 :  52
Initializing...
maxdom : 7
D->valSize : 165
Solving...
Blb : 2 (clique : 16)
currentSize : 16 <-- 0.001024 s
currentSize : 17 <-- 0.240401 s
currentSize : 18 <-- 0.812585 s
currentSize : 19 <-- 1.931778 s
currentSize : 20 <-- 1.969942 s

maxsize : 20
nodes : 790669.000000
filtered : 3682911.000000
time : 1.994966
