Parameters: GAD=1 vflib=1 dir=0 label=1 lowerbound=1 fileNameGp=../graphsdb/mcs50/m2D/m2Dr4/mcs50_m2Dr4_s70.A27 fileNameGt=../graphsdb/mcs50/m2D/m2Dr4/mcs50_m2Dr4_s70.B27
Reading graphs...
70 :  150
70 :  150
Initializing...
maxdom : 6
D->valSize : 322
Solving...
Blb : 2 (clique : 32)
currentSize : 32 <-- 0.004586 s
currentSize : 33 <-- 0.004941 s
currentSize : 34 <-- 0.005164 s
currentSize : 35 <-- 0.211640 s
currentSize : 36 <-- 0.212016 s
currentSize : 37 <-- 925.534119 s

maxsize : 37
nodes : 233020578.000000
filtered : 1977221163.000000
time : 1214.232910
