Parameters: GAD=1 vflib=1 dir=0 label=1 lowerbound=1 fileNameGp=../graphsdb/mcs50/rand/r01/mcs50_r01_s100.A96 fileNameGt=../graphsdb/mcs50/rand/r01/mcs50_r01_s100.B96
Reading graphs...
100 :  941
100 :  931
Initializing...
maxdom : 6
D->valSize : 371
Solving...
Blb : 2 (clique : 18)
currentSize : 18 <-- 0.003585 s
currentSize : 21 <-- 0.003753 s
currentSize : 23 <-- 0.003954 s
currentSize : 30 <-- 0.010197 s
currentSize : 31 <-- 0.056307 s
currentSize : 37 <-- 0.056447 s
currentSize : 38 <-- 0.200417 s
currentSize : 39 <-- 1.199958 s
currentSize : 46 <-- 1.201213 s

maxsize : 46
nodes : 404208.000000
filtered : 3240748.000000
time : 2.498468
