Parameters: GAD=1 vflib=1 dir=0 label=1 lowerbound=1 fileNameGp=../graphsdb/mcs50/bvg/b06/mcs50_b06_s50.A75 fileNameGt=../graphsdb/mcs50/bvg/b06/mcs50_b06_s50.B75
Reading graphs...
50 :  150
50 :  145
Initializing...
maxdom : 10
D->valSize : 347
Solving...
Blb : 2 (clique : 21)
currentSize : 21 <-- 0.002621 s
currentSize : 22 <-- 0.002776 s
currentSize : 23 <-- 0.003119 s
currentSize : 24 <-- 0.003243 s
currentSize : 25 <-- 1.068335 s

maxsize : 25
nodes : 823455.000000
filtered : 11322258.000000
time : 3.754025
