Parameters: GAD=1 vflib=1 dir=0 label=1 lowerbound=1 fileNameGp=../graphsdb/mcs50/bvg/b06/mcs50_b06_s90.A95 fileNameGt=../graphsdb/mcs50/bvg/b06/mcs50_b06_s90.B95
Reading graphs...
90 :  270
90 :  269
Initializing...
maxdom : 11
D->valSize : 555
Solving...
Blb : 2 (clique : 36)
currentSize : 36 <-- 0.006422 s
currentSize : 37 <-- 0.006699 s
currentSize : 39 <-- 0.093365 s
currentSize : 41 <-- 0.110727 s
currentSize : 42 <-- 8.509868 s
currentSize : 43 <-- 38.144741 s
currentSize : 44 <-- 837.710999 s

TIMEOUT
maxsize : 44
nodes : 555357576.000000
filtered : 6240645832.000000
time : 3600.000000
