Parameters: GAD=1 vflib=1 dir=0 label=1 lowerbound=1 fileNameGp=../graphsdb/mcs50/m2D/m2D/mcs50_m2D_s60.A35 fileNameGt=../graphsdb/mcs50/m2D/m2D/mcs50_m2D_s60.B35
Reading graphs...
60 :  104
60 :  102
Initializing...
maxdom : 6
D->valSize : 249
Solving...
Blb : 2 (clique : 21)
currentSize : 21 <-- 0.003150 s
currentSize : 22 <-- 0.005700 s
currentSize : 23 <-- 0.013861 s
currentSize : 24 <-- 0.084852 s
currentSize : 25 <-- 0.097697 s
currentSize : 26 <-- 14.153028 s
currentSize : 27 <-- 14.153126 s
currentSize : 28 <-- 25.392893 s

maxsize : 28
nodes : 62635660.000000
filtered : 411297229.000000
time : 265.123444
