Parameters: GAD=1 vflib=1 dir=0 label=1 lowerbound=1 fileNameGp=../graphsdb/mcs50/m3D/m3D/mcs50_m3D_s50.A77 fileNameGt=../graphsdb/mcs50/m3D/m3D/mcs50_m3D_s50.B77
Reading graphs...
50 :  109
50 :  107
Initializing...
maxdom : 8
D->valSize : 341
Solving...
Blb : 2 (clique : 22)
currentSize : 22 <-- 0.002539 s
currentSize : 23 <-- 0.002807 s
currentSize : 24 <-- 0.002846 s
currentSize : 25 <-- 0.007758 s
currentSize : 26 <-- 0.007887 s
currentSize : 27 <-- 4.321259 s
currentSize : 28 <-- 4.322944 s
currentSize : 29 <-- 4.323023 s

maxsize : 29
nodes : 1085372.000000
filtered : 18645354.000000
time : 5.865622
