Parameters: GAD=1 vflib=1 dir=0 label=1 lowerbound=1 fileNameGp=../graphsdb/mcs50/m2D/m2Dr2/mcs50_m2Dr2_s30.A22 fileNameGt=../graphsdb/mcs50/m2D/m2Dr2/mcs50_m2Dr2_s30.B22
Reading graphs...
30 :  55
30 :  55
Initializing...
maxdom : 8
D->valSize : 135
Solving...
Blb : 2 (clique : 11)
currentSize : 11 <-- 0.000787 s
currentSize : 12 <-- 0.000839 s
currentSize : 13 <-- 0.005029 s
currentSize : 14 <-- 0.012302 s
currentSize : 15 <-- 0.012337 s
currentSize : 16 <-- 0.012359 s
currentSize : 17 <-- 0.014285 s

maxsize : 17
nodes : 6532.000000
filtered : 35700.000000
time : 0.017223
