Parameters: GAD=1 vflib=1 dir=0 label=1 lowerbound=1 fileNameGp=../graphsdb/mcs50/bvg/b09m/mcs50_b09m_s70.A29 fileNameGt=../graphsdb/mcs50/bvg/b09m/mcs50_b09m_s70.B29
Reading graphs...
70 :  308
70 :  311
Initializing...
maxdom : 10
D->valSize : 354
Solving...
Blb : 3 (clique : 20)
currentSize : 20 <-- 0.004687 s
currentSize : 22 <-- 0.494011 s
currentSize : 23 <-- 0.494096 s
currentSize : 24 <-- 0.494254 s
currentSize : 27 <-- 3.722149 s
currentSize : 29 <-- 3.722268 s
currentSize : 31 <-- 3.733204 s
currentSize : 33 <-- 5.726335 s

maxsize : 33
nodes : 2393649.000000
filtered : 18161311.000000
time : 11.098712
