Parameters: GAD=1 vflib=1 dir=0 label=1 lowerbound=1 fileNameGp=../graphsdb/mcs50/rand/r005/mcs50_r005_s35.A86 fileNameGt=../graphsdb/mcs50/rand/r005/mcs50_r005_s35.B86
Reading graphs...
35 :  62
35 :  62
Initializing...
maxdom : 8
D->valSize : 166
Solving...
Blb : 2 (clique : 12)
currentSize : 12 <-- 0.001022 s
currentSize : 13 <-- 0.001926 s
currentSize : 14 <-- 0.007118 s
currentSize : 15 <-- 0.011572 s
currentSize : 16 <-- 0.022886 s
currentSize : 17 <-- 0.241541 s

maxsize : 17
nodes : 96001.000000
filtered : 808158.000000
time : 0.324981
