Parameters: GAD=1 vflib=1 dir=0 label=1 lowerbound=1 fileNameGp=../graphsdb/mcs50/bvg/b06/mcs50_b06_s50.A27 fileNameGt=../graphsdb/mcs50/bvg/b06/mcs50_b06_s50.B27
Reading graphs...
50 :  148
50 :  145
Initializing...
maxdom : 13
D->valSize : 390
Solving...
Blb : 2 (clique : 15)
currentSize : 15 <-- 0.003077 s
currentSize : 16 <-- 0.003508 s
currentSize : 17 <-- 0.004324 s
currentSize : 18 <-- 0.008026 s
currentSize : 20 <-- 0.023963 s
currentSize : 21 <-- 0.023997 s
currentSize : 23 <-- 0.610634 s
currentSize : 24 <-- 0.610685 s
currentSize : 26 <-- 0.610759 s
currentSize : 27 <-- 0.611108 s

maxsize : 27
nodes : 614542.000000
filtered : 6205436.000000
time : 2.688409
