Parameters: GAD=1 vflib=1 dir=0 label=1 lowerbound=1 fileNameGp=../graphsdb/mcs50/m4D/m4D/mcs50_m4D_s40.A22 fileNameGt=../graphsdb/mcs50/m4D/m4D/mcs50_m4D_s40.B22
Reading graphs...
40 :  70
40 :  71
Initializing...
maxdom : 8
D->valSize : 204
Solving...
Blb : 5 (clique : 17)
currentSize : 17 <-- 0.001237 s
currentSize : 18 <-- 0.001422 s
currentSize : 19 <-- 0.003093 s
currentSize : 20 <-- 0.003181 s
currentSize : 21 <-- 1.425752 s

maxsize : 21
nodes : 1034064.000000
filtered : 10503639.000000
time : 4.228824
