Parameters: GAD=1 vflib=1 dir=0 label=1 lowerbound=1 fileNameGp=../graphsdb/mcs50/rand/r005/mcs50_r005_s90.A80 fileNameGt=../graphsdb/mcs50/rand/r005/mcs50_r005_s90.B80
Reading graphs...
90 :  386
90 :  387
Initializing...
maxdom : 10
D->valSize : 510
Solving...
Blb : 2 (clique : 22)
currentSize : 22 <-- 0.005540 s
currentSize : 23 <-- 0.005773 s
currentSize : 24 <-- 0.027593 s
currentSize : 25 <-- 0.099850 s
currentSize : 26 <-- 2.325423 s
currentSize : 27 <-- 41.098419 s
currentSize : 28 <-- 42.043133 s
currentSize : 29 <-- 157.026306 s
currentSize : 30 <-- 217.021027 s
currentSize : 31 <-- 218.712723 s
currentSize : 33 <-- 220.903580 s
currentSize : 35 <-- 230.168579 s
currentSize : 36 <-- 258.099762 s
currentSize : 39 <-- 258.099884 s
currentSize : 40 <-- 364.068665 s
currentSize : 41 <-- 564.403564 s
currentSize : 42 <-- 564.468323 s
currentSize : 44 <-- 564.468445 s

maxsize : 44
nodes : 100239671.000000
filtered : 1229493078.000000
time : 622.427734
