Parameters: GAD=1 vflib=1 dir=0 label=1 lowerbound=1 fileNameGp=../graphsdb/mcs50/rand/r02/mcs50_r02_s60.A36 fileNameGt=../graphsdb/mcs50/rand/r02/mcs50_r02_s60.B36
Reading graphs...
60 :  623
60 :  642
Initializing...
maxdom : 7
D->valSize : 232
Solving...
Blb : 2 (clique : 7)
currentSize : 7 <-- 0.002356 s
currentSize : 10 <-- 0.002882 s
currentSize : 17 <-- 0.003489 s
currentSize : 18 <-- 0.004963 s
currentSize : 26 <-- 0.005382 s

maxsize : 26
nodes : 2223.000000
filtered : 28278.000000
time : 0.018096
