Parameters: GAD=1 vflib=1 dir=0 label=1 lowerbound=1 fileNameGp=../graphsdb/mcs50/m2D/m2D/mcs50_m2D_s60.A45 fileNameGt=../graphsdb/mcs50/m2D/m2D/mcs50_m2D_s60.B45
Reading graphs...
60 :  102
60 :  104
Initializing...
maxdom : 7
D->valSize : 241
Solving...
Blb : 2 (clique : 21)
currentSize : 21 <-- 0.001928 s
currentSize : 22 <-- 0.002094 s
currentSize : 23 <-- 0.002226 s
currentSize : 24 <-- 0.002875 s
currentSize : 25 <-- 1.461361 s
currentSize : 26 <-- 88.376030 s
currentSize : 27 <-- 272.515442 s
currentSize : 30 <-- 358.488495 s
currentSize : 31 <-- 378.220032 s

maxsize : 31
nodes : 109458650.000000
filtered : 702879006.000000
time : 418.399628
