Parameters: GAD=1 vflib=1 dir=0 label=1 lowerbound=1 fileNameGp=../graphsdb/mcs50/m4D/m4Dr2/mcs50_m4Dr2_s35.A16 fileNameGt=../graphsdb/mcs50/m4D/m4Dr2/mcs50_m4Dr2_s35.B16
Reading graphs...
35 :  69
35 :  68
Initializing...
maxdom : 7
D->valSize : 159
Solving...
Blb : 2 (clique : 13)
currentSize : 13 <-- 0.001228 s
currentSize : 14 <-- 0.001304 s
currentSize : 15 <-- 0.001358 s
currentSize : 16 <-- 0.001537 s
currentSize : 17 <-- 0.001656 s
currentSize : 18 <-- 0.098831 s

maxsize : 18
nodes : 49209.000000
filtered : 403845.000000
time : 0.156980
