Parameters: GAD=1 vflib=1 dir=0 label=1 lowerbound=1 fileNameGp=../graphsdb/mcs50/bvg/b06m/mcs50_b06m_s60.A23 fileNameGt=../graphsdb/mcs50/bvg/b06m/mcs50_b06m_s60.B23
Reading graphs...
60 :  179
60 :  179
Initializing...
maxdom : 7
D->valSize : 257
Solving...
Blb : 3 (clique : 26)
currentSize : 26 <-- 0.001905 s
currentSize : 27 <-- 0.246495 s
currentSize : 28 <-- 0.246654 s
currentSize : 30 <-- 0.247001 s
currentSize : 31 <-- 0.350253 s

maxsize : 31
nodes : 471446.000000
filtered : 3099735.000000
time : 1.972214
