Parameters: GAD=1 vflib=1 dir=0 label=1 lowerbound=1 fileNameGp=../graphsdb/mcs50/bvg/b09m/mcs50_b09m_s70.A54 fileNameGt=../graphsdb/mcs50/bvg/b09m/mcs50_b09m_s70.B54
Reading graphs...
70 :  307
70 :  308
Initializing...
maxdom : 10
D->valSize : 326
Solving...
Blb : 2 (clique : 17)
currentSize : 17 <-- 0.002676 s
currentSize : 18 <-- 0.002812 s
currentSize : 21 <-- 0.003181 s
currentSize : 22 <-- 0.003398 s
currentSize : 24 <-- 0.005218 s
currentSize : 25 <-- 0.005271 s
currentSize : 26 <-- 0.188133 s
currentSize : 27 <-- 1.407695 s
currentSize : 32 <-- 1.615080 s

maxsize : 32
nodes : 1740976.000000
filtered : 9918189.000000
time : 7.671159
