Parameters: GAD=1 vflib=1 dir=0 label=1 lowerbound=1 fileNameGp=../graphsdb/mcs50/bvg/b06/mcs50_b06_s20.A64 fileNameGt=../graphsdb/mcs50/bvg/b06/mcs50_b06_s20.B64
Reading graphs...
20 :  59
20 :  59
Initializing...
maxdom : 6
D->valSize : 105
Solving...
Blb : 2 (clique : 5)
currentSize : 5 <-- 0.000535 s
currentSize : 6 <-- 0.000576 s
currentSize : 7 <-- 0.000787 s
currentSize : 8 <-- 0.000949 s
currentSize : 10 <-- 0.000959 s

maxsize : 10
nodes : 820.000000
filtered : 8902.000000
time : 0.002793
