Parameters: GAD=1 vflib=1 dir=0 label=1 lowerbound=1 fileNameGp=../graphsdb/mcs50/rand/r02/mcs50_r02_s80.A20 fileNameGt=../graphsdb/mcs50/rand/r02/mcs50_r02_s80.B20
Reading graphs...
80 :  1126
80 :  1135
Initializing...
maxdom : 8
D->valSize : 436
Solving...
Blb : 2 (clique : 8)
currentSize : 8 <-- 0.003882 s
currentSize : 9 <-- 0.006398 s
currentSize : 10 <-- 0.010962 s
currentSize : 11 <-- 0.015695 s
currentSize : 12 <-- 0.018451 s
currentSize : 14 <-- 0.018543 s
currentSize : 16 <-- 0.018579 s
currentSize : 17 <-- 0.036844 s
currentSize : 21 <-- 0.054343 s
currentSize : 28 <-- 0.056265 s
currentSize : 30 <-- 0.061355 s

maxsize : 30
nodes : 32903.000000
filtered : 425310.000000
time : 0.201602
