Parameters: GAD=1 vflib=1 dir=0 label=1 lowerbound=1 fileNameGp=../graphsdb/mcs50/m2D/m2D/mcs50_m2D_s60.A55 fileNameGt=../graphsdb/mcs50/m2D/m2D/mcs50_m2D_s60.B55
Reading graphs...
60 :  103
60 :  103
Initializing...
maxdom : 7
D->valSize : 238
Solving...
Blb : 5 (clique : 23)
currentSize : 23 <-- 0.001965 s
currentSize : 24 <-- 0.002301 s
currentSize : 25 <-- 0.002548 s
currentSize : 26 <-- 0.003338 s
currentSize : 27 <-- 0.007598 s
currentSize : 28 <-- 0.104876 s
currentSize : 29 <-- 7.717522 s
currentSize : 30 <-- 8.105608 s

maxsize : 30
nodes : 22476895.000000
filtered : 130070105.000000
time : 93.923767
