Parameters: GAD=1 vflib=1 dir=0 label=1 lowerbound=1 fileNameGp=../graphsdb/mcs50/bvg/b03/mcs50_b03_s70.A43 fileNameGt=../graphsdb/mcs50/bvg/b03/mcs50_b03_s70.B43
Reading graphs...
70 :  105
70 :  104
Initializing...
maxdom : 8
D->valSize : 341
Solving...
Blb : 2 (clique : 34)
currentSize : 34 <-- 0.003015 s
currentSize : 35 <-- 0.011915 s
currentSize : 36 <-- 0.037785 s
currentSize : 37 <-- 0.364934 s
currentSize : 38 <-- 2.759748 s
currentSize : 39 <-- 2205.591309 s

maxsize : 39
nodes : 627321583.000000
filtered : 4600413763.000000
time : 3022.764893
