Parameters: GAD=1 vflib=1 dir=0 label=1 lowerbound=1 fileNameGp=../graphsdb/mcs50/rand/r01/mcs50_r01_s50.A30 fileNameGt=../graphsdb/mcs50/rand/r01/mcs50_r01_s50.B30
Reading graphs...
50 :  232
50 :  231
Initializing...
maxdom : 9
D->valSize : 337
Solving...
Blb : 2 (clique : 10)
currentSize : 10 <-- 0.002538 s
currentSize : 11 <-- 0.004820 s
currentSize : 12 <-- 0.012298 s
currentSize : 13 <-- 0.013357 s
currentSize : 14 <-- 0.013436 s
currentSize : 15 <-- 0.015649 s
currentSize : 18 <-- 0.078182 s
currentSize : 23 <-- 0.205796 s

maxsize : 23
nodes : 80476.000000
filtered : 1606773.000000
time : 0.417689
