Parameters: GAD=1 vflib=1 dir=0 label=1 lowerbound=1 fileNameGp=../graphsdb/mcs50/rand/r005/mcs50_r005_s70.A39 fileNameGt=../graphsdb/mcs50/rand/r005/mcs50_r005_s70.B39
Reading graphs...
70 :  234
70 :  235
Initializing...
maxdom : 7
D->valSize : 325
Solving...
Blb : 2 (clique : 21)
currentSize : 21 <-- 0.004275 s
currentSize : 22 <-- 0.916946 s
currentSize : 23 <-- 0.940272 s
currentSize : 24 <-- 14.417909 s
currentSize : 25 <-- 14.420544 s
currentSize : 26 <-- 21.936666 s
currentSize : 27 <-- 23.425447 s
currentSize : 28 <-- 56.592361 s
currentSize : 29 <-- 57.935146 s
currentSize : 30 <-- 57.935921 s
currentSize : 31 <-- 58.034237 s
currentSize : 32 <-- 84.291122 s
currentSize : 33 <-- 106.757973 s
currentSize : 35 <-- 109.131462 s

maxsize : 35
nodes : 23279605.000000
filtered : 218139398.000000
time : 115.361458
