Parameters: GAD=1 vflib=1 dir=0 label=1 lowerbound=1 fileNameGp=../graphsdb/mcs50/rand/r01/mcs50_r01_s90.A54 fileNameGt=../graphsdb/mcs50/rand/r01/mcs50_r01_s90.B54
Reading graphs...
90 :  760
90 :  750
Initializing...
maxdom : 8
D->valSize : 518
Solving...
Blb : 2 (clique : 14)
currentSize : 14 <-- 0.008705 s
currentSize : 15 <-- 0.012485 s
currentSize : 16 <-- 0.037733 s
currentSize : 17 <-- 0.043283 s
currentSize : 19 <-- 0.129103 s
currentSize : 20 <-- 0.129480 s
currentSize : 23 <-- 0.305346 s
currentSize : 24 <-- 0.307251 s
currentSize : 27 <-- 0.877299 s
currentSize : 29 <-- 0.877766 s
currentSize : 34 <-- 2.749637 s
currentSize : 37 <-- 2.752928 s
currentSize : 42 <-- 2.753297 s

maxsize : 42
nodes : 2342447.000000
filtered : 21432772.000000
time : 13.399324
