Parameters: GAD=1 vflib=1 dir=0 label=1 lowerbound=1 fileNameGp=../graphsdb/mcs50/bvg/b06/mcs50_b06_s100.A10 fileNameGt=../graphsdb/mcs50/bvg/b06/mcs50_b06_s100.B10
Reading graphs...
100 :  299
100 :  300
Initializing...
maxdom : 6
D->valSize : 338
Solving...
Blb : 2 (clique : 29)
currentSize : 29 <-- 0.003281 s
currentSize : 30 <-- 0.003558 s
currentSize : 31 <-- 0.005537 s
currentSize : 32 <-- 9.074769 s
currentSize : 33 <-- 46.050629 s
currentSize : 34 <-- 46.100037 s
currentSize : 35 <-- 46.100735 s

TIMEOUT
maxsize : 35
nodes : 724983404.000000
filtered : 3233132128.000000
time : 3600.000000
