Parameters: GAD=1 vflib=1 dir=0 label=1 lowerbound=1 fileNameGp=../graphsdb/mcs50/m2D/m2Dr6/mcs50_m2Dr6_s70.A87 fileNameGt=../graphsdb/mcs50/m2D/m2Dr6/mcs50_m2Dr6_s70.B87
Reading graphs...
70 :  163
70 :  160
Initializing...
maxdom : 8
D->valSize : 349
Solving...
Blb : 2 (clique : 26)
currentSize : 26 <-- 0.004881 s
currentSize : 27 <-- 0.005961 s
currentSize : 28 <-- 0.018368 s
currentSize : 29 <-- 0.022902 s
currentSize : 30 <-- 0.085651 s
currentSize : 31 <-- 0.085769 s
currentSize : 33 <-- 0.090204 s
currentSize : 34 <-- 0.090593 s
currentSize : 35 <-- 0.212310 s
currentSize : 36 <-- 111.565430 s
currentSize : 37 <-- 112.399101 s

maxsize : 37
nodes : 115007436.000000
filtered : 766557878.000000
time : 538.417175
