Parameters: GAD=1 vflib=1 dir=0 label=1 lowerbound=1 fileNameGp=../graphsdb/mcs50/bvg/b09m/mcs50_b09m_s100.A57 fileNameGt=../graphsdb/mcs50/bvg/b09m/mcs50_b09m_s100.B57
Reading graphs...
100 :  447
100 :  445
Initializing...
maxdom : 7
D->valSize : 380
Solving...
Blb : 2 (clique : 31)
currentSize : 31 <-- 0.004115 s
currentSize : 34 <-- 0.004435 s
currentSize : 42 <-- 0.018693 s
currentSize : 45 <-- 55.254143 s
currentSize : 50 <-- 761.198242 s

maxsize : 50
nodes : 278141516.000000
filtered : 1096955727.000000
time : 1435.496826
