Parameters: GAD=1 vflib=1 dir=0 label=1 lowerbound=1 fileNameGp=../graphsdb/mcs50/m2D/m2Dr6/mcs50_m2Dr6_s50.A87 fileNameGt=../graphsdb/mcs50/m2D/m2Dr6/mcs50_m2Dr6_s50.B87
Reading graphs...
50 :  113
50 :  112
Initializing...
maxdom : 10
D->valSize : 342
Solving...
Blb : 2 (clique : 17)
currentSize : 17 <-- 0.004049 s
currentSize : 18 <-- 0.004243 s
currentSize : 20 <-- 0.004827 s
currentSize : 21 <-- 0.047201 s
currentSize : 22 <-- 0.047246 s
currentSize : 23 <-- 0.370263 s
currentSize : 25 <-- 1.426951 s
currentSize : 26 <-- 1.445876 s
currentSize : 27 <-- 1.445898 s

maxsize : 27
nodes : 1242729.000000
filtered : 18618598.000000
time : 5.683379
