Parameters: GAD=1 vflib=1 dir=0 label=1 lowerbound=1 fileNameGp=../graphsdb/mcs50/m2D/m2Dr2/mcs50_m2Dr2_s40.A29 fileNameGt=../graphsdb/mcs50/m2D/m2Dr2/mcs50_m2Dr2_s40.B29
Reading graphs...
40 :  73
40 :  71
Initializing...
maxdom : 7
D->valSize : 223
Solving...
Blb : 2 (clique : 15)
currentSize : 15 <-- 0.002068 s
currentSize : 16 <-- 0.002190 s
currentSize : 17 <-- 0.002410 s
currentSize : 18 <-- 0.003916 s
currentSize : 19 <-- 0.006270 s
currentSize : 20 <-- 0.072953 s
currentSize : 21 <-- 0.079015 s

maxsize : 21
nodes : 708551.000000
filtered : 7244963.000000
time : 2.748906
