Parameters: GAD=1 vflib=1 dir=0 label=1 lowerbound=1 fileNameGp=../graphsdb/mcs50/m2D/m2Dr4/mcs50_m2Dr4_s90.A94 fileNameGt=../graphsdb/mcs50/m2D/m2Dr4/mcs50_m2Dr4_s90.B94
Reading graphs...
90 :  195
90 :  196
Initializing...
maxdom : 16
D->valSize : 646
Solving...
Blb : 3 (clique : 41)
currentSize : 41 <-- 0.008369 s
currentSize : 43 <-- 0.052843 s
currentSize : 44 <-- 0.055728 s
currentSize : 45 <-- 0.260482 s
currentSize : 46 <-- 8.592436 s
currentSize : 47 <-- 8.592490 s
currentSize : 48 <-- 9.095241 s
currentSize : 49 <-- 9.095266 s

TIMEOUT
maxsize : 49
nodes : 577495775.000000
filtered : 5822886212.000000
time : 3600.000000
