Parameters: GAD=1 vflib=1 dir=0 label=1 lowerbound=1 fileNameGp=../graphsdb/mcs50/bvg/b06m/mcs50_b06m_s40.A80 fileNameGt=../graphsdb/mcs50/bvg/b06m/mcs50_b06m_s40.B80
Reading graphs...
40 :  115
40 :  118
Initializing...
maxdom : 9
D->valSize : 228
Solving...
Blb : 2 (clique : 12)
currentSize : 12 <-- 0.001523 s
currentSize : 13 <-- 0.001589 s
currentSize : 14 <-- 0.002269 s
currentSize : 15 <-- 0.021146 s
currentSize : 16 <-- 0.034117 s
currentSize : 19 <-- 0.118636 s
currentSize : 20 <-- 0.118770 s
currentSize : 21 <-- 0.150745 s

maxsize : 21
nodes : 68659.000000
filtered : 610072.000000
time : 0.246422
