Parameters: GAD=1 vflib=1 dir=0 label=1 lowerbound=1 fileNameGp=../graphsdb/mcs50/bvg/b06m/mcs50_b06m_s50.A56 fileNameGt=../graphsdb/mcs50/bvg/b06m/mcs50_b06m_s50.B56
Reading graphs...
50 :  148
50 :  147
Initializing...
maxdom : 10
D->valSize : 352
Solving...
Blb : 2 (clique : 17)
currentSize : 17 <-- 0.002601 s
currentSize : 18 <-- 0.002709 s
currentSize : 21 <-- 0.009692 s
currentSize : 22 <-- 0.009732 s
currentSize : 23 <-- 6.987884 s
currentSize : 24 <-- 6.987982 s

maxsize : 24
nodes : 1768180.000000
filtered : 31753462.000000
time : 8.679285
