Parameters: GAD=1 vflib=1 dir=0 label=1 lowerbound=1 fileNameGp=../graphsdb/mcs50/rand/r005/mcs50_r005_s50.A75 fileNameGt=../graphsdb/mcs50/rand/r005/mcs50_r005_s50.B75
Reading graphs...
50 :  120
50 :  121
Initializing...
maxdom : 9
D->valSize : 322
Solving...
Blb : 2 (clique : 18)
currentSize : 18 <-- 0.003686 s
currentSize : 19 <-- 0.028373 s
currentSize : 20 <-- 0.885021 s
currentSize : 21 <-- 0.885062 s
currentSize : 23 <-- 1.374227 s
currentSize : 24 <-- 3.129557 s
currentSize : 25 <-- 8.365077 s
currentSize : 26 <-- 10.485157 s

maxsize : 26
nodes : 4370272.000000
filtered : 64608981.000000
time : 20.695448
