Parameters: GAD=1 vflib=1 dir=0 label=1 lowerbound=1 fileNameGp=../graphsdb/mcs50/m2D/m2D/mcs50_m2D_s60.A85 fileNameGt=../graphsdb/mcs50/m2D/m2D/mcs50_m2D_s60.B85
Reading graphs...
60 :  103
60 :  104
Initializing...
maxdom : 9
D->valSize : 251
Solving...
Blb : 2 (clique : 23)
currentSize : 23 <-- 0.001992 s
currentSize : 24 <-- 0.002135 s
currentSize : 25 <-- 0.004352 s
currentSize : 26 <-- 0.065011 s
currentSize : 27 <-- 0.673758 s

maxsize : 27
nodes : 12475463.000000
filtered : 91142545.000000
time : 55.255322
