Parameters: GAD=1 vflib=1 dir=0 label=1 lowerbound=1 fileNameGp=../graphsdb/mcs50/rand/r005/mcs50_r005_s70.A16 fileNameGt=../graphsdb/mcs50/rand/r005/mcs50_r005_s70.B16
Reading graphs...
70 :  233
70 :  236
Initializing...
maxdom : 8
D->valSize : 354
Solving...
Blb : 2 (clique : 27)
currentSize : 27 <-- 0.002972 s
currentSize : 30 <-- 0.003238 s
currentSize : 32 <-- 0.003399 s
currentSize : 33 <-- 0.004158 s
currentSize : 34 <-- 0.004368 s
currentSize : 35 <-- 0.004444 s

maxsize : 35
nodes : 2591882.000000
filtered : 36632062.000000
time : 16.186916
