Parameters: GAD=1 vflib=1 dir=0 label=1 lowerbound=1 fileNameGp=../graphsdb/mcs50/m2D/m2D/mcs50_m2D_s100.A32 fileNameGt=../graphsdb/mcs50/m2D/m2D/mcs50_m2D_s100.B32
Reading graphs...
100 :  180
100 :  180
Initializing...
maxdom : 7
D->valSize : 352
Solving...
Blb : 3 (clique : 40)
currentSize : 40 <-- 0.006089 s
currentSize : 41 <-- 6.419981 s
currentSize : 42 <-- 6.500014 s
currentSize : 43 <-- 148.001282 s
currentSize : 44 <-- 323.239197 s
currentSize : 45 <-- 599.222168 s
currentSize : 46 <-- 852.645874 s
currentSize : 47 <-- 925.721558 s
currentSize : 48 <-- 925.767212 s
currentSize : 49 <-- 965.110657 s

TIMEOUT
maxsize : 49
nodes : 750098121.000000
filtered : 2198666727.000000
time : 3600.000000
