Parameters: GAD=1 vflib=1 dir=0 label=1 lowerbound=1 fileNameGp=../graphsdb/mcs50/bvg/b09/mcs50_b09_s50.A84 fileNameGt=../graphsdb/mcs50/bvg/b09/mcs50_b09_s50.B84
Reading graphs...
50 :  222
50 :  222
Initializing...
maxdom : 9
D->valSize : 318
Solving...
Blb : 2 (clique : 11)
currentSize : 11 <-- 0.003424 s
currentSize : 13 <-- 0.003544 s
currentSize : 14 <-- 0.003669 s
currentSize : 15 <-- 0.011808 s
currentSize : 16 <-- 0.033708 s
currentSize : 17 <-- 0.059589 s
currentSize : 18 <-- 0.069329 s
currentSize : 19 <-- 0.069376 s
currentSize : 20 <-- 0.130529 s
currentSize : 21 <-- 0.329618 s
currentSize : 22 <-- 0.329700 s
currentSize : 23 <-- 1.022955 s
currentSize : 24 <-- 1.023343 s

maxsize : 24
nodes : 295412.000000
filtered : 2996796.000000
time : 1.247847
