Parameters: GAD=1 vflib=1 dir=0 label=1 lowerbound=1 fileNameGp=../graphsdb/mcs50/rand/r005/mcs50_r005_s80.A19 fileNameGt=../graphsdb/mcs50/rand/r005/mcs50_r005_s80.B19
Reading graphs...
80 :  309
80 :  307
Initializing...
maxdom : 10
D->valSize : 441
Solving...
Blb : 2 (clique : 31)
currentSize : 31 <-- 0.004439 s
currentSize : 34 <-- 0.005207 s
currentSize : 36 <-- 0.005295 s
currentSize : 39 <-- 0.005899 s
currentSize : 40 <-- 0.009589 s

maxsize : 40
nodes : 3088838.000000
filtered : 47274947.000000
time : 20.138464
