Parameters: GAD=1 vflib=1 dir=0 label=1 lowerbound=1 fileNameGp=../graphsdb/mcs50/bvg/b09m/mcs50_b09m_s25.A64 fileNameGt=../graphsdb/mcs50/bvg/b09m/mcs50_b09m_s25.B64
Reading graphs...
25 :  103
25 :  103
Initializing...
maxdom : 12
D->valSize : 197
Solving...
Blb : 3 (clique : 7)
currentSize : 7 <-- 0.001005 s
currentSize : 8 <-- 0.002129 s
currentSize : 9 <-- 0.006016 s
currentSize : 10 <-- 0.007810 s
currentSize : 11 <-- 0.014218 s

maxsize : 11
nodes : 5008.000000
filtered : 76195.000000
time : 0.016163
