Parameters: GAD=1 vflib=1 dir=0 label=1 lowerbound=1 fileNameGp=../graphsdb/mcs50/m2D/m2Dr6/mcs50_m2Dr6_s70.A96 fileNameGt=../graphsdb/mcs50/m2D/m2Dr6/mcs50_m2Dr6_s70.B96
Reading graphs...
70 :  163
70 :  161
Initializing...
maxdom : 9
D->valSize : 338
Solving...
Blb : 2 (clique : 30)
currentSize : 30 <-- 0.004618 s
currentSize : 31 <-- 0.004907 s
currentSize : 32 <-- 0.006508 s
currentSize : 33 <-- 0.030230 s
currentSize : 34 <-- 52.806099 s
currentSize : 35 <-- 52.806179 s

maxsize : 35
nodes : 54950971.000000
filtered : 332200403.000000
time : 255.274567
