Parameters: GAD=1 vflib=1 dir=0 label=1 lowerbound=1 fileNameGp=../graphsdb/mcs50/bvg/b03/mcs50_b03_s25.A09 fileNameGt=../graphsdb/mcs50/bvg/b03/mcs50_b03_s25.B09
Reading graphs...
25 :  37
25 :  36
Initializing...
maxdom : 9
D->valSize : 169
Solving...
Blb : 2 (clique : 10)
currentSize : 10 <-- 0.000859 s
currentSize : 11 <-- 0.000914 s
currentSize : 12 <-- 0.000957 s
currentSize : 13 <-- 0.000977 s
currentSize : 14 <-- 0.001106 s

maxsize : 14
nodes : 8062.000000
filtered : 103569.000000
time : 0.026534
