Parameters: GAD=1 vflib=1 dir=0 label=1 lowerbound=1 fileNameGp=../graphsdb/mcs50/m2D/m2Dr2/mcs50_m2Dr2_s50.A22 fileNameGt=../graphsdb/mcs50/m2D/m2Dr2/mcs50_m2Dr2_s50.B22
Reading graphs...
50 :  95
50 :  94
Initializing...
maxdom : 11
D->valSize : 335
Solving...
Blb : 2 (clique : 23)
currentSize : 23 <-- 0.004144 s
currentSize : 24 <-- 0.004355 s
currentSize : 25 <-- 0.009923 s
currentSize : 26 <-- 0.010210 s
currentSize : 27 <-- 0.030019 s

maxsize : 27
nodes : 8717213.000000
filtered : 104715826.000000
time : 39.811260
