Parameters: GAD=1 vflib=1 dir=0 label=1 lowerbound=1 fileNameGp=../graphsdb/mcs50/bvg/b06/mcs50_b06_s40.A61 fileNameGt=../graphsdb/mcs50/bvg/b06/mcs50_b06_s40.B61
Reading graphs...
40 :  119
40 :  119
Initializing...
maxdom : 12
D->valSize : 232
Solving...
Blb : 2 (clique : 12)
currentSize : 12 <-- 0.001548 s
currentSize : 13 <-- 0.001637 s
currentSize : 14 <-- 0.003447 s
currentSize : 16 <-- 0.004462 s
currentSize : 17 <-- 0.088370 s
currentSize : 18 <-- 0.166680 s
currentSize : 19 <-- 0.175313 s
currentSize : 20 <-- 0.296740 s
currentSize : 21 <-- 0.334671 s

maxsize : 21
nodes : 91219.000000
filtered : 1190022.000000
time : 0.354039
