Parameters: GAD=1 vflib=1 dir=0 label=1 lowerbound=1 fileNameGp=../graphsdb/mcs50/rand/r01/mcs50_r01_s70.A92 fileNameGt=../graphsdb/mcs50/rand/r01/mcs50_r01_s70.B92
Reading graphs...
70 :  453
70 :  458
Initializing...
maxdom : 9
D->valSize : 372
Solving...
Blb : 2 (clique : 14)
currentSize : 14 <-- 0.004283 s
currentSize : 15 <-- 0.004535 s
currentSize : 16 <-- 0.004791 s
currentSize : 17 <-- 0.010823 s
currentSize : 18 <-- 0.010910 s
currentSize : 19 <-- 0.010956 s
currentSize : 20 <-- 0.119278 s
currentSize : 23 <-- 0.119460 s
currentSize : 24 <-- 0.223343 s
currentSize : 25 <-- 0.224054 s
currentSize : 33 <-- 0.740567 s

maxsize : 33
nodes : 202498.000000
filtered : 2651702.000000
time : 1.125660
