Parameters: GAD=1 vflib=1 dir=0 label=1 lowerbound=1 fileNameGp=../graphsdb/mcs50/bvg/b09/mcs50_b09_s100.A49 fileNameGt=../graphsdb/mcs50/bvg/b09/mcs50_b09_s100.B49
Reading graphs...
100 :  448
100 :  448
Initializing...
maxdom : 6
D->valSize : 342
Solving...
Blb : 3 (clique : 27)
currentSize : 27 <-- 0.003281 s
currentSize : 32 <-- 0.020470 s
currentSize : 33 <-- 0.020958 s
currentSize : 34 <-- 0.023540 s
currentSize : 35 <-- 0.025788 s
currentSize : 36 <-- 40.490833 s
currentSize : 37 <-- 109.336510 s
currentSize : 38 <-- 109.337051 s
currentSize : 39 <-- 109.338623 s
currentSize : 40 <-- 109.339874 s
currentSize : 41 <-- 208.567764 s
currentSize : 43 <-- 208.569763 s
currentSize : 45 <-- 324.988617 s
currentSize : 46 <-- 488.927917 s
currentSize : 47 <-- 488.933533 s
currentSize : 50 <-- 488.935577 s

maxsize : 50
nodes : 129366718.000000
filtered : 664993925.000000
time : 723.143188
