Parameters: GAD=1 vflib=1 dir=0 label=1 lowerbound=1 fileNameGp=../graphsdb/mcs50/m2D/m2Dr4/mcs50_m2Dr4_s50.A17 fileNameGt=../graphsdb/mcs50/m2D/m2Dr4/mcs50_m2Dr4_s50.B17
Reading graphs...
50 :  104
50 :  102
Initializing...
maxdom : 9
D->valSize : 337
Solving...
Blb : 5 (clique : 20)
currentSize : 20 <-- 0.004066 s
currentSize : 21 <-- 1.236475 s
currentSize : 22 <-- 1.602846 s
currentSize : 23 <-- 34.510818 s
currentSize : 24 <-- 35.805981 s
currentSize : 25 <-- 35.810543 s
currentSize : 26 <-- 72.908440 s

maxsize : 26
nodes : 24197710.000000
filtered : 272129802.000000
time : 103.373039
