Parameters: GAD=1 vflib=1 dir=0 label=1 lowerbound=1 fileNameGp=../graphsdb/mcs50/m2D/m2D/mcs50_m2D_s80.A70 fileNameGt=../graphsdb/mcs50/m2D/m2D/mcs50_m2D_s80.B70
Reading graphs...
80 :  141
80 :  141
Initializing...
maxdom : 9
D->valSize : 410
Solving...
Blb : 2 (clique : 33)
currentSize : 33 <-- 0.004108 s
currentSize : 34 <-- 0.006091 s
currentSize : 35 <-- 0.200563 s
currentSize : 36 <-- 0.779990 s
currentSize : 37 <-- 2.337971 s
currentSize : 38 <-- 293.859406 s
currentSize : 39 <-- 381.368347 s
currentSize : 40 <-- 381.369019 s
currentSize : 42 <-- 386.722748 s

TIMEOUT
maxsize : 42
nodes : 677968257.000000
filtered : 5278360518.000000
time : 3600.000000
