Parameters: GAD=1 vflib=1 dir=0 label=1 lowerbound=1 fileNameGp=../graphsdb/mcs50/rand/r01/mcs50_r01_s30.A50 fileNameGt=../graphsdb/mcs50/rand/r01/mcs50_r01_s30.B50
Reading graphs...
30 :  79
30 :  81
Initializing...
maxdom : 6
D->valSize : 128
Solving...
Blb : 5 (clique : 10)
currentSize : 10 <-- 0.000666 s
currentSize : 11 <-- 0.001479 s
currentSize : 12 <-- 0.001761 s
currentSize : 13 <-- 0.001783 s
currentSize : 14 <-- 0.005252 s
currentSize : 15 <-- 0.006303 s

maxsize : 15
nodes : 3648.000000
filtered : 41193.000000
time : 0.013077
