Parameters: GAD=1 vflib=1 dir=0 label=1 lowerbound=1 fileNameGp=../graphsdb/mcs50/rand/r02/mcs50_r02_s70.A27 fileNameGt=../graphsdb/mcs50/rand/r02/mcs50_r02_s70.B27
Reading graphs...
70 :  863
70 :  850
Initializing...
maxdom : 8
D->valSize : 318
Solving...
Blb : 2 (clique : 9)
currentSize : 9 <-- 0.002459 s
currentSize : 11 <-- 0.002678 s
currentSize : 13 <-- 0.002988 s
currentSize : 14 <-- 0.003033 s
currentSize : 16 <-- 0.004145 s
currentSize : 17 <-- 0.006781 s
currentSize : 18 <-- 0.014514 s
currentSize : 23 <-- 0.015363 s
currentSize : 29 <-- 0.015790 s

maxsize : 29
nodes : 12364.000000
filtered : 148513.000000
time : 0.063562
