Parameters: GAD=1 vflib=1 dir=0 label=1 lowerbound=1 fileNameGp=../graphsdb/mcs50/m2D/m2Dr6/mcs50_m2Dr6_s70.A36 fileNameGt=../graphsdb/mcs50/m2D/m2Dr6/mcs50_m2Dr6_s70.B36
Reading graphs...
70 :  163
70 :  159
Initializing...
maxdom : 8
D->valSize : 344
Solving...
Blb : 3 (clique : 26)
currentSize : 26 <-- 0.003033 s
currentSize : 27 <-- 3.923192 s
currentSize : 28 <-- 146.347107 s
currentSize : 29 <-- 160.762604 s
currentSize : 31 <-- 179.042679 s
currentSize : 32 <-- 376.202057 s
currentSize : 34 <-- 376.238464 s
currentSize : 35 <-- 376.244507 s
currentSize : 36 <-- 503.671997 s
currentSize : 37 <-- 778.927734 s

maxsize : 37
nodes : 217781275.000000
filtered : 1372134935.000000
time : 959.505066
