Parameters: GAD=1 vflib=1 dir=0 label=1 lowerbound=1 fileNameGp=../graphsdb/mcs50/bvg/b09/mcs50_b09_s100.A87 fileNameGt=../graphsdb/mcs50/bvg/b09/mcs50_b09_s100.B87
Reading graphs...
100 :  446
100 :  449
Initializing...
maxdom : 7
D->valSize : 348
Solving...
Blb : 2 (clique : 27)
currentSize : 27 <-- 0.003499 s
currentSize : 29 <-- 0.015050 s
currentSize : 30 <-- 15.993376 s
currentSize : 31 <-- 16.563145 s
currentSize : 32 <-- 16.563259 s
currentSize : 33 <-- 16.563765 s
currentSize : 34 <-- 16.567175 s
currentSize : 35 <-- 19.087156 s
currentSize : 36 <-- 24.855522 s
currentSize : 37 <-- 41.212070 s
currentSize : 38 <-- 43.156631 s
currentSize : 39 <-- 68.624596 s
currentSize : 45 <-- 161.904846 s
currentSize : 47 <-- 161.905029 s
currentSize : 49 <-- 161.915649 s
currentSize : 50 <-- 161.925613 s

maxsize : 50
nodes : 46277436.000000
filtered : 210385214.000000
time : 252.203613
