Parameters: GAD=1 vflib=1 dir=0 label=1 lowerbound=1 fileNameGp=../graphsdb/mcs50/m2D/m2Dr2/mcs50_m2Dr2_s70.A18 fileNameGt=../graphsdb/mcs50/m2D/m2Dr2/mcs50_m2Dr2_s70.B18
Reading graphs...
70 :  135
70 :  136
Initializing...
maxdom : 9
D->valSize : 369
Solving...
Blb : 2 (clique : 33)
currentSize : 33 <-- 0.003467 s
currentSize : 34 <-- 0.003675 s
currentSize : 35 <-- 0.003747 s
currentSize : 36 <-- 0.029636 s
currentSize : 37 <-- 0.029976 s

maxsize : 37
nodes : 193255296.000000
filtered : 1279695859.000000
time : 882.387695
