Parameters: GAD=1 vflib=1 dir=0 label=1 lowerbound=1 fileNameGp=../graphsdb/mcs50/bvg/b09m/mcs50_b09m_s80.A54 fileNameGt=../graphsdb/mcs50/bvg/b09m/mcs50_b09m_s80.B54
Reading graphs...
80 :  351
80 :  350
Initializing...
maxdom : 8
D->valSize : 421
Solving...
Blb : 3 (clique : 25)
currentSize : 25 <-- 0.006464 s
currentSize : 26 <-- 0.007712 s
currentSize : 27 <-- 0.177974 s
currentSize : 31 <-- 51.774818 s
currentSize : 33 <-- 51.774914 s
currentSize : 34 <-- 51.774986 s
currentSize : 35 <-- 51.775368 s
currentSize : 36 <-- 51.776402 s
currentSize : 37 <-- 109.989128 s
currentSize : 38 <-- 110.289391 s

maxsize : 38
nodes : 35159737.000000
filtered : 240697361.000000
time : 176.907623
