Parameters: GAD=1 vflib=1 dir=0 label=1 lowerbound=1 fileNameGp=../graphsdb/mcs50/rand/r005/mcs50_r005_s50.A58 fileNameGt=../graphsdb/mcs50/rand/r005/mcs50_r005_s50.B58
Reading graphs...
50 :  117
50 :  121
Initializing...
maxdom : 11
D->valSize : 348
Solving...
Blb : 2 (clique : 17)
currentSize : 17 <-- 0.002594 s
currentSize : 18 <-- 0.004921 s
currentSize : 19 <-- 0.026748 s
currentSize : 20 <-- 0.027421 s
currentSize : 21 <-- 0.252397 s
currentSize : 22 <-- 0.274251 s
currentSize : 23 <-- 0.616009 s
currentSize : 24 <-- 1.089608 s
currentSize : 26 <-- 14.186873 s

maxsize : 26
nodes : 3973684.000000
filtered : 65522100.000000
time : 18.149002
