Parameters: GAD=1 vflib=1 dir=0 label=1 lowerbound=1 fileNameGp=../graphsdb/mcs50/m3D/m3Dr6/mcs50_m3Dr6_s50.A69 fileNameGt=../graphsdb/mcs50/m3D/m3Dr6/mcs50_m3Dr6_s50.B69
Reading graphs...
50 :  137
50 :  137
Initializing...
maxdom : 12
D->valSize : 348
Solving...
Blb : 2 (clique : 20)
currentSize : 20 <-- 0.002553 s
currentSize : 21 <-- 0.002695 s
currentSize : 22 <-- 0.002893 s
currentSize : 23 <-- 0.041688 s
currentSize : 24 <-- 0.097085 s
currentSize : 28 <-- 0.097466 s
currentSize : 29 <-- 0.099798 s
currentSize : 30 <-- 0.225813 s

maxsize : 30
nodes : 54841.000000
filtered : 756856.000000
time : 0.252463
