Parameters: GAD=1 vflib=1 dir=0 label=1 lowerbound=1 fileNameGp=../graphsdb/mcs50/bvg/b03/mcs50_b03_s60.A15 fileNameGt=../graphsdb/mcs50/bvg/b03/mcs50_b03_s60.B15
Reading graphs...
60 :  90
60 :  90
Initializing...
maxdom : 7
D->valSize : 241
Solving...
Blb : 2 (clique : 23)
currentSize : 23 <-- 0.001772 s
currentSize : 24 <-- 0.002164 s
currentSize : 25 <-- 0.010242 s
currentSize : 26 <-- 0.077226 s
currentSize : 27 <-- 6.339906 s
currentSize : 28 <-- 19.902212 s
currentSize : 29 <-- 41.951084 s
currentSize : 30 <-- 43.240665 s
currentSize : 31 <-- 212.200394 s

maxsize : 31
nodes : 74807315.000000
filtered : 400037855.000000
time : 281.773529
