Parameters: GAD=1 vflib=1 dir=0 label=1 lowerbound=1 fileNameGp=../graphsdb/mcs50/bvg/b03m/mcs50_b03m_s70.A51 fileNameGt=../graphsdb/mcs50/bvg/b03m/mcs50_b03m_s70.B51
Reading graphs...
70 :  105
70 :  104
Initializing...
maxdom : 8
D->valSize : 339
Solving...
Blb : 2 (clique : 35)
currentSize : 35 <-- 0.002949 s
currentSize : 36 <-- 1.020027 s
currentSize : 37 <-- 3.300804 s
currentSize : 38 <-- 6.009595 s
currentSize : 39 <-- 8.399807 s

maxsize : 39
nodes : 224029691.000000
filtered : 1658231904.000000
time : 1123.270020
