Parameters: GAD=1 vflib=1 dir=0 label=1 lowerbound=1 fileNameGp=../graphsdb/mcs50/bvg/b09/mcs50_b09_s70.A50 fileNameGt=../graphsdb/mcs50/bvg/b09/mcs50_b09_s70.B50
Reading graphs...
70 :  313
70 :  311
Initializing...
maxdom : 8
D->valSize : 339
Solving...
Blb : 3 (clique : 19)
currentSize : 19 <-- 0.004458 s
currentSize : 20 <-- 6.690019 s
currentSize : 21 <-- 14.574067 s
currentSize : 22 <-- 14.575399 s
currentSize : 23 <-- 14.575455 s
currentSize : 24 <-- 14.579676 s
currentSize : 25 <-- 27.848312 s
currentSize : 31 <-- 38.598980 s
currentSize : 33 <-- 38.599087 s
currentSize : 34 <-- 38.599140 s
currentSize : 35 <-- 38.599346 s

maxsize : 35
nodes : 11375374.000000
filtered : 86265308.000000
time : 52.485653
