Parameters: GAD=1 vflib=1 dir=0 label=1 lowerbound=1 fileNameGp=../graphsdb/mcs50/m2D/m2Dr6/mcs50_m2Dr6_s80.A63 fileNameGt=../graphsdb/mcs50/m2D/m2Dr6/mcs50_m2Dr6_s80.B63
Reading graphs...
80 :  190
80 :  186
Initializing...
maxdom : 13
D->valSize : 422
Solving...
Blb : 2 (clique : 23)
currentSize : 23 <-- 0.004157 s
currentSize : 24 <-- 0.012162 s
currentSize : 25 <-- 0.033755 s
currentSize : 26 <-- 0.096529 s
currentSize : 27 <-- 4.151952 s
currentSize : 28 <-- 21.683243 s
currentSize : 29 <-- 21.683430 s
currentSize : 30 <-- 21.847401 s
currentSize : 31 <-- 22.152452 s
currentSize : 32 <-- 324.993988 s
currentSize : 33 <-- 1293.196167 s
currentSize : 34 <-- 1293.196289 s
currentSize : 35 <-- 1293.535645 s

TIMEOUT
maxsize : 35
nodes : 678749446.000000
filtered : 5710841230.000000
time : 3600.000000
