Parameters: GAD=1 vflib=1 dir=0 label=1 lowerbound=1 fileNameGp=../graphsdb/mcs50/bvg/b03m/mcs50_b03m_s35.A04 fileNameGt=../graphsdb/mcs50/bvg/b03m/mcs50_b03m_s35.B04
Reading graphs...
35 :  51
35 :  51
Initializing...
maxdom : 7
D->valSize : 168
Solving...
Blb : 2 (clique : 15)
currentSize : 15 <-- 0.001004 s
currentSize : 16 <-- 0.017416 s
currentSize : 17 <-- 0.033995 s
currentSize : 18 <-- 0.093474 s
currentSize : 19 <-- 0.099263 s
currentSize : 20 <-- 0.099302 s

maxsize : 20
nodes : 70697.000000
filtered : 590040.000000
time : 0.230993
