Parameters: GAD=1 vflib=1 dir=0 label=1 lowerbound=1 fileNameGp=../graphsdb/mcs50/rand/r02/mcs50_r02_s30.A79 fileNameGt=../graphsdb/mcs50/rand/r02/mcs50_r02_s30.B79
Reading graphs...
30 :  156
30 :  154
Initializing...
maxdom : 7
D->valSize : 138
Solving...
Blb : 3 (clique : 6)
currentSize : 6 <-- 0.000764 s
currentSize : 7 <-- 0.000940 s
currentSize : 8 <-- 0.001193 s
currentSize : 11 <-- 0.001211 s
currentSize : 15 <-- 0.001245 s

maxsize : 15
nodes : 395.000000
filtered : 5441.000000
time : 0.002025
