Parameters: GAD=1 vflib=1 dir=0 label=1 lowerbound=1 fileNameGp=../graphsdb/mcs50/bvg/b03/mcs50_b03_s50.A02 fileNameGt=../graphsdb/mcs50/bvg/b03/mcs50_b03_s50.B02
Reading graphs...
50 :  75
50 :  75
Initializing...
maxdom : 7
D->valSize : 319
Solving...
Blb : 2 (clique : 21)
currentSize : 21 <-- 0.002420 s
currentSize : 22 <-- 0.002534 s
currentSize : 23 <-- 0.002613 s
currentSize : 24 <-- 0.002826 s
currentSize : 25 <-- 0.108000 s
currentSize : 26 <-- 1.356246 s
currentSize : 27 <-- 231.136353 s

TIMEOUT
maxsize : 27
nodes : 953081392.000000
filtered : 9546362650.000000
time : 3600.000000
