Parameters: GAD=1 vflib=1 dir=0 label=1 lowerbound=1 fileNameGp=../graphsdb/mcs50/bvg/b06m/mcs50_b06m_s90.A23 fileNameGt=../graphsdb/mcs50/bvg/b06m/mcs50_b06m_s90.B23
Reading graphs...
90 :  269
90 :  268
Initializing...
maxdom : 10
D->valSize : 547
Solving...
Blb : 2 (clique : 32)
currentSize : 32 <-- 0.006305 s
currentSize : 33 <-- 0.634822 s
currentSize : 34 <-- 57.469440 s
currentSize : 35 <-- 720.206970 s
currentSize : 36 <-- 904.276611 s
currentSize : 37 <-- 1016.838257 s

TIMEOUT
maxsize : 37
nodes : 586640193.000000
filtered : 6759992434.000000
time : 3600.000000
