Parameters: GAD=1 vflib=1 dir=0 label=1 lowerbound=1 fileNameGp=../graphsdb/mcs50/m2D/m2D/mcs50_m2D_s90.A51 fileNameGt=../graphsdb/mcs50/m2D/m2D/mcs50_m2D_s90.B51
Reading graphs...
90 :  161
90 :  161
Initializing...
maxdom : 13
D->valSize : 586
Solving...
Blb : 2 (clique : 43)
currentSize : 43 <-- 0.007320 s
currentSize : 44 <-- 0.016810 s
currentSize : 45 <-- 0.024073 s
currentSize : 46 <-- 0.024170 s
currentSize : 47 <-- 0.888361 s
currentSize : 48 <-- 1.472486 s
currentSize : 49 <-- 10.524909 s
currentSize : 50 <-- 14.945054 s
currentSize : 51 <-- 26.202114 s
currentSize : 52 <-- 64.937729 s

TIMEOUT
maxsize : 52
nodes : 658869482.000000
filtered : 3981974277.000000
time : 3600.000000
