Parameters: GAD=1 vflib=1 dir=0 label=1 lowerbound=1 fileNameGp=../graphsdb/mcs50/bvg/b06/mcs50_b06_s40.A90 fileNameGt=../graphsdb/mcs50/bvg/b06/mcs50_b06_s40.B90
Reading graphs...
40 :  119
40 :  120
Initializing...
maxdom : 8
D->valSize : 223
Solving...
Blb : 3 (clique : 12)
currentSize : 12 <-- 0.001361 s
currentSize : 13 <-- 0.007557 s
currentSize : 16 <-- 0.068959 s
currentSize : 17 <-- 0.070516 s
currentSize : 19 <-- 0.070596 s
currentSize : 20 <-- 0.075866 s
currentSize : 21 <-- 0.126319 s

maxsize : 21
nodes : 38406.000000
filtered : 319710.000000
time : 0.137501
