Parameters: GAD=1 vflib=1 dir=0 label=1 lowerbound=1 fileNameGp=../graphsdb/mcs50/rand/r02/mcs50_r02_s100.A47 fileNameGt=../graphsdb/mcs50/rand/r02/mcs50_r02_s100.B47
Reading graphs...
100 :  1752
100 :  1766
Initializing...
maxdom : 8
D->valSize : 387
Solving...
Blb : 2 (clique : 12)
currentSize : 12 <-- 0.003829 s
currentSize : 15 <-- 0.003973 s
currentSize : 18 <-- 0.004169 s
currentSize : 25 <-- 0.004851 s
currentSize : 35 <-- 0.006171 s
currentSize : 36 <-- 0.006312 s
currentSize : 37 <-- 0.006674 s
currentSize : 38 <-- 0.008368 s

maxsize : 38
nodes : 241956.000000
filtered : 692298.000000
time : 1.165773
