Parameters: GAD=1 vflib=1 dir=0 label=1 lowerbound=1 fileNameGp=../graphsdb/mcs50/bvg/b06m/mcs50_b06m_s100.A94 fileNameGt=../graphsdb/mcs50/bvg/b06m/mcs50_b06m_s100.B94
Reading graphs...
100 :  297
100 :  296
Initializing...
maxdom : 9
D->valSize : 396
Solving...
Blb : 2 (clique : 40)
currentSize : 40 <-- 0.004194 s
currentSize : 41 <-- 0.005051 s
currentSize : 42 <-- 0.007953 s
currentSize : 43 <-- 0.045375 s
currentSize : 44 <-- 19.368214 s
currentSize : 45 <-- 26.394472 s
currentSize : 46 <-- 80.059258 s
currentSize : 47 <-- 926.041626 s
currentSize : 48 <-- 926.809448 s
currentSize : 49 <-- 927.334106 s
currentSize : 50 <-- 931.334351 s
currentSize : 51 <-- 944.254761 s

TIMEOUT
maxsize : 51
nodes : 664200645.000000
filtered : 2970128529.000000
time : 3600.000000
