Parameters: GAD=1 vflib=1 dir=0 label=1 lowerbound=1 fileNameGp=../graphsdb/mcs50/rand/r01/mcs50_r01_s50.A49 fileNameGt=../graphsdb/mcs50/rand/r01/mcs50_r01_s50.B49
Reading graphs...
50 :  236
50 :  230
Initializing...
maxdom : 8
D->valSize : 315
Solving...
Blb : 2 (clique : 14)
currentSize : 14 <-- 0.002177 s
currentSize : 15 <-- 0.002330 s
currentSize : 16 <-- 0.021748 s
currentSize : 18 <-- 0.030595 s
currentSize : 19 <-- 0.030653 s
currentSize : 20 <-- 0.119257 s
currentSize : 21 <-- 0.301768 s
currentSize : 23 <-- 0.301846 s
currentSize : 25 <-- 0.301905 s

maxsize : 25
nodes : 70903.000000
filtered : 1187375.000000
time : 0.344444
