Parameters: GAD=1 vflib=1 dir=0 label=1 lowerbound=1 fileNameGp=../graphsdb/mcs50/m2D/m2D/mcs50_m2D_s60.A27 fileNameGt=../graphsdb/mcs50/m2D/m2D/mcs50_m2D_s60.B27
Reading graphs...
60 :  103
60 :  102
Initializing...
maxdom : 8
D->valSize : 247
Solving...
Blb : 2 (clique : 24)
currentSize : 24 <-- 0.001880 s
currentSize : 25 <-- 0.070889 s
currentSize : 27 <-- 9.610247 s
currentSize : 28 <-- 9.615704 s
currentSize : 29 <-- 18.556309 s

maxsize : 29
nodes : 6637273.000000
filtered : 48498415.000000
time : 27.038029
