Parameters: GAD=1 vflib=1 dir=0 label=1 lowerbound=1 fileNameGp=../graphsdb/mcs50/bvg/b03m/mcs50_b03m_s40.A46 fileNameGt=../graphsdb/mcs50/bvg/b03m/mcs50_b03m_s40.B46
Reading graphs...
40 :  59
40 :  59
Initializing...
maxdom : 8
D->valSize : 207
Solving...
Blb : 5 (clique : 18)
currentSize : 18 <-- 0.001360 s
currentSize : 19 <-- 0.001447 s
currentSize : 20 <-- 0.001518 s
currentSize : 21 <-- 0.272613 s
currentSize : 22 <-- 0.760738 s
currentSize : 23 <-- 1.861529 s

maxsize : 23
nodes : 934285.000000
filtered : 7301069.000000
time : 3.086218
