Parameters: GAD=1 vflib=1 dir=0 label=1 lowerbound=1 fileNameGp=../graphsdb/mcs50/bvg/b09/mcs50_b09_s25.A48 fileNameGt=../graphsdb/mcs50/bvg/b09/mcs50_b09_s25.B48
Reading graphs...
25 :  108
25 :  105
Initializing...
maxdom : 11
D->valSize : 174
Solving...
Blb : 2 (clique : 7)
currentSize : 7 <-- 0.000804 s
currentSize : 8 <-- 0.000881 s
currentSize : 9 <-- 0.006015 s
currentSize : 10 <-- 0.006079 s
currentSize : 12 <-- 0.006942 s

maxsize : 12
nodes : 3233.000000
filtered : 37862.000000
time : 0.009949
