Parameters: GAD=1 vflib=1 dir=0 label=1 lowerbound=1 fileNameGp=../graphsdb/mcs50/m4D/m4Dr6/mcs50_m4Dr6_s40.A62 fileNameGt=../graphsdb/mcs50/m4D/m4Dr6/mcs50_m4Dr6_s40.B62
Reading graphs...
40 :  94
40 :  90
Initializing...
maxdom : 9
D->valSize : 210
Solving...
Blb : 2 (clique : 15)
currentSize : 15 <-- 0.001423 s
currentSize : 16 <-- 0.001531 s
currentSize : 17 <-- 0.001965 s
currentSize : 18 <-- 2.885792 s
currentSize : 19 <-- 2.886037 s

maxsize : 19
nodes : 1132652.000000
filtered : 11083876.000000
time : 3.971411
