Parameters: GAD=1 vflib=1 dir=0 label=1 lowerbound=1 fileNameGp=../graphsdb/mcs50/rand/r01/mcs50_r01_s90.A44 fileNameGt=../graphsdb/mcs50/rand/r01/mcs50_r01_s90.B44
Reading graphs...
90 :  755
90 :  753
Initializing...
maxdom : 11
D->valSize : 540
Solving...
Blb : 2 (clique : 12)
currentSize : 12 <-- 0.005819 s
currentSize : 14 <-- 0.017600 s
currentSize : 15 <-- 0.042875 s
currentSize : 16 <-- 0.065411 s
currentSize : 17 <-- 0.087463 s
currentSize : 18 <-- 0.191045 s
currentSize : 20 <-- 0.235525 s
currentSize : 21 <-- 0.235634 s
currentSize : 23 <-- 0.236544 s
currentSize : 24 <-- 0.332346 s
currentSize : 27 <-- 0.721604 s
currentSize : 31 <-- 0.721713 s
currentSize : 33 <-- 1.644277 s
currentSize : 36 <-- 3.266924 s
currentSize : 41 <-- 3.267083 s

maxsize : 41
nodes : 851932.000000
filtered : 14159618.000000
time : 5.762821
