Parameters: GAD=1 vflib=1 dir=0 label=1 lowerbound=1 fileNameGp=../graphsdb/mcs50/m2D/m2Dr2/mcs50_m2Dr2_s30.A11 fileNameGt=../graphsdb/mcs50/m2D/m2Dr2/mcs50_m2Dr2_s30.B11
Reading graphs...
30 :  54
30 :  55
Initializing...
maxdom : 6
D->valSize : 115
Solving...
Blb : 2 (clique : 10)
currentSize : 10 <-- 0.000720 s
currentSize : 11 <-- 0.000829 s
currentSize : 12 <-- 0.001641 s
currentSize : 13 <-- 0.003444 s
currentSize : 14 <-- 0.006305 s
currentSize : 15 <-- 0.007883 s
currentSize : 16 <-- 0.012663 s

maxsize : 16
nodes : 6454.000000
filtered : 33658.000000
time : 0.017334
