Parameters: GAD=1 vflib=1 dir=0 label=1 lowerbound=1 fileNameGp=../graphsdb/mcs50/rand/r005/mcs50_r005_s70.A13 fileNameGt=../graphsdb/mcs50/rand/r005/mcs50_r005_s70.B13
Reading graphs...
70 :  238
70 :  233
Initializing...
maxdom : 8
D->valSize : 332
Solving...
Blb : 2 (clique : 22)
currentSize : 22 <-- 0.002741 s
currentSize : 23 <-- 0.002899 s
currentSize : 24 <-- 0.004025 s
currentSize : 26 <-- 0.004333 s
currentSize : 27 <-- 0.005636 s
currentSize : 29 <-- 0.007109 s
currentSize : 30 <-- 0.008233 s
currentSize : 31 <-- 1.633422 s
currentSize : 32 <-- 1.633803 s
currentSize : 35 <-- 1.722991 s

maxsize : 35
nodes : 926560.000000
filtered : 10248056.000000
time : 5.180731
