Parameters: GAD=1 vflib=1 dir=0 label=1 lowerbound=1 fileNameGp=../graphsdb/mcs50/m3D/m3Dr4/mcs50_m3Dr4_s50.A60 fileNameGt=../graphsdb/mcs50/m3D/m3Dr4/mcs50_m3Dr4_s50.B60
Reading graphs...
50 :  127
50 :  126
Initializing...
maxdom : 10
D->valSize : 368
Solving...
Blb : 3 (clique : 18)
currentSize : 18 <-- 0.004509 s
currentSize : 19 <-- 0.004695 s
currentSize : 20 <-- 0.004794 s
currentSize : 21 <-- 1.957349 s
currentSize : 23 <-- 1.957407 s
currentSize : 24 <-- 2.583198 s
currentSize : 25 <-- 3.810543 s
currentSize : 26 <-- 5.556925 s
currentSize : 27 <-- 5.562348 s
currentSize : 28 <-- 5.562417 s
currentSize : 29 <-- 5.562886 s

maxsize : 29
nodes : 1377196.000000
filtered : 20219715.000000
time : 6.081790
