Parameters: GAD=1 vflib=1 dir=0 label=1 lowerbound=1 fileNameGp=../graphsdb/mcs50/bvg/b09m/mcs50_b09m_s50.A55 fileNameGt=../graphsdb/mcs50/bvg/b09m/mcs50_b09m_s50.B55
Reading graphs...
50 :  218
50 :  216
Initializing...
maxdom : 10
D->valSize : 345
Solving...
Blb : 2 (clique : 14)
currentSize : 14 <-- 0.002610 s
currentSize : 15 <-- 0.289483 s
currentSize : 16 <-- 2.257319 s
currentSize : 17 <-- 2.270382 s
currentSize : 23 <-- 3.114679 s
currentSize : 24 <-- 3.114718 s

maxsize : 24
nodes : 1045129.000000
filtered : 10093580.000000
time : 4.047348
