Parameters: GAD=1 vflib=1 dir=0 label=1 lowerbound=1 fileNameGp=../graphsdb/mcs50/m2D/m2D/mcs50_m2D_s70.A02 fileNameGt=../graphsdb/mcs50/m2D/m2D/mcs50_m2D_s70.B02
Reading graphs...
70 :  123
70 :  123
Initializing...
maxdom : 8
D->valSize : 319
Solving...
Blb : 2 (clique : 28)
currentSize : 28 <-- 0.004441 s
currentSize : 29 <-- 4.574579 s
currentSize : 30 <-- 88.776245 s
currentSize : 31 <-- 321.893646 s
currentSize : 32 <-- 322.157562 s
currentSize : 33 <-- 1345.138672 s
currentSize : 34 <-- 1345.168213 s
currentSize : 35 <-- 1345.499146 s
currentSize : 36 <-- 1349.692383 s
currentSize : 37 <-- 1350.266235 s
currentSize : 38 <-- 1352.739868 s

maxsize : 38
nodes : 435542555.000000
filtered : 2913585838.000000
time : 1905.575073
