Parameters: GAD=1 vflib=1 dir=0 label=1 lowerbound=1 fileNameGp=../graphsdb/mcs50/bvg/b09m/mcs50_b09m_s70.A04 fileNameGt=../graphsdb/mcs50/bvg/b09m/mcs50_b09m_s70.B04
Reading graphs...
70 :  311
70 :  307
Initializing...
maxdom : 7
D->valSize : 341
Solving...
Blb : 3 (clique : 28)
currentSize : 28 <-- 0.003091 s
currentSize : 29 <-- 0.847052 s
currentSize : 30 <-- 0.848239 s
currentSize : 31 <-- 3.976777 s
currentSize : 32 <-- 3.989192 s
currentSize : 33 <-- 7.581500 s

maxsize : 33
nodes : 8819041.000000
filtered : 36679727.000000
time : 36.885143
