Parameters: GAD=1 vflib=1 dir=0 label=1 lowerbound=1 fileNameGp=../graphsdb/mcs50/bvg/b09/mcs50_b09_s70.A80 fileNameGt=../graphsdb/mcs50/bvg/b09/mcs50_b09_s70.B80
Reading graphs...
70 :  310
70 :  311
Initializing...
maxdom : 9
D->valSize : 359
Solving...
Blb : 2 (clique : 23)
currentSize : 23 <-- 0.003132 s
currentSize : 24 <-- 0.005655 s
currentSize : 27 <-- 3.804750 s
currentSize : 30 <-- 3.804927 s
currentSize : 31 <-- 8.073160 s
currentSize : 32 <-- 8.073252 s
currentSize : 34 <-- 8.073744 s
currentSize : 35 <-- 8.073842 s

maxsize : 35
nodes : 2143510.000000
filtered : 26958109.000000
time : 11.997893
