Parameters: GAD=1 vflib=1 dir=0 label=1 lowerbound=1 fileNameGp=../graphsdb/mcs50/rand/r02/mcs50_r02_s80.A75 fileNameGt=../graphsdb/mcs50/rand/r02/mcs50_r02_s80.B75
Reading graphs...
80 :  1136
80 :  1137
Initializing...
maxdom : 10
D->valSize : 472
Solving...
Blb : 3 (clique : 7)
currentSize : 7 <-- 0.004394 s
currentSize : 8 <-- 0.004611 s
currentSize : 11 <-- 0.005158 s
currentSize : 12 <-- 0.005201 s
currentSize : 18 <-- 0.006814 s
currentSize : 21 <-- 0.030901 s
currentSize : 23 <-- 0.048239 s
currentSize : 32 <-- 0.055012 s
currentSize : 34 <-- 0.055136 s

maxsize : 34
nodes : 19620.000000
filtered : 379804.000000
time : 0.128726
