Parameters: GAD=1 vflib=1 dir=0 label=1 lowerbound=1 fileNameGp=../graphsdb/mcs50/m3D/m3Dr4/mcs50_m3Dr4_s50.A47 fileNameGt=../graphsdb/mcs50/m3D/m3Dr4/mcs50_m3Dr4_s50.B47
Reading graphs...
50 :  126
50 :  125
Initializing...
maxdom : 11
D->valSize : 340
Solving...
Blb : 3 (clique : 17)
currentSize : 17 <-- 0.002553 s
currentSize : 19 <-- 0.002655 s
currentSize : 20 <-- 0.002679 s
currentSize : 21 <-- 0.002744 s
currentSize : 22 <-- 0.025166 s
currentSize : 24 <-- 1.042915 s
currentSize : 26 <-- 1.214568 s
currentSize : 27 <-- 9.914793 s

maxsize : 27
nodes : 3250806.000000
filtered : 36652523.000000
time : 14.332855
