Parameters: GAD=1 vflib=1 dir=0 label=1 lowerbound=1 fileNameGp=../graphsdb/mcs50/m2D/m2Dr6/mcs50_m2Dr6_s60.A54 fileNameGt=../graphsdb/mcs50/m2D/m2Dr6/mcs50_m2Dr6_s60.B54
Reading graphs...
60 :  140
60 :  139
Initializing...
maxdom : 8
D->valSize : 242
Solving...
Blb : 2 (clique : 20)
currentSize : 20 <-- 0.002790 s
currentSize : 21 <-- 0.004051 s
currentSize : 22 <-- 0.101337 s
currentSize : 23 <-- 0.133634 s
currentSize : 26 <-- 0.195241 s
currentSize : 27 <-- 0.318298 s
currentSize : 28 <-- 20.004164 s

maxsize : 28
nodes : 8832778.000000
filtered : 52317254.000000
time : 34.762653
