Parameters: GAD=1 vflib=1 dir=0 label=1 lowerbound=1 fileNameGp=../graphsdb/mcs50/bvg/b06/mcs50_b06_s35.A12 fileNameGt=../graphsdb/mcs50/bvg/b06/mcs50_b06_s35.B12
Reading graphs...
35 :  104
35 :  103
Initializing...
maxdom : 8
D->valSize : 168
Solving...
Blb : 2 (clique : 12)
currentSize : 12 <-- 0.001028 s
currentSize : 13 <-- 0.002539 s
currentSize : 14 <-- 0.012423 s
currentSize : 15 <-- 0.022893 s
currentSize : 17 <-- 0.024737 s
currentSize : 18 <-- 0.032730 s

maxsize : 18
nodes : 17147.000000
filtered : 125013.000000
time : 0.052673
