Parameters: GAD=1 vflib=1 dir=0 label=1 lowerbound=1 fileNameGp=../graphsdb/mcs50/m2D/m2Dr6/mcs50_m2Dr6_s80.A17 fileNameGt=../graphsdb/mcs50/m2D/m2Dr6/mcs50_m2Dr6_s80.B17
Reading graphs...
80 :  190
80 :  187
Initializing...
maxdom : 10
D->valSize : 432
Solving...
Blb : 2 (clique : 27)
currentSize : 27 <-- 0.004486 s
currentSize : 29 <-- 0.004667 s
currentSize : 30 <-- 0.004714 s
currentSize : 31 <-- 0.004760 s
currentSize : 32 <-- 2.228199 s
currentSize : 33 <-- 19.030474 s
currentSize : 34 <-- 24.493404 s
currentSize : 35 <-- 24.493431 s
currentSize : 36 <-- 24.501116 s
currentSize : 37 <-- 819.297668 s
currentSize : 39 <-- 820.179260 s
currentSize : 40 <-- 820.179260 s
currentSize : 41 <-- 820.180054 s
currentSize : 42 <-- 820.180908 s

maxsize : 42
nodes : 210598410.000000
filtered : 1983522157.000000
time : 1157.225464
