Parameters: GAD=1 vflib=1 dir=0 label=1 lowerbound=1 fileNameGp=../graphsdb/mcs50/rand/r02/mcs50_r02_s60.A73 fileNameGt=../graphsdb/mcs50/rand/r02/mcs50_r02_s60.B73
Reading graphs...
60 :  637
60 :  628
Initializing...
maxdom : 9
D->valSize : 265
Solving...
Blb : 2 (clique : 7)
currentSize : 7 <-- 0.002017 s
currentSize : 8 <-- 0.002077 s
currentSize : 13 <-- 0.002202 s
currentSize : 15 <-- 0.003411 s
currentSize : 25 <-- 0.003494 s

maxsize : 25
nodes : 4621.000000
filtered : 56111.000000
time : 0.022415
