Parameters: GAD=1 vflib=1 dir=0 label=1 lowerbound=1 fileNameGp=../graphsdb/mcs50/m3D/m3Dr6/mcs50_m3Dr6_s50.A12 fileNameGt=../graphsdb/mcs50/m3D/m3Dr6/mcs50_m3Dr6_s50.B12
Reading graphs...
50 :  135
50 :  134
Initializing...
maxdom : 10
D->valSize : 306
Solving...
Blb : 2 (clique : 15)
currentSize : 15 <-- 0.003379 s
currentSize : 16 <-- 0.003535 s
currentSize : 17 <-- 0.004919 s
currentSize : 18 <-- 0.006738 s
currentSize : 19 <-- 0.013619 s
currentSize : 20 <-- 0.015987 s
currentSize : 21 <-- 0.133513 s
currentSize : 22 <-- 0.367129 s
currentSize : 24 <-- 0.367858 s
currentSize : 26 <-- 0.370411 s

maxsize : 26
nodes : 119168.000000
filtered : 1320681.000000
time : 0.583237
