Parameters: GAD=1 vflib=1 dir=0 label=1 lowerbound=1 fileNameGp=../graphsdb/mcs50/bvg/b09/mcs50_b09_s35.A30 fileNameGt=../graphsdb/mcs50/bvg/b09/mcs50_b09_s35.B30
Reading graphs...
35 :  154
35 :  152
Initializing...
maxdom : 8
D->valSize : 172
Solving...
Blb : 5 (clique : 10)
currentSize : 10 <-- 0.000958 s
currentSize : 11 <-- 0.001046 s
currentSize : 12 <-- 0.001663 s
currentSize : 13 <-- 0.002023 s
currentSize : 14 <-- 0.004967 s
currentSize : 16 <-- 0.005030 s
currentSize : 17 <-- 0.005255 s

maxsize : 17
nodes : 4317.000000
filtered : 34268.000000
time : 0.014503
