Parameters: GAD=1 vflib=1 dir=0 label=1 lowerbound=1 fileNameGp=../graphsdb/mcs50/m2D/m2D/mcs50_m2D_s70.A03 fileNameGt=../graphsdb/mcs50/m2D/m2D/mcs50_m2D_s70.B03
Reading graphs...
70 :  123
70 :  122
Initializing...
maxdom : 9
D->valSize : 319
Solving...
Blb : 2 (clique : 34)
currentSize : 34 <-- 0.002891 s
currentSize : 35 <-- 0.003170 s
currentSize : 36 <-- 62.815193 s
currentSize : 37 <-- 757.057251 s
currentSize : 38 <-- 850.853760 s
currentSize : 39 <-- 917.469421 s
currentSize : 40 <-- 983.237488 s

maxsize : 40
nodes : 642067301.000000
filtered : 3402912716.000000
time : 2664.481689
