Parameters: GAD=1 vflib=1 dir=0 label=1 lowerbound=1 fileNameGp=../graphsdb/mcs50/m3D/m3Dr4/mcs50_m3Dr4_s50.A22 fileNameGt=../graphsdb/mcs50/m3D/m3Dr4/mcs50_m3Dr4_s50.B22
Reading graphs...
50 :  125
50 :  126
Initializing...
maxdom : 8
D->valSize : 314
Solving...
Blb : 2 (clique : 19)
currentSize : 19 <-- 0.003583 s
currentSize : 21 <-- 0.003981 s
currentSize : 22 <-- 0.009269 s
currentSize : 23 <-- 0.480205 s
currentSize : 24 <-- 1.690934 s
currentSize : 25 <-- 1.690962 s
currentSize : 26 <-- 4.501031 s
currentSize : 27 <-- 5.844744 s

maxsize : 27
nodes : 1569895.000000
filtered : 17223643.000000
time : 6.740029
