Parameters: GAD=1 vflib=1 dir=0 label=1 lowerbound=1 fileNameGp=../graphsdb/mcs50/rand/r005/mcs50_r005_s25.A19 fileNameGt=../graphsdb/mcs50/rand/r005/mcs50_r005_s25.B19
Reading graphs...
25 :  35
25 :  34
Initializing...
maxdom : 8
D->valSize : 160
Solving...
Blb : 2 (clique : 10)
currentSize : 10 <-- 0.001222 s
currentSize : 11 <-- 0.001593 s
currentSize : 12 <-- 0.001725 s
currentSize : 13 <-- 0.002632 s
currentSize : 14 <-- 0.026452 s

maxsize : 14
nodes : 15303.000000
filtered : 137969.000000
time : 0.068187
