Parameters: GAD=1 vflib=1 dir=0 label=1 lowerbound=1 fileNameGp=../graphsdb/mcs50/bvg/b09m/mcs50_b09m_s80.A71 fileNameGt=../graphsdb/mcs50/bvg/b09m/mcs50_b09m_s80.B71
Reading graphs...
80 :  352
80 :  354
Initializing...
maxdom : 9
D->valSize : 435
Solving...
Blb : 3 (clique : 33)
currentSize : 33 <-- 0.004432 s
currentSize : 34 <-- 129.370865 s
currentSize : 35 <-- 129.783218 s
currentSize : 36 <-- 137.801575 s
currentSize : 37 <-- 194.428665 s
currentSize : 38 <-- 220.588455 s

maxsize : 38
nodes : 60915944.000000
filtered : 438470862.000000
time : 298.125000
