Parameters: GAD=1 vflib=1 dir=0 label=1 lowerbound=1 fileNameGp=../graphsdb/mcs50/m2D/m2Dr4/mcs50_m2Dr4_s80.A54 fileNameGt=../graphsdb/mcs50/m2D/m2Dr4/mcs50_m2Dr4_s80.B54
Reading graphs...
80 :  172
80 :  171
Initializing...
maxdom : 8
D->valSize : 433
Solving...
Blb : 2 (clique : 27)
currentSize : 27 <-- 0.004309 s
currentSize : 29 <-- 0.004501 s
currentSize : 30 <-- 0.004762 s
currentSize : 31 <-- 2.671468 s
currentSize : 32 <-- 2.671735 s
currentSize : 33 <-- 2.672621 s
currentSize : 34 <-- 4.123611 s
currentSize : 35 <-- 31.149584 s
currentSize : 36 <-- 358.431030 s
currentSize : 37 <-- 2389.260742 s

TIMEOUT
maxsize : 37
nodes : 685771773.000000
filtered : 5776365311.000000
time : 3600.000000
