Parameters: GAD=1 vflib=1 dir=0 label=1 lowerbound=1 fileNameGp=../graphsdb/mcs50/m3D/m3D/mcs50_m3D_s60.A57 fileNameGt=../graphsdb/mcs50/m3D/m3D/mcs50_m3D_s60.B57
Reading graphs...
60 :  134
60 :  134
Initializing...
maxdom : 7
D->valSize : 235
Solving...
Blb : 3 (clique : 24)
currentSize : 24 <-- 0.002737 s
currentSize : 25 <-- 46.002914 s
currentSize : 26 <-- 46.132858 s
currentSize : 27 <-- 46.374641 s
currentSize : 29 <-- 46.638058 s

maxsize : 29
nodes : 14724778.000000
filtered : 98349116.000000
time : 57.928047
