Parameters: GAD=1 vflib=1 dir=0 label=1 lowerbound=1 fileNameGp=../graphsdb/mcs50/bvg/b09/mcs50_b09_s25.A49 fileNameGt=../graphsdb/mcs50/bvg/b09/mcs50_b09_s25.B49
Reading graphs...
25 :  107
25 :  110
Initializing...
maxdom : 8
D->valSize : 159
Solving...
Blb : 2 (clique : 5)
currentSize : 5 <-- 0.000833 s
currentSize : 6 <-- 0.000871 s
currentSize : 7 <-- 0.000976 s
currentSize : 8 <-- 0.002054 s
currentSize : 9 <-- 0.002070 s
currentSize : 10 <-- 0.002137 s
currentSize : 12 <-- 0.002153 s

maxsize : 12
nodes : 1746.000000
filtered : 22679.000000
time : 0.006217
