Parameters: GAD=1 vflib=1 dir=0 label=1 lowerbound=1 fileNameGp=../graphsdb/mcs50/bvg/b09m/mcs50_b09m_s35.A16 fileNameGt=../graphsdb/mcs50/bvg/b09m/mcs50_b09m_s35.B16
Reading graphs...
35 :  148
35 :  150
Initializing...
maxdom : 8
D->valSize : 163
Solving...
Blb : 2 (clique : 8)
currentSize : 8 <-- 0.000949 s
currentSize : 9 <-- 0.002580 s
currentSize : 10 <-- 0.004927 s
currentSize : 11 <-- 0.005490 s
currentSize : 13 <-- 0.012243 s
currentSize : 15 <-- 0.013835 s

maxsize : 15
nodes : 7363.000000
filtered : 64058.000000
time : 0.024171
