Parameters: GAD=1 vflib=1 dir=0 label=1 lowerbound=1 fileNameGp=../graphsdb/mcs50/rand/r005/mcs50_r005_s100.A37 fileNameGt=../graphsdb/mcs50/rand/r005/mcs50_r005_s100.B37
Reading graphs...
100 :  488
100 :  479
Initializing...
maxdom : 8
D->valSize : 364
Solving...
Blb : 2 (clique : 21)
currentSize : 21 <-- 0.005796 s
currentSize : 22 <-- 0.006717 s
currentSize : 23 <-- 0.027810 s
currentSize : 24 <-- 0.143125 s
currentSize : 25 <-- 0.157729 s
currentSize : 27 <-- 0.178557 s
currentSize : 29 <-- 0.211135 s
currentSize : 30 <-- 0.292516 s
currentSize : 37 <-- 1.662106 s
currentSize : 38 <-- 1.662712 s
currentSize : 39 <-- 1.664995 s
currentSize : 40 <-- 1.665153 s
currentSize : 41 <-- 3.358811 s
currentSize : 45 <-- 3.561646 s
currentSize : 48 <-- 6.133683 s
currentSize : 50 <-- 8.301653 s

maxsize : 50
nodes : 2378943.000000
filtered : 16095759.000000
time : 14.698803
