Parameters: GAD=1 vflib=1 dir=0 label=1 lowerbound=1 fileNameGp=../graphsdb/mcs50/rand/r02/mcs50_r02_s60.A28 fileNameGt=../graphsdb/mcs50/rand/r02/mcs50_r02_s60.B28
Reading graphs...
60 :  615
60 :  638
Initializing...
maxdom : 7
D->valSize : 251
Solving...
Blb : 2 (clique : 6)
currentSize : 6 <-- 0.001877 s
currentSize : 7 <-- 0.002450 s
currentSize : 8 <-- 0.003067 s
currentSize : 11 <-- 0.003460 s
currentSize : 12 <-- 0.005233 s
currentSize : 18 <-- 0.005415 s
currentSize : 26 <-- 0.013300 s
currentSize : 27 <-- 0.013419 s

maxsize : 27
nodes : 4644.000000
filtered : 60216.000000
time : 0.023490
