Parameters: GAD=1 vflib=1 dir=0 label=1 lowerbound=1 fileNameGp=../graphsdb/mcs50/bvg/b09/mcs50_b09_s70.A68 fileNameGt=../graphsdb/mcs50/bvg/b09/mcs50_b09_s70.B68
Reading graphs...
70 :  312
70 :  309
Initializing...
maxdom : 7
D->valSize : 316
Solving...
Blb : 3 (clique : 29)
currentSize : 29 <-- 0.002714 s
currentSize : 31 <-- 2.053761 s
currentSize : 32 <-- 2.053800 s
currentSize : 33 <-- 7.290504 s
currentSize : 34 <-- 7.290554 s

maxsize : 34
nodes : 3554266.000000
filtered : 17341495.000000
time : 15.044817
