Parameters: GAD=1 vflib=1 dir=0 label=1 lowerbound=1 fileNameGp=../graphsdb/mcs50/m2D/m2D/mcs50_m2D_s80.A83 fileNameGt=../graphsdb/mcs50/m2D/m2D/mcs50_m2D_s80.B83
Reading graphs...
80 :  142
80 :  142
Initializing...
maxdom : 9
D->valSize : 429
Solving...
Blb : 2 (clique : 30)
currentSize : 30 <-- 0.004520 s
currentSize : 31 <-- 0.004751 s
currentSize : 32 <-- 0.004861 s
currentSize : 34 <-- 0.005414 s
currentSize : 35 <-- 0.099441 s
currentSize : 36 <-- 0.253740 s

TIMEOUT
maxsize : 36
nodes : 712926330.000000
filtered : 5929138300.000000
time : 3600.000000
