Parameters: GAD=1 vflib=1 dir=0 label=1 lowerbound=1 fileNameGp=../graphsdb/mcs50/m4D/m4D/mcs50_m4D_s35.A25 fileNameGt=../graphsdb/mcs50/m4D/m4D/mcs50_m4D_s35.B25
Reading graphs...
35 :  62
35 :  63
Initializing...
maxdom : 8
D->valSize : 188
Solving...
Blb : 3 (clique : 15)
currentSize : 15 <-- 0.001047 s
currentSize : 16 <-- 0.138253 s
currentSize : 17 <-- 0.339501 s
currentSize : 18 <-- 0.364855 s
currentSize : 19 <-- 0.364880 s

maxsize : 19
nodes : 256175.000000
filtered : 2091858.000000
time : 0.790435
