Parameters: GAD=1 vflib=1 dir=0 label=1 lowerbound=1 fileNameGp=../graphsdb/mcs50/bvg/b09m/mcs50_b09m_s60.A72 fileNameGt=../graphsdb/mcs50/bvg/b09m/mcs50_b09m_s60.B72
Reading graphs...
60 :  257
60 :  261
Initializing...
maxdom : 6
D->valSize : 253
Solving...
Blb : 2 (clique : 15)
currentSize : 15 <-- 0.002727 s
currentSize : 16 <-- 0.011101 s
currentSize : 17 <-- 0.017430 s
currentSize : 18 <-- 0.039515 s
currentSize : 19 <-- 0.039559 s
currentSize : 20 <-- 0.044359 s
currentSize : 21 <-- 0.045382 s
currentSize : 22 <-- 0.102110 s
currentSize : 23 <-- 0.102292 s
currentSize : 24 <-- 0.123291 s
currentSize : 25 <-- 0.127678 s
currentSize : 26 <-- 0.172052 s
currentSize : 27 <-- 0.860033 s
currentSize : 28 <-- 0.985262 s

maxsize : 28
nodes : 416390.000000
filtered : 1928147.000000
time : 1.900307
