Parameters: GAD=1 vflib=1 dir=0 label=1 lowerbound=1 fileNameGp=../graphsdb/mcs50/m2D/m2D/mcs50_m2D_s100.A27 fileNameGt=../graphsdb/mcs50/m2D/m2D/mcs50_m2D_s100.B27
Reading graphs...
100 :  180
100 :  180
Initializing...
maxdom : 7
D->valSize : 367
Solving...
Blb : 2 (clique : 43)
currentSize : 43 <-- 0.003993 s
currentSize : 44 <-- 0.004364 s
currentSize : 45 <-- 0.015388 s
currentSize : 46 <-- 0.015826 s
currentSize : 47 <-- 0.029721 s
currentSize : 49 <-- 0.048177 s

TIMEOUT
maxsize : 49
nodes : 651789751.000000
filtered : 2967339035.000000
time : 3600.000000
