Parameters: GAD=1 vflib=1 dir=0 label=1 lowerbound=1 fileNameGp=../graphsdb/mcs50/bvg/b06m/mcs50_b06m_s60.A18 fileNameGt=../graphsdb/mcs50/bvg/b06m/mcs50_b06m_s60.B18
Reading graphs...
60 :  178
60 :  176
Initializing...
maxdom : 7
D->valSize : 243
Solving...
Blb : 2 (clique : 17)
currentSize : 17 <-- 0.001832 s
currentSize : 18 <-- 0.011904 s
currentSize : 19 <-- 0.015944 s
currentSize : 20 <-- 0.078856 s
currentSize : 21 <-- 0.235607 s
currentSize : 22 <-- 0.235772 s
currentSize : 23 <-- 2.622142 s
currentSize : 24 <-- 2.636239 s
currentSize : 25 <-- 2.651087 s
currentSize : 26 <-- 3.956552 s
currentSize : 27 <-- 4.479636 s
currentSize : 28 <-- 4.481433 s

maxsize : 28
nodes : 4856493.000000
filtered : 32715307.000000
time : 19.806711
