Parameters: GAD=1 vflib=1 dir=0 label=1 lowerbound=1 fileNameGp=../graphsdb/mcs50/rand/r02/mcs50_r02_s100.A09 fileNameGt=../graphsdb/mcs50/rand/r02/mcs50_r02_s100.B09
Reading graphs...
100 :  1768
100 :  1758
Initializing...
maxdom : 6
D->valSize : 350
Solving...
Blb : 2 (clique : 8)
currentSize : 8 <-- 0.005103 s
currentSize : 10 <-- 0.006176 s
currentSize : 19 <-- 0.010198 s
currentSize : 21 <-- 0.013643 s
currentSize : 34 <-- 0.026507 s
currentSize : 36 <-- 0.204098 s

maxsize : 36
nodes : 1782969.000000
filtered : 1170466.000000
time : 6.804113
