Parameters: GAD=1 vflib=1 dir=0 label=1 lowerbound=1 fileNameGp=../graphsdb/mcs50/bvg/b06m/mcs50_b06m_s35.A08 fileNameGt=../graphsdb/mcs50/bvg/b06m/mcs50_b06m_s35.B08
Reading graphs...
35 :  103
35 :  101
Initializing...
maxdom : 9
D->valSize : 165
Solving...
Blb : 2 (clique : 9)
currentSize : 9 <-- 0.001339 s
currentSize : 10 <-- 0.001423 s
currentSize : 11 <-- 0.001992 s
currentSize : 12 <-- 0.002029 s
currentSize : 13 <-- 0.015044 s
currentSize : 14 <-- 0.015068 s
currentSize : 15 <-- 0.024353 s
currentSize : 16 <-- 0.033094 s
currentSize : 17 <-- 0.035553 s
currentSize : 18 <-- 0.041892 s

maxsize : 18
nodes : 15628.000000
filtered : 108435.000000
time : 0.069776
