Parameters: GAD=1 vflib=1 dir=0 label=1 lowerbound=1 fileNameGp=../graphsdb/mcs50/m2D/m2D/mcs50_m2D_s100.A33 fileNameGt=../graphsdb/mcs50/m2D/m2D/mcs50_m2D_s100.B33
Reading graphs...
100 :  180
100 :  179
Initializing...
maxdom : 7
D->valSize : 367
Solving...
Blb : 2 (clique : 33)
currentSize : 33 <-- 0.003974 s
currentSize : 35 <-- 0.004226 s
currentSize : 36 <-- 0.007302 s
currentSize : 37 <-- 0.030397 s
currentSize : 38 <-- 0.047289 s
currentSize : 39 <-- 2.785406 s
currentSize : 40 <-- 2.800764 s
currentSize : 41 <-- 6.227688 s
currentSize : 42 <-- 6.227789 s
currentSize : 43 <-- 15.245672 s
currentSize : 44 <-- 16.479153 s
currentSize : 45 <-- 16.497183 s
currentSize : 46 <-- 63.362843 s

TIMEOUT
maxsize : 46
nodes : 609314376.000000
filtered : 4108597194.000000
time : 3600.000000
