Parameters: GAD=1 vflib=1 dir=0 label=1 lowerbound=1 fileNameGp=../graphsdb/mcs50/m2D/m2Dr4/mcs50_m2Dr4_s60.A06 fileNameGt=../graphsdb/mcs50/m2D/m2Dr4/mcs50_m2Dr4_s60.B06
Reading graphs...
60 :  127
60 :  126
Initializing...
maxdom : 7
D->valSize : 230
Solving...
Blb : 2 (clique : 24)
currentSize : 24 <-- 0.001808 s
currentSize : 25 <-- 0.002072 s
currentSize : 26 <-- 0.024731 s
currentSize : 27 <-- 0.412167 s
currentSize : 28 <-- 6.083547 s

maxsize : 28
nodes : 14731940.000000
filtered : 83450777.000000
time : 61.510849
