Parameters: GAD=1 vflib=1 dir=0 label=1 lowerbound=1 fileNameGp=../graphsdb/mcs50/m2D/m2Dr6/mcs50_m2Dr6_s80.A77 fileNameGt=../graphsdb/mcs50/m2D/m2Dr6/mcs50_m2Dr6_s80.B77
Reading graphs...
80 :  190
80 :  188
Initializing...
maxdom : 11
D->valSize : 461
Solving...
Blb : 3 (clique : 25)
currentSize : 25 <-- 0.004878 s
currentSize : 26 <-- 0.005447 s
currentSize : 27 <-- 0.134266 s
currentSize : 28 <-- 1.886432 s
currentSize : 29 <-- 22.244251 s
currentSize : 30 <-- 57.596985 s
currentSize : 31 <-- 61.645515 s
currentSize : 32 <-- 268.943207 s
currentSize : 33 <-- 1603.629517 s
currentSize : 34 <-- 2298.257080 s

TIMEOUT
maxsize : 34
nodes : 681329571.000000
filtered : 8217683857.000000
time : 3600.000000
