Parameters: GAD=1 vflib=1 dir=0 label=1 lowerbound=1 fileNameGp=../graphsdb/mcs50/bvg/b06m/mcs50_b06m_s70.A02 fileNameGt=../graphsdb/mcs50/bvg/b06m/mcs50_b06m_s70.B02
Reading graphs...
70 :  206
70 :  204
Initializing...
maxdom : 7
D->valSize : 322
Solving...
Blb : 3 (clique : 29)
currentSize : 29 <-- 0.004461 s
currentSize : 31 <-- 3.387167 s
currentSize : 32 <-- 3.392441 s
currentSize : 34 <-- 12.358828 s
currentSize : 35 <-- 12.376529 s
currentSize : 36 <-- 12.385223 s

maxsize : 36
nodes : 4881574.000000
filtered : 40483881.000000
time : 24.833948
