Parameters: GAD=1 vflib=1 dir=0 label=1 lowerbound=1 fileNameGp=../graphsdb/mcs50/m2D/m2D/mcs50_m2D_s60.A92 fileNameGt=../graphsdb/mcs50/m2D/m2D/mcs50_m2D_s60.B92
Reading graphs...
60 :  103
60 :  104
Initializing...
maxdom : 8
D->valSize : 247
Solving...
Blb : 2 (clique : 21)
currentSize : 21 <-- 0.002896 s
currentSize : 22 <-- 0.010221 s
currentSize : 23 <-- 0.509163 s
currentSize : 24 <-- 2.016224 s
currentSize : 25 <-- 2.958005 s
currentSize : 26 <-- 23.455488 s
currentSize : 27 <-- 23.457104 s
currentSize : 28 <-- 75.918106 s
currentSize : 29 <-- 75.974243 s
currentSize : 30 <-- 76.862556 s

maxsize : 30
nodes : 20605521.000000
filtered : 135469424.000000
time : 83.332657
