Parameters: GAD=1 vflib=1 dir=0 label=1 lowerbound=1 fileNameGp=../graphsdb/mcs50/bvg/b03m/mcs50_b03m_s100.A66 fileNameGt=../graphsdb/mcs50/bvg/b03m/mcs50_b03m_s100.B66
Reading graphs...
100 :  150
100 :  150
Initializing...
maxdom : 6
D->valSize : 340
Solving...
Blb : 2 (clique : 40)
currentSize : 40 <-- 0.003688 s
currentSize : 41 <-- 0.008324 s
currentSize : 42 <-- 0.013826 s
currentSize : 43 <-- 0.013879 s
currentSize : 44 <-- 0.076313 s
currentSize : 47 <-- 2.633622 s
currentSize : 48 <-- 4.851190 s

TIMEOUT
maxsize : 48
nodes : 667283388.000000
filtered : 3423281753.000000
time : 3600.000000
