Parameters: GAD=1 vflib=1 dir=0 label=1 lowerbound=1 fileNameGp=../graphsdb/mcs50/rand/r02/mcs50_r02_s40.A96 fileNameGt=../graphsdb/mcs50/rand/r02/mcs50_r02_s40.B96
Reading graphs...
40 :  281
40 :  275
Initializing...
maxdom : 8
D->valSize : 212
Solving...
Blb : 2 (clique : 6)
currentSize : 6 <-- 0.001256 s
currentSize : 7 <-- 0.001538 s
currentSize : 8 <-- 0.001657 s
currentSize : 9 <-- 0.003330 s
currentSize : 17 <-- 0.004865 s

maxsize : 17
nodes : 2534.000000
filtered : 42964.000000
time : 0.011480
