Parameters: GAD=1 vflib=1 dir=0 label=1 lowerbound=1 fileNameGp=../graphsdb/mcs50/m2D/m2Dr2/mcs50_m2Dr2_s40.A84 fileNameGt=../graphsdb/mcs50/m2D/m2Dr2/mcs50_m2Dr2_s40.B84
Reading graphs...
40 :  74
40 :  72
Initializing...
maxdom : 8
D->valSize : 224
Solving...
Blb : 3 (clique : 15)
currentSize : 15 <-- 0.002112 s
currentSize : 16 <-- 0.002259 s
currentSize : 17 <-- 0.013239 s
currentSize : 18 <-- 1.067699 s
currentSize : 19 <-- 1.641419 s
currentSize : 20 <-- 2.968422 s

maxsize : 20
nodes : 1321368.000000
filtered : 14612979.000000
time : 4.691967
