Parameters: GAD=1 vflib=1 dir=0 label=1 lowerbound=1 fileNameGp=../graphsdb/mcs50/rand/r01/mcs50_r01_s100.A24 fileNameGt=../graphsdb/mcs50/rand/r01/mcs50_r01_s100.B24
Reading graphs...
100 :  935
100 :  930
Initializing...
maxdom : 7
D->valSize : 363
Solving...
Blb : 2 (clique : 13)
currentSize : 13 <-- 0.003519 s
currentSize : 16 <-- 0.003885 s
currentSize : 17 <-- 0.004447 s
currentSize : 18 <-- 0.004589 s
currentSize : 21 <-- 0.006285 s
currentSize : 25 <-- 0.008815 s
currentSize : 26 <-- 0.008912 s
currentSize : 27 <-- 0.009560 s
currentSize : 30 <-- 0.103833 s
currentSize : 31 <-- 0.103954 s
currentSize : 32 <-- 0.104425 s
currentSize : 33 <-- 0.104962 s
currentSize : 35 <-- 0.564255 s
currentSize : 36 <-- 0.754442 s
currentSize : 45 <-- 0.754633 s
currentSize : 46 <-- 0.759533 s

maxsize : 46
nodes : 267185.000000
filtered : 2093029.000000
time : 1.585444
