Parameters: GAD=1 vflib=1 dir=0 label=1 lowerbound=1 fileNameGp=../graphsdb/mcs50/rand/r02/mcs50_r02_s50.A89 fileNameGt=../graphsdb/mcs50/rand/r02/mcs50_r02_s50.B89
Reading graphs...
50 :  452
50 :  438
Initializing...
maxdom : 10
D->valSize : 339
Solving...
Blb : 2 (clique : 7)
currentSize : 7 <-- 0.002495 s
currentSize : 8 <-- 0.002784 s
currentSize : 9 <-- 0.003114 s
currentSize : 10 <-- 0.005388 s
currentSize : 11 <-- 0.005445 s
currentSize : 14 <-- 0.011404 s
currentSize : 15 <-- 0.014449 s
currentSize : 24 <-- 0.014529 s

maxsize : 24
nodes : 5172.000000
filtered : 109939.000000
time : 0.028210
