Parameters: GAD=1 vflib=1 dir=0 label=1 lowerbound=1 fileNameGp=../graphsdb/mcs50/m2D/m2Dr4/mcs50_m2Dr4_s60.A95 fileNameGt=../graphsdb/mcs50/m2D/m2Dr4/mcs50_m2Dr4_s60.B95
Reading graphs...
60 :  128
60 :  127
Initializing...
maxdom : 8
D->valSize : 247
Solving...
Blb : 3 (clique : 21)
currentSize : 21 <-- 0.001783 s
currentSize : 22 <-- 0.002527 s
currentSize : 23 <-- 0.004492 s
currentSize : 24 <-- 0.005024 s
currentSize : 25 <-- 0.016261 s
currentSize : 26 <-- 0.016339 s
currentSize : 27 <-- 0.060819 s
currentSize : 28 <-- 17.766012 s
currentSize : 29 <-- 17.766211 s

maxsize : 29
nodes : 8066806.000000
filtered : 50933887.000000
time : 33.081429
