Parameters: GAD=1 vflib=1 dir=0 label=1 lowerbound=1 fileNameGp=../graphsdb/mcs50/m2D/m2D/mcs50_m2D_s70.A04 fileNameGt=../graphsdb/mcs50/m2D/m2D/mcs50_m2D_s70.B04
Reading graphs...
70 :  121
70 :  123
Initializing...
maxdom : 7
D->valSize : 324
Solving...
Blb : 2 (clique : 29)
currentSize : 29 <-- 0.002779 s
currentSize : 30 <-- 0.002980 s
currentSize : 31 <-- 0.084020 s
currentSize : 32 <-- 1.625402 s
currentSize : 33 <-- 1.676703 s
currentSize : 34 <-- 1.747353 s
currentSize : 35 <-- 12.572957 s
currentSize : 36 <-- 13.456955 s
currentSize : 37 <-- 42.142288 s
currentSize : 39 <-- 200.009796 s

maxsize : 39
nodes : 239691382.000000
filtered : 1625713575.000000
time : 1150.953003
