Parameters: GAD=1 vflib=1 dir=0 label=1 lowerbound=1 fileNameGp=../graphsdb/mcs50/bvg/b09m/mcs50_b09m_s40.A42 fileNameGt=../graphsdb/mcs50/bvg/b09m/mcs50_b09m_s40.B42
Reading graphs...
40 :  170
40 :  171
Initializing...
maxdom : 12
D->valSize : 229
Solving...
Blb : 3 (clique : 10)
currentSize : 10 <-- 0.001286 s
currentSize : 11 <-- 0.006979 s
currentSize : 15 <-- 0.076336 s
currentSize : 17 <-- 0.076524 s
currentSize : 18 <-- 0.076548 s

maxsize : 18
nodes : 31033.000000
filtered : 300229.000000
time : 0.101560
