Parameters: GAD=1 vflib=1 dir=0 label=1 lowerbound=1 fileNameGp=../graphsdb/mcs50/bvg/b09/mcs50_b09_s70.A95 fileNameGt=../graphsdb/mcs50/bvg/b09/mcs50_b09_s70.B95
Reading graphs...
70 :  311
70 :  312
Initializing...
maxdom : 7
D->valSize : 334
Solving...
Blb : 2 (clique : 18)
currentSize : 18 <-- 0.004323 s
currentSize : 19 <-- 0.005060 s
currentSize : 21 <-- 0.005187 s
currentSize : 22 <-- 0.150396 s
currentSize : 23 <-- 0.152957 s
currentSize : 24 <-- 0.153031 s
currentSize : 25 <-- 0.153237 s
currentSize : 26 <-- 0.452572 s
currentSize : 27 <-- 0.452752 s
currentSize : 28 <-- 0.922954 s
currentSize : 29 <-- 0.923173 s
currentSize : 30 <-- 1.873802 s
currentSize : 31 <-- 6.854893 s
currentSize : 33 <-- 6.865535 s
currentSize : 34 <-- 12.668730 s

maxsize : 34
nodes : 4823789.000000
filtered : 28471009.000000
time : 21.766064
