Parameters: GAD=1 vflib=1 dir=0 label=1 lowerbound=1 fileNameGp=../graphsdb/mcs50/rand/r005/mcs50_r005_s60.A80 fileNameGt=../graphsdb/mcs50/rand/r005/mcs50_r005_s60.B80
Reading graphs...
60 :  174
60 :  171
Initializing...
maxdom : 6
D->valSize : 249
Solving...
Blb : 3 (clique : 17)
currentSize : 17 <-- 0.002838 s
currentSize : 18 <-- 0.005074 s
currentSize : 19 <-- 0.005705 s
currentSize : 20 <-- 0.013532 s
currentSize : 21 <-- 0.017915 s
currentSize : 22 <-- 0.048701 s
currentSize : 23 <-- 0.048765 s
currentSize : 24 <-- 4.168414 s
currentSize : 25 <-- 4.168522 s
currentSize : 26 <-- 5.657385 s
currentSize : 28 <-- 7.228303 s
currentSize : 29 <-- 7.228390 s
currentSize : 30 <-- 7.228464 s

maxsize : 30
nodes : 1923011.000000
filtered : 13889939.000000
time : 8.503251
