Parameters: GAD=1 vflib=1 dir=0 label=1 lowerbound=1 fileNameGp=../graphsdb/mcs50/m2D/m2D/mcs50_m2D_s50.A48 fileNameGt=../graphsdb/mcs50/m2D/m2D/mcs50_m2D_s50.B48
Reading graphs...
50 :  85
50 :  85
Initializing...
maxdom : 9
D->valSize : 314
Solving...
Blb : 2 (clique : 19)
currentSize : 19 <-- 0.002327 s
currentSize : 20 <-- 0.002812 s
currentSize : 21 <-- 0.159647 s
currentSize : 22 <-- 2.097950 s
currentSize : 23 <-- 92.215408 s
currentSize : 24 <-- 105.850113 s
currentSize : 26 <-- 319.242737 s
currentSize : 27 <-- 319.244446 s
currentSize : 28 <-- 319.244507 s

maxsize : 28
nodes : 102618003.000000
filtered : 927491428.000000
time : 385.889740
