Parameters: GAD=1 vflib=1 dir=0 label=1 lowerbound=1 fileNameGp=../graphsdb/mcs50/rand/r02/mcs50_r02_s40.A39 fileNameGt=../graphsdb/mcs50/rand/r02/mcs50_r02_s40.B39
Reading graphs...
40 :  272
40 :  271
Initializing...
maxdom : 8
D->valSize : 218
Solving...
Blb : 2 (clique : 7)
currentSize : 7 <-- 0.001218 s
currentSize : 8 <-- 0.001310 s
currentSize : 10 <-- 0.001373 s
currentSize : 11 <-- 0.001421 s
currentSize : 18 <-- 0.001511 s

maxsize : 18
nodes : 2066.000000
filtered : 41775.000000
time : 0.010515
