Parameters: GAD=1 vflib=1 dir=0 label=1 lowerbound=1 fileNameGp=../graphsdb/mcs50/bvg/b06m/mcs50_b06m_s70.A83 fileNameGt=../graphsdb/mcs50/bvg/b06m/mcs50_b06m_s70.B83
Reading graphs...
70 :  208
70 :  206
Initializing...
maxdom : 9
D->valSize : 331
Solving...
Blb : 2 (clique : 24)
currentSize : 24 <-- 0.002950 s
currentSize : 26 <-- 0.003149 s
currentSize : 28 <-- 0.003304 s
currentSize : 29 <-- 0.004495 s
currentSize : 31 <-- 0.004586 s
currentSize : 32 <-- 0.180182 s
currentSize : 33 <-- 2.719982 s
currentSize : 34 <-- 10.810807 s
currentSize : 35 <-- 19.003092 s

maxsize : 35
nodes : 6566632.000000
filtered : 48202209.000000
time : 29.995142
