Parameters: GAD=1 vflib=1 dir=0 label=1 lowerbound=1 fileNameGp=../graphsdb/mcs50/bvg/b06/mcs50_b06_s100.A22 fileNameGt=../graphsdb/mcs50/bvg/b06/mcs50_b06_s100.B22
Reading graphs...
100 :  299
100 :  299
Initializing...
maxdom : 6
D->valSize : 372
Solving...
Blb : 2 (clique : 35)
currentSize : 35 <-- 0.003918 s
currentSize : 36 <-- 0.240350 s
currentSize : 37 <-- 0.242665 s
currentSize : 38 <-- 132.489258 s
currentSize : 39 <-- 132.490692 s
currentSize : 40 <-- 132.491562 s
currentSize : 41 <-- 133.005646 s
currentSize : 43 <-- 448.492157 s
currentSize : 44 <-- 448.522034 s
currentSize : 45 <-- 448.524017 s
currentSize : 46 <-- 2618.874512 s
currentSize : 49 <-- 2631.788086 s
currentSize : 51 <-- 2631.788574 s

TIMEOUT
maxsize : 51
nodes : 678805139.000000
filtered : 3652658292.000000
time : 3600.000000
