Parameters: GAD=1 vflib=1 dir=0 label=1 lowerbound=1 fileNameGp=../graphsdb/mcs50/m3D/m3Dr4/mcs50_m3Dr4_s50.A36 fileNameGt=../graphsdb/mcs50/m3D/m3Dr4/mcs50_m3Dr4_s50.B36
Reading graphs...
50 :  125
50 :  125
Initializing...
maxdom : 12
D->valSize : 361
Solving...
Blb : 5 (clique : 16)
currentSize : 16 <-- 0.002780 s
currentSize : 17 <-- 0.002950 s
currentSize : 18 <-- 0.036464 s
currentSize : 19 <-- 1.380606 s
currentSize : 20 <-- 1.406818 s
currentSize : 25 <-- 11.100428 s
currentSize : 26 <-- 11.100979 s

maxsize : 26
nodes : 4247608.000000
filtered : 41049497.000000
time : 15.102281
