Parameters: GAD=1 vflib=1 dir=0 label=1 lowerbound=1 fileNameGp=../graphsdb/mcs50/m2D/m2Dr6/mcs50_m2Dr6_s40.A78 fileNameGt=../graphsdb/mcs50/m2D/m2Dr6/mcs50_m2Dr6_s40.B78
Reading graphs...
40 :  88
40 :  86
Initializing...
maxdom : 7
D->valSize : 207
Solving...
Blb : 2 (clique : 13)
currentSize : 13 <-- 0.001247 s
currentSize : 14 <-- 0.001472 s
currentSize : 15 <-- 0.009203 s
currentSize : 16 <-- 0.122926 s
currentSize : 17 <-- 1.260417 s
currentSize : 18 <-- 1.260439 s

maxsize : 18
nodes : 669460.000000
filtered : 6286908.000000
time : 2.193885
