Parameters: GAD=1 vflib=1 dir=0 label=1 lowerbound=1 fileNameGp=../graphsdb/mcs50/m3D/m3Dr6/mcs50_m3Dr6_s60.A62 fileNameGt=../graphsdb/mcs50/m3D/m3Dr6/mcs50_m3Dr6_s60.B62
Reading graphs...
60 :  167
60 :  164
Initializing...
maxdom : 7
D->valSize : 253
Solving...
Blb : 3 (clique : 18)
currentSize : 18 <-- 0.002855 s
currentSize : 19 <-- 0.007574 s
currentSize : 20 <-- 0.189849 s
currentSize : 21 <-- 0.724846 s
currentSize : 22 <-- 0.750543 s
currentSize : 23 <-- 1.437603 s
currentSize : 24 <-- 2.341630 s
currentSize : 25 <-- 2.348472 s
currentSize : 26 <-- 13.835044 s

maxsize : 26
nodes : 11280058.000000
filtered : 72748324.000000
time : 45.241608
