Parameters: GAD=1 vflib=1 dir=0 label=1 lowerbound=1 fileNameGp=../graphsdb/mcs50/rand/r02/mcs50_r02_s90.A45 fileNameGt=../graphsdb/mcs50/rand/r02/mcs50_r02_s90.B45
Reading graphs...
90 :  1414
90 :  1448
Initializing...
maxdom : 9
D->valSize : 547
Solving...
Blb : 5 (clique : 9)
currentSize : 9 <-- 0.006071 s
currentSize : 10 <-- 0.006705 s
currentSize : 11 <-- 0.009095 s
currentSize : 12 <-- 0.041829 s
currentSize : 15 <-- 0.041883 s
currentSize : 17 <-- 0.149912 s
currentSize : 19 <-- 0.150032 s
currentSize : 20 <-- 0.194831 s
currentSize : 24 <-- 0.294661 s
currentSize : 33 <-- 0.295013 s
currentSize : 34 <-- 0.295107 s
currentSize : 35 <-- 0.375922 s

maxsize : 35
nodes : 236239.000000
filtered : 1885376.000000
time : 1.190411
