Parameters: GAD=1 vflib=1 dir=0 label=1 lowerbound=1 fileNameGp=../graphsdb/mcs50/rand/r01/mcs50_r01_s100.A20 fileNameGt=../graphsdb/mcs50/rand/r01/mcs50_r01_s100.B20
Reading graphs...
100 :  943
100 :  938
Initializing...
maxdom : 7
D->valSize : 332
Solving...
Blb : 2 (clique : 11)
currentSize : 11 <-- 0.003201 s
currentSize : 12 <-- 0.003321 s
currentSize : 13 <-- 0.004686 s
currentSize : 14 <-- 0.008958 s
currentSize : 16 <-- 0.012351 s
currentSize : 17 <-- 0.059689 s
currentSize : 18 <-- 0.060286 s
currentSize : 19 <-- 0.107889 s
currentSize : 22 <-- 0.108771 s
currentSize : 23 <-- 0.108849 s
currentSize : 24 <-- 0.120019 s
currentSize : 25 <-- 0.179869 s
currentSize : 27 <-- 0.220988 s
currentSize : 31 <-- 0.256087 s
currentSize : 33 <-- 0.358476 s
currentSize : 37 <-- 0.359092 s
currentSize : 44 <-- 0.359303 s
currentSize : 45 <-- 0.361765 s

maxsize : 45
nodes : 273574.000000
filtered : 2383788.000000
time : 1.769328
