Parameters: GAD=1 vflib=1 dir=0 label=1 lowerbound=1 fileNameGp=../graphsdb/mcs50/m4D/m4Dr4/mcs50_m4Dr4_s30.A64 fileNameGt=../graphsdb/mcs50/m4D/m4Dr4/mcs50_m4Dr4_s30.B64
Reading graphs...
30 :  66
30 :  65
Initializing...
maxdom : 9
D->valSize : 129
Solving...
Blb : 2 (clique : 11)
currentSize : 11 <-- 0.000700 s
currentSize : 12 <-- 0.001977 s
currentSize : 14 <-- 0.013538 s
currentSize : 15 <-- 0.013549 s
currentSize : 16 <-- 0.013579 s

maxsize : 16
nodes : 8797.000000
filtered : 48391.000000
time : 0.023568
