Parameters: GAD=1 vflib=1 dir=0 label=1 lowerbound=1 fileNameGp=../graphsdb/mcs50/bvg/b06m/mcs50_b06m_s80.A42 fileNameGt=../graphsdb/mcs50/bvg/b06m/mcs50_b06m_s80.B42
Reading graphs...
80 :  236
80 :  238
Initializing...
maxdom : 8
D->valSize : 441
Solving...
Blb : 3 (clique : 30)
currentSize : 30 <-- 0.004411 s
currentSize : 31 <-- 14.060697 s
currentSize : 32 <-- 62.637596 s
currentSize : 33 <-- 62.637730 s
currentSize : 34 <-- 143.541656 s
currentSize : 35 <-- 260.565735 s
currentSize : 36 <-- 1001.491516 s
currentSize : 37 <-- 3016.342773 s
currentSize : 38 <-- 3019.946533 s
currentSize : 39 <-- 3019.995361 s

TIMEOUT
maxsize : 39
nodes : 621185226.000000
filtered : 7168379288.000000
time : 3600.000000
