Parameters: GAD=1 vflib=1 dir=0 label=1 lowerbound=1 fileNameGp=../graphsdb/mcs50/bvg/b09/mcs50_b09_s70.A32 fileNameGt=../graphsdb/mcs50/bvg/b09/mcs50_b09_s70.B32
Reading graphs...
70 :  312
70 :  310
Initializing...
maxdom : 10
D->valSize : 351
Solving...
Blb : 5 (clique : 14)
currentSize : 14 <-- 0.004595 s
currentSize : 15 <-- 0.005736 s
currentSize : 16 <-- 0.020365 s
currentSize : 17 <-- 0.268321 s
currentSize : 18 <-- 0.584815 s
currentSize : 19 <-- 0.646280 s
currentSize : 20 <-- 0.646662 s
currentSize : 21 <-- 0.646979 s
currentSize : 22 <-- 0.788266 s
currentSize : 23 <-- 0.967888 s
currentSize : 24 <-- 1.043372 s
currentSize : 25 <-- 1.348892 s
currentSize : 26 <-- 1.607659 s
currentSize : 27 <-- 1.607781 s
currentSize : 29 <-- 3.697942 s
currentSize : 30 <-- 3.698006 s
currentSize : 33 <-- 4.876881 s
currentSize : 34 <-- 4.877058 s

maxsize : 34
nodes : 1187457.000000
filtered : 11702394.000000
time : 5.920122
