Parameters: GAD=1 vflib=1 dir=0 label=1 lowerbound=1 fileNameGp=../graphsdb/mcs50/rand/r005/mcs50_r005_s90.A00 fileNameGt=../graphsdb/mcs50/rand/r005/mcs50_r005_s90.B00
Reading graphs...
90 :  388
90 :  390
Initializing...
maxdom : 10
D->valSize : 582
Solving...
Blb : 2 (clique : 20)
currentSize : 20 <-- 0.006674 s
currentSize : 26 <-- 0.006861 s
currentSize : 27 <-- 0.213534 s
currentSize : 28 <-- 0.808221 s
currentSize : 30 <-- 2.265773 s
currentSize : 31 <-- 2.920252 s
currentSize : 32 <-- 3.220489 s
currentSize : 33 <-- 43.439934 s
currentSize : 35 <-- 249.563568 s
currentSize : 36 <-- 275.415466 s
currentSize : 37 <-- 275.415619 s
currentSize : 38 <-- 275.415741 s
currentSize : 41 <-- 290.616821 s
currentSize : 42 <-- 417.033813 s
currentSize : 45 <-- 417.033997 s

maxsize : 45
nodes : 83200136.000000
filtered : 1357007562.000000
time : 581.296753
