Parameters: GAD=1 vflib=1 dir=0 label=1 lowerbound=1 fileNameGp=../graphsdb/mcs50/m2D/m2Dr6/mcs50_m2Dr6_s50.A34 fileNameGt=../graphsdb/mcs50/m2D/m2Dr6/mcs50_m2Dr6_s50.B34
Reading graphs...
50 :  113
50 :  112
Initializing...
maxdom : 9
D->valSize : 339
Solving...
Blb : 2 (clique : 21)
currentSize : 21 <-- 0.002619 s
currentSize : 22 <-- 0.737927 s
currentSize : 23 <-- 3.807614 s
currentSize : 25 <-- 4.787848 s
currentSize : 26 <-- 4.789204 s
currentSize : 27 <-- 7.807354 s

maxsize : 27
nodes : 2979794.000000
filtered : 32446064.000000
time : 12.458209
