Parameters: GAD=1 vflib=1 dir=0 label=1 lowerbound=1 fileNameGp=../graphsdb/mcs50/m2D/m2Dr6/mcs50_m2Dr6_s60.A63 fileNameGt=../graphsdb/mcs50/m2D/m2Dr6/mcs50_m2Dr6_s60.B63
Reading graphs...
60 :  138
60 :  139
Initializing...
maxdom : 7
D->valSize : 267
Solving...
Blb : 2 (clique : 24)
currentSize : 24 <-- 0.002052 s
currentSize : 25 <-- 6.113997 s
currentSize : 26 <-- 6.114764 s
currentSize : 27 <-- 42.009895 s
currentSize : 28 <-- 62.352264 s

maxsize : 28
nodes : 20337219.000000
filtered : 145148146.000000
time : 85.985374
