Parameters: GAD=1 vflib=1 dir=0 label=1 lowerbound=1 fileNameGp=../graphsdb/mcs50/bvg/b09m/mcs50_b09m_s100.A29 fileNameGt=../graphsdb/mcs50/bvg/b09m/mcs50_b09m_s100.B29
Reading graphs...
100 :  442
100 :  444
Initializing...
maxdom : 7
D->valSize : 368
Solving...
Blb : 2 (clique : 29)
currentSize : 29 <-- 0.003909 s
currentSize : 30 <-- 0.004127 s
currentSize : 34 <-- 0.004195 s
currentSize : 35 <-- 0.004536 s
currentSize : 36 <-- 0.007456 s
currentSize : 40 <-- 0.011595 s
currentSize : 41 <-- 0.012122 s
currentSize : 43 <-- 0.037676 s
currentSize : 44 <-- 1.533837 s
currentSize : 45 <-- 78.960701 s
currentSize : 46 <-- 78.992554 s
currentSize : 47 <-- 79.000778 s
currentSize : 48 <-- 79.079361 s
currentSize : 49 <-- 80.552597 s

maxsize : 49
nodes : 128992740.000000
filtered : 521233893.000000
time : 665.776733
