Parameters: GAD=1 vflib=1 dir=0 label=1 lowerbound=1 fileNameGp=../graphsdb/mcs50/bvg/b06m/mcs50_b06m_s80.A80 fileNameGt=../graphsdb/mcs50/bvg/b06m/mcs50_b06m_s80.B80
Reading graphs...
80 :  235
80 :  234
Initializing...
maxdom : 11
D->valSize : 491
Solving...
Blb : 5 (clique : 34)
currentSize : 34 <-- 0.005403 s
currentSize : 35 <-- 0.007457 s
currentSize : 36 <-- 0.015211 s
currentSize : 37 <-- 0.047714 s
currentSize : 38 <-- 0.570394 s
currentSize : 39 <-- 0.579935 s
currentSize : 40 <-- 0.594540 s

TIMEOUT
maxsize : 40
nodes : 673221424.000000
filtered : 5498596193.000000
time : 3600.000000
