Parameters: GAD=1 vflib=1 dir=0 label=1 lowerbound=1 fileNameGp=../graphsdb/mcs50/m2D/m2D/mcs50_m2D_s100.A86 fileNameGt=../graphsdb/mcs50/m2D/m2D/mcs50_m2D_s100.B86
Reading graphs...
100 :  180
100 :  180
Initializing...
maxdom : 6
D->valSize : 367
Solving...
Blb : 2 (clique : 40)
currentSize : 40 <-- 0.004067 s
currentSize : 41 <-- 0.004638 s
currentSize : 43 <-- 0.014901 s
currentSize : 44 <-- 2.063259 s
currentSize : 45 <-- 309.592377 s
currentSize : 46 <-- 541.537537 s
currentSize : 47 <-- 561.864746 s

TIMEOUT
maxsize : 47
nodes : 640507112.000000
filtered : 2953747661.000000
time : 3600.000000
