Parameters: GAD=1 vflib=1 dir=0 label=1 lowerbound=1 fileNameGp=../graphsdb/mcs50/rand/r01/mcs50_r01_s60.A53 fileNameGt=../graphsdb/mcs50/rand/r01/mcs50_r01_s60.B53
Reading graphs...
60 :  327
60 :  329
Initializing...
maxdom : 7
D->valSize : 243
Solving...
Blb : 5 (clique : 14)
currentSize : 14 <-- 0.002619 s
currentSize : 15 <-- 0.020548 s
currentSize : 16 <-- 0.021195 s
currentSize : 17 <-- 0.023204 s
currentSize : 18 <-- 0.080466 s
currentSize : 20 <-- 0.137430 s
currentSize : 21 <-- 0.137995 s
currentSize : 27 <-- 0.175682 s

maxsize : 27
nodes : 46279.000000
filtered : 480039.000000
time : 0.342078
