Parameters: GAD=1 vflib=1 dir=0 label=1 lowerbound=1 fileNameGp=../graphsdb/mcs50/m2D/m2D/mcs50_m2D_s60.A48 fileNameGt=../graphsdb/mcs50/m2D/m2D/mcs50_m2D_s60.B48
Reading graphs...
60 :  103
60 :  103
Initializing...
maxdom : 6
D->valSize : 244
Solving...
Blb : 2 (clique : 23)
currentSize : 23 <-- 0.001859 s
currentSize : 24 <-- 0.002008 s
currentSize : 25 <-- 0.002826 s
currentSize : 26 <-- 0.002941 s
currentSize : 27 <-- 0.060696 s
currentSize : 28 <-- 2.460480 s
currentSize : 29 <-- 40.318279 s
currentSize : 30 <-- 165.901047 s

maxsize : 30
nodes : 58867309.000000
filtered : 464751564.000000
time : 244.218414
