Parameters: GAD=1 vflib=1 dir=0 label=1 lowerbound=1 fileNameGp=../graphsdb/mcs50/m2D/m2D/mcs50_m2D_s60.A09 fileNameGt=../graphsdb/mcs50/m2D/m2D/mcs50_m2D_s60.B09
Reading graphs...
60 :  104
60 :  103
Initializing...
maxdom : 6
D->valSize : 254
Solving...
Blb : 2 (clique : 25)
currentSize : 25 <-- 0.002107 s
currentSize : 26 <-- 0.201840 s
currentSize : 27 <-- 20.099003 s
currentSize : 28 <-- 21.092056 s
currentSize : 29 <-- 209.280334 s
currentSize : 30 <-- 260.167603 s
currentSize : 31 <-- 327.097473 s

maxsize : 31
nodes : 123881241.000000
filtered : 805198730.000000
time : 501.245148
