Parameters: GAD=1 vflib=1 dir=0 label=1 lowerbound=1 fileNameGp=../graphsdb/mcs50/bvg/b06/mcs50_b06_s20.A34 fileNameGt=../graphsdb/mcs50/bvg/b06/mcs50_b06_s20.B34
Reading graphs...
20 :  59
20 :  60
Initializing...
maxdom : 9
D->valSize : 122
Solving...
Blb : 2 (clique : 6)
currentSize : 6 <-- 0.000810 s
currentSize : 7 <-- 0.000866 s
currentSize : 8 <-- 0.001003 s
currentSize : 9 <-- 0.007660 s
currentSize : 10 <-- 0.008891 s

maxsize : 10
nodes : 2347.000000
filtered : 29341.000000
time : 0.010567
