Parameters: GAD=1 vflib=1 dir=0 label=1 lowerbound=1 fileNameGp=../graphsdb/mcs50/bvg/b09/mcs50_b09_s60.A01 fileNameGt=../graphsdb/mcs50/bvg/b09/mcs50_b09_s60.B01
Reading graphs...
60 :  266
60 :  267
Initializing...
maxdom : 7
D->valSize : 255
Solving...
Blb : 2 (clique : 24)
currentSize : 24 <-- 0.001989 s
currentSize : 25 <-- 0.194135 s
currentSize : 28 <-- 0.213254 s
currentSize : 29 <-- 0.213609 s
currentSize : 30 <-- 0.215704 s
currentSize : 31 <-- 0.215769 s

maxsize : 31
nodes : 208843.000000
filtered : 1127709.000000
time : 0.853434
