Parameters: GAD=1 vflib=1 dir=0 label=1 lowerbound=1 fileNameGp=../graphsdb/mcs50/m4D/m4Dr4/mcs50_m4Dr4_s40.A94 fileNameGt=../graphsdb/mcs50/m4D/m4Dr4/mcs50_m4Dr4_s40.B94
Reading graphs...
40 :  86
40 :  86
Initializing...
maxdom : 8
D->valSize : 207
Solving...
Blb : 3 (clique : 15)
currentSize : 15 <-- 0.001297 s
currentSize : 16 <-- 0.019957 s
currentSize : 17 <-- 0.021005 s
currentSize : 18 <-- 0.060458 s
currentSize : 20 <-- 0.063626 s
currentSize : 21 <-- 0.892979 s

maxsize : 21
nodes : 264888.000000
filtered : 2599212.000000
time : 1.029092
