Parameters: GAD=1 vflib=1 dir=0 label=1 lowerbound=1 fileNameGp=../graphsdb/mcs50/bvg/b09/mcs50_b09_s60.A06 fileNameGt=../graphsdb/mcs50/bvg/b09/mcs50_b09_s60.B06
Reading graphs...
60 :  268
60 :  267
Initializing...
maxdom : 8
D->valSize : 260
Solving...
Blb : 2 (clique : 13)
currentSize : 13 <-- 0.002796 s
currentSize : 14 <-- 0.013327 s
currentSize : 15 <-- 0.043895 s
currentSize : 17 <-- 0.045018 s
currentSize : 18 <-- 0.045214 s
currentSize : 19 <-- 0.097334 s
currentSize : 25 <-- 0.170443 s
currentSize : 26 <-- 0.170528 s
currentSize : 27 <-- 0.170967 s
currentSize : 29 <-- 0.171385 s
currentSize : 30 <-- 0.171436 s

maxsize : 30
nodes : 118752.000000
filtered : 597514.000000
time : 0.524597
