Parameters: GAD=1 vflib=1 dir=0 label=1 lowerbound=1 fileNameGp=../graphsdb/mcs50/rand/r02/mcs50_r02_s60.A44 fileNameGt=../graphsdb/mcs50/rand/r02/mcs50_r02_s60.B44
Reading graphs...
60 :  635
60 :  632
Initializing...
maxdom : 7
D->valSize : 223
Solving...
Blb : 3 (clique : 7)
currentSize : 7 <-- 0.001510 s
currentSize : 8 <-- 0.001761 s
currentSize : 14 <-- 0.001825 s
currentSize : 17 <-- 0.003256 s
currentSize : 18 <-- 0.006085 s
currentSize : 23 <-- 0.008321 s

maxsize : 23
nodes : 18765.000000
filtered : 70045.000000
time : 0.063250
