Parameters: GAD=1 vflib=1 dir=0 label=1 lowerbound=1 fileNameGp=../graphsdb/mcs50/rand/r02/mcs50_r02_s90.A76 fileNameGt=../graphsdb/mcs50/rand/r02/mcs50_r02_s90.B76
Reading graphs...
90 :  1420
90 :  1430
Initializing...
maxdom : 11
D->valSize : 551
Solving...
Blb : 5 (clique : 10)
currentSize : 10 <-- 0.005762 s
currentSize : 11 <-- 0.006206 s
currentSize : 15 <-- 0.007502 s
currentSize : 18 <-- 0.007580 s
currentSize : 19 <-- 0.008282 s
currentSize : 23 <-- 0.008396 s
currentSize : 25 <-- 0.073151 s
currentSize : 27 <-- 0.185730 s
currentSize : 33 <-- 0.186694 s
currentSize : 34 <-- 1.335888 s

maxsize : 34
nodes : 746196.000000
filtered : 1904343.000000
time : 2.971648
