Parameters: GAD=1 vflib=1 dir=0 label=1 lowerbound=1 fileNameGp=../graphsdb/mcs50/m2D/m2D/mcs50_m2D_s60.A98 fileNameGt=../graphsdb/mcs50/m2D/m2D/mcs50_m2D_s60.B98
Reading graphs...
60 :  104
60 :  104
Initializing...
maxdom : 7
D->valSize : 254
Solving...
Blb : 2 (clique : 25)
currentSize : 25 <-- 0.001977 s
currentSize : 26 <-- 0.003881 s
currentSize : 27 <-- 0.066581 s
currentSize : 28 <-- 0.301329 s
currentSize : 29 <-- 0.569158 s
currentSize : 30 <-- 14.292866 s
currentSize : 31 <-- 37.053616 s

maxsize : 31
nodes : 53938919.000000
filtered : 398925762.000000
time : 232.823578
