Parameters: GAD=1 vflib=1 dir=0 label=1 lowerbound=1 fileNameGp=../graphsdb/mcs50/m3D/m3Dr4/mcs50_m3Dr4_s50.A00 fileNameGt=../graphsdb/mcs50/m3D/m3Dr4/mcs50_m3Dr4_s50.B00
Reading graphs...
50 :  127
50 :  126
Initializing...
maxdom : 9
D->valSize : 313
Solving...
Blb : 3 (clique : 22)
currentSize : 22 <-- 0.002502 s
currentSize : 23 <-- 0.009162 s
currentSize : 25 <-- 0.024630 s
currentSize : 26 <-- 0.024687 s
currentSize : 27 <-- 0.051801 s

maxsize : 27
nodes : 395852.000000
filtered : 5632427.000000
time : 1.904503
