Parameters: GAD=1 vflib=1 dir=0 label=1 lowerbound=1 fileNameGp=../graphsdb/mcs50/rand/r005/mcs50_r005_s90.A94 fileNameGt=../graphsdb/mcs50/rand/r005/mcs50_r005_s90.B94
Reading graphs...
90 :  391
90 :  389
Initializing...
maxdom : 10
D->valSize : 564
Solving...
Blb : 2 (clique : 28)
currentSize : 28 <-- 0.006675 s
currentSize : 29 <-- 0.006967 s
currentSize : 30 <-- 0.007589 s
currentSize : 31 <-- 0.007656 s
currentSize : 32 <-- 0.008378 s
currentSize : 34 <-- 0.008441 s
currentSize : 35 <-- 0.008530 s
currentSize : 37 <-- 0.009568 s
currentSize : 39 <-- 0.009628 s
currentSize : 43 <-- 0.401476 s
currentSize : 45 <-- 0.401557 s

maxsize : 45
nodes : 13271301.000000
filtered : 213977970.000000
time : 96.603615
