Parameters: GAD=1 vflib=1 dir=0 label=1 lowerbound=1 fileNameGp=../graphsdb/mcs50/m2D/m2Dr2/mcs50_m2Dr2_s60.A39 fileNameGt=../graphsdb/mcs50/m2D/m2Dr2/mcs50_m2Dr2_s60.B39
Reading graphs...
60 :  115
60 :  113
Initializing...
maxdom : 6
D->valSize : 252
Solving...
Blb : 2 (clique : 22)
currentSize : 22 <-- 0.002978 s
currentSize : 23 <-- 0.007561 s
currentSize : 24 <-- 0.071090 s
currentSize : 26 <-- 2.208654 s
currentSize : 27 <-- 5.952210 s
currentSize : 28 <-- 12.040712 s
currentSize : 29 <-- 86.134644 s

maxsize : 29
nodes : 28612563.000000
filtered : 191528567.000000
time : 118.646599
