Parameters: GAD=1 vflib=1 dir=0 label=1 lowerbound=1 fileNameGp=../graphsdb/mcs50/m2D/m2D/mcs50_m2D_s90.A85 fileNameGt=../graphsdb/mcs50/m2D/m2D/mcs50_m2D_s90.B85
Reading graphs...
90 :  161
90 :  161
Initializing...
maxdom : 11
D->valSize : 544
Solving...
Blb : 2 (clique : 35)
currentSize : 35 <-- 0.006561 s
currentSize : 36 <-- 0.006917 s
currentSize : 37 <-- 0.024172 s
currentSize : 38 <-- 0.128633 s
currentSize : 39 <-- 1.303511 s
currentSize : 40 <-- 37.202160 s
currentSize : 41 <-- 1049.660278 s
currentSize : 42 <-- 1881.342041 s

TIMEOUT
maxsize : 42
nodes : 616605172.000000
filtered : 5213213896.000000
time : 3600.000000
