Parameters: GAD=1 vflib=1 dir=0 label=1 lowerbound=1 fileNameGp=../graphsdb/mcs50/rand/r02/mcs50_r02_s90.A21 fileNameGt=../graphsdb/mcs50/rand/r02/mcs50_r02_s90.B21
Reading graphs...
90 :  1414
90 :  1419
Initializing...
maxdom : 10
D->valSize : 573
Solving...
Blb : 2 (clique : 7)
currentSize : 7 <-- 0.006345 s
currentSize : 8 <-- 0.006490 s
currentSize : 9 <-- 0.006975 s
currentSize : 13 <-- 0.008793 s
currentSize : 14 <-- 0.011170 s
currentSize : 16 <-- 0.011482 s
currentSize : 19 <-- 0.012111 s
currentSize : 20 <-- 0.012168 s
currentSize : 21 <-- 0.012260 s
currentSize : 23 <-- 0.062705 s
currentSize : 24 <-- 0.070710 s
currentSize : 31 <-- 0.071710 s
currentSize : 32 <-- 0.071793 s
currentSize : 33 <-- 0.071964 s

maxsize : 33
nodes : 202548.000000
filtered : 1502665.000000
time : 0.996519
