Parameters: GAD=1 vflib=1 dir=0 label=1 lowerbound=1 fileNameGp=../graphsdb/mcs50/m2D/m2D/mcs50_m2D_s100.A35 fileNameGt=../graphsdb/mcs50/m2D/m2D/mcs50_m2D_s100.B35
Reading graphs...
100 :  179
100 :  180
Initializing...
maxdom : 8
D->valSize : 367
Solving...
Blb : 2 (clique : 37)
currentSize : 37 <-- 0.006600 s
currentSize : 38 <-- 0.016935 s
currentSize : 39 <-- 0.050480 s
currentSize : 40 <-- 0.052053 s
currentSize : 41 <-- 173.135635 s
currentSize : 42 <-- 173.141541 s
currentSize : 43 <-- 173.158386 s
currentSize : 44 <-- 573.779602 s
currentSize : 45 <-- 573.780029 s
currentSize : 46 <-- 573.786743 s
currentSize : 47 <-- 573.816833 s
currentSize : 48 <-- 1198.879883 s
currentSize : 49 <-- 1198.936523 s

TIMEOUT
maxsize : 49
nodes : 676204851.000000
filtered : 2504777432.000000
time : 3600.000000
