Parameters: GAD=1 vflib=1 dir=0 label=1 lowerbound=1 fileNameGp=../graphsdb/mcs50/bvg/b06m/mcs50_b06m_s60.A85 fileNameGt=../graphsdb/mcs50/bvg/b06m/mcs50_b06m_s60.B85
Reading graphs...
60 :  177
60 :  176
Initializing...
maxdom : 8
D->valSize : 247
Solving...
Blb : 3 (clique : 23)
currentSize : 23 <-- 0.001908 s
currentSize : 24 <-- 1.858003 s
currentSize : 25 <-- 1.890814 s
currentSize : 26 <-- 1.891169 s
currentSize : 27 <-- 3.884678 s
currentSize : 28 <-- 3.885156 s
currentSize : 29 <-- 6.033959 s
currentSize : 30 <-- 6.034763 s

maxsize : 30
nodes : 2595802.000000
filtered : 15043603.000000
time : 10.350048
