Parameters: GAD=1 vflib=1 dir=0 label=1 lowerbound=1 fileNameGp=../graphsdb/mcs50/bvg/b09/mcs50_b09_s50.A52 fileNameGt=../graphsdb/mcs50/bvg/b09/mcs50_b09_s50.B52
Reading graphs...
50 :  222
50 :  222
Initializing...
maxdom : 11
D->valSize : 327
Solving...
Blb : 2 (clique : 17)
currentSize : 17 <-- 0.002373 s
currentSize : 18 <-- 0.002594 s
currentSize : 19 <-- 0.003708 s
currentSize : 20 <-- 0.004326 s
currentSize : 21 <-- 0.013381 s
currentSize : 22 <-- 0.019565 s
currentSize : 23 <-- 0.019617 s
currentSize : 24 <-- 0.019642 s

maxsize : 24
nodes : 152429.000000
filtered : 1053330.000000
time : 0.562064
