Parameters: GAD=1 vflib=1 dir=0 label=1 lowerbound=1 fileNameGp=../graphsdb/mcs50/m2D/m2Dr6/mcs50_m2Dr6_s80.A64 fileNameGt=../graphsdb/mcs50/m2D/m2Dr6/mcs50_m2Dr6_s80.B64
Reading graphs...
80 :  186
80 :  184
Initializing...
maxdom : 8
D->valSize : 421
Solving...
Blb : 2 (clique : 33)
currentSize : 33 <-- 0.004621 s
currentSize : 34 <-- 0.004918 s
currentSize : 35 <-- 0.005186 s
currentSize : 36 <-- 0.037588 s
currentSize : 37 <-- 0.042212 s
currentSize : 38 <-- 297.002502 s
currentSize : 39 <-- 406.333466 s

TIMEOUT
maxsize : 39
nodes : 737372385.000000
filtered : 3809978658.000000
time : 3600.000000
