Parameters: GAD=1 vflib=1 dir=0 label=1 lowerbound=1 fileNameGp=../graphsdb/mcs50/m3D/m3Dr2/mcs50_m3Dr2_s60.A70 fileNameGt=../graphsdb/mcs50/m3D/m3Dr2/mcs50_m3Dr2_s60.B70
Reading graphs...
60 :  143
60 :  144
Initializing...
maxdom : 8
D->valSize : 245
Solving...
Blb : 2 (clique : 17)
currentSize : 17 <-- 0.002753 s
currentSize : 19 <-- 0.002923 s
currentSize : 20 <-- 0.021798 s
currentSize : 21 <-- 0.057369 s
currentSize : 22 <-- 0.072605 s
currentSize : 23 <-- 7.055301 s
currentSize : 24 <-- 14.902409 s
currentSize : 25 <-- 14.913989 s
currentSize : 26 <-- 23.660784 s
currentSize : 27 <-- 27.949392 s
currentSize : 28 <-- 43.459103 s

maxsize : 28
nodes : 11304852.000000
filtered : 72208606.000000
time : 46.614620
