Parameters: GAD=1 vflib=1 dir=0 label=1 lowerbound=1 fileNameGp=../graphsdb/mcs50/rand/r01/mcs50_r01_s90.A15 fileNameGt=../graphsdb/mcs50/rand/r01/mcs50_r01_s90.B15
Reading graphs...
90 :  766
90 :  766
Initializing...
maxdom : 10
D->valSize : 575
Solving...
Blb : 2 (clique : 13)
currentSize : 13 <-- 0.006279 s
currentSize : 14 <-- 0.007344 s
currentSize : 15 <-- 0.017851 s
currentSize : 16 <-- 0.118045 s
currentSize : 17 <-- 0.191074 s
currentSize : 18 <-- 0.192408 s
currentSize : 19 <-- 0.655535 s
currentSize : 21 <-- 1.461849 s
currentSize : 22 <-- 1.461896 s
currentSize : 23 <-- 2.257241 s
currentSize : 27 <-- 2.257507 s
currentSize : 31 <-- 3.505648 s
currentSize : 32 <-- 3.899364 s
currentSize : 36 <-- 4.503734 s
currentSize : 43 <-- 4.508211 s

maxsize : 43
nodes : 864046.000000
filtered : 11799412.000000
time : 5.428086
