Parameters: GAD=1 vflib=1 dir=0 label=1 lowerbound=1 fileNameGp=../graphsdb/mcs50/rand/r01/mcs50_r01_s90.A88 fileNameGt=../graphsdb/mcs50/rand/r01/mcs50_r01_s90.B88
Reading graphs...
90 :  749
90 :  756
Initializing...
maxdom : 10
D->valSize : 554
Solving...
Blb : 2 (clique : 13)
currentSize : 13 <-- 0.006139 s
currentSize : 14 <-- 0.006331 s
currentSize : 17 <-- 0.006763 s
currentSize : 19 <-- 0.012257 s
currentSize : 20 <-- 0.319876 s
currentSize : 21 <-- 0.344577 s
currentSize : 22 <-- 0.344703 s
currentSize : 23 <-- 0.344849 s
currentSize : 25 <-- 0.952970 s
currentSize : 26 <-- 1.125114 s
currentSize : 28 <-- 1.164434 s
currentSize : 30 <-- 1.283685 s
currentSize : 35 <-- 1.303887 s
currentSize : 37 <-- 1.744846 s
currentSize : 38 <-- 2.152575 s
currentSize : 43 <-- 2.450858 s

maxsize : 43
nodes : 677118.000000
filtered : 10893344.000000
time : 4.609640
