Parameters: GAD=1 vflib=1 dir=0 label=1 lowerbound=1 fileNameGp=../graphsdb/mcs50/rand/r01/mcs50_r01_s30.A62 fileNameGt=../graphsdb/mcs50/rand/r01/mcs50_r01_s30.B62
Reading graphs...
30 :  83
30 :  83
Initializing...
maxdom : 6
D->valSize : 124
Solving...
Blb : 2 (clique : 8)
currentSize : 8 <-- 0.000728 s
currentSize : 9 <-- 0.000772 s
currentSize : 10 <-- 0.002968 s
currentSize : 11 <-- 0.003738 s
currentSize : 12 <-- 0.005641 s
currentSize : 13 <-- 0.006982 s
currentSize : 14 <-- 0.018465 s
currentSize : 15 <-- 0.021757 s

maxsize : 15
nodes : 7797.000000
filtered : 58479.000000
time : 0.023171
