Parameters: GAD=1 vflib=1 dir=0 label=1 lowerbound=1 fileNameGp=../graphsdb/mcs50/bvg/b03m/mcs50_b03m_s30.A95 fileNameGt=../graphsdb/mcs50/bvg/b03m/mcs50_b03m_s30.B95
Reading graphs...
30 :  44
30 :  43
Initializing...
maxdom : 8
D->valSize : 140
Solving...
Blb : 2 (clique : 12)
currentSize : 12 <-- 0.000921 s
currentSize : 13 <-- 0.006971 s
currentSize : 14 <-- 0.105706 s
currentSize : 15 <-- 0.222333 s
currentSize : 16 <-- 0.300889 s
currentSize : 17 <-- 0.339751 s
currentSize : 18 <-- 0.356872 s

maxsize : 18
nodes : 149545.000000
filtered : 838680.000000
time : 0.359767
