Parameters: GAD=1 vflib=1 dir=0 label=1 lowerbound=1 fileNameGp=../graphsdb/mcs50/bvg/b09m/mcs50_b09m_s70.A33 fileNameGt=../graphsdb/mcs50/bvg/b09m/mcs50_b09m_s70.B33
Reading graphs...
70 :  308
70 :  308
Initializing...
maxdom : 8
D->valSize : 328
Solving...
Blb : 3 (clique : 28)
currentSize : 28 <-- 0.004308 s
currentSize : 29 <-- 0.691758 s
currentSize : 30 <-- 0.691929 s
currentSize : 31 <-- 0.743342 s
currentSize : 32 <-- 0.743566 s

maxsize : 32
nodes : 9455311.000000
filtered : 46875873.000000
time : 41.665726
