Parameters: GAD=1 vflib=1 dir=0 label=1 lowerbound=1 fileNameGp=../graphsdb/mcs50/bvg/b09m/mcs50_b09m_s60.A31 fileNameGt=../graphsdb/mcs50/bvg/b09m/mcs50_b09m_s60.B31
Reading graphs...
60 :  262
60 :  265
Initializing...
maxdom : 6
D->valSize : 241
Solving...
Blb : 2 (clique : 14)
currentSize : 14 <-- 0.001867 s
currentSize : 15 <-- 0.002035 s
currentSize : 16 <-- 0.002375 s
currentSize : 17 <-- 0.006472 s
currentSize : 19 <-- 0.010579 s
currentSize : 21 <-- 0.012976 s
currentSize : 22 <-- 0.013137 s
currentSize : 23 <-- 0.131146 s
currentSize : 25 <-- 0.132181 s
currentSize : 27 <-- 1.453066 s

maxsize : 27
nodes : 847263.000000
filtered : 3795619.000000
time : 3.238822
