Parameters: GAD=1 vflib=1 dir=0 label=1 lowerbound=1 fileNameGp=../graphsdb/mcs50/bvg/b03m/mcs50_b03m_s90.A09 fileNameGt=../graphsdb/mcs50/bvg/b03m/mcs50_b03m_s90.B09
Reading graphs...
90 :  135
90 :  135
Initializing...
maxdom : 8
D->valSize : 544
Solving...
Blb : 2 (clique : 46)
currentSize : 46 <-- 0.006594 s
currentSize : 48 <-- 0.006935 s
currentSize : 49 <-- 0.007191 s
currentSize : 50 <-- 0.244206 s
currentSize : 51 <-- 1.242211 s
currentSize : 52 <-- 5.920855 s
currentSize : 53 <-- 245.095901 s

TIMEOUT
maxsize : 53
nodes : 543833425.000000
filtered : 4855929646.000000
time : 3600.000000
