Parameters: GAD=1 vflib=1 dir=0 label=1 lowerbound=1 fileNameGp=../graphsdb/mcs50/bvg/b06/mcs50_b06_s40.A59 fileNameGt=../graphsdb/mcs50/bvg/b06/mcs50_b06_s40.B59
Reading graphs...
40 :  118
40 :  120
Initializing...
maxdom : 9
D->valSize : 221
Solving...
Blb : 2 (clique : 12)
currentSize : 12 <-- 0.001957 s
currentSize : 13 <-- 0.003592 s
currentSize : 14 <-- 0.004262 s
currentSize : 15 <-- 0.139201 s
currentSize : 17 <-- 0.153455 s
currentSize : 19 <-- 0.153481 s
currentSize : 20 <-- 0.279055 s

maxsize : 20
nodes : 96355.000000
filtered : 793892.000000
time : 0.347841
