Parameters: GAD=1 vflib=1 dir=0 label=1 lowerbound=1 fileNameGp=../graphsdb/mcs50/m2D/m2Dr4/mcs50_m2Dr4_s80.A49 fileNameGt=../graphsdb/mcs50/m2D/m2Dr4/mcs50_m2Dr4_s80.B49
Reading graphs...
80 :  174
80 :  173
Initializing...
maxdom : 9
D->valSize : 427
Solving...
Blb : 2 (clique : 28)
currentSize : 28 <-- 0.004356 s
currentSize : 29 <-- 32.147877 s
currentSize : 30 <-- 37.050980 s
currentSize : 31 <-- 52.180923 s
currentSize : 32 <-- 171.332657 s
currentSize : 33 <-- 180.525452 s
currentSize : 34 <-- 239.480087 s
currentSize : 35 <-- 1002.217896 s

TIMEOUT
maxsize : 35
nodes : 685984556.000000
filtered : 5889863782.000000
time : 3600.000000
