Parameters: GAD=1 vflib=1 dir=0 label=1 lowerbound=1 fileNameGp=../graphsdb/mcs50/m2D/m2Dr6/mcs50_m2Dr6_s100.A85 fileNameGt=../graphsdb/mcs50/m2D/m2Dr6/mcs50_m2Dr6_s100.B85
Reading graphs...
100 :  238
100 :  238
Initializing...
maxdom : 7
D->valSize : 357
Solving...
Blb : 2 (clique : 35)
currentSize : 35 <-- 0.003712 s
currentSize : 37 <-- 0.009239 s
currentSize : 38 <-- 0.104536 s
currentSize : 39 <-- 1.504899 s
currentSize : 40 <-- 1.521431 s
currentSize : 41 <-- 27.246277 s
currentSize : 42 <-- 814.230286 s

TIMEOUT
maxsize : 42
nodes : 727133289.000000
filtered : 2361251381.000000
time : 3600.000000
