Parameters: GAD=1 vflib=1 dir=0 label=1 lowerbound=1 fileNameGp=../graphsdb/mcs50/m2D/m2Dr2/mcs50_m2Dr2_s40.A65 fileNameGt=../graphsdb/mcs50/m2D/m2Dr2/mcs50_m2Dr2_s40.B65
Reading graphs...
40 :  74
40 :  74
Initializing...
maxdom : 9
D->valSize : 225
Solving...
Blb : 3 (clique : 14)
currentSize : 14 <-- 0.001371 s
currentSize : 15 <-- 0.020493 s
currentSize : 16 <-- 0.069996 s
currentSize : 17 <-- 0.084393 s
currentSize : 18 <-- 0.414786 s
currentSize : 19 <-- 1.200402 s
currentSize : 20 <-- 1.718909 s
currentSize : 21 <-- 1.718933 s

maxsize : 21
nodes : 721187.000000
filtered : 6852940.000000
time : 2.452671
