Parameters: GAD=1 vflib=1 dir=0 label=1 lowerbound=1 fileNameGp=../graphsdb/mcs50/m2D/m2Dr6/mcs50_m2Dr6_s70.A20 fileNameGt=../graphsdb/mcs50/m2D/m2Dr6/mcs50_m2Dr6_s70.B20
Reading graphs...
70 :  163
70 :  163
Initializing...
maxdom : 11
D->valSize : 369
Solving...
Blb : 2 (clique : 21)
currentSize : 21 <-- 0.003243 s
currentSize : 22 <-- 0.017974 s
currentSize : 23 <-- 0.035951 s
currentSize : 24 <-- 0.411316 s
currentSize : 25 <-- 1.090255 s
currentSize : 26 <-- 2.394094 s
currentSize : 27 <-- 4.914766 s
currentSize : 28 <-- 4.923447 s
currentSize : 29 <-- 8.272555 s
currentSize : 30 <-- 8.594586 s
currentSize : 32 <-- 12.666134 s
currentSize : 33 <-- 12.666235 s
currentSize : 34 <-- 12.673396 s
currentSize : 35 <-- 12.675535 s

maxsize : 35
nodes : 6474643.000000
filtered : 55313209.000000
time : 32.701565
