Parameters: GAD=1 vflib=1 dir=0 label=1 lowerbound=1 fileNameGp=../graphsdb/mcs50/m2D/m2Dr4/mcs50_m2Dr4_s90.A68 fileNameGt=../graphsdb/mcs50/m2D/m2Dr4/mcs50_m2Dr4_s90.B68
Reading graphs...
90 :  196
90 :  196
Initializing...
maxdom : 10
D->valSize : 560
Solving...
Blb : 2 (clique : 37)
currentSize : 37 <-- 0.006855 s
currentSize : 38 <-- 0.116695 s
currentSize : 39 <-- 4.881202 s
currentSize : 40 <-- 4.899426 s
currentSize : 41 <-- 5.113695 s
currentSize : 42 <-- 13.013529 s
currentSize : 43 <-- 29.572788 s
currentSize : 44 <-- 29.572924 s
currentSize : 45 <-- 55.189175 s
currentSize : 46 <-- 55.189308 s
currentSize : 47 <-- 74.606544 s
currentSize : 48 <-- 498.541290 s

TIMEOUT
maxsize : 48
nodes : 609110693.000000
filtered : 5333893917.000000
time : 3600.000000
