Parameters: GAD=1 vflib=1 dir=0 label=1 lowerbound=1 fileNameGp=../graphsdb/mcs50/bvg/b03/mcs50_b03_s100.A96 fileNameGt=../graphsdb/mcs50/bvg/b03/mcs50_b03_s100.B96
Reading graphs...
100 :  150
100 :  150
Initializing...
maxdom : 7
D->valSize : 358
Solving...
Blb : 2 (clique : 46)
currentSize : 46 <-- 0.004157 s
currentSize : 47 <-- 0.004520 s
currentSize : 48 <-- 0.009570 s
currentSize : 49 <-- 0.176940 s
currentSize : 50 <-- 0.324309 s
currentSize : 51 <-- 0.507931 s
currentSize : 52 <-- 0.545348 s
currentSize : 53 <-- 2.055634 s

TIMEOUT
maxsize : 53
nodes : 645166640.000000
filtered : 2984247265.000000
time : 3600.000000
