Parameters: GAD=1 vflib=1 dir=0 label=1 lowerbound=1 fileNameGp=../graphsdb/mcs50/rand/r01/mcs50_r01_s50.A99 fileNameGt=../graphsdb/mcs50/rand/r01/mcs50_r01_s50.B99
Reading graphs...
50 :  232
50 :  233
Initializing...
maxdom : 10
D->valSize : 332
Solving...
Blb : 2 (clique : 11)
currentSize : 11 <-- 0.002397 s
currentSize : 12 <-- 0.002493 s
currentSize : 13 <-- 0.002529 s
currentSize : 14 <-- 0.004102 s
currentSize : 15 <-- 0.007366 s
currentSize : 17 <-- 0.014132 s
currentSize : 19 <-- 0.032713 s
currentSize : 21 <-- 0.084689 s
currentSize : 23 <-- 0.087577 s

maxsize : 23
nodes : 38206.000000
filtered : 611349.000000
time : 0.181137
