Parameters: GAD=1 vflib=1 dir=0 label=1 lowerbound=1 fileNameGp=../graphsdb/mcs50/bvg/b06m/mcs50_b06m_s50.A54 fileNameGt=../graphsdb/mcs50/bvg/b06m/mcs50_b06m_s50.B54
Reading graphs...
50 :  146
50 :  147
Initializing...
maxdom : 9
D->valSize : 331
Solving...
Blb : 2 (clique : 17)
currentSize : 17 <-- 0.002429 s
currentSize : 18 <-- 0.002587 s
currentSize : 19 <-- 0.004893 s
currentSize : 20 <-- 0.061033 s
currentSize : 23 <-- 0.424017 s
currentSize : 25 <-- 1.280013 s
currentSize : 28 <-- 1.424329 s

maxsize : 28
nodes : 346797.000000
filtered : 4494760.000000
time : 1.612841
