Parameters: GAD=1 vflib=1 dir=0 label=1 lowerbound=1 fileNameGp=../graphsdb/mcs50/bvg/b06m/mcs50_b06m_s100.A84 fileNameGt=../graphsdb/mcs50/bvg/b06m/mcs50_b06m_s100.B84
Reading graphs...
100 :  299
100 :  297
Initializing...
maxdom : 8
D->valSize : 356
Solving...
Blb : 3 (clique : 31)
currentSize : 31 <-- 0.003725 s
currentSize : 32 <-- 0.003972 s
currentSize : 33 <-- 0.015511 s
currentSize : 34 <-- 0.015720 s
currentSize : 35 <-- 0.015773 s
currentSize : 36 <-- 0.015876 s
currentSize : 37 <-- 0.019469 s
currentSize : 38 <-- 0.019543 s
currentSize : 39 <-- 0.019724 s
currentSize : 40 <-- 0.020377 s
currentSize : 41 <-- 0.031512 s
currentSize : 42 <-- 0.037285 s
currentSize : 43 <-- 0.037383 s
currentSize : 44 <-- 1.008950 s
currentSize : 45 <-- 144.409988 s
currentSize : 46 <-- 232.560165 s
currentSize : 47 <-- 232.562317 s
currentSize : 48 <-- 232.675644 s
currentSize : 49 <-- 232.689545 s
currentSize : 50 <-- 232.690399 s
currentSize : 51 <-- 233.501541 s

TIMEOUT
maxsize : 51
nodes : 704805223.000000
filtered : 2534289071.000000
time : 3600.000000
