Parameters: GAD=1 vflib=1 dir=0 label=1 lowerbound=1 fileNameGp=../graphsdb/mcs50/bvg/b03m/mcs50_b03m_s50.A93 fileNameGt=../graphsdb/mcs50/bvg/b03m/mcs50_b03m_s50.B93
Reading graphs...
50 :  75
50 :  75
Initializing...
maxdom : 12
D->valSize : 389
Solving...
Blb : 3 (clique : 23)
currentSize : 23 <-- 0.003266 s
currentSize : 24 <-- 0.012467 s
currentSize : 25 <-- 0.289050 s
currentSize : 26 <-- 5.306442 s
currentSize : 27 <-- 19.545507 s
currentSize : 28 <-- 19.591965 s

maxsize : 28
nodes : 27318105.000000
filtered : 402603989.000000
time : 131.442261
