Parameters: GAD=1 vflib=1 dir=0 label=1 lowerbound=1 fileNameGp=../graphsdb/mcs50/bvg/b06m/mcs50_b06m_s80.A99 fileNameGt=../graphsdb/mcs50/bvg/b06m/mcs50_b06m_s80.B99
Reading graphs...
80 :  237
80 :  238
Initializing...
maxdom : 8
D->valSize : 431
Solving...
Blb : 2 (clique : 29)
currentSize : 29 <-- 0.004187 s
currentSize : 31 <-- 0.004745 s
currentSize : 33 <-- 0.013645 s
currentSize : 34 <-- 0.026006 s
currentSize : 35 <-- 0.944271 s
currentSize : 36 <-- 0.949098 s
currentSize : 37 <-- 1.153712 s
currentSize : 38 <-- 1.560614 s
currentSize : 39 <-- 97.493134 s
currentSize : 40 <-- 99.359756 s
currentSize : 41 <-- 377.295807 s

maxsize : 41
nodes : 192379913.000000
filtered : 1248905992.000000
time : 980.520935
