Parameters: GAD=1 vflib=1 dir=0 label=1 lowerbound=1 fileNameGp=../graphsdb/mcs50/rand/r02/mcs50_r02_s60.A33 fileNameGt=../graphsdb/mcs50/rand/r02/mcs50_r02_s60.B33
Reading graphs...
60 :  620
60 :  630
Initializing...
maxdom : 7
D->valSize : 226
Solving...
Blb : 5 (clique : 8)
currentSize : 8 <-- 0.001714 s
currentSize : 10 <-- 0.001817 s
currentSize : 13 <-- 0.002115 s
currentSize : 15 <-- 0.006207 s
currentSize : 16 <-- 0.011328 s
currentSize : 17 <-- 0.011415 s
currentSize : 23 <-- 0.013458 s
currentSize : 24 <-- 0.014463 s

maxsize : 24
nodes : 5917.000000
filtered : 61382.000000
time : 0.027430
