Parameters: GAD=1 vflib=1 dir=0 label=1 lowerbound=1 fileNameGp=../graphsdb/mcs50/bvg/b06m/mcs50_b06m_s50.A21 fileNameGt=../graphsdb/mcs50/bvg/b06m/mcs50_b06m_s50.B21
Reading graphs...
50 :  145
50 :  144
Initializing...
maxdom : 11
D->valSize : 375
Solving...
Blb : 2 (clique : 14)
currentSize : 14 <-- 0.002866 s
currentSize : 15 <-- 0.003097 s
currentSize : 17 <-- 0.035973 s
currentSize : 18 <-- 0.036163 s
currentSize : 20 <-- 0.063592 s
currentSize : 21 <-- 0.100768 s
currentSize : 22 <-- 1.092436 s
currentSize : 23 <-- 2.356894 s
currentSize : 24 <-- 2.356922 s
currentSize : 25 <-- 2.626252 s
currentSize : 26 <-- 2.747874 s

maxsize : 26
nodes : 720213.000000
filtered : 10484385.000000
time : 3.346003
