Parameters: GAD=1 vflib=1 dir=0 label=1 lowerbound=1 fileNameGp=../graphsdb/mcs50/m2D/m2Dr2/mcs50_m2Dr2_s100.A91 fileNameGt=../graphsdb/mcs50/m2D/m2Dr2/mcs50_m2Dr2_s100.B91
Reading graphs...
100 :  199
100 :  198
Initializing...
maxdom : 8
D->valSize : 384
Solving...
Blb : 2 (clique : 37)
currentSize : 37 <-- 0.004175 s
currentSize : 38 <-- 0.005134 s
currentSize : 39 <-- 0.034207 s
currentSize : 40 <-- 0.168896 s
currentSize : 41 <-- 0.294600 s
currentSize : 42 <-- 1.816438 s
currentSize : 43 <-- 1.885905 s
currentSize : 44 <-- 20.009249 s
currentSize : 45 <-- 25.043217 s
currentSize : 46 <-- 250.470474 s
currentSize : 47 <-- 1039.888062 s
currentSize : 48 <-- 1872.328491 s
currentSize : 49 <-- 1872.328857 s
currentSize : 50 <-- 1952.842896 s

TIMEOUT
maxsize : 50
nodes : 770023678.000000
filtered : 2539427359.000000
time : 3600.000000
