Parameters: GAD=1 vflib=1 dir=0 label=1 lowerbound=1 fileNameGp=../graphsdb/mcs50/bvg/b09m/mcs50_b09m_s50.A72 fileNameGt=../graphsdb/mcs50/bvg/b09m/mcs50_b09m_s50.B72
Reading graphs...
50 :  218
50 :  217
Initializing...
maxdom : 10
D->valSize : 314
Solving...
Blb : 2 (clique : 13)
currentSize : 13 <-- 0.002190 s
currentSize : 14 <-- 0.002275 s
currentSize : 15 <-- 0.008426 s
currentSize : 21 <-- 0.177956 s
currentSize : 23 <-- 0.177999 s

maxsize : 23
nodes : 228716.000000
filtered : 1897115.000000
time : 0.858215
