Parameters: GAD=1 vflib=1 dir=0 label=1 lowerbound=1 fileNameGp=../graphsdb/mcs50/bvg/b06m/mcs50_b06m_s50.A89 fileNameGt=../graphsdb/mcs50/bvg/b06m/mcs50_b06m_s50.B89
Reading graphs...
50 :  148
50 :  149
Initializing...
maxdom : 9
D->valSize : 349
Solving...
Blb : 3 (clique : 16)
currentSize : 16 <-- 0.002649 s
currentSize : 17 <-- 0.091811 s
currentSize : 18 <-- 0.149048 s
currentSize : 19 <-- 0.480820 s
currentSize : 20 <-- 0.491607 s
currentSize : 21 <-- 0.666515 s
currentSize : 22 <-- 0.666637 s
currentSize : 23 <-- 0.964394 s
currentSize : 24 <-- 6.789123 s

maxsize : 24
nodes : 1699081.000000
filtered : 24841447.000000
time : 7.884173
