Parameters: GAD=1 vflib=1 dir=0 label=1 lowerbound=1 fileNameGp=../graphsdb/mcs50/bvg/b09/mcs50_b09_s30.A00 fileNameGt=../graphsdb/mcs50/bvg/b09/mcs50_b09_s30.B00
Reading graphs...
30 :  131
30 :  134
Initializing...
maxdom : 8
D->valSize : 153
Solving...
Blb : 5 (clique : 8)
currentSize : 8 <-- 0.000836 s
currentSize : 10 <-- 0.001292 s
currentSize : 11 <-- 0.003613 s
currentSize : 12 <-- 0.005298 s
currentSize : 14 <-- 0.006110 s

maxsize : 14
nodes : 2341.000000
filtered : 27146.000000
time : 0.007909
