Parameters: GAD=1 vflib=1 dir=0 label=1 lowerbound=1 fileNameGp=../graphsdb/mcs50/m2D/m2D/mcs50_m2D_s70.A62 fileNameGt=../graphsdb/mcs50/m2D/m2D/mcs50_m2D_s70.B62
Reading graphs...
70 :  123
70 :  122
Initializing...
maxdom : 9
D->valSize : 361
Solving...
Blb : 2 (clique : 23)
currentSize : 23 <-- 0.005204 s
currentSize : 24 <-- 0.006738 s
currentSize : 25 <-- 0.010044 s
currentSize : 26 <-- 0.025628 s
currentSize : 27 <-- 0.273727 s
currentSize : 28 <-- 53.092094 s
currentSize : 29 <-- 92.723297 s
currentSize : 30 <-- 100.123497 s
currentSize : 31 <-- 432.202850 s
currentSize : 32 <-- 437.125702 s
currentSize : 33 <-- 442.424957 s
currentSize : 34 <-- 468.376343 s
currentSize : 35 <-- 676.205872 s
currentSize : 36 <-- 1428.153809 s

maxsize : 36
nodes : 377309486.000000
filtered : 3113645853.000000
time : 1842.048340
