Parameters: GAD=1 vflib=1 dir=0 label=1 lowerbound=1 fileNameGp=../graphsdb/mcs50/bvg/b09/mcs50_b09_s70.A85 fileNameGt=../graphsdb/mcs50/bvg/b09/mcs50_b09_s70.B85
Reading graphs...
70 :  311
70 :  313
Initializing...
maxdom : 8
D->valSize : 329
Solving...
Blb : 3 (clique : 17)
currentSize : 17 <-- 0.002850 s
currentSize : 18 <-- 0.004374 s
currentSize : 19 <-- 0.005630 s
currentSize : 22 <-- 0.008307 s
currentSize : 24 <-- 0.008910 s
currentSize : 25 <-- 0.009029 s
currentSize : 26 <-- 0.013697 s
currentSize : 29 <-- 4.820016 s
currentSize : 31 <-- 4.820122 s
currentSize : 32 <-- 4.820226 s
currentSize : 34 <-- 4.820481 s

maxsize : 34
nodes : 1445394.000000
filtered : 12697346.000000
time : 7.181576
