Parameters: GAD=1 vflib=1 dir=0 label=1 lowerbound=1 fileNameGp=../graphsdb/mcs50/bvg/b06m/mcs50_b06m_s25.A93 fileNameGt=../graphsdb/mcs50/bvg/b06m/mcs50_b06m_s25.B93
Reading graphs...
25 :  70
25 :  71
Initializing...
maxdom : 10
D->valSize : 156
Solving...
Blb : 2 (clique : 8)
currentSize : 8 <-- 0.001089 s
currentSize : 9 <-- 0.005673 s
currentSize : 10 <-- 0.005813 s
currentSize : 11 <-- 0.012629 s
currentSize : 12 <-- 0.045502 s

maxsize : 12
nodes : 10977.000000
filtered : 120609.000000
time : 0.049804
