Parameters: GAD=1 vflib=1 dir=0 label=1 lowerbound=1 fileNameGp=../graphsdb/mcs50/bvg/b09/mcs50_b09_s35.A96 fileNameGt=../graphsdb/mcs50/bvg/b09/mcs50_b09_s35.B96
Reading graphs...
35 :  152
35 :  151
Initializing...
maxdom : 7
D->valSize : 173
Solving...
Blb : 2 (clique : 7)
currentSize : 7 <-- 0.001021 s
currentSize : 8 <-- 0.001212 s
currentSize : 9 <-- 0.002501 s
currentSize : 10 <-- 0.003281 s
currentSize : 11 <-- 0.003581 s
currentSize : 12 <-- 0.005053 s
currentSize : 13 <-- 0.005061 s
currentSize : 15 <-- 0.006309 s
currentSize : 17 <-- 0.010550 s

maxsize : 17
nodes : 7641.000000
filtered : 48183.000000
time : 0.023063
