Parameters: GAD=1 vflib=1 dir=0 label=1 lowerbound=1 fileNameGp=../graphsdb/mcs50/bvg/b09m/mcs50_b09m_s35.A31 fileNameGt=../graphsdb/mcs50/bvg/b09m/mcs50_b09m_s35.B31
Reading graphs...
35 :  146
35 :  150
Initializing...
maxdom : 9
D->valSize : 160
Solving...
Blb : 2 (clique : 10)
currentSize : 10 <-- 0.000908 s
currentSize : 11 <-- 0.001573 s
currentSize : 12 <-- 0.001685 s
currentSize : 13 <-- 0.005868 s
currentSize : 14 <-- 0.006220 s
currentSize : 15 <-- 0.007374 s

maxsize : 15
nodes : 2649.000000
filtered : 36785.000000
time : 0.010184
