Parameters: GAD=1 vflib=1 dir=0 label=1 lowerbound=1 fileNameGp=../graphsdb/mcs50/bvg/b03/mcs50_b03_s70.A01 fileNameGt=../graphsdb/mcs50/bvg/b03/mcs50_b03_s70.B01
Reading graphs...
70 :  105
70 :  105
Initializing...
maxdom : 9
D->valSize : 305
Solving...
Blb : 2 (clique : 24)
currentSize : 24 <-- 0.004125 s
currentSize : 25 <-- 0.014090 s
currentSize : 26 <-- 0.025079 s
currentSize : 27 <-- 0.025619 s
currentSize : 28 <-- 0.028598 s
currentSize : 29 <-- 0.028707 s
currentSize : 30 <-- 0.052461 s
currentSize : 31 <-- 0.116836 s
currentSize : 32 <-- 5.011002 s
currentSize : 33 <-- 5.011229 s
currentSize : 34 <-- 10.598983 s
currentSize : 35 <-- 72.310501 s
currentSize : 36 <-- 128.793182 s
currentSize : 37 <-- 130.537811 s

maxsize : 37
nodes : 39558040.000000
filtered : 267572458.000000
time : 198.634171
