Parameters: GAD=1 vflib=1 dir=0 label=1 lowerbound=1 fileNameGp=../graphsdb/mcs50/rand/r005/mcs50_r005_s50.A14 fileNameGt=../graphsdb/mcs50/rand/r005/mcs50_r005_s50.B14
Reading graphs...
50 :  121
50 :  120
Initializing...
maxdom : 8
D->valSize : 319
Solving...
Blb : 2 (clique : 16)
currentSize : 16 <-- 0.002524 s
currentSize : 18 <-- 0.002617 s
currentSize : 19 <-- 0.003121 s
currentSize : 20 <-- 0.019637 s
currentSize : 21 <-- 0.039851 s
currentSize : 22 <-- 0.067276 s
currentSize : 23 <-- 0.127054 s
currentSize : 24 <-- 2.695892 s
currentSize : 25 <-- 3.414905 s
currentSize : 26 <-- 3.414933 s

maxsize : 26
nodes : 2323179.000000
filtered : 34570343.000000
time : 11.517205
