Parameters: GAD=1 vflib=1 dir=0 label=1 lowerbound=1 fileNameGp=../graphsdb/mcs50/bvg/b03/mcs50_b03_s100.A54 fileNameGt=../graphsdb/mcs50/bvg/b03/mcs50_b03_s100.B54
Reading graphs...
100 :  150
100 :  150
Initializing...
maxdom : 11
D->valSize : 400
Solving...
Blb : 2 (clique : 43)
currentSize : 43 <-- 0.004427 s
currentSize : 44 <-- 0.009034 s
currentSize : 45 <-- 0.020584 s
currentSize : 46 <-- 1.828010 s
currentSize : 47 <-- 14.268594 s
currentSize : 48 <-- 36.165176 s
currentSize : 49 <-- 39.763855 s

TIMEOUT
maxsize : 49
nodes : 739379989.000000
filtered : 2587856202.000000
time : 3600.000000
