Parameters: GAD=1 vflib=1 dir=0 label=1 lowerbound=1 fileNameGp=../graphsdb/mcs50/bvg/b09/mcs50_b09_s90.A67 fileNameGt=../graphsdb/mcs50/bvg/b09/mcs50_b09_s90.B67
Reading graphs...
90 :  403
90 :  404
Initializing...
maxdom : 9
D->valSize : 533
Solving...
Blb : 5 (clique : 24)
currentSize : 24 <-- 0.006014 s
currentSize : 25 <-- 0.224066 s
currentSize : 26 <-- 3.579825 s
currentSize : 27 <-- 3.579970 s
currentSize : 28 <-- 7.998018 s
currentSize : 29 <-- 8.424079 s
currentSize : 30 <-- 25.395197 s
currentSize : 31 <-- 36.688377 s
currentSize : 32 <-- 42.373062 s
currentSize : 33 <-- 68.102272 s
currentSize : 34 <-- 68.102715 s
currentSize : 35 <-- 70.024666 s
currentSize : 36 <-- 78.097015 s
currentSize : 37 <-- 78.105751 s
currentSize : 38 <-- 78.342606 s
currentSize : 39 <-- 78.342697 s
currentSize : 40 <-- 78.343903 s
currentSize : 41 <-- 78.353577 s
currentSize : 42 <-- 290.089050 s
currentSize : 43 <-- 290.134125 s
currentSize : 44 <-- 810.708252 s
currentSize : 45 <-- 810.736145 s

maxsize : 45
nodes : 286043718.000000
filtered : 2314916749.000000
time : 1648.303101
