Parameters: GAD=1 vflib=1 dir=0 label=1 lowerbound=1 fileNameGp=../graphsdb/mcs50/bvg/b06/mcs50_b06_s80.A43 fileNameGt=../graphsdb/mcs50/bvg/b06/mcs50_b06_s80.B43
Reading graphs...
80 :  238
80 :  239
Initializing...
maxdom : 12
D->valSize : 434
Solving...
Blb : 2 (clique : 34)
currentSize : 34 <-- 0.006959 s
currentSize : 37 <-- 0.014760 s
currentSize : 38 <-- 0.014840 s
currentSize : 39 <-- 222.630997 s
currentSize : 40 <-- 222.672928 s

maxsize : 40
nodes : 353292400.000000
filtered : 2535596604.000000
time : 1847.967285
