Parameters: GAD=1 vflib=1 dir=0 label=1 lowerbound=1 fileNameGp=../graphsdb/mcs50/m3D/m3Dr6/mcs50_m3Dr6_s50.A65 fileNameGt=../graphsdb/mcs50/m3D/m3Dr6/mcs50_m3Dr6_s50.B65
Reading graphs...
50 :  139
50 :  137
Initializing...
maxdom : 13
D->valSize : 325
Solving...
Blb : 2 (clique : 20)
currentSize : 20 <-- 0.003745 s
currentSize : 21 <-- 0.055589 s
currentSize : 24 <-- 0.092432 s
currentSize : 25 <-- 0.092482 s
currentSize : 26 <-- 0.303325 s
currentSize : 27 <-- 0.500102 s
currentSize : 28 <-- 0.610613 s

maxsize : 28
nodes : 136684.000000
filtered : 2495428.000000
time : 0.705919
