Parameters: GAD=1 vflib=1 dir=0 label=1 lowerbound=1 fileNameGp=../graphsdb/mcs50/m3D/m3D/mcs50_m3D_s60.A29 fileNameGt=../graphsdb/mcs50/m3D/m3D/mcs50_m3D_s60.B29
Reading graphs...
60 :  133
60 :  134
Initializing...
maxdom : 7
D->valSize : 257
Solving...
Blb : 2 (clique : 20)
currentSize : 20 <-- 0.001911 s
currentSize : 21 <-- 0.002057 s
currentSize : 22 <-- 0.008074 s
currentSize : 23 <-- 0.311666 s
currentSize : 24 <-- 1.190977 s
currentSize : 25 <-- 1.193346 s
currentSize : 26 <-- 2.956861 s
currentSize : 29 <-- 3.115377 s
currentSize : 30 <-- 3.115409 s

maxsize : 30
nodes : 7160207.000000
filtered : 52002690.000000
time : 30.411997
