Parameters: GAD=1 vflib=1 dir=0 label=1 lowerbound=1 fileNameGp=../graphsdb/mcs50/bvg/b03m/mcs50_b03m_s60.A13 fileNameGt=../graphsdb/mcs50/bvg/b03m/mcs50_b03m_s60.B13
Reading graphs...
60 :  88
60 :  88
Initializing...
maxdom : 8
D->valSize : 253
Solving...
Blb : 2 (clique : 28)
currentSize : 28 <-- 0.003040 s
currentSize : 29 <-- 0.089039 s
currentSize : 30 <-- 2.179097 s
currentSize : 31 <-- 204.255905 s
currentSize : 32 <-- 324.917664 s
currentSize : 33 <-- 1148.947144 s

maxsize : 33
nodes : 326520130.000000
filtered : 2121823209.000000
time : 1290.634888
