Parameters: GAD=1 vflib=1 dir=0 label=1 lowerbound=1 fileNameGp=../graphsdb/mcs50/rand/r01/mcs50_r01_s100.A02 fileNameGt=../graphsdb/mcs50/rand/r01/mcs50_r01_s100.B02
Reading graphs...
100 :  934
100 :  934
Initializing...
maxdom : 5
D->valSize : 334
Solving...
Blb : 2 (clique : 15)
currentSize : 15 <-- 0.003226 s
currentSize : 16 <-- 0.003689 s
currentSize : 17 <-- 0.004998 s
currentSize : 18 <-- 0.006072 s
currentSize : 22 <-- 0.007080 s
currentSize : 24 <-- 0.011910 s
currentSize : 25 <-- 0.018541 s
currentSize : 30 <-- 0.018904 s
currentSize : 32 <-- 0.019220 s
currentSize : 34 <-- 0.356909 s
currentSize : 35 <-- 0.472305 s
currentSize : 44 <-- 0.699633 s

maxsize : 44
nodes : 453053.000000
filtered : 3109914.000000
time : 2.656477
