Parameters: GAD=1 vflib=1 dir=0 label=1 lowerbound=1 fileNameGp=../graphsdb/mcs50/rand/r02/mcs50_r02_s90.A23 fileNameGt=../graphsdb/mcs50/rand/r02/mcs50_r02_s90.B23
Reading graphs...
90 :  1421
90 :  1416
Initializing...
maxdom : 9
D->valSize : 543
Solving...
Blb : 2 (clique : 14)
currentSize : 14 <-- 0.005705 s
currentSize : 15 <-- 0.008080 s
currentSize : 17 <-- 0.012585 s
currentSize : 23 <-- 0.027126 s
currentSize : 24 <-- 0.027362 s
currentSize : 25 <-- 0.042307 s
currentSize : 27 <-- 0.042478 s
currentSize : 30 <-- 0.068273 s
currentSize : 31 <-- 0.068526 s
currentSize : 32 <-- 0.069086 s
currentSize : 33 <-- 0.069395 s
currentSize : 34 <-- 0.076075 s
currentSize : 35 <-- 0.076410 s

maxsize : 35
nodes : 62009.000000
filtered : 928922.000000
time : 0.376315
