Parameters: GAD=1 vflib=1 dir=0 label=1 lowerbound=1 fileNameGp=../graphsdb/mcs50/m2D/m2Dr2/mcs50_m2Dr2_s40.A54 fileNameGt=../graphsdb/mcs50/m2D/m2Dr2/mcs50_m2Dr2_s40.B54
Reading graphs...
40 :  74
40 :  75
Initializing...
maxdom : 9
D->valSize : 215
Solving...
Blb : 3 (clique : 13)
currentSize : 13 <-- 0.001694 s
currentSize : 14 <-- 0.001863 s
currentSize : 15 <-- 0.004083 s
currentSize : 16 <-- 0.047347 s
currentSize : 17 <-- 0.217787 s
currentSize : 18 <-- 0.294316 s
currentSize : 19 <-- 0.477745 s

maxsize : 19
nodes : 460099.000000
filtered : 3944106.000000
time : 1.602588
