Parameters: GAD=1 vflib=1 dir=0 label=1 lowerbound=1 fileNameGp=../graphsdb/mcs50/rand/r02/mcs50_r02_s25.A75 fileNameGt=../graphsdb/mcs50/rand/r02/mcs50_r02_s25.B75
Reading graphs...
25 :  108
25 :  109
Initializing...
maxdom : 9
D->valSize : 167
Solving...
Blb : 3 (clique : 6)
currentSize : 6 <-- 0.000832 s
currentSize : 7 <-- 0.001216 s
currentSize : 8 <-- 0.003083 s
currentSize : 10 <-- 0.006582 s
currentSize : 11 <-- 0.006598 s

maxsize : 11
nodes : 3216.000000
filtered : 39234.000000
time : 0.010412
