Parameters: GAD=1 vflib=1 dir=0 label=1 lowerbound=1 fileNameGp=../graphsdb/mcs50/rand/r01/mcs50_r01_s60.A42 fileNameGt=../graphsdb/mcs50/rand/r01/mcs50_r01_s60.B42
Reading graphs...
60 :  334
60 :  332
Initializing...
maxdom : 7
D->valSize : 263
Solving...
Blb : 2 (clique : 12)
currentSize : 12 <-- 0.002652 s
currentSize : 13 <-- 0.002859 s
currentSize : 14 <-- 0.003001 s
currentSize : 16 <-- 0.003499 s
currentSize : 18 <-- 0.003640 s
currentSize : 19 <-- 0.171398 s
currentSize : 21 <-- 0.171601 s
currentSize : 23 <-- 0.171681 s
currentSize : 25 <-- 0.206304 s
currentSize : 26 <-- 0.247037 s
currentSize : 29 <-- 0.247168 s

maxsize : 29
nodes : 91195.000000
filtered : 865837.000000
time : 0.417224
