Parameters: GAD=1 vflib=1 dir=0 label=1 lowerbound=1 fileNameGp=../graphsdb/mcs50/rand/r005/mcs50_r005_s50.A23 fileNameGt=../graphsdb/mcs50/rand/r005/mcs50_r005_s50.B23
Reading graphs...
50 :  118
50 :  121
Initializing...
maxdom : 11
D->valSize : 325
Solving...
Blb : 2 (clique : 17)
currentSize : 17 <-- 0.002484 s
currentSize : 18 <-- 0.002675 s
currentSize : 19 <-- 0.055163 s
currentSize : 20 <-- 0.158906 s
currentSize : 21 <-- 0.384765 s
currentSize : 22 <-- 3.353450 s
currentSize : 23 <-- 3.353805 s
currentSize : 24 <-- 5.671888 s
currentSize : 25 <-- 17.626040 s
currentSize : 26 <-- 38.216652 s
currentSize : 27 <-- 40.064648 s

maxsize : 27
nodes : 9496167.000000
filtered : 125660729.000000
time : 40.785934
