Parameters: GAD=1 vflib=1 dir=0 label=1 lowerbound=1 fileNameGp=../graphsdb/mcs50/bvg/b03m/mcs50_b03m_s40.A81 fileNameGt=../graphsdb/mcs50/bvg/b03m/mcs50_b03m_s40.B81
Reading graphs...
40 :  59
40 :  58
Initializing...
maxdom : 14
D->valSize : 277
Solving...
Blb : 2 (clique : 17)
currentSize : 17 <-- 0.001853 s
currentSize : 18 <-- 0.006260 s
currentSize : 19 <-- 0.021088 s
currentSize : 20 <-- 0.072489 s
currentSize : 21 <-- 0.214934 s
currentSize : 22 <-- 0.406962 s

maxsize : 22
nodes : 642579.000000
filtered : 7175320.000000
time : 2.403451
