Parameters: GAD=1 vflib=1 dir=0 label=1 lowerbound=1 fileNameGp=../graphsdb/mcs50/rand/r005/mcs50_r005_s60.A69 fileNameGt=../graphsdb/mcs50/rand/r005/mcs50_r005_s60.B69
Reading graphs...
60 :  171
60 :  172
Initializing...
maxdom : 8
D->valSize : 274
Solving...
Blb : 2 (clique : 18)
currentSize : 18 <-- 0.002164 s
currentSize : 19 <-- 0.006457 s
currentSize : 20 <-- 0.012503 s
currentSize : 21 <-- 0.127647 s
currentSize : 22 <-- 0.752493 s
currentSize : 23 <-- 3.346931 s
currentSize : 24 <-- 3.346987 s
currentSize : 25 <-- 3.347013 s
currentSize : 26 <-- 4.460892 s
currentSize : 27 <-- 6.449839 s
currentSize : 30 <-- 6.610397 s
currentSize : 32 <-- 6.623530 s

maxsize : 32
nodes : 1626129.000000
filtered : 12938588.000000
time : 6.996336
