Parameters: GAD=1 vflib=1 dir=0 label=1 lowerbound=1 fileNameGp=../graphsdb/mcs50/m2D/m2Dr6/mcs50_m2Dr6_s80.A88 fileNameGt=../graphsdb/mcs50/m2D/m2Dr6/mcs50_m2Dr6_s80.B88
Reading graphs...
80 :  188
80 :  188
Initializing...
maxdom : 10
D->valSize : 436
Solving...
Blb : 3 (clique : 26)
currentSize : 26 <-- 0.004323 s
currentSize : 27 <-- 0.606178 s
currentSize : 28 <-- 179.899170 s
currentSize : 29 <-- 253.857391 s
currentSize : 30 <-- 583.985718 s
currentSize : 31 <-- 1552.125244 s
currentSize : 32 <-- 2733.202881 s
currentSize : 33 <-- 2799.917725 s

TIMEOUT
maxsize : 33
nodes : 802088675.000000
filtered : 5834805691.000000
time : 3600.000000
