Parameters: GAD=1 vflib=1 dir=0 label=1 lowerbound=1 fileNameGp=../graphsdb/mcs50/m2D/m2D/mcs50_m2D_s50.A06 fileNameGt=../graphsdb/mcs50/m2D/m2D/mcs50_m2D_s50.B06
Reading graphs...
50 :  85
50 :  85
Initializing...
maxdom : 13
D->valSize : 328
Solving...
Blb : 2 (clique : 17)
currentSize : 17 <-- 0.002803 s
currentSize : 18 <-- 0.003657 s
currentSize : 19 <-- 0.033609 s
currentSize : 20 <-- 2.500237 s
currentSize : 21 <-- 4.664826 s
currentSize : 22 <-- 7.458481 s
currentSize : 23 <-- 17.905149 s
currentSize : 24 <-- 17.905191 s
currentSize : 25 <-- 17.905264 s
currentSize : 26 <-- 153.178543 s
currentSize : 27 <-- 158.905701 s

maxsize : 27
nodes : 51298316.000000
filtered : 420642973.000000
time : 169.578156
