Parameters: GAD=1 vflib=1 dir=0 label=1 lowerbound=1 fileNameGp=../graphsdb/mcs50/m2D/m2Dr2/mcs50_m2Dr2_s30.A68 fileNameGt=../graphsdb/mcs50/m2D/m2Dr2/mcs50_m2Dr2_s30.B68
Reading graphs...
30 :  55
30 :  55
Initializing...
maxdom : 8
D->valSize : 137
Solving...
Blb : 3 (clique : 11)
currentSize : 11 <-- 0.000800 s
currentSize : 12 <-- 0.000995 s
currentSize : 13 <-- 0.001136 s
currentSize : 14 <-- 0.004333 s
currentSize : 15 <-- 0.007616 s
currentSize : 16 <-- 0.013007 s
currentSize : 17 <-- 0.021179 s

maxsize : 17
nodes : 8180.000000
filtered : 60256.000000
time : 0.025408
