Parameters: GAD=1 vflib=1 dir=0 label=1 lowerbound=1 fileNameGp=../graphsdb/mcs50/bvg/b09m/mcs50_b09m_s80.A09 fileNameGt=../graphsdb/mcs50/bvg/b09m/mcs50_b09m_s80.B09
Reading graphs...
80 :  353
80 :  355
Initializing...
maxdom : 8
D->valSize : 440
Solving...
Blb : 2 (clique : 25)
currentSize : 25 <-- 0.006870 s
currentSize : 26 <-- 0.187077 s
currentSize : 27 <-- 0.352681 s
currentSize : 28 <-- 1.150378 s
currentSize : 29 <-- 5.192186 s
currentSize : 30 <-- 5.239271 s
currentSize : 31 <-- 5.241446 s
currentSize : 34 <-- 5.807407 s
currentSize : 36 <-- 5.817839 s
currentSize : 38 <-- 21.962126 s
currentSize : 39 <-- 258.282104 s

maxsize : 39
nodes : 173070671.000000
filtered : 593366615.000000
time : 726.548340
