Parameters: GAD=1 vflib=1 dir=0 label=1 lowerbound=1 fileNameGp=../graphsdb/mcs50/rand/r005/mcs50_r005_s35.A66 fileNameGt=../graphsdb/mcs50/rand/r005/mcs50_r005_s35.B66
Reading graphs...
35 :  60
35 :  60
Initializing...
maxdom : 9
D->valSize : 175
Solving...
Blb : 2 (clique : 12)
currentSize : 12 <-- 0.000911 s
currentSize : 13 <-- 0.000969 s
currentSize : 14 <-- 0.013007 s
currentSize : 15 <-- 0.013085 s
currentSize : 16 <-- 0.080809 s
currentSize : 17 <-- 0.104964 s
currentSize : 18 <-- 0.177853 s

maxsize : 18
nodes : 74174.000000
filtered : 658701.000000
time : 0.227938
