Parameters: GAD=1 vflib=1 dir=0 label=1 lowerbound=1 fileNameGp=../graphsdb/mcs50/bvg/b06/mcs50_b06_s50.A57 fileNameGt=../graphsdb/mcs50/bvg/b06/mcs50_b06_s50.B57
Reading graphs...
50 :  147
50 :  148
Initializing...
maxdom : 10
D->valSize : 325
Solving...
Blb : 2 (clique : 17)
currentSize : 17 <-- 0.002423 s
currentSize : 18 <-- 0.256235 s
currentSize : 19 <-- 7.818258 s
currentSize : 20 <-- 9.485918 s
currentSize : 21 <-- 11.246871 s
currentSize : 22 <-- 11.247939 s
currentSize : 23 <-- 11.248166 s
currentSize : 24 <-- 11.248257 s
currentSize : 25 <-- 11.268594 s
currentSize : 26 <-- 11.467948 s

maxsize : 26
nodes : 3626641.000000
filtered : 40883549.000000
time : 14.997388
