Parameters: GAD=1 vflib=1 dir=0 label=1 lowerbound=1 fileNameGp=../graphsdb/mcs50/bvg/b06m/mcs50_b06m_s60.A42 fileNameGt=../graphsdb/mcs50/bvg/b06m/mcs50_b06m_s60.B42
Reading graphs...
60 :  175
60 :  179
Initializing...
maxdom : 7
D->valSize : 253
Solving...
Blb : 2 (clique : 21)
currentSize : 21 <-- 0.001923 s
currentSize : 22 <-- 0.002046 s
currentSize : 23 <-- 0.002223 s
currentSize : 24 <-- 0.002280 s
currentSize : 27 <-- 0.002716 s
currentSize : 28 <-- 0.003005 s
currentSize : 29 <-- 0.007874 s
currentSize : 30 <-- 0.008129 s
currentSize : 31 <-- 1.331540 s
currentSize : 32 <-- 1.332420 s

maxsize : 32
nodes : 636869.000000
filtered : 3725618.000000
time : 2.650969
