Parameters: GAD=1 vflib=1 dir=0 label=1 lowerbound=1 fileNameGp=../graphsdb/mcs50/bvg/b06/mcs50_b06_s40.A41 fileNameGt=../graphsdb/mcs50/bvg/b06/mcs50_b06_s40.B41
Reading graphs...
40 :  120
40 :  120
Initializing...
maxdom : 10
D->valSize : 246
Solving...
Blb : 2 (clique : 15)
currentSize : 15 <-- 0.001554 s
currentSize : 17 <-- 0.001695 s
currentSize : 18 <-- 0.021346 s
currentSize : 19 <-- 0.137156 s
currentSize : 20 <-- 0.139687 s
currentSize : 21 <-- 0.190727 s

maxsize : 21
nodes : 55037.000000
filtered : 635157.000000
time : 0.209239
