Parameters: GAD=1 vflib=1 dir=0 label=1 lowerbound=1 fileNameGp=../graphsdb/mcs50/rand/r02/mcs50_r02_s50.A33 fileNameGt=../graphsdb/mcs50/rand/r02/mcs50_r02_s50.B33
Reading graphs...
50 :  428
50 :  438
Initializing...
maxdom : 10
D->valSize : 353
Solving...
Blb : 2 (clique : 8)
currentSize : 8 <-- 0.002446 s
currentSize : 9 <-- 0.004507 s
currentSize : 10 <-- 0.043968 s
currentSize : 11 <-- 0.043994 s
currentSize : 14 <-- 0.044459 s
currentSize : 19 <-- 0.044517 s
currentSize : 20 <-- 0.044575 s
currentSize : 21 <-- 0.050981 s

maxsize : 21
nodes : 16937.000000
filtered : 262491.000000
time : 0.075787
