Parameters: GAD=1 vflib=1 dir=0 label=1 lowerbound=1 fileNameGp=../graphsdb/mcs50/rand/r01/mcs50_r01_s50.A53 fileNameGt=../graphsdb/mcs50/rand/r01/mcs50_r01_s50.B53
Reading graphs...
50 :  232
50 :  225
Initializing...
maxdom : 9
D->valSize : 309
Solving...
Blb : 3 (clique : 11)
currentSize : 11 <-- 0.002273 s
currentSize : 12 <-- 0.004692 s
currentSize : 13 <-- 0.029061 s
currentSize : 14 <-- 0.067961 s
currentSize : 15 <-- 0.067994 s
currentSize : 16 <-- 0.113227 s
currentSize : 17 <-- 0.172507 s
currentSize : 18 <-- 0.226727 s
currentSize : 22 <-- 0.240127 s
currentSize : 24 <-- 0.241052 s

maxsize : 24
nodes : 69836.000000
filtered : 950497.000000
time : 0.287698
