Parameters: GAD=1 vflib=1 dir=0 label=1 lowerbound=1 fileNameGp=../graphsdb/mcs50/bvg/b06m/mcs50_b06m_s50.A42 fileNameGt=../graphsdb/mcs50/bvg/b06m/mcs50_b06m_s50.B42
Reading graphs...
50 :  145
50 :  146
Initializing...
maxdom : 11
D->valSize : 354
Solving...
Blb : 2 (clique : 14)
currentSize : 14 <-- 0.002661 s
currentSize : 16 <-- 0.002754 s
currentSize : 17 <-- 0.004623 s
currentSize : 18 <-- 0.268602 s
currentSize : 19 <-- 2.166171 s
currentSize : 20 <-- 2.168856 s
currentSize : 21 <-- 4.406244 s
currentSize : 22 <-- 7.640914 s
currentSize : 23 <-- 7.933845 s
currentSize : 24 <-- 17.409883 s

maxsize : 24
nodes : 4447135.000000
filtered : 67905642.000000
time : 19.864164
