Parameters: GAD=1 vflib=1 dir=0 label=1 lowerbound=1 fileNameGp=../graphsdb/mcs50/m4D/m4Dr2/mcs50_m4Dr2_s40.A19 fileNameGt=../graphsdb/mcs50/m4D/m4Dr2/mcs50_m4Dr2_s40.B19
Reading graphs...
40 :  79
40 :  79
Initializing...
maxdom : 8
D->valSize : 208
Solving...
Blb : 2 (clique : 15)
currentSize : 15 <-- 0.001238 s
currentSize : 17 <-- 0.001308 s
currentSize : 18 <-- 0.001358 s
currentSize : 19 <-- 0.001443 s
currentSize : 20 <-- 1.408078 s

maxsize : 20
nodes : 614763.000000
filtered : 5590076.000000
time : 2.218754
