Parameters: GAD=1 vflib=1 dir=0 label=1 lowerbound=1 fileNameGp=../graphsdb/mcs50/rand/r01/mcs50_r01_s90.A76 fileNameGt=../graphsdb/mcs50/rand/r01/mcs50_r01_s90.B76
Reading graphs...
90 :  755
90 :  754
Initializing...
maxdom : 14
D->valSize : 591
Solving...
Blb : 2 (clique : 13)
currentSize : 13 <-- 0.006996 s
currentSize : 14 <-- 0.007174 s
currentSize : 15 <-- 0.007630 s
currentSize : 16 <-- 0.007689 s
currentSize : 17 <-- 0.120632 s
currentSize : 18 <-- 0.127018 s
currentSize : 19 <-- 0.127634 s
currentSize : 20 <-- 0.127804 s
currentSize : 21 <-- 0.157146 s
currentSize : 23 <-- 3.226923 s
currentSize : 25 <-- 3.910847 s
currentSize : 26 <-- 3.911501 s
currentSize : 28 <-- 3.911562 s
currentSize : 32 <-- 5.064407 s
currentSize : 39 <-- 5.079834 s

maxsize : 39
nodes : 1357599.000000
filtered : 19386810.000000
time : 8.478848
