Parameters: GAD=1 vflib=1 dir=0 label=1 lowerbound=1 fileNameGp=../graphsdb/mcs50/bvg/b09m/mcs50_b09m_s35.A14 fileNameGt=../graphsdb/mcs50/bvg/b09m/mcs50_b09m_s35.B14
Reading graphs...
35 :  146
35 :  152
Initializing...
maxdom : 8
D->valSize : 168
Solving...
Blb : 2 (clique : 11)
currentSize : 11 <-- 0.000844 s
currentSize : 12 <-- 0.000902 s
currentSize : 13 <-- 0.000928 s
currentSize : 14 <-- 0.000937 s
currentSize : 16 <-- 0.001329 s

maxsize : 16
nodes : 1792.000000
filtered : 23057.000000
time : 0.006846
