Parameters: GAD=1 vflib=1 dir=0 label=1 lowerbound=1 fileNameGp=../graphsdb/mcs50/m4D/m4Dr6/mcs50_m4Dr6_s40.A14 fileNameGt=../graphsdb/mcs50/m4D/m4Dr6/mcs50_m4Dr6_s40.B14
Reading graphs...
40 :  93
40 :  90
Initializing...
maxdom : 7
D->valSize : 199
Solving...
Blb : 5 (clique : 15)
currentSize : 15 <-- 0.001600 s
currentSize : 16 <-- 0.008955 s
currentSize : 17 <-- 0.363306 s
currentSize : 18 <-- 0.378813 s
currentSize : 19 <-- 0.590917 s

maxsize : 19
nodes : 185421.000000
filtered : 1851888.000000
time : 0.695231
