Parameters: GAD=1 vflib=1 dir=0 label=1 lowerbound=1 fileNameGp=../graphsdb/mcs50/m2D/m2Dr2/mcs50_m2Dr2_s60.A87 fileNameGt=../graphsdb/mcs50/m2D/m2Dr2/mcs50_m2Dr2_s60.B87
Reading graphs...
60 :  116
60 :  116
Initializing...
maxdom : 7
D->valSize : 260
Solving...
Blb : 2 (clique : 26)
currentSize : 26 <-- 0.001896 s
currentSize : 27 <-- 0.006117 s
currentSize : 28 <-- 0.235259 s
currentSize : 29 <-- 24.415020 s
currentSize : 30 <-- 32.735397 s

maxsize : 30
nodes : 8649109.000000
filtered : 57300745.000000
time : 38.943638
