Parameters: GAD=1 vflib=1 dir=0 label=1 lowerbound=1 fileNameGp=../graphsdb/mcs50/bvg/b03/mcs50_b03_s70.A97 fileNameGt=../graphsdb/mcs50/bvg/b03/mcs50_b03_s70.B97
Reading graphs...
70 :  105
70 :  105
Initializing...
maxdom : 10
D->valSize : 366
Solving...
Blb : 2 (clique : 30)
currentSize : 30 <-- 0.003335 s
currentSize : 31 <-- 0.003550 s
currentSize : 32 <-- 0.057730 s
currentSize : 33 <-- 0.313686 s
currentSize : 34 <-- 102.168701 s
currentSize : 35 <-- 388.325195 s
currentSize : 36 <-- 395.949341 s
currentSize : 37 <-- 838.599426 s
currentSize : 38 <-- 839.908508 s
currentSize : 39 <-- 842.234802 s

maxsize : 39
nodes : 173866585.000000
filtered : 1548219621.000000
time : 909.611694
