Parameters: GAD=1 vflib=1 dir=0 label=1 lowerbound=1 fileNameGp=../graphsdb/mcs50/rand/r02/mcs50_r02_s40.A43 fileNameGt=../graphsdb/mcs50/rand/r02/mcs50_r02_s40.B43
Reading graphs...
40 :  279
40 :  275
Initializing...
maxdom : 12
D->valSize : 218
Solving...
Blb : 2 (clique : 7)
currentSize : 7 <-- 0.001220 s
currentSize : 8 <-- 0.001292 s
currentSize : 10 <-- 0.003454 s
currentSize : 11 <-- 0.004505 s
currentSize : 13 <-- 0.004967 s
currentSize : 19 <-- 0.005029 s

maxsize : 19
nodes : 1614.000000
filtered : 23899.000000
time : 0.007298
