Parameters: GAD=1 vflib=1 dir=0 label=1 lowerbound=1 fileNameGp=../graphsdb/mcs50/m4D/m4Dr6/mcs50_m4Dr6_s35.A84 fileNameGt=../graphsdb/mcs50/m4D/m4Dr6/mcs50_m4Dr6_s35.B84
Reading graphs...
35 :  79
35 :  79
Initializing...
maxdom : 8
D->valSize : 151
Solving...
Blb : 3 (clique : 13)
currentSize : 13 <-- 0.000778 s
currentSize : 14 <-- 0.002898 s
currentSize : 15 <-- 0.005565 s
currentSize : 16 <-- 0.018639 s
currentSize : 17 <-- 0.033963 s
currentSize : 18 <-- 0.037964 s

maxsize : 18
nodes : 14456.000000
filtered : 117364.000000
time : 0.048626
