Parameters: GAD=1 vflib=1 dir=0 label=1 lowerbound=1 fileNameGp=../graphsdb/mcs50/m3D/m3D/mcs50_m3D_s60.A86 fileNameGt=../graphsdb/mcs50/m3D/m3D/mcs50_m3D_s60.B86
Reading graphs...
60 :  134
60 :  134
Initializing...
maxdom : 6
D->valSize : 236
Solving...
Blb : 2 (clique : 22)
currentSize : 22 <-- 0.002713 s
currentSize : 23 <-- 0.002942 s
currentSize : 24 <-- 0.009446 s
currentSize : 25 <-- 0.012423 s
currentSize : 26 <-- 60.921284 s
currentSize : 28 <-- 89.631569 s
currentSize : 29 <-- 89.634834 s
currentSize : 30 <-- 89.843430 s

maxsize : 30
nodes : 25849627.000000
filtered : 147483850.000000
time : 100.033928
