Parameters: GAD=1 vflib=1 dir=0 label=1 lowerbound=1 fileNameGp=../graphsdb/mcs50/bvg/b09m/mcs50_b09m_s90.A36 fileNameGt=../graphsdb/mcs50/bvg/b09m/mcs50_b09m_s90.B36
Reading graphs...
90 :  393
90 :  393
Initializing...
maxdom : 9
D->valSize : 531
Solving...
Blb : 3 (clique : 24)
currentSize : 24 <-- 0.005842 s
currentSize : 25 <-- 11.945813 s
currentSize : 26 <-- 48.112919 s
currentSize : 27 <-- 1367.665405 s
currentSize : 28 <-- 1367.671143 s
currentSize : 29 <-- 1367.671265 s
currentSize : 30 <-- 1367.682129 s
currentSize : 31 <-- 1378.057373 s
currentSize : 33 <-- 2749.438965 s
currentSize : 34 <-- 2749.438965 s
currentSize : 35 <-- 2749.439209 s
currentSize : 36 <-- 2749.439209 s
currentSize : 38 <-- 2749.440918 s
currentSize : 40 <-- 2749.564697 s
currentSize : 42 <-- 2750.570801 s
currentSize : 43 <-- 2750.570801 s

TIMEOUT
maxsize : 43
nodes : 638637081.000000
filtered : 5810380214.000000
time : 3600.000000
