Parameters: GAD=1 vflib=1 dir=0 label=1 lowerbound=1 fileNameGp=../graphsdb/mcs50/bvg/b06/mcs50_b06_s80.A52 fileNameGt=../graphsdb/mcs50/bvg/b06/mcs50_b06_s80.B52
Reading graphs...
80 :  238
80 :  240
Initializing...
maxdom : 10
D->valSize : 462
Solving...
Blb : 2 (clique : 24)
currentSize : 24 <-- 0.007503 s
currentSize : 25 <-- 0.031647 s
currentSize : 26 <-- 0.331346 s
currentSize : 27 <-- 0.578022 s
currentSize : 28 <-- 2.295803 s
currentSize : 29 <-- 3.605608 s
currentSize : 30 <-- 3.989014 s
currentSize : 31 <-- 4.992444 s
currentSize : 33 <-- 11.457419 s
currentSize : 34 <-- 11.487490 s
currentSize : 36 <-- 11.487614 s
currentSize : 37 <-- 19.423079 s
currentSize : 38 <-- 42.859936 s
currentSize : 39 <-- 42.860161 s
currentSize : 40 <-- 95.124733 s
currentSize : 41 <-- 149.925232 s

maxsize : 41
nodes : 270785898.000000
filtered : 2252014199.000000
time : 1425.614746
