Parameters: GAD=1 vflib=1 dir=0 label=1 lowerbound=1 fileNameGp=../graphsdb/mcs50/rand/r01/mcs50_r01_s80.A06 fileNameGt=../graphsdb/mcs50/rand/r01/mcs50_r01_s80.B06
Reading graphs...
80 :  597
80 :  600
Initializing...
maxdom : 10
D->valSize : 463
Solving...
Blb : 2 (clique : 14)
currentSize : 14 <-- 0.004450 s
currentSize : 15 <-- 0.006394 s
currentSize : 16 <-- 0.068010 s
currentSize : 18 <-- 0.073518 s
currentSize : 19 <-- 0.085735 s
currentSize : 22 <-- 0.115582 s
currentSize : 23 <-- 0.155294 s
currentSize : 24 <-- 0.224602 s
currentSize : 26 <-- 0.261166 s
currentSize : 29 <-- 0.298956 s
currentSize : 30 <-- 0.481395 s
currentSize : 31 <-- 0.614684 s
currentSize : 32 <-- 0.615753 s
currentSize : 37 <-- 0.706140 s

maxsize : 37
nodes : 147945.000000
filtered : 2152928.000000
time : 0.884338
