Parameters: GAD=1 vflib=1 dir=0 label=1 lowerbound=1 fileNameGp=../graphsdb/mcs50/m2D/m2Dr2/mcs50_m2Dr2_s60.A85 fileNameGt=../graphsdb/mcs50/m2D/m2Dr2/mcs50_m2Dr2_s60.B85
Reading graphs...
60 :  116
60 :  112
Initializing...
maxdom : 8
D->valSize : 231
Solving...
Blb : 2 (clique : 23)
currentSize : 23 <-- 0.001756 s
currentSize : 24 <-- 0.002005 s
currentSize : 25 <-- 0.006071 s
currentSize : 26 <-- 0.597040 s
currentSize : 27 <-- 0.599029 s
currentSize : 28 <-- 2.057046 s

maxsize : 28
nodes : 3012690.000000
filtered : 14597528.000000
time : 12.384044
