Parameters: GAD=1 vflib=1 dir=0 label=1 lowerbound=1 fileNameGp=../graphsdb/mcs50/bvg/b09m/mcs50_b09m_s70.A21 fileNameGt=../graphsdb/mcs50/bvg/b09m/mcs50_b09m_s70.B21
Reading graphs...
70 :  304
70 :  303
Initializing...
maxdom : 10
D->valSize : 358
Solving...
Blb : 2 (clique : 17)
currentSize : 17 <-- 0.002948 s
currentSize : 19 <-- 0.003063 s
currentSize : 20 <-- 0.003488 s
currentSize : 21 <-- 0.019889 s
currentSize : 23 <-- 0.039247 s
currentSize : 24 <-- 0.043936 s
currentSize : 27 <-- 0.266125 s
currentSize : 28 <-- 0.266597 s
currentSize : 29 <-- 0.267320 s
currentSize : 30 <-- 0.301737 s
currentSize : 31 <-- 0.306178 s

maxsize : 31
nodes : 5545793.000000
filtered : 31843331.000000
time : 24.928629
