Parameters: GAD=1 vflib=1 dir=0 label=1 lowerbound=1 fileNameGp=../graphsdb/mcs50/bvg/b09/mcs50_b09_s90.A40 fileNameGt=../graphsdb/mcs50/bvg/b09/mcs50_b09_s90.B40
Reading graphs...
90 :  400
90 :  400
Initializing...
maxdom : 13
D->valSize : 579
Solving...
Blb : 2 (clique : 23)
currentSize : 23 <-- 0.006734 s
currentSize : 24 <-- 25.840527 s
currentSize : 25 <-- 25.840563 s
currentSize : 26 <-- 25.840988 s
currentSize : 27 <-- 31.317064 s
currentSize : 28 <-- 31.317499 s
currentSize : 30 <-- 43.051849 s
currentSize : 32 <-- 43.052437 s
currentSize : 33 <-- 56.085003 s
currentSize : 34 <-- 56.086689 s
currentSize : 35 <-- 56.087391 s
currentSize : 36 <-- 107.570702 s
currentSize : 37 <-- 107.571823 s
currentSize : 38 <-- 196.342255 s
currentSize : 39 <-- 196.448380 s
currentSize : 40 <-- 245.485657 s
currentSize : 41 <-- 245.486313 s
currentSize : 42 <-- 245.496948 s
currentSize : 43 <-- 596.563782 s
currentSize : 44 <-- 596.566833 s

maxsize : 44
nodes : 217114802.000000
filtered : 1698867480.000000
time : 1185.035767
