Parameters: GAD=1 vflib=1 dir=0 label=1 lowerbound=1 fileNameGp=../graphsdb/mcs50/rand/r01/mcs50_r01_s80.A71 fileNameGt=../graphsdb/mcs50/rand/r01/mcs50_r01_s80.B71
Reading graphs...
80 :  601
80 :  604
Initializing...
maxdom : 8
D->valSize : 407
Solving...
Blb : 2 (clique : 13)
currentSize : 13 <-- 0.005890 s
currentSize : 14 <-- 0.006073 s
currentSize : 15 <-- 0.007398 s
currentSize : 16 <-- 0.047157 s
currentSize : 18 <-- 0.050090 s
currentSize : 20 <-- 0.050617 s
currentSize : 22 <-- 0.070016 s
currentSize : 24 <-- 0.070088 s
currentSize : 25 <-- 0.095427 s
currentSize : 27 <-- 0.132105 s
currentSize : 30 <-- 0.501641 s
currentSize : 31 <-- 0.849236 s
currentSize : 36 <-- 0.876823 s

maxsize : 36
nodes : 352775.000000
filtered : 5055161.000000
time : 2.266891
