Parameters: GAD=1 vflib=1 dir=0 label=1 lowerbound=1 fileNameGp=../graphsdb/mcs50/rand/r02/mcs50_r02_s70.A16 fileNameGt=../graphsdb/mcs50/rand/r02/mcs50_r02_s70.B16
Reading graphs...
70 :  865
70 :  853
Initializing...
maxdom : 9
D->valSize : 353
Solving...
Blb : 2 (clique : 8)
currentSize : 8 <-- 0.002793 s
currentSize : 9 <-- 0.002972 s
currentSize : 12 <-- 0.003047 s
currentSize : 13 <-- 0.003671 s
currentSize : 16 <-- 0.006865 s
currentSize : 17 <-- 0.036853 s
currentSize : 19 <-- 0.056635 s
currentSize : 23 <-- 0.078223 s
currentSize : 25 <-- 0.078282 s

maxsize : 25
nodes : 68286.000000
filtered : 409707.000000
time : 0.273390
