Parameters: GAD=1 vflib=1 dir=0 label=1 lowerbound=1 fileNameGp=../graphsdb/mcs50/bvg/b03m/mcs50_b03m_s100.A19 fileNameGt=../graphsdb/mcs50/bvg/b03m/mcs50_b03m_s100.B19
Reading graphs...
100 :  150
100 :  150
Initializing...
maxdom : 7
D->valSize : 386
Solving...
Blb : 2 (clique : 47)
currentSize : 47 <-- 0.004142 s
currentSize : 48 <-- 0.030562 s
currentSize : 49 <-- 0.368239 s
currentSize : 50 <-- 0.368397 s
currentSize : 51 <-- 863.374756 s
currentSize : 52 <-- 1895.701294 s
currentSize : 53 <-- 1895.701538 s

TIMEOUT
maxsize : 53
nodes : 752559702.000000
filtered : 2064402740.000000
time : 3600.000000
