Parameters: GAD=1 vflib=1 dir=0 label=1 lowerbound=1 fileNameGp=../graphsdb/mcs50/bvg/b09m/mcs50_b09m_s25.A60 fileNameGt=../graphsdb/mcs50/bvg/b09m/mcs50_b09m_s25.B60
Reading graphs...
25 :  102
25 :  100
Initializing...
maxdom : 9
D->valSize : 167
Solving...
Blb : 3 (clique : 8)
currentSize : 8 <-- 0.000912 s
currentSize : 9 <-- 0.003283 s
currentSize : 10 <-- 0.003323 s
currentSize : 11 <-- 0.005531 s
currentSize : 12 <-- 0.008519 s

maxsize : 12
nodes : 2948.000000
filtered : 42218.000000
time : 0.010001
