Parameters: GAD=1 vflib=1 dir=0 label=1 lowerbound=1 fileNameGp=../graphsdb/mcs50/bvg/b03/mcs50_b03_s100.A00 fileNameGt=../graphsdb/mcs50/bvg/b03/mcs50_b03_s100.B00
Reading graphs...
100 :  150
100 :  150
Initializing...
maxdom : 7
D->valSize : 369
Solving...
Blb : 2 (clique : 38)
currentSize : 38 <-- 0.004000 s
currentSize : 39 <-- 0.136632 s
currentSize : 40 <-- 0.140193 s
currentSize : 41 <-- 0.296897 s
currentSize : 42 <-- 0.302720 s
currentSize : 43 <-- 0.492950 s
currentSize : 44 <-- 1.530448 s
currentSize : 45 <-- 92.391144 s
currentSize : 46 <-- 194.670013 s
currentSize : 47 <-- 194.670105 s
currentSize : 48 <-- 195.419617 s
currentSize : 49 <-- 587.893677 s
currentSize : 50 <-- 2051.095947 s
currentSize : 51 <-- 3316.816650 s

TIMEOUT
maxsize : 51
nodes : 694664355.000000
filtered : 3739643886.000000
time : 3600.000000
