Parameters: GAD=1 vflib=1 dir=0 label=1 lowerbound=1 fileNameGp=../graphsdb/mcs50/bvg/b03m/mcs50_b03m_s50.A57 fileNameGt=../graphsdb/mcs50/bvg/b03m/mcs50_b03m_s50.B57
Reading graphs...
50 :  75
50 :  74
Initializing...
maxdom : 12
D->valSize : 324
Solving...
Blb : 5 (clique : 20)
currentSize : 20 <-- 0.002620 s
currentSize : 23 <-- 0.002736 s
currentSize : 24 <-- 0.004130 s
currentSize : 25 <-- 4.263789 s
currentSize : 26 <-- 4.263933 s
currentSize : 27 <-- 16.709993 s
currentSize : 28 <-- 75.284439 s

maxsize : 28
nodes : 23263267.000000
filtered : 256854070.000000
time : 106.025894
