Parameters: GAD=1 vflib=1 dir=0 label=1 lowerbound=1 fileNameGp=../graphsdb/mcs50/m2D/m2Dr4/mcs50_m2Dr4_s20.A00 fileNameGt=../graphsdb/mcs50/m2D/m2Dr4/mcs50_m2Dr4_s20.B00
Reading graphs...
20 :  37
20 :  37
Initializing...
maxdom : 8
D->valSize : 103
Solving...
Blb : 2 (clique : 6)
currentSize : 6 <-- 0.000563 s
currentSize : 7 <-- 0.000633 s
currentSize : 8 <-- 0.000842 s
currentSize : 9 <-- 0.001403 s
currentSize : 10 <-- 0.002017 s
currentSize : 11 <-- 0.003284 s

maxsize : 11
nodes : 1807.000000
filtered : 15509.000000
time : 0.004991
