Parameters: GAD=1 vflib=1 dir=0 label=1 lowerbound=1 fileNameGp=../graphsdb/mcs50/m2D/m2D/mcs50_m2D_s40.A74 fileNameGt=../graphsdb/mcs50/m2D/m2D/mcs50_m2D_s40.B74
Reading graphs...
40 :  66
40 :  66
Initializing...
maxdom : 8
D->valSize : 220
Solving...
Blb : 2 (clique : 15)
currentSize : 15 <-- 0.001351 s
currentSize : 17 <-- 0.001427 s
currentSize : 18 <-- 0.001453 s
currentSize : 19 <-- 4.285752 s
currentSize : 20 <-- 6.475390 s

maxsize : 20
nodes : 3003986.000000
filtered : 33344583.000000
time : 11.631465
