Parameters: GAD=1 vflib=1 dir=0 label=1 lowerbound=1 fileNameGp=../graphsdb/mcs50/bvg/b06m/mcs50_b06m_s60.A69 fileNameGt=../graphsdb/mcs50/bvg/b06m/mcs50_b06m_s60.B69
Reading graphs...
60 :  177
60 :  179
Initializing...
maxdom : 6
D->valSize : 227
Solving...
Blb : 3 (clique : 23)
currentSize : 23 <-- 0.001759 s
currentSize : 24 <-- 0.026361 s
currentSize : 25 <-- 0.310678 s
currentSize : 27 <-- 0.379539 s
currentSize : 28 <-- 0.380460 s
currentSize : 29 <-- 1.675559 s
currentSize : 30 <-- 2.081949 s

maxsize : 30
nodes : 2194041.000000
filtered : 9158805.000000
time : 8.138516
