Parameters: GAD=1 vflib=1 dir=0 label=1 lowerbound=1 fileNameGp=../graphsdb/mcs50/m2D/m2Dr2/mcs50_m2Dr2_s70.A78 fileNameGt=../graphsdb/mcs50/m2D/m2Dr2/mcs50_m2Dr2_s70.B78
Reading graphs...
70 :  134
70 :  134
Initializing...
maxdom : 9
D->valSize : 356
Solving...
Blb : 3 (clique : 27)
currentSize : 27 <-- 0.003062 s
currentSize : 28 <-- 0.464610 s
currentSize : 29 <-- 2.309415 s
currentSize : 30 <-- 5.462786 s
currentSize : 31 <-- 16.168806 s
currentSize : 32 <-- 407.727325 s
currentSize : 33 <-- 408.436401 s
currentSize : 34 <-- 449.736420 s
currentSize : 35 <-- 486.730255 s
currentSize : 36 <-- 486.741150 s
currentSize : 37 <-- 486.823730 s

maxsize : 37
nodes : 120791181.000000
filtered : 1176335696.000000
time : 582.961182
