Parameters: GAD=1 vflib=1 dir=0 label=1 lowerbound=1 fileNameGp=../graphsdb/mcs50/bvg/b09/mcs50_b09_s100.A52 fileNameGt=../graphsdb/mcs50/bvg/b09/mcs50_b09_s100.B52
Reading graphs...
100 :  445
100 :  446
Initializing...
maxdom : 11
D->valSize : 371
Solving...
Blb : 2 (clique : 41)
currentSize : 41 <-- 0.006091 s
currentSize : 42 <-- 0.006508 s
currentSize : 43 <-- 0.032820 s
currentSize : 47 <-- 0.726059 s
currentSize : 49 <-- 7.502143 s
currentSize : 50 <-- 7.502554 s

maxsize : 50
nodes : 9922826.000000
filtered : 51714842.000000
time : 57.279217
