Parameters: GAD=1 vflib=1 dir=0 label=1 lowerbound=1 fileNameGp=../graphsdb/mcs50/bvg/b06/mcs50_b06_s100.A39 fileNameGt=../graphsdb/mcs50/bvg/b06/mcs50_b06_s100.B39
Reading graphs...
100 :  296
100 :  299
Initializing...
maxdom : 7
D->valSize : 352
Solving...
Blb : 2 (clique : 29)
currentSize : 29 <-- 0.003940 s
currentSize : 30 <-- 0.032325 s
currentSize : 31 <-- 0.207631 s
currentSize : 33 <-- 0.403049 s
currentSize : 34 <-- 0.404429 s
currentSize : 35 <-- 1.305822 s
currentSize : 36 <-- 1.333630 s
currentSize : 37 <-- 8.280483 s
currentSize : 39 <-- 8.287009 s
currentSize : 40 <-- 8.287289 s
currentSize : 41 <-- 24.243933 s
currentSize : 43 <-- 25.525650 s
currentSize : 44 <-- 25.527685 s
currentSize : 45 <-- 25.528500 s
currentSize : 46 <-- 28.009932 s
currentSize : 47 <-- 409.932831 s
currentSize : 48 <-- 1341.890991 s
currentSize : 49 <-- 1341.897217 s
currentSize : 50 <-- 1341.897339 s
currentSize : 51 <-- 1341.927124 s
currentSize : 52 <-- 2676.705078 s

TIMEOUT
maxsize : 52
nodes : 616219835.000000
filtered : 3401073898.000000
time : 3600.000000
