Parameters: GAD=1 vflib=1 dir=0 label=1 lowerbound=1 fileNameGp=../graphsdb/mcs50/rand/r005/mcs50_r005_s60.A33 fileNameGt=../graphsdb/mcs50/rand/r005/mcs50_r005_s60.B33
Reading graphs...
60 :  171
60 :  174
Initializing...
maxdom : 6
D->valSize : 231
Solving...
Blb : 2 (clique : 19)
currentSize : 19 <-- 0.001786 s
currentSize : 20 <-- 0.002510 s
currentSize : 21 <-- 0.041502 s
currentSize : 22 <-- 0.062685 s
currentSize : 23 <-- 0.137236 s
currentSize : 24 <-- 0.410774 s
currentSize : 25 <-- 0.699024 s
currentSize : 26 <-- 2.941639 s
currentSize : 27 <-- 3.247637 s
currentSize : 29 <-- 3.604349 s
currentSize : 30 <-- 3.622069 s

maxsize : 30
nodes : 963379.000000
filtered : 8122878.000000
time : 4.179543
