Parameters: GAD=1 vflib=1 dir=0 label=1 lowerbound=1 fileNameGp=../graphsdb/mcs50/bvg/b06/mcs50_b06_s80.A63 fileNameGt=../graphsdb/mcs50/bvg/b06/mcs50_b06_s80.B63
Reading graphs...
80 :  239
80 :  240
Initializing...
maxdom : 8
D->valSize : 402
Solving...
Blb : 2 (clique : 24)
currentSize : 24 <-- 0.003927 s
currentSize : 25 <-- 0.004105 s
currentSize : 26 <-- 0.004154 s
currentSize : 27 <-- 0.099526 s
currentSize : 28 <-- 0.110743 s
currentSize : 29 <-- 1.309940 s
currentSize : 30 <-- 1.945021 s
currentSize : 32 <-- 38.960335 s
currentSize : 33 <-- 39.639771 s
currentSize : 34 <-- 1224.176880 s
currentSize : 35 <-- 1224.179443 s
currentSize : 36 <-- 1224.186157 s
currentSize : 37 <-- 1225.590820 s
currentSize : 38 <-- 1225.598877 s
currentSize : 40 <-- 1566.490356 s
currentSize : 41 <-- 1566.499634 s

maxsize : 41
nodes : 367648650.000000
filtered : 3495452720.000000
time : 2050.445557
