Parameters: GAD=1 vflib=1 dir=0 label=1 lowerbound=1 fileNameGp=../graphsdb/mcs50/bvg/b09m/mcs50_b09m_s80.A86 fileNameGt=../graphsdb/mcs50/bvg/b09m/mcs50_b09m_s80.B86
Reading graphs...
80 :  353
80 :  350
Initializing...
maxdom : 10
D->valSize : 434
Solving...
Blb : 3 (clique : 34)
currentSize : 34 <-- 0.004287 s
currentSize : 36 <-- 0.782581 s
currentSize : 37 <-- 0.792900 s
currentSize : 38 <-- 72.462547 s
currentSize : 39 <-- 72.591599 s

maxsize : 39
nodes : 45586837.000000
filtered : 286212571.000000
time : 226.608658
