Parameters: GAD=1 vflib=1 dir=0 label=1 lowerbound=1 fileNameGp=../graphsdb/mcs50/m3D/m3Dr6/mcs50_m3Dr6_s50.A81 fileNameGt=../graphsdb/mcs50/m3D/m3Dr6/mcs50_m3Dr6_s50.B81
Reading graphs...
50 :  136
50 :  136
Initializing...
maxdom : 11
D->valSize : 346
Solving...
Blb : 2 (clique : 15)
currentSize : 15 <-- 0.004077 s
currentSize : 17 <-- 0.004225 s
currentSize : 19 <-- 0.004345 s
currentSize : 21 <-- 0.004610 s
currentSize : 22 <-- 0.005396 s
currentSize : 24 <-- 0.015803 s
currentSize : 25 <-- 0.015887 s
currentSize : 26 <-- 0.016375 s

maxsize : 26
nodes : 493112.000000
filtered : 10855621.000000
time : 2.803169
