Parameters: GAD=1 vflib=1 dir=0 label=1 lowerbound=1 fileNameGp=../graphsdb/mcs50/bvg/b03m/mcs50_b03m_s70.A88 fileNameGt=../graphsdb/mcs50/bvg/b03m/mcs50_b03m_s70.B88
Reading graphs...
70 :  104
70 :  104
Initializing...
maxdom : 10
D->valSize : 365
Solving...
Blb : 2 (clique : 29)
currentSize : 29 <-- 0.005396 s
currentSize : 30 <-- 0.005717 s
currentSize : 31 <-- 0.007284 s
currentSize : 33 <-- 0.007512 s
currentSize : 35 <-- 0.008437 s
currentSize : 36 <-- 0.020085 s
currentSize : 37 <-- 0.309625 s

TIMEOUT
maxsize : 37
nodes : 722793843.000000
filtered : 7253957851.000000
time : 3600.000000
