Parameters: GAD=1 vflib=1 dir=0 label=1 lowerbound=1 fileNameGp=../graphsdb/mcs50/m2D/m2Dr4/mcs50_m2Dr4_s80.A73 fileNameGt=../graphsdb/mcs50/m2D/m2Dr4/mcs50_m2Dr4_s80.B73
Reading graphs...
80 :  171
80 :  169
Initializing...
maxdom : 9
D->valSize : 463
Solving...
Blb : 2 (clique : 27)
currentSize : 27 <-- 0.004672 s
currentSize : 32 <-- 0.004879 s
currentSize : 33 <-- 0.004957 s
currentSize : 34 <-- 0.005455 s
currentSize : 35 <-- 0.005509 s
currentSize : 36 <-- 2.326237 s
currentSize : 37 <-- 3.807460 s
currentSize : 38 <-- 3410.485352 s
currentSize : 39 <-- 3411.822754 s

TIMEOUT
maxsize : 39
nodes : 616511037.000000
filtered : 6491675311.000000
time : 3600.000000
