Parameters: GAD=1 vflib=1 dir=0 label=1 lowerbound=1 fileNameGp=../graphsdb/mcs50/rand/r01/mcs50_r01_s50.A23 fileNameGt=../graphsdb/mcs50/rand/r01/mcs50_r01_s50.B23
Reading graphs...
50 :  226
50 :  227
Initializing...
maxdom : 11
D->valSize : 343
Solving...
Blb : 2 (clique : 14)
currentSize : 14 <-- 0.003862 s
currentSize : 15 <-- 0.004268 s
currentSize : 19 <-- 0.514380 s
currentSize : 20 <-- 0.514415 s
currentSize : 24 <-- 0.847619 s

maxsize : 24
nodes : 225999.000000
filtered : 3162552.000000
time : 1.003452
