Parameters: GAD=1 vflib=1 dir=0 label=1 lowerbound=1 fileNameGp=../graphsdb/mcs50/rand/r02/mcs50_r02_s40.A05 fileNameGt=../graphsdb/mcs50/rand/r02/mcs50_r02_s40.B05
Reading graphs...
40 :  277
40 :  275
Initializing...
maxdom : 9
D->valSize : 226
Solving...
Blb : 2 (clique : 8)
currentSize : 8 <-- 0.001291 s
currentSize : 9 <-- 0.002961 s
currentSize : 10 <-- 0.003138 s
currentSize : 11 <-- 0.003820 s
currentSize : 16 <-- 0.009792 s

maxsize : 16
nodes : 3768.000000
filtered : 66823.000000
time : 0.016969
