Parameters: GAD=1 vflib=1 dir=0 label=1 lowerbound=1 fileNameGp=../graphsdb/mcs50/m2D/m2D/mcs50_m2D_s90.A31 fileNameGt=../graphsdb/mcs50/m2D/m2D/mcs50_m2D_s90.B31
Reading graphs...
90 :  161
90 :  161
Initializing...
maxdom : 11
D->valSize : 605
Solving...
Blb : 2 (clique : 48)
currentSize : 48 <-- 0.007728 s
currentSize : 49 <-- 0.008213 s
currentSize : 50 <-- 0.008649 s
currentSize : 51 <-- 0.017244 s
currentSize : 52 <-- 0.037319 s
currentSize : 53 <-- 2615.357910 s

TIMEOUT
maxsize : 53
nodes : 649648858.000000
filtered : 4705980372.000000
time : 3600.000000
