Parameters: GAD=1 vflib=1 dir=0 label=1 lowerbound=1 fileNameGp=../graphsdb/mcs50/m3D/m3Dr4/mcs50_m3Dr4_s60.A57 fileNameGt=../graphsdb/mcs50/m3D/m3Dr4/mcs50_m3Dr4_s60.B57
Reading graphs...
60 :  156
60 :  157
Initializing...
maxdom : 9
D->valSize : 228
Solving...
Blb : 3 (clique : 19)
currentSize : 19 <-- 0.001691 s
currentSize : 20 <-- 0.252218 s
currentSize : 22 <-- 0.595094 s
currentSize : 23 <-- 0.595144 s
currentSize : 25 <-- 2.120063 s
currentSize : 26 <-- 2.254905 s
currentSize : 28 <-- 5.739364 s

maxsize : 28
nodes : 2165469.000000
filtered : 11655980.000000
time : 8.025382
