Parameters: GAD=1 vflib=1 dir=0 label=1 lowerbound=1 fileNameGp=../graphsdb/mcs50/m2D/m2Dr2/mcs50_m2Dr2_s70.A53 fileNameGt=../graphsdb/mcs50/m2D/m2Dr2/mcs50_m2Dr2_s70.B53
Reading graphs...
70 :  137
70 :  136
Initializing...
maxdom : 7
D->valSize : 316
Solving...
Blb : 2 (clique : 29)
currentSize : 29 <-- 0.004360 s
currentSize : 30 <-- 0.005729 s
currentSize : 31 <-- 0.005851 s
currentSize : 32 <-- 0.483272 s
currentSize : 33 <-- 4.166177 s
currentSize : 34 <-- 16.568174 s
currentSize : 35 <-- 45.601177 s
currentSize : 36 <-- 48.762169 s
currentSize : 37 <-- 93.637306 s
currentSize : 38 <-- 153.884293 s

maxsize : 38
nodes : 109213096.000000
filtered : 589175662.000000
time : 495.705963
