Parameters: GAD=1 vflib=1 dir=0 label=1 lowerbound=1 fileNameGp=../graphsdb/mcs50/bvg/b06m/mcs50_b06m_s70.A52 fileNameGt=../graphsdb/mcs50/bvg/b06m/mcs50_b06m_s70.B52
Reading graphs...
70 :  205
70 :  208
Initializing...
maxdom : 8
D->valSize : 343
Solving...
Blb : 3 (clique : 22)
currentSize : 22 <-- 0.002895 s
currentSize : 23 <-- 1.077540 s
currentSize : 24 <-- 7.853246 s
currentSize : 25 <-- 7.853402 s
currentSize : 27 <-- 7.854341 s
currentSize : 28 <-- 8.424047 s
currentSize : 29 <-- 18.215872 s
currentSize : 30 <-- 18.216043 s
currentSize : 31 <-- 18.217031 s
currentSize : 32 <-- 20.412195 s
currentSize : 33 <-- 23.239372 s
currentSize : 34 <-- 23.968924 s
currentSize : 35 <-- 48.607658 s
currentSize : 36 <-- 58.330944 s

maxsize : 36
nodes : 12179900.000000
filtered : 107725029.000000
time : 62.102139
