Parameters: GAD=1 vflib=1 dir=0 label=1 lowerbound=1 fileNameGp=../graphsdb/mcs50/bvg/b03/mcs50_b03_s35.A61 fileNameGt=../graphsdb/mcs50/bvg/b03/mcs50_b03_s35.B61
Reading graphs...
35 :  52
35 :  51
Initializing...
maxdom : 8
D->valSize : 157
Solving...
Blb : 2 (clique : 15)
currentSize : 15 <-- 0.001310 s
currentSize : 16 <-- 0.001453 s
currentSize : 17 <-- 0.001526 s
currentSize : 18 <-- 0.004218 s
currentSize : 19 <-- 0.004683 s

maxsize : 19
nodes : 21780.000000
filtered : 154393.000000
time : 0.094743
