Parameters: GAD=1 vflib=1 dir=0 label=1 lowerbound=1 fileNameGp=../graphsdb/mcs50/bvg/b09m/mcs50_b09m_s70.A59 fileNameGt=../graphsdb/mcs50/bvg/b09m/mcs50_b09m_s70.B59
Reading graphs...
70 :  307
70 :  307
Initializing...
maxdom : 8
D->valSize : 337
Solving...
Blb : 2 (clique : 23)
currentSize : 23 <-- 0.003026 s
currentSize : 24 <-- 0.004001 s
currentSize : 25 <-- 0.005022 s
currentSize : 27 <-- 0.005194 s
currentSize : 28 <-- 0.005248 s
currentSize : 29 <-- 0.005294 s
currentSize : 30 <-- 0.007794 s
currentSize : 32 <-- 0.015540 s
currentSize : 33 <-- 0.016504 s

maxsize : 33
nodes : 9504742.000000
filtered : 45086970.000000
time : 41.628227
