Parameters: GAD=1 vflib=1 dir=0 label=1 lowerbound=1 fileNameGp=../graphsdb/mcs50/m2D/m2Dr6/mcs50_m2Dr6_s90.A31 fileNameGt=../graphsdb/mcs50/m2D/m2Dr6/mcs50_m2Dr6_s90.B31
Reading graphs...
90 :  213
90 :  213
Initializing...
maxdom : 9
D->valSize : 568
Solving...
Blb : 2 (clique : 43)
currentSize : 43 <-- 0.011498 s
currentSize : 44 <-- 0.012465 s
currentSize : 46 <-- 26.301289 s
currentSize : 47 <-- 26.301640 s
currentSize : 48 <-- 40.221176 s
currentSize : 49 <-- 40.390656 s

TIMEOUT
maxsize : 49
nodes : 737749126.000000
filtered : 3138562841.000000
time : 3600.000000
