Parameters: GAD=1 vflib=1 dir=0 label=1 lowerbound=1 fileNameGp=../graphsdb/mcs50/rand/r001/mcs50_r001_s100.A16 fileNameGt=../graphsdb/mcs50/rand/r001/mcs50_r001_s100.B16
Reading graphs...
100 :  124
100 :  124
Initializing...
maxdom : 7
D->valSize : 358
Solving...
Blb : 2 (clique : 50)
currentSize : 50 <-- 0.004106 s
currentSize : 51 <-- 0.005260 s
currentSize : 52 <-- 0.005325 s
currentSize : 53 <-- 0.006062 s
currentSize : 54 <-- 5.529001 s
currentSize : 55 <-- 1823.291138 s

TIMEOUT
maxsize : 55
nodes : 661413244.000000
filtered : 2668913001.000000
time : 3600.000000
