Parameters: GAD=1 vflib=1 dir=0 label=1 lowerbound=1 fileNameGp=../graphsdb/mcs50/m2D/m2Dr2/mcs50_m2Dr2_s80.A81 fileNameGt=../graphsdb/mcs50/m2D/m2Dr2/mcs50_m2Dr2_s80.B81
Reading graphs...
80 :  157
80 :  157
Initializing...
maxdom : 10
D->valSize : 452
Solving...
Blb : 2 (clique : 36)
currentSize : 36 <-- 0.007777 s
currentSize : 37 <-- 0.008244 s
currentSize : 38 <-- 0.012963 s
currentSize : 39 <-- 0.031196 s
currentSize : 40 <-- 0.147625 s
currentSize : 41 <-- 151.932831 s

TIMEOUT
maxsize : 41
nodes : 562455276.000000
filtered : 6335426431.000000
time : 3600.000000
