Parameters: GAD=1 vflib=1 dir=0 label=1 lowerbound=1 fileNameGp=../graphsdb/mcs50/m2D/m2Dr6/mcs50_m2Dr6_s60.A25 fileNameGt=../graphsdb/mcs50/m2D/m2Dr6/mcs50_m2Dr6_s60.B25
Reading graphs...
60 :  140
60 :  137
Initializing...
maxdom : 7
D->valSize : 254
Solving...
Blb : 2 (clique : 21)
currentSize : 21 <-- 0.002899 s
currentSize : 22 <-- 0.416911 s
currentSize : 23 <-- 1.134518 s
currentSize : 24 <-- 1.479499 s
currentSize : 26 <-- 11.466795 s
currentSize : 27 <-- 55.802975 s

maxsize : 27
nodes : 14541889.000000
filtered : 117221597.000000
time : 61.415176
