Parameters: GAD=1 vflib=1 dir=0 label=1 lowerbound=1 fileNameGp=../graphsdb/mcs50/bvg/b06/mcs50_b06_s40.A14 fileNameGt=../graphsdb/mcs50/bvg/b06/mcs50_b06_s40.B14
Reading graphs...
40 :  119
40 :  118
Initializing...
maxdom : 9
D->valSize : 209
Solving...
Blb : 2 (clique : 11)
currentSize : 11 <-- 0.001888 s
currentSize : 12 <-- 0.002804 s
currentSize : 13 <-- 0.002858 s
currentSize : 14 <-- 0.006248 s
currentSize : 16 <-- 0.008183 s
currentSize : 17 <-- 0.014006 s
currentSize : 18 <-- 0.060507 s
currentSize : 19 <-- 0.136958 s
currentSize : 20 <-- 0.179787 s

maxsize : 20
nodes : 61586.000000
filtered : 634348.000000
time : 0.234650
