Parameters: GAD=1 vflib=1 dir=0 label=1 lowerbound=1 fileNameGp=../graphsdb/mcs50/bvg/b06m/mcs50_b06m_s90.A35 fileNameGt=../graphsdb/mcs50/bvg/b06m/mcs50_b06m_s90.B35
Reading graphs...
90 :  266
90 :  266
Initializing...
maxdom : 10
D->valSize : 573
Solving...
Blb : 2 (clique : 37)
currentSize : 37 <-- 0.006952 s
currentSize : 38 <-- 0.008202 s
currentSize : 39 <-- 0.017144 s
currentSize : 40 <-- 0.133346 s
currentSize : 41 <-- 0.485751 s
currentSize : 42 <-- 0.485815 s
currentSize : 43 <-- 0.485914 s
currentSize : 44 <-- 0.669438 s
currentSize : 45 <-- 503.158051 s

TIMEOUT
maxsize : 45
nodes : 683157210.000000
filtered : 3935114206.000000
time : 3600.000000
