Parameters: GAD=1 vflib=1 dir=0 label=1 lowerbound=1 fileNameGp=../graphsdb/mcs50/m2D/m2Dr4/mcs50_m2Dr4_s60.A12 fileNameGt=../graphsdb/mcs50/m2D/m2Dr4/mcs50_m2Dr4_s60.B12
Reading graphs...
60 :  123
60 :  124
Initializing...
maxdom : 7
D->valSize : 248
Solving...
Blb : 2 (clique : 24)
currentSize : 24 <-- 0.001906 s
currentSize : 25 <-- 0.003674 s
currentSize : 26 <-- 0.045120 s
currentSize : 27 <-- 0.086150 s
currentSize : 28 <-- 0.377311 s
currentSize : 29 <-- 18.850321 s
currentSize : 30 <-- 18.947269 s
currentSize : 31 <-- 19.910984 s

maxsize : 31
nodes : 19807334.000000
filtered : 122605137.000000
time : 81.965591
