Parameters: GAD=1 vflib=1 dir=0 label=1 lowerbound=1 fileNameGp=../graphsdb/mcs50/m2D/m2D/mcs50_m2D_s50.A84 fileNameGt=../graphsdb/mcs50/m2D/m2D/mcs50_m2D_s50.B84
Reading graphs...
50 :  85
50 :  85
Initializing...
maxdom : 9
D->valSize : 318
Solving...
Blb : 2 (clique : 19)
currentSize : 19 <-- 0.003628 s
currentSize : 20 <-- 0.003808 s
currentSize : 21 <-- 0.003971 s
currentSize : 22 <-- 0.013047 s
currentSize : 23 <-- 0.054037 s
currentSize : 24 <-- 0.113930 s
currentSize : 25 <-- 1.425406 s
currentSize : 26 <-- 3.394133 s
currentSize : 27 <-- 10.335526 s
currentSize : 28 <-- 17.144308 s

maxsize : 28
nodes : 9360184.000000
filtered : 117133242.000000
time : 41.942631
