Parameters: GAD=1 vflib=1 dir=0 label=1 lowerbound=1 fileNameGp=../graphsdb/mcs50/m3D/m3Dr6/mcs50_m3Dr6_s60.A52 fileNameGt=../graphsdb/mcs50/m3D/m3Dr6/mcs50_m3Dr6_s60.B52
Reading graphs...
60 :  169
60 :  168
Initializing...
maxdom : 8
D->valSize : 231
Solving...
Blb : 3 (clique : 21)
currentSize : 21 <-- 0.001825 s
currentSize : 22 <-- 0.052496 s
currentSize : 23 <-- 0.167589 s
currentSize : 24 <-- 0.226308 s
currentSize : 25 <-- 0.228279 s
currentSize : 26 <-- 0.244276 s
currentSize : 27 <-- 0.367301 s
currentSize : 28 <-- 3.528970 s

maxsize : 28
nodes : 1015947.000000
filtered : 7930908.000000
time : 4.653428
