Parameters: GAD=1 vflib=1 dir=0 label=1 lowerbound=1 fileNameGp=../graphsdb/mcs50/m2D/m2D/mcs50_m2D_s60.A40 fileNameGt=../graphsdb/mcs50/m2D/m2D/mcs50_m2D_s60.B40
Reading graphs...
60 :  104
60 :  104
Initializing...
maxdom : 5
D->valSize : 233
Solving...
Blb : 5 (clique : 22)
currentSize : 22 <-- 0.001867 s
currentSize : 23 <-- 0.017403 s
currentSize : 24 <-- 0.034205 s
currentSize : 25 <-- 0.113538 s
currentSize : 26 <-- 0.180943 s
currentSize : 27 <-- 20.490747 s

maxsize : 27
nodes : 133295782.000000
filtered : 808952433.000000
time : 525.981018
