Parameters: GAD=1 vflib=1 dir=0 label=1 lowerbound=1 fileNameGp=../graphsdb/mcs50/m3D/m3Dr4/mcs50_m3Dr4_s50.A41 fileNameGt=../graphsdb/mcs50/m3D/m3Dr4/mcs50_m3Dr4_s50.B41
Reading graphs...
50 :  127
50 :  128
Initializing...
maxdom : 12
D->valSize : 335
Solving...
Blb : 3 (clique : 16)
currentSize : 16 <-- 0.002634 s
currentSize : 17 <-- 0.002733 s
currentSize : 18 <-- 0.010960 s
currentSize : 19 <-- 1.459260 s
currentSize : 20 <-- 5.241567 s
currentSize : 21 <-- 19.429867 s
currentSize : 22 <-- 19.433086 s
currentSize : 23 <-- 20.367241 s
currentSize : 24 <-- 20.367632 s
currentSize : 27 <-- 20.368704 s

maxsize : 27
nodes : 5438594.000000
filtered : 56705166.000000
time : 21.474596
