Parameters: GAD=1 vflib=1 dir=0 label=1 lowerbound=1 fileNameGp=../graphsdb/mcs50/bvg/b06/mcs50_b06_s20.A62 fileNameGt=../graphsdb/mcs50/bvg/b06/mcs50_b06_s20.B62
Reading graphs...
20 :  59
20 :  59
Initializing...
maxdom : 10
D->valSize : 132
Solving...
Blb : 2 (clique : 6)
currentSize : 6 <-- 0.000829 s
currentSize : 7 <-- 0.000903 s
currentSize : 8 <-- 0.002031 s
currentSize : 9 <-- 0.002115 s
currentSize : 10 <-- 0.002146 s

maxsize : 10
nodes : 710.000000
filtered : 7574.000000
time : 0.003581
