Parameters: GAD=1 vflib=1 dir=0 label=1 lowerbound=1 fileNameGp=../graphsdb/mcs50/bvg/b06m/mcs50_b06m_s40.A96 fileNameGt=../graphsdb/mcs50/bvg/b06m/mcs50_b06m_s40.B96
Reading graphs...
40 :  116
40 :  117
Initializing...
maxdom : 8
D->valSize : 203
Solving...
Blb : 2 (clique : 16)
currentSize : 16 <-- 0.001458 s
currentSize : 17 <-- 0.001558 s
currentSize : 18 <-- 0.002429 s
currentSize : 19 <-- 0.002696 s
currentSize : 20 <-- 0.003885 s

maxsize : 20
nodes : 19957.000000
filtered : 145176.000000
time : 0.070244
