Parameters: GAD=1 vflib=1 dir=0 label=1 lowerbound=1 fileNameGp=../graphsdb/mcs50/rand/r02/mcs50_r02_s30.A26 fileNameGt=../graphsdb/mcs50/rand/r02/mcs50_r02_s30.B26
Reading graphs...
30 :  153
30 :  154
Initializing...
maxdom : 6
D->valSize : 113
Solving...
Blb : 2 (clique : 6)
currentSize : 6 <-- 0.000698 s
currentSize : 7 <-- 0.000759 s
currentSize : 8 <-- 0.001134 s
currentSize : 9 <-- 0.001977 s
currentSize : 14 <-- 0.002412 s

maxsize : 14
nodes : 922.000000
filtered : 8040.000000
time : 0.003422
