Parameters: GAD=1 vflib=1 dir=0 label=1 lowerbound=1 fileNameGp=../graphsdb/mcs50/bvg/b06/mcs50_b06_s90.A16 fileNameGt=../graphsdb/mcs50/bvg/b06/mcs50_b06_s90.B16
Reading graphs...
90 :  269
90 :  269
Initializing...
maxdom : 9
D->valSize : 511
Solving...
Blb : 2 (clique : 33)
currentSize : 33 <-- 0.005815 s
currentSize : 35 <-- 0.014970 s
currentSize : 36 <-- 0.019730 s
currentSize : 37 <-- 0.438996 s
currentSize : 38 <-- 0.585628 s
currentSize : 39 <-- 5.910008 s
currentSize : 41 <-- 5.917695 s
currentSize : 42 <-- 5.917869 s
currentSize : 43 <-- 5.921735 s
currentSize : 44 <-- 5.947930 s
currentSize : 45 <-- 2066.935059 s
currentSize : 46 <-- 2067.229492 s

TIMEOUT
maxsize : 46
nodes : 621318029.000000
filtered : 5349974545.000000
time : 3600.000000
