Parameters: GAD=1 vflib=1 dir=0 label=1 lowerbound=1 fileNameGp=../graphsdb/mcs50/bvg/b03m/mcs50_b03m_s90.A98 fileNameGt=../graphsdb/mcs50/bvg/b03m/mcs50_b03m_s90.B98
Reading graphs...
90 :  135
90 :  134
Initializing...
maxdom : 10
D->valSize : 533
Solving...
Blb : 2 (clique : 37)
currentSize : 37 <-- 0.010551 s
currentSize : 38 <-- 0.011010 s
currentSize : 39 <-- 0.012666 s
currentSize : 40 <-- 0.020950 s
currentSize : 41 <-- 0.107112 s
currentSize : 42 <-- 17.470272 s
currentSize : 43 <-- 868.644104 s

TIMEOUT
maxsize : 43
nodes : 745585494.000000
filtered : 5421262385.000000
time : 3600.000000
