Parameters: GAD=1 vflib=1 dir=0 label=1 lowerbound=1 fileNameGp=../graphsdb/mcs50/m2D/m2D/mcs50_m2D_s50.A87 fileNameGt=../graphsdb/mcs50/m2D/m2D/mcs50_m2D_s50.B87
Reading graphs...
50 :  84
50 :  84
Initializing...
maxdom : 8
D->valSize : 309
Solving...
Blb : 3 (clique : 17)
currentSize : 17 <-- 0.002254 s
currentSize : 22 <-- 0.002363 s
currentSize : 23 <-- 0.686430 s
currentSize : 24 <-- 0.919413 s
currentSize : 25 <-- 23.470343 s
currentSize : 26 <-- 27.503777 s
currentSize : 27 <-- 27.504652 s

maxsize : 27
nodes : 7412269.000000
filtered : 74382799.000000
time : 28.941380
