Parameters: GAD=1 vflib=1 dir=0 label=1 lowerbound=1 fileNameGp=../graphsdb/mcs50/m2D/m2Dr6/mcs50_m2Dr6_s60.A04 fileNameGt=../graphsdb/mcs50/m2D/m2Dr6/mcs50_m2Dr6_s60.B04
Reading graphs...
60 :  139
60 :  135
Initializing...
maxdom : 7
D->valSize : 244
Solving...
Blb : 2 (clique : 21)
currentSize : 21 <-- 0.002001 s
currentSize : 22 <-- 0.003073 s
currentSize : 23 <-- 0.080213 s
currentSize : 24 <-- 1.006921 s
currentSize : 25 <-- 1.118317 s
currentSize : 26 <-- 20.526745 s
currentSize : 27 <-- 20.528366 s
currentSize : 28 <-- 58.780960 s

maxsize : 28
nodes : 16835049.000000
filtered : 107874357.000000
time : 70.057053
