Parameters: GAD=1 vflib=1 dir=0 label=1 lowerbound=1 fileNameGp=../graphsdb/mcs50/rand/r005/mcs50_r005_s90.A27 fileNameGt=../graphsdb/mcs50/rand/r005/mcs50_r005_s90.B27
Reading graphs...
90 :  391
90 :  393
Initializing...
maxdom : 12
D->valSize : 562
Solving...
Blb : 2 (clique : 20)
currentSize : 20 <-- 0.006519 s
currentSize : 22 <-- 0.006702 s
currentSize : 23 <-- 0.008029 s
currentSize : 24 <-- 0.012317 s
currentSize : 25 <-- 0.012395 s
currentSize : 26 <-- 0.012905 s
currentSize : 27 <-- 0.013154 s
currentSize : 28 <-- 0.016934 s
currentSize : 29 <-- 0.017061 s
currentSize : 30 <-- 0.019568 s
currentSize : 31 <-- 0.134014 s
currentSize : 32 <-- 689.186523 s
currentSize : 33 <-- 689.221741 s
currentSize : 34 <-- 689.222229 s
currentSize : 35 <-- 689.226929 s
currentSize : 37 <-- 689.227234 s
currentSize : 39 <-- 796.957214 s
currentSize : 40 <-- 796.957825 s
currentSize : 42 <-- 855.142578 s
currentSize : 44 <-- 855.143066 s

maxsize : 44
nodes : 148701944.000000
filtered : 2060955085.000000
time : 977.945618
