Parameters: GAD=1 vflib=1 dir=0 label=1 lowerbound=1 fileNameGp=../graphsdb/mcs50/bvg/b06m/mcs50_b06m_s90.A89 fileNameGt=../graphsdb/mcs50/bvg/b06m/mcs50_b06m_s90.B89
Reading graphs...
90 :  266
90 :  264
Initializing...
maxdom : 10
D->valSize : 562
Solving...
Blb : 2 (clique : 36)
currentSize : 36 <-- 0.006781 s
currentSize : 37 <-- 0.007064 s
currentSize : 38 <-- 0.007963 s
currentSize : 39 <-- 0.013563 s
currentSize : 40 <-- 0.236501 s
currentSize : 43 <-- 0.838176 s
currentSize : 44 <-- 0.842966 s
currentSize : 45 <-- 0.864961 s
currentSize : 46 <-- 0.922422 s
currentSize : 47 <-- 15.178688 s
currentSize : 48 <-- 40.631310 s

TIMEOUT
maxsize : 48
nodes : 672181679.000000
filtered : 3639975825.000000
time : 3600.000000
