Parameters: GAD=1 vflib=1 dir=0 label=1 lowerbound=1 fileNameGp=../graphsdb/mcs50/m3D/m3Dr6/mcs50_m3Dr6_s50.A88 fileNameGt=../graphsdb/mcs50/m3D/m3Dr6/mcs50_m3Dr6_s50.B88
Reading graphs...
50 :  134
50 :  134
Initializing...
maxdom : 10
D->valSize : 328
Solving...
Blb : 2 (clique : 20)
currentSize : 20 <-- 0.002770 s
currentSize : 21 <-- 0.058796 s
currentSize : 23 <-- 0.525833 s
currentSize : 24 <-- 0.729019 s
currentSize : 25 <-- 2.942361 s
currentSize : 26 <-- 3.539147 s
currentSize : 27 <-- 11.799536 s

maxsize : 27
nodes : 3132318.000000
filtered : 30184860.000000
time : 12.684876
