Parameters: GAD=1 vflib=1 dir=0 label=1 lowerbound=1 fileNameGp=../graphsdb/mcs50/m2D/m2Dr2/mcs50_m2Dr2_s40.A14 fileNameGt=../graphsdb/mcs50/m2D/m2Dr2/mcs50_m2Dr2_s40.B14
Reading graphs...
40 :  74
40 :  72
Initializing...
maxdom : 10
D->valSize : 215
Solving...
Blb : 2 (clique : 15)
currentSize : 15 <-- 0.001396 s
currentSize : 16 <-- 0.002234 s
currentSize : 17 <-- 0.332256 s
currentSize : 18 <-- 1.761940 s
currentSize : 19 <-- 1.775713 s
currentSize : 20 <-- 1.870720 s

maxsize : 20
nodes : 757207.000000
filtered : 6077551.000000
time : 2.134198
