Parameters: GAD=1 vflib=1 dir=0 label=1 lowerbound=1 fileNameGp=../graphsdb/mcs50/bvg/b06/mcs50_b06_s100.A65 fileNameGt=../graphsdb/mcs50/bvg/b06/mcs50_b06_s100.B65
Reading graphs...
100 :  299
100 :  296
Initializing...
maxdom : 8
D->valSize : 371
Solving...
Blb : 2 (clique : 39)
currentSize : 39 <-- 0.006477 s
currentSize : 40 <-- 0.380524 s
currentSize : 41 <-- 7.731893 s
currentSize : 42 <-- 144.860764 s
currentSize : 43 <-- 145.992386 s
currentSize : 44 <-- 146.177338 s
currentSize : 45 <-- 146.747513 s
currentSize : 46 <-- 396.032288 s

TIMEOUT
maxsize : 46
nodes : 667290541.000000
filtered : 3064599644.000000
time : 3600.000000
