Parameters: GAD=1 vflib=1 dir=0 label=1 lowerbound=1 fileNameGp=../graphsdb/mcs50/rand/r005/mcs50_r005_s35.A41 fileNameGt=../graphsdb/mcs50/rand/r005/mcs50_r005_s35.B41
Reading graphs...
35 :  62
35 :  61
Initializing...
maxdom : 7
D->valSize : 160
Solving...
Blb : 2 (clique : 12)
currentSize : 12 <-- 0.001314 s
currentSize : 14 <-- 0.001398 s
currentSize : 15 <-- 0.001596 s
currentSize : 16 <-- 0.047445 s
currentSize : 17 <-- 0.058117 s

maxsize : 17
nodes : 42794.000000
filtered : 433093.000000
time : 0.154816
