Parameters: GAD=1 vflib=1 dir=0 label=1 lowerbound=1 fileNameGp=../graphsdb/mcs50/m2D/m2Dr6/mcs50_m2Dr6_s40.A80 fileNameGt=../graphsdb/mcs50/m2D/m2Dr6/mcs50_m2Dr6_s40.B80
Reading graphs...
40 :  88
40 :  87
Initializing...
maxdom : 10
D->valSize : 222
Solving...
Blb : 2 (clique : 13)
currentSize : 13 <-- 0.001599 s
currentSize : 14 <-- 0.007743 s
currentSize : 15 <-- 0.013768 s
currentSize : 16 <-- 0.437439 s
currentSize : 17 <-- 0.438997 s
currentSize : 18 <-- 0.558784 s
currentSize : 19 <-- 0.873735 s

maxsize : 19
nodes : 337108.000000
filtered : 3269094.000000
time : 1.103678
