Parameters: GAD=1 vflib=1 dir=0 label=1 lowerbound=1 fileNameGp=../graphsdb/mcs50/bvg/b09m/mcs50_b09m_s70.A50 fileNameGt=../graphsdb/mcs50/bvg/b09m/mcs50_b09m_s70.B50
Reading graphs...
70 :  304
70 :  304
Initializing...
maxdom : 10
D->valSize : 390
Solving...
Blb : 2 (clique : 20)
currentSize : 20 <-- 0.003389 s
currentSize : 23 <-- 0.009985 s
currentSize : 25 <-- 0.015990 s
currentSize : 26 <-- 5.475089 s
currentSize : 27 <-- 5.982492 s
currentSize : 28 <-- 15.946355 s
currentSize : 29 <-- 17.727324 s
currentSize : 30 <-- 35.456924 s
currentSize : 31 <-- 35.458385 s

maxsize : 31
nodes : 10491715.000000
filtered : 92122621.000000
time : 48.979839
