Parameters: GAD=1 vflib=1 dir=0 label=1 lowerbound=1 fileNameGp=../graphsdb/mcs50/bvg/b03/mcs50_b03_s70.A41 fileNameGt=../graphsdb/mcs50/bvg/b03/mcs50_b03_s70.B41
Reading graphs...
70 :  105
70 :  104
Initializing...
maxdom : 9
D->valSize : 353
Solving...
Blb : 2 (clique : 31)
currentSize : 31 <-- 0.003040 s
currentSize : 33 <-- 0.003240 s
currentSize : 34 <-- 0.003646 s
currentSize : 35 <-- 0.096970 s
currentSize : 36 <-- 0.097785 s
currentSize : 37 <-- 0.131870 s
currentSize : 38 <-- 63.649326 s
currentSize : 39 <-- 2156.974121 s

maxsize : 39
nodes : 503545607.000000
filtered : 3715032081.000000
time : 2551.572021
