Parameters: GAD=1 vflib=1 dir=0 label=1 lowerbound=1 fileNameGp=../graphsdb/mcs50/rand/r01/mcs50_r01_s100.A06 fileNameGt=../graphsdb/mcs50/rand/r01/mcs50_r01_s100.B06
Reading graphs...
100 :  933
100 :  943
Initializing...
maxdom : 6
D->valSize : 361
Solving...
Blb : 2 (clique : 23)
currentSize : 23 <-- 0.003626 s
currentSize : 26 <-- 0.003814 s
currentSize : 32 <-- 0.005579 s
currentSize : 36 <-- 0.008513 s
currentSize : 37 <-- 0.008641 s
currentSize : 45 <-- 0.012963 s
currentSize : 46 <-- 0.013134 s

maxsize : 46
nodes : 157699.000000
filtered : 1260690.000000
time : 0.962521
