Parameters: GAD=1 vflib=1 dir=0 label=1 lowerbound=1 fileNameGp=../graphsdb/mcs50/m3D/m3Dr4/mcs50_m3Dr4_s60.A65 fileNameGt=../graphsdb/mcs50/m3D/m3Dr4/mcs50_m3Dr4_s60.B65
Reading graphs...
60 :  153
60 :  152
Initializing...
maxdom : 8
D->valSize : 236
Solving...
Blb : 3 (clique : 18)
currentSize : 18 <-- 0.001745 s
currentSize : 19 <-- 0.015155 s
currentSize : 20 <-- 0.019455 s
currentSize : 21 <-- 0.315006 s
currentSize : 22 <-- 1.991276 s
currentSize : 24 <-- 3.491532 s
currentSize : 26 <-- 3.593540 s
currentSize : 28 <-- 3.831790 s
currentSize : 29 <-- 4.692253 s

maxsize : 29
nodes : 1636830.000000
filtered : 9835482.000000
time : 6.384368
