Parameters: GAD=1 vflib=1 dir=0 label=1 lowerbound=1 fileNameGp=../graphsdb/mcs50/rand/r02/mcs50_r02_s40.A91 fileNameGt=../graphsdb/mcs50/rand/r02/mcs50_r02_s40.B91
Reading graphs...
40 :  280
40 :  281
Initializing...
maxdom : 7
D->valSize : 210
Solving...
Blb : 3 (clique : 7)
currentSize : 7 <-- 0.001276 s
currentSize : 8 <-- 0.001975 s
currentSize : 10 <-- 0.005105 s
currentSize : 11 <-- 0.007801 s
currentSize : 15 <-- 0.009867 s

maxsize : 15
nodes : 6668.000000
filtered : 83243.000000
time : 0.028371
