Parameters: GAD=1 vflib=1 dir=0 label=1 lowerbound=1 fileNameGp=../graphsdb/mcs50/bvg/b06/mcs50_b06_s50.A60 fileNameGt=../graphsdb/mcs50/bvg/b06/mcs50_b06_s50.B60
Reading graphs...
50 :  149
50 :  149
Initializing...
maxdom : 9
D->valSize : 317
Solving...
Blb : 2 (clique : 13)
currentSize : 13 <-- 0.002122 s
currentSize : 17 <-- 0.002210 s
currentSize : 18 <-- 0.002248 s
currentSize : 19 <-- 0.002529 s
currentSize : 20 <-- 9.165699 s
currentSize : 21 <-- 12.631630 s
currentSize : 23 <-- 14.111957 s
currentSize : 25 <-- 14.111978 s
currentSize : 26 <-- 15.130801 s

maxsize : 26
nodes : 3980895.000000
filtered : 46354676.000000
time : 16.172907
