Parameters: GAD=1 vflib=1 dir=0 label=1 lowerbound=1 fileNameGp=../graphsdb/mcs50/bvg/b06m/mcs50_b06m_s25.A44 fileNameGt=../graphsdb/mcs50/bvg/b06m/mcs50_b06m_s25.B44
Reading graphs...
25 :  71
25 :  71
Initializing...
maxdom : 12
D->valSize : 174
Solving...
Blb : 2 (clique : 9)
currentSize : 9 <-- 0.000862 s
currentSize : 10 <-- 0.007681 s
currentSize : 11 <-- 0.009311 s
currentSize : 12 <-- 0.014375 s
currentSize : 13 <-- 0.014420 s

maxsize : 13
nodes : 5929.000000
filtered : 65623.000000
time : 0.016634
