Parameters: GAD=1 vflib=1 dir=0 label=1 lowerbound=1 fileNameGp=../graphsdb/mcs50/bvg/b06m/mcs50_b06m_s70.A23 fileNameGt=../graphsdb/mcs50/bvg/b06m/mcs50_b06m_s70.B23
Reading graphs...
70 :  207
70 :  207
Initializing...
maxdom : 9
D->valSize : 330
Solving...
Blb : 3 (clique : 28)
currentSize : 28 <-- 0.002929 s
currentSize : 29 <-- 6.984669 s
currentSize : 31 <-- 75.659698 s
currentSize : 32 <-- 75.659775 s
currentSize : 33 <-- 75.661674 s
currentSize : 34 <-- 75.661766 s

maxsize : 34
nodes : 80218829.000000
filtered : 606761114.000000
time : 371.557709
