Parameters: GAD=1 vflib=1 dir=0 label=1 lowerbound=1 fileNameGp=../graphsdb/mcs50/rand/r005/mcs50_r005_s80.A54 fileNameGt=../graphsdb/mcs50/rand/r005/mcs50_r005_s80.B54
Reading graphs...
80 :  314
80 :  309
Initializing...
maxdom : 10
D->valSize : 449
Solving...
Blb : 2 (clique : 21)
currentSize : 21 <-- 0.004411 s
currentSize : 23 <-- 0.004623 s
currentSize : 24 <-- 0.004751 s
currentSize : 25 <-- 0.005548 s
currentSize : 26 <-- 0.005653 s
currentSize : 27 <-- 0.006907 s
currentSize : 31 <-- 0.007350 s
currentSize : 32 <-- 0.013925 s
currentSize : 33 <-- 16.364307 s
currentSize : 34 <-- 34.594116 s
currentSize : 35 <-- 34.596489 s
currentSize : 40 <-- 34.596687 s

maxsize : 40
nodes : 6384125.000000
filtered : 113298526.000000
time : 43.616467
