Parameters: GAD=1 vflib=1 dir=0 label=1 lowerbound=1 fileNameGp=../graphsdb/mcs50/rand/r005/mcs50_r005_s80.A93 fileNameGt=../graphsdb/mcs50/rand/r005/mcs50_r005_s80.B93
Reading graphs...
80 :  310
80 :  306
Initializing...
maxdom : 10
D->valSize : 440
Solving...
Blb : 2 (clique : 24)
currentSize : 24 <-- 0.004274 s
currentSize : 25 <-- 0.004579 s
currentSize : 30 <-- 0.006516 s
currentSize : 34 <-- 46.060478 s
currentSize : 40 <-- 86.814919 s

maxsize : 40
nodes : 19431774.000000
filtered : 274377812.000000
time : 119.119026
