Parameters: GAD=1 vflib=1 dir=0 label=1 lowerbound=1 fileNameGp=../graphsdb/mcs50/rand/r005/mcs50_r005_s90.A54 fileNameGt=../graphsdb/mcs50/rand/r005/mcs50_r005_s90.B54
Reading graphs...
90 :  394
90 :  387
Initializing...
maxdom : 11
D->valSize : 555
Solving...
Blb : 2 (clique : 20)
currentSize : 20 <-- 0.006360 s
currentSize : 21 <-- 0.011747 s
currentSize : 22 <-- 0.117055 s
currentSize : 23 <-- 0.722949 s
currentSize : 24 <-- 40.203815 s
currentSize : 25 <-- 60.421890 s
currentSize : 26 <-- 74.317398 s
currentSize : 27 <-- 74.317795 s
currentSize : 28 <-- 74.386047 s
currentSize : 29 <-- 107.035225 s
currentSize : 30 <-- 229.199020 s
currentSize : 32 <-- 319.857880 s
currentSize : 33 <-- 341.374298 s
currentSize : 34 <-- 341.379486 s
currentSize : 35 <-- 342.142883 s
currentSize : 37 <-- 342.143219 s
currentSize : 38 <-- 1066.602417 s
currentSize : 40 <-- 1066.602539 s
currentSize : 41 <-- 1066.605957 s
currentSize : 43 <-- 1066.606201 s

maxsize : 43
nodes : 224507069.000000
filtered : 3182980305.000000
time : 1444.325073
