Parameters: GAD=1 vflib=1 dir=0 label=1 lowerbound=1 fileNameGp=../graphsdb/mcs50/bvg/b06m/mcs50_b06m_s50.A88 fileNameGt=../graphsdb/mcs50/bvg/b06m/mcs50_b06m_s50.B88
Reading graphs...
50 :  143
50 :  145
Initializing...
maxdom : 9
D->valSize : 336
Solving...
Blb : 2 (clique : 20)
currentSize : 20 <-- 0.002482 s
currentSize : 21 <-- 0.010667 s
currentSize : 22 <-- 0.010715 s
currentSize : 24 <-- 1.157532 s
currentSize : 25 <-- 1.157564 s
currentSize : 27 <-- 1.157605 s

maxsize : 27
nodes : 680152.000000
filtered : 6338333.000000
time : 2.806715
