Parameters: GAD=1 vflib=1 dir=0 label=1 lowerbound=1 fileNameGp=../graphsdb/mcs50/m2D/m2Dr4/mcs50_m2Dr4_s70.A02 fileNameGt=../graphsdb/mcs50/m2D/m2Dr4/mcs50_m2Dr4_s70.B02
Reading graphs...
70 :  149
70 :  148
Initializing...
maxdom : 9
D->valSize : 354
Solving...
Blb : 2 (clique : 28)
currentSize : 28 <-- 0.003134 s
currentSize : 31 <-- 0.003420 s
currentSize : 32 <-- 0.004064 s
currentSize : 33 <-- 0.008314 s
currentSize : 34 <-- 0.013105 s
currentSize : 35 <-- 0.039445 s
currentSize : 36 <-- 0.041679 s

maxsize : 36
nodes : 12556229.000000
filtered : 95976310.000000
time : 65.713379
