Parameters: GAD=1 vflib=1 dir=0 label=1 lowerbound=1 fileNameGp=../graphsdb/mcs50/m2D/m2Dr6/mcs50_m2Dr6_s60.A67 fileNameGt=../graphsdb/mcs50/m2D/m2Dr6/mcs50_m2Dr6_s60.B67
Reading graphs...
60 :  136
60 :  139
Initializing...
maxdom : 7
D->valSize : 268
Solving...
Blb : 2 (clique : 22)
currentSize : 22 <-- 0.002020 s
currentSize : 23 <-- 0.002179 s
currentSize : 24 <-- 0.004010 s
currentSize : 25 <-- 0.004084 s
currentSize : 26 <-- 5.020282 s
currentSize : 27 <-- 8.153035 s
currentSize : 28 <-- 17.012903 s

maxsize : 28
nodes : 8124735.000000
filtered : 73166355.000000
time : 37.522736
