Parameters: GAD=1 vflib=1 dir=0 label=1 lowerbound=1 fileNameGp=../graphsdb/mcs50/rand/r02/mcs50_r02_s50.A12 fileNameGt=../graphsdb/mcs50/rand/r02/mcs50_r02_s50.B12
Reading graphs...
50 :  441
50 :  429
Initializing...
maxdom : 9
D->valSize : 326
Solving...
Blb : 2 (clique : 6)
currentSize : 6 <-- 0.002227 s
currentSize : 7 <-- 0.002967 s
currentSize : 8 <-- 0.002998 s
currentSize : 9 <-- 0.006388 s
currentSize : 11 <-- 0.006457 s
currentSize : 12 <-- 0.010019 s
currentSize : 13 <-- 0.012509 s
currentSize : 16 <-- 0.018316 s
currentSize : 21 <-- 0.018609 s

maxsize : 21
nodes : 8173.000000
filtered : 152234.000000
time : 0.040506
