Parameters: GAD=1 vflib=1 dir=0 label=1 lowerbound=1 fileNameGp=../graphsdb/mcs50/m2D/m2D/mcs50_m2D_s60.A44 fileNameGt=../graphsdb/mcs50/m2D/m2D/mcs50_m2D_s60.B44
Reading graphs...
60 :  104
60 :  103
Initializing...
maxdom : 6
D->valSize : 227
Solving...
Blb : 2 (clique : 23)
currentSize : 23 <-- 0.001721 s
currentSize : 24 <-- 0.008715 s
currentSize : 25 <-- 0.013073 s
currentSize : 26 <-- 0.013292 s
currentSize : 27 <-- 0.495814 s
currentSize : 28 <-- 3.579584 s
currentSize : 29 <-- 4.505872 s
currentSize : 30 <-- 70.671654 s
currentSize : 31 <-- 70.675713 s

maxsize : 31
nodes : 27537518.000000
filtered : 159527413.000000
time : 110.649582
