Parameters: GAD=1 vflib=1 dir=0 label=1 lowerbound=1 fileNameGp=../graphsdb/mcs50/rand/r005/mcs50_r005_s30.A75 fileNameGt=../graphsdb/mcs50/rand/r005/mcs50_r005_s30.B75
Reading graphs...
30 :  47
30 :  47
Initializing...
maxdom : 8
D->valSize : 114
Solving...
Blb : 3 (clique : 13)
currentSize : 13 <-- 0.000636 s
currentSize : 14 <-- 0.000713 s
currentSize : 15 <-- 0.008666 s
currentSize : 16 <-- 0.010187 s
currentSize : 17 <-- 0.010227 s

maxsize : 17
nodes : 5781.000000
filtered : 32613.000000
time : 0.016210
