Parameters: GAD=1 vflib=1 dir=0 label=1 lowerbound=1 fileNameGp=../graphsdb/mcs50/rand/r01/mcs50_r01_s80.A10 fileNameGt=../graphsdb/mcs50/rand/r01/mcs50_r01_s80.B10
Reading graphs...
80 :  591
80 :  588
Initializing...
maxdom : 8
D->valSize : 408
Solving...
Blb : 5 (clique : 18)
currentSize : 18 <-- 0.003815 s
currentSize : 19 <-- 0.025206 s
currentSize : 20 <-- 0.025297 s
currentSize : 25 <-- 0.101146 s
currentSize : 26 <-- 0.185033 s
currentSize : 30 <-- 0.332587 s
currentSize : 35 <-- 0.398509 s
currentSize : 38 <-- 0.400389 s

maxsize : 38
nodes : 285585.000000
filtered : 3056923.000000
time : 1.756939
