Parameters: GAD=1 vflib=1 dir=0 label=1 lowerbound=1 fileNameGp=../graphsdb/mcs50/m2D/m2D/mcs50_m2D_s80.A92 fileNameGt=../graphsdb/mcs50/m2D/m2D/mcs50_m2D_s80.B92
Reading graphs...
80 :  142
80 :  141
Initializing...
maxdom : 9
D->valSize : 458
Solving...
Blb : 5 (clique : 37)
currentSize : 37 <-- 0.004861 s
currentSize : 38 <-- 0.006014 s
currentSize : 39 <-- 0.010791 s
currentSize : 40 <-- 1.422256 s
currentSize : 41 <-- 8.013109 s
currentSize : 42 <-- 56.554821 s

TIMEOUT
maxsize : 42
nodes : 615742923.000000
filtered : 6077296612.000000
time : 3600.000000
