Parameters: GAD=1 vflib=1 dir=0 label=1 lowerbound=1 fileNameGp=../graphsdb/mcs50/bvg/b03/mcs50_b03_s50.A50 fileNameGt=../graphsdb/mcs50/bvg/b03/mcs50_b03_s50.B50
Reading graphs...
50 :  75
50 :  75
Initializing...
maxdom : 10
D->valSize : 356
Solving...
Blb : 2 (clique : 24)
currentSize : 24 <-- 0.002876 s
currentSize : 25 <-- 0.003056 s
currentSize : 26 <-- 0.003528 s
currentSize : 27 <-- 0.004791 s
currentSize : 28 <-- 0.004881 s

maxsize : 28
nodes : 13669654.000000
filtered : 184414077.000000
time : 66.476387
