Parameters: GAD=1 vflib=1 dir=0 label=1 lowerbound=1 fileNameGp=../graphsdb/mcs50/rand/r005/mcs50_r005_s35.A55 fileNameGt=../graphsdb/mcs50/rand/r005/mcs50_r005_s35.B55
Reading graphs...
35 :  61
35 :  61
Initializing...
maxdom : 9
D->valSize : 177
Solving...
Blb : 2 (clique : 12)
currentSize : 12 <-- 0.001009 s
currentSize : 13 <-- 0.001086 s
currentSize : 14 <-- 0.001125 s
currentSize : 15 <-- 0.001165 s
currentSize : 16 <-- 0.004372 s
currentSize : 17 <-- 0.032578 s

maxsize : 17
nodes : 41799.000000
filtered : 393883.000000
time : 0.138670
