Parameters: GAD=1 vflib=1 dir=0 label=1 lowerbound=1 fileNameGp=../graphsdb/mcs50/bvg/b09/mcs50_b09_s80.A13 fileNameGt=../graphsdb/mcs50/bvg/b09/mcs50_b09_s80.B13
Reading graphs...
80 :  353
80 :  356
Initializing...
maxdom : 13
D->valSize : 484
Solving...
Blb : 3 (clique : 34)
currentSize : 34 <-- 0.004933 s
currentSize : 35 <-- 14.016298 s
currentSize : 36 <-- 22.403257 s
currentSize : 37 <-- 30.466606 s
currentSize : 39 <-- 49.515831 s
currentSize : 40 <-- 49.516167 s

maxsize : 40
nodes : 14732726.000000
filtered : 105272275.000000
time : 72.777252
