Parameters: GAD=1 vflib=1 dir=0 label=1 lowerbound=1 fileNameGp=../graphsdb/mcs50/m3D/m3Dr6/mcs50_m3Dr6_s50.A87 fileNameGt=../graphsdb/mcs50/m3D/m3Dr6/mcs50_m3Dr6_s50.B87
Reading graphs...
50 :  134
50 :  129
Initializing...
maxdom : 10
D->valSize : 343
Solving...
Blb : 2 (clique : 15)
currentSize : 15 <-- 0.002505 s
currentSize : 16 <-- 0.002927 s
currentSize : 18 <-- 0.042908 s
currentSize : 19 <-- 0.049883 s
currentSize : 20 <-- 7.116956 s
currentSize : 21 <-- 7.393993 s
currentSize : 22 <-- 20.393564 s
currentSize : 23 <-- 23.435064 s
currentSize : 24 <-- 33.001099 s
currentSize : 25 <-- 40.040257 s
currentSize : 26 <-- 40.379528 s

maxsize : 26
nodes : 10606349.000000
filtered : 139233198.000000
time : 44.074177
