Parameters: GAD=1 vflib=1 dir=0 label=1 lowerbound=1 fileNameGp=../graphsdb/mcs50/m2D/m2Dr2/mcs50_m2Dr2_s50.A63 fileNameGt=../graphsdb/mcs50/m2D/m2Dr2/mcs50_m2Dr2_s50.B63
Reading graphs...
50 :  95
50 :  95
Initializing...
maxdom : 11
D->valSize : 338
Solving...
Blb : 2 (clique : 19)
currentSize : 19 <-- 0.002527 s
currentSize : 20 <-- 0.002642 s
currentSize : 21 <-- 0.448899 s
currentSize : 22 <-- 100.801758 s
currentSize : 23 <-- 185.700027 s
currentSize : 24 <-- 198.657959 s
currentSize : 25 <-- 200.782150 s
currentSize : 26 <-- 205.350418 s
currentSize : 27 <-- 205.418732 s

maxsize : 27
nodes : 65591543.000000
filtered : 560341200.000000
time : 215.320557
