Parameters: GAD=1 vflib=1 dir=0 label=1 lowerbound=1 fileNameGp=../graphsdb/mcs50/m2D/m2Dr4/mcs50_m2Dr4_s80.A81 fileNameGt=../graphsdb/mcs50/m2D/m2Dr4/mcs50_m2Dr4_s80.B81
Reading graphs...
80 :  173
80 :  170
Initializing...
maxdom : 9
D->valSize : 445
Solving...
Blb : 2 (clique : 27)
currentSize : 27 <-- 0.004374 s
currentSize : 28 <-- 0.004567 s
currentSize : 29 <-- 0.005025 s
currentSize : 30 <-- 0.006418 s
currentSize : 31 <-- 0.012084 s
currentSize : 32 <-- 0.498337 s
currentSize : 33 <-- 2.203087 s
currentSize : 34 <-- 807.058044 s
currentSize : 35 <-- 1058.050537 s
currentSize : 36 <-- 1230.519409 s

TIMEOUT
maxsize : 36
nodes : 770591955.000000
filtered : 6265386348.000000
time : 3600.000000
