Parameters: GAD=1 vflib=1 dir=0 label=1 lowerbound=1 fileNameGp=../graphsdb/mcs50/bvg/b06m/mcs50_b06m_s40.A42 fileNameGt=../graphsdb/mcs50/bvg/b06m/mcs50_b06m_s40.B42
Reading graphs...
40 :  116
40 :  116
Initializing...
maxdom : 8
D->valSize : 231
Solving...
Blb : 3 (clique : 14)
currentSize : 14 <-- 0.002137 s
currentSize : 15 <-- 0.005068 s
currentSize : 16 <-- 0.006014 s
currentSize : 17 <-- 0.024019 s
currentSize : 19 <-- 0.024114 s
currentSize : 20 <-- 0.051053 s

maxsize : 20
nodes : 57345.000000
filtered : 604777.000000
time : 0.206588
