Parameters: GAD=1 vflib=1 dir=0 label=1 lowerbound=1 fileNameGp=../graphsdb/mcs50/bvg/b09m/mcs50_b09m_s35.A03 fileNameGt=../graphsdb/mcs50/bvg/b09m/mcs50_b09m_s35.B03
Reading graphs...
35 :  148
35 :  151
Initializing...
maxdom : 8
D->valSize : 188
Solving...
Blb : 2 (clique : 7)
currentSize : 7 <-- 0.001062 s
currentSize : 8 <-- 0.001113 s
currentSize : 9 <-- 0.001716 s
currentSize : 10 <-- 0.002893 s
currentSize : 12 <-- 0.004192 s
currentSize : 13 <-- 0.015985 s
currentSize : 14 <-- 0.016014 s
currentSize : 16 <-- 0.024165 s

maxsize : 16
nodes : 10953.000000
filtered : 97650.000000
time : 0.035554
