Parameters: GAD=1 vflib=1 dir=0 label=1 lowerbound=1 fileNameGp=../graphsdb/mcs50/m4D/m4D/mcs50_m4D_s40.A68 fileNameGt=../graphsdb/mcs50/m4D/m4D/mcs50_m4D_s40.B68
Reading graphs...
40 :  69
40 :  71
Initializing...
maxdom : 8
D->valSize : 198
Solving...
Blb : 2 (clique : 15)
currentSize : 15 <-- 0.001197 s
currentSize : 17 <-- 0.001273 s
currentSize : 18 <-- 0.001306 s
currentSize : 19 <-- 0.001846 s
currentSize : 20 <-- 0.002531 s

maxsize : 20
nodes : 1477385.000000
filtered : 12118559.000000
time : 4.801903
