Parameters: GAD=1 vflib=1 dir=0 label=1 lowerbound=1 fileNameGp=../graphsdb/mcs50/rand/r005/mcs50_r005_s60.A78 fileNameGt=../graphsdb/mcs50/rand/r005/mcs50_r005_s60.B78
Reading graphs...
60 :  169
60 :  171
Initializing...
maxdom : 7
D->valSize : 237
Solving...
Blb : 3 (clique : 23)
currentSize : 23 <-- 0.002668 s
currentSize : 24 <-- 0.238863 s
currentSize : 25 <-- 0.399995 s
currentSize : 26 <-- 0.400061 s
currentSize : 27 <-- 0.584775 s
currentSize : 28 <-- 0.590069 s
currentSize : 30 <-- 0.662625 s

maxsize : 30
nodes : 305111.000000
filtered : 1807002.000000
time : 1.352247
