Parameters: GAD=1 vflib=1 dir=0 label=1 lowerbound=1 fileNameGp=../graphsdb/mcs50/rand/r005/mcs50_r005_s90.A66 fileNameGt=../graphsdb/mcs50/rand/r005/mcs50_r005_s90.B66
Reading graphs...
90 :  388
90 :  385
Initializing...
maxdom : 9
D->valSize : 527
Solving...
Blb : 2 (clique : 31)
currentSize : 31 <-- 0.009717 s
currentSize : 34 <-- 0.054827 s
currentSize : 35 <-- 0.054961 s
currentSize : 36 <-- 0.055313 s
currentSize : 37 <-- 3.011092 s
currentSize : 38 <-- 3.011762 s
currentSize : 39 <-- 3.011982 s
currentSize : 40 <-- 3.054718 s
currentSize : 41 <-- 3.055712 s
currentSize : 42 <-- 3.055959 s
currentSize : 43 <-- 77.153954 s

maxsize : 43
nodes : 89846149.000000
filtered : 1662252855.000000
time : 660.767395
