Parameters: GAD=1 vflib=1 dir=0 label=1 lowerbound=1 fileNameGp=../graphsdb/mcs50/m2D/m2Dr4/mcs50_m2Dr4_s70.A09 fileNameGt=../graphsdb/mcs50/m2D/m2Dr4/mcs50_m2Dr4_s70.B09
Reading graphs...
70 :  149
70 :  148
Initializing...
maxdom : 10
D->valSize : 349
Solving...
Blb : 2 (clique : 31)
currentSize : 31 <-- 0.003216 s
currentSize : 34 <-- 0.032255 s
currentSize : 35 <-- 0.032401 s
currentSize : 37 <-- 0.354009 s
currentSize : 38 <-- 0.535222 s

maxsize : 38
nodes : 13464759.000000
filtered : 78845525.000000
time : 56.060104
