Parameters: GAD=1 vflib=1 dir=0 label=1 lowerbound=1 fileNameGp=../graphsdb/mcs50/m2D/m2Dr4/mcs50_m2Dr4_s70.A45 fileNameGt=../graphsdb/mcs50/m2D/m2Dr4/mcs50_m2Dr4_s70.B45
Reading graphs...
70 :  149
70 :  147
Initializing...
maxdom : 8
D->valSize : 320
Solving...
Blb : 2 (clique : 23)
currentSize : 23 <-- 0.004706 s
currentSize : 26 <-- 0.011724 s
currentSize : 27 <-- 0.013659 s
currentSize : 28 <-- 0.091413 s
currentSize : 30 <-- 0.206510 s
currentSize : 31 <-- 0.319518 s
currentSize : 32 <-- 1.383238 s
currentSize : 33 <-- 6.559995 s
currentSize : 34 <-- 7.905286 s
currentSize : 37 <-- 7.918614 s
currentSize : 39 <-- 17.924805 s

maxsize : 39
nodes : 12630811.000000
filtered : 66949038.000000
time : 57.189896
