Parameters: GAD=1 vflib=1 dir=0 label=1 lowerbound=1 fileNameGp=../graphsdb/mcs50/m3D/m3Dr2/mcs50_m3Dr2_s50.A29 fileNameGt=../graphsdb/mcs50/m3D/m3Dr2/mcs50_m3Dr2_s50.B29
Reading graphs...
50 :  116
50 :  117
Initializing...
maxdom : 10
D->valSize : 343
Solving...
Blb : 2 (clique : 20)
currentSize : 20 <-- 0.004091 s
currentSize : 21 <-- 0.363461 s
currentSize : 22 <-- 1.272163 s
currentSize : 23 <-- 1.272371 s
currentSize : 25 <-- 2.572545 s
currentSize : 26 <-- 9.862412 s
currentSize : 27 <-- 9.862545 s
currentSize : 28 <-- 10.189185 s

maxsize : 28
nodes : 2898229.000000
filtered : 34938743.000000
time : 12.303856
