Parameters: GAD=1 vflib=1 dir=0 label=1 lowerbound=1 fileNameGp=../graphsdb/mcs50/rand/r01/mcs50_r01_s70.A66 fileNameGt=../graphsdb/mcs50/rand/r01/mcs50_r01_s70.B66
Reading graphs...
70 :  458
70 :  448
Initializing...
maxdom : 10
D->valSize : 361
Solving...
Blb : 2 (clique : 12)
currentSize : 12 <-- 0.002970 s
currentSize : 13 <-- 0.008270 s
currentSize : 14 <-- 0.017969 s
currentSize : 15 <-- 0.037960 s
currentSize : 17 <-- 0.336262 s
currentSize : 19 <-- 0.336326 s
currentSize : 21 <-- 0.357326 s
currentSize : 28 <-- 0.418907 s
currentSize : 34 <-- 0.464993 s

maxsize : 34
nodes : 127039.000000
filtered : 1475931.000000
time : 0.606491
