Parameters: GAD=1 vflib=1 dir=0 label=1 lowerbound=1 fileNameGp=../graphsdb/mcs50/bvg/b03m/mcs50_b03m_s70.A49 fileNameGt=../graphsdb/mcs50/bvg/b03m/mcs50_b03m_s70.B49
Reading graphs...
70 :  105
70 :  105
Initializing...
maxdom : 8
D->valSize : 353
Solving...
Blb : 2 (clique : 31)
currentSize : 31 <-- 0.005199 s
currentSize : 32 <-- 0.018211 s
currentSize : 33 <-- 0.018449 s
currentSize : 34 <-- 0.024065 s
currentSize : 35 <-- 0.030246 s
currentSize : 36 <-- 0.030354 s
currentSize : 37 <-- 0.063802 s
currentSize : 38 <-- 0.095942 s
currentSize : 39 <-- 0.096049 s
currentSize : 40 <-- 1.952502 s

maxsize : 40
nodes : 61313687.000000
filtered : 519913122.000000
time : 317.894836
