Parameters: GAD=1 vflib=1 dir=0 label=1 lowerbound=1 fileNameGp=../graphsdb/mcs50/m2D/m2D/mcs50_m2D_s60.A80 fileNameGt=../graphsdb/mcs50/m2D/m2D/mcs50_m2D_s60.B80
Reading graphs...
60 :  104
60 :  104
Initializing...
maxdom : 8
D->valSize : 279
Solving...
Blb : 2 (clique : 22)
currentSize : 22 <-- 0.002158 s
currentSize : 23 <-- 0.002301 s
currentSize : 24 <-- 0.002461 s
currentSize : 25 <-- 0.014065 s
currentSize : 26 <-- 0.069387 s
currentSize : 27 <-- 0.069887 s
currentSize : 28 <-- 5.754487 s
currentSize : 29 <-- 19.443705 s
currentSize : 30 <-- 354.174805 s

maxsize : 30
nodes : 176693817.000000
filtered : 1657381117.000000
time : 760.965759
