Parameters: GAD=1 vflib=1 dir=0 label=1 lowerbound=1 fileNameGp=../graphsdb/mcs50/m2D/m2Dr6/mcs50_m2Dr6_s60.A32 fileNameGt=../graphsdb/mcs50/m2D/m2Dr6/mcs50_m2Dr6_s60.B32
Reading graphs...
60 :  137
60 :  138
Initializing...
maxdom : 8
D->valSize : 270
Solving...
Blb : 2 (clique : 19)
currentSize : 19 <-- 0.002011 s
currentSize : 20 <-- 0.026448 s
currentSize : 21 <-- 0.032043 s
currentSize : 22 <-- 0.536226 s
currentSize : 23 <-- 5.621322 s
currentSize : 24 <-- 5.708455 s
currentSize : 25 <-- 7.726029 s
currentSize : 26 <-- 7.726613 s
currentSize : 27 <-- 10.358490 s
currentSize : 28 <-- 24.957090 s

maxsize : 28
nodes : 8854022.000000
filtered : 67899540.000000
time : 38.059555
