Parameters: GAD=1 vflib=1 dir=0 label=1 lowerbound=1 fileNameGp=../graphsdb/mcs50/m2D/m2Dr2/mcs50_m2Dr2_s70.A11 fileNameGt=../graphsdb/mcs50/m2D/m2Dr2/mcs50_m2Dr2_s70.B11
Reading graphs...
70 :  135
70 :  136
Initializing...
maxdom : 8
D->valSize : 346
Solving...
Blb : 3 (clique : 31)
currentSize : 31 <-- 0.004974 s
currentSize : 32 <-- 833.732788 s
currentSize : 33 <-- 902.117798 s
currentSize : 34 <-- 1215.555786 s
currentSize : 35 <-- 1227.630737 s
currentSize : 36 <-- 1231.591919 s
currentSize : 37 <-- 1232.421021 s

maxsize : 37
nodes : 336010917.000000
filtered : 2627237366.000000
time : 1533.868164
