Parameters: GAD=1 vflib=1 dir=0 label=1 lowerbound=1 fileNameGp=../graphsdb/mcs50/bvg/b09m/mcs50_b09m_s90.A71 fileNameGt=../graphsdb/mcs50/bvg/b09m/mcs50_b09m_s90.B71
Reading graphs...
90 :  397
90 :  398
Initializing...
maxdom : 10
D->valSize : 543
Solving...
Blb : 2 (clique : 19)
currentSize : 19 <-- 0.010013 s
currentSize : 20 <-- 0.181308 s
currentSize : 21 <-- 0.256557 s
currentSize : 22 <-- 0.713780 s
currentSize : 23 <-- 0.804499 s
currentSize : 24 <-- 11.724480 s
currentSize : 25 <-- 12.941415 s
currentSize : 26 <-- 55.558537 s
currentSize : 27 <-- 55.558628 s
currentSize : 28 <-- 153.979065 s
currentSize : 36 <-- 396.390289 s
currentSize : 37 <-- 1107.845337 s
currentSize : 38 <-- 1468.773682 s
currentSize : 39 <-- 1468.775635 s
currentSize : 40 <-- 2121.096924 s
currentSize : 42 <-- 2371.234863 s

maxsize : 42
nodes : 509205513.000000
filtered : 5601574915.000000
time : 3034.356445
