Parameters: GAD=1 vflib=1 dir=0 label=1 lowerbound=1 fileNameGp=../graphsdb/mcs50/bvg/b06m/mcs50_b06m_s40.A43 fileNameGt=../graphsdb/mcs50/bvg/b06m/mcs50_b06m_s40.B43
Reading graphs...
40 :  117
40 :  117
Initializing...
maxdom : 6
D->valSize : 215
Solving...
Blb : 2 (clique : 12)
currentSize : 12 <-- 0.001288 s
currentSize : 13 <-- 0.001396 s
currentSize : 14 <-- 0.001642 s
currentSize : 15 <-- 0.002347 s
currentSize : 16 <-- 0.002368 s
currentSize : 19 <-- 0.060455 s
currentSize : 21 <-- 0.160131 s

maxsize : 21
nodes : 48079.000000
filtered : 564173.000000
time : 0.197130
