Parameters: GAD=1 vflib=1 dir=0 label=1 lowerbound=1 fileNameGp=../graphsdb/mcs50/m2D/m2Dr4/mcs50_m2Dr4_s90.A25 fileNameGt=../graphsdb/mcs50/m2D/m2Dr4/mcs50_m2Dr4_s90.B25
Reading graphs...
90 :  197
90 :  196
Initializing...
maxdom : 10
D->valSize : 527
Solving...
Blb : 2 (clique : 33)
currentSize : 33 <-- 0.006288 s
currentSize : 34 <-- 0.006589 s
currentSize : 35 <-- 0.006734 s
currentSize : 36 <-- 0.009009 s
currentSize : 37 <-- 0.012598 s
currentSize : 38 <-- 0.023499 s
currentSize : 39 <-- 0.023564 s
currentSize : 40 <-- 0.023672 s
currentSize : 41 <-- 0.023746 s
currentSize : 42 <-- 9.109595 s
currentSize : 43 <-- 15.902184 s
currentSize : 44 <-- 15.902431 s
currentSize : 45 <-- 17.423178 s
currentSize : 46 <-- 57.642216 s
currentSize : 47 <-- 352.068512 s
currentSize : 48 <-- 1811.852539 s
currentSize : 49 <-- 3018.995850 s

TIMEOUT
maxsize : 49
nodes : 700381518.000000
filtered : 4286815744.000000
time : 3600.000000
