Parameters: GAD=1 vflib=1 dir=0 label=1 lowerbound=1 fileNameGp=../graphsdb/mcs50/m2D/m2Dr4/mcs50_m2Dr4_s90.A33 fileNameGt=../graphsdb/mcs50/m2D/m2Dr4/mcs50_m2Dr4_s90.B33
Reading graphs...
90 :  197
90 :  196
Initializing...
maxdom : 11
D->valSize : 539
Solving...
Blb : 2 (clique : 34)
currentSize : 34 <-- 0.010561 s
currentSize : 38 <-- 0.010993 s
currentSize : 39 <-- 0.011223 s
currentSize : 40 <-- 0.012082 s
currentSize : 41 <-- 7.846030 s
currentSize : 42 <-- 11.412066 s
currentSize : 43 <-- 11.412457 s
currentSize : 44 <-- 43.887989 s
currentSize : 45 <-- 400.243530 s
currentSize : 46 <-- 720.994812 s

TIMEOUT
maxsize : 46
nodes : 592041200.000000
filtered : 5532744006.000000
time : 3600.000000
