Parameters: GAD=1 vflib=1 dir=0 label=1 lowerbound=1 fileNameGp=../graphsdb/mcs50/m2D/m2Dr2/mcs50_m2Dr2_s70.A09 fileNameGt=../graphsdb/mcs50/m2D/m2Dr2/mcs50_m2Dr2_s70.B09
Reading graphs...
70 :  135
70 :  134
Initializing...
maxdom : 8
D->valSize : 321
Solving...
Blb : 2 (clique : 32)
currentSize : 32 <-- 0.002666 s
currentSize : 33 <-- 0.002878 s
currentSize : 34 <-- 0.003067 s
currentSize : 35 <-- 0.004748 s
currentSize : 36 <-- 0.082714 s
currentSize : 37 <-- 2.438287 s

maxsize : 37
nodes : 56128605.000000
filtered : 504474837.000000
time : 301.272827
