Parameters: GAD=1 vflib=1 dir=0 label=1 lowerbound=1 fileNameGp=../graphsdb/mcs50/bvg/b03/mcs50_b03_s80.A37 fileNameGt=../graphsdb/mcs50/bvg/b03/mcs50_b03_s80.B37
Reading graphs...
80 :  120
80 :  120
Initializing...
maxdom : 9
D->valSize : 417
Solving...
Blb : 2 (clique : 34)
currentSize : 34 <-- 0.004308 s
currentSize : 35 <-- 0.005521 s
currentSize : 36 <-- 0.009815 s
currentSize : 37 <-- 0.010246 s
currentSize : 38 <-- 0.080068 s
currentSize : 39 <-- 636.006165 s

TIMEOUT
maxsize : 39
nodes : 691946263.000000
filtered : 5615087591.000000
time : 3600.000000
