Parameters: GAD=1 vflib=1 dir=0 label=1 lowerbound=1 fileNameGp=../graphsdb/mcs50/bvg/b06/mcs50_b06_s90.A43 fileNameGt=../graphsdb/mcs50/bvg/b06/mcs50_b06_s90.B43
Reading graphs...
90 :  270
90 :  269
Initializing...
maxdom : 10
D->valSize : 557
Solving...
Blb : 2 (clique : 29)
currentSize : 29 <-- 0.009363 s
currentSize : 30 <-- 0.009780 s
currentSize : 31 <-- 0.012711 s
currentSize : 32 <-- 0.023672 s
currentSize : 33 <-- 0.256869 s
currentSize : 34 <-- 0.268304 s
currentSize : 35 <-- 3.242767 s
currentSize : 36 <-- 6.549526 s

TIMEOUT
maxsize : 36
nodes : 604781668.000000
filtered : 6167607180.000000
time : 3600.000000
