Parameters: GAD=1 vflib=1 dir=0 label=1 lowerbound=1 fileNameGp=../graphsdb/mcs50/rand/r005/mcs50_r005_s50.A17 fileNameGt=../graphsdb/mcs50/rand/r005/mcs50_r005_s50.B17
Reading graphs...
50 :  119
50 :  116
Initializing...
maxdom : 13
D->valSize : 361
Solving...
Blb : 2 (clique : 18)
currentSize : 18 <-- 0.004382 s
currentSize : 19 <-- 0.004581 s
currentSize : 20 <-- 0.005030 s
currentSize : 21 <-- 0.075961 s
currentSize : 22 <-- 0.814702 s
currentSize : 23 <-- 2.152639 s
currentSize : 24 <-- 7.794881 s
currentSize : 25 <-- 7.794972 s

maxsize : 25
nodes : 3440279.000000
filtered : 57785160.000000
time : 17.039038
