Parameters: GAD=1 vflib=1 dir=0 label=1 lowerbound=1 fileNameGp=../graphsdb/mcs50/bvg/b06/mcs50_b06_s100.A52 fileNameGt=../graphsdb/mcs50/bvg/b06/mcs50_b06_s100.B52
Reading graphs...
100 :  297
100 :  298
Initializing...
maxdom : 8
D->valSize : 364
Solving...
Blb : 2 (clique : 25)
currentSize : 25 <-- 0.003691 s
currentSize : 26 <-- 0.015682 s
currentSize : 27 <-- 0.740757 s
currentSize : 28 <-- 3.122858 s
currentSize : 29 <-- 27.776480 s
currentSize : 30 <-- 50.407829 s
currentSize : 31 <-- 50.913769 s
currentSize : 32 <-- 259.426971 s
currentSize : 33 <-- 475.013092 s
currentSize : 34 <-- 715.573547 s
currentSize : 35 <-- 838.454163 s
currentSize : 36 <-- 942.181274 s
currentSize : 37 <-- 1546.575928 s
currentSize : 38 <-- 1761.013794 s
currentSize : 39 <-- 1843.645020 s
currentSize : 40 <-- 2723.233398 s
currentSize : 41 <-- 2723.251221 s
currentSize : 42 <-- 2873.564209 s
currentSize : 43 <-- 2874.367188 s

TIMEOUT
maxsize : 43
nodes : 718964248.000000
filtered : 3128176298.000000
time : 3600.000000
