Parameters: GAD=1 vflib=1 dir=0 label=1 lowerbound=1 fileNameGp=../graphsdb/mcs50/rand/r005/mcs50_r005_s30.A71 fileNameGt=../graphsdb/mcs50/rand/r005/mcs50_r005_s30.B71
Reading graphs...
30 :  47
30 :  46
Initializing...
maxdom : 10
D->valSize : 149
Solving...
Blb : 2 (clique : 12)
currentSize : 12 <-- 0.000806 s
currentSize : 13 <-- 0.001960 s
currentSize : 14 <-- 0.002055 s
currentSize : 15 <-- 0.004856 s
currentSize : 16 <-- 0.007735 s
currentSize : 17 <-- 0.017351 s

maxsize : 17
nodes : 9222.000000
filtered : 91054.000000
time : 0.028116
