Parameters: GAD=1 vflib=1 dir=0 label=1 lowerbound=1 fileNameGp=../graphsdb/mcs50/m2D/m2D/mcs50_m2D_s30.A73 fileNameGt=../graphsdb/mcs50/m2D/m2D/mcs50_m2D_s30.B73
Reading graphs...
30 :  48
30 :  49
Initializing...
maxdom : 9
D->valSize : 133
Solving...
Blb : 2 (clique : 12)
currentSize : 12 <-- 0.000838 s
currentSize : 13 <-- 0.000910 s
currentSize : 15 <-- 0.001238 s
currentSize : 16 <-- 0.001302 s
currentSize : 17 <-- 0.002190 s

maxsize : 17
nodes : 2778.000000
filtered : 15871.000000
time : 0.008575
