Parameters: GAD=1 vflib=1 dir=0 label=1 lowerbound=1 fileNameGp=../graphsdb/mcs50/rand/r02/mcs50_r02_s70.A24 fileNameGt=../graphsdb/mcs50/rand/r02/mcs50_r02_s70.B24
Reading graphs...
70 :  865
70 :  854
Initializing...
maxdom : 8
D->valSize : 313
Solving...
Blb : 2 (clique : 7)
currentSize : 7 <-- 0.002403 s
currentSize : 8 <-- 0.002515 s
currentSize : 10 <-- 0.002598 s
currentSize : 12 <-- 0.004052 s
currentSize : 15 <-- 0.005795 s
currentSize : 25 <-- 0.034620 s
currentSize : 26 <-- 0.035012 s

maxsize : 26
nodes : 36075.000000
filtered : 322973.000000
time : 0.171081
