Parameters: GAD=1 vflib=1 dir=0 label=1 lowerbound=1 fileNameGp=../graphsdb/mcs50/bvg/b03m/mcs50_b03m_s25.A38 fileNameGt=../graphsdb/mcs50/bvg/b03m/mcs50_b03m_s25.B38
Reading graphs...
25 :  37
25 :  37
Initializing...
maxdom : 9
D->valSize : 170
Solving...
Blb : 2 (clique : 11)
currentSize : 11 <-- 0.001202 s
currentSize : 12 <-- 0.004824 s
currentSize : 13 <-- 0.130982 s
currentSize : 14 <-- 0.359849 s
currentSize : 15 <-- 0.377388 s

maxsize : 15
nodes : 142766.000000
filtered : 1381069.000000
time : 0.382234
