Parameters: GAD=1 vflib=1 dir=0 label=1 lowerbound=1 fileNameGp=../graphsdb/mcs50/rand/r01/mcs50_r01_s80.A33 fileNameGt=../graphsdb/mcs50/rand/r01/mcs50_r01_s80.B33
Reading graphs...
80 :  603
80 :  601
Initializing...
maxdom : 10
D->valSize : 443
Solving...
Blb : 2 (clique : 13)
currentSize : 13 <-- 0.004500 s
currentSize : 14 <-- 0.004840 s
currentSize : 15 <-- 0.008084 s
currentSize : 16 <-- 0.010810 s
currentSize : 17 <-- 0.052773 s
currentSize : 19 <-- 0.058097 s
currentSize : 20 <-- 0.058660 s
currentSize : 22 <-- 0.927670 s
currentSize : 25 <-- 1.550842 s
currentSize : 28 <-- 1.552447 s
currentSize : 33 <-- 2.377829 s
currentSize : 35 <-- 2.379322 s

maxsize : 35
nodes : 807940.000000
filtered : 9408956.000000
time : 4.552246
