Parameters: GAD=1 vflib=1 dir=0 label=1 lowerbound=1 fileNameGp=../graphsdb/mcs50/m2D/m2D/mcs50_m2D_s30.A93 fileNameGt=../graphsdb/mcs50/m2D/m2D/mcs50_m2D_s30.B93
Reading graphs...
30 :  49
30 :  49
Initializing...
maxdom : 6
D->valSize : 133
Solving...
Blb : 3 (clique : 13)
currentSize : 13 <-- 0.000697 s
currentSize : 14 <-- 0.000759 s
currentSize : 15 <-- 0.000891 s
currentSize : 16 <-- 0.045250 s
currentSize : 17 <-- 0.061827 s
currentSize : 18 <-- 0.061843 s

maxsize : 18
nodes : 23107.000000
filtered : 167159.000000
time : 0.064457
