Parameters: GAD=1 vflib=1 dir=0 label=1 lowerbound=1 fileNameGp=../graphsdb/mcs50/bvg/b06m/mcs50_b06m_s60.A21 fileNameGt=../graphsdb/mcs50/bvg/b06m/mcs50_b06m_s60.B21
Reading graphs...
60 :  176
60 :  174
Initializing...
maxdom : 8
D->valSize : 239
Solving...
Blb : 3 (clique : 22)
currentSize : 22 <-- 0.001763 s
currentSize : 23 <-- 0.106084 s
currentSize : 24 <-- 0.111719 s
currentSize : 25 <-- 0.870121 s
currentSize : 26 <-- 0.908226 s
currentSize : 27 <-- 4.537759 s
currentSize : 28 <-- 5.831299 s
currentSize : 29 <-- 8.154046 s

maxsize : 29
nodes : 4936369.000000
filtered : 19761879.000000
time : 17.802521
