Parameters: GAD=1 vflib=1 dir=0 label=1 lowerbound=1 fileNameGp=../graphsdb/mcs50/m2D/m2Dr6/mcs50_m2Dr6_s30.A71 fileNameGt=../graphsdb/mcs50/m2D/m2Dr6/mcs50_m2Dr6_s30.B71
Reading graphs...
30 :  66
30 :  64
Initializing...
maxdom : 7
D->valSize : 131
Solving...
Blb : 2 (clique : 12)
currentSize : 12 <-- 0.000785 s
currentSize : 13 <-- 0.002037 s
currentSize : 14 <-- 0.005665 s
currentSize : 15 <-- 0.011439 s
currentSize : 16 <-- 0.011528 s

maxsize : 16
nodes : 9125.000000
filtered : 54891.000000
time : 0.026020
