Parameters: GAD=1 vflib=1 dir=0 label=1 lowerbound=1 fileNameGp=../graphsdb/mcs50/m2D/m2D/mcs50_m2D_s60.A17 fileNameGt=../graphsdb/mcs50/m2D/m2D/mcs50_m2D_s60.B17
Reading graphs...
60 :  103
60 :  103
Initializing...
maxdom : 6
D->valSize : 244
Solving...
Blb : 2 (clique : 26)
currentSize : 26 <-- 0.002162 s
currentSize : 27 <-- 0.017221 s
currentSize : 28 <-- 0.025163 s
currentSize : 29 <-- 1.805350 s
currentSize : 30 <-- 1.821379 s
currentSize : 31 <-- 1.822671 s

maxsize : 31
nodes : 48844912.000000
filtered : 344161677.000000
time : 213.207153
