Parameters: GAD=1 vflib=1 dir=0 label=1 lowerbound=1 fileNameGp=../graphsdb/mcs50/m3D/m3Dr2/mcs50_m3Dr2_s50.A73 fileNameGt=../graphsdb/mcs50/m3D/m3Dr2/mcs50_m3Dr2_s50.B73
Reading graphs...
50 :  116
50 :  119
Initializing...
maxdom : 10
D->valSize : 327
Solving...
Blb : 2 (clique : 16)
currentSize : 16 <-- 0.004208 s
currentSize : 20 <-- 0.004381 s
currentSize : 21 <-- 0.005690 s
currentSize : 22 <-- 0.579799 s
currentSize : 23 <-- 3.114080 s
currentSize : 24 <-- 5.484171 s
currentSize : 25 <-- 7.363807 s
currentSize : 26 <-- 12.523141 s
currentSize : 27 <-- 12.525284 s
currentSize : 28 <-- 13.592760 s

maxsize : 28
nodes : 3283971.000000
filtered : 39394576.000000
time : 14.413662
