Parameters: GAD=1 vflib=1 dir=0 label=1 lowerbound=1 fileNameGp=../graphsdb/mcs50/bvg/b09/mcs50_b09_s20.A37 fileNameGt=../graphsdb/mcs50/bvg/b09/mcs50_b09_s20.B37
Reading graphs...
20 :  85
20 :  86
Initializing...
maxdom : 6
D->valSize : 97
Solving...
Blb : 2 (clique : 5)
currentSize : 5 <-- 0.000545 s
currentSize : 6 <-- 0.000592 s
currentSize : 7 <-- 0.000736 s
currentSize : 9 <-- 0.000792 s
currentSize : 10 <-- 0.001886 s

maxsize : 10
nodes : 568.000000
filtered : 7192.000000
time : 0.002067
