Parameters: GAD=1 vflib=1 dir=0 label=1 lowerbound=1 fileNameGp=../graphsdb/mcs50/bvg/b09/mcs50_b09_s90.A31 fileNameGt=../graphsdb/mcs50/bvg/b09/mcs50_b09_s90.B31
Reading graphs...
90 :  401
90 :  402
Initializing...
maxdom : 9
D->valSize : 547
Solving...
Blb : 2 (clique : 30)
currentSize : 30 <-- 0.010082 s
currentSize : 32 <-- 0.010886 s
currentSize : 33 <-- 0.012386 s
currentSize : 34 <-- 0.012818 s
currentSize : 35 <-- 0.013048 s
currentSize : 36 <-- 0.036357 s
currentSize : 37 <-- 0.037351 s
currentSize : 39 <-- 2.104038 s
currentSize : 40 <-- 2.104315 s
currentSize : 41 <-- 2.175845 s
currentSize : 42 <-- 2.176149 s
currentSize : 43 <-- 633.542786 s
currentSize : 44 <-- 953.713257 s

maxsize : 44
nodes : 269608840.000000
filtered : 2259142312.000000
time : 1596.798828
