Parameters: GAD=1 vflib=1 dir=0 label=1 lowerbound=1 fileNameGp=../graphsdb/mcs50/rand/r01/mcs50_r01_s60.A51 fileNameGt=../graphsdb/mcs50/rand/r01/mcs50_r01_s60.B51
Reading graphs...
60 :  333
60 :  331
Initializing...
maxdom : 7
D->valSize : 243
Solving...
Blb : 2 (clique : 12)
currentSize : 12 <-- 0.001660 s
currentSize : 13 <-- 0.001972 s
currentSize : 15 <-- 0.002047 s
currentSize : 16 <-- 0.006538 s
currentSize : 17 <-- 0.009508 s
currentSize : 18 <-- 0.009550 s
currentSize : 19 <-- 0.059947 s
currentSize : 20 <-- 0.062768 s
currentSize : 23 <-- 0.179790 s
currentSize : 27 <-- 0.180989 s

maxsize : 27
nodes : 67218.000000
filtered : 724619.000000
time : 0.305923
