Parameters: GAD=1 vflib=1 dir=0 label=1 lowerbound=1 fileNameGp=../graphsdb/mcs50/rand/r02/mcs50_r02_s30.A37 fileNameGt=../graphsdb/mcs50/rand/r02/mcs50_r02_s30.B37
Reading graphs...
30 :  157
30 :  158
Initializing...
maxdom : 8
D->valSize : 146
Solving...
Blb : 2 (clique : 6)
currentSize : 6 <-- 0.000793 s
currentSize : 7 <-- 0.000834 s
currentSize : 8 <-- 0.001756 s
currentSize : 10 <-- 0.001786 s
currentSize : 14 <-- 0.001832 s

maxsize : 14
nodes : 674.000000
filtered : 8884.000000
time : 0.002953
