Parameters: GAD=1 vflib=1 dir=0 label=1 lowerbound=1 fileNameGp=../graphsdb/mcs50/m2D/m2Dr4/mcs50_m2Dr4_s70.A28 fileNameGt=../graphsdb/mcs50/m2D/m2Dr4/mcs50_m2Dr4_s70.B28
Reading graphs...
70 :  150
70 :  149
Initializing...
maxdom : 8
D->valSize : 325
Solving...
Blb : 2 (clique : 27)
currentSize : 27 <-- 0.002823 s
currentSize : 28 <-- 0.003135 s
currentSize : 29 <-- 0.022574 s
currentSize : 30 <-- 481.371460 s
currentSize : 31 <-- 495.281464 s
currentSize : 32 <-- 543.166138 s
currentSize : 33 <-- 691.541992 s
currentSize : 34 <-- 691.770630 s
currentSize : 35 <-- 1450.885376 s
currentSize : 36 <-- 1454.265503 s

maxsize : 36
nodes : 411812366.000000
filtered : 2733369150.000000
time : 1831.847290
