Parameters: GAD=1 vflib=1 dir=0 label=1 lowerbound=1 fileNameGp=../graphsdb/mcs50/bvg/b03/mcs50_b03_s25.A80 fileNameGt=../graphsdb/mcs50/bvg/b03/mcs50_b03_s25.B80
Reading graphs...
25 :  37
25 :  37
Initializing...
maxdom : 8
D->valSize : 174
Solving...
Blb : 2 (clique : 9)
currentSize : 9 <-- 0.001269 s
currentSize : 10 <-- 0.001333 s
currentSize : 11 <-- 0.001660 s
currentSize : 12 <-- 0.010210 s
currentSize : 13 <-- 0.011485 s
currentSize : 14 <-- 0.052383 s
currentSize : 15 <-- 0.077472 s

maxsize : 15
nodes : 18955.000000
filtered : 244093.000000
time : 0.083354
