Parameters: GAD=1 vflib=1 dir=0 label=1 lowerbound=1 fileNameGp=../graphsdb/mcs50/rand/r005/mcs50_r005_s60.A31 fileNameGt=../graphsdb/mcs50/rand/r005/mcs50_r005_s60.B31
Reading graphs...
60 :  173
60 :  173
Initializing...
maxdom : 9
D->valSize : 280
Solving...
Blb : 5 (clique : 21)
currentSize : 21 <-- 0.003215 s
currentSize : 22 <-- 0.042333 s
currentSize : 23 <-- 0.178008 s
currentSize : 24 <-- 0.409036 s
currentSize : 25 <-- 0.563735 s
currentSize : 26 <-- 0.563816 s
currentSize : 27 <-- 1.938516 s
currentSize : 28 <-- 4.404002 s
currentSize : 29 <-- 4.406020 s
currentSize : 30 <-- 4.408251 s

maxsize : 30
nodes : 1169476.000000
filtered : 10719057.000000
time : 5.371358
