Parameters: GAD=1 vflib=1 dir=0 label=1 lowerbound=1 fileNameGp=../graphsdb/mcs50/bvg/b03m/mcs50_b03m_s70.A91 fileNameGt=../graphsdb/mcs50/bvg/b03m/mcs50_b03m_s70.B91
Reading graphs...
70 :  104
70 :  102
Initializing...
maxdom : 8
D->valSize : 331
Solving...
Blb : 2 (clique : 34)
currentSize : 34 <-- 0.003186 s
currentSize : 35 <-- 0.004264 s
currentSize : 36 <-- 0.178354 s
currentSize : 37 <-- 0.179002 s
currentSize : 38 <-- 0.816456 s
currentSize : 39 <-- 1.445895 s

TIMEOUT
maxsize : 39
nodes : 747486278.000000
filtered : 6242528802.000000
time : 3600.000000
