Parameters: GAD=1 vflib=1 dir=0 label=1 lowerbound=1 fileNameGp=../graphsdb/mcs50/bvg/b03/mcs50_b03_s60.A97 fileNameGt=../graphsdb/mcs50/bvg/b03/mcs50_b03_s60.B97
Reading graphs...
60 :  88
60 :  90
Initializing...
maxdom : 7
D->valSize : 231
Solving...
Blb : 2 (clique : 22)
currentSize : 22 <-- 0.001819 s
currentSize : 23 <-- 0.201725 s
currentSize : 24 <-- 0.202916 s
currentSize : 25 <-- 0.237526 s
currentSize : 26 <-- 1.037112 s
currentSize : 27 <-- 1.037196 s
currentSize : 28 <-- 1.041219 s
currentSize : 29 <-- 1.392221 s
currentSize : 30 <-- 4.491809 s
currentSize : 31 <-- 4.602147 s
currentSize : 32 <-- 4.785897 s
currentSize : 33 <-- 23.592943 s
currentSize : 34 <-- 23.908144 s
currentSize : 35 <-- 39.590744 s

maxsize : 35
nodes : 12598580.000000
filtered : 53350960.000000
time : 49.374897
