Parameters: GAD=1 vflib=1 dir=0 label=1 lowerbound=1 fileNameGp=../graphsdb/mcs50/bvg/b06m/mcs50_b06m_s70.A31 fileNameGt=../graphsdb/mcs50/bvg/b06m/mcs50_b06m_s70.B31
Reading graphs...
70 :  207
70 :  208
Initializing...
maxdom : 8
D->valSize : 349
Solving...
Blb : 2 (clique : 21)
currentSize : 21 <-- 0.005402 s
currentSize : 22 <-- 0.005696 s
currentSize : 23 <-- 0.054045 s
currentSize : 24 <-- 0.370008 s
currentSize : 25 <-- 22.011122 s
currentSize : 26 <-- 22.011576 s
currentSize : 27 <-- 22.049252 s
currentSize : 30 <-- 61.591244 s
currentSize : 31 <-- 61.591499 s
currentSize : 32 <-- 61.592442 s
currentSize : 33 <-- 61.602535 s
currentSize : 34 <-- 61.603695 s

maxsize : 34
nodes : 40127159.000000
filtered : 268182553.000000
time : 183.146759
