Parameters: GAD=1 vflib=1 dir=0 label=1 lowerbound=1 fileNameGp=../graphsdb/mcs50/rand/r01/mcs50_r01_s25.A43 fileNameGt=../graphsdb/mcs50/rand/r01/mcs50_r01_s25.B43
Reading graphs...
25 :  59
25 :  57
Initializing...
maxdom : 9
D->valSize : 146
Solving...
Blb : 2 (clique : 8)
currentSize : 8 <-- 0.000740 s
currentSize : 9 <-- 0.000780 s
currentSize : 10 <-- 0.002096 s
currentSize : 11 <-- 0.004081 s
currentSize : 12 <-- 0.006484 s

maxsize : 12
nodes : 3311.000000
filtered : 36607.000000
time : 0.011072
