Parameters: GAD=1 vflib=1 dir=0 label=1 lowerbound=1 fileNameGp=../graphsdb/mcs50/bvg/b09m/mcs50_b09m_s70.A37 fileNameGt=../graphsdb/mcs50/bvg/b09m/mcs50_b09m_s70.B37
Reading graphs...
70 :  309
70 :  309
Initializing...
maxdom : 8
D->valSize : 335
Solving...
Blb : 3 (clique : 27)
currentSize : 27 <-- 0.002795 s
currentSize : 30 <-- 2.100383 s
currentSize : 31 <-- 2.100514 s
currentSize : 33 <-- 2.103825 s
currentSize : 34 <-- 2.103961 s

maxsize : 34
nodes : 1014004.000000
filtered : 8700772.000000
time : 4.998325
