Parameters: GAD=1 vflib=1 dir=0 label=1 lowerbound=1 fileNameGp=../graphsdb/mcs50/bvg/b06m/mcs50_b06m_s40.A38 fileNameGt=../graphsdb/mcs50/bvg/b06m/mcs50_b06m_s40.B38
Reading graphs...
40 :  116
40 :  114
Initializing...
maxdom : 10
D->valSize : 210
Solving...
Blb : 2 (clique : 10)
currentSize : 10 <-- 0.001941 s
currentSize : 11 <-- 0.002166 s
currentSize : 12 <-- 0.002676 s
currentSize : 13 <-- 0.003720 s
currentSize : 14 <-- 0.004225 s
currentSize : 15 <-- 0.004816 s
currentSize : 17 <-- 0.021098 s
currentSize : 18 <-- 0.021204 s
currentSize : 19 <-- 0.115119 s
currentSize : 20 <-- 0.159979 s
currentSize : 21 <-- 0.180150 s

maxsize : 21
nodes : 53457.000000
filtered : 549676.000000
time : 0.202950
