Parameters: GAD=1 vflib=1 dir=0 label=1 lowerbound=1 fileNameGp=../graphsdb/mcs50/bvg/b06/mcs50_b06_s70.A04 fileNameGt=../graphsdb/mcs50/bvg/b06/mcs50_b06_s70.B04
Reading graphs...
70 :  208
70 :  210
Initializing...
maxdom : 7
D->valSize : 322
Solving...
Blb : 2 (clique : 23)
currentSize : 23 <-- 0.004289 s
currentSize : 24 <-- 0.014911 s
currentSize : 26 <-- 0.054526 s
currentSize : 27 <-- 0.075608 s
currentSize : 28 <-- 0.863324 s
currentSize : 29 <-- 0.863393 s
currentSize : 31 <-- 53.154835 s
currentSize : 32 <-- 53.154938 s
currentSize : 33 <-- 53.162319 s
currentSize : 35 <-- 63.229343 s
currentSize : 36 <-- 63.230968 s

maxsize : 36
nodes : 20162052.000000
filtered : 144597009.000000
time : 99.076401
