Parameters: GAD=1 vflib=1 dir=0 label=1 lowerbound=1 fileNameGp=../graphsdb/mcs50/m2D/m2Dr6/mcs50_m2Dr6_s70.A84 fileNameGt=../graphsdb/mcs50/m2D/m2Dr6/mcs50_m2Dr6_s70.B84
Reading graphs...
70 :  164
70 :  160
Initializing...
maxdom : 9
D->valSize : 336
Solving...
Blb : 3 (clique : 25)
currentSize : 25 <-- 0.003035 s
currentSize : 26 <-- 20.429661 s
currentSize : 27 <-- 28.814962 s
currentSize : 28 <-- 47.645554 s
currentSize : 30 <-- 52.139561 s
currentSize : 31 <-- 52.139629 s
currentSize : 32 <-- 68.685440 s
currentSize : 33 <-- 72.471397 s
currentSize : 34 <-- 91.858795 s
currentSize : 35 <-- 108.161491 s

maxsize : 35
nodes : 75473411.000000
filtered : 368516603.000000
time : 301.735291
