Parameters: GAD=1 vflib=1 dir=0 label=1 lowerbound=1 fileNameGp=../graphsdb/mcs50/bvg/b09m/mcs50_b09m_s70.A12 fileNameGt=../graphsdb/mcs50/bvg/b09m/mcs50_b09m_s70.B12
Reading graphs...
70 :  304
70 :  305
Initializing...
maxdom : 7
D->valSize : 305
Solving...
Blb : 2 (clique : 14)
currentSize : 14 <-- 0.003903 s
currentSize : 15 <-- 0.004543 s
currentSize : 16 <-- 0.006764 s
currentSize : 17 <-- 0.017863 s
currentSize : 18 <-- 0.246107 s
currentSize : 19 <-- 0.285800 s
currentSize : 20 <-- 0.775130 s
currentSize : 21 <-- 1.494007 s
currentSize : 22 <-- 3.278059 s
currentSize : 23 <-- 3.573435 s
currentSize : 24 <-- 4.532295 s
currentSize : 25 <-- 4.533047 s
currentSize : 26 <-- 4.537965 s
currentSize : 27 <-- 5.158412 s
currentSize : 28 <-- 10.996631 s
currentSize : 29 <-- 11.019173 s
currentSize : 30 <-- 11.023237 s
currentSize : 31 <-- 11.631318 s
currentSize : 32 <-- 11.632384 s

maxsize : 32
nodes : 5437690.000000
filtered : 32701778.000000
time : 23.657251
