Parameters: GAD=1 vflib=1 dir=0 label=1 lowerbound=1 fileNameGp=../graphsdb/mcs50/bvg/b06m/mcs50_b06m_s80.A64 fileNameGt=../graphsdb/mcs50/bvg/b06m/mcs50_b06m_s80.B64
Reading graphs...
80 :  236
80 :  236
Initializing...
maxdom : 7
D->valSize : 444
Solving...
Blb : 2 (clique : 22)
currentSize : 22 <-- 0.004728 s
currentSize : 23 <-- 0.005786 s
currentSize : 24 <-- 0.167268 s
currentSize : 25 <-- 3.557324 s
currentSize : 26 <-- 14.141728 s
currentSize : 27 <-- 26.423967 s
currentSize : 28 <-- 26.424021 s
currentSize : 29 <-- 671.683472 s
currentSize : 30 <-- 2327.595215 s
currentSize : 31 <-- 3246.835693 s
currentSize : 32 <-- 3246.858887 s
currentSize : 33 <-- 3461.842529 s
currentSize : 34 <-- 3462.068115 s
currentSize : 35 <-- 3558.589844 s
currentSize : 36 <-- 3558.590088 s
currentSize : 37 <-- 3558.590088 s
currentSize : 38 <-- 3558.591309 s

TIMEOUT
maxsize : 38
nodes : 716000803.000000
filtered : 6724005544.000000
time : 3600.000000
