Parameters: GAD=1 vflib=1 dir=0 label=1 lowerbound=1 fileNameGp=../graphsdb/mcs50/m2D/m2D/mcs50_m2D_s30.A96 fileNameGt=../graphsdb/mcs50/m2D/m2D/mcs50_m2D_s30.B96
Reading graphs...
30 :  49
30 :  49
Initializing...
maxdom : 7
D->valSize : 142
Solving...
Blb : 2 (clique : 13)
currentSize : 13 <-- 0.000772 s
currentSize : 14 <-- 0.000834 s
currentSize : 15 <-- 0.002883 s
currentSize : 16 <-- 0.003872 s
currentSize : 17 <-- 0.003958 s

maxsize : 17
nodes : 3721.000000
filtered : 23060.000000
time : 0.010560
