Parameters: GAD=1 vflib=1 dir=0 label=1 lowerbound=1 fileNameGp=../graphsdb/mcs50/m2D/m2Dr4/mcs50_m2Dr4_s60.A53 fileNameGt=../graphsdb/mcs50/m2D/m2Dr4/mcs50_m2Dr4_s60.B53
Reading graphs...
60 :  125
60 :  125
Initializing...
maxdom : 7
D->valSize : 252
Solving...
Blb : 2 (clique : 24)
currentSize : 24 <-- 0.002996 s
currentSize : 26 <-- 0.003323 s
currentSize : 27 <-- 0.004789 s
currentSize : 28 <-- 0.010111 s
currentSize : 29 <-- 0.143605 s

maxsize : 29
nodes : 13197886.000000
filtered : 83398212.000000
time : 55.284927
