Parameters: GAD=1 vflib=1 dir=0 label=1 lowerbound=1 fileNameGp=../graphsdb/mcs50/m2D/m2Dr6/mcs50_m2Dr6_s40.A19 fileNameGt=../graphsdb/mcs50/m2D/m2Dr6/mcs50_m2Dr6_s40.B19
Reading graphs...
40 :  89
40 :  89
Initializing...
maxdom : 9
D->valSize : 215
Solving...
Blb : 2 (clique : 14)
currentSize : 14 <-- 0.001312 s
currentSize : 15 <-- 0.112151 s
currentSize : 16 <-- 0.191804 s
currentSize : 17 <-- 0.466059 s
currentSize : 18 <-- 1.420046 s

maxsize : 18
nodes : 581147.000000
filtered : 7378756.000000
time : 2.200398
