Parameters: GAD=1 vflib=1 dir=0 label=1 lowerbound=1 fileNameGp=../graphsdb/mcs50/m2D/m2Dr2/mcs50_m2Dr2_s60.A32 fileNameGt=../graphsdb/mcs50/m2D/m2Dr2/mcs50_m2Dr2_s60.B32
Reading graphs...
60 :  116
60 :  115
Initializing...
maxdom : 6
D->valSize : 262
Solving...
Blb : 2 (clique : 22)
currentSize : 22 <-- 0.003131 s
currentSize : 23 <-- 0.004343 s
currentSize : 24 <-- 0.009969 s
currentSize : 25 <-- 0.010772 s
currentSize : 26 <-- 0.898156 s
currentSize : 27 <-- 1.537973 s
currentSize : 28 <-- 1.538055 s
currentSize : 29 <-- 185.499680 s

maxsize : 29
nodes : 65220947.000000
filtered : 506869246.000000
time : 292.430603
