Parameters: GAD=1 vflib=1 dir=0 label=1 lowerbound=1 fileNameGp=../graphsdb/mcs50/m2D/m2D/mcs50_m2D_s50.A91 fileNameGt=../graphsdb/mcs50/m2D/m2D/mcs50_m2D_s50.B91
Reading graphs...
50 :  85
50 :  85
Initializing...
maxdom : 9
D->valSize : 340
Solving...
Blb : 2 (clique : 20)
currentSize : 20 <-- 0.002601 s
currentSize : 21 <-- 0.002741 s
currentSize : 22 <-- 0.002954 s
currentSize : 23 <-- 0.161670 s
currentSize : 24 <-- 0.938349 s
currentSize : 25 <-- 8.526496 s
currentSize : 26 <-- 8.526634 s
currentSize : 27 <-- 19.459211 s
currentSize : 28 <-- 467.977142 s

maxsize : 28
nodes : 157635674.000000
filtered : 2199382573.000000
time : 691.255859
