Parameters: GAD=1 vflib=1 dir=0 label=1 lowerbound=1 fileNameGp=../graphsdb/mcs50/bvg/b09m/mcs50_b09m_s100.A21 fileNameGt=../graphsdb/mcs50/bvg/b09m/mcs50_b09m_s100.B21
Reading graphs...
100 :  446
100 :  445
Initializing...
maxdom : 7
D->valSize : 363
Solving...
Blb : 2 (clique : 31)
currentSize : 31 <-- 0.003624 s
currentSize : 33 <-- 0.004233 s
currentSize : 35 <-- 0.006788 s
currentSize : 37 <-- 0.007348 s
currentSize : 38 <-- 1.000317 s
currentSize : 44 <-- 38.742584 s
currentSize : 45 <-- 38.807175 s
currentSize : 47 <-- 38.917984 s
currentSize : 48 <-- 80.728935 s
currentSize : 49 <-- 80.751953 s

maxsize : 49
nodes : 49760587.000000
filtered : 178525166.000000
time : 258.351288
