Parameters: GAD=1 vflib=1 dir=0 label=1 lowerbound=1 fileNameGp=../graphsdb/mcs50/rand/r02/mcs50_r02_s90.A79 fileNameGt=../graphsdb/mcs50/rand/r02/mcs50_r02_s90.B79
Reading graphs...
90 :  1442
90 :  1419
Initializing...
maxdom : 10
D->valSize : 584
Solving...
Blb : 2 (clique : 9)
currentSize : 9 <-- 0.006171 s
currentSize : 10 <-- 0.008673 s
currentSize : 11 <-- 0.009042 s
currentSize : 12 <-- 0.013524 s
currentSize : 14 <-- 0.034609 s
currentSize : 15 <-- 0.038146 s
currentSize : 21 <-- 0.038236 s
currentSize : 22 <-- 0.052311 s
currentSize : 24 <-- 0.064611 s
currentSize : 25 <-- 0.159858 s
currentSize : 35 <-- 0.270830 s
currentSize : 36 <-- 0.270925 s

maxsize : 36
nodes : 187650.000000
filtered : 1485089.000000
time : 0.886341
