Parameters: GAD=1 vflib=1 dir=0 label=1 lowerbound=1 fileNameGp=../graphsdb/mcs50/bvg/b09m/mcs50_b09m_s40.A30 fileNameGt=../graphsdb/mcs50/bvg/b09m/mcs50_b09m_s40.B30
Reading graphs...
40 :  171
40 :  170
Initializing...
maxdom : 7
D->valSize : 203
Solving...
Blb : 2 (clique : 10)
currentSize : 10 <-- 0.001178 s
currentSize : 11 <-- 0.003233 s
currentSize : 13 <-- 0.015447 s
currentSize : 15 <-- 0.060673 s
currentSize : 16 <-- 0.115023 s
currentSize : 17 <-- 0.136988 s

maxsize : 17
nodes : 86594.000000
filtered : 651258.000000
time : 0.276499
