Parameters: GAD=1 vflib=1 dir=0 label=1 lowerbound=1 fileNameGp=../graphsdb/mcs50/rand/r02/mcs50_r02_s40.A51 fileNameGt=../graphsdb/mcs50/rand/r02/mcs50_r02_s40.B51
Reading graphs...
40 :  280
40 :  282
Initializing...
maxdom : 8
D->valSize : 212
Solving...
Blb : 2 (clique : 5)
currentSize : 5 <-- 0.001209 s
currentSize : 6 <-- 0.001256 s
currentSize : 7 <-- 0.002281 s
currentSize : 8 <-- 0.002350 s
currentSize : 9 <-- 0.002724 s
currentSize : 10 <-- 0.004947 s
currentSize : 11 <-- 0.006854 s
currentSize : 17 <-- 0.009093 s

maxsize : 17
nodes : 4058.000000
filtered : 63860.000000
time : 0.017003
