Parameters: GAD=1 vflib=1 dir=0 label=1 lowerbound=1 fileNameGp=../graphsdb/mcs50/m2D/m2Dr4/mcs50_m2Dr4_s90.A72 fileNameGt=../graphsdb/mcs50/m2D/m2Dr4/mcs50_m2Dr4_s90.B72
Reading graphs...
90 :  195
90 :  192
Initializing...
maxdom : 11
D->valSize : 554
Solving...
Blb : 2 (clique : 36)
currentSize : 36 <-- 0.006701 s
currentSize : 37 <-- 0.008712 s
currentSize : 38 <-- 0.009766 s
currentSize : 39 <-- 0.011642 s
currentSize : 40 <-- 0.011900 s
currentSize : 41 <-- 0.012778 s
currentSize : 42 <-- 0.094177 s
currentSize : 43 <-- 0.094247 s
currentSize : 44 <-- 0.094642 s
currentSize : 47 <-- 7.033989 s
currentSize : 48 <-- 7.110511 s
currentSize : 49 <-- 7.111096 s

TIMEOUT
maxsize : 49
nodes : 533693923.000000
filtered : 6381662474.000000
time : 3600.000000
