Parameters: GAD=1 vflib=1 dir=0 label=1 lowerbound=1 fileNameGp=../graphsdb/mcs50/m2D/m2Dr4/mcs50_m2Dr4_s50.A04 fileNameGt=../graphsdb/mcs50/m2D/m2Dr4/mcs50_m2Dr4_s50.B04
Reading graphs...
50 :  103
50 :  103
Initializing...
maxdom : 10
D->valSize : 339
Solving...
Blb : 2 (clique : 17)
currentSize : 17 <-- 0.004138 s
currentSize : 18 <-- 0.014815 s
currentSize : 19 <-- 0.247806 s
currentSize : 20 <-- 0.693913 s
currentSize : 21 <-- 2.647135 s
currentSize : 22 <-- 2.942916 s
currentSize : 23 <-- 10.733058 s
currentSize : 24 <-- 10.733174 s
currentSize : 25 <-- 43.589260 s
currentSize : 26 <-- 43.589455 s
currentSize : 27 <-- 43.610203 s

maxsize : 27
nodes : 10963265.000000
filtered : 156856505.000000
time : 47.278061
