Parameters: GAD=1 vflib=1 dir=0 label=1 lowerbound=1 fileNameGp=../graphsdb/mcs50/rand/r005/mcs50_r005_s30.A61 fileNameGt=../graphsdb/mcs50/rand/r005/mcs50_r005_s30.B61
Reading graphs...
30 :  45
30 :  46
Initializing...
maxdom : 6
D->valSize : 120
Solving...
Blb : 5 (clique : 12)
currentSize : 12 <-- 0.001039 s
currentSize : 13 <-- 0.003604 s
currentSize : 14 <-- 0.003686 s
currentSize : 15 <-- 0.003741 s
currentSize : 16 <-- 0.009838 s

maxsize : 16
nodes : 7138.000000
filtered : 44486.000000
time : 0.031857
