Parameters: GAD=1 vflib=1 dir=0 label=1 lowerbound=1 fileNameGp=../graphsdb/mcs50/rand/r005/mcs50_r005_s100.A82 fileNameGt=../graphsdb/mcs50/rand/r005/mcs50_r005_s100.B82
Reading graphs...
100 :  480
100 :  482
Initializing...
maxdom : 7
D->valSize : 367
Solving...
Blb : 2 (clique : 26)
currentSize : 26 <-- 0.003801 s
currentSize : 27 <-- 0.004012 s
currentSize : 30 <-- 0.004282 s
currentSize : 31 <-- 0.004351 s
currentSize : 33 <-- 0.005825 s
currentSize : 34 <-- 0.019271 s
currentSize : 36 <-- 0.019405 s
currentSize : 38 <-- 0.023925 s
currentSize : 39 <-- 0.435789 s
currentSize : 41 <-- 0.436211 s
currentSize : 43 <-- 0.450278 s
currentSize : 46 <-- 4.843784 s
currentSize : 47 <-- 4.844308 s

maxsize : 47
nodes : 22888718.000000
filtered : 141500990.000000
time : 136.812393
