Parameters: GAD=1 vflib=1 dir=0 label=1 lowerbound=1 fileNameGp=../graphsdb/mcs50/rand/r02/mcs50_r02_s40.A12 fileNameGt=../graphsdb/mcs50/rand/r02/mcs50_r02_s40.B12
Reading graphs...
40 :  280
40 :  274
Initializing...
maxdom : 7
D->valSize : 194
Solving...
Blb : 2 (clique : 6)
currentSize : 6 <-- 0.001178 s
currentSize : 7 <-- 0.001463 s
currentSize : 8 <-- 0.002065 s
currentSize : 9 <-- 0.005112 s
currentSize : 10 <-- 0.005252 s
currentSize : 11 <-- 0.005617 s
currentSize : 14 <-- 0.007888 s
currentSize : 16 <-- 0.011551 s

maxsize : 16
nodes : 4537.000000
filtered : 50820.000000
time : 0.017080
