Parameters: GAD=1 vflib=1 dir=0 label=1 lowerbound=1 fileNameGp=../graphsdb/mcs50/rand/r005/mcs50_r005_s35.A20 fileNameGt=../graphsdb/mcs50/rand/r005/mcs50_r005_s35.B20
Reading graphs...
35 :  62
35 :  62
Initializing...
maxdom : 7
D->valSize : 171
Solving...
Blb : 2 (clique : 13)
currentSize : 13 <-- 0.001463 s
currentSize : 14 <-- 0.001867 s
currentSize : 15 <-- 0.067092 s
currentSize : 16 <-- 0.085167 s
currentSize : 17 <-- 0.190955 s
currentSize : 18 <-- 0.263051 s

maxsize : 18
nodes : 127366.000000
filtered : 1001957.000000
time : 0.414546
