Parameters: GAD=1 vflib=1 dir=0 label=1 lowerbound=1 fileNameGp=../graphsdb/mcs50/m3D/m3D/mcs50_m3D_s60.A83 fileNameGt=../graphsdb/mcs50/m3D/m3D/mcs50_m3D_s60.B83
Reading graphs...
60 :  134
60 :  134
Initializing...
maxdom : 7
D->valSize : 253
Solving...
Blb : 2 (clique : 22)
currentSize : 22 <-- 0.002864 s
currentSize : 23 <-- 0.003090 s
currentSize : 24 <-- 0.003388 s
currentSize : 25 <-- 0.004302 s
currentSize : 26 <-- 0.221835 s
currentSize : 27 <-- 0.222436 s
currentSize : 28 <-- 0.236886 s
currentSize : 29 <-- 0.899461 s
currentSize : 30 <-- 4.515420 s

maxsize : 30
nodes : 2532975.000000
filtered : 14713444.000000
time : 11.044921
