Parameters: GAD=1 vflib=1 dir=0 label=1 lowerbound=1 fileNameGp=../graphsdb/mcs50/bvg/b03/mcs50_b03_s40.A39 fileNameGt=../graphsdb/mcs50/bvg/b03/mcs50_b03_s40.B39
Reading graphs...
40 :  59
40 :  60
Initializing...
maxdom : 7
D->valSize : 210
Solving...
Blb : 2 (clique : 17)
currentSize : 17 <-- 0.001306 s
currentSize : 18 <-- 0.005030 s
currentSize : 19 <-- 0.029299 s
currentSize : 20 <-- 0.165472 s
currentSize : 21 <-- 0.275044 s
currentSize : 22 <-- 0.537451 s
currentSize : 23 <-- 1.596233 s

maxsize : 23
nodes : 517159.000000
filtered : 3684278.000000
time : 1.715851
