Parameters: GAD=1 vflib=1 dir=0 label=1 lowerbound=1 fileNameGp=../graphsdb/mcs50/bvg/b06m/mcs50_b06m_s30.A19 fileNameGt=../graphsdb/mcs50/bvg/b06m/mcs50_b06m_s30.B19
Reading graphs...
30 :  86
30 :  89
Initializing...
maxdom : 8
D->valSize : 140
Solving...
Blb : 2 (clique : 10)
currentSize : 10 <-- 0.000795 s
currentSize : 11 <-- 0.002942 s
currentSize : 12 <-- 0.023966 s
currentSize : 13 <-- 0.024100 s
currentSize : 14 <-- 0.027595 s

maxsize : 14
nodes : 11280.000000
filtered : 98754.000000
time : 0.034298
