Parameters: GAD=1 vflib=1 dir=0 label=1 lowerbound=1 fileNameGp=../graphsdb/mcs50/bvg/b03/mcs50_b03_s70.A67 fileNameGt=../graphsdb/mcs50/bvg/b03/mcs50_b03_s70.B67
Reading graphs...
70 :  105
70 :  105
Initializing...
maxdom : 8
D->valSize : 327
Solving...
Blb : 3 (clique : 31)
currentSize : 31 <-- 0.003018 s
currentSize : 32 <-- 0.053456 s
currentSize : 33 <-- 4.581385 s
currentSize : 34 <-- 4.581448 s
currentSize : 35 <-- 4.581828 s
currentSize : 36 <-- 7.608454 s
currentSize : 37 <-- 12.938588 s
currentSize : 38 <-- 28.835804 s
currentSize : 39 <-- 42.879467 s
currentSize : 40 <-- 106.740196 s

maxsize : 40
nodes : 94158011.000000
filtered : 673371221.000000
time : 468.435852
