Parameters: GAD=1 vflib=1 dir=0 label=1 lowerbound=1 fileNameGp=../graphsdb/mcs50/bvg/b06m/mcs50_b06m_s50.A93 fileNameGt=../graphsdb/mcs50/bvg/b06m/mcs50_b06m_s50.B93
Reading graphs...
50 :  144
50 :  145
Initializing...
maxdom : 9
D->valSize : 334
Solving...
Blb : 2 (clique : 17)
currentSize : 17 <-- 0.002747 s
currentSize : 18 <-- 0.002882 s
currentSize : 19 <-- 0.004434 s
currentSize : 20 <-- 0.004574 s
currentSize : 23 <-- 0.019445 s
currentSize : 24 <-- 0.019478 s
currentSize : 25 <-- 0.019684 s

maxsize : 25
nodes : 697054.000000
filtered : 10976681.000000
time : 3.330814
