Parameters: GAD=1 vflib=1 dir=0 label=1 lowerbound=1 fileNameGp=../graphsdb/mcs50/rand/r005/mcs50_r005_s70.A62 fileNameGt=../graphsdb/mcs50/rand/r005/mcs50_r005_s70.B62
Reading graphs...
70 :  239
70 :  236
Initializing...
maxdom : 8
D->valSize : 326
Solving...
Blb : 2 (clique : 18)
currentSize : 18 <-- 0.002773 s
currentSize : 20 <-- 0.002893 s
currentSize : 21 <-- 0.003183 s
currentSize : 22 <-- 0.003222 s
currentSize : 23 <-- 0.003356 s
currentSize : 24 <-- 0.003586 s
currentSize : 25 <-- 0.014419 s
currentSize : 27 <-- 0.017741 s
currentSize : 28 <-- 1.038612 s
currentSize : 29 <-- 1.039283 s
currentSize : 30 <-- 6.149913 s
currentSize : 31 <-- 6.150043 s
currentSize : 32 <-- 6.150090 s
currentSize : 33 <-- 6.211870 s
currentSize : 35 <-- 6.212047 s

maxsize : 35
nodes : 1646434.000000
filtered : 18663498.000000
time : 8.810023
