Parameters: GAD=1 vflib=1 dir=0 label=1 lowerbound=1 fileNameGp=../graphsdb/mcs50/bvg/b03/mcs50_b03_s100.A62 fileNameGt=../graphsdb/mcs50/bvg/b03/mcs50_b03_s100.B62
Reading graphs...
100 :  150
100 :  149
Initializing...
maxdom : 7
D->valSize : 367
Solving...
Blb : 2 (clique : 47)
currentSize : 47 <-- 0.004002 s
currentSize : 48 <-- 0.004347 s
currentSize : 49 <-- 0.929812 s
currentSize : 50 <-- 2.426367 s
currentSize : 51 <-- 165.657867 s
currentSize : 52 <-- 449.955414 s

TIMEOUT
maxsize : 52
nodes : 778557683.000000
filtered : 2407759297.000000
time : 3600.000000
