Parameters: GAD=1 vflib=1 dir=0 label=1 lowerbound=1 fileNameGp=../graphsdb/mcs50/bvg/b06m/mcs50_b06m_s90.A46 fileNameGt=../graphsdb/mcs50/bvg/b06m/mcs50_b06m_s90.B46
Reading graphs...
90 :  263
90 :  264
Initializing...
maxdom : 12
D->valSize : 589
Solving...
Blb : 2 (clique : 24)
currentSize : 24 <-- 0.012579 s
currentSize : 25 <-- 0.282442 s
currentSize : 26 <-- 0.551307 s
currentSize : 27 <-- 8.716969 s
currentSize : 28 <-- 13.497967 s
currentSize : 29 <-- 37.049198 s
currentSize : 30 <-- 51.281971 s
currentSize : 31 <-- 51.282059 s
currentSize : 32 <-- 51.529320 s
currentSize : 33 <-- 101.942993 s
currentSize : 34 <-- 253.893143 s
currentSize : 35 <-- 254.076981 s
currentSize : 38 <-- 255.464981 s
currentSize : 39 <-- 255.465393 s
currentSize : 40 <-- 255.465439 s
currentSize : 41 <-- 1111.223633 s
currentSize : 42 <-- 1988.473511 s
currentSize : 43 <-- 1988.473511 s
currentSize : 44 <-- 2685.157715 s

TIMEOUT
maxsize : 44
nodes : 553040210.000000
filtered : 6837953172.000000
time : 3600.000000
