Parameters: GAD=1 vflib=1 dir=0 label=1 lowerbound=1 fileNameGp=../graphsdb/mcs50/rand/r01/mcs50_r01_s100.A80 fileNameGt=../graphsdb/mcs50/rand/r01/mcs50_r01_s100.B80
Reading graphs...
100 :  946
100 :  944
Initializing...
maxdom : 7
D->valSize : 358
Solving...
Blb : 2 (clique : 19)
currentSize : 19 <-- 0.003515 s
currentSize : 23 <-- 0.004438 s
currentSize : 29 <-- 0.006980 s
currentSize : 31 <-- 0.007242 s
currentSize : 39 <-- 0.010844 s
currentSize : 44 <-- 0.018185 s

maxsize : 44
nodes : 457531.000000
filtered : 3544518.000000
time : 2.812641
