Parameters: GAD=1 vflib=1 dir=0 label=1 lowerbound=1 fileNameGp=../graphsdb/mcs50/m2D/m2Dr6/mcs50_m2Dr6_s30.A57 fileNameGt=../graphsdb/mcs50/m2D/m2Dr6/mcs50_m2Dr6_s30.B57
Reading graphs...
30 :  67
30 :  65
Initializing...
maxdom : 7
D->valSize : 133
Solving...
Blb : 2 (clique : 10)
currentSize : 10 <-- 0.000757 s
currentSize : 11 <-- 0.004356 s
currentSize : 12 <-- 0.008519 s
currentSize : 13 <-- 0.011577 s
currentSize : 16 <-- 0.012712 s

maxsize : 16
nodes : 5641.000000
filtered : 30453.000000
time : 0.014924
