Parameters: GAD=1 vflib=1 dir=0 label=1 lowerbound=1 fileNameGp=../graphsdb/mcs50/bvg/b06/mcs50_b06_s70.A42 fileNameGt=../graphsdb/mcs50/bvg/b06/mcs50_b06_s70.B42
Reading graphs...
70 :  207
70 :  210
Initializing...
maxdom : 7
D->valSize : 352
Solving...
Blb : 2 (clique : 23)
currentSize : 23 <-- 0.004885 s
currentSize : 24 <-- 0.005148 s
currentSize : 25 <-- 0.005264 s
currentSize : 28 <-- 0.005579 s
currentSize : 29 <-- 0.006608 s
currentSize : 33 <-- 267.786163 s
currentSize : 34 <-- 267.786285 s
currentSize : 35 <-- 267.786682 s
currentSize : 36 <-- 267.786743 s

maxsize : 36
nodes : 86428609.000000
filtered : 804995976.000000
time : 443.175903
