Parameters: GAD=1 vflib=1 dir=0 label=1 lowerbound=1 fileNameGp=../graphsdb/mcs50/rand/r005/mcs50_r005_s100.A85 fileNameGt=../graphsdb/mcs50/rand/r005/mcs50_r005_s100.B85
Reading graphs...
100 :  477
100 :  475
Initializing...
maxdom : 6
D->valSize : 360
Solving...
Blb : 2 (clique : 31)
currentSize : 31 <-- 0.003597 s
currentSize : 32 <-- 0.004177 s
currentSize : 35 <-- 0.005346 s
currentSize : 36 <-- 0.013140 s
currentSize : 41 <-- 0.016546 s
currentSize : 43 <-- 0.025805 s
currentSize : 47 <-- 0.115361 s
currentSize : 50 <-- 0.117979 s

maxsize : 50
nodes : 7672100.000000
filtered : 62601968.000000
time : 50.561829
