Parameters: GAD=1 vflib=1 dir=0 label=1 lowerbound=1 fileNameGp=../graphsdb/mcs50/bvg/b09/mcs50_b09_s25.A94 fileNameGt=../graphsdb/mcs50/bvg/b09/mcs50_b09_s25.B94
Reading graphs...
25 :  111
25 :  112
Initializing...
maxdom : 9
D->valSize : 183
Solving...
Blb : 2 (clique : 6)
currentSize : 6 <-- 0.000829 s
currentSize : 7 <-- 0.000905 s
currentSize : 9 <-- 0.001407 s
currentSize : 10 <-- 0.001529 s
currentSize : 11 <-- 0.001850 s
currentSize : 12 <-- 0.003685 s

maxsize : 12
nodes : 1972.000000
filtered : 34681.000000
time : 0.007483
