Parameters: GAD=1 vflib=1 dir=0 label=1 lowerbound=1 fileNameGp=../graphsdb/mcs50/rand/r005/mcs50_r005_s70.A72 fileNameGt=../graphsdb/mcs50/rand/r005/mcs50_r005_s70.B72
Reading graphs...
70 :  237
70 :  238
Initializing...
maxdom : 7
D->valSize : 339
Solving...
Blb : 2 (clique : 19)
currentSize : 19 <-- 0.002798 s
currentSize : 21 <-- 0.002943 s
currentSize : 23 <-- 0.003028 s
currentSize : 24 <-- 0.003186 s
currentSize : 25 <-- 0.003421 s
currentSize : 26 <-- 0.003773 s
currentSize : 27 <-- 0.003840 s
currentSize : 29 <-- 0.005842 s
currentSize : 30 <-- 4.893824 s
currentSize : 31 <-- 4.893931 s
currentSize : 32 <-- 15.488548 s
currentSize : 35 <-- 15.494755 s

maxsize : 35
nodes : 3910558.000000
filtered : 48183891.000000
time : 22.708525
