Parameters: GAD=1 vflib=1 dir=0 label=1 lowerbound=1 fileNameGp=../graphsdb/mcs50/bvg/b09m/mcs50_b09m_s70.A48 fileNameGt=../graphsdb/mcs50/bvg/b09m/mcs50_b09m_s70.B48
Reading graphs...
70 :  303
70 :  306
Initializing...
maxdom : 10
D->valSize : 351
Solving...
Blb : 5 (clique : 22)
currentSize : 22 <-- 0.003025 s
currentSize : 23 <-- 0.433160 s
currentSize : 24 <-- 0.433219 s
currentSize : 26 <-- 0.440915 s
currentSize : 27 <-- 0.534942 s
currentSize : 28 <-- 1.475608 s
currentSize : 29 <-- 2.554947 s
currentSize : 30 <-- 10.035806 s
currentSize : 31 <-- 10.037775 s

maxsize : 31
nodes : 10367979.000000
filtered : 40572470.000000
time : 39.063503
