Parameters: GAD=1 vflib=1 dir=0 label=1 lowerbound=1 fileNameGp=../graphsdb/mcs50/rand/r005/mcs50_r005_s30.A59 fileNameGt=../graphsdb/mcs50/rand/r005/mcs50_r005_s30.B59
Reading graphs...
30 :  46
30 :  46
Initializing...
maxdom : 7
D->valSize : 107
Solving...
Blb : 2 (clique : 12)
currentSize : 12 <-- 0.000643 s
currentSize : 13 <-- 0.001822 s
currentSize : 14 <-- 0.003145 s
currentSize : 15 <-- 0.011090 s
currentSize : 16 <-- 0.011486 s

maxsize : 16
nodes : 4978.000000
filtered : 28830.000000
time : 0.012842
