Parameters: GAD=1 vflib=1 dir=0 label=1 lowerbound=1 fileNameGp=../graphsdb/mcs50/m2D/m2Dr6/mcs50_m2Dr6_s80.A36 fileNameGt=../graphsdb/mcs50/m2D/m2Dr6/mcs50_m2Dr6_s80.B36
Reading graphs...
80 :  188
80 :  187
Initializing...
maxdom : 10
D->valSize : 449
Solving...
Blb : 2 (clique : 35)
currentSize : 35 <-- 0.004746 s
currentSize : 36 <-- 106.879646 s
currentSize : 37 <-- 453.583832 s
currentSize : 38 <-- 453.589630 s
currentSize : 39 <-- 453.613739 s
currentSize : 40 <-- 1366.198242 s

TIMEOUT
maxsize : 40
nodes : 679483358.000000
filtered : 5732200560.000000
time : 3600.000000
