Parameters: GAD=1 vflib=1 dir=0 label=1 lowerbound=1 fileNameGp=../graphsdb/mcs50/m2D/m2D/mcs50_m2D_s100.A61 fileNameGt=../graphsdb/mcs50/m2D/m2D/mcs50_m2D_s100.B61
Reading graphs...
100 :  180
100 :  180
Initializing...
maxdom : 8
D->valSize : 390
Solving...
Blb : 3 (clique : 40)
currentSize : 40 <-- 0.004281 s
currentSize : 41 <-- 0.320314 s
currentSize : 42 <-- 5.592456 s
currentSize : 43 <-- 5.592718 s
currentSize : 44 <-- 7.563018 s
currentSize : 45 <-- 31.913416 s
currentSize : 46 <-- 31.913683 s
currentSize : 47 <-- 35.665524 s
currentSize : 48 <-- 68.438377 s

TIMEOUT
maxsize : 48
nodes : 751666512.000000
filtered : 2901618182.000000
time : 3600.000000
