Parameters: GAD=1 vflib=1 dir=0 label=1 lowerbound=1 fileNameGp=../graphsdb/mcs50/bvg/b09m/mcs50_b09m_s60.A82 fileNameGt=../graphsdb/mcs50/bvg/b09m/mcs50_b09m_s60.B82
Reading graphs...
60 :  263
60 :  262
Initializing...
maxdom : 8
D->valSize : 278
Solving...
Blb : 5 (clique : 21)
currentSize : 21 <-- 0.002095 s
currentSize : 22 <-- 0.693415 s
currentSize : 23 <-- 0.696799 s
currentSize : 26 <-- 1.246588 s
currentSize : 27 <-- 1.247916 s
currentSize : 28 <-- 1.248107 s
currentSize : 29 <-- 1.248969 s

maxsize : 29
nodes : 818041.000000
filtered : 5203273.000000
time : 3.433608
