Parameters: GAD=1 vflib=1 dir=0 label=1 lowerbound=1 fileNameGp=../graphsdb/mcs50/bvg/b06/mcs50_b06_s50.A67 fileNameGt=../graphsdb/mcs50/bvg/b06/mcs50_b06_s50.B67
Reading graphs...
50 :  149
50 :  150
Initializing...
maxdom : 11
D->valSize : 324
Solving...
Blb : 2 (clique : 19)
currentSize : 19 <-- 0.002342 s
currentSize : 20 <-- 0.002484 s
currentSize : 21 <-- 0.002555 s
currentSize : 22 <-- 13.979655 s
currentSize : 23 <-- 13.979682 s
currentSize : 24 <-- 13.982918 s
currentSize : 25 <-- 13.983015 s
currentSize : 26 <-- 13.983075 s

maxsize : 26
nodes : 3817148.000000
filtered : 44553168.000000
time : 15.423393
