Parameters: GAD=1 vflib=1 dir=0 label=1 lowerbound=1 fileNameGp=../graphsdb/mcs50/rand/r01/mcs50_r01_s70.A42 fileNameGt=../graphsdb/mcs50/rand/r01/mcs50_r01_s70.B42
Reading graphs...
70 :  458
70 :  450
Initializing...
maxdom : 6
D->valSize : 320
Solving...
Blb : 2 (clique : 12)
currentSize : 12 <-- 0.003899 s
currentSize : 14 <-- 0.004059 s
currentSize : 16 <-- 0.004327 s
currentSize : 17 <-- 0.004377 s
currentSize : 18 <-- 0.032298 s
currentSize : 19 <-- 0.042310 s
currentSize : 20 <-- 0.063648 s
currentSize : 21 <-- 0.241613 s
currentSize : 24 <-- 0.260880 s
currentSize : 26 <-- 0.260988 s
currentSize : 27 <-- 0.386026 s
currentSize : 28 <-- 0.524832 s
currentSize : 32 <-- 0.525058 s
currentSize : 33 <-- 0.525187 s

maxsize : 33
nodes : 180653.000000
filtered : 2251429.000000
time : 0.989323
