Parameters: GAD=1 vflib=1 dir=0 label=1 lowerbound=1 fileNameGp=../graphsdb/mcs50/m2D/m2Dr2/mcs50_m2Dr2_s40.A55 fileNameGt=../graphsdb/mcs50/m2D/m2Dr2/mcs50_m2Dr2_s40.B55
Reading graphs...
40 :  75
40 :  73
Initializing...
maxdom : 11
D->valSize : 227
Solving...
Blb : 2 (clique : 15)
currentSize : 15 <-- 0.001358 s
currentSize : 16 <-- 0.002229 s
currentSize : 17 <-- 0.085204 s
currentSize : 18 <-- 0.190673 s
currentSize : 19 <-- 1.499093 s
currentSize : 20 <-- 2.801279 s

maxsize : 20
nodes : 1623053.000000
filtered : 19799165.000000
time : 5.912637
