Parameters: GAD=1 vflib=1 dir=0 label=1 lowerbound=1 fileNameGp=../graphsdb/mcs50/bvg/b03/mcs50_b03_s35.A41 fileNameGt=../graphsdb/mcs50/bvg/b03/mcs50_b03_s35.B41
Reading graphs...
35 :  52
35 :  52
Initializing...
maxdom : 8
D->valSize : 177
Solving...
Blb : 2 (clique : 14)
currentSize : 14 <-- 0.001065 s
currentSize : 15 <-- 0.001147 s
currentSize : 16 <-- 0.001282 s
currentSize : 17 <-- 0.013368 s
currentSize : 18 <-- 0.013627 s
currentSize : 19 <-- 0.209866 s

maxsize : 19
nodes : 127985.000000
filtered : 985961.000000
time : 0.396147
