Parameters: GAD=1 vflib=1 dir=0 label=1 lowerbound=1 fileNameGp=../graphsdb/mcs50/bvg/b03/mcs50_b03_s70.A94 fileNameGt=../graphsdb/mcs50/bvg/b03/mcs50_b03_s70.B94
Reading graphs...
70 :  105
70 :  105
Initializing...
maxdom : 8
D->valSize : 334
Solving...
Blb : 2 (clique : 32)
currentSize : 32 <-- 0.003100 s
currentSize : 33 <-- 0.003311 s
currentSize : 34 <-- 1.513356 s
currentSize : 35 <-- 8.330567 s
currentSize : 36 <-- 243.948578 s
currentSize : 37 <-- 1717.107056 s
currentSize : 38 <-- 1718.189209 s

TIMEOUT
maxsize : 38
nodes : 755349214.000000
filtered : 5007602058.000000
time : 3600.000000
