Parameters: GAD=1 vflib=1 dir=0 label=1 lowerbound=1 fileNameGp=../graphsdb/mcs50/bvg/b09/mcs50_b09_s25.A18 fileNameGt=../graphsdb/mcs50/bvg/b09/mcs50_b09_s25.B18
Reading graphs...
25 :  108
25 :  107
Initializing...
maxdom : 8
D->valSize : 150
Solving...
Blb : 5 (clique : 6)
currentSize : 6 <-- 0.000785 s
currentSize : 7 <-- 0.000825 s
currentSize : 8 <-- 0.001001 s
currentSize : 9 <-- 0.001720 s
currentSize : 11 <-- 0.002058 s
currentSize : 12 <-- 0.004059 s

maxsize : 12
nodes : 2126.000000
filtered : 24370.000000
time : 0.007018
