Parameters: GAD=1 vflib=1 dir=0 label=1 lowerbound=1 fileNameGp=../graphsdb/mcs50/m2D/m2Dr4/mcs50_m2Dr4_s40.A40 fileNameGt=../graphsdb/mcs50/m2D/m2Dr4/mcs50_m2Dr4_s40.B40
Reading graphs...
40 :  82
40 :  81
Initializing...
maxdom : 9
D->valSize : 212
Solving...
Blb : 2 (clique : 16)
currentSize : 16 <-- 0.001201 s
currentSize : 17 <-- 0.001315 s
currentSize : 18 <-- 0.001856 s
currentSize : 19 <-- 0.008936 s
currentSize : 20 <-- 0.009456 s

maxsize : 20
nodes : 168651.000000
filtered : 2003054.000000
time : 0.639803
