Parameters: GAD=1 vflib=1 dir=0 label=1 lowerbound=1 fileNameGp=../graphsdb/mcs50/bvg/b06/mcs50_b06_s60.A84 fileNameGt=../graphsdb/mcs50/bvg/b06/mcs50_b06_s60.B84
Reading graphs...
60 :  179
60 :  179
Initializing...
maxdom : 9
D->valSize : 258
Solving...
Blb : 2 (clique : 16)
currentSize : 16 <-- 0.002068 s
currentSize : 17 <-- 0.002168 s
currentSize : 18 <-- 0.014981 s
currentSize : 19 <-- 0.048380 s
currentSize : 20 <-- 0.131147 s
currentSize : 23 <-- 1.592218 s
currentSize : 24 <-- 1.592290 s
currentSize : 31 <-- 2.049104 s

maxsize : 31
nodes : 1065164.000000
filtered : 6474393.000000
time : 4.150808
