Parameters: GAD=1 vflib=1 dir=0 label=1 lowerbound=1 fileNameGp=../graphsdb/mcs50/bvg/b03m/mcs50_b03m_s50.A36 fileNameGt=../graphsdb/mcs50/bvg/b03m/mcs50_b03m_s50.B36
Reading graphs...
50 :  75
50 :  75
Initializing...
maxdom : 11
D->valSize : 314
Solving...
Blb : 3 (clique : 21)
currentSize : 21 <-- 0.002487 s
currentSize : 22 <-- 0.294470 s
currentSize : 23 <-- 6.554777 s
currentSize : 24 <-- 6.554816 s
currentSize : 25 <-- 20.417156 s
currentSize : 26 <-- 53.946850 s
currentSize : 27 <-- 148.521317 s

maxsize : 27
nodes : 47134275.000000
filtered : 530603676.000000
time : 184.232849
