Parameters: GAD=1 vflib=1 dir=0 label=1 lowerbound=1 fileNameGp=../graphsdb/mcs50/rand/r01/mcs50_r01_s90.A08 fileNameGt=../graphsdb/mcs50/rand/r01/mcs50_r01_s90.B08
Reading graphs...
90 :  759
90 :  762
Initializing...
maxdom : 11
D->valSize : 597
Solving...
Blb : 5 (clique : 13)
currentSize : 13 <-- 0.011134 s
currentSize : 18 <-- 0.011278 s
currentSize : 20 <-- 0.011331 s
currentSize : 21 <-- 0.011521 s
currentSize : 22 <-- 0.011580 s
currentSize : 24 <-- 0.057265 s
currentSize : 26 <-- 0.057426 s
currentSize : 28 <-- 0.057515 s
currentSize : 29 <-- 0.058175 s
currentSize : 31 <-- 0.721161 s
currentSize : 34 <-- 0.721409 s
currentSize : 36 <-- 1.411115 s
currentSize : 38 <-- 1.423430 s
currentSize : 43 <-- 1.423792 s

maxsize : 43
nodes : 951745.000000
filtered : 11475353.000000
time : 5.744338
