Parameters: GAD=1 vflib=1 dir=0 label=1 lowerbound=1 fileNameGp=../graphsdb/mcs50/bvg/b03m/mcs50_b03m_s60.A35 fileNameGt=../graphsdb/mcs50/bvg/b03m/mcs50_b03m_s60.B35
Reading graphs...
60 :  89
60 :  90
Initializing...
maxdom : 7
D->valSize : 244
Solving...
Blb : 5 (clique : 24)
currentSize : 24 <-- 0.001920 s
currentSize : 25 <-- 0.227872 s
currentSize : 26 <-- 0.656186 s
currentSize : 27 <-- 2.717958 s
currentSize : 28 <-- 2.858894 s
currentSize : 29 <-- 4.780425 s
currentSize : 30 <-- 6.065726 s
currentSize : 31 <-- 11.212192 s
currentSize : 32 <-- 24.354156 s
currentSize : 33 <-- 26.868744 s
currentSize : 34 <-- 26.868864 s

maxsize : 34
nodes : 7880890.000000
filtered : 45622065.000000
time : 30.353376
