Parameters: GAD=1 vflib=1 dir=0 label=1 lowerbound=1 fileNameGp=../graphsdb/mcs50/bvg/b03m/mcs50_b03m_s40.A15 fileNameGt=../graphsdb/mcs50/bvg/b03m/mcs50_b03m_s40.B15
Reading graphs...
40 :  60
40 :  60
Initializing...
maxdom : 8
D->valSize : 205
Solving...
Blb : 2 (clique : 18)
currentSize : 18 <-- 0.001261 s
currentSize : 19 <-- 0.007733 s
currentSize : 20 <-- 15.441041 s
currentSize : 21 <-- 18.910168 s
currentSize : 22 <-- 22.678747 s

maxsize : 22
nodes : 10355981.000000
filtered : 66454260.000000
time : 24.105803
