Parameters: GAD=1 vflib=1 dir=0 label=1 lowerbound=1 fileNameGp=../graphsdb/mcs50/bvg/b09/mcs50_b09_s35.A81 fileNameGt=../graphsdb/mcs50/bvg/b09/mcs50_b09_s35.B81
Reading graphs...
35 :  152
35 :  150
Initializing...
maxdom : 6
D->valSize : 151
Solving...
Blb : 2 (clique : 8)
currentSize : 8 <-- 0.000853 s
currentSize : 9 <-- 0.001032 s
currentSize : 14 <-- 0.003126 s
currentSize : 15 <-- 0.003243 s
currentSize : 16 <-- 0.003656 s

maxsize : 16
nodes : 3864.000000
filtered : 28080.000000
time : 0.012822
