Parameters: GAD=1 vflib=1 dir=0 label=1 lowerbound=1 fileNameGp=../graphsdb/mcs50/bvg/b03/mcs50_b03_s40.A10 fileNameGt=../graphsdb/mcs50/bvg/b03/mcs50_b03_s40.B10
Reading graphs...
40 :  60
40 :  59
Initializing...
maxdom : 7
D->valSize : 218
Solving...
Blb : 2 (clique : 20)
currentSize : 20 <-- 0.002025 s
currentSize : 21 <-- 0.336801 s
currentSize : 22 <-- 0.337085 s
currentSize : 23 <-- 0.342732 s
currentSize : 24 <-- 0.841953 s

maxsize : 24
nodes : 321179.000000
filtered : 2927264.000000
time : 1.390709
