Parameters: GAD=1 vflib=1 dir=0 label=1 lowerbound=1 fileNameGp=../graphsdb/mcs50/rand/r01/mcs50_r01_s90.A39 fileNameGt=../graphsdb/mcs50/rand/r01/mcs50_r01_s90.B39
Reading graphs...
90 :  763
90 :  760
Initializing...
maxdom : 10
D->valSize : 557
Solving...
Blb : 2 (clique : 14)
currentSize : 14 <-- 0.005947 s
currentSize : 15 <-- 0.009880 s
currentSize : 16 <-- 0.073531 s
currentSize : 17 <-- 0.111663 s
currentSize : 18 <-- 0.343765 s
currentSize : 19 <-- 0.934854 s
currentSize : 23 <-- 3.285186 s
currentSize : 26 <-- 3.768933 s
currentSize : 34 <-- 4.764284 s
currentSize : 37 <-- 4.765051 s
currentSize : 40 <-- 4.770656 s
currentSize : 41 <-- 4.771107 s

maxsize : 41
nodes : 1391577.000000
filtered : 16011276.000000
time : 8.001634
