Parameters: GAD=1 vflib=1 dir=0 label=1 lowerbound=1 fileNameGp=../graphsdb/mcs50/m2D/m2Dr4/mcs50_m2Dr4_s50.A50 fileNameGt=../graphsdb/mcs50/m2D/m2Dr4/mcs50_m2Dr4_s50.B50
Reading graphs...
50 :  104
50 :  101
Initializing...
maxdom : 10
D->valSize : 304
Solving...
Blb : 2 (clique : 16)
currentSize : 16 <-- 0.002158 s
currentSize : 17 <-- 0.023341 s
currentSize : 18 <-- 0.115868 s
currentSize : 19 <-- 0.795979 s
currentSize : 20 <-- 2.029803 s
currentSize : 22 <-- 2.029953 s
currentSize : 23 <-- 2.050804 s
currentSize : 24 <-- 2.244639 s
currentSize : 25 <-- 2.345645 s

maxsize : 25
nodes : 721705.000000
filtered : 6998463.000000
time : 2.683971
