Parameters: GAD=1 vflib=1 dir=0 label=1 lowerbound=1 fileNameGp=../graphsdb/mcs50/m4D/m4Dr6/mcs50_m4Dr6_s40.A28 fileNameGt=../graphsdb/mcs50/m4D/m4Dr6/mcs50_m4Dr6_s40.B28
Reading graphs...
40 :  93
40 :  91
Initializing...
maxdom : 8
D->valSize : 211
Solving...
Blb : 3 (clique : 15)
currentSize : 15 <-- 0.001252 s
currentSize : 16 <-- 0.001327 s
currentSize : 17 <-- 0.001878 s
currentSize : 18 <-- 0.015089 s
currentSize : 19 <-- 0.900111 s

maxsize : 19
nodes : 339183.000000
filtered : 3163640.000000
time : 1.180390
