Parameters: GAD=1 vflib=1 dir=0 label=1 lowerbound=1 fileNameGp=../graphsdb/mcs50/bvg/b09/mcs50_b09_s40.A59 fileNameGt=../graphsdb/mcs50/bvg/b09/mcs50_b09_s40.B59
Reading graphs...
40 :  178
40 :  177
Initializing...
maxdom : 9
D->valSize : 199
Solving...
Blb : 3 (clique : 12)
currentSize : 12 <-- 0.001224 s
currentSize : 15 <-- 0.072108 s
currentSize : 17 <-- 0.072150 s
currentSize : 18 <-- 0.083133 s
currentSize : 20 <-- 0.087658 s

maxsize : 20
nodes : 25352.000000
filtered : 237168.000000
time : 0.111484
