Parameters: GAD=1 vflib=1 dir=0 label=1 lowerbound=1 fileNameGp=../graphsdb/mcs50/bvg/b09/mcs50_b09_s70.A58 fileNameGt=../graphsdb/mcs50/bvg/b09/mcs50_b09_s70.B58
Reading graphs...
70 :  311
70 :  310
Initializing...
maxdom : 11
D->valSize : 358
Solving...
Blb : 2 (clique : 18)
currentSize : 18 <-- 0.004737 s
currentSize : 19 <-- 0.028596 s
currentSize : 21 <-- 0.411868 s
currentSize : 22 <-- 0.411939 s
currentSize : 23 <-- 0.543472 s
currentSize : 24 <-- 0.544071 s
currentSize : 25 <-- 0.544581 s
currentSize : 26 <-- 0.565492 s
currentSize : 27 <-- 0.567068 s
currentSize : 31 <-- 3.922346 s
currentSize : 32 <-- 3.922396 s
currentSize : 33 <-- 3.943980 s
currentSize : 34 <-- 6.145931 s
currentSize : 35 <-- 6.146114 s

maxsize : 35
nodes : 2065183.000000
filtered : 11691867.000000
time : 9.364979
