Parameters: GAD=1 vflib=1 dir=0 label=1 lowerbound=1 fileNameGp=../graphsdb/mcs50/bvg/b03m/mcs50_b03m_s60.A72 fileNameGt=../graphsdb/mcs50/bvg/b03m/mcs50_b03m_s60.B72
Reading graphs...
60 :  90
60 :  90
Initializing...
maxdom : 7
D->valSize : 248
Solving...
Blb : 2 (clique : 29)
currentSize : 29 <-- 0.003079 s
currentSize : 30 <-- 0.003419 s
currentSize : 31 <-- 0.339353 s
currentSize : 32 <-- 18.933851 s
currentSize : 33 <-- 19.928085 s
currentSize : 34 <-- 39.417984 s

maxsize : 34
nodes : 11561674.000000
filtered : 63840966.000000
time : 49.147766
