Parameters: GAD=1 vflib=1 dir=0 label=1 lowerbound=1 fileNameGp=../graphsdb/mcs50/bvg/b06/mcs50_b06_s70.A72 fileNameGt=../graphsdb/mcs50/bvg/b06/mcs50_b06_s70.B72
Reading graphs...
70 :  209
70 :  209
Initializing...
maxdom : 8
D->valSize : 340
Solving...
Blb : 2 (clique : 22)
currentSize : 22 <-- 0.002982 s
currentSize : 23 <-- 0.003143 s
currentSize : 26 <-- 0.003188 s
currentSize : 27 <-- 0.003285 s
currentSize : 31 <-- 0.006425 s
currentSize : 32 <-- 0.006578 s
currentSize : 34 <-- 0.011283 s
currentSize : 35 <-- 5.232910 s

maxsize : 35
nodes : 12752281.000000
filtered : 94286934.000000
time : 61.963745
