Parameters: GAD=1 vflib=1 dir=0 label=1 lowerbound=1 fileNameGp=../graphsdb/mcs50/bvg/b06m/mcs50_b06m_s80.A08 fileNameGt=../graphsdb/mcs50/bvg/b06m/mcs50_b06m_s80.B08
Reading graphs...
80 :  234
80 :  236
Initializing...
maxdom : 9
D->valSize : 450
Solving...
Blb : 2 (clique : 36)
currentSize : 36 <-- 0.004664 s
currentSize : 37 <-- 3.325642 s
currentSize : 38 <-- 61.255016 s
currentSize : 39 <-- 82.869278 s
currentSize : 40 <-- 82.869713 s
currentSize : 41 <-- 82.874695 s
currentSize : 42 <-- 1706.988770 s
currentSize : 43 <-- 1707.045044 s

TIMEOUT
maxsize : 43
nodes : 823232029.000000
filtered : 3808166027.000000
time : 3600.000000
