Parameters: GAD=1 vflib=1 dir=0 label=1 lowerbound=1 fileNameGp=../graphsdb/mcs50/m2D/m2D/mcs50_m2D_s50.A31 fileNameGt=../graphsdb/mcs50/m2D/m2D/mcs50_m2D_s50.B31
Reading graphs...
50 :  85
50 :  85
Initializing...
maxdom : 11
D->valSize : 320
Solving...
Blb : 2 (clique : 21)
currentSize : 21 <-- 0.002441 s
currentSize : 22 <-- 0.949268 s
currentSize : 23 <-- 2.479258 s
currentSize : 24 <-- 2.826448 s
currentSize : 25 <-- 3.257420 s
currentSize : 26 <-- 9.783883 s
currentSize : 27 <-- 66.927856 s
currentSize : 28 <-- 133.857895 s

maxsize : 28
nodes : 33598802.000000
filtered : 353406224.000000
time : 138.011551
