Parameters: GAD=1 vflib=1 dir=0 label=1 lowerbound=1 fileNameGp=../graphsdb/mcs50/rand/r01/mcs50_r01_s60.A39 fileNameGt=../graphsdb/mcs50/rand/r01/mcs50_r01_s60.B39
Reading graphs...
60 :  332
60 :  332
Initializing...
maxdom : 8
D->valSize : 252
Solving...
Blb : 5 (clique : 13)
currentSize : 13 <-- 0.001740 s
currentSize : 14 <-- 0.002114 s
currentSize : 15 <-- 0.003582 s
currentSize : 16 <-- 0.006465 s
currentSize : 17 <-- 0.006504 s
currentSize : 19 <-- 0.006905 s
currentSize : 20 <-- 0.016176 s
currentSize : 21 <-- 0.023893 s
currentSize : 22 <-- 0.030217 s
currentSize : 24 <-- 0.059157 s
currentSize : 28 <-- 0.083894 s

maxsize : 28
nodes : 26364.000000
filtered : 270134.000000
time : 0.151550
