Parameters: GAD=1 vflib=1 dir=0 label=1 lowerbound=1 fileNameGp=../graphsdb/mcs50/m2D/m2Dr6/mcs50_m2Dr6_s80.A48 fileNameGt=../graphsdb/mcs50/m2D/m2Dr6/mcs50_m2Dr6_s80.B48
Reading graphs...
80 :  185
80 :  188
Initializing...
maxdom : 10
D->valSize : 444
Solving...
Blb : 3 (clique : 25)
currentSize : 25 <-- 0.004665 s
currentSize : 26 <-- 30.421730 s
currentSize : 27 <-- 30.578596 s
currentSize : 28 <-- 508.079498 s
currentSize : 29 <-- 1067.261108 s
currentSize : 30 <-- 1650.157471 s

TIMEOUT
maxsize : 30
nodes : 859457393.000000
filtered : 6520184055.000000
time : 3600.000000
