Parameters: GAD=1 vflib=1 dir=0 label=1 lowerbound=1 fileNameGp=../graphsdb/mcs50/bvg/b09m/mcs50_b09m_s60.A94 fileNameGt=../graphsdb/mcs50/bvg/b09m/mcs50_b09m_s60.B94
Reading graphs...
60 :  257
60 :  261
Initializing...
maxdom : 7
D->valSize : 250
Solving...
Blb : 3 (clique : 23)
currentSize : 23 <-- 0.003034 s
currentSize : 24 <-- 0.024171 s
currentSize : 25 <-- 0.024563 s
currentSize : 26 <-- 0.173849 s
currentSize : 27 <-- 0.174160 s

maxsize : 27
nodes : 165646.000000
filtered : 781774.000000
time : 0.611238
