Parameters: GAD=1 vflib=1 dir=0 label=1 lowerbound=1 fileNameGp=../graphsdb/mcs50/rand/r005/mcs50_r005_s60.A96 fileNameGt=../graphsdb/mcs50/rand/r005/mcs50_r005_s60.B96
Reading graphs...
60 :  173
60 :  171
Initializing...
maxdom : 8
D->valSize : 255
Solving...
Blb : 2 (clique : 22)
currentSize : 22 <-- 0.002939 s
currentSize : 23 <-- 0.021035 s
currentSize : 24 <-- 0.217110 s
currentSize : 25 <-- 1.180414 s
currentSize : 26 <-- 1.540984 s
currentSize : 27 <-- 3.112833 s
currentSize : 28 <-- 3.112937 s
currentSize : 29 <-- 3.123864 s
currentSize : 30 <-- 3.124043 s

maxsize : 30
nodes : 882054.000000
filtered : 6689597.000000
time : 4.571563
