Parameters: GAD=1 vflib=1 dir=0 label=1 lowerbound=1 fileNameGp=../graphsdb/mcs50/m3D/m3Dr4/mcs50_m3Dr4_s60.A70 fileNameGt=../graphsdb/mcs50/m3D/m3Dr4/mcs50_m3Dr4_s60.B70
Reading graphs...
60 :  155
60 :  152
Initializing...
maxdom : 8
D->valSize : 254
Solving...
Blb : 2 (clique : 20)
currentSize : 20 <-- 0.001986 s
currentSize : 23 <-- 0.002222 s
currentSize : 24 <-- 0.008121 s
currentSize : 25 <-- 0.077103 s
currentSize : 26 <-- 2.183464 s
currentSize : 27 <-- 2.187668 s
currentSize : 28 <-- 2.214666 s
currentSize : 29 <-- 2.242754 s

maxsize : 29
nodes : 863615.000000
filtered : 6482863.000000
time : 3.771068
