Parameters: GAD=1 vflib=1 dir=0 label=1 lowerbound=1 fileNameGp=../graphsdb/mcs50/m2D/m2Dr2/mcs50_m2Dr2_s100.A10 fileNameGt=../graphsdb/mcs50/m2D/m2Dr2/mcs50_m2Dr2_s100.B10
Reading graphs...
100 :  199
100 :  199
Initializing...
maxdom : 7
D->valSize : 352
Solving...
Blb : 2 (clique : 36)
currentSize : 36 <-- 0.003744 s
currentSize : 38 <-- 0.004065 s
currentSize : 39 <-- 0.021440 s
currentSize : 40 <-- 0.047655 s
currentSize : 41 <-- 0.108797 s
currentSize : 42 <-- 0.330365 s
currentSize : 43 <-- 0.388878 s
currentSize : 44 <-- 712.475159 s
currentSize : 45 <-- 713.047852 s
currentSize : 47 <-- 713.048462 s
currentSize : 48 <-- 1656.672974 s
currentSize : 49 <-- 1656.673096 s
currentSize : 50 <-- 1672.478394 s

TIMEOUT
maxsize : 50
nodes : 652146882.000000
filtered : 2711034153.000000
time : 3600.000000
