Parameters: GAD=1 vflib=1 dir=0 label=1 lowerbound=1 fileNameGp=../graphsdb/mcs50/m2D/m2D/mcs50_m2D_s70.A99 fileNameGt=../graphsdb/mcs50/m2D/m2D/mcs50_m2D_s70.B99
Reading graphs...
70 :  123
70 :  123
Initializing...
maxdom : 8
D->valSize : 359
Solving...
Blb : 2 (clique : 32)
currentSize : 32 <-- 0.003377 s
currentSize : 33 <-- 0.003601 s
currentSize : 34 <-- 0.003672 s
currentSize : 35 <-- 0.003872 s
currentSize : 36 <-- 0.015375 s
currentSize : 37 <-- 134.316986 s
currentSize : 38 <-- 270.266388 s
currentSize : 39 <-- 772.946045 s

maxsize : 39
nodes : 287971975.000000
filtered : 3140922985.000000
time : 1581.205811
