Parameters: GAD=1 vflib=1 dir=0 label=1 lowerbound=1 fileNameGp=../graphsdb/mcs50/bvg/b03m/mcs50_b03m_s50.A33 fileNameGt=../graphsdb/mcs50/bvg/b03m/mcs50_b03m_s50.B33
Reading graphs...
50 :  75
50 :  75
Initializing...
maxdom : 9
D->valSize : 331
Solving...
Blb : 2 (clique : 26)
currentSize : 26 <-- 0.002612 s
currentSize : 27 <-- 0.003679 s
currentSize : 28 <-- 0.007630 s
currentSize : 29 <-- 0.043263 s
currentSize : 30 <-- 0.116968 s

maxsize : 30
nodes : 16963672.000000
filtered : 201894551.000000
time : 77.767616
