Parameters: GAD=1 vflib=1 dir=0 label=1 lowerbound=1 fileNameGp=../graphsdb/mcs50/m2D/m2D/mcs50_m2D_s80.A28 fileNameGt=../graphsdb/mcs50/m2D/m2D/mcs50_m2D_s80.B28
Reading graphs...
80 :  141
80 :  142
Initializing...
maxdom : 10
D->valSize : 449
Solving...
Blb : 2 (clique : 35)
currentSize : 35 <-- 0.004617 s
currentSize : 37 <-- 0.004868 s
currentSize : 38 <-- 0.113584 s
currentSize : 39 <-- 0.140941 s
currentSize : 40 <-- 2.073753 s
currentSize : 41 <-- 9.006882 s

TIMEOUT
maxsize : 41
nodes : 728513967.000000
filtered : 4714474522.000000
time : 3600.000000
