Parameters: GAD=1 vflib=1 dir=0 label=1 lowerbound=1 fileNameGp=../graphsdb/mcs50/bvg/b09m/mcs50_b09m_s100.A97 fileNameGt=../graphsdb/mcs50/bvg/b09m/mcs50_b09m_s100.B97
Reading graphs...
100 :  445
100 :  444
Initializing...
maxdom : 7
D->valSize : 379
Solving...
Blb : 2 (clique : 26)
currentSize : 26 <-- 0.006377 s
currentSize : 27 <-- 1.435203 s
currentSize : 28 <-- 2.370234 s
currentSize : 29 <-- 2.393683 s
currentSize : 30 <-- 2.444995 s
currentSize : 31 <-- 4.094895 s
currentSize : 32 <-- 4.096655 s
currentSize : 33 <-- 4.096721 s
currentSize : 34 <-- 10.242622 s
currentSize : 35 <-- 10.242803 s
currentSize : 37 <-- 10.270798 s
currentSize : 38 <-- 10.271076 s
currentSize : 39 <-- 53.799458 s
currentSize : 40 <-- 69.282074 s
currentSize : 41 <-- 147.912582 s
currentSize : 42 <-- 147.942581 s
currentSize : 43 <-- 435.043091 s
currentSize : 44 <-- 435.096039 s
currentSize : 45 <-- 1360.975952 s
currentSize : 46 <-- 2241.306396 s
currentSize : 47 <-- 3051.811523 s
currentSize : 48 <-- 3051.919434 s

TIMEOUT
maxsize : 48
nodes : 704226683.000000
filtered : 2487643256.000000
time : 3600.000000
