Parameters: GAD=1 vflib=1 dir=0 label=1 lowerbound=1 fileNameGp=../graphsdb/mcs50/bvg/b06/mcs50_b06_s50.A95 fileNameGt=../graphsdb/mcs50/bvg/b06/mcs50_b06_s50.B95
Reading graphs...
50 :  148
50 :  144
Initializing...
maxdom : 11
D->valSize : 331
Solving...
Blb : 2 (clique : 17)
currentSize : 17 <-- 0.002512 s
currentSize : 18 <-- 0.005501 s
currentSize : 19 <-- 0.034871 s
currentSize : 20 <-- 0.043196 s
currentSize : 21 <-- 4.685831 s
currentSize : 22 <-- 6.969705 s
currentSize : 23 <-- 6.969835 s
currentSize : 25 <-- 7.398614 s
currentSize : 26 <-- 7.399945 s

maxsize : 26
nodes : 2285550.000000
filtered : 29246773.000000
time : 9.596661
