Parameters: GAD=1 vflib=1 dir=0 label=1 lowerbound=1 fileNameGp=../graphsdb/mcs50/rand/r005/mcs50_r005_s60.A34 fileNameGt=../graphsdb/mcs50/rand/r005/mcs50_r005_s60.B34
Reading graphs...
60 :  175
60 :  175
Initializing...
maxdom : 8
D->valSize : 255
Solving...
Blb : 2 (clique : 19)
currentSize : 19 <-- 0.001877 s
currentSize : 20 <-- 0.180562 s
currentSize : 21 <-- 0.277287 s
currentSize : 22 <-- 0.341928 s
currentSize : 23 <-- 1.202304 s
currentSize : 24 <-- 1.202507 s
currentSize : 25 <-- 1.203728 s
currentSize : 26 <-- 5.151118 s
currentSize : 27 <-- 6.264930 s
currentSize : 28 <-- 7.983663 s
currentSize : 29 <-- 7.983798 s
currentSize : 30 <-- 7.983929 s

maxsize : 30
nodes : 2193984.000000
filtered : 18718592.000000
time : 9.592662
