Parameters: GAD=1 vflib=1 dir=0 label=1 lowerbound=1 fileNameGp=../graphsdb/mcs50/bvg/b06m/mcs50_b06m_s80.A66 fileNameGt=../graphsdb/mcs50/bvg/b06m/mcs50_b06m_s80.B66
Reading graphs...
80 :  239
80 :  240
Initializing...
maxdom : 8
D->valSize : 438
Solving...
Blb : 2 (clique : 24)
currentSize : 24 <-- 0.004427 s
currentSize : 26 <-- 0.004779 s
currentSize : 27 <-- 0.005489 s
currentSize : 28 <-- 0.008472 s
currentSize : 30 <-- 0.013306 s
currentSize : 31 <-- 0.160610 s
currentSize : 32 <-- 0.163039 s
currentSize : 33 <-- 98.760895 s
currentSize : 34 <-- 345.340302 s
currentSize : 36 <-- 404.305237 s
currentSize : 37 <-- 404.391205 s
currentSize : 38 <-- 484.319733 s
currentSize : 40 <-- 1331.452271 s
currentSize : 41 <-- 1331.458984 s
currentSize : 43 <-- 1331.473145 s

maxsize : 43
nodes : 398269513.000000
filtered : 3181049826.000000
time : 2125.337402
