Parameters: GAD=1 vflib=1 dir=0 label=1 lowerbound=1 fileNameGp=../graphsdb/mcs50/m2D/m2Dr4/mcs50_m2Dr4_s70.A98 fileNameGt=../graphsdb/mcs50/m2D/m2Dr4/mcs50_m2Dr4_s70.B98
Reading graphs...
70 :  151
70 :  151
Initializing...
maxdom : 9
D->valSize : 327
Solving...
Blb : 2 (clique : 29)
currentSize : 29 <-- 0.004618 s
currentSize : 30 <-- 0.004933 s
currentSize : 31 <-- 0.005399 s
currentSize : 32 <-- 0.006019 s
currentSize : 33 <-- 0.009122 s
currentSize : 34 <-- 0.051390 s
currentSize : 36 <-- 0.052927 s
currentSize : 37 <-- 0.053181 s

maxsize : 37
nodes : 14149734.000000
filtered : 96386171.000000
time : 67.615326
