Parameters: GAD=1 vflib=1 dir=0 label=1 lowerbound=1 fileNameGp=../graphsdb/mcs50/rand/r01/mcs50_r01_s90.A47 fileNameGt=../graphsdb/mcs50/rand/r01/mcs50_r01_s90.B47
Reading graphs...
90 :  754
90 :  761
Initializing...
maxdom : 11
D->valSize : 575
Solving...
Blb : 2 (clique : 16)
currentSize : 16 <-- 0.006362 s
currentSize : 17 <-- 0.055776 s
currentSize : 21 <-- 0.060287 s
currentSize : 23 <-- 0.105411 s
currentSize : 24 <-- 0.566348 s
currentSize : 25 <-- 0.799851 s
currentSize : 26 <-- 1.042380 s
currentSize : 31 <-- 1.280522 s
currentSize : 32 <-- 1.281333 s
currentSize : 33 <-- 3.153078 s
currentSize : 34 <-- 3.172939 s
currentSize : 39 <-- 3.200902 s
currentSize : 40 <-- 3.202293 s

maxsize : 40
nodes : 911829.000000
filtered : 15417666.000000
time : 6.036261
