Parameters: GAD=1 vflib=1 dir=0 label=1 lowerbound=1 fileNameGp=../graphsdb/mcs50/rand/r02/mcs50_r02_s100.A08 fileNameGt=../graphsdb/mcs50/rand/r02/mcs50_r02_s100.B08
Reading graphs...
100 :  1780
100 :  1773
Initializing...
maxdom : 7
D->valSize : 371
Solving...
Blb : 2 (clique : 7)
currentSize : 7 <-- 0.003589 s
currentSize : 10 <-- 0.003679 s
currentSize : 12 <-- 0.004629 s
currentSize : 19 <-- 0.005734 s
currentSize : 23 <-- 0.012167 s
currentSize : 25 <-- 0.020536 s
currentSize : 26 <-- 0.039008 s
currentSize : 35 <-- 0.040803 s
currentSize : 36 <-- 0.432391 s

maxsize : 36
nodes : 1014479.000000
filtered : 793899.000000
time : 4.049990
