Parameters: GAD=1 vflib=1 dir=0 label=1 lowerbound=1 fileNameGp=../graphsdb/mcs50/m3D/m3Dr2/mcs50_m3Dr2_s50.A69 fileNameGt=../graphsdb/mcs50/m3D/m3Dr2/mcs50_m3Dr2_s50.B69
Reading graphs...
50 :  117
50 :  116
Initializing...
maxdom : 9
D->valSize : 315
Solving...
Blb : 2 (clique : 18)
currentSize : 18 <-- 0.002223 s
currentSize : 20 <-- 0.014258 s
currentSize : 21 <-- 1.074690 s
currentSize : 22 <-- 2.017189 s
currentSize : 23 <-- 2.963597 s
currentSize : 24 <-- 3.004888 s
currentSize : 26 <-- 6.789480 s
currentSize : 27 <-- 6.793481 s
currentSize : 28 <-- 6.793532 s
currentSize : 29 <-- 6.794029 s

maxsize : 29
nodes : 1838821.000000
filtered : 18852203.000000
time : 7.331130
