Parameters: GAD=1 vflib=1 dir=0 label=1 lowerbound=1 fileNameGp=../graphsdb/mcs50/rand/r01/mcs50_r01_s35.A95 fileNameGt=../graphsdb/mcs50/rand/r01/mcs50_r01_s35.B95
Reading graphs...
35 :  112
35 :  112
Initializing...
maxdom : 8
D->valSize : 194
Solving...
Blb : 2 (clique : 10)
currentSize : 10 <-- 0.001024 s
currentSize : 11 <-- 0.001263 s
currentSize : 12 <-- 0.048015 s
currentSize : 13 <-- 0.048045 s
currentSize : 14 <-- 0.048072 s
currentSize : 15 <-- 0.080480 s
currentSize : 17 <-- 0.085041 s

maxsize : 17
nodes : 28096.000000
filtered : 276206.000000
time : 0.091814
