Parameters: GAD=1 vflib=1 dir=0 label=1 lowerbound=1 fileNameGp=../graphsdb/mcs50/bvg/b06/mcs50_b06_s80.A56 fileNameGt=../graphsdb/mcs50/bvg/b06/mcs50_b06_s80.B56
Reading graphs...
80 :  240
80 :  238
Initializing...
maxdom : 10
D->valSize : 419
Solving...
Blb : 2 (clique : 31)
currentSize : 31 <-- 0.004223 s
currentSize : 32 <-- 0.004471 s
currentSize : 35 <-- 0.005128 s
currentSize : 37 <-- 0.005281 s
currentSize : 39 <-- 0.008373 s
currentSize : 41 <-- 0.008755 s
currentSize : 42 <-- 143.096420 s
currentSize : 43 <-- 143.114151 s
currentSize : 44 <-- 143.114487 s

maxsize : 44
nodes : 33230790.000000
filtered : 249787826.000000
time : 180.172546
