Parameters: GAD=1 vflib=1 dir=0 label=1 lowerbound=1 fileNameGp=../graphsdb/mcs50/bvg/b06m/mcs50_b06m_s40.A99 fileNameGt=../graphsdb/mcs50/bvg/b06m/mcs50_b06m_s40.B99
Reading graphs...
40 :  119
40 :  119
Initializing...
maxdom : 8
D->valSize : 229
Solving...
Blb : 2 (clique : 11)
currentSize : 11 <-- 0.001387 s
currentSize : 12 <-- 0.001589 s
currentSize : 13 <-- 0.004720 s
currentSize : 14 <-- 0.006211 s
currentSize : 15 <-- 0.018473 s
currentSize : 16 <-- 0.021773 s
currentSize : 17 <-- 0.041122 s
currentSize : 18 <-- 0.042540 s
currentSize : 19 <-- 0.073207 s
currentSize : 20 <-- 0.123669 s

maxsize : 20
nodes : 62683.000000
filtered : 603145.000000
time : 0.226747
