Parameters: GAD=1 vflib=1 dir=0 label=1 lowerbound=1 fileNameGp=../graphsdb/mcs50/m2D/m2Dr4/mcs50_m2Dr4_s40.A52 fileNameGt=../graphsdb/mcs50/m2D/m2Dr4/mcs50_m2Dr4_s40.B52
Reading graphs...
40 :  82
40 :  81
Initializing...
maxdom : 8
D->valSize : 199
Solving...
Blb : 5 (clique : 14)
currentSize : 14 <-- 0.001113 s
currentSize : 15 <-- 0.001207 s
currentSize : 16 <-- 0.003036 s
currentSize : 17 <-- 0.016578 s
currentSize : 18 <-- 1.702605 s

maxsize : 18
nodes : 752182.000000
filtered : 5237696.000000
time : 2.341764
