Parameters: GAD=1 vflib=1 dir=0 label=1 lowerbound=1 fileNameGp=../graphsdb/mcs50/rand/r005/mcs50_r005_s80.A39 fileNameGt=../graphsdb/mcs50/rand/r005/mcs50_r005_s80.B39
Reading graphs...
80 :  301
80 :  303
Initializing...
maxdom : 8
D->valSize : 408
Solving...
Blb : 2 (clique : 28)
currentSize : 28 <-- 0.003838 s
currentSize : 29 <-- 0.004391 s
currentSize : 31 <-- 0.004698 s
currentSize : 33 <-- 0.004783 s
currentSize : 35 <-- 0.132849 s
currentSize : 36 <-- 121.257515 s
currentSize : 37 <-- 122.019760 s
currentSize : 38 <-- 122.020798 s
currentSize : 39 <-- 122.020905 s

maxsize : 39
nodes : 29241144.000000
filtered : 328897764.000000
time : 174.084473
