Parameters: GAD=1 vflib=1 dir=0 label=1 lowerbound=1 fileNameGp=../graphsdb/mcs50/m2D/m2Dr6/mcs50_m2Dr6_s70.A23 fileNameGt=../graphsdb/mcs50/m2D/m2Dr6/mcs50_m2Dr6_s70.B23
Reading graphs...
70 :  165
70 :  165
Initializing...
maxdom : 9
D->valSize : 365
Solving...
Blb : 2 (clique : 30)
currentSize : 30 <-- 0.003205 s
currentSize : 31 <-- 0.003404 s
currentSize : 32 <-- 0.004298 s
currentSize : 33 <-- 0.004411 s
currentSize : 34 <-- 0.013845 s
currentSize : 36 <-- 0.046660 s
currentSize : 37 <-- 0.061363 s
currentSize : 38 <-- 0.108528 s

maxsize : 38
nodes : 14780293.000000
filtered : 132752857.000000
time : 76.506248
