Parameters: GAD=1 vflib=1 dir=0 label=1 lowerbound=1 fileNameGp=../graphsdb/mcs50/rand/r005/mcs50_r005_s60.A18 fileNameGt=../graphsdb/mcs50/rand/r005/mcs50_r005_s60.B18
Reading graphs...
60 :  170
60 :  169
Initializing...
maxdom : 6
D->valSize : 241
Solving...
Blb : 2 (clique : 18)
currentSize : 18 <-- 0.002700 s
currentSize : 19 <-- 0.002883 s
currentSize : 20 <-- 0.003101 s
currentSize : 21 <-- 0.004131 s
currentSize : 22 <-- 0.004146 s
currentSize : 23 <-- 0.004641 s
currentSize : 24 <-- 0.004717 s
currentSize : 25 <-- 0.137762 s
currentSize : 26 <-- 0.362040 s
currentSize : 27 <-- 0.721638 s
currentSize : 28 <-- 0.723254 s
currentSize : 29 <-- 0.814093 s

maxsize : 29
nodes : 461497.000000
filtered : 3154847.000000
time : 2.128098
