Parameters: GAD=1 vflib=1 dir=0 label=1 lowerbound=1 fileNameGp=../graphsdb/mcs50/m2D/m2Dr2/mcs50_m2Dr2_s70.A99 fileNameGt=../graphsdb/mcs50/m2D/m2Dr2/mcs50_m2Dr2_s70.B99
Reading graphs...
70 :  137
70 :  136
Initializing...
maxdom : 8
D->valSize : 332
Solving...
Blb : 2 (clique : 25)
currentSize : 25 <-- 0.002819 s
currentSize : 26 <-- 0.003085 s
currentSize : 27 <-- 0.003331 s
currentSize : 28 <-- 0.068633 s
currentSize : 29 <-- 280.359497 s
currentSize : 30 <-- 610.465576 s

TIMEOUT
maxsize : 30
nodes : 859329778.000000
filtered : 5786887267.000000
time : 3600.000000
