Parameters: GAD=1 vflib=1 dir=0 label=1 lowerbound=1 fileNameGp=../graphsdb/mcs50/m2D/m2D/mcs50_m2D_s80.A49 fileNameGt=../graphsdb/mcs50/m2D/m2D/mcs50_m2D_s80.B49
Reading graphs...
80 :  140
80 :  142
Initializing...
maxdom : 10
D->valSize : 430
Solving...
Blb : 2 (clique : 27)
currentSize : 27 <-- 0.007181 s
currentSize : 29 <-- 0.007509 s
currentSize : 30 <-- 0.124657 s
currentSize : 31 <-- 0.836387 s
currentSize : 32 <-- 33.854580 s
currentSize : 33 <-- 33.854679 s
currentSize : 34 <-- 1730.039307 s
currentSize : 35 <-- 1730.039307 s

TIMEOUT
maxsize : 35
nodes : 811368610.000000
filtered : 5298446135.000000
time : 3600.000000
