Parameters: GAD=1 vflib=1 dir=0 label=1 lowerbound=1 fileNameGp=../graphsdb/mcs50/bvg/b06m/mcs50_b06m_s100.A41 fileNameGt=../graphsdb/mcs50/bvg/b06m/mcs50_b06m_s100.B41
Reading graphs...
100 :  296
100 :  298
Initializing...
maxdom : 8
D->valSize : 363
Solving...
Blb : 2 (clique : 37)
currentSize : 37 <-- 0.003823 s
currentSize : 39 <-- 7.213512 s
currentSize : 40 <-- 7.546361 s
currentSize : 41 <-- 7.813975 s
currentSize : 42 <-- 306.389557 s
currentSize : 47 <-- 487.548981 s
currentSize : 48 <-- 487.549652 s
currentSize : 49 <-- 488.491821 s
currentSize : 50 <-- 1162.731567 s

TIMEOUT
maxsize : 50
nodes : 681481631.000000
filtered : 3055476340.000000
time : 3600.000000
