Parameters: GAD=1 vflib=1 dir=0 label=1 lowerbound=1 fileNameGp=../graphsdb/mcs50/bvg/b03/mcs50_b03_s50.A26 fileNameGt=../graphsdb/mcs50/bvg/b03/mcs50_b03_s50.B26
Reading graphs...
50 :  75
50 :  75
Initializing...
maxdom : 9
D->valSize : 340
Solving...
Blb : 5 (clique : 17)
currentSize : 17 <-- 0.004176 s
currentSize : 18 <-- 0.004338 s
currentSize : 19 <-- 0.004425 s
currentSize : 20 <-- 0.004554 s
currentSize : 21 <-- 0.006729 s
currentSize : 22 <-- 0.058801 s
currentSize : 23 <-- 0.931071 s
currentSize : 24 <-- 99.919174 s
currentSize : 25 <-- 1097.567749 s
currentSize : 26 <-- 1097.817261 s
currentSize : 27 <-- 1245.277100 s

maxsize : 27
nodes : 361161650.000000
filtered : 3831088118.000000
time : 1327.179810
