Parameters: GAD=1 vflib=1 dir=0 label=1 lowerbound=1 fileNameGp=../graphsdb/mcs50/bvg/b09/mcs50_b09_s25.A37 fileNameGt=../graphsdb/mcs50/bvg/b09/mcs50_b09_s25.B37
Reading graphs...
25 :  110
25 :  108
Initializing...
maxdom : 10
D->valSize : 156
Solving...
Blb : 2 (clique : 7)
currentSize : 7 <-- 0.000748 s
currentSize : 8 <-- 0.000788 s
currentSize : 9 <-- 0.002717 s
currentSize : 10 <-- 0.008736 s
currentSize : 11 <-- 0.011903 s
currentSize : 12 <-- 0.011932 s

maxsize : 12
nodes : 4456.000000
filtered : 57876.000000
time : 0.013920
