Parameters: GAD=1 vflib=1 dir=0 label=1 lowerbound=1 fileNameGp=../graphsdb/mcs50/bvg/b03m/mcs50_b03m_s60.A90 fileNameGt=../graphsdb/mcs50/bvg/b03m/mcs50_b03m_s60.B90
Reading graphs...
60 :  90
60 :  90
Initializing...
maxdom : 8
D->valSize : 242
Solving...
Blb : 2 (clique : 29)
currentSize : 29 <-- 0.002833 s
currentSize : 30 <-- 0.003300 s
currentSize : 31 <-- 0.003814 s
currentSize : 32 <-- 0.035460 s
currentSize : 33 <-- 0.040019 s
currentSize : 34 <-- 0.072629 s

maxsize : 34
nodes : 17514010.000000
filtered : 125870801.000000
time : 72.387100
