Parameters: GAD=1 vflib=1 dir=0 label=1 lowerbound=1 fileNameGp=../graphsdb/mcs50/bvg/b06/mcs50_b06_s100.A29 fileNameGt=../graphsdb/mcs50/bvg/b06/mcs50_b06_s100.B29
Reading graphs...
100 :  299
100 :  298
Initializing...
maxdom : 6
D->valSize : 335
Solving...
Blb : 2 (clique : 31)
currentSize : 31 <-- 0.005537 s
currentSize : 32 <-- 0.008841 s
currentSize : 33 <-- 0.223797 s
currentSize : 34 <-- 1.023490 s
currentSize : 35 <-- 1.046566 s
currentSize : 36 <-- 2.260160 s
currentSize : 37 <-- 35.836052 s
currentSize : 38 <-- 708.384827 s
currentSize : 39 <-- 1661.275146 s
currentSize : 40 <-- 1661.327393 s
currentSize : 41 <-- 1661.327393 s
currentSize : 42 <-- 1661.398071 s
currentSize : 43 <-- 2481.191895 s
currentSize : 44 <-- 3147.629395 s
currentSize : 49 <-- 3147.631104 s
currentSize : 50 <-- 3147.637695 s
currentSize : 51 <-- 3168.432129 s
currentSize : 52 <-- 3169.611328 s

TIMEOUT
maxsize : 52
nodes : 682275855.000000
filtered : 3279506817.000000
time : 3600.000000
