Parameters: GAD=1 vflib=1 dir=0 label=1 lowerbound=1 fileNameGp=../graphsdb/mcs50/m3D/m3Dr6/mcs50_m3Dr6_s60.A23 fileNameGt=../graphsdb/mcs50/m3D/m3Dr6/mcs50_m3Dr6_s60.B23
Reading graphs...
60 :  169
60 :  164
Initializing...
maxdom : 9
D->valSize : 257
Solving...
Blb : 2 (clique : 19)
currentSize : 19 <-- 0.002002 s
currentSize : 20 <-- 0.003342 s
currentSize : 23 <-- 0.214072 s
currentSize : 25 <-- 1.342733 s
currentSize : 27 <-- 2.844234 s
currentSize : 28 <-- 7.084515 s
currentSize : 29 <-- 7.084997 s

maxsize : 29
nodes : 1837965.000000
filtered : 13496991.000000
time : 7.954265
