Parameters: GAD=1 vflib=1 dir=0 label=1 lowerbound=1 fileNameGp=../graphsdb/mcs50/bvg/b03/mcs50_b03_s35.A92 fileNameGt=../graphsdb/mcs50/bvg/b03/mcs50_b03_s35.B92
Reading graphs...
35 :  52
35 :  52
Initializing...
maxdom : 8
D->valSize : 173
Solving...
Blb : 2 (clique : 14)
currentSize : 14 <-- 0.000917 s
currentSize : 15 <-- 0.011109 s
currentSize : 16 <-- 0.011171 s
currentSize : 17 <-- 0.024236 s
currentSize : 18 <-- 0.041085 s

maxsize : 18
nodes : 35950.000000
filtered : 281093.000000
time : 0.134125
