Parameters: GAD=1 vflib=1 dir=0 label=1 lowerbound=1 fileNameGp=../graphsdb/mcs50/rand/r005/mcs50_r005_s35.A16 fileNameGt=../graphsdb/mcs50/rand/r005/mcs50_r005_s35.B16
Reading graphs...
35 :  60
35 :  61
Initializing...
maxdom : 8
D->valSize : 181
Solving...
Blb : 2 (clique : 14)
currentSize : 14 <-- 0.001063 s
currentSize : 15 <-- 0.011723 s
currentSize : 16 <-- 0.139683 s
currentSize : 17 <-- 0.303888 s
currentSize : 18 <-- 0.304276 s

maxsize : 18
nodes : 115734.000000
filtered : 791616.000000
time : 0.445070
