Parameters: GAD=1 vflib=1 dir=0 label=1 lowerbound=1 fileNameGp=../graphsdb/mcs50/rand/r02/mcs50_r02_s20.A98 fileNameGt=../graphsdb/mcs50/rand/r02/mcs50_r02_s20.B98
Reading graphs...
20 :  67
20 :  66
Initializing...
maxdom : 7
D->valSize : 103
Solving...
Blb : 3 (clique : 5)
currentSize : 5 <-- 0.000577 s
currentSize : 6 <-- 0.000623 s
currentSize : 7 <-- 0.000690 s
currentSize : 8 <-- 0.001229 s
currentSize : 10 <-- 0.001458 s

maxsize : 10
nodes : 585.000000
filtered : 4902.000000
time : 0.002020
