Parameters: GAD=1 vflib=1 dir=0 label=1 lowerbound=1 fileNameGp=../graphsdb/mcs50/bvg/b06/mcs50_b06_s100.A08 fileNameGt=../graphsdb/mcs50/bvg/b06/mcs50_b06_s100.B08
Reading graphs...
100 :  298
100 :  298
Initializing...
maxdom : 6
D->valSize : 363
Solving...
Blb : 2 (clique : 33)
currentSize : 33 <-- 0.006097 s
currentSize : 35 <-- 0.006598 s
currentSize : 36 <-- 0.010253 s
currentSize : 37 <-- 0.039115 s
currentSize : 38 <-- 0.050077 s
currentSize : 39 <-- 0.602374 s
currentSize : 40 <-- 63.856503 s

TIMEOUT
maxsize : 40
nodes : 684791926.000000
filtered : 2905053348.000000
time : 3600.000000
