Parameters: GAD=1 vflib=1 dir=0 label=1 lowerbound=1 fileNameGp=../graphsdb/mcs50/m2D/m2Dr2/mcs50_m2Dr2_s60.A75 fileNameGt=../graphsdb/mcs50/m2D/m2Dr2/mcs50_m2Dr2_s60.B75
Reading graphs...
60 :  115
60 :  115
Initializing...
maxdom : 7
D->valSize : 225
Solving...
Blb : 2 (clique : 21)
currentSize : 21 <-- 0.002608 s
currentSize : 22 <-- 0.002847 s
currentSize : 23 <-- 0.002900 s
currentSize : 24 <-- 0.003141 s
currentSize : 25 <-- 0.010767 s
currentSize : 26 <-- 0.134161 s
currentSize : 27 <-- 0.173215 s

maxsize : 27
nodes : 8478103.000000
filtered : 61718769.000000
time : 37.382397
