Parameters: GAD=1 vflib=1 dir=0 label=1 lowerbound=1 fileNameGp=../graphsdb/mcs50/bvg/b06/mcs50_b06_s50.A79 fileNameGt=../graphsdb/mcs50/bvg/b06/mcs50_b06_s50.B79
Reading graphs...
50 :  148
50 :  149
Initializing...
maxdom : 7
D->valSize : 313
Solving...
Blb : 2 (clique : 19)
currentSize : 19 <-- 0.002142 s
currentSize : 20 <-- 0.002251 s
currentSize : 21 <-- 0.002314 s
currentSize : 22 <-- 0.002403 s
currentSize : 23 <-- 0.015754 s
currentSize : 24 <-- 0.023649 s
currentSize : 25 <-- 0.023750 s
currentSize : 26 <-- 0.023818 s

maxsize : 26
nodes : 831321.000000
filtered : 14143615.000000
time : 4.117090
