Parameters: GAD=1 vflib=1 dir=0 label=1 lowerbound=1 fileNameGp=../graphsdb/mcs50/bvg/b06/mcs50_b06_s100.A11 fileNameGt=../graphsdb/mcs50/bvg/b06/mcs50_b06_s100.B11
Reading graphs...
100 :  298
100 :  300
Initializing...
maxdom : 7
D->valSize : 382
Solving...
Blb : 2 (clique : 37)
currentSize : 37 <-- 0.003956 s
currentSize : 38 <-- 0.037923 s
currentSize : 41 <-- 0.129331 s
currentSize : 42 <-- 0.198202 s
currentSize : 43 <-- 0.565365 s
currentSize : 44 <-- 1.296835 s
currentSize : 45 <-- 1.304890 s
currentSize : 46 <-- 1.338330 s
currentSize : 48 <-- 1.342997 s
currentSize : 49 <-- 1.354707 s
currentSize : 51 <-- 1.426785 s
currentSize : 52 <-- 3.113927 s
currentSize : 53 <-- 159.209457 s

maxsize : 53
nodes : 397506987.000000
filtered : 2110514956.000000
time : 2114.558838
