Parameters: GAD=1 vflib=1 dir=0 label=1 lowerbound=1 fileNameGp=../graphsdb/mcs50/rand/r02/mcs50_r02_s90.A22 fileNameGt=../graphsdb/mcs50/rand/r02/mcs50_r02_s90.B22
Reading graphs...
90 :  1443
90 :  1436
Initializing...
maxdom : 12
D->valSize : 590
Solving...
Blb : 2 (clique : 10)
currentSize : 10 <-- 0.009865 s
currentSize : 11 <-- 0.010295 s
currentSize : 12 <-- 0.013557 s
currentSize : 15 <-- 0.023225 s
currentSize : 16 <-- 0.023318 s
currentSize : 17 <-- 0.041315 s
currentSize : 18 <-- 0.041401 s
currentSize : 21 <-- 0.046743 s
currentSize : 22 <-- 0.046951 s
currentSize : 24 <-- 0.153351 s
currentSize : 33 <-- 0.267383 s
currentSize : 34 <-- 0.267661 s
currentSize : 35 <-- 0.284695 s
currentSize : 36 <-- 0.285054 s

maxsize : 36
nodes : 115780.000000
filtered : 1308956.000000
time : 0.736002
