Parameters: GAD=1 vflib=1 dir=0 label=1 lowerbound=1 fileNameGp=../graphsdb/mcs50/bvg/b06/mcs50_b06_s20.A10 fileNameGt=../graphsdb/mcs50/bvg/b06/mcs50_b06_s20.B10
Reading graphs...
20 :  59
20 :  59
Initializing...
maxdom : 6
D->valSize : 105
Solving...
Blb : 2 (clique : 6)
currentSize : 6 <-- 0.000646 s
currentSize : 7 <-- 0.000810 s
currentSize : 8 <-- 0.000918 s
currentSize : 9 <-- 0.000952 s
currentSize : 10 <-- 0.002830 s
currentSize : 11 <-- 0.003281 s

maxsize : 11
nodes : 593.000000
filtered : 8713.000000
time : 0.003624
