Parameters: GAD=1 vflib=1 dir=0 label=1 lowerbound=1 fileNameGp=../graphsdb/mcs50/bvg/b03m/mcs50_b03m_s30.A73 fileNameGt=../graphsdb/mcs50/bvg/b03m/mcs50_b03m_s30.B73
Reading graphs...
30 :  44
30 :  44
Initializing...
maxdom : 6
D->valSize : 116
Solving...
Blb : 2 (clique : 11)
currentSize : 11 <-- 0.000652 s
currentSize : 12 <-- 0.036040 s
currentSize : 13 <-- 0.071316 s
currentSize : 14 <-- 0.279053 s
currentSize : 15 <-- 0.422860 s

maxsize : 15
nodes : 238390.000000
filtered : 1156622.000000
time : 0.472950
