Parameters: GAD=1 vflib=1 dir=0 label=1 lowerbound=1 fileNameGp=../graphsdb/mcs50/bvg/b03m/mcs50_b03m_s70.A39 fileNameGt=../graphsdb/mcs50/bvg/b03m/mcs50_b03m_s70.B39
Reading graphs...
70 :  105
70 :  105
Initializing...
maxdom : 8
D->valSize : 310
Solving...
Blb : 2 (clique : 31)
currentSize : 31 <-- 0.003006 s
currentSize : 32 <-- 0.019816 s
currentSize : 33 <-- 5.525740 s
currentSize : 34 <-- 5.543899 s
currentSize : 35 <-- 6.485876 s
currentSize : 36 <-- 23.552000 s
currentSize : 37 <-- 1282.707764 s
currentSize : 38 <-- 1282.707886 s

maxsize : 38
nodes : 339356651.000000
filtered : 2273445378.000000
time : 1546.734863
