Parameters: GAD=1 vflib=1 dir=0 label=1 lowerbound=1 fileNameGp=../graphsdb/mcs50/rand/r02/mcs50_r02_s100.A11 fileNameGt=../graphsdb/mcs50/rand/r02/mcs50_r02_s100.B11
Reading graphs...
100 :  1773
100 :  1755
Initializing...
maxdom : 6
D->valSize : 349
Solving...
Blb : 2 (clique : 22)
currentSize : 22 <-- 0.005721 s
currentSize : 23 <-- 0.007220 s
currentSize : 34 <-- 0.031465 s
currentSize : 35 <-- 0.031495 s
currentSize : 36 <-- 0.031642 s
currentSize : 37 <-- 0.371549 s

maxsize : 37
nodes : 1205659.000000
filtered : 878275.000000
time : 4.667191
