Parameters: GAD=1 vflib=1 dir=0 label=1 lowerbound=1 fileNameGp=../graphsdb/mcs50/m3D/m3Dr6/mcs50_m3Dr6_s50.A44 fileNameGt=../graphsdb/mcs50/m3D/m3Dr6/mcs50_m3Dr6_s50.B44
Reading graphs...
50 :  136
50 :  132
Initializing...
maxdom : 10
D->valSize : 338
Solving...
Blb : 2 (clique : 21)
currentSize : 21 <-- 0.003999 s
currentSize : 24 <-- 0.323602 s
currentSize : 25 <-- 0.323679 s
currentSize : 26 <-- 0.325919 s
currentSize : 27 <-- 2.282577 s

maxsize : 27
nodes : 1083200.000000
filtered : 10778593.000000
time : 4.552339
