Parameters: GAD=1 vflib=1 dir=0 label=1 lowerbound=1 fileNameGp=../graphsdb/mcs50/bvg/b09/mcs50_b09_s70.A60 fileNameGt=../graphsdb/mcs50/bvg/b09/mcs50_b09_s70.B60
Reading graphs...
70 :  314
70 :  308
Initializing...
maxdom : 8
D->valSize : 342
Solving...
Blb : 3 (clique : 26)
currentSize : 26 <-- 0.003019 s
currentSize : 27 <-- 9.511239 s
currentSize : 28 <-- 17.854128 s
currentSize : 31 <-- 20.895361 s
currentSize : 32 <-- 20.895794 s
currentSize : 35 <-- 20.899153 s

maxsize : 35
nodes : 7042110.000000
filtered : 56309982.000000
time : 33.193970
