Parameters: GAD=1 vflib=1 dir=0 label=1 lowerbound=1 fileNameGp=../graphsdb/mcs50/rand/r01/mcs50_r01_s40.A86 fileNameGt=../graphsdb/mcs50/rand/r01/mcs50_r01_s40.B86
Reading graphs...
40 :  146
40 :  149
Initializing...
maxdom : 10
D->valSize : 214
Solving...
Blb : 2 (clique : 10)
currentSize : 10 <-- 0.001382 s
currentSize : 11 <-- 0.001436 s
currentSize : 12 <-- 0.001684 s
currentSize : 13 <-- 0.002167 s
currentSize : 14 <-- 0.002783 s
currentSize : 15 <-- 0.002973 s
currentSize : 17 <-- 0.004386 s
currentSize : 20 <-- 0.007972 s

maxsize : 20
nodes : 4891.000000
filtered : 80574.000000
time : 0.022288
