Parameters: GAD=1 vflib=1 dir=0 label=1 lowerbound=1 fileNameGp=../graphsdb/mcs50/m2D/m2Dr6/mcs50_m2Dr6_s40.A51 fileNameGt=../graphsdb/mcs50/m2D/m2Dr6/mcs50_m2Dr6_s40.B51
Reading graphs...
40 :  89
40 :  90
Initializing...
maxdom : 10
D->valSize : 233
Solving...
Blb : 2 (clique : 15)
currentSize : 15 <-- 0.001482 s
currentSize : 16 <-- 0.018663 s
currentSize : 17 <-- 0.264993 s
currentSize : 18 <-- 0.558641 s
currentSize : 19 <-- 0.914834 s
currentSize : 20 <-- 1.420387 s
currentSize : 21 <-- 1.420603 s

maxsize : 21
nodes : 628701.000000
filtered : 6682846.000000
time : 2.168075
