Parameters: GAD=1 vflib=1 dir=0 label=1 lowerbound=1 fileNameGp=../graphsdb/mcs50/rand/r02/mcs50_r02_s100.A07 fileNameGt=../graphsdb/mcs50/rand/r02/mcs50_r02_s100.B07
Reading graphs...
100 :  1766
100 :  1737
Initializing...
maxdom : 7
D->valSize : 336
Solving...
Blb : 2 (clique : 8)
currentSize : 8 <-- 0.003343 s
currentSize : 9 <-- 0.004603 s
currentSize : 10 <-- 0.005255 s
currentSize : 11 <-- 0.005830 s
currentSize : 12 <-- 0.011499 s
currentSize : 14 <-- 0.011976 s
currentSize : 15 <-- 0.015799 s
currentSize : 19 <-- 0.016060 s
currentSize : 24 <-- 0.042530 s
currentSize : 25 <-- 0.070095 s
currentSize : 34 <-- 0.070539 s
currentSize : 35 <-- 0.072691 s

maxsize : 35
nodes : 2632801.000000
filtered : 2043453.000000
time : 10.489037
