Parameters: GAD=1 vflib=1 dir=0 label=1 lowerbound=1 fileNameGp=../graphsdb/mcs50/m2D/m2Dr6/mcs50_m2Dr6_s80.A91 fileNameGt=../graphsdb/mcs50/m2D/m2Dr6/mcs50_m2Dr6_s80.B91
Reading graphs...
80 :  187
80 :  188
Initializing...
maxdom : 8
D->valSize : 443
Solving...
Blb : 2 (clique : 28)
currentSize : 28 <-- 0.004499 s
currentSize : 32 <-- 0.004710 s
currentSize : 33 <-- 0.004781 s
currentSize : 34 <-- 0.008318 s
currentSize : 35 <-- 26.350271 s
currentSize : 36 <-- 1763.945068 s

TIMEOUT
maxsize : 36
nodes : 707293491.000000
filtered : 6861148699.000000
time : 3600.000000
