Parameters: GAD=1 vflib=1 dir=0 label=1 lowerbound=1 fileNameGp=../graphsdb/mcs50/m4D/m4Dr2/mcs50_m4Dr2_s40.A10 fileNameGt=../graphsdb/mcs50/m4D/m4Dr2/mcs50_m4Dr2_s40.B10
Reading graphs...
40 :  79
40 :  76
Initializing...
maxdom : 8
D->valSize : 242
Solving...
Blb : 2 (clique : 14)
currentSize : 14 <-- 0.002276 s
currentSize : 16 <-- 0.002388 s
currentSize : 17 <-- 0.241943 s
currentSize : 18 <-- 3.571050 s
currentSize : 19 <-- 8.196860 s

maxsize : 19
nodes : 3950325.000000
filtered : 49309958.000000
time : 13.610867
