Parameters: GAD=1 vflib=1 dir=0 label=1 lowerbound=1 fileNameGp=../graphsdb/mcs50/m2D/m2D/mcs50_m2D_s40.A51 fileNameGt=../graphsdb/mcs50/m2D/m2D/mcs50_m2D_s40.B51
Reading graphs...
40 :  67
40 :  66
Initializing...
maxdom : 8
D->valSize : 216
Solving...
Blb : 2 (clique : 15)
currentSize : 15 <-- 0.001228 s
currentSize : 16 <-- 0.001315 s
currentSize : 17 <-- 0.001395 s
currentSize : 18 <-- 0.001555 s
currentSize : 19 <-- 0.001933 s

maxsize : 19
nodes : 221232.000000
filtered : 1972055.000000
time : 0.959469
