Parameters: GAD=1 vflib=1 dir=0 label=1 lowerbound=1 fileNameGp=../graphsdb/mcs50/m2D/m2D/mcs50_m2D_s70.A63 fileNameGt=../graphsdb/mcs50/m2D/m2D/mcs50_m2D_s70.B63
Reading graphs...
70 :  123
70 :  123
Initializing...
maxdom : 9
D->valSize : 358
Solving...
Blb : 2 (clique : 31)
currentSize : 31 <-- 0.003307 s
currentSize : 32 <-- 0.003602 s
currentSize : 33 <-- 0.003657 s
currentSize : 34 <-- 0.004752 s
currentSize : 35 <-- 0.010115 s
currentSize : 36 <-- 0.010939 s
currentSize : 37 <-- 0.048646 s
currentSize : 38 <-- 0.242632 s
currentSize : 39 <-- 0.246606 s
currentSize : 40 <-- 0.276867 s

maxsize : 40
nodes : 74897508.000000
filtered : 437081047.000000
time : 362.774078
