Parameters: GAD=1 vflib=1 dir=0 label=1 lowerbound=1 fileNameGp=../graphsdb/mcs50/m2D/m2Dr4/mcs50_m2Dr4_s70.A85 fileNameGt=../graphsdb/mcs50/m2D/m2Dr4/mcs50_m2Dr4_s70.B85
Reading graphs...
70 :  150
70 :  151
Initializing...
maxdom : 10
D->valSize : 354
Solving...
Blb : 2 (clique : 33)
currentSize : 33 <-- 0.005104 s
currentSize : 34 <-- 0.006057 s
currentSize : 35 <-- 0.348407 s
currentSize : 36 <-- 0.348694 s
currentSize : 37 <-- 0.780420 s

maxsize : 37
nodes : 16995912.000000
filtered : 134814213.000000
time : 82.975555
