Parameters: GAD=1 vflib=1 dir=0 label=1 lowerbound=1 fileNameGp=../graphsdb/mcs50/rand/r005/mcs50_r005_s40.A72 fileNameGt=../graphsdb/mcs50/rand/r005/mcs50_r005_s40.B72
Reading graphs...
40 :  76
40 :  76
Initializing...
maxdom : 9
D->valSize : 215
Solving...
Blb : 2 (clique : 15)
currentSize : 15 <-- 0.001985 s
currentSize : 16 <-- 0.002739 s
currentSize : 17 <-- 0.076197 s
currentSize : 18 <-- 0.432890 s
currentSize : 19 <-- 0.438198 s
currentSize : 20 <-- 0.779551 s
currentSize : 21 <-- 0.784329 s

maxsize : 21
nodes : 236016.000000
filtered : 2228799.000000
time : 0.951027
