Parameters: GAD=1 vflib=1 dir=0 label=1 lowerbound=1 fileNameGp=../graphsdb/mcs50/m2D/m2Dr4/mcs50_m2Dr4_s60.A76 fileNameGt=../graphsdb/mcs50/m2D/m2Dr4/mcs50_m2Dr4_s60.B76
Reading graphs...
60 :  127
60 :  126
Initializing...
maxdom : 8
D->valSize : 261
Solving...
Blb : 5 (clique : 24)
currentSize : 24 <-- 0.001986 s
currentSize : 26 <-- 0.002981 s
currentSize : 27 <-- 0.202559 s
currentSize : 28 <-- 5.210905 s
currentSize : 29 <-- 10.383069 s

maxsize : 29
nodes : 8667718.000000
filtered : 86196282.000000
time : 42.234886
