Parameters: GAD=1 vflib=1 dir=0 label=1 lowerbound=1 fileNameGp=../graphsdb/mcs50/m3D/m3D/mcs50_m3D_s60.A15 fileNameGt=../graphsdb/mcs50/m3D/m3D/mcs50_m3D_s60.B15
Reading graphs...
60 :  132
60 :  133
Initializing...
maxdom : 8
D->valSize : 260
Solving...
Blb : 2 (clique : 20)
currentSize : 20 <-- 0.002985 s
currentSize : 22 <-- 0.003219 s
currentSize : 24 <-- 0.012578 s
currentSize : 25 <-- 0.013908 s
currentSize : 27 <-- 0.041818 s
currentSize : 28 <-- 4.803998 s
currentSize : 30 <-- 4.896314 s
currentSize : 31 <-- 4.963757 s

maxsize : 31
nodes : 1985247.000000
filtered : 12641631.000000
time : 8.281050
