Parameters: GAD=1 vflib=1 dir=0 label=1 lowerbound=1 fileNameGp=../graphsdb/mcs50/rand/r005/mcs50_r005_s60.A07 fileNameGt=../graphsdb/mcs50/rand/r005/mcs50_r005_s60.B07
Reading graphs...
60 :  173
60 :  171
Initializing...
maxdom : 7
D->valSize : 264
Solving...
Blb : 2 (clique : 19)
currentSize : 19 <-- 0.001956 s
currentSize : 20 <-- 0.072082 s
currentSize : 21 <-- 0.394999 s
currentSize : 22 <-- 0.532874 s
currentSize : 23 <-- 0.534315 s
currentSize : 24 <-- 0.534700 s
currentSize : 25 <-- 2.197625 s
currentSize : 26 <-- 2.197686 s
currentSize : 27 <-- 2.302565 s
currentSize : 28 <-- 3.813874 s
currentSize : 30 <-- 4.139590 s

maxsize : 30
nodes : 1173785.000000
filtered : 8156258.000000
time : 5.133462
