Parameters: GAD=1 vflib=1 dir=0 label=1 lowerbound=1 fileNameGp=../graphsdb/mcs50/rand/r02/mcs50_r02_s70.A31 fileNameGt=../graphsdb/mcs50/rand/r02/mcs50_r02_s70.B31
Reading graphs...
70 :  867
70 :  866
Initializing...
maxdom : 7
D->valSize : 336
Solving...
Blb : 2 (clique : 7)
currentSize : 7 <-- 0.002653 s
currentSize : 8 <-- 0.002753 s
currentSize : 9 <-- 0.002957 s
currentSize : 10 <-- 0.004965 s
currentSize : 12 <-- 0.005059 s
currentSize : 18 <-- 0.005146 s
currentSize : 29 <-- 0.012945 s

maxsize : 29
nodes : 14232.000000
filtered : 123098.000000
time : 0.064185
