Parameters: GAD=1 vflib=1 dir=0 label=1 lowerbound=1 fileNameGp=../graphsdb/mcs50/m2D/m2Dr4/mcs50_m2Dr4_s90.A59 fileNameGt=../graphsdb/mcs50/m2D/m2Dr4/mcs50_m2Dr4_s90.B59
Reading graphs...
90 :  196
90 :  194
Initializing...
maxdom : 9
D->valSize : 525
Solving...
Blb : 2 (clique : 35)
currentSize : 35 <-- 0.006151 s
currentSize : 38 <-- 0.006437 s
currentSize : 39 <-- 0.006577 s
currentSize : 40 <-- 0.028376 s
currentSize : 43 <-- 1.379841 s
currentSize : 45 <-- 1.380400 s
currentSize : 46 <-- 1.381724 s
currentSize : 47 <-- 1.381794 s
currentSize : 48 <-- 3.490786 s
currentSize : 49 <-- 3.492088 s
currentSize : 50 <-- 3.510890 s
currentSize : 51 <-- 70.173347 s
currentSize : 52 <-- 826.508118 s

TIMEOUT
maxsize : 52
nodes : 700250518.000000
filtered : 3391772881.000000
time : 3600.000000
