Parameters: GAD=1 vflib=1 dir=0 label=1 lowerbound=1 fileNameGp=../graphsdb/mcs50/bvg/b09m/mcs50_b09m_s90.A63 fileNameGt=../graphsdb/mcs50/bvg/b09m/mcs50_b09m_s90.B63
Reading graphs...
90 :  399
90 :  397
Initializing...
maxdom : 9
D->valSize : 547
Solving...
Blb : 2 (clique : 24)
currentSize : 24 <-- 0.011341 s
currentSize : 25 <-- 0.031886 s
currentSize : 26 <-- 0.032662 s
currentSize : 27 <-- 1.244809 s
currentSize : 28 <-- 6.672907 s
currentSize : 29 <-- 16.891783 s
currentSize : 30 <-- 83.211166 s
currentSize : 31 <-- 118.288399 s
currentSize : 32 <-- 118.296478 s
currentSize : 33 <-- 118.301834 s
currentSize : 34 <-- 118.302002 s
currentSize : 38 <-- 183.475220 s
currentSize : 40 <-- 183.476227 s
currentSize : 43 <-- 183.476593 s

maxsize : 43
nodes : 73921015.000000
filtered : 473640000.000000
time : 370.168732
