Parameters: GAD=1 vflib=1 dir=0 label=1 lowerbound=1 fileNameGp=../graphsdb/mcs50/bvg/b06m/mcs50_b06m_s60.A06 fileNameGt=../graphsdb/mcs50/bvg/b06m/mcs50_b06m_s60.B06
Reading graphs...
60 :  177
60 :  177
Initializing...
maxdom : 9
D->valSize : 262
Solving...
Blb : 5 (clique : 18)
currentSize : 18 <-- 0.002297 s
currentSize : 20 <-- 0.002404 s
currentSize : 21 <-- 0.046597 s
currentSize : 22 <-- 0.076623 s
currentSize : 23 <-- 0.240463 s
currentSize : 24 <-- 0.696802 s
currentSize : 25 <-- 0.700955 s
currentSize : 26 <-- 1.057593 s
currentSize : 27 <-- 1.057784 s
currentSize : 28 <-- 5.128667 s
currentSize : 29 <-- 5.129024 s

maxsize : 29
nodes : 2721993.000000
filtered : 17093935.000000
time : 10.984114
