Parameters: GAD=1 vflib=1 dir=0 label=1 lowerbound=1 fileNameGp=../graphsdb/mcs50/bvg/b03m/mcs50_b03m_s30.A27 fileNameGt=../graphsdb/mcs50/bvg/b03m/mcs50_b03m_s30.B27
Reading graphs...
30 :  43
30 :  41
Initializing...
maxdom : 8
D->valSize : 151
Solving...
Blb : 2 (clique : 13)
currentSize : 13 <-- 0.001080 s
currentSize : 14 <-- 0.004861 s
currentSize : 15 <-- 0.013652 s
currentSize : 16 <-- 0.014021 s
currentSize : 17 <-- 0.015961 s

maxsize : 17
nodes : 10664.000000
filtered : 87729.000000
time : 0.037319
