Parameters: GAD=1 vflib=1 dir=0 label=1 lowerbound=1 fileNameGp=../graphsdb/mcs50/m2D/m2Dr4/mcs50_m2Dr4_s100.A71 fileNameGt=../graphsdb/mcs50/m2D/m2Dr4/mcs50_m2Dr4_s100.B71
Reading graphs...
100 :  220
100 :  218
Initializing...
maxdom : 7
D->valSize : 371
Solving...
Blb : 2 (clique : 34)
currentSize : 34 <-- 0.004103 s
currentSize : 35 <-- 0.091244 s
currentSize : 36 <-- 112.851608 s
currentSize : 37 <-- 135.796875 s
currentSize : 38 <-- 137.448883 s
currentSize : 39 <-- 153.492081 s
currentSize : 40 <-- 156.817429 s
currentSize : 41 <-- 289.334412 s
currentSize : 42 <-- 462.461792 s
currentSize : 43 <-- 463.767731 s
currentSize : 44 <-- 497.611298 s
currentSize : 45 <-- 744.906921 s
currentSize : 46 <-- 2117.594727 s
currentSize : 47 <-- 2118.699951 s
currentSize : 48 <-- 2118.719482 s
currentSize : 49 <-- 2397.988770 s
currentSize : 50 <-- 3492.675781 s
currentSize : 51 <-- 3493.370850 s

TIMEOUT
maxsize : 51
nodes : 658217195.000000
filtered : 3080076749.000000
time : 3600.000000
