Parameters: GAD=1 vflib=1 dir=0 label=1 lowerbound=1 fileNameGp=../graphsdb/mcs50/bvg/b03/mcs50_b03_s40.A91 fileNameGt=../graphsdb/mcs50/bvg/b03/mcs50_b03_s40.B91
Reading graphs...
40 :  59
40 :  60
Initializing...
maxdom : 8
D->valSize : 205
Solving...
Blb : 2 (clique : 18)
currentSize : 18 <-- 0.001267 s
currentSize : 19 <-- 0.001810 s
currentSize : 20 <-- 0.002678 s
currentSize : 21 <-- 0.403142 s
currentSize : 22 <-- 0.922558 s
currentSize : 23 <-- 1.082372 s

maxsize : 23
nodes : 344477.000000
filtered : 3009967.000000
time : 1.189257
