Parameters: GAD=1 vflib=1 dir=0 label=1 lowerbound=1 fileNameGp=../graphsdb/mcs50/bvg/b09/mcs50_b09_s35.A63 fileNameGt=../graphsdb/mcs50/bvg/b09/mcs50_b09_s35.B63
Reading graphs...
35 :  155
35 :  155
Initializing...
maxdom : 7
D->valSize : 161
Solving...
Blb : 2 (clique : 11)
currentSize : 11 <-- 0.000990 s
currentSize : 12 <-- 0.001107 s
currentSize : 13 <-- 0.001136 s
currentSize : 14 <-- 0.004326 s
currentSize : 15 <-- 0.006614 s
currentSize : 16 <-- 0.006640 s

maxsize : 16
nodes : 5106.000000
filtered : 39542.000000
time : 0.016738
