Parameters: GAD=1 vflib=1 dir=0 label=1 lowerbound=1 fileNameGp=../graphsdb/mcs50/rand/r005/mcs50_r005_s100.A21 fileNameGt=../graphsdb/mcs50/rand/r005/mcs50_r005_s100.B21
Reading graphs...
100 :  478
100 :  485
Initializing...
maxdom : 7
D->valSize : 355
Solving...
Blb : 2 (clique : 27)
currentSize : 27 <-- 0.003720 s
currentSize : 29 <-- 0.006333 s
currentSize : 30 <-- 0.081491 s
currentSize : 31 <-- 0.099872 s
currentSize : 33 <-- 0.116886 s
currentSize : 35 <-- 0.157953 s
currentSize : 36 <-- 0.363843 s
currentSize : 39 <-- 0.544002 s
currentSize : 40 <-- 0.553550 s
currentSize : 41 <-- 1.037561 s
currentSize : 45 <-- 1.040064 s
currentSize : 47 <-- 4.940838 s
currentSize : 49 <-- 4.943595 s

maxsize : 49
nodes : 13569447.000000
filtered : 91618120.000000
time : 82.585869
