Parameters: GAD=1 vflib=1 dir=0 label=1 lowerbound=1 fileNameGp=../graphsdb/mcs50/rand/r01/mcs50_r01_s30.A69 fileNameGt=../graphsdb/mcs50/rand/r01/mcs50_r01_s30.B69
Reading graphs...
30 :  84
30 :  81
Initializing...
maxdom : 8
D->valSize : 133
Solving...
Blb : 2 (clique : 8)
currentSize : 8 <-- 0.000776 s
currentSize : 9 <-- 0.000971 s
currentSize : 10 <-- 0.003207 s
currentSize : 11 <-- 0.003810 s
currentSize : 12 <-- 0.005361 s
currentSize : 13 <-- 0.008977 s
currentSize : 14 <-- 0.012077 s
currentSize : 15 <-- 0.012117 s

maxsize : 15
nodes : 4307.000000
filtered : 31633.000000
time : 0.012906
