Parameters: GAD=1 vflib=1 dir=0 label=1 lowerbound=1 fileNameGp=../graphsdb/mcs50/rand/r005/mcs50_r005_s40.A91 fileNameGt=../graphsdb/mcs50/rand/r005/mcs50_r005_s40.B91
Reading graphs...
40 :  75
40 :  76
Initializing...
maxdom : 8
D->valSize : 223
Solving...
Blb : 2 (clique : 15)
currentSize : 15 <-- 0.001417 s
currentSize : 16 <-- 0.001528 s
currentSize : 18 <-- 0.006723 s
currentSize : 19 <-- 0.063330 s
currentSize : 21 <-- 0.373339 s

maxsize : 21
nodes : 208714.000000
filtered : 2363709.000000
time : 0.826357
