Parameters: GAD=1 vflib=1 dir=0 label=1 lowerbound=1 fileNameGp=../graphsdb/mcs50/rand/r005/mcs50_r005_s100.A04 fileNameGt=../graphsdb/mcs50/rand/r005/mcs50_r005_s100.B04
Reading graphs...
100 :  482
100 :  477
Initializing...
maxdom : 6
D->valSize : 350
Solving...
Blb : 2 (clique : 34)
currentSize : 34 <-- 0.005824 s
currentSize : 35 <-- 0.006548 s
currentSize : 36 <-- 0.006826 s
currentSize : 37 <-- 0.032428 s
currentSize : 38 <-- 0.032646 s
currentSize : 39 <-- 0.668521 s
currentSize : 40 <-- 0.668642 s
currentSize : 41 <-- 0.697461 s
currentSize : 42 <-- 0.697595 s
currentSize : 43 <-- 0.697724 s
currentSize : 44 <-- 4.598494 s
currentSize : 45 <-- 4.598627 s
currentSize : 47 <-- 4.600536 s
currentSize : 48 <-- 4.600686 s
currentSize : 49 <-- 4.600826 s

maxsize : 49
nodes : 8690912.000000
filtered : 54871012.000000
time : 50.915024
