Parameters: GAD=1 vflib=1 dir=0 label=1 lowerbound=1 fileNameGp=../graphsdb/mcs50/m2D/m2Dr4/mcs50_m2Dr4_s70.A22 fileNameGt=../graphsdb/mcs50/m2D/m2Dr4/mcs50_m2Dr4_s70.B22
Reading graphs...
70 :  149
70 :  151
Initializing...
maxdom : 8
D->valSize : 343
Solving...
Blb : 2 (clique : 23)
currentSize : 23 <-- 0.002980 s
currentSize : 24 <-- 0.004096 s
currentSize : 25 <-- 0.005805 s
currentSize : 26 <-- 0.006458 s
currentSize : 28 <-- 0.008017 s
currentSize : 29 <-- 0.023086 s
currentSize : 30 <-- 13.656506 s
currentSize : 31 <-- 13.727229 s
currentSize : 32 <-- 36.290852 s
currentSize : 33 <-- 343.447998 s
currentSize : 35 <-- 579.432434 s
currentSize : 36 <-- 579.432495 s
currentSize : 37 <-- 666.865479 s

maxsize : 37
nodes : 259292391.000000
filtered : 1900977906.000000
time : 1218.811157
