Parameters: GAD=1 vflib=1 dir=0 label=1 lowerbound=1 fileNameGp=../graphsdb/mcs50/m2D/m2D/mcs50_m2D_s80.A12 fileNameGt=../graphsdb/mcs50/m2D/m2D/mcs50_m2D_s80.B12
Reading graphs...
80 :  140
80 :  141
Initializing...
maxdom : 12
D->valSize : 410
Solving...
Blb : 2 (clique : 30)
currentSize : 30 <-- 0.004005 s
currentSize : 34 <-- 0.004223 s
currentSize : 35 <-- 0.004319 s
currentSize : 36 <-- 0.004612 s
currentSize : 37 <-- 0.007019 s
currentSize : 38 <-- 0.030816 s
currentSize : 39 <-- 0.095421 s
currentSize : 40 <-- 13.796099 s

TIMEOUT
maxsize : 40
nodes : 720184277.000000
filtered : 5704341596.000000
time : 3600.000000
