Parameters: GAD=1 vflib=1 dir=0 label=1 lowerbound=1 fileNameGp=../graphsdb/mcs50/bvg/b03/mcs50_b03_s60.A74 fileNameGt=../graphsdb/mcs50/bvg/b03/mcs50_b03_s60.B74
Reading graphs...
60 :  90
60 :  89
Initializing...
maxdom : 7
D->valSize : 245
Solving...
Blb : 2 (clique : 22)
currentSize : 22 <-- 0.001966 s
currentSize : 23 <-- 0.002234 s
currentSize : 24 <-- 0.002308 s
currentSize : 25 <-- 0.010289 s
currentSize : 26 <-- 0.035904 s
currentSize : 27 <-- 0.036036 s
currentSize : 28 <-- 10.744869 s
currentSize : 29 <-- 11.175578 s
currentSize : 30 <-- 11.905672 s
currentSize : 31 <-- 14.459510 s
currentSize : 32 <-- 57.388302 s
currentSize : 33 <-- 57.389343 s
currentSize : 34 <-- 57.940819 s
currentSize : 35 <-- 58.042393 s

maxsize : 35
nodes : 23993852.000000
filtered : 171207525.000000
time : 101.146744
