Parameters: GAD=1 vflib=1 dir=0 label=1 lowerbound=1 fileNameGp=../graphsdb/mcs50/rand/r01/mcs50_r01_s90.A58 fileNameGt=../graphsdb/mcs50/rand/r01/mcs50_r01_s90.B58
Reading graphs...
90 :  762
90 :  761
Initializing...
maxdom : 10
D->valSize : 571
Solving...
Blb : 2 (clique : 12)
currentSize : 12 <-- 0.010125 s
currentSize : 13 <-- 0.011033 s
currentSize : 14 <-- 0.011277 s
currentSize : 15 <-- 0.018558 s
currentSize : 16 <-- 0.065228 s
currentSize : 18 <-- 0.069854 s
currentSize : 20 <-- 0.145809 s
currentSize : 21 <-- 0.286180 s
currentSize : 22 <-- 0.286218 s
currentSize : 27 <-- 0.528053 s
currentSize : 30 <-- 0.670596 s
currentSize : 32 <-- 0.777785 s
currentSize : 33 <-- 1.165824 s
currentSize : 35 <-- 1.766440 s
currentSize : 36 <-- 2.714078 s
currentSize : 42 <-- 4.115360 s

maxsize : 42
nodes : 742591.000000
filtered : 14518253.000000
time : 5.331059
