Parameters: GAD=1 vflib=1 dir=0 label=1 lowerbound=1 fileNameGp=../graphsdb/mcs50/rand/r005/mcs50_r005_s60.A98 fileNameGt=../graphsdb/mcs50/rand/r005/mcs50_r005_s60.B98
Reading graphs...
60 :  172
60 :  168
Initializing...
maxdom : 7
D->valSize : 267
Solving...
Blb : 2 (clique : 18)
currentSize : 18 <-- 0.003086 s
currentSize : 19 <-- 0.018104 s
currentSize : 20 <-- 0.106621 s
currentSize : 21 <-- 0.241158 s
currentSize : 22 <-- 0.627867 s
currentSize : 23 <-- 0.733217 s
currentSize : 24 <-- 3.835256 s
currentSize : 25 <-- 4.665949 s
currentSize : 27 <-- 10.163042 s
currentSize : 28 <-- 10.163705 s
currentSize : 29 <-- 10.163766 s

maxsize : 29
nodes : 2529717.000000
filtered : 23236175.000000
time : 12.043146
