Parameters: GAD=1 vflib=1 dir=0 label=1 lowerbound=1 fileNameGp=../graphsdb/mcs50/m4D/m4Dr6/mcs50_m4Dr6_s40.A22 fileNameGt=../graphsdb/mcs50/m4D/m4Dr6/mcs50_m4Dr6_s40.B22
Reading graphs...
40 :  92
40 :  92
Initializing...
maxdom : 9
D->valSize : 217
Solving...
Blb : 3 (clique : 15)
currentSize : 15 <-- 0.001364 s
currentSize : 16 <-- 0.004238 s
currentSize : 17 <-- 0.006151 s
currentSize : 18 <-- 0.016114 s
currentSize : 19 <-- 0.024684 s

maxsize : 19
nodes : 80426.000000
filtered : 933238.000000
time : 0.289608
