Parameters: GAD=1 vflib=1 dir=0 label=1 lowerbound=1 fileNameGp=../graphsdb/mcs50/bvg/b06/mcs50_b06_s25.A63 fileNameGt=../graphsdb/mcs50/bvg/b06/mcs50_b06_s25.B63
Reading graphs...
25 :  70
25 :  75
Initializing...
maxdom : 10
D->valSize : 168
Solving...
Blb : 2 (clique : 8)
currentSize : 8 <-- 0.001142 s
currentSize : 9 <-- 0.001601 s
currentSize : 10 <-- 0.003739 s
currentSize : 11 <-- 0.008386 s
currentSize : 12 <-- 0.013093 s

maxsize : 12
nodes : 5620.000000
filtered : 71405.000000
time : 0.026955
