Parameters: GAD=1 vflib=1 dir=0 label=1 lowerbound=1 fileNameGp=../graphsdb/mcs50/bvg/b03/mcs50_b03_s80.A67 fileNameGt=../graphsdb/mcs50/bvg/b03/mcs50_b03_s80.B67
Reading graphs...
80 :  120
80 :  120
Initializing...
maxdom : 8
D->valSize : 428
Solving...
Blb : 2 (clique : 29)
currentSize : 29 <-- 0.007096 s
currentSize : 40 <-- 0.007495 s
currentSize : 41 <-- 0.007539 s
currentSize : 42 <-- 2.730727 s
currentSize : 43 <-- 2.748974 s
currentSize : 44 <-- 18.151077 s

TIMEOUT
maxsize : 44
nodes : 618840393.000000
filtered : 6538973959.000000
time : 3600.000000
