Parameters: GAD=1 vflib=1 dir=0 label=1 lowerbound=1 fileNameGp=../graphsdb/mcs50/m2D/m2D/mcs50_m2D_s100.A94 fileNameGt=../graphsdb/mcs50/m2D/m2D/mcs50_m2D_s100.B94
Reading graphs...
100 :  180
100 :  179
Initializing...
maxdom : 7
D->valSize : 340
Solving...
Blb : 3 (clique : 44)
currentSize : 44 <-- 0.003782 s
currentSize : 45 <-- 0.007510 s
currentSize : 46 <-- 0.007601 s
currentSize : 47 <-- 0.013957 s
currentSize : 48 <-- 1.989642 s
currentSize : 49 <-- 4.180179 s
currentSize : 50 <-- 4.670670 s
currentSize : 51 <-- 96.629097 s
currentSize : 52 <-- 97.301689 s

TIMEOUT
maxsize : 52
nodes : 686048636.000000
filtered : 2999535896.000000
time : 3600.000000
