Parameters: GAD=1 vflib=1 dir=0 label=1 lowerbound=1 fileNameGp=../graphsdb/mcs50/m2D/m2D/mcs50_m2D_s70.A12 fileNameGt=../graphsdb/mcs50/m2D/m2D/mcs50_m2D_s70.B12
Reading graphs...
70 :  123
70 :  123
Initializing...
maxdom : 7
D->valSize : 337
Solving...
Blb : 2 (clique : 31)
currentSize : 31 <-- 0.002910 s
currentSize : 32 <-- 0.193560 s
currentSize : 33 <-- 0.355131 s
currentSize : 34 <-- 0.602351 s
currentSize : 35 <-- 1.530382 s
currentSize : 36 <-- 1.549416 s
currentSize : 37 <-- 2.179526 s
currentSize : 38 <-- 4.744345 s
currentSize : 39 <-- 4.769490 s
currentSize : 40 <-- 5.314771 s

maxsize : 40
nodes : 68837803.000000
filtered : 482183310.000000
time : 334.926636
