Parameters: GAD=1 vflib=1 dir=0 label=1 lowerbound=1 fileNameGp=../graphsdb/mcs50/bvg/b03/mcs50_b03_s100.A18 fileNameGt=../graphsdb/mcs50/bvg/b03/mcs50_b03_s100.B18
Reading graphs...
100 :  150
100 :  149
Initializing...
maxdom : 8
D->valSize : 364
Solving...
Blb : 2 (clique : 44)
currentSize : 44 <-- 0.006426 s
currentSize : 45 <-- 0.066947 s
currentSize : 46 <-- 0.067067 s
currentSize : 47 <-- 0.753479 s
currentSize : 48 <-- 60.212936 s
currentSize : 49 <-- 89.958076 s
currentSize : 50 <-- 195.055420 s
currentSize : 51 <-- 617.537964 s
currentSize : 52 <-- 672.939270 s
currentSize : 54 <-- 675.062622 s

TIMEOUT
maxsize : 54
nodes : 733367072.000000
filtered : 2478014082.000000
time : 3600.000000
