Parameters: GAD=1 vflib=1 dir=0 label=1 lowerbound=1 fileNameGp=../graphsdb/mcs50/m2D/m2Dr2/mcs50_m2Dr2_s50.A94 fileNameGt=../graphsdb/mcs50/m2D/m2Dr2/mcs50_m2Dr2_s50.B94
Reading graphs...
50 :  93
50 :  95
Initializing...
maxdom : 10
D->valSize : 359
Solving...
Blb : 2 (clique : 21)
currentSize : 21 <-- 0.002753 s
currentSize : 24 <-- 0.002876 s
currentSize : 25 <-- 0.012278 s
currentSize : 26 <-- 0.143777 s
currentSize : 27 <-- 4.845795 s

maxsize : 27
nodes : 2196307.000000
filtered : 24761803.000000
time : 10.322860
