Parameters: GAD=1 vflib=1 dir=0 label=1 lowerbound=1 fileNameGp=../graphsdb/mcs50/bvg/b06/mcs50_b06_s90.A02 fileNameGt=../graphsdb/mcs50/bvg/b06/mcs50_b06_s90.B02
Reading graphs...
90 :  268
90 :  270
Initializing...
maxdom : 10
D->valSize : 539
Solving...
Blb : 2 (clique : 31)
currentSize : 31 <-- 0.006370 s
currentSize : 32 <-- 0.006623 s
currentSize : 33 <-- 0.006659 s
currentSize : 34 <-- 0.006795 s
currentSize : 35 <-- 0.017667 s
currentSize : 36 <-- 0.042918 s
currentSize : 37 <-- 0.070824 s
currentSize : 40 <-- 0.861852 s
currentSize : 43 <-- 0.861962 s
currentSize : 45 <-- 0.918397 s

TIMEOUT
maxsize : 45
nodes : 697109721.000000
filtered : 3961842891.000000
time : 3600.000000
