Parameters: GAD=1 vflib=1 dir=0 label=1 lowerbound=1 fileNameGp=../graphsdb/mcs50/bvg/b09/mcs50_b09_s70.A38 fileNameGt=../graphsdb/mcs50/bvg/b09/mcs50_b09_s70.B38
Reading graphs...
70 :  311
70 :  309
Initializing...
maxdom : 8
D->valSize : 360
Solving...
Blb : 2 (clique : 24)
currentSize : 24 <-- 0.003068 s
currentSize : 25 <-- 0.003729 s
currentSize : 26 <-- 0.005783 s
currentSize : 27 <-- 0.006321 s
currentSize : 28 <-- 0.007048 s
currentSize : 29 <-- 0.007828 s
currentSize : 30 <-- 5.313022 s
currentSize : 32 <-- 5.316742 s
currentSize : 33 <-- 5.318019 s
currentSize : 34 <-- 5.319545 s

maxsize : 34
nodes : 2829832.000000
filtered : 16718909.000000
time : 12.816414
