Parameters: GAD=1 vflib=1 dir=0 label=1 lowerbound=1 fileNameGp=../graphsdb/mcs50/rand/r02/mcs50_r02_s70.A55 fileNameGt=../graphsdb/mcs50/rand/r02/mcs50_r02_s70.B55
Reading graphs...
70 :  861
70 :  862
Initializing...
maxdom : 7
D->valSize : 327
Solving...
Blb : 5 (clique : 8)
currentSize : 8 <-- 0.002647 s
currentSize : 10 <-- 0.006643 s
currentSize : 12 <-- 0.010994 s
currentSize : 13 <-- 0.011154 s
currentSize : 16 <-- 0.033253 s
currentSize : 17 <-- 0.041651 s
currentSize : 25 <-- 0.042710 s
currentSize : 26 <-- 0.042772 s
currentSize : 27 <-- 0.043084 s

maxsize : 27
nodes : 19543.000000
filtered : 240230.000000
time : 0.098956
