Parameters: GAD=1 vflib=1 dir=0 label=1 lowerbound=1 fileNameGp=../graphsdb/mcs50/rand/r01/mcs50_r01_s40.A92 fileNameGt=../graphsdb/mcs50/rand/r01/mcs50_r01_s40.B92
Reading graphs...
40 :  148
40 :  150
Initializing...
maxdom : 9
D->valSize : 253
Solving...
Blb : 2 (clique : 10)
currentSize : 10 <-- 0.001512 s
currentSize : 11 <-- 0.001595 s
currentSize : 12 <-- 0.002065 s
currentSize : 14 <-- 0.004551 s
currentSize : 15 <-- 0.004898 s
currentSize : 17 <-- 0.016728 s
currentSize : 20 <-- 0.082301 s

maxsize : 20
nodes : 23705.000000
filtered : 381039.000000
time : 0.106748
