Parameters: GAD=1 vflib=1 dir=0 label=1 lowerbound=1 fileNameGp=../graphsdb/mcs50/rand/r005/mcs50_r005_s40.A45 fileNameGt=../graphsdb/mcs50/rand/r005/mcs50_r005_s40.B45
Reading graphs...
40 :  78
40 :  77
Initializing...
maxdom : 7
D->valSize : 204
Solving...
Blb : 5 (clique : 14)
currentSize : 14 <-- 0.001213 s
currentSize : 16 <-- 0.001295 s
currentSize : 17 <-- 0.002343 s
currentSize : 18 <-- 0.022114 s
currentSize : 19 <-- 2.172725 s
currentSize : 20 <-- 2.180885 s
currentSize : 21 <-- 2.189244 s

maxsize : 21
nodes : 854533.000000
filtered : 7187710.000000
time : 2.818182
