Parameters: GAD=1 vflib=1 dir=0 label=1 lowerbound=1 fileNameGp=../graphsdb/mcs50/bvg/b03/mcs50_b03_s40.A73 fileNameGt=../graphsdb/mcs50/bvg/b03/mcs50_b03_s40.B73
Reading graphs...
40 :  60
40 :  59
Initializing...
maxdom : 8
D->valSize : 209
Solving...
Blb : 2 (clique : 17)
currentSize : 17 <-- 0.001386 s
currentSize : 18 <-- 0.014182 s
currentSize : 19 <-- 1.597955 s
currentSize : 20 <-- 2.335789 s
currentSize : 22 <-- 2.725806 s
currentSize : 23 <-- 3.112620 s
currentSize : 24 <-- 3.661522 s
currentSize : 25 <-- 3.661635 s

maxsize : 25
nodes : 1284035.000000
filtered : 8911441.000000
time : 4.005949
