Parameters: GAD=1 vflib=1 dir=0 label=1 lowerbound=1 fileNameGp=../graphsdb/mcs50/bvg/b06m/mcs50_b06m_s80.A29 fileNameGt=../graphsdb/mcs50/bvg/b06m/mcs50_b06m_s80.B29
Reading graphs...
80 :  237
80 :  235
Initializing...
maxdom : 14
D->valSize : 449
Solving...
Blb : 2 (clique : 26)
currentSize : 26 <-- 0.007254 s
currentSize : 27 <-- 0.007753 s
currentSize : 28 <-- 0.009297 s
currentSize : 29 <-- 0.009979 s
currentSize : 30 <-- 0.032862 s
currentSize : 31 <-- 0.033175 s
currentSize : 32 <-- 0.034393 s
currentSize : 33 <-- 3.926730 s
currentSize : 34 <-- 84.599747 s
currentSize : 35 <-- 86.469505 s
currentSize : 36 <-- 86.472694 s
currentSize : 37 <-- 86.561310 s
currentSize : 38 <-- 86.568069 s
currentSize : 39 <-- 86.777016 s
currentSize : 40 <-- 855.133606 s

maxsize : 40
nodes : 287280446.000000
filtered : 2103915002.000000
time : 1434.030762
