Parameters: GAD=1 vflib=1 dir=0 label=1 lowerbound=1 fileNameGp=../graphsdb/mcs50/m3D/m3Dr2/mcs50_m3Dr2_s50.A97 fileNameGt=../graphsdb/mcs50/m3D/m3Dr2/mcs50_m3Dr2_s50.B97
Reading graphs...
50 :  117
50 :  118
Initializing...
maxdom : 10
D->valSize : 319
Solving...
Blb : 2 (clique : 17)
currentSize : 17 <-- 0.002264 s
currentSize : 18 <-- 0.002389 s
currentSize : 19 <-- 0.593653 s
currentSize : 20 <-- 4.895665 s
currentSize : 21 <-- 6.272879 s
currentSize : 22 <-- 7.736565 s
currentSize : 23 <-- 11.629743 s
currentSize : 26 <-- 13.278610 s
currentSize : 27 <-- 13.278660 s

maxsize : 27
nodes : 5212127.000000
filtered : 48676169.000000
time : 19.039412
