Parameters: GAD=1 vflib=1 dir=0 label=1 lowerbound=1 fileNameGp=../graphsdb/mcs50/bvg/b03/mcs50_b03_s70.A06 fileNameGt=../graphsdb/mcs50/bvg/b03/mcs50_b03_s70.B06
Reading graphs...
70 :  105
70 :  105
Initializing...
maxdom : 12
D->valSize : 362
Solving...
Blb : 2 (clique : 26)
currentSize : 26 <-- 0.005272 s
currentSize : 27 <-- 0.067176 s
currentSize : 28 <-- 1.328543 s
currentSize : 29 <-- 1.823794 s
currentSize : 30 <-- 3.008469 s
currentSize : 31 <-- 3.762528 s
currentSize : 32 <-- 12.202272 s
currentSize : 33 <-- 18.248198 s
currentSize : 34 <-- 47.025417 s
currentSize : 35 <-- 52.531147 s
currentSize : 36 <-- 141.935364 s
currentSize : 37 <-- 204.403732 s
currentSize : 38 <-- 346.181824 s

maxsize : 38
nodes : 239265621.000000
filtered : 1810396461.000000
time : 1132.065674
