Parameters: GAD=1 vflib=1 dir=0 label=1 lowerbound=1 fileNameGp=../graphsdb/mcs50/rand/r02/mcs50_r02_s50.A22 fileNameGt=../graphsdb/mcs50/rand/r02/mcs50_r02_s50.B22
Reading graphs...
50 :  445
50 :  436
Initializing...
maxdom : 11
D->valSize : 319
Solving...
Blb : 2 (clique : 7)
currentSize : 7 <-- 0.002210 s
currentSize : 8 <-- 0.002476 s
currentSize : 9 <-- 0.002631 s
currentSize : 10 <-- 0.006260 s
currentSize : 13 <-- 0.006324 s
currentSize : 14 <-- 0.006355 s
currentSize : 17 <-- 0.009980 s
currentSize : 22 <-- 0.016695 s

maxsize : 22
nodes : 5357.000000
filtered : 126534.000000
time : 0.029567
