Parameters: GAD=1 vflib=1 dir=0 label=1 lowerbound=1 fileNameGp=../graphsdb/mcs50/rand/r005/mcs50_r005_s90.A05 fileNameGt=../graphsdb/mcs50/rand/r005/mcs50_r005_s90.B05
Reading graphs...
90 :  386
90 :  389
Initializing...
maxdom : 8
D->valSize : 522
Solving...
Blb : 2 (clique : 23)
currentSize : 23 <-- 0.009357 s
currentSize : 24 <-- 0.010482 s
currentSize : 25 <-- 0.020242 s
currentSize : 26 <-- 1.560447 s
currentSize : 27 <-- 5.741250 s
currentSize : 28 <-- 5.743640 s
currentSize : 29 <-- 104.149750 s
currentSize : 30 <-- 109.689629 s
currentSize : 31 <-- 279.932343 s
currentSize : 32 <-- 480.103424 s
currentSize : 34 <-- 557.986938 s
currentSize : 37 <-- 558.386414 s
currentSize : 38 <-- 979.744507 s
currentSize : 39 <-- 979.746094 s
currentSize : 40 <-- 1292.585449 s
currentSize : 42 <-- 1472.849731 s
currentSize : 44 <-- 1473.419678 s

maxsize : 44
nodes : 243551212.000000
filtered : 3702246368.000000
time : 1632.260620
