Parameters: GAD=1 vflib=1 dir=0 label=1 lowerbound=1 fileNameGp=../graphsdb/mcs50/bvg/b09/mcs50_b09_s80.A51 fileNameGt=../graphsdb/mcs50/bvg/b09/mcs50_b09_s80.B51
Reading graphs...
80 :  356
80 :  354
Initializing...
maxdom : 9
D->valSize : 443
Solving...
Blb : 5 (clique : 20)
currentSize : 20 <-- 0.004245 s
currentSize : 22 <-- 0.008076 s
currentSize : 23 <-- 0.008747 s
currentSize : 24 <-- 0.011563 s
currentSize : 25 <-- 0.129327 s
currentSize : 26 <-- 0.221920 s
currentSize : 27 <-- 0.466391 s
currentSize : 28 <-- 7.131050 s
currentSize : 29 <-- 8.728949 s
currentSize : 30 <-- 18.917494 s
currentSize : 31 <-- 48.937569 s
currentSize : 32 <-- 85.047920 s
currentSize : 33 <-- 85.048019 s
currentSize : 35 <-- 85.856766 s
currentSize : 36 <-- 85.935501 s
currentSize : 37 <-- 85.936356 s
currentSize : 38 <-- 102.374397 s
currentSize : 39 <-- 102.374733 s
currentSize : 41 <-- 102.910378 s

maxsize : 41
nodes : 33861468.000000
filtered : 234355312.000000
time : 166.923889
