Parameters: GAD=1 vflib=1 dir=0 label=1 lowerbound=1 fileNameGp=../graphsdb/mcs50/bvg/b03/mcs50_b03_s60.A77 fileNameGt=../graphsdb/mcs50/bvg/b03/mcs50_b03_s60.B77
Reading graphs...
60 :  90
60 :  90
Initializing...
maxdom : 7
D->valSize : 258
Solving...
Blb : 5 (clique : 25)
currentSize : 25 <-- 0.003257 s
currentSize : 26 <-- 0.003734 s
currentSize : 27 <-- 0.014981 s
currentSize : 28 <-- 0.025547 s
currentSize : 30 <-- 0.051169 s
currentSize : 31 <-- 0.145575 s
currentSize : 32 <-- 2.884338 s
currentSize : 33 <-- 2.972677 s

maxsize : 33
nodes : 15950585.000000
filtered : 103004115.000000
time : 68.246964
