Parameters: GAD=1 vflib=1 dir=0 label=1 lowerbound=1 fileNameGp=../graphsdb/mcs50/bvg/b03m/mcs50_b03m_s100.A06 fileNameGt=../graphsdb/mcs50/bvg/b03m/mcs50_b03m_s100.B06
Reading graphs...
100 :  150
100 :  150
Initializing...
maxdom : 11
D->valSize : 397
Solving...
Blb : 2 (clique : 41)
currentSize : 41 <-- 0.004415 s
currentSize : 42 <-- 0.004720 s
currentSize : 43 <-- 0.004764 s
currentSize : 44 <-- 0.013446 s
currentSize : 45 <-- 0.356436 s
currentSize : 46 <-- 0.687119 s

TIMEOUT
maxsize : 46
nodes : 712890831.000000
filtered : 3353355540.000000
time : 3600.000000
