Parameters: GAD=1 vflib=1 dir=0 label=1 lowerbound=1 fileNameGp=../graphsdb/mcs50/bvg/b06/mcs50_b06_s90.A06 fileNameGt=../graphsdb/mcs50/bvg/b06/mcs50_b06_s90.B06
Reading graphs...
90 :  270
90 :  270
Initializing...
maxdom : 10
D->valSize : 528
Solving...
Blb : 2 (clique : 25)
currentSize : 25 <-- 0.009855 s
currentSize : 30 <-- 0.010196 s
currentSize : 31 <-- 0.015179 s
currentSize : 32 <-- 0.157719 s
currentSize : 33 <-- 18.393173 s
currentSize : 34 <-- 18.393539 s
currentSize : 35 <-- 53.477093 s
currentSize : 36 <-- 54.035347 s
currentSize : 37 <-- 54.035965 s
currentSize : 38 <-- 224.668671 s
currentSize : 39 <-- 224.673401 s
currentSize : 40 <-- 263.866486 s
currentSize : 41 <-- 264.131775 s
currentSize : 42 <-- 411.826202 s
currentSize : 43 <-- 1314.332520 s
currentSize : 44 <-- 2087.907959 s
currentSize : 45 <-- 2376.354492 s
currentSize : 46 <-- 2376.355957 s

TIMEOUT
maxsize : 46
nodes : 597262843.000000
filtered : 5860514744.000000
time : 3600.000000
