Parameters: GAD=1 vflib=1 dir=0 label=1 lowerbound=1 fileNameGp=../graphsdb/mcs50/m2D/m2Dr4/mcs50_m2Dr4_s90.A61 fileNameGt=../graphsdb/mcs50/m2D/m2Dr4/mcs50_m2Dr4_s90.B61
Reading graphs...
90 :  196
90 :  194
Initializing...
maxdom : 12
D->valSize : 573
Solving...
Blb : 2 (clique : 36)
currentSize : 36 <-- 0.011501 s
currentSize : 46 <-- 0.011995 s
currentSize : 49 <-- 1.379900 s
currentSize : 51 <-- 1.914608 s
currentSize : 53 <-- 2157.208008 s
currentSize : 54 <-- 2157.208008 s

maxsize : 54
nodes : 454130651.000000
filtered : 4674305832.000000
time : 2972.061523
