Parameters: GAD=1 vflib=1 dir=0 label=1 lowerbound=1 fileNameGp=../graphsdb/mcs50/bvg/b09/mcs50_b09_s90.A87 fileNameGt=../graphsdb/mcs50/bvg/b09/mcs50_b09_s90.B87
Reading graphs...
90 :  402
90 :  402
Initializing...
maxdom : 12
D->valSize : 608
Solving...
Blb : 2 (clique : 35)
currentSize : 35 <-- 0.012085 s
currentSize : 36 <-- 0.012687 s
currentSize : 37 <-- 0.012765 s
currentSize : 40 <-- 0.013058 s
currentSize : 41 <-- 0.013267 s
currentSize : 42 <-- 0.077933 s
currentSize : 43 <-- 0.078054 s
currentSize : 44 <-- 0.415879 s

maxsize : 44
nodes : 315986506.000000
filtered : 2013416413.000000
time : 1653.758667
