Parameters: GAD=1 vflib=1 dir=0 label=1 lowerbound=1 fileNameGp=../graphsdb/mcs50/m2D/m2Dr2/mcs50_m2Dr2_s30.A01 fileNameGt=../graphsdb/mcs50/m2D/m2Dr2/mcs50_m2Dr2_s30.B01
Reading graphs...
30 :  55
30 :  53
Initializing...
maxdom : 5
D->valSize : 114
Solving...
Blb : 2 (clique : 11)
currentSize : 11 <-- 0.000901 s
currentSize : 12 <-- 0.001125 s
currentSize : 13 <-- 0.001275 s
currentSize : 15 <-- 0.008730 s
currentSize : 16 <-- 0.022338 s

maxsize : 16
nodes : 5530.000000
filtered : 43825.000000
time : 0.025063
