Parameters: GAD=1 vflib=1 dir=0 label=1 lowerbound=1 fileNameGp=../graphsdb/mcs50/bvg/b03m/mcs50_b03m_s50.A43 fileNameGt=../graphsdb/mcs50/bvg/b03m/mcs50_b03m_s50.B43
Reading graphs...
50 :  74
50 :  75
Initializing...
maxdom : 9
D->valSize : 341
Solving...
Blb : 2 (clique : 23)
currentSize : 23 <-- 0.004166 s
currentSize : 24 <-- 0.004934 s
currentSize : 25 <-- 3.813106 s
currentSize : 26 <-- 11.721676 s
currentSize : 27 <-- 964.809143 s
currentSize : 28 <-- 1325.336670 s

maxsize : 28
nodes : 477456649.000000
filtered : 5444074457.000000
time : 1938.256226
