Parameters: GAD=1 vflib=1 dir=0 label=1 lowerbound=1 fileNameGp=../graphsdb/mcs50/bvg/b09m/mcs50_b09m_s80.A73 fileNameGt=../graphsdb/mcs50/bvg/b09m/mcs50_b09m_s80.B73
Reading graphs...
80 :  356
80 :  354
Initializing...
maxdom : 11
D->valSize : 468
Solving...
Blb : 2 (clique : 30)
currentSize : 30 <-- 0.004675 s
currentSize : 34 <-- 0.004874 s
currentSize : 35 <-- 0.631783 s
currentSize : 36 <-- 5.931434 s
currentSize : 38 <-- 24.362976 s
currentSize : 40 <-- 24.363585 s
currentSize : 41 <-- 24.363676 s

maxsize : 41
nodes : 8086057.000000
filtered : 56352115.000000
time : 40.705837
