Parameters: GAD=1 vflib=1 dir=0 label=1 lowerbound=1 fileNameGp=../graphsdb/mcs50/rand/r005/mcs50_r005_s60.A37 fileNameGt=../graphsdb/mcs50/rand/r005/mcs50_r005_s60.B37
Reading graphs...
60 :  167
60 :  173
Initializing...
maxdom : 8
D->valSize : 266
Solving...
Blb : 3 (clique : 21)
currentSize : 21 <-- 0.001917 s
currentSize : 22 <-- 0.002790 s
currentSize : 23 <-- 0.003802 s
currentSize : 24 <-- 0.055463 s
currentSize : 25 <-- 0.056272 s
currentSize : 26 <-- 0.056387 s
currentSize : 30 <-- 0.218434 s

maxsize : 30
nodes : 212411.000000
filtered : 1676860.000000
time : 0.969876
