Parameters: GAD=1 vflib=1 dir=0 label=1 lowerbound=1 fileNameGp=../graphsdb/mcs50/rand/r02/mcs50_r02_s60.A15 fileNameGt=../graphsdb/mcs50/rand/r02/mcs50_r02_s60.B15
Reading graphs...
60 :  626
60 :  628
Initializing...
maxdom : 7
D->valSize : 267
Solving...
Blb : 2 (clique : 7)
currentSize : 7 <-- 0.001951 s
currentSize : 8 <-- 0.002040 s
currentSize : 11 <-- 0.002505 s
currentSize : 19 <-- 0.002659 s
currentSize : 24 <-- 0.004851 s

maxsize : 24
nodes : 9398.000000
filtered : 56656.000000
time : 0.036122
