Parameters: GAD=1 vflib=1 dir=0 label=1 lowerbound=1 fileNameGp=../graphsdb/mcs50/rand/r02/mcs50_r02_s40.A52 fileNameGt=../graphsdb/mcs50/rand/r02/mcs50_r02_s40.B52
Reading graphs...
40 :  289
40 :  288
Initializing...
maxdom : 9
D->valSize : 224
Solving...
Blb : 2 (clique : 6)
currentSize : 6 <-- 0.001268 s
currentSize : 7 <-- 0.001327 s
currentSize : 8 <-- 0.002045 s
currentSize : 10 <-- 0.002923 s
currentSize : 11 <-- 0.003807 s
currentSize : 13 <-- 0.004883 s
currentSize : 18 <-- 0.008202 s

maxsize : 18
nodes : 2671.000000
filtered : 41198.000000
time : 0.011691
