Parameters: GAD=1 vflib=1 dir=0 label=1 lowerbound=1 fileNameGp=../graphsdb/mcs50/m3D/m3Dr4/mcs50_m3Dr4_s50.A21 fileNameGt=../graphsdb/mcs50/m3D/m3Dr4/mcs50_m3Dr4_s50.B21
Reading graphs...
50 :  128
50 :  128
Initializing...
maxdom : 10
D->valSize : 315
Solving...
Blb : 2 (clique : 19)
currentSize : 19 <-- 0.002254 s
currentSize : 20 <-- 0.015679 s
currentSize : 21 <-- 0.015755 s
currentSize : 23 <-- 0.030301 s
currentSize : 24 <-- 0.159852 s
currentSize : 25 <-- 0.159884 s
currentSize : 26 <-- 0.164186 s
currentSize : 29 <-- 0.165342 s

maxsize : 29
nodes : 92731.000000
filtered : 789785.000000
time : 0.370426
