Parameters: GAD=1 vflib=1 dir=0 label=1 lowerbound=1 fileNameGp=../graphsdb/mcs50/m2D/m2D/mcs50_m2D_s70.A71 fileNameGt=../graphsdb/mcs50/m2D/m2D/mcs50_m2D_s70.B71
Reading graphs...
70 :  123
70 :  123
Initializing...
maxdom : 7
D->valSize : 327
Solving...
Blb : 2 (clique : 31)
currentSize : 31 <-- 0.004551 s
currentSize : 32 <-- 0.005281 s
currentSize : 33 <-- 0.049573 s
currentSize : 34 <-- 0.155047 s
currentSize : 35 <-- 0.155729 s
currentSize : 36 <-- 629.347839 s

maxsize : 36
nodes : 465503693.000000
filtered : 3561036396.000000
time : 2402.531982
