Parameters: GAD=1 vflib=1 dir=0 label=1 lowerbound=1 fileNameGp=../graphsdb/mcs50/bvg/b03/mcs50_b03_s60.A00 fileNameGt=../graphsdb/mcs50/bvg/b03/mcs50_b03_s60.B00
Reading graphs...
60 :  90
60 :  89
Initializing...
maxdom : 8
D->valSize : 245
Solving...
Blb : 2 (clique : 25)
currentSize : 25 <-- 0.001855 s
currentSize : 26 <-- 0.007793 s
currentSize : 27 <-- 0.016568 s
currentSize : 29 <-- 0.027766 s
currentSize : 31 <-- 0.027833 s
currentSize : 32 <-- 0.027896 s
currentSize : 33 <-- 0.081995 s
currentSize : 34 <-- 0.538125 s
currentSize : 35 <-- 6.000178 s

maxsize : 35
nodes : 2011358.000000
filtered : 12931113.000000
time : 8.520554
