Parameters: GAD=1 vflib=1 dir=0 label=1 lowerbound=1 fileNameGp=../graphsdb/mcs50/m2D/m2D/mcs50_m2D_s80.A16 fileNameGt=../graphsdb/mcs50/m2D/m2D/mcs50_m2D_s80.B16
Reading graphs...
80 :  140
80 :  141
Initializing...
maxdom : 9
D->valSize : 452
Solving...
Blb : 2 (clique : 33)
currentSize : 33 <-- 0.004738 s
currentSize : 34 <-- 0.005976 s
currentSize : 35 <-- 0.039589 s
currentSize : 36 <-- 0.057718 s
currentSize : 37 <-- 0.891694 s
currentSize : 38 <-- 1.498895 s
currentSize : 39 <-- 6.619900 s
currentSize : 40 <-- 6.949650 s
currentSize : 41 <-- 6.970604 s

TIMEOUT
maxsize : 41
nodes : 727158962.000000
filtered : 5201600837.000000
time : 3600.000000
