Parameters: GAD=1 vflib=1 dir=0 label=1 lowerbound=1 fileNameGp=../graphsdb/mcs50/rand/r005/mcs50_r005_s70.A12 fileNameGt=../graphsdb/mcs50/rand/r005/mcs50_r005_s70.B12
Reading graphs...
70 :  236
70 :  233
Initializing...
maxdom : 9
D->valSize : 335
Solving...
Blb : 5 (clique : 20)
currentSize : 20 <-- 0.002956 s
currentSize : 21 <-- 0.003675 s
currentSize : 22 <-- 0.035599 s
currentSize : 23 <-- 2.381374 s
currentSize : 24 <-- 2.401478 s
currentSize : 25 <-- 5.267986 s
currentSize : 26 <-- 7.567740 s
currentSize : 27 <-- 20.693205 s
currentSize : 28 <-- 20.843010 s
currentSize : 29 <-- 31.870213 s
currentSize : 30 <-- 35.760139 s
currentSize : 31 <-- 35.774529 s
currentSize : 33 <-- 35.775829 s

maxsize : 33
nodes : 9664916.000000
filtered : 91179386.000000
time : 46.376156
