Parameters: GAD=1 vflib=1 dir=0 label=1 lowerbound=1 fileNameGp=../graphsdb/mcs50/m2D/m2Dr2/mcs50_m2Dr2_s30.A50 fileNameGt=../graphsdb/mcs50/m2D/m2Dr2/mcs50_m2Dr2_s30.B50
Reading graphs...
30 :  53
30 :  55
Initializing...
maxdom : 6
D->valSize : 120
Solving...
Blb : 2 (clique : 12)
currentSize : 12 <-- 0.000977 s
currentSize : 13 <-- 0.001154 s
currentSize : 14 <-- 0.004289 s
currentSize : 15 <-- 0.017586 s
currentSize : 16 <-- 0.017656 s

maxsize : 16
nodes : 7358.000000
filtered : 45133.000000
time : 0.032972
