Parameters: GAD=1 vflib=1 dir=0 label=1 lowerbound=1 fileNameGp=../graphsdb/mcs50/bvg/b03/mcs50_b03_s35.A29 fileNameGt=../graphsdb/mcs50/bvg/b03/mcs50_b03_s35.B29
Reading graphs...
35 :  52
35 :  52
Initializing...
maxdom : 6
D->valSize : 151
Solving...
Blb : 3 (clique : 13)
currentSize : 13 <-- 0.000840 s
currentSize : 15 <-- 0.000902 s
currentSize : 16 <-- 0.001019 s
currentSize : 17 <-- 0.055116 s
currentSize : 18 <-- 0.056750 s

maxsize : 18
nodes : 47236.000000
filtered : 361814.000000
time : 0.162249
