Parameters: GAD=1 vflib=1 dir=0 label=1 lowerbound=1 fileNameGp=../graphsdb/mcs50/bvg/b06/mcs50_b06_s50.A73 fileNameGt=../graphsdb/mcs50/bvg/b06/mcs50_b06_s50.B73
Reading graphs...
50 :  149
50 :  149
Initializing...
maxdom : 10
D->valSize : 314
Solving...
Blb : 3 (clique : 19)
currentSize : 19 <-- 0.002345 s
currentSize : 20 <-- 0.114845 s
currentSize : 22 <-- 0.394604 s
currentSize : 23 <-- 0.394639 s
currentSize : 24 <-- 0.536146 s
currentSize : 25 <-- 0.594185 s

maxsize : 25
nodes : 642642.000000
filtered : 9127101.000000
time : 2.738354
