Parameters: GAD=1 vflib=1 dir=0 label=1 lowerbound=1 fileNameGp=../graphsdb/mcs50/bvg/b03m/mcs50_b03m_s40.A34 fileNameGt=../graphsdb/mcs50/bvg/b03m/mcs50_b03m_s40.B34
Reading graphs...
40 :  60
40 :  60
Initializing...
maxdom : 9
D->valSize : 204
Solving...
Blb : 2 (clique : 16)
currentSize : 16 <-- 0.001273 s
currentSize : 17 <-- 0.002379 s
currentSize : 18 <-- 0.128917 s
currentSize : 19 <-- 0.196377 s
currentSize : 20 <-- 0.773976 s
currentSize : 21 <-- 2.237735 s
currentSize : 22 <-- 2.239041 s

maxsize : 22
nodes : 837583.000000
filtered : 6902328.000000
time : 2.754446
