Parameters: GAD=1 vflib=1 dir=0 label=1 lowerbound=1 fileNameGp=../graphsdb/mcs50/rand/r01/mcs50_r01_s100.A08 fileNameGt=../graphsdb/mcs50/rand/r01/mcs50_r01_s100.B08
Reading graphs...
100 :  935
100 :  934
Initializing...
maxdom : 6
D->valSize : 360
Solving...
Blb : 2 (clique : 23)
currentSize : 23 <-- 0.003602 s
currentSize : 28 <-- 0.004008 s
currentSize : 35 <-- 0.080121 s
currentSize : 36 <-- 0.948737 s
currentSize : 40 <-- 1.311645 s
currentSize : 43 <-- 1.313930 s

maxsize : 43
nodes : 794717.000000
filtered : 5586474.000000
time : 4.758248
