Parameters: GAD=1 vflib=1 dir=0 label=1 lowerbound=1 fileNameGp=../graphsdb/mcs50/bvg/b06m/mcs50_b06m_s20.A27 fileNameGt=../graphsdb/mcs50/bvg/b06m/mcs50_b06m_s20.B27
Reading graphs...
20 :  58
20 :  58
Initializing...
maxdom : 6
D->valSize : 104
Solving...
Blb : 2 (clique : 6)
currentSize : 6 <-- 0.000518 s
currentSize : 7 <-- 0.000565 s
currentSize : 8 <-- 0.000636 s
currentSize : 9 <-- 0.000656 s
currentSize : 10 <-- 0.001775 s

maxsize : 10
nodes : 622.000000
filtered : 7851.000000
time : 0.002296
