Parameters: GAD=1 vflib=1 dir=0 label=1 lowerbound=1 fileNameGp=../graphsdb/mcs50/m2D/m2Dr6/mcs50_m2Dr6_s90.A94 fileNameGt=../graphsdb/mcs50/m2D/m2Dr6/mcs50_m2Dr6_s90.B94
Reading graphs...
90 :  213
90 :  213
Initializing...
maxdom : 9
D->valSize : 528
Solving...
Blb : 3 (clique : 37)
currentSize : 37 <-- 0.006318 s
currentSize : 38 <-- 0.018079 s
currentSize : 39 <-- 0.021091 s
currentSize : 40 <-- 0.071296 s
currentSize : 41 <-- 1.319382 s
currentSize : 42 <-- 1404.238037 s
currentSize : 43 <-- 1404.427612 s
currentSize : 44 <-- 1404.580322 s
currentSize : 45 <-- 1552.354980 s
currentSize : 46 <-- 1553.279907 s

TIMEOUT
maxsize : 46
nodes : 635778896.000000
filtered : 4447480344.000000
time : 3600.000000
