Parameters: GAD=1 vflib=1 dir=0 label=1 lowerbound=1 fileNameGp=../graphsdb/mcs50/bvg/b09/mcs50_b09_s70.A91 fileNameGt=../graphsdb/mcs50/bvg/b09/mcs50_b09_s70.B91
Reading graphs...
70 :  313
70 :  312
Initializing...
maxdom : 8
D->valSize : 350
Solving...
Blb : 2 (clique : 29)
currentSize : 29 <-- 0.002896 s
currentSize : 30 <-- 0.009003 s
currentSize : 31 <-- 0.540879 s
currentSize : 32 <-- 0.790119 s
currentSize : 33 <-- 8.079421 s
currentSize : 34 <-- 12.496372 s

maxsize : 34
nodes : 3984694.000000
filtered : 28900048.000000
time : 18.946852
