Parameters: GAD=1 vflib=1 dir=0 label=1 lowerbound=1 fileNameGp=../graphsdb/mcs50/m2D/m2D/mcs50_m2D_s100.A53 fileNameGt=../graphsdb/mcs50/m2D/m2D/mcs50_m2D_s100.B53
Reading graphs...
100 :  180
100 :  180
Initializing...
maxdom : 7
D->valSize : 357
Solving...
Blb : 2 (clique : 45)
currentSize : 45 <-- 0.004092 s
currentSize : 46 <-- 0.005480 s
currentSize : 47 <-- 6.335195 s
currentSize : 48 <-- 6.346962 s
currentSize : 49 <-- 21.937916 s
currentSize : 50 <-- 21.950560 s
currentSize : 51 <-- 21.994844 s
currentSize : 52 <-- 1925.445435 s

TIMEOUT
maxsize : 52
nodes : 724138060.000000
filtered : 1944890524.000000
time : 3600.000000
