Parameters: GAD=1 vflib=1 dir=0 label=1 lowerbound=1 fileNameGp=../graphsdb/mcs50/m2D/m2Dr6/mcs50_m2Dr6_s40.A88 fileNameGt=../graphsdb/mcs50/m2D/m2Dr6/mcs50_m2Dr6_s40.B88
Reading graphs...
40 :  86
40 :  87
Initializing...
maxdom : 8
D->valSize : 194
Solving...
Blb : 2 (clique : 14)
currentSize : 14 <-- 0.001453 s
currentSize : 15 <-- 0.001559 s
currentSize : 16 <-- 0.003487 s
currentSize : 17 <-- 0.005305 s
currentSize : 18 <-- 0.443874 s

maxsize : 18
nodes : 391958.000000
filtered : 3456683.000000
time : 1.407114
