Parameters: GAD=1 vflib=1 dir=0 label=1 lowerbound=1 fileNameGp=../graphsdb/mcs50/m2D/m2Dr2/mcs50_m2Dr2_s50.A95 fileNameGt=../graphsdb/mcs50/m2D/m2Dr2/mcs50_m2Dr2_s50.B95
Reading graphs...
50 :  95
50 :  92
Initializing...
maxdom : 8
D->valSize : 325
Solving...
Blb : 2 (clique : 19)
currentSize : 19 <-- 0.002446 s
currentSize : 20 <-- 0.002731 s
currentSize : 22 <-- 0.003031 s
currentSize : 23 <-- 0.007658 s
currentSize : 24 <-- 7.531215 s
currentSize : 25 <-- 15.981726 s
currentSize : 26 <-- 85.483856 s
currentSize : 27 <-- 244.556946 s

maxsize : 27
nodes : 67152972.000000
filtered : 825019430.000000
time : 295.002625
