Parameters: GAD=1 vflib=1 dir=0 label=1 lowerbound=1 fileNameGp=../graphsdb/mcs50/bvg/b06/mcs50_b06_s90.A68 fileNameGt=../graphsdb/mcs50/bvg/b06/mcs50_b06_s90.B68
Reading graphs...
90 :  269
90 :  270
Initializing...
maxdom : 9
D->valSize : 513
Solving...
Blb : 2 (clique : 22)
currentSize : 22 <-- 0.009360 s
currentSize : 23 <-- 0.021667 s
currentSize : 24 <-- 0.038618 s
currentSize : 25 <-- 4.131701 s
currentSize : 26 <-- 8.465177 s
currentSize : 27 <-- 22.826609 s
currentSize : 28 <-- 39.278606 s
currentSize : 29 <-- 68.631195 s
currentSize : 30 <-- 69.552094 s
currentSize : 31 <-- 159.562119 s
currentSize : 32 <-- 633.766968 s
currentSize : 33 <-- 633.768372 s
currentSize : 34 <-- 634.357361 s
currentSize : 35 <-- 1540.383789 s
currentSize : 36 <-- 2697.049561 s

TIMEOUT
maxsize : 36
nodes : 637344560.000000
filtered : 6961728602.000000
time : 3600.000000
