Parameters: GAD=1 vflib=1 dir=0 label=1 lowerbound=1 fileNameGp=../graphsdb/mcs50/bvg/b06m/mcs50_b06m_s80.A52 fileNameGt=../graphsdb/mcs50/bvg/b06m/mcs50_b06m_s80.B52
Reading graphs...
80 :  237
80 :  238
Initializing...
maxdom : 12
D->valSize : 488
Solving...
Blb : 2 (clique : 32)
currentSize : 32 <-- 0.005127 s
currentSize : 33 <-- 0.017392 s
currentSize : 34 <-- 0.019140 s
currentSize : 35 <-- 0.030913 s
currentSize : 36 <-- 0.264213 s
currentSize : 37 <-- 0.265322 s
currentSize : 41 <-- 10.206058 s
currentSize : 42 <-- 10.206684 s

maxsize : 42
nodes : 94173620.000000
filtered : 479090112.000000
time : 425.393921
