Parameters: GAD=1 vflib=1 dir=0 label=1 lowerbound=1 fileNameGp=../graphsdb/mcs50/rand/r02/mcs50_r02_s70.A56 fileNameGt=../graphsdb/mcs50/rand/r02/mcs50_r02_s70.B56
Reading graphs...
70 :  862
70 :  877
Initializing...
maxdom : 8
D->valSize : 334
Solving...
Blb : 2 (clique : 7)
currentSize : 7 <-- 0.002638 s
currentSize : 8 <-- 0.002908 s
currentSize : 9 <-- 0.003288 s
currentSize : 12 <-- 0.006539 s
currentSize : 14 <-- 0.006630 s
currentSize : 18 <-- 0.020388 s
currentSize : 29 <-- 0.020511 s

maxsize : 29
nodes : 15603.000000
filtered : 175657.000000
time : 0.079147
