Parameters: GAD=1 vflib=1 dir=0 label=1 lowerbound=1 fileNameGp=../graphsdb/mcs50/bvg/b09/mcs50_b09_s60.A42 fileNameGt=../graphsdb/mcs50/bvg/b09/mcs50_b09_s60.B42
Reading graphs...
60 :  268
60 :  266
Initializing...
maxdom : 8
D->valSize : 253
Solving...
Blb : 2 (clique : 20)
currentSize : 20 <-- 0.002709 s
currentSize : 23 <-- 0.072185 s
currentSize : 25 <-- 0.125239 s
currentSize : 26 <-- 0.125648 s
currentSize : 27 <-- 0.302678 s
currentSize : 28 <-- 0.303261 s
currentSize : 29 <-- 0.515746 s
currentSize : 30 <-- 0.516265 s

maxsize : 30
nodes : 171483.000000
filtered : 1211190.000000
time : 0.769506
