Parameters: GAD=1 vflib=1 dir=0 label=1 lowerbound=1 fileNameGp=../graphsdb/mcs50/bvg/b03/mcs50_b03_s90.A09 fileNameGt=../graphsdb/mcs50/bvg/b03/mcs50_b03_s90.B09
Reading graphs...
90 :  135
90 :  135
Initializing...
maxdom : 11
D->valSize : 572
Solving...
Blb : 2 (clique : 37)
currentSize : 37 <-- 0.007071 s
currentSize : 38 <-- 0.007381 s
currentSize : 39 <-- 0.095088 s
currentSize : 40 <-- 0.168619 s
currentSize : 41 <-- 0.203829 s
currentSize : 42 <-- 15.502433 s

TIMEOUT
maxsize : 42
nodes : 762924919.000000
filtered : 5237345450.000000
time : 3600.000000
