Parameters: GAD=1 vflib=1 dir=0 label=1 lowerbound=1 fileNameGp=../graphsdb/mcs50/m3D/m3Dr2/mcs50_m3Dr2_s50.A36 fileNameGt=../graphsdb/mcs50/m3D/m3Dr2/mcs50_m3Dr2_s50.B36
Reading graphs...
50 :  116
50 :  116
Initializing...
maxdom : 9
D->valSize : 320
Solving...
Blb : 5 (clique : 20)
currentSize : 20 <-- 0.002378 s
currentSize : 21 <-- 0.501058 s
currentSize : 22 <-- 0.571829 s
currentSize : 23 <-- 0.572033 s
currentSize : 24 <-- 1.509414 s
currentSize : 25 <-- 3.262035 s
currentSize : 26 <-- 5.307916 s
currentSize : 27 <-- 5.309814 s

maxsize : 27
nodes : 2283954.000000
filtered : 27700251.000000
time : 10.245924
