Parameters: GAD=1 vflib=1 dir=0 label=1 lowerbound=1 fileNameGp=../graphsdb/mcs50/bvg/b09m/mcs50_b09m_s80.A08 fileNameGt=../graphsdb/mcs50/bvg/b09m/mcs50_b09m_s80.B08
Reading graphs...
80 :  351
80 :  351
Initializing...
maxdom : 10
D->valSize : 445
Solving...
Blb : 3 (clique : 21)
currentSize : 21 <-- 0.004336 s
currentSize : 22 <-- 0.004796 s
currentSize : 23 <-- 0.006255 s
currentSize : 24 <-- 0.063904 s
currentSize : 25 <-- 3.507524 s
currentSize : 26 <-- 9.198226 s
currentSize : 27 <-- 14.865830 s
currentSize : 28 <-- 14.865879 s
currentSize : 29 <-- 14.866155 s
currentSize : 30 <-- 14.891855 s
currentSize : 31 <-- 26.652525 s
currentSize : 34 <-- 26.652672 s
currentSize : 36 <-- 26.660091 s
currentSize : 37 <-- 26.660200 s
currentSize : 38 <-- 26.719641 s
currentSize : 39 <-- 26.771461 s
currentSize : 40 <-- 26.771631 s
currentSize : 41 <-- 26.777927 s

maxsize : 41
nodes : 23981698.000000
filtered : 122910135.000000
time : 109.343521
