Parameters: GAD=1 vflib=1 dir=0 label=1 lowerbound=1 fileNameGp=../graphsdb/mcs50/m3D/m3D/mcs50_m3D_s60.A39 fileNameGt=../graphsdb/mcs50/m3D/m3D/mcs50_m3D_s60.B39
Reading graphs...
60 :  134
60 :  133
Initializing...
maxdom : 8
D->valSize : 255
Solving...
Blb : 5 (clique : 18)
currentSize : 18 <-- 0.002916 s
currentSize : 19 <-- 0.022562 s
currentSize : 20 <-- 0.027702 s
currentSize : 21 <-- 0.283867 s
currentSize : 22 <-- 4.426756 s
currentSize : 23 <-- 4.599327 s
currentSize : 24 <-- 26.921707 s
currentSize : 25 <-- 28.713356 s
currentSize : 26 <-- 30.345625 s
currentSize : 27 <-- 30.345800 s
currentSize : 28 <-- 30.994968 s

maxsize : 28
nodes : 9861472.000000
filtered : 81480606.000000
time : 39.038452
