Parameters: GAD=1 vflib=1 dir=0 label=1 lowerbound=1 fileNameGp=../graphsdb/mcs50/bvg/b03/mcs50_b03_s100.A92 fileNameGt=../graphsdb/mcs50/bvg/b03/mcs50_b03_s100.B92
Reading graphs...
100 :  150
100 :  150
Initializing...
maxdom : 8
D->valSize : 379
Solving...
Blb : 2 (clique : 43)
currentSize : 43 <-- 0.004135 s
currentSize : 44 <-- 1.987124 s
currentSize : 45 <-- 25.413088 s
currentSize : 46 <-- 47.591339 s
currentSize : 47 <-- 85.934776 s
currentSize : 48 <-- 525.676575 s

TIMEOUT
maxsize : 48
nodes : 705722117.000000
filtered : 2730551022.000000
time : 3600.000000
