Parameters: GAD=1 vflib=1 dir=0 label=1 lowerbound=1 fileNameGp=../graphsdb/mcs50/m4D/m4Dr6/mcs50_m4Dr6_s30.A22 fileNameGt=../graphsdb/mcs50/m4D/m4Dr6/mcs50_m4Dr6_s30.B22
Reading graphs...
30 :  69
30 :  69
Initializing...
maxdom : 7
D->valSize : 132
Solving...
Blb : 2 (clique : 10)
currentSize : 10 <-- 0.001036 s
currentSize : 11 <-- 0.001506 s
currentSize : 12 <-- 0.002578 s
currentSize : 14 <-- 0.010333 s
currentSize : 15 <-- 0.012658 s
currentSize : 16 <-- 0.015017 s

maxsize : 16
nodes : 4600.000000
filtered : 36196.000000
time : 0.020823
