Parameters: GAD=1 vflib=1 dir=0 label=1 lowerbound=1 fileNameGp=../graphsdb/mcs50/m2D/m2Dr2/mcs50_m2Dr2_s40.A97 fileNameGt=../graphsdb/mcs50/m2D/m2Dr2/mcs50_m2Dr2_s40.B97
Reading graphs...
40 :  74
40 :  73
Initializing...
maxdom : 8
D->valSize : 229
Solving...
Blb : 2 (clique : 14)
currentSize : 14 <-- 0.002176 s
currentSize : 15 <-- 0.002822 s
currentSize : 16 <-- 0.003627 s
currentSize : 17 <-- 0.242602 s
currentSize : 18 <-- 0.247192 s
currentSize : 19 <-- 0.495036 s

maxsize : 19
nodes : 3026595.000000
filtered : 31878793.000000
time : 11.096851
