Parameters: GAD=1 vflib=1 dir=0 label=1 lowerbound=1 fileNameGp=../graphsdb/mcs50/rand/r005/mcs50_r005_s40.A97 fileNameGt=../graphsdb/mcs50/rand/r005/mcs50_r005_s40.B97
Reading graphs...
40 :  78
40 :  78
Initializing...
maxdom : 9
D->valSize : 234
Solving...
Blb : 2 (clique : 15)
currentSize : 15 <-- 0.002213 s
currentSize : 16 <-- 0.002343 s
currentSize : 17 <-- 0.035179 s
currentSize : 18 <-- 0.242866 s
currentSize : 19 <-- 1.256511 s
currentSize : 20 <-- 4.046712 s

maxsize : 20
nodes : 1386788.000000
filtered : 14485280.000000
time : 5.005913
