Parameters: GAD=1 vflib=1 dir=0 label=1 lowerbound=1 fileNameGp=../graphsdb/mcs50/rand/r005/mcs50_r005_s70.A57 fileNameGt=../graphsdb/mcs50/rand/r005/mcs50_r005_s70.B57
Reading graphs...
70 :  235
70 :  235
Initializing...
maxdom : 12
D->valSize : 345
Solving...
Blb : 2 (clique : 22)
currentSize : 22 <-- 0.002919 s
currentSize : 23 <-- 0.205080 s
currentSize : 24 <-- 0.206730 s
currentSize : 25 <-- 0.235380 s
currentSize : 26 <-- 0.247529 s
currentSize : 27 <-- 1.531337 s
currentSize : 28 <-- 1.532010 s
currentSize : 29 <-- 1.532074 s
currentSize : 30 <-- 2.025042 s
currentSize : 31 <-- 2.036898 s
currentSize : 32 <-- 3.767255 s
currentSize : 34 <-- 3.770544 s
currentSize : 35 <-- 4.735193 s

maxsize : 35
nodes : 1082318.000000
filtered : 11285122.000000
time : 6.087925
