Parameters: GAD=1 vflib=1 dir=0 label=1 lowerbound=1 fileNameGp=../graphsdb/mcs50/rand/r02/mcs50_r02_s80.A68 fileNameGt=../graphsdb/mcs50/rand/r02/mcs50_r02_s80.B68
Reading graphs...
80 :  1128
80 :  1116
Initializing...
maxdom : 9
D->valSize : 471
Solving...
Blb : 2 (clique : 17)
currentSize : 17 <-- 0.006733 s
currentSize : 18 <-- 0.043687 s
currentSize : 19 <-- 0.074017 s
currentSize : 20 <-- 0.133318 s
currentSize : 27 <-- 0.153415 s
currentSize : 29 <-- 0.163743 s

maxsize : 29
nodes : 136414.000000
filtered : 1151534.000000
time : 0.672378
