Parameters: GAD=1 vflib=1 dir=0 label=1 lowerbound=1 fileNameGp=../graphsdb/mcs50/bvg/b03m/mcs50_b03m_s70.A36 fileNameGt=../graphsdb/mcs50/bvg/b03m/mcs50_b03m_s70.B36
Reading graphs...
70 :  105
70 :  105
Initializing...
maxdom : 7
D->valSize : 312
Solving...
Blb : 2 (clique : 24)
currentSize : 24 <-- 0.002612 s
currentSize : 25 <-- 0.002763 s
currentSize : 26 <-- 0.017022 s
currentSize : 27 <-- 0.022818 s
currentSize : 28 <-- 0.055516 s
currentSize : 29 <-- 1.571278 s
currentSize : 30 <-- 6.496139 s
currentSize : 31 <-- 116.627937 s
currentSize : 32 <-- 401.855560 s
currentSize : 33 <-- 495.944092 s
currentSize : 34 <-- 607.309143 s
currentSize : 35 <-- 631.139709 s
currentSize : 36 <-- 1320.034912 s
currentSize : 37 <-- 2517.511475 s

TIMEOUT
maxsize : 37
nodes : 800965200.000000
filtered : 5628354042.000000
time : 3600.000000
