Parameters: GAD=1 vflib=1 dir=0 label=1 lowerbound=1 fileNameGp=../graphsdb/mcs50/bvg/b03m/mcs50_b03m_s80.A76 fileNameGt=../graphsdb/mcs50/bvg/b03m/mcs50_b03m_s80.B76
Reading graphs...
80 :  120
80 :  120
Initializing...
maxdom : 9
D->valSize : 456
Solving...
Blb : 2 (clique : 34)
currentSize : 34 <-- 0.004829 s
currentSize : 36 <-- 0.005931 s
currentSize : 37 <-- 0.006107 s
currentSize : 38 <-- 0.006274 s
currentSize : 39 <-- 0.007330 s
currentSize : 40 <-- 0.010041 s
currentSize : 41 <-- 0.010399 s
currentSize : 42 <-- 0.011891 s
currentSize : 43 <-- 0.022789 s
currentSize : 44 <-- 245.451279 s
currentSize : 45 <-- 2030.305786 s

TIMEOUT
maxsize : 45
nodes : 737362713.000000
filtered : 4556301581.000000
time : 3600.000000
