Parameters: GAD=1 vflib=1 dir=0 label=1 lowerbound=1 fileNameGp=../graphsdb/mcs70/m2D/m2D/mcs70_m2D_s40.A80 fileNameGt=../graphsdb/mcs70/m2D/m2D/mcs70_m2D_s40.B80
Reading graphs...
40 :  66
40 :  67
Initializing...
maxdom : 9
D->valSize : 233
Solving...
Blb : 2 (clique : 18)
currentSize : 18 <-- 0.002242 s
currentSize : 20 <-- 0.002372 s
currentSize : 23 <-- 0.002467 s
currentSize : 24 <-- 0.160556 s
currentSize : 25 <-- 0.172580 s
currentSize : 26 <-- 0.234326 s

maxsize : 26
nodes : 64944.000000
filtered : 548107.000000
time : 0.261922
