Parameters: GAD=1 vflib=1 dir=0 label=1 lowerbound=1 fileNameGp=../graphsdb/mcs70/m2D/m2Dr6/m2Dr6/mcs70_m2Dr6_s25.A78 fileNameGt=../graphsdb/mcs70/m2D/m2Dr6/m2Dr6/mcs70_m2Dr6_s25.B78
Reading graphs...
25 :  55
25 :  54
Initializing...
maxdom : 8
D->valSize : 165
Solving...
Blb : 3 (clique : 12)
currentSize : 12 <-- 0.000843 s
currentSize : 13 <-- 0.002054 s
currentSize : 14 <-- 0.008497 s
currentSize : 15 <-- 0.008521 s
currentSize : 16 <-- 0.019443 s

maxsize : 16
nodes : 5649.000000
filtered : 77934.000000
time : 0.021095
