Parameters: GAD=1 vflib=1 dir=0 label=1 lowerbound=1 fileNameGp=../graphsdb/mcs70/m2D/m2D/mcs70_m2D_s35.A34 fileNameGt=../graphsdb/mcs70/m2D/m2D/mcs70_m2D_s35.B34
Reading graphs...
35 :  58
35 :  58
Initializing...
maxdom : 7
D->valSize : 177
Solving...
Blb : 3 (clique : 19)
currentSize : 19 <-- 0.000981 s
currentSize : 21 <-- 0.001091 s
currentSize : 23 <-- 0.005162 s
currentSize : 24 <-- 0.005183 s
currentSize : 25 <-- 0.005248 s

maxsize : 25
nodes : 2390.000000
filtered : 13394.000000
time : 0.008009
