Parameters: GAD=1 vflib=1 dir=0 label=1 lowerbound=1 fileNameGp=../graphsdb/mcs70/m3D/m3D/mcs70_m3D_s90.A39 fileNameGt=../graphsdb/mcs70/m3D/m3D/mcs70_m3D_s90.B39
Reading graphs...
90 :  209
90 :  209
Initializing...
maxdom : 9
D->valSize : 536
Solving...
Blb : 2 (clique : 49)
currentSize : 49 <-- 0.006353 s
currentSize : 51 <-- 0.006754 s
currentSize : 53 <-- 0.006935 s
currentSize : 56 <-- 0.007065 s
currentSize : 58 <-- 0.007247 s
currentSize : 59 <-- 5.303336 s
currentSize : 60 <-- 5.818905 s
currentSize : 61 <-- 19.156900 s
currentSize : 62 <-- 19.427437 s
currentSize : 63 <-- 35.434795 s
currentSize : 64 <-- 35.590832 s

maxsize : 64
nodes : 6820238.000000
filtered : 42422146.000000
time : 37.260864
