Parameters: GAD=1 vflib=1 dir=0 label=1 lowerbound=1 fileNameGp=../graphsdb/mcs70/m2D/m2Dr4/mcs70_m2Dr4_s70.A15 fileNameGt=../graphsdb/mcs70/m2D/m2Dr4/mcs70_m2Dr4_s70.B15
Reading graphs...
70 :  149
70 :  150
Initializing...
maxdom : 8
D->valSize : 353
Solving...
Blb : 2 (clique : 35)
currentSize : 35 <-- 0.005057 s
currentSize : 36 <-- 0.005472 s
currentSize : 39 <-- 0.006252 s
currentSize : 41 <-- 0.007204 s
currentSize : 43 <-- 0.023652 s
currentSize : 45 <-- 3.477053 s
currentSize : 46 <-- 4.561697 s
currentSize : 48 <-- 5.189579 s
currentSize : 49 <-- 5.189909 s

maxsize : 49
nodes : 1423587.000000
filtered : 7389082.000000
time : 6.583742
