Parameters: GAD=1 vflib=1 dir=0 label=1 lowerbound=1 fileNameGp=../graphsdb/mcs70/bvg/b03m/mcs70_b03m_s50.A77 fileNameGt=../graphsdb/mcs70/bvg/b03m/mcs70_b03m_s50.B77
Reading graphs...
50 :  74
50 :  75
Initializing...
maxdom : 12
D->valSize : 347
Solving...
Blb : 2 (clique : 26)
currentSize : 26 <-- 0.002654 s
currentSize : 27 <-- 0.003448 s
currentSize : 28 <-- 0.003822 s
currentSize : 29 <-- 0.003834 s
currentSize : 30 <-- 0.004367 s
currentSize : 31 <-- 0.005320 s
currentSize : 32 <-- 0.005541 s
currentSize : 34 <-- 0.005620 s

maxsize : 34
nodes : 37202.000000
filtered : 289419.000000
time : 0.154716
