Parameters: GAD=1 vflib=1 dir=0 label=1 lowerbound=1 fileNameGp=../graphsdb/mcs70/rand/r005/mcs70_r005_s60.A97 fileNameGt=../graphsdb/mcs70/rand/r005/mcs70_r005_s60.B97
Reading graphs...
60 :  173
60 :  174
Initializing...
maxdom : 6
D->valSize : 250
Solving...
Blb : 2 (clique : 21)
currentSize : 21 <-- 0.001875 s
currentSize : 22 <-- 0.002022 s
currentSize : 23 <-- 0.002070 s
currentSize : 24 <-- 0.002141 s
currentSize : 25 <-- 0.002239 s
currentSize : 26 <-- 0.004899 s
currentSize : 28 <-- 0.005076 s
currentSize : 29 <-- 0.114476 s
currentSize : 31 <-- 0.114543 s
currentSize : 32 <-- 0.406531 s
currentSize : 33 <-- 0.711905 s
currentSize : 34 <-- 0.712825 s
currentSize : 38 <-- 0.713040 s
currentSize : 41 <-- 0.805723 s

maxsize : 41
nodes : 246042.000000
filtered : 1277262.000000
time : 0.970547
