Parameters: GAD=1 vflib=1 dir=0 label=1 lowerbound=1 fileNameGp=../graphsdb/mcs70/bvg/b03m/mcs70_b03m_s50.A92 fileNameGt=../graphsdb/mcs70/bvg/b03m/mcs70_b03m_s50.B92
Reading graphs...
50 :  75
50 :  75
Initializing...
maxdom : 9
D->valSize : 331
Solving...
Blb : 3 (clique : 23)
currentSize : 23 <-- 0.002413 s
currentSize : 24 <-- 0.279994 s
currentSize : 25 <-- 0.526412 s
currentSize : 26 <-- 0.707691 s
currentSize : 27 <-- 0.707710 s
currentSize : 28 <-- 0.903720 s
currentSize : 29 <-- 0.903749 s
currentSize : 33 <-- 1.255315 s
currentSize : 34 <-- 1.255375 s

maxsize : 34
nodes : 494892.000000
filtered : 4291239.000000
time : 1.958144
