Parameters: GAD=1 vflib=1 dir=0 label=1 lowerbound=1 fileNameGp=../graphsdb/mcs70/m3D/m3Dr2/mcs70_m3Dr2_s90.A82 fileNameGt=../graphsdb/mcs70/m3D/m3Dr2/mcs70_m3Dr2_s90.B82
Reading graphs...
90 :  225
90 :  224
Initializing...
maxdom : 10
D->valSize : 526
Solving...
Blb : 2 (clique : 54)
currentSize : 54 <-- 0.006192 s
currentSize : 55 <-- 0.006588 s
currentSize : 57 <-- 0.006682 s
currentSize : 60 <-- 0.008873 s
currentSize : 63 <-- 0.008989 s
currentSize : 64 <-- 0.012374 s

maxsize : 64
nodes : 48191618.000000
filtered : 309097031.000000
time : 252.794952
