Parameters: GAD=1 vflib=1 dir=0 label=1 lowerbound=1 fileNameGp=../graphsdb/mcs70/bvg/b09/mcs70_b09_s50.A08 fileNameGt=../graphsdb/mcs70/bvg/b09/mcs70_b09_s50.B08
Reading graphs...
50 :  224
50 :  223
Initializing...
maxdom : 8
D->valSize : 325
Solving...
Blb : 2 (clique : 15)
currentSize : 15 <-- 0.002282 s
currentSize : 16 <-- 0.002394 s
currentSize : 18 <-- 0.002464 s
currentSize : 24 <-- 0.018377 s
currentSize : 34 <-- 0.044986 s

maxsize : 34
nodes : 16552.000000
filtered : 160404.000000
time : 0.067700
