Parameters: GAD=1 vflib=1 dir=0 label=1 lowerbound=1 fileNameGp=../graphsdb/mcs70/m3D/m3D/mcs70_m3D_s100.A85 fileNameGt=../graphsdb/mcs70/m3D/m3D/mcs70_m3D_s100.B85
Reading graphs...
100 :  234
100 :  233
Initializing...
maxdom : 6
D->valSize : 362
Solving...
Blb : 2 (clique : 40)
currentSize : 40 <-- 0.003859 s
currentSize : 41 <-- 0.004203 s
currentSize : 45 <-- 0.006848 s
currentSize : 46 <-- 0.006955 s
currentSize : 47 <-- 0.008010 s
currentSize : 48 <-- 0.010717 s
currentSize : 51 <-- 0.021308 s
currentSize : 52 <-- 0.021438 s
currentSize : 53 <-- 0.027030 s
currentSize : 54 <-- 0.042497 s
currentSize : 55 <-- 0.100236 s
currentSize : 56 <-- 0.115910 s
currentSize : 57 <-- 7.384812 s
currentSize : 58 <-- 7.876877 s
currentSize : 59 <-- 7.884572 s
currentSize : 60 <-- 807.910339 s
currentSize : 61 <-- 807.911255 s
currentSize : 62 <-- 1151.959473 s
currentSize : 63 <-- 1151.959717 s
currentSize : 64 <-- 1151.960693 s

maxsize : 64
nodes : 418588519.000000
filtered : 1783898982.000000
time : 2264.369629
