Parameters: GAD=1 vflib=1 dir=0 label=1 lowerbound=1 fileNameGp=../graphsdb/mcs70/bvg/b03/mcs70_b03_s70.A82 fileNameGt=../graphsdb/mcs70/bvg/b03/mcs70_b03_s70.B82
Reading graphs...
70 :  105
70 :  105
Initializing...
maxdom : 7
D->valSize : 351
Solving...
Blb : 2 (clique : 36)
currentSize : 36 <-- 0.003320 s
currentSize : 37 <-- 0.003683 s
currentSize : 38 <-- 0.003891 s
currentSize : 39 <-- 0.003985 s
currentSize : 40 <-- 0.004260 s
currentSize : 42 <-- 0.009481 s
currentSize : 46 <-- 0.009559 s
currentSize : 47 <-- 0.010532 s
currentSize : 48 <-- 0.038264 s

maxsize : 48
nodes : 3413847.000000
filtered : 16705427.000000
time : 16.320250
