Parameters: GAD=1 vflib=1 dir=0 label=1 lowerbound=1 fileNameGp=../graphsdb/mcs70/m3D/m3D/mcs70_m3D_s90.A75 fileNameGt=../graphsdb/mcs70/m3D/m3D/mcs70_m3D_s90.B75
Reading graphs...
90 :  208
90 :  209
Initializing...
maxdom : 11
D->valSize : 587
Solving...
Blb : 2 (clique : 44)
currentSize : 44 <-- 0.012169 s
currentSize : 45 <-- 30.007250 s
currentSize : 46 <-- 30.072027 s
currentSize : 47 <-- 30.225050 s
currentSize : 48 <-- 105.018936 s
currentSize : 49 <-- 572.455383 s
currentSize : 50 <-- 572.457031 s
currentSize : 51 <-- 572.462524 s
currentSize : 52 <-- 579.090698 s
currentSize : 54 <-- 1015.294861 s
currentSize : 56 <-- 1016.969238 s
currentSize : 58 <-- 1016.969482 s
currentSize : 59 <-- 1018.932434 s
currentSize : 61 <-- 1083.217896 s
currentSize : 62 <-- 1083.218140 s
currentSize : 63 <-- 1083.218262 s
currentSize : 64 <-- 1083.392090 s

maxsize : 64
nodes : 191830230.000000
filtered : 1550136412.000000
time : 1098.185669
