Parameters: GAD=1 vflib=1 dir=0 label=1 lowerbound=1 fileNameGp=../graphsdb/mcs70/m2D/m2Dr6/mcs70_m2Dr6_s90.A34 fileNameGt=../graphsdb/mcs70/m2D/m2Dr6/mcs70_m2Dr6_s90.B34
Reading graphs...
90 :  215
90 :  214
Initializing...
maxdom : 10
D->valSize : 590
Solving...
Blb : 2 (clique : 57)
currentSize : 57 <-- 0.007179 s
currentSize : 59 <-- 0.007579 s
currentSize : 60 <-- 0.007806 s
currentSize : 62 <-- 0.008779 s
currentSize : 63 <-- 0.009071 s
currentSize : 64 <-- 0.011357 s

maxsize : 64
nodes : 1750954.000000
filtered : 14659831.000000
time : 10.851709
