Parameters: GAD=1 vflib=1 dir=0 label=1 lowerbound=1 fileNameGp=../graphsdb/mcs70/bvg/b09/mcs70_b09_s100.A37 fileNameGt=../graphsdb/mcs70/bvg/b09/mcs70_b09_s100.B37
Reading graphs...
100 :  448
100 :  449
Initializing...
maxdom : 6
D->valSize : 348
Solving...
Blb : 2 (clique : 35)
currentSize : 35 <-- 0.005616 s
currentSize : 37 <-- 0.016991 s
currentSize : 38 <-- 0.144349 s
currentSize : 39 <-- 1.990794 s
currentSize : 42 <-- 1.991079 s
currentSize : 46 <-- 1.995031 s
currentSize : 47 <-- 2.001791 s
currentSize : 48 <-- 2.003162 s
currentSize : 49 <-- 2.483413 s
currentSize : 50 <-- 2.483634 s
currentSize : 51 <-- 2.497123 s
currentSize : 52 <-- 2.499719 s
currentSize : 54 <-- 2.499978 s
currentSize : 55 <-- 2.515290 s
currentSize : 57 <-- 2.515573 s
currentSize : 58 <-- 11.109744 s
currentSize : 60 <-- 11.110280 s
currentSize : 63 <-- 11.112006 s
currentSize : 64 <-- 11.112603 s
currentSize : 67 <-- 11.112921 s
currentSize : 70 <-- 11.114947 s

maxsize : 70
nodes : 2710111.000000
filtered : 14949423.000000
time : 15.103529
