Parameters: GAD=1 vflib=1 dir=0 label=1 lowerbound=1 fileNameGp=../graphsdb/mcs70/m2D/m2Dr2/mcs70_m2Dr2_s35.A56 fileNameGt=../graphsdb/mcs70/m2D/m2Dr2/mcs70_m2Dr2_s35.B56
Reading graphs...
35 :  64
35 :  65
Initializing...
maxdom : 7
D->valSize : 161
Solving...
Blb : 2 (clique : 14)
currentSize : 14 <-- 0.000896 s
currentSize : 15 <-- 0.001255 s
currentSize : 16 <-- 0.001658 s
currentSize : 18 <-- 0.002025 s
currentSize : 19 <-- 0.003728 s
currentSize : 20 <-- 0.003768 s
currentSize : 22 <-- 0.005698 s
currentSize : 23 <-- 0.005744 s
currentSize : 24 <-- 0.006949 s
currentSize : 26 <-- 0.007001 s

maxsize : 26
nodes : 2260.000000
filtered : 15258.000000
time : 0.007713
