Parameters: GAD=1 vflib=1 dir=0 label=1 lowerbound=1 fileNameGp=../graphsdb/mcs70/rand/r005/mcs70_r005_s60.A81 fileNameGt=../graphsdb/mcs70/rand/r005/mcs70_r005_s60.B81
Reading graphs...
60 :  174
60 :  175
Initializing...
maxdom : 8
D->valSize : 284
Solving...
Blb : 2 (clique : 22)
currentSize : 22 <-- 0.002088 s
currentSize : 24 <-- 0.018420 s
currentSize : 27 <-- 0.018481 s
currentSize : 29 <-- 0.037055 s
currentSize : 31 <-- 0.037175 s
currentSize : 32 <-- 0.037315 s
currentSize : 39 <-- 0.071139 s
currentSize : 42 <-- 0.071220 s

maxsize : 42
nodes : 17444.000000
filtered : 129114.000000
time : 0.084369
