Parameters: GAD=1 vflib=1 dir=0 label=1 lowerbound=1 fileNameGp=../graphsdb/mcs70/rand/r01/mcs70_r01_s20.A36 fileNameGt=../graphsdb/mcs70/rand/r01/mcs70_r01_s20.B36
Reading graphs...
20 :  37
20 :  35
Initializing...
maxdom : 6
D->valSize : 104
Solving...
Blb : 2 (clique : 7)
currentSize : 7 <-- 0.000651 s
currentSize : 8 <-- 0.000689 s
currentSize : 9 <-- 0.000743 s
currentSize : 10 <-- 0.000749 s
currentSize : 11 <-- 0.001525 s
currentSize : 12 <-- 0.002513 s
currentSize : 13 <-- 0.002797 s
currentSize : 14 <-- 0.003179 s

maxsize : 14
nodes : 1053.000000
filtered : 8835.000000
time : 0.003697
