Parameters: GAD=1 vflib=1 dir=0 label=1 lowerbound=1 fileNameGp=../graphsdb/mcs70/rand/r01/mcs70_r01_s35.A16 fileNameGt=../graphsdb/mcs70/rand/r01/mcs70_r01_s35.B16
Reading graphs...
35 :  112
35 :  110
Initializing...
maxdom : 8
D->valSize : 183
Solving...
Blb : 3 (clique : 10)
currentSize : 10 <-- 0.001183 s
currentSize : 11 <-- 0.001578 s
currentSize : 12 <-- 0.001941 s
currentSize : 19 <-- 0.002187 s
currentSize : 24 <-- 0.002786 s

maxsize : 24
nodes : 623.000000
filtered : 5347.000000
time : 0.003315
