Parameters: GAD=1 vflib=1 dir=0 label=1 lowerbound=1 fileNameGp=../graphsdb/mcs70/rand/r01/mcs70_r01_s40.A19 fileNameGt=../graphsdb/mcs70/rand/r01/mcs70_r01_s40.B19
Reading graphs...
40 :  147
40 :  145
Initializing...
maxdom : 8
D->valSize : 218
Solving...
Blb : 2 (clique : 13)
currentSize : 13 <-- 0.001343 s
currentSize : 15 <-- 0.001480 s
currentSize : 16 <-- 0.002659 s
currentSize : 17 <-- 0.002695 s
currentSize : 19 <-- 0.004247 s
currentSize : 22 <-- 0.006934 s
currentSize : 27 <-- 0.010603 s

maxsize : 27
nodes : 2490.000000
filtered : 34144.000000
time : 0.011817
