Parameters: GAD=1 vflib=1 dir=0 label=1 lowerbound=1 fileNameGp=../graphsdb/mcs70/bvg/b09/mcs70_b09_s70.A11 fileNameGt=../graphsdb/mcs70/bvg/b09/mcs70_b09_s70.B11
Reading graphs...
70 :  314
70 :  313
Initializing...
maxdom : 9
D->valSize : 374
Solving...
Blb : 2 (clique : 19)
currentSize : 19 <-- 0.005679 s
currentSize : 20 <-- 0.005926 s
currentSize : 21 <-- 0.006139 s
currentSize : 22 <-- 0.006182 s
currentSize : 23 <-- 0.009443 s
currentSize : 24 <-- 0.009529 s
currentSize : 25 <-- 0.013546 s
currentSize : 27 <-- 0.014885 s
currentSize : 32 <-- 0.017334 s
currentSize : 36 <-- 0.017519 s
currentSize : 37 <-- 0.114233 s
currentSize : 40 <-- 0.358212 s
currentSize : 41 <-- 0.358412 s
currentSize : 44 <-- 0.358491 s
currentSize : 45 <-- 0.359118 s
currentSize : 48 <-- 0.359202 s

maxsize : 48
nodes : 133061.000000
filtered : 960204.000000
time : 0.664822
