Parameters: GAD=1 vflib=1 dir=0 label=1 lowerbound=1 fileNameGp=../graphsdb/mcs70/m3D/m3Dr2/mcs70_m3Dr2_s90.A64 fileNameGt=../graphsdb/mcs70/m3D/m3Dr2/mcs70_m3Dr2_s90.B64
Reading graphs...
90 :  226
90 :  226
Initializing...
maxdom : 10
D->valSize : 591
Solving...
Blb : 2 (clique : 41)
currentSize : 41 <-- 0.007351 s
currentSize : 42 <-- 0.007670 s
currentSize : 43 <-- 0.008483 s
currentSize : 44 <-- 0.063333 s
currentSize : 45 <-- 0.063404 s
currentSize : 46 <-- 0.063502 s
currentSize : 47 <-- 0.070932 s
currentSize : 48 <-- 0.170534 s
currentSize : 49 <-- 0.177838 s
currentSize : 50 <-- 0.332769 s
currentSize : 51 <-- 0.332878 s
currentSize : 52 <-- 0.333024 s
currentSize : 53 <-- 0.339718 s
currentSize : 54 <-- 0.339988 s
currentSize : 55 <-- 1.706036 s
currentSize : 56 <-- 1.707846 s
currentSize : 57 <-- 39.270992 s
currentSize : 58 <-- 39.310417 s
currentSize : 61 <-- 39.310532 s
currentSize : 62 <-- 39.313992 s
currentSize : 64 <-- 64.029480 s

maxsize : 64
nodes : 22105703.000000
filtered : 128550434.000000
time : 118.910591
