Parameters: GAD=1 vflib=1 dir=0 label=1 lowerbound=1 fileNameGp=../graphsdb/mcs70/m2D/m2Dr2/mcs70_m2Dr2_s90.A50 fileNameGt=../graphsdb/mcs70/m2D/m2Dr2/mcs70_m2Dr2_s90.B50
Reading graphs...
90 :  179
90 :  179
Initializing...
maxdom : 12
D->valSize : 570
Solving...
Blb : 2 (clique : 55)
currentSize : 55 <-- 0.006976 s
currentSize : 57 <-- 0.007351 s
currentSize : 59 <-- 0.018504 s
currentSize : 60 <-- 0.268684 s
currentSize : 62 <-- 0.271052 s
currentSize : 64 <-- 0.271147 s

maxsize : 64
nodes : 26491282.000000
filtered : 204086080.000000
time : 160.506989
