Parameters: GAD=1 vflib=1 dir=0 label=1 lowerbound=1 fileNameGp=../graphsdb/mcs70/bvg/b06/mcs70_b06_s40.A62 fileNameGt=../graphsdb/mcs70/bvg/b06/mcs70_b06_s40.B62
Reading graphs...
40 :  120
40 :  120
Initializing...
maxdom : 7
D->valSize : 221
Solving...
Blb : 2 (clique : 19)
currentSize : 19 <-- 0.001370 s
currentSize : 21 <-- 0.001472 s
currentSize : 23 <-- 0.001598 s
currentSize : 25 <-- 0.001721 s
currentSize : 26 <-- 0.001761 s
currentSize : 27 <-- 0.002614 s
currentSize : 28 <-- 0.002665 s

maxsize : 28
nodes : 8874.000000
filtered : 51540.000000
time : 0.029266
