Parameters: GAD=1 vflib=1 dir=0 label=1 lowerbound=1 fileNameGp=../graphsdb/mcs70/m3D/m3Dr2/mcs70_m3Dr2_s90.A66 fileNameGt=../graphsdb/mcs70/m3D/m3Dr2/mcs70_m3Dr2_s90.B66
Reading graphs...
90 :  227
90 :  226
Initializing...
maxdom : 9
D->valSize : 545
Solving...
Blb : 2 (clique : 48)
currentSize : 48 <-- 0.006618 s
currentSize : 50 <-- 0.006959 s
currentSize : 51 <-- 0.007180 s
currentSize : 53 <-- 0.007470 s
currentSize : 55 <-- 0.008375 s
currentSize : 56 <-- 0.008745 s
currentSize : 57 <-- 0.052724 s
currentSize : 58 <-- 2.675380 s
currentSize : 59 <-- 2.741119 s
currentSize : 61 <-- 2.973551 s
currentSize : 62 <-- 2.973730 s
currentSize : 63 <-- 2.986875 s
currentSize : 64 <-- 2.987121 s

maxsize : 64
nodes : 6804602.000000
filtered : 48300166.000000
time : 38.940697
