Parameters: GAD=1 vflib=1 dir=0 label=1 lowerbound=1 fileNameGp=../graphsdb/mcs70/m3D/m3Dr2/mcs70_m3Dr2_s40.A98 fileNameGt=../graphsdb/mcs70/m3D/m3Dr2/mcs70_m3Dr2_s40.B98
Reading graphs...
40 :  92
40 :  92
Initializing...
maxdom : 7
D->valSize : 209
Solving...
Blb : 2 (clique : 21)
currentSize : 21 <-- 0.001271 s
currentSize : 22 <-- 0.001394 s
currentSize : 23 <-- 0.001509 s
currentSize : 24 <-- 0.002206 s
currentSize : 25 <-- 0.002325 s
currentSize : 27 <-- 0.002492 s

maxsize : 27
nodes : 15237.000000
filtered : 103369.000000
time : 0.054404
