Parameters: GAD=1 vflib=1 dir=0 label=1 lowerbound=1 fileNameGp=../graphsdb/mcs70/m2D/m2Dr4/mcs70_m2Dr4_s80.A27 fileNameGt=../graphsdb/mcs70/m2D/m2Dr4/mcs70_m2Dr4_s80.B27
Reading graphs...
80 :  171
80 :  170
Initializing...
maxdom : 11
D->valSize : 499
Solving...
Blb : 2 (clique : 35)
currentSize : 35 <-- 0.005485 s
currentSize : 36 <-- 68.098541 s
currentSize : 37 <-- 68.158043 s
currentSize : 39 <-- 94.476608 s
currentSize : 40 <-- 107.399475 s
currentSize : 41 <-- 114.061996 s
currentSize : 42 <-- 165.853531 s
currentSize : 43 <-- 174.461700 s
currentSize : 45 <-- 519.285461 s
currentSize : 47 <-- 775.410645 s
currentSize : 48 <-- 775.411072 s

maxsize : 48
nodes : 239397874.000000
filtered : 1229498087.000000
time : 1149.742065
