Parameters: GAD=1 vflib=1 dir=0 label=1 lowerbound=1 fileNameGp=../graphsdb/mcs70/bvg/b06m/mcs70_b06m_s40.A62 fileNameGt=../graphsdb/mcs70/bvg/b06m/mcs70_b06m_s40.B62
Reading graphs...
40 :  120
40 :  120
Initializing...
maxdom : 9
D->valSize : 234
Solving...
Blb : 2 (clique : 20)
currentSize : 20 <-- 0.001413 s
currentSize : 21 <-- 0.001580 s
currentSize : 23 <-- 0.001721 s
currentSize : 24 <-- 0.002081 s
currentSize : 26 <-- 0.012929 s
currentSize : 28 <-- 0.013132 s

maxsize : 28
nodes : 9823.000000
filtered : 74792.000000
time : 0.034387
