Parameters: GAD=1 vflib=1 dir=0 label=1 lowerbound=1 fileNameGp=../graphsdb/mcs70/rand/r02/mcs70_r02_s25.A60 fileNameGt=../graphsdb/mcs70/rand/r02/mcs70_r02_s25.B60
Reading graphs...
25 :  107
25 :  106
Initializing...
maxdom : 10
D->valSize : 170
Solving...
Blb : 2 (clique : 6)
currentSize : 6 <-- 0.000850 s
currentSize : 7 <-- 0.000928 s
currentSize : 9 <-- 0.001031 s
currentSize : 12 <-- 0.001107 s
currentSize : 17 <-- 0.001799 s

maxsize : 17
nodes : 422.000000
filtered : 7798.000000
time : 0.002242
