Parameters: GAD=1 vflib=1 dir=0 label=1 lowerbound=1 fileNameGp=../graphsdb/mcs70/m2D/m2Dr4/mcs70_m2Dr4_s100.A34 fileNameGt=../graphsdb/mcs70/m2D/m2Dr4/mcs70_m2Dr4_s100.B34
Reading graphs...
100 :  219
100 :  219
Initializing...
maxdom : 6
D->valSize : 357
Solving...
Blb : 2 (clique : 45)
currentSize : 45 <-- 0.007081 s
currentSize : 46 <-- 0.080031 s
currentSize : 47 <-- 0.107489 s
currentSize : 48 <-- 244.762146 s
currentSize : 49 <-- 352.357788 s
currentSize : 51 <-- 352.706146 s
currentSize : 53 <-- 353.086761 s
currentSize : 56 <-- 424.739746 s
currentSize : 57 <-- 478.991394 s
currentSize : 58 <-- 604.029419 s
currentSize : 59 <-- 669.821045 s
currentSize : 62 <-- 711.162903 s
currentSize : 63 <-- 744.874390 s
currentSize : 64 <-- 819.535034 s

maxsize : 64
nodes : 149840197.000000
filtered : 729742391.000000
time : 856.446045
