Parameters: GAD=1 vflib=1 dir=0 label=1 lowerbound=1 fileNameGp=../graphsdb/mcs70/bvg/b06m/mcs70_b06m_s100.A88 fileNameGt=../graphsdb/mcs70/bvg/b06m/mcs70_b06m_s100.B88
Reading graphs...
100 :  299
100 :  299
Initializing...
maxdom : 7
D->valSize : 391
Solving...
Blb : 2 (clique : 43)
currentSize : 43 <-- 0.004268 s
currentSize : 44 <-- 0.004564 s
currentSize : 45 <-- 0.008673 s
currentSize : 46 <-- 0.008783 s
currentSize : 47 <-- 0.009876 s
currentSize : 48 <-- 0.010043 s
currentSize : 49 <-- 0.026972 s
currentSize : 50 <-- 0.027153 s
currentSize : 52 <-- 0.045536 s
currentSize : 53 <-- 0.045638 s
currentSize : 56 <-- 0.058780 s
currentSize : 57 <-- 0.058931 s
currentSize : 62 <-- 0.151049 s
currentSize : 63 <-- 0.151220 s
currentSize : 69 <-- 1.028745 s
currentSize : 70 <-- 1.028943 s

maxsize : 70
nodes : 6659876.000000
filtered : 31292331.000000
time : 35.511375
