Parameters: GAD=1 vflib=1 dir=0 label=1 lowerbound=1 fileNameGp=../graphsdb/mcs70/m3D/m3Dr6/mcs70_m3Dr6_s90.A44 fileNameGt=../graphsdb/mcs70/m3D/m3Dr6/mcs70_m3Dr6_s90.B44
Reading graphs...
90 :  262
90 :  262
Initializing...
maxdom : 10
D->valSize : 574
Solving...
Blb : 2 (clique : 43)
currentSize : 43 <-- 0.011544 s
currentSize : 45 <-- 29.467779 s
currentSize : 47 <-- 29.475836 s
currentSize : 48 <-- 108.235886 s
currentSize : 50 <-- 108.254402 s
currentSize : 51 <-- 108.254440 s
currentSize : 52 <-- 108.254517 s
currentSize : 53 <-- 109.665550 s
currentSize : 55 <-- 134.873947 s
currentSize : 56 <-- 153.614990 s
currentSize : 57 <-- 153.616898 s
currentSize : 58 <-- 153.658829 s
currentSize : 60 <-- 153.663788 s
currentSize : 61 <-- 153.668045 s
currentSize : 64 <-- 153.668243 s

maxsize : 64
nodes : 31394638.000000
filtered : 258351911.000000
time : 186.205414
