Parameters: GAD=1 vflib=1 dir=0 label=1 lowerbound=1 fileNameGp=../graphsdb/mcs70/bvg/b06m/mcs70_b06m_s20.A62 fileNameGt=../graphsdb/mcs70/bvg/b06m/mcs70_b06m_s20.B62
Reading graphs...
20 :  57
20 :  56
Initializing...
maxdom : 7
D->valSize : 107
Solving...
Blb : 2 (clique : 7)
currentSize : 7 <-- 0.000626 s
currentSize : 8 <-- 0.000737 s
currentSize : 9 <-- 0.000876 s
currentSize : 10 <-- 0.001000 s
currentSize : 13 <-- 0.001018 s

maxsize : 13
nodes : 441.000000
filtered : 3811.000000
time : 0.001686
