Parameters: GAD=1 vflib=1 dir=0 label=1 lowerbound=1 fileNameGp=../graphsdb/mcs70/m3D/m3D/mcs70_m3D_s90.A78 fileNameGt=../graphsdb/mcs70/m3D/m3D/mcs70_m3D_s90.B78
Reading graphs...
90 :  208
90 :  209
Initializing...
maxdom : 11
D->valSize : 579
Solving...
Blb : 2 (clique : 55)
currentSize : 55 <-- 0.007186 s
currentSize : 57 <-- 0.007567 s
currentSize : 60 <-- 0.007767 s
currentSize : 63 <-- 0.007885 s
currentSize : 64 <-- 0.014552 s

maxsize : 64
nodes : 7067875.000000
filtered : 59674616.000000
time : 44.026634
