Parameters: GAD=1 vflib=1 dir=0 label=1 lowerbound=1 fileNameGp=../graphsdb/mcs70/bvg/b03m/mcs70_b03m_s25.A90 fileNameGt=../graphsdb/mcs70/bvg/b03m/mcs70_b03m_s25.B90
Reading graphs...
25 :  37
25 :  36
Initializing...
maxdom : 10
D->valSize : 172
Solving...
Blb : 2 (clique : 11)
currentSize : 11 <-- 0.001056 s
currentSize : 13 <-- 0.001109 s
currentSize : 14 <-- 0.001126 s
currentSize : 15 <-- 0.004090 s
currentSize : 16 <-- 0.018295 s

maxsize : 16
nodes : 7348.000000
filtered : 75415.000000
time : 0.022388
