Parameters: GAD=1 vflib=1 dir=0 label=1 lowerbound=1 fileNameGp=../graphsdb/mcs70/bvg/b06m/mcs70_b06m_s50.A49 fileNameGt=../graphsdb/mcs70/bvg/b06m/mcs70_b06m_s50.B49
Reading graphs...
50 :  148
50 :  147
Initializing...
maxdom : 10
D->valSize : 375
Solving...
Blb : 2 (clique : 15)
currentSize : 15 <-- 0.004594 s
currentSize : 18 <-- 0.004749 s
currentSize : 19 <-- 0.018861 s
currentSize : 20 <-- 0.265631 s
currentSize : 21 <-- 0.265674 s
currentSize : 22 <-- 0.265778 s
currentSize : 23 <-- 0.673898 s
currentSize : 31 <-- 1.352382 s
currentSize : 32 <-- 1.352464 s
currentSize : 34 <-- 1.352822 s

maxsize : 34
nodes : 383340.000000
filtered : 2878599.000000
time : 1.669059
