Parameters: GAD=1 vflib=1 dir=0 label=1 lowerbound=1 fileNameGp=../graphsdb/mcs70/rand/r005/mcs70_r005_s70.A83 fileNameGt=../graphsdb/mcs70/rand/r005/mcs70_r005_s70.B83
Reading graphs...
70 :  235
70 :  234
Initializing...
maxdom : 9
D->valSize : 357
Solving...
Blb : 2 (clique : 22)
currentSize : 22 <-- 0.004739 s
currentSize : 23 <-- 0.005010 s
currentSize : 24 <-- 0.005128 s
currentSize : 25 <-- 0.005221 s
currentSize : 26 <-- 0.009894 s
currentSize : 27 <-- 0.009989 s
currentSize : 28 <-- 0.015257 s
currentSize : 29 <-- 0.025561 s
currentSize : 30 <-- 0.049015 s
currentSize : 31 <-- 0.050317 s
currentSize : 32 <-- 0.050623 s
currentSize : 33 <-- 0.076145 s
currentSize : 34 <-- 0.076184 s
currentSize : 35 <-- 0.094182 s
currentSize : 36 <-- 0.094299 s
currentSize : 39 <-- 0.094505 s
currentSize : 40 <-- 0.103500 s
currentSize : 42 <-- 0.103649 s
currentSize : 43 <-- 0.115678 s
currentSize : 47 <-- 0.115840 s
currentSize : 49 <-- 0.115978 s

maxsize : 49
nodes : 37331.000000
filtered : 172320.000000
time : 0.158702
