Parameters: GAD=1 vflib=1 dir=0 label=1 lowerbound=1 fileNameGp=../graphsdb/mcs70/bvg/b09m/mcs70_b09m_s40.A75 fileNameGt=../graphsdb/mcs70/bvg/b09m/mcs70_b09m_s40.B75
Reading graphs...
40 :  175
40 :  176
Initializing...
maxdom : 11
D->valSize : 232
Solving...
Blb : 2 (clique : 12)
currentSize : 12 <-- 0.001372 s
currentSize : 13 <-- 0.001473 s
currentSize : 14 <-- 0.003012 s
currentSize : 16 <-- 0.011529 s
currentSize : 21 <-- 0.012446 s
currentSize : 27 <-- 0.016779 s

maxsize : 27
nodes : 5744.000000
filtered : 47924.000000
time : 0.019906
