Parameters: GAD=1 vflib=1 dir=0 label=1 lowerbound=1 fileNameGp=../graphsdb/mcs70/bvg/b06/mcs70_b06_s100.A07 fileNameGt=../graphsdb/mcs70/bvg/b06/mcs70_b06_s100.B07
Reading graphs...
100 :  299
100 :  300
Initializing...
maxdom : 7
D->valSize : 389
Solving...
Blb : 2 (clique : 50)
currentSize : 50 <-- 0.004271 s
currentSize : 52 <-- 2.332707 s
currentSize : 54 <-- 2.336759 s
currentSize : 55 <-- 4.385498 s
currentSize : 57 <-- 151.070084 s
currentSize : 58 <-- 151.251129 s
currentSize : 59 <-- 152.543610 s
currentSize : 61 <-- 152.548935 s
currentSize : 62 <-- 152.567719 s
currentSize : 63 <-- 843.307983 s
currentSize : 67 <-- 990.870789 s
currentSize : 68 <-- 990.903931 s
currentSize : 69 <-- 990.958557 s
currentSize : 70 <-- 990.966248 s

maxsize : 70
nodes : 385782426.000000
filtered : 1561179047.000000
time : 2017.686035
