Parameters: GAD=1 vflib=1 dir=0 label=1 lowerbound=1 fileNameGp=../graphsdb/mcs70/bvg/b03/mcs70_b03_s70.A25 fileNameGt=../graphsdb/mcs70/bvg/b03/mcs70_b03_s70.B25
Reading graphs...
70 :  105
70 :  105
Initializing...
maxdom : 7
D->valSize : 361
Solving...
Blb : 2 (clique : 41)
currentSize : 41 <-- 0.003174 s
currentSize : 43 <-- 0.004993 s
currentSize : 44 <-- 0.007986 s
currentSize : 45 <-- 0.029574 s
currentSize : 46 <-- 0.519281 s
currentSize : 47 <-- 0.520021 s
currentSize : 49 <-- 0.523709 s
currentSize : 50 <-- 0.525576 s

maxsize : 50
nodes : 1058740.000000
filtered : 5633293.000000
time : 5.184817
