Parameters: GAD=1 vflib=1 dir=0 label=1 lowerbound=1 fileNameGp=../graphsdb/mcs70/m2D/m2Dr2/mcs70_m2Dr2_s60.A39 fileNameGt=../graphsdb/mcs70/m2D/m2Dr2/mcs70_m2Dr2_s60.B39
Reading graphs...
60 :  115
60 :  114
Initializing...
maxdom : 8
D->valSize : 268
Solving...
Blb : 3 (clique : 25)
currentSize : 25 <-- 0.003231 s
currentSize : 26 <-- 0.003682 s
currentSize : 27 <-- 0.003816 s
currentSize : 28 <-- 0.004222 s
currentSize : 29 <-- 0.044121 s
currentSize : 32 <-- 0.105003 s
currentSize : 33 <-- 0.105129 s
currentSize : 34 <-- 0.106158 s
currentSize : 35 <-- 0.156508 s
currentSize : 36 <-- 0.158084 s

maxsize : 36
nodes : 273055.000000
filtered : 939237.000000
time : 0.950336
