Parameters: GAD=1 vflib=1 dir=0 label=1 lowerbound=1 fileNameGp=../graphsdb/mcs70/m2D/m2D/mcs70_m2D_s100.A20 fileNameGt=../graphsdb/mcs70/m2D/m2D/mcs70_m2D_s100.B20
Reading graphs...
100 :  180
100 :  180
Initializing...
maxdom : 6
D->valSize : 373
Solving...
Blb : 2 (clique : 51)
currentSize : 51 <-- 0.006971 s
currentSize : 52 <-- 0.007570 s
currentSize : 53 <-- 0.007822 s
currentSize : 54 <-- 0.014467 s
currentSize : 55 <-- 0.014627 s
currentSize : 56 <-- 0.014942 s
currentSize : 57 <-- 0.015606 s
currentSize : 58 <-- 0.033602 s
currentSize : 61 <-- 0.034886 s
currentSize : 62 <-- 6.362178 s
currentSize : 63 <-- 26.975924 s
currentSize : 64 <-- 31.393751 s

TIMEOUT
maxsize : 64
nodes : 688385426.000000
filtered : 2252929463.000000
time : 3600.000000
