Parameters: GAD=1 vflib=1 dir=0 label=1 lowerbound=1 fileNameGp=../graphsdb/mcs70/m3D/m3Dr4/mcs70_m3Dr4_s100.A92 fileNameGt=../graphsdb/mcs70/m3D/m3Dr4/mcs70_m3Dr4_s100.B92
Reading graphs...
100 :  273
100 :  273
Initializing...
maxdom : 9
D->valSize : 383
Solving...
Blb : 2 (clique : 48)
currentSize : 48 <-- 0.006896 s
currentSize : 49 <-- 0.008718 s
currentSize : 50 <-- 0.063103 s
currentSize : 51 <-- 0.063675 s
currentSize : 52 <-- 0.167522 s
currentSize : 53 <-- 0.182838 s
currentSize : 56 <-- 0.318996 s
currentSize : 57 <-- 0.331582 s
currentSize : 59 <-- 0.932971 s
currentSize : 60 <-- 0.945752 s
currentSize : 62 <-- 2.301555 s
currentSize : 64 <-- 2.326009 s

maxsize : 64
nodes : 10543913.000000
filtered : 48594254.000000
time : 55.676472
