Parameters: GAD=1 vflib=1 dir=0 label=1 lowerbound=1 fileNameGp=../graphsdb/mcs70/m3D/m3Dr6/mcs70_m3Dr6_s100.A62 fileNameGt=../graphsdb/mcs70/m3D/m3Dr6/mcs70_m3Dr6_s100.B62
Reading graphs...
100 :  293
100 :  290
Initializing...
maxdom : 6
D->valSize : 363
Solving...
Blb : 3 (clique : 41)
currentSize : 41 <-- 0.003829 s
currentSize : 42 <-- 494.390167 s
currentSize : 43 <-- 551.554321 s
currentSize : 44 <-- 816.051575 s
currentSize : 45 <-- 817.431274 s
currentSize : 46 <-- 818.332825 s
currentSize : 47 <-- 887.753357 s
currentSize : 48 <-- 887.753906 s
currentSize : 49 <-- 913.974243 s
currentSize : 50 <-- 913.974731 s
currentSize : 52 <-- 917.898071 s
currentSize : 53 <-- 917.898743 s
currentSize : 54 <-- 1818.927368 s
currentSize : 56 <-- 1818.927734 s
currentSize : 57 <-- 1819.493652 s
currentSize : 58 <-- 1819.493774 s
currentSize : 60 <-- 1819.494263 s
currentSize : 61 <-- 1819.494385 s
currentSize : 62 <-- 1839.103516 s
currentSize : 64 <-- 1839.103638 s

maxsize : 64
nodes : 373649715.000000
filtered : 1522129076.000000
time : 1968.265381
