Parameters: GAD=1 vflib=1 dir=0 label=1 lowerbound=1 fileNameGp=../graphsdb/mcs70/m2D/m2Dr2/mcs70_m2Dr2_s90.A45 fileNameGt=../graphsdb/mcs70/m2D/m2Dr2/mcs70_m2Dr2_s90.B45
Reading graphs...
90 :  179
90 :  178
Initializing...
maxdom : 9
D->valSize : 538
Solving...
Blb : 5 (clique : 34)
currentSize : 34 <-- 0.006546 s
currentSize : 49 <-- 0.006851 s
currentSize : 51 <-- 0.007406 s
currentSize : 52 <-- 4.827965 s
currentSize : 54 <-- 379.338715 s
currentSize : 55 <-- 3251.198730 s
currentSize : 56 <-- 3263.700439 s
currentSize : 58 <-- 3367.557861 s

TIMEOUT
maxsize : 58
nodes : 663823091.000000
filtered : 3977354477.000000
time : 3600.000000
