Parameters: GAD=1 vflib=1 dir=0 label=1 lowerbound=1 fileNameGp=../graphsdb/mcs70/m2D/m2D/mcs70_m2D_s50.A37 fileNameGt=../graphsdb/mcs70/m2D/m2D/mcs70_m2D_s50.B37
Reading graphs...
50 :  85
50 :  85
Initializing...
maxdom : 10
D->valSize : 331
Solving...
Blb : 2 (clique : 20)
currentSize : 20 <-- 0.002931 s
currentSize : 21 <-- 0.015003 s
currentSize : 22 <-- 0.015136 s
currentSize : 23 <-- 0.015510 s
currentSize : 24 <-- 0.030583 s
currentSize : 26 <-- 1.285916 s
currentSize : 27 <-- 1.285995 s
currentSize : 28 <-- 1.573252 s
currentSize : 30 <-- 2.128936 s
currentSize : 31 <-- 2.422673 s
currentSize : 33 <-- 2.463923 s
currentSize : 34 <-- 2.503550 s
currentSize : 36 <-- 2.747219 s

maxsize : 36
nodes : 643965.000000
filtered : 7137336.000000
time : 2.799351
