Parameters: GAD=1 vflib=1 dir=0 label=1 lowerbound=1 fileNameGp=../graphsdb/mcs70/m3D/m3Dr6/mcs70_m3Dr6_s40.A62 fileNameGt=../graphsdb/mcs70/m3D/m3Dr6/mcs70_m3Dr6_s40.B62
Reading graphs...
40 :  107
40 :  107
Initializing...
maxdom : 10
D->valSize : 281
Solving...
Blb : 2 (clique : 21)
currentSize : 21 <-- 0.001714 s
currentSize : 24 <-- 0.001812 s
currentSize : 25 <-- 0.001874 s
currentSize : 26 <-- 0.001950 s
currentSize : 27 <-- 0.002019 s

maxsize : 27
nodes : 673.000000
filtered : 7930.000000
time : 0.004138
