Parameters: GAD=1 vflib=1 dir=0 label=1 lowerbound=1 fileNameGp=../graphsdb/mcs70/bvg/b06m/mcs70_b06m_s40.A66 fileNameGt=../graphsdb/mcs70/bvg/b06m/mcs70_b06m_s40.B66
Reading graphs...
40 :  117
40 :  119
Initializing...
maxdom : 7
D->valSize : 208
Solving...
Blb : 5 (clique : 17)
currentSize : 17 <-- 0.001211 s
currentSize : 18 <-- 0.019733 s
currentSize : 19 <-- 0.019976 s
currentSize : 20 <-- 0.020023 s
currentSize : 23 <-- 0.020350 s
currentSize : 25 <-- 0.034039 s
currentSize : 27 <-- 0.039337 s

maxsize : 27
nodes : 16715.000000
filtered : 117422.000000
time : 0.056955
