Parameters: GAD=1 vflib=1 dir=0 label=1 lowerbound=1 fileNameGp=../graphsdb/mcs70/bvg/b03m/mcs70_b03m_s70.A01 fileNameGt=../graphsdb/mcs70/bvg/b03m/mcs70_b03m_s70.B01
Reading graphs...
70 :  104
70 :  104
Initializing...
maxdom : 8
D->valSize : 338
Solving...
Blb : 2 (clique : 36)
currentSize : 36 <-- 0.003018 s
currentSize : 37 <-- 1.587633 s
currentSize : 38 <-- 3.109539 s
currentSize : 39 <-- 6.816800 s
currentSize : 41 <-- 6.816986 s
currentSize : 42 <-- 8.672145 s
currentSize : 43 <-- 8.692550 s
currentSize : 44 <-- 17.057369 s
currentSize : 45 <-- 33.205700 s
currentSize : 46 <-- 34.967930 s
currentSize : 47 <-- 41.457180 s
currentSize : 48 <-- 48.431847 s

maxsize : 48
nodes : 13184604.000000
filtered : 62245049.000000
time : 57.174328
