Parameters: GAD=1 vflib=1 dir=0 label=1 lowerbound=1 fileNameGp=../graphsdb/mcs70/m2D/m2D/mcs70_m2D_s70.A52 fileNameGt=../graphsdb/mcs70/m2D/m2D/mcs70_m2D_s70.B52
Reading graphs...
70 :  123
70 :  123
Initializing...
maxdom : 7
D->valSize : 334
Solving...
Blb : 2 (clique : 40)
currentSize : 40 <-- 0.002946 s
currentSize : 41 <-- 0.617530 s
currentSize : 44 <-- 3.600480 s
currentSize : 45 <-- 3.602464 s
currentSize : 49 <-- 55.321369 s

maxsize : 49
nodes : 36080521.000000
filtered : 120515839.000000
time : 139.193329
