Parameters: GAD=1 vflib=1 dir=0 label=1 lowerbound=1 fileNameGp=../graphsdb/mcs70/bvg/b06/mcs70_b06_s90.A49 fileNameGt=../graphsdb/mcs70/bvg/b06/mcs70_b06_s90.B49
Reading graphs...
90 :  269
90 :  270
Initializing...
maxdom : 10
D->valSize : 574
Solving...
Blb : 2 (clique : 35)
currentSize : 35 <-- 0.006976 s
currentSize : 48 <-- 0.007292 s
currentSize : 54 <-- 0.007444 s
currentSize : 55 <-- 0.007634 s
currentSize : 56 <-- 0.008013 s
currentSize : 57 <-- 0.008147 s
currentSize : 60 <-- 0.021891 s
currentSize : 63 <-- 0.022511 s

maxsize : 63
nodes : 13712167.000000
filtered : 123217721.000000
time : 85.070656
