Parameters: GAD=1 vflib=1 dir=0 label=1 lowerbound=1 fileNameGp=../graphsdb/mcs70/bvg/b03m/mcs70_b03m_s100.A03 fileNameGt=../graphsdb/mcs70/bvg/b03m/mcs70_b03m_s100.B03
Reading graphs...
100 :  150
100 :  150
Initializing...
maxdom : 7
D->valSize : 390
Solving...
Blb : 2 (clique : 56)
currentSize : 56 <-- 0.004546 s
currentSize : 57 <-- 0.004945 s
currentSize : 58 <-- 0.005010 s
currentSize : 60 <-- 0.031587 s
currentSize : 62 <-- 2.832472 s
currentSize : 63 <-- 2.832826 s
currentSize : 64 <-- 2065.479492 s
currentSize : 65 <-- 2065.479980 s

TIMEOUT
maxsize : 65
nodes : 827582042.000000
filtered : 1448228050.000000
time : 3600.000000
