Parameters: GAD=1 vflib=1 dir=0 label=1 lowerbound=1 fileNameGp=../graphsdb/mcs70/bvg/b09/mcs70_b09_s70.A44 fileNameGt=../graphsdb/mcs70/bvg/b09/mcs70_b09_s70.B44
Reading graphs...
70 :  312
70 :  314
Initializing...
maxdom : 9
D->valSize : 416
Solving...
Blb : 3 (clique : 31)
currentSize : 31 <-- 0.003681 s
currentSize : 32 <-- 0.127967 s
currentSize : 34 <-- 0.512864 s
currentSize : 36 <-- 0.519830 s
currentSize : 38 <-- 0.980505 s
currentSize : 45 <-- 1.769753 s
currentSize : 48 <-- 1.769903 s

maxsize : 48
nodes : 495937.000000
filtered : 3847589.000000
time : 2.388459
