Parameters: GAD=1 vflib=1 dir=0 label=1 lowerbound=1 fileNameGp=../graphsdb/mcs70/rand/r005/mcs70_r005_s60.A51 fileNameGt=../graphsdb/mcs70/rand/r005/mcs70_r005_s60.B51
Reading graphs...
60 :  176
60 :  175
Initializing...
maxdom : 10
D->valSize : 299
Solving...
Blb : 3 (clique : 21)
currentSize : 21 <-- 0.002359 s
currentSize : 22 <-- 0.042586 s
currentSize : 27 <-- 0.096986 s
currentSize : 28 <-- 0.150205 s
currentSize : 29 <-- 0.255270 s
currentSize : 31 <-- 0.257156 s
currentSize : 32 <-- 0.257315 s
currentSize : 36 <-- 0.301046 s
currentSize : 42 <-- 0.312564 s

maxsize : 42
nodes : 76853.000000
filtered : 578531.000000
time : 0.326147
