Parameters: GAD=1 vflib=1 dir=0 label=1 lowerbound=1 fileNameGp=../graphsdb/mcs70/m2D/m2D/mcs70_m2D_s60.A47 fileNameGt=../graphsdb/mcs70/m2D/m2D/mcs70_m2D_s60.B47
Reading graphs...
60 :  104
60 :  101
Initializing...
maxdom : 6
D->valSize : 258
Solving...
Blb : 2 (clique : 29)
currentSize : 29 <-- 0.003438 s
currentSize : 30 <-- 0.004151 s
currentSize : 31 <-- 0.015902 s
currentSize : 33 <-- 0.021572 s
currentSize : 34 <-- 0.112403 s
currentSize : 35 <-- 2.926505 s
currentSize : 36 <-- 2.926584 s

maxsize : 36
nodes : 2204999.000000
filtered : 8453552.000000
time : 8.563444
