Parameters: GAD=1 vflib=1 dir=0 label=1 lowerbound=1 fileNameGp=../graphsdb/mcs70/bvg/b09/mcs70_b09_s30.A77 fileNameGt=../graphsdb/mcs70/bvg/b09/mcs70_b09_s30.B77
Reading graphs...
30 :  132
30 :  132
Initializing...
maxdom : 5
D->valSize : 118
Solving...
Blb : 2 (clique : 7)
currentSize : 7 <-- 0.000669 s
currentSize : 9 <-- 0.002326 s
currentSize : 12 <-- 0.002373 s
currentSize : 16 <-- 0.002424 s
currentSize : 20 <-- 0.002588 s

maxsize : 20
nodes : 1175.000000
filtered : 6356.000000
time : 0.003621
