Parameters: GAD=1 vflib=1 dir=0 label=1 lowerbound=1 fileNameGp=../graphsdb/mcs70/bvg/b03m/mcs70_b03m_s80.A87 fileNameGt=../graphsdb/mcs70/bvg/b03m/mcs70_b03m_s80.B87
Reading graphs...
80 :  119
80 :  119
Initializing...
maxdom : 8
D->valSize : 434
Solving...
Blb : 2 (clique : 47)
currentSize : 47 <-- 0.004631 s
currentSize : 52 <-- 0.004919 s
currentSize : 53 <-- 0.005028 s
currentSize : 54 <-- 0.010518 s
currentSize : 55 <-- 0.013483 s
currentSize : 56 <-- 0.013666 s
currentSize : 57 <-- 0.019434 s

maxsize : 57
nodes : 284702.000000
filtered : 1223906.000000
time : 1.481669
