Parameters: GAD=1 vflib=1 dir=0 label=1 lowerbound=1 fileNameGp=../graphsdb/mcs70/m2D/m2Dr4/mcs70_m2Dr4_s40.A50 fileNameGt=../graphsdb/mcs70/m2D/m2Dr4/mcs70_m2Dr4_s40.B50
Reading graphs...
40 :  81
40 :  81
Initializing...
maxdom : 7
D->valSize : 207
Solving...
Blb : 2 (clique : 21)
currentSize : 21 <-- 0.001359 s
currentSize : 22 <-- 0.001534 s
currentSize : 23 <-- 0.001851 s
currentSize : 24 <-- 0.073735 s
currentSize : 25 <-- 0.076284 s

maxsize : 25
nodes : 46737.000000
filtered : 257977.000000
time : 0.174581
