Parameters: GAD=1 vflib=1 dir=0 label=1 lowerbound=1 fileNameGp=../graphsdb/mcs70/m2D/m2Dr2/mcs70_m2Dr2_s90.A59 fileNameGt=../graphsdb/mcs70/m2D/m2Dr2/mcs70_m2Dr2_s90.B59
Reading graphs...
90 :  179
90 :  179
Initializing...
maxdom : 11
D->valSize : 562
Solving...
Blb : 2 (clique : 37)
currentSize : 37 <-- 0.011794 s
currentSize : 42 <-- 0.012293 s
currentSize : 45 <-- 0.012591 s
currentSize : 47 <-- 0.015835 s
currentSize : 48 <-- 0.015969 s
currentSize : 49 <-- 0.032212 s
currentSize : 50 <-- 0.032373 s
currentSize : 52 <-- 100.864502 s
currentSize : 54 <-- 100.864906 s
currentSize : 56 <-- 216.378189 s
currentSize : 57 <-- 500.033691 s
currentSize : 58 <-- 512.431091 s
currentSize : 59 <-- 785.866821 s
currentSize : 62 <-- 786.113464 s
currentSize : 64 <-- 786.113586 s

maxsize : 64
nodes : 144471998.000000
filtered : 828483821.000000
time : 817.916565
