Parameters: GAD=1 vflib=1 dir=0 label=1 lowerbound=1 fileNameGp=../graphsdb/mcs70/bvg/b09m/mcs70_b09m_s90.A06 fileNameGt=../graphsdb/mcs70/bvg/b09m/mcs70_b09m_s90.B06
Reading graphs...
90 :  400
90 :  397
Initializing...
maxdom : 10
D->valSize : 558
Solving...
Blb : 2 (clique : 36)
currentSize : 36 <-- 0.006846 s
currentSize : 37 <-- 0.007099 s
currentSize : 42 <-- 0.009255 s
currentSize : 44 <-- 0.009427 s
currentSize : 45 <-- 0.009578 s
currentSize : 47 <-- 0.032326 s
currentSize : 48 <-- 0.032483 s
currentSize : 57 <-- 17.114616 s
currentSize : 60 <-- 17.114811 s

maxsize : 60
nodes : 9631560.000000
filtered : 61962467.000000
time : 51.926006
