Parameters: GAD=1 vflib=1 dir=0 label=1 lowerbound=1 fileNameGp=../graphsdb/mcs70/m2D/m2Dr2/mcs70_m2Dr2_s35.A32 fileNameGt=../graphsdb/mcs70/m2D/m2Dr2/mcs70_m2Dr2_s35.B32
Reading graphs...
35 :  65
35 :  65
Initializing...
maxdom : 7
D->valSize : 179
Solving...
Blb : 2 (clique : 13)
currentSize : 13 <-- 0.001015 s
currentSize : 14 <-- 0.001077 s
currentSize : 15 <-- 0.003381 s
currentSize : 16 <-- 0.021785 s
currentSize : 18 <-- 0.024655 s
currentSize : 21 <-- 0.025642 s
currentSize : 25 <-- 0.027907 s

maxsize : 25
nodes : 9623.000000
filtered : 66592.000000
time : 0.030021
