Parameters: GAD=1 vflib=1 dir=0 label=1 lowerbound=1 fileNameGp=../graphsdb/mcs70/m3D/m3D/mcs70_m3D_s100.A96 fileNameGt=../graphsdb/mcs70/m3D/m3D/mcs70_m3D_s100.B96
Reading graphs...
100 :  234
100 :  234
Initializing...
maxdom : 7
D->valSize : 386
Solving...
Blb : 2 (clique : 34)
currentSize : 34 <-- 0.004143 s
currentSize : 39 <-- 0.004425 s
currentSize : 40 <-- 0.006925 s
currentSize : 41 <-- 0.007087 s
currentSize : 42 <-- 0.011673 s
currentSize : 44 <-- 0.016075 s
currentSize : 45 <-- 7.418447 s
currentSize : 46 <-- 7.432254 s
currentSize : 47 <-- 7.433266 s
currentSize : 49 <-- 12.708244 s
currentSize : 51 <-- 12.708506 s
currentSize : 52 <-- 18.228807 s
currentSize : 53 <-- 47.409122 s
currentSize : 54 <-- 47.417610 s
currentSize : 55 <-- 47.438427 s
currentSize : 56 <-- 47.439709 s
currentSize : 59 <-- 186.119034 s
currentSize : 60 <-- 274.206726 s
currentSize : 61 <-- 286.780792 s
currentSize : 62 <-- 287.196228 s
currentSize : 63 <-- 589.681091 s
currentSize : 64 <-- 678.429138 s

maxsize : 64
nodes : 154552302.000000
filtered : 628934025.000000
time : 843.226135
