Parameters: GAD=1 vflib=1 dir=0 label=1 lowerbound=1 fileNameGp=../graphsdb/mcs70/m3D/m3D/mcs70_m3D_s100.A92 fileNameGt=../graphsdb/mcs70/m3D/m3D/mcs70_m3D_s100.B92
Reading graphs...
100 :  235
100 :  233
Initializing...
maxdom : 6
D->valSize : 380
Solving...
Blb : 3 (clique : 55)
currentSize : 55 <-- 0.007173 s
currentSize : 56 <-- 16.818859 s
currentSize : 57 <-- 16.818993 s
currentSize : 58 <-- 52.829334 s
currentSize : 59 <-- 172.688126 s
currentSize : 60 <-- 335.213654 s
currentSize : 61 <-- 517.427979 s
currentSize : 62 <-- 517.436584 s
currentSize : 63 <-- 650.304138 s
currentSize : 64 <-- 1009.677917 s
currentSize : 65 <-- 1617.554688 s

maxsize : 65
nodes : 426824098.000000
filtered : 1607382129.000000
time : 2243.824219
