Parameters: GAD=1 vflib=1 dir=0 label=1 lowerbound=1 fileNameGp=../graphsdb/mcs70/rand/r02/mcs70_r02_s60.A90 fileNameGt=../graphsdb/mcs70/rand/r02/mcs70_r02_s60.B90
Reading graphs...
60 :  629
60 :  641
Initializing...
maxdom : 8
D->valSize : 245
Solving...
Blb : 3 (clique : 17)
currentSize : 17 <-- 0.001860 s
currentSize : 18 <-- 0.002468 s
currentSize : 19 <-- 0.005058 s
currentSize : 21 <-- 0.005827 s
currentSize : 32 <-- 0.008347 s
currentSize : 33 <-- 0.008662 s

maxsize : 33
nodes : 19323.000000
filtered : 50986.000000
time : 0.063098
