Parameters: GAD=1 vflib=1 dir=0 label=1 lowerbound=1 fileNameGp=../graphsdb/mcs70/rand/r02/mcs70_r02_s70.A95 fileNameGt=../graphsdb/mcs70/rand/r02/mcs70_r02_s70.B95
Reading graphs...
70 :  874
70 :  860
Initializing...
maxdom : 8
D->valSize : 328
Solving...
Blb : 2 (clique : 7)
currentSize : 7 <-- 0.003891 s
currentSize : 8 <-- 0.004010 s
currentSize : 10 <-- 0.007521 s
currentSize : 13 <-- 0.009833 s
currentSize : 19 <-- 0.010036 s
currentSize : 22 <-- 0.018590 s
currentSize : 32 <-- 0.025599 s
currentSize : 33 <-- 0.210923 s

maxsize : 33
nodes : 822659.000000
filtered : 496884.000000
time : 2.468087
