Parameters: GAD=1 vflib=1 dir=0 label=1 lowerbound=1 fileNameGp=../graphsdb/mcs70/bvg/b03m/mcs70_b03m_s70.A71 fileNameGt=../graphsdb/mcs70/bvg/b03m/mcs70_b03m_s70.B71
Reading graphs...
70 :  104
70 :  104
Initializing...
maxdom : 8
D->valSize : 354
Solving...
Blb : 2 (clique : 38)
currentSize : 38 <-- 0.003401 s
currentSize : 39 <-- 0.004220 s
currentSize : 40 <-- 2.941267 s
currentSize : 41 <-- 194.619568 s
currentSize : 42 <-- 194.655884 s
currentSize : 43 <-- 378.218719 s
currentSize : 44 <-- 378.225494 s
currentSize : 45 <-- 378.272949 s
currentSize : 46 <-- 591.572205 s
currentSize : 47 <-- 591.572327 s

maxsize : 47
nodes : 167530664.000000
filtered : 788393409.000000
time : 700.864624
