Parameters: GAD=1 vflib=1 dir=0 label=1 lowerbound=1 fileNameGp=../graphsdb/mcs70/rand/r02/mcs70_r02_s80.A82 fileNameGt=../graphsdb/mcs70/rand/r02/mcs70_r02_s80.B82
Reading graphs...
80 :  1119
80 :  1113
Initializing...
maxdom : 11
D->valSize : 479
Solving...
Blb : 2 (clique : 19)
currentSize : 19 <-- 0.004602 s
currentSize : 32 <-- 0.006919 s
currentSize : 33 <-- 0.007323 s
currentSize : 36 <-- 0.056445 s
currentSize : 37 <-- 0.056938 s
currentSize : 38 <-- 0.175290 s

maxsize : 38
nodes : 3180935.000000
filtered : 1815979.000000
time : 10.716900
