Parameters: GAD=1 vflib=1 dir=0 label=1 lowerbound=1 fileNameGp=../graphsdb/mcs70/bvg/b06m/mcs70_b06m_s20.A80 fileNameGt=../graphsdb/mcs70/bvg/b06m/mcs70_b06m_s20.B80
Reading graphs...
20 :  58
20 :  56
Initializing...
maxdom : 9
D->valSize : 123
Solving...
Blb : 2 (clique : 7)
currentSize : 7 <-- 0.000667 s
currentSize : 9 <-- 0.000705 s
currentSize : 10 <-- 0.001138 s
currentSize : 12 <-- 0.001164 s
currentSize : 13 <-- 0.001568 s

maxsize : 13
nodes : 425.000000
filtered : 4938.000000
time : 0.001856
