Parameters: GAD=1 vflib=1 dir=0 label=1 lowerbound=1 fileNameGp=../graphsdb/mcs70/m2D/m2D/mcs70_m2D_s100.A94 fileNameGt=../graphsdb/mcs70/m2D/m2D/mcs70_m2D_s100.B94
Reading graphs...
100 :  180
100 :  180
Initializing...
maxdom : 5
D->valSize : 336
Solving...
Blb : 3 (clique : 43)
currentSize : 43 <-- 0.006469 s
currentSize : 44 <-- 0.789204 s
currentSize : 45 <-- 34.591599 s
currentSize : 46 <-- 37.145275 s
currentSize : 47 <-- 224.301804 s
currentSize : 48 <-- 1607.095337 s
currentSize : 49 <-- 1607.096802 s
currentSize : 50 <-- 1607.143188 s
currentSize : 51 <-- 1607.330933 s
currentSize : 53 <-- 1847.901489 s
currentSize : 54 <-- 3211.371338 s
currentSize : 55 <-- 3213.341064 s
currentSize : 56 <-- 3222.113525 s

TIMEOUT
maxsize : 56
nodes : 715141810.000000
filtered : 2158936940.000000
time : 3600.000000
