Parameters: GAD=1 vflib=1 dir=0 label=1 lowerbound=1 fileNameGp=../graphsdb/mcs70/m2D/m2Dr6/mcs70_m2Dr6_s70.A24 fileNameGt=../graphsdb/mcs70/m2D/m2Dr6/mcs70_m2Dr6_s70.B24
Reading graphs...
70 :  162
70 :  164
Initializing...
maxdom : 9
D->valSize : 378
Solving...
Blb : 2 (clique : 31)
currentSize : 31 <-- 0.003336 s
currentSize : 33 <-- 0.004467 s
currentSize : 34 <-- 0.004546 s
currentSize : 35 <-- 0.005869 s
currentSize : 39 <-- 0.011262 s
currentSize : 40 <-- 0.011369 s
currentSize : 46 <-- 0.012724 s
currentSize : 48 <-- 0.015084 s

maxsize : 48
nodes : 2361228.000000
filtered : 13409713.000000
time : 10.536383
