Parameters: GAD=1 vflib=1 dir=0 label=1 lowerbound=1 fileNameGp=../graphsdb/mcs70/bvg/b06m/mcs70_b06m_s35.A89 fileNameGt=../graphsdb/mcs70/bvg/b06m/mcs70_b06m_s35.B89
Reading graphs...
35 :  103
35 :  102
Initializing...
maxdom : 10
D->valSize : 190
Solving...
Blb : 2 (clique : 12)
currentSize : 12 <-- 0.001062 s
currentSize : 14 <-- 0.002031 s
currentSize : 16 <-- 0.002057 s
currentSize : 17 <-- 0.007315 s
currentSize : 21 <-- 0.010284 s
currentSize : 23 <-- 0.014154 s

maxsize : 23
nodes : 6403.000000
filtered : 43150.000000
time : 0.019120
