Parameters: GAD=1 vflib=1 dir=0 label=1 lowerbound=1 fileNameGp=../graphsdb/mcs70/m2D/m2Dr6/mcs70_m2Dr6_s100.A02 fileNameGt=../graphsdb/mcs70/m2D/m2Dr6/mcs70_m2Dr6_s100.B02
Reading graphs...
100 :  237
100 :  237
Initializing...
maxdom : 6
D->valSize : 362
Solving...
Blb : 3 (clique : 52)
currentSize : 52 <-- 0.004000 s
currentSize : 55 <-- 7.705097 s
currentSize : 56 <-- 102.245789 s
currentSize : 59 <-- 102.246033 s
currentSize : 60 <-- 102.255737 s
currentSize : 61 <-- 109.382858 s

TIMEOUT
maxsize : 61
nodes : 687646672.000000
filtered : 2508133305.000000
time : 3600.000000
