Parameters: GAD=1 vflib=1 dir=0 label=1 lowerbound=1 fileNameGp=../graphsdb/mcs70/rand/r01/mcs70_r01_s70.A89 fileNameGt=../graphsdb/mcs70/rand/r01/mcs70_r01_s70.B89
Reading graphs...
70 :  457
70 :  461
Initializing...
maxdom : 7
D->valSize : 323
Solving...
Blb : 5 (clique : 19)
currentSize : 19 <-- 0.002563 s
currentSize : 20 <-- 0.002701 s
currentSize : 21 <-- 0.002774 s
currentSize : 27 <-- 0.003085 s
currentSize : 31 <-- 0.003205 s
currentSize : 47 <-- 0.027555 s

maxsize : 47
nodes : 9203.000000
filtered : 109855.000000
time : 0.051039
