Parameters: GAD=1 vflib=1 dir=0 label=1 lowerbound=1 fileNameGp=../graphsdb/mcs70/rand/r005/mcs70_r005_s50.A91 fileNameGt=../graphsdb/mcs70/rand/r005/mcs70_r005_s50.B91
Reading graphs...
50 :  117
50 :  119
Initializing...
maxdom : 13
D->valSize : 374
Solving...
Blb : 2 (clique : 19)
currentSize : 19 <-- 0.004673 s
currentSize : 20 <-- 0.005489 s
currentSize : 21 <-- 0.006805 s
currentSize : 22 <-- 0.009373 s
currentSize : 23 <-- 0.015948 s
currentSize : 24 <-- 0.272938 s
currentSize : 25 <-- 0.272995 s
currentSize : 26 <-- 0.275308 s
currentSize : 27 <-- 0.275379 s
currentSize : 28 <-- 0.495459 s
currentSize : 31 <-- 0.528264 s
currentSize : 32 <-- 0.658990 s
currentSize : 34 <-- 0.745210 s

maxsize : 34
nodes : 148376.000000
filtered : 2351494.000000
time : 0.774809
