Parameters: GAD=1 vflib=1 dir=0 label=1 lowerbound=1 fileNameGp=../graphsdb/mcs70/bvg/b09/mcs70_b09_s50.A58 fileNameGt=../graphsdb/mcs70/bvg/b09/mcs70_b09_s50.B58
Reading graphs...
50 :  219
50 :  224
Initializing...
maxdom : 8
D->valSize : 313
Solving...
Blb : 2 (clique : 12)
currentSize : 12 <-- 0.003342 s
currentSize : 16 <-- 0.007347 s
currentSize : 17 <-- 0.007424 s
currentSize : 18 <-- 0.014906 s
currentSize : 19 <-- 0.017040 s
currentSize : 20 <-- 0.017096 s
currentSize : 21 <-- 0.026299 s
currentSize : 22 <-- 0.029080 s
currentSize : 32 <-- 0.065055 s
currentSize : 34 <-- 0.065274 s

maxsize : 34
nodes : 18676.000000
filtered : 196876.000000
time : 0.122363
