Parameters: GAD=1 vflib=1 dir=0 label=1 lowerbound=1 fileNameGp=../graphsdb/mcs70/m3D/m3Dr2/mcs70_m3Dr2_s100.A63 fileNameGt=../graphsdb/mcs70/m3D/m3Dr2/mcs70_m3Dr2_s100.B63
Reading graphs...
100 :  252
100 :  251
Initializing...
maxdom : 6
D->valSize : 353
Solving...
Blb : 2 (clique : 58)
currentSize : 58 <-- 0.003811 s
currentSize : 59 <-- 0.004284 s
currentSize : 61 <-- 0.033734 s
currentSize : 62 <-- 0.034030 s
currentSize : 63 <-- 0.034197 s

maxsize : 63
nodes : 50582859.000000
filtered : 170444695.000000
time : 249.550125
