Parameters: GAD=1 vflib=1 dir=0 label=1 lowerbound=1 fileNameGp=../graphsdb/mcs70/rand/r02/mcs70_r02_s70.A86 fileNameGt=../graphsdb/mcs70/rand/r02/mcs70_r02_s70.B86
Reading graphs...
70 :  849
70 :  849
Initializing...
maxdom : 7
D->valSize : 309
Solving...
Blb : 2 (clique : 7)
currentSize : 7 <-- 0.002586 s
currentSize : 11 <-- 0.002671 s
currentSize : 21 <-- 0.002801 s
currentSize : 22 <-- 0.002990 s
currentSize : 33 <-- 0.003314 s
currentSize : 34 <-- 0.018002 s
currentSize : 35 <-- 0.040245 s
currentSize : 37 <-- 0.064495 s

maxsize : 37
nodes : 79319.000000
filtered : 88355.000000
time : 0.248823
