Parameters: GAD=1 vflib=1 dir=0 label=1 lowerbound=1 fileNameGp=../graphsdb/mcs70/rand/r01/mcs70_r01_s25.A22 fileNameGt=../graphsdb/mcs70/rand/r01/mcs70_r01_s25.B22
Reading graphs...
25 :  55
25 :  57
Initializing...
maxdom : 9
D->valSize : 164
Solving...
Blb : 2 (clique : 10)
currentSize : 10 <-- 0.000811 s
currentSize : 11 <-- 0.000867 s
currentSize : 12 <-- 0.000943 s
currentSize : 14 <-- 0.002301 s
currentSize : 16 <-- 0.003417 s

maxsize : 16
nodes : 1446.000000
filtered : 18704.000000
time : 0.005180
