Parameters: GAD=1 vflib=1 dir=0 label=1 lowerbound=1 fileNameGp=../graphsdb/mcs70/m3D/m3Dr6/mcs70_m3Dr6_s100.A70 fileNameGt=../graphsdb/mcs70/m3D/m3Dr6/mcs70_m3Dr6_s100.B70
Reading graphs...
100 :  293
100 :  292
Initializing...
maxdom : 8
D->valSize : 404
Solving...
Blb : 2 (clique : 42)
currentSize : 42 <-- 0.007077 s
currentSize : 43 <-- 0.007565 s
currentSize : 44 <-- 0.007893 s
currentSize : 45 <-- 0.104429 s
currentSize : 46 <-- 0.104649 s
currentSize : 52 <-- 15.374565 s
currentSize : 53 <-- 26.601849 s
currentSize : 58 <-- 31.725538 s
currentSize : 59 <-- 92.781036 s
currentSize : 62 <-- 92.890030 s
currentSize : 63 <-- 93.102791 s

maxsize : 63
nodes : 25169683.000000
filtered : 111384115.000000
time : 135.882980
