Parameters: GAD=1 vflib=1 dir=0 label=1 lowerbound=1 fileNameGp=../graphsdb/mcs70/m2D/m2Dr6/mcs70_m2Dr6_s100.A54 fileNameGt=../graphsdb/mcs70/m2D/m2Dr6/mcs70_m2Dr6_s100.B54
Reading graphs...
100 :  240
100 :  239
Initializing...
maxdom : 8
D->valSize : 374
Solving...
Blb : 2 (clique : 52)
currentSize : 52 <-- 0.007114 s
currentSize : 53 <-- 0.007705 s
currentSize : 54 <-- 0.167268 s
currentSize : 55 <-- 0.167380 s
currentSize : 56 <-- 21.303038 s
currentSize : 57 <-- 21.332588 s
currentSize : 59 <-- 295.817688 s
currentSize : 61 <-- 295.845032 s
currentSize : 62 <-- 298.126373 s
currentSize : 63 <-- 298.143188 s
currentSize : 64 <-- 298.143311 s

maxsize : 64
nodes : 113330473.000000
filtered : 292237382.000000
time : 505.924835
