Parameters: GAD=1 vflib=1 dir=0 label=1 lowerbound=1 fileNameGp=../graphsdb/mcs70/bvg/b09/mcs70_b09_s50.A09 fileNameGt=../graphsdb/mcs70/bvg/b09/mcs70_b09_s50.B09
Reading graphs...
50 :  222
50 :  222
Initializing...
maxdom : 9
D->valSize : 321
Solving...
Blb : 2 (clique : 11)
currentSize : 11 <-- 0.003452 s
currentSize : 12 <-- 0.005088 s
currentSize : 13 <-- 0.006702 s
currentSize : 15 <-- 0.036106 s
currentSize : 16 <-- 0.036405 s
currentSize : 22 <-- 0.088729 s
currentSize : 34 <-- 0.134770 s

maxsize : 34
nodes : 32316.000000
filtered : 378117.000000
time : 0.155377
