Parameters: GAD=1 vflib=1 dir=0 label=1 lowerbound=1 fileNameGp=../graphsdb/mcs70/m2D/m2Dr6/mcs70_m2Dr6_s70.A27 fileNameGt=../graphsdb/mcs70/m2D/m2Dr6/mcs70_m2Dr6_s70.B27
Reading graphs...
70 :  164
70 :  163
Initializing...
maxdom : 8
D->valSize : 320
Solving...
Blb : 2 (clique : 33)
currentSize : 33 <-- 0.003098 s
currentSize : 34 <-- 0.003385 s
currentSize : 36 <-- 0.003735 s
currentSize : 39 <-- 0.663282 s
currentSize : 40 <-- 0.889628 s
currentSize : 41 <-- 0.897941 s
currentSize : 42 <-- 1.662326 s
currentSize : 43 <-- 1.662569 s
currentSize : 44 <-- 1.662796 s
currentSize : 45 <-- 1.663741 s
currentSize : 47 <-- 1.664037 s
currentSize : 48 <-- 1.665167 s
currentSize : 49 <-- 1.674759 s

maxsize : 49
nodes : 423296.000000
filtered : 2227487.000000
time : 2.012789
