Parameters: GAD=1 vflib=1 dir=0 label=1 lowerbound=1 fileNameGp=../graphsdb/mcs70/rand/r01/mcs70_r01_s40.A14 fileNameGt=../graphsdb/mcs70/rand/r01/mcs70_r01_s40.B14
Reading graphs...
40 :  147
40 :  148
Initializing...
maxdom : 6
D->valSize : 208
Solving...
Blb : 2 (clique : 11)
currentSize : 11 <-- 0.001831 s
currentSize : 12 <-- 0.001940 s
currentSize : 13 <-- 0.006349 s
currentSize : 14 <-- 0.011383 s
currentSize : 15 <-- 0.011668 s
currentSize : 18 <-- 0.012725 s
currentSize : 22 <-- 0.014812 s
currentSize : 27 <-- 0.014927 s

maxsize : 27
nodes : 3741.000000
filtered : 28547.000000
time : 0.021606
