Parameters: GAD=1 vflib=1 dir=0 label=1 lowerbound=1 fileNameGp=../graphsdb/mcs70/bvg/b06/mcs70_b06_s25.A76 fileNameGt=../graphsdb/mcs70/bvg/b06/mcs70_b06_s25.B76
Reading graphs...
25 :  75
25 :  74
Initializing...
maxdom : 9
D->valSize : 175
Solving...
Blb : 5 (clique : 11)
currentSize : 11 <-- 0.000860 s
currentSize : 12 <-- 0.002128 s
currentSize : 13 <-- 0.003842 s
currentSize : 14 <-- 0.006251 s
currentSize : 16 <-- 0.006277 s
currentSize : 17 <-- 0.006313 s

maxsize : 17
nodes : 1860.000000
filtered : 25460.000000
time : 0.007205
