Parameters: GAD=1 vflib=1 dir=0 label=1 lowerbound=1 fileNameGp=../graphsdb/mcs70/m2D/m2D/mcs70_m2D_s25.A73 fileNameGt=../graphsdb/mcs70/m2D/m2D/mcs70_m2D_s25.B73
Reading graphs...
25 :  40
25 :  40
Initializing...
maxdom : 9
D->valSize : 173
Solving...
Blb : 5 (clique : 11)
currentSize : 11 <-- 0.000925 s
currentSize : 12 <-- 0.000975 s
currentSize : 13 <-- 0.003674 s
currentSize : 14 <-- 0.005074 s
currentSize : 15 <-- 0.009244 s
currentSize : 16 <-- 0.009917 s

maxsize : 16
nodes : 3461.000000
filtered : 36883.000000
time : 0.011400
