Parameters: GAD=1 vflib=1 dir=0 label=1 lowerbound=1 fileNameGp=../graphsdb/mcs70/m2D/m2Dr4/mcs70_m2Dr4_s80.A61 fileNameGt=../graphsdb/mcs70/m2D/m2Dr4/mcs70_m2Dr4_s80.B61
Reading graphs...
80 :  172
80 :  172
Initializing...
maxdom : 8
D->valSize : 400
Solving...
Blb : 3 (clique : 31)
currentSize : 31 <-- 0.006967 s
currentSize : 32 <-- 30.898308 s
currentSize : 33 <-- 114.460800 s
currentSize : 34 <-- 150.437973 s
currentSize : 35 <-- 150.438034 s
currentSize : 36 <-- 150.627731 s
currentSize : 37 <-- 150.629349 s
currentSize : 38 <-- 182.699753 s
currentSize : 41 <-- 196.457611 s
currentSize : 43 <-- 196.755829 s
currentSize : 44 <-- 230.551865 s
currentSize : 47 <-- 230.707596 s
currentSize : 51 <-- 235.016449 s

maxsize : 51
nodes : 47861365.000000
filtered : 321183769.000000
time : 242.653030
