Parameters: GAD=1 vflib=1 dir=0 label=1 lowerbound=1 fileNameGp=../graphsdb/mcs70/m2D/m2Dr4/mcs70_m2Dr4_s100.A27 fileNameGt=../graphsdb/mcs70/m2D/m2Dr4/mcs70_m2Dr4_s100.B27
Reading graphs...
100 :  219
100 :  218
Initializing...
maxdom : 7
D->valSize : 365
Solving...
Blb : 2 (clique : 52)
currentSize : 52 <-- 0.006562 s
currentSize : 53 <-- 0.007474 s
currentSize : 54 <-- 0.245776 s
currentSize : 55 <-- 0.245869 s
currentSize : 57 <-- 0.638163 s
currentSize : 58 <-- 0.638246 s
currentSize : 60 <-- 0.839963 s
currentSize : 64 <-- 529.241394 s

maxsize : 64
nodes : 282911730.000000
filtered : 916989420.000000
time : 1345.273193
