Parameters: GAD=1 vflib=1 dir=0 label=1 lowerbound=1 fileNameGp=../graphsdb/mcs70/m2D/m2Dr6/mcs70_m2Dr6_s100.A67 fileNameGt=../graphsdb/mcs70/m2D/m2Dr6/mcs70_m2Dr6_s100.B67
Reading graphs...
100 :  239
100 :  239
Initializing...
maxdom : 10
D->valSize : 405
Solving...
Blb : 2 (clique : 49)
currentSize : 49 <-- 0.004634 s
currentSize : 50 <-- 0.005334 s
currentSize : 54 <-- 0.007358 s
currentSize : 55 <-- 0.009360 s
currentSize : 56 <-- 0.025334 s
currentSize : 57 <-- 0.120002 s
currentSize : 58 <-- 0.151361 s
currentSize : 61 <-- 104.749550 s
currentSize : 62 <-- 104.752014 s
currentSize : 63 <-- 104.791924 s

maxsize : 63
nodes : 57249208.000000
filtered : 245373316.000000
time : 301.214386
