Parameters: GAD=1 vflib=1 dir=0 label=1 lowerbound=1 fileNameGp=../graphsdb/mcs70/bvg/b09/mcs70_b09_s100.A09 fileNameGt=../graphsdb/mcs70/bvg/b09/mcs70_b09_s100.B09
Reading graphs...
100 :  448
100 :  447
Initializing...
maxdom : 8
D->valSize : 380
Solving...
Blb : 2 (clique : 31)
currentSize : 31 <-- 0.006028 s
currentSize : 33 <-- 0.006527 s
currentSize : 38 <-- 0.014235 s
currentSize : 39 <-- 0.031148 s
currentSize : 46 <-- 0.033374 s
currentSize : 53 <-- 0.048648 s
currentSize : 60 <-- 0.250539 s
currentSize : 63 <-- 0.250809 s
currentSize : 67 <-- 0.482861 s
currentSize : 70 <-- 0.483163 s

maxsize : 70
nodes : 82661.000000
filtered : 666103.000000
time : 0.533199
