Parameters: GAD=1 vflib=1 dir=0 label=1 lowerbound=1 fileNameGp=../graphsdb/mcs70/m2D/m2Dr6/mcs70_m2Dr6_s100.A78 fileNameGt=../graphsdb/mcs70/m2D/m2Dr6/mcs70_m2Dr6_s100.B78
Reading graphs...
100 :  239
100 :  237
Initializing...
maxdom : 8
D->valSize : 402
Solving...
Blb : 3 (clique : 46)
currentSize : 46 <-- 0.007181 s
currentSize : 47 <-- 0.031100 s
currentSize : 48 <-- 0.536065 s
currentSize : 49 <-- 0.578870 s
currentSize : 50 <-- 1.802644 s
currentSize : 51 <-- 20.270397 s
currentSize : 53 <-- 21.369013 s
currentSize : 54 <-- 37.009296 s
currentSize : 55 <-- 62.111694 s
currentSize : 58 <-- 62.138252 s
currentSize : 61 <-- 62.422119 s
currentSize : 63 <-- 103.732773 s
currentSize : 65 <-- 221.446136 s

maxsize : 65
nodes : 96091919.000000
filtered : 410778019.000000
time : 521.208008
