Parameters: GAD=1 vflib=1 dir=0 label=1 lowerbound=1 fileNameGp=../graphsdb/mcs70/m3D/m3D/mcs70_m3D_s35.A70 fileNameGt=../graphsdb/mcs70/m3D/m3D/mcs70_m3D_s35.B70
Reading graphs...
35 :  72
35 :  72
Initializing...
maxdom : 7
D->valSize : 192
Solving...
Blb : 2 (clique : 16)
currentSize : 16 <-- 0.001053 s
currentSize : 17 <-- 0.001150 s
currentSize : 20 <-- 0.002097 s
currentSize : 22 <-- 0.016041 s
currentSize : 23 <-- 0.016065 s
currentSize : 26 <-- 0.018309 s
currentSize : 27 <-- 0.018348 s

maxsize : 27
nodes : 9140.000000
filtered : 45295.000000
time : 0.026111
