Parameters: GAD=1 vflib=1 dir=0 label=1 lowerbound=1 fileNameGp=../graphsdb/mcs70/bvg/b03/mcs70_b03_s50.A20 fileNameGt=../graphsdb/mcs70/bvg/b03/mcs70_b03_s50.B20
Reading graphs...
50 :  75
50 :  75
Initializing...
maxdom : 11
D->valSize : 337
Solving...
Blb : 2 (clique : 21)
currentSize : 21 <-- 0.002540 s
currentSize : 22 <-- 0.002666 s
currentSize : 23 <-- 0.017278 s
currentSize : 24 <-- 6.759075 s
currentSize : 25 <-- 16.808872 s
currentSize : 26 <-- 18.189516 s
currentSize : 27 <-- 70.982864 s
currentSize : 28 <-- 82.834480 s
currentSize : 29 <-- 88.527145 s
currentSize : 30 <-- 88.527481 s
currentSize : 31 <-- 129.274185 s
currentSize : 34 <-- 132.076553 s

maxsize : 34
nodes : 36930968.000000
filtered : 331951696.000000
time : 134.072662
