Parameters: GAD=1 vflib=1 dir=0 label=1 lowerbound=1 fileNameGp=../graphsdb/mcs70/bvg/b03/mcs70_b03_s100.A66 fileNameGt=../graphsdb/mcs70/bvg/b03/mcs70_b03_s100.B66
Reading graphs...
100 :  150
100 :  150
Initializing...
maxdom : 6
D->valSize : 379
Solving...
Blb : 2 (clique : 49)
currentSize : 49 <-- 0.006908 s
currentSize : 51 <-- 0.007539 s
currentSize : 52 <-- 0.008097 s
currentSize : 53 <-- 0.140638 s
currentSize : 54 <-- 0.274840 s
currentSize : 55 <-- 0.378276 s
currentSize : 56 <-- 2.044449 s
currentSize : 57 <-- 2.123811 s
currentSize : 58 <-- 2.863391 s
currentSize : 59 <-- 2.964712 s
currentSize : 60 <-- 2.964841 s
currentSize : 61 <-- 6.470343 s
currentSize : 62 <-- 6.470745 s
currentSize : 63 <-- 216.848160 s
currentSize : 64 <-- 221.860657 s
currentSize : 65 <-- 233.624390 s
currentSize : 66 <-- 233.660934 s
currentSize : 67 <-- 233.661346 s
currentSize : 68 <-- 369.205627 s
currentSize : 71 <-- 369.321991 s

maxsize : 71
nodes : 76291857.000000
filtered : 274677058.000000
time : 412.042297
