Parameters: GAD=1 vflib=1 dir=0 label=1 lowerbound=1 fileNameGp=../graphsdb/mcs70/m2D/m2Dr4/mcs70_m2Dr4_s70.A32 fileNameGt=../graphsdb/mcs70/m2D/m2Dr4/mcs70_m2Dr4_s70.B32
Reading graphs...
70 :  149
70 :  149
Initializing...
maxdom : 7
D->valSize : 342
Solving...
Blb : 5 (clique : 24)
currentSize : 24 <-- 0.002903 s
currentSize : 26 <-- 0.003067 s
currentSize : 27 <-- 0.003145 s
currentSize : 28 <-- 0.003577 s
currentSize : 29 <-- 0.005837 s
currentSize : 30 <-- 0.006458 s
currentSize : 31 <-- 0.232388 s
currentSize : 32 <-- 0.232523 s
currentSize : 34 <-- 0.235675 s
currentSize : 35 <-- 0.240720 s
currentSize : 36 <-- 0.240764 s
currentSize : 39 <-- 0.286290 s
currentSize : 40 <-- 0.504384 s
currentSize : 42 <-- 0.951442 s
currentSize : 43 <-- 5.426423 s
currentSize : 44 <-- 6.470801 s
currentSize : 45 <-- 6.471190 s
currentSize : 46 <-- 12.967681 s
currentSize : 48 <-- 12.996821 s
currentSize : 49 <-- 12.997449 s

maxsize : 49
nodes : 4077622.000000
filtered : 17338003.000000
time : 16.973181
