Parameters: GAD=1 vflib=1 dir=0 label=1 lowerbound=1 fileNameGp=../graphsdb/mcs70/m2D/m2D/mcs70_m2D_s80.A59 fileNameGt=../graphsdb/mcs70/m2D/m2D/mcs70_m2D_s80.B59
Reading graphs...
80 :  142
80 :  142
Initializing...
maxdom : 9
D->valSize : 443
Solving...
Blb : 2 (clique : 33)
currentSize : 33 <-- 0.004624 s
currentSize : 35 <-- 0.005708 s
currentSize : 36 <-- 0.005777 s
currentSize : 37 <-- 0.272190 s
currentSize : 38 <-- 1.610461 s
currentSize : 39 <-- 3.897507 s
currentSize : 40 <-- 4.124192 s
currentSize : 41 <-- 147.322449 s
currentSize : 42 <-- 1220.521240 s
currentSize : 43 <-- 1976.576782 s
currentSize : 44 <-- 2973.713623 s

TIMEOUT
maxsize : 44
nodes : 640956750.000000
filtered : 5421076663.000000
time : 3600.000000
