Parameters: GAD=1 vflib=1 dir=0 label=1 lowerbound=1 fileNameGp=../graphsdb/mcs70/bvg/b03m/mcs70_b03m_s60.A62 fileNameGt=../graphsdb/mcs70/bvg/b03m/mcs70_b03m_s60.B62
Reading graphs...
60 :  89
60 :  89
Initializing...
maxdom : 10
D->valSize : 288
Solving...
Blb : 2 (clique : 32)
currentSize : 32 <-- 0.002313 s
currentSize : 33 <-- 0.002488 s
currentSize : 34 <-- 0.002571 s
currentSize : 37 <-- 0.003060 s
currentSize : 38 <-- 0.003111 s
currentSize : 39 <-- 0.017662 s
currentSize : 40 <-- 0.017721 s
currentSize : 41 <-- 0.052233 s
currentSize : 42 <-- 0.052291 s
currentSize : 43 <-- 0.054931 s

maxsize : 43
nodes : 162985.000000
filtered : 662905.000000
time : 0.640456
