Parameters: GAD=1 vflib=1 dir=0 label=1 lowerbound=1 fileNameGp=../graphsdb/mcs70/bvg/b03/mcs70_b03_s70.A10 fileNameGt=../graphsdb/mcs70/bvg/b03/mcs70_b03_s70.B10
Reading graphs...
70 :  105
70 :  105
Initializing...
maxdom : 8
D->valSize : 366
Solving...
Blb : 2 (clique : 36)
currentSize : 36 <-- 0.003447 s
currentSize : 37 <-- 5.241976 s
currentSize : 38 <-- 5.242749 s
currentSize : 39 <-- 9.463731 s
currentSize : 40 <-- 18.256790 s
currentSize : 41 <-- 37.415272 s
currentSize : 42 <-- 37.415344 s
currentSize : 43 <-- 42.493786 s
currentSize : 45 <-- 42.562202 s
currentSize : 46 <-- 53.029404 s
currentSize : 48 <-- 53.029499 s
currentSize : 49 <-- 53.029583 s

maxsize : 49
nodes : 10866341.000000
filtered : 75746367.000000
time : 55.562923
