Parameters: GAD=1 vflib=1 dir=0 label=1 lowerbound=1 fileNameGp=../graphsdb/mcs70/m3D/m3Dr6/mcs70_m3Dr6_s40.A03 fileNameGt=../graphsdb/mcs70/m3D/m3Dr6/mcs70_m3Dr6_s40.B03
Reading graphs...
40 :  106
40 :  101
Initializing...
maxdom : 8
D->valSize : 214
Solving...
Blb : 2 (clique : 13)
currentSize : 13 <-- 0.001270 s
currentSize : 14 <-- 0.001372 s
currentSize : 15 <-- 0.001531 s
currentSize : 16 <-- 0.009239 s
currentSize : 17 <-- 0.009417 s
currentSize : 18 <-- 0.025740 s
currentSize : 19 <-- 0.093966 s
currentSize : 21 <-- 0.123051 s
currentSize : 22 <-- 0.130083 s
currentSize : 23 <-- 0.133909 s
currentSize : 24 <-- 0.139082 s
currentSize : 25 <-- 0.140866 s
currentSize : 26 <-- 0.141759 s
currentSize : 27 <-- 0.148140 s

maxsize : 27
nodes : 47734.000000
filtered : 334595.000000
time : 0.158382
