Parameters: GAD=1 vflib=1 dir=0 label=1 lowerbound=1 fileNameGp=../graphsdb/mcs70/m3D/m3Dr2/mcs70_m3Dr2_s40.A21 fileNameGt=../graphsdb/mcs70/m3D/m3Dr2/mcs70_m3Dr2_s40.B21
Reading graphs...
40 :  91
40 :  91
Initializing...
maxdom : 7
D->valSize : 232
Solving...
Blb : 2 (clique : 15)
currentSize : 15 <-- 0.001428 s
currentSize : 16 <-- 0.003061 s
currentSize : 17 <-- 0.003102 s
currentSize : 18 <-- 0.003626 s
currentSize : 19 <-- 0.018758 s
currentSize : 20 <-- 0.018794 s
currentSize : 23 <-- 0.019399 s
currentSize : 24 <-- 0.033298 s
currentSize : 25 <-- 0.040830 s
currentSize : 26 <-- 0.041116 s
currentSize : 27 <-- 0.056518 s

maxsize : 27
nodes : 18527.000000
filtered : 168865.000000
time : 0.069976
