Parameters: GAD=1 vflib=1 dir=0 label=1 lowerbound=1 fileNameGp=../graphsdb/mcs70/m2D/m2D/mcs70_m2D_s80.A77 fileNameGt=../graphsdb/mcs70/m2D/m2D/mcs70_m2D_s80.B77
Reading graphs...
80 :  142
80 :  141
Initializing...
maxdom : 8
D->valSize : 444
Solving...
Blb : 3 (clique : 31)
currentSize : 31 <-- 0.007545 s
currentSize : 32 <-- 0.009354 s
currentSize : 33 <-- 0.009475 s
currentSize : 34 <-- 0.032444 s
currentSize : 35 <-- 11.112142 s
currentSize : 36 <-- 11.112397 s
currentSize : 37 <-- 11.113800 s
currentSize : 38 <-- 178.350021 s
currentSize : 39 <-- 1870.218018 s

TIMEOUT
maxsize : 39
nodes : 707780102.000000
filtered : 5225686242.000000
time : 3600.000000
