Parameters: GAD=1 vflib=1 dir=0 label=1 lowerbound=1 fileNameGp=../graphsdb/mcs70/rand/r02/mcs70_r02_s70.A32 fileNameGt=../graphsdb/mcs70/rand/r02/mcs70_r02_s70.B32
Reading graphs...
70 :  857
70 :  867
Initializing...
maxdom : 10
D->valSize : 361
Solving...
Blb : 3 (clique : 14)
currentSize : 14 <-- 0.003182 s
currentSize : 16 <-- 0.004007 s
currentSize : 17 <-- 0.005126 s
currentSize : 22 <-- 0.006645 s
currentSize : 23 <-- 0.006688 s
currentSize : 35 <-- 0.026394 s
currentSize : 36 <-- 0.026455 s
currentSize : 37 <-- 0.100062 s

maxsize : 37
nodes : 2070738.000000
filtered : 1024674.000000
time : 6.218202
