Parameters: GAD=1 vflib=1 dir=0 label=1 lowerbound=1 fileNameGp=../graphsdb/mcs70/rand/r005/mcs70_r005_s40.A28 fileNameGt=../graphsdb/mcs70/rand/r005/mcs70_r005_s40.B28
Reading graphs...
40 :  76
40 :  75
Initializing...
maxdom : 9
D->valSize : 234
Solving...
Blb : 2 (clique : 18)
currentSize : 18 <-- 0.001385 s
currentSize : 19 <-- 0.001597 s
currentSize : 20 <-- 0.002177 s
currentSize : 21 <-- 0.002719 s
currentSize : 24 <-- 0.009997 s
currentSize : 27 <-- 0.010034 s

maxsize : 27
nodes : 7866.000000
filtered : 52813.000000
time : 0.027377
