Parameters: GAD=1 vflib=1 dir=0 label=1 lowerbound=1 fileNameGp=../graphsdb/mcs70/bvg/b03/mcs70_b03_s40.A27 fileNameGt=../graphsdb/mcs70/bvg/b03/mcs70_b03_s40.B27
Reading graphs...
40 :  60
40 :  60
Initializing...
maxdom : 8
D->valSize : 225
Solving...
Blb : 3 (clique : 22)
currentSize : 22 <-- 0.001429 s
currentSize : 24 <-- 0.019092 s
currentSize : 25 <-- 0.023859 s
currentSize : 26 <-- 0.098921 s
currentSize : 27 <-- 0.124196 s
currentSize : 28 <-- 0.129378 s

maxsize : 28
nodes : 67924.000000
filtered : 457336.000000
time : 0.219005
