Parameters: GAD=1 vflib=1 dir=0 label=1 lowerbound=1 fileNameGp=../graphsdb/mcs70/m2D/m2D/mcs70_m2D_s60.A44 fileNameGt=../graphsdb/mcs70/m2D/m2D/mcs70_m2D_s60.B44
Reading graphs...
60 :  103
60 :  104
Initializing...
maxdom : 9
D->valSize : 263
Solving...
Blb : 2 (clique : 31)
currentSize : 31 <-- 0.002091 s
currentSize : 32 <-- 0.002297 s
currentSize : 33 <-- 0.007335 s
currentSize : 34 <-- 0.007457 s
currentSize : 35 <-- 0.011461 s
currentSize : 36 <-- 0.199537 s

maxsize : 36
nodes : 1013984.000000
filtered : 5654869.000000
time : 4.486366
