Parameters: GAD=1 vflib=1 dir=0 label=1 lowerbound=1 fileNameGp=../graphsdb/mcs70/m2D/m2D/mcs70_m2D_s90.A95 fileNameGt=../graphsdb/mcs70/m2D/m2D/mcs70_m2D_s90.B95
Reading graphs...
90 :  161
90 :  160
Initializing...
maxdom : 9
D->valSize : 573
Solving...
Blb : 2 (clique : 45)
currentSize : 45 <-- 0.011834 s
currentSize : 46 <-- 0.012401 s
currentSize : 47 <-- 0.012503 s
currentSize : 48 <-- 0.012639 s
currentSize : 49 <-- 0.046636 s
currentSize : 53 <-- 1.762250 s
currentSize : 55 <-- 647.523926 s
currentSize : 58 <-- 2438.002686 s
currentSize : 59 <-- 3105.155518 s
currentSize : 60 <-- 3105.155518 s

TIMEOUT
maxsize : 60
nodes : 601949438.000000
filtered : 4228147433.000000
time : 3600.000000
