Parameters: GAD=1 vflib=1 dir=0 label=1 lowerbound=1 fileNameGp=../graphsdb/mcs70/rand/r02/mcs70_r02_s70.A55 fileNameGt=../graphsdb/mcs70/rand/r02/mcs70_r02_s70.B55
Reading graphs...
70 :  875
70 :  872
Initializing...
maxdom : 8
D->valSize : 344
Solving...
Blb : 2 (clique : 30)
currentSize : 30 <-- 0.004686 s
currentSize : 31 <-- 0.005008 s
currentSize : 32 <-- 0.043138 s
currentSize : 33 <-- 0.043430 s
currentSize : 34 <-- 0.092228 s
currentSize : 35 <-- 0.298030 s

maxsize : 35
nodes : 152850.000000
filtered : 349508.000000
time : 0.565312
