Parameters: GAD=1 vflib=1 dir=0 label=1 lowerbound=1 fileNameGp=../graphsdb/mcs70/m2D/m2D/mcs70_m2D_s40.A63 fileNameGt=../graphsdb/mcs70/m2D/m2D/mcs70_m2D_s40.B63
Reading graphs...
40 :  67
40 :  67
Initializing...
maxdom : 9
D->valSize : 225
Solving...
Blb : 2 (clique : 19)
currentSize : 19 <-- 0.001659 s
currentSize : 20 <-- 0.001761 s
currentSize : 21 <-- 0.001811 s
currentSize : 22 <-- 0.017009 s
currentSize : 23 <-- 0.065126 s
currentSize : 24 <-- 0.111769 s
currentSize : 25 <-- 0.111818 s

maxsize : 25
nodes : 60327.000000
filtered : 482530.000000
time : 0.206392
