Parameters: GAD=1 vflib=1 dir=0 label=1 lowerbound=1 fileNameGp=../graphsdb/mcs70/rand/r02/mcs70_r02_s80.A19 fileNameGt=../graphsdb/mcs70/rand/r02/mcs70_r02_s80.B19
Reading graphs...
80 :  1133
80 :  1144
Initializing...
maxdom : 10
D->valSize : 477
Solving...
Blb : 5 (clique : 8)
currentSize : 8 <-- 0.006871 s
currentSize : 9 <-- 0.007979 s
currentSize : 10 <-- 0.008113 s
currentSize : 12 <-- 0.014273 s
currentSize : 16 <-- 0.014459 s
currentSize : 23 <-- 0.016455 s
currentSize : 38 <-- 0.029775 s
currentSize : 39 <-- 0.038469 s

maxsize : 39
nodes : 2214895.000000
filtered : 1528228.000000
time : 7.752533
