Parameters: GAD=1 vflib=1 dir=0 label=1 lowerbound=1 fileNameGp=../graphsdb/mcs70/bvg/b09m/mcs70_b09m_s100.A20 fileNameGt=../graphsdb/mcs70/bvg/b09m/mcs70_b09m_s100.B20
Reading graphs...
100 :  440
100 :  441
Initializing...
maxdom : 8
D->valSize : 372
Solving...
Blb : 3 (clique : 53)
currentSize : 53 <-- 0.003892 s
currentSize : 54 <-- 0.347137 s
currentSize : 55 <-- 1.710656 s
currentSize : 56 <-- 4.554360 s
currentSize : 57 <-- 6.157477 s
currentSize : 58 <-- 12.218528 s
currentSize : 59 <-- 12.549099 s
currentSize : 60 <-- 13.051246 s
currentSize : 61 <-- 13.051454 s
currentSize : 64 <-- 13.054027 s
currentSize : 65 <-- 13.054251 s
currentSize : 66 <-- 13.417854 s
currentSize : 67 <-- 14.958835 s

maxsize : 67
nodes : 4020703.000000
filtered : 19742893.000000
time : 21.920408
