Parameters: GAD=1 vflib=1 dir=0 label=1 lowerbound=1 fileNameGp=../graphsdb/mcs70/m2D/m2Dr6/mcs70_m2Dr6_s50.A97 fileNameGt=../graphsdb/mcs70/m2D/m2Dr6/mcs70_m2Dr6_s50.B97
Reading graphs...
50 :  113
50 :  112
Initializing...
maxdom : 11
D->valSize : 371
Solving...
Blb : 3 (clique : 28)
currentSize : 28 <-- 0.002962 s
currentSize : 30 <-- 0.140352 s
currentSize : 31 <-- 0.439930 s
currentSize : 34 <-- 0.519907 s
currentSize : 36 <-- 0.519974 s

maxsize : 36
nodes : 150324.000000
filtered : 1497159.000000
time : 0.630595
