Parameters: GAD=1 vflib=1 dir=0 label=1 lowerbound=1 fileNameGp=../graphsdb/mcs70/rand/r001/mcs70_r001_s100.A17 fileNameGt=../graphsdb/mcs70/rand/r001/mcs70_r001_s100.B17
Reading graphs...
100 :  120
100 :  120
Initializing...
maxdom : 6
D->valSize : 377
Solving...
Blb : 2 (clique : 57)
currentSize : 57 <-- 0.007053 s
currentSize : 58 <-- 0.013582 s
currentSize : 59 <-- 0.023280 s
currentSize : 60 <-- 0.852710 s
currentSize : 61 <-- 2.907539 s
currentSize : 62 <-- 328.170563 s
currentSize : 63 <-- 328.172821 s
currentSize : 64 <-- 333.372070 s
currentSize : 65 <-- 706.745300 s
currentSize : 66 <-- 706.747986 s
currentSize : 67 <-- 709.052246 s
currentSize : 68 <-- 835.730652 s
currentSize : 69 <-- 835.731445 s
currentSize : 70 <-- 906.535156 s

maxsize : 70
nodes : 185936079.000000
filtered : 767250945.000000
time : 1001.069336
