Parameters: GAD=1 vflib=1 dir=0 label=1 lowerbound=1 fileNameGp=../graphsdb/mcs70/m3D/m3D/mcs70_m3D_s100.A77 fileNameGt=../graphsdb/mcs70/m3D/m3D/mcs70_m3D_s100.B77
Reading graphs...
100 :  235
100 :  235
Initializing...
maxdom : 10
D->valSize : 392
Solving...
Blb : 2 (clique : 45)
currentSize : 45 <-- 0.004224 s
currentSize : 49 <-- 0.027361 s
currentSize : 50 <-- 0.192335 s
currentSize : 51 <-- 0.192386 s
currentSize : 54 <-- 0.352118 s
currentSize : 55 <-- 0.352181 s
currentSize : 58 <-- 9.031705 s
currentSize : 60 <-- 9.031899 s
currentSize : 62 <-- 9.091254 s
currentSize : 64 <-- 9.091440 s

maxsize : 64
nodes : 23013093.000000
filtered : 80751179.000000
time : 114.972481
