Parameters: GAD=1 vflib=1 dir=0 label=1 lowerbound=1 fileNameGp=../graphsdb/mcs70/m2D/m2Dr4/mcs70_m2Dr4_s40.A93 fileNameGt=../graphsdb/mcs70/m2D/m2Dr4/mcs70_m2Dr4_s40.B93
Reading graphs...
40 :  82
40 :  80
Initializing...
maxdom : 10
D->valSize : 222
Solving...
Blb : 2 (clique : 14)
currentSize : 14 <-- 0.002064 s
currentSize : 15 <-- 0.002171 s
currentSize : 16 <-- 0.005267 s
currentSize : 17 <-- 0.015597 s
currentSize : 18 <-- 0.018219 s
currentSize : 19 <-- 0.020645 s
currentSize : 20 <-- 0.138444 s
currentSize : 21 <-- 0.138500 s
currentSize : 22 <-- 0.138557 s
currentSize : 24 <-- 0.159880 s

maxsize : 24
nodes : 45909.000000
filtered : 360747.000000
time : 0.197464
