Parameters: GAD=1 vflib=1 dir=0 label=1 lowerbound=1 fileNameGp=../graphsdb/mcs70/bvg/b03/mcs70_b03_s80.A36 fileNameGt=../graphsdb/mcs70/bvg/b03/mcs70_b03_s80.B36
Reading graphs...
80 :  120
80 :  120
Initializing...
maxdom : 8
D->valSize : 464
Solving...
Blb : 2 (clique : 48)
currentSize : 48 <-- 0.008276 s
currentSize : 49 <-- 0.008815 s
currentSize : 51 <-- 0.011312 s
currentSize : 52 <-- 0.011531 s
currentSize : 53 <-- 0.012447 s
currentSize : 54 <-- 0.012683 s
currentSize : 55 <-- 0.050255 s
currentSize : 56 <-- 0.050901 s

maxsize : 56
nodes : 53923674.000000
filtered : 362557378.000000
time : 288.617981
