Parameters: GAD=1 vflib=1 dir=0 label=1 lowerbound=1 fileNameGp=../graphsdb/mcs70/m3D/m3Dr6/mcs70_m3Dr6_s90.A03 fileNameGt=../graphsdb/mcs70/m3D/m3Dr6/mcs70_m3Dr6_s90.B03
Reading graphs...
90 :  257
90 :  256
Initializing...
maxdom : 10
D->valSize : 541
Solving...
Blb : 3 (clique : 51)
currentSize : 51 <-- 0.006696 s
currentSize : 52 <-- 0.393212 s
currentSize : 53 <-- 0.393779 s
currentSize : 54 <-- 0.393883 s
currentSize : 55 <-- 0.420675 s
currentSize : 56 <-- 1.040625 s
currentSize : 57 <-- 1.040853 s
currentSize : 58 <-- 77.733963 s
currentSize : 59 <-- 77.734688 s
currentSize : 60 <-- 79.326729 s
currentSize : 62 <-- 79.326935 s

maxsize : 62
nodes : 41117104.000000
filtered : 270472761.000000
time : 219.444244
