Parameters: GAD=1 vflib=1 dir=0 label=1 lowerbound=1 fileNameGp=../graphsdb/mcs70/m3D/m3Dr4/mcs70_m3Dr4_s35.A29 fileNameGt=../graphsdb/mcs70/m3D/m3Dr4/mcs70_m3Dr4_s35.B29
Reading graphs...
35 :  86
35 :  86
Initializing...
maxdom : 9
D->valSize : 214
Solving...
Blb : 2 (clique : 12)
currentSize : 12 <-- 0.001143 s
currentSize : 13 <-- 0.002310 s
currentSize : 14 <-- 0.013196 s
currentSize : 15 <-- 0.013261 s
currentSize : 16 <-- 0.015408 s
currentSize : 21 <-- 0.019092 s
currentSize : 27 <-- 0.020632 s

maxsize : 27
nodes : 6516.000000
filtered : 60030.000000
time : 0.021494
