Parameters: GAD=1 vflib=1 dir=0 label=1 lowerbound=1 fileNameGp=../graphsdb/mcs70/m3D/m3Dr4/mcs70_m3Dr4_s90.A09 fileNameGt=../graphsdb/mcs70/m3D/m3Dr4/mcs70_m3Dr4_s90.B09
Reading graphs...
90 :  242
90 :  243
Initializing...
maxdom : 11
D->valSize : 569
Solving...
Blb : 2 (clique : 52)
currentSize : 52 <-- 0.006856 s
currentSize : 55 <-- 0.007282 s
currentSize : 57 <-- 0.007813 s
currentSize : 58 <-- 0.054907 s
currentSize : 60 <-- 28.476444 s
currentSize : 62 <-- 28.479143 s
currentSize : 63 <-- 28.674648 s

maxsize : 63
nodes : 32133370.000000
filtered : 194786431.000000
time : 169.867874
