Parameters: GAD=1 vflib=1 dir=0 label=1 lowerbound=1 fileNameGp=../graphsdb/mcs70/m2D/m2Dr4/mcs70_m2Dr4_s50.A35 fileNameGt=../graphsdb/mcs70/m2D/m2Dr4/mcs70_m2Dr4_s50.B35
Reading graphs...
50 :  105
50 :  104
Initializing...
maxdom : 10
D->valSize : 344
Solving...
Blb : 3 (clique : 24)
currentSize : 24 <-- 0.002557 s
currentSize : 25 <-- 0.007834 s
currentSize : 27 <-- 0.060470 s
currentSize : 28 <-- 0.083129 s
currentSize : 29 <-- 0.102035 s
currentSize : 31 <-- 0.143299 s
currentSize : 32 <-- 0.323657 s
currentSize : 33 <-- 0.323680 s
currentSize : 34 <-- 0.363965 s
currentSize : 35 <-- 0.512944 s
currentSize : 36 <-- 0.689729 s

maxsize : 36
nodes : 189730.000000
filtered : 1645544.000000
time : 0.721177
