Parameters: GAD=1 vflib=1 dir=0 label=1 lowerbound=1 fileNameGp=../graphsdb/mcs70/bvg/b09/mcs70_b09_s40.A88 fileNameGt=../graphsdb/mcs70/bvg/b09/mcs70_b09_s40.B88
Reading graphs...
40 :  177
40 :  180
Initializing...
maxdom : 8
D->valSize : 214
Solving...
Blb : 2 (clique : 10)
currentSize : 10 <-- 0.001273 s
currentSize : 11 <-- 0.003902 s
currentSize : 13 <-- 0.011103 s
currentSize : 14 <-- 0.013548 s
currentSize : 25 <-- 0.019435 s
currentSize : 28 <-- 0.019496 s

maxsize : 28
nodes : 6432.000000
filtered : 51927.000000
time : 0.021363
