Parameters: GAD=1 vflib=1 dir=0 label=1 lowerbound=1 fileNameGp=../graphsdb/mcs70/bvg/b03/mcs70_b03_s50.A69 fileNameGt=../graphsdb/mcs70/bvg/b03/mcs70_b03_s50.B69
Reading graphs...
50 :  74
50 :  75
Initializing...
maxdom : 10
D->valSize : 327
Solving...
Blb : 2 (clique : 22)
currentSize : 22 <-- 0.002367 s
currentSize : 25 <-- 0.002502 s
currentSize : 28 <-- 0.002604 s
currentSize : 31 <-- 0.005743 s
currentSize : 32 <-- 0.005808 s
currentSize : 33 <-- 0.130791 s
currentSize : 34 <-- 0.417175 s

maxsize : 34
nodes : 189833.000000
filtered : 1608109.000000
time : 0.808124
