Parameters: GAD=1 vflib=1 dir=0 label=1 lowerbound=1 fileNameGp=../graphsdb/mcs70/bvg/b03/mcs70_b03_s80.A86 fileNameGt=../graphsdb/mcs70/bvg/b03/mcs70_b03_s80.B86
Reading graphs...
80 :  119
80 :  119
Initializing...
maxdom : 8
D->valSize : 438
Solving...
Blb : 2 (clique : 44)
currentSize : 44 <-- 0.004549 s
currentSize : 45 <-- 0.004855 s
currentSize : 46 <-- 0.004896 s
currentSize : 47 <-- 0.004986 s
currentSize : 49 <-- 0.075808 s
currentSize : 50 <-- 0.187466 s
currentSize : 53 <-- 0.328998 s
currentSize : 54 <-- 31.399736 s
currentSize : 56 <-- 46.788189 s

maxsize : 56
nodes : 27683194.000000
filtered : 129434660.000000
time : 130.671631
