Parameters: GAD=1 vflib=1 dir=0 label=1 lowerbound=1 fileNameGp=../graphsdb/mcs70/m3D/m3D/mcs70_m3D_s100.A60 fileNameGt=../graphsdb/mcs70/m3D/m3D/mcs70_m3D_s100.B60
Reading graphs...
100 :  234
100 :  235
Initializing...
maxdom : 6
D->valSize : 353
Solving...
Blb : 2 (clique : 43)
currentSize : 43 <-- 0.004038 s
currentSize : 45 <-- 0.004753 s
currentSize : 46 <-- 0.005620 s
currentSize : 47 <-- 0.008084 s
currentSize : 48 <-- 0.062686 s
currentSize : 49 <-- 0.065063 s
currentSize : 50 <-- 0.563157 s
currentSize : 51 <-- 0.569917 s
currentSize : 52 <-- 0.768990 s
currentSize : 53 <-- 2.248092 s
currentSize : 54 <-- 299.614777 s
currentSize : 55 <-- 299.696442 s
currentSize : 56 <-- 299.696564 s
currentSize : 57 <-- 299.727875 s
currentSize : 58 <-- 299.728027 s
currentSize : 59 <-- 299.796265 s
currentSize : 60 <-- 300.283783 s
currentSize : 61 <-- 300.369995 s
currentSize : 62 <-- 1279.692017 s
currentSize : 63 <-- 1279.712891 s
currentSize : 64 <-- 1279.713135 s

maxsize : 64
nodes : 306595725.000000
filtered : 1079138443.000000
time : 1612.540771
