Parameters: GAD=1 vflib=1 dir=0 label=1 lowerbound=1 fileNameGp=../graphsdb/mcs70/m2D/m2Dr2/mcs70_m2Dr2_s70.A85 fileNameGt=../graphsdb/mcs70/m2D/m2Dr2/mcs70_m2Dr2_s70.B85
Reading graphs...
70 :  137
70 :  135
Initializing...
maxdom : 7
D->valSize : 329
Solving...
Blb : 2 (clique : 42)
currentSize : 42 <-- 0.004645 s
currentSize : 43 <-- 0.005020 s
currentSize : 44 <-- 0.005949 s
currentSize : 45 <-- 3.920516 s
currentSize : 46 <-- 3.920646 s
currentSize : 47 <-- 3.920856 s
currentSize : 48 <-- 5.141914 s
currentSize : 49 <-- 5.142352 s

maxsize : 49
nodes : 1409381.000000
filtered : 7666993.000000
time : 6.686834
