Parameters: GAD=1 vflib=1 dir=0 label=1 lowerbound=1 fileNameGp=../graphsdb/mcs70/m3D/m3Dr2/mcs70_m3Dr2_s100.A13 fileNameGt=../graphsdb/mcs70/m3D/m3Dr2/mcs70_m3Dr2_s100.B13
Reading graphs...
100 :  255
100 :  253
Initializing...
maxdom : 6
D->valSize : 381
Solving...
Blb : 2 (clique : 44)
currentSize : 44 <-- 0.006576 s
currentSize : 45 <-- 0.007243 s
currentSize : 46 <-- 0.007323 s
currentSize : 47 <-- 0.055419 s
currentSize : 49 <-- 0.105852 s
currentSize : 52 <-- 0.106019 s
currentSize : 53 <-- 0.108914 s
currentSize : 54 <-- 3.162695 s
currentSize : 55 <-- 3.168171 s
currentSize : 56 <-- 6.531928 s
currentSize : 57 <-- 74.493698 s
currentSize : 58 <-- 74.496384 s
currentSize : 59 <-- 78.081825 s
currentSize : 60 <-- 78.089920 s
currentSize : 61 <-- 83.141022 s
currentSize : 62 <-- 630.756165 s
currentSize : 64 <-- 633.042419 s

maxsize : 64
nodes : 192036112.000000
filtered : 667811008.000000
time : 1001.060852
