Parameters: GAD=1 vflib=1 dir=0 label=1 lowerbound=1 fileNameGp=../graphsdb/mcs70/m2D/m2D/mcs70_m2D_s25.A06 fileNameGt=../graphsdb/mcs70/m2D/m2D/mcs70_m2D_s25.B06
Reading graphs...
25 :  40
25 :  39
Initializing...
maxdom : 8
D->valSize : 162
Solving...
Blb : 2 (clique : 12)
currentSize : 12 <-- 0.000841 s
currentSize : 13 <-- 0.000902 s
currentSize : 14 <-- 0.003619 s
currentSize : 15 <-- 0.012724 s
currentSize : 17 <-- 0.022112 s

maxsize : 17
nodes : 8321.000000
filtered : 77108.000000
time : 0.024438
