Parameters: GAD=1 vflib=1 dir=0 label=1 lowerbound=1 fileNameGp=../graphsdb/mcs70/bvg/b09m/mcs70_b09m_s20.A95 fileNameGt=../graphsdb/mcs70/bvg/b09m/mcs70_b09m_s20.B95
Reading graphs...
20 :  84
20 :  83
Initializing...
maxdom : 7
D->valSize : 114
Solving...
Blb : 2 (clique : 4)
currentSize : 4 <-- 0.000564 s
currentSize : 5 <-- 0.000593 s
currentSize : 6 <-- 0.000665 s
currentSize : 7 <-- 0.000939 s
currentSize : 13 <-- 0.000973 s

maxsize : 13
nodes : 282.000000
filtered : 3069.000000
time : 0.001354
