Parameters: GAD=1 vflib=1 dir=0 label=1 lowerbound=1 fileNameGp=../graphsdb/mcs70/m2D/m2Dr2/mcs70_m2Dr2_s100.A94 fileNameGt=../graphsdb/mcs70/m2D/m2Dr2/mcs70_m2Dr2_s100.B94
Reading graphs...
100 :  200
100 :  200
Initializing...
maxdom : 6
D->valSize : 367
Solving...
Blb : 2 (clique : 59)
currentSize : 59 <-- 0.006567 s
currentSize : 61 <-- 0.007173 s
currentSize : 62 <-- 0.022428 s
currentSize : 63 <-- 0.242256 s
currentSize : 64 <-- 0.293229 s

maxsize : 64
nodes : 100700462.000000
filtered : 463155521.000000
time : 591.394531
