Parameters: GAD=1 vflib=1 dir=0 label=1 lowerbound=1 fileNameGp=../graphsdb/mcs70/m3D/m3Dr4/mcs70_m3Dr4_s90.A48 fileNameGt=../graphsdb/mcs70/m3D/m3Dr4/mcs70_m3Dr4_s90.B48
Reading graphs...
90 :  244
90 :  243
Initializing...
maxdom : 11
D->valSize : 557
Solving...
Blb : 2 (clique : 51)
currentSize : 51 <-- 0.006642 s
currentSize : 55 <-- 0.194976 s
currentSize : 57 <-- 0.271393 s
currentSize : 58 <-- 0.271537 s
currentSize : 60 <-- 0.660983 s
currentSize : 61 <-- 0.731483 s
currentSize : 62 <-- 0.731681 s
currentSize : 64 <-- 0.731836 s

maxsize : 64
nodes : 2550005.000000
filtered : 17983073.000000
time : 14.360027
