Parameters: GAD=1 vflib=1 dir=0 label=1 lowerbound=1 fileNameGp=../graphsdb/mcs70/m2D/m2Dr2/mcs70_m2Dr2_s70.A39 fileNameGt=../graphsdb/mcs70/m2D/m2Dr2/mcs70_m2Dr2_s70.B39
Reading graphs...
70 :  137
70 :  136
Initializing...
maxdom : 9
D->valSize : 360
Solving...
Blb : 3 (clique : 43)
currentSize : 43 <-- 0.003270 s
currentSize : 44 <-- 6.185630 s
currentSize : 45 <-- 7.011531 s
currentSize : 46 <-- 7.012903 s
currentSize : 47 <-- 7.013036 s
currentSize : 49 <-- 12.628288 s

maxsize : 49
nodes : 3297788.000000
filtered : 19479897.000000
time : 15.252147
