Parameters: GAD=1 vflib=1 dir=0 label=1 lowerbound=1 fileNameGp=../graphsdb/mcs70/m2D/m2D/mcs70_m2D_s70.A00 fileNameGt=../graphsdb/mcs70/m2D/m2D/mcs70_m2D_s70.B00
Reading graphs...
70 :  123
70 :  121
Initializing...
maxdom : 6
D->valSize : 319
Solving...
Blb : 2 (clique : 35)
currentSize : 35 <-- 0.002778 s
currentSize : 36 <-- 0.004226 s
currentSize : 37 <-- 0.005907 s
currentSize : 39 <-- 1.273108 s
currentSize : 45 <-- 8.972843 s
currentSize : 48 <-- 141.163284 s
currentSize : 49 <-- 147.955215 s

maxsize : 49
nodes : 45966670.000000
filtered : 180637018.000000
time : 185.515518
