Parameters: GAD=1 vflib=1 dir=0 label=1 lowerbound=1 fileNameGp=../graphsdb/mcs70/rand/r01/mcs70_r01_s50.A05 fileNameGt=../graphsdb/mcs70/rand/r01/mcs70_r01_s50.B05
Reading graphs...
50 :  231
50 :  229
Initializing...
maxdom : 10
D->valSize : 342
Solving...
Blb : 5 (clique : 13)
currentSize : 13 <-- 0.002466 s
currentSize : 14 <-- 0.013668 s
currentSize : 15 <-- 0.017382 s
currentSize : 16 <-- 0.017424 s
currentSize : 18 <-- 0.027787 s
currentSize : 22 <-- 0.047504 s
currentSize : 23 <-- 0.058361 s
currentSize : 24 <-- 0.058404 s
currentSize : 26 <-- 0.106047 s
currentSize : 27 <-- 0.118569 s
currentSize : 34 <-- 0.121589 s

maxsize : 34
nodes : 27365.000000
filtered : 420358.000000
time : 0.130416
