Parameters: GAD=1 vflib=1 dir=0 label=1 lowerbound=1 fileNameGp=../graphsdb/mcs70/m3D/m3Dr4/mcs70_m3Dr4_s100.A46 fileNameGt=../graphsdb/mcs70/m3D/m3Dr4/mcs70_m3Dr4_s100.B46
Reading graphs...
100 :  274
100 :  271
Initializing...
maxdom : 6
D->valSize : 365
Solving...
Blb : 2 (clique : 48)
currentSize : 48 <-- 0.006351 s
currentSize : 49 <-- 2.025578 s
currentSize : 50 <-- 2.025971 s
currentSize : 52 <-- 2.026079 s
currentSize : 53 <-- 2.027498 s
currentSize : 54 <-- 16.817265 s
currentSize : 55 <-- 16.817951 s
currentSize : 56 <-- 16.818781 s
currentSize : 57 <-- 16.830313 s
currentSize : 58 <-- 16.831224 s
currentSize : 60 <-- 37.473679 s
currentSize : 62 <-- 37.474445 s
currentSize : 64 <-- 37.537266 s

maxsize : 64
nodes : 10488292.000000
filtered : 44283813.000000
time : 57.978561
