Parameters: GAD=1 vflib=1 dir=0 label=1 lowerbound=1 fileNameGp=../graphsdb/mcs70/bvg/b06/mcs70_b06_s35.A53 fileNameGt=../graphsdb/mcs70/bvg/b06/mcs70_b06_s35.B53
Reading graphs...
35 :  105
35 :  105
Initializing...
maxdom : 6
D->valSize : 165
Solving...
Blb : 3 (clique : 18)
currentSize : 18 <-- 0.001057 s
currentSize : 20 <-- 0.004235 s
currentSize : 22 <-- 0.004295 s
currentSize : 23 <-- 0.004573 s
currentSize : 24 <-- 0.004593 s

maxsize : 24
nodes : 2208.000000
filtered : 17103.000000
time : 0.008994
