Parameters: GAD=1 vflib=1 dir=0 label=1 lowerbound=1 fileNameGp=../graphsdb/mcs70/rand/r01/mcs70_r01_s25.A11 fileNameGt=../graphsdb/mcs70/rand/r01/mcs70_r01_s25.B11
Reading graphs...
25 :  58
25 :  54
Initializing...
maxdom : 12
D->valSize : 176
Solving...
Blb : 2 (clique : 8)
currentSize : 8 <-- 0.000805 s
currentSize : 9 <-- 0.000867 s
currentSize : 12 <-- 0.000926 s
currentSize : 13 <-- 0.002215 s
currentSize : 17 <-- 0.002348 s

maxsize : 17
nodes : 630.000000
filtered : 9455.000000
time : 0.002705
