Parameters: GAD=1 vflib=1 dir=0 label=1 lowerbound=1 fileNameGp=../graphsdb/mcs70/m2D/m2Dr6/mcs70_m2Dr6_s90.A86 fileNameGt=../graphsdb/mcs70/m2D/m2Dr6/mcs70_m2Dr6_s90.B86
Reading graphs...
90 :  214
90 :  214
Initializing...
maxdom : 12
D->valSize : 596
Solving...
Blb : 2 (clique : 45)
currentSize : 45 <-- 0.007320 s
currentSize : 46 <-- 0.007670 s
currentSize : 47 <-- 0.111490 s
currentSize : 48 <-- 0.111590 s
currentSize : 54 <-- 0.526407 s
currentSize : 55 <-- 0.526481 s
currentSize : 56 <-- 0.790214 s
currentSize : 57 <-- 4.207504 s
currentSize : 62 <-- 4.865740 s
currentSize : 63 <-- 4.929169 s

maxsize : 63
nodes : 49168145.000000
filtered : 229375316.000000
time : 240.697495
