Parameters: GAD=1 vflib=1 dir=0 label=1 lowerbound=1 fileNameGp=../graphsdb/mcs70/rand/r01/mcs70_r01_s70.A63 fileNameGt=../graphsdb/mcs70/rand/r01/mcs70_r01_s70.B63
Reading graphs...
70 :  454
70 :  453
Initializing...
maxdom : 10
D->valSize : 391
Solving...
Blb : 5 (clique : 13)
currentSize : 13 <-- 0.005154 s
currentSize : 14 <-- 0.005815 s
currentSize : 15 <-- 0.015692 s
currentSize : 16 <-- 0.026850 s
currentSize : 17 <-- 0.027590 s
currentSize : 18 <-- 0.028549 s
currentSize : 22 <-- 0.080145 s
currentSize : 25 <-- 0.109700 s
currentSize : 28 <-- 0.125120 s
currentSize : 33 <-- 0.125378 s
currentSize : 45 <-- 0.133258 s
currentSize : 46 <-- 0.133550 s

maxsize : 46
nodes : 25177.000000
filtered : 312112.000000
time : 0.150572
