Parameters: GAD=1 vflib=1 dir=0 label=1 lowerbound=1 fileNameGp=../graphsdb/mcs70/m2D/m2Dr6/mcs70_m2Dr6_s90.A43 fileNameGt=../graphsdb/mcs70/m2D/m2Dr6/mcs70_m2Dr6_s90.B43
Reading graphs...
90 :  214
90 :  213
Initializing...
maxdom : 9
D->valSize : 544
Solving...
Blb : 2 (clique : 51)
currentSize : 51 <-- 0.006597 s
currentSize : 52 <-- 21.057093 s
currentSize : 53 <-- 21.057190 s
currentSize : 54 <-- 21.060707 s
currentSize : 55 <-- 21.364908 s
currentSize : 56 <-- 21.366449 s
currentSize : 57 <-- 21.366535 s
currentSize : 58 <-- 1028.565796 s
currentSize : 59 <-- 1028.565796 s
currentSize : 60 <-- 1028.565918 s
currentSize : 61 <-- 1028.566895 s
currentSize : 63 <-- 1029.041992 s
currentSize : 64 <-- 1029.042114 s

maxsize : 64
nodes : 337167145.000000
filtered : 1660193784.000000
time : 1643.242554
