Parameters: GAD=1 vflib=1 dir=0 label=1 lowerbound=1 fileNameGp=../graphsdb/mcs70/m2D/m2D/mcs70_m2D_s80.A76 fileNameGt=../graphsdb/mcs70/m2D/m2D/mcs70_m2D_s80.B76
Reading graphs...
80 :  142
80 :  142
Initializing...
maxdom : 10
D->valSize : 482
Solving...
Blb : 2 (clique : 34)
currentSize : 34 <-- 0.005223 s
currentSize : 35 <-- 0.082462 s
currentSize : 36 <-- 34.777905 s
currentSize : 37 <-- 34.778954 s
currentSize : 38 <-- 34.779598 s
currentSize : 39 <-- 59.774654 s
currentSize : 40 <-- 65.135796 s
currentSize : 41 <-- 1130.161255 s
currentSize : 42 <-- 1197.604004 s
currentSize : 43 <-- 1197.738525 s
currentSize : 45 <-- 1326.942749 s
currentSize : 46 <-- 1326.943237 s
currentSize : 47 <-- 2231.677734 s
currentSize : 48 <-- 2231.677734 s
currentSize : 50 <-- 2236.157715 s

maxsize : 50
nodes : 610454948.000000
filtered : 4731976761.000000
time : 3221.744873
