Parameters: GAD=1 vflib=1 dir=0 label=1 lowerbound=1 fileNameGp=../graphsdb/mcs70/m2D/m2Dr4/mcs70_m2Dr4_s25.A99 fileNameGt=../graphsdb/mcs70/m2D/m2Dr4/mcs70_m2Dr4_s25.B99
Reading graphs...
25 :  50
25 :  49
Initializing...
maxdom : 8
D->valSize : 150
Solving...
Blb : 2 (clique : 10)
currentSize : 10 <-- 0.000815 s
currentSize : 11 <-- 0.000855 s
currentSize : 12 <-- 0.000861 s
currentSize : 14 <-- 0.000883 s
currentSize : 15 <-- 0.005459 s
currentSize : 16 <-- 0.006336 s

maxsize : 16
nodes : 2344.000000
filtered : 24477.000000
time : 0.007464
