Parameters: GAD=1 vflib=1 dir=0 label=1 lowerbound=1 fileNameGp=../graphsdb/mcs70/m2D/m2Dr2/mcs70_m2Dr2_s35.A70 fileNameGt=../graphsdb/mcs70/m2D/m2Dr2/mcs70_m2Dr2_s35.B70
Reading graphs...
35 :  65
35 :  64
Initializing...
maxdom : 6
D->valSize : 165
Solving...
Blb : 2 (clique : 18)
currentSize : 18 <-- 0.001407 s
currentSize : 20 <-- 0.001830 s
currentSize : 22 <-- 0.002184 s
currentSize : 23 <-- 0.002255 s
currentSize : 25 <-- 0.004038 s

maxsize : 25
nodes : 776.000000
filtered : 5910.000000
time : 0.005306
