Parameters: GAD=1 vflib=1 dir=0 label=1 lowerbound=1 fileNameGp=../graphsdb/mcs70/m3D/m3Dr2/mcs70_m3Dr2_s35.A14 fileNameGt=../graphsdb/mcs70/m3D/m3Dr2/mcs70_m3Dr2_s35.B14
Reading graphs...
35 :  76
35 :  77
Initializing...
maxdom : 6
D->valSize : 166
Solving...
Blb : 2 (clique : 13)
currentSize : 13 <-- 0.001020 s
currentSize : 14 <-- 0.001085 s
currentSize : 15 <-- 0.001313 s
currentSize : 21 <-- 0.001732 s
currentSize : 22 <-- 0.002322 s
currentSize : 23 <-- 0.002378 s
currentSize : 27 <-- 0.004213 s

maxsize : 27
nodes : 2215.000000
filtered : 9405.000000
time : 0.006471
