Parameters: GAD=1 vflib=1 dir=0 label=1 lowerbound=1 fileNameGp=../graphsdb/mcs70/bvg/b06m/mcs70_b06m_s60.A18 fileNameGt=../graphsdb/mcs70/bvg/b06m/mcs70_b06m_s60.B18
Reading graphs...
60 :  179
60 :  178
Initializing...
maxdom : 6
D->valSize : 235
Solving...
Blb : 3 (clique : 34)
currentSize : 34 <-- 0.002082 s
currentSize : 36 <-- 0.010710 s
currentSize : 37 <-- 0.010750 s
currentSize : 38 <-- 0.013376 s
currentSize : 39 <-- 0.025206 s
currentSize : 40 <-- 0.142824 s
currentSize : 42 <-- 0.143336 s

maxsize : 42
nodes : 88253.000000
filtered : 331466.000000
time : 0.349934
