Parameters: GAD=1 vflib=1 dir=0 label=1 lowerbound=1 fileNameGp=../graphsdb/mcs70/rand/r005/mcs70_r005_s100.A83 fileNameGt=../graphsdb/mcs70/rand/r005/mcs70_r005_s100.B83
Reading graphs...
100 :  479
100 :  475
Initializing...
maxdom : 8
D->valSize : 432
Solving...
Blb : 2 (clique : 37)
currentSize : 37 <-- 0.004689 s
currentSize : 40 <-- 0.010345 s
currentSize : 44 <-- 0.010602 s
currentSize : 47 <-- 0.017711 s
currentSize : 54 <-- 0.018000 s
currentSize : 57 <-- 0.106091 s
currentSize : 65 <-- 0.164128 s

maxsize : 65
nodes : 468916.000000
filtered : 3697631.000000
time : 3.056280
