Parameters: GAD=1 vflib=1 dir=0 label=1 lowerbound=1 fileNameGp=../graphsdb/mcs70/bvg/b03/mcs70_b03_s40.A63 fileNameGt=../graphsdb/mcs70/bvg/b03/mcs70_b03_s40.B63
Reading graphs...
40 :  60
40 :  60
Initializing...
maxdom : 8
D->valSize : 214
Solving...
Blb : 2 (clique : 21)
currentSize : 21 <-- 0.001288 s
currentSize : 22 <-- 0.001390 s
currentSize : 23 <-- 0.001433 s
currentSize : 24 <-- 0.001464 s
currentSize : 25 <-- 0.001641 s
currentSize : 28 <-- 0.002001 s

maxsize : 28
nodes : 22085.000000
filtered : 173861.000000
time : 0.083975
