Parameters: GAD=1 vflib=1 dir=0 label=1 lowerbound=1 fileNameGp=../graphsdb/mcs70/bvg/b06/mcs70_b06_s50.A83 fileNameGt=../graphsdb/mcs70/bvg/b06/mcs70_b06_s50.B83
Reading graphs...
50 :  149
50 :  149
Initializing...
maxdom : 11
D->valSize : 336
Solving...
Blb : 2 (clique : 17)
currentSize : 17 <-- 0.002454 s
currentSize : 18 <-- 0.197241 s
currentSize : 19 <-- 0.197440 s
currentSize : 22 <-- 0.293834 s
currentSize : 23 <-- 0.293898 s
currentSize : 24 <-- 0.294005 s
currentSize : 25 <-- 0.590272 s
currentSize : 28 <-- 0.590332 s
currentSize : 34 <-- 0.607271 s
currentSize : 35 <-- 0.607859 s

maxsize : 35
nodes : 136621.000000
filtered : 1195649.000000
time : 0.662197
