Parameters: GAD=1 vflib=1 dir=0 label=1 lowerbound=1 fileNameGp=../graphsdb/mcs70/bvg/b06/mcs70_b06_s60.A13 fileNameGt=../graphsdb/mcs70/bvg/b06/mcs70_b06_s60.B13
Reading graphs...
60 :  180
60 :  179
Initializing...
maxdom : 7
D->valSize : 282
Solving...
Blb : 2 (clique : 21)
currentSize : 21 <-- 0.002124 s
currentSize : 22 <-- 0.002253 s
currentSize : 24 <-- 0.002370 s
currentSize : 25 <-- 0.017744 s
currentSize : 26 <-- 0.058412 s
currentSize : 28 <-- 0.058456 s
currentSize : 29 <-- 0.058540 s
currentSize : 34 <-- 0.406399 s
currentSize : 36 <-- 0.406497 s
currentSize : 37 <-- 0.529576 s
currentSize : 40 <-- 0.600226 s
currentSize : 42 <-- 0.600350 s

maxsize : 42
nodes : 136245.000000
filtered : 863603.000000
time : 0.639861
