Parameters: GAD=1 vflib=1 dir=0 label=1 lowerbound=1 fileNameGp=../graphsdb/mcs70/m4D/m4Dr6/mcs70_m4Dr6_s25.A45 fileNameGt=../graphsdb/mcs70/m4D/m4Dr6/mcs70_m4Dr6_s25.B45
Reading graphs...
25 :  62
25 :  58
Initializing...
maxdom : 9
D->valSize : 159
Solving...
Blb : 3 (clique : 11)
currentSize : 11 <-- 0.000764 s
currentSize : 13 <-- 0.000829 s
currentSize : 14 <-- 0.002708 s
currentSize : 15 <-- 0.004518 s
currentSize : 16 <-- 0.004545 s

maxsize : 16
nodes : 1622.000000
filtered : 21111.000000
time : 0.005621
