Parameters: GAD=1 vflib=1 dir=0 label=1 lowerbound=1 fileNameGp=../graphsdb/mcs70/m2D/m2Dr6/mcs70_m2Dr6_s100.A49 fileNameGt=../graphsdb/mcs70/m2D/m2Dr6/mcs70_m2Dr6_s100.B49
Reading graphs...
100 :  238
100 :  239
Initializing...
maxdom : 9
D->valSize : 384
Solving...
Blb : 2 (clique : 40)
currentSize : 40 <-- 0.004208 s
currentSize : 43 <-- 0.004961 s
currentSize : 44 <-- 0.178604 s
currentSize : 45 <-- 0.743666 s
currentSize : 46 <-- 1.183386 s
currentSize : 49 <-- 1.765363 s
currentSize : 53 <-- 2.741848 s
currentSize : 54 <-- 18.707884 s
currentSize : 55 <-- 167.715195 s
currentSize : 57 <-- 167.716949 s
currentSize : 58 <-- 180.408844 s
currentSize : 59 <-- 199.594589 s
currentSize : 62 <-- 337.460632 s
currentSize : 63 <-- 353.398407 s
currentSize : 64 <-- 373.613495 s

maxsize : 64
nodes : 91817318.000000
filtered : 382512768.000000
time : 467.911011
