Parameters: GAD=1 vflib=1 dir=0 label=1 lowerbound=1 fileNameGp=../graphsdb/mcs70/bvg/b06/mcs70_b06_s15.A00 fileNameGt=../graphsdb/mcs70/bvg/b06/mcs70_b06_s15.B00
Reading graphs...
15 :  43
15 :  45
Initializing...
maxdom : 8
D->valSize : 111
Solving...
Blb : 2 (clique : 5)
currentSize : 5 <-- 0.000600 s
currentSize : 6 <-- 0.000642 s
currentSize : 7 <-- 0.000654 s
currentSize : 8 <-- 0.000972 s
currentSize : 10 <-- 0.000981 s

maxsize : 10
nodes : 356.000000
filtered : 4052.000000
time : 0.001428
