Parameters: GAD=1 vflib=1 dir=0 label=1 lowerbound=1 fileNameGp=../graphsdb/mcs70/bvg/b03/mcs70_b03_s70.A34 fileNameGt=../graphsdb/mcs70/bvg/b03/mcs70_b03_s70.B34
Reading graphs...
70 :  105
70 :  105
Initializing...
maxdom : 6
D->valSize : 329
Solving...
Blb : 2 (clique : 39)
currentSize : 39 <-- 0.003059 s
currentSize : 40 <-- 13.223572 s
currentSize : 42 <-- 35.278107 s
currentSize : 43 <-- 35.341900 s
currentSize : 44 <-- 253.856369 s
currentSize : 45 <-- 253.856644 s
currentSize : 46 <-- 253.858978 s
currentSize : 49 <-- 253.969513 s

maxsize : 49
nodes : 127079315.000000
filtered : 593542433.000000
time : 554.013184
