Parameters: GAD=1 vflib=1 dir=0 label=1 lowerbound=1 fileNameGp=../graphsdb/mcs70/rand/r01/mcs70_r01_s30.A04 fileNameGt=../graphsdb/mcs70/rand/r01/mcs70_r01_s30.B04
Reading graphs...
30 :  83
30 :  84
Initializing...
maxdom : 7
D->valSize : 151
Solving...
Blb : 2 (clique : 11)
currentSize : 11 <-- 0.000847 s
currentSize : 12 <-- 0.000911 s
currentSize : 13 <-- 0.000984 s
currentSize : 14 <-- 0.001076 s
currentSize : 16 <-- 0.001179 s
currentSize : 20 <-- 0.001221 s

maxsize : 20
nodes : 320.000000
filtered : 3417.000000
time : 0.002006
