Parameters: GAD=1 vflib=1 dir=0 label=1 lowerbound=1 fileNameGp=../graphsdb/mcs70/m3D/m3Dr4/mcs70_m3Dr4_s100.A34 fileNameGt=../graphsdb/mcs70/m3D/m3Dr4/mcs70_m3Dr4_s100.B34
Reading graphs...
100 :  274
100 :  274
Initializing...
maxdom : 6
D->valSize : 344
Solving...
Blb : 2 (clique : 36)
currentSize : 36 <-- 0.003486 s
currentSize : 37 <-- 0.003764 s
currentSize : 39 <-- 0.004232 s
currentSize : 40 <-- 0.004286 s
currentSize : 43 <-- 0.012302 s
currentSize : 46 <-- 0.058872 s
currentSize : 49 <-- 0.559984 s
currentSize : 50 <-- 0.562677 s
currentSize : 51 <-- 1.959366 s
currentSize : 53 <-- 4.288069 s
currentSize : 56 <-- 4.492851 s
currentSize : 58 <-- 6.155034 s
currentSize : 59 <-- 27.518248 s
currentSize : 60 <-- 27.523651 s
currentSize : 62 <-- 27.613092 s
currentSize : 63 <-- 27.619362 s
currentSize : 64 <-- 28.177462 s

maxsize : 64
nodes : 7843169.000000
filtered : 31302331.000000
time : 41.334496
