Parameters: GAD=1 vflib=1 dir=0 label=1 lowerbound=1 fileNameGp=../graphsdb/mcs70/m3D/m3Dr2/mcs70_m3Dr2_s40.A15 fileNameGt=../graphsdb/mcs70/m3D/m3Dr2/mcs70_m3Dr2_s40.B15
Reading graphs...
40 :  92
40 :  90
Initializing...
maxdom : 8
D->valSize : 231
Solving...
Blb : 3 (clique : 16)
currentSize : 16 <-- 0.001602 s
currentSize : 17 <-- 0.057418 s
currentSize : 18 <-- 0.105478 s
currentSize : 20 <-- 0.111214 s
currentSize : 21 <-- 0.118418 s
currentSize : 22 <-- 0.125757 s
currentSize : 25 <-- 0.147491 s
currentSize : 26 <-- 0.147964 s
currentSize : 27 <-- 0.165166 s

maxsize : 27
nodes : 54629.000000
filtered : 401924.000000
time : 0.183580
