Parameters: GAD=1 vflib=1 dir=0 label=1 lowerbound=1 fileNameGp=../graphsdb/mcs70/bvg/b03m/mcs70_b03m_s80.A21 fileNameGt=../graphsdb/mcs70/bvg/b03m/mcs70_b03m_s80.B21
Reading graphs...
80 :  120
80 :  120
Initializing...
maxdom : 11
D->valSize : 471
Solving...
Blb : 2 (clique : 43)
currentSize : 43 <-- 0.005085 s
currentSize : 45 <-- 0.005452 s
currentSize : 46 <-- 0.005637 s
currentSize : 47 <-- 0.007317 s
currentSize : 48 <-- 0.007404 s
currentSize : 49 <-- 5.811844 s
currentSize : 50 <-- 20.757147 s
currentSize : 51 <-- 20.757933 s
currentSize : 52 <-- 20.760189 s
currentSize : 53 <-- 20.760277 s
currentSize : 56 <-- 72.610512 s
currentSize : 57 <-- 72.640503 s

maxsize : 57
nodes : 16795769.000000
filtered : 104055467.000000
time : 90.593887
