Parameters: GAD=1 vflib=1 dir=0 label=1 lowerbound=1 fileNameGp=../graphsdb/mcs70/rand/r01/mcs70_r01_s90.A46 fileNameGt=../graphsdb/mcs70/rand/r01/mcs70_r01_s90.B46
Reading graphs...
90 :  761
90 :  762
Initializing...
maxdom : 10
D->valSize : 541
Solving...
Blb : 2 (clique : 13)
currentSize : 13 <-- 0.005752 s
currentSize : 14 <-- 0.005888 s
currentSize : 15 <-- 0.006021 s
currentSize : 17 <-- 0.017227 s
currentSize : 18 <-- 0.022032 s
currentSize : 20 <-- 0.030235 s
currentSize : 22 <-- 0.046045 s
currentSize : 23 <-- 0.072758 s
currentSize : 25 <-- 0.072855 s
currentSize : 28 <-- 0.090490 s
currentSize : 34 <-- 0.198084 s
currentSize : 35 <-- 0.235060 s
currentSize : 54 <-- 0.595304 s
currentSize : 55 <-- 0.595450 s

maxsize : 55
nodes : 311914.000000
filtered : 2689913.000000
time : 1.684875
