Parameters: GAD=1 vflib=1 dir=0 label=1 lowerbound=1 fileNameGp=../graphsdb/mcs70/m2D/m2Dr2/mcs70_m2Dr2_s80.A18 fileNameGt=../graphsdb/mcs70/m2D/m2Dr2/mcs70_m2Dr2_s80.B18
Reading graphs...
80 :  157
80 :  157
Initializing...
maxdom : 9
D->valSize : 453
Solving...
Blb : 2 (clique : 37)
currentSize : 37 <-- 0.004631 s
currentSize : 38 <-- 0.004966 s
currentSize : 39 <-- 0.005034 s
currentSize : 40 <-- 0.014652 s
currentSize : 41 <-- 0.014705 s
currentSize : 42 <-- 0.033896 s
currentSize : 43 <-- 0.072267 s
currentSize : 44 <-- 0.091295 s
currentSize : 45 <-- 350.935699 s
currentSize : 46 <-- 350.946014 s
currentSize : 47 <-- 503.134247 s
currentSize : 48 <-- 503.144440 s

maxsize : 48
nodes : 176274314.000000
filtered : 1311633033.000000
time : 943.339417
