Parameters: GAD=1 vflib=1 dir=0 label=1 lowerbound=1 fileNameGp=../graphsdb/mcs70/bvg/b09/mcs70_b09_s50.A94 fileNameGt=../graphsdb/mcs70/bvg/b09/mcs70_b09_s50.B94
Reading graphs...
50 :  219
50 :  223
Initializing...
maxdom : 9
D->valSize : 340
Solving...
Blb : 5 (clique : 17)
currentSize : 17 <-- 0.003827 s
currentSize : 18 <-- 0.042405 s
currentSize : 19 <-- 0.067563 s
currentSize : 20 <-- 0.083145 s
currentSize : 22 <-- 0.119851 s
currentSize : 24 <-- 0.120000 s
currentSize : 34 <-- 0.124128 s

maxsize : 34
nodes : 35614.000000
filtered : 373968.000000
time : 0.159035
