Parameters: GAD=1 vflib=1 dir=0 label=1 lowerbound=1 fileNameGp=../graphsdb/mcs70/m3D/m3Dr2/mcs70_m3Dr2_s90.A67 fileNameGt=../graphsdb/mcs70/m3D/m3Dr2/mcs70_m3Dr2_s90.B67
Reading graphs...
90 :  227
90 :  227
Initializing...
maxdom : 10
D->valSize : 558
Solving...
Blb : 2 (clique : 50)
currentSize : 50 <-- 0.011256 s
currentSize : 51 <-- 0.011911 s
currentSize : 52 <-- 0.012455 s
currentSize : 53 <-- 0.013103 s
currentSize : 55 <-- 0.234956 s
currentSize : 56 <-- 0.235659 s
currentSize : 57 <-- 0.235819 s
currentSize : 59 <-- 124.024918 s
currentSize : 63 <-- 124.025688 s
currentSize : 64 <-- 124.025803 s

maxsize : 64
nodes : 37165084.000000
filtered : 268807680.000000
time : 212.276703
