Parameters: GAD=1 vflib=1 dir=0 label=1 lowerbound=1 fileNameGp=../graphsdb/mcs70/rand/r01/mcs70_r01_s70.A25 fileNameGt=../graphsdb/mcs70/rand/r01/mcs70_r01_s70.B25
Reading graphs...
70 :  457
70 :  454
Initializing...
maxdom : 7
D->valSize : 353
Solving...
Blb : 5 (clique : 19)
currentSize : 19 <-- 0.002809 s
currentSize : 21 <-- 0.005728 s
currentSize : 25 <-- 0.005824 s
currentSize : 26 <-- 0.021395 s
currentSize : 34 <-- 0.046071 s
currentSize : 43 <-- 0.101772 s

maxsize : 43
nodes : 90769.000000
filtered : 433085.000000
time : 0.342212
