Parameters: GAD=1 vflib=1 dir=0 label=1 lowerbound=1 fileNameGp=../graphsdb/mcs70/bvg/b09m/mcs70_b09m_s25.A33 fileNameGt=../graphsdb/mcs70/bvg/b09m/mcs70_b09m_s25.B33
Reading graphs...
25 :  104
25 :  103
Initializing...
maxdom : 10
D->valSize : 171
Solving...
Blb : 5 (clique : 7)
currentSize : 7 <-- 0.000865 s
currentSize : 8 <-- 0.000924 s
currentSize : 11 <-- 0.001523 s
currentSize : 13 <-- 0.001684 s
currentSize : 14 <-- 0.002344 s

maxsize : 14
nodes : 976.000000
filtered : 12705.000000
time : 0.003766
