Parameters: GAD=1 vflib=1 dir=0 label=1 lowerbound=1 fileNameGp=../graphsdb/mcs70/bvg/b06/mcs70_b06_s100.A42 fileNameGt=../graphsdb/mcs70/bvg/b06/mcs70_b06_s100.B42
Reading graphs...
100 :  299
100 :  298
Initializing...
maxdom : 6
D->valSize : 359
Solving...
Blb : 2 (clique : 44)
currentSize : 44 <-- 0.003825 s
currentSize : 49 <-- 0.009161 s
currentSize : 51 <-- 0.018316 s
currentSize : 57 <-- 0.061450 s
currentSize : 58 <-- 0.115896 s
currentSize : 62 <-- 2.472061 s
currentSize : 64 <-- 4.726006 s
currentSize : 66 <-- 10.768864 s
currentSize : 67 <-- 10.769162 s
currentSize : 69 <-- 12.325022 s
currentSize : 70 <-- 12.325355 s

maxsize : 70
nodes : 8654463.000000
filtered : 24907132.000000
time : 40.404434
