Parameters: GAD=1 vflib=1 dir=0 label=1 lowerbound=1 fileNameGp=../graphsdb/mcs70/m2D/m2Dr4/mcs70_m2Dr4_s90.A03 fileNameGt=../graphsdb/mcs70/m2D/m2Dr4/mcs70_m2Dr4_s90.B03
Reading graphs...
90 :  195
90 :  192
Initializing...
maxdom : 11
D->valSize : 577
Solving...
Blb : 2 (clique : 53)
currentSize : 53 <-- 0.007512 s
currentSize : 54 <-- 0.053843 s
currentSize : 55 <-- 0.053925 s
currentSize : 56 <-- 0.370543 s
currentSize : 57 <-- 0.414279 s
currentSize : 58 <-- 0.414306 s
currentSize : 59 <-- 1.517426 s
currentSize : 60 <-- 1.549657 s
currentSize : 61 <-- 1.549688 s
currentSize : 62 <-- 190.351868 s
currentSize : 63 <-- 190.368774 s
currentSize : 64 <-- 190.368805 s

maxsize : 64
nodes : 70178882.000000
filtered : 386111175.000000
time : 365.017792
