Parameters: GAD=1 vflib=1 dir=0 label=1 lowerbound=1 fileNameGp=../graphsdb/mcs70/m2D/m2Dr4/mcs70_m2Dr4_s50.A73 fileNameGt=../graphsdb/mcs70/m2D/m2Dr4/mcs70_m2Dr4_s50.B73
Reading graphs...
50 :  105
50 :  103
Initializing...
maxdom : 10
D->valSize : 356
Solving...
Blb : 3 (clique : 22)
currentSize : 22 <-- 0.002677 s
currentSize : 24 <-- 0.002879 s
currentSize : 26 <-- 0.003157 s
currentSize : 29 <-- 0.003221 s
currentSize : 31 <-- 0.076666 s
currentSize : 33 <-- 0.162084 s
currentSize : 36 <-- 0.243906 s

maxsize : 36
nodes : 70918.000000
filtered : 716859.000000
time : 0.303370
