Parameters: GAD=1 vflib=1 dir=0 label=1 lowerbound=1 fileNameGp=../graphsdb/mcs70/rand/r02/mcs70_r02_s100.A22 fileNameGt=../graphsdb/mcs70/rand/r02/mcs70_r02_s100.B22
Reading graphs...
100 :  1788
100 :  1771
Initializing...
maxdom : 8
D->valSize : 402
Solving...
Blb : 2 (clique : 43)
currentSize : 43 <-- 0.004317 s
currentSize : 45 <-- 0.066876 s
currentSize : 46 <-- 3.325479 s
currentSize : 47 <-- 40.704708 s
currentSize : 48 <-- 46.741161 s

maxsize : 48
nodes : 41695594.000000
filtered : 16379272.000000
time : 172.155029
