Parameters: GAD=1 vflib=1 dir=0 label=1 lowerbound=1 fileNameGp=../graphsdb/mcs70/m2D/m2Dr6/mcs70_m2Dr6_s70.A62 fileNameGt=../graphsdb/mcs70/m2D/m2Dr6/mcs70_m2Dr6_s70.B62
Reading graphs...
70 :  163
70 :  158
Initializing...
maxdom : 9
D->valSize : 370
Solving...
Blb : 3 (clique : 35)
currentSize : 35 <-- 0.005381 s
currentSize : 36 <-- 0.005917 s
currentSize : 37 <-- 0.259694 s
currentSize : 38 <-- 0.440449 s
currentSize : 39 <-- 0.441263 s
currentSize : 41 <-- 0.442475 s
currentSize : 42 <-- 0.442574 s
currentSize : 43 <-- 0.442763 s
currentSize : 45 <-- 0.524019 s
currentSize : 46 <-- 1.886243 s
currentSize : 47 <-- 3.672630 s
currentSize : 48 <-- 3.672748 s

maxsize : 48
nodes : 993992.000000
filtered : 7694376.000000
time : 4.884471
