Parameters: GAD=1 vflib=1 dir=0 label=1 lowerbound=1 fileNameGp=../graphsdb/mcs70/bvg/b09/mcs70_b09_s100.A19 fileNameGt=../graphsdb/mcs70/bvg/b09/mcs70_b09_s100.B19
Reading graphs...
100 :  448
100 :  449
Initializing...
maxdom : 7
D->valSize : 379
Solving...
Blb : 2 (clique : 27)
currentSize : 27 <-- 0.003890 s
currentSize : 29 <-- 0.009877 s
currentSize : 35 <-- 0.130346 s
currentSize : 36 <-- 0.304750 s
currentSize : 37 <-- 0.304853 s
currentSize : 41 <-- 0.949732 s
currentSize : 42 <-- 0.949804 s
currentSize : 43 <-- 0.950193 s
currentSize : 45 <-- 1.051384 s
currentSize : 46 <-- 1.051490 s
currentSize : 47 <-- 33.219475 s
currentSize : 53 <-- 42.689522 s
currentSize : 57 <-- 42.692387 s
currentSize : 66 <-- 43.484425 s
currentSize : 70 <-- 43.484798 s

maxsize : 70
nodes : 9672051.000000
filtered : 28674262.000000
time : 44.100422
