Parameters: GAD=1 vflib=1 dir=0 label=1 lowerbound=1 fileNameGp=../graphsdb/mcs70/bvg/b09/mcs70_b09_s40.A85 fileNameGt=../graphsdb/mcs70/bvg/b09/mcs70_b09_s40.B85
Reading graphs...
40 :  178
40 :  179
Initializing...
maxdom : 11
D->valSize : 292
Solving...
Blb : 3 (clique : 12)
currentSize : 12 <-- 0.001839 s
currentSize : 16 <-- 0.003094 s
currentSize : 17 <-- 0.003125 s
currentSize : 21 <-- 0.007911 s
currentSize : 22 <-- 0.007946 s
currentSize : 23 <-- 0.008002 s
currentSize : 25 <-- 0.012897 s
currentSize : 27 <-- 0.012993 s
currentSize : 28 <-- 0.013074 s

maxsize : 28
nodes : 5207.000000
filtered : 39138.000000
time : 0.018144
