Parameters: GAD=1 vflib=1 dir=0 label=1 lowerbound=1 fileNameGp=../graphsdb/mcs70/bvg/b06m/mcs70_b06m_s90.A11 fileNameGt=../graphsdb/mcs70/bvg/b06m/mcs70_b06m_s90.B11
Reading graphs...
90 :  266
90 :  267
Initializing...
maxdom : 9
D->valSize : 555
Solving...
Blb : 2 (clique : 47)
currentSize : 47 <-- 0.011025 s
currentSize : 49 <-- 0.011705 s
currentSize : 50 <-- 0.011951 s
currentSize : 51 <-- 0.012694 s
currentSize : 52 <-- 0.023687 s
currentSize : 53 <-- 0.024049 s
currentSize : 55 <-- 0.056933 s
currentSize : 58 <-- 0.061922 s
currentSize : 59 <-- 0.094129 s
currentSize : 60 <-- 0.094218 s
currentSize : 61 <-- 0.221194 s
currentSize : 62 <-- 0.245525 s

maxsize : 62
nodes : 32984177.000000
filtered : 233033776.000000
time : 191.027924
