Parameters: GAD=1 vflib=1 dir=0 label=1 lowerbound=1 fileNameGp=../graphsdb/mcs70/bvg/b03/mcs70_b03_s100.A06 fileNameGt=../graphsdb/mcs70/bvg/b03/mcs70_b03_s100.B06
Reading graphs...
100 :  150
100 :  150
Initializing...
maxdom : 8
D->valSize : 374
Solving...
Blb : 2 (clique : 59)
currentSize : 59 <-- 0.004328 s
currentSize : 60 <-- 0.004824 s
currentSize : 63 <-- 0.005307 s
currentSize : 64 <-- 0.005420 s
currentSize : 66 <-- 0.026162 s
currentSize : 67 <-- 0.026290 s
currentSize : 68 <-- 1.559731 s
currentSize : 71 <-- 4.569811 s

maxsize : 71
nodes : 13608879.000000
filtered : 56127748.000000
time : 74.751198
