Parameters: GAD=1 vflib=1 dir=0 label=1 lowerbound=1 fileNameGp=../graphsdb/mcs70/rand/r005/mcs70_r005_s70.A68 fileNameGt=../graphsdb/mcs70/rand/r005/mcs70_r005_s70.B68
Reading graphs...
70 :  236
70 :  230
Initializing...
maxdom : 8
D->valSize : 349
Solving...
Blb : 2 (clique : 22)
currentSize : 22 <-- 0.004847 s
currentSize : 25 <-- 0.005080 s
currentSize : 28 <-- 0.005705 s
currentSize : 31 <-- 0.005827 s
currentSize : 32 <-- 0.006776 s
currentSize : 35 <-- 0.006924 s
currentSize : 36 <-- 0.007659 s
currentSize : 40 <-- 0.007837 s
currentSize : 41 <-- 0.009443 s
currentSize : 48 <-- 0.012028 s

maxsize : 48
nodes : 19764.000000
filtered : 156061.000000
time : 0.125271
