Parameters: GAD=1 vflib=1 dir=0 label=1 lowerbound=1 fileNameGp=../graphsdb/mcs70/m2D/m2D/mcs70_m2D_s100.A55 fileNameGt=../graphsdb/mcs70/m2D/m2D/mcs70_m2D_s100.B55
Reading graphs...
100 :  180
100 :  180
Initializing...
maxdom : 9
D->valSize : 383
Solving...
Blb : 2 (clique : 45)
currentSize : 45 <-- 0.004187 s
currentSize : 47 <-- 0.004511 s
currentSize : 48 <-- 0.004668 s
currentSize : 49 <-- 0.005033 s
currentSize : 50 <-- 0.020564 s
currentSize : 51 <-- 0.021086 s
currentSize : 52 <-- 0.021195 s
currentSize : 53 <-- 0.034749 s
currentSize : 54 <-- 0.068097 s
currentSize : 56 <-- 0.068196 s
currentSize : 57 <-- 0.985742 s
currentSize : 61 <-- 2.072251 s
currentSize : 62 <-- 41.995785 s
currentSize : 64 <-- 41.996159 s

maxsize : 64
nodes : 159628557.000000
filtered : 670983227.000000
time : 858.870605
