Parameters: GAD=1 vflib=1 dir=0 label=1 lowerbound=1 fileNameGp=../graphsdb/mcs70/rand/r005/mcs70_r005_s50.A03 fileNameGt=../graphsdb/mcs70/rand/r005/mcs70_r005_s50.B03
Reading graphs...
50 :  116
50 :  117
Initializing...
maxdom : 10
D->valSize : 342
Solving...
Blb : 2 (clique : 17)
currentSize : 17 <-- 0.002539 s
currentSize : 19 <-- 0.002639 s
currentSize : 20 <-- 0.002744 s
currentSize : 21 <-- 0.007473 s
currentSize : 22 <-- 0.033873 s
currentSize : 23 <-- 0.036601 s
currentSize : 24 <-- 0.037625 s
currentSize : 25 <-- 0.038808 s
currentSize : 26 <-- 0.042181 s
currentSize : 27 <-- 0.042226 s
currentSize : 28 <-- 0.059481 s
currentSize : 29 <-- 0.069929 s
currentSize : 32 <-- 0.135810 s
currentSize : 35 <-- 0.249205 s

maxsize : 35
nodes : 56842.000000
filtered : 689027.000000
time : 0.264548
