Parameters: GAD=1 vflib=1 dir=0 label=1 lowerbound=1 fileNameGp=../graphsdb/mcs70/bvg/b03/mcs70_b03_s70.A50 fileNameGt=../graphsdb/mcs70/bvg/b03/mcs70_b03_s70.B50
Reading graphs...
70 :  105
70 :  104
Initializing...
maxdom : 9
D->valSize : 345
Solving...
Blb : 2 (clique : 38)
currentSize : 38 <-- 0.004991 s
currentSize : 42 <-- 0.005377 s
currentSize : 43 <-- 23.469397 s
currentSize : 45 <-- 58.060406 s
currentSize : 46 <-- 89.135445 s
currentSize : 47 <-- 164.229630 s
currentSize : 48 <-- 175.638885 s

maxsize : 48
nodes : 39102138.000000
filtered : 200464287.000000
time : 182.983505
