Parameters: GAD=1 vflib=1 dir=0 label=1 lowerbound=1 fileNameGp=../graphsdb/mcs70/bvg/b06/mcs70_b06_s60.A22 fileNameGt=../graphsdb/mcs70/bvg/b06/mcs70_b06_s60.B22
Reading graphs...
60 :  179
60 :  180
Initializing...
maxdom : 6
D->valSize : 249
Solving...
Blb : 2 (clique : 19)
currentSize : 19 <-- 0.001835 s
currentSize : 22 <-- 0.001952 s
currentSize : 24 <-- 0.004995 s
currentSize : 25 <-- 0.005151 s
currentSize : 26 <-- 0.012578 s
currentSize : 28 <-- 0.144727 s
currentSize : 29 <-- 0.441244 s
currentSize : 31 <-- 0.509835 s
currentSize : 32 <-- 0.510014 s
currentSize : 33 <-- 0.513541 s
currentSize : 34 <-- 0.574794 s
currentSize : 37 <-- 0.825002 s
currentSize : 38 <-- 0.825066 s
currentSize : 39 <-- 0.826597 s
currentSize : 40 <-- 0.859750 s
currentSize : 41 <-- 0.860594 s
currentSize : 42 <-- 0.923854 s

maxsize : 42
nodes : 260722.000000
filtered : 1174341.000000
time : 0.974776
