Parameters: GAD=1 vflib=1 dir=0 label=1 lowerbound=1 fileNameGp=../graphsdb/mcs70/rand/r001/mcs70_r001_s100.A99 fileNameGt=../graphsdb/mcs70/rand/r001/mcs70_r001_s100.B99
Reading graphs...
100 :  120
100 :  120
Initializing...
maxdom : 9
D->valSize : 400
Solving...
Blb : 2 (clique : 61)
currentSize : 61 <-- 0.004556 s
currentSize : 62 <-- 2.876399 s
currentSize : 64 <-- 25.511515 s
currentSize : 65 <-- 25.511583 s
currentSize : 66 <-- 34.968689 s
currentSize : 67 <-- 52.188576 s
currentSize : 68 <-- 97.778214 s
currentSize : 69 <-- 152.169830 s
currentSize : 70 <-- 182.085007 s

maxsize : 70
nodes : 48157889.000000
filtered : 160073149.000000
time : 247.114990
