Parameters: GAD=1 vflib=1 dir=0 label=1 lowerbound=1 fileNameGp=../graphsdb/mcs70/bvg/b03m/mcs70_b03m_s70.A24 fileNameGt=../graphsdb/mcs70/bvg/b03m/mcs70_b03m_s70.B24
Reading graphs...
70 :  105
70 :  105
Initializing...
maxdom : 9
D->valSize : 363
Solving...
Blb : 2 (clique : 35)
currentSize : 35 <-- 0.003535 s
currentSize : 36 <-- 0.003818 s
currentSize : 37 <-- 0.006261 s
currentSize : 38 <-- 0.006306 s
currentSize : 39 <-- 0.006423 s
currentSize : 40 <-- 0.007815 s
currentSize : 41 <-- 0.061041 s
currentSize : 42 <-- 6.548603 s
currentSize : 44 <-- 13.825827 s
currentSize : 45 <-- 13.875420 s
currentSize : 46 <-- 22.591732 s
currentSize : 47 <-- 106.872650 s
currentSize : 48 <-- 106.929939 s
currentSize : 49 <-- 108.835251 s

maxsize : 49
nodes : 33638441.000000
filtered : 139219795.000000
time : 137.618866
