Parameters: GAD=1 vflib=1 dir=0 label=1 lowerbound=1 fileNameGp=../graphsdb/mcs70/m3D/m3Dr6/mcs70_m3Dr6_s40.A35 fileNameGt=../graphsdb/mcs70/m3D/m3Dr6/mcs70_m3Dr6_s40.B35
Reading graphs...
40 :  105
40 :  106
Initializing...
maxdom : 8
D->valSize : 217
Solving...
Blb : 2 (clique : 19)
currentSize : 19 <-- 0.001285 s
currentSize : 20 <-- 0.001382 s
currentSize : 22 <-- 0.012000 s
currentSize : 23 <-- 0.012013 s
currentSize : 26 <-- 0.012053 s
currentSize : 27 <-- 0.012290 s

maxsize : 27
nodes : 10995.000000
filtered : 51007.000000
time : 0.032245
