Parameters: GAD=1 vflib=1 dir=0 label=1 lowerbound=1 fileNameGp=../graphsdb/mcs70/m3D/m3Dr4/mcs70_m3Dr4_s100.A21 fileNameGt=../graphsdb/mcs70/m3D/m3Dr4/mcs70_m3Dr4_s100.B21
Reading graphs...
100 :  272
100 :  271
Initializing...
maxdom : 7
D->valSize : 355
Solving...
Blb : 2 (clique : 49)
currentSize : 49 <-- 0.003724 s
currentSize : 54 <-- 0.004057 s
currentSize : 55 <-- 0.004264 s
currentSize : 56 <-- 0.174500 s
currentSize : 57 <-- 0.324059 s
currentSize : 58 <-- 0.324168 s
currentSize : 59 <-- 0.958125 s
currentSize : 60 <-- 0.958255 s
currentSize : 61 <-- 111.554474 s
currentSize : 63 <-- 112.125076 s

maxsize : 63
nodes : 340716488.000000
filtered : 999864184.000000
time : 1678.586914
