Parameters: GAD=1 vflib=1 dir=0 label=1 lowerbound=1 fileNameGp=../graphsdb/mcs70/bvg/b06/mcs70_b06_s20.A06 fileNameGt=../graphsdb/mcs70/bvg/b06/mcs70_b06_s20.B06
Reading graphs...
20 :  58
20 :  59
Initializing...
maxdom : 10
D->valSize : 128
Solving...
Blb : 2 (clique : 6)
currentSize : 6 <-- 0.000635 s
currentSize : 7 <-- 0.000841 s
currentSize : 9 <-- 0.001332 s
currentSize : 12 <-- 0.001478 s
currentSize : 14 <-- 0.001501 s

maxsize : 14
nodes : 466.000000
filtered : 4254.000000
time : 0.001745
