Parameters: GAD=1 vflib=1 dir=0 label=1 lowerbound=1 fileNameGp=../graphsdb/mcs70/m2D/m2D/mcs70_m2D_s25.A11 fileNameGt=../graphsdb/mcs70/m2D/m2D/mcs70_m2D_s25.B11
Reading graphs...
25 :  40
25 :  39
Initializing...
maxdom : 8
D->valSize : 165
Solving...
Blb : 2 (clique : 10)
currentSize : 10 <-- 0.000819 s
currentSize : 13 <-- 0.001130 s
currentSize : 14 <-- 0.003059 s
currentSize : 15 <-- 0.004624 s
currentSize : 16 <-- 0.012246 s

maxsize : 16
nodes : 3780.000000
filtered : 42408.000000
time : 0.012643
