Parameters: GAD=1 vflib=1 dir=0 label=1 lowerbound=1 fileNameGp=../graphsdb/mcs70/m2D/m2Dr4/mcs70_m2Dr4_s60.A48 fileNameGt=../graphsdb/mcs70/m2D/m2Dr4/mcs70_m2Dr4_s60.B48
Reading graphs...
60 :  128
60 :  128
Initializing...
maxdom : 10
D->valSize : 293
Solving...
Blb : 2 (clique : 19)
currentSize : 19 <-- 0.003497 s
currentSize : 20 <-- 0.003890 s
currentSize : 21 <-- 0.004668 s
currentSize : 22 <-- 0.005693 s
currentSize : 23 <-- 0.012120 s
currentSize : 24 <-- 0.014165 s
currentSize : 26 <-- 0.014930 s
currentSize : 27 <-- 0.071150 s
currentSize : 29 <-- 0.075688 s
currentSize : 30 <-- 0.075880 s
currentSize : 31 <-- 0.078557 s
currentSize : 32 <-- 0.078770 s
currentSize : 35 <-- 0.147451 s
currentSize : 36 <-- 0.147512 s
currentSize : 37 <-- 0.563433 s
currentSize : 38 <-- 0.906017 s

maxsize : 38
nodes : 349128.000000
filtered : 1784172.000000
time : 1.422436
