Parameters: GAD=1 vflib=1 dir=0 label=1 lowerbound=1 fileNameGp=../graphsdb/mcs70/bvg/b03/mcs70_b03_s50.A53 fileNameGt=../graphsdb/mcs70/bvg/b03/mcs70_b03_s50.B53
Reading graphs...
50 :  75
50 :  75
Initializing...
maxdom : 10
D->valSize : 348
Solving...
Blb : 2 (clique : 21)
currentSize : 21 <-- 0.004368 s
currentSize : 29 <-- 0.004584 s
currentSize : 30 <-- 0.004718 s
currentSize : 31 <-- 19.364616 s
currentSize : 32 <-- 36.427689 s
currentSize : 33 <-- 36.427715 s
currentSize : 34 <-- 36.427750 s

maxsize : 34
nodes : 8605698.000000
filtered : 100610602.000000
time : 37.656471
