Parameters: GAD=1 vflib=1 dir=0 label=1 lowerbound=1 fileNameGp=../graphsdb/mcs70/m2D/m2D/mcs70_m2D_s60.A35 fileNameGt=../graphsdb/mcs70/m2D/m2D/mcs70_m2D_s60.B35
Reading graphs...
60 :  104
60 :  104
Initializing...
maxdom : 7
D->valSize : 250
Solving...
Blb : 2 (clique : 28)
currentSize : 28 <-- 0.002095 s
currentSize : 29 <-- 0.002315 s
currentSize : 30 <-- 0.002620 s
currentSize : 33 <-- 0.007670 s
currentSize : 34 <-- 0.019312 s
currentSize : 36 <-- 0.287462 s
currentSize : 37 <-- 0.289817 s

maxsize : 37
nodes : 3678064.000000
filtered : 11489618.000000
time : 12.560826
