Parameters: GAD=1 vflib=1 dir=0 label=1 lowerbound=1 fileNameGp=../graphsdb/mcs70/bvg/b06m/mcs70_b06m_s100.A23 fileNameGt=../graphsdb/mcs70/bvg/b06m/mcs70_b06m_s100.B23
Reading graphs...
100 :  299
100 :  298
Initializing...
maxdom : 7
D->valSize : 391
Solving...
Blb : 2 (clique : 51)
currentSize : 51 <-- 0.004361 s
currentSize : 52 <-- 0.004800 s
currentSize : 53 <-- 0.069043 s
currentSize : 54 <-- 0.069240 s
currentSize : 55 <-- 0.348978 s
currentSize : 56 <-- 0.349113 s
currentSize : 58 <-- 0.354525 s
currentSize : 59 <-- 0.354659 s
currentSize : 60 <-- 0.363631 s
currentSize : 61 <-- 0.363773 s
currentSize : 64 <-- 0.834900 s
currentSize : 67 <-- 0.839782 s
currentSize : 69 <-- 0.854061 s

maxsize : 69
nodes : 4937774.000000
filtered : 13838057.000000
time : 23.454760
