Parameters: GAD=1 vflib=1 dir=0 label=1 lowerbound=1 fileNameGp=../graphsdb/mcs70/bvg/b09/mcs70_b09_s80.A06 fileNameGt=../graphsdb/mcs70/bvg/b09/mcs70_b09_s80.B06
Reading graphs...
80 :  360
80 :  359
Initializing...
maxdom : 11
D->valSize : 490
Solving...
Blb : 2 (clique : 31)
currentSize : 31 <-- 0.004930 s
currentSize : 33 <-- 0.005161 s
currentSize : 35 <-- 0.005376 s
currentSize : 37 <-- 0.006086 s
currentSize : 49 <-- 0.008991 s
currentSize : 51 <-- 0.009308 s
currentSize : 54 <-- 0.013340 s
currentSize : 56 <-- 0.013536 s

maxsize : 56
nodes : 132727.000000
filtered : 1059061.000000
time : 0.729289
