Parameters: GAD=1 vflib=1 dir=0 label=1 lowerbound=1 fileNameGp=../graphsdb/mcs70/bvg/b03m/mcs70_b03m_s25.A23 fileNameGt=../graphsdb/mcs70/bvg/b03m/mcs70_b03m_s25.B23
Reading graphs...
25 :  36
25 :  36
Initializing...
maxdom : 13
D->valSize : 193
Solving...
Blb : 2 (clique : 10)
currentSize : 10 <-- 0.000970 s
currentSize : 11 <-- 0.001039 s
currentSize : 12 <-- 0.002375 s
currentSize : 15 <-- 0.004368 s
currentSize : 16 <-- 0.009227 s

maxsize : 16
nodes : 3818.000000
filtered : 51615.000000
time : 0.012283
