Parameters: GAD=1 vflib=1 dir=0 label=1 lowerbound=1 fileNameGp=../graphsdb/mcs70/bvg/b09m/mcs70_b09m_s100.A73 fileNameGt=../graphsdb/mcs70/bvg/b09m/mcs70_b09m_s100.B73
Reading graphs...
100 :  447
100 :  447
Initializing...
maxdom : 7
D->valSize : 393
Solving...
Blb : 2 (clique : 40)
currentSize : 40 <-- 0.006694 s
currentSize : 49 <-- 0.020412 s
currentSize : 59 <-- 5.308382 s
currentSize : 61 <-- 9.732416 s
currentSize : 62 <-- 9.733734 s
currentSize : 63 <-- 9.733917 s
currentSize : 70 <-- 10.636217 s

maxsize : 70
nodes : 2262019.000000
filtered : 10533473.000000
time : 12.427760
