Parameters: GAD=1 vflib=1 dir=0 label=1 lowerbound=1 fileNameGp=../graphsdb/mcs70/m3D/m3Dr2/mcs70_m3Dr2_s40.A19 fileNameGt=../graphsdb/mcs70/m3D/m3Dr2/mcs70_m3Dr2_s40.B19
Reading graphs...
40 :  91
40 :  91
Initializing...
maxdom : 10
D->valSize : 222
Solving...
Blb : 2 (clique : 18)
currentSize : 18 <-- 0.001409 s
currentSize : 21 <-- 0.001508 s
currentSize : 23 <-- 0.001908 s
currentSize : 25 <-- 0.002585 s
currentSize : 27 <-- 0.002633 s

maxsize : 27
nodes : 3239.000000
filtered : 26805.000000
time : 0.012882
