Parameters: GAD=1 vflib=1 dir=0 label=1 lowerbound=1 fileNameGp=../graphsdb/mcs70/rand/r001/mcs70_r001_s100.A38 fileNameGt=../graphsdb/mcs70/rand/r001/mcs70_r001_s100.B38
Reading graphs...
100 :  120
100 :  120
Initializing...
maxdom : 7
D->valSize : 374
Solving...
Blb : 3 (clique : 63)
currentSize : 63 <-- 0.007139 s
currentSize : 64 <-- 0.136190 s
currentSize : 65 <-- 0.181137 s
currentSize : 66 <-- 0.248147 s
currentSize : 67 <-- 16.050760 s
currentSize : 68 <-- 16.088919 s
currentSize : 69 <-- 280.374298 s
currentSize : 70 <-- 1454.520142 s
currentSize : 71 <-- 1584.688354 s
currentSize : 72 <-- 1584.688599 s

maxsize : 72
nodes : 379351055.000000
filtered : 1196651029.000000
time : 1968.658325
