Parameters: GAD=1 vflib=1 dir=0 label=1 lowerbound=1 fileNameGp=../graphsdb/mcs70/rand/r005/mcs70_r005_s60.A28 fileNameGt=../graphsdb/mcs70/rand/r005/mcs70_r005_s60.B28
Reading graphs...
60 :  170
60 :  169
Initializing...
maxdom : 8
D->valSize : 270
Solving...
Blb : 2 (clique : 23)
currentSize : 23 <-- 0.001946 s
currentSize : 25 <-- 0.002088 s
currentSize : 26 <-- 0.002676 s
currentSize : 27 <-- 0.002902 s
currentSize : 29 <-- 0.003327 s
currentSize : 30 <-- 0.007225 s
currentSize : 32 <-- 0.007718 s
currentSize : 37 <-- 0.130848 s
currentSize : 41 <-- 0.340126 s

maxsize : 41
nodes : 94720.000000
filtered : 563568.000000
time : 0.384704
