Parameters: GAD=1 vflib=1 dir=0 label=1 lowerbound=1 fileNameGp=../graphsdb/mcs70/m4D/m4Dr4/mcs70_m4Dr4_s25.A15 fileNameGt=../graphsdb/mcs70/m4D/m4Dr4/mcs70_m4Dr4_s25.B15
Reading graphs...
25 :  55
25 :  54
Initializing...
maxdom : 10
D->valSize : 207
Solving...
Blb : 2 (clique : 11)
currentSize : 11 <-- 0.001052 s
currentSize : 12 <-- 0.012159 s
currentSize : 13 <-- 0.013298 s
currentSize : 14 <-- 0.015463 s
currentSize : 16 <-- 0.023176 s

maxsize : 16
nodes : 9434.000000
filtered : 128470.000000
time : 0.026555
