Parameters: GAD=1 vflib=1 dir=0 label=1 lowerbound=1 fileNameGp=../graphsdb/mcs70/bvg/b03/mcs70_b03_s80.A79 fileNameGt=../graphsdb/mcs70/bvg/b03/mcs70_b03_s80.B79
Reading graphs...
80 :  120
80 :  120
Initializing...
maxdom : 9
D->valSize : 462
Solving...
Blb : 2 (clique : 46)
currentSize : 46 <-- 0.008212 s
currentSize : 47 <-- 0.217982 s
currentSize : 51 <-- 2.016186 s
currentSize : 52 <-- 2.016381 s
currentSize : 55 <-- 2.171372 s
currentSize : 57 <-- 3.034216 s
currentSize : 58 <-- 3.034330 s

maxsize : 58
nodes : 11880775.000000
filtered : 71934366.000000
time : 62.809071
