Parameters: GAD=1 vflib=1 dir=0 label=1 lowerbound=1 fileNameGp=../graphsdb/mcs70/rand/r02/mcs70_r02_s25.A53 fileNameGt=../graphsdb/mcs70/rand/r02/mcs70_r02_s25.B53
Reading graphs...
25 :  106
25 :  106
Initializing...
maxdom : 8
D->valSize : 156
Solving...
Blb : 2 (clique : 6)
currentSize : 6 <-- 0.000811 s
currentSize : 7 <-- 0.000855 s
currentSize : 8 <-- 0.001085 s
currentSize : 9 <-- 0.001193 s
currentSize : 10 <-- 0.002714 s
currentSize : 11 <-- 0.003384 s
currentSize : 15 <-- 0.003700 s

maxsize : 15
nodes : 1233.000000
filtered : 14070.000000
time : 0.004426
