Parameters: GAD=1 vflib=1 dir=0 label=1 lowerbound=1 fileNameGp=../graphsdb/mcs70/bvg/b03m/mcs70_b03m_s25.A48 fileNameGt=../graphsdb/mcs70/bvg/b03m/mcs70_b03m_s25.B48
Reading graphs...
25 :  37
25 :  37
Initializing...
maxdom : 8
D->valSize : 161
Solving...
Blb : 2 (clique : 12)
currentSize : 12 <-- 0.000840 s
currentSize : 13 <-- 0.001075 s
currentSize : 14 <-- 0.001171 s
currentSize : 15 <-- 0.001437 s
currentSize : 16 <-- 0.014153 s
currentSize : 17 <-- 0.014227 s
currentSize : 18 <-- 0.016341 s

maxsize : 18
nodes : 5464.000000
filtered : 49053.000000
time : 0.017771
