Parameters: GAD=1 vflib=1 dir=0 label=1 lowerbound=1 fileNameGp=../graphsdb/mcs70/bvg/b06m/mcs70_b06m_s80.A02 fileNameGt=../graphsdb/mcs70/bvg/b06m/mcs70_b06m_s80.B02
Reading graphs...
80 :  235
80 :  237
Initializing...
maxdom : 10
D->valSize : 454
Solving...
Blb : 3 (clique : 44)
currentSize : 44 <-- 0.004672 s
currentSize : 45 <-- 3.752283 s
currentSize : 46 <-- 7.586338 s
currentSize : 47 <-- 8.500129 s
currentSize : 48 <-- 9.331006 s
currentSize : 49 <-- 9.913782 s
currentSize : 50 <-- 13.111645 s
currentSize : 51 <-- 13.111939 s
currentSize : 52 <-- 16.099043 s
currentSize : 53 <-- 21.605255 s
currentSize : 54 <-- 21.605667 s
currentSize : 55 <-- 23.518419 s

maxsize : 55
nodes : 5432870.000000
filtered : 29459810.000000
time : 26.158648
