Parameters: GAD=1 vflib=1 dir=0 label=1 lowerbound=1 fileNameGp=../graphsdb/mcs70/bvg/b09/mcs70_b09_s70.A24 fileNameGt=../graphsdb/mcs70/bvg/b09/mcs70_b09_s70.B24
Reading graphs...
70 :  313
70 :  314
Initializing...
maxdom : 11
D->valSize : 351
Solving...
Blb : 5 (clique : 12)
currentSize : 12 <-- 0.002936 s
currentSize : 14 <-- 0.005288 s
currentSize : 16 <-- 0.005738 s
currentSize : 17 <-- 0.019533 s
currentSize : 18 <-- 0.037968 s
currentSize : 23 <-- 0.045595 s
currentSize : 24 <-- 0.045648 s
currentSize : 27 <-- 0.045880 s
currentSize : 29 <-- 0.047050 s
currentSize : 31 <-- 0.063551 s
currentSize : 33 <-- 0.064096 s
currentSize : 35 <-- 0.105956 s
currentSize : 38 <-- 0.186741 s
currentSize : 48 <-- 0.197886 s

maxsize : 48
nodes : 45929.000000
filtered : 355667.000000
time : 0.218119
