Parameters: GAD=1 vflib=1 dir=0 label=1 lowerbound=1 fileNameGp=../graphsdb/mcs70/bvg/b03m/mcs70_b03m_s25.A83 fileNameGt=../graphsdb/mcs70/bvg/b03m/mcs70_b03m_s25.B83
Reading graphs...
25 :  36
25 :  37
Initializing...
maxdom : 8
D->valSize : 164
Solving...
Blb : 2 (clique : 10)
currentSize : 10 <-- 0.000827 s
currentSize : 11 <-- 0.002825 s
currentSize : 12 <-- 0.006145 s
currentSize : 13 <-- 0.008879 s
currentSize : 14 <-- 0.008906 s
currentSize : 15 <-- 0.009713 s
currentSize : 17 <-- 0.010099 s
currentSize : 18 <-- 0.010166 s

maxsize : 18
nodes : 4800.000000
filtered : 22907.000000
time : 0.012022
