Parameters: GAD=1 vflib=1 dir=0 label=1 lowerbound=1 fileNameGp=../graphsdb/mcs70/m2D/m2Dr6/mcs70_m2Dr6_s50.A28 fileNameGt=../graphsdb/mcs70/m2D/m2Dr6/mcs70_m2Dr6_s50.B28
Reading graphs...
50 :  113
50 :  109
Initializing...
maxdom : 10
D->valSize : 342
Solving...
Blb : 2 (clique : 26)
currentSize : 26 <-- 0.002745 s
currentSize : 27 <-- 0.002874 s
currentSize : 28 <-- 0.002917 s
currentSize : 29 <-- 0.002977 s
currentSize : 32 <-- 0.003025 s
currentSize : 34 <-- 0.081118 s
currentSize : 35 <-- 0.081193 s
currentSize : 36 <-- 0.081416 s

maxsize : 36
nodes : 28971.000000
filtered : 283954.000000
time : 0.130069
