Parameters: GAD=1 vflib=1 dir=0 label=1 lowerbound=1 fileNameGp=../graphsdb/mcs70/rand/r02/mcs70_r02_s50.A27 fileNameGt=../graphsdb/mcs70/rand/r02/mcs70_r02_s50.B27
Reading graphs...
50 :  434
50 :  437
Initializing...
maxdom : 9
D->valSize : 309
Solving...
Blb : 2 (clique : 7)
currentSize : 7 <-- 0.002023 s
currentSize : 8 <-- 0.002812 s
currentSize : 9 <-- 0.002900 s
currentSize : 10 <-- 0.006596 s
currentSize : 11 <-- 0.006916 s
currentSize : 13 <-- 0.011631 s
currentSize : 17 <-- 0.012606 s
currentSize : 18 <-- 0.013114 s
currentSize : 19 <-- 0.015089 s
currentSize : 28 <-- 0.015221 s

maxsize : 28
nodes : 6327.000000
filtered : 78280.000000
time : 0.027598
