Parameters: GAD=1 vflib=1 dir=0 label=1 lowerbound=1 fileNameGp=../graphsdb/mcs70/m3D/m3Dr4/mcs70_m3Dr4_s100.A41 fileNameGt=../graphsdb/mcs70/m3D/m3Dr4/mcs70_m3Dr4_s100.B41
Reading graphs...
100 :  275
100 :  274
Initializing...
maxdom : 8
D->valSize : 358
Solving...
Blb : 2 (clique : 39)
currentSize : 39 <-- 0.003698 s
currentSize : 40 <-- 0.004606 s
currentSize : 42 <-- 0.015181 s
currentSize : 43 <-- 0.066793 s
currentSize : 45 <-- 0.163589 s
currentSize : 46 <-- 0.201057 s
currentSize : 47 <-- 0.388265 s
currentSize : 49 <-- 0.419789 s
currentSize : 50 <-- 0.515831 s
currentSize : 51 <-- 0.515956 s
currentSize : 52 <-- 0.733885 s
currentSize : 53 <-- 0.734000 s
currentSize : 54 <-- 6.446205 s
currentSize : 55 <-- 6.653413 s
currentSize : 56 <-- 6.653601 s
currentSize : 61 <-- 16.119272 s
currentSize : 62 <-- 30.377567 s
currentSize : 63 <-- 30.480375 s
currentSize : 64 <-- 30.480707 s

maxsize : 64
nodes : 52173470.000000
filtered : 164991919.000000
time : 249.059601
