Parameters: GAD=1 vflib=1 dir=0 label=1 lowerbound=1 fileNameGp=../graphsdb/mcs70/rand/r02/mcs70_r02_s100.A43 fileNameGt=../graphsdb/mcs70/rand/r02/mcs70_r02_s100.B43
Reading graphs...
100 :  1775
100 :  1763
Initializing...
maxdom : 7
D->valSize : 383
Solving...
Blb : 5 (clique : 9)
currentSize : 9 <-- 0.003701 s
currentSize : 11 <-- 0.003826 s
currentSize : 23 <-- 0.005430 s
currentSize : 44 <-- 0.014090 s
currentSize : 45 <-- 0.064421 s
currentSize : 46 <-- 0.480533 s
currentSize : 47 <-- 1.767051 s
currentSize : 48 <-- 12.167591 s

maxsize : 48
nodes : 42871495.000000
filtered : 26043989.000000
time : 181.201691
