Parameters: GAD=1 vflib=1 dir=0 label=1 lowerbound=1 fileNameGp=../graphsdb/mcs70/bvg/b03/mcs70_b03_s20.A29 fileNameGt=../graphsdb/mcs70/bvg/b03/mcs70_b03_s20.B29
Reading graphs...
20 :  30
20 :  30
Initializing...
maxdom : 8
D->valSize : 108
Solving...
Blb : 2 (clique : 8)
currentSize : 8 <-- 0.000517 s
currentSize : 10 <-- 0.000599 s
currentSize : 11 <-- 0.001165 s
currentSize : 12 <-- 0.001174 s
currentSize : 13 <-- 0.001372 s
currentSize : 14 <-- 0.001523 s

maxsize : 14
nodes : 529.000000
filtered : 3631.000000
time : 0.001729
