Parameters: GAD=1 vflib=1 dir=0 label=1 lowerbound=1 fileNameGp=../graphsdb/mcs70/m2D/m2Dr4/mcs70_m2Dr4_s70.A91 fileNameGt=../graphsdb/mcs70/m2D/m2Dr4/mcs70_m2Dr4_s70.B91
Reading graphs...
70 :  151
70 :  150
Initializing...
maxdom : 10
D->valSize : 351
Solving...
Blb : 2 (clique : 30)
currentSize : 30 <-- 0.004956 s
currentSize : 31 <-- 0.005259 s
currentSize : 33 <-- 0.005512 s
currentSize : 37 <-- 0.027491 s
currentSize : 40 <-- 0.027665 s
currentSize : 42 <-- 0.070574 s
currentSize : 43 <-- 0.202235 s
currentSize : 45 <-- 0.202440 s
currentSize : 46 <-- 1.405914 s
currentSize : 47 <-- 1.414920 s
currentSize : 49 <-- 1.415241 s

maxsize : 49
nodes : 439435.000000
filtered : 2150653.000000
time : 1.903608
