Parameters: GAD=1 vflib=1 dir=0 label=1 lowerbound=1 fileNameGp=../graphsdb/mcs70/m2D/m2Dr6/mcs70_m2Dr6_s60.A34 fileNameGt=../graphsdb/mcs70/m2D/m2Dr6/mcs70_m2Dr6_s60.B34
Reading graphs...
60 :  138
60 :  137
Initializing...
maxdom : 8
D->valSize : 244
Solving...
Blb : 2 (clique : 30)
currentSize : 30 <-- 0.002902 s
currentSize : 31 <-- 0.004159 s
currentSize : 32 <-- 0.005919 s
currentSize : 33 <-- 0.006884 s
currentSize : 34 <-- 0.011049 s
currentSize : 35 <-- 0.079958 s

maxsize : 35
nodes : 490582.000000
filtered : 2823385.000000
time : 2.206391
