Parameters: GAD=1 vflib=1 dir=0 label=1 lowerbound=1 fileNameGp=../graphsdb/mcs70/m2D/m2D/mcs70_m2D_s100.A97 fileNameGt=../graphsdb/mcs70/m2D/m2D/mcs70_m2D_s100.B97
Reading graphs...
100 :  180
100 :  179
Initializing...
maxdom : 9
D->valSize : 392
Solving...
Blb : 2 (clique : 48)
currentSize : 48 <-- 0.004527 s
currentSize : 50 <-- 30.894630 s
currentSize : 51 <-- 82.552010 s
currentSize : 53 <-- 161.379349 s
currentSize : 54 <-- 161.384048 s
currentSize : 55 <-- 215.360519 s
currentSize : 58 <-- 308.981049 s
currentSize : 59 <-- 564.062195 s
currentSize : 60 <-- 564.063965 s
currentSize : 62 <-- 564.608337 s
currentSize : 63 <-- 564.615356 s
currentSize : 64 <-- 620.431580 s
currentSize : 65 <-- 620.440186 s

maxsize : 65
nodes : 133037952.000000
filtered : 504186705.000000
time : 692.457092
