Parameters: GAD=1 vflib=1 dir=0 label=1 lowerbound=1 fileNameGp=../graphsdb/mcs70/rand/r01/mcs70_r01_s40.A92 fileNameGt=../graphsdb/mcs70/rand/r01/mcs70_r01_s40.B92
Reading graphs...
40 :  145
40 :  148
Initializing...
maxdom : 9
D->valSize : 240
Solving...
Blb : 2 (clique : 14)
currentSize : 14 <-- 0.001520 s
currentSize : 15 <-- 0.002229 s
currentSize : 16 <-- 0.003029 s
currentSize : 20 <-- 0.003114 s
currentSize : 22 <-- 0.006319 s
currentSize : 26 <-- 0.006379 s

maxsize : 26
nodes : 2288.000000
filtered : 28738.000000
time : 0.010745
