Parameters: GAD=1 vflib=1 dir=0 label=1 lowerbound=1 fileNameGp=../graphsdb/mcs70/m2D/m2D/mcs70_m2D_s50.A46 fileNameGt=../graphsdb/mcs70/m2D/m2D/mcs70_m2D_s50.B46
Reading graphs...
50 :  85
50 :  85
Initializing...
maxdom : 9
D->valSize : 316
Solving...
Blb : 2 (clique : 31)
currentSize : 31 <-- 0.002348 s
currentSize : 32 <-- 0.002503 s
currentSize : 33 <-- 0.002560 s
currentSize : 34 <-- 0.003447 s
currentSize : 35 <-- 0.004319 s
currentSize : 36 <-- 0.004394 s

maxsize : 36
nodes : 31267.000000
filtered : 242256.000000
time : 0.125536
