Parameters: GAD=1 vflib=1 dir=0 label=1 lowerbound=1 fileNameGp=../graphsdb/mcs70/m2D/m2D/mcs70_m2D_s25.A70 fileNameGt=../graphsdb/mcs70/m2D/m2D/mcs70_m2D_s25.B70
Reading graphs...
25 :  40
25 :  40
Initializing...
maxdom : 7
D->valSize : 156
Solving...
Blb : 5 (clique : 12)
currentSize : 12 <-- 0.000849 s
currentSize : 13 <-- 0.002805 s
currentSize : 14 <-- 0.002933 s
currentSize : 15 <-- 0.007103 s
currentSize : 16 <-- 0.007198 s

maxsize : 16
nodes : 5632.000000
filtered : 47471.000000
time : 0.015736
