Parameters: GAD=1 vflib=1 dir=0 label=1 lowerbound=1 fileNameGp=../graphsdb/mcs70/rand/r005/mcs70_r005_s40.A15 fileNameGt=../graphsdb/mcs70/rand/r005/mcs70_r005_s40.B15
Reading graphs...
40 :  75
40 :  76
Initializing...
maxdom : 9
D->valSize : 221
Solving...
Blb : 2 (clique : 15)
currentSize : 15 <-- 0.001320 s
currentSize : 16 <-- 0.001407 s
currentSize : 18 <-- 0.002866 s
currentSize : 19 <-- 0.005565 s
currentSize : 21 <-- 0.023213 s
currentSize : 22 <-- 0.032521 s
currentSize : 23 <-- 0.035393 s
currentSize : 25 <-- 0.036268 s
currentSize : 27 <-- 0.037785 s
currentSize : 28 <-- 0.037855 s

maxsize : 28
nodes : 11965.000000
filtered : 101024.000000
time : 0.039601
