Parameters: GAD=1 vflib=1 dir=0 label=1 lowerbound=1 fileNameGp=../graphsdb/mcs70/m2D/m2D/mcs70_m2D_s60.A18 fileNameGt=../graphsdb/mcs70/m2D/m2D/mcs70_m2D_s60.B18
Reading graphs...
60 :  104
60 :  104
Initializing...
maxdom : 8
D->valSize : 272
Solving...
Blb : 2 (clique : 24)
currentSize : 24 <-- 0.002134 s
currentSize : 25 <-- 0.008443 s
currentSize : 26 <-- 0.026965 s
currentSize : 27 <-- 0.051916 s
currentSize : 28 <-- 0.087896 s
currentSize : 29 <-- 0.169113 s
currentSize : 30 <-- 0.201919 s
currentSize : 31 <-- 0.220184 s
currentSize : 34 <-- 0.499136 s
currentSize : 37 <-- 5.407024 s

maxsize : 37
nodes : 5800051.000000
filtered : 26511578.000000
time : 21.783857
