Parameters: GAD=1 vflib=1 dir=0 label=1 lowerbound=1 fileNameGp=../graphsdb/mcs70/bvg/b03/mcs70_b03_s70.A64 fileNameGt=../graphsdb/mcs70/bvg/b03/mcs70_b03_s70.B64
Reading graphs...
70 :  105
70 :  105
Initializing...
maxdom : 8
D->valSize : 359
Solving...
Blb : 2 (clique : 29)
currentSize : 29 <-- 0.003135 s
currentSize : 32 <-- 0.003325 s
currentSize : 36 <-- 0.003439 s
currentSize : 37 <-- 0.009249 s
currentSize : 38 <-- 0.019580 s
currentSize : 39 <-- 0.024687 s
currentSize : 42 <-- 0.032340 s
currentSize : 44 <-- 3.598941 s
currentSize : 45 <-- 7.796314 s
currentSize : 48 <-- 10.958186 s

maxsize : 48
nodes : 3738957.000000
filtered : 21752824.000000
time : 17.596603
