Parameters: GAD=1 vflib=1 dir=0 label=1 lowerbound=1 fileNameGp=../graphsdb/mcs70/m2D/m2Dr6/mcs70_m2Dr6_s60.A56 fileNameGt=../graphsdb/mcs70/m2D/m2Dr6/mcs70_m2Dr6_s60.B56
Reading graphs...
60 :  136
60 :  136
Initializing...
maxdom : 6
D->valSize : 248
Solving...
Blb : 2 (clique : 31)
currentSize : 31 <-- 0.001916 s
currentSize : 33 <-- 0.002111 s
currentSize : 34 <-- 0.002249 s
currentSize : 35 <-- 0.002440 s
currentSize : 36 <-- 0.002634 s

maxsize : 36
nodes : 1815775.000000
filtered : 9228408.000000
time : 7.683265
