Parameters: GAD=1 vflib=1 dir=0 label=1 lowerbound=1 fileNameGp=../graphsdb/mcs70/bvg/b06/mcs70_b06_s70.A26 fileNameGt=../graphsdb/mcs70/bvg/b06/mcs70_b06_s70.B26
Reading graphs...
70 :  209
70 :  209
Initializing...
maxdom : 9
D->valSize : 344
Solving...
Blb : 2 (clique : 33)
currentSize : 33 <-- 0.004759 s
currentSize : 34 <-- 0.124203 s
currentSize : 35 <-- 0.124329 s
currentSize : 36 <-- 1.347900 s
currentSize : 38 <-- 1.348004 s
currentSize : 40 <-- 1.348130 s
currentSize : 41 <-- 1.388542 s
currentSize : 42 <-- 1.650393 s
currentSize : 43 <-- 6.149083 s
currentSize : 47 <-- 6.149233 s
currentSize : 48 <-- 6.149562 s
currentSize : 49 <-- 6.171386 s

maxsize : 49
nodes : 1363708.000000
filtered : 10367525.000000
time : 6.576579
