Parameters: GAD=1 vflib=1 dir=0 label=1 lowerbound=1 fileNameGp=../graphsdb/mcs70/bvg/b06m/mcs70_b06m_s60.A96 fileNameGt=../graphsdb/mcs70/bvg/b06m/mcs70_b06m_s60.B96
Reading graphs...
60 :  178
60 :  178
Initializing...
maxdom : 8
D->valSize : 245
Solving...
Blb : 2 (clique : 23)
currentSize : 23 <-- 0.001832 s
currentSize : 26 <-- 0.003183 s
currentSize : 27 <-- 0.003220 s
currentSize : 29 <-- 0.004879 s
currentSize : 30 <-- 0.005153 s
currentSize : 32 <-- 0.011111 s
currentSize : 33 <-- 0.011292 s
currentSize : 34 <-- 0.011699 s
currentSize : 36 <-- 0.113057 s
currentSize : 37 <-- 0.113341 s
currentSize : 39 <-- 0.115497 s
currentSize : 41 <-- 0.115826 s

maxsize : 41
nodes : 90323.000000
filtered : 311328.000000
time : 0.349069
