Parameters: GAD=1 vflib=1 dir=0 label=1 lowerbound=1 fileNameGp=../graphsdb/mcs70/rand/r01/mcs70_r01_s100.A31 fileNameGt=../graphsdb/mcs70/rand/r01/mcs70_r01_s100.B31
Reading graphs...
100 :  937
100 :  937
Initializing...
maxdom : 8
D->valSize : 390
Solving...
Blb : 2 (clique : 17)
currentSize : 17 <-- 0.004142 s
currentSize : 20 <-- 0.004287 s
currentSize : 22 <-- 0.018628 s
currentSize : 23 <-- 0.018823 s
currentSize : 24 <-- 0.021141 s
currentSize : 26 <-- 0.027685 s
currentSize : 27 <-- 0.028432 s
currentSize : 28 <-- 0.053450 s
currentSize : 29 <-- 0.053582 s
currentSize : 30 <-- 0.053870 s
currentSize : 35 <-- 0.054081 s
currentSize : 36 <-- 0.054248 s
currentSize : 37 <-- 0.107550 s
currentSize : 38 <-- 0.107731 s
currentSize : 47 <-- 0.107957 s
currentSize : 48 <-- 0.108542 s
currentSize : 59 <-- 0.281842 s
currentSize : 60 <-- 0.847540 s

maxsize : 60
nodes : 3975503.000000
filtered : 2792427.000000
time : 14.642782
