Parameters: GAD=1 vflib=1 dir=0 label=1 lowerbound=1 fileNameGp=../graphsdb/mcs70/m2D/m2Dr2/mcs70_m2Dr2_s90.A44 fileNameGt=../graphsdb/mcs70/m2D/m2Dr2/mcs70_m2Dr2_s90.B44
Reading graphs...
90 :  178
90 :  178
Initializing...
maxdom : 9
D->valSize : 558
Solving...
Blb : 2 (clique : 54)
currentSize : 54 <-- 0.006805 s
currentSize : 55 <-- 7.562689 s
currentSize : 58 <-- 7.562840 s
currentSize : 60 <-- 46.956249 s
currentSize : 63 <-- 46.956409 s
currentSize : 64 <-- 46.956692 s

maxsize : 64
nodes : 30167192.000000
filtered : 208984306.000000
time : 173.814880
