Parameters: GAD=1 vflib=1 dir=0 label=1 lowerbound=1 fileNameGp=../graphsdb/mcs70/bvg/b06m/mcs70_b06m_s100.A27 fileNameGt=../graphsdb/mcs70/bvg/b06m/mcs70_b06m_s100.B27
Reading graphs...
100 :  298
100 :  299
Initializing...
maxdom : 6
D->valSize : 347
Solving...
Blb : 2 (clique : 60)
currentSize : 60 <-- 0.003792 s
currentSize : 61 <-- 0.004147 s
currentSize : 63 <-- 0.007787 s
currentSize : 66 <-- 0.011092 s
currentSize : 68 <-- 0.011239 s
currentSize : 70 <-- 0.012813 s

maxsize : 70
nodes : 6108162.000000
filtered : 19858794.000000
time : 30.667000
