Parameters: GAD=1 vflib=1 dir=0 label=1 lowerbound=1 fileNameGp=../graphsdb/mcs70/m2D/m2Dr2/mcs70_m2Dr2_s70.A86 fileNameGt=../graphsdb/mcs70/m2D/m2Dr2/mcs70_m2Dr2_s70.B86
Reading graphs...
70 :  135
70 :  135
Initializing...
maxdom : 11
D->valSize : 414
Solving...
Blb : 2 (clique : 42)
currentSize : 42 <-- 0.006484 s
currentSize : 43 <-- 0.006896 s
currentSize : 46 <-- 0.007545 s
currentSize : 47 <-- 0.014282 s
currentSize : 48 <-- 0.322706 s

maxsize : 48
nodes : 5794223.000000
filtered : 19877392.000000
time : 21.551945
