Parameters: GAD=1 vflib=1 dir=0 label=1 lowerbound=1 fileNameGp=../graphsdb/mcs70/bvg/b03m/mcs70_b03m_s70.A65 fileNameGt=../graphsdb/mcs70/bvg/b03m/mcs70_b03m_s70.B65
Reading graphs...
70 :  104
70 :  104
Initializing...
maxdom : 9
D->valSize : 379
Solving...
Blb : 3 (clique : 41)
currentSize : 41 <-- 0.003599 s
currentSize : 42 <-- 0.005793 s
currentSize : 43 <-- 0.194068 s
currentSize : 46 <-- 0.202756 s
currentSize : 48 <-- 0.264890 s

maxsize : 48
nodes : 1367542.000000
filtered : 4368184.000000
time : 5.332715
