Parameters: GAD=1 vflib=1 dir=0 label=1 lowerbound=1 fileNameGp=../graphsdb/mcs70/m2D/m2Dr4/mcs70_m2Dr4_s80.A83 fileNameGt=../graphsdb/mcs70/m2D/m2Dr4/mcs70_m2Dr4_s80.B83
Reading graphs...
80 :  174
80 :  172
Initializing...
maxdom : 13
D->valSize : 472
Solving...
Blb : 2 (clique : 30)
currentSize : 30 <-- 0.004863 s
currentSize : 31 <-- 0.005088 s
currentSize : 32 <-- 0.005120 s
currentSize : 33 <-- 0.005587 s
currentSize : 34 <-- 0.014237 s
currentSize : 35 <-- 370.359131 s
currentSize : 36 <-- 410.018890 s
currentSize : 37 <-- 448.125977 s
currentSize : 39 <-- 620.765991 s
currentSize : 40 <-- 620.767273 s
currentSize : 41 <-- 672.986694 s
currentSize : 42 <-- 836.876099 s
currentSize : 43 <-- 836.877991 s
currentSize : 44 <-- 836.878235 s
currentSize : 45 <-- 983.718750 s
currentSize : 46 <-- 1373.616089 s
currentSize : 47 <-- 1373.633301 s
currentSize : 48 <-- 1373.634277 s
currentSize : 49 <-- 1373.634521 s
currentSize : 50 <-- 1373.634766 s

maxsize : 50
nodes : 282179886.000000
filtered : 2444718040.000000
time : 1539.845093
