Parameters: GAD=1 vflib=1 dir=0 label=1 lowerbound=1 fileNameGp=../graphsdb/mcs70/m2D/m2Dr4/mcs70_m2Dr4_s40.A42 fileNameGt=../graphsdb/mcs70/m2D/m2Dr4/mcs70_m2Dr4_s40.B42
Reading graphs...
40 :  83
40 :  80
Initializing...
maxdom : 7
D->valSize : 207
Solving...
Blb : 3 (clique : 20)
currentSize : 20 <-- 0.001255 s
currentSize : 21 <-- 0.009360 s
currentSize : 22 <-- 0.018435 s
currentSize : 23 <-- 0.049548 s
currentSize : 25 <-- 0.105723 s
currentSize : 26 <-- 0.106943 s

maxsize : 26
nodes : 42653.000000
filtered : 289150.000000
time : 0.144673
