Parameters: GAD=1 vflib=1 dir=0 label=1 lowerbound=1 fileNameGp=../graphsdb/mcs70/m2D/m2D/mcs70_m2D_s50.A04 fileNameGt=../graphsdb/mcs70/m2D/m2D/mcs70_m2D_s50.B04
Reading graphs...
50 :  85
50 :  85
Initializing...
maxdom : 10
D->valSize : 325
Solving...
Blb : 2 (clique : 31)
currentSize : 31 <-- 0.002420 s
currentSize : 32 <-- 0.002593 s
currentSize : 33 <-- 0.002628 s
currentSize : 34 <-- 0.003038 s
currentSize : 35 <-- 1.330959 s
currentSize : 36 <-- 1.331058 s

maxsize : 36
nodes : 609247.000000
filtered : 4144050.000000
time : 2.327500
