Parameters: GAD=1 vflib=1 dir=0 label=1 lowerbound=1 fileNameGp=../graphsdb/mcs70/rand/r01/mcs70_r01_s90.A83 fileNameGt=../graphsdb/mcs70/rand/r01/mcs70_r01_s90.B83
Reading graphs...
90 :  762
90 :  751
Initializing...
maxdom : 13
D->valSize : 578
Solving...
Blb : 2 (clique : 17)
currentSize : 17 <-- 0.010193 s
currentSize : 18 <-- 0.019505 s
currentSize : 20 <-- 0.022509 s
currentSize : 25 <-- 0.043481 s
currentSize : 27 <-- 0.049137 s
currentSize : 31 <-- 0.061392 s
currentSize : 34 <-- 0.121043 s
currentSize : 41 <-- 0.188186 s
currentSize : 42 <-- 0.222293 s
currentSize : 48 <-- 0.388670 s
currentSize : 57 <-- 0.516154 s

maxsize : 57
nodes : 232737.000000
filtered : 2026557.000000
time : 1.326688
