Parameters: GAD=1 vflib=1 dir=0 label=1 lowerbound=1 fileNameGp=../graphsdb/mcs70/rand/r02/mcs70_r02_s50.A13 fileNameGt=../graphsdb/mcs70/rand/r02/mcs70_r02_s50.B13
Reading graphs...
50 :  445
50 :  441
Initializing...
maxdom : 10
D->valSize : 328
Solving...
Blb : 2 (clique : 7)
currentSize : 7 <-- 0.002209 s
currentSize : 8 <-- 0.004085 s
currentSize : 10 <-- 0.004647 s
currentSize : 15 <-- 0.007286 s
currentSize : 19 <-- 0.009618 s
currentSize : 27 <-- 0.012178 s
currentSize : 28 <-- 0.012331 s
currentSize : 29 <-- 0.012662 s

maxsize : 29
nodes : 8185.000000
filtered : 70729.000000
time : 0.030592
