Parameters: GAD=1 vflib=1 dir=0 label=1 lowerbound=1 fileNameGp=../graphsdb/mcs70/m3D/m3Dr2/mcs70_m3Dr2_s100.A96 fileNameGt=../graphsdb/mcs70/m3D/m3Dr2/mcs70_m3Dr2_s100.B96
Reading graphs...
100 :  254
100 :  254
Initializing...
maxdom : 10
D->valSize : 417
Solving...
Blb : 2 (clique : 56)
currentSize : 56 <-- 0.004555 s
currentSize : 58 <-- 0.004931 s
currentSize : 60 <-- 0.014203 s
currentSize : 63 <-- 0.014342 s
currentSize : 64 <-- 0.436863 s

maxsize : 64
nodes : 12359328.000000
filtered : 54892604.000000
time : 63.775028
