Parameters: GAD=1 vflib=1 dir=0 label=1 lowerbound=1 fileNameGp=../graphsdb/mcs70/m2D/m2D/mcs70_m2D_s40.A00 fileNameGt=../graphsdb/mcs70/m2D/m2D/mcs70_m2D_s40.B00
Reading graphs...
40 :  67
40 :  67
Initializing...
maxdom : 8
D->valSize : 219
Solving...
Blb : 2 (clique : 20)
currentSize : 20 <-- 0.001438 s
currentSize : 21 <-- 0.002248 s
currentSize : 22 <-- 0.002759 s
currentSize : 23 <-- 0.032056 s
currentSize : 24 <-- 0.032167 s
currentSize : 25 <-- 0.424257 s
currentSize : 26 <-- 0.429297 s

maxsize : 26
nodes : 145235.000000
filtered : 1106776.000000
time : 0.625921
