Parameters: GAD=1 vflib=1 dir=0 label=1 lowerbound=1 fileNameGp=../graphsdb/mcs70/bvg/b09/mcs70_b09_s70.A46 fileNameGt=../graphsdb/mcs70/bvg/b09/mcs70_b09_s70.B46
Reading graphs...
70 :  315
70 :  313
Initializing...
maxdom : 8
D->valSize : 352
Solving...
Blb : 2 (clique : 38)
currentSize : 38 <-- 0.004791 s
currentSize : 42 <-- 0.005113 s
currentSize : 44 <-- 0.005393 s
currentSize : 46 <-- 0.006094 s
currentSize : 48 <-- 0.006362 s

maxsize : 48
nodes : 81724.000000
filtered : 539821.000000
time : 0.424093
