Parameters: GAD=1 vflib=1 dir=0 label=1 lowerbound=1 fileNameGp=../graphsdb/mcs70/m2D/m2Dr6/mcs70_m2Dr6_s60.A39 fileNameGt=../graphsdb/mcs70/m2D/m2Dr6/mcs70_m2Dr6_s60.B39
Reading graphs...
60 :  139
60 :  135
Initializing...
maxdom : 8
D->valSize : 246
Solving...
Blb : 2 (clique : 27)
currentSize : 27 <-- 0.002215 s
currentSize : 28 <-- 0.022894 s
currentSize : 29 <-- 0.022950 s
currentSize : 30 <-- 0.022988 s
currentSize : 31 <-- 5.526016 s
currentSize : 32 <-- 5.526840 s
currentSize : 36 <-- 6.399287 s

maxsize : 36
nodes : 2766506.000000
filtered : 11261207.000000
time : 10.434819
