Parameters: GAD=1 vflib=1 dir=0 label=1 lowerbound=1 fileNameGp=../graphsdb/mcs70/m3D/m3Dr4/mcs70_m3Dr4_s90.A77 fileNameGt=../graphsdb/mcs70/m3D/m3Dr4/mcs70_m3Dr4_s90.B77
Reading graphs...
90 :  243
90 :  243
Initializing...
maxdom : 10
D->valSize : 584
Solving...
Blb : 2 (clique : 40)
currentSize : 40 <-- 0.007213 s
currentSize : 44 <-- 0.008222 s
currentSize : 45 <-- 0.022720 s
currentSize : 50 <-- 0.023088 s
currentSize : 56 <-- 0.045072 s
currentSize : 59 <-- 1.006622 s
currentSize : 62 <-- 1.036069 s
currentSize : 64 <-- 15.470197 s

maxsize : 64
nodes : 4348261.000000
filtered : 29163797.000000
time : 23.529709
