Parameters: GAD=1 vflib=1 dir=0 label=1 lowerbound=1 fileNameGp=../graphsdb/mcs70/bvg/b09m/mcs70_b09m_s90.A28 fileNameGt=../graphsdb/mcs70/bvg/b09m/mcs70_b09m_s90.B28
Reading graphs...
90 :  399
90 :  399
Initializing...
maxdom : 9
D->valSize : 558
Solving...
Blb : 2 (clique : 39)
currentSize : 39 <-- 0.010614 s
currentSize : 40 <-- 0.011569 s
currentSize : 41 <-- 0.163855 s
currentSize : 43 <-- 40.189007 s
currentSize : 45 <-- 40.479439 s
currentSize : 46 <-- 40.480602 s
currentSize : 47 <-- 40.986565 s
currentSize : 48 <-- 60.019520 s
currentSize : 51 <-- 60.019714 s
currentSize : 54 <-- 60.019928 s
currentSize : 56 <-- 60.849110 s
currentSize : 57 <-- 76.826019 s
currentSize : 59 <-- 87.086205 s
currentSize : 61 <-- 87.087242 s

maxsize : 61
nodes : 17156344.000000
filtered : 131044678.000000
time : 98.377022
