Parameters: GAD=1 vflib=1 dir=0 label=1 lowerbound=1 fileNameGp=../graphsdb/mcs70/bvg/b03/mcs70_b03_s60.A84 fileNameGt=../graphsdb/mcs70/bvg/b03/mcs70_b03_s60.B84
Reading graphs...
60 :  90
60 :  90
Initializing...
maxdom : 8
D->valSize : 272
Solving...
Blb : 2 (clique : 33)
currentSize : 33 <-- 0.002278 s
currentSize : 34 <-- 0.030129 s
currentSize : 35 <-- 0.030346 s
currentSize : 36 <-- 0.126854 s
currentSize : 37 <-- 0.136897 s
currentSize : 39 <-- 0.232214 s
currentSize : 40 <-- 0.376815 s
currentSize : 42 <-- 2.174489 s
currentSize : 43 <-- 2.293625 s

maxsize : 43
nodes : 1217202.000000
filtered : 4883015.000000
time : 4.353590
