Parameters: GAD=1 vflib=1 dir=0 label=1 lowerbound=1 fileNameGp=../graphsdb/mcs70/rand/r005/mcs70_r005_s30.A85 fileNameGt=../graphsdb/mcs70/rand/r005/mcs70_r005_s30.B85
Reading graphs...
30 :  42
30 :  41
Initializing...
maxdom : 5
D->valSize : 113
Solving...
Blb : 3 (clique : 16)
currentSize : 16 <-- 0.000675 s
currentSize : 17 <-- 0.000850 s
currentSize : 18 <-- 0.000885 s
currentSize : 19 <-- 0.001032 s
currentSize : 21 <-- 0.001301 s

maxsize : 21
nodes : 757.000000
filtered : 4140.000000
time : 0.002742
