Parameters: GAD=1 vflib=1 dir=0 label=1 lowerbound=1 fileNameGp=../graphsdb/mcs70/m2D/m2D/mcs70_m2D_s90.A64 fileNameGt=../graphsdb/mcs70/m2D/m2D/mcs70_m2D_s90.B64
Reading graphs...
90 :  160
90 :  160
Initializing...
maxdom : 10
D->valSize : 545
Solving...
Blb : 3 (clique : 35)
currentSize : 35 <-- 0.006530 s
currentSize : 47 <-- 0.006833 s
currentSize : 49 <-- 0.287630 s
currentSize : 50 <-- 0.287754 s
currentSize : 51 <-- 303.979889 s
currentSize : 52 <-- 821.996277 s
currentSize : 53 <-- 879.082642 s
currentSize : 54 <-- 887.143372 s
currentSize : 55 <-- 889.752869 s
currentSize : 56 <-- 898.920898 s
currentSize : 57 <-- 898.921021 s
currentSize : 58 <-- 1265.380615 s
currentSize : 59 <-- 1265.380737 s
currentSize : 60 <-- 1265.389160 s
currentSize : 61 <-- 1715.819824 s
currentSize : 64 <-- 2250.791992 s

maxsize : 64
nodes : 545437699.000000
filtered : 3502709779.000000
time : 3076.561523
