Parameters: GAD=1 vflib=1 dir=0 label=1 lowerbound=1 fileNameGp=../graphsdb/mcs70/bvg/b03/mcs70_b03_s100.A52 fileNameGt=../graphsdb/mcs70/bvg/b03/mcs70_b03_s100.B52
Reading graphs...
100 :  150
100 :  149
Initializing...
maxdom : 8
D->valSize : 401
Solving...
Blb : 5 (clique : 40)
currentSize : 40 <-- 0.004295 s
currentSize : 41 <-- 0.037669 s
currentSize : 46 <-- 0.164995 s
currentSize : 47 <-- 0.486937 s
currentSize : 48 <-- 1.616064 s
currentSize : 49 <-- 1.932330 s
currentSize : 50 <-- 2.379251 s
currentSize : 51 <-- 2.403704 s
currentSize : 52 <-- 8.803829 s
currentSize : 53 <-- 8.885981 s
currentSize : 54 <-- 8.897019 s
currentSize : 55 <-- 17.419920 s
currentSize : 56 <-- 17.426880 s
currentSize : 57 <-- 17.556583 s
currentSize : 58 <-- 17.562836 s
currentSize : 59 <-- 166.603333 s
currentSize : 60 <-- 167.544022 s
currentSize : 61 <-- 167.544327 s
currentSize : 62 <-- 1076.797607 s
currentSize : 64 <-- 1077.340942 s
currentSize : 66 <-- 2466.637451 s

TIMEOUT
maxsize : 66
nodes : 733698516.000000
filtered : 2558968298.000000
time : 3600.000000
