Parameters: GAD=1 vflib=1 dir=0 label=1 lowerbound=1 fileNameGp=../graphsdb/mcs70/m2D/m2D/mcs70_m2D_s80.A65 fileNameGt=../graphsdb/mcs70/m2D/m2D/mcs70_m2D_s80.B65
Reading graphs...
80 :  142
80 :  142
Initializing...
maxdom : 9
D->valSize : 412
Solving...
Blb : 2 (clique : 43)
currentSize : 43 <-- 0.006724 s
currentSize : 44 <-- 0.007170 s
currentSize : 46 <-- 0.007332 s
currentSize : 48 <-- 0.007523 s
currentSize : 49 <-- 0.008858 s
currentSize : 50 <-- 102.787788 s

maxsize : 50
nodes : 35661034.000000
filtered : 211481766.000000
time : 185.812408
