Parameters: GAD=1 vflib=1 dir=0 label=1 lowerbound=1 fileNameGp=../graphsdb/mcs70/bvg/b03m/mcs70_b03m_s90.A97 fileNameGt=../graphsdb/mcs70/bvg/b03m/mcs70_b03m_s90.B97
Reading graphs...
90 :  135
90 :  135
Initializing...
maxdom : 10
D->valSize : 564
Solving...
Blb : 2 (clique : 53)
currentSize : 53 <-- 0.006985 s
currentSize : 54 <-- 0.007385 s
currentSize : 55 <-- 0.008398 s
currentSize : 56 <-- 1.992095 s
currentSize : 57 <-- 1.992339 s
currentSize : 58 <-- 2.230686 s
currentSize : 59 <-- 284.850708 s
currentSize : 60 <-- 289.917664 s
currentSize : 61 <-- 289.917816 s

TIMEOUT
maxsize : 61
nodes : 615063002.000000
filtered : 4381163952.000000
time : 3600.000000
