Parameters: GAD=1 vflib=1 dir=0 label=1 lowerbound=1 fileNameGp=../graphsdb/mcs70/m3D/m3Dr2/mcs70_m3Dr2_s40.A00 fileNameGt=../graphsdb/mcs70/m3D/m3Dr2/mcs70_m3Dr2_s40.B00
Reading graphs...
40 :  91
40 :  90
Initializing...
maxdom : 8
D->valSize : 219
Solving...
Blb : 2 (clique : 15)
currentSize : 15 <-- 0.001298 s
currentSize : 16 <-- 0.007202 s
currentSize : 17 <-- 0.025087 s
currentSize : 18 <-- 0.040771 s
currentSize : 23 <-- 0.098710 s
currentSize : 25 <-- 0.098749 s
currentSize : 27 <-- 0.098825 s

maxsize : 27
nodes : 38372.000000
filtered : 309281.000000
time : 0.133846
