Parameters: GAD=1 vflib=1 dir=0 label=1 lowerbound=1 fileNameGp=../graphsdb/mcs70/bvg/b03/mcs70_b03_s40.A20 fileNameGt=../graphsdb/mcs70/bvg/b03/mcs70_b03_s40.B20
Reading graphs...
40 :  60
40 :  60
Initializing...
maxdom : 8
D->valSize : 225
Solving...
Blb : 2 (clique : 22)
currentSize : 22 <-- 0.001365 s
currentSize : 24 <-- 0.001478 s
currentSize : 25 <-- 0.001530 s
currentSize : 27 <-- 0.001568 s
currentSize : 28 <-- 0.001956 s
currentSize : 29 <-- 0.027172 s

maxsize : 29
nodes : 10222.000000
filtered : 88164.000000
time : 0.041122
