Parameters: GAD=1 vflib=1 dir=0 label=1 lowerbound=1 fileNameGp=../graphsdb/mcs70/rand/r01/mcs70_r01_s80.A95 fileNameGt=../graphsdb/mcs70/rand/r01/mcs70_r01_s80.B95
Reading graphs...
80 :  599
80 :  591
Initializing...
maxdom : 12
D->valSize : 475
Solving...
Blb : 5 (clique : 22)
currentSize : 22 <-- 0.004821 s
currentSize : 23 <-- 0.010176 s
currentSize : 24 <-- 0.174682 s
currentSize : 27 <-- 0.174757 s
currentSize : 28 <-- 0.269001 s
currentSize : 36 <-- 0.269347 s
currentSize : 38 <-- 0.360983 s
currentSize : 50 <-- 0.425127 s

maxsize : 50
nodes : 224558.000000
filtered : 1857664.000000
time : 1.119229
