Parameters: GAD=1 vflib=1 dir=0 label=1 lowerbound=1 fileNameGp=../graphsdb/mcs70/m2D/m2D/mcs70_m2D_s80.A61 fileNameGt=../graphsdb/mcs70/m2D/m2D/mcs70_m2D_s80.B61
Reading graphs...
80 :  142
80 :  142
Initializing...
maxdom : 10
D->valSize : 471
Solving...
Blb : 2 (clique : 38)
currentSize : 38 <-- 0.009123 s
currentSize : 40 <-- 4.401770 s
currentSize : 41 <-- 5.292010 s
currentSize : 42 <-- 11.960381 s
currentSize : 43 <-- 29.982420 s
currentSize : 44 <-- 41.676620 s
currentSize : 45 <-- 112.443344 s
currentSize : 46 <-- 120.059654 s
currentSize : 47 <-- 290.891754 s
currentSize : 48 <-- 291.219604 s
currentSize : 49 <-- 291.223694 s
currentSize : 50 <-- 599.712341 s

maxsize : 50
nodes : 452078805.000000
filtered : 3018295040.000000
time : 2295.195557
