Parameters: GAD=1 vflib=1 dir=0 label=1 lowerbound=1 fileNameGp=../graphsdb/mcs70/bvg/b06/mcs70_b06_s70.A82 fileNameGt=../graphsdb/mcs70/bvg/b06/mcs70_b06_s70.B82
Reading graphs...
70 :  209
70 :  210
Initializing...
maxdom : 8
D->valSize : 359
Solving...
Blb : 2 (clique : 34)
currentSize : 34 <-- 0.005000 s
currentSize : 35 <-- 2.532372 s
currentSize : 36 <-- 2.983954 s
currentSize : 37 <-- 2.984097 s
currentSize : 38 <-- 3.780278 s
currentSize : 39 <-- 3.780356 s
currentSize : 44 <-- 3.789832 s
currentSize : 46 <-- 4.290666 s
currentSize : 47 <-- 4.303637 s
currentSize : 49 <-- 5.380793 s

maxsize : 49
nodes : 1511842.000000
filtered : 8982107.000000
time : 6.751893
