Parameters: GAD=1 vflib=1 dir=0 label=1 lowerbound=1 fileNameGp=../graphsdb/mcs70/bvg/b09/mcs70_b09_s25.A05 fileNameGt=../graphsdb/mcs70/bvg/b09/mcs70_b09_s25.B05
Reading graphs...
25 :  108
25 :  111
Initializing...
maxdom : 7
D->valSize : 154
Solving...
Blb : 2 (clique : 6)
currentSize : 6 <-- 0.000892 s
currentSize : 7 <-- 0.000940 s
currentSize : 8 <-- 0.001108 s
currentSize : 11 <-- 0.001292 s
currentSize : 12 <-- 0.001539 s
currentSize : 13 <-- 0.001860 s
currentSize : 16 <-- 0.002024 s

maxsize : 16
nodes : 631.000000
filtered : 9122.000000
time : 0.002897
