Parameters: GAD=1 vflib=1 dir=0 label=1 lowerbound=1 fileNameGp=../graphsdb/mcs70/rand/r005/mcs70_r005_s25.A86 fileNameGt=../graphsdb/mcs70/rand/r005/mcs70_r005_s25.B86
Reading graphs...
25 :  32
25 :  33
Initializing...
maxdom : 8
D->valSize : 161
Solving...
Blb : 5 (clique : 13)
currentSize : 13 <-- 0.000860 s
currentSize : 14 <-- 0.000915 s
currentSize : 15 <-- 0.000944 s
currentSize : 16 <-- 0.007179 s
currentSize : 17 <-- 0.013517 s

maxsize : 17
nodes : 5425.000000
filtered : 64325.000000
time : 0.018527
