Parameters: GAD=1 vflib=1 dir=0 label=1 lowerbound=1 fileNameGp=../graphsdb/mcs70/rand/r01/mcs70_r01_s25.A39 fileNameGt=../graphsdb/mcs70/rand/r01/mcs70_r01_s25.B39
Reading graphs...
25 :  55
25 :  54
Initializing...
maxdom : 10
D->valSize : 159
Solving...
Blb : 3 (clique : 10)
currentSize : 10 <-- 0.000866 s
currentSize : 11 <-- 0.001197 s
currentSize : 12 <-- 0.003116 s
currentSize : 13 <-- 0.003698 s
currentSize : 14 <-- 0.005143 s
currentSize : 16 <-- 0.005183 s

maxsize : 16
nodes : 2033.000000
filtered : 22761.000000
time : 0.006610
