Parameters: GAD=1 vflib=1 dir=0 label=1 lowerbound=1 fileNameGp=../graphsdb/mcs70/bvg/b06/mcs70_b06_s60.A51 fileNameGt=../graphsdb/mcs70/bvg/b06/mcs70_b06_s60.B51
Reading graphs...
60 :  178
60 :  180
Initializing...
maxdom : 8
D->valSize : 248
Solving...
Blb : 2 (clique : 17)
currentSize : 17 <-- 0.001835 s
currentSize : 18 <-- 0.001958 s
currentSize : 20 <-- 0.002005 s
currentSize : 21 <-- 0.002081 s
currentSize : 23 <-- 0.002350 s
currentSize : 24 <-- 0.007200 s
currentSize : 27 <-- 0.007273 s
currentSize : 30 <-- 0.023489 s
currentSize : 31 <-- 0.028736 s
currentSize : 32 <-- 0.038735 s
currentSize : 35 <-- 0.038856 s
currentSize : 38 <-- 0.052983 s
currentSize : 39 <-- 0.054891 s
currentSize : 42 <-- 0.055043 s

maxsize : 42
nodes : 12900.000000
filtered : 95175.000000
time : 0.061478
