Parameters: GAD=1 vflib=1 dir=0 label=1 lowerbound=1 fileNameGp=../graphsdb/mcs70/rand/r005/mcs70_r005_s25.A09 fileNameGt=../graphsdb/mcs70/rand/r005/mcs70_r005_s25.B09
Reading graphs...
25 :  32
25 :  33
Initializing...
maxdom : 8
D->valSize : 160
Solving...
Blb : 2 (clique : 12)
currentSize : 12 <-- 0.000862 s
currentSize : 13 <-- 0.000910 s
currentSize : 14 <-- 0.000936 s
currentSize : 15 <-- 0.003219 s
currentSize : 16 <-- 0.048096 s
currentSize : 17 <-- 0.059816 s

maxsize : 17
nodes : 23550.000000
filtered : 305723.000000
time : 0.065754
