Parameters: GAD=1 vflib=1 dir=0 label=1 lowerbound=1 fileNameGp=../graphsdb/mcs70/bvg/b03/mcs70_b03_s50.A19 fileNameGt=../graphsdb/mcs70/bvg/b03/mcs70_b03_s50.B19
Reading graphs...
50 :  75
50 :  75
Initializing...
maxdom : 9
D->valSize : 325
Solving...
Blb : 2 (clique : 21)
currentSize : 21 <-- 0.003932 s
currentSize : 30 <-- 0.004147 s
currentSize : 32 <-- 0.005446 s
currentSize : 33 <-- 0.010297 s
currentSize : 35 <-- 0.010407 s

maxsize : 35
nodes : 189802.000000
filtered : 1222402.000000
time : 0.819823
