Parameters: GAD=1 vflib=1 dir=0 label=1 lowerbound=1 fileNameGp=../graphsdb/mcs70/m2D/m2D/mcs70_m2D_s35.A22 fileNameGt=../graphsdb/mcs70/m2D/m2D/mcs70_m2D_s35.B22
Reading graphs...
35 :  58
35 :  58
Initializing...
maxdom : 7
D->valSize : 167
Solving...
Blb : 2 (clique : 17)
currentSize : 17 <-- 0.001049 s
currentSize : 19 <-- 0.001178 s
currentSize : 22 <-- 0.001309 s
currentSize : 23 <-- 0.001412 s
currentSize : 25 <-- 0.001491 s

maxsize : 25
nodes : 984.000000
filtered : 5496.000000
time : 0.003896
