Parameters: GAD=1 vflib=1 dir=0 label=1 lowerbound=1 fileNameGp=../graphsdb/mcs70/m2D/m2D/mcs70_m2D_s80.A93 fileNameGt=../graphsdb/mcs70/m2D/m2D/mcs70_m2D_s80.B93
Reading graphs...
80 :  142
80 :  142
Initializing...
maxdom : 7
D->valSize : 426
Solving...
Blb : 2 (clique : 31)
currentSize : 31 <-- 0.004301 s
currentSize : 32 <-- 0.004529 s
currentSize : 33 <-- 0.005358 s
currentSize : 34 <-- 0.005387 s
currentSize : 35 <-- 1359.789429 s
currentSize : 36 <-- 1359.789673 s
currentSize : 37 <-- 1539.539185 s
currentSize : 38 <-- 1539.786133 s
currentSize : 39 <-- 1805.108887 s
currentSize : 40 <-- 1805.109985 s
currentSize : 41 <-- 1955.078247 s
currentSize : 42 <-- 1979.410645 s
currentSize : 43 <-- 1979.410767 s
currentSize : 44 <-- 2006.309448 s
currentSize : 45 <-- 2006.309692 s
currentSize : 47 <-- 2006.310547 s
currentSize : 49 <-- 2124.559814 s

maxsize : 49
nodes : 394861248.000000
filtered : 3927987898.000000
time : 2198.178955
