Parameters: GAD=1 vflib=1 dir=0 label=1 lowerbound=1 fileNameGp=../graphsdb/mcs70/rand/r001/mcs70_r001_s100.A88 fileNameGt=../graphsdb/mcs70/rand/r001/mcs70_r001_s100.B88
Reading graphs...
100 :  120
100 :  120
Initializing...
maxdom : 8
D->valSize : 399
Solving...
Blb : 3 (clique : 53)
currentSize : 53 <-- 0.004700 s
currentSize : 54 <-- 0.022231 s
currentSize : 55 <-- 0.040887 s
currentSize : 57 <-- 0.069077 s
currentSize : 58 <-- 0.221955 s
currentSize : 59 <-- 0.845831 s
currentSize : 60 <-- 3.791562 s
currentSize : 61 <-- 3.791647 s
currentSize : 62 <-- 3.791745 s
currentSize : 63 <-- 3.791835 s
currentSize : 64 <-- 3.801954 s
currentSize : 65 <-- 3.802026 s
currentSize : 66 <-- 4.215967 s
currentSize : 67 <-- 13.376309 s
currentSize : 68 <-- 14.171167 s
currentSize : 70 <-- 470.122345 s

maxsize : 70
nodes : 425233595.000000
filtered : 1776738324.000000
time : 2432.490479
