Parameters: GAD=1 vflib=1 dir=0 label=1 lowerbound=1 fileNameGp=../graphsdb/mcs70/m2D/m2Dr2/mcs70_m2Dr2_s60.A27 fileNameGt=../graphsdb/mcs70/m2D/m2Dr2/mcs70_m2Dr2_s60.B27
Reading graphs...
60 :  116
60 :  113
Initializing...
maxdom : 9
D->valSize : 276
Solving...
Blb : 2 (clique : 30)
currentSize : 30 <-- 0.002154 s
currentSize : 32 <-- 0.002471 s
currentSize : 33 <-- 0.002689 s
currentSize : 34 <-- 0.086838 s
currentSize : 35 <-- 0.101672 s
currentSize : 36 <-- 1.803100 s
currentSize : 37 <-- 1.923348 s
currentSize : 38 <-- 1.923650 s

maxsize : 38
nodes : 883905.000000
filtered : 4904126.000000
time : 3.433379
