Parameters: GAD=1 vflib=1 dir=0 label=1 lowerbound=1 fileNameGp=../graphsdb/mcs70/rand/r02/mcs70_r02_s100.A67 fileNameGt=../graphsdb/mcs70/rand/r02/mcs70_r02_s100.B67
Reading graphs...
100 :  1786
100 :  1780
Initializing...
maxdom : 9
D->valSize : 396
Solving...
Blb : 2 (clique : 47)
currentSize : 47 <-- 0.004109 s
currentSize : 48 <-- 15.998267 s
currentSize : 49 <-- 16.040758 s
currentSize : 50 <-- 46.155357 s
currentSize : 51 <-- 980.092773 s

maxsize : 51
nodes : 424596350.000000
filtered : 292778106.000000
time : 1680.765381
