Parameters: GAD=1 vflib=1 dir=0 label=1 lowerbound=1 fileNameGp=../graphsdb/mcs70/m2D/m2Dr6/mcs70_m2Dr6_s100.A58 fileNameGt=../graphsdb/mcs70/m2D/m2Dr6/mcs70_m2Dr6_s100.B58
Reading graphs...
100 :  237
100 :  239
Initializing...
maxdom : 8
D->valSize : 401
Solving...
Blb : 3 (clique : 43)
currentSize : 43 <-- 0.007425 s
currentSize : 45 <-- 0.106148 s
currentSize : 48 <-- 4.220864 s
currentSize : 50 <-- 4.225230 s
currentSize : 51 <-- 4.727567 s
currentSize : 52 <-- 8.348518 s
currentSize : 53 <-- 8.348831 s
currentSize : 56 <-- 8.509864 s
currentSize : 57 <-- 8.510962 s
currentSize : 58 <-- 9.274929 s
currentSize : 61 <-- 392.447723 s
currentSize : 62 <-- 392.447845 s
currentSize : 63 <-- 394.414886 s
currentSize : 64 <-- 394.415070 s

maxsize : 64
nodes : 308391992.000000
filtered : 1052042597.000000
time : 1535.225708
