Parameters: GAD=1 vflib=1 dir=0 label=1 lowerbound=1 fileNameGp=../graphsdb/mcs70/m2D/m2Dr6/mcs70_m2Dr6_s60.A48 fileNameGt=../graphsdb/mcs70/m2D/m2Dr6/mcs70_m2Dr6_s60.B48
Reading graphs...
60 :  138
60 :  138
Initializing...
maxdom : 8
D->valSize : 287
Solving...
Blb : 2 (clique : 24)
currentSize : 24 <-- 0.003370 s
currentSize : 26 <-- 0.003595 s
currentSize : 27 <-- 0.003724 s
currentSize : 28 <-- 0.020364 s
currentSize : 29 <-- 0.097125 s
currentSize : 30 <-- 0.351214 s
currentSize : 32 <-- 0.351476 s
currentSize : 33 <-- 1.447483 s
currentSize : 35 <-- 1.447888 s

maxsize : 35
nodes : 575723.000000
filtered : 3702801.000000
time : 2.475138
