Parameters: GAD=1 vflib=1 dir=0 label=1 lowerbound=1 fileNameGp=../graphsdb/mcs70/m3D/m3Dr6/mcs70_m3Dr6_s90.A07 fileNameGt=../graphsdb/mcs70/m3D/m3Dr6/mcs70_m3Dr6_s90.B07
Reading graphs...
90 :  258
90 :  259
Initializing...
maxdom : 12
D->valSize : 573
Solving...
Blb : 2 (clique : 49)
currentSize : 49 <-- 0.006986 s
currentSize : 52 <-- 0.007318 s
currentSize : 55 <-- 0.008163 s
currentSize : 56 <-- 0.009020 s
currentSize : 59 <-- 0.023381 s
currentSize : 60 <-- 0.023736 s
currentSize : 62 <-- 0.024218 s
currentSize : 64 <-- 0.042126 s

maxsize : 64
nodes : 2940646.000000
filtered : 22600773.000000
time : 16.335587
