Parameters: GAD=1 vflib=1 dir=0 label=1 lowerbound=1 fileNameGp=../graphsdb/mcs70/bvg/b03m/mcs70_b03m_s35.A72 fileNameGt=../graphsdb/mcs70/bvg/b03m/mcs70_b03m_s35.B72
Reading graphs...
35 :  51
35 :  51
Initializing...
maxdom : 7
D->valSize : 165
Solving...
Blb : 2 (clique : 18)
currentSize : 18 <-- 0.001358 s
currentSize : 19 <-- 0.003541 s
currentSize : 21 <-- 0.004611 s
currentSize : 22 <-- 0.004685 s
currentSize : 23 <-- 0.004788 s
currentSize : 24 <-- 0.005797 s
currentSize : 25 <-- 0.006702 s

maxsize : 25
nodes : 1149.000000
filtered : 5805.000000
time : 0.007329
