Parameters: GAD=1 vflib=1 dir=0 label=1 lowerbound=1 fileNameGp=../graphsdb/mcs70/rand/r02/mcs70_r02_s25.A92 fileNameGt=../graphsdb/mcs70/rand/r02/mcs70_r02_s25.B92
Reading graphs...
25 :  109
25 :  110
Initializing...
maxdom : 9
D->valSize : 164
Solving...
Blb : 2 (clique : 7)
currentSize : 7 <-- 0.000962 s
currentSize : 8 <-- 0.001475 s
currentSize : 9 <-- 0.001514 s
currentSize : 11 <-- 0.001585 s
currentSize : 16 <-- 0.001861 s

maxsize : 16
nodes : 453.000000
filtered : 6999.000000
time : 0.002517
