Parameters: GAD=1 vflib=1 dir=0 label=1 lowerbound=1 fileNameGp=../graphsdb/mcs70/bvg/b06m/mcs70_b06m_s60.A07 fileNameGt=../graphsdb/mcs70/bvg/b06m/mcs70_b06m_s60.B07
Reading graphs...
60 :  178
60 :  179
Initializing...
maxdom : 9
D->valSize : 278
Solving...
Blb : 3 (clique : 34)
currentSize : 34 <-- 0.003362 s
currentSize : 37 <-- 0.234268 s
currentSize : 39 <-- 0.234353 s
currentSize : 40 <-- 0.283425 s
currentSize : 41 <-- 0.305843 s

maxsize : 41
nodes : 86898.000000
filtered : 469997.000000
time : 0.396013
