Parameters: GAD=1 vflib=1 dir=0 label=1 lowerbound=1 fileNameGp=../graphsdb/mcs70/rand/r01/mcs70_r01_s50.A55 fileNameGt=../graphsdb/mcs70/rand/r01/mcs70_r01_s50.B55
Reading graphs...
50 :  228
50 :  229
Initializing...
maxdom : 11
D->valSize : 361
Solving...
Blb : 2 (clique : 12)
currentSize : 12 <-- 0.004129 s
currentSize : 13 <-- 0.004489 s
currentSize : 14 <-- 0.004587 s
currentSize : 15 <-- 0.011045 s
currentSize : 16 <-- 0.022696 s
currentSize : 18 <-- 0.023378 s
currentSize : 19 <-- 0.069275 s
currentSize : 20 <-- 0.089958 s
currentSize : 21 <-- 0.094017 s
currentSize : 22 <-- 0.101421 s
currentSize : 23 <-- 0.101526 s
currentSize : 24 <-- 0.105241 s
currentSize : 26 <-- 0.113477 s
currentSize : 34 <-- 0.127969 s

maxsize : 34
nodes : 19606.000000
filtered : 271573.000000
time : 0.134570
