Parameters: GAD=1 vflib=1 dir=0 label=1 lowerbound=1 fileNameGp=../graphsdb/mcs70/rand/r01/mcs70_r01_s100.A81 fileNameGt=../graphsdb/mcs70/rand/r01/mcs70_r01_s100.B81
Reading graphs...
100 :  940
100 :  938
Initializing...
maxdom : 8
D->valSize : 391
Solving...
Blb : 2 (clique : 18)
currentSize : 18 <-- 0.004042 s
currentSize : 23 <-- 0.004770 s
currentSize : 27 <-- 0.015185 s
currentSize : 31 <-- 0.015406 s
currentSize : 33 <-- 0.053894 s
currentSize : 45 <-- 0.066145 s
currentSize : 62 <-- 0.358294 s

maxsize : 62
nodes : 2301675.000000
filtered : 3226690.000000
time : 9.374179
