Parameters: GAD=1 vflib=1 dir=0 label=1 lowerbound=1 fileNameGp=../graphsdb/mcs70/m2D/m2Dr6/mcs70_m2Dr6_s80.A17 fileNameGt=../graphsdb/mcs70/m2D/m2Dr6/mcs70_m2Dr6_s80.B17
Reading graphs...
80 :  188
80 :  189
Initializing...
maxdom : 11
D->valSize : 468
Solving...
Blb : 2 (clique : 37)
currentSize : 37 <-- 0.004818 s
currentSize : 38 <-- 0.005133 s
currentSize : 39 <-- 0.006158 s
currentSize : 40 <-- 0.007154 s
currentSize : 41 <-- 0.008013 s
currentSize : 42 <-- 0.008133 s
currentSize : 43 <-- 14.461497 s
currentSize : 44 <-- 14.461722 s
currentSize : 45 <-- 38.333965 s
currentSize : 46 <-- 54.217007 s
currentSize : 47 <-- 54.396431 s
currentSize : 48 <-- 54.397038 s
currentSize : 49 <-- 54.405411 s
currentSize : 50 <-- 54.514732 s

maxsize : 50
nodes : 28640200.000000
filtered : 153076685.000000
time : 142.540405
