Parameters: GAD=1 vflib=1 dir=0 label=1 lowerbound=1 fileNameGp=../graphsdb/mcs70/m2D/m2Dr4/mcs70_m2Dr4_s50.A36 fileNameGt=../graphsdb/mcs70/m2D/m2Dr4/mcs70_m2Dr4_s50.B36
Reading graphs...
50 :  104
50 :  102
Initializing...
maxdom : 9
D->valSize : 329
Solving...
Blb : 2 (clique : 25)
currentSize : 25 <-- 0.002419 s
currentSize : 28 <-- 0.002587 s
currentSize : 29 <-- 0.002657 s
currentSize : 30 <-- 0.002729 s
currentSize : 31 <-- 0.002788 s
currentSize : 32 <-- 0.014633 s
currentSize : 33 <-- 0.016687 s
currentSize : 36 <-- 0.017925 s

maxsize : 36
nodes : 16179.000000
filtered : 135520.000000
time : 0.068247
