Parameters: GAD=1 vflib=1 dir=0 label=1 lowerbound=1 fileNameGp=../graphsdb/mcs70/bvg/b06m/mcs70_b06m_s50.A47 fileNameGt=../graphsdb/mcs70/bvg/b06m/mcs70_b06m_s50.B47
Reading graphs...
50 :  145
50 :  146
Initializing...
maxdom : 12
D->valSize : 330
Solving...
Blb : 2 (clique : 18)
currentSize : 18 <-- 0.002450 s
currentSize : 19 <-- 0.050322 s
currentSize : 20 <-- 0.239565 s
currentSize : 22 <-- 0.239813 s
currentSize : 23 <-- 0.240039 s
currentSize : 24 <-- 0.273083 s
currentSize : 28 <-- 0.613634 s
currentSize : 29 <-- 1.242555 s
currentSize : 32 <-- 1.242747 s

maxsize : 32
nodes : 374011.000000
filtered : 3589903.000000
time : 1.459849
