Parameters: GAD=1 vflib=1 dir=0 label=1 lowerbound=1 fileNameGp=../graphsdb/mcs70/m2D/m2Dr4/mcs70_m2Dr4_s70.A92 fileNameGt=../graphsdb/mcs70/m2D/m2Dr4/mcs70_m2Dr4_s70.B92
Reading graphs...
70 :  150
70 :  148
Initializing...
maxdom : 7
D->valSize : 328
Solving...
Blb : 2 (clique : 36)
currentSize : 36 <-- 0.004570 s
currentSize : 37 <-- 0.360416 s
currentSize : 40 <-- 1.014730 s
currentSize : 41 <-- 1.332836 s
currentSize : 44 <-- 1.976744 s
currentSize : 48 <-- 3.255522 s

maxsize : 48
nodes : 824260.000000
filtered : 4302347.000000
time : 3.763606
