Parameters: GAD=1 vflib=1 dir=0 label=1 lowerbound=1 fileNameGp=../graphsdb/mcs70/bvg/b09m/mcs70_b09m_s100.A26 fileNameGt=../graphsdb/mcs70/bvg/b09m/mcs70_b09m_s100.B26
Reading graphs...
100 :  441
100 :  444
Initializing...
maxdom : 7
D->valSize : 354
Solving...
Blb : 2 (clique : 50)
currentSize : 50 <-- 0.005876 s
currentSize : 58 <-- 0.006478 s
currentSize : 59 <-- 0.018284 s
currentSize : 66 <-- 0.176319 s
currentSize : 68 <-- 0.189893 s

maxsize : 68
nodes : 3092420.000000
filtered : 10172958.000000
time : 15.541660
