Parameters: GAD=1 vflib=1 dir=0 label=1 lowerbound=1 fileNameGp=../graphsdb/mcs70/bvg/b06/mcs70_b06_s50.A93 fileNameGt=../graphsdb/mcs70/bvg/b06/mcs70_b06_s50.B93
Reading graphs...
50 :  148
50 :  150
Initializing...
maxdom : 11
D->valSize : 365
Solving...
Blb : 2 (clique : 19)
currentSize : 19 <-- 0.002774 s
currentSize : 20 <-- 0.004931 s
currentSize : 21 <-- 0.110378 s
currentSize : 23 <-- 0.111455 s
currentSize : 25 <-- 0.111480 s
currentSize : 26 <-- 0.111491 s
currentSize : 27 <-- 0.111798 s
currentSize : 28 <-- 0.126534 s
currentSize : 29 <-- 0.139596 s
currentSize : 33 <-- 0.155880 s
currentSize : 35 <-- 0.156528 s

maxsize : 35
nodes : 41923.000000
filtered : 587461.000000
time : 0.195477
