Parameters: GAD=1 vflib=1 dir=0 label=1 lowerbound=1 fileNameGp=../graphsdb/mcs70/m2D/m2Dr4/mcs70_m2Dr4_s40.A69 fileNameGt=../graphsdb/mcs70/m2D/m2Dr4/mcs70_m2Dr4_s40.B69
Reading graphs...
40 :  83
40 :  83
Initializing...
maxdom : 6
D->valSize : 200
Solving...
Blb : 2 (clique : 16)
currentSize : 16 <-- 0.001224 s
currentSize : 17 <-- 0.009489 s
currentSize : 18 <-- 0.014493 s
currentSize : 19 <-- 0.194611 s
currentSize : 20 <-- 0.286125 s
currentSize : 26 <-- 0.402780 s

maxsize : 26
nodes : 135859.000000
filtered : 1185078.000000
time : 0.458314
