Parameters: GAD=1 vflib=1 dir=0 label=1 lowerbound=1 fileNameGp=../graphsdb/mcs70/m2D/m2Dr2/mcs70_m2Dr2_s70.A52 fileNameGt=../graphsdb/mcs70/m2D/m2Dr2/mcs70_m2Dr2_s70.B52
Reading graphs...
70 :  137
70 :  135
Initializing...
maxdom : 9
D->valSize : 361
Solving...
Blb : 2 (clique : 34)
currentSize : 34 <-- 0.003212 s
currentSize : 35 <-- 0.004251 s
currentSize : 36 <-- 0.004286 s
currentSize : 37 <-- 0.026853 s
currentSize : 38 <-- 0.027087 s
currentSize : 39 <-- 0.027110 s
currentSize : 40 <-- 0.160902 s
currentSize : 42 <-- 0.161172 s
currentSize : 43 <-- 0.161206 s
currentSize : 44 <-- 0.581847 s
currentSize : 45 <-- 0.581888 s
currentSize : 48 <-- 0.582532 s
currentSize : 49 <-- 0.582576 s

maxsize : 49
nodes : 278599.000000
filtered : 1260067.000000
time : 1.261031
