Parameters: GAD=1 vflib=1 dir=0 label=1 lowerbound=1 fileNameGp=../graphsdb/mcs70/bvg/b03m/mcs70_b03m_s90.A50 fileNameGt=../graphsdb/mcs70/bvg/b03m/mcs70_b03m_s90.B50
Reading graphs...
90 :  135
90 :  135
Initializing...
maxdom : 10
D->valSize : 551
Solving...
Blb : 2 (clique : 50)
currentSize : 50 <-- 0.007139 s
currentSize : 51 <-- 0.007503 s
currentSize : 52 <-- 0.007766 s
currentSize : 53 <-- 0.007832 s
currentSize : 54 <-- 0.008118 s
currentSize : 56 <-- 0.008385 s
currentSize : 57 <-- 0.009597 s
currentSize : 60 <-- 0.012340 s
currentSize : 61 <-- 0.013425 s
currentSize : 62 <-- 0.032582 s

maxsize : 62
nodes : 239501081.000000
filtered : 1411994245.000000
time : 1327.233887
