Parameters: GAD=1 vflib=1 dir=0 label=1 lowerbound=1 fileNameGp=../graphsdb/mcs70/m2D/m2Dr4/mcs70_m2Dr4_s25.A85 fileNameGt=../graphsdb/mcs70/m2D/m2Dr4/mcs70_m2Dr4_s25.B85
Reading graphs...
25 :  49
25 :  48
Initializing...
maxdom : 9
D->valSize : 158
Solving...
Blb : 2 (clique : 9)
currentSize : 9 <-- 0.001045 s
currentSize : 12 <-- 0.001097 s
currentSize : 13 <-- 0.001145 s
currentSize : 14 <-- 0.001370 s
currentSize : 15 <-- 0.005980 s
currentSize : 16 <-- 0.008116 s

maxsize : 16
nodes : 2625.000000
filtered : 27434.000000
time : 0.009955
