Parameters: GAD=1 vflib=1 dir=0 label=1 lowerbound=1 fileNameGp=../graphsdb/mcs70/bvg/b03/mcs70_b03_s100.A44 fileNameGt=../graphsdb/mcs70/bvg/b03/mcs70_b03_s100.B44
Reading graphs...
100 :  150
100 :  150
Initializing...
maxdom : 6
D->valSize : 368
Solving...
Blb : 2 (clique : 49)
currentSize : 49 <-- 0.006680 s
currentSize : 50 <-- 0.007712 s
currentSize : 51 <-- 0.195973 s
currentSize : 53 <-- 0.849422 s
currentSize : 54 <-- 0.851658 s
currentSize : 55 <-- 0.924368 s
currentSize : 56 <-- 1.138826 s
currentSize : 57 <-- 119.964813 s
currentSize : 58 <-- 120.292839 s
currentSize : 59 <-- 263.867798 s
currentSize : 60 <-- 334.302185 s
currentSize : 61 <-- 334.550262 s
currentSize : 62 <-- 964.938049 s
currentSize : 63 <-- 965.221863 s
currentSize : 64 <-- 965.232178 s
currentSize : 65 <-- 1606.846680 s
currentSize : 66 <-- 1609.691284 s
currentSize : 67 <-- 2017.316650 s
currentSize : 68 <-- 2017.338135 s
currentSize : 70 <-- 2305.564453 s
currentSize : 71 <-- 2305.566162 s

maxsize : 71
nodes : 586647256.000000
filtered : 1972171294.000000
time : 2879.629883
