Parameters: GAD=1 vflib=1 dir=0 label=1 lowerbound=1 fileNameGp=../graphsdb/mcs70/m2D/m2D/mcs70_m2D_s40.A71 fileNameGt=../graphsdb/mcs70/m2D/m2D/mcs70_m2D_s40.B71
Reading graphs...
40 :  67
40 :  67
Initializing...
maxdom : 8
D->valSize : 215
Solving...
Blb : 2 (clique : 21)
currentSize : 21 <-- 0.001397 s
currentSize : 22 <-- 0.006099 s
currentSize : 23 <-- 0.016815 s
currentSize : 24 <-- 0.022262 s
currentSize : 25 <-- 0.022304 s

maxsize : 25
nodes : 84736.000000
filtered : 547158.000000
time : 0.268902
