Parameters: GAD=1 vflib=1 dir=0 label=1 lowerbound=1 fileNameGp=../graphsdb/mcs70/rand/r02/mcs70_r02_s90.A63 fileNameGt=../graphsdb/mcs70/rand/r02/mcs70_r02_s90.B63
Reading graphs...
90 :  1443
90 :  1428
Initializing...
maxdom : 12
D->valSize : 613
Solving...
Blb : 2 (clique : 9)
currentSize : 9 <-- 0.006912 s
currentSize : 10 <-- 0.011489 s
currentSize : 11 <-- 0.011512 s
currentSize : 12 <-- 0.017971 s
currentSize : 15 <-- 0.021987 s
currentSize : 16 <-- 0.027111 s
currentSize : 22 <-- 0.033985 s
currentSize : 23 <-- 0.035264 s
currentSize : 24 <-- 0.043776 s
currentSize : 28 <-- 0.073486 s
currentSize : 46 <-- 0.074146 s
currentSize : 47 <-- 0.074237 s
currentSize : 48 <-- 0.074390 s
currentSize : 49 <-- 0.237206 s

maxsize : 49
nodes : 1868070.000000
filtered : 1201185.000000
time : 6.960788
