Parameters: GAD=1 vflib=1 dir=0 label=1 lowerbound=1 fileNameGp=../graphsdb/mcs70/m2D/m2Dr6/mcs70_m2Dr6_s60.A64 fileNameGt=../graphsdb/mcs70/m2D/m2Dr6/mcs70_m2Dr6_s60.B64
Reading graphs...
60 :  139
60 :  138
Initializing...
maxdom : 6
D->valSize : 242
Solving...
Blb : 2 (clique : 25)
currentSize : 25 <-- 0.001889 s
currentSize : 27 <-- 1.909199 s
currentSize : 28 <-- 1.909364 s
currentSize : 29 <-- 1.912392 s
currentSize : 30 <-- 1.912570 s
currentSize : 31 <-- 4.402217 s
currentSize : 32 <-- 5.313018 s
currentSize : 34 <-- 5.313104 s
currentSize : 35 <-- 5.322613 s
currentSize : 36 <-- 5.322761 s

maxsize : 36
nodes : 1473828.000000
filtered : 8380102.000000
time : 6.188919
