Parameters: GAD=1 vflib=1 dir=0 label=1 lowerbound=1 fileNameGp=../graphsdb/mcs70/m3D/m3Dr6/mcs70_m3Dr6_s100.A52 fileNameGt=../graphsdb/mcs70/m3D/m3Dr6/mcs70_m3Dr6_s100.B52
Reading graphs...
100 :  292
100 :  290
Initializing...
maxdom : 7
D->valSize : 357
Solving...
Blb : 2 (clique : 42)
currentSize : 42 <-- 0.003846 s
currentSize : 43 <-- 0.004125 s
currentSize : 46 <-- 0.004213 s
currentSize : 50 <-- 0.007268 s
currentSize : 51 <-- 0.081901 s
currentSize : 55 <-- 0.085737 s
currentSize : 56 <-- 0.086513 s
currentSize : 60 <-- 0.667112 s
currentSize : 61 <-- 0.667432 s
currentSize : 63 <-- 0.669064 s

maxsize : 63
nodes : 19747616.000000
filtered : 66594391.000000
time : 100.635284
