Parameters: GAD=1 vflib=1 dir=0 label=1 lowerbound=1 fileNameGp=../graphsdb/mcs70/rand/r005/mcs70_r005_s50.A90 fileNameGt=../graphsdb/mcs70/rand/r005/mcs70_r005_s50.B90
Reading graphs...
50 :  117
50 :  116
Initializing...
maxdom : 11
D->valSize : 333
Solving...
Blb : 3 (clique : 23)
currentSize : 23 <-- 0.004001 s
currentSize : 27 <-- 0.004197 s
currentSize : 28 <-- 0.130346 s
currentSize : 33 <-- 0.169430 s
currentSize : 35 <-- 0.230008 s

maxsize : 35
nodes : 41184.000000
filtered : 543998.000000
time : 0.250294
