Parameters: GAD=1 vflib=1 dir=0 label=1 lowerbound=1 fileNameGp=../graphsdb/mcs70/m4D/m4Dr6/mcs70_m4Dr6_s25.A89 fileNameGt=../graphsdb/mcs70/m4D/m4Dr6/mcs70_m4Dr6_s25.B89
Reading graphs...
25 :  60
25 :  58
Initializing...
maxdom : 7
D->valSize : 160
Solving...
Blb : 2 (clique : 10)
currentSize : 10 <-- 0.000853 s
currentSize : 11 <-- 0.004925 s
currentSize : 12 <-- 0.006014 s
currentSize : 13 <-- 0.007615 s
currentSize : 15 <-- 0.008872 s
currentSize : 16 <-- 0.011464 s

maxsize : 16
nodes : 4191.000000
filtered : 51332.000000
time : 0.013824
