Parameters: GAD=1 vflib=1 dir=0 label=1 lowerbound=1 fileNameGp=../graphsdb/mcs70/bvg/b03/mcs70_b03_s25.A82 fileNameGt=../graphsdb/mcs70/bvg/b03/mcs70_b03_s25.B82
Reading graphs...
25 :  36
25 :  36
Initializing...
maxdom : 8
D->valSize : 158
Solving...
Blb : 2 (clique : 11)
currentSize : 11 <-- 0.000832 s
currentSize : 13 <-- 0.000886 s
currentSize : 14 <-- 0.007763 s
currentSize : 15 <-- 0.009065 s
currentSize : 17 <-- 0.009108 s
currentSize : 18 <-- 0.009135 s

maxsize : 18
nodes : 3385.000000
filtered : 30088.000000
time : 0.010172
