Parameters: GAD=1 vflib=1 dir=0 label=1 lowerbound=1 fileNameGp=../graphsdb/mcs70/bvg/b06/mcs70_b06_s70.A87 fileNameGt=../graphsdb/mcs70/bvg/b06/mcs70_b06_s70.B87
Reading graphs...
70 :  210
70 :  210
Initializing...
maxdom : 8
D->valSize : 365
Solving...
Blb : 2 (clique : 22)
currentSize : 22 <-- 0.003116 s
currentSize : 23 <-- 0.003306 s
currentSize : 24 <-- 0.003410 s
currentSize : 25 <-- 0.003819 s
currentSize : 26 <-- 0.099483 s
currentSize : 27 <-- 0.208326 s
currentSize : 28 <-- 0.241930 s
currentSize : 29 <-- 0.509586 s
currentSize : 30 <-- 0.509644 s
currentSize : 31 <-- 0.509712 s
currentSize : 33 <-- 0.509895 s
currentSize : 34 <-- 0.524701 s
currentSize : 35 <-- 0.525506 s
currentSize : 36 <-- 0.525662 s
currentSize : 40 <-- 1.017061 s
currentSize : 41 <-- 1.017157 s
currentSize : 42 <-- 3.159373 s
currentSize : 46 <-- 5.725444 s
currentSize : 48 <-- 5.725568 s
currentSize : 49 <-- 5.725780 s

maxsize : 49
nodes : 1649916.000000
filtered : 12774648.000000
time : 8.705679
