Parameters: GAD=1 vflib=1 dir=0 label=1 lowerbound=1 fileNameGp=../graphsdb/mcs70/m2D/m2Dr2/mcs70_m2Dr2_s90.A51 fileNameGt=../graphsdb/mcs70/m2D/m2Dr2/mcs70_m2Dr2_s90.B51
Reading graphs...
90 :  179
90 :  179
Initializing...
maxdom : 11
D->valSize : 558
Solving...
Blb : 2 (clique : 39)
currentSize : 39 <-- 0.006666 s
currentSize : 43 <-- 0.006981 s
currentSize : 44 <-- 0.007036 s
currentSize : 45 <-- 0.007139 s
currentSize : 46 <-- 0.007848 s
currentSize : 47 <-- 409.173950 s
currentSize : 48 <-- 409.183868 s
currentSize : 49 <-- 1585.400391 s
currentSize : 50 <-- 1842.940918 s
currentSize : 51 <-- 2622.162598 s
currentSize : 52 <-- 2622.378906 s
currentSize : 53 <-- 2623.651855 s
currentSize : 54 <-- 2624.030029 s
currentSize : 55 <-- 3593.822510 s
currentSize : 56 <-- 3594.401855 s
currentSize : 57 <-- 3594.454346 s

TIMEOUT
maxsize : 57
nodes : 568334080.000000
filtered : 5729821588.000000
time : 3600.000000
