Parameters: GAD=1 vflib=1 dir=0 label=1 lowerbound=1 fileNameGp=../graphsdb/mcs70/m2D/m2Dr2/mcs70_m2Dr2_s60.A63 fileNameGt=../graphsdb/mcs70/m2D/m2Dr2/mcs70_m2Dr2_s60.B63
Reading graphs...
60 :  115
60 :  112
Initializing...
maxdom : 9
D->valSize : 267
Solving...
Blb : 2 (clique : 24)
currentSize : 24 <-- 0.002245 s
currentSize : 25 <-- 0.002776 s
currentSize : 26 <-- 0.002886 s
currentSize : 31 <-- 0.015645 s
currentSize : 35 <-- 0.047715 s
currentSize : 36 <-- 0.089442 s

maxsize : 36
nodes : 121048.000000
filtered : 584427.000000
time : 0.446863
