Parameters: GAD=1 vflib=1 dir=0 label=1 lowerbound=1 fileNameGp=../graphsdb/mcs70/m2D/m2Dr2/mcs70_m2Dr2_s100.A25 fileNameGt=../graphsdb/mcs70/m2D/m2Dr2/mcs70_m2Dr2_s100.B25
Reading graphs...
100 :  199
100 :  199
Initializing...
maxdom : 9
D->valSize : 405
Solving...
Blb : 2 (clique : 52)
currentSize : 52 <-- 0.004485 s
currentSize : 53 <-- 0.005128 s
currentSize : 55 <-- 0.016884 s
currentSize : 56 <-- 0.017317 s
currentSize : 58 <-- 36.840527 s
currentSize : 60 <-- 36.854698 s
currentSize : 62 <-- 36.854794 s
currentSize : 64 <-- 398.664337 s

maxsize : 64
nodes : 114799828.000000
filtered : 509772310.000000
time : 627.310974
