Parameters: GAD=1 vflib=1 dir=0 label=1 lowerbound=1 fileNameGp=../graphsdb/mcs70/m2D/m2Dr4/mcs70_m2Dr4_s90.A82 fileNameGt=../graphsdb/mcs70/m2D/m2Dr4/mcs70_m2Dr4_s90.B82
Reading graphs...
90 :  197
90 :  197
Initializing...
maxdom : 11
D->valSize : 534
Solving...
Blb : 2 (clique : 45)
currentSize : 45 <-- 0.006522 s
currentSize : 54 <-- 0.006864 s
currentSize : 55 <-- 0.006948 s
currentSize : 56 <-- 0.007177 s
currentSize : 57 <-- 0.018768 s
currentSize : 58 <-- 0.019850 s
currentSize : 59 <-- 24.704100 s
currentSize : 60 <-- 24.758520 s
currentSize : 61 <-- 24.758720 s
currentSize : 62 <-- 24.758833 s
currentSize : 63 <-- 24.761593 s
currentSize : 64 <-- 24.761707 s

maxsize : 64
nodes : 117769022.000000
filtered : 561222311.000000
time : 600.975708
