Parameters: GAD=1 vflib=1 dir=0 label=1 lowerbound=1 fileNameGp=../graphsdb/mcs70/m3D/m3Dr4/mcs70_m3Dr4_s90.A62 fileNameGt=../graphsdb/mcs70/m3D/m3Dr4/mcs70_m3Dr4_s90.B62
Reading graphs...
90 :  245
90 :  245
Initializing...
maxdom : 10
D->valSize : 563
Solving...
Blb : 2 (clique : 29)
currentSize : 29 <-- 0.006779 s
currentSize : 31 <-- 0.007044 s
currentSize : 33 <-- 0.007258 s
currentSize : 34 <-- 0.007442 s
currentSize : 37 <-- 0.009603 s
currentSize : 38 <-- 0.444197 s
currentSize : 39 <-- 0.444739 s
currentSize : 41 <-- 0.527107 s
currentSize : 44 <-- 287.495850 s
currentSize : 45 <-- 381.019196 s
currentSize : 47 <-- 545.081238 s
currentSize : 49 <-- 643.685608 s
currentSize : 52 <-- 643.700500 s
currentSize : 54 <-- 643.701721 s
currentSize : 55 <-- 680.880859 s
currentSize : 57 <-- 680.881287 s
currentSize : 58 <-- 693.542297 s
currentSize : 59 <-- 706.620789 s
currentSize : 61 <-- 706.621338 s
currentSize : 62 <-- 712.052551 s
currentSize : 63 <-- 713.813293 s
currentSize : 65 <-- 713.813538 s

maxsize : 65
nodes : 112989051.000000
filtered : 1229431006.000000
time : 729.965454
