Parameters: GAD=1 vflib=1 dir=0 label=1 lowerbound=1 fileNameGp=../graphsdb/mcs70/m3D/m3Dr4/mcs70_m3Dr4_s35.A93 fileNameGt=../graphsdb/mcs70/m3D/m3Dr4/mcs70_m3Dr4_s35.B93
Reading graphs...
35 :  84
35 :  84
Initializing...
maxdom : 8
D->valSize : 178
Solving...
Blb : 3 (clique : 13)
currentSize : 13 <-- 0.000939 s
currentSize : 15 <-- 0.001499 s
currentSize : 18 <-- 0.001957 s
currentSize : 22 <-- 0.002483 s
currentSize : 24 <-- 0.002929 s
currentSize : 27 <-- 0.002975 s

maxsize : 27
nodes : 764.000000
filtered : 4708.000000
time : 0.003121
