Parameters: GAD=1 vflib=1 dir=0 label=1 lowerbound=1 fileNameGp=../graphsdb/mcs70/rand/r02/mcs70_r02_s60.A48 fileNameGt=../graphsdb/mcs70/rand/r02/mcs70_r02_s60.B48
Reading graphs...
60 :  621
60 :  629
Initializing...
maxdom : 8
D->valSize : 271
Solving...
Blb : 2 (clique : 10)
currentSize : 10 <-- 0.002821 s
currentSize : 15 <-- 0.003067 s
currentSize : 16 <-- 0.003164 s
currentSize : 29 <-- 0.004163 s
currentSize : 31 <-- 0.087679 s

maxsize : 31
nodes : 52440.000000
filtered : 82776.000000
time : 0.246721
