Parameters: GAD=1 vflib=1 dir=0 label=1 lowerbound=1 fileNameGp=../graphsdb/mcs70/rand/r005/mcs70_r005_s35.A76 fileNameGt=../graphsdb/mcs70/rand/r005/mcs70_r005_s35.B76
Reading graphs...
35 :  58
35 :  57
Initializing...
maxdom : 6
D->valSize : 165
Solving...
Blb : 5 (clique : 18)
currentSize : 18 <-- 0.001017 s
currentSize : 19 <-- 0.002901 s
currentSize : 20 <-- 0.003235 s
currentSize : 21 <-- 0.003482 s
currentSize : 24 <-- 0.007370 s

maxsize : 24
nodes : 3067.000000
filtered : 28599.000000
time : 0.010969
