Parameters: GAD=1 vflib=1 dir=0 label=1 lowerbound=1 fileNameGp=../graphsdb/mcs70/m2D/m2D/mcs70_m2D_s90.A05 fileNameGt=../graphsdb/mcs70/m2D/m2D/mcs70_m2D_s90.B05
Reading graphs...
90 :  161
90 :  160
Initializing...
maxdom : 8
D->valSize : 549
Solving...
Blb : 2 (clique : 50)
currentSize : 50 <-- 0.006587 s
currentSize : 51 <-- 451.718170 s
currentSize : 52 <-- 451.718262 s
currentSize : 53 <-- 451.718353 s
currentSize : 54 <-- 451.921600 s
currentSize : 55 <-- 451.921692 s
currentSize : 56 <-- 1312.607788 s
currentSize : 57 <-- 1312.607910 s
currentSize : 58 <-- 1462.928223 s
currentSize : 59 <-- 2344.290527 s

TIMEOUT
maxsize : 59
nodes : 592409116.000000
filtered : 4645665490.000000
time : 3600.000000
