Parameters: GAD=1 vflib=1 dir=0 label=1 lowerbound=1 fileNameGp=../graphsdb/mcs70/m2D/m2Dr2/mcs70_m2Dr2_s70.A11 fileNameGt=../graphsdb/mcs70/m2D/m2Dr2/mcs70_m2Dr2_s70.B11
Reading graphs...
70 :  136
70 :  136
Initializing...
maxdom : 8
D->valSize : 347
Solving...
Blb : 2 (clique : 42)
currentSize : 42 <-- 0.004936 s
currentSize : 43 <-- 1.526688 s
currentSize : 44 <-- 1.526960 s
currentSize : 46 <-- 1.528302 s
currentSize : 49 <-- 1.530065 s

maxsize : 49
nodes : 1224282.000000
filtered : 5260474.000000
time : 5.625958
