Parameters: GAD=1 vflib=1 dir=0 label=1 lowerbound=1 fileNameGp=../graphsdb/mcs70/bvg/b03m/mcs70_b03m_s80.A77 fileNameGt=../graphsdb/mcs70/bvg/b03m/mcs70_b03m_s80.B77
Reading graphs...
80 :  120
80 :  119
Initializing...
maxdom : 9
D->valSize : 468
Solving...
Blb : 2 (clique : 47)
currentSize : 47 <-- 0.005003 s
currentSize : 48 <-- 0.005341 s
currentSize : 49 <-- 0.005407 s
currentSize : 51 <-- 0.007020 s
currentSize : 53 <-- 0.024329 s
currentSize : 54 <-- 0.048707 s
currentSize : 55 <-- 0.087296 s
currentSize : 56 <-- 355.201965 s

maxsize : 56
nodes : 201955481.000000
filtered : 851135720.000000
time : 883.319275
