Parameters: GAD=1 vflib=1 dir=0 label=1 lowerbound=1 fileNameGp=../graphsdb/mcs70/m2D/m2Dr2/mcs70_m2Dr2_s70.A05 fileNameGt=../graphsdb/mcs70/m2D/m2Dr2/mcs70_m2Dr2_s70.B05
Reading graphs...
70 :  136
70 :  135
Initializing...
maxdom : 8
D->valSize : 342
Solving...
Blb : 2 (clique : 32)
currentSize : 32 <-- 0.004793 s
currentSize : 33 <-- 0.005117 s
currentSize : 34 <-- 0.005334 s
currentSize : 36 <-- 0.005787 s
currentSize : 37 <-- 0.021276 s
currentSize : 39 <-- 0.021474 s
currentSize : 40 <-- 0.039051 s
currentSize : 42 <-- 0.103813 s
currentSize : 43 <-- 0.104008 s
currentSize : 45 <-- 0.509425 s
currentSize : 47 <-- 0.509986 s
currentSize : 48 <-- 0.510125 s
currentSize : 49 <-- 1.159228 s

maxsize : 49
nodes : 448196.000000
filtered : 1886988.000000
time : 2.019865
