Parameters: GAD=1 vflib=1 dir=0 label=1 lowerbound=1 fileNameGp=../graphsdb/mcs70/rand/r02/mcs70_r02_s35.A14 fileNameGt=../graphsdb/mcs70/rand/r02/mcs70_r02_s35.B14
Reading graphs...
35 :  214
35 :  213
Initializing...
maxdom : 8
D->valSize : 169
Solving...
Blb : 2 (clique : 6)
currentSize : 6 <-- 0.000980 s
currentSize : 8 <-- 0.001045 s
currentSize : 9 <-- 0.001062 s
currentSize : 10 <-- 0.001674 s
currentSize : 14 <-- 0.002179 s
currentSize : 15 <-- 0.002224 s
currentSize : 17 <-- 0.003011 s
currentSize : 18 <-- 0.003050 s
currentSize : 19 <-- 0.003178 s
currentSize : 20 <-- 0.003224 s

maxsize : 20
nodes : 1452.000000
filtered : 16178.000000
time : 0.005585
