Parameters: GAD=1 vflib=1 dir=0 label=1 lowerbound=1 fileNameGp=../graphsdb/mcs70/m2D/m2Dr6/mcs70_m2Dr6_s60.A66 fileNameGt=../graphsdb/mcs70/m2D/m2Dr6/mcs70_m2Dr6_s60.B66
Reading graphs...
60 :  138
60 :  138
Initializing...
maxdom : 8
D->valSize : 261
Solving...
Blb : 2 (clique : 24)
currentSize : 24 <-- 0.002094 s
currentSize : 25 <-- 0.002233 s
currentSize : 26 <-- 0.002280 s
currentSize : 27 <-- 0.002298 s
currentSize : 29 <-- 0.004747 s
currentSize : 31 <-- 0.043648 s
currentSize : 33 <-- 0.255466 s
currentSize : 36 <-- 0.334650 s

maxsize : 36
nodes : 336750.000000
filtered : 1876844.000000
time : 1.399432
