Parameters: GAD=1 vflib=1 dir=0 label=1 lowerbound=1 fileNameGp=../graphsdb/mcs70/m2D/m2Dr4/mcs70_m2Dr4_s80.A45 fileNameGt=../graphsdb/mcs70/m2D/m2Dr4/mcs70_m2Dr4_s80.B45
Reading graphs...
80 :  173
80 :  172
Initializing...
maxdom : 11
D->valSize : 431
Solving...
Blb : 2 (clique : 29)
currentSize : 29 <-- 0.004249 s
currentSize : 30 <-- 1.183887 s
currentSize : 31 <-- 1.184236 s
currentSize : 32 <-- 1.185173 s
currentSize : 33 <-- 1.191831 s
currentSize : 35 <-- 1.911433 s
currentSize : 36 <-- 1.911592 s
currentSize : 37 <-- 10.833116 s
currentSize : 39 <-- 45.313755 s
currentSize : 40 <-- 45.453403 s
currentSize : 41 <-- 90.454697 s
currentSize : 42 <-- 90.513565 s
currentSize : 43 <-- 316.575836 s
currentSize : 45 <-- 568.061462 s
currentSize : 46 <-- 568.061584 s
currentSize : 47 <-- 568.467712 s
currentSize : 48 <-- 568.473267 s
currentSize : 49 <-- 591.172058 s

TIMEOUT
maxsize : 49
nodes : 933268092.000000
filtered : 2724448037.000000
time : 3600.000000
