Parameters: GAD=1 vflib=1 dir=0 label=1 lowerbound=1 fileNameGp=../graphsdb/mcs70/m2D/m2Dr4/mcs70_m2Dr4_s70.A35 fileNameGt=../graphsdb/mcs70/m2D/m2Dr4/mcs70_m2Dr4_s70.B35
Reading graphs...
70 :  147
70 :  149
Initializing...
maxdom : 8
D->valSize : 340
Solving...
Blb : 3 (clique : 40)
currentSize : 40 <-- 0.003038 s
currentSize : 41 <-- 0.356186 s
currentSize : 42 <-- 0.356377 s
currentSize : 43 <-- 0.359767 s
currentSize : 44 <-- 6.622687 s
currentSize : 46 <-- 6.624302 s
currentSize : 47 <-- 6.630157 s

maxsize : 47
nodes : 5797451.000000
filtered : 24800365.000000
time : 24.545784
