Parameters: GAD=1 vflib=1 dir=0 label=1 lowerbound=1 fileNameGp=../graphsdb/mcs70/m2D/m2Dr4/mcs70_m2Dr4_s80.A46 fileNameGt=../graphsdb/mcs70/m2D/m2Dr4/mcs70_m2Dr4_s80.B46
Reading graphs...
80 :  172
80 :  171
Initializing...
maxdom : 7
D->valSize : 409
Solving...
Blb : 2 (clique : 32)
currentSize : 32 <-- 0.004229 s
currentSize : 33 <-- 0.004521 s
currentSize : 35 <-- 0.010741 s
currentSize : 36 <-- 0.119516 s
currentSize : 37 <-- 0.122330 s
currentSize : 38 <-- 2.301616 s
currentSize : 39 <-- 2.320246 s
currentSize : 40 <-- 2.337316 s
currentSize : 41 <-- 12.403745 s
currentSize : 42 <-- 12.682362 s
currentSize : 44 <-- 1370.357788 s
currentSize : 45 <-- 1370.357910 s
currentSize : 46 <-- 1370.358276 s
currentSize : 47 <-- 1370.358643 s
currentSize : 48 <-- 1370.359497 s
currentSize : 49 <-- 1370.455811 s

maxsize : 49
nodes : 440140622.000000
filtered : 2551357679.000000
time : 2180.783447
