Parameters: GAD=1 vflib=1 dir=0 label=1 lowerbound=1 fileNameGp=../graphsdb/mcs70/rand/r005/mcs70_r005_s25.A56 fileNameGt=../graphsdb/mcs70/rand/r005/mcs70_r005_s25.B56
Reading graphs...
25 :  33
25 :  33
Initializing...
maxdom : 8
D->valSize : 160
Solving...
Blb : 2 (clique : 12)
currentSize : 12 <-- 0.000835 s
currentSize : 13 <-- 0.001070 s
currentSize : 14 <-- 0.001360 s
currentSize : 15 <-- 0.001563 s
currentSize : 17 <-- 0.001609 s
currentSize : 18 <-- 0.004967 s

maxsize : 18
nodes : 2288.000000
filtered : 27999.000000
time : 0.008134
