Parameters: GAD=1 vflib=1 dir=0 label=1 lowerbound=1 fileNameGp=../graphsdb/mcs70/bvg/b09m/mcs70_b09m_s70.A42 fileNameGt=../graphsdb/mcs70/bvg/b09m/mcs70_b09m_s70.B42
Reading graphs...
70 :  311
70 :  310
Initializing...
maxdom : 8
D->valSize : 341
Solving...
Blb : 2 (clique : 19)
currentSize : 19 <-- 0.003109 s
currentSize : 21 <-- 0.003709 s
currentSize : 23 <-- 0.032904 s
currentSize : 24 <-- 0.076928 s
currentSize : 25 <-- 0.585951 s
currentSize : 29 <-- 1.603761 s
currentSize : 31 <-- 1.604764 s
currentSize : 37 <-- 1.607671 s
currentSize : 38 <-- 2.011651 s
currentSize : 45 <-- 2.789429 s

maxsize : 45
nodes : 1209637.000000
filtered : 6073138.000000
time : 5.078225
