Parameters: GAD=1 vflib=1 dir=0 label=1 lowerbound=1 fileNameGp=../graphsdb/mcs70/m3D/m3Dr2/mcs70_m3Dr2_s90.A00 fileNameGt=../graphsdb/mcs70/m3D/m3Dr2/mcs70_m3Dr2_s90.B00
Reading graphs...
90 :  227
90 :  225
Initializing...
maxdom : 9
D->valSize : 553
Solving...
Blb : 3 (clique : 39)
currentSize : 39 <-- 0.011253 s
currentSize : 56 <-- 0.011581 s
currentSize : 57 <-- 0.011831 s
currentSize : 60 <-- 0.012053 s
currentSize : 61 <-- 0.012275 s
currentSize : 63 <-- 0.046229 s
currentSize : 64 <-- 0.046469 s

maxsize : 64
nodes : 25046614.000000
filtered : 143626471.000000
time : 129.169968
