Parameters: GAD=1 vflib=1 dir=0 label=1 lowerbound=1 fileNameGp=../graphsdb/mcs70/rand/r02/mcs70_r02_s100.A35 fileNameGt=../graphsdb/mcs70/rand/r02/mcs70_r02_s100.B35
Reading graphs...
100 :  1785
100 :  1790
Initializing...
maxdom : 9
D->valSize : 398
Solving...
Blb : 2 (clique : 46)
currentSize : 46 <-- 0.004184 s
currentSize : 47 <-- 0.004509 s
currentSize : 48 <-- 0.466021 s
currentSize : 49 <-- 15.768443 s
currentSize : 50 <-- 39.026081 s

maxsize : 50
nodes : 39548592.000000
filtered : 11564572.000000
time : 154.481644
