Parameters: GAD=1 vflib=1 dir=0 label=1 lowerbound=1 fileNameGp=../graphsdb/mcs70/m3D/m3Dr2/mcs70_m3Dr2_s100.A45 fileNameGt=../graphsdb/mcs70/m3D/m3Dr2/mcs70_m3Dr2_s100.B45
Reading graphs...
100 :  253
100 :  252
Initializing...
maxdom : 9
D->valSize : 381
Solving...
Blb : 2 (clique : 42)
currentSize : 42 <-- 0.004525 s
currentSize : 44 <-- 0.007573 s
currentSize : 45 <-- 0.008502 s
currentSize : 47 <-- 0.021690 s
currentSize : 48 <-- 0.023826 s
currentSize : 50 <-- 5.857943 s
currentSize : 53 <-- 6.379274 s
currentSize : 58 <-- 41.447002 s
currentSize : 59 <-- 151.829178 s
currentSize : 63 <-- 151.847076 s
currentSize : 64 <-- 151.847229 s

maxsize : 64
nodes : 64192896.000000
filtered : 253610237.000000
time : 334.970398
