Parameters: GAD=1 vflib=1 dir=0 label=1 lowerbound=1 fileNameGp=../graphsdb/mcs70/bvg/b03/mcs70_b03_s80.A00 fileNameGt=../graphsdb/mcs70/bvg/b03/mcs70_b03_s80.B00
Reading graphs...
80 :  120
80 :  120
Initializing...
maxdom : 8
D->valSize : 414
Solving...
Blb : 2 (clique : 36)
currentSize : 36 <-- 0.004118 s
currentSize : 37 <-- 69.858871 s
currentSize : 38 <-- 153.010849 s
currentSize : 39 <-- 199.102722 s
currentSize : 40 <-- 327.723328 s
currentSize : 41 <-- 328.217957 s
currentSize : 42 <-- 328.218079 s
currentSize : 43 <-- 546.477173 s
currentSize : 44 <-- 910.352966 s
currentSize : 45 <-- 1349.000854 s
currentSize : 46 <-- 1349.001343 s
currentSize : 47 <-- 2786.218018 s
currentSize : 48 <-- 2786.218262 s
currentSize : 49 <-- 2819.389648 s
currentSize : 50 <-- 2819.389893 s

TIMEOUT
maxsize : 50
nodes : 742933003.000000
filtered : 4943929073.000000
time : 3600.000000
