Parameters: GAD=1 vflib=1 dir=0 label=1 lowerbound=1 fileNameGp=../graphsdb/mcs70/rand/r005/mcs70_r005_s70.A02 fileNameGt=../graphsdb/mcs70/rand/r005/mcs70_r005_s70.B02
Reading graphs...
70 :  230
70 :  230
Initializing...
maxdom : 7
D->valSize : 361
Solving...
Blb : 5 (clique : 29)
currentSize : 29 <-- 0.005033 s
currentSize : 30 <-- 0.346770 s
currentSize : 34 <-- 0.474726 s
currentSize : 37 <-- 0.536505 s
currentSize : 38 <-- 0.536531 s
currentSize : 44 <-- 0.569437 s
currentSize : 46 <-- 0.627872 s

maxsize : 46
nodes : 161627.000000
filtered : 1336129.000000
time : 0.851233
