Parameters: GAD=1 vflib=1 dir=0 label=1 lowerbound=1 fileNameGp=../graphsdb/mcs70/bvg/b09/mcs70_b09_s100.A21 fileNameGt=../graphsdb/mcs70/bvg/b09/mcs70_b09_s100.B21
Reading graphs...
100 :  448
100 :  450
Initializing...
maxdom : 8
D->valSize : 403
Solving...
Blb : 2 (clique : 52)
currentSize : 52 <-- 0.004371 s
currentSize : 62 <-- 0.005179 s
currentSize : 64 <-- 0.010804 s
currentSize : 67 <-- 4.816043 s
currentSize : 70 <-- 4.816429 s

maxsize : 70
nodes : 1598025.000000
filtered : 7786544.000000
time : 8.591552
