Parameters: GAD=1 vflib=1 dir=0 label=1 lowerbound=1 fileNameGp=../graphsdb/mcs70/bvg/b09m/mcs70_b09m_s80.A02 fileNameGt=../graphsdb/mcs70/bvg/b09m/mcs70_b09m_s80.B02
Reading graphs...
80 :  353
80 :  356
Initializing...
maxdom : 9
D->valSize : 433
Solving...
Blb : 2 (clique : 47)
currentSize : 47 <-- 0.004382 s
currentSize : 51 <-- 0.793560 s
currentSize : 53 <-- 0.794315 s
currentSize : 54 <-- 1.397559 s
currentSize : 56 <-- 1.398020 s

maxsize : 56
nodes : 376343.000000
filtered : 2671747.000000
time : 1.936244
