Parameters: GAD=1 vflib=1 dir=0 label=1 lowerbound=1 fileNameGp=../graphsdb/mcs70/bvg/b03/mcs70_b03_s70.A81 fileNameGt=../graphsdb/mcs70/bvg/b03/mcs70_b03_s70.B81
Reading graphs...
70 :  105
70 :  105
Initializing...
maxdom : 8
D->valSize : 322
Solving...
Blb : 2 (clique : 34)
currentSize : 34 <-- 0.004573 s
currentSize : 36 <-- 0.005378 s
currentSize : 37 <-- 0.055998 s
currentSize : 38 <-- 0.056113 s
currentSize : 39 <-- 0.305893 s
currentSize : 40 <-- 0.306002 s
currentSize : 42 <-- 0.306130 s
currentSize : 44 <-- 51.070621 s
currentSize : 45 <-- 66.082214 s
currentSize : 48 <-- 86.775734 s

maxsize : 48
nodes : 22567109.000000
filtered : 99951942.000000
time : 97.071373
