Parameters: GAD=1 vflib=1 dir=0 label=1 lowerbound=1 fileNameGp=../graphsdb/mcs70/m2D/m2Dr6/mcs70_m2Dr6_s40.A98 fileNameGt=../graphsdb/mcs70/m2D/m2Dr6/mcs70_m2Dr6_s40.B98
Reading graphs...
40 :  87
40 :  90
Initializing...
maxdom : 9
D->valSize : 233
Solving...
Blb : 3 (clique : 13)
currentSize : 13 <-- 0.001399 s
currentSize : 14 <-- 0.003085 s
currentSize : 15 <-- 0.005463 s
currentSize : 17 <-- 0.009270 s
currentSize : 18 <-- 0.010211 s
currentSize : 19 <-- 0.017017 s
currentSize : 20 <-- 0.018350 s
currentSize : 21 <-- 0.021855 s
currentSize : 24 <-- 0.068172 s
currentSize : 25 <-- 0.068221 s

maxsize : 25
nodes : 25224.000000
filtered : 267629.000000
time : 0.097178
