Parameters: GAD=1 vflib=1 dir=0 label=1 lowerbound=1 fileNameGp=../graphsdb/mcs70/m2D/m2D/mcs70_m2D_s70.A05 fileNameGt=../graphsdb/mcs70/m2D/m2D/mcs70_m2D_s70.B05
Reading graphs...
70 :  122
70 :  123
Initializing...
maxdom : 9
D->valSize : 375
Solving...
Blb : 2 (clique : 37)
currentSize : 37 <-- 0.003427 s
currentSize : 38 <-- 0.003901 s
currentSize : 39 <-- 0.003959 s
currentSize : 40 <-- 0.007631 s
currentSize : 41 <-- 0.007702 s
currentSize : 42 <-- 0.010183 s
currentSize : 43 <-- 0.010296 s
currentSize : 44 <-- 0.023481 s
currentSize : 45 <-- 0.023559 s
currentSize : 46 <-- 0.031367 s
currentSize : 47 <-- 0.031450 s
currentSize : 48 <-- 3.263054 s
currentSize : 49 <-- 3.263158 s

maxsize : 49
nodes : 1222446.000000
filtered : 6980586.000000
time : 5.541214
