Parameters: GAD=1 vflib=1 dir=0 label=1 lowerbound=1 fileNameGp=../graphsdb/mcs70/m2D/m2Dr4/mcs70_m2Dr4_s100.A74 fileNameGt=../graphsdb/mcs70/m2D/m2Dr4/mcs70_m2Dr4_s100.B74
Reading graphs...
100 :  219
100 :  218
Initializing...
maxdom : 7
D->valSize : 360
Solving...
Blb : 2 (clique : 55)
currentSize : 55 <-- 0.004012 s
currentSize : 56 <-- 40.475952 s
currentSize : 57 <-- 43.117668 s
currentSize : 58 <-- 1525.512207 s
currentSize : 59 <-- 1525.514893 s
currentSize : 60 <-- 1525.532715 s
currentSize : 61 <-- 1526.018799 s
currentSize : 62 <-- 1526.037720 s
currentSize : 63 <-- 1527.669678 s

TIMEOUT
maxsize : 63
nodes : 722512027.000000
filtered : 2003312789.000000
time : 3600.000000
