Parameters: GAD=1 vflib=1 dir=0 label=1 lowerbound=1 fileNameGp=../graphsdb/mcs70/rand/r01/mcs70_r01_s50.A53 fileNameGt=../graphsdb/mcs70/rand/r01/mcs70_r01_s50.B53
Reading graphs...
50 :  231
50 :  233
Initializing...
maxdom : 10
D->valSize : 342
Solving...
Blb : 2 (clique : 21)
currentSize : 21 <-- 0.002415 s
currentSize : 24 <-- 0.002662 s
currentSize : 30 <-- 0.002814 s
currentSize : 31 <-- 0.018264 s
currentSize : 32 <-- 0.019873 s

maxsize : 32
nodes : 6713.000000
filtered : 123152.000000
time : 0.036131
