Parameters: GAD=1 vflib=1 dir=0 label=1 lowerbound=1 fileNameGp=../graphsdb/mcs70/m2D/m2Dr2/mcs70_m2Dr2_s100.A06 fileNameGt=../graphsdb/mcs70/m2D/m2Dr2/mcs70_m2Dr2_s100.B06
Reading graphs...
100 :  200
100 :  198
Initializing...
maxdom : 7
D->valSize : 365
Solving...
Blb : 2 (clique : 43)
currentSize : 43 <-- 0.003954 s
currentSize : 45 <-- 0.004295 s
currentSize : 46 <-- 0.004414 s
currentSize : 47 <-- 0.004523 s
currentSize : 48 <-- 0.004622 s
currentSize : 49 <-- 0.004867 s
currentSize : 50 <-- 0.019790 s
currentSize : 51 <-- 0.019969 s
currentSize : 52 <-- 0.191258 s
currentSize : 53 <-- 0.284328 s
currentSize : 54 <-- 0.284632 s
currentSize : 55 <-- 0.289434 s
currentSize : 56 <-- 0.357392 s
currentSize : 57 <-- 0.359654 s
currentSize : 58 <-- 0.373694 s
currentSize : 59 <-- 1.056625 s
currentSize : 61 <-- 1.087253 s
currentSize : 62 <-- 1.091361 s
currentSize : 63 <-- 1.140839 s
currentSize : 64 <-- 1.144617 s

maxsize : 64
nodes : 109001814.000000
filtered : 471207051.000000
time : 632.039001
