Parameters: GAD=1 vflib=1 dir=0 label=1 lowerbound=1 fileNameGp=../graphsdb/mcs70/bvg/b06/mcs70_b06_s50.A61 fileNameGt=../graphsdb/mcs70/bvg/b06/mcs70_b06_s50.B61
Reading graphs...
50 :  150
50 :  150
Initializing...
maxdom : 11
D->valSize : 344
Solving...
Blb : 2 (clique : 23)
currentSize : 23 <-- 0.004056 s
currentSize : 24 <-- 0.004394 s
currentSize : 25 <-- 0.004805 s
currentSize : 27 <-- 0.006164 s
currentSize : 33 <-- 0.006990 s
currentSize : 35 <-- 0.007344 s

maxsize : 35
nodes : 5672.000000
filtered : 56741.000000
time : 0.041018
