Parameters: GAD=1 vflib=1 dir=0 label=1 lowerbound=1 fileNameGp=../graphsdb/mcs70/bvg/b03/mcs70_b03_s70.A15 fileNameGt=../graphsdb/mcs70/bvg/b03/mcs70_b03_s70.B15
Reading graphs...
70 :  105
70 :  105
Initializing...
maxdom : 11
D->valSize : 354
Solving...
Blb : 2 (clique : 36)
currentSize : 36 <-- 0.005192 s
currentSize : 37 <-- 0.005553 s
currentSize : 38 <-- 0.005614 s
currentSize : 39 <-- 0.005788 s
currentSize : 42 <-- 0.007645 s
currentSize : 45 <-- 0.009662 s
currentSize : 48 <-- 0.016108 s

maxsize : 48
nodes : 1287669.000000
filtered : 6531737.000000
time : 5.997230
