Parameters: GAD=1 vflib=1 dir=0 label=1 lowerbound=1 fileNameGp=../graphsdb/mcs70/m3D/m3Dr6/mcs70_m3Dr6_s100.A44 fileNameGt=../graphsdb/mcs70/m3D/m3Dr6/mcs70_m3Dr6_s100.B44
Reading graphs...
100 :  291
100 :  290
Initializing...
maxdom : 9
D->valSize : 393
Solving...
Blb : 2 (clique : 41)
currentSize : 41 <-- 0.004138 s
currentSize : 43 <-- 0.004683 s
currentSize : 44 <-- 0.117803 s
currentSize : 45 <-- 0.258195 s
currentSize : 46 <-- 0.259422 s
currentSize : 47 <-- 0.261648 s
currentSize : 51 <-- 1.618127 s
currentSize : 52 <-- 1.618250 s
currentSize : 53 <-- 2.944784 s
currentSize : 54 <-- 17.068472 s
currentSize : 55 <-- 23.188507 s
currentSize : 56 <-- 32.306870 s
currentSize : 57 <-- 33.250862 s
currentSize : 58 <-- 33.290890 s
currentSize : 59 <-- 160.721924 s
currentSize : 60 <-- 210.733521 s
currentSize : 61 <-- 317.159576 s
currentSize : 62 <-- 317.208710 s
currentSize : 63 <-- 318.365875 s

maxsize : 63
nodes : 179492915.000000
filtered : 477206366.000000
time : 816.394653
