Parameters: GAD=1 vflib=1 dir=0 label=1 lowerbound=1 fileNameGp=../graphsdb/mcs70/m3D/m3D/mcs70_m3D_s90.A09 fileNameGt=../graphsdb/mcs70/m3D/m3D/mcs70_m3D_s90.B09
Reading graphs...
90 :  208
90 :  209
Initializing...
maxdom : 10
D->valSize : 562
Solving...
Blb : 2 (clique : 59)
currentSize : 59 <-- 0.006896 s
currentSize : 60 <-- 0.007271 s
currentSize : 61 <-- 0.135814 s
currentSize : 63 <-- 0.135943 s
currentSize : 64 <-- 0.963392 s

maxsize : 64
nodes : 338479192.000000
filtered : 1522718884.000000
time : 1529.054321
