Parameters: GAD=1 vflib=1 dir=0 label=1 lowerbound=1 fileNameGp=../graphsdb/mcs70/m3D/m3Dr4/mcs70_m3Dr4_s100.A99 fileNameGt=../graphsdb/mcs70/m3D/m3Dr4/mcs70_m3Dr4_s100.B99
Reading graphs...
100 :  273
100 :  272
Initializing...
maxdom : 8
D->valSize : 342
Solving...
Blb : 2 (clique : 44)
currentSize : 44 <-- 0.003583 s
currentSize : 45 <-- 0.004595 s
currentSize : 46 <-- 0.004921 s
currentSize : 47 <-- 0.009761 s
currentSize : 48 <-- 0.027617 s
currentSize : 49 <-- 0.028013 s
currentSize : 50 <-- 0.028279 s
currentSize : 51 <-- 0.030516 s
currentSize : 52 <-- 0.030760 s
currentSize : 53 <-- 0.124528 s
currentSize : 54 <-- 0.125873 s
currentSize : 55 <-- 0.126027 s
currentSize : 61 <-- 0.132155 s
currentSize : 62 <-- 0.254986 s
currentSize : 63 <-- 0.255237 s

maxsize : 63
nodes : 3790426.000000
filtered : 18027378.000000
time : 21.877481
