Parameters: GAD=1 vflib=1 dir=0 label=1 lowerbound=1 fileNameGp=../graphsdb/mcs70/bvg/b03/mcs70_b03_s40.A62 fileNameGt=../graphsdb/mcs70/bvg/b03/mcs70_b03_s40.B62
Reading graphs...
40 :  60
40 :  60
Initializing...
maxdom : 8
D->valSize : 234
Solving...
Blb : 5 (clique : 19)
currentSize : 19 <-- 0.001420 s
currentSize : 21 <-- 0.003027 s
currentSize : 22 <-- 0.045242 s
currentSize : 23 <-- 0.098183 s
currentSize : 24 <-- 0.212856 s
currentSize : 26 <-- 0.230800 s
currentSize : 27 <-- 0.247638 s
currentSize : 28 <-- 0.322007 s

maxsize : 28
nodes : 98112.000000
filtered : 653998.000000
time : 0.328359
