Parameters: GAD=1 vflib=1 dir=0 label=1 lowerbound=1 fileNameGp=../graphsdb/mcs70/rand/r01/mcs70_r01_s40.A38 fileNameGt=../graphsdb/mcs70/rand/r01/mcs70_r01_s40.B38
Reading graphs...
40 :  146
40 :  143
Initializing...
maxdom : 7
D->valSize : 229
Solving...
Blb : 2 (clique : 12)
currentSize : 12 <-- 0.001363 s
currentSize : 14 <-- 0.001629 s
currentSize : 15 <-- 0.001803 s
currentSize : 17 <-- 0.001828 s
currentSize : 23 <-- 0.008957 s
currentSize : 26 <-- 0.009002 s

maxsize : 26
nodes : 3319.000000
filtered : 42391.000000
time : 0.014506
