Parameters: GAD=1 vflib=1 dir=0 label=1 lowerbound=1 fileNameGp=../graphsdb/mcs70/bvg/b09/mcs70_b09_s80.A74 fileNameGt=../graphsdb/mcs70/bvg/b09/mcs70_b09_s80.B74
Reading graphs...
80 :  353
80 :  360
Initializing...
maxdom : 9
D->valSize : 432
Solving...
Blb : 3 (clique : 22)
currentSize : 22 <-- 0.004117 s
currentSize : 23 <-- 0.005593 s
currentSize : 24 <-- 0.234886 s
currentSize : 25 <-- 0.295138 s
currentSize : 26 <-- 0.466509 s
currentSize : 27 <-- 0.693019 s
currentSize : 28 <-- 0.704858 s
currentSize : 36 <-- 1.932051 s
currentSize : 38 <-- 2.229890 s
currentSize : 51 <-- 3.284316 s
currentSize : 56 <-- 3.286047 s

maxsize : 56
nodes : 839741.000000
filtered : 4637312.000000
time : 3.915533
