Parameters: GAD=1 vflib=1 dir=0 label=1 lowerbound=1 fileNameGp=../graphsdb/mcs70/m2D/m2Dr2/mcs70_m2Dr2_s80.A41 fileNameGt=../graphsdb/mcs70/m2D/m2Dr2/mcs70_m2Dr2_s80.B41
Reading graphs...
80 :  158
80 :  158
Initializing...
maxdom : 10
D->valSize : 422
Solving...
Blb : 2 (clique : 32)
currentSize : 32 <-- 0.004206 s
currentSize : 34 <-- 0.004599 s
currentSize : 36 <-- 0.004762 s
currentSize : 37 <-- 0.006403 s
currentSize : 38 <-- 0.006433 s
currentSize : 39 <-- 0.007052 s
currentSize : 40 <-- 0.007513 s
currentSize : 41 <-- 5.521231 s
currentSize : 42 <-- 5.521363 s
currentSize : 43 <-- 5.831811 s
currentSize : 44 <-- 37.438007 s
currentSize : 45 <-- 37.500778 s
currentSize : 46 <-- 39.097324 s
currentSize : 47 <-- 39.097458 s
currentSize : 48 <-- 39.097961 s
currentSize : 49 <-- 39.207760 s

maxsize : 49
nodes : 20068775.000000
filtered : 94748115.000000
time : 93.131844
