Parameters: GAD=1 vflib=1 dir=0 label=1 lowerbound=1 fileNameGp=../graphsdb/mcs70/rand/r02/mcs70_r02_s50.A91 fileNameGt=../graphsdb/mcs70/rand/r02/mcs70_r02_s50.B91
Reading graphs...
50 :  448
50 :  447
Initializing...
maxdom : 11
D->valSize : 348
Solving...
Blb : 3 (clique : 11)
currentSize : 11 <-- 0.002810 s
currentSize : 12 <-- 0.004309 s
currentSize : 16 <-- 0.005931 s
currentSize : 20 <-- 0.007026 s
currentSize : 31 <-- 0.007130 s

maxsize : 31
nodes : 3588.000000
filtered : 41545.000000
time : 0.016170
