Parameters: GAD=1 vflib=1 dir=0 label=1 lowerbound=1 fileNameGp=../graphsdb/mcs70/bvg/b03/mcs70_b03_s70.A20 fileNameGt=../graphsdb/mcs70/bvg/b03/mcs70_b03_s70.B20
Reading graphs...
70 :  105
70 :  105
Initializing...
maxdom : 9
D->valSize : 367
Solving...
Blb : 2 (clique : 43)
currentSize : 43 <-- 0.003378 s
currentSize : 45 <-- 0.003707 s
currentSize : 46 <-- 0.004509 s
currentSize : 47 <-- 0.007413 s
currentSize : 48 <-- 0.014905 s

maxsize : 48
nodes : 785507.000000
filtered : 4682002.000000
time : 4.367029
