Parameters: GAD=1 vflib=1 dir=0 label=1 lowerbound=1 fileNameGp=../graphsdb/mcs70/m2D/m2Dr4/mcs70_m2Dr4_s60.A80 fileNameGt=../graphsdb/mcs70/m2D/m2Dr4/mcs70_m2Dr4_s60.B80
Reading graphs...
60 :  127
60 :  124
Initializing...
maxdom : 6
D->valSize : 244
Solving...
Blb : 2 (clique : 30)
currentSize : 30 <-- 0.002962 s
currentSize : 31 <-- 0.003259 s
currentSize : 32 <-- 0.003908 s
currentSize : 33 <-- 0.004025 s
currentSize : 34 <-- 0.004117 s
currentSize : 35 <-- 0.012851 s

maxsize : 35
nodes : 1219939.000000
filtered : 4038313.000000
time : 4.472249
