Parameters: GAD=1 vflib=1 dir=0 label=1 lowerbound=1 fileNameGp=../graphsdb/mcs70/m3D/m3Dr2/mcs70_m3Dr2_s40.A12 fileNameGt=../graphsdb/mcs70/m3D/m3Dr2/mcs70_m3Dr2_s40.B12
Reading graphs...
40 :  90
40 :  89
Initializing...
maxdom : 12
D->valSize : 286
Solving...
Blb : 2 (clique : 15)
currentSize : 15 <-- 0.003142 s
currentSize : 16 <-- 0.055955 s
currentSize : 17 <-- 0.059781 s
currentSize : 18 <-- 0.060339 s
currentSize : 19 <-- 0.064950 s
currentSize : 20 <-- 0.065021 s
currentSize : 21 <-- 0.065459 s
currentSize : 22 <-- 0.068614 s
currentSize : 25 <-- 0.074469 s
currentSize : 26 <-- 0.098337 s
currentSize : 27 <-- 0.098427 s

maxsize : 27
nodes : 30856.000000
filtered : 237652.000000
time : 0.109047
