Parameters: GAD=1 vflib=1 dir=0 label=1 lowerbound=1 fileNameGp=../graphsdb/mcs70/m2D/m2D/mcs70_m2D_s40.A28 fileNameGt=../graphsdb/mcs70/m2D/m2D/mcs70_m2D_s40.B28
Reading graphs...
40 :  67
40 :  67
Initializing...
maxdom : 10
D->valSize : 216
Solving...
Blb : 5 (clique : 14)
currentSize : 14 <-- 0.001382 s
currentSize : 15 <-- 0.001485 s
currentSize : 16 <-- 0.003747 s
currentSize : 17 <-- 0.008584 s
currentSize : 18 <-- 0.009246 s
currentSize : 19 <-- 0.014571 s
currentSize : 22 <-- 0.015268 s
currentSize : 23 <-- 0.075795 s
currentSize : 24 <-- 0.091892 s
currentSize : 25 <-- 0.294019 s

maxsize : 25
nodes : 79731.000000
filtered : 784967.000000
time : 0.307973
