Parameters: GAD=1 vflib=1 dir=0 label=1 lowerbound=1 fileNameGp=../graphsdb/mcs70/m3D/m3D/mcs70_m3D_s100.A50 fileNameGt=../graphsdb/mcs70/m3D/m3D/mcs70_m3D_s100.B50
Reading graphs...
100 :  234
100 :  235
Initializing...
maxdom : 9
D->valSize : 418
Solving...
Blb : 2 (clique : 46)
currentSize : 46 <-- 0.007492 s
currentSize : 47 <-- 0.049803 s
currentSize : 48 <-- 0.049951 s
currentSize : 49 <-- 0.127754 s
currentSize : 50 <-- 0.127841 s
currentSize : 51 <-- 0.177209 s
currentSize : 52 <-- 0.177387 s
currentSize : 53 <-- 0.178004 s
currentSize : 54 <-- 1.749759 s
currentSize : 55 <-- 299.857666 s
currentSize : 56 <-- 299.857819 s
currentSize : 57 <-- 299.858246 s
currentSize : 58 <-- 300.178284 s
currentSize : 63 <-- 1099.663940 s
currentSize : 64 <-- 1099.664185 s

maxsize : 64
nodes : 258578572.000000
filtered : 1033516357.000000
time : 1301.341187
