Parameters: GAD=1 vflib=1 dir=0 label=1 lowerbound=1 fileNameGp=../graphsdb/mcs70/m3D/m3D/mcs70_m3D_s40.A31 fileNameGt=../graphsdb/mcs70/m3D/m3D/mcs70_m3D_s40.B31
Reading graphs...
40 :  84
40 :  84
Initializing...
maxdom : 8
D->valSize : 216
Solving...
Blb : 2 (clique : 15)
currentSize : 15 <-- 0.001328 s
currentSize : 16 <-- 0.017379 s
currentSize : 17 <-- 0.056285 s
currentSize : 18 <-- 0.056392 s
currentSize : 19 <-- 0.109221 s
currentSize : 20 <-- 0.150239 s
currentSize : 21 <-- 0.150254 s
currentSize : 22 <-- 0.150598 s
currentSize : 23 <-- 0.151023 s
currentSize : 25 <-- 0.151041 s
currentSize : 27 <-- 0.151184 s

maxsize : 27
nodes : 53115.000000
filtered : 384652.000000
time : 0.169338
