Parameters: GAD=1 vflib=1 dir=0 label=1 lowerbound=1 fileNameGp=../graphsdb/mcs70/m3D/m3Dr6/mcs70_m3Dr6_s90.A04 fileNameGt=../graphsdb/mcs70/m3D/m3Dr6/mcs70_m3Dr6_s90.B04
Reading graphs...
90 :  261
90 :  261
Initializing...
maxdom : 12
D->valSize : 565
Solving...
Blb : 3 (clique : 38)
currentSize : 38 <-- 0.011018 s
currentSize : 39 <-- 0.011630 s
currentSize : 42 <-- 0.019202 s
currentSize : 44 <-- 0.019386 s
currentSize : 45 <-- 0.026823 s
currentSize : 49 <-- 0.085437 s
currentSize : 51 <-- 0.086232 s
currentSize : 52 <-- 0.163383 s
currentSize : 53 <-- 0.738832 s
currentSize : 56 <-- 0.739542 s
currentSize : 57 <-- 0.855548 s
currentSize : 63 <-- 33.029507 s

maxsize : 63
nodes : 18173265.000000
filtered : 90476020.000000
time : 89.289810
