Parameters: GAD=1 vflib=1 dir=0 label=1 lowerbound=1 fileNameGp=../graphsdb/mcs70/m2D/m2Dr2/mcs70_m2Dr2_s100.A41 fileNameGt=../graphsdb/mcs70/m2D/m2Dr2/mcs70_m2Dr2_s100.B41
Reading graphs...
100 :  199
100 :  200
Initializing...
maxdom : 7
D->valSize : 369
Solving...
Blb : 2 (clique : 51)
currentSize : 51 <-- 0.004068 s
currentSize : 52 <-- 0.004422 s
currentSize : 53 <-- 0.004725 s
currentSize : 54 <-- 0.004972 s
currentSize : 55 <-- 0.006244 s
currentSize : 57 <-- 0.008653 s
currentSize : 58 <-- 0.008945 s
currentSize : 59 <-- 0.010496 s
currentSize : 60 <-- 0.036483 s
currentSize : 61 <-- 0.036706 s
currentSize : 62 <-- 0.038160 s
currentSize : 63 <-- 892.232422 s
currentSize : 64 <-- 892.232788 s

maxsize : 64
nodes : 183658883.000000
filtered : 695608973.000000
time : 992.001038
