Parameters: GAD=1 vflib=1 dir=0 label=1 lowerbound=1 fileNameGp=../graphsdb/mcs70/bvg/b06m/mcs70_b06m_s70.A04 fileNameGt=../graphsdb/mcs70/bvg/b06m/mcs70_b06m_s70.B04
Reading graphs...
70 :  207
70 :  208
Initializing...
maxdom : 7
D->valSize : 333
Solving...
Blb : 2 (clique : 37)
currentSize : 37 <-- 0.004536 s
currentSize : 39 <-- 0.004900 s
currentSize : 41 <-- 0.258245 s
currentSize : 47 <-- 0.607044 s
currentSize : 49 <-- 0.614743 s

maxsize : 49
nodes : 240583.000000
filtered : 1609837.000000
time : 1.138764
