Parameters: GAD=1 vflib=1 dir=0 label=1 lowerbound=1 fileNameGp=../graphsdb/mcs70/rand/r01/mcs70_r01_s80.A78 fileNameGt=../graphsdb/mcs70/rand/r01/mcs70_r01_s80.B78
Reading graphs...
80 :  601
80 :  598
Initializing...
maxdom : 9
D->valSize : 411
Solving...
Blb : 2 (clique : 28)
currentSize : 28 <-- 0.003777 s
currentSize : 29 <-- 0.009721 s
currentSize : 37 <-- 0.009859 s
currentSize : 38 <-- 0.027894 s
currentSize : 50 <-- 0.031348 s

maxsize : 50
nodes : 70496.000000
filtered : 253031.000000
time : 0.284342
