Parameters: GAD=1 vflib=1 dir=0 label=1 lowerbound=1 fileNameGp=../graphsdb/mcs70/m3D/m3Dr2/mcs70_m3Dr2_s100.A69 fileNameGt=../graphsdb/mcs70/m3D/m3Dr2/mcs70_m3Dr2_s100.B69
Reading graphs...
100 :  253
100 :  255
Initializing...
maxdom : 8
D->valSize : 350
Solving...
Blb : 2 (clique : 50)
currentSize : 50 <-- 0.003763 s
currentSize : 53 <-- 0.004694 s
currentSize : 54 <-- 0.028221 s
currentSize : 55 <-- 0.104690 s
currentSize : 56 <-- 1.496466 s
currentSize : 57 <-- 1.561899 s
currentSize : 58 <-- 1.802564 s
currentSize : 59 <-- 6.099559 s
currentSize : 62 <-- 6.099739 s
currentSize : 63 <-- 6.101503 s
currentSize : 64 <-- 6.116913 s
currentSize : 65 <-- 6.353821 s

maxsize : 65
nodes : 47063340.000000
filtered : 171807760.000000
time : 236.617508
