Parameters: GAD=1 vflib=1 dir=0 label=1 lowerbound=1 fileNameGp=../graphsdb/mcs70/rand/r005/mcs70_r005_s60.A61 fileNameGt=../graphsdb/mcs70/rand/r005/mcs70_r005_s60.B61
Reading graphs...
60 :  171
60 :  170
Initializing...
maxdom : 7
D->valSize : 251
Solving...
Blb : 3 (clique : 23)
currentSize : 23 <-- 0.001811 s
currentSize : 26 <-- 0.069433 s
currentSize : 30 <-- 0.090172 s
currentSize : 31 <-- 0.090692 s
currentSize : 38 <-- 0.102581 s
currentSize : 40 <-- 0.150719 s
currentSize : 41 <-- 0.150870 s

maxsize : 41
nodes : 45163.000000
filtered : 282892.000000
time : 0.195013
