Parameters: GAD=1 vflib=1 dir=0 label=1 lowerbound=1 fileNameGp=../graphsdb/mcs70/m2D/m2Dr4/mcs70_m2Dr4_s25.A40 fileNameGt=../graphsdb/mcs70/m2D/m2Dr4/mcs70_m2Dr4_s25.B40
Reading graphs...
25 :  50
25 :  48
Initializing...
maxdom : 7
D->valSize : 155
Solving...
Blb : 5 (clique : 9)
currentSize : 9 <-- 0.000867 s
currentSize : 10 <-- 0.001113 s
currentSize : 11 <-- 0.001372 s
currentSize : 13 <-- 0.003567 s
currentSize : 14 <-- 0.006612 s
currentSize : 15 <-- 0.006908 s
currentSize : 16 <-- 0.009399 s

maxsize : 16
nodes : 3826.000000
filtered : 31736.000000
time : 0.010898
