Parameters: GAD=1 vflib=1 dir=0 label=1 lowerbound=1 fileNameGp=../graphsdb/mcs70/m2D/m2D/mcs70_m2D_s100.A71 fileNameGt=../graphsdb/mcs70/m2D/m2D/mcs70_m2D_s100.B71
Reading graphs...
100 :  179
100 :  180
Initializing...
maxdom : 9
D->valSize : 385
Solving...
Blb : 2 (clique : 48)
currentSize : 48 <-- 0.004394 s
currentSize : 50 <-- 0.004731 s
currentSize : 51 <-- 0.004980 s
currentSize : 52 <-- 0.005899 s
currentSize : 53 <-- 0.006115 s
currentSize : 54 <-- 0.744446 s
currentSize : 55 <-- 0.744580 s
currentSize : 57 <-- 0.744749 s
currentSize : 58 <-- 0.744893 s
currentSize : 59 <-- 199.648972 s
currentSize : 60 <-- 353.156128 s
currentSize : 61 <-- 353.156982 s
currentSize : 62 <-- 930.618286 s
currentSize : 63 <-- 978.600098 s
currentSize : 64 <-- 978.600403 s
currentSize : 65 <-- 978.632690 s
currentSize : 66 <-- 978.632874 s

maxsize : 66
nodes : 210703031.000000
filtered : 773928166.000000
time : 1119.660034
