Parameters: GAD=1 vflib=1 dir=0 label=1 lowerbound=1 fileNameGp=../graphsdb/mcs70/m3D/m3D/mcs70_m3D_s100.A33 fileNameGt=../graphsdb/mcs70/m3D/m3D/mcs70_m3D_s100.B33
Reading graphs...
100 :  233
100 :  234
Initializing...
maxdom : 8
D->valSize : 393
Solving...
Blb : 2 (clique : 45)
currentSize : 45 <-- 0.007289 s
currentSize : 46 <-- 0.008300 s
currentSize : 47 <-- 0.009309 s
currentSize : 48 <-- 0.036486 s
currentSize : 49 <-- 0.333472 s
currentSize : 50 <-- 0.338933 s
currentSize : 51 <-- 0.346727 s
currentSize : 52 <-- 0.825699 s
currentSize : 53 <-- 1.289343 s
currentSize : 54 <-- 3.854161 s
currentSize : 55 <-- 3.854728 s
currentSize : 56 <-- 4.183645 s
currentSize : 57 <-- 4.357331 s
currentSize : 58 <-- 5.358666 s
currentSize : 59 <-- 5.361762 s
currentSize : 60 <-- 5.631324 s
currentSize : 61 <-- 5.631602 s
currentSize : 62 <-- 5.631794 s
currentSize : 66 <-- 24.450331 s

maxsize : 66
nodes : 16887135.000000
filtered : 79117478.000000
time : 98.823219
