Parameters: GAD=1 vflib=1 dir=0 label=1 lowerbound=1 fileNameGp=../graphsdb/mcs70/bvg/b03m/mcs70_b03m_s80.A26 fileNameGt=../graphsdb/mcs70/bvg/b03m/mcs70_b03m_s80.B26
Reading graphs...
80 :  120
80 :  120
Initializing...
maxdom : 9
D->valSize : 473
Solving...
Blb : 2 (clique : 45)
currentSize : 45 <-- 0.008705 s
currentSize : 46 <-- 0.054251 s
currentSize : 47 <-- 8.321236 s
currentSize : 48 <-- 72.276604 s
currentSize : 49 <-- 72.277069 s
currentSize : 50 <-- 111.513733 s
currentSize : 52 <-- 1140.898315 s
currentSize : 55 <-- 1142.688110 s
currentSize : 56 <-- 1242.887939 s

maxsize : 56
nodes : 320208921.000000
filtered : 1477569097.000000
time : 1499.583374
