Parameters: GAD=1 vflib=1 dir=0 label=1 lowerbound=1 fileNameGp=../graphsdb/mcs70/bvg/b06/mcs70_b06_s50.A91 fileNameGt=../graphsdb/mcs70/bvg/b06/mcs70_b06_s50.B91
Reading graphs...
50 :  149
50 :  150
Initializing...
maxdom : 15
D->valSize : 378
Solving...
Blb : 2 (clique : 13)
currentSize : 13 <-- 0.002842 s
currentSize : 14 <-- 0.003192 s
currentSize : 15 <-- 0.003885 s
currentSize : 18 <-- 0.004200 s
currentSize : 20 <-- 0.004661 s
currentSize : 25 <-- 0.024649 s
currentSize : 26 <-- 0.032594 s
currentSize : 27 <-- 0.101658 s
currentSize : 34 <-- 0.255001 s
currentSize : 35 <-- 0.307562 s

maxsize : 35
nodes : 70208.000000
filtered : 773770.000000
time : 0.402421
