Parameters: GAD=1 vflib=1 dir=0 label=1 lowerbound=1 fileNameGp=../graphsdb/mcs70/m2D/m2Dr6/m2Dr6/mcs70_m2Dr6_s35.A52 fileNameGt=../graphsdb/mcs70/m2D/m2Dr6/m2Dr6/mcs70_m2Dr6_s35.B52
Reading graphs...
35 :  75
35 :  76
Initializing...
maxdom : 6
D->valSize : 170
Solving...
Blb : 2 (clique : 19)
currentSize : 19 <-- 0.001016 s
currentSize : 20 <-- 0.001091 s
currentSize : 22 <-- 0.001137 s
currentSize : 23 <-- 0.001200 s
currentSize : 24 <-- 0.001281 s

maxsize : 24
nodes : 1616.000000
filtered : 9883.000000
time : 0.006206
