Parameters: GAD=1 vflib=1 dir=0 label=1 lowerbound=1 fileNameGp=../graphsdb/mcs70/m2D/m2Dr6/m2Dr6/mcs70_m2Dr6_s25.A66 fileNameGt=../graphsdb/mcs70/m2D/m2Dr6/m2Dr6/mcs70_m2Dr6_s25.B66
Reading graphs...
25 :  54
25 :  52
Initializing...
maxdom : 7
D->valSize : 158
Solving...
Blb : 2 (clique : 8)
currentSize : 8 <-- 0.000742 s
currentSize : 9 <-- 0.000780 s
currentSize : 10 <-- 0.000903 s
currentSize : 11 <-- 0.001233 s
currentSize : 12 <-- 0.009885 s
currentSize : 13 <-- 0.012772 s
currentSize : 14 <-- 0.019651 s
currentSize : 15 <-- 0.021030 s
currentSize : 17 <-- 0.021092 s

maxsize : 17
nodes : 9148.000000
filtered : 65034.000000
time : 0.023604
