Parameters: GAD=1 vflib=1 dir=0 label=1 lowerbound=1 fileNameGp=../graphsdb/mcs70/m2D/m2Dr4/mcs70_m2Dr4_s40.A47 fileNameGt=../graphsdb/mcs70/m2D/m2Dr4/mcs70_m2Dr4_s40.B47
Reading graphs...
40 :  82
40 :  80
Initializing...
maxdom : 9
D->valSize : 243
Solving...
Blb : 2 (clique : 16)
currentSize : 16 <-- 0.002313 s
currentSize : 17 <-- 0.002436 s
currentSize : 18 <-- 0.002501 s
currentSize : 19 <-- 0.007355 s
currentSize : 20 <-- 0.007377 s
currentSize : 21 <-- 0.069408 s
currentSize : 22 <-- 0.069608 s
currentSize : 23 <-- 0.099450 s
currentSize : 24 <-- 0.129925 s
currentSize : 25 <-- 0.134534 s

maxsize : 25
nodes : 41796.000000
filtered : 392586.000000
time : 0.223434
