Parameters: GAD=1 vflib=1 dir=0 label=1 lowerbound=1 fileNameGp=../graphsdb/mcs70/m2D/m2D/mcs70_m2D_s80.A09 fileNameGt=../graphsdb/mcs70/m2D/m2D/mcs70_m2D_s80.B09
Reading graphs...
80 :  142
80 :  142
Initializing...
maxdom : 9
D->valSize : 438
Solving...
Blb : 2 (clique : 29)
currentSize : 29 <-- 0.007364 s
currentSize : 30 <-- 0.007684 s
currentSize : 31 <-- 0.007743 s
currentSize : 32 <-- 0.008079 s
currentSize : 33 <-- 0.085849 s
currentSize : 34 <-- 0.574455 s
currentSize : 35 <-- 1.841988 s
currentSize : 36 <-- 7.916934 s
currentSize : 37 <-- 14.023240 s
currentSize : 38 <-- 32.779930 s
currentSize : 39 <-- 32.842129 s
currentSize : 40 <-- 56.324276 s
currentSize : 41 <-- 91.613739 s
currentSize : 43 <-- 147.897705 s
currentSize : 44 <-- 233.634445 s
currentSize : 45 <-- 448.040802 s
currentSize : 46 <-- 471.680786 s
currentSize : 47 <-- 482.419525 s
currentSize : 48 <-- 571.742920 s
currentSize : 49 <-- 571.742981 s
currentSize : 50 <-- 606.166748 s

maxsize : 50
nodes : 143951462.000000
filtered : 1203883608.000000
time : 803.802734
