Parameters: GAD=1 vflib=1 dir=0 label=1 lowerbound=1 fileNameGp=../graphsdb/mcs70/m2D/m2D/mcs70_m2D_s80.A14 fileNameGt=../graphsdb/mcs70/m2D/m2D/mcs70_m2D_s80.B14
Reading graphs...
80 :  141
80 :  142
Initializing...
maxdom : 11
D->valSize : 449
Solving...
Blb : 2 (clique : 35)
currentSize : 35 <-- 0.004770 s
currentSize : 36 <-- 0.005021 s
currentSize : 37 <-- 0.031359 s
currentSize : 38 <-- 0.031406 s
currentSize : 39 <-- 0.050964 s
currentSize : 40 <-- 0.051496 s
currentSize : 41 <-- 61.661926 s
currentSize : 42 <-- 489.598572 s
currentSize : 44 <-- 535.930054 s
currentSize : 45 <-- 601.264709 s
currentSize : 46 <-- 1487.394287 s
currentSize : 48 <-- 1526.420898 s
currentSize : 49 <-- 1526.422729 s

maxsize : 49
nodes : 517185866.000000
filtered : 3685445921.000000
time : 2705.414795
