Parameters: GAD=1 vflib=1 dir=0 label=1 lowerbound=1 fileNameGp=../graphsdb/mcs70/rand/r02/mcs70_r02_s70.A25 fileNameGt=../graphsdb/mcs70/rand/r02/mcs70_r02_s70.B25
Reading graphs...
70 :  863
70 :  867
Initializing...
maxdom : 7
D->valSize : 343
Solving...
Blb : 5 (clique : 20)
currentSize : 20 <-- 0.002979 s
currentSize : 33 <-- 0.005494 s
currentSize : 35 <-- 0.006500 s
currentSize : 36 <-- 0.009097 s
currentSize : 37 <-- 0.080786 s

maxsize : 37
nodes : 121478.000000
filtered : 191096.000000
time : 0.420010
