Parameters: GAD=1 vflib=1 dir=0 label=1 lowerbound=1 fileNameGp=../graphsdb/mcs70/rand/r005/mcs70_r005_s100.A95 fileNameGt=../graphsdb/mcs70/rand/r005/mcs70_r005_s100.B95
Reading graphs...
100 :  489
100 :  485
Initializing...
maxdom : 7
D->valSize : 378
Solving...
Blb : 2 (clique : 25)
currentSize : 25 <-- 0.003802 s
currentSize : 26 <-- 0.004020 s
currentSize : 27 <-- 0.004082 s
currentSize : 29 <-- 0.004398 s
currentSize : 31 <-- 0.004479 s
currentSize : 33 <-- 0.005765 s
currentSize : 34 <-- 0.006560 s
currentSize : 38 <-- 0.006682 s
currentSize : 40 <-- 0.077937 s
currentSize : 41 <-- 0.105866 s
currentSize : 42 <-- 0.106223 s
currentSize : 48 <-- 0.106417 s
currentSize : 53 <-- 0.175748 s
currentSize : 57 <-- 0.428036 s
currentSize : 64 <-- 0.518550 s
currentSize : 69 <-- 0.607036 s

maxsize : 69
nodes : 112649.000000
filtered : 993010.000000
time : 0.753632
