Parameters: GAD=1 vflib=1 dir=0 label=1 lowerbound=1 fileNameGp=../graphsdb/mcs70/m3D/m3Dr4/mcs70_m3Dr4_s100.A17 fileNameGt=../graphsdb/mcs70/m3D/m3Dr4/mcs70_m3Dr4_s100.B17
Reading graphs...
100 :  273
100 :  273
Initializing...
maxdom : 6
D->valSize : 360
Solving...
Blb : 3 (clique : 48)
currentSize : 48 <-- 0.003890 s
currentSize : 49 <-- 0.058373 s
currentSize : 50 <-- 0.456979 s
currentSize : 51 <-- 0.615345 s
currentSize : 53 <-- 0.616614 s
currentSize : 54 <-- 37.585201 s
currentSize : 55 <-- 150.927643 s
currentSize : 56 <-- 150.927765 s
currentSize : 57 <-- 151.156754 s
currentSize : 60 <-- 157.671951 s
currentSize : 63 <-- 157.749329 s
currentSize : 64 <-- 157.749619 s

maxsize : 64
nodes : 32633766.000000
filtered : 159881271.000000
time : 185.697449
