Parameters: GAD=1 vflib=1 dir=0 label=1 lowerbound=1 fileNameGp=../graphsdb/mcs70/rand/r005/mcs70_r005_s30.A47 fileNameGt=../graphsdb/mcs70/rand/r005/mcs70_r005_s30.B47
Reading graphs...
30 :  41
30 :  40
Initializing...
maxdom : 8
D->valSize : 129
Solving...
Blb : 2 (clique : 14)
currentSize : 14 <-- 0.000743 s
currentSize : 15 <-- 0.000930 s
currentSize : 16 <-- 0.001067 s
currentSize : 17 <-- 0.001142 s
currentSize : 18 <-- 0.001192 s
currentSize : 19 <-- 0.001477 s
currentSize : 21 <-- 0.001501 s

maxsize : 21
nodes : 609.000000
filtered : 2339.000000
time : 0.002147
