Parameters: GAD=1 vflib=1 dir=0 label=1 lowerbound=1 fileNameGp=../graphsdb/mcs70/m3D/m3Dr2/mcs70_m3Dr2_s90.A42 fileNameGt=../graphsdb/mcs70/m3D/m3Dr2/mcs70_m3Dr2_s90.B42
Reading graphs...
90 :  227
90 :  227
Initializing...
maxdom : 9
D->valSize : 579
Solving...
Blb : 2 (clique : 49)
currentSize : 49 <-- 0.007004 s
currentSize : 51 <-- 0.007353 s
currentSize : 53 <-- 0.007794 s
currentSize : 54 <-- 0.009269 s
currentSize : 57 <-- 0.009631 s
currentSize : 59 <-- 131.393112 s
currentSize : 61 <-- 131.393311 s
currentSize : 63 <-- 131.411285 s
currentSize : 64 <-- 131.411453 s

maxsize : 64
nodes : 57428623.000000
filtered : 325845329.000000
time : 282.869385
