Parameters: GAD=1 vflib=1 dir=0 label=1 lowerbound=1 fileNameGp=../graphsdb/mcs70/bvg/b06/mcs70_b06_s50.A30 fileNameGt=../graphsdb/mcs70/bvg/b06/mcs70_b06_s50.B30
Reading graphs...
50 :  150
50 :  150
Initializing...
maxdom : 9
D->valSize : 325
Solving...
Blb : 5 (clique : 13)
currentSize : 13 <-- 0.002392 s
currentSize : 17 <-- 0.002481 s
currentSize : 18 <-- 0.002493 s
currentSize : 19 <-- 0.002516 s
currentSize : 20 <-- 0.002570 s
currentSize : 23 <-- 0.002596 s
currentSize : 31 <-- 0.063330 s
currentSize : 35 <-- 0.063405 s

maxsize : 35
nodes : 15963.000000
filtered : 186886.000000
time : 0.069871
