Parameters: GAD=1 vflib=1 dir=0 label=1 lowerbound=1 fileNameGp=../graphsdb/mcs70/m2D/m2Dr6/mcs70_m2Dr6_s60.A68 fileNameGt=../graphsdb/mcs70/m2D/m2Dr6/mcs70_m2Dr6_s60.B68
Reading graphs...
60 :  135
60 :  137
Initializing...
maxdom : 6
D->valSize : 234
Solving...
Blb : 2 (clique : 23)
currentSize : 23 <-- 0.002720 s
currentSize : 24 <-- 0.005179 s
currentSize : 26 <-- 0.005578 s
currentSize : 29 <-- 0.023539 s
currentSize : 30 <-- 0.285893 s
currentSize : 31 <-- 0.768000 s
currentSize : 32 <-- 1.411268 s
currentSize : 33 <-- 1.706336 s
currentSize : 36 <-- 1.707318 s

maxsize : 36
nodes : 565642.000000
filtered : 2720191.000000
time : 2.274790
