Parameters: GAD=1 vflib=1 dir=0 label=1 lowerbound=1 fileNameGp=../graphsdb/mcs70/bvg/b09m/mcs70_b09m_s90.A53 fileNameGt=../graphsdb/mcs70/bvg/b09m/mcs70_b09m_s90.B53
Reading graphs...
90 :  399
90 :  399
Initializing...
maxdom : 10
D->valSize : 590
Solving...
Blb : 3 (clique : 41)
currentSize : 41 <-- 0.011465 s
currentSize : 43 <-- 0.404564 s
currentSize : 44 <-- 7.463643 s
currentSize : 45 <-- 7.464766 s
currentSize : 46 <-- 7.486005 s
currentSize : 50 <-- 7.486812 s
currentSize : 51 <-- 7.487355 s
currentSize : 52 <-- 7.487636 s
currentSize : 54 <-- 7.488078 s
currentSize : 56 <-- 12.058758 s
currentSize : 57 <-- 15.633663 s
currentSize : 61 <-- 15.634182 s

maxsize : 61
nodes : 5393308.000000
filtered : 31335141.000000
time : 26.975668
