Parameters: GAD=1 vflib=1 dir=0 label=1 lowerbound=1 fileNameGp=../graphsdb/mcs70/rand/r02/mcs70_r02_s100.A45 fileNameGt=../graphsdb/mcs70/rand/r02/mcs70_r02_s100.B45
Reading graphs...
100 :  1760
100 :  1765
Initializing...
maxdom : 8
D->valSize : 387
Solving...
Blb : 2 (clique : 45)
currentSize : 45 <-- 0.004071 s
currentSize : 46 <-- 0.026884 s
currentSize : 47 <-- 0.090927 s
currentSize : 48 <-- 0.493951 s
currentSize : 49 <-- 5.132040 s

maxsize : 49
nodes : 10347362.000000
filtered : 4696056.000000
time : 41.791313
