Parameters: GAD=1 vflib=1 dir=0 label=1 lowerbound=1 fileNameGp=../graphsdb/mcs70/bvg/b09m/mcs70_b09m_s80.A54 fileNameGt=../graphsdb/mcs70/bvg/b09m/mcs70_b09m_s80.B54
Reading graphs...
80 :  353
80 :  354
Initializing...
maxdom : 11
D->valSize : 445
Solving...
Blb : 3 (clique : 30)
currentSize : 30 <-- 0.004608 s
currentSize : 32 <-- 0.004818 s
currentSize : 34 <-- 0.005282 s
currentSize : 35 <-- 0.007380 s
currentSize : 36 <-- 0.800955 s
currentSize : 37 <-- 0.801037 s
currentSize : 40 <-- 3.007413 s
currentSize : 44 <-- 5.157257 s
currentSize : 52 <-- 11.112306 s
currentSize : 53 <-- 11.114110 s

maxsize : 53
nodes : 3586496.000000
filtered : 18167666.000000
time : 16.367910
