Parameters: GAD=1 vflib=1 dir=0 label=1 lowerbound=1 fileNameGp=../graphsdb/mcs70/rand/r001/mcs70_r001_s100.A51 fileNameGt=../graphsdb/mcs70/rand/r001/mcs70_r001_s100.B51
Reading graphs...
100 :  120
100 :  120
Initializing...
maxdom : 6
D->valSize : 365
Solving...
Blb : 2 (clique : 63)
currentSize : 63 <-- 0.004088 s
currentSize : 64 <-- 0.004501 s
currentSize : 65 <-- 0.004528 s
currentSize : 66 <-- 19.446880 s
currentSize : 67 <-- 19.597591 s
currentSize : 68 <-- 300.930267 s
currentSize : 70 <-- 861.775024 s

maxsize : 70
nodes : 206758897.000000
filtered : 832633816.000000
time : 1112.124878
