Parameters: GAD=1 vflib=1 dir=0 label=1 lowerbound=1 fileNameGp=../graphsdb/mcs70/rand/r02/mcs70_r02_s70.A43 fileNameGt=../graphsdb/mcs70/rand/r02/mcs70_r02_s70.B43
Reading graphs...
70 :  851
70 :  852
Initializing...
maxdom : 8
D->valSize : 342
Solving...
Blb : 2 (clique : 7)
currentSize : 7 <-- 0.004182 s
currentSize : 8 <-- 0.004332 s
currentSize : 9 <-- 0.004850 s
currentSize : 18 <-- 0.006935 s
currentSize : 36 <-- 0.019216 s

maxsize : 36
nodes : 625783.000000
filtered : 276530.000000
time : 1.888060
