Parameters: GAD=1 vflib=1 dir=0 label=1 lowerbound=1 fileNameGp=../graphsdb/mcs70/bvg/b03/mcs70_b03_s60.A87 fileNameGt=../graphsdb/mcs70/bvg/b03/mcs70_b03_s60.B87
Reading graphs...
60 :  90
60 :  90
Initializing...
maxdom : 7
D->valSize : 250
Solving...
Blb : 2 (clique : 25)
currentSize : 25 <-- 0.001852 s
currentSize : 27 <-- 0.012085 s
currentSize : 28 <-- 0.047004 s
currentSize : 29 <-- 0.047038 s
currentSize : 30 <-- 0.180946 s
currentSize : 31 <-- 0.886530 s
currentSize : 32 <-- 0.886582 s
currentSize : 33 <-- 0.889268 s
currentSize : 34 <-- 2.001830 s
currentSize : 37 <-- 2.002178 s
currentSize : 38 <-- 2.089506 s
currentSize : 39 <-- 8.543596 s
currentSize : 42 <-- 8.546524 s

maxsize : 42
nodes : 2485201.000000
filtered : 9294077.000000
time : 9.042696
