Parameters: GAD=1 vflib=1 dir=0 label=1 lowerbound=1 fileNameGp=../graphsdb/mcs70/rand/r02/mcs70_r02_s70.A98 fileNameGt=../graphsdb/mcs70/rand/r02/mcs70_r02_s70.B98
Reading graphs...
70 :  863
70 :  867
Initializing...
maxdom : 7
D->valSize : 332
Solving...
Blb : 2 (clique : 11)
currentSize : 11 <-- 0.002876 s
currentSize : 15 <-- 0.002965 s
currentSize : 21 <-- 0.004521 s
currentSize : 36 <-- 0.010903 s
currentSize : 37 <-- 0.019567 s

maxsize : 37
nodes : 46857.000000
filtered : 158059.000000
time : 0.182229
