Parameters: GAD=1 vflib=1 dir=0 label=1 lowerbound=1 fileNameGp=../graphsdb/mcs70/m2D/m2D/mcs70_m2D_s35.A99 fileNameGt=../graphsdb/mcs70/m2D/m2D/mcs70_m2D_s35.B99
Reading graphs...
35 :  58
35 :  58
Initializing...
maxdom : 7
D->valSize : 177
Solving...
Blb : 2 (clique : 16)
currentSize : 16 <-- 0.001103 s
currentSize : 18 <-- 0.001205 s
currentSize : 20 <-- 0.001289 s
currentSize : 22 <-- 0.001317 s
currentSize : 24 <-- 0.005200 s
currentSize : 25 <-- 0.009894 s

maxsize : 25
nodes : 3036.000000
filtered : 23006.000000
time : 0.011270
