Parameters: GAD=1 vflib=1 dir=0 label=1 lowerbound=1 fileNameGp=../graphsdb/mcs70/m3D/m3D/mcs70_m3D_s100.A61 fileNameGt=../graphsdb/mcs70/m3D/m3D/mcs70_m3D_s100.B61
Reading graphs...
100 :  235
100 :  235
Initializing...
maxdom : 6
D->valSize : 344
Solving...
Blb : 3 (clique : 49)
currentSize : 49 <-- 0.003807 s
currentSize : 51 <-- 0.087295 s
currentSize : 52 <-- 0.087471 s
currentSize : 53 <-- 0.295259 s
currentSize : 56 <-- 0.300609 s
currentSize : 57 <-- 0.300739 s
currentSize : 58 <-- 1.650479 s
currentSize : 59 <-- 6.160565 s
currentSize : 60 <-- 6.160708 s
currentSize : 61 <-- 6.692964 s
currentSize : 62 <-- 53.217892 s
currentSize : 63 <-- 53.218048 s
currentSize : 64 <-- 54.674858 s

maxsize : 64
nodes : 58386223.000000
filtered : 192209971.000000
time : 288.783386
