Parameters: GAD=1 vflib=1 dir=0 label=1 lowerbound=1 fileNameGp=../graphsdb/mcs70/rand/r005/mcs70_r005_s90.A29 fileNameGt=../graphsdb/mcs70/rand/r005/mcs70_r005_s90.B29
Reading graphs...
90 :  389
90 :  386
Initializing...
maxdom : 9
D->valSize : 550
Solving...
Blb : 2 (clique : 29)
currentSize : 29 <-- 0.010305 s
currentSize : 31 <-- 0.010726 s
currentSize : 35 <-- 0.011129 s
currentSize : 38 <-- 0.011383 s
currentSize : 41 <-- 0.011489 s
currentSize : 47 <-- 0.011987 s
currentSize : 53 <-- 0.012675 s
currentSize : 59 <-- 0.015043 s

maxsize : 59
nodes : 848217.000000
filtered : 7858889.000000
time : 4.984937
