Parameters: GAD=1 vflib=1 dir=0 label=1 lowerbound=1 fileNameGp=../graphsdb/mcs70/rand/r005/mcs70_r005_s50.A98 fileNameGt=../graphsdb/mcs70/rand/r005/mcs70_r005_s50.B98
Reading graphs...
50 :  117
50 :  120
Initializing...
maxdom : 9
D->valSize : 340
Solving...
Blb : 2 (clique : 19)
currentSize : 19 <-- 0.002493 s
currentSize : 20 <-- 0.003406 s
currentSize : 21 <-- 0.005643 s
currentSize : 22 <-- 0.005680 s
currentSize : 23 <-- 0.008278 s
currentSize : 24 <-- 0.049647 s
currentSize : 25 <-- 0.141450 s
currentSize : 26 <-- 0.398035 s
currentSize : 27 <-- 0.512886 s
currentSize : 28 <-- 0.576086 s
currentSize : 29 <-- 0.576344 s
currentSize : 30 <-- 0.576723 s
currentSize : 31 <-- 0.716810 s
currentSize : 33 <-- 1.050906 s
currentSize : 34 <-- 1.051004 s
currentSize : 35 <-- 1.051102 s

maxsize : 35
nodes : 178351.000000
filtered : 1925898.000000
time : 1.079638
