Parameters: GAD=1 vflib=1 dir=0 label=1 lowerbound=1 fileNameGp=../graphsdb/mcs70/bvg/b06m/mcs70_b06m_s100.A74 fileNameGt=../graphsdb/mcs70/bvg/b06m/mcs70_b06m_s100.B74
Reading graphs...
100 :  300
100 :  300
Initializing...
maxdom : 10
D->valSize : 423
Solving...
Blb : 3 (clique : 60)
currentSize : 60 <-- 0.007725 s
currentSize : 61 <-- 0.047565 s
currentSize : 62 <-- 1.360091 s
currentSize : 65 <-- 2.920660 s
currentSize : 70 <-- 3.004723 s

maxsize : 70
nodes : 480391.000000
filtered : 3331030.000000
time : 3.137100
