Parameters: GAD=1 vflib=1 dir=0 label=1 lowerbound=1 fileNameGp=../graphsdb/mcs70/bvg/b09m/mcs70_b09m_s25.A34 fileNameGt=../graphsdb/mcs70/bvg/b09m/mcs70_b09m_s25.B34
Reading graphs...
25 :  105
25 :  103
Initializing...
maxdom : 10
D->valSize : 168
Solving...
Blb : 2 (clique : 6)
currentSize : 6 <-- 0.000891 s
currentSize : 7 <-- 0.000934 s
currentSize : 8 <-- 0.000956 s
currentSize : 11 <-- 0.001468 s
currentSize : 14 <-- 0.001487 s
currentSize : 15 <-- 0.001516 s

maxsize : 15
nodes : 618.000000
filtered : 7372.000000
time : 0.002661
