Parameters: GAD=1 vflib=1 dir=0 label=1 lowerbound=1 fileNameGp=../graphsdb/mcs70/rand/r01/mcs70_r01_s90.A69 fileNameGt=../graphsdb/mcs70/rand/r01/mcs70_r01_s90.B69
Reading graphs...
90 :  755
90 :  757
Initializing...
maxdom : 10
D->valSize : 576
Solving...
Blb : 3 (clique : 18)
currentSize : 18 <-- 0.006611 s
currentSize : 20 <-- 0.021383 s
currentSize : 22 <-- 0.079956 s
currentSize : 27 <-- 0.164937 s
currentSize : 30 <-- 0.188666 s
currentSize : 31 <-- 0.468671 s
currentSize : 42 <-- 0.593818 s
currentSize : 43 <-- 1.610022 s
currentSize : 55 <-- 2.219587 s

maxsize : 55
nodes : 1216300.000000
filtered : 6660769.000000
time : 5.771570
