Parameters: GAD=1 vflib=1 dir=0 label=1 lowerbound=1 fileNameGp=../graphsdb/mcs70/bvg/b09m/mcs70_b09m_s70.A28 fileNameGt=../graphsdb/mcs70/bvg/b09m/mcs70_b09m_s70.B28
Reading graphs...
70 :  312
70 :  311
Initializing...
maxdom : 7
D->valSize : 329
Solving...
Blb : 2 (clique : 19)
currentSize : 19 <-- 0.004263 s
currentSize : 21 <-- 0.005904 s
currentSize : 23 <-- 0.006703 s
currentSize : 24 <-- 0.026123 s
currentSize : 28 <-- 0.051225 s
currentSize : 31 <-- 0.065719 s
currentSize : 33 <-- 0.140777 s
currentSize : 40 <-- 0.202844 s
currentSize : 43 <-- 0.204573 s
currentSize : 47 <-- 0.347232 s

maxsize : 47
nodes : 84656.000000
filtered : 644952.000000
time : 0.567714
