Parameters: GAD=1 vflib=1 dir=0 label=1 lowerbound=1 fileNameGp=../graphsdb/mcs70/m3D/m3Dr4/mcs70_m3Dr4_s100.A37 fileNameGt=../graphsdb/mcs70/m3D/m3Dr4/mcs70_m3Dr4_s100.B37
Reading graphs...
100 :  272
100 :  271
Initializing...
maxdom : 6
D->valSize : 364
Solving...
Blb : 2 (clique : 47)
currentSize : 47 <-- 0.006284 s
currentSize : 48 <-- 7.581203 s
currentSize : 49 <-- 30.279028 s
currentSize : 50 <-- 30.279924 s
currentSize : 51 <-- 91.165657 s
currentSize : 52 <-- 91.165741 s
currentSize : 53 <-- 91.342812 s
currentSize : 55 <-- 91.342957 s
currentSize : 56 <-- 91.343040 s
currentSize : 62 <-- 263.687988 s
currentSize : 63 <-- 263.688080 s

maxsize : 63
nodes : 64275265.000000
filtered : 254904193.000000
time : 359.960297
