Parameters: GAD=1 vflib=1 dir=0 label=1 lowerbound=1 fileNameGp=../graphsdb/mcs70/bvg/b09/mcs70_b09_s35.A88 fileNameGt=../graphsdb/mcs70/bvg/b09/mcs70_b09_s35.B88
Reading graphs...
35 :  155
35 :  155
Initializing...
maxdom : 7
D->valSize : 162
Solving...
Blb : 2 (clique : 9)
currentSize : 9 <-- 0.000912 s
currentSize : 14 <-- 0.000966 s
currentSize : 16 <-- 0.000992 s
currentSize : 22 <-- 0.001094 s
currentSize : 24 <-- 0.001136 s

maxsize : 24
nodes : 626.000000
filtered : 5298.000000
time : 0.002798
