Parameters: GAD=1 vflib=1 dir=0 label=1 lowerbound=1 fileNameGp=../graphsdb/mcs70/m2D/m2D/mcs70_m2D_s25.A13 fileNameGt=../graphsdb/mcs70/m2D/m2D/mcs70_m2D_s25.B13
Reading graphs...
25 :  40
25 :  40
Initializing...
maxdom : 8
D->valSize : 174
Solving...
Blb : 2 (clique : 11)
currentSize : 11 <-- 0.000974 s
currentSize : 12 <-- 0.002363 s
currentSize : 13 <-- 0.007392 s
currentSize : 14 <-- 0.011146 s
currentSize : 15 <-- 0.023019 s
currentSize : 16 <-- 0.027727 s

maxsize : 16
nodes : 9047.000000
filtered : 86574.000000
time : 0.028893
