Parameters: GAD=1 vflib=1 dir=0 label=1 lowerbound=1 fileNameGp=../graphsdb/mcs70/bvg/b03m/mcs70_b03m_s35.A53 fileNameGt=../graphsdb/mcs70/bvg/b03m/mcs70_b03m_s35.B53
Reading graphs...
35 :  52
35 :  52
Initializing...
maxdom : 9
D->valSize : 210
Solving...
Blb : 2 (clique : 18)
currentSize : 18 <-- 0.001855 s
currentSize : 19 <-- 0.001984 s
currentSize : 20 <-- 0.005251 s
currentSize : 21 <-- 0.013097 s
currentSize : 22 <-- 0.041540 s
currentSize : 24 <-- 0.222271 s

maxsize : 24
nodes : 52133.000000
filtered : 416075.000000
time : 0.292690
