Parameters: GAD=1 vflib=1 dir=0 label=1 lowerbound=1 fileNameGp=../graphsdb/mcs70/rand/r005/mcs70_r005_s100.A78 fileNameGt=../graphsdb/mcs70/rand/r005/mcs70_r005_s100.B78
Reading graphs...
100 :  486
100 :  483
Initializing...
maxdom : 7
D->valSize : 398
Solving...
Blb : 2 (clique : 35)
currentSize : 35 <-- 0.004022 s
currentSize : 36 <-- 0.007825 s
currentSize : 41 <-- 0.048509 s
currentSize : 46 <-- 0.049366 s
currentSize : 49 <-- 0.220132 s
currentSize : 54 <-- 0.221004 s
currentSize : 57 <-- 0.376429 s
currentSize : 61 <-- 0.377340 s
currentSize : 67 <-- 0.377734 s

maxsize : 67
nodes : 115646.000000
filtered : 743407.000000
time : 0.668845
