Parameters: GAD=1 vflib=1 dir=0 label=1 lowerbound=1 fileNameGp=../graphsdb/mcs70/bvg/b06/mcs70_b06_s70.A43 fileNameGt=../graphsdb/mcs70/bvg/b06/mcs70_b06_s70.B43
Reading graphs...
70 :  209
70 :  210
Initializing...
maxdom : 10
D->valSize : 341
Solving...
Blb : 3 (clique : 26)
currentSize : 26 <-- 0.004569 s
currentSize : 30 <-- 0.004816 s
currentSize : 31 <-- 0.005019 s
currentSize : 33 <-- 0.030620 s
currentSize : 35 <-- 0.098259 s
currentSize : 36 <-- 0.098400 s
currentSize : 37 <-- 1.100896 s
currentSize : 38 <-- 2.548506 s
currentSize : 40 <-- 2.715906 s
currentSize : 41 <-- 2.716235 s
currentSize : 42 <-- 4.000968 s
currentSize : 49 <-- 10.717575 s

maxsize : 49
nodes : 2538494.000000
filtered : 12290386.000000
time : 11.069716
