Parameters: GAD=1 vflib=1 dir=0 label=1 lowerbound=1 fileNameGp=../graphsdb/mcs70/m3D/m3Dr2/mcs70_m3Dr2_s35.A34 fileNameGt=../graphsdb/mcs70/m3D/m3Dr2/mcs70_m3Dr2_s35.B34
Reading graphs...
35 :  79
35 :  78
Initializing...
maxdom : 8
D->valSize : 163
Solving...
Blb : 3 (clique : 16)
currentSize : 16 <-- 0.000988 s
currentSize : 18 <-- 0.001079 s
currentSize : 19 <-- 0.003327 s
currentSize : 22 <-- 0.003484 s
currentSize : 23 <-- 0.003539 s
currentSize : 26 <-- 0.005018 s
currentSize : 27 <-- 0.005070 s

maxsize : 27
nodes : 1433.000000
filtered : 13013.000000
time : 0.005343
