Parameters: GAD=1 vflib=1 dir=0 label=1 lowerbound=1 fileNameGp=../graphsdb/mcs70/bvg/b03/mcs70_b03_s35.A65 fileNameGt=../graphsdb/mcs70/bvg/b03/mcs70_b03_s35.B65
Reading graphs...
35 :  52
35 :  51
Initializing...
maxdom : 7
D->valSize : 175
Solving...
Blb : 2 (clique : 17)
currentSize : 17 <-- 0.000936 s
currentSize : 18 <-- 0.005553 s
currentSize : 22 <-- 0.010232 s
currentSize : 23 <-- 0.012694 s
currentSize : 24 <-- 0.015585 s

maxsize : 24
nodes : 7327.000000
filtered : 42859.000000
time : 0.021347
