Parameters: GAD=1 vflib=1 dir=0 label=1 lowerbound=1 fileNameGp=../graphsdb/mcs70/m2D/m2D/mcs70_m2D_s50.A84 fileNameGt=../graphsdb/mcs70/m2D/m2D/mcs70_m2D_s50.B84
Reading graphs...
50 :  85
50 :  85
Initializing...
maxdom : 10
D->valSize : 310
Solving...
Blb : 2 (clique : 19)
currentSize : 19 <-- 0.003654 s
currentSize : 26 <-- 0.003862 s
currentSize : 27 <-- 0.003906 s
currentSize : 29 <-- 0.004011 s
currentSize : 30 <-- 0.035738 s
currentSize : 34 <-- 0.156056 s
currentSize : 36 <-- 0.156128 s

maxsize : 36
nodes : 31058.000000
filtered : 308053.000000
time : 0.234709
