Parameters: GAD=1 vflib=1 dir=0 label=1 lowerbound=1 fileNameGp=../graphsdb/mcs70/m3D/m3Dr6/mcs70_m3Dr6_s100.A01 fileNameGt=../graphsdb/mcs70/m3D/m3Dr6/mcs70_m3Dr6_s100.B01
Reading graphs...
100 :  292
100 :  291
Initializing...
maxdom : 6
D->valSize : 369
Solving...
Blb : 2 (clique : 53)
currentSize : 53 <-- 0.003940 s
currentSize : 55 <-- 0.004650 s
currentSize : 57 <-- 0.013371 s
currentSize : 59 <-- 0.013893 s
currentSize : 62 <-- 233.892441 s
currentSize : 64 <-- 233.892776 s

maxsize : 64
nodes : 69391603.000000
filtered : 270856683.000000
time : 376.591095
