Parameters: GAD=1 vflib=1 dir=0 label=1 lowerbound=1 fileNameGp=../graphsdb/mcs70/bvg/b03m/mcs70_b03m_s60.A38 fileNameGt=../graphsdb/mcs70/bvg/b03m/mcs70_b03m_s60.B38
Reading graphs...
60 :  90
60 :  90
Initializing...
maxdom : 6
D->valSize : 238
Solving...
Blb : 2 (clique : 37)
currentSize : 37 <-- 0.001763 s
currentSize : 38 <-- 0.002061 s
currentSize : 39 <-- 0.104557 s
currentSize : 40 <-- 0.104614 s
currentSize : 41 <-- 0.104698 s
currentSize : 42 <-- 0.104756 s

maxsize : 42
nodes : 83462.000000
filtered : 290932.000000
time : 0.307296
