Parameters: GAD=1 vflib=1 dir=0 label=1 lowerbound=1 fileNameGp=../graphsdb/mcs70/m2D/m2D/mcs70_m2D_s100.A74 fileNameGt=../graphsdb/mcs70/m2D/m2D/mcs70_m2D_s100.B74
Reading graphs...
100 :  180
100 :  180
Initializing...
maxdom : 7
D->valSize : 362
Solving...
Blb : 2 (clique : 43)
currentSize : 43 <-- 0.004021 s
currentSize : 44 <-- 0.004994 s
currentSize : 45 <-- 0.027572 s
currentSize : 46 <-- 0.061004 s
currentSize : 47 <-- 2.688362 s
currentSize : 48 <-- 70.951813 s
currentSize : 49 <-- 131.690063 s
currentSize : 51 <-- 791.416870 s
currentSize : 52 <-- 797.430969 s
currentSize : 54 <-- 914.988525 s
currentSize : 55 <-- 1755.740845 s
currentSize : 57 <-- 2143.780029 s
currentSize : 58 <-- 2144.208740 s
currentSize : 59 <-- 2169.745117 s
currentSize : 60 <-- 2389.000977 s
currentSize : 62 <-- 2389.152588 s
currentSize : 63 <-- 2389.156250 s
currentSize : 64 <-- 2389.189941 s

maxsize : 64
nodes : 547634913.000000
filtered : 1817086302.000000
time : 2810.519531
