Parameters: GAD=1 vflib=1 dir=0 label=1 lowerbound=1 fileNameGp=../graphsdb/mcs70/bvg/b06/mcs70_b06_s90.A46 fileNameGt=../graphsdb/mcs70/bvg/b06/mcs70_b06_s90.B46
Reading graphs...
90 :  267
90 :  269
Initializing...
maxdom : 10
D->valSize : 555
Solving...
Blb : 2 (clique : 46)
currentSize : 46 <-- 0.006914 s
currentSize : 48 <-- 0.007428 s
currentSize : 49 <-- 26.542212 s
currentSize : 50 <-- 43.085712 s
currentSize : 54 <-- 43.100464 s
currentSize : 56 <-- 258.969269 s
currentSize : 57 <-- 258.969391 s
currentSize : 58 <-- 285.701324 s
currentSize : 59 <-- 346.175690 s
currentSize : 60 <-- 487.209229 s
currentSize : 61 <-- 780.244995 s
currentSize : 63 <-- 805.944885 s

maxsize : 63
nodes : 148421735.000000
filtered : 1052704056.000000
time : 822.488342
