Parameters: GAD=1 vflib=1 dir=0 label=1 lowerbound=1 fileNameGp=../graphsdb/mcs70/bvg/b06m/mcs70_b06m_s50.A20 fileNameGt=../graphsdb/mcs70/bvg/b06m/mcs70_b06m_s50.B20
Reading graphs...
50 :  148
50 :  149
Initializing...
maxdom : 9
D->valSize : 325
Solving...
Blb : 3 (clique : 21)
currentSize : 21 <-- 0.002358 s
currentSize : 23 <-- 0.002503 s
currentSize : 26 <-- 0.002703 s
currentSize : 29 <-- 0.084517 s
currentSize : 31 <-- 0.084597 s
currentSize : 33 <-- 0.097370 s
currentSize : 34 <-- 0.097460 s

maxsize : 34
nodes : 24392.000000
filtered : 295175.000000
time : 0.120676
