Parameters: GAD=1 vflib=1 dir=0 label=1 lowerbound=1 fileNameGp=../graphsdb/mcs70/m3D/m3Dr4/mcs70_m3Dr4_s90.A53 fileNameGt=../graphsdb/mcs70/m3D/m3Dr4/mcs70_m3Dr4_s90.B53
Reading graphs...
90 :  241
90 :  239
Initializing...
maxdom : 9
D->valSize : 562
Solving...
Blb : 2 (clique : 39)
currentSize : 39 <-- 0.006770 s
currentSize : 40 <-- 0.033495 s
currentSize : 43 <-- 0.046636 s
currentSize : 45 <-- 0.435981 s
currentSize : 49 <-- 0.711720 s
currentSize : 51 <-- 2.457791 s
currentSize : 52 <-- 2.457934 s
currentSize : 56 <-- 2.499846 s
currentSize : 57 <-- 3.207666 s
currentSize : 63 <-- 7.734214 s
currentSize : 64 <-- 7.753960 s

maxsize : 64
nodes : 9164428.000000
filtered : 48795342.000000
time : 46.029453
