Parameters: GAD=1 vflib=1 dir=0 label=1 lowerbound=1 fileNameGp=../graphsdb/mcs70/rand/r02/mcs70_r02_s50.A84 fileNameGt=../graphsdb/mcs70/rand/r02/mcs70_r02_s50.B84
Reading graphs...
50 :  441
50 :  438
Initializing...
maxdom : 10
D->valSize : 359
Solving...
Blb : 2 (clique : 6)
currentSize : 6 <-- 0.002524 s
currentSize : 7 <-- 0.002594 s
currentSize : 8 <-- 0.002652 s
currentSize : 9 <-- 0.002676 s
currentSize : 10 <-- 0.003246 s
currentSize : 12 <-- 0.003654 s
currentSize : 18 <-- 0.006531 s
currentSize : 31 <-- 0.018580 s

maxsize : 31
nodes : 4525.000000
filtered : 88628.000000
time : 0.024223
