Parameters: GAD=1 vflib=1 dir=0 label=1 lowerbound=1 fileNameGp=../graphsdb/mcs70/m2D/m2Dr2/mcs70_m2Dr2_s35.A38 fileNameGt=../graphsdb/mcs70/m2D/m2Dr2/mcs70_m2Dr2_s35.B38
Reading graphs...
35 :  64
35 :  63
Initializing...
maxdom : 7
D->valSize : 188
Solving...
Blb : 3 (clique : 13)
currentSize : 13 <-- 0.001031 s
currentSize : 15 <-- 0.001657 s
currentSize : 16 <-- 0.001950 s
currentSize : 17 <-- 0.002098 s
currentSize : 18 <-- 0.002287 s
currentSize : 19 <-- 0.003733 s
currentSize : 23 <-- 0.003808 s
currentSize : 24 <-- 0.003891 s
currentSize : 25 <-- 0.003941 s

maxsize : 25
nodes : 1022.000000
filtered : 7110.000000
time : 0.004372
