Parameters: GAD=1 vflib=1 dir=0 label=1 lowerbound=1 fileNameGp=../graphsdb/mcs70/m2D/m2Dr4/mcs70_m2Dr4_s25.A03 fileNameGt=../graphsdb/mcs70/m2D/m2Dr4/mcs70_m2Dr4_s25.B03
Reading graphs...
25 :  50
25 :  49
Initializing...
maxdom : 7
D->valSize : 154
Solving...
Blb : 2 (clique : 11)
currentSize : 11 <-- 0.000839 s
currentSize : 12 <-- 0.004917 s
currentSize : 13 <-- 0.014955 s
currentSize : 14 <-- 0.014965 s
currentSize : 15 <-- 0.020938 s
currentSize : 16 <-- 0.023332 s

maxsize : 16
nodes : 8908.000000
filtered : 82386.000000
time : 0.025184
