Parameters: GAD=1 vflib=1 dir=0 label=1 lowerbound=1 fileNameGp=../graphsdb/mcs70/rand/r02/mcs70_r02_s80.A85 fileNameGt=../graphsdb/mcs70/rand/r02/mcs70_r02_s80.B85
Reading graphs...
80 :  1121
80 :  1141
Initializing...
maxdom : 10
D->valSize : 457
Solving...
Blb : 2 (clique : 19)
currentSize : 19 <-- 0.004301 s
currentSize : 20 <-- 0.004767 s
currentSize : 21 <-- 0.019112 s
currentSize : 22 <-- 0.019169 s
currentSize : 23 <-- 0.023278 s
currentSize : 24 <-- 0.029637 s
currentSize : 38 <-- 0.034450 s
currentSize : 39 <-- 0.034563 s
currentSize : 40 <-- 0.406259 s
currentSize : 41 <-- 0.883030 s
currentSize : 42 <-- 1.079563 s

maxsize : 42
nodes : 402466.000000
filtered : 455197.000000
time : 1.426004
