Parameters: GAD=1 vflib=1 dir=0 label=1 lowerbound=1 fileNameGp=../graphsdb/mcs70/bvg/b09/mcs70_b09_s70.A77 fileNameGt=../graphsdb/mcs70/bvg/b09/mcs70_b09_s70.B77
Reading graphs...
70 :  313
70 :  311
Initializing...
maxdom : 8
D->valSize : 331
Solving...
Blb : 2 (clique : 18)
currentSize : 18 <-- 0.004276 s
currentSize : 36 <-- 0.004528 s
currentSize : 38 <-- 0.004832 s
currentSize : 45 <-- 0.096626 s
currentSize : 48 <-- 0.096752 s

maxsize : 48
nodes : 49196.000000
filtered : 256384.000000
time : 0.233714
