Parameters: GAD=1 vflib=1 dir=0 label=1 lowerbound=1 fileNameGp=../graphsdb/mcs70/m2D/m2Dr4/mcs70_m2Dr4_s90.A30 fileNameGt=../graphsdb/mcs70/m2D/m2Dr4/mcs70_m2Dr4_s90.B30
Reading graphs...
90 :  196
90 :  197
Initializing...
maxdom : 9
D->valSize : 547
Solving...
Blb : 2 (clique : 57)
currentSize : 57 <-- 0.006471 s
currentSize : 58 <-- 0.006891 s
currentSize : 59 <-- 0.114367 s
currentSize : 60 <-- 0.114455 s
currentSize : 61 <-- 0.313281 s
currentSize : 63 <-- 0.424055 s
currentSize : 64 <-- 0.424155 s

maxsize : 64
nodes : 136729201.000000
filtered : 581553666.000000
time : 645.665466
