Parameters: GAD=1 vflib=1 dir=0 label=1 lowerbound=1 fileNameGp=../graphsdb/mcs70/bvg/b03m/mcs70_b03m_s70.A41 fileNameGt=../graphsdb/mcs70/bvg/b03m/mcs70_b03m_s70.B41
Reading graphs...
70 :  104
70 :  104
Initializing...
maxdom : 7
D->valSize : 341
Solving...
Blb : 2 (clique : 37)
currentSize : 37 <-- 0.003078 s
currentSize : 39 <-- 0.003493 s
currentSize : 40 <-- 0.004673 s
currentSize : 42 <-- 0.008815 s
currentSize : 43 <-- 0.010435 s
currentSize : 44 <-- 0.010482 s
currentSize : 45 <-- 0.213686 s
currentSize : 46 <-- 5.652310 s
currentSize : 47 <-- 5.679624 s
currentSize : 48 <-- 33.124222 s

maxsize : 48
nodes : 23489759.000000
filtered : 83088724.000000
time : 91.852722
