Parameters: GAD=1 vflib=1 dir=0 label=1 lowerbound=1 fileNameGp=../graphsdb/mcs70/bvg/b03m/mcs70_b03m_s60.A95 fileNameGt=../graphsdb/mcs70/bvg/b03m/mcs70_b03m_s60.B95
Reading graphs...
60 :  90
60 :  90
Initializing...
maxdom : 8
D->valSize : 265
Solving...
Blb : 3 (clique : 32)
currentSize : 32 <-- 0.002061 s
currentSize : 33 <-- 0.002298 s
currentSize : 34 <-- 0.002432 s
currentSize : 35 <-- 0.003265 s
currentSize : 36 <-- 0.003507 s
currentSize : 39 <-- 0.006313 s
currentSize : 40 <-- 0.006349 s
currentSize : 41 <-- 0.087328 s
currentSize : 42 <-- 0.087971 s
currentSize : 43 <-- 0.088002 s

maxsize : 43
nodes : 370064.000000
filtered : 1648796.000000
time : 1.428139
