Parameters: GAD=1 vflib=1 dir=0 label=1 lowerbound=1 fileNameGp=../graphsdb/mcs70/m3D/m3D/mcs70_m3D_s35.A83 fileNameGt=../graphsdb/mcs70/m3D/m3D/mcs70_m3D_s35.B83
Reading graphs...
35 :  71
35 :  72
Initializing...
maxdom : 8
D->valSize : 174
Solving...
Blb : 2 (clique : 16)
currentSize : 16 <-- 0.001075 s
currentSize : 19 <-- 0.001270 s
currentSize : 21 <-- 0.001455 s
currentSize : 22 <-- 0.002692 s
currentSize : 23 <-- 0.002735 s
currentSize : 24 <-- 0.004722 s
currentSize : 25 <-- 0.004766 s
currentSize : 27 <-- 0.006365 s

maxsize : 27
nodes : 1971.000000
filtered : 11753.000000
time : 0.006937
