Parameters: GAD=1 vflib=1 dir=0 label=1 lowerbound=1 fileNameGp=../graphsdb/mcs70/m2D/m2Dr4/mcs70_m2Dr4_s25.A70 fileNameGt=../graphsdb/mcs70/m2D/m2Dr4/mcs70_m2Dr4_s25.B70
Reading graphs...
25 :  48
25 :  49
Initializing...
maxdom : 13
D->valSize : 208
Solving...
Blb : 2 (clique : 13)
currentSize : 13 <-- 0.001150 s
currentSize : 14 <-- 0.001352 s
currentSize : 15 <-- 0.002096 s
currentSize : 16 <-- 0.002362 s
currentSize : 17 <-- 0.003874 s

maxsize : 17
nodes : 2629.000000
filtered : 34222.000000
time : 0.008807
