Parameters: GAD=1 vflib=1 dir=0 label=1 lowerbound=1 fileNameGp=../graphsdb/mcs70/bvg/b06/mcs70_b06_s50.A80 fileNameGt=../graphsdb/mcs70/bvg/b06/mcs70_b06_s50.B80
Reading graphs...
50 :  147
50 :  150
Initializing...
maxdom : 10
D->valSize : 338
Solving...
Blb : 2 (clique : 19)
currentSize : 19 <-- 0.004300 s
currentSize : 23 <-- 0.004489 s
currentSize : 24 <-- 0.004646 s
currentSize : 25 <-- 0.237647 s
currentSize : 26 <-- 0.237925 s
currentSize : 34 <-- 0.299419 s
currentSize : 35 <-- 0.299455 s

maxsize : 35
nodes : 103038.000000
filtered : 695219.000000
time : 0.372535
