Parameters: GAD=1 vflib=1 dir=0 label=1 lowerbound=1 fileNameGp=../graphsdb/mcs70/rand/r005/mcs70_r005_s70.A18 fileNameGt=../graphsdb/mcs70/rand/r005/mcs70_r005_s70.B18
Reading graphs...
70 :  234
70 :  235
Initializing...
maxdom : 8
D->valSize : 320
Solving...
Blb : 3 (clique : 24)
currentSize : 24 <-- 0.002742 s
currentSize : 25 <-- 0.002971 s
currentSize : 30 <-- 0.010131 s
currentSize : 31 <-- 0.010453 s
currentSize : 32 <-- 0.010514 s
currentSize : 33 <-- 0.040295 s
currentSize : 34 <-- 0.040702 s
currentSize : 36 <-- 0.040887 s
currentSize : 39 <-- 0.266234 s
currentSize : 41 <-- 0.309582 s
currentSize : 43 <-- 0.429252 s
currentSize : 44 <-- 0.457405 s
currentSize : 48 <-- 0.457605 s

maxsize : 48
nodes : 89195.000000
filtered : 699926.000000
time : 0.506775
