Parameters: GAD=1 vflib=1 dir=0 label=1 lowerbound=1 fileNameGp=../graphsdb/mcs70/bvg/b06m/mcs70_b06m_s60.A21 fileNameGt=../graphsdb/mcs70/bvg/b06m/mcs70_b06m_s60.B21
Reading graphs...
60 :  179
60 :  179
Initializing...
maxdom : 9
D->valSize : 284
Solving...
Blb : 2 (clique : 25)
currentSize : 25 <-- 0.002079 s
currentSize : 27 <-- 0.002309 s
currentSize : 29 <-- 0.002379 s
currentSize : 30 <-- 0.002617 s
currentSize : 33 <-- 0.002705 s
currentSize : 36 <-- 0.003929 s
currentSize : 39 <-- 0.007588 s
currentSize : 42 <-- 0.008276 s

maxsize : 42
nodes : 4958.000000
filtered : 29539.000000
time : 0.022536
