Parameters: GAD=1 vflib=1 dir=0 label=1 lowerbound=1 fileNameGp=../graphsdb/mcs70/bvg/b09m/mcs70_b09m_s80.A57 fileNameGt=../graphsdb/mcs70/bvg/b09m/mcs70_b09m_s80.B57
Reading graphs...
80 :  354
80 :  353
Initializing...
maxdom : 10
D->valSize : 469
Solving...
Blb : 2 (clique : 37)
currentSize : 37 <-- 0.004802 s
currentSize : 38 <-- 0.005047 s
currentSize : 39 <-- 0.005536 s
currentSize : 40 <-- 0.005678 s
currentSize : 42 <-- 0.009588 s
currentSize : 44 <-- 0.012001 s
currentSize : 48 <-- 0.021654 s
currentSize : 50 <-- 0.021829 s
currentSize : 52 <-- 0.022461 s
currentSize : 56 <-- 0.551630 s

maxsize : 56
nodes : 286214.000000
filtered : 2506805.000000
time : 1.532982
