Parameters: GAD=1 vflib=1 dir=0 label=1 lowerbound=1 fileNameGp=../graphsdb/mcs70/m2D/m2D/mcs70_m2D_s100.A90 fileNameGt=../graphsdb/mcs70/m2D/m2D/mcs70_m2D_s100.B90
Reading graphs...
100 :  180
100 :  180
Initializing...
maxdom : 9
D->valSize : 386
Solving...
Blb : 2 (clique : 58)
currentSize : 58 <-- 0.004416 s
currentSize : 60 <-- 0.004852 s
currentSize : 62 <-- 0.005079 s
currentSize : 63 <-- 0.005575 s
currentSize : 64 <-- 0.038029 s
currentSize : 65 <-- 7.981302 s

TIMEOUT
maxsize : 65
nodes : 716848280.000000
filtered : 2381133988.000000
time : 3600.000000
