Parameters: GAD=1 vflib=1 dir=0 label=1 lowerbound=1 fileNameGp=../graphsdb/mcs70/bvg/b06/mcs70_b06_s90.A17 fileNameGt=../graphsdb/mcs70/bvg/b06/mcs70_b06_s90.B17
Reading graphs...
90 :  269
90 :  270
Initializing...
maxdom : 10
D->valSize : 577
Solving...
Blb : 2 (clique : 41)
currentSize : 41 <-- 0.011581 s
currentSize : 42 <-- 0.414368 s
currentSize : 44 <-- 0.414523 s
currentSize : 46 <-- 5.509853 s
currentSize : 47 <-- 8.196903 s
currentSize : 48 <-- 8.197025 s
currentSize : 49 <-- 11.293441 s
currentSize : 51 <-- 13.973412 s
currentSize : 52 <-- 28.675953 s
currentSize : 53 <-- 97.949654 s
currentSize : 54 <-- 97.949722 s
currentSize : 55 <-- 97.950249 s
currentSize : 59 <-- 98.089256 s
currentSize : 62 <-- 98.283463 s
currentSize : 63 <-- 98.283684 s

maxsize : 63
nodes : 21809548.000000
filtered : 174060770.000000
time : 125.244858
