Parameters: GAD=1 vflib=1 dir=0 label=1 lowerbound=1 fileNameGp=../graphsdb/mcs70/m3D/m3Dr6/mcs70_m3Dr6_s90.A59 fileNameGt=../graphsdb/mcs70/m3D/m3Dr6/mcs70_m3Dr6_s90.B59
Reading graphs...
90 :  259
90 :  257
Initializing...
maxdom : 10
D->valSize : 537
Solving...
Blb : 2 (clique : 53)
currentSize : 53 <-- 0.006233 s
currentSize : 55 <-- 0.006678 s
currentSize : 57 <-- 0.008190 s
currentSize : 59 <-- 0.008298 s
currentSize : 61 <-- 0.009681 s
currentSize : 62 <-- 0.470363 s
currentSize : 63 <-- 0.470536 s
currentSize : 64 <-- 0.470677 s

maxsize : 64
nodes : 45640727.000000
filtered : 166226111.000000
time : 203.324127
