Parameters: GAD=1 vflib=1 dir=0 label=1 lowerbound=1 fileNameGp=../graphsdb/mcs70/bvg/b06m/mcs70_b06m_s100.A57 fileNameGt=../graphsdb/mcs70/bvg/b06m/mcs70_b06m_s100.B57
Reading graphs...
100 :  299
100 :  300
Initializing...
maxdom : 8
D->valSize : 353
Solving...
Blb : 3 (clique : 54)
currentSize : 54 <-- 0.006034 s
currentSize : 57 <-- 0.016443 s
currentSize : 59 <-- 3.146471 s
currentSize : 60 <-- 14.364159 s
currentSize : 62 <-- 49.840137 s
currentSize : 64 <-- 97.907295 s
currentSize : 65 <-- 97.911530 s
currentSize : 66 <-- 97.927597 s
currentSize : 67 <-- 97.932419 s
currentSize : 68 <-- 102.394875 s
currentSize : 70 <-- 102.409584 s

maxsize : 70
nodes : 19985217.000000
filtered : 86784338.000000
time : 105.701019
