Parameters: GAD=1 vflib=1 dir=0 label=1 lowerbound=1 fileNameGp=../graphsdb/mcs70/bvg/b06m/mcs70_b06m_s100.A29 fileNameGt=../graphsdb/mcs70/bvg/b06m/mcs70_b06m_s100.B29
Reading graphs...
100 :  297
100 :  293
Initializing...
maxdom : 6
D->valSize : 384
Solving...
Blb : 3 (clique : 42)
currentSize : 42 <-- 0.006798 s
currentSize : 44 <-- 0.009367 s
currentSize : 45 <-- 0.009802 s
currentSize : 47 <-- 0.042552 s
currentSize : 49 <-- 0.048289 s
currentSize : 50 <-- 0.048780 s
currentSize : 51 <-- 0.509428 s
currentSize : 53 <-- 1.390118 s
currentSize : 55 <-- 1.390404 s
currentSize : 56 <-- 3.238511 s
currentSize : 57 <-- 5.113828 s
currentSize : 58 <-- 5.128886 s
currentSize : 60 <-- 85.520699 s
currentSize : 63 <-- 85.523170 s
currentSize : 64 <-- 85.593155 s
currentSize : 69 <-- 85.607399 s

maxsize : 69
nodes : 19352475.000000
filtered : 75439812.000000
time : 106.406502
