Parameters: GAD=1 vflib=1 dir=0 label=1 lowerbound=1 fileNameGp=../graphsdb/mcs70/m2D/m2D/mcs70_m2D_s50.A64 fileNameGt=../graphsdb/mcs70/m2D/m2D/mcs70_m2D_s50.B64
Reading graphs...
50 :  85
50 :  85
Initializing...
maxdom : 10
D->valSize : 339
Solving...
Blb : 2 (clique : 26)
currentSize : 26 <-- 0.002640 s
currentSize : 27 <-- 0.002806 s
currentSize : 28 <-- 0.003640 s
currentSize : 29 <-- 0.003676 s
currentSize : 30 <-- 0.528049 s
currentSize : 33 <-- 3.623683 s
currentSize : 34 <-- 3.623709 s
currentSize : 35 <-- 3.624187 s
currentSize : 36 <-- 3.624268 s

maxsize : 36
nodes : 989942.000000
filtered : 7808619.000000
time : 3.915499
