Parameters: GAD=1 vflib=1 dir=0 label=1 lowerbound=1 fileNameGp=../graphsdb/mcs70/m3D/m3D/mcs70_m3D_s90.A32 fileNameGt=../graphsdb/mcs70/m3D/m3D/mcs70_m3D_s90.B32
Reading graphs...
90 :  208
90 :  208
Initializing...
maxdom : 9
D->valSize : 554
Solving...
Blb : 2 (clique : 51)
currentSize : 51 <-- 0.006902 s
currentSize : 54 <-- 51.868275 s
currentSize : 55 <-- 69.565918 s
currentSize : 56 <-- 69.654945 s
currentSize : 57 <-- 69.655289 s
currentSize : 58 <-- 69.655426 s
currentSize : 59 <-- 221.760620 s
currentSize : 60 <-- 222.069595 s
currentSize : 61 <-- 222.069931 s
currentSize : 63 <-- 222.289307 s
currentSize : 64 <-- 222.289459 s

maxsize : 64
nodes : 100974775.000000
filtered : 622593233.000000
time : 543.578491
