Parameters: GAD=1 vflib=1 dir=0 label=1 lowerbound=1 fileNameGp=../graphsdb/mcs70/m2D/m2Dr6/mcs70_m2Dr6_s60.A75 fileNameGt=../graphsdb/mcs70/m2D/m2Dr6/mcs70_m2Dr6_s60.B75
Reading graphs...
60 :  140
60 :  138
Initializing...
maxdom : 8
D->valSize : 285
Solving...
Blb : 2 (clique : 30)
currentSize : 30 <-- 0.002237 s
currentSize : 31 <-- 0.002393 s
currentSize : 32 <-- 0.002634 s
currentSize : 34 <-- 0.014724 s
currentSize : 37 <-- 0.015785 s

maxsize : 37
nodes : 1234701.000000
filtered : 5501886.000000
time : 4.582005
