Parameters: GAD=1 vflib=1 dir=0 label=1 lowerbound=1 fileNameGp=../graphsdb/mcs70/bvg/b03/mcs70_b03_s60.A96 fileNameGt=../graphsdb/mcs70/bvg/b03/mcs70_b03_s60.B96
Reading graphs...
60 :  90
60 :  90
Initializing...
maxdom : 7
D->valSize : 245
Solving...
Blb : 2 (clique : 32)
currentSize : 32 <-- 0.003054 s
currentSize : 33 <-- 0.003662 s
currentSize : 34 <-- 0.011145 s
currentSize : 35 <-- 0.012527 s
currentSize : 38 <-- 0.016355 s
currentSize : 39 <-- 0.016505 s
currentSize : 40 <-- 0.026222 s
currentSize : 41 <-- 0.026326 s
currentSize : 42 <-- 0.048288 s
currentSize : 43 <-- 1.039084 s

maxsize : 43
nodes : 648381.000000
filtered : 1447886.000000
time : 2.032923
