Parameters: GAD=1 vflib=1 dir=0 label=1 lowerbound=1 fileNameGp=../graphsdb/mcs70/rand/r01/mcs70_r01_s60.A63 fileNameGt=../graphsdb/mcs70/rand/r01/mcs70_r01_s60.B63
Reading graphs...
60 :  335
60 :  335
Initializing...
maxdom : 9
D->valSize : 267
Solving...
Blb : 2 (clique : 10)
currentSize : 10 <-- 0.001976 s
currentSize : 11 <-- 0.002449 s
currentSize : 12 <-- 0.003523 s
currentSize : 15 <-- 0.004114 s
currentSize : 18 <-- 0.006386 s
currentSize : 20 <-- 0.009343 s
currentSize : 25 <-- 0.011525 s
currentSize : 27 <-- 0.012205 s
currentSize : 29 <-- 0.015061 s
currentSize : 37 <-- 0.015801 s

maxsize : 37
nodes : 7732.000000
filtered : 71407.000000
time : 0.038859
