Parameters: GAD=1 vflib=1 dir=0 label=1 lowerbound=1 fileNameGp=../graphsdb/mcs70/m3D/m3Dr6/mcs70_m3Dr6_s100.A82 fileNameGt=../graphsdb/mcs70/m3D/m3Dr6/mcs70_m3Dr6_s100.B82
Reading graphs...
100 :  295
100 :  292
Initializing...
maxdom : 7
D->valSize : 377
Solving...
Blb : 2 (clique : 47)
currentSize : 47 <-- 0.004219 s
currentSize : 49 <-- 0.004969 s
currentSize : 50 <-- 0.005150 s
currentSize : 52 <-- 0.005603 s
currentSize : 53 <-- 0.006650 s
currentSize : 54 <-- 0.007745 s
currentSize : 55 <-- 7.979546 s
currentSize : 57 <-- 7.979719 s
currentSize : 58 <-- 7.980290 s
currentSize : 59 <-- 7.980499 s
currentSize : 60 <-- 8.232171 s
currentSize : 62 <-- 8.232475 s
currentSize : 64 <-- 71.092270 s

maxsize : 64
nodes : 153427195.000000
filtered : 463880236.000000
time : 751.385559
