Parameters: GAD=1 vflib=1 dir=0 label=1 lowerbound=1 fileNameGp=../graphsdb/mcs70/rand/r01/mcs70_r01_s70.A44 fileNameGt=../graphsdb/mcs70/rand/r01/mcs70_r01_s70.B44
Reading graphs...
70 :  456
70 :  459
Initializing...
maxdom : 9
D->valSize : 365
Solving...
Blb : 3 (clique : 11)
currentSize : 11 <-- 0.004574 s
currentSize : 12 <-- 0.005156 s
currentSize : 13 <-- 0.005260 s
currentSize : 17 <-- 0.013427 s
currentSize : 18 <-- 0.013488 s
currentSize : 19 <-- 0.013586 s
currentSize : 20 <-- 0.013652 s
currentSize : 25 <-- 0.025471 s
currentSize : 27 <-- 0.029691 s
currentSize : 29 <-- 0.063347 s
currentSize : 36 <-- 0.068459 s
currentSize : 46 <-- 0.074262 s

maxsize : 46
nodes : 11163.000000
filtered : 148611.000000
time : 0.085705
