Parameters: GAD=1 vflib=1 dir=0 label=1 lowerbound=1 fileNameGp=../graphsdb/mcs70/bvg/b03/mcs70_b03_s100.A40 fileNameGt=../graphsdb/mcs70/bvg/b03/mcs70_b03_s100.B40
Reading graphs...
100 :  150
100 :  150
Initializing...
maxdom : 7
D->valSize : 356
Solving...
Blb : 2 (clique : 59)
currentSize : 59 <-- 0.006477 s
currentSize : 60 <-- 0.007524 s
currentSize : 61 <-- 0.036166 s
currentSize : 62 <-- 0.052030 s
currentSize : 63 <-- 0.057142 s
currentSize : 64 <-- 0.057685 s
currentSize : 65 <-- 0.208211 s
currentSize : 66 <-- 8.490531 s
currentSize : 67 <-- 8.490932 s
currentSize : 68 <-- 8.502771 s
currentSize : 69 <-- 39.955593 s
currentSize : 70 <-- 39.979164 s

maxsize : 70
nodes : 53875764.000000
filtered : 188246388.000000
time : 276.973267
