Parameters: GAD=1 vflib=1 dir=0 label=1 lowerbound=1 fileNameGp=../graphsdb/mcs70/m2D/m2Dr6/mcs70_m2Dr6_s60.A60 fileNameGt=../graphsdb/mcs70/m2D/m2Dr6/mcs70_m2Dr6_s60.B60
Reading graphs...
60 :  137
60 :  137
Initializing...
maxdom : 8
D->valSize : 259
Solving...
Blb : 3 (clique : 22)
currentSize : 22 <-- 0.001922 s
currentSize : 23 <-- 0.005379 s
currentSize : 24 <-- 5.015369 s
currentSize : 25 <-- 7.162547 s
currentSize : 26 <-- 13.187033 s
currentSize : 27 <-- 13.187518 s
currentSize : 28 <-- 17.934397 s
currentSize : 29 <-- 17.934904 s
currentSize : 30 <-- 17.936548 s
currentSize : 32 <-- 18.245972 s
currentSize : 33 <-- 18.248253 s
currentSize : 34 <-- 18.248602 s
currentSize : 35 <-- 18.252089 s
currentSize : 36 <-- 18.252140 s

maxsize : 36
nodes : 4802669.000000
filtered : 33118506.000000
time : 19.824238
