Parameters: GAD=1 vflib=1 dir=0 label=1 lowerbound=1 fileNameGp=../graphsdb/mcs70/m2D/m2D/mcs70_m2D_s50.A11 fileNameGt=../graphsdb/mcs70/m2D/m2D/mcs70_m2D_s50.B11
Reading graphs...
50 :  85
50 :  85
Initializing...
maxdom : 10
D->valSize : 320
Solving...
Blb : 2 (clique : 24)
currentSize : 24 <-- 0.002366 s
currentSize : 30 <-- 0.002506 s
currentSize : 31 <-- 0.002548 s
currentSize : 32 <-- 0.002690 s
currentSize : 33 <-- 0.003286 s
currentSize : 34 <-- 0.003464 s
currentSize : 36 <-- 0.003652 s

maxsize : 36
nodes : 57860.000000
filtered : 300512.000000
time : 0.223289
