Parameters: GAD=1 vflib=1 dir=0 label=1 lowerbound=1 fileNameGp=../graphsdb/mcs70/rand/r005/mcs70_r005_s40.A66 fileNameGt=../graphsdb/mcs70/rand/r005/mcs70_r005_s40.B66
Reading graphs...
40 :  76
40 :  75
Initializing...
maxdom : 9
D->valSize : 241
Solving...
Blb : 2 (clique : 17)
currentSize : 17 <-- 0.001532 s
currentSize : 18 <-- 0.001622 s
currentSize : 19 <-- 0.001757 s
currentSize : 20 <-- 0.002299 s
currentSize : 21 <-- 0.002373 s
currentSize : 23 <-- 0.009040 s
currentSize : 24 <-- 0.009074 s
currentSize : 25 <-- 0.076723 s
currentSize : 26 <-- 0.095072 s
currentSize : 28 <-- 0.102422 s

maxsize : 28
nodes : 26540.000000
filtered : 300070.000000
time : 0.105357
