Parameters: GAD=1 vflib=1 dir=0 label=1 lowerbound=1 fileNameGp=../graphsdb/mcs70/rand/r01/mcs70_r01_s70.A67 fileNameGt=../graphsdb/mcs70/rand/r01/mcs70_r01_s70.B67
Reading graphs...
70 :  458
70 :  459
Initializing...
maxdom : 9
D->valSize : 366
Solving...
Blb : 2 (clique : 12)
currentSize : 12 <-- 0.003070 s
currentSize : 13 <-- 0.003404 s
currentSize : 14 <-- 0.004409 s
currentSize : 17 <-- 0.010889 s
currentSize : 18 <-- 0.021242 s
currentSize : 20 <-- 0.021345 s
currentSize : 27 <-- 0.030641 s
currentSize : 28 <-- 0.030859 s
currentSize : 29 <-- 0.095422 s
currentSize : 37 <-- 0.095549 s
currentSize : 46 <-- 0.095739 s

maxsize : 46
nodes : 40366.000000
filtered : 338608.000000
time : 0.186436
