Parameters: GAD=1 vflib=1 dir=0 label=1 lowerbound=1 fileNameGp=../graphsdb/mcs70/bvg/b09/mcs70_b09_s20.A14 fileNameGt=../graphsdb/mcs70/bvg/b09/mcs70_b09_s20.B14
Reading graphs...
20 :  87
20 :  89
Initializing...
maxdom : 6
D->valSize : 102
Solving...
Blb : 2 (clique : 4)
currentSize : 4 <-- 0.000539 s
currentSize : 5 <-- 0.000569 s
currentSize : 6 <-- 0.000702 s
currentSize : 7 <-- 0.000758 s
currentSize : 9 <-- 0.000773 s
currentSize : 14 <-- 0.001179 s

maxsize : 14
nodes : 291.000000
filtered : 3433.000000
time : 0.001289
