Parameters: GAD=1 vflib=1 dir=0 label=1 lowerbound=1 fileNameGp=../graphsdb/mcs70/m2D/m2Dr2/mcs70_m2Dr2_s90.A04 fileNameGt=../graphsdb/mcs70/m2D/m2Dr2/mcs70_m2Dr2_s90.B04
Reading graphs...
90 :  179
90 :  179
Initializing...
maxdom : 9
D->valSize : 568
Solving...
Blb : 2 (clique : 50)
currentSize : 50 <-- 0.006936 s
currentSize : 51 <-- 0.007531 s
currentSize : 54 <-- 0.009049 s
currentSize : 55 <-- 0.376239 s
currentSize : 59 <-- 0.386230 s
currentSize : 60 <-- 0.895810 s
currentSize : 64 <-- 3.306673 s

maxsize : 64
nodes : 7235902.000000
filtered : 39467136.000000
time : 38.267193
