Parameters: GAD=1 vflib=1 dir=0 label=1 lowerbound=1 fileNameGp=../graphsdb/mcs70/rand/r01/mcs70_r01_s100.A08 fileNameGt=../graphsdb/mcs70/rand/r01/mcs70_r01_s100.B08
Reading graphs...
100 :  934
100 :  935
Initializing...
maxdom : 7
D->valSize : 390
Solving...
Blb : 2 (clique : 16)
currentSize : 16 <-- 0.003777 s
currentSize : 17 <-- 0.004634 s
currentSize : 18 <-- 0.004715 s
currentSize : 22 <-- 0.011446 s
currentSize : 25 <-- 0.011587 s
currentSize : 28 <-- 0.011819 s
currentSize : 29 <-- 0.025883 s
currentSize : 32 <-- 0.025999 s
currentSize : 43 <-- 0.076869 s
currentSize : 45 <-- 0.145701 s
currentSize : 59 <-- 0.208341 s
currentSize : 60 <-- 0.209321 s

maxsize : 60
nodes : 1365626.000000
filtered : 1576510.000000
time : 5.467439
