Parameters: GAD=1 vflib=1 dir=0 label=1 lowerbound=1 fileNameGp=../graphsdb/mcs70/m2D/m2Dr6/mcs70_m2Dr6_s60.A51 fileNameGt=../graphsdb/mcs70/m2D/m2Dr6/mcs70_m2Dr6_s60.B51
Reading graphs...
60 :  139
60 :  135
Initializing...
maxdom : 9
D->valSize : 287
Solving...
Blb : 2 (clique : 21)
currentSize : 21 <-- 0.003497 s
currentSize : 24 <-- 0.004101 s
currentSize : 25 <-- 0.009884 s
currentSize : 26 <-- 0.010343 s
currentSize : 27 <-- 0.011495 s
currentSize : 28 <-- 0.011605 s
currentSize : 29 <-- 0.012079 s
currentSize : 30 <-- 0.061429 s
currentSize : 31 <-- 0.061474 s
currentSize : 32 <-- 0.462187 s
currentSize : 33 <-- 1.008386 s
currentSize : 34 <-- 1.008438 s
currentSize : 35 <-- 2.214606 s
currentSize : 36 <-- 2.215002 s

maxsize : 36
nodes : 701409.000000
filtered : 3636439.000000
time : 2.885745
