Parameters: GAD=1 vflib=1 dir=0 label=1 lowerbound=1 fileNameGp=../graphsdb/mcs70/bvg/b09/mcs70_b09_s40.A30 fileNameGt=../graphsdb/mcs70/bvg/b09/mcs70_b09_s40.B30
Reading graphs...
40 :  178
40 :  177
Initializing...
maxdom : 8
D->valSize : 213
Solving...
Blb : 2 (clique : 10)
currentSize : 10 <-- 0.001210 s
currentSize : 12 <-- 0.001304 s
currentSize : 17 <-- 0.007462 s
currentSize : 18 <-- 0.007514 s
currentSize : 28 <-- 0.009684 s

maxsize : 28
nodes : 2755.000000
filtered : 22376.000000
time : 0.010456
