Parameters: GAD=1 vflib=1 dir=0 label=1 lowerbound=1 fileNameGp=../graphsdb/mcs70/m2D/m2Dr6/mcs70_m2Dr6_s60.A05 fileNameGt=../graphsdb/mcs70/m2D/m2Dr6/mcs70_m2Dr6_s60.B05
Reading graphs...
60 :  138
60 :  139
Initializing...
maxdom : 6
D->valSize : 241
Solving...
Blb : 3 (clique : 20)
currentSize : 20 <-- 0.002776 s
currentSize : 21 <-- 0.109082 s
currentSize : 22 <-- 0.310082 s
currentSize : 23 <-- 0.604436 s
currentSize : 24 <-- 0.608174 s
currentSize : 25 <-- 0.639110 s
currentSize : 26 <-- 0.642296 s
currentSize : 27 <-- 2.004522 s
currentSize : 28 <-- 2.006946 s
currentSize : 29 <-- 5.550284 s
currentSize : 30 <-- 5.550841 s
currentSize : 31 <-- 5.552199 s
currentSize : 32 <-- 5.552670 s
currentSize : 33 <-- 5.552735 s
currentSize : 34 <-- 10.276888 s
currentSize : 35 <-- 11.619272 s
currentSize : 36 <-- 11.636988 s

maxsize : 36
nodes : 3718517.000000
filtered : 15933840.000000
time : 14.548299
