Parameters: GAD=1 vflib=1 dir=0 label=1 lowerbound=1 fileNameGp=../graphsdb/mcs70/m2D/m2Dr4/mcs70_m2Dr4_s25.A84 fileNameGt=../graphsdb/mcs70/m2D/m2Dr4/mcs70_m2Dr4_s25.B84
Reading graphs...
25 :  49
25 :  48
Initializing...
maxdom : 9
D->valSize : 179
Solving...
Blb : 2 (clique : 10)
currentSize : 10 <-- 0.000907 s
currentSize : 11 <-- 0.000963 s
currentSize : 12 <-- 0.001512 s
currentSize : 14 <-- 0.007781 s
currentSize : 15 <-- 0.009470 s

maxsize : 15
nodes : 3575.000000
filtered : 51370.000000
time : 0.013085
