Parameters: GAD=1 vflib=1 dir=0 label=1 lowerbound=1 fileNameGp=../graphsdb/mcs70/bvg/b06m/mcs70_b06m_s50.A64 fileNameGt=../graphsdb/mcs70/bvg/b06m/mcs70_b06m_s50.B64
Reading graphs...
50 :  147
50 :  149
Initializing...
maxdom : 10
D->valSize : 352
Solving...
Blb : 2 (clique : 26)
currentSize : 26 <-- 0.004301 s
currentSize : 28 <-- 0.004554 s
currentSize : 29 <-- 0.004965 s
currentSize : 33 <-- 0.006057 s
currentSize : 35 <-- 0.006202 s

maxsize : 35
nodes : 43835.000000
filtered : 484125.000000
time : 0.236294
