Parameters: GAD=1 vflib=1 dir=0 label=1 lowerbound=1 fileNameGp=../graphsdb/mcs70/rand/r01/mcs70_r01_s50.A67 fileNameGt=../graphsdb/mcs70/rand/r01/mcs70_r01_s50.B67
Reading graphs...
50 :  236
50 :  232
Initializing...
maxdom : 11
D->valSize : 364
Solving...
Blb : 2 (clique : 12)
currentSize : 12 <-- 0.002707 s
currentSize : 13 <-- 0.003019 s
currentSize : 14 <-- 0.003801 s
currentSize : 15 <-- 0.005496 s
currentSize : 17 <-- 0.011445 s
currentSize : 18 <-- 0.017717 s
currentSize : 21 <-- 0.017793 s
currentSize : 23 <-- 0.021913 s
currentSize : 24 <-- 0.033135 s
currentSize : 25 <-- 0.040146 s
currentSize : 33 <-- 0.066943 s

maxsize : 33
nodes : 11922.000000
filtered : 206664.000000
time : 0.075772
