Parameters: GAD=1 vflib=1 dir=0 label=1 lowerbound=1 fileNameGp=../graphsdb/mcs70/m2D/m2Dr6/mcs70_m2Dr6_s60.A42 fileNameGt=../graphsdb/mcs70/m2D/m2Dr6/mcs70_m2Dr6_s60.B42
Reading graphs...
60 :  138
60 :  136
Initializing...
maxdom : 7
D->valSize : 274
Solving...
Blb : 3 (clique : 24)
currentSize : 24 <-- 0.002215 s
currentSize : 25 <-- 0.052902 s
currentSize : 27 <-- 2.614473 s
currentSize : 28 <-- 2.614522 s
currentSize : 29 <-- 2.617223 s
currentSize : 30 <-- 2.956636 s
currentSize : 32 <-- 4.476786 s
currentSize : 33 <-- 4.476898 s
currentSize : 34 <-- 4.477203 s
currentSize : 35 <-- 4.481222 s

maxsize : 35
nodes : 1947278.000000
filtered : 9203563.000000
time : 7.369331
