Parameters: GAD=1 vflib=1 dir=0 label=1 lowerbound=1 fileNameGp=../graphsdb/mcs70/m2D/m2D/mcs70_m2D_s35.A10 fileNameGt=../graphsdb/mcs70/m2D/m2D/mcs70_m2D_s35.B10
Reading graphs...
35 :  58
35 :  58
Initializing...
maxdom : 8
D->valSize : 198
Solving...
Blb : 2 (clique : 18)
currentSize : 18 <-- 0.001250 s
currentSize : 19 <-- 0.001411 s
currentSize : 20 <-- 0.001610 s
currentSize : 21 <-- 0.001636 s
currentSize : 24 <-- 0.002942 s
currentSize : 26 <-- 0.002994 s

maxsize : 26
nodes : 951.000000
filtered : 4893.000000
time : 0.004004
