Parameters: GAD=1 vflib=1 dir=0 label=1 lowerbound=1 fileNameGp=../graphsdb/mcs70/m2D/m2Dr2/mcs70_m2Dr2_s40.A32 fileNameGt=../graphsdb/mcs70/m2D/m2Dr2/mcs70_m2Dr2_s40.B32
Reading graphs...
40 :  75
40 :  72
Initializing...
maxdom : 9
D->valSize : 237
Solving...
Blb : 3 (clique : 14)
currentSize : 14 <-- 0.001436 s
currentSize : 19 <-- 0.001517 s
currentSize : 20 <-- 0.001547 s
currentSize : 21 <-- 0.007560 s
currentSize : 22 <-- 0.012014 s
currentSize : 24 <-- 0.094236 s
currentSize : 25 <-- 0.127641 s

maxsize : 25
nodes : 52643.000000
filtered : 356153.000000
time : 0.176167
