Parameters: GAD=1 vflib=1 dir=0 label=1 lowerbound=1 fileNameGp=../graphsdb/mcs70/bvg/b06/mcs70_b06_s35.A89 fileNameGt=../graphsdb/mcs70/bvg/b06/mcs70_b06_s35.B89
Reading graphs...
35 :  103
35 :  105
Initializing...
maxdom : 8
D->valSize : 171
Solving...
Blb : 2 (clique : 14)
currentSize : 14 <-- 0.001046 s
currentSize : 19 <-- 0.001126 s
currentSize : 21 <-- 0.001163 s
currentSize : 22 <-- 0.001201 s
currentSize : 24 <-- 0.003226 s

maxsize : 24
nodes : 1809.000000
filtered : 11597.000000
time : 0.006270
