Parameters: GAD=1 vflib=1 dir=0 label=1 lowerbound=1 fileNameGp=../graphsdb/mcs70/rand/r02/mcs70_r02_s25.A75 fileNameGt=../graphsdb/mcs70/rand/r02/mcs70_r02_s25.B75
Reading graphs...
25 :  108
25 :  106
Initializing...
maxdom : 10
D->valSize : 165
Solving...
Blb : 2 (clique : 6)
currentSize : 6 <-- 0.000818 s
currentSize : 7 <-- 0.000909 s
currentSize : 8 <-- 0.000919 s
currentSize : 9 <-- 0.001418 s
currentSize : 10 <-- 0.002406 s
currentSize : 12 <-- 0.002617 s
currentSize : 16 <-- 0.003184 s

maxsize : 16
nodes : 972.000000
filtered : 13539.000000
time : 0.003777
