Parameters: GAD=1 vflib=1 dir=0 label=1 lowerbound=1 fileNameGp=../graphsdb/mcs70/m2D/m2Dr2/mcs70_m2Dr2_s70.A51 fileNameGt=../graphsdb/mcs70/m2D/m2Dr2/mcs70_m2Dr2_s70.B51
Reading graphs...
70 :  136
70 :  135
Initializing...
maxdom : 8
D->valSize : 338
Solving...
Blb : 2 (clique : 41)
currentSize : 41 <-- 0.002953 s
currentSize : 42 <-- 0.004001 s
currentSize : 43 <-- 0.004702 s
currentSize : 45 <-- 0.005046 s
currentSize : 46 <-- 0.307622 s
currentSize : 49 <-- 0.307815 s

maxsize : 49
nodes : 84336.000000
filtered : 401275.000000
time : 0.380817
