Parameters: GAD=1 vflib=1 dir=0 label=1 lowerbound=1 fileNameGp=../graphsdb/mcs70/m3D/m3Dr6/mcs70_m3Dr6_s90.A93 fileNameGt=../graphsdb/mcs70/m3D/m3Dr6/mcs70_m3Dr6_s90.B93
Reading graphs...
90 :  262
90 :  260
Initializing...
maxdom : 11
D->valSize : 554
Solving...
Blb : 2 (clique : 50)
currentSize : 50 <-- 0.010763 s
currentSize : 52 <-- 0.213477 s
currentSize : 54 <-- 11.511072 s
currentSize : 56 <-- 11.512220 s
currentSize : 57 <-- 39.681324 s
currentSize : 58 <-- 39.681664 s
currentSize : 62 <-- 39.683632 s
currentSize : 64 <-- 39.685577 s

maxsize : 64
nodes : 10784701.000000
filtered : 63853188.000000
time : 56.335957
