Parameters: GAD=1 vflib=1 dir=0 label=1 lowerbound=1 fileNameGp=../graphsdb/mcs70/bvg/b03m/mcs70_b03m_s70.A66 fileNameGt=../graphsdb/mcs70/bvg/b03m/mcs70_b03m_s70.B66
Reading graphs...
70 :  105
70 :  104
Initializing...
maxdom : 9
D->valSize : 368
Solving...
Blb : 3 (clique : 39)
currentSize : 39 <-- 0.005501 s
currentSize : 40 <-- 19.568439 s
currentSize : 41 <-- 19.568552 s
currentSize : 42 <-- 19.587484 s
currentSize : 43 <-- 39.101555 s
currentSize : 45 <-- 88.438034 s
currentSize : 47 <-- 102.730896 s
currentSize : 48 <-- 117.524033 s
currentSize : 49 <-- 117.741951 s
currentSize : 50 <-- 117.743042 s

maxsize : 50
nodes : 26869147.000000
filtered : 175784497.000000
time : 123.329506
