Parameters: GAD=1 vflib=1 dir=0 label=1 lowerbound=1 fileNameGp=../graphsdb/mcs70/m2D/m2Dr2/mcs70_m2Dr2_s90.A27 fileNameGt=../graphsdb/mcs70/m2D/m2Dr2/mcs70_m2Dr2_s90.B27
Reading graphs...
90 :  178
90 :  178
Initializing...
maxdom : 9
D->valSize : 554
Solving...
Blb : 2 (clique : 47)
currentSize : 47 <-- 0.010893 s
currentSize : 48 <-- 0.011403 s
currentSize : 50 <-- 0.013042 s
currentSize : 51 <-- 0.013245 s
currentSize : 52 <-- 0.013344 s
currentSize : 53 <-- 0.018567 s
currentSize : 54 <-- 0.018782 s
currentSize : 55 <-- 0.018901 s
currentSize : 56 <-- 0.024407 s
currentSize : 58 <-- 0.034636 s
currentSize : 59 <-- 0.034946 s
currentSize : 63 <-- 2.656271 s
currentSize : 64 <-- 2.656760 s
currentSize : 65 <-- 11.125155 s

maxsize : 65
nodes : 7201263.000000
filtered : 46732572.000000
time : 39.077343
