Parameters: GAD=1 vflib=1 dir=0 label=1 lowerbound=1 fileNameGp=../graphsdb/mcs70/bvg/b03m/mcs70_b03m_s35.A07 fileNameGt=../graphsdb/mcs70/bvg/b03m/mcs70_b03m_s35.B07
Reading graphs...
35 :  52
35 :  52
Initializing...
maxdom : 6
D->valSize : 154
Solving...
Blb : 5 (clique : 20)
currentSize : 20 <-- 0.000960 s
currentSize : 21 <-- 0.012971 s
currentSize : 22 <-- 0.015603 s
currentSize : 23 <-- 0.019984 s
currentSize : 24 <-- 0.020081 s

maxsize : 24
nodes : 5071.000000
filtered : 41930.000000
time : 0.022001
