Parameters: GAD=1 vflib=1 dir=0 label=1 lowerbound=1 fileNameGp=../graphsdb/mcs70/bvg/b03m/mcs70_b03m_s50.A91 fileNameGt=../graphsdb/mcs70/bvg/b03m/mcs70_b03m_s50.B91
Reading graphs...
50 :  74
50 :  75
Initializing...
maxdom : 9
D->valSize : 335
Solving...
Blb : 2 (clique : 25)
currentSize : 25 <-- 0.002594 s
currentSize : 28 <-- 0.002734 s
currentSize : 32 <-- 0.002784 s
currentSize : 33 <-- 0.002849 s
currentSize : 34 <-- 0.002919 s

maxsize : 34
nodes : 1242717.000000
filtered : 13580582.000000
time : 5.385004
