Parameters: GAD=1 vflib=1 dir=0 label=1 lowerbound=1 fileNameGp=../graphsdb/mcs70/m2D/m2D/mcs70_m2D_s50.A39 fileNameGt=../graphsdb/mcs70/m2D/m2D/mcs70_m2D_s50.B39
Reading graphs...
50 :  85
50 :  85
Initializing...
maxdom : 12
D->valSize : 357
Solving...
Blb : 2 (clique : 27)
currentSize : 27 <-- 0.004546 s
currentSize : 28 <-- 0.004787 s
currentSize : 29 <-- 0.004863 s
currentSize : 30 <-- 0.267185 s
currentSize : 31 <-- 0.425235 s
currentSize : 32 <-- 0.428215 s
currentSize : 33 <-- 0.573569 s
currentSize : 35 <-- 0.573608 s
currentSize : 37 <-- 0.576078 s

maxsize : 37
nodes : 158311.000000
filtered : 1422919.000000
time : 0.677687
