Parameters: GAD=1 vflib=1 dir=0 label=1 lowerbound=1 fileNameGp=../graphsdb/mcs70/m3D/m3Dr4/mcs70_m3Dr4_s90.A39 fileNameGt=../graphsdb/mcs70/m3D/m3Dr4/mcs70_m3Dr4_s90.B39
Reading graphs...
90 :  244
90 :  242
Initializing...
maxdom : 11
D->valSize : 568
Solving...
Blb : 2 (clique : 48)
currentSize : 48 <-- 0.006896 s
currentSize : 51 <-- 0.008430 s
currentSize : 52 <-- 0.567541 s
currentSize : 53 <-- 0.569547 s
currentSize : 54 <-- 37.378559 s
currentSize : 55 <-- 37.379639 s
currentSize : 56 <-- 37.405502 s
currentSize : 57 <-- 37.406906 s
currentSize : 62 <-- 434.789215 s
currentSize : 63 <-- 434.789398 s
currentSize : 64 <-- 434.789856 s

maxsize : 64
nodes : 127438352.000000
filtered : 634638512.000000
time : 637.895508
