Parameters: GAD=1 vflib=1 dir=0 label=1 lowerbound=1 fileNameGp=../graphsdb/mcs70/m2D/m2Dr4/mcs70_m2Dr4_s25.A32 fileNameGt=../graphsdb/mcs70/m2D/m2Dr4/mcs70_m2Dr4_s25.B32
Reading graphs...
25 :  47
25 :  47
Initializing...
maxdom : 8
D->valSize : 160
Solving...
Blb : 2 (clique : 10)
currentSize : 10 <-- 0.000822 s
currentSize : 11 <-- 0.000879 s
currentSize : 12 <-- 0.019563 s
currentSize : 13 <-- 0.024016 s
currentSize : 14 <-- 0.024025 s
currentSize : 16 <-- 0.029484 s

maxsize : 16
nodes : 12476.000000
filtered : 105487.000000
time : 0.033544
