Parameters: GAD=1 vflib=1 dir=0 label=1 lowerbound=1 fileNameGp=../graphsdb/mcs70/bvg/b06m/mcs70_b06m_s90.A50 fileNameGt=../graphsdb/mcs70/bvg/b06m/mcs70_b06m_s90.B50
Reading graphs...
90 :  267
90 :  267
Initializing...
maxdom : 11
D->valSize : 599
Solving...
Blb : 2 (clique : 46)
currentSize : 46 <-- 0.007418 s
currentSize : 47 <-- 0.008383 s
currentSize : 48 <-- 0.018651 s
currentSize : 50 <-- 0.019120 s
currentSize : 52 <-- 0.037587 s
currentSize : 54 <-- 0.038421 s
currentSize : 55 <-- 0.115826 s
currentSize : 56 <-- 0.386813 s
currentSize : 61 <-- 0.397687 s
currentSize : 62 <-- 0.411195 s

maxsize : 62
nodes : 7236911.000000
filtered : 67387723.000000
time : 45.356544
