Parameters: GAD=1 vflib=1 dir=0 label=1 lowerbound=1 fileNameGp=../graphsdb/mcs70/rand/r005/mcs70_r005_s35.A39 fileNameGt=../graphsdb/mcs70/rand/r005/mcs70_r005_s35.B39
Reading graphs...
35 :  58
35 :  57
Initializing...
maxdom : 6
D->valSize : 161
Solving...
Blb : 2 (clique : 16)
currentSize : 16 <-- 0.000902 s
currentSize : 17 <-- 0.001120 s
currentSize : 18 <-- 0.001276 s
currentSize : 19 <-- 0.003981 s
currentSize : 20 <-- 0.010657 s
currentSize : 21 <-- 0.013237 s
currentSize : 22 <-- 0.014462 s
currentSize : 24 <-- 0.023771 s

maxsize : 24
nodes : 11537.000000
filtered : 85516.000000
time : 0.037592
