Parameters: GAD=1 vflib=1 dir=0 label=1 lowerbound=1 fileNameGp=../graphsdb/mcs70/rand/r02/mcs70_r02_s90.A96 fileNameGt=../graphsdb/mcs70/rand/r02/mcs70_r02_s90.B96
Reading graphs...
90 :  1448
90 :  1447
Initializing...
maxdom : 10
D->valSize : 559
Solving...
Blb : 2 (clique : 11)
currentSize : 11 <-- 0.005980 s
currentSize : 26 <-- 0.008158 s
currentSize : 27 <-- 0.033289 s
currentSize : 28 <-- 0.051283 s
currentSize : 30 <-- 0.113124 s
currentSize : 48 <-- 0.194559 s

maxsize : 48
nodes : 7698043.000000
filtered : 4058802.000000
time : 28.351212
