Parameters: GAD=1 vflib=1 dir=0 label=1 lowerbound=1 fileNameGp=../graphsdb/mcs70/bvg/b06m/mcs70_b06m_s40.A48 fileNameGt=../graphsdb/mcs70/bvg/b06m/mcs70_b06m_s40.B48
Reading graphs...
40 :  117
40 :  116
Initializing...
maxdom : 9
D->valSize : 240
Solving...
Blb : 2 (clique : 16)
currentSize : 16 <-- 0.001550 s
currentSize : 17 <-- 0.002642 s
currentSize : 19 <-- 0.002667 s
currentSize : 25 <-- 0.006647 s
currentSize : 27 <-- 0.006716 s

maxsize : 27
nodes : 5242.000000
filtered : 50323.000000
time : 0.019991
