Parameters: GAD=1 vflib=1 dir=0 label=1 lowerbound=1 fileNameGp=../graphsdb/mcs70/m3D/m3D/mcs70_m3D_s100.A87 fileNameGt=../graphsdb/mcs70/m3D/m3D/mcs70_m3D_s100.B87
Reading graphs...
100 :  234
100 :  235
Initializing...
maxdom : 9
D->valSize : 420
Solving...
Blb : 2 (clique : 59)
currentSize : 59 <-- 0.004743 s
currentSize : 61 <-- 0.016345 s
currentSize : 62 <-- 0.016593 s
currentSize : 63 <-- 0.082805 s
currentSize : 64 <-- 9.099536 s

maxsize : 64
nodes : 409527703.000000
filtered : 1486269704.000000
time : 2056.088623
