Parameters: GAD=1 vflib=1 dir=0 label=1 lowerbound=1 fileNameGp=../graphsdb/mcs70/m2D/m2Dr6/mcs70_m2Dr6_s90.A85 fileNameGt=../graphsdb/mcs70/m2D/m2Dr6/mcs70_m2Dr6_s90.B85
Reading graphs...
90 :  214
90 :  208
Initializing...
maxdom : 10
D->valSize : 578
Solving...
Blb : 2 (clique : 49)
currentSize : 49 <-- 0.007278 s
currentSize : 52 <-- 0.007643 s
currentSize : 55 <-- 0.008930 s
currentSize : 56 <-- 0.130487 s
currentSize : 59 <-- 0.130946 s
currentSize : 60 <-- 0.361938 s
currentSize : 61 <-- 0.362822 s
currentSize : 63 <-- 0.363158 s

maxsize : 63
nodes : 18345271.000000
filtered : 105827905.000000
time : 96.144737
