Parameters: GAD=1 vflib=1 dir=0 label=1 lowerbound=1 fileNameGp=../graphsdb/mcs70/m3D/m3Dr4/mcs70_m3Dr4_s40.A25 fileNameGt=../graphsdb/mcs70/m3D/m3Dr4/mcs70_m3Dr4_s40.B25
Reading graphs...
40 :  98
40 :  98
Initializing...
maxdom : 8
D->valSize : 210
Solving...
Blb : 3 (clique : 13)
currentSize : 13 <-- 0.001375 s
currentSize : 14 <-- 0.001498 s
currentSize : 15 <-- 0.003337 s
currentSize : 16 <-- 0.009681 s
currentSize : 17 <-- 0.018502 s
currentSize : 18 <-- 0.023443 s
currentSize : 21 <-- 0.023547 s
currentSize : 25 <-- 0.032118 s
currentSize : 26 <-- 0.037263 s
currentSize : 27 <-- 0.042623 s

maxsize : 27
nodes : 13075.000000
filtered : 109880.000000
time : 0.045161
