Parameters: GAD=1 vflib=1 dir=0 label=1 lowerbound=1 fileNameGp=../graphsdb/mcs70/m2D/m2D/mcs70_m2D_s50.A76 fileNameGt=../graphsdb/mcs70/m2D/m2D/mcs70_m2D_s50.B76
Reading graphs...
50 :  83
50 :  85
Initializing...
maxdom : 12
D->valSize : 371
Solving...
Blb : 2 (clique : 24)
currentSize : 24 <-- 0.004863 s
currentSize : 25 <-- 0.023050 s
currentSize : 26 <-- 0.062873 s
currentSize : 29 <-- 0.235308 s
currentSize : 30 <-- 0.235476 s
currentSize : 31 <-- 0.340883 s
currentSize : 33 <-- 0.440178 s
currentSize : 34 <-- 0.440518 s
currentSize : 35 <-- 0.593255 s
currentSize : 36 <-- 0.593304 s

maxsize : 36
nodes : 227406.000000
filtered : 2060775.000000
time : 0.959524
