Parameters: GAD=1 vflib=1 dir=0 label=1 lowerbound=1 fileNameGp=../graphsdb/mcs70/rand/r005/mcs70_r005_s60.A63 fileNameGt=../graphsdb/mcs70/rand/r005/mcs70_r005_s60.B63
Reading graphs...
60 :  172
60 :  174
Initializing...
maxdom : 7
D->valSize : 249
Solving...
Blb : 2 (clique : 24)
currentSize : 24 <-- 0.001748 s
currentSize : 25 <-- 0.001885 s
currentSize : 28 <-- 0.001950 s
currentSize : 29 <-- 0.001996 s
currentSize : 30 <-- 0.003694 s
currentSize : 31 <-- 0.012666 s
currentSize : 32 <-- 0.012718 s
currentSize : 33 <-- 0.013056 s
currentSize : 34 <-- 0.030322 s
currentSize : 38 <-- 0.030469 s
currentSize : 41 <-- 0.030804 s

maxsize : 41
nodes : 16346.000000
filtered : 103780.000000
time : 0.071996
