Parameters: GAD=1 vflib=1 dir=0 label=1 lowerbound=1 fileNameGp=../graphsdb/mcs70/m2D/m2Dr2/mcs70_m2Dr2_s25.A66 fileNameGt=../graphsdb/mcs70/m2D/m2Dr2/mcs70_m2Dr2_s25.B66
Reading graphs...
25 :  45
25 :  45
Initializing...
maxdom : 10
D->valSize : 181
Solving...
Blb : 3 (clique : 11)
currentSize : 11 <-- 0.000965 s
currentSize : 12 <-- 0.006548 s
currentSize : 13 <-- 0.006737 s
currentSize : 14 <-- 0.007916 s
currentSize : 16 <-- 0.023264 s

maxsize : 16
nodes : 9852.000000
filtered : 110090.000000
time : 0.029918
