Parameters: GAD=1 vflib=1 dir=0 label=1 lowerbound=1 fileNameGp=../graphsdb/mcs70/m2D/m2Dr4/mcs70_m2Dr4_s60.A56 fileNameGt=../graphsdb/mcs70/m2D/m2Dr4/mcs70_m2Dr4_s60.B56
Reading graphs...
60 :  125
60 :  125
Initializing...
maxdom : 9
D->valSize : 283
Solving...
Blb : 2 (clique : 29)
currentSize : 29 <-- 0.002266 s
currentSize : 31 <-- 0.002426 s
currentSize : 32 <-- 0.002552 s
currentSize : 34 <-- 0.002742 s
currentSize : 35 <-- 0.003152 s
currentSize : 36 <-- 0.003586 s
currentSize : 37 <-- 0.008140 s

maxsize : 37
nodes : 278345.000000
filtered : 1217748.000000
time : 1.192814
