Parameters: GAD=1 vflib=1 dir=0 label=1 lowerbound=1 fileNameGp=../graphsdb/mcs70/m3D/m3Dr4/mcs70_m3Dr4_s40.A53 fileNameGt=../graphsdb/mcs70/m3D/m3Dr4/mcs70_m3Dr4_s40.B53
Reading graphs...
40 :  98
40 :  98
Initializing...
maxdom : 7
D->valSize : 198
Solving...
Blb : 3 (clique : 16)
currentSize : 16 <-- 0.001254 s
currentSize : 17 <-- 0.001340 s
currentSize : 21 <-- 0.001385 s
currentSize : 22 <-- 0.001444 s
currentSize : 26 <-- 0.001551 s
currentSize : 27 <-- 0.001607 s

maxsize : 27
nodes : 1009.000000
filtered : 7991.000000
time : 0.004788
