Parameters: GAD=1 vflib=1 dir=0 label=1 lowerbound=1 fileNameGp=../graphsdb/mcs70/m2D/m2Dr4/mcs70_m2Dr4_s90.A52 fileNameGt=../graphsdb/mcs70/m2D/m2Dr4/mcs70_m2Dr4_s90.B52
Reading graphs...
90 :  196
90 :  197
Initializing...
maxdom : 9
D->valSize : 534
Solving...
Blb : 5 (clique : 44)
currentSize : 44 <-- 0.006370 s
currentSize : 55 <-- 0.006711 s
currentSize : 57 <-- 0.007082 s
currentSize : 58 <-- 0.008159 s
currentSize : 59 <-- 15.458819 s
currentSize : 60 <-- 144.685837 s
currentSize : 62 <-- 144.686386 s
currentSize : 63 <-- 144.687408 s
currentSize : 64 <-- 203.137451 s

maxsize : 64
nodes : 211550683.000000
filtered : 1044189979.000000
time : 1016.780029
