Parameters: GAD=1 vflib=1 dir=0 label=1 lowerbound=1 fileNameGp=../graphsdb/mcs70/m2D/m2D/mcs70_m2D_s80.A17 fileNameGt=../graphsdb/mcs70/m2D/m2D/mcs70_m2D_s80.B17
Reading graphs...
80 :  142
80 :  142
Initializing...
maxdom : 9
D->valSize : 485
Solving...
Blb : 2 (clique : 44)
currentSize : 44 <-- 0.008761 s
currentSize : 45 <-- 0.019270 s
currentSize : 46 <-- 3.562672 s
currentSize : 47 <-- 3.562798 s
currentSize : 48 <-- 3.572683 s
currentSize : 49 <-- 3.599914 s

maxsize : 49
nodes : 202083875.000000
filtered : 1264864448.000000
time : 1089.087769
