Parameters: GAD=1 vflib=1 dir=0 label=1 lowerbound=1 fileNameGp=../graphsdb/mcs70/rand/r001/mcs70_r001_s100.A50 fileNameGt=../graphsdb/mcs70/rand/r001/mcs70_r001_s100.B50
Reading graphs...
100 :  120
100 :  120
Initializing...
maxdom : 8
D->valSize : 373
Solving...
Blb : 2 (clique : 64)
currentSize : 64 <-- 0.004274 s
currentSize : 65 <-- 0.004803 s
currentSize : 66 <-- 0.010092 s
currentSize : 67 <-- 0.171119 s
currentSize : 68 <-- 0.171499 s
currentSize : 69 <-- 9.598732 s
currentSize : 70 <-- 10.675798 s
currentSize : 71 <-- 70.802223 s

maxsize : 71
nodes : 13481024.000000
filtered : 55932848.000000
time : 83.859726
