Parameters: GAD=1 vflib=1 dir=0 label=1 lowerbound=1 fileNameGp=../graphsdb/mcs70/m2D/m2Dr6/mcs70_m2Dr6_s60.A77 fileNameGt=../graphsdb/mcs70/m2D/m2Dr6/mcs70_m2Dr6_s60.B77
Reading graphs...
60 :  138
60 :  136
Initializing...
maxdom : 7
D->valSize : 246
Solving...
Blb : 3 (clique : 19)
currentSize : 19 <-- 0.002801 s
currentSize : 22 <-- 0.055178 s
currentSize : 24 <-- 0.083354 s
currentSize : 25 <-- 0.108768 s
currentSize : 27 <-- 0.605046 s
currentSize : 29 <-- 0.884177 s
currentSize : 30 <-- 0.884758 s
currentSize : 31 <-- 0.884827 s
currentSize : 32 <-- 0.885152 s
currentSize : 33 <-- 0.885211 s
currentSize : 34 <-- 1.127277 s
currentSize : 35 <-- 1.127337 s

maxsize : 35
nodes : 285343.000000
filtered : 2351112.000000
time : 1.348991
