Parameters: GAD=1 vflib=1 dir=0 label=1 lowerbound=1 fileNameGp=../graphsdb/mcs70/bvg/b06/mcs70_b06_s20.A85 fileNameGt=../graphsdb/mcs70/bvg/b06/mcs70_b06_s20.B85
Reading graphs...
20 :  58
20 :  60
Initializing...
maxdom : 9
D->valSize : 124
Solving...
Blb : 2 (clique : 6)
currentSize : 6 <-- 0.000756 s
currentSize : 7 <-- 0.000898 s
currentSize : 8 <-- 0.000927 s
currentSize : 13 <-- 0.001290 s
currentSize : 14 <-- 0.001542 s

maxsize : 14
nodes : 336.000000
filtered : 3707.000000
time : 0.001698
