Parameters: GAD=1 vflib=1 dir=0 label=1 lowerbound=1 fileNameGp=../graphsdb/mcs70/m2D/m2Dr6/m2Dr6/mcs70_m2Dr6_s35.A91 fileNameGt=../graphsdb/mcs70/m2D/m2Dr6/m2Dr6/mcs70_m2Dr6_s35.B91
Reading graphs...
35 :  77
35 :  77
Initializing...
maxdom : 6
D->valSize : 164
Solving...
Blb : 2 (clique : 12)
currentSize : 12 <-- 0.000981 s
currentSize : 13 <-- 0.001061 s
currentSize : 14 <-- 0.002762 s
currentSize : 17 <-- 0.007194 s
currentSize : 18 <-- 0.010219 s
currentSize : 19 <-- 0.019761 s
currentSize : 22 <-- 0.030153 s
currentSize : 25 <-- 0.031877 s

maxsize : 25
nodes : 10306.000000
filtered : 73195.000000
time : 0.032784
