Parameters: GAD=1 vflib=1 dir=0 label=1 lowerbound=1 fileNameGp=../graphsdb/mcs70/m3D/m3D/mcs70_m3D_s40.A48 fileNameGt=../graphsdb/mcs70/m3D/m3D/mcs70_m3D_s40.B48
Reading graphs...
40 :  84
40 :  84
Initializing...
maxdom : 7
D->valSize : 214
Solving...
Blb : 5 (clique : 16)
currentSize : 16 <-- 0.001291 s
currentSize : 17 <-- 0.001644 s
currentSize : 18 <-- 0.003589 s
currentSize : 19 <-- 0.011781 s
currentSize : 21 <-- 0.019868 s
currentSize : 22 <-- 0.019930 s
currentSize : 24 <-- 0.040154 s
currentSize : 26 <-- 0.048803 s
currentSize : 27 <-- 0.048873 s

maxsize : 27
nodes : 15619.000000
filtered : 122790.000000
time : 0.056116
