Parameters: GAD=1 vflib=1 dir=0 label=1 lowerbound=1 fileNameGp=../graphsdb/mcs70/bvg/b09/mcs70_b09_s90.A26 fileNameGt=../graphsdb/mcs70/bvg/b09/mcs70_b09_s90.B26
Reading graphs...
90 :  404
90 :  404
Initializing...
maxdom : 10
D->valSize : 530
Solving...
Blb : 2 (clique : 28)
currentSize : 28 <-- 0.005990 s
currentSize : 30 <-- 0.038904 s
currentSize : 31 <-- 0.039029 s
currentSize : 32 <-- 1.431316 s
currentSize : 34 <-- 1.431487 s
currentSize : 35 <-- 1.431632 s
currentSize : 38 <-- 4.580789 s
currentSize : 39 <-- 6.398985 s
currentSize : 40 <-- 8.012068 s
currentSize : 44 <-- 8.556149 s
currentSize : 47 <-- 8.556772 s
currentSize : 48 <-- 25.429262 s
currentSize : 50 <-- 25.440290 s
currentSize : 57 <-- 79.947563 s
currentSize : 62 <-- 79.948151 s

maxsize : 62
nodes : 18698793.000000
filtered : 126459156.000000
time : 100.166634
