Parameters: GAD=1 vflib=1 dir=0 label=1 lowerbound=1 fileNameGp=../graphsdb/mcs70/m2D/m2Dr4/mcs70_m2Dr4_s90.A80 fileNameGt=../graphsdb/mcs70/m2D/m2Dr4/mcs70_m2Dr4_s90.B80
Reading graphs...
90 :  196
90 :  194
Initializing...
maxdom : 10
D->valSize : 607
Solving...
Blb : 2 (clique : 49)
currentSize : 49 <-- 0.012133 s
currentSize : 50 <-- 0.012607 s
currentSize : 52 <-- 0.012914 s
currentSize : 53 <-- 0.013002 s
currentSize : 54 <-- 0.552483 s
currentSize : 55 <-- 108.857597 s
currentSize : 56 <-- 108.857712 s
currentSize : 57 <-- 108.857887 s
currentSize : 58 <-- 108.857994 s
currentSize : 59 <-- 109.024498 s
currentSize : 60 <-- 246.670853 s
currentSize : 61 <-- 246.681198 s
currentSize : 62 <-- 246.681305 s
currentSize : 63 <-- 246.681595 s
currentSize : 64 <-- 246.681732 s

maxsize : 64
nodes : 65369314.000000
filtered : 394164728.000000
time : 352.835449
