Parameters: GAD=1 vflib=1 dir=0 label=1 lowerbound=1 fileNameGp=../graphsdb/mcs70/bvg/b03m/mcs70_b03m_s25.A93 fileNameGt=../graphsdb/mcs70/bvg/b03m/mcs70_b03m_s25.B93
Reading graphs...
25 :  37
25 :  37
Initializing...
maxdom : 9
D->valSize : 169
Solving...
Blb : 2 (clique : 12)
currentSize : 12 <-- 0.000862 s
currentSize : 13 <-- 0.000974 s
currentSize : 14 <-- 0.002250 s
currentSize : 15 <-- 0.003599 s
currentSize : 17 <-- 0.005154 s
currentSize : 18 <-- 0.005333 s

maxsize : 18
nodes : 2707.000000
filtered : 20923.000000
time : 0.007426
