Parameters: GAD=1 vflib=1 dir=0 label=1 lowerbound=1 fileNameGp=../graphsdb/mcs70/bvg/b09/mcs70_b09_s100.A18 fileNameGt=../graphsdb/mcs70/bvg/b09/mcs70_b09_s100.B18
Reading graphs...
100 :  449
100 :  448
Initializing...
maxdom : 7
D->valSize : 358
Solving...
Blb : 2 (clique : 47)
currentSize : 47 <-- 0.004002 s
currentSize : 53 <-- 0.004533 s
currentSize : 54 <-- 0.005425 s
currentSize : 63 <-- 0.007246 s
currentSize : 64 <-- 0.007985 s
currentSize : 68 <-- 0.724170 s
currentSize : 70 <-- 0.724813 s

maxsize : 70
nodes : 221780.000000
filtered : 1580974.000000
time : 1.360985
