Parameters: GAD=1 vflib=1 dir=0 label=1 lowerbound=1 fileNameGp=../graphsdb/mcs70/bvg/b09/mcs70_b09_s40.A40 fileNameGt=../graphsdb/mcs70/bvg/b09/mcs70_b09_s40.B40
Reading graphs...
40 :  179
40 :  178
Initializing...
maxdom : 9
D->valSize : 212
Solving...
Blb : 3 (clique : 15)
currentSize : 15 <-- 0.001209 s
currentSize : 16 <-- 0.010103 s
currentSize : 17 <-- 0.010134 s
currentSize : 24 <-- 0.010487 s
currentSize : 28 <-- 0.010546 s

maxsize : 28
nodes : 5266.000000
filtered : 46544.000000
time : 0.018692
