Parameters: GAD=1 vflib=1 dir=0 label=1 lowerbound=1 fileNameGp=../graphsdb/mcs70/m2D/m2Dr4/mcs70_m2Dr4_s50.A64 fileNameGt=../graphsdb/mcs70/m2D/m2Dr4/mcs70_m2Dr4_s50.B64
Reading graphs...
50 :  104
50 :  103
Initializing...
maxdom : 10
D->valSize : 322
Solving...
Blb : 2 (clique : 32)
currentSize : 32 <-- 0.002343 s
currentSize : 33 <-- 0.070241 s
currentSize : 34 <-- 0.070570 s
currentSize : 35 <-- 0.070712 s
currentSize : 36 <-- 0.070795 s

maxsize : 36
nodes : 88054.000000
filtered : 669316.000000
time : 0.330239
