Parameters: GAD=1 vflib=1 dir=0 label=1 lowerbound=1 fileNameGp=../graphsdb/mcs70/rand/r02/mcs70_r02_s100.A07 fileNameGt=../graphsdb/mcs70/rand/r02/mcs70_r02_s100.B07
Reading graphs...
100 :  1777
100 :  1773
Initializing...
maxdom : 8
D->valSize : 404
Solving...
Blb : 2 (clique : 26)
currentSize : 26 <-- 0.004298 s
currentSize : 28 <-- 0.004625 s
currentSize : 29 <-- 0.005042 s
currentSize : 30 <-- 0.005147 s
currentSize : 31 <-- 0.006201 s
currentSize : 43 <-- 0.028929 s
currentSize : 44 <-- 0.035909 s
currentSize : 45 <-- 0.036074 s
currentSize : 46 <-- 0.048933 s
currentSize : 47 <-- 0.092991 s
currentSize : 48 <-- 0.163238 s
currentSize : 49 <-- 1.273036 s
currentSize : 50 <-- 2.933092 s

maxsize : 50
nodes : 31127162.000000
filtered : 14972495.000000
time : 125.396187
