Parameters: GAD=1 vflib=1 dir=0 label=1 lowerbound=1 fileNameGp=../graphsdb/mcs70/bvg/b03m/mcs70_b03m_s80.A98 fileNameGt=../graphsdb/mcs70/bvg/b03m/mcs70_b03m_s80.B98
Reading graphs...
80 :  120
80 :  120
Initializing...
maxdom : 9
D->valSize : 430
Solving...
Blb : 2 (clique : 46)
currentSize : 46 <-- 0.004471 s
currentSize : 48 <-- 0.005224 s
currentSize : 49 <-- 0.005305 s
currentSize : 50 <-- 0.006504 s
currentSize : 52 <-- 0.329904 s
currentSize : 54 <-- 55.650417 s
currentSize : 55 <-- 55.650852 s
currentSize : 56 <-- 55.650951 s

maxsize : 56
nodes : 58830691.000000
filtered : 375595266.000000
time : 309.945801
