Parameters: GAD=1 vflib=1 dir=0 label=1 lowerbound=1 fileNameGp=../graphsdb/mcs70/bvg/b06/mcs70_b06_s50.A48 fileNameGt=../graphsdb/mcs70/bvg/b06/mcs70_b06_s50.B48
Reading graphs...
50 :  149
50 :  149
Initializing...
maxdom : 9
D->valSize : 335
Solving...
Blb : 3 (clique : 20)
currentSize : 20 <-- 0.002537 s
currentSize : 22 <-- 0.029220 s
currentSize : 23 <-- 0.046737 s
currentSize : 24 <-- 0.046870 s
currentSize : 31 <-- 0.296657 s
currentSize : 33 <-- 0.296687 s
currentSize : 34 <-- 0.296761 s
currentSize : 35 <-- 0.296814 s

maxsize : 35
nodes : 121216.000000
filtered : 1007087.000000
time : 0.480448
