Parameters: GAD=1 vflib=1 dir=0 label=1 lowerbound=1 fileNameGp=../graphsdb/mcs70/bvg/b09m/mcs70_b09m_s100.A11 fileNameGt=../graphsdb/mcs70/bvg/b09m/mcs70_b09m_s100.B11
Reading graphs...
100 :  444
100 :  443
Initializing...
maxdom : 8
D->valSize : 398
Solving...
Blb : 2 (clique : 35)
currentSize : 35 <-- 0.004387 s
currentSize : 37 <-- 0.004666 s
currentSize : 38 <-- 0.006179 s
currentSize : 39 <-- 0.015901 s
currentSize : 40 <-- 0.015948 s
currentSize : 42 <-- 0.016062 s
currentSize : 44 <-- 0.016122 s
currentSize : 45 <-- 0.017172 s
currentSize : 50 <-- 0.377523 s
currentSize : 51 <-- 0.378397 s
currentSize : 58 <-- 0.937958 s
currentSize : 66 <-- 6.063865 s
currentSize : 67 <-- 6.074834 s

maxsize : 67
nodes : 15916358.000000
filtered : 45984513.000000
time : 72.665115
