Parameters: GAD=1 vflib=1 dir=0 label=1 lowerbound=1 fileNameGp=../graphsdb/mcs70/m2D/m2D/mcs70_m2D_s25.A54 fileNameGt=../graphsdb/mcs70/m2D/m2D/mcs70_m2D_s25.B54
Reading graphs...
25 :  39
25 :  40
Initializing...
maxdom : 9
D->valSize : 169
Solving...
Blb : 2 (clique : 11)
currentSize : 11 <-- 0.000892 s
currentSize : 12 <-- 0.002657 s
currentSize : 15 <-- 0.008287 s
currentSize : 16 <-- 0.008329 s
currentSize : 17 <-- 0.008462 s

maxsize : 17
nodes : 4194.000000
filtered : 42465.000000
time : 0.012971
