Parameters: GAD=1 vflib=1 dir=0 label=1 lowerbound=1 fileNameGp=../graphsdb/mcs70/bvg/b03m/mcs70_b03m_s100.A70 fileNameGt=../graphsdb/mcs70/bvg/b03m/mcs70_b03m_s100.B70
Reading graphs...
100 :  148
100 :  148
Initializing...
maxdom : 9
D->valSize : 422
Solving...
Blb : 2 (clique : 59)
currentSize : 59 <-- 0.004842 s
currentSize : 60 <-- 0.005279 s
currentSize : 61 <-- 0.005578 s
currentSize : 62 <-- 0.021441 s
currentSize : 63 <-- 0.030705 s
currentSize : 64 <-- 0.045096 s
currentSize : 65 <-- 194.492447 s
currentSize : 67 <-- 194.503204 s
currentSize : 68 <-- 194.618576 s

TIMEOUT
maxsize : 68
nodes : 819391354.000000
filtered : 1977661206.000000
time : 3600.000000
