Parameters: GAD=1 vflib=1 dir=0 label=1 lowerbound=1 fileNameGp=../graphsdb/mcs70/rand/r005/mcs70_r005_s50.A61 fileNameGt=../graphsdb/mcs70/rand/r005/mcs70_r005_s50.B61
Reading graphs...
50 :  121
50 :  119
Initializing...
maxdom : 11
D->valSize : 353
Solving...
Blb : 2 (clique : 26)
currentSize : 26 <-- 0.004236 s
currentSize : 28 <-- 0.004497 s
currentSize : 29 <-- 0.004787 s
currentSize : 30 <-- 0.004894 s
currentSize : 33 <-- 0.011324 s
currentSize : 35 <-- 0.011461 s

maxsize : 35
nodes : 20319.000000
filtered : 333971.000000
time : 0.127136
