Parameters: GAD=1 vflib=1 dir=0 label=1 lowerbound=1 fileNameGp=../graphsdb/mcs70/bvg/b03m/mcs70_b03m_s90.A81 fileNameGt=../graphsdb/mcs70/bvg/b03m/mcs70_b03m_s90.B81
Reading graphs...
90 :  135
90 :  135
Initializing...
maxdom : 11
D->valSize : 532
Solving...
Blb : 2 (clique : 53)
currentSize : 53 <-- 0.010950 s
currentSize : 54 <-- 0.170287 s
currentSize : 56 <-- 19.398048 s
currentSize : 57 <-- 19.405891 s
currentSize : 59 <-- 27.128428 s
currentSize : 60 <-- 27.148804 s
currentSize : 61 <-- 28.378237 s
currentSize : 63 <-- 28.378391 s

maxsize : 63
nodes : 310919257.000000
filtered : 1547088258.000000
time : 1727.466064
