Parameters: GAD=1 vflib=1 dir=0 label=1 lowerbound=1 fileNameGp=../graphsdb/mcs70/m3D/m3Dr2/mcs70_m3Dr2_s40.A82 fileNameGt=../graphsdb/mcs70/m3D/m3Dr2/mcs70_m3Dr2_s40.B82
Reading graphs...
40 :  92
40 :  92
Initializing...
maxdom : 7
D->valSize : 200
Solving...
Blb : 2 (clique : 16)
currentSize : 16 <-- 0.001206 s
currentSize : 20 <-- 0.007092 s
currentSize : 21 <-- 0.025626 s
currentSize : 22 <-- 0.025718 s
currentSize : 25 <-- 0.025754 s
currentSize : 27 <-- 0.035523 s

maxsize : 27
nodes : 9838.000000
filtered : 90054.000000
time : 0.038019
