Parameters: GAD=1 vflib=1 dir=0 label=1 lowerbound=1 fileNameGp=../graphsdb/mcs70/m3D/m3D/mcs70_m3D_s100.A58 fileNameGt=../graphsdb/mcs70/m3D/m3D/mcs70_m3D_s100.B58
Reading graphs...
100 :  235
100 :  234
Initializing...
maxdom : 6
D->valSize : 348
Solving...
Blb : 2 (clique : 55)
currentSize : 55 <-- 0.006346 s
currentSize : 56 <-- 0.811906 s
currentSize : 57 <-- 0.812132 s
currentSize : 60 <-- 9.970758 s
currentSize : 61 <-- 9.970891 s
currentSize : 62 <-- 12.174202 s
currentSize : 63 <-- 12.174501 s
currentSize : 64 <-- 34.874569 s

maxsize : 64
nodes : 96647815.000000
filtered : 362152018.000000
time : 511.527557
