Parameters: GAD=1 vflib=1 dir=0 label=1 lowerbound=1 fileNameGp=../graphsdb/mcs70/rand/r02/mcs70_r02_s100.A52 fileNameGt=../graphsdb/mcs70/rand/r02/mcs70_r02_s100.B52
Reading graphs...
100 :  1767
100 :  1772
Initializing...
maxdom : 6
D->valSize : 350
Solving...
Blb : 3 (clique : 12)
currentSize : 12 <-- 0.005264 s
currentSize : 17 <-- 0.005573 s
currentSize : 24 <-- 0.006483 s
currentSize : 26 <-- 0.006732 s
currentSize : 49 <-- 0.014093 s
currentSize : 50 <-- 0.900190 s
currentSize : 51 <-- 0.900659 s
currentSize : 52 <-- 6.399315 s

maxsize : 52
nodes : 21116576.000000
filtered : 5512935.000000
time : 82.233437
