Parameters: GAD=1 vflib=1 dir=0 label=1 lowerbound=1 fileNameGp=../graphsdb/mcs70/rand/r01/mcs70_r01_s70.A23 fileNameGt=../graphsdb/mcs70/rand/r01/mcs70_r01_s70.B23
Reading graphs...
70 :  462
70 :  455
Initializing...
maxdom : 8
D->valSize : 354
Solving...
Blb : 2 (clique : 23)
currentSize : 23 <-- 0.002896 s
currentSize : 24 <-- 0.003039 s
currentSize : 32 <-- 0.003436 s
currentSize : 37 <-- 0.009314 s
currentSize : 45 <-- 0.009949 s

maxsize : 45
nodes : 35013.000000
filtered : 202009.000000
time : 0.179105
