Parameters: GAD=1 vflib=1 dir=0 label=1 lowerbound=1 fileNameGp=../graphsdb/mcs70/bvg/b06/mcs70_b06_s40.A84 fileNameGt=../graphsdb/mcs70/bvg/b06/mcs70_b06_s40.B84
Reading graphs...
40 :  119
40 :  120
Initializing...
maxdom : 7
D->valSize : 206
Solving...
Blb : 5 (clique : 13)
currentSize : 13 <-- 0.001198 s
currentSize : 15 <-- 0.001481 s
currentSize : 18 <-- 0.001946 s
currentSize : 22 <-- 0.002470 s
currentSize : 27 <-- 0.004766 s
currentSize : 28 <-- 0.005936 s

maxsize : 28
nodes : 3574.000000
filtered : 25518.000000
time : 0.013111
