Parameters: GAD=1 vflib=1 dir=0 label=1 lowerbound=1 fileNameGp=../graphsdb/mcs70/bvg/b09/mcs70_b09_s80.A34 fileNameGt=../graphsdb/mcs70/bvg/b09/mcs70_b09_s80.B34
Reading graphs...
80 :  360
80 :  358
Initializing...
maxdom : 9
D->valSize : 425
Solving...
Blb : 2 (clique : 25)
currentSize : 25 <-- 0.003984 s
currentSize : 31 <-- 0.004327 s
currentSize : 33 <-- 0.037110 s
currentSize : 34 <-- 0.037311 s
currentSize : 36 <-- 0.351730 s
currentSize : 37 <-- 0.351875 s
currentSize : 38 <-- 0.353189 s
currentSize : 39 <-- 1.152742 s
currentSize : 40 <-- 1.606100 s
currentSize : 41 <-- 1.607599 s
currentSize : 48 <-- 2.290760 s
currentSize : 52 <-- 2.913664 s
currentSize : 56 <-- 3.173061 s

maxsize : 56
nodes : 614528.000000
filtered : 5139276.000000
time : 3.333581
