Parameters: GAD=1 vflib=1 dir=0 label=1 lowerbound=1 fileNameGp=../graphsdb/mcs70/bvg/b06/mcs70_b06_s70.A63 fileNameGt=../graphsdb/mcs70/bvg/b06/mcs70_b06_s70.B63
Reading graphs...
70 :  208
70 :  210
Initializing...
maxdom : 9
D->valSize : 364
Solving...
Blb : 3 (clique : 30)
currentSize : 30 <-- 0.003196 s
currentSize : 31 <-- 0.003412 s
currentSize : 32 <-- 0.003917 s
currentSize : 33 <-- 0.004039 s
currentSize : 34 <-- 0.006596 s
currentSize : 35 <-- 0.006660 s
currentSize : 37 <-- 0.006856 s
currentSize : 38 <-- 0.006910 s
currentSize : 40 <-- 0.007795 s
currentSize : 42 <-- 0.071411 s
currentSize : 43 <-- 0.078063 s
currentSize : 46 <-- 1.707445 s
currentSize : 49 <-- 1.714966 s

maxsize : 49
nodes : 484971.000000
filtered : 3195985.000000
time : 2.321133
