Parameters: GAD=1 vflib=1 dir=0 label=1 lowerbound=1 fileNameGp=../graphsdb/mcs70/m2D/m2D/mcs70_m2D_s50.A29 fileNameGt=../graphsdb/mcs70/m2D/m2D/mcs70_m2D_s50.B29
Reading graphs...
50 :  85
50 :  85
Initializing...
maxdom : 10
D->valSize : 344
Solving...
Blb : 2 (clique : 31)
currentSize : 31 <-- 0.004236 s
currentSize : 32 <-- 0.029666 s
currentSize : 33 <-- 0.058061 s
currentSize : 34 <-- 0.064512 s
currentSize : 35 <-- 0.106105 s
currentSize : 36 <-- 0.132832 s

maxsize : 36
nodes : 23172.000000
filtered : 185508.000000
time : 0.155267
