Parameters: GAD=1 vflib=1 dir=0 label=1 lowerbound=1 fileNameGp=../graphsdb/mcs70/m2D/m2Dr2/mcs70_m2Dr2_s70.A17 fileNameGt=../graphsdb/mcs70/m2D/m2Dr2/mcs70_m2Dr2_s70.B17
Reading graphs...
70 :  137
70 :  137
Initializing...
maxdom : 11
D->valSize : 396
Solving...
Blb : 2 (clique : 38)
currentSize : 38 <-- 0.003753 s
currentSize : 42 <-- 0.003983 s
currentSize : 43 <-- 0.004143 s
currentSize : 44 <-- 0.386411 s
currentSize : 45 <-- 0.386582 s
currentSize : 48 <-- 2.074464 s
currentSize : 49 <-- 2.074605 s

maxsize : 49
nodes : 611600.000000
filtered : 3579940.000000
time : 2.755981
