Parameters: GAD=1 vflib=1 dir=0 label=1 lowerbound=1 fileNameGp=../graphsdb/mcs70/m3D/m3Dr4/mcs70_m3Dr4_s90.A04 fileNameGt=../graphsdb/mcs70/m3D/m3Dr4/mcs70_m3Dr4_s90.B04
Reading graphs...
90 :  245
90 :  242
Initializing...
maxdom : 9
D->valSize : 576
Solving...
Blb : 2 (clique : 42)
currentSize : 42 <-- 0.011698 s
currentSize : 44 <-- 4.602837 s
currentSize : 45 <-- 4.610043 s
currentSize : 46 <-- 14.649620 s
currentSize : 47 <-- 68.801964 s
currentSize : 48 <-- 269.141235 s
currentSize : 52 <-- 406.697266 s
currentSize : 53 <-- 607.513855 s
currentSize : 54 <-- 607.516541 s
currentSize : 61 <-- 623.350952 s
currentSize : 64 <-- 679.224731 s

maxsize : 64
nodes : 125231163.000000
filtered : 956971596.000000
time : 698.535339
