Parameters: GAD=1 vflib=1 dir=0 label=1 lowerbound=1 fileNameGp=../graphsdb/mcs70/rand/r02/mcs70_r02_s70.A84 fileNameGt=../graphsdb/mcs70/rand/r02/mcs70_r02_s70.B84
Reading graphs...
70 :  871
70 :  875
Initializing...
maxdom : 9
D->valSize : 349
Solving...
Blb : 5 (clique : 9)
currentSize : 9 <-- 0.002976 s
currentSize : 10 <-- 0.003065 s
currentSize : 11 <-- 0.003097 s
currentSize : 14 <-- 0.007496 s
currentSize : 15 <-- 0.007888 s
currentSize : 34 <-- 0.011665 s
currentSize : 35 <-- 0.082317 s

maxsize : 35
nodes : 1763871.000000
filtered : 608028.000000
time : 5.130258
