Parameters: GAD=1 vflib=1 dir=0 label=1 lowerbound=1 fileNameGp=../graphsdb/mcs70/m3D/m3Dr6/mcs70_m3Dr6_s35.A30 fileNameGt=../graphsdb/mcs70/m3D/m3Dr6/mcs70_m3Dr6_s35.B30
Reading graphs...
35 :  90
35 :  88
Initializing...
maxdom : 8
D->valSize : 173
Solving...
Blb : 2 (clique : 14)
currentSize : 14 <-- 0.001095 s
currentSize : 16 <-- 0.001165 s
currentSize : 21 <-- 0.001237 s
currentSize : 22 <-- 0.001503 s
currentSize : 25 <-- 0.001806 s

maxsize : 25
nodes : 759.000000
filtered : 4698.000000
time : 0.003196
