Parameters: GAD=1 vflib=1 dir=0 label=1 lowerbound=1 fileNameGp=../graphsdb/mcs70/bvg/b09m/mcs70_b09m_s80.A59 fileNameGt=../graphsdb/mcs70/bvg/b09m/mcs70_b09m_s80.B59
Reading graphs...
80 :  354
80 :  357
Initializing...
maxdom : 9
D->valSize : 461
Solving...
Blb : 2 (clique : 25)
currentSize : 25 <-- 0.004615 s
currentSize : 28 <-- 0.004797 s
currentSize : 29 <-- 0.004853 s
currentSize : 37 <-- 0.004936 s
currentSize : 40 <-- 0.005064 s
currentSize : 45 <-- 0.058366 s
currentSize : 46 <-- 0.283734 s
currentSize : 47 <-- 0.966637 s
currentSize : 48 <-- 0.966803 s
currentSize : 49 <-- 0.966979 s
currentSize : 50 <-- 0.967167 s
currentSize : 53 <-- 1.366675 s
currentSize : 56 <-- 1.366896 s

maxsize : 56
nodes : 329767.000000
filtered : 2490005.000000
time : 1.639741
