Parameters: GAD=1 vflib=1 dir=0 label=1 lowerbound=1 fileNameGp=../graphsdb/mcs70/bvg/b03m/mcs70_b03m_s50.A18 fileNameGt=../graphsdb/mcs70/bvg/b03m/mcs70_b03m_s50.B18
Reading graphs...
50 :  75
50 :  75
Initializing...
maxdom : 11
D->valSize : 355
Solving...
Blb : 2 (clique : 26)
currentSize : 26 <-- 0.004505 s
currentSize : 29 <-- 0.055435 s
currentSize : 32 <-- 0.846796 s
currentSize : 33 <-- 1.522933 s
currentSize : 35 <-- 1.932927 s

maxsize : 35
nodes : 518125.000000
filtered : 5213208.000000
time : 2.493863
