Parameters: GAD=1 vflib=1 dir=0 label=1 lowerbound=1 fileNameGp=../graphsdb/mcs70/m2D/m2D/mcs70_m2D_s90.A00 fileNameGt=../graphsdb/mcs70/m2D/m2D/mcs70_m2D_s90.B00
Reading graphs...
90 :  161
90 :  161
Initializing...
maxdom : 9
D->valSize : 539
Solving...
Blb : 2 (clique : 51)
currentSize : 51 <-- 0.006566 s
currentSize : 56 <-- 0.006925 s
currentSize : 57 <-- 0.024827 s
currentSize : 58 <-- 0.024981 s
currentSize : 61 <-- 0.025142 s
currentSize : 62 <-- 692.814331 s
currentSize : 63 <-- 692.814575 s
currentSize : 64 <-- 692.816589 s

maxsize : 64
nodes : 262049393.000000
filtered : 1269816747.000000
time : 1348.328857
