Parameters: GAD=1 vflib=1 dir=0 label=1 lowerbound=1 fileNameGp=../graphsdb/mcs70/rand/r02/mcs70_r02_s30.A34 fileNameGt=../graphsdb/mcs70/rand/r02/mcs70_r02_s30.B34
Reading graphs...
30 :  150
30 :  156
Initializing...
maxdom : 6
D->valSize : 125
Solving...
Blb : 2 (clique : 6)
currentSize : 6 <-- 0.000735 s
currentSize : 7 <-- 0.000839 s
currentSize : 8 <-- 0.001269 s
currentSize : 9 <-- 0.001733 s
currentSize : 10 <-- 0.002159 s
currentSize : 12 <-- 0.002200 s
currentSize : 17 <-- 0.002434 s

maxsize : 17
nodes : 1671.000000
filtered : 8897.000000
time : 0.004675
