Parameters: GAD=1 vflib=1 dir=0 label=1 lowerbound=1 fileNameGp=../graphsdb/mcs70/m2D/m2D/mcs70_m2D_s80.A75 fileNameGt=../graphsdb/mcs70/m2D/m2D/mcs70_m2D_s80.B75
Reading graphs...
80 :  142
80 :  141
Initializing...
maxdom : 8
D->valSize : 432
Solving...
Blb : 2 (clique : 37)
currentSize : 37 <-- 0.004575 s
currentSize : 38 <-- 172.022751 s
currentSize : 39 <-- 1187.296021 s
currentSize : 40 <-- 1200.311646 s
currentSize : 41 <-- 1252.777832 s
currentSize : 42 <-- 1950.780640 s
currentSize : 43 <-- 1950.941528 s
currentSize : 44 <-- 1950.965210 s
currentSize : 45 <-- 1950.991699 s
currentSize : 46 <-- 2512.659180 s
currentSize : 47 <-- 2512.659424 s
currentSize : 48 <-- 2512.661621 s
currentSize : 49 <-- 2512.663574 s
currentSize : 50 <-- 2832.754395 s

TIMEOUT
maxsize : 50
nodes : 714244787.000000
filtered : 4412962640.000000
time : 3600.000000
