Parameters: GAD=1 vflib=1 dir=0 label=1 lowerbound=1 fileNameGp=../graphsdb/mcs70/bvg/b09m/mcs70_b09m_s50.A41 fileNameGt=../graphsdb/mcs70/bvg/b09m/mcs70_b09m_s50.B41
Reading graphs...
50 :  217
50 :  217
Initializing...
maxdom : 9
D->valSize : 332
Solving...
Blb : 2 (clique : 16)
currentSize : 16 <-- 0.004068 s
currentSize : 17 <-- 0.043348 s
currentSize : 18 <-- 0.043517 s
currentSize : 21 <-- 0.043575 s
currentSize : 24 <-- 0.043742 s
currentSize : 25 <-- 0.043782 s
currentSize : 26 <-- 0.077290 s
currentSize : 32 <-- 0.077432 s

maxsize : 32
nodes : 44894.000000
filtered : 321229.000000
time : 0.177423
