Parameters: GAD=1 vflib=1 dir=0 label=1 lowerbound=1 fileNameGp=../graphsdb/mcs70/m2D/m2Dr4/mcs70_m2Dr4_s100.A73 fileNameGt=../graphsdb/mcs70/m2D/m2Dr4/mcs70_m2Dr4_s100.B73
Reading graphs...
100 :  219
100 :  219
Initializing...
maxdom : 7
D->valSize : 361
Solving...
Blb : 3 (clique : 40)
currentSize : 40 <-- 0.004069 s
currentSize : 41 <-- 66.211174 s
currentSize : 42 <-- 169.349762 s
currentSize : 43 <-- 169.358002 s
currentSize : 44 <-- 174.852264 s
currentSize : 45 <-- 189.898453 s
currentSize : 46 <-- 191.299698 s
currentSize : 47 <-- 207.091263 s
currentSize : 48 <-- 217.454361 s
currentSize : 49 <-- 217.468613 s
currentSize : 50 <-- 217.469284 s
currentSize : 51 <-- 243.534958 s
currentSize : 53 <-- 257.629059 s
currentSize : 54 <-- 263.797546 s
currentSize : 56 <-- 263.799316 s
currentSize : 57 <-- 279.662292 s
currentSize : 58 <-- 376.159851 s
currentSize : 60 <-- 376.165131 s
currentSize : 61 <-- 494.367737 s
currentSize : 62 <-- 534.400208 s
currentSize : 63 <-- 620.691528 s
currentSize : 65 <-- 620.693054 s

maxsize : 65
nodes : 134475610.000000
filtered : 575589990.000000
time : 712.258118
