Parameters: GAD=1 vflib=1 dir=0 label=1 lowerbound=1 fileNameGp=../graphsdb/mcs70/bvg/b03m/mcs70_b03m_s35.A03 fileNameGt=../graphsdb/mcs70/bvg/b03m/mcs70_b03m_s35.B03
Reading graphs...
35 :  52
35 :  52
Initializing...
maxdom : 7
D->valSize : 153
Solving...
Blb : 2 (clique : 13)
currentSize : 13 <-- 0.000888 s
currentSize : 14 <-- 0.005013 s
currentSize : 15 <-- 0.005083 s
currentSize : 16 <-- 0.005320 s
currentSize : 18 <-- 0.012776 s
currentSize : 19 <-- 0.012822 s
currentSize : 20 <-- 0.012865 s
currentSize : 21 <-- 0.041468 s
currentSize : 22 <-- 0.041518 s
currentSize : 23 <-- 0.050669 s
currentSize : 24 <-- 0.058218 s

maxsize : 24
nodes : 29761.000000
filtered : 155393.000000
time : 0.085613
