Parameters: GAD=1 vflib=1 dir=0 label=1 lowerbound=1 fileNameGp=../graphsdb/mcs70/bvg/b03/mcs70_b03_s70.A72 fileNameGt=../graphsdb/mcs70/bvg/b03/mcs70_b03_s70.B72
Reading graphs...
70 :  105
70 :  105
Initializing...
maxdom : 8
D->valSize : 332
Solving...
Blb : 2 (clique : 29)
currentSize : 29 <-- 0.004721 s
currentSize : 30 <-- 0.006933 s
currentSize : 31 <-- 0.061339 s
currentSize : 32 <-- 0.090852 s
currentSize : 33 <-- 0.170742 s
currentSize : 34 <-- 0.170816 s
currentSize : 35 <-- 0.170978 s
currentSize : 36 <-- 1.227924 s
currentSize : 37 <-- 4.885488 s
currentSize : 38 <-- 9.341965 s
currentSize : 39 <-- 9.342497 s
currentSize : 40 <-- 9.354680 s
currentSize : 41 <-- 13.705136 s
currentSize : 42 <-- 14.172123 s
currentSize : 43 <-- 14.172223 s
currentSize : 44 <-- 18.275539 s
currentSize : 47 <-- 23.724001 s
currentSize : 48 <-- 25.190340 s

maxsize : 48
nodes : 6070719.000000
filtered : 34914405.000000
time : 28.819468
