Parameters: GAD=1 vflib=1 dir=0 label=1 lowerbound=1 fileNameGp=../graphsdb/mcs70/bvg/b03m/mcs70_b03m_s80.A74 fileNameGt=../graphsdb/mcs70/bvg/b03m/mcs70_b03m_s80.B74
Reading graphs...
80 :  118
80 :  120
Initializing...
maxdom : 8
D->valSize : 431
Solving...
Blb : 2 (clique : 49)
currentSize : 49 <-- 0.007484 s
currentSize : 50 <-- 0.008332 s
currentSize : 51 <-- 20.500896 s
currentSize : 52 <-- 468.562805 s
currentSize : 53 <-- 468.571899 s
currentSize : 54 <-- 749.050659 s
currentSize : 55 <-- 1005.445068 s
currentSize : 56 <-- 1388.769287 s
currentSize : 57 <-- 1388.774414 s

maxsize : 57
nodes : 343903661.000000
filtered : 1485976718.000000
time : 1557.597778
