Parameters: GAD=1 vflib=1 dir=0 label=1 lowerbound=1 fileNameGp=../graphsdb/mcs70/bvg/b03/mcs70_b03_s80.A75 fileNameGt=../graphsdb/mcs70/bvg/b03/mcs70_b03_s80.B75
Reading graphs...
80 :  120
80 :  120
Initializing...
maxdom : 8
D->valSize : 431
Solving...
Blb : 2 (clique : 41)
currentSize : 41 <-- 0.004484 s
currentSize : 42 <-- 0.098964 s
currentSize : 43 <-- 0.104891 s
currentSize : 44 <-- 0.355303 s
currentSize : 45 <-- 0.355450 s
currentSize : 46 <-- 181.604858 s
currentSize : 47 <-- 352.331177 s
currentSize : 48 <-- 353.271393 s
currentSize : 49 <-- 811.544189 s
currentSize : 50 <-- 1143.999756 s
currentSize : 51 <-- 1144.171509 s
currentSize : 52 <-- 1144.173584 s
currentSize : 53 <-- 1146.666748 s
currentSize : 54 <-- 2035.973022 s
currentSize : 55 <-- 2035.973145 s
currentSize : 56 <-- 2035.984131 s
currentSize : 57 <-- 2465.086426 s

maxsize : 57
nodes : 496593805.000000
filtered : 2956379416.000000
time : 2539.014404
