Parameters: GAD=1 vflib=1 dir=0 label=1 lowerbound=1 fileNameGp=../graphsdb/mcs70/bvg/b03m/mcs70_b03m_s40.A45 fileNameGt=../graphsdb/mcs70/bvg/b03m/mcs70_b03m_s40.B45
Reading graphs...
40 :  60
40 :  60
Initializing...
maxdom : 6
D->valSize : 219
Solving...
Blb : 3 (clique : 20)
currentSize : 20 <-- 0.001259 s
currentSize : 21 <-- 0.014720 s
currentSize : 23 <-- 0.020733 s
currentSize : 25 <-- 0.133588 s
currentSize : 27 <-- 0.133651 s
currentSize : 28 <-- 0.192029 s

maxsize : 28
nodes : 73627.000000
filtered : 513408.000000
time : 0.240462
