Parameters: GAD=1 vflib=1 dir=0 label=1 lowerbound=1 fileNameGp=../graphsdb/mcs70/m3D/m3Dr2/mcs70_m3Dr2_s40.A97 fileNameGt=../graphsdb/mcs70/m3D/m3Dr2/mcs70_m3Dr2_s40.B97
Reading graphs...
40 :  92
40 :  91
Initializing...
maxdom : 8
D->valSize : 212
Solving...
Blb : 2 (clique : 16)
currentSize : 16 <-- 0.001332 s
currentSize : 17 <-- 0.001799 s
currentSize : 18 <-- 0.024292 s
currentSize : 19 <-- 0.134524 s
currentSize : 20 <-- 0.134574 s
currentSize : 21 <-- 0.135523 s
currentSize : 22 <-- 0.218963 s
currentSize : 24 <-- 0.295054 s
currentSize : 27 <-- 0.312623 s

maxsize : 27
nodes : 85775.000000
filtered : 646717.000000
time : 0.338383
