Parameters: GAD=1 vflib=1 dir=0 label=1 lowerbound=1 fileNameGp=../graphsdb/mcs70/bvg/b03/mcs70_b03_s70.A69 fileNameGt=../graphsdb/mcs70/bvg/b03/mcs70_b03_s70.B69
Reading graphs...
70 :  105
70 :  105
Initializing...
maxdom : 7
D->valSize : 316
Solving...
Blb : 2 (clique : 42)
currentSize : 42 <-- 0.002831 s
currentSize : 43 <-- 0.003081 s
currentSize : 44 <-- 126.287292 s
currentSize : 45 <-- 126.287392 s
currentSize : 47 <-- 129.206192 s
currentSize : 48 <-- 129.206284 s

maxsize : 48
nodes : 32163732.000000
filtered : 161297556.000000
time : 145.012436
