Parameters: GAD=1 vflib=1 dir=0 label=1 lowerbound=1 fileNameGp=../graphsdb/mcs70/m2D/m2Dr2/mcs70_m2Dr2_s60.A22 fileNameGt=../graphsdb/mcs70/m2D/m2Dr2/mcs70_m2Dr2_s60.B22
Reading graphs...
60 :  116
60 :  115
Initializing...
maxdom : 6
D->valSize : 246
Solving...
Blb : 5 (clique : 24)
currentSize : 24 <-- 0.002851 s
currentSize : 25 <-- 0.003071 s
currentSize : 27 <-- 0.004624 s
currentSize : 29 <-- 0.006219 s
currentSize : 31 <-- 0.720295 s
currentSize : 33 <-- 2.523320 s
currentSize : 34 <-- 2.586692 s
currentSize : 35 <-- 2.648495 s
currentSize : 36 <-- 4.032328 s

maxsize : 36
nodes : 1761424.000000
filtered : 6614214.000000
time : 6.715576
