Parameters: GAD=1 vflib=1 dir=0 label=1 lowerbound=1 fileNameGp=../graphsdb/mcs70/m2D/m2Dr2/mcs70_m2Dr2_s50.A61 fileNameGt=../graphsdb/mcs70/m2D/m2Dr2/mcs70_m2Dr2_s50.B61
Reading graphs...
50 :  95
50 :  94
Initializing...
maxdom : 9
D->valSize : 329
Solving...
Blb : 2 (clique : 26)
currentSize : 26 <-- 0.003872 s
currentSize : 31 <-- 0.004125 s
currentSize : 32 <-- 0.008831 s
currentSize : 33 <-- 0.017689 s
currentSize : 34 <-- 0.030229 s
currentSize : 35 <-- 0.030359 s
currentSize : 36 <-- 0.033600 s
currentSize : 37 <-- 0.039866 s

maxsize : 37
nodes : 19890.000000
filtered : 157835.000000
time : 0.098662
