Parameters: GAD=1 vflib=1 dir=0 label=1 lowerbound=1 fileNameGp=../graphsdb/mcs70/bvg/b03/mcs70_b03_s50.A24 fileNameGt=../graphsdb/mcs70/bvg/b03/mcs70_b03_s50.B24
Reading graphs...
50 :  75
50 :  75
Initializing...
maxdom : 16
D->valSize : 433
Solving...
Blb : 2 (clique : 27)
currentSize : 27 <-- 0.003698 s
currentSize : 28 <-- 0.003857 s
currentSize : 29 <-- 0.004131 s
currentSize : 30 <-- 0.004208 s
currentSize : 31 <-- 0.004347 s
currentSize : 34 <-- 0.004462 s
currentSize : 35 <-- 0.005455 s

maxsize : 35
nodes : 43346.000000
filtered : 311700.000000
time : 0.181188
