Parameters: GAD=1 vflib=1 dir=0 label=1 lowerbound=1 fileNameGp=../graphsdb/mcs70/m2D/m2Dr6/mcs70_m2Dr6_s60.A89 fileNameGt=../graphsdb/mcs70/m2D/m2Dr6/mcs70_m2Dr6_s60.B89
Reading graphs...
60 :  139
60 :  140
Initializing...
maxdom : 8
D->valSize : 244
Solving...
Blb : 5 (clique : 23)
currentSize : 23 <-- 0.002867 s
currentSize : 24 <-- 0.013402 s
currentSize : 25 <-- 0.013999 s
currentSize : 26 <-- 0.030631 s
currentSize : 27 <-- 0.472804 s
currentSize : 28 <-- 0.472921 s
currentSize : 29 <-- 0.493573 s
currentSize : 30 <-- 0.494496 s
currentSize : 31 <-- 1.349829 s
currentSize : 32 <-- 1.349968 s
currentSize : 33 <-- 3.558552 s
currentSize : 37 <-- 3.558761 s

maxsize : 37
nodes : 862759.000000
filtered : 6615298.000000
time : 3.795049
