Parameters: GAD=1 vflib=1 dir=0 label=1 lowerbound=1 fileNameGp=../graphsdb/mcs70/rand/r01/mcs70_r01_s90.A89 fileNameGt=../graphsdb/mcs70/rand/r01/mcs70_r01_s90.B89
Reading graphs...
90 :  754
90 :  761
Initializing...
maxdom : 9
D->valSize : 543
Solving...
Blb : 2 (clique : 13)
currentSize : 13 <-- 0.005992 s
currentSize : 14 <-- 0.006178 s
currentSize : 15 <-- 0.009686 s
currentSize : 16 <-- 0.054709 s
currentSize : 17 <-- 0.060981 s
currentSize : 18 <-- 0.072361 s
currentSize : 19 <-- 0.079061 s
currentSize : 21 <-- 0.079139 s
currentSize : 23 <-- 0.119634 s
currentSize : 24 <-- 0.124967 s
currentSize : 27 <-- 0.125225 s
currentSize : 35 <-- 0.198046 s
currentSize : 36 <-- 0.198152 s
currentSize : 37 <-- 0.318992 s
currentSize : 42 <-- 0.389098 s
currentSize : 43 <-- 0.389223 s
currentSize : 53 <-- 0.707876 s
currentSize : 54 <-- 0.708127 s

maxsize : 54
nodes : 4501533.000000
filtered : 6522871.000000
time : 16.752043
