Parameters: GAD=1 vflib=1 dir=0 label=1 lowerbound=1 fileNameGp=../graphsdb/mcs70/bvg/b09/mcs70_b09_s40.A60 fileNameGt=../graphsdb/mcs70/bvg/b09/mcs70_b09_s40.B60
Reading graphs...
40 :  177
40 :  177
Initializing...
maxdom : 10
D->valSize : 240
Solving...
Blb : 5 (clique : 8)
currentSize : 8 <-- 0.001457 s
currentSize : 9 <-- 0.001736 s
currentSize : 10 <-- 0.002106 s
currentSize : 15 <-- 0.002149 s
currentSize : 18 <-- 0.002554 s
currentSize : 28 <-- 0.002878 s

maxsize : 28
nodes : 472.000000
filtered : 6391.000000
time : 0.003273
