Parameters: GAD=1 vflib=1 dir=0 label=1 lowerbound=1 fileNameGp=../graphsdb/mcs70/rand/r005/mcs70_r005_s50.A81 fileNameGt=../graphsdb/mcs70/rand/r005/mcs70_r005_s50.B81
Reading graphs...
50 :  120
50 :  118
Initializing...
maxdom : 12
D->valSize : 374
Solving...
Blb : 2 (clique : 25)
currentSize : 25 <-- 0.002920 s
currentSize : 27 <-- 0.003455 s
currentSize : 28 <-- 0.003746 s
currentSize : 30 <-- 0.008039 s
currentSize : 31 <-- 0.008220 s
currentSize : 35 <-- 0.008305 s

maxsize : 35
nodes : 16968.000000
filtered : 214500.000000
time : 0.081637
