Parameters: GAD=1 vflib=1 dir=0 label=1 lowerbound=1 fileNameGp=../graphsdb/mcs70/m3D/m3Dr2/mcs70_m3Dr2_s35.A94 fileNameGt=../graphsdb/mcs70/m3D/m3Dr2/mcs70_m3Dr2_s35.B94
Reading graphs...
35 :  78
35 :  79
Initializing...
maxdom : 6
D->valSize : 158
Solving...
Blb : 3 (clique : 18)
currentSize : 18 <-- 0.001109 s
currentSize : 19 <-- 0.001235 s
currentSize : 20 <-- 0.001247 s
currentSize : 21 <-- 0.001275 s
currentSize : 22 <-- 0.006617 s
currentSize : 27 <-- 0.015637 s

maxsize : 27
nodes : 5606.000000
filtered : 31804.000000
time : 0.018778
