Parameters: GAD=1 vflib=1 dir=0 label=1 lowerbound=1 fileNameGp=../graphsdb/mcs70/bvg/b03/mcs70_b03_s100.A75 fileNameGt=../graphsdb/mcs70/bvg/b03/mcs70_b03_s100.B75
Reading graphs...
100 :  150
100 :  150
Initializing...
maxdom : 8
D->valSize : 369
Solving...
Blb : 2 (clique : 48)
currentSize : 48 <-- 0.007431 s
currentSize : 49 <-- 0.008043 s
currentSize : 50 <-- 0.008266 s
currentSize : 52 <-- 0.008869 s
currentSize : 53 <-- 0.009076 s
currentSize : 56 <-- 0.010481 s
currentSize : 57 <-- 0.015538 s
currentSize : 60 <-- 5.748736 s
currentSize : 61 <-- 11.602406 s
currentSize : 62 <-- 12.877684 s
currentSize : 63 <-- 12.877856 s
currentSize : 64 <-- 12.994353 s
currentSize : 68 <-- 20.092356 s
currentSize : 71 <-- 27.677324 s

maxsize : 71
nodes : 51298186.000000
filtered : 185799959.000000
time : 280.866699
