Parameters: GAD=1 vflib=1 dir=0 label=1 lowerbound=1 fileNameGp=../graphsdb/mcs70/bvg/b09m/mcs70_b09m_s60.A86 fileNameGt=../graphsdb/mcs70/bvg/b09m/mcs70_b09m_s60.B86
Reading graphs...
60 :  262
60 :  264
Initializing...
maxdom : 10
D->valSize : 255
Solving...
Blb : 2 (clique : 17)
currentSize : 17 <-- 0.002844 s
currentSize : 18 <-- 0.003134 s
currentSize : 20 <-- 0.024350 s
currentSize : 23 <-- 0.025013 s
currentSize : 25 <-- 0.061908 s
currentSize : 27 <-- 0.062605 s
currentSize : 32 <-- 0.102723 s
currentSize : 33 <-- 0.103017 s
currentSize : 37 <-- 0.104489 s
currentSize : 38 <-- 0.104683 s

maxsize : 38
nodes : 63943.000000
filtered : 258572.000000
time : 0.271847
