Parameters: GAD=1 vflib=1 dir=0 label=1 lowerbound=1 fileNameGp=../graphsdb/mcs70/rand/r02/mcs70_r02_s80.A76 fileNameGt=../graphsdb/mcs70/rand/r02/mcs70_r02_s80.B76
Reading graphs...
80 :  1144
80 :  1145
Initializing...
maxdom : 8
D->valSize : 434
Solving...
Blb : 2 (clique : 36)
currentSize : 36 <-- 0.004183 s
currentSize : 37 <-- 0.010172 s
currentSize : 38 <-- 0.010235 s
currentSize : 39 <-- 0.090858 s
currentSize : 40 <-- 4.675193 s

maxsize : 40
nodes : 6389907.000000
filtered : 3353064.000000
time : 21.687803
