Parameters: GAD=1 vflib=1 dir=0 label=1 lowerbound=1 fileNameGp=../graphsdb/mcs70/m2D/m2D/mcs70_m2D_s25.A93 fileNameGt=../graphsdb/mcs70/m2D/m2D/mcs70_m2D_s25.B93
Reading graphs...
25 :  40
25 :  40
Initializing...
maxdom : 9
D->valSize : 169
Solving...
Blb : 2 (clique : 12)
currentSize : 12 <-- 0.001248 s
currentSize : 13 <-- 0.019491 s
currentSize : 14 <-- 0.073636 s
currentSize : 15 <-- 0.078072 s
currentSize : 16 <-- 0.093599 s

maxsize : 16
nodes : 29662.000000
filtered : 391165.000000
time : 0.100027
