Parameters: GAD=1 vflib=1 dir=0 label=1 lowerbound=1 fileNameGp=../graphsdb/mcs70/m2D/m2Dr6/mcs70_m2Dr6_s70.A76 fileNameGt=../graphsdb/mcs70/m2D/m2Dr6/mcs70_m2Dr6_s70.B76
Reading graphs...
70 :  162
70 :  160
Initializing...
maxdom : 7
D->valSize : 339
Solving...
Blb : 3 (clique : 31)
currentSize : 31 <-- 0.003039 s
currentSize : 32 <-- 2.786164 s
currentSize : 33 <-- 2.786354 s
currentSize : 35 <-- 2.786587 s
currentSize : 36 <-- 2.787118 s
currentSize : 37 <-- 3.836831 s
currentSize : 38 <-- 4.784373 s
currentSize : 40 <-- 7.610711 s
currentSize : 42 <-- 9.223251 s
currentSize : 43 <-- 10.324349 s
currentSize : 47 <-- 10.642597 s
currentSize : 48 <-- 10.642646 s

maxsize : 48
nodes : 2769086.000000
filtered : 14859270.000000
time : 12.396328
