Parameters: GAD=1 vflib=1 dir=0 label=1 lowerbound=1 fileNameGp=../graphsdb/mcs70/rand/r005/mcs70_r005_s80.A05 fileNameGt=../graphsdb/mcs70/rand/r005/mcs70_r005_s80.B05
Reading graphs...
80 :  308
80 :  308
Initializing...
maxdom : 9
D->valSize : 453
Solving...
Blb : 3 (clique : 24)
currentSize : 24 <-- 0.007341 s
currentSize : 28 <-- 0.098469 s
currentSize : 29 <-- 0.310270 s
currentSize : 30 <-- 0.422898 s
currentSize : 32 <-- 1.059422 s
currentSize : 33 <-- 1.273816 s
currentSize : 34 <-- 1.273920 s
currentSize : 35 <-- 1.863592 s
currentSize : 39 <-- 2.182661 s
currentSize : 41 <-- 2.182782 s
currentSize : 42 <-- 2.607050 s
currentSize : 46 <-- 2.676738 s
currentSize : 48 <-- 2.676859 s
currentSize : 53 <-- 3.405485 s
currentSize : 56 <-- 3.405617 s

maxsize : 56
nodes : 647768.000000
filtered : 5658600.000000
time : 3.545127
