Parameters: GAD=1 vflib=1 dir=0 label=1 lowerbound=1 fileNameGp=../graphsdb/mcs70/m2D/m2D/mcs70_m2D_s50.A40 fileNameGt=../graphsdb/mcs70/m2D/m2D/mcs70_m2D_s50.B40
Reading graphs...
50 :  85
50 :  85
Initializing...
maxdom : 10
D->valSize : 337
Solving...
Blb : 2 (clique : 26)
currentSize : 26 <-- 0.004142 s
currentSize : 31 <-- 0.004372 s
currentSize : 32 <-- 0.007475 s
currentSize : 35 <-- 0.632405 s
currentSize : 36 <-- 0.641278 s

maxsize : 36
nodes : 452198.000000
filtered : 2811958.000000
time : 2.003785
