Parameters: GAD=1 vflib=1 dir=0 label=1 lowerbound=1 fileNameGp=../graphsdb/mcs70/m3D/m3Dr6/mcs70_m3Dr6_s100.A71 fileNameGt=../graphsdb/mcs70/m3D/m3Dr6/mcs70_m3Dr6_s100.B71
Reading graphs...
100 :  294
100 :  295
Initializing...
maxdom : 7
D->valSize : 366
Solving...
Blb : 2 (clique : 51)
currentSize : 51 <-- 0.003903 s
currentSize : 56 <-- 0.012325 s
currentSize : 57 <-- 0.031896 s
currentSize : 60 <-- 3.778608 s
currentSize : 61 <-- 3.778817 s
currentSize : 64 <-- 3.826536 s

maxsize : 64
nodes : 9403524.000000
filtered : 37359379.000000
time : 49.395378
