Parameters: GAD=1 vflib=1 dir=0 label=1 lowerbound=1 fileNameGp=../graphsdb/mcs70/m3D/m3D/mcs70_m3D_s90.A90 fileNameGt=../graphsdb/mcs70/m3D/m3D/mcs70_m3D_s90.B90
Reading graphs...
90 :  209
90 :  209
Initializing...
maxdom : 9
D->valSize : 544
Solving...
Blb : 2 (clique : 52)
currentSize : 52 <-- 0.006365 s
currentSize : 53 <-- 14.391909 s
currentSize : 54 <-- 14.392018 s
currentSize : 55 <-- 337.472382 s
currentSize : 62 <-- 665.045105 s
currentSize : 63 <-- 665.045288 s
currentSize : 64 <-- 665.045410 s

maxsize : 64
nodes : 181180076.000000
filtered : 1148267338.000000
time : 934.459229
