Parameters: GAD=1 vflib=1 dir=0 label=1 lowerbound=1 fileNameGp=../graphsdb/mcs70/m2D/m2Dr2/mcs70_m2Dr2_s100.A93 fileNameGt=../graphsdb/mcs70/m2D/m2Dr2/mcs70_m2Dr2_s100.B93
Reading graphs...
100 :  200
100 :  200
Initializing...
maxdom : 8
D->valSize : 374
Solving...
Blb : 2 (clique : 44)
currentSize : 44 <-- 0.004129 s
currentSize : 45 <-- 0.004762 s
currentSize : 46 <-- 0.006098 s
currentSize : 48 <-- 0.066273 s
currentSize : 49 <-- 0.066349 s
currentSize : 50 <-- 0.066967 s
currentSize : 51 <-- 0.150384 s
currentSize : 53 <-- 0.150461 s
currentSize : 54 <-- 0.153383 s
currentSize : 55 <-- 375.159973 s
currentSize : 56 <-- 375.340027 s
currentSize : 57 <-- 500.142151 s
currentSize : 58 <-- 500.205933 s
currentSize : 59 <-- 581.522766 s
currentSize : 60 <-- 581.525879 s
currentSize : 61 <-- 828.083496 s
currentSize : 62 <-- 1474.327148 s
currentSize : 63 <-- 1475.187012 s
currentSize : 64 <-- 1694.943237 s
currentSize : 65 <-- 1694.982056 s

maxsize : 65
nodes : 383390391.000000
filtered : 1298786356.000000
time : 1862.761353
