Parameters: GAD=1 vflib=1 dir=0 label=1 lowerbound=1 fileNameGp=../graphsdb/mcs70/m2D/m2Dr6/mcs70_m2Dr6_s100.A40 fileNameGt=../graphsdb/mcs70/m2D/m2Dr6/mcs70_m2Dr6_s100.B40
Reading graphs...
100 :  240
100 :  238
Initializing...
maxdom : 8
D->valSize : 437
Solving...
Blb : 2 (clique : 42)
currentSize : 42 <-- 0.004918 s
currentSize : 43 <-- 0.005236 s
currentSize : 44 <-- 0.046110 s
currentSize : 45 <-- 0.126986 s
currentSize : 46 <-- 5.895904 s
currentSize : 47 <-- 5.896005 s
currentSize : 48 <-- 8.440150 s
currentSize : 49 <-- 61.345631 s
currentSize : 50 <-- 78.644180 s
currentSize : 51 <-- 78.654633 s
currentSize : 52 <-- 78.670670 s
currentSize : 53 <-- 135.741730 s
currentSize : 54 <-- 135.743454 s
currentSize : 57 <-- 135.989685 s
currentSize : 58 <-- 260.656189 s
currentSize : 60 <-- 267.253693 s
currentSize : 61 <-- 267.254120 s
currentSize : 62 <-- 390.486969 s
currentSize : 64 <-- 525.251404 s

maxsize : 64
nodes : 101796778.000000
filtered : 516328830.000000
time : 578.863770
