Parameters: GAD=1 vflib=1 dir=0 label=1 lowerbound=1 fileNameGp=../graphsdb/mcs70/bvg/b09/mcs70_b09_s35.A41 fileNameGt=../graphsdb/mcs70/bvg/b09/mcs70_b09_s35.B41
Reading graphs...
35 :  153
35 :  154
Initializing...
maxdom : 8
D->valSize : 178
Solving...
Blb : 2 (clique : 7)
currentSize : 7 <-- 0.000938 s
currentSize : 8 <-- 0.001004 s
currentSize : 10 <-- 0.001137 s
currentSize : 11 <-- 0.004184 s
currentSize : 12 <-- 0.004199 s
currentSize : 13 <-- 0.004227 s
currentSize : 15 <-- 0.004600 s
currentSize : 20 <-- 0.006868 s
currentSize : 24 <-- 0.006923 s

maxsize : 24
nodes : 2340.000000
filtered : 20313.000000
time : 0.008054
