Parameters: GAD=1 vflib=1 dir=0 label=1 lowerbound=1 fileNameGp=../graphsdb/mcs70/m3D/m3Dr2/mcs70_m3Dr2_s90.A27 fileNameGt=../graphsdb/mcs70/m3D/m3Dr2/mcs70_m3Dr2_s90.B27
Reading graphs...
90 :  224
90 :  225
Initializing...
maxdom : 9
D->valSize : 555
Solving...
Blb : 2 (clique : 32)
currentSize : 32 <-- 0.010873 s
currentSize : 48 <-- 0.011350 s
currentSize : 50 <-- 0.014391 s
currentSize : 51 <-- 0.014467 s
currentSize : 53 <-- 0.060780 s
currentSize : 54 <-- 0.063654 s
currentSize : 55 <-- 58.155273 s
currentSize : 57 <-- 58.155949 s
currentSize : 58 <-- 58.156410 s
currentSize : 59 <-- 323.154114 s
currentSize : 60 <-- 467.016998 s
currentSize : 62 <-- 467.017120 s
currentSize : 63 <-- 467.017334 s
currentSize : 64 <-- 467.018188 s

maxsize : 64
nodes : 90635031.000000
filtered : 586818281.000000
time : 511.234161
