Parameters: GAD=1 vflib=1 dir=0 label=1 lowerbound=1 fileNameGp=../graphsdb/mcs70/bvg/b06m/mcs70_b06m_s90.A68 fileNameGt=../graphsdb/mcs70/bvg/b06m/mcs70_b06m_s90.B68
Reading graphs...
90 :  267
90 :  264
Initializing...
maxdom : 13
D->valSize : 593
Solving...
Blb : 2 (clique : 50)
currentSize : 50 <-- 0.007568 s
currentSize : 53 <-- 0.007928 s
currentSize : 54 <-- 0.008662 s
currentSize : 55 <-- 0.008849 s
currentSize : 56 <-- 0.014144 s
currentSize : 57 <-- 100.181099 s
currentSize : 59 <-- 156.923019 s
currentSize : 61 <-- 156.923218 s
currentSize : 62 <-- 156.923660 s

maxsize : 62
nodes : 52713872.000000
filtered : 356680485.000000
time : 274.664917
