Parameters: GAD=1 vflib=1 dir=0 label=1 lowerbound=1 fileNameGp=../graphsdb/mcs70/bvg/b03m/mcs70_b03m_s100.A30 fileNameGt=../graphsdb/mcs70/bvg/b03m/mcs70_b03m_s100.B30
Reading graphs...
100 :  150
100 :  150
Initializing...
maxdom : 7
D->valSize : 392
Solving...
Blb : 2 (clique : 67)
currentSize : 67 <-- 0.007716 s
currentSize : 68 <-- 0.018216 s
currentSize : 69 <-- 0.054231 s
currentSize : 70 <-- 0.054481 s
currentSize : 71 <-- 0.065082 s
currentSize : 72 <-- 0.103638 s

maxsize : 72
nodes : 89169608.000000
filtered : 238078898.000000
time : 426.415955
