Parameters: GAD=1 vflib=1 dir=0 label=1 lowerbound=1 fileNameGp=../graphsdb/mcs70/bvg/b09m/mcs70_b09m_s70.A47 fileNameGt=../graphsdb/mcs70/bvg/b09m/mcs70_b09m_s70.B47
Reading graphs...
70 :  308
70 :  305
Initializing...
maxdom : 13
D->valSize : 370
Solving...
Blb : 2 (clique : 25)
currentSize : 25 <-- 0.004989 s
currentSize : 30 <-- 0.006589 s
currentSize : 32 <-- 0.006720 s
currentSize : 34 <-- 0.007035 s
currentSize : 36 <-- 0.031747 s
currentSize : 46 <-- 0.119642 s

maxsize : 46
nodes : 47053.000000
filtered : 152931.000000
time : 0.192033
