Parameters: GAD=1 vflib=1 dir=0 label=1 lowerbound=1 fileNameGp=../graphsdb/mcs70/bvg/b06/mcs70_b06_s90.A59 fileNameGt=../graphsdb/mcs70/bvg/b06/mcs70_b06_s90.B59
Reading graphs...
90 :  269
90 :  270
Initializing...
maxdom : 11
D->valSize : 570
Solving...
Blb : 2 (clique : 46)
currentSize : 46 <-- 0.007052 s
currentSize : 48 <-- 353.024139 s
currentSize : 49 <-- 770.362610 s
currentSize : 51 <-- 770.362915 s
currentSize : 54 <-- 771.534180 s
currentSize : 55 <-- 771.534363 s
currentSize : 56 <-- 771.534851 s
currentSize : 57 <-- 771.534973 s
currentSize : 63 <-- 1175.825073 s

maxsize : 63
nodes : 225513639.000000
filtered : 1580803016.000000
time : 1244.119385
