Parameters: GAD=1 vflib=1 dir=0 label=1 lowerbound=1 fileNameGp=../graphsdb/mcs70/bvg/b03/mcs70_b03_s90.A99 fileNameGt=../graphsdb/mcs70/bvg/b03/mcs70_b03_s90.B99
Reading graphs...
90 :  135
90 :  134
Initializing...
maxdom : 10
D->valSize : 564
Solving...
Blb : 2 (clique : 49)
currentSize : 49 <-- 0.006803 s
currentSize : 52 <-- 0.007201 s
currentSize : 53 <-- 0.017956 s
currentSize : 55 <-- 0.109847 s
currentSize : 59 <-- 0.192432 s
currentSize : 60 <-- 0.747894 s
currentSize : 63 <-- 0.766286 s

maxsize : 63
nodes : 240610170.000000
filtered : 1570148708.000000
time : 1378.104736
