Parameters: GAD=1 vflib=1 dir=0 label=1 lowerbound=1 fileNameGp=../graphsdb/mcs70/bvg/b09/mcs70_b09_s80.A67 fileNameGt=../graphsdb/mcs70/bvg/b09/mcs70_b09_s80.B67
Reading graphs...
80 :  355
80 :  358
Initializing...
maxdom : 8
D->valSize : 414
Solving...
Blb : 2 (clique : 38)
currentSize : 38 <-- 0.006286 s
currentSize : 39 <-- 0.075588 s
currentSize : 40 <-- 0.075720 s
currentSize : 42 <-- 0.337119 s
currentSize : 43 <-- 0.337207 s
currentSize : 44 <-- 1.785688 s
currentSize : 45 <-- 1.785799 s
currentSize : 46 <-- 3.509185 s
currentSize : 56 <-- 4.957105 s

maxsize : 56
nodes : 1210104.000000
filtered : 6481756.000000
time : 5.434861
