Parameters: GAD=1 vflib=1 dir=0 label=1 lowerbound=1 fileNameGp=../graphsdb/mcs70/bvg/b06m/mcs70_b06m_s100.A87 fileNameGt=../graphsdb/mcs70/bvg/b06m/mcs70_b06m_s100.B87
Reading graphs...
100 :  297
100 :  298
Initializing...
maxdom : 7
D->valSize : 378
Solving...
Blb : 3 (clique : 47)
currentSize : 47 <-- 0.004036 s
currentSize : 50 <-- 0.004390 s
currentSize : 51 <-- 0.043567 s
currentSize : 52 <-- 0.043697 s
currentSize : 58 <-- 0.140534 s
currentSize : 60 <-- 0.217679 s
currentSize : 61 <-- 6.929920 s
currentSize : 65 <-- 6.930251 s
currentSize : 69 <-- 7.332023 s

maxsize : 69
nodes : 5929466.000000
filtered : 29376917.000000
time : 34.065067
