Parameters: GAD=1 vflib=1 dir=0 label=1 lowerbound=1 fileNameGp=../graphsdb/mcs70/bvg/b09m/mcs70_b09m_s80.A89 fileNameGt=../graphsdb/mcs70/bvg/b09m/mcs70_b09m_s80.B89
Reading graphs...
80 :  357
80 :  355
Initializing...
maxdom : 12
D->valSize : 493
Solving...
Blb : 3 (clique : 25)
currentSize : 25 <-- 0.004965 s
currentSize : 37 <-- 0.005184 s
currentSize : 38 <-- 0.005303 s
currentSize : 39 <-- 0.158958 s
currentSize : 41 <-- 0.166194 s
currentSize : 42 <-- 0.166426 s
currentSize : 43 <-- 0.325672 s
currentSize : 45 <-- 0.446825 s
currentSize : 46 <-- 0.447119 s
currentSize : 47 <-- 0.447299 s
currentSize : 48 <-- 0.910739 s
currentSize : 49 <-- 0.910924 s
currentSize : 50 <-- 0.911140 s
currentSize : 52 <-- 0.943421 s
currentSize : 53 <-- 0.943621 s
currentSize : 54 <-- 0.943893 s
currentSize : 56 <-- 1.065251 s

maxsize : 56
nodes : 224832.000000
filtered : 2420064.000000
time : 1.276066
