Parameters: GAD=1 vflib=1 dir=0 label=1 lowerbound=1 fileNameGp=../graphsdb/mcs70/bvg/b03/mcs70_b03_s90.A11 fileNameGt=../graphsdb/mcs70/bvg/b03/mcs70_b03_s90.B11
Reading graphs...
90 :  135
90 :  135
Initializing...
maxdom : 15
D->valSize : 594
Solving...
Blb : 2 (clique : 47)
currentSize : 47 <-- 0.007542 s
currentSize : 48 <-- 0.008250 s
currentSize : 49 <-- 0.019547 s
currentSize : 50 <-- 0.137450 s
currentSize : 51 <-- 0.137480 s
currentSize : 52 <-- 0.309934 s
currentSize : 53 <-- 0.309949 s
currentSize : 54 <-- 1.034679 s
currentSize : 55 <-- 1.822916 s

TIMEOUT
maxsize : 55
nodes : 724988968.000000
filtered : 4479747047.000000
time : 3600.000000
