Parameters: GAD=1 vflib=1 dir=0 label=1 lowerbound=1 fileNameGp=../graphsdb/mcs70/bvg/b06/mcs70_b06_s20.A73 fileNameGt=../graphsdb/mcs70/bvg/b06/mcs70_b06_s20.B73
Reading graphs...
20 :  59
20 :  60
Initializing...
maxdom : 6
D->valSize : 105
Solving...
Blb : 2 (clique : 7)
currentSize : 7 <-- 0.000552 s
currentSize : 9 <-- 0.000657 s
currentSize : 11 <-- 0.000953 s
currentSize : 12 <-- 0.001097 s
currentSize : 13 <-- 0.001259 s
currentSize : 14 <-- 0.001285 s

maxsize : 14
nodes : 347.000000
filtered : 3733.000000
time : 0.001463
