Parameters: GAD=1 vflib=1 dir=0 label=1 lowerbound=1 fileNameGp=../graphsdb/mcs70/bvg/b03m/mcs70_b03m_s70.A28 fileNameGt=../graphsdb/mcs70/bvg/b03m/mcs70_b03m_s70.B28
Reading graphs...
70 :  105
70 :  105
Initializing...
maxdom : 7
D->valSize : 323
Solving...
Blb : 2 (clique : 35)
currentSize : 35 <-- 0.004322 s
currentSize : 41 <-- 0.004710 s
currentSize : 42 <-- 0.005070 s
currentSize : 43 <-- 0.162635 s
currentSize : 44 <-- 0.620668 s
currentSize : 45 <-- 25.508615 s
currentSize : 46 <-- 25.509798 s
currentSize : 47 <-- 25.875290 s
currentSize : 48 <-- 26.984596 s

maxsize : 48
nodes : 14696331.000000
filtered : 51146986.000000
time : 55.629063
