Parameters: GAD=1 vflib=1 dir=0 label=1 lowerbound=1 fileNameGp=../graphsdb/mcs70/bvg/b09/mcs70_b09_s50.A85 fileNameGt=../graphsdb/mcs70/bvg/b09/mcs70_b09_s50.B85
Reading graphs...
50 :  224
50 :  222
Initializing...
maxdom : 9
D->valSize : 320
Solving...
Blb : 5 (clique : 10)
currentSize : 10 <-- 0.003475 s
currentSize : 11 <-- 0.003770 s
currentSize : 12 <-- 0.004347 s
currentSize : 13 <-- 0.004523 s
currentSize : 14 <-- 0.005838 s
currentSize : 15 <-- 0.008826 s
currentSize : 16 <-- 0.009199 s
currentSize : 17 <-- 0.011077 s
currentSize : 18 <-- 0.016572 s
currentSize : 21 <-- 0.019752 s
currentSize : 22 <-- 0.048965 s
currentSize : 27 <-- 0.075408 s
currentSize : 30 <-- 0.075967 s
currentSize : 31 <-- 0.099276 s
currentSize : 34 <-- 0.114186 s

maxsize : 34
nodes : 27775.000000
filtered : 334525.000000
time : 0.147971
