Parameters: GAD=1 vflib=1 dir=0 label=1 lowerbound=1 fileNameGp=../graphsdb/mcs70/rand/r01/mcs70_r01_s90.A73 fileNameGt=../graphsdb/mcs70/rand/r01/mcs70_r01_s90.B73
Reading graphs...
90 :  756
90 :  749
Initializing...
maxdom : 11
D->valSize : 560
Solving...
Blb : 2 (clique : 13)
currentSize : 13 <-- 0.006178 s
currentSize : 14 <-- 0.006373 s
currentSize : 15 <-- 0.007018 s
currentSize : 16 <-- 0.007068 s
currentSize : 17 <-- 0.007187 s
currentSize : 19 <-- 0.017717 s
currentSize : 20 <-- 0.018356 s
currentSize : 21 <-- 0.033217 s
currentSize : 22 <-- 0.040743 s
currentSize : 25 <-- 0.040851 s
currentSize : 27 <-- 0.050687 s
currentSize : 28 <-- 0.050805 s
currentSize : 29 <-- 0.054998 s
currentSize : 30 <-- 0.070625 s
currentSize : 35 <-- 0.071240 s
currentSize : 36 <-- 0.071736 s
currentSize : 44 <-- 0.090941 s
currentSize : 45 <-- 0.259930 s
currentSize : 51 <-- 0.371445 s
currentSize : 52 <-- 0.371940 s

maxsize : 52
nodes : 1613603.000000
filtered : 6044822.000000
time : 6.947036
