Parameters: GAD=1 vflib=1 dir=0 label=1 lowerbound=1 fileNameGp=../graphsdb/mcs70/rand/r005/mcs70_r005_s30.A50 fileNameGt=../graphsdb/mcs70/rand/r005/mcs70_r005_s30.B50
Reading graphs...
30 :  40
30 :  42
Initializing...
maxdom : 10
D->valSize : 144
Solving...
Blb : 2 (clique : 16)
currentSize : 16 <-- 0.000813 s
currentSize : 17 <-- 0.000891 s
currentSize : 18 <-- 0.001529 s
currentSize : 19 <-- 0.001542 s
currentSize : 20 <-- 0.001601 s
currentSize : 22 <-- 0.001704 s

maxsize : 22
nodes : 504.000000
filtered : 3058.000000
time : 0.002082
