Parameters: GAD=1 vflib=1 dir=0 label=1 lowerbound=1 fileNameGp=../graphsdb/mcs70/m2D/m2Dr2/mcs70_m2Dr2_s50.A54 fileNameGt=../graphsdb/mcs70/m2D/m2Dr2/mcs70_m2Dr2_s50.B54
Reading graphs...
50 :  93
50 :  92
Initializing...
maxdom : 9
D->valSize : 329
Solving...
Blb : 2 (clique : 21)
currentSize : 21 <-- 0.002473 s
currentSize : 23 <-- 0.003644 s
currentSize : 24 <-- 0.068724 s
currentSize : 25 <-- 0.068826 s
currentSize : 26 <-- 0.088135 s
currentSize : 27 <-- 0.088563 s
currentSize : 28 <-- 0.088614 s
currentSize : 30 <-- 0.155182 s
currentSize : 31 <-- 0.174389 s
currentSize : 32 <-- 0.205136 s
currentSize : 34 <-- 0.207675 s
currentSize : 35 <-- 0.208000 s
currentSize : 36 <-- 0.276924 s
currentSize : 37 <-- 0.276976 s

maxsize : 37
nodes : 82828.000000
filtered : 674172.000000
time : 0.340012
