Parameters: GAD=1 vflib=1 dir=0 label=1 lowerbound=1 fileNameGp=../graphsdb/mcs70/rand/r02/mcs70_r02_s70.A50 fileNameGt=../graphsdb/mcs70/rand/r02/mcs70_r02_s70.B50
Reading graphs...
70 :  867
70 :  855
Initializing...
maxdom : 6
D->valSize : 331
Solving...
Blb : 2 (clique : 7)
currentSize : 7 <-- 0.004158 s
currentSize : 9 <-- 0.005060 s
currentSize : 21 <-- 0.006303 s
currentSize : 22 <-- 0.011293 s
currentSize : 24 <-- 0.016720 s
currentSize : 25 <-- 0.016876 s
currentSize : 38 <-- 0.021583 s
currentSize : 39 <-- 0.039936 s

maxsize : 39
nodes : 30921.000000
filtered : 89795.000000
time : 0.109746
