Parameters: GAD=1 vflib=1 dir=0 label=1 lowerbound=1 fileNameGp=../graphsdb/mcs70/m2D/m2Dr4/mcs70_m2Dr4_s35.A89 fileNameGt=../graphsdb/mcs70/m2D/m2Dr4/mcs70_m2Dr4_s35.B89
Reading graphs...
35 :  70
35 :  68
Initializing...
maxdom : 8
D->valSize : 166
Solving...
Blb : 3 (clique : 15)
currentSize : 15 <-- 0.001028 s
currentSize : 16 <-- 0.002303 s
currentSize : 17 <-- 0.002362 s
currentSize : 18 <-- 0.007138 s
currentSize : 19 <-- 0.007186 s
currentSize : 20 <-- 0.008209 s
currentSize : 21 <-- 0.008866 s
currentSize : 22 <-- 0.012428 s
currentSize : 24 <-- 0.013214 s
currentSize : 26 <-- 0.013248 s

maxsize : 26
nodes : 4068.000000
filtered : 31589.000000
time : 0.014826
