Parameters: GAD=1 vflib=1 dir=0 label=1 lowerbound=1 fileNameGp=../graphsdb/mcs70/bvg/b03/mcs70_b03_s60.A32 fileNameGt=../graphsdb/mcs70/bvg/b03/mcs70_b03_s60.B32
Reading graphs...
60 :  90
60 :  90
Initializing...
maxdom : 10
D->valSize : 306
Solving...
Blb : 2 (clique : 36)
currentSize : 36 <-- 0.002539 s
currentSize : 37 <-- 0.008257 s
currentSize : 38 <-- 0.008283 s
currentSize : 39 <-- 0.548081 s
currentSize : 40 <-- 9.428381 s
currentSize : 41 <-- 9.437693 s
currentSize : 42 <-- 9.462524 s

maxsize : 42
nodes : 5866050.000000
filtered : 20480703.000000
time : 21.174744
