Parameters: GAD=1 vflib=1 dir=0 label=1 lowerbound=1 fileNameGp=../graphsdb/mcs70/bvg/b03m/mcs70_b03m_s20.A10 fileNameGt=../graphsdb/mcs70/bvg/b03m/mcs70_b03m_s20.B10
Reading graphs...
20 :  30
20 :  29
Initializing...
maxdom : 7
D->valSize : 115
Solving...
Blb : 2 (clique : 8)
currentSize : 8 <-- 0.000570 s
currentSize : 11 <-- 0.000606 s
currentSize : 12 <-- 0.000628 s
currentSize : 13 <-- 0.000869 s
currentSize : 14 <-- 0.001016 s

maxsize : 14
nodes : 220.000000
filtered : 2352.000000
time : 0.001155
