Parameters: GAD=1 vflib=1 dir=0 label=1 lowerbound=1 fileNameGp=../graphsdb/mcs70/bvg/b06/mcs70_b06_s60.A35 fileNameGt=../graphsdb/mcs70/bvg/b06/mcs70_b06_s60.B35
Reading graphs...
60 :  179
60 :  180
Initializing...
maxdom : 7
D->valSize : 250
Solving...
Blb : 3 (clique : 19)
currentSize : 19 <-- 0.002955 s
currentSize : 22 <-- 0.003875 s
currentSize : 23 <-- 0.004667 s
currentSize : 24 <-- 0.010546 s
currentSize : 25 <-- 0.017235 s
currentSize : 26 <-- 0.060961 s
currentSize : 27 <-- 0.061968 s
currentSize : 29 <-- 0.143451 s
currentSize : 31 <-- 0.143618 s
currentSize : 32 <-- 0.385422 s
currentSize : 34 <-- 0.385488 s
currentSize : 35 <-- 0.494895 s
currentSize : 37 <-- 0.495319 s
currentSize : 42 <-- 0.495550 s

maxsize : 42
nodes : 139713.000000
filtered : 699861.000000
time : 0.553907
