Parameters: GAD=1 vflib=1 dir=0 label=1 lowerbound=1 fileNameGp=../graphsdb/mcs70/rand/r01/mcs70_r01_s50.A84 fileNameGt=../graphsdb/mcs70/rand/r01/mcs70_r01_s50.B84
Reading graphs...
50 :  232
50 :  232
Initializing...
maxdom : 11
D->valSize : 342
Solving...
Blb : 2 (clique : 14)
currentSize : 14 <-- 0.002367 s
currentSize : 15 <-- 0.007713 s
currentSize : 17 <-- 0.051211 s
currentSize : 18 <-- 0.058594 s
currentSize : 22 <-- 0.087210 s
currentSize : 28 <-- 0.128386 s
currentSize : 33 <-- 0.128487 s

maxsize : 33
nodes : 31309.000000
filtered : 460717.000000
time : 0.141907
