Parameters: GAD=1 vflib=1 dir=0 label=1 lowerbound=1 fileNameGp=../graphsdb/mcs70/m3D/m3Dr4/mcs70_m3Dr4_s90.A89 fileNameGt=../graphsdb/mcs70/m3D/m3Dr4/mcs70_m3Dr4_s90.B89
Reading graphs...
90 :  244
90 :  242
Initializing...
maxdom : 9
D->valSize : 533
Solving...
Blb : 3 (clique : 47)
currentSize : 47 <-- 0.006250 s
currentSize : 48 <-- 3.470854 s
currentSize : 49 <-- 15.416307 s
currentSize : 53 <-- 115.006149 s
currentSize : 55 <-- 163.239319 s
currentSize : 56 <-- 163.727783 s
currentSize : 61 <-- 163.727966 s
currentSize : 63 <-- 226.920532 s

maxsize : 63
nodes : 47845723.000000
filtered : 312400745.000000
time : 253.965851
