Parameters: GAD=1 vflib=1 dir=0 label=1 lowerbound=1 fileNameGp=../graphsdb/mcs70/m2D/m2Dr2/mcs70_m2Dr2_s60.A38 fileNameGt=../graphsdb/mcs70/m2D/m2Dr2/mcs70_m2Dr2_s60.B38
Reading graphs...
60 :  114
60 :  114
Initializing...
maxdom : 6
D->valSize : 233
Solving...
Blb : 2 (clique : 27)
currentSize : 27 <-- 0.001888 s
currentSize : 28 <-- 0.127868 s
currentSize : 29 <-- 3.041649 s
currentSize : 31 <-- 3.045112 s
currentSize : 32 <-- 3.066526 s
currentSize : 33 <-- 5.757580 s
currentSize : 34 <-- 5.763050 s
currentSize : 35 <-- 5.763440 s

maxsize : 35
nodes : 2983442.000000
filtered : 11685580.000000
time : 11.521311
