Parameters: GAD=1 vflib=1 dir=0 label=1 lowerbound=1 fileNameGp=../graphsdb/mcs70/m2D/m2Dr2/mcs70_m2Dr2_s100.A87 fileNameGt=../graphsdb/mcs70/m2D/m2Dr2/mcs70_m2Dr2_s100.B87
Reading graphs...
100 :  199
100 :  199
Initializing...
maxdom : 7
D->valSize : 388
Solving...
Blb : 3 (clique : 58)
currentSize : 58 <-- 0.004239 s
currentSize : 59 <-- 0.006815 s
currentSize : 60 <-- 0.100537 s
currentSize : 61 <-- 0.396082 s
currentSize : 62 <-- 0.426046 s
currentSize : 63 <-- 113.633934 s
currentSize : 64 <-- 114.019165 s
currentSize : 65 <-- 114.044273 s

maxsize : 65
nodes : 96284827.000000
filtered : 502092830.000000
time : 544.900818
