Parameters: GAD=1 vflib=1 dir=0 label=1 lowerbound=1 fileNameGp=../graphsdb/mcs70/rand/r02/mcs70_r02_s80.A15 fileNameGt=../graphsdb/mcs70/rand/r02/mcs70_r02_s80.B15
Reading graphs...
80 :  1136
80 :  1145
Initializing...
maxdom : 10
D->valSize : 452
Solving...
Blb : 2 (clique : 10)
currentSize : 10 <-- 0.004083 s
currentSize : 11 <-- 0.004178 s
currentSize : 19 <-- 0.004585 s
currentSize : 23 <-- 0.005914 s
currentSize : 25 <-- 0.012113 s
currentSize : 26 <-- 0.012207 s
currentSize : 27 <-- 0.015188 s
currentSize : 39 <-- 0.026048 s
currentSize : 40 <-- 0.026190 s
currentSize : 41 <-- 0.026816 s
currentSize : 42 <-- 0.031589 s

maxsize : 42
nodes : 294866.000000
filtered : 460883.000000
time : 1.206625
