Parameters: GAD=1 vflib=1 dir=0 label=1 lowerbound=1 fileNameGp=../graphsdb/mcs70/bvg/b03m/mcs70_b03m_s25.A58 fileNameGt=../graphsdb/mcs70/bvg/b03m/mcs70_b03m_s25.B58
Reading graphs...
25 :  36
25 :  36
Initializing...
maxdom : 10
D->valSize : 169
Solving...
Blb : 2 (clique : 10)
currentSize : 10 <-- 0.000838 s
currentSize : 11 <-- 0.001053 s
currentSize : 12 <-- 0.001396 s
currentSize : 13 <-- 0.005984 s
currentSize : 14 <-- 0.006030 s
currentSize : 15 <-- 0.014404 s
currentSize : 16 <-- 0.014413 s

maxsize : 16
nodes : 5535.000000
filtered : 47536.000000
time : 0.016172
