Parameters: GAD=1 vflib=1 dir=0 label=1 lowerbound=1 fileNameGp=../graphsdb/mcs70/bvg/b03m/mcs70_b03m_s100.A20 fileNameGt=../graphsdb/mcs70/bvg/b03m/mcs70_b03m_s100.B20
Reading graphs...
100 :  149
100 :  148
Initializing...
maxdom : 7
D->valSize : 398
Solving...
Blb : 2 (clique : 55)
currentSize : 55 <-- 0.004596 s
currentSize : 56 <-- 0.007011 s
currentSize : 57 <-- 0.014452 s
currentSize : 58 <-- 0.267443 s
currentSize : 59 <-- 0.279698 s
currentSize : 60 <-- 0.387335 s
currentSize : 61 <-- 1.794538 s
currentSize : 62 <-- 343.842865 s
currentSize : 63 <-- 343.844482 s
currentSize : 64 <-- 343.875305 s
currentSize : 65 <-- 345.275513 s
currentSize : 66 <-- 349.660736 s
currentSize : 67 <-- 518.080322 s
currentSize : 68 <-- 518.678650 s
currentSize : 69 <-- 520.295410 s
currentSize : 70 <-- 836.114746 s

maxsize : 70
nodes : 303325421.000000
filtered : 926862141.000000
time : 1543.544434
