Parameters: GAD=1 vflib=1 dir=0 label=1 lowerbound=1 fileNameGp=../graphsdb/mcs70/bvg/b09/mcs70_b09_s50.A19 fileNameGt=../graphsdb/mcs70/bvg/b09/mcs70_b09_s50.B19
Reading graphs...
50 :  223
50 :  225
Initializing...
maxdom : 10
D->valSize : 356
Solving...
Blb : 2 (clique : 21)
currentSize : 21 <-- 0.002569 s
currentSize : 22 <-- 0.002710 s
currentSize : 26 <-- 0.002988 s
currentSize : 27 <-- 0.003043 s
currentSize : 31 <-- 0.003114 s
currentSize : 32 <-- 0.003159 s
currentSize : 33 <-- 0.003241 s
currentSize : 34 <-- 0.003304 s

maxsize : 34
nodes : 8648.000000
filtered : 70767.000000
time : 0.035182
