Parameters: GAD=1 vflib=1 dir=0 label=1 lowerbound=1 fileNameGp=../graphsdb/mcs70/m3D/m3D/mcs70_m3D_s90.A10 fileNameGt=../graphsdb/mcs70/m3D/m3D/mcs70_m3D_s90.B10
Reading graphs...
90 :  209
90 :  208
Initializing...
maxdom : 10
D->valSize : 574
Solving...
Blb : 2 (clique : 44)
currentSize : 44 <-- 0.011672 s
currentSize : 46 <-- 0.012164 s
currentSize : 47 <-- 0.012381 s
currentSize : 48 <-- 0.012645 s
currentSize : 49 <-- 0.012896 s
currentSize : 51 <-- 19.861092 s
currentSize : 52 <-- 19.861320 s
currentSize : 54 <-- 19.861612 s
currentSize : 56 <-- 22.987017 s
currentSize : 60 <-- 22.987576 s
currentSize : 61 <-- 24.699539 s
currentSize : 62 <-- 33.529797 s
currentSize : 63 <-- 40.457489 s
currentSize : 64 <-- 47.760326 s
currentSize : 65 <-- 47.760494 s

maxsize : 65
nodes : 10261116.000000
filtered : 70270072.000000
time : 57.942657
