Parameters: GAD=1 vflib=1 dir=0 label=1 lowerbound=1 fileNameGp=../graphsdb/mcs70/rand/r02/mcs70_r02_s50.A26 fileNameGt=../graphsdb/mcs70/rand/r02/mcs70_r02_s50.B26
Reading graphs...
50 :  443
50 :  435
Initializing...
maxdom : 7
D->valSize : 323
Solving...
Blb : 2 (clique : 7)
currentSize : 7 <-- 0.002179 s
currentSize : 8 <-- 0.002344 s
currentSize : 9 <-- 0.002707 s
currentSize : 10 <-- 0.004278 s
currentSize : 14 <-- 0.004728 s
currentSize : 16 <-- 0.006782 s
currentSize : 22 <-- 0.007503 s
currentSize : 28 <-- 0.007890 s

maxsize : 28
nodes : 7772.000000
filtered : 53831.000000
time : 0.027712
