Parameters: GAD=1 vflib=1 dir=0 label=1 lowerbound=1 fileNameGp=../graphsdb/mcs70/bvg/b03/mcs70_b03_s60.A94 fileNameGt=../graphsdb/mcs70/bvg/b03/mcs70_b03_s60.B94
Reading graphs...
60 :  90
60 :  90
Initializing...
maxdom : 9
D->valSize : 286
Solving...
Blb : 2 (clique : 35)
currentSize : 35 <-- 0.003604 s
currentSize : 36 <-- 1.059185 s
currentSize : 38 <-- 1.059325 s
currentSize : 40 <-- 1.059615 s
currentSize : 41 <-- 2.712300 s
currentSize : 43 <-- 2.712507 s

maxsize : 43
nodes : 1043484.000000
filtered : 3844807.000000
time : 3.733883
