Parameters: GAD=1 vflib=1 dir=0 label=1 lowerbound=1 fileNameGp=../graphsdb/mcs70/rand/r005/mcs70_r005_s40.A91 fileNameGt=../graphsdb/mcs70/rand/r005/mcs70_r005_s40.B91
Reading graphs...
40 :  77
40 :  75
Initializing...
maxdom : 10
D->valSize : 258
Solving...
Blb : 2 (clique : 21)
currentSize : 21 <-- 0.001632 s
currentSize : 22 <-- 0.001752 s
currentSize : 23 <-- 0.001789 s
currentSize : 24 <-- 0.001887 s
currentSize : 26 <-- 0.056146 s
currentSize : 28 <-- 0.056220 s

maxsize : 28
nodes : 16047.000000
filtered : 191166.000000
time : 0.065817
