Parameters: GAD=1 vflib=1 dir=0 label=1 lowerbound=1 fileNameGp=../graphsdb/mcs70/m3D/m3Dr4/mcs70_m3Dr4_s100.A09 fileNameGt=../graphsdb/mcs70/m3D/m3Dr4/mcs70_m3Dr4_s100.B09
Reading graphs...
100 :  273
100 :  272
Initializing...
maxdom : 6
D->valSize : 343
Solving...
Blb : 2 (clique : 40)
currentSize : 40 <-- 0.005931 s
currentSize : 41 <-- 0.036558 s
currentSize : 42 <-- 0.055510 s
currentSize : 43 <-- 0.064879 s
currentSize : 44 <-- 0.064931 s
currentSize : 45 <-- 58.852768 s
currentSize : 46 <-- 137.408386 s
currentSize : 47 <-- 163.697830 s
currentSize : 48 <-- 339.666504 s
currentSize : 49 <-- 339.699127 s
currentSize : 50 <-- 353.184418 s
currentSize : 52 <-- 353.274567 s
currentSize : 53 <-- 353.300812 s
currentSize : 55 <-- 491.769135 s
currentSize : 56 <-- 589.647034 s
currentSize : 57 <-- 961.571045 s
currentSize : 58 <-- 1969.263062 s
currentSize : 59 <-- 1969.263184 s
currentSize : 61 <-- 1969.314087 s
currentSize : 62 <-- 1971.040527 s
currentSize : 63 <-- 2065.261719 s

TIMEOUT
maxsize : 63
nodes : 752193794.000000
filtered : 2139414995.000000
time : 3600.000000
