Parameters: GAD=1 vflib=1 dir=0 label=1 lowerbound=1 fileNameGp=../graphsdb/mcs70/bvg/b09m/mcs70_b09m_s100.A05 fileNameGt=../graphsdb/mcs70/bvg/b09m/mcs70_b09m_s100.B05
Reading graphs...
100 :  444
100 :  443
Initializing...
maxdom : 6
D->valSize : 342
Solving...
Blb : 2 (clique : 48)
currentSize : 48 <-- 0.005642 s
currentSize : 55 <-- 0.011016 s
currentSize : 57 <-- 0.071219 s
currentSize : 62 <-- 0.369943 s
currentSize : 63 <-- 0.379336 s
currentSize : 68 <-- 0.379713 s

maxsize : 68
nodes : 257591.000000
filtered : 1656130.000000
time : 1.637890
