Parameters: GAD=1 vflib=1 dir=0 label=1 lowerbound=1 fileNameGp=../graphsdb/mcs70/rand/r02/mcs70_r02_s60.A51 fileNameGt=../graphsdb/mcs70/rand/r02/mcs70_r02_s60.B51
Reading graphs...
60 :  635
60 :  635
Initializing...
maxdom : 8
D->valSize : 263
Solving...
Blb : 3 (clique : 8)
currentSize : 8 <-- 0.002595 s
currentSize : 9 <-- 0.003535 s
currentSize : 11 <-- 0.004344 s
currentSize : 12 <-- 0.004441 s
currentSize : 18 <-- 0.005145 s
currentSize : 19 <-- 0.006187 s
currentSize : 36 <-- 0.007814 s

maxsize : 36
nodes : 3927.000000
filtered : 29358.000000
time : 0.020980
