Parameters: GAD=1 vflib=1 dir=0 label=1 lowerbound=1 fileNameGp=../graphsdb/mcs70/m2D/m2D/mcs70_m2D_s25.A51 fileNameGt=../graphsdb/mcs70/m2D/m2D/mcs70_m2D_s25.B51
Reading graphs...
25 :  40
25 :  40
Initializing...
maxdom : 9
D->valSize : 163
Solving...
Blb : 2 (clique : 12)
currentSize : 12 <-- 0.000847 s
currentSize : 13 <-- 0.018461 s
currentSize : 14 <-- 0.033785 s
currentSize : 15 <-- 0.033816 s
currentSize : 16 <-- 0.033922 s

maxsize : 16
nodes : 10946.000000
filtered : 104164.000000
time : 0.036443
