Parameters: GAD=1 vflib=1 dir=0 label=1 lowerbound=1 fileNameGp=../graphsdb/mcs70/bvg/b03/mcs70_b03_s35.A38 fileNameGt=../graphsdb/mcs70/bvg/b03/mcs70_b03_s35.B38
Reading graphs...
35 :  52
35 :  52
Initializing...
maxdom : 15
D->valSize : 257
Solving...
Blb : 2 (clique : 18)
currentSize : 18 <-- 0.002405 s
currentSize : 19 <-- 0.002744 s
currentSize : 20 <-- 0.003277 s
currentSize : 21 <-- 0.003991 s
currentSize : 24 <-- 0.045952 s

maxsize : 24
nodes : 11710.000000
filtered : 85915.000000
time : 0.059907
