Parameters: GAD=1 vflib=1 dir=0 label=1 lowerbound=1 fileNameGp=../graphsdb/mcs70/m2D/m2Dr4/mcs70_m2Dr4_s70.A74 fileNameGt=../graphsdb/mcs70/m2D/m2Dr4/mcs70_m2Dr4_s70.B74
Reading graphs...
70 :  150
70 :  150
Initializing...
maxdom : 11
D->valSize : 364
Solving...
Blb : 2 (clique : 45)
currentSize : 45 <-- 0.003360 s
currentSize : 46 <-- 0.003624 s
currentSize : 47 <-- 0.007977 s
currentSize : 48 <-- 0.008075 s
currentSize : 49 <-- 0.008836 s

maxsize : 49
nodes : 745278.000000
filtered : 3511886.000000
time : 3.094156
