Parameters: GAD=1 vflib=1 dir=0 label=1 lowerbound=1 fileNameGp=../graphsdb/mcs70/bvg/b09/mcs70_b09_s35.A39 fileNameGt=../graphsdb/mcs70/bvg/b09/mcs70_b09_s35.B39
Reading graphs...
35 :  153
35 :  155
Initializing...
maxdom : 8
D->valSize : 171
Solving...
Blb : 3 (clique : 12)
currentSize : 12 <-- 0.001043 s
currentSize : 16 <-- 0.001292 s
currentSize : 18 <-- 0.001343 s
currentSize : 19 <-- 0.001723 s
currentSize : 24 <-- 0.002417 s

maxsize : 24
nodes : 423.000000
filtered : 6031.000000
time : 0.002626
