Parameters: GAD=1 vflib=1 dir=0 label=1 lowerbound=1 fileNameGp=../graphsdb/mcs70/bvg/b06/mcs70_b06_s80.A05 fileNameGt=../graphsdb/mcs70/bvg/b06/mcs70_b06_s80.B05
Reading graphs...
80 :  240
80 :  240
Initializing...
maxdom : 8
D->valSize : 460
Solving...
Blb : 2 (clique : 33)
currentSize : 33 <-- 0.004788 s
currentSize : 37 <-- 0.005080 s
currentSize : 38 <-- 0.019416 s
currentSize : 40 <-- 4.159141 s
currentSize : 42 <-- 4.164220 s
currentSize : 44 <-- 4.165071 s
currentSize : 47 <-- 14.435270 s
currentSize : 48 <-- 14.435598 s
currentSize : 54 <-- 14.440716 s
currentSize : 56 <-- 14.440926 s

maxsize : 56
nodes : 4321687.000000
filtered : 30342304.000000
time : 22.660757
