Parameters: GAD=1 vflib=1 dir=0 label=1 lowerbound=1 fileNameGp=../graphsdb/mcs70/rand/r01/mcs70_r01_s35.A46 fileNameGt=../graphsdb/mcs70/rand/r01/mcs70_r01_s35.B46
Reading graphs...
35 :  115
35 :  111
Initializing...
maxdom : 10
D->valSize : 192
Solving...
Blb : 2 (clique : 10)
currentSize : 10 <-- 0.001065 s
currentSize : 11 <-- 0.002051 s
currentSize : 12 <-- 0.002886 s
currentSize : 13 <-- 0.003262 s
currentSize : 14 <-- 0.004357 s
currentSize : 15 <-- 0.004383 s
currentSize : 16 <-- 0.004894 s
currentSize : 17 <-- 0.007710 s
currentSize : 18 <-- 0.007761 s
currentSize : 19 <-- 0.009245 s
currentSize : 24 <-- 0.009293 s

maxsize : 24
nodes : 2762.000000
filtered : 33618.000000
time : 0.010755
