Parameters: GAD=1 vflib=1 dir=0 label=1 lowerbound=1 fileNameGp=../graphsdb/mcs70/rand/r005/mcs70_r005_s80.A80 fileNameGt=../graphsdb/mcs70/rand/r005/mcs70_r005_s80.B80
Reading graphs...
80 :  306
80 :  302
Initializing...
maxdom : 9
D->valSize : 441
Solving...
Blb : 3 (clique : 34)
currentSize : 34 <-- 0.004791 s
currentSize : 38 <-- 0.005099 s
currentSize : 40 <-- 0.006315 s
currentSize : 44 <-- 0.006601 s
currentSize : 45 <-- 0.010896 s
currentSize : 49 <-- 0.011069 s
currentSize : 51 <-- 0.012793 s
currentSize : 56 <-- 0.013202 s

maxsize : 56
nodes : 39720.000000
filtered : 461982.000000
time : 0.251074
