Parameters: GAD=1 vflib=1 dir=0 label=1 lowerbound=1 fileNameGp=../graphsdb/mcs70/m3D/m3Dr2/mcs70_m3Dr2_s100.A19 fileNameGt=../graphsdb/mcs70/m3D/m3Dr2/mcs70_m3Dr2_s100.B19
Reading graphs...
100 :  255
100 :  252
Initializing...
maxdom : 8
D->valSize : 383
Solving...
Blb : 3 (clique : 41)
currentSize : 41 <-- 0.004664 s
currentSize : 42 <-- 0.010885 s
currentSize : 43 <-- 0.012585 s
currentSize : 44 <-- 20.272734 s
currentSize : 45 <-- 24.628860 s
currentSize : 46 <-- 24.629929 s
currentSize : 47 <-- 25.230167 s
currentSize : 48 <-- 63.469013 s
currentSize : 49 <-- 63.875366 s
currentSize : 50 <-- 69.035019 s
currentSize : 51 <-- 69.193634 s
currentSize : 52 <-- 83.258018 s
currentSize : 53 <-- 121.914963 s
currentSize : 54 <-- 169.537354 s
currentSize : 56 <-- 174.623718 s
currentSize : 57 <-- 302.277771 s
currentSize : 59 <-- 315.139832 s
currentSize : 61 <-- 363.615479 s
currentSize : 62 <-- 371.169159 s
currentSize : 64 <-- 371.170013 s

maxsize : 64
nodes : 74180937.000000
filtered : 335862444.000000
time : 405.957031
