Parameters: GAD=1 vflib=1 dir=0 label=1 lowerbound=1 fileNameGp=../graphsdb/mcs70/bvg/b09/mcs70_b09_s35.A30 fileNameGt=../graphsdb/mcs70/bvg/b09/mcs70_b09_s35.B30
Reading graphs...
35 :  155
35 :  155
Initializing...
maxdom : 8
D->valSize : 167
Solving...
Blb : 2 (clique : 9)
currentSize : 9 <-- 0.000947 s
currentSize : 10 <-- 0.001001 s
currentSize : 11 <-- 0.002447 s
currentSize : 12 <-- 0.004837 s
currentSize : 13 <-- 0.004859 s
currentSize : 16 <-- 0.005596 s
currentSize : 17 <-- 0.005614 s
currentSize : 21 <-- 0.006729 s
currentSize : 24 <-- 0.007874 s

maxsize : 24
nodes : 2677.000000
filtered : 24959.000000
time : 0.009025
