Parameters: GAD=1 vflib=1 dir=0 label=1 lowerbound=1 fileNameGp=../graphsdb/mcs70/rand/r005/mcs70_r005_s70.A75 fileNameGt=../graphsdb/mcs70/rand/r005/mcs70_r005_s70.B75
Reading graphs...
70 :  234
70 :  234
Initializing...
maxdom : 13
D->valSize : 411
Solving...
Blb : 2 (clique : 18)
currentSize : 18 <-- 0.003725 s
currentSize : 19 <-- 0.004497 s
currentSize : 20 <-- 0.004698 s
currentSize : 22 <-- 0.010031 s
currentSize : 23 <-- 0.010336 s
currentSize : 24 <-- 0.010445 s
currentSize : 26 <-- 0.049606 s
currentSize : 27 <-- 0.054089 s
currentSize : 29 <-- 0.054359 s
currentSize : 30 <-- 0.222801 s
currentSize : 34 <-- 0.227303 s
currentSize : 36 <-- 0.391595 s
currentSize : 40 <-- 0.391734 s
currentSize : 41 <-- 0.536394 s
currentSize : 48 <-- 0.774756 s

maxsize : 48
nodes : 179344.000000
filtered : 1270828.000000
time : 0.846546
