Parameters: GAD=1 vflib=1 dir=0 label=1 lowerbound=1 fileNameGp=../graphsdb/mcs70/bvg/b09m/mcs70_b09m_s60.A22 fileNameGt=../graphsdb/mcs70/bvg/b09m/mcs70_b09m_s60.B22
Reading graphs...
60 :  264
60 :  262
Initializing...
maxdom : 7
D->valSize : 259
Solving...
Blb : 3 (clique : 25)
currentSize : 25 <-- 0.002926 s
currentSize : 28 <-- 0.009354 s
currentSize : 29 <-- 0.010566 s
currentSize : 30 <-- 0.010904 s
currentSize : 31 <-- 0.021449 s
currentSize : 33 <-- 0.025532 s
currentSize : 35 <-- 0.056133 s
currentSize : 38 <-- 0.056199 s
currentSize : 41 <-- 0.057846 s

maxsize : 41
nodes : 24458.000000
filtered : 137099.000000
time : 0.115460
