Parameters: GAD=1 vflib=1 dir=0 label=1 lowerbound=1 fileNameGp=../graphsdb/mcs70/m2D/m2D/mcs70_m2D_s80.A38 fileNameGt=../graphsdb/mcs70/m2D/m2D/mcs70_m2D_s80.B38
Reading graphs...
80 :  142
80 :  141
Initializing...
maxdom : 9
D->valSize : 460
Solving...
Blb : 2 (clique : 39)
currentSize : 39 <-- 0.004897 s
currentSize : 40 <-- 6.944911 s
currentSize : 41 <-- 28.448132 s
currentSize : 42 <-- 28.448318 s
currentSize : 43 <-- 28.454781 s
currentSize : 44 <-- 28.455256 s
currentSize : 45 <-- 533.592712 s
currentSize : 46 <-- 533.592834 s
currentSize : 47 <-- 533.593994 s
currentSize : 48 <-- 1214.712280 s
currentSize : 49 <-- 1215.038452 s
currentSize : 50 <-- 1215.038452 s
currentSize : 51 <-- 1215.038818 s

maxsize : 51
nodes : 260183915.000000
filtered : 2375938294.000000
time : 1446.783325
