Parameters: GAD=1 vflib=1 dir=0 label=1 lowerbound=1 fileNameGp=../graphsdb/mcs70/bvg/b06/mcs70_b06_s25.A91 fileNameGt=../graphsdb/mcs70/bvg/b06/mcs70_b06_s25.B91
Reading graphs...
25 :  75
25 :  71
Initializing...
maxdom : 8
D->valSize : 174
Solving...
Blb : 5 (clique : 8)
currentSize : 8 <-- 0.000808 s
currentSize : 9 <-- 0.000872 s
currentSize : 14 <-- 0.001337 s
currentSize : 15 <-- 0.001385 s
currentSize : 16 <-- 0.002135 s
currentSize : 17 <-- 0.002170 s

maxsize : 17
nodes : 579.000000
filtered : 7871.000000
time : 0.002586
