Parameters: GAD=1 vflib=1 dir=0 label=1 lowerbound=1 fileNameGp=../graphsdb/mcs70/rand/r02/mcs70_r02_s20.A30 fileNameGt=../graphsdb/mcs70/rand/r02/mcs70_r02_s20.B30
Reading graphs...
20 :  67
20 :  69
Initializing...
maxdom : 8
D->valSize : 120
Solving...
Blb : 2 (clique : 5)
currentSize : 5 <-- 0.000583 s
currentSize : 6 <-- 0.000609 s
currentSize : 7 <-- 0.000687 s
currentSize : 10 <-- 0.000879 s
currentSize : 14 <-- 0.001059 s

maxsize : 14
nodes : 212.000000
filtered : 2795.000000
time : 0.001209
