Parameters: GAD=1 vflib=1 dir=0 label=1 lowerbound=1 fileNameGp=../graphsdb/mcs70/m2D/m2D/mcs70_m2D_s90.A49 fileNameGt=../graphsdb/mcs70/m2D/m2D/mcs70_m2D_s90.B49
Reading graphs...
90 :  160
90 :  161
Initializing...
maxdom : 9
D->valSize : 573
Solving...
Blb : 2 (clique : 51)
currentSize : 51 <-- 0.007014 s
currentSize : 53 <-- 0.010932 s
currentSize : 54 <-- 528.541016 s
currentSize : 55 <-- 2185.807129 s
currentSize : 58 <-- 2185.822754 s
currentSize : 59 <-- 2185.823242 s
currentSize : 60 <-- 2715.318115 s
currentSize : 62 <-- 2715.318604 s
currentSize : 63 <-- 2715.318604 s
currentSize : 64 <-- 2715.318848 s

maxsize : 64
nodes : 494278779.000000
filtered : 3461169363.000000
time : 2739.109375
