Parameters: GAD=1 vflib=1 dir=0 label=1 lowerbound=1 fileNameGp=../graphsdb/mcs70/bvg/b03m/mcs70_b03m_s100.A84 fileNameGt=../graphsdb/mcs70/bvg/b03m/mcs70_b03m_s100.B84
Reading graphs...
100 :  150
100 :  150
Initializing...
maxdom : 7
D->valSize : 408
Solving...
Blb : 2 (clique : 52)
currentSize : 52 <-- 0.004890 s
currentSize : 53 <-- 0.005393 s
currentSize : 54 <-- 0.005450 s
currentSize : 55 <-- 0.009163 s
currentSize : 57 <-- 0.009285 s
currentSize : 59 <-- 0.095686 s
currentSize : 60 <-- 0.208243 s
currentSize : 61 <-- 53.269375 s
currentSize : 62 <-- 430.834137 s
currentSize : 63 <-- 438.002777 s
currentSize : 64 <-- 438.153748 s
currentSize : 66 <-- 750.830383 s
currentSize : 67 <-- 750.830444 s
currentSize : 68 <-- 750.941895 s
currentSize : 69 <-- 1270.632202 s
currentSize : 70 <-- 1273.874634 s
currentSize : 71 <-- 1273.875122 s
currentSize : 72 <-- 1273.876587 s

maxsize : 72
nodes : 286962439.000000
filtered : 900641924.000000
time : 1434.281616
