Parameters: GAD=1 vflib=1 dir=0 label=1 lowerbound=1 fileNameGp=../graphsdb/mcs70/bvg/b03/mcs70_b03_s90.A95 fileNameGt=../graphsdb/mcs70/bvg/b03/mcs70_b03_s90.B95
Reading graphs...
90 :  135
90 :  135
Initializing...
maxdom : 10
D->valSize : 545
Solving...
Blb : 5 (clique : 42)
currentSize : 42 <-- 0.006672 s
currentSize : 50 <-- 0.007032 s
currentSize : 51 <-- 2.498960 s
currentSize : 54 <-- 3.044868 s
currentSize : 55 <-- 17.620928 s
currentSize : 56 <-- 17.621021 s

TIMEOUT
maxsize : 56
nodes : 667815004.000000
filtered : 3949384046.000000
time : 3600.000000
