Parameters: GAD=1 vflib=1 dir=0 label=1 lowerbound=1 fileNameGp=../graphsdb/mcs70/bvg/b06/mcs70_b06_s50.A74 fileNameGt=../graphsdb/mcs70/bvg/b06/mcs70_b06_s50.B74
Reading graphs...
50 :  149
50 :  150
Initializing...
maxdom : 12
D->valSize : 358
Solving...
Blb : 2 (clique : 13)
currentSize : 13 <-- 0.002658 s
currentSize : 14 <-- 0.003514 s
currentSize : 15 <-- 0.015252 s
currentSize : 16 <-- 0.019383 s
currentSize : 17 <-- 0.031556 s
currentSize : 18 <-- 0.038492 s
currentSize : 22 <-- 0.069139 s
currentSize : 23 <-- 0.079263 s
currentSize : 24 <-- 0.133439 s
currentSize : 27 <-- 0.265517 s
currentSize : 28 <-- 0.265573 s
currentSize : 29 <-- 0.266293 s
currentSize : 33 <-- 0.268277 s
currentSize : 34 <-- 0.268346 s
currentSize : 35 <-- 0.268545 s

maxsize : 35
nodes : 83289.000000
filtered : 869051.000000
time : 0.329526
