Parameters: GAD=1 vflib=1 dir=0 label=1 lowerbound=1 fileNameGp=../graphsdb/mcs70/bvg/b09m/mcs70_b09m_s70.A45 fileNameGt=../graphsdb/mcs70/bvg/b09m/mcs70_b09m_s70.B45
Reading graphs...
70 :  313
70 :  313
Initializing...
maxdom : 10
D->valSize : 392
Solving...
Blb : 2 (clique : 27)
currentSize : 27 <-- 0.005425 s
currentSize : 29 <-- 0.005721 s
currentSize : 30 <-- 0.006040 s
currentSize : 31 <-- 0.027445 s
currentSize : 32 <-- 0.027616 s
currentSize : 33 <-- 0.027715 s
currentSize : 34 <-- 0.030190 s
currentSize : 35 <-- 0.030607 s
currentSize : 36 <-- 0.030734 s
currentSize : 46 <-- 0.218572 s
currentSize : 47 <-- 0.218712 s

maxsize : 47
nodes : 507551.000000
filtered : 2222412.000000
time : 1.992491
