Parameters: GAD=1 vflib=1 dir=0 label=1 lowerbound=1 fileNameGp=../graphsdb/mcs70/m3D/m3Dr6/mcs70_m3Dr6_s90.A31 fileNameGt=../graphsdb/mcs70/m3D/m3Dr6/mcs70_m3Dr6_s90.B31
Reading graphs...
90 :  260
90 :  260
Initializing...
maxdom : 10
D->valSize : 574
Solving...
Blb : 2 (clique : 42)
currentSize : 42 <-- 0.011543 s
currentSize : 44 <-- 0.012050 s
currentSize : 45 <-- 0.012227 s
currentSize : 47 <-- 0.012564 s
currentSize : 48 <-- 0.012798 s
currentSize : 50 <-- 0.013166 s
currentSize : 51 <-- 0.013290 s
currentSize : 53 <-- 0.014915 s
currentSize : 55 <-- 0.015366 s
currentSize : 58 <-- 0.015721 s
currentSize : 60 <-- 0.021019 s
currentSize : 62 <-- 5.804878 s
currentSize : 64 <-- 5.808400 s

maxsize : 64
nodes : 8721605.000000
filtered : 52841990.000000
time : 48.906612
