Parameters: GAD=1 vflib=1 dir=0 label=1 lowerbound=1 fileNameGp=../graphsdb/mcs70/m3D/m3D/mcs70_m3D_s40.A20 fileNameGt=../graphsdb/mcs70/m3D/m3D/mcs70_m3D_s40.B20
Reading graphs...
40 :  83
40 :  83
Initializing...
maxdom : 7
D->valSize : 207
Solving...
Blb : 5 (clique : 17)
currentSize : 17 <-- 0.001209 s
currentSize : 18 <-- 0.080329 s
currentSize : 20 <-- 0.080546 s
currentSize : 21 <-- 0.196371 s
currentSize : 22 <-- 0.196534 s
currentSize : 24 <-- 0.202400 s
currentSize : 25 <-- 0.202510 s
currentSize : 26 <-- 0.207388 s
currentSize : 27 <-- 0.207763 s

maxsize : 27
nodes : 86431.000000
filtered : 521649.000000
time : 0.273649
