Parameters: GAD=1 vflib=1 dir=0 label=1 lowerbound=1 fileNameGp=../graphsdb/mcs70/m2D/m2Dr4/mcs70_m2Dr4_s25.A65 fileNameGt=../graphsdb/mcs70/m2D/m2Dr4/mcs70_m2Dr4_s25.B65
Reading graphs...
25 :  49
25 :  48
Initializing...
maxdom : 11
D->valSize : 185
Solving...
Blb : 2 (clique : 11)
currentSize : 11 <-- 0.000980 s
currentSize : 12 <-- 0.001251 s
currentSize : 13 <-- 0.004131 s
currentSize : 14 <-- 0.013075 s
currentSize : 16 <-- 0.022768 s

maxsize : 16
nodes : 7845.000000
filtered : 77846.000000
time : 0.024058
