Parameters: GAD=1 vflib=1 dir=0 label=1 lowerbound=1 fileNameGp=../graphsdb/mcs70/m2D/m2D/mcs70_m2D_s50.A20 fileNameGt=../graphsdb/mcs70/m2D/m2D/mcs70_m2D_s50.B20
Reading graphs...
50 :  85
50 :  85
Initializing...
maxdom : 12
D->valSize : 360
Solving...
Blb : 2 (clique : 30)
currentSize : 30 <-- 0.002768 s
currentSize : 31 <-- 0.002946 s
currentSize : 32 <-- 0.003022 s
currentSize : 33 <-- 0.003104 s
currentSize : 34 <-- 0.003144 s
currentSize : 35 <-- 0.003204 s
currentSize : 36 <-- 0.003413 s

maxsize : 36
nodes : 124480.000000
filtered : 948744.000000
time : 0.562797
