Parameters: GAD=1 vflib=1 dir=0 label=1 lowerbound=1 fileNameGp=../graphsdb/mcs70/bvg/b03/mcs70_b03_s100.A87 fileNameGt=../graphsdb/mcs70/bvg/b03/mcs70_b03_s100.B87
Reading graphs...
100 :  150
100 :  150
Initializing...
maxdom : 6
D->valSize : 378
Solving...
Blb : 2 (clique : 46)
currentSize : 46 <-- 0.004194 s
currentSize : 51 <-- 0.004542 s
currentSize : 52 <-- 0.004820 s
currentSize : 53 <-- 0.005633 s
currentSize : 54 <-- 0.006457 s
currentSize : 55 <-- 0.007423 s
currentSize : 56 <-- 0.035006 s
currentSize : 57 <-- 0.069303 s
currentSize : 58 <-- 0.069477 s
currentSize : 59 <-- 0.785007 s
currentSize : 60 <-- 0.936860 s
currentSize : 62 <-- 0.951279 s
currentSize : 64 <-- 1.552625 s
currentSize : 66 <-- 1.682286 s
currentSize : 67 <-- 10.988522 s
currentSize : 69 <-- 10.989993 s
currentSize : 70 <-- 52.672958 s

maxsize : 70
nodes : 227461074.000000
filtered : 857784991.000000
time : 1265.435913
