Parameters: GAD=1 vflib=1 dir=0 label=1 lowerbound=1 fileNameGp=../graphsdb/mcs70/m2D/m2Dr4/mcs70_m2Dr4_s100.A58 fileNameGt=../graphsdb/mcs70/m2D/m2Dr4/mcs70_m2Dr4_s100.B58
Reading graphs...
100 :  218
100 :  217
Initializing...
maxdom : 7
D->valSize : 403
Solving...
Blb : 3 (clique : 45)
currentSize : 45 <-- 0.007339 s
currentSize : 46 <-- 0.014099 s
currentSize : 47 <-- 0.014340 s
currentSize : 48 <-- 0.054990 s
currentSize : 49 <-- 0.055222 s
currentSize : 50 <-- 0.750832 s
currentSize : 51 <-- 20.974512 s
currentSize : 52 <-- 21.457296 s
currentSize : 53 <-- 21.457506 s
currentSize : 54 <-- 21.457708 s
currentSize : 55 <-- 21.535957 s
currentSize : 56 <-- 76.074722 s
currentSize : 57 <-- 79.649727 s
currentSize : 58 <-- 79.676743 s
currentSize : 59 <-- 218.709061 s
currentSize : 60 <-- 218.736176 s
currentSize : 61 <-- 328.740326 s
currentSize : 62 <-- 329.748749 s
currentSize : 63 <-- 329.748901 s
currentSize : 64 <-- 369.916168 s
currentSize : 65 <-- 369.916351 s

maxsize : 65
nodes : 90187717.000000
filtered : 365021945.000000
time : 488.451080
