Parameters: GAD=1 vflib=1 dir=0 label=1 lowerbound=1 fileNameGp=../graphsdb/mcs70/m2D/m2Dr4/mcs70_m2Dr4_s80.A43 fileNameGt=../graphsdb/mcs70/m2D/m2Dr4/mcs70_m2Dr4_s80.B43
Reading graphs...
80 :  173
80 :  172
Initializing...
maxdom : 9
D->valSize : 461
Solving...
Blb : 2 (clique : 35)
currentSize : 35 <-- 0.004864 s
currentSize : 36 <-- 0.005153 s
currentSize : 37 <-- 0.005386 s
currentSize : 38 <-- 0.008326 s
currentSize : 39 <-- 0.008523 s
currentSize : 40 <-- 0.019605 s
currentSize : 41 <-- 0.093256 s
currentSize : 42 <-- 0.299233 s
currentSize : 43 <-- 25.192827 s
currentSize : 44 <-- 25.193035 s
currentSize : 45 <-- 25.201342 s
currentSize : 46 <-- 25.299248 s
currentSize : 47 <-- 777.297913 s
currentSize : 48 <-- 777.380981 s
currentSize : 49 <-- 777.538696 s

maxsize : 49
nodes : 370393298.000000
filtered : 1699640482.000000
time : 1725.628662
