Parameters: GAD=1 vflib=1 dir=0 label=1 lowerbound=1 fileNameGp=../graphsdb/mcs70/bvg/b03m/mcs70_b03m_s70.A73 fileNameGt=../graphsdb/mcs70/bvg/b03m/mcs70_b03m_s70.B73
Reading graphs...
70 :  105
70 :  105
Initializing...
maxdom : 8
D->valSize : 351
Solving...
Blb : 3 (clique : 38)
currentSize : 38 <-- 0.003468 s
currentSize : 39 <-- 0.010121 s
currentSize : 40 <-- 0.010386 s
currentSize : 41 <-- 0.016237 s
currentSize : 42 <-- 0.646570 s
currentSize : 43 <-- 0.651534 s
currentSize : 44 <-- 1.444947 s
currentSize : 45 <-- 4.805798 s
currentSize : 46 <-- 4.811284 s
currentSize : 47 <-- 5.833349 s
currentSize : 48 <-- 5.833976 s

maxsize : 48
nodes : 2715606.000000
filtered : 14204937.000000
time : 13.236759
