Parameters: GAD=1 vflib=1 dir=0 label=1 lowerbound=1 fileNameGp=../graphsdb/mcs70/bvg/b09/mcs70_b09_s70.A74 fileNameGt=../graphsdb/mcs70/bvg/b09/mcs70_b09_s70.B74
Reading graphs...
70 :  312
70 :  311
Initializing...
maxdom : 10
D->valSize : 359
Solving...
Blb : 2 (clique : 38)
currentSize : 38 <-- 0.003205 s
currentSize : 41 <-- 0.003430 s
currentSize : 42 <-- 0.003550 s
currentSize : 44 <-- 0.006065 s
currentSize : 46 <-- 0.006191 s
currentSize : 48 <-- 0.006333 s

maxsize : 48
nodes : 106326.000000
filtered : 772365.000000
time : 0.513577
