Parameters: GAD=1 vflib=1 dir=0 label=1 lowerbound=1 fileNameGp=../graphsdb/mcs70/bvg/b06/mcs70_b06_s60.A48 fileNameGt=../graphsdb/mcs70/bvg/b06/mcs70_b06_s60.B48
Reading graphs...
60 :  180
60 :  176
Initializing...
maxdom : 9
D->valSize : 277
Solving...
Blb : 2 (clique : 23)
currentSize : 23 <-- 0.002138 s
currentSize : 25 <-- 0.002268 s
currentSize : 26 <-- 0.002384 s
currentSize : 27 <-- 0.002682 s
currentSize : 29 <-- 0.005292 s
currentSize : 31 <-- 0.010787 s
currentSize : 33 <-- 0.010865 s
currentSize : 34 <-- 0.017248 s
currentSize : 35 <-- 0.017522 s
currentSize : 37 <-- 0.324078 s
currentSize : 41 <-- 0.324164 s
currentSize : 42 <-- 0.324539 s

maxsize : 42
nodes : 134715.000000
filtered : 752315.000000
time : 0.523649
