Parameters: GAD=1 vflib=1 dir=0 label=1 lowerbound=1 fileNameGp=../graphsdb/mcs70/rand/r005/mcs70_r005_s90.A89 fileNameGt=../graphsdb/mcs70/rand/r005/mcs70_r005_s90.B89
Reading graphs...
90 :  390
90 :  390
Initializing...
maxdom : 10
D->valSize : 573
Solving...
Blb : 5 (clique : 27)
currentSize : 27 <-- 0.011075 s
currentSize : 28 <-- 1.144861 s
currentSize : 29 <-- 1.147848 s
currentSize : 30 <-- 1.514862 s
currentSize : 31 <-- 1.516505 s
currentSize : 32 <-- 1.516624 s
currentSize : 33 <-- 1.675617 s
currentSize : 35 <-- 1.676357 s
currentSize : 36 <-- 1.881336 s
currentSize : 37 <-- 2.093203 s
currentSize : 39 <-- 2.093425 s
currentSize : 40 <-- 2.144228 s
currentSize : 41 <-- 2.287842 s
currentSize : 43 <-- 2.622440 s
currentSize : 45 <-- 3.059410 s
currentSize : 46 <-- 3.445319 s
currentSize : 49 <-- 4.124699 s
currentSize : 52 <-- 5.042226 s
currentSize : 53 <-- 6.569641 s
currentSize : 54 <-- 8.004238 s
currentSize : 61 <-- 8.150986 s

maxsize : 61
nodes : 1610208.000000
filtered : 19096670.000000
time : 9.849577
