Parameters: GAD=1 vflib=1 dir=0 label=1 lowerbound=1 fileNameGp=../graphsdb/mcs70/bvg/b06/mcs70_b06_s35.A07 fileNameGt=../graphsdb/mcs70/bvg/b06/mcs70_b06_s35.B07
Reading graphs...
35 :  105
35 :  102
Initializing...
maxdom : 8
D->valSize : 185
Solving...
Blb : 3 (clique : 15)
currentSize : 15 <-- 0.001060 s
currentSize : 16 <-- 0.001120 s
currentSize : 17 <-- 0.001137 s
currentSize : 18 <-- 0.012900 s
currentSize : 24 <-- 0.021784 s

maxsize : 24
nodes : 7428.000000
filtered : 50968.000000
time : 0.025819
