Parameters: GAD=1 vflib=1 dir=0 label=1 lowerbound=1 fileNameGp=../graphsdb/mcs70/m2D/m2Dr4/mcs70_m2Dr4_s70.A57 fileNameGt=../graphsdb/mcs70/m2D/m2Dr4/mcs70_m2Dr4_s70.B57
Reading graphs...
70 :  151
70 :  150
Initializing...
maxdom : 8
D->valSize : 342
Solving...
Blb : 2 (clique : 26)
currentSize : 26 <-- 0.003046 s
currentSize : 29 <-- 0.003223 s
currentSize : 30 <-- 0.003354 s
currentSize : 32 <-- 0.003586 s
currentSize : 34 <-- 0.214505 s
currentSize : 36 <-- 0.214574 s
currentSize : 37 <-- 0.248190 s
currentSize : 38 <-- 0.375557 s
currentSize : 39 <-- 0.401399 s
currentSize : 41 <-- 0.547576 s
currentSize : 42 <-- 0.569612 s
currentSize : 44 <-- 0.585884 s
currentSize : 45 <-- 1.539264 s
currentSize : 46 <-- 1.548374 s
currentSize : 48 <-- 1.561548 s
currentSize : 49 <-- 1.562761 s

maxsize : 49
nodes : 421161.000000
filtered : 2006705.000000
time : 1.729621
