Parameters: GAD=1 vflib=1 dir=0 label=1 lowerbound=1 fileNameGp=../graphsdb/mcs70/m2D/m2Dr4/mcs70_m2Dr4_s60.A10 fileNameGt=../graphsdb/mcs70/m2D/m2Dr4/mcs70_m2Dr4_s60.B10
Reading graphs...
60 :  127
60 :  125
Initializing...
maxdom : 8
D->valSize : 253
Solving...
Blb : 2 (clique : 25)
currentSize : 25 <-- 0.001910 s
currentSize : 27 <-- 0.002079 s
currentSize : 29 <-- 0.003676 s
currentSize : 30 <-- 0.003848 s
currentSize : 31 <-- 0.004098 s
currentSize : 32 <-- 0.004275 s
currentSize : 33 <-- 0.056243 s
currentSize : 34 <-- 0.271821 s
currentSize : 35 <-- 0.272218 s
currentSize : 36 <-- 0.272252 s
currentSize : 37 <-- 0.275392 s

maxsize : 37
nodes : 863897.000000
filtered : 2736233.000000
time : 2.994721
