Parameters: GAD=1 vflib=1 dir=0 label=1 lowerbound=1 fileNameGp=../graphsdb/mcs70/bvg/b06m/mcs70_b06m_s100.A63 fileNameGt=../graphsdb/mcs70/bvg/b06m/mcs70_b06m_s100.B63
Reading graphs...
100 :  298
100 :  296
Initializing...
maxdom : 7
D->valSize : 404
Solving...
Blb : 2 (clique : 59)
currentSize : 59 <-- 0.007380 s
currentSize : 60 <-- 0.008039 s
currentSize : 61 <-- 0.478467 s
currentSize : 62 <-- 0.480348 s
currentSize : 63 <-- 0.480509 s
currentSize : 65 <-- 455.967926 s
currentSize : 67 <-- 455.973877 s
currentSize : 70 <-- 455.976685 s

maxsize : 70
nodes : 113246163.000000
filtered : 441344289.000000
time : 570.444031
