Parameters: GAD=1 vflib=1 dir=0 label=1 lowerbound=1 fileNameGp=../graphsdb/mcs70/bvg/b06/mcs70_b06_s100.A61 fileNameGt=../graphsdb/mcs70/bvg/b06/mcs70_b06_s100.B61
Reading graphs...
100 :  298
100 :  299
Initializing...
maxdom : 7
D->valSize : 370
Solving...
Blb : 3 (clique : 44)
currentSize : 44 <-- 0.004062 s
currentSize : 46 <-- 0.010123 s
currentSize : 47 <-- 0.054874 s
currentSize : 51 <-- 0.135538 s
currentSize : 53 <-- 0.135754 s
currentSize : 55 <-- 0.135996 s
currentSize : 59 <-- 0.146504 s
currentSize : 62 <-- 0.146731 s
currentSize : 67 <-- 0.148215 s
currentSize : 70 <-- 2.572154 s

maxsize : 70
nodes : 678061.000000
filtered : 3940026.000000
time : 4.244854
