Parameters: GAD=1 vflib=1 dir=0 label=1 lowerbound=1 fileNameGp=../graphsdb/mcs70/bvg/b03m/mcs70_b03m_s80.A19 fileNameGt=../graphsdb/mcs70/bvg/b03m/mcs70_b03m_s80.B19
Reading graphs...
80 :  119
80 :  119
Initializing...
maxdom : 9
D->valSize : 438
Solving...
Blb : 2 (clique : 48)
currentSize : 48 <-- 0.004656 s
currentSize : 49 <-- 0.004963 s
currentSize : 50 <-- 0.005023 s
currentSize : 51 <-- 0.005114 s
currentSize : 52 <-- 0.005223 s
currentSize : 54 <-- 0.005410 s
currentSize : 55 <-- 0.005513 s
currentSize : 56 <-- 0.013521 s

maxsize : 56
nodes : 67660865.000000
filtered : 359268039.000000
time : 350.200714
