Parameters: GAD=1 vflib=1 dir=0 label=1 lowerbound=1 fileNameGp=../graphsdb/mcs70/m2D/m2D/mcs70_m2D_s50.A92 fileNameGt=../graphsdb/mcs70/m2D/m2D/mcs70_m2D_s50.B92
Reading graphs...
50 :  85
50 :  85
Initializing...
maxdom : 11
D->valSize : 379
Solving...
Blb : 2 (clique : 24)
currentSize : 24 <-- 0.003097 s
currentSize : 25 <-- 0.006580 s
currentSize : 26 <-- 0.006744 s
currentSize : 29 <-- 0.276348 s
currentSize : 30 <-- 0.276396 s
currentSize : 31 <-- 0.363949 s
currentSize : 32 <-- 0.404201 s
currentSize : 36 <-- 0.404237 s

maxsize : 36
nodes : 124463.000000
filtered : 1120668.000000
time : 0.518347
