Parameters: GAD=1 vflib=1 dir=0 label=1 lowerbound=1 fileNameGp=../graphsdb/mcs70/m2D/m2D/mcs70_m2D_s35.A31 fileNameGt=../graphsdb/mcs70/m2D/m2D/mcs70_m2D_s35.B31
Reading graphs...
35 :  58
35 :  58
Initializing...
maxdom : 8
D->valSize : 201
Solving...
Blb : 3 (clique : 17)
currentSize : 17 <-- 0.001170 s
currentSize : 18 <-- 0.006639 s
currentSize : 20 <-- 0.013375 s
currentSize : 21 <-- 0.014111 s
currentSize : 22 <-- 0.015807 s
currentSize : 23 <-- 0.017371 s
currentSize : 25 <-- 0.018256 s

maxsize : 25
nodes : 7627.000000
filtered : 61444.000000
time : 0.025908
