Parameters: GAD=1 vflib=1 dir=0 label=1 lowerbound=1 fileNameGp=../graphsdb/mcs70/rand/r005/mcs70_r005_s80.A25 fileNameGt=../graphsdb/mcs70/rand/r005/mcs70_r005_s80.B25
Reading graphs...
80 :  309
80 :  308
Initializing...
maxdom : 9
D->valSize : 449
Solving...
Blb : 2 (clique : 22)
currentSize : 22 <-- 0.004415 s
currentSize : 24 <-- 0.004650 s
currentSize : 26 <-- 0.006968 s
currentSize : 27 <-- 0.227006 s
currentSize : 28 <-- 0.227304 s
currentSize : 29 <-- 5.913005 s
currentSize : 30 <-- 9.090839 s
currentSize : 31 <-- 9.104285 s
currentSize : 32 <-- 9.104837 s
currentSize : 33 <-- 10.524303 s
currentSize : 34 <-- 11.358322 s
currentSize : 35 <-- 11.359560 s
currentSize : 36 <-- 11.359684 s
currentSize : 38 <-- 12.038630 s
currentSize : 43 <-- 13.392329 s
currentSize : 44 <-- 13.764459 s
currentSize : 47 <-- 16.350109 s
currentSize : 49 <-- 16.469555 s
currentSize : 54 <-- 16.478592 s

maxsize : 54
nodes : 2997407.000000
filtered : 32342902.000000
time : 16.785248
