Parameters: GAD=1 vflib=1 dir=0 label=1 lowerbound=1 fileNameGp=../graphsdb/mcs70/m3D/m3Dr4/mcs70_m3Dr4_s90.A66 fileNameGt=../graphsdb/mcs70/m3D/m3Dr4/mcs70_m3Dr4_s90.B66
Reading graphs...
90 :  244
90 :  241
Initializing...
maxdom : 10
D->valSize : 585
Solving...
Blb : 2 (clique : 46)
currentSize : 46 <-- 0.007170 s
currentSize : 48 <-- 97.351852 s
currentSize : 50 <-- 152.412064 s
currentSize : 51 <-- 250.952911 s
currentSize : 56 <-- 294.935944 s
currentSize : 58 <-- 339.789856 s
currentSize : 64 <-- 392.212097 s

maxsize : 64
nodes : 77678466.000000
filtered : 545943699.000000
time : 409.237244
