Parameters: GAD=1 vflib=1 dir=0 label=1 lowerbound=1 fileNameGp=../graphsdb/mcs70/bvg/b06m/mcs70_b06m_s60.A76 fileNameGt=../graphsdb/mcs70/bvg/b06m/mcs70_b06m_s60.B76
Reading graphs...
60 :  177
60 :  176
Initializing...
maxdom : 6
D->valSize : 248
Solving...
Blb : 3 (clique : 31)
currentSize : 31 <-- 0.002950 s
currentSize : 32 <-- 0.004031 s
currentSize : 33 <-- 0.055578 s
currentSize : 35 <-- 0.140135 s
currentSize : 37 <-- 0.143521 s
currentSize : 38 <-- 0.143676 s
currentSize : 40 <-- 0.143959 s
currentSize : 41 <-- 0.156179 s

maxsize : 41
nodes : 59539.000000
filtered : 217073.000000
time : 0.242405
