Parameters: GAD=1 vflib=1 dir=0 label=1 lowerbound=1 fileNameGp=../graphsdb/mcs70/rand/r005/mcs70_r005_s50.A02 fileNameGt=../graphsdb/mcs70/rand/r005/mcs70_r005_s50.B02
Reading graphs...
50 :  119
50 :  118
Initializing...
maxdom : 12
D->valSize : 385
Solving...
Blb : 3 (clique : 18)
currentSize : 18 <-- 0.004914 s
currentSize : 31 <-- 0.005127 s
currentSize : 32 <-- 0.005229 s
currentSize : 33 <-- 0.005565 s
currentSize : 34 <-- 0.005681 s

maxsize : 34
nodes : 39500.000000
filtered : 384755.000000
time : 0.185403
