Parameters: GAD=1 vflib=1 dir=0 label=1 lowerbound=1 fileNameGp=../graphsdb/mcs70/m2D/m2Dr4/mcs70_m2Dr4_s40.A71 fileNameGt=../graphsdb/mcs70/m2D/m2Dr4/mcs70_m2Dr4_s40.B71
Reading graphs...
40 :  82
40 :  81
Initializing...
maxdom : 9
D->valSize : 219
Solving...
Blb : 2 (clique : 17)
currentSize : 17 <-- 0.002095 s
currentSize : 21 <-- 0.002270 s
currentSize : 23 <-- 0.002503 s
currentSize : 24 <-- 0.002765 s
currentSize : 26 <-- 0.002979 s

maxsize : 26
nodes : 2375.000000
filtered : 21972.000000
time : 0.015073
