Parameters: GAD=1 vflib=1 dir=0 label=1 lowerbound=1 fileNameGp=../graphsdb/mcs70/rand/r005/mcs70_r005_s40.A96 fileNameGt=../graphsdb/mcs70/rand/r005/mcs70_r005_s40.B96
Reading graphs...
40 :  74
40 :  75
Initializing...
maxdom : 9
D->valSize : 239
Solving...
Blb : 5 (clique : 19)
currentSize : 19 <-- 0.001568 s
currentSize : 20 <-- 0.001676 s
currentSize : 22 <-- 0.170241 s
currentSize : 25 <-- 0.176760 s
currentSize : 28 <-- 0.176832 s

maxsize : 28
nodes : 38876.000000
filtered : 453411.000000
time : 0.178743
