Parameters: GAD=1 vflib=1 dir=0 label=1 lowerbound=1 fileNameGp=../graphsdb/mcs70/bvg/b06m/mcs70_b06m_s90.A29 fileNameGt=../graphsdb/mcs70/bvg/b06m/mcs70_b06m_s90.B29
Reading graphs...
90 :  268
90 :  268
Initializing...
maxdom : 9
D->valSize : 517
Solving...
Blb : 2 (clique : 30)
currentSize : 30 <-- 0.005879 s
currentSize : 35 <-- 0.006139 s
currentSize : 37 <-- 0.006184 s
currentSize : 39 <-- 0.006817 s
currentSize : 43 <-- 0.007088 s
currentSize : 44 <-- 0.020470 s
currentSize : 50 <-- 24.974491 s
currentSize : 51 <-- 24.974615 s
currentSize : 53 <-- 24.974907 s
currentSize : 54 <-- 58.034286 s
currentSize : 55 <-- 58.034412 s
currentSize : 57 <-- 58.034756 s
currentSize : 58 <-- 76.124619 s
currentSize : 60 <-- 76.124886 s
currentSize : 61 <-- 120.921638 s

maxsize : 61
nodes : 31515252.000000
filtered : 183186570.000000
time : 174.184555
