Parameters: GAD=1 vflib=1 dir=0 label=1 lowerbound=1 fileNameGp=../graphsdb/mcs70/m3D/m3Dr4/mcs70_m3Dr4_s90.A34 fileNameGt=../graphsdb/mcs70/m3D/m3Dr4/mcs70_m3Dr4_s90.B34
Reading graphs...
90 :  244
90 :  243
Initializing...
maxdom : 9
D->valSize : 564
Solving...
Blb : 2 (clique : 49)
currentSize : 49 <-- 0.006918 s
currentSize : 50 <-- 0.007245 s
currentSize : 51 <-- 0.008541 s
currentSize : 52 <-- 0.014507 s
currentSize : 53 <-- 0.016034 s
currentSize : 54 <-- 0.033500 s
currentSize : 55 <-- 0.033594 s
currentSize : 56 <-- 0.036484 s
currentSize : 57 <-- 0.036582 s
currentSize : 59 <-- 6.643297 s
currentSize : 61 <-- 6.643438 s
currentSize : 62 <-- 6.643541 s
currentSize : 63 <-- 6.669790 s
currentSize : 64 <-- 6.669894 s

maxsize : 64
nodes : 10008648.000000
filtered : 73238867.000000
time : 56.920040
