Parameters: GAD=1 vflib=1 dir=0 label=1 lowerbound=1 fileNameGp=../graphsdb/mcs70/bvg/b06/mcs70_b06_s90.A37 fileNameGt=../graphsdb/mcs70/bvg/b06/mcs70_b06_s90.B37
Reading graphs...
90 :  268
90 :  269
Initializing...
maxdom : 10
D->valSize : 600
Solving...
Blb : 2 (clique : 57)
currentSize : 57 <-- 0.007418 s
currentSize : 60 <-- 13.981240 s
currentSize : 61 <-- 13.982387 s
currentSize : 62 <-- 265.113098 s
currentSize : 63 <-- 339.504242 s

maxsize : 63
nodes : 108677103.000000
filtered : 1038144057.000000
time : 637.937378
