Parameters: GAD=1 vflib=1 dir=0 label=1 lowerbound=1 fileNameGp=../graphsdb/mcs70/m2D/m2Dr2/mcs70_m2Dr2_s100.A74 fileNameGt=../graphsdb/mcs70/m2D/m2Dr2/mcs70_m2Dr2_s100.B74
Reading graphs...
100 :  198
100 :  198
Initializing...
maxdom : 8
D->valSize : 373
Solving...
Blb : 2 (clique : 42)
currentSize : 42 <-- 0.004463 s
currentSize : 43 <-- 0.034196 s
currentSize : 44 <-- 0.220390 s
currentSize : 45 <-- 0.714650 s
currentSize : 46 <-- 2.114838 s
currentSize : 47 <-- 641.187500 s
currentSize : 48 <-- 641.690796 s
currentSize : 49 <-- 709.272827 s
currentSize : 50 <-- 1104.570557 s
currentSize : 51 <-- 1104.685425 s
currentSize : 52 <-- 1110.930420 s
currentSize : 53 <-- 1196.402222 s
currentSize : 54 <-- 1560.748535 s
currentSize : 55 <-- 1564.139282 s
currentSize : 56 <-- 1702.104370 s
currentSize : 57 <-- 1703.849121 s
currentSize : 58 <-- 1989.959961 s
currentSize : 59 <-- 3374.464355 s
currentSize : 60 <-- 3374.589111 s

TIMEOUT
maxsize : 60
nodes : 719607822.000000
filtered : 2134437005.000000
time : 3600.000000
