Parameters: GAD=1 vflib=1 dir=0 label=1 lowerbound=1 fileNameGp=../graphsdb/mcs70/m3D/m3D/mcs70_m3D_s40.A56 fileNameGt=../graphsdb/mcs70/m3D/m3D/mcs70_m3D_s40.B56
Reading graphs...
40 :  84
40 :  83
Initializing...
maxdom : 9
D->valSize : 214
Solving...
Blb : 3 (clique : 17)
currentSize : 17 <-- 0.001274 s
currentSize : 22 <-- 0.001360 s
currentSize : 24 <-- 0.001388 s
currentSize : 25 <-- 0.001703 s
currentSize : 27 <-- 0.001737 s

maxsize : 27
nodes : 4584.000000
filtered : 22801.000000
time : 0.015017
