Parameters: GAD=1 vflib=1 dir=0 label=1 lowerbound=1 fileNameGp=../graphsdb/mcs70/m2D/m2Dr6/mcs70_m2Dr6_s90.A47 fileNameGt=../graphsdb/mcs70/m2D/m2Dr6/mcs70_m2Dr6_s90.B47
Reading graphs...
90 :  212
90 :  213
Initializing...
maxdom : 9
D->valSize : 547
Solving...
Blb : 2 (clique : 52)
currentSize : 52 <-- 0.006760 s
currentSize : 54 <-- 0.007116 s
currentSize : 55 <-- 0.007256 s
currentSize : 59 <-- 0.008269 s
currentSize : 60 <-- 0.008408 s
currentSize : 62 <-- 0.010772 s
currentSize : 63 <-- 0.010906 s

maxsize : 63
nodes : 15115463.000000
filtered : 82746412.000000
time : 81.713715
