Parameters: GAD=1 vflib=1 dir=0 label=1 lowerbound=1 fileNameGp=../graphsdb/mcs70/m2D/m2D/mcs70_m2D_s60.A26 fileNameGt=../graphsdb/mcs70/m2D/m2D/mcs70_m2D_s60.B26
Reading graphs...
60 :  104
60 :  104
Initializing...
maxdom : 10
D->valSize : 262
Solving...
Blb : 2 (clique : 23)
currentSize : 23 <-- 0.003041 s
currentSize : 24 <-- 0.226807 s
currentSize : 25 <-- 0.261223 s
currentSize : 26 <-- 0.835789 s
currentSize : 27 <-- 1.230238 s
currentSize : 29 <-- 1.230298 s
currentSize : 30 <-- 1.409418 s
currentSize : 32 <-- 1.409454 s
currentSize : 33 <-- 1.411065 s
currentSize : 34 <-- 2.578347 s
currentSize : 36 <-- 2.578403 s

maxsize : 36
nodes : 1082694.000000
filtered : 5881431.000000
time : 4.190148
