Parameters: GAD=1 vflib=1 dir=0 label=1 lowerbound=1 fileNameGp=../graphsdb/mcs70/rand/r02/mcs70_r02_s80.A95 fileNameGt=../graphsdb/mcs70/rand/r02/mcs70_r02_s80.B95
Reading graphs...
80 :  1126
80 :  1128
Initializing...
maxdom : 10
D->valSize : 459
Solving...
Blb : 2 (clique : 35)
currentSize : 35 <-- 0.004417 s
currentSize : 36 <-- 0.004626 s
currentSize : 37 <-- 0.004759 s
currentSize : 38 <-- 0.006872 s
currentSize : 39 <-- 0.006971 s
currentSize : 40 <-- 0.007169 s

maxsize : 40
nodes : 581157.000000
filtered : 734080.000000
time : 2.126793
