Parameters: GAD=1 vflib=1 dir=0 label=1 lowerbound=1 fileNameGp=../graphsdb/mcs70/bvg/b03m/mcs70_b03m_s60.A55 fileNameGt=../graphsdb/mcs70/bvg/b03m/mcs70_b03m_s60.B55
Reading graphs...
60 :  89
60 :  89
Initializing...
maxdom : 8
D->valSize : 299
Solving...
Blb : 2 (clique : 31)
currentSize : 31 <-- 0.003739 s
currentSize : 32 <-- 0.022887 s
currentSize : 33 <-- 0.096157 s
currentSize : 34 <-- 0.096315 s
currentSize : 35 <-- 0.096390 s
currentSize : 36 <-- 0.586178 s
currentSize : 37 <-- 0.586243 s
currentSize : 38 <-- 0.587273 s
currentSize : 39 <-- 0.587532 s
currentSize : 40 <-- 0.694718 s
currentSize : 41 <-- 1.225441 s

maxsize : 41
nodes : 272029.000000
filtered : 1731730.000000
time : 1.399455
