Parameters: GAD=1 vflib=1 dir=0 label=1 lowerbound=1 fileNameGp=../graphsdb/mcs70/bvg/b09m/mcs70_b09m_s20.A86 fileNameGt=../graphsdb/mcs70/bvg/b09m/mcs70_b09m_s20.B86
Reading graphs...
20 :  85
20 :  84
Initializing...
maxdom : 8
D->valSize : 112
Solving...
Blb : 2 (clique : 5)
currentSize : 5 <-- 0.000582 s
currentSize : 6 <-- 0.000613 s
currentSize : 8 <-- 0.000650 s
currentSize : 10 <-- 0.000779 s
currentSize : 12 <-- 0.000792 s

maxsize : 12
nodes : 228.000000
filtered : 2460.000000
time : 0.001124
