Parameters: GAD=1 vflib=1 dir=0 label=1 lowerbound=1 fileNameGp=../graphsdb/mcs70/m2D/m2Dr4/mcs70_m2Dr4_s70.A12 fileNameGt=../graphsdb/mcs70/m2D/m2Dr4/mcs70_m2Dr4_s70.B12
Reading graphs...
70 :  151
70 :  150
Initializing...
maxdom : 10
D->valSize : 381
Solving...
Blb : 2 (clique : 23)
currentSize : 23 <-- 0.005496 s
currentSize : 24 <-- 0.831745 s
currentSize : 25 <-- 0.887650 s
currentSize : 26 <-- 0.951361 s
currentSize : 27 <-- 1.212977 s
currentSize : 28 <-- 1.215975 s
currentSize : 29 <-- 1.626768 s
currentSize : 30 <-- 3.000012 s
currentSize : 31 <-- 4.997200 s
currentSize : 32 <-- 5.008625 s
currentSize : 33 <-- 5.016963 s
currentSize : 34 <-- 6.449491 s
currentSize : 35 <-- 9.678153 s
currentSize : 36 <-- 11.286390 s
currentSize : 38 <-- 21.328293 s
currentSize : 39 <-- 25.730659 s
currentSize : 40 <-- 25.741724 s
currentSize : 41 <-- 25.741819 s
currentSize : 43 <-- 29.608265 s
currentSize : 47 <-- 29.608755 s
currentSize : 49 <-- 29.610096 s

maxsize : 49
nodes : 6502143.000000
filtered : 44194235.000000
time : 30.405205
