Parameters: GAD=1 vflib=1 dir=0 label=1 lowerbound=1 fileNameGp=../graphsdb/mcs70/rand/r005/mcs70_r005_s30.A84 fileNameGt=../graphsdb/mcs70/rand/r005/mcs70_r005_s30.B84
Reading graphs...
30 :  41
30 :  40
Initializing...
maxdom : 6
D->valSize : 115
Solving...
Blb : 5 (clique : 17)
currentSize : 17 <-- 0.000771 s
currentSize : 18 <-- 0.000946 s
currentSize : 20 <-- 0.001152 s
currentSize : 21 <-- 0.002769 s
currentSize : 23 <-- 0.003172 s

maxsize : 23
nodes : 998.000000
filtered : 4574.000000
time : 0.003240
