Parameters: GAD=1 vflib=1 dir=0 label=1 lowerbound=1 fileNameGp=../graphsdb/mcs70/rand/r02/mcs70_r02_s70.A61 fileNameGt=../graphsdb/mcs70/rand/r02/mcs70_r02_s70.B61
Reading graphs...
70 :  851
70 :  852
Initializing...
maxdom : 8
D->valSize : 329
Solving...
Blb : 5 (clique : 9)
currentSize : 9 <-- 0.002651 s
currentSize : 13 <-- 0.002749 s
currentSize : 15 <-- 0.002781 s
currentSize : 25 <-- 0.003244 s
currentSize : 33 <-- 0.004703 s
currentSize : 34 <-- 0.004773 s
currentSize : 36 <-- 0.948744 s

maxsize : 36
nodes : 892970.000000
filtered : 544005.000000
time : 2.750721
