Parameters: GAD=1 vflib=1 dir=0 label=1 lowerbound=1 fileNameGp=../graphsdb/mcs70/rand/r02/mcs70_r02_s90.A41 fileNameGt=../graphsdb/mcs70/rand/r02/mcs70_r02_s90.B41
Reading graphs...
90 :  1435
90 :  1429
Initializing...
maxdom : 9
D->valSize : 570
Solving...
Blb : 3 (clique : 10)
currentSize : 10 <-- 0.009393 s
currentSize : 11 <-- 0.015902 s
currentSize : 14 <-- 0.015994 s
currentSize : 15 <-- 0.016172 s
currentSize : 16 <-- 0.020139 s
currentSize : 24 <-- 0.029492 s
currentSize : 25 <-- 0.029738 s
currentSize : 26 <-- 0.046900 s
currentSize : 28 <-- 0.067992 s
currentSize : 48 <-- 0.068971 s
currentSize : 49 <-- 0.069082 s
currentSize : 50 <-- 0.069381 s
currentSize : 51 <-- 0.070337 s

maxsize : 51
nodes : 1499519.000000
filtered : 993464.000000
time : 5.690431
