Parameters: GAD=1 vflib=1 dir=0 label=1 lowerbound=1 fileNameGp=../graphsdb/mcs70/bvg/b09m/mcs70_b09m_s60.A92 fileNameGt=../graphsdb/mcs70/bvg/b09m/mcs70_b09m_s60.B92
Reading graphs...
60 :  264
60 :  263
Initializing...
maxdom : 7
D->valSize : 250
Solving...
Blb : 2 (clique : 23)
currentSize : 23 <-- 0.001877 s
currentSize : 24 <-- 0.002188 s
currentSize : 28 <-- 0.003409 s
currentSize : 30 <-- 0.003459 s
currentSize : 39 <-- 0.006101 s

maxsize : 39
nodes : 49804.000000
filtered : 203875.000000
time : 0.180209
