Parameters: GAD=1 vflib=1 dir=0 label=1 lowerbound=1 fileNameGp=../graphsdb/mcs70/bvg/b06/mcs70_b06_s50.A95 fileNameGt=../graphsdb/mcs70/bvg/b06/mcs70_b06_s50.B95
Reading graphs...
50 :  148
50 :  150
Initializing...
maxdom : 8
D->valSize : 328
Solving...
Blb : 3 (clique : 22)
currentSize : 22 <-- 0.002746 s
currentSize : 24 <-- 0.206265 s
currentSize : 25 <-- 0.206335 s
currentSize : 26 <-- 0.206502 s
currentSize : 27 <-- 0.206556 s
currentSize : 28 <-- 0.574901 s
currentSize : 30 <-- 0.711955 s
currentSize : 31 <-- 0.712008 s
currentSize : 32 <-- 0.712070 s
currentSize : 33 <-- 0.712127 s
currentSize : 35 <-- 0.712450 s

maxsize : 35
nodes : 178320.000000
filtered : 1614501.000000
time : 0.777878
