Parameters: GAD=1 vflib=1 dir=0 label=1 lowerbound=1 fileNameGp=../graphsdb/mcs70/bvg/b03m/mcs70_b03m_s40.A82 fileNameGt=../graphsdb/mcs70/bvg/b03m/mcs70_b03m_s40.B82
Reading graphs...
40 :  60
40 :  60
Initializing...
maxdom : 8
D->valSize : 228
Solving...
Blb : 3 (clique : 23)
currentSize : 23 <-- 0.001381 s
currentSize : 24 <-- 0.260768 s
currentSize : 25 <-- 0.473538 s
currentSize : 26 <-- 0.473606 s
currentSize : 27 <-- 0.473669 s
currentSize : 28 <-- 0.473740 s
currentSize : 29 <-- 0.474688 s

maxsize : 29
nodes : 133865.000000
filtered : 952137.000000
time : 0.482243
