Parameters: GAD=1 vflib=1 dir=0 label=1 lowerbound=1 fileNameGp=../graphsdb/mcs70/bvg/b03/mcs70_b03_s100.A28 fileNameGt=../graphsdb/mcs70/bvg/b03/mcs70_b03_s100.B28
Reading graphs...
100 :  150
100 :  150
Initializing...
maxdom : 7
D->valSize : 371
Solving...
Blb : 2 (clique : 51)
currentSize : 51 <-- 0.007352 s
currentSize : 52 <-- 3.975094 s
currentSize : 53 <-- 3.975392 s
currentSize : 54 <-- 3.976365 s
currentSize : 55 <-- 184.348846 s
currentSize : 56 <-- 184.349442 s
currentSize : 57 <-- 184.349792 s
currentSize : 58 <-- 1112.253662 s
currentSize : 59 <-- 2023.634399 s
currentSize : 60 <-- 2023.650146 s
currentSize : 61 <-- 2023.650269 s
currentSize : 62 <-- 2023.650513 s
currentSize : 63 <-- 3086.131592 s
currentSize : 66 <-- 3086.135254 s
currentSize : 68 <-- 3507.805176 s
currentSize : 70 <-- 3507.805420 s

maxsize : 70
nodes : 720847091.000000
filtered : 2358686260.000000
time : 3541.234131
