Parameters: GAD=1 vflib=1 dir=0 label=1 lowerbound=1 fileNameGp=../graphsdb/mcs70/rand/r02/mcs70_r02_s60.A36 fileNameGt=../graphsdb/mcs70/rand/r02/mcs70_r02_s60.B36
Reading graphs...
60 :  638
60 :  638
Initializing...
maxdom : 7
D->valSize : 263
Solving...
Blb : 2 (clique : 10)
currentSize : 10 <-- 0.001990 s
currentSize : 16 <-- 0.002856 s
currentSize : 17 <-- 0.002886 s
currentSize : 19 <-- 0.005735 s
currentSize : 20 <-- 0.006100 s
currentSize : 29 <-- 0.007038 s
currentSize : 30 <-- 0.007105 s
currentSize : 31 <-- 0.007291 s

maxsize : 31
nodes : 89021.000000
filtered : 115993.000000
time : 0.267548
