Parameters: GAD=1 vflib=1 dir=0 label=1 lowerbound=1 fileNameGp=../graphsdb/mcs70/m3D/m3Dr6/mcs70_m3Dr6_s90.A08 fileNameGt=../graphsdb/mcs70/m3D/m3Dr6/mcs70_m3Dr6_s90.B08
Reading graphs...
90 :  258
90 :  261
Initializing...
maxdom : 10
D->valSize : 570
Solving...
Blb : 2 (clique : 45)
currentSize : 45 <-- 0.011411 s
currentSize : 46 <-- 0.011738 s
currentSize : 50 <-- 0.012202 s
currentSize : 53 <-- 0.012590 s
currentSize : 55 <-- 0.014484 s
currentSize : 58 <-- 0.014910 s
currentSize : 61 <-- 0.038261 s
currentSize : 62 <-- 0.038507 s

maxsize : 62
nodes : 8938967.000000
filtered : 62879191.000000
time : 50.092937
