Parameters: GAD=1 vflib=1 dir=0 label=1 lowerbound=1 fileNameGp=../graphsdb/mcs70/rand/r005/mcs70_r005_s70.A74 fileNameGt=../graphsdb/mcs70/rand/r005/mcs70_r005_s70.B74
Reading graphs...
70 :  237
70 :  237
Initializing...
maxdom : 9
D->valSize : 377
Solving...
Blb : 2 (clique : 29)
currentSize : 29 <-- 0.003334 s
currentSize : 30 <-- 0.003595 s
currentSize : 32 <-- 0.007731 s
currentSize : 33 <-- 0.012856 s
currentSize : 38 <-- 0.014233 s
currentSize : 39 <-- 0.080457 s
currentSize : 44 <-- 0.177038 s
currentSize : 48 <-- 0.289998 s

maxsize : 48
nodes : 81870.000000
filtered : 831102.000000
time : 0.449309
