Parameters: GAD=1 vflib=1 dir=0 label=1 lowerbound=1 fileNameGp=../graphsdb/mcs70/rand/r01/mcs70_r01_s40.A76 fileNameGt=../graphsdb/mcs70/rand/r01/mcs70_r01_s40.B76
Reading graphs...
40 :  147
40 :  146
Initializing...
maxdom : 7
D->valSize : 207
Solving...
Blb : 2 (clique : 13)
currentSize : 13 <-- 0.001323 s
currentSize : 16 <-- 0.006241 s
currentSize : 17 <-- 0.006273 s
currentSize : 19 <-- 0.006523 s
currentSize : 20 <-- 0.006572 s
currentSize : 22 <-- 0.011606 s
currentSize : 28 <-- 0.013243 s

maxsize : 28
nodes : 3698.000000
filtered : 33499.000000
time : 0.014628
