Parameters: GAD=1 vflib=1 dir=0 label=1 lowerbound=1 fileNameGp=../graphsdb/mcs70/bvg/b03m/mcs70_b03m_s35.A06 fileNameGt=../graphsdb/mcs70/bvg/b03m/mcs70_b03m_s35.B06
Reading graphs...
35 :  51
35 :  52
Initializing...
maxdom : 6
D->valSize : 161
Solving...
Blb : 2 (clique : 18)
currentSize : 18 <-- 0.000970 s
currentSize : 19 <-- 0.001050 s
currentSize : 20 <-- 0.001114 s
currentSize : 21 <-- 0.001560 s
currentSize : 23 <-- 0.030919 s
currentSize : 24 <-- 0.031076 s

maxsize : 24
nodes : 18716.000000
filtered : 84891.000000
time : 0.053645
