Parameters: GAD=1 vflib=1 dir=0 label=1 lowerbound=1 fileNameGp=../graphsdb/mcs70/m2D/m2Dr2/mcs70_m2Dr2_s90.A86 fileNameGt=../graphsdb/mcs70/m2D/m2Dr2/mcs70_m2Dr2_s90.B86
Reading graphs...
90 :  178
90 :  176
Initializing...
maxdom : 14
D->valSize : 614
Solving...
Blb : 2 (clique : 51)
currentSize : 51 <-- 0.007978 s
currentSize : 52 <-- 0.008605 s
currentSize : 54 <-- 0.008809 s
currentSize : 57 <-- 0.009954 s
currentSize : 60 <-- 29.180742 s
currentSize : 63 <-- 260.854034 s

maxsize : 63
nodes : 115431243.000000
filtered : 887854389.000000
time : 666.491699
