Parameters: GAD=1 vflib=1 dir=0 label=1 lowerbound=1 fileNameGp=../graphsdb/mcs70/rand/r005/mcs70_r005_s50.A43 fileNameGt=../graphsdb/mcs70/rand/r005/mcs70_r005_s50.B43
Reading graphs...
50 :  119
50 :  121
Initializing...
maxdom : 10
D->valSize : 315
Solving...
Blb : 2 (clique : 22)
currentSize : 22 <-- 0.002355 s
currentSize : 23 <-- 0.002483 s
currentSize : 25 <-- 0.002512 s
currentSize : 26 <-- 0.002732 s
currentSize : 29 <-- 0.002768 s
currentSize : 35 <-- 0.060019 s

maxsize : 35
nodes : 20657.000000
filtered : 219864.000000
time : 0.093774
