Parameters: GAD=1 vflib=1 dir=0 label=1 lowerbound=1 fileNameGp=../graphsdb/mcs70/bvg/b03m/mcs70_b03m_s70.A49 fileNameGt=../graphsdb/mcs70/bvg/b03m/mcs70_b03m_s70.B49
Reading graphs...
70 :  104
70 :  104
Initializing...
maxdom : 10
D->valSize : 371
Solving...
Blb : 2 (clique : 41)
currentSize : 41 <-- 0.005517 s
currentSize : 43 <-- 0.005986 s
currentSize : 44 <-- 0.008050 s
currentSize : 45 <-- 0.013524 s
currentSize : 46 <-- 4.957651 s
currentSize : 47 <-- 4.958154 s

maxsize : 47
nodes : 48168061.000000
filtered : 205457671.000000
time : 201.162537
