Parameters: GAD=1 vflib=1 dir=0 label=1 lowerbound=1 fileNameGp=../graphsdb/mcs70/bvg/b06/mcs70_b06_s20.A56 fileNameGt=../graphsdb/mcs70/bvg/b06/mcs70_b06_s20.B56
Reading graphs...
20 :  60
20 :  60
Initializing...
maxdom : 6
D->valSize : 100
Solving...
Blb : 2 (clique : 6)
currentSize : 6 <-- 0.000724 s
currentSize : 7 <-- 0.000863 s
currentSize : 8 <-- 0.000877 s
currentSize : 12 <-- 0.001378 s
currentSize : 14 <-- 0.001401 s

maxsize : 14
nodes : 356.000000
filtered : 3301.000000
time : 0.001690
