Parameters: GAD=1 vflib=1 dir=0 label=1 lowerbound=1 fileNameGp=../graphsdb/mcs70/m2D/m2Dr6/mcs70_m2Dr6_s90.A41 fileNameGt=../graphsdb/mcs70/m2D/m2Dr6/mcs70_m2Dr6_s90.B41
Reading graphs...
90 :  214
90 :  211
Initializing...
maxdom : 9
D->valSize : 566
Solving...
Blb : 2 (clique : 53)
currentSize : 53 <-- 0.007018 s
currentSize : 56 <-- 0.007390 s
currentSize : 59 <-- 0.008405 s
currentSize : 60 <-- 0.102814 s
currentSize : 61 <-- 3.049830 s
currentSize : 64 <-- 3.050464 s

maxsize : 64
nodes : 98430593.000000
filtered : 607233744.000000
time : 524.901123
