Parameters: GAD=1 vflib=1 dir=0 label=1 lowerbound=1 fileNameGp=../graphsdb/mcs70/rand/r005/mcs70_r005_s25.A08 fileNameGt=../graphsdb/mcs70/rand/r005/mcs70_r005_s25.B08
Reading graphs...
25 :  32
25 :  33
Initializing...
maxdom : 10
D->valSize : 190
Solving...
Blb : 2 (clique : 13)
currentSize : 13 <-- 0.000938 s
currentSize : 14 <-- 0.019757 s
currentSize : 15 <-- 0.027260 s
currentSize : 16 <-- 0.029560 s
currentSize : 17 <-- 0.030059 s

maxsize : 17
nodes : 15242.000000
filtered : 89644.000000
time : 0.034012
