Parameters: GAD=1 vflib=1 dir=0 label=1 lowerbound=1 fileNameGp=../graphsdb/mcs70/bvg/b03m/mcs70_b03m_s80.A01 fileNameGt=../graphsdb/mcs70/bvg/b03m/mcs70_b03m_s80.B01
Reading graphs...
80 :  119
80 :  119
Initializing...
maxdom : 9
D->valSize : 441
Solving...
Blb : 2 (clique : 45)
currentSize : 45 <-- 0.004749 s
currentSize : 47 <-- 0.005102 s
currentSize : 48 <-- 0.015160 s
currentSize : 52 <-- 0.099333 s
currentSize : 54 <-- 0.100431 s
currentSize : 55 <-- 24.048559 s

maxsize : 55
nodes : 7850033.000000
filtered : 43700012.000000
time : 40.595718
