Parameters: GAD=1 vflib=1 dir=0 label=1 lowerbound=1 fileNameGp=../graphsdb/mcs70/rand/r005/mcs70_r005_s80.A98 fileNameGt=../graphsdb/mcs70/rand/r005/mcs70_r005_s80.B98
Reading graphs...
80 :  308
80 :  307
Initializing...
maxdom : 11
D->valSize : 439
Solving...
Blb : 2 (clique : 21)
currentSize : 21 <-- 0.004340 s
currentSize : 22 <-- 0.016231 s
currentSize : 23 <-- 0.019427 s
currentSize : 24 <-- 0.022715 s
currentSize : 25 <-- 0.025272 s
currentSize : 26 <-- 0.027886 s
currentSize : 27 <-- 0.032622 s
currentSize : 30 <-- 0.037203 s
currentSize : 31 <-- 0.051412 s
currentSize : 33 <-- 0.100332 s
currentSize : 37 <-- 0.107819 s
currentSize : 38 <-- 0.156085 s
currentSize : 42 <-- 0.168081 s
currentSize : 45 <-- 0.182491 s
currentSize : 49 <-- 0.203183 s
currentSize : 50 <-- 0.234241 s
currentSize : 51 <-- 0.234588 s
currentSize : 55 <-- 0.234733 s

maxsize : 55
nodes : 45127.000000
filtered : 544650.000000
time : 0.270617
