Parameters: GAD=1 vflib=1 dir=0 label=1 lowerbound=1 fileNameGp=../graphsdb/mcs70/rand/r02/mcs70_r02_s100.A96 fileNameGt=../graphsdb/mcs70/rand/r02/mcs70_r02_s100.B96
Reading graphs...
100 :  1776
100 :  1762
Initializing...
maxdom : 6
D->valSize : 356
Solving...
Blb : 2 (clique : 43)
currentSize : 43 <-- 0.003637 s
currentSize : 44 <-- 0.012542 s
currentSize : 45 <-- 0.527554 s
currentSize : 46 <-- 1.931178 s
currentSize : 47 <-- 1.936813 s
currentSize : 48 <-- 50.776073 s

maxsize : 48
nodes : 38012814.000000
filtered : 15521294.000000
time : 153.250137
