Parameters: GAD=1 vflib=1 dir=0 label=1 lowerbound=1 fileNameGp=../graphsdb/mcs70/m2D/m2Dr4/mcs70_m2Dr4_s100.A98 fileNameGt=../graphsdb/mcs70/m2D/m2Dr4/mcs70_m2Dr4_s100.B98
Reading graphs...
100 :  219
100 :  218
Initializing...
maxdom : 6
D->valSize : 353
Solving...
Blb : 2 (clique : 42)
currentSize : 42 <-- 0.003932 s
currentSize : 43 <-- 0.050889 s
currentSize : 44 <-- 0.128094 s
currentSize : 45 <-- 0.282249 s
currentSize : 46 <-- 0.489122 s
currentSize : 47 <-- 31.166025 s
currentSize : 49 <-- 502.055908 s
currentSize : 50 <-- 502.564392 s
currentSize : 52 <-- 502.587158 s
currentSize : 53 <-- 503.635071 s
currentSize : 55 <-- 1286.300049 s
currentSize : 58 <-- 1289.790039 s
currentSize : 60 <-- 1722.504761 s
currentSize : 62 <-- 1722.570312 s
currentSize : 63 <-- 1722.573853 s

maxsize : 63
nodes : 390690567.000000
filtered : 1420018935.000000
time : 2030.068481
