Parameters: GAD=1 vflib=1 dir=0 label=1 lowerbound=1 fileNameGp=../graphsdb/mcs70/bvg/b06/mcs70_b06_s15.A13 fileNameGt=../graphsdb/mcs70/bvg/b06/mcs70_b06_s15.B13
Reading graphs...
15 :  45
15 :  44
Initializing...
maxdom : 10
D->valSize : 125
Solving...
Blb : 5 (clique : 5)
currentSize : 5 <-- 0.000538 s
currentSize : 6 <-- 0.000593 s
currentSize : 7 <-- 0.000612 s
currentSize : 8 <-- 0.000840 s
currentSize : 11 <-- 0.000879 s

maxsize : 11
nodes : 247.000000
filtered : 2989.000000
time : 0.001104
