Parameters: GAD=1 vflib=1 dir=0 label=1 lowerbound=1 fileNameGp=../graphsdb/mcs70/m2D/m2Dr2/mcs70_m2Dr2_s70.A10 fileNameGt=../graphsdb/mcs70/m2D/m2Dr2/mcs70_m2Dr2_s70.B10
Reading graphs...
70 :  136
70 :  136
Initializing...
maxdom : 7
D->valSize : 333
Solving...
Blb : 2 (clique : 31)
currentSize : 31 <-- 0.002940 s
currentSize : 40 <-- 0.003152 s
currentSize : 41 <-- 0.003278 s
currentSize : 42 <-- 0.010589 s
currentSize : 43 <-- 0.010635 s
currentSize : 44 <-- 0.010771 s
currentSize : 45 <-- 0.012295 s
currentSize : 47 <-- 0.012550 s
currentSize : 49 <-- 0.181133 s
currentSize : 51 <-- 1.832034 s

maxsize : 51
nodes : 856374.000000
filtered : 3084161.000000
time : 3.420282
