Parameters: GAD=1 vflib=1 dir=0 label=1 lowerbound=1 fileNameGp=../graphsdb/mcs70/m2D/m2Dr2/mcs70_m2Dr2_s40.A97 fileNameGt=../graphsdb/mcs70/m2D/m2Dr2/mcs70_m2Dr2_s40.B97
Reading graphs...
40 :  75
40 :  73
Initializing...
maxdom : 10
D->valSize : 211
Solving...
Blb : 3 (clique : 17)
currentSize : 17 <-- 0.001319 s
currentSize : 18 <-- 0.001659 s
currentSize : 19 <-- 0.023206 s
currentSize : 21 <-- 0.023294 s
currentSize : 22 <-- 0.027834 s
currentSize : 23 <-- 0.031671 s
currentSize : 26 <-- 0.031757 s
currentSize : 27 <-- 0.033163 s

maxsize : 27
nodes : 11711.000000
filtered : 70217.000000
time : 0.038133
