Parameters: GAD=1 vflib=1 dir=0 label=1 lowerbound=1 fileNameGp=../graphsdb/mcs70/rand/r02/mcs70_r02_s60.A68 fileNameGt=../graphsdb/mcs70/rand/r02/mcs70_r02_s60.B68
Reading graphs...
60 :  625
60 :  625
Initializing...
maxdom : 9
D->valSize : 268
Solving...
Blb : 5 (clique : 10)
currentSize : 10 <-- 0.002783 s
currentSize : 16 <-- 0.003384 s
currentSize : 17 <-- 0.005820 s
currentSize : 28 <-- 0.009584 s
currentSize : 29 <-- 0.015437 s
currentSize : 30 <-- 0.034376 s

maxsize : 30
nodes : 100630.000000
filtered : 112972.000000
time : 0.458517
