Parameters: GAD=1 vflib=1 dir=0 label=1 lowerbound=1 fileNameGp=../graphsdb/mcs70/m2D/m2Dr2/mcs70_m2Dr2_s100.A84 fileNameGt=../graphsdb/mcs70/m2D/m2Dr2/mcs70_m2Dr2_s100.B84
Reading graphs...
100 :  199
100 :  200
Initializing...
maxdom : 6
D->valSize : 343
Solving...
Blb : 2 (clique : 52)
currentSize : 52 <-- 0.005931 s
currentSize : 53 <-- 0.006523 s
currentSize : 54 <-- 0.007744 s
currentSize : 55 <-- 0.014341 s
currentSize : 56 <-- 0.014408 s
currentSize : 57 <-- 0.030902 s
currentSize : 59 <-- 0.032491 s

TIMEOUT
maxsize : 59
nodes : 680946386.000000
filtered : 2512253970.000000
time : 3600.000000
