Parameters: GAD=1 vflib=1 dir=0 label=1 lowerbound=1 fileNameGp=../graphsdb/mcs70/bvg/b06m/mcs70_b06m_s80.A95 fileNameGt=../graphsdb/mcs70/bvg/b06m/mcs70_b06m_s80.B95
Reading graphs...
80 :  235
80 :  236
Initializing...
maxdom : 8
D->valSize : 434
Solving...
Blb : 2 (clique : 49)
currentSize : 49 <-- 0.004457 s
currentSize : 50 <-- 0.004800 s
currentSize : 51 <-- 0.005069 s
currentSize : 52 <-- 0.010536 s
currentSize : 53 <-- 0.010791 s
currentSize : 54 <-- 10.597925 s

maxsize : 54
nodes : 9793000.000000
filtered : 45769856.000000
time : 44.969128
