Parameters: GAD=1 vflib=1 dir=0 label=1 lowerbound=1 fileNameGp=../graphsdb/mcs70/m2D/m2Dr6/m2Dr6/mcs70_m2Dr6_s35.A72 fileNameGt=../graphsdb/mcs70/m2D/m2Dr6/m2Dr6/mcs70_m2Dr6_s35.B72
Reading graphs...
35 :  77
35 :  76
Initializing...
maxdom : 7
D->valSize : 168
Solving...
Blb : 2 (clique : 17)
currentSize : 17 <-- 0.000949 s
currentSize : 18 <-- 0.001025 s
currentSize : 20 <-- 0.001061 s
currentSize : 21 <-- 0.001125 s
currentSize : 25 <-- 0.001373 s

maxsize : 25
nodes : 358.000000
filtered : 2443.000000
time : 0.001886
