Parameters: GAD=1 vflib=1 dir=0 label=1 lowerbound=1 fileNameGp=../graphsdb/mcs70/bvg/b03m/mcs70_b03m_s20.A27 fileNameGt=../graphsdb/mcs70/bvg/b03m/mcs70_b03m_s20.B27
Reading graphs...
20 :  29
20 :  29
Initializing...
maxdom : 7
D->valSize : 108
Solving...
Blb : 2 (clique : 10)
currentSize : 10 <-- 0.000685 s
currentSize : 11 <-- 0.001063 s
currentSize : 13 <-- 0.001155 s
currentSize : 14 <-- 0.001164 s
currentSize : 15 <-- 0.001799 s

maxsize : 15
nodes : 495.000000
filtered : 4030.000000
time : 0.001974
