Parameters: GAD=1 vflib=1 dir=0 label=1 lowerbound=1 fileNameGp=../graphsdb/mcs70/rand/r02/mcs70_r02_s90.A40 fileNameGt=../graphsdb/mcs70/rand/r02/mcs70_r02_s90.B40
Reading graphs...
90 :  1451
90 :  1443
Initializing...
maxdom : 11
D->valSize : 545
Solving...
Blb : 2 (clique : 20)
currentSize : 20 <-- 0.005968 s
currentSize : 28 <-- 0.006245 s
currentSize : 29 <-- 0.016187 s
currentSize : 51 <-- 0.034346 s
currentSize : 52 <-- 0.847489 s

maxsize : 52
nodes : 433152.000000
filtered : 348065.000000
time : 1.596552
