Parameters: GAD=1 vflib=1 dir=0 label=1 lowerbound=1 fileNameGp=../graphsdb/mcs70/rand/r005/mcs70_r005_s60.A09 fileNameGt=../graphsdb/mcs70/rand/r005/mcs70_r005_s60.B09
Reading graphs...
60 :  169
60 :  171
Initializing...
maxdom : 7
D->valSize : 259
Solving...
Blb : 2 (clique : 27)
currentSize : 27 <-- 0.002011 s
currentSize : 28 <-- 0.002156 s
currentSize : 30 <-- 0.002252 s
currentSize : 31 <-- 0.021400 s
currentSize : 33 <-- 0.021490 s
currentSize : 35 <-- 0.116650 s
currentSize : 38 <-- 0.158897 s
currentSize : 41 <-- 0.158975 s

maxsize : 41
nodes : 48246.000000
filtered : 341126.000000
time : 0.211887
