Parameters: GAD=1 vflib=1 dir=0 label=1 lowerbound=1 fileNameGp=../graphsdb/mcs70/rand/r01/mcs70_r01_s90.A47 fileNameGt=../graphsdb/mcs70/rand/r01/mcs70_r01_s90.B47
Reading graphs...
90 :  755
90 :  754
Initializing...
maxdom : 10
D->valSize : 555
Solving...
Blb : 2 (clique : 30)
currentSize : 30 <-- 0.006020 s
currentSize : 32 <-- 0.020028 s
currentSize : 34 <-- 0.082102 s
currentSize : 36 <-- 0.087223 s
currentSize : 43 <-- 0.089834 s
currentSize : 45 <-- 0.152793 s
currentSize : 57 <-- 0.173233 s
currentSize : 58 <-- 0.173476 s

maxsize : 58
nodes : 76632.000000
filtered : 760407.000000
time : 0.427254
