Parameters: GAD=1 vflib=1 dir=0 label=1 lowerbound=1 fileNameGp=../graphsdb/mcs70/bvg/b06/mcs70_b06_s90.A90 fileNameGt=../graphsdb/mcs70/bvg/b06/mcs70_b06_s90.B90
Reading graphs...
90 :  270
90 :  270
Initializing...
maxdom : 8
D->valSize : 545
Solving...
Blb : 2 (clique : 53)
currentSize : 53 <-- 0.006652 s
currentSize : 55 <-- 0.007167 s
currentSize : 56 <-- 0.008416 s
currentSize : 57 <-- 0.008640 s
currentSize : 60 <-- 0.013185 s
currentSize : 61 <-- 0.013272 s
currentSize : 62 <-- 0.013622 s
currentSize : 63 <-- 0.013709 s

maxsize : 63
nodes : 7215336.000000
filtered : 58775894.000000
time : 42.391178
