Parameters: GAD=1 vflib=1 dir=0 label=1 lowerbound=1 fileNameGp=../graphsdb/mcs70/bvg/b09/mcs70_b09_s80.A93 fileNameGt=../graphsdb/mcs70/bvg/b09/mcs70_b09_s80.B93
Reading graphs...
80 :  359
80 :  359
Initializing...
maxdom : 7
D->valSize : 446
Solving...
Blb : 3 (clique : 34)
currentSize : 34 <-- 0.007055 s
currentSize : 36 <-- 0.007669 s
currentSize : 42 <-- 0.407017 s
currentSize : 47 <-- 0.407175 s
currentSize : 55 <-- 1.155304 s
currentSize : 56 <-- 1.155992 s

maxsize : 56
nodes : 624501.000000
filtered : 3939571.000000
time : 3.079227
