Parameters: GAD=1 vflib=1 dir=0 label=1 lowerbound=1 fileNameGp=../graphsdb/mcs70/bvg/b03m/mcs70_b03m_s35.A16 fileNameGt=../graphsdb/mcs70/bvg/b03m/mcs70_b03m_s35.B16
Reading graphs...
35 :  52
35 :  52
Initializing...
maxdom : 7
D->valSize : 160
Solving...
Blb : 3 (clique : 19)
currentSize : 19 <-- 0.000953 s
currentSize : 20 <-- 0.001049 s
currentSize : 21 <-- 0.004319 s
currentSize : 23 <-- 0.004343 s
currentSize : 24 <-- 0.006220 s

maxsize : 24
nodes : 2574.000000
filtered : 17114.000000
time : 0.009056
