Parameters: GAD=1 vflib=1 dir=0 label=1 lowerbound=1 fileNameGp=../graphsdb/mcs70/m3D/m3Dr2/mcs70_m3Dr2_s90.A07 fileNameGt=../graphsdb/mcs70/m3D/m3Dr2/mcs70_m3Dr2_s90.B07
Reading graphs...
90 :  227
90 :  226
Initializing...
maxdom : 10
D->valSize : 545
Solving...
Blb : 2 (clique : 51)
currentSize : 51 <-- 0.006630 s
currentSize : 52 <-- 0.007003 s
currentSize : 53 <-- 0.007133 s
currentSize : 54 <-- 0.009356 s
currentSize : 55 <-- 0.058117 s
currentSize : 56 <-- 0.060227 s
currentSize : 57 <-- 0.060415 s
currentSize : 58 <-- 0.158978 s
currentSize : 59 <-- 0.176745 s
currentSize : 60 <-- 0.176952 s
currentSize : 62 <-- 100.872231 s
currentSize : 63 <-- 100.872482 s
currentSize : 64 <-- 100.872597 s

maxsize : 64
nodes : 32740762.000000
filtered : 166409730.000000
time : 166.084290
