Parameters: GAD=1 vflib=1 dir=0 label=1 lowerbound=1 fileNameGp=../graphsdb/mcs70/rand/r01/mcs70_r01_s50.A56 fileNameGt=../graphsdb/mcs70/rand/r01/mcs70_r01_s50.B56
Reading graphs...
50 :  234
50 :  234
Initializing...
maxdom : 13
D->valSize : 369
Solving...
Blb : 2 (clique : 12)
currentSize : 12 <-- 0.002710 s
currentSize : 13 <-- 0.002913 s
currentSize : 14 <-- 0.005277 s
currentSize : 15 <-- 0.007818 s
currentSize : 16 <-- 0.014172 s
currentSize : 17 <-- 0.015009 s
currentSize : 18 <-- 0.015179 s
currentSize : 24 <-- 0.029022 s
currentSize : 26 <-- 0.033328 s
currentSize : 34 <-- 0.038032 s

maxsize : 34
nodes : 9422.000000
filtered : 129041.000000
time : 0.042948
