Parameters: GAD=1 vflib=1 dir=0 label=1 lowerbound=1 fileNameGp=../graphsdb/mcs70/m2D/m2Dr4/mcs70_m2Dr4_s70.A73 fileNameGt=../graphsdb/mcs70/m2D/m2Dr4/mcs70_m2Dr4_s70.B73
Reading graphs...
70 :  151
70 :  150
Initializing...
maxdom : 8
D->valSize : 355
Solving...
Blb : 3 (clique : 25)
currentSize : 25 <-- 0.005077 s
currentSize : 26 <-- 0.046897 s
currentSize : 27 <-- 0.138059 s
currentSize : 28 <-- 3.546245 s
currentSize : 30 <-- 3.605900 s
currentSize : 31 <-- 3.606072 s
currentSize : 33 <-- 3.656832 s
currentSize : 34 <-- 3.665535 s
currentSize : 36 <-- 4.366603 s
currentSize : 38 <-- 4.368042 s
currentSize : 39 <-- 4.368156 s
currentSize : 40 <-- 4.371729 s
currentSize : 41 <-- 4.685527 s
currentSize : 42 <-- 4.685626 s
currentSize : 43 <-- 4.686208 s
currentSize : 44 <-- 4.692647 s
currentSize : 47 <-- 5.785122 s
currentSize : 48 <-- 5.797578 s
currentSize : 49 <-- 5.797715 s

maxsize : 49
nodes : 2101571.000000
filtered : 10491983.000000
time : 8.881402
