Parameters: GAD=1 vflib=1 dir=0 label=1 lowerbound=1 fileNameGp=../graphsdb/mcs70/rand/r02/mcs70_r02_s90.A34 fileNameGt=../graphsdb/mcs70/rand/r02/mcs70_r02_s90.B34
Reading graphs...
90 :  1425
90 :  1428
Initializing...
maxdom : 10
D->valSize : 557
Solving...
Blb : 2 (clique : 8)
currentSize : 8 <-- 0.008961 s
currentSize : 9 <-- 0.010391 s
currentSize : 10 <-- 0.011988 s
currentSize : 12 <-- 0.012103 s
currentSize : 15 <-- 0.013095 s
currentSize : 24 <-- 0.016244 s
currentSize : 25 <-- 0.016366 s
currentSize : 26 <-- 0.016793 s
currentSize : 28 <-- 0.092737 s
currentSize : 39 <-- 0.093813 s
currentSize : 40 <-- 0.094911 s
currentSize : 41 <-- 0.520676 s
currentSize : 42 <-- 1.497156 s
currentSize : 43 <-- 4.555221 s

maxsize : 43
nodes : 8515025.000000
filtered : 4396465.000000
time : 31.547520
