Parameters: GAD=1 vflib=1 dir=0 label=1 lowerbound=1 fileNameGp=../graphsdb/mcs70/m2D/m2Dr2/mcs70_m2Dr2_s25.A11 fileNameGt=../graphsdb/mcs70/m2D/m2Dr2/mcs70_m2Dr2_s25.B11
Reading graphs...
25 :  43
25 :  42
Initializing...
maxdom : 8
D->valSize : 165
Solving...
Blb : 2 (clique : 11)
currentSize : 11 <-- 0.000902 s
currentSize : 12 <-- 0.016601 s
currentSize : 13 <-- 0.020429 s
currentSize : 14 <-- 0.020471 s
currentSize : 15 <-- 0.020530 s
currentSize : 16 <-- 0.024107 s

maxsize : 16
nodes : 11252.000000
filtered : 77339.000000
time : 0.026640
