Parameters: GAD=1 vflib=1 dir=0 label=1 lowerbound=1 fileNameGp=../graphsdb/mcs70/m2D/m2D/mcs70_m2D_s50.A59 fileNameGt=../graphsdb/mcs70/m2D/m2D/mcs70_m2D_s50.B59
Reading graphs...
50 :  85
50 :  85
Initializing...
maxdom : 8
D->valSize : 318
Solving...
Blb : 2 (clique : 28)
currentSize : 28 <-- 0.003811 s
currentSize : 29 <-- 0.004041 s
currentSize : 30 <-- 0.004652 s
currentSize : 31 <-- 0.006124 s
currentSize : 32 <-- 0.006176 s
currentSize : 34 <-- 0.029908 s
currentSize : 35 <-- 0.029954 s
currentSize : 36 <-- 0.031139 s

maxsize : 36
nodes : 80046.000000
filtered : 392535.000000
time : 0.296152
