Parameters: GAD=1 vflib=1 dir=0 label=1 lowerbound=1 fileNameGp=../graphsdb/mcs70/bvg/b06m/mcs70_b06m_s80.A50 fileNameGt=../graphsdb/mcs70/bvg/b06m/mcs70_b06m_s80.B50
Reading graphs...
80 :  239
80 :  239
Initializing...
maxdom : 8
D->valSize : 450
Solving...
Blb : 2 (clique : 33)
currentSize : 33 <-- 0.007438 s
currentSize : 37 <-- 0.009569 s
currentSize : 38 <-- 0.447674 s
currentSize : 42 <-- 0.735571 s
currentSize : 43 <-- 1.174027 s
currentSize : 44 <-- 1.428469 s
currentSize : 45 <-- 1.492730 s
currentSize : 49 <-- 1.757627 s
currentSize : 50 <-- 2.560141 s
currentSize : 51 <-- 5.286919 s
currentSize : 52 <-- 5.287060 s
currentSize : 54 <-- 5.462606 s
currentSize : 55 <-- 5.462746 s

maxsize : 55
nodes : 2183289.000000
filtered : 13434492.000000
time : 11.102093
