Parameters: GAD=1 vflib=1 dir=0 label=1 lowerbound=1 fileNameGp=../graphsdb/mcs70/m2D/m2Dr2/mcs70_m2Dr2_s40.A71 fileNameGt=../graphsdb/mcs70/m2D/m2Dr2/mcs70_m2Dr2_s40.B71
Reading graphs...
40 :  73
40 :  72
Initializing...
maxdom : 8
D->valSize : 221
Solving...
Blb : 2 (clique : 17)
currentSize : 17 <-- 0.001374 s
currentSize : 18 <-- 0.007734 s
currentSize : 19 <-- 0.016321 s
currentSize : 20 <-- 0.018358 s
currentSize : 22 <-- 0.036448 s
currentSize : 23 <-- 0.057237 s
currentSize : 24 <-- 0.670370 s

maxsize : 24
nodes : 246943.000000
filtered : 2031491.000000
time : 0.866752
