Parameters: GAD=1 vflib=1 dir=0 label=1 lowerbound=1 fileNameGp=../graphsdb/mcs70/m2D/m2Dr4/mcs70_m2Dr4_s90.A60 fileNameGt=../graphsdb/mcs70/m2D/m2Dr4/mcs70_m2Dr4_s90.B60
Reading graphs...
90 :  195
90 :  194
Initializing...
maxdom : 9
D->valSize : 538
Solving...
Blb : 2 (clique : 51)
currentSize : 51 <-- 0.006307 s
currentSize : 56 <-- 0.007652 s
currentSize : 58 <-- 0.335397 s
currentSize : 62 <-- 15.550342 s
currentSize : 64 <-- 15.550520 s

maxsize : 64
nodes : 14138650.000000
filtered : 89672367.000000
time : 77.982819
