Parameters: GAD=1 vflib=1 dir=0 label=1 lowerbound=1 fileNameGp=../graphsdb/mcs70/bvg/b06m/mcs70_b06m_s90.A40 fileNameGt=../graphsdb/mcs70/bvg/b06m/mcs70_b06m_s90.B40
Reading graphs...
90 :  268
90 :  268
Initializing...
maxdom : 10
D->valSize : 562
Solving...
Blb : 2 (clique : 49)
currentSize : 49 <-- 0.006959 s
currentSize : 52 <-- 0.007348 s
currentSize : 54 <-- 0.007771 s
currentSize : 55 <-- 0.008516 s
currentSize : 59 <-- 0.008830 s
currentSize : 60 <-- 0.009004 s
currentSize : 61 <-- 0.117045 s
currentSize : 62 <-- 14.381006 s
currentSize : 63 <-- 14.590429 s

maxsize : 63
nodes : 4920723.000000
filtered : 42005846.000000
time : 31.186890
