Parameters: GAD=1 vflib=1 dir=0 label=1 lowerbound=1 fileNameGp=../graphsdb/mcs70/m2D/m2Dr2/mcs70_m2Dr2_s80.A44 fileNameGt=../graphsdb/mcs70/m2D/m2Dr2/mcs70_m2Dr2_s80.B44
Reading graphs...
80 :  157
80 :  157
Initializing...
maxdom : 8
D->valSize : 414
Solving...
Blb : 2 (clique : 36)
currentSize : 36 <-- 0.004169 s
currentSize : 37 <-- 0.038711 s
currentSize : 38 <-- 1.057546 s
currentSize : 39 <-- 1.954155 s
currentSize : 40 <-- 1.954250 s
currentSize : 41 <-- 256.534607 s
currentSize : 42 <-- 801.250000 s
currentSize : 45 <-- 942.532532 s
currentSize : 47 <-- 2180.484375 s
currentSize : 49 <-- 2187.477295 s
currentSize : 50 <-- 2187.487305 s

maxsize : 50
nodes : 590444148.000000
filtered : 3362638361.000000
time : 2869.569580
