Parameters: GAD=1 vflib=1 dir=0 label=1 lowerbound=1 fileNameGp=../graphsdb/mcs70/m3D/m3D/mcs70_m3D_s35.A69 fileNameGt=../graphsdb/mcs70/m3D/m3D/mcs70_m3D_s35.B69
Reading graphs...
35 :  72
35 :  72
Initializing...
maxdom : 7
D->valSize : 185
Solving...
Blb : 2 (clique : 18)
currentSize : 18 <-- 0.001321 s
currentSize : 20 <-- 0.001454 s
currentSize : 21 <-- 0.001486 s
currentSize : 22 <-- 0.001561 s
currentSize : 25 <-- 0.001678 s
currentSize : 27 <-- 0.001737 s

maxsize : 27
nodes : 886.000000
filtered : 4278.000000
time : 0.003790
