Parameters: GAD=1 vflib=1 dir=0 label=1 lowerbound=1 fileNameGp=../graphsdb/mcs70/m2D/m2Dr2/mcs70_m2Dr2_s80.A23 fileNameGt=../graphsdb/mcs70/m2D/m2Dr2/mcs70_m2Dr2_s80.B23
Reading graphs...
80 :  157
80 :  158
Initializing...
maxdom : 9
D->valSize : 454
Solving...
Blb : 2 (clique : 32)
currentSize : 32 <-- 0.007782 s
currentSize : 33 <-- 1.878151 s
currentSize : 34 <-- 1.878840 s
currentSize : 35 <-- 12.120609 s
currentSize : 37 <-- 66.123184 s
currentSize : 38 <-- 66.479027 s
currentSize : 39 <-- 110.363831 s
currentSize : 40 <-- 195.534363 s
currentSize : 41 <-- 303.156677 s
currentSize : 42 <-- 303.156769 s
currentSize : 43 <-- 303.164185 s
currentSize : 45 <-- 688.105896 s
currentSize : 46 <-- 688.106384 s
currentSize : 47 <-- 1390.602661 s
currentSize : 48 <-- 1390.603027 s
currentSize : 49 <-- 1802.830078 s

maxsize : 49
nodes : 445699577.000000
filtered : 2524847528.000000
time : 2187.943604
