Parameters: GAD=1 vflib=1 dir=0 label=1 lowerbound=1 fileNameGp=../graphsdb/mcs70/m2D/m2Dr4/mcs70_m2Dr4_s35.A91 fileNameGt=../graphsdb/mcs70/m2D/m2Dr4/mcs70_m2Dr4_s35.B91
Reading graphs...
35 :  71
35 :  70
Initializing...
maxdom : 10
D->valSize : 213
Solving...
Blb : 2 (clique : 17)
currentSize : 17 <-- 0.001170 s
currentSize : 18 <-- 0.001252 s
currentSize : 19 <-- 0.001319 s
currentSize : 20 <-- 0.001375 s
currentSize : 22 <-- 0.001516 s
currentSize : 24 <-- 0.003361 s

maxsize : 24
nodes : 1982.000000
filtered : 11731.000000
time : 0.007087
