Parameters: GAD=1 vflib=1 dir=0 label=1 lowerbound=1 fileNameGp=../graphsdb/mcs70/rand/r005/mcs70_r005_s100.A35 fileNameGt=../graphsdb/mcs70/rand/r005/mcs70_r005_s100.B35
Reading graphs...
100 :  479
100 :  480
Initializing...
maxdom : 6
D->valSize : 338
Solving...
Blb : 2 (clique : 32)
currentSize : 32 <-- 0.003503 s
currentSize : 36 <-- 0.003737 s
currentSize : 39 <-- 0.003874 s
currentSize : 43 <-- 0.004156 s
currentSize : 50 <-- 0.005175 s
currentSize : 51 <-- 0.053560 s
currentSize : 58 <-- 0.250380 s
currentSize : 67 <-- 0.514198 s

maxsize : 67
nodes : 175540.000000
filtered : 1095314.000000
time : 1.074271
