Parameters: GAD=1 vflib=1 dir=0 label=1 lowerbound=1 fileNameGp=../graphsdb/mcs70/rand/r02/mcs70_r02_s100.A53 fileNameGt=../graphsdb/mcs70/rand/r02/mcs70_r02_s100.B53
Reading graphs...
100 :  1792
100 :  1783
Initializing...
maxdom : 8
D->valSize : 406
Solving...
Blb : 2 (clique : 21)
currentSize : 21 <-- 0.006392 s
currentSize : 24 <-- 0.007312 s
currentSize : 25 <-- 0.007559 s
currentSize : 26 <-- 0.021500 s
currentSize : 45 <-- 0.039611 s
currentSize : 46 <-- 0.040550 s
currentSize : 47 <-- 2.283618 s
currentSize : 48 <-- 2.284192 s
currentSize : 49 <-- 329.541473 s

maxsize : 49
nodes : 231419760.000000
filtered : 78689177.000000
time : 914.808777
