Parameters: GAD=1 vflib=1 dir=0 label=1 lowerbound=1 fileNameGp=../graphsdb/mcs70/m2D/m2D/mcs70_m2D_s100.A69 fileNameGt=../graphsdb/mcs70/m2D/m2D/mcs70_m2D_s100.B69
Reading graphs...
100 :  180
100 :  180
Initializing...
maxdom : 9
D->valSize : 413
Solving...
Blb : 3 (clique : 45)
currentSize : 45 <-- 0.004829 s
currentSize : 46 <-- 0.493686 s
currentSize : 47 <-- 6.688092 s
currentSize : 48 <-- 12.391981 s
currentSize : 49 <-- 16.341278 s
currentSize : 50 <-- 25.623825 s
currentSize : 51 <-- 26.909996 s
currentSize : 52 <-- 27.656832 s
currentSize : 53 <-- 40.142895 s
currentSize : 54 <-- 40.252930 s
currentSize : 55 <-- 95.826187 s
currentSize : 56 <-- 108.364891 s
currentSize : 57 <-- 108.442955 s
currentSize : 58 <-- 145.131210 s
currentSize : 59 <-- 145.159882 s
currentSize : 60 <-- 145.160065 s
currentSize : 61 <-- 145.592529 s
currentSize : 62 <-- 254.262802 s
currentSize : 63 <-- 254.629929 s
currentSize : 64 <-- 330.299896 s

maxsize : 64
nodes : 211349258.000000
filtered : 787688749.000000
time : 1100.034302
