Parameters: GAD=1 vflib=1 dir=0 label=1 lowerbound=1 fileNameGp=../graphsdb/mcs70/bvg/b06m/mcs70_b06m_s90.A75 fileNameGt=../graphsdb/mcs70/bvg/b06m/mcs70_b06m_s90.B75
Reading graphs...
90 :  269
90 :  270
Initializing...
maxdom : 8
D->valSize : 533
Solving...
Blb : 2 (clique : 44)
currentSize : 44 <-- 0.010235 s
currentSize : 46 <-- 0.010737 s
currentSize : 56 <-- 0.021335 s
currentSize : 58 <-- 0.022251 s
currentSize : 64 <-- 0.044434 s

maxsize : 64
nodes : 585183.000000
filtered : 4176543.000000
time : 3.434615
