Parameters: GAD=1 vflib=1 dir=0 label=1 lowerbound=1 fileNameGp=../graphsdb/mcs70/bvg/b03m/mcs70_b03m_s40.A27 fileNameGt=../graphsdb/mcs70/bvg/b03m/mcs70_b03m_s40.B27
Reading graphs...
40 :  60
40 :  60
Initializing...
maxdom : 8
D->valSize : 225
Solving...
Blb : 3 (clique : 23)
currentSize : 23 <-- 0.001431 s
currentSize : 24 <-- 0.015150 s
currentSize : 25 <-- 0.058983 s
currentSize : 26 <-- 0.099773 s
currentSize : 27 <-- 0.099828 s
currentSize : 28 <-- 0.127096 s

maxsize : 28
nodes : 57967.000000
filtered : 433863.000000
time : 0.201243
