Parameters: GAD=1 vflib=1 dir=0 label=1 lowerbound=1 fileNameGp=../graphsdb/mcs70/bvg/b09m/mcs70_b09m_s50.A91 fileNameGt=../graphsdb/mcs70/bvg/b09m/mcs70_b09m_s50.B91
Reading graphs...
50 :  221
50 :  223
Initializing...
maxdom : 10
D->valSize : 346
Solving...
Blb : 2 (clique : 27)
currentSize : 27 <-- 0.003937 s
currentSize : 28 <-- 0.007538 s
currentSize : 29 <-- 0.069296 s
currentSize : 31 <-- 0.113426 s
currentSize : 32 <-- 0.113514 s
currentSize : 34 <-- 0.114295 s

maxsize : 34
nodes : 36199.000000
filtered : 276406.000000
time : 0.158227
