Parameters: GAD=1 vflib=1 dir=0 label=1 lowerbound=1 fileNameGp=../graphsdb/mcs70/rand/r005/mcs70_r005_s25.A93 fileNameGt=../graphsdb/mcs70/rand/r005/mcs70_r005_s25.B93
Reading graphs...
25 :  32
25 :  33
Initializing...
maxdom : 7
D->valSize : 160
Solving...
Blb : 3 (clique : 12)
currentSize : 12 <-- 0.000852 s
currentSize : 13 <-- 0.001468 s
currentSize : 14 <-- 0.001598 s
currentSize : 15 <-- 0.003614 s
currentSize : 16 <-- 0.016056 s
currentSize : 17 <-- 0.022268 s

maxsize : 17
nodes : 10666.000000
filtered : 112683.000000
time : 0.031940
