Parameters: GAD=1 vflib=1 dir=0 label=1 lowerbound=1 fileNameGp=../graphsdb/mcs70/bvg/b09/mcs70_b09_s80.A29 fileNameGt=../graphsdb/mcs70/bvg/b09/mcs70_b09_s80.B29
Reading graphs...
80 :  360
80 :  359
Initializing...
maxdom : 8
D->valSize : 439
Solving...
Blb : 2 (clique : 23)
currentSize : 23 <-- 0.006978 s
currentSize : 24 <-- 0.011259 s
currentSize : 29 <-- 0.019366 s
currentSize : 30 <-- 0.021640 s
currentSize : 31 <-- 0.105189 s
currentSize : 32 <-- 0.106150 s
currentSize : 35 <-- 0.116438 s
currentSize : 36 <-- 0.116555 s
currentSize : 38 <-- 0.117106 s
currentSize : 39 <-- 0.117900 s
currentSize : 44 <-- 1.120819 s
currentSize : 46 <-- 1.120900 s
currentSize : 48 <-- 1.121466 s
currentSize : 50 <-- 1.121552 s
currentSize : 53 <-- 2.159751 s
currentSize : 56 <-- 2.159875 s

maxsize : 56
nodes : 1059535.000000
filtered : 5822827.000000
time : 5.118030
