Parameters: GAD=1 vflib=1 dir=0 label=1 lowerbound=1 fileNameGp=../graphsdb/mcs70/m2D/m2Dr6/mcs70_m2Dr6_s90.A27 fileNameGt=../graphsdb/mcs70/m2D/m2Dr6/mcs70_m2Dr6_s90.B27
Reading graphs...
90 :  214
90 :  212
Initializing...
maxdom : 10
D->valSize : 569
Solving...
Blb : 2 (clique : 44)
currentSize : 44 <-- 0.006824 s
currentSize : 45 <-- 0.007187 s
currentSize : 46 <-- 20.579248 s
currentSize : 47 <-- 126.220207 s
currentSize : 48 <-- 126.220306 s
currentSize : 49 <-- 126.220680 s
currentSize : 50 <-- 126.220726 s
currentSize : 51 <-- 126.220833 s
currentSize : 52 <-- 126.295830 s
currentSize : 54 <-- 126.296440 s
currentSize : 55 <-- 126.296532 s
currentSize : 60 <-- 163.067978 s
currentSize : 61 <-- 171.687195 s
currentSize : 62 <-- 336.406769 s
currentSize : 63 <-- 432.359375 s
currentSize : 64 <-- 432.359467 s

maxsize : 64
nodes : 166689710.000000
filtered : 684290431.000000
time : 730.034973
