Parameters: GAD=1 vflib=1 dir=0 label=1 lowerbound=1 fileNameGp=../graphsdb/mcs70/bvg/b03/mcs70_b03_s40.A42 fileNameGt=../graphsdb/mcs70/bvg/b03/mcs70_b03_s40.B42
Reading graphs...
40 :  60
40 :  60
Initializing...
maxdom : 7
D->valSize : 225
Solving...
Blb : 3 (clique : 16)
currentSize : 16 <-- 0.001411 s
currentSize : 20 <-- 0.001497 s
currentSize : 21 <-- 0.005480 s
currentSize : 22 <-- 0.007871 s
currentSize : 23 <-- 0.014117 s
currentSize : 24 <-- 0.042028 s
currentSize : 27 <-- 0.076627 s
currentSize : 28 <-- 0.076661 s

maxsize : 28
nodes : 25432.000000
filtered : 163421.000000
time : 0.089812
