Parameters: GAD=1 vflib=1 dir=0 label=1 lowerbound=1 fileNameGp=../graphsdb/mcs70/bvg/b09/mcs70_b09_s100.A64 fileNameGt=../graphsdb/mcs70/bvg/b09/mcs70_b09_s100.B64
Reading graphs...
100 :  450
100 :  447
Initializing...
maxdom : 7
D->valSize : 351
Solving...
Blb : 2 (clique : 34)
currentSize : 34 <-- 0.005755 s
currentSize : 35 <-- 0.006434 s
currentSize : 40 <-- 0.008562 s
currentSize : 42 <-- 0.008980 s
currentSize : 44 <-- 0.027240 s
currentSize : 46 <-- 0.028034 s
currentSize : 48 <-- 0.028317 s
currentSize : 50 <-- 0.087592 s
currentSize : 51 <-- 0.087886 s
currentSize : 52 <-- 0.088448 s
currentSize : 53 <-- 0.088740 s
currentSize : 54 <-- 0.093635 s
currentSize : 55 <-- 0.211192 s
currentSize : 56 <-- 0.211515 s
currentSize : 58 <-- 0.226694 s
currentSize : 60 <-- 0.990279 s
currentSize : 63 <-- 0.990574 s
currentSize : 66 <-- 0.990790 s
currentSize : 67 <-- 1.017373 s
currentSize : 70 <-- 1.017689 s

maxsize : 70
nodes : 363117.000000
filtered : 1877594.000000
time : 2.111516
