Parameters: GAD=1 vflib=1 dir=0 label=1 lowerbound=1 fileNameGp=../graphsdb/mcs70/rand/r01/mcs70_r01_s20.A65 fileNameGt=../graphsdb/mcs70/rand/r01/mcs70_r01_s20.B65
Reading graphs...
20 :  35
20 :  36
Initializing...
maxdom : 7
D->valSize : 105
Solving...
Blb : 2 (clique : 9)
currentSize : 9 <-- 0.000622 s
currentSize : 10 <-- 0.002284 s
currentSize : 11 <-- 0.002559 s
currentSize : 12 <-- 0.002662 s
currentSize : 14 <-- 0.002694 s

maxsize : 14
nodes : 1168.000000
filtered : 6215.000000
time : 0.003034
