Parameters: GAD=1 vflib=1 dir=0 label=1 lowerbound=1 fileNameGp=../graphsdb/mcs70/m2D/m2D/mcs70_m2D_s100.A44 fileNameGt=../graphsdb/mcs70/m2D/m2D/mcs70_m2D_s100.B44
Reading graphs...
100 :  180
100 :  180
Initializing...
maxdom : 8
D->valSize : 391
Solving...
Blb : 2 (clique : 38)
currentSize : 38 <-- 0.004530 s
currentSize : 39 <-- 0.004837 s
currentSize : 40 <-- 0.004959 s
currentSize : 41 <-- 0.007393 s
currentSize : 42 <-- 0.015164 s
currentSize : 43 <-- 0.015234 s
currentSize : 44 <-- 0.573908 s
currentSize : 45 <-- 7.048271 s
currentSize : 46 <-- 8.410309 s
currentSize : 47 <-- 18.691511 s
currentSize : 48 <-- 99.894623 s
currentSize : 49 <-- 196.336151 s
currentSize : 50 <-- 816.901184 s
currentSize : 51 <-- 1183.659180 s
currentSize : 52 <-- 1586.491821 s
currentSize : 53 <-- 1807.862915 s
currentSize : 54 <-- 2610.919678 s
currentSize : 55 <-- 3481.898682 s

TIMEOUT
maxsize : 55
nodes : 710218073.000000
filtered : 2613017910.000000
time : 3600.000000
