Parameters: GAD=1 vflib=1 dir=0 label=1 lowerbound=1 fileNameGp=../graphsdb/mcs70/bvg/b09/mcs70_b09_s90.A22 fileNameGt=../graphsdb/mcs70/bvg/b09/mcs70_b09_s90.B22
Reading graphs...
90 :  405
90 :  402
Initializing...
maxdom : 9
D->valSize : 527
Solving...
Blb : 2 (clique : 36)
currentSize : 36 <-- 0.005896 s
currentSize : 42 <-- 0.006488 s
currentSize : 43 <-- 0.006555 s
currentSize : 52 <-- 0.028309 s
currentSize : 54 <-- 0.028423 s
currentSize : 55 <-- 8.710123 s
currentSize : 57 <-- 8.710260 s
currentSize : 60 <-- 8.710809 s
currentSize : 62 <-- 8.710938 s

maxsize : 62
nodes : 2528592.000000
filtered : 22841435.000000
time : 14.863612
