Parameters: GAD=1 vflib=1 dir=0 label=1 lowerbound=1 fileNameGp=../graphsdb/mcs70/bvg/b09m/mcs70_b09m_s50.A24 fileNameGt=../graphsdb/mcs70/bvg/b09m/mcs70_b09m_s50.B24
Reading graphs...
50 :  214
50 :  215
Initializing...
maxdom : 11
D->valSize : 372
Solving...
Blb : 3 (clique : 12)
currentSize : 12 <-- 0.004341 s
currentSize : 13 <-- 0.004557 s
currentSize : 14 <-- 0.007512 s
currentSize : 15 <-- 0.018535 s
currentSize : 16 <-- 0.018750 s
currentSize : 17 <-- 0.020877 s
currentSize : 18 <-- 0.048086 s
currentSize : 19 <-- 0.048118 s
currentSize : 21 <-- 0.059656 s
currentSize : 22 <-- 0.060824 s
currentSize : 25 <-- 0.060871 s
currentSize : 27 <-- 0.085412 s
currentSize : 28 <-- 0.085456 s
currentSize : 30 <-- 0.231430 s
currentSize : 31 <-- 0.231476 s

maxsize : 31
nodes : 88740.000000
filtered : 771380.000000
time : 0.338500
