Parameters: GAD=1 vflib=1 dir=0 label=1 lowerbound=1 fileNameGp=../graphsdb/mcs70/m2D/m2Dr4/mcs70_m2Dr4_s35.A55 fileNameGt=../graphsdb/mcs70/m2D/m2Dr4/mcs70_m2Dr4_s35.B55
Reading graphs...
35 :  70
35 :  69
Initializing...
maxdom : 8
D->valSize : 198
Solving...
Blb : 2 (clique : 12)
currentSize : 12 <-- 0.001090 s
currentSize : 13 <-- 0.001162 s
currentSize : 14 <-- 0.001403 s
currentSize : 15 <-- 0.027080 s
currentSize : 16 <-- 0.035664 s
currentSize : 19 <-- 0.062096 s
currentSize : 20 <-- 0.062134 s
currentSize : 22 <-- 0.062200 s
currentSize : 23 <-- 0.062252 s
currentSize : 24 <-- 0.062267 s

maxsize : 24
nodes : 25063.000000
filtered : 166798.000000
time : 0.075651
