Parameters: GAD=1 vflib=1 dir=0 label=1 lowerbound=1 fileNameGp=../graphsdb/mcs70/rand/r01/mcs70_r01_s90.A12 fileNameGt=../graphsdb/mcs70/rand/r01/mcs70_r01_s90.B12
Reading graphs...
90 :  762
90 :  758
Initializing...
maxdom : 9
D->valSize : 564
Solving...
Blb : 3 (clique : 25)
currentSize : 25 <-- 0.010291 s
currentSize : 31 <-- 0.010670 s
currentSize : 35 <-- 0.011048 s
currentSize : 45 <-- 0.012347 s
currentSize : 55 <-- 0.035705 s
currentSize : 56 <-- 0.123826 s

maxsize : 56
nodes : 271721.000000
filtered : 1398453.000000
time : 1.294967
