Parameters: GAD=1 vflib=1 dir=0 label=1 lowerbound=1 fileNameGp=../graphsdb/mcs70/m2D/m2Dr2/mcs70_m2Dr2_s40.A47 fileNameGt=../graphsdb/mcs70/m2D/m2Dr2/mcs70_m2Dr2_s40.B47
Reading graphs...
40 :  74
40 :  74
Initializing...
maxdom : 7
D->valSize : 202
Solving...
Blb : 2 (clique : 15)
currentSize : 15 <-- 0.001300 s
currentSize : 16 <-- 0.001419 s
currentSize : 17 <-- 0.001554 s
currentSize : 18 <-- 0.001745 s
currentSize : 19 <-- 0.001999 s
currentSize : 23 <-- 0.055623 s
currentSize : 25 <-- 0.055661 s

maxsize : 25
nodes : 22999.000000
filtered : 185952.000000
time : 0.088339
