Parameters: GAD=1 vflib=1 dir=0 label=1 lowerbound=1 fileNameGp=../graphsdb/mcs70/m2D/m2Dr4/mcs70_m2Dr4_s25.A69 fileNameGt=../graphsdb/mcs70/m2D/m2Dr4/mcs70_m2Dr4_s25.B69
Reading graphs...
25 :  49
25 :  47
Initializing...
maxdom : 8
D->valSize : 166
Solving...
Blb : 2 (clique : 11)
currentSize : 11 <-- 0.000834 s
currentSize : 12 <-- 0.000925 s
currentSize : 13 <-- 0.001337 s
currentSize : 15 <-- 0.004150 s
currentSize : 16 <-- 0.004516 s

maxsize : 16
nodes : 2624.000000
filtered : 29234.000000
time : 0.008748
