Parameters: GAD=1 vflib=1 dir=0 label=1 lowerbound=1 fileNameGp=../graphsdb/mcs70/bvg/b03m/mcs70_b03m_s90.A33 fileNameGt=../graphsdb/mcs70/bvg/b03m/mcs70_b03m_s90.B33
Reading graphs...
90 :  135
90 :  135
Initializing...
maxdom : 11
D->valSize : 529
Solving...
Blb : 2 (clique : 45)
currentSize : 45 <-- 0.010681 s
currentSize : 46 <-- 0.011220 s
currentSize : 47 <-- 0.012187 s
currentSize : 48 <-- 0.012275 s
currentSize : 49 <-- 0.014665 s
currentSize : 51 <-- 0.014767 s
currentSize : 52 <-- 0.016804 s
currentSize : 53 <-- 0.042315 s
currentSize : 54 <-- 0.061667 s
currentSize : 55 <-- 0.115723 s
currentSize : 56 <-- 0.175721 s
currentSize : 57 <-- 0.206468 s
currentSize : 58 <-- 0.224856 s
currentSize : 59 <-- 0.323923 s
currentSize : 60 <-- 0.897483 s
currentSize : 62 <-- 2.001919 s

maxsize : 62
nodes : 332725236.000000
filtered : 2123508732.000000
time : 1968.169189
