Parameters: GAD=1 vflib=1 dir=0 label=1 lowerbound=1 fileNameGp=../graphsdb/mcs70/m2D/m2Dr4/mcs70_m2Dr4_s50.A67 fileNameGt=../graphsdb/mcs70/m2D/m2Dr4/mcs70_m2Dr4_s50.B67
Reading graphs...
50 :  104
50 :  102
Initializing...
maxdom : 13
D->valSize : 341
Solving...
Blb : 2 (clique : 21)
currentSize : 21 <-- 0.004096 s
currentSize : 22 <-- 0.131560 s
currentSize : 23 <-- 0.149494 s
currentSize : 25 <-- 0.166402 s
currentSize : 26 <-- 0.166450 s
currentSize : 29 <-- 0.377874 s
currentSize : 30 <-- 0.378497 s
currentSize : 31 <-- 0.510654 s
currentSize : 33 <-- 0.830812 s
currentSize : 34 <-- 0.831360 s
currentSize : 35 <-- 0.831443 s

maxsize : 35
nodes : 204617.000000
filtered : 2119955.000000
time : 0.880506
