Parameters: GAD=1 vflib=1 dir=0 label=1 lowerbound=1 fileNameGp=../graphsdb/mcs70/rand/r005/mcs70_r005_s50.A64 fileNameGt=../graphsdb/mcs70/rand/r005/mcs70_r005_s50.B64
Reading graphs...
50 :  119
50 :  117
Initializing...
maxdom : 12
D->valSize : 372
Solving...
Blb : 2 (clique : 24)
currentSize : 24 <-- 0.002892 s
currentSize : 25 <-- 0.003293 s
currentSize : 26 <-- 0.003392 s
currentSize : 28 <-- 0.057371 s
currentSize : 29 <-- 0.057410 s
currentSize : 32 <-- 0.083459 s
currentSize : 35 <-- 0.083641 s

maxsize : 35
nodes : 32953.000000
filtered : 271418.000000
time : 0.150344
