Parameters: GAD=1 vflib=1 dir=0 label=1 lowerbound=1 fileNameGp=../graphsdb/mcs70/rand/r01/mcs70_r01_s100.A33 fileNameGt=../graphsdb/mcs70/rand/r01/mcs70_r01_s100.B33
Reading graphs...
100 :  929
100 :  934
Initializing...
maxdom : 6
D->valSize : 377
Solving...
Blb : 3 (clique : 16)
currentSize : 16 <-- 0.005772 s
currentSize : 17 <-- 0.013316 s
currentSize : 18 <-- 0.013444 s
currentSize : 19 <-- 0.028926 s
currentSize : 22 <-- 0.031301 s
currentSize : 32 <-- 0.045079 s
currentSize : 34 <-- 0.063348 s
currentSize : 47 <-- 0.063634 s
currentSize : 59 <-- 0.142218 s

maxsize : 59
nodes : 1961296.000000
filtered : 1875036.000000
time : 7.616830
