Parameters: GAD=1 vflib=1 dir=0 label=1 lowerbound=1 fileNameGp=../graphsdb/mcs70/bvg/b06m/mcs70_b06m_s40.A74 fileNameGt=../graphsdb/mcs70/bvg/b06m/mcs70_b06m_s40.B74
Reading graphs...
40 :  119
40 :  118
Initializing...
maxdom : 9
D->valSize : 240
Solving...
Blb : 3 (clique : 19)
currentSize : 19 <-- 0.001505 s
currentSize : 24 <-- 0.001592 s
currentSize : 25 <-- 0.001627 s
currentSize : 26 <-- 0.001687 s
currentSize : 27 <-- 0.001738 s

maxsize : 27
nodes : 3744.000000
filtered : 27871.000000
time : 0.013866
