Parameters: GAD=1 vflib=1 dir=0 label=1 lowerbound=1 fileNameGp=../graphsdb/mcs70/bvg/b03/mcs70_b03_s80.A59 fileNameGt=../graphsdb/mcs70/bvg/b03/mcs70_b03_s80.B59
Reading graphs...
80 :  120
80 :  120
Initializing...
maxdom : 10
D->valSize : 451
Solving...
Blb : 2 (clique : 32)
currentSize : 32 <-- 0.004852 s
currentSize : 33 <-- 0.005090 s
currentSize : 34 <-- 0.062484 s
currentSize : 35 <-- 0.194428 s
currentSize : 36 <-- 27.659307 s
currentSize : 37 <-- 45.542656 s
currentSize : 38 <-- 90.774879 s
currentSize : 39 <-- 90.774971 s
currentSize : 40 <-- 91.306831 s
currentSize : 41 <-- 198.456268 s
currentSize : 42 <-- 198.458817 s
currentSize : 43 <-- 285.300934 s
currentSize : 44 <-- 294.877899 s
currentSize : 45 <-- 332.111877 s
currentSize : 46 <-- 349.234344 s
currentSize : 48 <-- 532.553467 s
currentSize : 49 <-- 534.696533 s
currentSize : 50 <-- 573.505066 s
currentSize : 52 <-- 573.517090 s
currentSize : 53 <-- 731.676270 s
currentSize : 55 <-- 731.676331 s
currentSize : 56 <-- 731.676392 s

maxsize : 56
nodes : 167694648.000000
filtered : 897056828.000000
time : 775.121277
