Parameters: GAD=1 vflib=1 dir=0 label=1 lowerbound=1 fileNameGp=../graphsdb/mcs70/rand/r02/mcs70_r02_s80.A37 fileNameGt=../graphsdb/mcs70/rand/r02/mcs70_r02_s80.B37
Reading graphs...
80 :  1140
80 :  1141
Initializing...
maxdom : 9
D->valSize : 472
Solving...
Blb : 2 (clique : 11)
currentSize : 11 <-- 0.007586 s
currentSize : 12 <-- 0.008416 s
currentSize : 13 <-- 0.011863 s
currentSize : 17 <-- 0.014322 s
currentSize : 23 <-- 0.018980 s
currentSize : 42 <-- 0.024664 s
currentSize : 43 <-- 0.032629 s

maxsize : 43
nodes : 824950.000000
filtered : 546964.000000
time : 2.875099
