Parameters: GAD=1 vflib=1 dir=0 label=1 lowerbound=1 fileNameGp=../graphsdb/mcs70/bvg/b03m/mcs70_b03m_s50.A81 fileNameGt=../graphsdb/mcs70/bvg/b03m/mcs70_b03m_s50.B81
Reading graphs...
50 :  74
50 :  74
Initializing...
maxdom : 10
D->valSize : 328
Solving...
Blb : 3 (clique : 29)
currentSize : 29 <-- 0.002632 s
currentSize : 30 <-- 0.002850 s
currentSize : 33 <-- 1.235232 s
currentSize : 34 <-- 1.235362 s
currentSize : 35 <-- 1.236009 s

maxsize : 35
nodes : 378768.000000
filtered : 2839245.000000
time : 1.516123
