Parameters: GAD=1 vflib=1 dir=0 label=1 lowerbound=1 fileNameGp=../graphsdb/mcs70/m2D/m2Dr4/mcs70_m2Dr4_s60.A42 fileNameGt=../graphsdb/mcs70/m2D/m2Dr4/mcs70_m2Dr4_s60.B42
Reading graphs...
60 :  127
60 :  126
Initializing...
maxdom : 6
D->valSize : 234
Solving...
Blb : 3 (clique : 32)
currentSize : 32 <-- 0.002818 s
currentSize : 33 <-- 0.005655 s
currentSize : 34 <-- 0.006134 s
currentSize : 35 <-- 0.033202 s
currentSize : 36 <-- 0.039700 s
currentSize : 37 <-- 0.040175 s

maxsize : 37
nodes : 653905.000000
filtered : 2091360.000000
time : 2.270984
