Parameters: GAD=1 vflib=1 dir=0 label=1 lowerbound=1 fileNameGp=../graphsdb/mcs70/rand/r005/mcs70_r005_s25.A75 fileNameGt=../graphsdb/mcs70/rand/r005/mcs70_r005_s25.B75
Reading graphs...
25 :  33
25 :  33
Initializing...
maxdom : 11
D->valSize : 195
Solving...
Blb : 5 (clique : 12)
currentSize : 12 <-- 0.001028 s
currentSize : 14 <-- 0.001082 s
currentSize : 15 <-- 0.001224 s
currentSize : 16 <-- 0.005207 s
currentSize : 17 <-- 0.024337 s

maxsize : 17
nodes : 9431.000000
filtered : 114767.000000
time : 0.029987
