Parameters: GAD=1 vflib=1 dir=0 label=1 lowerbound=1 fileNameGp=../graphsdb/mcs70/bvg/b03m/mcs70_b03m_s70.A59 fileNameGt=../graphsdb/mcs70/bvg/b03m/mcs70_b03m_s70.B59
Reading graphs...
70 :  103
70 :  103
Initializing...
maxdom : 7
D->valSize : 333
Solving...
Blb : 2 (clique : 35)
currentSize : 35 <-- 0.002995 s
currentSize : 36 <-- 0.003219 s
currentSize : 37 <-- 0.003278 s
currentSize : 38 <-- 0.003405 s
currentSize : 39 <-- 0.003460 s
currentSize : 40 <-- 0.004088 s
currentSize : 41 <-- 0.004112 s
currentSize : 42 <-- 0.004867 s
currentSize : 43 <-- 0.005640 s
currentSize : 44 <-- 0.010575 s
currentSize : 46 <-- 0.033973 s
currentSize : 47 <-- 0.464233 s
currentSize : 48 <-- 0.464359 s

maxsize : 48
nodes : 7164276.000000
filtered : 33538098.000000
time : 33.921841
