Parameters: GAD=1 vflib=1 dir=0 label=1 lowerbound=1 fileNameGp=../graphsdb/mcs70/bvg/b09/mcs70_b09_s90.A82 fileNameGt=../graphsdb/mcs70/bvg/b09/mcs70_b09_s90.B82
Reading graphs...
90 :  405
90 :  403
Initializing...
maxdom : 11
D->valSize : 557
Solving...
Blb : 2 (clique : 20)
currentSize : 20 <-- 0.006340 s
currentSize : 32 <-- 0.006553 s
currentSize : 33 <-- 0.006727 s
currentSize : 34 <-- 0.043172 s
currentSize : 35 <-- 0.043251 s
currentSize : 38 <-- 0.122999 s
currentSize : 39 <-- 0.123076 s
currentSize : 41 <-- 0.123961 s
currentSize : 42 <-- 0.124046 s
currentSize : 44 <-- 5.018693 s
currentSize : 48 <-- 5.020506 s
currentSize : 53 <-- 5.025881 s
currentSize : 59 <-- 5.026118 s
currentSize : 62 <-- 7.342103 s

maxsize : 62
nodes : 2229624.000000
filtered : 22080377.000000
time : 13.585899
