Parameters: GAD=1 vflib=1 dir=0 label=1 lowerbound=1 fileNameGp=../graphsdb/mcs70/bvg/b06/mcs70_b06_s50.A27 fileNameGt=../graphsdb/mcs70/bvg/b06/mcs70_b06_s50.B27
Reading graphs...
50 :  149
50 :  150
Initializing...
maxdom : 9
D->valSize : 311
Solving...
Blb : 3 (clique : 24)
currentSize : 24 <-- 0.002346 s
currentSize : 26 <-- 0.003347 s
currentSize : 29 <-- 0.022447 s
currentSize : 31 <-- 0.099308 s
currentSize : 34 <-- 0.210930 s
currentSize : 35 <-- 0.219144 s

maxsize : 35
nodes : 58931.000000
filtered : 624562.000000
time : 0.255807
