Parameters: GAD=1 vflib=1 dir=0 label=1 lowerbound=1 fileNameGp=../graphsdb/mcs70/m2D/m2Dr4/mcs70_m2Dr4_s100.A86 fileNameGt=../graphsdb/mcs70/m2D/m2Dr4/mcs70_m2Dr4_s100.B86
Reading graphs...
100 :  220
100 :  218
Initializing...
maxdom : 8
D->valSize : 343
Solving...
Blb : 2 (clique : 46)
currentSize : 46 <-- 0.003691 s
currentSize : 47 <-- 0.004061 s
currentSize : 48 <-- 0.004133 s
currentSize : 49 <-- 0.007584 s
currentSize : 50 <-- 0.008564 s
currentSize : 51 <-- 0.008627 s
currentSize : 52 <-- 0.018897 s
currentSize : 53 <-- 0.018972 s
currentSize : 54 <-- 0.019046 s
currentSize : 55 <-- 0.024448 s
currentSize : 56 <-- 0.025328 s
currentSize : 57 <-- 13.859791 s
currentSize : 58 <-- 13.863036 s
currentSize : 59 <-- 13.863534 s
currentSize : 60 <-- 14.580662 s
currentSize : 61 <-- 74.986702 s
currentSize : 62 <-- 74.986832 s
currentSize : 64 <-- 78.792580 s

maxsize : 64
nodes : 97048058.000000
filtered : 276195528.000000
time : 455.517181
