Parameters: GAD=1 vflib=1 dir=0 label=1 lowerbound=1 fileNameGp=../graphsdb/mcs70/bvg/b06m/mcs70_b06m_s40.A28 fileNameGt=../graphsdb/mcs70/bvg/b06m/mcs70_b06m_s40.B28
Reading graphs...
40 :  116
40 :  114
Initializing...
maxdom : 8
D->valSize : 224
Solving...
Blb : 2 (clique : 15)
currentSize : 15 <-- 0.001385 s
currentSize : 16 <-- 0.014463 s
currentSize : 17 <-- 0.062735 s
currentSize : 18 <-- 0.086449 s
currentSize : 19 <-- 0.086485 s
currentSize : 20 <-- 0.086639 s
currentSize : 21 <-- 0.086731 s
currentSize : 23 <-- 0.086845 s
currentSize : 24 <-- 0.110221 s
currentSize : 27 <-- 0.110283 s

maxsize : 27
nodes : 32480.000000
filtered : 382534.000000
time : 0.119624
