Parameters: GAD=1 vflib=1 dir=0 label=1 lowerbound=1 fileNameGp=../graphsdb/mcs70/bvg/b03/mcs70_b03_s50.A80 fileNameGt=../graphsdb/mcs70/bvg/b03/mcs70_b03_s50.B80
Reading graphs...
50 :  75
50 :  75
Initializing...
maxdom : 11
D->valSize : 376
Solving...
Blb : 2 (clique : 24)
currentSize : 24 <-- 0.003049 s
currentSize : 28 <-- 0.003196 s
currentSize : 29 <-- 0.278026 s
currentSize : 30 <-- 0.465544 s
currentSize : 31 <-- 0.467567 s
currentSize : 32 <-- 0.467605 s
currentSize : 33 <-- 0.467696 s
currentSize : 36 <-- 0.502996 s
currentSize : 37 <-- 0.519473 s

maxsize : 37
nodes : 103654.000000
filtered : 1376125.000000
time : 0.523813
