Parameters: GAD=1 vflib=1 dir=0 label=1 lowerbound=1 fileNameGp=../graphsdb/mcs70/bvg/b06/mcs70_b06_s50.A86 fileNameGt=../graphsdb/mcs70/bvg/b06/mcs70_b06_s50.B86
Reading graphs...
50 :  149
50 :  150
Initializing...
maxdom : 10
D->valSize : 332
Solving...
Blb : 3 (clique : 25)
currentSize : 25 <-- 0.002419 s
currentSize : 26 <-- 0.010630 s
currentSize : 28 <-- 0.010711 s
currentSize : 29 <-- 0.180499 s
currentSize : 32 <-- 0.344561 s
currentSize : 33 <-- 0.344575 s
currentSize : 34 <-- 0.344640 s
currentSize : 35 <-- 0.344690 s

maxsize : 35
nodes : 129550.000000
filtered : 938936.000000
time : 0.489646
