Parameters: GAD=1 vflib=1 dir=0 label=1 lowerbound=1 fileNameGp=../graphsdb/mcs70/bvg/b06/mcs70_b06_s35.A28 fileNameGt=../graphsdb/mcs70/bvg/b06/mcs70_b06_s35.B28
Reading graphs...
35 :  105
35 :  104
Initializing...
maxdom : 8
D->valSize : 176
Solving...
Blb : 2 (clique : 10)
currentSize : 10 <-- 0.000938 s
currentSize : 12 <-- 0.002326 s
currentSize : 13 <-- 0.002360 s
currentSize : 16 <-- 0.013048 s
currentSize : 17 <-- 0.017715 s
currentSize : 24 <-- 0.017890 s

maxsize : 24
nodes : 5445.000000
filtered : 57040.000000
time : 0.018907
