Parameters: GAD=1 vflib=1 dir=0 label=1 lowerbound=1 fileNameGp=../graphsdb/mcs70/bvg/b06/mcs70_b06_s60.A99 fileNameGt=../graphsdb/mcs70/bvg/b06/mcs70_b06_s60.B99
Reading graphs...
60 :  179
60 :  180
Initializing...
maxdom : 6
D->valSize : 224
Solving...
Blb : 2 (clique : 20)
currentSize : 20 <-- 0.001836 s
currentSize : 22 <-- 0.001958 s
currentSize : 23 <-- 0.002455 s
currentSize : 24 <-- 0.006243 s
currentSize : 25 <-- 0.013625 s
currentSize : 26 <-- 0.014849 s
currentSize : 29 <-- 0.016236 s
currentSize : 30 <-- 0.016311 s
currentSize : 31 <-- 0.016705 s
currentSize : 33 <-- 0.040267 s
currentSize : 36 <-- 0.040368 s
currentSize : 37 <-- 0.233010 s
currentSize : 43 <-- 0.315981 s

maxsize : 43
nodes : 84041.000000
filtered : 357586.000000
time : 0.325928
