Parameters: GAD=1 vflib=1 dir=0 label=1 lowerbound=1 fileNameGp=../graphsdb/mcs70/bvg/b03m/mcs70_b03m_s70.A83 fileNameGt=../graphsdb/mcs70/bvg/b03m/mcs70_b03m_s70.B83
Reading graphs...
70 :  103
70 :  104
Initializing...
maxdom : 9
D->valSize : 326
Solving...
Blb : 5 (clique : 31)
currentSize : 31 <-- 0.004637 s
currentSize : 32 <-- 0.005137 s
currentSize : 35 <-- 1.926522 s
currentSize : 36 <-- 1.926681 s
currentSize : 37 <-- 4.354685 s
currentSize : 38 <-- 4.419220 s
currentSize : 39 <-- 4.503732 s
currentSize : 40 <-- 78.268578 s
currentSize : 41 <-- 78.391853 s
currentSize : 42 <-- 101.894058 s
currentSize : 44 <-- 226.801529 s
currentSize : 47 <-- 226.862015 s

maxsize : 47
nodes : 55496575.000000
filtered : 295561132.000000
time : 261.144012
