Parameters: GAD=1 vflib=1 dir=0 label=1 lowerbound=1 fileNameGp=../graphsdb/mcs70/bvg/b03/mcs70_b03_s70.A87 fileNameGt=../graphsdb/mcs70/bvg/b03/mcs70_b03_s70.B87
Reading graphs...
70 :  105
70 :  105
Initializing...
maxdom : 7
D->valSize : 327
Solving...
Blb : 2 (clique : 39)
currentSize : 39 <-- 0.003028 s
currentSize : 40 <-- 6.007871 s
currentSize : 43 <-- 37.886879 s
currentSize : 45 <-- 37.886959 s
currentSize : 48 <-- 130.424850 s

maxsize : 48
nodes : 36104489.000000
filtered : 170019822.000000
time : 161.809036
