Parameters: GAD=1 vflib=1 dir=0 label=1 lowerbound=1 fileNameGp=../graphsdb/mcs70/m2D/m2Dr6/m2Dr6/mcs70_m2Dr6_s25.A97 fileNameGt=../graphsdb/mcs70/m2D/m2Dr6/m2Dr6/mcs70_m2Dr6_s25.B97
Reading graphs...
25 :  54
25 :  53
Initializing...
maxdom : 11
D->valSize : 168
Solving...
Blb : 2 (clique : 8)
currentSize : 8 <-- 0.001161 s
currentSize : 9 <-- 0.001319 s
currentSize : 10 <-- 0.005519 s
currentSize : 12 <-- 0.008699 s
currentSize : 13 <-- 0.010746 s
currentSize : 15 <-- 0.013586 s

maxsize : 15
nodes : 4467.000000
filtered : 55096.000000
time : 0.017422
