Parameters: GAD=1 vflib=1 dir=0 label=1 lowerbound=1 fileNameGp=../graphsdb/mcs70/bvg/b06/mcs70_b06_s100.A76 fileNameGt=../graphsdb/mcs70/bvg/b06/mcs70_b06_s100.B76
Reading graphs...
100 :  300
100 :  299
Initializing...
maxdom : 6
D->valSize : 368
Solving...
Blb : 2 (clique : 42)
currentSize : 42 <-- 0.003795 s
currentSize : 45 <-- 0.004114 s
currentSize : 51 <-- 0.004369 s
currentSize : 53 <-- 0.006250 s
currentSize : 54 <-- 0.897621 s
currentSize : 55 <-- 13.219882 s
currentSize : 61 <-- 13.220476 s
currentSize : 62 <-- 147.613312 s
currentSize : 70 <-- 147.696671 s

maxsize : 70
nodes : 37495084.000000
filtered : 178053949.000000
time : 216.532608
