Parameters: GAD=1 vflib=1 dir=0 label=1 lowerbound=1 fileNameGp=../graphsdb/mcs70/m3D/m3Dr6/mcs70_m3Dr6_s35.A00 fileNameGt=../graphsdb/mcs70/m3D/m3Dr6/mcs70_m3Dr6_s35.B00
Reading graphs...
35 :  91
35 :  89
Initializing...
maxdom : 7
D->valSize : 159
Solving...
Blb : 2 (clique : 11)
currentSize : 11 <-- 0.001093 s
currentSize : 15 <-- 0.001161 s
currentSize : 17 <-- 0.002469 s
currentSize : 19 <-- 0.004986 s
currentSize : 20 <-- 0.016663 s
currentSize : 24 <-- 0.017669 s
currentSize : 25 <-- 0.017725 s

maxsize : 25
nodes : 7496.000000
filtered : 32769.000000
time : 0.022406
