Parameters: GAD=1 vflib=1 dir=0 label=1 lowerbound=1 fileNameGp=../graphsdb/mcs70/m2D/m2D/mcs70_m2D_s50.A14 fileNameGt=../graphsdb/mcs70/m2D/m2D/mcs70_m2D_s50.B14
Reading graphs...
50 :  85
50 :  85
Initializing...
maxdom : 14
D->valSize : 396
Solving...
Blb : 2 (clique : 30)
currentSize : 30 <-- 0.005341 s
currentSize : 32 <-- 0.022358 s
currentSize : 33 <-- 0.831608 s
currentSize : 36 <-- 0.831974 s
currentSize : 37 <-- 0.832119 s

maxsize : 37
nodes : 219338.000000
filtered : 1735362.000000
time : 0.997762
