Parameters: GAD=1 vflib=1 dir=0 label=1 lowerbound=1 fileNameGp=../graphsdb/mcs70/m2D/m2Dr6/mcs70_m2Dr6_s50.A01 fileNameGt=../graphsdb/mcs70/m2D/m2Dr6/mcs70_m2Dr6_s50.B01
Reading graphs...
50 :  113
50 :  110
Initializing...
maxdom : 9
D->valSize : 329
Solving...
Blb : 2 (clique : 24)
currentSize : 24 <-- 0.002446 s
currentSize : 27 <-- 0.003789 s
currentSize : 28 <-- 0.019706 s
currentSize : 32 <-- 0.104785 s
currentSize : 33 <-- 0.105752 s
currentSize : 34 <-- 0.156750 s
currentSize : 35 <-- 0.210196 s

maxsize : 35
nodes : 78758.000000
filtered : 506606.000000
time : 0.289252
