Parameters: GAD=1 vflib=1 dir=0 label=1 lowerbound=1 fileNameGp=../graphsdb/mcs70/m3D/m3Dr6/mcs70_m3Dr6_s40.A84 fileNameGt=../graphsdb/mcs70/m3D/m3Dr6/mcs70_m3Dr6_s40.B84
Reading graphs...
40 :  106
40 :  106
Initializing...
maxdom : 7
D->valSize : 224
Solving...
Blb : 3 (clique : 17)
currentSize : 17 <-- 0.001400 s
currentSize : 20 <-- 0.005031 s
currentSize : 23 <-- 0.030544 s
currentSize : 25 <-- 0.030627 s
currentSize : 27 <-- 0.031409 s

maxsize : 27
nodes : 22827.000000
filtered : 145746.000000
time : 0.075852
