Parameters: GAD=1 vflib=1 dir=0 label=1 lowerbound=1 fileNameGp=../graphsdb/mcs70/bvg/b03m/mcs70_b03m_s60.A30 fileNameGt=../graphsdb/mcs70/bvg/b03m/mcs70_b03m_s60.B30
Reading graphs...
60 :  90
60 :  90
Initializing...
maxdom : 9
D->valSize : 272
Solving...
Blb : 2 (clique : 29)
currentSize : 29 <-- 0.002211 s
currentSize : 30 <-- 0.002550 s
currentSize : 31 <-- 0.003310 s
currentSize : 32 <-- 0.006048 s
currentSize : 33 <-- 0.012863 s
currentSize : 34 <-- 0.072604 s
currentSize : 35 <-- 0.080672 s
currentSize : 36 <-- 0.080751 s
currentSize : 37 <-- 0.192003 s
currentSize : 38 <-- 0.199849 s
currentSize : 39 <-- 0.306124 s
currentSize : 40 <-- 0.309129 s
currentSize : 42 <-- 0.373212 s
currentSize : 43 <-- 0.378343 s

maxsize : 43
nodes : 342243.000000
filtered : 1536860.000000
time : 1.249210
