Parameters: GAD=1 vflib=1 dir=0 label=1 lowerbound=1 fileNameGp=../graphsdb/mcs70/rand/r02/mcs70_r02_s50.A28 fileNameGt=../graphsdb/mcs70/rand/r02/mcs70_r02_s50.B28
Reading graphs...
50 :  442
50 :  447
Initializing...
maxdom : 8
D->valSize : 324
Solving...
Blb : 3 (clique : 10)
currentSize : 10 <-- 0.002201 s
currentSize : 11 <-- 0.003590 s
currentSize : 13 <-- 0.004027 s
currentSize : 18 <-- 0.010110 s
currentSize : 22 <-- 0.010792 s
currentSize : 30 <-- 0.012715 s

maxsize : 30
nodes : 5149.000000
filtered : 65040.000000
time : 0.022263
