Parameters: GAD=1 vflib=1 dir=0 label=1 lowerbound=1 fileNameGp=../graphsdb/mcs70/bvg/b03/mcs70_b03_s70.A38 fileNameGt=../graphsdb/mcs70/bvg/b03/mcs70_b03_s70.B38
Reading graphs...
70 :  105
70 :  105
Initializing...
maxdom : 8
D->valSize : 324
Solving...
Blb : 2 (clique : 40)
currentSize : 40 <-- 0.002901 s
currentSize : 43 <-- 0.003153 s
currentSize : 46 <-- 0.003542 s
currentSize : 48 <-- 0.003666 s
currentSize : 49 <-- 0.058132 s

maxsize : 49
nodes : 2185729.000000
filtered : 13191588.000000
time : 10.734028
