Parameters: GAD=1 vflib=1 dir=0 label=1 lowerbound=1 fileNameGp=../graphsdb/mcs70/m2D/m2Dr4/mcs70_m2Dr4_s40.A27 fileNameGt=../graphsdb/mcs70/m2D/m2Dr4/mcs70_m2Dr4_s40.B27
Reading graphs...
40 :  83
40 :  81
Initializing...
maxdom : 10
D->valSize : 239
Solving...
Blb : 2 (clique : 19)
currentSize : 19 <-- 0.002328 s
currentSize : 21 <-- 0.002488 s
currentSize : 22 <-- 0.002592 s
currentSize : 23 <-- 0.035898 s
currentSize : 24 <-- 0.068549 s
currentSize : 25 <-- 0.093803 s

maxsize : 25
nodes : 83147.000000
filtered : 426011.000000
time : 0.278300
