Parameters: GAD=1 vflib=1 dir=0 label=1 lowerbound=1 fileNameGp=../graphsdb/mcs70/m2D/m2Dr6/mcs70_m2Dr6_s60.A82 fileNameGt=../graphsdb/mcs70/m2D/m2Dr6/mcs70_m2Dr6_s60.B82
Reading graphs...
60 :  138
60 :  136
Initializing...
maxdom : 6
D->valSize : 241
Solving...
Blb : 2 (clique : 25)
currentSize : 25 <-- 0.002803 s
currentSize : 26 <-- 0.003071 s
currentSize : 27 <-- 0.003540 s
currentSize : 28 <-- 0.035392 s
currentSize : 29 <-- 1.775875 s
currentSize : 30 <-- 1.776961 s
currentSize : 31 <-- 1.777518 s
currentSize : 32 <-- 1.807822 s
currentSize : 33 <-- 3.120357 s
currentSize : 34 <-- 3.121573 s
currentSize : 35 <-- 3.121640 s
currentSize : 36 <-- 3.121874 s

maxsize : 36
nodes : 2634863.000000
filtered : 9684749.000000
time : 10.122656
