Parameters: GAD=1 vflib=1 dir=0 label=1 lowerbound=1 fileNameGp=../graphsdb/mcs70/m2D/m2Dr6/mcs70_m2Dr6_s70.A75 fileNameGt=../graphsdb/mcs70/m2D/m2Dr6/mcs70_m2Dr6_s70.B75
Reading graphs...
70 :  161
70 :  163
Initializing...
maxdom : 8
D->valSize : 355
Solving...
Blb : 2 (clique : 30)
currentSize : 30 <-- 0.005046 s
currentSize : 33 <-- 0.008194 s
currentSize : 34 <-- 1.295720 s
currentSize : 35 <-- 3.860833 s
currentSize : 36 <-- 8.633448 s
currentSize : 37 <-- 8.633622 s
currentSize : 38 <-- 8.791878 s
currentSize : 39 <-- 8.792165 s
currentSize : 40 <-- 8.800527 s
currentSize : 41 <-- 8.800713 s
currentSize : 42 <-- 11.482976 s
currentSize : 46 <-- 13.915568 s
currentSize : 48 <-- 13.915689 s

maxsize : 48
nodes : 3225807.000000
filtered : 22168771.000000
time : 15.326201
