Parameters: GAD=1 vflib=1 dir=0 label=1 lowerbound=1 fileNameGp=../graphsdb/mcs70/m2D/m2Dr2/mcs70_m2Dr2_s50.A20 fileNameGt=../graphsdb/mcs70/m2D/m2Dr2/mcs70_m2Dr2_s50.B20
Reading graphs...
50 :  93
50 :  94
Initializing...
maxdom : 9
D->valSize : 320
Solving...
Blb : 3 (clique : 25)
currentSize : 25 <-- 0.002347 s
currentSize : 27 <-- 0.002474 s
currentSize : 29 <-- 0.002534 s
currentSize : 31 <-- 0.002690 s
currentSize : 33 <-- 0.002894 s
currentSize : 34 <-- 0.003273 s
currentSize : 35 <-- 0.003351 s
currentSize : 36 <-- 0.003414 s

maxsize : 36
nodes : 4685.000000
filtered : 42864.000000
time : 0.022778
