Parameters: GAD=1 vflib=1 dir=0 label=1 lowerbound=1 fileNameGp=../graphsdb/mcs70/m2D/m2Dr4/mcs70_m2Dr4_s60.A37 fileNameGt=../graphsdb/mcs70/m2D/m2Dr4/mcs70_m2Dr4_s60.B37
Reading graphs...
60 :  126
60 :  126
Initializing...
maxdom : 6
D->valSize : 233
Solving...
Blb : 2 (clique : 22)
currentSize : 22 <-- 0.001819 s
currentSize : 23 <-- 0.001943 s
currentSize : 24 <-- 0.002910 s
currentSize : 25 <-- 0.073639 s
currentSize : 26 <-- 0.885222 s
currentSize : 27 <-- 1.022858 s
currentSize : 28 <-- 1.064547 s
currentSize : 29 <-- 1.064607 s
currentSize : 30 <-- 1.803415 s
currentSize : 31 <-- 1.803771 s
currentSize : 32 <-- 1.803883 s
currentSize : 34 <-- 1.993697 s
currentSize : 35 <-- 1.998917 s
currentSize : 36 <-- 1.998975 s

maxsize : 36
nodes : 1406761.000000
filtered : 4367547.000000
time : 4.987877
