Parameters: GAD=1 vflib=1 dir=0 label=1 lowerbound=1 fileNameGp=../graphsdb/mcs70/bvg/b03/mcs70_b03_s100.A25 fileNameGt=../graphsdb/mcs70/bvg/b03/mcs70_b03_s100.B25
Reading graphs...
100 :  150
100 :  150
Initializing...
maxdom : 8
D->valSize : 367
Solving...
Blb : 2 (clique : 51)
currentSize : 51 <-- 0.004091 s
currentSize : 52 <-- 0.004525 s
currentSize : 53 <-- 0.009096 s
currentSize : 54 <-- 0.013061 s
currentSize : 55 <-- 0.013158 s
currentSize : 56 <-- 0.046143 s
currentSize : 57 <-- 0.189034 s
currentSize : 58 <-- 0.189097 s
currentSize : 59 <-- 1.707991 s
currentSize : 62 <-- 1.709201 s
currentSize : 63 <-- 22.171436 s
currentSize : 64 <-- 453.411499 s
currentSize : 65 <-- 483.756104 s

TIMEOUT
maxsize : 65
nodes : 757243601.000000
filtered : 2446496596.000000
time : 3600.000000
