Parameters: GAD=1 vflib=1 dir=0 label=1 lowerbound=1 fileNameGp=../graphsdb/mcs70/bvg/b06m/mcs70_b06m_s90.A87 fileNameGt=../graphsdb/mcs70/bvg/b06m/mcs70_b06m_s90.B87
Reading graphs...
90 :  267
90 :  268
Initializing...
maxdom : 15
D->valSize : 628
Solving...
Blb : 2 (clique : 53)
currentSize : 53 <-- 0.007871 s
currentSize : 57 <-- 0.027540 s
currentSize : 60 <-- 6.301394 s
currentSize : 61 <-- 6.302072 s
currentSize : 62 <-- 6.307928 s

maxsize : 62
nodes : 31563555.000000
filtered : 149822512.000000
time : 146.279312
