Parameters: GAD=1 vflib=1 dir=0 label=1 lowerbound=1 fileNameGp=../graphsdb/mcs70/bvg/b09m/mcs70_b09m_s100.A78 fileNameGt=../graphsdb/mcs70/bvg/b09m/mcs70_b09m_s100.B78
Reading graphs...
100 :  446
100 :  446
Initializing...
maxdom : 7
D->valSize : 364
Solving...
Blb : 2 (clique : 50)
currentSize : 50 <-- 0.003816 s
currentSize : 53 <-- 0.004820 s
currentSize : 57 <-- 0.017353 s
currentSize : 62 <-- 0.017705 s
currentSize : 63 <-- 0.026121 s
currentSize : 64 <-- 1.307407 s
currentSize : 67 <-- 3.488216 s
currentSize : 68 <-- 3.488706 s

maxsize : 68
nodes : 836503.000000
filtered : 4588320.000000
time : 4.600891
