Parameters: GAD=1 vflib=1 dir=0 label=1 lowerbound=1 fileNameGp=../graphsdb/mcs70/m3D/m3Dr2/mcs70_m3Dr2_s40.A71 fileNameGt=../graphsdb/mcs70/m3D/m3Dr2/mcs70_m3Dr2_s40.B71
Reading graphs...
40 :  91
40 :  91
Initializing...
maxdom : 8
D->valSize : 206
Solving...
Blb : 2 (clique : 17)
currentSize : 17 <-- 0.001256 s
currentSize : 18 <-- 0.001434 s
currentSize : 19 <-- 0.002475 s
currentSize : 20 <-- 0.017447 s
currentSize : 21 <-- 0.041123 s
currentSize : 22 <-- 0.102944 s
currentSize : 23 <-- 0.103015 s
currentSize : 26 <-- 0.165195 s
currentSize : 27 <-- 0.165245 s

maxsize : 27
nodes : 55208.000000
filtered : 414748.000000
time : 0.185122
