Parameters: GAD=1 vflib=1 dir=0 label=1 lowerbound=1 fileNameGp=../graphsdb/mcs70/m2D/m2Dr6/mcs70_m2Dr6_s80.A31 fileNameGt=../graphsdb/mcs70/m2D/m2Dr6/mcs70_m2Dr6_s80.B31
Reading graphs...
80 :  188
80 :  188
Initializing...
maxdom : 9
D->valSize : 453
Solving...
Blb : 2 (clique : 44)
currentSize : 44 <-- 0.004645 s
currentSize : 45 <-- 0.004968 s
currentSize : 46 <-- 0.007917 s
currentSize : 47 <-- 0.008022 s
currentSize : 48 <-- 0.008337 s
currentSize : 49 <-- 11.821099 s
currentSize : 50 <-- 11.821432 s

maxsize : 50
nodes : 14884258.000000
filtered : 84849316.000000
time : 72.495872
