Parameters: GAD=1 vflib=1 dir=0 label=1 lowerbound=1 fileNameGp=../graphsdb/mcs70/bvg/b09/mcs70_b09_s40.A25 fileNameGt=../graphsdb/mcs70/bvg/b09/mcs70_b09_s40.B25
Reading graphs...
40 :  176
40 :  177
Initializing...
maxdom : 9
D->valSize : 221
Solving...
Blb : 5 (clique : 9)
currentSize : 9 <-- 0.001251 s
currentSize : 10 <-- 0.001311 s
currentSize : 11 <-- 0.001367 s
currentSize : 15 <-- 0.008743 s
currentSize : 28 <-- 0.010679 s

maxsize : 28
nodes : 3043.000000
filtered : 25217.000000
time : 0.011306
