Parameters: GAD=1 vflib=1 dir=0 label=1 lowerbound=1 fileNameGp=../graphsdb/mcs70/m2D/m2Dr2/mcs70_m2Dr2_s70.A69 fileNameGt=../graphsdb/mcs70/m2D/m2Dr2/mcs70_m2Dr2_s70.B69
Reading graphs...
70 :  137
70 :  137
Initializing...
maxdom : 7
D->valSize : 333
Solving...
Blb : 2 (clique : 35)
currentSize : 35 <-- 0.002918 s
currentSize : 36 <-- 0.003165 s
currentSize : 38 <-- 0.003300 s
currentSize : 39 <-- 0.003356 s
currentSize : 40 <-- 0.003928 s
currentSize : 41 <-- 0.006308 s
currentSize : 42 <-- 0.016581 s
currentSize : 43 <-- 0.038150 s
currentSize : 44 <-- 64.433014 s
currentSize : 45 <-- 64.615349 s
currentSize : 46 <-- 64.618362 s
currentSize : 47 <-- 64.790115 s
currentSize : 48 <-- 64.803024 s
currentSize : 49 <-- 64.804321 s

maxsize : 49
nodes : 31165844.000000
filtered : 83844389.000000
time : 112.659279
