Parameters: GAD=1 vflib=1 dir=0 label=1 lowerbound=1 fileNameGp=../graphsdb/mcs70/rand/r02/mcs70_r02_s50.A71 fileNameGt=../graphsdb/mcs70/rand/r02/mcs70_r02_s50.B71
Reading graphs...
50 :  439
50 :  441
Initializing...
maxdom : 12
D->valSize : 316
Solving...
Blb : 2 (clique : 7)
currentSize : 7 <-- 0.002059 s
currentSize : 8 <-- 0.002120 s
currentSize : 10 <-- 0.002781 s
currentSize : 12 <-- 0.009406 s
currentSize : 14 <-- 0.010841 s
currentSize : 16 <-- 0.012200 s
currentSize : 19 <-- 0.013894 s
currentSize : 23 <-- 0.017179 s
currentSize : 29 <-- 0.017727 s
currentSize : 30 <-- 0.017833 s

maxsize : 30
nodes : 4902.000000
filtered : 78091.000000
time : 0.023374
