Parameters: GAD=1 vflib=1 dir=0 label=1 lowerbound=1 fileNameGp=../graphsdb/mcs70/rand/r02/mcs70_r02_s80.A12 fileNameGt=../graphsdb/mcs70/rand/r02/mcs70_r02_s80.B12
Reading graphs...
80 :  1151
80 :  1132
Initializing...
maxdom : 12
D->valSize : 520
Solving...
Blb : 2 (clique : 38)
currentSize : 38 <-- 0.005194 s
currentSize : 39 <-- 0.005406 s
currentSize : 40 <-- 0.006890 s
currentSize : 41 <-- 0.021639 s
currentSize : 42 <-- 0.022514 s

maxsize : 42
nodes : 297096.000000
filtered : 497630.000000
time : 1.139953
