Parameters: GAD=1 vflib=1 dir=0 label=1 lowerbound=1 fileNameGp=../graphsdb/mcs70/bvg/b09/mcs70_b09_s60.A07 fileNameGt=../graphsdb/mcs70/bvg/b09/mcs70_b09_s60.B07
Reading graphs...
60 :  269
60 :  267
Initializing...
maxdom : 8
D->valSize : 262
Solving...
Blb : 2 (clique : 29)
currentSize : 29 <-- 0.002989 s
currentSize : 31 <-- 0.003507 s
currentSize : 32 <-- 0.042277 s
currentSize : 39 <-- 0.046200 s
currentSize : 42 <-- 0.046471 s

maxsize : 42
nodes : 7366.000000
filtered : 62034.000000
time : 0.056827
