Parameters: GAD=1 vflib=1 dir=0 label=1 lowerbound=1 fileNameGp=../graphsdb/mcs70/bvg/b03m/mcs70_b03m_s25.A16 fileNameGt=../graphsdb/mcs70/bvg/b03m/mcs70_b03m_s25.B16
Reading graphs...
25 :  37
25 :  37
Initializing...
maxdom : 10
D->valSize : 156
Solving...
Blb : 2 (clique : 11)
currentSize : 11 <-- 0.000828 s
currentSize : 12 <-- 0.000967 s
currentSize : 13 <-- 0.009725 s
currentSize : 14 <-- 0.010208 s
currentSize : 16 <-- 0.010228 s

maxsize : 16
nodes : 4636.000000
filtered : 34206.000000
time : 0.011636
