Parameters: GAD=1 vflib=1 dir=0 label=1 lowerbound=1 fileNameGp=../graphsdb/mcs70/m3D/m3D/mcs70_m3D_s100.A57 fileNameGt=../graphsdb/mcs70/m3D/m3D/mcs70_m3D_s100.B57
Reading graphs...
100 :  235
100 :  233
Initializing...
maxdom : 7
D->valSize : 379
Solving...
Blb : 2 (clique : 46)
currentSize : 46 <-- 0.004141 s
currentSize : 49 <-- 1.333026 s
currentSize : 50 <-- 1.334204 s
currentSize : 51 <-- 8.752793 s
currentSize : 52 <-- 8.759172 s
currentSize : 53 <-- 9.190516 s
currentSize : 56 <-- 13.426780 s
currentSize : 57 <-- 22.946739 s
currentSize : 58 <-- 23.095509 s
currentSize : 59 <-- 23.352598 s
currentSize : 60 <-- 33.978424 s
currentSize : 62 <-- 34.007652 s

TIMEOUT
maxsize : 62
nodes : 773533691.000000
filtered : 2478695075.000000
time : 3600.000000
