Parameters: GAD=1 vflib=1 dir=0 label=1 lowerbound=1 fileNameGp=../graphsdb/mcs70/rand/r02/mcs70_r02_s60.A49 fileNameGt=../graphsdb/mcs70/rand/r02/mcs70_r02_s60.B49
Reading graphs...
60 :  625
60 :  637
Initializing...
maxdom : 8
D->valSize : 301
Solving...
Blb : 2 (clique : 30)
currentSize : 30 <-- 0.002178 s
currentSize : 32 <-- 0.002346 s
currentSize : 33 <-- 0.004084 s
currentSize : 34 <-- 0.007802 s
currentSize : 35 <-- 0.009025 s

maxsize : 35
nodes : 10476.000000
filtered : 43084.000000
time : 0.037661
