Parameters: GAD=1 vflib=1 dir=0 label=1 lowerbound=1 fileNameGp=../graphsdb/mcs70/m2D/m2Dr6/mcs70_m2Dr6_s40.A47 fileNameGt=../graphsdb/mcs70/m2D/m2Dr6/mcs70_m2Dr6_s40.B47
Reading graphs...
40 :  89
40 :  88
Initializing...
maxdom : 8
D->valSize : 254
Solving...
Blb : 5 (clique : 18)
currentSize : 18 <-- 0.001535 s
currentSize : 19 <-- 0.011177 s
currentSize : 20 <-- 0.029450 s
currentSize : 21 <-- 0.036705 s
currentSize : 22 <-- 0.045774 s
currentSize : 23 <-- 0.047872 s
currentSize : 24 <-- 0.048220 s
currentSize : 25 <-- 0.048255 s

maxsize : 25
nodes : 20765.000000
filtered : 158909.000000
time : 0.075249
