Parameters: GAD=1 vflib=1 dir=0 label=1 lowerbound=1 fileNameGp=../graphsdb/mcs70/m3D/m3Dr2/mcs70_m3Dr2_s40.A52 fileNameGt=../graphsdb/mcs70/m3D/m3Dr2/mcs70_m3Dr2_s40.B52
Reading graphs...
40 :  90
40 :  89
Initializing...
maxdom : 8
D->valSize : 237
Solving...
Blb : 5 (clique : 19)
currentSize : 19 <-- 0.001512 s
currentSize : 20 <-- 0.024693 s
currentSize : 21 <-- 0.046309 s
currentSize : 22 <-- 0.064462 s
currentSize : 24 <-- 0.064495 s
currentSize : 26 <-- 0.102761 s
currentSize : 27 <-- 0.102795 s

maxsize : 27
nodes : 35715.000000
filtered : 338649.000000
time : 0.127609
