Parameters: GAD=1 vflib=1 dir=0 label=1 lowerbound=1 fileNameGp=../graphsdb/mcs70/bvg/b03m/mcs70_b03m_s90.A06 fileNameGt=../graphsdb/mcs70/bvg/b03m/mcs70_b03m_s90.B06
Reading graphs...
90 :  135
90 :  135
Initializing...
maxdom : 11
D->valSize : 585
Solving...
Blb : 2 (clique : 51)
currentSize : 51 <-- 0.012591 s
currentSize : 53 <-- 0.016197 s
currentSize : 54 <-- 0.033763 s
currentSize : 56 <-- 0.066066 s
currentSize : 57 <-- 0.074749 s
currentSize : 58 <-- 261.440430 s
currentSize : 59 <-- 477.111542 s
currentSize : 61 <-- 1681.350098 s
currentSize : 62 <-- 1681.351196 s

maxsize : 62
nodes : 535212910.000000
filtered : 3037328967.000000
time : 2888.929932
