Parameters: GAD=1 vflib=1 dir=0 label=1 lowerbound=1 fileNameGp=../graphsdb/mcs70/bvg/b09m/mcs70_b09m_s100.A79 fileNameGt=../graphsdb/mcs70/bvg/b09m/mcs70_b09m_s100.B79
Reading graphs...
100 :  446
100 :  444
Initializing...
maxdom : 6
D->valSize : 361
Solving...
Blb : 3 (clique : 51)
currentSize : 51 <-- 0.006129 s
currentSize : 53 <-- 0.007682 s
currentSize : 54 <-- 0.008691 s
currentSize : 56 <-- 0.510664 s
currentSize : 61 <-- 0.511148 s
currentSize : 65 <-- 6.316406 s
currentSize : 70 <-- 6.316763 s

maxsize : 70
nodes : 3668207.000000
filtered : 14622824.000000
time : 18.141270
