Parameters: GAD=1 vflib=1 dir=0 label=1 lowerbound=1 fileNameGp=../graphsdb/mcs70/bvg/b09/mcs70_b09_s80.A09 fileNameGt=../graphsdb/mcs70/bvg/b09/mcs70_b09_s80.B09
Reading graphs...
80 :  357
80 :  359
Initializing...
maxdom : 8
D->valSize : 426
Solving...
Blb : 2 (clique : 27)
currentSize : 27 <-- 0.004064 s
currentSize : 28 <-- 0.004647 s
currentSize : 30 <-- 0.043325 s
currentSize : 33 <-- 0.060826 s
currentSize : 34 <-- 1.440300 s
currentSize : 36 <-- 1.567257 s
currentSize : 38 <-- 1.567685 s
currentSize : 44 <-- 2.415644 s
currentSize : 47 <-- 2.418011 s
currentSize : 52 <-- 2.420440 s
currentSize : 56 <-- 2.421011 s

maxsize : 56
nodes : 527157.000000
filtered : 4549277.000000
time : 2.843166
