Parameters: GAD=1 vflib=1 dir=0 label=1 lowerbound=1 fileNameGp=../graphsdb/mcs70/bvg/b03/mcs70_b03_s100.A22 fileNameGt=../graphsdb/mcs70/bvg/b03/mcs70_b03_s100.B22
Reading graphs...
100 :  150
100 :  150
Initializing...
maxdom : 7
D->valSize : 405
Solving...
Blb : 2 (clique : 52)
currentSize : 52 <-- 0.007525 s
currentSize : 53 <-- 0.008179 s
currentSize : 54 <-- 0.027603 s
currentSize : 55 <-- 0.027751 s
currentSize : 56 <-- 0.381876 s
currentSize : 57 <-- 0.382002 s
currentSize : 58 <-- 0.675561 s
currentSize : 59 <-- 0.675710 s
currentSize : 61 <-- 0.679264 s
currentSize : 62 <-- 0.809390 s
currentSize : 63 <-- 0.978072 s
currentSize : 64 <-- 9.259059 s
currentSize : 65 <-- 18.540932 s
currentSize : 66 <-- 24.729321 s
currentSize : 67 <-- 24.944223 s
currentSize : 68 <-- 401.955688 s
currentSize : 69 <-- 407.996521 s
currentSize : 70 <-- 408.265656 s

maxsize : 70
nodes : 275399539.000000
filtered : 1031861684.000000
time : 1448.739746
