Parameters: GAD=1 vflib=1 dir=0 label=1 lowerbound=1 fileNameGp=../graphsdb/mcs70/m2D/m2Dr6/mcs70_m2Dr6_s100.A10 fileNameGt=../graphsdb/mcs70/m2D/m2Dr6/mcs70_m2Dr6_s100.B10
Reading graphs...
100 :  238
100 :  236
Initializing...
maxdom : 7
D->valSize : 371
Solving...
Blb : 3 (clique : 53)
currentSize : 53 <-- 0.004153 s
currentSize : 54 <-- 0.008081 s
currentSize : 55 <-- 0.008298 s
currentSize : 56 <-- 0.008436 s
currentSize : 57 <-- 1.349866 s
currentSize : 58 <-- 1.350051 s
currentSize : 59 <-- 1.350185 s
currentSize : 61 <-- 1301.805298 s
currentSize : 62 <-- 1301.805420 s
currentSize : 63 <-- 1711.793823 s
currentSize : 64 <-- 1711.793945 s

TIMEOUT
maxsize : 64
nodes : 777977614.000000
filtered : 1982779651.000000
time : 3600.000000
