Parameters: GAD=1 vflib=1 dir=0 label=1 lowerbound=1 fileNameGp=../graphsdb/mcs70/m2D/m2Dr2/mcs70_m2Dr2_s100.A40 fileNameGt=../graphsdb/mcs70/m2D/m2Dr2/mcs70_m2Dr2_s100.B40
Reading graphs...
100 :  198
100 :  200
Initializing...
maxdom : 6
D->valSize : 355
Solving...
Blb : 2 (clique : 50)
currentSize : 50 <-- 0.006455 s
currentSize : 51 <-- 0.007014 s
currentSize : 52 <-- 0.007451 s
currentSize : 53 <-- 0.008329 s
currentSize : 54 <-- 0.008658 s
currentSize : 56 <-- 0.058774 s
currentSize : 57 <-- 0.058934 s
currentSize : 59 <-- 0.291267 s
currentSize : 60 <-- 0.291413 s
currentSize : 61 <-- 1.178200 s
currentSize : 64 <-- 406.019623 s
currentSize : 65 <-- 406.020386 s

maxsize : 65
nodes : 98244173.000000
filtered : 390376891.000000
time : 533.983948
