Parameters: GAD=1 vflib=1 dir=0 label=1 lowerbound=1 fileNameGp=../graphsdb/mcs70/rand/r02/mcs70_r02_s100.A86 fileNameGt=../graphsdb/mcs70/rand/r02/mcs70_r02_s100.B86
Reading graphs...
100 :  1770
100 :  1757
Initializing...
maxdom : 10
D->valSize : 373
Solving...
Blb : 2 (clique : 7)
currentSize : 7 <-- 0.003608 s
currentSize : 8 <-- 0.003703 s
currentSize : 12 <-- 0.003741 s
currentSize : 16 <-- 0.003817 s
currentSize : 18 <-- 0.004800 s
currentSize : 23 <-- 0.005667 s
currentSize : 24 <-- 0.005728 s
currentSize : 26 <-- 0.006643 s
currentSize : 29 <-- 0.034424 s
currentSize : 30 <-- 0.137913 s
currentSize : 34 <-- 0.220649 s
currentSize : 35 <-- 0.220836 s
currentSize : 41 <-- 0.298795 s
currentSize : 42 <-- 0.298951 s
currentSize : 43 <-- 0.299214 s
currentSize : 44 <-- 0.303462 s
currentSize : 45 <-- 0.309293 s
currentSize : 46 <-- 0.331774 s
currentSize : 47 <-- 0.401044 s
currentSize : 48 <-- 0.517246 s

maxsize : 48
nodes : 29758593.000000
filtered : 15458121.000000
time : 120.393158
