Parameters: GAD=1 vflib=1 dir=0 label=1 lowerbound=1 fileNameGp=../graphsdb/mcs70/m2D/m2D/mcs70_m2D_s100.A23 fileNameGt=../graphsdb/mcs70/m2D/m2D/mcs70_m2D_s100.B23
Reading graphs...
100 :  180
100 :  179
Initializing...
maxdom : 9
D->valSize : 359
Solving...
Blb : 2 (clique : 44)
currentSize : 44 <-- 0.006387 s
currentSize : 46 <-- 0.007167 s
currentSize : 47 <-- 0.007977 s
currentSize : 50 <-- 0.009979 s
currentSize : 51 <-- 0.013144 s
currentSize : 52 <-- 0.014189 s
currentSize : 54 <-- 0.812437 s
currentSize : 55 <-- 0.824090 s
currentSize : 56 <-- 3.497982 s
currentSize : 57 <-- 3.507561 s
currentSize : 58 <-- 3.512774 s
currentSize : 59 <-- 7.267390 s
currentSize : 60 <-- 22.595022 s
currentSize : 62 <-- 23.645550 s
currentSize : 63 <-- 23.645752 s
currentSize : 64 <-- 179.402618 s

maxsize : 64
nodes : 98225535.000000
filtered : 385354874.000000
time : 530.663635
