Parameters: GAD=1 vflib=1 dir=0 label=1 lowerbound=1 fileNameGp=../graphsdb/mcs70/m2D/m2Dr4/mcs70_m2Dr4_s60.A28 fileNameGt=../graphsdb/mcs70/m2D/m2Dr4/mcs70_m2Dr4_s60.B28
Reading graphs...
60 :  128
60 :  127
Initializing...
maxdom : 8
D->valSize : 278
Solving...
Blb : 2 (clique : 24)
currentSize : 24 <-- 0.002185 s
currentSize : 29 <-- 0.002364 s
currentSize : 30 <-- 0.002790 s
currentSize : 32 <-- 0.009584 s
currentSize : 34 <-- 2.389081 s
currentSize : 36 <-- 2.398455 s

maxsize : 36
nodes : 1011741.000000
filtered : 5608427.000000
time : 4.232505
