Parameters: GAD=1 vflib=1 dir=0 label=1 lowerbound=1 fileNameGp=../graphsdb/mcs70/bvg/b06/mcs70_b06_s80.A59 fileNameGt=../graphsdb/mcs70/bvg/b06/mcs70_b06_s80.B59
Reading graphs...
80 :  240
80 :  239
Initializing...
maxdom : 10
D->valSize : 450
Solving...
Blb : 2 (clique : 36)
currentSize : 36 <-- 0.004557 s
currentSize : 37 <-- 0.004850 s
currentSize : 39 <-- 0.005250 s
currentSize : 40 <-- 0.005970 s
currentSize : 41 <-- 0.006362 s
currentSize : 42 <-- 0.006429 s
currentSize : 43 <-- 0.007528 s
currentSize : 44 <-- 0.013383 s
currentSize : 48 <-- 0.013627 s
currentSize : 49 <-- 0.013771 s
currentSize : 50 <-- 0.016419 s
currentSize : 51 <-- 0.019356 s
currentSize : 56 <-- 0.019694 s

maxsize : 56
nodes : 1876256.000000
filtered : 10941695.000000
time : 9.255260
