Parameters: GAD=1 vflib=1 dir=0 label=1 lowerbound=1 fileNameGp=../graphsdb/mcs70/m2D/m2Dr2/mcs70_m2Dr2_s50.A27 fileNameGt=../graphsdb/mcs70/m2D/m2Dr2/mcs70_m2Dr2_s50.B27
Reading graphs...
50 :  94
50 :  94
Initializing...
maxdom : 10
D->valSize : 332
Solving...
Blb : 2 (clique : 26)
currentSize : 26 <-- 0.003945 s
currentSize : 27 <-- 0.004157 s
currentSize : 28 <-- 0.004325 s
currentSize : 29 <-- 0.004363 s
currentSize : 31 <-- 0.004916 s
currentSize : 32 <-- 0.005068 s
currentSize : 34 <-- 0.005229 s
currentSize : 36 <-- 0.008852 s

maxsize : 36
nodes : 14845.000000
filtered : 104146.000000
time : 0.080292
