Parameters: GAD=1 vflib=1 dir=0 label=1 lowerbound=1 fileNameGp=../graphsdb/mcs70/rand/r02/mcs70_r02_s90.A08 fileNameGt=../graphsdb/mcs70/rand/r02/mcs70_r02_s90.B08
Reading graphs...
90 :  1440
90 :  1438
Initializing...
maxdom : 11
D->valSize : 587
Solving...
Blb : 2 (clique : 23)
currentSize : 23 <-- 0.006585 s
currentSize : 24 <-- 0.007035 s
currentSize : 41 <-- 0.008046 s
currentSize : 42 <-- 0.019000 s
currentSize : 43 <-- 11.097842 s
currentSize : 44 <-- 11.118728 s

maxsize : 44
nodes : 15672881.000000
filtered : 7521501.000000
time : 60.330448
