Parameters: GAD=1 vflib=1 dir=0 label=1 lowerbound=1 fileNameGp=../graphsdb/mcs70/bvg/b06m/mcs70_b06m_s70.A30 fileNameGt=../graphsdb/mcs70/bvg/b06m/mcs70_b06m_s70.B30
Reading graphs...
70 :  208
70 :  207
Initializing...
maxdom : 8
D->valSize : 346
Solving...
Blb : 3 (clique : 33)
currentSize : 33 <-- 0.002889 s
currentSize : 34 <-- 0.007251 s
currentSize : 36 <-- 0.010657 s
currentSize : 37 <-- 0.010968 s
currentSize : 40 <-- 0.011085 s
currentSize : 41 <-- 0.027382 s
currentSize : 45 <-- 0.028728 s
currentSize : 48 <-- 0.029401 s

maxsize : 48
nodes : 153727.000000
filtered : 781301.000000
time : 0.683272
