Parameters: GAD=1 vflib=1 dir=0 label=1 lowerbound=1 fileNameGp=../graphsdb/mcs70/m2D/m2Dr4/mcs70_m2Dr4_s80.A42 fileNameGt=../graphsdb/mcs70/m2D/m2Dr4/mcs70_m2Dr4_s80.B42
Reading graphs...
80 :  172
80 :  173
Initializing...
maxdom : 8
D->valSize : 447
Solving...
Blb : 2 (clique : 32)
currentSize : 32 <-- 0.004744 s
currentSize : 33 <-- 0.004986 s
currentSize : 35 <-- 0.005102 s
currentSize : 36 <-- 0.005167 s
currentSize : 37 <-- 0.012366 s
currentSize : 38 <-- 0.323357 s
currentSize : 40 <-- 0.739613 s
currentSize : 42 <-- 0.861288 s
currentSize : 43 <-- 0.864578 s
currentSize : 44 <-- 246.502167 s
currentSize : 45 <-- 246.510529 s
currentSize : 46 <-- 412.822784 s
currentSize : 47 <-- 1012.260925 s
currentSize : 48 <-- 2084.779785 s
currentSize : 49 <-- 2196.396484 s
currentSize : 50 <-- 2714.253174 s

maxsize : 50
nodes : 654754577.000000
filtered : 3348879110.000000
time : 3154.333252
