Parameters: GAD=1 vflib=1 dir=0 label=1 lowerbound=1 fileNameGp=../graphsdb/mcs70/rand/r001/mcs70_r001_s100.A08 fileNameGt=../graphsdb/mcs70/rand/r001/mcs70_r001_s100.B08
Reading graphs...
100 :  120
100 :  120
Initializing...
maxdom : 8
D->valSize : 392
Solving...
Blb : 2 (clique : 63)
currentSize : 63 <-- 0.007623 s
currentSize : 64 <-- 0.008834 s
currentSize : 65 <-- 0.014619 s
currentSize : 67 <-- 0.031106 s
currentSize : 68 <-- 0.031432 s
currentSize : 69 <-- 2.944533 s
currentSize : 70 <-- 25.174973 s
currentSize : 71 <-- 85.881210 s

TIMEOUT
maxsize : 71
nodes : 666149818.000000
filtered : 2351744562.000000
time : 3600.000000
