Parameters: GAD=1 vflib=1 dir=0 label=1 lowerbound=1 fileNameGp=../graphsdb/mcs70/rand/r001/mcs70_r001_s100.A25 fileNameGt=../graphsdb/mcs70/rand/r001/mcs70_r001_s100.B25
Reading graphs...
100 :  120
100 :  120
Initializing...
maxdom : 8
D->valSize : 388
Solving...
Blb : 3 (clique : 56)
currentSize : 56 <-- 0.004535 s
currentSize : 57 <-- 0.012192 s
currentSize : 58 <-- 0.017658 s
currentSize : 59 <-- 0.081892 s
currentSize : 60 <-- 5.988626 s
currentSize : 61 <-- 6.117821 s
currentSize : 62 <-- 8.402191 s
currentSize : 63 <-- 8.439933 s
currentSize : 64 <-- 332.456757 s
currentSize : 65 <-- 332.459045 s
currentSize : 66 <-- 1504.237305 s
currentSize : 67 <-- 1945.720215 s
currentSize : 68 <-- 1965.128906 s
currentSize : 69 <-- 1967.178223 s
currentSize : 70 <-- 1967.182373 s
currentSize : 71 <-- 2017.888306 s

maxsize : 71
nodes : 330038781.000000
filtered : 1641192342.000000
time : 2031.309204
