Parameters: GAD=1 vflib=1 dir=0 label=1 lowerbound=1 fileNameGp=../graphsdb/mcs70/bvg/b09/mcs70_b09_s90.A50 fileNameGt=../graphsdb/mcs70/bvg/b09/mcs70_b09_s90.B50
Reading graphs...
90 :  404
90 :  404
Initializing...
maxdom : 8
D->valSize : 527
Solving...
Blb : 2 (clique : 46)
currentSize : 46 <-- 0.009876 s
currentSize : 47 <-- 0.010459 s
currentSize : 50 <-- 0.010730 s
currentSize : 51 <-- 0.011764 s
currentSize : 52 <-- 0.012082 s
currentSize : 57 <-- 0.012401 s
currentSize : 62 <-- 0.210910 s

maxsize : 62
nodes : 1373459.000000
filtered : 11652042.000000
time : 8.174771
