Parameters: GAD=1 vflib=1 dir=0 label=1 lowerbound=1 fileNameGp=../graphsdb/mcs70/bvg/b03m/mcs70_b03m_s60.A71 fileNameGt=../graphsdb/mcs70/bvg/b03m/mcs70_b03m_s60.B71
Reading graphs...
60 :  89
60 :  89
Initializing...
maxdom : 9
D->valSize : 296
Solving...
Blb : 2 (clique : 33)
currentSize : 33 <-- 0.002397 s
currentSize : 34 <-- 0.002616 s
currentSize : 37 <-- 0.002736 s
currentSize : 39 <-- 0.003512 s
currentSize : 41 <-- 0.121816 s
currentSize : 42 <-- 0.411440 s

maxsize : 42
nodes : 887830.000000
filtered : 3825488.000000
time : 3.233259
