Parameters: GAD=1 vflib=1 dir=0 label=1 lowerbound=1 fileNameGp=../graphsdb/mcs70/rand/r01/mcs70_r01_s80.A34 fileNameGt=../graphsdb/mcs70/rand/r01/mcs70_r01_s80.B34
Reading graphs...
80 :  607
80 :  607
Initializing...
maxdom : 9
D->valSize : 442
Solving...
Blb : 2 (clique : 16)
currentSize : 16 <-- 0.006537 s
currentSize : 19 <-- 0.041463 s
currentSize : 22 <-- 0.061599 s
currentSize : 23 <-- 0.238996 s
currentSize : 25 <-- 0.242126 s
currentSize : 27 <-- 0.245454 s
currentSize : 32 <-- 0.245586 s
currentSize : 46 <-- 0.320606 s
currentSize : 47 <-- 0.320673 s
currentSize : 48 <-- 0.323827 s
currentSize : 49 <-- 0.323893 s

maxsize : 49
nodes : 126485.000000
filtered : 1115806.000000
time : 0.647287
