Parameters: GAD=1 vflib=1 dir=0 label=1 lowerbound=1 fileNameGp=../graphsdb/mcs70/m2D/m2Dr4/mcs70_m2Dr4_s40.A07 fileNameGt=../graphsdb/mcs70/m2D/m2Dr4/mcs70_m2Dr4_s40.B07
Reading graphs...
40 :  82
40 :  80
Initializing...
maxdom : 9
D->valSize : 210
Solving...
Blb : 3 (clique : 19)
currentSize : 19 <-- 0.001282 s
currentSize : 20 <-- 0.126338 s
currentSize : 22 <-- 0.145703 s
currentSize : 24 <-- 0.293176 s
currentSize : 25 <-- 0.293298 s

maxsize : 25
nodes : 94824.000000
filtered : 725806.000000
time : 0.331626
