Parameters: GAD=1 vflib=1 dir=0 label=1 lowerbound=1 fileNameGp=../graphsdb/mcs70/rand/r005/mcs70_r005_s90.A10 fileNameGt=../graphsdb/mcs70/rand/r005/mcs70_r005_s90.B10
Reading graphs...
90 :  383
90 :  384
Initializing...
maxdom : 8
D->valSize : 553
Solving...
Blb : 2 (clique : 25)
currentSize : 25 <-- 0.006307 s
currentSize : 26 <-- 0.006548 s
currentSize : 28 <-- 0.006679 s
currentSize : 29 <-- 0.007614 s
currentSize : 31 <-- 0.007772 s
currentSize : 33 <-- 0.011947 s
currentSize : 34 <-- 0.012091 s
currentSize : 35 <-- 0.067091 s
currentSize : 36 <-- 1.724718 s
currentSize : 37 <-- 1.813706 s
currentSize : 38 <-- 5.167448 s
currentSize : 40 <-- 9.114338 s
currentSize : 46 <-- 16.737637 s
currentSize : 51 <-- 22.704762 s
currentSize : 54 <-- 27.529629 s
currentSize : 60 <-- 36.227169 s

maxsize : 60
nodes : 5663050.000000
filtered : 78979543.000000
time : 39.101448
