Parameters: GAD=1 vflib=1 dir=0 label=1 lowerbound=1 fileNameGp=../graphsdb/mcs70/bvg/b09/mcs70_b09_s50.A88 fileNameGt=../graphsdb/mcs70/bvg/b09/mcs70_b09_s50.B88
Reading graphs...
50 :  221
50 :  224
Initializing...
maxdom : 10
D->valSize : 358
Solving...
Blb : 3 (clique : 16)
currentSize : 16 <-- 0.002659 s
currentSize : 28 <-- 0.002781 s
currentSize : 30 <-- 0.002898 s
currentSize : 32 <-- 0.023009 s
currentSize : 34 <-- 0.023100 s

maxsize : 34
nodes : 9146.000000
filtered : 111073.000000
time : 0.042332
