Parameters: GAD=1 vflib=1 dir=0 label=1 lowerbound=1 fileNameGp=../graphsdb/mcs70/bvg/b06m/mcs70_b06m_s60.A39 fileNameGt=../graphsdb/mcs70/bvg/b06m/mcs70_b06m_s60.B39
Reading graphs...
60 :  178
60 :  179
Initializing...
maxdom : 9
D->valSize : 256
Solving...
Blb : 5 (clique : 21)
currentSize : 21 <-- 0.001874 s
currentSize : 23 <-- 0.002129 s
currentSize : 24 <-- 0.002517 s
currentSize : 28 <-- 0.002602 s
currentSize : 29 <-- 0.002780 s
currentSize : 31 <-- 0.004637 s
currentSize : 32 <-- 0.004967 s
currentSize : 33 <-- 0.013377 s
currentSize : 35 <-- 0.026391 s
currentSize : 37 <-- 0.026947 s
currentSize : 39 <-- 0.047979 s
currentSize : 42 <-- 0.048308 s

maxsize : 42
nodes : 11029.000000
filtered : 87289.000000
time : 0.052720
