Parameters: GAD=1 vflib=1 dir=0 label=1 lowerbound=1 fileNameGp=../graphsdb/mcs70/rand/r01/mcs70_r01_s100.A62 fileNameGt=../graphsdb/mcs70/rand/r01/mcs70_r01_s100.B62
Reading graphs...
100 :  937
100 :  938
Initializing...
maxdom : 5
D->valSize : 345
Solving...
Blb : 2 (clique : 27)
currentSize : 27 <-- 0.003316 s
currentSize : 29 <-- 0.008021 s
currentSize : 34 <-- 0.016793 s
currentSize : 46 <-- 0.040292 s
currentSize : 47 <-- 0.040800 s
currentSize : 56 <-- 0.214539 s
currentSize : 57 <-- 0.215632 s
currentSize : 58 <-- 0.218893 s
currentSize : 59 <-- 0.247290 s

maxsize : 59
nodes : 703672.000000
filtered : 1795496.000000
time : 3.232922
