Parameters: GAD=1 vflib=1 dir=0 label=1 lowerbound=1 fileNameGp=../graphsdb/mcs70/m3D/m3D/mcs70_m3D_s35.A47 fileNameGt=../graphsdb/mcs70/m3D/m3D/mcs70_m3D_s35.B47
Reading graphs...
35 :  72
35 :  72
Initializing...
maxdom : 7
D->valSize : 164
Solving...
Blb : 3 (clique : 14)
currentSize : 14 <-- 0.000991 s
currentSize : 15 <-- 0.001052 s
currentSize : 16 <-- 0.001093 s
currentSize : 18 <-- 0.001939 s
currentSize : 19 <-- 0.002905 s
currentSize : 20 <-- 0.004520 s
currentSize : 22 <-- 0.004977 s
currentSize : 23 <-- 0.005073 s
currentSize : 24 <-- 0.006409 s
currentSize : 27 <-- 0.006502 s

maxsize : 27
nodes : 2139.000000
filtered : 12305.000000
time : 0.007112
