Parameters: GAD=1 vflib=1 dir=0 label=1 lowerbound=1 fileNameGp=../graphsdb/mcs70/bvg/b06/mcs70_b06_s40.A86 fileNameGt=../graphsdb/mcs70/bvg/b06/mcs70_b06_s40.B86
Reading graphs...
40 :  119
40 :  119
Initializing...
maxdom : 9
D->valSize : 253
Solving...
Blb : 3 (clique : 12)
currentSize : 12 <-- 0.001471 s
currentSize : 13 <-- 0.001687 s
currentSize : 14 <-- 0.011736 s
currentSize : 15 <-- 0.016241 s
currentSize : 16 <-- 0.062686 s
currentSize : 17 <-- 0.062718 s
currentSize : 19 <-- 0.062871 s
currentSize : 20 <-- 0.081862 s
currentSize : 21 <-- 0.098128 s
currentSize : 23 <-- 0.098168 s
currentSize : 25 <-- 0.098187 s
currentSize : 28 <-- 0.101805 s

maxsize : 28
nodes : 29686.000000
filtered : 277977.000000
time : 0.103863
