Parameters: GAD=1 vflib=1 dir=0 label=1 lowerbound=1 fileNameGp=../graphsdb/mcs70/bvg/b09/mcs70_b09_s50.A38 fileNameGt=../graphsdb/mcs70/bvg/b09/mcs70_b09_s50.B38
Reading graphs...
50 :  224
50 :  222
Initializing...
maxdom : 10
D->valSize : 329
Solving...
Blb : 2 (clique : 13)
currentSize : 13 <-- 0.003269 s
currentSize : 14 <-- 0.003423 s
currentSize : 16 <-- 0.003539 s
currentSize : 19 <-- 0.017100 s
currentSize : 27 <-- 0.126031 s
currentSize : 28 <-- 0.126104 s
currentSize : 31 <-- 0.126178 s
currentSize : 34 <-- 0.126450 s

maxsize : 34
nodes : 37542.000000
filtered : 436425.000000
time : 0.156430
