Parameters: GAD=1 vflib=1 dir=0 label=1 lowerbound=1 fileNameGp=../graphsdb/mcs70/m2D/m2D/mcs70_m2D_s25.A87 fileNameGt=../graphsdb/mcs70/m2D/m2D/mcs70_m2D_s25.B87
Reading graphs...
25 :  40
25 :  40
Initializing...
maxdom : 7
D->valSize : 152
Solving...
Blb : 2 (clique : 11)
currentSize : 11 <-- 0.000723 s
currentSize : 13 <-- 0.000811 s
currentSize : 14 <-- 0.000849 s
currentSize : 15 <-- 0.000989 s
currentSize : 18 <-- 0.001016 s

maxsize : 18
nodes : 411.000000
filtered : 4986.000000
time : 0.001985
