Parameters: GAD=1 vflib=1 dir=0 label=1 lowerbound=1 fileNameGp=../graphsdb/mcs70/m2D/m2Dr6/mcs70_m2Dr6_s60.A23 fileNameGt=../graphsdb/mcs70/m2D/m2Dr6/mcs70_m2Dr6_s60.B23
Reading graphs...
60 :  139
60 :  134
Initializing...
maxdom : 5
D->valSize : 239
Solving...
Blb : 2 (clique : 30)
currentSize : 30 <-- 0.001801 s
currentSize : 32 <-- 0.012530 s
currentSize : 33 <-- 0.113892 s
currentSize : 34 <-- 0.115819 s
currentSize : 35 <-- 0.185414 s
currentSize : 36 <-- 0.186401 s

maxsize : 36
nodes : 3092229.000000
filtered : 12574853.000000
time : 11.537324
