Parameters: GAD=1 vflib=1 dir=0 label=1 lowerbound=1 fileNameGp=../graphsdb/mcs70/m2D/m2Dr4/mcs70_m2Dr4_s50.A75 fileNameGt=../graphsdb/mcs70/m2D/m2Dr4/mcs70_m2Dr4_s50.B75
Reading graphs...
50 :  104
50 :  104
Initializing...
maxdom : 13
D->valSize : 339
Solving...
Blb : 2 (clique : 26)
currentSize : 26 <-- 0.002526 s
currentSize : 27 <-- 0.002674 s
currentSize : 28 <-- 0.021705 s
currentSize : 30 <-- 0.026908 s
currentSize : 32 <-- 0.036281 s
currentSize : 33 <-- 0.053570 s
currentSize : 34 <-- 0.059588 s
currentSize : 36 <-- 0.064039 s

maxsize : 36
nodes : 15138.000000
filtered : 164246.000000
time : 0.066901
