Parameters: GAD=1 vflib=1 dir=0 label=1 lowerbound=1 fileNameGp=../graphsdb/mcs70/rand/r005/mcs70_r005_s35.A34 fileNameGt=../graphsdb/mcs70/rand/r005/mcs70_r005_s35.B34
Reading graphs...
35 :  57
35 :  58
Initializing...
maxdom : 8
D->valSize : 179
Solving...
Blb : 2 (clique : 18)
currentSize : 18 <-- 0.001123 s
currentSize : 19 <-- 0.001204 s
currentSize : 21 <-- 0.001264 s
currentSize : 22 <-- 0.001494 s
currentSize : 24 <-- 0.001512 s

maxsize : 24
nodes : 3102.000000
filtered : 26700.000000
time : 0.011636
