Parameters: GAD=1 vflib=1 dir=0 label=1 lowerbound=1 fileNameGp=../graphsdb/mcs70/bvg/b06/mcs70_b06_s80.A52 fileNameGt=../graphsdb/mcs70/bvg/b06/mcs70_b06_s80.B52
Reading graphs...
80 :  240
80 :  239
Initializing...
maxdom : 9
D->valSize : 484
Solving...
Blb : 2 (clique : 24)
currentSize : 24 <-- 0.008314 s
currentSize : 25 <-- 0.013755 s
currentSize : 26 <-- 0.377312 s
currentSize : 27 <-- 0.379551 s
currentSize : 28 <-- 0.837511 s
currentSize : 29 <-- 1.898048 s
currentSize : 30 <-- 1.898480 s
currentSize : 31 <-- 3.140223 s
currentSize : 33 <-- 4.128932 s
currentSize : 34 <-- 19.818314 s
currentSize : 36 <-- 19.818375 s
currentSize : 37 <-- 19.819515 s
currentSize : 39 <-- 78.616890 s
currentSize : 41 <-- 85.812035 s
currentSize : 42 <-- 85.813469 s
currentSize : 44 <-- 85.813721 s
currentSize : 46 <-- 211.460327 s
currentSize : 48 <-- 251.005722 s
currentSize : 51 <-- 285.005432 s
currentSize : 53 <-- 285.007050 s
currentSize : 54 <-- 285.007751 s
currentSize : 56 <-- 285.007935 s

maxsize : 56
nodes : 59215259.000000
filtered : 505552094.000000
time : 315.535492
