Parameters: GAD=1 vflib=1 dir=0 label=1 lowerbound=1 fileNameGp=../graphsdb/mcs70/bvg/b03/mcs70_b03_s90.A46 fileNameGt=../graphsdb/mcs70/bvg/b03/mcs70_b03_s90.B46
Reading graphs...
90 :  135
90 :  135
Initializing...
maxdom : 10
D->valSize : 572
Solving...
Blb : 2 (clique : 56)
currentSize : 56 <-- 0.012179 s
currentSize : 57 <-- 0.015683 s
currentSize : 58 <-- 0.015945 s
currentSize : 59 <-- 0.017064 s
currentSize : 63 <-- 0.018077 s
currentSize : 64 <-- 137.730133 s

maxsize : 64
nodes : 235417065.000000
filtered : 1739850563.000000
time : 1452.118774
