Parameters: GAD=1 vflib=1 dir=0 label=1 lowerbound=1 fileNameGp=../graphsdb/mcs70/bvg/b09/mcs70_b09_s60.A43 fileNameGt=../graphsdb/mcs70/bvg/b09/mcs70_b09_s60.B43
Reading graphs...
60 :  269
60 :  268
Initializing...
maxdom : 8
D->valSize : 255
Solving...
Blb : 2 (clique : 20)
currentSize : 20 <-- 0.001808 s
currentSize : 21 <-- 0.002668 s
currentSize : 27 <-- 0.002901 s
currentSize : 28 <-- 0.023635 s
currentSize : 29 <-- 0.025555 s
currentSize : 32 <-- 0.029655 s
currentSize : 34 <-- 0.033566 s
currentSize : 35 <-- 0.033625 s
currentSize : 36 <-- 0.042734 s
currentSize : 39 <-- 0.052875 s
currentSize : 42 <-- 0.056661 s

maxsize : 42
nodes : 15796.000000
filtered : 99932.000000
time : 0.067577
