Parameters: GAD=1 vflib=1 dir=0 label=1 lowerbound=1 fileNameGp=../graphsdb/mcs70/bvg/b06/mcs70_b06_s100.A24 fileNameGt=../graphsdb/mcs70/bvg/b06/mcs70_b06_s100.B24
Reading graphs...
100 :  300
100 :  299
Initializing...
maxdom : 6
D->valSize : 364
Solving...
Blb : 2 (clique : 52)
currentSize : 52 <-- 0.003830 s
currentSize : 53 <-- 0.004755 s
currentSize : 55 <-- 0.005827 s
currentSize : 56 <-- 0.007874 s
currentSize : 57 <-- 0.015642 s
currentSize : 58 <-- 0.029103 s
currentSize : 59 <-- 0.035558 s
currentSize : 61 <-- 0.043819 s
currentSize : 62 <-- 0.048209 s
currentSize : 69 <-- 28.778835 s
currentSize : 70 <-- 28.779137 s

maxsize : 70
nodes : 8096987.000000
filtered : 33605241.000000
time : 42.737759
