Parameters: GAD=1 vflib=1 dir=0 label=1 lowerbound=1 fileNameGp=../graphsdb/mcs70/bvg/b03/mcs70_b03_s20.A40 fileNameGt=../graphsdb/mcs70/bvg/b03/mcs70_b03_s20.B40
Reading graphs...
20 :  30
20 :  30
Initializing...
maxdom : 9
D->valSize : 115
Solving...
Blb : 2 (clique : 8)
currentSize : 8 <-- 0.000632 s
currentSize : 9 <-- 0.000677 s
currentSize : 10 <-- 0.000780 s
currentSize : 11 <-- 0.000852 s
currentSize : 12 <-- 0.001712 s
currentSize : 14 <-- 0.001750 s

maxsize : 14
nodes : 502.000000
filtered : 4967.000000
time : 0.001916
