Parameters: GAD=1 vflib=1 dir=0 label=1 lowerbound=1 fileNameGp=../graphsdb/mcs70/bvg/b03m/mcs70_b03m_s100.A33 fileNameGt=../graphsdb/mcs70/bvg/b03m/mcs70_b03m_s100.B33
Reading graphs...
100 :  150
100 :  150
Initializing...
maxdom : 6
D->valSize : 374
Solving...
Blb : 2 (clique : 59)
currentSize : 59 <-- 0.004159 s
currentSize : 61 <-- 0.033434 s
currentSize : 62 <-- 14.294739 s
currentSize : 63 <-- 15.343247 s
currentSize : 66 <-- 28.981525 s
currentSize : 67 <-- 36.376064 s
currentSize : 69 <-- 351.692413 s
currentSize : 70 <-- 371.146545 s

TIMEOUT
maxsize : 70
nodes : 774292904.000000
filtered : 1999292440.000000
time : 3600.000000
