Parameters: GAD=1 vflib=1 dir=0 label=1 lowerbound=1 fileNameGp=../graphsdb/mcs70/m3D/m3D/mcs70_m3D_s40.A06 fileNameGt=../graphsdb/mcs70/m3D/m3D/mcs70_m3D_s40.B06
Reading graphs...
40 :  82
40 :  83
Initializing...
maxdom : 8
D->valSize : 231
Solving...
Blb : 2 (clique : 22)
currentSize : 22 <-- 0.001443 s
currentSize : 23 <-- 0.007479 s
currentSize : 24 <-- 0.020718 s
currentSize : 27 <-- 0.037197 s
currentSize : 28 <-- 0.037284 s

maxsize : 28
nodes : 14199.000000
filtered : 144431.000000
time : 0.053910
