Parameters: GAD=1 vflib=1 dir=0 label=1 lowerbound=1 fileNameGp=../graphsdb/mcs70/bvg/b06m/mcs70_b06m_s90.A69 fileNameGt=../graphsdb/mcs70/bvg/b06m/mcs70_b06m_s90.B69
Reading graphs...
90 :  269
90 :  269
Initializing...
maxdom : 11
D->valSize : 575
Solving...
Blb : 2 (clique : 48)
currentSize : 48 <-- 0.011640 s
currentSize : 53 <-- 0.015136 s
currentSize : 55 <-- 0.015554 s
currentSize : 61 <-- 88.357582 s
currentSize : 63 <-- 88.357925 s

maxsize : 63
nodes : 22911289.000000
filtered : 162005749.000000
time : 125.309296
