Parameters: GAD=1 vflib=1 dir=0 label=1 lowerbound=1 fileNameGp=../graphsdb/mcs70/bvg/b06/mcs70_b06_s25.A94 fileNameGt=../graphsdb/mcs70/bvg/b06/mcs70_b06_s25.B94
Reading graphs...
25 :  75
25 :  75
Initializing...
maxdom : 8
D->valSize : 170
Solving...
Blb : 2 (clique : 8)
currentSize : 8 <-- 0.000947 s
currentSize : 9 <-- 0.001000 s
currentSize : 10 <-- 0.004568 s
currentSize : 12 <-- 0.004646 s
currentSize : 17 <-- 0.005475 s

maxsize : 17
nodes : 1642.000000
filtered : 20415.000000
time : 0.005945
