Parameters: GAD=1 vflib=1 dir=0 label=1 lowerbound=1 fileNameGp=../graphsdb/mcs70/bvg/b09m/mcs70_b09m_s90.A16 fileNameGt=../graphsdb/mcs70/bvg/b09m/mcs70_b09m_s90.B16
Reading graphs...
90 :  397
90 :  396
Initializing...
maxdom : 10
D->valSize : 587
Solving...
Blb : 3 (clique : 33)
currentSize : 33 <-- 0.006877 s
currentSize : 34 <-- 0.007342 s
currentSize : 35 <-- 0.007527 s
currentSize : 43 <-- 0.012419 s
currentSize : 45 <-- 0.030258 s
currentSize : 48 <-- 5.224830 s
currentSize : 50 <-- 5.229183 s
currentSize : 51 <-- 13.513697 s
currentSize : 52 <-- 21.543001 s
currentSize : 53 <-- 29.140127 s
currentSize : 56 <-- 29.154469 s
currentSize : 58 <-- 47.103210 s
currentSize : 61 <-- 47.187405 s

maxsize : 61
nodes : 13908530.000000
filtered : 86332269.000000
time : 73.182884
