Parameters: GAD=1 vflib=1 dir=0 label=1 lowerbound=1 fileNameGp=../graphsdb/mcs70/rand/r005/mcs70_r005_s100.A09 fileNameGt=../graphsdb/mcs70/rand/r005/mcs70_r005_s100.B09
Reading graphs...
100 :  486
100 :  482
Initializing...
maxdom : 8
D->valSize : 435
Solving...
Blb : 2 (clique : 39)
currentSize : 39 <-- 0.004775 s
currentSize : 40 <-- 0.005050 s
currentSize : 43 <-- 0.010162 s
currentSize : 51 <-- 0.011488 s
currentSize : 59 <-- 0.011816 s
currentSize : 69 <-- 0.012774 s

maxsize : 69
nodes : 49201.000000
filtered : 548376.000000
time : 0.362396
