Parameters: GAD=1 vflib=1 dir=0 label=1 lowerbound=1 fileNameGp=../graphsdb/mcs70/m3D/m3D/mcs70_m3D_s90.A55 fileNameGt=../graphsdb/mcs70/m3D/m3D/mcs70_m3D_s90.B55
Reading graphs...
90 :  209
90 :  209
Initializing...
maxdom : 9
D->valSize : 562
Solving...
Blb : 2 (clique : 48)
currentSize : 48 <-- 0.011439 s
currentSize : 49 <-- 13.082849 s
currentSize : 50 <-- 13.121950 s
currentSize : 51 <-- 13.122650 s
currentSize : 52 <-- 433.459595 s
currentSize : 53 <-- 433.482483 s
currentSize : 54 <-- 433.482788 s
currentSize : 55 <-- 473.994598 s
currentSize : 56 <-- 811.578247 s
currentSize : 57 <-- 811.917847 s
currentSize : 59 <-- 812.356750 s
currentSize : 60 <-- 812.502136 s
currentSize : 63 <-- 1532.852051 s
currentSize : 64 <-- 1551.619873 s

maxsize : 64
nodes : 329151067.000000
filtered : 1800267166.000000
time : 1708.699219
