Parameters: GAD=1 vflib=1 dir=0 label=1 lowerbound=1 fileNameGp=../graphsdb/mcs70/bvg/b03/mcs70_b03_s60.A56 fileNameGt=../graphsdb/mcs70/bvg/b03/mcs70_b03_s60.B56
Reading graphs...
60 :  90
60 :  90
Initializing...
maxdom : 8
D->valSize : 294
Solving...
Blb : 2 (clique : 31)
currentSize : 31 <-- 0.002432 s
currentSize : 33 <-- 0.002617 s
currentSize : 35 <-- 0.002924 s
currentSize : 36 <-- 0.005469 s
currentSize : 37 <-- 0.012622 s
currentSize : 38 <-- 0.015854 s
currentSize : 39 <-- 0.015918 s
currentSize : 40 <-- 0.065001 s
currentSize : 41 <-- 0.065064 s
currentSize : 42 <-- 0.065142 s

maxsize : 42
nodes : 647078.000000
filtered : 3390948.000000
time : 2.640717
