Parameters: GAD=1 vflib=1 dir=0 label=1 lowerbound=1 fileNameGp=../graphsdb/mcs70/m2D/m2Dr2/mcs70_m2Dr2_s80.A43 fileNameGt=../graphsdb/mcs70/m2D/m2Dr2/mcs70_m2Dr2_s80.B43
Reading graphs...
80 :  158
80 :  158
Initializing...
maxdom : 8
D->valSize : 418
Solving...
Blb : 3 (clique : 30)
currentSize : 30 <-- 0.004275 s
currentSize : 31 <-- 0.016099 s
currentSize : 32 <-- 0.243055 s
currentSize : 33 <-- 0.576498 s
currentSize : 34 <-- 1.839173 s
currentSize : 35 <-- 1.839294 s
currentSize : 36 <-- 2.389620 s
currentSize : 37 <-- 20.330299 s
currentSize : 38 <-- 77.284203 s
currentSize : 39 <-- 439.426331 s
currentSize : 40 <-- 439.466492 s
currentSize : 41 <-- 440.207611 s
currentSize : 42 <-- 714.534119 s
currentSize : 43 <-- 1097.891235 s
currentSize : 44 <-- 1098.835815 s
currentSize : 45 <-- 1190.505615 s
currentSize : 46 <-- 1191.623169 s
currentSize : 47 <-- 1688.074585 s
currentSize : 48 <-- 1688.074707 s
currentSize : 49 <-- 1688.078735 s

maxsize : 49
nodes : 292328846.000000
filtered : 2613848444.000000
time : 1744.647339
