Parameters: GAD=1 vflib=1 dir=0 label=1 lowerbound=1 fileNameGp=../graphsdb/mcs70/bvg/b09/mcs70_b09_s50.A02 fileNameGt=../graphsdb/mcs70/bvg/b09/mcs70_b09_s50.B02
Reading graphs...
50 :  219
50 :  224
Initializing...
maxdom : 9
D->valSize : 356
Solving...
Blb : 2 (clique : 19)
currentSize : 19 <-- 0.004229 s
currentSize : 20 <-- 0.004432 s
currentSize : 21 <-- 0.005128 s
currentSize : 22 <-- 0.024859 s
currentSize : 24 <-- 0.025090 s
currentSize : 25 <-- 0.129499 s
currentSize : 34 <-- 0.132861 s

maxsize : 34
nodes : 38128.000000
filtered : 367732.000000
time : 0.180666
