Parameters: GAD=1 vflib=1 dir=0 label=1 lowerbound=1 fileNameGp=../graphsdb/mcs70/bvg/b06/mcs70_b06_s35.A39 fileNameGt=../graphsdb/mcs70/bvg/b06/mcs70_b06_s35.B39
Reading graphs...
35 :  104
35 :  104
Initializing...
maxdom : 7
D->valSize : 161
Solving...
Blb : 3 (clique : 10)
currentSize : 10 <-- 0.000895 s
currentSize : 12 <-- 0.000969 s
currentSize : 15 <-- 0.001032 s
currentSize : 16 <-- 0.001240 s
currentSize : 17 <-- 0.006895 s
currentSize : 21 <-- 0.010909 s
currentSize : 25 <-- 0.011132 s

maxsize : 25
nodes : 3624.000000
filtered : 27702.000000
time : 0.011917
