Parameters: GAD=1 vflib=1 dir=0 label=1 lowerbound=1 fileNameGp=../graphsdb/mcs70/bvg/b06m/mcs70_b06m_s100.A17 fileNameGt=../graphsdb/mcs70/bvg/b06m/mcs70_b06m_s100.B17
Reading graphs...
100 :  298
100 :  298
Initializing...
maxdom : 8
D->valSize : 398
Solving...
Blb : 3 (clique : 61)
currentSize : 61 <-- 0.004543 s
currentSize : 63 <-- 0.017031 s
currentSize : 64 <-- 160.510239 s
currentSize : 66 <-- 228.867538 s
currentSize : 67 <-- 228.899902 s
currentSize : 70 <-- 228.900085 s

maxsize : 70
nodes : 54056472.000000
filtered : 222929821.000000
time : 275.967865
