Parameters: GAD=1 vflib=1 dir=0 label=1 lowerbound=1 fileNameGp=../graphsdb/mcs70/bvg/b09m/mcs70_b09m_s90.A34 fileNameGt=../graphsdb/mcs70/bvg/b09m/mcs70_b09m_s90.B34
Reading graphs...
90 :  396
90 :  395
Initializing...
maxdom : 11
D->valSize : 548
Solving...
Blb : 2 (clique : 37)
currentSize : 37 <-- 0.006206 s
currentSize : 39 <-- 0.006533 s
currentSize : 43 <-- 0.007536 s
currentSize : 45 <-- 0.008633 s
currentSize : 48 <-- 0.023287 s
currentSize : 49 <-- 0.023405 s
currentSize : 51 <-- 0.023528 s
currentSize : 52 <-- 0.025034 s
currentSize : 55 <-- 0.025169 s
currentSize : 58 <-- 0.032286 s

maxsize : 58
nodes : 9494827.000000
filtered : 41079856.000000
time : 45.010918
