Parameters: GAD=1 vflib=1 dir=0 label=1 lowerbound=1 fileNameGp=../graphsdb/mcs70/m2D/m2D/mcs70_m2D_s90.A17 fileNameGt=../graphsdb/mcs70/m2D/m2D/mcs70_m2D_s90.B17
Reading graphs...
90 :  160
90 :  160
Initializing...
maxdom : 12
D->valSize : 591
Solving...
Blb : 2 (clique : 52)
currentSize : 52 <-- 0.007464 s
currentSize : 56 <-- 0.007847 s
currentSize : 58 <-- 0.013988 s
currentSize : 59 <-- 0.047414 s
currentSize : 60 <-- 0.131360 s
currentSize : 61 <-- 0.131482 s
currentSize : 62 <-- 0.131649 s
currentSize : 63 <-- 131.831909 s
currentSize : 64 <-- 131.832077 s

maxsize : 64
nodes : 60526289.000000
filtered : 443499448.000000
time : 357.488251
