Parameters: GAD=1 vflib=1 dir=0 label=1 lowerbound=1 fileNameGp=../graphsdb/mcs70/m2D/m2D/mcs70_m2D_s25.A15 fileNameGt=../graphsdb/mcs70/m2D/m2D/mcs70_m2D_s25.B15
Reading graphs...
25 :  40
25 :  40
Initializing...
maxdom : 8
D->valSize : 163
Solving...
Blb : 2 (clique : 11)
currentSize : 11 <-- 0.000931 s
currentSize : 13 <-- 0.002512 s
currentSize : 14 <-- 0.004146 s
currentSize : 15 <-- 0.007613 s
currentSize : 16 <-- 0.008651 s

maxsize : 16
nodes : 4930.000000
filtered : 50005.000000
time : 0.015402
