Parameters: GAD=1 vflib=1 dir=0 label=1 lowerbound=1 fileNameGp=../graphsdb/mcs70/m2D/m2D/mcs70_m2D_s60.A25 fileNameGt=../graphsdb/mcs70/m2D/m2D/mcs70_m2D_s60.B25
Reading graphs...
60 :  104
60 :  104
Initializing...
maxdom : 8
D->valSize : 260
Solving...
Blb : 3 (clique : 22)
currentSize : 22 <-- 0.001979 s
currentSize : 26 <-- 0.002107 s
currentSize : 30 <-- 0.002229 s
currentSize : 31 <-- 8.030492 s
currentSize : 32 <-- 24.014706 s
currentSize : 36 <-- 30.246792 s

maxsize : 36
nodes : 8989703.000000
filtered : 59542518.000000
time : 39.289654
