Parameters: GAD=1 vflib=1 dir=0 label=1 lowerbound=1 fileNameGp=../graphsdb/mcs70/m2D/m2Dr6/mcs70_m2Dr6_s60.A43 fileNameGt=../graphsdb/mcs70/m2D/m2Dr6/mcs70_m2Dr6_s60.B43
Reading graphs...
60 :  139
60 :  139
Initializing...
maxdom : 7
D->valSize : 252
Solving...
Blb : 3 (clique : 29)
currentSize : 29 <-- 0.001866 s
currentSize : 30 <-- 0.236626 s
currentSize : 31 <-- 0.236708 s
currentSize : 32 <-- 0.353707 s
currentSize : 35 <-- 2.221543 s
currentSize : 37 <-- 2.251821 s

maxsize : 37
nodes : 1494419.000000
filtered : 6060398.000000
time : 5.411045
