Parameters: GAD=1 vflib=1 dir=0 label=1 lowerbound=1 fileNameGp=../graphsdb/mcs70/rand/r005/mcs70_r005_s70.A39 fileNameGt=../graphsdb/mcs70/rand/r005/mcs70_r005_s70.B39
Reading graphs...
70 :  228
70 :  230
Initializing...
maxdom : 7
D->valSize : 339
Solving...
Blb : 2 (clique : 24)
currentSize : 24 <-- 0.002882 s
currentSize : 25 <-- 0.003027 s
currentSize : 26 <-- 0.003068 s
currentSize : 28 <-- 0.003175 s
currentSize : 29 <-- 0.003286 s
currentSize : 32 <-- 0.843738 s
currentSize : 34 <-- 0.843805 s
currentSize : 37 <-- 0.843884 s
currentSize : 38 <-- 0.844136 s
currentSize : 39 <-- 0.844212 s
currentSize : 41 <-- 0.844268 s
currentSize : 42 <-- 1.029430 s
currentSize : 46 <-- 1.029655 s

maxsize : 46
nodes : 325981.000000
filtered : 2493226.000000
time : 1.580854
