Parameters: GAD=1 vflib=1 dir=0 label=1 lowerbound=1 fileNameGp=../graphsdb/mcs70/m2D/m2Dr4/mcs70_m2Dr4_s70.A05 fileNameGt=../graphsdb/mcs70/m2D/m2Dr4/mcs70_m2Dr4_s70.B05
Reading graphs...
70 :  150
70 :  149
Initializing...
maxdom : 7
D->valSize : 323
Solving...
Blb : 3 (clique : 41)
currentSize : 41 <-- 0.004552 s
currentSize : 42 <-- 0.007261 s
currentSize : 43 <-- 0.062922 s
currentSize : 44 <-- 0.063196 s
currentSize : 45 <-- 2.136388 s
currentSize : 46 <-- 2.136495 s
currentSize : 47 <-- 2.137737 s
currentSize : 48 <-- 2.177445 s
currentSize : 49 <-- 2.177712 s

maxsize : 49
nodes : 974243.000000
filtered : 4064307.000000
time : 4.056025
