Parameters: GAD=1 vflib=1 dir=0 label=1 lowerbound=1 fileNameGp=../graphsdb/mcs70/rand/r001/mcs70_r001_s100.A20 fileNameGt=../graphsdb/mcs70/rand/r001/mcs70_r001_s100.B20
Reading graphs...
100 :  120
100 :  120
Initializing...
maxdom : 8
D->valSize : 418
Solving...
Blb : 3 (clique : 64)
currentSize : 64 <-- 0.008320 s
currentSize : 65 <-- 1.484989 s
currentSize : 66 <-- 3.228265 s
currentSize : 67 <-- 3.231537 s
currentSize : 68 <-- 20.554567 s
currentSize : 69 <-- 20.555592 s
currentSize : 70 <-- 31.379610 s

TIMEOUT
maxsize : 70
nodes : 676815024.000000
filtered : 2424573704.000000
time : 3600.000000
