Parameters: GAD=1 vflib=1 dir=0 label=1 lowerbound=1 fileNameGp=../graphsdb/mcs70/m2D/m2Dr2/mcs70_m2Dr2_s40.A05 fileNameGt=../graphsdb/mcs70/m2D/m2Dr2/mcs70_m2Dr2_s40.B05
Reading graphs...
40 :  74
40 :  74
Initializing...
maxdom : 11
D->valSize : 225
Solving...
Blb : 5 (clique : 17)
currentSize : 17 <-- 0.001383 s
currentSize : 18 <-- 0.011703 s
currentSize : 19 <-- 0.011725 s
currentSize : 20 <-- 0.119114 s
currentSize : 21 <-- 0.212201 s
currentSize : 22 <-- 0.254823 s
currentSize : 23 <-- 0.254854 s
currentSize : 24 <-- 0.573988 s
currentSize : 26 <-- 0.574035 s

maxsize : 26
nodes : 174148.000000
filtered : 1629563.000000
time : 0.609554
