Parameters: GAD=1 vflib=1 dir=0 label=1 lowerbound=1 fileNameGp=../graphsdb/mcs70/rand/r001/mcs70_r001_s100.A76 fileNameGt=../graphsdb/mcs70/rand/r001/mcs70_r001_s100.B76
Reading graphs...
100 :  119
100 :  120
Initializing...
maxdom : 7
D->valSize : 369
Solving...
Blb : 2 (clique : 59)
currentSize : 59 <-- 0.007055 s
currentSize : 60 <-- 0.016179 s
currentSize : 61 <-- 0.016399 s
currentSize : 62 <-- 0.032450 s
currentSize : 63 <-- 0.032728 s
currentSize : 64 <-- 0.035401 s
currentSize : 65 <-- 0.088427 s
currentSize : 66 <-- 0.372091 s
currentSize : 67 <-- 0.372403 s
currentSize : 68 <-- 0.374129 s
currentSize : 69 <-- 87.803040 s
currentSize : 70 <-- 87.813263 s

maxsize : 70
nodes : 54436754.000000
filtered : 175287023.000000
time : 294.665833
