Parameters: GAD=1 vflib=1 dir=0 label=1 lowerbound=1 fileNameGp=../graphsdb/mcs70/m3D/m3Dr6/mcs70_m3Dr6_s100.A16 fileNameGt=../graphsdb/mcs70/m3D/m3Dr6/mcs70_m3Dr6_s100.B16
Reading graphs...
100 :  294
100 :  291
Initializing...
maxdom : 8
D->valSize : 388
Solving...
Blb : 3 (clique : 54)
currentSize : 54 <-- 0.006965 s
currentSize : 55 <-- 31.202370 s
currentSize : 57 <-- 32.593033 s
currentSize : 58 <-- 132.184784 s
currentSize : 61 <-- 132.184921 s
currentSize : 64 <-- 132.224075 s

maxsize : 64
nodes : 53953545.000000
filtered : 243737627.000000
time : 299.155731
