Parameters: GAD=1 vflib=1 dir=0 label=1 lowerbound=1 fileNameGp=../graphsdb/mcs70/m4D/m4Dr4/mcs70_m4Dr4_s25.A90 fileNameGt=../graphsdb/mcs70/m4D/m4Dr4/mcs70_m4Dr4_s25.B90
Reading graphs...
25 :  54
25 :  55
Initializing...
maxdom : 9
D->valSize : 181
Solving...
Blb : 2 (clique : 10)
currentSize : 10 <-- 0.000923 s
currentSize : 11 <-- 0.001137 s
currentSize : 12 <-- 0.002255 s
currentSize : 13 <-- 0.034452 s
currentSize : 14 <-- 0.062242 s
currentSize : 15 <-- 0.069594 s

maxsize : 15
nodes : 21649.000000
filtered : 324964.000000
time : 0.072006
