Parameters: GAD=1 vflib=1 dir=0 label=1 lowerbound=1 fileNameGp=../graphsdb/mcs70/m2D/m2D/mcs70_m2D_s50.A82 fileNameGt=../graphsdb/mcs70/m2D/m2D/mcs70_m2D_s50.B82
Reading graphs...
50 :  85
50 :  85
Initializing...
maxdom : 8
D->valSize : 335
Solving...
Blb : 2 (clique : 21)
currentSize : 21 <-- 0.002507 s
currentSize : 22 <-- 0.003732 s
currentSize : 23 <-- 0.004654 s
currentSize : 24 <-- 0.009999 s
currentSize : 25 <-- 0.286337 s
currentSize : 27 <-- 0.631649 s
currentSize : 28 <-- 0.631686 s
currentSize : 29 <-- 0.757411 s
currentSize : 30 <-- 1.051668 s
currentSize : 31 <-- 1.171078 s
currentSize : 33 <-- 1.595459 s
currentSize : 34 <-- 1.663772 s
currentSize : 35 <-- 2.098655 s
currentSize : 36 <-- 2.098716 s

maxsize : 36
nodes : 525843.000000
filtered : 4633215.000000
time : 2.198872
