Parameters: GAD=1 vflib=1 dir=0 label=1 lowerbound=1 fileNameGp=../graphsdb/mcs70/rand/r01/mcs70_r01_s100.A44 fileNameGt=../graphsdb/mcs70/rand/r01/mcs70_r01_s100.B44
Reading graphs...
100 :  934
100 :  943
Initializing...
maxdom : 6
D->valSize : 354
Solving...
Blb : 2 (clique : 15)
currentSize : 15 <-- 0.003519 s
currentSize : 16 <-- 0.003667 s
currentSize : 21 <-- 0.003914 s
currentSize : 22 <-- 0.004012 s
currentSize : 24 <-- 0.006774 s
currentSize : 25 <-- 0.006876 s
currentSize : 30 <-- 0.009856 s
currentSize : 41 <-- 0.017951 s
currentSize : 42 <-- 0.018085 s
currentSize : 61 <-- 0.226019 s
currentSize : 62 <-- 0.226596 s
currentSize : 63 <-- 0.233479 s

maxsize : 63
nodes : 790750.000000
filtered : 956059.000000
time : 3.079734
