Parameters: GAD=1 vflib=1 dir=0 label=1 lowerbound=1 fileNameGp=../graphsdb/mcs70/m2D/m2D/mcs70_m2D_s70.A22 fileNameGt=../graphsdb/mcs70/m2D/m2D/mcs70_m2D_s70.B22
Reading graphs...
70 :  123
70 :  123
Initializing...
maxdom : 7
D->valSize : 359
Solving...
Blb : 2 (clique : 37)
currentSize : 37 <-- 0.005221 s
currentSize : 38 <-- 0.005577 s
currentSize : 39 <-- 0.005732 s
currentSize : 40 <-- 0.011600 s
currentSize : 41 <-- 0.011724 s
currentSize : 42 <-- 0.011847 s
currentSize : 43 <-- 0.078292 s
currentSize : 44 <-- 0.266673 s
currentSize : 45 <-- 0.266900 s
currentSize : 47 <-- 0.271123 s
currentSize : 48 <-- 0.271496 s
currentSize : 49 <-- 0.340028 s

maxsize : 49
nodes : 4325329.000000
filtered : 21472944.000000
time : 19.378904
