Parameters: GAD=1 vflib=1 dir=0 label=1 lowerbound=1 fileNameGp=../graphsdb/mcs70/rand/r005/mcs70_r005_s70.A49 fileNameGt=../graphsdb/mcs70/rand/r005/mcs70_r005_s70.B49
Reading graphs...
70 :  235
70 :  234
Initializing...
maxdom : 9
D->valSize : 370
Solving...
Blb : 2 (clique : 25)
currentSize : 25 <-- 0.003191 s
currentSize : 26 <-- 0.003826 s
currentSize : 27 <-- 0.003928 s
currentSize : 28 <-- 0.004913 s
currentSize : 29 <-- 0.007796 s
currentSize : 30 <-- 0.007836 s
currentSize : 32 <-- 0.008247 s
currentSize : 33 <-- 0.008295 s
currentSize : 34 <-- 0.009432 s
currentSize : 37 <-- 0.023446 s
currentSize : 42 <-- 0.024800 s
currentSize : 47 <-- 0.027593 s

maxsize : 47
nodes : 23163.000000
filtered : 171795.000000
time : 0.109333
