Parameters: GAD=1 vflib=1 dir=0 label=1 lowerbound=1 fileNameGp=../graphsdb/mcs70/rand/r02/mcs70_r02_s50.A20 fileNameGt=../graphsdb/mcs70/rand/r02/mcs70_r02_s50.B20
Reading graphs...
50 :  441
50 :  446
Initializing...
maxdom : 10
D->valSize : 338
Solving...
Blb : 2 (clique : 6)
currentSize : 6 <-- 0.002334 s
currentSize : 7 <-- 0.002726 s
currentSize : 8 <-- 0.003413 s
currentSize : 9 <-- 0.004463 s
currentSize : 10 <-- 0.007537 s
currentSize : 11 <-- 0.008632 s
currentSize : 13 <-- 0.008656 s
currentSize : 17 <-- 0.014401 s
currentSize : 27 <-- 0.018554 s

maxsize : 27
nodes : 12801.000000
filtered : 105754.000000
time : 0.047701
