Parameters: GAD=1 vflib=1 dir=0 label=1 lowerbound=1 fileNameGp=../graphsdb/mcs70/rand/r01/mcs70_r01_s100.A24 fileNameGt=../graphsdb/mcs70/rand/r01/mcs70_r01_s100.B24
Reading graphs...
100 :  945
100 :  943
Initializing...
maxdom : 7
D->valSize : 365
Solving...
Blb : 2 (clique : 33)
currentSize : 33 <-- 0.003697 s
currentSize : 41 <-- 0.003947 s
currentSize : 50 <-- 0.004487 s
currentSize : 51 <-- 0.013454 s
currentSize : 63 <-- 0.015017 s

maxsize : 63
nodes : 399840.000000
filtered : 1220620.000000
time : 1.820881
