Parameters: GAD=1 vflib=1 dir=0 label=1 lowerbound=1 fileNameGp=../graphsdb/mcs70/m2D/m2D/mcs70_m2D_s35.A52 fileNameGt=../graphsdb/mcs70/m2D/m2D/mcs70_m2D_s35.B52
Reading graphs...
35 :  58
35 :  58
Initializing...
maxdom : 7
D->valSize : 172
Solving...
Blb : 2 (clique : 15)
currentSize : 15 <-- 0.001121 s
currentSize : 17 <-- 0.001232 s
currentSize : 18 <-- 0.001246 s
currentSize : 23 <-- 0.001315 s
currentSize : 24 <-- 0.008801 s
currentSize : 25 <-- 0.008879 s

maxsize : 25
nodes : 3144.000000
filtered : 23364.000000
time : 0.011103
