Parameters: GAD=1 vflib=1 dir=0 label=1 lowerbound=1 fileNameGp=../graphsdb/mcs70/bvg/b03/mcs70_b03_s70.A35 fileNameGt=../graphsdb/mcs70/bvg/b03/mcs70_b03_s70.B35
Reading graphs...
70 :  105
70 :  105
Initializing...
maxdom : 9
D->valSize : 361
Solving...
Blb : 2 (clique : 39)
currentSize : 39 <-- 0.003515 s
currentSize : 40 <-- 0.003776 s
currentSize : 41 <-- 0.003823 s
currentSize : 46 <-- 0.005402 s
currentSize : 47 <-- 0.011145 s
currentSize : 48 <-- 0.011605 s
currentSize : 49 <-- 0.011801 s

maxsize : 49
nodes : 1683137.000000
filtered : 9624042.000000
time : 7.994664
