Parameters: GAD=1 vflib=1 dir=0 label=1 lowerbound=1 fileNameGp=../graphsdb/mcs70/bvg/b03m/mcs70_b03m_s90.A58 fileNameGt=../graphsdb/mcs70/bvg/b03m/mcs70_b03m_s90.B58
Reading graphs...
90 :  134
90 :  134
Initializing...
maxdom : 9
D->valSize : 577
Solving...
Blb : 2 (clique : 53)
currentSize : 53 <-- 0.007415 s
currentSize : 54 <-- 0.007803 s
currentSize : 55 <-- 0.011163 s
currentSize : 56 <-- 0.370818 s
currentSize : 57 <-- 0.599377 s
currentSize : 58 <-- 4.943969 s
currentSize : 59 <-- 5.077296 s
currentSize : 60 <-- 5.077821 s
currentSize : 61 <-- 8.446959 s

TIMEOUT
maxsize : 61
nodes : 644335916.000000
filtered : 3722969050.000000
time : 3600.000000
