Parameters: GAD=1 vflib=1 dir=0 label=1 lowerbound=1 fileNameGp=../graphsdb/mcs70/m3D/m3D/mcs70_m3D_s40.A41 fileNameGt=../graphsdb/mcs70/m3D/m3D/mcs70_m3D_s40.B41
Reading graphs...
40 :  83
40 :  84
Initializing...
maxdom : 8
D->valSize : 226
Solving...
Blb : 5 (clique : 22)
currentSize : 22 <-- 0.001330 s
currentSize : 23 <-- 0.018637 s
currentSize : 24 <-- 0.018678 s
currentSize : 26 <-- 0.019154 s
currentSize : 27 <-- 0.019281 s

maxsize : 27
nodes : 10143.000000
filtered : 67873.000000
time : 0.034396
