Parameters: GAD=1 vflib=1 dir=0 label=1 lowerbound=1 fileNameGp=../graphsdb/mcs70/bvg/b03/mcs70_b03_s60.A57 fileNameGt=../graphsdb/mcs70/bvg/b03/mcs70_b03_s60.B57
Reading graphs...
60 :  89
60 :  90
Initializing...
maxdom : 8
D->valSize : 271
Solving...
Blb : 3 (clique : 31)
currentSize : 31 <-- 0.002192 s
currentSize : 32 <-- 0.002358 s
currentSize : 33 <-- 0.003557 s
currentSize : 34 <-- 0.004385 s
currentSize : 35 <-- 0.004930 s
currentSize : 36 <-- 0.451818 s
currentSize : 37 <-- 2.041157 s
currentSize : 38 <-- 2.041398 s
currentSize : 39 <-- 4.558475 s
currentSize : 40 <-- 6.375247 s
currentSize : 41 <-- 7.352975 s
currentSize : 42 <-- 7.363754 s
currentSize : 43 <-- 8.661366 s

maxsize : 43
nodes : 2368809.000000
filtered : 10936877.000000
time : 9.320161
