Parameters: GAD=1 vflib=1 dir=0 label=1 lowerbound=1 fileNameGp=../graphsdb/mcs70/m3D/m3Dr6/mcs70_m3Dr6_s100.A98 fileNameGt=../graphsdb/mcs70/m3D/m3Dr6/mcs70_m3Dr6_s100.B98
Reading graphs...
100 :  295
100 :  293
Initializing...
maxdom : 10
D->valSize : 394
Solving...
Blb : 3 (clique : 36)
currentSize : 36 <-- 0.006893 s
currentSize : 37 <-- 0.081616 s
currentSize : 38 <-- 0.081782 s
currentSize : 39 <-- 0.083171 s
currentSize : 41 <-- 0.085199 s
currentSize : 43 <-- 0.424305 s
currentSize : 44 <-- 1.864984 s
currentSize : 45 <-- 1.866805 s
currentSize : 48 <-- 2.133563 s
currentSize : 49 <-- 2.133646 s
currentSize : 50 <-- 2.134948 s
currentSize : 51 <-- 13.422410 s
currentSize : 53 <-- 13.432244 s
currentSize : 54 <-- 13.704471 s
currentSize : 56 <-- 13.704530 s
currentSize : 57 <-- 350.500305 s
currentSize : 59 <-- 350.961212 s
currentSize : 61 <-- 350.967010 s
currentSize : 64 <-- 351.179901 s

maxsize : 64
nodes : 129696821.000000
filtered : 526265195.000000
time : 665.941223
