Parameters: GAD=1 vflib=1 dir=0 label=1 lowerbound=1 fileNameGp=../graphsdb/mcs70/bvg/b09/mcs70_b09_s100.A81 fileNameGt=../graphsdb/mcs70/bvg/b09/mcs70_b09_s100.B81
Reading graphs...
100 :  450
100 :  448
Initializing...
maxdom : 7
D->valSize : 396
Solving...
Blb : 2 (clique : 48)
currentSize : 48 <-- 0.004125 s
currentSize : 49 <-- 0.004440 s
currentSize : 50 <-- 0.005355 s
currentSize : 55 <-- 0.706017 s
currentSize : 57 <-- 0.706246 s
currentSize : 58 <-- 0.706581 s
currentSize : 59 <-- 0.706832 s
currentSize : 60 <-- 1.661728 s
currentSize : 66 <-- 1.809617 s
currentSize : 68 <-- 1.809899 s
currentSize : 70 <-- 1.810285 s

maxsize : 70
nodes : 377204.000000
filtered : 2000615.000000
time : 2.053367
