Parameters: GAD=1 vflib=1 dir=0 label=1 lowerbound=1 fileNameGp=../graphsdb/mcs70/bvg/b09/mcs70_b09_s60.A75 fileNameGt=../graphsdb/mcs70/bvg/b09/mcs70_b09_s60.B75
Reading graphs...
60 :  266
60 :  268
Initializing...
maxdom : 7
D->valSize : 284
Solving...
Blb : 2 (clique : 24)
currentSize : 24 <-- 0.002090 s
currentSize : 26 <-- 0.002214 s
currentSize : 27 <-- 0.002994 s
currentSize : 34 <-- 0.003196 s
currentSize : 35 <-- 0.003312 s
currentSize : 41 <-- 0.004194 s
currentSize : 42 <-- 0.004341 s

maxsize : 42
nodes : 6918.000000
filtered : 43472.000000
time : 0.030640
