Parameters: GAD=1 vflib=1 dir=0 label=1 lowerbound=1 fileNameGp=../graphsdb/mcs70/m2D/m2D/mcs70_m2D_s40.A99 fileNameGt=../graphsdb/mcs70/m2D/m2D/mcs70_m2D_s40.B99
Reading graphs...
40 :  65
40 :  67
Initializing...
maxdom : 7
D->valSize : 212
Solving...
Blb : 2 (clique : 19)
currentSize : 19 <-- 0.001282 s
currentSize : 20 <-- 0.010871 s
currentSize : 23 <-- 0.150228 s
currentSize : 24 <-- 0.463869 s
currentSize : 25 <-- 0.463908 s

maxsize : 25
nodes : 151452.000000
filtered : 1211243.000000
time : 0.643834
