Parameters: GAD=1 vflib=1 dir=0 label=1 lowerbound=1 fileNameGp=../graphsdb/mcs70/m2D/m2Dr4/mcs70_m2Dr4_s50.A10 fileNameGt=../graphsdb/mcs70/m2D/m2Dr4/mcs70_m2Dr4_s50.B10
Reading graphs...
50 :  104
50 :  103
Initializing...
maxdom : 9
D->valSize : 360
Solving...
Blb : 2 (clique : 27)
currentSize : 27 <-- 0.002801 s
currentSize : 28 <-- 0.002937 s
currentSize : 29 <-- 0.003034 s
currentSize : 31 <-- 0.003095 s
currentSize : 34 <-- 0.034469 s
currentSize : 36 <-- 0.130689 s

maxsize : 36
nodes : 84669.000000
filtered : 404592.000000
time : 0.278549
