Parameters: GAD=1 vflib=1 dir=0 label=1 lowerbound=1 fileNameGp=../graphsdb/mcs70/rand/r005/mcs70_r005_s100.A50 fileNameGt=../graphsdb/mcs70/rand/r005/mcs70_r005_s100.B50
Reading graphs...
100 :  476
100 :  483
Initializing...
maxdom : 8
D->valSize : 360
Solving...
Blb : 3 (clique : 52)
currentSize : 52 <-- 0.004132 s
currentSize : 53 <-- 0.004459 s
currentSize : 56 <-- 2.329178 s
currentSize : 60 <-- 2.329386 s
currentSize : 66 <-- 2.332481 s

maxsize : 66
nodes : 2192040.000000
filtered : 8176987.000000
time : 10.494819
