Parameters: GAD=1 vflib=1 dir=0 label=1 lowerbound=1 fileNameGp=../graphsdb/mcs70/bvg/b06/mcs70_b06_s25.A37 fileNameGt=../graphsdb/mcs70/bvg/b06/mcs70_b06_s25.B37
Reading graphs...
25 :  74
25 :  74
Initializing...
maxdom : 7
D->valSize : 156
Solving...
Blb : 2 (clique : 7)
currentSize : 7 <-- 0.000808 s
currentSize : 8 <-- 0.000841 s
currentSize : 9 <-- 0.000874 s
currentSize : 10 <-- 0.001011 s
currentSize : 12 <-- 0.001221 s
currentSize : 13 <-- 0.003508 s
currentSize : 15 <-- 0.004173 s
currentSize : 16 <-- 0.004233 s
currentSize : 17 <-- 0.004253 s

maxsize : 17
nodes : 1625.000000
filtered : 16863.000000
time : 0.005383
