Parameters: GAD=1 vflib=1 dir=0 label=1 lowerbound=1 fileNameGp=../graphsdb/mcs70/m4D/m4D/mcs70_m4D_s25.A48 fileNameGt=../graphsdb/mcs70/m4D/m4D/mcs70_m4D_s25.B48
Reading graphs...
25 :  46
25 :  47
Initializing...
maxdom : 8
D->valSize : 162
Solving...
Blb : 2 (clique : 11)
currentSize : 11 <-- 0.000848 s
currentSize : 12 <-- 0.010327 s
currentSize : 13 <-- 0.012715 s
currentSize : 14 <-- 0.015303 s
currentSize : 16 <-- 0.015507 s
currentSize : 17 <-- 0.015548 s

maxsize : 17
nodes : 6359.000000
filtered : 51465.000000
time : 0.017458
