Parameters: GAD=1 vflib=1 dir=0 label=1 lowerbound=1 fileNameGp=../graphsdb/mcs70/m2D/m2Dr2/mcs70_m2Dr2_s100.A44 fileNameGt=../graphsdb/mcs70/m2D/m2Dr2/mcs70_m2Dr2_s100.B44
Reading graphs...
100 :  200
100 :  200
Initializing...
maxdom : 7
D->valSize : 395
Solving...
Blb : 2 (clique : 43)
currentSize : 43 <-- 0.007224 s
currentSize : 44 <-- 0.009150 s
currentSize : 45 <-- 0.014713 s
currentSize : 46 <-- 0.031595 s
currentSize : 47 <-- 0.039331 s
currentSize : 48 <-- 0.102318 s
currentSize : 49 <-- 0.236240 s
currentSize : 50 <-- 0.268134 s
currentSize : 51 <-- 0.405676 s
currentSize : 52 <-- 0.564099 s
currentSize : 53 <-- 279.266052 s
currentSize : 54 <-- 279.373474 s
currentSize : 55 <-- 279.380981 s
currentSize : 56 <-- 1360.422363 s
currentSize : 57 <-- 2258.719238 s
currentSize : 59 <-- 2260.204590 s

TIMEOUT
maxsize : 59
nodes : 707568322.000000
filtered : 2576292534.000000
time : 3600.000000
