Parameters: GAD=1 vflib=1 dir=0 label=1 lowerbound=1 fileNameGp=../graphsdb/mcs70/bvg/b03m/mcs70_b03m_s60.A36 fileNameGt=../graphsdb/mcs70/bvg/b03m/mcs70_b03m_s60.B36
Reading graphs...
60 :  90
60 :  90
Initializing...
maxdom : 7
D->valSize : 258
Solving...
Blb : 2 (clique : 29)
currentSize : 29 <-- 0.003166 s
currentSize : 33 <-- 0.003430 s
currentSize : 36 <-- 0.004125 s
currentSize : 37 <-- 0.006700 s
currentSize : 38 <-- 0.006979 s
currentSize : 40 <-- 0.015458 s
currentSize : 42 <-- 0.015672 s

maxsize : 42
nodes : 125880.000000
filtered : 602193.000000
time : 0.529385
