Parameters: GAD=1 vflib=1 dir=0 label=1 lowerbound=1 fileNameGp=../graphsdb/mcs70/m2D/m2Dr4/mcs70_m2Dr4_s80.A86 fileNameGt=../graphsdb/mcs70/m2D/m2Dr4/mcs70_m2Dr4_s80.B86
Reading graphs...
80 :  172
80 :  174
Initializing...
maxdom : 8
D->valSize : 438
Solving...
Blb : 2 (clique : 39)
currentSize : 39 <-- 0.004496 s
currentSize : 40 <-- 2.457667 s
currentSize : 41 <-- 2.458146 s
currentSize : 42 <-- 50.707840 s
currentSize : 43 <-- 50.740280 s
currentSize : 44 <-- 400.606140 s
currentSize : 45 <-- 400.995789 s
currentSize : 46 <-- 629.328247 s
currentSize : 47 <-- 693.707642 s
currentSize : 48 <-- 693.931946 s
currentSize : 49 <-- 693.943237 s

maxsize : 49
nodes : 330932169.000000
filtered : 1606602559.000000
time : 1552.233398
