Parameters: GAD=1 vflib=1 dir=0 label=1 lowerbound=1 fileNameGp=../graphsdb/mcs70/rand/r005/mcs70_r005_s100.A43 fileNameGt=../graphsdb/mcs70/rand/r005/mcs70_r005_s100.B43
Reading graphs...
100 :  481
100 :  482
Initializing...
maxdom : 6
D->valSize : 359
Solving...
Blb : 2 (clique : 36)
currentSize : 36 <-- 0.003517 s
currentSize : 38 <-- 0.154206 s
currentSize : 40 <-- 0.172232 s
currentSize : 42 <-- 0.285847 s
currentSize : 45 <-- 0.533605 s
currentSize : 48 <-- 0.645138 s
currentSize : 50 <-- 2.138875 s
currentSize : 53 <-- 2.211867 s
currentSize : 57 <-- 3.615743 s
currentSize : 64 <-- 7.126911 s

maxsize : 64
nodes : 2041869.000000
filtered : 12069985.000000
time : 11.619560
