Parameters: GAD=1 vflib=1 dir=0 label=1 lowerbound=1 fileNameGp=../graphsdb/mcs70/m3D/m3D/mcs70_m3D_s90.A72 fileNameGt=../graphsdb/mcs70/m3D/m3D/mcs70_m3D_s90.B72
Reading graphs...
90 :  208
90 :  209
Initializing...
maxdom : 11
D->valSize : 562
Solving...
Blb : 2 (clique : 38)
currentSize : 38 <-- 0.011313 s
currentSize : 44 <-- 0.011799 s
currentSize : 45 <-- 0.011981 s
currentSize : 47 <-- 0.012320 s
currentSize : 48 <-- 0.012988 s
currentSize : 50 <-- 0.014387 s
currentSize : 51 <-- 0.107694 s
currentSize : 52 <-- 0.151385 s
currentSize : 56 <-- 0.153901 s
currentSize : 57 <-- 6.014053 s
currentSize : 61 <-- 6.014272 s
currentSize : 62 <-- 9.011445 s
currentSize : 64 <-- 13.131644 s

maxsize : 64
nodes : 4263840.000000
filtered : 28935992.000000
time : 26.084574
