Parameters: GAD=1 vflib=1 dir=0 label=1 lowerbound=1 fileNameGp=../graphsdb/mcs70/bvg/b03m/mcs70_b03m_s35.A17 fileNameGt=../graphsdb/mcs70/bvg/b03m/mcs70_b03m_s35.B17
Reading graphs...
35 :  50
35 :  50
Initializing...
maxdom : 6
D->valSize : 160
Solving...
Blb : 2 (clique : 20)
currentSize : 20 <-- 0.000906 s
currentSize : 21 <-- 0.001124 s
currentSize : 22 <-- 0.001228 s
currentSize : 23 <-- 0.003849 s
currentSize : 24 <-- 0.005477 s

maxsize : 24
nodes : 6426.000000
filtered : 42926.000000
time : 0.020747
