Parameters: GAD=1 vflib=1 dir=0 label=1 lowerbound=1 fileNameGp=../graphsdb/mcs70/bvg/b09m/mcs70_b09m_s90.A17 fileNameGt=../graphsdb/mcs70/bvg/b09m/mcs70_b09m_s90.B17
Reading graphs...
90 :  401
90 :  402
Initializing...
maxdom : 10
D->valSize : 573
Solving...
Blb : 2 (clique : 40)
currentSize : 40 <-- 0.006625 s
currentSize : 43 <-- 0.006900 s
currentSize : 45 <-- 0.007192 s
currentSize : 53 <-- 0.008831 s
currentSize : 55 <-- 0.011731 s
currentSize : 56 <-- 0.011983 s
currentSize : 57 <-- 0.407581 s
currentSize : 59 <-- 0.411495 s
currentSize : 60 <-- 0.411594 s

maxsize : 60
nodes : 6930839.000000
filtered : 44395787.000000
time : 36.142696
