Parameters: GAD=1 vflib=1 dir=0 label=1 lowerbound=1 fileNameGp=../graphsdb/mcs70/bvg/b03m/mcs70_b03m_s90.A52 fileNameGt=../graphsdb/mcs70/bvg/b03m/mcs70_b03m_s90.B52
Reading graphs...
90 :  133
90 :  133
Initializing...
maxdom : 11
D->valSize : 592
Solving...
Blb : 2 (clique : 55)
currentSize : 55 <-- 0.007718 s
currentSize : 56 <-- 0.010747 s
currentSize : 58 <-- 0.013643 s
currentSize : 60 <-- 0.190555 s
currentSize : 61 <-- 17.988836 s
currentSize : 62 <-- 1017.345581 s
currentSize : 63 <-- 1800.460327 s

maxsize : 63
nodes : 426995590.000000
filtered : 2077179161.000000
time : 2202.809570
