Parameters: GAD=1 vflib=1 dir=0 label=1 lowerbound=1 fileNameGp=../graphsdb/mcs70/bvg/b06m/mcs70_b06m_s80.A63 fileNameGt=../graphsdb/mcs70/bvg/b06m/mcs70_b06m_s80.B63
Reading graphs...
80 :  238
80 :  237
Initializing...
maxdom : 12
D->valSize : 459
Solving...
Blb : 3 (clique : 26)
currentSize : 26 <-- 0.008527 s
currentSize : 29 <-- 0.008875 s
currentSize : 32 <-- 0.012638 s
currentSize : 34 <-- 0.021355 s
currentSize : 35 <-- 2.382702 s
currentSize : 37 <-- 3.106186 s
currentSize : 38 <-- 3.106293 s
currentSize : 39 <-- 3.108720 s
currentSize : 40 <-- 4.505530 s
currentSize : 41 <-- 9.535661 s
currentSize : 42 <-- 12.135363 s
currentSize : 43 <-- 13.010520 s
currentSize : 45 <-- 13.901436 s
currentSize : 46 <-- 13.901516 s
currentSize : 47 <-- 13.902397 s
currentSize : 48 <-- 13.902463 s
currentSize : 49 <-- 15.087690 s
currentSize : 53 <-- 18.196552 s
currentSize : 55 <-- 18.204081 s

maxsize : 55
nodes : 4626220.000000
filtered : 23472179.000000
time : 21.080816
