Parameters: GAD=1 vflib=1 dir=0 label=1 lowerbound=1 fileNameGp=../graphsdb/mcs70/m3D/m3Dr6/mcs70_m3Dr6_s90.A73 fileNameGt=../graphsdb/mcs70/m3D/m3Dr6/mcs70_m3Dr6_s90.B73
Reading graphs...
90 :  261
90 :  259
Initializing...
maxdom : 11
D->valSize : 583
Solving...
Blb : 2 (clique : 37)
currentSize : 37 <-- 0.011740 s
currentSize : 43 <-- 0.012201 s
currentSize : 45 <-- 0.013750 s
currentSize : 47 <-- 0.014049 s
currentSize : 50 <-- 0.020111 s
currentSize : 52 <-- 0.028117 s
currentSize : 54 <-- 4.092274 s
currentSize : 58 <-- 66.675339 s
currentSize : 59 <-- 66.676781 s
currentSize : 61 <-- 66.782776 s
currentSize : 62 <-- 67.083054 s
currentSize : 64 <-- 67.085960 s

maxsize : 64
nodes : 15750414.000000
filtered : 126709112.000000
time : 89.514381
