Parameters: GAD=1 vflib=1 dir=0 label=1 lowerbound=1 fileNameGp=../graphsdb/mcs70/rand/r005/mcs70_r005_s70.A71 fileNameGt=../graphsdb/mcs70/rand/r005/mcs70_r005_s70.B71
Reading graphs...
70 :  233
70 :  236
Initializing...
maxdom : 8
D->valSize : 328
Solving...
Blb : 3 (clique : 27)
currentSize : 27 <-- 0.002765 s
currentSize : 28 <-- 1.170325 s
currentSize : 29 <-- 1.170383 s
currentSize : 30 <-- 1.170406 s
currentSize : 31 <-- 1.228456 s
currentSize : 33 <-- 1.312039 s
currentSize : 35 <-- 1.436358 s
currentSize : 36 <-- 1.452332 s
currentSize : 38 <-- 1.502677 s
currentSize : 41 <-- 1.639422 s
currentSize : 43 <-- 1.738818 s
currentSize : 44 <-- 2.037997 s
currentSize : 47 <-- 2.141215 s

maxsize : 47
nodes : 430390.000000
filtered : 3604994.000000
time : 2.281655
