Parameters: GAD=1 vflib=1 dir=0 label=1 lowerbound=1 fileNameGp=../graphsdb/mcs70/m2D/m2D/mcs70_m2D_s70.A91 fileNameGt=../graphsdb/mcs70/m2D/m2D/mcs70_m2D_s70.B91
Reading graphs...
70 :  123
70 :  123
Initializing...
maxdom : 7
D->valSize : 363
Solving...
Blb : 2 (clique : 38)
currentSize : 38 <-- 0.003214 s
currentSize : 40 <-- 0.003464 s
currentSize : 42 <-- 0.003676 s
currentSize : 44 <-- 0.003774 s
currentSize : 45 <-- 0.004135 s
currentSize : 46 <-- 0.060259 s
currentSize : 47 <-- 0.062953 s
currentSize : 49 <-- 0.065969 s
currentSize : 50 <-- 0.066103 s

maxsize : 50
nodes : 401145.000000
filtered : 2425805.000000
time : 1.922874
