Parameters: GAD=1 vflib=1 dir=0 label=1 lowerbound=1 fileNameGp=../graphsdb/mcs70/bvg/b03m/mcs70_b03m_s25.A63 fileNameGt=../graphsdb/mcs70/bvg/b03m/mcs70_b03m_s25.B63
Reading graphs...
25 :  36
25 :  36
Initializing...
maxdom : 8
D->valSize : 160
Solving...
Blb : 2 (clique : 12)
currentSize : 12 <-- 0.000754 s
currentSize : 13 <-- 0.008826 s
currentSize : 14 <-- 0.015762 s
currentSize : 15 <-- 0.022868 s
currentSize : 16 <-- 0.048055 s

maxsize : 16
nodes : 20046.000000
filtered : 181303.000000
time : 0.054979
