Parameters: GAD=1 vflib=1 dir=0 label=1 lowerbound=1 fileNameGp=../graphsdb/mcs70/rand/r005/mcs70_r005_s35.A78 fileNameGt=../graphsdb/mcs70/rand/r005/mcs70_r005_s35.B78
Reading graphs...
35 :  56
35 :  58
Initializing...
maxdom : 8
D->valSize : 180
Solving...
Blb : 2 (clique : 14)
currentSize : 14 <-- 0.001024 s
currentSize : 15 <-- 0.001097 s
currentSize : 16 <-- 0.001152 s
currentSize : 17 <-- 0.002916 s
currentSize : 18 <-- 0.008842 s
currentSize : 19 <-- 0.009684 s
currentSize : 20 <-- 0.014600 s
currentSize : 21 <-- 0.020653 s
currentSize : 24 <-- 0.020725 s

maxsize : 24
nodes : 7405.000000
filtered : 62057.000000
time : 0.024935
