Parameters: GAD=1 vflib=1 dir=0 label=1 lowerbound=1 fileNameGp=../graphsdb/mcs70/m3D/m3Dr6/mcs70_m3Dr6_s35.A38 fileNameGt=../graphsdb/mcs70/m3D/m3Dr6/mcs70_m3Dr6_s35.B38
Reading graphs...
35 :  93
35 :  93
Initializing...
maxdom : 6
D->valSize : 167
Solving...
Blb : 2 (clique : 13)
currentSize : 13 <-- 0.000992 s
currentSize : 17 <-- 0.001069 s
currentSize : 20 <-- 0.001161 s
currentSize : 21 <-- 0.001707 s
currentSize : 25 <-- 0.001777 s
currentSize : 27 <-- 0.002330 s

maxsize : 27
nodes : 750.000000
filtered : 6150.000000
time : 0.003292
