Parameters: GAD=1 vflib=1 dir=0 label=1 lowerbound=1 fileNameGp=../graphsdb/mcs70/m2D/m2D/mcs70_m2D_s100.A45 fileNameGt=../graphsdb/mcs70/m2D/m2D/mcs70_m2D_s100.B45
Reading graphs...
100 :  179
100 :  180
Initializing...
maxdom : 7
D->valSize : 378
Solving...
Blb : 2 (clique : 49)
currentSize : 49 <-- 0.006825 s
currentSize : 54 <-- 0.007445 s
currentSize : 55 <-- 0.008140 s
currentSize : 57 <-- 0.009414 s
currentSize : 58 <-- 0.010527 s
currentSize : 59 <-- 71.187691 s
currentSize : 60 <-- 71.380638 s
currentSize : 63 <-- 3369.906982 s
currentSize : 64 <-- 3369.908203 s

TIMEOUT
maxsize : 64
nodes : 676028164.000000
filtered : 2171024793.000000
time : 3600.000000
