Parameters: GAD=1 vflib=1 dir=0 label=1 lowerbound=1 fileNameGp=../graphsdb/mcs70/bvg/b09m/mcs70_b09m_s70.A02 fileNameGt=../graphsdb/mcs70/bvg/b09m/mcs70_b09m_s70.B02
Reading graphs...
70 :  308
70 :  311
Initializing...
maxdom : 8
D->valSize : 323
Solving...
Blb : 3 (clique : 39)
currentSize : 39 <-- 0.004716 s
currentSize : 40 <-- 0.030070 s
currentSize : 43 <-- 0.329257 s
currentSize : 44 <-- 1.131187 s
currentSize : 46 <-- 1.259239 s

maxsize : 46
nodes : 403636.000000
filtered : 1876649.000000
time : 1.676363
