Parameters: GAD=1 vflib=1 dir=0 label=1 lowerbound=1 fileNameGp=../graphsdb/mcs70/rand/r02/mcs70_r02_s80.A60 fileNameGt=../graphsdb/mcs70/rand/r02/mcs70_r02_s80.B60
Reading graphs...
80 :  1142
80 :  1135
Initializing...
maxdom : 10
D->valSize : 448
Solving...
Blb : 2 (clique : 7)
currentSize : 7 <-- 0.004315 s
currentSize : 8 <-- 0.004501 s
currentSize : 9 <-- 0.004811 s
currentSize : 11 <-- 0.005142 s
currentSize : 14 <-- 0.005173 s
currentSize : 23 <-- 0.013474 s
currentSize : 25 <-- 0.013579 s
currentSize : 42 <-- 0.019973 s
currentSize : 43 <-- 0.305068 s

maxsize : 43
nodes : 1031355.000000
filtered : 594367.000000
time : 3.540387
