Parameters: GAD=1 vflib=1 dir=0 label=1 lowerbound=1 fileNameGp=../graphsdb/mcs70/m2D/m2Dr2/mcs70_m2Dr2_s80.A55 fileNameGt=../graphsdb/mcs70/m2D/m2Dr2/mcs70_m2Dr2_s80.B55
Reading graphs...
80 :  157
80 :  157
Initializing...
maxdom : 9
D->valSize : 470
Solving...
Blb : 2 (clique : 39)
currentSize : 39 <-- 0.006883 s
currentSize : 40 <-- 0.561126 s
currentSize : 41 <-- 13.759600 s
currentSize : 42 <-- 18.736929 s
currentSize : 43 <-- 18.736967 s
currentSize : 44 <-- 18.737907 s
currentSize : 46 <-- 56.250366 s
currentSize : 47 <-- 56.251553 s
currentSize : 48 <-- 317.547119 s
currentSize : 49 <-- 317.547363 s
currentSize : 50 <-- 612.617371 s

maxsize : 50
nodes : 241596810.000000
filtered : 1572193318.000000
time : 1227.012817
