Parameters: GAD=1 vflib=1 dir=0 label=1 lowerbound=1 fileNameGp=../graphsdb/mcs70/rand/r02/mcs70_r02_s30.A41 fileNameGt=../graphsdb/mcs70/rand/r02/mcs70_r02_s30.B41
Reading graphs...
30 :  150
30 :  154
Initializing...
maxdom : 8
D->valSize : 133
Solving...
Blb : 3 (clique : 8)
currentSize : 8 <-- 0.000701 s
currentSize : 9 <-- 0.000909 s
currentSize : 11 <-- 0.001034 s
currentSize : 12 <-- 0.001704 s
currentSize : 20 <-- 0.002114 s

maxsize : 20
nodes : 588.000000
filtered : 6488.000000
time : 0.002556
