Parameters: GAD=1 vflib=1 dir=0 label=1 lowerbound=1 fileNameGp=../graphsdb/mcs70/bvg/b09/mcs70_b09_s90.A32 fileNameGt=../graphsdb/mcs70/bvg/b09/mcs70_b09_s90.B32
Reading graphs...
90 :  402
90 :  401
Initializing...
maxdom : 11
D->valSize : 550
Solving...
Blb : 2 (clique : 36)
currentSize : 36 <-- 0.010394 s
currentSize : 37 <-- 0.011850 s
currentSize : 38 <-- 4.097663 s
currentSize : 40 <-- 4.119431 s
currentSize : 41 <-- 4.119658 s
currentSize : 42 <-- 5.552523 s
currentSize : 47 <-- 5.552677 s
currentSize : 51 <-- 5.554140 s
currentSize : 53 <-- 6.945770 s
currentSize : 57 <-- 6.946182 s
currentSize : 58 <-- 8.490201 s
currentSize : 62 <-- 8.490325 s

maxsize : 62
nodes : 2232797.000000
filtered : 18050245.000000
time : 12.589440
