Parameters: GAD=1 vflib=1 dir=0 label=1 lowerbound=1 fileNameGp=../graphsdb/mcs70/bvg/b09m/mcs70_b09m_s80.A35 fileNameGt=../graphsdb/mcs70/bvg/b09m/mcs70_b09m_s80.B35
Reading graphs...
80 :  357
80 :  354
Initializing...
maxdom : 10
D->valSize : 431
Solving...
Blb : 3 (clique : 29)
currentSize : 29 <-- 0.006771 s
currentSize : 32 <-- 0.023621 s
currentSize : 34 <-- 0.030081 s
currentSize : 37 <-- 1.182799 s
currentSize : 38 <-- 2.899122 s
currentSize : 39 <-- 3.618209 s
currentSize : 41 <-- 7.642061 s
currentSize : 42 <-- 7.642166 s
currentSize : 43 <-- 7.643804 s
currentSize : 44 <-- 7.643904 s
currentSize : 45 <-- 7.671011 s
currentSize : 54 <-- 7.671339 s

maxsize : 54
nodes : 3223906.000000
filtered : 15163571.000000
time : 14.501693
