Parameters: GAD=1 vflib=1 dir=0 label=1 lowerbound=1 fileNameGp=../graphsdb/mcs70/m3D/m3D/mcs70_m3D_s90.A25 fileNameGt=../graphsdb/mcs70/m3D/m3D/mcs70_m3D_s90.B25
Reading graphs...
90 :  209
90 :  208
Initializing...
maxdom : 10
D->valSize : 546
Solving...
Blb : 2 (clique : 54)
currentSize : 54 <-- 0.006735 s
currentSize : 55 <-- 0.007146 s
currentSize : 56 <-- 0.007453 s
currentSize : 57 <-- 0.040559 s
currentSize : 58 <-- 0.151276 s
currentSize : 59 <-- 0.151442 s
currentSize : 60 <-- 0.151745 s
currentSize : 61 <-- 0.151876 s
currentSize : 62 <-- 0.168934 s
currentSize : 63 <-- 101.907867 s
currentSize : 64 <-- 101.913040 s

maxsize : 64
nodes : 31877891.000000
filtered : 225142941.000000
time : 178.548782
