Parameters: GAD=1 vflib=1 dir=0 label=1 lowerbound=1 fileNameGp=../graphsdb/mcs70/m3D/m3Dr6/mcs70_m3Dr6_s40.A17 fileNameGt=../graphsdb/mcs70/m3D/m3Dr6/mcs70_m3Dr6_s40.B17
Reading graphs...
40 :  108
40 :  107
Initializing...
maxdom : 7
D->valSize : 217
Solving...
Blb : 3 (clique : 18)
currentSize : 18 <-- 0.001386 s
currentSize : 19 <-- 0.002510 s
currentSize : 20 <-- 0.012621 s
currentSize : 21 <-- 0.016040 s
currentSize : 22 <-- 0.019393 s
currentSize : 24 <-- 0.019988 s
currentSize : 27 <-- 0.025942 s

maxsize : 27
nodes : 8131.000000
filtered : 89898.000000
time : 0.034582
