Parameters: GAD=1 vflib=1 dir=0 label=1 lowerbound=1 fileNameGp=../graphsdb/mcs70/m2D/m2Dr6/mcs70_m2Dr6_s100.A03 fileNameGt=../graphsdb/mcs70/m2D/m2Dr6/mcs70_m2Dr6_s100.B03
Reading graphs...
100 :  236
100 :  236
Initializing...
maxdom : 8
D->valSize : 389
Solving...
Blb : 2 (clique : 38)
currentSize : 38 <-- 0.004411 s
currentSize : 39 <-- 0.004713 s
currentSize : 40 <-- 0.004822 s
currentSize : 41 <-- 0.004879 s
currentSize : 43 <-- 0.005950 s
currentSize : 44 <-- 0.006176 s
currentSize : 45 <-- 0.012545 s
currentSize : 46 <-- 0.013077 s
currentSize : 47 <-- 0.013702 s
currentSize : 48 <-- 0.036378 s
currentSize : 49 <-- 29.113541 s
currentSize : 50 <-- 70.067848 s
currentSize : 51 <-- 70.069092 s
currentSize : 52 <-- 70.123367 s
currentSize : 53 <-- 265.898834 s
currentSize : 54 <-- 265.907715 s
currentSize : 55 <-- 343.111389 s
currentSize : 56 <-- 343.113007 s
currentSize : 57 <-- 2591.293457 s
currentSize : 58 <-- 2591.293945 s
currentSize : 59 <-- 2591.300537 s
currentSize : 60 <-- 2591.302979 s

TIMEOUT
maxsize : 60
nodes : 690639238.000000
filtered : 2283187909.000000
time : 3600.000000
