Parameters: GAD=1 vflib=1 dir=0 label=1 lowerbound=1 fileNameGp=../graphsdb/mcs70/m2D/m2Dr2/mcs70_m2Dr2_s100.A47 fileNameGt=../graphsdb/mcs70/m2D/m2Dr2/mcs70_m2Dr2_s100.B47
Reading graphs...
100 :  200
100 :  198
Initializing...
maxdom : 9
D->valSize : 385
Solving...
Blb : 2 (clique : 48)
currentSize : 48 <-- 0.004185 s
currentSize : 49 <-- 0.005849 s
currentSize : 53 <-- 0.083494 s
currentSize : 54 <-- 0.084978 s
currentSize : 56 <-- 0.925450 s
currentSize : 57 <-- 0.925794 s
currentSize : 58 <-- 0.926098 s
currentSize : 61 <-- 1.930143 s

TIMEOUT
maxsize : 61
nodes : 669460825.000000
filtered : 3035463983.000000
time : 3600.000000
