Parameters: GAD=1 vflib=1 dir=0 label=1 lowerbound=1 fileNameGp=../graphsdb/mcs70/m2D/m2Dr6/mcs70_m2Dr6_s70.A26 fileNameGt=../graphsdb/mcs70/m2D/m2Dr6/mcs70_m2Dr6_s70.B26
Reading graphs...
70 :  163
70 :  162
Initializing...
maxdom : 10
D->valSize : 359
Solving...
Blb : 3 (clique : 28)
currentSize : 28 <-- 0.003186 s
currentSize : 31 <-- 0.003363 s
currentSize : 32 <-- 0.003756 s
currentSize : 33 <-- 0.003839 s
currentSize : 34 <-- 0.004612 s
currentSize : 35 <-- 0.091286 s
currentSize : 36 <-- 0.739998 s
currentSize : 37 <-- 0.942962 s
currentSize : 39 <-- 0.944629 s
currentSize : 41 <-- 1.835301 s
currentSize : 43 <-- 2.567334 s
currentSize : 45 <-- 3.737859 s
currentSize : 47 <-- 4.222100 s
currentSize : 50 <-- 4.600903 s

maxsize : 50
nodes : 1210814.000000
filtered : 4842715.000000
time : 4.867821
