Parameters: GAD=1 vflib=1 dir=0 label=1 lowerbound=1 fileNameGp=../graphsdb/mcs70/bvg/b09/mcs70_b09_s15.A37 fileNameGt=../graphsdb/mcs70/bvg/b09/mcs70_b09_s15.B37
Reading graphs...
15 :  66
15 :  64
Initializing...
maxdom : 10
D->valSize : 135
Solving...
Blb : 3 (clique : 6)
currentSize : 6 <-- 0.000563 s
currentSize : 7 <-- 0.001181 s
currentSize : 8 <-- 0.001211 s
currentSize : 9 <-- 0.001303 s
currentSize : 10 <-- 0.001519 s

maxsize : 10
nodes : 486.000000
filtered : 4742.000000
time : 0.001638
