Parameters: GAD=1 vflib=1 dir=0 label=1 lowerbound=1 fileNameGp=../graphsdb/mcs70/m2D/m2Dr6/mcs70_m2Dr6_s70.A01 fileNameGt=../graphsdb/mcs70/m2D/m2Dr6/mcs70_m2Dr6_s70.B01
Reading graphs...
70 :  165
70 :  163
Initializing...
maxdom : 8
D->valSize : 348
Solving...
Blb : 3 (clique : 37)
currentSize : 37 <-- 0.003277 s
currentSize : 38 <-- 0.140016 s
currentSize : 39 <-- 1.161662 s
currentSize : 42 <-- 1.162017 s
currentSize : 44 <-- 3.841687 s
currentSize : 45 <-- 3.841767 s
currentSize : 46 <-- 7.002980 s
currentSize : 47 <-- 7.017007 s
currentSize : 49 <-- 7.019054 s

maxsize : 49
nodes : 2006815.000000
filtered : 10358552.000000
time : 8.939333
