Parameters: GAD=1 vflib=1 dir=0 label=1 lowerbound=1 fileNameGp=../graphsdb/mcs70/bvg/b06/mcs70_b06_s30.A58 fileNameGt=../graphsdb/mcs70/bvg/b06/mcs70_b06_s30.B58
Reading graphs...
30 :  89
30 :  90
Initializing...
maxdom : 6
D->valSize : 132
Solving...
Blb : 3 (clique : 12)
currentSize : 12 <-- 0.000704 s
currentSize : 13 <-- 0.001189 s
currentSize : 14 <-- 0.001239 s
currentSize : 15 <-- 0.001361 s
currentSize : 16 <-- 0.001998 s
currentSize : 18 <-- 0.002038 s
currentSize : 19 <-- 0.003089 s
currentSize : 21 <-- 0.003127 s

maxsize : 21
nodes : 894.000000
filtered : 8076.000000
time : 0.003387
