Parameters: GAD=1 vflib=1 dir=0 label=1 lowerbound=1 fileNameGp=../graphsdb/mcs70/m3D/m3D/mcs70_m3D_s40.A89 fileNameGt=../graphsdb/mcs70/m3D/m3D/mcs70_m3D_s40.B89
Reading graphs...
40 :  83
40 :  83
Initializing...
maxdom : 7
D->valSize : 219
Solving...
Blb : 2 (clique : 18)
currentSize : 18 <-- 0.001384 s
currentSize : 19 <-- 0.001494 s
currentSize : 20 <-- 0.001569 s
currentSize : 23 <-- 0.002638 s
currentSize : 24 <-- 0.002668 s
currentSize : 27 <-- 0.006237 s

maxsize : 27
nodes : 8538.000000
filtered : 51838.000000
time : 0.030504
