Parameters: GAD=1 vflib=1 dir=0 label=1 lowerbound=1 fileNameGp=../graphsdb/mcs70/bvg/b09/mcs70_b09_s35.A32 fileNameGt=../graphsdb/mcs70/bvg/b09/mcs70_b09_s35.B32
Reading graphs...
35 :  156
35 :  153
Initializing...
maxdom : 10
D->valSize : 190
Solving...
Blb : 2 (clique : 8)
currentSize : 8 <-- 0.001045 s
currentSize : 9 <-- 0.001105 s
currentSize : 11 <-- 0.001181 s
currentSize : 13 <-- 0.002031 s
currentSize : 14 <-- 0.002312 s
currentSize : 22 <-- 0.003461 s
currentSize : 24 <-- 0.004070 s

maxsize : 24
nodes : 1061.000000
filtered : 12166.000000
time : 0.004582
