Parameters: GAD=1 vflib=1 dir=0 label=1 lowerbound=1 fileNameGp=../graphsdb/mcs70/m3D/m3D/mcs70_m3D_s40.A59 fileNameGt=../graphsdb/mcs70/m3D/m3D/mcs70_m3D_s40.B59
Reading graphs...
40 :  84
40 :  83
Initializing...
maxdom : 8
D->valSize : 217
Solving...
Blb : 3 (clique : 18)
currentSize : 18 <-- 0.001351 s
currentSize : 19 <-- 0.001763 s
currentSize : 22 <-- 0.036693 s
currentSize : 23 <-- 0.054273 s
currentSize : 26 <-- 0.115284 s
currentSize : 27 <-- 0.115617 s

maxsize : 27
nodes : 39480.000000
filtered : 289038.000000
time : 0.134408
