Parameters: GAD=1 vflib=1 dir=0 label=1 lowerbound=1 fileNameGp=../graphsdb/mcs70/rand/r02/mcs70_r02_s50.A61 fileNameGt=../graphsdb/mcs70/rand/r02/mcs70_r02_s50.B61
Reading graphs...
50 :  435
50 :  441
Initializing...
maxdom : 11
D->valSize : 350
Solving...
Blb : 5 (clique : 8)
currentSize : 8 <-- 0.002422 s
currentSize : 9 <-- 0.003633 s
currentSize : 10 <-- 0.003690 s
currentSize : 17 <-- 0.006376 s
currentSize : 28 <-- 0.013822 s
currentSize : 29 <-- 0.013902 s

maxsize : 29
nodes : 4323.000000
filtered : 67088.000000
time : 0.020805
