Parameters: GAD=1 vflib=1 dir=0 label=1 lowerbound=1 fileNameGp=../graphsdb/mcs70/m4D/m4D/mcs70_m4D_s25.A07 fileNameGt=../graphsdb/mcs70/m4D/m4D/mcs70_m4D_s25.B07
Reading graphs...
25 :  46
25 :  46
Initializing...
maxdom : 7
D->valSize : 154
Solving...
Blb : 3 (clique : 13)
currentSize : 13 <-- 0.000858 s
currentSize : 14 <-- 0.000902 s
currentSize : 15 <-- 0.000935 s
currentSize : 16 <-- 0.001487 s
currentSize : 17 <-- 0.002533 s

maxsize : 17
nodes : 1194.000000
filtered : 7009.000000
time : 0.003431
