Parameters: GAD=1 vflib=1 dir=0 label=1 lowerbound=1 fileNameGp=../graphsdb/mcs70/m3D/m3Dr4/mcs70_m3Dr4_s40.A51 fileNameGt=../graphsdb/mcs70/m3D/m3Dr4/mcs70_m3Dr4_s40.B51
Reading graphs...
40 :  100
40 :  98
Initializing...
maxdom : 10
D->valSize : 224
Solving...
Blb : 3 (clique : 18)
currentSize : 18 <-- 0.002069 s
currentSize : 21 <-- 0.003172 s
currentSize : 22 <-- 0.003227 s
currentSize : 26 <-- 0.030128 s
currentSize : 27 <-- 0.030198 s

maxsize : 27
nodes : 8926.000000
filtered : 48016.000000
time : 0.045993
