Parameters: GAD=1 vflib=1 dir=0 label=1 lowerbound=1 fileNameGp=../graphsdb/mcs70/bvg/b06m/mcs70_b06m_s50.A09 fileNameGt=../graphsdb/mcs70/bvg/b06m/mcs70_b06m_s50.B09
Reading graphs...
50 :  146
50 :  146
Initializing...
maxdom : 16
D->valSize : 389
Solving...
Blb : 3 (clique : 19)
currentSize : 19 <-- 0.003000 s
currentSize : 20 <-- 0.018839 s
currentSize : 23 <-- 0.092785 s
currentSize : 25 <-- 0.092862 s
currentSize : 27 <-- 0.093074 s
currentSize : 28 <-- 0.293263 s
currentSize : 33 <-- 0.429345 s
currentSize : 34 <-- 0.577166 s

maxsize : 34
nodes : 161582.000000
filtered : 1620577.000000
time : 0.637548
