Parameters: GAD=1 vflib=1 dir=0 label=1 lowerbound=1 fileNameGp=../graphsdb/mcs70/m2D/m2Dr2/mcs70_m2Dr2_s60.A82 fileNameGt=../graphsdb/mcs70/m2D/m2Dr2/mcs70_m2Dr2_s60.B82
Reading graphs...
60 :  116
60 :  115
Initializing...
maxdom : 9
D->valSize : 265
Solving...
Blb : 3 (clique : 25)
currentSize : 25 <-- 0.002098 s
currentSize : 27 <-- 0.057961 s
currentSize : 29 <-- 0.058033 s
currentSize : 30 <-- 0.058584 s
currentSize : 33 <-- 0.119231 s
currentSize : 36 <-- 0.450122 s
currentSize : 37 <-- 0.519080 s

maxsize : 37
nodes : 200739.000000
filtered : 950232.000000
time : 0.755959
