Parameters: GAD=1 vflib=1 dir=0 label=1 lowerbound=1 fileNameGp=../graphsdb/mcs70/bvg/b06/mcs70_b06_s35.A69 fileNameGt=../graphsdb/mcs70/bvg/b06/mcs70_b06_s35.B69
Reading graphs...
35 :  104
35 :  104
Initializing...
maxdom : 7
D->valSize : 171
Solving...
Blb : 2 (clique : 10)
currentSize : 10 <-- 0.000984 s
currentSize : 12 <-- 0.001087 s
currentSize : 17 <-- 0.001197 s
currentSize : 18 <-- 0.001932 s
currentSize : 24 <-- 0.002993 s

maxsize : 24
nodes : 794.000000
filtered : 6495.000000
time : 0.003447
