Parameters: GAD=1 vflib=1 dir=0 label=1 lowerbound=1 fileNameGp=../graphsdb/mcs70/rand/r005/mcs70_r005_s70.A81 fileNameGt=../graphsdb/mcs70/rand/r005/mcs70_r005_s70.B81
Reading graphs...
70 :  232
70 :  233
Initializing...
maxdom : 8
D->valSize : 358
Solving...
Blb : 2 (clique : 24)
currentSize : 24 <-- 0.003034 s
currentSize : 25 <-- 0.003272 s
currentSize : 27 <-- 0.003600 s
currentSize : 28 <-- 0.003680 s
currentSize : 31 <-- 0.062076 s
currentSize : 33 <-- 0.163447 s
currentSize : 34 <-- 0.291347 s
currentSize : 43 <-- 0.436190 s
currentSize : 45 <-- 0.499209 s
currentSize : 48 <-- 0.903666 s

maxsize : 48
nodes : 262133.000000
filtered : 2337111.000000
time : 1.324322
