Parameters: GAD=1 vflib=1 dir=0 label=1 lowerbound=1 fileNameGp=../graphsdb/mcs70/m2D/m2D/mcs70_m2D_s90.A39 fileNameGt=../graphsdb/mcs70/m2D/m2D/mcs70_m2D_s90.B39
Reading graphs...
90 :  161
90 :  161
Initializing...
maxdom : 10
D->valSize : 534
Solving...
Blb : 2 (clique : 36)
currentSize : 36 <-- 0.006419 s
currentSize : 59 <-- 0.006786 s
currentSize : 60 <-- 0.010256 s
currentSize : 62 <-- 1095.382690 s
currentSize : 64 <-- 1095.382812 s

maxsize : 64
nodes : 230562901.000000
filtered : 1216116008.000000
time : 1208.164429
