Parameters: GAD=1 vflib=1 dir=0 label=1 lowerbound=1 fileNameGp=../graphsdb/mcs70/bvg/b09/mcs70_b09_s100.A16 fileNameGt=../graphsdb/mcs70/bvg/b09/mcs70_b09_s100.B16
Reading graphs...
100 :  449
100 :  448
Initializing...
maxdom : 9
D->valSize : 434
Solving...
Blb : 2 (clique : 45)
currentSize : 45 <-- 0.004714 s
currentSize : 46 <-- 0.005536 s
currentSize : 47 <-- 0.008830 s
currentSize : 48 <-- 0.008886 s
currentSize : 49 <-- 0.032486 s
currentSize : 54 <-- 0.115574 s
currentSize : 56 <-- 0.116966 s
currentSize : 58 <-- 0.117030 s
currentSize : 60 <-- 0.123634 s
currentSize : 65 <-- 2.725416 s
currentSize : 70 <-- 2.725787 s

maxsize : 70
nodes : 1031226.000000
filtered : 5071279.000000
time : 5.524994
