Parameters: GAD=1 vflib=1 dir=0 label=1 lowerbound=1 fileNameGp=../graphsdb/mcs70/m2D/m2Dr2/mcs70_m2Dr2_s80.A27 fileNameGt=../graphsdb/mcs70/m2D/m2Dr2/mcs70_m2Dr2_s80.B27
Reading graphs...
80 :  157
80 :  157
Initializing...
maxdom : 9
D->valSize : 441
Solving...
Blb : 2 (clique : 33)
currentSize : 33 <-- 0.004412 s
currentSize : 35 <-- 0.004690 s
currentSize : 36 <-- 4.484431 s
currentSize : 37 <-- 4.484484 s
currentSize : 38 <-- 1159.290039 s
currentSize : 40 <-- 1328.326172 s
currentSize : 41 <-- 1926.753540 s
currentSize : 42 <-- 1926.835327 s
currentSize : 43 <-- 1927.198120 s
currentSize : 44 <-- 3289.382812 s
currentSize : 45 <-- 3289.646484 s

TIMEOUT
maxsize : 45
nodes : 687412213.000000
filtered : 6591566111.000000
time : 3600.000000
