Parameters: GAD=1 vflib=1 dir=0 label=1 lowerbound=1 fileNameGp=../graphsdb/mcs70/bvg/b06/mcs70_b06_s50.A98 fileNameGt=../graphsdb/mcs70/bvg/b06/mcs70_b06_s50.B98
Reading graphs...
50 :  148
50 :  150
Initializing...
maxdom : 10
D->valSize : 354
Solving...
Blb : 2 (clique : 27)
currentSize : 27 <-- 0.002881 s
currentSize : 28 <-- 0.003198 s
currentSize : 33 <-- 0.003390 s
currentSize : 34 <-- 0.003424 s
currentSize : 35 <-- 0.003555 s

maxsize : 35
nodes : 24299.000000
filtered : 168477.000000
time : 0.091875
