Parameters: GAD=1 vflib=1 dir=0 label=1 lowerbound=1 fileNameGp=../graphsdb/mcs70/m2D/m2Dr6/mcs70_m2Dr6_s70.A95 fileNameGt=../graphsdb/mcs70/m2D/m2Dr6/mcs70_m2Dr6_s70.B95
Reading graphs...
70 :  164
70 :  161
Initializing...
maxdom : 7
D->valSize : 356
Solving...
Blb : 2 (clique : 41)
currentSize : 41 <-- 0.003115 s
currentSize : 42 <-- 0.003336 s
currentSize : 43 <-- 0.005623 s
currentSize : 44 <-- 0.005890 s
currentSize : 47 <-- 0.009154 s
currentSize : 48 <-- 0.009277 s

maxsize : 48
nodes : 571495.000000
filtered : 2924347.000000
time : 2.525687
