Parameters: GAD=1 vflib=1 dir=0 label=1 lowerbound=1 fileNameGp=../graphsdb/mcs70/rand/r005/mcs70_r005_s50.A82 fileNameGt=../graphsdb/mcs70/rand/r005/mcs70_r005_s50.B82
Reading graphs...
50 :  119
50 :  119
Initializing...
maxdom : 10
D->valSize : 324
Solving...
Blb : 2 (clique : 23)
currentSize : 23 <-- 0.002389 s
currentSize : 25 <-- 0.002710 s
currentSize : 26 <-- 0.002794 s
currentSize : 27 <-- 0.002846 s
currentSize : 28 <-- 0.003412 s
currentSize : 29 <-- 0.003467 s
currentSize : 30 <-- 0.003544 s
currentSize : 35 <-- 0.003682 s

maxsize : 35
nodes : 6679.000000
filtered : 88038.000000
time : 0.032463
