Parameters: GAD=1 vflib=1 dir=0 label=1 lowerbound=1 fileNameGp=../graphsdb/mcs70/rand/r02/mcs70_r02_s15.A97 fileNameGt=../graphsdb/mcs70/rand/r02/mcs70_r02_s15.B97
Reading graphs...
15 :  39
15 :  39
Initializing...
maxdom : 11
D->valSize : 144
Solving...
Blb : 2 (clique : 5)
currentSize : 5 <-- 0.000749 s
currentSize : 6 <-- 0.000799 s
currentSize : 7 <-- 0.000866 s
currentSize : 8 <-- 0.000921 s
currentSize : 10 <-- 0.001318 s

maxsize : 10
nodes : 334.000000
filtered : 4887.000000
time : 0.001696
