Parameters: GAD=1 vflib=1 dir=0 label=1 lowerbound=1 fileNameGp=../graphsdb/mcs70/rand/r005/mcs70_r005_s100.A71 fileNameGt=../graphsdb/mcs70/rand/r005/mcs70_r005_s100.B71
Reading graphs...
100 :  477
100 :  478
Initializing...
maxdom : 7
D->valSize : 369
Solving...
Blb : 2 (clique : 27)
currentSize : 27 <-- 0.003713 s
currentSize : 28 <-- 0.073868 s
currentSize : 29 <-- 0.082832 s
currentSize : 30 <-- 0.470345 s
currentSize : 31 <-- 0.470477 s
currentSize : 32 <-- 0.475503 s
currentSize : 34 <-- 0.879613 s
currentSize : 35 <-- 0.881757 s
currentSize : 36 <-- 0.923263 s
currentSize : 38 <-- 0.923533 s
currentSize : 39 <-- 0.923662 s
currentSize : 41 <-- 0.924922 s
currentSize : 42 <-- 0.925066 s
currentSize : 43 <-- 0.993853 s
currentSize : 44 <-- 0.998867 s
currentSize : 46 <-- 0.999107 s
currentSize : 47 <-- 1.564251 s
currentSize : 51 <-- 1.564503 s
currentSize : 54 <-- 1.583630 s
currentSize : 56 <-- 1.592714 s
currentSize : 60 <-- 4.952132 s
currentSize : 67 <-- 4.963677 s

maxsize : 67
nodes : 1036106.000000
filtered : 5487690.000000
time : 5.722263
