Parameters: GAD=1 vflib=1 dir=0 label=1 lowerbound=1 fileNameGp=../graphsdb/mcs70/bvg/b03m/mcs70_b03m_s50.A52 fileNameGt=../graphsdb/mcs70/bvg/b03m/mcs70_b03m_s50.B52
Reading graphs...
50 :  73
50 :  74
Initializing...
maxdom : 9
D->valSize : 326
Solving...
Blb : 2 (clique : 28)
currentSize : 28 <-- 0.003738 s
currentSize : 29 <-- 0.004000 s
currentSize : 30 <-- 0.004134 s
currentSize : 31 <-- 0.004541 s
currentSize : 32 <-- 0.006044 s
currentSize : 33 <-- 0.006191 s
currentSize : 34 <-- 0.006749 s

maxsize : 34
nodes : 556460.000000
filtered : 5576082.000000
time : 2.525172
