Parameters: GAD=1 vflib=1 dir=0 label=1 lowerbound=1 fileNameGp=../graphsdb/mcs70/bvg/b06m/mcs70_b06m_s60.A42 fileNameGt=../graphsdb/mcs70/bvg/b06m/mcs70_b06m_s60.B42
Reading graphs...
60 :  179
60 :  177
Initializing...
maxdom : 7
D->valSize : 250
Solving...
Blb : 2 (clique : 31)
currentSize : 31 <-- 0.001960 s
currentSize : 32 <-- 0.002115 s
currentSize : 40 <-- 0.006908 s
currentSize : 41 <-- 0.036628 s
currentSize : 42 <-- 0.037536 s

maxsize : 42
nodes : 86581.000000
filtered : 262000.000000
time : 0.283841
