Parameters: GAD=1 vflib=1 dir=0 label=1 lowerbound=1 fileNameGp=../graphsdb/mcs70/m2D/m2D/mcs70_m2D_s70.A04 fileNameGt=../graphsdb/mcs70/m2D/m2D/mcs70_m2D_s70.B04
Reading graphs...
70 :  123
70 :  123
Initializing...
maxdom : 8
D->valSize : 347
Solving...
Blb : 2 (clique : 41)
currentSize : 41 <-- 0.005678 s
currentSize : 43 <-- 0.010483 s
currentSize : 44 <-- 0.697030 s
currentSize : 46 <-- 26.384047 s
currentSize : 47 <-- 29.897066 s
currentSize : 49 <-- 39.225151 s
currentSize : 50 <-- 44.647556 s

maxsize : 50
nodes : 11640143.000000
filtered : 48796392.000000
time : 48.953217
