Parameters: GAD=1 vflib=1 dir=0 label=1 lowerbound=1 fileNameGp=../graphsdb/mcs70/bvg/b03/mcs70_b03_s50.A68 fileNameGt=../graphsdb/mcs70/bvg/b03/mcs70_b03_s50.B68
Reading graphs...
50 :  74
50 :  75
Initializing...
maxdom : 8
D->valSize : 326
Solving...
Blb : 2 (clique : 23)
currentSize : 23 <-- 0.002469 s
currentSize : 25 <-- 0.002602 s
currentSize : 26 <-- 0.004090 s
currentSize : 27 <-- 0.010468 s
currentSize : 28 <-- 3.652198 s
currentSize : 29 <-- 3.853705 s
currentSize : 30 <-- 5.352905 s
currentSize : 31 <-- 5.386532 s
currentSize : 32 <-- 6.319082 s
currentSize : 34 <-- 6.319255 s

maxsize : 34
nodes : 2748780.000000
filtered : 21887668.000000
time : 11.187087
