Parameters: GAD=1 vflib=1 dir=0 label=1 lowerbound=1 fileNameGp=../graphsdb/mcs70/m3D/m3Dr6/mcs70_m3Dr6_s40.A23 fileNameGt=../graphsdb/mcs70/m3D/m3Dr6/mcs70_m3Dr6_s40.B23
Reading graphs...
40 :  106
40 :  106
Initializing...
maxdom : 9
D->valSize : 216
Solving...
Blb : 2 (clique : 13)
currentSize : 13 <-- 0.001285 s
currentSize : 14 <-- 0.001378 s
currentSize : 15 <-- 0.001469 s
currentSize : 16 <-- 0.028539 s
currentSize : 18 <-- 0.099153 s
currentSize : 19 <-- 0.099199 s
currentSize : 20 <-- 0.108856 s
currentSize : 21 <-- 0.124151 s
currentSize : 25 <-- 0.124238 s
currentSize : 27 <-- 0.124284 s

maxsize : 27
nodes : 41238.000000
filtered : 306670.000000
time : 0.133144
