Parameters: GAD=1 vflib=1 dir=0 label=1 lowerbound=1 fileNameGp=../graphsdb/mcs70/m2D/m2Dr2/mcs70_m2Dr2_s90.A81 fileNameGt=../graphsdb/mcs70/m2D/m2Dr2/mcs70_m2Dr2_s90.B81
Reading graphs...
90 :  179
90 :  179
Initializing...
maxdom : 9
D->valSize : 571
Solving...
Blb : 2 (clique : 46)
currentSize : 46 <-- 0.007044 s
currentSize : 47 <-- 0.008624 s
currentSize : 49 <-- 0.022823 s
currentSize : 50 <-- 0.023329 s
currentSize : 51 <-- 3.704927 s
currentSize : 52 <-- 3.705701 s
currentSize : 53 <-- 3.705805 s
currentSize : 54 <-- 3.706188 s
currentSize : 55 <-- 16.997696 s
currentSize : 56 <-- 38.716927 s
currentSize : 57 <-- 38.723976 s
currentSize : 60 <-- 81.296867 s
currentSize : 61 <-- 81.297630 s
currentSize : 64 <-- 140.879868 s
currentSize : 65 <-- 140.880081 s

maxsize : 65
nodes : 69382144.000000
filtered : 440348015.000000
time : 394.693115
