Parameters: GAD=1 vflib=1 dir=0 label=1 lowerbound=1 fileNameGp=../graphsdb/mcs70/m2D/m2Dr2/mcs70_m2Dr2_s80.A98 fileNameGt=../graphsdb/mcs70/m2D/m2Dr2/mcs70_m2Dr2_s80.B98
Reading graphs...
80 :  157
80 :  156
Initializing...
maxdom : 10
D->valSize : 454
Solving...
Blb : 2 (clique : 38)
currentSize : 38 <-- 0.007882 s
currentSize : 40 <-- 0.008677 s
currentSize : 43 <-- 0.128723 s
currentSize : 44 <-- 0.128791 s
currentSize : 46 <-- 0.395177 s
currentSize : 47 <-- 0.395251 s
currentSize : 48 <-- 3.386843 s
currentSize : 49 <-- 3.386977 s

maxsize : 49
nodes : 436147698.000000
filtered : 1913426400.000000
time : 1969.829102
