Parameters: GAD=1 vflib=1 dir=0 label=1 lowerbound=1 fileNameGp=../graphsdb/mcs70/rand/r01/mcs70_r01_s90.A43 fileNameGt=../graphsdb/mcs70/rand/r01/mcs70_r01_s90.B43
Reading graphs...
90 :  760
90 :  755
Initializing...
maxdom : 12
D->valSize : 565
Solving...
Blb : 2 (clique : 17)
currentSize : 17 <-- 0.010017 s
currentSize : 19 <-- 0.010763 s
currentSize : 20 <-- 0.013079 s
currentSize : 21 <-- 0.028213 s
currentSize : 22 <-- 0.028400 s
currentSize : 29 <-- 0.040382 s
currentSize : 34 <-- 0.050003 s
currentSize : 36 <-- 0.076984 s
currentSize : 37 <-- 0.077172 s
currentSize : 41 <-- 0.091381 s
currentSize : 42 <-- 0.091578 s
currentSize : 54 <-- 0.130877 s
currentSize : 55 <-- 0.130989 s
currentSize : 56 <-- 0.166443 s

maxsize : 56
nodes : 237387.000000
filtered : 1149619.000000
time : 1.035505
