Parameters: GAD=1 vflib=1 dir=0 label=1 lowerbound=1 fileNameGp=../graphsdb/mcs70/bvg/b09/mcs70_b09_s80.A35 fileNameGt=../graphsdb/mcs70/bvg/b09/mcs70_b09_s80.B35
Reading graphs...
80 :  359
80 :  359
Initializing...
maxdom : 10
D->valSize : 454
Solving...
Blb : 5 (clique : 17)
currentSize : 17 <-- 0.004380 s
currentSize : 21 <-- 0.004525 s
currentSize : 22 <-- 0.006547 s
currentSize : 23 <-- 0.019392 s
currentSize : 24 <-- 0.888601 s
currentSize : 25 <-- 1.414368 s
currentSize : 26 <-- 1.414416 s
currentSize : 27 <-- 1.414707 s
currentSize : 28 <-- 1.414729 s
currentSize : 29 <-- 1.414838 s
currentSize : 30 <-- 2.521869 s
currentSize : 32 <-- 4.057318 s
currentSize : 33 <-- 5.157995 s
currentSize : 34 <-- 5.158183 s
currentSize : 35 <-- 5.158235 s
currentSize : 39 <-- 6.585791 s
currentSize : 40 <-- 6.585854 s
currentSize : 44 <-- 6.586268 s
currentSize : 45 <-- 6.586340 s
currentSize : 52 <-- 7.858946 s
currentSize : 56 <-- 7.859530 s

maxsize : 56
nodes : 1659029.000000
filtered : 11667568.000000
time : 8.221382
