Parameters: GAD=1 vflib=1 dir=0 label=1 lowerbound=1 fileNameGp=../graphsdb/mcs70/bvg/b06/mcs70_b06_s90.A09 fileNameGt=../graphsdb/mcs70/bvg/b06/mcs70_b06_s90.B09
Reading graphs...
90 :  269
90 :  269
Initializing...
maxdom : 10
D->valSize : 559
Solving...
Blb : 2 (clique : 48)
currentSize : 48 <-- 0.006609 s
currentSize : 49 <-- 0.008751 s
currentSize : 50 <-- 0.057482 s
currentSize : 51 <-- 4.000360 s
currentSize : 53 <-- 69.556419 s
currentSize : 54 <-- 69.556534 s
currentSize : 55 <-- 69.581596 s
currentSize : 56 <-- 69.581802 s
currentSize : 57 <-- 69.625702 s
currentSize : 60 <-- 69.634567 s
currentSize : 62 <-- 69.634865 s
currentSize : 63 <-- 70.301292 s

maxsize : 63
nodes : 26788353.000000
filtered : 191777418.000000
time : 150.299973
