Parameters: GAD=1 vflib=1 dir=0 label=1 lowerbound=1 fileNameGp=../graphsdb/mcs70/m2D/m2Dr6/mcs70_m2Dr6_s60.A25 fileNameGt=../graphsdb/mcs70/m2D/m2Dr6/mcs70_m2Dr6_s60.B25
Reading graphs...
60 :  139
60 :  138
Initializing...
maxdom : 7
D->valSize : 270
Solving...
Blb : 2 (clique : 30)
currentSize : 30 <-- 0.002007 s
currentSize : 32 <-- 0.002195 s
currentSize : 33 <-- 0.002545 s
currentSize : 34 <-- 0.006139 s
currentSize : 35 <-- 0.097227 s
currentSize : 36 <-- 0.103240 s

maxsize : 36
nodes : 715821.000000
filtered : 3089050.000000
time : 2.749019
