Parameters: GAD=1 vflib=1 dir=0 label=1 lowerbound=1 fileNameGp=../graphsdb/mcs70/m3D/m3Dr4/mcs70_m3Dr4_s35.A42 fileNameGt=../graphsdb/mcs70/m3D/m3Dr4/mcs70_m3Dr4_s35.B42
Reading graphs...
35 :  86
35 :  85
Initializing...
maxdom : 8
D->valSize : 184
Solving...
Blb : 2 (clique : 14)
currentSize : 14 <-- 0.001038 s
currentSize : 15 <-- 0.001102 s
currentSize : 16 <-- 0.001120 s
currentSize : 17 <-- 0.001149 s
currentSize : 20 <-- 0.004641 s
currentSize : 21 <-- 0.004688 s
currentSize : 26 <-- 0.006819 s
currentSize : 27 <-- 0.006876 s

maxsize : 27
nodes : 2066.000000
filtered : 16375.000000
time : 0.007345
