Parameters: GAD=1 vflib=1 dir=0 label=1 lowerbound=1 fileNameGp=../graphsdb/mcs70/m3D/m3Dr6/mcs70_m3Dr6_s40.A87 fileNameGt=../graphsdb/mcs70/m3D/m3Dr6/mcs70_m3Dr6_s40.B87
Reading graphs...
40 :  106
40 :  105
Initializing...
maxdom : 7
D->valSize : 204
Solving...
Blb : 2 (clique : 12)
currentSize : 12 <-- 0.001244 s
currentSize : 13 <-- 0.002401 s
currentSize : 15 <-- 0.005955 s
currentSize : 16 <-- 0.005977 s
currentSize : 17 <-- 0.012571 s
currentSize : 18 <-- 0.034102 s
currentSize : 21 <-- 0.034133 s
currentSize : 22 <-- 0.034199 s
currentSize : 25 <-- 0.042447 s
currentSize : 26 <-- 0.044248 s
currentSize : 27 <-- 0.044306 s

maxsize : 27
nodes : 16151.000000
filtered : 112416.000000
time : 0.054389
