Parameters: GAD=1 vflib=1 dir=0 label=1 lowerbound=1 fileNameGp=../graphsdb/mcs70/m2D/m2Dr4/mcs70_m2Dr4_s90.A86 fileNameGt=../graphsdb/mcs70/m2D/m2Dr4/mcs70_m2Dr4_s90.B86
Reading graphs...
90 :  194
90 :  196
Initializing...
maxdom : 9
D->valSize : 552
Solving...
Blb : 2 (clique : 54)
currentSize : 54 <-- 0.006533 s
currentSize : 55 <-- 0.007882 s
currentSize : 58 <-- 0.251793 s
currentSize : 59 <-- 0.252463 s
currentSize : 60 <-- 0.550950 s
currentSize : 61 <-- 0.551633 s
currentSize : 62 <-- 462.045746 s
currentSize : 63 <-- 462.046600 s

maxsize : 63
nodes : 444609914.000000
filtered : 1943233230.000000
time : 2125.114990
