Parameters: GAD=1 vflib=1 dir=0 label=1 lowerbound=1 fileNameGp=../graphsdb/mcs70/m3D/m3D/mcs70_m3D_s100.A24 fileNameGt=../graphsdb/mcs70/m3D/m3D/mcs70_m3D_s100.B24
Reading graphs...
100 :  234
100 :  235
Initializing...
maxdom : 6
D->valSize : 363
Solving...
Blb : 2 (clique : 43)
currentSize : 43 <-- 0.004212 s
currentSize : 44 <-- 0.005447 s
currentSize : 49 <-- 0.008832 s
currentSize : 50 <-- 0.014294 s
currentSize : 51 <-- 0.086070 s
currentSize : 52 <-- 0.090141 s
currentSize : 53 <-- 0.101761 s
currentSize : 54 <-- 0.196979 s
currentSize : 55 <-- 0.198146 s
currentSize : 56 <-- 0.230187 s
currentSize : 57 <-- 1.153463 s
currentSize : 58 <-- 1.168810 s
currentSize : 59 <-- 5.178976 s
currentSize : 60 <-- 5.179476 s
currentSize : 61 <-- 5.180990 s
currentSize : 62 <-- 5.184345 s
currentSize : 63 <-- 5.185222 s
currentSize : 64 <-- 5.192759 s

maxsize : 64
nodes : 438768448.000000
filtered : 1700832592.000000
time : 2293.793457
