Parameters: GAD=1 vflib=1 dir=0 label=1 lowerbound=1 fileNameGp=../graphsdb/mcs70/rand/r001/mcs70_r001_s100.A54 fileNameGt=../graphsdb/mcs70/rand/r001/mcs70_r001_s100.B54
Reading graphs...
100 :  120
100 :  120
Initializing...
maxdom : 7
D->valSize : 383
Solving...
Blb : 3 (clique : 58)
currentSize : 58 <-- 0.007388 s
currentSize : 59 <-- 0.009514 s
currentSize : 60 <-- 0.250763 s
currentSize : 61 <-- 0.361031 s
currentSize : 62 <-- 0.363733 s
currentSize : 63 <-- 0.683622 s
currentSize : 66 <-- 27.852575 s
currentSize : 67 <-- 27.888639 s

TIMEOUT
maxsize : 67
nodes : 795831669.000000
filtered : 2043969372.000000
time : 3600.000000
