Parameters: GAD=1 vflib=1 dir=0 label=1 lowerbound=1 fileNameGp=../graphsdb/mcs70/rand/r02/mcs70_r02_s70.A59 fileNameGt=../graphsdb/mcs70/rand/r02/mcs70_r02_s70.B59
Reading graphs...
70 :  875
70 :  864
Initializing...
maxdom : 8
D->valSize : 362
Solving...
Blb : 2 (clique : 20)
currentSize : 20 <-- 0.004438 s
currentSize : 31 <-- 0.009160 s
currentSize : 32 <-- 0.013870 s
currentSize : 33 <-- 0.104053 s
currentSize : 34 <-- 0.317055 s
currentSize : 35 <-- 1.854501 s

maxsize : 35
nodes : 691398.000000
filtered : 449792.000000
time : 2.397134
