Parameters: GAD=1 vflib=1 dir=0 label=1 lowerbound=1 fileNameGp=../graphsdb/mcs70/m2D/m2Dr4/mcs70_m2Dr4_s40.A98 fileNameGt=../graphsdb/mcs70/m2D/m2Dr4/mcs70_m2Dr4_s40.B98
Reading graphs...
40 :  80
40 :  80
Initializing...
maxdom : 10
D->valSize : 227
Solving...
Blb : 2 (clique : 15)
currentSize : 15 <-- 0.002090 s
currentSize : 16 <-- 0.154492 s
currentSize : 17 <-- 0.163312 s
currentSize : 18 <-- 0.177079 s
currentSize : 19 <-- 0.183244 s
currentSize : 20 <-- 0.205896 s
currentSize : 21 <-- 0.206035 s
currentSize : 22 <-- 0.235083 s
currentSize : 23 <-- 0.249422 s
currentSize : 24 <-- 0.249504 s
currentSize : 25 <-- 0.322747 s

maxsize : 25
nodes : 107589.000000
filtered : 679949.000000
time : 0.356063
