Parameters: GAD=1 vflib=1 dir=0 label=1 lowerbound=1 fileNameGp=../graphsdb/mcs70/m2D/m2Dr4/mcs70_m2Dr4_s35.A28 fileNameGt=../graphsdb/mcs70/m2D/m2Dr4/mcs70_m2Dr4_s35.B28
Reading graphs...
35 :  69
35 :  67
Initializing...
maxdom : 8
D->valSize : 170
Solving...
Blb : 2 (clique : 13)
currentSize : 13 <-- 0.000998 s
currentSize : 19 <-- 0.001070 s
currentSize : 21 <-- 0.002215 s
currentSize : 22 <-- 0.005351 s
currentSize : 23 <-- 0.005925 s

maxsize : 23
nodes : 4133.000000
filtered : 20545.000000
time : 0.012213
