Parameters: GAD=1 vflib=1 dir=0 label=1 lowerbound=1 fileNameGp=../graphsdb/mcs70/bvg/b06m/mcs70_b06m_s30.A81 fileNameGt=../graphsdb/mcs70/bvg/b06m/mcs70_b06m_s30.B81
Reading graphs...
30 :  89
30 :  88
Initializing...
maxdom : 6
D->valSize : 120
Solving...
Blb : 3 (clique : 12)
currentSize : 12 <-- 0.000691 s
currentSize : 14 <-- 0.001033 s
currentSize : 15 <-- 0.001812 s
currentSize : 19 <-- 0.002681 s
currentSize : 21 <-- 0.003125 s

maxsize : 21
nodes : 1051.000000
filtered : 7034.000000
time : 0.003628
