Parameters: GAD=1 vflib=1 dir=0 label=1 lowerbound=1 fileNameGp=../graphsdb/mcs70/rand/r01/mcs70_r01_s20.A86 fileNameGt=../graphsdb/mcs70/rand/r01/mcs70_r01_s20.B86
Reading graphs...
20 :  36
20 :  36
Initializing...
maxdom : 11
D->valSize : 157
Solving...
Blb : 2 (clique : 7)
currentSize : 7 <-- 0.000780 s
currentSize : 8 <-- 0.000823 s
currentSize : 9 <-- 0.001006 s
currentSize : 10 <-- 0.001051 s
currentSize : 11 <-- 0.001205 s
currentSize : 14 <-- 0.001371 s

maxsize : 14
nodes : 328.000000
filtered : 3757.000000
time : 0.001741
