Parameters: GAD=1 vflib=1 dir=0 label=1 lowerbound=1 fileNameGp=../graphsdb/mcs70/m2D/m2Dr2/mcs70_m2Dr2_s50.A56 fileNameGt=../graphsdb/mcs70/m2D/m2Dr2/mcs70_m2Dr2_s50.B56
Reading graphs...
50 :  94
50 :  94
Initializing...
maxdom : 9
D->valSize : 340
Solving...
Blb : 2 (clique : 20)
currentSize : 20 <-- 0.004100 s
currentSize : 21 <-- 0.005047 s
currentSize : 22 <-- 0.012784 s
currentSize : 23 <-- 0.013061 s
currentSize : 24 <-- 0.031856 s
currentSize : 25 <-- 0.032080 s
currentSize : 27 <-- 0.032376 s
currentSize : 29 <-- 0.090536 s
currentSize : 33 <-- 0.131774 s
currentSize : 34 <-- 0.336532 s
currentSize : 36 <-- 0.418879 s

maxsize : 36
nodes : 98401.000000
filtered : 814438.000000
time : 0.533804
