Parameters: GAD=1 vflib=1 dir=0 label=1 lowerbound=1 fileNameGp=../graphsdb/mcs70/bvg/b03m/mcs70_b03m_s50.A55 fileNameGt=../graphsdb/mcs70/bvg/b03m/mcs70_b03m_s50.B55
Reading graphs...
50 :  75
50 :  75
Initializing...
maxdom : 9
D->valSize : 329
Solving...
Blb : 3 (clique : 23)
currentSize : 23 <-- 0.002536 s
currentSize : 28 <-- 0.002672 s
currentSize : 29 <-- 0.002707 s
currentSize : 30 <-- 0.002762 s
currentSize : 32 <-- 0.125934 s
currentSize : 34 <-- 0.126033 s

maxsize : 34
nodes : 82605.000000
filtered : 753638.000000
time : 0.351963
