Parameters: GAD=1 vflib=1 dir=0 label=1 lowerbound=1 fileNameGp=../graphsdb/mcs70/rand/r02/mcs70_r02_s100.A25 fileNameGt=../graphsdb/mcs70/rand/r02/mcs70_r02_s100.B25
Reading graphs...
100 :  1760
100 :  1770
Initializing...
maxdom : 6
D->valSize : 368
Solving...
Blb : 2 (clique : 25)
currentSize : 25 <-- 0.003825 s
currentSize : 43 <-- 0.049930 s
currentSize : 44 <-- 0.050061 s
currentSize : 45 <-- 0.056146 s
currentSize : 46 <-- 0.056286 s

maxsize : 46
nodes : 98026574.000000
filtered : 32370998.000000
time : 386.564453
