Parameters: GAD=1 vflib=1 dir=0 label=1 lowerbound=1 fileNameGp=../graphsdb/mcs70/m2D/m2D/mcs70_m2D_s80.A36 fileNameGt=../graphsdb/mcs70/m2D/m2D/mcs70_m2D_s80.B36
Reading graphs...
80 :  142
80 :  142
Initializing...
maxdom : 8
D->valSize : 436
Solving...
Blb : 2 (clique : 40)
currentSize : 40 <-- 0.004614 s
currentSize : 41 <-- 0.006780 s
currentSize : 42 <-- 0.014139 s
currentSize : 43 <-- 0.016090 s
currentSize : 44 <-- 0.039697 s
currentSize : 46 <-- 0.060781 s
currentSize : 47 <-- 0.063698 s
currentSize : 49 <-- 3.813205 s
currentSize : 50 <-- 3.815543 s
currentSize : 51 <-- 389.848297 s

maxsize : 51
nodes : 158513603.000000
filtered : 906871147.000000
time : 791.599365
