Parameters: GAD=1 vflib=1 dir=0 label=1 lowerbound=1 fileNameGp=../graphsdb/mcs70/rand/r02/mcs70_r02_s70.A45 fileNameGt=../graphsdb/mcs70/rand/r02/mcs70_r02_s70.B45
Reading graphs...
70 :  873
70 :  878
Initializing...
maxdom : 8
D->valSize : 354
Solving...
Blb : 5 (clique : 20)
currentSize : 20 <-- 0.004400 s
currentSize : 22 <-- 0.005371 s
currentSize : 23 <-- 0.015473 s
currentSize : 24 <-- 0.015651 s
currentSize : 25 <-- 0.016045 s
currentSize : 38 <-- 0.018373 s
currentSize : 39 <-- 0.020885 s
currentSize : 40 <-- 0.033284 s
currentSize : 41 <-- 0.035360 s

maxsize : 41
nodes : 9663.000000
filtered : 57611.000000
time : 0.064421
