Parameters: GAD=1 vflib=1 dir=0 label=1 lowerbound=1 fileNameGp=../graphsdb/mcs70/m3D/m3D/mcs70_m3D_s100.A90 fileNameGt=../graphsdb/mcs70/m3D/m3D/mcs70_m3D_s100.B90
Reading graphs...
100 :  235
100 :  232
Initializing...
maxdom : 7
D->valSize : 356
Solving...
Blb : 2 (clique : 44)
currentSize : 44 <-- 0.003847 s
currentSize : 45 <-- 0.004195 s
currentSize : 46 <-- 0.006178 s
currentSize : 47 <-- 0.007146 s
currentSize : 50 <-- 0.014508 s
currentSize : 52 <-- 0.048255 s
currentSize : 53 <-- 0.048544 s
currentSize : 55 <-- 0.807161 s
currentSize : 57 <-- 21.998957 s
currentSize : 58 <-- 22.191879 s
currentSize : 60 <-- 22.195776 s
currentSize : 61 <-- 339.780365 s
currentSize : 63 <-- 339.964020 s
currentSize : 64 <-- 339.964417 s

maxsize : 64
nodes : 143091651.000000
filtered : 574283098.000000
time : 746.366211
