Parameters: GAD=1 vflib=1 dir=0 label=1 lowerbound=1 fileNameGp=../graphsdb/mcs70/m3D/m3Dr4/mcs70_m3Dr4_s90.A95 fileNameGt=../graphsdb/mcs70/m3D/m3Dr4/mcs70_m3Dr4_s90.B95
Reading graphs...
90 :  243
90 :  242
Initializing...
maxdom : 8
D->valSize : 522
Solving...
Blb : 2 (clique : 41)
currentSize : 41 <-- 0.009961 s
currentSize : 43 <-- 0.012907 s
currentSize : 44 <-- 0.013561 s
currentSize : 45 <-- 0.014199 s
currentSize : 50 <-- 0.066052 s
currentSize : 51 <-- 0.066142 s
currentSize : 52 <-- 0.066362 s
currentSize : 53 <-- 0.066578 s
currentSize : 54 <-- 7.418276 s
currentSize : 55 <-- 7.418387 s
currentSize : 57 <-- 7.420042 s
currentSize : 58 <-- 112.124069 s
currentSize : 59 <-- 117.383263 s
currentSize : 61 <-- 122.188126 s
currentSize : 63 <-- 127.391266 s

maxsize : 63
nodes : 27618014.000000
filtered : 143947906.000000
time : 146.752213
