Parameters: GAD=1 vflib=1 dir=0 label=1 lowerbound=1 fileNameGp=../graphsdb/mcs70/rand/r005/mcs70_r005_s40.A70 fileNameGt=../graphsdb/mcs70/rand/r005/mcs70_r005_s40.B70
Reading graphs...
40 :  77
40 :  75
Initializing...
maxdom : 8
D->valSize : 216
Solving...
Blb : 2 (clique : 16)
currentSize : 16 <-- 0.001415 s
currentSize : 18 <-- 0.001498 s
currentSize : 19 <-- 0.001508 s
currentSize : 21 <-- 0.001576 s
currentSize : 22 <-- 0.001588 s
currentSize : 26 <-- 0.019381 s
currentSize : 28 <-- 0.024546 s

maxsize : 28
nodes : 6884.000000
filtered : 67985.000000
time : 0.032112
