Parameters: GAD=1 vflib=1 dir=0 label=1 lowerbound=1 fileNameGp=../graphsdb/mcs70/m2D/m2Dr6/mcs70_m2Dr6_s100.A23 fileNameGt=../graphsdb/mcs70/m2D/m2Dr6/mcs70_m2Dr6_s100.B23
Reading graphs...
100 :  237
100 :  235
Initializing...
maxdom : 9
D->valSize : 381
Solving...
Blb : 2 (clique : 56)
currentSize : 56 <-- 0.004178 s
currentSize : 57 <-- 0.004551 s
currentSize : 58 <-- 0.004870 s
currentSize : 59 <-- 0.005341 s
currentSize : 60 <-- 555.943298 s
currentSize : 61 <-- 555.943665 s
currentSize : 62 <-- 555.944214 s

maxsize : 62
nodes : 160737012.000000
filtered : 752852712.000000
time : 899.788818
