Parameters: GAD=1 vflib=1 dir=0 label=1 lowerbound=1 fileNameGp=../graphsdb/mcs70/m2D/m2Dr6/mcs70_m2Dr6_s40.A02 fileNameGt=../graphsdb/mcs70/m2D/m2Dr6/mcs70_m2Dr6_s40.B02
Reading graphs...
40 :  91
40 :  87
Initializing...
maxdom : 8
D->valSize : 227
Solving...
Blb : 3 (clique : 21)
currentSize : 21 <-- 0.001391 s
currentSize : 22 <-- 0.001867 s
currentSize : 23 <-- 0.001909 s
currentSize : 24 <-- 0.001939 s
currentSize : 25 <-- 0.002080 s

maxsize : 25
nodes : 13481.000000
filtered : 80828.000000
time : 0.043435
