Parameters: GAD=1 vflib=1 dir=0 label=1 lowerbound=1 fileNameGp=../graphsdb/mcs70/m2D/m2D/mcs70_m2D_s25.A27 fileNameGt=../graphsdb/mcs70/m2D/m2D/mcs70_m2D_s25.B27
Reading graphs...
25 :  40
25 :  39
Initializing...
maxdom : 10
D->valSize : 167
Solving...
Blb : 2 (clique : 11)
currentSize : 11 <-- 0.000928 s
currentSize : 13 <-- 0.005352 s
currentSize : 14 <-- 0.005444 s
currentSize : 15 <-- 0.008227 s
currentSize : 16 <-- 0.010699 s

maxsize : 16
nodes : 5241.000000
filtered : 40550.000000
time : 0.014202
