Parameters: GAD=1 vflib=1 dir=0 label=1 lowerbound=1 fileNameGp=../graphsdb/mcs70/m2D/m2Dr6/mcs70_m2Dr6_s60.A94 fileNameGt=../graphsdb/mcs70/m2D/m2Dr6/mcs70_m2Dr6_s60.B94
Reading graphs...
60 :  139
60 :  138
Initializing...
maxdom : 6
D->valSize : 262
Solving...
Blb : 5 (clique : 21)
currentSize : 21 <-- 0.003036 s
currentSize : 22 <-- 0.112390 s
currentSize : 23 <-- 0.275574 s
currentSize : 24 <-- 0.688837 s
currentSize : 25 <-- 1.242564 s
currentSize : 26 <-- 1.517793 s
currentSize : 27 <-- 1.520381 s
currentSize : 28 <-- 1.520566 s
currentSize : 29 <-- 1.520708 s
currentSize : 30 <-- 1.531381 s
currentSize : 31 <-- 1.810257 s
currentSize : 33 <-- 1.837599 s
currentSize : 34 <-- 1.837655 s
currentSize : 35 <-- 2.044137 s
currentSize : 36 <-- 2.380863 s

maxsize : 36
nodes : 887964.000000
filtered : 4167198.000000
time : 3.331583
