Parameters: GAD=1 vflib=1 dir=0 label=1 lowerbound=1 fileNameGp=../graphsdb/mcs70/bvg/b03/mcs70_b03_s80.A34 fileNameGt=../graphsdb/mcs70/bvg/b03/mcs70_b03_s80.B34
Reading graphs...
80 :  119
80 :  120
Initializing...
maxdom : 11
D->valSize : 425
Solving...
Blb : 2 (clique : 33)
currentSize : 33 <-- 0.004458 s
currentSize : 36 <-- 0.004695 s
currentSize : 37 <-- 0.005518 s
currentSize : 38 <-- 0.064279 s
currentSize : 39 <-- 0.067965 s
currentSize : 40 <-- 5.579739 s
currentSize : 41 <-- 5.610485 s
currentSize : 42 <-- 5.613989 s
currentSize : 43 <-- 5.630796 s
currentSize : 44 <-- 7.730567 s
currentSize : 45 <-- 8.923660 s
currentSize : 46 <-- 9.433378 s
currentSize : 47 <-- 12.879453 s
currentSize : 48 <-- 13.578393 s
currentSize : 49 <-- 18.478741 s
currentSize : 51 <-- 23.195021 s
currentSize : 52 <-- 23.195189 s
currentSize : 53 <-- 23.962984 s
currentSize : 56 <-- 50.381275 s
currentSize : 57 <-- 50.444386 s

maxsize : 57
nodes : 10639939.000000
filtered : 54317624.000000
time : 53.511192
