Parameters: GAD=1 vflib=1 dir=0 label=1 lowerbound=1 fileNameGp=../graphsdb/mcs70/m3D/m3D/mcs70_m3D_s100.A00 fileNameGt=../graphsdb/mcs70/m3D/m3D/mcs70_m3D_s100.B00
Reading graphs...
100 :  235
100 :  234
Initializing...
maxdom : 6
D->valSize : 368
Solving...
Blb : 3 (clique : 40)
currentSize : 40 <-- 0.004093 s
currentSize : 41 <-- 0.169692 s
currentSize : 42 <-- 0.181945 s
currentSize : 43 <-- 0.185230 s
currentSize : 45 <-- 0.289039 s
currentSize : 46 <-- 0.291151 s
currentSize : 49 <-- 3.711983 s
currentSize : 50 <-- 23.451988 s
currentSize : 51 <-- 54.650230 s
currentSize : 52 <-- 134.030334 s
currentSize : 54 <-- 140.450516 s
currentSize : 55 <-- 140.564545 s
currentSize : 56 <-- 141.796692 s
currentSize : 57 <-- 141.996521 s
currentSize : 58 <-- 228.415970 s
currentSize : 60 <-- 228.416840 s
currentSize : 61 <-- 365.925781 s
currentSize : 62 <-- 543.718262 s
currentSize : 64 <-- 543.720337 s

maxsize : 64
nodes : 164569957.000000
filtered : 465767938.000000
time : 790.152893
