Parameters: GAD=1 vflib=1 dir=0 label=1 lowerbound=1 fileNameGp=../graphsdb/mcs70/m2D/m2Dr2/mcs70_m2Dr2_s60.A89 fileNameGt=../graphsdb/mcs70/m2D/m2Dr2/mcs70_m2Dr2_s60.B89
Reading graphs...
60 :  114
60 :  116
Initializing...
maxdom : 6
D->valSize : 252
Solving...
Blb : 2 (clique : 25)
currentSize : 25 <-- 0.002978 s
currentSize : 26 <-- 0.003179 s
currentSize : 28 <-- 0.003266 s
currentSize : 29 <-- 14.692600 s
currentSize : 30 <-- 15.724890 s
currentSize : 31 <-- 17.518148 s
currentSize : 32 <-- 25.904408 s
currentSize : 33 <-- 25.904926 s
currentSize : 34 <-- 29.960075 s
currentSize : 35 <-- 29.960171 s
currentSize : 37 <-- 29.962692 s
currentSize : 38 <-- 29.962791 s

maxsize : 38
nodes : 8562088.000000
filtered : 42402662.000000
time : 33.403713
