Parameters: GAD=1 vflib=1 dir=0 label=1 lowerbound=1 fileNameGp=../graphsdb/mcs70/m3D/m3Dr4/mcs70_m3Dr4_s100.A01 fileNameGt=../graphsdb/mcs70/m3D/m3Dr4/mcs70_m3Dr4_s100.B01
Reading graphs...
100 :  275
100 :  273
Initializing...
maxdom : 11
D->valSize : 402
Solving...
Blb : 2 (clique : 51)
currentSize : 51 <-- 0.007271 s
currentSize : 55 <-- 0.008275 s
currentSize : 56 <-- 0.011382 s
currentSize : 59 <-- 0.047751 s
currentSize : 60 <-- 0.058779 s
currentSize : 61 <-- 0.601622 s
currentSize : 62 <-- 0.686579 s
currentSize : 63 <-- 8.409409 s
currentSize : 64 <-- 8.585336 s

maxsize : 64
nodes : 4839735.000000
filtered : 23485561.000000
time : 25.706520
