Parameters: GAD=1 vflib=1 dir=0 label=1 lowerbound=1 fileNameGp=../graphsdb/mcs70/m2D/m2Dr6/mcs70_m2Dr6_s90.A72 fileNameGt=../graphsdb/mcs70/m2D/m2Dr6/mcs70_m2Dr6_s90.B72
Reading graphs...
90 :  214
90 :  214
Initializing...
maxdom : 10
D->valSize : 552
Solving...
Blb : 2 (clique : 49)
currentSize : 49 <-- 0.006569 s
currentSize : 52 <-- 0.006918 s
currentSize : 53 <-- 0.007663 s
currentSize : 54 <-- 0.008025 s
currentSize : 55 <-- 4.312193 s
currentSize : 56 <-- 45.270576 s
currentSize : 57 <-- 109.801483 s
currentSize : 58 <-- 110.856323 s
currentSize : 60 <-- 110.891129 s
currentSize : 61 <-- 263.766541 s
currentSize : 62 <-- 264.500031 s
currentSize : 63 <-- 264.503510 s
currentSize : 64 <-- 264.503906 s

maxsize : 64
nodes : 56920304.000000
filtered : 317646925.000000
time : 307.339508
