Parameters: GAD=1 vflib=1 dir=0 label=1 lowerbound=1 fileNameGp=../graphsdb/mcs70/m3D/m3Dr2/mcs70_m3Dr2_s35.A55 fileNameGt=../graphsdb/mcs70/m3D/m3Dr2/mcs70_m3Dr2_s35.B55
Reading graphs...
35 :  79
35 :  79
Initializing...
maxdom : 8
D->valSize : 160
Solving...
Blb : 2 (clique : 14)
currentSize : 14 <-- 0.001029 s
currentSize : 15 <-- 0.001107 s
currentSize : 16 <-- 0.001163 s
currentSize : 17 <-- 0.002041 s
currentSize : 22 <-- 0.002088 s
currentSize : 27 <-- 0.004715 s

maxsize : 27
nodes : 1362.000000
filtered : 9431.000000
time : 0.005240
