Parameters: GAD=1 vflib=1 dir=0 label=1 lowerbound=1 fileNameGp=../graphsdb/mcs70/rand/r005/mcs70_r005_s70.A32 fileNameGt=../graphsdb/mcs70/rand/r005/mcs70_r005_s70.B32
Reading graphs...
70 :  232
70 :  231
Initializing...
maxdom : 7
D->valSize : 320
Solving...
Blb : 5 (clique : 24)
currentSize : 24 <-- 0.003817 s
currentSize : 27 <-- 0.004120 s
currentSize : 28 <-- 0.142015 s
currentSize : 29 <-- 0.145143 s
currentSize : 30 <-- 0.349383 s
currentSize : 31 <-- 1.258854 s
currentSize : 32 <-- 1.259069 s
currentSize : 33 <-- 1.437819 s
currentSize : 34 <-- 1.437920 s
currentSize : 35 <-- 3.030824 s
currentSize : 38 <-- 3.044365 s
currentSize : 40 <-- 3.044468 s
currentSize : 41 <-- 3.468421 s
currentSize : 43 <-- 3.479335 s
currentSize : 47 <-- 3.479464 s

maxsize : 47
nodes : 762881.000000
filtered : 5298509.000000
time : 3.765819
