Parameters: GAD=1 vflib=1 dir=0 label=1 lowerbound=1 fileNameGp=../graphsdb/mcs70/m4D/m4Dr4/mcs70_m4Dr4_s25.A44 fileNameGt=../graphsdb/mcs70/m4D/m4Dr4/mcs70_m4Dr4_s25.B44
Reading graphs...
25 :  57
25 :  56
Initializing...
maxdom : 7
D->valSize : 158
Solving...
Blb : 2 (clique : 10)
currentSize : 10 <-- 0.000790 s
currentSize : 11 <-- 0.002972 s
currentSize : 12 <-- 0.004707 s
currentSize : 13 <-- 0.004811 s
currentSize : 14 <-- 0.005255 s
currentSize : 15 <-- 0.010150 s
currentSize : 16 <-- 0.016403 s

maxsize : 16
nodes : 5224.000000
filtered : 65615.000000
time : 0.016928
