Parameters: GAD=1 vflib=1 dir=0 label=1 lowerbound=1 fileNameGp=../graphsdb/mcs70/m3D/m3Dr2/mcs70_m3Dr2_s35.A35 fileNameGt=../graphsdb/mcs70/m3D/m3Dr2/mcs70_m3Dr2_s35.B35
Reading graphs...
35 :  78
35 :  78
Initializing...
maxdom : 6
D->valSize : 161
Solving...
Blb : 2 (clique : 13)
currentSize : 13 <-- 0.000905 s
currentSize : 14 <-- 0.001396 s
currentSize : 15 <-- 0.001908 s
currentSize : 16 <-- 0.002217 s
currentSize : 17 <-- 0.002413 s
currentSize : 18 <-- 0.002757 s
currentSize : 19 <-- 0.004164 s
currentSize : 24 <-- 0.005166 s
currentSize : 27 <-- 0.005218 s

maxsize : 27
nodes : 2037.000000
filtered : 11552.000000
time : 0.006442
