Parameters: GAD=1 vflib=1 dir=0 label=1 lowerbound=1 fileNameGp=../graphsdb/mcs70/bvg/b06/mcs70_b06_s90.A01 fileNameGt=../graphsdb/mcs70/bvg/b06/mcs70_b06_s90.B01
Reading graphs...
90 :  269
90 :  270
Initializing...
maxdom : 11
D->valSize : 554
Solving...
Blb : 2 (clique : 44)
currentSize : 44 <-- 0.006468 s
currentSize : 46 <-- 0.006785 s
currentSize : 47 <-- 0.006911 s
currentSize : 50 <-- 0.007336 s
currentSize : 51 <-- 0.007485 s
currentSize : 52 <-- 0.042060 s
currentSize : 53 <-- 0.082781 s
currentSize : 54 <-- 0.082939 s
currentSize : 55 <-- 0.083891 s
currentSize : 57 <-- 43.295067 s
currentSize : 60 <-- 43.352291 s
currentSize : 61 <-- 43.352463 s
currentSize : 62 <-- 43.352657 s
currentSize : 63 <-- 43.352848 s

maxsize : 63
nodes : 33185539.000000
filtered : 284635839.000000
time : 192.086884
