Parameters: GAD=1 vflib=1 dir=0 label=1 lowerbound=1 fileNameGp=../graphsdb/mcs70/m2D/m2Dr4/mcs70_m2Dr4_s70.A38 fileNameGt=../graphsdb/mcs70/m2D/m2Dr4/mcs70_m2Dr4_s70.B38
Reading graphs...
70 :  151
70 :  151
Initializing...
maxdom : 9
D->valSize : 363
Solving...
Blb : 2 (clique : 36)
currentSize : 36 <-- 0.003320 s
currentSize : 37 <-- 0.922569 s
currentSize : 39 <-- 2.963773 s
currentSize : 40 <-- 2.963787 s
currentSize : 41 <-- 2.965722 s
currentSize : 42 <-- 2.965730 s
currentSize : 43 <-- 4.851022 s
currentSize : 44 <-- 4.854932 s
currentSize : 45 <-- 4.855048 s
currentSize : 46 <-- 5.986447 s
currentSize : 47 <-- 5.986559 s
currentSize : 48 <-- 6.008986 s
currentSize : 49 <-- 6.009112 s

maxsize : 49
nodes : 1695320.000000
filtered : 8910368.000000
time : 7.288747
