Parameters: GAD=1 vflib=1 dir=0 label=1 lowerbound=1 fileNameGp=../graphsdb/mcs70/m2D/m2D/mcs70_m2D_s40.A57 fileNameGt=../graphsdb/mcs70/m2D/m2D/mcs70_m2D_s40.B57
Reading graphs...
40 :  67
40 :  67
Initializing...
maxdom : 8
D->valSize : 227
Solving...
Blb : 2 (clique : 16)
currentSize : 16 <-- 0.002204 s
currentSize : 17 <-- 0.024342 s
currentSize : 18 <-- 0.124819 s
currentSize : 19 <-- 0.137183 s
currentSize : 20 <-- 0.171978 s
currentSize : 21 <-- 0.172017 s
currentSize : 22 <-- 0.172081 s
currentSize : 23 <-- 0.308587 s
currentSize : 24 <-- 0.308681 s
currentSize : 25 <-- 0.309829 s

maxsize : 25
nodes : 71859.000000
filtered : 455411.000000
time : 0.401663
