Parameters: GAD=1 vflib=1 dir=0 label=1 lowerbound=1 fileNameGp=../graphsdb/mcs70/m2D/m2Dr2/mcs70_m2Dr2_s90.A95 fileNameGt=../graphsdb/mcs70/m2D/m2Dr2/mcs70_m2Dr2_s90.B95
Reading graphs...
90 :  179
90 :  179
Initializing...
maxdom : 11
D->valSize : 604
Solving...
Blb : 2 (clique : 47)
currentSize : 47 <-- 0.007669 s
currentSize : 58 <-- 0.008036 s
currentSize : 59 <-- 0.008208 s
currentSize : 60 <-- 26.463770 s
currentSize : 61 <-- 28.378004 s
currentSize : 62 <-- 28.378036 s
currentSize : 63 <-- 28.402800 s
currentSize : 65 <-- 28.430067 s
currentSize : 66 <-- 28.975943 s

maxsize : 66
nodes : 7166468.000000
filtered : 47780762.000000
time : 40.586067
