Parameters: GAD=1 vflib=1 dir=0 label=1 lowerbound=1 fileNameGp=../graphsdb/mcs70/rand/r005/mcs70_r005_s80.A51 fileNameGt=../graphsdb/mcs70/rand/r005/mcs70_r005_s80.B51
Reading graphs...
80 :  309
80 :  311
Initializing...
maxdom : 13
D->valSize : 457
Solving...
Blb : 2 (clique : 34)
currentSize : 34 <-- 0.004901 s
currentSize : 37 <-- 0.005123 s
currentSize : 38 <-- 0.005240 s
currentSize : 39 <-- 0.005434 s
currentSize : 42 <-- 0.005559 s
currentSize : 44 <-- 0.005719 s
currentSize : 48 <-- 0.010006 s
currentSize : 55 <-- 0.010232 s

maxsize : 55
nodes : 7904.000000
filtered : 125083.000000
time : 0.056978
