Parameters: GAD=1 vflib=1 dir=0 label=1 lowerbound=1 fileNameGp=../graphsdb/mcs70/bvg/b06/mcs70_b06_s25.A93 fileNameGt=../graphsdb/mcs70/bvg/b06/mcs70_b06_s25.B93
Reading graphs...
25 :  75
25 :  75
Initializing...
maxdom : 12
D->valSize : 188
Solving...
Blb : 2 (clique : 7)
currentSize : 7 <-- 0.000931 s
currentSize : 8 <-- 0.000980 s
currentSize : 9 <-- 0.001193 s
currentSize : 14 <-- 0.008692 s
currentSize : 17 <-- 0.008717 s

maxsize : 17
nodes : 2981.000000
filtered : 38848.000000
time : 0.009273
