Parameters: GAD=1 vflib=1 dir=0 label=1 lowerbound=1 fileNameGp=../graphsdb/mcs70/bvg/b09/mcs70_b09_s70.A75 fileNameGt=../graphsdb/mcs70/bvg/b09/mcs70_b09_s70.B75
Reading graphs...
70 :  312
70 :  313
Initializing...
maxdom : 10
D->valSize : 381
Solving...
Blb : 2 (clique : 23)
currentSize : 23 <-- 0.005183 s
currentSize : 24 <-- 0.005560 s
currentSize : 28 <-- 0.005827 s
currentSize : 31 <-- 0.006116 s
currentSize : 32 <-- 0.017839 s
currentSize : 33 <-- 0.017964 s
currentSize : 35 <-- 0.122588 s
currentSize : 40 <-- 0.122718 s
currentSize : 42 <-- 0.128597 s
currentSize : 45 <-- 0.267597 s
currentSize : 48 <-- 0.308599 s

maxsize : 48
nodes : 61489.000000
filtered : 625004.000000
time : 0.352076
