Parameters: GAD=1 vflib=1 dir=0 label=1 lowerbound=1 fileNameGp=../graphsdb/mcs70/m2D/m2Dr6/mcs70_m2Dr6_s80.A62 fileNameGt=../graphsdb/mcs70/m2D/m2Dr6/mcs70_m2Dr6_s80.B62
Reading graphs...
80 :  189
80 :  189
Initializing...
maxdom : 10
D->valSize : 440
Solving...
Blb : 2 (clique : 42)
currentSize : 42 <-- 0.004475 s
currentSize : 43 <-- 0.004733 s
currentSize : 44 <-- 0.004943 s
currentSize : 45 <-- 0.005044 s
currentSize : 48 <-- 0.009130 s
currentSize : 49 <-- 0.009262 s

maxsize : 49
nodes : 10704382.000000
filtered : 79421345.000000
time : 57.812382
