Parameters: GAD=1 vflib=1 dir=0 label=1 lowerbound=1 fileNameGp=../graphsdb/mcs70/bvg/b03/mcs70_b03_s35.A08 fileNameGt=../graphsdb/mcs70/bvg/b03/mcs70_b03_s35.B08
Reading graphs...
35 :  52
35 :  52
Initializing...
maxdom : 7
D->valSize : 161
Solving...
Blb : 2 (clique : 17)
currentSize : 17 <-- 0.001423 s
currentSize : 18 <-- 0.005476 s
currentSize : 19 <-- 0.014846 s
currentSize : 20 <-- 0.022727 s
currentSize : 21 <-- 0.036871 s
currentSize : 24 <-- 0.036936 s

maxsize : 24
nodes : 9922.000000
filtered : 51293.000000
time : 0.047081
