Parameters: GAD=1 vflib=1 dir=0 label=1 lowerbound=1 fileNameGp=../graphsdb/mcs70/bvg/b03/mcs70_b03_s50.A37 fileNameGt=../graphsdb/mcs70/bvg/b03/mcs70_b03_s50.B37
Reading graphs...
50 :  74
50 :  75
Initializing...
maxdom : 10
D->valSize : 330
Solving...
Blb : 2 (clique : 23)
currentSize : 23 <-- 0.002475 s
currentSize : 24 <-- 0.002667 s
currentSize : 25 <-- 0.003061 s
currentSize : 29 <-- 3.820169 s
currentSize : 30 <-- 3.820222 s
currentSize : 33 <-- 4.916612 s
currentSize : 34 <-- 4.916702 s

maxsize : 34
nodes : 1548029.000000
filtered : 12628704.000000
time : 5.797469
