Parameters: GAD=1 vflib=1 dir=0 label=1 lowerbound=1 fileNameGp=../graphsdb/mcs70/m2D/m2Dr6/mcs70_m2Dr6_s50.A95 fileNameGt=../graphsdb/mcs70/m2D/m2Dr6/mcs70_m2Dr6_s50.B95
Reading graphs...
50 :  113
50 :  113
Initializing...
maxdom : 11
D->valSize : 355
Solving...
Blb : 2 (clique : 33)
currentSize : 33 <-- 0.004328 s
currentSize : 34 <-- 0.012338 s
currentSize : 35 <-- 0.012550 s
currentSize : 36 <-- 0.012829 s
currentSize : 37 <-- 0.013025 s

maxsize : 37
nodes : 20777.000000
filtered : 142892.000000
time : 0.099955
