Parameters: GAD=1 vflib=1 dir=0 label=1 lowerbound=1 fileNameGp=../graphsdb/mcs70/bvg/b09m/mcs70_b09m_s40.A59 fileNameGt=../graphsdb/mcs70/bvg/b09m/mcs70_b09m_s40.B59
Reading graphs...
40 :  170
40 :  170
Initializing...
maxdom : 8
D->valSize : 230
Solving...
Blb : 3 (clique : 9)
currentSize : 9 <-- 0.001392 s
currentSize : 10 <-- 0.001446 s
currentSize : 11 <-- 0.004724 s
currentSize : 12 <-- 0.005847 s
currentSize : 13 <-- 0.006357 s
currentSize : 14 <-- 0.009232 s
currentSize : 20 <-- 0.013827 s
currentSize : 27 <-- 0.013895 s

maxsize : 27
nodes : 4420.000000
filtered : 55323.000000
time : 0.017008
