Parameters: GAD=1 vflib=1 dir=0 label=1 lowerbound=1 fileNameGp=../graphsdb/mcs70/m2D/m2Dr2/mcs70_m2Dr2_s70.A46 fileNameGt=../graphsdb/mcs70/m2D/m2Dr2/mcs70_m2Dr2_s70.B46
Reading graphs...
70 :  137
70 :  136
Initializing...
maxdom : 8
D->valSize : 356
Solving...
Blb : 2 (clique : 40)
currentSize : 40 <-- 0.003488 s
currentSize : 41 <-- 0.003739 s
currentSize : 43 <-- 0.003817 s
currentSize : 44 <-- 0.016696 s
currentSize : 45 <-- 0.016785 s
currentSize : 47 <-- 0.016872 s
currentSize : 48 <-- 0.058045 s
currentSize : 50 <-- 0.058141 s

maxsize : 50
nodes : 201515.000000
filtered : 1065865.000000
time : 0.893169
