Parameters: GAD=1 vflib=1 dir=0 label=1 lowerbound=1 fileNameGp=../graphsdb/mcs70/rand/r02/mcs70_r02_s40.A02 fileNameGt=../graphsdb/mcs70/rand/r02/mcs70_r02_s40.B02
Reading graphs...
40 :  286
40 :  277
Initializing...
maxdom : 8
D->valSize : 210
Solving...
Blb : 2 (clique : 5)
currentSize : 5 <-- 0.001247 s
currentSize : 6 <-- 0.001307 s
currentSize : 8 <-- 0.001405 s
currentSize : 12 <-- 0.001641 s
currentSize : 13 <-- 0.002327 s
currentSize : 16 <-- 0.004820 s
currentSize : 23 <-- 0.006065 s

maxsize : 23
nodes : 2821.000000
filtered : 27730.000000
time : 0.010436
