Parameters: GAD=1 vflib=1 dir=0 label=1 lowerbound=1 fileNameGp=../graphsdb/mcs70/m2D/m2Dr6/mcs70_m2Dr6_s80.A23 fileNameGt=../graphsdb/mcs70/m2D/m2Dr6/mcs70_m2Dr6_s80.B23
Reading graphs...
80 :  186
80 :  186
Initializing...
maxdom : 10
D->valSize : 452
Solving...
Blb : 2 (clique : 32)
currentSize : 32 <-- 0.004670 s
currentSize : 33 <-- 0.005315 s
currentSize : 34 <-- 0.013180 s
currentSize : 36 <-- 0.031825 s
currentSize : 37 <-- 0.033787 s
currentSize : 38 <-- 0.891078 s
currentSize : 39 <-- 6.898898 s
currentSize : 40 <-- 6.901512 s
currentSize : 41 <-- 6.999857 s
currentSize : 42 <-- 278.787109 s
currentSize : 43 <-- 278.787720 s
currentSize : 44 <-- 278.789795 s
currentSize : 45 <-- 527.402649 s
currentSize : 46 <-- 841.546997 s
currentSize : 48 <-- 841.711670 s
currentSize : 49 <-- 841.716858 s

maxsize : 49
nodes : 193206853.000000
filtered : 1319262001.000000
time : 997.478027
