Parameters: GAD=1 vflib=1 dir=0 label=1 lowerbound=1 fileNameGp=../graphsdb/mcs70/bvg/b03m/mcs70_b03m_s100.A51 fileNameGt=../graphsdb/mcs70/bvg/b03m/mcs70_b03m_s100.B51
Reading graphs...
100 :  148
100 :  148
Initializing...
maxdom : 7
D->valSize : 393
Solving...
Blb : 2 (clique : 58)
currentSize : 58 <-- 0.004539 s
currentSize : 59 <-- 0.005737 s
currentSize : 60 <-- 0.473839 s
currentSize : 63 <-- 3.034174 s
currentSize : 64 <-- 3.034393 s
currentSize : 65 <-- 3.129661 s
currentSize : 66 <-- 3.129887 s
currentSize : 68 <-- 133.157913 s
currentSize : 70 <-- 136.380188 s

maxsize : 70
nodes : 134884139.000000
filtered : 414538926.000000
time : 702.485962
