Parameters: GAD=1 vflib=1 dir=0 label=1 lowerbound=1 fileNameGp=../graphsdb/mcs70/m2D/m2Dr2/mcs70_m2Dr2_s60.A62 fileNameGt=../graphsdb/mcs70/m2D/m2Dr2/mcs70_m2Dr2_s60.B62
Reading graphs...
60 :  116
60 :  115
Initializing...
maxdom : 6
D->valSize : 238
Solving...
Blb : 2 (clique : 27)
currentSize : 27 <-- 0.002148 s
currentSize : 29 <-- 2.945954 s
currentSize : 31 <-- 7.854521 s
currentSize : 32 <-- 7.961951 s
currentSize : 34 <-- 23.285404 s
currentSize : 36 <-- 23.286133 s
currentSize : 37 <-- 23.286196 s

maxsize : 37
nodes : 10537128.000000
filtered : 37058929.000000
time : 37.944702
