Parameters: GAD=1 vflib=1 dir=0 label=1 lowerbound=1 fileNameGp=../graphsdb/mcs70/bvg/b03m/mcs70_b03m_s100.A65 fileNameGt=../graphsdb/mcs70/bvg/b03m/mcs70_b03m_s100.B65
Reading graphs...
100 :  149
100 :  150
Initializing...
maxdom : 7
D->valSize : 371
Solving...
Blb : 2 (clique : 53)
currentSize : 53 <-- 0.004104 s
currentSize : 54 <-- 0.004550 s
currentSize : 55 <-- 0.005046 s
currentSize : 56 <-- 0.005844 s
currentSize : 57 <-- 0.029842 s
currentSize : 58 <-- 0.030406 s
currentSize : 59 <-- 0.031503 s
currentSize : 60 <-- 1.080167 s
currentSize : 61 <-- 1.098046 s
currentSize : 63 <-- 1.098271 s
currentSize : 64 <-- 1.352426 s
currentSize : 65 <-- 1.497078 s
currentSize : 68 <-- 1.507300 s
currentSize : 69 <-- 1.666923 s
currentSize : 70 <-- 1.667164 s

maxsize : 70
nodes : 29115309.000000
filtered : 96817779.000000
time : 155.628525
