Parameters: GAD=1 vflib=1 dir=0 label=1 lowerbound=1 fileNameGp=../graphsdb/mcs70/m3D/m3Dr4/mcs70_m3Dr4_s100.A66 fileNameGt=../graphsdb/mcs70/m3D/m3Dr4/mcs70_m3Dr4_s100.B66
Reading graphs...
100 :  275
100 :  270
Initializing...
maxdom : 8
D->valSize : 356
Solving...
Blb : 2 (clique : 47)
currentSize : 47 <-- 0.004071 s
currentSize : 48 <-- 0.004548 s
currentSize : 49 <-- 0.012860 s
currentSize : 51 <-- 0.024101 s
currentSize : 52 <-- 0.024242 s
currentSize : 53 <-- 0.027326 s
currentSize : 54 <-- 0.027528 s
currentSize : 55 <-- 0.047060 s
currentSize : 56 <-- 0.056100 s
currentSize : 58 <-- 0.056824 s
currentSize : 59 <-- 0.731267 s
currentSize : 60 <-- 2.938766 s
currentSize : 61 <-- 2.938945 s
currentSize : 62 <-- 2.940123 s
currentSize : 63 <-- 3.277517 s
currentSize : 65 <-- 3.280661 s

maxsize : 65
nodes : 107784926.000000
filtered : 313933508.000000
time : 515.906494
