Parameters: GAD=1 vflib=1 dir=0 label=1 lowerbound=1 fileNameGp=../graphsdb/mcs70/bvg/b06/mcs70_b06_s40.A02 fileNameGt=../graphsdb/mcs70/bvg/b06/mcs70_b06_s40.B02
Reading graphs...
40 :  120
40 :  119
Initializing...
maxdom : 9
D->valSize : 232
Solving...
Blb : 2 (clique : 11)
currentSize : 11 <-- 0.001378 s
currentSize : 12 <-- 0.005209 s
currentSize : 15 <-- 0.009009 s
currentSize : 16 <-- 0.009024 s
currentSize : 17 <-- 0.014275 s
currentSize : 20 <-- 0.019288 s
currentSize : 22 <-- 0.019317 s
currentSize : 28 <-- 0.049969 s

maxsize : 28
nodes : 20860.000000
filtered : 124019.000000
time : 0.061936
