Parameters: GAD=1 vflib=1 dir=0 label=1 lowerbound=1 fileNameGp=../graphsdb/mcs70/rand/r01/mcs70_r01_s70.A32 fileNameGt=../graphsdb/mcs70/rand/r01/mcs70_r01_s70.B32
Reading graphs...
70 :  458
70 :  459
Initializing...
maxdom : 8
D->valSize : 346
Solving...
Blb : 5 (clique : 23)
currentSize : 23 <-- 0.002812 s
currentSize : 24 <-- 0.004409 s
currentSize : 26 <-- 0.024201 s
currentSize : 27 <-- 0.037003 s
currentSize : 34 <-- 0.040525 s
currentSize : 42 <-- 0.064115 s

maxsize : 42
nodes : 46880.000000
filtered : 381954.000000
time : 0.215793
