Parameters: GAD=1 vflib=1 dir=0 label=1 lowerbound=1 fileNameGp=../graphsdb/mcs70/m4D/m4Dr6/mcs70_m4Dr6_s25.A55 fileNameGt=../graphsdb/mcs70/m4D/m4Dr6/mcs70_m4Dr6_s25.B55
Reading graphs...
25 :  60
25 :  60
Initializing...
maxdom : 10
D->valSize : 177
Solving...
Blb : 2 (clique : 9)
currentSize : 9 <-- 0.000965 s
currentSize : 10 <-- 0.001084 s
currentSize : 12 <-- 0.001648 s
currentSize : 13 <-- 0.004809 s
currentSize : 14 <-- 0.007783 s
currentSize : 15 <-- 0.013083 s

maxsize : 15
nodes : 3870.000000
filtered : 63471.000000
time : 0.013761
