Parameters: GAD=1 vflib=1 dir=0 label=1 lowerbound=1 fileNameGp=../graphsdb/mcs70/rand/r005/mcs70_r005_s40.A60 fileNameGt=../graphsdb/mcs70/rand/r005/mcs70_r005_s40.B60
Reading graphs...
40 :  76
40 :  76
Initializing...
maxdom : 7
D->valSize : 209
Solving...
Blb : 2 (clique : 15)
currentSize : 15 <-- 0.001234 s
currentSize : 16 <-- 0.001473 s
currentSize : 18 <-- 0.001503 s
currentSize : 19 <-- 0.001978 s
currentSize : 21 <-- 0.003068 s
currentSize : 22 <-- 0.005758 s
currentSize : 24 <-- 0.005947 s
currentSize : 27 <-- 0.007074 s
currentSize : 28 <-- 0.013314 s

maxsize : 28
nodes : 3524.000000
filtered : 35659.000000
time : 0.015060
