Parameters: GAD=1 vflib=1 dir=0 label=1 lowerbound=1 fileNameGp=../graphsdb/mcs70/bvg/b09/mcs70_b09_s90.A76 fileNameGt=../graphsdb/mcs70/bvg/b09/mcs70_b09_s90.B76
Reading graphs...
90 :  401
90 :  403
Initializing...
maxdom : 10
D->valSize : 542
Solving...
Blb : 2 (clique : 24)
currentSize : 24 <-- 0.006202 s
currentSize : 35 <-- 0.006427 s
currentSize : 37 <-- 0.006547 s
currentSize : 38 <-- 0.006650 s
currentSize : 39 <-- 0.024835 s
currentSize : 40 <-- 0.024895 s
currentSize : 43 <-- 0.046373 s
currentSize : 46 <-- 0.046499 s
currentSize : 47 <-- 1.353499 s
currentSize : 49 <-- 2.160215 s
currentSize : 52 <-- 3.743866 s
currentSize : 55 <-- 3.744033 s
currentSize : 56 <-- 4.178941 s
currentSize : 59 <-- 4.560687 s
currentSize : 60 <-- 5.465673 s
currentSize : 61 <-- 6.156612 s
currentSize : 62 <-- 7.040630 s

maxsize : 62
nodes : 1697003.000000
filtered : 12128339.000000
time : 9.321474
