Parameters: GAD=1 vflib=1 dir=0 label=1 lowerbound=1 fileNameGp=../graphsdb/mcs70/bvg/b03/mcs70_b03_s90.A45 fileNameGt=../graphsdb/mcs70/bvg/b03/mcs70_b03_s90.B45
Reading graphs...
90 :  135
90 :  135
Initializing...
maxdom : 10
D->valSize : 566
Solving...
Blb : 2 (clique : 52)
currentSize : 52 <-- 0.007003 s
currentSize : 53 <-- 0.007389 s
currentSize : 54 <-- 3.396124 s
currentSize : 56 <-- 307.831299 s
currentSize : 57 <-- 307.839233 s
currentSize : 58 <-- 307.954498 s
currentSize : 59 <-- 546.245972 s
currentSize : 60 <-- 818.848267 s
currentSize : 61 <-- 1942.231445 s
currentSize : 62 <-- 1942.239746 s
currentSize : 63 <-- 1942.239746 s
currentSize : 64 <-- 1942.305664 s

maxsize : 64
nodes : 622271934.000000
filtered : 3123277264.000000
time : 3220.770752
