Parameters: GAD=1 vflib=1 dir=0 label=1 lowerbound=1 fileNameGp=../graphsdb/mcs70/rand/r02/mcs70_r02_s90.A71 fileNameGt=../graphsdb/mcs70/rand/r02/mcs70_r02_s90.B71
Reading graphs...
90 :  1460
90 :  1441
Initializing...
maxdom : 9
D->valSize : 538
Solving...
Blb : 3 (clique : 12)
currentSize : 12 <-- 0.005809 s
currentSize : 14 <-- 0.008896 s
currentSize : 16 <-- 0.014075 s
currentSize : 25 <-- 0.021954 s
currentSize : 42 <-- 0.063483 s
currentSize : 43 <-- 0.063563 s
currentSize : 44 <-- 0.063848 s
currentSize : 45 <-- 0.076268 s
currentSize : 46 <-- 0.273882 s

maxsize : 46
nodes : 7787504.000000
filtered : 5731025.000000
time : 30.027828
