Parameters: GAD=1 vflib=1 dir=0 label=1 lowerbound=1 fileNameGp=../graphsdb/mcs70/m3D/m3Dr2/mcs70_m3Dr2_s100.A15 fileNameGt=../graphsdb/mcs70/m3D/m3Dr2/mcs70_m3Dr2_s100.B15
Reading graphs...
100 :  254
100 :  255
Initializing...
maxdom : 7
D->valSize : 362
Solving...
Blb : 2 (clique : 45)
currentSize : 45 <-- 0.003997 s
currentSize : 47 <-- 0.004401 s
currentSize : 49 <-- 0.005011 s
currentSize : 51 <-- 0.005262 s
currentSize : 52 <-- 0.014091 s
currentSize : 53 <-- 0.071156 s
currentSize : 54 <-- 5.683226 s
currentSize : 55 <-- 5.689560 s
currentSize : 56 <-- 5.712519 s
currentSize : 57 <-- 5.745618 s
currentSize : 59 <-- 1172.032715 s
currentSize : 61 <-- 1976.935425 s
currentSize : 62 <-- 1976.935791 s
currentSize : 63 <-- 1976.950439 s
currentSize : 64 <-- 1976.950684 s

maxsize : 64
nodes : 444532634.000000
filtered : 1596316144.000000
time : 2344.891602
