Parameters: GAD=1 vflib=1 dir=0 label=1 lowerbound=1 fileNameGp=../graphsdb/mcs70/bvg/b09/mcs70_b09_s90.A61 fileNameGt=../graphsdb/mcs70/bvg/b09/mcs70_b09_s90.B61
Reading graphs...
90 :  405
90 :  404
Initializing...
maxdom : 8
D->valSize : 532
Solving...
Blb : 3 (clique : 25)
currentSize : 25 <-- 0.009745 s
currentSize : 29 <-- 0.010057 s
currentSize : 30 <-- 0.010142 s
currentSize : 31 <-- 0.023199 s
currentSize : 32 <-- 0.023306 s
currentSize : 33 <-- 2.713258 s
currentSize : 36 <-- 2.714630 s
currentSize : 38 <-- 3.641718 s
currentSize : 39 <-- 5.618639 s
currentSize : 40 <-- 7.310397 s
currentSize : 42 <-- 11.716177 s
currentSize : 44 <-- 12.886826 s
currentSize : 48 <-- 20.357241 s
currentSize : 51 <-- 20.357609 s
currentSize : 58 <-- 40.405888 s
currentSize : 62 <-- 41.647255 s

maxsize : 62
nodes : 10136958.000000
filtered : 82063122.000000
time : 58.264950
