Parameters: GAD=1 vflib=1 dir=0 label=1 lowerbound=1 fileNameGp=../graphsdb/mcs70/m2D/m2Dr4/mcs70_m2Dr4_s90.A72 fileNameGt=../graphsdb/mcs70/m2D/m2Dr4/mcs70_m2Dr4_s90.B72
Reading graphs...
90 :  197
90 :  196
Initializing...
maxdom : 11
D->valSize : 587
Solving...
Blb : 3 (clique : 48)
currentSize : 48 <-- 0.012277 s
currentSize : 51 <-- 0.013034 s
currentSize : 55 <-- 0.048540 s
currentSize : 58 <-- 0.183366 s
currentSize : 61 <-- 0.455941 s
currentSize : 64 <-- 0.468435 s

maxsize : 64
nodes : 22771194.000000
filtered : 177331693.000000
time : 132.295914
