Parameters: GAD=1 vflib=1 dir=0 label=1 lowerbound=1 fileNameGp=../graphsdb/mcs70/bvg/b03m/mcs70_b03m_s25.A69 fileNameGt=../graphsdb/mcs70/bvg/b03m/mcs70_b03m_s25.B69
Reading graphs...
25 :  36
25 :  36
Initializing...
maxdom : 9
D->valSize : 147
Solving...
Blb : 5 (clique : 11)
currentSize : 11 <-- 0.000862 s
currentSize : 12 <-- 0.001003 s
currentSize : 14 <-- 0.002700 s
currentSize : 15 <-- 0.004643 s
currentSize : 16 <-- 0.004660 s

maxsize : 16
nodes : 1818.000000
filtered : 16164.000000
time : 0.005869
