Parameters: GAD=1 vflib=1 dir=0 label=1 lowerbound=1 fileNameGp=../graphsdb/mcs70/bvg/b03m/mcs70_b03m_s50.A94 fileNameGt=../graphsdb/mcs70/bvg/b03m/mcs70_b03m_s50.B94
Reading graphs...
50 :  75
50 :  75
Initializing...
maxdom : 10
D->valSize : 357
Solving...
Blb : 2 (clique : 25)
currentSize : 25 <-- 0.005143 s
currentSize : 26 <-- 0.005929 s
currentSize : 27 <-- 0.037018 s
currentSize : 28 <-- 0.987624 s
currentSize : 29 <-- 0.987838 s
currentSize : 30 <-- 0.987893 s
currentSize : 33 <-- 1.474139 s
currentSize : 34 <-- 1.478504 s

maxsize : 34
nodes : 881856.000000
filtered : 7168366.000000
time : 3.696730
