Parameters: GAD=1 vflib=1 dir=0 label=1 lowerbound=1 fileNameGp=../graphsdb/mcs70/bvg/b09/mcs70_b09_s80.A81 fileNameGt=../graphsdb/mcs70/bvg/b09/mcs70_b09_s80.B81
Reading graphs...
80 :  358
80 :  358
Initializing...
maxdom : 10
D->valSize : 449
Solving...
Blb : 2 (clique : 35)
currentSize : 35 <-- 0.004575 s
currentSize : 36 <-- 0.005502 s
currentSize : 37 <-- 0.005575 s
currentSize : 38 <-- 1.073807 s
currentSize : 41 <-- 2.299897 s
currentSize : 44 <-- 2.300605 s
currentSize : 46 <-- 2.932162 s
currentSize : 47 <-- 2.934675 s
currentSize : 48 <-- 2.934982 s
currentSize : 51 <-- 2.935467 s
currentSize : 52 <-- 2.935968 s
currentSize : 55 <-- 2.938943 s
currentSize : 56 <-- 2.940543 s

maxsize : 56
nodes : 1240414.000000
filtered : 7218663.000000
time : 5.823558
