Parameters: GAD=1 vflib=1 dir=0 label=1 lowerbound=1 fileNameGp=../graphsdb/mcs70/rand/r01/mcs70_r01_s60.A43 fileNameGt=../graphsdb/mcs70/rand/r01/mcs70_r01_s60.B43
Reading graphs...
60 :  334
60 :  334
Initializing...
maxdom : 7
D->valSize : 283
Solving...
Blb : 2 (clique : 20)
currentSize : 20 <-- 0.002106 s
currentSize : 21 <-- 0.002276 s
currentSize : 24 <-- 0.007979 s
currentSize : 28 <-- 0.008109 s
currentSize : 29 <-- 0.017889 s
currentSize : 37 <-- 0.020904 s

maxsize : 37
nodes : 14586.000000
filtered : 98143.000000
time : 0.062270
