Parameters: GAD=1 vflib=1 dir=0 label=1 lowerbound=1 fileNameGp=../graphsdb/mcs70/bvg/b09/mcs70_b09_s50.A51 fileNameGt=../graphsdb/mcs70/bvg/b09/mcs70_b09_s50.B51
Reading graphs...
50 :  222
50 :  222
Initializing...
maxdom : 12
D->valSize : 337
Solving...
Blb : 2 (clique : 11)
currentSize : 11 <-- 0.002420 s
currentSize : 12 <-- 0.003038 s
currentSize : 13 <-- 0.003123 s
currentSize : 14 <-- 0.019749 s
currentSize : 15 <-- 0.358365 s
currentSize : 16 <-- 0.376460 s
currentSize : 17 <-- 0.376497 s
currentSize : 18 <-- 0.430970 s
currentSize : 27 <-- 0.616890 s
currentSize : 30 <-- 0.618206 s
currentSize : 34 <-- 0.618429 s

maxsize : 34
nodes : 197567.000000
filtered : 1791231.000000
time : 0.723454
