Parameters: GAD=1 vflib=1 dir=0 label=1 lowerbound=1 fileNameGp=../graphsdb/mcs70/m2D/m2Dr6/mcs70_m2Dr6_s90.A73 fileNameGt=../graphsdb/mcs70/m2D/m2Dr6/mcs70_m2Dr6_s90.B73
Reading graphs...
90 :  213
90 :  214
Initializing...
maxdom : 11
D->valSize : 601
Solving...
Blb : 2 (clique : 53)
currentSize : 53 <-- 0.011909 s
currentSize : 54 <-- 0.012275 s
currentSize : 55 <-- 0.012393 s
currentSize : 56 <-- 0.013012 s
currentSize : 60 <-- 0.019322 s
currentSize : 61 <-- 0.019490 s
currentSize : 62 <-- 0.020498 s
currentSize : 63 <-- 0.024820 s

maxsize : 63
nodes : 141218289.000000
filtered : 682721654.000000
time : 671.730469
