Parameters: GAD=1 vflib=1 dir=0 label=1 lowerbound=1 fileNameGp=../graphsdb/mcs70/m3D/m3Dr4/mcs70_m3Dr4_s90.A40 fileNameGt=../graphsdb/mcs70/m3D/m3Dr4/mcs70_m3Dr4_s90.B40
Reading graphs...
90 :  244
90 :  242
Initializing...
maxdom : 9
D->valSize : 542
Solving...
Blb : 3 (clique : 52)
currentSize : 52 <-- 0.006431 s
currentSize : 53 <-- 8.122429 s
currentSize : 54 <-- 81.216339 s
currentSize : 57 <-- 447.975128 s
currentSize : 58 <-- 447.986084 s
currentSize : 60 <-- 493.293610 s
currentSize : 61 <-- 493.294342 s
currentSize : 62 <-- 493.299194 s
currentSize : 63 <-- 493.308594 s
currentSize : 64 <-- 493.313538 s

maxsize : 64
nodes : 187224115.000000
filtered : 874008399.000000
time : 914.672729
