Parameters: GAD=1 vflib=1 dir=0 label=1 lowerbound=1 fileNameGp=../graphsdb/mcs70/m2D/m2Dr4/mcs70_m2Dr4_s80.A91 fileNameGt=../graphsdb/mcs70/m2D/m2Dr4/mcs70_m2Dr4_s80.B91
Reading graphs...
80 :  174
80 :  174
Initializing...
maxdom : 8
D->valSize : 423
Solving...
Blb : 2 (clique : 37)
currentSize : 37 <-- 0.007161 s
currentSize : 39 <-- 0.007786 s
currentSize : 40 <-- 0.231417 s
currentSize : 42 <-- 1.031202 s
currentSize : 44 <-- 1.031308 s
currentSize : 45 <-- 1.326016 s
currentSize : 48 <-- 74.095329 s
currentSize : 49 <-- 74.527107 s
currentSize : 50 <-- 74.527290 s

maxsize : 50
nodes : 51310281.000000
filtered : 289749922.000000
time : 253.596207
