Parameters: GAD=1 vflib=1 dir=0 label=1 lowerbound=1 fileNameGp=../graphsdb/mcs70/m2D/m2Dr6/mcs70_m2Dr6_s70.A42 fileNameGt=../graphsdb/mcs70/m2D/m2Dr6/mcs70_m2Dr6_s70.B42
Reading graphs...
70 :  164
70 :  162
Initializing...
maxdom : 7
D->valSize : 354
Solving...
Blb : 2 (clique : 44)
currentSize : 44 <-- 0.003258 s
currentSize : 45 <-- 0.003650 s
currentSize : 46 <-- 0.274861 s
currentSize : 48 <-- 0.780582 s
currentSize : 49 <-- 0.780728 s

maxsize : 49
nodes : 653065.000000
filtered : 3850444.000000
time : 2.905048
