Parameters: GAD=1 vflib=1 dir=0 label=1 lowerbound=1 fileNameGp=../graphsdb/mcs70/bvg/b03m/mcs70_b03m_s60.A47 fileNameGt=../graphsdb/mcs70/bvg/b03m/mcs70_b03m_s60.B47
Reading graphs...
60 :  90
60 :  89
Initializing...
maxdom : 7
D->valSize : 255
Solving...
Blb : 2 (clique : 37)
currentSize : 37 <-- 0.002106 s
currentSize : 38 <-- 0.002306 s
currentSize : 39 <-- 0.053684 s
currentSize : 42 <-- 0.149915 s
currentSize : 43 <-- 0.150516 s

maxsize : 43
nodes : 253367.000000
filtered : 956244.000000
time : 1.017054
