Parameters: GAD=1 vflib=1 dir=0 label=1 lowerbound=1 fileNameGp=../graphsdb/mcs70/bvg/b03m/mcs70_b03m_s20.A29 fileNameGt=../graphsdb/mcs70/bvg/b03m/mcs70_b03m_s20.B29
Reading graphs...
20 :  30
20 :  30
Initializing...
maxdom : 6
D->valSize : 106
Solving...
Blb : 2 (clique : 8)
currentSize : 8 <-- 0.000704 s
currentSize : 9 <-- 0.000741 s
currentSize : 10 <-- 0.000804 s
currentSize : 11 <-- 0.000850 s
currentSize : 13 <-- 0.001777 s
currentSize : 14 <-- 0.001801 s

maxsize : 14
nodes : 497.000000
filtered : 4127.000000
time : 0.002117
