Parameters: GAD=1 vflib=1 dir=0 label=1 lowerbound=1 fileNameGp=../graphsdb/mcs70/m2D/m2Dr6/mcs70_m2Dr6_s100.A37 fileNameGt=../graphsdb/mcs70/m2D/m2Dr6/mcs70_m2Dr6_s100.B37
Reading graphs...
100 :  237
100 :  237
Initializing...
maxdom : 8
D->valSize : 400
Solving...
Blb : 2 (clique : 46)
currentSize : 46 <-- 0.004495 s
currentSize : 47 <-- 0.004854 s
currentSize : 48 <-- 0.004951 s
currentSize : 50 <-- 0.006611 s
currentSize : 51 <-- 0.006765 s
currentSize : 52 <-- 0.014155 s
currentSize : 53 <-- 0.014351 s
currentSize : 54 <-- 1.699920 s
currentSize : 55 <-- 108.441307 s
currentSize : 56 <-- 108.522079 s
currentSize : 57 <-- 108.522202 s
currentSize : 58 <-- 108.980080 s
currentSize : 59 <-- 108.980194 s
currentSize : 60 <-- 111.684113 s
currentSize : 61 <-- 111.690926 s
currentSize : 62 <-- 111.691055 s

maxsize : 62
nodes : 451894198.000000
filtered : 1838996456.000000
time : 2294.038574
