Parameters: GAD=1 vflib=1 dir=0 label=1 lowerbound=1 fileNameGp=../graphsdb/mcs70/m2D/m2Dr6/m2Dr6/mcs70_m2Dr6_s25.A74 fileNameGt=../graphsdb/mcs70/m2D/m2Dr6/m2Dr6/mcs70_m2Dr6_s25.B74
Reading graphs...
25 :  51
25 :  52
Initializing...
maxdom : 9
D->valSize : 178
Solving...
Blb : 5 (clique : 9)
currentSize : 9 <-- 0.000868 s
currentSize : 10 <-- 0.001036 s
currentSize : 11 <-- 0.001660 s
currentSize : 12 <-- 0.002185 s
currentSize : 13 <-- 0.002225 s
currentSize : 14 <-- 0.006393 s
currentSize : 15 <-- 0.010491 s

maxsize : 15
nodes : 4420.000000
filtered : 43188.000000
time : 0.013932
