Parameters: GAD=1 vflib=1 dir=0 label=1 lowerbound=1 fileNameGp=../graphsdb/mcs70/bvg/b06m/mcs70_b06m_s80.A48 fileNameGt=../graphsdb/mcs70/bvg/b06m/mcs70_b06m_s80.B48
Reading graphs...
80 :  240
80 :  238
Initializing...
maxdom : 8
D->valSize : 432
Solving...
Blb : 2 (clique : 35)
currentSize : 35 <-- 0.007538 s
currentSize : 36 <-- 0.009648 s
currentSize : 37 <-- 0.013756 s
currentSize : 38 <-- 0.020256 s
currentSize : 43 <-- 0.044795 s
currentSize : 46 <-- 0.069408 s
currentSize : 47 <-- 0.069524 s
currentSize : 49 <-- 0.070823 s
currentSize : 50 <-- 2.928280 s
currentSize : 52 <-- 2.928577 s
currentSize : 54 <-- 2.928780 s
currentSize : 56 <-- 2.929324 s

maxsize : 56
nodes : 1521478.000000
filtered : 9922064.000000
time : 7.719481
