Parameters: GAD=1 vflib=1 dir=0 label=1 lowerbound=1 fileNameGp=../graphsdb/mcs70/m3D/m3D/mcs70_m3D_s100.A94 fileNameGt=../graphsdb/mcs70/m3D/m3D/mcs70_m3D_s100.B94
Reading graphs...
100 :  235
100 :  234
Initializing...
maxdom : 8
D->valSize : 407
Solving...
Blb : 3 (clique : 53)
currentSize : 53 <-- 0.007585 s
currentSize : 55 <-- 256.549469 s
currentSize : 56 <-- 256.596985 s
currentSize : 58 <-- 408.556854 s
currentSize : 59 <-- 408.640350 s
currentSize : 61 <-- 2147.918945 s
currentSize : 62 <-- 2148.016602 s
currentSize : 63 <-- 3262.788330 s
currentSize : 64 <-- 3262.967041 s

TIMEOUT
maxsize : 64
nodes : 680943015.000000
filtered : 2742439227.000000
time : 3600.000000
