Parameters: GAD=1 vflib=1 dir=0 label=1 lowerbound=1 fileNameGp=../graphsdb/mcs70/m3D/m3Dr6/mcs70_m3Dr6_s40.A72 fileNameGt=../graphsdb/mcs70/m3D/m3Dr6/mcs70_m3Dr6_s40.B72
Reading graphs...
40 :  105
40 :  105
Initializing...
maxdom : 11
D->valSize : 294
Solving...
Blb : 2 (clique : 19)
currentSize : 19 <-- 0.001886 s
currentSize : 20 <-- 0.001995 s
currentSize : 21 <-- 0.002017 s
currentSize : 22 <-- 0.002166 s
currentSize : 24 <-- 0.002261 s
currentSize : 25 <-- 0.009683 s
currentSize : 27 <-- 0.009737 s

maxsize : 27
nodes : 3636.000000
filtered : 33428.000000
time : 0.014561
