Parameters: GAD=1 vflib=1 dir=0 label=1 lowerbound=1 fileNameGp=../graphsdb/mcs70/m2D/m2Dr2/mcs70_m2Dr2_s60.A73 fileNameGt=../graphsdb/mcs70/m2D/m2Dr2/mcs70_m2Dr2_s60.B73
Reading graphs...
60 :  115
60 :  116
Initializing...
maxdom : 8
D->valSize : 280
Solving...
Blb : 3 (clique : 27)
currentSize : 27 <-- 0.002210 s
currentSize : 28 <-- 0.006015 s
currentSize : 29 <-- 0.006654 s
currentSize : 30 <-- 0.026609 s
currentSize : 31 <-- 0.043193 s
currentSize : 32 <-- 0.546606 s
currentSize : 36 <-- 0.693086 s
currentSize : 37 <-- 0.757574 s

maxsize : 37
nodes : 527890.000000
filtered : 2947543.000000
time : 2.282471
