Parameters: GAD=1 vflib=1 dir=0 label=1 lowerbound=1 fileNameGp=../graphsdb/mcs70/bvg/b03m/mcs70_b03m_s20.A77 fileNameGt=../graphsdb/mcs70/bvg/b03m/mcs70_b03m_s20.B77
Reading graphs...
20 :  29
20 :  30
Initializing...
maxdom : 7
D->valSize : 108
Solving...
Blb : 5 (clique : 9)
currentSize : 9 <-- 0.000576 s
currentSize : 10 <-- 0.000660 s
currentSize : 11 <-- 0.000689 s
currentSize : 12 <-- 0.000700 s
currentSize : 13 <-- 0.001088 s
currentSize : 15 <-- 0.001253 s

maxsize : 15
nodes : 413.000000
filtered : 3746.000000
time : 0.001657
