Parameters: GAD=1 vflib=1 dir=0 label=1 lowerbound=1 fileNameGp=../graphsdb/mcs70/m2D/m2Dr6/mcs70_m2Dr6_s50.A63 fileNameGt=../graphsdb/mcs70/m2D/m2Dr6/mcs70_m2Dr6_s50.B63
Reading graphs...
50 :  113
50 :  112
Initializing...
maxdom : 9
D->valSize : 337
Solving...
Blb : 3 (clique : 27)
currentSize : 27 <-- 0.002513 s
currentSize : 28 <-- 0.002741 s
currentSize : 29 <-- 0.002807 s
currentSize : 31 <-- 0.180394 s
currentSize : 34 <-- 0.180509 s
currentSize : 35 <-- 0.180582 s
currentSize : 36 <-- 0.180715 s

maxsize : 36
nodes : 44398.000000
filtered : 405484.000000
time : 0.203674
