Parameters: GAD=1 vflib=1 dir=0 label=1 lowerbound=1 fileNameGp=../graphsdb/mcs70/m2D/m2D/mcs70_m2D_s70.A47 fileNameGt=../graphsdb/mcs70/m2D/m2D/mcs70_m2D_s70.B47
Reading graphs...
70 :  122
70 :  123
Initializing...
maxdom : 8
D->valSize : 315
Solving...
Blb : 2 (clique : 33)
currentSize : 33 <-- 0.002750 s
currentSize : 34 <-- 0.002955 s
currentSize : 35 <-- 0.003046 s
currentSize : 36 <-- 0.003843 s
currentSize : 37 <-- 0.005009 s
currentSize : 38 <-- 0.011225 s
currentSize : 39 <-- 0.046896 s
currentSize : 40 <-- 0.048922 s
currentSize : 41 <-- 0.049412 s
currentSize : 42 <-- 0.091712 s
currentSize : 43 <-- 0.093437 s
currentSize : 44 <-- 0.102088 s
currentSize : 45 <-- 0.162865 s
currentSize : 46 <-- 0.167701 s
currentSize : 47 <-- 0.167980 s
currentSize : 48 <-- 0.168066 s
currentSize : 49 <-- 0.180121 s

maxsize : 49
nodes : 299892.000000
filtered : 1041148.000000
time : 1.353474
