Parameters: GAD=1 vflib=1 dir=0 label=1 lowerbound=1 fileNameGp=../graphsdb/mcs70/m2D/m2Dr2/mcs70_m2Dr2_s90.A94 fileNameGt=../graphsdb/mcs70/m2D/m2Dr2/mcs70_m2Dr2_s90.B94
Reading graphs...
90 :  179
90 :  178
Initializing...
maxdom : 11
D->valSize : 526
Solving...
Blb : 2 (clique : 50)
currentSize : 50 <-- 0.006349 s
currentSize : 51 <-- 0.006703 s
currentSize : 52 <-- 0.006908 s
currentSize : 53 <-- 0.006963 s
currentSize : 54 <-- 0.010855 s
currentSize : 55 <-- 0.016984 s
currentSize : 59 <-- 0.206009 s
currentSize : 60 <-- 0.210191 s
currentSize : 61 <-- 0.212361 s
currentSize : 62 <-- 21.767763 s
currentSize : 63 <-- 21.775375 s
currentSize : 64 <-- 21.777384 s

maxsize : 64
nodes : 50643137.000000
filtered : 212444659.000000
time : 262.761627
