Parameters: GAD=1 vflib=1 dir=0 label=1 lowerbound=1 fileNameGp=../graphsdb/mcs70/rand/r02/mcs70_r02_s80.A24 fileNameGt=../graphsdb/mcs70/rand/r02/mcs70_r02_s80.B24
Reading graphs...
80 :  1143
80 :  1130
Initializing...
maxdom : 9
D->valSize : 439
Solving...
Blb : 2 (clique : 10)
currentSize : 10 <-- 0.003997 s
currentSize : 12 <-- 0.004116 s
currentSize : 13 <-- 0.006675 s
currentSize : 19 <-- 0.007869 s
currentSize : 23 <-- 0.015916 s
currentSize : 24 <-- 0.016035 s
currentSize : 38 <-- 0.016254 s
currentSize : 40 <-- 0.018054 s
currentSize : 41 <-- 0.047873 s
currentSize : 42 <-- 0.052077 s
currentSize : 43 <-- 0.934896 s

maxsize : 43
nodes : 805100.000000
filtered : 673036.000000
time : 2.845738
