Parameters: GAD=1 vflib=1 dir=0 label=1 lowerbound=1 fileNameGp=../graphsdb/mcs70/bvg/b06m/mcs70_b06m_s60.A72 fileNameGt=../graphsdb/mcs70/bvg/b06m/mcs70_b06m_s60.B72
Reading graphs...
60 :  177
60 :  177
Initializing...
maxdom : 8
D->valSize : 263
Solving...
Blb : 3 (clique : 28)
currentSize : 28 <-- 0.003066 s
currentSize : 29 <-- 0.003516 s
currentSize : 36 <-- 0.003952 s
currentSize : 37 <-- 0.004190 s
currentSize : 41 <-- 0.005238 s
currentSize : 42 <-- 0.005432 s

maxsize : 42
nodes : 12184.000000
filtered : 80433.000000
time : 0.078515
