Parameters: GAD=1 vflib=1 dir=0 label=1 lowerbound=1 fileNameGp=../graphsdb/mcs70/m3D/m3Dr2/mcs70_m3Dr2_s90.A98 fileNameGt=../graphsdb/mcs70/m3D/m3Dr2/mcs70_m3Dr2_s90.B98
Reading graphs...
90 :  225
90 :  226
Initializing...
maxdom : 12
D->valSize : 582
Solving...
Blb : 2 (clique : 52)
currentSize : 52 <-- 0.011478 s
currentSize : 53 <-- 0.012326 s
currentSize : 55 <-- 0.036493 s
currentSize : 57 <-- 0.037958 s
currentSize : 58 <-- 1.955047 s
currentSize : 60 <-- 1.955252 s
currentSize : 62 <-- 1.959063 s
currentSize : 64 <-- 1.959515 s

maxsize : 64
nodes : 32636994.000000
filtered : 203255259.000000
time : 174.807953
