Parameters: GAD=1 vflib=1 dir=0 label=1 lowerbound=1 fileNameGp=../graphsdb/mcs70/m2D/m2Dr6/mcs70_m2Dr6_s60.A93 fileNameGt=../graphsdb/mcs70/m2D/m2Dr6/mcs70_m2Dr6_s60.B93
Reading graphs...
60 :  136
60 :  134
Initializing...
maxdom : 7
D->valSize : 262
Solving...
Blb : 2 (clique : 27)
currentSize : 27 <-- 0.001973 s
currentSize : 28 <-- 0.032936 s
currentSize : 30 <-- 0.034097 s
currentSize : 32 <-- 0.034211 s
currentSize : 34 <-- 0.240765 s
currentSize : 36 <-- 0.960844 s

maxsize : 36
nodes : 235670.000000
filtered : 1601077.000000
time : 1.135763
