Parameters: GAD=1 vflib=1 dir=0 label=1 lowerbound=1 fileNameGp=../graphsdb/mcs70/rand/r02/mcs70_r02_s50.A81 fileNameGt=../graphsdb/mcs70/rand/r02/mcs70_r02_s50.B81
Reading graphs...
50 :  443
50 :  434
Initializing...
maxdom : 9
D->valSize : 339
Solving...
Blb : 5 (clique : 7)
currentSize : 7 <-- 0.002391 s
currentSize : 8 <-- 0.002627 s
currentSize : 9 <-- 0.003899 s
currentSize : 10 <-- 0.004127 s
currentSize : 14 <-- 0.005740 s
currentSize : 15 <-- 0.014392 s
currentSize : 27 <-- 0.023954 s
currentSize : 28 <-- 0.024200 s
currentSize : 29 <-- 0.025670 s
currentSize : 30 <-- 0.025995 s

maxsize : 30
nodes : 6306.000000
filtered : 87684.000000
time : 0.029544
