Parameters: GAD=1 vflib=1 dir=0 label=1 lowerbound=1 fileNameGp=../graphsdb/mcs70/rand/r005/mcs70_r005_s50.A21 fileNameGt=../graphsdb/mcs70/rand/r005/mcs70_r005_s50.B21
Reading graphs...
50 :  119
50 :  121
Initializing...
maxdom : 11
D->valSize : 335
Solving...
Blb : 2 (clique : 17)
currentSize : 17 <-- 0.002494 s
currentSize : 29 <-- 0.002620 s
currentSize : 30 <-- 0.002772 s
currentSize : 32 <-- 0.002906 s
currentSize : 33 <-- 0.109298 s
currentSize : 35 <-- 0.196746 s

maxsize : 35
nodes : 42498.000000
filtered : 567074.000000
time : 0.207096
