Parameters: GAD=1 vflib=1 dir=0 label=1 lowerbound=1 fileNameGp=../graphsdb/mcs70/m2D/m2D/mcs70_m2D_s60.A01 fileNameGt=../graphsdb/mcs70/m2D/m2D/mcs70_m2D_s60.B01
Reading graphs...
60 :  103
60 :  104
Initializing...
maxdom : 7
D->valSize : 274
Solving...
Blb : 2 (clique : 30)
currentSize : 30 <-- 0.002247 s
currentSize : 31 <-- 0.002437 s
currentSize : 33 <-- 0.002564 s
currentSize : 35 <-- 0.003951 s
currentSize : 36 <-- 0.003977 s

maxsize : 36
nodes : 2672695.000000
filtered : 12732632.000000
time : 10.925658
