Parameters: GAD=1 vflib=1 dir=0 label=1 lowerbound=1 fileNameGp=../graphsdb/mcs70/m2D/m2D/mcs70_m2D_s100.A15 fileNameGt=../graphsdb/mcs70/m2D/m2D/mcs70_m2D_s100.B15
Reading graphs...
100 :  180
100 :  180
Initializing...
maxdom : 7
D->valSize : 367
Solving...
Blb : 2 (clique : 40)
currentSize : 40 <-- 0.004006 s
currentSize : 41 <-- 0.004301 s
currentSize : 42 <-- 0.004344 s
currentSize : 44 <-- 0.004491 s
currentSize : 46 <-- 0.004786 s
currentSize : 48 <-- 0.004977 s
currentSize : 49 <-- 0.006160 s
currentSize : 50 <-- 0.169545 s
currentSize : 51 <-- 0.169942 s
currentSize : 52 <-- 0.176202 s
currentSize : 53 <-- 1.109869 s
currentSize : 54 <-- 1.110125 s
currentSize : 55 <-- 3.276007 s
currentSize : 56 <-- 1967.712036 s
currentSize : 57 <-- 1977.151611 s
currentSize : 58 <-- 1977.151855 s
currentSize : 59 <-- 2115.295166 s
currentSize : 60 <-- 2505.506836 s
currentSize : 61 <-- 2505.507080 s
currentSize : 62 <-- 2505.507324 s
currentSize : 63 <-- 2505.508057 s
currentSize : 64 <-- 2508.428467 s

maxsize : 64
nodes : 518267282.000000
filtered : 2109594543.000000
time : 2865.842773
