Parameters: GAD=1 vflib=1 dir=0 label=1 lowerbound=1 fileNameGp=../graphsdb/mcs70/bvg/b06/mcs70_b06_s35.A15 fileNameGt=../graphsdb/mcs70/bvg/b06/mcs70_b06_s35.B15
Reading graphs...
35 :  103
35 :  104
Initializing...
maxdom : 7
D->valSize : 190
Solving...
Blb : 2 (clique : 15)
currentSize : 15 <-- 0.001037 s
currentSize : 16 <-- 0.001569 s
currentSize : 18 <-- 0.002959 s
currentSize : 20 <-- 0.003260 s
currentSize : 21 <-- 0.003303 s
currentSize : 22 <-- 0.004187 s
currentSize : 24 <-- 0.005470 s

maxsize : 24
nodes : 1922.000000
filtered : 15059.000000
time : 0.006971
