Parameters: GAD=1 vflib=1 dir=0 label=1 lowerbound=1 fileNameGp=../graphsdb/mcs70/m3D/m3Dr2/mcs70_m3Dr2_s90.A78 fileNameGt=../graphsdb/mcs70/m3D/m3Dr2/mcs70_m3Dr2_s90.B78
Reading graphs...
90 :  225
90 :  223
Initializing...
maxdom : 17
D->valSize : 650
Solving...
Blb : 2 (clique : 39)
currentSize : 39 <-- 0.008413 s
currentSize : 40 <-- 0.008721 s
currentSize : 42 <-- 0.647182 s
currentSize : 43 <-- 21.117260 s
currentSize : 44 <-- 56.172791 s
currentSize : 46 <-- 56.190502 s
currentSize : 47 <-- 92.085625 s
currentSize : 48 <-- 92.109711 s
currentSize : 49 <-- 92.109802 s
currentSize : 50 <-- 134.325439 s
currentSize : 51 <-- 145.146484 s
currentSize : 52 <-- 145.189438 s
currentSize : 53 <-- 145.189514 s
currentSize : 54 <-- 248.085846 s
currentSize : 57 <-- 253.112900 s
currentSize : 58 <-- 253.128540 s
currentSize : 62 <-- 262.009827 s
currentSize : 63 <-- 262.029755 s

maxsize : 63
nodes : 58983868.000000
filtered : 339863579.000000
time : 289.392609
