Parameters: GAD=1 vflib=1 dir=0 label=1 lowerbound=1 fileNameGp=../graphsdb/mcs70/bvg/b06/mcs70_b06_s90.A55 fileNameGt=../graphsdb/mcs70/bvg/b06/mcs70_b06_s90.B55
Reading graphs...
90 :  269
90 :  269
Initializing...
maxdom : 8
D->valSize : 549
Solving...
Blb : 2 (clique : 32)
currentSize : 32 <-- 0.010793 s
currentSize : 35 <-- 0.015207 s
currentSize : 36 <-- 0.017971 s
currentSize : 37 <-- 0.022222 s
currentSize : 38 <-- 0.512680 s
currentSize : 40 <-- 0.795115 s
currentSize : 41 <-- 0.810190 s
currentSize : 43 <-- 0.811177 s
currentSize : 44 <-- 0.987603 s
currentSize : 47 <-- 1.358936 s
currentSize : 48 <-- 1.361915 s
currentSize : 49 <-- 1.367789 s
currentSize : 50 <-- 1.367963 s
currentSize : 54 <-- 1.368346 s
currentSize : 56 <-- 1.404237 s
currentSize : 61 <-- 1.477956 s
currentSize : 63 <-- 1.513004 s

maxsize : 63
nodes : 3035334.000000
filtered : 24989544.000000
time : 19.476460
