Parameters: GAD=1 vflib=1 dir=0 label=1 lowerbound=1 fileNameGp=../graphsdb/mcs70/rand/r01/mcs70_r01_s50.A63 fileNameGt=../graphsdb/mcs70/rand/r01/mcs70_r01_s50.B63
Reading graphs...
50 :  232
50 :  230
Initializing...
maxdom : 9
D->valSize : 326
Solving...
Blb : 3 (clique : 10)
currentSize : 10 <-- 0.002171 s
currentSize : 11 <-- 0.002302 s
currentSize : 12 <-- 0.002909 s
currentSize : 13 <-- 0.007129 s
currentSize : 14 <-- 0.019130 s
currentSize : 15 <-- 0.038612 s
currentSize : 16 <-- 0.038896 s
currentSize : 18 <-- 0.068306 s
currentSize : 19 <-- 0.082805 s
currentSize : 20 <-- 0.082980 s
currentSize : 25 <-- 0.090275 s
currentSize : 29 <-- 0.103690 s
currentSize : 30 <-- 0.105635 s
currentSize : 34 <-- 0.105741 s

maxsize : 34
nodes : 28410.000000
filtered : 314901.000000
time : 0.115170
