Parameters: GAD=1 vflib=1 dir=0 label=1 lowerbound=1 fileNameGp=../graphsdb/mcs70/m3D/m3Dr4/mcs70_m3Dr4_s40.A47 fileNameGt=../graphsdb/mcs70/m3D/m3Dr4/mcs70_m3Dr4_s40.B47
Reading graphs...
40 :  98
40 :  97
Initializing...
maxdom : 9
D->valSize : 240
Solving...
Blb : 2 (clique : 15)
currentSize : 15 <-- 0.001545 s
currentSize : 16 <-- 0.002495 s
currentSize : 17 <-- 0.118382 s
currentSize : 19 <-- 0.161067 s
currentSize : 20 <-- 0.161091 s
currentSize : 21 <-- 0.211256 s
currentSize : 22 <-- 0.211283 s
currentSize : 23 <-- 0.241507 s
currentSize : 27 <-- 0.252546 s

maxsize : 27
nodes : 77925.000000
filtered : 901300.000000
time : 0.269576
