Parameters: GAD=1 vflib=1 dir=0 label=1 lowerbound=1 fileNameGp=../graphsdb/mcs70/bvg/b06m/mcs70_b06m_s100.A34 fileNameGt=../graphsdb/mcs70/bvg/b06m/mcs70_b06m_s100.B34
Reading graphs...
100 :  298
100 :  298
Initializing...
maxdom : 8
D->valSize : 391
Solving...
Blb : 3 (clique : 48)
currentSize : 48 <-- 0.007060 s
currentSize : 51 <-- 0.013207 s
currentSize : 54 <-- 0.052746 s
currentSize : 55 <-- 0.077600 s
currentSize : 60 <-- 0.695144 s
currentSize : 62 <-- 0.702363 s
currentSize : 63 <-- 1.775203 s
currentSize : 65 <-- 1.783649 s
currentSize : 67 <-- 3.430158 s
currentSize : 70 <-- 3.439097 s

maxsize : 70
nodes : 1404267.000000
filtered : 8369302.000000
time : 8.461218
