Parameters: GAD=1 vflib=1 dir=0 label=1 lowerbound=1 fileNameGp=../graphsdb/mcs70/m2D/m2Dr4/mcs70_m2Dr4_s90.A94 fileNameGt=../graphsdb/mcs70/m2D/m2Dr4/mcs70_m2Dr4_s90.B94
Reading graphs...
90 :  197
90 :  196
Initializing...
maxdom : 11
D->valSize : 559
Solving...
Blb : 2 (clique : 46)
currentSize : 46 <-- 0.006756 s
currentSize : 47 <-- 40.499104 s
currentSize : 48 <-- 113.238327 s
currentSize : 49 <-- 113.239586 s
currentSize : 50 <-- 114.375648 s
currentSize : 52 <-- 555.212646 s
currentSize : 53 <-- 555.212891 s
currentSize : 54 <-- 555.274902 s
currentSize : 55 <-- 555.275024 s
currentSize : 56 <-- 555.275391 s
currentSize : 57 <-- 1823.900269 s
currentSize : 58 <-- 1823.918335 s
currentSize : 59 <-- 1823.918457 s
currentSize : 60 <-- 1823.947144 s
currentSize : 61 <-- 1824.248413 s
currentSize : 62 <-- 1824.248535 s
currentSize : 63 <-- 1824.271606 s
currentSize : 64 <-- 1824.500854 s

maxsize : 64
nodes : 377473049.000000
filtered : 2420013287.000000
time : 2121.825439
