Parameters: GAD=1 vflib=1 dir=0 label=1 lowerbound=1 fileNameGp=../graphsdb/mcs70/m3D/m3Dr2/mcs70_m3Dr2_s35.A31 fileNameGt=../graphsdb/mcs70/m3D/m3Dr2/mcs70_m3Dr2_s35.B31
Reading graphs...
35 :  79
35 :  78
Initializing...
maxdom : 7
D->valSize : 186
Solving...
Blb : 2 (clique : 17)
currentSize : 17 <-- 0.001014 s
currentSize : 18 <-- 0.001090 s
currentSize : 21 <-- 0.002177 s
currentSize : 24 <-- 0.002229 s
currentSize : 27 <-- 0.003335 s

maxsize : 27
nodes : 1042.000000
filtered : 7415.000000
time : 0.004080
