Parameters: GAD=1 vflib=1 dir=0 label=1 lowerbound=1 fileNameGp=../graphsdb/mcs70/m3D/m3Dr2/mcs70_m3Dr2_s100.A72 fileNameGt=../graphsdb/mcs70/m3D/m3Dr2/mcs70_m3Dr2_s100.B72
Reading graphs...
100 :  253
100 :  254
Initializing...
maxdom : 7
D->valSize : 367
Solving...
Blb : 3 (clique : 50)
currentSize : 50 <-- 0.006455 s
currentSize : 51 <-- 0.344903 s
currentSize : 52 <-- 4.774034 s
currentSize : 54 <-- 7.378618 s
currentSize : 55 <-- 7.378845 s
currentSize : 56 <-- 7.380825 s
currentSize : 57 <-- 7.381059 s
currentSize : 58 <-- 37.954689 s
currentSize : 59 <-- 37.955120 s
currentSize : 63 <-- 62.283001 s
currentSize : 64 <-- 62.288239 s

maxsize : 64
nodes : 14839411.000000
filtered : 73673506.000000
time : 83.430191
