Parameters: GAD=1 vflib=1 dir=0 label=1 lowerbound=1 fileNameGp=../graphsdb/mcs70/m2D/m2D/mcs70_m2D_s80.A71 fileNameGt=../graphsdb/mcs70/m2D/m2D/mcs70_m2D_s80.B71
Reading graphs...
80 :  142
80 :  142
Initializing...
maxdom : 7
D->valSize : 405
Solving...
Blb : 2 (clique : 43)
currentSize : 43 <-- 0.004022 s
currentSize : 45 <-- 0.004421 s
currentSize : 46 <-- 0.004472 s
currentSize : 47 <-- 0.004628 s
currentSize : 48 <-- 0.005314 s
currentSize : 49 <-- 0.007620 s
currentSize : 50 <-- 0.047089 s

maxsize : 50
nodes : 215414509.000000
filtered : 1020914364.000000
time : 981.168823
