Parameters: GAD=1 vflib=1 dir=0 label=1 lowerbound=1 fileNameGp=../graphsdb/mcs70/m2D/m2D/mcs70_m2D_s40.A02 fileNameGt=../graphsdb/mcs70/m2D/m2D/mcs70_m2D_s40.B02
Reading graphs...
40 :  67
40 :  67
Initializing...
maxdom : 8
D->valSize : 220
Solving...
Blb : 2 (clique : 18)
currentSize : 18 <-- 0.001324 s
currentSize : 19 <-- 0.001411 s
currentSize : 20 <-- 0.003106 s
currentSize : 23 <-- 0.409131 s
currentSize : 24 <-- 0.558271 s
currentSize : 25 <-- 0.732345 s

maxsize : 25
nodes : 234460.000000
filtered : 1909296.000000
time : 0.812326
