Parameters: GAD=1 vflib=1 dir=0 label=1 lowerbound=1 fileNameGp=../graphsdb/mcs70/bvg/b09m/mcs70_b09m_s50.A35 fileNameGt=../graphsdb/mcs70/bvg/b09m/mcs70_b09m_s50.B35
Reading graphs...
50 :  221
50 :  221
Initializing...
maxdom : 10
D->valSize : 336
Solving...
Blb : 2 (clique : 14)
currentSize : 14 <-- 0.002650 s
currentSize : 16 <-- 0.002830 s
currentSize : 17 <-- 0.002856 s
currentSize : 18 <-- 0.002872 s
currentSize : 22 <-- 0.003168 s
currentSize : 23 <-- 0.003228 s
currentSize : 24 <-- 0.003259 s
currentSize : 30 <-- 0.004509 s
currentSize : 34 <-- 0.004599 s

maxsize : 34
nodes : 6959.000000
filtered : 54277.000000
time : 0.028032
