Parameters: GAD=1 vflib=1 dir=0 label=1 lowerbound=1 fileNameGp=../graphsdb/mcs70/rand/r02/mcs70_r02_s100.A66 fileNameGt=../graphsdb/mcs70/rand/r02/mcs70_r02_s100.B66
Reading graphs...
100 :  1786
100 :  1756
Initializing...
maxdom : 10
D->valSize : 423
Solving...
Blb : 2 (clique : 7)
currentSize : 7 <-- 0.006592 s
currentSize : 9 <-- 0.007138 s
currentSize : 11 <-- 0.009413 s
currentSize : 13 <-- 0.009502 s
currentSize : 18 <-- 0.013599 s
currentSize : 19 <-- 0.019534 s
currentSize : 30 <-- 0.021634 s
currentSize : 31 <-- 0.021858 s
currentSize : 32 <-- 0.025334 s
currentSize : 33 <-- 0.052244 s
currentSize : 47 <-- 0.271636 s
currentSize : 48 <-- 0.273446 s
currentSize : 49 <-- 0.695456 s
currentSize : 50 <-- 2.487982 s

maxsize : 50
nodes : 217494344.000000
filtered : 98841405.000000
time : 863.820190
