Parameters: GAD=1 vflib=1 dir=0 label=1 lowerbound=1 fileNameGp=../graphsdb/mcs70/bvg/b09/mcs70_b09_s90.A71 fileNameGt=../graphsdb/mcs70/bvg/b09/mcs70_b09_s90.B71
Reading graphs...
90 :  405
90 :  404
Initializing...
maxdom : 9
D->valSize : 566
Solving...
Blb : 2 (clique : 34)
currentSize : 34 <-- 0.006555 s
currentSize : 36 <-- 0.006842 s
currentSize : 37 <-- 0.007161 s
currentSize : 39 <-- 0.007275 s
currentSize : 44 <-- 0.008116 s
currentSize : 45 <-- 0.008209 s
currentSize : 46 <-- 0.008427 s
currentSize : 47 <-- 0.008821 s
currentSize : 48 <-- 0.008921 s
currentSize : 49 <-- 0.034604 s
currentSize : 50 <-- 0.034849 s
currentSize : 51 <-- 0.034964 s
currentSize : 53 <-- 0.038615 s
currentSize : 56 <-- 0.038747 s
currentSize : 57 <-- 0.039034 s
currentSize : 60 <-- 0.039169 s
currentSize : 62 <-- 0.039568 s

maxsize : 62
nodes : 1273730.000000
filtered : 11028990.000000
time : 8.128504
