Parameters: GAD=1 vflib=1 dir=0 label=1 lowerbound=1 fileNameGp=../graphsdb/mcs70/rand/r01/mcs70_r01_s60.A81 fileNameGt=../graphsdb/mcs70/rand/r01/mcs70_r01_s60.B81
Reading graphs...
60 :  336
60 :  340
Initializing...
maxdom : 8
D->valSize : 272
Solving...
Blb : 2 (clique : 20)
currentSize : 20 <-- 0.001929 s
currentSize : 21 <-- 0.002040 s
currentSize : 22 <-- 0.002560 s
currentSize : 23 <-- 0.002579 s
currentSize : 30 <-- 0.012145 s
currentSize : 31 <-- 0.022157 s
currentSize : 39 <-- 0.022798 s

maxsize : 39
nodes : 9238.000000
filtered : 53012.000000
time : 0.037248
