Parameters: GAD=1 vflib=1 dir=0 label=1 lowerbound=1 fileNameGp=../graphsdb/mcs70/bvg/b06m/mcs70_b06m_s100.A92 fileNameGt=../graphsdb/mcs70/bvg/b06m/mcs70_b06m_s100.B92
Reading graphs...
100 :  296
100 :  296
Initializing...
maxdom : 8
D->valSize : 402
Solving...
Blb : 3 (clique : 61)
currentSize : 61 <-- 0.004436 s
currentSize : 62 <-- 0.048892 s
currentSize : 63 <-- 0.049629 s
currentSize : 66 <-- 0.071952 s
currentSize : 67 <-- 0.072117 s
currentSize : 68 <-- 0.073030 s

maxsize : 68
nodes : 27058514.000000
filtered : 101362099.000000
time : 140.060654
