Parameters: GAD=1 vflib=1 dir=0 label=1 lowerbound=1 fileNameGp=../graphsdb/mcs70/m2D/m2Dr4/mcs70_m2Dr4_s25.A20 fileNameGt=../graphsdb/mcs70/m2D/m2Dr4/mcs70_m2Dr4_s25.B20
Reading graphs...
25 :  49
25 :  47
Initializing...
maxdom : 8
D->valSize : 164
Solving...
Blb : 2 (clique : 11)
currentSize : 11 <-- 0.001170 s
currentSize : 12 <-- 0.001235 s
currentSize : 13 <-- 0.001245 s
currentSize : 14 <-- 0.001718 s
currentSize : 16 <-- 0.001761 s

maxsize : 16
nodes : 1438.000000
filtered : 17293.000000
time : 0.008176
