Parameters: GAD=1 vflib=1 dir=0 label=1 lowerbound=1 fileNameGp=../graphsdb/mcs70/m2D/m2D/mcs70_m2D_s60.A68 fileNameGt=../graphsdb/mcs70/m2D/m2D/mcs70_m2D_s60.B68
Reading graphs...
60 :  104
60 :  104
Initializing...
maxdom : 7
D->valSize : 270
Solving...
Blb : 2 (clique : 23)
currentSize : 23 <-- 0.002060 s
currentSize : 25 <-- 0.002193 s
currentSize : 27 <-- 0.002219 s
currentSize : 29 <-- 0.002405 s
currentSize : 30 <-- 0.052473 s
currentSize : 31 <-- 0.297703 s
currentSize : 32 <-- 0.411151 s
currentSize : 33 <-- 0.424578 s
currentSize : 34 <-- 0.424734 s
currentSize : 35 <-- 0.585718 s
currentSize : 36 <-- 2.471245 s

maxsize : 36
nodes : 1090464.000000
filtered : 5015501.000000
time : 4.195364
