Parameters: GAD=1 vflib=1 dir=0 label=1 lowerbound=1 fileNameGp=../graphsdb/mcs70/bvg/b09/mcs70_b09_s60.A96 fileNameGt=../graphsdb/mcs70/bvg/b09/mcs70_b09_s60.B96
Reading graphs...
60 :  268
60 :  267
Initializing...
maxdom : 6
D->valSize : 266
Solving...
Blb : 3 (clique : 26)
currentSize : 26 <-- 0.002991 s
currentSize : 29 <-- 0.013511 s
currentSize : 31 <-- 0.086179 s
currentSize : 36 <-- 0.118892 s
currentSize : 42 <-- 0.119050 s

maxsize : 42
nodes : 27221.000000
filtered : 205010.000000
time : 0.184927
