Parameters: GAD=1 vflib=1 dir=0 label=1 lowerbound=1 fileNameGp=../graphsdb/mcs70/m2D/m2Dr6/mcs70_m2Dr6_s90.A19 fileNameGt=../graphsdb/mcs70/m2D/m2Dr6/mcs70_m2Dr6_s90.B19
Reading graphs...
90 :  215
90 :  213
Initializing...
maxdom : 9
D->valSize : 541
Solving...
Blb : 3 (clique : 43)
currentSize : 43 <-- 0.006416 s
currentSize : 44 <-- 0.007002 s
currentSize : 47 <-- 0.007471 s
currentSize : 50 <-- 0.058486 s
currentSize : 51 <-- 0.064607 s
currentSize : 52 <-- 8.701097 s
currentSize : 54 <-- 8.817228 s
currentSize : 55 <-- 8.818601 s
currentSize : 56 <-- 8.818798 s
currentSize : 57 <-- 14.065503 s
currentSize : 58 <-- 36.658825 s
currentSize : 60 <-- 39.906551 s
currentSize : 63 <-- 39.945000 s
currentSize : 64 <-- 39.945248 s

maxsize : 64
nodes : 6758673.000000
filtered : 51621108.000000
time : 41.031425
