Parameters: GAD=1 vflib=1 dir=0 label=1 lowerbound=1 fileNameGp=../graphsdb/mcs70/bvg/b03m/mcs70_b03m_s90.A28 fileNameGt=../graphsdb/mcs70/bvg/b03m/mcs70_b03m_s90.B28
Reading graphs...
90 :  135
90 :  135
Initializing...
maxdom : 11
D->valSize : 555
Solving...
Blb : 2 (clique : 55)
currentSize : 55 <-- 0.011463 s
currentSize : 56 <-- 0.012237 s
currentSize : 60 <-- 0.153623 s
currentSize : 61 <-- 0.795019 s
currentSize : 62 <-- 7.791528 s

maxsize : 62
nodes : 333267666.000000
filtered : 1752253843.000000
time : 1782.452148
