Parameters: GAD=1 vflib=1 dir=0 label=1 lowerbound=1 fileNameGp=../graphsdb/mcs70/m2D/m2D/mcs70_m2D_s40.A60 fileNameGt=../graphsdb/mcs70/m2D/m2D/mcs70_m2D_s40.B60
Reading graphs...
40 :  67
40 :  66
Initializing...
maxdom : 9
D->valSize : 207
Solving...
Blb : 3 (clique : 18)
currentSize : 18 <-- 0.001911 s
currentSize : 19 <-- 0.260016 s
currentSize : 20 <-- 0.326063 s
currentSize : 21 <-- 0.493649 s
currentSize : 23 <-- 0.533728 s
currentSize : 24 <-- 0.533992 s
currentSize : 25 <-- 0.536494 s

maxsize : 25
nodes : 164467.000000
filtered : 912213.000000
time : 0.591863
