Parameters: GAD=1 vflib=1 dir=0 label=1 lowerbound=1 fileNameGp=../graphsdb/mcs70/bvg/b06m/mcs70_b06m_s50.A82 fileNameGt=../graphsdb/mcs70/bvg/b06m/mcs70_b06m_s50.B82
Reading graphs...
50 :  147
50 :  147
Initializing...
maxdom : 9
D->valSize : 328
Solving...
Blb : 3 (clique : 24)
currentSize : 24 <-- 0.003743 s
currentSize : 25 <-- 0.020505 s
currentSize : 26 <-- 0.247317 s
currentSize : 28 <-- 0.365483 s
currentSize : 29 <-- 0.365570 s
currentSize : 32 <-- 0.365627 s
currentSize : 33 <-- 0.365691 s
currentSize : 34 <-- 0.366286 s

maxsize : 34
nodes : 136599.000000
filtered : 1010477.000000
time : 0.578250
