Parameters: GAD=1 vflib=1 dir=0 label=1 lowerbound=1 fileNameGp=../graphsdb/mcs70/m2D/m2Dr4/mcs70_m2Dr4_s90.A20 fileNameGt=../graphsdb/mcs70/m2D/m2Dr4/mcs70_m2Dr4_s90.B20
Reading graphs...
90 :  197
90 :  196
Initializing...
maxdom : 12
D->valSize : 574
Solving...
Blb : 2 (clique : 55)
currentSize : 55 <-- 0.012027 s
currentSize : 56 <-- 31.875963 s
currentSize : 57 <-- 32.038364 s
currentSize : 58 <-- 32.077377 s
currentSize : 59 <-- 301.678162 s
currentSize : 60 <-- 301.678314 s
currentSize : 61 <-- 301.911530 s
currentSize : 62 <-- 817.802490 s
currentSize : 63 <-- 818.945251 s
currentSize : 64 <-- 818.945435 s

maxsize : 64
nodes : 218592183.000000
filtered : 1046210216.000000
time : 1120.404541
