Parameters: GAD=1 vflib=1 dir=0 label=1 lowerbound=1 fileNameGp=../graphsdb/mcs70/rand/r005/mcs70_r005_s60.A29 fileNameGt=../graphsdb/mcs70/rand/r005/mcs70_r005_s60.B29
Reading graphs...
60 :  172
60 :  174
Initializing...
maxdom : 6
D->valSize : 286
Solving...
Blb : 3 (clique : 26)
currentSize : 26 <-- 0.002209 s
currentSize : 27 <-- 0.002365 s
currentSize : 28 <-- 0.003413 s
currentSize : 30 <-- 0.004361 s
currentSize : 32 <-- 0.005721 s
currentSize : 39 <-- 0.006865 s
currentSize : 42 <-- 0.006950 s

maxsize : 42
nodes : 5400.000000
filtered : 42053.000000
time : 0.026980
