Parameters: GAD=1 vflib=1 dir=0 label=1 lowerbound=1 fileNameGp=../graphsdb/mcs70/m2D/m2Dr6/mcs70_m2Dr6_s70.A14 fileNameGt=../graphsdb/mcs70/m2D/m2Dr6/mcs70_m2Dr6_s70.B14
Reading graphs...
70 :  161
70 :  161
Initializing...
maxdom : 8
D->valSize : 339
Solving...
Blb : 2 (clique : 37)
currentSize : 37 <-- 0.003078 s
currentSize : 39 <-- 0.003281 s
currentSize : 41 <-- 0.003459 s
currentSize : 44 <-- 0.011975 s
currentSize : 46 <-- 0.012153 s
currentSize : 47 <-- 0.018145 s
currentSize : 48 <-- 0.018275 s

maxsize : 48
nodes : 395244.000000
filtered : 2517056.000000
time : 1.737540
