Parameters: GAD=1 vflib=1 dir=0 label=1 lowerbound=1 fileNameGp=../graphsdb/mcs70/m2D/m2Dr6/mcs70_m2Dr6_s90.A45 fileNameGt=../graphsdb/mcs70/m2D/m2Dr6/mcs70_m2Dr6_s90.B45
Reading graphs...
90 :  212
90 :  211
Initializing...
maxdom : 13
D->valSize : 604
Solving...
Blb : 2 (clique : 49)
currentSize : 49 <-- 0.012628 s
currentSize : 51 <-- 0.013180 s
currentSize : 53 <-- 0.042968 s
currentSize : 54 <-- 136.605667 s
currentSize : 56 <-- 137.744461 s
currentSize : 57 <-- 307.685089 s
currentSize : 61 <-- 1335.118164 s
currentSize : 62 <-- 1335.118774 s
currentSize : 63 <-- 1336.717529 s
currentSize : 64 <-- 1336.717773 s
currentSize : 65 <-- 1336.717773 s

maxsize : 65
nodes : 304014620.000000
filtered : 1578063214.000000
time : 1484.770142
