Parameters: GAD=1 vflib=1 dir=0 label=1 lowerbound=1 fileNameGp=../graphsdb/mcs70/bvg/b03/mcs70_b03_s60.A85 fileNameGt=../graphsdb/mcs70/bvg/b03/mcs70_b03_s60.B85
Reading graphs...
60 :  90
60 :  90
Initializing...
maxdom : 8
D->valSize : 260
Solving...
Blb : 2 (clique : 28)
currentSize : 28 <-- 0.001946 s
currentSize : 29 <-- 0.002527 s
currentSize : 31 <-- 0.634487 s
currentSize : 32 <-- 0.634573 s
currentSize : 34 <-- 1.063939 s
currentSize : 37 <-- 1.222162 s
currentSize : 38 <-- 2.376944 s
currentSize : 40 <-- 2.453062 s
currentSize : 42 <-- 2.453733 s

maxsize : 42
nodes : 973774.000000
filtered : 4171477.000000
time : 3.659972
