Parameters: GAD=1 vflib=1 dir=0 label=1 lowerbound=1 fileNameGp=../graphsdb/mcs70/m2D/m2Dr2/mcs70_m2Dr2_s60.A75 fileNameGt=../graphsdb/mcs70/m2D/m2Dr2/mcs70_m2Dr2_s60.B75
Reading graphs...
60 :  114
60 :  115
Initializing...
maxdom : 7
D->valSize : 254
Solving...
Blb : 2 (clique : 28)
currentSize : 28 <-- 0.003044 s
currentSize : 31 <-- 0.004005 s
currentSize : 32 <-- 0.005971 s
currentSize : 33 <-- 0.107589 s
currentSize : 34 <-- 0.176942 s
currentSize : 35 <-- 0.407826 s
currentSize : 36 <-- 0.704123 s
currentSize : 37 <-- 1.026531 s

maxsize : 37
nodes : 439191.000000
filtered : 2548257.000000
time : 1.936925
