Parameters: GAD=1 vflib=1 dir=0 label=1 lowerbound=1 fileNameGp=../graphsdb/mcs70/m2D/m2Dr4/mcs70_m2Dr4_s70.A93 fileNameGt=../graphsdb/mcs70/m2D/m2Dr4/mcs70_m2Dr4_s70.B93
Reading graphs...
70 :  150
70 :  149
Initializing...
maxdom : 7
D->valSize : 339
Solving...
Blb : 2 (clique : 29)
currentSize : 29 <-- 0.003098 s
currentSize : 30 <-- 0.003662 s
currentSize : 31 <-- 0.004094 s
currentSize : 34 <-- 0.008339 s
currentSize : 35 <-- 0.008387 s
currentSize : 38 <-- 0.016743 s
currentSize : 39 <-- 0.016800 s
currentSize : 40 <-- 0.016906 s
currentSize : 42 <-- 6.823792 s
currentSize : 43 <-- 6.823877 s
currentSize : 45 <-- 7.607361 s
currentSize : 46 <-- 7.607477 s
currentSize : 48 <-- 9.760362 s
currentSize : 49 <-- 9.760459 s

maxsize : 49
nodes : 2617330.000000
filtered : 12373296.000000
time : 11.375572
