Parameters: GAD=1 vflib=1 dir=0 label=1 lowerbound=1 fileNameGp=../graphsdb/mcs70/m3D/m3Dr6/mcs70_m3Dr6_s40.A83 fileNameGt=../graphsdb/mcs70/m3D/m3Dr6/mcs70_m3Dr6_s40.B83
Reading graphs...
40 :  105
40 :  103
Initializing...
maxdom : 6
D->valSize : 218
Solving...
Blb : 2 (clique : 13)
currentSize : 13 <-- 0.001503 s
currentSize : 14 <-- 0.001678 s
currentSize : 15 <-- 0.002354 s
currentSize : 16 <-- 0.002799 s
currentSize : 20 <-- 0.005501 s
currentSize : 22 <-- 0.005520 s
currentSize : 24 <-- 0.037865 s
currentSize : 25 <-- 0.037971 s
currentSize : 26 <-- 0.038071 s

maxsize : 26
nodes : 23313.000000
filtered : 178166.000000
time : 0.082268
