Parameters: GAD=1 vflib=1 dir=0 label=1 lowerbound=1 fileNameGp=../graphsdb/mcs70/bvg/b06m/mcs70_b06m_s60.A38 fileNameGt=../graphsdb/mcs70/bvg/b06m/mcs70_b06m_s60.B38
Reading graphs...
60 :  179
60 :  178
Initializing...
maxdom : 7
D->valSize : 265
Solving...
Blb : 3 (clique : 26)
currentSize : 26 <-- 0.002042 s
currentSize : 27 <-- 0.002228 s
currentSize : 28 <-- 0.004170 s
currentSize : 32 <-- 0.012048 s
currentSize : 33 <-- 0.012285 s
currentSize : 34 <-- 0.069820 s
currentSize : 35 <-- 0.124276 s
currentSize : 40 <-- 0.124461 s
currentSize : 41 <-- 0.147095 s
currentSize : 42 <-- 0.155443 s

maxsize : 42
nodes : 49639.000000
filtered : 260260.000000
time : 0.238455
