Parameters: GAD=1 vflib=1 dir=0 label=1 lowerbound=1 fileNameGp=../graphsdb/mcs70/m3D/m3D/mcs70_m3D_s100.A25 fileNameGt=../graphsdb/mcs70/m3D/m3D/mcs70_m3D_s100.B25
Reading graphs...
100 :  234
100 :  234
Initializing...
maxdom : 7
D->valSize : 373
Solving...
Blb : 2 (clique : 43)
currentSize : 43 <-- 0.003965 s
currentSize : 46 <-- 0.004315 s
currentSize : 47 <-- 0.005519 s
currentSize : 48 <-- 7.466950 s
currentSize : 49 <-- 7.467213 s
currentSize : 50 <-- 7.555148 s
currentSize : 51 <-- 7.556040 s
currentSize : 52 <-- 7.556273 s
currentSize : 53 <-- 28.614573 s
currentSize : 54 <-- 28.614901 s
currentSize : 55 <-- 28.615179 s
currentSize : 57 <-- 30.237892 s
currentSize : 59 <-- 30.240543 s
currentSize : 60 <-- 30.240896 s
currentSize : 62 <-- 68.853973 s
currentSize : 64 <-- 68.862396 s
currentSize : 65 <-- 73.738281 s

maxsize : 65
nodes : 20101110.000000
filtered : 79475472.000000
time : 104.337280
