Parameters: GAD=1 vflib=1 dir=0 label=1 lowerbound=1 fileNameGp=../graphsdb/mcs70/m3D/m3D/mcs70_m3D_s35.A68 fileNameGt=../graphsdb/mcs70/m3D/m3D/mcs70_m3D_s35.B68
Reading graphs...
35 :  72
35 :  72
Initializing...
maxdom : 7
D->valSize : 167
Solving...
Blb : 2 (clique : 19)
currentSize : 19 <-- 0.001050 s
currentSize : 23 <-- 0.001131 s
currentSize : 25 <-- 0.001231 s
currentSize : 26 <-- 0.001342 s
currentSize : 27 <-- 0.001389 s

maxsize : 27
nodes : 984.000000
filtered : 3829.000000
time : 0.003391
