Parameters: GAD=1 vflib=1 dir=0 label=1 lowerbound=1 fileNameGp=../graphsdb/mcs70/m3D/m3Dr2/mcs70_m3Dr2_s90.A29 fileNameGt=../graphsdb/mcs70/m3D/m3Dr2/mcs70_m3Dr2_s90.B29
Reading graphs...
90 :  227
90 :  227
Initializing...
maxdom : 7
D->valSize : 522
Solving...
Blb : 2 (clique : 53)
currentSize : 53 <-- 0.006133 s
currentSize : 54 <-- 118.271759 s
currentSize : 56 <-- 118.271843 s
currentSize : 57 <-- 157.850006 s
currentSize : 59 <-- 157.850372 s
currentSize : 61 <-- 157.850540 s
currentSize : 62 <-- 157.851425 s
currentSize : 64 <-- 157.851700 s

maxsize : 64
nodes : 31840549.000000
filtered : 162733007.000000
time : 170.364319
