Parameters: GAD=1 vflib=1 dir=0 label=1 lowerbound=1 fileNameGp=../graphsdb/mcs70/m2D/m2Dr6/mcs70_m2Dr6_s100.A45 fileNameGt=../graphsdb/mcs70/m2D/m2Dr6/mcs70_m2Dr6_s100.B45
Reading graphs...
100 :  235
100 :  236
Initializing...
maxdom : 6
D->valSize : 355
Solving...
Blb : 2 (clique : 45)
currentSize : 45 <-- 0.006153 s
currentSize : 47 <-- 0.006651 s
currentSize : 48 <-- 0.007077 s
currentSize : 49 <-- 0.011420 s
currentSize : 50 <-- 0.011787 s
currentSize : 51 <-- 1.705854 s
currentSize : 53 <-- 8.614881 s
currentSize : 54 <-- 8.857752 s
currentSize : 55 <-- 43.486313 s
currentSize : 56 <-- 43.661427 s
currentSize : 57 <-- 64.608322 s
currentSize : 58 <-- 64.608559 s
currentSize : 59 <-- 67.688286 s
currentSize : 62 <-- 67.692177 s

maxsize : 62
nodes : 16003555.000000
filtered : 72767863.000000
time : 91.191589
