Parameters: GAD=1 vflib=1 dir=0 label=1 lowerbound=1 fileNameGp=../graphsdb/mcs70/bvg/b06/mcs70_b06_s50.A26 fileNameGt=../graphsdb/mcs70/bvg/b06/mcs70_b06_s50.B26
Reading graphs...
50 :  149
50 :  149
Initializing...
maxdom : 10
D->valSize : 355
Solving...
Blb : 5 (clique : 19)
currentSize : 19 <-- 0.002693 s
currentSize : 20 <-- 0.008160 s
currentSize : 23 <-- 0.016687 s
currentSize : 25 <-- 0.056302 s
currentSize : 26 <-- 0.311900 s
currentSize : 27 <-- 0.313648 s
currentSize : 28 <-- 0.322048 s
currentSize : 29 <-- 0.329100 s
currentSize : 35 <-- 0.329239 s

maxsize : 35
nodes : 88174.000000
filtered : 923811.000000
time : 0.380473
