Parameters: GAD=1 vflib=1 dir=0 label=1 lowerbound=1 fileNameGp=../graphsdb/mcs70/rand/r01/mcs70_r01_s40.A93 fileNameGt=../graphsdb/mcs70/rand/r01/mcs70_r01_s40.B93
Reading graphs...
40 :  145
40 :  149
Initializing...
maxdom : 10
D->valSize : 245
Solving...
Blb : 3 (clique : 15)
currentSize : 15 <-- 0.001510 s
currentSize : 16 <-- 0.002442 s
currentSize : 17 <-- 0.006253 s
currentSize : 18 <-- 0.007436 s
currentSize : 21 <-- 0.007487 s
currentSize : 26 <-- 0.007688 s

maxsize : 26
nodes : 3761.000000
filtered : 40214.000000
time : 0.015119
