Parameters: GAD=1 vflib=1 dir=0 label=1 lowerbound=1 fileNameGp=../graphsdb/mcs70/rand/r02/mcs70_r02_s50.A58 fileNameGt=../graphsdb/mcs70/rand/r02/mcs70_r02_s50.B58
Reading graphs...
50 :  436
50 :  436
Initializing...
maxdom : 11
D->valSize : 370
Solving...
Blb : 2 (clique : 10)
currentSize : 10 <-- 0.002659 s
currentSize : 11 <-- 0.002748 s
currentSize : 14 <-- 0.002843 s
currentSize : 18 <-- 0.002872 s
currentSize : 27 <-- 0.004045 s
currentSize : 28 <-- 0.009315 s

maxsize : 28
nodes : 8380.000000
filtered : 79309.000000
time : 0.033064
