Parameters: GAD=1 vflib=1 dir=0 label=1 lowerbound=1 fileNameGp=../graphsdb/mcs70/bvg/b09/mcs70_b09_s30.A57 fileNameGt=../graphsdb/mcs70/bvg/b09/mcs70_b09_s30.B57
Reading graphs...
30 :  133
30 :  135
Initializing...
maxdom : 7
D->valSize : 132
Solving...
Blb : 2 (clique : 7)
currentSize : 7 <-- 0.000691 s
currentSize : 8 <-- 0.000771 s
currentSize : 9 <-- 0.001826 s
currentSize : 15 <-- 0.002275 s
currentSize : 19 <-- 0.003000 s
currentSize : 20 <-- 0.003029 s

maxsize : 20
nodes : 1108.000000
filtered : 7340.000000
time : 0.003729
