Parameters: GAD=1 vflib=1 dir=0 label=1 lowerbound=1 fileNameGp=../graphsdb/mcs70/m2D/m2D/mcs70_m2D_s100.A76 fileNameGt=../graphsdb/mcs70/m2D/m2D/mcs70_m2D_s100.B76
Reading graphs...
100 :  179
100 :  180
Initializing...
maxdom : 10
D->valSize : 393
Solving...
Blb : 2 (clique : 54)
currentSize : 54 <-- 0.004413 s
currentSize : 57 <-- 1.670664 s
currentSize : 58 <-- 1.671863 s
currentSize : 59 <-- 1.685642 s
currentSize : 61 <-- 309.575043 s
currentSize : 62 <-- 1272.412598 s
currentSize : 65 <-- 2493.341797 s

TIMEOUT
maxsize : 65
nodes : 708903582.000000
filtered : 2943601334.000000
time : 3600.000000
