Parameters: GAD=1 vflib=1 dir=0 label=1 lowerbound=1 fileNameGp=../graphsdb/mcs70/bvg/b03m/mcs70_b03m_s100.A76 fileNameGt=../graphsdb/mcs70/bvg/b03m/mcs70_b03m_s100.B76
Reading graphs...
100 :  150
100 :  150
Initializing...
maxdom : 6
D->valSize : 364
Solving...
Blb : 2 (clique : 60)
currentSize : 60 <-- 0.004223 s
currentSize : 62 <-- 0.004627 s
currentSize : 63 <-- 0.004941 s
currentSize : 64 <-- 0.005130 s
currentSize : 65 <-- 0.005663 s
currentSize : 66 <-- 0.006131 s
currentSize : 68 <-- 0.006442 s
currentSize : 69 <-- 0.009760 s
currentSize : 70 <-- 43.276596 s
currentSize : 71 <-- 43.277199 s

maxsize : 71
nodes : 10095350.000000
filtered : 35465563.000000
time : 56.910423
