Parameters: GAD=1 vflib=1 dir=0 label=1 lowerbound=1 fileNameGp=../graphsdb/mcs70/m2D/m2Dr4/mcs70_m2Dr4_s90.A93 fileNameGt=../graphsdb/mcs70/m2D/m2Dr4/mcs70_m2Dr4_s90.B93
Reading graphs...
90 :  197
90 :  196
Initializing...
maxdom : 10
D->valSize : 565
Solving...
Blb : 2 (clique : 54)
currentSize : 54 <-- 0.011797 s
currentSize : 56 <-- 0.012421 s
currentSize : 61 <-- 0.025719 s
currentSize : 62 <-- 0.026103 s
currentSize : 63 <-- 50.082344 s
currentSize : 64 <-- 50.084042 s

maxsize : 64
nodes : 15449150.000000
filtered : 111356812.000000
time : 89.805283
