Parameters: GAD=1 vflib=1 dir=0 label=1 lowerbound=1 fileNameGp=../graphsdb/mcs70/m3D/m3Dr4/mcs70_m3Dr4_s90.A12 fileNameGt=../graphsdb/mcs70/m3D/m3Dr4/mcs70_m3Dr4_s90.B12
Reading graphs...
90 :  242
90 :  240
Initializing...
maxdom : 11
D->valSize : 574
Solving...
Blb : 2 (clique : 52)
currentSize : 52 <-- 0.011624 s
currentSize : 53 <-- 0.012191 s
currentSize : 54 <-- 0.164897 s
currentSize : 55 <-- 217.004257 s
currentSize : 56 <-- 469.703857 s
currentSize : 57 <-- 469.859558 s
currentSize : 58 <-- 702.685852 s
currentSize : 59 <-- 1022.781433 s
currentSize : 60 <-- 1156.391968 s
currentSize : 61 <-- 1156.392090 s
currentSize : 62 <-- 1156.392578 s
currentSize : 63 <-- 1156.446777 s

maxsize : 63
nodes : 253004252.000000
filtered : 1390940234.000000
time : 1246.047363
