Parameters: GAD=1 vflib=1 dir=0 label=1 lowerbound=1 fileNameGp=../graphsdb/mcs70/m2D/m2Dr2/mcs70_m2Dr2_s100.A17 fileNameGt=../graphsdb/mcs70/m2D/m2Dr2/mcs70_m2Dr2_s100.B17
Reading graphs...
100 :  198
100 :  199
Initializing...
maxdom : 6
D->valSize : 380
Solving...
Blb : 2 (clique : 53)
currentSize : 53 <-- 0.006910 s
currentSize : 55 <-- 0.007489 s
currentSize : 56 <-- 0.008157 s
currentSize : 57 <-- 0.009801 s
currentSize : 58 <-- 0.010608 s
currentSize : 59 <-- 0.017662 s
currentSize : 60 <-- 0.019901 s
currentSize : 61 <-- 0.020840 s
currentSize : 62 <-- 0.040225 s
currentSize : 63 <-- 0.251316 s
currentSize : 64 <-- 7.230946 s

maxsize : 64
nodes : 309702047.000000
filtered : 1235063578.000000
time : 1688.977417
