Parameters: GAD=1 vflib=1 dir=0 label=1 lowerbound=1 fileNameGp=../graphsdb/mcs70/m2D/m2Dr2/mcs70_m2Dr2_s25.A28 fileNameGt=../graphsdb/mcs70/m2D/m2Dr2/mcs70_m2Dr2_s25.B28
Reading graphs...
25 :  45
25 :  45
Initializing...
maxdom : 9
D->valSize : 191
Solving...
Blb : 2 (clique : 10)
currentSize : 10 <-- 0.001019 s
currentSize : 11 <-- 0.001088 s
currentSize : 12 <-- 0.001152 s
currentSize : 13 <-- 0.001238 s
currentSize : 14 <-- 0.002339 s
currentSize : 15 <-- 0.003993 s
currentSize : 16 <-- 0.007254 s

maxsize : 16
nodes : 2465.000000
filtered : 34346.000000
time : 0.009746
