Parameters: GAD=1 vflib=1 dir=0 label=1 lowerbound=1 fileNameGp=../graphsdb/mcs70/m2D/m2D/mcs70_m2D_s60.A42 fileNameGt=../graphsdb/mcs70/m2D/m2D/mcs70_m2D_s60.B42
Reading graphs...
60 :  104
60 :  104
Initializing...
maxdom : 12
D->valSize : 316
Solving...
Blb : 2 (clique : 27)
currentSize : 27 <-- 0.002529 s
currentSize : 28 <-- 0.002685 s
currentSize : 29 <-- 0.002754 s
currentSize : 30 <-- 0.003017 s
currentSize : 31 <-- 0.076830 s
currentSize : 32 <-- 0.076887 s
currentSize : 33 <-- 0.076961 s
currentSize : 34 <-- 6.543045 s
currentSize : 36 <-- 6.550612 s
currentSize : 37 <-- 6.552534 s

maxsize : 37
nodes : 5921479.000000
filtered : 28892032.000000
time : 22.210821
