Parameters: GAD=1 vflib=1 dir=0 label=1 lowerbound=1 fileNameGp=../graphsdb/mcs70/rand/r01/mcs70_r01_s40.A79 fileNameGt=../graphsdb/mcs70/rand/r01/mcs70_r01_s40.B79
Reading graphs...
40 :  149
40 :  151
Initializing...
maxdom : 11
D->valSize : 216
Solving...
Blb : 2 (clique : 12)
currentSize : 12 <-- 0.001276 s
currentSize : 14 <-- 0.001983 s
currentSize : 15 <-- 0.003261 s
currentSize : 17 <-- 0.003297 s
currentSize : 18 <-- 0.003871 s
currentSize : 27 <-- 0.008913 s

maxsize : 27
nodes : 2414.000000
filtered : 27725.000000
time : 0.010255
