Parameters: GAD=1 vflib=1 dir=0 label=1 lowerbound=1 fileNameGp=../graphsdb/mcs70/bvg/b03/mcs70_b03_s90.A12 fileNameGt=../graphsdb/mcs70/bvg/b03/mcs70_b03_s90.B12
Reading graphs...
90 :  135
90 :  135
Initializing...
maxdom : 9
D->valSize : 557
Solving...
Blb : 2 (clique : 46)
currentSize : 46 <-- 0.007113 s
currentSize : 47 <-- 0.007835 s
currentSize : 48 <-- 0.009429 s
currentSize : 50 <-- 0.012909 s
currentSize : 53 <-- 0.014740 s
currentSize : 56 <-- 0.858512 s

TIMEOUT
maxsize : 56
nodes : 591682850.000000
filtered : 4394933417.000000
time : 3600.000000
