Parameters: GAD=1 vflib=1 dir=0 label=1 lowerbound=1 fileNameGp=../graphsdb/mcs70/bvg/b09/mcs70_b09_s100.A65 fileNameGt=../graphsdb/mcs70/bvg/b09/mcs70_b09_s100.B65
Reading graphs...
100 :  448
100 :  447
Initializing...
maxdom : 8
D->valSize : 381
Solving...
Blb : 2 (clique : 46)
currentSize : 46 <-- 0.003918 s
currentSize : 48 <-- 0.004403 s
currentSize : 51 <-- 0.006093 s
currentSize : 53 <-- 0.006533 s
currentSize : 54 <-- 0.243675 s
currentSize : 57 <-- 0.246522 s
currentSize : 59 <-- 0.246961 s
currentSize : 68 <-- 9.864815 s
currentSize : 70 <-- 9.866484 s

maxsize : 70
nodes : 3101239.000000
filtered : 17663960.000000
time : 17.816805
