Parameters: GAD=1 vflib=1 dir=0 label=1 lowerbound=1 fileNameGp=../graphsdb/mcs70/bvg/b09m/mcs70_b09m_s80.A97 fileNameGt=../graphsdb/mcs70/bvg/b09m/mcs70_b09m_s80.B97
Reading graphs...
80 :  353
80 :  355
Initializing...
maxdom : 9
D->valSize : 463
Solving...
Blb : 3 (clique : 24)
currentSize : 24 <-- 0.004644 s
currentSize : 26 <-- 0.081302 s
currentSize : 27 <-- 0.296439 s
currentSize : 28 <-- 0.537540 s
currentSize : 29 <-- 0.537777 s
currentSize : 30 <-- 0.617448 s
currentSize : 31 <-- 0.670359 s
currentSize : 33 <-- 0.671862 s
currentSize : 34 <-- 0.674637 s
currentSize : 36 <-- 1.855550 s
currentSize : 46 <-- 3.195556 s
currentSize : 54 <-- 14.069935 s

maxsize : 54
nodes : 4278747.000000
filtered : 23904854.000000
time : 19.723648
