Parameters: GAD=1 vflib=1 dir=0 label=1 lowerbound=1 fileNameGp=../graphsdb/mcs70/bvg/b06/mcs70_b06_s70.A89 fileNameGt=../graphsdb/mcs70/bvg/b06/mcs70_b06_s70.B89
Reading graphs...
70 :  210
70 :  209
Initializing...
maxdom : 8
D->valSize : 338
Solving...
Blb : 2 (clique : 22)
currentSize : 22 <-- 0.003134 s
currentSize : 23 <-- 0.003334 s
currentSize : 24 <-- 0.003418 s
currentSize : 29 <-- 0.017750 s
currentSize : 32 <-- 0.076329 s
currentSize : 33 <-- 0.161104 s
currentSize : 34 <-- 0.409234 s
currentSize : 35 <-- 0.435774 s
currentSize : 37 <-- 0.453911 s
currentSize : 38 <-- 0.453991 s
currentSize : 41 <-- 0.589935 s
currentSize : 42 <-- 2.595063 s
currentSize : 44 <-- 4.032710 s
currentSize : 45 <-- 4.032866 s
currentSize : 49 <-- 4.138870 s

maxsize : 49
nodes : 973767.000000
filtered : 6434203.000000
time : 4.555967
