Parameters: GAD=1 vflib=1 dir=0 label=1 lowerbound=1 fileNameGp=../graphsdb/mcs70/m3D/m3D/mcs70_m3D_s100.A07 fileNameGt=../graphsdb/mcs70/m3D/m3D/mcs70_m3D_s100.B07
Reading graphs...
100 :  235
100 :  235
Initializing...
maxdom : 6
D->valSize : 367
Solving...
Blb : 2 (clique : 53)
currentSize : 53 <-- 0.003963 s
currentSize : 55 <-- 0.004353 s
currentSize : 56 <-- 0.010819 s
currentSize : 57 <-- 0.184889 s
currentSize : 59 <-- 0.185048 s
currentSize : 60 <-- 0.187435 s
currentSize : 61 <-- 0.338828 s
currentSize : 62 <-- 0.340886 s
currentSize : 63 <-- 3.295692 s
currentSize : 64 <-- 3.296136 s

maxsize : 64
nodes : 54078228.000000
filtered : 234040701.000000
time : 299.182465
