Parameters: GAD=1 vflib=1 dir=0 label=1 lowerbound=1 fileNameGp=../graphsdb/mcs70/m3D/m3Dr2/mcs70_m3Dr2_s35.A71 fileNameGt=../graphsdb/mcs70/m3D/m3Dr2/mcs70_m3Dr2_s35.B71
Reading graphs...
35 :  79
35 :  79
Initializing...
maxdom : 8
D->valSize : 193
Solving...
Blb : 2 (clique : 17)
currentSize : 17 <-- 0.001112 s
currentSize : 18 <-- 0.001207 s
currentSize : 19 <-- 0.001231 s
currentSize : 20 <-- 0.001348 s
currentSize : 22 <-- 0.001380 s
currentSize : 23 <-- 0.001947 s
currentSize : 25 <-- 0.001986 s
currentSize : 27 <-- 0.002055 s

maxsize : 27
nodes : 662.000000
filtered : 3769.000000
time : 0.002838
