Parameters: GAD=1 vflib=1 dir=0 label=1 lowerbound=1 fileNameGp=../graphsdb/mcs70/bvg/b03m/mcs70_b03m_s80.A32 fileNameGt=../graphsdb/mcs70/bvg/b03m/mcs70_b03m_s80.B32
Reading graphs...
80 :  120
80 :  120
Initializing...
maxdom : 11
D->valSize : 461
Solving...
Blb : 2 (clique : 48)
currentSize : 48 <-- 0.004929 s
currentSize : 49 <-- 0.005251 s
currentSize : 50 <-- 0.006487 s
currentSize : 52 <-- 0.013379 s
currentSize : 53 <-- 0.039099 s
currentSize : 54 <-- 544.706299 s
currentSize : 55 <-- 544.706604 s
currentSize : 56 <-- 544.747131 s

maxsize : 56
nodes : 214342541.000000
filtered : 1022777857.000000
time : 1010.531555
