Parameters: GAD=1 vflib=1 dir=0 label=1 lowerbound=1 fileNameGp=../graphsdb/mcs70/m2D/m2Dr4/mcs70_m2Dr4_s100.A02 fileNameGt=../graphsdb/mcs70/m2D/m2Dr4/mcs70_m2Dr4_s100.B02
Reading graphs...
100 :  218
100 :  218
Initializing...
maxdom : 7
D->valSize : 345
Solving...
Blb : 2 (clique : 48)
currentSize : 48 <-- 0.003728 s
currentSize : 49 <-- 0.004052 s
currentSize : 50 <-- 0.004149 s
currentSize : 51 <-- 0.004834 s
currentSize : 52 <-- 0.004935 s
currentSize : 53 <-- 0.005862 s
currentSize : 55 <-- 0.005968 s
currentSize : 56 <-- 0.006101 s
currentSize : 57 <-- 0.009808 s
currentSize : 58 <-- 0.011053 s
currentSize : 60 <-- 0.011168 s
currentSize : 61 <-- 0.011317 s
currentSize : 62 <-- 13.264203 s
currentSize : 63 <-- 203.317184 s
currentSize : 64 <-- 203.317322 s
currentSize : 65 <-- 204.409317 s

maxsize : 65
nodes : 257709354.000000
filtered : 747462933.000000
time : 1228.798218
