Parameters: GAD=1 vflib=1 dir=0 label=1 lowerbound=1 fileNameGp=../graphsdb/mcs70/rand/r005/mcs70_r005_s40.A24 fileNameGt=../graphsdb/mcs70/rand/r005/mcs70_r005_s40.B24
Reading graphs...
40 :  75
40 :  77
Initializing...
maxdom : 9
D->valSize : 227
Solving...
Blb : 3 (clique : 16)
currentSize : 16 <-- 0.001390 s
currentSize : 18 <-- 0.001471 s
currentSize : 19 <-- 0.001497 s
currentSize : 20 <-- 0.001540 s
currentSize : 21 <-- 0.003429 s
currentSize : 22 <-- 0.003452 s
currentSize : 23 <-- 0.003480 s
currentSize : 27 <-- 0.017205 s
currentSize : 28 <-- 0.017269 s

maxsize : 28
nodes : 7233.000000
filtered : 74235.000000
time : 0.029180
