Parameters: GAD=1 vflib=1 dir=0 label=1 lowerbound=1 fileNameGp=../graphsdb/mcs70/m3D/m3Dr4/mcs70_m3Dr4_s100.A05 fileNameGt=../graphsdb/mcs70/m3D/m3Dr4/mcs70_m3Dr4_s100.B05
Reading graphs...
100 :  273
100 :  272
Initializing...
maxdom : 7
D->valSize : 369
Solving...
Blb : 3 (clique : 44)
currentSize : 44 <-- 0.003927 s
currentSize : 46 <-- 0.145153 s
currentSize : 47 <-- 0.150291 s
currentSize : 48 <-- 7.959255 s
currentSize : 50 <-- 7.970836 s
currentSize : 51 <-- 10.357303 s
currentSize : 52 <-- 15.182839 s
currentSize : 54 <-- 15.192139 s
currentSize : 55 <-- 15.201483 s
currentSize : 56 <-- 15.204996 s
currentSize : 57 <-- 16.492241 s
currentSize : 58 <-- 19.018429 s
currentSize : 59 <-- 22.925877 s
currentSize : 60 <-- 29.009607 s
currentSize : 61 <-- 29.033476 s
currentSize : 62 <-- 29.985294 s
currentSize : 63 <-- 30.012230 s
currentSize : 64 <-- 67.901573 s

maxsize : 64
nodes : 54826793.000000
filtered : 201422713.000000
time : 285.602875
