Parameters: GAD=1 vflib=1 dir=0 label=1 lowerbound=1 fileNameGp=../graphsdb/mcs70/bvg/b09/mcs70_b09_s100.A93 fileNameGt=../graphsdb/mcs70/bvg/b09/mcs70_b09_s100.B93
Reading graphs...
100 :  447
100 :  450
Initializing...
maxdom : 10
D->valSize : 400
Solving...
Blb : 2 (clique : 42)
currentSize : 42 <-- 0.004402 s
currentSize : 45 <-- 0.004993 s
currentSize : 51 <-- 0.005269 s
currentSize : 58 <-- 0.006375 s
currentSize : 62 <-- 0.148835 s
currentSize : 63 <-- 0.550554 s
currentSize : 66 <-- 0.763712 s
currentSize : 67 <-- 1.025669 s
currentSize : 70 <-- 1.149978 s

maxsize : 70
nodes : 460977.000000
filtered : 2682724.000000
time : 2.584480
