Parameters: GAD=1 vflib=1 dir=0 label=1 lowerbound=1 fileNameGp=../graphsdb/mcs70/m3D/m3Dr2/mcs70_m3Dr2_s90.A05 fileNameGt=../graphsdb/mcs70/m3D/m3Dr2/mcs70_m3Dr2_s90.B05
Reading graphs...
90 :  225
90 :  226
Initializing...
maxdom : 10
D->valSize : 567
Solving...
Blb : 2 (clique : 47)
currentSize : 47 <-- 0.006804 s
currentSize : 48 <-- 0.007203 s
currentSize : 50 <-- 0.007594 s
currentSize : 51 <-- 0.007713 s
currentSize : 54 <-- 0.189797 s
currentSize : 56 <-- 0.229891 s
currentSize : 58 <-- 12.669401 s
currentSize : 59 <-- 34.032974 s
currentSize : 61 <-- 66.221863 s
currentSize : 62 <-- 114.762344 s
currentSize : 63 <-- 263.885620 s
currentSize : 64 <-- 398.233612 s

maxsize : 64
nodes : 131929687.000000
filtered : 646788598.000000
time : 678.194702
