Parameters: GAD=1 vflib=1 dir=0 label=1 lowerbound=1 fileNameGp=../graphsdb/mcs70/bvg/b09/mcs70_b09_s100.A57 fileNameGt=../graphsdb/mcs70/bvg/b09/mcs70_b09_s100.B57
Reading graphs...
100 :  449
100 :  450
Initializing...
maxdom : 7
D->valSize : 360
Solving...
Blb : 2 (clique : 30)
currentSize : 30 <-- 0.003708 s
currentSize : 32 <-- 0.003989 s
currentSize : 33 <-- 0.004073 s
currentSize : 36 <-- 0.004371 s
currentSize : 37 <-- 0.004536 s
currentSize : 38 <-- 0.004635 s
currentSize : 44 <-- 0.008257 s
currentSize : 46 <-- 0.008423 s
currentSize : 52 <-- 0.343297 s
currentSize : 53 <-- 0.343386 s
currentSize : 57 <-- 0.344610 s
currentSize : 58 <-- 0.344719 s
currentSize : 62 <-- 0.421473 s
currentSize : 67 <-- 0.422753 s
currentSize : 70 <-- 0.424673 s

maxsize : 70
nodes : 1060936.000000
filtered : 6223326.000000
time : 6.016152
