Parameters: GAD=1 vflib=1 dir=0 label=1 lowerbound=1 fileNameGp=../graphsdb/mcs70/rand/r01/mcs70_r01_s70.A50 fileNameGt=../graphsdb/mcs70/rand/r01/mcs70_r01_s70.B50
Reading graphs...
70 :  453
70 :  454
Initializing...
maxdom : 8
D->valSize : 347
Solving...
Blb : 2 (clique : 14)
currentSize : 14 <-- 0.003021 s
currentSize : 16 <-- 0.003146 s
currentSize : 18 <-- 0.003295 s
currentSize : 19 <-- 0.007614 s
currentSize : 20 <-- 0.008458 s
currentSize : 21 <-- 0.008483 s
currentSize : 22 <-- 0.026346 s
currentSize : 29 <-- 0.026951 s
currentSize : 42 <-- 0.035099 s
currentSize : 44 <-- 0.042439 s

maxsize : 44
nodes : 36363.000000
filtered : 168082.000000
time : 0.141384
