Parameters: GAD=1 vflib=1 dir=0 label=1 lowerbound=1 fileNameGp=../graphsdb/mcs70/m3D/m3Dr6/mcs70_m3Dr6_s100.A80 fileNameGt=../graphsdb/mcs70/m3D/m3Dr6/mcs70_m3Dr6_s100.B80
Reading graphs...
100 :  290
100 :  290
Initializing...
maxdom : 8
D->valSize : 437
Solving...
Blb : 2 (clique : 49)
currentSize : 49 <-- 0.005120 s
currentSize : 51 <-- 0.005470 s
currentSize : 53 <-- 0.024880 s
currentSize : 55 <-- 0.025015 s
currentSize : 56 <-- 514.685791 s
currentSize : 57 <-- 514.685974 s
currentSize : 58 <-- 514.745056 s
currentSize : 60 <-- 514.745239 s
currentSize : 62 <-- 514.745850 s

maxsize : 62
nodes : 440474491.000000
filtered : 1780657362.000000
time : 2340.822021
