Parameters: GAD=1 vflib=1 dir=0 label=1 lowerbound=1 fileNameGp=../graphsdb/mcs70/rand/r001/mcs70_r001_s100.A71 fileNameGt=../graphsdb/mcs70/rand/r001/mcs70_r001_s100.B71
Reading graphs...
100 :  120
100 :  120
Initializing...
maxdom : 8
D->valSize : 392
Solving...
Blb : 2 (clique : 57)
currentSize : 57 <-- 0.007590 s
currentSize : 58 <-- 0.008269 s
currentSize : 59 <-- 0.008572 s
currentSize : 60 <-- 0.009142 s
currentSize : 61 <-- 0.011020 s
currentSize : 62 <-- 0.017864 s
currentSize : 63 <-- 0.081709 s
currentSize : 64 <-- 0.332062 s
currentSize : 65 <-- 26.554188 s
currentSize : 66 <-- 26.557056 s
currentSize : 67 <-- 305.132416 s
currentSize : 68 <-- 305.176666 s
currentSize : 70 <-- 305.177185 s

maxsize : 70
nodes : 85927949.000000
filtered : 321662135.000000
time : 474.678406
