Parameters: GAD=1 vflib=1 dir=0 label=1 lowerbound=1 fileNameGp=../graphsdb/mcs70/rand/r01/mcs70_r01_s35.A14 fileNameGt=../graphsdb/mcs70/rand/r01/mcs70_r01_s35.B14
Reading graphs...
35 :  111
35 :  116
Initializing...
maxdom : 9
D->valSize : 203
Solving...
Blb : 2 (clique : 13)
currentSize : 13 <-- 0.001135 s
currentSize : 14 <-- 0.001199 s
currentSize : 16 <-- 0.001243 s
currentSize : 18 <-- 0.001279 s
currentSize : 23 <-- 0.001475 s

maxsize : 23
nodes : 543.000000
filtered : 6824.000000
time : 0.002899
