Parameters: GAD=1 vflib=1 dir=0 label=1 lowerbound=1 fileNameGp=../graphsdb/mcs70/m2D/m2Dr4/mcs70_m2Dr4_s50.A91 fileNameGt=../graphsdb/mcs70/m2D/m2Dr4/mcs70_m2Dr4_s50.B91
Reading graphs...
50 :  103
50 :  103
Initializing...
maxdom : 11
D->valSize : 372
Solving...
Blb : 3 (clique : 20)
currentSize : 20 <-- 0.004652 s
currentSize : 25 <-- 0.004840 s
currentSize : 26 <-- 0.005027 s
currentSize : 28 <-- 0.005642 s
currentSize : 29 <-- 0.005744 s
currentSize : 30 <-- 0.005920 s
currentSize : 31 <-- 0.006040 s
currentSize : 32 <-- 0.271276 s
currentSize : 34 <-- 0.271372 s

maxsize : 34
nodes : 176400.000000
filtered : 1346688.000000
time : 0.852458
