Parameters: GAD=1 vflib=1 dir=0 label=1 lowerbound=1 fileNameGp=../graphsdb/mcs70/rand/r005/mcs70_r005_s90.A53 fileNameGt=../graphsdb/mcs70/rand/r005/mcs70_r005_s90.B53
Reading graphs...
90 :  390
90 :  385
Initializing...
maxdom : 12
D->valSize : 583
Solving...
Blb : 2 (clique : 33)
currentSize : 33 <-- 0.006925 s
currentSize : 38 <-- 0.007281 s
currentSize : 41 <-- 0.016985 s
currentSize : 47 <-- 0.017140 s
currentSize : 50 <-- 0.353300 s
currentSize : 54 <-- 1.513650 s
currentSize : 61 <-- 1.516607 s

maxsize : 61
nodes : 826774.000000
filtered : 6986676.000000
time : 4.791160
