Parameters: GAD=1 vflib=1 dir=0 label=1 lowerbound=1 fileNameGp=../graphsdb/mcs70/m2D/m2D/mcs70_m2D_s100.A56 fileNameGt=../graphsdb/mcs70/m2D/m2D/mcs70_m2D_s100.B56
Reading graphs...
100 :  179
100 :  180
Initializing...
maxdom : 6
D->valSize : 334
Solving...
Blb : 2 (clique : 40)
currentSize : 40 <-- 0.005831 s
currentSize : 41 <-- 0.006389 s
currentSize : 42 <-- 0.011298 s
currentSize : 43 <-- 0.011932 s
currentSize : 44 <-- 2.518910 s
currentSize : 46 <-- 2.519080 s
currentSize : 47 <-- 5.118565 s
currentSize : 48 <-- 5.118622 s
currentSize : 49 <-- 7.845040 s
currentSize : 50 <-- 7.845601 s
currentSize : 51 <-- 8.053666 s
currentSize : 52 <-- 8.053732 s
currentSize : 53 <-- 10.911921 s
currentSize : 54 <-- 11.355232 s
currentSize : 56 <-- 11.512576 s
currentSize : 57 <-- 16.678768 s
currentSize : 59 <-- 16.699259 s
currentSize : 60 <-- 220.457230 s
currentSize : 62 <-- 220.471420 s
currentSize : 63 <-- 769.542725 s
currentSize : 65 <-- 774.152954 s
currentSize : 66 <-- 1294.836426 s

maxsize : 66
nodes : 325192153.000000
filtered : 1145973539.000000
time : 1704.702881
