Parameters: GAD=1 vflib=1 dir=0 label=1 lowerbound=1 fileNameGp=../graphsdb/mcs70/bvg/b03/mcs70_b03_s100.A76 fileNameGt=../graphsdb/mcs70/bvg/b03/mcs70_b03_s100.B76
Reading graphs...
100 :  149
100 :  150
Initializing...
maxdom : 8
D->valSize : 366
Solving...
Blb : 2 (clique : 54)
currentSize : 54 <-- 0.004227 s
currentSize : 55 <-- 0.004763 s
currentSize : 56 <-- 0.036174 s
currentSize : 57 <-- 0.038331 s
currentSize : 58 <-- 0.265738 s
currentSize : 59 <-- 0.265841 s
currentSize : 60 <-- 0.278118 s
currentSize : 61 <-- 0.279023 s
currentSize : 62 <-- 0.819864 s
currentSize : 64 <-- 1.537537 s
currentSize : 66 <-- 4.221862 s
currentSize : 67 <-- 60.282742 s
currentSize : 68 <-- 60.282852 s
currentSize : 69 <-- 60.283001 s
currentSize : 70 <-- 60.789276 s
currentSize : 71 <-- 60.789440 s

maxsize : 71
nodes : 84487178.000000
filtered : 281860386.000000
time : 449.748260
