Parameters: GAD=1 vflib=1 dir=0 label=1 lowerbound=1 fileNameGp=../graphsdb/mcs70/rand/r01/mcs70_r01_s80.A90 fileNameGt=../graphsdb/mcs70/rand/r01/mcs70_r01_s80.B90
Reading graphs...
80 :  597
80 :  600
Initializing...
maxdom : 9
D->valSize : 440
Solving...
Blb : 2 (clique : 13)
currentSize : 13 <-- 0.004361 s
currentSize : 14 <-- 0.004484 s
currentSize : 15 <-- 0.004561 s
currentSize : 16 <-- 0.004589 s
currentSize : 17 <-- 0.004699 s
currentSize : 20 <-- 0.005136 s
currentSize : 22 <-- 0.006728 s
currentSize : 26 <-- 0.006921 s
currentSize : 28 <-- 0.011635 s
currentSize : 30 <-- 0.011744 s
currentSize : 37 <-- 0.012279 s
currentSize : 38 <-- 0.012623 s
currentSize : 49 <-- 0.068679 s
currentSize : 50 <-- 0.087140 s

maxsize : 50
nodes : 38068.000000
filtered : 339119.000000
time : 0.204355
