Parameters: GAD=1 vflib=1 dir=0 label=1 lowerbound=1 fileNameGp=../graphsdb/mcs70/m2D/m2D/mcs70_m2D_s40.A68 fileNameGt=../graphsdb/mcs70/m2D/m2D/mcs70_m2D_s40.B68
Reading graphs...
40 :  67
40 :  67
Initializing...
maxdom : 8
D->valSize : 217
Solving...
Blb : 3 (clique : 19)
currentSize : 19 <-- 0.001421 s
currentSize : 21 <-- 0.043285 s
currentSize : 22 <-- 0.043311 s
currentSize : 23 <-- 0.043701 s
currentSize : 24 <-- 0.068978 s
currentSize : 25 <-- 0.070585 s

maxsize : 25
nodes : 56729.000000
filtered : 432672.000000
time : 0.200168
