Parameters: GAD=1 vflib=1 dir=0 label=1 lowerbound=1 fileNameGp=../graphsdb/mcs70/bvg/b03m/mcs70_b03m_s90.A51 fileNameGt=../graphsdb/mcs70/bvg/b03m/mcs70_b03m_s90.B51
Reading graphs...
90 :  134
90 :  135
Initializing...
maxdom : 11
D->valSize : 562
Solving...
Blb : 2 (clique : 55)
currentSize : 55 <-- 0.007013 s
currentSize : 56 <-- 0.007416 s
currentSize : 57 <-- 0.007637 s
currentSize : 58 <-- 0.014743 s
currentSize : 59 <-- 956.575745 s
currentSize : 60 <-- 1412.052979 s
currentSize : 61 <-- 1412.054199 s
currentSize : 62 <-- 2264.266846 s
currentSize : 63 <-- 2264.267822 s

maxsize : 63
nodes : 371230097.000000
filtered : 3551847125.000000
time : 2518.798584
