Parameters: GAD=1 vflib=1 dir=0 label=1 lowerbound=1 fileNameGp=../graphsdb/mcs70/bvg/b03/mcs70_b03_s90.A88 fileNameGt=../graphsdb/mcs70/bvg/b03/mcs70_b03_s90.B88
Reading graphs...
90 :  135
90 :  135
Initializing...
maxdom : 7
D->valSize : 549
Solving...
Blb : 2 (clique : 52)
currentSize : 52 <-- 0.007366 s
currentSize : 53 <-- 0.007947 s
currentSize : 54 <-- 0.008138 s
currentSize : 55 <-- 0.010121 s
currentSize : 56 <-- 0.015686 s
currentSize : 57 <-- 0.015895 s
currentSize : 58 <-- 0.016177 s
currentSize : 59 <-- 4.077917 s
currentSize : 61 <-- 4.599170 s
currentSize : 62 <-- 4.599263 s
currentSize : 63 <-- 86.192726 s

maxsize : 63
nodes : 68171289.000000
filtered : 505309941.000000
time : 460.168732
