Parameters: GAD=1 vflib=1 dir=0 label=1 lowerbound=1 fileNameGp=../graphsdb/mcs70/m3D/m3Dr4/mcs70_m3Dr4_s100.A58 fileNameGt=../graphsdb/mcs70/m3D/m3Dr4/mcs70_m3Dr4_s100.B58
Reading graphs...
100 :  271
100 :  272
Initializing...
maxdom : 6
D->valSize : 368
Solving...
Blb : 2 (clique : 50)
currentSize : 50 <-- 0.004056 s
currentSize : 53 <-- 0.004973 s
currentSize : 54 <-- 0.100534 s
currentSize : 57 <-- 2.498057 s
currentSize : 60 <-- 2.515423 s
currentSize : 61 <-- 2.964905 s
currentSize : 62 <-- 12.027504 s
currentSize : 63 <-- 12.245314 s
currentSize : 64 <-- 12.266856 s

maxsize : 64
nodes : 46541685.000000
filtered : 168692333.000000
time : 238.600082
