Parameters: GAD=1 vflib=1 dir=0 label=1 lowerbound=1 fileNameGp=../graphsdb/mcs70/m2D/m2Dr2/mcs70_m2Dr2_s100.A01 fileNameGt=../graphsdb/mcs70/m2D/m2Dr2/mcs70_m2Dr2_s100.B01
Reading graphs...
100 :  199
100 :  199
Initializing...
maxdom : 6
D->valSize : 345
Solving...
Blb : 2 (clique : 41)
currentSize : 41 <-- 0.005971 s
currentSize : 42 <-- 0.006465 s
currentSize : 43 <-- 0.007960 s
currentSize : 44 <-- 0.027367 s
currentSize : 45 <-- 1.958180 s
currentSize : 46 <-- 15.331720 s
currentSize : 47 <-- 87.013123 s
currentSize : 48 <-- 87.047630 s
currentSize : 49 <-- 87.151985 s
currentSize : 50 <-- 87.152634 s
currentSize : 51 <-- 90.035751 s
currentSize : 52 <-- 167.509933 s
currentSize : 53 <-- 167.669037 s
currentSize : 54 <-- 1284.293335 s
currentSize : 55 <-- 1299.043823 s
currentSize : 56 <-- 1485.907715 s
currentSize : 57 <-- 1485.909790 s
currentSize : 58 <-- 1494.385620 s
currentSize : 59 <-- 3190.789307 s
currentSize : 60 <-- 3192.193359 s

TIMEOUT
maxsize : 60
nodes : 720076125.000000
filtered : 2399880132.000000
time : 3600.000000
