Parameters: GAD=1 vflib=1 dir=0 label=1 lowerbound=1 fileNameGp=../graphsdb/mcs70/rand/r005/mcs70_r005_s70.A59 fileNameGt=../graphsdb/mcs70/rand/r005/mcs70_r005_s70.B59
Reading graphs...
70 :  232
70 :  234
Initializing...
maxdom : 8
D->valSize : 344
Solving...
Blb : 2 (clique : 23)
currentSize : 23 <-- 0.004588 s
currentSize : 24 <-- 0.004874 s
currentSize : 25 <-- 0.004977 s
currentSize : 26 <-- 0.005419 s
currentSize : 28 <-- 0.005564 s
currentSize : 29 <-- 0.006292 s
currentSize : 31 <-- 0.006471 s
currentSize : 32 <-- 0.009516 s
currentSize : 33 <-- 0.009640 s
currentSize : 35 <-- 1.903168 s
currentSize : 37 <-- 1.904455 s
currentSize : 40 <-- 1.904821 s
currentSize : 42 <-- 2.679741 s
currentSize : 44 <-- 2.680215 s
currentSize : 47 <-- 2.680334 s

maxsize : 47
nodes : 648109.000000
filtered : 6363673.000000
time : 3.428904
