Parameters: GAD=1 vflib=1 dir=0 label=1 lowerbound=1 fileNameGp=../graphsdb/mcs70/m2D/m2Dr4/mcs70_m2Dr4_s60.A53 fileNameGt=../graphsdb/mcs70/m2D/m2Dr4/mcs70_m2Dr4_s60.B53
Reading graphs...
60 :  128
60 :  126
Initializing...
maxdom : 6
D->valSize : 245
Solving...
Blb : 2 (clique : 22)
currentSize : 22 <-- 0.001887 s
currentSize : 23 <-- 0.207430 s
currentSize : 24 <-- 4.293009 s
currentSize : 25 <-- 4.319444 s
currentSize : 26 <-- 4.319652 s
currentSize : 28 <-- 4.319981 s
currentSize : 29 <-- 4.320147 s
currentSize : 30 <-- 14.366003 s
currentSize : 31 <-- 14.366068 s
currentSize : 33 <-- 14.370363 s
currentSize : 34 <-- 14.370480 s
currentSize : 35 <-- 14.373571 s
currentSize : 36 <-- 14.373628 s

maxsize : 36
nodes : 4148169.000000
filtered : 23455417.000000
time : 16.760544
