Parameters: GAD=1 vflib=1 dir=0 label=1 lowerbound=1 fileNameGp=../graphsdb/mcs70/rand/r02/mcs70_r02_s60.A92 fileNameGt=../graphsdb/mcs70/rand/r02/mcs70_r02_s60.B92
Reading graphs...
60 :  639
60 :  638
Initializing...
maxdom : 9
D->valSize : 267
Solving...
Blb : 2 (clique : 10)
currentSize : 10 <-- 0.002809 s
currentSize : 13 <-- 0.004968 s
currentSize : 15 <-- 0.005545 s
currentSize : 18 <-- 0.006735 s
currentSize : 19 <-- 0.008041 s
currentSize : 21 <-- 0.012081 s
currentSize : 22 <-- 0.015556 s
currentSize : 31 <-- 0.015915 s
currentSize : 32 <-- 0.019359 s

maxsize : 32
nodes : 27742.000000
filtered : 80555.000000
time : 0.112036
