Parameters: GAD=1 vflib=1 dir=0 label=1 lowerbound=1 fileNameGp=../graphsdb/mcs70/bvg/b09/mcs70_b09_s70.A82 fileNameGt=../graphsdb/mcs70/bvg/b09/mcs70_b09_s70.B82
Reading graphs...
70 :  314
70 :  313
Initializing...
maxdom : 13
D->valSize : 411
Solving...
Blb : 3 (clique : 35)
currentSize : 35 <-- 0.005875 s
currentSize : 36 <-- 0.037395 s
currentSize : 37 <-- 0.037849 s
currentSize : 38 <-- 0.037896 s
currentSize : 44 <-- 0.436057 s
currentSize : 48 <-- 0.436294 s

maxsize : 48
nodes : 123910.000000
filtered : 810338.000000
time : 0.640672
