Parameters: GAD=1 vflib=1 dir=0 label=1 lowerbound=1 fileNameGp=../graphsdb/mcs70/m2D/m2D/mcs70_m2D_s100.A88 fileNameGt=../graphsdb/mcs70/m2D/m2D/mcs70_m2D_s100.B88
Reading graphs...
100 :  180
100 :  180
Initializing...
maxdom : 8
D->valSize : 375
Solving...
Blb : 2 (clique : 58)
currentSize : 58 <-- 0.004261 s
currentSize : 59 <-- 0.004644 s
currentSize : 60 <-- 0.004789 s
currentSize : 62 <-- 0.022885 s
currentSize : 63 <-- 0.022995 s
currentSize : 64 <-- 0.023130 s

maxsize : 64
nodes : 382435895.000000
filtered : 1303149836.000000
time : 1877.467163
