Parameters: GAD=1 vflib=1 dir=0 label=1 lowerbound=1 fileNameGp=../graphsdb/mcs70/m2D/m2Dr6/mcs70_m2Dr6_s80.A90 fileNameGt=../graphsdb/mcs70/m2D/m2Dr6/mcs70_m2Dr6_s80.B90
Reading graphs...
80 :  190
80 :  187
Initializing...
maxdom : 8
D->valSize : 406
Solving...
Blb : 2 (clique : 32)
currentSize : 32 <-- 0.004015 s
currentSize : 33 <-- 6.373813 s
currentSize : 34 <-- 6.374137 s
currentSize : 35 <-- 18.130842 s
currentSize : 36 <-- 18.131163 s
currentSize : 37 <-- 18.131821 s
currentSize : 39 <-- 40.869152 s
currentSize : 41 <-- 40.879547 s
currentSize : 43 <-- 135.003189 s
currentSize : 45 <-- 204.307922 s
currentSize : 49 <-- 296.586212 s

maxsize : 49
nodes : 64180552.000000
filtered : 477142873.000000
time : 320.462799
