Parameters: GAD=1 vflib=1 dir=0 label=1 lowerbound=1 fileNameGp=../graphsdb/mcs70/m2D/m2D/mcs70_m2D_s50.A78 fileNameGt=../graphsdb/mcs70/m2D/m2D/mcs70_m2D_s50.B78
Reading graphs...
50 :  85
50 :  85
Initializing...
maxdom : 10
D->valSize : 336
Solving...
Blb : 2 (clique : 25)
currentSize : 25 <-- 0.004150 s
currentSize : 30 <-- 0.004373 s
currentSize : 31 <-- 0.004449 s
currentSize : 33 <-- 0.344400 s
currentSize : 35 <-- 1.512898 s
currentSize : 36 <-- 1.512922 s

maxsize : 36
nodes : 596264.000000
filtered : 3483591.000000
time : 2.045366
