Parameters: GAD=1 vflib=1 dir=0 label=1 lowerbound=1 fileNameGp=../graphsdb/mcs70/m3D/m3Dr4/mcs70_m3Dr4_s100.A29 fileNameGt=../graphsdb/mcs70/m3D/m3Dr4/mcs70_m3Dr4_s100.B29
Reading graphs...
100 :  274
100 :  273
Initializing...
maxdom : 9
D->valSize : 416
Solving...
Blb : 2 (clique : 47)
currentSize : 47 <-- 0.004672 s
currentSize : 50 <-- 0.005039 s
currentSize : 55 <-- 0.005209 s
currentSize : 58 <-- 0.005554 s
currentSize : 59 <-- 0.005983 s
currentSize : 62 <-- 0.006253 s
currentSize : 64 <-- 0.128524 s

maxsize : 64
nodes : 5638454.000000
filtered : 27125952.000000
time : 30.239029
