Parameters: GAD=1 vflib=1 dir=0 label=1 lowerbound=1 fileNameGp=../graphsdb/mcs70/m3D/m3D/mcs70_m3D_s90.A33 fileNameGt=../graphsdb/mcs70/m3D/m3D/mcs70_m3D_s90.B33
Reading graphs...
90 :  208
90 :  208
Initializing...
maxdom : 10
D->valSize : 576
Solving...
Blb : 2 (clique : 41)
currentSize : 41 <-- 0.012346 s
currentSize : 44 <-- 0.024684 s
currentSize : 46 <-- 0.025377 s
currentSize : 47 <-- 0.129222 s
currentSize : 50 <-- 0.129339 s
currentSize : 51 <-- 0.129463 s
currentSize : 52 <-- 0.417494 s
currentSize : 53 <-- 0.417612 s
currentSize : 55 <-- 79.505112 s
currentSize : 56 <-- 113.259193 s
currentSize : 58 <-- 113.276810 s
currentSize : 59 <-- 113.540474 s
currentSize : 60 <-- 113.561035 s
currentSize : 64 <-- 113.615524 s

maxsize : 64
nodes : 28807497.000000
filtered : 209178287.000000
time : 168.787018
