Parameters: GAD=1 vflib=1 dir=0 label=1 lowerbound=1 fileNameGp=../graphsdb/mcs70/bvg/b03/mcs70_b03_s70.A89 fileNameGt=../graphsdb/mcs70/bvg/b03/mcs70_b03_s70.B89
Reading graphs...
70 :  105
70 :  105
Initializing...
maxdom : 8
D->valSize : 355
Solving...
Blb : 2 (clique : 28)
currentSize : 28 <-- 0.003328 s
currentSize : 31 <-- 0.003510 s
currentSize : 32 <-- 0.010500 s
currentSize : 33 <-- 0.051073 s
currentSize : 34 <-- 0.053376 s
currentSize : 35 <-- 0.126585 s
currentSize : 37 <-- 0.131157 s
currentSize : 38 <-- 0.147716 s
currentSize : 39 <-- 1.148075 s
currentSize : 40 <-- 1.444479 s
currentSize : 41 <-- 1.445113 s
currentSize : 43 <-- 1.445255 s
currentSize : 44 <-- 1.445519 s
currentSize : 45 <-- 14.030813 s
currentSize : 47 <-- 14.392399 s
currentSize : 48 <-- 14.392663 s
currentSize : 49 <-- 14.393024 s

maxsize : 49
nodes : 3464923.000000
filtered : 18669254.000000
time : 16.770884
