Parameters: GAD=1 vflib=1 dir=0 label=1 lowerbound=1 fileNameGp=../graphsdb/mcs70/bvg/b03m/mcs70_b03m_s60.A94 fileNameGt=../graphsdb/mcs70/bvg/b03m/mcs70_b03m_s60.B94
Reading graphs...
60 :  89
60 :  89
Initializing...
maxdom : 6
D->valSize : 250
Solving...
Blb : 3 (clique : 36)
currentSize : 36 <-- 0.001923 s
currentSize : 38 <-- 0.038117 s
currentSize : 39 <-- 0.038196 s
currentSize : 41 <-- 2.289268 s
currentSize : 42 <-- 2.341497 s

maxsize : 42
nodes : 2029992.000000
filtered : 7164101.000000
time : 7.397661
