Parameters: GAD=1 vflib=1 dir=0 label=1 lowerbound=1 fileNameGp=../graphsdb/mcs70/m2D/m2D/mcs70_m2D_s70.A27 fileNameGt=../graphsdb/mcs70/m2D/m2D/mcs70_m2D_s70.B27
Reading graphs...
70 :  122
70 :  123
Initializing...
maxdom : 7
D->valSize : 318
Solving...
Blb : 2 (clique : 35)
currentSize : 35 <-- 0.002835 s
currentSize : 37 <-- 0.003045 s
currentSize : 39 <-- 0.003226 s
currentSize : 41 <-- 0.003346 s
currentSize : 44 <-- 0.018505 s
currentSize : 48 <-- 0.023136 s
currentSize : 49 <-- 0.025673 s
currentSize : 50 <-- 0.431097 s

maxsize : 50
nodes : 157321.000000
filtered : 878869.000000
time : 0.764771
