Parameters: GAD=1 vflib=1 dir=0 label=1 lowerbound=1 fileNameGp=../graphsdb/mcs70/m2D/m2Dr6/mcs70_m2Dr6_s40.A00 fileNameGt=../graphsdb/mcs70/m2D/m2Dr6/mcs70_m2Dr6_s40.B00
Reading graphs...
40 :  87
40 :  87
Initializing...
maxdom : 8
D->valSize : 239
Solving...
Blb : 3 (clique : 19)
currentSize : 19 <-- 0.001487 s
currentSize : 20 <-- 0.326644 s
currentSize : 21 <-- 0.326987 s
currentSize : 22 <-- 0.343748 s
currentSize : 23 <-- 0.362335 s
currentSize : 24 <-- 0.362754 s

maxsize : 24
nodes : 99413.000000
filtered : 1404795.000000
time : 0.418931
