Parameters: GAD=1 vflib=1 dir=0 label=1 lowerbound=1 fileNameGp=../graphsdb/mcs70/m3D/m3Dr2/mcs70_m3Dr2_s40.A54 fileNameGt=../graphsdb/mcs70/m3D/m3Dr2/mcs70_m3Dr2_s40.B54
Reading graphs...
40 :  92
40 :  91
Initializing...
maxdom : 8
D->valSize : 210
Solving...
Blb : 2 (clique : 17)
currentSize : 17 <-- 0.001958 s
currentSize : 18 <-- 0.002094 s
currentSize : 19 <-- 0.002148 s
currentSize : 21 <-- 0.002208 s
currentSize : 23 <-- 0.002405 s
currentSize : 25 <-- 0.002473 s
currentSize : 28 <-- 0.002923 s

maxsize : 28
nodes : 2344.000000
filtered : 19631.000000
time : 0.012207
