Parameters: GAD=1 vflib=1 dir=0 label=1 lowerbound=1 fileNameGp=../graphsdb/mcs70/rand/r01/mcs70_r01_s80.A96 fileNameGt=../graphsdb/mcs70/rand/r01/mcs70_r01_s80.B96
Reading graphs...
80 :  598
80 :  600
Initializing...
maxdom : 9
D->valSize : 416
Solving...
Blb : 3 (clique : 15)
currentSize : 15 <-- 0.003981 s
currentSize : 16 <-- 0.005517 s
currentSize : 17 <-- 0.033649 s
currentSize : 18 <-- 0.033731 s
currentSize : 21 <-- 0.042513 s
currentSize : 22 <-- 0.056490 s
currentSize : 30 <-- 0.056571 s
currentSize : 31 <-- 0.108869 s
currentSize : 35 <-- 0.122079 s
currentSize : 36 <-- 0.152183 s
currentSize : 41 <-- 0.213141 s
currentSize : 52 <-- 0.260079 s

maxsize : 52
nodes : 58772.000000
filtered : 682252.000000
time : 0.336824
