Parameters: GAD=1 vflib=1 dir=0 label=1 lowerbound=1 fileNameGp=../graphsdb/mcs70/bvg/b06/mcs70_b06_s100.A14 fileNameGt=../graphsdb/mcs70/bvg/b06/mcs70_b06_s100.B14
Reading graphs...
100 :  299
100 :  299
Initializing...
maxdom : 6
D->valSize : 375
Solving...
Blb : 2 (clique : 51)
currentSize : 51 <-- 0.004208 s
currentSize : 52 <-- 0.370150 s
currentSize : 54 <-- 2.869206 s
currentSize : 55 <-- 13.177047 s
currentSize : 56 <-- 13.768127 s
currentSize : 59 <-- 13.855009 s
currentSize : 61 <-- 13.855223 s
currentSize : 62 <-- 14.737568 s
currentSize : 64 <-- 18.749882 s
currentSize : 68 <-- 19.485825 s
currentSize : 69 <-- 19.486032 s
currentSize : 70 <-- 19.486221 s

maxsize : 70
nodes : 16150349.000000
filtered : 83865222.000000
time : 92.902725
