Parameters: GAD=1 vflib=1 dir=0 label=1 lowerbound=1 fileNameGp=../graphsdb/mcs70/m3D/m3Dr6/mcs70_m3Dr6_s35.A18 fileNameGt=../graphsdb/mcs70/m3D/m3Dr6/mcs70_m3Dr6_s35.B18
Reading graphs...
35 :  90
35 :  91
Initializing...
maxdom : 7
D->valSize : 181
Solving...
Blb : 3 (clique : 10)
currentSize : 10 <-- 0.000971 s
currentSize : 11 <-- 0.001034 s
currentSize : 12 <-- 0.001221 s
currentSize : 13 <-- 0.001633 s
currentSize : 14 <-- 0.001669 s
currentSize : 15 <-- 0.001743 s
currentSize : 17 <-- 0.001854 s
currentSize : 18 <-- 0.001947 s
currentSize : 19 <-- 0.002160 s
currentSize : 22 <-- 0.003513 s
currentSize : 25 <-- 0.004721 s
currentSize : 26 <-- 0.005091 s

maxsize : 26
nodes : 1686.000000
filtered : 13365.000000
time : 0.006255
