Parameters: GAD=1 vflib=1 dir=0 label=1 lowerbound=1 fileNameGp=../graphsdb/mcs70/m3D/m3Dr2/mcs70_m3Dr2_s90.A49 fileNameGt=../graphsdb/mcs70/m3D/m3Dr2/mcs70_m3Dr2_s90.B49
Reading graphs...
90 :  226
90 :  227
Initializing...
maxdom : 11
D->valSize : 579
Solving...
Blb : 2 (clique : 50)
currentSize : 50 <-- 0.011794 s
currentSize : 54 <-- 0.012371 s
currentSize : 56 <-- 0.013545 s
currentSize : 61 <-- 0.028135 s
currentSize : 64 <-- 25.374693 s

maxsize : 64
nodes : 8007925.000000
filtered : 63923513.000000
time : 48.736080
