Parameters: GAD=1 vflib=1 dir=0 label=1 lowerbound=1 fileNameGp=../graphsdb/mcs70/m2D/m2Dr4/mcs70_m2Dr4_s70.A02 fileNameGt=../graphsdb/mcs70/m2D/m2Dr4/mcs70_m2Dr4_s70.B02
Reading graphs...
70 :  150
70 :  149
Initializing...
maxdom : 9
D->valSize : 321
Solving...
Blb : 2 (clique : 40)
currentSize : 40 <-- 0.002856 s
currentSize : 41 <-- 0.003091 s
currentSize : 44 <-- 0.004562 s
currentSize : 45 <-- 0.004617 s
currentSize : 46 <-- 0.015962 s
currentSize : 48 <-- 0.466625 s
currentSize : 49 <-- 0.498216 s

maxsize : 49
nodes : 222595.000000
filtered : 933353.000000
time : 0.915220
