Parameters: GAD=1 vflib=1 dir=0 label=1 lowerbound=1 fileNameGp=../graphsdb/mcs70/m2D/m2Dr4/mcs70_m2Dr4_s90.A98 fileNameGt=../graphsdb/mcs70/m2D/m2Dr4/mcs70_m2Dr4_s90.B98
Reading graphs...
90 :  196
90 :  195
Initializing...
maxdom : 9
D->valSize : 562
Solving...
Blb : 2 (clique : 58)
currentSize : 58 <-- 0.006985 s
currentSize : 59 <-- 0.007630 s
currentSize : 60 <-- 0.020764 s
currentSize : 61 <-- 0.020853 s
currentSize : 62 <-- 0.471854 s
currentSize : 63 <-- 0.478082 s
currentSize : 64 <-- 0.478193 s

maxsize : 64
nodes : 41487556.000000
filtered : 212463951.000000
time : 212.885635
