Parameters: GAD=1 vflib=1 dir=0 label=1 lowerbound=1 fileNameGp=../graphsdb/mcs70/bvg/b06/mcs70_b06_s25.A54 fileNameGt=../graphsdb/mcs70/bvg/b06/mcs70_b06_s25.B54
Reading graphs...
25 :  74
25 :  75
Initializing...
maxdom : 10
D->valSize : 156
Solving...
Blb : 2 (clique : 7)
currentSize : 7 <-- 0.000767 s
currentSize : 8 <-- 0.000820 s
currentSize : 9 <-- 0.000886 s
currentSize : 11 <-- 0.001072 s
currentSize : 12 <-- 0.001186 s
currentSize : 13 <-- 0.001282 s
currentSize : 14 <-- 0.003072 s
currentSize : 17 <-- 0.004031 s

maxsize : 17
nodes : 942.000000
filtered : 16168.000000
time : 0.004174
