Parameters: GAD=1 vflib=1 dir=0 label=1 lowerbound=1 fileNameGp=../graphsdb/mcs70/m2D/m2Dr2/mcs70_m2Dr2_s90.A07 fileNameGt=../graphsdb/mcs70/m2D/m2Dr2/mcs70_m2Dr2_s90.B07
Reading graphs...
90 :  179
90 :  179
Initializing...
maxdom : 10
D->valSize : 576
Solving...
Blb : 2 (clique : 54)
currentSize : 54 <-- 0.012253 s
currentSize : 56 <-- 0.013198 s
currentSize : 57 <-- 0.013355 s
currentSize : 58 <-- 597.662292 s
currentSize : 59 <-- 959.523987 s
currentSize : 63 <-- 1858.257324 s
currentSize : 64 <-- 1858.257568 s

maxsize : 64
nodes : 669722943.000000
filtered : 3195823114.000000
time : 3178.568115
