Parameters: GAD=1 vflib=1 dir=0 label=1 lowerbound=1 fileNameGp=../graphsdb/mcs70/rand/r02/mcs70_r02_s50.A05 fileNameGt=../graphsdb/mcs70/rand/r02/mcs70_r02_s50.B05
Reading graphs...
50 :  437
50 :  443
Initializing...
maxdom : 12
D->valSize : 354
Solving...
Blb : 5 (clique : 11)
currentSize : 11 <-- 0.002484 s
currentSize : 13 <-- 0.003435 s
currentSize : 14 <-- 0.004714 s
currentSize : 15 <-- 0.004771 s
currentSize : 27 <-- 0.006256 s
currentSize : 28 <-- 0.006632 s

maxsize : 28
nodes : 3949.000000
filtered : 59335.000000
time : 0.019377
