Parameters: GAD=1 vflib=1 dir=0 label=1 lowerbound=1 fileNameGp=../graphsdb/mcs70/bvg/b03/mcs70_b03_s50.A95 fileNameGt=../graphsdb/mcs70/bvg/b03/mcs70_b03_s50.B95
Reading graphs...
50 :  75
50 :  75
Initializing...
maxdom : 10
D->valSize : 357
Solving...
Blb : 2 (clique : 27)
currentSize : 27 <-- 0.002662 s
currentSize : 28 <-- 0.068130 s
currentSize : 29 <-- 0.184901 s
currentSize : 31 <-- 0.185040 s
currentSize : 33 <-- 0.189925 s
currentSize : 34 <-- 0.242725 s
currentSize : 35 <-- 0.380964 s

maxsize : 35
nodes : 453564.000000
filtered : 4154959.000000
time : 1.737142
