Parameters: GAD=1 vflib=1 dir=0 label=1 lowerbound=1 fileNameGp=../graphsdb/mcs70/rand/r02/mcs70_r02_s70.A58 fileNameGt=../graphsdb/mcs70/rand/r02/mcs70_r02_s70.B58
Reading graphs...
70 :  858
70 :  864
Initializing...
maxdom : 7
D->valSize : 346
Solving...
Blb : 2 (clique : 21)
currentSize : 21 <-- 0.002863 s
currentSize : 34 <-- 0.003661 s
currentSize : 35 <-- 0.019786 s
currentSize : 36 <-- 0.103028 s
currentSize : 37 <-- 0.356647 s

maxsize : 37
nodes : 414552.000000
filtered : 279766.000000
time : 1.280789
