Parameters: GAD=1 vflib=1 dir=0 label=1 lowerbound=1 fileNameGp=../graphsdb/mcs70/bvg/b09/mcs70_b09_s70.A95 fileNameGt=../graphsdb/mcs70/bvg/b09/mcs70_b09_s70.B95
Reading graphs...
70 :  312
70 :  313
Initializing...
maxdom : 11
D->valSize : 340
Solving...
Blb : 2 (clique : 25)
currentSize : 25 <-- 0.002856 s
currentSize : 29 <-- 0.042663 s
currentSize : 30 <-- 0.048241 s
currentSize : 35 <-- 0.305558 s
currentSize : 37 <-- 0.475004 s
currentSize : 38 <-- 0.923858 s
currentSize : 48 <-- 1.351991 s

maxsize : 48
nodes : 295040.000000
filtered : 2139054.000000
time : 1.415252
