Parameters: GAD=1 vflib=1 dir=0 label=1 lowerbound=1 fileNameGp=../graphsdb/mcs70/m2D/m2Dr6/mcs70_m2Dr6_s70.A56 fileNameGt=../graphsdb/mcs70/m2D/m2Dr6/mcs70_m2Dr6_s70.B56
Reading graphs...
70 :  163
70 :  162
Initializing...
maxdom : 8
D->valSize : 373
Solving...
Blb : 2 (clique : 34)
currentSize : 34 <-- 0.005735 s
currentSize : 35 <-- 0.007038 s
currentSize : 36 <-- 0.011058 s
currentSize : 37 <-- 4.245708 s
currentSize : 38 <-- 4.273952 s
currentSize : 39 <-- 4.939137 s
currentSize : 41 <-- 25.392664 s
currentSize : 42 <-- 28.857307 s
currentSize : 44 <-- 37.505238 s
currentSize : 45 <-- 37.505699 s
currentSize : 47 <-- 53.067158 s
currentSize : 48 <-- 53.122402 s

maxsize : 48
nodes : 20806280.000000
filtered : 95245292.000000
time : 83.227615
