Parameters: GAD=1 vflib=1 dir=0 label=1 lowerbound=1 fileNameGp=../graphsdb/mcs70/bvg/b03m/mcs70_b03m_s40.A99 fileNameGt=../graphsdb/mcs70/bvg/b03m/mcs70_b03m_s40.B99
Reading graphs...
40 :  60
40 :  60
Initializing...
maxdom : 9
D->valSize : 247
Solving...
Blb : 2 (clique : 24)
currentSize : 24 <-- 0.002503 s
currentSize : 25 <-- 0.002679 s
currentSize : 27 <-- 0.002877 s
currentSize : 28 <-- 0.002933 s
currentSize : 29 <-- 0.007348 s

maxsize : 29
nodes : 28739.000000
filtered : 158181.000000
time : 0.106437
