Parameters: GAD=1 vflib=1 dir=0 label=1 lowerbound=1 fileNameGp=../graphsdb/mcs70/bvg/b03/mcs70_b03_s90.A59 fileNameGt=../graphsdb/mcs70/bvg/b03/mcs70_b03_s90.B59
Reading graphs...
90 :  135
90 :  135
Initializing...
maxdom : 10
D->valSize : 543
Solving...
Blb : 2 (clique : 36)
currentSize : 36 <-- 0.006631 s
currentSize : 41 <-- 0.006940 s
currentSize : 42 <-- 0.007436 s
currentSize : 43 <-- 0.013519 s
currentSize : 44 <-- 0.025868 s
currentSize : 45 <-- 0.025955 s
currentSize : 46 <-- 0.026112 s
currentSize : 47 <-- 1.457483 s
currentSize : 48 <-- 16.624088 s
currentSize : 49 <-- 19.990898 s
currentSize : 50 <-- 20.007971 s
currentSize : 51 <-- 20.016321 s
currentSize : 52 <-- 59.981331 s
currentSize : 54 <-- 59.981667 s
currentSize : 55 <-- 123.470566 s
currentSize : 57 <-- 123.474419 s
currentSize : 58 <-- 1264.195312 s
currentSize : 60 <-- 1265.124023 s
currentSize : 63 <-- 1271.251221 s

maxsize : 63
nodes : 273172507.000000
filtered : 1912528677.000000
time : 1552.039551
