Parameters: GAD=1 vflib=1 dir=0 label=1 lowerbound=1 fileNameGp=../graphsdb/mcs70/m2D/m2Dr2/mcs70_m2Dr2_s100.A38 fileNameGt=../graphsdb/mcs70/m2D/m2Dr2/mcs70_m2Dr2_s100.B38
Reading graphs...
100 :  200
100 :  200
Initializing...
maxdom : 6
D->valSize : 344
Solving...
Blb : 3 (clique : 55)
currentSize : 55 <-- 0.003740 s
currentSize : 57 <-- 83.714531 s
currentSize : 58 <-- 89.459000 s
currentSize : 59 <-- 179.394577 s
currentSize : 60 <-- 187.594254 s
currentSize : 62 <-- 841.561218 s
currentSize : 64 <-- 841.568420 s

maxsize : 64
nodes : 200508441.000000
filtered : 734105114.000000
time : 1063.749878
