Parameters: GAD=1 vflib=1 dir=0 label=1 lowerbound=1 fileNameGp=../graphsdb/mcs70/m2D/m2Dr2/mcs70_m2Dr2_s90.A60 fileNameGt=../graphsdb/mcs70/m2D/m2Dr2/mcs70_m2Dr2_s90.B60
Reading graphs...
90 :  179
90 :  178
Initializing...
maxdom : 10
D->valSize : 545
Solving...
Blb : 2 (clique : 49)
currentSize : 49 <-- 0.010909 s
currentSize : 50 <-- 0.011287 s
currentSize : 51 <-- 0.408299 s
currentSize : 54 <-- 5.006377 s
currentSize : 57 <-- 5.009392 s
currentSize : 58 <-- 15.347175 s
currentSize : 62 <-- 92.066208 s
currentSize : 65 <-- 113.889603 s

maxsize : 65
nodes : 29920036.000000
filtered : 147108510.000000
time : 149.655716
