Parameters: GAD=1 vflib=1 dir=0 label=1 lowerbound=1 fileNameGp=../graphsdb/mcs70/rand/r01/mcs70_r01_s80.A13 fileNameGt=../graphsdb/mcs70/rand/r01/mcs70_r01_s80.B13
Reading graphs...
80 :  598
80 :  601
Initializing...
maxdom : 9
D->valSize : 471
Solving...
Blb : 2 (clique : 14)
currentSize : 14 <-- 0.007195 s
currentSize : 16 <-- 0.007838 s
currentSize : 17 <-- 0.017727 s
currentSize : 18 <-- 0.017800 s
currentSize : 23 <-- 0.072323 s
currentSize : 28 <-- 0.135427 s
currentSize : 34 <-- 0.213293 s
currentSize : 39 <-- 0.232416 s
currentSize : 52 <-- 0.298467 s

maxsize : 52
nodes : 64810.000000
filtered : 697323.000000
time : 0.379986
