Parameters: GAD=1 vflib=1 dir=0 label=1 lowerbound=1 fileNameGp=../graphsdb/mcs70/bvg/b09m/mcs70_b09m_s90.A38 fileNameGt=../graphsdb/mcs70/bvg/b09m/mcs70_b09m_s90.B38
Reading graphs...
90 :  403
90 :  402
Initializing...
maxdom : 10
D->valSize : 514
Solving...
Blb : 3 (clique : 43)
currentSize : 43 <-- 0.006972 s
currentSize : 44 <-- 0.011280 s
currentSize : 45 <-- 0.011438 s
currentSize : 47 <-- 0.036958 s
currentSize : 49 <-- 0.038447 s
currentSize : 50 <-- 0.083498 s
currentSize : 52 <-- 0.174345 s
currentSize : 53 <-- 0.174584 s
currentSize : 55 <-- 0.177922 s
currentSize : 59 <-- 0.178474 s
currentSize : 61 <-- 0.180026 s

maxsize : 61
nodes : 3241225.000000
filtered : 17783509.000000
time : 16.130898
