Parameters: GAD=1 vflib=1 dir=0 label=1 lowerbound=1 fileNameGp=../graphsdb/mcs70/bvg/b09/mcs70_b09_s35.A45 fileNameGt=../graphsdb/mcs70/bvg/b09/mcs70_b09_s35.B45
Reading graphs...
35 :  155
35 :  155
Initializing...
maxdom : 7
D->valSize : 162
Solving...
Blb : 2 (clique : 7)
currentSize : 7 <-- 0.000931 s
currentSize : 8 <-- 0.000990 s
currentSize : 9 <-- 0.001185 s
currentSize : 11 <-- 0.001837 s
currentSize : 12 <-- 0.002068 s
currentSize : 22 <-- 0.002392 s
currentSize : 24 <-- 0.002468 s

maxsize : 24
nodes : 634.000000
filtered : 5765.000000
time : 0.002874
