Parameters: GAD=1 vflib=1 dir=0 label=1 lowerbound=1 fileNameGp=../graphsdb/mcs70/m2D/m2Dr4/mcs70_m2Dr4_s90.A17 fileNameGt=../graphsdb/mcs70/m2D/m2Dr4/mcs70_m2Dr4_s90.B17
Reading graphs...
90 :  196
90 :  196
Initializing...
maxdom : 11
D->valSize : 573
Solving...
Blb : 2 (clique : 45)
currentSize : 45 <-- 0.011908 s
currentSize : 47 <-- 0.230261 s
currentSize : 50 <-- 87.351753 s
currentSize : 51 <-- 142.421890 s
currentSize : 52 <-- 142.421936 s
currentSize : 53 <-- 142.422012 s
currentSize : 54 <-- 179.355133 s
currentSize : 55 <-- 299.296509 s
currentSize : 56 <-- 534.363342 s
currentSize : 57 <-- 942.976379 s
currentSize : 60 <-- 942.981812 s
currentSize : 63 <-- 945.168823 s

maxsize : 63
nodes : 253518895.000000
filtered : 1651160475.000000
time : 1351.812500
