Parameters: GAD=1 vflib=1 dir=0 label=1 lowerbound=1 fileNameGp=../graphsdb/mcs70/rand/r02/mcs70_r02_s70.A76 fileNameGt=../graphsdb/mcs70/rand/r02/mcs70_r02_s70.B76
Reading graphs...
70 :  881
70 :  860
Initializing...
maxdom : 9
D->valSize : 365
Solving...
Blb : 2 (clique : 8)
currentSize : 8 <-- 0.004382 s
currentSize : 9 <-- 0.004656 s
currentSize : 10 <-- 0.014720 s
currentSize : 15 <-- 0.016705 s
currentSize : 38 <-- 0.023438 s

maxsize : 38
nodes : 259061.000000
filtered : 183607.000000
time : 0.826116
