Parameters: GAD=1 vflib=1 dir=0 label=1 lowerbound=1 fileNameGp=../graphsdb/mcs70/m2D/m2Dr2/mcs70_m2Dr2_s90.A08 fileNameGt=../graphsdb/mcs70/m2D/m2Dr2/mcs70_m2Dr2_s90.B08
Reading graphs...
90 :  179
90 :  179
Initializing...
maxdom : 11
D->valSize : 591
Solving...
Blb : 3 (clique : 42)
currentSize : 42 <-- 0.007644 s
currentSize : 43 <-- 0.008010 s
currentSize : 44 <-- 0.008837 s
currentSize : 45 <-- 0.008888 s
currentSize : 47 <-- 0.011193 s
currentSize : 48 <-- 0.011246 s
currentSize : 50 <-- 82.952126 s
currentSize : 51 <-- 84.162804 s
currentSize : 54 <-- 243.641922 s
currentSize : 55 <-- 243.642685 s
currentSize : 56 <-- 400.912384 s
currentSize : 57 <-- 535.522217 s
currentSize : 58 <-- 535.537659 s
currentSize : 59 <-- 650.955261 s
currentSize : 60 <-- 650.957520 s
currentSize : 61 <-- 651.234741 s
currentSize : 62 <-- 1948.289062 s
currentSize : 63 <-- 1948.317383 s
currentSize : 64 <-- 1948.317749 s
currentSize : 65 <-- 1948.322388 s

maxsize : 65
nodes : 551474385.000000
filtered : 3075891894.000000
time : 2856.636230
