Parameters: GAD=1 vflib=1 dir=0 label=1 lowerbound=1 fileNameGp=../graphsdb/mcs70/rand/r01/mcs70_r01_s20.A78 fileNameGt=../graphsdb/mcs70/rand/r01/mcs70_r01_s20.B78
Reading graphs...
20 :  37
20 :  37
Initializing...
maxdom : 8
D->valSize : 120
Solving...
Blb : 2 (clique : 8)
currentSize : 8 <-- 0.000568 s
currentSize : 9 <-- 0.000933 s
currentSize : 10 <-- 0.001339 s
currentSize : 12 <-- 0.001740 s
currentSize : 14 <-- 0.001755 s

maxsize : 14
nodes : 616.000000
filtered : 5812.000000
time : 0.002098
