Parameters: GAD=1 vflib=1 dir=0 label=1 lowerbound=1 fileNameGp=../graphsdb/mcs70/m2D/m2Dr4/mcs70_m2Dr4_s50.A14 fileNameGt=../graphsdb/mcs70/m2D/m2Dr4/mcs70_m2Dr4_s50.B14
Reading graphs...
50 :  104
50 :  104
Initializing...
maxdom : 9
D->valSize : 330
Solving...
Blb : 3 (clique : 19)
currentSize : 19 <-- 0.003950 s
currentSize : 20 <-- 0.014629 s
currentSize : 21 <-- 0.031807 s
currentSize : 24 <-- 0.049755 s
currentSize : 25 <-- 0.091549 s
currentSize : 29 <-- 0.092060 s
currentSize : 30 <-- 0.259955 s
currentSize : 31 <-- 0.331497 s
currentSize : 32 <-- 0.331548 s
currentSize : 33 <-- 0.331708 s
currentSize : 35 <-- 0.334061 s
currentSize : 36 <-- 0.334131 s

maxsize : 36
nodes : 68051.000000
filtered : 663798.000000
time : 0.370682
