Parameters: GAD=1 vflib=1 dir=0 label=1 lowerbound=1 fileNameGp=../graphsdb/mcs70/m2D/m2Dr6/mcs70_m2Dr6_s40.A29 fileNameGt=../graphsdb/mcs70/m2D/m2Dr6/mcs70_m2Dr6_s40.B29
Reading graphs...
40 :  86
40 :  87
Initializing...
maxdom : 10
D->valSize : 222
Solving...
Blb : 2 (clique : 19)
currentSize : 19 <-- 0.001382 s
currentSize : 21 <-- 0.003649 s
currentSize : 22 <-- 0.015239 s
currentSize : 24 <-- 0.026168 s
currentSize : 25 <-- 0.026451 s

maxsize : 25
nodes : 30150.000000
filtered : 189381.000000
time : 0.098723
