Parameters: GAD=1 vflib=1 dir=0 label=1 lowerbound=1 fileNameGp=../graphsdb/mcs70/m2D/m2Dr6/mcs70_m2Dr6_s60.A45 fileNameGt=../graphsdb/mcs70/m2D/m2Dr6/mcs70_m2Dr6_s60.B45
Reading graphs...
60 :  140
60 :  137
Initializing...
maxdom : 6
D->valSize : 228
Solving...
Blb : 2 (clique : 24)
currentSize : 24 <-- 0.001771 s
currentSize : 25 <-- 0.001908 s
currentSize : 26 <-- 0.001976 s
currentSize : 27 <-- 0.002031 s
currentSize : 28 <-- 0.002073 s
currentSize : 29 <-- 0.002129 s
currentSize : 30 <-- 0.002257 s
currentSize : 31 <-- 0.002446 s
currentSize : 32 <-- 0.035340 s
currentSize : 33 <-- 0.035445 s
currentSize : 34 <-- 0.035556 s
currentSize : 35 <-- 0.035899 s
currentSize : 36 <-- 0.036098 s

maxsize : 36
nodes : 82757.000000
filtered : 426028.000000
time : 0.351895
