Parameters: GAD=1 vflib=1 dir=0 label=1 lowerbound=1 fileNameGp=../graphsdb/mcs70/bvg/b03/mcs70_b03_s20.A66 fileNameGt=../graphsdb/mcs70/bvg/b03/mcs70_b03_s20.B66
Reading graphs...
20 :  30
20 :  30
Initializing...
maxdom : 7
D->valSize : 104
Solving...
Blb : 2 (clique : 8)
currentSize : 8 <-- 0.000588 s
currentSize : 9 <-- 0.000623 s
currentSize : 10 <-- 0.000722 s
currentSize : 13 <-- 0.001066 s
currentSize : 14 <-- 0.001494 s

maxsize : 14
nodes : 423.000000
filtered : 3799.000000
time : 0.001618
