Parameters: GAD=1 vflib=1 dir=0 label=1 lowerbound=1 fileNameGp=../graphsdb/mcs70/bvg/b06m/mcs70_b06m_s80.A04 fileNameGt=../graphsdb/mcs70/bvg/b06m/mcs70_b06m_s80.B04
Reading graphs...
80 :  238
80 :  237
Initializing...
maxdom : 10
D->valSize : 438
Solving...
Blb : 2 (clique : 41)
currentSize : 41 <-- 0.007263 s
currentSize : 43 <-- 6.471561 s
currentSize : 48 <-- 9.120178 s
currentSize : 49 <-- 48.495598 s
currentSize : 55 <-- 48.820061 s

maxsize : 55
nodes : 11599934.000000
filtered : 67076700.000000
time : 55.345039
