Parameters: GAD=1 vflib=1 dir=0 label=1 lowerbound=1 fileNameGp=../graphsdb/mcs70/m2D/m2D/mcs70_m2D_s60.A31 fileNameGt=../graphsdb/mcs70/m2D/m2D/mcs70_m2D_s60.B31
Reading graphs...
60 :  104
60 :  103
Initializing...
maxdom : 8
D->valSize : 255
Solving...
Blb : 2 (clique : 32)
currentSize : 32 <-- 0.003008 s
currentSize : 33 <-- 0.003280 s
currentSize : 34 <-- 0.003379 s
currentSize : 35 <-- 0.003481 s
currentSize : 36 <-- 0.045558 s

maxsize : 36
nodes : 426358.000000
filtered : 2061906.000000
time : 1.856906
