Parameters: GAD=1 vflib=1 dir=0 label=1 lowerbound=1 fileNameGp=../graphsdb/mcs70/m2D/m2Dr2/mcs70_m2Dr2_s100.A77 fileNameGt=../graphsdb/mcs70/m2D/m2Dr2/mcs70_m2Dr2_s100.B77
Reading graphs...
100 :  200
100 :  199
Initializing...
maxdom : 9
D->valSize : 412
Solving...
Blb : 5 (clique : 42)
currentSize : 42 <-- 0.004664 s
currentSize : 43 <-- 0.005534 s
currentSize : 44 <-- 0.026694 s
currentSize : 45 <-- 0.027179 s
currentSize : 46 <-- 0.027659 s
currentSize : 47 <-- 0.028740 s
currentSize : 48 <-- 0.069623 s
currentSize : 49 <-- 0.788153 s
currentSize : 50 <-- 1.955870 s
currentSize : 51 <-- 2.761566 s
currentSize : 52 <-- 10.297733 s
currentSize : 53 <-- 10.322261 s
currentSize : 55 <-- 58.331081 s
currentSize : 56 <-- 59.227097 s
currentSize : 57 <-- 3512.695068 s
currentSize : 58 <-- 3530.206543 s

TIMEOUT
maxsize : 58
nodes : 672364248.000000
filtered : 2983581723.000000
time : 3600.000000
