Parameters: GAD=1 vflib=1 dir=0 label=1 lowerbound=1 fileNameGp=../graphsdb/mcs70/m3D/m3Dr4/mcs70_m3Dr4_s100.A43 fileNameGt=../graphsdb/mcs70/m3D/m3Dr4/mcs70_m3Dr4_s100.B43
Reading graphs...
100 :  272
100 :  270
Initializing...
maxdom : 9
D->valSize : 370
Solving...
Blb : 3 (clique : 48)
currentSize : 48 <-- 0.004225 s
currentSize : 50 <-- 0.010123 s
currentSize : 52 <-- 0.010346 s
currentSize : 53 <-- 11.802493 s
currentSize : 58 <-- 11.874976 s
currentSize : 59 <-- 29.427401 s
currentSize : 63 <-- 29.439844 s
currentSize : 64 <-- 36.246651 s

maxsize : 64
nodes : 8885324.000000
filtered : 42575916.000000
time : 50.893993
