Parameters: GAD=1 vflib=1 dir=0 label=1 lowerbound=1 fileNameGp=../graphsdb/mcs70/bvg/b06m/mcs70_b06m_s60.A33 fileNameGt=../graphsdb/mcs70/bvg/b06m/mcs70_b06m_s60.B33
Reading graphs...
60 :  178
60 :  178
Initializing...
maxdom : 6
D->valSize : 261
Solving...
Blb : 2 (clique : 18)
currentSize : 18 <-- 0.001834 s
currentSize : 20 <-- 0.001946 s
currentSize : 21 <-- 0.001992 s
currentSize : 23 <-- 0.002340 s
currentSize : 25 <-- 0.004660 s
currentSize : 26 <-- 0.008363 s
currentSize : 28 <-- 0.008490 s
currentSize : 31 <-- 0.085342 s
currentSize : 32 <-- 0.085885 s
currentSize : 38 <-- 0.091823 s
currentSize : 40 <-- 0.092450 s
currentSize : 42 <-- 0.115156 s

maxsize : 42
nodes : 35076.000000
filtered : 193991.000000
time : 0.140478
