Parameters: GAD=1 vflib=1 dir=0 label=1 lowerbound=1 fileNameGp=../graphsdb/mcs70/rand/r005/mcs70_r005_s50.A17 fileNameGt=../graphsdb/mcs70/rand/r005/mcs70_r005_s50.B17
Reading graphs...
50 :  117
50 :  116
Initializing...
maxdom : 11
D->valSize : 351
Solving...
Blb : 2 (clique : 23)
currentSize : 23 <-- 0.003439 s
currentSize : 24 <-- 0.011617 s
currentSize : 25 <-- 0.014918 s
currentSize : 26 <-- 0.026847 s
currentSize : 29 <-- 0.026915 s
currentSize : 30 <-- 0.040683 s
currentSize : 34 <-- 0.118841 s

maxsize : 34
nodes : 33926.000000
filtered : 496432.000000
time : 0.170423
