Parameters: GAD=1 vflib=1 dir=0 label=1 lowerbound=1 fileNameGp=../graphsdb/mcs70/bvg/b03/mcs70_b03_s70.A39 fileNameGt=../graphsdb/mcs70/bvg/b03/mcs70_b03_s70.B39
Reading graphs...
70 :  104
70 :  104
Initializing...
maxdom : 9
D->valSize : 363
Solving...
Blb : 2 (clique : 30)
currentSize : 30 <-- 0.003316 s
currentSize : 42 <-- 0.003536 s
currentSize : 45 <-- 0.004641 s
currentSize : 47 <-- 345.177002 s
currentSize : 48 <-- 407.769684 s

maxsize : 48
nodes : 89501818.000000
filtered : 525905231.000000
time : 425.059326
