Parameters: GAD=1 vflib=1 dir=0 label=1 lowerbound=1 fileNameGp=../graphsdb/mcs70/m2D/m2Dr6/mcs70_m2Dr6_s80.A04 fileNameGt=../graphsdb/mcs70/m2D/m2Dr6/mcs70_m2Dr6_s80.B04
Reading graphs...
80 :  188
80 :  188
Initializing...
maxdom : 11
D->valSize : 440
Solving...
Blb : 3 (clique : 29)
currentSize : 29 <-- 0.004418 s
currentSize : 30 <-- 0.093938 s
currentSize : 31 <-- 1.309051 s
currentSize : 32 <-- 32.333721 s
currentSize : 33 <-- 40.127918 s
currentSize : 35 <-- 40.128040 s
currentSize : 36 <-- 41.466545 s
currentSize : 37 <-- 41.479027 s
currentSize : 38 <-- 41.479298 s
currentSize : 39 <-- 47.146568 s
currentSize : 40 <-- 47.146755 s
currentSize : 41 <-- 58.497566 s
currentSize : 42 <-- 58.497772 s
currentSize : 43 <-- 58.648628 s
currentSize : 44 <-- 58.649143 s
currentSize : 45 <-- 58.649227 s
currentSize : 46 <-- 382.457428 s
currentSize : 47 <-- 382.457489 s
currentSize : 48 <-- 444.553619 s
currentSize : 49 <-- 444.553711 s

maxsize : 49
nodes : 125288366.000000
filtered : 494779216.000000
time : 539.728394
