Parameters: GAD=1 vflib=1 dir=0 label=1 lowerbound=1 fileNameGp=../graphsdb/mcs70/bvg/b03m/mcs70_b03m_s40.A06 fileNameGt=../graphsdb/mcs70/bvg/b03m/mcs70_b03m_s40.B06
Reading graphs...
40 :  59
40 :  59
Initializing...
maxdom : 10
D->valSize : 235
Solving...
Blb : 2 (clique : 19)
currentSize : 19 <-- 0.001961 s
currentSize : 20 <-- 0.010641 s
currentSize : 21 <-- 0.011100 s
currentSize : 22 <-- 0.036065 s
currentSize : 23 <-- 0.037879 s
currentSize : 24 <-- 0.125624 s
currentSize : 25 <-- 0.210375 s
currentSize : 26 <-- 0.210423 s
currentSize : 27 <-- 0.335670 s
currentSize : 28 <-- 0.384301 s

maxsize : 28
nodes : 117016.000000
filtered : 908609.000000
time : 0.394201
