Parameters: GAD=1 vflib=1 dir=0 label=1 lowerbound=1 fileNameGp=../graphsdb/mcs70/bvg/b03/mcs70_b03_s35.A75 fileNameGt=../graphsdb/mcs70/bvg/b03/mcs70_b03_s35.B75
Reading graphs...
35 :  52
35 :  51
Initializing...
maxdom : 8
D->valSize : 194
Solving...
Blb : 5 (clique : 15)
currentSize : 15 <-- 0.001228 s
currentSize : 19 <-- 0.001306 s
currentSize : 22 <-- 0.001370 s
currentSize : 23 <-- 0.008347 s
currentSize : 24 <-- 0.017687 s

maxsize : 24
nodes : 6254.000000
filtered : 47302.000000
time : 0.021297
