Parameters: GAD=1 vflib=1 dir=0 label=1 lowerbound=1 fileNameGp=../graphsdb/mcs70/bvg/b03m/mcs70_b03m_s50.A37 fileNameGt=../graphsdb/mcs70/bvg/b03m/mcs70_b03m_s50.B37
Reading graphs...
50 :  75
50 :  75
Initializing...
maxdom : 11
D->valSize : 343
Solving...
Blb : 5 (clique : 30)
currentSize : 30 <-- 0.004317 s
currentSize : 32 <-- 0.765864 s
currentSize : 33 <-- 0.765942 s
currentSize : 34 <-- 1.260409 s
currentSize : 35 <-- 1.260475 s

maxsize : 35
nodes : 682573.000000
filtered : 3881645.000000
time : 2.643640
