Parameters: GAD=1 vflib=1 dir=0 label=1 lowerbound=1 fileNameGp=../graphsdb/mcs70/rand/r005/mcs70_r005_s60.A16 fileNameGt=../graphsdb/mcs70/rand/r005/mcs70_r005_s60.B16
Reading graphs...
60 :  170
60 :  173
Initializing...
maxdom : 6
D->valSize : 262
Solving...
Blb : 3 (clique : 27)
currentSize : 27 <-- 0.003056 s
currentSize : 29 <-- 0.064327 s
currentSize : 30 <-- 0.088347 s
currentSize : 31 <-- 0.153483 s
currentSize : 33 <-- 0.206872 s
currentSize : 41 <-- 0.223190 s

maxsize : 41
nodes : 34036.000000
filtered : 239723.000000
time : 0.228184
