Parameters: GAD=1 vflib=1 dir=0 label=1 lowerbound=1 fileNameGp=../graphsdb/mcs70/bvg/b06/mcs70_b06_s90.A22 fileNameGt=../graphsdb/mcs70/bvg/b06/mcs70_b06_s90.B22
Reading graphs...
90 :  270
90 :  269
Initializing...
maxdom : 10
D->valSize : 574
Solving...
Blb : 2 (clique : 53)
currentSize : 53 <-- 0.006849 s
currentSize : 54 <-- 0.007196 s
currentSize : 59 <-- 0.007510 s
currentSize : 60 <-- 0.007602 s
currentSize : 63 <-- 0.012387 s

maxsize : 63
nodes : 33721781.000000
filtered : 335512868.000000
time : 210.979324
