Parameters: GAD=1 vflib=1 dir=0 label=1 lowerbound=1 fileNameGp=../graphsdb/mcs70/m2D/m2D/mcs70_m2D_s50.A93 fileNameGt=../graphsdb/mcs70/m2D/m2D/mcs70_m2D_s50.B93
Reading graphs...
50 :  85
50 :  85
Initializing...
maxdom : 10
D->valSize : 340
Solving...
Blb : 2 (clique : 26)
currentSize : 26 <-- 0.004157 s
currentSize : 27 <-- 0.004544 s
currentSize : 28 <-- 0.005105 s
currentSize : 29 <-- 0.005220 s
currentSize : 30 <-- 0.010960 s
currentSize : 31 <-- 0.012918 s
currentSize : 33 <-- 0.013056 s
currentSize : 34 <-- 0.018620 s
currentSize : 35 <-- 0.018702 s
currentSize : 36 <-- 0.052239 s

maxsize : 36
nodes : 20748.000000
filtered : 129566.000000
time : 0.134979
