Parameters: GAD=1 vflib=1 dir=0 label=1 lowerbound=1 fileNameGp=../graphsdb/mcs70/m3D/m3Dr4/mcs70_m3Dr4_s90.A54 fileNameGt=../graphsdb/mcs70/m3D/m3Dr4/mcs70_m3Dr4_s90.B54
Reading graphs...
90 :  245
90 :  243
Initializing...
maxdom : 9
D->valSize : 534
Solving...
Blb : 3 (clique : 57)
currentSize : 57 <-- 0.006327 s
currentSize : 58 <-- 0.943408 s
currentSize : 59 <-- 0.946282 s
currentSize : 61 <-- 1.041751 s
currentSize : 62 <-- 1.041948 s
currentSize : 64 <-- 1.042078 s

maxsize : 64
nodes : 4936581.000000
filtered : 27779191.000000
time : 26.545647
