Parameters: GAD=1 vflib=1 dir=0 label=1 lowerbound=1 fileNameGp=../graphsdb/mcs70/bvg/b06/mcs70_b06_s80.A53 fileNameGt=../graphsdb/mcs70/bvg/b06/mcs70_b06_s80.B53
Reading graphs...
80 :  240
80 :  240
Initializing...
maxdom : 8
D->valSize : 459
Solving...
Blb : 3 (clique : 32)
currentSize : 32 <-- 0.008281 s
currentSize : 33 <-- 0.181492 s
currentSize : 34 <-- 0.443599 s
currentSize : 35 <-- 1.296938 s
currentSize : 36 <-- 7.065948 s
currentSize : 37 <-- 10.922534 s
currentSize : 40 <-- 14.206084 s
currentSize : 43 <-- 14.207322 s
currentSize : 46 <-- 14.232683 s
currentSize : 49 <-- 14.266562 s
currentSize : 54 <-- 33.386414 s
currentSize : 56 <-- 33.386696 s

maxsize : 56
nodes : 7434000.000000
filtered : 55220822.000000
time : 40.891010
