Parameters: GAD=1 vflib=1 dir=0 label=1 lowerbound=1 fileNameGp=../graphsdb/mcs70/bvg/b06m/mcs70_b06m_s80.A43 fileNameGt=../graphsdb/mcs70/bvg/b06m/mcs70_b06m_s80.B43
Reading graphs...
80 :  236
80 :  236
Initializing...
maxdom : 8
D->valSize : 432
Solving...
Blb : 3 (clique : 34)
currentSize : 34 <-- 0.006884 s
currentSize : 35 <-- 0.123417 s
currentSize : 36 <-- 0.123564 s
currentSize : 37 <-- 0.139064 s
currentSize : 38 <-- 1.636397 s
currentSize : 40 <-- 2.822538 s
currentSize : 41 <-- 2.822757 s
currentSize : 43 <-- 2.893237 s
currentSize : 45 <-- 2.893356 s
currentSize : 46 <-- 5.083830 s
currentSize : 54 <-- 5.090852 s
currentSize : 55 <-- 5.091601 s

maxsize : 55
nodes : 1721817.000000
filtered : 10583195.000000
time : 9.017868
