Parameters: GAD=1 vflib=1 dir=0 label=1 lowerbound=1 fileNameGp=../graphsdb/mcs70/m2D/m2Dr2/mcs70_m2Dr2_s70.A12 fileNameGt=../graphsdb/mcs70/m2D/m2Dr2/mcs70_m2Dr2_s70.B12
Reading graphs...
70 :  137
70 :  137
Initializing...
maxdom : 9
D->valSize : 380
Solving...
Blb : 2 (clique : 36)
currentSize : 36 <-- 0.003478 s
currentSize : 39 <-- 0.003884 s
currentSize : 41 <-- 0.056472 s
currentSize : 43 <-- 0.131548 s
currentSize : 45 <-- 0.349836 s
currentSize : 46 <-- 0.390399 s
currentSize : 49 <-- 0.400069 s

maxsize : 49
nodes : 1099566.000000
filtered : 6027752.000000
time : 4.966457
