Parameters: GAD=1 vflib=1 dir=0 label=1 lowerbound=1 fileNameGp=../graphsdb/mcs70/m2D/m2Dr4/mcs70_m2Dr4_s100.A33 fileNameGt=../graphsdb/mcs70/m2D/m2Dr4/mcs70_m2Dr4_s100.B33
Reading graphs...
100 :  219
100 :  218
Initializing...
maxdom : 8
D->valSize : 372
Solving...
Blb : 2 (clique : 47)
currentSize : 47 <-- 0.006574 s
currentSize : 48 <-- 0.012643 s
currentSize : 49 <-- 0.028721 s
currentSize : 50 <-- 0.033468 s
currentSize : 51 <-- 0.127559 s
currentSize : 53 <-- 0.229835 s
currentSize : 54 <-- 0.254807 s
currentSize : 57 <-- 1.173961 s
currentSize : 58 <-- 78.127243 s

TIMEOUT
maxsize : 58
nodes : 756515262.000000
filtered : 2161090610.000000
time : 3600.000000
