Parameters: GAD=1 vflib=1 dir=0 label=1 lowerbound=1 fileNameGp=../graphsdb/mcs70/bvg/b06m/mcs70_b06m_s90.A22 fileNameGt=../graphsdb/mcs70/bvg/b06m/mcs70_b06m_s90.B22
Reading graphs...
90 :  268
90 :  268
Initializing...
maxdom : 10
D->valSize : 584
Solving...
Blb : 2 (clique : 44)
currentSize : 44 <-- 0.012145 s
currentSize : 45 <-- 0.012787 s
currentSize : 47 <-- 0.016582 s
currentSize : 48 <-- 0.016677 s
currentSize : 49 <-- 0.037767 s
currentSize : 50 <-- 0.037962 s
currentSize : 51 <-- 0.789042 s
currentSize : 55 <-- 0.816520 s
currentSize : 56 <-- 0.816665 s
currentSize : 62 <-- 1380.944214 s
currentSize : 63 <-- 1380.944214 s

maxsize : 63
nodes : 408763493.000000
filtered : 1714456186.000000
time : 1862.811157
