Parameters: GAD=1 vflib=1 dir=0 label=1 lowerbound=1 fileNameGp=../graphsdb/mcs70/bvg/b03/mcs70_b03_s35.A86 fileNameGt=../graphsdb/mcs70/bvg/b03/mcs70_b03_s35.B86
Reading graphs...
35 :  52
35 :  52
Initializing...
maxdom : 7
D->valSize : 178
Solving...
Blb : 5 (clique : 15)
currentSize : 15 <-- 0.001021 s
currentSize : 16 <-- 0.002808 s
currentSize : 17 <-- 0.017408 s
currentSize : 18 <-- 0.020997 s
currentSize : 19 <-- 0.024239 s
currentSize : 21 <-- 0.055974 s
currentSize : 24 <-- 0.056135 s

maxsize : 24
nodes : 22350.000000
filtered : 116392.000000
time : 0.065838
