Parameters: GAD=1 vflib=1 dir=0 label=1 lowerbound=1 fileNameGp=../graphsdb/mcs70/m3D/m3Dr4/mcs70_m3Dr4_s90.A49 fileNameGt=../graphsdb/mcs70/m3D/m3Dr4/mcs70_m3Dr4_s90.B49
Reading graphs...
90 :  244
90 :  240
Initializing...
maxdom : 11
D->valSize : 617
Solving...
Blb : 2 (clique : 37)
currentSize : 37 <-- 0.007794 s
currentSize : 41 <-- 0.008083 s
currentSize : 46 <-- 0.010803 s
currentSize : 47 <-- 0.011270 s
currentSize : 49 <-- 0.013969 s
currentSize : 50 <-- 0.014079 s
currentSize : 51 <-- 0.016839 s
currentSize : 52 <-- 0.049002 s
currentSize : 53 <-- 0.063725 s
currentSize : 55 <-- 0.063882 s
currentSize : 56 <-- 0.066849 s
currentSize : 58 <-- 362.256989 s
currentSize : 61 <-- 362.258240 s
currentSize : 62 <-- 362.258728 s
currentSize : 63 <-- 362.258972 s

maxsize : 63
nodes : 82623920.000000
filtered : 546072470.000000
time : 451.434204
