Parameters: GAD=1 vflib=1 dir=0 label=1 lowerbound=1 fileNameGp=../graphsdb/mcs70/m2D/m2Dr4/mcs70_m2Dr4_s70.A59 fileNameGt=../graphsdb/mcs70/m2D/m2Dr4/mcs70_m2Dr4_s70.B59
Reading graphs...
70 :  150
70 :  149
Initializing...
maxdom : 11
D->valSize : 388
Solving...
Blb : 2 (clique : 42)
currentSize : 42 <-- 0.003781 s
currentSize : 43 <-- 0.005385 s
currentSize : 44 <-- 0.005483 s
currentSize : 45 <-- 0.005597 s
currentSize : 46 <-- 0.067058 s
currentSize : 48 <-- 0.067937 s
currentSize : 49 <-- 0.068038 s

maxsize : 49
nodes : 1614151.000000
filtered : 8122297.000000
time : 6.592734
