Parameters: GAD=1 vflib=1 dir=0 label=1 lowerbound=1 fileNameGp=../graphsdb/mcs70/rand/r005/mcs70_r005_s40.A95 fileNameGt=../graphsdb/mcs70/rand/r005/mcs70_r005_s40.B95
Reading graphs...
40 :  74
40 :  74
Initializing...
maxdom : 10
D->valSize : 230
Solving...
Blb : 2 (clique : 22)
currentSize : 22 <-- 0.001519 s
currentSize : 23 <-- 0.001629 s
currentSize : 24 <-- 0.001681 s
currentSize : 25 <-- 0.001772 s
currentSize : 27 <-- 0.001842 s

maxsize : 27
nodes : 2873.000000
filtered : 32010.000000
time : 0.013258
