Parameters: GAD=1 vflib=1 dir=0 label=1 lowerbound=1 fileNameGp=../graphsdb/mcs70/m2D/m2Dr4/mcs70_m2Dr4_s25.A04 fileNameGt=../graphsdb/mcs70/m2D/m2Dr4/mcs70_m2Dr4_s25.B04
Reading graphs...
25 :  50
25 :  50
Initializing...
maxdom : 11
D->valSize : 184
Solving...
Blb : 2 (clique : 9)
currentSize : 9 <-- 0.000998 s
currentSize : 10 <-- 0.001078 s
currentSize : 11 <-- 0.001173 s
currentSize : 12 <-- 0.002361 s
currentSize : 13 <-- 0.004667 s
currentSize : 15 <-- 0.006726 s
currentSize : 17 <-- 0.009207 s

maxsize : 17
nodes : 3069.000000
filtered : 37601.000000
time : 0.010113
