Parameters: GAD=1 vflib=1 dir=0 label=1 lowerbound=1 fileNameGp=../graphsdb/mcs70/bvg/b03m/mcs70_b03m_s90.A25 fileNameGt=../graphsdb/mcs70/bvg/b03m/mcs70_b03m_s90.B25
Reading graphs...
90 :  135
90 :  135
Initializing...
maxdom : 13
D->valSize : 610
Solving...
Blb : 2 (clique : 52)
currentSize : 52 <-- 0.007754 s
currentSize : 53 <-- 0.008127 s
currentSize : 54 <-- 0.008335 s
currentSize : 55 <-- 0.009012 s
currentSize : 56 <-- 0.009085 s
currentSize : 57 <-- 0.014492 s
currentSize : 58 <-- 0.014569 s
currentSize : 59 <-- 0.463378 s
currentSize : 60 <-- 0.657847 s
currentSize : 61 <-- 34.177471 s
currentSize : 62 <-- 34.177563 s

TIMEOUT
maxsize : 62
nodes : 758134246.000000
filtered : 2966317204.000000
time : 3600.000000
