Parameters: GAD=1 vflib=1 dir=0 label=1 lowerbound=1 fileNameGp=../graphsdb/mcs70/m3D/m3D/mcs70_m3D_s100.A43 fileNameGt=../graphsdb/mcs70/m3D/m3D/mcs70_m3D_s100.B43
Reading graphs...
100 :  235
100 :  235
Initializing...
maxdom : 9
D->valSize : 361
Solving...
Blb : 2 (clique : 34)
currentSize : 34 <-- 0.006169 s
currentSize : 35 <-- 0.006593 s
currentSize : 36 <-- 0.006795 s
currentSize : 37 <-- 0.007191 s
currentSize : 38 <-- 0.008177 s
currentSize : 39 <-- 0.008604 s
currentSize : 40 <-- 0.013531 s
currentSize : 41 <-- 0.015123 s
currentSize : 42 <-- 0.022311 s
currentSize : 43 <-- 0.024644 s
currentSize : 44 <-- 0.035095 s
currentSize : 45 <-- 0.037209 s
currentSize : 48 <-- 0.192322 s
currentSize : 51 <-- 4.211545 s
currentSize : 52 <-- 21.625828 s
currentSize : 53 <-- 21.817064 s
currentSize : 57 <-- 21.819405 s
currentSize : 58 <-- 95.245277 s
currentSize : 60 <-- 103.094414 s
currentSize : 61 <-- 103.096184 s
currentSize : 63 <-- 103.616943 s
currentSize : 64 <-- 103.617485 s

maxsize : 64
nodes : 37920516.000000
filtered : 183195613.000000
time : 212.326630
