Parameters: GAD=1 vflib=1 dir=0 label=1 lowerbound=1 fileNameGp=../graphsdb/mcs70/m3D/m3D/mcs70_m3D_s90.A34 fileNameGt=../graphsdb/mcs70/m3D/m3D/mcs70_m3D_s90.B34
Reading graphs...
90 :  208
90 :  208
Initializing...
maxdom : 12
D->valSize : 616
Solving...
Blb : 2 (clique : 56)
currentSize : 56 <-- 0.007956 s
currentSize : 60 <-- 0.080696 s
currentSize : 61 <-- 2.396144 s
currentSize : 62 <-- 2.396208 s
currentSize : 63 <-- 11.614721 s
currentSize : 64 <-- 11.614940 s

maxsize : 64
nodes : 302790461.000000
filtered : 1081495566.000000
time : 1377.126831
