Parameters: GAD=1 vflib=1 dir=0 label=1 lowerbound=1 fileNameGp=../graphsdb/mcs70/rand/r01/mcs70_r01_s90.A24 fileNameGt=../graphsdb/mcs70/rand/r01/mcs70_r01_s90.B24
Reading graphs...
90 :  762
90 :  759
Initializing...
maxdom : 10
D->valSize : 562
Solving...
Blb : 2 (clique : 13)
currentSize : 13 <-- 0.009840 s
currentSize : 14 <-- 0.010034 s
currentSize : 16 <-- 0.021009 s
currentSize : 22 <-- 0.080206 s
currentSize : 23 <-- 0.080318 s
currentSize : 24 <-- 0.080402 s
currentSize : 25 <-- 0.183509 s
currentSize : 32 <-- 0.198102 s
currentSize : 42 <-- 0.330333 s
currentSize : 43 <-- 0.356178 s
currentSize : 53 <-- 0.883655 s
currentSize : 54 <-- 0.918743 s
currentSize : 55 <-- 1.021758 s

maxsize : 55
nodes : 350386.000000
filtered : 3305105.000000
time : 1.929259
