Parameters: GAD=1 vflib=1 dir=0 label=1 lowerbound=1 fileNameGp=../graphsdb/mcs70/bvg/b06/mcs70_b06_s80.A13 fileNameGt=../graphsdb/mcs70/bvg/b06/mcs70_b06_s80.B13
Reading graphs...
80 :  239
80 :  240
Initializing...
maxdom : 10
D->valSize : 459
Solving...
Blb : 2 (clique : 31)
currentSize : 31 <-- 0.007658 s
currentSize : 32 <-- 0.008075 s
currentSize : 33 <-- 0.009419 s
currentSize : 34 <-- 0.012301 s
currentSize : 35 <-- 0.013169 s
currentSize : 36 <-- 0.015260 s
currentSize : 37 <-- 0.015804 s
currentSize : 38 <-- 0.016109 s
currentSize : 39 <-- 0.016297 s
currentSize : 40 <-- 0.020605 s
currentSize : 41 <-- 0.021120 s
currentSize : 42 <-- 0.021307 s
currentSize : 43 <-- 0.428848 s
currentSize : 44 <-- 0.432242 s
currentSize : 48 <-- 0.512287 s
currentSize : 49 <-- 0.512390 s
currentSize : 50 <-- 0.512828 s
currentSize : 55 <-- 17.789396 s
currentSize : 56 <-- 17.789509 s

maxsize : 56
nodes : 3915895.000000
filtered : 27589287.000000
time : 20.426315
