Parameters: GAD=1 vflib=1 dir=0 label=1 lowerbound=1 fileNameGp=../graphsdb/mcs70/m2D/m2Dr6/mcs70_m2Dr6_s40.A41 fileNameGt=../graphsdb/mcs70/m2D/m2Dr6/mcs70_m2Dr6_s40.B41
Reading graphs...
40 :  86
40 :  88
Initializing...
maxdom : 11
D->valSize : 250
Solving...
Blb : 3 (clique : 18)
currentSize : 18 <-- 0.001610 s
currentSize : 19 <-- 0.039692 s
currentSize : 20 <-- 0.086861 s
currentSize : 21 <-- 0.098501 s
currentSize : 23 <-- 0.123629 s
currentSize : 24 <-- 0.123672 s

maxsize : 24
nodes : 57453.000000
filtered : 474843.000000
time : 0.193178
