Parameters: GAD=1 vflib=1 dir=0 label=1 lowerbound=1 fileNameGp=../graphsdb/mcs70/m3D/m3Dr6/mcs70_m3Dr6_s90.A42 fileNameGt=../graphsdb/mcs70/m3D/m3Dr6/mcs70_m3Dr6_s90.B42
Reading graphs...
90 :  262
90 :  257
Initializing...
maxdom : 10
D->valSize : 539
Solving...
Blb : 2 (clique : 44)
currentSize : 44 <-- 0.010370 s
currentSize : 46 <-- 0.012745 s
currentSize : 47 <-- 0.016892 s
currentSize : 49 <-- 0.029615 s
currentSize : 50 <-- 0.031259 s
currentSize : 56 <-- 3.681831 s
currentSize : 57 <-- 22.012056 s
currentSize : 58 <-- 22.020172 s
currentSize : 63 <-- 24.055548 s
currentSize : 64 <-- 24.055698 s
currentSize : 65 <-- 24.059158 s

maxsize : 65
nodes : 7156855.000000
filtered : 37572389.000000
time : 35.789326
