Parameters: GAD=1 vflib=1 dir=0 label=1 lowerbound=1 fileNameGp=../graphsdb/mcs70/m2D/m2D/mcs70_m2D_s40.A76 fileNameGt=../graphsdb/mcs70/m2D/m2D/mcs70_m2D_s40.B76
Reading graphs...
40 :  67
40 :  67
Initializing...
maxdom : 10
D->valSize : 225
Solving...
Blb : 2 (clique : 15)
currentSize : 15 <-- 0.001371 s
currentSize : 17 <-- 0.001528 s
currentSize : 18 <-- 0.001664 s
currentSize : 19 <-- 0.012815 s
currentSize : 20 <-- 0.028406 s
currentSize : 21 <-- 0.043086 s
currentSize : 22 <-- 0.052840 s
currentSize : 23 <-- 0.052889 s
currentSize : 25 <-- 0.056452 s
currentSize : 27 <-- 0.056530 s

maxsize : 27
nodes : 19544.000000
filtered : 145197.000000
time : 0.065829
