Parameters: GAD=1 vflib=1 dir=0 label=1 lowerbound=1 fileNameGp=../graphsdb/mcs70/m2D/m2Dr6/m2Dr6/mcs70_m2Dr6_s35.A12 fileNameGt=../graphsdb/mcs70/m2D/m2Dr6/m2Dr6/mcs70_m2Dr6_s35.B12
Reading graphs...
35 :  78
35 :  74
Initializing...
maxdom : 5
D->valSize : 160
Solving...
Blb : 2 (clique : 14)
currentSize : 14 <-- 0.000887 s
currentSize : 15 <-- 0.003098 s
currentSize : 16 <-- 0.003341 s
currentSize : 17 <-- 0.003641 s
currentSize : 18 <-- 0.003817 s
currentSize : 20 <-- 0.004487 s
currentSize : 21 <-- 0.008978 s
currentSize : 23 <-- 0.014961 s
currentSize : 24 <-- 0.019591 s

maxsize : 24
nodes : 9158.000000
filtered : 63983.000000
time : 0.029155
