Parameters: GAD=1 vflib=1 dir=0 label=1 lowerbound=1 fileNameGp=../graphsdb/mcs70/bvg/b09m/mcs70_b09m_s40.A87 fileNameGt=../graphsdb/mcs70/bvg/b09m/mcs70_b09m_s40.B87
Reading graphs...
40 :  172
40 :  172
Initializing...
maxdom : 8
D->valSize : 225
Solving...
Blb : 2 (clique : 9)
currentSize : 9 <-- 0.001301 s
currentSize : 10 <-- 0.001379 s
currentSize : 11 <-- 0.001946 s
currentSize : 13 <-- 0.004631 s
currentSize : 23 <-- 0.005386 s
currentSize : 25 <-- 0.012680 s
currentSize : 26 <-- 0.013509 s

maxsize : 26
nodes : 5062.000000
filtered : 39163.000000
time : 0.017843
