Parameters: GAD=1 vflib=1 dir=0 label=1 lowerbound=1 fileNameGp=../graphsdb/mcs70/rand/r005/mcs70_r005_s80.A30 fileNameGt=../graphsdb/mcs70/rand/r005/mcs70_r005_s80.B30
Reading graphs...
80 :  304
80 :  309
Initializing...
maxdom : 8
D->valSize : 444
Solving...
Blb : 2 (clique : 33)
currentSize : 33 <-- 0.004389 s
currentSize : 36 <-- 0.004636 s
currentSize : 39 <-- 0.004758 s
currentSize : 44 <-- 0.005860 s
currentSize : 49 <-- 0.203958 s
currentSize : 55 <-- 0.204605 s

maxsize : 55
nodes : 108328.000000
filtered : 911234.000000
time : 0.567698
