Parameters: GAD=1 vflib=1 dir=0 label=1 lowerbound=1 fileNameGp=../graphsdb/mcs70/rand/r005/mcs70_r005_s100.A63 fileNameGt=../graphsdb/mcs70/rand/r005/mcs70_r005_s100.B63
Reading graphs...
100 :  481
100 :  480
Initializing...
maxdom : 7
D->valSize : 374
Solving...
Blb : 3 (clique : 42)
currentSize : 42 <-- 0.003971 s
currentSize : 44 <-- 0.004585 s
currentSize : 49 <-- 0.008151 s
currentSize : 50 <-- 0.013421 s
currentSize : 58 <-- 0.015291 s
currentSize : 61 <-- 0.101320 s
currentSize : 69 <-- 0.102764 s

maxsize : 69
nodes : 75104.000000
filtered : 480195.000000
time : 0.432288
