Parameters: GAD=1 vflib=1 dir=0 label=1 lowerbound=1 fileNameGp=../graphsdb/mcs70/m2D/m2Dr2/mcs70_m2Dr2_s60.A24 fileNameGt=../graphsdb/mcs70/m2D/m2Dr2/mcs70_m2Dr2_s60.B24
Reading graphs...
60 :  115
60 :  115
Initializing...
maxdom : 7
D->valSize : 243
Solving...
Blb : 2 (clique : 28)
currentSize : 28 <-- 0.001836 s
currentSize : 29 <-- 0.001989 s
currentSize : 31 <-- 0.002072 s
currentSize : 32 <-- 0.006161 s
currentSize : 33 <-- 0.171238 s
currentSize : 34 <-- 0.397157 s
currentSize : 36 <-- 0.639993 s
currentSize : 37 <-- 0.754823 s
currentSize : 38 <-- 0.754939 s
currentSize : 39 <-- 0.758000 s

maxsize : 39
nodes : 281369.000000
filtered : 1275625.000000
time : 1.063080
