Parameters: GAD=1 vflib=1 dir=0 label=1 lowerbound=1 fileNameGp=../graphsdb/mcs70/bvg/b06m/mcs70_b06m_s40.A06 fileNameGt=../graphsdb/mcs70/bvg/b06m/mcs70_b06m_s40.B06
Reading graphs...
40 :  117
40 :  119
Initializing...
maxdom : 8
D->valSize : 225
Solving...
Blb : 2 (clique : 20)
currentSize : 20 <-- 0.001407 s
currentSize : 21 <-- 0.001500 s
currentSize : 24 <-- 0.009111 s
currentSize : 25 <-- 0.009156 s
currentSize : 26 <-- 0.009218 s
currentSize : 27 <-- 0.009293 s

maxsize : 27
nodes : 10132.000000
filtered : 55997.000000
time : 0.031106
