Parameters: GAD=1 vflib=1 dir=0 label=1 lowerbound=1 fileNameGp=../graphsdb/mcs70/bvg/b03m/mcs70_b03m_s60.A43 fileNameGt=../graphsdb/mcs70/bvg/b03m/mcs70_b03m_s60.B43
Reading graphs...
60 :  90
60 :  90
Initializing...
maxdom : 9
D->valSize : 261
Solving...
Blb : 2 (clique : 33)
currentSize : 33 <-- 0.001965 s
currentSize : 34 <-- 0.002354 s
currentSize : 35 <-- 0.030737 s
currentSize : 37 <-- 0.073919 s
currentSize : 38 <-- 0.074064 s
currentSize : 39 <-- 0.095343 s
currentSize : 40 <-- 0.131071 s
currentSize : 41 <-- 0.160250 s
currentSize : 42 <-- 0.162302 s
currentSize : 43 <-- 0.203159 s

maxsize : 43
nodes : 324496.000000
filtered : 1212125.000000
time : 1.201741
