Parameters: GAD=1 vflib=1 dir=0 label=1 lowerbound=1 fileNameGp=../graphsdb/mcs70/m2D/m2D/mcs70_m2D_s80.A05 fileNameGt=../graphsdb/mcs70/m2D/m2D/mcs70_m2D_s80.B05
Reading graphs...
80 :  142
80 :  142
Initializing...
maxdom : 9
D->valSize : 420
Solving...
Blb : 2 (clique : 30)
currentSize : 30 <-- 0.006914 s
currentSize : 32 <-- 0.007268 s
currentSize : 33 <-- 0.007354 s
currentSize : 34 <-- 0.007812 s
currentSize : 35 <-- 0.008667 s
currentSize : 36 <-- 0.009975 s
currentSize : 37 <-- 0.010433 s
currentSize : 38 <-- 0.015406 s
currentSize : 39 <-- 0.217645 s
currentSize : 40 <-- 0.315199 s
currentSize : 41 <-- 0.315366 s
currentSize : 43 <-- 2640.439209 s

TIMEOUT
maxsize : 43
nodes : 645998813.000000
filtered : 5421502031.000000
time : 3600.000000
