Parameters: GAD=1 vflib=1 dir=0 label=1 lowerbound=1 fileNameGp=../graphsdb/mcs70/bvg/b06/mcs70_b06_s35.A59 fileNameGt=../graphsdb/mcs70/bvg/b06/mcs70_b06_s35.B59
Reading graphs...
35 :  104
35 :  105
Initializing...
maxdom : 7
D->valSize : 166
Solving...
Blb : 5 (clique : 14)
currentSize : 14 <-- 0.000963 s
currentSize : 15 <-- 0.001648 s
currentSize : 16 <-- 0.001671 s
currentSize : 19 <-- 0.002558 s
currentSize : 20 <-- 0.002590 s
currentSize : 21 <-- 0.004984 s
currentSize : 23 <-- 0.006088 s
currentSize : 24 <-- 0.006132 s

maxsize : 24
nodes : 3387.000000
filtered : 24679.000000
time : 0.010418
