Parameters: GAD=1 vflib=1 dir=0 label=1 lowerbound=1 fileNameGp=../graphsdb/mcs70/m3D/m3D/mcs70_m3D_s100.A21 fileNameGt=../graphsdb/mcs70/m3D/m3D/mcs70_m3D_s100.B21
Reading graphs...
100 :  235
100 :  234
Initializing...
maxdom : 8
D->valSize : 383
Solving...
Blb : 3 (clique : 42)
currentSize : 42 <-- 0.006943 s
currentSize : 43 <-- 30.963503 s
currentSize : 44 <-- 37.464542 s
currentSize : 45 <-- 123.183319 s
currentSize : 46 <-- 213.933289 s
currentSize : 47 <-- 213.972000 s
currentSize : 48 <-- 285.091522 s
currentSize : 49 <-- 285.110901 s
currentSize : 50 <-- 337.520721 s
currentSize : 52 <-- 349.832855 s
currentSize : 54 <-- 349.873077 s
currentSize : 55 <-- 353.901031 s
currentSize : 56 <-- 387.350983 s
currentSize : 57 <-- 451.686798 s
currentSize : 58 <-- 453.598724 s
currentSize : 62 <-- 672.947266 s
currentSize : 63 <-- 672.947876 s
currentSize : 64 <-- 672.973083 s

maxsize : 64
nodes : 152457128.000000
filtered : 662545644.000000
time : 840.015686
