Parameters: GAD=1 vflib=1 dir=0 label=1 lowerbound=1 fileNameGp=../graphsdb/mcs70/rand/r02/mcs70_r02_s100.A39 fileNameGt=../graphsdb/mcs70/rand/r02/mcs70_r02_s100.B39
Reading graphs...
100 :  1782
100 :  1777
Initializing...
maxdom : 7
D->valSize : 381
Solving...
Blb : 2 (clique : 49)
currentSize : 49 <-- 0.006149 s
currentSize : 50 <-- 0.047674 s
currentSize : 51 <-- 0.183926 s
currentSize : 52 <-- 3.994111 s
currentSize : 53 <-- 10.998957 s

maxsize : 53
nodes : 7888115.000000
filtered : 2563902.000000
time : 31.579807
