Parameters: GAD=1 vflib=1 dir=0 label=1 lowerbound=1 fileNameGp=../graphsdb/mcs70/m2D/m2Dr2/mcs70_m2Dr2_s60.A28 fileNameGt=../graphsdb/mcs70/m2D/m2Dr2/mcs70_m2Dr2_s60.B28
Reading graphs...
60 :  113
60 :  114
Initializing...
maxdom : 7
D->valSize : 255
Solving...
Blb : 2 (clique : 28)
currentSize : 28 <-- 0.003034 s
currentSize : 29 <-- 0.017535 s
currentSize : 30 <-- 0.018187 s
currentSize : 34 <-- 0.029796 s
currentSize : 35 <-- 0.030286 s
currentSize : 37 <-- 0.361679 s
currentSize : 38 <-- 0.926926 s

maxsize : 38
nodes : 371418.000000
filtered : 1713310.000000
time : 1.600882
