Parameters: GAD=1 vflib=1 dir=0 label=1 lowerbound=1 fileNameGp=../graphsdb/mcs70/rand/r001/mcs70_r001_s100.A28 fileNameGt=../graphsdb/mcs70/rand/r001/mcs70_r001_s100.B28
Reading graphs...
100 :  120
100 :  120
Initializing...
maxdom : 7
D->valSize : 387
Solving...
Blb : 2 (clique : 57)
currentSize : 57 <-- 0.008086 s
currentSize : 58 <-- 0.009974 s
currentSize : 59 <-- 0.016549 s
currentSize : 60 <-- 0.017321 s
currentSize : 61 <-- 0.023556 s
currentSize : 62 <-- 0.061796 s
currentSize : 63 <-- 0.176604 s
currentSize : 64 <-- 0.200945 s
currentSize : 65 <-- 2.424818 s
currentSize : 66 <-- 9.501889 s
currentSize : 67 <-- 9.502080 s
currentSize : 68 <-- 11.971800 s
currentSize : 69 <-- 12.053359 s
currentSize : 70 <-- 12.055442 s

maxsize : 70
nodes : 440014516.000000
filtered : 1536572700.000000
time : 2332.627930
