Parameters: GAD=1 vflib=1 dir=0 label=1 lowerbound=1 fileNameGp=../graphsdb/mcs70/rand/r01/mcs70_r01_s40.A74 fileNameGt=../graphsdb/mcs70/rand/r01/mcs70_r01_s40.B74
Reading graphs...
40 :  145
40 :  146
Initializing...
maxdom : 7
D->valSize : 204
Solving...
Blb : 2 (clique : 10)
currentSize : 10 <-- 0.001185 s
currentSize : 11 <-- 0.001945 s
currentSize : 12 <-- 0.004026 s
currentSize : 13 <-- 0.009520 s
currentSize : 15 <-- 0.009656 s
currentSize : 16 <-- 0.011508 s
currentSize : 18 <-- 0.011626 s
currentSize : 20 <-- 0.014153 s
currentSize : 22 <-- 0.017416 s
currentSize : 27 <-- 0.017509 s

maxsize : 27
nodes : 5163.000000
filtered : 51800.000000
time : 0.019729
