Parameters: GAD=1 vflib=1 dir=0 label=1 lowerbound=1 fileNameGp=../graphsdb/mcs70/bvg/b09m/mcs70_b09m_s50.A81 fileNameGt=../graphsdb/mcs70/bvg/b09m/mcs70_b09m_s50.B81
Reading graphs...
50 :  221
50 :  220
Initializing...
maxdom : 8
D->valSize : 326
Solving...
Blb : 3 (clique : 21)
currentSize : 21 <-- 0.002354 s
currentSize : 22 <-- 0.011018 s
currentSize : 23 <-- 0.044063 s
currentSize : 26 <-- 0.044118 s
currentSize : 28 <-- 0.093923 s
currentSize : 31 <-- 0.093993 s

maxsize : 31
nodes : 32979.000000
filtered : 361610.000000
time : 0.137547
