Parameters: GAD=1 vflib=1 dir=0 label=1 lowerbound=1 fileNameGp=../graphsdb/mcs70/m2D/m2D/mcs70_m2D_s60.A81 fileNameGt=../graphsdb/mcs70/m2D/m2D/mcs70_m2D_s60.B81
Reading graphs...
60 :  104
60 :  104
Initializing...
maxdom : 8
D->valSize : 252
Solving...
Blb : 2 (clique : 22)
currentSize : 22 <-- 0.001957 s
currentSize : 23 <-- 0.002227 s
currentSize : 24 <-- 0.004217 s
currentSize : 25 <-- 0.010038 s
currentSize : 26 <-- 0.010373 s
currentSize : 27 <-- 0.297634 s
currentSize : 28 <-- 0.659150 s
currentSize : 29 <-- 0.662074 s
currentSize : 30 <-- 3.232099 s
currentSize : 31 <-- 17.635000 s
currentSize : 32 <-- 21.710941 s
currentSize : 33 <-- 24.018486 s
currentSize : 34 <-- 24.021280 s
currentSize : 35 <-- 35.490452 s
currentSize : 36 <-- 35.490608 s

maxsize : 36
nodes : 9625742.000000
filtered : 51856068.000000
time : 37.354523
