Parameters: GAD=1 vflib=1 dir=0 label=1 lowerbound=1 fileNameGp=../graphsdb/mcs70/bvg/b06m/mcs70_b06m_s15.A00 fileNameGt=../graphsdb/mcs70/bvg/b06m/mcs70_b06m_s15.B00
Reading graphs...
15 :  39
15 :  40
Initializing...
maxdom : 8
D->valSize : 114
Solving...
Blb : 2 (clique : 6)
currentSize : 6 <-- 0.000587 s
currentSize : 7 <-- 0.000633 s
currentSize : 8 <-- 0.000699 s
currentSize : 9 <-- 0.000722 s
currentSize : 10 <-- 0.001512 s

maxsize : 10
nodes : 437.000000
filtered : 6200.000000
time : 0.001726
