Parameters: GAD=1 vflib=1 dir=0 label=1 lowerbound=1 fileNameGp=../graphsdb/mcs70/m2D/m2D/mcs70_m2D_s50.A55 fileNameGt=../graphsdb/mcs70/m2D/m2D/mcs70_m2D_s50.B55
Reading graphs...
50 :  85
50 :  84
Initializing...
maxdom : 9
D->valSize : 319
Solving...
Blb : 2 (clique : 18)
currentSize : 18 <-- 0.002400 s
currentSize : 19 <-- 0.002881 s
currentSize : 20 <-- 0.003480 s
currentSize : 21 <-- 0.003745 s
currentSize : 22 <-- 0.003903 s
currentSize : 23 <-- 1.281487 s
currentSize : 24 <-- 2.327393 s
currentSize : 26 <-- 2.391677 s
currentSize : 27 <-- 3.679439 s
currentSize : 28 <-- 3.679486 s
currentSize : 29 <-- 3.679585 s
currentSize : 30 <-- 4.022331 s
currentSize : 31 <-- 4.022451 s
currentSize : 32 <-- 4.265867 s
currentSize : 33 <-- 4.720722 s
currentSize : 35 <-- 4.721895 s
currentSize : 36 <-- 4.721971 s

maxsize : 36
nodes : 1268678.000000
filtered : 10907562.000000
time : 4.799558
