Parameters: GAD=1 vflib=1 dir=0 label=1 lowerbound=1 fileNameGp=../graphsdb/mcs70/m3D/m3Dr2/mcs70_m3Dr2_s35.A36 fileNameGt=../graphsdb/mcs70/m3D/m3Dr2/mcs70_m3Dr2_s35.B36
Reading graphs...
35 :  79
35 :  78
Initializing...
maxdom : 7
D->valSize : 172
Solving...
Blb : 3 (clique : 18)
currentSize : 18 <-- 0.001027 s
currentSize : 19 <-- 0.004110 s
currentSize : 22 <-- 0.006909 s
currentSize : 23 <-- 0.008709 s
currentSize : 27 <-- 0.009004 s

maxsize : 27
nodes : 2715.000000
filtered : 18092.000000
time : 0.009308
