Parameters: GAD=1 vflib=1 dir=0 label=1 lowerbound=1 fileNameGp=../graphsdb/mcs70/bvg/b06m/mcs70_b06m_s70.A19 fileNameGt=../graphsdb/mcs70/bvg/b06m/mcs70_b06m_s70.B19
Reading graphs...
70 :  206
70 :  207
Initializing...
maxdom : 8
D->valSize : 363
Solving...
Blb : 2 (clique : 24)
currentSize : 24 <-- 0.005064 s
currentSize : 26 <-- 0.005465 s
currentSize : 27 <-- 0.030718 s
currentSize : 28 <-- 0.030761 s
currentSize : 29 <-- 0.119158 s
currentSize : 31 <-- 0.166207 s
currentSize : 32 <-- 0.166861 s
currentSize : 33 <-- 0.166919 s
currentSize : 34 <-- 0.173306 s
currentSize : 36 <-- 0.173541 s
currentSize : 38 <-- 1.751268 s
currentSize : 39 <-- 1.751312 s
currentSize : 40 <-- 1.751623 s
currentSize : 41 <-- 1.751672 s
currentSize : 42 <-- 4.986884 s
currentSize : 43 <-- 5.943890 s
currentSize : 44 <-- 6.508195 s
currentSize : 46 <-- 6.508422 s
currentSize : 47 <-- 7.502362 s

maxsize : 47
nodes : 2673260.000000
filtered : 14124781.000000
time : 11.576112
