Parameters: GAD=1 vflib=1 dir=0 label=1 lowerbound=1 fileNameGp=../graphsdb/mcs70/m2D/m2D/mcs70_m2D_s40.A32 fileNameGt=../graphsdb/mcs70/m2D/m2D/mcs70_m2D_s40.B32
Reading graphs...
40 :  66
40 :  67
Initializing...
maxdom : 8
D->valSize : 215
Solving...
Blb : 2 (clique : 19)
currentSize : 19 <-- 0.001333 s
currentSize : 21 <-- 0.083874 s
currentSize : 22 <-- 0.084098 s
currentSize : 24 <-- 0.100606 s
currentSize : 25 <-- 0.101554 s

maxsize : 25
nodes : 56880.000000
filtered : 400018.000000
time : 0.186243
