Parameters: GAD=1 vflib=1 dir=0 label=1 lowerbound=1 fileNameGp=../graphsdb/mcs70/m2D/m2Dr2/mcs70_m2Dr2_s60.A80 fileNameGt=../graphsdb/mcs70/m2D/m2Dr2/mcs70_m2Dr2_s60.B80
Reading graphs...
60 :  115
60 :  116
Initializing...
maxdom : 7
D->valSize : 240
Solving...
Blb : 2 (clique : 29)
currentSize : 29 <-- 0.001736 s
currentSize : 31 <-- 0.001992 s
currentSize : 32 <-- 0.096345 s
currentSize : 33 <-- 1.095750 s
currentSize : 36 <-- 2.694127 s
currentSize : 38 <-- 2.831154 s

maxsize : 38
nodes : 1071464.000000
filtered : 3439217.000000
time : 3.873649
