Parameters: GAD=1 vflib=1 dir=0 label=1 lowerbound=1 fileNameGp=../graphsdb/mcs70/m2D/m2Dr6/mcs70_m2Dr6_s100.A31 fileNameGt=../graphsdb/mcs70/m2D/m2Dr6/mcs70_m2Dr6_s100.B31
Reading graphs...
100 :  237
100 :  236
Initializing...
maxdom : 7
D->valSize : 381
Solving...
Blb : 2 (clique : 48)
currentSize : 48 <-- 0.004170 s
currentSize : 51 <-- 0.004887 s
currentSize : 53 <-- 0.012238 s
currentSize : 54 <-- 0.012711 s
currentSize : 55 <-- 0.125821 s
currentSize : 56 <-- 0.126392 s
currentSize : 57 <-- 0.571754 s
currentSize : 58 <-- 13.883669 s
currentSize : 59 <-- 13.885148 s
currentSize : 60 <-- 19.199148 s
currentSize : 61 <-- 2484.974854 s
currentSize : 63 <-- 2496.751221 s

TIMEOUT
maxsize : 63
nodes : 764904829.000000
filtered : 1917704880.000000
time : 3600.000000
