Parameters: GAD=1 vflib=1 dir=0 label=1 lowerbound=1 fileNameGp=../graphsdb/mcs70/m2D/m2Dr6/mcs70_m2Dr6_s90.A18 fileNameGt=../graphsdb/mcs70/m2D/m2Dr6/mcs70_m2Dr6_s90.B18
Reading graphs...
90 :  214
90 :  214
Initializing...
maxdom : 10
D->valSize : 558
Solving...
Blb : 2 (clique : 55)
currentSize : 55 <-- 0.011232 s
currentSize : 58 <-- 0.014666 s
currentSize : 60 <-- 0.017437 s
currentSize : 61 <-- 0.024264 s
currentSize : 62 <-- 0.039262 s
currentSize : 63 <-- 0.049396 s

maxsize : 63
nodes : 210126466.000000
filtered : 883636739.000000
time : 986.961670
