Parameters: GAD=1 vflib=1 dir=0 label=1 lowerbound=1 fileNameGp=../graphsdb/mcs70/m2D/m2D/mcs70_m2D_s50.A95 fileNameGt=../graphsdb/mcs70/m2D/m2D/mcs70_m2D_s50.B95
Reading graphs...
50 :  85
50 :  85
Initializing...
maxdom : 10
D->valSize : 381
Solving...
Blb : 2 (clique : 28)
currentSize : 28 <-- 0.004962 s
currentSize : 30 <-- 0.005225 s
currentSize : 32 <-- 0.005708 s
currentSize : 33 <-- 0.160621 s
currentSize : 34 <-- 0.166739 s
currentSize : 35 <-- 0.261958 s
currentSize : 36 <-- 0.262037 s

maxsize : 36
nodes : 95055.000000
filtered : 1124485.000000
time : 0.433972
