Parameters: GAD=1 vflib=1 dir=0 label=1 lowerbound=1 fileNameGp=../graphsdb/mcs70/rand/r01/mcs70_r01_s90.A65 fileNameGt=../graphsdb/mcs70/rand/r01/mcs70_r01_s90.B65
Reading graphs...
90 :  748
90 :  752
Initializing...
maxdom : 9
D->valSize : 510
Solving...
Blb : 2 (clique : 26)
currentSize : 26 <-- 0.008655 s
currentSize : 28 <-- 0.009084 s
currentSize : 30 <-- 0.062254 s
currentSize : 31 <-- 0.197985 s
currentSize : 45 <-- 0.218809 s
currentSize : 54 <-- 0.896639 s

maxsize : 54
nodes : 519172.000000
filtered : 2648311.000000
time : 2.437235
