Parameters: GAD=1 vflib=1 dir=0 label=1 lowerbound=1 fileNameGp=../graphsdb/mcs70/m2D/m2Dr2/mcs70_m2Dr2_s80.A11 fileNameGt=../graphsdb/mcs70/m2D/m2Dr2/mcs70_m2Dr2_s80.B11
Reading graphs...
80 :  156
80 :  156
Initializing...
maxdom : 8
D->valSize : 416
Solving...
Blb : 3 (clique : 42)
currentSize : 42 <-- 0.006972 s
currentSize : 43 <-- 0.007431 s
currentSize : 44 <-- 0.008717 s
currentSize : 45 <-- 0.493381 s
currentSize : 46 <-- 0.771987 s
currentSize : 47 <-- 0.772159 s
currentSize : 48 <-- 0.773145 s

maxsize : 48
nodes : 230223326.000000
filtered : 1642620406.000000
time : 1231.622314
