Parameters: GAD=1 vflib=1 dir=0 label=1 lowerbound=1 fileNameGp=../graphsdb/mcs70/bvg/b03/mcs70_b03_s100.A97 fileNameGt=../graphsdb/mcs70/bvg/b03/mcs70_b03_s100.B97
Reading graphs...
100 :  150
100 :  150
Initializing...
maxdom : 7
D->valSize : 391
Solving...
Blb : 2 (clique : 51)
currentSize : 51 <-- 0.004412 s
currentSize : 55 <-- 0.004792 s
currentSize : 56 <-- 0.007827 s
currentSize : 59 <-- 0.015032 s
currentSize : 61 <-- 1.062553 s
currentSize : 62 <-- 2.000682 s
currentSize : 64 <-- 3.181354 s
currentSize : 66 <-- 248.355728 s
currentSize : 69 <-- 248.844147 s
currentSize : 70 <-- 1475.407349 s

maxsize : 70
nodes : 590839998.000000
filtered : 1695068971.000000
time : 2855.632568
