Parameters: GAD=1 vflib=1 dir=0 label=1 lowerbound=1 fileNameGp=../graphsdb/mcs70/bvg/b06m/mcs70_b06m_s100.A37 fileNameGt=../graphsdb/mcs70/bvg/b06m/mcs70_b06m_s100.B37
Reading graphs...
100 :  297
100 :  297
Initializing...
maxdom : 7
D->valSize : 361
Solving...
Blb : 3 (clique : 51)
currentSize : 51 <-- 0.004010 s
currentSize : 52 <-- 1.912208 s
currentSize : 53 <-- 1.912303 s
currentSize : 54 <-- 1.912359 s
currentSize : 55 <-- 1.912513 s
currentSize : 56 <-- 4.580893 s
currentSize : 57 <-- 4.581016 s
currentSize : 58 <-- 8.562319 s
currentSize : 60 <-- 8.562416 s
currentSize : 61 <-- 8.814342 s
currentSize : 63 <-- 8.814432 s
currentSize : 64 <-- 20.340496 s
currentSize : 66 <-- 20.340590 s
currentSize : 67 <-- 20.340786 s
currentSize : 69 <-- 20.776581 s
currentSize : 70 <-- 20.776764 s

maxsize : 70
nodes : 6577924.000000
filtered : 23281506.000000
time : 32.621323
