Parameters: GAD=1 vflib=1 dir=0 label=1 lowerbound=1 fileNameGp=../graphsdb/mcs70/m2D/m2D/mcs70_m2D_s100.A03 fileNameGt=../graphsdb/mcs70/m2D/m2D/mcs70_m2D_s100.B03
Reading graphs...
100 :  180
100 :  180
Initializing...
maxdom : 8
D->valSize : 371
Solving...
Blb : 2 (clique : 48)
currentSize : 48 <-- 0.006785 s
currentSize : 49 <-- 0.007389 s
currentSize : 50 <-- 0.008110 s
currentSize : 51 <-- 0.012425 s
currentSize : 52 <-- 0.016956 s
currentSize : 53 <-- 0.017828 s
currentSize : 54 <-- 0.024822 s
currentSize : 55 <-- 0.051052 s
currentSize : 56 <-- 3.546677 s
currentSize : 57 <-- 3.589630 s
currentSize : 58 <-- 31.454144 s
currentSize : 59 <-- 33.552418 s
currentSize : 60 <-- 33.585567 s
currentSize : 61 <-- 1115.713745 s
currentSize : 63 <-- 1128.247803 s
currentSize : 64 <-- 1128.270630 s

maxsize : 64
nodes : 365831368.000000
filtered : 1407290756.000000
time : 1784.982910
