Parameters: GAD=1 vflib=1 dir=0 label=1 lowerbound=1 fileNameGp=../graphsdb/mcs70/bvg/b03/mcs70_b03_s100.A11 fileNameGt=../graphsdb/mcs70/bvg/b03/mcs70_b03_s100.B11
Reading graphs...
100 :  149
100 :  150
Initializing...
maxdom : 9
D->valSize : 381
Solving...
Blb : 2 (clique : 54)
currentSize : 54 <-- 0.004498 s
currentSize : 55 <-- 0.005009 s
currentSize : 56 <-- 0.008385 s
currentSize : 58 <-- 0.013230 s
currentSize : 60 <-- 0.023622 s
currentSize : 61 <-- 11.681920 s
currentSize : 65 <-- 11.691574 s
currentSize : 66 <-- 14.222951 s
currentSize : 70 <-- 14.224493 s

maxsize : 70
nodes : 48344342.000000
filtered : 166782700.000000
time : 254.400269
