Parameters: GAD=1 vflib=1 dir=0 label=1 lowerbound=1 fileNameGp=../graphsdb/mcs70/rand/r02/mcs70_r02_s30.A22 fileNameGt=../graphsdb/mcs70/rand/r02/mcs70_r02_s30.B22
Reading graphs...
30 :  156
30 :  154
Initializing...
maxdom : 6
D->valSize : 126
Solving...
Blb : 2 (clique : 5)
currentSize : 5 <-- 0.000709 s
currentSize : 6 <-- 0.000793 s
currentSize : 7 <-- 0.000904 s
currentSize : 8 <-- 0.000974 s
currentSize : 12 <-- 0.001279 s
currentSize : 13 <-- 0.001595 s
currentSize : 19 <-- 0.001833 s

maxsize : 19
nodes : 544.000000
filtered : 5820.000000
time : 0.002341
