Parameters: GAD=1 vflib=1 dir=0 label=1 lowerbound=1 fileNameGp=../graphsdb/mcs70/bvg/b06m/mcs70_b06m_s60.A02 fileNameGt=../graphsdb/mcs70/bvg/b06m/mcs70_b06m_s60.B02
Reading graphs...
60 :  177
60 :  178
Initializing...
maxdom : 8
D->valSize : 277
Solving...
Blb : 3 (clique : 35)
currentSize : 35 <-- 0.002234 s
currentSize : 36 <-- 0.004134 s
currentSize : 37 <-- 0.080412 s
currentSize : 40 <-- 0.105219 s
currentSize : 41 <-- 0.321880 s
currentSize : 42 <-- 0.321944 s

maxsize : 42
nodes : 119387.000000
filtered : 690331.000000
time : 0.505560
