Parameters: GAD=1 vflib=1 dir=0 label=1 lowerbound=1 fileNameGp=../graphsdb/mcs70/rand/r001/mcs70_r001_s100.A85 fileNameGt=../graphsdb/mcs70/rand/r001/mcs70_r001_s100.B85
Reading graphs...
100 :  120
100 :  120
Initializing...
maxdom : 7
D->valSize : 372
Solving...
Blb : 2 (clique : 57)
currentSize : 57 <-- 0.004348 s
currentSize : 58 <-- 0.004751 s
currentSize : 59 <-- 0.008245 s
currentSize : 60 <-- 0.022043 s
currentSize : 61 <-- 0.533962 s
currentSize : 62 <-- 0.537276 s
currentSize : 64 <-- 1.532142 s
currentSize : 65 <-- 1.533000 s
currentSize : 66 <-- 3.818155 s
currentSize : 67 <-- 4.765627 s
currentSize : 68 <-- 4.766415 s
currentSize : 69 <-- 6.588176 s
currentSize : 70 <-- 6.588374 s

maxsize : 70
nodes : 28609738.000000
filtered : 110722799.000000
time : 170.650772
