Parameters: GAD=1 vflib=1 dir=0 label=1 lowerbound=1 fileNameGp=../graphsdb/mcs70/m2D/m2Dr2/mcs70_m2Dr2_s60.A68 fileNameGt=../graphsdb/mcs70/m2D/m2Dr2/mcs70_m2Dr2_s60.B68
Reading graphs...
60 :  116
60 :  113
Initializing...
maxdom : 6
D->valSize : 250
Solving...
Blb : 2 (clique : 27)
currentSize : 27 <-- 0.001842 s
currentSize : 28 <-- 0.074674 s
currentSize : 29 <-- 0.396617 s
currentSize : 30 <-- 0.398207 s
currentSize : 31 <-- 1.078641 s
currentSize : 32 <-- 1.079862 s
currentSize : 33 <-- 2.269277 s
currentSize : 34 <-- 2.271009 s
currentSize : 35 <-- 3.086839 s
currentSize : 36 <-- 8.071694 s

maxsize : 36
nodes : 2572895.000000
filtered : 12063677.000000
time : 10.352343
