Parameters: GAD=1 vflib=1 dir=0 label=1 lowerbound=1 fileNameGp=../graphsdb/mcs70/bvg/b03/mcs70_b03_s60.A17 fileNameGt=../graphsdb/mcs70/bvg/b03/mcs70_b03_s60.B17
Reading graphs...
60 :  90
60 :  90
Initializing...
maxdom : 9
D->valSize : 285
Solving...
Blb : 2 (clique : 24)
currentSize : 24 <-- 0.002098 s
currentSize : 26 <-- 0.002240 s
currentSize : 27 <-- 0.003498 s
currentSize : 29 <-- 0.048345 s
currentSize : 30 <-- 0.368229 s
currentSize : 31 <-- 2.506385 s
currentSize : 32 <-- 2.552799 s
currentSize : 33 <-- 2.552894 s
currentSize : 34 <-- 2.831335 s
currentSize : 35 <-- 12.286575 s
currentSize : 36 <-- 12.288797 s
currentSize : 37 <-- 12.288888 s
currentSize : 38 <-- 12.426210 s
currentSize : 39 <-- 12.426281 s
currentSize : 40 <-- 16.160685 s
currentSize : 41 <-- 16.171160 s
currentSize : 42 <-- 16.178329 s
currentSize : 43 <-- 16.178732 s

maxsize : 43
nodes : 4531038.000000
filtered : 19606984.000000
time : 16.518906
