Parameters: GAD=1 vflib=1 dir=0 label=1 lowerbound=1 fileNameGp=../graphsdb/mcs70/m3D/m3Dr6/mcs70_m3Dr6_s100.A25 fileNameGt=../graphsdb/mcs70/m3D/m3Dr6/mcs70_m3Dr6_s100.B25
Reading graphs...
100 :  293
100 :  289
Initializing...
maxdom : 7
D->valSize : 362
Solving...
Blb : 3 (clique : 36)
currentSize : 36 <-- 0.006227 s
currentSize : 37 <-- 0.025701 s
currentSize : 38 <-- 0.025942 s
currentSize : 39 <-- 0.026482 s
currentSize : 44 <-- 0.069758 s
currentSize : 45 <-- 0.069906 s
currentSize : 50 <-- 0.432868 s
currentSize : 51 <-- 0.433736 s
currentSize : 52 <-- 0.434086 s
currentSize : 56 <-- 2.112225 s
currentSize : 57 <-- 2.112429 s
currentSize : 59 <-- 10.358101 s
currentSize : 60 <-- 10.358291 s
currentSize : 62 <-- 10.378985 s
currentSize : 63 <-- 10.379181 s

maxsize : 63
nodes : 40664822.000000
filtered : 173567703.000000
time : 222.171173
