Parameters: GAD=1 vflib=1 dir=0 label=1 lowerbound=1 fileNameGp=../graphsdb/mcs70/rand/r005/mcs70_r005_s90.A18 fileNameGt=../graphsdb/mcs70/rand/r005/mcs70_r005_s90.B18
Reading graphs...
90 :  391
90 :  391
Initializing...
maxdom : 11
D->valSize : 567
Solving...
Blb : 2 (clique : 35)
currentSize : 35 <-- 0.006772 s
currentSize : 38 <-- 0.007187 s
currentSize : 40 <-- 0.007676 s
currentSize : 42 <-- 0.094353 s
currentSize : 47 <-- 0.094627 s
currentSize : 48 <-- 0.276682 s
currentSize : 51 <-- 0.493314 s
currentSize : 53 <-- 0.947626 s
currentSize : 54 <-- 2.940576 s
currentSize : 55 <-- 3.458421 s
currentSize : 61 <-- 4.905763 s

maxsize : 61
nodes : 944941.000000
filtered : 10022371.000000
time : 5.919704
