Parameters: GAD=1 vflib=1 dir=0 label=1 lowerbound=1 fileNameGp=../graphsdb/mcs70/bvg/b03/mcs70_b03_s35.A30 fileNameGt=../graphsdb/mcs70/bvg/b03/mcs70_b03_s35.B30
Reading graphs...
35 :  51
35 :  52
Initializing...
maxdom : 7
D->valSize : 180
Solving...
Blb : 5 (clique : 18)
currentSize : 18 <-- 0.001587 s
currentSize : 19 <-- 0.008798 s
currentSize : 20 <-- 0.063410 s
currentSize : 21 <-- 0.063455 s
currentSize : 23 <-- 0.085412 s
currentSize : 24 <-- 0.085443 s

maxsize : 24
nodes : 29867.000000
filtered : 189466.000000
time : 0.112702
