Parameters: GAD=1 vflib=1 dir=0 label=1 lowerbound=1 fileNameGp=../graphsdb/mcs70/m2D/m2D/mcs70_m2D_s60.A70 fileNameGt=../graphsdb/mcs70/m2D/m2D/mcs70_m2D_s60.B70
Reading graphs...
60 :  103
60 :  104
Initializing...
maxdom : 7
D->valSize : 262
Solving...
Blb : 2 (clique : 26)
currentSize : 26 <-- 0.003167 s
currentSize : 27 <-- 0.071300 s
currentSize : 28 <-- 0.307081 s
currentSize : 29 <-- 0.671373 s
currentSize : 30 <-- 1.734276 s
currentSize : 32 <-- 1.790095 s
currentSize : 33 <-- 3.646911 s
currentSize : 34 <-- 6.291807 s
currentSize : 35 <-- 6.294355 s
currentSize : 37 <-- 7.052818 s
currentSize : 38 <-- 7.338024 s

maxsize : 38
nodes : 2403382.000000
filtered : 10967152.000000
time : 9.092707
