Parameters: GAD=1 vflib=1 dir=0 label=1 lowerbound=1 fileNameGp=../graphsdb/mcs70/m2D/m2Dr2/mcs70_m2Dr2_s60.A72 fileNameGt=../graphsdb/mcs70/m2D/m2Dr2/mcs70_m2Dr2_s60.B72
Reading graphs...
60 :  116
60 :  116
Initializing...
maxdom : 7
D->valSize : 249
Solving...
Blb : 3 (clique : 27)
currentSize : 27 <-- 0.002085 s
currentSize : 28 <-- 0.035591 s
currentSize : 29 <-- 0.103525 s
currentSize : 32 <-- 0.229235 s
currentSize : 33 <-- 1.618784 s
currentSize : 36 <-- 1.620143 s
currentSize : 37 <-- 2.387635 s

maxsize : 37
nodes : 700258.000000
filtered : 3950474.000000
time : 3.008522
