Parameters: GAD=1 vflib=1 dir=0 label=1 lowerbound=1 fileNameGp=../graphsdb/mcs70/m2D/m2D/mcs70_m2D_s80.A96 fileNameGt=../graphsdb/mcs70/m2D/m2D/mcs70_m2D_s80.B96
Reading graphs...
80 :  142
80 :  142
Initializing...
maxdom : 9
D->valSize : 449
Solving...
Blb : 2 (clique : 39)
currentSize : 39 <-- 0.004780 s
currentSize : 40 <-- 0.168645 s
currentSize : 41 <-- 4.609469 s
currentSize : 42 <-- 84.784798 s
currentSize : 43 <-- 1471.629883 s
currentSize : 44 <-- 1471.650024 s
currentSize : 45 <-- 1471.666382 s
currentSize : 46 <-- 2570.854492 s
currentSize : 47 <-- 2864.062500 s
currentSize : 48 <-- 3017.917236 s
currentSize : 49 <-- 3054.208496 s
currentSize : 50 <-- 3054.619873 s
currentSize : 51 <-- 3054.934326 s

maxsize : 51
nodes : 685976494.000000
filtered : 3753370228.000000
time : 3197.824951
