Parameters: GAD=1 vflib=1 dir=0 label=1 lowerbound=1 fileNameGp=../graphsdb/mcs70/bvg/b03/mcs70_b03_s50.A57 fileNameGt=../graphsdb/mcs70/bvg/b03/mcs70_b03_s50.B57
Reading graphs...
50 :  75
50 :  75
Initializing...
maxdom : 11
D->valSize : 350
Solving...
Blb : 5 (clique : 24)
currentSize : 24 <-- 0.002704 s
currentSize : 25 <-- 0.002854 s
currentSize : 27 <-- 0.002909 s
currentSize : 28 <-- 0.004916 s
currentSize : 29 <-- 0.032219 s
currentSize : 33 <-- 37.615009 s
currentSize : 34 <-- 48.757504 s

maxsize : 34
nodes : 14405328.000000
filtered : 145749945.000000
time : 57.134056
