Parameters: GAD=1 vflib=1 dir=0 label=1 lowerbound=1 fileNameGp=../graphsdb/mcs70/bvg/b09m/mcs70_b09m_s35.A58 fileNameGt=../graphsdb/mcs70/bvg/b09m/mcs70_b09m_s35.B58
Reading graphs...
35 :  156
35 :  153
Initializing...
maxdom : 8
D->valSize : 174
Solving...
Blb : 2 (clique : 8)
currentSize : 8 <-- 0.001116 s
currentSize : 9 <-- 0.001276 s
currentSize : 10 <-- 0.001309 s
currentSize : 12 <-- 0.001426 s
currentSize : 14 <-- 0.004384 s
currentSize : 15 <-- 0.004439 s
currentSize : 16 <-- 0.004478 s
currentSize : 24 <-- 0.005224 s

maxsize : 24
nodes : 1402.000000
filtered : 18236.000000
time : 0.005935
