Parameters: GAD=1 vflib=1 dir=0 label=1 lowerbound=1 fileNameGp=../graphsdb/mcs70/m2D/m2Dr2/mcs70_m2Dr2_s80.A64 fileNameGt=../graphsdb/mcs70/m2D/m2Dr2/mcs70_m2Dr2_s80.B64
Reading graphs...
80 :  158
80 :  157
Initializing...
maxdom : 9
D->valSize : 429
Solving...
Blb : 2 (clique : 35)
currentSize : 35 <-- 0.004373 s
currentSize : 40 <-- 0.004623 s
currentSize : 41 <-- 0.006609 s
currentSize : 43 <-- 0.037751 s
currentSize : 45 <-- 0.079070 s
currentSize : 46 <-- 1.025375 s
currentSize : 48 <-- 35.441502 s
currentSize : 49 <-- 360.063141 s
currentSize : 50 <-- 547.694824 s
currentSize : 51 <-- 547.741333 s

maxsize : 51
nodes : 123918482.000000
filtered : 679923385.000000
time : 613.372070
