Parameters: GAD=1 vflib=1 dir=0 label=1 lowerbound=1 fileNameGp=../graphsdb/mcs70/m3D/m3D/mcs70_m3D_s40.A77 fileNameGt=../graphsdb/mcs70/m3D/m3D/mcs70_m3D_s40.B77
Reading graphs...
40 :  84
40 :  84
Initializing...
maxdom : 7
D->valSize : 211
Solving...
Blb : 3 (clique : 16)
currentSize : 16 <-- 0.001264 s
currentSize : 17 <-- 0.008640 s
currentSize : 18 <-- 0.151887 s
currentSize : 19 <-- 0.340421 s
currentSize : 21 <-- 0.368230 s
currentSize : 22 <-- 0.368263 s
currentSize : 23 <-- 0.368330 s
currentSize : 24 <-- 0.368377 s
currentSize : 25 <-- 0.427148 s
currentSize : 26 <-- 0.491992 s
currentSize : 27 <-- 0.492050 s

maxsize : 27
nodes : 141713.000000
filtered : 778878.000000
time : 0.532122
