Parameters: GAD=1 vflib=1 dir=0 label=1 lowerbound=1 fileNameGp=../graphsdb/mcs70/m2D/m2D/mcs70_m2D_s40.A83 fileNameGt=../graphsdb/mcs70/m2D/m2D/mcs70_m2D_s40.B83
Reading graphs...
40 :  67
40 :  67
Initializing...
maxdom : 8
D->valSize : 222
Solving...
Blb : 2 (clique : 15)
currentSize : 15 <-- 0.001517 s
currentSize : 18 <-- 0.001791 s
currentSize : 19 <-- 0.024201 s
currentSize : 20 <-- 0.041089 s
currentSize : 21 <-- 0.041162 s
currentSize : 22 <-- 0.060322 s
currentSize : 26 <-- 0.073215 s

maxsize : 26
nodes : 24411.000000
filtered : 215989.000000
time : 0.092039
