Parameters: GAD=1 vflib=1 dir=0 label=1 lowerbound=1 fileNameGp=../graphsdb/mcs70/bvg/b03m/mcs70_b03m_s80.A55 fileNameGt=../graphsdb/mcs70/bvg/b03m/mcs70_b03m_s80.B55
Reading graphs...
80 :  120
80 :  120
Initializing...
maxdom : 10
D->valSize : 464
Solving...
Blb : 2 (clique : 41)
currentSize : 41 <-- 0.008254 s
currentSize : 48 <-- 0.008730 s
currentSize : 49 <-- 0.008830 s
currentSize : 50 <-- 0.009195 s
currentSize : 51 <-- 0.010308 s
currentSize : 52 <-- 0.015554 s
currentSize : 53 <-- 0.027147 s
currentSize : 54 <-- 0.027276 s
currentSize : 55 <-- 0.028127 s
currentSize : 56 <-- 85.147873 s
currentSize : 57 <-- 396.668182 s

maxsize : 57
nodes : 141480254.000000
filtered : 627801996.000000
time : 625.595764
