Parameters: GAD=1 vflib=1 dir=0 label=1 lowerbound=1 fileNameGp=../graphsdb/mcs70/bvg/b09/mcs70_b09_s80.A82 fileNameGt=../graphsdb/mcs70/bvg/b09/mcs70_b09_s80.B82
Reading graphs...
80 :  356
80 :  359
Initializing...
maxdom : 9
D->valSize : 454
Solving...
Blb : 2 (clique : 47)
currentSize : 47 <-- 0.007426 s
currentSize : 50 <-- 0.008692 s
currentSize : 53 <-- 0.009959 s
currentSize : 54 <-- 0.717883 s
currentSize : 56 <-- 1.221111 s

maxsize : 56
nodes : 322539.000000
filtered : 2325671.000000
time : 1.598209
