Parameters: GAD=1 vflib=1 dir=0 label=1 lowerbound=1 fileNameGp=../graphsdb/mcs70/bvg/b09m/mcs70_b09m_s40.A44 fileNameGt=../graphsdb/mcs70/bvg/b09m/mcs70_b09m_s40.B44
Reading graphs...
40 :  178
40 :  179
Initializing...
maxdom : 7
D->valSize : 206
Solving...
Blb : 2 (clique : 9)
currentSize : 9 <-- 0.001289 s
currentSize : 10 <-- 0.001385 s
currentSize : 11 <-- 0.001544 s
currentSize : 12 <-- 0.001925 s
currentSize : 13 <-- 0.003518 s
currentSize : 14 <-- 0.003547 s
currentSize : 15 <-- 0.004327 s
currentSize : 16 <-- 0.004368 s
currentSize : 24 <-- 0.008578 s
currentSize : 26 <-- 0.008648 s
currentSize : 27 <-- 0.008718 s

maxsize : 27
nodes : 3160.000000
filtered : 28628.000000
time : 0.012396
