Parameters: GAD=1 vflib=1 dir=0 label=1 lowerbound=1 fileNameGp=../graphsdb/mcs70/m2D/m2Dr6/mcs70_m2Dr6_s40.A81 fileNameGt=../graphsdb/mcs70/m2D/m2Dr6/mcs70_m2Dr6_s40.B81
Reading graphs...
40 :  91
40 :  90
Initializing...
maxdom : 12
D->valSize : 247
Solving...
Blb : 3 (clique : 20)
currentSize : 20 <-- 0.001528 s
currentSize : 22 <-- 0.002447 s
currentSize : 23 <-- 0.048224 s
currentSize : 24 <-- 0.048746 s
currentSize : 25 <-- 0.051471 s
currentSize : 26 <-- 0.051539 s

maxsize : 26
nodes : 26700.000000
filtered : 224063.000000
time : 0.089092
