Parameters: GAD=1 vflib=1 dir=0 label=1 lowerbound=1 fileNameGp=../graphsdb/mcs70/bvg/b09/mcs70_b09_s40.A75 fileNameGt=../graphsdb/mcs70/bvg/b09/mcs70_b09_s40.B75
Reading graphs...
40 :  180
40 :  177
Initializing...
maxdom : 10
D->valSize : 216
Solving...
Blb : 3 (clique : 9)
currentSize : 9 <-- 0.001280 s
currentSize : 10 <-- 0.001353 s
currentSize : 11 <-- 0.001406 s
currentSize : 25 <-- 0.011136 s
currentSize : 28 <-- 0.011222 s

maxsize : 28
nodes : 3327.000000
filtered : 32556.000000
time : 0.012549
