Parameters: GAD=1 vflib=1 dir=0 label=1 lowerbound=1 fileNameGp=../graphsdb/mcs70/bvg/b03/mcs70_b03_s50.A22 fileNameGt=../graphsdb/mcs70/bvg/b03/mcs70_b03_s50.B22
Reading graphs...
50 :  75
50 :  75
Initializing...
maxdom : 10
D->valSize : 349
Solving...
Blb : 2 (clique : 27)
currentSize : 27 <-- 0.004360 s
currentSize : 29 <-- 0.004589 s
currentSize : 30 <-- 0.034911 s
currentSize : 31 <-- 0.394216 s
currentSize : 32 <-- 0.395150 s
currentSize : 33 <-- 0.395795 s
currentSize : 34 <-- 3.055747 s

maxsize : 34
nodes : 834723.000000
filtered : 7684493.000000
time : 3.714025
