Parameters: GAD=1 vflib=1 dir=0 label=1 lowerbound=1 fileNameGp=../graphsdb/mcs70/m3D/m3Dr6/mcs70_m3Dr6_s100.A59 fileNameGt=../graphsdb/mcs70/m3D/m3Dr6/mcs70_m3Dr6_s100.B59
Reading graphs...
100 :  292
100 :  290
Initializing...
maxdom : 7
D->valSize : 358
Solving...
Blb : 3 (clique : 41)
currentSize : 41 <-- 0.003609 s
currentSize : 42 <-- 23.371576 s
currentSize : 44 <-- 23.473585 s
currentSize : 46 <-- 25.622440 s
currentSize : 47 <-- 42.957119 s
currentSize : 49 <-- 56.117718 s
currentSize : 51 <-- 56.600758 s
currentSize : 52 <-- 74.372849 s
currentSize : 53 <-- 87.913734 s
currentSize : 54 <-- 102.904083 s
currentSize : 56 <-- 102.916031 s
currentSize : 57 <-- 103.066589 s
currentSize : 59 <-- 103.091690 s
currentSize : 62 <-- 134.672913 s
currentSize : 64 <-- 134.807968 s

maxsize : 64
nodes : 26359814.000000
filtered : 114889298.000000
time : 145.685669
