Parameters: GAD=1 vflib=1 dir=0 label=1 lowerbound=1 fileNameGp=../graphsdb/mcs70/bvg/b09/mcs70_b09_s70.A60 fileNameGt=../graphsdb/mcs70/bvg/b09/mcs70_b09_s70.B60
Reading graphs...
70 :  314
70 :  315
Initializing...
maxdom : 8
D->valSize : 342
Solving...
Blb : 3 (clique : 25)
currentSize : 25 <-- 0.002790 s
currentSize : 26 <-- 0.060170 s
currentSize : 27 <-- 0.060215 s
currentSize : 30 <-- 0.587482 s
currentSize : 32 <-- 0.587581 s
currentSize : 35 <-- 0.587743 s
currentSize : 37 <-- 0.588006 s
currentSize : 39 <-- 1.549076 s
currentSize : 41 <-- 1.549218 s
currentSize : 45 <-- 1.551829 s
currentSize : 48 <-- 1.552019 s

maxsize : 48
nodes : 376706.000000
filtered : 2131576.000000
time : 1.693473
