Parameters: GAD=1 vflib=1 dir=0 label=1 lowerbound=1 fileNameGp=../graphsdb/mcs70/bvg/b03m/mcs70_b03m_s100.A89 fileNameGt=../graphsdb/mcs70/bvg/b03m/mcs70_b03m_s100.B89
Reading graphs...
100 :  150
100 :  150
Initializing...
maxdom : 7
D->valSize : 377
Solving...
Blb : 2 (clique : 56)
currentSize : 56 <-- 0.004520 s
currentSize : 57 <-- 0.066964 s
currentSize : 58 <-- 0.138777 s
currentSize : 59 <-- 0.465164 s
currentSize : 60 <-- 2.134635 s
currentSize : 61 <-- 2.238275 s
currentSize : 62 <-- 2.350048 s
currentSize : 63 <-- 3.462913 s
currentSize : 65 <-- 172.352371 s
currentSize : 66 <-- 172.454544 s
currentSize : 67 <-- 282.070312 s
currentSize : 68 <-- 905.025024 s
currentSize : 69 <-- 905.039551 s
currentSize : 70 <-- 905.097351 s

maxsize : 70
nodes : 255484620.000000
filtered : 651913633.000000
time : 1240.448975
