Parameters: GAD=1 vflib=1 dir=0 label=1 lowerbound=1 fileNameGp=../graphsdb/mcs70/rand/r005/mcs70_r005_s60.A77 fileNameGt=../graphsdb/mcs70/rand/r005/mcs70_r005_s60.B77
Reading graphs...
60 :  170
60 :  173
Initializing...
maxdom : 7
D->valSize : 272
Solving...
Blb : 3 (clique : 31)
currentSize : 31 <-- 0.003245 s
currentSize : 33 <-- 0.060363 s
currentSize : 35 <-- 0.179279 s
currentSize : 39 <-- 0.325465 s
currentSize : 41 <-- 0.325574 s

maxsize : 41
nodes : 48877.000000
filtered : 422427.000000
time : 0.342818
