Parameters: GAD=1 vflib=1 dir=0 label=1 lowerbound=1 fileNameGp=../graphsdb/mcs70/rand/r01/mcs70_r01_s60.A97 fileNameGt=../graphsdb/mcs70/rand/r01/mcs70_r01_s60.B97
Reading graphs...
60 :  336
60 :  336
Initializing...
maxdom : 9
D->valSize : 278
Solving...
Blb : 2 (clique : 13)
currentSize : 13 <-- 0.001925 s
currentSize : 14 <-- 0.002233 s
currentSize : 15 <-- 0.002340 s
currentSize : 17 <-- 0.002418 s
currentSize : 20 <-- 0.020110 s
currentSize : 23 <-- 0.021143 s
currentSize : 26 <-- 0.024448 s
currentSize : 29 <-- 0.029571 s
currentSize : 38 <-- 0.038347 s

maxsize : 38
nodes : 20574.000000
filtered : 140809.000000
time : 0.083550
