Parameters: GAD=1 vflib=1 dir=0 label=1 lowerbound=1 fileNameGp=../graphsdb/mcs70/bvg/b09/mcs70_b09_s50.A72 fileNameGt=../graphsdb/mcs70/bvg/b09/mcs70_b09_s50.B72
Reading graphs...
50 :  225
50 :  223
Initializing...
maxdom : 8
D->valSize : 331
Solving...
Blb : 3 (clique : 12)
currentSize : 12 <-- 0.002361 s
currentSize : 14 <-- 0.029656 s
currentSize : 15 <-- 0.031534 s
currentSize : 18 <-- 0.031874 s
currentSize : 19 <-- 0.055643 s
currentSize : 23 <-- 0.071131 s
currentSize : 34 <-- 0.071682 s

maxsize : 34
nodes : 18046.000000
filtered : 219560.000000
time : 0.077647
