Parameters: GAD=1 vflib=1 dir=0 label=1 lowerbound=1 fileNameGp=../graphsdb/mcs70/m2D/m2Dr4/mcs70_m2Dr4_s80.A14 fileNameGt=../graphsdb/mcs70/m2D/m2Dr4/mcs70_m2Dr4_s80.B14
Reading graphs...
80 :  173
80 :  172
Initializing...
maxdom : 10
D->valSize : 475
Solving...
Blb : 2 (clique : 32)
currentSize : 32 <-- 0.004963 s
currentSize : 33 <-- 5.086216 s
currentSize : 34 <-- 5.089036 s
currentSize : 35 <-- 5.110676 s
currentSize : 37 <-- 52.764507 s
currentSize : 38 <-- 53.831749 s
currentSize : 39 <-- 147.067245 s
currentSize : 40 <-- 350.072632 s
currentSize : 41 <-- 383.179962 s
currentSize : 42 <-- 2174.703369 s
currentSize : 43 <-- 2174.713135 s
currentSize : 44 <-- 2309.794189 s
currentSize : 45 <-- 2309.794678 s
currentSize : 46 <-- 2309.808105 s
currentSize : 47 <-- 2309.808594 s
currentSize : 48 <-- 2309.841553 s
currentSize : 49 <-- 2309.902832 s

maxsize : 49
nodes : 481330191.000000
filtered : 3552739700.000000
time : 2580.731445
