Parameters: GAD=1 vflib=1 dir=0 label=1 lowerbound=1 fileNameGp=../graphsdb/mcs70/bvg/b06/mcs70_b06_s60.A70 fileNameGt=../graphsdb/mcs70/bvg/b06/mcs70_b06_s60.B70
Reading graphs...
60 :  179
60 :  179
Initializing...
maxdom : 7
D->valSize : 241
Solving...
Blb : 2 (clique : 27)
currentSize : 27 <-- 0.003131 s
currentSize : 28 <-- 0.019172 s
currentSize : 29 <-- 0.019246 s
currentSize : 31 <-- 0.019312 s
currentSize : 33 <-- 0.019373 s
currentSize : 34 <-- 0.021989 s
currentSize : 35 <-- 0.047613 s
currentSize : 36 <-- 0.047845 s
currentSize : 37 <-- 0.050773 s
currentSize : 38 <-- 0.050974 s
currentSize : 39 <-- 0.103617 s
currentSize : 40 <-- 0.103743 s
currentSize : 41 <-- 0.108598 s
currentSize : 42 <-- 0.108772 s

maxsize : 42
nodes : 87662.000000
filtered : 364420.000000
time : 0.370914
