Parameters: GAD=1 vflib=1 dir=0 label=1 lowerbound=1 fileNameGp=../graphsdb/mcs70/rand/r005/mcs70_r005_s100.A73 fileNameGt=../graphsdb/mcs70/rand/r005/mcs70_r005_s100.B73
Reading graphs...
100 :  481
100 :  484
Initializing...
maxdom : 9
D->valSize : 396
Solving...
Blb : 2 (clique : 37)
currentSize : 37 <-- 0.004389 s
currentSize : 38 <-- 0.017936 s
currentSize : 40 <-- 0.160957 s
currentSize : 46 <-- 0.161278 s
currentSize : 48 <-- 0.301887 s
currentSize : 52 <-- 0.305047 s
currentSize : 57 <-- 0.457983 s
currentSize : 60 <-- 1.248572 s
currentSize : 61 <-- 2.591767 s
currentSize : 67 <-- 2.592754 s

maxsize : 67
nodes : 927424.000000
filtered : 5871469.000000
time : 5.311879
