Parameters: GAD=1 vflib=1 dir=0 label=1 lowerbound=1 fileNameGp=../graphsdb/mcs70/m3D/m3Dr4/mcs70_m3Dr4_s100.A00 fileNameGt=../graphsdb/mcs70/m3D/m3Dr4/mcs70_m3Dr4_s100.B00
Reading graphs...
100 :  274
100 :  273
Initializing...
maxdom : 7
D->valSize : 368
Solving...
Blb : 2 (clique : 40)
currentSize : 40 <-- 0.003798 s
currentSize : 41 <-- 0.004229 s
currentSize : 43 <-- 0.008918 s
currentSize : 45 <-- 0.009105 s
currentSize : 46 <-- 0.028085 s
currentSize : 48 <-- 0.028257 s
currentSize : 51 <-- 0.066421 s
currentSize : 53 <-- 0.066589 s
currentSize : 55 <-- 0.539458 s
currentSize : 57 <-- 0.567265 s
currentSize : 58 <-- 28.391792 s
currentSize : 60 <-- 28.403143 s
currentSize : 61 <-- 150.437485 s
currentSize : 63 <-- 150.496964 s

maxsize : 63
nodes : 50415877.000000
filtered : 182714045.000000
time : 264.765656
