Parameters: GAD=1 vflib=1 dir=0 label=1 lowerbound=1 fileNameGp=../graphsdb/mcs70/m2D/m2Dr6/m2Dr6/mcs70_m2Dr6_s25.A08 fileNameGt=../graphsdb/mcs70/m2D/m2Dr6/m2Dr6/mcs70_m2Dr6_s25.B08
Reading graphs...
25 :  52
25 :  51
Initializing...
maxdom : 9
D->valSize : 164
Solving...
Blb : 2 (clique : 9)
currentSize : 9 <-- 0.000824 s
currentSize : 10 <-- 0.001161 s
currentSize : 11 <-- 0.001215 s
currentSize : 13 <-- 0.004112 s
currentSize : 16 <-- 0.008854 s

maxsize : 16
nodes : 3734.000000
filtered : 38069.000000
time : 0.010898
