Parameters: GAD=1 vflib=1 dir=0 label=1 lowerbound=1 fileNameGp=../graphsdb/mcs70/bvg/b09/mcs70_b09_s30.A20 fileNameGt=../graphsdb/mcs70/bvg/b09/mcs70_b09_s30.B20
Reading graphs...
30 :  134
30 :  134
Initializing...
maxdom : 10
D->valSize : 151
Solving...
Blb : 2 (clique : 7)
currentSize : 7 <-- 0.000816 s
currentSize : 8 <-- 0.000883 s
currentSize : 9 <-- 0.000950 s
currentSize : 10 <-- 0.002846 s
currentSize : 20 <-- 0.004419 s

maxsize : 20
nodes : 1504.000000
filtered : 12127.000000
time : 0.005095
