Parameters: GAD=1 vflib=1 dir=0 label=1 lowerbound=1 fileNameGp=../graphsdb/mcs70/m2D/m2Dr6/mcs70_m2Dr6_s40.A28 fileNameGt=../graphsdb/mcs70/m2D/m2Dr6/mcs70_m2Dr6_s40.B28
Reading graphs...
40 :  89
40 :  88
Initializing...
maxdom : 7
D->valSize : 202
Solving...
Blb : 2 (clique : 17)
currentSize : 17 <-- 0.001271 s
currentSize : 20 <-- 0.001366 s
currentSize : 21 <-- 0.002441 s
currentSize : 22 <-- 0.002487 s
currentSize : 23 <-- 0.002556 s
currentSize : 24 <-- 0.006268 s

maxsize : 24
nodes : 11233.000000
filtered : 87854.000000
time : 0.051474
