Parameters: GAD=1 vflib=1 dir=0 label=1 lowerbound=1 fileNameGp=../graphsdb/mcs70/m2D/m2Dr2/mcs70_m2Dr2_s80.A85 fileNameGt=../graphsdb/mcs70/m2D/m2Dr2/mcs70_m2Dr2_s80.B85
Reading graphs...
80 :  158
80 :  158
Initializing...
maxdom : 7
D->valSize : 434
Solving...
Blb : 2 (clique : 43)
currentSize : 43 <-- 0.004446 s
currentSize : 45 <-- 0.004794 s
currentSize : 46 <-- 0.004908 s
currentSize : 47 <-- 0.006011 s
currentSize : 48 <-- 0.006194 s
currentSize : 49 <-- 0.467139 s
currentSize : 50 <-- 27.016888 s

maxsize : 50
nodes : 6019715.000000
filtered : 65349871.000000
time : 40.308601
