Parameters: GAD=1 vflib=1 dir=0 label=1 lowerbound=1 fileNameGp=../graphsdb/mcs70/m2D/m2Dr4/mcs70_m2Dr4_s70.A13 fileNameGt=../graphsdb/mcs70/m2D/m2Dr4/mcs70_m2Dr4_s70.B13
Reading graphs...
70 :  150
70 :  149
Initializing...
maxdom : 9
D->valSize : 363
Solving...
Blb : 3 (clique : 33)
currentSize : 33 <-- 0.005320 s
currentSize : 34 <-- 0.846975 s
currentSize : 35 <-- 2.577084 s
currentSize : 36 <-- 2.582108 s
currentSize : 37 <-- 2.582204 s
currentSize : 39 <-- 4.284935 s
currentSize : 40 <-- 4.285048 s
currentSize : 41 <-- 5.980818 s
currentSize : 42 <-- 10.282452 s
currentSize : 43 <-- 15.144375 s
currentSize : 45 <-- 15.144591 s
currentSize : 46 <-- 20.197475 s
currentSize : 47 <-- 20.197552 s
currentSize : 48 <-- 21.249889 s

maxsize : 48
nodes : 6128634.000000
filtered : 27276703.000000
time : 25.846703
