Parameters: GAD=1 vflib=1 dir=0 label=1 lowerbound=1 fileNameGp=../graphsdb/mcs70/rand/r01/mcs70_r01_s60.A98 fileNameGt=../graphsdb/mcs70/rand/r01/mcs70_r01_s60.B98
Reading graphs...
60 :  332
60 :  336
Initializing...
maxdom : 8
D->valSize : 264
Solving...
Blb : 2 (clique : 11)
currentSize : 11 <-- 0.001846 s
currentSize : 13 <-- 0.001931 s
currentSize : 15 <-- 0.001977 s
currentSize : 16 <-- 0.002105 s
currentSize : 18 <-- 0.002177 s
currentSize : 19 <-- 0.003060 s
currentSize : 21 <-- 0.003289 s
currentSize : 23 <-- 0.005077 s
currentSize : 24 <-- 0.006117 s
currentSize : 27 <-- 0.010924 s
currentSize : 28 <-- 0.011023 s
currentSize : 36 <-- 0.017767 s
currentSize : 37 <-- 0.018791 s

maxsize : 37
nodes : 8577.000000
filtered : 82115.000000
time : 0.040617
