Parameters: GAD=1 vflib=1 dir=0 label=1 lowerbound=1 fileNameGp=../graphsdb/mcs70/m2D/m2Dr4/mcs70_m2Dr4_s90.A97 fileNameGt=../graphsdb/mcs70/m2D/m2Dr4/mcs70_m2Dr4_s90.B97
Reading graphs...
90 :  196
90 :  197
Initializing...
maxdom : 11
D->valSize : 523
Solving...
Blb : 2 (clique : 42)
currentSize : 42 <-- 0.010345 s
currentSize : 43 <-- 0.010856 s
currentSize : 44 <-- 0.029811 s
currentSize : 45 <-- 0.029880 s
currentSize : 46 <-- 0.041129 s
currentSize : 47 <-- 0.068453 s
currentSize : 48 <-- 0.073298 s
currentSize : 49 <-- 0.118605 s
currentSize : 50 <-- 0.119054 s
currentSize : 51 <-- 0.120316 s
currentSize : 52 <-- 6.255729 s
currentSize : 53 <-- 6.255794 s
currentSize : 55 <-- 6.349112 s
currentSize : 57 <-- 6.378081 s
currentSize : 58 <-- 6.378153 s
currentSize : 59 <-- 11.393568 s
currentSize : 60 <-- 11.454214 s
currentSize : 61 <-- 11.454354 s
currentSize : 64 <-- 11.456201 s

maxsize : 64
nodes : 3627073.000000
filtered : 14905101.000000
time : 17.356005
