Parameters: GAD=1 vflib=1 dir=0 label=1 lowerbound=1 fileNameGp=../graphsdb/mcs70/rand/r01/mcs70_r01_s100.A55 fileNameGt=../graphsdb/mcs70/rand/r01/mcs70_r01_s100.B55
Reading graphs...
100 :  939
100 :  943
Initializing...
maxdom : 9
D->valSize : 382
Solving...
Blb : 2 (clique : 46)
currentSize : 46 <-- 0.005039 s
currentSize : 47 <-- 0.009503 s
currentSize : 48 <-- 0.009993 s
currentSize : 63 <-- 0.037028 s
currentSize : 65 <-- 0.037662 s

maxsize : 65
nodes : 55785.000000
filtered : 313420.000000
time : 0.323971
