Parameters: GAD=1 vflib=1 dir=0 label=1 lowerbound=1 fileNameGp=../graphsdb/mcs70/bvg/b06/mcs70_b06_s25.A82 fileNameGt=../graphsdb/mcs70/bvg/b06/mcs70_b06_s25.B82
Reading graphs...
25 :  75
25 :  74
Initializing...
maxdom : 12
D->valSize : 187
Solving...
Blb : 5 (clique : 8)
currentSize : 8 <-- 0.000953 s
currentSize : 10 <-- 0.002397 s
currentSize : 12 <-- 0.003216 s
currentSize : 13 <-- 0.003402 s
currentSize : 15 <-- 0.003571 s
currentSize : 17 <-- 0.003627 s

maxsize : 17
nodes : 1055.000000
filtered : 13003.000000
time : 0.004045
