Parameters: GAD=1 vflib=1 dir=0 label=1 lowerbound=1 fileNameGp=../graphsdb/mcs70/bvg/b03m/mcs70_b03m_s25.A13 fileNameGt=../graphsdb/mcs70/bvg/b03m/mcs70_b03m_s25.B13
Reading graphs...
25 :  37
25 :  37
Initializing...
maxdom : 9
D->valSize : 181
Solving...
Blb : 2 (clique : 12)
currentSize : 12 <-- 0.001349 s
currentSize : 14 <-- 0.001674 s
currentSize : 15 <-- 0.005956 s
currentSize : 16 <-- 0.007791 s
currentSize : 17 <-- 0.008303 s

maxsize : 17
nodes : 4026.000000
filtered : 38605.000000
time : 0.019472
