Parameters: GAD=1 vflib=1 dir=0 label=1 lowerbound=1 fileNameGp=../graphsdb/mcs70/m2D/m2Dr4/mcs70_m2Dr4_s90.A02 fileNameGt=../graphsdb/mcs70/m2D/m2Dr4/mcs70_m2Dr4_s90.B02
Reading graphs...
90 :  195
90 :  194
Initializing...
maxdom : 9
D->valSize : 582
Solving...
Blb : 2 (clique : 43)
currentSize : 43 <-- 0.007119 s
currentSize : 46 <-- 0.007567 s
currentSize : 49 <-- 0.063204 s
currentSize : 50 <-- 0.063306 s
currentSize : 52 <-- 5.426397 s
currentSize : 53 <-- 5.426489 s
currentSize : 55 <-- 5.451594 s
currentSize : 56 <-- 5.451750 s
currentSize : 57 <-- 5.630851 s
currentSize : 59 <-- 15.254194 s
currentSize : 62 <-- 15.254333 s
currentSize : 63 <-- 15.292124 s

maxsize : 63
nodes : 446670391.000000
filtered : 2261638951.000000
time : 2258.712646
