Parameters: GAD=1 vflib=1 dir=0 label=1 lowerbound=1 fileNameGp=../graphsdb/mcs70/bvg/b06m/mcs70_b06m_s50.A65 fileNameGt=../graphsdb/mcs70/bvg/b06m/mcs70_b06m_s50.B65
Reading graphs...
50 :  148
50 :  149
Initializing...
maxdom : 8
D->valSize : 328
Solving...
Blb : 3 (clique : 21)
currentSize : 21 <-- 0.002378 s
currentSize : 24 <-- 0.002492 s
currentSize : 28 <-- 0.002546 s
currentSize : 29 <-- 0.002616 s
currentSize : 31 <-- 0.002722 s
currentSize : 32 <-- 0.002781 s
currentSize : 34 <-- 0.114697 s

maxsize : 34
nodes : 81294.000000
filtered : 572311.000000
time : 0.301816
