Parameters: GAD=1 vflib=1 dir=0 label=1 lowerbound=1 fileNameGp=../graphsdb/mcs70/m2D/m2Dr4/mcs70_m2Dr4_s100.A54 fileNameGt=../graphsdb/mcs70/m2D/m2Dr4/mcs70_m2Dr4_s100.B54
Reading graphs...
100 :  219
100 :  218
Initializing...
maxdom : 7
D->valSize : 359
Solving...
Blb : 3 (clique : 49)
currentSize : 49 <-- 0.003887 s
currentSize : 50 <-- 0.004301 s
currentSize : 51 <-- 0.004504 s
currentSize : 52 <-- 0.005146 s
currentSize : 53 <-- 0.005611 s
currentSize : 55 <-- 0.005801 s
currentSize : 56 <-- 0.006726 s
currentSize : 60 <-- 0.007430 s
currentSize : 62 <-- 0.007564 s
currentSize : 63 <-- 2.019196 s

maxsize : 63
nodes : 144575001.000000
filtered : 700318390.000000
time : 871.892883
