Parameters: GAD=1 vflib=1 dir=0 label=1 lowerbound=1 fileNameGp=../graphsdb/mcs70/m2D/m2Dr4/mcs70_m2Dr4_s100.A32 fileNameGt=../graphsdb/mcs70/m2D/m2Dr4/mcs70_m2Dr4_s100.B32
Reading graphs...
100 :  219
100 :  217
Initializing...
maxdom : 8
D->valSize : 405
Solving...
Blb : 2 (clique : 48)
currentSize : 48 <-- 0.004593 s
currentSize : 52 <-- 0.036820 s
currentSize : 53 <-- 0.053487 s
currentSize : 54 <-- 0.062126 s
currentSize : 55 <-- 4.388849 s
currentSize : 56 <-- 4.413304 s
currentSize : 57 <-- 4.674652 s
currentSize : 58 <-- 2233.119629 s

TIMEOUT
maxsize : 58
nodes : 653394445.000000
filtered : 2914652070.000000
time : 3600.000000
