Parameters: GAD=1 vflib=1 dir=0 label=1 lowerbound=1 fileNameGp=../graphsdb/mcs70/m2D/m2Dr6/mcs70_m2Dr6_s50.A45 fileNameGt=../graphsdb/mcs70/m2D/m2Dr6/mcs70_m2Dr6_s50.B45
Reading graphs...
50 :  113
50 :  110
Initializing...
maxdom : 8
D->valSize : 331
Solving...
Blb : 2 (clique : 28)
currentSize : 28 <-- 0.003996 s
currentSize : 30 <-- 0.005979 s
currentSize : 31 <-- 0.006024 s
currentSize : 33 <-- 0.006108 s
currentSize : 34 <-- 0.006166 s

maxsize : 34
nodes : 75406.000000
filtered : 638746.000000
time : 0.425423
