Parameters: GAD=1 vflib=1 dir=0 label=1 lowerbound=1 fileNameGp=../graphsdb/mcs70/m2D/m2Dr6/mcs70_m2Dr6_s40.A07 fileNameGt=../graphsdb/mcs70/m2D/m2Dr6/mcs70_m2Dr6_s40.B07
Reading graphs...
40 :  90
40 :  86
Initializing...
maxdom : 6
D->valSize : 210
Solving...
Blb : 3 (clique : 14)
currentSize : 14 <-- 0.001270 s
currentSize : 18 <-- 0.001979 s
currentSize : 19 <-- 0.081927 s
currentSize : 20 <-- 0.198163 s
currentSize : 21 <-- 0.198191 s
currentSize : 22 <-- 0.198201 s
currentSize : 23 <-- 0.198618 s
currentSize : 25 <-- 0.198930 s

maxsize : 25
nodes : 126304.000000
filtered : 658600.000000
time : 0.371784
