Parameters: GAD=1 vflib=1 dir=0 label=1 lowerbound=1 fileNameGp=../graphsdb/mcs70/bvg/b06/mcs70_b06_s80.A30 fileNameGt=../graphsdb/mcs70/bvg/b06/mcs70_b06_s80.B30
Reading graphs...
80 :  240
80 :  240
Initializing...
maxdom : 8
D->valSize : 427
Solving...
Blb : 2 (clique : 33)
currentSize : 33 <-- 0.006942 s
currentSize : 38 <-- 0.007482 s
currentSize : 39 <-- 0.008805 s
currentSize : 40 <-- 0.009200 s
currentSize : 41 <-- 0.023298 s
currentSize : 43 <-- 5.395339 s
currentSize : 45 <-- 5.395571 s
currentSize : 47 <-- 5.396241 s
currentSize : 49 <-- 7.948413 s
currentSize : 50 <-- 7.948938 s
currentSize : 52 <-- 7.949160 s
currentSize : 54 <-- 7.958556 s
currentSize : 55 <-- 8.655172 s
currentSize : 56 <-- 8.655277 s

maxsize : 56
nodes : 3352828.000000
filtered : 22443278.000000
time : 17.875526
