Parameters: GAD=1 vflib=1 dir=0 label=1 lowerbound=1 fileNameGp=../graphsdb/mcs70/bvg/b09/mcs70_b09_s60.A55 fileNameGt=../graphsdb/mcs70/bvg/b09/mcs70_b09_s60.B55
Reading graphs...
60 :  267
60 :  270
Initializing...
maxdom : 9
D->valSize : 266
Solving...
Blb : 3 (clique : 14)
currentSize : 14 <-- 0.001884 s
currentSize : 17 <-- 0.004452 s
currentSize : 18 <-- 0.006730 s
currentSize : 22 <-- 0.011382 s
currentSize : 23 <-- 0.030290 s
currentSize : 24 <-- 0.030343 s
currentSize : 29 <-- 0.198940 s
currentSize : 30 <-- 0.199387 s
currentSize : 37 <-- 0.199937 s
currentSize : 40 <-- 0.200025 s
currentSize : 42 <-- 0.200905 s

maxsize : 42
nodes : 65281.000000
filtered : 393708.000000
time : 0.261662
