Parameters: GAD=1 vflib=1 dir=0 label=1 lowerbound=1 fileNameGp=../graphsdb/mcs70/rand/r01/mcs70_r01_s50.A23 fileNameGt=../graphsdb/mcs70/rand/r01/mcs70_r01_s50.B23
Reading graphs...
50 :  231
50 :  232
Initializing...
maxdom : 10
D->valSize : 338
Solving...
Blb : 2 (clique : 18)
currentSize : 18 <-- 0.002684 s
currentSize : 19 <-- 0.002877 s
currentSize : 20 <-- 0.002900 s
currentSize : 27 <-- 0.026780 s
currentSize : 32 <-- 0.056093 s

maxsize : 32
nodes : 16478.000000
filtered : 257600.000000
time : 0.081448
