Parameters: GAD=1 vflib=1 dir=0 label=1 lowerbound=1 fileNameGp=../graphsdb/mcs70/rand/r01/mcs70_r01_s80.A67 fileNameGt=../graphsdb/mcs70/rand/r01/mcs70_r01_s80.B67
Reading graphs...
80 :  594
80 :  604
Initializing...
maxdom : 9
D->valSize : 465
Solving...
Blb : 2 (clique : 16)
currentSize : 16 <-- 0.007931 s
currentSize : 19 <-- 0.008216 s
currentSize : 24 <-- 0.008508 s
currentSize : 26 <-- 0.008806 s
currentSize : 27 <-- 0.009158 s
currentSize : 35 <-- 0.009324 s
currentSize : 37 <-- 0.035615 s
currentSize : 50 <-- 0.036166 s
currentSize : 52 <-- 0.036637 s

maxsize : 52
nodes : 50142.000000
filtered : 483347.000000
time : 0.281257
