Parameters: GAD=1 vflib=1 dir=0 label=1 lowerbound=1 fileNameGp=../graphsdb/mcs70/bvg/b06/mcs70_b06_s90.A38 fileNameGt=../graphsdb/mcs70/bvg/b06/mcs70_b06_s90.B38
Reading graphs...
90 :  268
90 :  270
Initializing...
maxdom : 8
D->valSize : 553
Solving...
Blb : 2 (clique : 42)
currentSize : 42 <-- 0.010967 s
currentSize : 43 <-- 0.030652 s
currentSize : 44 <-- 0.128115 s
currentSize : 45 <-- 0.144234 s
currentSize : 50 <-- 1.227954 s
currentSize : 51 <-- 1.228246 s
currentSize : 52 <-- 2498.100342 s
currentSize : 53 <-- 2498.101074 s
currentSize : 54 <-- 2498.101074 s
currentSize : 55 <-- 2498.137451 s
currentSize : 56 <-- 2498.137695 s
currentSize : 57 <-- 2499.802734 s
currentSize : 58 <-- 2499.802979 s
currentSize : 59 <-- 2499.803467 s
currentSize : 60 <-- 2499.809326 s
currentSize : 61 <-- 2499.837646 s
currentSize : 62 <-- 2499.837891 s
currentSize : 63 <-- 2499.842529 s

TIMEOUT
maxsize : 63
nodes : 665120282.000000
filtered : 4601865096.000000
time : 3600.000000
