Parameters: GAD=1 vflib=1 dir=0 label=1 lowerbound=1 fileNameGp=../graphsdb/mcs70/bvg/b06/mcs70_b06_s80.A66 fileNameGt=../graphsdb/mcs70/bvg/b06/mcs70_b06_s80.B66
Reading graphs...
80 :  239
80 :  238
Initializing...
maxdom : 9
D->valSize : 445
Solving...
Blb : 3 (clique : 22)
currentSize : 22 <-- 0.004479 s
currentSize : 23 <-- 0.005385 s
currentSize : 28 <-- 0.018998 s
currentSize : 29 <-- 0.026946 s
currentSize : 32 <-- 1.004524 s
currentSize : 33 <-- 1.019889 s
currentSize : 34 <-- 1.031169 s
currentSize : 36 <-- 4.816918 s
currentSize : 37 <-- 4.817736 s
currentSize : 38 <-- 18.364300 s
currentSize : 41 <-- 18.364773 s
currentSize : 42 <-- 18.364887 s
currentSize : 45 <-- 19.273436 s
currentSize : 46 <-- 19.273581 s
currentSize : 52 <-- 20.677055 s
currentSize : 56 <-- 28.684349 s
currentSize : 57 <-- 28.684652 s

maxsize : 57
nodes : 7032627.000000
filtered : 39468994.000000
time : 33.073879
