Parameters: GAD=1 vflib=1 dir=0 label=1 lowerbound=1 fileNameGp=../graphsdb/mcs70/rand/r005/mcs70_r005_s70.A40 fileNameGt=../graphsdb/mcs70/rand/r005/mcs70_r005_s70.B40
Reading graphs...
70 :  235
70 :  236
Initializing...
maxdom : 10
D->valSize : 363
Solving...
Blb : 2 (clique : 18)
currentSize : 18 <-- 0.003072 s
currentSize : 19 <-- 0.003224 s
currentSize : 20 <-- 0.006390 s
currentSize : 21 <-- 0.006425 s
currentSize : 22 <-- 0.014807 s
currentSize : 23 <-- 0.014840 s
currentSize : 24 <-- 0.019196 s
currentSize : 25 <-- 0.022341 s
currentSize : 27 <-- 0.022393 s
currentSize : 28 <-- 0.035309 s
currentSize : 29 <-- 0.054008 s
currentSize : 31 <-- 0.054123 s
currentSize : 33 <-- 0.067428 s
currentSize : 34 <-- 0.227307 s
currentSize : 37 <-- 0.243078 s
currentSize : 41 <-- 0.244372 s
currentSize : 46 <-- 0.337579 s
currentSize : 49 <-- 0.337783 s

maxsize : 49
nodes : 79449.000000
filtered : 623731.000000
time : 0.370045
