Parameters: GAD=1 vflib=1 dir=0 label=1 lowerbound=1 fileNameGp=../graphsdb/mcs70/m2D/m2Dr4/mcs70_m2Dr4_s90.A48 fileNameGt=../graphsdb/mcs70/m2D/m2Dr4/mcs70_m2Dr4_s90.B48
Reading graphs...
90 :  197
90 :  196
Initializing...
maxdom : 10
D->valSize : 561
Solving...
Blb : 3 (clique : 51)
currentSize : 51 <-- 0.006785 s
currentSize : 52 <-- 49.998032 s
currentSize : 54 <-- 190.485382 s
currentSize : 56 <-- 486.914062 s
currentSize : 59 <-- 491.029755 s
currentSize : 64 <-- 491.723816 s

maxsize : 64
nodes : 120808267.000000
filtered : 852441502.000000
time : 679.118774
