Parameters: GAD=1 vflib=1 dir=0 label=1 lowerbound=1 fileNameGp=../graphsdb/mcs70/bvg/b06/mcs70_b06_s50.A81 fileNameGt=../graphsdb/mcs70/bvg/b06/mcs70_b06_s50.B81
Reading graphs...
50 :  150
50 :  150
Initializing...
maxdom : 12
D->valSize : 399
Solving...
Blb : 5 (clique : 15)
currentSize : 15 <-- 0.003357 s
currentSize : 24 <-- 0.003478 s
currentSize : 25 <-- 0.003549 s
currentSize : 32 <-- 0.053388 s
currentSize : 35 <-- 0.053468 s

maxsize : 35
nodes : 10597.000000
filtered : 195112.000000
time : 0.065239
