Parameters: GAD=1 vflib=1 dir=0 label=1 lowerbound=1 fileNameGp=../graphsdb/mcs70/rand/r01/mcs70_r01_s80.A56 fileNameGt=../graphsdb/mcs70/rand/r01/mcs70_r01_s80.B56
Reading graphs...
80 :  603
80 :  602
Initializing...
maxdom : 9
D->valSize : 491
Solving...
Blb : 3 (clique : 19)
currentSize : 19 <-- 0.007668 s
currentSize : 20 <-- 0.064618 s
currentSize : 21 <-- 0.064705 s
currentSize : 22 <-- 0.251771 s
currentSize : 29 <-- 0.251941 s
currentSize : 51 <-- 0.540811 s

maxsize : 51
nodes : 124645.000000
filtered : 1807398.000000
time : 0.762664
