Parameters: GAD=1 vflib=1 dir=0 label=1 lowerbound=1 fileNameGp=../graphsdb/mcs70/bvg/b06/mcs70_b06_s100.A53 fileNameGt=../graphsdb/mcs70/bvg/b06/mcs70_b06_s100.B53
Reading graphs...
100 :  297
100 :  300
Initializing...
maxdom : 8
D->valSize : 355
Solving...
Blb : 2 (clique : 41)
currentSize : 41 <-- 0.003804 s
currentSize : 42 <-- 0.030403 s
currentSize : 43 <-- 0.031009 s
currentSize : 44 <-- 0.055489 s
currentSize : 47 <-- 0.058745 s
currentSize : 49 <-- 0.245127 s
currentSize : 51 <-- 0.825231 s
currentSize : 52 <-- 2.389299 s
currentSize : 53 <-- 2.780998 s
currentSize : 55 <-- 2.781173 s
currentSize : 57 <-- 2.791900 s
currentSize : 58 <-- 6.892517 s
currentSize : 59 <-- 23.603966 s
currentSize : 61 <-- 23.604156 s
currentSize : 63 <-- 23.609440 s
currentSize : 64 <-- 23.638952 s
currentSize : 66 <-- 77.795631 s
currentSize : 68 <-- 79.832382 s
currentSize : 70 <-- 79.832733 s

maxsize : 70
nodes : 25137500.000000
filtered : 108643329.000000
time : 137.597870
