Parameters: GAD=1 vflib=1 dir=0 label=1 lowerbound=1 fileNameGp=../graphsdb/mcs70/rand/r02/mcs70_r02_s90.A11 fileNameGt=../graphsdb/mcs70/rand/r02/mcs70_r02_s90.B11
Reading graphs...
90 :  1444
90 :  1435
Initializing...
maxdom : 10
D->valSize : 584
Solving...
Blb : 2 (clique : 24)
currentSize : 24 <-- 0.006415 s
currentSize : 42 <-- 0.006997 s
currentSize : 43 <-- 0.010447 s
currentSize : 44 <-- 0.023205 s
currentSize : 45 <-- 0.224205 s
currentSize : 46 <-- 0.240130 s
currentSize : 47 <-- 2.045807 s
currentSize : 48 <-- 2.064859 s

maxsize : 48
nodes : 1670143.000000
filtered : 1165337.000000
time : 6.277586
