Parameters: GAD=1 vflib=1 dir=0 label=1 lowerbound=1 fileNameGp=../graphsdb/mcs70/m3D/m3Dr2/mcs70_m3Dr2_s40.A10 fileNameGt=../graphsdb/mcs70/m3D/m3Dr2/mcs70_m3Dr2_s40.B10
Reading graphs...
40 :  91
40 :  91
Initializing...
maxdom : 7
D->valSize : 214
Solving...
Blb : 2 (clique : 16)
currentSize : 16 <-- 0.001260 s
currentSize : 17 <-- 0.001396 s
currentSize : 18 <-- 0.016511 s
currentSize : 19 <-- 0.031676 s
currentSize : 21 <-- 0.042752 s
currentSize : 22 <-- 0.042832 s
currentSize : 26 <-- 0.082845 s
currentSize : 27 <-- 0.083013 s

maxsize : 27
nodes : 30694.000000
filtered : 249272.000000
time : 0.110584
