Parameters: GAD=1 vflib=1 dir=0 label=1 lowerbound=1 fileNameGp=../graphsdb/mcs70/rand/r005/mcs70_r005_s35.A44 fileNameGt=../graphsdb/mcs70/rand/r005/mcs70_r005_s35.B44
Reading graphs...
35 :  57
35 :  56
Initializing...
maxdom : 7
D->valSize : 183
Solving...
Blb : 2 (clique : 17)
currentSize : 17 <-- 0.001047 s
currentSize : 18 <-- 0.001393 s
currentSize : 19 <-- 0.001513 s
currentSize : 20 <-- 0.012999 s
currentSize : 21 <-- 0.015081 s
currentSize : 24 <-- 0.017642 s

maxsize : 24
nodes : 5940.000000
filtered : 49955.000000
time : 0.019478
