Parameters: GAD=1 vflib=1 dir=0 label=1 lowerbound=1 fileNameGp=../graphsdb/mcs70/m3D/m3Dr4/mcs70_m3Dr4_s35.A24 fileNameGt=../graphsdb/mcs70/m3D/m3Dr4/mcs70_m3Dr4_s35.B24
Reading graphs...
35 :  84
35 :  82
Initializing...
maxdom : 6
D->valSize : 162
Solving...
Blb : 2 (clique : 19)
currentSize : 19 <-- 0.000964 s
currentSize : 20 <-- 0.001745 s
currentSize : 22 <-- 0.002206 s
currentSize : 24 <-- 0.002929 s
currentSize : 27 <-- 0.003008 s

maxsize : 27
nodes : 777.000000
filtered : 7681.000000
time : 0.003584
