Parameters: GAD=1 vflib=1 dir=0 label=1 lowerbound=1 fileNameGp=../graphsdb/mcs70/bvg/b03/mcs70_b03_s40.A83 fileNameGt=../graphsdb/mcs70/bvg/b03/mcs70_b03_s40.B83
Reading graphs...
40 :  60
40 :  60
Initializing...
maxdom : 9
D->valSize : 234
Solving...
Blb : 2 (clique : 22)
currentSize : 22 <-- 0.001512 s
currentSize : 23 <-- 0.001696 s
currentSize : 24 <-- 0.001871 s
currentSize : 25 <-- 0.002120 s
currentSize : 26 <-- 0.003083 s
currentSize : 28 <-- 0.013861 s
currentSize : 29 <-- 0.014069 s

maxsize : 29
nodes : 7124.000000
filtered : 42804.000000
time : 0.024982
