Parameters: GAD=1 vflib=1 dir=0 label=1 lowerbound=1 fileNameGp=../graphsdb/mcs70/rand/r02/mcs70_r02_s100.A76 fileNameGt=../graphsdb/mcs70/rand/r02/mcs70_r02_s100.B76
Reading graphs...
100 :  1759
100 :  1750
Initializing...
maxdom : 5
D->valSize : 357
Solving...
Blb : 3 (clique : 24)
currentSize : 24 <-- 0.003744 s
currentSize : 25 <-- 0.004029 s
currentSize : 27 <-- 0.021078 s
currentSize : 28 <-- 0.021850 s
currentSize : 29 <-- 0.030985 s
currentSize : 30 <-- 0.032292 s
currentSize : 45 <-- 0.051538 s
currentSize : 46 <-- 0.052681 s
currentSize : 47 <-- 0.482111 s
currentSize : 48 <-- 18.665955 s

maxsize : 48
nodes : 32576860.000000
filtered : 18447671.000000
time : 133.889618
