Parameters: GAD=1 vflib=1 dir=0 label=1 lowerbound=1 fileNameGp=../graphsdb/mcs70/m2D/m2Dr2/mcs70_m2Dr2_s70.A45 fileNameGt=../graphsdb/mcs70/m2D/m2Dr2/mcs70_m2Dr2_s70.B45
Reading graphs...
70 :  137
70 :  136
Initializing...
maxdom : 10
D->valSize : 406
Solving...
Blb : 2 (clique : 41)
currentSize : 41 <-- 0.003798 s
currentSize : 43 <-- 0.004038 s
currentSize : 44 <-- 0.004171 s
currentSize : 46 <-- 0.004243 s
currentSize : 48 <-- 0.006008 s
currentSize : 49 <-- 1.009103 s

maxsize : 49
nodes : 2386268.000000
filtered : 13756783.000000
time : 10.460130
