Parameters: GAD=1 vflib=1 dir=0 label=1 lowerbound=1 fileNameGp=../graphsdb/mcs70/bvg/b06/mcs70_b06_s70.A41 fileNameGt=../graphsdb/mcs70/bvg/b06/mcs70_b06_s70.B41
Reading graphs...
70 :  209
70 :  210
Initializing...
maxdom : 10
D->valSize : 379
Solving...
Blb : 2 (clique : 29)
currentSize : 29 <-- 0.003252 s
currentSize : 31 <-- 0.005315 s
currentSize : 34 <-- 0.005381 s
currentSize : 35 <-- 0.006967 s
currentSize : 37 <-- 1.342605 s
currentSize : 38 <-- 1.351905 s
currentSize : 39 <-- 1.351974 s
currentSize : 40 <-- 2.136706 s
currentSize : 41 <-- 2.136898 s
currentSize : 45 <-- 3.605119 s
currentSize : 49 <-- 3.605250 s

maxsize : 49
nodes : 1067696.000000
filtered : 8108068.000000
time : 5.177585
