Parameters: GAD=1 vflib=1 dir=0 label=1 lowerbound=1 fileNameGp=../graphsdb/mcs70/bvg/b06/mcs70_b06_s90.A24 fileNameGt=../graphsdb/mcs70/bvg/b06/mcs70_b06_s90.B24
Reading graphs...
90 :  269
90 :  267
Initializing...
maxdom : 10
D->valSize : 542
Solving...
Blb : 2 (clique : 36)
currentSize : 36 <-- 0.010504 s
currentSize : 43 <-- 0.010975 s
currentSize : 44 <-- 0.011096 s
currentSize : 48 <-- 0.014993 s
currentSize : 49 <-- 0.015185 s
currentSize : 51 <-- 0.064787 s
currentSize : 52 <-- 0.064907 s
currentSize : 53 <-- 0.065108 s
currentSize : 54 <-- 0.066238 s
currentSize : 55 <-- 71.854240 s
currentSize : 56 <-- 71.854515 s
currentSize : 57 <-- 1231.111572 s
currentSize : 58 <-- 1231.111694 s
currentSize : 59 <-- 1231.111816 s
currentSize : 62 <-- 1285.921509 s
currentSize : 63 <-- 1285.921631 s

maxsize : 63
nodes : 264625132.000000
filtered : 1923411832.000000
time : 1513.281006
