Parameters: GAD=1 vflib=1 dir=0 label=1 lowerbound=1 fileNameGp=../graphsdb/mcs70/rand/r005/mcs70_r005_s60.A64 fileNameGt=../graphsdb/mcs70/rand/r005/mcs70_r005_s60.B64
Reading graphs...
60 :  174
60 :  170
Initializing...
maxdom : 8
D->valSize : 259
Solving...
Blb : 3 (clique : 23)
currentSize : 23 <-- 0.002971 s
currentSize : 24 <-- 0.004863 s
currentSize : 26 <-- 0.005251 s
currentSize : 27 <-- 0.005770 s
currentSize : 28 <-- 0.006930 s
currentSize : 29 <-- 0.008012 s
currentSize : 30 <-- 0.043244 s
currentSize : 32 <-- 0.043333 s
currentSize : 33 <-- 0.084598 s
currentSize : 35 <-- 0.085190 s
currentSize : 36 <-- 0.085302 s
currentSize : 37 <-- 0.131466 s
currentSize : 40 <-- 0.131725 s

maxsize : 40
nodes : 42852.000000
filtered : 307949.000000
time : 0.289641
