Parameters: GAD=1 vflib=1 dir=0 label=1 lowerbound=1 fileNameGp=../graphsdb/mcs70/m2D/m2Dr4/mcs70_m2Dr4_s50.A53 fileNameGt=../graphsdb/mcs70/m2D/m2Dr4/mcs70_m2Dr4_s50.B53
Reading graphs...
50 :  104
50 :  105
Initializing...
maxdom : 10
D->valSize : 359
Solving...
Blb : 2 (clique : 17)
currentSize : 17 <-- 0.002656 s
currentSize : 18 <-- 0.002819 s
currentSize : 19 <-- 0.007093 s
currentSize : 20 <-- 0.197267 s
currentSize : 21 <-- 0.445095 s
currentSize : 22 <-- 0.502381 s
currentSize : 23 <-- 0.502571 s
currentSize : 24 <-- 1.021520 s
currentSize : 25 <-- 2.036879 s
currentSize : 26 <-- 2.037804 s
currentSize : 27 <-- 3.163673 s
currentSize : 28 <-- 3.306403 s
currentSize : 29 <-- 3.649002 s
currentSize : 30 <-- 3.649041 s
currentSize : 31 <-- 4.237617 s
currentSize : 33 <-- 5.379705 s
currentSize : 34 <-- 5.379746 s
currentSize : 35 <-- 5.379824 s
currentSize : 36 <-- 5.380197 s

maxsize : 36
nodes : 1434186.000000
filtered : 13588478.000000
time : 5.728908
