Parameters: GAD=1 vflib=1 dir=0 label=1 lowerbound=1 fileNameGp=../graphsdb/mcs70/m2D/m2Dr2/mcs70_m2Dr2_s70.A80 fileNameGt=../graphsdb/mcs70/m2D/m2Dr2/mcs70_m2Dr2_s70.B80
Reading graphs...
70 :  136
70 :  136
Initializing...
maxdom : 8
D->valSize : 349
Solving...
Blb : 2 (clique : 43)
currentSize : 43 <-- 0.005083 s
currentSize : 46 <-- 0.005764 s
currentSize : 47 <-- 0.005991 s
currentSize : 49 <-- 0.007042 s
currentSize : 50 <-- 0.174453 s

maxsize : 50
nodes : 87524.000000
filtered : 469891.000000
time : 0.593435
