Parameters: GAD=1 vflib=1 dir=0 label=1 lowerbound=1 fileNameGp=../graphsdb/mcs70/m2D/m2D/mcs70_m2D_s25.A18 fileNameGt=../graphsdb/mcs70/m2D/m2D/mcs70_m2D_s25.B18
Reading graphs...
25 :  40
25 :  40
Initializing...
maxdom : 8
D->valSize : 160
Solving...
Blb : 5 (clique : 11)
currentSize : 11 <-- 0.000786 s
currentSize : 12 <-- 0.000839 s
currentSize : 13 <-- 0.000950 s
currentSize : 14 <-- 0.002582 s
currentSize : 15 <-- 0.004647 s
currentSize : 16 <-- 0.004662 s
currentSize : 17 <-- 0.005060 s

maxsize : 17
nodes : 3313.000000
filtered : 28082.000000
time : 0.010048
