Parameters: GAD=1 vflib=1 dir=0 label=1 lowerbound=1 fileNameGp=../graphsdb/mcs70/rand/r005/mcs70_r005_s100.A44 fileNameGt=../graphsdb/mcs70/rand/r005/mcs70_r005_s100.B44
Reading graphs...
100 :  488
100 :  484
Initializing...
maxdom : 6
D->valSize : 355
Solving...
Blb : 2 (clique : 21)
currentSize : 21 <-- 0.004040 s
currentSize : 22 <-- 0.014329 s
currentSize : 23 <-- 0.020337 s
currentSize : 24 <-- 0.035952 s
currentSize : 25 <-- 0.239022 s
currentSize : 27 <-- 0.306238 s
currentSize : 29 <-- 0.520881 s
currentSize : 30 <-- 0.525278 s
currentSize : 32 <-- 0.973012 s
currentSize : 34 <-- 0.974062 s
currentSize : 35 <-- 1.480623 s
currentSize : 38 <-- 1.480700 s
currentSize : 39 <-- 2.194940 s
currentSize : 41 <-- 2.331535 s
currentSize : 45 <-- 2.335338 s
currentSize : 46 <-- 2.673997 s
currentSize : 53 <-- 2.674283 s
currentSize : 59 <-- 2.805442 s
currentSize : 61 <-- 2.877114 s
currentSize : 68 <-- 2.877419 s

maxsize : 68
nodes : 557844.000000
filtered : 2851709.000000
time : 3.066027
