Parameters: GAD=1 vflib=1 dir=0 label=1 lowerbound=1 fileNameGp=../graphsdb/mcs70/bvg/b09m/mcs70_b09m_s100.A95 fileNameGt=../graphsdb/mcs70/bvg/b09m/mcs70_b09m_s100.B95
Reading graphs...
100 :  446
100 :  449
Initializing...
maxdom : 7
D->valSize : 367
Solving...
Blb : 3 (clique : 45)
currentSize : 45 <-- 0.006161 s
currentSize : 53 <-- 0.009704 s
currentSize : 56 <-- 0.296179 s
currentSize : 64 <-- 2.069658 s
currentSize : 70 <-- 2.157277 s

maxsize : 70
nodes : 392396.000000
filtered : 2356759.000000
time : 2.390738
