Parameters: GAD=1 vflib=1 dir=0 label=1 lowerbound=1 fileNameGp=../graphsdb/mcs70/bvg/b06m/mcs70_b06m_s25.A18 fileNameGt=../graphsdb/mcs70/bvg/b06m/mcs70_b06m_s25.B18
Reading graphs...
25 :  71
25 :  70
Initializing...
maxdom : 8
D->valSize : 158
Solving...
Blb : 5 (clique : 8)
currentSize : 8 <-- 0.000824 s
currentSize : 9 <-- 0.001419 s
currentSize : 11 <-- 0.005189 s
currentSize : 12 <-- 0.007617 s
currentSize : 14 <-- 0.007651 s
currentSize : 16 <-- 0.008834 s

maxsize : 16
nodes : 3408.000000
filtered : 32902.000000
time : 0.010315
