Parameters: GAD=1 vflib=1 dir=0 label=1 lowerbound=1 fileNameGp=../graphsdb/mcs70/bvg/b03/mcs70_b03_s70.A37 fileNameGt=../graphsdb/mcs70/bvg/b03/mcs70_b03_s70.B37
Reading graphs...
70 :  105
70 :  105
Initializing...
maxdom : 11
D->valSize : 372
Solving...
Blb : 2 (clique : 34)
currentSize : 34 <-- 0.005538 s
currentSize : 35 <-- 0.009003 s
currentSize : 36 <-- 0.010148 s
currentSize : 37 <-- 0.022151 s
currentSize : 38 <-- 0.022678 s
currentSize : 39 <-- 0.022990 s
currentSize : 40 <-- 0.023414 s
currentSize : 42 <-- 0.039899 s
currentSize : 43 <-- 0.100116 s
currentSize : 46 <-- 0.100292 s
currentSize : 49 <-- 0.138364 s

maxsize : 49
nodes : 564864.000000
filtered : 3072160.000000
time : 2.705855
