Parameters: GAD=1 vflib=1 dir=0 label=1 lowerbound=1 fileNameGp=../graphsdb/mcs70/bvg/b09/mcs70_b09_s60.A19 fileNameGt=../graphsdb/mcs70/bvg/b09/mcs70_b09_s60.B19
Reading graphs...
60 :  269
60 :  268
Initializing...
maxdom : 7
D->valSize : 278
Solving...
Blb : 2 (clique : 22)
currentSize : 22 <-- 0.003379 s
currentSize : 24 <-- 0.003614 s
currentSize : 25 <-- 0.010345 s
currentSize : 33 <-- 0.024281 s
currentSize : 35 <-- 0.024379 s
currentSize : 39 <-- 0.093930 s
currentSize : 42 <-- 0.096024 s

maxsize : 42
nodes : 35973.000000
filtered : 167838.000000
time : 0.140941
