Parameters: GAD=1 vflib=1 dir=0 label=1 lowerbound=1 fileNameGp=../graphsdb/mcs70/bvg/b09m/mcs70_b09m_s30.A56 fileNameGt=../graphsdb/mcs70/bvg/b09m/mcs70_b09m_s30.B56
Reading graphs...
30 :  130
30 :  130
Initializing...
maxdom : 6
D->valSize : 131
Solving...
Blb : 2 (clique : 8)
currentSize : 8 <-- 0.000709 s
currentSize : 11 <-- 0.000824 s
currentSize : 14 <-- 0.000933 s
currentSize : 17 <-- 0.001582 s
currentSize : 18 <-- 0.001649 s

maxsize : 18
nodes : 777.000000
filtered : 6190.000000
time : 0.002924
