Parameters: GAD=1 vflib=1 dir=0 label=1 lowerbound=1 fileNameGp=../graphsdb/mcs70/bvg/b09m/mcs70_b09m_s80.A94 fileNameGt=../graphsdb/mcs70/bvg/b09m/mcs70_b09m_s80.B94
Reading graphs...
80 :  349
80 :  352
Initializing...
maxdom : 11
D->valSize : 513
Solving...
Blb : 2 (clique : 36)
currentSize : 36 <-- 0.008718 s
currentSize : 39 <-- 0.010333 s
currentSize : 43 <-- 0.013816 s
currentSize : 45 <-- 0.023493 s
currentSize : 46 <-- 0.024708 s
currentSize : 50 <-- 0.044102 s
currentSize : 53 <-- 0.049995 s
currentSize : 54 <-- 0.050448 s

maxsize : 54
nodes : 764298.000000
filtered : 4755272.000000
time : 3.771700
