Parameters: GAD=1 vflib=1 dir=0 label=1 lowerbound=1 fileNameGp=../graphsdb/mcs70/m2D/m2Dr6/mcs70_m2Dr6_s50.A36 fileNameGt=../graphsdb/mcs70/m2D/m2Dr6/mcs70_m2Dr6_s50.B36
Reading graphs...
50 :  115
50 :  112
Initializing...
maxdom : 11
D->valSize : 330
Solving...
Blb : 2 (clique : 24)
currentSize : 24 <-- 0.002491 s
currentSize : 26 <-- 0.002623 s
currentSize : 27 <-- 0.072454 s
currentSize : 28 <-- 0.072586 s
currentSize : 30 <-- 0.281234 s
currentSize : 34 <-- 0.281547 s
currentSize : 36 <-- 0.281594 s

maxsize : 36
nodes : 66576.000000
filtered : 718761.000000
time : 0.302223
