Parameters: GAD=1 vflib=1 dir=0 label=1 lowerbound=1 fileNameGp=../graphsdb/mcs70/m3D/m3Dr2/mcs70_m3Dr2_s100.A35 fileNameGt=../graphsdb/mcs70/m3D/m3Dr2/mcs70_m3Dr2_s100.B35
Reading graphs...
100 :  254
100 :  254
Initializing...
maxdom : 8
D->valSize : 387
Solving...
Blb : 2 (clique : 39)
currentSize : 39 <-- 0.004217 s
currentSize : 41 <-- 0.004575 s
currentSize : 42 <-- 0.004730 s
currentSize : 44 <-- 0.010462 s
currentSize : 48 <-- 0.010916 s
currentSize : 49 <-- 0.019184 s
currentSize : 50 <-- 0.073157 s
currentSize : 53 <-- 1.198316 s
currentSize : 54 <-- 1.246918 s
currentSize : 55 <-- 1.450181 s
currentSize : 56 <-- 38.861420 s
currentSize : 58 <-- 76.197792 s
currentSize : 59 <-- 76.199493 s
currentSize : 60 <-- 76.199608 s
currentSize : 61 <-- 76.202034 s
currentSize : 62 <-- 99.487183 s
currentSize : 63 <-- 127.195374 s
currentSize : 64 <-- 217.993317 s

maxsize : 64
nodes : 64904240.000000
filtered : 256824697.000000
time : 323.216583
