Parameters: GAD=1 vflib=1 dir=0 label=1 lowerbound=1 fileNameGp=../graphsdb/mcs70/m2D/m2D/mcs70_m2D_s100.A72 fileNameGt=../graphsdb/mcs70/m2D/m2D/mcs70_m2D_s100.B72
Reading graphs...
100 :  178
100 :  180
Initializing...
maxdom : 7
D->valSize : 359
Solving...
Blb : 2 (clique : 44)
currentSize : 44 <-- 0.006307 s
currentSize : 46 <-- 0.006848 s
currentSize : 47 <-- 0.019171 s
currentSize : 48 <-- 0.072024 s
currentSize : 49 <-- 0.075395 s
currentSize : 50 <-- 0.075539 s
currentSize : 51 <-- 0.075645 s
currentSize : 52 <-- 0.134865 s
currentSize : 53 <-- 2.317860 s
currentSize : 54 <-- 11.378842 s
currentSize : 55 <-- 294.793671 s
currentSize : 56 <-- 296.388916 s
currentSize : 57 <-- 384.221405 s
currentSize : 58 <-- 1074.401489 s
currentSize : 59 <-- 1100.794678 s
currentSize : 60 <-- 1128.595947 s
currentSize : 61 <-- 1152.883301 s

TIMEOUT
maxsize : 61
nodes : 657989638.000000
filtered : 2563021306.000000
time : 3600.000000
