Parameters: GAD=1 vflib=1 dir=0 label=1 lowerbound=1 fileNameGp=../graphsdb/mcs70/bvg/b06m/mcs70_b06m_s70.A57 fileNameGt=../graphsdb/mcs70/bvg/b06m/mcs70_b06m_s70.B57
Reading graphs...
70 :  208
70 :  209
Initializing...
maxdom : 9
D->valSize : 378
Solving...
Blb : 3 (clique : 34)
currentSize : 34 <-- 0.004833 s
currentSize : 35 <-- 0.034672 s
currentSize : 36 <-- 0.034720 s
currentSize : 39 <-- 1.152308 s
currentSize : 41 <-- 1.159424 s
currentSize : 42 <-- 1.159491 s
currentSize : 48 <-- 2.487283 s

maxsize : 48
nodes : 1435013.000000
filtered : 5889760.000000
time : 5.554526
