Parameters: GAD=1 vflib=1 dir=0 label=1 lowerbound=1 fileNameGp=../graphsdb/mcs70/bvg/b09m/mcs70_b09m_s100.A33 fileNameGt=../graphsdb/mcs70/bvg/b09m/mcs70_b09m_s100.B33
Reading graphs...
100 :  442
100 :  445
Initializing...
maxdom : 8
D->valSize : 382
Solving...
Blb : 3 (clique : 37)
currentSize : 37 <-- 0.003979 s
currentSize : 39 <-- 0.342575 s
currentSize : 42 <-- 0.668101 s
currentSize : 48 <-- 0.668225 s
currentSize : 53 <-- 1.226232 s
currentSize : 57 <-- 3.387066 s
currentSize : 59 <-- 3.487856 s
currentSize : 62 <-- 8.464637 s
currentSize : 66 <-- 8.465417 s
currentSize : 70 <-- 8.578783 s

maxsize : 70
nodes : 1837058.000000
filtered : 9264441.000000
time : 9.782443
