Parameters: GAD=1 vflib=1 dir=0 label=1 lowerbound=1 fileNameGp=../graphsdb/mcs70/bvg/b09/mcs70_b09_s50.A70 fileNameGt=../graphsdb/mcs70/bvg/b09/mcs70_b09_s50.B70
Reading graphs...
50 :  224
50 :  221
Initializing...
maxdom : 9
D->valSize : 329
Solving...
Blb : 2 (clique : 17)
currentSize : 17 <-- 0.002393 s
currentSize : 18 <-- 0.003952 s
currentSize : 22 <-- 0.004273 s
currentSize : 24 <-- 0.004325 s
currentSize : 29 <-- 0.032675 s
currentSize : 34 <-- 0.032755 s

maxsize : 34
nodes : 9662.000000
filtered : 138484.000000
time : 0.046386
