Parameters: GAD=1 vflib=1 dir=0 label=1 lowerbound=1 fileNameGp=../graphsdb/mcs70/bvg/b06m/mcs70_b06m_s90.A25 fileNameGt=../graphsdb/mcs70/bvg/b06m/mcs70_b06m_s90.B25
Reading graphs...
90 :  268
90 :  266
Initializing...
maxdom : 9
D->valSize : 590
Solving...
Blb : 3 (clique : 46)
currentSize : 46 <-- 0.012129 s
currentSize : 48 <-- 0.012792 s
currentSize : 50 <-- 0.013536 s
currentSize : 51 <-- 0.013917 s
currentSize : 52 <-- 0.095025 s
currentSize : 53 <-- 0.095435 s
currentSize : 59 <-- 0.474121 s
currentSize : 60 <-- 0.475616 s
currentSize : 61 <-- 0.973488 s

maxsize : 61
nodes : 93129422.000000
filtered : 624474128.000000
time : 482.870880
