Parameters: GAD=1 vflib=1 dir=0 label=1 lowerbound=1 fileNameGp=../graphsdb/mcs70/bvg/b03m/mcs70_b03m_s25.A92 fileNameGt=../graphsdb/mcs70/bvg/b03m/mcs70_b03m_s25.B92
Reading graphs...
25 :  37
25 :  37
Initializing...
maxdom : 8
D->valSize : 163
Solving...
Blb : 2 (clique : 13)
currentSize : 13 <-- 0.000867 s
currentSize : 14 <-- 0.001116 s
currentSize : 15 <-- 0.001300 s
currentSize : 16 <-- 0.001690 s
currentSize : 17 <-- 0.005936 s

maxsize : 17
nodes : 3447.000000
filtered : 25223.000000
time : 0.009119
