Parameters: GAD=1 vflib=1 dir=0 label=1 lowerbound=1 fileNameGp=../graphsdb/mcs70/bvg/b06/mcs70_b06_s100.A43 fileNameGt=../graphsdb/mcs70/bvg/b06/mcs70_b06_s100.B43
Reading graphs...
100 :  300
100 :  299
Initializing...
maxdom : 6
D->valSize : 393
Solving...
Blb : 2 (clique : 43)
currentSize : 43 <-- 0.004204 s
currentSize : 47 <-- 0.004526 s
currentSize : 48 <-- 0.004595 s
currentSize : 49 <-- 0.004828 s
currentSize : 50 <-- 0.083015 s
currentSize : 51 <-- 59.794174 s
currentSize : 52 <-- 59.794319 s
currentSize : 54 <-- 161.679123 s
currentSize : 55 <-- 161.679398 s
currentSize : 56 <-- 161.683990 s
currentSize : 57 <-- 161.684250 s
currentSize : 58 <-- 161.700073 s
currentSize : 59 <-- 281.120758 s
currentSize : 60 <-- 281.171295 s
currentSize : 62 <-- 687.280212 s
currentSize : 63 <-- 1084.199585 s
currentSize : 67 <-- 1084.199707 s
currentSize : 70 <-- 1084.234375 s

maxsize : 70
nodes : 279055563.000000
filtered : 1128024230.000000
time : 1402.794800
