Parameters: GAD=1 vflib=1 dir=0 label=1 lowerbound=1 fileNameGp=../graphsdb/mcs70/m2D/m2D/mcs70_m2D_s40.A38 fileNameGt=../graphsdb/mcs70/m2D/m2D/mcs70_m2D_s40.B38
Reading graphs...
40 :  67
40 :  67
Initializing...
maxdom : 8
D->valSize : 222
Solving...
Blb : 2 (clique : 14)
currentSize : 14 <-- 0.001341 s
currentSize : 15 <-- 0.002002 s
currentSize : 16 <-- 0.003278 s
currentSize : 17 <-- 0.019491 s
currentSize : 18 <-- 0.020160 s
currentSize : 19 <-- 0.064303 s
currentSize : 20 <-- 0.145420 s
currentSize : 21 <-- 0.145481 s
currentSize : 23 <-- 0.217799 s
currentSize : 25 <-- 0.270607 s

maxsize : 25
nodes : 106500.000000
filtered : 699990.000000
time : 0.341015
