Parameters: GAD=1 vflib=1 dir=0 label=1 lowerbound=1 fileNameGp=../graphsdb/mcs70/m3D/m3Dr4/mcs70_m3Dr4_s90.A64 fileNameGt=../graphsdb/mcs70/m3D/m3Dr4/mcs70_m3Dr4_s90.B64
Reading graphs...
90 :  244
90 :  243
Initializing...
maxdom : 10
D->valSize : 558
Solving...
Blb : 2 (clique : 44)
currentSize : 44 <-- 0.011021 s
currentSize : 45 <-- 0.011776 s
currentSize : 46 <-- 0.015525 s
currentSize : 48 <-- 0.015768 s
currentSize : 50 <-- 0.028984 s
currentSize : 51 <-- 0.080248 s
currentSize : 52 <-- 0.081769 s
currentSize : 53 <-- 0.275906 s
currentSize : 54 <-- 0.277517 s
currentSize : 57 <-- 0.738015 s
currentSize : 60 <-- 0.740316 s
currentSize : 63 <-- 0.853694 s
currentSize : 64 <-- 71.596252 s

maxsize : 64
nodes : 23384710.000000
filtered : 102210047.000000
time : 108.954742
