Parameters: GAD=1 vflib=1 dir=0 label=1 lowerbound=1 fileNameGp=../graphsdb/mcs70/bvg/b09/mcs70_b09_s20.A92 fileNameGt=../graphsdb/mcs70/bvg/b09/mcs70_b09_s20.B92
Reading graphs...
20 :  90
20 :  88
Initializing...
maxdom : 6
D->valSize : 101
Solving...
Blb : 2 (clique : 5)
currentSize : 5 <-- 0.000539 s
currentSize : 6 <-- 0.000602 s
currentSize : 7 <-- 0.000608 s
currentSize : 8 <-- 0.000794 s
currentSize : 12 <-- 0.000819 s
currentSize : 14 <-- 0.000850 s

maxsize : 14
nodes : 215.000000
filtered : 2022.000000
time : 0.001039
