Parameters: GAD=1 vflib=1 dir=0 label=1 lowerbound=1 fileNameGp=../graphsdb/mcs70/rand/r005/mcs70_r005_s35.A37 fileNameGt=../graphsdb/mcs70/rand/r005/mcs70_r005_s35.B37
Reading graphs...
35 :  56
35 :  57
Initializing...
maxdom : 9
D->valSize : 183
Solving...
Blb : 5 (clique : 16)
currentSize : 16 <-- 0.001038 s
currentSize : 17 <-- 0.006284 s
currentSize : 18 <-- 0.014305 s
currentSize : 19 <-- 0.015411 s
currentSize : 20 <-- 0.019443 s
currentSize : 21 <-- 0.024162 s
currentSize : 24 <-- 0.026654 s

maxsize : 24
nodes : 8926.000000
filtered : 65477.000000
time : 0.028182
