Parameters: GAD=1 vflib=1 dir=0 label=1 lowerbound=1 fileNameGp=../graphsdb/mcs70/bvg/b03/mcs70_b03_s90.A91 fileNameGt=../graphsdb/mcs70/bvg/b03/mcs70_b03_s90.B91
Reading graphs...
90 :  135
90 :  135
Initializing...
maxdom : 10
D->valSize : 642
Solving...
Blb : 2 (clique : 53)
currentSize : 53 <-- 0.008687 s
currentSize : 54 <-- 0.013208 s
currentSize : 55 <-- 0.013557 s
currentSize : 58 <-- 0.020802 s
currentSize : 59 <-- 0.027512 s
currentSize : 60 <-- 28.520426 s

TIMEOUT
maxsize : 60
nodes : 609842902.000000
filtered : 5203926291.000000
time : 3600.000000
