Parameters: GAD=1 vflib=1 dir=0 label=1 lowerbound=1 fileNameGp=../graphsdb/mcs70/bvg/b09/mcs70_b09_s80.A45 fileNameGt=../graphsdb/mcs70/bvg/b09/mcs70_b09_s80.B45
Reading graphs...
80 :  358
80 :  359
Initializing...
maxdom : 10
D->valSize : 465
Solving...
Blb : 2 (clique : 36)
currentSize : 36 <-- 0.004509 s
currentSize : 37 <-- 0.004775 s
currentSize : 40 <-- 0.006354 s
currentSize : 43 <-- 0.006713 s
currentSize : 45 <-- 0.017608 s
currentSize : 49 <-- 0.018415 s
currentSize : 53 <-- 0.018827 s
currentSize : 56 <-- 0.179416 s

maxsize : 56
nodes : 221886.000000
filtered : 1762098.000000
time : 1.155589
