Parameters: GAD=1 vflib=1 dir=0 label=1 lowerbound=1 fileNameGp=../graphsdb/mcs70/m3D/m3Dr6/mcs70_m3Dr6_s90.A63 fileNameGt=../graphsdb/mcs70/m3D/m3Dr6/mcs70_m3Dr6_s90.B63
Reading graphs...
90 :  259
90 :  256
Initializing...
maxdom : 9
D->valSize : 569
Solving...
Blb : 3 (clique : 31)
currentSize : 31 <-- 0.006825 s
currentSize : 40 <-- 0.007103 s
currentSize : 43 <-- 0.007516 s
currentSize : 46 <-- 0.008250 s
currentSize : 48 <-- 2.823891 s
currentSize : 49 <-- 10.734960 s
currentSize : 51 <-- 14.967057 s
currentSize : 52 <-- 21.785427 s
currentSize : 55 <-- 25.747072 s
currentSize : 59 <-- 25.762163 s
currentSize : 60 <-- 32.963669 s
currentSize : 61 <-- 46.581318 s
currentSize : 62 <-- 72.150017 s
currentSize : 63 <-- 122.830971 s

maxsize : 63
nodes : 25706719.000000
filtered : 154675612.000000
time : 130.940842
