Parameters: GAD=1 vflib=1 dir=0 label=1 lowerbound=1 fileNameGp=../graphsdb/mcs70/m2D/m2D/mcs70_m2D_s90.A45 fileNameGt=../graphsdb/mcs70/m2D/m2D/mcs70_m2D_s90.B45
Reading graphs...
90 :  161
90 :  161
Initializing...
maxdom : 14
D->valSize : 632
Solving...
Blb : 2 (clique : 46)
currentSize : 46 <-- 0.008328 s
currentSize : 54 <-- 0.008718 s
currentSize : 55 <-- 0.008807 s
currentSize : 61 <-- 0.073262 s
currentSize : 62 <-- 0.073394 s
currentSize : 64 <-- 0.173873 s

maxsize : 64
nodes : 96247494.000000
filtered : 705836138.000000
time : 585.567139
