Parameters: GAD=1 vflib=1 dir=0 label=1 lowerbound=1 fileNameGp=../graphsdb/mcs70/bvg/b06m/mcs70_b06m_s60.A88 fileNameGt=../graphsdb/mcs70/bvg/b06m/mcs70_b06m_s60.B88
Reading graphs...
60 :  176
60 :  178
Initializing...
maxdom : 8
D->valSize : 286
Solving...
Blb : 2 (clique : 25)
currentSize : 25 <-- 0.002175 s
currentSize : 26 <-- 0.002419 s
currentSize : 27 <-- 0.002518 s
currentSize : 28 <-- 0.002657 s
currentSize : 30 <-- 0.002798 s
currentSize : 32 <-- 0.002868 s
currentSize : 34 <-- 0.002976 s
currentSize : 36 <-- 0.003060 s
currentSize : 37 <-- 0.003278 s
currentSize : 39 <-- 0.003360 s
currentSize : 41 <-- 0.014542 s

maxsize : 41
nodes : 37714.000000
filtered : 218897.000000
time : 0.151813
