Parameters: GAD=1 vflib=1 dir=0 label=1 lowerbound=1 fileNameGp=../graphsdb/mcs70/rand/r01/mcs70_r01_s60.A53 fileNameGt=../graphsdb/mcs70/rand/r01/mcs70_r01_s60.B53
Reading graphs...
60 :  329
60 :  334
Initializing...
maxdom : 7
D->valSize : 245
Solving...
Blb : 2 (clique : 23)
currentSize : 23 <-- 0.001783 s
currentSize : 26 <-- 0.004039 s
currentSize : 30 <-- 0.005137 s
currentSize : 31 <-- 0.014252 s
currentSize : 32 <-- 0.037704 s
currentSize : 39 <-- 0.044447 s

maxsize : 39
nodes : 10220.000000
filtered : 84341.000000
time : 0.060283
