Parameters: GAD=1 vflib=1 dir=0 label=1 lowerbound=1 fileNameGp=../graphsdb/mcs70/m3D/m3Dr2/mcs70_m3Dr2_s90.A11 fileNameGt=../graphsdb/mcs70/m3D/m3Dr2/mcs70_m3Dr2_s90.B11
Reading graphs...
90 :  225
90 :  225
Initializing...
maxdom : 10
D->valSize : 547
Solving...
Blb : 2 (clique : 46)
currentSize : 46 <-- 0.006477 s
currentSize : 49 <-- 0.009457 s
currentSize : 50 <-- 0.421260 s
currentSize : 51 <-- 77.541145 s
currentSize : 53 <-- 84.823318 s
currentSize : 54 <-- 84.833023 s
currentSize : 59 <-- 206.100555 s
currentSize : 64 <-- 207.574707 s

maxsize : 64
nodes : 40835819.000000
filtered : 378972438.000000
time : 256.557251
