Parameters: GAD=1 vflib=1 dir=0 label=1 lowerbound=1 fileNameGp=../graphsdb/mcs70/m2D/m2Dr6/mcs70_m2Dr6_s70.A51 fileNameGt=../graphsdb/mcs70/m2D/m2Dr6/mcs70_m2Dr6_s70.B51
Reading graphs...
70 :  164
70 :  162
Initializing...
maxdom : 9
D->valSize : 350
Solving...
Blb : 2 (clique : 34)
currentSize : 34 <-- 0.003347 s
currentSize : 39 <-- 0.003553 s
currentSize : 41 <-- 0.004401 s
currentSize : 45 <-- 0.028898 s
currentSize : 46 <-- 1.138113 s
currentSize : 47 <-- 1.138469 s
currentSize : 48 <-- 1.138539 s

maxsize : 48
nodes : 1000402.000000
filtered : 5355320.000000
time : 4.539320
