Parameters: GAD=1 vflib=1 dir=0 label=1 lowerbound=1 fileNameGp=../graphsdb/mcs70/rand/r01/mcs70_r01_s40.A49 fileNameGt=../graphsdb/mcs70/rand/r01/mcs70_r01_s40.B49
Reading graphs...
40 :  144
40 :  144
Initializing...
maxdom : 8
D->valSize : 212
Solving...
Blb : 2 (clique : 11)
currentSize : 11 <-- 0.001273 s
currentSize : 12 <-- 0.001600 s
currentSize : 13 <-- 0.001635 s
currentSize : 16 <-- 0.001672 s
currentSize : 18 <-- 0.018728 s
currentSize : 19 <-- 0.019626 s
currentSize : 26 <-- 0.019921 s

maxsize : 26
nodes : 6216.000000
filtered : 64262.000000
time : 0.024166
