Parameters: GAD=1 vflib=1 dir=0 label=1 lowerbound=1 fileNameGp=../graphsdb/mcs70/bvg/b03m/mcs70_b03m_s60.A29 fileNameGt=../graphsdb/mcs70/bvg/b03m/mcs70_b03m_s60.B29
Reading graphs...
60 :  89
60 :  90
Initializing...
maxdom : 6
D->valSize : 228
Solving...
Blb : 2 (clique : 36)
currentSize : 36 <-- 0.002757 s
currentSize : 37 <-- 0.486951 s
currentSize : 39 <-- 2.482343 s
currentSize : 40 <-- 2.482435 s
currentSize : 41 <-- 4.631378 s
currentSize : 42 <-- 4.631447 s

maxsize : 42
nodes : 1404494.000000
filtered : 4672952.000000
time : 5.328273
