Parameters: GAD=1 vflib=1 dir=0 label=1 lowerbound=1 fileNameGp=../graphsdb/mcs70/bvg/b09/mcs70_b09_s90.A12 fileNameGt=../graphsdb/mcs70/bvg/b09/mcs70_b09_s90.B12
Reading graphs...
90 :  402
90 :  402
Initializing...
maxdom : 11
D->valSize : 567
Solving...
Blb : 2 (clique : 38)
currentSize : 38 <-- 0.010917 s
currentSize : 40 <-- 0.011193 s
currentSize : 43 <-- 0.018438 s
currentSize : 44 <-- 0.524712 s
currentSize : 47 <-- 0.526485 s
currentSize : 52 <-- 0.532617 s
currentSize : 62 <-- 25.763668 s

maxsize : 62
nodes : 9633474.000000
filtered : 65768169.000000
time : 50.165417
