Parameters: GAD=1 vflib=1 dir=0 label=1 lowerbound=1 fileNameGp=../graphsdb/mcs70/bvg/b09/mcs70_b09_s35.A53 fileNameGt=../graphsdb/mcs70/bvg/b09/mcs70_b09_s35.B53
Reading graphs...
35 :  154
35 :  156
Initializing...
maxdom : 7
D->valSize : 167
Solving...
Blb : 2 (clique : 8)
currentSize : 8 <-- 0.000999 s
currentSize : 9 <-- 0.001126 s
currentSize : 11 <-- 0.001179 s
currentSize : 13 <-- 0.001209 s
currentSize : 14 <-- 0.002779 s
currentSize : 18 <-- 0.004138 s
currentSize : 20 <-- 0.004200 s
currentSize : 24 <-- 0.004238 s

maxsize : 24
nodes : 1240.000000
filtered : 9481.000000
time : 0.005050
