Parameters: GAD=1 vflib=1 dir=0 label=1 lowerbound=1 fileNameGp=../graphsdb/mcs70/bvg/b03/mcs70_b03_s80.A96 fileNameGt=../graphsdb/mcs70/bvg/b03/mcs70_b03_s80.B96
Reading graphs...
80 :  120
80 :  120
Initializing...
maxdom : 8
D->valSize : 441
Solving...
Blb : 2 (clique : 32)
currentSize : 32 <-- 0.007473 s
currentSize : 33 <-- 0.007837 s
currentSize : 34 <-- 0.008046 s
currentSize : 35 <-- 0.008935 s
currentSize : 36 <-- 2.304730 s
currentSize : 37 <-- 4.191508 s
currentSize : 39 <-- 4.191527 s
currentSize : 40 <-- 4.612923 s
currentSize : 41 <-- 5.094904 s
currentSize : 42 <-- 5.097880 s
currentSize : 43 <-- 5.258229 s
currentSize : 44 <-- 39.510468 s
currentSize : 45 <-- 94.283813 s
currentSize : 46 <-- 94.934402 s
currentSize : 47 <-- 94.934631 s
currentSize : 48 <-- 99.844116 s
currentSize : 49 <-- 139.316422 s
currentSize : 50 <-- 273.687439 s
currentSize : 55 <-- 722.612366 s
currentSize : 56 <-- 722.645264 s

maxsize : 56
nodes : 162981393.000000
filtered : 928024353.000000
time : 822.242615
