Parameters: GAD=1 vflib=1 dir=0 label=1 lowerbound=1 fileNameGp=../graphsdb/mcs70/bvg/b09m/mcs70_b09m_s40.A79 fileNameGt=../graphsdb/mcs70/bvg/b09m/mcs70_b09m_s40.B79
Reading graphs...
40 :  167
40 :  167
Initializing...
maxdom : 8
D->valSize : 229
Solving...
Blb : 2 (clique : 10)
currentSize : 10 <-- 0.001344 s
currentSize : 11 <-- 0.001423 s
currentSize : 14 <-- 0.002261 s
currentSize : 15 <-- 0.002977 s
currentSize : 21 <-- 0.012666 s
currentSize : 22 <-- 0.012714 s
currentSize : 25 <-- 0.015971 s
currentSize : 26 <-- 0.016023 s

maxsize : 26
nodes : 5499.000000
filtered : 53868.000000
time : 0.021126
