Parameters: GAD=1 vflib=1 dir=0 label=1 lowerbound=1 fileNameGp=../graphsdb/mcs70/rand/r01/mcs70_r01_s25.A20 fileNameGt=../graphsdb/mcs70/rand/r01/mcs70_r01_s25.B20
Reading graphs...
25 :  55
25 :  57
Initializing...
maxdom : 8
D->valSize : 160
Solving...
Blb : 2 (clique : 8)
currentSize : 8 <-- 0.000986 s
currentSize : 9 <-- 0.001035 s
currentSize : 10 <-- 0.001573 s
currentSize : 11 <-- 0.001975 s
currentSize : 12 <-- 0.002838 s
currentSize : 13 <-- 0.002849 s
currentSize : 14 <-- 0.005567 s
currentSize : 17 <-- 0.005903 s

maxsize : 17
nodes : 1880.000000
filtered : 18994.000000
time : 0.006899
