Parameters: GAD=1 vflib=1 dir=0 label=1 lowerbound=1 fileNameGp=../graphsdb/mcs70/rand/r01/mcs70_r01_s80.A98 fileNameGt=../graphsdb/mcs70/rand/r01/mcs70_r01_s80.B98
Reading graphs...
80 :  593
80 :  591
Initializing...
maxdom : 12
D->valSize : 493
Solving...
Blb : 2 (clique : 18)
currentSize : 18 <-- 0.004914 s
currentSize : 22 <-- 0.005118 s
currentSize : 30 <-- 0.059281 s
currentSize : 34 <-- 0.137139 s
currentSize : 37 <-- 0.239649 s
currentSize : 49 <-- 0.240631 s
currentSize : 50 <-- 0.240696 s

maxsize : 50
nodes : 115442.000000
filtered : 870983.000000
time : 0.606307
