Parameters: GAD=1 vflib=1 dir=0 label=1 lowerbound=1 fileNameGp=../graphsdb/mcs70/m2D/m2Dr6/mcs70_m2Dr6_s70.A53 fileNameGt=../graphsdb/mcs70/m2D/m2Dr6/mcs70_m2Dr6_s70.B53
Reading graphs...
70 :  165
70 :  164
Initializing...
maxdom : 11
D->valSize : 427
Solving...
Blb : 2 (clique : 35)
currentSize : 35 <-- 0.003868 s
currentSize : 36 <-- 0.557747 s
currentSize : 37 <-- 0.558003 s
currentSize : 41 <-- 1.476667 s
currentSize : 42 <-- 1.476771 s
currentSize : 43 <-- 1.476922 s
currentSize : 44 <-- 1.477026 s
currentSize : 45 <-- 1.509192 s
currentSize : 46 <-- 1.509329 s
currentSize : 47 <-- 1.794347 s
currentSize : 48 <-- 1.794579 s
currentSize : 49 <-- 1.794715 s

maxsize : 49
nodes : 430712.000000
filtered : 2815436.000000
time : 2.070761
