Parameters: GAD=1 vflib=1 dir=0 label=1 lowerbound=1 fileNameGp=../graphsdb/mcs70/rand/r005/mcs70_r005_s80.A73 fileNameGt=../graphsdb/mcs70/rand/r005/mcs70_r005_s80.B73
Reading graphs...
80 :  305
80 :  308
Initializing...
maxdom : 9
D->valSize : 483
Solving...
Blb : 2 (clique : 39)
currentSize : 39 <-- 0.004895 s
currentSize : 40 <-- 0.051921 s
currentSize : 47 <-- 0.188115 s
currentSize : 49 <-- 0.244121 s
currentSize : 54 <-- 0.328303 s

maxsize : 54
nodes : 118520.000000
filtered : 1186663.000000
time : 0.709261
