Parameters: GAD=1 vflib=1 dir=0 label=1 lowerbound=1 fileNameGp=../graphsdb/mcs70/m2D/m2D/mcs70_m2D_s90.A73 fileNameGt=../graphsdb/mcs70/m2D/m2D/mcs70_m2D_s90.B73
Reading graphs...
90 :  161
90 :  161
Initializing...
maxdom : 10
D->valSize : 577
Solving...
Blb : 2 (clique : 53)
currentSize : 53 <-- 0.007146 s
currentSize : 54 <-- 0.007530 s
currentSize : 56 <-- 0.007621 s
currentSize : 57 <-- 0.007713 s
currentSize : 58 <-- 0.007796 s
currentSize : 59 <-- 0.007950 s
currentSize : 60 <-- 0.008204 s
currentSize : 61 <-- 0.008286 s
currentSize : 62 <-- 0.008949 s
currentSize : 63 <-- 0.009089 s
currentSize : 64 <-- 0.009180 s
currentSize : 65 <-- 0.010484 s

maxsize : 65
nodes : 294004950.000000
filtered : 1809287866.000000
time : 1648.676392
