Parameters: GAD=1 vflib=1 dir=0 label=1 lowerbound=1 fileNameGp=../graphsdb/mcs70/bvg/b03m/mcs70_b03m_s50.A14 fileNameGt=../graphsdb/mcs70/bvg/b03m/mcs70_b03m_s50.B14
Reading graphs...
50 :  75
50 :  75
Initializing...
maxdom : 12
D->valSize : 365
Solving...
Blb : 2 (clique : 30)
currentSize : 30 <-- 0.002944 s
currentSize : 31 <-- 0.003116 s
currentSize : 32 <-- 0.655726 s
currentSize : 33 <-- 0.655777 s
currentSize : 34 <-- 0.655865 s

maxsize : 34
nodes : 483266.000000
filtered : 4407833.000000
time : 1.888760
