Parameters: GAD=1 vflib=1 dir=0 label=1 lowerbound=1 fileNameGp=../graphsdb/mcs70/m3D/m3Dr2/mcs70_m3Dr2_s90.A03 fileNameGt=../graphsdb/mcs70/m3D/m3Dr2/mcs70_m3Dr2_s90.B03
Reading graphs...
90 :  226
90 :  224
Initializing...
maxdom : 10
D->valSize : 598
Solving...
Blb : 2 (clique : 37)
currentSize : 37 <-- 0.007365 s
currentSize : 39 <-- 0.008228 s
currentSize : 40 <-- 29.108637 s
currentSize : 42 <-- 29.108728 s
currentSize : 43 <-- 29.109064 s
currentSize : 44 <-- 117.399742 s
currentSize : 45 <-- 117.399849 s
currentSize : 46 <-- 125.100204 s
currentSize : 47 <-- 125.102074 s
currentSize : 48 <-- 125.213341 s
currentSize : 49 <-- 347.671844 s
currentSize : 50 <-- 347.672791 s
currentSize : 51 <-- 347.676819 s
currentSize : 52 <-- 458.605560 s
currentSize : 53 <-- 458.606262 s
currentSize : 57 <-- 458.615112 s
currentSize : 59 <-- 458.615295 s
currentSize : 62 <-- 701.685120 s
currentSize : 64 <-- 701.685303 s

maxsize : 64
nodes : 139094052.000000
filtered : 1045845922.000000
time : 777.443848
