Parameters: GAD=1 vflib=1 dir=0 label=1 lowerbound=1 fileNameGp=../graphsdb/mcs70/m3D/m3D/mcs70_m3D_s100.A47 fileNameGt=../graphsdb/mcs70/m3D/m3D/mcs70_m3D_s100.B47
Reading graphs...
100 :  234
100 :  234
Initializing...
maxdom : 7
D->valSize : 369
Solving...
Blb : 2 (clique : 42)
currentSize : 42 <-- 0.003976 s
currentSize : 43 <-- 0.191301 s
currentSize : 44 <-- 2.293958 s
currentSize : 45 <-- 2.294100 s
currentSize : 46 <-- 2.389010 s
currentSize : 47 <-- 2.467842 s
currentSize : 48 <-- 59.856911 s
currentSize : 49 <-- 73.804062 s
currentSize : 50 <-- 74.052505 s
currentSize : 51 <-- 74.333832 s
currentSize : 52 <-- 163.563492 s
currentSize : 53 <-- 667.243835 s
currentSize : 54 <-- 668.389771 s
currentSize : 56 <-- 668.559326 s
currentSize : 57 <-- 668.585938 s
currentSize : 58 <-- 722.505859 s
currentSize : 59 <-- 1363.841431 s
currentSize : 60 <-- 1374.093872 s
currentSize : 61 <-- 1375.035645 s
currentSize : 62 <-- 2839.563232 s
currentSize : 63 <-- 2846.890869 s
currentSize : 64 <-- 2848.122314 s

TIMEOUT
maxsize : 64
nodes : 702515417.000000
filtered : 2400886236.000000
time : 3600.000000
