Parameters: GAD=1 vflib=1 dir=0 label=1 lowerbound=1 fileNameGp=../graphsdb/mcs70/bvg/b09/mcs70_b09_s90.A98 fileNameGt=../graphsdb/mcs70/bvg/b09/mcs70_b09_s90.B98
Reading graphs...
90 :  400
90 :  403
Initializing...
maxdom : 15
D->valSize : 595
Solving...
Blb : 2 (clique : 32)
currentSize : 32 <-- 0.011111 s
currentSize : 33 <-- 0.011519 s
currentSize : 35 <-- 0.045809 s
currentSize : 36 <-- 0.048318 s
currentSize : 37 <-- 0.081478 s
currentSize : 38 <-- 0.081595 s
currentSize : 39 <-- 0.082174 s
currentSize : 40 <-- 0.384487 s
currentSize : 45 <-- 0.486617 s
currentSize : 46 <-- 0.517104 s
currentSize : 47 <-- 4.355732 s
currentSize : 55 <-- 4.423174 s
currentSize : 56 <-- 4.431613 s
currentSize : 58 <-- 4.431748 s
currentSize : 61 <-- 14.849261 s
currentSize : 63 <-- 14.849410 s

maxsize : 63
nodes : 5528250.000000
filtered : 39087457.000000
time : 28.481331
