Parameters: GAD=1 vflib=1 dir=0 label=1 lowerbound=1 fileNameGp=../graphsdb/mcs70/bvg/b06m/mcs70_b06m_s40.A27 fileNameGt=../graphsdb/mcs70/bvg/b06m/mcs70_b06m_s40.B27
Reading graphs...
40 :  116
40 :  118
Initializing...
maxdom : 7
D->valSize : 218
Solving...
Blb : 2 (clique : 20)
currentSize : 20 <-- 0.002024 s
currentSize : 22 <-- 0.002224 s
currentSize : 23 <-- 0.002299 s
currentSize : 25 <-- 0.002381 s
currentSize : 26 <-- 0.002521 s
currentSize : 27 <-- 0.003750 s

maxsize : 27
nodes : 9807.000000
filtered : 55879.000000
time : 0.050902
