Parameters: GAD=1 vflib=1 dir=0 label=1 lowerbound=1 fileNameGp=../graphsdb/mcs70/bvg/b03/mcs70_b03_s90.A36 fileNameGt=../graphsdb/mcs70/bvg/b03/mcs70_b03_s90.B36
Reading graphs...
90 :  135
90 :  135
Initializing...
maxdom : 11
D->valSize : 552
Solving...
Blb : 2 (clique : 55)
currentSize : 55 <-- 0.006840 s
currentSize : 56 <-- 0.007347 s
currentSize : 57 <-- 0.007622 s
currentSize : 60 <-- 0.007807 s
currentSize : 62 <-- 0.015286 s
currentSize : 63 <-- 0.031361 s
currentSize : 64 <-- 0.031817 s
currentSize : 65 <-- 479.607635 s

maxsize : 65
nodes : 627023947.000000
filtered : 3493035132.000000
time : 3371.151855
