Parameters: GAD=1 vflib=1 dir=0 label=1 lowerbound=1 fileNameGp=../graphsdb/mcs70/bvg/b03m/mcs70_b03m_s70.A43 fileNameGt=../graphsdb/mcs70/bvg/b03m/mcs70_b03m_s70.B43
Reading graphs...
70 :  104
70 :  104
Initializing...
maxdom : 8
D->valSize : 375
Solving...
Blb : 2 (clique : 42)
currentSize : 42 <-- 0.005627 s
currentSize : 43 <-- 0.006512 s
currentSize : 44 <-- 0.009854 s
currentSize : 45 <-- 0.046479 s
currentSize : 46 <-- 45.561287 s
currentSize : 48 <-- 45.562824 s

maxsize : 48
nodes : 12218183.000000
filtered : 85035690.000000
time : 58.529087
