Parameters: GAD=1 vflib=1 dir=0 label=1 lowerbound=1 fileNameGp=../graphsdb/mcs70/bvg/b09m/mcs70_b09m_s50.A96 fileNameGt=../graphsdb/mcs70/bvg/b09m/mcs70_b09m_s50.B96
Reading graphs...
50 :  216
50 :  217
Initializing...
maxdom : 13
D->valSize : 373
Solving...
Blb : 3 (clique : 18)
currentSize : 18 <-- 0.002773 s
currentSize : 21 <-- 0.040952 s
currentSize : 23 <-- 0.066382 s
currentSize : 25 <-- 0.100852 s
currentSize : 26 <-- 0.101098 s
currentSize : 32 <-- 0.119675 s

maxsize : 32
nodes : 44987.000000
filtered : 553475.000000
time : 0.183628
