Parameters: GAD=1 vflib=1 dir=0 label=1 lowerbound=1 fileNameGp=../graphsdb/mcs70/bvg/b09m/mcs70_b09m_s25.A67 fileNameGt=../graphsdb/mcs70/bvg/b09m/mcs70_b09m_s25.B67
Reading graphs...
25 :  105
25 :  109
Initializing...
maxdom : 11
D->valSize : 184
Solving...
Blb : 5 (clique : 7)
currentSize : 7 <-- 0.000854 s
currentSize : 8 <-- 0.001451 s
currentSize : 11 <-- 0.002616 s
currentSize : 14 <-- 0.002647 s
currentSize : 15 <-- 0.002667 s

maxsize : 15
nodes : 1583.000000
filtered : 14281.000000
time : 0.005010
