Parameters: GAD=1 vflib=1 dir=0 label=1 lowerbound=1 fileNameGp=../graphsdb/mcs70/m2D/m2Dr2/mcs70_m2Dr2_s100.A70 fileNameGt=../graphsdb/mcs70/m2D/m2Dr2/mcs70_m2Dr2_s100.B70
Reading graphs...
100 :  199
100 :  198
Initializing...
maxdom : 6
D->valSize : 345
Solving...
Blb : 2 (clique : 49)
currentSize : 49 <-- 0.003632 s
currentSize : 50 <-- 0.004036 s
currentSize : 51 <-- 0.012912 s
currentSize : 52 <-- 0.038584 s
currentSize : 53 <-- 0.038929 s
currentSize : 54 <-- 0.058886 s
currentSize : 55 <-- 0.116949 s
currentSize : 56 <-- 0.378768 s
currentSize : 57 <-- 220.065430 s
currentSize : 58 <-- 220.089737 s
currentSize : 59 <-- 220.344955 s

TIMEOUT
maxsize : 59
nodes : 704603841.000000
filtered : 2420398776.000000
time : 3600.000000
