Parameters: GAD=1 vflib=1 dir=0 label=1 lowerbound=1 fileNameGp=../graphsdb/mcs70/rand/r005/mcs70_r005_s90.A16 fileNameGt=../graphsdb/mcs70/rand/r005/mcs70_r005_s90.B16
Reading graphs...
90 :  393
90 :  389
Initializing...
maxdom : 10
D->valSize : 603
Solving...
Blb : 2 (clique : 45)
currentSize : 45 <-- 0.007220 s
currentSize : 49 <-- 0.007515 s
currentSize : 53 <-- 0.007749 s
currentSize : 56 <-- 0.008194 s
currentSize : 63 <-- 0.008444 s

maxsize : 63
nodes : 23391.000000
filtered : 401010.000000
time : 0.178252
