Parameters: GAD=1 vflib=1 dir=0 label=1 lowerbound=1 fileNameGp=../graphsdb/mcs70/bvg/b03/mcs70_b03_s80.A63 fileNameGt=../graphsdb/mcs70/bvg/b03/mcs70_b03_s80.B63
Reading graphs...
80 :  120
80 :  120
Initializing...
maxdom : 8
D->valSize : 459
Solving...
Blb : 2 (clique : 40)
currentSize : 40 <-- 0.008049 s
currentSize : 42 <-- 0.008511 s
currentSize : 44 <-- 0.008579 s
currentSize : 46 <-- 0.008675 s
currentSize : 47 <-- 0.008834 s
currentSize : 48 <-- 0.009075 s
currentSize : 49 <-- 0.009234 s
currentSize : 50 <-- 0.009955 s
currentSize : 51 <-- 0.020511 s
currentSize : 53 <-- 0.048240 s
currentSize : 54 <-- 0.049924 s
currentSize : 55 <-- 134.524689 s
currentSize : 56 <-- 134.524857 s

maxsize : 56
nodes : 41956086.000000
filtered : 258108577.000000
time : 228.635406
