Parameters: GAD=1 vflib=1 dir=0 label=1 lowerbound=1 fileNameGp=../graphsdb/mcs70/bvg/b03/mcs70_b03_s60.A11 fileNameGt=../graphsdb/mcs70/bvg/b03/mcs70_b03_s60.B11
Reading graphs...
60 :  90
60 :  90
Initializing...
maxdom : 7
D->valSize : 263
Solving...
Blb : 2 (clique : 32)
currentSize : 32 <-- 0.002005 s
currentSize : 33 <-- 0.020463 s
currentSize : 34 <-- 0.335106 s
currentSize : 35 <-- 0.697053 s
currentSize : 37 <-- 0.697564 s
currentSize : 38 <-- 0.697619 s
currentSize : 39 <-- 0.697755 s
currentSize : 41 <-- 1.873766 s
currentSize : 42 <-- 1.873841 s

maxsize : 42
nodes : 720604.000000
filtered : 3440995.000000
time : 2.872503
