Parameters: GAD=1 vflib=1 dir=0 label=1 lowerbound=1 fileNameGp=../graphsdb/mcs70/bvg/b03m/mcs70_b03m_s50.A49 fileNameGt=../graphsdb/mcs70/bvg/b03m/mcs70_b03m_s50.B49
Reading graphs...
50 :  75
50 :  75
Initializing...
maxdom : 11
D->valSize : 355
Solving...
Blb : 3 (clique : 27)
currentSize : 27 <-- 0.002911 s
currentSize : 28 <-- 0.022789 s
currentSize : 29 <-- 0.054273 s
currentSize : 30 <-- 0.229764 s
currentSize : 31 <-- 0.722714 s
currentSize : 35 <-- 0.726619 s

maxsize : 35
nodes : 208648.000000
filtered : 1741913.000000
time : 0.884632
