Parameters: GAD=1 vflib=1 dir=0 label=1 lowerbound=1 fileNameGp=../graphsdb/mcs70/bvg/b03m/mcs70_b03m_s50.A75 fileNameGt=../graphsdb/mcs70/bvg/b03m/mcs70_b03m_s50.B75
Reading graphs...
50 :  75
50 :  75
Initializing...
maxdom : 10
D->valSize : 331
Solving...
Blb : 2 (clique : 26)
currentSize : 26 <-- 0.004089 s
currentSize : 27 <-- 0.043247 s
currentSize : 28 <-- 0.360579 s
currentSize : 29 <-- 0.979148 s
currentSize : 30 <-- 1.503266 s
currentSize : 34 <-- 1.972720 s
currentSize : 35 <-- 1.974166 s

maxsize : 35
nodes : 549155.000000
filtered : 6281788.000000
time : 2.524938
