Parameters: GAD=1 vflib=1 dir=0 label=1 lowerbound=1 fileNameGp=../graphsdb/mcs70/m3D/m3Dr2/mcs70_m3Dr2_s90.A09 fileNameGt=../graphsdb/mcs70/m3D/m3Dr2/mcs70_m3Dr2_s90.B09
Reading graphs...
90 :  225
90 :  224
Initializing...
maxdom : 11
D->valSize : 575
Solving...
Blb : 2 (clique : 54)
currentSize : 54 <-- 0.007175 s
currentSize : 55 <-- 0.007534 s
currentSize : 56 <-- 12.077970 s
currentSize : 57 <-- 94.261398 s
currentSize : 58 <-- 94.261490 s
currentSize : 59 <-- 174.112259 s
currentSize : 62 <-- 174.174667 s
currentSize : 63 <-- 177.438065 s

maxsize : 63
nodes : 211715151.000000
filtered : 1026001374.000000
time : 960.274170
