Parameters: GAD=1 vflib=1 dir=0 label=1 lowerbound=1 fileNameGp=../graphsdb/mcs70/rand/r005/mcs70_r005_s40.A36 fileNameGt=../graphsdb/mcs70/rand/r005/mcs70_r005_s40.B36
Reading graphs...
40 :  76
40 :  76
Initializing...
maxdom : 8
D->valSize : 231
Solving...
Blb : 2 (clique : 23)
currentSize : 23 <-- 0.001497 s
currentSize : 24 <-- 0.001613 s
currentSize : 25 <-- 0.001687 s
currentSize : 27 <-- 0.001921 s
currentSize : 28 <-- 0.019532 s

maxsize : 28
nodes : 5806.000000
filtered : 76077.000000
time : 0.026438
