Parameters: GAD=1 vflib=1 dir=0 label=1 lowerbound=1 fileNameGp=../graphsdb/mcs70/m3D/m3D/mcs70_m3D_s90.A02 fileNameGt=../graphsdb/mcs70/m3D/m3D/mcs70_m3D_s90.B02
Reading graphs...
90 :  209
90 :  209
Initializing...
maxdom : 11
D->valSize : 549
Solving...
Blb : 2 (clique : 54)
currentSize : 54 <-- 0.006495 s
currentSize : 55 <-- 0.006932 s
currentSize : 57 <-- 0.860523 s
currentSize : 58 <-- 0.860667 s
currentSize : 59 <-- 0.860779 s
currentSize : 60 <-- 78.616768 s
currentSize : 61 <-- 236.085266 s
currentSize : 62 <-- 236.085388 s
currentSize : 63 <-- 237.139557 s
currentSize : 64 <-- 289.424377 s

maxsize : 64
nodes : 88396182.000000
filtered : 439743935.000000
time : 437.980164
