Parameters: GAD=1 vflib=1 dir=0 label=1 lowerbound=1 fileNameGp=../graphsdb/mcs70/rand/r02/mcs70_r02_s50.A67 fileNameGt=../graphsdb/mcs70/rand/r02/mcs70_r02_s50.B67
Reading graphs...
50 :  444
50 :  438
Initializing...
maxdom : 10
D->valSize : 347
Solving...
Blb : 2 (clique : 8)
currentSize : 8 <-- 0.003570 s
currentSize : 9 <-- 0.006596 s
currentSize : 10 <-- 0.009691 s
currentSize : 11 <-- 0.010627 s
currentSize : 13 <-- 0.011064 s
currentSize : 16 <-- 0.013930 s
currentSize : 28 <-- 0.015495 s

maxsize : 28
nodes : 29254.000000
filtered : 81556.000000
time : 0.084229
