Parameters: GAD=1 vflib=1 dir=0 label=1 lowerbound=1 fileNameGp=../graphsdb/mcs70/bvg/b03m/mcs70_b03m_s40.A90 fileNameGt=../graphsdb/mcs70/bvg/b03m/mcs70_b03m_s40.B90
Reading graphs...
40 :  60
40 :  60
Initializing...
maxdom : 8
D->valSize : 228
Solving...
Blb : 2 (clique : 19)
currentSize : 19 <-- 0.001555 s
currentSize : 21 <-- 0.001661 s
currentSize : 24 <-- 0.002081 s
currentSize : 27 <-- 0.017887 s
currentSize : 28 <-- 0.017944 s

maxsize : 28
nodes : 12189.000000
filtered : 73462.000000
time : 0.039286
