Parameters: GAD=1 vflib=1 dir=0 label=1 lowerbound=1 fileNameGp=../graphsdb/mcs70/rand/r02/mcs70_r02_s100.A10 fileNameGt=../graphsdb/mcs70/rand/r02/mcs70_r02_s100.B10
Reading graphs...
100 :  1778
100 :  1769
Initializing...
maxdom : 7
D->valSize : 390
Solving...
Blb : 2 (clique : 45)
currentSize : 45 <-- 0.003995 s
currentSize : 46 <-- 0.006770 s
currentSize : 47 <-- 0.014978 s
currentSize : 48 <-- 0.050057 s
currentSize : 49 <-- 0.249618 s
currentSize : 50 <-- 0.983827 s
currentSize : 51 <-- 1.837816 s
currentSize : 52 <-- 27.616039 s

maxsize : 52
nodes : 20201255.000000
filtered : 7617519.000000
time : 79.963501
