Parameters: GAD=1 vflib=1 dir=0 label=1 lowerbound=1 fileNameGp=../graphsdb/mcs70/bvg/b03/mcs70_b03_s70.A84 fileNameGt=../graphsdb/mcs70/bvg/b03/mcs70_b03_s70.B84
Reading graphs...
70 :  105
70 :  105
Initializing...
maxdom : 8
D->valSize : 358
Solving...
Blb : 2 (clique : 31)
currentSize : 31 <-- 0.003210 s
currentSize : 32 <-- 0.003418 s
currentSize : 33 <-- 0.003442 s
currentSize : 34 <-- 0.003600 s
currentSize : 35 <-- 0.023582 s
currentSize : 36 <-- 0.789384 s
currentSize : 37 <-- 1.652090 s
currentSize : 38 <-- 1.652493 s
currentSize : 39 <-- 4.317606 s
currentSize : 40 <-- 4.321712 s
currentSize : 41 <-- 6.167434 s
currentSize : 42 <-- 7.690545 s
currentSize : 43 <-- 8.157327 s
currentSize : 44 <-- 12.849879 s
currentSize : 45 <-- 12.850102 s
currentSize : 46 <-- 14.714894 s
currentSize : 47 <-- 22.298040 s
currentSize : 48 <-- 71.176605 s

maxsize : 48
nodes : 18766785.000000
filtered : 105356558.000000
time : 81.157867
