Parameters: GAD=1 vflib=1 dir=0 label=1 lowerbound=1 fileNameGp=../graphsdb/mcs70/bvg/b09/mcs70_b09_s100.A47 fileNameGt=../graphsdb/mcs70/bvg/b09/mcs70_b09_s100.B47
Reading graphs...
100 :  448
100 :  449
Initializing...
maxdom : 10
D->valSize : 431
Solving...
Blb : 2 (clique : 45)
currentSize : 45 <-- 0.008016 s
currentSize : 51 <-- 0.015767 s
currentSize : 52 <-- 0.015980 s
currentSize : 54 <-- 0.016122 s
currentSize : 65 <-- 0.031481 s
currentSize : 70 <-- 0.037268 s

maxsize : 70
nodes : 1132341.000000
filtered : 8429792.000000
time : 6.970295
