Parameters: GAD=1 vflib=1 dir=0 label=1 lowerbound=1 fileNameGp=../graphsdb/mcs70/m2D/m2Dr6/mcs70_m2Dr6_s80.A07 fileNameGt=../graphsdb/mcs70/m2D/m2Dr6/mcs70_m2Dr6_s80.B07
Reading graphs...
80 :  187
80 :  184
Initializing...
maxdom : 9
D->valSize : 440
Solving...
Blb : 2 (clique : 32)
currentSize : 32 <-- 0.004524 s
currentSize : 33 <-- 15.578727 s
currentSize : 34 <-- 16.505585 s
currentSize : 35 <-- 185.082291 s
currentSize : 36 <-- 354.614166 s
currentSize : 37 <-- 375.964417 s
currentSize : 38 <-- 391.163513 s
currentSize : 39 <-- 410.611938 s
currentSize : 40 <-- 410.612366 s
currentSize : 41 <-- 557.889160 s
currentSize : 42 <-- 557.889221 s
currentSize : 43 <-- 760.921570 s
currentSize : 44 <-- 760.926697 s
currentSize : 45 <-- 1732.672241 s
currentSize : 46 <-- 1732.683228 s

maxsize : 46
nodes : 446849474.000000
filtered : 3184341225.000000
time : 2285.349365
