Parameters: GAD=1 vflib=1 dir=0 label=1 lowerbound=1 fileNameGp=../graphsdb/mcs70/bvg/b03/mcs70_b03_s50.A67 fileNameGt=../graphsdb/mcs70/bvg/b03/mcs70_b03_s50.B67
Reading graphs...
50 :  74
50 :  75
Initializing...
maxdom : 10
D->valSize : 332
Solving...
Blb : 2 (clique : 20)
currentSize : 20 <-- 0.002561 s
currentSize : 25 <-- 0.002682 s
currentSize : 26 <-- 0.003180 s
currentSize : 27 <-- 0.004121 s
currentSize : 28 <-- 0.004365 s
currentSize : 29 <-- 0.831797 s
currentSize : 30 <-- 8.624292 s
currentSize : 31 <-- 23.089811 s
currentSize : 33 <-- 32.850544 s
currentSize : 34 <-- 32.850613 s
currentSize : 35 <-- 32.850708 s

maxsize : 35
nodes : 8367381.000000
filtered : 96586441.000000
time : 35.652328
