Parameters: GAD=1 vflib=1 dir=0 label=1 lowerbound=1 fileNameGp=../graphsdb/mcs70/m2D/m2Dr2/mcs70_m2Dr2_s50.A71 fileNameGt=../graphsdb/mcs70/m2D/m2Dr2/mcs70_m2Dr2_s50.B71
Reading graphs...
50 :  95
50 :  94
Initializing...
maxdom : 13
D->valSize : 388
Solving...
Blb : 2 (clique : 26)
currentSize : 26 <-- 0.003091 s
currentSize : 27 <-- 0.003308 s
currentSize : 29 <-- 0.200505 s
currentSize : 32 <-- 0.689032 s
currentSize : 33 <-- 1.163672 s
currentSize : 36 <-- 1.732922 s

maxsize : 36
nodes : 405363.000000
filtered : 5097375.000000
time : 1.826665
