Parameters: GAD=1 vflib=1 dir=0 label=1 lowerbound=1 fileNameGp=../graphsdb/mcs70/bvg/b06m/mcs70_b06m_s40.A49 fileNameGt=../graphsdb/mcs70/bvg/b06m/mcs70_b06m_s40.B49
Reading graphs...
40 :  118
40 :  118
Initializing...
maxdom : 9
D->valSize : 229
Solving...
Blb : 3 (clique : 12)
currentSize : 12 <-- 0.001434 s
currentSize : 13 <-- 0.001562 s
currentSize : 14 <-- 0.002830 s
currentSize : 15 <-- 0.003330 s
currentSize : 16 <-- 0.005769 s
currentSize : 17 <-- 0.006158 s
currentSize : 20 <-- 0.009058 s
currentSize : 22 <-- 0.009563 s
currentSize : 25 <-- 0.040556 s
currentSize : 26 <-- 0.040638 s
currentSize : 27 <-- 0.040914 s

maxsize : 27
nodes : 16678.000000
filtered : 129447.000000
time : 0.059355
