Parameters: GAD=1 vflib=1 dir=0 label=1 lowerbound=1 fileNameGp=../graphsdb/mcs70/bvg/b06/mcs70_b06_s100.A17 fileNameGt=../graphsdb/mcs70/bvg/b06/mcs70_b06_s100.B17
Reading graphs...
100 :  300
100 :  297
Initializing...
maxdom : 6
D->valSize : 392
Solving...
Blb : 3 (clique : 46)
currentSize : 46 <-- 0.004174 s
currentSize : 47 <-- 5.741626 s
currentSize : 48 <-- 5.741697 s
currentSize : 49 <-- 5.742454 s
currentSize : 50 <-- 5.748768 s
currentSize : 51 <-- 5.752595 s
currentSize : 52 <-- 5.921206 s
currentSize : 53 <-- 5.936854 s
currentSize : 54 <-- 361.585571 s
currentSize : 55 <-- 361.586212 s
currentSize : 56 <-- 362.102753 s
currentSize : 59 <-- 362.102966 s
currentSize : 62 <-- 362.140900 s
currentSize : 63 <-- 412.248993 s
currentSize : 64 <-- 445.827820 s
currentSize : 65 <-- 445.828033 s
currentSize : 66 <-- 445.828705 s
currentSize : 68 <-- 445.910034 s
currentSize : 69 <-- 445.910278 s
currentSize : 70 <-- 445.910858 s

maxsize : 70
nodes : 96510744.000000
filtered : 371690873.000000
time : 508.437897
