Parameters: GAD=1 vflib=1 dir=0 label=1 lowerbound=1 fileNameGp=../graphsdb/mcs70/m3D/m3Dr4/mcs70_m3Dr4_s40.A89 fileNameGt=../graphsdb/mcs70/m3D/m3Dr4/mcs70_m3Dr4_s40.B89
Reading graphs...
40 :  98
40 :  99
Initializing...
maxdom : 9
D->valSize : 236
Solving...
Blb : 3 (clique : 18)
currentSize : 18 <-- 0.001469 s
currentSize : 19 <-- 0.016437 s
currentSize : 20 <-- 0.016478 s
currentSize : 22 <-- 0.032254 s
currentSize : 23 <-- 0.055863 s
currentSize : 24 <-- 0.070797 s
currentSize : 27 <-- 0.071330 s

maxsize : 27
nodes : 30161.000000
filtered : 207075.000000
time : 0.098531
