Parameters: GAD=1 vflib=1 dir=0 label=1 lowerbound=1 fileNameGp=../graphsdb/mcs70/m2D/m2Dr6/mcs70_m2Dr6_s100.A87 fileNameGt=../graphsdb/mcs70/m2D/m2Dr6/mcs70_m2Dr6_s100.B87
Reading graphs...
100 :  240
100 :  236
Initializing...
maxdom : 7
D->valSize : 348
Solving...
Blb : 2 (clique : 52)
currentSize : 52 <-- 0.006758 s
currentSize : 53 <-- 0.012107 s
currentSize : 54 <-- 0.014490 s
currentSize : 55 <-- 0.049045 s
currentSize : 56 <-- 0.067132 s
currentSize : 57 <-- 0.175484 s
currentSize : 58 <-- 0.226715 s
currentSize : 59 <-- 0.326092 s
currentSize : 60 <-- 0.332924 s
currentSize : 61 <-- 0.398760 s
currentSize : 63 <-- 4.982889 s
currentSize : 64 <-- 6.317903 s

maxsize : 64
nodes : 110827794.000000
filtered : 323552276.000000
time : 542.905273
