Parameters: GAD=1 vflib=1 dir=0 label=1 lowerbound=1 fileNameGp=../graphsdb/mcs70/m2D/m2Dr6/mcs70_m2Dr6_s90.A67 fileNameGt=../graphsdb/mcs70/m2D/m2Dr6/mcs70_m2Dr6_s90.B67
Reading graphs...
90 :  214
90 :  213
Initializing...
maxdom : 12
D->valSize : 614
Solving...
Blb : 2 (clique : 53)
currentSize : 53 <-- 0.013224 s
currentSize : 58 <-- 0.057365 s
currentSize : 61 <-- 887.211853 s
currentSize : 62 <-- 1576.683105 s
currentSize : 63 <-- 2480.782227 s

maxsize : 63
nodes : 554452028.000000
filtered : 3590321345.000000
time : 2902.773438
