Parameters: GAD=1 vflib=1 dir=0 label=1 lowerbound=1 fileNameGp=../graphsdb/mcs70/bvg/b09/mcs70_b09_s40.A15 fileNameGt=../graphsdb/mcs70/bvg/b09/mcs70_b09_s40.B15
Reading graphs...
40 :  178
40 :  177
Initializing...
maxdom : 8
D->valSize : 240
Solving...
Blb : 2 (clique : 17)
currentSize : 17 <-- 0.001350 s
currentSize : 18 <-- 0.001437 s
currentSize : 22 <-- 0.002026 s
currentSize : 25 <-- 0.002076 s
currentSize : 28 <-- 0.002725 s

maxsize : 28
nodes : 2632.000000
filtered : 18473.000000
time : 0.009203
