Parameters: GAD=1 vflib=1 dir=0 label=1 lowerbound=1 fileNameGp=../graphsdb/mcs70/bvg/b03/mcs70_b03_s80.A12 fileNameGt=../graphsdb/mcs70/bvg/b03/mcs70_b03_s80.B12
Reading graphs...
80 :  120
80 :  120
Initializing...
maxdom : 10
D->valSize : 471
Solving...
Blb : 2 (clique : 51)
currentSize : 51 <-- 0.005121 s
currentSize : 52 <-- 0.005802 s
currentSize : 53 <-- 0.018247 s
currentSize : 54 <-- 0.021778 s
currentSize : 55 <-- 1.042604 s
currentSize : 56 <-- 1.050495 s

maxsize : 56
nodes : 49791432.000000
filtered : 244980141.000000
time : 248.763168
