Parameters: GAD=1 vflib=1 dir=0 label=1 lowerbound=1 fileNameGp=../graphsdb/mcs70/bvg/b09/mcs70_b09_s90.A28 fileNameGt=../graphsdb/mcs70/bvg/b09/mcs70_b09_s90.B28
Reading graphs...
90 :  405
90 :  405
Initializing...
maxdom : 11
D->valSize : 548
Solving...
Blb : 3 (clique : 29)
currentSize : 29 <-- 0.010561 s
currentSize : 30 <-- 0.013261 s
currentSize : 31 <-- 0.014063 s
currentSize : 34 <-- 0.016196 s
currentSize : 35 <-- 0.018054 s
currentSize : 36 <-- 0.731484 s
currentSize : 37 <-- 0.731771 s
currentSize : 38 <-- 0.733503 s
currentSize : 39 <-- 0.733717 s
currentSize : 40 <-- 1.794899 s
currentSize : 42 <-- 2.470813 s
currentSize : 46 <-- 2.694950 s
currentSize : 48 <-- 2.702408 s
currentSize : 51 <-- 11.891730 s
currentSize : 54 <-- 11.895424 s
currentSize : 59 <-- 14.846534 s
currentSize : 62 <-- 14.846831 s

maxsize : 62
nodes : 3156685.000000
filtered : 22263222.000000
time : 17.177912
