Parameters: GAD=1 vflib=1 dir=0 label=1 lowerbound=1 fileNameGp=../graphsdb/mcs70/bvg/b03m/mcs70_b03m_s20.A07 fileNameGt=../graphsdb/mcs70/bvg/b03m/mcs70_b03m_s20.B07
Reading graphs...
20 :  29
20 :  29
Initializing...
maxdom : 7
D->valSize : 103
Solving...
Blb : 2 (clique : 9)
currentSize : 9 <-- 0.000597 s
currentSize : 10 <-- 0.000783 s
currentSize : 11 <-- 0.001005 s
currentSize : 12 <-- 0.001051 s
currentSize : 13 <-- 0.001193 s

maxsize : 13
nodes : 1031.000000
filtered : 7085.000000
time : 0.002971
