Parameters: GAD=1 vflib=1 dir=0 label=1 lowerbound=1 fileNameGp=../graphsdb/mcs70/bvg/b06/mcs70_b06_s50.A51 fileNameGt=../graphsdb/mcs70/bvg/b06/mcs70_b06_s50.B51
Reading graphs...
50 :  149
50 :  150
Initializing...
maxdom : 8
D->valSize : 324
Solving...
Blb : 3 (clique : 15)
currentSize : 15 <-- 0.002336 s
currentSize : 16 <-- 0.002964 s
currentSize : 17 <-- 0.003015 s
currentSize : 18 <-- 0.003958 s
currentSize : 20 <-- 0.005269 s
currentSize : 22 <-- 0.031272 s
currentSize : 23 <-- 0.036288 s
currentSize : 24 <-- 0.058379 s
currentSize : 25 <-- 0.140364 s
currentSize : 27 <-- 0.140411 s
currentSize : 30 <-- 0.321669 s
currentSize : 31 <-- 0.321724 s
currentSize : 32 <-- 0.321844 s
currentSize : 33 <-- 0.321902 s
currentSize : 35 <-- 0.786850 s

maxsize : 35
nodes : 253091.000000
filtered : 2073370.000000
time : 0.998407
