Parameters: GAD=1 vflib=1 dir=0 label=1 lowerbound=1 fileNameGp=../graphsdb/mcs70/m3D/m3D/mcs70_m3D_s35.A97 fileNameGt=../graphsdb/mcs70/m3D/m3D/mcs70_m3D_s35.B97
Reading graphs...
35 :  71
35 :  72
Initializing...
maxdom : 7
D->valSize : 171
Solving...
Blb : 2 (clique : 14)
currentSize : 14 <-- 0.000991 s
currentSize : 15 <-- 0.001062 s
currentSize : 16 <-- 0.001079 s
currentSize : 17 <-- 0.001094 s
currentSize : 19 <-- 0.001159 s
currentSize : 22 <-- 0.001196 s
currentSize : 27 <-- 0.001291 s

maxsize : 27
nodes : 216.000000
filtered : 1158.000000
time : 0.001481
