Parameters: GAD=1 vflib=1 dir=0 label=1 lowerbound=1 fileNameGp=../graphsdb/mcs70/m2D/m2Dr4/mcs70_m2Dr4_s70.A63 fileNameGt=../graphsdb/mcs70/m2D/m2Dr4/mcs70_m2Dr4_s70.B63
Reading graphs...
70 :  149
70 :  149
Initializing...
maxdom : 8
D->valSize : 358
Solving...
Blb : 2 (clique : 41)
currentSize : 41 <-- 0.005230 s
currentSize : 42 <-- 0.005634 s
currentSize : 43 <-- 0.005924 s
currentSize : 44 <-- 0.007646 s
currentSize : 45 <-- 0.008021 s
currentSize : 46 <-- 1.182190 s
currentSize : 47 <-- 1.182424 s

maxsize : 47
nodes : 9424261.000000
filtered : 35494941.000000
time : 38.367729
