Parameters: GAD=1 vflib=1 dir=0 label=1 lowerbound=1 fileNameGp=../graphsdb/mcs70/m3D/m3D/mcs70_m3D_s100.A41 fileNameGt=../graphsdb/mcs70/m3D/m3D/mcs70_m3D_s100.B41
Reading graphs...
100 :  234
100 :  233
Initializing...
maxdom : 8
D->valSize : 386
Solving...
Blb : 3 (clique : 41)
currentSize : 41 <-- 0.004160 s
currentSize : 42 <-- 5.335599 s
currentSize : 43 <-- 20.232899 s
currentSize : 44 <-- 20.249367 s
currentSize : 46 <-- 73.911919 s
currentSize : 47 <-- 74.569649 s
currentSize : 49 <-- 75.116608 s
currentSize : 50 <-- 99.592018 s
currentSize : 51 <-- 100.500366 s
currentSize : 52 <-- 100.537895 s
currentSize : 53 <-- 337.494904 s
currentSize : 54 <-- 337.528076 s
currentSize : 55 <-- 337.528168 s
currentSize : 56 <-- 338.511475 s
currentSize : 57 <-- 345.512939 s
currentSize : 59 <-- 408.479401 s
currentSize : 60 <-- 1887.529297 s
currentSize : 61 <-- 1887.696777 s
currentSize : 62 <-- 1887.712769 s
currentSize : 63 <-- 1888.802856 s
currentSize : 64 <-- 1937.685669 s

TIMEOUT
maxsize : 64
nodes : 713875353.000000
filtered : 2417250718.000000
time : 3600.000000
