Parameters: GAD=1 vflib=1 dir=0 label=1 lowerbound=1 fileNameGp=../graphsdb/mcs70/m2D/m2Dr6/mcs70_m2Dr6_s80.A50 fileNameGt=../graphsdb/mcs70/m2D/m2Dr6/mcs70_m2Dr6_s80.B50
Reading graphs...
80 :  189
80 :  185
Initializing...
maxdom : 10
D->valSize : 451
Solving...
Blb : 3 (clique : 40)
currentSize : 40 <-- 0.004780 s
currentSize : 42 <-- 0.042381 s
currentSize : 43 <-- 0.042507 s
currentSize : 45 <-- 0.152605 s
currentSize : 47 <-- 0.564924 s
currentSize : 48 <-- 90.583435 s

maxsize : 48
nodes : 146373066.000000
filtered : 708326095.000000
time : 688.206055
