Parameters: GAD=1 vflib=1 dir=0 label=1 lowerbound=1 fileNameGp=../graphsdb/mcs70/bvg/b06m/mcs70_b06m_s100.A69 fileNameGt=../graphsdb/mcs70/bvg/b06m/mcs70_b06m_s100.B69
Reading graphs...
100 :  295
100 :  295
Initializing...
maxdom : 7
D->valSize : 406
Solving...
Blb : 3 (clique : 51)
currentSize : 51 <-- 0.007344 s
currentSize : 53 <-- 14.013474 s
currentSize : 54 <-- 14.013619 s
currentSize : 56 <-- 14.357466 s
currentSize : 57 <-- 14.357607 s
currentSize : 58 <-- 113.571892 s
currentSize : 59 <-- 113.572060 s
currentSize : 60 <-- 113.578300 s
currentSize : 61 <-- 258.071869 s
currentSize : 63 <-- 258.072021 s
currentSize : 64 <-- 325.044983 s
currentSize : 66 <-- 325.045166 s
currentSize : 67 <-- 325.047241 s

maxsize : 67
nodes : 85000224.000000
filtered : 336103196.000000
time : 428.661407
