Parameters: GAD=1 vflib=1 dir=0 label=1 lowerbound=1 fileNameGp=../graphsdb/mcs70/m2D/m2Dr4/mcs70_m2Dr4_s40.A17 fileNameGt=../graphsdb/mcs70/m2D/m2Dr4/mcs70_m2Dr4_s40.B17
Reading graphs...
40 :  83
40 :  83
Initializing...
maxdom : 8
D->valSize : 222
Solving...
Blb : 5 (clique : 16)
currentSize : 16 <-- 0.002043 s
currentSize : 18 <-- 0.002161 s
currentSize : 20 <-- 0.002243 s
currentSize : 21 <-- 0.006765 s
currentSize : 25 <-- 0.016309 s

maxsize : 25
nodes : 37488.000000
filtered : 143345.000000
time : 0.173309
