Parameters: GAD=1 vflib=1 dir=0 label=1 lowerbound=1 fileNameGp=../graphsdb/mcs70/bvg/b06/mcs70_b06_s80.A92 fileNameGt=../graphsdb/mcs70/bvg/b06/mcs70_b06_s80.B92
Reading graphs...
80 :  239
80 :  238
Initializing...
maxdom : 9
D->valSize : 454
Solving...
Blb : 2 (clique : 34)
currentSize : 34 <-- 0.007587 s
currentSize : 40 <-- 7.933167 s
currentSize : 41 <-- 7.934117 s
currentSize : 44 <-- 11.916628 s
currentSize : 47 <-- 11.916935 s
currentSize : 48 <-- 11.917806 s
currentSize : 54 <-- 34.343136 s
currentSize : 55 <-- 34.343296 s
currentSize : 56 <-- 34.343506 s

maxsize : 56
nodes : 7070340.000000
filtered : 57371042.000000
time : 38.396748
