Parameters: GAD=1 vflib=1 dir=0 label=1 lowerbound=1 fileNameGp=../graphsdb/mcs70/m3D/m3D/mcs70_m3D_s35.A49 fileNameGt=../graphsdb/mcs70/m3D/m3D/mcs70_m3D_s35.B49
Reading graphs...
35 :  70
35 :  72
Initializing...
maxdom : 9
D->valSize : 203
Solving...
Blb : 2 (clique : 17)
currentSize : 17 <-- 0.001202 s
currentSize : 18 <-- 0.002644 s
currentSize : 22 <-- 0.004778 s
currentSize : 23 <-- 0.005077 s
currentSize : 25 <-- 0.005434 s
currentSize : 27 <-- 0.006414 s

maxsize : 27
nodes : 1559.000000
filtered : 14507.000000
time : 0.006564
