Parameters: GAD=1 vflib=1 dir=0 label=1 lowerbound=1 fileNameGp=../graphsdb/mcs70/m3D/m3D/mcs70_m3D_s90.A70 fileNameGt=../graphsdb/mcs70/m3D/m3D/mcs70_m3D_s90.B70
Reading graphs...
90 :  209
90 :  208
Initializing...
maxdom : 10
D->valSize : 558
Solving...
Blb : 2 (clique : 42)
currentSize : 42 <-- 0.006666 s
currentSize : 54 <-- 0.006982 s
currentSize : 56 <-- 0.008299 s
currentSize : 58 <-- 0.040142 s
currentSize : 62 <-- 0.542915 s
currentSize : 64 <-- 0.560381 s

maxsize : 64
nodes : 30874478.000000
filtered : 220145159.000000
time : 168.711578
