Parameters: GAD=1 vflib=1 dir=0 label=1 lowerbound=1 fileNameGp=../graphsdb/mcs70/m3D/m3Dr2/mcs70_m3Dr2_s100.A21 fileNameGt=../graphsdb/mcs70/m3D/m3Dr2/mcs70_m3Dr2_s100.B21
Reading graphs...
100 :  254
100 :  255
Initializing...
maxdom : 7
D->valSize : 379
Solving...
Blb : 3 (clique : 44)
currentSize : 44 <-- 0.007426 s
currentSize : 47 <-- 0.016446 s
currentSize : 49 <-- 0.025899 s
currentSize : 51 <-- 25.737471 s
currentSize : 53 <-- 25.761353 s
currentSize : 55 <-- 939.991577 s
currentSize : 56 <-- 939.991760 s
currentSize : 57 <-- 940.016968 s
currentSize : 58 <-- 940.017151 s
currentSize : 59 <-- 2391.977783 s
currentSize : 61 <-- 2391.982422 s
currentSize : 64 <-- 2391.994873 s

maxsize : 64
nodes : 520857478.000000
filtered : 2169198736.000000
time : 2738.881592
