Parameters: GAD=1 vflib=1 dir=0 label=1 lowerbound=1 fileNameGp=../graphsdb/mcs70/rand/r01/mcs70_r01_s100.A29 fileNameGt=../graphsdb/mcs70/rand/r01/mcs70_r01_s100.B29
Reading graphs...
100 :  934
100 :  938
Initializing...
maxdom : 10
D->valSize : 385
Solving...
Blb : 3 (clique : 15)
currentSize : 15 <-- 0.003784 s
currentSize : 17 <-- 0.011870 s
currentSize : 19 <-- 0.026181 s
currentSize : 21 <-- 0.026257 s
currentSize : 29 <-- 0.045504 s
currentSize : 34 <-- 0.045728 s
currentSize : 36 <-- 0.068882 s
currentSize : 45 <-- 0.071792 s
currentSize : 48 <-- 0.274242 s
currentSize : 63 <-- 0.274643 s
currentSize : 64 <-- 0.275187 s

maxsize : 64
nodes : 72904.000000
filtered : 454087.000000
time : 0.401483
