Parameters: GAD=1 vflib=1 dir=0 label=1 lowerbound=1 fileNameGp=../graphsdb/mcs70/bvg/b03m/mcs70_b03m_s60.A89 fileNameGt=../graphsdb/mcs70/bvg/b03m/mcs70_b03m_s60.B89
Reading graphs...
60 :  90
60 :  90
Initializing...
maxdom : 7
D->valSize : 281
Solving...
Blb : 3 (clique : 33)
currentSize : 33 <-- 0.002287 s
currentSize : 34 <-- 0.088504 s
currentSize : 36 <-- 10.567028 s
currentSize : 37 <-- 10.567294 s
currentSize : 38 <-- 12.967179 s
currentSize : 39 <-- 12.967302 s
currentSize : 40 <-- 13.105803 s
currentSize : 41 <-- 13.105883 s
currentSize : 42 <-- 13.105975 s
currentSize : 43 <-- 13.115187 s

maxsize : 43
nodes : 3396843.000000
filtered : 20634409.000000
time : 14.768336
