Parameters: GAD=1 vflib=1 dir=0 label=1 lowerbound=1 fileNameGp=../graphsdb/mcs70/m2D/m2Dr2/mcs70_m2Dr2_s35.A40 fileNameGt=../graphsdb/mcs70/m2D/m2Dr2/mcs70_m2Dr2_s35.B40
Reading graphs...
35 :  65
35 :  65
Initializing...
maxdom : 7
D->valSize : 173
Solving...
Blb : 2 (clique : 20)
currentSize : 20 <-- 0.001070 s
currentSize : 22 <-- 0.001192 s
currentSize : 23 <-- 0.001245 s
currentSize : 24 <-- 0.001282 s
currentSize : 25 <-- 0.001367 s

maxsize : 25
nodes : 4204.000000
filtered : 24405.000000
time : 0.013587
