Parameters: GAD=1 vflib=1 dir=0 label=1 lowerbound=1 fileNameGp=../graphsdb/mcs70/bvg/b06/mcs70_b06_s90.A94 fileNameGt=../graphsdb/mcs70/bvg/b06/mcs70_b06_s90.B94
Reading graphs...
90 :  270
90 :  269
Initializing...
maxdom : 9
D->valSize : 558
Solving...
Blb : 2 (clique : 48)
currentSize : 48 <-- 0.006890 s
currentSize : 52 <-- 0.007259 s
currentSize : 53 <-- 0.545577 s
currentSize : 55 <-- 4.242326 s
currentSize : 60 <-- 4.243915 s
currentSize : 62 <-- 13.449214 s
currentSize : 63 <-- 13.450310 s

maxsize : 63
nodes : 6986358.000000
filtered : 57059421.000000
time : 41.813049
