Parameters: GAD=1 vflib=1 dir=0 label=1 lowerbound=1 fileNameGp=../graphsdb/mcs70/bvg/b06/mcs70_b06_s30.A55 fileNameGt=../graphsdb/mcs70/bvg/b06/mcs70_b06_s30.B55
Reading graphs...
30 :  90
30 :  90
Initializing...
maxdom : 8
D->valSize : 145
Solving...
Blb : 3 (clique : 10)
currentSize : 10 <-- 0.000901 s
currentSize : 11 <-- 0.001115 s
currentSize : 13 <-- 0.001687 s
currentSize : 16 <-- 0.001716 s
currentSize : 19 <-- 0.002508 s
currentSize : 21 <-- 0.003020 s

maxsize : 21
nodes : 832.000000
filtered : 5527.000000
time : 0.003379
