Parameters: GAD=1 vflib=1 dir=0 label=1 lowerbound=1 fileNameGp=../graphsdb/mcs70/bvg/b03/mcs70_b03_s70.A60 fileNameGt=../graphsdb/mcs70/bvg/b03/mcs70_b03_s70.B60
Reading graphs...
70 :  105
70 :  104
Initializing...
maxdom : 8
D->valSize : 344
Solving...
Blb : 2 (clique : 35)
currentSize : 35 <-- 0.003272 s
currentSize : 37 <-- 0.003500 s
currentSize : 38 <-- 0.003657 s
currentSize : 39 <-- 0.003852 s
currentSize : 40 <-- 0.003963 s
currentSize : 42 <-- 0.004019 s
currentSize : 44 <-- 0.748063 s
currentSize : 45 <-- 7.363069 s
currentSize : 47 <-- 17.563896 s
currentSize : 48 <-- 17.564060 s

maxsize : 48
nodes : 10276667.000000
filtered : 61415334.000000
time : 47.094063
