Parameters: GAD=1 vflib=1 dir=0 label=1 lowerbound=1 fileNameGp=../graphsdb/mcs70/m2D/m2D/mcs70_m2D_s80.A37 fileNameGt=../graphsdb/mcs70/m2D/m2D/mcs70_m2D_s80.B37
Reading graphs...
80 :  142
80 :  141
Initializing...
maxdom : 9
D->valSize : 440
Solving...
Blb : 2 (clique : 43)
currentSize : 43 <-- 0.007497 s
currentSize : 44 <-- 0.008154 s
currentSize : 45 <-- 0.062061 s
currentSize : 46 <-- 10.766938 s
currentSize : 47 <-- 170.720703 s
currentSize : 48 <-- 405.038940 s
currentSize : 49 <-- 409.861938 s
currentSize : 50 <-- 409.862091 s

maxsize : 50
nodes : 142187099.000000
filtered : 821957881.000000
time : 714.872803
