Parameters: GAD=1 vflib=1 dir=0 label=1 lowerbound=1 fileNameGp=../graphsdb/mcs70/bvg/b03m/mcs70_b03m_s20.A68 fileNameGt=../graphsdb/mcs70/bvg/b03m/mcs70_b03m_s20.B68
Reading graphs...
20 :  29
20 :  30
Initializing...
maxdom : 8
D->valSize : 135
Solving...
Blb : 2 (clique : 9)
currentSize : 9 <-- 0.000702 s
currentSize : 11 <-- 0.000744 s
currentSize : 12 <-- 0.000755 s
currentSize : 13 <-- 0.001314 s
currentSize : 14 <-- 0.002349 s

maxsize : 14
nodes : 714.000000
filtered : 6067.000000
time : 0.002550
