Parameters: GAD=1 vflib=1 dir=0 label=1 lowerbound=1 fileNameGp=../graphsdb/mcs70/rand/r005/mcs70_r005_s50.A58 fileNameGt=../graphsdb/mcs70/rand/r005/mcs70_r005_s50.B58
Reading graphs...
50 :  119
50 :  121
Initializing...
maxdom : 7
D->valSize : 303
Solving...
Blb : 2 (clique : 17)
currentSize : 17 <-- 0.002439 s
currentSize : 18 <-- 0.028539 s
currentSize : 19 <-- 0.052771 s
currentSize : 20 <-- 0.145602 s
currentSize : 21 <-- 0.145666 s
currentSize : 22 <-- 0.622557 s
currentSize : 23 <-- 0.734988 s
currentSize : 24 <-- 0.814574 s
currentSize : 25 <-- 0.835712 s
currentSize : 26 <-- 0.835894 s
currentSize : 28 <-- 0.850912 s
currentSize : 29 <-- 0.856985 s
currentSize : 31 <-- 0.857213 s
currentSize : 32 <-- 0.857397 s
currentSize : 35 <-- 0.862664 s

maxsize : 35
nodes : 218934.000000
filtered : 1887126.000000
time : 0.867256
