Parameters: GAD=1 vflib=1 dir=0 label=1 lowerbound=1 fileNameGp=../graphsdb/mcs70/bvg/b03/mcs70_b03_s80.A16 fileNameGt=../graphsdb/mcs70/bvg/b03/mcs70_b03_s80.B16
Reading graphs...
80 :  120
80 :  120
Initializing...
maxdom : 9
D->valSize : 428
Solving...
Blb : 2 (clique : 41)
currentSize : 41 <-- 0.004486 s
currentSize : 42 <-- 0.004833 s
currentSize : 43 <-- 0.005011 s
currentSize : 44 <-- 0.005413 s
currentSize : 46 <-- 0.006503 s
currentSize : 47 <-- 0.006550 s
currentSize : 48 <-- 0.006612 s
currentSize : 50 <-- 0.008257 s
currentSize : 51 <-- 0.009224 s
currentSize : 52 <-- 0.012767 s
currentSize : 53 <-- 8.827861 s
currentSize : 54 <-- 8.828358 s
currentSize : 55 <-- 8.880054 s
currentSize : 56 <-- 8.880142 s
currentSize : 57 <-- 58.404037 s

maxsize : 57
nodes : 19975607.000000
filtered : 127121343.000000
time : 101.212692
