Parameters: GAD=1 vflib=1 dir=0 label=1 lowerbound=1 fileNameGp=../graphsdb/mcs70/bvg/b09/mcs70_b09_s40.A14 fileNameGt=../graphsdb/mcs70/bvg/b09/mcs70_b09_s40.B14
Reading graphs...
40 :  179
40 :  178
Initializing...
maxdom : 9
D->valSize : 239
Solving...
Blb : 2 (clique : 8)
currentSize : 8 <-- 0.001347 s
currentSize : 9 <-- 0.002099 s
currentSize : 10 <-- 0.002430 s
currentSize : 11 <-- 0.002466 s
currentSize : 12 <-- 0.006773 s
currentSize : 28 <-- 0.022750 s

maxsize : 28
nodes : 6689.000000
filtered : 61677.000000
time : 0.023643
