Parameters: GAD=1 vflib=1 dir=0 label=1 lowerbound=1 fileNameGp=../graphsdb/mcs70/m2D/m2Dr2/mcs70_m2Dr2_s40.A22 fileNameGt=../graphsdb/mcs70/m2D/m2Dr2/mcs70_m2Dr2_s40.B22
Reading graphs...
40 :  75
40 :  74
Initializing...
maxdom : 8
D->valSize : 219
Solving...
Blb : 3 (clique : 20)
currentSize : 20 <-- 0.001391 s
currentSize : 21 <-- 0.012608 s
currentSize : 22 <-- 0.179311 s
currentSize : 23 <-- 0.179363 s
currentSize : 25 <-- 0.180971 s

maxsize : 25
nodes : 57394.000000
filtered : 497180.000000
time : 0.211671
