Parameters: GAD=1 vflib=1 dir=0 label=1 lowerbound=1 fileNameGp=../graphsdb/mcs70/bvg/b06/mcs70_b06_s100.A31 fileNameGt=../graphsdb/mcs70/bvg/b06/mcs70_b06_s100.B31
Reading graphs...
100 :  300
100 :  297
Initializing...
maxdom : 6
D->valSize : 366
Solving...
Blb : 3 (clique : 43)
currentSize : 43 <-- 0.006524 s
currentSize : 45 <-- 2.963630 s
currentSize : 46 <-- 50.020046 s
currentSize : 47 <-- 237.836868 s
currentSize : 48 <-- 243.991653 s
currentSize : 51 <-- 256.416199 s
currentSize : 52 <-- 256.593658 s
currentSize : 54 <-- 937.680786 s
currentSize : 55 <-- 937.685425 s
currentSize : 56 <-- 937.689514 s
currentSize : 57 <-- 1540.591064 s
currentSize : 60 <-- 1541.639648 s
currentSize : 61 <-- 1541.639893 s
currentSize : 62 <-- 1541.640991 s
currentSize : 63 <-- 1541.654907 s
currentSize : 64 <-- 2021.849854 s
currentSize : 65 <-- 2021.849976 s
currentSize : 66 <-- 2021.850098 s
currentSize : 67 <-- 2021.850830 s
currentSize : 68 <-- 2021.895508 s
currentSize : 69 <-- 2021.895630 s
currentSize : 70 <-- 2021.896362 s

maxsize : 70
nodes : 422045610.000000
filtered : 1576273329.000000
time : 2147.244873
