Parameters: GAD=1 vflib=1 dir=0 label=1 lowerbound=1 fileNameGp=../graphsdb/mcs70/rand/r005/mcs70_r005_s25.A19 fileNameGt=../graphsdb/mcs70/rand/r005/mcs70_r005_s25.B19
Reading graphs...
25 :  33
25 :  33
Initializing...
maxdom : 9
D->valSize : 178
Solving...
Blb : 2 (clique : 13)
currentSize : 13 <-- 0.000899 s
currentSize : 14 <-- 0.000953 s
currentSize : 15 <-- 0.001004 s
currentSize : 16 <-- 0.005696 s
currentSize : 17 <-- 0.005725 s
currentSize : 18 <-- 0.006663 s

maxsize : 18
nodes : 2004.000000
filtered : 21940.000000
time : 0.006983
