Parameters: GAD=1 vflib=1 dir=0 label=1 lowerbound=1 fileNameGp=../graphsdb/mcs70/m3D/m3Dr6/mcs70_m3Dr6_s100.A90 fileNameGt=../graphsdb/mcs70/m3D/m3Dr6/mcs70_m3Dr6_s100.B90
Reading graphs...
100 :  295
100 :  294
Initializing...
maxdom : 7
D->valSize : 370
Solving...
Blb : 3 (clique : 56)
currentSize : 56 <-- 0.003987 s
currentSize : 57 <-- 0.037686 s
currentSize : 59 <-- 10.029993 s
currentSize : 60 <-- 10.661752 s
currentSize : 62 <-- 10.662082 s
currentSize : 64 <-- 10.687548 s

maxsize : 64
nodes : 11034060.000000
filtered : 42990305.000000
time : 58.750809
