Parameters: GAD=1 vflib=1 dir=0 label=1 lowerbound=1 fileNameGp=../graphsdb/mcs70/m3D/m3D/mcs70_m3D_s90.A22 fileNameGt=../graphsdb/mcs70/m3D/m3D/mcs70_m3D_s90.B22
Reading graphs...
90 :  209
90 :  209
Initializing...
maxdom : 11
D->valSize : 571
Solving...
Blb : 2 (clique : 37)
currentSize : 37 <-- 0.006980 s
currentSize : 38 <-- 0.007594 s
currentSize : 42 <-- 0.009469 s
currentSize : 43 <-- 0.011563 s
currentSize : 46 <-- 0.060395 s
currentSize : 49 <-- 0.067049 s
currentSize : 52 <-- 0.068713 s
currentSize : 53 <-- 0.150733 s
currentSize : 54 <-- 0.152657 s
currentSize : 55 <-- 0.152751 s
currentSize : 58 <-- 0.154653 s
currentSize : 59 <-- 0.154760 s
currentSize : 60 <-- 0.406199 s
currentSize : 62 <-- 0.417695 s
currentSize : 63 <-- 0.417809 s
currentSize : 64 <-- 0.419475 s

maxsize : 64
nodes : 3710207.000000
filtered : 28783480.000000
time : 20.932383
