Parameters: GAD=1 vflib=1 dir=0 label=1 lowerbound=1 fileNameGp=../graphsdb/mcs70/m2D/m2Dr6/mcs70_m2Dr6_s60.A57 fileNameGt=../graphsdb/mcs70/m2D/m2Dr6/mcs70_m2Dr6_s60.B57
Reading graphs...
60 :  137
60 :  138
Initializing...
maxdom : 7
D->valSize : 275
Solving...
Blb : 2 (clique : 29)
currentSize : 29 <-- 0.002173 s
currentSize : 30 <-- 0.002349 s
currentSize : 33 <-- 0.683481 s
currentSize : 34 <-- 0.683560 s
currentSize : 36 <-- 1.224299 s

maxsize : 36
nodes : 510793.000000
filtered : 3018820.000000
time : 2.163142
