Parameters: GAD=1 vflib=1 dir=0 label=1 lowerbound=1 fileNameGp=../graphsdb/mcs70/m2D/m2Dr2/mcs70_m2Dr2_s80.A38 fileNameGt=../graphsdb/mcs70/m2D/m2Dr2/mcs70_m2Dr2_s80.B38
Reading graphs...
80 :  156
80 :  157
Initializing...
maxdom : 8
D->valSize : 438
Solving...
Blb : 3 (clique : 37)
currentSize : 37 <-- 0.004456 s
currentSize : 39 <-- 0.441731 s
currentSize : 40 <-- 0.525600 s
currentSize : 41 <-- 1.042320 s
currentSize : 43 <-- 7.383188 s
currentSize : 44 <-- 8.261759 s
currentSize : 45 <-- 18.689615 s
currentSize : 46 <-- 18.690895 s
currentSize : 47 <-- 19.049932 s
currentSize : 48 <-- 19.050327 s
currentSize : 49 <-- 1061.866089 s

maxsize : 49
nodes : 288432144.000000
filtered : 1680200394.000000
time : 1433.662476
