Parameters: GAD=1 vflib=1 dir=0 label=1 lowerbound=1 fileNameGp=../graphsdb/mcs70/m2D/m2Dr4/mcs70_m2Dr4_s70.A65 fileNameGt=../graphsdb/mcs70/m2D/m2Dr4/mcs70_m2Dr4_s70.B65
Reading graphs...
70 :  151
70 :  150
Initializing...
maxdom : 9
D->valSize : 334
Solving...
Blb : 2 (clique : 32)
currentSize : 32 <-- 0.003234 s
currentSize : 34 <-- 0.005249 s
currentSize : 36 <-- 0.005328 s
currentSize : 43 <-- 0.042180 s
currentSize : 44 <-- 0.042366 s
currentSize : 49 <-- 0.084085 s

maxsize : 49
nodes : 208230.000000
filtered : 1294669.000000
time : 0.953353
