Parameters: GAD=1 vflib=1 dir=0 label=1 lowerbound=1 fileNameGp=../graphsdb/mcs70/bvg/b09m/mcs70_b09m_s70.A24 fileNameGt=../graphsdb/mcs70/bvg/b09m/mcs70_b09m_s70.B24
Reading graphs...
70 :  311
70 :  314
Initializing...
maxdom : 7
D->valSize : 359
Solving...
Blb : 2 (clique : 44)
currentSize : 44 <-- 0.004960 s
currentSize : 45 <-- 0.005297 s
currentSize : 46 <-- 0.005428 s
currentSize : 47 <-- 0.018913 s
currentSize : 48 <-- 0.019057 s

maxsize : 48
nodes : 198748.000000
filtered : 432803.000000
time : 0.693666
