Parameters: GAD=1 vflib=1 dir=0 label=1 lowerbound=1 fileNameGp=../graphsdb/mcs70/bvg/b06m/mcs70_b06m_s50.A69 fileNameGt=../graphsdb/mcs70/bvg/b06m/mcs70_b06m_s50.B69
Reading graphs...
50 :  146
50 :  146
Initializing...
maxdom : 10
D->valSize : 355
Solving...
Blb : 3 (clique : 20)
currentSize : 20 <-- 0.002737 s
currentSize : 21 <-- 0.046947 s
currentSize : 22 <-- 0.069963 s
currentSize : 24 <-- 0.070061 s
currentSize : 25 <-- 0.111441 s
currentSize : 26 <-- 0.225426 s
currentSize : 29 <-- 0.227645 s
currentSize : 30 <-- 0.230121 s
currentSize : 33 <-- 0.383523 s

maxsize : 33
nodes : 242023.000000
filtered : 1636003.000000
time : 0.851543
