Parameters: GAD=1 vflib=1 dir=0 label=1 lowerbound=1 fileNameGp=../graphsdb/mcs70/m2D/m2Dr6/mcs70_m2Dr6_s40.A16 fileNameGt=../graphsdb/mcs70/m2D/m2Dr6/mcs70_m2Dr6_s40.B16
Reading graphs...
40 :  89
40 :  86
Initializing...
maxdom : 8
D->valSize : 246
Solving...
Blb : 2 (clique : 20)
currentSize : 20 <-- 0.001509 s
currentSize : 21 <-- 0.001629 s
currentSize : 22 <-- 0.035692 s
currentSize : 23 <-- 0.043043 s
currentSize : 24 <-- 0.047518 s
currentSize : 25 <-- 0.047597 s
currentSize : 26 <-- 0.053188 s

maxsize : 26
nodes : 21133.000000
filtered : 175495.000000
time : 0.076751
