Parameters: GAD=1 vflib=1 dir=0 label=1 lowerbound=1 fileNameGp=../graphsdb/mcs70/m2D/m2Dr6/mcs70_m2Dr6_s70.A25 fileNameGt=../graphsdb/mcs70/m2D/m2Dr6/mcs70_m2Dr6_s70.B25
Reading graphs...
70 :  164
70 :  163
Initializing...
maxdom : 8
D->valSize : 356
Solving...
Blb : 3 (clique : 38)
currentSize : 38 <-- 0.005132 s
currentSize : 39 <-- 1.571794 s
currentSize : 40 <-- 2.013088 s
currentSize : 44 <-- 3.021149 s
currentSize : 46 <-- 3.021203 s
currentSize : 48 <-- 3.021435 s
currentSize : 49 <-- 3.027648 s

maxsize : 49
nodes : 1480550.000000
filtered : 7810780.000000
time : 6.550111
