Parameters: GAD=1 vflib=1 dir=0 label=1 lowerbound=1 fileNameGp=../graphsdb/mcs70/bvg/b03/mcs70_b03_s90.A28 fileNameGt=../graphsdb/mcs70/bvg/b03/mcs70_b03_s90.B28
Reading graphs...
90 :  135
90 :  135
Initializing...
maxdom : 11
D->valSize : 520
Solving...
Blb : 2 (clique : 50)
currentSize : 50 <-- 0.010336 s
currentSize : 51 <-- 159.816849 s
currentSize : 52 <-- 159.816956 s
currentSize : 56 <-- 713.518860 s
currentSize : 57 <-- 714.492981 s
currentSize : 58 <-- 741.689514 s
currentSize : 59 <-- 763.829956 s
currentSize : 61 <-- 780.008484 s
currentSize : 62 <-- 799.132751 s
currentSize : 63 <-- 835.234314 s

maxsize : 63
nodes : 141082425.000000
filtered : 941644522.000000
time : 835.596619
