Parameters: GAD=1 vflib=1 dir=0 label=1 lowerbound=1 fileNameGp=../graphsdb/mcs70/rand/r01/mcs70_r01_s100.A25 fileNameGt=../graphsdb/mcs70/rand/r01/mcs70_r01_s100.B25
Reading graphs...
100 :  945
100 :  946
Initializing...
maxdom : 6
D->valSize : 363
Solving...
Blb : 3 (clique : 17)
currentSize : 17 <-- 0.003804 s
currentSize : 18 <-- 0.003964 s
currentSize : 19 <-- 0.004039 s
currentSize : 32 <-- 0.005194 s
currentSize : 39 <-- 0.007730 s
currentSize : 50 <-- 0.019417 s
currentSize : 64 <-- 0.023120 s
currentSize : 65 <-- 0.085090 s

maxsize : 65
nodes : 48905.000000
filtered : 109591.000000
time : 0.203457
