Parameters: GAD=1 vflib=1 dir=0 label=1 lowerbound=1 fileNameGp=../graphsdb/mcs70/bvg/b03m/mcs70_b03m_s90.A11 fileNameGt=../graphsdb/mcs70/bvg/b03m/mcs70_b03m_s90.B11
Reading graphs...
90 :  134
90 :  134
Initializing...
maxdom : 9
D->valSize : 559
Solving...
Blb : 2 (clique : 54)
currentSize : 54 <-- 0.006980 s
currentSize : 59 <-- 0.007367 s
currentSize : 61 <-- 0.007513 s
currentSize : 62 <-- 0.007772 s
currentSize : 63 <-- 310.781219 s

maxsize : 63
nodes : 381066154.000000
filtered : 2515430381.000000
time : 2199.319824
