Parameters: GAD=1 vflib=1 dir=0 label=1 lowerbound=1 fileNameGp=../graphsdb/mcs70/bvg/b06/mcs70_b06_s70.A12 fileNameGt=../graphsdb/mcs70/bvg/b06/mcs70_b06_s70.B12
Reading graphs...
70 :  209
70 :  210
Initializing...
maxdom : 8
D->valSize : 395
Solving...
Blb : 2 (clique : 32)
currentSize : 32 <-- 0.003499 s
currentSize : 33 <-- 0.003698 s
currentSize : 34 <-- 0.003772 s
currentSize : 35 <-- 0.003824 s
currentSize : 36 <-- 0.015921 s
currentSize : 37 <-- 0.016027 s
currentSize : 38 <-- 0.016193 s
currentSize : 39 <-- 0.016273 s
currentSize : 44 <-- 2.282472 s
currentSize : 45 <-- 2.288142 s
currentSize : 48 <-- 2.831151 s
currentSize : 49 <-- 2.831566 s

maxsize : 49
nodes : 680987.000000
filtered : 4280870.000000
time : 3.140972
