Parameters: GAD=1 vflib=1 dir=0 label=1 lowerbound=1 fileNameGp=../graphsdb/mcs70/bvg/b06/mcs70_b06_s100.A57 fileNameGt=../graphsdb/mcs70/bvg/b06/mcs70_b06_s100.B57
Reading graphs...
100 :  300
100 :  300
Initializing...
maxdom : 7
D->valSize : 396
Solving...
Blb : 3 (clique : 60)
currentSize : 60 <-- 0.007231 s
currentSize : 62 <-- 0.153663 s
currentSize : 63 <-- 0.465979 s
currentSize : 68 <-- 1.538980 s
currentSize : 70 <-- 1.540301 s

maxsize : 70
nodes : 7640597.000000
filtered : 36236122.000000
time : 39.979309
