Parameters: GAD=1 vflib=1 dir=0 label=1 lowerbound=1 fileNameGp=../graphsdb/mcs70/m2D/m2Dr6/mcs70_m2Dr6_s40.A60 fileNameGt=../graphsdb/mcs70/m2D/m2Dr6/mcs70_m2Dr6_s40.B60
Reading graphs...
40 :  90
40 :  90
Initializing...
maxdom : 9
D->valSize : 219
Solving...
Blb : 2 (clique : 20)
currentSize : 20 <-- 0.001369 s
currentSize : 21 <-- 0.001608 s
currentSize : 22 <-- 0.001622 s
currentSize : 23 <-- 0.001688 s
currentSize : 25 <-- 0.001824 s

maxsize : 25
nodes : 6266.000000
filtered : 63920.000000
time : 0.025440
