Parameters: GAD=1 vflib=1 dir=0 label=1 lowerbound=1 fileNameGp=../graphsdb/mcs70/rand/r005/mcs70_r005_s90.A01 fileNameGt=../graphsdb/mcs70/rand/r005/mcs70_r005_s90.B01
Reading graphs...
90 :  387
90 :  388
Initializing...
maxdom : 12
D->valSize : 581
Solving...
Blb : 2 (clique : 29)
currentSize : 29 <-- 0.011246 s
currentSize : 30 <-- 0.011640 s
currentSize : 31 <-- 0.011897 s
currentSize : 33 <-- 0.012022 s
currentSize : 37 <-- 0.012295 s
currentSize : 38 <-- 0.012868 s
currentSize : 41 <-- 0.013009 s
currentSize : 42 <-- 0.014032 s
currentSize : 43 <-- 0.021271 s
currentSize : 44 <-- 0.022612 s
currentSize : 45 <-- 1.194378 s
currentSize : 47 <-- 1.203147 s
currentSize : 48 <-- 1.248610 s
currentSize : 51 <-- 1.251063 s
currentSize : 55 <-- 6.092234 s
currentSize : 59 <-- 6.110027 s

maxsize : 59
nodes : 1243900.000000
filtered : 13685829.000000
time : 7.984193
