Parameters: GAD=1 vflib=1 dir=0 label=1 lowerbound=1 fileNameGp=../graphsdb/mcs70/m2D/m2Dr4/mcs70_m2Dr4_s80.A35 fileNameGt=../graphsdb/mcs70/m2D/m2Dr4/mcs70_m2Dr4_s80.B35
Reading graphs...
80 :  174
80 :  172
Initializing...
maxdom : 10
D->valSize : 475
Solving...
Blb : 2 (clique : 42)
currentSize : 42 <-- 0.005086 s
currentSize : 46 <-- 0.208708 s
currentSize : 47 <-- 0.208840 s
currentSize : 49 <-- 1.027403 s
currentSize : 50 <-- 1.027482 s

maxsize : 50
nodes : 51015310.000000
filtered : 260107403.000000
time : 232.792007
