Parameters: GAD=1 vflib=1 dir=0 label=1 lowerbound=1 fileNameGp=../graphsdb/mcs70/bvg/b09/mcs70_b09_s90.A19 fileNameGt=../graphsdb/mcs70/bvg/b09/mcs70_b09_s90.B19
Reading graphs...
90 :  405
90 :  404
Initializing...
maxdom : 13
D->valSize : 589
Solving...
Blb : 2 (clique : 47)
currentSize : 47 <-- 0.007141 s
currentSize : 50 <-- 0.047310 s
currentSize : 55 <-- 217.971298 s
currentSize : 60 <-- 217.971893 s
currentSize : 62 <-- 217.972977 s

maxsize : 62
nodes : 42603432.000000
filtered : 302310771.000000
time : 231.391357
