Parameters: GAD=1 vflib=1 dir=0 label=1 lowerbound=1 fileNameGp=../graphsdb/mcs70/m2D/m2Dr2/mcs70_m2Dr2_s60.A66 fileNameGt=../graphsdb/mcs70/m2D/m2Dr2/mcs70_m2Dr2_s60.B66
Reading graphs...
60 :  113
60 :  114
Initializing...
maxdom : 8
D->valSize : 287
Solving...
Blb : 2 (clique : 31)
currentSize : 31 <-- 0.002352 s
currentSize : 32 <-- 0.002778 s
currentSize : 33 <-- 0.007460 s
currentSize : 34 <-- 0.008576 s
currentSize : 35 <-- 0.021192 s
currentSize : 36 <-- 0.021245 s
currentSize : 37 <-- 0.022048 s

maxsize : 37
nodes : 1562711.000000
filtered : 8101974.000000
time : 6.038211
