Parameters: GAD=1 vflib=1 dir=0 label=1 lowerbound=1 fileNameGp=../graphsdb/mcs70/rand/r02/mcs70_r02_s100.A48 fileNameGt=../graphsdb/mcs70/rand/r02/mcs70_r02_s100.B48
Reading graphs...
100 :  1789
100 :  1787
Initializing...
maxdom : 7
D->valSize : 360
Solving...
Blb : 5 (clique : 13)
currentSize : 13 <-- 0.005166 s
currentSize : 20 <-- 0.005383 s
currentSize : 29 <-- 0.006989 s
currentSize : 49 <-- 0.029349 s
currentSize : 50 <-- 0.029655 s
currentSize : 51 <-- 0.051002 s

maxsize : 51
nodes : 5689554.000000
filtered : 3342181.000000
time : 24.121532
