Parameters: GAD=1 vflib=1 dir=0 label=1 lowerbound=1 fileNameGp=../graphsdb/mcs70/bvg/b09/mcs70_b09_s50.A68 fileNameGt=../graphsdb/mcs70/bvg/b09/mcs70_b09_s50.B68
Reading graphs...
50 :  220
50 :  224
Initializing...
maxdom : 9
D->valSize : 354
Solving...
Blb : 3 (clique : 12)
currentSize : 12 <-- 0.002540 s
currentSize : 15 <-- 0.002621 s
currentSize : 16 <-- 0.002658 s
currentSize : 20 <-- 0.002837 s
currentSize : 24 <-- 0.010422 s
currentSize : 25 <-- 0.025632 s
currentSize : 29 <-- 0.038066 s
currentSize : 31 <-- 0.064956 s
currentSize : 34 <-- 0.075370 s

maxsize : 34
nodes : 18237.000000
filtered : 248771.000000
time : 0.081582
