Parameters: GAD=1 vflib=1 dir=0 label=1 lowerbound=1 fileNameGp=../graphsdb/mcs70/rand/r005/mcs70_r005_s80.A23 fileNameGt=../graphsdb/mcs70/rand/r005/mcs70_r005_s80.B23
Reading graphs...
80 :  305
80 :  307
Initializing...
maxdom : 8
D->valSize : 433
Solving...
Blb : 2 (clique : 26)
currentSize : 26 <-- 0.007721 s
currentSize : 27 <-- 0.023302 s
currentSize : 29 <-- 0.023498 s
currentSize : 30 <-- 0.665752 s
currentSize : 32 <-- 0.665918 s
currentSize : 34 <-- 0.823529 s
currentSize : 35 <-- 3.235181 s
currentSize : 37 <-- 5.453778 s
currentSize : 38 <-- 5.821393 s
currentSize : 43 <-- 5.833656 s
currentSize : 51 <-- 9.104703 s
currentSize : 52 <-- 9.106582 s

maxsize : 52
nodes : 2824593.000000
filtered : 22717528.000000
time : 14.743645
