Parameters: GAD=1 vflib=1 dir=0 label=1 lowerbound=1 fileNameGp=../graphsdb/mcs70/bvg/b03/mcs70_b03_s35.A93 fileNameGt=../graphsdb/mcs70/bvg/b03/mcs70_b03_s35.B93
Reading graphs...
35 :  52
35 :  52
Initializing...
maxdom : 8
D->valSize : 171
Solving...
Blb : 3 (clique : 17)
currentSize : 17 <-- 0.000991 s
currentSize : 18 <-- 0.001277 s
currentSize : 19 <-- 0.002886 s
currentSize : 20 <-- 0.003306 s
currentSize : 21 <-- 0.006993 s
currentSize : 22 <-- 0.016721 s
currentSize : 23 <-- 0.016884 s
currentSize : 24 <-- 0.016917 s
currentSize : 25 <-- 0.017326 s

maxsize : 25
nodes : 7767.000000
filtered : 31751.000000
time : 0.021389
