Parameters: GAD=1 vflib=1 dir=0 label=1 lowerbound=1 fileNameGp=../graphsdb/mcs70/m2D/m2D/mcs70_m2D_s60.A17 fileNameGt=../graphsdb/mcs70/m2D/m2D/mcs70_m2D_s60.B17
Reading graphs...
60 :  104
60 :  104
Initializing...
maxdom : 8
D->valSize : 280
Solving...
Blb : 2 (clique : 21)
currentSize : 21 <-- 0.002208 s
currentSize : 31 <-- 0.002355 s
currentSize : 32 <-- 0.003244 s
currentSize : 33 <-- 0.003491 s
currentSize : 36 <-- 0.005033 s

maxsize : 36
nodes : 302216.000000
filtered : 1707958.000000
time : 1.311387
