Parameters: GAD=1 vflib=1 dir=0 label=1 lowerbound=1 fileNameGp=../graphsdb/mcs70/bvg/b09/mcs70_b09_s80.A26 fileNameGt=../graphsdb/mcs70/bvg/b09/mcs70_b09_s80.B26
Reading graphs...
80 :  360
80 :  356
Initializing...
maxdom : 12
D->valSize : 489
Solving...
Blb : 2 (clique : 36)
currentSize : 36 <-- 0.005440 s
currentSize : 38 <-- 0.005762 s
currentSize : 41 <-- 0.006603 s
currentSize : 42 <-- 0.013707 s
currentSize : 45 <-- 0.014102 s
currentSize : 49 <-- 0.046795 s
currentSize : 50 <-- 0.053534 s
currentSize : 54 <-- 0.053899 s
currentSize : 56 <-- 0.084069 s

maxsize : 56
nodes : 342438.000000
filtered : 2071149.000000
time : 1.674403
