Parameters: GAD=1 vflib=1 dir=0 label=1 lowerbound=1 fileNameGp=../graphsdb/mcs70/m3D/m3Dr6/mcs70_m3Dr6_s90.A84 fileNameGt=../graphsdb/mcs70/m3D/m3Dr6/mcs70_m3Dr6_s90.B84
Reading graphs...
90 :  261
90 :  259
Initializing...
maxdom : 10
D->valSize : 583
Solving...
Blb : 2 (clique : 47)
currentSize : 47 <-- 0.011732 s
currentSize : 58 <-- 0.012271 s
currentSize : 59 <-- 0.013768 s
currentSize : 62 <-- 0.026549 s
currentSize : 63 <-- 0.029106 s

maxsize : 63
nodes : 16445998.000000
filtered : 87541538.000000
time : 83.810822
