Parameters: GAD=1 vflib=1 dir=0 label=1 lowerbound=1 fileNameGp=../graphsdb/mcs70/bvg/b09m/mcs70_b09m_s80.A19 fileNameGt=../graphsdb/mcs70/bvg/b09m/mcs70_b09m_s80.B19
Reading graphs...
80 :  355
80 :  352
Initializing...
maxdom : 10
D->valSize : 455
Solving...
Blb : 3 (clique : 38)
currentSize : 38 <-- 0.007242 s
currentSize : 41 <-- 0.106305 s
currentSize : 44 <-- 0.106486 s
currentSize : 51 <-- 3.584790 s
currentSize : 53 <-- 3.586283 s

maxsize : 53
nodes : 1454758.000000
filtered : 7374560.000000
time : 6.733327
