Parameters: GAD=1 vflib=1 dir=0 label=1 lowerbound=1 fileNameGp=../graphsdb/mcs70/rand/r02/mcs70_r02_s25.A77 fileNameGt=../graphsdb/mcs70/rand/r02/mcs70_r02_s25.B77
Reading graphs...
25 :  103
25 :  111
Initializing...
maxdom : 9
D->valSize : 160
Solving...
Blb : 2 (clique : 6)
currentSize : 6 <-- 0.000964 s
currentSize : 7 <-- 0.001047 s
currentSize : 8 <-- 0.001483 s
currentSize : 10 <-- 0.002778 s
currentSize : 13 <-- 0.003500 s
currentSize : 17 <-- 0.003831 s

maxsize : 17
nodes : 1064.000000
filtered : 13150.000000
time : 0.004136
