Parameters: GAD=1 vflib=1 dir=0 label=1 lowerbound=1 fileNameGp=../graphsdb/mcs70/m4D/m4Dr2/mcs70_m4Dr2_s25.A73 fileNameGt=../graphsdb/mcs70/m4D/m4Dr2/mcs70_m4Dr2_s25.B73
Reading graphs...
25 :  49
25 :  50
Initializing...
maxdom : 10
D->valSize : 175
Solving...
Blb : 2 (clique : 10)
currentSize : 10 <-- 0.000955 s
currentSize : 11 <-- 0.001309 s
currentSize : 12 <-- 0.002944 s
currentSize : 13 <-- 0.008813 s
currentSize : 15 <-- 0.029034 s
currentSize : 16 <-- 0.029044 s

maxsize : 16
nodes : 11351.000000
filtered : 122789.000000
time : 0.033387
