Parameters: GAD=1 vflib=1 dir=0 label=1 lowerbound=1 fileNameGp=../graphsdb/mcs70/rand/r005/mcs70_r005_s70.A22 fileNameGt=../graphsdb/mcs70/rand/r005/mcs70_r005_s70.B22
Reading graphs...
70 :  232
70 :  233
Initializing...
maxdom : 9
D->valSize : 342
Solving...
Blb : 2 (clique : 21)
currentSize : 21 <-- 0.002904 s
currentSize : 23 <-- 0.003068 s
currentSize : 24 <-- 0.003441 s
currentSize : 25 <-- 0.003510 s
currentSize : 26 <-- 0.016718 s
currentSize : 28 <-- 0.016844 s
currentSize : 30 <-- 0.017320 s
currentSize : 32 <-- 0.032007 s
currentSize : 33 <-- 0.051344 s
currentSize : 36 <-- 0.051483 s
currentSize : 38 <-- 0.088144 s
currentSize : 41 <-- 0.088284 s
currentSize : 43 <-- 0.557020 s
currentSize : 46 <-- 0.580748 s

maxsize : 46
nodes : 270480.000000
filtered : 1839595.000000
time : 1.231130
