Parameters: GAD=1 vflib=1 dir=0 label=1 lowerbound=1 fileNameGp=../graphsdb/mcs70/bvg/b06m/mcs70_b06m_s50.A33 fileNameGt=../graphsdb/mcs70/bvg/b06m/mcs70_b06m_s50.B33
Reading graphs...
50 :  147
50 :  148
Initializing...
maxdom : 11
D->valSize : 363
Solving...
Blb : 2 (clique : 17)
currentSize : 17 <-- 0.002631 s
currentSize : 19 <-- 0.002787 s
currentSize : 20 <-- 0.002953 s
currentSize : 26 <-- 0.031481 s
currentSize : 27 <-- 0.053645 s
currentSize : 34 <-- 0.088752 s

maxsize : 34
nodes : 52891.000000
filtered : 502581.000000
time : 0.250189
