Parameters: GAD=1 vflib=1 dir=0 label=1 lowerbound=1 fileNameGp=../graphsdb/mcs90/m2D/m2Dr2/mcs90_m2Dr2_s90.A57 fileNameGt=../graphsdb/mcs90/m2D/m2Dr2/mcs90_m2Dr2_s90.B57
Reading graphs...
90 :  178
90 :  179
Initializing...
maxdom : 10
D->valSize : 598
Solving...
Blb : 2 (clique : 54)
currentSize : 54 <-- 0.007591 s
currentSize : 58 <-- 0.007981 s
currentSize : 59 <-- 0.008117 s
currentSize : 60 <-- 0.032758 s
currentSize : 62 <-- 0.032868 s
currentSize : 64 <-- 0.032966 s
currentSize : 70 <-- 0.039180 s
currentSize : 74 <-- 0.044846 s
currentSize : 76 <-- 0.136319 s
currentSize : 81 <-- 0.136693 s

maxsize : 81
nodes : 26951.000000
filtered : 120643.000000
time : 0.137122
