Parameters: GAD=1 vflib=1 dir=0 label=1 lowerbound=1 fileNameGp=../graphsdb/mcs90/bvg/b09/mcs90_b09_s60.A51 fileNameGt=../graphsdb/mcs90/bvg/b09/mcs90_b09_s60.B51
Reading graphs...
60 :  270
60 :  270
Initializing...
maxdom : 7
D->valSize : 288
Solving...
Blb : 2 (clique : 30)
currentSize : 30 <-- 0.002168 s
currentSize : 31 <-- 0.002322 s
currentSize : 32 <-- 0.002408 s
currentSize : 38 <-- 0.002622 s
currentSize : 43 <-- 0.002923 s
currentSize : 44 <-- 0.003175 s
currentSize : 54 <-- 0.003482 s

maxsize : 54
nodes : 595.000000
filtered : 2378.000000
time : 0.003836
