Parameters: GAD=1 vflib=1 dir=0 label=1 lowerbound=1 fileNameGp=../graphsdb/mcs90/bvg/b09/mcs90_b09_s80.A19 fileNameGt=../graphsdb/mcs90/bvg/b09/mcs90_b09_s80.B19
Reading graphs...
80 :  359
80 :  359
Initializing...
maxdom : 10
D->valSize : 523
Solving...
Blb : 2 (clique : 50)
currentSize : 50 <-- 0.009208 s
currentSize : 52 <-- 0.009661 s
currentSize : 53 <-- 0.014282 s
currentSize : 59 <-- 0.014848 s
currentSize : 61 <-- 0.018026 s
currentSize : 72 <-- 0.018901 s

maxsize : 72
nodes : 1702.000000
filtered : 6084.000000
time : 0.019466
