Parameters: GAD=1 vflib=1 dir=0 label=1 lowerbound=1 fileNameGp=../graphsdb/mcs90/m2D/m2Dr2/mcs90_m2Dr2_s100.A95 fileNameGt=../graphsdb/mcs90/m2D/m2Dr2/mcs90_m2Dr2_s100.B95
Reading graphs...
100 :  199
100 :  199
Initializing...
maxdom : 5
D->valSize : 351
Solving...
Blb : 2 (clique : 70)
currentSize : 70 <-- 0.003956 s
currentSize : 72 <-- 0.006462 s
currentSize : 74 <-- 0.007342 s
currentSize : 77 <-- 0.010940 s
currentSize : 81 <-- 0.024560 s

maxsize : 81
nodes : 518596.000000
filtered : 2417795.000000
time : 3.028259
