Parameters: GAD=1 vflib=1 dir=0 label=1 lowerbound=1 fileNameGp=../graphsdb/mcs90/m2D/m2Dr6/mcs90_m2Dr6_s80.A30 fileNameGt=../graphsdb/mcs90/m2D/m2Dr6/mcs90_m2Dr6_s80.B30
Reading graphs...
80 :  187
80 :  185
Initializing...
maxdom : 10
D->valSize : 477
Solving...
Blb : 2 (clique : 42)
currentSize : 42 <-- 0.005035 s
currentSize : 47 <-- 0.005314 s
currentSize : 50 <-- 0.005424 s
currentSize : 53 <-- 0.005563 s
currentSize : 58 <-- 0.441719 s
currentSize : 61 <-- 1.481935 s
currentSize : 63 <-- 1.987833 s
currentSize : 64 <-- 1.988030 s

maxsize : 64
nodes : 417634.000000
filtered : 3254133.000000
time : 2.352145
