Parameters: GAD=1 vflib=1 dir=0 label=1 lowerbound=1 fileNameGp=../graphsdb/mcs90/m2D/m2D/mcs90_m2D_s60.A65 fileNameGt=../graphsdb/mcs90/m2D/m2D/mcs90_m2D_s60.B65
Reading graphs...
60 :  104
60 :  104
Initializing...
maxdom : 6
D->valSize : 240
Solving...
Blb : 2 (clique : 39)
currentSize : 39 <-- 0.002999 s
currentSize : 41 <-- 0.004551 s
currentSize : 42 <-- 0.004637 s
currentSize : 43 <-- 0.012495 s
currentSize : 44 <-- 0.012582 s
currentSize : 45 <-- 0.120592 s
currentSize : 49 <-- 0.120953 s

maxsize : 49
nodes : 40909.000000
filtered : 110997.000000
time : 0.199077
