Parameters: GAD=1 vflib=1 dir=0 label=1 lowerbound=1 fileNameGp=../graphsdb/mcs90/m2D/m2Dr6/mcs90_m2Dr6_s80.A19 fileNameGt=../graphsdb/mcs90/m2D/m2Dr6/mcs90_m2Dr6_s80.B19
Reading graphs...
80 :  185
80 :  185
Initializing...
maxdom : 11
D->valSize : 479
Solving...
Blb : 3 (clique : 28)
currentSize : 28 <-- 0.008234 s
currentSize : 34 <-- 0.008585 s
currentSize : 35 <-- 0.008660 s
currentSize : 36 <-- 0.008930 s
currentSize : 37 <-- 0.009056 s
currentSize : 41 <-- 0.009756 s
currentSize : 42 <-- 0.017620 s
currentSize : 47 <-- 0.021153 s
currentSize : 48 <-- 0.023952 s
currentSize : 49 <-- 0.035920 s
currentSize : 50 <-- 0.036114 s
currentSize : 51 <-- 0.319213 s
currentSize : 52 <-- 0.319335 s
currentSize : 53 <-- 1.131539 s
currentSize : 54 <-- 1.131714 s
currentSize : 57 <-- 1.132103 s
currentSize : 58 <-- 1.132287 s
currentSize : 61 <-- 3.382972 s
currentSize : 63 <-- 3.383113 s
currentSize : 64 <-- 3.383327 s

maxsize : 64
nodes : 637112.000000
filtered : 4473594.000000
time : 3.472837
