Parameters: GAD=1 vflib=1 dir=0 label=1 lowerbound=1 fileNameGp=../graphsdb/mcs90/bvg/b03/mcs90_b03_s25.A07 fileNameGt=../graphsdb/mcs90/bvg/b03/mcs90_b03_s25.B07
Reading graphs...
25 :  37
25 :  37
Initializing...
maxdom : 8
D->valSize : 164
Solving...
Blb : 2 (clique : 12)
currentSize : 12 <-- 0.000902 s
currentSize : 14 <-- 0.001012 s
currentSize : 17 <-- 0.001099 s
currentSize : 18 <-- 0.001170 s
currentSize : 22 <-- 0.002669 s

maxsize : 22
nodes : 864.000000
filtered : 5132.000000
time : 0.002770
