Parameters: GAD=1 vflib=1 dir=0 label=1 lowerbound=1 fileNameGp=../graphsdb/mcs90/m2D/m2Dr6/mcs90_m2Dr6_s80.A76 fileNameGt=../graphsdb/mcs90/m2D/m2Dr6/mcs90_m2Dr6_s80.B76
Reading graphs...
80 :  190
80 :  189
Initializing...
maxdom : 11
D->valSize : 508
Solving...
Blb : 5 (clique : 37)
currentSize : 37 <-- 0.005484 s
currentSize : 54 <-- 0.005758 s
currentSize : 55 <-- 0.006013 s
currentSize : 56 <-- 0.007848 s
currentSize : 58 <-- 0.008080 s
currentSize : 59 <-- 1.079947 s
currentSize : 64 <-- 1.081370 s

maxsize : 64
nodes : 276098.000000
filtered : 2084349.000000
time : 1.534356
