Parameters: GAD=1 vflib=1 dir=0 label=1 lowerbound=1 fileNameGp=../graphsdb/mcs90/m2D/m2Dr6/mcs90_m2Dr6_s90.A29 fileNameGt=../graphsdb/mcs90/m2D/m2Dr6/mcs90_m2Dr6_s90.B29
Reading graphs...
90 :  212
90 :  211
Initializing...
maxdom : 12
D->valSize : 588
Solving...
Blb : 2 (clique : 64)
currentSize : 64 <-- 0.007418 s
currentSize : 69 <-- 0.008591 s
currentSize : 71 <-- 0.012079 s
currentSize : 75 <-- 0.045312 s
currentSize : 79 <-- 0.047036 s

maxsize : 79
nodes : 13060.000000
filtered : 89539.000000
time : 0.074804
