Parameters: GAD=1 vflib=1 dir=0 label=1 lowerbound=1 fileNameGp=../graphsdb/mcs90/m2D/m2Dr6/mcs90_m2Dr6_s100.A53 fileNameGt=../graphsdb/mcs90/m2D/m2Dr6/mcs90_m2Dr6_s100.B53
Reading graphs...
100 :  238
100 :  237
Initializing...
maxdom : 7
D->valSize : 366
Solving...
Blb : 3 (clique : 60)
currentSize : 60 <-- 0.004041 s
currentSize : 62 <-- 1.048370 s
currentSize : 63 <-- 1.052047 s
currentSize : 67 <-- 31.769117 s
currentSize : 68 <-- 68.949135 s
currentSize : 72 <-- 104.293472 s
currentSize : 73 <-- 110.815514 s
currentSize : 74 <-- 227.866089 s
currentSize : 75 <-- 227.866364 s
currentSize : 78 <-- 227.873154 s
currentSize : 79 <-- 227.873428 s

maxsize : 79
nodes : 57145359.000000
filtered : 146586435.000000
time : 251.231735
