Parameters: GAD=1 vflib=1 dir=0 label=1 lowerbound=1 fileNameGp=../graphsdb/mcs90/m2D/m2D/mcs90_m2D_s100.A88 fileNameGt=../graphsdb/mcs90/m2D/m2D/mcs90_m2D_s100.B88
Reading graphs...
100 :  180
100 :  180
Initializing...
maxdom : 8
D->valSize : 407
Solving...
Blb : 2 (clique : 61)
currentSize : 61 <-- 0.007484 s
currentSize : 62 <-- 0.008162 s
currentSize : 63 <-- 0.008521 s
currentSize : 66 <-- 0.009131 s
currentSize : 67 <-- 0.031148 s
currentSize : 71 <-- 0.035886 s
currentSize : 72 <-- 0.036461 s
currentSize : 74 <-- 0.057594 s
currentSize : 76 <-- 0.057981 s
currentSize : 81 <-- 0.218559 s

maxsize : 81
nodes : 61243.000000
filtered : 215551.000000
time : 0.337898
