Parameters: GAD=1 vflib=1 dir=0 label=1 lowerbound=1 fileNameGp=../graphsdb/mcs90/bvg/b06/mcs90_b06_s50.A63 fileNameGt=../graphsdb/mcs90/bvg/b06/mcs90_b06_s50.B63
Reading graphs...
50 :  150
50 :  150
Initializing...
maxdom : 10
D->valSize : 339
Solving...
Blb : 5 (clique : 17)
currentSize : 17 <-- 0.002453 s
currentSize : 20 <-- 0.002554 s
currentSize : 21 <-- 0.002583 s
currentSize : 23 <-- 0.002957 s
currentSize : 25 <-- 0.006607 s
currentSize : 27 <-- 0.006972 s
currentSize : 31 <-- 0.007455 s
currentSize : 34 <-- 0.007925 s
currentSize : 36 <-- 0.008575 s
currentSize : 37 <-- 0.008888 s
currentSize : 39 <-- 0.009248 s
currentSize : 45 <-- 0.011094 s

maxsize : 45
nodes : 2575.000000
filtered : 23879.000000
time : 0.011923
