Parameters: GAD=1 vflib=1 dir=0 label=1 lowerbound=1 fileNameGp=../graphsdb/mcs90/m2D/m2Dr4/mcs90_m2Dr4_s60.A02 fileNameGt=../graphsdb/mcs90/m2D/m2Dr4/mcs90_m2Dr4_s60.B02
Reading graphs...
60 :  125
60 :  125
Initializing...
maxdom : 8
D->valSize : 278
Solving...
Blb : 2 (clique : 36)
currentSize : 36 <-- 0.002246 s
currentSize : 37 <-- 0.002440 s
currentSize : 38 <-- 0.002536 s
currentSize : 41 <-- 0.002652 s
currentSize : 43 <-- 0.002729 s
currentSize : 46 <-- 0.006124 s

maxsize : 46
nodes : 17209.000000
filtered : 96594.000000
time : 0.069294
