Parameters: GAD=1 vflib=1 dir=0 label=1 lowerbound=1 fileNameGp=../graphsdb/mcs90/bvg/b06/mcs90_b06_s80.A03 fileNameGt=../graphsdb/mcs90/bvg/b06/mcs90_b06_s80.B03
Reading graphs...
80 :  240
80 :  239
Initializing...
maxdom : 10
D->valSize : 487
Solving...
Blb : 3 (clique : 40)
currentSize : 40 <-- 0.005287 s
currentSize : 44 <-- 0.005545 s
currentSize : 45 <-- 0.005733 s
currentSize : 51 <-- 0.005863 s
currentSize : 57 <-- 0.256074 s
currentSize : 58 <-- 0.373301 s
currentSize : 65 <-- 0.374461 s
currentSize : 72 <-- 0.397367 s

maxsize : 72
nodes : 62392.000000
filtered : 464746.000000
time : 0.398813
