Parameters: GAD=1 vflib=1 dir=0 label=1 lowerbound=1 fileNameGp=../graphsdb/mcs90/bvg/b03m/mcs90_b03m_s100.A20 fileNameGt=../graphsdb/mcs90/bvg/b03m/mcs90_b03m_s100.B20
Reading graphs...
100 :  150
100 :  149
Initializing...
maxdom : 7
D->valSize : 401
Solving...
Blb : 2 (clique : 79)
currentSize : 79 <-- 0.009027 s
currentSize : 83 <-- 0.009552 s
currentSize : 85 <-- 0.114968 s
currentSize : 87 <-- 0.238299 s
currentSize : 90 <-- 0.301839 s

maxsize : 90
nodes : 63886.000000
filtered : 180290.000000
time : 0.315735
