Parameters: GAD=1 vflib=1 dir=0 label=1 lowerbound=1 fileNameGp=../graphsdb/mcs90/m2D/m2D/mcs90_m2D_s90.A73 fileNameGt=../graphsdb/mcs90/m2D/m2D/mcs90_m2D_s90.B73
Reading graphs...
90 :  161
90 :  161
Initializing...
maxdom : 10
D->valSize : 607
Solving...
Blb : 2 (clique : 63)
currentSize : 63 <-- 0.013174 s
currentSize : 64 <-- 0.018916 s
currentSize : 65 <-- 0.047377 s
currentSize : 69 <-- 0.049524 s
currentSize : 71 <-- 1.666196 s
currentSize : 75 <-- 1.667412 s
currentSize : 81 <-- 1.900650 s

maxsize : 81
nodes : 297009.000000
filtered : 2496720.000000
time : 1.911915
