Parameters: GAD=1 vflib=1 dir=0 label=1 lowerbound=1 fileNameGp=../graphsdb/mcs90/bvg/b06m/mcs90_b06m_s50.A47 fileNameGt=../graphsdb/mcs90/bvg/b06m/mcs90_b06m_s50.B47
Reading graphs...
50 :  148
50 :  147
Initializing...
maxdom : 10
D->valSize : 355
Solving...
Blb : 2 (clique : 33)
currentSize : 33 <-- 0.002707 s
currentSize : 35 <-- 0.002879 s
currentSize : 37 <-- 0.003172 s
currentSize : 39 <-- 0.003372 s
currentSize : 40 <-- 0.003739 s
currentSize : 45 <-- 0.003972 s

maxsize : 45
nodes : 581.000000
filtered : 4973.000000
time : 0.004363
