Parameters: GAD=1 vflib=1 dir=0 label=1 lowerbound=1 fileNameGp=../graphsdb/mcs90/rand/r02/mcs90_r02_s70.A64 fileNameGt=../graphsdb/mcs90/rand/r02/mcs90_r02_s70.B64
Reading graphs...
70 :  865
70 :  868
Initializing...
maxdom : 8
D->valSize : 346
Solving...
Blb : 3 (clique : 43)
currentSize : 43 <-- 0.002920 s
currentSize : 44 <-- 0.473718 s
currentSize : 45 <-- 1.332267 s
currentSize : 46 <-- 2.965684 s
currentSize : 47 <-- 19.267664 s

maxsize : 47
nodes : 22402594.000000
filtered : 12322662.000000
time : 67.309082
