Parameters: GAD=1 vflib=1 dir=0 label=1 lowerbound=1 fileNameGp=../graphsdb/mcs90/bvg/b06m/mcs90_b06m_s100.A32 fileNameGt=../graphsdb/mcs90/bvg/b06m/mcs90_b06m_s100.B32
Reading graphs...
100 :  296
100 :  297
Initializing...
maxdom : 7
D->valSize : 369
Solving...
Blb : 3 (clique : 77)
currentSize : 77 <-- 0.004080 s
currentSize : 78 <-- 0.016581 s
currentSize : 83 <-- 0.020753 s
currentSize : 84 <-- 0.028611 s
currentSize : 89 <-- 0.031327 s

maxsize : 89
nodes : 5675.000000
filtered : 21232.000000
time : 0.032361
