Parameters: GAD=1 vflib=1 dir=0 label=1 lowerbound=1 fileNameGp=../graphsdb/mcs90/rand/r02/mcs90_r02_s80.A26 fileNameGt=../graphsdb/mcs90/rand/r02/mcs90_r02_s80.B26
Reading graphs...
80 :  1120
80 :  1113
Initializing...
maxdom : 9
D->valSize : 476
Solving...
Blb : 2 (clique : 43)
currentSize : 43 <-- 0.004744 s
currentSize : 44 <-- 0.005042 s
currentSize : 45 <-- 0.011590 s
currentSize : 46 <-- 0.094694 s
currentSize : 47 <-- 1.062999 s
currentSize : 48 <-- 4.190464 s
currentSize : 49 <-- 7.149315 s

maxsize : 49
nodes : 257201949.000000
filtered : 83714967.000000
time : 817.413574
