Parameters: GAD=1 vflib=1 dir=0 label=1 lowerbound=1 fileNameGp=../graphsdb/mcs90/rand/r02/mcs90_r02_s90.A19 fileNameGt=../graphsdb/mcs90/rand/r02/mcs90_r02_s90.B19
Reading graphs...
90 :  1442
90 :  1433
Initializing...
maxdom : 8
D->valSize : 555
Solving...
Blb : 3 (clique : 51)
currentSize : 51 <-- 0.010292 s
currentSize : 52 <-- 0.116096 s
currentSize : 53 <-- 0.837838 s
currentSize : 54 <-- 4.324778 s
currentSize : 55 <-- 49.926647 s

maxsize : 55
nodes : 244033706.000000
filtered : 111009389.000000
time : 913.326355
