Parameters: GAD=1 vflib=1 dir=0 label=1 lowerbound=1 fileNameGp=../graphsdb/mcs90/bvg/b06/mcs90_b06_s30.A21 fileNameGt=../graphsdb/mcs90/bvg/b06/mcs90_b06_s30.B21
Reading graphs...
30 :  90
30 :  90
Initializing...
maxdom : 6
D->valSize : 126
Solving...
Blb : 5 (clique : 8)
currentSize : 8 <-- 0.000744 s
currentSize : 9 <-- 0.001091 s
currentSize : 10 <-- 0.001274 s
currentSize : 11 <-- 0.001298 s
currentSize : 13 <-- 0.001314 s
currentSize : 15 <-- 0.001573 s
currentSize : 21 <-- 0.001865 s
currentSize : 27 <-- 0.001953 s

maxsize : 27
nodes : 530.000000
filtered : 2634.000000
time : 0.002018
