Parameters: GAD=1 vflib=1 dir=0 label=1 lowerbound=1 fileNameGp=../graphsdb/mcs90/m3D/m3Dr2/mcs90_m3Dr2_s80.A74 fileNameGt=../graphsdb/mcs90/m3D/m3Dr2/mcs90_m3Dr2_s80.B74
Reading graphs...
80 :  200
80 :  200
Initializing...
maxdom : 9
D->valSize : 444
Solving...
Blb : 2 (clique : 35)
currentSize : 35 <-- 0.004573 s
currentSize : 38 <-- 0.005004 s
currentSize : 40 <-- 0.005942 s
currentSize : 42 <-- 0.016321 s
currentSize : 44 <-- 0.303293 s
currentSize : 45 <-- 0.304358 s
currentSize : 47 <-- 0.304611 s
currentSize : 48 <-- 0.310086 s
currentSize : 50 <-- 0.897583 s
currentSize : 51 <-- 0.897938 s
currentSize : 52 <-- 0.898739 s
currentSize : 54 <-- 0.899888 s
currentSize : 56 <-- 0.900305 s
currentSize : 57 <-- 2.675210 s
currentSize : 62 <-- 2.675565 s
currentSize : 64 <-- 2.675976 s

maxsize : 64
nodes : 528177.000000
filtered : 3031992.000000
time : 2.853721
