Parameters: GAD=1 vflib=1 dir=0 label=1 lowerbound=1 fileNameGp=../graphsdb/mcs90/bvg/b06/mcs90_b06_s60.A23 fileNameGt=../graphsdb/mcs90/bvg/b06/mcs90_b06_s60.B23
Reading graphs...
60 :  180
60 :  180
Initializing...
maxdom : 7
D->valSize : 265
Solving...
Blb : 2 (clique : 22)
currentSize : 22 <-- 0.001986 s
currentSize : 32 <-- 0.002125 s
currentSize : 38 <-- 0.002259 s
currentSize : 43 <-- 0.004109 s
currentSize : 50 <-- 0.010443 s
currentSize : 54 <-- 0.011013 s

maxsize : 54
nodes : 2381.000000
filtered : 14351.000000
time : 0.011438
