Parameters: GAD=1 vflib=1 dir=0 label=1 lowerbound=1 fileNameGp=../graphsdb/mcs90/bvg/b06/mcs90_b06_s50.A36 fileNameGt=../graphsdb/mcs90/bvg/b06/mcs90_b06_s50.B36
Reading graphs...
50 :  150
50 :  150
Initializing...
maxdom : 15
D->valSize : 442
Solving...
Blb : 2 (clique : 24)
currentSize : 24 <-- 0.003582 s
currentSize : 25 <-- 0.003746 s
currentSize : 29 <-- 0.003866 s
currentSize : 38 <-- 0.004614 s
currentSize : 45 <-- 0.005212 s

maxsize : 45
nodes : 519.000000
filtered : 7629.000000
time : 0.005678
