Parameters: GAD=1 vflib=1 dir=0 label=1 lowerbound=1 fileNameGp=../graphsdb/mcs90/bvg/b09m/mcs90_b09m_s30.A06 fileNameGt=../graphsdb/mcs90/bvg/b09m/mcs90_b09m_s30.B06
Reading graphs...
30 :  128
30 :  127
Initializing...
maxdom : 6
D->valSize : 119
Solving...
Blb : 2 (clique : 8)
currentSize : 8 <-- 0.000697 s
currentSize : 9 <-- 0.000773 s
currentSize : 11 <-- 0.000895 s
currentSize : 17 <-- 0.000999 s
currentSize : 24 <-- 0.001476 s

maxsize : 24
nodes : 403.000000
filtered : 2824.000000
time : 0.001734
