Parameters: GAD=1 vflib=1 dir=0 label=1 lowerbound=1 fileNameGp=../graphsdb/mcs90/bvg/b03/mcs90_b03_s25.A12 fileNameGt=../graphsdb/mcs90/bvg/b03/mcs90_b03_s25.B12
Reading graphs...
25 :  37
25 :  37
Initializing...
maxdom : 7
D->valSize : 156
Solving...
Blb : 2 (clique : 11)
currentSize : 11 <-- 0.000962 s
currentSize : 12 <-- 0.001058 s
currentSize : 13 <-- 0.001118 s
currentSize : 14 <-- 0.001343 s
currentSize : 15 <-- 0.001363 s
currentSize : 18 <-- 0.001789 s
currentSize : 19 <-- 0.002756 s
currentSize : 22 <-- 0.003298 s

maxsize : 22
nodes : 810.000000
filtered : 6870.000000
time : 0.003361
