Parameters: GAD=1 vflib=1 dir=0 label=1 lowerbound=1 fileNameGp=../graphsdb/mcs90/bvg/b06/mcs90_b06_s80.A48 fileNameGt=../graphsdb/mcs90/bvg/b06/mcs90_b06_s80.B48
Reading graphs...
80 :  240
80 :  240
Initializing...
maxdom : 9
D->valSize : 453
Solving...
Blb : 2 (clique : 50)
currentSize : 50 <-- 0.004649 s
currentSize : 51 <-- 0.004936 s
currentSize : 53 <-- 0.005660 s
currentSize : 54 <-- 0.006244 s
currentSize : 60 <-- 0.007066 s
currentSize : 66 <-- 0.035994 s
currentSize : 72 <-- 0.037446 s

maxsize : 72
nodes : 6779.000000
filtered : 38819.000000
time : 0.038398
