Parameters: GAD=1 vflib=1 dir=0 label=1 lowerbound=1 fileNameGp=../graphsdb/mcs90/bvg/b06/mcs90_b06_s50.A23 fileNameGt=../graphsdb/mcs90/bvg/b06/mcs90_b06_s50.B23
Reading graphs...
50 :  149
50 :  149
Initializing...
maxdom : 11
D->valSize : 357
Solving...
Blb : 2 (clique : 20)
currentSize : 20 <-- 0.002572 s
currentSize : 23 <-- 0.002702 s
currentSize : 29 <-- 0.002761 s
currentSize : 39 <-- 0.015577 s
currentSize : 45 <-- 0.016538 s

maxsize : 45
nodes : 3223.000000
filtered : 40188.000000
time : 0.016696
