Parameters: GAD=1 vflib=1 dir=0 label=1 lowerbound=1 fileNameGp=../graphsdb/mcs90/m3D/m3Dr2/mcs90_m3Dr2_s80.A70 fileNameGt=../graphsdb/mcs90/m3D/m3Dr2/mcs90_m3Dr2_s80.B70
Reading graphs...
80 :  198
80 :  199
Initializing...
maxdom : 10
D->valSize : 455
Solving...
Blb : 3 (clique : 42)
currentSize : 42 <-- 0.007769 s
currentSize : 43 <-- 1.801204 s
currentSize : 44 <-- 3.447163 s
currentSize : 45 <-- 3.465326 s
currentSize : 46 <-- 3.484101 s
currentSize : 47 <-- 8.537975 s
currentSize : 49 <-- 8.941531 s
currentSize : 52 <-- 8.955823 s
currentSize : 53 <-- 9.618237 s
currentSize : 56 <-- 9.618571 s
currentSize : 57 <-- 9.619303 s
currentSize : 58 <-- 11.634790 s
currentSize : 59 <-- 11.635241 s
currentSize : 63 <-- 12.251925 s
currentSize : 64 <-- 12.252360 s

maxsize : 64
nodes : 2603015.000000
filtered : 16879518.000000
time : 13.222446
