Parameters: GAD=1 vflib=1 dir=0 label=1 lowerbound=1 fileNameGp=../graphsdb/mcs90/m2D/m2Dr4/mcs90_m2Dr4_s90.A95 fileNameGt=../graphsdb/mcs90/m2D/m2Dr4/mcs90_m2Dr4_s90.B95
Reading graphs...
90 :  196
90 :  196
Initializing...
maxdom : 10
D->valSize : 555
Solving...
Blb : 3 (clique : 66)
currentSize : 66 <-- 0.006766 s
currentSize : 68 <-- 0.007685 s
currentSize : 71 <-- 0.286875 s
currentSize : 76 <-- 0.287053 s
currentSize : 77 <-- 0.287349 s
currentSize : 81 <-- 0.287588 s

maxsize : 81
nodes : 49476.000000
filtered : 402903.000000
time : 0.298432
