Parameters: GAD=1 vflib=1 dir=0 label=1 lowerbound=1 fileNameGp=../graphsdb/mcs90/m2D/m2Dr4/mcs90_m2Dr4_s60.A65 fileNameGt=../graphsdb/mcs90/m2D/m2Dr4/mcs90_m2Dr4_s60.B65
Reading graphs...
60 :  127
60 :  126
Initializing...
maxdom : 7
D->valSize : 295
Solving...
Blb : 2 (clique : 40)
currentSize : 40 <-- 0.002249 s
currentSize : 44 <-- 0.002721 s
currentSize : 46 <-- 0.003029 s
currentSize : 48 <-- 0.004852 s
currentSize : 49 <-- 0.007031 s

maxsize : 49
nodes : 1599.000000
filtered : 10771.000000
time : 0.008663
