Parameters: GAD=1 vflib=1 dir=0 label=1 lowerbound=1 fileNameGp=../graphsdb/mcs90/bvg/b09/mcs90_b09_s100.A65 fileNameGt=../graphsdb/mcs90/bvg/b09/mcs90_b09_s100.B65
Reading graphs...
100 :  450
100 :  449
Initializing...
maxdom : 8
D->valSize : 411
Solving...
Blb : 3 (clique : 48)
currentSize : 48 <-- 0.007377 s
currentSize : 49 <-- 0.007871 s
currentSize : 52 <-- 0.008140 s
currentSize : 55 <-- 0.010028 s
currentSize : 59 <-- 0.010375 s
currentSize : 61 <-- 0.011057 s
currentSize : 62 <-- 0.011460 s
currentSize : 65 <-- 0.018120 s
currentSize : 66 <-- 0.018896 s
currentSize : 70 <-- 0.019263 s
currentSize : 78 <-- 0.019931 s
currentSize : 90 <-- 0.021192 s

maxsize : 90
nodes : 2459.000000
filtered : 8042.000000
time : 0.024467
