Parameters: GAD=1 vflib=1 dir=0 label=1 lowerbound=1 fileNameGp=../graphsdb/mcs90/m2D/m2D/mcs90_m2D_s90.A02 fileNameGt=../graphsdb/mcs90/m2D/m2D/mcs90_m2D_s90.B02
Reading graphs...
90 :  161
90 :  161
Initializing...
maxdom : 10
D->valSize : 570
Solving...
Blb : 2 (clique : 66)
currentSize : 66 <-- 0.012518 s
currentSize : 70 <-- 0.016766 s
currentSize : 71 <-- 0.067197 s
currentSize : 75 <-- 0.068693 s
currentSize : 76 <-- 0.135331 s
currentSize : 81 <-- 0.245458 s

maxsize : 81
nodes : 43387.000000
filtered : 304459.000000
time : 0.253216
