Parameters: GAD=1 vflib=1 dir=0 label=1 lowerbound=1 fileNameGp=../graphsdb/mcs90/rand/r01/mcs90_r01_s15.A81 fileNameGt=../graphsdb/mcs90/rand/r01/mcs90_r01_s15.B81
Reading graphs...
15 :  20
15 :  20
Initializing...
maxdom : 8
D->valSize : 112
Solving...
Blb : 2 (clique : 7)
currentSize : 7 <-- 0.000689 s
currentSize : 8 <-- 0.000747 s
currentSize : 9 <-- 0.000787 s
currentSize : 10 <-- 0.000943 s
currentSize : 11 <-- 0.001306 s
currentSize : 13 <-- 0.001714 s

maxsize : 13
nodes : 423.000000
filtered : 4470.000000
time : 0.001750
