Parameters: GAD=1 vflib=1 dir=0 label=1 lowerbound=1 fileNameGp=../graphsdb/mcs90/m2D/m2Dr6/mcs90_m2Dr6_s100.A52 fileNameGt=../graphsdb/mcs90/m2D/m2Dr6/mcs90_m2Dr6_s100.B52
Reading graphs...
100 :  239
100 :  239
Initializing...
maxdom : 9
D->valSize : 406
Solving...
Blb : 2 (clique : 66)
currentSize : 66 <-- 0.004500 s
currentSize : 70 <-- 0.007466 s
currentSize : 73 <-- 0.016402 s
currentSize : 74 <-- 3.494119 s
currentSize : 77 <-- 3.496858 s
currentSize : 80 <-- 3.663503 s

maxsize : 80
nodes : 2288350.000000
filtered : 6754097.000000
time : 10.678303
