Parameters: GAD=1 vflib=1 dir=0 label=1 lowerbound=1 fileNameGp=../graphsdb/mcs90/bvg/b09/mcs90_b09_s80.A10 fileNameGt=../graphsdb/mcs90/bvg/b09/mcs90_b09_s80.B10
Reading graphs...
80 :  360
80 :  360
Initializing...
maxdom : 10
D->valSize : 530
Solving...
Blb : 2 (clique : 41)
currentSize : 41 <-- 0.005637 s
currentSize : 45 <-- 0.006350 s
currentSize : 52 <-- 0.006545 s
currentSize : 53 <-- 0.006864 s
currentSize : 55 <-- 0.056786 s
currentSize : 70 <-- 0.057875 s
currentSize : 72 <-- 0.058569 s

maxsize : 72
nodes : 10318.000000
filtered : 83562.000000
time : 0.059240
