Parameters: GAD=1 vflib=1 dir=0 label=1 lowerbound=1 fileNameGp=../graphsdb/mcs90/m2D/m2Dr6/mcs90_m2Dr6_s100.A71 fileNameGt=../graphsdb/mcs90/m2D/m2Dr6/mcs90_m2Dr6_s100.B71
Reading graphs...
100 :  238
100 :  236
Initializing...
maxdom : 9
D->valSize : 424
Solving...
Blb : 2 (clique : 70)
currentSize : 70 <-- 0.008678 s
currentSize : 71 <-- 0.009168 s
currentSize : 76 <-- 0.017175 s
currentSize : 77 <-- 0.017480 s
currentSize : 80 <-- 0.103184 s
currentSize : 81 <-- 0.103487 s

maxsize : 81
nodes : 23279.000000
filtered : 114817.000000
time : 0.133581
