Parameters: GAD=1 vflib=1 dir=0 label=1 lowerbound=1 fileNameGp=../graphsdb/mcs90/bvg/b09/mcs90_b09_s90.A54 fileNameGt=../graphsdb/mcs90/bvg/b09/mcs90_b09_s90.B54
Reading graphs...
90 :  405
90 :  405
Initializing...
maxdom : 11
D->valSize : 570
Solving...
Blb : 2 (clique : 30)
currentSize : 30 <-- 0.006881 s
currentSize : 32 <-- 0.008625 s
currentSize : 33 <-- 0.008643 s
currentSize : 34 <-- 0.008671 s
currentSize : 35 <-- 0.008936 s
currentSize : 43 <-- 0.010798 s
currentSize : 45 <-- 0.012021 s
currentSize : 56 <-- 0.016141 s
currentSize : 57 <-- 0.016245 s
currentSize : 60 <-- 0.025309 s
currentSize : 62 <-- 0.025422 s
currentSize : 77 <-- 0.032846 s
currentSize : 80 <-- 0.032983 s

maxsize : 80
nodes : 5884.000000
filtered : 33076.000000
time : 0.034787
