Parameters: GAD=1 vflib=1 dir=0 label=1 lowerbound=1 fileNameGp=../graphsdb/mcs90/bvg/b03/mcs90_b03_s50.A84 fileNameGt=../graphsdb/mcs90/bvg/b03/mcs90_b03_s50.B84
Reading graphs...
50 :  75
50 :  75
Initializing...
maxdom : 11
D->valSize : 387
Solving...
Blb : 2 (clique : 31)
currentSize : 31 <-- 0.003317 s
currentSize : 32 <-- 0.003770 s
currentSize : 34 <-- 0.004227 s
currentSize : 35 <-- 0.004270 s
currentSize : 38 <-- 0.007403 s
currentSize : 40 <-- 0.012418 s
currentSize : 44 <-- 0.012572 s

maxsize : 44
nodes : 2783.000000
filtered : 18269.000000
time : 0.014143
