Parameters: GAD=1 vflib=1 dir=0 label=1 lowerbound=1 fileNameGp=../graphsdb/mcs90/bvg/b09/mcs90_b09_s15.A31 fileNameGt=../graphsdb/mcs90/bvg/b09/mcs90_b09_s15.B31
Reading graphs...
15 :  65
15 :  66
Initializing...
maxdom : 9
D->valSize : 120
Solving...
Blb : 2 (clique : 5)
currentSize : 5 <-- 0.000558 s
currentSize : 6 <-- 0.000704 s
currentSize : 7 <-- 0.001257 s
currentSize : 8 <-- 0.001781 s
currentSize : 12 <-- 0.001843 s

maxsize : 12
nodes : 612.000000
filtered : 5243.000000
time : 0.001878
