Parameters: GAD=1 vflib=1 dir=0 label=1 lowerbound=1 fileNameGp=../graphsdb/mcs90/m4D/m4Dr2/mcs90_m4Dr2_s90.A69 fileNameGt=../graphsdb/mcs90/m4D/m4Dr2/mcs90_m4Dr2_s90.B69
Reading graphs...
90 :  224
90 :  223
Initializing...
maxdom : 9
D->valSize : 554
Solving...
Blb : 3 (clique : 68)
currentSize : 68 <-- 0.006878 s
currentSize : 72 <-- 0.007296 s
currentSize : 73 <-- 0.007424 s
currentSize : 77 <-- 0.008287 s
currentSize : 78 <-- 0.008568 s
currentSize : 79 <-- 0.016188 s
currentSize : 80 <-- 0.016376 s

maxsize : 80
nodes : 6464.000000
filtered : 27008.000000
time : 0.036345
