Parameters: GAD=1 vflib=1 dir=0 label=1 lowerbound=1 fileNameGp=../graphsdb/mcs90/m4D/m4Dr6/mcs90_m4Dr6_s20.A72 fileNameGt=../graphsdb/mcs90/m4D/m4Dr6/mcs90_m4Dr6_s20.B72
Reading graphs...
20 :  45
20 :  45
Initializing...
maxdom : 7
D->valSize : 106
Solving...
Blb : 3 (clique : 9)
currentSize : 9 <-- 0.000550 s
currentSize : 12 <-- 0.000677 s
currentSize : 13 <-- 0.000807 s
currentSize : 15 <-- 0.000832 s
currentSize : 16 <-- 0.000917 s

maxsize : 16
nodes : 291.000000
filtered : 2027.000000
time : 0.001179
