Parameters: GAD=1 vflib=1 dir=0 label=1 lowerbound=1 fileNameGp=../graphsdb/mcs90/bvg/b09/mcs90_b09_s90.A34 fileNameGt=../graphsdb/mcs90/bvg/b09/mcs90_b09_s90.B34
Reading graphs...
90 :  405
90 :  405
Initializing...
maxdom : 11
D->valSize : 627
Solving...
Blb : 2 (clique : 58)
currentSize : 58 <-- 0.012708 s
currentSize : 62 <-- 0.013316 s
currentSize : 63 <-- 0.092406 s
currentSize : 68 <-- 0.093138 s
currentSize : 74 <-- 0.093685 s
currentSize : 80 <-- 0.094227 s

maxsize : 80
nodes : 9789.000000
filtered : 111117.000000
time : 0.116275
