Parameters: GAD=1 vflib=1 dir=0 label=1 lowerbound=1 fileNameGp=../graphsdb/mcs90/m4D/m4Dr6/mcs90_m4Dr6_s90.A05 fileNameGt=../graphsdb/mcs90/m4D/m4Dr6/mcs90_m4Dr6_s90.B05
Reading graphs...
90 :  259
90 :  259
Initializing...
maxdom : 11
D->valSize : 580
Solving...
Blb : 3 (clique : 70)
currentSize : 70 <-- 0.007260 s
currentSize : 74 <-- 0.021955 s
currentSize : 77 <-- 0.022108 s
currentSize : 78 <-- 0.025337 s
currentSize : 80 <-- 0.049983 s

maxsize : 80
nodes : 18049.000000
filtered : 55821.000000
time : 0.081697
