Parameters: GAD=1 vflib=1 dir=0 label=1 lowerbound=1 fileNameGp=../graphsdb/mcs90/m2D/m2Dr2/mcs90_m2Dr2_s80.A85 fileNameGt=../graphsdb/mcs90/m2D/m2Dr2/mcs90_m2Dr2_s80.B85
Reading graphs...
80 :  158
80 :  158
Initializing...
maxdom : 7
D->valSize : 430
Solving...
Blb : 2 (clique : 52)
currentSize : 52 <-- 0.004372 s
currentSize : 54 <-- 0.004691 s
currentSize : 55 <-- 0.004879 s
currentSize : 56 <-- 0.005100 s
currentSize : 57 <-- 0.005272 s
currentSize : 59 <-- 0.005415 s
currentSize : 63 <-- 0.005684 s
currentSize : 64 <-- 0.006157 s

maxsize : 64
nodes : 94176.000000
filtered : 623304.000000
time : 0.520746
