Parameters: GAD=1 vflib=1 dir=0 label=1 lowerbound=1 fileNameGp=../graphsdb/mcs90/rand/r02/mcs90_r02_s80.A65 fileNameGt=../graphsdb/mcs90/rand/r02/mcs90_r02_s80.B65
Reading graphs...
80 :  1141
80 :  1140
Initializing...
maxdom : 9
D->valSize : 457
Solving...
Blb : 2 (clique : 46)
currentSize : 46 <-- 0.004373 s
currentSize : 47 <-- 0.007273 s
currentSize : 48 <-- 3.593193 s
currentSize : 49 <-- 122.622101 s
currentSize : 50 <-- 302.933472 s

maxsize : 50
nodes : 116946753.000000
filtered : 71356112.000000
time : 407.749817
