Parameters: GAD=1 vflib=1 dir=0 label=1 lowerbound=1 fileNameGp=../graphsdb/mcs90/bvg/b09/mcs90_b09_s90.A37 fileNameGt=../graphsdb/mcs90/bvg/b09/mcs90_b09_s90.B37
Reading graphs...
90 :  404
90 :  404
Initializing...
maxdom : 11
D->valSize : 584
Solving...
Blb : 2 (clique : 50)
currentSize : 50 <-- 0.007119 s
currentSize : 51 <-- 0.007429 s
currentSize : 62 <-- 0.011824 s
currentSize : 63 <-- 0.366490 s
currentSize : 80 <-- 0.514590 s

maxsize : 80
nodes : 90659.000000
filtered : 867547.000000
time : 0.515956
