Parameters: GAD=1 vflib=1 dir=0 label=1 lowerbound=1 fileNameGp=../graphsdb/mcs90/rand/r001/mcs90_r001_s100.A10 fileNameGt=../graphsdb/mcs90/rand/r001/mcs90_r001_s100.B10
Reading graphs...
100 :  108
100 :  108
Initializing...
maxdom : 9
D->valSize : 389
Solving...
Blb : 2 (clique : 84)
currentSize : 84 <-- 0.007786 s
currentSize : 86 <-- 0.012015 s
currentSize : 87 <-- 0.012796 s
currentSize : 89 <-- 0.019050 s
currentSize : 90 <-- 0.019711 s

maxsize : 90
nodes : 3559.000000
filtered : 7067.000000
time : 0.032685
