Parameters: GAD=1 vflib=1 dir=0 label=1 lowerbound=1 fileNameGp=../graphsdb/mcs90/bvg/b03m/mcs90_b03m_s100.A65 fileNameGt=../graphsdb/mcs90/bvg/b03m/mcs90_b03m_s100.B65
Reading graphs...
100 :  150
100 :  150
Initializing...
maxdom : 6
D->valSize : 378
Solving...
Blb : 2 (clique : 74)
currentSize : 74 <-- 0.007337 s
currentSize : 78 <-- 0.008118 s
currentSize : 81 <-- 0.009086 s
currentSize : 83 <-- 0.010407 s
currentSize : 84 <-- 0.010859 s
currentSize : 86 <-- 0.011627 s
currentSize : 88 <-- 0.012520 s
currentSize : 90 <-- 0.067414 s

maxsize : 90
nodes : 9686.000000
filtered : 32078.000000
time : 0.089992
