Parameters: GAD=1 vflib=1 dir=0 label=1 lowerbound=1 fileNameGp=../graphsdb/mcs90/rand/r02/mcs90_r02_s80.A51 fileNameGt=../graphsdb/mcs90/rand/r02/mcs90_r02_s80.B51
Reading graphs...
80 :  1131
80 :  1132
Initializing...
maxdom : 11
D->valSize : 478
Solving...
Blb : 2 (clique : 46)
currentSize : 46 <-- 0.004829 s
currentSize : 47 <-- 0.006693 s
currentSize : 48 <-- 0.131569 s
currentSize : 49 <-- 8.077803 s
currentSize : 50 <-- 157.696823 s
currentSize : 51 <-- 353.160553 s
currentSize : 52 <-- 491.048218 s

maxsize : 52
nodes : 590164860.000000
filtered : 210836729.000000
time : 1852.725586
