Parameters: GAD=1 vflib=1 dir=0 label=1 lowerbound=1 fileNameGp=../graphsdb/mcs90/m3D/m3Dr2/mcs90_m3Dr2_s80.A83 fileNameGt=../graphsdb/mcs90/m3D/m3Dr2/mcs90_m3Dr2_s80.B83
Reading graphs...
80 :  199
80 :  199
Initializing...
maxdom : 8
D->valSize : 459
Solving...
Blb : 2 (clique : 49)
currentSize : 49 <-- 0.004726 s
currentSize : 51 <-- 0.005036 s
currentSize : 54 <-- 0.005717 s
currentSize : 56 <-- 0.005834 s
currentSize : 57 <-- 0.006700 s
currentSize : 59 <-- 0.006838 s
currentSize : 60 <-- 0.011930 s
currentSize : 61 <-- 0.012400 s
currentSize : 63 <-- 0.013357 s
currentSize : 64 <-- 0.014114 s

maxsize : 64
nodes : 93771.000000
filtered : 582525.000000
time : 0.452271
