Parameters: GAD=1 vflib=1 dir=0 label=1 lowerbound=1 fileNameGp=../graphsdb/mcs90/m2D/m2D/mcs90_m2D_s30.A84 fileNameGt=../graphsdb/mcs90/m2D/m2D/mcs90_m2D_s30.B84
Reading graphs...
30 :  49
30 :  49
Initializing...
maxdom : 6
D->valSize : 120
Solving...
Blb : 2 (clique : 13)
currentSize : 13 <-- 0.000762 s
currentSize : 14 <-- 0.001351 s
currentSize : 15 <-- 0.001581 s
currentSize : 16 <-- 0.001602 s
currentSize : 17 <-- 0.002433 s
currentSize : 18 <-- 0.002456 s
currentSize : 20 <-- 0.003181 s
currentSize : 25 <-- 0.003537 s

maxsize : 25
nodes : 1204.000000
filtered : 4885.000000
time : 0.003698
