Parameters: GAD=1 vflib=1 dir=0 label=1 lowerbound=1 fileNameGp=../graphsdb/mcs90/bvg/b03/mcs90_b03_s70.A01 fileNameGt=../graphsdb/mcs90/bvg/b03/mcs90_b03_s70.B01
Reading graphs...
70 :  105
70 :  105
Initializing...
maxdom : 7
D->valSize : 363
Solving...
Blb : 2 (clique : 50)
currentSize : 50 <-- 0.003404 s
currentSize : 52 <-- 0.003699 s
currentSize : 53 <-- 0.003805 s
currentSize : 56 <-- 0.004035 s
currentSize : 57 <-- 0.004153 s
currentSize : 58 <-- 0.004440 s
currentSize : 61 <-- 0.004956 s
currentSize : 62 <-- 0.005156 s

maxsize : 62
nodes : 4557.000000
filtered : 17643.000000
time : 0.022049
