Parameters: GAD=1 vflib=1 dir=0 label=1 lowerbound=1 fileNameGp=../graphsdb/mcs90/bvg/b09/mcs90_b09_s40.A30 fileNameGt=../graphsdb/mcs90/bvg/b09/mcs90_b09_s40.B30
Reading graphs...
40 :  180
40 :  179
Initializing...
maxdom : 10
D->valSize : 233
Solving...
Blb : 3 (clique : 12)
currentSize : 12 <-- 0.001385 s
currentSize : 13 <-- 0.001987 s
currentSize : 14 <-- 0.003621 s
currentSize : 16 <-- 0.004531 s
currentSize : 20 <-- 0.005671 s
currentSize : 21 <-- 0.005719 s
currentSize : 33 <-- 0.006890 s
currentSize : 36 <-- 0.006980 s

maxsize : 36
nodes : 1716.000000
filtered : 18513.000000
time : 0.007175
