Parameters: GAD=1 vflib=1 dir=0 label=1 lowerbound=1 fileNameGp=../graphsdb/mcs90/bvg/b09/mcs90_b09_s40.A44 fileNameGt=../graphsdb/mcs90/bvg/b09/mcs90_b09_s40.B44
Reading graphs...
40 :  180
40 :  180
Initializing...
maxdom : 9
D->valSize : 235
Solving...
Blb : 3 (clique : 12)
currentSize : 12 <-- 0.001443 s
currentSize : 15 <-- 0.001564 s
currentSize : 17 <-- 0.001854 s
currentSize : 25 <-- 0.002469 s
currentSize : 26 <-- 0.003198 s
currentSize : 36 <-- 0.003517 s

maxsize : 36
nodes : 674.000000
filtered : 6778.000000
time : 0.003669
