Parameters: GAD=1 vflib=1 dir=0 label=1 lowerbound=1 fileNameGp=../graphsdb/mcs90/rand/r005/mcs90_r005_s40.A54 fileNameGt=../graphsdb/mcs90/rand/r005/mcs90_r005_s40.B54
Reading graphs...
40 :  77
40 :  77
Initializing...
maxdom : 8
D->valSize : 220
Solving...
Blb : 2 (clique : 20)
currentSize : 20 <-- 0.001343 s
currentSize : 22 <-- 0.001470 s
currentSize : 29 <-- 0.002794 s
currentSize : 31 <-- 0.003016 s
currentSize : 32 <-- 0.003457 s
currentSize : 36 <-- 0.003917 s

maxsize : 36
nodes : 861.000000
filtered : 7331.000000
time : 0.004059
