Parameters: GAD=1 vflib=1 dir=0 label=1 lowerbound=1 fileNameGp=../graphsdb/mcs90/m3D/m3Dr4/mcs90_m3Dr4_s80.A99 fileNameGt=../graphsdb/mcs90/m3D/m3Dr4/mcs90_m3Dr4_s80.B99
Reading graphs...
80 :  216
80 :  214
Initializing...
maxdom : 8
D->valSize : 470
Solving...
Blb : 2 (clique : 48)
currentSize : 48 <-- 0.004774 s
currentSize : 49 <-- 0.033188 s
currentSize : 55 <-- 0.144701 s
currentSize : 57 <-- 0.345684 s
currentSize : 59 <-- 0.478677 s
currentSize : 61 <-- 0.495578 s
currentSize : 64 <-- 0.502073 s

maxsize : 64
nodes : 114101.000000
filtered : 535773.000000
time : 0.517267
