Parameters: GAD=1 vflib=1 dir=0 label=1 lowerbound=1 fileNameGp=../graphsdb/mcs90/bvg/b06/mcs90_b06_s30.A88 fileNameGt=../graphsdb/mcs90/bvg/b06/mcs90_b06_s30.B88
Reading graphs...
30 :  89
30 :  90
Initializing...
maxdom : 7
D->valSize : 126
Solving...
Blb : 2 (clique : 8)
currentSize : 8 <-- 0.000768 s
currentSize : 9 <-- 0.000847 s
currentSize : 10 <-- 0.000857 s
currentSize : 13 <-- 0.000883 s
currentSize : 14 <-- 0.001161 s
currentSize : 18 <-- 0.001327 s
currentSize : 19 <-- 0.001352 s
currentSize : 20 <-- 0.001752 s
currentSize : 27 <-- 0.001841 s

maxsize : 27
nodes : 488.000000
filtered : 2519.000000
time : 0.001907
