Parameters: GAD=1 vflib=1 dir=0 label=1 lowerbound=1 fileNameGp=../graphsdb/mcs90/bvg/b06m/mcs90_b06m_s90.A97 fileNameGt=../graphsdb/mcs90/bvg/b06m/mcs90_b06m_s90.B97
Reading graphs...
90 :  268
90 :  268
Initializing...
maxdom : 10
D->valSize : 580
Solving...
Blb : 3 (clique : 39)
currentSize : 39 <-- 0.011592 s
currentSize : 51 <-- 0.012143 s
currentSize : 55 <-- 0.013173 s
currentSize : 57 <-- 0.014212 s
currentSize : 59 <-- 0.605081 s
currentSize : 61 <-- 1.240366 s
currentSize : 64 <-- 2.217515 s
currentSize : 65 <-- 3.206321 s
currentSize : 70 <-- 3.311799 s
currentSize : 77 <-- 3.447880 s
currentSize : 80 <-- 3.448215 s

maxsize : 80
nodes : 637488.000000
filtered : 3656595.000000
time : 3.457348
