Parameters: GAD=1 vflib=1 dir=0 label=1 lowerbound=1 fileNameGp=../graphsdb/mcs90/bvg/b09/mcs90_b09_s30.A36 fileNameGt=../graphsdb/mcs90/bvg/b09/mcs90_b09_s30.B36
Reading graphs...
30 :  135
30 :  135
Initializing...
maxdom : 5
D->valSize : 114
Solving...
Blb : 2 (clique : 8)
currentSize : 8 <-- 0.000693 s
currentSize : 9 <-- 0.000736 s
currentSize : 10 <-- 0.000816 s
currentSize : 21 <-- 0.001102 s
currentSize : 26 <-- 0.001275 s

maxsize : 26
nodes : 307.000000
filtered : 2221.000000
time : 0.001447
