Parameters: GAD=1 vflib=1 dir=0 label=1 lowerbound=1 fileNameGp=../graphsdb/mcs90/bvg/b03/mcs90_b03_s50.A08 fileNameGt=../graphsdb/mcs90/bvg/b03/mcs90_b03_s50.B08
Reading graphs...
50 :  75
50 :  75
Initializing...
maxdom : 9
D->valSize : 343
Solving...
Blb : 2 (clique : 32)
currentSize : 32 <-- 0.002698 s
currentSize : 33 <-- 0.002958 s
currentSize : 35 <-- 0.003127 s
currentSize : 36 <-- 0.003291 s
currentSize : 37 <-- 0.003402 s
currentSize : 40 <-- 0.004148 s
currentSize : 41 <-- 0.004547 s
currentSize : 44 <-- 0.005201 s

maxsize : 44
nodes : 949.000000
filtered : 3936.000000
time : 0.005375
