Parameters: GAD=1 vflib=1 dir=0 label=1 lowerbound=1 fileNameGp=../graphsdb/mcs90/m2D/m2Dr4/mcs90_m2Dr4_s80.A32 fileNameGt=../graphsdb/mcs90/m2D/m2Dr4/mcs90_m2Dr4_s80.B32
Reading graphs...
80 :  173
80 :  170
Initializing...
maxdom : 9
D->valSize : 462
Solving...
Blb : 3 (clique : 39)
currentSize : 39 <-- 0.007898 s
currentSize : 40 <-- 0.020849 s
currentSize : 44 <-- 0.311047 s
currentSize : 45 <-- 0.311237 s
currentSize : 46 <-- 0.311316 s
currentSize : 52 <-- 0.743963 s
currentSize : 54 <-- 0.814669 s
currentSize : 57 <-- 0.827096 s
currentSize : 59 <-- 1.024326 s
currentSize : 60 <-- 1.033500 s
currentSize : 64 <-- 1.034176 s

maxsize : 64
nodes : 200486.000000
filtered : 1409233.000000
time : 1.072304
