Parameters: GAD=1 vflib=1 dir=0 label=1 lowerbound=1 fileNameGp=../graphsdb/mcs90/m2D/m2Dr2/mcs90_m2Dr2_s90.A29 fileNameGt=../graphsdb/mcs90/m2D/m2Dr2/mcs90_m2Dr2_s90.B29
Reading graphs...
90 :  179
90 :  178
Initializing...
maxdom : 11
D->valSize : 621
Solving...
Blb : 2 (clique : 63)
currentSize : 63 <-- 0.013644 s
currentSize : 66 <-- 0.014335 s
currentSize : 69 <-- 0.015080 s
currentSize : 72 <-- 0.015822 s
currentSize : 73 <-- 0.016404 s
currentSize : 75 <-- 0.016892 s
currentSize : 78 <-- 0.017270 s
currentSize : 81 <-- 0.018393 s

maxsize : 81
nodes : 3520.000000
filtered : 22509.000000
time : 0.043566
