Parameters: GAD=1 vflib=1 dir=0 label=1 lowerbound=1 fileNameGp=../graphsdb/mcs90/m2D/m2Dr6/mcs90_m2Dr6_s80.A25 fileNameGt=../graphsdb/mcs90/m2D/m2Dr6/mcs90_m2Dr6_s80.B25
Reading graphs...
80 :  189
80 :  189
Initializing...
maxdom : 8
D->valSize : 429
Solving...
Blb : 2 (clique : 47)
currentSize : 47 <-- 0.007246 s
currentSize : 52 <-- 0.007737 s
currentSize : 55 <-- 0.008336 s
currentSize : 57 <-- 0.041478 s
currentSize : 59 <-- 0.041772 s
currentSize : 62 <-- 0.042079 s
currentSize : 63 <-- 0.042441 s

maxsize : 63
nodes : 228599.000000
filtered : 1253831.000000
time : 1.146010
