Parameters: GAD=1 vflib=1 dir=0 label=1 lowerbound=1 fileNameGp=../graphsdb/mcs90/bvg/b06m/mcs90_b06m_s80.A07 fileNameGt=../graphsdb/mcs90/bvg/b06m/mcs90_b06m_s80.B07
Reading graphs...
80 :  238
80 :  237
Initializing...
maxdom : 10
D->valSize : 497
Solving...
Blb : 2 (clique : 54)
currentSize : 54 <-- 0.005414 s
currentSize : 56 <-- 0.005705 s
currentSize : 60 <-- 0.040445 s
currentSize : 62 <-- 0.040516 s
currentSize : 63 <-- 0.071872 s
currentSize : 65 <-- 0.071932 s
currentSize : 70 <-- 0.077796 s
currentSize : 72 <-- 0.077867 s

maxsize : 72
nodes : 16441.000000
filtered : 143674.000000
time : 0.085092
