Parameters: GAD=1 vflib=1 dir=0 label=1 lowerbound=1 fileNameGp=../graphsdb/mcs90/rand/r02/mcs90_r02_s90.A43 fileNameGt=../graphsdb/mcs90/rand/r02/mcs90_r02_s90.B43
Reading graphs...
90 :  1449
90 :  1442
Initializing...
maxdom : 8
D->valSize : 556
Solving...
Blb : 2 (clique : 28)
currentSize : 28 <-- 0.006188 s
currentSize : 29 <-- 0.009321 s
currentSize : 36 <-- 0.158450 s
currentSize : 43 <-- 0.158745 s
currentSize : 44 <-- 0.158797 s
currentSize : 45 <-- 0.162713 s
currentSize : 46 <-- 15.227063 s
currentSize : 47 <-- 59.076191 s
currentSize : 48 <-- 285.946564 s
currentSize : 49 <-- 1184.769043 s
currentSize : 50 <-- 2489.552734 s

TIMEOUT
maxsize : 50
nodes : 994882769.000000
filtered : 607082920.000000
time : 3600.000000
