Parameters: GAD=1 vflib=1 dir=0 label=1 lowerbound=1 fileNameGp=../graphsdb/mcs90/m2D/m2Dr4/mcs90_m2Dr4_s80.A05 fileNameGt=../graphsdb/mcs90/m2D/m2Dr4/mcs90_m2Dr4_s80.B05
Reading graphs...
80 :  172
80 :  172
Initializing...
maxdom : 9
D->valSize : 447
Solving...
Blb : 2 (clique : 50)
currentSize : 50 <-- 0.007632 s
currentSize : 52 <-- 0.008084 s
currentSize : 55 <-- 0.008500 s
currentSize : 58 <-- 5.927161 s
currentSize : 60 <-- 6.627220 s
currentSize : 63 <-- 6.627608 s

maxsize : 63
nodes : 1453260.000000
filtered : 10303851.000000
time : 7.915408
