Parameters: GAD=1 vflib=1 dir=0 label=1 lowerbound=1 fileNameGp=../graphsdb/mcs90/bvg/b03/mcs90_b03_s80.A41 fileNameGt=../graphsdb/mcs90/bvg/b03/mcs90_b03_s80.B41
Reading graphs...
80 :  120
80 :  120
Initializing...
maxdom : 10
D->valSize : 496
Solving...
Blb : 3 (clique : 35)
currentSize : 35 <-- 0.005378 s
currentSize : 59 <-- 0.005714 s
currentSize : 61 <-- 0.005998 s
currentSize : 63 <-- 0.009247 s
currentSize : 67 <-- 0.012060 s
currentSize : 71 <-- 0.019315 s
currentSize : 72 <-- 0.019460 s

maxsize : 72
nodes : 3560.000000
filtered : 18368.000000
time : 0.024060
