Parameters: GAD=1 vflib=1 dir=0 label=1 lowerbound=1 fileNameGp=../graphsdb/mcs90/bvg/b03m/mcs90_b03m_s25.A29 fileNameGt=../graphsdb/mcs90/bvg/b03m/mcs90_b03m_s25.B29
Reading graphs...
25 :  37
25 :  37
Initializing...
maxdom : 7
D->valSize : 159
Solving...
Blb : 3 (clique : 16)
currentSize : 16 <-- 0.000839 s
currentSize : 18 <-- 0.001922 s
currentSize : 20 <-- 0.002957 s
currentSize : 21 <-- 0.003411 s
currentSize : 22 <-- 0.003420 s

maxsize : 22
nodes : 1257.000000
filtered : 7788.000000
time : 0.003609
