Parameters: GAD=1 vflib=1 dir=0 label=1 lowerbound=1 fileNameGp=../graphsdb/mcs90/bvg/b06/mcs90_b06_s15.A97 fileNameGt=../graphsdb/mcs90/bvg/b06/mcs90_b06_s15.B97
Reading graphs...
15 :  45
15 :  44
Initializing...
maxdom : 9
D->valSize : 120
Solving...
Blb : 2 (clique : 6)
currentSize : 6 <-- 0.000583 s
currentSize : 7 <-- 0.000640 s
currentSize : 8 <-- 0.000903 s
currentSize : 10 <-- 0.001011 s
currentSize : 13 <-- 0.001088 s

maxsize : 13
nodes : 269.000000
filtered : 2026.000000
time : 0.001128
