Parameters: GAD=1 vflib=1 dir=0 label=1 lowerbound=1 fileNameGp=../graphsdb/mcs90/m2D/m2Dr2/mcs90_m2Dr2_s40.A17 fileNameGt=../graphsdb/mcs90/m2D/m2Dr2/mcs90_m2Dr2_s40.B17
Reading graphs...
40 :  75
40 :  73
Initializing...
maxdom : 7
D->valSize : 207
Solving...
Blb : 2 (clique : 26)
currentSize : 26 <-- 0.001469 s
currentSize : 27 <-- 0.001594 s
currentSize : 31 <-- 0.001672 s
currentSize : 32 <-- 0.001930 s
currentSize : 36 <-- 0.002003 s

maxsize : 36
nodes : 315.000000
filtered : 1495.000000
time : 0.002202
