Parameters: GAD=1 vflib=1 dir=0 label=1 lowerbound=1 fileNameGp=../graphsdb/mcs90/bvg/b06m/mcs90_b06m_s90.A94 fileNameGt=../graphsdb/mcs90/bvg/b06m/mcs90_b06m_s90.B94
Reading graphs...
90 :  270
90 :  270
Initializing...
maxdom : 10
D->valSize : 609
Solving...
Blb : 3 (clique : 40)
currentSize : 40 <-- 0.007406 s
currentSize : 41 <-- 0.008315 s
currentSize : 43 <-- 0.008424 s
currentSize : 44 <-- 0.011980 s
currentSize : 45 <-- 0.514096 s
currentSize : 46 <-- 0.519088 s
currentSize : 48 <-- 0.890634 s
currentSize : 49 <-- 0.892482 s
currentSize : 51 <-- 0.892606 s
currentSize : 53 <-- 1.865836 s
currentSize : 54 <-- 1.865972 s
currentSize : 57 <-- 1.878691 s
currentSize : 58 <-- 1.878848 s
currentSize : 59 <-- 2.052776 s
currentSize : 62 <-- 2.052994 s
currentSize : 69 <-- 2.053248 s
currentSize : 81 <-- 2.145180 s

maxsize : 81
nodes : 367135.000000
filtered : 2985490.000000
time : 2.145844
