Parameters: GAD=1 vflib=1 dir=0 label=1 lowerbound=1 fileNameGp=../graphsdb/mcs90/rand/r01/mcs90_r01_s35.A60 fileNameGt=../graphsdb/mcs90/rand/r01/mcs90_r01_s35.B60
Reading graphs...
35 :  117
35 :  117
Initializing...
maxdom : 8
D->valSize : 207
Solving...
Blb : 2 (clique : 10)
currentSize : 10 <-- 0.001301 s
currentSize : 13 <-- 0.001405 s
currentSize : 17 <-- 0.001505 s
currentSize : 23 <-- 0.001600 s
currentSize : 30 <-- 0.001713 s

maxsize : 30
nodes : 232.000000
filtered : 1608.000000
time : 0.001909
