Parameters: GAD=1 vflib=1 dir=0 label=1 lowerbound=1 fileNameGp=../graphsdb/mcs90/bvg/b09/mcs90_b09_s25.A54 fileNameGt=../graphsdb/mcs90/bvg/b09/mcs90_b09_s25.B54
Reading graphs...
25 :  112
25 :  111
Initializing...
maxdom : 8
D->valSize : 171
Solving...
Blb : 2 (clique : 7)
currentSize : 7 <-- 0.000820 s
currentSize : 8 <-- 0.001005 s
currentSize : 10 <-- 0.001403 s
currentSize : 11 <-- 0.001730 s
currentSize : 22 <-- 0.002138 s

maxsize : 22
nodes : 530.000000
filtered : 6194.000000
time : 0.002268
