Parameters: GAD=1 vflib=1 dir=0 label=1 lowerbound=1 fileNameGp=../graphsdb/mcs90/bvg/b09/mcs90_b09_s80.A25 fileNameGt=../graphsdb/mcs90/bvg/b09/mcs90_b09_s80.B25
Reading graphs...
80 :  360
80 :  359
Initializing...
maxdom : 8
D->valSize : 441
Solving...
Blb : 3 (clique : 19)
currentSize : 19 <-- 0.004356 s
currentSize : 22 <-- 0.004773 s
currentSize : 25 <-- 0.005340 s
currentSize : 26 <-- 0.027475 s
currentSize : 27 <-- 0.031972 s
currentSize : 31 <-- 0.069712 s
currentSize : 32 <-- 0.103602 s
currentSize : 35 <-- 0.203190 s
currentSize : 51 <-- 0.252035 s
currentSize : 59 <-- 0.260254 s
currentSize : 72 <-- 0.297535 s

maxsize : 72
nodes : 72269.000000
filtered : 297902.000000
time : 0.298435
