Parameters: GAD=1 vflib=1 dir=0 label=1 lowerbound=1 fileNameGp=../graphsdb/mcs90/bvg/b06/mcs90_b06_s70.A35 fileNameGt=../graphsdb/mcs90/bvg/b06/mcs90_b06_s70.B35
Reading graphs...
70 :  210
70 :  210
Initializing...
maxdom : 9
D->valSize : 365
Solving...
Blb : 3 (clique : 44)
currentSize : 44 <-- 0.003142 s
currentSize : 46 <-- 0.080377 s
currentSize : 48 <-- 0.080598 s
currentSize : 49 <-- 0.090971 s
currentSize : 52 <-- 0.091205 s
currentSize : 53 <-- 0.096740 s
currentSize : 54 <-- 0.096877 s
currentSize : 62 <-- 0.097134 s
currentSize : 63 <-- 0.097264 s

maxsize : 63
nodes : 24241.000000
filtered : 142532.000000
time : 0.099232
