Parameters: GAD=1 vflib=1 dir=0 label=1 lowerbound=1 fileNameGp=../graphsdb/mcs90/bvg/b09/mcs90_b09_s25.A85 fileNameGt=../graphsdb/mcs90/bvg/b09/mcs90_b09_s25.B85
Reading graphs...
25 :  111
25 :  111
Initializing...
maxdom : 8
D->valSize : 158
Solving...
Blb : 2 (clique : 7)
currentSize : 7 <-- 0.000846 s
currentSize : 8 <-- 0.000973 s
currentSize : 9 <-- 0.001038 s
currentSize : 11 <-- 0.001321 s
currentSize : 22 <-- 0.001465 s

maxsize : 22
nodes : 299.000000
filtered : 3728.000000
time : 0.001607
