Parameters: GAD=1 vflib=1 dir=0 label=1 lowerbound=1 fileNameGp=../graphsdb/mcs90/bvg/b09m/mcs90_b09m_s50.A86 fileNameGt=../graphsdb/mcs90/bvg/b09m/mcs90_b09m_s50.B86
Reading graphs...
50 :  220
50 :  220
Initializing...
maxdom : 12
D->valSize : 381
Solving...
Blb : 3 (clique : 24)
currentSize : 24 <-- 0.002853 s
currentSize : 26 <-- 0.003270 s
currentSize : 29 <-- 0.004415 s
currentSize : 32 <-- 0.010940 s
currentSize : 41 <-- 0.011993 s
currentSize : 42 <-- 0.012096 s

maxsize : 42
nodes : 2197.000000
filtered : 33347.000000
time : 0.012936
