Parameters: GAD=1 vflib=1 dir=0 label=1 lowerbound=1 fileNameGp=../graphsdb/mcs90/m2D/m2D/mcs90_m2D_s20.A26 fileNameGt=../graphsdb/mcs90/m2D/m2D/mcs90_m2D_s20.B26
Reading graphs...
20 :  31
20 :  31
Initializing...
maxdom : 6
D->valSize : 104
Solving...
Blb : 2 (clique : 8)
currentSize : 8 <-- 0.000596 s
currentSize : 9 <-- 0.000647 s
currentSize : 10 <-- 0.000686 s
currentSize : 12 <-- 0.000725 s
currentSize : 14 <-- 0.001317 s
currentSize : 16 <-- 0.001337 s

maxsize : 16
nodes : 483.000000
filtered : 3279.000000
time : 0.001689
