Parameters: GAD=1 vflib=1 dir=0 label=1 lowerbound=1 fileNameGp=../graphsdb/mcs90/rand/r02/mcs90_r02_s30.A23 fileNameGt=../graphsdb/mcs90/rand/r02/mcs90_r02_s30.B23
Reading graphs...
30 :  155
30 :  155
Initializing...
maxdom : 6
D->valSize : 126
Solving...
Blb : 2 (clique : 5)
currentSize : 5 <-- 0.000782 s
currentSize : 7 <-- 0.000825 s
currentSize : 8 <-- 0.000858 s
currentSize : 9 <-- 0.000875 s
currentSize : 11 <-- 0.000906 s
currentSize : 23 <-- 0.001026 s

maxsize : 23
nodes : 636.000000
filtered : 2321.000000
time : 0.002049
