Parameters: GAD=1 vflib=1 dir=0 label=1 lowerbound=1 fileNameGp=../graphsdb/mcs90/bvg/b09/mcs90_b09_s15.A75 fileNameGt=../graphsdb/mcs90/bvg/b09/mcs90_b09_s15.B75
Reading graphs...
15 :  65
15 :  66
Initializing...
maxdom : 8
D->valSize : 112
Solving...
Blb : 2 (clique : 4)
currentSize : 4 <-- 0.000480 s
currentSize : 5 <-- 0.000525 s
currentSize : 6 <-- 0.000633 s
currentSize : 7 <-- 0.000753 s
currentSize : 12 <-- 0.001200 s

maxsize : 12
nodes : 398.000000
filtered : 3654.000000
time : 0.001340
