Parameters: GAD=1 vflib=1 dir=0 label=1 lowerbound=1 fileNameGp=../graphsdb/mcs90/m2D/m2Dr4/mcs90_m2Dr4_s90.A39 fileNameGt=../graphsdb/mcs90/m2D/m2Dr4/mcs90_m2Dr4_s90.B39
Reading graphs...
90 :  195
90 :  193
Initializing...
maxdom : 9
D->valSize : 575
Solving...
Blb : 2 (clique : 64)
currentSize : 64 <-- 0.012001 s
currentSize : 70 <-- 0.012797 s
currentSize : 71 <-- 0.013636 s
currentSize : 77 <-- 0.015061 s
currentSize : 81 <-- 0.015951 s

maxsize : 81
nodes : 918.000000
filtered : 3246.000000
time : 0.016663
