Parameters: GAD=1 vflib=1 dir=0 label=1 lowerbound=1 fileNameGp=../graphsdb/mcs90/m3D/m3Dr2/mcs90_m3Dr2_s80.A50 fileNameGt=../graphsdb/mcs90/m3D/m3Dr2/mcs90_m3Dr2_s80.B50
Reading graphs...
80 :  199
80 :  199
Initializing...
maxdom : 7
D->valSize : 413
Solving...
Blb : 2 (clique : 44)
currentSize : 44 <-- 0.004401 s
currentSize : 45 <-- 0.004679 s
currentSize : 46 <-- 0.004807 s
currentSize : 47 <-- 0.004904 s
currentSize : 48 <-- 0.006248 s
currentSize : 49 <-- 0.006381 s
currentSize : 51 <-- 0.006523 s
currentSize : 53 <-- 0.009638 s
currentSize : 54 <-- 0.009805 s
currentSize : 56 <-- 0.009978 s
currentSize : 57 <-- 0.016855 s
currentSize : 59 <-- 0.017600 s
currentSize : 61 <-- 0.017782 s
currentSize : 63 <-- 0.017974 s

maxsize : 63
nodes : 92451.000000
filtered : 555042.000000
time : 0.475642
