Parameters: GAD=1 vflib=1 dir=0 label=1 lowerbound=1 fileNameGp=../graphsdb/mcs90/m2D/m2Dr2/mcs90_m2Dr2_s90.A54 fileNameGt=../graphsdb/mcs90/m2D/m2Dr2/mcs90_m2Dr2_s90.B54
Reading graphs...
90 :  178
90 :  177
Initializing...
maxdom : 11
D->valSize : 620
Solving...
Blb : 2 (clique : 66)
currentSize : 66 <-- 0.008047 s
currentSize : 69 <-- 0.008498 s
currentSize : 73 <-- 0.009041 s
currentSize : 77 <-- 0.039157 s
currentSize : 80 <-- 0.044617 s

maxsize : 80
nodes : 8445.000000
filtered : 43876.000000
time : 0.050343
