Parameters: GAD=1 vflib=1 dir=0 label=1 lowerbound=1 fileNameGp=../graphsdb/mcs90/bvg/b03/mcs90_b03_s90.A95 fileNameGt=../graphsdb/mcs90/bvg/b03/mcs90_b03_s90.B95
Reading graphs...
90 :  135
90 :  135
Initializing...
maxdom : 9
D->valSize : 563
Solving...
Blb : 2 (clique : 62)
currentSize : 62 <-- 0.007200 s
currentSize : 65 <-- 0.007628 s
currentSize : 67 <-- 0.007919 s
currentSize : 71 <-- 0.013375 s
currentSize : 74 <-- 0.023956 s
currentSize : 80 <-- 0.141209 s

maxsize : 80
nodes : 24036.000000
filtered : 125322.000000
time : 0.145509
