Parameters: GAD=1 vflib=1 dir=0 label=1 lowerbound=1 fileNameGp=../graphsdb/mcs90/m2D/m2D/mcs90_m2D_s60.A81 fileNameGt=../graphsdb/mcs90/m2D/m2D/mcs90_m2D_s60.B81
Reading graphs...
60 :  104
60 :  103
Initializing...
maxdom : 7
D->valSize : 296
Solving...
Blb : 2 (clique : 38)
currentSize : 38 <-- 0.002300 s
currentSize : 40 <-- 0.002497 s
currentSize : 43 <-- 0.002588 s
currentSize : 44 <-- 0.002707 s
currentSize : 45 <-- 0.002943 s
currentSize : 49 <-- 0.003056 s

maxsize : 49
nodes : 3637.000000
filtered : 17028.000000
time : 0.016085
