Parameters: GAD=1 vflib=1 dir=0 label=1 lowerbound=1 fileNameGp=../graphsdb/mcs90/bvg/b09/mcs90_b09_s80.A16 fileNameGt=../graphsdb/mcs90/bvg/b09/mcs90_b09_s80.B16
Reading graphs...
80 :  359
80 :  359
Initializing...
maxdom : 10
D->valSize : 484
Solving...
Blb : 2 (clique : 38)
currentSize : 38 <-- 0.004875 s
currentSize : 39 <-- 0.005373 s
currentSize : 45 <-- 0.005564 s
currentSize : 54 <-- 0.005890 s
currentSize : 72 <-- 0.014507 s

maxsize : 72
nodes : 1952.000000
filtered : 17204.000000
time : 0.014828
