Parameters: GAD=1 vflib=1 dir=0 label=1 lowerbound=1 fileNameGp=../graphsdb/mcs90/m3D/m3Dr2/mcs90_m3Dr2_s80.A90 fileNameGt=../graphsdb/mcs90/m3D/m3Dr2/mcs90_m3Dr2_s80.B90
Reading graphs...
80 :  199
80 :  199
Initializing...
maxdom : 8
D->valSize : 453
Solving...
Blb : 2 (clique : 39)
currentSize : 39 <-- 0.004832 s
currentSize : 41 <-- 0.007313 s
currentSize : 43 <-- 0.008075 s
currentSize : 45 <-- 0.519035 s
currentSize : 47 <-- 0.519214 s
currentSize : 48 <-- 0.787228 s
currentSize : 50 <-- 0.787353 s
currentSize : 51 <-- 0.966543 s
currentSize : 52 <-- 1.071099 s
currentSize : 56 <-- 1.071424 s
currentSize : 60 <-- 1.071761 s
currentSize : 63 <-- 1.199003 s
currentSize : 64 <-- 1.248019 s

maxsize : 64
nodes : 259278.000000
filtered : 1394450.000000
time : 1.270444
