Parameters: GAD=1 vflib=1 dir=0 label=1 lowerbound=1 fileNameGp=../graphsdb/mcs90/bvg/b03/mcs90_b03_s40.A43 fileNameGt=../graphsdb/mcs90/bvg/b03/mcs90_b03_s40.B43
Reading graphs...
40 :  60
40 :  60
Initializing...
maxdom : 9
D->valSize : 258
Solving...
Blb : 3 (clique : 26)
currentSize : 26 <-- 0.001675 s
currentSize : 27 <-- 0.002338 s
currentSize : 28 <-- 0.002356 s
currentSize : 29 <-- 0.002387 s
currentSize : 32 <-- 0.005063 s
currentSize : 34 <-- 0.007269 s
currentSize : 36 <-- 0.007304 s

maxsize : 36
nodes : 3206.000000
filtered : 14187.000000
time : 0.009400
