Parameters: GAD=1 vflib=1 dir=0 label=1 lowerbound=1 fileNameGp=../graphsdb/mcs90/bvg/b09m/mcs90_b09m_s80.A80 fileNameGt=../graphsdb/mcs90/bvg/b09m/mcs90_b09m_s80.B80
Reading graphs...
80 :  357
80 :  357
Initializing...
maxdom : 8
D->valSize : 480
Solving...
Blb : 3 (clique : 29)
currentSize : 29 <-- 0.004913 s
currentSize : 32 <-- 0.005139 s
currentSize : 42 <-- 0.040300 s
currentSize : 47 <-- 0.090135 s
currentSize : 55 <-- 0.121542 s
currentSize : 61 <-- 0.125228 s
currentSize : 71 <-- 0.137964 s

maxsize : 71
nodes : 23868.000000
filtered : 250734.000000
time : 0.140203
