Parameters: GAD=1 vflib=1 dir=0 label=1 lowerbound=1 fileNameGp=../graphsdb/mcs90/bvg/b06/mcs90_b06_s70.A93 fileNameGt=../graphsdb/mcs90/bvg/b06/mcs90_b06_s70.B93
Reading graphs...
70 :  210
70 :  210
Initializing...
maxdom : 7
D->valSize : 349
Solving...
Blb : 2 (clique : 34)
currentSize : 34 <-- 0.002970 s
currentSize : 45 <-- 0.003176 s
currentSize : 50 <-- 0.015263 s
currentSize : 54 <-- 0.016053 s
currentSize : 56 <-- 0.019883 s
currentSize : 63 <-- 0.020142 s

maxsize : 63
nodes : 4744.000000
filtered : 14652.000000
time : 0.020394
