Parameters: GAD=1 vflib=1 dir=0 label=1 lowerbound=1 fileNameGp=../graphsdb/mcs90/bvg/b09/mcs90_b09_s15.A76 fileNameGt=../graphsdb/mcs90/bvg/b09/mcs90_b09_s15.B76
Reading graphs...
15 :  66
15 :  66
Initializing...
maxdom : 10
D->valSize : 115
Solving...
Blb : 3 (clique : 5)
currentSize : 5 <-- 0.000543 s
currentSize : 6 <-- 0.000835 s
currentSize : 7 <-- 0.001809 s
currentSize : 8 <-- 0.001965 s
currentSize : 12 <-- 0.002090 s

maxsize : 12
nodes : 751.000000
filtered : 5838.000000
time : 0.002115
