Parameters: GAD=1 vflib=1 dir=0 label=1 lowerbound=1 fileNameGp=../graphsdb/mcs90/m2D/m2D/mcs90_m2D_s80.A26 fileNameGt=../graphsdb/mcs90/m2D/m2D/mcs90_m2D_s80.B26
Reading graphs...
80 :  142
80 :  142
Initializing...
maxdom : 9
D->valSize : 450
Solving...
Blb : 2 (clique : 58)
currentSize : 58 <-- 0.007918 s
currentSize : 59 <-- 0.008472 s
currentSize : 60 <-- 0.008643 s
currentSize : 61 <-- 0.008833 s
currentSize : 63 <-- 0.008999 s
currentSize : 64 <-- 0.009387 s

maxsize : 64
nodes : 374298.000000
filtered : 1853753.000000
time : 1.840112
