Parameters: GAD=1 vflib=1 dir=0 label=1 lowerbound=1 fileNameGp=../graphsdb/mcs90/rand/r02/mcs90_r02_s100.A16 fileNameGt=../graphsdb/mcs90/rand/r02/mcs90_r02_s100.B16
Reading graphs...
100 :  1796
100 :  1796
Initializing...
maxdom : 10
D->valSize : 450
Solving...
Blb : 3 (clique : 24)
currentSize : 24 <-- 0.004643 s
currentSize : 25 <-- 0.005127 s
currentSize : 52 <-- 0.008343 s
currentSize : 53 <-- 0.008440 s
currentSize : 54 <-- 0.014564 s
currentSize : 55 <-- 0.053177 s
currentSize : 56 <-- 0.427080 s
currentSize : 57 <-- 1.001464 s
currentSize : 58 <-- 11.424665 s
currentSize : 59 <-- 119.334305 s
currentSize : 60 <-- 742.357178 s

TIMEOUT
maxsize : 60
nodes : 909162848.000000
filtered : 364579441.000000
time : 3600.000000
