Parameters: GAD=1 vflib=1 dir=0 label=1 lowerbound=1 fileNameGp=../graphsdb/mcs90/m2D/m2Dr4/mcs90_m2Dr4_s80.A69 fileNameGt=../graphsdb/mcs90/m2D/m2Dr4/mcs90_m2Dr4_s80.B69
Reading graphs...
80 :  172
80 :  172
Initializing...
maxdom : 9
D->valSize : 444
Solving...
Blb : 2 (clique : 53)
currentSize : 53 <-- 0.007657 s
currentSize : 54 <-- 0.008145 s
currentSize : 56 <-- 0.009772 s
currentSize : 62 <-- 0.014609 s
currentSize : 63 <-- 0.450143 s

maxsize : 63
nodes : 87341.000000
filtered : 852997.000000
time : 0.596202
