Parameters: GAD=1 vflib=1 dir=0 label=1 lowerbound=1 fileNameGp=../graphsdb/mcs90/m2D/m2Dr2/mcs90_m2Dr2_s100.A28 fileNameGt=../graphsdb/mcs90/m2D/m2Dr2/mcs90_m2Dr2_s100.B28
Reading graphs...
100 :  199
100 :  198
Initializing...
maxdom : 7
D->valSize : 402
Solving...
Blb : 3 (clique : 68)
currentSize : 68 <-- 0.005301 s
currentSize : 71 <-- 0.005783 s
currentSize : 73 <-- 0.005990 s
currentSize : 75 <-- 0.006331 s
currentSize : 76 <-- 0.011562 s
currentSize : 78 <-- 2.387542 s
currentSize : 80 <-- 2.387893 s

maxsize : 80
nodes : 700225.000000
filtered : 2785595.000000
time : 4.089038
