Parameters: GAD=1 vflib=1 dir=0 label=1 lowerbound=1 fileNameGp=../graphsdb/mcs90/m3D/m3Dr2/mcs90_m3Dr2_s80.A09 fileNameGt=../graphsdb/mcs90/m3D/m3Dr2/mcs90_m3Dr2_s80.B09
Reading graphs...
80 :  199
80 :  196
Initializing...
maxdom : 8
D->valSize : 425
Solving...
Blb : 2 (clique : 32)
currentSize : 32 <-- 0.004285 s
currentSize : 45 <-- 0.004520 s
currentSize : 47 <-- 0.004602 s
currentSize : 49 <-- 0.004743 s
currentSize : 54 <-- 0.005136 s
currentSize : 55 <-- 0.005239 s
currentSize : 56 <-- 0.005309 s
currentSize : 57 <-- 0.101359 s
currentSize : 59 <-- 0.430724 s
currentSize : 60 <-- 0.430804 s
currentSize : 63 <-- 0.979441 s
currentSize : 64 <-- 0.979525 s

maxsize : 64
nodes : 249074.000000
filtered : 1510345.000000
time : 1.335950
