Parameters: GAD=1 vflib=1 dir=0 label=1 lowerbound=1 fileNameGp=../graphsdb/mcs90/bvg/b03/mcs90_b03_s60.A07 fileNameGt=../graphsdb/mcs90/bvg/b03/mcs90_b03_s60.B07
Reading graphs...
60 :  90
60 :  90
Initializing...
maxdom : 8
D->valSize : 307
Solving...
Blb : 2 (clique : 34)
currentSize : 34 <-- 0.002449 s
currentSize : 35 <-- 0.002646 s
currentSize : 37 <-- 0.002699 s
currentSize : 41 <-- 0.002760 s
currentSize : 43 <-- 0.002924 s
currentSize : 47 <-- 0.003008 s
currentSize : 48 <-- 0.003369 s
currentSize : 52 <-- 0.003463 s
currentSize : 54 <-- 0.004375 s

maxsize : 54
nodes : 759.000000
filtered : 2867.000000
time : 0.004606
