Parameters: GAD=1 vflib=1 dir=0 label=1 lowerbound=1 fileNameGp=../graphsdb/mcs90/m2D/m2Dr6/mcs90_m2Dr6_s80.A98 fileNameGt=../graphsdb/mcs90/m2D/m2Dr6/mcs90_m2Dr6_s80.B98
Reading graphs...
80 :  189
80 :  188
Initializing...
maxdom : 7
D->valSize : 450
Solving...
Blb : 2 (clique : 52)
currentSize : 52 <-- 0.007611 s
currentSize : 53 <-- 0.008110 s
currentSize : 55 <-- 0.008369 s
currentSize : 56 <-- 0.008659 s
currentSize : 57 <-- 0.009400 s
currentSize : 58 <-- 0.009693 s
currentSize : 59 <-- 0.010431 s
currentSize : 60 <-- 0.010751 s
currentSize : 61 <-- 0.016120 s
currentSize : 62 <-- 0.016469 s
currentSize : 63 <-- 0.296844 s

maxsize : 63
nodes : 908635.000000
filtered : 3804242.000000
time : 4.213943
