Parameters: GAD=1 vflib=1 dir=0 label=1 lowerbound=1 fileNameGp=../graphsdb/mcs90/m2D/m2Dr4/mcs90_m2Dr4_s80.A22 fileNameGt=../graphsdb/mcs90/m2D/m2Dr4/mcs90_m2Dr4_s80.B22
Reading graphs...
80 :  174
80 :  172
Initializing...
maxdom : 11
D->valSize : 454
Solving...
Blb : 2 (clique : 45)
currentSize : 45 <-- 0.004815 s
currentSize : 47 <-- 10.862379 s
currentSize : 48 <-- 10.862479 s
currentSize : 49 <-- 14.673423 s
currentSize : 50 <-- 14.673513 s
currentSize : 51 <-- 14.673622 s
currentSize : 52 <-- 14.674303 s
currentSize : 53 <-- 14.903422 s
currentSize : 56 <-- 14.903741 s
currentSize : 57 <-- 14.903890 s
currentSize : 58 <-- 20.017424 s
currentSize : 59 <-- 20.217913 s
currentSize : 60 <-- 20.228828 s
currentSize : 63 <-- 20.229580 s
currentSize : 64 <-- 20.229740 s

maxsize : 64
nodes : 4460782.000000
filtered : 21869868.000000
time : 20.518894
