Parameters: GAD=1 vflib=1 dir=0 label=1 lowerbound=1 fileNameGp=../graphsdb/mcs90/m2D/m2Dr6/mcs90_m2Dr6_s30.A94 fileNameGt=../graphsdb/mcs90/m2D/m2Dr6/mcs90_m2Dr6_s30.B94
Reading graphs...
30 :  65
30 :  63
Initializing...
maxdom : 7
D->valSize : 136
Solving...
Blb : 2 (clique : 14)
currentSize : 14 <-- 0.000779 s
currentSize : 15 <-- 0.000841 s
currentSize : 18 <-- 0.000988 s
currentSize : 20 <-- 0.001205 s
currentSize : 24 <-- 0.001501 s

maxsize : 24
nodes : 381.000000
filtered : 2183.000000
time : 0.001679
