Parameters: GAD=1 vflib=1 dir=0 label=1 lowerbound=1 fileNameGp=../graphsdb/mcs90/bvg/b06/mcs90_b06_s100.A70 fileNameGt=../graphsdb/mcs90/bvg/b06/mcs90_b06_s100.B70
Reading graphs...
100 :  299
100 :  300
Initializing...
maxdom : 8
D->valSize : 384
Solving...
Blb : 2 (clique : 57)
currentSize : 57 <-- 0.004684 s
currentSize : 58 <-- 0.005147 s
currentSize : 61 <-- 0.005886 s
currentSize : 66 <-- 0.006631 s
currentSize : 67 <-- 0.007350 s
currentSize : 72 <-- 0.008164 s
currentSize : 75 <-- 0.008838 s
currentSize : 81 <-- 0.009295 s
currentSize : 82 <-- 0.011421 s
currentSize : 83 <-- 0.012024 s
currentSize : 90 <-- 0.012481 s

maxsize : 90
nodes : 2191.000000
filtered : 5336.000000
time : 0.012976
