Parameters: GAD=1 vflib=1 dir=0 label=1 lowerbound=1 fileNameGp=../graphsdb/mcs90/m2D/m2Dr6/mcs90_m2Dr6_s30.A75 fileNameGt=../graphsdb/mcs90/m2D/m2Dr6/mcs90_m2Dr6_s30.B75
Reading graphs...
30 :  66
30 :  65
Initializing...
maxdom : 8
D->valSize : 130
Solving...
Blb : 2 (clique : 16)
currentSize : 16 <-- 0.000793 s
currentSize : 18 <-- 0.000881 s
currentSize : 21 <-- 0.000924 s
currentSize : 22 <-- 0.001090 s
currentSize : 25 <-- 0.001255 s

maxsize : 25
nodes : 265.000000
filtered : 1249.000000
time : 0.001368
