Parameters: GAD=1 vflib=1 dir=0 label=1 lowerbound=1 fileNameGp=../graphsdb/mcs90/m3D/m3D/mcs90_m3D_s80.A48 fileNameGt=../graphsdb/mcs90/m3D/m3D/mcs90_m3D_s80.B48
Reading graphs...
80 :  184
80 :  182
Initializing...
maxdom : 8
D->valSize : 431
Solving...
Blb : 2 (clique : 50)
currentSize : 50 <-- 0.008077 s
currentSize : 52 <-- 0.008602 s
currentSize : 54 <-- 0.009098 s
currentSize : 57 <-- 0.014320 s
currentSize : 60 <-- 0.928013 s
currentSize : 64 <-- 0.928500 s

maxsize : 64
nodes : 245370.000000
filtered : 1311064.000000
time : 1.193407
