Parameters: GAD=1 vflib=1 dir=0 label=1 lowerbound=1 fileNameGp=../graphsdb/mcs90/bvg/b06/mcs90_b06_s20.A22 fileNameGt=../graphsdb/mcs90/bvg/b06/mcs90_b06_s20.B22
Reading graphs...
20 :  60
20 :  60
Initializing...
maxdom : 7
D->valSize : 106
Solving...
Blb : 2 (clique : 8)
currentSize : 8 <-- 0.000579 s
currentSize : 9 <-- 0.000631 s
currentSize : 10 <-- 0.000655 s
currentSize : 13 <-- 0.000932 s
currentSize : 18 <-- 0.001065 s

maxsize : 18
nodes : 232.000000
filtered : 2187.000000
time : 0.001114
