Parameters: GAD=1 vflib=1 dir=0 label=1 lowerbound=1 fileNameGp=../graphsdb/mcs90/rand/r02/mcs90_r02_s100.A83 fileNameGt=../graphsdb/mcs90/rand/r02/mcs90_r02_s100.B83
Reading graphs...
100 :  1774
100 :  1766
Initializing...
maxdom : 7
D->valSize : 394
Solving...
Blb : 3 (clique : 53)
currentSize : 53 <-- 0.004261 s
currentSize : 54 <-- 21.498421 s
currentSize : 55 <-- 89.690117 s
currentSize : 56 <-- 89.847885 s
currentSize : 57 <-- 407.797150 s
currentSize : 58 <-- 2003.836304 s

TIMEOUT
maxsize : 58
nodes : 902678248.000000
filtered : 416394338.000000
time : 3600.000000
