Parameters: GAD=1 vflib=1 dir=0 label=1 lowerbound=1 fileNameGp=../graphsdb/mcs90/m2D/m2Dr6/mcs90_m2Dr6_s80.A82 fileNameGt=../graphsdb/mcs90/m2D/m2Dr6/mcs90_m2Dr6_s80.B82
Reading graphs...
80 :  189
80 :  187
Initializing...
maxdom : 8
D->valSize : 436
Solving...
Blb : 2 (clique : 47)
currentSize : 47 <-- 0.004446 s
currentSize : 48 <-- 0.005903 s
currentSize : 51 <-- 0.007338 s
currentSize : 52 <-- 0.016615 s
currentSize : 53 <-- 0.020249 s
currentSize : 56 <-- 0.024434 s
currentSize : 58 <-- 1.375615 s
currentSize : 63 <-- 1.388743 s

maxsize : 63
nodes : 667299.000000
filtered : 3165613.000000
time : 3.044884
