Parameters: GAD=1 vflib=1 dir=0 label=1 lowerbound=1 fileNameGp=../graphsdb/mcs90/bvg/b03/mcs90_b03_s35.A47 fileNameGt=../graphsdb/mcs90/bvg/b03/mcs90_b03_s35.B47
Reading graphs...
35 :  52
35 :  52
Initializing...
maxdom : 7
D->valSize : 170
Solving...
Blb : 2 (clique : 15)
currentSize : 15 <-- 0.001074 s
currentSize : 16 <-- 0.001143 s
currentSize : 17 <-- 0.001181 s
currentSize : 18 <-- 0.001237 s
currentSize : 19 <-- 0.001416 s
currentSize : 20 <-- 0.002267 s
currentSize : 22 <-- 0.005307 s
currentSize : 23 <-- 0.005337 s
currentSize : 24 <-- 0.005443 s
currentSize : 25 <-- 0.006364 s
currentSize : 26 <-- 0.007502 s
currentSize : 30 <-- 0.007947 s

maxsize : 30
nodes : 2578.000000
filtered : 11613.000000
time : 0.008025
