Parameters: GAD=1 vflib=1 dir=0 label=1 lowerbound=1 fileNameGp=../graphsdb/mcs90/bvg/b06m/mcs90_b06m_s60.A10 fileNameGt=../graphsdb/mcs90/bvg/b06m/mcs90_b06m_s60.B10
Reading graphs...
60 :  180
60 :  179
Initializing...
maxdom : 11
D->valSize : 352
Solving...
Blb : 3 (clique : 36)
currentSize : 36 <-- 0.002818 s
currentSize : 39 <-- 0.003198 s
currentSize : 41 <-- 0.003289 s
currentSize : 44 <-- 0.003455 s
currentSize : 46 <-- 0.003558 s
currentSize : 49 <-- 0.003805 s
currentSize : 54 <-- 0.003991 s

maxsize : 54
nodes : 611.000000
filtered : 2370.000000
time : 0.004351
