Parameters: GAD=1 vflib=1 dir=0 label=1 lowerbound=1 fileNameGp=../graphsdb/mcs90/m3D/m3Dr4/mcs90_m3Dr4_s80.A40 fileNameGt=../graphsdb/mcs90/m3D/m3Dr4/mcs90_m3Dr4_s80.B40
Reading graphs...
80 :  213
80 :  213
Initializing...
maxdom : 9
D->valSize : 464
Solving...
Blb : 3 (clique : 40)
currentSize : 40 <-- 0.004737 s
currentSize : 45 <-- 0.005002 s
currentSize : 49 <-- 0.005097 s
currentSize : 50 <-- 0.005272 s
currentSize : 53 <-- 0.006137 s
currentSize : 56 <-- 0.006305 s
currentSize : 58 <-- 0.061742 s
currentSize : 61 <-- 0.061930 s

maxsize : 61
nodes : 279765.000000
filtered : 2070550.000000
time : 1.487316
