Parameters: GAD=1 vflib=1 dir=0 label=1 lowerbound=1 fileNameGp=../graphsdb/mcs90/bvg/b03/mcs90_b03_s70.A69 fileNameGt=../graphsdb/mcs90/bvg/b03/mcs90_b03_s70.B69
Reading graphs...
70 :  105
70 :  105
Initializing...
maxdom : 7
D->valSize : 362
Solving...
Blb : 2 (clique : 44)
currentSize : 44 <-- 0.003246 s
currentSize : 45 <-- 0.003540 s
currentSize : 46 <-- 0.003646 s
currentSize : 47 <-- 0.003912 s
currentSize : 49 <-- 0.004066 s
currentSize : 50 <-- 0.019680 s
currentSize : 53 <-- 0.020309 s
currentSize : 56 <-- 0.057208 s
currentSize : 57 <-- 0.057333 s
currentSize : 58 <-- 0.087913 s
currentSize : 61 <-- 0.093127 s
currentSize : 62 <-- 0.093240 s

maxsize : 62
nodes : 34195.000000
filtered : 136214.000000
time : 0.140164
