Parameters: GAD=1 vflib=1 dir=0 label=1 lowerbound=1 fileNameGp=../graphsdb/mcs90/m2D/m2Dr2/mcs90_m2Dr2_s100.A54 fileNameGt=../graphsdb/mcs90/m2D/m2Dr2/mcs90_m2Dr2_s100.B54
Reading graphs...
100 :  200
100 :  198
Initializing...
maxdom : 8
D->valSize : 393
Solving...
Blb : 2 (clique : 56)
currentSize : 56 <-- 0.007166 s
currentSize : 58 <-- 0.007757 s
currentSize : 61 <-- 0.008415 s
currentSize : 62 <-- 0.011175 s
currentSize : 63 <-- 0.070456 s
currentSize : 66 <-- 0.073784 s
currentSize : 67 <-- 0.103734 s
currentSize : 70 <-- 0.120872 s
currentSize : 71 <-- 0.137913 s
currentSize : 72 <-- 0.161705 s
currentSize : 76 <-- 0.183250 s
currentSize : 81 <-- 1.640539 s

maxsize : 81
nodes : 317853.000000
filtered : 1299930.000000
time : 1.918656
