Parameters: GAD=1 vflib=1 dir=0 label=1 lowerbound=1 fileNameGp=../graphsdb/mcs90/m2D/m2Dr2/mcs90_m2Dr2_s100.A57 fileNameGt=../graphsdb/mcs90/m2D/m2Dr2/mcs90_m2Dr2_s100.B57
Reading graphs...
100 :  199
100 :  198
Initializing...
maxdom : 7
D->valSize : 395
Solving...
Blb : 2 (clique : 71)
currentSize : 71 <-- 0.007643 s
currentSize : 75 <-- 0.267219 s
currentSize : 76 <-- 2.651444 s
currentSize : 80 <-- 2.652607 s
currentSize : 81 <-- 2.660598 s

maxsize : 81
nodes : 674743.000000
filtered : 2931545.000000
time : 3.572738
