Parameters: GAD=1 vflib=1 dir=0 label=1 lowerbound=1 fileNameGp=../graphsdb/mcs90/bvg/b03m/mcs90_b03m_s90.A01 fileNameGt=../graphsdb/mcs90/bvg/b03m/mcs90_b03m_s90.B01
Reading graphs...
90 :  135
90 :  135
Initializing...
maxdom : 11
D->valSize : 595
Solving...
Blb : 2 (clique : 55)
currentSize : 55 <-- 0.012913 s
currentSize : 56 <-- 2.391666 s
currentSize : 57 <-- 8.173218 s
currentSize : 58 <-- 17.545963 s
currentSize : 59 <-- 17.552248 s
currentSize : 60 <-- 25.857157 s
currentSize : 61 <-- 30.164103 s
currentSize : 65 <-- 31.014172 s
currentSize : 67 <-- 31.014256 s
currentSize : 68 <-- 31.015556 s
currentSize : 70 <-- 31.811129 s
currentSize : 71 <-- 31.933804 s
currentSize : 74 <-- 31.934122 s
currentSize : 77 <-- 32.003948 s
currentSize : 79 <-- 32.678520 s
currentSize : 80 <-- 32.792484 s

maxsize : 80
nodes : 6907364.000000
filtered : 33876009.000000
time : 33.084187
