Parameters: GAD=1 vflib=1 dir=0 label=1 lowerbound=1 fileNameGp=../graphsdb/mcs90/m4D/m4Dr4/mcs90_m4Dr4_s100.A34 fileNameGt=../graphsdb/mcs90/m4D/m4Dr4/mcs90_m4Dr4_s100.B34
Reading graphs...
100 :  259
100 :  259
Initializing...
maxdom : 7
D->valSize : 379
Solving...
Blb : 3 (clique : 68)
currentSize : 68 <-- 0.004356 s
currentSize : 70 <-- 0.113678 s
currentSize : 73 <-- 1.463106 s
currentSize : 75 <-- 1.463401 s
currentSize : 77 <-- 1.715612 s
currentSize : 78 <-- 1.767128 s
currentSize : 80 <-- 3.796634 s

maxsize : 80
nodes : 827439.000000
filtered : 3627003.000000
time : 4.531250
