Parameters: GAD=1 vflib=1 dir=0 label=1 lowerbound=1 fileNameGp=../graphsdb/mcs90/m4D/m4D/mcs90_m4D_s100.A37 fileNameGt=../graphsdb/mcs90/m4D/m4D/mcs90_m4D_s100.B37
Reading graphs...
100 :  219
100 :  219
Initializing...
maxdom : 7
D->valSize : 359
Solving...
Blb : 3 (clique : 71)
currentSize : 71 <-- 0.006702 s
currentSize : 72 <-- 1.020241 s
currentSize : 74 <-- 4.468989 s
currentSize : 75 <-- 4.469199 s
currentSize : 76 <-- 4.470303 s
currentSize : 77 <-- 6.504852 s
currentSize : 78 <-- 9.621760 s
currentSize : 79 <-- 9.622573 s
currentSize : 80 <-- 12.450915 s

maxsize : 80
nodes : 4086345.000000
filtered : 10576096.000000
time : 18.964277
