Parameters: GAD=1 vflib=1 dir=0 label=1 lowerbound=1 fileNameGp=../graphsdb/mcs90/bvg/b03/mcs90_b03_s70.A58 fileNameGt=../graphsdb/mcs90/bvg/b03/mcs90_b03_s70.B58
Reading graphs...
70 :  105
70 :  105
Initializing...
maxdom : 10
D->valSize : 357
Solving...
Blb : 2 (clique : 46)
currentSize : 46 <-- 0.003188 s
currentSize : 47 <-- 0.004586 s
currentSize : 50 <-- 0.118957 s
currentSize : 54 <-- 0.226080 s
currentSize : 58 <-- 0.230853 s
currentSize : 62 <-- 0.262008 s

maxsize : 62
nodes : 64919.000000
filtered : 251738.000000
time : 0.263600
