Parameters: GAD=1 vflib=1 dir=0 label=1 lowerbound=1 fileNameGp=../graphsdb/mcs90/m2D/m2Dr6/mcs90_m2Dr6_s30.A64 fileNameGt=../graphsdb/mcs90/m2D/m2Dr6/mcs90_m2Dr6_s30.B64
Reading graphs...
30 :  64
30 :  63
Initializing...
maxdom : 6
D->valSize : 121
Solving...
Blb : 3 (clique : 13)
currentSize : 13 <-- 0.000688 s
currentSize : 14 <-- 0.001134 s
currentSize : 15 <-- 0.001963 s
currentSize : 17 <-- 0.001999 s
currentSize : 18 <-- 0.002220 s
currentSize : 23 <-- 0.002548 s
currentSize : 25 <-- 0.002601 s

maxsize : 25
nodes : 717.000000
filtered : 3845.000000
time : 0.002668
