Parameters: GAD=1 vflib=1 dir=0 label=1 lowerbound=1 fileNameGp=../graphsdb/mcs90/m2D/m2D/mcs90_m2D_s60.A05 fileNameGt=../graphsdb/mcs90/m2D/m2D/mcs90_m2D_s60.B05
Reading graphs...
60 :  103
60 :  104
Initializing...
maxdom : 8
D->valSize : 253
Solving...
Blb : 2 (clique : 38)
currentSize : 38 <-- 0.001994 s
currentSize : 41 <-- 0.002656 s
currentSize : 45 <-- 0.007587 s
currentSize : 48 <-- 0.007677 s
currentSize : 49 <-- 0.007723 s

maxsize : 49
nodes : 2337.000000
filtered : 7716.000000
time : 0.009384
