Parameters: GAD=1 vflib=1 dir=0 label=1 lowerbound=1 fileNameGp=../graphsdb/mcs90/bvg/b09/mcs90_b09_s15.A79 fileNameGt=../graphsdb/mcs90/bvg/b09/mcs90_b09_s15.B79
Reading graphs...
15 :  66
15 :  65
Initializing...
maxdom : 8
D->valSize : 113
Solving...
Blb : 2 (clique : 5)
currentSize : 5 <-- 0.000536 s
currentSize : 6 <-- 0.000620 s
currentSize : 7 <-- 0.002228 s
currentSize : 8 <-- 0.002309 s
currentSize : 12 <-- 0.002706 s

maxsize : 12
nodes : 1015.000000
filtered : 8061.000000
time : 0.002737
