Parameters: GAD=1 vflib=1 dir=0 label=1 lowerbound=1 fileNameGp=../graphsdb/mcs90/m4D/m4Dr2/mcs90_m4Dr2_s100.A18 fileNameGt=../graphsdb/mcs90/m4D/m4Dr2/mcs90_m4Dr2_s100.B18
Reading graphs...
100 :  239
100 :  239
Initializing...
maxdom : 6
D->valSize : 349
Solving...
Blb : 3 (clique : 67)
currentSize : 67 <-- 0.006445 s
currentSize : 72 <-- 0.011148 s
currentSize : 73 <-- 0.045012 s
currentSize : 74 <-- 0.092281 s
currentSize : 75 <-- 0.092461 s
currentSize : 76 <-- 0.166408 s
currentSize : 77 <-- 3.061494 s
currentSize : 78 <-- 3.077005 s
currentSize : 79 <-- 3.100260 s
currentSize : 80 <-- 3.100382 s
currentSize : 81 <-- 3.126750 s

maxsize : 81
nodes : 2029990.000000
filtered : 5945253.000000
time : 10.475137
