Parameters: GAD=1 vflib=1 dir=0 label=1 lowerbound=1 fileNameGp=../graphsdb/mcs90/bvg/b03/mcs90_b03_s80.A35 fileNameGt=../graphsdb/mcs90/bvg/b03/mcs90_b03_s80.B35
Reading graphs...
80 :  120
80 :  119
Initializing...
maxdom : 9
D->valSize : 455
Solving...
Blb : 2 (clique : 64)
currentSize : 64 <-- 0.005056 s
currentSize : 67 <-- 0.005936 s
currentSize : 69 <-- 0.012608 s
currentSize : 70 <-- 0.012755 s
currentSize : 71 <-- 0.028851 s
currentSize : 72 <-- 0.029009 s

maxsize : 72
nodes : 15545.000000
filtered : 78205.000000
time : 0.079560
