Parameters: GAD=1 vflib=1 dir=0 label=1 lowerbound=1 fileNameGp=../graphsdb/mcs90/rand/r001/mcs90_r001_s100.A79 fileNameGt=../graphsdb/mcs90/rand/r001/mcs90_r001_s100.B79
Reading graphs...
100 :  108
100 :  108
Initializing...
maxdom : 7
D->valSize : 387
Solving...
Blb : 2 (clique : 82)
currentSize : 82 <-- 0.008591 s
currentSize : 83 <-- 0.009100 s
currentSize : 85 <-- 0.036591 s
currentSize : 86 <-- 0.036691 s
currentSize : 87 <-- 0.087959 s
currentSize : 88 <-- 0.088065 s
currentSize : 90 <-- 0.143432 s

maxsize : 90
nodes : 26403.000000
filtered : 83791.000000
time : 0.144422
