Parameters: GAD=1 vflib=1 dir=0 label=1 lowerbound=1 fileNameGp=../graphsdb/mcs90/bvg/b03/mcs90_b03_s30.A50 fileNameGt=../graphsdb/mcs90/bvg/b03/mcs90_b03_s30.B50
Reading graphs...
30 :  44
30 :  45
Initializing...
maxdom : 6
D->valSize : 121
Solving...
Blb : 3 (clique : 17)
currentSize : 17 <-- 0.000757 s
currentSize : 19 <-- 0.000858 s
currentSize : 21 <-- 0.001036 s
currentSize : 24 <-- 0.001273 s
currentSize : 26 <-- 0.001316 s

maxsize : 26
nodes : 324.000000
filtered : 1459.000000
time : 0.001560
