Parameters: GAD=1 vflib=1 dir=0 label=1 lowerbound=1 fileNameGp=../graphsdb/mcs90/bvg/b09/mcs90_b09_s35.A31 fileNameGt=../graphsdb/mcs90/bvg/b09/mcs90_b09_s35.B31
Reading graphs...
35 :  156
35 :  157
Initializing...
maxdom : 7
D->valSize : 183
Solving...
Blb : 5 (clique : 8)
currentSize : 8 <-- 0.000987 s
currentSize : 9 <-- 0.001112 s
currentSize : 10 <-- 0.001235 s
currentSize : 12 <-- 0.001739 s
currentSize : 13 <-- 0.001873 s
currentSize : 14 <-- 0.002017 s
currentSize : 15 <-- 0.002031 s
currentSize : 30 <-- 0.003006 s

maxsize : 30
nodes : 756.000000
filtered : 5217.000000
time : 0.003097
