Parameters: GAD=1 vflib=1 dir=0 label=1 lowerbound=1 fileNameGp=../graphsdb/mcs90/m2D/m2Dr2/mcs90_m2Dr2_s100.A59 fileNameGt=../graphsdb/mcs90/m2D/m2Dr2/mcs90_m2Dr2_s100.B59
Reading graphs...
100 :  199
100 :  198
Initializing...
maxdom : 7
D->valSize : 389
Solving...
Blb : 2 (clique : 54)
currentSize : 54 <-- 0.007206 s
currentSize : 56 <-- 0.007789 s
currentSize : 58 <-- 0.008260 s
currentSize : 60 <-- 0.107247 s
currentSize : 63 <-- 0.211822 s
currentSize : 65 <-- 0.323164 s
currentSize : 70 <-- 0.350625 s
currentSize : 72 <-- 0.419464 s
currentSize : 77 <-- 0.437285 s
currentSize : 81 <-- 0.450565 s

maxsize : 81
nodes : 289103.000000
filtered : 932888.000000
time : 1.505308
