Parameters: GAD=1 vflib=1 dir=0 label=1 lowerbound=1 fileNameGp=../graphsdb/mcs90/rand/r01/mcs90_r01_s80.A22 fileNameGt=../graphsdb/mcs90/rand/r01/mcs90_r01_s80.B22
Reading graphs...
80 :  599
80 :  594
Initializing...
maxdom : 13
D->valSize : 502
Solving...
Blb : 3 (clique : 41)
currentSize : 41 <-- 0.004977 s
currentSize : 45 <-- 0.005219 s
currentSize : 46 <-- 0.006126 s
currentSize : 47 <-- 0.021689 s
currentSize : 48 <-- 0.022262 s
currentSize : 49 <-- 0.024828 s
currentSize : 62 <-- 0.136461 s
currentSize : 63 <-- 0.138028 s
currentSize : 64 <-- 0.159174 s

maxsize : 64
nodes : 91866.000000
filtered : 479897.000000
time : 0.377913
