Parameters: GAD=1 vflib=1 dir=0 label=1 lowerbound=1 fileNameGp=../graphsdb/mcs90/bvg/b06m/mcs90_b06m_s90.A93 fileNameGt=../graphsdb/mcs90/bvg/b06m/mcs90_b06m_s90.B93
Reading graphs...
90 :  268
90 :  268
Initializing...
maxdom : 10
D->valSize : 588
Solving...
Blb : 2 (clique : 60)
currentSize : 60 <-- 0.012272 s
currentSize : 61 <-- 0.013067 s
currentSize : 67 <-- 0.041497 s
currentSize : 69 <-- 0.041885 s
currentSize : 72 <-- 0.047656 s
currentSize : 73 <-- 0.106826 s
currentSize : 79 <-- 0.109799 s

maxsize : 79
nodes : 20401.000000
filtered : 65904.000000
time : 0.123921
