Parameters: GAD=1 vflib=1 dir=0 label=1 lowerbound=1 fileNameGp=../graphsdb/mcs90/m4D/m4Dr6/mcs90_m4Dr6_s100.A65 fileNameGt=../graphsdb/mcs90/m4D/m4Dr6/mcs90_m4Dr6_s100.B65
Reading graphs...
100 :  277
100 :  274
Initializing...
maxdom : 8
D->valSize : 401
Solving...
Blb : 3 (clique : 68)
currentSize : 68 <-- 0.004646 s
currentSize : 71 <-- 0.059796 s
currentSize : 72 <-- 0.612809 s
currentSize : 76 <-- 0.616620 s
currentSize : 80 <-- 0.858770 s

maxsize : 80
nodes : 2340272.000000
filtered : 5017169.000000
time : 10.157075
