Parameters: GAD=1 vflib=1 dir=0 label=1 lowerbound=1 fileNameGp=../graphsdb/mcs90/bvg/b06/mcs90_b06_s100.A50 fileNameGt=../graphsdb/mcs90/bvg/b06/mcs90_b06_s100.B50
Reading graphs...
100 :  300
100 :  299
Initializing...
maxdom : 7
D->valSize : 413
Solving...
Blb : 2 (clique : 71)
currentSize : 71 <-- 0.004667 s
currentSize : 74 <-- 0.005172 s
currentSize : 77 <-- 0.005457 s
currentSize : 80 <-- 0.007540 s
currentSize : 88 <-- 0.008009 s
currentSize : 90 <-- 0.008629 s

maxsize : 90
nodes : 1360.000000
filtered : 4205.000000
time : 0.009892
