Parameters: GAD=1 vflib=1 dir=0 label=1 lowerbound=1 fileNameGp=../graphsdb/mcs90/m4D/m4D/mcs90_m4D_s100.A55 fileNameGt=../graphsdb/mcs90/m4D/m4D/mcs90_m4D_s100.B55
Reading graphs...
100 :  219
100 :  219
Initializing...
maxdom : 8
D->valSize : 367
Solving...
Blb : 3 (clique : 72)
currentSize : 72 <-- 0.006840 s
currentSize : 73 <-- 0.619351 s
currentSize : 74 <-- 0.619543 s
currentSize : 75 <-- 2.544272 s
currentSize : 77 <-- 2.551634 s
currentSize : 78 <-- 3.075273 s
currentSize : 79 <-- 3.164065 s
currentSize : 80 <-- 4.351125 s

maxsize : 80
nodes : 1373022.000000
filtered : 2152647.000000
time : 5.744866
