Parameters: GAD=1 vflib=1 dir=0 label=1 lowerbound=1 fileNameGp=../graphsdb/mcs90/bvg/b03/mcs90_b03_s100.A10 fileNameGt=../graphsdb/mcs90/bvg/b03/mcs90_b03_s100.B10
Reading graphs...
100 :  150
100 :  150
Initializing...
maxdom : 7
D->valSize : 398
Solving...
Blb : 3 (clique : 69)
currentSize : 69 <-- 0.007782 s
currentSize : 70 <-- 0.030796 s
currentSize : 73 <-- 0.048472 s
currentSize : 75 <-- 0.079517 s
currentSize : 78 <-- 0.084347 s
currentSize : 81 <-- 0.208820 s
currentSize : 83 <-- 0.289583 s
currentSize : 86 <-- 0.296161 s
currentSize : 90 <-- 0.353051 s

maxsize : 90
nodes : 59880.000000
filtered : 155770.000000
time : 0.360286
