Parameters: GAD=1 vflib=1 dir=0 label=1 lowerbound=1 fileNameGp=../graphsdb/mcs90/m2D/m2Dr2/mcs90_m2Dr2_s100.A67 fileNameGt=../graphsdb/mcs90/m2D/m2Dr2/mcs90_m2Dr2_s100.B67
Reading graphs...
100 :  198
100 :  200
Initializing...
maxdom : 8
D->valSize : 386
Solving...
Blb : 3 (clique : 68)
currentSize : 68 <-- 0.007469 s
currentSize : 71 <-- 0.008411 s
currentSize : 72 <-- 0.643721 s
currentSize : 75 <-- 0.647480 s
currentSize : 77 <-- 0.995796 s
currentSize : 78 <-- 1.306665 s
currentSize : 81 <-- 1.307681 s

maxsize : 81
nodes : 253925.000000
filtered : 1257517.000000
time : 1.461488
