Parameters: GAD=1 vflib=1 dir=0 label=1 lowerbound=1 fileNameGp=../graphsdb/mcs90/m2D/m2Dr6/mcs90_m2Dr6_s100.A60 fileNameGt=../graphsdb/mcs90/m2D/m2Dr6/mcs90_m2Dr6_s100.B60
Reading graphs...
100 :  238
100 :  237
Initializing...
maxdom : 8
D->valSize : 408
Solving...
Blb : 2 (clique : 64)
currentSize : 64 <-- 0.004786 s
currentSize : 66 <-- 0.005249 s
currentSize : 71 <-- 0.005570 s
currentSize : 76 <-- 0.006479 s
currentSize : 79 <-- 0.007537 s
currentSize : 80 <-- 0.017719 s

maxsize : 80
nodes : 206817.000000
filtered : 822342.000000
time : 1.118868
