Parameters: GAD=1 vflib=1 dir=0 label=1 lowerbound=1 fileNameGp=../graphsdb/mcs90/bvg/b06m/mcs90_b06m_s35.A48 fileNameGt=../graphsdb/mcs90/bvg/b06m/mcs90_b06m_s35.B48
Reading graphs...
35 :  102
35 :  103
Initializing...
maxdom : 8
D->valSize : 207
Solving...
Blb : 2 (clique : 15)
currentSize : 15 <-- 0.001221 s
currentSize : 16 <-- 0.001316 s
currentSize : 17 <-- 0.001350 s
currentSize : 20 <-- 0.001686 s
currentSize : 21 <-- 0.001705 s
currentSize : 23 <-- 0.001730 s
currentSize : 31 <-- 0.003070 s

maxsize : 31
nodes : 776.000000
filtered : 3423.000000
time : 0.003147
