Parameters: GAD=1 vflib=1 dir=0 label=1 lowerbound=1 fileNameGp=../graphsdb/mcs90/bvg/b03/mcs90_b03_s100.A61 fileNameGt=../graphsdb/mcs90/bvg/b03/mcs90_b03_s100.B61
Reading graphs...
100 :  150
100 :  150
Initializing...
maxdom : 7
D->valSize : 375
Solving...
Blb : 2 (clique : 80)
currentSize : 80 <-- 0.004371 s
currentSize : 81 <-- 0.025965 s
currentSize : 85 <-- 0.585364 s
currentSize : 86 <-- 0.585600 s
currentSize : 89 <-- 0.644710 s
currentSize : 90 <-- 0.644944 s

maxsize : 90
nodes : 154747.000000
filtered : 301319.000000
time : 0.654422
