Parameters: GAD=1 vflib=1 dir=0 label=1 lowerbound=1 fileNameGp=../graphsdb/mcs90/bvg/b03m/mcs90_b03m_s25.A56 fileNameGt=../graphsdb/mcs90/bvg/b03m/mcs90_b03m_s25.B56
Reading graphs...
25 :  36
25 :  36
Initializing...
maxdom : 9
D->valSize : 174
Solving...
Blb : 5 (clique : 12)
currentSize : 12 <-- 0.000946 s
currentSize : 13 <-- 0.001033 s
currentSize : 14 <-- 0.001266 s
currentSize : 15 <-- 0.001451 s
currentSize : 16 <-- 0.001502 s
currentSize : 17 <-- 0.002347 s
currentSize : 19 <-- 0.002394 s
currentSize : 20 <-- 0.002601 s
currentSize : 22 <-- 0.002792 s

maxsize : 22
nodes : 758.000000
filtered : 5904.000000
time : 0.002843
