Parameters: GAD=1 vflib=1 dir=0 label=1 lowerbound=1 fileNameGp=../graphsdb/mcs90/m2D/m2Dr4/mcs90_m2Dr4_s100.A68 fileNameGt=../graphsdb/mcs90/m2D/m2Dr4/mcs90_m2Dr4_s100.B68
Reading graphs...
100 :  218
100 :  217
Initializing...
maxdom : 8
D->valSize : 406
Solving...
Blb : 2 (clique : 65)
currentSize : 65 <-- 0.004776 s
currentSize : 66 <-- 0.005186 s
currentSize : 71 <-- 0.006446 s
currentSize : 72 <-- 0.006585 s
currentSize : 73 <-- 0.010089 s
currentSize : 74 <-- 0.010243 s
currentSize : 77 <-- 0.017171 s
currentSize : 78 <-- 0.017323 s
currentSize : 80 <-- 0.055944 s
currentSize : 81 <-- 0.056098 s

maxsize : 81
nodes : 16674.000000
filtered : 84936.000000
time : 0.095869
