Parameters: GAD=1 vflib=1 dir=0 label=1 lowerbound=1 fileNameGp=../graphsdb/mcs90/m3D/m3Dr4/mcs90_m3Dr4_s80.A12 fileNameGt=../graphsdb/mcs90/m3D/m3Dr4/mcs90_m3Dr4_s80.B12
Reading graphs...
80 :  214
80 :  214
Initializing...
maxdom : 11
D->valSize : 493
Solving...
Blb : 3 (clique : 39)
currentSize : 39 <-- 0.005266 s
currentSize : 40 <-- 0.308194 s
currentSize : 42 <-- 1.266961 s
currentSize : 43 <-- 1.296475 s
currentSize : 45 <-- 1.296877 s
currentSize : 47 <-- 1.763299 s
currentSize : 48 <-- 2.502432 s
currentSize : 49 <-- 2.538420 s
currentSize : 50 <-- 2.538692 s
currentSize : 52 <-- 2.538868 s
currentSize : 55 <-- 2.867071 s
currentSize : 56 <-- 2.867259 s
currentSize : 57 <-- 3.444296 s
currentSize : 59 <-- 3.444546 s
currentSize : 61 <-- 3.578458 s
currentSize : 64 <-- 3.716929 s

maxsize : 64
nodes : 716751.000000
filtered : 5205321.000000
time : 3.751678
