Parameters: GAD=1 vflib=1 dir=0 label=1 lowerbound=1 fileNameGp=../graphsdb/mcs90/rand/r001/mcs90_r001_s100.A38 fileNameGt=../graphsdb/mcs90/rand/r001/mcs90_r001_s100.B38
Reading graphs...
100 :  108
100 :  108
Initializing...
maxdom : 7
D->valSize : 402
Solving...
Blb : 3 (clique : 75)
currentSize : 75 <-- 0.004951 s
currentSize : 76 <-- 0.005521 s
currentSize : 77 <-- 0.006001 s
currentSize : 78 <-- 0.006084 s
currentSize : 79 <-- 0.006363 s
currentSize : 80 <-- 0.009594 s
currentSize : 81 <-- 0.009844 s
currentSize : 82 <-- 0.012703 s
currentSize : 83 <-- 0.012839 s
currentSize : 84 <-- 0.013093 s
currentSize : 85 <-- 0.021970 s
currentSize : 87 <-- 0.022234 s
currentSize : 89 <-- 0.022690 s
currentSize : 90 <-- 0.022926 s

maxsize : 90
nodes : 4134.000000
filtered : 12823.000000
time : 0.026064
