Parameters: GAD=1 vflib=1 dir=0 label=1 lowerbound=1 fileNameGp=../graphsdb/mcs90/bvg/b06/mcs90_b06_s90.A79 fileNameGt=../graphsdb/mcs90/bvg/b06/mcs90_b06_s90.B79
Reading graphs...
90 :  269
90 :  270
Initializing...
maxdom : 10
D->valSize : 561
Solving...
Blb : 2 (clique : 56)
currentSize : 56 <-- 0.006730 s
currentSize : 62 <-- 0.007122 s
currentSize : 64 <-- 0.007303 s
currentSize : 66 <-- 0.007466 s
currentSize : 74 <-- 0.007910 s
currentSize : 75 <-- 0.008138 s
currentSize : 81 <-- 0.008545 s

maxsize : 81
nodes : 1160.000000
filtered : 6282.000000
time : 0.011734
