Parameters: GAD=1 vflib=1 dir=0 label=1 lowerbound=1 fileNameGp=../graphsdb/mcs90/bvg/b03m/mcs90_b03m_s100.A59 fileNameGt=../graphsdb/mcs90/bvg/b03m/mcs90_b03m_s100.B59
Reading graphs...
100 :  148
100 :  148
Initializing...
maxdom : 7
D->valSize : 418
Solving...
Blb : 2 (clique : 73)
currentSize : 73 <-- 0.005196 s
currentSize : 78 <-- 0.005674 s
currentSize : 79 <-- 0.006129 s
currentSize : 81 <-- 0.007273 s
currentSize : 82 <-- 0.007700 s
currentSize : 84 <-- 0.009883 s
currentSize : 85 <-- 0.010368 s
currentSize : 86 <-- 0.017366 s
currentSize : 88 <-- 0.019577 s
currentSize : 89 <-- 0.019985 s

maxsize : 89
nodes : 4987.000000
filtered : 19211.000000
time : 0.031092
