Parameters: GAD=1 vflib=1 dir=0 label=1 lowerbound=1 fileNameGp=../graphsdb/mcs90/m3D/m3Dr4/mcs90_m3Dr4_s80.A45 fileNameGt=../graphsdb/mcs90/m3D/m3Dr4/mcs90_m3Dr4_s80.B45
Reading graphs...
80 :  212
80 :  212
Initializing...
maxdom : 7
D->valSize : 422
Solving...
Blb : 2 (clique : 46)
currentSize : 46 <-- 0.004495 s
currentSize : 50 <-- 0.004834 s
currentSize : 55 <-- 0.005229 s
currentSize : 60 <-- 0.014688 s
currentSize : 63 <-- 0.581070 s

maxsize : 63
nodes : 187888.000000
filtered : 1125690.000000
time : 0.925240
