Parameters: GAD=1 vflib=1 dir=0 label=1 lowerbound=1 fileNameGp=../graphsdb/mcs90/m2D/m2Dr6/mcs90_m2Dr6_s100.A79 fileNameGt=../graphsdb/mcs90/m2D/m2Dr6/mcs90_m2Dr6_s100.B79
Reading graphs...
100 :  240
100 :  240
Initializing...
maxdom : 6
D->valSize : 403
Solving...
Blb : 3 (clique : 68)
currentSize : 68 <-- 0.004761 s
currentSize : 73 <-- 0.005195 s
currentSize : 74 <-- 0.005538 s
currentSize : 75 <-- 0.013490 s
currentSize : 79 <-- 0.066726 s
currentSize : 81 <-- 0.067470 s

maxsize : 81
nodes : 235969.000000
filtered : 837240.000000
time : 1.199399
