Parameters: GAD=1 vflib=1 dir=0 label=1 lowerbound=1 fileNameGp=../graphsdb/mcs90/m3D/m3Dr4/mcs90_m3Dr4_s70.A47 fileNameGt=../graphsdb/mcs90/m3D/m3Dr4/mcs90_m3Dr4_s70.B47
Reading graphs...
70 :  187
70 :  186
Initializing...
maxdom : 8
D->valSize : 352
Solving...
Blb : 3 (clique : 43)
currentSize : 43 <-- 0.003159 s
currentSize : 49 <-- 0.004406 s
currentSize : 50 <-- 0.004487 s
currentSize : 58 <-- 0.010637 s
currentSize : 60 <-- 0.014941 s
currentSize : 64 <-- 0.015958 s

maxsize : 64
nodes : 3273.000000
filtered : 17982.000000
time : 0.016205
