Parameters: GAD=1 vflib=1 dir=0 label=1 lowerbound=1 fileNameGp=../graphsdb/mcs90/bvg/b03/mcs90_b03_s20.A86 fileNameGt=../graphsdb/mcs90/bvg/b03/mcs90_b03_s20.B86
Reading graphs...
20 :  30
20 :  30
Initializing...
maxdom : 7
D->valSize : 108
Solving...
Blb : 2 (clique : 9)
currentSize : 9 <-- 0.000542 s
currentSize : 10 <-- 0.000578 s
currentSize : 12 <-- 0.000587 s
currentSize : 13 <-- 0.000689 s
currentSize : 14 <-- 0.000768 s
currentSize : 18 <-- 0.000877 s

maxsize : 18
nodes : 208.000000
filtered : 1042.000000
time : 0.000927
