Parameters: GAD=1 vflib=1 dir=0 label=1 lowerbound=1 fileNameGp=../graphsdb/mcs90/bvg/b03/mcs90_b03_s50.A29 fileNameGt=../graphsdb/mcs90/bvg/b03/mcs90_b03_s50.B29
Reading graphs...
50 :  75
50 :  75
Initializing...
maxdom : 9
D->valSize : 347
Solving...
Blb : 2 (clique : 31)
currentSize : 31 <-- 0.002669 s
currentSize : 32 <-- 0.002839 s
currentSize : 35 <-- 0.002974 s
currentSize : 39 <-- 0.003076 s
currentSize : 44 <-- 0.008612 s

maxsize : 44
nodes : 2122.000000
filtered : 14541.000000
time : 0.010624
