Parameters: GAD=1 vflib=1 dir=0 label=1 lowerbound=1 fileNameGp=../graphsdb/mcs90/m2D/m2Dr6/mcs90_m2Dr6_s100.A72 fileNameGt=../graphsdb/mcs90/m2D/m2Dr6/mcs90_m2Dr6_s100.B72
Reading graphs...
100 :  240
100 :  240
Initializing...
maxdom : 7
D->valSize : 381
Solving...
Blb : 3 (clique : 65)
currentSize : 65 <-- 0.004434 s
currentSize : 67 <-- 0.004936 s
currentSize : 70 <-- 0.010790 s
currentSize : 75 <-- 0.012405 s
currentSize : 79 <-- 0.042228 s
currentSize : 81 <-- 0.042407 s

maxsize : 81
nodes : 173886.000000
filtered : 679454.000000
time : 0.939821
