Parameters: GAD=1 vflib=1 dir=0 label=1 lowerbound=1 fileNameGp=../graphsdb/mcs90/bvg/b03m/mcs90_b03m_s50.A85 fileNameGt=../graphsdb/mcs90/bvg/b03m/mcs90_b03m_s50.B85
Reading graphs...
50 :  75
50 :  75
Initializing...
maxdom : 11
D->valSize : 369
Solving...
Blb : 2 (clique : 34)
currentSize : 34 <-- 0.002989 s
currentSize : 36 <-- 0.009836 s
currentSize : 37 <-- 0.009856 s
currentSize : 38 <-- 0.009909 s
currentSize : 40 <-- 0.030937 s
currentSize : 44 <-- 0.031212 s

maxsize : 44
nodes : 8916.000000
filtered : 44639.000000
time : 0.031422
