Parameters: GAD=1 vflib=1 dir=0 label=1 lowerbound=1 fileNameGp=../graphsdb/mcs90/m3D/m3D/mcs90_m3D_s70.A87 fileNameGt=../graphsdb/mcs90/m3D/m3D/mcs90_m3D_s70.B87
Reading graphs...
70 :  159
70 :  159
Initializing...
maxdom : 11
D->valSize : 438
Solving...
Blb : 2 (clique : 42)
currentSize : 42 <-- 0.006967 s
currentSize : 47 <-- 0.007375 s
currentSize : 48 <-- 0.007721 s
currentSize : 54 <-- 0.008120 s
currentSize : 61 <-- 0.009159 s
currentSize : 64 <-- 0.009819 s

maxsize : 64
nodes : 710.000000
filtered : 3158.000000
time : 0.010252
