Parameters: GAD=1 vflib=1 dir=0 label=1 lowerbound=1 fileNameGp=../graphsdb/mcs90/m2D/m2Dr2/mcs90_m2Dr2_s100.A09 fileNameGt=../graphsdb/mcs90/m2D/m2Dr2/mcs90_m2Dr2_s100.B09
Reading graphs...
100 :  200
100 :  200
Initializing...
maxdom : 7
D->valSize : 351
Solving...
Blb : 2 (clique : 73)
currentSize : 73 <-- 0.004640 s
currentSize : 75 <-- 0.005929 s
currentSize : 76 <-- 0.006365 s
currentSize : 77 <-- 0.051868 s
currentSize : 80 <-- 0.052146 s
currentSize : 81 <-- 0.052685 s

maxsize : 81
nodes : 52337.000000
filtered : 222719.000000
time : 0.375916
