Parameters: GAD=1 vflib=1 dir=0 label=1 lowerbound=1 fileNameGp=../graphsdb/mcs90/rand/r02/mcs90_r02_s70.A76 fileNameGt=../graphsdb/mcs90/rand/r02/mcs90_r02_s70.B76
Reading graphs...
70 :  868
70 :  873
Initializing...
maxdom : 8
D->valSize : 366
Solving...
Blb : 2 (clique : 22)
currentSize : 22 <-- 0.003070 s
currentSize : 24 <-- 0.003363 s
currentSize : 38 <-- 0.027791 s
currentSize : 39 <-- 0.044069 s
currentSize : 40 <-- 2.967578 s
currentSize : 41 <-- 41.483433 s

maxsize : 41
nodes : 21496101.000000
filtered : 6196520.000000
time : 63.589748
