Parameters: GAD=1 vflib=1 dir=0 label=1 lowerbound=1 fileNameGp=../graphsdb/mcs90/m3D/m3Dr4/mcs90_m3Dr4_s80.A27 fileNameGt=../graphsdb/mcs90/m3D/m3Dr4/mcs90_m3Dr4_s80.B27
Reading graphs...
80 :  216
80 :  215
Initializing...
maxdom : 8
D->valSize : 464
Solving...
Blb : 2 (clique : 50)
currentSize : 50 <-- 0.007972 s
currentSize : 53 <-- 0.008620 s
currentSize : 54 <-- 0.008880 s
currentSize : 56 <-- 0.011887 s
currentSize : 57 <-- 0.012174 s
currentSize : 60 <-- 0.016170 s
currentSize : 61 <-- 0.016451 s
currentSize : 63 <-- 0.017656 s
currentSize : 64 <-- 0.017954 s

maxsize : 64
nodes : 184147.000000
filtered : 802268.000000
time : 0.836707
