Parameters: GAD=1 vflib=1 dir=0 label=1 lowerbound=1 fileNameGp=../graphsdb/mcs90/m2D/m2Dr4/mcs90_m2Dr4_s100.A19 fileNameGt=../graphsdb/mcs90/m2D/m2Dr4/mcs90_m2Dr4_s100.B19
Reading graphs...
100 :  220
100 :  219
Initializing...
maxdom : 8
D->valSize : 408
Solving...
Blb : 3 (clique : 58)
currentSize : 58 <-- 0.007568 s
currentSize : 59 <-- 0.369522 s
currentSize : 60 <-- 0.373422 s
currentSize : 62 <-- 7.518336 s
currentSize : 64 <-- 7.632868 s
currentSize : 65 <-- 7.633379 s
currentSize : 66 <-- 51.071686 s
currentSize : 69 <-- 51.071918 s
currentSize : 70 <-- 90.662704 s
currentSize : 74 <-- 90.936226 s
currentSize : 75 <-- 93.711304 s
currentSize : 76 <-- 93.712158 s
currentSize : 81 <-- 93.818077 s

maxsize : 81
nodes : 16643771.000000
filtered : 71809898.000000
time : 93.902855
