Parameters: GAD=1 vflib=1 dir=0 label=1 lowerbound=1 fileNameGp=../graphsdb/mcs90/bvg/b03m/mcs90_b03m_s90.A03 fileNameGt=../graphsdb/mcs90/bvg/b03m/mcs90_b03m_s90.B03
Reading graphs...
90 :  134
90 :  134
Initializing...
maxdom : 13
D->valSize : 621
Solving...
Blb : 2 (clique : 65)
currentSize : 65 <-- 0.008657 s
currentSize : 67 <-- 0.009132 s
currentSize : 68 <-- 0.009264 s
currentSize : 69 <-- 0.009380 s
currentSize : 72 <-- 0.009514 s
currentSize : 75 <-- 0.009933 s
currentSize : 76 <-- 0.015027 s
currentSize : 78 <-- 0.015156 s
currentSize : 80 <-- 0.015472 s

maxsize : 80
nodes : 23155.000000
filtered : 150333.000000
time : 0.136702
