Parameters: GAD=1 vflib=1 dir=0 label=1 lowerbound=1 fileNameGp=../graphsdb/mcs90/rand/r02/mcs90_r02_s100.A61 fileNameGt=../graphsdb/mcs90/rand/r02/mcs90_r02_s100.B61
Reading graphs...
100 :  1802
100 :  1805
Initializing...
maxdom : 9
D->valSize : 426
Solving...
Blb : 2 (clique : 56)
currentSize : 56 <-- 0.007162 s
currentSize : 58 <-- 0.019483 s
currentSize : 59 <-- 0.062936 s
currentSize : 60 <-- 0.973391 s
currentSize : 61 <-- 0.973476 s
currentSize : 62 <-- 0.996007 s
currentSize : 63 <-- 3090.685547 s
currentSize : 64 <-- 3090.816162 s

TIMEOUT
maxsize : 64
nodes : 855557054.000000
filtered : 486188771.000000
time : 3600.000000
