Parameters: GAD=1 vflib=1 dir=0 label=1 lowerbound=1 fileNameGp=../graphsdb/mcs90/m2D/m2Dr4/mcs90_m2Dr4_s60.A89 fileNameGt=../graphsdb/mcs90/m2D/m2Dr4/mcs90_m2Dr4_s60.B89
Reading graphs...
60 :  128
60 :  126
Initializing...
maxdom : 8
D->valSize : 265
Solving...
Blb : 3 (clique : 35)
currentSize : 35 <-- 0.002020 s
currentSize : 36 <-- 0.002662 s
currentSize : 39 <-- 0.004382 s
currentSize : 42 <-- 0.004626 s
currentSize : 46 <-- 0.004791 s
currentSize : 49 <-- 0.005079 s

maxsize : 49
nodes : 929.000000
filtered : 5367.000000
time : 0.005348
