Parameters: GAD=1 vflib=1 dir=0 label=1 lowerbound=1 fileNameGp=../graphsdb/mcs90/m4D/m4D/mcs90_m4D_s100.A61 fileNameGt=../graphsdb/mcs90/m4D/m4D/mcs90_m4D_s100.B61
Reading graphs...
100 :  219
100 :  219
Initializing...
maxdom : 7
D->valSize : 370
Solving...
Blb : 3 (clique : 74)
currentSize : 74 <-- 0.007018 s
currentSize : 76 <-- 10.714123 s
currentSize : 77 <-- 15.712343 s
currentSize : 78 <-- 15.730098 s
currentSize : 79 <-- 15.730293 s
currentSize : 80 <-- 15.730680 s

maxsize : 80
nodes : 5964974.000000
filtered : 14740929.000000
time : 27.023638
