Parameters: GAD=1 vflib=1 dir=0 label=1 lowerbound=1 fileNameGp=../graphsdb/mcs90/bvg/b06m/mcs90_b06m_s35.A40 fileNameGt=../graphsdb/mcs90/bvg/b06m/mcs90_b06m_s35.B40
Reading graphs...
35 :  105
35 :  105
Initializing...
maxdom : 7
D->valSize : 160
Solving...
Blb : 2 (clique : 14)
currentSize : 14 <-- 0.001095 s
currentSize : 17 <-- 0.001474 s
currentSize : 20 <-- 0.001530 s
currentSize : 21 <-- 0.002162 s
currentSize : 25 <-- 0.002618 s
currentSize : 31 <-- 0.003106 s

maxsize : 31
nodes : 742.000000
filtered : 5100.000000
time : 0.003200
