Parameters: GAD=1 vflib=1 dir=0 label=1 lowerbound=1 fileNameGp=../graphsdb/mcs90/m2D/m2D/mcs90_m2D_s90.A70 fileNameGt=../graphsdb/mcs90/m2D/m2D/mcs90_m2D_s90.B70
Reading graphs...
90 :  161
90 :  161
Initializing...
maxdom : 9
D->valSize : 560
Solving...
Blb : 2 (clique : 64)
currentSize : 64 <-- 0.011762 s
currentSize : 65 <-- 0.012448 s
currentSize : 67 <-- 0.012716 s
currentSize : 69 <-- 0.013035 s
currentSize : 72 <-- 0.013314 s
currentSize : 73 <-- 0.014746 s
currentSize : 76 <-- 0.015137 s
currentSize : 77 <-- 0.015856 s
currentSize : 81 <-- 0.016638 s

maxsize : 81
nodes : 1934.000000
filtered : 9713.000000
time : 0.022187
