Parameters: GAD=1 vflib=1 dir=0 label=1 lowerbound=1 fileNameGp=../graphsdb/mcs90/bvg/b09/mcs90_b09_s90.A62 fileNameGt=../graphsdb/mcs90/bvg/b09/mcs90_b09_s90.B62
Reading graphs...
90 :  403
90 :  405
Initializing...
maxdom : 11
D->valSize : 557
Solving...
Blb : 2 (clique : 46)
currentSize : 46 <-- 0.010705 s
currentSize : 49 <-- 0.012076 s
currentSize : 52 <-- 0.016068 s
currentSize : 55 <-- 0.016256 s
currentSize : 61 <-- 0.073588 s
currentSize : 62 <-- 0.074001 s
currentSize : 65 <-- 0.074143 s
currentSize : 68 <-- 0.995834 s
currentSize : 76 <-- 1.064755 s
currentSize : 80 <-- 1.064942 s

maxsize : 80
nodes : 207714.000000
filtered : 1343312.000000
time : 1.074003
