Parameters: GAD=1 vflib=1 dir=0 label=1 lowerbound=1 fileNameGp=../graphsdb/mcs90/bvg/b09/mcs90_b09_s90.A44 fileNameGt=../graphsdb/mcs90/bvg/b09/mcs90_b09_s90.B44
Reading graphs...
90 :  404
90 :  405
Initializing...
maxdom : 10
D->valSize : 577
Solving...
Blb : 2 (clique : 35)
currentSize : 35 <-- 0.006631 s
currentSize : 37 <-- 0.008231 s
currentSize : 39 <-- 1.370755 s
currentSize : 40 <-- 1.371001 s
currentSize : 44 <-- 1.371584 s
currentSize : 45 <-- 1.371687 s
currentSize : 46 <-- 1.373038 s
currentSize : 47 <-- 1.373147 s
currentSize : 50 <-- 1.373638 s
currentSize : 51 <-- 1.373786 s
currentSize : 52 <-- 1.374790 s
currentSize : 53 <-- 1.374941 s
currentSize : 56 <-- 1.418335 s
currentSize : 59 <-- 1.418647 s
currentSize : 62 <-- 1.682528 s
currentSize : 67 <-- 1.858973 s
currentSize : 80 <-- 1.859255 s

maxsize : 80
nodes : 364646.000000
filtered : 2572545.000000
time : 1.860293
