Parameters: GAD=1 vflib=1 dir=0 label=1 lowerbound=1 fileNameGp=../graphsdb/mcs90/bvg/b06/mcs90_b06_s60.A22 fileNameGt=../graphsdb/mcs90/bvg/b06/mcs90_b06_s60.B22
Reading graphs...
60 :  180
60 :  180
Initializing...
maxdom : 7
D->valSize : 285
Solving...
Blb : 2 (clique : 44)
currentSize : 44 <-- 0.002168 s
currentSize : 45 <-- 0.002367 s
currentSize : 46 <-- 0.002450 s
currentSize : 51 <-- 0.002558 s
currentSize : 54 <-- 0.002666 s

maxsize : 54
nodes : 567.000000
filtered : 2423.000000
time : 0.003695
