Parameters: GAD=1 vflib=1 dir=0 label=1 lowerbound=1 fileNameGp=../graphsdb/mcs90/bvg/b09/mcs90_b09_s80.A30 fileNameGt=../graphsdb/mcs90/bvg/b09/mcs90_b09_s80.B30
Reading graphs...
80 :  360
80 :  360
Initializing...
maxdom : 8
D->valSize : 460
Solving...
Blb : 2 (clique : 38)
currentSize : 38 <-- 0.007437 s
currentSize : 41 <-- 0.009892 s
currentSize : 48 <-- 0.010070 s
currentSize : 50 <-- 0.015122 s
currentSize : 52 <-- 0.015447 s
currentSize : 63 <-- 0.015732 s
currentSize : 72 <-- 0.017706 s

maxsize : 72
nodes : 1770.000000
filtered : 7308.000000
time : 0.018436
