Parameters: GAD=1 vflib=1 dir=0 label=1 lowerbound=1 fileNameGp=../graphsdb/mcs90/m2D/m2Dr6/mcs90_m2Dr6_s90.A12 fileNameGt=../graphsdb/mcs90/m2D/m2Dr6/mcs90_m2Dr6_s90.B12
Reading graphs...
90 :  213
90 :  212
Initializing...
maxdom : 12
D->valSize : 597
Solving...
Blb : 3 (clique : 61)
currentSize : 61 <-- 0.007678 s
currentSize : 66 <-- 0.008192 s
currentSize : 69 <-- 0.008553 s
currentSize : 70 <-- 0.008964 s
currentSize : 72 <-- 0.009223 s
currentSize : 73 <-- 0.009964 s
currentSize : 77 <-- 0.010664 s
currentSize : 79 <-- 0.010904 s
currentSize : 80 <-- 0.044663 s

maxsize : 80
nodes : 11234.000000
filtered : 83257.000000
time : 0.066671
