Parameters: GAD=1 vflib=1 dir=0 label=1 lowerbound=1 fileNameGp=../graphsdb/mcs90/m2D/m2D/mcs90_m2D_s60.A47 fileNameGt=../graphsdb/mcs90/m2D/m2D/mcs90_m2D_s60.B47
Reading graphs...
60 :  104
60 :  104
Initializing...
maxdom : 7
D->valSize : 291
Solving...
Blb : 2 (clique : 31)
currentSize : 31 <-- 0.003715 s
currentSize : 35 <-- 0.004003 s
currentSize : 39 <-- 0.004195 s
currentSize : 40 <-- 0.004437 s
currentSize : 44 <-- 0.004678 s
currentSize : 45 <-- 0.009598 s
currentSize : 49 <-- 0.009783 s

maxsize : 49
nodes : 3269.000000
filtered : 18004.000000
time : 0.026393
