Parameters: GAD=1 vflib=1 dir=0 label=1 lowerbound=1 fileNameGp=../graphsdb/mcs90/m2D/m2Dr6/mcs90_m2Dr6_s70.A48 fileNameGt=../graphsdb/mcs90/m2D/m2Dr6/mcs90_m2Dr6_s70.B48
Reading graphs...
70 :  164
70 :  163
Initializing...
maxdom : 8
D->valSize : 344
Solving...
Blb : 3 (clique : 46)
currentSize : 46 <-- 0.002954 s
currentSize : 48 <-- 0.005626 s
currentSize : 49 <-- 0.005789 s
currentSize : 52 <-- 0.005925 s
currentSize : 63 <-- 0.009138 s

maxsize : 63
nodes : 2045.000000
filtered : 12620.000000
time : 0.011809
