Parameters: GAD=1 vflib=1 dir=0 label=1 lowerbound=1 fileNameGp=../graphsdb/mcs90/m2D/m2D/mcs90_m2D_s70.A86 fileNameGt=../graphsdb/mcs90/m2D/m2D/mcs90_m2D_s70.B86
Reading graphs...
70 :  123
70 :  123
Initializing...
maxdom : 7
D->valSize : 347
Solving...
Blb : 2 (clique : 46)
currentSize : 46 <-- 0.003114 s
currentSize : 47 <-- 0.003382 s
currentSize : 48 <-- 0.003609 s
currentSize : 49 <-- 0.003706 s
currentSize : 50 <-- 0.004319 s
currentSize : 51 <-- 0.005093 s
currentSize : 52 <-- 0.005223 s
currentSize : 53 <-- 0.005380 s
currentSize : 54 <-- 0.005545 s
currentSize : 56 <-- 0.005760 s
currentSize : 57 <-- 0.005930 s
currentSize : 59 <-- 0.006091 s
currentSize : 60 <-- 0.006292 s
currentSize : 61 <-- 0.006472 s
currentSize : 64 <-- 0.006597 s

maxsize : 64
nodes : 1435.000000
filtered : 2308.000000
time : 0.006861
