Parameters: GAD=1 vflib=1 dir=0 label=1 lowerbound=1 fileNameGp=../graphsdb/mcs90/m2D/m2D/mcs90_m2D_s70.A03 fileNameGt=../graphsdb/mcs90/m2D/m2D/mcs90_m2D_s70.B03
Reading graphs...
70 :  123
70 :  123
Initializing...
maxdom : 7
D->valSize : 345
Solving...
Blb : 2 (clique : 50)
currentSize : 50 <-- 0.003079 s
currentSize : 58 <-- 0.003345 s
currentSize : 60 <-- 0.003418 s
currentSize : 61 <-- 0.009893 s
currentSize : 62 <-- 0.010547 s
currentSize : 64 <-- 0.010626 s

maxsize : 64
nodes : 2399.000000
filtered : 9494.000000
time : 0.011426
