Parameters: GAD=1 vflib=1 dir=0 label=1 lowerbound=1 fileNameGp=../graphsdb/mcs90/bvg/b03/mcs90_b03_s50.A02 fileNameGt=../graphsdb/mcs90/bvg/b03/mcs90_b03_s50.B02
Reading graphs...
50 :  75
50 :  75
Initializing...
maxdom : 9
D->valSize : 332
Solving...
Blb : 2 (clique : 24)
currentSize : 24 <-- 0.002633 s
currentSize : 29 <-- 0.002762 s
currentSize : 30 <-- 0.002789 s
currentSize : 33 <-- 0.003259 s
currentSize : 36 <-- 0.064067 s
currentSize : 38 <-- 0.118479 s
currentSize : 40 <-- 0.132210 s
currentSize : 44 <-- 0.132282 s

maxsize : 44
nodes : 35082.000000
filtered : 233510.000000
time : 0.135766
