Parameters: GAD=1 vflib=1 dir=0 label=1 lowerbound=1 fileNameGp=../graphsdb/mcs90/m2D/m2D/mcs90_m2D_s80.A00 fileNameGt=../graphsdb/mcs90/m2D/m2D/mcs90_m2D_s80.B00
Reading graphs...
80 :  142
80 :  142
Initializing...
maxdom : 7
D->valSize : 428
Solving...
Blb : 2 (clique : 50)
currentSize : 50 <-- 0.007190 s
currentSize : 54 <-- 0.007777 s
currentSize : 55 <-- 0.008119 s
currentSize : 56 <-- 0.009481 s
currentSize : 57 <-- 0.009695 s
currentSize : 58 <-- 0.009937 s
currentSize : 59 <-- 0.010372 s
currentSize : 60 <-- 0.039894 s
currentSize : 61 <-- 0.040109 s
currentSize : 63 <-- 0.040559 s
currentSize : 64 <-- 5.999180 s

maxsize : 64
nodes : 3452028.000000
filtered : 18601222.000000
time : 16.775181
