Parameters: GAD=1 vflib=1 dir=0 label=1 lowerbound=1 fileNameGp=../graphsdb/mcs90/m2D/m2Dr2/mcs90_m2Dr2_s20.A83 fileNameGt=../graphsdb/mcs90/m2D/m2Dr2/mcs90_m2Dr2_s20.B83
Reading graphs...
20 :  35
20 :  35
Initializing...
maxdom : 9
D->valSize : 121
Solving...
Blb : 3 (clique : 8)
currentSize : 8 <-- 0.000655 s
currentSize : 9 <-- 0.000726 s
currentSize : 10 <-- 0.000774 s
currentSize : 12 <-- 0.001587 s
currentSize : 16 <-- 0.001678 s

maxsize : 16
nodes : 485.000000
filtered : 4575.000000
time : 0.001746
