Parameters: GAD=1 vflib=1 dir=0 label=1 lowerbound=1 fileNameGp=../graphsdb/mcs90/rand/r001/mcs90_r001_s100.A56 fileNameGt=../graphsdb/mcs90/rand/r001/mcs90_r001_s100.B56
Reading graphs...
100 :  108
100 :  108
Initializing...
maxdom : 8
D->valSize : 417
Solving...
Blb : 3 (clique : 76)
currentSize : 76 <-- 0.005094 s
currentSize : 78 <-- 0.008534 s
currentSize : 79 <-- 0.008779 s
currentSize : 83 <-- 0.009111 s
currentSize : 85 <-- 0.009739 s
currentSize : 90 <-- 0.034729 s

maxsize : 90
nodes : 13223.000000
filtered : 45204.000000
time : 0.073048
