Parameters: GAD=1 vflib=1 dir=0 label=1 lowerbound=1 fileNameGp=../graphsdb/mcs90/m3D/m3Dr2/mcs90_m3Dr2_s80.A48 fileNameGt=../graphsdb/mcs90/m3D/m3Dr2/mcs90_m3Dr2_s80.B48
Reading graphs...
80 :  200
80 :  200
Initializing...
maxdom : 10
D->valSize : 465
Solving...
Blb : 2 (clique : 52)
currentSize : 52 <-- 0.004960 s
currentSize : 54 <-- 0.103938 s
currentSize : 56 <-- 2.116121 s
currentSize : 57 <-- 2.609874 s
currentSize : 59 <-- 5.068571 s
currentSize : 64 <-- 5.068823 s

maxsize : 64
nodes : 1100789.000000
filtered : 7166429.000000
time : 5.462153
