Parameters: GAD=1 vflib=1 dir=0 label=1 lowerbound=1 fileNameGp=../graphsdb/mcs90/bvg/b03/mcs90_b03_s60.A03 fileNameGt=../graphsdb/mcs90/bvg/b03/mcs90_b03_s60.B03
Reading graphs...
60 :  90
60 :  90
Initializing...
maxdom : 7
D->valSize : 257
Solving...
Blb : 2 (clique : 40)
currentSize : 40 <-- 0.002125 s
currentSize : 41 <-- 0.006753 s
currentSize : 42 <-- 0.006808 s
currentSize : 48 <-- 0.078465 s
currentSize : 54 <-- 0.078894 s

maxsize : 54
nodes : 23271.000000
filtered : 65908.000000
time : 0.079090
