Parameters: GAD=1 vflib=1 dir=0 label=1 lowerbound=1 fileNameGp=../graphsdb/mcs90/bvg/b03/mcs90_b03_s100.A19 fileNameGt=../graphsdb/mcs90/bvg/b03/mcs90_b03_s100.B19
Reading graphs...
100 :  150
100 :  150
Initializing...
maxdom : 6
D->valSize : 380
Solving...
Blb : 2 (clique : 61)
currentSize : 61 <-- 0.004219 s
currentSize : 63 <-- 0.004664 s
currentSize : 65 <-- 0.004832 s
currentSize : 67 <-- 0.005004 s
currentSize : 72 <-- 0.005248 s
currentSize : 75 <-- 0.005500 s
currentSize : 76 <-- 0.005660 s
currentSize : 79 <-- 0.007345 s
currentSize : 80 <-- 0.007502 s
currentSize : 81 <-- 0.012181 s
currentSize : 82 <-- 0.012341 s
currentSize : 83 <-- 0.049173 s
currentSize : 84 <-- 0.049336 s
currentSize : 85 <-- 0.051443 s
currentSize : 86 <-- 0.051605 s
currentSize : 87 <-- 0.322114 s
currentSize : 88 <-- 0.322305 s
currentSize : 89 <-- 0.324928 s
currentSize : 90 <-- 0.325120 s

maxsize : 90
nodes : 102775.000000
filtered : 261639.000000
time : 0.467837
