Parameters: GAD=1 vflib=1 dir=0 label=1 lowerbound=1 fileNameGp=../graphsdb/mcs90/bvg/b03m/mcs90_b03m_s90.A31 fileNameGt=../graphsdb/mcs90/bvg/b03m/mcs90_b03m_s90.B31
Reading graphs...
90 :  135
90 :  135
Initializing...
maxdom : 11
D->valSize : 583
Solving...
Blb : 2 (clique : 72)
currentSize : 72 <-- 0.007426 s
currentSize : 75 <-- 0.545927 s
currentSize : 77 <-- 0.681862 s
currentSize : 78 <-- 1.048960 s
currentSize : 80 <-- 1.053270 s

maxsize : 80
nodes : 201708.000000
filtered : 1313618.000000
time : 1.179060
