Parameters: GAD=1 vflib=1 dir=0 label=1 lowerbound=1 fileNameGp=../graphsdb/mcs90/m3D/m3Dr2/mcs90_m3Dr2_s80.A03 fileNameGt=../graphsdb/mcs90/m3D/m3Dr2/mcs90_m3Dr2_s80.B03
Reading graphs...
80 :  200
80 :  199
Initializing...
maxdom : 9
D->valSize : 430
Solving...
Blb : 2 (clique : 44)
currentSize : 44 <-- 0.004245 s
currentSize : 45 <-- 0.005012 s
currentSize : 48 <-- 0.170073 s
currentSize : 49 <-- 0.170272 s
currentSize : 50 <-- 0.170386 s
currentSize : 52 <-- 0.300314 s
currentSize : 54 <-- 0.301356 s
currentSize : 56 <-- 0.301509 s
currentSize : 57 <-- 0.354514 s
currentSize : 58 <-- 0.430324 s
currentSize : 64 <-- 0.430608 s

maxsize : 64
nodes : 80847.000000
filtered : 580216.000000
time : 0.433826
