Parameters: GAD=1 vflib=1 dir=0 label=1 lowerbound=1 fileNameGp=../graphsdb/mcs90/bvg/b06/mcs90_b06_s100.A83 fileNameGt=../graphsdb/mcs90/bvg/b06/mcs90_b06_s100.B83
Reading graphs...
100 :  300
100 :  300
Initializing...
maxdom : 8
D->valSize : 391
Solving...
Blb : 2 (clique : 75)
currentSize : 75 <-- 0.004332 s
currentSize : 76 <-- 0.004763 s
currentSize : 81 <-- 0.005079 s
currentSize : 83 <-- 0.005404 s
currentSize : 90 <-- 0.028870 s

maxsize : 90
nodes : 14267.000000
filtered : 66326.000000
time : 0.073728
