Parameters: GAD=1 vflib=1 dir=0 label=1 lowerbound=1 fileNameGp=../graphsdb/mcs90/bvg/b03/mcs90_b03_s80.A54 fileNameGt=../graphsdb/mcs90/bvg/b03/mcs90_b03_s80.B54
Reading graphs...
80 :  120
80 :  120
Initializing...
maxdom : 8
D->valSize : 434
Solving...
Blb : 2 (clique : 50)
currentSize : 50 <-- 0.004485 s
currentSize : 51 <-- 0.004871 s
currentSize : 53 <-- 0.005283 s
currentSize : 54 <-- 0.019789 s
currentSize : 56 <-- 0.020101 s
currentSize : 58 <-- 0.020549 s
currentSize : 59 <-- 0.082829 s
currentSize : 61 <-- 0.095559 s
currentSize : 62 <-- 0.148725 s
currentSize : 64 <-- 0.157149 s
currentSize : 67 <-- 0.175889 s
currentSize : 68 <-- 0.246989 s
currentSize : 72 <-- 0.247126 s

maxsize : 72
nodes : 54923.000000
filtered : 217499.000000
time : 0.248028
