Parameters: GAD=1 vflib=1 dir=0 label=1 lowerbound=1 fileNameGp=../graphsdb/mcs90/m2D/m2D/mcs90_m2D_s100.A28 fileNameGt=../graphsdb/mcs90/m2D/m2D/mcs90_m2D_s100.B28
Reading graphs...
100 :  180
100 :  180
Initializing...
maxdom : 8
D->valSize : 417
Solving...
Blb : 2 (clique : 61)
currentSize : 61 <-- 0.007847 s
currentSize : 63 <-- 0.008519 s
currentSize : 64 <-- 0.031016 s
currentSize : 67 <-- 0.047671 s
currentSize : 68 <-- 0.050246 s
currentSize : 69 <-- 0.062871 s
currentSize : 70 <-- 0.063221 s
currentSize : 71 <-- 0.063591 s
currentSize : 72 <-- 0.070396 s
currentSize : 74 <-- 0.070813 s
currentSize : 76 <-- 0.071507 s
currentSize : 77 <-- 0.342680 s
currentSize : 79 <-- 0.342975 s
currentSize : 81 <-- 0.343288 s

maxsize : 81
nodes : 211847.000000
filtered : 774644.000000
time : 1.182672
