Parameters: GAD=1 vflib=1 dir=0 label=1 lowerbound=1 fileNameGp=../graphsdb/mcs90/m3D/m3D/mcs90_m3D_s70.A43 fileNameGt=../graphsdb/mcs90/m3D/m3D/mcs90_m3D_s70.B43
Reading graphs...
70 :  159
70 :  159
Initializing...
maxdom : 7
D->valSize : 342
Solving...
Blb : 2 (clique : 52)
currentSize : 52 <-- 0.003223 s
currentSize : 53 <-- 0.003494 s
currentSize : 54 <-- 0.003639 s
currentSize : 58 <-- 0.003783 s
currentSize : 59 <-- 0.004020 s
currentSize : 64 <-- 0.004163 s

maxsize : 64
nodes : 554.000000
filtered : 1757.000000
time : 0.004483
