Parameters: GAD=1 vflib=1 dir=0 label=1 lowerbound=1 fileNameGp=../graphsdb/mcs90/bvg/b03m/mcs90_b03m_s90.A20 fileNameGt=../graphsdb/mcs90/bvg/b03m/mcs90_b03m_s90.B20
Reading graphs...
90 :  135
90 :  135
Initializing...
maxdom : 8
D->valSize : 548
Solving...
Blb : 2 (clique : 69)
currentSize : 69 <-- 0.006952 s
currentSize : 71 <-- 0.007442 s
currentSize : 73 <-- 0.007715 s
currentSize : 75 <-- 0.007922 s
currentSize : 76 <-- 0.008236 s
currentSize : 77 <-- 0.008477 s
currentSize : 80 <-- 0.008632 s

maxsize : 80
nodes : 92457.000000
filtered : 395032.000000
time : 0.472970
