Parameters: GAD=1 vflib=1 dir=0 label=1 lowerbound=1 fileNameGp=../graphsdb/mcs90/bvg/b03/mcs90_b03_s20.A89 fileNameGt=../graphsdb/mcs90/bvg/b03/mcs90_b03_s20.B89
Reading graphs...
20 :  30
20 :  30
Initializing...
maxdom : 9
D->valSize : 135
Solving...
Blb : 2 (clique : 9)
currentSize : 9 <-- 0.000697 s
currentSize : 10 <-- 0.000809 s
currentSize : 11 <-- 0.000858 s
currentSize : 12 <-- 0.000883 s
currentSize : 13 <-- 0.001159 s
currentSize : 14 <-- 0.001393 s
currentSize : 18 <-- 0.001461 s

maxsize : 18
nodes : 308.000000
filtered : 2671.000000
time : 0.001503
