Parameters: GAD=1 vflib=1 dir=0 label=1 lowerbound=1 fileNameGp=../graphsdb/mcs90/m2D/m2Dr2/mcs90_m2Dr2_s40.A97 fileNameGt=../graphsdb/mcs90/m2D/m2Dr2/mcs90_m2Dr2_s40.B97
Reading graphs...
40 :  75
40 :  74
Initializing...
maxdom : 10
D->valSize : 253
Solving...
Blb : 2 (clique : 21)
currentSize : 21 <-- 0.001675 s
currentSize : 23 <-- 0.001778 s
currentSize : 29 <-- 0.002105 s
currentSize : 30 <-- 0.002241 s
currentSize : 36 <-- 0.002570 s

maxsize : 36
nodes : 428.000000
filtered : 2172.000000
time : 0.002682
