Parameters: GAD=1 vflib=1 dir=0 label=1 lowerbound=1 fileNameGp=../graphsdb/mcs90/bvg/b06/mcs90_b06_s35.A78 fileNameGt=../graphsdb/mcs90/bvg/b06/mcs90_b06_s35.B78
Reading graphs...
35 :  105
35 :  105
Initializing...
maxdom : 8
D->valSize : 175
Solving...
Blb : 2 (clique : 17)
currentSize : 17 <-- 0.001087 s
currentSize : 19 <-- 0.001389 s
currentSize : 21 <-- 0.001453 s
currentSize : 23 <-- 0.001548 s
currentSize : 31 <-- 0.002224 s

maxsize : 31
nodes : 385.000000
filtered : 3336.000000
time : 0.002329
