Parameters: GAD=1 vflib=1 dir=0 label=1 lowerbound=1 fileNameGp=../graphsdb/mcs90/m2D/m2Dr4/mcs90_m2Dr4_s40.A30 fileNameGt=../graphsdb/mcs90/m2D/m2Dr4/mcs90_m2Dr4_s40.B30
Reading graphs...
40 :  82
40 :  81
Initializing...
maxdom : 6
D->valSize : 204
Solving...
Blb : 5 (clique : 20)
currentSize : 20 <-- 0.001255 s
currentSize : 22 <-- 0.011277 s
currentSize : 23 <-- 0.012555 s
currentSize : 24 <-- 0.012580 s
currentSize : 26 <-- 0.012742 s
currentSize : 30 <-- 0.014434 s
currentSize : 35 <-- 0.014885 s

maxsize : 35
nodes : 4562.000000
filtered : 21934.000000
time : 0.015003
