Parameters: GAD=1 vflib=1 dir=0 label=1 lowerbound=1 fileNameGp=../graphsdb/mcs90/rand/r001/mcs90_r001_s100.A88 fileNameGt=../graphsdb/mcs90/rand/r001/mcs90_r001_s100.B88
Reading graphs...
100 :  108
100 :  108
Initializing...
maxdom : 9
D->valSize : 470
Solving...
Blb : 2 (clique : 85)
currentSize : 85 <-- 0.005831 s
currentSize : 86 <-- 0.006369 s
currentSize : 87 <-- 0.007228 s
currentSize : 89 <-- 0.008504 s
currentSize : 90 <-- 0.009344 s

maxsize : 90
nodes : 4530.000000
filtered : 16730.000000
time : 0.028837
