Parameters: GAD=1 vflib=1 dir=0 label=1 lowerbound=1 fileNameGp=../graphsdb/mcs90/bvg/b03/mcs90_b03_s60.A46 fileNameGt=../graphsdb/mcs90/bvg/b03/mcs90_b03_s60.B46
Reading graphs...
60 :  89
60 :  90
Initializing...
maxdom : 6
D->valSize : 243
Solving...
Blb : 5 (clique : 25)
currentSize : 25 <-- 0.002860 s
currentSize : 34 <-- 0.003098 s
currentSize : 36 <-- 0.003697 s
currentSize : 39 <-- 0.004344 s
currentSize : 40 <-- 0.004410 s
currentSize : 41 <-- 0.051521 s
currentSize : 42 <-- 0.051599 s
currentSize : 44 <-- 0.078799 s
currentSize : 46 <-- 0.078843 s
currentSize : 48 <-- 0.079243 s
currentSize : 51 <-- 0.082232 s
currentSize : 54 <-- 0.082473 s

maxsize : 54
nodes : 16482.000000
filtered : 53346.000000
time : 0.082739
