Parameters: GAD=1 vflib=1 dir=0 label=1 lowerbound=1 fileNameGp=../graphsdb/mcs90/bvg/b06m/mcs90_b06m_s100.A16 fileNameGt=../graphsdb/mcs90/bvg/b06m/mcs90_b06m_s100.B16
Reading graphs...
100 :  298
100 :  299
Initializing...
maxdom : 8
D->valSize : 405
Solving...
Blb : 3 (clique : 67)
currentSize : 67 <-- 0.004579 s
currentSize : 69 <-- 0.006250 s
currentSize : 75 <-- 0.006723 s
currentSize : 83 <-- 0.007264 s
currentSize : 90 <-- 0.007838 s

maxsize : 90
nodes : 1117.000000
filtered : 3833.000000
time : 0.008865
