Parameters: GAD=1 vflib=1 dir=0 label=1 lowerbound=1 fileNameGp=../graphsdb/mcs90/bvg/b06/mcs90_b06_s40.A82 fileNameGt=../graphsdb/mcs90/bvg/b06/mcs90_b06_s40.B82
Reading graphs...
40 :  119
40 :  120
Initializing...
maxdom : 8
D->valSize : 239
Solving...
Blb : 2 (clique : 11)
currentSize : 11 <-- 0.001373 s
currentSize : 12 <-- 0.001454 s
currentSize : 13 <-- 0.001490 s
currentSize : 15 <-- 0.001667 s
currentSize : 20 <-- 0.002204 s
currentSize : 22 <-- 0.002276 s
currentSize : 24 <-- 0.002860 s
currentSize : 28 <-- 0.002924 s
currentSize : 36 <-- 0.004137 s

maxsize : 36
nodes : 920.000000
filtered : 6368.000000
time : 0.004247
