Parameters: GAD=1 vflib=1 dir=0 label=1 lowerbound=1 fileNameGp=../graphsdb/mcs90/m2D/m2Dr6/mcs90_m2Dr6_s100.A45 fileNameGt=../graphsdb/mcs90/m2D/m2Dr6/mcs90_m2Dr6_s100.B45
Reading graphs...
100 :  240
100 :  240
Initializing...
maxdom : 7
D->valSize : 365
Solving...
Blb : 2 (clique : 62)
currentSize : 62 <-- 0.004070 s
currentSize : 66 <-- 0.004547 s
currentSize : 71 <-- 0.005327 s
currentSize : 73 <-- 0.006492 s
currentSize : 75 <-- 0.022761 s
currentSize : 76 <-- 0.397966 s
currentSize : 78 <-- 0.401410 s
currentSize : 79 <-- 0.413516 s
currentSize : 81 <-- 0.414050 s

maxsize : 81
nodes : 692072.000000
filtered : 2553841.000000
time : 3.607597
