Parameters: GAD=1 vflib=1 dir=0 label=1 lowerbound=1 fileNameGp=../graphsdb/mcs90/m2D/m2Dr4/mcs90_m2Dr4_s80.A93 fileNameGt=../graphsdb/mcs90/m2D/m2Dr4/mcs90_m2Dr4_s80.B93
Reading graphs...
80 :  172
80 :  171
Initializing...
maxdom : 10
D->valSize : 453
Solving...
Blb : 3 (clique : 37)
currentSize : 37 <-- 0.008718 s
currentSize : 38 <-- 0.009144 s
currentSize : 39 <-- 0.009185 s
currentSize : 40 <-- 0.009265 s
currentSize : 41 <-- 0.009304 s
currentSize : 45 <-- 0.317810 s
currentSize : 46 <-- 0.317865 s
currentSize : 48 <-- 1.637306 s
currentSize : 51 <-- 1.637461 s
currentSize : 53 <-- 3.484541 s
currentSize : 55 <-- 5.143234 s
currentSize : 59 <-- 5.282420 s
currentSize : 60 <-- 6.808747 s
currentSize : 63 <-- 6.808938 s

maxsize : 63
nodes : 1396981.000000
filtered : 7678202.000000
time : 6.945027
