Parameters: GAD=1 vflib=1 dir=0 label=1 lowerbound=1 fileNameGp=../graphsdb/mcs90/m3D/m3Dr2/mcs90_m3Dr2_s30.A97 fileNameGt=../graphsdb/mcs90/m3D/m3Dr2/mcs90_m3Dr2_s30.B97
Reading graphs...
30 :  66
30 :  66
Initializing...
maxdom : 6
D->valSize : 147
Solving...
Blb : 2 (clique : 16)
currentSize : 16 <-- 0.000862 s
currentSize : 17 <-- 0.001208 s
currentSize : 19 <-- 0.002272 s
currentSize : 20 <-- 0.002765 s
currentSize : 21 <-- 0.002799 s
currentSize : 26 <-- 0.002926 s

maxsize : 26
nodes : 826.000000
filtered : 5612.000000
time : 0.003048
