Parameters: GAD=1 vflib=1 dir=0 label=1 lowerbound=1 fileNameGp=../graphsdb/mcs90/bvg/b09/mcs90_b09_s80.A42 fileNameGt=../graphsdb/mcs90/bvg/b09/mcs90_b09_s80.B42
Reading graphs...
80 :  359
80 :  358
Initializing...
maxdom : 11
D->valSize : 517
Solving...
Blb : 3 (clique : 25)
currentSize : 25 <-- 0.005331 s
currentSize : 26 <-- 0.006174 s
currentSize : 29 <-- 0.007982 s
currentSize : 33 <-- 0.009517 s
currentSize : 34 <-- 0.015567 s
currentSize : 35 <-- 0.015816 s
currentSize : 36 <-- 0.048127 s
currentSize : 42 <-- 0.051154 s
currentSize : 46 <-- 0.051427 s
currentSize : 55 <-- 0.055297 s
currentSize : 56 <-- 0.055346 s
currentSize : 58 <-- 0.071347 s
currentSize : 69 <-- 0.072200 s
currentSize : 72 <-- 0.072398 s

maxsize : 72
nodes : 15115.000000
filtered : 80598.000000
time : 0.074656
