Parameters: GAD=1 vflib=1 dir=0 label=1 lowerbound=1 fileNameGp=../graphsdb/mcs90/bvg/b06/mcs90_b06_s70.A47 fileNameGt=../graphsdb/mcs90/bvg/b06/mcs90_b06_s70.B47
Reading graphs...
70 :  210
70 :  210
Initializing...
maxdom : 8
D->valSize : 352
Solving...
Blb : 2 (clique : 29)
currentSize : 29 <-- 0.003029 s
currentSize : 35 <-- 0.003218 s
currentSize : 41 <-- 0.003318 s
currentSize : 42 <-- 0.003594 s
currentSize : 48 <-- 0.053957 s
currentSize : 51 <-- 0.054113 s
currentSize : 56 <-- 0.076128 s
currentSize : 63 <-- 0.091043 s

maxsize : 63
nodes : 23365.000000
filtered : 103844.000000
time : 0.095883
