Parameters: GAD=1 vflib=1 dir=0 label=1 lowerbound=1 fileNameGp=../graphsdb/mcs90/m2D/m2Dr4/mcs90_m2Dr4_s90.A62 fileNameGt=../graphsdb/mcs90/m2D/m2Dr4/mcs90_m2Dr4_s90.B62
Reading graphs...
90 :  197
90 :  197
Initializing...
maxdom : 10
D->valSize : 575
Solving...
Blb : 2 (clique : 61)
currentSize : 61 <-- 0.011716 s
currentSize : 62 <-- 0.012260 s
currentSize : 67 <-- 0.341580 s
currentSize : 69 <-- 0.370803 s
currentSize : 75 <-- 0.372366 s
currentSize : 76 <-- 0.379384 s
currentSize : 77 <-- 0.379723 s
currentSize : 81 <-- 0.380039 s

maxsize : 81
nodes : 61134.000000
filtered : 420807.000000
time : 0.380442
