Parameters: GAD=1 vflib=1 dir=0 label=1 lowerbound=1 fileNameGp=../graphsdb/mcs90/bvg/b06/mcs90_b06_s80.A49 fileNameGt=../graphsdb/mcs90/bvg/b06/mcs90_b06_s80.B49
Reading graphs...
80 :  240
80 :  240
Initializing...
maxdom : 9
D->valSize : 454
Solving...
Blb : 2 (clique : 31)
currentSize : 31 <-- 0.007429 s
currentSize : 32 <-- 0.007750 s
currentSize : 35 <-- 0.008052 s
currentSize : 38 <-- 0.014098 s
currentSize : 42 <-- 0.014273 s
currentSize : 44 <-- 0.031236 s
currentSize : 45 <-- 0.610751 s
currentSize : 47 <-- 0.615172 s
currentSize : 48 <-- 0.615193 s
currentSize : 52 <-- 0.615510 s
currentSize : 53 <-- 1.623991 s
currentSize : 56 <-- 1.629577 s
currentSize : 59 <-- 1.629871 s
currentSize : 60 <-- 1.629888 s
currentSize : 72 <-- 1.741708 s

maxsize : 72
nodes : 385799.000000
filtered : 1641493.000000
time : 1.742047
