Parameters: GAD=1 vflib=1 dir=0 label=1 lowerbound=1 fileNameGp=../graphsdb/mcs90/bvg/b06/mcs90_b06_s100.A92 fileNameGt=../graphsdb/mcs90/bvg/b06/mcs90_b06_s100.B92
Reading graphs...
100 :  300
100 :  299
Initializing...
maxdom : 8
D->valSize : 387
Solving...
Blb : 2 (clique : 58)
currentSize : 58 <-- 0.004324 s
currentSize : 65 <-- 0.004693 s
currentSize : 70 <-- 0.004986 s
currentSize : 74 <-- 0.006937 s
currentSize : 81 <-- 0.008522 s
currentSize : 84 <-- 0.011572 s
currentSize : 85 <-- 0.011962 s
currentSize : 90 <-- 0.012412 s

maxsize : 90
nodes : 2785.000000
filtered : 11161.000000
time : 0.017118
