Parameters: GAD=1 vflib=1 dir=0 label=1 lowerbound=1 fileNameGp=../graphsdb/mcs90/m3D/m3D/mcs90_m3D_s80.A76 fileNameGt=../graphsdb/mcs90/m3D/m3D/mcs90_m3D_s80.B76
Reading graphs...
80 :  183
80 :  184
Initializing...
maxdom : 8
D->valSize : 461
Solving...
Blb : 2 (clique : 57)
currentSize : 57 <-- 0.004952 s
currentSize : 58 <-- 0.005272 s
currentSize : 62 <-- 0.007225 s
currentSize : 63 <-- 0.007273 s
currentSize : 64 <-- 0.012082 s
currentSize : 65 <-- 0.012135 s

maxsize : 65
nodes : 501888.000000
filtered : 2454766.000000
time : 2.312603
