Parameters: GAD=1 vflib=1 dir=0 label=1 lowerbound=1 fileNameGp=../graphsdb/mcs90/m2D/m2D/mcs90_m2D_s20.A73 fileNameGt=../graphsdb/mcs90/m2D/m2D/mcs90_m2D_s20.B73
Reading graphs...
20 :  31
20 :  31
Initializing...
maxdom : 7
D->valSize : 104
Solving...
Blb : 2 (clique : 11)
currentSize : 11 <-- 0.000566 s
currentSize : 12 <-- 0.000777 s
currentSize : 13 <-- 0.000995 s
currentSize : 14 <-- 0.001071 s
currentSize : 15 <-- 0.001137 s
currentSize : 16 <-- 0.001210 s

maxsize : 16
nodes : 319.000000
filtered : 2109.000000
time : 0.001263
