Parameters: GAD=1 vflib=1 dir=0 label=1 lowerbound=1 fileNameGp=../graphsdb/mcs90/bvg/b09/mcs90_b09_s80.A60 fileNameGt=../graphsdb/mcs90/bvg/b09/mcs90_b09_s80.B60
Reading graphs...
80 :  359
80 :  358
Initializing...
maxdom : 8
D->valSize : 478
Solving...
Blb : 2 (clique : 35)
currentSize : 35 <-- 0.007836 s
currentSize : 39 <-- 0.008272 s
currentSize : 43 <-- 0.008646 s
currentSize : 45 <-- 0.115996 s
currentSize : 46 <-- 0.116205 s
currentSize : 48 <-- 0.221267 s
currentSize : 52 <-- 0.221482 s
currentSize : 55 <-- 0.221767 s
currentSize : 60 <-- 0.222055 s
currentSize : 72 <-- 0.229374 s

maxsize : 72
nodes : 39196.000000
filtered : 212942.000000
time : 0.229829
