Parameters: GAD=1 vflib=1 dir=0 label=1 lowerbound=1 fileNameGp=../graphsdb/mcs90/m2D/m2D/mcs90_m2D_s80.A43 fileNameGt=../graphsdb/mcs90/m2D/m2D/mcs90_m2D_s80.B43
Reading graphs...
80 :  142
80 :  142
Initializing...
maxdom : 9
D->valSize : 444
Solving...
Blb : 2 (clique : 52)
currentSize : 52 <-- 0.004567 s
currentSize : 57 <-- 0.004926 s
currentSize : 60 <-- 0.005077 s
currentSize : 63 <-- 0.005293 s
currentSize : 64 <-- 0.006247 s

maxsize : 64
nodes : 316079.000000
filtered : 1799897.000000
time : 1.520903
