Parameters: GAD=1 vflib=1 dir=0 label=1 lowerbound=1 fileNameGp=../graphsdb/mcs90/bvg/b09/mcs90_b09_s80.A69 fileNameGt=../graphsdb/mcs90/bvg/b09/mcs90_b09_s80.B69
Reading graphs...
80 :  360
80 :  359
Initializing...
maxdom : 9
D->valSize : 473
Solving...
Blb : 2 (clique : 21)
currentSize : 21 <-- 0.004716 s
currentSize : 42 <-- 0.004936 s
currentSize : 49 <-- 0.005076 s
currentSize : 61 <-- 0.005299 s
currentSize : 72 <-- 0.007594 s

maxsize : 72
nodes : 732.000000
filtered : 6606.000000
time : 0.007943
