Parameters: GAD=1 vflib=1 dir=0 label=1 lowerbound=1 fileNameGp=../graphsdb/mcs90/bvg/b09/mcs90_b09_s25.A67 fileNameGt=../graphsdb/mcs90/bvg/b09/mcs90_b09_s25.B67
Reading graphs...
25 :  111
25 :  112
Initializing...
maxdom : 7
D->valSize : 163
Solving...
Blb : 5 (clique : 8)
currentSize : 8 <-- 0.001033 s
currentSize : 9 <-- 0.001291 s
currentSize : 10 <-- 0.001352 s
currentSize : 13 <-- 0.001898 s
currentSize : 18 <-- 0.002219 s
currentSize : 22 <-- 0.002272 s

maxsize : 22
nodes : 446.000000
filtered : 4599.000000
time : 0.002414
