Parameters: GAD=1 vflib=1 dir=0 label=1 lowerbound=1 fileNameGp=../graphsdb/mcs90/rand/r02/mcs90_r02_s70.A33 fileNameGt=../graphsdb/mcs90/rand/r02/mcs90_r02_s70.B33
Reading graphs...
70 :  882
70 :  882
Initializing...
maxdom : 10
D->valSize : 361
Solving...
Blb : 2 (clique : 42)
currentSize : 42 <-- 0.002951 s
currentSize : 43 <-- 0.003146 s
currentSize : 44 <-- 0.003293 s
currentSize : 45 <-- 0.003596 s
currentSize : 46 <-- 0.005161 s

maxsize : 46
nodes : 8391307.000000
filtered : 5119087.000000
time : 26.579718
