Parameters: GAD=1 vflib=1 dir=0 label=1 lowerbound=1 fileNameGp=../graphsdb/mcs90/m2D/m2Dr2/mcs90_m2Dr2_s100.A33 fileNameGt=../graphsdb/mcs90/m2D/m2Dr2/mcs90_m2Dr2_s100.B33
Reading graphs...
100 :  198
100 :  198
Initializing...
maxdom : 7
D->valSize : 366
Solving...
Blb : 2 (clique : 56)
currentSize : 56 <-- 0.003895 s
currentSize : 57 <-- 0.004290 s
currentSize : 60 <-- 0.015428 s
currentSize : 64 <-- 0.024301 s
currentSize : 65 <-- 0.031260 s
currentSize : 68 <-- 0.031435 s
currentSize : 72 <-- 0.033907 s
currentSize : 74 <-- 0.036624 s
currentSize : 77 <-- 0.044055 s
currentSize : 80 <-- 0.045006 s

maxsize : 80
nodes : 52760.000000
filtered : 206414.000000
time : 0.287178
