Parameters: GAD=1 vflib=1 dir=0 label=1 lowerbound=1 fileNameGp=../graphsdb/mcs90/m2D/m2Dr6/mcs90_m2Dr6_s100.A87 fileNameGt=../graphsdb/mcs90/m2D/m2Dr6/mcs90_m2Dr6_s100.B87
Reading graphs...
100 :  240
100 :  236
Initializing...
maxdom : 9
D->valSize : 386
Solving...
Blb : 2 (clique : 71)
currentSize : 71 <-- 0.004448 s
currentSize : 74 <-- 0.007016 s
currentSize : 75 <-- 0.940955 s
currentSize : 78 <-- 1.629776 s
currentSize : 81 <-- 1.630386 s

maxsize : 81
nodes : 324086.000000
filtered : 1125482.000000
time : 1.713473
