Parameters: GAD=1 vflib=1 dir=0 label=1 lowerbound=1 fileNameGp=../graphsdb/mcs90/m2D/m2Dr4/mcs90_m2Dr4_s80.A41 fileNameGt=../graphsdb/mcs90/m2D/m2Dr4/mcs90_m2Dr4_s80.B41
Reading graphs...
80 :  173
80 :  174
Initializing...
maxdom : 11
D->valSize : 475
Solving...
Blb : 3 (clique : 52)
currentSize : 52 <-- 0.005207 s
currentSize : 56 <-- 0.008463 s
currentSize : 57 <-- 0.008508 s
currentSize : 58 <-- 0.010122 s
currentSize : 59 <-- 0.010232 s
currentSize : 62 <-- 0.050282 s
currentSize : 63 <-- 0.050410 s
currentSize : 64 <-- 0.051105 s

maxsize : 64
nodes : 305429.000000
filtered : 2047760.000000
time : 1.558231
