Parameters: GAD=1 vflib=1 dir=0 label=1 lowerbound=1 fileNameGp=../graphsdb/mcs90/bvg/b09/mcs90_b09_s100.A46 fileNameGt=../graphsdb/mcs90/bvg/b09/mcs90_b09_s100.B46
Reading graphs...
100 :  449
100 :  450
Initializing...
maxdom : 8
D->valSize : 412
Solving...
Blb : 2 (clique : 31)
currentSize : 31 <-- 0.004379 s
currentSize : 32 <-- 0.004618 s
currentSize : 33 <-- 0.004750 s
currentSize : 37 <-- 0.005265 s
currentSize : 38 <-- 0.005332 s
currentSize : 41 <-- 0.005541 s
currentSize : 42 <-- 0.005624 s
currentSize : 43 <-- 0.006190 s
currentSize : 44 <-- 0.006280 s
currentSize : 56 <-- 0.008116 s
currentSize : 60 <-- 0.009487 s
currentSize : 66 <-- 0.009733 s
currentSize : 67 <-- 0.025530 s
currentSize : 71 <-- 0.025921 s
currentSize : 77 <-- 0.026298 s
currentSize : 90 <-- 0.033805 s

maxsize : 90
nodes : 5583.000000
filtered : 26898.000000
time : 0.034276
