Parameters: GAD=1 vflib=1 dir=0 label=1 lowerbound=1 fileNameGp=../graphsdb/mcs90/m2D/m2D/mcs90_m2D_s50.A55 fileNameGt=../graphsdb/mcs90/m2D/m2D/mcs90_m2D_s50.B55
Reading graphs...
50 :  85
50 :  85
Initializing...
maxdom : 8
D->valSize : 333
Solving...
Blb : 2 (clique : 34)
currentSize : 34 <-- 0.002599 s
currentSize : 40 <-- 0.002754 s
currentSize : 41 <-- 0.003194 s
currentSize : 43 <-- 0.003293 s
currentSize : 46 <-- 0.003551 s
currentSize : 49 <-- 0.003683 s

maxsize : 49
nodes : 541.000000
filtered : 2770.000000
time : 0.003825
