Parameters: GAD=1 vflib=1 dir=0 label=1 lowerbound=1 fileNameGp=../graphsdb/mcs90/bvg/b03/mcs90_b03_s40.A32 fileNameGt=../graphsdb/mcs90/bvg/b03/mcs90_b03_s40.B32
Reading graphs...
40 :  60
40 :  60
Initializing...
maxdom : 8
D->valSize : 224
Solving...
Blb : 2 (clique : 17)
currentSize : 17 <-- 0.001432 s
currentSize : 23 <-- 0.001527 s
currentSize : 25 <-- 0.001942 s
currentSize : 29 <-- 0.002617 s
currentSize : 30 <-- 0.003398 s
currentSize : 32 <-- 0.003687 s
currentSize : 36 <-- 0.003917 s

maxsize : 36
nodes : 942.000000
filtered : 3956.000000
time : 0.004046
