Parameters: GAD=1 vflib=1 dir=0 label=1 lowerbound=1 fileNameGp=../graphsdb/mcs90/bvg/b06/mcs90_b06_s25.A65 fileNameGt=../graphsdb/mcs90/bvg/b06/mcs90_b06_s25.B65
Reading graphs...
25 :  75
25 :  75
Initializing...
maxdom : 12
D->valSize : 193
Solving...
Blb : 2 (clique : 8)
currentSize : 8 <-- 0.000976 s
currentSize : 10 <-- 0.001019 s
currentSize : 11 <-- 0.001283 s
currentSize : 13 <-- 0.001426 s
currentSize : 15 <-- 0.001675 s
currentSize : 22 <-- 0.002292 s

maxsize : 22
nodes : 494.000000
filtered : 5603.000000
time : 0.002360
