Parameters: GAD=1 vflib=1 dir=0 label=1 lowerbound=1 fileNameGp=../graphsdb/mcs90/bvg/b03m/mcs90_b03m_s90.A61 fileNameGt=../graphsdb/mcs90/bvg/b03m/mcs90_b03m_s90.B61
Reading graphs...
90 :  135
90 :  135
Initializing...
maxdom : 10
D->valSize : 597
Solving...
Blb : 2 (clique : 60)
currentSize : 60 <-- 0.012985 s
currentSize : 62 <-- 0.013659 s
currentSize : 66 <-- 0.013994 s
currentSize : 67 <-- 0.125911 s
currentSize : 69 <-- 0.230725 s
currentSize : 70 <-- 0.547082 s
currentSize : 71 <-- 0.548137 s
currentSize : 72 <-- 1.238454 s
currentSize : 76 <-- 2.102135 s
currentSize : 79 <-- 2.138770 s
currentSize : 80 <-- 2.138935 s

maxsize : 80
nodes : 404108.000000
filtered : 1896799.000000
time : 2.147500
