Parameters: GAD=1 vflib=1 dir=0 label=1 lowerbound=1 fileNameGp=../graphsdb/mcs90/bvg/b03m/mcs90_b03m_s100.A54 fileNameGt=../graphsdb/mcs90/bvg/b03m/mcs90_b03m_s100.B54
Reading graphs...
100 :  150
100 :  150
Initializing...
maxdom : 7
D->valSize : 410
Solving...
Blb : 2 (clique : 71)
currentSize : 71 <-- 0.004985 s
currentSize : 72 <-- 0.005555 s
currentSize : 74 <-- 0.005865 s
currentSize : 75 <-- 0.006119 s
currentSize : 76 <-- 0.006471 s
currentSize : 77 <-- 0.006836 s
currentSize : 78 <-- 0.007336 s
currentSize : 79 <-- 0.007705 s
currentSize : 80 <-- 0.008069 s
currentSize : 81 <-- 0.008360 s
currentSize : 82 <-- 0.008853 s
currentSize : 84 <-- 0.009262 s
currentSize : 86 <-- 0.009584 s
currentSize : 90 <-- 0.010129 s

maxsize : 90
nodes : 1791.000000
filtered : 2635.000000
time : 0.010618
