Parameters: GAD=1 vflib=1 dir=0 label=1 lowerbound=1 fileNameGp=../graphsdb/mcs90/m2D/m2D/mcs90_m2D_s60.A91 fileNameGt=../graphsdb/mcs90/m2D/m2D/mcs90_m2D_s60.B91
Reading graphs...
60 :  103
60 :  104
Initializing...
maxdom : 8
D->valSize : 268
Solving...
Blb : 2 (clique : 33)
currentSize : 33 <-- 0.002055 s
currentSize : 38 <-- 0.002432 s
currentSize : 40 <-- 0.004320 s
currentSize : 42 <-- 0.007079 s
currentSize : 46 <-- 0.011959 s
currentSize : 49 <-- 0.012311 s

maxsize : 49
nodes : 3568.000000
filtered : 8482.000000
time : 0.012749
