Parameters: GAD=1 vflib=1 dir=0 label=1 lowerbound=1 fileNameGp=../graphsdb/mcs90/bvg/b09/mcs90_b09_s70.A04 fileNameGt=../graphsdb/mcs90/bvg/b09/mcs90_b09_s70.B04
Reading graphs...
70 :  314
70 :  312
Initializing...
maxdom : 8
D->valSize : 341
Solving...
Blb : 3 (clique : 20)
currentSize : 20 <-- 0.002847 s
currentSize : 22 <-- 0.002981 s
currentSize : 26 <-- 0.003051 s
currentSize : 30 <-- 0.004031 s
currentSize : 31 <-- 0.004221 s
currentSize : 32 <-- 0.007670 s
currentSize : 34 <-- 0.008559 s
currentSize : 40 <-- 0.008673 s
currentSize : 41 <-- 0.012230 s
currentSize : 44 <-- 0.013151 s
currentSize : 52 <-- 0.013315 s
currentSize : 62 <-- 0.023550 s

maxsize : 62
nodes : 4756.000000
filtered : 28889.000000
time : 0.024202
