Parameters: GAD=1 vflib=1 dir=0 label=1 lowerbound=1 fileNameGp=../graphsdb/mcs90/m2D/m2Dr6/mcs90_m2Dr6_s20.A93 fileNameGt=../graphsdb/mcs90/m2D/m2Dr6/mcs90_m2Dr6_s20.B93
Reading graphs...
20 :  42
20 :  39
Initializing...
maxdom : 6
D->valSize : 108
Solving...
Blb : 3 (clique : 9)
currentSize : 9 <-- 0.000583 s
currentSize : 10 <-- 0.000776 s
currentSize : 11 <-- 0.001142 s
currentSize : 13 <-- 0.001541 s
currentSize : 15 <-- 0.001561 s

maxsize : 15
nodes : 517.000000
filtered : 3974.000000
time : 0.001758
