Parameters: GAD=1 vflib=1 dir=0 label=1 lowerbound=1 fileNameGp=../graphsdb/mcs90/m2D/m2Dr6/mcs90_m2Dr6_s30.A16 fileNameGt=../graphsdb/mcs90/m2D/m2Dr6/mcs90_m2Dr6_s30.B16
Reading graphs...
30 :  63
30 :  62
Initializing...
maxdom : 6
D->valSize : 120
Solving...
Blb : 2 (clique : 13)
currentSize : 13 <-- 0.000727 s
currentSize : 15 <-- 0.001067 s
currentSize : 16 <-- 0.001081 s
currentSize : 18 <-- 0.001556 s
currentSize : 19 <-- 0.001574 s
currentSize : 21 <-- 0.001887 s
currentSize : 24 <-- 0.002082 s

maxsize : 24
nodes : 664.000000
filtered : 3075.000000
time : 0.002338
