Parameters: GAD=1 vflib=1 dir=0 label=1 lowerbound=1 fileNameGp=../graphsdb/mcs90/m2D/m2Dr4/mcs90_m2Dr4_s20.A70 fileNameGt=../graphsdb/mcs90/m2D/m2Dr4/mcs90_m2Dr4_s20.B70
Reading graphs...
20 :  38
20 :  38
Initializing...
maxdom : 6
D->valSize : 109
Solving...
Blb : 2 (clique : 11)
currentSize : 11 <-- 0.000629 s
currentSize : 12 <-- 0.000877 s
currentSize : 13 <-- 0.000895 s
currentSize : 15 <-- 0.001005 s
currentSize : 16 <-- 0.001092 s

maxsize : 16
nodes : 205.000000
filtered : 1682.000000
time : 0.001139
