Parameters: GAD=1 vflib=1 dir=0 label=1 lowerbound=1 fileNameGp=../graphsdb/mcs90/bvg/b06/mcs90_b06_s35.A24 fileNameGt=../graphsdb/mcs90/bvg/b06/mcs90_b06_s35.B24
Reading graphs...
35 :  105
35 :  105
Initializing...
maxdom : 8
D->valSize : 183
Solving...
Blb : 2 (clique : 12)
currentSize : 12 <-- 0.001022 s
currentSize : 13 <-- 0.001120 s
currentSize : 17 <-- 0.001511 s
currentSize : 23 <-- 0.002013 s
currentSize : 29 <-- 0.003876 s
currentSize : 31 <-- 0.003907 s

maxsize : 31
nodes : 1125.000000
filtered : 6224.000000
time : 0.004042
