Parameters: GAD=1 vflib=1 dir=0 label=1 lowerbound=1 fileNameGp=../graphsdb/mcs90/m4D/m4Dr4/mcs90_m4Dr4_s90.A08 fileNameGt=../graphsdb/mcs90/m4D/m4Dr4/mcs90_m4Dr4_s90.B08
Reading graphs...
90 :  241
90 :  241
Initializing...
maxdom : 8
D->valSize : 543
Solving...
Blb : 3 (clique : 72)
currentSize : 72 <-- 0.011028 s
currentSize : 76 <-- 0.011805 s
currentSize : 78 <-- 0.012273 s
currentSize : 79 <-- 0.013348 s
currentSize : 80 <-- 0.019202 s

maxsize : 80
nodes : 3309.000000
filtered : 10550.000000
time : 0.033221
