Parameters: GAD=1 vflib=1 dir=0 label=1 lowerbound=1 fileNameGp=../graphsdb/mcs90/bvg/b06/mcs90_b06_s40.A13 fileNameGt=../graphsdb/mcs90/bvg/b06/mcs90_b06_s40.B13
Reading graphs...
40 :  120
40 :  118
Initializing...
maxdom : 8
D->valSize : 220
Solving...
Blb : 2 (clique : 11)
currentSize : 11 <-- 0.001330 s
currentSize : 12 <-- 0.001403 s
currentSize : 13 <-- 0.001541 s
currentSize : 14 <-- 0.001827 s
currentSize : 15 <-- 0.002491 s
currentSize : 16 <-- 0.002578 s
currentSize : 17 <-- 0.002623 s
currentSize : 25 <-- 0.004831 s
currentSize : 33 <-- 0.006703 s
currentSize : 36 <-- 0.007428 s

maxsize : 36
nodes : 1989.000000
filtered : 15185.000000
time : 0.007527
