Parameters: GAD=1 vflib=1 dir=0 label=1 lowerbound=1 fileNameGp=../graphsdb/mcs90/rand/r01/mcs90_r01_s50.A26 fileNameGt=../graphsdb/mcs90/rand/r01/mcs90_r01_s50.B26
Reading graphs...
50 :  232
50 :  231
Initializing...
maxdom : 10
D->valSize : 379
Solving...
Blb : 2 (clique : 12)
currentSize : 12 <-- 0.002891 s
currentSize : 16 <-- 0.002975 s
currentSize : 19 <-- 0.003047 s
currentSize : 26 <-- 0.004581 s
currentSize : 32 <-- 0.006541 s
currentSize : 41 <-- 0.009629 s

maxsize : 41
nodes : 4339.000000
filtered : 34000.000000
time : 0.017132
