Parameters: GAD=1 vflib=1 dir=0 label=1 lowerbound=1 fileNameGp=../graphsdb/mcs90/m2D/m2D/mcs90_m2D_s100.A89 fileNameGt=../graphsdb/mcs90/m2D/m2D/mcs90_m2D_s100.B89
Reading graphs...
100 :  180
100 :  180
Initializing...
maxdom : 8
D->valSize : 397
Solving...
Blb : 2 (clique : 58)
currentSize : 58 <-- 0.006715 s
currentSize : 63 <-- 0.007428 s
currentSize : 65 <-- 0.008195 s
currentSize : 71 <-- 0.013157 s
currentSize : 74 <-- 0.107984 s
currentSize : 76 <-- 0.108422 s
currentSize : 80 <-- 0.883123 s
currentSize : 81 <-- 0.883525 s

maxsize : 81
nodes : 254079.000000
filtered : 1100855.000000
time : 1.417246
