Parameters: GAD=1 vflib=1 dir=0 label=1 lowerbound=1 fileNameGp=../graphsdb/mcs90/m3D/m3Dr2/mcs90_m3Dr2_s70.A94 fileNameGt=../graphsdb/mcs90/m3D/m3Dr2/mcs90_m3Dr2_s70.B94
Reading graphs...
70 :  173
70 :  171
Initializing...
maxdom : 8
D->valSize : 359
Solving...
Blb : 3 (clique : 38)
currentSize : 38 <-- 0.003160 s
currentSize : 39 <-- 0.003389 s
currentSize : 41 <-- 0.003505 s
currentSize : 44 <-- 0.005664 s
currentSize : 46 <-- 0.005817 s
currentSize : 48 <-- 0.009131 s
currentSize : 52 <-- 0.009400 s
currentSize : 53 <-- 0.010390 s
currentSize : 57 <-- 0.011615 s
currentSize : 61 <-- 0.013099 s
currentSize : 64 <-- 0.013333 s

maxsize : 64
nodes : 2988.000000
filtered : 10498.000000
time : 0.013919
