Parameters: GAD=1 vflib=1 dir=0 label=1 lowerbound=1 fileNameGp=../graphsdb/mcs90/bvg/b06/mcs90_b06_s50.A80 fileNameGt=../graphsdb/mcs90/bvg/b06/mcs90_b06_s50.B80
Reading graphs...
50 :  150
50 :  149
Initializing...
maxdom : 10
D->valSize : 348
Solving...
Blb : 3 (clique : 23)
currentSize : 23 <-- 0.002565 s
currentSize : 25 <-- 0.002691 s
currentSize : 26 <-- 0.004702 s
currentSize : 31 <-- 0.006956 s
currentSize : 32 <-- 0.007781 s
currentSize : 33 <-- 0.007859 s
currentSize : 38 <-- 0.025709 s
currentSize : 45 <-- 0.025764 s

maxsize : 45
nodes : 6701.000000
filtered : 47281.000000
time : 0.026504
