Parameters: GAD=1 vflib=1 dir=0 label=1 lowerbound=1 fileNameGp=../graphsdb/mcs90/bvg/b06/mcs90_b06_s40.A20 fileNameGt=../graphsdb/mcs90/bvg/b06/mcs90_b06_s40.B20
Reading graphs...
40 :  119
40 :  120
Initializing...
maxdom : 7
D->valSize : 208
Solving...
Blb : 2 (clique : 24)
currentSize : 24 <-- 0.001190 s
currentSize : 26 <-- 0.003161 s
currentSize : 27 <-- 0.003414 s
currentSize : 29 <-- 0.003595 s
currentSize : 36 <-- 0.004571 s

maxsize : 36
nodes : 1126.000000
filtered : 7770.000000
time : 0.004737
