Parameters: GAD=1 vflib=1 dir=0 label=1 lowerbound=1 fileNameGp=../graphsdb/mcs90/bvg/b09/mcs90_b09_s70.A21 fileNameGt=../graphsdb/mcs90/bvg/b09/mcs90_b09_s70.B21
Reading graphs...
70 :  315
70 :  314
Initializing...
maxdom : 11
D->valSize : 399
Solving...
Blb : 3 (clique : 23)
currentSize : 23 <-- 0.005528 s
currentSize : 24 <-- 0.039991 s
currentSize : 25 <-- 0.055689 s
currentSize : 26 <-- 0.055872 s
currentSize : 27 <-- 0.056465 s
currentSize : 28 <-- 0.085731 s
currentSize : 29 <-- 0.086132 s
currentSize : 30 <-- 0.094025 s
currentSize : 33 <-- 0.094217 s
currentSize : 36 <-- 0.105626 s
currentSize : 38 <-- 0.133803 s
currentSize : 43 <-- 0.134060 s
currentSize : 46 <-- 0.134641 s
currentSize : 49 <-- 0.134905 s
currentSize : 62 <-- 0.146358 s

maxsize : 62
nodes : 25957.000000
filtered : 158453.000000
time : 0.147057
