Parameters: GAD=1 vflib=1 dir=0 label=1 lowerbound=1 fileNameGp=../graphsdb/mcs90/bvg/b09/mcs90_b09_s40.A54 fileNameGt=../graphsdb/mcs90/bvg/b09/mcs90_b09_s40.B54
Reading graphs...
40 :  180
40 :  179
Initializing...
maxdom : 11
D->valSize : 266
Solving...
Blb : 2 (clique : 10)
currentSize : 10 <-- 0.001634 s
currentSize : 14 <-- 0.001717 s
currentSize : 18 <-- 0.002033 s
currentSize : 20 <-- 0.002270 s
currentSize : 24 <-- 0.003308 s
currentSize : 25 <-- 0.003376 s
currentSize : 36 <-- 0.003457 s

maxsize : 36
nodes : 543.000000
filtered : 7668.000000
time : 0.003573
