Parameters: GAD=1 vflib=1 dir=0 label=1 lowerbound=1 fileNameGp=../graphsdb/mcs90/m2D/m2D/mcs90_m2D_s80.A36 fileNameGt=../graphsdb/mcs90/m2D/m2D/mcs90_m2D_s80.B36
Reading graphs...
80 :  142
80 :  141
Initializing...
maxdom : 9
D->valSize : 455
Solving...
Blb : 2 (clique : 52)
currentSize : 52 <-- 0.004957 s
currentSize : 55 <-- 0.005285 s
currentSize : 56 <-- 0.005663 s
currentSize : 59 <-- 0.006024 s
currentSize : 63 <-- 0.007645 s
currentSize : 64 <-- 0.155668 s

maxsize : 64
nodes : 82503.000000
filtered : 479033.000000
time : 0.463380
