Parameters: GAD=1 vflib=1 dir=0 label=1 lowerbound=1 fileNameGp=../graphsdb/mcs90/m2D/m2D/mcs90_m2D_s60.A83 fileNameGt=../graphsdb/mcs90/m2D/m2D/mcs90_m2D_s60.B83
Reading graphs...
60 :  104
60 :  104
Initializing...
maxdom : 7
D->valSize : 272
Solving...
Blb : 2 (clique : 29)
currentSize : 29 <-- 0.002172 s
currentSize : 31 <-- 0.002344 s
currentSize : 32 <-- 0.002459 s
currentSize : 37 <-- 0.002893 s
currentSize : 40 <-- 0.003705 s
currentSize : 43 <-- 0.004069 s
currentSize : 44 <-- 0.004161 s
currentSize : 48 <-- 0.011709 s
currentSize : 49 <-- 0.011770 s

maxsize : 49
nodes : 5213.000000
filtered : 20777.000000
time : 0.021163
