Parameters: GAD=1 vflib=1 dir=0 label=1 lowerbound=1 fileNameGp=../graphsdb/mcs90/bvg/b06/mcs90_b06_s90.A85 fileNameGt=../graphsdb/mcs90/bvg/b06/mcs90_b06_s90.B85
Reading graphs...
90 :  270
90 :  270
Initializing...
maxdom : 10
D->valSize : 559
Solving...
Blb : 2 (clique : 35)
currentSize : 35 <-- 0.006723 s
currentSize : 40 <-- 0.007009 s
currentSize : 41 <-- 0.007075 s
currentSize : 42 <-- 0.007217 s
currentSize : 43 <-- 0.007363 s
currentSize : 44 <-- 0.007552 s
currentSize : 46 <-- 0.007661 s
currentSize : 47 <-- 0.423608 s
currentSize : 50 <-- 3.123125 s
currentSize : 51 <-- 3.123183 s
currentSize : 52 <-- 3.123272 s
currentSize : 53 <-- 3.123334 s
currentSize : 55 <-- 3.548387 s
currentSize : 56 <-- 7.934986 s
currentSize : 61 <-- 7.935199 s
currentSize : 63 <-- 8.655086 s
currentSize : 64 <-- 8.750877 s
currentSize : 65 <-- 9.098194 s
currentSize : 73 <-- 9.130688 s
currentSize : 75 <-- 9.243284 s
currentSize : 81 <-- 9.255592 s

maxsize : 81
nodes : 1943306.000000
filtered : 7828788.000000
time : 9.257066
