Parameters: GAD=1 vflib=1 dir=0 label=1 lowerbound=1 fileNameGp=../graphsdb/mcs90/m3D/m3Dr6/mcs90_m3Dr6_s80.A57 fileNameGt=../graphsdb/mcs90/m3D/m3Dr6/mcs90_m3Dr6_s80.B57
Reading graphs...
80 :  231
80 :  230
Initializing...
maxdom : 8
D->valSize : 444
Solving...
Blb : 2 (clique : 42)
currentSize : 42 <-- 0.007606 s
currentSize : 44 <-- 0.008101 s
currentSize : 48 <-- 0.008287 s
currentSize : 56 <-- 0.012093 s
currentSize : 61 <-- 0.099662 s
currentSize : 62 <-- 0.145940 s
currentSize : 64 <-- 0.202236 s

maxsize : 64
nodes : 41462.000000
filtered : 397386.000000
time : 0.232004
