Parameters: GAD=1 vflib=1 dir=0 label=1 lowerbound=1 fileNameGp=../graphsdb/mcs90/m2D/m2Dr2/mcs90_m2Dr2_s100.A77 fileNameGt=../graphsdb/mcs90/m2D/m2Dr2/mcs90_m2Dr2_s100.B77
Reading graphs...
100 :  200
100 :  200
Initializing...
maxdom : 7
D->valSize : 394
Solving...
Blb : 2 (clique : 61)
currentSize : 61 <-- 0.004515 s
currentSize : 65 <-- 0.323332 s
currentSize : 66 <-- 0.328315 s
currentSize : 70 <-- 0.463346 s
currentSize : 71 <-- 0.464741 s
currentSize : 74 <-- 9.375271 s
currentSize : 75 <-- 9.377020 s
currentSize : 76 <-- 17.149981 s
currentSize : 79 <-- 17.182629 s
currentSize : 80 <-- 17.182873 s
currentSize : 81 <-- 17.183329 s

maxsize : 81
nodes : 4611459.000000
filtered : 16494692.000000
time : 24.003784
