Parameters: GAD=1 vflib=1 dir=0 label=1 lowerbound=1 fileNameGp=../graphsdb/mcs90/m2D/m2Dr2/mcs90_m2Dr2_s100.A91 fileNameGt=../graphsdb/mcs90/m2D/m2Dr2/mcs90_m2Dr2_s100.B91
Reading graphs...
100 :  200
100 :  200
Initializing...
maxdom : 7
D->valSize : 362
Solving...
Blb : 2 (clique : 71)
currentSize : 71 <-- 0.004041 s
currentSize : 72 <-- 0.004548 s
currentSize : 76 <-- 0.032848 s
currentSize : 80 <-- 0.625642 s
currentSize : 81 <-- 0.656769 s

maxsize : 81
nodes : 129951.000000
filtered : 464127.000000
time : 0.691316
