Parameters: GAD=1 vflib=1 dir=0 label=1 lowerbound=1 fileNameGp=../graphsdb/mcs90/bvg/b03/mcs90_b03_s35.A53 fileNameGt=../graphsdb/mcs90/bvg/b03/mcs90_b03_s35.B53
Reading graphs...
35 :  52
35 :  52
Initializing...
maxdom : 5
D->valSize : 155
Solving...
Blb : 2 (clique : 22)
currentSize : 22 <-- 0.000913 s
currentSize : 24 <-- 0.002035 s
currentSize : 25 <-- 0.002360 s
currentSize : 26 <-- 0.002442 s
currentSize : 29 <-- 0.002695 s
currentSize : 30 <-- 0.002713 s

maxsize : 30
nodes : 829.000000
filtered : 3230.000000
time : 0.002970
