Parameters: GAD=1 vflib=1 dir=0 label=1 lowerbound=1 fileNameGp=../graphsdb/mcs90/m2D/m2Dr2/mcs90_m2Dr2_s60.A73 fileNameGt=../graphsdb/mcs90/m2D/m2Dr2/mcs90_m2Dr2_s60.B73
Reading graphs...
60 :  116
60 :  115
Initializing...
maxdom : 7
D->valSize : 297
Solving...
Blb : 2 (clique : 36)
currentSize : 36 <-- 0.002271 s
currentSize : 37 <-- 0.002481 s
currentSize : 39 <-- 0.002785 s
currentSize : 44 <-- 0.003260 s
currentSize : 50 <-- 0.003493 s

maxsize : 50
nodes : 2174.000000
filtered : 13151.000000
time : 0.010683
