Parameters: GAD=1 vflib=1 dir=0 label=1 lowerbound=1 fileNameGp=../graphsdb/mcs90/bvg/b03m/mcs90_b03m_s100.A80 fileNameGt=../graphsdb/mcs90/bvg/b03m/mcs90_b03m_s100.B80
Reading graphs...
100 :  150
100 :  150
Initializing...
maxdom : 8
D->valSize : 404
Solving...
Blb : 3 (clique : 84)
currentSize : 84 <-- 0.004940 s
currentSize : 85 <-- 0.008695 s
currentSize : 86 <-- 0.009047 s
currentSize : 87 <-- 0.010914 s
currentSize : 90 <-- 0.011248 s

maxsize : 90
nodes : 1796.000000
filtered : 5880.000000
time : 0.012294
