Parameters: GAD=1 vflib=1 dir=0 label=1 lowerbound=1 fileNameGp=../graphsdb/mcs90/m3D/m3Dr6/mcs90_m3Dr6_s80.A29 fileNameGt=../graphsdb/mcs90/m3D/m3Dr6/mcs90_m3Dr6_s80.B29
Reading graphs...
80 :  232
80 :  229
Initializing...
maxdom : 9
D->valSize : 443
Solving...
Blb : 3 (clique : 37)
currentSize : 37 <-- 0.004449 s
currentSize : 38 <-- 0.005000 s
currentSize : 39 <-- 0.009859 s
currentSize : 41 <-- 0.010115 s
currentSize : 43 <-- 0.024350 s
currentSize : 44 <-- 0.026266 s
currentSize : 45 <-- 0.026550 s
currentSize : 48 <-- 0.036434 s
currentSize : 51 <-- 0.036859 s
currentSize : 52 <-- 0.346533 s
currentSize : 54 <-- 0.364106 s
currentSize : 55 <-- 0.519449 s
currentSize : 58 <-- 0.522192 s
currentSize : 63 <-- 0.522579 s
currentSize : 64 <-- 0.522824 s

maxsize : 64
nodes : 97335.000000
filtered : 744433.000000
time : 0.544744
