Parameters: GAD=1 vflib=1 dir=0 label=1 lowerbound=1 fileNameGp=../graphsdb/mcs90/m2D/m2Dr4/mcs90_m2Dr4_s100.A83 fileNameGt=../graphsdb/mcs90/m2D/m2Dr4/mcs90_m2Dr4_s100.B83
Reading graphs...
100 :  220
100 :  217
Initializing...
maxdom : 6
D->valSize : 367
Solving...
Blb : 2 (clique : 64)
currentSize : 64 <-- 0.004079 s
currentSize : 68 <-- 0.004478 s
currentSize : 69 <-- 0.004731 s
currentSize : 70 <-- 0.033377 s
currentSize : 74 <-- 2.041049 s
currentSize : 75 <-- 2.041337 s
currentSize : 76 <-- 2.053366 s
currentSize : 78 <-- 2.771157 s
currentSize : 80 <-- 2.771455 s
currentSize : 81 <-- 2.784735 s

maxsize : 81
nodes : 665970.000000
filtered : 1705066.000000
time : 3.178442
