Parameters: GAD=1 vflib=1 dir=0 label=1 lowerbound=1 fileNameGp=../graphsdb/mcs90/m2D/m2Dr2/mcs90_m2Dr2_s90.A78 fileNameGt=../graphsdb/mcs90/m2D/m2Dr2/mcs90_m2Dr2_s90.B78
Reading graphs...
90 :  179
90 :  179
Initializing...
maxdom : 10
D->valSize : 581
Solving...
Blb : 2 (clique : 67)
currentSize : 67 <-- 0.007435 s
currentSize : 68 <-- 0.007916 s
currentSize : 72 <-- 0.008126 s
currentSize : 75 <-- 0.008567 s
currentSize : 76 <-- 0.009213 s
currentSize : 81 <-- 0.009513 s

maxsize : 81
nodes : 1575.000000
filtered : 10130.000000
time : 0.015196
