Parameters: GAD=1 vflib=1 dir=0 label=1 lowerbound=1 fileNameGp=../graphsdb/mcs90/m2D/m2D/mcs90_m2D_s20.A08 fileNameGt=../graphsdb/mcs90/m2D/m2D/mcs90_m2D_s20.B08
Reading graphs...
20 :  31
20 :  31
Initializing...
maxdom : 6
D->valSize : 101
Solving...
Blb : 2 (clique : 8)
currentSize : 8 <-- 0.000626 s
currentSize : 11 <-- 0.000667 s
currentSize : 12 <-- 0.000688 s
currentSize : 13 <-- 0.002855 s
currentSize : 14 <-- 0.003513 s
currentSize : 15 <-- 0.003638 s
currentSize : 16 <-- 0.003663 s

maxsize : 16
nodes : 1216.000000
filtered : 7062.000000
time : 0.003808
