Parameters: GAD=1 vflib=1 dir=0 label=1 lowerbound=1 fileNameGp=../graphsdb/mcs90/bvg/b06/mcs90_b06_s40.A04 fileNameGt=../graphsdb/mcs90/bvg/b06/mcs90_b06_s40.B04
Reading graphs...
40 :  120
40 :  120
Initializing...
maxdom : 9
D->valSize : 242
Solving...
Blb : 3 (clique : 17)
currentSize : 17 <-- 0.001485 s
currentSize : 19 <-- 0.001584 s
currentSize : 21 <-- 0.003303 s
currentSize : 23 <-- 0.013763 s
currentSize : 24 <-- 0.014246 s
currentSize : 26 <-- 0.014334 s
currentSize : 27 <-- 0.014354 s
currentSize : 29 <-- 0.019142 s
currentSize : 36 <-- 0.019557 s

maxsize : 36
nodes : 6545.000000
filtered : 28036.000000
time : 0.019737
