Parameters: GAD=1 vflib=1 dir=0 label=1 lowerbound=1 fileNameGp=../graphsdb/mcs90/rand/r02/mcs90_r02_s90.A42 fileNameGt=../graphsdb/mcs90/rand/r02/mcs90_r02_s90.B42
Reading graphs...
90 :  1453
90 :  1452
Initializing...
maxdom : 9
D->valSize : 563
Solving...
Blb : 3 (clique : 48)
currentSize : 48 <-- 0.006322 s
currentSize : 49 <-- 0.007874 s
currentSize : 50 <-- 0.590373 s
currentSize : 51 <-- 0.590517 s
currentSize : 52 <-- 4.846188 s
currentSize : 53 <-- 5.123575 s
currentSize : 54 <-- 35.469757 s
currentSize : 55 <-- 357.278229 s

maxsize : 55
nodes : 491006513.000000
filtered : 255664109.000000
time : 1865.153809
