Parameters: GAD=1 vflib=1 dir=0 label=1 lowerbound=1 fileNameGp=../graphsdb/mcs90/m4D/m4Dr2/mcs90_m4Dr2_s100.A15 fileNameGt=../graphsdb/mcs90/m4D/m4Dr2/mcs90_m4Dr2_s100.B15
Reading graphs...
100 :  236
100 :  236
Initializing...
maxdom : 7
D->valSize : 362
Solving...
Blb : 3 (clique : 74)
currentSize : 74 <-- 0.006563 s
currentSize : 75 <-- 0.810777 s
currentSize : 76 <-- 1.130522 s
currentSize : 77 <-- 1.130670 s
currentSize : 79 <-- 1.133277 s

maxsize : 79
nodes : 551787.000000
filtered : 802806.000000
time : 2.397145
