Parameters: GAD=1 vflib=1 dir=0 label=1 lowerbound=1 fileNameGp=../graphsdb/mcs90/m2D/m2Dr4/mcs90_m2Dr4_s80.A39 fileNameGt=../graphsdb/mcs90/m2D/m2Dr4/mcs90_m2Dr4_s80.B39
Reading graphs...
80 :  174
80 :  173
Initializing...
maxdom : 9
D->valSize : 454
Solving...
Blb : 2 (clique : 43)
currentSize : 43 <-- 0.004830 s
currentSize : 47 <-- 0.005117 s
currentSize : 50 <-- 0.006401 s
currentSize : 51 <-- 26.862530 s
currentSize : 54 <-- 26.864187 s
currentSize : 55 <-- 27.143766 s
currentSize : 57 <-- 30.556744 s
currentSize : 58 <-- 30.556917 s
currentSize : 59 <-- 30.557917 s
currentSize : 64 <-- 30.558168 s

maxsize : 64
nodes : 6669991.000000
filtered : 33528948.000000
time : 31.359125
