Parameters: GAD=1 vflib=1 dir=0 label=1 lowerbound=1 fileNameGp=../graphsdb/mcs90/m2D/m2Dr2/mcs90_m2Dr2_s100.A93 fileNameGt=../graphsdb/mcs90/m2D/m2Dr2/mcs90_m2Dr2_s100.B93
Reading graphs...
100 :  200
100 :  198
Initializing...
maxdom : 7
D->valSize : 367
Solving...
Blb : 2 (clique : 69)
currentSize : 69 <-- 0.006833 s
currentSize : 70 <-- 0.007658 s
currentSize : 74 <-- 0.008071 s
currentSize : 75 <-- 0.011515 s
currentSize : 76 <-- 33.940750 s
currentSize : 80 <-- 33.947922 s
currentSize : 81 <-- 33.948235 s

maxsize : 81
nodes : 11376479.000000
filtered : 40144213.000000
time : 57.271744
