Parameters: GAD=1 vflib=1 dir=0 label=1 lowerbound=1 fileNameGp=../graphsdb/mcs90/bvg/b06/mcs90_b06_s100.A62 fileNameGt=../graphsdb/mcs90/bvg/b06/mcs90_b06_s100.B62
Reading graphs...
100 :  300
100 :  299
Initializing...
maxdom : 9
D->valSize : 467
Solving...
Blb : 2 (clique : 58)
currentSize : 58 <-- 0.005290 s
currentSize : 63 <-- 0.005706 s
currentSize : 66 <-- 0.006456 s
currentSize : 73 <-- 0.007666 s
currentSize : 81 <-- 0.017229 s
currentSize : 90 <-- 0.019781 s

maxsize : 90
nodes : 3685.000000
filtered : 15223.000000
time : 0.023064
