Parameters: GAD=1 vflib=1 dir=0 label=1 lowerbound=1 fileNameGp=../graphsdb/mcs90/m2D/m2Dr4/mcs90_m2Dr4_s80.A84 fileNameGt=../graphsdb/mcs90/m2D/m2Dr4/mcs90_m2Dr4_s80.B84
Reading graphs...
80 :  174
80 :  172
Initializing...
maxdom : 13
D->valSize : 509
Solving...
Blb : 2 (clique : 47)
currentSize : 47 <-- 0.005598 s
currentSize : 52 <-- 0.005969 s
currentSize : 53 <-- 0.006904 s
currentSize : 55 <-- 0.006991 s
currentSize : 56 <-- 4.028788 s
currentSize : 58 <-- 4.028892 s
currentSize : 59 <-- 4.029524 s
currentSize : 62 <-- 4.029738 s
currentSize : 64 <-- 4.029844 s

maxsize : 64
nodes : 948593.000000
filtered : 7078601.000000
time : 5.093828
