Parameters: GAD=1 vflib=1 dir=0 label=1 lowerbound=1 fileNameGp=../graphsdb/mcs90/m3D/m3D/mcs90_m3D_s70.A07 fileNameGt=../graphsdb/mcs90/m3D/m3D/mcs90_m3D_s70.B07
Reading graphs...
70 :  159
70 :  159
Initializing...
maxdom : 9
D->valSize : 378
Solving...
Blb : 2 (clique : 43)
currentSize : 43 <-- 0.003419 s
currentSize : 44 <-- 0.015561 s
currentSize : 46 <-- 0.022876 s
currentSize : 50 <-- 0.023003 s
currentSize : 53 <-- 0.030595 s
currentSize : 59 <-- 0.030817 s
currentSize : 64 <-- 0.032709 s

maxsize : 64
nodes : 7425.000000
filtered : 33398.000000
time : 0.032963
