Parameters: GAD=1 vflib=1 dir=0 label=1 lowerbound=1 fileNameGp=../graphsdb/mcs90/bvg/b06/mcs90_b06_s50.A28 fileNameGt=../graphsdb/mcs90/bvg/b06/mcs90_b06_s50.B28
Reading graphs...
50 :  150
50 :  150
Initializing...
maxdom : 13
D->valSize : 375
Solving...
Blb : 3 (clique : 24)
currentSize : 24 <-- 0.002885 s
currentSize : 25 <-- 0.003401 s
currentSize : 28 <-- 0.003908 s
currentSize : 31 <-- 0.003958 s
currentSize : 33 <-- 0.004179 s
currentSize : 45 <-- 0.005198 s

maxsize : 45
nodes : 647.000000
filtered : 8035.000000
time : 0.005347
