Parameters: GAD=1 vflib=1 dir=0 label=1 lowerbound=1 fileNameGp=../graphsdb/mcs90/m2D/m2Dr4/mcs90_m2Dr4_s80.A19 fileNameGt=../graphsdb/mcs90/m2D/m2Dr4/mcs90_m2Dr4_s80.B19
Reading graphs...
80 :  172
80 :  173
Initializing...
maxdom : 9
D->valSize : 424
Solving...
Blb : 2 (clique : 50)
currentSize : 50 <-- 0.006964 s
currentSize : 51 <-- 0.007451 s
currentSize : 53 <-- 0.268133 s
currentSize : 56 <-- 0.268339 s
currentSize : 58 <-- 0.275931 s
currentSize : 64 <-- 0.436133 s

maxsize : 64
nodes : 126356.000000
filtered : 744971.000000
time : 0.649537
