Parameters: GAD=1 vflib=1 dir=0 label=1 lowerbound=1 fileNameGp=../graphsdb/mcs90/bvg/b03/mcs90_b03_s50.A55 fileNameGt=../graphsdb/mcs90/bvg/b03/mcs90_b03_s50.B55
Reading graphs...
50 :  75
50 :  75
Initializing...
maxdom : 9
D->valSize : 324
Solving...
Blb : 2 (clique : 33)
currentSize : 33 <-- 0.002384 s
currentSize : 35 <-- 0.053452 s
currentSize : 36 <-- 0.086122 s
currentSize : 38 <-- 0.086705 s
currentSize : 40 <-- 0.125551 s
currentSize : 44 <-- 0.125640 s

maxsize : 44
nodes : 36828.000000
filtered : 208943.000000
time : 0.128551
