Parameters: GAD=1 vflib=1 dir=0 label=1 lowerbound=1 fileNameGp=../graphsdb/mcs90/bvg/b09/mcs90_b09_s35.A63 fileNameGt=../graphsdb/mcs90/bvg/b09/mcs90_b09_s35.B63
Reading graphs...
35 :  155
35 :  157
Initializing...
maxdom : 10
D->valSize : 198
Solving...
Blb : 2 (clique : 9)
currentSize : 9 <-- 0.001080 s
currentSize : 10 <-- 0.001366 s
currentSize : 12 <-- 0.001463 s
currentSize : 14 <-- 0.001487 s
currentSize : 15 <-- 0.001798 s
currentSize : 16 <-- 0.002284 s
currentSize : 17 <-- 0.002325 s
currentSize : 19 <-- 0.002875 s
currentSize : 30 <-- 0.002943 s

maxsize : 30
nodes : 642.000000
filtered : 6877.000000
time : 0.003067
