Parameters: GAD=1 vflib=1 dir=0 label=1 lowerbound=1 fileNameGp=../graphsdb/mcs90/m2D/m2Dr2/mcs90_m2Dr2_s100.A84 fileNameGt=../graphsdb/mcs90/m2D/m2Dr2/mcs90_m2Dr2_s100.B84
Reading graphs...
100 :  199
100 :  199
Initializing...
maxdom : 7
D->valSize : 377
Solving...
Blb : 2 (clique : 67)
currentSize : 67 <-- 0.004135 s
currentSize : 68 <-- 0.004719 s
currentSize : 70 <-- 0.005252 s
currentSize : 71 <-- 0.016342 s
currentSize : 72 <-- 0.016963 s
currentSize : 73 <-- 0.017250 s
currentSize : 74 <-- 0.017641 s
currentSize : 75 <-- 0.026069 s
currentSize : 76 <-- 0.026475 s
currentSize : 77 <-- 0.252629 s
currentSize : 79 <-- 0.255755 s
currentSize : 80 <-- 0.256123 s

maxsize : 80
nodes : 1163294.000000
filtered : 4404425.000000
time : 5.990533
