Parameters: GAD=1 vflib=1 dir=0 label=1 lowerbound=1 fileNameGp=../graphsdb/mcs90/m2D/m2Dr4/mcs90_m2Dr4_s90.A54 fileNameGt=../graphsdb/mcs90/m2D/m2Dr4/mcs90_m2Dr4_s90.B54
Reading graphs...
90 :  196
90 :  195
Initializing...
maxdom : 9
D->valSize : 557
Solving...
Blb : 2 (clique : 52)
currentSize : 52 <-- 0.011489 s
currentSize : 58 <-- 0.012342 s
currentSize : 62 <-- 0.013292 s
currentSize : 64 <-- 0.014099 s
currentSize : 70 <-- 0.014553 s
currentSize : 71 <-- 0.015170 s
currentSize : 76 <-- 0.015626 s
currentSize : 81 <-- 0.016614 s

maxsize : 81
nodes : 2061.000000
filtered : 13397.000000
time : 0.028385
