Parameters: GAD=1 vflib=1 dir=0 label=1 lowerbound=1 fileNameGp=../graphsdb/mcs90/rand/r005/mcs90_r005_s80.A02 fileNameGt=../graphsdb/mcs90/rand/r005/mcs90_r005_s80.B02
Reading graphs...
80 :  306
80 :  304
Initializing...
maxdom : 7
D->valSize : 430
Solving...
Blb : 3 (clique : 46)
currentSize : 46 <-- 0.004324 s
currentSize : 47 <-- 0.004577 s
currentSize : 52 <-- 0.004897 s
currentSize : 58 <-- 0.114886 s
currentSize : 69 <-- 0.126648 s
currentSize : 70 <-- 0.127231 s

maxsize : 70
nodes : 24530.000000
filtered : 233803.000000
time : 0.130765
