Parameters: GAD=1 vflib=1 dir=0 label=1 lowerbound=1 fileNameGp=../graphsdb/mcs90/m2D/m2Dr6/mcs90_m2Dr6_s90.A95 fileNameGt=../graphsdb/mcs90/m2D/m2Dr6/mcs90_m2Dr6_s90.B95
Reading graphs...
90 :  214
90 :  212
Initializing...
maxdom : 11
D->valSize : 567
Solving...
Blb : 2 (clique : 55)
currentSize : 55 <-- 0.006851 s
currentSize : 57 <-- 0.009293 s
currentSize : 59 <-- 0.024659 s
currentSize : 61 <-- 0.024857 s
currentSize : 62 <-- 0.035775 s
currentSize : 64 <-- 0.122942 s
currentSize : 65 <-- 0.131087 s
currentSize : 67 <-- 0.131977 s
currentSize : 69 <-- 0.132207 s
currentSize : 71 <-- 0.295279 s
currentSize : 73 <-- 0.295505 s
currentSize : 74 <-- 0.482130 s
currentSize : 75 <-- 0.482702 s
currentSize : 76 <-- 0.482970 s
currentSize : 78 <-- 0.484137 s
currentSize : 80 <-- 0.484426 s

maxsize : 80
nodes : 115823.000000
filtered : 832957.000000
time : 0.657412
