Parameters: GAD=1 vflib=1 dir=0 label=1 lowerbound=1 fileNameGp=../graphsdb/mcs90/m3D/m3D/mcs90_m3D_s80.A99 fileNameGt=../graphsdb/mcs90/m3D/m3D/mcs90_m3D_s80.B99
Reading graphs...
80 :  184
80 :  184
Initializing...
maxdom : 9
D->valSize : 461
Solving...
Blb : 2 (clique : 48)
currentSize : 48 <-- 0.008068 s
currentSize : 51 <-- 0.190991 s
currentSize : 53 <-- 0.279326 s
currentSize : 54 <-- 0.810460 s
currentSize : 55 <-- 1.039541 s
currentSize : 58 <-- 1.040854 s
currentSize : 59 <-- 1.403670 s
currentSize : 63 <-- 1.852051 s
currentSize : 64 <-- 1.852191 s

maxsize : 64
nodes : 405559.000000
filtered : 2531958.000000
time : 2.013568
