Parameters: GAD=1 vflib=1 dir=0 label=1 lowerbound=1 fileNameGp=../graphsdb/mcs90/bvg/b09/mcs90_b09_s50.A21 fileNameGt=../graphsdb/mcs90/bvg/b09/mcs90_b09_s50.B21
Reading graphs...
50 :  225
50 :  224
Initializing...
maxdom : 12
D->valSize : 401
Solving...
Blb : 3 (clique : 15)
currentSize : 15 <-- 0.003068 s
currentSize : 16 <-- 0.003625 s
currentSize : 17 <-- 0.004913 s
currentSize : 18 <-- 0.004965 s
currentSize : 19 <-- 0.007591 s
currentSize : 20 <-- 0.010086 s
currentSize : 21 <-- 0.017555 s
currentSize : 30 <-- 0.021194 s
currentSize : 33 <-- 0.021324 s
currentSize : 44 <-- 0.027115 s

maxsize : 44
nodes : 5668.000000
filtered : 73960.000000
time : 0.028009
