Parameters: GAD=1 vflib=1 dir=0 label=1 lowerbound=1 fileNameGp=../graphsdb/mcs90/m3D/m3Dr4/mcs90_m3Dr4_s80.A70 fileNameGt=../graphsdb/mcs90/m3D/m3Dr4/mcs90_m3Dr4_s80.B70
Reading graphs...
80 :  213
80 :  214
Initializing...
maxdom : 10
D->valSize : 509
Solving...
Blb : 2 (clique : 41)
currentSize : 41 <-- 0.005554 s
currentSize : 42 <-- 0.005834 s
currentSize : 44 <-- 0.009086 s
currentSize : 50 <-- 0.027386 s
currentSize : 57 <-- 0.033998 s
currentSize : 61 <-- 0.084003 s
currentSize : 62 <-- 0.084163 s
currentSize : 63 <-- 0.084453 s
currentSize : 64 <-- 0.084614 s

maxsize : 64
nodes : 160143.000000
filtered : 765589.000000
time : 0.676317
