Parameters: GAD=1 vflib=1 dir=0 label=1 lowerbound=1 fileNameGp=../graphsdb/mcs90/rand/r02/mcs90_r02_s80.A50 fileNameGt=../graphsdb/mcs90/rand/r02/mcs90_r02_s80.B50
Reading graphs...
80 :  1121
80 :  1134
Initializing...
maxdom : 9
D->valSize : 452
Solving...
Blb : 2 (clique : 16)
currentSize : 16 <-- 0.004402 s
currentSize : 17 <-- 0.004522 s
currentSize : 18 <-- 0.004597 s
currentSize : 25 <-- 0.008816 s
currentSize : 26 <-- 0.008890 s
currentSize : 28 <-- 0.009614 s
currentSize : 39 <-- 0.052170 s
currentSize : 41 <-- 0.054064 s
currentSize : 42 <-- 0.057944 s
currentSize : 43 <-- 0.774205 s
currentSize : 44 <-- 0.780508 s
currentSize : 45 <-- 0.781026 s

maxsize : 45
nodes : 306200339.000000
filtered : 159839866.000000
time : 1057.078613
