Parameters: GAD=1 vflib=1 dir=0 label=1 lowerbound=1 fileNameGp=../graphsdb/mcs90/m2D/m2D/mcs90_m2D_s100.A82 fileNameGt=../graphsdb/mcs90/m2D/m2D/mcs90_m2D_s100.B82
Reading graphs...
100 :  180
100 :  180
Initializing...
maxdom : 8
D->valSize : 389
Solving...
Blb : 2 (clique : 59)
currentSize : 59 <-- 0.004326 s
currentSize : 60 <-- 0.004716 s
currentSize : 61 <-- 0.004989 s
currentSize : 62 <-- 0.005119 s
currentSize : 63 <-- 0.005604 s
currentSize : 64 <-- 0.182491 s
currentSize : 65 <-- 0.207657 s
currentSize : 67 <-- 0.208308 s
currentSize : 69 <-- 0.301977 s
currentSize : 70 <-- 0.362001 s
currentSize : 71 <-- 0.431179 s
currentSize : 75 <-- 0.431463 s
currentSize : 78 <-- 0.547595 s
currentSize : 79 <-- 0.555303 s
currentSize : 81 <-- 0.555437 s

maxsize : 81
nodes : 281624.000000
filtered : 676217.000000
time : 1.325830
