Parameters: GAD=1 vflib=1 dir=0 label=1 lowerbound=1 fileNameGp=../graphsdb/mcs90/m2D/m2Dr4/mcs90_m2Dr4_s100.A57 fileNameGt=../graphsdb/mcs90/m2D/m2Dr4/mcs90_m2Dr4_s100.B57
Reading graphs...
100 :  219
100 :  219
Initializing...
maxdom : 8
D->valSize : 365
Solving...
Blb : 2 (clique : 51)
currentSize : 51 <-- 0.004071 s
currentSize : 54 <-- 0.004435 s
currentSize : 56 <-- 0.005052 s
currentSize : 57 <-- 0.006317 s
currentSize : 58 <-- 0.006470 s
currentSize : 61 <-- 0.006643 s
currentSize : 66 <-- 0.010586 s
currentSize : 68 <-- 0.012883 s
currentSize : 69 <-- 1.161744 s
currentSize : 74 <-- 1.162611 s
currentSize : 76 <-- 1.164523 s
currentSize : 78 <-- 2.402466 s
currentSize : 80 <-- 2.408253 s

maxsize : 80
nodes : 651063.000000
filtered : 2724419.000000
time : 3.563345
