Parameters: GAD=1 vflib=1 dir=0 label=1 lowerbound=1 fileNameGp=../graphsdb/mcs90/rand/r005/mcs90_r005_s35.A12 fileNameGt=../graphsdb/mcs90/rand/r005/mcs90_r005_s35.B12
Reading graphs...
35 :  56
35 :  56
Initializing...
maxdom : 8
D->valSize : 190
Solving...
Blb : 5 (clique : 20)
currentSize : 20 <-- 0.001194 s
currentSize : 21 <-- 0.001314 s
currentSize : 22 <-- 0.002683 s
currentSize : 23 <-- 0.003435 s
currentSize : 24 <-- 0.003464 s
currentSize : 30 <-- 0.005327 s

maxsize : 30
nodes : 1702.000000
filtered : 8133.000000
time : 0.006165
