Parameters: GAD=1 vflib=1 dir=0 label=1 lowerbound=1 fileNameGp=../graphsdb/mcs90/rand/r01/mcs90_r01_s80.A24 fileNameGt=../graphsdb/mcs90/rand/r01/mcs90_r01_s80.B24
Reading graphs...
80 :  607
80 :  605
Initializing...
maxdom : 11
D->valSize : 502
Solving...
Blb : 3 (clique : 26)
currentSize : 26 <-- 0.005144 s
currentSize : 31 <-- 0.013273 s
currentSize : 38 <-- 0.016956 s
currentSize : 64 <-- 0.023682 s
currentSize : 65 <-- 0.023889 s

maxsize : 65
nodes : 264608.000000
filtered : 302527.000000
time : 0.893950
