Parameters: GAD=1 vflib=1 dir=0 label=1 lowerbound=1 fileNameGp=../graphsdb/mcs90/bvg/b03/mcs90_b03_s20.A87 fileNameGt=../graphsdb/mcs90/bvg/b03/mcs90_b03_s20.B87
Reading graphs...
20 :  30
20 :  30
Initializing...
maxdom : 7
D->valSize : 106
Solving...
Blb : 3 (clique : 11)
currentSize : 11 <-- 0.000596 s
currentSize : 12 <-- 0.000642 s
currentSize : 13 <-- 0.000671 s
currentSize : 14 <-- 0.000758 s
currentSize : 16 <-- 0.000788 s
currentSize : 18 <-- 0.000816 s

maxsize : 18
nodes : 171.000000
filtered : 777.000000
time : 0.000856
