Parameters: GAD=1 vflib=1 dir=0 label=1 lowerbound=1 fileNameGp=../graphsdb/mcs90/m2D/m2Dr2/mcs90_m2Dr2_s80.A13 fileNameGt=../graphsdb/mcs90/m2D/m2Dr2/mcs90_m2Dr2_s80.B13
Reading graphs...
80 :  158
80 :  158
Initializing...
maxdom : 9
D->valSize : 455
Solving...
Blb : 2 (clique : 47)
currentSize : 47 <-- 0.004924 s
currentSize : 50 <-- 0.005280 s
currentSize : 53 <-- 0.005469 s
currentSize : 55 <-- 0.012851 s
currentSize : 56 <-- 0.124886 s
currentSize : 59 <-- 0.242443 s
currentSize : 62 <-- 0.242697 s
currentSize : 64 <-- 0.243073 s

maxsize : 64
nodes : 55578.000000
filtered : 392092.000000
time : 0.312702
