Parameters: GAD=1 vflib=1 dir=0 label=1 lowerbound=1 fileNameGp=../graphsdb/mcs90/m3D/m3D/mcs90_m3D_s80.A46 fileNameGt=../graphsdb/mcs90/m3D/m3D/mcs90_m3D_s80.B46
Reading graphs...
80 :  183
80 :  184
Initializing...
maxdom : 8
D->valSize : 467
Solving...
Blb : 2 (clique : 55)
currentSize : 55 <-- 0.004958 s
currentSize : 57 <-- 0.005347 s
currentSize : 60 <-- 0.079237 s
currentSize : 61 <-- 0.079437 s
currentSize : 63 <-- 0.079963 s
currentSize : 64 <-- 0.080154 s

maxsize : 64
nodes : 237775.000000
filtered : 1415320.000000
time : 1.120709
