Parameters: GAD=1 vflib=1 dir=0 label=1 lowerbound=1 fileNameGp=../graphsdb/mcs90/bvg/b03/mcs90_b03_s90.A36 fileNameGt=../graphsdb/mcs90/bvg/b03/mcs90_b03_s90.B36
Reading graphs...
90 :  135
90 :  135
Initializing...
maxdom : 9
D->valSize : 584
Solving...
Blb : 2 (clique : 66)
currentSize : 66 <-- 0.007343 s
currentSize : 67 <-- 0.007842 s
currentSize : 70 <-- 0.007970 s
currentSize : 72 <-- 0.008162 s
currentSize : 75 <-- 0.008306 s
currentSize : 80 <-- 0.008467 s

maxsize : 80
nodes : 657.000000
filtered : 4013.000000
time : 0.010002
