Parameters: GAD=1 vflib=1 dir=0 label=1 lowerbound=1 fileNameGp=../graphsdb/mcs90/m2D/m2Dr6/mcs90_m2Dr6_s60.A37 fileNameGt=../graphsdb/mcs90/m2D/m2Dr6/mcs90_m2Dr6_s60.B37
Reading graphs...
60 :  140
60 :  140
Initializing...
maxdom : 6
D->valSize : 250
Solving...
Blb : 2 (clique : 28)
currentSize : 28 <-- 0.001813 s
currentSize : 29 <-- 0.002011 s
currentSize : 31 <-- 0.002143 s
currentSize : 36 <-- 0.003280 s
currentSize : 37 <-- 0.003637 s
currentSize : 39 <-- 0.003746 s
currentSize : 42 <-- 0.003867 s
currentSize : 49 <-- 0.004102 s

maxsize : 49
nodes : 2933.000000
filtered : 13034.000000
time : 0.012792
