Parameters: GAD=1 vflib=1 dir=0 label=1 lowerbound=1 fileNameGp=../graphsdb/mcs90/m4D/m4D/mcs90_m4D_s100.A25 fileNameGt=../graphsdb/mcs90/m4D/m4D/mcs90_m4D_s100.B25
Reading graphs...
100 :  219
100 :  219
Initializing...
maxdom : 7
D->valSize : 403
Solving...
Blb : 2 (clique : 73)
currentSize : 73 <-- 0.007834 s
currentSize : 74 <-- 0.008552 s
currentSize : 77 <-- 0.053042 s
currentSize : 78 <-- 0.053456 s
currentSize : 79 <-- 0.394934 s
currentSize : 80 <-- 1.389661 s

maxsize : 80
nodes : 407038.000000
filtered : 824972.000000
time : 1.971970
