Parameters: GAD=1 vflib=1 dir=0 label=1 lowerbound=1 fileNameGp=../graphsdb/mcs90/rand/r01/mcs90_r01_s80.A88 fileNameGt=../graphsdb/mcs90/rand/r01/mcs90_r01_s80.B88
Reading graphs...
80 :  605
80 :  606
Initializing...
maxdom : 9
D->valSize : 447
Solving...
Blb : 5 (clique : 39)
currentSize : 39 <-- 0.004587 s
currentSize : 45 <-- 0.005348 s
currentSize : 49 <-- 0.008877 s
currentSize : 53 <-- 0.043900 s
currentSize : 63 <-- 0.052250 s
currentSize : 64 <-- 0.062933 s
currentSize : 65 <-- 0.080530 s

maxsize : 65
nodes : 74897.000000
filtered : 183867.000000
time : 0.280445
