Parameters: GAD=1 vflib=1 dir=0 label=1 lowerbound=1 fileNameGp=../graphsdb/mcs90/m2D/m2D/mcs90_m2D_s90.A97 fileNameGt=../graphsdb/mcs90/m2D/m2D/mcs90_m2D_s90.B97
Reading graphs...
90 :  161
90 :  161
Initializing...
maxdom : 12
D->valSize : 553
Solving...
Blb : 2 (clique : 55)
currentSize : 55 <-- 0.006806 s
currentSize : 65 <-- 0.007202 s
currentSize : 69 <-- 0.007392 s
currentSize : 70 <-- 0.007647 s
currentSize : 74 <-- 0.007840 s
currentSize : 76 <-- 0.046733 s
currentSize : 77 <-- 0.046970 s
currentSize : 81 <-- 0.047151 s

maxsize : 81
nodes : 9541.000000
filtered : 58873.000000
time : 0.059870
