Parameters: GAD=1 vflib=1 dir=0 label=1 lowerbound=1 fileNameGp=../graphsdb/mcs90/m2D/m2Dr4/mcs90_m2Dr4_s100.A24 fileNameGt=../graphsdb/mcs90/m2D/m2Dr4/mcs90_m2Dr4_s100.B24
Reading graphs...
100 :  219
100 :  220
Initializing...
maxdom : 6
D->valSize : 360
Solving...
Blb : 3 (clique : 61)
currentSize : 61 <-- 0.006462 s
currentSize : 62 <-- 0.007203 s
currentSize : 63 <-- 1.588692 s
currentSize : 64 <-- 4.054226 s
currentSize : 65 <-- 4.054955 s
currentSize : 66 <-- 4.055213 s
currentSize : 67 <-- 4.500575 s
currentSize : 74 <-- 5.007608 s
currentSize : 77 <-- 5.007817 s
currentSize : 78 <-- 5.204684 s
currentSize : 80 <-- 5.865111 s
currentSize : 81 <-- 6.003245 s

maxsize : 81
nodes : 1148666.000000
filtered : 4806105.000000
time : 6.294087
