Parameters: GAD=1 vflib=1 dir=0 label=1 lowerbound=1 fileNameGp=../graphsdb/mcs90/rand/r005/mcs90_r005_s25.A15 fileNameGt=../graphsdb/mcs90/rand/r005/mcs90_r005_s25.B15
Reading graphs...
25 :  29
25 :  29
Initializing...
maxdom : 8
D->valSize : 158
Solving...
Blb : 2 (clique : 13)
currentSize : 13 <-- 0.000848 s
currentSize : 14 <-- 0.008813 s
currentSize : 16 <-- 0.008889 s
currentSize : 18 <-- 0.008993 s
currentSize : 19 <-- 0.009460 s
currentSize : 20 <-- 0.009841 s
currentSize : 22 <-- 0.010536 s

maxsize : 22
nodes : 5705.000000
filtered : 22305.000000
time : 0.010736
