Parameters: GAD=1 vflib=1 dir=0 label=1 lowerbound=1 fileNameGp=../graphsdb/mcs90/m2D/m2Dr4/mcs90_m2Dr4_s60.A07 fileNameGt=../graphsdb/mcs90/m2D/m2Dr4/mcs90_m2Dr4_s60.B07
Reading graphs...
60 :  127
60 :  127
Initializing...
maxdom : 7
D->valSize : 279
Solving...
Blb : 2 (clique : 32)
currentSize : 32 <-- 0.002130 s
currentSize : 34 <-- 0.002322 s
currentSize : 39 <-- 0.003771 s
currentSize : 43 <-- 0.007461 s
currentSize : 44 <-- 0.010320 s
currentSize : 48 <-- 0.010525 s

maxsize : 48
nodes : 3586.000000
filtered : 7350.000000
time : 0.012419
