Parameters: GAD=1 vflib=1 dir=0 label=1 lowerbound=1 fileNameGp=../graphsdb/mcs90/m2D/m2D/mcs90_m2D_s30.A45 fileNameGt=../graphsdb/mcs90/m2D/m2D/mcs90_m2D_s30.B45
Reading graphs...
30 :  49
30 :  49
Initializing...
maxdom : 8
D->valSize : 147
Solving...
Blb : 2 (clique : 15)
currentSize : 15 <-- 0.000899 s
currentSize : 18 <-- 0.000962 s
currentSize : 20 <-- 0.001292 s
currentSize : 21 <-- 0.001384 s
currentSize : 25 <-- 0.001719 s

maxsize : 25
nodes : 399.000000
filtered : 2227.000000
time : 0.001925
