Parameters: GAD=1 vflib=1 dir=0 label=1 lowerbound=1 fileNameGp=../graphsdb/mcs90/bvg/b03/mcs90_b03_s80.A15 fileNameGt=../graphsdb/mcs90/bvg/b03/mcs90_b03_s80.B15
Reading graphs...
80 :  120
80 :  120
Initializing...
maxdom : 7
D->valSize : 425
Solving...
Blb : 2 (clique : 61)
currentSize : 61 <-- 0.007474 s
currentSize : 63 <-- 0.008140 s
currentSize : 67 <-- 0.008440 s
currentSize : 71 <-- 0.042016 s
currentSize : 72 <-- 0.042886 s

maxsize : 72
nodes : 11654.000000
filtered : 38758.000000
time : 0.077385
