Parameters: GAD=1 vflib=1 dir=0 label=1 lowerbound=1 fileNameGp=../graphsdb/mcs90/bvg/b03/mcs90_b03_s70.A16 fileNameGt=../graphsdb/mcs90/bvg/b03/mcs90_b03_s70.B16
Reading graphs...
70 :  105
70 :  105
Initializing...
maxdom : 7
D->valSize : 362
Solving...
Blb : 2 (clique : 50)
currentSize : 50 <-- 0.005419 s
currentSize : 53 <-- 0.005865 s
currentSize : 54 <-- 0.006220 s
currentSize : 58 <-- 0.006490 s
currentSize : 62 <-- 0.007687 s

maxsize : 62
nodes : 601.000000
filtered : 2751.000000
time : 0.008442
