Parameters: GAD=1 vflib=1 dir=0 label=1 lowerbound=1 fileNameGp=../graphsdb/mcs90/m2D/m2D/mcs90_m2D_s60.A70 fileNameGt=../graphsdb/mcs90/m2D/m2D/mcs90_m2D_s60.B70
Reading graphs...
60 :  104
60 :  104
Initializing...
maxdom : 6
D->valSize : 247
Solving...
Blb : 5 (clique : 25)
currentSize : 25 <-- 0.001835 s
currentSize : 26 <-- 0.001982 s
currentSize : 29 <-- 0.002027 s
currentSize : 34 <-- 0.020717 s
currentSize : 35 <-- 0.021957 s
currentSize : 36 <-- 0.063386 s
currentSize : 39 <-- 0.066361 s
currentSize : 40 <-- 0.088509 s
currentSize : 44 <-- 0.091466 s
currentSize : 45 <-- 0.094928 s
currentSize : 49 <-- 0.095149 s

maxsize : 49
nodes : 23639.000000
filtered : 89256.000000
time : 0.095570
