Parameters: GAD=1 vflib=1 dir=0 label=1 lowerbound=1 fileNameGp=../graphsdb/mcs90/m2D/m2Dr4/mcs90_m2Dr4_s80.A79 fileNameGt=../graphsdb/mcs90/m2D/m2Dr4/mcs90_m2Dr4_s80.B79
Reading graphs...
80 :  174
80 :  171
Initializing...
maxdom : 11
D->valSize : 461
Solving...
Blb : 3 (clique : 36)
currentSize : 36 <-- 0.004839 s
currentSize : 37 <-- 2.684557 s
currentSize : 38 <-- 7.082799 s
currentSize : 40 <-- 20.377375 s
currentSize : 41 <-- 20.385439 s
currentSize : 42 <-- 20.403820 s
currentSize : 44 <-- 20.409992 s
currentSize : 45 <-- 21.139652 s
currentSize : 47 <-- 21.261683 s
currentSize : 49 <-- 27.404100 s
currentSize : 53 <-- 29.698145 s
currentSize : 55 <-- 32.787663 s
currentSize : 60 <-- 32.914570 s
currentSize : 64 <-- 32.937725 s

maxsize : 64
nodes : 6232941.000000
filtered : 47532192.000000
time : 33.001266
