Parameters: GAD=1 vflib=1 dir=0 label=1 lowerbound=1 fileNameGp=../graphsdb/mcs90/rand/r01/mcs90_r01_s100.A68 fileNameGt=../graphsdb/mcs90/rand/r01/mcs90_r01_s100.B68
Reading graphs...
100 :  934
100 :  932
Initializing...
maxdom : 9
D->valSize : 420
Solving...
Blb : 3 (clique : 70)
currentSize : 70 <-- 0.007259 s
currentSize : 71 <-- 0.009823 s
currentSize : 72 <-- 0.176473 s
currentSize : 73 <-- 1.267618 s
currentSize : 74 <-- 1.536837 s

maxsize : 74
nodes : 448022562.000000
filtered : 139397957.000000
time : 1656.912109
