Parameters: GAD=1 vflib=1 dir=0 label=1 lowerbound=1 fileNameGp=../graphsdb/mcs90/m2D/m2D/mcs90_m2D_s60.A10 fileNameGt=../graphsdb/mcs90/m2D/m2D/mcs90_m2D_s60.B10
Reading graphs...
60 :  104
60 :  104
Initializing...
maxdom : 7
D->valSize : 270
Solving...
Blb : 2 (clique : 39)
currentSize : 39 <-- 0.002275 s
currentSize : 40 <-- 0.002517 s
currentSize : 41 <-- 0.004715 s
currentSize : 43 <-- 0.004810 s
currentSize : 44 <-- 0.004879 s
currentSize : 45 <-- 0.097512 s
currentSize : 46 <-- 0.134736 s
currentSize : 48 <-- 0.242353 s
currentSize : 49 <-- 0.242445 s

maxsize : 49
nodes : 77611.000000
filtered : 325672.000000
time : 0.282794
