Parameters: GAD=1 vflib=1 dir=0 label=1 lowerbound=1 fileNameGp=../graphsdb/mcs90/m2D/m2Dr6/mcs90_m2Dr6_s20.A77 fileNameGt=../graphsdb/mcs90/m2D/m2Dr6/mcs90_m2Dr6_s20.B77
Reading graphs...
20 :  41
20 :  40
Initializing...
maxdom : 6
D->valSize : 98
Solving...
Blb : 5 (clique : 8)
currentSize : 8 <-- 0.000614 s
currentSize : 9 <-- 0.000767 s
currentSize : 10 <-- 0.000988 s
currentSize : 12 <-- 0.001007 s
currentSize : 13 <-- 0.001648 s
currentSize : 15 <-- 0.001707 s

maxsize : 15
nodes : 496.000000
filtered : 4185.000000
time : 0.001830
