Parameters: GAD=1 vflib=1 dir=0 label=1 lowerbound=1 fileNameGp=../graphsdb/mcs90/bvg/b09/mcs90_b09_s50.A64 fileNameGt=../graphsdb/mcs90/bvg/b09/mcs90_b09_s50.B64
Reading graphs...
50 :  223
50 :  224
Initializing...
maxdom : 10
D->valSize : 344
Solving...
Blb : 2 (clique : 17)
currentSize : 17 <-- 0.002537 s
currentSize : 18 <-- 0.002643 s
currentSize : 20 <-- 0.002690 s
currentSize : 23 <-- 0.003126 s
currentSize : 28 <-- 0.003209 s
currentSize : 31 <-- 0.004086 s
currentSize : 44 <-- 0.018083 s

maxsize : 44
nodes : 3857.000000
filtered : 42761.000000
time : 0.018338
