Parameters: GAD=1 vflib=1 dir=0 label=1 lowerbound=1 fileNameGp=../graphsdb/mcs90/bvg/b06m/mcs90_b06m_s70.A92 fileNameGt=../graphsdb/mcs90/bvg/b06m/mcs90_b06m_s70.B92
Reading graphs...
70 :  206
70 :  206
Initializing...
maxdom : 7
D->valSize : 340
Solving...
Blb : 3 (clique : 50)
currentSize : 50 <-- 0.003091 s
currentSize : 53 <-- 0.059787 s
currentSize : 54 <-- 0.124370 s
currentSize : 55 <-- 0.134178 s
currentSize : 60 <-- 0.155994 s

maxsize : 60
nodes : 49952.000000
filtered : 247284.000000
time : 0.198659
