Parameters: GAD=1 vflib=1 dir=0 label=1 lowerbound=1 fileNameGp=../graphsdb/mcs90/bvg/b03m/mcs90_b03m_s70.A15 fileNameGt=../graphsdb/mcs90/bvg/b03m/mcs90_b03m_s70.B15
Reading graphs...
70 :  102
70 :  101
Initializing...
maxdom : 8
D->valSize : 360
Solving...
Blb : 2 (clique : 44)
currentSize : 44 <-- 0.003287 s
currentSize : 45 <-- 0.037453 s
currentSize : 48 <-- 0.065067 s
currentSize : 49 <-- 0.090065 s
currentSize : 50 <-- 0.090231 s
currentSize : 52 <-- 0.110523 s
currentSize : 53 <-- 0.110662 s
currentSize : 56 <-- 0.123435 s
currentSize : 60 <-- 0.125512 s
currentSize : 61 <-- 0.128545 s

maxsize : 61
nodes : 29735.000000
filtered : 127978.000000
time : 0.128976
