Parameters: GAD=1 vflib=1 dir=0 label=1 lowerbound=1 fileNameGp=../graphsdb/mcs90/bvg/b06/mcs90_b06_s90.A37 fileNameGt=../graphsdb/mcs90/bvg/b06/mcs90_b06_s90.B37
Reading graphs...
90 :  270
90 :  270
Initializing...
maxdom : 10
D->valSize : 582
Solving...
Blb : 2 (clique : 53)
currentSize : 53 <-- 0.011684 s
currentSize : 56 <-- 0.012574 s
currentSize : 58 <-- 0.012891 s
currentSize : 60 <-- 0.140969 s
currentSize : 61 <-- 1.487170 s
currentSize : 64 <-- 5.104138 s
currentSize : 67 <-- 5.104321 s
currentSize : 69 <-- 5.134976 s
currentSize : 74 <-- 5.756285 s
currentSize : 81 <-- 5.756728 s

maxsize : 81
nodes : 1094601.000000
filtered : 6623133.000000
time : 5.777841
