Parameters: GAD=1 vflib=1 dir=0 label=1 lowerbound=1 fileNameGp=../graphsdb/mcs90/rand/r02/mcs90_r02_s90.A51 fileNameGt=../graphsdb/mcs90/rand/r02/mcs90_r02_s90.B51
Reading graphs...
90 :  1443
90 :  1432
Initializing...
maxdom : 11
D->valSize : 566
Solving...
Blb : 3 (clique : 30)
currentSize : 30 <-- 0.006256 s
currentSize : 32 <-- 0.006510 s
currentSize : 53 <-- 0.136653 s
currentSize : 54 <-- 0.136736 s
currentSize : 55 <-- 0.143784 s
currentSize : 56 <-- 3.585549 s
currentSize : 57 <-- 32.218704 s

maxsize : 57
nodes : 680114968.000000
filtered : 174563983.000000
time : 2395.339111
