Parameters: GAD=1 vflib=1 dir=0 label=1 lowerbound=1 fileNameGp=../graphsdb/mcs90/m2D/m2D/mcs90_m2D_s30.A61 fileNameGt=../graphsdb/mcs90/m2D/m2D/mcs90_m2D_s30.B61
Reading graphs...
30 :  49
30 :  49
Initializing...
maxdom : 9
D->valSize : 167
Solving...
Blb : 3 (clique : 12)
currentSize : 12 <-- 0.000870 s
currentSize : 13 <-- 0.001009 s
currentSize : 14 <-- 0.001367 s
currentSize : 16 <-- 0.001574 s
currentSize : 17 <-- 0.001696 s
currentSize : 19 <-- 0.001826 s
currentSize : 20 <-- 0.001863 s
currentSize : 21 <-- 0.002355 s
currentSize : 25 <-- 0.002515 s

maxsize : 25
nodes : 635.000000
filtered : 4219.000000
time : 0.002590
