Parameters: GAD=1 vflib=1 dir=0 label=1 lowerbound=1 fileNameGp=../graphsdb/mcs90/m2D/m2D/mcs90_m2D_s80.A74 fileNameGt=../graphsdb/mcs90/m2D/m2D/mcs90_m2D_s80.B74
Reading graphs...
80 :  142
80 :  142
Initializing...
maxdom : 9
D->valSize : 432
Solving...
Blb : 2 (clique : 34)
currentSize : 34 <-- 0.007071 s
currentSize : 47 <-- 0.007504 s
currentSize : 48 <-- 0.007664 s
currentSize : 49 <-- 0.007788 s
currentSize : 50 <-- 0.021044 s
currentSize : 51 <-- 0.022457 s
currentSize : 52 <-- 0.026507 s
currentSize : 53 <-- 0.033014 s
currentSize : 56 <-- 0.042752 s
currentSize : 57 <-- 0.044834 s
currentSize : 58 <-- 19.176464 s
currentSize : 60 <-- 19.176605 s
currentSize : 61 <-- 19.311859 s
currentSize : 64 <-- 19.312716 s

maxsize : 64
nodes : 4513475.000000
filtered : 21229719.000000
time : 20.752424
