Parameters: GAD=1 vflib=1 dir=0 label=1 lowerbound=1 fileNameGp=../graphsdb/mcs90/m2D/m2D/mcs90_m2D_s100.A19 fileNameGt=../graphsdb/mcs90/m2D/m2D/mcs90_m2D_s100.B19
Reading graphs...
100 :  180
100 :  180
Initializing...
maxdom : 6
D->valSize : 373
Solving...
Blb : 3 (clique : 54)
currentSize : 54 <-- 0.006353 s
currentSize : 57 <-- 0.078567 s
currentSize : 58 <-- 0.085042 s
currentSize : 61 <-- 0.118609 s
currentSize : 63 <-- 0.151561 s
currentSize : 64 <-- 0.169179 s
currentSize : 67 <-- 0.169428 s
currentSize : 68 <-- 0.219950 s
currentSize : 69 <-- 0.239632 s
currentSize : 72 <-- 0.240584 s
currentSize : 73 <-- 0.240988 s
currentSize : 76 <-- 0.289232 s
currentSize : 77 <-- 0.289521 s
currentSize : 80 <-- 0.369821 s
currentSize : 81 <-- 0.370127 s

maxsize : 81
nodes : 72972.000000
filtered : 233422.000000
time : 0.402865
