Parameters: GAD=1 vflib=1 dir=0 label=1 lowerbound=1 fileNameGp=../graphsdb/mcs90/rand/r005/mcs90_r005_s90.A12 fileNameGt=../graphsdb/mcs90/rand/r005/mcs90_r005_s90.B12
Reading graphs...
90 :  389
90 :  389
Initializing...
maxdom : 13
D->valSize : 617
Solving...
Blb : 2 (clique : 41)
currentSize : 41 <-- 0.012518 s
currentSize : 43 <-- 0.013144 s
currentSize : 45 <-- 0.021409 s
currentSize : 50 <-- 0.021729 s
currentSize : 53 <-- 0.022268 s
currentSize : 54 <-- 0.116308 s
currentSize : 59 <-- 0.116706 s
currentSize : 62 <-- 0.117169 s
currentSize : 78 <-- 0.168486 s

maxsize : 78
nodes : 17960.000000
filtered : 176222.000000
time : 0.192451
