Parameters: GAD=1 vflib=1 dir=0 label=1 lowerbound=1 fileNameGp=../graphsdb/mcs90/m3D/m3Dr2/mcs90_m3Dr2_s80.A68 fileNameGt=../graphsdb/mcs90/m3D/m3Dr2/mcs90_m3Dr2_s80.B68
Reading graphs...
80 :  200
80 :  199
Initializing...
maxdom : 10
D->valSize : 481
Solving...
Blb : 3 (clique : 50)
currentSize : 50 <-- 0.008738 s
currentSize : 52 <-- 0.009289 s
currentSize : 57 <-- 0.023993 s
currentSize : 58 <-- 0.188822 s
currentSize : 59 <-- 0.215169 s
currentSize : 64 <-- 0.217454 s

maxsize : 64
nodes : 121500.000000
filtered : 696287.000000
time : 0.575514
