Parameters: GAD=1 vflib=1 dir=0 label=1 lowerbound=1 fileNameGp=../graphsdb/mcs90/bvg/b06/mcs90_b06_s70.A73 fileNameGt=../graphsdb/mcs90/bvg/b06/mcs90_b06_s70.B73
Reading graphs...
70 :  209
70 :  210
Initializing...
maxdom : 9
D->valSize : 342
Solving...
Blb : 2 (clique : 44)
currentSize : 44 <-- 0.004762 s
currentSize : 46 <-- 0.005132 s
currentSize : 49 <-- 0.005284 s
currentSize : 55 <-- 0.006549 s
currentSize : 63 <-- 0.008696 s

maxsize : 63
nodes : 717.000000
filtered : 4763.000000
time : 0.009151
