Parameters: GAD=1 vflib=1 dir=0 label=1 lowerbound=1 fileNameGp=../graphsdb/mcs90/bvg/b03/mcs90_b03_s35.A98 fileNameGt=../graphsdb/mcs90/bvg/b03/mcs90_b03_s35.B98
Reading graphs...
35 :  51
35 :  52
Initializing...
maxdom : 11
D->valSize : 226
Solving...
Blb : 2 (clique : 22)
currentSize : 22 <-- 0.001347 s
currentSize : 24 <-- 0.001473 s
currentSize : 28 <-- 0.001534 s
currentSize : 29 <-- 0.001668 s
currentSize : 30 <-- 0.001706 s

maxsize : 30
nodes : 307.000000
filtered : 1684.000000
time : 0.001894
