Parameters: GAD=1 vflib=1 dir=0 label=1 lowerbound=1 fileNameGp=../graphsdb/mcs90/m2D/m2D/mcs90_m2D_s30.A30 fileNameGt=../graphsdb/mcs90/m2D/m2D/mcs90_m2D_s30.B30
Reading graphs...
30 :  49
30 :  49
Initializing...
maxdom : 6
D->valSize : 116
Solving...
Blb : 2 (clique : 12)
currentSize : 12 <-- 0.000649 s
currentSize : 13 <-- 0.000712 s
currentSize : 14 <-- 0.000860 s
currentSize : 16 <-- 0.001090 s
currentSize : 17 <-- 0.001289 s
currentSize : 19 <-- 0.001941 s
currentSize : 20 <-- 0.003602 s
currentSize : 22 <-- 0.003784 s
currentSize : 25 <-- 0.003824 s

maxsize : 25
nodes : 1563.000000
filtered : 5651.000000
time : 0.004244
