Parameters: GAD=1 vflib=1 dir=0 label=1 lowerbound=1 fileNameGp=../graphsdb/mcs90/bvg/b06/mcs90_b06_s80.A66 fileNameGt=../graphsdb/mcs90/bvg/b06/mcs90_b06_s80.B66
Reading graphs...
80 :  240
80 :  239
Initializing...
maxdom : 7
D->valSize : 437
Solving...
Blb : 2 (clique : 55)
currentSize : 55 <-- 0.004471 s
currentSize : 58 <-- 0.004786 s
currentSize : 62 <-- 0.004990 s
currentSize : 65 <-- 0.005208 s
currentSize : 72 <-- 0.005465 s

maxsize : 72
nodes : 770.000000
filtered : 4530.000000
time : 0.007460
