Parameters: GAD=1 vflib=1 dir=0 label=1 lowerbound=1 fileNameGp=../graphsdb/mcs90/bvg/b03/mcs90_b03_s100.A06 fileNameGt=../graphsdb/mcs90/bvg/b03/mcs90_b03_s100.B06
Reading graphs...
100 :  150
100 :  150
Initializing...
maxdom : 6
D->valSize : 387
Solving...
Blb : 2 (clique : 82)
currentSize : 82 <-- 0.004450 s
currentSize : 83 <-- 0.004949 s
currentSize : 86 <-- 0.007904 s
currentSize : 87 <-- 0.008072 s
currentSize : 89 <-- 0.009417 s
currentSize : 90 <-- 0.009572 s

maxsize : 90
nodes : 2010.000000
filtered : 4934.000000
time : 0.012774
