Parameters: GAD=1 vflib=1 dir=0 label=1 lowerbound=1 fileNameGp=../graphsdb/mcs90/m2D/m2Dr4/mcs90_m2Dr4_s70.A23 fileNameGt=../graphsdb/mcs90/m2D/m2Dr4/mcs90_m2Dr4_s70.B23
Reading graphs...
70 :  151
70 :  150
Initializing...
maxdom : 8
D->valSize : 353
Solving...
Blb : 2 (clique : 48)
currentSize : 48 <-- 0.003171 s
currentSize : 49 <-- 0.003435 s
currentSize : 53 <-- 0.003746 s
currentSize : 54 <-- 0.003835 s
currentSize : 64 <-- 0.005288 s

maxsize : 64
nodes : 711.000000
filtered : 3800.000000
time : 0.005540
