Parameters: GAD=1 vflib=1 dir=0 label=1 lowerbound=1 fileNameGp=../graphsdb/mcs90/m2D/m2Dr6/mcs90_m2Dr6_s90.A85 fileNameGt=../graphsdb/mcs90/m2D/m2Dr6/mcs90_m2Dr6_s90.B85
Reading graphs...
90 :  215
90 :  214
Initializing...
maxdom : 11
D->valSize : 576
Solving...
Blb : 2 (clique : 43)
currentSize : 43 <-- 0.006929 s
currentSize : 44 <-- 0.011160 s
currentSize : 48 <-- 0.022965 s
currentSize : 49 <-- 0.272531 s
currentSize : 50 <-- 0.573593 s
currentSize : 54 <-- 0.577946 s
currentSize : 57 <-- 1.700910 s
currentSize : 58 <-- 2.211481 s
currentSize : 62 <-- 2.268426 s
currentSize : 63 <-- 2.269229 s
currentSize : 69 <-- 2.713076 s
currentSize : 70 <-- 2.847408 s
currentSize : 75 <-- 2.859643 s
currentSize : 76 <-- 2.932007 s
currentSize : 81 <-- 2.947573 s

maxsize : 81
nodes : 534586.000000
filtered : 3504318.000000
time : 2.948546
