Parameters: GAD=1 vflib=1 dir=0 label=1 lowerbound=1 fileNameGp=../graphsdb/mcs90/bvg/b03m/mcs90_b03m_s50.A11 fileNameGt=../graphsdb/mcs90/bvg/b03m/mcs90_b03m_s50.B11
Reading graphs...
50 :  73
50 :  73
Initializing...
maxdom : 9
D->valSize : 337
Solving...
Blb : 2 (clique : 33)
currentSize : 33 <-- 0.002561 s
currentSize : 34 <-- 0.002755 s
currentSize : 36 <-- 0.003064 s
currentSize : 38 <-- 0.003125 s
currentSize : 42 <-- 0.003496 s
currentSize : 44 <-- 0.004766 s

maxsize : 44
nodes : 792.000000
filtered : 5379.000000
time : 0.005142
