Parameters: GAD=1 vflib=1 dir=0 label=1 lowerbound=1 fileNameGp=../graphsdb/mcs90/m2D/m2D/mcs90_m2D_s100.A18 fileNameGt=../graphsdb/mcs90/m2D/m2D/mcs90_m2D_s100.B18
Reading graphs...
100 :  180
100 :  180
Initializing...
maxdom : 10
D->valSize : 434
Solving...
Blb : 2 (clique : 69)
currentSize : 69 <-- 0.009106 s
currentSize : 72 <-- 0.009575 s
currentSize : 73 <-- 0.009868 s
currentSize : 74 <-- 0.010316 s
currentSize : 79 <-- 0.010747 s
currentSize : 81 <-- 0.012665 s

maxsize : 81
nodes : 38048.000000
filtered : 164474.000000
time : 0.221907
