Parameters: GAD=1 vflib=1 dir=0 label=1 lowerbound=1 fileNameGp=../graphsdb/mcs90/m4D/m4D/mcs90_m4D_s90.A21 fileNameGt=../graphsdb/mcs90/m4D/m4D/mcs90_m4D_s90.B21
Reading graphs...
90 :  206
90 :  206
Initializing...
maxdom : 10
D->valSize : 598
Solving...
Blb : 2 (clique : 74)
currentSize : 74 <-- 0.007645 s
currentSize : 75 <-- 0.010311 s
currentSize : 76 <-- 0.010340 s
currentSize : 77 <-- 0.010384 s
currentSize : 80 <-- 0.010606 s

maxsize : 80
nodes : 967370.000000
filtered : 5496335.000000
time : 4.878560
