Parameters: GAD=1 vflib=1 dir=0 label=1 lowerbound=1 fileNameGp=../graphsdb/mcs90/m4D/m4D/mcs90_m4D_s100.A44 fileNameGt=../graphsdb/mcs90/m4D/m4D/mcs90_m4D_s100.B44
Reading graphs...
100 :  219
100 :  219
Initializing...
maxdom : 7
D->valSize : 384
Solving...
Blb : 3 (clique : 71)
currentSize : 71 <-- 0.007287 s
currentSize : 72 <-- 0.147691 s
currentSize : 73 <-- 0.148025 s
currentSize : 74 <-- 0.260412 s
currentSize : 75 <-- 0.260857 s
currentSize : 76 <-- 0.261845 s
currentSize : 77 <-- 0.262184 s
currentSize : 78 <-- 4.178832 s
currentSize : 79 <-- 7.541001 s
currentSize : 80 <-- 24.195026 s

maxsize : 80
nodes : 7161947.000000
filtered : 24612351.000000
time : 35.730953
