Parameters: GAD=1 vflib=1 dir=0 label=1 lowerbound=1 fileNameGp=../graphsdb/mcs90/bvg/b09/mcs90_b09_s15.A44 fileNameGt=../graphsdb/mcs90/bvg/b09/mcs90_b09_s15.B44
Reading graphs...
15 :  66
15 :  66
Initializing...
maxdom : 8
D->valSize : 112
Solving...
Blb : 2 (clique : 5)
currentSize : 5 <-- 0.000581 s
currentSize : 6 <-- 0.000607 s
currentSize : 8 <-- 0.000913 s
currentSize : 10 <-- 0.000957 s
currentSize : 12 <-- 0.001038 s

maxsize : 12
nodes : 246.000000
filtered : 3012.000000
time : 0.001143
