Parameters: GAD=1 vflib=1 dir=0 label=1 lowerbound=1 fileNameGp=../graphsdb/mcs90/bvg/b03/mcs90_b03_s25.A05 fileNameGt=../graphsdb/mcs90/bvg/b03/mcs90_b03_s25.B05
Reading graphs...
25 :  37
25 :  37
Initializing...
maxdom : 9
D->valSize : 160
Solving...
Blb : 2 (clique : 11)
currentSize : 11 <-- 0.000858 s
currentSize : 14 <-- 0.001011 s
currentSize : 17 <-- 0.001084 s
currentSize : 19 <-- 0.001802 s
currentSize : 22 <-- 0.001841 s

maxsize : 22
nodes : 460.000000
filtered : 2981.000000
time : 0.001911
