Parameters: GAD=1 vflib=1 dir=0 label=1 lowerbound=1 fileNameGp=../graphsdb/mcs90/bvg/b03/mcs90_b03_s90.A27 fileNameGt=../graphsdb/mcs90/bvg/b03/mcs90_b03_s90.B27
Reading graphs...
90 :  135
90 :  135
Initializing...
maxdom : 9
D->valSize : 590
Solving...
Blb : 2 (clique : 66)
currentSize : 66 <-- 0.007883 s
currentSize : 68 <-- 0.008439 s
currentSize : 70 <-- 0.009031 s
currentSize : 73 <-- 0.015708 s
currentSize : 75 <-- 0.016684 s
currentSize : 76 <-- 0.018478 s
currentSize : 79 <-- 0.018926 s
currentSize : 80 <-- 1.315332 s

maxsize : 80
nodes : 289368.000000
filtered : 1439420.000000
time : 1.468339
