Parameters: GAD=1 vflib=1 dir=0 label=1 lowerbound=1 fileNameGp=../graphsdb/mcs90/rand/r02/mcs90_r02_s100.A86 fileNameGt=../graphsdb/mcs90/rand/r02/mcs90_r02_s100.B86
Reading graphs...
100 :  1771
100 :  1767
Initializing...
maxdom : 6
D->valSize : 394
Solving...
Blb : 2 (clique : 27)
currentSize : 27 <-- 0.004086 s
currentSize : 28 <-- 0.009981 s
currentSize : 51 <-- 0.319594 s
currentSize : 52 <-- 0.329996 s
currentSize : 53 <-- 0.365825 s
currentSize : 54 <-- 16.719545 s
currentSize : 55 <-- 64.372353 s

TIMEOUT
maxsize : 55
nodes : 877852938.000000
filtered : 423786008.000000
time : 3600.000000
