Parameters: GAD=1 vflib=1 dir=0 label=1 lowerbound=1 fileNameGp=../graphsdb/mcs90/bvg/b03/mcs90_b03_s100.A34 fileNameGt=../graphsdb/mcs90/bvg/b03/mcs90_b03_s100.B34
Reading graphs...
100 :  150
100 :  150
Initializing...
maxdom : 8
D->valSize : 378
Solving...
Blb : 2 (clique : 75)
currentSize : 75 <-- 0.004232 s
currentSize : 78 <-- 0.012445 s
currentSize : 79 <-- 0.449367 s
currentSize : 83 <-- 0.452328 s
currentSize : 86 <-- 0.505730 s
currentSize : 90 <-- 0.518867 s

maxsize : 90
nodes : 107462.000000
filtered : 282226.000000
time : 0.520834
