Parameters: GAD=1 vflib=1 dir=0 label=1 lowerbound=1 fileNameGp=../graphsdb/mcs90/m4D/m4D/mcs90_m4D_s100.A94 fileNameGt=../graphsdb/mcs90/m4D/m4D/mcs90_m4D_s100.B94
Reading graphs...
100 :  219
100 :  219
Initializing...
maxdom : 8
D->valSize : 402
Solving...
Blb : 3 (clique : 75)
currentSize : 75 <-- 0.004843 s
currentSize : 76 <-- 0.259384 s
currentSize : 77 <-- 5.883984 s
currentSize : 78 <-- 18.178968 s
currentSize : 79 <-- 18.511936 s
currentSize : 80 <-- 23.042652 s

maxsize : 80
nodes : 6872166.000000
filtered : 31295539.000000
time : 36.347172
