Parameters: GAD=1 vflib=1 dir=0 label=1 lowerbound=1 fileNameGp=../graphsdb/mcs90/m2D/m2Dr6/mcs90_m2Dr6_s100.A93 fileNameGt=../graphsdb/mcs90/m2D/m2Dr6/mcs90_m2Dr6_s100.B93
Reading graphs...
100 :  240
100 :  238
Initializing...
maxdom : 6
D->valSize : 386
Solving...
Blb : 3 (clique : 58)
currentSize : 58 <-- 0.004214 s
currentSize : 60 <-- 0.206962 s
currentSize : 61 <-- 0.207120 s
currentSize : 62 <-- 2.009157 s
currentSize : 66 <-- 2.013117 s
currentSize : 67 <-- 2.013263 s
currentSize : 68 <-- 5.792389 s
currentSize : 70 <-- 5.792553 s
currentSize : 71 <-- 6.317890 s
currentSize : 74 <-- 6.318362 s
currentSize : 76 <-- 6.318535 s
currentSize : 79 <-- 6.847995 s
currentSize : 81 <-- 6.848196 s

maxsize : 81
nodes : 1316351.000000
filtered : 4735869.000000
time : 6.913298
