Parameters: GAD=1 vflib=1 dir=0 label=1 lowerbound=1 fileNameGp=../graphsdb/mcs90/bvg/b03m/mcs90_b03m_s70.A92 fileNameGt=../graphsdb/mcs90/bvg/b03m/mcs90_b03m_s70.B92
Reading graphs...
70 :  104
70 :  104
Initializing...
maxdom : 11
D->valSize : 372
Solving...
Blb : 2 (clique : 54)
currentSize : 54 <-- 0.005783 s
currentSize : 56 <-- 0.006235 s
currentSize : 57 <-- 0.006466 s
currentSize : 59 <-- 0.006610 s
currentSize : 60 <-- 0.007088 s
currentSize : 62 <-- 0.007233 s

maxsize : 62
nodes : 927.000000
filtered : 4002.000000
time : 0.010591
