Parameters: GAD=1 vflib=1 dir=0 label=1 lowerbound=1 fileNameGp=../graphsdb/mcs90/m3D/m3D/mcs90_m3D_s80.A02 fileNameGt=../graphsdb/mcs90/m3D/m3D/mcs90_m3D_s80.B02
Reading graphs...
80 :  184
80 :  184
Initializing...
maxdom : 9
D->valSize : 448
Solving...
Blb : 2 (clique : 47)
currentSize : 47 <-- 0.007738 s
currentSize : 51 <-- 0.030378 s
currentSize : 52 <-- 0.253654 s
currentSize : 53 <-- 0.253803 s
currentSize : 58 <-- 0.304406 s
currentSize : 63 <-- 2.351059 s
currentSize : 64 <-- 2.351228 s

maxsize : 64
nodes : 521284.000000
filtered : 2302913.000000
time : 2.568673
