Parameters: GAD=1 vflib=1 dir=0 label=1 lowerbound=1 fileNameGp=../graphsdb/mcs90/m2D/m2Dr6/mcs90_m2Dr6_s100.A70 fileNameGt=../graphsdb/mcs90/m2D/m2Dr6/mcs90_m2Dr6_s100.B70
Reading graphs...
100 :  240
100 :  238
Initializing...
maxdom : 6
D->valSize : 369
Solving...
Blb : 3 (clique : 53)
currentSize : 53 <-- 0.003959 s
currentSize : 56 <-- 0.006142 s
currentSize : 57 <-- 0.014442 s
currentSize : 58 <-- 0.015349 s
currentSize : 59 <-- 0.015508 s
currentSize : 61 <-- 0.034612 s
currentSize : 63 <-- 0.836114 s
currentSize : 65 <-- 0.839642 s
currentSize : 66 <-- 1.743310 s
currentSize : 71 <-- 1.765356 s
currentSize : 73 <-- 1.851544 s
currentSize : 75 <-- 2.176774 s
currentSize : 81 <-- 2.178788 s

maxsize : 81
nodes : 468890.000000
filtered : 1779078.000000
time : 2.524069
