Parameters: GAD=1 vflib=1 dir=0 label=1 lowerbound=1 fileNameGp=../graphsdb/mcs90/m2D/m2Dr2/mcs90_m2Dr2_s90.A08 fileNameGt=../graphsdb/mcs90/m2D/m2Dr2/mcs90_m2Dr2_s90.B08
Reading graphs...
90 :  178
90 :  176
Initializing...
maxdom : 11
D->valSize : 561
Solving...
Blb : 2 (clique : 62)
currentSize : 62 <-- 0.006914 s
currentSize : 67 <-- 0.007973 s
currentSize : 69 <-- 0.012456 s
currentSize : 74 <-- 0.013142 s
currentSize : 79 <-- 0.138907 s
currentSize : 80 <-- 0.139100 s

maxsize : 80
nodes : 50042.000000
filtered : 284072.000000
time : 0.249873
