Parameters: GAD=1 vflib=1 dir=0 label=1 lowerbound=1 fileNameGp=../graphsdb/mcs90/m2D/m2Dr4/mcs90_m2Dr4_s100.A22 fileNameGt=../graphsdb/mcs90/m2D/m2Dr4/mcs90_m2Dr4_s100.B22
Reading graphs...
100 :  220
100 :  217
Initializing...
maxdom : 6
D->valSize : 365
Solving...
Blb : 2 (clique : 59)
currentSize : 59 <-- 0.004061 s
currentSize : 62 <-- 0.004457 s
currentSize : 65 <-- 0.004678 s
currentSize : 68 <-- 0.004908 s
currentSize : 71 <-- 0.005231 s
currentSize : 74 <-- 0.005498 s
currentSize : 76 <-- 0.346787 s
currentSize : 79 <-- 0.347118 s
currentSize : 81 <-- 1.800503 s

maxsize : 81
nodes : 428369.000000
filtered : 1366936.000000
time : 2.174415
