Parameters: GAD=1 vflib=1 dir=0 label=1 lowerbound=1 fileNameGp=../graphsdb/mcs90/m2D/m2Dr6/mcs90_m2Dr6_s20.A18 fileNameGt=../graphsdb/mcs90/m2D/m2Dr6/mcs90_m2Dr6_s20.B18
Reading graphs...
20 :  42
20 :  38
Initializing...
maxdom : 8
D->valSize : 128
Solving...
Blb : 5 (clique : 8)
currentSize : 8 <-- 0.000669 s
currentSize : 9 <-- 0.001007 s
currentSize : 10 <-- 0.001096 s
currentSize : 11 <-- 0.001482 s
currentSize : 13 <-- 0.001513 s
currentSize : 16 <-- 0.001709 s

maxsize : 16
nodes : 483.000000
filtered : 3701.000000
time : 0.001779
