Parameters: GAD=1 vflib=1 dir=0 label=1 lowerbound=1 fileNameGp=../graphsdb/mcs90/m2D/m2Dr6/mcs90_m2Dr6_s100.A31 fileNameGt=../graphsdb/mcs90/m2D/m2Dr6/mcs90_m2Dr6_s100.B31
Reading graphs...
100 :  237
100 :  237
Initializing...
maxdom : 6
D->valSize : 386
Solving...
Blb : 3 (clique : 60)
currentSize : 60 <-- 0.004258 s
currentSize : 61 <-- 0.004710 s
currentSize : 66 <-- 0.022228 s
currentSize : 68 <-- 0.060828 s
currentSize : 69 <-- 0.624674 s
currentSize : 71 <-- 0.663727 s
currentSize : 73 <-- 3.759049 s
currentSize : 77 <-- 3.777532 s
currentSize : 79 <-- 3.779783 s

maxsize : 79
nodes : 1147165.000000
filtered : 3093029.000000
time : 5.284249
