Parameters: GAD=1 vflib=1 dir=0 label=1 lowerbound=1 fileNameGp=../graphsdb/mcs90/m3D/m3Dr6/mcs90_m3Dr6_s80.A68 fileNameGt=../graphsdb/mcs90/m3D/m3Dr6/mcs90_m3Dr6_s80.B68
Reading graphs...
80 :  229
80 :  229
Initializing...
maxdom : 9
D->valSize : 444
Solving...
Blb : 3 (clique : 45)
currentSize : 45 <-- 0.004678 s
currentSize : 48 <-- 0.005104 s
currentSize : 50 <-- 0.510669 s
currentSize : 53 <-- 0.734940 s
currentSize : 58 <-- 0.743845 s
currentSize : 63 <-- 0.847955 s

maxsize : 63
nodes : 182163.000000
filtered : 1392559.000000
time : 1.002736
