Parameters: GAD=1 vflib=1 dir=0 label=1 lowerbound=1 fileNameGp=../graphsdb/mcs90/bvg/b06/mcs90_b06_s90.A36 fileNameGt=../graphsdb/mcs90/bvg/b06/mcs90_b06_s90.B36
Reading graphs...
90 :  270
90 :  270
Initializing...
maxdom : 12
D->valSize : 608
Solving...
Blb : 3 (clique : 38)
currentSize : 38 <-- 0.012498 s
currentSize : 39 <-- 0.048471 s
currentSize : 40 <-- 0.051007 s
currentSize : 41 <-- 1.019109 s
currentSize : 42 <-- 1.019255 s
currentSize : 43 <-- 1.019271 s
currentSize : 44 <-- 1.211633 s
currentSize : 49 <-- 1.258602 s
currentSize : 50 <-- 1.340517 s
currentSize : 53 <-- 1.342662 s
currentSize : 55 <-- 1.343045 s
currentSize : 56 <-- 1.387745 s
currentSize : 57 <-- 1.393117 s
currentSize : 59 <-- 1.393392 s
currentSize : 60 <-- 1.393826 s
currentSize : 62 <-- 1.394122 s
currentSize : 65 <-- 2.094071 s
currentSize : 68 <-- 2.094222 s
currentSize : 71 <-- 2.387650 s
currentSize : 74 <-- 2.387863 s
currentSize : 78 <-- 2.419965 s
currentSize : 81 <-- 2.420350 s

maxsize : 81
nodes : 429573.000000
filtered : 2396959.000000
time : 2.421920
