Parameters: GAD=1 vflib=1 dir=0 label=1 lowerbound=1 fileNameGp=../graphsdb/mcs90/rand/r02/mcs90_r02_s25.A98 fileNameGt=../graphsdb/mcs90/rand/r02/mcs90_r02_s25.B98
Reading graphs...
25 :  110
25 :  106
Initializing...
maxdom : 7
D->valSize : 157
Solving...
Blb : 2 (clique : 7)
currentSize : 7 <-- 0.000746 s
currentSize : 8 <-- 0.000832 s
currentSize : 9 <-- 0.000850 s
currentSize : 10 <-- 0.001327 s
currentSize : 21 <-- 0.001464 s

maxsize : 21
nodes : 357.000000
filtered : 4430.000000
time : 0.001754
