Parameters: GAD=1 vflib=1 dir=0 label=1 lowerbound=1 fileNameGp=../graphsdb/mcs90/m4D/m4Dr6/mcs90_m4Dr6_s100.A80 fileNameGt=../graphsdb/mcs90/m4D/m4Dr6/mcs90_m4Dr6_s100.B80
Reading graphs...
100 :  278
100 :  276
Initializing...
maxdom : 7
D->valSize : 354
Solving...
Blb : 3 (clique : 69)
currentSize : 69 <-- 0.006343 s
currentSize : 72 <-- 0.014661 s
currentSize : 73 <-- 0.501901 s
currentSize : 74 <-- 0.615409 s
currentSize : 78 <-- 0.616967 s
currentSize : 79 <-- 0.617116 s

maxsize : 79
nodes : 201769.000000
filtered : 506472.000000
time : 0.938890
