Parameters: GAD=1 vflib=1 dir=0 label=1 lowerbound=1 fileNameGp=../graphsdb/mcs90/m2D/m2Dr2/mcs90_m2Dr2_s80.A74 fileNameGt=../graphsdb/mcs90/m2D/m2Dr2/mcs90_m2Dr2_s80.B74
Reading graphs...
80 :  157
80 :  158
Initializing...
maxdom : 9
D->valSize : 488
Solving...
Blb : 2 (clique : 40)
currentSize : 40 <-- 0.005219 s
currentSize : 41 <-- 14.852186 s
currentSize : 42 <-- 14.852576 s
currentSize : 43 <-- 14.857076 s
currentSize : 44 <-- 14.857576 s
currentSize : 45 <-- 14.857707 s
currentSize : 46 <-- 14.857900 s
currentSize : 47 <-- 14.858113 s
currentSize : 48 <-- 14.858206 s
currentSize : 49 <-- 15.828401 s
currentSize : 51 <-- 15.828740 s
currentSize : 52 <-- 15.828859 s
currentSize : 53 <-- 19.360088 s
currentSize : 56 <-- 20.361258 s
currentSize : 57 <-- 25.338064 s
currentSize : 60 <-- 25.338810 s
currentSize : 61 <-- 25.338951 s
currentSize : 63 <-- 28.827492 s
currentSize : 64 <-- 28.827644 s

maxsize : 64
nodes : 5619920.000000
filtered : 38327214.000000
time : 29.611422
