Parameters: GAD=1 vflib=1 dir=0 label=1 lowerbound=1 fileNameGp=../graphsdb/mcs90/m2D/m2Dr2/mcs90_m2Dr2_s20.A73 fileNameGt=../graphsdb/mcs90/m2D/m2Dr2/mcs90_m2Dr2_s20.B73
Reading graphs...
20 :  35
20 :  35
Initializing...
maxdom : 6
D->valSize : 108
Solving...
Blb : 2 (clique : 8)
currentSize : 8 <-- 0.000571 s
currentSize : 10 <-- 0.000615 s
currentSize : 11 <-- 0.000695 s
currentSize : 12 <-- 0.000720 s
currentSize : 13 <-- 0.000958 s
currentSize : 16 <-- 0.000974 s

maxsize : 16
nodes : 234.000000
filtered : 1554.000000
time : 0.001076
