Parameters: GAD=1 vflib=1 dir=0 label=1 lowerbound=1 fileNameGp=../graphsdb/mcs90/m2D/m2Dr6/mcs90_m2Dr6_s80.A60 fileNameGt=../graphsdb/mcs90/m2D/m2Dr6/mcs90_m2Dr6_s80.B60
Reading graphs...
80 :  189
80 :  188
Initializing...
maxdom : 11
D->valSize : 468
Solving...
Blb : 2 (clique : 48)
currentSize : 48 <-- 0.008091 s
currentSize : 49 <-- 0.011659 s
currentSize : 50 <-- 0.013943 s
currentSize : 51 <-- 0.019321 s
currentSize : 53 <-- 0.022145 s
currentSize : 55 <-- 0.024464 s
currentSize : 56 <-- 0.031047 s
currentSize : 60 <-- 0.038530 s
currentSize : 63 <-- 0.039734 s

maxsize : 63
nodes : 25400.000000
filtered : 132291.000000
time : 0.162037
