Parameters: GAD=1 vflib=1 dir=0 label=1 lowerbound=1 fileNameGp=../graphsdb/mcs90/m2D/m2Dr6/mcs90_m2Dr6_s100.A19 fileNameGt=../graphsdb/mcs90/m2D/m2Dr6/mcs90_m2Dr6_s100.B19
Reading graphs...
100 :  238
100 :  235
Initializing...
maxdom : 6
D->valSize : 353
Solving...
Blb : 3 (clique : 60)
currentSize : 60 <-- 0.003719 s
currentSize : 63 <-- 0.379279 s
currentSize : 64 <-- 14.464012 s
currentSize : 68 <-- 14.468000 s
currentSize : 71 <-- 14.611984 s
currentSize : 72 <-- 33.803627 s
currentSize : 76 <-- 33.804279 s
currentSize : 79 <-- 33.873859 s
currentSize : 81 <-- 35.928932 s

maxsize : 81
nodes : 8844804.000000
filtered : 19937216.000000
time : 38.496632
