Parameters: GAD=1 vflib=1 dir=0 label=1 lowerbound=1 fileNameGp=../graphsdb/mcs90/m2D/m2Dr2/mcs90_m2Dr2_s80.A28 fileNameGt=../graphsdb/mcs90/m2D/m2Dr2/mcs90_m2Dr2_s80.B28
Reading graphs...
80 :  158
80 :  156
Initializing...
maxdom : 9
D->valSize : 454
Solving...
Blb : 2 (clique : 46)
currentSize : 46 <-- 0.007928 s
currentSize : 48 <-- 0.008496 s
currentSize : 49 <-- 0.009591 s
currentSize : 52 <-- 0.009856 s
currentSize : 53 <-- 0.010047 s
currentSize : 54 <-- 0.013515 s
currentSize : 57 <-- 0.013866 s
currentSize : 58 <-- 0.014076 s
currentSize : 59 <-- 0.399326 s
currentSize : 60 <-- 1.117574 s
currentSize : 62 <-- 1.119899 s
currentSize : 64 <-- 1.122184 s

maxsize : 64
nodes : 327134.000000
filtered : 1636869.000000
time : 1.545775
