Parameters: GAD=1 vflib=1 dir=0 label=1 lowerbound=1 fileNameGp=../graphsdb/mcs90/m2D/m2Dr4/mcs90_m2Dr4_s60.A05 fileNameGt=../graphsdb/mcs90/m2D/m2Dr4/mcs90_m2Dr4_s60.B05
Reading graphs...
60 :  125
60 :  126
Initializing...
maxdom : 8
D->valSize : 261
Solving...
Blb : 2 (clique : 44)
currentSize : 44 <-- 0.002083 s
currentSize : 45 <-- 0.002282 s
currentSize : 46 <-- 0.006030 s
currentSize : 47 <-- 0.009625 s
currentSize : 48 <-- 0.009740 s

maxsize : 48
nodes : 14179.000000
filtered : 52460.000000
time : 0.050658
