Parameters: GAD=1 vflib=1 dir=0 label=1 lowerbound=1 fileNameGp=../graphsdb/mcs90/m2D/m2Dr6/mcs90_m2Dr6_s60.A20 fileNameGt=../graphsdb/mcs90/m2D/m2Dr6/mcs90_m2Dr6_s60.B20
Reading graphs...
60 :  136
60 :  137
Initializing...
maxdom : 7
D->valSize : 253
Solving...
Blb : 2 (clique : 38)
currentSize : 38 <-- 0.001893 s
currentSize : 43 <-- 0.003435 s
currentSize : 45 <-- 0.003536 s
currentSize : 46 <-- 0.023394 s
currentSize : 48 <-- 0.023502 s

maxsize : 48
nodes : 7862.000000
filtered : 30714.000000
time : 0.030538
