Parameters: GAD=1 vflib=1 dir=0 label=1 lowerbound=1 fileNameGp=../graphsdb/mcs90/bvg/b03m/mcs90_b03m_s100.A35 fileNameGt=../graphsdb/mcs90/bvg/b03m/mcs90_b03m_s100.B35
Reading graphs...
100 :  150
100 :  150
Initializing...
maxdom : 8
D->valSize : 385
Solving...
Blb : 2 (clique : 71)
currentSize : 71 <-- 0.004920 s
currentSize : 73 <-- 0.005370 s
currentSize : 77 <-- 0.005652 s
currentSize : 80 <-- 0.006016 s
currentSize : 81 <-- 0.007091 s
currentSize : 85 <-- 0.007508 s
currentSize : 90 <-- 0.019291 s

maxsize : 90
nodes : 3023.000000
filtered : 10126.000000
time : 0.019774
