Parameters: GAD=1 vflib=1 dir=0 label=1 lowerbound=1 fileNameGp=../graphsdb/mcs90/m2D/m2Dr2/mcs90_m2Dr2_s20.A21 fileNameGt=../graphsdb/mcs90/m2D/m2Dr2/mcs90_m2Dr2_s20.B21
Reading graphs...
20 :  35
20 :  35
Initializing...
maxdom : 6
D->valSize : 105
Solving...
Blb : 2 (clique : 7)
currentSize : 7 <-- 0.000509 s
currentSize : 8 <-- 0.000560 s
currentSize : 9 <-- 0.000850 s
currentSize : 10 <-- 0.000941 s
currentSize : 12 <-- 0.001392 s
currentSize : 16 <-- 0.001811 s

maxsize : 16
nodes : 604.000000
filtered : 3905.000000
time : 0.001899
