Parameters: GAD=1 vflib=1 dir=0 label=1 lowerbound=1 fileNameGp=../graphsdb/mcs90/bvg/b03m/mcs90_b03m_s80.A48 fileNameGt=../graphsdb/mcs90/bvg/b03m/mcs90_b03m_s80.B48
Reading graphs...
80 :  119
80 :  119
Initializing...
maxdom : 11
D->valSize : 475
Solving...
Blb : 2 (clique : 62)
currentSize : 62 <-- 0.008823 s
currentSize : 65 <-- 0.009468 s
currentSize : 66 <-- 0.009583 s
currentSize : 68 <-- 0.010729 s
currentSize : 69 <-- 0.010855 s
currentSize : 71 <-- 0.016650 s
currentSize : 72 <-- 0.016776 s

maxsize : 72
nodes : 1931.000000
filtered : 8529.000000
time : 0.022668
