Parameters: GAD=1 vflib=1 dir=0 label=1 lowerbound=1 fileNameGp=../graphsdb/mcs90/bvg/b03/mcs90_b03_s15.A22 fileNameGt=../graphsdb/mcs90/bvg/b03/mcs90_b03_s15.B22
Reading graphs...
15 :  22
15 :  21
Initializing...
maxdom : 11
D->valSize : 116
Solving...
Blb : 2 (clique : 7)
currentSize : 7 <-- 0.000566 s
currentSize : 8 <-- 0.000696 s
currentSize : 9 <-- 0.000834 s
currentSize : 10 <-- 0.000853 s
currentSize : 12 <-- 0.000888 s

maxsize : 12
nodes : 199.000000
filtered : 1606.000000
time : 0.000912
