Parameters: GAD=1 vflib=1 dir=0 label=1 lowerbound=1 fileNameGp=../graphsdb/mcs90/m2D/m2Dr2/mcs90_m2Dr2_s80.A96 fileNameGt=../graphsdb/mcs90/m2D/m2Dr2/mcs90_m2Dr2_s80.B96
Reading graphs...
80 :  158
80 :  158
Initializing...
maxdom : 11
D->valSize : 474
Solving...
Blb : 2 (clique : 51)
currentSize : 51 <-- 0.005103 s
currentSize : 53 <-- 0.005414 s
currentSize : 56 <-- 0.008927 s
currentSize : 59 <-- 0.011616 s
currentSize : 61 <-- 0.180295 s
currentSize : 64 <-- 0.182949 s

maxsize : 64
nodes : 666634.000000
filtered : 2167051.000000
time : 2.619711
