Parameters: GAD=1 vflib=1 dir=0 label=1 lowerbound=1 fileNameGp=../graphsdb/mcs90/bvg/b03/mcs90_b03_s50.A40 fileNameGt=../graphsdb/mcs90/bvg/b03/mcs90_b03_s50.B40
Reading graphs...
50 :  75
50 :  75
Initializing...
maxdom : 12
D->valSize : 381
Solving...
Blb : 2 (clique : 20)
currentSize : 20 <-- 0.002972 s
currentSize : 24 <-- 0.003098 s
currentSize : 25 <-- 0.003121 s
currentSize : 27 <-- 0.006241 s
currentSize : 28 <-- 0.006316 s
currentSize : 30 <-- 0.006959 s
currentSize : 32 <-- 0.013956 s
currentSize : 33 <-- 0.018344 s
currentSize : 35 <-- 0.021901 s
currentSize : 38 <-- 0.021980 s
currentSize : 43 <-- 0.026334 s
currentSize : 44 <-- 0.026377 s

maxsize : 44
nodes : 7553.000000
filtered : 54447.000000
time : 0.033035
