Parameters: GAD=1 vflib=1 dir=0 label=1 lowerbound=1 fileNameGp=../graphsdb/mcs90/bvg/b06/mcs90_b06_s60.A58 fileNameGt=../graphsdb/mcs90/bvg/b06/mcs90_b06_s60.B58
Reading graphs...
60 :  180
60 :  180
Initializing...
maxdom : 5
D->valSize : 244
Solving...
Blb : 2 (clique : 31)
currentSize : 31 <-- 0.001750 s
currentSize : 32 <-- 0.012692 s
currentSize : 34 <-- 0.012922 s
currentSize : 38 <-- 0.037177 s
currentSize : 39 <-- 0.042062 s
currentSize : 46 <-- 0.042162 s
currentSize : 54 <-- 0.047896 s

maxsize : 54
nodes : 11091.000000
filtered : 64160.000000
time : 0.048179
