Parameters: GAD=1 vflib=1 dir=0 label=1 lowerbound=1 fileNameGp=../graphsdb/mcs90/bvg/b03/mcs90_b03_s50.A89 fileNameGt=../graphsdb/mcs90/bvg/b03/mcs90_b03_s50.B89
Reading graphs...
50 :  75
50 :  75
Initializing...
maxdom : 9
D->valSize : 338
Solving...
Blb : 2 (clique : 27)
currentSize : 27 <-- 0.002508 s
currentSize : 32 <-- 0.002663 s
currentSize : 34 <-- 0.002688 s
currentSize : 37 <-- 0.002780 s
currentSize : 38 <-- 0.031729 s
currentSize : 43 <-- 0.041846 s
currentSize : 44 <-- 0.041886 s

maxsize : 44
nodes : 11805.000000
filtered : 64726.000000
time : 0.043227
