Parameters: GAD=1 vflib=1 dir=0 label=1 lowerbound=1 fileNameGp=../graphsdb/mcs90/bvg/b06m/mcs90_b06m_s15.A87 fileNameGt=../graphsdb/mcs90/bvg/b06m/mcs90_b06m_s15.B87
Reading graphs...
15 :  42
15 :  43
Initializing...
maxdom : 8
D->valSize : 114
Solving...
Blb : 2 (clique : 6)
currentSize : 6 <-- 0.000569 s
currentSize : 7 <-- 0.000624 s
currentSize : 8 <-- 0.000635 s
currentSize : 10 <-- 0.000676 s
currentSize : 13 <-- 0.000788 s

maxsize : 13
nodes : 151.000000
filtered : 1321.000000
time : 0.000849
