Parameters: GAD=1 vflib=1 dir=0 label=1 lowerbound=1 fileNameGp=../graphsdb/mcs90/bvg/b09/mcs90_b09_s60.A79 fileNameGt=../graphsdb/mcs90/bvg/b09/mcs90_b09_s60.B79
Reading graphs...
60 :  268
60 :  270
Initializing...
maxdom : 7
D->valSize : 267
Solving...
Blb : 2 (clique : 27)
currentSize : 27 <-- 0.001962 s
currentSize : 30 <-- 0.002104 s
currentSize : 31 <-- 0.002348 s
currentSize : 33 <-- 0.002716 s
currentSize : 34 <-- 0.002788 s
currentSize : 42 <-- 0.003063 s
currentSize : 54 <-- 0.003444 s

maxsize : 54
nodes : 642.000000
filtered : 3143.000000
time : 0.003944
