Parameters: GAD=1 vflib=1 dir=0 label=1 lowerbound=1 fileNameGp=../graphsdb/mcs90/m2D/m2Dr6/mcs90_m2Dr6_s90.A48 fileNameGt=../graphsdb/mcs90/m2D/m2Dr6/mcs90_m2Dr6_s90.B48
Reading graphs...
90 :  215
90 :  212
Initializing...
maxdom : 11
D->valSize : 579
Solving...
Blb : 2 (clique : 67)
currentSize : 67 <-- 0.011363 s
currentSize : 68 <-- 0.011764 s
currentSize : 72 <-- 0.012230 s
currentSize : 74 <-- 0.012538 s
currentSize : 79 <-- 0.013066 s
currentSize : 81 <-- 0.013280 s

maxsize : 81
nodes : 4328.000000
filtered : 34703.000000
time : 0.033928
