Parameters: GAD=1 vflib=1 dir=0 label=1 lowerbound=1 fileNameGp=../graphsdb/mcs90/bvg/b06/mcs90_b06_s35.A21 fileNameGt=../graphsdb/mcs90/bvg/b06/mcs90_b06_s35.B21
Reading graphs...
35 :  105
35 :  104
Initializing...
maxdom : 7
D->valSize : 186
Solving...
Blb : 5 (clique : 13)
currentSize : 13 <-- 0.001030 s
currentSize : 14 <-- 0.001624 s
currentSize : 15 <-- 0.001912 s
currentSize : 16 <-- 0.002402 s
currentSize : 17 <-- 0.002443 s
currentSize : 19 <-- 0.002581 s
currentSize : 20 <-- 0.002748 s
currentSize : 21 <-- 0.003531 s
currentSize : 28 <-- 0.004742 s
currentSize : 31 <-- 0.004812 s

maxsize : 31
nodes : 1575.000000
filtered : 8841.000000
time : 0.005119
