Parameters: GAD=1 vflib=1 dir=0 label=1 lowerbound=1 fileNameGp=../graphsdb/mcs90/bvg/b03/mcs90_b03_s35.A58 fileNameGt=../graphsdb/mcs90/bvg/b03/mcs90_b03_s35.B58
Reading graphs...
35 :  51
35 :  52
Initializing...
maxdom : 8
D->valSize : 168
Solving...
Blb : 2 (clique : 20)
currentSize : 20 <-- 0.001030 s
currentSize : 22 <-- 0.001694 s
currentSize : 23 <-- 0.001840 s
currentSize : 24 <-- 0.006388 s
currentSize : 25 <-- 0.006397 s
currentSize : 26 <-- 0.007064 s
currentSize : 30 <-- 0.008967 s

maxsize : 30
nodes : 2737.000000
filtered : 9339.000000
time : 0.009080
