Parameters: GAD=1 vflib=1 dir=0 label=1 lowerbound=1 fileNameGp=../graphsdb/mcs90/m2D/m2Dr2/mcs90_m2Dr2_s80.A30 fileNameGt=../graphsdb/mcs90/m2D/m2Dr2/mcs90_m2Dr2_s80.B30
Reading graphs...
80 :  158
80 :  158
Initializing...
maxdom : 9
D->valSize : 464
Solving...
Blb : 2 (clique : 55)
currentSize : 55 <-- 0.004990 s
currentSize : 56 <-- 0.005321 s
currentSize : 57 <-- 0.005504 s
currentSize : 58 <-- 0.011723 s
currentSize : 59 <-- 0.011841 s
currentSize : 60 <-- 0.011999 s
currentSize : 61 <-- 0.012128 s
currentSize : 62 <-- 0.025199 s
currentSize : 64 <-- 0.025389 s

maxsize : 64
nodes : 175642.000000
filtered : 1027750.000000
time : 0.883758
