Parameters: GAD=1 vflib=1 dir=0 label=1 lowerbound=1 fileNameGp=../graphsdb/mcs90/bvg/b03/mcs90_b03_s70.A04 fileNameGt=../graphsdb/mcs90/bvg/b03/mcs90_b03_s70.B04
Reading graphs...
70 :  105
70 :  105
Initializing...
maxdom : 8
D->valSize : 345
Solving...
Blb : 5 (clique : 30)
currentSize : 30 <-- 0.004972 s
currentSize : 36 <-- 0.005287 s
currentSize : 37 <-- 0.007193 s
currentSize : 38 <-- 0.007417 s
currentSize : 40 <-- 0.011955 s
currentSize : 41 <-- 0.017333 s
currentSize : 44 <-- 0.017545 s
currentSize : 47 <-- 0.019714 s
currentSize : 48 <-- 0.031058 s
currentSize : 52 <-- 0.031213 s
currentSize : 53 <-- 0.032042 s
currentSize : 54 <-- 0.034122 s
currentSize : 58 <-- 0.034580 s
currentSize : 62 <-- 0.035810 s

maxsize : 62
nodes : 5323.000000
filtered : 13356.000000
time : 0.036260
