Parameters: GAD=1 vflib=1 dir=0 label=1 lowerbound=1 fileNameGp=../graphsdb/mcs90/m2D/m2D/mcs90_m2D_s100.A85 fileNameGt=../graphsdb/mcs90/m2D/m2D/mcs90_m2D_s100.B85
Reading graphs...
100 :  180
100 :  180
Initializing...
maxdom : 8
D->valSize : 411
Solving...
Blb : 2 (clique : 57)
currentSize : 57 <-- 0.004684 s
currentSize : 58 <-- 0.005077 s
currentSize : 61 <-- 0.005246 s
currentSize : 62 <-- 0.005285 s
currentSize : 64 <-- 0.006561 s
currentSize : 65 <-- 0.006603 s
currentSize : 68 <-- 0.006804 s
currentSize : 69 <-- 0.006848 s
currentSize : 70 <-- 0.007469 s
currentSize : 74 <-- 0.007681 s
currentSize : 77 <-- 0.320842 s
currentSize : 78 <-- 0.321108 s
currentSize : 81 <-- 0.333896 s

maxsize : 81
nodes : 182516.000000
filtered : 773396.000000
time : 1.008053
