Parameters: GAD=1 vflib=1 dir=0 label=1 lowerbound=1 fileNameGp=../graphsdb/mcs90/bvg/b03m/mcs90_b03m_s15.A09 fileNameGt=../graphsdb/mcs90/bvg/b03m/mcs90_b03m_s15.B09
Reading graphs...
15 :  20
15 :  20
Initializing...
maxdom : 8
D->valSize : 116
Solving...
Blb : 2 (clique : 7)
currentSize : 7 <-- 0.000549 s
currentSize : 8 <-- 0.000579 s
currentSize : 9 <-- 0.000608 s
currentSize : 10 <-- 0.000724 s
currentSize : 11 <-- 0.000857 s

maxsize : 11
nodes : 157.000000
filtered : 1612.000000
time : 0.000933
