Parameters: GAD=1 vflib=1 dir=0 label=1 lowerbound=1 fileNameGp=../graphsdb/mcs90/m4D/m4D/mcs90_m4D_s100.A26 fileNameGt=../graphsdb/mcs90/m4D/m4D/mcs90_m4D_s100.B26
Reading graphs...
100 :  219
100 :  219
Initializing...
maxdom : 7
D->valSize : 399
Solving...
Blb : 3 (clique : 70)
currentSize : 70 <-- 0.008581 s
currentSize : 71 <-- 0.009510 s
currentSize : 72 <-- 0.017222 s
currentSize : 73 <-- 0.017852 s
currentSize : 74 <-- 1.130027 s
currentSize : 75 <-- 1.130430 s
currentSize : 78 <-- 1.144187 s
currentSize : 79 <-- 1.144813 s
currentSize : 80 <-- 8.235356 s

maxsize : 80
nodes : 2342977.000000
filtered : 4460965.000000
time : 9.902150
