Parameters: GAD=1 vflib=1 dir=0 label=1 lowerbound=1 fileNameGp=../graphsdb/mcs90/bvg/b09m/mcs90_b09m_s90.A61 fileNameGt=../graphsdb/mcs90/bvg/b09m/mcs90_b09m_s90.B61
Reading graphs...
90 :  399
90 :  399
Initializing...
maxdom : 9
D->valSize : 560
Solving...
Blb : 3 (clique : 52)
currentSize : 52 <-- 0.006791 s
currentSize : 55 <-- 0.007160 s
currentSize : 57 <-- 0.008632 s
currentSize : 63 <-- 0.010402 s
currentSize : 75 <-- 0.021194 s

maxsize : 75
nodes : 196496.000000
filtered : 874690.000000
time : 0.913793
