Parameters: GAD=1 vflib=1 dir=0 label=1 lowerbound=1 fileNameGp=../graphsdb/mcs90/rand/r001/mcs90_r001_s100.A49 fileNameGt=../graphsdb/mcs90/rand/r001/mcs90_r001_s100.B49
Reading graphs...
100 :  108
100 :  108
Initializing...
maxdom : 8
D->valSize : 425
Solving...
Blb : 2 (clique : 81)
currentSize : 81 <-- 0.005261 s
currentSize : 84 <-- 0.005780 s
currentSize : 86 <-- 0.013207 s
currentSize : 88 <-- 0.014520 s
currentSize : 90 <-- 0.015873 s

maxsize : 90
nodes : 2487.000000
filtered : 7259.000000
time : 0.017544
