Parameters: GAD=1 vflib=1 dir=0 label=1 lowerbound=1 fileNameGp=../graphsdb/mcs90/m2D/m2D/mcs90_m2D_s80.A15 fileNameGt=../graphsdb/mcs90/m2D/m2D/mcs90_m2D_s80.B15
Reading graphs...
80 :  142
80 :  141
Initializing...
maxdom : 10
D->valSize : 477
Solving...
Blb : 2 (clique : 51)
currentSize : 51 <-- 0.005042 s
currentSize : 53 <-- 0.005352 s
currentSize : 56 <-- 0.006296 s
currentSize : 59 <-- 0.010795 s
currentSize : 62 <-- 0.011846 s
currentSize : 64 <-- 1.330680 s

maxsize : 64
nodes : 350791.000000
filtered : 1903937.000000
time : 1.787422
