Parameters: GAD=1 vflib=1 dir=0 label=1 lowerbound=1 fileNameGp=../graphsdb/mcs90/m2D/m2Dr2/mcs90_m2Dr2_s100.A07 fileNameGt=../graphsdb/mcs90/m2D/m2Dr2/mcs90_m2Dr2_s100.B07
Reading graphs...
100 :  199
100 :  197
Initializing...
maxdom : 7
D->valSize : 383
Solving...
Blb : 2 (clique : 56)
currentSize : 56 <-- 0.004201 s
currentSize : 57 <-- 0.005354 s
currentSize : 59 <-- 0.009993 s
currentSize : 60 <-- 0.010179 s
currentSize : 61 <-- 0.011773 s
currentSize : 62 <-- 0.012080 s
currentSize : 63 <-- 0.012262 s
currentSize : 65 <-- 0.065466 s
currentSize : 66 <-- 0.065572 s
currentSize : 67 <-- 0.065739 s
currentSize : 68 <-- 0.424304 s
currentSize : 69 <-- 0.424474 s
currentSize : 70 <-- 0.424824 s
currentSize : 72 <-- 0.449202 s
currentSize : 73 <-- 0.449390 s
currentSize : 75 <-- 26.711912 s
currentSize : 76 <-- 26.712105 s
currentSize : 77 <-- 26.713827 s
currentSize : 78 <-- 26.720791 s
currentSize : 79 <-- 26.720984 s
currentSize : 80 <-- 26.722795 s
currentSize : 81 <-- 26.723000 s

maxsize : 81
nodes : 5690638.000000
filtered : 20254166.000000
time : 29.407452
