Parameters: GAD=1 vflib=1 dir=0 label=1 lowerbound=1 fileNameGp=../graphsdb/mcs90/m3D/m3Dr2/mcs90_m3Dr2_s80.A82 fileNameGt=../graphsdb/mcs90/m3D/m3Dr2/mcs90_m3Dr2_s80.B82
Reading graphs...
80 :  198
80 :  198
Initializing...
maxdom : 8
D->valSize : 449
Solving...
Blb : 2 (clique : 55)
currentSize : 55 <-- 0.007630 s
currentSize : 57 <-- 0.008764 s
currentSize : 58 <-- 0.506126 s
currentSize : 62 <-- 1.539401 s
currentSize : 64 <-- 1.539545 s

maxsize : 64
nodes : 304734.000000
filtered : 1938361.000000
time : 1.554185
