Parameters: GAD=1 vflib=1 dir=0 label=1 lowerbound=1 fileNameGp=../graphsdb/mcs90/rand/r005/mcs90_r005_s20.A55 fileNameGt=../graphsdb/mcs90/rand/r005/mcs90_r005_s20.B55
Reading graphs...
20 :  21
20 :  21
Initializing...
maxdom : 9
D->valSize : 126
Solving...
Blb : 2 (clique : 11)
currentSize : 11 <-- 0.000671 s
currentSize : 12 <-- 0.000767 s
currentSize : 14 <-- 0.000828 s
currentSize : 15 <-- 0.000885 s
currentSize : 18 <-- 0.001013 s

maxsize : 18
nodes : 224.000000
filtered : 1200.000000
time : 0.001053
