Parameters: GAD=1 vflib=1 dir=0 label=1 lowerbound=1 fileNameGp=../graphsdb/mcs90/rand/r001/mcs90_r001_s100.A96 fileNameGt=../graphsdb/mcs90/rand/r001/mcs90_r001_s100.B96
Reading graphs...
100 :  108
100 :  108
Initializing...
maxdom : 8
D->valSize : 408
Solving...
Blb : 2 (clique : 81)
currentSize : 81 <-- 0.004896 s
currentSize : 83 <-- 0.005489 s
currentSize : 85 <-- 0.006222 s
currentSize : 86 <-- 0.006649 s
currentSize : 88 <-- 0.007238 s
currentSize : 90 <-- 0.052273 s

maxsize : 90
nodes : 15669.000000
filtered : 55999.000000
time : 0.086729
