Parameters: GAD=1 vflib=1 dir=0 label=1 lowerbound=1 fileNameGp=../graphsdb/mcs90/bvg/b03/mcs90_b03_s40.A76 fileNameGt=../graphsdb/mcs90/bvg/b03/mcs90_b03_s40.B76
Reading graphs...
40 :  60
40 :  60
Initializing...
maxdom : 8
D->valSize : 221
Solving...
Blb : 2 (clique : 26)
currentSize : 26 <-- 0.001471 s
currentSize : 27 <-- 0.001681 s
currentSize : 28 <-- 0.003901 s
currentSize : 29 <-- 0.004467 s
currentSize : 30 <-- 0.005089 s
currentSize : 36 <-- 0.014367 s

maxsize : 36
nodes : 6086.000000
filtered : 18832.000000
time : 0.016325
