Parameters: GAD=1 vflib=1 dir=0 label=1 lowerbound=1 fileNameGp=../graphsdb/mcs90/bvg/b06/mcs90_b06_s100.A67 fileNameGt=../graphsdb/mcs90/bvg/b06/mcs90_b06_s100.B67
Reading graphs...
100 :  299
100 :  299
Initializing...
maxdom : 7
D->valSize : 410
Solving...
Blb : 2 (clique : 42)
currentSize : 42 <-- 0.004369 s
currentSize : 46 <-- 0.004710 s
currentSize : 47 <-- 0.004794 s
currentSize : 50 <-- 0.008370 s
currentSize : 52 <-- 0.008768 s
currentSize : 53 <-- 0.008854 s
currentSize : 55 <-- 0.013914 s
currentSize : 56 <-- 0.014010 s
currentSize : 57 <-- 0.026119 s
currentSize : 63 <-- 0.026401 s
currentSize : 67 <-- 0.027491 s
currentSize : 68 <-- 0.034690 s
currentSize : 69 <-- 0.035305 s
currentSize : 75 <-- 0.035672 s
currentSize : 76 <-- 0.036776 s
currentSize : 82 <-- 0.037200 s
currentSize : 84 <-- 0.037848 s
currentSize : 90 <-- 0.038297 s

maxsize : 90
nodes : 8079.000000
filtered : 16345.000000
time : 0.038774
