Parameters: GAD=1 vflib=1 dir=0 label=1 lowerbound=1 fileNameGp=../graphsdb/mcs90/bvg/b06/mcs90_b06_s90.A48 fileNameGt=../graphsdb/mcs90/bvg/b06/mcs90_b06_s90.B48
Reading graphs...
90 :  270
90 :  270
Initializing...
maxdom : 10
D->valSize : 566
Solving...
Blb : 2 (clique : 50)
currentSize : 50 <-- 0.006779 s
currentSize : 52 <-- 0.007136 s
currentSize : 54 <-- 0.033999 s
currentSize : 56 <-- 0.034182 s
currentSize : 58 <-- 0.039757 s
currentSize : 59 <-- 0.056362 s
currentSize : 60 <-- 0.064368 s
currentSize : 65 <-- 0.075892 s
currentSize : 67 <-- 0.078052 s
currentSize : 73 <-- 0.084568 s
currentSize : 74 <-- 0.085780 s
currentSize : 81 <-- 0.086142 s

maxsize : 81
nodes : 19863.000000
filtered : 62369.000000
time : 0.087813
