Parameters: GAD=1 vflib=1 dir=0 label=1 lowerbound=1 fileNameGp=../graphsdb/mcs90/m2D/m2Dr2/mcs90_m2Dr2_s70.A62 fileNameGt=../graphsdb/mcs90/m2D/m2Dr2/mcs90_m2Dr2_s70.B62
Reading graphs...
70 :  137
70 :  136
Initializing...
maxdom : 7
D->valSize : 367
Solving...
Blb : 2 (clique : 52)
currentSize : 52 <-- 0.003370 s
currentSize : 57 <-- 0.003679 s
currentSize : 60 <-- 0.004439 s
currentSize : 63 <-- 0.004611 s
currentSize : 64 <-- 0.004836 s

maxsize : 64
nodes : 697.000000
filtered : 2476.000000
time : 0.005288
