Parameters: GAD=1 vflib=1 dir=0 label=1 lowerbound=1 fileNameGp=../graphsdb/mcs90/rand/r02/mcs90_r02_s15.A60 fileNameGt=../graphsdb/mcs90/rand/r02/mcs90_r02_s15.B60
Reading graphs...
15 :  35
15 :  37
Initializing...
maxdom : 9
D->valSize : 114
Solving...
Blb : 2 (clique : 6)
currentSize : 6 <-- 0.000570 s
currentSize : 7 <-- 0.000639 s
currentSize : 8 <-- 0.000727 s
currentSize : 10 <-- 0.000740 s
currentSize : 13 <-- 0.000839 s

maxsize : 13
nodes : 156.000000
filtered : 1571.000000
time : 0.000954
