Parameters: GAD=1 vflib=1 dir=0 label=1 lowerbound=1 fileNameGp=../graphsdb/mcs90/bvg/b06m/mcs90_b06m_s100.A72 fileNameGt=../graphsdb/mcs90/bvg/b06m/mcs90_b06m_s100.B72
Reading graphs...
100 :  297
100 :  297
Initializing...
maxdom : 7
D->valSize : 375
Solving...
Blb : 3 (clique : 70)
currentSize : 70 <-- 0.006741 s
currentSize : 72 <-- 0.007578 s
currentSize : 73 <-- 0.010948 s
currentSize : 76 <-- 0.011235 s
currentSize : 81 <-- 0.011685 s
currentSize : 89 <-- 0.012827 s

maxsize : 89
nodes : 1664.000000
filtered : 4064.000000
time : 0.013733
