Parameters: GAD=1 vflib=1 dir=0 label=1 lowerbound=1 fileNameGp=../graphsdb/mcs90/bvg/b03/mcs90_b03_s50.A78 fileNameGt=../graphsdb/mcs90/bvg/b03/mcs90_b03_s50.B78
Reading graphs...
50 :  75
50 :  75
Initializing...
maxdom : 11
D->valSize : 360
Solving...
Blb : 2 (clique : 27)
currentSize : 27 <-- 0.002790 s
currentSize : 29 <-- 0.002950 s
currentSize : 31 <-- 0.002996 s
currentSize : 33 <-- 0.003050 s
currentSize : 34 <-- 0.003119 s
currentSize : 36 <-- 0.003189 s
currentSize : 37 <-- 0.003694 s
currentSize : 38 <-- 0.004863 s
currentSize : 42 <-- 0.005939 s
currentSize : 44 <-- 0.006029 s

maxsize : 44
nodes : 1263.000000
filtered : 9016.000000
time : 0.007277
