Parameters: GAD=1 vflib=1 dir=0 label=1 lowerbound=1 fileNameGp=../graphsdb/mcs90/m3D/m3D/mcs90_m3D_s80.A14 fileNameGt=../graphsdb/mcs90/m3D/m3D/mcs90_m3D_s80.B14
Reading graphs...
80 :  183
80 :  184
Initializing...
maxdom : 8
D->valSize : 443
Solving...
Blb : 2 (clique : 52)
currentSize : 52 <-- 0.004720 s
currentSize : 53 <-- 0.005020 s
currentSize : 54 <-- 0.010494 s
currentSize : 57 <-- 0.010654 s
currentSize : 58 <-- 0.010877 s
currentSize : 59 <-- 0.011021 s
currentSize : 64 <-- 0.067840 s

maxsize : 64
nodes : 16635.000000
filtered : 129723.000000
time : 0.097249
