Parameters: GAD=1 vflib=1 dir=0 label=1 lowerbound=1 fileNameGp=../graphsdb/mcs90/bvg/b06/mcs90_b06_s70.A26 fileNameGt=../graphsdb/mcs90/bvg/b06/mcs90_b06_s70.B26
Reading graphs...
70 :  210
70 :  210
Initializing...
maxdom : 8
D->valSize : 364
Solving...
Blb : 2 (clique : 42)
currentSize : 42 <-- 0.005180 s
currentSize : 46 <-- 0.005594 s
currentSize : 49 <-- 0.005863 s
currentSize : 50 <-- 0.006068 s
currentSize : 51 <-- 0.006292 s
currentSize : 53 <-- 0.006520 s
currentSize : 56 <-- 0.006789 s
currentSize : 63 <-- 0.007113 s

maxsize : 63
nodes : 571.000000
filtered : 1857.000000
time : 0.007552
