Parameters: GAD=1 vflib=1 dir=0 label=1 lowerbound=1 fileNameGp=../graphsdb/mcs90/bvg/b06m/mcs90_b06m_s90.A29 fileNameGt=../graphsdb/mcs90/bvg/b06m/mcs90_b06m_s90.B29
Reading graphs...
90 :  268
90 :  267
Initializing...
maxdom : 11
D->valSize : 586
Solving...
Blb : 3 (clique : 63)
currentSize : 63 <-- 0.012137 s
currentSize : 65 <-- 0.012929 s
currentSize : 71 <-- 0.013950 s
currentSize : 74 <-- 0.028868 s
currentSize : 80 <-- 0.029485 s

maxsize : 80
nodes : 2721.000000
filtered : 30813.000000
time : 0.039918
