Parameters: GAD=1 vflib=1 dir=0 label=1 lowerbound=1 fileNameGp=../graphsdb/mcs90/m2D/m2Dr2/mcs90_m2Dr2_s80.A31 fileNameGt=../graphsdb/mcs90/m2D/m2Dr2/mcs90_m2Dr2_s80.B31
Reading graphs...
80 :  157
80 :  156
Initializing...
maxdom : 11
D->valSize : 479
Solving...
Blb : 2 (clique : 57)
currentSize : 57 <-- 0.005142 s
currentSize : 60 <-- 0.005942 s
currentSize : 62 <-- 0.008731 s
currentSize : 63 <-- 0.008857 s
currentSize : 64 <-- 0.009346 s

maxsize : 64
nodes : 103100.000000
filtered : 667597.000000
time : 0.513979
