Parameters: GAD=1 vflib=1 dir=0 label=1 lowerbound=1 fileNameGp=../graphsdb/mcs90/m3D/m3D/mcs90_m3D_s80.A30 fileNameGt=../graphsdb/mcs90/m3D/m3D/mcs90_m3D_s80.B30
Reading graphs...
80 :  184
80 :  184
Initializing...
maxdom : 9
D->valSize : 460
Solving...
Blb : 2 (clique : 46)
currentSize : 46 <-- 0.007829 s
currentSize : 51 <-- 0.008840 s
currentSize : 58 <-- 0.201801 s
currentSize : 59 <-- 0.201982 s
currentSize : 63 <-- 0.850755 s
currentSize : 64 <-- 0.850940 s

maxsize : 64
nodes : 376326.000000
filtered : 2220979.000000
time : 1.818097
