Parameters: GAD=1 vflib=1 dir=0 label=1 lowerbound=1 fileNameGp=../graphsdb/mcs90/bvg/b03/mcs90_b03_s35.A12 fileNameGt=../graphsdb/mcs90/bvg/b03/mcs90_b03_s35.B12
Reading graphs...
35 :  52
35 :  52
Initializing...
maxdom : 7
D->valSize : 173
Solving...
Blb : 2 (clique : 21)
currentSize : 21 <-- 0.000992 s
currentSize : 22 <-- 0.001096 s
currentSize : 23 <-- 0.002001 s
currentSize : 24 <-- 0.002331 s
currentSize : 26 <-- 0.002812 s
currentSize : 28 <-- 0.004749 s
currentSize : 30 <-- 0.004832 s

maxsize : 30
nodes : 1670.000000
filtered : 9710.000000
time : 0.005649
