Parameters: GAD=1 vflib=1 dir=0 label=1 lowerbound=1 fileNameGp=../graphsdb/mcs90/rand/r01/mcs90_r01_s50.A88 fileNameGt=../graphsdb/mcs90/rand/r01/mcs90_r01_s50.B88
Reading graphs...
50 :  227
50 :  229
Initializing...
maxdom : 11
D->valSize : 367
Solving...
Blb : 2 (clique : 14)
currentSize : 14 <-- 0.002679 s
currentSize : 15 <-- 0.003156 s
currentSize : 18 <-- 0.006516 s
currentSize : 19 <-- 0.010776 s
currentSize : 22 <-- 0.014324 s
currentSize : 26 <-- 0.015746 s
currentSize : 30 <-- 0.017748 s
currentSize : 34 <-- 0.021295 s
currentSize : 41 <-- 0.021766 s

maxsize : 41
nodes : 7667.000000
filtered : 60822.000000
time : 0.030300
