Parameters: GAD=1 vflib=1 dir=0 label=1 lowerbound=1 fileNameGp=../graphsdb/mcs90/m2D/m2Dr6/mcs90_m2Dr6_s20.A00 fileNameGt=../graphsdb/mcs90/m2D/m2Dr6/mcs90_m2Dr6_s20.B00
Reading graphs...
20 :  43
20 :  43
Initializing...
maxdom : 10
D->valSize : 118
Solving...
Blb : 5 (clique : 7)
currentSize : 7 <-- 0.000608 s
currentSize : 8 <-- 0.000800 s
currentSize : 11 <-- 0.001009 s
currentSize : 14 <-- 0.001310 s
currentSize : 16 <-- 0.001336 s

maxsize : 16
nodes : 333.000000
filtered : 2700.000000
time : 0.001400
