Parameters: GAD=1 vflib=1 dir=0 label=1 lowerbound=1 fileNameGp=../graphsdb/mcs90/m2D/m2D/mcs90_m2D_s60.A63 fileNameGt=../graphsdb/mcs90/m2D/m2D/mcs90_m2D_s60.B63
Reading graphs...
60 :  104
60 :  104
Initializing...
maxdom : 6
D->valSize : 236
Solving...
Blb : 3 (clique : 34)
currentSize : 34 <-- 0.001808 s
currentSize : 35 <-- 0.002458 s
currentSize : 37 <-- 0.084909 s
currentSize : 38 <-- 0.151067 s
currentSize : 40 <-- 0.153843 s
currentSize : 41 <-- 0.178903 s
currentSize : 42 <-- 0.202697 s
currentSize : 44 <-- 0.211392 s
currentSize : 45 <-- 0.216329 s
currentSize : 49 <-- 0.216450 s

maxsize : 49
nodes : 64110.000000
filtered : 168361.000000
time : 0.216643
