Parameters: GAD=1 vflib=1 dir=0 label=1 lowerbound=1 fileNameGp=../graphsdb/mcs90/bvg/b09/mcs90_b09_s50.A14 fileNameGt=../graphsdb/mcs90/bvg/b09/mcs90_b09_s50.B14
Reading graphs...
50 :  224
50 :  225
Initializing...
maxdom : 10
D->valSize : 350
Solving...
Blb : 2 (clique : 18)
currentSize : 18 <-- 0.002475 s
currentSize : 19 <-- 0.002750 s
currentSize : 22 <-- 0.002873 s
currentSize : 26 <-- 0.003535 s
currentSize : 35 <-- 0.005861 s
currentSize : 36 <-- 0.005944 s
currentSize : 44 <-- 0.007254 s

maxsize : 44
nodes : 1569.000000
filtered : 11949.000000
time : 0.007652
