Parameters: GAD=1 vflib=1 dir=0 label=1 lowerbound=1 fileNameGp=../graphsdb/mcs90/bvg/b03/mcs90_b03_s100.A98 fileNameGt=../graphsdb/mcs90/bvg/b03/mcs90_b03_s100.B98
Reading graphs...
100 :  150
100 :  150
Initializing...
maxdom : 7
D->valSize : 404
Solving...
Blb : 2 (clique : 78)
currentSize : 78 <-- 0.004826 s
currentSize : 82 <-- 0.005374 s
currentSize : 86 <-- 0.005697 s
currentSize : 87 <-- 0.130446 s
currentSize : 90 <-- 0.130719 s

maxsize : 90
nodes : 31608.000000
filtered : 112646.000000
time : 0.163332
