Parameters: GAD=1 vflib=1 dir=0 label=1 lowerbound=1 fileNameGp=../graphsdb/mcs90/m3D/m3D/mcs90_m3D_s80.A11 fileNameGt=../graphsdb/mcs90/m3D/m3D/mcs90_m3D_s80.B11
Reading graphs...
80 :  184
80 :  183
Initializing...
maxdom : 7
D->valSize : 427
Solving...
Blb : 2 (clique : 46)
currentSize : 46 <-- 0.008275 s
currentSize : 49 <-- 0.018700 s
currentSize : 51 <-- 0.018852 s
currentSize : 53 <-- 0.018955 s
currentSize : 54 <-- 0.039626 s
currentSize : 57 <-- 6.784243 s
currentSize : 58 <-- 6.797735 s
currentSize : 59 <-- 8.503455 s
currentSize : 62 <-- 8.504363 s
currentSize : 64 <-- 8.504493 s

maxsize : 64
nodes : 2020533.000000
filtered : 12495617.000000
time : 9.977412
