Parameters: GAD=1 vflib=1 dir=0 label=1 lowerbound=1 fileNameGp=../graphsdb/mcs90/m2D/m2D/mcs90_m2D_s70.A16 fileNameGt=../graphsdb/mcs90/m2D/m2D/mcs90_m2D_s70.B16
Reading graphs...
70 :  123
70 :  123
Initializing...
maxdom : 8
D->valSize : 366
Solving...
Blb : 2 (clique : 56)
currentSize : 56 <-- 0.003385 s
currentSize : 59 <-- 0.003676 s
currentSize : 60 <-- 0.003986 s
currentSize : 63 <-- 0.004150 s
currentSize : 64 <-- 0.004421 s

maxsize : 64
nodes : 638.000000
filtered : 2449.000000
time : 0.005078
