Parameters: GAD=1 vflib=1 dir=0 label=1 lowerbound=1 fileNameGp=../graphsdb/mcs90/m2D/m2D/mcs90_m2D_s100.A69 fileNameGt=../graphsdb/mcs90/m2D/m2D/mcs90_m2D_s100.B69
Reading graphs...
100 :  180
100 :  180
Initializing...
maxdom : 10
D->valSize : 443
Solving...
Blb : 2 (clique : 63)
currentSize : 63 <-- 0.005621 s
currentSize : 64 <-- 0.006060 s
currentSize : 66 <-- 0.015257 s
currentSize : 68 <-- 0.015379 s
currentSize : 70 <-- 0.120391 s
currentSize : 72 <-- 0.224139 s
currentSize : 73 <-- 1.770484 s
currentSize : 74 <-- 1.770790 s
currentSize : 76 <-- 1.780516 s
currentSize : 78 <-- 1.780637 s
currentSize : 79 <-- 1.780964 s
currentSize : 80 <-- 6.593164 s
currentSize : 81 <-- 6.593514 s

maxsize : 81
nodes : 2315427.000000
filtered : 7807992.000000
time : 10.942934
