Parameters: GAD=1 vflib=1 dir=0 label=1 lowerbound=1 fileNameGp=../graphsdb/mcs90/bvg/b03/mcs90_b03_s90.A76 fileNameGt=../graphsdb/mcs90/bvg/b03/mcs90_b03_s90.B76
Reading graphs...
90 :  135
90 :  135
Initializing...
maxdom : 10
D->valSize : 630
Solving...
Blb : 2 (clique : 70)
currentSize : 70 <-- 0.008593 s
currentSize : 71 <-- 0.009098 s
currentSize : 75 <-- 0.013775 s
currentSize : 76 <-- 0.013857 s
currentSize : 79 <-- 0.040610 s
currentSize : 80 <-- 0.040702 s

maxsize : 80
nodes : 102171.000000
filtered : 535877.000000
time : 0.543107
