Parameters: GAD=1 vflib=1 dir=0 label=1 lowerbound=1 fileNameGp=../graphsdb/mcs90/bvg/b03m/mcs90_b03m_s80.A22 fileNameGt=../graphsdb/mcs90/bvg/b03m/mcs90_b03m_s80.B22
Reading graphs...
80 :  119
80 :  119
Initializing...
maxdom : 9
D->valSize : 454
Solving...
Blb : 2 (clique : 57)
currentSize : 57 <-- 0.008110 s
currentSize : 61 <-- 0.008864 s
currentSize : 62 <-- 0.009120 s
currentSize : 63 <-- 0.009294 s
currentSize : 65 <-- 0.009585 s
currentSize : 69 <-- 0.010830 s
currentSize : 71 <-- 0.011465 s

maxsize : 71
nodes : 1401.000000
filtered : 6417.000000
time : 0.017086
