Parameters: GAD=1 vflib=1 dir=0 label=1 lowerbound=1 fileNameGp=../graphsdb/mcs90/bvg/b03m/mcs90_b03m_s90.A97 fileNameGt=../graphsdb/mcs90/bvg/b03m/mcs90_b03m_s90.B97
Reading graphs...
90 :  135
90 :  135
Initializing...
maxdom : 10
D->valSize : 586
Solving...
Blb : 2 (clique : 73)
currentSize : 73 <-- 0.012593 s
currentSize : 74 <-- 0.013347 s
currentSize : 77 <-- 0.014263 s
currentSize : 79 <-- 0.014529 s
currentSize : 80 <-- 1.213511 s

maxsize : 80
nodes : 269251.000000
filtered : 1591316.000000
time : 1.539257
