Parameters: GAD=1 vflib=1 dir=0 label=1 lowerbound=1 fileNameGp=../graphsdb/mcs90/rand/r02/mcs90_r02_s100.A23 fileNameGt=../graphsdb/mcs90/rand/r02/mcs90_r02_s100.B23
Reading graphs...
100 :  1768
100 :  1776
Initializing...
maxdom : 8
D->valSize : 448
Solving...
Blb : 2 (clique : 56)
currentSize : 56 <-- 0.007728 s
currentSize : 59 <-- 0.129998 s
currentSize : 60 <-- 0.186664 s
currentSize : 61 <-- 1.578615 s
currentSize : 62 <-- 13.120509 s
currentSize : 63 <-- 44.983734 s
currentSize : 64 <-- 55.703865 s

maxsize : 64
nodes : 486300845.000000
filtered : 183268174.000000
time : 1993.130249
