Parameters: GAD=1 vflib=1 dir=0 label=1 lowerbound=1 fileNameGp=../graphsdb/mcs90/rand/r02/mcs90_r02_s90.A98 fileNameGt=../graphsdb/mcs90/rand/r02/mcs90_r02_s90.B98
Reading graphs...
90 :  1438
90 :  1445
Initializing...
maxdom : 9
D->valSize : 571
Solving...
Blb : 5 (clique : 52)
currentSize : 52 <-- 0.006687 s
currentSize : 53 <-- 0.192586 s
currentSize : 54 <-- 0.664175 s
currentSize : 55 <-- 199.456802 s
currentSize : 56 <-- 200.052490 s
currentSize : 57 <-- 292.687500 s

TIMEOUT
maxsize : 57
nodes : 1010879476.000000
filtered : 486153605.000000
time : 3600.000000
