Parameters: GAD=1 vflib=1 dir=0 label=1 lowerbound=1 fileNameGp=../graphsdb/mcs90/m3D/m3Dr2/mcs90_m3Dr2_s80.A05 fileNameGt=../graphsdb/mcs90/m3D/m3Dr2/mcs90_m3Dr2_s80.B05
Reading graphs...
80 :  198
80 :  196
Initializing...
maxdom : 8
D->valSize : 455
Solving...
Blb : 2 (clique : 49)
currentSize : 49 <-- 0.007764 s
currentSize : 56 <-- 0.011490 s
currentSize : 57 <-- 0.011663 s
currentSize : 63 <-- 0.017926 s
currentSize : 64 <-- 0.018121 s

maxsize : 64
nodes : 91804.000000
filtered : 307781.000000
time : 0.412536
