Parameters: GAD=1 vflib=1 dir=0 label=1 lowerbound=1 fileNameGp=../graphsdb/mcs90/m3D/m3D/mcs90_m3D_s80.A56 fileNameGt=../graphsdb/mcs90/m3D/m3D/mcs90_m3D_s80.B56
Reading graphs...
80 :  184
80 :  184
Initializing...
maxdom : 11
D->valSize : 492
Solving...
Blb : 2 (clique : 53)
currentSize : 53 <-- 0.005316 s
currentSize : 56 <-- 0.028894 s
currentSize : 58 <-- 0.038306 s
currentSize : 59 <-- 0.283485 s
currentSize : 61 <-- 0.284270 s
currentSize : 62 <-- 0.391461 s
currentSize : 64 <-- 0.391833 s

maxsize : 64
nodes : 107850.000000
filtered : 593518.000000
time : 0.483015
