Parameters: GAD=1 vflib=1 dir=0 label=1 lowerbound=1 fileNameGp=../graphsdb/mcs90/rand/r02/mcs90_r02_s80.A03 fileNameGt=../graphsdb/mcs90/rand/r02/mcs90_r02_s80.B03
Reading graphs...
80 :  1137
80 :  1126
Initializing...
maxdom : 10
D->valSize : 480
Solving...
Blb : 2 (clique : 26)
currentSize : 26 <-- 0.004799 s
currentSize : 45 <-- 0.006389 s
currentSize : 46 <-- 0.008122 s
currentSize : 47 <-- 0.008188 s
currentSize : 48 <-- 0.349608 s

maxsize : 48
nodes : 446524048.000000
filtered : 173424726.000000
time : 1446.663818
