Parameters: GAD=1 vflib=1 dir=0 label=1 lowerbound=1 fileNameGp=../graphsdb/mcs90/m2D/m2D/mcs90_m2D_s20.A61 fileNameGt=../graphsdb/mcs90/m2D/m2D/mcs90_m2D_s20.B61
Reading graphs...
20 :  31
20 :  31
Initializing...
maxdom : 8
D->valSize : 117
Solving...
Blb : 2 (clique : 10)
currentSize : 10 <-- 0.000621 s
currentSize : 11 <-- 0.000780 s
currentSize : 12 <-- 0.002408 s
currentSize : 13 <-- 0.002424 s
currentSize : 16 <-- 0.002652 s

maxsize : 16
nodes : 983.000000
filtered : 5629.000000
time : 0.002759
