Parameters: GAD=1 vflib=1 dir=0 label=1 lowerbound=1 fileNameGp=../graphsdb/mcs90/m2D/m2Dr6/mcs90_m2Dr6_s100.A05 fileNameGt=../graphsdb/mcs90/m2D/m2Dr6/mcs90_m2Dr6_s100.B05
Reading graphs...
100 :  238
100 :  238
Initializing...
maxdom : 8
D->valSize : 373
Solving...
Blb : 2 (clique : 64)
currentSize : 64 <-- 0.006710 s
currentSize : 67 <-- 0.007343 s
currentSize : 70 <-- 0.007726 s
currentSize : 73 <-- 0.008042 s
currentSize : 77 <-- 0.008616 s
currentSize : 78 <-- 0.010900 s
currentSize : 80 <-- 0.022953 s
currentSize : 81 <-- 0.024247 s

maxsize : 81
nodes : 28384.000000
filtered : 180966.000000
time : 0.199675
