Parameters: GAD=1 vflib=1 dir=0 label=1 lowerbound=1 fileNameGp=../graphsdb/mcs90/bvg/b06/mcs90_b06_s80.A25 fileNameGt=../graphsdb/mcs90/bvg/b06/mcs90_b06_s80.B25
Reading graphs...
80 :  240
80 :  240
Initializing...
maxdom : 10
D->valSize : 490
Solving...
Blb : 2 (clique : 56)
currentSize : 56 <-- 0.005296 s
currentSize : 57 <-- 0.005652 s
currentSize : 63 <-- 0.005836 s
currentSize : 64 <-- 0.005987 s
currentSize : 65 <-- 0.006677 s
currentSize : 70 <-- 0.006882 s
currentSize : 72 <-- 0.007079 s

maxsize : 72
nodes : 7217.000000
filtered : 58191.000000
time : 0.043126
