Parameters: GAD=1 vflib=1 dir=0 label=1 lowerbound=1 fileNameGp=../graphsdb/mcs90/m2D/m2Dr4/mcs90_m2Dr4_s100.A84 fileNameGt=../graphsdb/mcs90/m2D/m2Dr4/mcs90_m2Dr4_s100.B84
Reading graphs...
100 :  220
100 :  220
Initializing...
maxdom : 7
D->valSize : 366
Solving...
Blb : 3 (clique : 59)
currentSize : 59 <-- 0.003917 s
currentSize : 60 <-- 0.839192 s
currentSize : 61 <-- 0.839383 s
currentSize : 62 <-- 8.113441 s
currentSize : 64 <-- 18.923191 s
currentSize : 67 <-- 18.963385 s
currentSize : 68 <-- 26.784456 s
currentSize : 69 <-- 30.889072 s
currentSize : 70 <-- 32.287708 s
currentSize : 74 <-- 32.321815 s
currentSize : 75 <-- 33.622154 s
currentSize : 77 <-- 34.981373 s
currentSize : 80 <-- 34.981754 s
currentSize : 81 <-- 35.154461 s

maxsize : 81
nodes : 7376132.000000
filtered : 25120052.000000
time : 35.449013
