Parameters: GAD=1 vflib=1 dir=0 label=1 lowerbound=1 fileNameGp=../graphsdb/mcs90/bvg/b06/mcs90_b06_s100.A08 fileNameGt=../graphsdb/mcs90/bvg/b06/mcs90_b06_s100.B08
Reading graphs...
100 :  300
100 :  299
Initializing...
maxdom : 7
D->valSize : 403
Solving...
Blb : 2 (clique : 64)
currentSize : 64 <-- 0.004629 s
currentSize : 67 <-- 0.005065 s
currentSize : 68 <-- 0.005270 s
currentSize : 77 <-- 0.005605 s
currentSize : 81 <-- 0.006077 s
currentSize : 90 <-- 0.006505 s

maxsize : 90
nodes : 1426.000000
filtered : 6163.000000
time : 0.011031
