Parameters: GAD=1 vflib=1 dir=0 label=1 lowerbound=1 fileNameGp=../graphsdb/mcs90/bvg/b03/mcs90_b03_s90.A19 fileNameGt=../graphsdb/mcs90/bvg/b03/mcs90_b03_s90.B19
Reading graphs...
90 :  135
90 :  135
Initializing...
maxdom : 10
D->valSize : 593
Solving...
Blb : 2 (clique : 64)
currentSize : 64 <-- 0.012825 s
currentSize : 67 <-- 0.013666 s
currentSize : 69 <-- 0.013896 s
currentSize : 70 <-- 0.016805 s
currentSize : 71 <-- 0.017032 s
currentSize : 72 <-- 0.018554 s
currentSize : 76 <-- 1.749248 s
currentSize : 80 <-- 2.286380 s

maxsize : 80
nodes : 384304.000000
filtered : 2223817.000000
time : 2.290014
