Parameters: GAD=1 vflib=1 dir=0 label=1 lowerbound=1 fileNameGp=../graphsdb/mcs90/m2D/m2Dr6/mcs90_m2Dr6_s100.A75 fileNameGt=../graphsdb/mcs90/m2D/m2Dr6/mcs90_m2Dr6_s100.B75
Reading graphs...
100 :  238
100 :  237
Initializing...
maxdom : 6
D->valSize : 378
Solving...
Blb : 2 (clique : 61)
currentSize : 61 <-- 0.006767 s
currentSize : 62 <-- 0.401739 s
currentSize : 64 <-- 0.401877 s
currentSize : 67 <-- 0.914350 s
currentSize : 68 <-- 0.914593 s
currentSize : 70 <-- 0.914960 s
currentSize : 71 <-- 0.915387 s
currentSize : 76 <-- 1.245340 s
currentSize : 78 <-- 1.245708 s
currentSize : 80 <-- 1.420260 s

maxsize : 80
nodes : 265859.000000
filtered : 951592.000000
time : 1.533450
