Parameters: GAD=1 vflib=1 dir=0 label=1 lowerbound=1 fileNameGp=../graphsdb/mcs90/bvg/b06/mcs90_b06_s25.A55 fileNameGt=../graphsdb/mcs90/bvg/b06/mcs90_b06_s25.B55
Reading graphs...
25 :  75
25 :  75
Initializing...
maxdom : 8
D->valSize : 163
Solving...
Blb : 2 (clique : 11)
currentSize : 11 <-- 0.000785 s
currentSize : 12 <-- 0.001270 s
currentSize : 13 <-- 0.001304 s
currentSize : 15 <-- 0.001843 s
currentSize : 22 <-- 0.001944 s

maxsize : 22
nodes : 463.000000
filtered : 4829.000000
time : 0.002071
