Parameters: GAD=1 vflib=1 dir=0 label=1 lowerbound=1 fileNameGp=../graphsdb/mcs90/bvg/b03/mcs90_b03_s100.A76 fileNameGt=../graphsdb/mcs90/bvg/b03/mcs90_b03_s100.B76
Reading graphs...
100 :  150
100 :  150
Initializing...
maxdom : 7
D->valSize : 409
Solving...
Blb : 2 (clique : 75)
currentSize : 75 <-- 0.004776 s
currentSize : 77 <-- 0.005298 s
currentSize : 79 <-- 0.006773 s
currentSize : 80 <-- 0.007321 s
currentSize : 81 <-- 0.033271 s
currentSize : 84 <-- 0.036579 s
currentSize : 85 <-- 0.036894 s
currentSize : 89 <-- 0.098856 s
currentSize : 90 <-- 0.099187 s

maxsize : 90
nodes : 30280.000000
filtered : 91023.000000
time : 0.151640
