Parameters: GAD=1 vflib=1 dir=0 label=1 lowerbound=1 fileNameGp=../graphsdb/mcs90/bvg/b03/mcs90_b03_s50.A16 fileNameGt=../graphsdb/mcs90/bvg/b03/mcs90_b03_s50.B16
Reading graphs...
50 :  75
50 :  75
Initializing...
maxdom : 11
D->valSize : 362
Solving...
Blb : 2 (clique : 37)
currentSize : 37 <-- 0.002856 s
currentSize : 38 <-- 0.003059 s
currentSize : 40 <-- 0.003147 s
currentSize : 41 <-- 0.003250 s
currentSize : 44 <-- 0.003324 s

maxsize : 44
nodes : 536.000000
filtered : 3907.000000
time : 0.004517
