Parameters: GAD=1 vflib=1 dir=0 label=1 lowerbound=1 fileNameGp=../graphsdb/mcs90/bvg/b06/mcs90_b06_s60.A21 fileNameGt=../graphsdb/mcs90/bvg/b06/mcs90_b06_s60.B21
Reading graphs...
60 :  180
60 :  180
Initializing...
maxdom : 10
D->valSize : 279
Solving...
Blb : 2 (clique : 30)
currentSize : 30 <-- 0.002090 s
currentSize : 32 <-- 0.002258 s
currentSize : 35 <-- 0.002410 s
currentSize : 38 <-- 0.002507 s
currentSize : 39 <-- 0.002655 s
currentSize : 41 <-- 0.002868 s
currentSize : 45 <-- 0.002953 s
currentSize : 48 <-- 0.003378 s
currentSize : 54 <-- 0.003540 s

maxsize : 54
nodes : 626.000000
filtered : 1830.000000
time : 0.003727
