Parameters: GAD=1 vflib=1 dir=0 label=1 lowerbound=1 fileNameGp=../graphsdb/mcs90/bvg/b03/mcs90_b03_s60.A52 fileNameGt=../graphsdb/mcs90/bvg/b03/mcs90_b03_s60.B52
Reading graphs...
60 :  90
60 :  90
Initializing...
maxdom : 7
D->valSize : 256
Solving...
Blb : 2 (clique : 37)
currentSize : 37 <-- 0.001942 s
currentSize : 39 <-- 0.002144 s
currentSize : 42 <-- 0.004177 s
currentSize : 43 <-- 0.004267 s
currentSize : 44 <-- 0.020055 s
currentSize : 48 <-- 0.020530 s
currentSize : 50 <-- 0.021178 s
currentSize : 54 <-- 0.022383 s

maxsize : 54
nodes : 6280.000000
filtered : 18188.000000
time : 0.022627
