Parameters: GAD=1 vflib=1 dir=0 label=1 lowerbound=1 fileNameGp=../graphsdb/mcs90/bvg/b09/mcs90_b09_s100.A44 fileNameGt=../graphsdb/mcs90/bvg/b09/mcs90_b09_s100.B44
Reading graphs...
100 :  450
100 :  450
Initializing...
maxdom : 7
D->valSize : 405
Solving...
Blb : 2 (clique : 48)
currentSize : 48 <-- 0.004209 s
currentSize : 52 <-- 0.004517 s
currentSize : 56 <-- 0.005061 s
currentSize : 58 <-- 0.006270 s
currentSize : 65 <-- 0.006603 s
currentSize : 67 <-- 0.007060 s
currentSize : 74 <-- 0.008621 s
currentSize : 77 <-- 0.008967 s
currentSize : 86 <-- 0.017064 s
currentSize : 90 <-- 0.017546 s

maxsize : 90
nodes : 3764.000000
filtered : 14121.000000
time : 0.021369
