Parameters: GAD=1 vflib=1 dir=0 label=1 lowerbound=1 fileNameGp=../graphsdb/mcs90/bvg/b06/mcs90_b06_s40.A37 fileNameGt=../graphsdb/mcs90/bvg/b06/mcs90_b06_s40.B37
Reading graphs...
40 :  120
40 :  119
Initializing...
maxdom : 10
D->valSize : 269
Solving...
Blb : 2 (clique : 15)
currentSize : 15 <-- 0.001708 s
currentSize : 16 <-- 0.001837 s
currentSize : 17 <-- 0.001861 s
currentSize : 25 <-- 0.002899 s
currentSize : 26 <-- 0.003347 s
currentSize : 27 <-- 0.003454 s
currentSize : 36 <-- 0.011593 s

maxsize : 36
nodes : 3534.000000
filtered : 18750.000000
time : 0.011698
