Parameters: GAD=1 vflib=1 dir=0 label=1 lowerbound=1 fileNameGp=../graphsdb/mcs90/m2D/m2D/mcs90_m2D_s60.A92 fileNameGt=../graphsdb/mcs90/m2D/m2D/mcs90_m2D_s60.B92
Reading graphs...
60 :  104
60 :  104
Initializing...
maxdom : 13
D->valSize : 335
Solving...
Blb : 2 (clique : 41)
currentSize : 41 <-- 0.002697 s
currentSize : 42 <-- 0.003061 s
currentSize : 45 <-- 0.003337 s
currentSize : 48 <-- 0.010404 s
currentSize : 49 <-- 0.010472 s

maxsize : 49
nodes : 4253.000000
filtered : 31387.000000
time : 0.019899
