Parameters: GAD=1 vflib=1 dir=0 label=1 lowerbound=1 fileNameGp=../graphsdb/mcs90/m2D/m2Dr2/mcs90_m2Dr2_s100.A22 fileNameGt=../graphsdb/mcs90/m2D/m2Dr2/mcs90_m2Dr2_s100.B22
Reading graphs...
100 :  199
100 :  199
Initializing...
maxdom : 6
D->valSize : 353
Solving...
Blb : 2 (clique : 65)
currentSize : 65 <-- 0.003772 s
currentSize : 66 <-- 0.004172 s
currentSize : 71 <-- 0.008245 s
currentSize : 72 <-- 0.008469 s
currentSize : 75 <-- 0.043869 s
currentSize : 76 <-- 0.044110 s
currentSize : 77 <-- 0.129597 s
currentSize : 80 <-- 0.152274 s
currentSize : 81 <-- 0.152518 s

maxsize : 81
nodes : 44307.000000
filtered : 147905.000000
time : 0.246050
