Parameters: GAD=1 vflib=1 dir=0 label=1 lowerbound=1 fileNameGp=../graphsdb/mcs90/m3D/m3Dr4/mcs90_m3Dr4_s80.A05 fileNameGt=../graphsdb/mcs90/m3D/m3Dr4/mcs90_m3Dr4_s80.B05
Reading graphs...
80 :  214
80 :  214
Initializing...
maxdom : 8
D->valSize : 448
Solving...
Blb : 2 (clique : 37)
currentSize : 37 <-- 0.004853 s
currentSize : 38 <-- 0.649392 s
currentSize : 40 <-- 2.941623 s
currentSize : 41 <-- 2.941749 s
currentSize : 42 <-- 6.239379 s
currentSize : 47 <-- 9.092570 s
currentSize : 48 <-- 10.305353 s
currentSize : 50 <-- 10.433817 s
currentSize : 51 <-- 10.498950 s
currentSize : 56 <-- 10.499366 s
currentSize : 58 <-- 10.860773 s
currentSize : 64 <-- 10.876098 s

maxsize : 64
nodes : 2199430.000000
filtered : 11845850.000000
time : 11.031507
