Parameters: GAD=1 vflib=1 dir=0 label=1 lowerbound=1 fileNameGp=../graphsdb/mcs90/rand/r02/mcs90_r02_s80.A20 fileNameGt=../graphsdb/mcs90/rand/r02/mcs90_r02_s80.B20
Reading graphs...
80 :  1143
80 :  1139
Initializing...
maxdom : 11
D->valSize : 488
Solving...
Blb : 2 (clique : 46)
currentSize : 46 <-- 0.004887 s
currentSize : 47 <-- 0.005134 s
currentSize : 48 <-- 0.005398 s
currentSize : 49 <-- 0.008978 s
currentSize : 50 <-- 0.097578 s
currentSize : 51 <-- 0.097736 s
currentSize : 52 <-- 0.102502 s
currentSize : 53 <-- 1.965980 s

maxsize : 53
nodes : 82612043.000000
filtered : 41955727.000000
time : 284.044098
