Parameters: GAD=1 vflib=1 dir=0 label=1 lowerbound=1 fileNameGp=../graphsdb/mcs90/m2D/m2Dr6/mcs90_m2Dr6_s100.A34 fileNameGt=../graphsdb/mcs90/m2D/m2Dr6/mcs90_m2Dr6_s100.B34
Reading graphs...
100 :  238
100 :  236
Initializing...
maxdom : 7
D->valSize : 370
Solving...
Blb : 3 (clique : 70)
currentSize : 70 <-- 0.004190 s
currentSize : 72 <-- 0.004701 s
currentSize : 75 <-- 0.009470 s
currentSize : 76 <-- 0.024524 s
currentSize : 80 <-- 0.024827 s

maxsize : 80
nodes : 10001.000000
filtered : 42938.000000
time : 0.056138
