Parameters: GAD=1 vflib=1 dir=0 label=1 lowerbound=1 fileNameGp=../graphsdb/mcs90/bvg/b09/mcs90_b09_s80.A83 fileNameGt=../graphsdb/mcs90/bvg/b09/mcs90_b09_s80.B83
Reading graphs...
80 :  359
80 :  360
Initializing...
maxdom : 9
D->valSize : 506
Solving...
Blb : 2 (clique : 49)
currentSize : 49 <-- 0.005654 s
currentSize : 52 <-- 0.092266 s
currentSize : 55 <-- 0.092479 s
currentSize : 60 <-- 0.092631 s
currentSize : 72 <-- 0.141642 s

maxsize : 72
nodes : 31979.000000
filtered : 142390.000000
time : 0.142176
