Parameters: GAD=1 vflib=1 dir=0 label=1 lowerbound=1 fileNameGp=../graphsdb/mcs90/rand/r02/mcs90_r02_s25.A93 fileNameGt=../graphsdb/mcs90/rand/r02/mcs90_r02_s25.B93
Reading graphs...
25 :  114
25 :  111
Initializing...
maxdom : 8
D->valSize : 167
Solving...
Blb : 2 (clique : 6)
currentSize : 6 <-- 0.000778 s
currentSize : 7 <-- 0.000817 s
currentSize : 8 <-- 0.001158 s
currentSize : 11 <-- 0.001275 s
currentSize : 19 <-- 0.001737 s

maxsize : 19
nodes : 548.000000
filtered : 6711.000000
time : 0.002312
