Parameters: GAD=1 vflib=1 dir=0 label=1 lowerbound=1 fileNameGp=../graphsdb/mcs90/m2D/m2D/mcs90_m2D_s80.A86 fileNameGt=../graphsdb/mcs90/m2D/m2D/mcs90_m2D_s80.B86
Reading graphs...
80 :  142
80 :  142
Initializing...
maxdom : 8
D->valSize : 440
Solving...
Blb : 2 (clique : 42)
currentSize : 42 <-- 0.008095 s
currentSize : 43 <-- 0.008612 s
currentSize : 44 <-- 0.009819 s
currentSize : 45 <-- 0.080270 s
currentSize : 46 <-- 0.080977 s
currentSize : 48 <-- 4.927634 s
currentSize : 49 <-- 7.207060 s
currentSize : 50 <-- 11.741060 s
currentSize : 51 <-- 15.239547 s
currentSize : 52 <-- 15.273043 s
currentSize : 53 <-- 17.437124 s
currentSize : 54 <-- 17.437220 s
currentSize : 56 <-- 17.437300 s
currentSize : 61 <-- 50.734493 s
currentSize : 62 <-- 50.734879 s
currentSize : 64 <-- 50.735126 s

maxsize : 64
nodes : 17159738.000000
filtered : 70638292.000000
time : 74.088615
