Parameters: GAD=1 vflib=1 dir=0 label=1 lowerbound=1 fileNameGp=../graphsdb/mcs90/m3D/m3D/mcs90_m3D_s70.A76 fileNameGt=../graphsdb/mcs90/m3D/m3D/mcs90_m3D_s70.B76
Reading graphs...
70 :  159
70 :  159
Initializing...
maxdom : 8
D->valSize : 348
Solving...
Blb : 3 (clique : 34)
currentSize : 34 <-- 0.003137 s
currentSize : 35 <-- 0.003612 s
currentSize : 39 <-- 0.003768 s
currentSize : 42 <-- 0.007995 s
currentSize : 52 <-- 0.011242 s
currentSize : 55 <-- 0.012968 s
currentSize : 64 <-- 0.017326 s

maxsize : 64
nodes : 3259.000000
filtered : 17329.000000
time : 0.017851
