Parameters: GAD=1 vflib=1 dir=0 label=1 lowerbound=1 fileNameGp=../graphsdb/mcs90/bvg/b09/mcs90_b09_s100.A22 fileNameGt=../graphsdb/mcs90/bvg/b09/mcs90_b09_s100.B22
Reading graphs...
100 :  450
100 :  450
Initializing...
maxdom : 7
D->valSize : 430
Solving...
Blb : 2 (clique : 46)
currentSize : 46 <-- 0.004570 s
currentSize : 54 <-- 0.005113 s
currentSize : 56 <-- 0.036002 s
currentSize : 66 <-- 0.037032 s
currentSize : 78 <-- 0.041823 s
currentSize : 90 <-- 0.051554 s

maxsize : 90
nodes : 9737.000000
filtered : 44415.000000
time : 0.052113
