Parameters: GAD=1 vflib=1 dir=0 label=1 lowerbound=1 fileNameGp=../graphsdb/mcs90/m2D/m2Dr6/mcs90_m2Dr6_s20.A69 fileNameGt=../graphsdb/mcs90/m2D/m2Dr6/mcs90_m2Dr6_s20.B69
Reading graphs...
20 :  42
20 :  40
Initializing...
maxdom : 9
D->valSize : 121
Solving...
Blb : 2 (clique : 7)
currentSize : 7 <-- 0.000615 s
currentSize : 8 <-- 0.000684 s
currentSize : 9 <-- 0.001098 s
currentSize : 10 <-- 0.001294 s
currentSize : 12 <-- 0.001434 s
currentSize : 15 <-- 0.001874 s

maxsize : 15
nodes : 605.000000
filtered : 5325.000000
time : 0.001994
