Parameters: GAD=1 vflib=1 dir=0 label=1 lowerbound=1 fileNameGp=../graphsdb/mcs90/m2D/m2Dr4/mcs90_m2Dr4_s100.A72 fileNameGt=../graphsdb/mcs90/m2D/m2Dr4/mcs90_m2Dr4_s100.B72
Reading graphs...
100 :  219
100 :  218
Initializing...
maxdom : 8
D->valSize : 390
Solving...
Blb : 2 (clique : 53)
currentSize : 53 <-- 0.007394 s
currentSize : 54 <-- 0.013213 s
currentSize : 56 <-- 0.013420 s
currentSize : 57 <-- 0.037483 s
currentSize : 58 <-- 0.037681 s
currentSize : 61 <-- 0.038436 s
currentSize : 63 <-- 0.038611 s
currentSize : 64 <-- 0.040526 s
currentSize : 67 <-- 0.078337 s
currentSize : 69 <-- 0.078523 s
currentSize : 70 <-- 0.080683 s
currentSize : 72 <-- 0.133521 s
currentSize : 73 <-- 0.134724 s
currentSize : 75 <-- 0.558079 s
currentSize : 76 <-- 0.559039 s
currentSize : 77 <-- 0.559121 s
currentSize : 78 <-- 0.570021 s
currentSize : 79 <-- 0.570545 s
currentSize : 80 <-- 0.570626 s

maxsize : 80
nodes : 355280.000000
filtered : 1258801.000000
time : 1.805490
