Parameters: GAD=1 vflib=1 dir=0 label=1 lowerbound=1 fileNameGp=../graphsdb/mcs90/m3D/m3D/mcs90_m3D_s70.A86 fileNameGt=../graphsdb/mcs90/m3D/m3D/mcs90_m3D_s70.B86
Reading graphs...
70 :  159
70 :  158
Initializing...
maxdom : 7
D->valSize : 359
Solving...
Blb : 2 (clique : 52)
currentSize : 52 <-- 0.003182 s
currentSize : 53 <-- 0.019501 s
currentSize : 55 <-- 0.019721 s
currentSize : 56 <-- 0.019941 s
currentSize : 58 <-- 0.024163 s
currentSize : 62 <-- 0.024383 s
currentSize : 64 <-- 0.024622 s

maxsize : 64
nodes : 4771.000000
filtered : 29460.000000
time : 0.025383
