Parameters: GAD=1 vflib=1 dir=0 label=1 lowerbound=1 fileNameGp=../graphsdb/mcs90/bvg/b03/mcs90_b03_s30.A01 fileNameGt=../graphsdb/mcs90/bvg/b03/mcs90_b03_s30.B01
Reading graphs...
30 :  45
30 :  45
Initializing...
maxdom : 9
D->valSize : 159
Solving...
Blb : 2 (clique : 17)
currentSize : 17 <-- 0.000995 s
currentSize : 19 <-- 0.001099 s
currentSize : 20 <-- 0.001205 s
currentSize : 23 <-- 0.001247 s
currentSize : 26 <-- 0.001369 s

maxsize : 26
nodes : 218.000000
filtered : 1009.000000
time : 0.001440
