Parameters: GAD=1 vflib=1 dir=0 label=1 lowerbound=1 fileNameGp=../graphsdb/mcs90/m2D/m2D/mcs90_m2D_s80.A63 fileNameGt=../graphsdb/mcs90/m2D/m2D/mcs90_m2D_s80.B63
Reading graphs...
80 :  142
80 :  142
Initializing...
maxdom : 8
D->valSize : 448
Solving...
Blb : 3 (clique : 38)
currentSize : 38 <-- 0.004736 s
currentSize : 53 <-- 0.005028 s
currentSize : 54 <-- 0.005150 s
currentSize : 56 <-- 4.638921 s
currentSize : 58 <-- 4.922878 s
currentSize : 61 <-- 11.824336 s
currentSize : 64 <-- 12.530456 s

maxsize : 64
nodes : 2749342.000000
filtered : 14915350.000000
time : 13.771825
