Parameters: GAD=1 vflib=1 dir=0 label=1 lowerbound=1 fileNameGp=../graphsdb/mcs90/m2D/m2Dr2/mcs90_m2Dr2_s80.A90 fileNameGt=../graphsdb/mcs90/m2D/m2Dr2/mcs90_m2Dr2_s80.B90
Reading graphs...
80 :  157
80 :  156
Initializing...
maxdom : 9
D->valSize : 478
Solving...
Blb : 2 (clique : 53)
currentSize : 53 <-- 0.005347 s
currentSize : 54 <-- 0.005669 s
currentSize : 57 <-- 0.084686 s
currentSize : 58 <-- 0.084803 s
currentSize : 62 <-- 5.665368 s
currentSize : 63 <-- 5.665495 s

maxsize : 63
nodes : 1688227.000000
filtered : 10046815.000000
time : 8.670022
