Parameters: GAD=1 vflib=1 dir=0 label=1 lowerbound=1 fileNameGp=../graphsdb/mcs90/m2D/m2Dr4/mcs90_m2Dr4_s60.A61 fileNameGt=../graphsdb/mcs90/m2D/m2Dr4/mcs90_m2Dr4_s60.B61
Reading graphs...
60 :  125
60 :  123
Initializing...
maxdom : 5
D->valSize : 235
Solving...
Blb : 2 (clique : 38)
currentSize : 38 <-- 0.001753 s
currentSize : 39 <-- 0.001934 s
currentSize : 43 <-- 0.002048 s
currentSize : 45 <-- 0.002595 s
currentSize : 49 <-- 0.002722 s

maxsize : 49
nodes : 1431.000000
filtered : 6275.000000
time : 0.006903
