Parameters: GAD=1 vflib=1 dir=0 label=1 lowerbound=1 fileNameGp=../graphsdb/mcs90/rand/r01/mcs90_r01_s90.A63 fileNameGt=../graphsdb/mcs90/rand/r01/mcs90_r01_s90.B63
Reading graphs...
90 :  766
90 :  768
Initializing...
maxdom : 9
D->valSize : 559
Solving...
Blb : 2 (clique : 35)
currentSize : 35 <-- 0.006610 s
currentSize : 36 <-- 0.006847 s
currentSize : 37 <-- 0.009448 s
currentSize : 51 <-- 0.009918 s
currentSize : 68 <-- 0.015490 s
currentSize : 69 <-- 0.015879 s

maxsize : 69
nodes : 7316480.000000
filtered : 4578153.000000
time : 26.496916
