Parameters: GAD=1 vflib=1 dir=0 label=1 lowerbound=1 fileNameGp=../graphsdb/mcs90/m3D/m3Dr2/mcs90_m3Dr2_s80.A69 fileNameGt=../graphsdb/mcs90/m3D/m3Dr2/mcs90_m3Dr2_s80.B69
Reading graphs...
80 :  199
80 :  199
Initializing...
maxdom : 9
D->valSize : 431
Solving...
Blb : 2 (clique : 50)
currentSize : 50 <-- 0.004395 s
currentSize : 54 <-- 0.004697 s
currentSize : 58 <-- 0.005223 s
currentSize : 62 <-- 0.005772 s
currentSize : 63 <-- 0.005943 s

maxsize : 63
nodes : 25112.000000
filtered : 195532.000000
time : 0.140020
