Parameters: GAD=1 vflib=1 dir=0 label=1 lowerbound=1 fileNameGp=../graphsdb/mcs90/m2D/m2Dr4/mcs90_m2Dr4_s90.A35 fileNameGt=../graphsdb/mcs90/m2D/m2Dr4/mcs90_m2Dr4_s90.B35
Reading graphs...
90 :  197
90 :  195
Initializing...
maxdom : 8
D->valSize : 528
Solving...
Blb : 3 (clique : 62)
currentSize : 62 <-- 0.006205 s
currentSize : 63 <-- 0.006578 s
currentSize : 65 <-- 0.006738 s
currentSize : 66 <-- 0.029871 s
currentSize : 69 <-- 0.030096 s
currentSize : 71 <-- 0.030419 s
currentSize : 74 <-- 0.030596 s
currentSize : 75 <-- 0.036592 s
currentSize : 76 <-- 0.036919 s
currentSize : 81 <-- 0.037109 s

maxsize : 81
nodes : 6265.000000
filtered : 48267.000000
time : 0.039295
