Parameters: GAD=1 vflib=1 dir=0 label=1 lowerbound=1 fileNameGp=../graphsdb/mcs90/m2D/m2Dr4/mcs90_m2Dr4_s100.A48 fileNameGt=../graphsdb/mcs90/m2D/m2Dr4/mcs90_m2Dr4_s100.B48
Reading graphs...
100 :  217
100 :  218
Initializing...
maxdom : 6
D->valSize : 375
Solving...
Blb : 2 (clique : 71)
currentSize : 71 <-- 0.004237 s
currentSize : 73 <-- 0.004636 s
currentSize : 74 <-- 0.004928 s
currentSize : 78 <-- 0.005172 s
currentSize : 80 <-- 0.006235 s

maxsize : 80
nodes : 1827203.000000
filtered : 5915836.000000
time : 9.300131
