Parameters: GAD=1 vflib=1 dir=0 label=1 lowerbound=1 fileNameGp=../graphsdb/mcs90/m2D/m2Dr2/mcs90_m2Dr2_s80.A01 fileNameGt=../graphsdb/mcs90/m2D/m2Dr2/mcs90_m2Dr2_s80.B01
Reading graphs...
80 :  157
80 :  156
Initializing...
maxdom : 11
D->valSize : 510
Solving...
Blb : 2 (clique : 53)
currentSize : 53 <-- 0.005866 s
currentSize : 54 <-- 0.006186 s
currentSize : 55 <-- 0.006423 s
currentSize : 56 <-- 0.006486 s
currentSize : 57 <-- 0.007052 s
currentSize : 59 <-- 0.007162 s
currentSize : 63 <-- 0.013029 s

maxsize : 63
nodes : 297781.000000
filtered : 1953553.000000
time : 1.439428
