Parameters: GAD=1 vflib=1 dir=0 label=1 lowerbound=1 fileNameGp=../graphsdb/mcs90/bvg/b03m/mcs90_b03m_s90.A91 fileNameGt=../graphsdb/mcs90/bvg/b03m/mcs90_b03m_s90.B91
Reading graphs...
90 :  135
90 :  135
Initializing...
maxdom : 9
D->valSize : 603
Solving...
Blb : 2 (clique : 66)
currentSize : 66 <-- 0.007904 s
currentSize : 70 <-- 0.008333 s
currentSize : 73 <-- 0.008576 s
currentSize : 75 <-- 0.008926 s
currentSize : 77 <-- 0.111419 s
currentSize : 78 <-- 0.111770 s
currentSize : 80 <-- 0.111914 s

maxsize : 80
nodes : 37830.000000
filtered : 339228.000000
time : 0.252445
