Parameters: GAD=1 vflib=1 dir=0 label=1 lowerbound=1 fileNameGp=../graphsdb/mcs90/m3D/m3Dr2/mcs90_m3Dr2_s30.A17 fileNameGt=../graphsdb/mcs90/m3D/m3Dr2/mcs90_m3Dr2_s30.B17
Reading graphs...
30 :  66
30 :  67
Initializing...
maxdom : 7
D->valSize : 142
Solving...
Blb : 3 (clique : 12)
currentSize : 12 <-- 0.000783 s
currentSize : 14 <-- 0.000857 s
currentSize : 15 <-- 0.000904 s
currentSize : 18 <-- 0.001471 s
currentSize : 20 <-- 0.001535 s
currentSize : 27 <-- 0.001724 s

maxsize : 27
nodes : 412.000000
filtered : 2203.000000
time : 0.001788
