Parameters: GAD=1 vflib=1 dir=0 label=1 lowerbound=1 fileNameGp=../graphsdb/mcs90/bvg/b03m/mcs90_b03m_s80.A56 fileNameGt=../graphsdb/mcs90/bvg/b03m/mcs90_b03m_s80.B56
Reading graphs...
80 :  120
80 :  120
Initializing...
maxdom : 9
D->valSize : 465
Solving...
Blb : 2 (clique : 55)
currentSize : 55 <-- 0.005050 s
currentSize : 57 <-- 0.005729 s
currentSize : 58 <-- 0.005947 s
currentSize : 61 <-- 0.006193 s
currentSize : 62 <-- 0.006455 s
currentSize : 65 <-- 0.006548 s
currentSize : 68 <-- 0.008144 s
currentSize : 72 <-- 0.014421 s

maxsize : 72
nodes : 2571.000000
filtered : 12405.000000
time : 0.016109
