Parameters: GAD=1 vflib=1 dir=0 label=1 lowerbound=1 fileNameGp=../graphsdb/mcs90/m2D/m2Dr4/mcs90_m2Dr4_s80.A09 fileNameGt=../graphsdb/mcs90/m2D/m2Dr4/mcs90_m2Dr4_s80.B09
Reading graphs...
80 :  174
80 :  174
Initializing...
maxdom : 10
D->valSize : 495
Solving...
Blb : 2 (clique : 52)
currentSize : 52 <-- 0.008976 s
currentSize : 55 <-- 0.192803 s
currentSize : 60 <-- 1.592341 s
currentSize : 61 <-- 3.932720 s
currentSize : 64 <-- 5.973649 s

maxsize : 64
nodes : 1518525.000000
filtered : 6947597.000000
time : 6.600087
