Parameters: GAD=1 vflib=1 dir=0 label=1 lowerbound=1 fileNameGp=../graphsdb/mcs90/bvg/b09/mcs90_b09_s100.A20 fileNameGt=../graphsdb/mcs90/bvg/b09/mcs90_b09_s100.B20
Reading graphs...
100 :  450
100 :  449
Initializing...
maxdom : 7
D->valSize : 398
Solving...
Blb : 5 (clique : 51)
currentSize : 51 <-- 0.007006 s
currentSize : 53 <-- 0.008327 s
currentSize : 54 <-- 0.025626 s
currentSize : 57 <-- 0.026666 s
currentSize : 61 <-- 0.027125 s
currentSize : 64 <-- 0.028299 s
currentSize : 69 <-- 0.028823 s
currentSize : 81 <-- 0.033329 s
currentSize : 90 <-- 0.035736 s

maxsize : 90
nodes : 4582.000000
filtered : 10135.000000
time : 0.039124
