Parameters: GAD=1 vflib=1 dir=0 label=1 lowerbound=1 fileNameGp=../graphsdb/mcs90/m3D/m3Dr2/mcs90_m3Dr2_s80.A62 fileNameGt=../graphsdb/mcs90/m3D/m3Dr2/mcs90_m3Dr2_s80.B62
Reading graphs...
80 :  200
80 :  199
Initializing...
maxdom : 9
D->valSize : 439
Solving...
Blb : 2 (clique : 37)
currentSize : 37 <-- 0.004717 s
currentSize : 39 <-- 0.018025 s
currentSize : 40 <-- 0.032314 s
currentSize : 43 <-- 0.254315 s
currentSize : 45 <-- 0.254415 s
currentSize : 47 <-- 0.797984 s
currentSize : 48 <-- 0.798086 s
currentSize : 49 <-- 0.798212 s
currentSize : 50 <-- 1.088732 s
currentSize : 53 <-- 1.090118 s
currentSize : 56 <-- 1.457285 s
currentSize : 57 <-- 1.457509 s
currentSize : 62 <-- 2.725794 s
currentSize : 64 <-- 2.725953 s

maxsize : 64
nodes : 576613.000000
filtered : 3135546.000000
time : 2.758631
