Parameters: GAD=1 vflib=1 dir=0 label=1 lowerbound=1 fileNameGp=../graphsdb/mcs90/m2D/m2D/mcs90_m2D_s80.A03 fileNameGt=../graphsdb/mcs90/m2D/m2D/mcs90_m2D_s80.B03
Reading graphs...
80 :  142
80 :  142
Initializing...
maxdom : 9
D->valSize : 451
Solving...
Blb : 2 (clique : 42)
currentSize : 42 <-- 0.004699 s
currentSize : 47 <-- 0.004997 s
currentSize : 48 <-- 0.005096 s
currentSize : 52 <-- 0.005211 s
currentSize : 53 <-- 0.005412 s
currentSize : 54 <-- 0.005559 s
currentSize : 56 <-- 0.005774 s
currentSize : 59 <-- 0.005943 s
currentSize : 63 <-- 4.451216 s
currentSize : 64 <-- 4.451516 s

maxsize : 64
nodes : 1022599.000000
filtered : 5902759.000000
time : 5.239943
