Parameters: GAD=1 vflib=1 dir=0 label=1 lowerbound=1 fileNameGp=../graphsdb/mcs90/rand/r02/mcs90_r02_s90.A36 fileNameGt=../graphsdb/mcs90/rand/r02/mcs90_r02_s90.B36
Reading graphs...
90 :  1438
90 :  1441
Initializing...
maxdom : 10
D->valSize : 571
Solving...
Blb : 5 (clique : 53)
currentSize : 53 <-- 0.010146 s
currentSize : 54 <-- 0.013885 s
currentSize : 55 <-- 0.901171 s
currentSize : 56 <-- 187.418045 s
currentSize : 57 <-- 188.150269 s

maxsize : 57
nodes : 943537903.000000
filtered : 392039454.000000
time : 3427.463379
