Parameters: GAD=1 vflib=1 dir=0 label=1 lowerbound=1 fileNameGp=../graphsdb/mcs90/m4D/m4Dr2/mcs90_m4Dr2_s100.A66 fileNameGt=../graphsdb/mcs90/m4D/m4Dr2/mcs90_m4Dr2_s100.B66
Reading graphs...
100 :  238
100 :  236
Initializing...
maxdom : 9
D->valSize : 426
Solving...
Blb : 3 (clique : 62)
currentSize : 62 <-- 0.005038 s
currentSize : 63 <-- 0.005684 s
currentSize : 65 <-- 0.006038 s
currentSize : 66 <-- 0.006230 s
currentSize : 67 <-- 0.007291 s
currentSize : 68 <-- 0.007481 s
currentSize : 69 <-- 0.011877 s
currentSize : 70 <-- 0.036100 s
currentSize : 71 <-- 0.278572 s
currentSize : 72 <-- 0.278780 s
currentSize : 75 <-- 0.291293 s
currentSize : 76 <-- 0.291487 s
currentSize : 78 <-- 0.311160 s
currentSize : 79 <-- 0.311363 s
currentSize : 80 <-- 0.465832 s

maxsize : 80
nodes : 1478599.000000
filtered : 6650345.000000
time : 7.664564
