Parameters: GAD=1 vflib=1 dir=0 label=1 lowerbound=1 fileNameGp=../graphsdb/mcs90/rand/r01/mcs90_r01_s70.A37 fileNameGt=../graphsdb/mcs90/rand/r01/mcs90_r01_s70.B37
Reading graphs...
70 :  455
70 :  454
Initializing...
maxdom : 7
D->valSize : 358
Solving...
Blb : 2 (clique : 13)
currentSize : 13 <-- 0.002801 s
currentSize : 16 <-- 0.003664 s
currentSize : 20 <-- 0.005694 s
currentSize : 23 <-- 0.006897 s
currentSize : 28 <-- 0.008193 s
currentSize : 30 <-- 0.009251 s
currentSize : 33 <-- 0.009908 s
currentSize : 39 <-- 0.010077 s
currentSize : 43 <-- 0.011426 s
currentSize : 56 <-- 0.012126 s

maxsize : 56
nodes : 80438.000000
filtered : 60432.000000
time : 0.226102
