Parameters: GAD=1 vflib=1 dir=0 label=1 lowerbound=1 fileNameGp=../graphsdb/mcs90/bvg/b03/mcs90_b03_s35.A61 fileNameGt=../graphsdb/mcs90/bvg/b03/mcs90_b03_s35.B61
Reading graphs...
35 :  52
35 :  52
Initializing...
maxdom : 9
D->valSize : 185
Solving...
Blb : 2 (clique : 24)
currentSize : 24 <-- 0.001072 s
currentSize : 26 <-- 0.001168 s
currentSize : 27 <-- 0.001221 s
currentSize : 29 <-- 0.001257 s
currentSize : 30 <-- 0.001330 s

maxsize : 30
nodes : 427.000000
filtered : 1829.000000
time : 0.002022
