Parameters: GAD=1 vflib=1 dir=0 label=1 lowerbound=1 fileNameGp=../graphsdb/mcs90/m3D/m3Dr4/mcs90_m3Dr4_s80.A22 fileNameGt=../graphsdb/mcs90/m3D/m3Dr4/mcs90_m3Dr4_s80.B22
Reading graphs...
80 :  213
80 :  212
Initializing...
maxdom : 12
D->valSize : 512
Solving...
Blb : 3 (clique : 45)
currentSize : 45 <-- 0.009534 s
currentSize : 51 <-- 0.018505 s
currentSize : 52 <-- 0.018604 s
currentSize : 58 <-- 0.023593 s
currentSize : 64 <-- 0.024049 s

maxsize : 64
nodes : 14540.000000
filtered : 96195.000000
time : 0.075531
