Parameters: GAD=1 vflib=1 dir=0 label=1 lowerbound=1 fileNameGp=../graphsdb/mcs90/bvg/b03/mcs90_b03_s90.A15 fileNameGt=../graphsdb/mcs90/bvg/b03/mcs90_b03_s90.B15
Reading graphs...
90 :  135
90 :  135
Initializing...
maxdom : 15
D->valSize : 625
Solving...
Blb : 2 (clique : 72)
currentSize : 72 <-- 0.014035 s
currentSize : 75 <-- 0.015317 s
currentSize : 76 <-- 0.018372 s
currentSize : 77 <-- 0.021335 s
currentSize : 80 <-- 0.022000 s

maxsize : 80
nodes : 1635.000000
filtered : 5603.000000
time : 0.023479
