Parameters: GAD=1 vflib=1 dir=0 label=1 lowerbound=1 fileNameGp=../graphsdb/mcs90/bvg/b03m/mcs90_b03m_s70.A76 fileNameGt=../graphsdb/mcs90/bvg/b03m/mcs90_b03m_s70.B76
Reading graphs...
70 :  104
70 :  104
Initializing...
maxdom : 10
D->valSize : 376
Solving...
Blb : 2 (clique : 41)
currentSize : 41 <-- 0.003579 s
currentSize : 42 <-- 0.003934 s
currentSize : 43 <-- 0.004228 s
currentSize : 45 <-- 0.004275 s
currentSize : 49 <-- 0.004583 s
currentSize : 50 <-- 0.005016 s
currentSize : 51 <-- 0.005458 s
currentSize : 55 <-- 0.005634 s
currentSize : 56 <-- 0.006058 s
currentSize : 57 <-- 0.006139 s
currentSize : 59 <-- 0.006195 s
currentSize : 62 <-- 0.087767 s

maxsize : 62
nodes : 27407.000000
filtered : 143417.000000
time : 0.120219
