Parameters: GAD=1 vflib=1 dir=0 label=1 lowerbound=1 fileNameGp=../graphsdb/mcs90/bvg/b06/mcs90_b06_s50.A83 fileNameGt=../graphsdb/mcs90/bvg/b06/mcs90_b06_s50.B83
Reading graphs...
50 :  150
50 :  149
Initializing...
maxdom : 10
D->valSize : 330
Solving...
Blb : 2 (clique : 16)
currentSize : 16 <-- 0.003772 s
currentSize : 17 <-- 0.003911 s
currentSize : 18 <-- 0.004359 s
currentSize : 19 <-- 0.004386 s
currentSize : 21 <-- 0.005410 s
currentSize : 23 <-- 0.005520 s
currentSize : 24 <-- 0.010905 s
currentSize : 25 <-- 0.016203 s
currentSize : 26 <-- 0.016290 s
currentSize : 27 <-- 0.016385 s
currentSize : 30 <-- 0.016428 s
currentSize : 31 <-- 0.020382 s
currentSize : 36 <-- 0.035381 s
currentSize : 37 <-- 0.045318 s
currentSize : 40 <-- 0.047261 s
currentSize : 45 <-- 0.047642 s

maxsize : 45
nodes : 7204.000000
filtered : 52202.000000
time : 0.047994
