Parameters: GAD=1 vflib=1 dir=0 label=1 lowerbound=1 fileNameGp=../graphsdb/mcs90/bvg/b03m/mcs90_b03m_s50.A13 fileNameGt=../graphsdb/mcs90/bvg/b03m/mcs90_b03m_s50.B13
Reading graphs...
50 :  74
50 :  74
Initializing...
maxdom : 10
D->valSize : 354
Solving...
Blb : 5 (clique : 37)
currentSize : 37 <-- 0.002882 s
currentSize : 38 <-- 0.003063 s
currentSize : 39 <-- 0.003128 s
currentSize : 40 <-- 0.005699 s
currentSize : 43 <-- 0.005800 s
currentSize : 44 <-- 0.005883 s

maxsize : 44
nodes : 1278.000000
filtered : 4931.000000
time : 0.006664
