Parameters: GAD=1 vflib=1 dir=0 label=1 lowerbound=1 fileNameGp=../graphsdb/mcs90/bvg/b09/mcs90_b09_s70.A84 fileNameGt=../graphsdb/mcs90/bvg/b09/mcs90_b09_s70.B84
Reading graphs...
70 :  314
70 :  314
Initializing...
maxdom : 8
D->valSize : 365
Solving...
Blb : 2 (clique : 25)
currentSize : 25 <-- 0.003082 s
currentSize : 32 <-- 0.003284 s
currentSize : 39 <-- 0.003544 s
currentSize : 51 <-- 0.004955 s
currentSize : 62 <-- 0.006137 s

maxsize : 62
nodes : 1000.000000
filtered : 5655.000000
time : 0.006700
