Parameters: GAD=1 vflib=1 dir=0 label=1 lowerbound=1 fileNameGp=../graphsdb/mcs90/m2D/m2Dr2/mcs90_m2Dr2_s70.A66 fileNameGt=../graphsdb/mcs90/m2D/m2Dr2/mcs90_m2Dr2_s70.B66
Reading graphs...
70 :  137
70 :  137
Initializing...
maxdom : 9
D->valSize : 373
Solving...
Blb : 2 (clique : 48)
currentSize : 48 <-- 0.003467 s
currentSize : 52 <-- 0.003725 s
currentSize : 53 <-- 0.003850 s
currentSize : 54 <-- 0.004935 s
currentSize : 55 <-- 0.005063 s
currentSize : 57 <-- 0.005182 s
currentSize : 61 <-- 0.014745 s
currentSize : 64 <-- 0.014872 s

maxsize : 64
nodes : 4042.000000
filtered : 21025.000000
time : 0.019166
