Parameters: GAD=1 vflib=1 dir=0 label=1 lowerbound=1 fileNameGp=../graphsdb/mcs90/bvg/b06/mcs90_b06_s50.A75 fileNameGt=../graphsdb/mcs90/bvg/b06/mcs90_b06_s50.B75
Reading graphs...
50 :  150
50 :  150
Initializing...
maxdom : 9
D->valSize : 337
Solving...
Blb : 2 (clique : 32)
currentSize : 32 <-- 0.002511 s
currentSize : 33 <-- 0.004187 s
currentSize : 34 <-- 0.008787 s
currentSize : 35 <-- 0.008936 s
currentSize : 45 <-- 0.013628 s

maxsize : 45
nodes : 3264.000000
filtered : 22895.000000
time : 0.013830
