Parameters: GAD=1 vflib=1 dir=0 label=1 lowerbound=1 fileNameGp=../graphsdb/mcs90/rand/r02/mcs90_r02_s60.A78 fileNameGt=../graphsdb/mcs90/rand/r02/mcs90_r02_s60.B78
Reading graphs...
60 :  634
60 :  641
Initializing...
maxdom : 8
D->valSize : 283
Solving...
Blb : 2 (clique : 34)
currentSize : 34 <-- 0.002167 s
currentSize : 36 <-- 0.009101 s
currentSize : 37 <-- 0.276356 s
currentSize : 38 <-- 1.665759 s
currentSize : 39 <-- 1.886689 s

maxsize : 39
nodes : 2230795.000000
filtered : 919810.000000
time : 6.048727
