Parameters: GAD=1 vflib=1 dir=0 label=1 lowerbound=1 fileNameGp=../graphsdb/mcs90/m2D/m2Dr4/mcs90_m2Dr4_s60.A43 fileNameGt=../graphsdb/mcs90/m2D/m2Dr4/mcs90_m2Dr4_s60.B43
Reading graphs...
60 :  124
60 :  124
Initializing...
maxdom : 7
D->valSize : 254
Solving...
Blb : 2 (clique : 28)
currentSize : 28 <-- 0.001962 s
currentSize : 33 <-- 0.002710 s
currentSize : 34 <-- 0.004011 s
currentSize : 37 <-- 0.004846 s
currentSize : 38 <-- 0.004905 s
currentSize : 43 <-- 0.009887 s
currentSize : 44 <-- 0.009954 s
currentSize : 47 <-- 0.012366 s
currentSize : 49 <-- 0.012428 s

maxsize : 49
nodes : 3600.000000
filtered : 10889.000000
time : 0.013676
