Parameters: GAD=1 vflib=1 dir=0 label=1 lowerbound=1 fileNameGp=../graphsdb/mcs90/bvg/b09/mcs90_b09_s80.A43 fileNameGt=../graphsdb/mcs90/bvg/b09/mcs90_b09_s80.B43
Reading graphs...
80 :  360
80 :  359
Initializing...
maxdom : 9
D->valSize : 470
Solving...
Blb : 2 (clique : 18)
currentSize : 18 <-- 0.004725 s
currentSize : 19 <-- 0.005937 s
currentSize : 20 <-- 0.006742 s
currentSize : 22 <-- 0.009042 s
currentSize : 23 <-- 0.009089 s
currentSize : 24 <-- 0.009285 s
currentSize : 25 <-- 0.009528 s
currentSize : 26 <-- 0.010832 s
currentSize : 31 <-- 0.016008 s
currentSize : 34 <-- 0.016297 s
currentSize : 36 <-- 0.020845 s
currentSize : 48 <-- 0.024324 s
currentSize : 54 <-- 0.041182 s
currentSize : 72 <-- 0.058218 s

maxsize : 72
nodes : 12448.000000
filtered : 96557.000000
time : 0.066338
