Parameters: GAD=1 vflib=1 dir=0 label=1 lowerbound=1 fileNameGp=../graphsdb/mcs90/m2D/m2Dr6/mcs90_m2Dr6_s90.A93 fileNameGt=../graphsdb/mcs90/m2D/m2Dr6/mcs90_m2Dr6_s90.B93
Reading graphs...
90 :  211
90 :  209
Initializing...
maxdom : 12
D->valSize : 588
Solving...
Blb : 3 (clique : 64)
currentSize : 64 <-- 0.007249 s
currentSize : 65 <-- 0.007747 s
currentSize : 70 <-- 0.008534 s
currentSize : 73 <-- 0.030158 s
currentSize : 79 <-- 0.035233 s

maxsize : 79
nodes : 60056.000000
filtered : 334569.000000
time : 0.293022
