Parameters: GAD=1 vflib=1 dir=0 label=1 lowerbound=1 fileNameGp=../graphsdb/mcs90/bvg/b03/mcs90_b03_s40.A65 fileNameGt=../graphsdb/mcs90/bvg/b03/mcs90_b03_s40.B65
Reading graphs...
40 :  60
40 :  60
Initializing...
maxdom : 7
D->valSize : 219
Solving...
Blb : 3 (clique : 21)
currentSize : 21 <-- 0.001439 s
currentSize : 28 <-- 0.001542 s
currentSize : 30 <-- 0.001615 s
currentSize : 32 <-- 0.002926 s
currentSize : 36 <-- 0.003252 s

maxsize : 36
nodes : 718.000000
filtered : 3297.000000
time : 0.003358
