Parameters: GAD=1 vflib=1 dir=0 label=1 lowerbound=1 fileNameGp=../graphsdb/mcs90/bvg/b06/mcs90_b06_s80.A36 fileNameGt=../graphsdb/mcs90/bvg/b06/mcs90_b06_s80.B36
Reading graphs...
80 :  240
80 :  240
Initializing...
maxdom : 9
D->valSize : 455
Solving...
Blb : 2 (clique : 45)
currentSize : 45 <-- 0.007561 s
currentSize : 50 <-- 0.008036 s
currentSize : 51 <-- 0.008351 s
currentSize : 52 <-- 0.008742 s
currentSize : 55 <-- 0.009072 s
currentSize : 56 <-- 0.012232 s
currentSize : 62 <-- 0.012604 s
currentSize : 64 <-- 0.013003 s
currentSize : 65 <-- 0.013559 s
currentSize : 72 <-- 0.014016 s

maxsize : 72
nodes : 1436.000000
filtered : 3773.000000
time : 0.014896
