Parameters: GAD=1 vflib=1 dir=0 label=1 lowerbound=1 fileNameGp=../graphsdb/mcs90/rand/r01/mcs90_r01_s90.A88 fileNameGt=../graphsdb/mcs90/rand/r01/mcs90_r01_s90.B88
Reading graphs...
90 :  757
90 :  757
Initializing...
maxdom : 10
D->valSize : 622
Solving...
Blb : 2 (clique : 46)
currentSize : 46 <-- 0.007508 s
currentSize : 47 <-- 0.007916 s
currentSize : 66 <-- 0.192946 s
currentSize : 67 <-- 0.193516 s
currentSize : 68 <-- 0.464896 s

maxsize : 68
nodes : 76583050.000000
filtered : 27470263.000000
time : 247.160751
