Parameters: GAD=1 vflib=1 dir=0 label=1 lowerbound=1 fileNameGp=../graphsdb/mcs90/bvg/b09/mcs90_b09_s70.A74 fileNameGt=../graphsdb/mcs90/bvg/b09/mcs90_b09_s70.B74
Reading graphs...
70 :  314
70 :  313
Initializing...
maxdom : 10
D->valSize : 375
Solving...
Blb : 2 (clique : 29)
currentSize : 29 <-- 0.003103 s
currentSize : 30 <-- 0.003296 s
currentSize : 34 <-- 0.004054 s
currentSize : 36 <-- 0.007979 s
currentSize : 37 <-- 0.016043 s
currentSize : 43 <-- 0.016178 s
currentSize : 51 <-- 0.016446 s
currentSize : 62 <-- 0.024996 s

maxsize : 62
nodes : 4234.000000
filtered : 43192.000000
time : 0.025580
