Parameters: GAD=1 vflib=1 dir=0 label=1 lowerbound=1 fileNameGp=../graphsdb/mcs90/m3D/m3Dr2/mcs90_m3Dr2_s80.A49 fileNameGt=../graphsdb/mcs90/m3D/m3Dr2/mcs90_m3Dr2_s80.B49
Reading graphs...
80 :  198
80 :  198
Initializing...
maxdom : 8
D->valSize : 452
Solving...
Blb : 2 (clique : 33)
currentSize : 33 <-- 0.004613 s
currentSize : 38 <-- 0.014427 s
currentSize : 42 <-- 0.026865 s
currentSize : 43 <-- 1.384814 s
currentSize : 45 <-- 1.385006 s
currentSize : 50 <-- 2.041553 s
currentSize : 56 <-- 3.237670 s
currentSize : 61 <-- 3.643640 s
currentSize : 63 <-- 4.286480 s
currentSize : 64 <-- 4.286618 s

maxsize : 64
nodes : 925835.000000
filtered : 5903398.000000
time : 4.767592
