Parameters: GAD=1 vflib=1 dir=0 label=1 lowerbound=1 fileNameGp=../graphsdb/mcs90/bvg/b06/mcs90_b06_s100.A33 fileNameGt=../graphsdb/mcs90/bvg/b06/mcs90_b06_s100.B33
Reading graphs...
100 :  300
100 :  300
Initializing...
maxdom : 7
D->valSize : 382
Solving...
Blb : 3 (clique : 53)
currentSize : 53 <-- 0.004182 s
currentSize : 55 <-- 0.004668 s
currentSize : 56 <-- 0.004991 s
currentSize : 58 <-- 0.005120 s
currentSize : 59 <-- 0.386458 s
currentSize : 62 <-- 0.386806 s
currentSize : 64 <-- 0.387164 s
currentSize : 65 <-- 0.395133 s
currentSize : 73 <-- 0.403498 s
currentSize : 80 <-- 0.413210 s
currentSize : 81 <-- 0.423606 s
currentSize : 83 <-- 0.424254 s
currentSize : 90 <-- 0.425699 s

maxsize : 90
nodes : 93095.000000
filtered : 299432.000000
time : 0.426494
