Parameters: GAD=1 vflib=1 dir=0 label=1 lowerbound=1 fileNameGp=../graphsdb/mcs90/bvg/b03/mcs90_b03_s80.A96 fileNameGt=../graphsdb/mcs90/bvg/b03/mcs90_b03_s80.B96
Reading graphs...
80 :  120
80 :  120
Initializing...
maxdom : 9
D->valSize : 465
Solving...
Blb : 2 (clique : 61)
currentSize : 61 <-- 0.008479 s
currentSize : 63 <-- 0.032921 s
currentSize : 65 <-- 0.038501 s
currentSize : 66 <-- 0.038657 s
currentSize : 67 <-- 0.041274 s
currentSize : 68 <-- 0.041452 s
currentSize : 71 <-- 0.042163 s
currentSize : 72 <-- 0.042329 s

maxsize : 72
nodes : 6009.000000
filtered : 26162.000000
time : 0.043890
