Parameters: GAD=1 vflib=1 dir=0 label=1 lowerbound=1 fileNameGp=../graphsdb/mcs90/bvg/b06/mcs90_b06_s40.A03 fileNameGt=../graphsdb/mcs90/bvg/b06/mcs90_b06_s40.B03
Reading graphs...
40 :  120
40 :  120
Initializing...
maxdom : 7
D->valSize : 213
Solving...
Blb : 2 (clique : 13)
currentSize : 13 <-- 0.001376 s
currentSize : 15 <-- 0.001448 s
currentSize : 16 <-- 0.001503 s
currentSize : 17 <-- 0.001529 s
currentSize : 18 <-- 0.003201 s
currentSize : 20 <-- 0.003269 s
currentSize : 21 <-- 0.003651 s
currentSize : 24 <-- 0.003784 s
currentSize : 30 <-- 0.014256 s
currentSize : 36 <-- 0.014314 s

maxsize : 36
nodes : 4590.000000
filtered : 26822.000000
time : 0.014500
