Parameters: GAD=1 vflib=1 dir=0 label=1 lowerbound=1 fileNameGp=../graphsdb/mcs90/m2D/m2Dr6/mcs90_m2Dr6_s100.A30 fileNameGt=../graphsdb/mcs90/m2D/m2Dr6/mcs90_m2Dr6_s100.B30
Reading graphs...
100 :  240
100 :  240
Initializing...
maxdom : 8
D->valSize : 403
Solving...
Blb : 3 (clique : 65)
currentSize : 65 <-- 0.004492 s
currentSize : 66 <-- 0.005006 s
currentSize : 67 <-- 0.006560 s
currentSize : 74 <-- 0.006890 s
currentSize : 81 <-- 0.008430 s

maxsize : 81
nodes : 6626.000000
filtered : 39972.000000
time : 0.044089
