Parameters: GAD=1 vflib=1 dir=0 label=1 lowerbound=1 fileNameGp=../graphsdb/mcs90/m2D/m2Dr4/mcs90_m2Dr4_s70.A93 fileNameGt=../graphsdb/mcs90/m2D/m2Dr4/mcs90_m2Dr4_s70.B93
Reading graphs...
70 :  150
70 :  148
Initializing...
maxdom : 10
D->valSize : 399
Solving...
Blb : 3 (clique : 45)
currentSize : 45 <-- 0.003789 s
currentSize : 47 <-- 0.004057 s
currentSize : 51 <-- 0.004674 s
currentSize : 58 <-- 0.005358 s
currentSize : 63 <-- 0.009362 s

maxsize : 63
nodes : 2313.000000
filtered : 12617.000000
time : 0.012687
