Parameters: GAD=1 vflib=1 dir=0 label=1 lowerbound=1 fileNameGp=../graphsdb/mcs90/m3D/m3Dr6/mcs90_m3Dr6_s80.A41 fileNameGt=../graphsdb/mcs90/m3D/m3Dr6/mcs90_m3Dr6_s80.B41
Reading graphs...
80 :  231
80 :  231
Initializing...
maxdom : 11
D->valSize : 478
Solving...
Blb : 2 (clique : 46)
currentSize : 46 <-- 0.008163 s
currentSize : 50 <-- 0.008994 s
currentSize : 52 <-- 0.010573 s
currentSize : 57 <-- 0.019128 s
currentSize : 64 <-- 0.062777 s

maxsize : 64
nodes : 180928.000000
filtered : 1004390.000000
time : 0.847669
