Parameters: GAD=1 vflib=1 dir=0 label=1 lowerbound=1 fileNameGp=../graphsdb/mcs90/bvg/b03m/mcs90_b03m_s100.A48 fileNameGt=../graphsdb/mcs90/bvg/b03m/mcs90_b03m_s100.B48
Reading graphs...
100 :  150
100 :  150
Initializing...
maxdom : 7
D->valSize : 392
Solving...
Blb : 2 (clique : 79)
currentSize : 79 <-- 0.007737 s
currentSize : 83 <-- 0.011831 s
currentSize : 85 <-- 0.012542 s
currentSize : 89 <-- 0.019409 s
currentSize : 90 <-- 0.021392 s

maxsize : 90
nodes : 2670.000000
filtered : 7433.000000
time : 0.027388
