Parameters: GAD=1 vflib=1 dir=0 label=1 lowerbound=1 fileNameGp=../graphsdb/mcs90/bvg/b03/mcs90_b03_s50.A87 fileNameGt=../graphsdb/mcs90/bvg/b03/mcs90_b03_s50.B87
Reading graphs...
50 :  75
50 :  75
Initializing...
maxdom : 10
D->valSize : 336
Solving...
Blb : 2 (clique : 27)
currentSize : 27 <-- 0.002615 s
currentSize : 36 <-- 0.002776 s
currentSize : 38 <-- 0.017311 s
currentSize : 40 <-- 0.031274 s
currentSize : 44 <-- 0.035046 s

maxsize : 44
nodes : 9771.000000
filtered : 58284.000000
time : 0.038194
