Parameters: GAD=1 vflib=1 dir=0 label=1 lowerbound=1 fileNameGp=../graphsdb/mcs90/m2D/m2Dr4/mcs90_m2Dr4_s100.A58 fileNameGt=../graphsdb/mcs90/m2D/m2Dr4/mcs90_m2Dr4_s100.B58
Reading graphs...
100 :  219
100 :  217
Initializing...
maxdom : 8
D->valSize : 372
Solving...
Blb : 3 (clique : 65)
currentSize : 65 <-- 0.004113 s
currentSize : 67 <-- 0.004576 s
currentSize : 69 <-- 0.004774 s
currentSize : 75 <-- 0.005320 s
currentSize : 81 <-- 0.005809 s

maxsize : 81
nodes : 2723.000000
filtered : 16228.000000
time : 0.020440
