Parameters: GAD=1 vflib=1 dir=0 label=1 lowerbound=1 fileNameGp=../graphsdb/mcs90/m2D/m2Dr6/mcs90_m2Dr6_s100.A77 fileNameGt=../graphsdb/mcs90/m2D/m2Dr6/mcs90_m2Dr6_s100.B77
Reading graphs...
100 :  237
100 :  236
Initializing...
maxdom : 6
D->valSize : 373
Solving...
Blb : 3 (clique : 65)
currentSize : 65 <-- 0.004396 s
currentSize : 68 <-- 0.016482 s
currentSize : 70 <-- 0.028452 s
currentSize : 75 <-- 0.038343 s
currentSize : 80 <-- 0.073136 s

maxsize : 80
nodes : 85023.000000
filtered : 461988.000000
time : 0.491415
