Parameters: GAD=1 vflib=1 dir=0 label=1 lowerbound=1 fileNameGp=../graphsdb/mcs90/bvg/b03/mcs90_b03_s70.A92 fileNameGt=../graphsdb/mcs90/bvg/b03/mcs90_b03_s70.B92
Reading graphs...
70 :  105
70 :  105
Initializing...
maxdom : 8
D->valSize : 355
Solving...
Blb : 2 (clique : 50)
currentSize : 50 <-- 0.005300 s
currentSize : 51 <-- 0.005742 s
currentSize : 52 <-- 0.006040 s
currentSize : 54 <-- 0.015519 s
currentSize : 57 <-- 0.015919 s
currentSize : 59 <-- 0.024233 s
currentSize : 62 <-- 0.024526 s

maxsize : 62
nodes : 3083.000000
filtered : 12263.000000
time : 0.024973
