Parameters: GAD=1 vflib=1 dir=0 label=1 lowerbound=1 fileNameGp=../graphsdb/mcs90/m2D/m2Dr4/mcs90_m2Dr4_s80.A47 fileNameGt=../graphsdb/mcs90/m2D/m2Dr4/mcs90_m2Dr4_s80.B47
Reading graphs...
80 :  174
80 :  171
Initializing...
maxdom : 9
D->valSize : 470
Solving...
Blb : 2 (clique : 41)
currentSize : 41 <-- 0.004942 s
currentSize : 45 <-- 0.005233 s
currentSize : 49 <-- 0.064237 s
currentSize : 50 <-- 0.064427 s
currentSize : 51 <-- 1.279021 s
currentSize : 52 <-- 1.424844 s
currentSize : 54 <-- 1.866062 s
currentSize : 55 <-- 1.866202 s
currentSize : 59 <-- 2.222668 s
currentSize : 60 <-- 2.222833 s
currentSize : 65 <-- 2.295618 s

maxsize : 65
nodes : 495502.000000
filtered : 2410889.000000
time : 2.337718
