Parameters: GAD=1 vflib=1 dir=0 label=1 lowerbound=1 fileNameGp=../graphsdb/mcs90/m2D/m2Dr4/mcs90_m2Dr4_s60.A06 fileNameGt=../graphsdb/mcs90/m2D/m2Dr4/mcs90_m2Dr4_s60.B06
Reading graphs...
60 :  127
60 :  126
Initializing...
maxdom : 8
D->valSize : 335
Solving...
Blb : 2 (clique : 36)
currentSize : 36 <-- 0.002813 s
currentSize : 37 <-- 0.009054 s
currentSize : 38 <-- 0.030667 s
currentSize : 39 <-- 0.031372 s
currentSize : 45 <-- 0.071546 s
currentSize : 46 <-- 0.083514 s
currentSize : 49 <-- 0.093053 s

maxsize : 49
nodes : 20921.000000
filtered : 149592.000000
time : 0.095396
