Parameters: GAD=1 vflib=1 dir=0 label=1 lowerbound=1 fileNameGp=../graphsdb/mcs90/m3D/m3Dr4/mcs90_m3Dr4_s80.A02 fileNameGt=../graphsdb/mcs90/m3D/m3Dr4/mcs90_m3Dr4_s80.B02
Reading graphs...
80 :  216
80 :  216
Initializing...
maxdom : 9
D->valSize : 469
Solving...
Blb : 2 (clique : 53)
currentSize : 53 <-- 0.005031 s
currentSize : 54 <-- 0.041147 s
currentSize : 55 <-- 0.077570 s
currentSize : 62 <-- 0.406044 s
currentSize : 64 <-- 0.428210 s

maxsize : 64
nodes : 79868.000000
filtered : 455552.000000
time : 0.469469
