Parameters: GAD=1 vflib=1 dir=0 label=1 lowerbound=1 fileNameGp=../graphsdb/mcs90/m4D/m4Dr2/mcs90_m4Dr2_s100.A57 fileNameGt=../graphsdb/mcs90/m4D/m4Dr2/mcs90_m4Dr2_s100.B57
Reading graphs...
100 :  239
100 :  239
Initializing...
maxdom : 7
D->valSize : 358
Solving...
Blb : 3 (clique : 76)
currentSize : 76 <-- 0.004242 s
currentSize : 77 <-- 0.006292 s
currentSize : 78 <-- 0.006443 s
currentSize : 79 <-- 0.018343 s
currentSize : 80 <-- 0.018500 s

maxsize : 80
nodes : 106024.000000
filtered : 388889.000000
time : 0.590663
