Parameters: GAD=1 vflib=1 dir=0 label=1 lowerbound=1 fileNameGp=../graphsdb/mcs90/bvg/b09m/mcs90_b09m_s40.A00 fileNameGt=../graphsdb/mcs90/bvg/b09m/mcs90_b09m_s40.B00
Reading graphs...
40 :  175
40 :  176
Initializing...
maxdom : 9
D->valSize : 234
Solving...
Blb : 5 (clique : 14)
currentSize : 14 <-- 0.002150 s
currentSize : 15 <-- 0.002261 s
currentSize : 23 <-- 0.002446 s
currentSize : 25 <-- 0.003430 s
currentSize : 34 <-- 0.003753 s

maxsize : 34
nodes : 714.000000
filtered : 5855.000000
time : 0.005391
