Parameters: GAD=1 vflib=1 dir=0 label=1 lowerbound=1 fileNameGp=../graphsdb/mcs90/bvg/b03/mcs90_b03_s80.A22 fileNameGt=../graphsdb/mcs90/bvg/b03/mcs90_b03_s80.B22
Reading graphs...
80 :  120
80 :  120
Initializing...
maxdom : 9
D->valSize : 449
Solving...
Blb : 2 (clique : 55)
currentSize : 55 <-- 0.004911 s
currentSize : 56 <-- 0.111043 s
currentSize : 58 <-- 0.111555 s
currentSize : 59 <-- 0.111725 s
currentSize : 61 <-- 0.111878 s
currentSize : 62 <-- 0.116464 s
currentSize : 63 <-- 0.118704 s
currentSize : 65 <-- 0.118945 s
currentSize : 66 <-- 0.134662 s
currentSize : 68 <-- 0.136644 s
currentSize : 72 <-- 0.184776 s

maxsize : 72
nodes : 37232.000000
filtered : 172402.000000
time : 0.185141
