Parameters: GAD=1 vflib=1 dir=0 label=1 lowerbound=1 fileNameGp=../graphsdb/mcs90/m3D/m3Dr2/mcs90_m3Dr2_s70.A43 fileNameGt=../graphsdb/mcs90/m3D/m3Dr2/mcs90_m3Dr2_s70.B43
Reading graphs...
70 :  172
70 :  172
Initializing...
maxdom : 7
D->valSize : 329
Solving...
Blb : 3 (clique : 44)
currentSize : 44 <-- 0.003057 s
currentSize : 48 <-- 0.003624 s
currentSize : 49 <-- 0.003675 s
currentSize : 56 <-- 0.004757 s
currentSize : 63 <-- 0.006489 s

maxsize : 63
nodes : 1190.000000
filtered : 4688.000000
time : 0.006947
