Parameters: GAD=1 vflib=1 dir=0 label=1 lowerbound=1 fileNameGp=../graphsdb/mcs90/rand/r02/mcs90_r02_s90.A50 fileNameGt=../graphsdb/mcs90/rand/r02/mcs90_r02_s90.B50
Reading graphs...
90 :  1430
90 :  1423
Initializing...
maxdom : 11
D->valSize : 609
Solving...
Blb : 2 (clique : 46)
currentSize : 46 <-- 0.011273 s
currentSize : 47 <-- 0.011788 s
currentSize : 48 <-- 0.012115 s
currentSize : 49 <-- 0.012308 s
currentSize : 50 <-- 0.089869 s
currentSize : 51 <-- 1.084847 s
currentSize : 52 <-- 3.606762 s
currentSize : 53 <-- 8.313644 s
currentSize : 54 <-- 12.456850 s

maxsize : 54
nodes : 764812048.000000
filtered : 512049525.000000
time : 2923.375000
