Parameters: GAD=1 vflib=1 dir=0 label=1 lowerbound=1 fileNameGp=../graphsdb/mcs90/m2D/m2D/mcs90_m2D_s70.A92 fileNameGt=../graphsdb/mcs90/m2D/m2D/mcs90_m2D_s70.B92
Reading graphs...
70 :  123
70 :  123
Initializing...
maxdom : 7
D->valSize : 333
Solving...
Blb : 2 (clique : 50)
currentSize : 50 <-- 0.003002 s
currentSize : 54 <-- 0.003305 s
currentSize : 56 <-- 0.003469 s
currentSize : 57 <-- 0.004147 s
currentSize : 60 <-- 0.005609 s
currentSize : 61 <-- 0.005948 s
currentSize : 64 <-- 0.006134 s

maxsize : 64
nodes : 1054.000000
filtered : 4307.000000
time : 0.006537
