Parameters: GAD=1 vflib=1 dir=0 label=1 lowerbound=1 fileNameGp=../graphsdb/mcs90/m4D/m4Dr2/mcs90_m4Dr2_s90.A27 fileNameGt=../graphsdb/mcs90/m4D/m4Dr2/mcs90_m4Dr2_s90.B27
Reading graphs...
90 :  224
90 :  223
Initializing...
maxdom : 9
D->valSize : 548
Solving...
Blb : 3 (clique : 72)
currentSize : 72 <-- 0.006733 s
currentSize : 74 <-- 0.010090 s
currentSize : 75 <-- 0.010404 s
currentSize : 77 <-- 0.012080 s
currentSize : 79 <-- 0.012348 s
currentSize : 80 <-- 0.012685 s

maxsize : 80
nodes : 3428.000000
filtered : 8524.000000
time : 0.019683
