Parameters: GAD=1 vflib=1 dir=0 label=1 lowerbound=1 fileNameGp=../graphsdb/mcs90/m2D/m2Dr2/mcs90_m2Dr2_s70.A75 fileNameGt=../graphsdb/mcs90/m2D/m2Dr2/mcs90_m2Dr2_s70.B75
Reading graphs...
70 :  137
70 :  137
Initializing...
maxdom : 7
D->valSize : 345
Solving...
Blb : 3 (clique : 51)
currentSize : 51 <-- 0.003164 s
currentSize : 52 <-- 0.003857 s
currentSize : 53 <-- 0.004072 s
currentSize : 55 <-- 0.009591 s
currentSize : 60 <-- 0.009860 s
currentSize : 64 <-- 0.011098 s

maxsize : 64
nodes : 2247.000000
filtered : 9348.000000
time : 0.011891
