Parameters: GAD=1 vflib=1 dir=0 label=1 lowerbound=1 fileNameGp=../graphsdb/mcs90/rand/r02/mcs90_r02_s100.A29 fileNameGt=../graphsdb/mcs90/rand/r02/mcs90_r02_s100.B29
Reading graphs...
100 :  1776
100 :  1768
Initializing...
maxdom : 7
D->valSize : 378
Solving...
Blb : 2 (clique : 50)
currentSize : 50 <-- 0.004190 s
currentSize : 51 <-- 0.004529 s
currentSize : 52 <-- 0.004930 s
currentSize : 53 <-- 0.006011 s
currentSize : 54 <-- 0.015602 s
currentSize : 55 <-- 0.274812 s
currentSize : 56 <-- 8.162590 s
currentSize : 57 <-- 78.228317 s
currentSize : 58 <-- 942.211853 s
currentSize : 59 <-- 1150.611572 s

TIMEOUT
maxsize : 59
nodes : 857519531.000000
filtered : 573920933.000000
time : 3600.000000
