Parameters: GAD=1 vflib=1 dir=0 label=1 lowerbound=1 fileNameGp=../graphsdb/mcs90/bvg/b06/mcs90_b06_s40.A23 fileNameGt=../graphsdb/mcs90/bvg/b06/mcs90_b06_s40.B23
Reading graphs...
40 :  120
40 :  120
Initializing...
maxdom : 7
D->valSize : 216
Solving...
Blb : 2 (clique : 22)
currentSize : 22 <-- 0.001405 s
currentSize : 23 <-- 0.001509 s
currentSize : 24 <-- 0.001738 s
currentSize : 25 <-- 0.001944 s
currentSize : 33 <-- 0.003532 s
currentSize : 36 <-- 0.003623 s

maxsize : 36
nodes : 893.000000
filtered : 5621.000000
time : 0.003934
