Parameters: GAD=1 vflib=1 dir=0 label=1 lowerbound=1 fileNameGp=../graphsdb/mcs90/rand/r001/mcs90_r001_s100.A32 fileNameGt=../graphsdb/mcs90/rand/r001/mcs90_r001_s100.B32
Reading graphs...
100 :  108
100 :  108
Initializing...
maxdom : 6
D->valSize : 367
Solving...
Blb : 3 (clique : 86)
currentSize : 86 <-- 0.004364 s
currentSize : 87 <-- 0.012662 s
currentSize : 88 <-- 0.012825 s
currentSize : 89 <-- 0.018222 s
currentSize : 90 <-- 0.018346 s

maxsize : 90
nodes : 5344.000000
filtered : 9586.000000
time : 0.026596
