Parameters: GAD=1 vflib=1 dir=0 label=1 lowerbound=1 fileNameGp=../graphsdb/mcs90/m2D/m2Dr2/mcs90_m2Dr2_s100.A75 fileNameGt=../graphsdb/mcs90/m2D/m2Dr2/mcs90_m2Dr2_s100.B75
Reading graphs...
100 :  200
100 :  199
Initializing...
maxdom : 6
D->valSize : 370
Solving...
Blb : 3 (clique : 64)
currentSize : 64 <-- 0.004129 s
currentSize : 65 <-- 0.028782 s
currentSize : 67 <-- 0.075257 s
currentSize : 68 <-- 0.075500 s
currentSize : 69 <-- 1.981393 s
currentSize : 70 <-- 1.981931 s
currentSize : 72 <-- 1.982193 s
currentSize : 73 <-- 1.982642 s
currentSize : 74 <-- 2.717176 s
currentSize : 75 <-- 2.717696 s
currentSize : 77 <-- 2.717965 s
currentSize : 78 <-- 2.718455 s
currentSize : 80 <-- 2.974474 s
currentSize : 81 <-- 3.253467 s

maxsize : 81
nodes : 593302.000000
filtered : 2597139.000000
time : 3.459195
