Parameters: GAD=1 vflib=1 dir=0 label=1 lowerbound=1 fileNameGp=../graphsdb/mcs90/m4D/m4D/mcs90_m4D_s100.A80 fileNameGt=../graphsdb/mcs90/m4D/m4D/mcs90_m4D_s100.B80
Reading graphs...
100 :  219
100 :  219
Initializing...
maxdom : 7
D->valSize : 368
Solving...
Blb : 2 (clique : 75)
currentSize : 75 <-- 0.006895 s
currentSize : 76 <-- 0.007563 s
currentSize : 78 <-- 0.008121 s
currentSize : 79 <-- 0.008356 s
currentSize : 80 <-- 0.022663 s

maxsize : 80
nodes : 91250.000000
filtered : 424768.000000
time : 0.545352
