Parameters: GAD=1 vflib=1 dir=0 label=1 lowerbound=1 fileNameGp=../graphsdb/mcs90/rand/r01/mcs90_r01_s90.A34 fileNameGt=../graphsdb/mcs90/rand/r01/mcs90_r01_s90.B34
Reading graphs...
90 :  748
90 :  755
Initializing...
maxdom : 9
D->valSize : 568
Solving...
Blb : 3 (clique : 56)
currentSize : 56 <-- 0.010654 s
currentSize : 68 <-- 0.013559 s
currentSize : 69 <-- 0.026377 s
currentSize : 70 <-- 0.045088 s
currentSize : 71 <-- 0.054148 s

maxsize : 71
nodes : 1212093.000000
filtered : 1831606.000000
time : 4.806804
