Parameters: GAD=1 vflib=1 dir=0 label=0 lowerbound=1 fileNameGp=../graphsdb/mcs10/rand/r005/mcs10_r005_s30.A65 fileNameGt=../graphsdb/mcs10/rand/r005/mcs10_r005_s30.B65
Reading graphs...
30 :  44
30 :  44
Initializing...
maxdom : 30
D->valSize : 900
Solving...
currentSize : 2 <-- 0.019467 s
currentSize : 9 <-- 0.019636 s
currentSize : 11 <-- 0.019701 s
currentSize : 13 <-- 0.019771 s
currentSize : 14 <-- 0.021063 s
currentSize : 15 <-- 0.021580 s
currentSize : 17 <-- 0.025929 s
currentSize : 18 <-- 0.051702 s
currentSize : 19 <-- 0.104458 s
currentSize : 20 <-- 0.116944 s
currentSize : 21 <-- 1.685393 s

maxsize : 21
nodes : 505062.000000
filtered : 13479206.000000
CCGP filtered : 6816734.000000
CCGT filtered : 2958304.000000
time : 6.851586
