Parameters: GAD=1 vflib=1 dir=0 label=0 lowerbound=1 fileNameGp=../graphsdb/mcs10/rand/r005/mcs10_r005_s35.A60 fileNameGt=../graphsdb/mcs10/rand/r005/mcs10_r005_s35.B60
Reading graphs...
35 :  60
35 :  61
Initializing...
maxdom : 35
D->valSize : 1225
Solving...
currentSize : 8 <-- 0.020697 s
currentSize : 11 <-- 0.020792 s
currentSize : 15 <-- 0.020865 s
currentSize : 17 <-- 0.021146 s
currentSize : 18 <-- 0.021773 s
currentSize : 20 <-- 0.023910 s
currentSize : 21 <-- 0.025514 s
currentSize : 22 <-- 0.685287 s
currentSize : 23 <-- 0.795760 s
currentSize : 24 <-- 1.799446 s
currentSize : 25 <-- 162.677353 s

maxsize : 25
nodes : 12309845.000000
filtered : 465855143.000000
CCGP filtered : 93921311.000000
CCGT filtered : 70561648.000000
time : 344.523834
