Parameters: GAD=1 vflib=1 dir=0 label=0 lowerbound=1 fileNameGp=../graphsdb/mcs10/rand/r005/mcs10_r005_s35.A80 fileNameGt=../graphsdb/mcs10/rand/r005/mcs10_r005_s35.B80
Reading graphs...
35 :  61
35 :  61
Initializing...
maxdom : 35
D->valSize : 1225
Solving...
currentSize : 16 <-- 0.021042 s
currentSize : 17 <-- 0.021134 s
currentSize : 18 <-- 0.021331 s
currentSize : 19 <-- 0.021563 s
currentSize : 20 <-- 0.021939 s
currentSize : 21 <-- 0.102471 s
currentSize : 22 <-- 0.310591 s
currentSize : 23 <-- 6.177576 s
currentSize : 24 <-- 12.671367 s

maxsize : 24
nodes : 65181284.000000
filtered : 2229559067.000000
CCGP filtered : 514126460.000000
CCGT filtered : 263607846.000000
time : 1597.245850
