Parameters: GAD=1 vflib=1 dir=0 label=0 lowerbound=1 fileNameGp=../graphsdb/mcs10/rand/r005/mcs10_r005_s35.A40 fileNameGt=../graphsdb/mcs10/rand/r005/mcs10_r005_s35.B40
Reading graphs...
35 :  60
35 :  61
Initializing...
maxdom : 35
D->valSize : 1225
Solving...
currentSize : 17 <-- 0.020600 s
currentSize : 18 <-- 0.020736 s
currentSize : 19 <-- 0.022081 s
currentSize : 20 <-- 0.379857 s
currentSize : 21 <-- 0.969688 s
currentSize : 22 <-- 0.969706 s
currentSize : 23 <-- 1.335477 s
currentSize : 24 <-- 16.502007 s
currentSize : 25 <-- 28.052925 s

maxsize : 25
nodes : 4483647.000000
filtered : 182883144.000000
CCGP filtered : 56866872.000000
CCGT filtered : 38733838.000000
time : 138.509140
