Parameters: GAD=1 vflib=1 dir=0 label=0 lowerbound=1 fileNameGp=../graphsdb/mcs10/rand/r005/mcs10_r005_s30.A17 fileNameGt=../graphsdb/mcs10/rand/r005/mcs10_r005_s30.B17
Reading graphs...
30 :  43
30 :  45
Initializing...
maxdom : 30
D->valSize : 900
Solving...
currentSize : 13 <-- 0.011709 s
currentSize : 14 <-- 0.011800 s
currentSize : 15 <-- 0.012024 s
currentSize : 16 <-- 0.012229 s
currentSize : 17 <-- 0.015093 s
currentSize : 18 <-- 0.015268 s
currentSize : 19 <-- 0.028275 s
currentSize : 20 <-- 0.321906 s
currentSize : 21 <-- 0.323126 s

maxsize : 21
nodes : 1200436.000000
filtered : 37271232.000000
CCGP filtered : 30403303.000000
CCGT filtered : 13520983.000000
time : 25.174120
