Parameters: GAD=1 vflib=1 dir=0 label=0 lowerbound=1 fileNameGp=../graphsdb/mcs10/rand/r005/mcs10_r005_s35.A85 fileNameGt=../graphsdb/mcs10/rand/r005/mcs10_r005_s35.B85
Reading graphs...
35 :  59
35 :  61
Initializing...
maxdom : 35
D->valSize : 1225
Solving...
currentSize : 14 <-- 0.021255 s
currentSize : 15 <-- 0.021416 s
currentSize : 16 <-- 0.030461 s
currentSize : 18 <-- 0.032994 s
currentSize : 19 <-- 0.034787 s
currentSize : 20 <-- 0.171470 s
currentSize : 21 <-- 0.352239 s
currentSize : 22 <-- 1.131117 s
currentSize : 23 <-- 1.739890 s
currentSize : 24 <-- 7.865647 s
currentSize : 25 <-- 43.550678 s

maxsize : 25
nodes : 4252319.000000
filtered : 173486733.000000
CCGP filtered : 73189196.000000
CCGT filtered : 36185800.000000
time : 122.913742
