Parameters: GAD=1 vflib=1 dir=0 label=0 lowerbound=1 fileNameGp=../graphsdb/mcs10/rand/r005/mcs10_r005_s35.A48 fileNameGt=../graphsdb/mcs10/rand/r005/mcs10_r005_s35.B48
Reading graphs...
35 :  60
35 :  60
Initializing...
maxdom : 35
D->valSize : 1225
Solving...
currentSize : 15 <-- 0.036474 s
currentSize : 16 <-- 0.036533 s
currentSize : 17 <-- 0.036674 s
currentSize : 18 <-- 0.037337 s
currentSize : 19 <-- 0.084613 s
currentSize : 20 <-- 0.149557 s
currentSize : 21 <-- 0.197087 s
currentSize : 22 <-- 0.598289 s
currentSize : 23 <-- 10.236938 s
currentSize : 24 <-- 66.223892 s

maxsize : 24
nodes : 10660752.000000
filtered : 428903552.000000
CCGP filtered : 116745750.000000
CCGT filtered : 119313941.000000
time : 297.756805
