Parameters: GAD=1 vflib=1 dir=0 label=0 lowerbound=1 fileNameGp=../graphsdb/mcs10/rand/r005/mcs10_r005_s30.A43 fileNameGt=../graphsdb/mcs10/rand/r005/mcs10_r005_s30.B43
Reading graphs...
30 :  43
30 :  44
Initializing...
maxdom : 30
D->valSize : 900
Solving...
currentSize : 12 <-- 0.011231 s
currentSize : 13 <-- 0.013561 s
currentSize : 16 <-- 0.013636 s
currentSize : 17 <-- 0.029524 s
currentSize : 18 <-- 0.038710 s
currentSize : 19 <-- 0.113193 s
currentSize : 20 <-- 0.286357 s
currentSize : 21 <-- 0.405754 s
currentSize : 22 <-- 4.128723 s
currentSize : 23 <-- 21.163263 s

maxsize : 23
nodes : 990889.000000
filtered : 28005045.000000
CCGP filtered : 6364122.000000
CCGT filtered : 4666147.000000
time : 22.848276
