Parameters: GAD=1 vflib=1 dir=0 label=0 lowerbound=1 fileNameGp=../graphsdb/mcs10/rand/r005/mcs10_r005_s30.A64 fileNameGt=../graphsdb/mcs10/rand/r005/mcs10_r005_s30.B64
Reading graphs...
30 :  45
30 :  45
Initializing...
maxdom : 30
D->valSize : 900
Solving...
currentSize : 13 <-- 0.011091 s
currentSize : 14 <-- 0.011470 s
currentSize : 16 <-- 0.011530 s
currentSize : 17 <-- 0.011896 s
currentSize : 18 <-- 0.014791 s
currentSize : 19 <-- 0.014997 s
currentSize : 20 <-- 0.089532 s
currentSize : 21 <-- 0.089833 s
currentSize : 22 <-- 3.879242 s

maxsize : 22
nodes : 496940.000000
filtered : 17478495.000000
CCGP filtered : 4467015.000000
CCGT filtered : 3091910.000000
time : 13.483181
