Parameters: GAD=1 vflib=1 dir=0 label=0 lowerbound=1 fileNameGp=../graphsdb/mcs10/rand/r005/mcs10_r005_s35.A43 fileNameGt=../graphsdb/mcs10/rand/r005/mcs10_r005_s35.B43
Reading graphs...
35 :  61
35 :  60
Initializing...
maxdom : 35
D->valSize : 1225
Solving...
currentSize : 9 <-- 0.020610 s
currentSize : 13 <-- 0.020694 s
currentSize : 15 <-- 0.020764 s
currentSize : 16 <-- 0.020884 s
currentSize : 17 <-- 0.021607 s
currentSize : 18 <-- 0.021937 s
currentSize : 19 <-- 0.023206 s
currentSize : 20 <-- 0.031772 s
currentSize : 21 <-- 0.260709 s
currentSize : 22 <-- 0.712528 s
currentSize : 23 <-- 3.701411 s
currentSize : 24 <-- 13.848767 s

maxsize : 24
nodes : 11533326.000000
filtered : 463592999.000000
CCGP filtered : 123016823.000000
CCGT filtered : 83532720.000000
time : 290.562134
