Parameters: GAD=1 vflib=1 dir=0 label=0 lowerbound=1 fileNameGp=../graphsdb/mcs10/rand/r005/mcs10_r005_s20.A20 fileNameGt=../graphsdb/mcs10/rand/r005/mcs10_r005_s20.B20
Reading graphs...
20 :  20
20 :  20
Initializing...
maxdom : 20
D->valSize : 400
Solving...
currentSize : 6 <-- 0.002369 s
currentSize : 7 <-- 0.002407 s
currentSize : 8 <-- 0.002469 s
currentSize : 9 <-- 0.002575 s
currentSize : 10 <-- 0.002803 s
currentSize : 11 <-- 0.005985 s
currentSize : 12 <-- 0.010116 s
currentSize : 13 <-- 0.015624 s
currentSize : 14 <-- 0.039397 s

maxsize : 14
nodes : 6114.000000
filtered : 96930.000000
CCGP filtered : 125645.000000
CCGT filtered : 67269.000000
time : 0.053036
