Parameters: GAD=1 vflib=1 dir=0 label=0 lowerbound=1 fileNameGp=../graphsdb/mcs10/rand/r005/mcs10_r005_s35.A37 fileNameGt=../graphsdb/mcs10/rand/r005/mcs10_r005_s35.B37
Reading graphs...
35 :  60
35 :  59
Initializing...
maxdom : 35
D->valSize : 1225
Solving...
currentSize : 15 <-- 0.020869 s
currentSize : 16 <-- 0.020914 s
currentSize : 17 <-- 0.021068 s
currentSize : 18 <-- 0.021484 s
currentSize : 19 <-- 0.021681 s
currentSize : 20 <-- 0.036326 s
currentSize : 21 <-- 0.043248 s
currentSize : 22 <-- 1.401260 s
currentSize : 23 <-- 8.937629 s
currentSize : 24 <-- 8.954256 s
currentSize : 25 <-- 551.620728 s

maxsize : 25
nodes : 30096160.000000
filtered : 1117569376.000000
CCGP filtered : 346860349.000000
CCGT filtered : 174640840.000000
time : 871.934082
