Parameters: GAD=1 vflib=1 dir=0 label=0 lowerbound=1 fileNameGp=../graphsdb/mcs10/rand/r005/mcs10_r005_s30.A96 fileNameGt=../graphsdb/mcs10/rand/r005/mcs10_r005_s30.B96
Reading graphs...
30 :  45
30 :  44
Initializing...
maxdom : 30
D->valSize : 900
Solving...
currentSize : 14 <-- 0.019848 s
currentSize : 15 <-- 0.020039 s
currentSize : 16 <-- 0.020333 s
currentSize : 17 <-- 0.020393 s
currentSize : 18 <-- 0.020592 s
currentSize : 19 <-- 0.022629 s
currentSize : 20 <-- 0.535231 s
currentSize : 21 <-- 4.017293 s
currentSize : 22 <-- 5.288753 s

maxsize : 22
nodes : 703308.000000
filtered : 20892983.000000
CCGP filtered : 11161065.000000
CCGT filtered : 3071141.000000
time : 16.056538
