Parameters: GAD=1 vflib=1 dir=0 label=0 lowerbound=1 fileNameGp=../graphsdb/mcs10/rand/r005/mcs10_r005_s30.A08 fileNameGt=../graphsdb/mcs10/rand/r005/mcs10_r005_s30.B08
Reading graphs...
30 :  45
30 :  44
Initializing...
maxdom : 30
D->valSize : 900
Solving...
currentSize : 8 <-- 0.019519 s
currentSize : 10 <-- 0.019699 s
currentSize : 11 <-- 0.020300 s
currentSize : 12 <-- 0.020484 s
currentSize : 14 <-- 0.021026 s
currentSize : 15 <-- 0.021532 s
currentSize : 16 <-- 0.026595 s
currentSize : 17 <-- 0.054794 s
currentSize : 18 <-- 0.524800 s
currentSize : 19 <-- 0.568233 s
currentSize : 20 <-- 2.052229 s
currentSize : 21 <-- 3.300562 s
currentSize : 22 <-- 3.300698 s

maxsize : 22
nodes : 358511.000000
filtered : 10330096.000000
CCGP filtered : 5416132.000000
CCGT filtered : 4084649.000000
time : 7.037532
