Parameters: GAD=1 vflib=1 dir=0 label=0 lowerbound=1 fileNameGp=../graphsdb/mcs10/rand/r01/mcs10_r01_s30.A82 fileNameGt=../graphsdb/mcs10/rand/r01/mcs10_r01_s30.B82
Reading graphs...
30 :  82
30 :  85
Initializing...
maxdom : 30
D->valSize : 900
Solving...
currentSize : 10 <-- 0.010859 s
currentSize : 11 <-- 0.010919 s
currentSize : 12 <-- 0.011005 s
currentSize : 13 <-- 0.011356 s
currentSize : 14 <-- 0.011456 s
currentSize : 15 <-- 0.021442 s
currentSize : 16 <-- 0.149943 s
currentSize : 17 <-- 0.776011 s
currentSize : 18 <-- 23.618591 s

maxsize : 18
nodes : 20950668.000000
filtered : 509613039.000000
CCGP filtered : 32479472.000000
CCGT filtered : 21993224.000000
time : 275.107971
