Parameters: GAD=1 vflib=1 dir=0 label=0 lowerbound=1 fileNameGp=../graphsdb/mcs10/rand/r005/mcs10_r005_s30.A16 fileNameGt=../graphsdb/mcs10/rand/r005/mcs10_r005_s30.B16
Reading graphs...
30 :  43
30 :  43
Initializing...
maxdom : 30
D->valSize : 900
Solving...
currentSize : 11 <-- 0.010969 s
currentSize : 13 <-- 0.011024 s
currentSize : 16 <-- 0.011224 s
currentSize : 17 <-- 0.011511 s
currentSize : 18 <-- 0.015753 s
currentSize : 19 <-- 0.021633 s
currentSize : 20 <-- 0.023991 s
currentSize : 21 <-- 0.028371 s
currentSize : 22 <-- 0.056022 s

maxsize : 22
nodes : 686632.000000
filtered : 23831365.000000
CCGP filtered : 12498411.000000
CCGT filtered : 5179623.000000
time : 17.321381
