Parameters: GAD=1 vflib=1 dir=0 label=0 lowerbound=1 fileNameGp=../graphsdb/mcs10/rand/r005/mcs10_r005_s25.A78 fileNameGt=../graphsdb/mcs10/rand/r005/mcs10_r005_s25.B78
Reading graphs...
25 :  30
25 :  30
Initializing...
maxdom : 25
D->valSize : 625
Solving...
currentSize : 11 <-- 0.009552 s
currentSize : 12 <-- 0.009786 s
currentSize : 13 <-- 0.011581 s
currentSize : 14 <-- 0.011992 s
currentSize : 15 <-- 0.013852 s
currentSize : 16 <-- 0.019765 s
currentSize : 17 <-- 0.026617 s
currentSize : 18 <-- 0.027833 s
currentSize : 19 <-- 0.174161 s

maxsize : 19
nodes : 17245.000000
filtered : 448070.000000
CCGP filtered : 306843.000000
CCGT filtered : 74978.000000
time : 0.246992
