Parameters: GAD=1 vflib=1 dir=0 label=0 lowerbound=1 fileNameGp=../graphsdb/mcs10/rand/r005/mcs10_r005_s35.A62 fileNameGt=../graphsdb/mcs10/rand/r005/mcs10_r005_s35.B62
Reading graphs...
35 :  61
35 :  60
Initializing...
maxdom : 35
D->valSize : 1225
Solving...
currentSize : 14 <-- 0.020646 s
currentSize : 15 <-- 0.020689 s
currentSize : 16 <-- 0.020760 s
currentSize : 18 <-- 0.020856 s
currentSize : 19 <-- 0.021050 s
currentSize : 20 <-- 0.025768 s
currentSize : 21 <-- 0.041007 s
currentSize : 22 <-- 0.041169 s
currentSize : 23 <-- 0.107850 s
currentSize : 24 <-- 40.365997 s

maxsize : 24
nodes : 7836020.000000
filtered : 278701600.000000
CCGP filtered : 47839283.000000
CCGT filtered : 48108384.000000
time : 186.765884
