Parameters: GAD=1 vflib=1 dir=0 label=0 lowerbound=1 fileNameGp=../graphsdb/mcs10/rand/r005/mcs10_r005_s35.A21 fileNameGt=../graphsdb/mcs10/rand/r005/mcs10_r005_s35.B21
Reading graphs...
35 :  60
35 :  61
Initializing...
maxdom : 35
D->valSize : 1225
Solving...
currentSize : 15 <-- 0.021487 s
currentSize : 16 <-- 0.021525 s
currentSize : 17 <-- 0.021628 s
currentSize : 18 <-- 0.021852 s
currentSize : 19 <-- 0.022053 s
currentSize : 20 <-- 0.026381 s
currentSize : 21 <-- 0.106842 s
currentSize : 22 <-- 1.171758 s
currentSize : 23 <-- 2.383780 s
currentSize : 24 <-- 12.987705 s
currentSize : 25 <-- 295.767578 s

maxsize : 25
nodes : 13436696.000000
filtered : 539826372.000000
CCGP filtered : 146400950.000000
CCGT filtered : 84361520.000000
time : 432.488403
