Parameters: GAD=1 vflib=1 dir=0 label=0 lowerbound=1 fileNameGp=../graphsdb/mcs10/rand/r005/mcs10_r005_s35.A74 fileNameGt=../graphsdb/mcs10/rand/r005/mcs10_r005_s35.B74
Reading graphs...
35 :  60
35 :  61
Initializing...
maxdom : 35
D->valSize : 1225
Solving...
currentSize : 15 <-- 0.036723 s
currentSize : 16 <-- 0.036771 s
currentSize : 17 <-- 0.037972 s
currentSize : 18 <-- 0.038221 s
currentSize : 19 <-- 0.055345 s
currentSize : 20 <-- 0.080718 s
currentSize : 21 <-- 0.187312 s
currentSize : 22 <-- 1.605267 s
currentSize : 23 <-- 14.108395 s
currentSize : 24 <-- 21.126490 s

maxsize : 24
nodes : 5611646.000000
filtered : 226444373.000000
CCGP filtered : 97137954.000000
CCGT filtered : 52821356.000000
time : 146.237305
