Parameters: GAD=1 vflib=1 dir=0 label=0 lowerbound=1 fileNameGp=../graphsdb/mcs10/rand/r005/mcs10_r005_s25.A53 fileNameGt=../graphsdb/mcs10/rand/r005/mcs10_r005_s25.B53
Reading graphs...
25 :  31
25 :  31
Initializing...
maxdom : 25
D->valSize : 625
Solving...
currentSize : 7 <-- 0.005423 s
currentSize : 8 <-- 0.005459 s
currentSize : 9 <-- 0.005525 s
currentSize : 11 <-- 0.005579 s
currentSize : 12 <-- 0.005948 s
currentSize : 13 <-- 0.005986 s
currentSize : 14 <-- 0.006072 s
currentSize : 15 <-- 0.006183 s
currentSize : 16 <-- 0.006975 s
currentSize : 17 <-- 0.066291 s
currentSize : 18 <-- 0.122731 s
currentSize : 19 <-- 0.122753 s

maxsize : 19
nodes : 28939.000000
filtered : 718713.000000
CCGP filtered : 683512.000000
CCGT filtered : 207009.000000
time : 0.635651
