Parameters: GAD=1 vflib=1 dir=0 label=0 lowerbound=1 fileNameGp=../graphsdb/mcs10/rand/r005/mcs10_r005_s35.A42 fileNameGt=../graphsdb/mcs10/rand/r005/mcs10_r005_s35.B42
Reading graphs...
35 :  61
35 :  60
Initializing...
maxdom : 35
D->valSize : 1225
Solving...
currentSize : 14 <-- 0.020527 s
currentSize : 16 <-- 0.020581 s
currentSize : 17 <-- 0.020622 s
currentSize : 20 <-- 0.020946 s
currentSize : 21 <-- 0.042701 s
currentSize : 22 <-- 0.271431 s
currentSize : 23 <-- 1.178293 s
currentSize : 24 <-- 36.132931 s
currentSize : 25 <-- 71.638412 s

maxsize : 25
nodes : 7876486.000000
filtered : 324686987.000000
CCGP filtered : 94781599.000000
CCGT filtered : 55700206.000000
time : 257.747864
