Parameters: GAD=1 vflib=1 dir=0 label=0 lowerbound=1 fileNameGp=../graphsdb/mcs10/rand/r005/mcs10_r005_s30.A86 fileNameGt=../graphsdb/mcs10/rand/r005/mcs10_r005_s30.B86
Reading graphs...
30 :  42
30 :  43
Initializing...
maxdom : 30
D->valSize : 900
Solving...
currentSize : 10 <-- 0.019883 s
currentSize : 11 <-- 0.020080 s
currentSize : 12 <-- 0.020203 s
currentSize : 13 <-- 0.020498 s
currentSize : 14 <-- 0.023902 s
currentSize : 15 <-- 0.025278 s
currentSize : 17 <-- 0.054415 s
currentSize : 18 <-- 0.155484 s
currentSize : 19 <-- 0.162433 s
currentSize : 20 <-- 0.651445 s
currentSize : 21 <-- 2.842600 s

maxsize : 21
nodes : 439165.000000
filtered : 13814185.000000
CCGP filtered : 12644322.000000
CCGT filtered : 10193393.000000
time : 11.361658
