Parameters: GAD=1 vflib=1 dir=0 label=0 lowerbound=1 fileNameGp=../graphsdb/mcs10/rand/r005/mcs10_r005_s25.A56 fileNameGt=../graphsdb/mcs10/rand/r005/mcs10_r005_s25.B56
Reading graphs...
25 :  30
25 :  31
Initializing...
maxdom : 25
D->valSize : 625
Solving...
currentSize : 10 <-- 0.005614 s
currentSize : 11 <-- 0.005659 s
currentSize : 12 <-- 0.007783 s
currentSize : 13 <-- 0.007831 s
currentSize : 14 <-- 0.007928 s
currentSize : 15 <-- 0.007973 s
currentSize : 16 <-- 0.064745 s
currentSize : 17 <-- 0.219097 s
currentSize : 18 <-- 0.324582 s

maxsize : 18
nodes : 69010.000000
filtered : 1558241.000000
CCGP filtered : 1749997.000000
CCGT filtered : 1100649.000000
time : 1.037720
