Parameters: GAD=1 vflib=1 dir=0 label=0 lowerbound=1 fileNameGp=../graphsdb/mcs10/rand/r005/mcs10_r005_s35.A98 fileNameGt=../graphsdb/mcs10/rand/r005/mcs10_r005_s35.B98
Reading graphs...
35 :  61
35 :  59
Initializing...
maxdom : 35
D->valSize : 1225
Solving...
currentSize : 17 <-- 0.021252 s
currentSize : 18 <-- 0.021296 s
currentSize : 19 <-- 0.021434 s
currentSize : 20 <-- 0.022576 s
currentSize : 21 <-- 0.057733 s
currentSize : 22 <-- 0.094179 s
currentSize : 23 <-- 0.950114 s
currentSize : 24 <-- 26.126348 s
currentSize : 25 <-- 416.435669 s

maxsize : 25
nodes : 24514983.000000
filtered : 902528855.000000
CCGP filtered : 193981904.000000
CCGT filtered : 180810994.000000
time : 683.276428
