Parameters: GAD=1 vflib=1 dir=0 label=0 lowerbound=1 fileNameGp=../graphsdb/mcs10/rand/r005/mcs10_r005_s35.A29 fileNameGt=../graphsdb/mcs10/rand/r005/mcs10_r005_s35.B29
Reading graphs...
35 :  61
35 :  60
Initializing...
maxdom : 35
D->valSize : 1225
Solving...
currentSize : 15 <-- 0.024684 s
currentSize : 16 <-- 0.025083 s
currentSize : 17 <-- 0.025283 s
currentSize : 18 <-- 0.025961 s
currentSize : 19 <-- 0.037012 s
currentSize : 20 <-- 0.047031 s
currentSize : 21 <-- 0.047396 s
currentSize : 22 <-- 0.047735 s
currentSize : 23 <-- 0.393307 s
currentSize : 24 <-- 29.369276 s
currentSize : 25 <-- 84.611732 s

maxsize : 25
nodes : 5932474.000000
filtered : 231120781.000000
CCGP filtered : 83693328.000000
CCGT filtered : 51962161.000000
time : 121.706909
