Parameters: GAD=1 vflib=1 dir=0 label=0 lowerbound=1 fileNameGp=../graphsdb/mcs10/rand/r005/mcs10_r005_s30.A42 fileNameGt=../graphsdb/mcs10/rand/r005/mcs10_r005_s30.B42
Reading graphs...
30 :  44
30 :  44
Initializing...
maxdom : 30
D->valSize : 900
Solving...
currentSize : 12 <-- 0.011107 s
currentSize : 13 <-- 0.011243 s
currentSize : 14 <-- 0.011374 s
currentSize : 15 <-- 0.011396 s
currentSize : 16 <-- 0.023746 s
currentSize : 17 <-- 0.032221 s
currentSize : 18 <-- 0.032738 s
currentSize : 19 <-- 0.038609 s
currentSize : 20 <-- 0.109697 s
currentSize : 21 <-- 0.948278 s
currentSize : 22 <-- 4.673868 s
currentSize : 23 <-- 9.992279 s

maxsize : 23
nodes : 704357.000000
filtered : 20142360.000000
CCGP filtered : 7908562.000000
CCGT filtered : 4274580.000000
time : 13.564349
