Parameters: GAD=1 vflib=1 dir=0 label=0 lowerbound=1 fileNameGp=../graphsdb/mcs30/rand/r005/mcs30_r005_s30.A58 fileNameGt=../graphsdb/mcs30/rand/r005/mcs30_r005_s30.B58
Reading graphs...
30 :  46
30 :  47
Initializing...
maxdom : 30
D->valSize : 900
Solving...
currentSize : 10 <-- 0.019591 s
currentSize : 11 <-- 0.019674 s
currentSize : 13 <-- 0.019881 s
currentSize : 15 <-- 0.019916 s
currentSize : 16 <-- 0.020314 s
currentSize : 17 <-- 0.020541 s
currentSize : 18 <-- 0.020903 s
currentSize : 19 <-- 0.026236 s
currentSize : 20 <-- 0.361238 s
currentSize : 21 <-- 0.381153 s
currentSize : 22 <-- 10.809439 s

maxsize : 22
nodes : 878479.000000
filtered : 29433245.000000
CCGP filtered : 14280313.000000
CCGT filtered : 9693683.000000
time : 22.872490
