Parameters: GAD=1 vflib=1 dir=0 label=0 lowerbound=1 fileNameGp=../graphsdb/mcs30/rand/r005/mcs30_r005_s30.A67 fileNameGt=../graphsdb/mcs30/rand/r005/mcs30_r005_s30.B67
Reading graphs...
30 :  48
30 :  48
Initializing...
maxdom : 30
D->valSize : 900
Solving...
currentSize : 11 <-- 0.019449 s
currentSize : 12 <-- 0.019508 s
currentSize : 13 <-- 0.019749 s
currentSize : 14 <-- 0.019838 s
currentSize : 16 <-- 0.020026 s
currentSize : 17 <-- 0.020697 s
currentSize : 18 <-- 0.030678 s
currentSize : 19 <-- 0.081326 s
currentSize : 20 <-- 0.234012 s
currentSize : 21 <-- 2.400249 s

maxsize : 21
nodes : 1637930.000000
filtered : 47331657.000000
CCGP filtered : 15108105.000000
CCGT filtered : 8229366.000000
time : 31.844963
