Parameters: GAD=1 vflib=1 dir=0 label=0 lowerbound=1 fileNameGp=../graphsdb/mcs30/bvg/b03m/mcs30_b03m_s30.A15 fileNameGt=../graphsdb/mcs30/bvg/b03m/mcs30_b03m_s30.B15
Reading graphs...
30 :  45
30 :  43
Initializing...
maxdom : 30
D->valSize : 900
Solving...
currentSize : 13 <-- 0.019680 s
currentSize : 14 <-- 0.019766 s
currentSize : 16 <-- 0.019813 s
currentSize : 17 <-- 0.020107 s
currentSize : 18 <-- 0.021180 s
currentSize : 19 <-- 0.054453 s
currentSize : 20 <-- 0.055881 s
currentSize : 21 <-- 0.929527 s
currentSize : 22 <-- 0.929857 s
currentSize : 23 <-- 5.784966 s

maxsize : 23
nodes : 320119.000000
filtered : 11063542.000000
CCGP filtered : 3075965.000000
CCGT filtered : 2581108.000000
time : 6.693892
