Parameters: GAD=1 vflib=1 dir=0 label=0 lowerbound=1 fileNameGp=../graphsdb/mcs30/m2D/m2D/mcs30_m2D_s30.A72 fileNameGt=../graphsdb/mcs30/m2D/m2D/mcs30_m2D_s30.B72
Reading graphs...
30 :  48
30 :  48
Initializing...
maxdom : 30
D->valSize : 900
Solving...
currentSize : 13 <-- 0.019506 s
currentSize : 14 <-- 0.019651 s
currentSize : 15 <-- 0.020483 s
currentSize : 16 <-- 0.022764 s
currentSize : 17 <-- 0.022811 s
currentSize : 18 <-- 0.046805 s
currentSize : 19 <-- 0.048121 s
currentSize : 20 <-- 0.380052 s
currentSize : 21 <-- 0.387772 s

maxsize : 21
nodes : 818274.000000
filtered : 27003643.000000
CCGP filtered : 7939077.000000
CCGT filtered : 2913359.000000
time : 15.563458
