Parameters: GAD=1 vflib=1 dir=0 label=0 lowerbound=1 fileNameGp=../graphsdb/mcs30/rand/r005/mcs30_r005_s35.A07 fileNameGt=../graphsdb/mcs30/rand/r005/mcs30_r005_s35.B07
Reading graphs...
35 :  62
35 :  62
Initializing...
maxdom : 35
D->valSize : 1225
Solving...
currentSize : 15 <-- 0.020765 s
currentSize : 16 <-- 0.020906 s
currentSize : 17 <-- 0.020935 s
currentSize : 18 <-- 0.020990 s
currentSize : 19 <-- 0.021514 s
currentSize : 20 <-- 0.025268 s
currentSize : 21 <-- 0.038971 s
currentSize : 22 <-- 0.087708 s
currentSize : 23 <-- 0.219734 s
currentSize : 24 <-- 7.402170 s
currentSize : 25 <-- 16.796583 s

maxsize : 25
nodes : 12209377.000000
filtered : 502352282.000000
CCGP filtered : 91278961.000000
CCGT filtered : 55372545.000000
time : 326.140869
