Parameters: GAD=1 vflib=1 dir=0 label=0 lowerbound=1 fileNameGp=../graphsdb/mcs30/bvg/b03m/mcs30_b03m_s30.A18 fileNameGt=../graphsdb/mcs30/bvg/b03m/mcs30_b03m_s30.B18
Reading graphs...
30 :  44
30 :  42
Initializing...
maxdom : 30
D->valSize : 900
Solving...
currentSize : 8 <-- 0.011176 s
currentSize : 15 <-- 0.011316 s
currentSize : 16 <-- 0.012333 s
currentSize : 17 <-- 0.017511 s
currentSize : 18 <-- 0.018373 s
currentSize : 19 <-- 0.025755 s
currentSize : 20 <-- 0.049072 s
currentSize : 21 <-- 0.058292 s
currentSize : 22 <-- 5.082866 s
currentSize : 23 <-- 5.611928 s

maxsize : 23
nodes : 364699.000000
filtered : 12189583.000000
CCGP filtered : 5583114.000000
CCGT filtered : 4192538.000000
time : 8.215169
