Parameters: GAD=1 vflib=1 dir=0 label=0 lowerbound=1 fileNameGp=../graphsdb/mcs30/rand/r005/mcs30_r005_s30.A84 fileNameGt=../graphsdb/mcs30/rand/r005/mcs30_r005_s30.B84
Reading graphs...
30 :  46
30 :  48
Initializing...
maxdom : 30
D->valSize : 900
Solving...
currentSize : 12 <-- 0.019522 s
currentSize : 13 <-- 0.019588 s
currentSize : 14 <-- 0.020217 s
currentSize : 15 <-- 0.020530 s
currentSize : 16 <-- 0.021136 s
currentSize : 17 <-- 0.024044 s
currentSize : 18 <-- 0.051282 s
currentSize : 19 <-- 0.052860 s
currentSize : 20 <-- 0.055215 s
currentSize : 21 <-- 0.705167 s

maxsize : 21
nodes : 1997751.000000
filtered : 62394913.000000
CCGP filtered : 20535944.000000
CCGT filtered : 17352685.000000
time : 39.306553
