Parameters: GAD=1 vflib=1 dir=0 label=0 lowerbound=1 fileNameGp=../graphsdb/mcs30/bvg/b03/mcs30_b03_s35.A33 fileNameGt=../graphsdb/mcs30/bvg/b03/mcs30_b03_s35.B33
Reading graphs...
35 :  52
35 :  52
Initializing...
maxdom : 35
D->valSize : 1225
Solving...
currentSize : 17 <-- 0.025717 s
currentSize : 18 <-- 0.026579 s
currentSize : 19 <-- 0.026868 s
currentSize : 20 <-- 0.027110 s
currentSize : 21 <-- 0.039844 s
currentSize : 22 <-- 0.040764 s
currentSize : 23 <-- 1.042203 s
currentSize : 24 <-- 7.244809 s
currentSize : 25 <-- 169.452194 s
currentSize : 26 <-- 171.454773 s

maxsize : 26
nodes : 9214019.000000
filtered : 303622525.000000
CCGP filtered : 189610916.000000
CCGT filtered : 91639617.000000
time : 250.122604
