Parameters: GAD=1 vflib=1 dir=0 label=0 lowerbound=1 fileNameGp=../graphsdb/mcs30/m2D/m2Dr2/mcs30_m2Dr2_s30.A55 fileNameGt=../graphsdb/mcs30/m2D/m2Dr2/mcs30_m2Dr2_s30.B55
Reading graphs...
30 :  53
30 :  55
Initializing...
maxdom : 30
D->valSize : 900
Solving...
currentSize : 13 <-- 0.011333 s
currentSize : 15 <-- 0.011806 s
currentSize : 16 <-- 0.011952 s
currentSize : 17 <-- 0.061024 s
currentSize : 18 <-- 0.165937 s
currentSize : 19 <-- 0.172252 s
currentSize : 20 <-- 0.346276 s
currentSize : 21 <-- 4.081948 s
currentSize : 22 <-- 5.103687 s

maxsize : 22
nodes : 688844.000000
filtered : 24352698.000000
CCGP filtered : 8849324.000000
CCGT filtered : 3521066.000000
time : 14.271534
