Parameters: GAD=1 vflib=1 dir=0 label=0 lowerbound=1 fileNameGp=../graphsdb/mcs30/bvg/b03m/mcs30_b03m_s35.A23 fileNameGt=../graphsdb/mcs30/bvg/b03m/mcs30_b03m_s35.B23
Reading graphs...
35 :  52
35 :  52
Initializing...
maxdom : 35
D->valSize : 1225
Solving...
currentSize : 15 <-- 0.021449 s
currentSize : 17 <-- 0.021694 s
currentSize : 18 <-- 0.023181 s
currentSize : 19 <-- 0.023287 s
currentSize : 21 <-- 0.024489 s
currentSize : 22 <-- 0.024579 s
currentSize : 23 <-- 0.568995 s
currentSize : 24 <-- 4.049927 s
currentSize : 25 <-- 16.215523 s

maxsize : 25
nodes : 2758979.000000
filtered : 104478427.000000
CCGP filtered : 31567041.000000
CCGT filtered : 25432351.000000
time : 80.844055
