Parameters: GAD=1 vflib=1 dir=0 label=0 lowerbound=1 fileNameGp=../graphsdb/mcs30/m2D/m2Dr2/mcs30_m2Dr2_s30.A53 fileNameGt=../graphsdb/mcs30/m2D/m2Dr2/mcs30_m2Dr2_s30.B53
Reading graphs...
30 :  54
30 :  54
Initializing...
maxdom : 30
D->valSize : 900
Solving...
currentSize : 12 <-- 0.010923 s
currentSize : 13 <-- 0.010994 s
currentSize : 14 <-- 0.011139 s
currentSize : 15 <-- 0.011590 s
currentSize : 16 <-- 0.014116 s
currentSize : 17 <-- 0.039024 s
currentSize : 18 <-- 0.049236 s
currentSize : 19 <-- 0.254471 s
currentSize : 20 <-- 20.468784 s

maxsize : 20
nodes : 2236884.000000
filtered : 69356003.000000
CCGP filtered : 19977957.000000
CCGT filtered : 19177968.000000
time : 42.006290
