Parameters: GAD=1 vflib=1 dir=0 label=0 lowerbound=1 fileNameGp=../graphsdb/mcs30/rand/r005/mcs30_r005_s35.A39 fileNameGt=../graphsdb/mcs30/rand/r005/mcs30_r005_s35.B39
Reading graphs...
35 :  63
35 :  63
Initializing...
maxdom : 35
D->valSize : 1225
Solving...
currentSize : 13 <-- 0.020542 s
currentSize : 14 <-- 0.020750 s
currentSize : 15 <-- 0.020889 s
currentSize : 16 <-- 0.021128 s
currentSize : 18 <-- 0.022710 s
currentSize : 19 <-- 0.027341 s
currentSize : 20 <-- 0.032043 s
currentSize : 21 <-- 0.182653 s
currentSize : 22 <-- 0.186344 s
currentSize : 23 <-- 12.243525 s
currentSize : 24 <-- 217.653671 s

maxsize : 24
nodes : 30448235.000000
filtered : 1119442226.000000
CCGP filtered : 219561500.000000
CCGT filtered : 203439604.000000
time : 705.169739
