Parameters: GAD=1 vflib=1 dir=0 label=0 lowerbound=1 fileNameGp=../graphsdb/mcs30/m2D/m2D/mcs30_m2D_s30.A96 fileNameGt=../graphsdb/mcs30/m2D/m2D/mcs30_m2D_s30.B96
Reading graphs...
30 :  49
30 :  47
Initializing...
maxdom : 30
D->valSize : 900
Solving...
currentSize : 11 <-- 0.019539 s
currentSize : 14 <-- 0.019655 s
currentSize : 15 <-- 0.020111 s
currentSize : 16 <-- 0.022491 s
currentSize : 17 <-- 0.035517 s
currentSize : 18 <-- 0.070933 s
currentSize : 19 <-- 0.370423 s
currentSize : 20 <-- 0.633830 s
currentSize : 21 <-- 0.634247 s

maxsize : 21
nodes : 554223.000000
filtered : 21417477.000000
CCGP filtered : 5376252.000000
CCGT filtered : 5196345.000000
time : 13.466456
