Parameters: GAD=1 vflib=1 dir=0 label=0 lowerbound=1 fileNameGp=../graphsdb/mcs30/bvg/b09/mcs30_b09_s35.A14 fileNameGt=../graphsdb/mcs30/bvg/b09/mcs30_b09_s35.B14
Reading graphs...
35 :  153
35 :  150
Initializing...
maxdom : 35
D->valSize : 1225
Solving...
currentSize : 11 <-- 0.022818 s
currentSize : 12 <-- 0.022951 s
currentSize : 13 <-- 0.025285 s
currentSize : 14 <-- 0.031263 s
currentSize : 15 <-- 0.241181 s
currentSize : 16 <-- 0.996258 s
currentSize : 17 <-- 1.000090 s
currentSize : 18 <-- 1.181483 s
currentSize : 19 <-- 21.965588 s
currentSize : 20 <-- 2541.190674 s

maxsize : 20
nodes : 187751538.000000
filtered : 4990339554.000000
CCGP filtered : 41038620.000000
CCGT filtered : 129024053.000000
time : 2763.977783
