Parameters: GAD=1 vflib=1 dir=0 label=0 lowerbound=1 fileNameGp=../graphsdb/mcs30/bvg/b09/mcs30_b09_s35.A83 fileNameGt=../graphsdb/mcs30/bvg/b09/mcs30_b09_s35.B83
Reading graphs...
35 :  151
35 :  150
Initializing...
maxdom : 35
D->valSize : 1225
Solving...
currentSize : 9 <-- 0.018760 s
currentSize : 10 <-- 0.018836 s
currentSize : 11 <-- 0.018860 s
currentSize : 12 <-- 0.019369 s
currentSize : 13 <-- 0.022334 s
currentSize : 14 <-- 0.031656 s
currentSize : 15 <-- 0.188728 s
currentSize : 16 <-- 0.809209 s
currentSize : 17 <-- 2.706176 s
currentSize : 18 <-- 120.301170 s
currentSize : 19 <-- 120.301292 s
currentSize : 20 <-- 185.372910 s

maxsize : 20
nodes : 112091619.000000
filtered : 3444931557.000000
CCGP filtered : 34914282.000000
CCGT filtered : 35042216.000000
time : 1646.916504
