Parameters: GAD=1 vflib=1 dir=0 label=0 lowerbound=1 fileNameGp=../graphsdb/mcs30/m2D/m2Dr6/mcs30_m2Dr6_s30.A57 fileNameGt=../graphsdb/mcs30/m2D/m2Dr6/mcs30_m2Dr6_s30.B57
Reading graphs...
30 :  65
30 :  62
Initializing...
maxdom : 30
D->valSize : 900
Solving...
currentSize : 10 <-- 0.018979 s
currentSize : 11 <-- 0.019154 s
currentSize : 13 <-- 0.019259 s
currentSize : 14 <-- 0.019531 s
currentSize : 15 <-- 0.021094 s
currentSize : 16 <-- 0.112683 s
currentSize : 17 <-- 0.281698 s
currentSize : 18 <-- 0.320102 s
currentSize : 19 <-- 29.974768 s
currentSize : 20 <-- 118.591774 s

maxsize : 20
nodes : 9337938.000000
filtered : 249153234.000000
CCGP filtered : 34722439.000000
CCGT filtered : 19694735.000000
time : 155.431168
