Parameters: GAD=1 vflib=1 dir=0 label=0 lowerbound=1 fileNameGp=../graphsdb/mcs30/rand/r01/mcs30_r01_s35.A71 fileNameGt=../graphsdb/mcs30/rand/r01/mcs30_r01_s35.B71
Reading graphs...
35 :  118
35 :  110
Initializing...
maxdom : 35
D->valSize : 1225
Solving...
currentSize : 11 <-- 0.023988 s
currentSize : 13 <-- 0.024037 s
currentSize : 14 <-- 0.024866 s
currentSize : 15 <-- 0.026872 s
currentSize : 16 <-- 0.045400 s
currentSize : 17 <-- 0.152201 s
currentSize : 18 <-- 0.377975 s
currentSize : 19 <-- 48.104176 s
currentSize : 20 <-- 92.377113 s

maxsize : 20
nodes : 217338332.000000
filtered : 6582268741.000000
CCGP filtered : 190367281.000000
CCGT filtered : 265985033.000000
time : 3181.429688
