Parameters: GAD=1 vflib=1 dir=0 label=0 lowerbound=1 fileNameGp=../graphsdb/mcs30/bvg/b03m/mcs30_b03m_s30.A28 fileNameGt=../graphsdb/mcs30/bvg/b03m/mcs30_b03m_s30.B28
Reading graphs...
30 :  44
30 :  44
Initializing...
maxdom : 30
D->valSize : 900
Solving...
currentSize : 10 <-- 0.011013 s
currentSize : 14 <-- 0.011145 s
currentSize : 15 <-- 0.011191 s
currentSize : 16 <-- 0.011275 s
currentSize : 17 <-- 0.011468 s
currentSize : 18 <-- 0.012608 s
currentSize : 19 <-- 0.012839 s
currentSize : 20 <-- 0.016097 s
currentSize : 21 <-- 0.033115 s
currentSize : 22 <-- 2.758215 s

maxsize : 22
nodes : 388435.000000
filtered : 13615067.000000
CCGP filtered : 7325654.000000
CCGT filtered : 3917943.000000
time : 8.507676
