Parameters: GAD=1 vflib=1 dir=0 label=0 lowerbound=1 fileNameGp=../graphsdb/mcs30/rand/r005/mcs30_r005_s30.A88 fileNameGt=../graphsdb/mcs30/rand/r005/mcs30_r005_s30.B88
Reading graphs...
30 :  47
30 :  45
Initializing...
maxdom : 30
D->valSize : 900
Solving...
currentSize : 13 <-- 0.011565 s
currentSize : 14 <-- 0.011645 s
currentSize : 15 <-- 0.011908 s
currentSize : 16 <-- 0.011977 s
currentSize : 17 <-- 0.012350 s
currentSize : 18 <-- 0.014398 s
currentSize : 19 <-- 0.035074 s
currentSize : 20 <-- 0.424301 s
currentSize : 21 <-- 3.890611 s
currentSize : 22 <-- 17.621138 s

maxsize : 22
nodes : 1240583.000000
filtered : 37797967.000000
CCGP filtered : 13965381.000000
CCGT filtered : 11364563.000000
time : 26.722351
