Parameters: GAD=1 vflib=1 dir=0 label=0 lowerbound=1 fileNameGp=../graphsdb/mcs30/bvg/b03/mcs30_b03_s35.A29 fileNameGt=../graphsdb/mcs30/bvg/b03/mcs30_b03_s35.B29
Reading graphs...
35 :  52
35 :  52
Initializing...
maxdom : 35
D->valSize : 1225
Solving...
currentSize : 14 <-- 0.037013 s
currentSize : 17 <-- 0.037273 s
currentSize : 18 <-- 0.037787 s
currentSize : 20 <-- 0.058886 s
currentSize : 21 <-- 0.059241 s
currentSize : 22 <-- 2.626692 s
currentSize : 23 <-- 4.020622 s
currentSize : 24 <-- 20.039648 s
currentSize : 25 <-- 20.069044 s

maxsize : 25
nodes : 2941531.000000
filtered : 107961964.000000
CCGP filtered : 44202368.000000
CCGT filtered : 25637656.000000
time : 73.897163
