Parameters: GAD=1 vflib=1 dir=0 label=0 lowerbound=1 fileNameGp=../graphsdb/mcs30/m2D/m2D/mcs30_m2D_s30.A24 fileNameGt=../graphsdb/mcs30/m2D/m2D/mcs30_m2D_s30.B24
Reading graphs...
30 :  49
30 :  49
Initializing...
maxdom : 30
D->valSize : 900
Solving...
currentSize : 12 <-- 0.010980 s
currentSize : 13 <-- 0.011184 s
currentSize : 14 <-- 0.016252 s
currentSize : 16 <-- 0.016482 s
currentSize : 17 <-- 0.017302 s
currentSize : 18 <-- 0.017424 s
currentSize : 19 <-- 0.023337 s
currentSize : 20 <-- 0.063024 s
currentSize : 21 <-- 0.151901 s

maxsize : 21
nodes : 1134065.000000
filtered : 36536353.000000
CCGP filtered : 15333329.000000
CCGT filtered : 5222371.000000
time : 18.631453
