Parameters: GAD=1 vflib=1 dir=0 label=0 lowerbound=1 fileNameGp=../graphsdb/mcs30/m2D/m2Dr4/mcs30_m2Dr4_s30.A76 fileNameGt=../graphsdb/mcs30/m2D/m2Dr4/mcs30_m2Dr4_s30.B76
Reading graphs...
30 :  61
30 :  59
Initializing...
maxdom : 30
D->valSize : 900
Solving...
currentSize : 10 <-- 0.010636 s
currentSize : 11 <-- 0.010668 s
currentSize : 12 <-- 0.010909 s
currentSize : 13 <-- 0.010979 s
currentSize : 14 <-- 0.021579 s
currentSize : 16 <-- 0.030020 s
currentSize : 17 <-- 0.142815 s
currentSize : 18 <-- 1.142195 s
currentSize : 19 <-- 2.428999 s
currentSize : 20 <-- 3.137357 s
currentSize : 21 <-- 23.397039 s

maxsize : 21
nodes : 1882892.000000
filtered : 58633708.000000
CCGP filtered : 8893246.000000
CCGT filtered : 9911814.000000
time : 28.836716
