Parameters: GAD=1 vflib=1 dir=0 label=0 lowerbound=1 fileNameGp=../graphsdb/mcs30/bvg/b03/mcs30_b03_s35.A62 fileNameGt=../graphsdb/mcs30/bvg/b03/mcs30_b03_s35.B62
Reading graphs...
35 :  52
35 :  52
Initializing...
maxdom : 35
D->valSize : 1225
Solving...
currentSize : 14 <-- 0.021878 s
currentSize : 15 <-- 0.021936 s
currentSize : 17 <-- 0.021960 s
currentSize : 18 <-- 0.022093 s
currentSize : 19 <-- 0.031902 s
currentSize : 20 <-- 0.036864 s
currentSize : 21 <-- 0.036940 s
currentSize : 22 <-- 0.623512 s
currentSize : 23 <-- 10.760953 s
currentSize : 24 <-- 15.387017 s

maxsize : 24
nodes : 7847680.000000
filtered : 257237755.000000
CCGP filtered : 132615156.000000
CCGT filtered : 71828869.000000
time : 159.561890
