Parameters: GAD=1 vflib=1 dir=0 label=0 lowerbound=1 fileNameGp=../graphsdb/mcs30/bvg/b03m/mcs30_b03m_s30.A49 fileNameGt=../graphsdb/mcs30/bvg/b03m/mcs30_b03m_s30.B49
Reading graphs...
30 :  44
30 :  44
Initializing...
maxdom : 30
D->valSize : 900
Solving...
currentSize : 8 <-- 0.018932 s
currentSize : 13 <-- 0.019354 s
currentSize : 14 <-- 0.020963 s
currentSize : 15 <-- 0.021954 s
currentSize : 16 <-- 0.029546 s
currentSize : 17 <-- 0.041013 s
currentSize : 18 <-- 0.604872 s
currentSize : 19 <-- 0.643663 s
currentSize : 20 <-- 1.035092 s
currentSize : 21 <-- 1.374571 s

maxsize : 21
nodes : 1056567.000000
filtered : 28549081.000000
CCGP filtered : 11883637.000000
CCGT filtered : 8250014.000000
time : 18.958090
