Parameters: GAD=1 vflib=1 dir=0 label=0 lowerbound=1 fileNameGp=../graphsdb/mcs30/bvg/b09/mcs30_b09_s35.A73 fileNameGt=../graphsdb/mcs30/bvg/b09/mcs30_b09_s35.B73
Reading graphs...
35 :  150
35 :  152
Initializing...
maxdom : 35
D->valSize : 1225
Solving...
currentSize : 11 <-- 0.031678 s
currentSize : 12 <-- 0.031843 s
currentSize : 13 <-- 0.032747 s
currentSize : 14 <-- 0.041778 s
currentSize : 15 <-- 0.058313 s
currentSize : 16 <-- 0.405436 s
currentSize : 17 <-- 0.413855 s
currentSize : 18 <-- 0.708782 s
currentSize : 19 <-- 50.947395 s
currentSize : 20 <-- 66.819214 s

maxsize : 20
nodes : 93430241.000000
filtered : 2870012379.000000
CCGP filtered : 36081880.000000
CCGT filtered : 46012808.000000
time : 1434.850464
