Parameters: GAD=1 vflib=1 dir=0 label=0 lowerbound=1 fileNameGp=../graphsdb/mcs30/bvg/b09m/mcs30_b09m_s35.A60 fileNameGt=../graphsdb/mcs30/bvg/b09m/mcs30_b09m_s35.B60
Reading graphs...
35 :  144
35 :  143
Initializing...
maxdom : 35
D->valSize : 1225
Solving...
currentSize : 10 <-- 0.032252 s
currentSize : 11 <-- 0.032385 s
currentSize : 12 <-- 0.032415 s
currentSize : 13 <-- 0.032802 s
currentSize : 14 <-- 0.035559 s
currentSize : 15 <-- 0.041975 s
currentSize : 16 <-- 0.254577 s
currentSize : 17 <-- 6.156508 s
currentSize : 18 <-- 213.446686 s
currentSize : 19 <-- 1086.058228 s

TIMEOUT
maxsize : 19
nodes : 258692326.000000
filtered : 6741640840.000000
CCGP filtered : 110880931.000000
CCGT filtered : 111328464.000000
time : 3600.000000
