Parameters: GAD=1 vflib=1 dir=0 label=0 lowerbound=1 fileNameGp=../graphsdb/mcs30/rand/r005/mcs30_r005_s30.A25 fileNameGt=../graphsdb/mcs30/rand/r005/mcs30_r005_s30.B25
Reading graphs...
30 :  47
30 :  48
Initializing...
maxdom : 30
D->valSize : 900
Solving...
currentSize : 7 <-- 0.019464 s
currentSize : 13 <-- 0.019609 s
currentSize : 15 <-- 0.019982 s
currentSize : 16 <-- 0.020310 s
currentSize : 17 <-- 0.021114 s
currentSize : 18 <-- 0.030067 s
currentSize : 19 <-- 0.052615 s
currentSize : 20 <-- 0.277712 s
currentSize : 21 <-- 0.850330 s
currentSize : 22 <-- 3.866688 s

maxsize : 22
nodes : 677572.000000
filtered : 22354116.000000
CCGP filtered : 5604569.000000
CCGT filtered : 7203793.000000
time : 14.441021
