Parameters: GAD=1 vflib=1 dir=0 label=0 lowerbound=1 fileNameGp=../graphsdb/mcs30/bvg/b09/mcs30_b09_s35.A59 fileNameGt=../graphsdb/mcs30/bvg/b09/mcs30_b09_s35.B59
Reading graphs...
35 :  151
35 :  151
Initializing...
maxdom : 35
D->valSize : 1225
Solving...
currentSize : 10 <-- 0.018421 s
currentSize : 12 <-- 0.018471 s
currentSize : 13 <-- 0.018813 s
currentSize : 14 <-- 0.020338 s
currentSize : 15 <-- 0.022560 s
currentSize : 16 <-- 0.034599 s
currentSize : 17 <-- 0.708612 s
currentSize : 18 <-- 0.887754 s
currentSize : 19 <-- 26.389072 s

maxsize : 19
nodes : 145071642.000000
filtered : 4362665866.000000
CCGP filtered : 73907301.000000
CCGT filtered : 103609129.000000
time : 2234.010742
