Parameters: GAD=1 vflib=1 dir=0 label=0 lowerbound=1 fileNameGp=../graphsdb/mcs30/rand/r005/mcs30_r005_s35.A50 fileNameGt=../graphsdb/mcs30/rand/r005/mcs30_r005_s35.B50
Reading graphs...
35 :  62
35 :  64
Initializing...
maxdom : 35
D->valSize : 1225
Solving...
currentSize : 13 <-- 0.025426 s
currentSize : 14 <-- 0.025682 s
currentSize : 15 <-- 0.026116 s
currentSize : 16 <-- 0.026388 s
currentSize : 17 <-- 0.026584 s
currentSize : 18 <-- 0.028496 s
currentSize : 19 <-- 0.028958 s
currentSize : 20 <-- 0.029612 s
currentSize : 21 <-- 0.159727 s
currentSize : 22 <-- 0.923858 s
currentSize : 23 <-- 1.911140 s
currentSize : 24 <-- 17.226551 s
currentSize : 25 <-- 764.610168 s

maxsize : 25
nodes : 34626706.000000
filtered : 1241088719.000000
CCGP filtered : 238378342.000000
CCGT filtered : 219554236.000000
time : 848.309143
