Parameters: GAD=1 vflib=1 dir=0 label=0 lowerbound=1 fileNameGp=../graphsdb/mcs30/bvg/b03m/mcs30_b03m_s35.A84 fileNameGt=../graphsdb/mcs30/bvg/b03m/mcs30_b03m_s35.B84
Reading graphs...
35 :  52
35 :  52
Initializing...
maxdom : 35
D->valSize : 1225
Solving...
currentSize : 8 <-- 0.036940 s
currentSize : 10 <-- 0.037038 s
currentSize : 16 <-- 0.037144 s
currentSize : 17 <-- 0.039796 s
currentSize : 18 <-- 0.040115 s
currentSize : 19 <-- 0.041102 s
currentSize : 20 <-- 0.042548 s
currentSize : 21 <-- 0.055948 s
currentSize : 22 <-- 0.056283 s
currentSize : 23 <-- 0.093186 s
currentSize : 24 <-- 0.422447 s
currentSize : 25 <-- 23.407045 s

maxsize : 25
nodes : 2498498.000000
filtered : 92093793.000000
CCGP filtered : 55888870.000000
CCGT filtered : 29041789.000000
time : 56.787434
