Parameters: GAD=1 vflib=1 dir=0 label=0 lowerbound=1 fileNameGp=../graphsdb/mcs30/bvg/b03m/mcs30_b03m_s35.A21 fileNameGt=../graphsdb/mcs30/bvg/b03m/mcs30_b03m_s35.B21
Reading graphs...
35 :  50
35 :  50
Initializing...
maxdom : 35
D->valSize : 1225
Solving...
currentSize : 11 <-- 0.021739 s
currentSize : 12 <-- 0.021824 s
currentSize : 14 <-- 0.021865 s
currentSize : 15 <-- 0.023414 s
currentSize : 16 <-- 0.023455 s
currentSize : 17 <-- 0.023672 s
currentSize : 18 <-- 0.032763 s
currentSize : 19 <-- 0.035840 s
currentSize : 20 <-- 0.124929 s
currentSize : 21 <-- 0.146839 s
currentSize : 22 <-- 1.059739 s
currentSize : 23 <-- 3.395640 s
currentSize : 24 <-- 5.349236 s
currentSize : 25 <-- 114.154015 s

maxsize : 25
nodes : 7229907.000000
filtered : 235904288.000000
CCGP filtered : 122949158.000000
CCGT filtered : 90282127.000000
time : 150.131363
