Parameters: GAD=1 vflib=1 dir=0 label=0 lowerbound=1 fileNameGp=../graphsdb/mcs30/bvg/b06m/mcs30_b06m_s35.A91 fileNameGt=../graphsdb/mcs30/bvg/b06m/mcs30_b06m_s35.B91
Reading graphs...
35 :  102
35 :  101
Initializing...
maxdom : 35
D->valSize : 1225
Solving...
currentSize : 13 <-- 0.020023 s
currentSize : 14 <-- 0.020251 s
currentSize : 15 <-- 0.020697 s
currentSize : 16 <-- 0.021192 s
currentSize : 17 <-- 0.034467 s
currentSize : 18 <-- 0.383368 s
currentSize : 19 <-- 0.511302 s
currentSize : 20 <-- 16.193150 s
currentSize : 21 <-- 1204.140381 s

maxsize : 21
nodes : 150450763.000000
filtered : 4766338243.000000
CCGP filtered : 184701713.000000
CCGT filtered : 417297739.000000
time : 2564.615723
