Parameters: GAD=1 vflib=1 dir=0 label=0 lowerbound=1 fileNameGp=../graphsdb/mcs30/bvg/b09/mcs30_b09_s35.A50 fileNameGt=../graphsdb/mcs30/bvg/b09/mcs30_b09_s35.B50
Reading graphs...
35 :  152
35 :  152
Initializing...
maxdom : 35
D->valSize : 1225
Solving...
currentSize : 11 <-- 0.018689 s
currentSize : 12 <-- 0.019995 s
currentSize : 13 <-- 0.021488 s
currentSize : 14 <-- 0.024397 s
currentSize : 15 <-- 0.297772 s
currentSize : 16 <-- 0.372724 s
currentSize : 17 <-- 44.606339 s
currentSize : 18 <-- 240.027313 s
currentSize : 19 <-- 245.582199 s
currentSize : 20 <-- 247.817535 s

maxsize : 20
nodes : 191459486.000000
filtered : 5453557300.000000
CCGP filtered : 45985253.000000
CCGT filtered : 48909709.000000
time : 2775.315186
