Parameters: GAD=1 vflib=1 dir=0 label=0 lowerbound=1 fileNameGp=../graphsdb/mcs30/bvg/b06/mcs30_b06_s35.A84 fileNameGt=../graphsdb/mcs30/bvg/b06/mcs30_b06_s35.B84
Reading graphs...
35 :  102
35 :  102
Initializing...
maxdom : 35
D->valSize : 1225
Solving...
currentSize : 13 <-- 0.034134 s
currentSize : 14 <-- 0.034245 s
currentSize : 15 <-- 0.034731 s
currentSize : 16 <-- 0.038903 s
currentSize : 17 <-- 0.041055 s
currentSize : 18 <-- 0.059301 s
currentSize : 19 <-- 0.145453 s
currentSize : 20 <-- 0.146117 s
currentSize : 21 <-- 89.243874 s

maxsize : 21
nodes : 88798624.000000
filtered : 3093521392.000000
CCGP filtered : 255754451.000000
CCGT filtered : 148973263.000000
time : 1637.450439
