Parameters: GAD=1 vflib=1 dir=0 label=0 lowerbound=1 fileNameGp=../graphsdb/mcs30/bvg/b06/mcs30_b06_s35.A81 fileNameGt=../graphsdb/mcs30/bvg/b06/mcs30_b06_s35.B81
Reading graphs...
35 :  104
35 :  104
Initializing...
maxdom : 35
D->valSize : 1225
Solving...
currentSize : 11 <-- 0.029406 s
currentSize : 12 <-- 0.029514 s
currentSize : 14 <-- 0.029573 s
currentSize : 15 <-- 0.030266 s
currentSize : 16 <-- 0.040887 s
currentSize : 17 <-- 0.091666 s
currentSize : 18 <-- 0.581395 s
currentSize : 19 <-- 8.731062 s
currentSize : 20 <-- 288.693146 s
currentSize : 21 <-- 580.413940 s

maxsize : 21
nodes : 112614840.000000
filtered : 3559848873.000000
CCGP filtered : 174831104.000000
CCGT filtered : 254173131.000000
time : 1992.484497
