Parameters: GAD=1 vflib=1 dir=0 label=0 lowerbound=1 fileNameGp=../graphsdb/mcs30/bvg/b03/mcs30_b03_s30.A53 fileNameGt=../graphsdb/mcs30/bvg/b03/mcs30_b03_s30.B53
Reading graphs...
30 :  44
30 :  45
Initializing...
maxdom : 30
D->valSize : 900
Solving...
currentSize : 11 <-- 0.019563 s
currentSize : 12 <-- 0.019633 s
currentSize : 13 <-- 0.019785 s
currentSize : 14 <-- 0.020161 s
currentSize : 15 <-- 0.020368 s
currentSize : 16 <-- 0.029959 s
currentSize : 17 <-- 0.068649 s
currentSize : 18 <-- 0.084547 s
currentSize : 19 <-- 0.084866 s
currentSize : 20 <-- 3.529548 s

maxsize : 20
nodes : 1692176.000000
filtered : 43287342.000000
CCGP filtered : 22187974.000000
CCGT filtered : 13802186.000000
time : 25.739735
