Parameters: GAD=1 vflib=1 dir=0 label=0 lowerbound=1 fileNameGp=../graphsdb/mcs30/rand/r005/mcs30_r005_s35.A22 fileNameGt=../graphsdb/mcs30/rand/r005/mcs30_r005_s35.B22
Reading graphs...
35 :  64
35 :  64
Initializing...
maxdom : 35
D->valSize : 1225
Solving...
currentSize : 16 <-- 0.020611 s
currentSize : 17 <-- 0.020670 s
currentSize : 18 <-- 0.020762 s
currentSize : 19 <-- 0.021247 s
currentSize : 20 <-- 0.022589 s
currentSize : 21 <-- 0.053139 s
currentSize : 22 <-- 0.327471 s
currentSize : 23 <-- 1.273676 s
currentSize : 24 <-- 16.904175 s

maxsize : 24
nodes : 26037000.000000
filtered : 982312761.000000
CCGP filtered : 156032254.000000
CCGT filtered : 154239146.000000
time : 562.798218
