Parameters: GAD=1 vflib=1 dir=0 label=0 lowerbound=1 fileNameGp=../graphsdb/mcs30/rand/r005/mcs30_r005_s30.A56 fileNameGt=../graphsdb/mcs30/rand/r005/mcs30_r005_s30.B56
Reading graphs...
30 :  47
30 :  48
Initializing...
maxdom : 30
D->valSize : 900
Solving...
currentSize : 9 <-- 0.019431 s
currentSize : 10 <-- 0.019764 s
currentSize : 13 <-- 0.020143 s
currentSize : 15 <-- 0.020260 s
currentSize : 16 <-- 0.021841 s
currentSize : 17 <-- 0.021867 s
currentSize : 18 <-- 0.025436 s
currentSize : 19 <-- 0.065813 s
currentSize : 20 <-- 0.165434 s
currentSize : 21 <-- 0.544029 s
currentSize : 22 <-- 9.190466 s

maxsize : 22
nodes : 908898.000000
filtered : 30397360.000000
CCGP filtered : 12105660.000000
CCGT filtered : 6394989.000000
time : 24.237209
