Parameters: GAD=1 vflib=1 dir=0 label=0 lowerbound=1 fileNameGp=../graphsdb/mcs30/m2D/m2Dr2/mcs30_m2Dr2_s30.A22 fileNameGt=../graphsdb/mcs30/m2D/m2Dr2/mcs30_m2Dr2_s30.B22
Reading graphs...
30 :  55
30 :  55
Initializing...
maxdom : 30
D->valSize : 900
Solving...
currentSize : 13 <-- 0.010872 s
currentSize : 14 <-- 0.011649 s
currentSize : 15 <-- 0.012254 s
currentSize : 16 <-- 0.012548 s
currentSize : 17 <-- 0.016119 s
currentSize : 18 <-- 0.059695 s
currentSize : 19 <-- 0.838359 s
currentSize : 20 <-- 1.341825 s
currentSize : 21 <-- 3.246333 s

maxsize : 21
nodes : 1320066.000000
filtered : 46208028.000000
CCGP filtered : 9995899.000000
CCGT filtered : 5739325.000000
time : 27.842880
