Parameters: GAD=1 vflib=1 dir=0 label=0 lowerbound=1 fileNameGp=../graphsdb/mcs30/m3D/m3D/mcs30_m3D_s30.A98 fileNameGt=../graphsdb/mcs30/m3D/m3D/mcs30_m3D_s30.B98
Reading graphs...
30 :  60
30 :  59
Initializing...
maxdom : 30
D->valSize : 900
Solving...
currentSize : 11 <-- 0.010735 s
currentSize : 12 <-- 0.010801 s
currentSize : 13 <-- 0.010867 s
currentSize : 15 <-- 0.011107 s
currentSize : 16 <-- 0.015283 s
currentSize : 17 <-- 0.026066 s
currentSize : 18 <-- 0.072065 s
currentSize : 19 <-- 0.073330 s
currentSize : 20 <-- 2.414587 s
currentSize : 21 <-- 14.698368 s

maxsize : 21
nodes : 2557242.000000
filtered : 78194124.000000
CCGP filtered : 10760819.000000
CCGT filtered : 8255518.000000
time : 47.349846
