Parameters: GAD=1 vflib=1 dir=0 label=0 lowerbound=1 fileNameGp=../graphsdb/mcs30/m3D/m3Dr2/mcs30_m3Dr2_s30.A00 fileNameGt=../graphsdb/mcs30/m3D/m3Dr2/mcs30_m3Dr2_s30.B00
Reading graphs...
30 :  67
30 :  65
Initializing...
maxdom : 30
D->valSize : 900
Solving...
currentSize : 10 <-- 0.018539 s
currentSize : 11 <-- 0.018677 s
currentSize : 14 <-- 0.018801 s
currentSize : 15 <-- 0.019195 s
currentSize : 16 <-- 0.019654 s
currentSize : 17 <-- 0.020236 s
currentSize : 18 <-- 0.032973 s
currentSize : 19 <-- 0.146091 s
currentSize : 20 <-- 22.198568 s

maxsize : 20
nodes : 5437946.000000
filtered : 175672096.000000
CCGP filtered : 17909949.000000
CCGT filtered : 10829340.000000
time : 84.799118
