Parameters: GAD=1 vflib=1 dir=0 label=0 lowerbound=1 fileNameGp=../graphsdb/mcs30/bvg/b03/mcs30_b03_s35.A14 fileNameGt=../graphsdb/mcs30/bvg/b03/mcs30_b03_s35.B14
Reading graphs...
35 :  51
35 :  52
Initializing...
maxdom : 35
D->valSize : 1225
Solving...
currentSize : 15 <-- 0.037188 s
currentSize : 16 <-- 0.037314 s
currentSize : 17 <-- 0.037347 s
currentSize : 18 <-- 0.037998 s
currentSize : 19 <-- 0.040700 s
currentSize : 20 <-- 0.051092 s
currentSize : 21 <-- 0.078015 s
currentSize : 22 <-- 0.222923 s
currentSize : 23 <-- 4.186099 s
currentSize : 24 <-- 13.201004 s
currentSize : 25 <-- 13.516180 s

maxsize : 25
nodes : 4085120.000000
filtered : 139348731.000000
CCGP filtered : 54170882.000000
CCGT filtered : 39014157.000000
time : 98.515747
