Parameters: GAD=1 vflib=1 dir=0 label=0 lowerbound=1 fileNameGp=../graphsdb/mcs30/bvg/b09/mcs30_b09_s35.A42 fileNameGt=../graphsdb/mcs30/bvg/b09/mcs30_b09_s35.B42
Reading graphs...
35 :  153
35 :  149
Initializing...
maxdom : 35
D->valSize : 1225
Solving...
currentSize : 11 <-- 0.018441 s
currentSize : 12 <-- 0.018672 s
currentSize : 13 <-- 0.019136 s
currentSize : 14 <-- 0.023254 s
currentSize : 15 <-- 0.049751 s
currentSize : 16 <-- 0.178124 s
currentSize : 17 <-- 3.104814 s
currentSize : 18 <-- 8.826104 s
currentSize : 19 <-- 8.859854 s
currentSize : 20 <-- 864.941467 s

maxsize : 20
nodes : 121322106.000000
filtered : 3575589634.000000
CCGP filtered : 29550736.000000
CCGT filtered : 51891200.000000
time : 1747.599487
