Parameters: GAD=1 vflib=1 dir=0 label=0 lowerbound=1 fileNameGp=../graphsdb/mcs30/bvg/b06m/mcs30_b06m_s35.A99 fileNameGt=../graphsdb/mcs30/bvg/b06m/mcs30_b06m_s35.B99
Reading graphs...
35 :  102
35 :  98
Initializing...
maxdom : 35
D->valSize : 1225
Solving...
currentSize : 11 <-- 0.019328 s
currentSize : 13 <-- 0.019372 s
currentSize : 15 <-- 0.019845 s
currentSize : 16 <-- 0.019979 s
currentSize : 17 <-- 0.029717 s
currentSize : 18 <-- 0.057849 s
currentSize : 19 <-- 0.173101 s
currentSize : 20 <-- 19.095585 s
currentSize : 21 <-- 161.556793 s

maxsize : 21
nodes : 145699207.000000
filtered : 4897539870.000000
CCGP filtered : 376176489.000000
CCGT filtered : 259284845.000000
time : 2649.381592
