Parameters: GAD=1 vflib=1 dir=0 label=0 lowerbound=1 fileNameGp=../graphsdb/mcs30/bvg/b03/mcs30_b03_s35.A56 fileNameGt=../graphsdb/mcs30/bvg/b03/mcs30_b03_s35.B56
Reading graphs...
35 :  51
35 :  51
Initializing...
maxdom : 35
D->valSize : 1225
Solving...
currentSize : 14 <-- 0.036997 s
currentSize : 16 <-- 0.037420 s
currentSize : 17 <-- 0.067587 s
currentSize : 18 <-- 0.078225 s
currentSize : 19 <-- 0.082262 s
currentSize : 20 <-- 0.145927 s
currentSize : 21 <-- 0.154908 s
currentSize : 22 <-- 0.193224 s
currentSize : 23 <-- 0.533808 s
currentSize : 24 <-- 0.609711 s
currentSize : 25 <-- 8.333822 s

maxsize : 25
nodes : 1444732.000000
filtered : 55024609.000000
CCGP filtered : 19310127.000000
CCGT filtered : 12180574.000000
time : 38.383732
