Parameters: GAD=1 vflib=1 dir=0 label=0 lowerbound=1 fileNameGp=../graphsdb/mcs30/m3D/m3Dr6/mcs30_m3Dr6_s30.A05 fileNameGt=../graphsdb/mcs30/m3D/m3Dr6/mcs30_m3Dr6_s30.B05
Reading graphs...
30 :  74
30 :  75
Initializing...
maxdom : 30
D->valSize : 900
Solving...
currentSize : 9 <-- 0.010517 s
currentSize : 11 <-- 0.010623 s
currentSize : 12 <-- 0.010663 s
currentSize : 13 <-- 0.010934 s
currentSize : 14 <-- 0.011179 s
currentSize : 15 <-- 0.013584 s
currentSize : 16 <-- 0.015549 s
currentSize : 17 <-- 0.017376 s
currentSize : 18 <-- 0.024425 s
currentSize : 19 <-- 119.850304 s

maxsize : 19
nodes : 14498267.000000
filtered : 396548364.000000
CCGP filtered : 27646215.000000
CCGT filtered : 15785219.000000
time : 226.956116
