Parameters: GAD=1 vflib=1 dir=0 label=0 lowerbound=1 fileNameGp=../graphsdb/mcs30/m2D/m2Dr4/mcs30_m2Dr4_s30.A81 fileNameGt=../graphsdb/mcs30/m2D/m2Dr4/mcs30_m2Dr4_s30.B81
Reading graphs...
30 :  60
30 :  58
Initializing...
maxdom : 30
D->valSize : 900
Solving...
currentSize : 11 <-- 0.010977 s
currentSize : 12 <-- 0.011030 s
currentSize : 14 <-- 0.011198 s
currentSize : 15 <-- 0.014901 s
currentSize : 16 <-- 0.016178 s
currentSize : 17 <-- 0.017220 s
currentSize : 18 <-- 0.373492 s
currentSize : 19 <-- 2.100611 s
currentSize : 20 <-- 38.857983 s

maxsize : 20
nodes : 4800621.000000
filtered : 138084228.000000
CCGP filtered : 28093633.000000
CCGT filtered : 22531579.000000
time : 83.076271
