Parameters: GAD=1 vflib=1 dir=0 label=0 lowerbound=1 fileNameGp=../graphsdb/mcs30/bvg/b03/mcs30_b03_s35.A98 fileNameGt=../graphsdb/mcs30/bvg/b03/mcs30_b03_s35.B98
Reading graphs...
35 :  52
35 :  51
Initializing...
maxdom : 35
D->valSize : 1225
Solving...
currentSize : 12 <-- 0.021467 s
currentSize : 16 <-- 0.021559 s
currentSize : 17 <-- 0.021809 s
currentSize : 19 <-- 0.022058 s
currentSize : 20 <-- 0.037812 s
currentSize : 21 <-- 0.041915 s
currentSize : 22 <-- 0.053440 s
currentSize : 23 <-- 0.713615 s
currentSize : 24 <-- 2.676883 s
currentSize : 25 <-- 49.909058 s
currentSize : 26 <-- 70.016312 s

maxsize : 26
nodes : 3878191.000000
filtered : 135163363.000000
CCGP filtered : 42676849.000000
CCGT filtered : 49137338.000000
time : 114.657326
