Parameters: GAD=1 vflib=1 dir=0 label=0 lowerbound=1 fileNameGp=../graphsdb/mcs30/bvg/b03/mcs30_b03_s35.A16 fileNameGt=../graphsdb/mcs30/bvg/b03/mcs30_b03_s35.B16
Reading graphs...
35 :  50
35 :  52
Initializing...
maxdom : 35
D->valSize : 1225
Solving...
currentSize : 10 <-- 0.021172 s
currentSize : 11 <-- 0.021216 s
currentSize : 12 <-- 0.021490 s
currentSize : 13 <-- 0.021655 s
currentSize : 16 <-- 0.021762 s
currentSize : 17 <-- 0.022072 s
currentSize : 18 <-- 0.022770 s
currentSize : 19 <-- 0.035322 s
currentSize : 20 <-- 0.197581 s
currentSize : 22 <-- 0.220816 s
currentSize : 23 <-- 1.022516 s
currentSize : 24 <-- 22.971329 s

maxsize : 24
nodes : 7818349.000000
filtered : 249530919.000000
CCGP filtered : 200117504.000000
CCGT filtered : 92540680.000000
time : 166.386475
