Parameters: GAD=1 vflib=1 dir=0 label=0 lowerbound=1 fileNameGp=../graphsdb/mcs30/bvg/b03/mcs30_b03_s25.A24 fileNameGt=../graphsdb/mcs30/bvg/b03/mcs30_b03_s25.B24
Reading graphs...
25 :  37
25 :  37
Initializing...
maxdom : 25
D->valSize : 625
Solving...
currentSize : 9 <-- 0.005403 s
currentSize : 10 <-- 0.005485 s
currentSize : 11 <-- 0.005512 s
currentSize : 12 <-- 0.005524 s
currentSize : 13 <-- 0.006411 s
currentSize : 14 <-- 0.012547 s
currentSize : 15 <-- 0.023173 s
currentSize : 16 <-- 0.096102 s
currentSize : 17 <-- 0.681866 s
currentSize : 18 <-- 0.682052 s

maxsize : 18
nodes : 86855.000000
filtered : 1663891.000000
CCGP filtered : 1414349.000000
CCGT filtered : 551723.000000
time : 0.897129
