Parameters: GAD=1 vflib=1 dir=0 label=0 lowerbound=1 fileNameGp=../graphsdb/mcs30/bvg/b03m/mcs30_b03m_s35.A33 fileNameGt=../graphsdb/mcs30/bvg/b03m/mcs30_b03m_s35.B33
Reading graphs...
35 :  51
35 :  51
Initializing...
maxdom : 35
D->valSize : 1225
Solving...
currentSize : 13 <-- 0.021401 s
currentSize : 14 <-- 0.021481 s
currentSize : 15 <-- 0.021727 s
currentSize : 16 <-- 0.022095 s
currentSize : 17 <-- 0.022309 s
currentSize : 18 <-- 0.022385 s
currentSize : 19 <-- 0.035925 s
currentSize : 20 <-- 0.036252 s
currentSize : 21 <-- 0.078399 s
currentSize : 22 <-- 0.197784 s
currentSize : 23 <-- 0.208132 s
currentSize : 24 <-- 3.760389 s
currentSize : 25 <-- 9.680304 s

maxsize : 25
nodes : 1665646.000000
filtered : 61233870.000000
CCGP filtered : 28906329.000000
CCGT filtered : 20621440.000000
time : 44.421463
