Parameters: GAD=1 vflib=1 dir=0 label=0 lowerbound=1 fileNameGp=../graphsdb/mcs30/rand/r005/mcs30_r005_s35.A29 fileNameGt=../graphsdb/mcs30/rand/r005/mcs30_r005_s35.B29
Reading graphs...
35 :  63
35 :  62
Initializing...
maxdom : 35
D->valSize : 1225
Solving...
currentSize : 13 <-- 0.021106 s
currentSize : 14 <-- 0.021219 s
currentSize : 17 <-- 0.021246 s
currentSize : 18 <-- 0.022669 s
currentSize : 19 <-- 0.022871 s
currentSize : 20 <-- 0.023723 s
currentSize : 21 <-- 1.002828 s
currentSize : 22 <-- 1.103099 s
currentSize : 23 <-- 1.815702 s
currentSize : 24 <-- 153.629807 s

maxsize : 24
nodes : 20154478.000000
filtered : 714957079.000000
CCGP filtered : 293318248.000000
CCGT filtered : 89795605.000000
time : 491.922821
