Parameters: GAD=1 vflib=1 dir=0 label=0 lowerbound=1 fileNameGp=../graphsdb/mcs30/bvg/b06/mcs30_b06_s35.A68 fileNameGt=../graphsdb/mcs30/bvg/b06/mcs30_b06_s35.B68
Reading graphs...
35 :  101
35 :  105
Initializing...
maxdom : 35
D->valSize : 1225
Solving...
currentSize : 12 <-- 0.023936 s
currentSize : 13 <-- 0.024033 s
currentSize : 14 <-- 0.024308 s
currentSize : 15 <-- 0.024678 s
currentSize : 16 <-- 0.027542 s
currentSize : 17 <-- 0.031861 s
currentSize : 18 <-- 0.131223 s
currentSize : 19 <-- 0.665195 s
currentSize : 20 <-- 3.024009 s
currentSize : 21 <-- 455.137115 s

maxsize : 21
nodes : 92114061.000000
filtered : 3001289101.000000
CCGP filtered : 260719135.000000
CCGT filtered : 184695438.000000
time : 1740.644409
