Parameters: GAD=1 vflib=1 dir=0 label=0 lowerbound=1 fileNameGp=../graphsdb/mcs30/m2D/m2D/mcs30_m2D_s30.A35 fileNameGt=../graphsdb/mcs30/m2D/m2D/mcs30_m2D_s30.B35
Reading graphs...
30 :  48
30 :  49
Initializing...
maxdom : 30
D->valSize : 900
Solving...
currentSize : 13 <-- 0.019539 s
currentSize : 15 <-- 0.019648 s
currentSize : 16 <-- 0.019899 s
currentSize : 17 <-- 0.020158 s
currentSize : 18 <-- 0.029440 s
currentSize : 19 <-- 0.049322 s
currentSize : 20 <-- 0.967090 s
currentSize : 21 <-- 2.133770 s
currentSize : 22 <-- 3.869704 s
currentSize : 23 <-- 3.922509 s

maxsize : 23
nodes : 285581.000000
filtered : 8818318.000000
CCGP filtered : 3206944.000000
CCGT filtered : 1478018.000000
time : 6.148497
