Parameters: GAD=1 vflib=1 dir=0 label=0 lowerbound=1 fileNameGp=../graphsdb/mcs30/bvg/b03m/mcs30_b03m_s30.A77 fileNameGt=../graphsdb/mcs30/bvg/b03m/mcs30_b03m_s30.B77
Reading graphs...
30 :  43
30 :  44
Initializing...
maxdom : 30
D->valSize : 900
Solving...
currentSize : 10 <-- 0.019869 s
currentSize : 13 <-- 0.020052 s
currentSize : 15 <-- 0.021989 s
currentSize : 16 <-- 0.022088 s
currentSize : 17 <-- 0.022232 s
currentSize : 18 <-- 0.022813 s
currentSize : 20 <-- 0.229865 s
currentSize : 21 <-- 1.531140 s
currentSize : 22 <-- 10.656464 s

maxsize : 22
nodes : 742200.000000
filtered : 21368920.000000
CCGP filtered : 12676713.000000
CCGT filtered : 8453320.000000
time : 16.209925
