Parameters: GAD=1 vflib=1 dir=0 label=0 lowerbound=1 fileNameGp=../graphsdb/mcs30/m2D/m2Dr4/mcs30_m2Dr4_s30.A85 fileNameGt=../graphsdb/mcs30/m2D/m2Dr4/mcs30_m2Dr4_s30.B85
Reading graphs...
30 :  60
30 :  60
Initializing...
maxdom : 30
D->valSize : 900
Solving...
currentSize : 12 <-- 0.010959 s
currentSize : 13 <-- 0.011244 s
currentSize : 14 <-- 0.011552 s
currentSize : 15 <-- 0.020182 s
currentSize : 16 <-- 0.022042 s
currentSize : 17 <-- 0.075262 s
currentSize : 18 <-- 0.104817 s
currentSize : 19 <-- 0.123043 s
currentSize : 20 <-- 8.609722 s
currentSize : 21 <-- 50.747837 s

maxsize : 21
nodes : 2988483.000000
filtered : 87351183.000000
CCGP filtered : 15205695.000000
CCGT filtered : 11781993.000000
time : 60.951042
