Parameters: GAD=1 vflib=1 dir=0 label=0 lowerbound=1 fileNameGp=../graphsdb/mcs30/bvg/b03/mcs30_b03_s30.A71 fileNameGt=../graphsdb/mcs30/bvg/b03/mcs30_b03_s30.B71
Reading graphs...
30 :  45
30 :  45
Initializing...
maxdom : 30
D->valSize : 900
Solving...
currentSize : 13 <-- 0.011182 s
currentSize : 14 <-- 0.011243 s
currentSize : 15 <-- 0.018175 s
currentSize : 16 <-- 0.019117 s
currentSize : 17 <-- 0.020417 s
currentSize : 18 <-- 0.020540 s
currentSize : 19 <-- 0.074348 s
currentSize : 20 <-- 0.132765 s
currentSize : 21 <-- 1.153955 s

maxsize : 21
nodes : 578887.000000
filtered : 17637234.000000
CCGP filtered : 5847342.000000
CCGT filtered : 4275729.000000
time : 11.427089
