Parameters: GAD=1 vflib=1 dir=0 label=0 lowerbound=1 fileNameGp=../graphsdb/mcs30/bvg/b03m/mcs30_b03m_s30.A76 fileNameGt=../graphsdb/mcs30/bvg/b03m/mcs30_b03m_s30.B76
Reading graphs...
30 :  45
30 :  45
Initializing...
maxdom : 30
D->valSize : 900
Solving...
currentSize : 12 <-- 0.019620 s
currentSize : 13 <-- 0.019736 s
currentSize : 14 <-- 0.020142 s
currentSize : 16 <-- 0.021420 s
currentSize : 17 <-- 0.022971 s
currentSize : 18 <-- 0.039813 s
currentSize : 19 <-- 0.055714 s
currentSize : 20 <-- 0.498300 s
currentSize : 21 <-- 0.963242 s
currentSize : 22 <-- 1.046176 s
currentSize : 23 <-- 2.772953 s

maxsize : 23
nodes : 210894.000000
filtered : 7175620.000000
CCGP filtered : 3911206.000000
CCGT filtered : 2634878.000000
time : 3.636356
