Parameters: GAD=1 vflib=1 dir=0 label=0 lowerbound=1 fileNameGp=../graphsdb/mcs30/m2D/m2D/mcs30_m2D_s30.A83 fileNameGt=../graphsdb/mcs30/m2D/m2D/mcs30_m2D_s30.B83
Reading graphs...
30 :  49
30 :  49
Initializing...
maxdom : 30
D->valSize : 900
Solving...
currentSize : 10 <-- 0.011134 s
currentSize : 11 <-- 0.011181 s
currentSize : 13 <-- 0.011338 s
currentSize : 14 <-- 0.011604 s
currentSize : 16 <-- 0.012297 s
currentSize : 17 <-- 0.014084 s
currentSize : 18 <-- 0.047109 s
currentSize : 19 <-- 0.047168 s
currentSize : 20 <-- 0.721897 s
currentSize : 21 <-- 3.488833 s
currentSize : 22 <-- 3.490305 s

maxsize : 22
nodes : 374815.000000
filtered : 12449440.000000
CCGP filtered : 4502870.000000
CCGT filtered : 4016670.000000
time : 8.504539
