Parameters: GAD=1 vflib=1 dir=0 label=0 lowerbound=1 fileNameGp=../graphsdb/mcs30/rand/r005/mcs30_r005_s35.A73 fileNameGt=../graphsdb/mcs30/rand/r005/mcs30_r005_s35.B73
Reading graphs...
35 :  61
35 :  61
Initializing...
maxdom : 35
D->valSize : 1225
Solving...
currentSize : 12 <-- 0.036584 s
currentSize : 14 <-- 0.037038 s
currentSize : 15 <-- 0.037725 s
currentSize : 16 <-- 0.038037 s
currentSize : 17 <-- 0.038216 s
currentSize : 18 <-- 0.039104 s
currentSize : 20 <-- 0.040712 s
currentSize : 21 <-- 0.124731 s
currentSize : 22 <-- 0.158913 s
currentSize : 23 <-- 3.066393 s
currentSize : 24 <-- 21.128647 s
currentSize : 25 <-- 40.122887 s

maxsize : 25
nodes : 3835707.000000
filtered : 161992868.000000
CCGP filtered : 41440940.000000
CCGT filtered : 37345801.000000
time : 103.966965
