Parameters: GAD=1 vflib=1 dir=0 label=0 lowerbound=1 fileNameGp=../graphsdb/mcs30/bvg/b03m/mcs30_b03m_s35.A58 fileNameGt=../graphsdb/mcs30/bvg/b03m/mcs30_b03m_s35.B58
Reading graphs...
35 :  51
35 :  50
Initializing...
maxdom : 35
D->valSize : 1225
Solving...
currentSize : 9 <-- 0.036927 s
currentSize : 10 <-- 0.037011 s
currentSize : 19 <-- 0.037197 s
currentSize : 21 <-- 0.037420 s
currentSize : 22 <-- 0.053619 s
currentSize : 23 <-- 0.305687 s
currentSize : 24 <-- 1.287613 s
currentSize : 25 <-- 7.496016 s
currentSize : 26 <-- 20.717512 s
currentSize : 27 <-- 29.330332 s

maxsize : 27
nodes : 1455642.000000
filtered : 56153773.000000
CCGP filtered : 37256238.000000
CCGT filtered : 12990617.000000
time : 50.682976
