Parameters: GAD=1 vflib=1 dir=0 label=0 lowerbound=1 fileNameGp=../graphsdb/mcs30/bvg/b03/mcs30_b03_s30.A50 fileNameGt=../graphsdb/mcs30/bvg/b03/mcs30_b03_s30.B50
Reading graphs...
30 :  45
30 :  45
Initializing...
maxdom : 30
D->valSize : 900
Solving...
currentSize : 11 <-- 0.011069 s
currentSize : 13 <-- 0.011123 s
currentSize : 14 <-- 0.011243 s
currentSize : 15 <-- 0.011426 s
currentSize : 16 <-- 0.013738 s
currentSize : 17 <-- 0.021702 s
currentSize : 18 <-- 0.102080 s
currentSize : 19 <-- 3.961110 s
currentSize : 20 <-- 4.140708 s

maxsize : 20
nodes : 1850492.000000
filtered : 41750808.000000
CCGP filtered : 24835260.000000
CCGT filtered : 11722404.000000
time : 33.338676
