Parameters: GAD=1 vflib=1 dir=0 label=0 lowerbound=1 fileNameGp=../graphsdb/mcs30/bvg/b03/mcs30_b03_s30.A43 fileNameGt=../graphsdb/mcs30/bvg/b03/mcs30_b03_s30.B43
Reading graphs...
30 :  45
30 :  45
Initializing...
maxdom : 30
D->valSize : 900
Solving...
currentSize : 10 <-- 0.019644 s
currentSize : 12 <-- 0.019762 s
currentSize : 13 <-- 0.020019 s
currentSize : 15 <-- 0.020264 s
currentSize : 16 <-- 0.020451 s
currentSize : 17 <-- 0.023231 s
currentSize : 18 <-- 0.065768 s
currentSize : 20 <-- 0.305573 s
currentSize : 21 <-- 3.514527 s
currentSize : 22 <-- 3.522174 s
currentSize : 23 <-- 7.170632 s

maxsize : 23
nodes : 335715.000000
filtered : 9765493.000000
CCGP filtered : 5652280.000000
CCGT filtered : 3629487.000000
time : 8.718466
