Parameters: GAD=1 vflib=1 dir=0 label=0 lowerbound=1 fileNameGp=../graphsdb/mcs30/m2D/m2D/mcs30_m2D_s30.A33 fileNameGt=../graphsdb/mcs30/m2D/m2D/mcs30_m2D_s30.B33
Reading graphs...
30 :  47
30 :  49
Initializing...
maxdom : 30
D->valSize : 900
Solving...
currentSize : 14 <-- 0.011160 s
currentSize : 15 <-- 0.011460 s
currentSize : 16 <-- 0.012588 s
currentSize : 17 <-- 0.021507 s
currentSize : 18 <-- 0.045885 s
currentSize : 19 <-- 0.046562 s
currentSize : 20 <-- 0.155700 s
currentSize : 21 <-- 1.510292 s
currentSize : 22 <-- 23.358160 s

maxsize : 22
nodes : 1416076.000000
filtered : 43556236.000000
CCGP filtered : 13543860.000000
CCGT filtered : 7578657.000000
time : 26.462551
