Parameters: GAD=1 vflib=1 dir=0 label=0 lowerbound=1 fileNameGp=../graphsdb/mcs30/bvg/b03m/mcs30_b03m_s30.A24 fileNameGt=../graphsdb/mcs30/bvg/b03m/mcs30_b03m_s30.B24
Reading graphs...
30 :  45
30 :  45
Initializing...
maxdom : 30
D->valSize : 900
Solving...
currentSize : 9 <-- 0.019548 s
currentSize : 12 <-- 0.019609 s
currentSize : 13 <-- 0.019850 s
currentSize : 14 <-- 0.019915 s
currentSize : 15 <-- 0.021336 s
currentSize : 16 <-- 0.023822 s
currentSize : 17 <-- 0.066190 s
currentSize : 18 <-- 0.067098 s
currentSize : 19 <-- 0.071248 s
currentSize : 20 <-- 0.071379 s
currentSize : 21 <-- 1.422438 s

maxsize : 21
nodes : 332103.000000
filtered : 9678949.000000
CCGP filtered : 5275544.000000
CCGT filtered : 3560941.000000
time : 5.996737
