Parameters: GAD=1 vflib=1 dir=0 label=0 lowerbound=1 fileNameGp=../graphsdb/mcs30/bvg/b03/mcs30_b03_s30.A39 fileNameGt=../graphsdb/mcs30/bvg/b03/mcs30_b03_s30.B39
Reading graphs...
30 :  44
30 :  44
Initializing...
maxdom : 30
D->valSize : 900
Solving...
currentSize : 10 <-- 0.019685 s
currentSize : 12 <-- 0.020014 s
currentSize : 13 <-- 0.020189 s
currentSize : 14 <-- 0.021895 s
currentSize : 15 <-- 0.022373 s
currentSize : 16 <-- 0.024983 s
currentSize : 17 <-- 0.028514 s
currentSize : 18 <-- 0.275016 s
currentSize : 19 <-- 0.301279 s
currentSize : 20 <-- 1.508014 s
currentSize : 21 <-- 5.583541 s

maxsize : 21
nodes : 657255.000000
filtered : 16061434.000000
CCGP filtered : 6461870.000000
CCGT filtered : 6883521.000000
time : 9.586112
