Parameters: GAD=1 vflib=1 dir=0 label=0 lowerbound=1 fileNameGp=../graphsdb/mcs30/bvg/b03/mcs30_b03_s25.A08 fileNameGt=../graphsdb/mcs30/bvg/b03/mcs30_b03_s25.B08
Reading graphs...
25 :  37
25 :  37
Initializing...
maxdom : 25
D->valSize : 625
Solving...
currentSize : 10 <-- 0.009265 s
currentSize : 11 <-- 0.009310 s
currentSize : 12 <-- 0.009482 s
currentSize : 13 <-- 0.009501 s
currentSize : 14 <-- 0.011116 s
currentSize : 15 <-- 0.018269 s
currentSize : 16 <-- 0.021393 s
currentSize : 17 <-- 0.021440 s
currentSize : 18 <-- 0.154310 s

maxsize : 18
nodes : 77469.000000
filtered : 2276762.000000
CCGP filtered : 969680.000000
CCGT filtered : 467210.000000
time : 1.506693
