Parameters: GAD=1 vflib=1 dir=0 label=0 lowerbound=1 fileNameGp=../graphsdb/mcs30/bvg/b03/mcs30_b03_s35.A18 fileNameGt=../graphsdb/mcs30/bvg/b03/mcs30_b03_s35.B18
Reading graphs...
35 :  52
35 :  51
Initializing...
maxdom : 35
D->valSize : 1225
Solving...
currentSize : 12 <-- 0.025782 s
currentSize : 13 <-- 0.025828 s
currentSize : 15 <-- 0.025935 s
currentSize : 16 <-- 0.026038 s
currentSize : 17 <-- 0.026455 s
currentSize : 18 <-- 0.029311 s
currentSize : 19 <-- 0.031182 s
currentSize : 20 <-- 0.032396 s
currentSize : 21 <-- 0.040475 s
currentSize : 22 <-- 0.081838 s
currentSize : 23 <-- 2.072549 s
currentSize : 24 <-- 7.378916 s
currentSize : 25 <-- 23.581959 s
currentSize : 26 <-- 32.804680 s

maxsize : 26
nodes : 2427291.000000
filtered : 84021228.000000
CCGP filtered : 38527811.000000
CCGT filtered : 16404022.000000
time : 61.856495
