Parameters: GAD=1 vflib=1 dir=0 label=0 lowerbound=1 fileNameGp=../graphsdb/mcs30/rand/r005/mcs30_r005_s35.A08 fileNameGt=../graphsdb/mcs30/rand/r005/mcs30_r005_s35.B08
Reading graphs...
35 :  64
35 :  62
Initializing...
maxdom : 35
D->valSize : 1225
Solving...
currentSize : 14 <-- 0.020660 s
currentSize : 15 <-- 0.020739 s
currentSize : 16 <-- 0.020765 s
currentSize : 19 <-- 0.020793 s
currentSize : 20 <-- 0.025186 s
currentSize : 21 <-- 0.025237 s
currentSize : 22 <-- 0.096763 s
currentSize : 23 <-- 0.551421 s
currentSize : 24 <-- 0.872757 s

maxsize : 24
nodes : 49515509.000000
filtered : 1831833834.000000
CCGP filtered : 496244676.000000
CCGT filtered : 173844054.000000
time : 1265.784302
