Parameters: GAD=1 vflib=1 dir=0 label=0 lowerbound=1 fileNameGp=../graphsdb/mcs30/bvg/b06/mcs30_b06_s35.A55 fileNameGt=../graphsdb/mcs30/bvg/b06/mcs30_b06_s35.B55
Reading graphs...
35 :  101
35 :  104
Initializing...
maxdom : 35
D->valSize : 1225
Solving...
currentSize : 13 <-- 0.020048 s
currentSize : 14 <-- 0.020213 s
currentSize : 15 <-- 0.020436 s
currentSize : 16 <-- 0.023221 s
currentSize : 17 <-- 0.102065 s
currentSize : 18 <-- 0.189407 s
currentSize : 19 <-- 3.561487 s
currentSize : 20 <-- 5.814548 s
currentSize : 21 <-- 11.112328 s
currentSize : 22 <-- 637.946594 s

maxsize : 22
nodes : 48425670.000000
filtered : 1816260121.000000
CCGP filtered : 97877413.000000
CCGT filtered : 172556662.000000
time : 841.355530
