Parameters: GAD=1 vflib=1 dir=0 label=0 lowerbound=1 fileNameGp=../graphsdb/mcs30/bvg/b03m/mcs30_b03m_s35.A16 fileNameGt=../graphsdb/mcs30/bvg/b03m/mcs30_b03m_s35.B16
Reading graphs...
35 :  51
35 :  51
Initializing...
maxdom : 35
D->valSize : 1225
Solving...
currentSize : 15 <-- 0.026513 s
currentSize : 16 <-- 0.026672 s
currentSize : 17 <-- 0.027044 s
currentSize : 18 <-- 0.027849 s
currentSize : 19 <-- 0.036717 s
currentSize : 20 <-- 0.036933 s
currentSize : 21 <-- 0.043187 s
currentSize : 22 <-- 0.049033 s
currentSize : 23 <-- 2.602113 s
currentSize : 24 <-- 5.392763 s
currentSize : 25 <-- 42.906803 s

maxsize : 25
nodes : 4999609.000000
filtered : 165589663.000000
CCGP filtered : 70960626.000000
CCGT filtered : 46432593.000000
time : 97.439697
