Parameters: GAD=1 vflib=1 dir=0 label=0 lowerbound=1 fileNameGp=../graphsdb/mcs30/bvg/b03m/mcs30_b03m_s25.A91 fileNameGt=../graphsdb/mcs30/bvg/b03m/mcs30_b03m_s25.B91
Reading graphs...
25 :  37
25 :  36
Initializing...
maxdom : 25
D->valSize : 625
Solving...
currentSize : 10 <-- 0.009045 s
currentSize : 11 <-- 0.009089 s
currentSize : 12 <-- 0.009206 s
currentSize : 13 <-- 0.010504 s
currentSize : 14 <-- 0.010802 s
currentSize : 15 <-- 0.051308 s
currentSize : 16 <-- 0.053617 s
currentSize : 17 <-- 0.125939 s
currentSize : 18 <-- 0.384428 s

maxsize : 18
nodes : 75724.000000
filtered : 2044380.000000
CCGP filtered : 1003179.000000
CCGT filtered : 654821.000000
time : 1.230376
