Parameters: GAD=1 vflib=1 dir=0 label=0 lowerbound=1 fileNameGp=../graphsdb/mcs30/bvg/b06/mcs30_b06_s35.A40 fileNameGt=../graphsdb/mcs30/bvg/b06/mcs30_b06_s35.B40
Reading graphs...
35 :  100
35 :  103
Initializing...
maxdom : 35
D->valSize : 1225
Solving...
currentSize : 11 <-- 0.024599 s
currentSize : 12 <-- 0.024693 s
currentSize : 14 <-- 0.024753 s
currentSize : 15 <-- 0.024932 s
currentSize : 16 <-- 0.025000 s
currentSize : 17 <-- 0.025697 s
currentSize : 18 <-- 0.039827 s
currentSize : 19 <-- 0.214079 s
currentSize : 20 <-- 0.656732 s
currentSize : 21 <-- 121.755135 s

maxsize : 21
nodes : 161888061.000000
filtered : 5249402471.000000
CCGP filtered : 276256748.000000
CCGT filtered : 211410531.000000
time : 2811.180664
