Parameters: GAD=1 vflib=1 dir=0 label=0 lowerbound=1 fileNameGp=../graphsdb/mcs30/bvg/b06/mcs30_b06_s35.A66 fileNameGt=../graphsdb/mcs30/bvg/b06/mcs30_b06_s35.B66
Reading graphs...
35 :  102
35 :  103
Initializing...
maxdom : 35
D->valSize : 1225
Solving...
currentSize : 9 <-- 0.034198 s
currentSize : 11 <-- 0.034350 s
currentSize : 13 <-- 0.034777 s
currentSize : 15 <-- 0.034986 s
currentSize : 16 <-- 0.037194 s
currentSize : 17 <-- 0.037373 s
currentSize : 18 <-- 0.051314 s
currentSize : 19 <-- 0.523665 s
currentSize : 20 <-- 16.215914 s
currentSize : 21 <-- 600.913330 s
currentSize : 22 <-- 2392.217773 s

maxsize : 22
nodes : 139087024.000000
filtered : 4502635314.000000
CCGP filtered : 321254292.000000
CCGT filtered : 174095220.000000
time : 2593.203857
