Parameters: GAD=1 vflib=1 dir=0 label=0 lowerbound=1 fileNameGp=../graphsdb/mcs30/m2D/m2Dr2/mcs30_m2Dr2_s30.A43 fileNameGt=../graphsdb/mcs30/m2D/m2Dr2/mcs30_m2Dr2_s30.B43
Reading graphs...
30 :  53
30 :  53
Initializing...
maxdom : 30
D->valSize : 900
Solving...
currentSize : 13 <-- 0.019238 s
currentSize : 14 <-- 0.019336 s
currentSize : 15 <-- 0.019520 s
currentSize : 16 <-- 0.019876 s
currentSize : 17 <-- 0.023130 s
currentSize : 18 <-- 0.029039 s
currentSize : 19 <-- 0.044744 s
currentSize : 20 <-- 0.098388 s
currentSize : 21 <-- 1.313799 s

maxsize : 21
nodes : 1443076.000000
filtered : 47327252.000000
CCGP filtered : 8509027.000000
CCGT filtered : 8532852.000000
time : 27.623220
