Parameters: GAD=1 vflib=1 dir=0 label=0 lowerbound=1 fileNameGp=../graphsdb/mcs30/bvg/b03m/mcs30_b03m_s35.A71 fileNameGt=../graphsdb/mcs30/bvg/b03m/mcs30_b03m_s35.B71
Reading graphs...
35 :  51
35 :  52
Initializing...
maxdom : 35
D->valSize : 1225
Solving...
currentSize : 16 <-- 0.021841 s
currentSize : 17 <-- 0.022017 s
currentSize : 18 <-- 0.026825 s
currentSize : 19 <-- 0.039776 s
currentSize : 20 <-- 0.164476 s
currentSize : 21 <-- 0.393418 s
currentSize : 22 <-- 0.984100 s
currentSize : 23 <-- 3.167965 s
currentSize : 24 <-- 45.480400 s

maxsize : 24
nodes : 5403079.000000
filtered : 185407621.000000
CCGP filtered : 93228501.000000
CCGT filtered : 74638053.000000
time : 155.171951
