Parameters: GAD=1 vflib=1 dir=0 label=0 lowerbound=1 fileNameGp=../graphsdb/mcs30/m3D/m3Dr6/mcs30_m3Dr6_s30.A21 fileNameGt=../graphsdb/mcs30/m3D/m3Dr6/mcs30_m3Dr6_s30.B21
Reading graphs...
30 :  73
30 :  75
Initializing...
maxdom : 30
D->valSize : 900
Solving...
currentSize : 11 <-- 0.010550 s
currentSize : 12 <-- 0.010582 s
currentSize : 13 <-- 0.010724 s
currentSize : 14 <-- 0.010856 s
currentSize : 15 <-- 0.011650 s
currentSize : 16 <-- 0.028104 s
currentSize : 17 <-- 0.466009 s
currentSize : 18 <-- 3.600366 s
currentSize : 19 <-- 6.878089 s

maxsize : 19
nodes : 11652282.000000
filtered : 333507974.000000
CCGP filtered : 19647965.000000
CCGT filtered : 20135486.000000
time : 166.358566
