Parameters: GAD=1 vflib=1 dir=0 label=0 lowerbound=1 fileNameGp=../graphsdb/mcs30/bvg/b03m/mcs30_b03m_s35.A49 fileNameGt=../graphsdb/mcs30/bvg/b03m/mcs30_b03m_s35.B49
Reading graphs...
35 :  52
35 :  52
Initializing...
maxdom : 35
D->valSize : 1225
Solving...
currentSize : 14 <-- 0.037043 s
currentSize : 15 <-- 0.037347 s
currentSize : 17 <-- 0.037405 s
currentSize : 18 <-- 0.037761 s
currentSize : 19 <-- 0.039098 s
currentSize : 20 <-- 0.041506 s
currentSize : 21 <-- 0.049241 s
currentSize : 22 <-- 0.108607 s
currentSize : 23 <-- 2.188387 s
currentSize : 24 <-- 2.747544 s
currentSize : 25 <-- 64.082085 s

maxsize : 25
nodes : 6674787.000000
filtered : 245216506.000000
CCGP filtered : 129594796.000000
CCGT filtered : 94579223.000000
time : 205.449646
