Parameters: GAD=1 vflib=1 dir=0 label=0 lowerbound=1 fileNameGp=../graphsdb/mcs30/bvg/b03m/mcs30_b03m_s30.A83 fileNameGt=../graphsdb/mcs30/bvg/b03m/mcs30_b03m_s30.B83
Reading graphs...
30 :  45
30 :  45
Initializing...
maxdom : 30
D->valSize : 900
Solving...
currentSize : 14 <-- 0.019555 s
currentSize : 15 <-- 0.019712 s
currentSize : 16 <-- 0.020083 s
currentSize : 17 <-- 0.021980 s
currentSize : 18 <-- 0.022274 s
currentSize : 19 <-- 0.025243 s
currentSize : 20 <-- 0.151795 s
currentSize : 21 <-- 0.416672 s
currentSize : 22 <-- 0.442899 s

maxsize : 22
nodes : 250729.000000
filtered : 9831306.000000
CCGP filtered : 4503066.000000
CCGT filtered : 2121267.000000
time : 6.658501
