Parameters: GAD=1 vflib=1 dir=0 label=0 lowerbound=1 fileNameGp=../graphsdb/mcs30/m2D/m2Dr4/mcs30_m2Dr4_s30.A33 fileNameGt=../graphsdb/mcs30/m2D/m2Dr4/mcs30_m2Dr4_s30.B33
Reading graphs...
30 :  59
30 :  57
Initializing...
maxdom : 30
D->valSize : 900
Solving...
currentSize : 12 <-- 0.010960 s
currentSize : 13 <-- 0.011015 s
currentSize : 14 <-- 0.011056 s
currentSize : 15 <-- 0.011308 s
currentSize : 16 <-- 0.012982 s
currentSize : 17 <-- 0.016108 s
currentSize : 18 <-- 0.017808 s
currentSize : 19 <-- 0.139431 s
currentSize : 20 <-- 0.142894 s

maxsize : 20
nodes : 3036541.000000
filtered : 95422064.000000
CCGP filtered : 10900289.000000
CCGT filtered : 16732167.000000
time : 51.964066
