Parameters: GAD=1 vflib=1 dir=0 label=0 lowerbound=1 fileNameGp=../graphsdb/mcs30/rand/r005/mcs30_r005_s30.A52 fileNameGt=../graphsdb/mcs30/rand/r005/mcs30_r005_s30.B52
Reading graphs...
30 :  47
30 :  46
Initializing...
maxdom : 30
D->valSize : 900
Solving...
currentSize : 12 <-- 0.019433 s
currentSize : 14 <-- 0.019723 s
currentSize : 15 <-- 0.020202 s
currentSize : 16 <-- 0.021614 s
currentSize : 17 <-- 0.021988 s
currentSize : 18 <-- 0.024711 s
currentSize : 19 <-- 0.049386 s
currentSize : 20 <-- 0.187425 s
currentSize : 21 <-- 6.275172 s
currentSize : 22 <-- 6.275690 s

maxsize : 22
nodes : 1033089.000000
filtered : 35561646.000000
CCGP filtered : 13671683.000000
CCGT filtered : 6614974.000000
time : 23.507980
