Parameters: GAD=1 vflib=1 dir=0 label=0 lowerbound=1 fileNameGp=../graphsdb/mcs30/bvg/b09/mcs30_b09_s35.A07 fileNameGt=../graphsdb/mcs30/bvg/b09/mcs30_b09_s35.B07
Reading graphs...
35 :  150
35 :  152
Initializing...
maxdom : 35
D->valSize : 1225
Solving...
currentSize : 12 <-- 0.018206 s
currentSize : 13 <-- 0.018246 s
currentSize : 14 <-- 0.018413 s
currentSize : 15 <-- 0.019963 s
currentSize : 16 <-- 0.020780 s
currentSize : 17 <-- 0.052967 s
currentSize : 18 <-- 0.112229 s
currentSize : 19 <-- 0.218318 s
currentSize : 20 <-- 2113.056396 s

maxsize : 20
nodes : 219503052.000000
filtered : 5519575245.000000
CCGP filtered : 48609424.000000
CCGT filtered : 54870153.000000
time : 3113.719971
