Parameters: GAD=1 vflib=1 dir=0 label=0 lowerbound=1 fileNameGp=../graphsdb/mcs30/m2D/m2D/mcs30_m2D_s30.A04 fileNameGt=../graphsdb/mcs30/m2D/m2D/mcs30_m2D_s30.B04
Reading graphs...
30 :  49
30 :  49
Initializing...
maxdom : 30
D->valSize : 900
Solving...
currentSize : 13 <-- 0.019465 s
currentSize : 14 <-- 0.019604 s
currentSize : 15 <-- 0.020785 s
currentSize : 16 <-- 0.021297 s
currentSize : 17 <-- 0.021604 s
currentSize : 18 <-- 0.057117 s
currentSize : 19 <-- 0.074920 s
currentSize : 20 <-- 1.571187 s
currentSize : 21 <-- 2.383195 s
currentSize : 22 <-- 5.709633 s

maxsize : 22
nodes : 610457.000000
filtered : 20913885.000000
CCGP filtered : 4980582.000000
CCGT filtered : 2090780.000000
time : 12.158731
