Parameters: GAD=1 vflib=1 dir=0 label=0 lowerbound=1 fileNameGp=../graphsdb/mcs30/bvg/b06/mcs30_b06_s25.A82 fileNameGt=../graphsdb/mcs30/bvg/b06/mcs30_b06_s25.B82
Reading graphs...
25 :  73
25 :  73
Initializing...
maxdom : 25
D->valSize : 625
Solving...
currentSize : 8 <-- 0.008340 s
currentSize : 9 <-- 0.008595 s
currentSize : 10 <-- 0.008740 s
currentSize : 11 <-- 0.008965 s
currentSize : 12 <-- 0.009761 s
currentSize : 13 <-- 0.043072 s
currentSize : 14 <-- 0.191291 s
currentSize : 15 <-- 0.195437 s
currentSize : 16 <-- 0.285191 s

maxsize : 16
nodes : 915012.000000
filtered : 21095109.000000
CCGP filtered : 780062.000000
CCGT filtered : 360121.000000
time : 11.378501
