Parameters: GAD=1 vflib=1 dir=0 label=0 lowerbound=1 fileNameGp=../graphsdb/mcs30/bvg/b03m/mcs30_b03m_s35.A27 fileNameGt=../graphsdb/mcs30/bvg/b03m/mcs30_b03m_s35.B27
Reading graphs...
35 :  50
35 :  51
Initializing...
maxdom : 35
D->valSize : 1225
Solving...
currentSize : 15 <-- 0.037194 s
currentSize : 16 <-- 0.037571 s
currentSize : 17 <-- 0.040763 s
currentSize : 18 <-- 0.063198 s
currentSize : 19 <-- 0.227329 s
currentSize : 20 <-- 0.249448 s
currentSize : 21 <-- 0.672065 s
currentSize : 22 <-- 1.694181 s
currentSize : 23 <-- 5.746479 s
currentSize : 24 <-- 26.363390 s
currentSize : 25 <-- 26.371067 s

maxsize : 25
nodes : 2739045.000000
filtered : 98655168.000000
CCGP filtered : 49085564.000000
CCGT filtered : 37495950.000000
time : 76.221245
