Parameters: GAD=1 vflib=1 dir=0 label=0 lowerbound=1 fileNameGp=../graphsdb/mcs30/bvg/b06/mcs30_b06_s35.A93 fileNameGt=../graphsdb/mcs30/bvg/b06/mcs30_b06_s35.B93
Reading graphs...
35 :  102
35 :  104
Initializing...
maxdom : 35
D->valSize : 1225
Solving...
currentSize : 12 <-- 0.019151 s
currentSize : 13 <-- 0.019261 s
currentSize : 15 <-- 0.019578 s
currentSize : 16 <-- 0.020671 s
currentSize : 17 <-- 0.021105 s
currentSize : 18 <-- 0.027726 s
currentSize : 19 <-- 0.590654 s
currentSize : 20 <-- 12.615744 s
currentSize : 21 <-- 22.859056 s

maxsize : 21
nodes : 113592135.000000
filtered : 4060851922.000000
CCGP filtered : 258202103.000000
CCGT filtered : 213663848.000000
time : 1962.666138
