Parameters: GAD=1 vflib=1 dir=0 label=0 lowerbound=1 fileNameGp=../graphsdb/mcs30/rand/r005/mcs30_r005_s25.A11 fileNameGt=../graphsdb/mcs30/rand/r005/mcs30_r005_s25.B11
Reading graphs...
25 :  33
25 :  34
Initializing...
maxdom : 25
D->valSize : 625
Solving...
currentSize : 11 <-- 0.005419 s
currentSize : 12 <-- 0.005449 s
currentSize : 13 <-- 0.005567 s
currentSize : 14 <-- 0.005650 s
currentSize : 15 <-- 0.005921 s
currentSize : 16 <-- 0.007087 s
currentSize : 17 <-- 0.008180 s
currentSize : 18 <-- 0.009915 s
currentSize : 19 <-- 0.016118 s
currentSize : 20 <-- 0.241805 s

maxsize : 20
nodes : 20741.000000
filtered : 697229.000000
CCGP filtered : 309482.000000
CCGT filtered : 92090.000000
time : 0.360652
