Parameters: GAD=1 vflib=1 dir=0 label=0 lowerbound=1 fileNameGp=../graphsdb/mcs30/bvg/b03m/mcs30_b03m_s35.A54 fileNameGt=../graphsdb/mcs30/bvg/b03m/mcs30_b03m_s35.B54
Reading graphs...
35 :  51
35 :  50
Initializing...
maxdom : 35
D->valSize : 1225
Solving...
currentSize : 9 <-- 0.020791 s
currentSize : 11 <-- 0.020936 s
currentSize : 16 <-- 0.021008 s
currentSize : 17 <-- 0.021043 s
currentSize : 18 <-- 0.021077 s
currentSize : 19 <-- 0.021102 s
currentSize : 21 <-- 0.022445 s
currentSize : 22 <-- 0.171123 s
currentSize : 23 <-- 0.728565 s
currentSize : 24 <-- 1.341292 s
currentSize : 25 <-- 10.967889 s

maxsize : 25
nodes : 5289960.000000
filtered : 206978955.000000
CCGP filtered : 130106254.000000
CCGT filtered : 58182794.000000
time : 156.511490
