Parameters: GAD=1 vflib=1 dir=0 label=0 lowerbound=1 fileNameGp=../graphsdb/mcs30/m2D/m2Dr2/mcs30_m2Dr2_s30.A48 fileNameGt=../graphsdb/mcs30/m2D/m2Dr2/mcs30_m2Dr2_s30.B48
Reading graphs...
30 :  54
30 :  53
Initializing...
maxdom : 30
D->valSize : 900
Solving...
currentSize : 11 <-- 0.011158 s
currentSize : 13 <-- 0.011327 s
currentSize : 14 <-- 0.011559 s
currentSize : 15 <-- 0.012321 s
currentSize : 16 <-- 0.013539 s
currentSize : 17 <-- 0.013614 s
currentSize : 18 <-- 0.014546 s
currentSize : 19 <-- 0.282561 s
currentSize : 20 <-- 1.087627 s

maxsize : 20
nodes : 3932954.000000
filtered : 113833705.000000
CCGP filtered : 27727265.000000
CCGT filtered : 25431104.000000
time : 64.721863
