Parameters: GAD=1 vflib=1 dir=0 label=0 lowerbound=1 fileNameGp=../graphsdb/mcs30/rand/r005/mcs30_r005_s25.A74 fileNameGt=../graphsdb/mcs30/rand/r005/mcs30_r005_s25.B74
Reading graphs...
25 :  33
25 :  33
Initializing...
maxdom : 25
D->valSize : 625
Solving...
currentSize : 10 <-- 0.009488 s
currentSize : 11 <-- 0.009576 s
currentSize : 12 <-- 0.009690 s
currentSize : 13 <-- 0.009798 s
currentSize : 14 <-- 0.010779 s
currentSize : 15 <-- 0.020571 s
currentSize : 16 <-- 0.025178 s
currentSize : 17 <-- 0.046726 s
currentSize : 18 <-- 0.136849 s

maxsize : 18
nodes : 78490.000000
filtered : 2028194.000000
CCGP filtered : 1360309.000000
CCGT filtered : 679267.000000
time : 1.161395
