Parameters: GAD=1 vflib=1 dir=0 label=0 lowerbound=1 fileNameGp=../graphsdb/mcs30/rand/r005/mcs30_r005_s30.A11 fileNameGt=../graphsdb/mcs30/rand/r005/mcs30_r005_s30.B11
Reading graphs...
30 :  46
30 :  48
Initializing...
maxdom : 30
D->valSize : 900
Solving...
currentSize : 12 <-- 0.019409 s
currentSize : 13 <-- 0.019452 s
currentSize : 14 <-- 0.019754 s
currentSize : 15 <-- 0.019960 s
currentSize : 16 <-- 0.020081 s
currentSize : 17 <-- 0.020376 s
currentSize : 18 <-- 0.025563 s
currentSize : 19 <-- 0.099866 s
currentSize : 20 <-- 0.115320 s
currentSize : 21 <-- 0.152250 s
currentSize : 22 <-- 4.116995 s

maxsize : 22
nodes : 422187.000000
filtered : 13648348.000000
CCGP filtered : 4689457.000000
CCGT filtered : 2851836.000000
time : 8.398411
