Parameters: GAD=1 vflib=1 dir=0 label=0 lowerbound=1 fileNameGp=../graphsdb/mcs30/m3D/m3Dr4/mcs30_m3Dr4_s30.A79 fileNameGt=../graphsdb/mcs30/m3D/m3Dr4/mcs30_m3Dr4_s30.B79
Reading graphs...
30 :  71
30 :  69
Initializing...
maxdom : 30
D->valSize : 900
Solving...
currentSize : 12 <-- 0.010465 s
currentSize : 13 <-- 0.010645 s
currentSize : 14 <-- 0.010710 s
currentSize : 15 <-- 0.012765 s
currentSize : 16 <-- 0.013227 s
currentSize : 17 <-- 0.015271 s
currentSize : 18 <-- 0.059033 s
currentSize : 19 <-- 0.197721 s
currentSize : 20 <-- 46.541718 s

maxsize : 20
nodes : 6257136.000000
filtered : 205286221.000000
CCGP filtered : 15436442.000000
CCGT filtered : 14206064.000000
time : 90.900909
