Parameters: GAD=1 vflib=1 dir=0 label=0 lowerbound=1 fileNameGp=../graphsdb/mcs30/bvg/b03/mcs30_b03_s35.A99 fileNameGt=../graphsdb/mcs30/bvg/b03/mcs30_b03_s35.B99
Reading graphs...
35 :  51
35 :  52
Initializing...
maxdom : 35
D->valSize : 1225
Solving...
currentSize : 15 <-- 0.021028 s
currentSize : 17 <-- 0.021135 s
currentSize : 18 <-- 0.021811 s
currentSize : 19 <-- 0.027093 s
currentSize : 20 <-- 0.068685 s
currentSize : 21 <-- 0.356790 s
currentSize : 22 <-- 1.278510 s
currentSize : 23 <-- 2.407340 s
currentSize : 24 <-- 35.206596 s
currentSize : 25 <-- 35.209309 s

maxsize : 25
nodes : 4832343.000000
filtered : 158561998.000000
CCGP filtered : 119607030.000000
CCGT filtered : 64753393.000000
time : 124.010406
