Parameters: GAD=1 vflib=1 dir=0 label=0 lowerbound=1 fileNameGp=../graphsdb/mcs30/bvg/b03/mcs30_b03_s30.A33 fileNameGt=../graphsdb/mcs30/bvg/b03/mcs30_b03_s30.B33
Reading graphs...
30 :  45
30 :  45
Initializing...
maxdom : 30
D->valSize : 900
Solving...
currentSize : 12 <-- 0.011261 s
currentSize : 13 <-- 0.011320 s
currentSize : 14 <-- 0.011501 s
currentSize : 15 <-- 0.011539 s
currentSize : 16 <-- 0.011811 s
currentSize : 17 <-- 0.016640 s
currentSize : 18 <-- 0.048429 s
currentSize : 19 <-- 0.048949 s
currentSize : 20 <-- 0.137760 s
currentSize : 21 <-- 1.641788 s

maxsize : 21
nodes : 867419.000000
filtered : 25023864.000000
CCGP filtered : 11227912.000000
CCGT filtered : 9053060.000000
time : 15.114118
