Parameters: GAD=1 vflib=1 dir=0 label=0 lowerbound=1 fileNameGp=../graphsdb/mcs30/m2D/m2Dr2/mcs30_m2Dr2_s30.A68 fileNameGt=../graphsdb/mcs30/m2D/m2Dr2/mcs30_m2Dr2_s30.B68
Reading graphs...
30 :  54
30 :  54
Initializing...
maxdom : 30
D->valSize : 900
Solving...
currentSize : 14 <-- 0.010789 s
currentSize : 15 <-- 0.011455 s
currentSize : 16 <-- 0.012469 s
currentSize : 17 <-- 0.013627 s
currentSize : 18 <-- 0.024041 s
currentSize : 19 <-- 0.065553 s
currentSize : 20 <-- 0.127641 s
currentSize : 21 <-- 0.582056 s
currentSize : 22 <-- 8.094796 s

maxsize : 22
nodes : 1072228.000000
filtered : 39348118.000000
CCGP filtered : 6884700.000000
CCGT filtered : 2678497.000000
time : 26.485447
