Parameters: GAD=1 vflib=1 dir=0 label=0 lowerbound=1 fileNameGp=../graphsdb/mcs30/bvg/b09m/mcs30_b09m_s35.A84 fileNameGt=../graphsdb/mcs30/bvg/b09m/mcs30_b09m_s35.B84
Reading graphs...
35 :  149
35 :  146
Initializing...
maxdom : 35
D->valSize : 1225
Solving...
currentSize : 7 <-- 0.018361 s
currentSize : 9 <-- 0.018402 s
currentSize : 10 <-- 0.018579 s
currentSize : 11 <-- 0.018764 s
currentSize : 12 <-- 0.018999 s
currentSize : 13 <-- 0.020294 s
currentSize : 14 <-- 0.024660 s
currentSize : 15 <-- 0.043128 s
currentSize : 16 <-- 0.241565 s
currentSize : 17 <-- 4.134568 s
currentSize : 18 <-- 159.562073 s
currentSize : 19 <-- 2214.805420 s

maxsize : 19
nodes : 190322070.000000
filtered : 5140523823.000000
CCGP filtered : 142879840.000000
CCGT filtered : 167895486.000000
time : 2794.624268
