Parameters: GAD=1 vflib=1 dir=0 label=0 lowerbound=1 fileNameGp=../graphsdb/mcs30/bvg/b06/mcs30_b06_s30.A02 fileNameGt=../graphsdb/mcs30/bvg/b06/mcs30_b06_s30.B02
Reading graphs...
30 :  88
30 :  87
Initializing...
maxdom : 30
D->valSize : 900
Solving...
currentSize : 9 <-- 0.010790 s
currentSize : 10 <-- 0.010901 s
currentSize : 11 <-- 0.010972 s
currentSize : 13 <-- 0.012352 s
currentSize : 14 <-- 0.025646 s
currentSize : 15 <-- 0.048373 s
currentSize : 16 <-- 1.485159 s
currentSize : 17 <-- 2.230561 s
currentSize : 18 <-- 145.139603 s

maxsize : 18
nodes : 11620436.000000
filtered : 295402620.000000
CCGP filtered : 29778903.000000
CCGT filtered : 40822109.000000
time : 156.713181
