Parameters: GAD=1 vflib=1 dir=0 label=0 lowerbound=1 fileNameGp=../graphsdb/mcs30/bvg/b03/mcs30_b03_s30.A38 fileNameGt=../graphsdb/mcs30/bvg/b03/mcs30_b03_s30.B38
Reading graphs...
30 :  45
30 :  45
Initializing...
maxdom : 30
D->valSize : 900
Solving...
currentSize : 11 <-- 0.011090 s
currentSize : 12 <-- 0.011151 s
currentSize : 14 <-- 0.011178 s
currentSize : 15 <-- 0.015937 s
currentSize : 16 <-- 0.016057 s
currentSize : 17 <-- 0.021734 s
currentSize : 18 <-- 0.032585 s
currentSize : 19 <-- 0.487058 s
currentSize : 20 <-- 0.497965 s
currentSize : 21 <-- 4.953013 s

maxsize : 21
nodes : 1111237.000000
filtered : 34616863.000000
CCGP filtered : 23171822.000000
CCGT filtered : 13750754.000000
time : 20.686892
