Parameters: GAD=1 vflib=1 dir=0 label=0 lowerbound=1 fileNameGp=../graphsdb/mcs30/bvg/b03/mcs30_b03_s30.A93 fileNameGt=../graphsdb/mcs30/bvg/b03/mcs30_b03_s30.B93
Reading graphs...
30 :  45
30 :  45
Initializing...
maxdom : 30
D->valSize : 900
Solving...
currentSize : 15 <-- 0.011054 s
currentSize : 16 <-- 0.011098 s
currentSize : 17 <-- 0.012996 s
currentSize : 18 <-- 0.019960 s
currentSize : 19 <-- 0.026326 s
currentSize : 20 <-- 0.059907 s
currentSize : 21 <-- 0.115421 s
currentSize : 22 <-- 0.170330 s
currentSize : 23 <-- 3.275604 s

maxsize : 23
nodes : 360113.000000
filtered : 12611650.000000
CCGP filtered : 4970483.000000
CCGT filtered : 2089323.000000
time : 10.567354
