Parameters: GAD=1 vflib=1 dir=0 label=0 lowerbound=1 fileNameGp=../graphsdb/mcs30/m2D/m2Dr4/mcs30_m2Dr4_s30.A87 fileNameGt=../graphsdb/mcs30/m2D/m2Dr4/mcs30_m2Dr4_s30.B87
Reading graphs...
30 :  58
30 :  60
Initializing...
maxdom : 30
D->valSize : 900
Solving...
currentSize : 12 <-- 0.018992 s
currentSize : 13 <-- 0.019041 s
currentSize : 15 <-- 0.019131 s
currentSize : 16 <-- 0.020590 s
currentSize : 17 <-- 0.036522 s
currentSize : 18 <-- 0.039282 s
currentSize : 19 <-- 0.039535 s
currentSize : 20 <-- 0.078516 s
currentSize : 21 <-- 55.259636 s

maxsize : 21
nodes : 4870187.000000
filtered : 151172455.000000
CCGP filtered : 14369251.000000
CCGT filtered : 16440724.000000
time : 100.229073
