Parameters: GAD=1 vflib=1 dir=0 label=0 lowerbound=1 fileNameGp=../graphsdb/mcs30/rand/r005/mcs30_r005_s25.A56 fileNameGt=../graphsdb/mcs30/rand/r005/mcs30_r005_s25.B56
Reading graphs...
25 :  34
25 :  34
Initializing...
maxdom : 25
D->valSize : 625
Solving...
currentSize : 3 <-- 0.009390 s
currentSize : 12 <-- 0.009541 s
currentSize : 13 <-- 0.009573 s
currentSize : 14 <-- 0.009756 s
currentSize : 15 <-- 0.014818 s
currentSize : 16 <-- 0.015648 s
currentSize : 17 <-- 0.025218 s
currentSize : 18 <-- 0.390470 s
currentSize : 19 <-- 0.445148 s

maxsize : 19
nodes : 61158.000000
filtered : 1479271.000000
CCGP filtered : 904367.000000
CCGT filtered : 469931.000000
time : 0.956495
