Parameters: GAD=1 vflib=1 dir=0 label=0 lowerbound=1 fileNameGp=../graphsdb/mcs30/m2D/m2D/mcs30_m2D_s30.A71 fileNameGt=../graphsdb/mcs30/m2D/m2D/mcs30_m2D_s30.B71
Reading graphs...
30 :  48
30 :  49
Initializing...
maxdom : 30
D->valSize : 900
Solving...
currentSize : 11 <-- 0.019281 s
currentSize : 12 <-- 0.019412 s
currentSize : 13 <-- 0.020235 s
currentSize : 14 <-- 0.020355 s
currentSize : 15 <-- 0.021359 s
currentSize : 16 <-- 0.027189 s
currentSize : 17 <-- 0.124171 s
currentSize : 18 <-- 0.253829 s
currentSize : 19 <-- 0.399929 s
currentSize : 20 <-- 0.943837 s
currentSize : 21 <-- 8.421953 s

maxsize : 21
nodes : 1856186.000000
filtered : 48060681.000000
CCGP filtered : 16614195.000000
CCGT filtered : 7199169.000000
time : 31.577255
