Parameters: GAD=1 vflib=1 dir=0 label=0 lowerbound=1 fileNameGp=../graphsdb/mcs30/m2D/m2D/mcs30_m2D_s30.A57 fileNameGt=../graphsdb/mcs30/m2D/m2D/mcs30_m2D_s30.B57
Reading graphs...
30 :  49
30 :  48
Initializing...
maxdom : 30
D->valSize : 900
Solving...
currentSize : 8 <-- 0.010903 s
currentSize : 14 <-- 0.011016 s
currentSize : 15 <-- 0.011093 s
currentSize : 16 <-- 0.013025 s
currentSize : 17 <-- 0.016603 s
currentSize : 18 <-- 0.024845 s
currentSize : 19 <-- 0.052644 s
currentSize : 20 <-- 0.223399 s
currentSize : 21 <-- 1.626659 s

maxsize : 21
nodes : 834559.000000
filtered : 29456947.000000
CCGP filtered : 6574638.000000
CCGT filtered : 6608505.000000
time : 18.349077
