Parameters: GAD=1 vflib=1 dir=0 label=0 lowerbound=1 fileNameGp=../graphsdb/mcs30/m2D/m2D/mcs30_m2D_s30.A19 fileNameGt=../graphsdb/mcs30/m2D/m2D/mcs30_m2D_s30.B19
Reading graphs...
30 :  49
30 :  48
Initializing...
maxdom : 30
D->valSize : 900
Solving...
currentSize : 13 <-- 0.019627 s
currentSize : 14 <-- 0.019672 s
currentSize : 15 <-- 0.019803 s
currentSize : 16 <-- 0.020277 s
currentSize : 17 <-- 0.023610 s
currentSize : 18 <-- 0.024228 s
currentSize : 19 <-- 0.221998 s
currentSize : 20 <-- 1.658794 s
currentSize : 21 <-- 2.432912 s

maxsize : 21
nodes : 2500833.000000
filtered : 77145771.000000
CCGP filtered : 18922978.000000
CCGT filtered : 13956101.000000
time : 54.102947
