Parameters: GAD=1 vflib=1 dir=0 label=0 lowerbound=1 fileNameGp=../graphsdb/mcs30/rand/r005/mcs30_r005_s30.A62 fileNameGt=../graphsdb/mcs30/rand/r005/mcs30_r005_s30.B62
Reading graphs...
30 :  47
30 :  46
Initializing...
maxdom : 30
D->valSize : 900
Solving...
currentSize : 14 <-- 0.019848 s
currentSize : 15 <-- 0.020229 s
currentSize : 16 <-- 0.020965 s
currentSize : 17 <-- 0.028071 s
currentSize : 18 <-- 0.041545 s
currentSize : 19 <-- 0.075042 s
currentSize : 20 <-- 0.132545 s
currentSize : 21 <-- 0.234984 s
currentSize : 22 <-- 10.547195 s

maxsize : 22
nodes : 722469.000000
filtered : 25365179.000000
CCGP filtered : 7639837.000000
CCGT filtered : 4739394.000000
time : 14.809090
