Parameters: GAD=1 vflib=1 dir=0 label=0 lowerbound=1 fileNameGp=../graphsdb/mcs30/bvg/b03/mcs30_b03_s35.A40 fileNameGt=../graphsdb/mcs30/bvg/b03/mcs30_b03_s35.B40
Reading graphs...
35 :  52
35 :  52
Initializing...
maxdom : 35
D->valSize : 1225
Solving...
currentSize : 15 <-- 0.021000 s
currentSize : 16 <-- 0.021105 s
currentSize : 17 <-- 0.021654 s
currentSize : 18 <-- 0.024178 s
currentSize : 19 <-- 0.029232 s
currentSize : 20 <-- 0.058048 s
currentSize : 21 <-- 0.066536 s
currentSize : 22 <-- 0.477270 s
currentSize : 23 <-- 1.215161 s
currentSize : 24 <-- 5.410893 s
currentSize : 25 <-- 19.294399 s

maxsize : 25
nodes : 2985169.000000
filtered : 100114296.000000
CCGP filtered : 48948146.000000
CCGT filtered : 27456819.000000
time : 66.663460
