Parameters: GAD=1 vflib=1 dir=0 label=0 lowerbound=1 fileNameGp=../graphsdb/mcs30/m3D/m3D/mcs30_m3D_s30.A72 fileNameGt=../graphsdb/mcs30/m3D/m3D/mcs30_m3D_s30.B72
Reading graphs...
30 :  59
30 :  60
Initializing...
maxdom : 30
D->valSize : 900
Solving...
currentSize : 9 <-- 0.010794 s
currentSize : 12 <-- 0.010835 s
currentSize : 13 <-- 0.010927 s
currentSize : 14 <-- 0.011551 s
currentSize : 15 <-- 0.022056 s
currentSize : 16 <-- 0.105896 s
currentSize : 17 <-- 0.106073 s
currentSize : 18 <-- 0.239974 s
currentSize : 19 <-- 0.516789 s
currentSize : 20 <-- 8.941190 s

maxsize : 20
nodes : 2564245.000000
filtered : 82306526.000000
CCGP filtered : 17723929.000000
CCGT filtered : 12845469.000000
time : 42.464787
