Parameters: GAD=1 vflib=1 dir=0 label=0 lowerbound=1 fileNameGp=../graphsdb/mcs30/bvg/b03/mcs30_b03_s25.A37 fileNameGt=../graphsdb/mcs30/bvg/b03/mcs30_b03_s25.B37
Reading graphs...
25 :  36
25 :  37
Initializing...
maxdom : 25
D->valSize : 625
Solving...
currentSize : 8 <-- 0.005405 s
currentSize : 9 <-- 0.005518 s
currentSize : 10 <-- 0.006173 s
currentSize : 13 <-- 0.006884 s
currentSize : 14 <-- 0.007197 s
currentSize : 15 <-- 0.008266 s
currentSize : 16 <-- 0.033049 s
currentSize : 17 <-- 0.287018 s
currentSize : 18 <-- 0.764495 s
currentSize : 19 <-- 0.766564 s

maxsize : 19
nodes : 61261.000000
filtered : 1262441.000000
CCGP filtered : 652666.000000
CCGT filtered : 590754.000000
time : 0.898926
