Parameters: GAD=1 vflib=1 dir=0 label=0 lowerbound=1 fileNameGp=../graphsdb/mcs30/rand/r005/mcs30_r005_s20.A31 fileNameGt=../graphsdb/mcs30/rand/r005/mcs30_r005_s20.B31
Reading graphs...
20 :  23
20 :  23
Initializing...
maxdom : 20
D->valSize : 400
Solving...
currentSize : 7 <-- 0.002238 s
currentSize : 9 <-- 0.002287 s
currentSize : 10 <-- 0.002318 s
currentSize : 12 <-- 0.002543 s
currentSize : 13 <-- 0.006803 s
currentSize : 14 <-- 0.007133 s
currentSize : 15 <-- 0.016762 s
currentSize : 16 <-- 0.018560 s
currentSize : 17 <-- 0.018738 s

maxsize : 17
nodes : 2581.000000
filtered : 45380.000000
CCGP filtered : 31432.000000
CCGT filtered : 10601.000000
time : 0.036638
