Parameters: GAD=1 vflib=1 dir=0 label=0 lowerbound=1 fileNameGp=../graphsdb/mcs50/bvg/b03/mcs50_b03_s30.A61 fileNameGt=../graphsdb/mcs50/bvg/b03/mcs50_b03_s30.B61
Reading graphs...
30 :  45
30 :  45
Initializing...
maxdom : 30
D->valSize : 900
Solving...
currentSize : 9 <-- 0.011111 s
currentSize : 14 <-- 0.011196 s
currentSize : 15 <-- 0.011285 s
currentSize : 16 <-- 0.011395 s
currentSize : 17 <-- 0.012774 s
currentSize : 18 <-- 0.014056 s
currentSize : 19 <-- 0.014124 s
currentSize : 20 <-- 0.022559 s
currentSize : 21 <-- 0.125449 s
currentSize : 22 <-- 9.568225 s

maxsize : 22
nodes : 657442.000000
filtered : 20277791.000000
CCGP filtered : 5792323.000000
CCGT filtered : 4671956.000000
time : 13.832246
