Parameters: GAD=1 vflib=1 dir=0 label=0 lowerbound=1 fileNameGp=../graphsdb/mcs50/m4D/m4Dr6/mcs50_m4Dr6_s35.A14 fileNameGt=../graphsdb/mcs50/m4D/m4Dr6/mcs50_m4Dr6_s35.B14
Reading graphs...
35 :  83
35 :  82
Initializing...
maxdom : 35
D->valSize : 1225
Solving...
currentSize : 14 <-- 0.034992 s
currentSize : 15 <-- 0.035410 s
currentSize : 16 <-- 0.036262 s
currentSize : 17 <-- 0.046399 s
currentSize : 18 <-- 0.144245 s
currentSize : 19 <-- 0.157460 s
currentSize : 20 <-- 0.406191 s
currentSize : 21 <-- 7.383008 s
currentSize : 22 <-- 9.253285 s
currentSize : 23 <-- 56.154823 s

maxsize : 23
nodes : 27241037.000000
filtered : 1134627410.000000
CCGP filtered : 187434276.000000
CCGT filtered : 115162050.000000
time : 588.994446
