Parameters: GAD=1 vflib=1 dir=0 label=0 lowerbound=1 fileNameGp=../graphsdb/mcs50/bvg/b09/mcs50_b09_s35.A09 fileNameGt=../graphsdb/mcs50/bvg/b09/mcs50_b09_s35.B09
Reading graphs...
35 :  155
35 :  151
Initializing...
maxdom : 35
D->valSize : 1225
Solving...
currentSize : 11 <-- 0.017971 s
currentSize : 13 <-- 0.018087 s
currentSize : 14 <-- 0.018498 s
currentSize : 15 <-- 0.050094 s
currentSize : 16 <-- 0.766239 s
currentSize : 17 <-- 2.819343 s
currentSize : 18 <-- 7.149873 s
currentSize : 19 <-- 137.449982 s
currentSize : 20 <-- 137.476440 s

maxsize : 20
nodes : 56097781.000000
filtered : 1707980622.000000
CCGP filtered : 10134869.000000
CCGT filtered : 25422575.000000
time : 833.968567
