Parameters: GAD=1 vflib=1 dir=0 label=0 lowerbound=1 fileNameGp=../graphsdb/mcs50/rand/r005/mcs50_r005_s35.A44 fileNameGt=../graphsdb/mcs50/rand/r005/mcs50_r005_s35.B44
Reading graphs...
35 :  61
35 :  62
Initializing...
maxdom : 35
D->valSize : 1225
Solving...
currentSize : 14 <-- 0.020736 s
currentSize : 16 <-- 0.020794 s
currentSize : 17 <-- 0.021275 s
currentSize : 18 <-- 0.021816 s
currentSize : 19 <-- 0.022208 s
currentSize : 20 <-- 0.029971 s
currentSize : 21 <-- 0.121824 s
currentSize : 22 <-- 3.622046 s
currentSize : 23 <-- 6.839355 s
currentSize : 24 <-- 19.002424 s

maxsize : 24
nodes : 12382314.000000
filtered : 490944323.000000
CCGP filtered : 84672784.000000
CCGT filtered : 124102754.000000
time : 307.738098
