Parameters: GAD=1 vflib=1 dir=0 label=0 lowerbound=1 fileNameGp=../graphsdb/mcs50/m4D/m4Dr2/mcs50_m4Dr2_s30.A71 fileNameGt=../graphsdb/mcs50/m4D/m4Dr2/mcs50_m4Dr2_s30.B71
Reading graphs...
30 :  61
30 :  60
Initializing...
maxdom : 30
D->valSize : 900
Solving...
currentSize : 13 <-- 0.018996 s
currentSize : 14 <-- 0.019097 s
currentSize : 15 <-- 0.019357 s
currentSize : 16 <-- 0.026376 s
currentSize : 17 <-- 0.026524 s
currentSize : 18 <-- 0.026782 s
currentSize : 19 <-- 0.076080 s
currentSize : 20 <-- 0.146177 s
currentSize : 21 <-- 0.481204 s

maxsize : 21
nodes : 540225.000000
filtered : 21027729.000000
CCGP filtered : 5137154.000000
CCGT filtered : 4095196.000000
time : 13.712996
