Parameters: GAD=1 vflib=1 dir=0 label=0 lowerbound=1 fileNameGp=../graphsdb/mcs50/m4D/m4Dr2/mcs50_m4Dr2_s30.A48 fileNameGt=../graphsdb/mcs50/m4D/m4Dr2/mcs50_m4Dr2_s30.B48
Reading graphs...
30 :  61
30 :  60
Initializing...
maxdom : 30
D->valSize : 900
Solving...
currentSize : 12 <-- 0.018999 s
currentSize : 13 <-- 0.019221 s
currentSize : 14 <-- 0.019813 s
currentSize : 15 <-- 0.023588 s
currentSize : 16 <-- 0.029607 s
currentSize : 17 <-- 0.035704 s
currentSize : 18 <-- 0.052476 s
currentSize : 19 <-- 0.247620 s
currentSize : 20 <-- 1.306361 s
currentSize : 21 <-- 1.308029 s

maxsize : 21
nodes : 616694.000000
filtered : 20165223.000000
CCGP filtered : 6129584.000000
CCGT filtered : 5718436.000000
time : 15.176767
