Parameters: GAD=1 vflib=1 dir=0 label=0 lowerbound=1 fileNameGp=../graphsdb/mcs50/m2D/m2Dr4/mcs50_m2Dr4_s30.A95 fileNameGt=../graphsdb/mcs50/m2D/m2Dr4/mcs50_m2Dr4_s30.B95
Reading graphs...
30 :  60
30 :  59
Initializing...
maxdom : 30
D->valSize : 900
Solving...
currentSize : 10 <-- 0.018988 s
currentSize : 13 <-- 0.019068 s
currentSize : 14 <-- 0.019486 s
currentSize : 15 <-- 0.023640 s
currentSize : 16 <-- 0.026823 s
currentSize : 17 <-- 0.033616 s
currentSize : 18 <-- 0.046655 s
currentSize : 19 <-- 1.389386 s
currentSize : 20 <-- 2.246596 s

maxsize : 20
nodes : 4443951.000000
filtered : 138151694.000000
CCGP filtered : 25183782.000000
CCGT filtered : 14917866.000000
time : 84.034935
