Parameters: GAD=1 vflib=1 dir=0 label=0 lowerbound=1 fileNameGp=../graphsdb/mcs50/m2D/m2Dr2/mcs50_m2Dr2_s30.A99 fileNameGt=../graphsdb/mcs50/m2D/m2Dr2/mcs50_m2Dr2_s30.B99
Reading graphs...
30 :  55
30 :  52
Initializing...
maxdom : 30
D->valSize : 900
Solving...
currentSize : 10 <-- 0.011104 s
currentSize : 12 <-- 0.011182 s
currentSize : 13 <-- 0.011278 s
currentSize : 16 <-- 0.011359 s
currentSize : 17 <-- 0.012399 s
currentSize : 18 <-- 0.015663 s
currentSize : 19 <-- 0.015998 s
currentSize : 20 <-- 0.041810 s
currentSize : 21 <-- 2.000593 s

maxsize : 21
nodes : 2119076.000000
filtered : 69532630.000000
CCGP filtered : 15201078.000000
CCGT filtered : 7734052.000000
time : 46.712357
