Parameters: GAD=1 vflib=1 dir=0 label=0 lowerbound=1 fileNameGp=../graphsdb/mcs50/bvg/b06m/mcs50_b06m_s35.A70 fileNameGt=../graphsdb/mcs50/bvg/b06m/mcs50_b06m_s35.B70
Reading graphs...
35 :  103
35 :  102
Initializing...
maxdom : 35
D->valSize : 1225
Solving...
currentSize : 13 <-- 0.024467 s
currentSize : 15 <-- 0.024583 s
currentSize : 16 <-- 0.032634 s
currentSize : 17 <-- 0.036731 s
currentSize : 18 <-- 0.046165 s
currentSize : 19 <-- 0.675896 s
currentSize : 20 <-- 0.676160 s
currentSize : 21 <-- 72.855789 s
currentSize : 22 <-- 244.272263 s

maxsize : 22
nodes : 52150780.000000
filtered : 2010598353.000000
CCGP filtered : 123881207.000000
CCGT filtered : 78358691.000000
time : 956.559021
