Parameters: GAD=1 vflib=1 dir=0 label=0 lowerbound=1 fileNameGp=../graphsdb/mcs50/m2D/m2D/mcs50_m2D_s30.A28 fileNameGt=../graphsdb/mcs50/m2D/m2D/mcs50_m2D_s30.B28
Reading graphs...
30 :  48
30 :  48
Initializing...
maxdom : 30
D->valSize : 900
Solving...
currentSize : 12 <-- 0.011087 s
currentSize : 14 <-- 0.011176 s
currentSize : 15 <-- 0.011288 s
currentSize : 16 <-- 0.012288 s
currentSize : 17 <-- 0.013257 s
currentSize : 18 <-- 0.017698 s
currentSize : 19 <-- 0.055799 s
currentSize : 20 <-- 0.055984 s
currentSize : 21 <-- 1.232184 s

maxsize : 21
nodes : 2060753.000000
filtered : 60076369.000000
CCGP filtered : 16032538.000000
CCGT filtered : 11257024.000000
time : 35.579815
