Parameters: GAD=1 vflib=1 dir=0 label=0 lowerbound=1 fileNameGp=../graphsdb/mcs50/rand/r005/mcs50_r005_s35.A81 fileNameGt=../graphsdb/mcs50/rand/r005/mcs50_r005_s35.B81
Reading graphs...
35 :  61
35 :  61
Initializing...
maxdom : 35
D->valSize : 1225
Solving...
currentSize : 13 <-- 0.036615 s
currentSize : 14 <-- 0.036674 s
currentSize : 16 <-- 0.036801 s
currentSize : 17 <-- 0.037621 s
currentSize : 18 <-- 0.038987 s
currentSize : 19 <-- 0.040553 s
currentSize : 20 <-- 0.060957 s
currentSize : 21 <-- 0.135570 s
currentSize : 22 <-- 0.161951 s
currentSize : 23 <-- 9.059830 s
currentSize : 24 <-- 22.791012 s
currentSize : 25 <-- 43.830448 s

maxsize : 25
nodes : 5242277.000000
filtered : 197210450.000000
CCGP filtered : 35869704.000000
CCGT filtered : 31327771.000000
time : 112.728737
