Parameters: GAD=1 vflib=1 dir=0 label=0 lowerbound=1 fileNameGp=../graphsdb/mcs50/m4D/m4D/mcs50_m4D_s30.A92 fileNameGt=../graphsdb/mcs50/m4D/m4D/mcs50_m4D_s30.B92
Reading graphs...
30 :  54
30 :  55
Initializing...
maxdom : 30
D->valSize : 900
Solving...
currentSize : 11 <-- 0.019107 s
currentSize : 14 <-- 0.019166 s
currentSize : 15 <-- 0.019570 s
currentSize : 16 <-- 0.019986 s
currentSize : 17 <-- 0.045861 s
currentSize : 18 <-- 0.052269 s
currentSize : 19 <-- 0.219921 s
currentSize : 20 <-- 1.328853 s
currentSize : 21 <-- 1.991607 s
currentSize : 22 <-- 6.446852 s

maxsize : 22
nodes : 571284.000000
filtered : 19355660.000000
CCGP filtered : 7221177.000000
CCGT filtered : 4884366.000000
time : 12.175642
