Parameters: GAD=1 vflib=1 dir=0 label=0 lowerbound=1 fileNameGp=../graphsdb/mcs50/m4D/m4Dr4/mcs50_m4Dr4_s35.A46 fileNameGt=../graphsdb/mcs50/m4D/m4Dr4/mcs50_m4Dr4_s35.B46
Reading graphs...
35 :  75
35 :  74
Initializing...
maxdom : 35
D->valSize : 1225
Solving...
currentSize : 16 <-- 0.025033 s
currentSize : 17 <-- 0.025137 s
currentSize : 18 <-- 0.025424 s
currentSize : 19 <-- 0.025893 s
currentSize : 20 <-- 0.025998 s
currentSize : 21 <-- 0.026368 s
currentSize : 22 <-- 1.528577 s
currentSize : 23 <-- 10.695442 s
currentSize : 24 <-- 193.613861 s

maxsize : 24
nodes : 16167548.000000
filtered : 609853566.000000
CCGP filtered : 155203907.000000
CCGT filtered : 160094498.000000
time : 417.316986
