Parameters: GAD=1 vflib=1 dir=0 label=0 lowerbound=1 fileNameGp=../graphsdb/mcs50/bvg/b03/mcs50_b03_s35.A13 fileNameGt=../graphsdb/mcs50/bvg/b03/mcs50_b03_s35.B13
Reading graphs...
35 :  52
35 :  52
Initializing...
maxdom : 35
D->valSize : 1225
Solving...
currentSize : 14 <-- 0.021229 s
currentSize : 16 <-- 0.021428 s
currentSize : 17 <-- 0.021493 s
currentSize : 18 <-- 0.021613 s
currentSize : 19 <-- 0.021703 s
currentSize : 20 <-- 0.022800 s
currentSize : 21 <-- 0.023336 s
currentSize : 22 <-- 0.023454 s
currentSize : 23 <-- 0.024000 s
currentSize : 24 <-- 0.025852 s
currentSize : 25 <-- 0.045404 s
currentSize : 26 <-- 5.524761 s

maxsize : 26
nodes : 2190444.000000
filtered : 101502190.000000
CCGP filtered : 53935751.000000
CCGT filtered : 25882811.000000
time : 102.492615
