Parameters: GAD=1 vflib=1 dir=0 label=0 lowerbound=1 fileNameGp=../graphsdb/mcs50/m4D/m4Dr6/mcs50_m4Dr6_s30.A92 fileNameGt=../graphsdb/mcs50/m4D/m4Dr6/mcs50_m4Dr6_s30.B92
Reading graphs...
30 :  73
30 :  69
Initializing...
maxdom : 30
D->valSize : 900
Solving...
currentSize : 12 <-- 0.018423 s
currentSize : 13 <-- 0.018476 s
currentSize : 14 <-- 0.018783 s
currentSize : 15 <-- 0.018816 s
currentSize : 16 <-- 0.021384 s
currentSize : 17 <-- 0.027345 s
currentSize : 18 <-- 0.027713 s
currentSize : 19 <-- 0.479091 s
currentSize : 20 <-- 0.479184 s

maxsize : 20
nodes : 1345508.000000
filtered : 52039997.000000
CCGP filtered : 7293547.000000
CCGT filtered : 7025801.000000
time : 33.404945
