Parameters: GAD=1 vflib=1 dir=0 label=0 lowerbound=1 fileNameGp=../graphsdb/mcs50/m2D/m2Dr2/mcs50_m2Dr2_s30.A74 fileNameGt=../graphsdb/mcs50/m2D/m2Dr2/mcs50_m2Dr2_s30.B74
Reading graphs...
30 :  55
30 :  53
Initializing...
maxdom : 30
D->valSize : 900
Solving...
currentSize : 9 <-- 0.010976 s
currentSize : 15 <-- 0.011038 s
currentSize : 16 <-- 0.011105 s
currentSize : 17 <-- 0.011164 s
currentSize : 18 <-- 0.012089 s
currentSize : 19 <-- 0.012106 s
currentSize : 20 <-- 0.827870 s
currentSize : 21 <-- 1.543829 s
currentSize : 22 <-- 9.980415 s

maxsize : 22
nodes : 880894.000000
filtered : 31082375.000000
CCGP filtered : 4189076.000000
CCGT filtered : 2902700.000000
time : 21.871941
