Parameters: GAD=1 vflib=1 dir=0 label=0 lowerbound=1 fileNameGp=../graphsdb/mcs50/rand/r005/mcs50_r005_s35.A77 fileNameGt=../graphsdb/mcs50/rand/r005/mcs50_r005_s35.B77
Reading graphs...
35 :  62
35 :  60
Initializing...
maxdom : 35
D->valSize : 1225
Solving...
currentSize : 15 <-- 0.020993 s
currentSize : 16 <-- 0.021057 s
currentSize : 17 <-- 0.021272 s
currentSize : 19 <-- 0.021843 s
currentSize : 20 <-- 0.170168 s
currentSize : 21 <-- 0.358823 s
currentSize : 22 <-- 0.434843 s
currentSize : 23 <-- 2.205921 s
currentSize : 24 <-- 40.540829 s
currentSize : 25 <-- 68.881569 s

maxsize : 25
nodes : 8948595.000000
filtered : 358356847.000000
CCGP filtered : 106790098.000000
CCGT filtered : 70468073.000000
time : 243.554886
