Parameters: GAD=1 vflib=1 dir=0 label=0 lowerbound=1 fileNameGp=../graphsdb/mcs50/m4D/m4D/mcs50_m4D_s35.A75 fileNameGt=../graphsdb/mcs50/m4D/m4D/mcs50_m4D_s35.B75
Reading graphs...
35 :  63
35 :  62
Initializing...
maxdom : 35
D->valSize : 1225
Solving...
currentSize : 12 <-- 0.035916 s
currentSize : 15 <-- 0.036564 s
currentSize : 17 <-- 0.037006 s
currentSize : 18 <-- 0.083078 s
currentSize : 19 <-- 0.092301 s
currentSize : 20 <-- 0.123300 s
currentSize : 21 <-- 0.132902 s
currentSize : 22 <-- 1.769505 s
currentSize : 23 <-- 2.862793 s
currentSize : 24 <-- 15.818389 s
currentSize : 25 <-- 16.049961 s

maxsize : 25
nodes : 2018920.000000
filtered : 86681029.000000
CCGP filtered : 35314084.000000
CCGT filtered : 19953451.000000
time : 54.772289
