Parameters: GAD=1 vflib=1 dir=0 label=0 lowerbound=1 fileNameGp=../graphsdb/mcs50/m2D/m2D/mcs50_m2D_s20.A76 fileNameGt=../graphsdb/mcs50/m2D/m2D/mcs50_m2D_s20.B76
Reading graphs...
20 :  31
20 :  31
Initializing...
maxdom : 20
D->valSize : 400
Solving...
currentSize : 8 <-- 0.002258 s
currentSize : 9 <-- 0.002285 s
currentSize : 10 <-- 0.002305 s
currentSize : 11 <-- 0.002365 s
currentSize : 12 <-- 0.003325 s
currentSize : 13 <-- 0.003661 s
currentSize : 14 <-- 0.003980 s
currentSize : 15 <-- 0.005050 s
currentSize : 16 <-- 0.042894 s

maxsize : 16
nodes : 6303.000000
filtered : 169834.000000
CCGP filtered : 59533.000000
CCGT filtered : 19676.000000
time : 0.079362
