Parameters: GAD=1 vflib=1 dir=0 label=0 lowerbound=1 fileNameGp=../graphsdb/mcs50/bvg/b06m/mcs50_b06m_s30.A96 fileNameGt=../graphsdb/mcs50/bvg/b06m/mcs50_b06m_s30.B96
Reading graphs...
30 :  88
30 :  88
Initializing...
maxdom : 30
D->valSize : 900
Solving...
currentSize : 10 <-- 0.010662 s
currentSize : 11 <-- 0.010701 s
currentSize : 12 <-- 0.011214 s
currentSize : 13 <-- 0.011287 s
currentSize : 14 <-- 0.011791 s
currentSize : 15 <-- 0.012581 s
currentSize : 16 <-- 0.040294 s
currentSize : 17 <-- 0.907300 s
currentSize : 18 <-- 5.963383 s

maxsize : 18
nodes : 4911782.000000
filtered : 151707696.000000
CCGP filtered : 7066804.000000
CCGT filtered : 22657706.000000
time : 68.167488
