Parameters: GAD=1 vflib=1 dir=0 label=0 lowerbound=1 fileNameGp=../graphsdb/mcs50/m4D/m4D/mcs50_m4D_s30.A84 fileNameGt=../graphsdb/mcs50/m4D/m4D/mcs50_m4D_s30.B84
Reading graphs...
30 :  55
30 :  55
Initializing...
maxdom : 30
D->valSize : 900
Solving...
currentSize : 13 <-- 0.019187 s
currentSize : 14 <-- 0.020052 s
currentSize : 15 <-- 0.024858 s
currentSize : 16 <-- 0.025059 s
currentSize : 17 <-- 0.025131 s
currentSize : 18 <-- 0.028234 s
currentSize : 19 <-- 2.086605 s
currentSize : 20 <-- 19.598116 s
currentSize : 21 <-- 37.760952 s

maxsize : 21
nodes : 2276049.000000
filtered : 62304156.000000
CCGP filtered : 33969396.000000
CCGT filtered : 21727246.000000
time : 40.269848
