Parameters: GAD=1 vflib=1 dir=0 label=0 lowerbound=1 fileNameGp=../graphsdb/mcs50/m4D/m4D/mcs50_m4D_s30.A06 fileNameGt=../graphsdb/mcs50/m4D/m4D/mcs50_m4D_s30.B06
Reading graphs...
30 :  55
30 :  55
Initializing...
maxdom : 30
D->valSize : 900
Solving...
currentSize : 8 <-- 0.010804 s
currentSize : 9 <-- 0.010909 s
currentSize : 10 <-- 0.010933 s
currentSize : 14 <-- 0.011016 s
currentSize : 15 <-- 0.028343 s
currentSize : 16 <-- 0.128015 s
currentSize : 17 <-- 0.192943 s
currentSize : 18 <-- 0.193938 s
currentSize : 19 <-- 0.290823 s
currentSize : 20 <-- 0.541282 s
currentSize : 21 <-- 4.196794 s

maxsize : 21
nodes : 713419.000000
filtered : 23031276.000000
CCGP filtered : 12554472.000000
CCGT filtered : 7974140.000000
time : 17.907495
