Parameters: GAD=1 vflib=1 dir=0 label=0 lowerbound=1 fileNameGp=../graphsdb/mcs50/m4D/m4D/mcs50_m4D_s30.A77 fileNameGt=../graphsdb/mcs50/m4D/m4D/mcs50_m4D_s30.B77
Reading graphs...
30 :  55
30 :  55
Initializing...
maxdom : 30
D->valSize : 900
Solving...
currentSize : 12 <-- 0.010990 s
currentSize : 13 <-- 0.011138 s
currentSize : 14 <-- 0.011356 s
currentSize : 15 <-- 0.011551 s
currentSize : 16 <-- 0.015401 s
currentSize : 17 <-- 0.018277 s
currentSize : 18 <-- 0.024495 s
currentSize : 19 <-- 0.024584 s
currentSize : 20 <-- 0.144145 s
currentSize : 21 <-- 0.255580 s
currentSize : 22 <-- 2.640869 s

maxsize : 22
nodes : 359496.000000
filtered : 13961009.000000
CCGP filtered : 5237195.000000
CCGT filtered : 1840669.000000
time : 8.808612
