Parameters: GAD=1 vflib=1 dir=0 label=0 lowerbound=1 fileNameGp=../graphsdb/mcs50/bvg/b03m/mcs50_b03m_s25.A66 fileNameGt=../graphsdb/mcs50/bvg/b03m/mcs50_b03m_s25.B66
Reading graphs...
25 :  37
25 :  36
Initializing...
maxdom : 25
D->valSize : 625
Solving...
currentSize : 10 <-- 0.009340 s
currentSize : 11 <-- 0.009483 s
currentSize : 12 <-- 0.009750 s
currentSize : 13 <-- 0.009953 s
currentSize : 14 <-- 0.010220 s
currentSize : 15 <-- 0.029442 s
currentSize : 16 <-- 0.153046 s
currentSize : 17 <-- 0.937300 s
currentSize : 18 <-- 1.238186 s
currentSize : 19 <-- 1.331428 s

maxsize : 19
nodes : 111826.000000
filtered : 2412632.000000
CCGP filtered : 1328489.000000
CCGT filtered : 901700.000000
time : 1.711612
