Parameters: GAD=1 vflib=1 dir=0 label=0 lowerbound=1 fileNameGp=../graphsdb/mcs50/m4D/m4D/mcs50_m4D_s30.A66 fileNameGt=../graphsdb/mcs50/m4D/m4D/mcs50_m4D_s30.B66
Reading graphs...
30 :  55
30 :  55
Initializing...
maxdom : 30
D->valSize : 900
Solving...
currentSize : 11 <-- 0.011164 s
currentSize : 13 <-- 0.011198 s
currentSize : 14 <-- 0.011389 s
currentSize : 16 <-- 0.011410 s
currentSize : 17 <-- 0.012287 s
currentSize : 18 <-- 0.028457 s
currentSize : 19 <-- 0.033519 s
currentSize : 20 <-- 0.835748 s
currentSize : 21 <-- 3.451514 s

maxsize : 21
nodes : 507419.000000
filtered : 16462539.000000
CCGP filtered : 8494881.000000
CCGT filtered : 4980478.000000
time : 12.424586
