Parameters: GAD=1 vflib=1 dir=0 label=0 lowerbound=1 fileNameGp=../graphsdb/mcs50/m2D/m2Dr2/mcs50_m2Dr2_s30.A85 fileNameGt=../graphsdb/mcs50/m2D/m2Dr2/mcs50_m2Dr2_s30.B85
Reading graphs...
30 :  54
30 :  53
Initializing...
maxdom : 30
D->valSize : 900
Solving...
currentSize : 10 <-- 0.019208 s
currentSize : 11 <-- 0.019343 s
currentSize : 12 <-- 0.020230 s
currentSize : 14 <-- 0.020376 s
currentSize : 15 <-- 0.020575 s
currentSize : 16 <-- 0.043272 s
currentSize : 17 <-- 0.063003 s
currentSize : 18 <-- 0.063141 s
currentSize : 19 <-- 0.063198 s
currentSize : 20 <-- 4.589508 s
currentSize : 21 <-- 9.624983 s

maxsize : 21
nodes : 1211254.000000
filtered : 40039811.000000
CCGP filtered : 14267565.000000
CCGT filtered : 6822696.000000
time : 22.369108
