Parameters: GAD=1 vflib=1 dir=0 label=0 lowerbound=1 fileNameGp=../graphsdb/mcs50/bvg/b03m/mcs50_b03m_s35.A66 fileNameGt=../graphsdb/mcs50/bvg/b03m/mcs50_b03m_s35.B66
Reading graphs...
35 :  50
35 :  50
Initializing...
maxdom : 35
D->valSize : 1225
Solving...
currentSize : 17 <-- 0.021473 s
currentSize : 18 <-- 0.022065 s
currentSize : 19 <-- 0.024553 s
currentSize : 20 <-- 0.028046 s
currentSize : 21 <-- 0.036465 s
currentSize : 22 <-- 0.036785 s
currentSize : 23 <-- 0.801032 s
currentSize : 24 <-- 0.826829 s
currentSize : 25 <-- 31.193949 s

maxsize : 25
nodes : 3382577.000000
filtered : 123151892.000000
CCGP filtered : 83280988.000000
CCGT filtered : 46958013.000000
time : 93.421661
