Parameters: GAD=1 vflib=1 dir=0 label=0 lowerbound=1 fileNameGp=../graphsdb/mcs50/rand/r005/mcs50_r005_s30.A42 fileNameGt=../graphsdb/mcs50/rand/r005/mcs50_r005_s30.B42
Reading graphs...
30 :  45
30 :  46
Initializing...
maxdom : 30
D->valSize : 900
Solving...
currentSize : 13 <-- 0.011823 s
currentSize : 14 <-- 0.011893 s
currentSize : 15 <-- 0.012740 s
currentSize : 16 <-- 0.013868 s
currentSize : 17 <-- 0.019894 s
currentSize : 18 <-- 0.029982 s
currentSize : 19 <-- 0.039503 s
currentSize : 20 <-- 0.060919 s
currentSize : 21 <-- 0.146955 s
currentSize : 22 <-- 2.717764 s

maxsize : 22
nodes : 481980.000000
filtered : 17310334.000000
CCGP filtered : 7012264.000000
CCGT filtered : 3991539.000000
time : 12.150748
