Parameters: GAD=1 vflib=1 dir=0 label=0 lowerbound=1 fileNameGp=../graphsdb/mcs50/bvg/b06/mcs50_b06_s35.A63 fileNameGt=../graphsdb/mcs50/bvg/b06/mcs50_b06_s35.B63
Reading graphs...
35 :  104
35 :  105
Initializing...
maxdom : 35
D->valSize : 1225
Solving...
currentSize : 13 <-- 0.034001 s
currentSize : 15 <-- 0.034043 s
currentSize : 16 <-- 0.035185 s
currentSize : 17 <-- 0.039383 s
currentSize : 18 <-- 0.039456 s
currentSize : 19 <-- 0.539571 s
currentSize : 20 <-- 37.859829 s
currentSize : 21 <-- 129.156998 s
currentSize : 22 <-- 1296.479126 s

maxsize : 22
nodes : 95432756.000000
filtered : 3240070852.000000
CCGP filtered : 203611543.000000
CCGT filtered : 125314114.000000
time : 1519.326172
