Parameters: GAD=1 vflib=1 dir=0 label=0 lowerbound=1 fileNameGp=../graphsdb/mcs50/m4D/m4Dr6/mcs50_m4Dr6_s35.A38 fileNameGt=../graphsdb/mcs50/m4D/m4Dr6/mcs50_m4Dr6_s35.B38
Reading graphs...
35 :  83
35 :  80
Initializing...
maxdom : 35
D->valSize : 1225
Solving...
currentSize : 12 <-- 0.035292 s
currentSize : 13 <-- 0.035353 s
currentSize : 15 <-- 0.035382 s
currentSize : 17 <-- 0.035704 s
currentSize : 18 <-- 0.036404 s
currentSize : 19 <-- 0.040132 s
currentSize : 20 <-- 0.111158 s
currentSize : 21 <-- 0.113943 s
currentSize : 22 <-- 0.451214 s
currentSize : 23 <-- 52.188343 s
currentSize : 24 <-- 186.032288 s

maxsize : 24
nodes : 21030624.000000
filtered : 895531907.000000
CCGP filtered : 91322786.000000
CCGT filtered : 71215911.000000
time : 503.462646
