Parameters: GAD=1 vflib=1 dir=0 label=0 lowerbound=1 fileNameGp=../graphsdb/mcs50/bvg/b03/mcs50_b03_s30.A29 fileNameGt=../graphsdb/mcs50/bvg/b03/mcs50_b03_s30.B29
Reading graphs...
30 :  45
30 :  45
Initializing...
maxdom : 30
D->valSize : 900
Solving...
currentSize : 11 <-- 0.019584 s
currentSize : 15 <-- 0.020934 s
currentSize : 16 <-- 0.024606 s
currentSize : 17 <-- 0.040848 s
currentSize : 18 <-- 0.046282 s
currentSize : 19 <-- 0.168944 s
currentSize : 20 <-- 0.474677 s
currentSize : 21 <-- 1.625726 s
currentSize : 22 <-- 3.539881 s

maxsize : 22
nodes : 403599.000000
filtered : 13884050.000000
CCGP filtered : 4296669.000000
CCGT filtered : 2748215.000000
time : 8.860635
