Parameters: GAD=1 vflib=1 dir=0 label=0 lowerbound=1 fileNameGp=../graphsdb/mcs50/bvg/b03/mcs50_b03_s30.A13 fileNameGt=../graphsdb/mcs50/bvg/b03/mcs50_b03_s30.B13
Reading graphs...
30 :  43
30 :  45
Initializing...
maxdom : 30
D->valSize : 900
Solving...
currentSize : 11 <-- 0.011311 s
currentSize : 12 <-- 0.011394 s
currentSize : 13 <-- 0.011468 s
currentSize : 14 <-- 0.011578 s
currentSize : 15 <-- 0.011779 s
currentSize : 17 <-- 0.012478 s
currentSize : 18 <-- 0.013768 s
currentSize : 19 <-- 0.014298 s
currentSize : 20 <-- 0.016210 s
currentSize : 21 <-- 0.016841 s
currentSize : 22 <-- 1.254098 s

maxsize : 22
nodes : 378891.000000
filtered : 12408209.000000
CCGP filtered : 8369598.000000
CCGT filtered : 1848852.000000
time : 8.928445
