Parameters: GAD=1 vflib=1 dir=0 label=0 lowerbound=1 fileNameGp=../graphsdb/mcs50/m2D/m2Dr4/mcs50_m2Dr4_s30.A09 fileNameGt=../graphsdb/mcs50/m2D/m2Dr4/mcs50_m2Dr4_s30.B09
Reading graphs...
30 :  61
30 :  61
Initializing...
maxdom : 30
D->valSize : 900
Solving...
currentSize : 11 <-- 0.010841 s
currentSize : 12 <-- 0.010883 s
currentSize : 14 <-- 0.010946 s
currentSize : 15 <-- 0.011028 s
currentSize : 16 <-- 0.012175 s
currentSize : 17 <-- 0.027001 s
currentSize : 18 <-- 0.038952 s
currentSize : 19 <-- 0.309460 s
currentSize : 20 <-- 0.812480 s
currentSize : 21 <-- 11.404056 s

maxsize : 21
nodes : 2515357.000000
filtered : 85538529.000000
CCGP filtered : 8410159.000000
CCGT filtered : 5112913.000000
time : 51.648483
