Parameters: GAD=1 vflib=1 dir=0 label=0 lowerbound=1 fileNameGp=../graphsdb/mcs50/bvg/b03/mcs50_b03_s30.A14 fileNameGt=../graphsdb/mcs50/bvg/b03/mcs50_b03_s30.B14
Reading graphs...
30 :  44
30 :  45
Initializing...
maxdom : 30
D->valSize : 900
Solving...
currentSize : 13 <-- 0.011268 s
currentSize : 14 <-- 0.011296 s
currentSize : 15 <-- 0.011512 s
currentSize : 16 <-- 0.012217 s
currentSize : 17 <-- 0.012780 s
currentSize : 18 <-- 0.051917 s
currentSize : 19 <-- 0.059280 s
currentSize : 20 <-- 0.288419 s
currentSize : 21 <-- 1.972042 s
currentSize : 22 <-- 23.346300 s

maxsize : 22
nodes : 1193255.000000
filtered : 37592353.000000
CCGP filtered : 17408691.000000
CCGT filtered : 9936794.000000
time : 30.973694
