Parameters: GAD=1 vflib=1 dir=0 label=0 lowerbound=1 fileNameGp=../graphsdb/mcs50/bvg/b06/mcs50_b06_s35.A55 fileNameGt=../graphsdb/mcs50/bvg/b06/mcs50_b06_s35.B55
Reading graphs...
35 :  103
35 :  105
Initializing...
maxdom : 35
D->valSize : 1225
Solving...
currentSize : 13 <-- 0.034112 s
currentSize : 14 <-- 0.034623 s
currentSize : 15 <-- 0.035198 s
currentSize : 16 <-- 0.065443 s
currentSize : 17 <-- 0.071563 s
currentSize : 18 <-- 0.080129 s
currentSize : 19 <-- 1.074618 s
currentSize : 20 <-- 4.740992 s
currentSize : 21 <-- 8.083544 s
currentSize : 22 <-- 239.175934 s

maxsize : 22
nodes : 47557121.000000
filtered : 1800174473.000000
CCGP filtered : 95017120.000000
CCGT filtered : 61429930.000000
time : 890.728027
