Parameters: GAD=1 vflib=1 dir=0 label=0 lowerbound=1 fileNameGp=../graphsdb/mcs50/rand/r005/mcs50_r005_s25.A99 fileNameGt=../graphsdb/mcs50/rand/r005/mcs50_r005_s25.B99
Reading graphs...
25 :  35
25 :  33
Initializing...
maxdom : 25
D->valSize : 625
Solving...
currentSize : 11 <-- 0.005291 s
currentSize : 12 <-- 0.005333 s
currentSize : 13 <-- 0.005595 s
currentSize : 14 <-- 0.005936 s
currentSize : 15 <-- 0.015488 s
currentSize : 16 <-- 0.018951 s
currentSize : 17 <-- 0.047555 s
currentSize : 18 <-- 0.096115 s
currentSize : 19 <-- 0.114605 s

maxsize : 19
nodes : 37327.000000
filtered : 1194602.000000
CCGP filtered : 608001.000000
CCGT filtered : 277763.000000
time : 0.871004
