Parameters: GAD=1 vflib=1 dir=0 label=0 lowerbound=1 fileNameGp=../graphsdb/mcs50/bvg/b06/mcs50_b06_s35.A71 fileNameGt=../graphsdb/mcs50/bvg/b06/mcs50_b06_s35.B71
Reading graphs...
35 :  103
35 :  103
Initializing...
maxdom : 35
D->valSize : 1225
Solving...
currentSize : 14 <-- 0.019397 s
currentSize : 15 <-- 0.019858 s
currentSize : 16 <-- 0.020222 s
currentSize : 17 <-- 0.024042 s
currentSize : 18 <-- 0.025712 s
currentSize : 19 <-- 0.524935 s
currentSize : 20 <-- 2.171825 s
currentSize : 21 <-- 63.888626 s
currentSize : 22 <-- 516.233459 s

maxsize : 22
nodes : 51262571.000000
filtered : 1906824292.000000
CCGP filtered : 147431184.000000
CCGT filtered : 128969520.000000
time : 1008.521851
