Parameters: GAD=1 vflib=1 dir=0 label=0 lowerbound=1 fileNameGp=../graphsdb/mcs50/m4D/m4D/mcs50_m4D_s30.A80 fileNameGt=../graphsdb/mcs50/m4D/m4D/mcs50_m4D_s30.B80
Reading graphs...
30 :  55
30 :  54
Initializing...
maxdom : 30
D->valSize : 900
Solving...
currentSize : 13 <-- 0.010766 s
currentSize : 15 <-- 0.010951 s
currentSize : 16 <-- 0.025813 s
currentSize : 17 <-- 0.044345 s
currentSize : 18 <-- 0.086500 s
currentSize : 19 <-- 0.465670 s
currentSize : 20 <-- 0.479900 s
currentSize : 21 <-- 4.608055 s
currentSize : 22 <-- 4.654337 s

maxsize : 22
nodes : 617011.000000
filtered : 17512522.000000
CCGP filtered : 9261906.000000
CCGT filtered : 6301067.000000
time : 11.748098
