Parameters: GAD=1 vflib=1 dir=0 label=0 lowerbound=1 fileNameGp=../graphsdb/mcs50/bvg/b06/mcs50_b06_s35.A24 fileNameGt=../graphsdb/mcs50/bvg/b06/mcs50_b06_s35.B24
Reading graphs...
35 :  105
35 :  105
Initializing...
maxdom : 35
D->valSize : 1225
Solving...
currentSize : 12 <-- 0.033576 s
currentSize : 13 <-- 0.033800 s
currentSize : 14 <-- 0.033840 s
currentSize : 15 <-- 0.033866 s
currentSize : 16 <-- 0.034220 s
currentSize : 17 <-- 0.090897 s
currentSize : 18 <-- 0.361592 s
currentSize : 19 <-- 2.321059 s
currentSize : 20 <-- 3.689297 s
currentSize : 21 <-- 3.804967 s
currentSize : 22 <-- 3.805083 s

maxsize : 22
nodes : 33525828.000000
filtered : 1363982971.000000
CCGP filtered : 73340554.000000
CCGT filtered : 49787697.000000
time : 662.105957
