Parameters: GAD=1 vflib=1 dir=0 label=0 lowerbound=1 fileNameGp=../graphsdb/mcs50/m2D/m2D/mcs50_m2D_s30.A73 fileNameGt=../graphsdb/mcs50/m2D/m2D/mcs50_m2D_s30.B73
Reading graphs...
30 :  48
30 :  49
Initializing...
maxdom : 30
D->valSize : 900
Solving...
currentSize : 11 <-- 0.011052 s
currentSize : 14 <-- 0.011148 s
currentSize : 15 <-- 0.012166 s
currentSize : 16 <-- 0.012454 s
currentSize : 17 <-- 0.025634 s
currentSize : 18 <-- 0.033572 s
currentSize : 19 <-- 0.118288 s
currentSize : 20 <-- 0.250706 s
currentSize : 21 <-- 17.954657 s

maxsize : 21
nodes : 2779072.000000
filtered : 86396934.000000
CCGP filtered : 16593143.000000
CCGT filtered : 14509240.000000
time : 67.057190
