Parameters: GAD=1 vflib=1 dir=0 label=0 lowerbound=1 fileNameGp=../graphsdb/mcs50/bvg/b03/mcs50_b03_s30.A98 fileNameGt=../graphsdb/mcs50/bvg/b03/mcs50_b03_s30.B98
Reading graphs...
30 :  45
30 :  45
Initializing...
maxdom : 30
D->valSize : 900
Solving...
currentSize : 14 <-- 0.019625 s
currentSize : 15 <-- 0.021213 s
currentSize : 16 <-- 0.022612 s
currentSize : 17 <-- 0.022717 s
currentSize : 18 <-- 0.025099 s
currentSize : 19 <-- 0.048097 s
currentSize : 20 <-- 0.626377 s
currentSize : 21 <-- 0.690783 s
currentSize : 22 <-- 6.490431 s

maxsize : 22
nodes : 843630.000000
filtered : 27587864.000000
CCGP filtered : 11443588.000000
CCGT filtered : 7141012.000000
time : 16.813473
