Parameters: GAD=1 vflib=1 dir=0 label=0 lowerbound=1 fileNameGp=../graphsdb/mcs50/m4D/m4D/mcs50_m4D_s30.A05 fileNameGt=../graphsdb/mcs50/m4D/m4D/mcs50_m4D_s30.B05
Reading graphs...
30 :  55
30 :  54
Initializing...
maxdom : 30
D->valSize : 900
Solving...
currentSize : 6 <-- 0.010752 s
currentSize : 10 <-- 0.011374 s
currentSize : 12 <-- 0.011553 s
currentSize : 13 <-- 0.018269 s
currentSize : 14 <-- 0.021429 s
currentSize : 15 <-- 0.053142 s
currentSize : 16 <-- 0.094228 s
currentSize : 17 <-- 0.094419 s
currentSize : 18 <-- 0.147449 s
currentSize : 19 <-- 0.584216 s
currentSize : 20 <-- 0.628422 s
currentSize : 21 <-- 2.952537 s

maxsize : 21
nodes : 391185.000000
filtered : 11892793.000000
CCGP filtered : 7588591.000000
CCGT filtered : 3141370.000000
time : 10.907080
