Parameters: GAD=1 vflib=1 dir=0 label=0 lowerbound=1 fileNameGp=../graphsdb/mcs50/bvg/b06/mcs50_b06_s35.A27 fileNameGt=../graphsdb/mcs50/bvg/b06/mcs50_b06_s35.B27
Reading graphs...
35 :  104
35 :  105
Initializing...
maxdom : 35
D->valSize : 1225
Solving...
currentSize : 13 <-- 0.019379 s
currentSize : 14 <-- 0.020062 s
currentSize : 15 <-- 0.020094 s
currentSize : 16 <-- 0.028483 s
currentSize : 17 <-- 0.044578 s
currentSize : 18 <-- 0.065716 s
currentSize : 19 <-- 1.376175 s
currentSize : 20 <-- 27.049612 s
currentSize : 21 <-- 41.774616 s
currentSize : 22 <-- 80.601372 s

maxsize : 22
nodes : 55438664.000000
filtered : 2195234180.000000
CCGP filtered : 103133312.000000
CCGT filtered : 57634988.000000
time : 1040.109985
