Parameters: GAD=1 vflib=1 dir=0 label=0 lowerbound=1 fileNameGp=../graphsdb/mcs50/m4D/m4Dr2/mcs50_m4Dr2_s30.A15 fileNameGt=../graphsdb/mcs50/m4D/m4Dr2/mcs50_m4Dr2_s30.B15
Reading graphs...
30 :  60
30 :  59
Initializing...
maxdom : 30
D->valSize : 900
Solving...
currentSize : 9 <-- 0.010769 s
currentSize : 10 <-- 0.010803 s
currentSize : 11 <-- 0.010859 s
currentSize : 13 <-- 0.010935 s
currentSize : 14 <-- 0.011012 s
currentSize : 15 <-- 0.015844 s
currentSize : 16 <-- 0.015892 s
currentSize : 17 <-- 0.017578 s
currentSize : 18 <-- 0.018375 s
currentSize : 19 <-- 0.152107 s
currentSize : 20 <-- 0.407669 s
currentSize : 21 <-- 6.697704 s

maxsize : 21
nodes : 1478023.000000
filtered : 54509286.000000
CCGP filtered : 11954481.000000
CCGT filtered : 9258514.000000
time : 38.137135
