Parameters: GAD=1 vflib=1 dir=0 label=0 lowerbound=1 fileNameGp=../graphsdb/mcs50/bvg/b06/mcs50_b06_s35.A90 fileNameGt=../graphsdb/mcs50/bvg/b06/mcs50_b06_s35.B90
Reading graphs...
35 :  104
35 :  103
Initializing...
maxdom : 35
D->valSize : 1225
Solving...
currentSize : 13 <-- 0.019416 s
currentSize : 14 <-- 0.019503 s
currentSize : 15 <-- 0.020231 s
currentSize : 17 <-- 0.025144 s
currentSize : 18 <-- 0.040388 s
currentSize : 19 <-- 0.062949 s
currentSize : 20 <-- 2.296441 s
currentSize : 21 <-- 105.204422 s
currentSize : 22 <-- 159.783310 s

maxsize : 22
nodes : 52792010.000000
filtered : 2031022672.000000
CCGP filtered : 107552419.000000
CCGT filtered : 104846490.000000
time : 1074.182617
