Parameters: GAD=1 vflib=1 dir=0 label=0 lowerbound=1 fileNameGp=../graphsdb/mcs50/m4D/m4D/mcs50_m4D_s30.A13 fileNameGt=../graphsdb/mcs50/m4D/m4D/mcs50_m4D_s30.B13
Reading graphs...
30 :  55
30 :  55
Initializing...
maxdom : 30
D->valSize : 900
Solving...
currentSize : 12 <-- 0.019118 s
currentSize : 13 <-- 0.019162 s
currentSize : 15 <-- 0.019436 s
currentSize : 16 <-- 0.065473 s
currentSize : 17 <-- 0.071548 s
currentSize : 18 <-- 0.074180 s
currentSize : 19 <-- 0.188411 s
currentSize : 20 <-- 0.484710 s
currentSize : 22 <-- 0.789511 s

maxsize : 22
nodes : 318476.000000
filtered : 12075229.000000
CCGP filtered : 3475896.000000
CCGT filtered : 2872893.000000
time : 9.488918
