Parameters: GAD=1 vflib=1 dir=0 label=0 lowerbound=1 fileNameGp=../graphsdb/mcs50/bvg/b09/mcs50_b09_s30.A68 fileNameGt=../graphsdb/mcs50/bvg/b09/mcs50_b09_s30.B68
Reading graphs...
30 :  132
30 :  132
Initializing...
maxdom : 30
D->valSize : 900
Solving...
currentSize : 10 <-- 0.009442 s
currentSize : 11 <-- 0.009672 s
currentSize : 12 <-- 0.009942 s
currentSize : 13 <-- 0.012464 s
currentSize : 14 <-- 0.061311 s
currentSize : 15 <-- 0.161146 s
currentSize : 16 <-- 21.700506 s
currentSize : 17 <-- 127.267090 s
currentSize : 18 <-- 179.774597 s

maxsize : 18
nodes : 16556584.000000
filtered : 354765971.000000
CCGP filtered : 3812748.000000
CCGT filtered : 3850765.000000
time : 192.254211
