Parameters: GAD=1 vflib=1 dir=0 label=0 lowerbound=1 fileNameGp=../graphsdb/mcs50/m4D/m4Dr2/mcs50_m4Dr2_s35.A20 fileNameGt=../graphsdb/mcs50/m4D/m4Dr2/mcs50_m4Dr2_s35.B20
Reading graphs...
35 :  70
35 :  70
Initializing...
maxdom : 35
D->valSize : 1225
Solving...
currentSize : 16 <-- 0.020481 s
currentSize : 17 <-- 0.020593 s
currentSize : 18 <-- 0.020687 s
currentSize : 19 <-- 0.023630 s
currentSize : 20 <-- 0.227354 s
currentSize : 21 <-- 0.227509 s
currentSize : 22 <-- 1.035393 s
currentSize : 23 <-- 31.905993 s
currentSize : 24 <-- 169.023865 s

maxsize : 24
nodes : 19508996.000000
filtered : 730517433.000000
CCGP filtered : 174253669.000000
CCGT filtered : 104683990.000000
time : 466.334198
