Parameters: GAD=1 vflib=1 dir=0 label=0 lowerbound=1 fileNameGp=../graphsdb/mcs50/bvg/b03/mcs50_b03_s30.A00 fileNameGt=../graphsdb/mcs50/bvg/b03/mcs50_b03_s30.B00
Reading graphs...
30 :  44
30 :  45
Initializing...
maxdom : 30
D->valSize : 900
Solving...
currentSize : 12 <-- 0.011030 s
currentSize : 14 <-- 0.011068 s
currentSize : 15 <-- 0.011391 s
currentSize : 16 <-- 0.012917 s
currentSize : 17 <-- 0.015962 s
currentSize : 18 <-- 0.017504 s
currentSize : 19 <-- 0.264163 s
currentSize : 20 <-- 3.040781 s
currentSize : 21 <-- 15.786808 s

maxsize : 21
nodes : 1186508.000000
filtered : 34614741.000000
CCGP filtered : 17815170.000000
CCGT filtered : 13348089.000000
time : 23.627880
