Parameters: GAD=1 vflib=1 dir=0 label=0 lowerbound=1 fileNameGp=../graphsdb/mcs50/bvg/b06/mcs50_b06_s35.A73 fileNameGt=../graphsdb/mcs50/bvg/b06/mcs50_b06_s35.B73
Reading graphs...
35 :  101
35 :  105
Initializing...
maxdom : 35
D->valSize : 1225
Solving...
currentSize : 10 <-- 0.034213 s
currentSize : 11 <-- 0.034278 s
currentSize : 12 <-- 0.034543 s
currentSize : 13 <-- 0.035041 s
currentSize : 14 <-- 0.035502 s
currentSize : 15 <-- 0.035622 s
currentSize : 16 <-- 0.039939 s
currentSize : 17 <-- 0.054779 s
currentSize : 18 <-- 1.697629 s
currentSize : 19 <-- 7.157929 s
currentSize : 20 <-- 15.537351 s
currentSize : 21 <-- 52.894863 s
currentSize : 22 <-- 863.341675 s

maxsize : 22
nodes : 70042091.000000
filtered : 2426557047.000000
CCGP filtered : 134759963.000000
CCGT filtered : 123496676.000000
time : 1276.369751
