Parameters: GAD=1 vflib=1 dir=0 label=0 lowerbound=1 fileNameGp=../graphsdb/mcs50/rand/r01/mcs50_r01_s20.A36 fileNameGt=../graphsdb/mcs50/rand/r01/mcs50_r01_s20.B36
Reading graphs...
20 :  35
20 :  37
Initializing...
maxdom : 20
D->valSize : 400
Solving...
currentSize : 6 <-- 0.002134 s
currentSize : 8 <-- 0.002163 s
currentSize : 9 <-- 0.002216 s
currentSize : 10 <-- 0.002283 s
currentSize : 11 <-- 0.002379 s
currentSize : 12 <-- 0.002721 s
currentSize : 13 <-- 0.003973 s
currentSize : 14 <-- 0.005780 s
currentSize : 15 <-- 0.059661 s

maxsize : 15
nodes : 15773.000000
filtered : 373967.000000
CCGP filtered : 46238.000000
CCGT filtered : 23958.000000
time : 0.165716
