Parameters: GAD=1 vflib=1 dir=0 label=0 lowerbound=1 fileNameGp=../graphsdb/mcs50/bvg/b09/mcs50_b09_s35.A16 fileNameGt=../graphsdb/mcs50/bvg/b09/mcs50_b09_s35.B16
Reading graphs...
35 :  153
35 :  155
Initializing...
maxdom : 35
D->valSize : 1225
Solving...
currentSize : 12 <-- 0.017966 s
currentSize : 13 <-- 0.018116 s
currentSize : 14 <-- 0.018419 s
currentSize : 15 <-- 0.019158 s
currentSize : 16 <-- 0.075055 s
currentSize : 17 <-- 0.075971 s
currentSize : 18 <-- 0.076755 s
currentSize : 19 <-- 416.547302 s
currentSize : 20 <-- 650.395630 s

maxsize : 20
nodes : 99648428.000000
filtered : 3025341903.000000
CCGP filtered : 28532651.000000
CCGT filtered : 21155826.000000
time : 1460.876587
