Parameters: GAD=1 vflib=1 dir=0 label=0 lowerbound=1 fileNameGp=../graphsdb/mcs50/rand/r005/mcs50_r005_s35.A96 fileNameGt=../graphsdb/mcs50/rand/r005/mcs50_r005_s35.B96
Reading graphs...
35 :  60
35 :  61
Initializing...
maxdom : 35
D->valSize : 1225
Solving...
currentSize : 14 <-- 0.020915 s
currentSize : 15 <-- 0.021023 s
currentSize : 16 <-- 0.021435 s
currentSize : 17 <-- 0.021984 s
currentSize : 18 <-- 0.030205 s
currentSize : 19 <-- 0.133414 s
currentSize : 20 <-- 0.160654 s
currentSize : 21 <-- 0.504759 s
currentSize : 22 <-- 0.582101 s
currentSize : 23 <-- 2.137764 s
currentSize : 24 <-- 69.369064 s
currentSize : 25 <-- 123.809990 s

maxsize : 25
nodes : 17723770.000000
filtered : 662057483.000000
CCGP filtered : 130487757.000000
CCGT filtered : 66429786.000000
time : 420.583313
