Parameters: GAD=1 vflib=1 dir=0 label=0 lowerbound=1 fileNameGp=../graphsdb/mcs50/bvg/b03/mcs50_b03_s20.A03 fileNameGt=../graphsdb/mcs50/bvg/b03/mcs50_b03_s20.B03
Reading graphs...
20 :  30
20 :  30
Initializing...
maxdom : 20
D->valSize : 400
Solving...
currentSize : 7 <-- 0.002287 s
currentSize : 8 <-- 0.002313 s
currentSize : 9 <-- 0.002347 s
currentSize : 10 <-- 0.002506 s
currentSize : 11 <-- 0.002647 s
currentSize : 12 <-- 0.004114 s
currentSize : 13 <-- 0.009053 s
currentSize : 14 <-- 0.049047 s
currentSize : 15 <-- 0.218821 s

maxsize : 15
nodes : 23234.000000
filtered : 485725.000000
CCGP filtered : 82318.000000
CCGT filtered : 80729.000000
time : 0.304578
