Parameters: GAD=1 vflib=1 dir=0 label=0 lowerbound=1 fileNameGp=../graphsdb/mcs50/m4D/m4D/mcs50_m4D_s35.A37 fileNameGt=../graphsdb/mcs50/m4D/m4D/mcs50_m4D_s35.B37
Reading graphs...
35 :  63
35 :  63
Initializing...
maxdom : 35
D->valSize : 1225
Solving...
currentSize : 16 <-- 0.020770 s
currentSize : 17 <-- 0.020863 s
currentSize : 18 <-- 0.021259 s
currentSize : 20 <-- 0.021282 s
currentSize : 21 <-- 0.037156 s
currentSize : 22 <-- 0.041348 s
currentSize : 23 <-- 1.121371 s
currentSize : 24 <-- 27.934740 s
currentSize : 25 <-- 27.963852 s

maxsize : 25
nodes : 3986336.000000
filtered : 163278591.000000
CCGP filtered : 96096029.000000
CCGT filtered : 49677137.000000
time : 120.231873
