Parameters: GAD=1 vflib=1 dir=0 label=0 lowerbound=1 fileNameGp=../graphsdb/mcs50/bvg/b03m/mcs50_b03m_s35.A83 fileNameGt=../graphsdb/mcs50/bvg/b03m/mcs50_b03m_s35.B83
Reading graphs...
35 :  51
35 :  52
Initializing...
maxdom : 35
D->valSize : 1225
Solving...
currentSize : 11 <-- 0.020976 s
currentSize : 16 <-- 0.021100 s
currentSize : 17 <-- 0.021425 s
currentSize : 18 <-- 0.021520 s
currentSize : 19 <-- 0.122687 s
currentSize : 20 <-- 0.218189 s
currentSize : 21 <-- 0.442917 s
currentSize : 22 <-- 3.602189 s
currentSize : 23 <-- 39.617889 s
currentSize : 24 <-- 41.874325 s
currentSize : 25 <-- 70.258415 s

maxsize : 25
nodes : 4197634.000000
filtered : 130888162.000000
CCGP filtered : 102115877.000000
CCGT filtered : 50685057.000000
time : 95.632698
