Parameters: GAD=1 vflib=1 dir=0 label=0 lowerbound=1 fileNameGp=../graphsdb/mcs50/m4D/m4Dr4/mcs50_m4Dr4_s35.A40 fileNameGt=../graphsdb/mcs50/m4D/m4Dr4/mcs50_m4Dr4_s35.B40
Reading graphs...
35 :  75
35 :  74
Initializing...
maxdom : 35
D->valSize : 1225
Solving...
currentSize : 16 <-- 0.035644 s
currentSize : 17 <-- 0.035957 s
currentSize : 18 <-- 0.037261 s
currentSize : 19 <-- 0.037903 s
currentSize : 20 <-- 0.167837 s
currentSize : 21 <-- 0.340017 s
currentSize : 22 <-- 0.356623 s
currentSize : 23 <-- 17.728271 s
currentSize : 24 <-- 28.577497 s

maxsize : 24
nodes : 17097169.000000
filtered : 719098246.000000
CCGP filtered : 77492512.000000
CCGT filtered : 73500577.000000
time : 505.732941
