Parameters: GAD=1 vflib=1 dir=0 label=0 lowerbound=1 fileNameGp=../graphsdb/mcs50/bvg/b06/mcs50_b06_s35.A00 fileNameGt=../graphsdb/mcs50/bvg/b06/mcs50_b06_s35.B00
Reading graphs...
35 :  103
35 :  101
Initializing...
maxdom : 35
D->valSize : 1225
Solving...
currentSize : 12 <-- 0.019419 s
currentSize : 14 <-- 0.019492 s
currentSize : 15 <-- 0.019725 s
currentSize : 16 <-- 0.020119 s
currentSize : 17 <-- 0.022116 s
currentSize : 18 <-- 0.098011 s
currentSize : 19 <-- 0.409212 s
currentSize : 20 <-- 1.558566 s
currentSize : 21 <-- 108.794830 s
currentSize : 22 <-- 108.949440 s

maxsize : 22
nodes : 52874300.000000
filtered : 2086817797.000000
CCGP filtered : 139152076.000000
CCGT filtered : 92863814.000000
time : 1047.203857
