Parameters: GAD=1 vflib=1 dir=0 label=0 lowerbound=1 fileNameGp=../graphsdb/mcs50/bvg/b06m/mcs50_b06m_s35.A18 fileNameGt=../graphsdb/mcs50/bvg/b06m/mcs50_b06m_s35.B18
Reading graphs...
35 :  104
35 :  102
Initializing...
maxdom : 35
D->valSize : 1225
Solving...
currentSize : 13 <-- 0.019963 s
currentSize : 14 <-- 0.020044 s
currentSize : 15 <-- 0.021065 s
currentSize : 16 <-- 0.032044 s
currentSize : 17 <-- 0.153305 s
currentSize : 18 <-- 0.523793 s
currentSize : 19 <-- 8.097738 s
currentSize : 20 <-- 83.755981 s
currentSize : 21 <-- 148.544785 s

maxsize : 21
nodes : 39158265.000000
filtered : 1423967095.000000
CCGP filtered : 123073418.000000
CCGT filtered : 108746640.000000
time : 704.674072
