Parameters: GAD=1 vflib=1 dir=0 label=0 lowerbound=1 fileNameGp=../graphsdb/mcs50/m4D/m4Dr2/mcs50_m4Dr2_s35.A74 fileNameGt=../graphsdb/mcs50/m4D/m4Dr2/mcs50_m4Dr2_s35.B74
Reading graphs...
35 :  70
35 :  70
Initializing...
maxdom : 35
D->valSize : 1225
Solving...
currentSize : 9 <-- 0.020298 s
currentSize : 10 <-- 0.020351 s
currentSize : 11 <-- 0.020386 s
currentSize : 12 <-- 0.020416 s
currentSize : 13 <-- 0.020446 s
currentSize : 14 <-- 0.020474 s
currentSize : 15 <-- 0.020521 s
currentSize : 16 <-- 0.021192 s
currentSize : 17 <-- 0.022074 s
currentSize : 19 <-- 0.022133 s
currentSize : 20 <-- 0.022274 s
currentSize : 21 <-- 0.022324 s
currentSize : 22 <-- 0.022478 s
currentSize : 23 <-- 15.696209 s

maxsize : 23
nodes : 16312952.000000
filtered : 611623648.000000
CCGP filtered : 212402394.000000
CCGT filtered : 109719527.000000
time : 402.301758
