Parameters: GAD=1 vflib=1 dir=0 label=0 lowerbound=1 fileNameGp=../graphsdb/mcs50/rand/r005/mcs50_r005_s35.A84 fileNameGt=../graphsdb/mcs50/rand/r005/mcs50_r005_s35.B84
Reading graphs...
35 :  59
35 :  60
Initializing...
maxdom : 35
D->valSize : 1225
Solving...
currentSize : 15 <-- 0.037015 s
currentSize : 16 <-- 0.037110 s
currentSize : 17 <-- 0.037240 s
currentSize : 18 <-- 0.038177 s
currentSize : 19 <-- 0.054587 s
currentSize : 20 <-- 0.076938 s
currentSize : 21 <-- 0.197824 s
currentSize : 22 <-- 0.358671 s
currentSize : 23 <-- 0.618297 s
currentSize : 24 <-- 7.818065 s
currentSize : 25 <-- 7.818291 s

maxsize : 25
nodes : 6984612.000000
filtered : 280362654.000000
CCGP filtered : 87574926.000000
CCGT filtered : 44058194.000000
time : 175.272659
