Parameters: GAD=1 vflib=1 dir=0 label=0 lowerbound=1 fileNameGp=../graphsdb/mcs50/rand/r01/mcs50_r01_s35.A15 fileNameGt=../graphsdb/mcs50/rand/r01/mcs50_r01_s35.B15
Reading graphs...
35 :  116
35 :  116
Initializing...
maxdom : 35
D->valSize : 1225
Solving...
currentSize : 11 <-- 0.033469 s
currentSize : 12 <-- 0.033551 s
currentSize : 13 <-- 0.033609 s
currentSize : 14 <-- 0.033745 s
currentSize : 15 <-- 0.035930 s
currentSize : 16 <-- 0.072354 s
currentSize : 17 <-- 0.171005 s
currentSize : 18 <-- 2.315169 s
currentSize : 19 <-- 2.732867 s
currentSize : 20 <-- 226.506027 s

TIMEOUT
maxsize : 20
nodes : 257338526.000000
filtered : 7193197846.000000
CCGP filtered : 139908938.000000
CCGT filtered : 182075072.000000
time : 3600.000000
