Parameters: GAD=1 vflib=1 dir=0 label=0 lowerbound=1 fileNameGp=../graphsdb/mcs50/m4D/m4Dr4/mcs50_m4Dr4_s35.A69 fileNameGt=../graphsdb/mcs50/m4D/m4Dr4/mcs50_m4Dr4_s35.B69
Reading graphs...
35 :  76
35 :  72
Initializing...
maxdom : 35
D->valSize : 1225
Solving...
currentSize : 16 <-- 0.036067 s
currentSize : 17 <-- 0.036966 s
currentSize : 18 <-- 0.037598 s
currentSize : 19 <-- 0.061955 s
currentSize : 20 <-- 0.073684 s
currentSize : 21 <-- 0.226514 s
currentSize : 22 <-- 3.822187 s
currentSize : 23 <-- 22.587904 s
currentSize : 24 <-- 330.367004 s

maxsize : 24
nodes : 21819124.000000
filtered : 854880101.000000
CCGP filtered : 132322397.000000
CCGT filtered : 83839682.000000
time : 533.346802
