Parameters: GAD=1 vflib=1 dir=0 label=0 lowerbound=1 fileNameGp=../graphsdb/mcs50/bvg/b06m/mcs50_b06m_s35.A81 fileNameGt=../graphsdb/mcs50/bvg/b06m/mcs50_b06m_s35.B81
Reading graphs...
35 :  103
35 :  103
Initializing...
maxdom : 35
D->valSize : 1225
Solving...
currentSize : 13 <-- 0.033995 s
currentSize : 14 <-- 0.034297 s
currentSize : 15 <-- 0.034700 s
currentSize : 16 <-- 0.050442 s
currentSize : 17 <-- 0.088295 s
currentSize : 18 <-- 0.509444 s
currentSize : 19 <-- 1.086299 s
currentSize : 20 <-- 36.431816 s
currentSize : 21 <-- 1014.489990 s

maxsize : 21
nodes : 187942176.000000
filtered : 5767975356.000000
CCGP filtered : 345316783.000000
CCGT filtered : 354816575.000000
time : 3151.841797
