Parameters: GAD=1 vflib=1 dir=0 label=0 lowerbound=1 fileNameGp=../graphsdb/mcs50/rand/r005/mcs50_r005_s25.A40 fileNameGt=../graphsdb/mcs50/rand/r005/mcs50_r005_s25.B40
Reading graphs...
25 :  34
25 :  35
Initializing...
maxdom : 25
D->valSize : 625
Solving...
currentSize : 10 <-- 0.005369 s
currentSize : 11 <-- 0.005407 s
currentSize : 12 <-- 0.005496 s
currentSize : 13 <-- 0.005555 s
currentSize : 14 <-- 0.013289 s
currentSize : 15 <-- 0.021436 s
currentSize : 16 <-- 0.022675 s
currentSize : 17 <-- 0.049704 s
currentSize : 18 <-- 0.805539 s
currentSize : 19 <-- 0.864408 s

maxsize : 19
nodes : 79021.000000
filtered : 1835980.000000
CCGP filtered : 1319538.000000
CCGT filtered : 970512.000000
time : 0.907837
