Parameters: GAD=1 vflib=1 dir=0 label=0 lowerbound=1 fileNameGp=../graphsdb/mcs50/bvg/b06/mcs50_b06_s25.A04 fileNameGt=../graphsdb/mcs50/bvg/b06/mcs50_b06_s25.B04
Reading graphs...
25 :  72
25 :  75
Initializing...
maxdom : 25
D->valSize : 625
Solving...
currentSize : 7 <-- 0.004809 s
currentSize : 9 <-- 0.004858 s
currentSize : 10 <-- 0.004923 s
currentSize : 11 <-- 0.005495 s
currentSize : 12 <-- 0.008672 s
currentSize : 13 <-- 0.008972 s
currentSize : 14 <-- 0.091184 s
currentSize : 15 <-- 0.406197 s
currentSize : 16 <-- 8.319869 s

maxsize : 16
nodes : 1051547.000000
filtered : 24640228.000000
CCGP filtered : 1179423.000000
CCGT filtered : 544998.000000
time : 11.204767
