Parameters: GAD=1 vflib=1 dir=0 label=0 lowerbound=1 fileNameGp=../graphsdb/mcs50/bvg/b03/mcs50_b03_s35.A94 fileNameGt=../graphsdb/mcs50/bvg/b03/mcs50_b03_s35.B94
Reading graphs...
35 :  52
35 :  52
Initializing...
maxdom : 35
D->valSize : 1225
Solving...
currentSize : 16 <-- 0.037625 s
currentSize : 17 <-- 0.048696 s
currentSize : 18 <-- 0.066941 s
currentSize : 19 <-- 0.084774 s
currentSize : 20 <-- 0.345566 s
currentSize : 21 <-- 0.504404 s
currentSize : 22 <-- 0.655528 s
currentSize : 23 <-- 0.655800 s
currentSize : 24 <-- 1.243190 s
currentSize : 25 <-- 4.045037 s

maxsize : 25
nodes : 4811831.000000
filtered : 186369267.000000
CCGP filtered : 90789291.000000
CCGT filtered : 51959083.000000
time : 149.620605
