Parameters: GAD=1 vflib=1 dir=0 label=0 lowerbound=1 fileNameGp=../graphsdb/mcs50/m4D/m4Dr6/mcs50_m4Dr6_s30.A51 fileNameGt=../graphsdb/mcs50/m4D/m4Dr6/mcs50_m4Dr6_s30.B51
Reading graphs...
30 :  71
30 :  69
Initializing...
maxdom : 30
D->valSize : 900
Solving...
currentSize : 7 <-- 0.011036 s
currentSize : 8 <-- 0.011138 s
currentSize : 9 <-- 0.011168 s
currentSize : 11 <-- 0.011452 s
currentSize : 14 <-- 0.011538 s
currentSize : 15 <-- 0.013809 s
currentSize : 16 <-- 0.015556 s
currentSize : 17 <-- 0.028350 s
currentSize : 18 <-- 0.073807 s
currentSize : 19 <-- 1.352507 s
currentSize : 20 <-- 9.428071 s

maxsize : 20
nodes : 1814728.000000
filtered : 65576943.000000
CCGP filtered : 8335112.000000
CCGT filtered : 6176389.000000
time : 27.831408
