Parameters: GAD=1 vflib=1 dir=0 label=0 lowerbound=1 fileNameGp=../graphsdb/mcs50/m4D/m4Dr2/mcs50_m4Dr2_s35.A51 fileNameGt=../graphsdb/mcs50/m4D/m4Dr2/mcs50_m4Dr2_s35.B51
Reading graphs...
35 :  68
35 :  69
Initializing...
maxdom : 35
D->valSize : 1225
Solving...
currentSize : 15 <-- 0.020905 s
currentSize : 17 <-- 0.020960 s
currentSize : 18 <-- 0.020983 s
currentSize : 19 <-- 0.021234 s
currentSize : 20 <-- 0.021985 s
currentSize : 21 <-- 0.023912 s
currentSize : 22 <-- 0.419604 s
currentSize : 23 <-- 27.402960 s
currentSize : 24 <-- 30.978191 s

maxsize : 24
nodes : 10358815.000000
filtered : 438776042.000000
CCGP filtered : 114058816.000000
CCGT filtered : 94250470.000000
time : 307.223022
