Parameters: GAD=1 vflib=1 dir=0 label=0 lowerbound=1 fileNameGp=../graphsdb/mcs50/m4D/m4D/mcs50_m4D_s30.A31 fileNameGt=../graphsdb/mcs50/m4D/m4D/mcs50_m4D_s30.B31
Reading graphs...
30 :  55
30 :  55
Initializing...
maxdom : 30
D->valSize : 900
Solving...
currentSize : 9 <-- 0.019447 s
currentSize : 10 <-- 0.019594 s
currentSize : 13 <-- 0.019836 s
currentSize : 15 <-- 0.034888 s
currentSize : 16 <-- 0.038858 s
currentSize : 17 <-- 0.106149 s
currentSize : 18 <-- 0.109447 s
currentSize : 19 <-- 0.119573 s
currentSize : 20 <-- 1.560445 s
currentSize : 21 <-- 1.561005 s
currentSize : 22 <-- 2.742471 s

maxsize : 22
nodes : 240098.000000
filtered : 7112684.000000
CCGP filtered : 5583760.000000
CCGT filtered : 3356478.000000
time : 4.805764
