Parameters: GAD=1 vflib=1 dir=0 label=0 lowerbound=1 fileNameGp=../graphsdb/mcs50/m4D/m4Dr6/mcs50_m4Dr6_s35.A13 fileNameGt=../graphsdb/mcs50/m4D/m4Dr6/mcs50_m4Dr6_s35.B13
Reading graphs...
35 :  83
35 :  82
Initializing...
maxdom : 35
D->valSize : 1225
Solving...
currentSize : 13 <-- 0.019859 s
currentSize : 14 <-- 0.020272 s
currentSize : 15 <-- 0.022016 s
currentSize : 16 <-- 0.023432 s
currentSize : 17 <-- 0.026872 s
currentSize : 18 <-- 0.240286 s
currentSize : 19 <-- 1.069218 s
currentSize : 20 <-- 1.109820 s
currentSize : 21 <-- 4.154487 s
currentSize : 22 <-- 250.072067 s

maxsize : 22
nodes : 60312437.000000
filtered : 2203253743.000000
CCGP filtered : 407521511.000000
CCGT filtered : 326310128.000000
time : 1344.961792
