Parameters: GAD=1 vflib=1 dir=0 label=0 lowerbound=1 fileNameGp=../graphsdb/mcs50/m4D/m4Dr6/mcs50_m4Dr6_s35.A98 fileNameGt=../graphsdb/mcs50/m4D/m4Dr6/mcs50_m4Dr6_s35.B98
Reading graphs...
35 :  83
35 :  84
Initializing...
maxdom : 35
D->valSize : 1225
Solving...
currentSize : 14 <-- 0.024478 s
currentSize : 15 <-- 0.025806 s
currentSize : 16 <-- 0.025900 s
currentSize : 17 <-- 0.026055 s
currentSize : 18 <-- 0.026124 s
currentSize : 19 <-- 0.039630 s
currentSize : 20 <-- 0.039730 s
currentSize : 21 <-- 2.422726 s
currentSize : 22 <-- 21.250843 s
currentSize : 23 <-- 517.181824 s

maxsize : 23
nodes : 34508811.000000
filtered : 1303400267.000000
CCGP filtered : 158245646.000000
CCGT filtered : 91251070.000000
time : 896.587158
