Parameters: GAD=1 vflib=1 dir=0 label=0 lowerbound=1 fileNameGp=../graphsdb/mcs50/rand/r005/mcs50_r005_s35.A38 fileNameGt=../graphsdb/mcs50/rand/r005/mcs50_r005_s35.B38
Reading graphs...
35 :  60
35 :  61
Initializing...
maxdom : 35
D->valSize : 1225
Solving...
currentSize : 16 <-- 0.020597 s
currentSize : 17 <-- 0.021040 s
currentSize : 18 <-- 0.021279 s
currentSize : 19 <-- 0.031102 s
currentSize : 20 <-- 0.031542 s
currentSize : 21 <-- 0.039528 s
currentSize : 22 <-- 0.158014 s
currentSize : 23 <-- 0.354335 s
currentSize : 24 <-- 5.422658 s
currentSize : 25 <-- 17.853348 s

maxsize : 25
nodes : 5998006.000000
filtered : 240433313.000000
CCGP filtered : 48906945.000000
CCGT filtered : 30637486.000000
time : 156.295395
