Parameters: GAD=1 vflib=1 dir=0 label=0 lowerbound=1 fileNameGp=../graphsdb/mcs50/m4D/m4Dr2/mcs50_m4Dr2_s35.A12 fileNameGt=../graphsdb/mcs50/m4D/m4Dr2/mcs50_m4Dr2_s35.B12
Reading graphs...
35 :  70
35 :  70
Initializing...
maxdom : 35
D->valSize : 1225
Solving...
currentSize : 11 <-- 0.036082 s
currentSize : 14 <-- 0.036161 s
currentSize : 15 <-- 0.036204 s
currentSize : 16 <-- 0.037843 s
currentSize : 17 <-- 0.040442 s
currentSize : 18 <-- 0.041316 s
currentSize : 19 <-- 0.048219 s
currentSize : 20 <-- 0.171463 s
currentSize : 21 <-- 0.510129 s
currentSize : 22 <-- 5.148200 s
currentSize : 23 <-- 93.695358 s

maxsize : 23
nodes : 9405920.000000
filtered : 339396373.000000
CCGP filtered : 107525542.000000
CCGT filtered : 88775316.000000
time : 221.768921
