Parameters: GAD=1 vflib=1 dir=0 label=0 lowerbound=1 fileNameGp=../graphsdb/mcs50/rand/r005/mcs50_r005_s35.A09 fileNameGt=../graphsdb/mcs50/rand/r005/mcs50_r005_s35.B09
Reading graphs...
35 :  61
35 :  61
Initializing...
maxdom : 35
D->valSize : 1225
Solving...
currentSize : 15 <-- 0.020491 s
currentSize : 16 <-- 0.020827 s
currentSize : 17 <-- 0.021199 s
currentSize : 18 <-- 0.022226 s
currentSize : 19 <-- 0.023315 s
currentSize : 20 <-- 0.023961 s
currentSize : 21 <-- 0.024565 s
currentSize : 22 <-- 0.025676 s
currentSize : 23 <-- 0.128340 s
currentSize : 24 <-- 0.777383 s
currentSize : 25 <-- 8.911420 s

maxsize : 25
nodes : 20766018.000000
filtered : 836393289.000000
CCGP filtered : 138020030.000000
CCGT filtered : 56891318.000000
time : 631.295349
