Parameters: GAD=1 vflib=1 dir=0 label=0 lowerbound=1 fileNameGp=../graphsdb/mcs50/m4D/m4Dr6/mcs50_m4Dr6_s35.A05 fileNameGt=../graphsdb/mcs50/m4D/m4Dr6/mcs50_m4Dr6_s35.B05
Reading graphs...
35 :  82
35 :  80
Initializing...
maxdom : 35
D->valSize : 1225
Solving...
currentSize : 11 <-- 0.020120 s
currentSize : 12 <-- 0.020257 s
currentSize : 13 <-- 0.020372 s
currentSize : 14 <-- 0.020614 s
currentSize : 15 <-- 0.020839 s
currentSize : 17 <-- 0.021418 s
currentSize : 18 <-- 0.101981 s
currentSize : 19 <-- 0.183118 s
currentSize : 20 <-- 0.960141 s
currentSize : 21 <-- 9.103607 s
currentSize : 22 <-- 89.698387 s
currentSize : 23 <-- 134.435287 s

maxsize : 23
nodes : 17188893.000000
filtered : 596862427.000000
CCGP filtered : 131814406.000000
CCGT filtered : 73833417.000000
time : 392.387909
