Parameters: GAD=1 vflib=1 dir=0 label=0 lowerbound=1 fileNameGp=../graphsdb/mcs50/m4D/m4Dr4/mcs50_m4Dr4_s30.A18 fileNameGt=../graphsdb/mcs50/m4D/m4Dr4/mcs50_m4Dr4_s30.B18
Reading graphs...
30 :  67
30 :  66
Initializing...
maxdom : 30
D->valSize : 900
Solving...
currentSize : 9 <-- 0.010666 s
currentSize : 10 <-- 0.010741 s
currentSize : 11 <-- 0.010893 s
currentSize : 12 <-- 0.011146 s
currentSize : 13 <-- 0.011410 s
currentSize : 14 <-- 0.013380 s
currentSize : 15 <-- 0.018841 s
currentSize : 16 <-- 0.049943 s
currentSize : 17 <-- 0.112901 s
currentSize : 18 <-- 0.128748 s
currentSize : 19 <-- 0.132442 s
currentSize : 20 <-- 14.568493 s

maxsize : 20
nodes : 2929340.000000
filtered : 90369544.000000
CCGP filtered : 12131412.000000
CCGT filtered : 8944308.000000
time : 47.648727
