Parameters: GAD=1 vflib=1 dir=0 label=0 lowerbound=1 fileNameGp=../graphsdb/mcs50/rand/r005/mcs50_r005_s35.A87 fileNameGt=../graphsdb/mcs50/rand/r005/mcs50_r005_s35.B87
Reading graphs...
35 :  60
35 :  61
Initializing...
maxdom : 35
D->valSize : 1225
Solving...
currentSize : 15 <-- 0.020666 s
currentSize : 16 <-- 0.020825 s
currentSize : 17 <-- 0.024096 s
currentSize : 18 <-- 0.024239 s
currentSize : 19 <-- 0.035005 s
currentSize : 20 <-- 0.056571 s
currentSize : 21 <-- 0.063628 s
currentSize : 22 <-- 0.063765 s
currentSize : 23 <-- 0.063978 s
currentSize : 24 <-- 0.119707 s
currentSize : 25 <-- 265.741302 s

maxsize : 25
nodes : 14246742.000000
filtered : 515714134.000000
CCGP filtered : 86968898.000000
CCGT filtered : 60441147.000000
time : 394.628052
