Parameters: GAD=1 vflib=1 dir=0 label=0 lowerbound=1 fileNameGp=../graphsdb/mcs50/m4D/m4Dr4/mcs50_m4Dr4_s35.A09 fileNameGt=../graphsdb/mcs50/m4D/m4Dr4/mcs50_m4Dr4_s35.B09
Reading graphs...
35 :  75
35 :  75
Initializing...
maxdom : 35
D->valSize : 1225
Solving...
currentSize : 11 <-- 0.020832 s
currentSize : 16 <-- 0.020950 s
currentSize : 17 <-- 0.021047 s
currentSize : 18 <-- 0.021614 s
currentSize : 19 <-- 0.030231 s
currentSize : 20 <-- 0.032745 s
currentSize : 21 <-- 0.095317 s
currentSize : 22 <-- 1.107002 s
currentSize : 23 <-- 29.557783 s

maxsize : 23
nodes : 19955810.000000
filtered : 823852934.000000
CCGP filtered : 192283002.000000
CCGT filtered : 99551478.000000
time : 498.514984
