Parameters: GAD=1 vflib=1 dir=0 label=0 lowerbound=1 fileNameGp=../graphsdb/mcs50/m4D/m4Dr6/mcs50_m4Dr6_s30.A03 fileNameGt=../graphsdb/mcs50/m4D/m4Dr6/mcs50_m4Dr6_s30.B03
Reading graphs...
30 :  73
30 :  72
Initializing...
maxdom : 30
D->valSize : 900
Solving...
currentSize : 12 <-- 0.018541 s
currentSize : 13 <-- 0.019330 s
currentSize : 14 <-- 0.031544 s
currentSize : 15 <-- 0.166925 s
currentSize : 16 <-- 0.167880 s
currentSize : 17 <-- 0.828183 s
currentSize : 18 <-- 2.428011 s
currentSize : 19 <-- 5.783889 s
currentSize : 20 <-- 9.179739 s
currentSize : 21 <-- 27.577656 s

maxsize : 21
nodes : 1776680.000000
filtered : 54456057.000000
CCGP filtered : 15480694.000000
CCGT filtered : 6301020.000000
time : 35.749439
