Parameters: GAD=1 vflib=1 dir=0 label=0 lowerbound=1 fileNameGp=../graphsdb/mcs50/bvg/b03m/mcs50_b03m_s35.A68 fileNameGt=../graphsdb/mcs50/bvg/b03m/mcs50_b03m_s35.B68
Reading graphs...
35 :  51
35 :  50
Initializing...
maxdom : 35
D->valSize : 1225
Solving...
currentSize : 16 <-- 0.021418 s
currentSize : 18 <-- 0.021487 s
currentSize : 19 <-- 0.021685 s
currentSize : 20 <-- 0.025493 s
currentSize : 21 <-- 0.093376 s
currentSize : 22 <-- 0.537810 s
currentSize : 23 <-- 0.537969 s
currentSize : 24 <-- 3.733498 s
currentSize : 25 <-- 5.338560 s
currentSize : 26 <-- 7.586364 s

maxsize : 26
nodes : 1121835.000000
filtered : 48227998.000000
CCGP filtered : 18619433.000000
CCGT filtered : 13643925.000000
time : 41.152912
