Parameters: GAD=1 vflib=1 dir=0 label=0 lowerbound=1 fileNameGp=../graphsdb/mcs50/m4D/m4Dr4/mcs50_m4Dr4_s30.A95 fileNameGt=../graphsdb/mcs50/m4D/m4Dr4/mcs50_m4Dr4_s30.B95
Reading graphs...
30 :  66
30 :  66
Initializing...
maxdom : 30
D->valSize : 900
Solving...
currentSize : 12 <-- 0.010725 s
currentSize : 13 <-- 0.011615 s
currentSize : 14 <-- 0.019687 s
currentSize : 15 <-- 0.029724 s
currentSize : 16 <-- 0.037476 s
currentSize : 17 <-- 0.040324 s
currentSize : 18 <-- 0.107439 s
currentSize : 19 <-- 0.127233 s
currentSize : 20 <-- 0.190258 s
currentSize : 21 <-- 22.411175 s

maxsize : 21
nodes : 1684662.000000
filtered : 58727397.000000
CCGP filtered : 6155689.000000
CCGT filtered : 4714090.000000
time : 32.840321
