Parameters: GAD=1 vflib=1 dir=0 label=0 lowerbound=1 fileNameGp=../graphsdb/mcs50/bvg/b06m/mcs50_b06m_s35.A57 fileNameGt=../graphsdb/mcs50/bvg/b06m/mcs50_b06m_s35.B57
Reading graphs...
35 :  102
35 :  102
Initializing...
maxdom : 35
D->valSize : 1225
Solving...
currentSize : 13 <-- 0.019318 s
currentSize : 14 <-- 0.019367 s
currentSize : 15 <-- 0.019519 s
currentSize : 16 <-- 0.019894 s
currentSize : 17 <-- 0.020537 s
currentSize : 18 <-- 0.309786 s
currentSize : 19 <-- 4.023238 s
currentSize : 20 <-- 123.216179 s
currentSize : 21 <-- 2206.679688 s

maxsize : 21
nodes : 203329462.000000
filtered : 5980112978.000000
CCGP filtered : 252310224.000000
CCGT filtered : 560831339.000000
time : 3303.753418
