Parameters: GAD=1 vflib=1 dir=0 label=0 lowerbound=1 fileNameGp=../graphsdb/mcs50/rand/r005/mcs50_r005_s30.A28 fileNameGt=../graphsdb/mcs50/rand/r005/mcs50_r005_s30.B28
Reading graphs...
30 :  47
30 :  47
Initializing...
maxdom : 30
D->valSize : 900
Solving...
currentSize : 11 <-- 0.010961 s
currentSize : 12 <-- 0.011528 s
currentSize : 13 <-- 0.013408 s
currentSize : 14 <-- 0.014422 s
currentSize : 16 <-- 0.021530 s
currentSize : 17 <-- 0.022282 s
currentSize : 18 <-- 0.070633 s
currentSize : 19 <-- 0.165004 s
currentSize : 20 <-- 1.909032 s
currentSize : 21 <-- 3.557867 s
currentSize : 22 <-- 4.180390 s

maxsize : 22
nodes : 668674.000000
filtered : 20596899.000000
CCGP filtered : 5598202.000000
CCGT filtered : 4548499.000000
time : 12.637045
