Parameters: GAD=1 vflib=1 dir=0 label=0 lowerbound=1 fileNameGp=../graphsdb/mcs50/bvg/b03/mcs50_b03_s35.A23 fileNameGt=../graphsdb/mcs50/bvg/b03/mcs50_b03_s35.B23
Reading graphs...
35 :  52
35 :  52
Initializing...
maxdom : 35
D->valSize : 1225
Solving...
currentSize : 17 <-- 0.037017 s
currentSize : 18 <-- 0.037175 s
currentSize : 19 <-- 0.037228 s
currentSize : 20 <-- 0.040655 s
currentSize : 21 <-- 0.064457 s
currentSize : 22 <-- 0.064814 s
currentSize : 23 <-- 0.065189 s
currentSize : 24 <-- 0.191880 s
currentSize : 25 <-- 4.485233 s
currentSize : 26 <-- 45.838089 s

maxsize : 26
nodes : 2569455.000000
filtered : 95871803.000000
CCGP filtered : 52898456.000000
CCGT filtered : 23985423.000000
time : 76.928352
