Parameters: GAD=1 vflib=1 dir=0 label=0 lowerbound=1 fileNameGp=../graphsdb/mcs50/m4D/m4Dr6/mcs50_m4Dr6_s35.A45 fileNameGt=../graphsdb/mcs50/m4D/m4Dr6/mcs50_m4Dr6_s35.B45
Reading graphs...
35 :  79
35 :  78
Initializing...
maxdom : 35
D->valSize : 1225
Solving...
currentSize : 14 <-- 0.024875 s
currentSize : 15 <-- 0.024951 s
currentSize : 16 <-- 0.026102 s
currentSize : 17 <-- 0.026361 s
currentSize : 18 <-- 0.027205 s
currentSize : 19 <-- 0.028140 s
currentSize : 20 <-- 0.063160 s
currentSize : 21 <-- 0.141490 s
currentSize : 22 <-- 0.780912 s
currentSize : 23 <-- 5.912087 s
currentSize : 24 <-- 191.286346 s

maxsize : 24
nodes : 15133032.000000
filtered : 633793554.000000
CCGP filtered : 119904757.000000
CCGT filtered : 64036174.000000
time : 436.275848
