Parameters: GAD=1 vflib=1 dir=0 label=0 lowerbound=1 fileNameGp=../graphsdb/mcs50/m2D/m2Dr6/mcs50_m2Dr6_s30.A76 fileNameGt=../graphsdb/mcs50/m2D/m2Dr6/mcs50_m2Dr6_s30.B76
Reading graphs...
30 :  66
30 :  65
Initializing...
maxdom : 30
D->valSize : 900
Solving...
currentSize : 12 <-- 0.018678 s
currentSize : 13 <-- 0.018835 s
currentSize : 14 <-- 0.018952 s
currentSize : 15 <-- 0.019082 s
currentSize : 16 <-- 0.024306 s
currentSize : 17 <-- 0.196161 s
currentSize : 18 <-- 0.330665 s
currentSize : 19 <-- 2.654107 s
currentSize : 20 <-- 181.001938 s

maxsize : 20
nodes : 17328366.000000
filtered : 449705502.000000
CCGP filtered : 35333883.000000
CCGT filtered : 28224224.000000
time : 254.452164
