Parameters: GAD=1 vflib=1 dir=0 label=0 lowerbound=1 fileNameGp=../graphsdb/mcs50/bvg/b03/mcs50_b03_s35.A06 fileNameGt=../graphsdb/mcs50/bvg/b03/mcs50_b03_s35.B06
Reading graphs...
35 :  52
35 :  52
Initializing...
maxdom : 35
D->valSize : 1225
Solving...
currentSize : 12 <-- 0.021129 s
currentSize : 16 <-- 0.021351 s
currentSize : 17 <-- 0.021496 s
currentSize : 18 <-- 0.021571 s
currentSize : 19 <-- 0.054998 s
currentSize : 20 <-- 0.076463 s
currentSize : 21 <-- 0.152802 s
currentSize : 22 <-- 0.456102 s
currentSize : 23 <-- 2.423174 s
currentSize : 24 <-- 6.258415 s
currentSize : 25 <-- 16.646502 s

maxsize : 25
nodes : 3376272.000000
filtered : 131960867.000000
CCGP filtered : 63541489.000000
CCGT filtered : 33265643.000000
time : 122.139503
