Parameters: GAD=1 vflib=1 dir=0 label=0 lowerbound=1 fileNameGp=../graphsdb/mcs50/bvg/b06/mcs50_b06_s35.A61 fileNameGt=../graphsdb/mcs50/bvg/b06/mcs50_b06_s35.B61
Reading graphs...
35 :  105
35 :  101
Initializing...
maxdom : 35
D->valSize : 1225
Solving...
currentSize : 12 <-- 0.034185 s
currentSize : 15 <-- 0.034439 s
currentSize : 16 <-- 0.039943 s
currentSize : 17 <-- 0.054132 s
currentSize : 18 <-- 0.156449 s
currentSize : 19 <-- 0.280849 s
currentSize : 20 <-- 1.110725 s
currentSize : 21 <-- 278.291901 s
currentSize : 22 <-- 2270.610596 s

maxsize : 22
nodes : 131782093.000000
filtered : 4627337500.000000
CCGP filtered : 332894993.000000
CCGT filtered : 206667030.000000
time : 2323.785889
