Parameters: GAD=1 vflib=1 dir=0 label=0 lowerbound=1 fileNameGp=../graphsdb/mcs50/bvg/b03m/mcs50_b03m_s35.A22 fileNameGt=../graphsdb/mcs50/bvg/b03m/mcs50_b03m_s35.B22
Reading graphs...
35 :  51
35 :  51
Initializing...
maxdom : 35
D->valSize : 1225
Solving...
currentSize : 18 <-- 0.036874 s
currentSize : 19 <-- 0.037068 s
currentSize : 20 <-- 0.037551 s
currentSize : 21 <-- 0.052897 s
currentSize : 22 <-- 0.184083 s
currentSize : 23 <-- 0.286975 s
currentSize : 24 <-- 0.535588 s
currentSize : 25 <-- 8.630413 s
currentSize : 26 <-- 43.594608 s

maxsize : 26
nodes : 3801571.000000
filtered : 140651465.000000
CCGP filtered : 89722887.000000
CCGT filtered : 47544136.000000
time : 90.780190
