Parameters: GAD=1 vflib=1 dir=0 label=0 lowerbound=1 fileNameGp=../graphsdb/mcs50/rand/r005/mcs50_r005_s35.A62 fileNameGt=../graphsdb/mcs50/rand/r005/mcs50_r005_s35.B62
Reading graphs...
35 :  61
35 :  60
Initializing...
maxdom : 35
D->valSize : 1225
Solving...
currentSize : 15 <-- 0.020789 s
currentSize : 16 <-- 0.026622 s
currentSize : 17 <-- 0.026847 s
currentSize : 18 <-- 0.035939 s
currentSize : 19 <-- 0.133796 s
currentSize : 20 <-- 0.134996 s
currentSize : 21 <-- 0.411439 s
currentSize : 22 <-- 3.026160 s
currentSize : 23 <-- 24.022535 s
currentSize : 24 <-- 82.815361 s

maxsize : 24
nodes : 15770409.000000
filtered : 596437760.000000
CCGP filtered : 138494058.000000
CCGT filtered : 84486901.000000
time : 373.804749
