Parameters: GAD=1 vflib=1 dir=0 label=0 lowerbound=1 fileNameGp=../graphsdb/mcs50/m2D/m2D/mcs50_m2D_s30.A10 fileNameGt=../graphsdb/mcs50/m2D/m2D/mcs50_m2D_s30.B10
Reading graphs...
30 :  49
30 :  48
Initializing...
maxdom : 30
D->valSize : 900
Solving...
currentSize : 13 <-- 0.011068 s
currentSize : 15 <-- 0.011154 s
currentSize : 16 <-- 0.013420 s
currentSize : 17 <-- 0.014220 s
currentSize : 18 <-- 0.018041 s
currentSize : 19 <-- 0.022407 s
currentSize : 20 <-- 0.028627 s
currentSize : 21 <-- 1.516271 s
currentSize : 22 <-- 3.429105 s
currentSize : 23 <-- 6.811852 s

maxsize : 23
nodes : 398175.000000
filtered : 14376799.000000
CCGP filtered : 3452501.000000
CCGT filtered : 1863839.000000
time : 11.703996
