Parameters: GAD=1 vflib=1 dir=0 label=0 lowerbound=1 fileNameGp=../graphsdb/mcs50/rand/r005/mcs50_r005_s25.A33 fileNameGt=../graphsdb/mcs50/rand/r005/mcs50_r005_s25.B33
Reading graphs...
25 :  34
25 :  34
Initializing...
maxdom : 25
D->valSize : 625
Solving...
currentSize : 6 <-- 0.009457 s
currentSize : 7 <-- 0.009513 s
currentSize : 9 <-- 0.009569 s
currentSize : 12 <-- 0.009751 s
currentSize : 13 <-- 0.009818 s
currentSize : 14 <-- 0.010760 s
currentSize : 15 <-- 0.011126 s
currentSize : 16 <-- 0.050328 s
currentSize : 17 <-- 0.065081 s
currentSize : 18 <-- 0.301372 s

maxsize : 18
nodes : 88236.000000
filtered : 2094732.000000
CCGP filtered : 912030.000000
CCGT filtered : 767796.000000
time : 1.209846
