Parameters: GAD=1 vflib=1 dir=0 label=0 lowerbound=1 fileNameGp=../graphsdb/mcs50/m2D/m2Dr2/mcs50_m2Dr2_s30.A22 fileNameGt=../graphsdb/mcs50/m2D/m2Dr2/mcs50_m2Dr2_s30.B22
Reading graphs...
30 :  55
30 :  55
Initializing...
maxdom : 30
D->valSize : 900
Solving...
currentSize : 14 <-- 0.010815 s
currentSize : 15 <-- 0.010929 s
currentSize : 16 <-- 0.012190 s
currentSize : 17 <-- 0.012740 s
currentSize : 18 <-- 0.013346 s
currentSize : 19 <-- 0.057260 s
currentSize : 20 <-- 0.222076 s
currentSize : 21 <-- 10.462020 s
currentSize : 22 <-- 17.721054 s

maxsize : 22
nodes : 1654973.000000
filtered : 53429000.000000
CCGP filtered : 9081286.000000
CCGT filtered : 3861468.000000
time : 36.052593
