Parameters: GAD=1 vflib=1 dir=0 label=0 lowerbound=1 fileNameGp=../graphsdb/mcs50/m2D/m2Dr2/mcs50_m2Dr2_s30.A27 fileNameGt=../graphsdb/mcs50/m2D/m2Dr2/mcs50_m2Dr2_s30.B27
Reading graphs...
30 :  54
30 :  54
Initializing...
maxdom : 30
D->valSize : 900
Solving...
currentSize : 11 <-- 0.010795 s
currentSize : 12 <-- 0.010868 s
currentSize : 13 <-- 0.010920 s
currentSize : 14 <-- 0.017530 s
currentSize : 15 <-- 0.019087 s
currentSize : 16 <-- 0.019381 s
currentSize : 17 <-- 0.023405 s
currentSize : 18 <-- 0.023852 s
currentSize : 19 <-- 0.030276 s
currentSize : 20 <-- 0.068025 s
currentSize : 21 <-- 82.781853 s

maxsize : 21
nodes : 4626997.000000
filtered : 137118737.000000
CCGP filtered : 39875421.000000
CCGT filtered : 22985564.000000
time : 93.289528
