Parameters: GAD=1 vflib=1 dir=0 label=0 lowerbound=1 fileNameGp=../graphsdb/mcs50/bvg/b06/mcs50_b06_s35.A08 fileNameGt=../graphsdb/mcs50/bvg/b06/mcs50_b06_s35.B08
Reading graphs...
35 :  105
35 :  104
Initializing...
maxdom : 35
D->valSize : 1225
Solving...
currentSize : 13 <-- 0.019364 s
currentSize : 14 <-- 0.019599 s
currentSize : 15 <-- 0.020356 s
currentSize : 16 <-- 0.022004 s
currentSize : 17 <-- 0.022234 s
currentSize : 18 <-- 0.023311 s
currentSize : 19 <-- 0.035423 s
currentSize : 20 <-- 17.536371 s
currentSize : 21 <-- 117.415421 s

maxsize : 21
nodes : 135498586.000000
filtered : 4669156976.000000
CCGP filtered : 257173589.000000
CCGT filtered : 248968662.000000
time : 2405.527344
