Parameters: GAD=1 vflib=1 dir=0 label=0 lowerbound=1 fileNameGp=../graphsdb/mcs50/bvg/b03/mcs50_b03_s35.A47 fileNameGt=../graphsdb/mcs50/bvg/b03/mcs50_b03_s35.B47
Reading graphs...
35 :  52
35 :  50
Initializing...
maxdom : 35
D->valSize : 1225
Solving...
currentSize : 16 <-- 0.021186 s
currentSize : 17 <-- 0.021272 s
currentSize : 18 <-- 0.021413 s
currentSize : 19 <-- 0.021714 s
currentSize : 20 <-- 0.021812 s
currentSize : 21 <-- 0.022397 s
currentSize : 22 <-- 0.022566 s
currentSize : 23 <-- 0.025446 s
currentSize : 24 <-- 0.493889 s
currentSize : 25 <-- 0.505557 s

maxsize : 25
nodes : 3940200.000000
filtered : 146829381.000000
CCGP filtered : 77298727.000000
CCGT filtered : 55995284.000000
time : 120.483467
