Parameters: GAD=1 vflib=1 dir=0 label=0 lowerbound=1 fileNameGp=../graphsdb/mcs50/bvg/b09/mcs50_b09_s30.A10 fileNameGt=../graphsdb/mcs50/bvg/b09/mcs50_b09_s30.B10
Reading graphs...
30 :  131
30 :  133
Initializing...
maxdom : 30
D->valSize : 900
Solving...
currentSize : 9 <-- 0.009870 s
currentSize : 10 <-- 0.009907 s
currentSize : 11 <-- 0.009993 s
currentSize : 12 <-- 0.010136 s
currentSize : 13 <-- 0.010153 s
currentSize : 14 <-- 0.010228 s
currentSize : 15 <-- 0.146614 s
currentSize : 16 <-- 0.165440 s
currentSize : 17 <-- 53.390614 s

maxsize : 17
nodes : 12516535.000000
filtered : 285236168.000000
CCGP filtered : 1396327.000000
CCGT filtered : 4846239.000000
time : 152.916458
