Parameters: GAD=1 vflib=1 dir=0 label=0 lowerbound=1 fileNameGp=../graphsdb/mcs50/m4D/m4D/mcs50_m4D_s35.A23 fileNameGt=../graphsdb/mcs50/m4D/m4D/mcs50_m4D_s35.B23
Reading graphs...
35 :  63
35 :  63
Initializing...
maxdom : 35
D->valSize : 1225
Solving...
currentSize : 11 <-- 0.036309 s
currentSize : 13 <-- 0.036377 s
currentSize : 17 <-- 0.036724 s
currentSize : 18 <-- 0.037197 s
currentSize : 20 <-- 0.041113 s
currentSize : 21 <-- 0.125102 s
currentSize : 22 <-- 0.587052 s
currentSize : 23 <-- 2.075778 s
currentSize : 24 <-- 10.737122 s

maxsize : 24
nodes : 3567217.000000
filtered : 134096552.000000
CCGP filtered : 73317186.000000
CCGT filtered : 31474207.000000
time : 80.605743
