Parameters: GAD=1 vflib=1 dir=0 label=0 lowerbound=1 fileNameGp=../graphsdb/mcs50/rand/r01/mcs50_r01_s30.A05 fileNameGt=../graphsdb/mcs50/rand/r01/mcs50_r01_s30.B05
Reading graphs...
30 :  81
30 :  79
Initializing...
maxdom : 30
D->valSize : 900
Solving...
currentSize : 10 <-- 0.016547 s
currentSize : 12 <-- 0.016687 s
currentSize : 13 <-- 0.017175 s
currentSize : 14 <-- 0.019268 s
currentSize : 15 <-- 0.023982 s
currentSize : 16 <-- 0.057318 s
currentSize : 17 <-- 0.057671 s
currentSize : 18 <-- 3.930076 s
currentSize : 19 <-- 77.456322 s

maxsize : 19
nodes : 18483613.000000
filtered : 501286521.000000
CCGP filtered : 13974177.000000
CCGT filtered : 7049555.000000
time : 273.139771
