Parameters: GAD=1 vflib=1 dir=0 label=0 lowerbound=1 fileNameGp=../graphsdb/mcs50/m4D/m4Dr6/mcs50_m4Dr6_s35.A08 fileNameGt=../graphsdb/mcs50/m4D/m4Dr6/mcs50_m4Dr6_s35.B08
Reading graphs...
35 :  83
35 :  81
Initializing...
maxdom : 35
D->valSize : 1225
Solving...
currentSize : 14 <-- 0.020852 s
currentSize : 15 <-- 0.020894 s
currentSize : 16 <-- 0.020992 s
currentSize : 17 <-- 0.029528 s
currentSize : 18 <-- 0.393745 s
currentSize : 19 <-- 1.201044 s
currentSize : 20 <-- 10.672931 s
currentSize : 21 <-- 17.039164 s
currentSize : 22 <-- 102.254395 s

maxsize : 22
nodes : 24761363.000000
filtered : 897179225.000000
CCGP filtered : 167831754.000000
CCGT filtered : 163845110.000000
time : 549.747314
