Parameters: GAD=1 vflib=1 dir=0 label=0 lowerbound=1 fileNameGp=../graphsdb/mcs50/bvg/b06/mcs50_b06_s35.A78 fileNameGt=../graphsdb/mcs50/bvg/b06/mcs50_b06_s35.B78
Reading graphs...
35 :  101
35 :  104
Initializing...
maxdom : 35
D->valSize : 1225
Solving...
currentSize : 13 <-- 0.019445 s
currentSize : 14 <-- 0.019582 s
currentSize : 15 <-- 0.019720 s
currentSize : 16 <-- 0.021159 s
currentSize : 17 <-- 0.027266 s
currentSize : 18 <-- 0.327718 s
currentSize : 19 <-- 1.086323 s
currentSize : 20 <-- 44.185459 s
currentSize : 21 <-- 119.922188 s
currentSize : 22 <-- 159.022705 s

maxsize : 22
nodes : 61607808.000000
filtered : 2348431898.000000
CCGP filtered : 140490436.000000
CCGT filtered : 88454070.000000
time : 1164.588867
