Parameters: GAD=1 vflib=1 dir=0 label=0 lowerbound=1 fileNameGp=../graphsdb/mcs50/bvg/b03/mcs50_b03_s35.A02 fileNameGt=../graphsdb/mcs50/bvg/b03/mcs50_b03_s35.B02
Reading graphs...
35 :  52
35 :  52
Initializing...
maxdom : 35
D->valSize : 1225
Solving...
currentSize : 17 <-- 0.021168 s
currentSize : 18 <-- 0.021209 s
currentSize : 19 <-- 0.021854 s
currentSize : 20 <-- 0.023051 s
currentSize : 21 <-- 0.026593 s
currentSize : 22 <-- 0.524883 s
currentSize : 23 <-- 0.525074 s
currentSize : 24 <-- 8.209599 s
currentSize : 25 <-- 23.463530 s
currentSize : 26 <-- 87.998917 s

maxsize : 26
nodes : 5224608.000000
filtered : 199297082.000000
CCGP filtered : 70813676.000000
CCGT filtered : 45405844.000000
time : 149.930115
