Parameters: GAD=1 vflib=1 dir=0 label=0 lowerbound=1 fileNameGp=../graphsdb/mcs50/m4D/m4Dr2/mcs50_m4Dr2_s30.A60 fileNameGt=../graphsdb/mcs50/m4D/m4Dr2/mcs50_m4Dr2_s30.B60
Reading graphs...
30 :  59
30 :  59
Initializing...
maxdom : 30
D->valSize : 900
Solving...
currentSize : 9 <-- 0.016358 s
currentSize : 10 <-- 0.016436 s
currentSize : 12 <-- 0.016677 s
currentSize : 13 <-- 0.017278 s
currentSize : 14 <-- 0.017357 s
currentSize : 15 <-- 0.018414 s
currentSize : 16 <-- 0.025013 s
currentSize : 17 <-- 0.034698 s
currentSize : 18 <-- 0.035073 s
currentSize : 19 <-- 0.905732 s
currentSize : 20 <-- 5.413920 s
currentSize : 21 <-- 32.008026 s

maxsize : 21
nodes : 1654903.000000
filtered : 54936913.000000
CCGP filtered : 24471637.000000
CCGT filtered : 12555838.000000
time : 39.365704
