Parameters: GAD=1 vflib=1 dir=0 label=0 lowerbound=1 fileNameGp=../graphsdb/mcs50/rand/r005/mcs50_r005_s30.A45 fileNameGt=../graphsdb/mcs50/rand/r005/mcs50_r005_s30.B45
Reading graphs...
30 :  47
30 :  46
Initializing...
maxdom : 30
D->valSize : 900
Solving...
currentSize : 13 <-- 0.011029 s
currentSize : 14 <-- 0.011072 s
currentSize : 15 <-- 0.011140 s
currentSize : 16 <-- 0.011251 s
currentSize : 17 <-- 0.011412 s
currentSize : 18 <-- 0.013340 s
currentSize : 19 <-- 0.032089 s
currentSize : 20 <-- 0.331842 s
currentSize : 21 <-- 1.089721 s
currentSize : 22 <-- 4.729705 s

maxsize : 22
nodes : 933385.000000
filtered : 31496687.000000
CCGP filtered : 11053700.000000
CCGT filtered : 7647778.000000
time : 21.563637
