Parameters: GAD=1 vflib=1 dir=0 label=0 lowerbound=1 fileNameGp=../graphsdb/mcs50/bvg/b03m/mcs50_b03m_s30.A63 fileNameGt=../graphsdb/mcs50/bvg/b03m/mcs50_b03m_s30.B63
Reading graphs...
30 :  44
30 :  44
Initializing...
maxdom : 30
D->valSize : 900
Solving...
currentSize : 12 <-- 0.016252 s
currentSize : 14 <-- 0.016295 s
currentSize : 15 <-- 0.016533 s
currentSize : 16 <-- 0.016711 s
currentSize : 17 <-- 0.019068 s
currentSize : 18 <-- 0.019234 s
currentSize : 19 <-- 0.019948 s
currentSize : 20 <-- 0.033563 s
currentSize : 21 <-- 1.282581 s
currentSize : 22 <-- 2.956403 s

maxsize : 22
nodes : 329580.000000
filtered : 10710207.000000
CCGP filtered : 8849741.000000
CCGT filtered : 3920895.000000
time : 5.905952
