Parameters: GAD=1 vflib=1 dir=0 label=0 lowerbound=1 fileNameGp=../graphsdb/mcs50/m4D/m4Dr2/mcs50_m4Dr2_s35.A19 fileNameGt=../graphsdb/mcs50/m4D/m4Dr2/mcs50_m4Dr2_s35.B19
Reading graphs...
35 :  68
35 :  69
Initializing...
maxdom : 35
D->valSize : 1225
Solving...
currentSize : 14 <-- 0.035824 s
currentSize : 15 <-- 0.035957 s
currentSize : 16 <-- 0.036165 s
currentSize : 17 <-- 0.036218 s
currentSize : 18 <-- 0.070615 s
currentSize : 19 <-- 0.071291 s
currentSize : 20 <-- 0.120472 s
currentSize : 21 <-- 0.121939 s
currentSize : 22 <-- 0.160452 s
currentSize : 23 <-- 0.161179 s
currentSize : 24 <-- 0.199302 s
currentSize : 25 <-- 59.504807 s

maxsize : 25
nodes : 3615147.000000
filtered : 156357896.000000
CCGP filtered : 87986184.000000
CCGT filtered : 59940754.000000
time : 142.443283
