Parameters: GAD=1 vflib=1 dir=0 label=0 lowerbound=1 fileNameGp=../graphsdb/mcs50/m4D/m4Dr4/mcs50_m4Dr4_s35.A34 fileNameGt=../graphsdb/mcs50/m4D/m4Dr4/mcs50_m4Dr4_s35.B34
Reading graphs...
35 :  74
35 :  75
Initializing...
maxdom : 35
D->valSize : 1225
Solving...
currentSize : 15 <-- 0.035615 s
currentSize : 16 <-- 0.035884 s
currentSize : 17 <-- 0.036442 s
currentSize : 18 <-- 0.038615 s
currentSize : 19 <-- 0.054971 s
currentSize : 20 <-- 0.305808 s
currentSize : 21 <-- 0.365981 s
currentSize : 22 <-- 0.463953 s
currentSize : 23 <-- 6.791699 s

maxsize : 23
nodes : 21803497.000000
filtered : 908223129.000000
CCGP filtered : 203914422.000000
CCGT filtered : 87494522.000000
time : 486.363739
