Parameters: GAD=1 vflib=1 dir=0 label=0 lowerbound=1 fileNameGp=../graphsdb/mcs50/m4D/m4Dr6/mcs50_m4Dr6_s30.A39 fileNameGt=../graphsdb/mcs50/m4D/m4Dr6/mcs50_m4Dr6_s30.B39
Reading graphs...
30 :  72
30 :  69
Initializing...
maxdom : 30
D->valSize : 900
Solving...
currentSize : 11 <-- 0.010479 s
currentSize : 12 <-- 0.010580 s
currentSize : 13 <-- 0.011148 s
currentSize : 14 <-- 0.013728 s
currentSize : 16 <-- 0.014156 s
currentSize : 17 <-- 0.015255 s
currentSize : 18 <-- 0.155681 s
currentSize : 19 <-- 0.285554 s
currentSize : 20 <-- 57.158073 s

maxsize : 20
nodes : 4860128.000000
filtered : 149162535.000000
CCGP filtered : 11883525.000000
CCGT filtered : 13584799.000000
time : 77.609314
