Parameters: GAD=1 vflib=1 dir=0 label=0 lowerbound=1 fileNameGp=../graphsdb/mcs50/m4D/m4Dr4/mcs50_m4Dr4_s35.A63 fileNameGt=../graphsdb/mcs50/m4D/m4Dr4/mcs50_m4Dr4_s35.B63
Reading graphs...
35 :  77
35 :  75
Initializing...
maxdom : 35
D->valSize : 1225
Solving...
currentSize : 13 <-- 0.020032 s
currentSize : 14 <-- 0.020064 s
currentSize : 15 <-- 0.020170 s
currentSize : 16 <-- 0.020200 s
currentSize : 17 <-- 0.022572 s
currentSize : 18 <-- 0.022965 s
currentSize : 19 <-- 0.343607 s
currentSize : 20 <-- 1.152280 s
currentSize : 21 <-- 7.029174 s
currentSize : 22 <-- 48.719215 s
currentSize : 23 <-- 158.923935 s

maxsize : 23
nodes : 19961404.000000
filtered : 734520371.000000
CCGP filtered : 131536869.000000
CCGT filtered : 88515891.000000
time : 419.209015
