Parameters: GAD=1 vflib=1 dir=0 label=0 lowerbound=1 fileNameGp=../graphsdb/mcs50/bvg/b03m/mcs50_b03m_s30.A70 fileNameGt=../graphsdb/mcs50/bvg/b03m/mcs50_b03m_s30.B70
Reading graphs...
30 :  45
30 :  45
Initializing...
maxdom : 30
D->valSize : 900
Solving...
currentSize : 12 <-- 0.011287 s
currentSize : 13 <-- 0.011364 s
currentSize : 14 <-- 0.016335 s
currentSize : 15 <-- 0.017099 s
currentSize : 16 <-- 0.017259 s
currentSize : 17 <-- 0.031644 s
currentSize : 18 <-- 0.082582 s
currentSize : 19 <-- 0.102357 s
currentSize : 20 <-- 0.819326 s
currentSize : 21 <-- 2.444104 s

maxsize : 21
nodes : 815263.000000
filtered : 24016168.000000
CCGP filtered : 9597984.000000
CCGT filtered : 6331970.000000
time : 16.111429
