Parameters: GAD=1 vflib=1 dir=0 label=0 lowerbound=1 fileNameGp=../graphsdb/mcs50/m4D/m4Dr4/mcs50_m4Dr4_s30.A69 fileNameGt=../graphsdb/mcs50/m4D/m4Dr4/mcs50_m4Dr4_s30.B69
Reading graphs...
30 :  67
30 :  65
Initializing...
maxdom : 30
D->valSize : 900
Solving...
currentSize : 10 <-- 0.010647 s
currentSize : 12 <-- 0.010718 s
currentSize : 13 <-- 0.011067 s
currentSize : 14 <-- 0.011249 s
currentSize : 15 <-- 0.011340 s
currentSize : 16 <-- 0.014972 s
currentSize : 17 <-- 0.028409 s
currentSize : 18 <-- 0.237431 s
currentSize : 19 <-- 0.369734 s
currentSize : 20 <-- 10.751746 s

maxsize : 20
nodes : 2497629.000000
filtered : 79871702.000000
CCGP filtered : 24058149.000000
CCGT filtered : 10973837.000000
time : 45.840504
