Parameters: GAD=1 vflib=1 dir=0 label=0 lowerbound=1 fileNameGp=../graphsdb/mcs50/m2D/m2Dr4/mcs50_m2Dr4_s30.A11 fileNameGt=../graphsdb/mcs50/m2D/m2Dr4/mcs50_m2Dr4_s30.B11
Reading graphs...
30 :  61
30 :  61
Initializing...
maxdom : 30
D->valSize : 900
Solving...
currentSize : 12 <-- 0.018912 s
currentSize : 13 <-- 0.019015 s
currentSize : 14 <-- 0.019283 s
currentSize : 15 <-- 0.021167 s
currentSize : 16 <-- 0.026168 s
currentSize : 17 <-- 0.026456 s
currentSize : 18 <-- 0.593026 s
currentSize : 19 <-- 1.737086 s
currentSize : 20 <-- 40.374454 s

maxsize : 20
nodes : 6473133.000000
filtered : 191520187.000000
CCGP filtered : 21240905.000000
CCGT filtered : 24888710.000000
time : 109.164970
