Parameters: GAD=1 vflib=1 dir=0 label=0 lowerbound=1 fileNameGp=../graphsdb/mcs50/bvg/b06/mcs50_b06_s35.A56 fileNameGt=../graphsdb/mcs50/bvg/b06/mcs50_b06_s35.B56
Reading graphs...
35 :  103
35 :  103
Initializing...
maxdom : 35
D->valSize : 1225
Solving...
currentSize : 14 <-- 0.019377 s
currentSize : 15 <-- 0.019602 s
currentSize : 16 <-- 0.022726 s
currentSize : 17 <-- 0.030953 s
currentSize : 18 <-- 0.068960 s
currentSize : 19 <-- 0.220151 s
currentSize : 20 <-- 1.217273 s
currentSize : 21 <-- 140.416779 s
currentSize : 22 <-- 160.795120 s

maxsize : 22
nodes : 34610772.000000
filtered : 1328424992.000000
CCGP filtered : 68981607.000000
CCGT filtered : 77181767.000000
time : 664.224426
