Parameters: GAD=1 vflib=1 dir=0 label=0 lowerbound=1 fileNameGp=../graphsdb/mcs50/bvg/b06/mcs50_b06_s30.A92 fileNameGt=../graphsdb/mcs50/bvg/b06/mcs50_b06_s30.B92
Reading graphs...
30 :  89
30 :  89
Initializing...
maxdom : 30
D->valSize : 900
Solving...
currentSize : 11 <-- 0.010114 s
currentSize : 12 <-- 0.010203 s
currentSize : 13 <-- 0.010355 s
currentSize : 14 <-- 0.010447 s
currentSize : 15 <-- 0.010716 s
currentSize : 16 <-- 0.079136 s
currentSize : 17 <-- 0.532507 s
currentSize : 18 <-- 2.548236 s
currentSize : 19 <-- 45.298988 s

maxsize : 19
nodes : 6889577.000000
filtered : 211534407.000000
CCGP filtered : 12478529.000000
CCGT filtered : 5181304.000000
time : 105.350891
