Parameters: GAD=1 vflib=1 dir=0 label=0 lowerbound=1 fileNameGp=../graphsdb/mcs50/bvg/b06/mcs50_b06_s25.A88 fileNameGt=../graphsdb/mcs50/bvg/b06/mcs50_b06_s25.B88
Reading graphs...
25 :  73
25 :  74
Initializing...
maxdom : 25
D->valSize : 625
Solving...
currentSize : 8 <-- 0.008310 s
currentSize : 9 <-- 0.008391 s
currentSize : 10 <-- 0.008420 s
currentSize : 11 <-- 0.010185 s
currentSize : 12 <-- 0.010268 s
currentSize : 13 <-- 0.011875 s
currentSize : 14 <-- 0.012545 s
currentSize : 15 <-- 0.888395 s
currentSize : 16 <-- 4.897355 s

maxsize : 16
nodes : 651217.000000
filtered : 16910926.000000
CCGP filtered : 1065618.000000
CCGT filtered : 726442.000000
time : 7.163755
