Parameters: GAD=1 vflib=1 dir=0 label=0 lowerbound=1 fileNameGp=../graphsdb/mcs50/bvg/b03/mcs50_b03_s35.A66 fileNameGt=../graphsdb/mcs50/bvg/b03/mcs50_b03_s35.B66
Reading graphs...
35 :  52
35 :  52
Initializing...
maxdom : 35
D->valSize : 1225
Solving...
currentSize : 6 <-- 0.021778 s
currentSize : 13 <-- 0.021933 s
currentSize : 14 <-- 0.021965 s
currentSize : 15 <-- 0.022078 s
currentSize : 16 <-- 0.022204 s
currentSize : 17 <-- 0.022500 s
currentSize : 18 <-- 0.022598 s
currentSize : 19 <-- 0.025130 s
currentSize : 20 <-- 0.026140 s
currentSize : 21 <-- 0.028567 s
currentSize : 22 <-- 0.050876 s
currentSize : 23 <-- 0.215590 s
currentSize : 24 <-- 3.764504 s
currentSize : 25 <-- 8.036814 s
currentSize : 26 <-- 123.303291 s

maxsize : 26
nodes : 5681949.000000
filtered : 216377496.000000
CCGP filtered : 96823443.000000
CCGT filtered : 51300047.000000
time : 175.381927
