Parameters: GAD=1 vflib=1 dir=0 label=0 lowerbound=1 fileNameGp=../graphsdb/mcs50/bvg/b09/mcs50_b09_s30.A93 fileNameGt=../graphsdb/mcs50/bvg/b09/mcs50_b09_s30.B93
Reading graphs...
30 :  131
30 :  133
Initializing...
maxdom : 30
D->valSize : 900
Solving...
currentSize : 10 <-- 0.016604 s
currentSize : 11 <-- 0.016736 s
currentSize : 12 <-- 0.017561 s
currentSize : 13 <-- 0.018982 s
currentSize : 14 <-- 0.225064 s
currentSize : 15 <-- 0.807975 s
currentSize : 16 <-- 4.862883 s
currentSize : 17 <-- 27.186205 s
currentSize : 18 <-- 47.490482 s

maxsize : 18
nodes : 7446432.000000
filtered : 163419333.000000
CCGP filtered : 1037156.000000
CCGT filtered : 781510.000000
time : 93.845856
