Parameters: GAD=1 vflib=1 dir=0 label=0 lowerbound=1 fileNameGp=../graphsdb/mcs50/m4D/m4Dr4/mcs50_m4Dr4_s30.A66 fileNameGt=../graphsdb/mcs50/m4D/m4Dr4/mcs50_m4Dr4_s30.B66
Reading graphs...
30 :  67
30 :  67
Initializing...
maxdom : 30
D->valSize : 900
Solving...
currentSize : 12 <-- 0.010582 s
currentSize : 13 <-- 0.010671 s
currentSize : 14 <-- 0.010751 s
currentSize : 15 <-- 0.011490 s
currentSize : 16 <-- 0.012106 s
currentSize : 17 <-- 0.015097 s
currentSize : 18 <-- 0.446407 s
currentSize : 19 <-- 1.654838 s
currentSize : 20 <-- 4.497913 s

maxsize : 20
nodes : 1827461.000000
filtered : 64540017.000000
CCGP filtered : 16295378.000000
CCGT filtered : 12315020.000000
time : 33.305656
