Parameters: GAD=1 vflib=1 dir=0 label=0 lowerbound=1 fileNameGp=../graphsdb/mcs50/m4D/m4Dr2/mcs50_m4Dr2_s35.A46 fileNameGt=../graphsdb/mcs50/m4D/m4Dr2/mcs50_m4Dr2_s35.B46
Reading graphs...
35 :  68
35 :  68
Initializing...
maxdom : 35
D->valSize : 1225
Solving...
currentSize : 12 <-- 0.036097 s
currentSize : 13 <-- 0.036836 s
currentSize : 14 <-- 0.041148 s
currentSize : 15 <-- 0.046529 s
currentSize : 16 <-- 0.047405 s
currentSize : 17 <-- 0.063817 s
currentSize : 18 <-- 0.070068 s
currentSize : 19 <-- 0.226368 s
currentSize : 20 <-- 0.373393 s
currentSize : 21 <-- 0.373681 s
currentSize : 22 <-- 0.867991 s
currentSize : 23 <-- 1.148221 s
currentSize : 24 <-- 9.203728 s
currentSize : 25 <-- 14.852858 s

maxsize : 25
nodes : 2522792.000000
filtered : 110595631.000000
CCGP filtered : 39424911.000000
CCGT filtered : 24698552.000000
time : 82.739304
