Parameters: GAD=1 vflib=1 dir=0 label=0 lowerbound=1 fileNameGp=../graphsdb/mcs50/m2D/m2Dr2/mcs50_m2Dr2_s30.A67 fileNameGt=../graphsdb/mcs50/m2D/m2Dr2/mcs50_m2Dr2_s30.B67
Reading graphs...
30 :  55
30 :  54
Initializing...
maxdom : 30
D->valSize : 900
Solving...
currentSize : 11 <-- 0.010806 s
currentSize : 12 <-- 0.010969 s
currentSize : 13 <-- 0.011785 s
currentSize : 14 <-- 0.013588 s
currentSize : 15 <-- 0.014781 s
currentSize : 16 <-- 0.018380 s
currentSize : 17 <-- 0.021820 s
currentSize : 18 <-- 0.029511 s
currentSize : 19 <-- 0.051725 s
currentSize : 20 <-- 1.544336 s

maxsize : 20
nodes : 4753538.000000
filtered : 136071262.000000
CCGP filtered : 34569178.000000
CCGT filtered : 24923003.000000
time : 84.999802
