Parameters: GAD=1 vflib=1 dir=0 label=0 lowerbound=1 fileNameGp=../graphsdb/mcs50/bvg/b06/mcs50_b06_s35.A31 fileNameGt=../graphsdb/mcs50/bvg/b06/mcs50_b06_s35.B31
Reading graphs...
35 :  103
35 :  103
Initializing...
maxdom : 35
D->valSize : 1225
Solving...
currentSize : 12 <-- 0.023848 s
currentSize : 14 <-- 0.024089 s
currentSize : 15 <-- 0.024425 s
currentSize : 16 <-- 0.024534 s
currentSize : 17 <-- 0.024970 s
currentSize : 18 <-- 0.029555 s
currentSize : 19 <-- 0.072816 s
currentSize : 20 <-- 9.664582 s
currentSize : 21 <-- 21.277012 s
currentSize : 22 <-- 64.460899 s
currentSize : 23 <-- 646.914185 s

maxsize : 23
nodes : 40419280.000000
filtered : 1609023408.000000
CCGP filtered : 85741659.000000
CCGT filtered : 54550523.000000
time : 796.877747
