Parameters: GAD=1 vflib=1 dir=0 label=0 lowerbound=1 fileNameGp=../graphsdb/mcs50/bvg/b06/mcs50_b06_s30.A80 fileNameGt=../graphsdb/mcs50/bvg/b06/mcs50_b06_s30.B80
Reading graphs...
30 :  88
30 :  88
Initializing...
maxdom : 30
D->valSize : 900
Solving...
currentSize : 11 <-- 0.010190 s
currentSize : 12 <-- 0.010330 s
currentSize : 13 <-- 0.011175 s
currentSize : 14 <-- 0.014835 s
currentSize : 15 <-- 0.079230 s
currentSize : 16 <-- 0.182223 s
currentSize : 17 <-- 0.866009 s
currentSize : 18 <-- 6.481043 s
currentSize : 19 <-- 16.165941 s

maxsize : 19
nodes : 4800376.000000
filtered : 150859437.000000
CCGP filtered : 6233016.000000
CCGT filtered : 11893579.000000
time : 68.367714
