Parameters: GAD=1 vflib=1 dir=0 label=0 lowerbound=1 fileNameGp=../graphsdb/mcs50/rand/r005/mcs50_r005_s35.A73 fileNameGt=../graphsdb/mcs50/rand/r005/mcs50_r005_s35.B73
Reading graphs...
35 :  59
35 :  61
Initializing...
maxdom : 35
D->valSize : 1225
Solving...
currentSize : 14 <-- 0.020755 s
currentSize : 15 <-- 0.020883 s
currentSize : 16 <-- 0.021126 s
currentSize : 17 <-- 0.021287 s
currentSize : 18 <-- 0.022261 s
currentSize : 19 <-- 0.029235 s
currentSize : 20 <-- 0.039451 s
currentSize : 21 <-- 0.098128 s
currentSize : 22 <-- 2.066187 s
currentSize : 23 <-- 17.713846 s
currentSize : 24 <-- 245.977402 s

maxsize : 24
nodes : 20158700.000000
filtered : 700172072.000000
CCGP filtered : 256525223.000000
CCGT filtered : 226644671.000000
time : 535.852173
