Parameters: GAD=1 vflib=1 dir=0 label=0 lowerbound=1 fileNameGp=../graphsdb/mcs50/m4D/m4Dr6/mcs50_m4Dr6_s35.A70 fileNameGt=../graphsdb/mcs50/m4D/m4Dr6/mcs50_m4Dr6_s35.B70
Reading graphs...
35 :  82
35 :  82
Initializing...
maxdom : 35
D->valSize : 1225
Solving...
currentSize : 14 <-- 0.020851 s
currentSize : 15 <-- 0.021022 s
currentSize : 16 <-- 0.025931 s
currentSize : 17 <-- 0.038190 s
currentSize : 18 <-- 0.056687 s
currentSize : 19 <-- 0.581551 s
currentSize : 20 <-- 3.177429 s
currentSize : 21 <-- 3.185649 s
currentSize : 22 <-- 42.602497 s
currentSize : 23 <-- 127.700317 s

maxsize : 23
nodes : 28140756.000000
filtered : 1011871727.000000
CCGP filtered : 81531024.000000
CCGT filtered : 79341735.000000
time : 588.163025
