Parameters: GAD=1 vflib=1 dir=0 label=0 lowerbound=1 fileNameGp=../graphsdb/mcs50/rand/r005/mcs50_r005_s35.A68 fileNameGt=../graphsdb/mcs50/rand/r005/mcs50_r005_s35.B68
Reading graphs...
35 :  61
35 :  62
Initializing...
maxdom : 35
D->valSize : 1225
Solving...
currentSize : 11 <-- 0.036939 s
currentSize : 12 <-- 0.038049 s
currentSize : 16 <-- 0.038124 s
currentSize : 19 <-- 0.038253 s
currentSize : 20 <-- 0.038447 s
currentSize : 21 <-- 0.040714 s
currentSize : 22 <-- 0.073570 s
currentSize : 23 <-- 0.411398 s
currentSize : 24 <-- 1.259893 s
currentSize : 25 <-- 14.974640 s

maxsize : 25
nodes : 6736615.000000
filtered : 252266486.000000
CCGP filtered : 43187452.000000
CCGT filtered : 35597846.000000
time : 171.665909
