Parameters: GAD=1 vflib=1 dir=0 label=0 lowerbound=1 fileNameGp=../graphsdb/mcs50/rand/r005/mcs50_r005_s25.A66 fileNameGt=../graphsdb/mcs50/rand/r005/mcs50_r005_s25.B66
Reading graphs...
25 :  35
25 :  34
Initializing...
maxdom : 25
D->valSize : 625
Solving...
currentSize : 8 <-- 0.005656 s
currentSize : 10 <-- 0.005726 s
currentSize : 11 <-- 0.005765 s
currentSize : 12 <-- 0.006038 s
currentSize : 13 <-- 0.006144 s
currentSize : 14 <-- 0.006593 s
currentSize : 15 <-- 0.012378 s
currentSize : 16 <-- 0.093569 s
currentSize : 17 <-- 0.099371 s
currentSize : 18 <-- 0.099442 s

maxsize : 18
nodes : 45307.000000
filtered : 1263841.000000
CCGP filtered : 522896.000000
CCGT filtered : 215731.000000
time : 0.942910
