Parameters: GAD=1 vflib=1 dir=0 label=0 lowerbound=1 fileNameGp=../graphsdb/mcs50/m4D/m4Dr2/mcs50_m4Dr2_s30.A72 fileNameGt=../graphsdb/mcs50/m4D/m4Dr2/mcs50_m4Dr2_s30.B72
Reading graphs...
30 :  61
30 :  61
Initializing...
maxdom : 30
D->valSize : 900
Solving...
currentSize : 13 <-- 0.010709 s
currentSize : 14 <-- 0.010832 s
currentSize : 15 <-- 0.012829 s
currentSize : 16 <-- 0.013296 s
currentSize : 17 <-- 0.014336 s
currentSize : 18 <-- 0.053910 s
currentSize : 19 <-- 0.079465 s
currentSize : 20 <-- 0.535554 s
currentSize : 21 <-- 5.385046 s

maxsize : 21
nodes : 986095.000000
filtered : 35462528.000000
CCGP filtered : 15470315.000000
CCGT filtered : 7685358.000000
time : 25.746126
