Parameters: GAD=1 vflib=1 dir=0 label=0 lowerbound=1 fileNameGp=../graphsdb/mcs50/m4D/m4Dr2/mcs50_m4Dr2_s35.A26 fileNameGt=../graphsdb/mcs50/m4D/m4Dr2/mcs50_m4Dr2_s35.B26
Reading graphs...
35 :  69
35 :  69
Initializing...
maxdom : 35
D->valSize : 1225
Solving...
currentSize : 16 <-- 0.020884 s
currentSize : 17 <-- 0.039920 s
currentSize : 18 <-- 0.093265 s
currentSize : 19 <-- 0.093338 s
currentSize : 20 <-- 0.094159 s
currentSize : 21 <-- 0.094439 s
currentSize : 22 <-- 0.125549 s
currentSize : 23 <-- 0.233800 s
currentSize : 24 <-- 15.237742 s

maxsize : 24
nodes : 9141587.000000
filtered : 392151732.000000
CCGP filtered : 88329210.000000
CCGT filtered : 86494036.000000
time : 281.106049
