Parameters: GAD=1 vflib=1 dir=0 label=0 lowerbound=1 fileNameGp=../graphsdb/mcs50/rand/r005/mcs50_r005_s35.A19 fileNameGt=../graphsdb/mcs50/rand/r005/mcs50_r005_s35.B19
Reading graphs...
35 :  61
35 :  62
Initializing...
maxdom : 35
D->valSize : 1225
Solving...
currentSize : 14 <-- 0.021167 s
currentSize : 15 <-- 0.021228 s
currentSize : 16 <-- 0.022951 s
currentSize : 17 <-- 0.023856 s
currentSize : 18 <-- 0.035010 s
currentSize : 19 <-- 0.038545 s
currentSize : 20 <-- 0.200727 s
currentSize : 21 <-- 0.327915 s
currentSize : 22 <-- 0.618853 s
currentSize : 23 <-- 2.289616 s
currentSize : 24 <-- 25.992147 s

maxsize : 24
nodes : 23502873.000000
filtered : 852997066.000000
CCGP filtered : 267651224.000000
CCGT filtered : 134982253.000000
time : 704.304443
