Parameters: GAD=1 vflib=1 dir=0 label=0 lowerbound=1 fileNameGp=../graphsdb/mcs50/bvg/b03/mcs50_b03_s35.A37 fileNameGt=../graphsdb/mcs50/bvg/b03/mcs50_b03_s35.B37
Reading graphs...
35 :  52
35 :  51
Initializing...
maxdom : 35
D->valSize : 1225
Solving...
currentSize : 15 <-- 0.021904 s
currentSize : 17 <-- 0.022107 s
currentSize : 18 <-- 0.028124 s
currentSize : 19 <-- 0.028237 s
currentSize : 20 <-- 0.271933 s
currentSize : 21 <-- 0.446920 s
currentSize : 22 <-- 0.855255 s
currentSize : 23 <-- 2.636932 s
currentSize : 24 <-- 2.637028 s
currentSize : 25 <-- 18.232489 s

maxsize : 25
nodes : 5534786.000000
filtered : 206765646.000000
CCGP filtered : 143659796.000000
CCGT filtered : 66832435.000000
time : 212.939011
