Parameters: GAD=1 vflib=1 dir=0 label=0 lowerbound=1 fileNameGp=../graphsdb/mcs50/bvg/b06/mcs50_b06_s35.A30 fileNameGt=../graphsdb/mcs50/bvg/b06/mcs50_b06_s35.B30
Reading graphs...
35 :  105
35 :  105
Initializing...
maxdom : 35
D->valSize : 1225
Solving...
currentSize : 12 <-- 0.019100 s
currentSize : 13 <-- 0.019175 s
currentSize : 14 <-- 0.019636 s
currentSize : 15 <-- 0.021812 s
currentSize : 16 <-- 0.032517 s
currentSize : 17 <-- 0.034701 s
currentSize : 18 <-- 0.064620 s
currentSize : 19 <-- 1.072396 s
currentSize : 20 <-- 1.868080 s
currentSize : 21 <-- 1.920440 s

maxsize : 21
nodes : 86353452.000000
filtered : 2967456905.000000
CCGP filtered : 190718011.000000
CCGT filtered : 195730564.000000
time : 1603.623413
