Parameters: GAD=1 vflib=1 dir=0 label=0 lowerbound=1 fileNameGp=../graphsdb/mcs50/m2D/m2Dr2/mcs50_m2Dr2_s30.A56 fileNameGt=../graphsdb/mcs50/m2D/m2Dr2/mcs50_m2Dr2_s30.B56
Reading graphs...
30 :  54
30 :  53
Initializing...
maxdom : 30
D->valSize : 900
Solving...
currentSize : 14 <-- 0.019190 s
currentSize : 15 <-- 0.019256 s
currentSize : 16 <-- 0.020062 s
currentSize : 17 <-- 0.021555 s
currentSize : 18 <-- 0.028496 s
currentSize : 19 <-- 0.042575 s
currentSize : 20 <-- 4.874700 s
currentSize : 21 <-- 9.739393 s
currentSize : 22 <-- 34.648693 s

maxsize : 22
nodes : 2496891.000000
filtered : 78050240.000000
CCGP filtered : 11905532.000000
CCGT filtered : 8691617.000000
time : 47.457867
