Parameters: GAD=1 vflib=1 dir=0 label=0 lowerbound=1 fileNameGp=../graphsdb/mcs50/m4D/m4D/mcs50_m4D_s35.A62 fileNameGt=../graphsdb/mcs50/m4D/m4D/mcs50_m4D_s35.B62
Reading graphs...
35 :  62
35 :  63
Initializing...
maxdom : 35
D->valSize : 1225
Solving...
currentSize : 16 <-- 0.036517 s
currentSize : 17 <-- 0.037645 s
currentSize : 18 <-- 0.038508 s
currentSize : 19 <-- 0.039692 s
currentSize : 20 <-- 0.040245 s
currentSize : 21 <-- 0.041089 s
currentSize : 22 <-- 0.376444 s
currentSize : 23 <-- 0.790021 s
currentSize : 24 <-- 3.272304 s

maxsize : 24
nodes : 3097767.000000
filtered : 112732164.000000
CCGP filtered : 81869209.000000
CCGT filtered : 29690885.000000
time : 82.816429
