Parameters: GAD=1 vflib=1 dir=0 label=0 lowerbound=1 fileNameGp=../graphsdb/mcs50/m4D/m4Dr6/mcs50_m4Dr6_s35.A40 fileNameGt=../graphsdb/mcs50/m4D/m4Dr6/mcs50_m4Dr6_s35.B40
Reading graphs...
35 :  82
35 :  82
Initializing...
maxdom : 35
D->valSize : 1225
Solving...
currentSize : 14 <-- 0.035486 s
currentSize : 16 <-- 0.035544 s
currentSize : 17 <-- 0.035752 s
currentSize : 18 <-- 0.039513 s
currentSize : 19 <-- 0.043103 s
currentSize : 20 <-- 0.085025 s
currentSize : 21 <-- 6.944089 s
currentSize : 22 <-- 22.050047 s
currentSize : 23 <-- 198.027252 s

maxsize : 23
nodes : 49910330.000000
filtered : 1853113337.000000
CCGP filtered : 234079340.000000
CCGT filtered : 79571320.000000
time : 1236.423828
