Parameters: GAD=1 vflib=1 dir=0 label=0 lowerbound=1 fileNameGp=../graphsdb/mcs50/bvg/b03m/mcs50_b03m_s35.A37 fileNameGt=../graphsdb/mcs50/bvg/b03m/mcs50_b03m_s35.B37
Reading graphs...
35 :  51
35 :  51
Initializing...
maxdom : 35
D->valSize : 1225
Solving...
currentSize : 11 <-- 0.021096 s
currentSize : 14 <-- 0.021191 s
currentSize : 15 <-- 0.021359 s
currentSize : 16 <-- 0.021480 s
currentSize : 17 <-- 0.021799 s
currentSize : 18 <-- 0.022106 s
currentSize : 19 <-- 0.022271 s
currentSize : 20 <-- 0.022737 s
currentSize : 21 <-- 0.022907 s
currentSize : 22 <-- 0.023662 s
currentSize : 23 <-- 0.679654 s
currentSize : 24 <-- 1.949035 s
currentSize : 25 <-- 5.639732 s
currentSize : 26 <-- 16.700590 s

maxsize : 26
nodes : 2633513.000000
filtered : 107236847.000000
CCGP filtered : 36119434.000000
CCGT filtered : 28155025.000000
time : 86.269981
