Parameters: GAD=1 vflib=1 dir=0 label=0 lowerbound=1 fileNameGp=../graphsdb/mcs50/m4D/m4Dr2/mcs50_m4Dr2_s30.A75 fileNameGt=../graphsdb/mcs50/m4D/m4Dr2/mcs50_m4Dr2_s30.B75
Reading graphs...
30 :  60
30 :  60
Initializing...
maxdom : 30
D->valSize : 900
Solving...
currentSize : 13 <-- 0.010686 s
currentSize : 14 <-- 0.010796 s
currentSize : 15 <-- 0.010958 s
currentSize : 16 <-- 0.011185 s
currentSize : 17 <-- 0.013258 s
currentSize : 18 <-- 0.015924 s
currentSize : 19 <-- 0.022859 s
currentSize : 20 <-- 0.023795 s
currentSize : 21 <-- 20.533892 s

maxsize : 21
nodes : 1378912.000000
filtered : 44732805.000000
CCGP filtered : 11927570.000000
CCGT filtered : 5136034.000000
time : 27.384888
