Parameters: GAD=1 vflib=1 dir=0 label=0 lowerbound=1 fileNameGp=../graphsdb/mcs50/m2D/m2D/mcs50_m2D_s30.A41 fileNameGt=../graphsdb/mcs50/m2D/m2D/mcs50_m2D_s30.B41
Reading graphs...
30 :  49
30 :  49
Initializing...
maxdom : 30
D->valSize : 900
Solving...
currentSize : 9 <-- 0.011479 s
currentSize : 14 <-- 0.011525 s
currentSize : 15 <-- 0.011716 s
currentSize : 16 <-- 0.011788 s
currentSize : 17 <-- 0.012033 s
currentSize : 18 <-- 0.014282 s
currentSize : 19 <-- 0.014528 s
currentSize : 20 <-- 0.014818 s
currentSize : 21 <-- 0.384398 s
currentSize : 22 <-- 6.045680 s

maxsize : 22
nodes : 994857.000000
filtered : 34062990.000000
CCGP filtered : 9006301.000000
CCGT filtered : 5143476.000000
time : 22.215496
