Parameters: GAD=1 vflib=1 dir=0 label=0 lowerbound=1 fileNameGp=../graphsdb/mcs50/m2D/m2D/mcs50_m2D_s30.A07 fileNameGt=../graphsdb/mcs50/m2D/m2D/mcs50_m2D_s30.B07
Reading graphs...
30 :  47
30 :  48
Initializing...
maxdom : 30
D->valSize : 900
Solving...
currentSize : 13 <-- 0.010945 s
currentSize : 14 <-- 0.011075 s
currentSize : 15 <-- 0.011107 s
currentSize : 16 <-- 0.011350 s
currentSize : 17 <-- 0.011549 s
currentSize : 19 <-- 0.011573 s
currentSize : 20 <-- 0.096649 s
currentSize : 21 <-- 0.097251 s
currentSize : 22 <-- 9.176996 s

maxsize : 22
nodes : 1076187.000000
filtered : 36047390.000000
CCGP filtered : 12342371.000000
CCGT filtered : 5698492.000000
time : 23.003613
