Parameters: GAD=1 vflib=1 dir=0 label=0 lowerbound=1 fileNameGp=../graphsdb/mcs50/m2D/m2D/mcs50_m2D_s30.A65 fileNameGt=../graphsdb/mcs50/m2D/m2D/mcs50_m2D_s30.B65
Reading graphs...
30 :  49
30 :  49
Initializing...
maxdom : 30
D->valSize : 900
Solving...
currentSize : 10 <-- 0.016897 s
currentSize : 11 <-- 0.016933 s
currentSize : 12 <-- 0.017165 s
currentSize : 13 <-- 0.017434 s
currentSize : 15 <-- 0.018568 s
currentSize : 16 <-- 0.030667 s
currentSize : 17 <-- 0.030756 s
currentSize : 18 <-- 0.098062 s
currentSize : 19 <-- 0.218806 s
currentSize : 20 <-- 0.314262 s
currentSize : 21 <-- 8.491035 s

maxsize : 21
nodes : 1636425.000000
filtered : 54874382.000000
CCGP filtered : 14676081.000000
CCGT filtered : 13003584.000000
time : 35.767658
