Parameters: GAD=1 vflib=1 dir=0 label=0 lowerbound=1 fileNameGp=../graphsdb/mcs50/bvg/b03m/mcs50_b03m_s30.A25 fileNameGt=../graphsdb/mcs50/bvg/b03m/mcs50_b03m_s30.B25
Reading graphs...
30 :  45
30 :  45
Initializing...
maxdom : 30
D->valSize : 900
Solving...
currentSize : 12 <-- 0.011113 s
currentSize : 14 <-- 0.011260 s
currentSize : 15 <-- 0.011343 s
currentSize : 17 <-- 0.011455 s
currentSize : 18 <-- 0.011502 s
currentSize : 19 <-- 0.368616 s
currentSize : 20 <-- 0.668356 s
currentSize : 21 <-- 0.745947 s
currentSize : 22 <-- 1.028417 s

maxsize : 22
nodes : 392734.000000
filtered : 13004265.000000
CCGP filtered : 4457500.000000
CCGT filtered : 3000675.000000
time : 7.995116
