Parameters: GAD=1 vflib=1 dir=0 label=0 lowerbound=1 fileNameGp=../graphsdb/mcs50/rand/r005/mcs50_r005_s30.A92 fileNameGt=../graphsdb/mcs50/rand/r005/mcs50_r005_s30.B92
Reading graphs...
30 :  45
30 :  46
Initializing...
maxdom : 30
D->valSize : 900
Solving...
currentSize : 13 <-- 0.019594 s
currentSize : 14 <-- 0.019725 s
currentSize : 15 <-- 0.019952 s
currentSize : 17 <-- 0.020517 s
currentSize : 18 <-- 0.035353 s
currentSize : 19 <-- 0.035643 s
currentSize : 20 <-- 0.042033 s
currentSize : 21 <-- 0.351613 s
currentSize : 22 <-- 0.587911 s

maxsize : 22
nodes : 405923.000000
filtered : 12546445.000000
CCGP filtered : 2947269.000000
CCGT filtered : 1840083.000000
time : 7.736436
