Parameters: GAD=1 vflib=1 dir=0 label=0 lowerbound=1 fileNameGp=../graphsdb/mcs50/m4D/m4Dr4/mcs50_m4Dr4_s30.A57 fileNameGt=../graphsdb/mcs50/m4D/m4Dr4/mcs50_m4Dr4_s30.B57
Reading graphs...
30 :  67
30 :  66
Initializing...
maxdom : 30
D->valSize : 900
Solving...
currentSize : 12 <-- 0.018711 s
currentSize : 13 <-- 0.018920 s
currentSize : 14 <-- 0.018948 s
currentSize : 15 <-- 0.019879 s
currentSize : 16 <-- 0.021118 s
currentSize : 17 <-- 0.021846 s
currentSize : 18 <-- 0.326689 s
currentSize : 19 <-- 6.929161 s
currentSize : 20 <-- 15.539934 s

maxsize : 20
nodes : 2506199.000000
filtered : 85231024.000000
CCGP filtered : 10144576.000000
CCGT filtered : 16398624.000000
time : 48.685066
