Parameters: GAD=1 vflib=1 dir=0 label=0 lowerbound=1 fileNameGp=../graphsdb/mcs50/m4D/m4D/mcs50_m4D_s35.A80 fileNameGt=../graphsdb/mcs50/m4D/m4D/mcs50_m4D_s35.B80
Reading graphs...
35 :  63
35 :  63
Initializing...
maxdom : 35
D->valSize : 1225
Solving...
currentSize : 12 <-- 0.020601 s
currentSize : 14 <-- 0.023281 s
currentSize : 15 <-- 0.024656 s
currentSize : 16 <-- 0.061666 s
currentSize : 17 <-- 0.063446 s
currentSize : 18 <-- 0.074792 s
currentSize : 19 <-- 0.075485 s
currentSize : 20 <-- 0.079653 s
currentSize : 21 <-- 0.080606 s
currentSize : 22 <-- 0.080656 s
currentSize : 23 <-- 0.083217 s
currentSize : 24 <-- 0.119191 s
currentSize : 25 <-- 3.133702 s
currentSize : 26 <-- 11.233813 s

maxsize : 26
nodes : 970487.000000
filtered : 44310138.000000
CCGP filtered : 24211143.000000
CCGT filtered : 12908568.000000
time : 36.156223
