Parameters: GAD=1 vflib=1 dir=0 label=0 lowerbound=1 fileNameGp=../graphsdb/mcs50/bvg/b06/mcs50_b06_s35.A59 fileNameGt=../graphsdb/mcs50/bvg/b06/mcs50_b06_s35.B59
Reading graphs...
35 :  103
35 :  102
Initializing...
maxdom : 35
D->valSize : 1225
Solving...
currentSize : 15 <-- 0.024896 s
currentSize : 16 <-- 0.025069 s
currentSize : 17 <-- 0.025749 s
currentSize : 18 <-- 0.035431 s
currentSize : 19 <-- 0.061575 s
currentSize : 20 <-- 1.491740 s
currentSize : 21 <-- 10.392887 s
currentSize : 22 <-- 10.906087 s
currentSize : 23 <-- 62.005798 s

maxsize : 23
nodes : 19734901.000000
filtered : 839236125.000000
CCGP filtered : 27352541.000000
CCGT filtered : 28715187.000000
time : 390.551819
