Parameters: GAD=1 vflib=1 dir=0 label=0 lowerbound=1 fileNameGp=../graphsdb/mcs50/bvg/b03/mcs50_b03_s25.A43 fileNameGt=../graphsdb/mcs50/bvg/b03/mcs50_b03_s25.B43
Reading graphs...
25 :  36
25 :  37
Initializing...
maxdom : 25
D->valSize : 625
Solving...
currentSize : 9 <-- 0.009336 s
currentSize : 11 <-- 0.009405 s
currentSize : 12 <-- 0.009488 s
currentSize : 13 <-- 0.009787 s
currentSize : 14 <-- 0.009856 s
currentSize : 15 <-- 0.032695 s
currentSize : 16 <-- 0.080724 s
currentSize : 17 <-- 0.133928 s
currentSize : 18 <-- 0.297410 s
currentSize : 19 <-- 1.305888 s

maxsize : 19
nodes : 124163.000000
filtered : 2970204.000000
CCGP filtered : 1551816.000000
CCGT filtered : 572157.000000
time : 1.940510
