Parameters: GAD=1 vflib=1 dir=0 label=0 lowerbound=1 fileNameGp=../graphsdb/mcs50/bvg/b06m/mcs50_b06m_s35.A94 fileNameGt=../graphsdb/mcs50/bvg/b06m/mcs50_b06m_s35.B94
Reading graphs...
35 :  101
35 :  100
Initializing...
maxdom : 35
D->valSize : 1225
Solving...
currentSize : 12 <-- 0.019960 s
currentSize : 14 <-- 0.020013 s
currentSize : 15 <-- 0.020319 s
currentSize : 16 <-- 0.020577 s
currentSize : 17 <-- 0.043232 s
currentSize : 18 <-- 0.453847 s
currentSize : 19 <-- 0.785455 s
currentSize : 20 <-- 13.648038 s
currentSize : 21 <-- 486.481354 s

maxsize : 21
nodes : 137388075.000000
filtered : 4486916908.000000
CCGP filtered : 359581115.000000
CCGT filtered : 291622934.000000
time : 2270.320801
