Parameters: GAD=1 vflib=1 dir=0 label=0 lowerbound=1 fileNameGp=../graphsdb/mcs50/bvg/b06/mcs50_b06_s30.A45 fileNameGt=../graphsdb/mcs50/bvg/b06/mcs50_b06_s30.B45
Reading graphs...
30 :  87
30 :  89
Initializing...
maxdom : 30
D->valSize : 900
Solving...
currentSize : 10 <-- 0.010200 s
currentSize : 11 <-- 0.010246 s
currentSize : 13 <-- 0.010367 s
currentSize : 14 <-- 0.051093 s
currentSize : 15 <-- 0.077891 s
currentSize : 16 <-- 0.203922 s
currentSize : 17 <-- 2.408963 s
currentSize : 18 <-- 17.477016 s
currentSize : 19 <-- 20.476925 s

maxsize : 19
nodes : 4648368.000000
filtered : 145573339.000000
CCGP filtered : 11015754.000000
CCGT filtered : 7829927.000000
time : 74.204903
