Parameters: GAD=1 vflib=1 dir=0 label=0 lowerbound=1 fileNameGp=../graphsdb/mcs50/m4D/m4Dr4/mcs50_m4Dr4_s35.A53 fileNameGt=../graphsdb/mcs50/m4D/m4Dr4/mcs50_m4Dr4_s35.B53
Reading graphs...
35 :  75
35 :  74
Initializing...
maxdom : 35
D->valSize : 1225
Solving...
currentSize : 14 <-- 0.035650 s
currentSize : 15 <-- 0.035820 s
currentSize : 16 <-- 0.036176 s
currentSize : 17 <-- 0.036964 s
currentSize : 18 <-- 0.044652 s
currentSize : 19 <-- 0.046258 s
currentSize : 20 <-- 0.053173 s
currentSize : 21 <-- 0.056065 s
currentSize : 22 <-- 0.073298 s
currentSize : 23 <-- 19.678877 s

maxsize : 23
nodes : 46256499.000000
filtered : 1682411844.000000
CCGP filtered : 315111983.000000
CCGT filtered : 199393018.000000
time : 1083.321411
