Parameters: GAD=1 vflib=1 dir=0 label=0 lowerbound=1 fileNameGp=../graphsdb/mcs50/bvg/b03/mcs50_b03_s25.A38 fileNameGt=../graphsdb/mcs50/bvg/b03/mcs50_b03_s25.B38
Reading graphs...
25 :  37
25 :  37
Initializing...
maxdom : 25
D->valSize : 625
Solving...
currentSize : 9 <-- 0.005452 s
currentSize : 10 <-- 0.005503 s
currentSize : 11 <-- 0.005578 s
currentSize : 12 <-- 0.005813 s
currentSize : 13 <-- 0.006170 s
currentSize : 14 <-- 0.006257 s
currentSize : 15 <-- 0.012874 s
currentSize : 16 <-- 0.012893 s
currentSize : 18 <-- 0.025366 s

maxsize : 18
nodes : 101465.000000
filtered : 2865576.000000
CCGP filtered : 1163420.000000
CCGT filtered : 252230.000000
time : 1.920975
