Parameters: GAD=1 vflib=1 dir=0 label=0 lowerbound=1 fileNameGp=../graphsdb/mcs50/bvg/b09/mcs50_b09_s35.A45 fileNameGt=../graphsdb/mcs50/bvg/b09/mcs50_b09_s35.B45
Reading graphs...
35 :  153
35 :  151
Initializing...
maxdom : 35
D->valSize : 1225
Solving...
currentSize : 11 <-- 0.032043 s
currentSize : 12 <-- 0.032246 s
currentSize : 13 <-- 0.032435 s
currentSize : 14 <-- 0.035050 s
currentSize : 15 <-- 0.048277 s
currentSize : 16 <-- 0.062911 s
currentSize : 17 <-- 0.174491 s
currentSize : 18 <-- 152.730392 s
currentSize : 19 <-- 157.645584 s

maxsize : 19
nodes : 117692905.000000
filtered : 3551954717.000000
CCGP filtered : 66162917.000000
CCGT filtered : 43963074.000000
time : 1724.519653
