Parameters: GAD=1 vflib=1 dir=0 label=0 lowerbound=1 fileNameGp=../graphsdb/mcs50/m2D/m2D/mcs50_m2D_s30.A76 fileNameGt=../graphsdb/mcs50/m2D/m2D/mcs50_m2D_s30.B76
Reading graphs...
30 :  48
30 :  48
Initializing...
maxdom : 30
D->valSize : 900
Solving...
currentSize : 7 <-- 0.010948 s
currentSize : 14 <-- 0.011061 s
currentSize : 15 <-- 0.011198 s
currentSize : 16 <-- 0.011374 s
currentSize : 17 <-- 0.014816 s
currentSize : 18 <-- 0.030734 s
currentSize : 19 <-- 0.075672 s
currentSize : 20 <-- 0.149487 s
currentSize : 21 <-- 0.867970 s
currentSize : 23 <-- 5.490765 s

maxsize : 23
nodes : 413854.000000
filtered : 14262931.000000
CCGP filtered : 5536253.000000
CCGT filtered : 3696752.000000
time : 9.689101
