Parameters: GAD=1 vflib=1 dir=0 label=0 lowerbound=1 fileNameGp=../graphsdb/mcs50/bvg/b09/mcs50_b09_s35.A00 fileNameGt=../graphsdb/mcs50/bvg/b09/mcs50_b09_s35.B00
Reading graphs...
35 :  154
35 :  153
Initializing...
maxdom : 35
D->valSize : 1225
Solving...
currentSize : 12 <-- 0.032039 s
currentSize : 13 <-- 0.032472 s
currentSize : 14 <-- 0.038166 s
currentSize : 15 <-- 0.065860 s
currentSize : 16 <-- 0.197346 s
currentSize : 17 <-- 2.879193 s
currentSize : 18 <-- 27.558428 s
currentSize : 19 <-- 417.186066 s
currentSize : 20 <-- 1692.549683 s

maxsize : 20
nodes : 125831884.000000
filtered : 3624472632.000000
CCGP filtered : 66424022.000000
CCGT filtered : 63685033.000000
time : 1822.577515
