Parameters: GAD=1 vflib=1 dir=0 label=0 lowerbound=1 fileNameGp=../graphsdb/mcs50/rand/r005/mcs50_r005_s35.A28 fileNameGt=../graphsdb/mcs50/rand/r005/mcs50_r005_s35.B28
Reading graphs...
35 :  61
35 :  62
Initializing...
maxdom : 35
D->valSize : 1225
Solving...
currentSize : 16 <-- 0.021058 s
currentSize : 17 <-- 0.021186 s
currentSize : 18 <-- 0.021445 s
currentSize : 19 <-- 0.034132 s
currentSize : 20 <-- 0.052207 s
currentSize : 21 <-- 0.358933 s
currentSize : 22 <-- 0.610960 s
currentSize : 23 <-- 1.995508 s
currentSize : 24 <-- 12.952503 s
currentSize : 25 <-- 80.872429 s

maxsize : 25
nodes : 12521080.000000
filtered : 494635672.000000
CCGP filtered : 154268054.000000
CCGT filtered : 53171901.000000
time : 380.770782
