Parameters: GAD=1 vflib=1 dir=0 label=0 lowerbound=1 fileNameGp=../graphsdb/mcs50/m2D/m2Dr6/mcs50_m2Dr6_s30.A68 fileNameGt=../graphsdb/mcs50/m2D/m2Dr6/mcs50_m2Dr6_s30.B68
Reading graphs...
30 :  67
30 :  64
Initializing...
maxdom : 30
D->valSize : 900
Solving...
currentSize : 10 <-- 0.018650 s
currentSize : 12 <-- 0.018694 s
currentSize : 13 <-- 0.019315 s
currentSize : 14 <-- 0.020421 s
currentSize : 15 <-- 0.020444 s
currentSize : 16 <-- 0.020713 s
currentSize : 17 <-- 0.023388 s
currentSize : 18 <-- 0.170464 s
currentSize : 19 <-- 2.611174 s

maxsize : 19
nodes : 6580813.000000
filtered : 191640194.000000
CCGP filtered : 23307561.000000
CCGT filtered : 24065646.000000
time : 109.122627
