Parameters: GAD=1 vflib=1 dir=0 label=0 lowerbound=1 fileNameGp=../graphsdb/mcs50/rand/r005/mcs50_r005_s30.A27 fileNameGt=../graphsdb/mcs50/rand/r005/mcs50_r005_s30.B27
Reading graphs...
30 :  47
30 :  47
Initializing...
maxdom : 30
D->valSize : 900
Solving...
currentSize : 9 <-- 0.011050 s
currentSize : 10 <-- 0.011161 s
currentSize : 11 <-- 0.011339 s
currentSize : 12 <-- 0.011509 s
currentSize : 15 <-- 0.011718 s
currentSize : 16 <-- 0.014723 s
currentSize : 17 <-- 0.021732 s
currentSize : 18 <-- 0.025412 s
currentSize : 19 <-- 0.154956 s
currentSize : 21 <-- 0.258267 s

maxsize : 21
nodes : 885711.000000
filtered : 30103594.000000
CCGP filtered : 8506080.000000
CCGT filtered : 4895192.000000
time : 18.779844
