Parameters: GAD=1 vflib=1 dir=0 label=0 lowerbound=1 fileNameGp=../graphsdb/mcs50/m4D/m4Dr6/mcs50_m4Dr6_s30.A86 fileNameGt=../graphsdb/mcs50/m4D/m4Dr6/mcs50_m4Dr6_s30.B86
Reading graphs...
30 :  71
30 :  69
Initializing...
maxdom : 30
D->valSize : 900
Solving...
currentSize : 12 <-- 0.010372 s
currentSize : 13 <-- 0.010433 s
currentSize : 14 <-- 0.010642 s
currentSize : 15 <-- 0.015941 s
currentSize : 16 <-- 0.036293 s
currentSize : 17 <-- 0.055210 s
currentSize : 18 <-- 0.315870 s
currentSize : 19 <-- 0.804546 s
currentSize : 20 <-- 6.017443 s

maxsize : 20
nodes : 2224909.000000
filtered : 77207479.000000
CCGP filtered : 8687886.000000
CCGT filtered : 4005117.000000
time : 41.975353
