Parameters: GAD=1 vflib=1 dir=0 label=0 lowerbound=1 fileNameGp=../graphsdb/mcs50/m4D/m4Dr6/mcs50_m4Dr6_s35.A16 fileNameGt=../graphsdb/mcs50/m4D/m4Dr6/mcs50_m4Dr6_s35.B16
Reading graphs...
35 :  76
35 :  80
Initializing...
maxdom : 35
D->valSize : 1225
Solving...
currentSize : 14 <-- 0.020964 s
currentSize : 15 <-- 0.021017 s
currentSize : 16 <-- 0.021080 s
currentSize : 17 <-- 0.021468 s
currentSize : 18 <-- 0.023042 s
currentSize : 19 <-- 0.027263 s
currentSize : 20 <-- 0.182542 s
currentSize : 21 <-- 2.877228 s
currentSize : 22 <-- 7.776736 s
currentSize : 23 <-- 38.859509 s

maxsize : 23
nodes : 41531495.000000
filtered : 1558577157.000000
CCGP filtered : 268717753.000000
CCGT filtered : 122262831.000000
time : 954.022522
