Parameters: GAD=1 vflib=1 dir=0 label=0 lowerbound=1 fileNameGp=../graphsdb/mcs50/m4D/m4Dr2/mcs50_m4Dr2_s30.A41 fileNameGt=../graphsdb/mcs50/m4D/m4Dr2/mcs50_m4Dr2_s30.B41
Reading graphs...
30 :  59
30 :  58
Initializing...
maxdom : 30
D->valSize : 900
Solving...
currentSize : 12 <-- 0.010770 s
currentSize : 13 <-- 0.010911 s
currentSize : 14 <-- 0.011528 s
currentSize : 15 <-- 0.011595 s
currentSize : 16 <-- 0.024325 s
currentSize : 17 <-- 0.025621 s
currentSize : 18 <-- 0.311664 s
currentSize : 19 <-- 3.477346 s
currentSize : 20 <-- 4.362116 s
currentSize : 21 <-- 4.721084 s

maxsize : 21
nodes : 983394.000000
filtered : 32268018.000000
CCGP filtered : 8002735.000000
CCGT filtered : 6130191.000000
time : 18.195135
