Parameters: GAD=1 vflib=1 dir=0 label=0 lowerbound=1 fileNameGp=../graphsdb/mcs50/m4D/m4D/mcs50_m4D_s35.A83 fileNameGt=../graphsdb/mcs50/m4D/m4D/mcs50_m4D_s35.B83
Reading graphs...
35 :  63
35 :  62
Initializing...
maxdom : 35
D->valSize : 1225
Solving...
currentSize : 11 <-- 0.036339 s
currentSize : 12 <-- 0.036839 s
currentSize : 18 <-- 0.038770 s
currentSize : 19 <-- 0.039390 s
currentSize : 20 <-- 0.045420 s
currentSize : 21 <-- 0.070495 s
currentSize : 22 <-- 5.459951 s
currentSize : 23 <-- 8.503297 s
currentSize : 24 <-- 18.561279 s

maxsize : 24
nodes : 3483924.000000
filtered : 128237598.000000
CCGP filtered : 75583213.000000
CCGT filtered : 60499264.000000
time : 81.738876
