Parameters: GAD=1 vflib=1 dir=0 label=0 lowerbound=1 fileNameGp=../graphsdb/mcs50/bvg/b03m/mcs50_b03m_s35.A20 fileNameGt=../graphsdb/mcs50/bvg/b03m/mcs50_b03m_s35.B20
Reading graphs...
35 :  51
35 :  50
Initializing...
maxdom : 35
D->valSize : 1225
Solving...
currentSize : 14 <-- 0.037415 s
currentSize : 15 <-- 0.037653 s
currentSize : 16 <-- 0.037682 s
currentSize : 19 <-- 0.037920 s
currentSize : 20 <-- 0.038134 s
currentSize : 21 <-- 0.038495 s
currentSize : 22 <-- 0.039311 s
currentSize : 23 <-- 0.092922 s
currentSize : 24 <-- 0.230748 s
currentSize : 25 <-- 2.127108 s
currentSize : 26 <-- 3.626342 s

maxsize : 26
nodes : 1424042.000000
filtered : 60976838.000000
CCGP filtered : 24827816.000000
CCGT filtered : 17089470.000000
time : 49.173477
