Parameters: GAD=1 vflib=1 dir=0 label=0 lowerbound=1 fileNameGp=../graphsdb/mcs50/m2D/m2Dr6/mcs50_m2Dr6_s30.A78 fileNameGt=../graphsdb/mcs50/m2D/m2Dr6/mcs50_m2Dr6_s30.B78
Reading graphs...
30 :  65
30 :  64
Initializing...
maxdom : 30
D->valSize : 900
Solving...
currentSize : 10 <-- 0.010615 s
currentSize : 11 <-- 0.010743 s
currentSize : 12 <-- 0.011370 s
currentSize : 13 <-- 0.011901 s
currentSize : 14 <-- 0.015833 s
currentSize : 15 <-- 0.019468 s
currentSize : 16 <-- 0.041609 s
currentSize : 17 <-- 0.104334 s
currentSize : 18 <-- 0.507963 s
currentSize : 19 <-- 1.156946 s
currentSize : 20 <-- 1.310230 s

maxsize : 20
nodes : 1840868.000000
filtered : 62698383.000000
CCGP filtered : 11488712.000000
CCGT filtered : 10093670.000000
time : 29.354397
