Parameters: GAD=1 vflib=1 dir=0 label=0 lowerbound=1 fileNameGp=../graphsdb/mcs70/bvg/b06/mcs70_b06_s30.A61 fileNameGt=../graphsdb/mcs70/bvg/b06/mcs70_b06_s30.B61
Reading graphs...
30 :  90
30 :  89
Initializing...
maxdom : 30
D->valSize : 900
Solving...
currentSize : 13 <-- 0.017794 s
currentSize : 14 <-- 0.018474 s
currentSize : 15 <-- 0.018803 s
currentSize : 16 <-- 0.018850 s
currentSize : 17 <-- 0.019239 s
currentSize : 18 <-- 0.028868 s
currentSize : 19 <-- 0.029187 s
currentSize : 20 <-- 0.151861 s
currentSize : 21 <-- 0.277173 s
currentSize : 22 <-- 1.195000 s
currentSize : 23 <-- 2.822201 s

maxsize : 23
nodes : 233018.000000
filtered : 10202481.000000
CCGP filtered : 127074.000000
CCGT filtered : 12503.000000
time : 5.394691
