Parameters: GAD=1 vflib=1 dir=0 label=0 lowerbound=1 fileNameGp=../graphsdb/mcs70/m3D/m3Dr2/mcs70_m3Dr2_s35.A39 fileNameGt=../graphsdb/mcs70/m3D/m3Dr2/mcs70_m3Dr2_s35.B39
Reading graphs...
35 :  78
35 :  77
Initializing...
maxdom : 35
D->valSize : 1225
Solving...
currentSize : 16 <-- 0.020086 s
currentSize : 17 <-- 0.020361 s
currentSize : 18 <-- 0.020559 s
currentSize : 19 <-- 0.024176 s
currentSize : 20 <-- 0.071335 s
currentSize : 21 <-- 1.219988 s
currentSize : 22 <-- 3.042250 s
currentSize : 23 <-- 4.543185 s
currentSize : 24 <-- 33.937252 s
currentSize : 26 <-- 255.976990 s
currentSize : 27 <-- 280.470062 s

maxsize : 27
nodes : 12936414.000000
filtered : 507433675.000000
CCGP filtered : 22169939.000000
CCGT filtered : 16203493.000000
time : 292.178894
