Parameters: GAD=1 vflib=1 dir=0 label=0 lowerbound=1 fileNameGp=../graphsdb/mcs70/bvg/b06/mcs70_b06_s30.A46 fileNameGt=../graphsdb/mcs70/bvg/b06/mcs70_b06_s30.B46
Reading graphs...
30 :  90
30 :  89
Initializing...
maxdom : 30
D->valSize : 900
Solving...
currentSize : 11 <-- 0.010059 s
currentSize : 14 <-- 0.010157 s
currentSize : 16 <-- 0.010316 s
currentSize : 17 <-- 0.016591 s
currentSize : 18 <-- 0.461947 s
currentSize : 19 <-- 0.837672 s
currentSize : 20 <-- 0.868342 s
currentSize : 21 <-- 0.939527 s
currentSize : 22 <-- 1.451543 s

maxsize : 22
nodes : 508997.000000
filtered : 21167922.000000
CCGP filtered : 496121.000000
CCGT filtered : 318702.000000
time : 11.147316
