Parameters: GAD=1 vflib=1 dir=0 label=0 lowerbound=1 fileNameGp=../graphsdb/mcs70/rand/r005/mcs70_r005_s35.A09 fileNameGt=../graphsdb/mcs70/rand/r005/mcs70_r005_s35.B09
Reading graphs...
35 :  58
35 :  57
Initializing...
maxdom : 35
D->valSize : 1225
Solving...
currentSize : 15 <-- 0.020914 s
currentSize : 16 <-- 0.020944 s
currentSize : 18 <-- 0.021085 s
currentSize : 19 <-- 0.021220 s
currentSize : 20 <-- 0.021949 s
currentSize : 21 <-- 0.169718 s
currentSize : 22 <-- 1.701606 s
currentSize : 23 <-- 6.239604 s
currentSize : 24 <-- 6.390966 s
currentSize : 25 <-- 8.358814 s

maxsize : 25
nodes : 9855980.000000
filtered : 383970678.000000
CCGP filtered : 59329825.000000
CCGT filtered : 89195791.000000
time : 285.193481
