Parameters: GAD=1 vflib=1 dir=0 label=0 lowerbound=1 fileNameGp=../graphsdb/mcs70/m2D/m2Dr6/m2Dr6/mcs70_m2Dr6_s35.A35 fileNameGt=../graphsdb/mcs70/m2D/m2Dr6/m2Dr6/mcs70_m2Dr6_s35.B35
Reading graphs...
35 :  79
35 :  78
Initializing...
maxdom : 35
D->valSize : 1225
Solving...
currentSize : 14 <-- 0.021272 s
currentSize : 15 <-- 0.021373 s
currentSize : 16 <-- 0.021490 s
currentSize : 17 <-- 0.022622 s
currentSize : 18 <-- 0.026164 s
currentSize : 19 <-- 0.027153 s
currentSize : 20 <-- 0.109984 s
currentSize : 21 <-- 0.148622 s
currentSize : 22 <-- 49.365051 s
currentSize : 23 <-- 101.243172 s
currentSize : 25 <-- 117.785179 s

maxsize : 25
nodes : 13356909.000000
filtered : 521908803.000000
CCGP filtered : 43792052.000000
CCGT filtered : 46527193.000000
time : 269.646881
