Parameters: GAD=1 vflib=1 dir=0 label=0 lowerbound=1 fileNameGp=../graphsdb/mcs70/m2D/m2Dr4/mcs70_m2Dr4_s35.A67 fileNameGt=../graphsdb/mcs70/m2D/m2Dr4/mcs70_m2Dr4_s35.B67
Reading graphs...
35 :  71
35 :  71
Initializing...
maxdom : 35
D->valSize : 1225
Solving...
currentSize : 16 <-- 0.035727 s
currentSize : 17 <-- 0.036002 s
currentSize : 18 <-- 0.039017 s
currentSize : 19 <-- 0.042948 s
currentSize : 20 <-- 0.086667 s
currentSize : 21 <-- 0.876192 s
currentSize : 22 <-- 2.422198 s
currentSize : 23 <-- 71.813759 s
currentSize : 24 <-- 152.089722 s
currentSize : 26 <-- 387.230164 s

maxsize : 26
nodes : 20766662.000000
filtered : 772858027.000000
CCGP filtered : 96686527.000000
CCGT filtered : 64727831.000000
time : 500.764893
