Parameters: GAD=1 vflib=1 dir=0 label=0 lowerbound=1 fileNameGp=../graphsdb/mcs70/rand/r005/mcs70_r005_s35.A02 fileNameGt=../graphsdb/mcs70/rand/r005/mcs70_r005_s35.B02
Reading graphs...
35 :  57
35 :  56
Initializing...
maxdom : 35
D->valSize : 1225
Solving...
currentSize : 15 <-- 0.022051 s
currentSize : 18 <-- 0.022145 s
currentSize : 19 <-- 0.024138 s
currentSize : 20 <-- 0.028687 s
currentSize : 21 <-- 0.028967 s
currentSize : 22 <-- 0.029365 s
currentSize : 23 <-- 1.564261 s
currentSize : 24 <-- 7.970785 s
currentSize : 25 <-- 22.299805 s

maxsize : 25
nodes : 4967705.000000
filtered : 191519047.000000
CCGP filtered : 82930098.000000
CCGT filtered : 81603203.000000
time : 151.279236
