Parameters: GAD=1 vflib=1 dir=0 label=0 lowerbound=1 fileNameGp=../graphsdb/mcs70/bvg/b06/mcs70_b06_s25.A87 fileNameGt=../graphsdb/mcs70/bvg/b06/mcs70_b06_s25.B87
Reading graphs...
25 :  72
25 :  74
Initializing...
maxdom : 25
D->valSize : 625
Solving...
currentSize : 9 <-- 0.008381 s
currentSize : 11 <-- 0.008613 s
currentSize : 12 <-- 0.010670 s
currentSize : 13 <-- 0.025120 s
currentSize : 14 <-- 0.139728 s
currentSize : 15 <-- 0.143081 s
currentSize : 16 <-- 0.220803 s
currentSize : 18 <-- 0.223101 s
currentSize : 19 <-- 0.230603 s

maxsize : 19
nodes : 56476.000000
filtered : 1657361.000000
CCGP filtered : 49078.000000
CCGT filtered : 30867.000000
time : 0.705907
