Parameters: GAD=1 vflib=1 dir=0 label=0 lowerbound=1 fileNameGp=../graphsdb/mcs70/bvg/b09/mcs70_b09_s30.A98 fileNameGt=../graphsdb/mcs70/bvg/b09/mcs70_b09_s30.B98
Reading graphs...
30 :  132
30 :  131
Initializing...
maxdom : 30
D->valSize : 900
Solving...
currentSize : 9 <-- 0.016711 s
currentSize : 11 <-- 0.017032 s
currentSize : 12 <-- 0.019259 s
currentSize : 13 <-- 0.019659 s
currentSize : 14 <-- 0.019735 s
currentSize : 15 <-- 0.073262 s
currentSize : 16 <-- 4.998189 s
currentSize : 17 <-- 5.098409 s
currentSize : 20 <-- 5.289692 s
currentSize : 21 <-- 7.406796 s

maxsize : 21
nodes : 1084542.000000
filtered : 31018357.000000
CCGP filtered : 148133.000000
CCGT filtered : 362925.000000
time : 14.261986
