Parameters: GAD=1 vflib=1 dir=0 label=0 lowerbound=1 fileNameGp=../graphsdb/mcs70/m3D/m3Dr6/mcs70_m3Dr6_s35.A26 fileNameGt=../graphsdb/mcs70/m3D/m3Dr6/mcs70_m3Dr6_s35.B26
Reading graphs...
35 :  91
35 :  89
Initializing...
maxdom : 35
D->valSize : 1225
Solving...
currentSize : 15 <-- 0.034911 s
currentSize : 16 <-- 0.035257 s
currentSize : 17 <-- 0.045054 s
currentSize : 18 <-- 0.153048 s
currentSize : 19 <-- 0.422559 s
currentSize : 20 <-- 2.542725 s
currentSize : 21 <-- 10.962394 s
currentSize : 22 <-- 405.524353 s
currentSize : 23 <-- 710.396423 s
currentSize : 27 <-- 710.658386 s

maxsize : 27
nodes : 45294022.000000
filtered : 1342392224.000000
CCGP filtered : 62340284.000000
CCGT filtered : 77724585.000000
time : 729.467773
