Parameters: GAD=1 vflib=1 dir=0 label=0 lowerbound=1 fileNameGp=../graphsdb/mcs70/bvg/b06/mcs70_b06_s35.A82 fileNameGt=../graphsdb/mcs70/bvg/b06/mcs70_b06_s35.B82
Reading graphs...
35 :  105
35 :  105
Initializing...
maxdom : 35
D->valSize : 1225
Solving...
currentSize : 18 <-- 0.033717 s
currentSize : 19 <-- 0.045859 s
currentSize : 20 <-- 0.105839 s
currentSize : 21 <-- 6.513818 s
currentSize : 22 <-- 6.513871 s
currentSize : 23 <-- 6.865586 s
currentSize : 24 <-- 6.865825 s
currentSize : 25 <-- 6.868918 s
currentSize : 26 <-- 48.143471 s

maxsize : 26
nodes : 2791978.000000
filtered : 128337450.000000
CCGP filtered : 6899307.000000
CCGT filtered : 3333126.000000
time : 64.045998
