Parameters: GAD=1 vflib=1 dir=0 label=0 lowerbound=1 fileNameGp=../graphsdb/mcs70/m2D/m2Dr4/mcs70_m2Dr4_s35.A88 fileNameGt=../graphsdb/mcs70/m2D/m2Dr4/mcs70_m2Dr4_s35.B88
Reading graphs...
35 :  71
35 :  71
Initializing...
maxdom : 35
D->valSize : 1225
Solving...
currentSize : 17 <-- 0.020394 s
currentSize : 18 <-- 0.022326 s
currentSize : 19 <-- 0.031775 s
currentSize : 20 <-- 0.094326 s
currentSize : 21 <-- 0.502996 s
currentSize : 22 <-- 1.120224 s
currentSize : 23 <-- 6.262404 s
currentSize : 24 <-- 39.082680 s
currentSize : 25 <-- 175.923309 s
currentSize : 26 <-- 225.567627 s

maxsize : 26
nodes : 14810567.000000
filtered : 591897576.000000
CCGP filtered : 34386409.000000
CCGT filtered : 35823750.000000
time : 324.074585
