Parameters: GAD=1 vflib=1 dir=0 label=0 lowerbound=1 fileNameGp=../graphsdb/mcs70/m2D/m2D/mcs70_m2D_s35.A27 fileNameGt=../graphsdb/mcs70/m2D/m2D/mcs70_m2D_s35.B27
Reading graphs...
35 :  58
35 :  58
Initializing...
maxdom : 35
D->valSize : 1225
Solving...
currentSize : 7 <-- 0.020617 s
currentSize : 16 <-- 0.020763 s
currentSize : 17 <-- 0.020900 s
currentSize : 18 <-- 0.021040 s
currentSize : 19 <-- 0.021078 s
currentSize : 20 <-- 0.023810 s
currentSize : 22 <-- 0.023959 s
currentSize : 23 <-- 0.058581 s
currentSize : 24 <-- 0.971353 s
currentSize : 25 <-- 24.692589 s
currentSize : 26 <-- 51.108311 s
currentSize : 28 <-- 52.735870 s

maxsize : 28
nodes : 2223232.000000
filtered : 87945907.000000
CCGP filtered : 20975206.000000
CCGT filtered : 11678497.000000
time : 75.417336
