Parameters: GAD=1 vflib=1 dir=0 label=0 lowerbound=1 fileNameGp=../graphsdb/mcs70/bvg/b09/mcs70_b09_s30.A88 fileNameGt=../graphsdb/mcs70/bvg/b09/mcs70_b09_s30.B88
Reading graphs...
30 :  133
30 :  131
Initializing...
maxdom : 30
D->valSize : 900
Solving...
currentSize : 12 <-- 0.016443 s
currentSize : 13 <-- 0.016657 s
currentSize : 14 <-- 0.019621 s
currentSize : 15 <-- 0.021262 s
currentSize : 16 <-- 0.053119 s
currentSize : 17 <-- 0.061285 s
currentSize : 18 <-- 0.281506 s
currentSize : 19 <-- 0.323903 s
currentSize : 20 <-- 9.426562 s

maxsize : 20
nodes : 1383588.000000
filtered : 47219291.000000
CCGP filtered : 155240.000000
CCGT filtered : 392420.000000
time : 18.484035
