Parameters: GAD=1 vflib=1 dir=0 label=0 lowerbound=1 fileNameGp=../graphsdb/mcs70/m2D/m2D/mcs70_m2D_s35.A62 fileNameGt=../graphsdb/mcs70/m2D/m2D/mcs70_m2D_s35.B62
Reading graphs...
35 :  57
35 :  58
Initializing...
maxdom : 35
D->valSize : 1225
Solving...
currentSize : 18 <-- 0.020934 s
currentSize : 19 <-- 0.021270 s
currentSize : 20 <-- 0.021524 s
currentSize : 21 <-- 0.022413 s
currentSize : 22 <-- 0.037054 s
currentSize : 23 <-- 0.069568 s
currentSize : 24 <-- 0.093187 s
currentSize : 25 <-- 0.404428 s
currentSize : 26 <-- 1.593366 s
currentSize : 27 <-- 94.829277 s

maxsize : 27
nodes : 2862037.000000
filtered : 127886411.000000
CCGP filtered : 36248774.000000
CCGT filtered : 14328884.000000
time : 122.350006
