Parameters: GAD=1 vflib=1 dir=0 label=0 lowerbound=1 fileNameGp=../graphsdb/mcs70/bvg/b03/mcs70_b03_s35.A30 fileNameGt=../graphsdb/mcs70/bvg/b03/mcs70_b03_s35.B30
Reading graphs...
35 :  51
35 :  52
Initializing...
maxdom : 35
D->valSize : 1225
Solving...
currentSize : 20 <-- 0.036956 s
currentSize : 21 <-- 0.037504 s
currentSize : 22 <-- 0.039810 s
currentSize : 23 <-- 0.042945 s
currentSize : 24 <-- 0.183089 s
currentSize : 25 <-- 2.565096 s
currentSize : 26 <-- 4.479527 s
currentSize : 27 <-- 8.715938 s
currentSize : 28 <-- 9.745608 s
currentSize : 29 <-- 13.223351 s

maxsize : 29
nodes : 568538.000000
filtered : 23886288.000000
CCGP filtered : 11627070.000000
CCGT filtered : 5752737.000000
time : 19.311022
