Parameters: GAD=1 vflib=1 dir=0 label=0 lowerbound=1 fileNameGp=../graphsdb/mcs70/bvg/b06/mcs70_b06_s25.A67 fileNameGt=../graphsdb/mcs70/bvg/b06/mcs70_b06_s25.B67
Reading graphs...
25 :  75
25 :  75
Initializing...
maxdom : 25
D->valSize : 625
Solving...
currentSize : 10 <-- 0.004832 s
currentSize : 11 <-- 0.004879 s
currentSize : 12 <-- 0.005405 s
currentSize : 13 <-- 0.005730 s
currentSize : 14 <-- 0.005941 s
currentSize : 15 <-- 0.017735 s
currentSize : 16 <-- 0.061306 s
currentSize : 17 <-- 0.085534 s
currentSize : 18 <-- 0.096286 s

maxsize : 18
nodes : 154355.000000
filtered : 4202571.000000
CCGP filtered : 49083.000000
CCGT filtered : 46334.000000
time : 2.217726
