Parameters: GAD=1 vflib=1 dir=0 label=0 lowerbound=1 fileNameGp=../graphsdb/mcs70/m3D/m3D/mcs70_m3D_s35.A66 fileNameGt=../graphsdb/mcs70/m3D/m3D/mcs70_m3D_s35.B66
Reading graphs...
35 :  72
35 :  71
Initializing...
maxdom : 35
D->valSize : 1225
Solving...
currentSize : 18 <-- 0.026340 s
currentSize : 19 <-- 0.026413 s
currentSize : 20 <-- 0.028588 s
currentSize : 21 <-- 0.038633 s
currentSize : 22 <-- 0.198602 s
currentSize : 23 <-- 0.402740 s
currentSize : 24 <-- 0.652224 s
currentSize : 25 <-- 0.652634 s
currentSize : 27 <-- 17.733330 s
currentSize : 28 <-- 22.414886 s

maxsize : 28
nodes : 1447909.000000
filtered : 64593706.000000
CCGP filtered : 3380182.000000
CCGT filtered : 1928927.000000
time : 40.102760
