Parameters: GAD=1 vflib=1 dir=0 label=0 lowerbound=1 fileNameGp=../graphsdb/mcs70/m3D/m3D/mcs70_m3D_s35.A95 fileNameGt=../graphsdb/mcs70/m3D/m3D/mcs70_m3D_s35.B95
Reading graphs...
35 :  71
35 :  72
Initializing...
maxdom : 35
D->valSize : 1225
Solving...
currentSize : 19 <-- 0.020590 s
currentSize : 20 <-- 0.020746 s
currentSize : 21 <-- 0.021085 s
currentSize : 22 <-- 0.021127 s
currentSize : 23 <-- 0.096242 s
currentSize : 24 <-- 14.180924 s
currentSize : 25 <-- 14.181057 s
currentSize : 26 <-- 14.181626 s
currentSize : 27 <-- 14.181750 s
currentSize : 28 <-- 18.183899 s
currentSize : 29 <-- 19.778748 s

maxsize : 29
nodes : 1340241.000000
filtered : 48183136.000000
CCGP filtered : 2819447.000000
CCGT filtered : 1503015.000000
time : 27.145264
