Parameters: GAD=1 vflib=1 dir=0 label=0 lowerbound=1 fileNameGp=../graphsdb/mcs70/m2D/m2Dr2/mcs70_m2Dr2_s35.A44 fileNameGt=../graphsdb/mcs70/m2D/m2Dr2/mcs70_m2Dr2_s35.B44
Reading graphs...
35 :  64
35 :  64
Initializing...
maxdom : 35
D->valSize : 1225
Solving...
currentSize : 16 <-- 0.020421 s
currentSize : 17 <-- 0.020913 s
currentSize : 18 <-- 0.022782 s
currentSize : 19 <-- 0.071438 s
currentSize : 20 <-- 0.076295 s
currentSize : 21 <-- 0.593633 s
currentSize : 22 <-- 0.895689 s
currentSize : 23 <-- 6.286858 s
currentSize : 24 <-- 55.986649 s
currentSize : 25 <-- 290.532288 s

maxsize : 25
nodes : 23956951.000000
filtered : 898318278.000000
CCGP filtered : 153463898.000000
CCGT filtered : 111714519.000000
time : 620.494141
