Parameters: GAD=1 vflib=1 dir=0 label=0 lowerbound=1 fileNameGp=../graphsdb/mcs70/m2D/m2D/mcs70_m2D_s35.A48 fileNameGt=../graphsdb/mcs70/m2D/m2D/mcs70_m2D_s35.B48
Reading graphs...
35 :  58
35 :  58
Initializing...
maxdom : 35
D->valSize : 1225
Solving...
currentSize : 16 <-- 0.036963 s
currentSize : 20 <-- 0.037123 s
currentSize : 21 <-- 0.046470 s
currentSize : 22 <-- 0.150725 s
currentSize : 23 <-- 0.174055 s
currentSize : 24 <-- 0.879237 s
currentSize : 25 <-- 1.151475 s
currentSize : 26 <-- 6.358754 s
currentSize : 27 <-- 6.529194 s
currentSize : 28 <-- 39.178036 s

maxsize : 28
nodes : 1447149.000000
filtered : 65920845.000000
CCGP filtered : 15440195.000000
CCGT filtered : 6533571.000000
time : 46.579700
