Parameters: GAD=1 vflib=1 dir=0 label=0 lowerbound=1 fileNameGp=../graphsdb/mcs70/m2D/m2Dr6/m2Dr6/mcs70_m2Dr6_s35.A79 fileNameGt=../graphsdb/mcs70/m2D/m2Dr6/m2Dr6/mcs70_m2Dr6_s35.B79
Reading graphs...
35 :  77
35 :  77
Initializing...
maxdom : 35
D->valSize : 1225
Solving...
currentSize : 15 <-- 0.035638 s
currentSize : 16 <-- 0.035799 s
currentSize : 18 <-- 0.040696 s
currentSize : 19 <-- 0.132551 s
currentSize : 20 <-- 0.140247 s
currentSize : 21 <-- 0.377380 s
currentSize : 23 <-- 0.459581 s
currentSize : 24 <-- 57.174809 s
currentSize : 25 <-- 183.156311 s

maxsize : 25
nodes : 13653223.000000
filtered : 566706188.000000
CCGP filtered : 43797913.000000
CCGT filtered : 21682993.000000
time : 302.808655
