Parameters: GAD=1 vflib=1 dir=0 label=0 lowerbound=1 fileNameGp=../graphsdb/mcs70/m4D/m4Dr2/mcs70_m4Dr2_s25.A33 fileNameGt=../graphsdb/mcs70/m4D/m4Dr2/mcs70_m4Dr2_s25.B33
Reading graphs...
25 :  52
25 :  49
Initializing...
maxdom : 25
D->valSize : 625
Solving...
currentSize : 8 <-- 0.005225 s
currentSize : 9 <-- 0.005261 s
currentSize : 10 <-- 0.005278 s
currentSize : 11 <-- 0.005321 s
currentSize : 12 <-- 0.005644 s
currentSize : 13 <-- 0.005779 s
currentSize : 14 <-- 0.006112 s
currentSize : 15 <-- 0.007867 s
currentSize : 16 <-- 0.015594 s
currentSize : 17 <-- 0.018700 s
currentSize : 18 <-- 1.986698 s

maxsize : 18
nodes : 131971.000000
filtered : 3860456.000000
CCGP filtered : 698987.000000
CCGT filtered : 335943.000000
time : 3.141137
