Parameters: GAD=1 vflib=1 dir=0 label=0 lowerbound=1 fileNameGp=../graphsdb/mcs70/bvg/b03m/mcs70_b03m_s35.A69 fileNameGt=../graphsdb/mcs70/bvg/b03m/mcs70_b03m_s35.B69
Reading graphs...
35 :  51
35 :  51
Initializing...
maxdom : 35
D->valSize : 1225
Solving...
currentSize : 16 <-- 0.037166 s
currentSize : 17 <-- 0.037483 s
currentSize : 19 <-- 0.037784 s
currentSize : 20 <-- 0.040999 s
currentSize : 21 <-- 0.044751 s
currentSize : 22 <-- 0.056765 s
currentSize : 23 <-- 0.185961 s
currentSize : 24 <-- 0.234932 s
currentSize : 25 <-- 4.167801 s
currentSize : 26 <-- 54.789570 s

maxsize : 26
nodes : 3220047.000000
filtered : 121702551.000000
CCGP filtered : 71447086.000000
CCGT filtered : 41880843.000000
time : 90.455994
