Parameters: GAD=1 vflib=1 dir=0 label=0 lowerbound=1 fileNameGp=../graphsdb/mcs70/rand/r01/mcs70_r01_s35.A50 fileNameGt=../graphsdb/mcs70/rand/r01/mcs70_r01_s35.B50
Reading graphs...
35 :  110
35 :  111
Initializing...
maxdom : 35
D->valSize : 1225
Solving...
currentSize : 11 <-- 0.033567 s
currentSize : 12 <-- 0.033656 s
currentSize : 14 <-- 0.033844 s
currentSize : 15 <-- 0.034330 s
currentSize : 16 <-- 0.035888 s
currentSize : 17 <-- 0.047150 s
currentSize : 18 <-- 0.074688 s
currentSize : 19 <-- 0.726712 s
currentSize : 20 <-- 0.759903 s
currentSize : 21 <-- 481.010132 s
currentSize : 22 <-- 1518.935913 s
currentSize : 24 <-- 1572.174561 s

maxsize : 24
nodes : 106654978.000000
filtered : 3314268316.000000
CCGP filtered : 61146395.000000
CCGT filtered : 61580484.000000
time : 1657.294800
