Parameters: GAD=1 vflib=1 dir=0 label=0 lowerbound=1 fileNameGp=../graphsdb/mcs70/m3D/m3Dr6/mcs70_m3Dr6_s35.A52 fileNameGt=../graphsdb/mcs70/m3D/m3Dr6/mcs70_m3Dr6_s35.B52
Reading graphs...
35 :  93
35 :  91
Initializing...
maxdom : 35
D->valSize : 1225
Solving...
currentSize : 14 <-- 0.034610 s
currentSize : 15 <-- 0.034677 s
currentSize : 16 <-- 0.035449 s
currentSize : 17 <-- 0.036237 s
currentSize : 18 <-- 0.038199 s
currentSize : 19 <-- 0.062851 s
currentSize : 20 <-- 0.074955 s
currentSize : 21 <-- 14.053121 s
currentSize : 22 <-- 60.045616 s
currentSize : 23 <-- 62.705513 s
currentSize : 24 <-- 62.720383 s
currentSize : 26 <-- 98.874054 s
currentSize : 27 <-- 125.723419 s

maxsize : 27
nodes : 7668097.000000
filtered : 276282866.000000
CCGP filtered : 5478679.000000
CCGT filtered : 7949262.000000
time : 137.460342
