Parameters: GAD=1 vflib=1 dir=0 label=0 lowerbound=1 fileNameGp=../graphsdb/mcs70/bvg/b09m/mcs70_b09m_s30.A41 fileNameGt=../graphsdb/mcs70/bvg/b09m/mcs70_b09m_s30.B41
Reading graphs...
30 :  130
30 :  127
Initializing...
maxdom : 30
D->valSize : 900
Solving...
currentSize : 11 <-- 0.016678 s
currentSize : 12 <-- 0.016811 s
currentSize : 13 <-- 0.018796 s
currentSize : 14 <-- 0.078817 s
currentSize : 15 <-- 0.179609 s
currentSize : 16 <-- 10.841304 s
currentSize : 17 <-- 19.854109 s
currentSize : 18 <-- 27.138628 s
currentSize : 20 <-- 27.138821 s

maxsize : 20
nodes : 2866630.000000
filtered : 77795891.000000
CCGP filtered : 1176393.000000
CCGT filtered : 1507116.000000
time : 35.871086
