Parameters: GAD=1 vflib=1 dir=0 label=0 lowerbound=1 fileNameGp=../graphsdb/mcs70/bvg/b06/mcs70_b06_s25.A71 fileNameGt=../graphsdb/mcs70/bvg/b06/mcs70_b06_s25.B71
Reading graphs...
25 :  74
25 :  75
Initializing...
maxdom : 25
D->valSize : 625
Solving...
currentSize : 10 <-- 0.004823 s
currentSize : 11 <-- 0.004848 s
currentSize : 12 <-- 0.005105 s
currentSize : 13 <-- 0.005696 s
currentSize : 14 <-- 0.007358 s
currentSize : 16 <-- 0.069023 s
currentSize : 17 <-- 0.109726 s
currentSize : 18 <-- 0.133442 s
currentSize : 19 <-- 0.183849 s

maxsize : 19
nodes : 64397.000000
filtered : 1979911.000000
CCGP filtered : 20719.000000
CCGT filtered : 9344.000000
time : 0.991041
