Parameters: GAD=1 vflib=1 dir=0 label=0 lowerbound=1 fileNameGp=../graphsdb/mcs70/bvg/b09m/mcs70_b09m_s35.A44 fileNameGt=../graphsdb/mcs70/bvg/b09m/mcs70_b09m_s35.B44
Reading graphs...
35 :  152
35 :  152
Initializing...
maxdom : 35
D->valSize : 1225
Solving...
currentSize : 12 <-- 0.031616 s
currentSize : 13 <-- 0.031911 s
currentSize : 14 <-- 0.032123 s
currentSize : 15 <-- 0.061625 s
currentSize : 16 <-- 0.190064 s
currentSize : 17 <-- 12.397419 s
currentSize : 18 <-- 31.852703 s
currentSize : 19 <-- 390.540863 s
currentSize : 24 <-- 390.601471 s

maxsize : 24
nodes : 30773249.000000
filtered : 733128348.000000
CCGP filtered : 13057304.000000
CCGT filtered : 6629800.000000
time : 424.642334
