Parameters: GAD=1 vflib=1 dir=0 label=0 lowerbound=1 fileNameGp=../graphsdb/mcs70/m3D/m3Dr2/mcs70_m3Dr2_s35.A87 fileNameGt=../graphsdb/mcs70/m3D/m3Dr2/mcs70_m3Dr2_s35.B87
Reading graphs...
35 :  78
35 :  78
Initializing...
maxdom : 35
D->valSize : 1225
Solving...
currentSize : 16 <-- 0.025049 s
currentSize : 17 <-- 0.025291 s
currentSize : 18 <-- 0.026074 s
currentSize : 20 <-- 0.026412 s
currentSize : 21 <-- 0.227519 s
currentSize : 22 <-- 0.557326 s
currentSize : 23 <-- 189.416412 s
currentSize : 24 <-- 200.768463 s
currentSize : 26 <-- 201.054794 s
currentSize : 27 <-- 235.211716 s

maxsize : 27
nodes : 16537236.000000
filtered : 507017132.000000
CCGP filtered : 16178395.000000
CCGT filtered : 26450927.000000
time : 288.206268
