Parameters: GAD=1 vflib=1 dir=0 label=0 lowerbound=1 fileNameGp=../graphsdb/mcs70/bvg/b06m/mcs70_b06m_s35.A43 fileNameGt=../graphsdb/mcs70/bvg/b06m/mcs70_b06m_s35.B43
Reading graphs...
35 :  105
35 :  104
Initializing...
maxdom : 35
D->valSize : 1225
Solving...
currentSize : 13 <-- 0.019107 s
currentSize : 15 <-- 0.019174 s
currentSize : 16 <-- 0.024796 s
currentSize : 17 <-- 0.088006 s
currentSize : 18 <-- 0.724868 s
currentSize : 19 <-- 2.837290 s
currentSize : 20 <-- 38.053715 s
currentSize : 22 <-- 81.529495 s
currentSize : 24 <-- 81.544769 s

maxsize : 24
nodes : 8007189.000000
filtered : 335964227.000000
CCGP filtered : 26530085.000000
CCGT filtered : 16483625.000000
time : 164.783783
