Parameters: GAD=1 vflib=1 dir=0 label=0 lowerbound=1 fileNameGp=../graphsdb/mcs70/m3D/m3D/mcs70_m3D_s35.A84 fileNameGt=../graphsdb/mcs70/m3D/m3D/mcs70_m3D_s35.B84
Reading graphs...
35 :  72
35 :  72
Initializing...
maxdom : 35
D->valSize : 1225
Solving...
currentSize : 12 <-- 0.020782 s
currentSize : 17 <-- 0.020888 s
currentSize : 18 <-- 0.021244 s
currentSize : 19 <-- 0.025300 s
currentSize : 20 <-- 0.026020 s
currentSize : 21 <-- 0.053623 s
currentSize : 22 <-- 0.103918 s
currentSize : 23 <-- 0.105666 s
currentSize : 24 <-- 19.797121 s
currentSize : 26 <-- 29.320255 s
currentSize : 27 <-- 70.503014 s
currentSize : 28 <-- 71.546768 s

maxsize : 28
nodes : 3482312.000000
filtered : 146040554.000000
CCGP filtered : 10077818.000000
CCGT filtered : 4930755.000000
time : 78.810921
