Parameters: GAD=1 vflib=1 dir=0 label=0 lowerbound=1 fileNameGp=../graphsdb/mcs70/bvg/b09/mcs70_b09_s35.A28 fileNameGt=../graphsdb/mcs70/bvg/b09/mcs70_b09_s35.B28
Reading graphs...
35 :  156
35 :  156
Initializing...
maxdom : 35
D->valSize : 1225
Solving...
currentSize : 12 <-- 0.022939 s
currentSize : 13 <-- 0.024073 s
currentSize : 14 <-- 0.027372 s
currentSize : 15 <-- 0.027534 s
currentSize : 16 <-- 0.076008 s
currentSize : 17 <-- 0.525720 s
currentSize : 18 <-- 0.951706 s
currentSize : 20 <-- 0.976340 s
currentSize : 21 <-- 0.982927 s
currentSize : 22 <-- 3.597296 s
currentSize : 23 <-- 6.395601 s
currentSize : 24 <-- 7.663764 s
currentSize : 25 <-- 11.376200 s

maxsize : 25
nodes : 1218004.000000
filtered : 60075948.000000
CCGP filtered : 464331.000000
CCGT filtered : 90944.000000
time : 19.824696
