Parameters: GAD=1 vflib=1 dir=0 label=0 lowerbound=1 fileNameGp=../graphsdb/mcs70/rand/r005/mcs70_r005_s30.A59 fileNameGt=../graphsdb/mcs70/rand/r005/mcs70_r005_s30.B59
Reading graphs...
30 :  41
30 :  41
Initializing...
maxdom : 30
D->valSize : 900
Solving...
currentSize : 15 <-- 0.019747 s
currentSize : 16 <-- 0.019782 s
currentSize : 17 <-- 0.020018 s
currentSize : 18 <-- 0.021635 s
currentSize : 19 <-- 0.027215 s
currentSize : 20 <-- 0.091821 s
currentSize : 21 <-- 0.095086 s
currentSize : 22 <-- 0.095137 s
currentSize : 23 <-- 0.096205 s
currentSize : 24 <-- 3.156849 s

maxsize : 24
nodes : 105216.000000
filtered : 4193045.000000
CCGP filtered : 1983372.000000
CCGT filtered : 727609.000000
time : 5.632870
