Parameters: GAD=1 vflib=1 dir=0 label=0 lowerbound=1 fileNameGp=../graphsdb/mcs70/bvg/b09m/mcs70_b09m_s35.A29 fileNameGt=../graphsdb/mcs70/bvg/b09m/mcs70_b09m_s35.B29
Reading graphs...
35 :  146
35 :  148
Initializing...
maxdom : 35
D->valSize : 1225
Solving...
currentSize : 12 <-- 0.018296 s
currentSize : 13 <-- 0.018391 s
currentSize : 14 <-- 0.023954 s
currentSize : 15 <-- 0.073656 s
currentSize : 16 <-- 0.262223 s
currentSize : 17 <-- 19.946041 s
currentSize : 19 <-- 460.612030 s
currentSize : 20 <-- 461.586700 s
currentSize : 22 <-- 690.521606 s
currentSize : 25 <-- 690.618713 s

maxsize : 25
nodes : 53291894.000000
filtered : 1180710036.000000
CCGP filtered : 18188070.000000
CCGT filtered : 40950228.000000
time : 707.648682
