Parameters: GAD=1 vflib=1 dir=0 label=0 lowerbound=1 fileNameGp=../graphsdb/mcs70/m2D/m2Dr6/m2Dr6/mcs70_m2Dr6_s25.A83 fileNameGt=../graphsdb/mcs70/m2D/m2Dr6/m2Dr6/mcs70_m2Dr6_s25.B83
Reading graphs...
25 :  54
25 :  53
Initializing...
maxdom : 25
D->valSize : 625
Solving...
currentSize : 9 <-- 0.008932 s
currentSize : 10 <-- 0.008971 s
currentSize : 11 <-- 0.009253 s
currentSize : 12 <-- 0.010404 s
currentSize : 13 <-- 0.010692 s
currentSize : 14 <-- 0.011970 s
currentSize : 15 <-- 0.246691 s
currentSize : 16 <-- 0.502011 s
currentSize : 17 <-- 21.941423 s
currentSize : 18 <-- 21.941530 s

maxsize : 18
nodes : 1928699.000000
filtered : 38479866.000000
CCGP filtered : 2389767.000000
CCGT filtered : 1846939.000000
time : 22.924160
