Parameters: GAD=1 vflib=1 dir=0 label=0 lowerbound=1 fileNameGp=../graphsdb/mcs70/m3D/m3Dr2/mcs70_m3Dr2_s35.A99 fileNameGt=../graphsdb/mcs70/m3D/m3Dr2/mcs70_m3Dr2_s35.B99
Reading graphs...
35 :  79
35 :  78
Initializing...
maxdom : 35
D->valSize : 1225
Solving...
currentSize : 15 <-- 0.020356 s
currentSize : 17 <-- 0.020529 s
currentSize : 18 <-- 0.020576 s
currentSize : 20 <-- 0.022887 s
currentSize : 21 <-- 0.037433 s
currentSize : 22 <-- 0.037589 s
currentSize : 23 <-- 24.054197 s
currentSize : 24 <-- 54.599720 s
currentSize : 27 <-- 257.450226 s

maxsize : 27
nodes : 14364832.000000
filtered : 526523331.000000
CCGP filtered : 32593446.000000
CCGT filtered : 32994258.000000
time : 267.599426
