Parameters: GAD=1 vflib=1 dir=0 label=0 lowerbound=1 fileNameGp=../graphsdb/mcs70/m2D/m2Dr4/mcs70_m2Dr4_s35.A10 fileNameGt=../graphsdb/mcs70/m2D/m2Dr4/mcs70_m2Dr4_s35.B10
Reading graphs...
35 :  70
35 :  69
Initializing...
maxdom : 35
D->valSize : 1225
Solving...
currentSize : 15 <-- 0.020521 s
currentSize : 18 <-- 0.020600 s
currentSize : 19 <-- 0.020629 s
currentSize : 20 <-- 0.023024 s
currentSize : 21 <-- 0.064029 s
currentSize : 22 <-- 0.213397 s
currentSize : 23 <-- 9.784414 s
currentSize : 25 <-- 12.146196 s
currentSize : 26 <-- 58.367599 s

maxsize : 26
nodes : 6056321.000000
filtered : 283983901.000000
CCGP filtered : 19174748.000000
CCGT filtered : 10663494.000000
time : 175.206741
