Parameters: GAD=1 vflib=1 dir=0 label=0 lowerbound=1 fileNameGp=../graphsdb/mcs70/m3D/m3D/mcs70_m3D_s35.A89 fileNameGt=../graphsdb/mcs70/m3D/m3D/mcs70_m3D_s35.B89
Reading graphs...
35 :  71
35 :  72
Initializing...
maxdom : 35
D->valSize : 1225
Solving...
currentSize : 15 <-- 0.020615 s
currentSize : 16 <-- 0.020759 s
currentSize : 17 <-- 0.021113 s
currentSize : 18 <-- 0.027043 s
currentSize : 19 <-- 0.059933 s
currentSize : 20 <-- 0.163536 s
currentSize : 21 <-- 0.291704 s
currentSize : 22 <-- 3.178053 s
currentSize : 23 <-- 11.348437 s
currentSize : 24 <-- 15.742906 s
currentSize : 25 <-- 16.424292 s
currentSize : 27 <-- 23.410990 s
currentSize : 28 <-- 29.617683 s
currentSize : 29 <-- 31.489237 s

maxsize : 29
nodes : 1947550.000000
filtered : 67930692.000000
CCGP filtered : 3614411.000000
CCGT filtered : 4655158.000000
time : 38.758381
