Parameters: GAD=1 vflib=1 dir=0 label=0 lowerbound=1 fileNameGp=../graphsdb/mcs70/rand/r01/mcs70_r01_s35.A59 fileNameGt=../graphsdb/mcs70/rand/r01/mcs70_r01_s35.B59
Reading graphs...
35 :  112
35 :  113
Initializing...
maxdom : 35
D->valSize : 1225
Solving...
currentSize : 14 <-- 0.019457 s
currentSize : 15 <-- 0.019924 s
currentSize : 16 <-- 0.021242 s
currentSize : 17 <-- 0.028689 s
currentSize : 18 <-- 0.267307 s
currentSize : 19 <-- 22.009975 s
currentSize : 20 <-- 53.328438 s
currentSize : 21 <-- 53.328537 s
currentSize : 22 <-- 634.549744 s
currentSize : 24 <-- 634.550171 s

maxsize : 24
nodes : 49651821.000000
filtered : 1600079706.000000
CCGP filtered : 25534480.000000
CCGT filtered : 32082374.000000
time : 771.149658
