Parameters: GAD=1 vflib=1 dir=0 label=0 lowerbound=1 fileNameGp=../graphsdb/mcs70/rand/r005/mcs70_r005_s35.A01 fileNameGt=../graphsdb/mcs70/rand/r005/mcs70_r005_s35.B01
Reading graphs...
35 :  58
35 :  57
Initializing...
maxdom : 35
D->valSize : 1225
Solving...
currentSize : 14 <-- 0.037039 s
currentSize : 15 <-- 0.037163 s
currentSize : 16 <-- 0.038515 s
currentSize : 17 <-- 0.044611 s
currentSize : 18 <-- 0.046572 s
currentSize : 19 <-- 0.065092 s
currentSize : 20 <-- 0.402622 s
currentSize : 21 <-- 0.403276 s
currentSize : 22 <-- 0.403411 s
currentSize : 23 <-- 0.891014 s
currentSize : 24 <-- 2.957828 s
currentSize : 25 <-- 30.234352 s
currentSize : 26 <-- 98.639946 s

maxsize : 26
nodes : 5609929.000000
filtered : 220674543.000000
CCGP filtered : 31004224.000000
CCGT filtered : 33156954.000000
time : 151.630005
