Parameters: GAD=1 vflib=1 dir=0 label=0 lowerbound=1 fileNameGp=../graphsdb/mcs70/m2D/m2Dr6/m2Dr6/mcs70_m2Dr6_s35.A75 fileNameGt=../graphsdb/mcs70/m2D/m2Dr6/m2Dr6/mcs70_m2Dr6_s35.B75
Reading graphs...
35 :  78
35 :  78
Initializing...
maxdom : 35
D->valSize : 1225
Solving...
currentSize : 15 <-- 0.035459 s
currentSize : 16 <-- 0.035932 s
currentSize : 17 <-- 0.036075 s
currentSize : 18 <-- 0.036290 s
currentSize : 19 <-- 0.037120 s
currentSize : 20 <-- 0.179381 s
currentSize : 21 <-- 5.023616 s
currentSize : 22 <-- 6.668888 s
currentSize : 23 <-- 129.281830 s
currentSize : 25 <-- 235.637314 s
currentSize : 26 <-- 235.637421 s

maxsize : 26
nodes : 14525488.000000
filtered : 528349339.000000
CCGP filtered : 42674471.000000
CCGT filtered : 35231490.000000
time : 308.916443
