Parameters: GAD=1 vflib=1 dir=0 label=0 lowerbound=1 fileNameGp=../graphsdb/mcs70/bvg/b06/mcs70_b06_s25.A89 fileNameGt=../graphsdb/mcs70/bvg/b06/mcs70_b06_s25.B89
Reading graphs...
25 :  75
25 :  74
Initializing...
maxdom : 25
D->valSize : 625
Solving...
currentSize : 10 <-- 0.004796 s
currentSize : 11 <-- 0.004906 s
currentSize : 12 <-- 0.006062 s
currentSize : 13 <-- 0.006286 s
currentSize : 14 <-- 0.020019 s
currentSize : 15 <-- 0.071364 s
currentSize : 16 <-- 0.073895 s
currentSize : 17 <-- 0.578707 s
currentSize : 18 <-- 1.104862 s

maxsize : 18
nodes : 134687.000000
filtered : 3669970.000000
CCGP filtered : 97961.000000
CCGT filtered : 109659.000000
time : 1.714355
