Parameters: GAD=1 vflib=1 dir=0 label=0 lowerbound=1 fileNameGp=../graphsdb/mcs70/rand/r005/mcs70_r005_s35.A67 fileNameGt=../graphsdb/mcs70/rand/r005/mcs70_r005_s35.B67
Reading graphs...
35 :  58
35 :  57
Initializing...
maxdom : 35
D->valSize : 1225
Solving...
currentSize : 14 <-- 0.036913 s
currentSize : 15 <-- 0.037080 s
currentSize : 18 <-- 0.037435 s
currentSize : 19 <-- 0.038864 s
currentSize : 20 <-- 0.042143 s
currentSize : 21 <-- 0.042413 s
currentSize : 22 <-- 0.510609 s
currentSize : 23 <-- 2.466869 s
currentSize : 24 <-- 3.466017 s
currentSize : 25 <-- 120.827164 s

maxsize : 25
nodes : 7755760.000000
filtered : 315035548.000000
CCGP filtered : 99306327.000000
CCGT filtered : 87999811.000000
time : 230.200821
