Parameters: GAD=1 vflib=1 dir=0 label=0 lowerbound=1 fileNameGp=../graphsdb/mcs70/m2D/m2Dr6/m2Dr6/mcs70_m2Dr6_s35.A60 fileNameGt=../graphsdb/mcs70/m2D/m2Dr6/m2Dr6/mcs70_m2Dr6_s35.B60
Reading graphs...
35 :  77
35 :  76
Initializing...
maxdom : 35
D->valSize : 1225
Solving...
currentSize : 17 <-- 0.020210 s
currentSize : 18 <-- 0.020747 s
currentSize : 19 <-- 0.065394 s
currentSize : 20 <-- 0.116967 s
currentSize : 21 <-- 0.505949 s
currentSize : 22 <-- 3.945691 s
currentSize : 23 <-- 496.496674 s
currentSize : 25 <-- 970.147461 s
currentSize : 26 <-- 970.147583 s

maxsize : 26
nodes : 50986663.000000
filtered : 1526540516.000000
CCGP filtered : 183302920.000000
CCGT filtered : 112540376.000000
time : 1002.974976
