Parameters: GAD=1 vflib=1 dir=0 label=0 lowerbound=1 fileNameGp=../graphsdb/mcs70/m2D/m2Dr4/mcs70_m2Dr4_s35.A25 fileNameGt=../graphsdb/mcs70/m2D/m2Dr4/mcs70_m2Dr4_s35.B25
Reading graphs...
35 :  70
35 :  70
Initializing...
maxdom : 35
D->valSize : 1225
Solving...
currentSize : 16 <-- 0.036050 s
currentSize : 17 <-- 0.036134 s
currentSize : 18 <-- 0.036590 s
currentSize : 19 <-- 0.111241 s
currentSize : 20 <-- 0.122033 s
currentSize : 21 <-- 0.254159 s
currentSize : 22 <-- 0.288373 s
currentSize : 23 <-- 0.412970 s
currentSize : 24 <-- 71.110352 s
currentSize : 25 <-- 242.516785 s
currentSize : 26 <-- 242.517609 s

maxsize : 26
nodes : 12719074.000000
filtered : 513848745.000000
CCGP filtered : 83549224.000000
CCGT filtered : 42737164.000000
time : 310.163208
