Parameters: GAD=1 vflib=1 dir=0 label=0 lowerbound=1 fileNameGp=../graphsdb/mcs70/rand/r02/mcs70_r02_s35.A86 fileNameGt=../graphsdb/mcs70/rand/r02/mcs70_r02_s35.B86
Reading graphs...
35 :  213
35 :  212
Initializing...
maxdom : 35
D->valSize : 1225
Solving...
currentSize : 10 <-- 0.017377 s
currentSize : 11 <-- 0.017545 s
currentSize : 12 <-- 0.018565 s
currentSize : 13 <-- 0.077938 s
currentSize : 14 <-- 1.618969 s
currentSize : 15 <-- 44.151703 s
currentSize : 17 <-- 584.127319 s
currentSize : 18 <-- 634.772644 s
currentSize : 24 <-- 687.876892 s

maxsize : 24
nodes : 58367013.000000
filtered : 833008120.000000
CCGP filtered : 302292.000000
CCGT filtered : 1293076.000000
time : 739.888611
