Parameters: GAD=1 vflib=1 dir=0 label=0 lowerbound=1 fileNameGp=../graphsdb/mcs70/m3D/m3D/mcs70_m3D_s35.A04 fileNameGt=../graphsdb/mcs70/m3D/m3D/mcs70_m3D_s35.B04
Reading graphs...
35 :  72
35 :  72
Initializing...
maxdom : 35
D->valSize : 1225
Solving...
currentSize : 17 <-- 0.020345 s
currentSize : 19 <-- 0.020606 s
currentSize : 20 <-- 0.020777 s
currentSize : 21 <-- 0.021016 s
currentSize : 22 <-- 0.049587 s
currentSize : 23 <-- 0.056877 s
currentSize : 24 <-- 0.861623 s
currentSize : 25 <-- 5.614526 s
currentSize : 26 <-- 10.505410 s
currentSize : 27 <-- 12.910213 s
currentSize : 28 <-- 13.018203 s
currentSize : 29 <-- 22.989195 s

maxsize : 29
nodes : 1017052.000000
filtered : 47603917.000000
CCGP filtered : 2004639.000000
CCGT filtered : 1511711.000000
time : 27.633802
