Parameters: GAD=1 vflib=1 dir=0 label=0 lowerbound=1 fileNameGp=../graphsdb/mcs70/m4D/m4D/mcs70_m4D_s25.A19 fileNameGt=../graphsdb/mcs70/m4D/m4D/mcs70_m4D_s25.B19
Reading graphs...
25 :  47
25 :  47
Initializing...
maxdom : 25
D->valSize : 625
Solving...
currentSize : 7 <-- 0.005218 s
currentSize : 10 <-- 0.005263 s
currentSize : 11 <-- 0.005408 s
currentSize : 13 <-- 0.005459 s
currentSize : 14 <-- 0.005835 s
currentSize : 15 <-- 0.040499 s
currentSize : 16 <-- 0.042386 s
currentSize : 17 <-- 0.102556 s
currentSize : 18 <-- 0.102701 s
currentSize : 19 <-- 0.122146 s

maxsize : 19
nodes : 21693.000000
filtered : 672082.000000
CCGP filtered : 246513.000000
CCGT filtered : 277124.000000
time : 0.394460
