Parameters: GAD=1 vflib=1 dir=0 label=0 lowerbound=1 fileNameGp=../graphsdb/mcs70/m3D/m3Dr2/mcs70_m3Dr2_s35.A84 fileNameGt=../graphsdb/mcs70/m3D/m3Dr2/mcs70_m3Dr2_s35.B84
Reading graphs...
35 :  79
35 :  79
Initializing...
maxdom : 35
D->valSize : 1225
Solving...
currentSize : 17 <-- 0.021110 s
currentSize : 18 <-- 0.021677 s
currentSize : 19 <-- 0.025003 s
currentSize : 20 <-- 0.056343 s
currentSize : 21 <-- 0.377770 s
currentSize : 22 <-- 0.384167 s
currentSize : 23 <-- 39.235283 s
currentSize : 24 <-- 111.710670 s
currentSize : 26 <-- 416.371185 s
currentSize : 27 <-- 439.401459 s

maxsize : 27
nodes : 23919789.000000
filtered : 854302561.000000
CCGP filtered : 51262664.000000
CCGT filtered : 33468175.000000
time : 448.570007
