Parameters: GAD=1 vflib=1 dir=0 label=0 lowerbound=1 fileNameGp=../graphsdb/mcs70/m2D/m2Dr2/mcs70_m2Dr2_s35.A99 fileNameGt=../graphsdb/mcs70/m2D/m2Dr2/mcs70_m2Dr2_s35.B99
Reading graphs...
35 :  64
35 :  62
Initializing...
maxdom : 35
D->valSize : 1225
Solving...
currentSize : 15 <-- 0.036529 s
currentSize : 18 <-- 0.036717 s
currentSize : 19 <-- 0.036971 s
currentSize : 20 <-- 0.040388 s
currentSize : 21 <-- 0.058368 s
currentSize : 22 <-- 0.237251 s
currentSize : 23 <-- 0.256130 s
currentSize : 24 <-- 0.268405 s
currentSize : 25 <-- 37.089916 s
currentSize : 26 <-- 37.090111 s

maxsize : 26
nodes : 8588874.000000
filtered : 370924519.000000
CCGP filtered : 70825066.000000
CCGT filtered : 31071162.000000
time : 243.136658
