Parameters: GAD=1 vflib=1 dir=0 label=0 lowerbound=1 fileNameGp=../graphsdb/mcs70/m3D/m3Dr6/mcs70_m3Dr6_s35.A48 fileNameGt=../graphsdb/mcs70/m3D/m3Dr6/mcs70_m3Dr6_s35.B48
Reading graphs...
35 :  91
35 :  92
Initializing...
maxdom : 35
D->valSize : 1225
Solving...
currentSize : 15 <-- 0.020455 s
currentSize : 16 <-- 0.020538 s
currentSize : 17 <-- 0.020653 s
currentSize : 18 <-- 0.051138 s
currentSize : 19 <-- 0.152918 s
currentSize : 20 <-- 0.847522 s
currentSize : 21 <-- 5.263580 s
currentSize : 22 <-- 86.857933 s
currentSize : 24 <-- 86.858253 s
currentSize : 26 <-- 127.864044 s
currentSize : 27 <-- 140.477295 s

maxsize : 27
nodes : 8790572.000000
filtered : 290587273.000000
CCGP filtered : 15007744.000000
CCGT filtered : 11667318.000000
time : 146.888535
