Parameters: GAD=1 vflib=1 dir=0 label=0 lowerbound=1 fileNameGp=../graphsdb/mcs70/m3D/m3Dr4/mcs70_m3Dr4_s35.A14 fileNameGt=../graphsdb/mcs70/m3D/m3Dr4/mcs70_m3Dr4_s35.B14
Reading graphs...
35 :  85
35 :  85
Initializing...
maxdom : 35
D->valSize : 1225
Solving...
currentSize : 16 <-- 0.035076 s
currentSize : 17 <-- 0.035265 s
currentSize : 18 <-- 0.035913 s
currentSize : 19 <-- 0.036035 s
currentSize : 20 <-- 0.037162 s
currentSize : 21 <-- 1.662784 s
currentSize : 22 <-- 3.471397 s
currentSize : 23 <-- 17.878689 s
currentSize : 24 <-- 17.993153 s
currentSize : 25 <-- 76.541580 s
currentSize : 26 <-- 76.542511 s
currentSize : 27 <-- 76.542702 s

maxsize : 27
nodes : 4625964.000000
filtered : 196199764.000000
CCGP filtered : 16706952.000000
CCGT filtered : 5597798.000000
time : 99.330147
