Parameters: GAD=1 vflib=1 dir=0 label=0 lowerbound=1 fileNameGp=../graphsdb/mcs70/m3D/m3Dr4/mcs70_m3Dr4_s35.A72 fileNameGt=../graphsdb/mcs70/m3D/m3Dr4/mcs70_m3Dr4_s35.B72
Reading graphs...
35 :  85
35 :  85
Initializing...
maxdom : 35
D->valSize : 1225
Solving...
currentSize : 15 <-- 0.020357 s
currentSize : 16 <-- 0.020410 s
currentSize : 17 <-- 0.020790 s
currentSize : 19 <-- 0.022683 s
currentSize : 20 <-- 0.143612 s
currentSize : 21 <-- 0.250299 s
currentSize : 22 <-- 309.423431 s
currentSize : 23 <-- 309.510437 s
currentSize : 24 <-- 411.482178 s
currentSize : 25 <-- 411.926666 s
currentSize : 26 <-- 424.321259 s
currentSize : 28 <-- 424.333832 s

maxsize : 28
nodes : 23855843.000000
filtered : 755669615.000000
CCGP filtered : 56750595.000000
CCGT filtered : 38062970.000000
time : 429.176788
