Parameters: GAD=1 vflib=1 dir=0 label=0 lowerbound=1 fileNameGp=../graphsdb/mcs70/bvg/b03m/mcs70_b03m_s30.A06 fileNameGt=../graphsdb/mcs70/bvg/b03m/mcs70_b03m_s30.B06
Reading graphs...
30 :  44
30 :  44
Initializing...
maxdom : 30
D->valSize : 900
Solving...
currentSize : 12 <-- 0.011061 s
currentSize : 13 <-- 0.011672 s
currentSize : 15 <-- 0.012006 s
currentSize : 16 <-- 0.012190 s
currentSize : 17 <-- 0.012535 s
currentSize : 18 <-- 0.015503 s
currentSize : 19 <-- 0.021357 s
currentSize : 20 <-- 0.257865 s
currentSize : 21 <-- 1.190352 s
currentSize : 22 <-- 1.231400 s

maxsize : 22
nodes : 541659.000000
filtered : 17354680.000000
CCGP filtered : 18340345.000000
CCGT filtered : 6488744.000000
time : 12.484729
