Parameters: GAD=1 vflib=1 dir=0 label=0 lowerbound=1 fileNameGp=../graphsdb/mcs70/bvg/b03m/mcs70_b03m_s35.A33 fileNameGt=../graphsdb/mcs70/bvg/b03m/mcs70_b03m_s35.B33
Reading graphs...
35 :  52
35 :  52
Initializing...
maxdom : 35
D->valSize : 1225
Solving...
currentSize : 16 <-- 0.037283 s
currentSize : 17 <-- 0.037542 s
currentSize : 18 <-- 0.038097 s
currentSize : 20 <-- 0.039687 s
currentSize : 21 <-- 0.043147 s
currentSize : 22 <-- 0.120524 s
currentSize : 23 <-- 1.073060 s
currentSize : 24 <-- 2.825040 s
currentSize : 25 <-- 20.269699 s
currentSize : 26 <-- 29.192352 s

maxsize : 26
nodes : 2198457.000000
filtered : 78970699.000000
CCGP filtered : 36186693.000000
CCGT filtered : 25116579.000000
time : 71.045746
