Parameters: GAD=1 vflib=1 dir=0 label=0 lowerbound=1 fileNameGp=../graphsdb/mcs70/bvg/b09/mcs70_b09_s25.A04 fileNameGt=../graphsdb/mcs70/bvg/b09/mcs70_b09_s25.B04
Reading graphs...
25 :  110
25 :  108
Initializing...
maxdom : 25
D->valSize : 625
Solving...
currentSize : 9 <-- 0.004527 s
currentSize : 10 <-- 0.004664 s
currentSize : 11 <-- 0.004849 s
currentSize : 12 <-- 0.006975 s
currentSize : 13 <-- 0.016590 s
currentSize : 14 <-- 0.020686 s
currentSize : 16 <-- 0.042691 s
currentSize : 17 <-- 0.081565 s
currentSize : 18 <-- 0.300126 s

maxsize : 18
nodes : 121409.000000
filtered : 3502944.000000
CCGP filtered : 3318.000000
CCGT filtered : 4446.000000
time : 1.322129
