Parameters: GAD=1 vflib=1 dir=0 label=0 lowerbound=1 fileNameGp=../graphsdb/mcs70/bvg/b06/mcs70_b06_s35.A54 fileNameGt=../graphsdb/mcs70/bvg/b06/mcs70_b06_s35.B54
Reading graphs...
35 :  103
35 :  105
Initializing...
maxdom : 35
D->valSize : 1225
Solving...
currentSize : 16 <-- 0.033998 s
currentSize : 17 <-- 0.035344 s
currentSize : 18 <-- 0.038386 s
currentSize : 19 <-- 0.070093 s
currentSize : 20 <-- 0.131266 s
currentSize : 21 <-- 0.131815 s
currentSize : 22 <-- 0.807403 s
currentSize : 23 <-- 1.627584 s
currentSize : 24 <-- 1.627904 s
currentSize : 25 <-- 9.956124 s
currentSize : 26 <-- 14.958882 s

maxsize : 26
nodes : 2173469.000000
filtered : 107355994.000000
CCGP filtered : 3452505.000000
CCGT filtered : 2214783.000000
time : 58.102943
