Parameters: GAD=1 vflib=1 dir=0 label=0 lowerbound=1 fileNameGp=../graphsdb/mcs70/bvg/b09/mcs70_b09_s35.A65 fileNameGt=../graphsdb/mcs70/bvg/b09/mcs70_b09_s35.B65
Reading graphs...
35 :  153
35 :  156
Initializing...
maxdom : 35
D->valSize : 1225
Solving...
currentSize : 11 <-- 0.017906 s
currentSize : 12 <-- 0.018071 s
currentSize : 13 <-- 0.034995 s
currentSize : 14 <-- 0.057128 s
currentSize : 15 <-- 0.133393 s
currentSize : 19 <-- 0.691659 s
currentSize : 20 <-- 0.691785 s
currentSize : 22 <-- 0.693238 s
currentSize : 24 <-- 0.693396 s
currentSize : 25 <-- 20.213556 s

maxsize : 25
nodes : 2445497.000000
filtered : 108891731.000000
CCGP filtered : 245312.000000
CCGT filtered : 417183.000000
time : 41.383484
