Parameters: GAD=1 vflib=1 dir=0 label=0 lowerbound=1 fileNameGp=../graphsdb/mcs70/rand/r01/mcs70_r01_s30.A77 fileNameGt=../graphsdb/mcs70/rand/r01/mcs70_r01_s30.B77
Reading graphs...
30 :  86
30 :  82
Initializing...
maxdom : 30
D->valSize : 900
Solving...
currentSize : 12 <-- 0.010668 s
currentSize : 13 <-- 0.010724 s
currentSize : 14 <-- 0.026032 s
currentSize : 15 <-- 0.026954 s
currentSize : 16 <-- 0.028048 s
currentSize : 17 <-- 1.621132 s
currentSize : 18 <-- 2.027306 s
currentSize : 19 <-- 28.947008 s
currentSize : 20 <-- 29.811100 s
currentSize : 21 <-- 29.811333 s

maxsize : 21
nodes : 2908510.000000
filtered : 82414535.000000
CCGP filtered : 3286321.000000
CCGT filtered : 3999231.000000
time : 40.837952
