Parameters: GAD=1 vflib=1 dir=0 label=0 lowerbound=1 fileNameGp=../graphsdb/mcs70/bvg/b03m/mcs70_b03m_s30.A79 fileNameGt=../graphsdb/mcs70/bvg/b03m/mcs70_b03m_s30.B79
Reading graphs...
30 :  44
30 :  45
Initializing...
maxdom : 30
D->valSize : 900
Solving...
currentSize : 11 <-- 0.019644 s
currentSize : 14 <-- 0.019712 s
currentSize : 15 <-- 0.020487 s
currentSize : 16 <-- 0.020979 s
currentSize : 17 <-- 0.021161 s
currentSize : 18 <-- 0.021486 s
currentSize : 19 <-- 0.021726 s
currentSize : 20 <-- 0.248408 s
currentSize : 21 <-- 0.255396 s
currentSize : 22 <-- 2.351403 s
currentSize : 23 <-- 2.846844 s

maxsize : 23
nodes : 337271.000000
filtered : 12131355.000000
CCGP filtered : 5062299.000000
CCGT filtered : 2550521.000000
time : 10.844553
