Parameters: GAD=1 vflib=1 dir=0 label=0 lowerbound=1 fileNameGp=../graphsdb/mcs70/bvg/b09m/mcs70_b09m_s35.A80 fileNameGt=../graphsdb/mcs70/bvg/b09m/mcs70_b09m_s35.B80
Reading graphs...
35 :  152
35 :  152
Initializing...
maxdom : 35
D->valSize : 1225
Solving...
currentSize : 13 <-- 0.018240 s
currentSize : 14 <-- 0.018737 s
currentSize : 15 <-- 0.019081 s
currentSize : 16 <-- 0.498137 s
currentSize : 17 <-- 1.867548 s
currentSize : 18 <-- 56.618839 s
currentSize : 19 <-- 121.390251 s
currentSize : 20 <-- 121.390404 s
currentSize : 21 <-- 121.391083 s
currentSize : 24 <-- 121.446220 s

maxsize : 24
nodes : 11681534.000000
filtered : 314250329.000000
CCGP filtered : 6501282.000000
CCGT filtered : 6482116.000000
time : 160.897797
