Parameters: GAD=1 vflib=1 dir=0 label=0 lowerbound=1 fileNameGp=../graphsdb/mcs70/bvg/b03m/mcs70_b03m_s35.A28 fileNameGt=../graphsdb/mcs70/bvg/b03m/mcs70_b03m_s35.B28
Reading graphs...
35 :  52
35 :  52
Initializing...
maxdom : 35
D->valSize : 1225
Solving...
currentSize : 14 <-- 0.037055 s
currentSize : 15 <-- 0.037123 s
currentSize : 16 <-- 0.037659 s
currentSize : 17 <-- 0.038197 s
currentSize : 18 <-- 0.042809 s
currentSize : 19 <-- 0.044297 s
currentSize : 21 <-- 0.045208 s
currentSize : 22 <-- 0.045435 s
currentSize : 23 <-- 0.058908 s
currentSize : 24 <-- 1.016375 s
currentSize : 25 <-- 1.049764 s
currentSize : 26 <-- 102.607895 s

maxsize : 26
nodes : 5802824.000000
filtered : 210068709.000000
CCGP filtered : 118811911.000000
CCGT filtered : 58106192.000000
time : 137.933060
