Parameters: GAD=1 vflib=1 dir=0 label=0 lowerbound=1 fileNameGp=../graphsdb/mcs70/m3D/m3Dr6/mcs70_m3Dr6_s35.A73 fileNameGt=../graphsdb/mcs70/m3D/m3Dr6/mcs70_m3Dr6_s35.B73
Reading graphs...
35 :  91
35 :  88
Initializing...
maxdom : 35
D->valSize : 1225
Solving...
currentSize : 17 <-- 0.019665 s
currentSize : 18 <-- 0.019758 s
currentSize : 19 <-- 0.019960 s
currentSize : 20 <-- 0.021447 s
currentSize : 21 <-- 13.908092 s
currentSize : 22 <-- 139.423447 s
currentSize : 23 <-- 586.635437 s
currentSize : 26 <-- 586.637146 s
currentSize : 27 <-- 612.430542 s

maxsize : 27
nodes : 37888111.000000
filtered : 1167046929.000000
CCGP filtered : 57786285.000000
CCGT filtered : 54647256.000000
time : 623.828430
