Parameters: GAD=1 vflib=1 dir=0 label=0 lowerbound=1 fileNameGp=../graphsdb/mcs70/bvg/b03/mcs70_b03_s35.A77 fileNameGt=../graphsdb/mcs70/bvg/b03/mcs70_b03_s35.B77
Reading graphs...
35 :  52
35 :  52
Initializing...
maxdom : 35
D->valSize : 1225
Solving...
currentSize : 18 <-- 0.026009 s
currentSize : 19 <-- 0.026145 s
currentSize : 21 <-- 0.026205 s
currentSize : 22 <-- 0.026255 s
currentSize : 23 <-- 0.054313 s
currentSize : 24 <-- 0.094744 s
currentSize : 25 <-- 1.212077 s
currentSize : 26 <-- 1.214540 s
currentSize : 27 <-- 24.911213 s

maxsize : 27
nodes : 2030066.000000
filtered : 86287652.000000
CCGP filtered : 46565333.000000
CCGT filtered : 22403277.000000
time : 70.736946
