Parameters: GAD=1 vflib=1 dir=0 label=0 lowerbound=1 fileNameGp=../graphsdb/mcs70/bvg/b06m/mcs70_b06m_s30.A03 fileNameGt=../graphsdb/mcs70/bvg/b06m/mcs70_b06m_s30.B03
Reading graphs...
30 :  89
30 :  87
Initializing...
maxdom : 30
D->valSize : 900
Solving...
currentSize : 12 <-- 0.017797 s
currentSize : 13 <-- 0.017958 s
currentSize : 14 <-- 0.018489 s
currentSize : 15 <-- 0.044907 s
currentSize : 16 <-- 0.904961 s
currentSize : 17 <-- 0.961178 s
currentSize : 18 <-- 3.653470 s
currentSize : 19 <-- 13.246341 s
currentSize : 20 <-- 13.246638 s
currentSize : 21 <-- 13.247256 s

maxsize : 21
nodes : 1585807.000000
filtered : 51541357.000000
CCGP filtered : 1842464.000000
CCGT filtered : 2121434.000000
time : 25.273399
