Parameters: GAD=1 vflib=1 dir=0 label=0 lowerbound=1 fileNameGp=../graphsdb/mcs70/bvg/b03m/mcs70_b03m_s35.A95 fileNameGt=../graphsdb/mcs70/bvg/b03m/mcs70_b03m_s35.B95
Reading graphs...
35 :  52
35 :  52
Initializing...
maxdom : 35
D->valSize : 1225
Solving...
currentSize : 13 <-- 0.037160 s
currentSize : 14 <-- 0.037290 s
currentSize : 16 <-- 0.037330 s
currentSize : 19 <-- 0.037811 s
currentSize : 21 <-- 0.039688 s
currentSize : 22 <-- 0.039712 s
currentSize : 23 <-- 0.115098 s
currentSize : 24 <-- 0.250313 s
currentSize : 25 <-- 1.870844 s
currentSize : 26 <-- 4.419934 s

maxsize : 26
nodes : 6682456.000000
filtered : 275378905.000000
CCGP filtered : 113087756.000000
CCGT filtered : 75872304.000000
time : 279.407990
