Parameters: GAD=1 vflib=1 dir=0 label=0 lowerbound=1 fileNameGp=../graphsdb/mcs70/bvg/b09/mcs70_b09_s30.A16 fileNameGt=../graphsdb/mcs70/bvg/b09/mcs70_b09_s30.B16
Reading graphs...
30 :  134
30 :  135
Initializing...
maxdom : 30
D->valSize : 900
Solving...
currentSize : 11 <-- 0.016560 s
currentSize : 12 <-- 0.019098 s
currentSize : 13 <-- 0.023400 s
currentSize : 14 <-- 0.056691 s
currentSize : 15 <-- 0.068992 s
currentSize : 17 <-- 0.069283 s
currentSize : 18 <-- 0.090484 s
currentSize : 19 <-- 0.090599 s
currentSize : 21 <-- 0.091152 s

maxsize : 21
nodes : 640111.000000
filtered : 24454180.000000
CCGP filtered : 45511.000000
CCGT filtered : 15416.000000
time : 9.039005
