Parameters: GAD=1 vflib=1 dir=0 label=0 lowerbound=1 fileNameGp=../graphsdb/mcs70/m2D/m2Dr2/mcs70_m2Dr2_s35.A71 fileNameGt=../graphsdb/mcs70/m2D/m2Dr2/mcs70_m2Dr2_s35.B71
Reading graphs...
35 :  64
35 :  65
Initializing...
maxdom : 35
D->valSize : 1225
Solving...
currentSize : 15 <-- 0.020680 s
currentSize : 16 <-- 0.020772 s
currentSize : 17 <-- 0.021543 s
currentSize : 18 <-- 0.021604 s
currentSize : 19 <-- 0.024058 s
currentSize : 20 <-- 0.024140 s
currentSize : 21 <-- 0.048659 s
currentSize : 22 <-- 0.093274 s
currentSize : 23 <-- 1.997591 s
currentSize : 24 <-- 32.078228 s
currentSize : 25 <-- 82.561546 s

maxsize : 25
nodes : 11132673.000000
filtered : 454311603.000000
CCGP filtered : 100671758.000000
CCGT filtered : 62578506.000000
time : 349.432800
