Parameters: GAD=1 vflib=1 dir=0 label=0 lowerbound=1 fileNameGp=../graphsdb/mcs70/rand/r005/mcs70_r005_s30.A45 fileNameGt=../graphsdb/mcs70/rand/r005/mcs70_r005_s30.B45
Reading graphs...
30 :  42
30 :  41
Initializing...
maxdom : 30
D->valSize : 900
Solving...
currentSize : 9 <-- 0.019859 s
currentSize : 11 <-- 0.019975 s
currentSize : 14 <-- 0.020174 s
currentSize : 15 <-- 0.020224 s
currentSize : 16 <-- 0.021937 s
currentSize : 17 <-- 0.022087 s
currentSize : 18 <-- 0.046108 s
currentSize : 19 <-- 0.046133 s
currentSize : 20 <-- 0.047734 s
currentSize : 21 <-- 0.259374 s
currentSize : 22 <-- 5.951696 s
currentSize : 23 <-- 6.075294 s

maxsize : 23
nodes : 456442.000000
filtered : 15005553.000000
CCGP filtered : 8621544.000000
CCGT filtered : 6216670.000000
time : 12.194169
