Parameters: GAD=1 vflib=1 dir=0 label=0 lowerbound=1 fileNameGp=../graphsdb/mcs70/bvg/b03/mcs70_b03_s35.A74 fileNameGt=../graphsdb/mcs70/bvg/b03/mcs70_b03_s35.B74
Reading graphs...
35 :  52
35 :  52
Initializing...
maxdom : 35
D->valSize : 1225
Solving...
currentSize : 19 <-- 0.021470 s
currentSize : 20 <-- 0.021507 s
currentSize : 21 <-- 0.022318 s
currentSize : 22 <-- 0.023639 s
currentSize : 23 <-- 0.023795 s
currentSize : 24 <-- 0.027925 s
currentSize : 25 <-- 0.029620 s
currentSize : 26 <-- 4.428489 s
currentSize : 27 <-- 9.463858 s
currentSize : 28 <-- 16.575382 s

maxsize : 28
nodes : 674636.000000
filtered : 34155094.000000
CCGP filtered : 12032370.000000
CCGT filtered : 5772693.000000
time : 46.565903
