Parameters: GAD=1 vflib=1 dir=0 label=0 lowerbound=1 fileNameGp=../graphsdb/mcs70/bvg/b03/mcs70_b03_s35.A78 fileNameGt=../graphsdb/mcs70/bvg/b03/mcs70_b03_s35.B78
Reading graphs...
35 :  52
35 :  52
Initializing...
maxdom : 35
D->valSize : 1225
Solving...
currentSize : 19 <-- 0.021738 s
currentSize : 20 <-- 0.021925 s
currentSize : 21 <-- 0.022233 s
currentSize : 22 <-- 0.024197 s
currentSize : 23 <-- 0.024592 s
currentSize : 24 <-- 0.029611 s
currentSize : 25 <-- 2.491626 s
currentSize : 26 <-- 6.022864 s
currentSize : 27 <-- 12.463539 s
currentSize : 28 <-- 12.463672 s

maxsize : 28
nodes : 1009432.000000
filtered : 44173936.000000
CCGP filtered : 28394739.000000
CCGT filtered : 10999785.000000
time : 46.823170
