Parameters: GAD=1 vflib=1 dir=0 label=0 lowerbound=1 fileNameGp=../graphsdb/mcs70/bvg/b03/mcs70_b03_s35.A49 fileNameGt=../graphsdb/mcs70/bvg/b03/mcs70_b03_s35.B49
Reading graphs...
35 :  52
35 :  52
Initializing...
maxdom : 35
D->valSize : 1225
Solving...
currentSize : 15 <-- 0.021397 s
currentSize : 16 <-- 0.021546 s
currentSize : 17 <-- 0.021578 s
currentSize : 19 <-- 0.021833 s
currentSize : 20 <-- 0.023456 s
currentSize : 21 <-- 0.045700 s
currentSize : 22 <-- 0.056470 s
currentSize : 23 <-- 0.228646 s
currentSize : 24 <-- 1.171015 s
currentSize : 25 <-- 5.104977 s
currentSize : 26 <-- 17.856283 s
currentSize : 27 <-- 19.432213 s
currentSize : 29 <-- 35.372673 s

maxsize : 29
nodes : 1215305.000000
filtered : 45309242.000000
CCGP filtered : 22832202.000000
CCGT filtered : 15285427.000000
time : 44.811119
