Parameters: GAD=1 vflib=1 dir=0 label=0 lowerbound=1 fileNameGp=../graphsdb/mcs70/rand/r005/mcs70_r005_s30.A19 fileNameGt=../graphsdb/mcs70/rand/r005/mcs70_r005_s30.B19
Reading graphs...
30 :  42
30 :  42
Initializing...
maxdom : 30
D->valSize : 900
Solving...
currentSize : 13 <-- 0.011111 s
currentSize : 14 <-- 0.011228 s
currentSize : 15 <-- 0.011265 s
currentSize : 16 <-- 0.011300 s
currentSize : 17 <-- 0.014974 s
currentSize : 18 <-- 0.052922 s
currentSize : 19 <-- 0.125194 s
currentSize : 20 <-- 0.212884 s
currentSize : 21 <-- 0.243217 s
currentSize : 23 <-- 1.171442 s

maxsize : 23
nodes : 200816.000000
filtered : 6634815.000000
CCGP filtered : 3695871.000000
CCGT filtered : 3497399.000000
time : 5.678720
