Parameters: GAD=1 vflib=1 dir=0 label=0 lowerbound=1 fileNameGp=../graphsdb/mcs70/rand/r01/mcs70_r01_s30.A78 fileNameGt=../graphsdb/mcs70/rand/r01/mcs70_r01_s30.B78
Reading graphs...
30 :  83
30 :  81
Initializing...
maxdom : 30
D->valSize : 900
Solving...
currentSize : 9 <-- 0.010371 s
currentSize : 11 <-- 0.010413 s
currentSize : 13 <-- 0.010476 s
currentSize : 14 <-- 0.011447 s
currentSize : 15 <-- 0.011654 s
currentSize : 16 <-- 0.017078 s
currentSize : 17 <-- 0.279778 s
currentSize : 18 <-- 3.024429 s
currentSize : 19 <-- 33.492798 s
currentSize : 21 <-- 34.738029 s

maxsize : 21
nodes : 4325334.000000
filtered : 124361496.000000
CCGP filtered : 4543263.000000
CCGT filtered : 2747736.000000
time : 54.431370
