Parameters: GAD=1 vflib=1 dir=0 label=0 lowerbound=1 fileNameGp=../graphsdb/mcs70/bvg/b09/mcs70_b09_s35.A50 fileNameGt=../graphsdb/mcs70/bvg/b09/mcs70_b09_s35.B50
Reading graphs...
35 :  157
35 :  156
Initializing...
maxdom : 35
D->valSize : 1225
Solving...
currentSize : 12 <-- 0.017856 s
currentSize : 13 <-- 0.018245 s
currentSize : 14 <-- 0.026896 s
currentSize : 15 <-- 0.050753 s
currentSize : 16 <-- 0.087663 s
currentSize : 17 <-- 0.667465 s
currentSize : 18 <-- 2.096255 s
currentSize : 19 <-- 2.120947 s
currentSize : 20 <-- 2.220298 s
currentSize : 22 <-- 2.345247 s
currentSize : 24 <-- 2.345473 s
currentSize : 25 <-- 13.419038 s

maxsize : 25
nodes : 2404982.000000
filtered : 103840199.000000
CCGP filtered : 523882.000000
CCGT filtered : 135718.000000
time : 39.757458
