Parameters: GAD=1 vflib=1 dir=0 label=0 lowerbound=1 fileNameGp=../graphsdb/mcs70/rand/r005/mcs70_r005_s30.A15 fileNameGt=../graphsdb/mcs70/rand/r005/mcs70_r005_s30.B15
Reading graphs...
30 :  42
30 :  42
Initializing...
maxdom : 30
D->valSize : 900
Solving...
currentSize : 14 <-- 0.011173 s
currentSize : 15 <-- 0.013838 s
currentSize : 16 <-- 0.017212 s
currentSize : 17 <-- 0.033824 s
currentSize : 18 <-- 0.034091 s
currentSize : 19 <-- 0.368604 s
currentSize : 20 <-- 1.178202 s
currentSize : 21 <-- 3.615000 s
currentSize : 22 <-- 4.504734 s

maxsize : 22
nodes : 630333.000000
filtered : 17968556.000000
CCGP filtered : 11179889.000000
CCGT filtered : 6281628.000000
time : 12.630877
