Parameters: GAD=1 vflib=1 dir=0 label=0 lowerbound=1 fileNameGp=../graphsdb/mcs70/bvg/b09m/mcs70_b09m_s30.A42 fileNameGt=../graphsdb/mcs70/bvg/b09m/mcs70_b09m_s30.B42
Reading graphs...
30 :  128
30 :  125
Initializing...
maxdom : 30
D->valSize : 900
Solving...
currentSize : 10 <-- 0.009605 s
currentSize : 11 <-- 0.010136 s
currentSize : 12 <-- 0.011651 s
currentSize : 13 <-- 0.027473 s
currentSize : 14 <-- 0.096972 s
currentSize : 15 <-- 7.927248 s
currentSize : 18 <-- 65.113945 s
currentSize : 19 <-- 65.114182 s
currentSize : 20 <-- 65.114304 s

maxsize : 20
nodes : 6690690.000000
filtered : 122020928.000000
CCGP filtered : 2020534.000000
CCGT filtered : 3857247.000000
time : 76.027779
