Parameters: GAD=1 vflib=1 dir=0 label=0 lowerbound=1 fileNameGp=../graphsdb/mcs70/rand/r005/mcs70_r005_s20.A17 fileNameGt=../graphsdb/mcs70/rand/r005/mcs70_r005_s20.B17
Reading graphs...
20 :  23
20 :  22
Initializing...
maxdom : 20
D->valSize : 400
Solving...
currentSize : 3 <-- 0.004056 s
currentSize : 5 <-- 0.004140 s
currentSize : 7 <-- 0.004190 s
currentSize : 9 <-- 0.004290 s
currentSize : 11 <-- 0.004416 s
currentSize : 12 <-- 0.005442 s
currentSize : 13 <-- 0.005563 s
currentSize : 14 <-- 0.005818 s
currentSize : 15 <-- 0.006096 s

maxsize : 15
nodes : 2251.000000
filtered : 56207.000000
CCGP filtered : 53083.000000
CCGT filtered : 37407.000000
time : 0.035238
