Parameters: GAD=1 vflib=1 dir=0 label=0 lowerbound=1 fileNameGp=../graphsdb/mcs70/m3D/m3Dr2/mcs70_m3Dr2_s35.A47 fileNameGt=../graphsdb/mcs70/m3D/m3Dr2/mcs70_m3Dr2_s35.B47
Reading graphs...
35 :  79
35 :  79
Initializing...
maxdom : 35
D->valSize : 1225
Solving...
currentSize : 17 <-- 0.035409 s
currentSize : 18 <-- 0.035500 s
currentSize : 19 <-- 0.037220 s
currentSize : 20 <-- 0.037373 s
currentSize : 21 <-- 0.176549 s
currentSize : 22 <-- 0.742576 s
currentSize : 23 <-- 153.997040 s
currentSize : 24 <-- 343.867676 s
currentSize : 27 <-- 873.957764 s

maxsize : 27
nodes : 54831375.000000
filtered : 1748259266.000000
CCGP filtered : 87258059.000000
CCGT filtered : 42375831.000000
time : 905.879395
