Parameters: GAD=1 vflib=1 dir=0 label=0 lowerbound=1 fileNameGp=../graphsdb/mcs70/bvg/b03m/mcs70_b03m_s30.A41 fileNameGt=../graphsdb/mcs70/bvg/b03m/mcs70_b03m_s30.B41
Reading graphs...
30 :  44
30 :  45
Initializing...
maxdom : 30
D->valSize : 900
Solving...
currentSize : 15 <-- 0.011124 s
currentSize : 16 <-- 0.011204 s
currentSize : 17 <-- 0.012727 s
currentSize : 18 <-- 0.020750 s
currentSize : 19 <-- 0.043755 s
currentSize : 20 <-- 0.346363 s
currentSize : 21 <-- 0.688910 s
currentSize : 22 <-- 0.772393 s
currentSize : 23 <-- 2.147003 s

maxsize : 23
nodes : 190659.000000
filtered : 5749516.000000
CCGP filtered : 4809123.000000
CCGT filtered : 1024331.000000
time : 5.047228
