Parameters: GAD=1 vflib=1 dir=0 label=0 lowerbound=1 fileNameGp=../graphsdb/mcs70/m2D/m2Dr6/m2Dr6/mcs70_m2Dr6_s35.A39 fileNameGt=../graphsdb/mcs70/m2D/m2Dr6/m2Dr6/mcs70_m2Dr6_s35.B39
Reading graphs...
35 :  77
35 :  77
Initializing...
maxdom : 35
D->valSize : 1225
Solving...
currentSize : 16 <-- 0.020362 s
currentSize : 17 <-- 0.020514 s
currentSize : 18 <-- 0.020814 s
currentSize : 19 <-- 0.038051 s
currentSize : 20 <-- 0.101181 s
currentSize : 21 <-- 1.858326 s
currentSize : 22 <-- 11.134614 s
currentSize : 23 <-- 185.457443 s
currentSize : 24 <-- 216.490646 s
currentSize : 25 <-- 223.323837 s

maxsize : 25
nodes : 18661522.000000
filtered : 679471046.000000
CCGP filtered : 62197059.000000
CCGT filtered : 36918915.000000
time : 413.493591
