Parameters: GAD=1 vflib=1 dir=0 label=0 lowerbound=1 fileNameGp=../graphsdb/mcs70/m3D/m3Dr2/mcs70_m3Dr2_s35.A65 fileNameGt=../graphsdb/mcs70/m3D/m3Dr2/mcs70_m3Dr2_s35.B65
Reading graphs...
35 :  76
35 :  78
Initializing...
maxdom : 35
D->valSize : 1225
Solving...
currentSize : 17 <-- 0.035366 s
currentSize : 18 <-- 0.035587 s
currentSize : 19 <-- 0.047885 s
currentSize : 20 <-- 0.232751 s
currentSize : 21 <-- 8.772519 s
currentSize : 22 <-- 19.585855 s
currentSize : 23 <-- 117.837845 s
currentSize : 24 <-- 126.687752 s
currentSize : 25 <-- 128.762512 s
currentSize : 26 <-- 130.770966 s
currentSize : 27 <-- 130.774002 s

maxsize : 27
nodes : 10092766.000000
filtered : 303846316.000000
CCGP filtered : 20665154.000000
CCGT filtered : 10500877.000000
time : 181.789276
