Parameters: GAD=1 vflib=1 dir=0 label=0 lowerbound=1 fileNameGp=../graphsdb/mcs70/rand/r005/mcs70_r005_s25.A69 fileNameGt=../graphsdb/mcs70/rand/r005/mcs70_r005_s25.B69
Reading graphs...
25 :  32
25 :  33
Initializing...
maxdom : 25
D->valSize : 625
Solving...
currentSize : 11 <-- 0.009733 s
currentSize : 13 <-- 0.009792 s
currentSize : 14 <-- 0.012847 s
currentSize : 15 <-- 0.013007 s
currentSize : 16 <-- 0.025618 s
currentSize : 17 <-- 0.032869 s
currentSize : 18 <-- 0.057526 s
currentSize : 19 <-- 0.098125 s
currentSize : 20 <-- 0.220802 s

maxsize : 20
nodes : 28845.000000
filtered : 705242.000000
CCGP filtered : 324132.000000
CCGT filtered : 159552.000000
time : 0.447316
