Parameters: GAD=1 vflib=1 dir=0 label=0 lowerbound=1 fileNameGp=../graphsdb/mcs70/m2D/m2Dr4/mcs70_m2Dr4_s35.A05 fileNameGt=../graphsdb/mcs70/m2D/m2Dr4/mcs70_m2Dr4_s35.B05
Reading graphs...
35 :  71
35 :  70
Initializing...
maxdom : 35
D->valSize : 1225
Solving...
currentSize : 15 <-- 0.020387 s
currentSize : 16 <-- 0.020510 s
currentSize : 17 <-- 0.020603 s
currentSize : 18 <-- 0.020895 s
currentSize : 20 <-- 0.021015 s
currentSize : 21 <-- 0.022240 s
currentSize : 22 <-- 1.364262 s
currentSize : 23 <-- 3.476535 s
currentSize : 25 <-- 105.965584 s
currentSize : 26 <-- 524.076355 s

maxsize : 26
nodes : 31293529.000000
filtered : 1171610328.000000
CCGP filtered : 69315512.000000
CCGT filtered : 57165957.000000
time : 589.226318
