Parameters: GAD=1 vflib=1 dir=0 label=0 lowerbound=1 fileNameGp=../graphsdb/mcs70/rand/r01/mcs70_r01_s35.A77 fileNameGt=../graphsdb/mcs70/rand/r01/mcs70_r01_s35.B77
Reading graphs...
35 :  110
35 :  111
Initializing...
maxdom : 35
D->valSize : 1225
Solving...
currentSize : 12 <-- 0.023924 s
currentSize : 13 <-- 0.024085 s
currentSize : 14 <-- 0.024742 s
currentSize : 15 <-- 0.026106 s
currentSize : 16 <-- 0.028863 s
currentSize : 17 <-- 0.033066 s
currentSize : 18 <-- 0.075706 s
currentSize : 19 <-- 0.187601 s
currentSize : 20 <-- 86.364899 s
currentSize : 21 <-- 730.543945 s
currentSize : 22 <-- 1275.895508 s
currentSize : 24 <-- 1450.355957 s

maxsize : 24
nodes : 95104787.000000
filtered : 2875510265.000000
CCGP filtered : 98486011.000000
CCGT filtered : 105869685.000000
time : 1491.834106
