Parameters: GAD=1 vflib=1 dir=0 label=0 lowerbound=1 fileNameGp=../graphsdb/mcs70/m2D/m2D/mcs70_m2D_s35.A75 fileNameGt=../graphsdb/mcs70/m2D/m2D/mcs70_m2D_s35.B75
Reading graphs...
35 :  58
35 :  57
Initializing...
maxdom : 35
D->valSize : 1225
Solving...
currentSize : 16 <-- 0.020857 s
currentSize : 17 <-- 0.020895 s
currentSize : 18 <-- 0.021136 s
currentSize : 19 <-- 0.021282 s
currentSize : 20 <-- 0.021372 s
currentSize : 21 <-- 0.022218 s
currentSize : 22 <-- 0.024524 s
currentSize : 23 <-- 0.032502 s
currentSize : 24 <-- 0.054550 s
currentSize : 25 <-- 2.063429 s
currentSize : 26 <-- 25.369648 s
currentSize : 27 <-- 27.318661 s

maxsize : 27
nodes : 2339184.000000
filtered : 108433723.000000
CCGP filtered : 25967682.000000
CCGT filtered : 11993419.000000
time : 96.707474
