Parameters: GAD=1 vflib=1 dir=0 label=0 lowerbound=1 fileNameGp=../graphsdb/mcs70/bvg/b03/mcs70_b03_s35.A04 fileNameGt=../graphsdb/mcs70/bvg/b03/mcs70_b03_s35.B04
Reading graphs...
35 :  52
35 :  52
Initializing...
maxdom : 35
D->valSize : 1225
Solving...
currentSize : 13 <-- 0.021930 s
currentSize : 15 <-- 0.021980 s
currentSize : 22 <-- 0.022025 s
currentSize : 23 <-- 0.022212 s
currentSize : 24 <-- 0.024543 s
currentSize : 25 <-- 0.036796 s
currentSize : 26 <-- 0.135729 s
currentSize : 27 <-- 1.199703 s
currentSize : 28 <-- 1.259730 s

maxsize : 28
nodes : 639359.000000
filtered : 36120431.000000
CCGP filtered : 10472566.000000
CCGT filtered : 3115245.000000
time : 46.684910
