Parameters: GAD=1 vflib=1 dir=0 label=0 lowerbound=1 fileNameGp=../graphsdb/mcs70/m2D/m2Dr4/mcs70_m2Dr4_s35.A66 fileNameGt=../graphsdb/mcs70/m2D/m2Dr4/mcs70_m2Dr4_s35.B66
Reading graphs...
35 :  69
35 :  68
Initializing...
maxdom : 35
D->valSize : 1225
Solving...
currentSize : 10 <-- 0.020681 s
currentSize : 13 <-- 0.020794 s
currentSize : 14 <-- 0.021173 s
currentSize : 15 <-- 0.021520 s
currentSize : 16 <-- 0.024520 s
currentSize : 17 <-- 0.025636 s
currentSize : 18 <-- 0.033564 s
currentSize : 19 <-- 0.040672 s
currentSize : 20 <-- 0.081291 s
currentSize : 21 <-- 0.653887 s
currentSize : 22 <-- 5.045130 s
currentSize : 23 <-- 77.262131 s
currentSize : 24 <-- 104.404861 s
currentSize : 25 <-- 402.518585 s

maxsize : 25
nodes : 22629570.000000
filtered : 826163370.000000
CCGP filtered : 108509849.000000
CCGT filtered : 91512340.000000
time : 481.111694
