Parameters: GAD=1 vflib=1 dir=0 label=0 lowerbound=1 fileNameGp=../graphsdb/mcs70/rand/r02/mcs70_r02_s35.A27 fileNameGt=../graphsdb/mcs70/rand/r02/mcs70_r02_s35.B27
Reading graphs...
35 :  219
35 :  215
Initializing...
maxdom : 35
D->valSize : 1225
Solving...
currentSize : 10 <-- 0.017157 s
currentSize : 11 <-- 0.017302 s
currentSize : 12 <-- 0.017497 s
currentSize : 13 <-- 0.028535 s
currentSize : 14 <-- 1.278967 s
currentSize : 15 <-- 23.846737 s
currentSize : 16 <-- 239.177017 s
currentSize : 17 <-- 693.019897 s
currentSize : 18 <-- 699.488708 s
currentSize : 24 <-- 700.538696 s

maxsize : 24
nodes : 57495367.000000
filtered : 928414867.000000
CCGP filtered : 668490.000000
CCGT filtered : 2204152.000000
time : 727.345581
