Parameters: GAD=1 vflib=1 dir=0 label=0 lowerbound=1 fileNameGp=../graphsdb/mcs70/m3D/m3Dr2/mcs70_m3Dr2_s35.A27 fileNameGt=../graphsdb/mcs70/m3D/m3Dr2/mcs70_m3Dr2_s35.B27
Reading graphs...
35 :  79
35 :  79
Initializing...
maxdom : 35
D->valSize : 1225
Solving...
currentSize : 13 <-- 0.035970 s
currentSize : 14 <-- 0.036279 s
currentSize : 16 <-- 0.036492 s
currentSize : 17 <-- 0.038906 s
currentSize : 18 <-- 0.040399 s
currentSize : 19 <-- 0.106670 s
currentSize : 20 <-- 0.281119 s
currentSize : 21 <-- 1.934905 s
currentSize : 22 <-- 11.592294 s
currentSize : 23 <-- 1227.922607 s
currentSize : 24 <-- 1530.688110 s
currentSize : 27 <-- 1535.661621 s

maxsize : 27
nodes : 99149928.000000
filtered : 2764859478.000000
CCGP filtered : 169984478.000000
CCGT filtered : 151539375.000000
time : 1582.045898
