Parameters: GAD=1 vflib=1 dir=0 label=0 lowerbound=1 fileNameGp=../graphsdb/mcs70/m2D/m2Dr6/m2Dr6/mcs70_m2Dr6_s35.A47 fileNameGt=../graphsdb/mcs70/m2D/m2Dr6/m2Dr6/mcs70_m2Dr6_s35.B47
Reading graphs...
35 :  79
35 :  78
Initializing...
maxdom : 35
D->valSize : 1225
Solving...
currentSize : 16 <-- 0.020523 s
currentSize : 17 <-- 0.021010 s
currentSize : 18 <-- 0.021533 s
currentSize : 19 <-- 0.038697 s
currentSize : 20 <-- 0.065374 s
currentSize : 21 <-- 0.202015 s
currentSize : 22 <-- 11.196951 s
currentSize : 23 <-- 74.902412 s
currentSize : 24 <-- 114.699600 s
currentSize : 25 <-- 270.619232 s
currentSize : 26 <-- 270.619263 s

maxsize : 26
nodes : 14325574.000000
filtered : 517767711.000000
CCGP filtered : 36962863.000000
CCGT filtered : 25790417.000000
time : 296.805634
