Parameters: GAD=1 vflib=1 dir=0 label=0 lowerbound=1 fileNameGp=../graphsdb/mcs70/m2D/m2Dr4/mcs70_m2Dr4_s35.A44 fileNameGt=../graphsdb/mcs70/m2D/m2Dr4/mcs70_m2Dr4_s35.B44
Reading graphs...
35 :  72
35 :  69
Initializing...
maxdom : 35
D->valSize : 1225
Solving...
currentSize : 16 <-- 0.020370 s
currentSize : 17 <-- 0.020492 s
currentSize : 18 <-- 0.020755 s
currentSize : 20 <-- 0.021124 s
currentSize : 21 <-- 0.265154 s
currentSize : 22 <-- 3.336106 s
currentSize : 23 <-- 89.166466 s
currentSize : 24 <-- 112.749138 s
currentSize : 25 <-- 151.623978 s
currentSize : 26 <-- 208.641891 s

maxsize : 26
nodes : 11918480.000000
filtered : 439331817.000000
CCGP filtered : 55765292.000000
CCGT filtered : 37267614.000000
time : 254.908997
