Parameters: GAD=1 vflib=1 dir=0 label=0 lowerbound=1 fileNameGp=../graphsdb/mcs70/rand/r01/mcs70_r01_s35.A48 fileNameGt=../graphsdb/mcs70/rand/r01/mcs70_r01_s35.B48
Reading graphs...
35 :  115
35 :  113
Initializing...
maxdom : 35
D->valSize : 1225
Solving...
currentSize : 14 <-- 0.020573 s
currentSize : 15 <-- 0.021469 s
currentSize : 16 <-- 0.040022 s
currentSize : 17 <-- 0.090221 s
currentSize : 18 <-- 6.065750 s
currentSize : 19 <-- 12.740270 s
currentSize : 20 <-- 144.459015 s
currentSize : 21 <-- 1967.205322 s
currentSize : 23 <-- 1967.221680 s
currentSize : 24 <-- 1967.520630 s

maxsize : 24
nodes : 127681410.000000
filtered : 3669948407.000000
CCGP filtered : 98476373.000000
CCGT filtered : 151445646.000000
time : 2030.732666
