Parameters: GAD=1 vflib=1 dir=0 label=0 lowerbound=1 fileNameGp=../graphsdb/mcs70/rand/r005/mcs70_r005_s20.A18 fileNameGt=../graphsdb/mcs70/rand/r005/mcs70_r005_s20.B18
Reading graphs...
20 :  23
20 :  22
Initializing...
maxdom : 20
D->valSize : 400
Solving...
currentSize : 5 <-- 0.002300 s
currentSize : 8 <-- 0.002356 s
currentSize : 9 <-- 0.002423 s
currentSize : 10 <-- 0.002498 s
currentSize : 11 <-- 0.003259 s
currentSize : 12 <-- 0.003275 s
currentSize : 13 <-- 0.007165 s
currentSize : 14 <-- 0.007324 s
currentSize : 15 <-- 0.025553 s

maxsize : 15
nodes : 6232.000000
filtered : 111984.000000
CCGP filtered : 86523.000000
CCGT filtered : 37439.000000
time : 0.071204
