Parameters: GAD=1 vflib=1 dir=0 label=0 lowerbound=1 fileNameGp=../graphsdb/mcs70/rand/r01/mcs70_r01_s35.A85 fileNameGt=../graphsdb/mcs70/rand/r01/mcs70_r01_s35.B85
Reading graphs...
35 :  115
35 :  112
Initializing...
maxdom : 35
D->valSize : 1225
Solving...
currentSize : 13 <-- 0.033821 s
currentSize : 14 <-- 0.033907 s
currentSize : 15 <-- 0.034140 s
currentSize : 16 <-- 0.035310 s
currentSize : 17 <-- 0.040325 s
currentSize : 18 <-- 0.190070 s
currentSize : 19 <-- 2.894928 s
currentSize : 20 <-- 255.092194 s
currentSize : 21 <-- 363.979156 s
currentSize : 24 <-- 1391.650146 s

maxsize : 24
nodes : 91441750.000000
filtered : 2949968946.000000
CCGP filtered : 72351990.000000
CCGT filtered : 44617030.000000
time : 1448.377686
