Parameters: GAD=1 vflib=1 dir=0 label=0 lowerbound=1 fileNameGp=../graphsdb/mcs70/m2D/m2D/mcs70_m2D_s35.A72 fileNameGt=../graphsdb/mcs70/m2D/m2D/mcs70_m2D_s35.B72
Reading graphs...
35 :  58
35 :  58
Initializing...
maxdom : 35
D->valSize : 1225
Solving...
currentSize : 15 <-- 0.020780 s
currentSize : 18 <-- 0.020859 s
currentSize : 19 <-- 0.021134 s
currentSize : 20 <-- 0.021290 s
currentSize : 21 <-- 0.044958 s
currentSize : 22 <-- 0.046054 s
currentSize : 23 <-- 0.111566 s
currentSize : 24 <-- 4.305002 s
currentSize : 25 <-- 5.965055 s
currentSize : 26 <-- 7.415555 s

maxsize : 26
nodes : 3841525.000000
filtered : 173370068.000000
CCGP filtered : 41242188.000000
CCGT filtered : 26689120.000000
time : 134.265701
