Parameters: GAD=1 vflib=1 dir=0 label=0 lowerbound=1 fileNameGp=../graphsdb/mcs70/bvg/b03m/mcs70_b03m_s35.A26 fileNameGt=../graphsdb/mcs70/bvg/b03m/mcs70_b03m_s35.B26
Reading graphs...
35 :  52
35 :  52
Initializing...
maxdom : 35
D->valSize : 1225
Solving...
currentSize : 16 <-- 0.021025 s
currentSize : 17 <-- 0.021157 s
currentSize : 18 <-- 0.060642 s
currentSize : 19 <-- 0.065742 s
currentSize : 20 <-- 0.115412 s
currentSize : 21 <-- 0.211602 s
currentSize : 22 <-- 0.245665 s
currentSize : 23 <-- 0.252512 s
currentSize : 24 <-- 0.354339 s
currentSize : 25 <-- 57.104111 s
currentSize : 26 <-- 57.104248 s

maxsize : 26
nodes : 3947650.000000
filtered : 131883061.000000
CCGP filtered : 72174466.000000
CCGT filtered : 39263726.000000
time : 98.200119
