Parameters: GAD=1 vflib=1 dir=0 label=0 lowerbound=1 fileNameGp=../graphsdb/mcs70/m2D/m2Dr4/mcs70_m2Dr4_s35.A04 fileNameGt=../graphsdb/mcs70/m2D/m2Dr4/mcs70_m2Dr4_s35.B04
Reading graphs...
35 :  71
35 :  71
Initializing...
maxdom : 35
D->valSize : 1225
Solving...
currentSize : 18 <-- 0.020461 s
currentSize : 19 <-- 0.030054 s
currentSize : 20 <-- 0.040819 s
currentSize : 21 <-- 0.100474 s
currentSize : 22 <-- 5.506913 s
currentSize : 23 <-- 17.798248 s
currentSize : 24 <-- 49.497585 s
currentSize : 25 <-- 49.498123 s
currentSize : 26 <-- 176.893784 s

maxsize : 26
nodes : 10953380.000000
filtered : 454625597.000000
CCGP filtered : 38751787.000000
CCGT filtered : 27667757.000000
time : 234.755814
