Parameters: GAD=1 vflib=1 dir=0 label=0 lowerbound=1 fileNameGp=../graphsdb/mcs70/m3D/m3Dr6/mcs70_m3Dr6_s35.A16 fileNameGt=../graphsdb/mcs70/m3D/m3Dr6/mcs70_m3Dr6_s35.B16
Reading graphs...
35 :  86
35 :  89
Initializing...
maxdom : 35
D->valSize : 1225
Solving...
currentSize : 16 <-- 0.035045 s
currentSize : 18 <-- 0.035518 s
currentSize : 19 <-- 0.046929 s
currentSize : 20 <-- 0.977547 s
currentSize : 21 <-- 3.429066 s
currentSize : 22 <-- 464.357849 s
currentSize : 24 <-- 785.722473 s
currentSize : 25 <-- 787.937683 s
currentSize : 27 <-- 787.981873 s

maxsize : 27
nodes : 52706703.000000
filtered : 1504276646.000000
CCGP filtered : 87688210.000000
CCGT filtered : 95743515.000000
time : 802.279541
