Parameters: GAD=1 vflib=1 dir=0 label=0 lowerbound=1 fileNameGp=../graphsdb/mcs70/rand/r02/mcs70_r02_s30.A68 fileNameGt=../graphsdb/mcs70/rand/r02/mcs70_r02_s30.B68
Reading graphs...
30 :  162
30 :  160
Initializing...
maxdom : 30
D->valSize : 900
Solving...
currentSize : 9 <-- 0.009404 s
currentSize : 10 <-- 0.009478 s
currentSize : 11 <-- 0.009646 s
currentSize : 12 <-- 0.018910 s
currentSize : 13 <-- 0.065353 s
currentSize : 15 <-- 2.422262 s
currentSize : 16 <-- 16.638866 s
currentSize : 17 <-- 85.191467 s
currentSize : 18 <-- 85.228539 s
currentSize : 21 <-- 85.237755 s

maxsize : 21
nodes : 7900697.000000
filtered : 137753758.000000
CCGP filtered : 42445.000000
CCGT filtered : 336102.000000
time : 90.400307
