Parameters: GAD=1 vflib=1 dir=0 label=0 lowerbound=1 fileNameGp=../graphsdb/mcs70/m3D/m3Dr4/mcs70_m3Dr4_s35.A60 fileNameGt=../graphsdb/mcs70/m3D/m3Dr4/mcs70_m3Dr4_s35.B60
Reading graphs...
35 :  86
35 :  84
Initializing...
maxdom : 35
D->valSize : 1225
Solving...
currentSize : 14 <-- 0.019908 s
currentSize : 15 <-- 0.019974 s
currentSize : 16 <-- 0.020020 s
currentSize : 17 <-- 0.020795 s
currentSize : 18 <-- 0.029985 s
currentSize : 19 <-- 0.056848 s
currentSize : 20 <-- 0.771009 s
currentSize : 21 <-- 0.788233 s
currentSize : 22 <-- 56.313831 s
currentSize : 24 <-- 120.630905 s
currentSize : 27 <-- 121.441849 s

maxsize : 27
nodes : 8649243.000000
filtered : 276705315.000000
CCGP filtered : 20627325.000000
CCGT filtered : 15354345.000000
time : 140.831177
