Parameters: GAD=1 vflib=1 dir=0 label=0 lowerbound=1 fileNameGp=../graphsdb/mcs70/bvg/b06m/mcs70_b06m_s30.A17 fileNameGt=../graphsdb/mcs70/bvg/b06m/mcs70_b06m_s30.B17
Reading graphs...
30 :  86
30 :  87
Initializing...
maxdom : 30
D->valSize : 900
Solving...
currentSize : 12 <-- 0.018014 s
currentSize : 13 <-- 0.018330 s
currentSize : 14 <-- 0.018760 s
currentSize : 15 <-- 0.065936 s
currentSize : 16 <-- 0.108997 s
currentSize : 17 <-- 3.098596 s
currentSize : 18 <-- 17.629852 s
currentSize : 19 <-- 36.812164 s
currentSize : 22 <-- 36.812241 s

maxsize : 22
nodes : 2757108.000000
filtered : 77219745.000000
CCGP filtered : 6411405.000000
CCGT filtered : 4746868.000000
time : 40.290382
