Parameters: GAD=1 vflib=1 dir=0 label=0 lowerbound=1 fileNameGp=../graphsdb/mcs70/m2D/m2Dr6/m2Dr6/mcs70_m2Dr6_s35.A71 fileNameGt=../graphsdb/mcs70/m2D/m2Dr6/m2Dr6/mcs70_m2Dr6_s35.B71
Reading graphs...
35 :  79
35 :  75
Initializing...
maxdom : 35
D->valSize : 1225
Solving...
currentSize : 16 <-- 0.019972 s
currentSize : 17 <-- 0.020303 s
currentSize : 18 <-- 0.030378 s
currentSize : 19 <-- 0.038412 s
currentSize : 20 <-- 0.499011 s
currentSize : 21 <-- 0.723220 s
currentSize : 22 <-- 40.865498 s
currentSize : 23 <-- 627.942139 s
currentSize : 25 <-- 1045.777832 s

maxsize : 25
nodes : 64663129.000000
filtered : 2185651306.000000
CCGP filtered : 201755341.000000
CCGT filtered : 162046115.000000
time : 1170.190796
