Parameters: GAD=1 vflib=1 dir=0 label=0 lowerbound=1 fileNameGp=../graphsdb/mcs70/rand/r01/mcs70_r01_s35.A97 fileNameGt=../graphsdb/mcs70/rand/r01/mcs70_r01_s35.B97
Reading graphs...
35 :  115
35 :  114
Initializing...
maxdom : 35
D->valSize : 1225
Solving...
currentSize : 12 <-- 0.019048 s
currentSize : 13 <-- 0.019246 s
currentSize : 14 <-- 0.019339 s
currentSize : 15 <-- 0.021354 s
currentSize : 16 <-- 0.022826 s
currentSize : 17 <-- 0.188801 s
currentSize : 18 <-- 3.692762 s
currentSize : 19 <-- 37.298447 s
currentSize : 20 <-- 760.396606 s
currentSize : 21 <-- 774.545593 s
currentSize : 24 <-- 774.545715 s

maxsize : 24
nodes : 67544543.000000
filtered : 1666914865.000000
CCGP filtered : 40332553.000000
CCGT filtered : 47501442.000000
time : 928.881836
