Parameters: GAD=1 vflib=1 dir=0 label=0 lowerbound=1 fileNameGp=../graphsdb/mcs70/rand/r02/mcs70_r02_s35.A94 fileNameGt=../graphsdb/mcs70/rand/r02/mcs70_r02_s35.B94
Reading graphs...
35 :  212
35 :  210
Initializing...
maxdom : 35
D->valSize : 1225
Solving...
currentSize : 9 <-- 0.017494 s
currentSize : 10 <-- 0.017541 s
currentSize : 11 <-- 0.017640 s
currentSize : 12 <-- 0.018049 s
currentSize : 13 <-- 0.032710 s
currentSize : 14 <-- 0.119920 s
currentSize : 15 <-- 69.662498 s
currentSize : 18 <-- 106.952080 s
currentSize : 19 <-- 592.034058 s
currentSize : 24 <-- 592.044189 s

maxsize : 24
nodes : 47362141.000000
filtered : 894371735.000000
CCGP filtered : 204494.000000
CCGT filtered : 718153.000000
time : 636.923157
