Parameters: GAD=1 vflib=1 dir=0 label=0 lowerbound=1 fileNameGp=../graphsdb/mcs70/bvg/b09/mcs70_b09_s35.A97 fileNameGt=../graphsdb/mcs70/bvg/b09/mcs70_b09_s35.B97
Reading graphs...
35 :  154
35 :  154
Initializing...
maxdom : 35
D->valSize : 1225
Solving...
currentSize : 11 <-- 0.031238 s
currentSize : 12 <-- 0.031292 s
currentSize : 13 <-- 0.031779 s
currentSize : 14 <-- 0.032111 s
currentSize : 15 <-- 0.033136 s
currentSize : 16 <-- 0.037862 s
currentSize : 17 <-- 0.049474 s
currentSize : 18 <-- 0.385842 s
currentSize : 19 <-- 0.676787 s
currentSize : 20 <-- 2.364322 s
currentSize : 21 <-- 3.586468 s
currentSize : 22 <-- 3.586882 s
currentSize : 23 <-- 3.587057 s
currentSize : 24 <-- 3.589220 s
currentSize : 25 <-- 4.924075 s

maxsize : 25
nodes : 2061934.000000
filtered : 91878834.000000
CCGP filtered : 176619.000000
CCGT filtered : 412011.000000
time : 34.615711
