Parameters: GAD=1 vflib=1 dir=0 label=0 lowerbound=1 fileNameGp=../graphsdb/mcs70/rand/r005/mcs70_r005_s35.A60 fileNameGt=../graphsdb/mcs70/rand/r005/mcs70_r005_s35.B60
Reading graphs...
35 :  58
35 :  57
Initializing...
maxdom : 35
D->valSize : 1225
Solving...
currentSize : 14 <-- 0.036965 s
currentSize : 15 <-- 0.037089 s
currentSize : 16 <-- 0.037128 s
currentSize : 17 <-- 0.037823 s
currentSize : 19 <-- 0.038240 s
currentSize : 20 <-- 0.038430 s
currentSize : 21 <-- 0.038527 s
currentSize : 22 <-- 0.039944 s
currentSize : 23 <-- 0.045206 s
currentSize : 24 <-- 0.062478 s
currentSize : 25 <-- 3.616093 s

maxsize : 25
nodes : 4439253.000000
filtered : 182875473.000000
CCGP filtered : 56460337.000000
CCGT filtered : 40931163.000000
time : 152.199631
