Parameters: GAD=1 vflib=1 dir=0 label=0 lowerbound=1 fileNameGp=../graphsdb/mcs70/m2D/m2Dr4/mcs70_m2Dr4_s35.A29 fileNameGt=../graphsdb/mcs70/m2D/m2Dr4/mcs70_m2Dr4_s35.B29
Reading graphs...
35 :  72
35 :  72
Initializing...
maxdom : 35
D->valSize : 1225
Solving...
currentSize : 14 <-- 0.035745 s
currentSize : 15 <-- 0.035876 s
currentSize : 16 <-- 0.036273 s
currentSize : 17 <-- 0.037289 s
currentSize : 18 <-- 0.037973 s
currentSize : 19 <-- 0.038132 s
currentSize : 20 <-- 0.126596 s
currentSize : 21 <-- 0.376662 s
currentSize : 22 <-- 0.931586 s
currentSize : 23 <-- 5.789669 s
currentSize : 24 <-- 141.856674 s
currentSize : 25 <-- 141.856842 s

maxsize : 25
nodes : 15202997.000000
filtered : 591887406.000000
CCGP filtered : 82271352.000000
CCGT filtered : 47310699.000000
time : 354.131836
