Parameters: GAD=1 vflib=1 dir=0 label=0 lowerbound=1 fileNameGp=../graphsdb/mcs70/m2D/m2Dr2/mcs70_m2Dr2_s35.A38 fileNameGt=../graphsdb/mcs70/m2D/m2Dr2/mcs70_m2Dr2_s35.B38
Reading graphs...
35 :  64
35 :  63
Initializing...
maxdom : 35
D->valSize : 1225
Solving...
currentSize : 17 <-- 0.020930 s
currentSize : 18 <-- 0.020971 s
currentSize : 20 <-- 0.024426 s
currentSize : 21 <-- 0.050608 s
currentSize : 22 <-- 0.060760 s
currentSize : 23 <-- 0.160967 s
currentSize : 24 <-- 0.470224 s
currentSize : 25 <-- 26.779078 s
currentSize : 26 <-- 225.276886 s
currentSize : 27 <-- 225.281296 s

maxsize : 27
nodes : 9148713.000000
filtered : 365910157.000000
CCGP filtered : 70401373.000000
CCGT filtered : 26400992.000000
time : 250.907516
