Parameters: GAD=1 vflib=1 dir=0 label=0 lowerbound=1 fileNameGp=../graphsdb/mcs70/m2D/m2Dr2/mcs70_m2Dr2_s35.A06 fileNameGt=../graphsdb/mcs70/m2D/m2Dr2/mcs70_m2Dr2_s35.B06
Reading graphs...
35 :  64
35 :  63
Initializing...
maxdom : 35
D->valSize : 1225
Solving...
currentSize : 16 <-- 0.028234 s
currentSize : 18 <-- 0.028468 s
currentSize : 19 <-- 0.028742 s
currentSize : 20 <-- 0.029113 s
currentSize : 21 <-- 0.030971 s
currentSize : 22 <-- 0.031540 s
currentSize : 23 <-- 0.118517 s
currentSize : 24 <-- 5.002133 s
currentSize : 25 <-- 282.409943 s
currentSize : 26 <-- 319.458710 s

maxsize : 26
nodes : 14665107.000000
filtered : 525461300.000000
CCGP filtered : 190964412.000000
CCGT filtered : 125845929.000000
time : 375.856140
