Parameters: GAD=1 vflib=1 dir=0 label=0 lowerbound=1 fileNameGp=../graphsdb/mcs70/bvg/b06/mcs70_b06_s35.A25 fileNameGt=../graphsdb/mcs70/bvg/b06/mcs70_b06_s35.B25
Reading graphs...
35 :  104
35 :  102
Initializing...
maxdom : 35
D->valSize : 1225
Solving...
currentSize : 18 <-- 0.019380 s
currentSize : 19 <-- 0.326624 s
currentSize : 20 <-- 7.290931 s
currentSize : 21 <-- 8.467888 s
currentSize : 22 <-- 8.486218 s
currentSize : 23 <-- 9.632078 s
currentSize : 24 <-- 14.082806 s
currentSize : 25 <-- 30.967438 s
currentSize : 26 <-- 40.833031 s

maxsize : 26
nodes : 2906478.000000
filtered : 127303638.000000
CCGP filtered : 7425312.000000
CCGT filtered : 6667397.000000
time : 69.205620
