Parameters: GAD=1 vflib=1 dir=0 label=0 lowerbound=1 fileNameGp=../graphsdb/mcs70/m2D/m2Dr6/m2Dr6/mcs70_m2Dr6_s35.A56 fileNameGt=../graphsdb/mcs70/m2D/m2Dr6/m2Dr6/mcs70_m2Dr6_s35.B56
Reading graphs...
35 :  77
35 :  77
Initializing...
maxdom : 35
D->valSize : 1225
Solving...
currentSize : 16 <-- 0.020080 s
currentSize : 17 <-- 0.020247 s
currentSize : 18 <-- 0.021153 s
currentSize : 19 <-- 0.022518 s
currentSize : 20 <-- 0.027693 s
currentSize : 21 <-- 0.341777 s
currentSize : 22 <-- 74.640289 s
currentSize : 23 <-- 142.904251 s
currentSize : 24 <-- 173.169189 s
currentSize : 25 <-- 174.595337 s

maxsize : 25
nodes : 16358462.000000
filtered : 624116963.000000
CCGP filtered : 73819879.000000
CCGT filtered : 38201556.000000
time : 413.449463
