Parameters: GAD=1 vflib=1 dir=0 label=0 lowerbound=1 fileNameGp=../graphsdb/mcs70/bvg/b06/mcs70_b06_s35.A11 fileNameGt=../graphsdb/mcs70/bvg/b06/mcs70_b06_s35.B11
Reading graphs...
35 :  104
35 :  105
Initializing...
maxdom : 35
D->valSize : 1225
Solving...
currentSize : 15 <-- 0.019080 s
currentSize : 16 <-- 0.019175 s
currentSize : 17 <-- 0.019369 s
currentSize : 18 <-- 0.021456 s
currentSize : 19 <-- 1.378019 s
currentSize : 20 <-- 4.374637 s
currentSize : 21 <-- 4.516293 s
currentSize : 22 <-- 4.705875 s
currentSize : 24 <-- 7.231305 s
currentSize : 25 <-- 15.192228 s

maxsize : 25
nodes : 4632320.000000
filtered : 221821980.000000
CCGP filtered : 9921494.000000
CCGT filtered : 3392239.000000
time : 121.970428
