Parameters: GAD=1 vflib=1 dir=0 label=0 lowerbound=1 fileNameGp=../graphsdb/mcs70/rand/r005/mcs70_r005_s35.A56 fileNameGt=../graphsdb/mcs70/rand/r005/mcs70_r005_s35.B56
Reading graphs...
35 :  56
35 :  57
Initializing...
maxdom : 35
D->valSize : 1225
Solving...
currentSize : 11 <-- 0.036536 s
currentSize : 13 <-- 0.036658 s
currentSize : 15 <-- 0.039014 s
currentSize : 17 <-- 0.039151 s
currentSize : 19 <-- 0.042127 s
currentSize : 20 <-- 0.146688 s
currentSize : 21 <-- 0.196413 s
currentSize : 22 <-- 0.429756 s
currentSize : 23 <-- 19.532681 s
currentSize : 24 <-- 83.060127 s
currentSize : 25 <-- 249.386246 s
currentSize : 26 <-- 253.705139 s

maxsize : 26
nodes : 12328557.000000
filtered : 392538186.000000
CCGP filtered : 170344018.000000
CCGT filtered : 95415571.000000
time : 279.373230
