Parameters: GAD=1 vflib=1 dir=0 label=0 lowerbound=1 fileNameGp=../graphsdb/mcs70/bvg/b06m/mcs70_b06m_s30.A47 fileNameGt=../graphsdb/mcs70/bvg/b06m/mcs70_b06m_s30.B47
Reading graphs...
30 :  86
30 :  86
Initializing...
maxdom : 30
D->valSize : 900
Solving...
currentSize : 11 <-- 0.010085 s
currentSize : 12 <-- 0.010122 s
currentSize : 13 <-- 0.010240 s
currentSize : 14 <-- 0.010322 s
currentSize : 15 <-- 0.014884 s
currentSize : 16 <-- 0.038916 s
currentSize : 17 <-- 0.043420 s
currentSize : 18 <-- 1.820981 s
currentSize : 20 <-- 53.994762 s
currentSize : 21 <-- 53.995476 s

maxsize : 21
nodes : 4209330.000000
filtered : 130907920.000000
CCGP filtered : 8322675.000000
CCGT filtered : 5618427.000000
time : 60.680958
