Parameters: GAD=1 vflib=1 dir=0 label=0 lowerbound=1 fileNameGp=../graphsdb/mcs70/m2D/m2Dr6/m2Dr6/mcs70_m2Dr6_s35.A38 fileNameGt=../graphsdb/mcs70/m2D/m2Dr6/m2Dr6/mcs70_m2Dr6_s35.B38
Reading graphs...
35 :  78
35 :  76
Initializing...
maxdom : 35
D->valSize : 1225
Solving...
currentSize : 14 <-- 0.019996 s
currentSize : 15 <-- 0.020059 s
currentSize : 16 <-- 0.020133 s
currentSize : 17 <-- 0.023427 s
currentSize : 18 <-- 0.024149 s
currentSize : 19 <-- 0.130046 s
currentSize : 20 <-- 0.134916 s
currentSize : 21 <-- 2.445786 s
currentSize : 22 <-- 5.052159 s
currentSize : 23 <-- 321.747742 s
currentSize : 25 <-- 572.354980 s

maxsize : 25
nodes : 32762018.000000
filtered : 1102830780.000000
CCGP filtered : 177263244.000000
CCGT filtered : 120989993.000000
time : 625.000549
