Parameters: GAD=1 vflib=1 dir=0 label=0 lowerbound=1 fileNameGp=../graphsdb/mcs70/m3D/m3Dr6/mcs70_m3Dr6_s35.A85 fileNameGt=../graphsdb/mcs70/m3D/m3Dr6/mcs70_m3Dr6_s35.B85
Reading graphs...
35 :  91
35 :  93
Initializing...
maxdom : 35
D->valSize : 1225
Solving...
currentSize : 15 <-- 0.028806 s
currentSize : 16 <-- 0.032737 s
currentSize : 17 <-- 0.034643 s
currentSize : 18 <-- 0.036536 s
currentSize : 19 <-- 0.207318 s
currentSize : 20 <-- 0.605167 s
currentSize : 21 <-- 43.086483 s
currentSize : 23 <-- 961.915588 s
currentSize : 24 <-- 962.042053 s
currentSize : 27 <-- 962.045837 s

maxsize : 27
nodes : 67621293.000000
filtered : 1857318154.000000
CCGP filtered : 95905520.000000
CCGT filtered : 137953709.000000
time : 972.616394
