Parameters: GAD=1 vflib=1 dir=0 label=0 lowerbound=1 fileNameGp=../graphsdb/mcs70/rand/r01/mcs70_r01_s35.A62 fileNameGt=../graphsdb/mcs70/rand/r01/mcs70_r01_s35.B62
Reading graphs...
35 :  112
35 :  115
Initializing...
maxdom : 35
D->valSize : 1225
Solving...
currentSize : 12 <-- 0.019475 s
currentSize : 13 <-- 0.019567 s
currentSize : 15 <-- 0.019699 s
currentSize : 16 <-- 0.020060 s
currentSize : 17 <-- 0.020318 s
currentSize : 18 <-- 0.026419 s
currentSize : 19 <-- 0.360798 s
currentSize : 20 <-- 133.393097 s
currentSize : 21 <-- 676.150391 s
currentSize : 23 <-- 1631.708984 s
currentSize : 24 <-- 1660.808472 s

maxsize : 24
nodes : 112998650.000000
filtered : 3424238918.000000
CCGP filtered : 93661136.000000
CCGT filtered : 45141423.000000
time : 1703.256226
