Parameters: GAD=1 vflib=1 dir=0 label=0 lowerbound=1 fileNameGp=../graphsdb/mcs70/rand/r02/mcs70_r02_s35.A06 fileNameGt=../graphsdb/mcs70/rand/r02/mcs70_r02_s35.B06
Reading graphs...
35 :  204
35 :  204
Initializing...
maxdom : 35
D->valSize : 1225
Solving...
currentSize : 11 <-- 0.017178 s
currentSize : 12 <-- 0.017307 s
currentSize : 13 <-- 0.020641 s
currentSize : 14 <-- 0.084941 s
currentSize : 15 <-- 2.739122 s
currentSize : 16 <-- 199.556580 s
currentSize : 17 <-- 373.819458 s
currentSize : 18 <-- 373.819519 s
currentSize : 24 <-- 373.897400 s

maxsize : 24
nodes : 31731759.000000
filtered : 540347440.000000
CCGP filtered : 2909580.000000
CCGT filtered : 1763082.000000
time : 404.719727
