Parameters: GAD=1 vflib=1 dir=0 label=0 lowerbound=1 fileNameGp=../graphsdb/mcs70/m2D/m2Dr6/m2Dr6/mcs70_m2Dr6_s35.A78 fileNameGt=../graphsdb/mcs70/m2D/m2Dr6/m2Dr6/mcs70_m2Dr6_s35.B78
Reading graphs...
35 :  74
35 :  75
Initializing...
maxdom : 35
D->valSize : 1225
Solving...
currentSize : 16 <-- 0.020519 s
currentSize : 17 <-- 0.020936 s
currentSize : 18 <-- 0.023893 s
currentSize : 19 <-- 0.024825 s
currentSize : 20 <-- 0.025048 s
currentSize : 21 <-- 0.039392 s
currentSize : 22 <-- 0.236438 s
currentSize : 23 <-- 0.588854 s
currentSize : 24 <-- 292.956543 s
currentSize : 25 <-- 293.629395 s

maxsize : 25
nodes : 20779567.000000
filtered : 768148935.000000
CCGP filtered : 93143527.000000
CCGT filtered : 98947719.000000
time : 461.478851
