Parameters: GAD=1 vflib=1 dir=0 label=0 lowerbound=1 fileNameGp=../graphsdb/mcs70/m3D/m3Dr2/mcs70_m3Dr2_s35.A51 fileNameGt=../graphsdb/mcs70/m3D/m3Dr2/mcs70_m3Dr2_s35.B51
Reading graphs...
35 :  78
35 :  79
Initializing...
maxdom : 35
D->valSize : 1225
Solving...
currentSize : 18 <-- 0.035380 s
currentSize : 19 <-- 0.035660 s
currentSize : 20 <-- 0.106142 s
currentSize : 21 <-- 0.489457 s
currentSize : 22 <-- 37.438259 s
currentSize : 23 <-- 214.310516 s
currentSize : 24 <-- 243.926239 s
currentSize : 25 <-- 244.047852 s
currentSize : 26 <-- 255.536652 s
currentSize : 27 <-- 285.552521 s
currentSize : 29 <-- 285.563995 s

maxsize : 29
nodes : 16884148.000000
filtered : 499799411.000000
CCGP filtered : 41577302.000000
CCGT filtered : 22082133.000000
time : 288.866425
