Parameters: GAD=1 vflib=1 dir=0 label=0 lowerbound=1 fileNameGp=../graphsdb/mcs70/bvg/b03/mcs70_b03_s30.A84 fileNameGt=../graphsdb/mcs70/bvg/b03/mcs70_b03_s30.B84
Reading graphs...
30 :  45
30 :  44
Initializing...
maxdom : 30
D->valSize : 900
Solving...
currentSize : 14 <-- 0.019806 s
currentSize : 15 <-- 0.019883 s
currentSize : 17 <-- 0.019988 s
currentSize : 18 <-- 0.022404 s
currentSize : 19 <-- 0.023415 s
currentSize : 21 <-- 0.063182 s
currentSize : 22 <-- 0.065986 s
currentSize : 23 <-- 3.602531 s
currentSize : 24 <-- 6.038650 s

maxsize : 24
nodes : 269380.000000
filtered : 10285893.000000
CCGP filtered : 4276730.000000
CCGT filtered : 1857975.000000
time : 7.535078
