Parameters: GAD=1 vflib=1 dir=0 label=0 lowerbound=1 fileNameGp=../graphsdb/mcs70/bvg/b09m/mcs70_b09m_s35.A88 fileNameGt=../graphsdb/mcs70/bvg/b09m/mcs70_b09m_s35.B88
Reading graphs...
35 :  151
35 :  150
Initializing...
maxdom : 35
D->valSize : 1225
Solving...
currentSize : 10 <-- 0.018807 s
currentSize : 11 <-- 0.018881 s
currentSize : 12 <-- 0.019238 s
currentSize : 14 <-- 0.022073 s
currentSize : 15 <-- 0.023408 s
currentSize : 16 <-- 0.134049 s
currentSize : 17 <-- 38.531780 s
currentSize : 18 <-- 167.127701 s
currentSize : 21 <-- 170.804672 s
currentSize : 23 <-- 247.940079 s
currentSize : 25 <-- 247.940292 s

maxsize : 25
nodes : 19367775.000000
filtered : 477724754.000000
CCGP filtered : 4246653.000000
CCGT filtered : 9837363.000000
time : 263.750183
