Parameters: GAD=1 vflib=1 dir=0 label=0 lowerbound=1 fileNameGp=../graphsdb/mcs70/bvg/b03m/mcs70_b03m_s35.A07 fileNameGt=../graphsdb/mcs70/bvg/b03m/mcs70_b03m_s35.B07
Reading graphs...
35 :  52
35 :  52
Initializing...
maxdom : 35
D->valSize : 1225
Solving...
currentSize : 16 <-- 0.021360 s
currentSize : 17 <-- 0.021413 s
currentSize : 18 <-- 0.044187 s
currentSize : 19 <-- 0.045689 s
currentSize : 20 <-- 0.127878 s
currentSize : 21 <-- 0.475783 s
currentSize : 22 <-- 1.775889 s
currentSize : 23 <-- 2.774696 s
currentSize : 24 <-- 4.942908 s
currentSize : 25 <-- 5.951675 s
currentSize : 26 <-- 8.781070 s
currentSize : 27 <-- 22.965471 s

maxsize : 27
nodes : 978656.000000
filtered : 36571461.000000
CCGP filtered : 25689841.000000
CCGT filtered : 16035596.000000
time : 41.733047
