Parameters: GAD=1 vflib=1 dir=0 label=0 lowerbound=1 fileNameGp=../graphsdb/mcs70/m2D/m2Dr4/mcs70_m2Dr4_s35.A37 fileNameGt=../graphsdb/mcs70/m2D/m2Dr4/mcs70_m2Dr4_s35.B37
Reading graphs...
35 :  69
35 :  70
Initializing...
maxdom : 35
D->valSize : 1225
Solving...
currentSize : 16 <-- 0.020471 s
currentSize : 17 <-- 0.021296 s
currentSize : 18 <-- 0.021706 s
currentSize : 19 <-- 0.027885 s
currentSize : 20 <-- 0.028001 s
currentSize : 21 <-- 0.049604 s
currentSize : 22 <-- 0.582689 s
currentSize : 23 <-- 7.684149 s
currentSize : 24 <-- 7.817391 s
currentSize : 26 <-- 19.534357 s

maxsize : 26
nodes : 4174308.000000
filtered : 192741534.000000
CCGP filtered : 19762997.000000
CCGT filtered : 12357401.000000
time : 120.886047
