Parameters: GAD=1 vflib=1 dir=0 label=0 lowerbound=1 fileNameGp=../graphsdb/mcs70/m3D/m3Dr6/mcs70_m3Dr6_s35.A80 fileNameGt=../graphsdb/mcs70/m3D/m3Dr6/mcs70_m3Dr6_s35.B80
Reading graphs...
35 :  90
35 :  88
Initializing...
maxdom : 35
D->valSize : 1225
Solving...
currentSize : 14 <-- 0.034970 s
currentSize : 15 <-- 0.035027 s
currentSize : 16 <-- 0.035198 s
currentSize : 17 <-- 0.035471 s
currentSize : 18 <-- 0.094516 s
currentSize : 19 <-- 0.193369 s
currentSize : 20 <-- 2.235239 s
currentSize : 21 <-- 4.605284 s
currentSize : 22 <-- 5.390744 s
currentSize : 23 <-- 1123.599609 s
currentSize : 24 <-- 1123.727661 s
currentSize : 27 <-- 1123.728394 s

maxsize : 27
nodes : 68262679.000000
filtered : 2227096080.000000
CCGP filtered : 123976926.000000
CCGT filtered : 85584229.000000
time : 1140.073242
