Parameters: GAD=1 vflib=1 dir=0 label=0 lowerbound=1 fileNameGp=../graphsdb/mcs70/m2D/m2Dr4/mcs70_m2Dr4_s35.A01 fileNameGt=../graphsdb/mcs70/m2D/m2Dr4/mcs70_m2Dr4_s35.B01
Reading graphs...
35 :  71
35 :  69
Initializing...
maxdom : 35
D->valSize : 1225
Solving...
currentSize : 15 <-- 0.036207 s
currentSize : 16 <-- 0.036489 s
currentSize : 17 <-- 0.037350 s
currentSize : 18 <-- 0.043255 s
currentSize : 19 <-- 0.166594 s
currentSize : 20 <-- 0.177009 s
currentSize : 21 <-- 0.177234 s
currentSize : 22 <-- 0.177846 s
currentSize : 23 <-- 37.602623 s
currentSize : 24 <-- 77.716446 s
currentSize : 27 <-- 78.423409 s

maxsize : 27
nodes : 4537592.000000
filtered : 159809042.000000
CCGP filtered : 16081167.000000
CCGT filtered : 21727369.000000
time : 98.599243
