Parameters: GAD=1 vflib=1 dir=0 label=0 lowerbound=1 fileNameGp=../graphsdb/mcs70/bvg/b09/mcs70_b09_s35.A85 fileNameGt=../graphsdb/mcs70/bvg/b09/mcs70_b09_s35.B85
Reading graphs...
35 :  155
35 :  156
Initializing...
maxdom : 35
D->valSize : 1225
Solving...
currentSize : 12 <-- 0.031698 s
currentSize : 14 <-- 0.031837 s
currentSize : 15 <-- 0.032556 s
currentSize : 16 <-- 0.034157 s
currentSize : 17 <-- 0.130236 s
currentSize : 18 <-- 0.450901 s
currentSize : 19 <-- 0.451330 s
currentSize : 20 <-- 0.544790 s
currentSize : 21 <-- 0.547597 s
currentSize : 22 <-- 2.909255 s
currentSize : 23 <-- 5.672135 s
currentSize : 24 <-- 44.859604 s

maxsize : 24
nodes : 5149036.000000
filtered : 227978262.000000
CCGP filtered : 296675.000000
CCGT filtered : 493543.000000
time : 85.585022
