Parameters: GAD=1 vflib=1 dir=0 label=0 lowerbound=1 fileNameGp=../graphsdb/mcs70/m2D/m2Dr4/mcs70_m2Dr4_s35.A21 fileNameGt=../graphsdb/mcs70/m2D/m2Dr4/mcs70_m2Dr4_s35.B21
Reading graphs...
35 :  71
35 :  71
Initializing...
maxdom : 35
D->valSize : 1225
Solving...
currentSize : 17 <-- 0.020487 s
currentSize : 18 <-- 0.020563 s
currentSize : 19 <-- 0.048946 s
currentSize : 20 <-- 0.049845 s
currentSize : 21 <-- 0.479646 s
currentSize : 22 <-- 1.543832 s
currentSize : 23 <-- 13.299533 s
currentSize : 24 <-- 132.837738 s
currentSize : 26 <-- 132.839005 s

maxsize : 26
nodes : 9241022.000000
filtered : 350199328.000000
CCGP filtered : 32132057.000000
CCGT filtered : 27195209.000000
time : 251.192886
