Parameters: GAD=1 vflib=1 dir=0 label=0 lowerbound=1 fileNameGp=../graphsdb/mcs70/bvg/b09m/mcs70_b09m_s35.A71 fileNameGt=../graphsdb/mcs70/bvg/b09m/mcs70_b09m_s35.B71
Reading graphs...
35 :  154
35 :  154
Initializing...
maxdom : 35
D->valSize : 1225
Solving...
currentSize : 12 <-- 0.023358 s
currentSize : 13 <-- 0.025240 s
currentSize : 14 <-- 0.025310 s
currentSize : 15 <-- 0.026915 s
currentSize : 16 <-- 0.127232 s
currentSize : 17 <-- 62.257805 s
currentSize : 18 <-- 348.319122 s
currentSize : 19 <-- 348.703247 s
currentSize : 20 <-- 514.163940 s
currentSize : 22 <-- 514.164185 s
currentSize : 24 <-- 514.164490 s

maxsize : 24
nodes : 41229720.000000
filtered : 922088128.000000
CCGP filtered : 11310963.000000
CCGT filtered : 17620866.000000
time : 557.101440
