Parameters: GAD=1 vflib=1 dir=0 label=0 lowerbound=1 fileNameGp=../graphsdb/mcs70/bvg/b03m/mcs70_b03m_s35.A77 fileNameGt=../graphsdb/mcs70/bvg/b03m/mcs70_b03m_s35.B77
Reading graphs...
35 :  50
35 :  51
Initializing...
maxdom : 35
D->valSize : 1225
Solving...
currentSize : 14 <-- 0.021189 s
currentSize : 16 <-- 0.021234 s
currentSize : 19 <-- 0.021363 s
currentSize : 20 <-- 0.021748 s
currentSize : 21 <-- 0.021852 s
currentSize : 22 <-- 0.023289 s
currentSize : 23 <-- 0.024138 s
currentSize : 24 <-- 0.076510 s
currentSize : 25 <-- 0.076943 s
currentSize : 26 <-- 0.464383 s

maxsize : 26
nodes : 3079713.000000
filtered : 128824038.000000
CCGP filtered : 59926046.000000
CCGT filtered : 29105478.000000
time : 165.644745
