Parameters: GAD=1 vflib=1 dir=0 label=0 lowerbound=1 fileNameGp=../graphsdb/mcs70/bvg/b03/mcs70_b03_s25.A41 fileNameGt=../graphsdb/mcs70/bvg/b03/mcs70_b03_s25.B41
Reading graphs...
25 :  36
25 :  37
Initializing...
maxdom : 25
D->valSize : 625
Solving...
currentSize : 10 <-- 0.009309 s
currentSize : 12 <-- 0.009351 s
currentSize : 13 <-- 0.009442 s
currentSize : 14 <-- 0.012123 s
currentSize : 15 <-- 0.013295 s
currentSize : 16 <-- 0.037037 s
currentSize : 17 <-- 0.038034 s
currentSize : 18 <-- 0.208070 s
currentSize : 19 <-- 0.211283 s
currentSize : 20 <-- 0.475633 s

maxsize : 20
nodes : 45804.000000
filtered : 1331776.000000
CCGP filtered : 278335.000000
CCGT filtered : 205377.000000
time : 1.039035
