Parameters: GAD=1 vflib=1 dir=0 label=0 lowerbound=1 fileNameGp=../graphsdb/mcs70/bvg/b09m/mcs70_b09m_s30.A82 fileNameGt=../graphsdb/mcs70/bvg/b09m/mcs70_b09m_s30.B82
Reading graphs...
30 :  129
30 :  127
Initializing...
maxdom : 30
D->valSize : 900
Solving...
currentSize : 11 <-- 0.015528 s
currentSize : 12 <-- 0.015636 s
currentSize : 13 <-- 0.015799 s
currentSize : 14 <-- 0.023997 s
currentSize : 15 <-- 2.174807 s
currentSize : 16 <-- 139.450531 s
currentSize : 17 <-- 140.074570 s
currentSize : 18 <-- 140.185059 s
currentSize : 19 <-- 154.307663 s
currentSize : 20 <-- 154.307724 s

maxsize : 20
nodes : 15280290.000000
filtered : 282065335.000000
CCGP filtered : 1581231.000000
CCGT filtered : 3525890.000000
time : 159.423447
