Parameters: GAD=1 vflib=1 dir=0 label=0 lowerbound=1 fileNameGp=../graphsdb/mcs70/m3D/m3Dr6/mcs70_m3Dr6_s35.A62 fileNameGt=../graphsdb/mcs70/m3D/m3Dr6/mcs70_m3Dr6_s35.B62
Reading graphs...
35 :  90
35 :  89
Initializing...
maxdom : 35
D->valSize : 1225
Solving...
currentSize : 15 <-- 0.034397 s
currentSize : 17 <-- 0.034456 s
currentSize : 18 <-- 0.035067 s
currentSize : 19 <-- 0.046219 s
currentSize : 20 <-- 1.574356 s
currentSize : 21 <-- 104.745247 s
currentSize : 22 <-- 956.603699 s
currentSize : 23 <-- 957.696838 s
currentSize : 24 <-- 1376.473389 s
currentSize : 25 <-- 1376.913940 s
currentSize : 26 <-- 1376.913940 s
currentSize : 27 <-- 1376.914551 s

maxsize : 27
nodes : 100360895.000000
filtered : 2794249376.000000
CCGP filtered : 95458529.000000
CCGT filtered : 99318403.000000
time : 1400.462280
