Parameters: GAD=1 vflib=1 dir=0 label=0 lowerbound=1 fileNameGp=../graphsdb/mcs70/rand/r01/mcs70_r01_s25.A88 fileNameGt=../graphsdb/mcs70/rand/r01/mcs70_r01_s25.B88
Reading graphs...
25 :  54
25 :  52
Initializing...
maxdom : 25
D->valSize : 625
Solving...
currentSize : 8 <-- 0.004979 s
currentSize : 11 <-- 0.005029 s
currentSize : 12 <-- 0.005141 s
currentSize : 13 <-- 0.005427 s
currentSize : 14 <-- 0.005923 s
currentSize : 15 <-- 0.007982 s
currentSize : 16 <-- 0.173224 s
currentSize : 17 <-- 1.026579 s
currentSize : 18 <-- 1.026836 s

maxsize : 18
nodes : 154188.000000
filtered : 4698958.000000
CCGP filtered : 680955.000000
CCGT filtered : 475430.000000
time : 1.848563
