Parameters: GAD=1 vflib=1 dir=0 label=0 lowerbound=1 fileNameGp=../graphsdb/mcs70/m3D/m3Dr2/mcs70_m3Dr2_s35.A42 fileNameGt=../graphsdb/mcs70/m3D/m3Dr2/mcs70_m3Dr2_s35.B42
Reading graphs...
35 :  78
35 :  77
Initializing...
maxdom : 35
D->valSize : 1225
Solving...
currentSize : 17 <-- 0.019897 s
currentSize : 18 <-- 0.020916 s
currentSize : 19 <-- 0.023828 s
currentSize : 20 <-- 0.096117 s
currentSize : 21 <-- 4.077036 s
currentSize : 22 <-- 4.090088 s
currentSize : 23 <-- 24.010281 s
currentSize : 24 <-- 44.395779 s
currentSize : 25 <-- 411.437408 s
currentSize : 26 <-- 566.218872 s
currentSize : 27 <-- 575.154358 s

maxsize : 27
nodes : 34327470.000000
filtered : 1173222813.000000
CCGP filtered : 36309918.000000
CCGT filtered : 34363199.000000
time : 604.255798
