Parameters: GAD=1 vflib=1 dir=0 label=0 lowerbound=1 fileNameGp=../graphsdb/mcs70/m3D/m3Dr4/mcs70_m3Dr4_s35.A89 fileNameGt=../graphsdb/mcs70/m3D/m3Dr4/mcs70_m3Dr4_s35.B89
Reading graphs...
35 :  84
35 :  83
Initializing...
maxdom : 35
D->valSize : 1225
Solving...
currentSize : 16 <-- 0.019850 s
currentSize : 17 <-- 0.021737 s
currentSize : 18 <-- 0.025970 s
currentSize : 19 <-- 0.053209 s
currentSize : 20 <-- 0.276065 s
currentSize : 21 <-- 4.877322 s
currentSize : 22 <-- 20.003073 s
currentSize : 23 <-- 186.336975 s
currentSize : 24 <-- 203.871033 s
currentSize : 27 <-- 203.922043 s

maxsize : 27
nodes : 13642192.000000
filtered : 425156614.000000
CCGP filtered : 19360744.000000
CCGT filtered : 27788717.000000
time : 228.937622
