Parameters: GAD=1 vflib=1 dir=0 label=0 lowerbound=1 fileNameGp=../graphsdb/mcs70/bvg/b03m/mcs70_b03m_s35.A79 fileNameGt=../graphsdb/mcs70/bvg/b03m/mcs70_b03m_s35.B79
Reading graphs...
35 :  50
35 :  51
Initializing...
maxdom : 35
D->valSize : 1225
Solving...
currentSize : 17 <-- 0.037176 s
currentSize : 18 <-- 0.037312 s
currentSize : 19 <-- 0.037557 s
currentSize : 20 <-- 0.038064 s
currentSize : 21 <-- 0.064415 s
currentSize : 22 <-- 0.077655 s
currentSize : 23 <-- 0.079263 s
currentSize : 24 <-- 1.454379 s
currentSize : 25 <-- 3.001805 s
currentSize : 26 <-- 21.906076 s

maxsize : 26
nodes : 2318833.000000
filtered : 97882124.000000
CCGP filtered : 65923805.000000
CCGT filtered : 40120978.000000
time : 127.016212
