Parameters: GAD=1 vflib=1 dir=0 label=0 lowerbound=1 fileNameGp=../graphsdb/mcs70/m2D/m2Dr4/mcs70_m2Dr4_s35.A27 fileNameGt=../graphsdb/mcs70/m2D/m2Dr4/mcs70_m2Dr4_s35.B27
Reading graphs...
35 :  70
35 :  70
Initializing...
maxdom : 35
D->valSize : 1225
Solving...
currentSize : 17 <-- 0.020734 s
currentSize : 18 <-- 0.020862 s
currentSize : 19 <-- 0.021073 s
currentSize : 20 <-- 0.021857 s
currentSize : 21 <-- 0.022243 s
currentSize : 22 <-- 0.034677 s
currentSize : 23 <-- 14.530789 s
currentSize : 24 <-- 144.552765 s
currentSize : 25 <-- 144.617065 s

maxsize : 25
nodes : 15061638.000000
filtered : 624087411.000000
CCGP filtered : 59584292.000000
CCGT filtered : 51457597.000000
time : 425.465515
