Parameters: GAD=1 vflib=1 dir=0 label=0 lowerbound=1 fileNameGp=../graphsdb/mcs70/m2D/m2Dr2/mcs70_m2Dr2_s35.A35 fileNameGt=../graphsdb/mcs70/m2D/m2Dr2/mcs70_m2Dr2_s35.B35
Reading graphs...
35 :  63
35 :  65
Initializing...
maxdom : 35
D->valSize : 1225
Solving...
currentSize : 16 <-- 0.036193 s
currentSize : 17 <-- 0.036246 s
currentSize : 19 <-- 0.036643 s
currentSize : 20 <-- 0.100419 s
currentSize : 21 <-- 0.530336 s
currentSize : 22 <-- 1.746292 s
currentSize : 23 <-- 27.519522 s
currentSize : 24 <-- 63.473766 s
currentSize : 25 <-- 88.955154 s
currentSize : 26 <-- 89.079231 s
currentSize : 27 <-- 127.197922 s

maxsize : 27
nodes : 6726452.000000
filtered : 230807059.000000
CCGP filtered : 35618696.000000
CCGT filtered : 35115634.000000
time : 142.538239
