Parameters: GAD=1 vflib=1 dir=0 label=0 lowerbound=1 fileNameGp=../graphsdb/mcs70/bvg/b03/mcs70_b03_s35.A95 fileNameGt=../graphsdb/mcs70/bvg/b03/mcs70_b03_s35.B95
Reading graphs...
35 :  52
35 :  52
Initializing...
maxdom : 35
D->valSize : 1225
Solving...
currentSize : 17 <-- 0.020876 s
currentSize : 18 <-- 0.021087 s
currentSize : 19 <-- 0.021114 s
currentSize : 20 <-- 0.021228 s
currentSize : 21 <-- 0.021885 s
currentSize : 22 <-- 0.022222 s
currentSize : 24 <-- 0.030927 s
currentSize : 25 <-- 0.031301 s
currentSize : 26 <-- 1.698517 s
currentSize : 27 <-- 2.167509 s
currentSize : 28 <-- 5.172154 s

maxsize : 28
nodes : 450712.000000
filtered : 21489397.000000
CCGP filtered : 15627459.000000
CCGT filtered : 6925663.000000
time : 27.740929
