Parameters: GAD=1 vflib=1 dir=0 label=0 lowerbound=1 fileNameGp=../graphsdb/mcs70/m2D/m2Dr6/m2Dr6/mcs70_m2Dr6_s35.A19 fileNameGt=../graphsdb/mcs70/m2D/m2Dr6/m2Dr6/mcs70_m2Dr6_s35.B19
Reading graphs...
35 :  78
35 :  77
Initializing...
maxdom : 35
D->valSize : 1225
Solving...
currentSize : 13 <-- 0.020190 s
currentSize : 14 <-- 0.020229 s
currentSize : 16 <-- 0.020388 s
currentSize : 18 <-- 0.020681 s
currentSize : 19 <-- 0.020699 s
currentSize : 20 <-- 0.323512 s
currentSize : 21 <-- 1.089423 s
currentSize : 22 <-- 2.649276 s
currentSize : 23 <-- 37.695652 s
currentSize : 26 <-- 76.213577 s

maxsize : 26
nodes : 5373611.000000
filtered : 212464333.000000
CCGP filtered : 22223348.000000
CCGT filtered : 8070095.000000
time : 135.731949
