Parameters: GAD=1 vflib=1 dir=0 label=0 lowerbound=1 fileNameGp=../graphsdb/mcs70/m3D/m3Dr2/mcs70_m3Dr2_s35.A17 fileNameGt=../graphsdb/mcs70/m3D/m3Dr2/mcs70_m3Dr2_s35.B17
Reading graphs...
35 :  79
35 :  79
Initializing...
maxdom : 35
D->valSize : 1225
Solving...
currentSize : 17 <-- 0.020319 s
currentSize : 18 <-- 0.031635 s
currentSize : 19 <-- 0.055803 s
currentSize : 20 <-- 0.086897 s
currentSize : 21 <-- 4.081047 s
currentSize : 22 <-- 72.823746 s
currentSize : 23 <-- 200.081558 s
currentSize : 24 <-- 562.567749 s
currentSize : 25 <-- 613.996033 s
currentSize : 26 <-- 613.999146 s
currentSize : 27 <-- 621.522766 s
currentSize : 28 <-- 621.522888 s

maxsize : 28
nodes : 33839082.000000
filtered : 1092710114.000000
CCGP filtered : 70880566.000000
CCGT filtered : 62204396.000000
time : 627.421204
