Parameters: GAD=1 vflib=1 dir=0 label=0 lowerbound=1 fileNameGp=../graphsdb/mcs70/rand/r02/mcs70_r02_s25.A48 fileNameGt=../graphsdb/mcs70/rand/r02/mcs70_r02_s25.B48
Reading graphs...
25 :  102
25 :  107
Initializing...
maxdom : 25
D->valSize : 625
Solving...
currentSize : 7 <-- 0.004562 s
currentSize : 8 <-- 0.004600 s
currentSize : 9 <-- 0.004729 s
currentSize : 10 <-- 0.006726 s
currentSize : 11 <-- 0.016856 s
currentSize : 12 <-- 0.016929 s
currentSize : 13 <-- 0.148383 s
currentSize : 14 <-- 6.914644 s
currentSize : 15 <-- 7.225858 s
currentSize : 17 <-- 7.284522 s

maxsize : 17
nodes : 709294.000000
filtered : 11691103.000000
CCGP filtered : 90863.000000
CCGT filtered : 83372.000000
time : 9.182776
