Parameters: GAD=1 vflib=1 dir=0 label=0 lowerbound=1 fileNameGp=../graphsdb/mcs70/rand/r005/mcs70_r005_s30.A95 fileNameGt=../graphsdb/mcs70/rand/r005/mcs70_r005_s30.B95
Reading graphs...
30 :  42
30 :  42
Initializing...
maxdom : 30
D->valSize : 900
Solving...
currentSize : 11 <-- 0.011094 s
currentSize : 12 <-- 0.012090 s
currentSize : 15 <-- 0.014060 s
currentSize : 16 <-- 0.014123 s
currentSize : 17 <-- 0.022581 s
currentSize : 18 <-- 0.034008 s
currentSize : 19 <-- 0.037016 s
currentSize : 20 <-- 0.969328 s
currentSize : 21 <-- 2.110491 s
currentSize : 22 <-- 14.104113 s

maxsize : 22
nodes : 1695025.000000
filtered : 34627199.000000
CCGP filtered : 25354456.000000
CCGT filtered : 6464151.000000
time : 23.403799
