Parameters: GAD=1 vflib=1 dir=0 label=0 lowerbound=1 fileNameGp=../graphsdb/mcs70/bvg/b09/mcs70_b09_s30.A11 fileNameGt=../graphsdb/mcs70/bvg/b09/mcs70_b09_s30.B11
Reading graphs...
30 :  134
30 :  134
Initializing...
maxdom : 30
D->valSize : 900
Solving...
currentSize : 11 <-- 0.016529 s
currentSize : 12 <-- 0.016769 s
currentSize : 13 <-- 0.021567 s
currentSize : 14 <-- 0.021601 s
currentSize : 15 <-- 0.034598 s
currentSize : 16 <-- 0.039252 s
currentSize : 17 <-- 0.041776 s
currentSize : 18 <-- 0.070237 s
currentSize : 20 <-- 0.070513 s

maxsize : 20
nodes : 965030.000000
filtered : 32555438.000000
CCGP filtered : 245532.000000
CCGT filtered : 513211.000000
time : 13.650794
