Parameters: GAD=1 vflib=1 dir=0 label=0 lowerbound=1 fileNameGp=../graphsdb/mcs70/rand/r01/mcs70_r01_s30.A74 fileNameGt=../graphsdb/mcs70/rand/r01/mcs70_r01_s30.B74
Reading graphs...
30 :  81
30 :  81
Initializing...
maxdom : 30
D->valSize : 900
Solving...
currentSize : 11 <-- 0.010281 s
currentSize : 12 <-- 0.010366 s
currentSize : 13 <-- 0.010529 s
currentSize : 14 <-- 0.011490 s
currentSize : 15 <-- 0.023131 s
currentSize : 16 <-- 0.025724 s
currentSize : 17 <-- 1.689473 s
currentSize : 18 <-- 2.829017 s
currentSize : 19 <-- 105.597542 s
currentSize : 21 <-- 112.344360 s

maxsize : 21
nodes : 9159545.000000
filtered : 227165224.000000
CCGP filtered : 10015371.000000
CCGT filtered : 7091049.000000
time : 123.088211
