Parameters: GAD=1 vflib=1 dir=0 label=0 lowerbound=1 fileNameGp=../graphsdb/mcs70/bvg/b09m/mcs70_b09m_s30.A70 fileNameGt=../graphsdb/mcs70/bvg/b09m/mcs70_b09m_s30.B70
Reading graphs...
30 :  128
30 :  127
Initializing...
maxdom : 30
D->valSize : 900
Solving...
currentSize : 9 <-- 0.009475 s
currentSize : 10 <-- 0.009553 s
currentSize : 11 <-- 0.009902 s
currentSize : 12 <-- 0.010001 s
currentSize : 13 <-- 0.026298 s
currentSize : 14 <-- 0.035486 s
currentSize : 15 <-- 5.410698 s
currentSize : 17 <-- 129.145218 s
currentSize : 19 <-- 139.726517 s
currentSize : 20 <-- 139.726822 s

maxsize : 20
nodes : 13494039.000000
filtered : 219223833.000000
CCGP filtered : 2754226.000000
CCGT filtered : 3527927.000000
time : 149.771500
