Parameters: GAD=1 vflib=1 dir=0 label=0 lowerbound=1 fileNameGp=../graphsdb/mcs70/bvg/b09m/mcs70_b09m_s35.A24 fileNameGt=../graphsdb/mcs70/bvg/b09m/mcs70_b09m_s35.B24
Reading graphs...
35 :  152
35 :  145
Initializing...
maxdom : 35
D->valSize : 1225
Solving...
currentSize : 12 <-- 0.031664 s
currentSize : 13 <-- 0.031868 s
currentSize : 14 <-- 0.034679 s
currentSize : 15 <-- 0.040652 s
currentSize : 16 <-- 0.605742 s
currentSize : 17 <-- 1.873524 s
currentSize : 18 <-- 13.907308 s
currentSize : 19 <-- 14.057275 s
currentSize : 20 <-- 14.517975 s
currentSize : 21 <-- 117.865059 s
currentSize : 24 <-- 117.934479 s

maxsize : 24
nodes : 10447625.000000
filtered : 373580230.000000
CCGP filtered : 1897760.000000
CCGT filtered : 2192804.000000
time : 159.176910
