Parameters: GAD=1 vflib=1 dir=0 label=0 lowerbound=1 fileNameGp=../graphsdb/mcs70/m2D/m2Dr2/mcs70_m2Dr2_s35.A72 fileNameGt=../graphsdb/mcs70/m2D/m2Dr2/mcs70_m2Dr2_s35.B72
Reading graphs...
35 :  64
35 :  64
Initializing...
maxdom : 35
D->valSize : 1225
Solving...
currentSize : 18 <-- 0.021972 s
currentSize : 19 <-- 0.022123 s
currentSize : 21 <-- 0.022408 s
currentSize : 22 <-- 0.024931 s
currentSize : 23 <-- 0.025327 s
currentSize : 24 <-- 0.930316 s
currentSize : 25 <-- 362.634003 s
currentSize : 26 <-- 418.554138 s
currentSize : 27 <-- 418.554230 s

maxsize : 27
nodes : 16872793.000000
filtered : 616460971.000000
CCGP filtered : 128326816.000000
CCGT filtered : 56156250.000000
time : 457.570435
