Parameters: GAD=1 vflib=1 dir=0 label=0 lowerbound=1 fileNameGp=../graphsdb/mcs70/m3D/m3D/mcs70_m3D_s35.A26 fileNameGt=../graphsdb/mcs70/m3D/m3D/mcs70_m3D_s35.B26
Reading graphs...
35 :  72
35 :  71
Initializing...
maxdom : 35
D->valSize : 1225
Solving...
currentSize : 18 <-- 0.025365 s
currentSize : 19 <-- 0.025490 s
currentSize : 20 <-- 0.025960 s
currentSize : 21 <-- 0.028623 s
currentSize : 22 <-- 0.028822 s
currentSize : 23 <-- 0.029001 s
currentSize : 24 <-- 0.202314 s
currentSize : 25 <-- 91.056664 s
currentSize : 26 <-- 91.056763 s
currentSize : 27 <-- 91.087837 s
currentSize : 28 <-- 98.240768 s

maxsize : 28
nodes : 7262968.000000
filtered : 228543516.000000
CCGP filtered : 7803979.000000
CCGT filtered : 11197629.000000
time : 116.976463
