Parameters: GAD=1 vflib=1 dir=0 label=0 lowerbound=1 fileNameGp=../graphsdb/mcs70/m3D/m3D/mcs70_m3D_s35.A63 fileNameGt=../graphsdb/mcs70/m3D/m3D/mcs70_m3D_s35.B63
Reading graphs...
35 :  72
35 :  72
Initializing...
maxdom : 35
D->valSize : 1225
Solving...
currentSize : 17 <-- 0.020335 s
currentSize : 18 <-- 0.020449 s
currentSize : 19 <-- 0.020648 s
currentSize : 20 <-- 0.022627 s
currentSize : 21 <-- 0.026678 s
currentSize : 23 <-- 0.026946 s
currentSize : 24 <-- 0.027545 s
currentSize : 25 <-- 0.030491 s
currentSize : 27 <-- 0.031114 s
currentSize : 28 <-- 5.866781 s

maxsize : 28
nodes : 770085.000000
filtered : 35683110.000000
CCGP filtered : 1135712.000000
CCGT filtered : 667114.000000
time : 24.174980
