Parameters: GAD=1 vflib=1 dir=0 label=0 lowerbound=1 fileNameGp=../graphsdb/mcs70/rand/r01/mcs70_r01_s35.A94 fileNameGt=../graphsdb/mcs70/rand/r01/mcs70_r01_s35.B94
Reading graphs...
35 :  112
35 :  110
Initializing...
maxdom : 35
D->valSize : 1225
Solving...
currentSize : 15 <-- 0.018867 s
currentSize : 16 <-- 0.020793 s
currentSize : 17 <-- 0.022116 s
currentSize : 18 <-- 0.180577 s
currentSize : 19 <-- 0.444093 s
currentSize : 20 <-- 291.470154 s
currentSize : 21 <-- 1043.030640 s
currentSize : 22 <-- 1122.067993 s
currentSize : 24 <-- 1122.068237 s

maxsize : 24
nodes : 90887678.000000
filtered : 2531012507.000000
CCGP filtered : 47787620.000000
CCGT filtered : 81574621.000000
time : 1317.693237
