Parameters: GAD=1 vflib=1 dir=0 label=0 lowerbound=1 fileNameGp=../graphsdb/mcs70/bvg/b06m/mcs70_b06m_s30.A99 fileNameGt=../graphsdb/mcs70/bvg/b06m/mcs70_b06m_s30.B99
Reading graphs...
30 :  88
30 :  90
Initializing...
maxdom : 30
D->valSize : 900
Solving...
currentSize : 11 <-- 0.010235 s
currentSize : 12 <-- 0.010339 s
currentSize : 13 <-- 0.010510 s
currentSize : 14 <-- 0.010717 s
currentSize : 15 <-- 0.011642 s
currentSize : 16 <-- 0.065708 s
currentSize : 17 <-- 1.176872 s
currentSize : 18 <-- 18.315941 s
currentSize : 19 <-- 18.317684 s
currentSize : 21 <-- 18.566738 s

maxsize : 21
nodes : 1951536.000000
filtered : 59994861.000000
CCGP filtered : 4144920.000000
CCGT filtered : 2427165.000000
time : 31.952131
