Parameters: GAD=1 vflib=1 dir=0 label=0 lowerbound=1 fileNameGp=../graphsdb/mcs70/m2D/m2D/mcs70_m2D_s35.A08 fileNameGt=../graphsdb/mcs70/m2D/m2D/mcs70_m2D_s35.B08
Reading graphs...
35 :  57
35 :  58
Initializing...
maxdom : 35
D->valSize : 1225
Solving...
currentSize : 11 <-- 0.020587 s
currentSize : 19 <-- 0.020702 s
currentSize : 20 <-- 0.020770 s
currentSize : 21 <-- 0.022307 s
currentSize : 22 <-- 0.035425 s
currentSize : 23 <-- 0.052468 s
currentSize : 24 <-- 0.114899 s
currentSize : 25 <-- 0.310591 s
currentSize : 26 <-- 0.896264 s
currentSize : 27 <-- 10.877770 s
currentSize : 28 <-- 20.758181 s

maxsize : 28
nodes : 869047.000000
filtered : 41355735.000000
CCGP filtered : 8041277.000000
CCGT filtered : 3490122.000000
time : 37.141045
