Parameters: GAD=1 vflib=1 dir=0 label=0 lowerbound=1 fileNameGp=../graphsdb/mcs70/m4D/m4D/mcs70_m4D_s25.A53 fileNameGt=../graphsdb/mcs70/m4D/m4D/mcs70_m4D_s25.B53
Reading graphs...
25 :  47
25 :  47
Initializing...
maxdom : 25
D->valSize : 625
Solving...
currentSize : 9 <-- 0.005241 s
currentSize : 10 <-- 0.005265 s
currentSize : 11 <-- 0.005382 s
currentSize : 12 <-- 0.005672 s
currentSize : 13 <-- 0.005948 s
currentSize : 14 <-- 0.011350 s
currentSize : 15 <-- 0.018539 s
currentSize : 16 <-- 0.044614 s
currentSize : 17 <-- 0.150599 s
currentSize : 18 <-- 0.356158 s

maxsize : 18
nodes : 72143.000000
filtered : 1698207.000000
CCGP filtered : 1302919.000000
CCGT filtered : 523103.000000
time : 1.011749
