Parameters: GAD=1 vflib=1 dir=0 label=0 lowerbound=1 fileNameGp=../graphsdb/mcs70/bvg/b06/mcs70_b06_s20.A27 fileNameGt=../graphsdb/mcs70/bvg/b06/mcs70_b06_s20.B27
Reading graphs...
20 :  59
20 :  58
Initializing...
maxdom : 20
D->valSize : 400
Solving...
currentSize : 6 <-- 0.002210 s
currentSize : 7 <-- 0.002255 s
currentSize : 8 <-- 0.002270 s
currentSize : 9 <-- 0.002309 s
currentSize : 10 <-- 0.002715 s
currentSize : 11 <-- 0.006648 s
currentSize : 12 <-- 0.016064 s
currentSize : 13 <-- 0.018795 s
currentSize : 14 <-- 0.037902 s
currentSize : 15 <-- 0.147573 s

maxsize : 15
nodes : 21747.000000
filtered : 452370.000000
CCGP filtered : 8830.000000
CCGT filtered : 21912.000000
time : 0.198800
