Parameters: GAD=1 vflib=1 dir=0 label=0 lowerbound=1 fileNameGp=../graphsdb/mcs70/m3D/m3Dr6/mcs70_m3Dr6_s35.A14 fileNameGt=../graphsdb/mcs70/m3D/m3Dr6/mcs70_m3Dr6_s35.B14
Reading graphs...
35 :  93
35 :  92
Initializing...
maxdom : 35
D->valSize : 1225
Solving...
currentSize : 16 <-- 0.034419 s
currentSize : 17 <-- 0.105339 s
currentSize : 18 <-- 0.112502 s
currentSize : 19 <-- 1.255221 s
currentSize : 20 <-- 1.392722 s
currentSize : 21 <-- 27.091093 s
currentSize : 22 <-- 331.469971 s
currentSize : 23 <-- 331.483307 s
currentSize : 24 <-- 466.788910 s
currentSize : 28 <-- 471.448120 s

maxsize : 28
nodes : 29628905.000000
filtered : 853446057.000000
CCGP filtered : 30691195.000000
CCGT filtered : 54841429.000000
time : 480.194702
