Parameters: GAD=1 vflib=1 dir=0 label=0 lowerbound=1 fileNameGp=../graphsdb/mcs70/m2D/m2Dr2/mcs70_m2Dr2_s35.A33 fileNameGt=../graphsdb/mcs70/m2D/m2Dr2/mcs70_m2Dr2_s35.B33
Reading graphs...
35 :  63
35 :  64
Initializing...
maxdom : 35
D->valSize : 1225
Solving...
currentSize : 16 <-- 0.036159 s
currentSize : 18 <-- 0.036212 s
currentSize : 19 <-- 0.036417 s
currentSize : 20 <-- 0.036516 s
currentSize : 21 <-- 0.077954 s
currentSize : 22 <-- 0.371432 s
currentSize : 23 <-- 2.429351 s
currentSize : 24 <-- 20.136911 s
currentSize : 25 <-- 33.941414 s

maxsize : 25
nodes : 11347036.000000
filtered : 476223918.000000
CCGP filtered : 104857263.000000
CCGT filtered : 67298186.000000
time : 369.796295
