Parameters: GAD=1 vflib=1 dir=0 label=0 lowerbound=1 fileNameGp=../graphsdb/mcs70/m2D/m2Dr2/mcs70_m2Dr2_s35.A19 fileNameGt=../graphsdb/mcs70/m2D/m2Dr2/mcs70_m2Dr2_s35.B19
Reading graphs...
35 :  64
35 :  64
Initializing...
maxdom : 35
D->valSize : 1225
Solving...
currentSize : 17 <-- 0.035865 s
currentSize : 18 <-- 0.035935 s
currentSize : 19 <-- 0.036078 s
currentSize : 20 <-- 0.036648 s
currentSize : 21 <-- 0.053535 s
currentSize : 22 <-- 0.085253 s
currentSize : 23 <-- 0.167482 s
currentSize : 24 <-- 6.504270 s
currentSize : 25 <-- 36.668545 s
currentSize : 26 <-- 489.399414 s

maxsize : 26
nodes : 22256817.000000
filtered : 858954606.000000
CCGP filtered : 105989020.000000
CCGT filtered : 48189287.000000
time : 591.493652
