Parameters: GAD=1 vflib=1 dir=0 label=0 lowerbound=1 fileNameGp=../graphsdb/mcs70/m2D/m2D/mcs70_m2D_s25.A80 fileNameGt=../graphsdb/mcs70/m2D/m2D/mcs70_m2D_s25.B80
Reading graphs...
25 :  40
25 :  40
Initializing...
maxdom : 25
D->valSize : 625
Solving...
currentSize : 10 <-- 0.009199 s
currentSize : 12 <-- 0.009341 s
currentSize : 13 <-- 0.009829 s
currentSize : 14 <-- 0.009908 s
currentSize : 15 <-- 0.014427 s
currentSize : 16 <-- 0.020082 s
currentSize : 17 <-- 0.069400 s
currentSize : 18 <-- 0.070483 s
currentSize : 19 <-- 1.176114 s

maxsize : 19
nodes : 118832.000000
filtered : 2866174.000000
CCGP filtered : 744571.000000
CCGT filtered : 559709.000000
time : 1.635451
