Parameters: GAD=1 vflib=1 dir=0 label=0 lowerbound=1 fileNameGp=../graphsdb/mcs70/m4D/m4D/mcs70_m4D_s25.A80 fileNameGt=../graphsdb/mcs70/m4D/m4D/mcs70_m4D_s25.B80
Reading graphs...
25 :  47
25 :  47
Initializing...
maxdom : 25
D->valSize : 625
Solving...
currentSize : 9 <-- 0.005168 s
currentSize : 11 <-- 0.005229 s
currentSize : 12 <-- 0.005784 s
currentSize : 13 <-- 0.006109 s
currentSize : 14 <-- 0.007481 s
currentSize : 15 <-- 0.009981 s
currentSize : 16 <-- 0.011262 s
currentSize : 17 <-- 0.053412 s
currentSize : 18 <-- 0.053695 s
currentSize : 19 <-- 0.472766 s

maxsize : 19
nodes : 58928.000000
filtered : 1726822.000000
CCGP filtered : 735630.000000
CCGT filtered : 247520.000000
time : 0.884410
