Parameters: GAD=1 vflib=1 dir=0 label=0 lowerbound=1 fileNameGp=../graphsdb/mcs70/m3D/m3Dr2/mcs70_m3Dr2_s35.A52 fileNameGt=../graphsdb/mcs70/m3D/m3Dr2/mcs70_m3Dr2_s35.B52
Reading graphs...
35 :  79
35 :  78
Initializing...
maxdom : 35
D->valSize : 1225
Solving...
currentSize : 18 <-- 0.020582 s
currentSize : 19 <-- 0.021806 s
currentSize : 20 <-- 0.056042 s
currentSize : 21 <-- 0.061278 s
currentSize : 22 <-- 0.215198 s
currentSize : 23 <-- 13.185064 s
currentSize : 24 <-- 276.802338 s
currentSize : 25 <-- 288.134338 s
currentSize : 26 <-- 411.904205 s
currentSize : 27 <-- 446.360107 s

maxsize : 27
nodes : 25089544.000000
filtered : 881871946.000000
CCGP filtered : 56672036.000000
CCGT filtered : 25273081.000000
time : 454.414520
