Parameters: GAD=1 vflib=1 dir=0 label=0 lowerbound=1 fileNameGp=../graphsdb/mcs70/m2D/m2D/mcs70_m2D_s35.A38 fileNameGt=../graphsdb/mcs70/m2D/m2D/mcs70_m2D_s35.B38
Reading graphs...
35 :  58
35 :  58
Initializing...
maxdom : 35
D->valSize : 1225
Solving...
currentSize : 20 <-- 0.021054 s
currentSize : 21 <-- 0.021144 s
currentSize : 22 <-- 0.021849 s
currentSize : 23 <-- 0.023220 s
currentSize : 24 <-- 0.023909 s
currentSize : 25 <-- 11.585687 s
currentSize : 26 <-- 11.962520 s
currentSize : 27 <-- 42.413303 s
currentSize : 28 <-- 42.413551 s

maxsize : 28
nodes : 2224323.000000
filtered : 92384340.000000
CCGP filtered : 15719953.000000
CCGT filtered : 7863666.000000
time : 82.218018
