Parameters: GAD=1 vflib=1 dir=0 label=0 lowerbound=1 fileNameGp=../graphsdb/mcs70/bvg/b09/mcs70_b09_s25.A07 fileNameGt=../graphsdb/mcs70/bvg/b09/mcs70_b09_s25.B07
Reading graphs...
25 :  110
25 :  110
Initializing...
maxdom : 25
D->valSize : 625
Solving...
currentSize : 9 <-- 0.007858 s
currentSize : 10 <-- 0.008011 s
currentSize : 11 <-- 0.012883 s
currentSize : 12 <-- 0.018787 s
currentSize : 13 <-- 0.018858 s
currentSize : 14 <-- 0.589682 s
currentSize : 15 <-- 4.199482 s
currentSize : 16 <-- 5.228335 s
currentSize : 17 <-- 5.239173 s

maxsize : 17
nodes : 623385.000000
filtered : 11472836.000000
CCGP filtered : 70698.000000
CCGT filtered : 148070.000000
time : 6.265468
