Parameters: GAD=1 vflib=1 dir=0 label=0 lowerbound=1 fileNameGp=../graphsdb/mcs70/bvg/b09/mcs70_b09_s35.A32 fileNameGt=../graphsdb/mcs70/bvg/b09/mcs70_b09_s35.B32
Reading graphs...
35 :  156
35 :  153
Initializing...
maxdom : 35
D->valSize : 1225
Solving...
currentSize : 13 <-- 0.017789 s
currentSize : 14 <-- 0.018326 s
currentSize : 15 <-- 0.019654 s
currentSize : 16 <-- 0.112812 s
currentSize : 17 <-- 0.135751 s
currentSize : 18 <-- 0.992921 s
currentSize : 19 <-- 0.993643 s
currentSize : 20 <-- 6.277071 s
currentSize : 21 <-- 7.432261 s
currentSize : 22 <-- 9.570403 s
currentSize : 23 <-- 34.627968 s
currentSize : 24 <-- 55.011990 s
currentSize : 25 <-- 58.943649 s

maxsize : 25
nodes : 4509335.000000
filtered : 204757283.000000
CCGP filtered : 666104.000000
CCGT filtered : 503347.000000
time : 69.144531
