Parameters: GAD=1 vflib=1 dir=0 label=0 lowerbound=1 fileNameGp=../graphsdb/mcs70/bvg/b06/mcs70_b06_s25.A21 fileNameGt=../graphsdb/mcs70/bvg/b06/mcs70_b06_s25.B21
Reading graphs...
25 :  74
25 :  72
Initializing...
maxdom : 25
D->valSize : 625
Solving...
currentSize : 10 <-- 0.004796 s
currentSize : 11 <-- 0.005036 s
currentSize : 12 <-- 0.007693 s
currentSize : 13 <-- 0.014436 s
currentSize : 14 <-- 0.032476 s
currentSize : 15 <-- 0.032538 s
currentSize : 16 <-- 0.034014 s
currentSize : 17 <-- 0.098390 s
currentSize : 18 <-- 0.098461 s

maxsize : 18
nodes : 83509.000000
filtered : 2599165.000000
CCGP filtered : 53337.000000
CCGT filtered : 49966.000000
time : 1.113844
