Parameters: GAD=1 vflib=1 dir=0 label=0 lowerbound=1 fileNameGp=../graphsdb/mcs70/bvg/b03/mcs70_b03_s35.A39 fileNameGt=../graphsdb/mcs70/bvg/b03/mcs70_b03_s35.B39
Reading graphs...
35 :  52
35 :  52
Initializing...
maxdom : 35
D->valSize : 1225
Solving...
currentSize : 19 <-- 0.020902 s
currentSize : 20 <-- 0.021054 s
currentSize : 21 <-- 0.021311 s
currentSize : 22 <-- 0.022496 s
currentSize : 23 <-- 0.022890 s
currentSize : 24 <-- 0.025715 s
currentSize : 25 <-- 0.065832 s
currentSize : 26 <-- 1.701958 s
currentSize : 27 <-- 15.221498 s
currentSize : 28 <-- 16.527699 s

maxsize : 28
nodes : 755881.000000
filtered : 35696342.000000
CCGP filtered : 24368391.000000
CCGT filtered : 7945857.000000
time : 48.428093
