Parameters: GAD=1 vflib=1 dir=0 label=0 lowerbound=1 fileNameGp=../graphsdb/mcs70/bvg/b03m/mcs70_b03m_s35.A61 fileNameGt=../graphsdb/mcs70/bvg/b03m/mcs70_b03m_s35.B61
Reading graphs...
35 :  51
35 :  50
Initializing...
maxdom : 35
D->valSize : 1225
Solving...
currentSize : 16 <-- 0.027462 s
currentSize : 17 <-- 0.027611 s
currentSize : 18 <-- 0.028750 s
currentSize : 19 <-- 0.034090 s
currentSize : 20 <-- 0.067104 s
currentSize : 21 <-- 0.089263 s
currentSize : 22 <-- 0.166960 s
currentSize : 23 <-- 0.727844 s
currentSize : 24 <-- 5.297141 s
currentSize : 25 <-- 9.267266 s

maxsize : 25
nodes : 3212588.000000
filtered : 113045278.000000
CCGP filtered : 70393681.000000
CCGT filtered : 44163483.000000
time : 78.693954
