Parameters: GAD=1 vflib=1 dir=0 label=0 lowerbound=1 fileNameGp=../graphsdb/mcs70/m2D/m2Dr2/mcs70_m2Dr2_s25.A78 fileNameGt=../graphsdb/mcs70/m2D/m2Dr2/mcs70_m2Dr2_s25.B78
Reading graphs...
25 :  44
25 :  44
Initializing...
maxdom : 25
D->valSize : 625
Solving...
currentSize : 9 <-- 0.009231 s
currentSize : 11 <-- 0.009312 s
currentSize : 12 <-- 0.009609 s
currentSize : 13 <-- 0.011182 s
currentSize : 14 <-- 0.013477 s
currentSize : 15 <-- 0.036614 s
currentSize : 16 <-- 0.165710 s
currentSize : 17 <-- 3.517172 s
currentSize : 18 <-- 3.625343 s

maxsize : 18
nodes : 449247.000000
filtered : 9714454.000000
CCGP filtered : 1208018.000000
CCGT filtered : 1393465.000000
time : 6.172528
