Parameters: GAD=1 vflib=1 dir=0 label=0 lowerbound=1 fileNameGp=../graphsdb/mcs70/m3D/m3Dr2/mcs70_m3Dr2_s35.A66 fileNameGt=../graphsdb/mcs70/m3D/m3Dr2/mcs70_m3Dr2_s35.B66
Reading graphs...
35 :  78
35 :  79
Initializing...
maxdom : 35
D->valSize : 1225
Solving...
currentSize : 16 <-- 0.035440 s
currentSize : 17 <-- 0.036072 s
currentSize : 18 <-- 0.036485 s
currentSize : 19 <-- 0.036889 s
currentSize : 20 <-- 0.145426 s
currentSize : 21 <-- 0.154658 s
currentSize : 23 <-- 2.527777 s
currentSize : 25 <-- 50.452740 s
currentSize : 28 <-- 50.857098 s

maxsize : 28
nodes : 3374457.000000
filtered : 117880324.000000
CCGP filtered : 5835752.000000
CCGT filtered : 3325512.000000
time : 63.263744
