Parameters: GAD=1 vflib=1 dir=0 label=0 lowerbound=1 fileNameGp=../graphsdb/mcs70/bvg/b09/mcs70_b09_s35.A75 fileNameGt=../graphsdb/mcs70/bvg/b09/mcs70_b09_s35.B75
Reading graphs...
35 :  156
35 :  153
Initializing...
maxdom : 35
D->valSize : 1225
Solving...
currentSize : 11 <-- 0.018145 s
currentSize : 12 <-- 0.018356 s
currentSize : 13 <-- 0.024071 s
currentSize : 14 <-- 0.048817 s
currentSize : 15 <-- 0.068058 s
currentSize : 16 <-- 0.165675 s
currentSize : 17 <-- 0.721692 s
currentSize : 18 <-- 0.723012 s
currentSize : 19 <-- 1.273463 s
currentSize : 20 <-- 2.024963 s
currentSize : 24 <-- 3.453941 s
currentSize : 25 <-- 11.539575 s

maxsize : 25
nodes : 1982494.000000
filtered : 85855721.000000
CCGP filtered : 430055.000000
CCGT filtered : 602282.000000
time : 33.431862
