Parameters: GAD=1 vflib=1 dir=0 label=0 lowerbound=1 fileNameGp=../graphsdb/mcs70/bvg/b06m/mcs70_b06m_s30.A35 fileNameGt=../graphsdb/mcs70/bvg/b06m/mcs70_b06m_s30.B35
Reading graphs...
30 :  88
30 :  88
Initializing...
maxdom : 30
D->valSize : 900
Solving...
currentSize : 11 <-- 0.018126 s
currentSize : 12 <-- 0.018414 s
currentSize : 13 <-- 0.019915 s
currentSize : 14 <-- 0.021807 s
currentSize : 15 <-- 0.050826 s
currentSize : 16 <-- 0.083093 s
currentSize : 17 <-- 0.103504 s
currentSize : 18 <-- 6.023227 s
currentSize : 20 <-- 6.023337 s
currentSize : 21 <-- 6.023572 s

maxsize : 21
nodes : 920979.000000
filtered : 30953673.000000
CCGP filtered : 1753475.000000
CCGT filtered : 2148780.000000
time : 13.756501
