Parameters: GAD=1 vflib=1 dir=0 label=0 lowerbound=1 fileNameGp=../graphsdb/mcs70/rand/r01/mcs70_r01_s35.A19 fileNameGt=../graphsdb/mcs70/rand/r01/mcs70_r01_s35.B19
Reading graphs...
35 :  109
35 :  111
Initializing...
maxdom : 35
D->valSize : 1225
Solving...
currentSize : 14 <-- 0.033890 s
currentSize : 15 <-- 0.034280 s
currentSize : 16 <-- 0.035453 s
currentSize : 17 <-- 0.035950 s
currentSize : 18 <-- 0.036811 s
currentSize : 19 <-- 2.556625 s
currentSize : 20 <-- 301.009033 s
currentSize : 21 <-- 897.272278 s
currentSize : 24 <-- 918.795837 s

maxsize : 24
nodes : 64410311.000000
filtered : 1867211301.000000
CCGP filtered : 65284566.000000
CCGT filtered : 53832224.000000
time : 1045.851318
