Parameters: GAD=1 vflib=1 dir=0 label=0 lowerbound=1 fileNameGp=../graphsdb/mcs70/bvg/b06m/mcs70_b06m_s35.A92 fileNameGt=../graphsdb/mcs70/bvg/b06m/mcs70_b06m_s35.B92
Reading graphs...
35 :  101
35 :  100
Initializing...
maxdom : 35
D->valSize : 1225
Solving...
currentSize : 14 <-- 0.019310 s
currentSize : 15 <-- 0.019365 s
currentSize : 16 <-- 0.020146 s
currentSize : 17 <-- 0.148648 s
currentSize : 18 <-- 0.208619 s
currentSize : 19 <-- 1.514988 s
currentSize : 20 <-- 2.289074 s
currentSize : 21 <-- 44.752354 s
currentSize : 22 <-- 61.460159 s
currentSize : 23 <-- 94.594055 s
currentSize : 24 <-- 186.781006 s

maxsize : 24
nodes : 11201553.000000
filtered : 458745032.000000
CCGP filtered : 37167683.000000
CCGT filtered : 17246325.000000
time : 232.381866
