Parameters: GAD=1 vflib=1 dir=0 label=0 lowerbound=1 fileNameGp=../graphsdb/mcs70/m2D/m2Dr4/mcs70_m2Dr4_s35.A56 fileNameGt=../graphsdb/mcs70/m2D/m2Dr4/mcs70_m2Dr4_s35.B56
Reading graphs...
35 :  71
35 :  70
Initializing...
maxdom : 35
D->valSize : 1225
Solving...
currentSize : 14 <-- 0.021448 s
currentSize : 15 <-- 0.021516 s
currentSize : 17 <-- 0.021596 s
currentSize : 18 <-- 0.023607 s
currentSize : 19 <-- 0.023878 s
currentSize : 20 <-- 0.067711 s
currentSize : 21 <-- 0.572012 s
currentSize : 22 <-- 6.170213 s
currentSize : 23 <-- 130.060181 s
currentSize : 24 <-- 497.475098 s
currentSize : 25 <-- 620.066162 s

maxsize : 25
nodes : 37561849.000000
filtered : 1319281787.000000
CCGP filtered : 157601197.000000
CCGT filtered : 131820246.000000
time : 775.164124
