Parameters: GAD=1 vflib=1 dir=0 label=0 lowerbound=1 fileNameGp=../graphsdb/mcs70/bvg/b03m/mcs70_b03m_s35.A53 fileNameGt=../graphsdb/mcs70/bvg/b03m/mcs70_b03m_s35.B53
Reading graphs...
35 :  52
35 :  52
Initializing...
maxdom : 35
D->valSize : 1225
Solving...
currentSize : 4 <-- 0.020728 s
currentSize : 16 <-- 0.020876 s
currentSize : 20 <-- 0.020988 s
currentSize : 21 <-- 0.021013 s
currentSize : 22 <-- 0.119424 s
currentSize : 23 <-- 0.299711 s
currentSize : 24 <-- 2.220107 s
currentSize : 25 <-- 4.332936 s
currentSize : 26 <-- 4.852187 s

maxsize : 26
nodes : 1132167.000000
filtered : 42811439.000000
CCGP filtered : 47522965.000000
CCGT filtered : 18625991.000000
time : 35.328213
