Parameters: GAD=1 vflib=1 dir=0 label=0 lowerbound=1 fileNameGp=../graphsdb/mcs70/m3D/m3D/mcs70_m3D_s35.A58 fileNameGt=../graphsdb/mcs70/m3D/m3D/mcs70_m3D_s35.B58
Reading graphs...
35 :  71
35 :  71
Initializing...
maxdom : 35
D->valSize : 1225
Solving...
currentSize : 18 <-- 0.020772 s
currentSize : 19 <-- 0.021291 s
currentSize : 20 <-- 0.022154 s
currentSize : 21 <-- 0.023971 s
currentSize : 22 <-- 0.032930 s
currentSize : 23 <-- 0.659691 s
currentSize : 24 <-- 15.429312 s
currentSize : 25 <-- 65.411629 s
currentSize : 27 <-- 66.553276 s
currentSize : 28 <-- 96.491402 s

maxsize : 28
nodes : 4843851.000000
filtered : 184248136.000000
CCGP filtered : 14785891.000000
CCGT filtered : 6392711.000000
time : 109.015945
