Parameters: GAD=1 vflib=1 dir=0 label=0 lowerbound=1 fileNameGp=../graphsdb/mcs70/bvg/b06/mcs70_b06_s30.A67 fileNameGt=../graphsdb/mcs70/bvg/b06/mcs70_b06_s30.B67
Reading graphs...
30 :  90
30 :  89
Initializing...
maxdom : 30
D->valSize : 900
Solving...
currentSize : 14 <-- 0.010099 s
currentSize : 15 <-- 0.010176 s
currentSize : 16 <-- 0.010348 s
currentSize : 17 <-- 0.010705 s
currentSize : 18 <-- 0.011627 s
currentSize : 19 <-- 0.015851 s
currentSize : 20 <-- 0.020609 s
currentSize : 21 <-- 0.025170 s
currentSize : 22 <-- 0.063797 s
currentSize : 23 <-- 0.356481 s

maxsize : 23
nodes : 107883.000000
filtered : 5462177.000000
CCGP filtered : 127655.000000
CCGT filtered : 10030.000000
time : 2.248418
