Parameters: GAD=1 vflib=1 dir=0 label=0 lowerbound=1 fileNameGp=../graphsdb/mcs70/m4D/m4Dr6/mcs70_m4Dr6_s25.A10 fileNameGt=../graphsdb/mcs70/m4D/m4Dr6/mcs70_m4Dr6_s25.B10
Reading graphs...
25 :  58
25 :  61
Initializing...
maxdom : 25
D->valSize : 625
Solving...
currentSize : 8 <-- 0.008808 s
currentSize : 9 <-- 0.008886 s
currentSize : 10 <-- 0.009251 s
currentSize : 11 <-- 0.009349 s
currentSize : 12 <-- 0.009416 s
currentSize : 13 <-- 0.009959 s
currentSize : 14 <-- 0.010013 s
currentSize : 15 <-- 0.014255 s
currentSize : 16 <-- 0.015785 s
currentSize : 17 <-- 0.046222 s

maxsize : 17
nodes : 181832.000000
filtered : 5469293.000000
CCGP filtered : 757289.000000
CCGT filtered : 346033.000000
time : 3.336355
