Parameters: GAD=1 vflib=1 dir=0 label=0 lowerbound=1 fileNameGp=../graphsdb/mcs70/bvg/b09m/mcs70_b09m_s35.A34 fileNameGt=../graphsdb/mcs70/bvg/b09m/mcs70_b09m_s35.B34
Reading graphs...
35 :  153
35 :  152
Initializing...
maxdom : 35
D->valSize : 1225
Solving...
currentSize : 11 <-- 0.023364 s
currentSize : 12 <-- 0.023465 s
currentSize : 13 <-- 0.023722 s
currentSize : 14 <-- 0.024046 s
currentSize : 15 <-- 0.025983 s
currentSize : 16 <-- 3.191510 s
currentSize : 17 <-- 5.340040 s
currentSize : 18 <-- 885.524353 s
currentSize : 24 <-- 885.524658 s

maxsize : 24
nodes : 68663123.000000
filtered : 1419691793.000000
CCGP filtered : 26545904.000000
CCGT filtered : 55646183.000000
time : 915.604736
