Parameters: GAD=1 vflib=1 dir=0 label=0 lowerbound=1 fileNameGp=../graphsdb/mcs70/m4D/m4Dr4/mcs70_m4Dr4_s25.A96 fileNameGt=../graphsdb/mcs70/m4D/m4Dr4/mcs70_m4Dr4_s25.B96
Reading graphs...
25 :  57
25 :  57
Initializing...
maxdom : 25
D->valSize : 625
Solving...
currentSize : 8 <-- 0.004979 s
currentSize : 9 <-- 0.005011 s
currentSize : 10 <-- 0.005044 s
currentSize : 11 <-- 0.005289 s
currentSize : 12 <-- 0.005740 s
currentSize : 14 <-- 0.006054 s
currentSize : 15 <-- 0.018199 s
currentSize : 16 <-- 0.092385 s
currentSize : 17 <-- 0.698459 s

maxsize : 17
nodes : 265659.000000
filtered : 8217925.000000
CCGP filtered : 1199292.000000
CCGT filtered : 720774.000000
time : 3.753625
