Parameters: GAD=1 vflib=1 dir=0 label=0 lowerbound=1 fileNameGp=../graphsdb/mcs70/bvg/b09m/mcs70_b09m_s30.A78 fileNameGt=../graphsdb/mcs70/bvg/b09m/mcs70_b09m_s30.B78
Reading graphs...
30 :  124
30 :  126
Initializing...
maxdom : 30
D->valSize : 900
Solving...
currentSize : 10 <-- 0.009706 s
currentSize : 11 <-- 0.009868 s
currentSize : 12 <-- 0.009997 s
currentSize : 13 <-- 0.010353 s
currentSize : 14 <-- 0.010858 s
currentSize : 15 <-- 1.334912 s
currentSize : 16 <-- 87.582207 s
currentSize : 17 <-- 88.996246 s
currentSize : 20 <-- 106.126617 s

maxsize : 20
nodes : 10505683.000000
filtered : 196272529.000000
CCGP filtered : 1730418.000000
CCGT filtered : 2000057.000000
time : 116.988861
