Parameters: GAD=1 vflib=1 dir=0 label=0 lowerbound=1 fileNameGp=../graphsdb/mcs70/rand/r02/mcs70_r02_s35.A80 fileNameGt=../graphsdb/mcs70/rand/r02/mcs70_r02_s35.B80
Reading graphs...
35 :  216
35 :  212
Initializing...
maxdom : 35
D->valSize : 1225
Solving...
currentSize : 9 <-- 0.017270 s
currentSize : 10 <-- 0.017361 s
currentSize : 11 <-- 0.017710 s
currentSize : 12 <-- 0.018666 s
currentSize : 13 <-- 0.049354 s
currentSize : 14 <-- 0.546706 s
currentSize : 15 <-- 9.623476 s
currentSize : 16 <-- 506.689178 s
currentSize : 17 <-- 506.689484 s
currentSize : 20 <-- 1223.188232 s
currentSize : 24 <-- 1403.133301 s

maxsize : 24
nodes : 109162207.000000
filtered : 1941094272.000000
CCGP filtered : 2427348.000000
CCGT filtered : 2659888.000000
time : 1416.976562
