Parameters: GAD=1 vflib=1 dir=0 label=0 lowerbound=1 fileNameGp=../graphsdb/mcs70/bvg/b06/mcs70_b06_s25.A34 fileNameGt=../graphsdb/mcs70/bvg/b06/mcs70_b06_s25.B34
Reading graphs...
25 :  73
25 :  73
Initializing...
maxdom : 25
D->valSize : 625
Solving...
currentSize : 11 <-- 0.004892 s
currentSize : 12 <-- 0.005602 s
currentSize : 13 <-- 0.006298 s
currentSize : 14 <-- 0.014568 s
currentSize : 15 <-- 0.017264 s
currentSize : 16 <-- 0.018025 s
currentSize : 17 <-- 0.022818 s
currentSize : 18 <-- 0.047207 s
currentSize : 19 <-- 0.060719 s

maxsize : 19
nodes : 31487.000000
filtered : 1007974.000000
CCGP filtered : 20789.000000
CCGT filtered : 3200.000000
time : 0.447994
