Parameters: GAD=1 vflib=1 dir=0 label=0 lowerbound=1 fileNameGp=../graphsdb/mcs70/m2D/m2Dr6/m2Dr6/mcs70_m2Dr6_s35.A37 fileNameGt=../graphsdb/mcs70/m2D/m2Dr6/m2Dr6/mcs70_m2Dr6_s35.B37
Reading graphs...
35 :  76
35 :  74
Initializing...
maxdom : 35
D->valSize : 1225
Solving...
currentSize : 16 <-- 0.020020 s
currentSize : 17 <-- 0.023148 s
currentSize : 18 <-- 0.029095 s
currentSize : 19 <-- 0.029363 s
currentSize : 20 <-- 0.178312 s
currentSize : 21 <-- 0.179133 s
currentSize : 22 <-- 7.270101 s
currentSize : 23 <-- 340.129547 s
currentSize : 24 <-- 458.118866 s
currentSize : 25 <-- 458.118958 s

maxsize : 25
nodes : 25429705.000000
filtered : 868104868.000000
CCGP filtered : 93281281.000000
CCGT filtered : 87353995.000000
time : 542.934570
