Parameters: GAD=1 vflib=1 dir=0 label=0 lowerbound=1 fileNameGp=../graphsdb/mcs70/m2D/m2D/mcs70_m2D_s35.A30 fileNameGt=../graphsdb/mcs70/m2D/m2D/mcs70_m2D_s35.B30
Reading graphs...
35 :  58
35 :  57
Initializing...
maxdom : 35
D->valSize : 1225
Solving...
currentSize : 18 <-- 0.036975 s
currentSize : 19 <-- 0.037329 s
currentSize : 20 <-- 0.037739 s
currentSize : 21 <-- 0.048449 s
currentSize : 22 <-- 0.069639 s
currentSize : 23 <-- 0.074375 s
currentSize : 24 <-- 2.600554 s
currentSize : 25 <-- 14.857464 s
currentSize : 26 <-- 15.340789 s
currentSize : 27 <-- 40.774796 s

maxsize : 27
nodes : 2384268.000000
filtered : 104400477.000000
CCGP filtered : 24165898.000000
CCGT filtered : 13082002.000000
time : 97.612839
