Parameters: GAD=1 vflib=1 dir=0 label=0 lowerbound=1 fileNameGp=../graphsdb/mcs70/m2D/m2D/mcs70_m2D_s35.A60 fileNameGt=../graphsdb/mcs70/m2D/m2D/mcs70_m2D_s35.B60
Reading graphs...
35 :  58
35 :  58
Initializing...
maxdom : 35
D->valSize : 1225
Solving...
currentSize : 15 <-- 0.020925 s
currentSize : 18 <-- 0.020994 s
currentSize : 19 <-- 0.021172 s
currentSize : 20 <-- 0.023500 s
currentSize : 21 <-- 0.054095 s
currentSize : 22 <-- 0.114248 s
currentSize : 23 <-- 0.116784 s
currentSize : 24 <-- 0.131054 s
currentSize : 25 <-- 0.221050 s
currentSize : 26 <-- 2.376566 s

maxsize : 26
nodes : 7121097.000000
filtered : 306012531.000000
CCGP filtered : 76917920.000000
CCGT filtered : 34898811.000000
time : 292.807037
