Parameters: GAD=1 vflib=1 dir=0 label=0 lowerbound=1 fileNameGp=../graphsdb/mcs70/bvg/b03m/mcs70_b03m_s30.A28 fileNameGt=../graphsdb/mcs70/bvg/b03m/mcs70_b03m_s30.B28
Reading graphs...
30 :  45
30 :  44
Initializing...
maxdom : 30
D->valSize : 900
Solving...
currentSize : 9 <-- 0.011169 s
currentSize : 10 <-- 0.011311 s
currentSize : 15 <-- 0.011358 s
currentSize : 16 <-- 0.011554 s
currentSize : 17 <-- 0.018201 s
currentSize : 18 <-- 0.022979 s
currentSize : 19 <-- 0.025741 s
currentSize : 20 <-- 0.025892 s
currentSize : 21 <-- 0.395348 s
currentSize : 22 <-- 1.811018 s
currentSize : 23 <-- 2.547374 s

maxsize : 23
nodes : 348801.000000
filtered : 12537526.000000
CCGP filtered : 6128167.000000
CCGT filtered : 4096485.000000
time : 8.057864
