Parameters: GAD=1 vflib=1 dir=0 label=0 lowerbound=1 fileNameGp=../graphsdb/mcs70/bvg/b09m/mcs70_b09m_s35.A89 fileNameGt=../graphsdb/mcs70/bvg/b09m/mcs70_b09m_s35.B89
Reading graphs...
35 :  146
35 :  150
Initializing...
maxdom : 35
D->valSize : 1225
Solving...
currentSize : 12 <-- 0.018567 s
currentSize : 13 <-- 0.018765 s
currentSize : 14 <-- 0.019119 s
currentSize : 15 <-- 0.019721 s
currentSize : 16 <-- 0.021521 s
currentSize : 17 <-- 0.502101 s
currentSize : 18 <-- 53.083633 s
currentSize : 19 <-- 162.949341 s
currentSize : 21 <-- 216.414337 s
currentSize : 22 <-- 422.998749 s
currentSize : 23 <-- 423.227997 s
currentSize : 24 <-- 448.517365 s

maxsize : 24
nodes : 31703063.000000
filtered : 980924035.000000
CCGP filtered : 11043079.000000
CCGT filtered : 8937374.000000
time : 462.789093
