Parameters: GAD=1 vflib=1 dir=0 label=0 lowerbound=1 fileNameGp=../graphsdb/mcs70/rand/r01/mcs70_r01_s30.A46 fileNameGt=../graphsdb/mcs70/rand/r01/mcs70_r01_s30.B46
Reading graphs...
30 :  83
30 :  80
Initializing...
maxdom : 30
D->valSize : 900
Solving...
currentSize : 12 <-- 0.018176 s
currentSize : 13 <-- 0.018447 s
currentSize : 14 <-- 0.018572 s
currentSize : 15 <-- 0.021445 s
currentSize : 16 <-- 0.026239 s
currentSize : 17 <-- 0.712683 s
currentSize : 18 <-- 27.476641 s
currentSize : 19 <-- 65.288246 s
currentSize : 21 <-- 65.288368 s

maxsize : 21
nodes : 6247958.000000
filtered : 159635338.000000
CCGP filtered : 5186506.000000
CCGT filtered : 2378458.000000
time : 88.461464
