Parameters: GAD=1 vflib=1 dir=0 label=0 lowerbound=1 fileNameGp=../graphsdb/mcs70/bvg/b03m/mcs70_b03m_s35.A00 fileNameGt=../graphsdb/mcs70/bvg/b03m/mcs70_b03m_s35.B00
Reading graphs...
35 :  52
35 :  51
Initializing...
maxdom : 35
D->valSize : 1225
Solving...
currentSize : 17 <-- 0.021128 s
currentSize : 18 <-- 0.021422 s
currentSize : 19 <-- 0.021478 s
currentSize : 20 <-- 0.021567 s
currentSize : 21 <-- 0.022762 s
currentSize : 22 <-- 0.025786 s
currentSize : 23 <-- 0.089434 s
currentSize : 24 <-- 1.036064 s
currentSize : 25 <-- 1.596620 s
currentSize : 26 <-- 32.047634 s

maxsize : 26
nodes : 3063563.000000
filtered : 131097958.000000
CCGP filtered : 55355709.000000
CCGT filtered : 35865584.000000
time : 121.677895
