Parameters: GAD=1 vflib=1 dir=0 label=0 lowerbound=1 fileNameGp=../graphsdb/mcs70/bvg/b09m/mcs70_b09m_s35.A47 fileNameGt=../graphsdb/mcs70/bvg/b09m/mcs70_b09m_s35.B47
Reading graphs...
35 :  151
35 :  153
Initializing...
maxdom : 35
D->valSize : 1225
Solving...
currentSize : 10 <-- 0.017986 s
currentSize : 11 <-- 0.018152 s
currentSize : 12 <-- 0.018633 s
currentSize : 13 <-- 0.020901 s
currentSize : 14 <-- 0.024253 s
currentSize : 15 <-- 0.176220 s
currentSize : 16 <-- 0.504492 s
currentSize : 17 <-- 12.084891 s
currentSize : 18 <-- 547.854370 s
currentSize : 22 <-- 594.127319 s
currentSize : 24 <-- 594.127502 s

maxsize : 24
nodes : 48839207.000000
filtered : 1025355126.000000
CCGP filtered : 23888748.000000
CCGT filtered : 29514736.000000
time : 640.716370
