Parameters: GAD=1 vflib=1 dir=0 label=0 lowerbound=1 fileNameGp=../graphsdb/mcs70/bvg/b09/mcs70_b09_s25.A65 fileNameGt=../graphsdb/mcs70/bvg/b09/mcs70_b09_s25.B65
Reading graphs...
25 :  108
25 :  110
Initializing...
maxdom : 25
D->valSize : 625
Solving...
currentSize : 7 <-- 0.007781 s
currentSize : 8 <-- 0.007822 s
currentSize : 9 <-- 0.007921 s
currentSize : 10 <-- 0.007945 s
currentSize : 11 <-- 0.008867 s
currentSize : 12 <-- 0.022762 s
currentSize : 13 <-- 0.103714 s
currentSize : 14 <-- 0.103929 s
currentSize : 16 <-- 0.125712 s
currentSize : 18 <-- 0.574379 s

maxsize : 18
nodes : 148491.000000
filtered : 3828381.000000
CCGP filtered : 1494.000000
CCGT filtered : 36989.000000
time : 1.690340
