Parameters: GAD=1 vflib=1 dir=0 label=0 lowerbound=1 fileNameGp=../graphsdb/mcs70/bvg/b03m/mcs70_b03m_s30.A13 fileNameGt=../graphsdb/mcs70/bvg/b03m/mcs70_b03m_s30.B13
Reading graphs...
30 :  45
30 :  45
Initializing...
maxdom : 30
D->valSize : 900
Solving...
currentSize : 11 <-- 0.019679 s
currentSize : 12 <-- 0.019746 s
currentSize : 13 <-- 0.019975 s
currentSize : 15 <-- 0.020550 s
currentSize : 16 <-- 0.023724 s
currentSize : 17 <-- 0.070690 s
currentSize : 18 <-- 0.095780 s
currentSize : 19 <-- 0.095793 s
currentSize : 20 <-- 0.297895 s
currentSize : 21 <-- 3.146986 s

maxsize : 21
nodes : 1279411.000000
filtered : 38196414.000000
CCGP filtered : 23279543.000000
CCGT filtered : 13974088.000000
time : 28.336231
