Parameters: GAD=1 vflib=1 dir=0 label=0 lowerbound=1 fileNameGp=../graphsdb/mcs70/bvg/b06/mcs70_b06_s35.A24 fileNameGt=../graphsdb/mcs70/bvg/b06/mcs70_b06_s35.B24
Reading graphs...
35 :  105
35 :  104
Initializing...
maxdom : 35
D->valSize : 1225
Solving...
currentSize : 15 <-- 0.019039 s
currentSize : 17 <-- 0.019151 s
currentSize : 18 <-- 0.026141 s
currentSize : 19 <-- 0.028578 s
currentSize : 20 <-- 0.065462 s
currentSize : 21 <-- 0.181578 s
currentSize : 22 <-- 0.308278 s
currentSize : 23 <-- 0.659669 s
currentSize : 24 <-- 0.661209 s
currentSize : 25 <-- 1.523278 s
currentSize : 26 <-- 15.626598 s

maxsize : 26
nodes : 2239190.000000
filtered : 113669278.000000
CCGP filtered : 5472119.000000
CCGT filtered : 1738357.000000
time : 55.164936
