Parameters: GAD=1 vflib=1 dir=0 label=0 lowerbound=1 fileNameGp=../graphsdb/mcs70/bvg/b06m/mcs70_b06m_s30.A85 fileNameGt=../graphsdb/mcs70/bvg/b06m/mcs70_b06m_s30.B85
Reading graphs...
30 :  88
30 :  86
Initializing...
maxdom : 30
D->valSize : 900
Solving...
currentSize : 10 <-- 0.017789 s
currentSize : 11 <-- 0.018003 s
currentSize : 12 <-- 0.018462 s
currentSize : 13 <-- 0.024016 s
currentSize : 14 <-- 0.026508 s
currentSize : 15 <-- 0.027513 s
currentSize : 16 <-- 0.029298 s
currentSize : 17 <-- 1.580844 s
currentSize : 18 <-- 22.046564 s
currentSize : 19 <-- 37.195042 s
currentSize : 21 <-- 37.232239 s

maxsize : 21
nodes : 3252864.000000
filtered : 98064398.000000
CCGP filtered : 7518138.000000
CCGT filtered : 7263254.000000
time : 45.592484
