Parameters: GAD=1 vflib=1 dir=0 label=0 lowerbound=1 fileNameGp=../graphsdb/mcs70/m3D/m3Dr6/mcs70_m3Dr6_s35.A21 fileNameGt=../graphsdb/mcs70/m3D/m3Dr6/mcs70_m3Dr6_s35.B21
Reading graphs...
35 :  90
35 :  89
Initializing...
maxdom : 35
D->valSize : 1225
Solving...
currentSize : 16 <-- 0.020045 s
currentSize : 17 <-- 0.021126 s
currentSize : 18 <-- 0.024022 s
currentSize : 19 <-- 0.035822 s
currentSize : 20 <-- 0.081696 s
currentSize : 21 <-- 5.110835 s
currentSize : 22 <-- 215.621094 s
currentSize : 23 <-- 831.481323 s
currentSize : 24 <-- 832.262390 s
currentSize : 27 <-- 832.262573 s

maxsize : 27
nodes : 48089488.000000
filtered : 1497647645.000000
CCGP filtered : 86680153.000000
CCGT filtered : 57785899.000000
time : 849.046997
