Parameters: GAD=1 vflib=1 dir=0 label=0 lowerbound=1 fileNameGp=../graphsdb/mcs70/bvg/b06/mcs70_b06_s30.A76 fileNameGt=../graphsdb/mcs70/bvg/b06/mcs70_b06_s30.B76
Reading graphs...
30 :  89
30 :  90
Initializing...
maxdom : 30
D->valSize : 900
Solving...
currentSize : 11 <-- 0.010420 s
currentSize : 12 <-- 0.010483 s
currentSize : 13 <-- 0.010551 s
currentSize : 14 <-- 0.010685 s
currentSize : 17 <-- 0.012861 s
currentSize : 18 <-- 0.013312 s
currentSize : 20 <-- 0.069436 s
currentSize : 21 <-- 0.203088 s
currentSize : 22 <-- 0.307943 s

maxsize : 22
nodes : 424032.000000
filtered : 17481680.000000
CCGP filtered : 409685.000000
CCGT filtered : 310512.000000
time : 8.657196
