Parameters: GAD=1 vflib=1 dir=0 label=0 lowerbound=1 fileNameGp=../graphsdb/mcs70/m3D/m3Dr6/mcs70_m3Dr6_s35.A36 fileNameGt=../graphsdb/mcs70/m3D/m3Dr6/mcs70_m3Dr6_s35.B36
Reading graphs...
35 :  89
35 :  88
Initializing...
maxdom : 35
D->valSize : 1225
Solving...
currentSize : 13 <-- 0.034763 s
currentSize : 14 <-- 0.034950 s
currentSize : 15 <-- 0.037232 s
currentSize : 17 <-- 0.037661 s
currentSize : 18 <-- 0.037988 s
currentSize : 19 <-- 0.090677 s
currentSize : 20 <-- 0.352505 s
currentSize : 21 <-- 0.838425 s
currentSize : 22 <-- 195.805618 s
currentSize : 23 <-- 212.971039 s
currentSize : 24 <-- 213.008057 s
currentSize : 25 <-- 246.912292 s
currentSize : 26 <-- 246.912537 s
currentSize : 27 <-- 265.905701 s

maxsize : 27
nodes : 16678285.000000
filtered : 501179846.000000
CCGP filtered : 34426366.000000
CCGT filtered : 22615421.000000
time : 275.968567
