Parameters: GAD=1 vflib=1 dir=0 label=0 lowerbound=1 fileNameGp=../graphsdb/mcs70/m2D/m2Dr6/m2Dr6/mcs70_m2Dr6_s35.A29 fileNameGt=../graphsdb/mcs70/m2D/m2Dr6/m2Dr6/mcs70_m2Dr6_s35.B29
Reading graphs...
35 :  77
35 :  78
Initializing...
maxdom : 35
D->valSize : 1225
Solving...
currentSize : 14 <-- 0.019945 s
currentSize : 16 <-- 0.020009 s
currentSize : 17 <-- 0.020402 s
currentSize : 18 <-- 0.021981 s
currentSize : 19 <-- 0.025736 s
currentSize : 20 <-- 0.031738 s
currentSize : 21 <-- 16.898151 s
currentSize : 22 <-- 38.608093 s
currentSize : 23 <-- 447.148804 s
currentSize : 24 <-- 447.418945 s
currentSize : 26 <-- 459.423523 s

maxsize : 26
nodes : 26974414.000000
filtered : 873668122.000000
CCGP filtered : 65154010.000000
CCGT filtered : 62689014.000000
time : 513.847473
