Parameters: GAD=1 vflib=1 dir=0 label=0 lowerbound=1 fileNameGp=../graphsdb/mcs70/bvg/b03m/mcs70_b03m_s30.A47 fileNameGt=../graphsdb/mcs70/bvg/b03m/mcs70_b03m_s30.B47
Reading graphs...
30 :  45
30 :  45
Initializing...
maxdom : 30
D->valSize : 900
Solving...
currentSize : 6 <-- 0.011126 s
currentSize : 8 <-- 0.011260 s
currentSize : 13 <-- 0.011350 s
currentSize : 15 <-- 0.011414 s
currentSize : 17 <-- 0.011941 s
currentSize : 18 <-- 0.012012 s
currentSize : 19 <-- 0.014725 s
currentSize : 20 <-- 0.014868 s
currentSize : 21 <-- 0.027995 s
currentSize : 22 <-- 1.470978 s
currentSize : 23 <-- 1.472421 s

maxsize : 23
nodes : 151990.000000
filtered : 5903476.000000
CCGP filtered : 3368058.000000
CCGT filtered : 1894520.000000
time : 4.825110
