Parameters: GAD=1 vflib=1 dir=0 label=0 lowerbound=1 fileNameGp=../graphsdb/mcs70/rand/r01/mcs70_r01_s35.A28 fileNameGt=../graphsdb/mcs70/rand/r01/mcs70_r01_s35.B28
Reading graphs...
35 :  111
35 :  114
Initializing...
maxdom : 35
D->valSize : 1225
Solving...
currentSize : 10 <-- 0.018924 s
currentSize : 11 <-- 0.019005 s
currentSize : 12 <-- 0.019123 s
currentSize : 13 <-- 0.019260 s
currentSize : 14 <-- 0.019573 s
currentSize : 15 <-- 0.020296 s
currentSize : 16 <-- 0.021867 s
currentSize : 17 <-- 0.025783 s
currentSize : 18 <-- 0.399515 s
currentSize : 19 <-- 2.397291 s
currentSize : 20 <-- 584.636475 s
currentSize : 21 <-- 586.936829 s
currentSize : 24 <-- 1454.652466 s

maxsize : 24
nodes : 113343874.000000
filtered : 3081406265.000000
CCGP filtered : 69468745.000000
CCGT filtered : 68343558.000000
time : 1572.963013
