Parameters: GAD=1 vflib=1 dir=0 label=0 lowerbound=1 fileNameGp=../graphsdb/mcs70/rand/r005/mcs70_r005_s35.A74 fileNameGt=../graphsdb/mcs70/rand/r005/mcs70_r005_s35.B74
Reading graphs...
35 :  58
35 :  58
Initializing...
maxdom : 35
D->valSize : 1225
Solving...
currentSize : 16 <-- 0.036716 s
currentSize : 18 <-- 0.036757 s
currentSize : 19 <-- 0.040003 s
currentSize : 20 <-- 0.040736 s
currentSize : 21 <-- 0.070066 s
currentSize : 22 <-- 0.080450 s
currentSize : 23 <-- 0.179734 s
currentSize : 24 <-- 1.561607 s
currentSize : 25 <-- 10.276632 s
currentSize : 26 <-- 238.115585 s

maxsize : 26
nodes : 13664282.000000
filtered : 528553999.000000
CCGP filtered : 99984651.000000
CCGT filtered : 86180555.000000
time : 413.576874
