Parameters: GAD=1 vflib=1 dir=0 label=0 lowerbound=1 fileNameGp=../graphsdb/mcs70/m3D/m3Dr2/mcs70_m3Dr2_s35.A43 fileNameGt=../graphsdb/mcs70/m3D/m3Dr2/mcs70_m3Dr2_s35.B43
Reading graphs...
35 :  78
35 :  79
Initializing...
maxdom : 35
D->valSize : 1225
Solving...
currentSize : 14 <-- 0.024787 s
currentSize : 15 <-- 0.024896 s
currentSize : 18 <-- 0.025010 s
currentSize : 19 <-- 0.054828 s
currentSize : 20 <-- 0.110226 s
currentSize : 21 <-- 0.254712 s
currentSize : 22 <-- 2.867965 s
currentSize : 23 <-- 82.679459 s
currentSize : 24 <-- 219.764801 s
currentSize : 25 <-- 233.072586 s
currentSize : 27 <-- 369.019928 s

maxsize : 27
nodes : 21807913.000000
filtered : 720325769.000000
CCGP filtered : 46701713.000000
CCGT filtered : 29590914.000000
time : 383.309662
