Parameters: GAD=1 vflib=1 dir=0 label=0 lowerbound=1 fileNameGp=../graphsdb/mcs70/bvg/b09/mcs70_b09_s30.A09 fileNameGt=../graphsdb/mcs70/bvg/b09/mcs70_b09_s30.B09
Reading graphs...
30 :  132
30 :  133
Initializing...
maxdom : 30
D->valSize : 900
Solving...
currentSize : 9 <-- 0.009560 s
currentSize : 10 <-- 0.009652 s
currentSize : 11 <-- 0.009809 s
currentSize : 12 <-- 0.010005 s
currentSize : 13 <-- 0.017096 s
currentSize : 14 <-- 0.112033 s
currentSize : 16 <-- 1.042562 s
currentSize : 17 <-- 1.088551 s
currentSize : 19 <-- 1.088626 s
currentSize : 20 <-- 1.088769 s
currentSize : 21 <-- 1.406986 s

maxsize : 21
nodes : 659148.000000
filtered : 22307553.000000
CCGP filtered : 62616.000000
CCGT filtered : 78158.000000
time : 8.743888
