Parameters: GAD=1 vflib=1 dir=0 label=0 lowerbound=1 fileNameGp=../graphsdb/mcs70/rand/r01/mcs70_r01_s35.A47 fileNameGt=../graphsdb/mcs70/rand/r01/mcs70_r01_s35.B47
Reading graphs...
35 :  110
35 :  115
Initializing...
maxdom : 35
D->valSize : 1225
Solving...
currentSize : 13 <-- 0.019142 s
currentSize : 14 <-- 0.019178 s
currentSize : 15 <-- 0.019695 s
currentSize : 16 <-- 0.022615 s
currentSize : 17 <-- 0.039830 s
currentSize : 18 <-- 2.488351 s
currentSize : 19 <-- 6.885227 s
currentSize : 20 <-- 18.879276 s
currentSize : 21 <-- 609.068298 s
currentSize : 24 <-- 612.912781 s

maxsize : 24
nodes : 46216883.000000
filtered : 1307840815.000000
CCGP filtered : 22135264.000000
CCGT filtered : 49464448.000000
time : 713.599548
