Parameters: GAD=1 vflib=1 dir=0 label=0 lowerbound=1 fileNameGp=../graphsdb/mcs70/bvg/b06m/mcs70_b06m_s35.A29 fileNameGt=../graphsdb/mcs70/bvg/b06m/mcs70_b06m_s35.B29
Reading graphs...
35 :  102
35 :  103
Initializing...
maxdom : 35
D->valSize : 1225
Solving...
currentSize : 14 <-- 0.034033 s
currentSize : 15 <-- 0.034145 s
currentSize : 16 <-- 0.041690 s
currentSize : 17 <-- 0.043712 s
currentSize : 18 <-- 0.116926 s
currentSize : 19 <-- 0.556862 s
currentSize : 20 <-- 5.421085 s
currentSize : 21 <-- 16.583834 s
currentSize : 22 <-- 73.272011 s
currentSize : 24 <-- 73.272621 s

maxsize : 24
nodes : 9377274.000000
filtered : 414769935.000000
CCGP filtered : 27532787.000000
CCGT filtered : 18847304.000000
time : 206.531479
