Parameters: GAD=1 vflib=1 dir=0 label=0 lowerbound=1 fileNameGp=../graphsdb/mcs70/rand/r005/mcs70_r005_s30.A46 fileNameGt=../graphsdb/mcs70/rand/r005/mcs70_r005_s30.B46
Reading graphs...
30 :  42
30 :  41
Initializing...
maxdom : 30
D->valSize : 900
Solving...
currentSize : 13 <-- 0.011541 s
currentSize : 14 <-- 0.011605 s
currentSize : 16 <-- 0.011672 s
currentSize : 17 <-- 0.030675 s
currentSize : 18 <-- 0.037490 s
currentSize : 19 <-- 0.037550 s
currentSize : 20 <-- 0.038844 s
currentSize : 21 <-- 0.154014 s
currentSize : 22 <-- 0.800775 s
currentSize : 23 <-- 1.191103 s

maxsize : 23
nodes : 118839.000000
filtered : 3884459.000000
CCGP filtered : 2220587.000000
CCGT filtered : 977647.000000
time : 2.378051
