Parameters: GAD=1 vflib=1 dir=0 label=0 lowerbound=1 fileNameGp=../graphsdb/mcs70/bvg/b03/mcs70_b03_s35.A31 fileNameGt=../graphsdb/mcs70/bvg/b03/mcs70_b03_s35.B31
Reading graphs...
35 :  51
35 :  52
Initializing...
maxdom : 35
D->valSize : 1225
Solving...
currentSize : 16 <-- 0.025442 s
currentSize : 20 <-- 0.025504 s
currentSize : 21 <-- 0.025530 s
currentSize : 22 <-- 0.025548 s
currentSize : 23 <-- 0.025934 s
currentSize : 25 <-- 0.026191 s
currentSize : 26 <-- 13.082030 s
currentSize : 27 <-- 94.934517 s
currentSize : 28 <-- 190.986404 s

maxsize : 28
nodes : 5079559.000000
filtered : 196524843.000000
CCGP filtered : 147267592.000000
CCGT filtered : 38228717.000000
time : 198.163788
