Parameters: GAD=1 vflib=1 dir=0 label=0 lowerbound=1 fileNameGp=../graphsdb/mcs70/bvg/b06m/mcs70_b06m_s30.A43 fileNameGt=../graphsdb/mcs70/bvg/b06m/mcs70_b06m_s30.B43
Reading graphs...
30 :  86
30 :  86
Initializing...
maxdom : 30
D->valSize : 900
Solving...
currentSize : 11 <-- 0.018012 s
currentSize : 12 <-- 0.018066 s
currentSize : 13 <-- 0.018859 s
currentSize : 14 <-- 0.043985 s
currentSize : 15 <-- 0.115041 s
currentSize : 16 <-- 0.625916 s
currentSize : 17 <-- 2.950839 s
currentSize : 19 <-- 41.738972 s
currentSize : 21 <-- 41.739594 s

maxsize : 21
nodes : 4137373.000000
filtered : 110102727.000000
CCGP filtered : 7806831.000000
CCGT filtered : 9910203.000000
time : 55.639175
