Parameters: GAD=1 vflib=1 dir=0 label=0 lowerbound=1 fileNameGp=../graphsdb/mcs70/m3D/m3D/mcs70_m3D_s35.A08 fileNameGt=../graphsdb/mcs70/m3D/m3D/mcs70_m3D_s35.B08
Reading graphs...
35 :  72
35 :  72
Initializing...
maxdom : 35
D->valSize : 1225
Solving...
currentSize : 19 <-- 0.036255 s
currentSize : 20 <-- 0.036602 s
currentSize : 21 <-- 0.041693 s
currentSize : 22 <-- 0.062160 s
currentSize : 23 <-- 0.077468 s
currentSize : 24 <-- 0.491659 s
currentSize : 25 <-- 2.806365 s
currentSize : 26 <-- 108.048462 s
currentSize : 27 <-- 167.175995 s
currentSize : 28 <-- 168.723145 s
currentSize : 29 <-- 172.288605 s

maxsize : 29
nodes : 8363400.000000
filtered : 330364368.000000
CCGP filtered : 18153026.000000
CCGT filtered : 12155166.000000
time : 176.298294
