Parameters: GAD=1 vflib=1 dir=0 label=0 lowerbound=1 fileNameGp=../graphsdb/mcs70/bvg/b06m/mcs70_b06m_s30.A41 fileNameGt=../graphsdb/mcs70/bvg/b06m/mcs70_b06m_s30.B41
Reading graphs...
30 :  87
30 :  86
Initializing...
maxdom : 30
D->valSize : 900
Solving...
currentSize : 12 <-- 0.017699 s
currentSize : 13 <-- 0.017887 s
currentSize : 14 <-- 0.021549 s
currentSize : 15 <-- 0.022985 s
currentSize : 16 <-- 0.023180 s
currentSize : 17 <-- 1.036113 s
currentSize : 18 <-- 18.117390 s
currentSize : 19 <-- 62.827240 s
currentSize : 21 <-- 62.827293 s

maxsize : 21
nodes : 4614033.000000
filtered : 126181451.000000
CCGP filtered : 7967277.000000
CCGT filtered : 5972374.000000
time : 70.098289
