Parameters: GAD=1 vflib=1 dir=0 label=0 lowerbound=1 fileNameGp=../graphsdb/mcs70/bvg/b09/mcs70_b09_s25.A45 fileNameGt=../graphsdb/mcs70/bvg/b09/mcs70_b09_s25.B45
Reading graphs...
25 :  110
25 :  109
Initializing...
maxdom : 25
D->valSize : 625
Solving...
currentSize : 9 <-- 0.007776 s
currentSize : 10 <-- 0.007919 s
currentSize : 11 <-- 0.010615 s
currentSize : 12 <-- 0.037276 s
currentSize : 13 <-- 0.076266 s
currentSize : 14 <-- 0.149491 s
currentSize : 15 <-- 0.149569 s
currentSize : 16 <-- 0.149672 s
currentSize : 17 <-- 1.077490 s

maxsize : 17
nodes : 253066.000000
filtered : 6060501.000000
CCGP filtered : 15669.000000
CCGT filtered : 16196.000000
time : 2.646187
