Parameters: GAD=1 vflib=1 dir=0 label=0 lowerbound=1 fileNameGp=../graphsdb/mcs70/rand/r005/mcs70_r005_s35.A57 fileNameGt=../graphsdb/mcs70/rand/r005/mcs70_r005_s35.B57
Reading graphs...
35 :  57
35 :  58
Initializing...
maxdom : 35
D->valSize : 1225
Solving...
currentSize : 15 <-- 0.020772 s
currentSize : 16 <-- 0.020845 s
currentSize : 18 <-- 0.021082 s
currentSize : 19 <-- 0.028255 s
currentSize : 20 <-- 0.029480 s
currentSize : 21 <-- 0.114909 s
currentSize : 22 <-- 0.234902 s
currentSize : 23 <-- 0.364611 s
currentSize : 24 <-- 1.915009 s
currentSize : 25 <-- 23.611803 s
currentSize : 26 <-- 90.359772 s

maxsize : 26
nodes : 5033925.000000
filtered : 203269374.000000
CCGP filtered : 98032681.000000
CCGT filtered : 24558145.000000
time : 143.239868
