Parameters: GAD=1 vflib=1 dir=0 label=0 lowerbound=1 fileNameGp=../graphsdb/mcs70/bvg/b06/mcs70_b06_s35.A33 fileNameGt=../graphsdb/mcs70/bvg/b06/mcs70_b06_s35.B33
Reading graphs...
35 :  105
35 :  104
Initializing...
maxdom : 35
D->valSize : 1225
Solving...
currentSize : 13 <-- 0.019117 s
currentSize : 14 <-- 0.019202 s
currentSize : 15 <-- 0.019286 s
currentSize : 16 <-- 0.019932 s
currentSize : 17 <-- 0.027399 s
currentSize : 18 <-- 0.045688 s
currentSize : 19 <-- 0.983474 s
currentSize : 20 <-- 2.426919 s
currentSize : 21 <-- 2.928526 s
currentSize : 22 <-- 2.928909 s
currentSize : 24 <-- 3.347237 s
currentSize : 25 <-- 5.563517 s
currentSize : 26 <-- 42.944851 s

maxsize : 26
nodes : 1895689.000000
filtered : 91868049.000000
CCGP filtered : 3436002.000000
CCGT filtered : 1138330.000000
time : 54.750488
