Parameters: GAD=1 vflib=1 dir=0 label=0 lowerbound=1 fileNameGp=../graphsdb/mcs70/m3D/m3Dr4/mcs70_m3Dr4_s35.A21 fileNameGt=../graphsdb/mcs70/m3D/m3Dr4/mcs70_m3Dr4_s35.B21
Reading graphs...
35 :  86
35 :  86
Initializing...
maxdom : 35
D->valSize : 1225
Solving...
currentSize : 15 <-- 0.019842 s
currentSize : 16 <-- 0.020152 s
currentSize : 17 <-- 0.020595 s
currentSize : 18 <-- 0.024450 s
currentSize : 19 <-- 0.028972 s
currentSize : 20 <-- 0.393654 s
currentSize : 21 <-- 26.446836 s
currentSize : 22 <-- 969.424133 s
currentSize : 25 <-- 985.292847 s
currentSize : 27 <-- 985.293091 s

maxsize : 27
nodes : 60325159.000000
filtered : 1642088564.000000
CCGP filtered : 148597106.000000
CCGT filtered : 84488214.000000
time : 1010.644226
