Parameters: GAD=1 vflib=1 dir=0 label=0 lowerbound=1 fileNameGp=../graphsdb/mcs70/m3D/m3Dr6/mcs70_m3Dr6_s35.A43 fileNameGt=../graphsdb/mcs70/m3D/m3Dr6/mcs70_m3Dr6_s35.B43
Reading graphs...
35 :  92
35 :  90
Initializing...
maxdom : 35
D->valSize : 1225
Solving...
currentSize : 15 <-- 0.019741 s
currentSize : 16 <-- 0.020017 s
currentSize : 17 <-- 0.020166 s
currentSize : 18 <-- 0.026961 s
currentSize : 19 <-- 0.029211 s
currentSize : 20 <-- 0.718381 s
currentSize : 21 <-- 11.036769 s
currentSize : 22 <-- 40.430836 s
currentSize : 23 <-- 137.685074 s
currentSize : 24 <-- 138.100311 s
currentSize : 25 <-- 141.368042 s
currentSize : 26 <-- 141.498169 s
currentSize : 27 <-- 145.724258 s

maxsize : 27
nodes : 9627171.000000
filtered : 320317056.000000
CCGP filtered : 13191213.000000
CCGT filtered : 6896216.000000
time : 163.259567
