Parameters: GAD=1 vflib=1 dir=0 label=0 lowerbound=1 fileNameGp=../graphsdb/mcs70/m3D/m3Dr2/mcs70_m3Dr2_s35.A38 fileNameGt=../graphsdb/mcs70/m3D/m3Dr2/mcs70_m3Dr2_s35.B38
Reading graphs...
35 :  77
35 :  77
Initializing...
maxdom : 35
D->valSize : 1225
Solving...
currentSize : 13 <-- 0.035513 s
currentSize : 16 <-- 0.035585 s
currentSize : 17 <-- 0.035814 s
currentSize : 18 <-- 0.036155 s
currentSize : 19 <-- 0.054192 s
currentSize : 20 <-- 0.065264 s
currentSize : 21 <-- 0.291645 s
currentSize : 22 <-- 0.467537 s
currentSize : 24 <-- 0.677073 s
currentSize : 25 <-- 2.339241 s
currentSize : 27 <-- 9.357677 s

maxsize : 27
nodes : 2019008.000000
filtered : 106234883.000000
CCGP filtered : 3148799.000000
CCGT filtered : 2206587.000000
time : 52.965134
