Parameters: GAD=1 vflib=1 dir=0 label=0 lowerbound=1 fileNameGp=../graphsdb/mcs70/rand/r01/mcs70_r01_s35.A01 fileNameGt=../graphsdb/mcs70/rand/r01/mcs70_r01_s35.B01
Reading graphs...
35 :  113
35 :  115
Initializing...
maxdom : 35
D->valSize : 1225
Solving...
currentSize : 13 <-- 0.019888 s
currentSize : 14 <-- 0.020600 s
currentSize : 15 <-- 0.021632 s
currentSize : 16 <-- 0.035317 s
currentSize : 17 <-- 0.190084 s
currentSize : 18 <-- 0.749777 s
currentSize : 19 <-- 13.741931 s
currentSize : 20 <-- 178.109085 s
currentSize : 21 <-- 515.900024 s
currentSize : 24 <-- 515.968872 s

maxsize : 24
nodes : 39399031.000000
filtered : 1122904031.000000
CCGP filtered : 37168528.000000
CCGT filtered : 51914120.000000
time : 610.435730
