Parameters: GAD=1 vflib=1 dir=0 label=0 lowerbound=1 fileNameGp=../graphsdb/mcs70/m3D/m3Dr6/mcs70_m3Dr6_s35.A38 fileNameGt=../graphsdb/mcs70/m3D/m3Dr6/mcs70_m3Dr6_s35.B38
Reading graphs...
35 :  93
35 :  93
Initializing...
maxdom : 35
D->valSize : 1225
Solving...
currentSize : 15 <-- 0.034754 s
currentSize : 16 <-- 0.036966 s
currentSize : 17 <-- 0.062220 s
currentSize : 18 <-- 0.229245 s
currentSize : 19 <-- 0.242113 s
currentSize : 20 <-- 0.934300 s
currentSize : 21 <-- 190.938599 s
currentSize : 22 <-- 241.693115 s
currentSize : 23 <-- 241.702316 s
currentSize : 24 <-- 298.924133 s
currentSize : 25 <-- 495.260834 s
currentSize : 27 <-- 521.704407 s

maxsize : 27
nodes : 35888655.000000
filtered : 1090401513.000000
CCGP filtered : 43602779.000000
CCGT filtered : 42300946.000000
time : 524.443787
