Parameters: GAD=1 vflib=1 dir=0 label=0 lowerbound=1 fileNameGp=../graphsdb/mcs70/rand/r01/mcs70_r01_s35.A17 fileNameGt=../graphsdb/mcs70/rand/r01/mcs70_r01_s35.B17
Reading graphs...
35 :  113
35 :  112
Initializing...
maxdom : 35
D->valSize : 1225
Solving...
currentSize : 13 <-- 0.033209 s
currentSize : 14 <-- 0.033260 s
currentSize : 15 <-- 0.033415 s
currentSize : 16 <-- 0.034578 s
currentSize : 17 <-- 0.061383 s
currentSize : 18 <-- 0.193693 s
currentSize : 19 <-- 35.867188 s
currentSize : 20 <-- 84.897881 s
currentSize : 22 <-- 1844.844360 s
currentSize : 23 <-- 1919.489136 s
currentSize : 24 <-- 1919.576538 s

maxsize : 24
nodes : 119317999.000000
filtered : 3510220972.000000
CCGP filtered : 147319135.000000
CCGT filtered : 122902402.000000
time : 1945.144531
