Parameters: GAD=1 vflib=1 dir=0 label=0 lowerbound=1 fileNameGp=../graphsdb/mcs70/m3D/m3Dr4/mcs70_m3Dr4_s35.A15 fileNameGt=../graphsdb/mcs70/m3D/m3Dr4/mcs70_m3Dr4_s35.B15
Reading graphs...
35 :  86
35 :  85
Initializing...
maxdom : 35
D->valSize : 1225
Solving...
currentSize : 16 <-- 0.035140 s
currentSize : 17 <-- 0.043800 s
currentSize : 18 <-- 0.047670 s
currentSize : 19 <-- 0.050624 s
currentSize : 20 <-- 1.058588 s
currentSize : 21 <-- 1.331499 s
currentSize : 22 <-- 41.937862 s
currentSize : 23 <-- 365.442932 s
currentSize : 24 <-- 365.640045 s
currentSize : 25 <-- 533.680481 s
currentSize : 27 <-- 533.680664 s

maxsize : 27
nodes : 31813224.000000
filtered : 1109462050.000000
CCGP filtered : 50767131.000000
CCGT filtered : 54800923.000000
time : 546.550598
