Parameters: GAD=1 vflib=1 dir=0 label=0 lowerbound=1 fileNameGp=../graphsdb/mcs70/bvg/b09m/mcs70_b09m_s30.A73 fileNameGt=../graphsdb/mcs70/bvg/b09m/mcs70_b09m_s30.B73
Reading graphs...
30 :  129
30 :  132
Initializing...
maxdom : 30
D->valSize : 900
Solving...
currentSize : 10 <-- 0.015686 s
currentSize : 11 <-- 0.015982 s
currentSize : 12 <-- 0.018028 s
currentSize : 13 <-- 0.033675 s
currentSize : 14 <-- 0.038446 s
currentSize : 15 <-- 7.047533 s
currentSize : 16 <-- 137.549103 s
currentSize : 19 <-- 139.280060 s
currentSize : 20 <-- 139.280548 s

maxsize : 20
nodes : 13763254.000000
filtered : 215219984.000000
CCGP filtered : 3214500.000000
CCGT filtered : 6758176.000000
time : 149.190140
