Parameters: GAD=1 vflib=1 dir=0 label=0 lowerbound=1 fileNameGp=../graphsdb/mcs70/m2D/m2Dr2/mcs70_m2Dr2_s35.A85 fileNameGt=../graphsdb/mcs70/m2D/m2Dr2/mcs70_m2Dr2_s35.B85
Reading graphs...
35 :  65
35 :  64
Initializing...
maxdom : 35
D->valSize : 1225
Solving...
currentSize : 13 <-- 0.020433 s
currentSize : 17 <-- 0.020583 s
currentSize : 18 <-- 0.020874 s
currentSize : 19 <-- 0.021655 s
currentSize : 20 <-- 0.027594 s
currentSize : 21 <-- 0.033861 s
currentSize : 22 <-- 1.743941 s
currentSize : 23 <-- 8.412161 s
currentSize : 24 <-- 44.078743 s
currentSize : 25 <-- 84.725815 s
currentSize : 26 <-- 84.725906 s

maxsize : 26
nodes : 6144870.000000
filtered : 246542564.000000
CCGP filtered : 47895721.000000
CCGT filtered : 27301838.000000
time : 186.447037
