Parameters: GAD=1 vflib=1 dir=0 label=0 lowerbound=1 fileNameGp=../graphsdb/mcs70/rand/r005/mcs70_r005_s30.A81 fileNameGt=../graphsdb/mcs70/rand/r005/mcs70_r005_s30.B81
Reading graphs...
30 :  42
30 :  42
Initializing...
maxdom : 30
D->valSize : 900
Solving...
currentSize : 16 <-- 0.019863 s
currentSize : 17 <-- 0.021300 s
currentSize : 18 <-- 0.130724 s
currentSize : 19 <-- 0.261855 s
currentSize : 20 <-- 0.700537 s
currentSize : 21 <-- 1.204501 s
currentSize : 22 <-- 3.939729 s
currentSize : 23 <-- 3.940428 s
currentSize : 24 <-- 3.941708 s

maxsize : 24
nodes : 316451.000000
filtered : 6759602.000000
CCGP filtered : 3462021.000000
CCGT filtered : 2777110.000000
time : 4.484527
