Parameters: GAD=1 vflib=1 dir=0 label=0 lowerbound=1 fileNameGp=../graphsdb/mcs70/m3D/m3Dr4/mcs70_m3Dr4_s35.A50 fileNameGt=../graphsdb/mcs70/m3D/m3Dr4/mcs70_m3Dr4_s35.B50
Reading graphs...
35 :  86
35 :  84
Initializing...
maxdom : 35
D->valSize : 1225
Solving...
currentSize : 12 <-- 0.035260 s
currentSize : 14 <-- 0.035358 s
currentSize : 15 <-- 0.035526 s
currentSize : 16 <-- 0.035867 s
currentSize : 17 <-- 0.036015 s
currentSize : 18 <-- 0.041241 s
currentSize : 19 <-- 0.052788 s
currentSize : 20 <-- 0.077661 s
currentSize : 21 <-- 32.260773 s
currentSize : 22 <-- 200.918915 s
currentSize : 23 <-- 200.921417 s
currentSize : 24 <-- 200.922165 s
currentSize : 27 <-- 223.220306 s

maxsize : 27
nodes : 14507515.000000
filtered : 456342634.000000
CCGP filtered : 27362134.000000
CCGT filtered : 30410184.000000
time : 239.945053
