Parameters: GAD=1 vflib=1 dir=0 label=0 lowerbound=1 fileNameGp=../graphsdb/mcs70/m3D/m3D/mcs70_m3D_s35.A09 fileNameGt=../graphsdb/mcs70/m3D/m3D/mcs70_m3D_s35.B09
Reading graphs...
35 :  72
35 :  72
Initializing...
maxdom : 35
D->valSize : 1225
Solving...
currentSize : 17 <-- 0.020393 s
currentSize : 18 <-- 0.020724 s
currentSize : 19 <-- 0.022308 s
currentSize : 20 <-- 0.024615 s
currentSize : 21 <-- 0.024677 s
currentSize : 22 <-- 0.249365 s
currentSize : 23 <-- 1.051129 s
currentSize : 24 <-- 14.972661 s
currentSize : 25 <-- 15.799015 s
currentSize : 26 <-- 18.822176 s
currentSize : 27 <-- 20.676493 s
currentSize : 28 <-- 22.777336 s

maxsize : 28
nodes : 2257938.000000
filtered : 85417821.000000
CCGP filtered : 4808027.000000
CCGT filtered : 2336542.000000
time : 43.177319
