Parameters: GAD=1 vflib=1 dir=0 label=0 lowerbound=1 fileNameGp=../graphsdb/mcs70/m2D/m2Dr6/m2Dr6/mcs70_m2Dr6_s35.A30 fileNameGt=../graphsdb/mcs70/m2D/m2Dr6/m2Dr6/mcs70_m2Dr6_s35.B30
Reading graphs...
35 :  78
35 :  78
Initializing...
maxdom : 35
D->valSize : 1225
Solving...
currentSize : 15 <-- 0.020314 s
currentSize : 16 <-- 0.020753 s
currentSize : 17 <-- 0.020833 s
currentSize : 18 <-- 0.027097 s
currentSize : 19 <-- 0.030497 s
currentSize : 20 <-- 0.105845 s
currentSize : 21 <-- 1.513311 s
currentSize : 22 <-- 26.808455 s
currentSize : 23 <-- 89.407303 s
currentSize : 25 <-- 274.962891 s

maxsize : 25
nodes : 22813995.000000
filtered : 831886879.000000
CCGP filtered : 58542861.000000
CCGT filtered : 51695358.000000
time : 437.088928
