Parameters: GAD=1 vflib=1 dir=0 label=0 lowerbound=1 fileNameGp=../graphsdb/mcs70/m4D/m4D/mcs70_m4D_s25.A35 fileNameGt=../graphsdb/mcs70/m4D/m4D/mcs70_m4D_s25.B35
Reading graphs...
25 :  47
25 :  47
Initializing...
maxdom : 25
D->valSize : 625
Solving...
currentSize : 11 <-- 0.005351 s
currentSize : 12 <-- 0.005467 s
currentSize : 13 <-- 0.005671 s
currentSize : 14 <-- 0.008343 s
currentSize : 15 <-- 0.010049 s
currentSize : 16 <-- 0.010757 s
currentSize : 17 <-- 0.037703 s
currentSize : 18 <-- 0.204344 s
currentSize : 19 <-- 0.440876 s
currentSize : 20 <-- 0.441074 s

maxsize : 20
nodes : 37417.000000
filtered : 1134405.000000
CCGP filtered : 378764.000000
CCGT filtered : 195632.000000
time : 0.620582
