Parameters: GAD=1 vflib=1 dir=0 label=0 lowerbound=1 fileNameGp=../graphsdb/mcs70/m3D/m3Dr6/mcs70_m3Dr6_s35.A83 fileNameGt=../graphsdb/mcs70/m3D/m3Dr6/mcs70_m3Dr6_s35.B83
Reading graphs...
35 :  91
35 :  90
Initializing...
maxdom : 35
D->valSize : 1225
Solving...
currentSize : 15 <-- 0.019852 s
currentSize : 16 <-- 0.019947 s
currentSize : 17 <-- 0.020222 s
currentSize : 18 <-- 0.020518 s
currentSize : 19 <-- 0.167492 s
currentSize : 20 <-- 0.931162 s
currentSize : 21 <-- 7.866190 s
currentSize : 22 <-- 429.394440 s
currentSize : 23 <-- 593.111694 s
currentSize : 24 <-- 768.962524 s
currentSize : 27 <-- 770.353516 s

maxsize : 27
nodes : 44986868.000000
filtered : 1389083660.000000
CCGP filtered : 81058790.000000
CCGT filtered : 51679059.000000
time : 798.949341
