Parameters: GAD=1 vflib=1 dir=0 label=0 lowerbound=1 fileNameGp=../graphsdb/mcs70/bvg/b06/mcs70_b06_s30.A35 fileNameGt=../graphsdb/mcs70/bvg/b06/mcs70_b06_s30.B35
Reading graphs...
30 :  89
30 :  90
Initializing...
maxdom : 30
D->valSize : 900
Solving...
currentSize : 13 <-- 0.010169 s
currentSize : 14 <-- 0.010285 s
currentSize : 15 <-- 0.011129 s
currentSize : 16 <-- 0.013085 s
currentSize : 17 <-- 0.024843 s
currentSize : 18 <-- 0.354125 s
currentSize : 19 <-- 0.365734 s
currentSize : 20 <-- 1.397081 s
currentSize : 21 <-- 1.632260 s
currentSize : 22 <-- 11.237324 s

maxsize : 22
nodes : 871433.000000
filtered : 30574198.000000
CCGP filtered : 1277652.000000
CCGT filtered : 737801.000000
time : 15.456102
