Parameters: GAD=1 vflib=1 dir=0 label=0 lowerbound=1 fileNameGp=../graphsdb/mcs70/m2D/m2Dr6/m2Dr6/mcs70_m2Dr6_s35.A21 fileNameGt=../graphsdb/mcs70/m2D/m2Dr6/m2Dr6/mcs70_m2Dr6_s35.B21
Reading graphs...
35 :  77
35 :  75
Initializing...
maxdom : 35
D->valSize : 1225
Solving...
currentSize : 16 <-- 0.020308 s
currentSize : 17 <-- 0.020443 s
currentSize : 18 <-- 0.020805 s
currentSize : 19 <-- 0.024539 s
currentSize : 20 <-- 0.040878 s
currentSize : 21 <-- 0.064813 s
currentSize : 22 <-- 0.340804 s
currentSize : 23 <-- 26.755169 s
currentSize : 25 <-- 453.759705 s

maxsize : 25
nodes : 22874074.000000
filtered : 873636727.000000
CCGP filtered : 88598550.000000
CCGT filtered : 123366606.000000
time : 505.040039
