Parameters: GAD=1 vflib=1 dir=0 label=0 lowerbound=1 fileNameGp=../graphsdb/mcs70/bvg/b06/mcs70_b06_s35.A70 fileNameGt=../graphsdb/mcs70/bvg/b06/mcs70_b06_s35.B70
Reading graphs...
35 :  105
35 :  105
Initializing...
maxdom : 35
D->valSize : 1225
Solving...
currentSize : 17 <-- 0.019326 s
currentSize : 18 <-- 0.019430 s
currentSize : 19 <-- 0.019986 s
currentSize : 20 <-- 0.020308 s
currentSize : 21 <-- 0.748312 s
currentSize : 22 <-- 3.463886 s
currentSize : 23 <-- 4.281201 s
currentSize : 24 <-- 4.850798 s
currentSize : 25 <-- 4.850938 s

maxsize : 25
nodes : 4770476.000000
filtered : 228417919.000000
CCGP filtered : 6873174.000000
CCGT filtered : 3445411.000000
time : 129.817047
