Parameters: GAD=1 vflib=1 dir=0 label=0 lowerbound=1 fileNameGp=../graphsdb/mcs70/m3D/m3Dr4/mcs70_m3Dr4_s35.A07 fileNameGt=../graphsdb/mcs70/m3D/m3Dr4/mcs70_m3Dr4_s35.B07
Reading graphs...
35 :  85
35 :  84
Initializing...
maxdom : 35
D->valSize : 1225
Solving...
currentSize : 13 <-- 0.035086 s
currentSize : 14 <-- 0.035148 s
currentSize : 15 <-- 0.035179 s
currentSize : 16 <-- 0.036418 s
currentSize : 17 <-- 0.037577 s
currentSize : 18 <-- 0.042491 s
currentSize : 19 <-- 0.045572 s
currentSize : 20 <-- 0.060237 s
currentSize : 21 <-- 0.725282 s
currentSize : 22 <-- 23.763464 s
currentSize : 23 <-- 174.374130 s
currentSize : 24 <-- 292.462067 s
currentSize : 25 <-- 391.849365 s
currentSize : 27 <-- 443.315186 s

maxsize : 27
nodes : 21320446.000000
filtered : 785863755.000000
CCGP filtered : 40159336.000000
CCGT filtered : 26285271.000000
time : 460.256470
