Parameters: GAD=1 vflib=1 dir=0 label=0 lowerbound=1 fileNameGp=../graphsdb/mcs70/m2D/m2Dr4/mcs70_m2Dr4_s35.A84 fileNameGt=../graphsdb/mcs70/m2D/m2Dr4/mcs70_m2Dr4_s35.B84
Reading graphs...
35 :  71
35 :  72
Initializing...
maxdom : 35
D->valSize : 1225
Solving...
currentSize : 18 <-- 0.020603 s
currentSize : 19 <-- 0.020953 s
currentSize : 20 <-- 0.022910 s
currentSize : 21 <-- 0.126045 s
currentSize : 22 <-- 0.970075 s
currentSize : 23 <-- 4.788962 s
currentSize : 24 <-- 86.201424 s
currentSize : 25 <-- 191.728271 s
currentSize : 27 <-- 192.232651 s

maxsize : 27
nodes : 10539711.000000
filtered : 361529665.000000
CCGP filtered : 29798654.000000
CCGT filtered : 34333551.000000
time : 207.706299
