Parameters: GAD=1 vflib=1 dir=0 label=0 lowerbound=1 fileNameGp=../graphsdb/mcs70/bvg/b06/mcs70_b06_s30.A62 fileNameGt=../graphsdb/mcs70/bvg/b06/mcs70_b06_s30.B62
Reading graphs...
30 :  90
30 :  89
Initializing...
maxdom : 30
D->valSize : 900
Solving...
currentSize : 14 <-- 0.010019 s
currentSize : 15 <-- 0.011411 s
currentSize : 16 <-- 0.018418 s
currentSize : 17 <-- 0.021189 s
currentSize : 18 <-- 4.851108 s
currentSize : 19 <-- 4.961884 s
currentSize : 20 <-- 5.901551 s
currentSize : 21 <-- 6.142883 s
currentSize : 22 <-- 9.998479 s

maxsize : 22
nodes : 912083.000000
filtered : 30048276.000000
CCGP filtered : 1267630.000000
CCGT filtered : 680907.000000
time : 14.252680
