Parameters: GAD=1 vflib=1 dir=0 label=0 lowerbound=1 fileNameGp=../graphsdb/mcs70/m4D/m4Dr6/mcs70_m4Dr6_s25.A81 fileNameGt=../graphsdb/mcs70/m4D/m4Dr6/mcs70_m4Dr6_s25.B81
Reading graphs...
25 :  60
25 :  59
Initializing...
maxdom : 25
D->valSize : 625
Solving...
currentSize : 8 <-- 0.007558 s
currentSize : 10 <-- 0.007706 s
currentSize : 11 <-- 0.007935 s
currentSize : 12 <-- 0.008768 s
currentSize : 14 <-- 0.009498 s
currentSize : 15 <-- 0.013491 s
currentSize : 16 <-- 0.023893 s
currentSize : 17 <-- 2.420436 s
currentSize : 18 <-- 3.627867 s

maxsize : 18
nodes : 288824.000000
filtered : 7128658.000000
CCGP filtered : 606361.000000
CCGT filtered : 334066.000000
time : 4.343138
