Parameters: GAD=1 vflib=1 dir=0 label=0 lowerbound=1 fileNameGp=../graphsdb/mcs70/bvg/b06/mcs70_b06_s35.A16 fileNameGt=../graphsdb/mcs70/bvg/b06/mcs70_b06_s35.B16
Reading graphs...
35 :  104
35 :  104
Initializing...
maxdom : 35
D->valSize : 1225
Solving...
currentSize : 15 <-- 0.018990 s
currentSize : 16 <-- 0.020064 s
currentSize : 17 <-- 0.091059 s
currentSize : 18 <-- 0.120286 s
currentSize : 19 <-- 0.202533 s
currentSize : 20 <-- 0.487029 s
currentSize : 21 <-- 4.041583 s
currentSize : 22 <-- 4.165140 s
currentSize : 23 <-- 6.150789 s
currentSize : 24 <-- 13.361913 s
currentSize : 25 <-- 22.056576 s
currentSize : 26 <-- 23.746679 s
currentSize : 27 <-- 40.463997 s

maxsize : 27
nodes : 2059270.000000
filtered : 95074981.000000
CCGP filtered : 3297166.000000
CCGT filtered : 1096202.000000
time : 56.271080
