Parameters: GAD=1 vflib=1 dir=0 label=0 lowerbound=1 fileNameGp=../graphsdb/mcs70/bvg/b06m/mcs70_b06m_s35.A20 fileNameGt=../graphsdb/mcs70/bvg/b06m/mcs70_b06m_s35.B20
Reading graphs...
35 :  104
35 :  105
Initializing...
maxdom : 35
D->valSize : 1225
Solving...
currentSize : 15 <-- 0.019202 s
currentSize : 16 <-- 0.019272 s
currentSize : 17 <-- 0.029868 s
currentSize : 18 <-- 0.031307 s
currentSize : 19 <-- 0.038856 s
currentSize : 20 <-- 0.249705 s
currentSize : 21 <-- 0.259862 s
currentSize : 22 <-- 0.259897 s
currentSize : 23 <-- 0.363401 s
currentSize : 24 <-- 39.392780 s
currentSize : 25 <-- 39.393082 s

maxsize : 25
nodes : 3830807.000000
filtered : 204973516.000000
CCGP filtered : 6150376.000000
CCGT filtered : 2260150.000000
time : 95.196686
