Parameters: GAD=1 vflib=1 dir=0 label=0 lowerbound=1 fileNameGp=../graphsdb/mcs70/m3D/m3D/mcs70_m3D_s35.A10 fileNameGt=../graphsdb/mcs70/m3D/m3D/mcs70_m3D_s35.B10
Reading graphs...
35 :  72
35 :  72
Initializing...
maxdom : 35
D->valSize : 1225
Solving...
currentSize : 16 <-- 0.020352 s
currentSize : 17 <-- 0.020458 s
currentSize : 18 <-- 0.020557 s
currentSize : 19 <-- 0.021434 s
currentSize : 20 <-- 0.025891 s
currentSize : 21 <-- 0.026128 s
currentSize : 22 <-- 1.160515 s
currentSize : 24 <-- 3.996595 s
currentSize : 25 <-- 13.174368 s
currentSize : 26 <-- 15.781794 s
currentSize : 27 <-- 31.862240 s
currentSize : 28 <-- 33.259491 s

maxsize : 28
nodes : 2161381.000000
filtered : 89834541.000000
CCGP filtered : 3989985.000000
CCGT filtered : 1483141.000000
time : 51.171692
