Parameters: GAD=1 vflib=1 dir=0 label=0 lowerbound=1 fileNameGp=../graphsdb/mcs70/m3D/m3D/mcs70_m3D_s35.A72 fileNameGt=../graphsdb/mcs70/m3D/m3D/mcs70_m3D_s35.B72
Reading graphs...
35 :  72
35 :  72
Initializing...
maxdom : 35
D->valSize : 1225
Solving...
currentSize : 17 <-- 0.025376 s
currentSize : 18 <-- 0.025488 s
currentSize : 19 <-- 0.026785 s
currentSize : 20 <-- 0.027378 s
currentSize : 21 <-- 0.066692 s
currentSize : 22 <-- 2.117633 s
currentSize : 23 <-- 2.165281 s
currentSize : 24 <-- 3.611767 s
currentSize : 26 <-- 3.655337 s
currentSize : 27 <-- 6.680090 s
currentSize : 28 <-- 10.697005 s

maxsize : 28
nodes : 1065818.000000
filtered : 49371856.000000
CCGP filtered : 2022273.000000
CCGT filtered : 1483119.000000
time : 29.146587
