Parameters: GAD=1 vflib=1 dir=0 label=0 lowerbound=1 fileNameGp=../graphsdb/mcs70/bvg/b03/mcs70_b03_s35.A56 fileNameGt=../graphsdb/mcs70/bvg/b03/mcs70_b03_s35.B56
Reading graphs...
35 :  52
35 :  52
Initializing...
maxdom : 35
D->valSize : 1225
Solving...
currentSize : 14 <-- 0.020953 s
currentSize : 15 <-- 0.021436 s
currentSize : 17 <-- 0.021840 s
currentSize : 18 <-- 0.021878 s
currentSize : 19 <-- 0.022298 s
currentSize : 20 <-- 0.027260 s
currentSize : 21 <-- 0.029342 s
currentSize : 22 <-- 0.051912 s
currentSize : 23 <-- 0.052045 s
currentSize : 24 <-- 0.093108 s
currentSize : 25 <-- 1.090834 s
currentSize : 26 <-- 2.461424 s
currentSize : 27 <-- 2.464400 s
currentSize : 28 <-- 28.768213 s

maxsize : 28
nodes : 857950.000000
filtered : 45255780.000000
CCGP filtered : 15375649.000000
CCGT filtered : 5548524.000000
time : 61.692383
