Parameters: GAD=1 vflib=1 dir=0 label=0 lowerbound=1 fileNameGp=../graphsdb/mcs70/bvg/b06m/mcs70_b06m_s35.A50 fileNameGt=../graphsdb/mcs70/bvg/b06m/mcs70_b06m_s35.B50
Reading graphs...
35 :  104
35 :  105
Initializing...
maxdom : 35
D->valSize : 1225
Solving...
currentSize : 13 <-- 0.033808 s
currentSize : 14 <-- 0.033854 s
currentSize : 15 <-- 0.034438 s
currentSize : 16 <-- 0.035155 s
currentSize : 17 <-- 0.035375 s
currentSize : 18 <-- 0.053282 s
currentSize : 19 <-- 1.214676 s
currentSize : 20 <-- 3.741792 s
currentSize : 21 <-- 535.704651 s
currentSize : 23 <-- 622.981873 s
currentSize : 24 <-- 829.629944 s

maxsize : 24
nodes : 56886475.000000
filtered : 1866387994.000000
CCGP filtered : 65460347.000000
CCGT filtered : 95114354.000000
time : 905.967041
