Parameters: GAD=1 vflib=1 dir=0 label=0 lowerbound=1 fileNameGp=../graphsdb/mcs70/m4D/m4Dr4/mcs70_m4Dr4_s25.A79 fileNameGt=../graphsdb/mcs70/m4D/m4Dr4/mcs70_m4Dr4_s25.B79
Reading graphs...
25 :  55
25 :  54
Initializing...
maxdom : 25
D->valSize : 625
Solving...
currentSize : 5 <-- 0.004966 s
currentSize : 11 <-- 0.005071 s
currentSize : 12 <-- 0.005297 s
currentSize : 13 <-- 0.005687 s
currentSize : 14 <-- 0.006838 s
currentSize : 15 <-- 0.013661 s
currentSize : 16 <-- 0.023116 s
currentSize : 17 <-- 0.171236 s
currentSize : 18 <-- 0.817953 s

maxsize : 18
nodes : 89513.000000
filtered : 3013374.000000
CCGP filtered : 476040.000000
CCGT filtered : 481427.000000
time : 1.320775
