Parameters: GAD=1 vflib=1 dir=0 label=0 lowerbound=1 fileNameGp=../graphsdb/mcs70/bvg/b03m/mcs70_b03m_s35.A71 fileNameGt=../graphsdb/mcs70/bvg/b03m/mcs70_b03m_s35.B71
Reading graphs...
35 :  52
35 :  51
Initializing...
maxdom : 35
D->valSize : 1225
Solving...
currentSize : 14 <-- 0.020841 s
currentSize : 19 <-- 0.020899 s
currentSize : 20 <-- 0.036374 s
currentSize : 21 <-- 0.051235 s
currentSize : 22 <-- 0.108010 s
currentSize : 23 <-- 0.892376 s
currentSize : 24 <-- 0.946873 s
currentSize : 25 <-- 6.849340 s
currentSize : 26 <-- 7.953203 s
currentSize : 27 <-- 9.025966 s
currentSize : 28 <-- 9.071872 s

maxsize : 28
nodes : 579431.000000
filtered : 19163878.000000
CCGP filtered : 20558273.000000
CCGT filtered : 12169316.000000
time : 18.080441
