Parameters: GAD=1 vflib=1 dir=0 label=0 lowerbound=1 fileNameGp=../graphsdb/mcs70/rand/r005/mcs70_r005_s35.A17 fileNameGt=../graphsdb/mcs70/rand/r005/mcs70_r005_s35.B17
Reading graphs...
35 :  55
35 :  56
Initializing...
maxdom : 35
D->valSize : 1225
Solving...
currentSize : 13 <-- 0.020860 s
currentSize : 14 <-- 0.020984 s
currentSize : 15 <-- 0.021065 s
currentSize : 16 <-- 0.023755 s
currentSize : 17 <-- 0.024016 s
currentSize : 20 <-- 0.036331 s
currentSize : 21 <-- 0.299595 s
currentSize : 22 <-- 0.299858 s
currentSize : 23 <-- 1.729444 s
currentSize : 24 <-- 8.178545 s
currentSize : 25 <-- 52.866825 s

maxsize : 25
nodes : 3932596.000000
filtered : 138299004.000000
CCGP filtered : 72952939.000000
CCGT filtered : 52921407.000000
time : 116.658852
