Parameters: GAD=1 vflib=1 dir=0 label=0 lowerbound=1 fileNameGp=../graphsdb/mcs70/bvg/b03/mcs70_b03_s25.A69 fileNameGt=../graphsdb/mcs70/bvg/b03/mcs70_b03_s25.B69
Reading graphs...
25 :  37
25 :  37
Initializing...
maxdom : 25
D->valSize : 625
Solving...
currentSize : 10 <-- 0.005432 s
currentSize : 12 <-- 0.005473 s
currentSize : 13 <-- 0.005972 s
currentSize : 14 <-- 0.007678 s
currentSize : 15 <-- 0.011683 s
currentSize : 16 <-- 0.014564 s
currentSize : 17 <-- 0.030424 s
currentSize : 18 <-- 0.049592 s
currentSize : 19 <-- 0.094840 s
currentSize : 20 <-- 0.233626 s
currentSize : 21 <-- 0.258876 s

maxsize : 21
nodes : 19577.000000
filtered : 604440.000000
CCGP filtered : 142803.000000
CCGT filtered : 97092.000000
time : 0.511597
