Parameters: GAD=1 vflib=1 dir=0 label=0 lowerbound=1 fileNameGp=../graphsdb/mcs70/bvg/b06m/mcs70_b06m_s30.A72 fileNameGt=../graphsdb/mcs70/bvg/b06m/mcs70_b06m_s30.B72
Reading graphs...
30 :  86
30 :  87
Initializing...
maxdom : 30
D->valSize : 900
Solving...
currentSize : 11 <-- 0.010166 s
currentSize : 12 <-- 0.010251 s
currentSize : 13 <-- 0.010464 s
currentSize : 14 <-- 0.014244 s
currentSize : 15 <-- 0.047579 s
currentSize : 16 <-- 0.047885 s
currentSize : 17 <-- 0.494991 s
currentSize : 18 <-- 21.757105 s
currentSize : 21 <-- 42.677681 s

maxsize : 21
nodes : 3948702.000000
filtered : 113365199.000000
CCGP filtered : 7851002.000000
CCGT filtered : 3534726.000000
time : 57.933117
