Parameters: GAD=1 vflib=1 dir=0 label=0 lowerbound=1 fileNameGp=../graphsdb/mcs70/bvg/b09m/mcs70_b09m_s30.A65 fileNameGt=../graphsdb/mcs70/bvg/b09m/mcs70_b09m_s30.B65
Reading graphs...
30 :  131
30 :  129
Initializing...
maxdom : 30
D->valSize : 900
Solving...
currentSize : 8 <-- 0.009714 s
currentSize : 10 <-- 0.009755 s
currentSize : 11 <-- 0.009978 s
currentSize : 12 <-- 0.010249 s
currentSize : 13 <-- 0.010891 s
currentSize : 14 <-- 0.084031 s
currentSize : 15 <-- 0.706751 s
currentSize : 17 <-- 9.228880 s
currentSize : 18 <-- 28.455996 s
currentSize : 19 <-- 28.495560 s
currentSize : 20 <-- 32.896122 s

maxsize : 20
nodes : 3379395.000000
filtered : 88635684.000000
CCGP filtered : 294825.000000
CCGT filtered : 1969987.000000
time : 40.432999
