Parameters: GAD=1 vflib=1 dir=0 label=0 lowerbound=1 fileNameGp=../graphsdb/mcs70/bvg/b06m/mcs70_b06m_s35.A76 fileNameGt=../graphsdb/mcs70/bvg/b06m/mcs70_b06m_s35.B76
Reading graphs...
35 :  105
35 :  104
Initializing...
maxdom : 35
D->valSize : 1225
Solving...
currentSize : 13 <-- 0.019319 s
currentSize : 14 <-- 0.019626 s
currentSize : 15 <-- 0.020069 s
currentSize : 16 <-- 0.020626 s
currentSize : 17 <-- 0.031526 s
currentSize : 18 <-- 0.031579 s
currentSize : 19 <-- 42.295715 s
currentSize : 20 <-- 56.154572 s
currentSize : 21 <-- 642.908630 s
currentSize : 24 <-- 645.275024 s

maxsize : 24
nodes : 43287382.000000
filtered : 1286704335.000000
CCGP filtered : 100685808.000000
CCGT filtered : 105837450.000000
time : 720.121521
