Parameters: GAD=1 vflib=1 dir=0 label=0 lowerbound=1 fileNameGp=../graphsdb/mcs70/bvg/b09m/mcs70_b09m_s25.A62 fileNameGt=../graphsdb/mcs70/bvg/b09m/mcs70_b09m_s25.B62
Reading graphs...
25 :  107
25 :  107
Initializing...
maxdom : 25
D->valSize : 625
Solving...
currentSize : 8 <-- 0.005359 s
currentSize : 9 <-- 0.005405 s
currentSize : 10 <-- 0.005489 s
currentSize : 11 <-- 0.005599 s
currentSize : 12 <-- 0.020857 s
currentSize : 13 <-- 0.034965 s
currentSize : 14 <-- 2.970503 s
currentSize : 15 <-- 2.974707 s
currentSize : 16 <-- 2.974795 s

maxsize : 16
nodes : 571141.000000
filtered : 12010948.000000
CCGP filtered : 40935.000000
CCGT filtered : 202013.000000
time : 7.751532
