Parameters: GAD=1 vflib=1 dir=0 label=0 lowerbound=1 fileNameGp=../graphsdb/mcs70/bvg/b03m/mcs70_b03m_s25.A13 fileNameGt=../graphsdb/mcs70/bvg/b03m/mcs70_b03m_s25.B13
Reading graphs...
25 :  37
25 :  37
Initializing...
maxdom : 25
D->valSize : 625
Solving...
currentSize : 6 <-- 0.005258 s
currentSize : 9 <-- 0.005311 s
currentSize : 12 <-- 0.005434 s
currentSize : 13 <-- 0.005536 s
currentSize : 14 <-- 0.006385 s
currentSize : 15 <-- 0.009224 s
currentSize : 16 <-- 0.033717 s
currentSize : 17 <-- 0.094456 s
currentSize : 18 <-- 0.138406 s
currentSize : 19 <-- 0.335181 s

maxsize : 19
nodes : 66267.000000
filtered : 1730786.000000
CCGP filtered : 667035.000000
CCGT filtered : 532556.000000
time : 1.154040
