Parameters: GAD=1 vflib=1 dir=0 label=0 lowerbound=1 fileNameGp=../graphsdb/mcs70/bvg/b03m/mcs70_b03m_s30.A75 fileNameGt=../graphsdb/mcs70/bvg/b03m/mcs70_b03m_s30.B75
Reading graphs...
30 :  45
30 :  45
Initializing...
maxdom : 30
D->valSize : 900
Solving...
currentSize : 10 <-- 0.011015 s
currentSize : 12 <-- 0.011221 s
currentSize : 13 <-- 0.011239 s
currentSize : 15 <-- 0.011363 s
currentSize : 16 <-- 0.013908 s
currentSize : 17 <-- 0.014561 s
currentSize : 19 <-- 0.017962 s
currentSize : 20 <-- 0.024719 s
currentSize : 21 <-- 0.218238 s
currentSize : 22 <-- 1.057940 s
currentSize : 23 <-- 3.604687 s

maxsize : 23
nodes : 182910.000000
filtered : 6248850.000000
CCGP filtered : 5720834.000000
CCGT filtered : 2387440.000000
time : 5.001546
