Parameters: GAD=1 vflib=1 dir=0 label=0 lowerbound=1 fileNameGp=../graphsdb/mcs70/bvg/b03m/mcs70_b03m_s30.A89 fileNameGt=../graphsdb/mcs70/bvg/b03m/mcs70_b03m_s30.B89
Reading graphs...
30 :  45
30 :  45
Initializing...
maxdom : 30
D->valSize : 900
Solving...
currentSize : 12 <-- 0.019646 s
currentSize : 14 <-- 0.020021 s
currentSize : 15 <-- 0.022096 s
currentSize : 16 <-- 0.023053 s
currentSize : 17 <-- 0.036816 s
currentSize : 18 <-- 0.038024 s
currentSize : 20 <-- 1.009995 s
currentSize : 21 <-- 2.409736 s
currentSize : 22 <-- 3.624023 s

maxsize : 22
nodes : 1016306.000000
filtered : 32207108.000000
CCGP filtered : 15061169.000000
CCGT filtered : 6104409.000000
time : 26.607702
