Parameters: GAD=1 vflib=1 dir=0 label=0 lowerbound=1 fileNameGp=../graphsdb/mcs70/bvg/b06m/mcs70_b06m_s35.A93 fileNameGt=../graphsdb/mcs70/bvg/b06m/mcs70_b06m_s35.B93
Reading graphs...
35 :  102
35 :  101
Initializing...
maxdom : 35
D->valSize : 1225
Solving...
currentSize : 16 <-- 0.019578 s
currentSize : 17 <-- 0.019690 s
currentSize : 18 <-- 0.020141 s
currentSize : 19 <-- 1.266635 s
currentSize : 20 <-- 8.102744 s
currentSize : 21 <-- 42.287697 s
currentSize : 22 <-- 99.225685 s
currentSize : 23 <-- 664.673096 s
currentSize : 24 <-- 721.277283 s

maxsize : 24
nodes : 38341168.000000
filtered : 1488370469.000000
CCGP filtered : 87259136.000000
CCGT filtered : 73889359.000000
time : 742.668030
