Parameters: GAD=1 vflib=1 dir=0 label=0 lowerbound=1 fileNameGp=../graphsdb/mcs70/rand/r005/mcs70_r005_s25.A51 fileNameGt=../graphsdb/mcs70/rand/r005/mcs70_r005_s25.B51
Reading graphs...
25 :  32
25 :  33
Initializing...
maxdom : 25
D->valSize : 625
Solving...
currentSize : 8 <-- 0.009556 s
currentSize : 9 <-- 0.009683 s
currentSize : 12 <-- 0.009836 s
currentSize : 14 <-- 0.009889 s
currentSize : 15 <-- 0.010182 s
currentSize : 16 <-- 0.046739 s
currentSize : 17 <-- 0.084752 s
currentSize : 18 <-- 0.125348 s
currentSize : 19 <-- 0.976857 s

maxsize : 19
nodes : 78090.000000
filtered : 1870783.000000
CCGP filtered : 2484799.000000
CCGT filtered : 586091.000000
time : 1.773505
