Parameters: GAD=1 vflib=1 dir=0 label=0 lowerbound=1 fileNameGp=../graphsdb/mcs70/bvg/b06m/mcs70_b06m_s30.A04 fileNameGt=../graphsdb/mcs70/bvg/b06m/mcs70_b06m_s30.B04
Reading graphs...
30 :  90
30 :  88
Initializing...
maxdom : 30
D->valSize : 900
Solving...
currentSize : 11 <-- 0.010049 s
currentSize : 12 <-- 0.010105 s
currentSize : 13 <-- 0.010228 s
currentSize : 14 <-- 0.012032 s
currentSize : 15 <-- 0.013370 s
currentSize : 16 <-- 0.027242 s
currentSize : 17 <-- 0.028479 s
currentSize : 18 <-- 5.325928 s
currentSize : 20 <-- 12.994463 s
currentSize : 21 <-- 12.994838 s

maxsize : 21
nodes : 1294503.000000
filtered : 47250703.000000
CCGP filtered : 2453393.000000
CCGT filtered : 2892299.000000
time : 23.302708
