Parameters: GAD=1 vflib=1 dir=0 label=0 lowerbound=1 fileNameGp=../graphsdb/mcs70/bvg/b09m/mcs70_b09m_s35.A86 fileNameGt=../graphsdb/mcs70/bvg/b09m/mcs70_b09m_s35.B86
Reading graphs...
35 :  149
35 :  145
Initializing...
maxdom : 35
D->valSize : 1225
Solving...
currentSize : 11 <-- 0.023514 s
currentSize : 12 <-- 0.023626 s
currentSize : 13 <-- 0.023714 s
currentSize : 14 <-- 0.023829 s
currentSize : 15 <-- 0.034981 s
currentSize : 16 <-- 3.238888 s
currentSize : 17 <-- 12.638384 s
currentSize : 18 <-- 994.520630 s
currentSize : 19 <-- 994.523376 s
currentSize : 20 <-- 1025.286011 s
currentSize : 24 <-- 1025.287476 s

maxsize : 24
nodes : 82009772.000000
filtered : 1660718017.000000
CCGP filtered : 56768513.000000
CCGT filtered : 66462828.000000
time : 1060.079834
