Parameters: GAD=1 vflib=1 dir=0 label=0 lowerbound=1 fileNameGp=../graphsdb/mcs70/m3D/m3Dr6/mcs70_m3Dr6_s35.A67 fileNameGt=../graphsdb/mcs70/m3D/m3Dr6/mcs70_m3Dr6_s35.B67
Reading graphs...
35 :  90
35 :  88
Initializing...
maxdom : 35
D->valSize : 1225
Solving...
currentSize : 16 <-- 0.035112 s
currentSize : 17 <-- 0.035267 s
currentSize : 18 <-- 0.045389 s
currentSize : 19 <-- 0.046086 s
currentSize : 20 <-- 0.114394 s
currentSize : 21 <-- 1.649220 s
currentSize : 22 <-- 143.299133 s
currentSize : 23 <-- 277.530212 s
currentSize : 24 <-- 292.339996 s
currentSize : 26 <-- 294.137329 s
currentSize : 27 <-- 294.137451 s

maxsize : 27
nodes : 20900399.000000
filtered : 623897334.000000
CCGP filtered : 34940945.000000
CCGT filtered : 32842447.000000
time : 317.321686
