Parameters: GAD=1 vflib=1 dir=0 label=0 lowerbound=1 fileNameGp=../graphsdb/mcs70/bvg/b03/mcs70_b03_s30.A55 fileNameGt=../graphsdb/mcs70/bvg/b03/mcs70_b03_s30.B55
Reading graphs...
30 :  45
30 :  45
Initializing...
maxdom : 30
D->valSize : 900
Solving...
currentSize : 13 <-- 0.011650 s
currentSize : 15 <-- 0.011719 s
currentSize : 16 <-- 0.012031 s
currentSize : 17 <-- 0.013018 s
currentSize : 18 <-- 0.016354 s
currentSize : 19 <-- 0.017223 s
currentSize : 20 <-- 0.028833 s
currentSize : 21 <-- 0.115085 s
currentSize : 22 <-- 0.189990 s
currentSize : 23 <-- 1.533368 s
currentSize : 24 <-- 7.650743 s

maxsize : 24
nodes : 353296.000000
filtered : 13047947.000000
CCGP filtered : 6173569.000000
CCGT filtered : 3233123.000000
time : 11.058548
