Parameters: GAD=1 vflib=1 dir=0 label=0 lowerbound=1 fileNameGp=../graphsdb/mcs70/rand/r01/mcs70_r01_s25.A41 fileNameGt=../graphsdb/mcs70/rand/r01/mcs70_r01_s25.B41
Reading graphs...
25 :  58
25 :  57
Initializing...
maxdom : 25
D->valSize : 625
Solving...
currentSize : 8 <-- 0.005086 s
currentSize : 9 <-- 0.005115 s
currentSize : 10 <-- 0.005238 s
currentSize : 11 <-- 0.005515 s
currentSize : 12 <-- 0.006519 s
currentSize : 13 <-- 0.007522 s
currentSize : 14 <-- 0.025082 s
currentSize : 15 <-- 0.197514 s
currentSize : 16 <-- 0.723152 s
currentSize : 17 <-- 1.131429 s

maxsize : 17
nodes : 395508.000000
filtered : 10067236.000000
CCGP filtered : 608753.000000
CCGT filtered : 598184.000000
time : 5.003017
