Parameters: GAD=1 vflib=1 dir=0 label=0 lowerbound=1 fileNameGp=../graphsdb/mcs70/rand/r02/mcs70_r02_s35.A62 fileNameGt=../graphsdb/mcs70/rand/r02/mcs70_r02_s35.B62
Reading graphs...
35 :  211
35 :  207
Initializing...
maxdom : 35
D->valSize : 1225
Solving...
currentSize : 10 <-- 0.017690 s
currentSize : 11 <-- 0.018581 s
currentSize : 12 <-- 0.027467 s
currentSize : 13 <-- 0.049414 s
currentSize : 14 <-- 2.741447 s
currentSize : 15 <-- 210.358841 s
currentSize : 16 <-- 957.754883 s
currentSize : 18 <-- 1495.438721 s
currentSize : 20 <-- 1502.871704 s
currentSize : 24 <-- 1640.617065 s

maxsize : 24
nodes : 133687346.000000
filtered : 1951025460.000000
CCGP filtered : 1568349.000000
CCGT filtered : 2824601.000000
time : 1667.672974
