Parameters: GAD=1 vflib=1 dir=0 label=0 lowerbound=1 fileNameGp=../graphsdb/mcs70/bvg/b09/mcs70_b09_s30.A94 fileNameGt=../graphsdb/mcs70/bvg/b09/mcs70_b09_s30.B94
Reading graphs...
30 :  132
30 :  134
Initializing...
maxdom : 30
D->valSize : 900
Solving...
currentSize : 8 <-- 0.016601 s
currentSize : 9 <-- 0.016732 s
currentSize : 10 <-- 0.016975 s
currentSize : 11 <-- 0.017617 s
currentSize : 12 <-- 0.025986 s
currentSize : 13 <-- 0.053220 s
currentSize : 14 <-- 0.135923 s
currentSize : 15 <-- 4.550344 s
currentSize : 16 <-- 4.606803 s
currentSize : 17 <-- 4.608162 s
currentSize : 18 <-- 4.614659 s
currentSize : 19 <-- 4.615057 s
currentSize : 20 <-- 4.677159 s

maxsize : 20
nodes : 1245312.000000
filtered : 38448420.000000
CCGP filtered : 162966.000000
CCGT filtered : 325190.000000
time : 16.363480
