Parameters: GAD=1 vflib=1 dir=0 label=0 lowerbound=1 fileNameGp=../graphsdb/mcs70/bvg/b09m/mcs70_b09m_s30.A55 fileNameGt=../graphsdb/mcs70/bvg/b09m/mcs70_b09m_s30.B55
Reading graphs...
30 :  129
30 :  130
Initializing...
maxdom : 30
D->valSize : 900
Solving...
currentSize : 10 <-- 0.016702 s
currentSize : 11 <-- 0.016832 s
currentSize : 12 <-- 0.017388 s
currentSize : 13 <-- 0.017854 s
currentSize : 14 <-- 0.018964 s
currentSize : 15 <-- 0.073118 s
currentSize : 16 <-- 40.431210 s
currentSize : 17 <-- 44.639690 s
currentSize : 19 <-- 80.058197 s
currentSize : 20 <-- 80.058388 s

maxsize : 20
nodes : 7932707.000000
filtered : 178132444.000000
CCGP filtered : 2126884.000000
CCGT filtered : 3437355.000000
time : 86.731873
