Parameters: GAD=1 vflib=1 dir=0 label=0 lowerbound=1 fileNameGp=../graphsdb/mcs70/bvg/b06m/mcs70_b06m_s35.A16 fileNameGt=../graphsdb/mcs70/bvg/b06m/mcs70_b06m_s35.B16
Reading graphs...
35 :  103
35 :  103
Initializing...
maxdom : 35
D->valSize : 1225
Solving...
currentSize : 13 <-- 0.019860 s
currentSize : 14 <-- 0.019950 s
currentSize : 15 <-- 0.020118 s
currentSize : 16 <-- 0.020598 s
currentSize : 17 <-- 0.023266 s
currentSize : 18 <-- 0.075977 s
currentSize : 19 <-- 0.128682 s
currentSize : 20 <-- 1.494056 s
currentSize : 21 <-- 540.005615 s
currentSize : 22 <-- 540.015381 s
currentSize : 24 <-- 737.323547 s

maxsize : 24
nodes : 47710214.000000
filtered : 1640429347.000000
CCGP filtered : 125140309.000000
CCGT filtered : 75122298.000000
time : 896.951416
