Parameters: GAD=1 vflib=1 dir=0 label=0 lowerbound=1 fileNameGp=../graphsdb/mcs70/rand/r005/mcs70_r005_s35.A54 fileNameGt=../graphsdb/mcs70/rand/r005/mcs70_r005_s35.B54
Reading graphs...
35 :  57
35 :  58
Initializing...
maxdom : 35
D->valSize : 1225
Solving...
currentSize : 17 <-- 0.020840 s
currentSize : 18 <-- 0.021700 s
currentSize : 19 <-- 0.021729 s
currentSize : 20 <-- 0.025244 s
currentSize : 21 <-- 0.379441 s
currentSize : 22 <-- 0.461635 s
currentSize : 23 <-- 1.600023 s
currentSize : 24 <-- 13.444779 s
currentSize : 25 <-- 22.374687 s

maxsize : 25
nodes : 7521176.000000
filtered : 292562094.000000
CCGP filtered : 110318605.000000
CCGT filtered : 45008426.000000
time : 221.446136
