Parameters: GAD=1 vflib=1 dir=0 label=0 lowerbound=1 fileNameGp=../graphsdb/mcs70/m3D/m3Dr6/mcs70_m3Dr6_s35.A65 fileNameGt=../graphsdb/mcs70/m3D/m3Dr6/mcs70_m3Dr6_s35.B65
Reading graphs...
35 :  90
35 :  90
Initializing...
maxdom : 35
D->valSize : 1225
Solving...
currentSize : 15 <-- 0.034740 s
currentSize : 17 <-- 0.034783 s
currentSize : 18 <-- 0.035699 s
currentSize : 19 <-- 0.044717 s
currentSize : 20 <-- 0.373786 s
currentSize : 21 <-- 7.377832 s
currentSize : 22 <-- 124.161026 s
currentSize : 23 <-- 130.430649 s
currentSize : 24 <-- 192.801071 s
currentSize : 27 <-- 193.149765 s

maxsize : 27
nodes : 14147982.000000
filtered : 428657142.000000
CCGP filtered : 18950692.000000
CCGT filtered : 14499607.000000
time : 221.474304
