Parameters: GAD=1 vflib=1 dir=0 label=0 lowerbound=1 fileNameGp=../graphsdb/mcs70/bvg/b09/mcs70_b09_s35.A90 fileNameGt=../graphsdb/mcs70/bvg/b09/mcs70_b09_s35.B90
Reading graphs...
35 :  154
35 :  156
Initializing...
maxdom : 35
D->valSize : 1225
Solving...
currentSize : 12 <-- 0.018311 s
currentSize : 14 <-- 0.018393 s
currentSize : 15 <-- 0.018531 s
currentSize : 17 <-- 0.018744 s
currentSize : 18 <-- 0.018843 s
currentSize : 19 <-- 0.097163 s
currentSize : 20 <-- 1.905144 s
currentSize : 21 <-- 2.119813 s
currentSize : 24 <-- 2.120187 s
currentSize : 25 <-- 9.749509 s

maxsize : 25
nodes : 2332520.000000
filtered : 102394521.000000
CCGP filtered : 65714.000000
CCGT filtered : 135108.000000
time : 40.324978
