Parameters: GAD=1 vflib=1 dir=0 label=0 lowerbound=1 fileNameGp=../graphsdb/mcs70/rand/r01/mcs70_r01_s35.A53 fileNameGt=../graphsdb/mcs70/rand/r01/mcs70_r01_s35.B53
Reading graphs...
35 :  111
35 :  110
Initializing...
maxdom : 35
D->valSize : 1225
Solving...
currentSize : 13 <-- 0.028497 s
currentSize : 15 <-- 0.028612 s
currentSize : 16 <-- 0.056154 s
currentSize : 17 <-- 0.284593 s
currentSize : 18 <-- 0.942493 s
currentSize : 19 <-- 3.672089 s
currentSize : 20 <-- 258.026184 s
currentSize : 21 <-- 881.420410 s
currentSize : 23 <-- 1079.597778 s
currentSize : 24 <-- 1079.598022 s

maxsize : 24
nodes : 71604740.000000
filtered : 2051924218.000000
CCGP filtered : 104958310.000000
CCGT filtered : 104028041.000000
time : 1128.960815
