Parameters: GAD=1 vflib=1 dir=0 label=0 lowerbound=1 fileNameGp=../graphsdb/mcs70/rand/r01/mcs70_r01_s35.A88 fileNameGt=../graphsdb/mcs70/rand/r01/mcs70_r01_s35.B88
Reading graphs...
35 :  113
35 :  113
Initializing...
maxdom : 35
D->valSize : 1225
Solving...
currentSize : 13 <-- 0.019663 s
currentSize : 14 <-- 0.019800 s
currentSize : 15 <-- 0.021668 s
currentSize : 16 <-- 0.030170 s
currentSize : 17 <-- 0.190261 s
currentSize : 18 <-- 4.595676 s
currentSize : 19 <-- 5.993458 s
currentSize : 20 <-- 93.852417 s
currentSize : 21 <-- 1323.799683 s
currentSize : 22 <-- 1325.323486 s
currentSize : 23 <-- 1325.323486 s
currentSize : 24 <-- 1325.323608 s

maxsize : 24
nodes : 89397349.000000
filtered : 2490214114.000000
CCGP filtered : 89874705.000000
CCGT filtered : 75758145.000000
time : 1416.832275
