Parameters: GAD=1 vflib=1 dir=0 label=0 lowerbound=1 fileNameGp=../graphsdb/mcs70/m2D/m2Dr6/m2Dr6/mcs70_m2Dr6_s35.A28 fileNameGt=../graphsdb/mcs70/m2D/m2Dr6/m2Dr6/mcs70_m2Dr6_s35.B28
Reading graphs...
35 :  78
35 :  77
Initializing...
maxdom : 35
D->valSize : 1225
Solving...
currentSize : 12 <-- 0.020232 s
currentSize : 14 <-- 0.020371 s
currentSize : 15 <-- 0.020693 s
currentSize : 16 <-- 0.021023 s
currentSize : 17 <-- 0.021800 s
currentSize : 18 <-- 0.022808 s
currentSize : 19 <-- 0.054228 s
currentSize : 20 <-- 0.704414 s
currentSize : 21 <-- 1.654091 s
currentSize : 22 <-- 10.135029 s
currentSize : 23 <-- 375.162537 s
currentSize : 24 <-- 375.247650 s
currentSize : 25 <-- 375.247803 s

maxsize : 25
nodes : 20894828.000000
filtered : 695397467.000000
CCGP filtered : 76914909.000000
CCGT filtered : 60977061.000000
time : 459.375031
