Parameters: GAD=1 vflib=1 dir=0 label=0 lowerbound=1 fileNameGp=../graphsdb/mcs70/bvg/b06m/mcs70_b06m_s30.A30 fileNameGt=../graphsdb/mcs70/bvg/b06m/mcs70_b06m_s30.B30
Reading graphs...
30 :  87
30 :  86
Initializing...
maxdom : 30
D->valSize : 900
Solving...
currentSize : 10 <-- 0.017930 s
currentSize : 11 <-- 0.018007 s
currentSize : 12 <-- 0.018146 s
currentSize : 13 <-- 0.022661 s
currentSize : 14 <-- 0.029802 s
currentSize : 15 <-- 0.029843 s
currentSize : 16 <-- 0.098176 s
currentSize : 17 <-- 2.552228 s
currentSize : 18 <-- 14.634534 s
currentSize : 19 <-- 70.733231 s
currentSize : 20 <-- 70.733315 s
currentSize : 22 <-- 70.733383 s

maxsize : 22
nodes : 5060686.000000
filtered : 135186402.000000
CCGP filtered : 9495733.000000
CCGT filtered : 7708884.000000
time : 75.159721
