Parameters: GAD=1 vflib=1 dir=0 label=0 lowerbound=1 fileNameGp=../graphsdb/mcs70/m3D/m3Dr2/mcs70_m3Dr2_s35.A02 fileNameGt=../graphsdb/mcs70/m3D/m3Dr2/mcs70_m3Dr2_s35.B02
Reading graphs...
35 :  79
35 :  79
Initializing...
maxdom : 35
D->valSize : 1225
Solving...
currentSize : 15 <-- 0.020370 s
currentSize : 16 <-- 0.020406 s
currentSize : 17 <-- 0.021006 s
currentSize : 18 <-- 0.021217 s
currentSize : 19 <-- 0.159270 s
currentSize : 20 <-- 0.210702 s
currentSize : 21 <-- 7.227885 s
currentSize : 22 <-- 28.155102 s
currentSize : 23 <-- 135.651184 s
currentSize : 24 <-- 189.737701 s
currentSize : 25 <-- 375.514984 s
currentSize : 28 <-- 375.515045 s

maxsize : 28
nodes : 18353810.000000
filtered : 623640193.000000
CCGP filtered : 38014771.000000
CCGT filtered : 37102983.000000
time : 386.010895
