Parameters: GAD=1 vflib=1 dir=0 label=0 lowerbound=1 fileNameGp=../graphsdb/mcs70/rand/r005/mcs70_r005_s35.A59 fileNameGt=../graphsdb/mcs70/rand/r005/mcs70_r005_s35.B59
Reading graphs...
35 :  57
35 :  58
Initializing...
maxdom : 35
D->valSize : 1225
Solving...
currentSize : 16 <-- 0.037132 s
currentSize : 18 <-- 0.037287 s
currentSize : 19 <-- 0.037350 s
currentSize : 20 <-- 0.039118 s
currentSize : 21 <-- 0.089647 s
currentSize : 22 <-- 0.174816 s
currentSize : 23 <-- 3.712038 s
currentSize : 24 <-- 26.076168 s
currentSize : 25 <-- 169.302826 s

maxsize : 25
nodes : 12937388.000000
filtered : 465668139.000000
CCGP filtered : 237834427.000000
CCGT filtered : 95703712.000000
time : 334.571075
