Parameters: GAD=1 vflib=1 dir=0 label=0 lowerbound=1 fileNameGp=../graphsdb/mcs70/bvg/b09m/mcs70_b09m_s35.A84 fileNameGt=../graphsdb/mcs70/bvg/b09m/mcs70_b09m_s35.B84
Reading graphs...
35 :  152
35 :  154
Initializing...
maxdom : 35
D->valSize : 1225
Solving...
currentSize : 12 <-- 0.018169 s
currentSize : 13 <-- 0.018206 s
currentSize : 14 <-- 0.018338 s
currentSize : 15 <-- 0.081001 s
currentSize : 16 <-- 0.268450 s
currentSize : 17 <-- 0.635954 s
currentSize : 19 <-- 11.336917 s
currentSize : 20 <-- 35.693256 s
currentSize : 21 <-- 35.773701 s
currentSize : 22 <-- 35.781479 s
currentSize : 23 <-- 35.781551 s
currentSize : 24 <-- 76.442131 s

maxsize : 24
nodes : 5637642.000000
filtered : 220808635.000000
CCGP filtered : 1621239.000000
CCGT filtered : 1005387.000000
time : 86.989265
