Parameters: GAD=1 vflib=1 dir=0 label=0 lowerbound=1 fileNameGp=../graphsdb/mcs70/m2D/m2Dr6/m2Dr6/mcs70_m2Dr6_s35.A55 fileNameGt=../graphsdb/mcs70/m2D/m2Dr6/m2Dr6/mcs70_m2Dr6_s35.B55
Reading graphs...
35 :  78
35 :  78
Initializing...
maxdom : 35
D->valSize : 1225
Solving...
currentSize : 14 <-- 0.020464 s
currentSize : 16 <-- 0.020545 s
currentSize : 17 <-- 0.023132 s
currentSize : 18 <-- 0.027439 s
currentSize : 19 <-- 0.034756 s
currentSize : 20 <-- 0.280045 s
currentSize : 21 <-- 1.441934 s
currentSize : 22 <-- 8.017544 s
currentSize : 23 <-- 14.761874 s
currentSize : 24 <-- 108.415855 s
currentSize : 26 <-- 108.501015 s

maxsize : 26
nodes : 6833488.000000
filtered : 278574942.000000
CCGP filtered : 26179081.000000
CCGT filtered : 19385411.000000
time : 145.917847
