Parameters: GAD=1 vflib=1 dir=0 label=0 lowerbound=1 fileNameGp=../graphsdb/mcs70/rand/r005/mcs70_r005_s35.A38 fileNameGt=../graphsdb/mcs70/rand/r005/mcs70_r005_s35.B38
Reading graphs...
35 :  56
35 :  56
Initializing...
maxdom : 35
D->valSize : 1225
Solving...
currentSize : 14 <-- 0.025497 s
currentSize : 15 <-- 0.025658 s
currentSize : 16 <-- 0.025816 s
currentSize : 17 <-- 0.026450 s
currentSize : 18 <-- 0.033499 s
currentSize : 20 <-- 0.033578 s
currentSize : 21 <-- 0.062414 s
currentSize : 22 <-- 0.083652 s
currentSize : 23 <-- 0.124228 s
currentSize : 24 <-- 0.347673 s
currentSize : 25 <-- 15.666371 s
currentSize : 26 <-- 46.280468 s

maxsize : 26
nodes : 3828958.000000
filtered : 141021575.000000
CCGP filtered : 70924101.000000
CCGT filtered : 16341540.000000
time : 89.710785
