Parameters: GAD=1 vflib=1 dir=0 label=0 lowerbound=1 fileNameGp=../graphsdb/mcs70/bvg/b03/mcs70_b03_s35.A10 fileNameGt=../graphsdb/mcs70/bvg/b03/mcs70_b03_s35.B10
Reading graphs...
35 :  52
35 :  52
Initializing...
maxdom : 35
D->valSize : 1225
Solving...
currentSize : 14 <-- 0.021338 s
currentSize : 18 <-- 0.021390 s
currentSize : 19 <-- 0.021447 s
currentSize : 20 <-- 0.021601 s
currentSize : 21 <-- 0.022484 s
currentSize : 22 <-- 0.023067 s
currentSize : 23 <-- 0.035680 s
currentSize : 24 <-- 0.075521 s
currentSize : 25 <-- 0.513710 s
currentSize : 26 <-- 5.636579 s
currentSize : 27 <-- 32.518063 s
currentSize : 28 <-- 59.903542 s
currentSize : 29 <-- 70.751076 s

maxsize : 29
nodes : 2270366.000000
filtered : 84018984.000000
CCGP filtered : 53064716.000000
CCGT filtered : 12720161.000000
time : 94.408524
