Parameters: GAD=1 vflib=1 dir=0 label=0 lowerbound=1 fileNameGp=../graphsdb/mcs70/bvg/b09/mcs70_b09_s35.A73 fileNameGt=../graphsdb/mcs70/bvg/b09/mcs70_b09_s35.B73
Reading graphs...
35 :  155
35 :  155
Initializing...
maxdom : 35
D->valSize : 1225
Solving...
currentSize : 12 <-- 0.031533 s
currentSize : 13 <-- 0.031611 s
currentSize : 14 <-- 0.032030 s
currentSize : 16 <-- 0.034999 s
currentSize : 17 <-- 0.047864 s
currentSize : 18 <-- 0.260710 s
currentSize : 19 <-- 0.431535 s
currentSize : 20 <-- 0.644800 s
currentSize : 21 <-- 0.740640 s
currentSize : 23 <-- 2.419606 s
currentSize : 24 <-- 2.419770 s
currentSize : 25 <-- 8.150122 s

maxsize : 25
nodes : 2374622.000000
filtered : 101248524.000000
CCGP filtered : 171833.000000
CCGT filtered : 76723.000000
time : 40.229145
