Parameters: GAD=1 vflib=1 dir=0 label=0 lowerbound=1 fileNameGp=../graphsdb/mcs70/rand/r005/mcs70_r005_s30.A68 fileNameGt=../graphsdb/mcs70/rand/r005/mcs70_r005_s30.B68
Reading graphs...
30 :  41
30 :  42
Initializing...
maxdom : 30
D->valSize : 900
Solving...
currentSize : 15 <-- 0.019780 s
currentSize : 17 <-- 0.020235 s
currentSize : 18 <-- 0.029929 s
currentSize : 19 <-- 0.053142 s
currentSize : 20 <-- 0.389355 s
currentSize : 21 <-- 0.426977 s
currentSize : 22 <-- 0.567140 s
currentSize : 23 <-- 1.113379 s
currentSize : 24 <-- 1.580096 s

maxsize : 24
nodes : 79395.000000
filtered : 2627556.000000
CCGP filtered : 1099661.000000
CCGT filtered : 860401.000000
time : 2.396870
