Parameters: GAD=1 vflib=1 dir=0 label=0 lowerbound=1 fileNameGp=../graphsdb/mcs70/bvg/b06m/mcs70_b06m_s35.A06 fileNameGt=../graphsdb/mcs70/bvg/b06m/mcs70_b06m_s35.B06
Reading graphs...
35 :  104
35 :  104
Initializing...
maxdom : 35
D->valSize : 1225
Solving...
currentSize : 13 <-- 0.019310 s
currentSize : 14 <-- 0.019497 s
currentSize : 15 <-- 0.019668 s
currentSize : 16 <-- 0.019887 s
currentSize : 17 <-- 0.020379 s
currentSize : 18 <-- 0.746885 s
currentSize : 19 <-- 2.625129 s
currentSize : 20 <-- 126.332253 s
currentSize : 22 <-- 359.078186 s
currentSize : 25 <-- 359.081146 s

maxsize : 25
nodes : 29591245.000000
filtered : 875116218.000000
CCGP filtered : 60786857.000000
CCGT filtered : 48687785.000000
time : 431.606995
