Parameters: GAD=1 vflib=1 dir=0 label=0 lowerbound=1 fileNameGp=../graphsdb/mcs70/bvg/b09/mcs70_b09_s30.A93 fileNameGt=../graphsdb/mcs70/bvg/b09/mcs70_b09_s30.B93
Reading graphs...
30 :  133
30 :  132
Initializing...
maxdom : 30
D->valSize : 900
Solving...
currentSize : 10 <-- 0.016442 s
currentSize : 11 <-- 0.016803 s
currentSize : 12 <-- 0.017280 s
currentSize : 13 <-- 0.020768 s
currentSize : 14 <-- 0.026237 s
currentSize : 15 <-- 0.135782 s
currentSize : 16 <-- 1.453310 s
currentSize : 17 <-- 2.891575 s
currentSize : 18 <-- 3.231759 s
currentSize : 20 <-- 4.176813 s

maxsize : 20
nodes : 1177286.000000
filtered : 39311038.000000
CCGP filtered : 92507.000000
CCGT filtered : 77441.000000
time : 15.423194
