Parameters: GAD=1 vflib=1 dir=0 label=0 lowerbound=1 fileNameGp=../graphsdb/mcs70/rand/r005/mcs70_r005_s30.A56 fileNameGt=../graphsdb/mcs70/rand/r005/mcs70_r005_s30.B56
Reading graphs...
30 :  41
30 :  41
Initializing...
maxdom : 30
D->valSize : 900
Solving...
currentSize : 14 <-- 0.019975 s
currentSize : 15 <-- 0.021032 s
currentSize : 16 <-- 0.021059 s
currentSize : 17 <-- 0.021153 s
currentSize : 18 <-- 0.111209 s
currentSize : 19 <-- 0.236921 s
currentSize : 20 <-- 0.644242 s
currentSize : 21 <-- 1.445864 s
currentSize : 22 <-- 2.367470 s

maxsize : 22
nodes : 340495.000000
filtered : 10505989.000000
CCGP filtered : 4400655.000000
CCGT filtered : 3562993.000000
time : 8.040707
