Parameters: GAD=1 vflib=1 dir=0 label=0 lowerbound=1 fileNameGp=../graphsdb/mcs70/m2D/m2D/mcs70_m2D_s35.A52 fileNameGt=../graphsdb/mcs70/m2D/m2D/mcs70_m2D_s35.B52
Reading graphs...
35 :  58
35 :  58
Initializing...
maxdom : 35
D->valSize : 1225
Solving...
currentSize : 18 <-- 0.036649 s
currentSize : 19 <-- 0.036720 s
currentSize : 20 <-- 0.037142 s
currentSize : 21 <-- 0.039228 s
currentSize : 22 <-- 0.042650 s
currentSize : 23 <-- 0.181029 s
currentSize : 24 <-- 5.769084 s
currentSize : 25 <-- 12.225485 s
currentSize : 26 <-- 15.531335 s

maxsize : 26
nodes : 6510685.000000
filtered : 290467765.000000
CCGP filtered : 75826116.000000
CCGT filtered : 34999097.000000
time : 277.170593
