Parameters: GAD=1 vflib=1 dir=0 label=0 lowerbound=1 fileNameGp=../graphsdb/mcs70/rand/r005/mcs70_r005_s35.A98 fileNameGt=../graphsdb/mcs70/rand/r005/mcs70_r005_s35.B98
Reading graphs...
35 :  58
35 :  58
Initializing...
maxdom : 35
D->valSize : 1225
Solving...
currentSize : 13 <-- 0.020527 s
currentSize : 14 <-- 0.020577 s
currentSize : 15 <-- 0.020693 s
currentSize : 16 <-- 0.021161 s
currentSize : 17 <-- 0.021208 s
currentSize : 18 <-- 0.021413 s
currentSize : 19 <-- 0.023236 s
currentSize : 20 <-- 0.154363 s
currentSize : 21 <-- 0.386928 s
currentSize : 22 <-- 0.571304 s
currentSize : 23 <-- 42.159481 s
currentSize : 24 <-- 62.407951 s
currentSize : 25 <-- 106.588364 s

maxsize : 25
nodes : 8909264.000000
filtered : 304822532.000000
CCGP filtered : 85653078.000000
CCGT filtered : 64824613.000000
time : 188.207489
