Parameters: GAD=1 vflib=1 dir=0 label=0 lowerbound=1 fileNameGp=../graphsdb/mcs70/rand/r01/mcs70_r01_s30.A72 fileNameGt=../graphsdb/mcs70/rand/r01/mcs70_r01_s30.B72
Reading graphs...
30 :  80
30 :  80
Initializing...
maxdom : 30
D->valSize : 900
Solving...
currentSize : 12 <-- 0.010153 s
currentSize : 13 <-- 0.010399 s
currentSize : 14 <-- 0.011368 s
currentSize : 15 <-- 0.053642 s
currentSize : 16 <-- 0.069003 s
currentSize : 17 <-- 0.354950 s
currentSize : 18 <-- 2.111666 s
currentSize : 19 <-- 57.254436 s
currentSize : 20 <-- 57.255329 s
currentSize : 21 <-- 57.255470 s

maxsize : 21
nodes : 5209894.000000
filtered : 140559936.000000
CCGP filtered : 7310269.000000
CCGT filtered : 6886502.000000
time : 67.941872
