Parameters: GAD=1 vflib=1 dir=0 label=0 lowerbound=1 fileNameGp=../graphsdb/mcs70/m3D/m3Dr6/mcs70_m3Dr6_s35.A12 fileNameGt=../graphsdb/mcs70/m3D/m3Dr6/mcs70_m3Dr6_s35.B12
Reading graphs...
35 :  92
35 :  91
Initializing...
maxdom : 35
D->valSize : 1225
Solving...
currentSize : 14 <-- 0.034881 s
currentSize : 15 <-- 0.035332 s
currentSize : 16 <-- 0.035567 s
currentSize : 17 <-- 0.040953 s
currentSize : 18 <-- 0.077145 s
currentSize : 19 <-- 0.084602 s
currentSize : 20 <-- 1.057685 s
currentSize : 21 <-- 86.462227 s
currentSize : 24 <-- 311.383606 s
currentSize : 26 <-- 322.591217 s
currentSize : 28 <-- 325.798431 s

maxsize : 28
nodes : 22304213.000000
filtered : 631280633.000000
CCGP filtered : 40268930.000000
CCGT filtered : 40030964.000000
time : 331.521881
