Parameters: GAD=1 vflib=1 dir=0 label=0 lowerbound=1 fileNameGp=../graphsdb/mcs70/bvg/b09/mcs70_b09_s35.A79 fileNameGt=../graphsdb/mcs70/bvg/b09/mcs70_b09_s35.B79
Reading graphs...
35 :  155
35 :  156
Initializing...
maxdom : 35
D->valSize : 1225
Solving...
currentSize : 12 <-- 0.031432 s
currentSize : 13 <-- 0.031878 s
currentSize : 14 <-- 0.033105 s
currentSize : 15 <-- 0.033554 s
currentSize : 16 <-- 0.053718 s
currentSize : 17 <-- 0.136057 s
currentSize : 18 <-- 0.548828 s
currentSize : 19 <-- 0.973226 s
currentSize : 20 <-- 1.317924 s
currentSize : 21 <-- 2.871709 s
currentSize : 22 <-- 9.199101 s
currentSize : 23 <-- 11.006305 s
currentSize : 24 <-- 12.953979 s

maxsize : 24
nodes : 3966308.000000
filtered : 173166771.000000
CCGP filtered : 443770.000000
CCGT filtered : 263909.000000
time : 67.097427
