Parameters: GAD=1 vflib=1 dir=0 label=0 lowerbound=1 fileNameGp=../graphsdb/mcs70/m3D/m3D/mcs70_m3D_s35.A67 fileNameGt=../graphsdb/mcs70/m3D/m3D/mcs70_m3D_s35.B67
Reading graphs...
35 :  72
35 :  72
Initializing...
maxdom : 35
D->valSize : 1225
Solving...
currentSize : 20 <-- 0.021142 s
currentSize : 21 <-- 0.021295 s
currentSize : 22 <-- 0.556421 s
currentSize : 23 <-- 11.587630 s
currentSize : 24 <-- 12.181122 s
currentSize : 25 <-- 12.474648 s
currentSize : 26 <-- 12.474821 s
currentSize : 28 <-- 21.135281 s
currentSize : 29 <-- 21.141912 s

maxsize : 29
nodes : 1423151.000000
filtered : 46091692.000000
CCGP filtered : 1624319.000000
CCGT filtered : 1179731.000000
time : 29.115667
