Parameters: GAD=1 vflib=1 dir=0 label=0 lowerbound=1 fileNameGp=../graphsdb/mcs70/rand/r005/mcs70_r005_s35.A63 fileNameGt=../graphsdb/mcs70/rand/r005/mcs70_r005_s35.B63
Reading graphs...
35 :  58
35 :  55
Initializing...
maxdom : 35
D->valSize : 1225
Solving...
currentSize : 12 <-- 0.021080 s
currentSize : 14 <-- 0.021171 s
currentSize : 17 <-- 0.021375 s
currentSize : 18 <-- 0.021442 s
currentSize : 20 <-- 0.029594 s
currentSize : 21 <-- 0.097247 s
currentSize : 22 <-- 0.650049 s
currentSize : 23 <-- 0.945227 s
currentSize : 24 <-- 8.994149 s
currentSize : 25 <-- 30.928591 s

maxsize : 25
nodes : 6693304.000000
filtered : 272140913.000000
CCGP filtered : 125637361.000000
CCGT filtered : 55552594.000000
time : 222.969910
