Parameters: GAD=1 vflib=1 dir=0 label=0 lowerbound=1 fileNameGp=../graphsdb/mcs70/bvg/b06/mcs70_b06_s30.A36 fileNameGt=../graphsdb/mcs70/bvg/b06/mcs70_b06_s30.B36
Reading graphs...
30 :  90
30 :  90
Initializing...
maxdom : 30
D->valSize : 900
Solving...
currentSize : 15 <-- 0.017695 s
currentSize : 16 <-- 0.018171 s
currentSize : 17 <-- 0.025902 s
currentSize : 18 <-- 0.029800 s
currentSize : 19 <-- 0.079120 s
currentSize : 20 <-- 0.079206 s
currentSize : 21 <-- 0.185224 s
currentSize : 22 <-- 0.879470 s
currentSize : 23 <-- 1.119931 s

maxsize : 23
nodes : 192979.000000
filtered : 8439842.000000
CCGP filtered : 158221.000000
CCGT filtered : 63199.000000
time : 4.355961
