Parameters: GAD=1 vflib=1 dir=0 label=0 lowerbound=1 fileNameGp=../graphsdb/mcs70/bvg/b06m/mcs70_b06m_s30.A33 fileNameGt=../graphsdb/mcs70/bvg/b06m/mcs70_b06m_s30.B33
Reading graphs...
30 :  88
30 :  88
Initializing...
maxdom : 30
D->valSize : 900
Solving...
currentSize : 5 <-- 0.010065 s
currentSize : 10 <-- 0.010216 s
currentSize : 11 <-- 0.010254 s
currentSize : 13 <-- 0.010381 s
currentSize : 14 <-- 0.011008 s
currentSize : 15 <-- 0.011078 s
currentSize : 16 <-- 0.020946 s
currentSize : 17 <-- 0.020991 s
currentSize : 18 <-- 2.843653 s
currentSize : 19 <-- 10.919576 s
currentSize : 20 <-- 11.461497 s
currentSize : 21 <-- 11.471102 s
currentSize : 22 <-- 11.481601 s

maxsize : 22
nodes : 1023726.000000
filtered : 33987262.000000
CCGP filtered : 1591078.000000
CCGT filtered : 1021146.000000
time : 17.510405
