Parameters: GAD=1 vflib=1 dir=0 label=0 lowerbound=1 fileNameGp=../graphsdb/mcs70/m3D/m3Dr2/mcs70_m3Dr2_s35.A46 fileNameGt=../graphsdb/mcs70/m3D/m3Dr2/mcs70_m3Dr2_s35.B46
Reading graphs...
35 :  79
35 :  78
Initializing...
maxdom : 35
D->valSize : 1225
Solving...
currentSize : 15 <-- 0.020327 s
currentSize : 16 <-- 0.020415 s
currentSize : 17 <-- 0.020662 s
currentSize : 18 <-- 0.037868 s
currentSize : 19 <-- 0.227894 s
currentSize : 20 <-- 0.484816 s
currentSize : 21 <-- 1.042296 s
currentSize : 22 <-- 13.563764 s
currentSize : 23 <-- 149.221558 s
currentSize : 24 <-- 300.444397 s
currentSize : 27 <-- 301.855774 s

maxsize : 27
nodes : 19152695.000000
filtered : 605818361.000000
CCGP filtered : 39589981.000000
CCGT filtered : 34476924.000000
time : 333.192780
