Parameters: GAD=1 vflib=1 dir=0 label=0 lowerbound=1 fileNameGp=../graphsdb/mcs70/bvg/b09/mcs70_b09_s35.A78 fileNameGt=../graphsdb/mcs70/bvg/b09/mcs70_b09_s35.B78
Reading graphs...
35 :  155
35 :  157
Initializing...
maxdom : 35
D->valSize : 1225
Solving...
currentSize : 11 <-- 0.023334 s
currentSize : 12 <-- 0.023410 s
currentSize : 13 <-- 0.023512 s
currentSize : 14 <-- 0.023633 s
currentSize : 16 <-- 0.025435 s
currentSize : 17 <-- 0.108475 s
currentSize : 18 <-- 0.284371 s
currentSize : 19 <-- 0.990784 s
currentSize : 20 <-- 1.107904 s
currentSize : 22 <-- 2.252145 s
currentSize : 23 <-- 2.254472 s
currentSize : 24 <-- 8.635710 s
currentSize : 25 <-- 11.638003 s

maxsize : 25
nodes : 2031463.000000
filtered : 98111841.000000
CCGP filtered : 439093.000000
CCGT filtered : 36629.000000
time : 34.443073
