Parameters: GAD=1 vflib=1 dir=0 label=0 lowerbound=1 fileNameGp=../graphsdb/mcs70/m3D/m3D/mcs70_m3D_s35.A64 fileNameGt=../graphsdb/mcs70/m3D/m3D/mcs70_m3D_s35.B64
Reading graphs...
35 :  72
35 :  71
Initializing...
maxdom : 35
D->valSize : 1225
Solving...
currentSize : 18 <-- 0.035758 s
currentSize : 19 <-- 0.036206 s
currentSize : 20 <-- 0.037086 s
currentSize : 21 <-- 0.049470 s
currentSize : 23 <-- 2.548635 s
currentSize : 24 <-- 6.942093 s
currentSize : 25 <-- 9.915726 s
currentSize : 27 <-- 14.621148 s
currentSize : 28 <-- 17.912870 s

maxsize : 28
nodes : 1744719.000000
filtered : 69931460.000000
CCGP filtered : 3298094.000000
CCGT filtered : 2215709.000000
time : 35.001186
