Parameters: GAD=1 vflib=1 dir=0 label=0 lowerbound=1 fileNameGp=../graphsdb/mcs70/bvg/b03m/mcs70_b03m_s35.A60 fileNameGt=../graphsdb/mcs70/bvg/b03m/mcs70_b03m_s35.B60
Reading graphs...
35 :  51
35 :  52
Initializing...
maxdom : 35
D->valSize : 1225
Solving...
currentSize : 17 <-- 0.020957 s
currentSize : 18 <-- 0.021077 s
currentSize : 19 <-- 0.021173 s
currentSize : 20 <-- 0.021821 s
currentSize : 21 <-- 0.022802 s
currentSize : 22 <-- 0.053819 s
currentSize : 23 <-- 0.336589 s
currentSize : 24 <-- 0.535167 s
currentSize : 25 <-- 16.388456 s
currentSize : 26 <-- 30.582508 s

maxsize : 26
nodes : 3481080.000000
filtered : 149984304.000000
CCGP filtered : 67185543.000000
CCGT filtered : 43528491.000000
time : 176.932556
