Parameters: GAD=1 vflib=1 dir=0 label=0 lowerbound=1 fileNameGp=../graphsdb/mcs70/bvg/b09m/mcs70_b09m_s35.A94 fileNameGt=../graphsdb/mcs70/bvg/b09m/mcs70_b09m_s35.B94
Reading graphs...
35 :  152
35 :  152
Initializing...
maxdom : 35
D->valSize : 1225
Solving...
currentSize : 11 <-- 0.018225 s
currentSize : 12 <-- 0.018272 s
currentSize : 13 <-- 0.018582 s
currentSize : 14 <-- 0.069680 s
currentSize : 15 <-- 0.069960 s
currentSize : 16 <-- 0.088645 s
currentSize : 17 <-- 5.429098 s
currentSize : 18 <-- 5.540993 s
currentSize : 19 <-- 5.547990 s
currentSize : 24 <-- 5.560897 s

maxsize : 24
nodes : 2346194.000000
filtered : 109853461.000000
CCGP filtered : 705608.000000
CCGT filtered : 975420.000000
time : 42.121014
