Parameters: GAD=1 vflib=1 dir=0 label=0 lowerbound=1 fileNameGp=../graphsdb/mcs70/m2D/m2Dr6/m2Dr6/mcs70_m2Dr6_s35.A16 fileNameGt=../graphsdb/mcs70/m2D/m2Dr6/m2Dr6/mcs70_m2Dr6_s35.B16
Reading graphs...
35 :  76
35 :  79
Initializing...
maxdom : 35
D->valSize : 1225
Solving...
currentSize : 11 <-- 0.020123 s
currentSize : 14 <-- 0.020184 s
currentSize : 18 <-- 0.020242 s
currentSize : 19 <-- 0.025565 s
currentSize : 20 <-- 0.087887 s
currentSize : 21 <-- 0.364708 s
currentSize : 22 <-- 71.825401 s
currentSize : 23 <-- 82.939316 s
currentSize : 24 <-- 82.999947 s
currentSize : 25 <-- 221.317612 s

maxsize : 25
nodes : 15068297.000000
filtered : 607559279.000000
CCGP filtered : 58436942.000000
CCGT filtered : 44010202.000000
time : 340.433838
