Parameters: GAD=1 vflib=1 dir=0 label=0 lowerbound=1 fileNameGp=../graphsdb/mcs70/rand/r01/mcs70_r01_s35.A11 fileNameGt=../graphsdb/mcs70/rand/r01/mcs70_r01_s35.B11
Reading graphs...
35 :  114
35 :  113
Initializing...
maxdom : 35
D->valSize : 1225
Solving...
currentSize : 13 <-- 0.033762 s
currentSize : 14 <-- 0.033851 s
currentSize : 15 <-- 0.042258 s
currentSize : 16 <-- 0.043406 s
currentSize : 17 <-- 0.064635 s
currentSize : 18 <-- 0.231034 s
currentSize : 19 <-- 1.177153 s
currentSize : 20 <-- 6.124171 s
currentSize : 21 <-- 1172.597290 s
currentSize : 24 <-- 2651.252441 s

maxsize : 24
nodes : 186922830.000000
filtered : 5397844936.000000
CCGP filtered : 81745827.000000
CCGT filtered : 92354827.000000
time : 2700.403320
