Parameters: GAD=1 vflib=1 dir=0 label=0 lowerbound=1 fileNameGp=../graphsdb/mcs70/rand/r005/mcs70_r005_s30.A52 fileNameGt=../graphsdb/mcs70/rand/r005/mcs70_r005_s30.B52
Reading graphs...
30 :  42
30 :  42
Initializing...
maxdom : 30
D->valSize : 900
Solving...
currentSize : 12 <-- 0.019851 s
currentSize : 13 <-- 0.020142 s
currentSize : 15 <-- 0.021647 s
currentSize : 16 <-- 0.041036 s
currentSize : 17 <-- 0.112425 s
currentSize : 18 <-- 0.470807 s
currentSize : 19 <-- 0.507188 s
currentSize : 20 <-- 2.014982 s
currentSize : 21 <-- 2.172088 s
currentSize : 22 <-- 5.698802 s

maxsize : 22
nodes : 435468.000000
filtered : 10869601.000000
CCGP filtered : 7522947.000000
CCGT filtered : 7206797.000000
time : 8.810342
