Parameters: GAD=1 vflib=1 dir=0 label=0 lowerbound=1 fileNameGp=../graphsdb/mcs70/rand/r02/mcs70_r02_s35.A23 fileNameGt=../graphsdb/mcs70/rand/r02/mcs70_r02_s35.B23
Reading graphs...
35 :  207
35 :  208
Initializing...
maxdom : 35
D->valSize : 1225
Solving...
currentSize : 10 <-- 0.017364 s
currentSize : 11 <-- 0.018029 s
currentSize : 12 <-- 0.019821 s
currentSize : 13 <-- 0.020511 s
currentSize : 14 <-- 0.020858 s
currentSize : 15 <-- 48.968590 s
currentSize : 17 <-- 639.493958 s
currentSize : 19 <-- 1255.964966 s
currentSize : 20 <-- 1630.807373 s
currentSize : 24 <-- 1630.808105 s

maxsize : 24
nodes : 126750477.000000
filtered : 2102662714.000000
CCGP filtered : 1463906.000000
CCGT filtered : 5311980.000000
time : 1641.167847
