Parameters: GAD=1 vflib=1 dir=0 label=0 lowerbound=1 fileNameGp=../graphsdb/mcs70/bvg/b03/mcs70_b03_s30.A30 fileNameGt=../graphsdb/mcs70/bvg/b03/mcs70_b03_s30.B30
Reading graphs...
30 :  45
30 :  45
Initializing...
maxdom : 30
D->valSize : 900
Solving...
currentSize : 2 <-- 0.019474 s
currentSize : 16 <-- 0.019848 s
currentSize : 17 <-- 0.020007 s
currentSize : 18 <-- 0.020242 s
currentSize : 19 <-- 0.023858 s
currentSize : 20 <-- 0.044632 s
currentSize : 21 <-- 0.113323 s
currentSize : 22 <-- 0.168434 s
currentSize : 23 <-- 0.204346 s

maxsize : 23
nodes : 281114.000000
filtered : 11954556.000000
CCGP filtered : 3127487.000000
CCGT filtered : 1218051.000000
time : 13.311080
