Parameters: GAD=1 vflib=1 dir=0 label=0 lowerbound=1 fileNameGp=../graphsdb/mcs70/m3D/m3Dr6/mcs70_m3Dr6_s35.A40 fileNameGt=../graphsdb/mcs70/m3D/m3Dr6/mcs70_m3Dr6_s35.B40
Reading graphs...
35 :  91
35 :  90
Initializing...
maxdom : 35
D->valSize : 1225
Solving...
currentSize : 15 <-- 0.024663 s
currentSize : 16 <-- 0.026004 s
currentSize : 17 <-- 0.026151 s
currentSize : 18 <-- 0.029658 s
currentSize : 19 <-- 0.048252 s
currentSize : 20 <-- 1.622014 s
currentSize : 21 <-- 67.538033 s
currentSize : 22 <-- 109.240143 s
currentSize : 23 <-- 148.275589 s
currentSize : 26 <-- 353.869507 s
currentSize : 27 <-- 353.878876 s

maxsize : 27
nodes : 24900656.000000
filtered : 800224460.000000
CCGP filtered : 22191947.000000
CCGT filtered : 18165621.000000
time : 371.845459
