Parameters: GAD=1 vflib=1 dir=0 label=0 lowerbound=1 fileNameGp=../graphsdb/mcs70/rand/r02/mcs70_r02_s35.A82 fileNameGt=../graphsdb/mcs70/rand/r02/mcs70_r02_s35.B82
Reading graphs...
35 :  217
35 :  216
Initializing...
maxdom : 35
D->valSize : 1225
Solving...
currentSize : 10 <-- 0.022153 s
currentSize : 11 <-- 0.022345 s
currentSize : 12 <-- 0.027992 s
currentSize : 13 <-- 0.052711 s
currentSize : 14 <-- 1.127426 s
currentSize : 15 <-- 59.695465 s
currentSize : 16 <-- 741.786438 s
currentSize : 17 <-- 1079.859985 s
currentSize : 18 <-- 1150.531616 s
currentSize : 19 <-- 1471.001099 s
currentSize : 24 <-- 1907.054810 s

maxsize : 24
nodes : 144409578.000000
filtered : 2410861884.000000
CCGP filtered : 3004222.000000
CCGT filtered : 1991010.000000
time : 1915.311035
