Parameters: GAD=1 vflib=1 dir=0 label=0 lowerbound=1 fileNameGp=../graphsdb/mcs70/m3D/m3Dr4/mcs70_m3Dr4_s35.A02 fileNameGt=../graphsdb/mcs70/m3D/m3Dr4/mcs70_m3Dr4_s35.B02
Reading graphs...
35 :  84
35 :  85
Initializing...
maxdom : 35
D->valSize : 1225
Solving...
currentSize : 16 <-- 0.035055 s
currentSize : 17 <-- 0.035206 s
currentSize : 18 <-- 0.036544 s
currentSize : 19 <-- 0.060020 s
currentSize : 20 <-- 0.297512 s
currentSize : 21 <-- 0.473500 s
currentSize : 22 <-- 36.642712 s
currentSize : 24 <-- 395.895386 s
currentSize : 26 <-- 463.350037 s
currentSize : 28 <-- 463.350250 s
currentSize : 29 <-- 463.351166 s

maxsize : 29
nodes : 31194511.000000
filtered : 932776730.000000
CCGP filtered : 42375711.000000
CCGT filtered : 39782058.000000
time : 464.867981
