Parameters: GAD=1 vflib=1 dir=0 label=0 lowerbound=1 fileNameGp=../graphsdb/mcs70/m2D/m2Dr6/m2Dr6/mcs70_m2Dr6_s25.A88 fileNameGt=../graphsdb/mcs70/m2D/m2Dr6/m2Dr6/mcs70_m2Dr6_s25.B88
Reading graphs...
25 :  55
25 :  52
Initializing...
maxdom : 25
D->valSize : 625
Solving...
currentSize : 9 <-- 0.008839 s
currentSize : 10 <-- 0.008981 s
currentSize : 11 <-- 0.009166 s
currentSize : 12 <-- 0.009990 s
currentSize : 13 <-- 0.014974 s
currentSize : 14 <-- 0.015320 s
currentSize : 15 <-- 0.021444 s
currentSize : 16 <-- 0.285948 s
currentSize : 18 <-- 1.304089 s

maxsize : 18
nodes : 204735.000000
filtered : 5650945.000000
CCGP filtered : 390242.000000
CCGT filtered : 293470.000000
time : 3.036658
