Parameters: GAD=1 vflib=1 dir=0 label=0 lowerbound=1 fileNameGp=../graphsdb/mcs70/rand/r02/mcs70_r02_s30.A12 fileNameGt=../graphsdb/mcs70/rand/r02/mcs70_r02_s30.B12
Reading graphs...
30 :  159
30 :  157
Initializing...
maxdom : 30
D->valSize : 900
Solving...
currentSize : 10 <-- 0.009587 s
currentSize : 11 <-- 0.010025 s
currentSize : 12 <-- 0.011060 s
currentSize : 13 <-- 2.511293 s
currentSize : 14 <-- 7.785121 s
currentSize : 15 <-- 238.624207 s
currentSize : 16 <-- 260.541077 s
currentSize : 18 <-- 272.563049 s
currentSize : 21 <-- 272.743439 s

maxsize : 21
nodes : 25640945.000000
filtered : 331301252.000000
CCGP filtered : 1577091.000000
CCGT filtered : 484421.000000
time : 277.588257
