Parameters: GAD=1 vflib=1 dir=0 label=0 lowerbound=1 fileNameGp=../graphsdb/mcs70/m3D/m3Dr2/mcs70_m3Dr2_s35.A29 fileNameGt=../graphsdb/mcs70/m3D/m3Dr2/mcs70_m3Dr2_s35.B29
Reading graphs...
35 :  78
35 :  76
Initializing...
maxdom : 35
D->valSize : 1225
Solving...
currentSize : 17 <-- 0.020499 s
currentSize : 18 <-- 0.020677 s
currentSize : 19 <-- 0.021115 s
currentSize : 20 <-- 0.025633 s
currentSize : 21 <-- 0.026583 s
currentSize : 22 <-- 0.062046 s
currentSize : 23 <-- 0.106055 s
currentSize : 24 <-- 165.619965 s
currentSize : 26 <-- 391.531891 s
currentSize : 27 <-- 403.204895 s

maxsize : 27
nodes : 20524723.000000
filtered : 748162073.000000
CCGP filtered : 47973217.000000
CCGT filtered : 29189327.000000
time : 430.985687
