Parameters: GAD=1 vflib=1 dir=0 label=0 lowerbound=1 fileNameGp=../graphsdb/mcs70/bvg/b09/mcs70_b09_s25.A88 fileNameGt=../graphsdb/mcs70/bvg/b09/mcs70_b09_s25.B88
Reading graphs...
25 :  111
25 :  108
Initializing...
maxdom : 25
D->valSize : 625
Solving...
currentSize : 7 <-- 0.007803 s
currentSize : 8 <-- 0.007857 s
currentSize : 9 <-- 0.007981 s
currentSize : 10 <-- 0.008013 s
currentSize : 11 <-- 0.009697 s
currentSize : 12 <-- 0.029469 s
currentSize : 15 <-- 0.080415 s
currentSize : 16 <-- 0.080564 s
currentSize : 17 <-- 0.503943 s

maxsize : 17
nodes : 167538.000000
filtered : 4741826.000000
CCGP filtered : 7480.000000
CCGT filtered : 72011.000000
time : 1.951851
