Parameters: GAD=1 vflib=1 dir=0 label=0 lowerbound=1 fileNameGp=../graphsdb/mcs70/bvg/b06m/mcs70_b06m_s35.A69 fileNameGt=../graphsdb/mcs70/bvg/b06m/mcs70_b06m_s35.B69
Reading graphs...
35 :  102
35 :  103
Initializing...
maxdom : 35
D->valSize : 1225
Solving...
currentSize : 12 <-- 0.034066 s
currentSize : 16 <-- 0.034133 s
currentSize : 17 <-- 0.035589 s
currentSize : 18 <-- 0.058647 s
currentSize : 19 <-- 0.196983 s
currentSize : 20 <-- 2.420943 s
currentSize : 21 <-- 759.513489 s
currentSize : 23 <-- 792.597168 s
currentSize : 24 <-- 792.597351 s
currentSize : 25 <-- 792.597839 s

maxsize : 25
nodes : 52005727.000000
filtered : 1606440619.000000
CCGP filtered : 158199887.000000
CCGT filtered : 104943701.000000
time : 837.686707
