Parameters: GAD=1 vflib=1 dir=0 label=0 lowerbound=1 fileNameGp=../graphsdb/mcs70/bvg/b03/mcs70_b03_s35.A97 fileNameGt=../graphsdb/mcs70/bvg/b03/mcs70_b03_s35.B97
Reading graphs...
35 :  52
35 :  52
Initializing...
maxdom : 35
D->valSize : 1225
Solving...
currentSize : 13 <-- 0.021296 s
currentSize : 15 <-- 0.021377 s
currentSize : 17 <-- 0.021407 s
currentSize : 18 <-- 0.021467 s
currentSize : 20 <-- 0.021897 s
currentSize : 22 <-- 0.022130 s
currentSize : 23 <-- 0.031008 s
currentSize : 24 <-- 0.413274 s
currentSize : 25 <-- 0.819868 s
currentSize : 26 <-- 11.221925 s
currentSize : 27 <-- 36.933765 s
currentSize : 28 <-- 47.724812 s

maxsize : 28
nodes : 1645835.000000
filtered : 74535655.000000
CCGP filtered : 36172210.000000
CCGT filtered : 17045266.000000
time : 84.213280
