Parameters: GAD=1 vflib=1 dir=0 label=0 lowerbound=1 fileNameGp=../graphsdb/mcs70/rand/r005/mcs70_r005_s35.A39 fileNameGt=../graphsdb/mcs70/rand/r005/mcs70_r005_s35.B39
Reading graphs...
35 :  58
35 :  57
Initializing...
maxdom : 35
D->valSize : 1225
Solving...
currentSize : 14 <-- 0.036469 s
currentSize : 15 <-- 0.036836 s
currentSize : 16 <-- 0.038013 s
currentSize : 17 <-- 0.043279 s
currentSize : 18 <-- 0.063652 s
currentSize : 19 <-- 0.071463 s
currentSize : 20 <-- 0.519060 s
currentSize : 21 <-- 0.629171 s
currentSize : 22 <-- 1.023508 s
currentSize : 23 <-- 7.757692 s
currentSize : 24 <-- 41.829342 s
currentSize : 25 <-- 42.252762 s
currentSize : 26 <-- 86.775070 s

maxsize : 26
nodes : 4599002.000000
filtered : 172663856.000000
CCGP filtered : 42462644.000000
CCGT filtered : 28422076.000000
time : 126.980011
