Parameters: GAD=1 vflib=1 dir=0 label=0 lowerbound=1 fileNameGp=../graphsdb/mcs70/bvg/b09/mcs70_b09_s35.A88 fileNameGt=../graphsdb/mcs70/bvg/b09/mcs70_b09_s35.B88
Reading graphs...
35 :  155
35 :  155
Initializing...
maxdom : 35
D->valSize : 1225
Solving...
currentSize : 13 <-- 0.018544 s
currentSize : 14 <-- 0.018752 s
currentSize : 15 <-- 0.030274 s
currentSize : 16 <-- 0.049289 s
currentSize : 17 <-- 1.187774 s
currentSize : 18 <-- 1.188381 s
currentSize : 19 <-- 1.201574 s
currentSize : 20 <-- 3.631969 s
currentSize : 22 <-- 7.391374 s
currentSize : 23 <-- 10.942657 s
currentSize : 24 <-- 22.280157 s
currentSize : 25 <-- 32.597851 s

maxsize : 25
nodes : 2969208.000000
filtered : 138115498.000000
CCGP filtered : 354403.000000
CCGT filtered : 62136.000000
time : 50.013489
