Parameters: GAD=1 vflib=1 dir=0 label=0 lowerbound=1 fileNameGp=../graphsdb/mcs70/rand/r02/mcs70_r02_s30.A37 fileNameGt=../graphsdb/mcs70/rand/r02/mcs70_r02_s30.B37
Reading graphs...
30 :  162
30 :  160
Initializing...
maxdom : 30
D->valSize : 900
Solving...
currentSize : 9 <-- 0.009090 s
currentSize : 10 <-- 0.009157 s
currentSize : 11 <-- 0.010863 s
currentSize : 12 <-- 0.033076 s
currentSize : 13 <-- 0.219304 s
currentSize : 14 <-- 2.192212 s
currentSize : 15 <-- 164.199554 s
currentSize : 16 <-- 164.638031 s
currentSize : 17 <-- 164.639511 s
currentSize : 21 <-- 164.640335 s

maxsize : 21
nodes : 15863773.000000
filtered : 216887507.000000
CCGP filtered : 611397.000000
CCGT filtered : 666789.000000
time : 169.166443
