Parameters: GAD=1 vflib=1 dir=0 label=0 lowerbound=1 fileNameGp=../graphsdb/mcs90/bvg/b06m/mcs90_b06m_s30.A37 fileNameGt=../graphsdb/mcs90/bvg/b06m/mcs90_b06m_s30.B37
Reading graphs...
30 :  87
30 :  87
Initializing...
maxdom : 30
D->valSize : 900
Solving...
currentSize : 14 <-- 0.010071 s
currentSize : 15 <-- 0.010096 s
currentSize : 16 <-- 0.047882 s
currentSize : 17 <-- 0.426709 s
currentSize : 18 <-- 0.997447 s
currentSize : 19 <-- 4.765415 s
currentSize : 21 <-- 9.434167 s
currentSize : 24 <-- 10.615503 s
currentSize : 25 <-- 10.615551 s
currentSize : 27 <-- 10.615759 s

maxsize : 27
nodes : 658573.000000
filtered : 20055273.000000
CCGP filtered : 1428115.000000
CCGT filtered : 724407.000000
time : 10.702004
