Parameters: GAD=1 vflib=1 dir=0 label=0 lowerbound=1 fileNameGp=../graphsdb/mcs90/m2D/m2Dr6/mcs90_m2Dr6_s30.A22 fileNameGt=../graphsdb/mcs90/m2D/m2Dr6/mcs90_m2Dr6_s30.B22
Reading graphs...
30 :  67
30 :  66
Initializing...
maxdom : 30
D->valSize : 900
Solving...
currentSize : 14 <-- 0.010810 s
currentSize : 15 <-- 0.015117 s
currentSize : 16 <-- 0.016274 s
currentSize : 17 <-- 0.016652 s
currentSize : 18 <-- 0.128680 s
currentSize : 19 <-- 0.431438 s
currentSize : 20 <-- 0.608475 s
currentSize : 21 <-- 0.610849 s
currentSize : 22 <-- 2.532934 s
currentSize : 23 <-- 2.533365 s
currentSize : 25 <-- 2.562470 s

maxsize : 25
nodes : 173704.000000
filtered : 5994866.000000
CCGP filtered : 416819.000000
CCGT filtered : 265361.000000
time : 2.937950
