Parameters: GAD=1 vflib=1 dir=0 label=0 lowerbound=1 fileNameGp=../graphsdb/mcs90/rand/r01/mcs90_r01_s35.A78 fileNameGt=../graphsdb/mcs90/rand/r01/mcs90_r01_s35.B78
Reading graphs...
35 :  114
35 :  109
Initializing...
maxdom : 35
D->valSize : 1225
Solving...
currentSize : 14 <-- 0.019028 s
currentSize : 15 <-- 0.019230 s
currentSize : 16 <-- 0.019419 s
currentSize : 17 <-- 0.026279 s
currentSize : 18 <-- 0.049793 s
currentSize : 19 <-- 1.492291 s
currentSize : 21 <-- 21.810312 s
currentSize : 22 <-- 23.266979 s
currentSize : 25 <-- 73.352699 s
currentSize : 31 <-- 95.221687 s

maxsize : 31
nodes : 6485251.000000
filtered : 227022520.000000
CCGP filtered : 2066565.000000
CCGT filtered : 2463784.000000
time : 95.547813
