Parameters: GAD=1 vflib=1 dir=0 label=0 lowerbound=1 fileNameGp=../graphsdb/mcs90/m2D/m2D/mcs90_m2D_s30.A71 fileNameGt=../graphsdb/mcs90/m2D/m2D/mcs90_m2D_s30.B71
Reading graphs...
30 :  49
30 :  48
Initializing...
maxdom : 30
D->valSize : 900
Solving...
currentSize : 15 <-- 0.011081 s
currentSize : 16 <-- 0.011190 s
currentSize : 17 <-- 0.011329 s
currentSize : 18 <-- 0.011387 s
currentSize : 19 <-- 0.011717 s
currentSize : 21 <-- 0.012409 s
currentSize : 22 <-- 0.012429 s
currentSize : 23 <-- 1.835168 s
currentSize : 24 <-- 2.655625 s
currentSize : 25 <-- 4.098705 s

maxsize : 25
nodes : 155468.000000
filtered : 6604907.000000
CCGP filtered : 1423799.000000
CCGT filtered : 492738.000000
time : 6.124843
