Parameters: GAD=1 vflib=1 dir=0 label=0 lowerbound=1 fileNameGp=../graphsdb/mcs90/m3D/m3Dr2/mcs90_m3Dr2_s30.A79 fileNameGt=../graphsdb/mcs90/m3D/m3Dr2/mcs90_m3Dr2_s30.B79
Reading graphs...
30 :  67
30 :  67
Initializing...
maxdom : 30
D->valSize : 900
Solving...
currentSize : 16 <-- 0.015072 s
currentSize : 17 <-- 0.015167 s
currentSize : 18 <-- 0.073969 s
currentSize : 19 <-- 1.979870 s
currentSize : 20 <-- 6.205958 s
currentSize : 21 <-- 10.962094 s
currentSize : 23 <-- 11.119877 s
currentSize : 24 <-- 11.328222 s
currentSize : 25 <-- 11.328479 s
currentSize : 27 <-- 11.328600 s

maxsize : 27
nodes : 921234.000000
filtered : 19410053.000000
CCGP filtered : 741804.000000
CCGT filtered : 609403.000000
time : 11.405456
