Parameters: GAD=1 vflib=1 dir=0 label=0 lowerbound=1 fileNameGp=../graphsdb/mcs90/bvg/b06/mcs90_b06_s30.A27 fileNameGt=../graphsdb/mcs90/bvg/b06/mcs90_b06_s30.B27
Reading graphs...
30 :  90
30 :  90
Initializing...
maxdom : 30
D->valSize : 900
Solving...
currentSize : 13 <-- 0.013550 s
currentSize : 15 <-- 0.013593 s
currentSize : 16 <-- 0.013849 s
currentSize : 17 <-- 0.014914 s
currentSize : 18 <-- 0.016453 s
currentSize : 19 <-- 0.019015 s
currentSize : 20 <-- 0.026392 s
currentSize : 21 <-- 0.026611 s
currentSize : 22 <-- 0.026840 s
currentSize : 23 <-- 0.027251 s
currentSize : 25 <-- 0.035105 s
currentSize : 27 <-- 0.035739 s

maxsize : 27
nodes : 5073.000000
filtered : 252058.000000
CCGP filtered : 306.000000
CCGT filtered : 930.000000
time : 0.235753
