Parameters: GAD=1 vflib=1 dir=0 label=0 lowerbound=1 fileNameGp=../graphsdb/mcs90/bvg/b06m/mcs90_b06m_s35.A00 fileNameGt=../graphsdb/mcs90/bvg/b06m/mcs90_b06m_s35.B00
Reading graphs...
35 :  100
35 :  99
Initializing...
maxdom : 35
D->valSize : 1225
Solving...
currentSize : 15 <-- 0.019412 s
currentSize : 16 <-- 0.019720 s
currentSize : 17 <-- 0.020058 s
currentSize : 18 <-- 0.022820 s
currentSize : 19 <-- 0.036114 s
currentSize : 20 <-- 0.052222 s
currentSize : 21 <-- 0.119099 s
currentSize : 22 <-- 24.583042 s
currentSize : 23 <-- 25.129061 s
currentSize : 24 <-- 25.138666 s
currentSize : 25 <-- 25.189783 s
currentSize : 26 <-- 25.232471 s
currentSize : 27 <-- 26.217300 s
currentSize : 31 <-- 26.217735 s

maxsize : 31
nodes : 1498990.000000
filtered : 48048787.000000
CCGP filtered : 6451944.000000
CCGT filtered : 6989418.000000
time : 26.543512
