Parameters: GAD=1 vflib=1 dir=0 label=0 lowerbound=1 fileNameGp=../graphsdb/mcs90/rand/r01/mcs90_r01_s30.A38 fileNameGt=../graphsdb/mcs90/rand/r01/mcs90_r01_s30.B38
Reading graphs...
30 :  84
30 :  84
Initializing...
maxdom : 30
D->valSize : 900
Solving...
currentSize : 13 <-- 0.010228 s
currentSize : 14 <-- 0.010778 s
currentSize : 15 <-- 0.010955 s
currentSize : 16 <-- 0.012742 s
currentSize : 17 <-- 0.014079 s
currentSize : 18 <-- 0.139895 s
currentSize : 19 <-- 9.114287 s
currentSize : 21 <-- 9.130267 s
currentSize : 22 <-- 9.132442 s
currentSize : 24 <-- 9.156348 s
currentSize : 27 <-- 9.156560 s

maxsize : 27
nodes : 761654.000000
filtered : 17720021.000000
CCGP filtered : 503583.000000
CCGT filtered : 710605.000000
time : 9.203797
