Parameters: GAD=1 vflib=1 dir=0 label=0 lowerbound=1 fileNameGp=../graphsdb/mcs90/rand/r02/mcs90_r02_s25.A58 fileNameGt=../graphsdb/mcs90/rand/r02/mcs90_r02_s25.B58
Reading graphs...
25 :  109
25 :  107
Initializing...
maxdom : 25
D->valSize : 625
Solving...
currentSize : 9 <-- 0.004612 s
currentSize : 10 <-- 0.004760 s
currentSize : 11 <-- 0.005096 s
currentSize : 12 <-- 0.006584 s
currentSize : 13 <-- 1.587006 s
currentSize : 14 <-- 2.571706 s
currentSize : 15 <-- 2.571970 s
currentSize : 17 <-- 3.711810 s
currentSize : 22 <-- 5.354312 s

maxsize : 22
nodes : 554132.000000
filtered : 9554888.000000
CCGP filtered : 25731.000000
CCGT filtered : 14937.000000
time : 5.354986
