Parameters: GAD=1 vflib=1 dir=0 label=0 lowerbound=1 fileNameGp=../graphsdb/mcs90/bvg/b03m/mcs90_b03m_s30.A30 fileNameGt=../graphsdb/mcs90/bvg/b03m/mcs90_b03m_s30.B30
Reading graphs...
30 :  45
30 :  45
Initializing...
maxdom : 30
D->valSize : 900
Solving...
currentSize : 13 <-- 0.011064 s
currentSize : 14 <-- 0.011378 s
currentSize : 15 <-- 0.014123 s
currentSize : 16 <-- 0.014613 s
currentSize : 17 <-- 0.016276 s
currentSize : 18 <-- 0.018584 s
currentSize : 20 <-- 0.033412 s
currentSize : 21 <-- 0.034616 s
currentSize : 22 <-- 3.135315 s
currentSize : 23 <-- 4.542101 s
currentSize : 24 <-- 4.546117 s
currentSize : 26 <-- 4.547952 s

maxsize : 26
nodes : 219134.000000
filtered : 6677733.000000
CCGP filtered : 5288175.000000
CCGT filtered : 1581531.000000
time : 5.021172
