Parameters: GAD=1 vflib=1 dir=0 label=0 lowerbound=1 fileNameGp=../graphsdb/mcs90/bvg/b06m/mcs90_b06m_s35.A66 fileNameGt=../graphsdb/mcs90/bvg/b06m/mcs90_b06m_s35.B66
Reading graphs...
35 :  104
35 :  104
Initializing...
maxdom : 35
D->valSize : 1225
Solving...
currentSize : 12 <-- 0.020482 s
currentSize : 13 <-- 0.020542 s
currentSize : 14 <-- 0.020681 s
currentSize : 15 <-- 0.025191 s
currentSize : 16 <-- 0.025302 s
currentSize : 17 <-- 0.284422 s
currentSize : 18 <-- 0.632334 s
currentSize : 19 <-- 0.837738 s
currentSize : 21 <-- 4.996910 s
currentSize : 23 <-- 140.754150 s
currentSize : 25 <-- 172.172089 s
currentSize : 26 <-- 174.744614 s
currentSize : 27 <-- 174.744858 s
currentSize : 31 <-- 175.314285 s

maxsize : 31
nodes : 10314644.000000
filtered : 366063069.000000
CCGP filtered : 28264743.000000
CCGT filtered : 19154042.000000
time : 175.664398
