Parameters: GAD=1 vflib=1 dir=0 label=0 lowerbound=1 fileNameGp=../graphsdb/mcs90/rand/r01/mcs90_r01_s25.A25 fileNameGt=../graphsdb/mcs90/rand/r01/mcs90_r01_s25.B25
Reading graphs...
25 :  56
25 :  58
Initializing...
maxdom : 25
D->valSize : 625
Solving...
currentSize : 11 <-- 0.008762 s
currentSize : 12 <-- 0.008858 s
currentSize : 13 <-- 0.009742 s
currentSize : 14 <-- 0.011530 s
currentSize : 15 <-- 0.054201 s
currentSize : 16 <-- 0.257746 s
currentSize : 18 <-- 0.515804 s
currentSize : 19 <-- 0.516052 s
currentSize : 20 <-- 0.680121 s
currentSize : 22 <-- 0.757021 s

maxsize : 22
nodes : 54696.000000
filtered : 1395591.000000
CCGP filtered : 101012.000000
CCGT filtered : 35311.000000
time : 0.779554
