Parameters: GAD=1 vflib=1 dir=0 label=0 lowerbound=1 fileNameGp=../graphsdb/mcs90/m2D/m2D/mcs90_m2D_s30.A57 fileNameGt=../graphsdb/mcs90/m2D/m2D/mcs90_m2D_s30.B57
Reading graphs...
30 :  49
30 :  49
Initializing...
maxdom : 30
D->valSize : 900
Solving...
currentSize : 15 <-- 0.019614 s
currentSize : 16 <-- 0.019751 s
currentSize : 17 <-- 0.020129 s
currentSize : 18 <-- 0.029562 s
currentSize : 19 <-- 0.057084 s
currentSize : 20 <-- 0.075215 s
currentSize : 21 <-- 0.164005 s
currentSize : 22 <-- 0.370850 s
currentSize : 23 <-- 0.370883 s
currentSize : 24 <-- 0.516937 s
currentSize : 25 <-- 0.516979 s
currentSize : 26 <-- 1.103895 s

maxsize : 26
nodes : 57090.000000
filtered : 1957160.000000
CCGP filtered : 705677.000000
CCGT filtered : 232453.000000
time : 1.546036
