Parameters: GAD=1 vflib=1 dir=0 label=0 lowerbound=1 fileNameGp=../graphsdb/mcs90/rand/r005/mcs90_r005_s35.A57 fileNameGt=../graphsdb/mcs90/rand/r005/mcs90_r005_s35.B57
Reading graphs...
35 :  57
35 :  57
Initializing...
maxdom : 35
D->valSize : 1225
Solving...
currentSize : 17 <-- 0.020919 s
currentSize : 18 <-- 0.020951 s
currentSize : 19 <-- 0.037644 s
currentSize : 20 <-- 0.043147 s
currentSize : 21 <-- 0.281556 s
currentSize : 22 <-- 0.698413 s
currentSize : 23 <-- 0.940592 s
currentSize : 24 <-- 3.176642 s
currentSize : 25 <-- 5.865833 s
currentSize : 26 <-- 6.194923 s
currentSize : 27 <-- 17.240398 s
currentSize : 28 <-- 17.260147 s
currentSize : 29 <-- 17.719568 s
currentSize : 31 <-- 19.948853 s

maxsize : 31
nodes : 771436.000000
filtered : 27967506.000000
CCGP filtered : 7811142.000000
CCGT filtered : 4926683.000000
time : 20.148376
