Parameters: GAD=1 vflib=1 dir=0 label=0 lowerbound=1 fileNameGp=../graphsdb/mcs90/rand/r005/mcs90_r005_s35.A13 fileNameGt=../graphsdb/mcs90/rand/r005/mcs90_r005_s35.B13
Reading graphs...
35 :  57
35 :  57
Initializing...
maxdom : 35
D->valSize : 1225
Solving...
currentSize : 11 <-- 0.021371 s
currentSize : 13 <-- 0.021452 s
currentSize : 14 <-- 0.021695 s
currentSize : 15 <-- 0.021901 s
currentSize : 18 <-- 0.022042 s
currentSize : 19 <-- 0.024465 s
currentSize : 20 <-- 0.038477 s
currentSize : 21 <-- 0.066306 s
currentSize : 22 <-- 0.164498 s
currentSize : 23 <-- 0.216566 s
currentSize : 24 <-- 2.593019 s
currentSize : 25 <-- 5.651455 s
currentSize : 26 <-- 5.812163 s
currentSize : 27 <-- 6.620022 s
currentSize : 28 <-- 6.620904 s
currentSize : 29 <-- 8.544504 s
currentSize : 31 <-- 8.624990 s

maxsize : 31
nodes : 391152.000000
filtered : 13284395.000000
CCGP filtered : 3975053.000000
CCGT filtered : 1766738.000000
time : 8.915444
