Parameters: GAD=1 vflib=1 dir=0 label=0 lowerbound=1 fileNameGp=../graphsdb/mcs90/rand/r02/mcs90_r02_s25.A26 fileNameGt=../graphsdb/mcs90/rand/r02/mcs90_r02_s25.B26
Reading graphs...
25 :  108
25 :  105
Initializing...
maxdom : 25
D->valSize : 625
Solving...
currentSize : 7 <-- 0.004486 s
currentSize : 8 <-- 0.004537 s
currentSize : 9 <-- 0.004586 s
currentSize : 10 <-- 0.004779 s
currentSize : 11 <-- 0.005238 s
currentSize : 12 <-- 0.008631 s
currentSize : 13 <-- 0.135377 s
currentSize : 14 <-- 0.161985 s
currentSize : 16 <-- 0.165974 s
currentSize : 17 <-- 0.270990 s
currentSize : 22 <-- 0.271331 s

maxsize : 22
nodes : 30337.000000
filtered : 530137.000000
CCGP filtered : 2793.000000
CCGT filtered : 3318.000000
time : 0.294884
