Parameters: GAD=1 vflib=1 dir=0 label=0 lowerbound=1 fileNameGp=../graphsdb/mcs90/rand/r005/mcs90_r005_s35.A41 fileNameGt=../graphsdb/mcs90/rand/r005/mcs90_r005_s35.B41
Reading graphs...
35 :  58
35 :  58
Initializing...
maxdom : 35
D->valSize : 1225
Solving...
currentSize : 13 <-- 0.020754 s
currentSize : 14 <-- 0.020906 s
currentSize : 15 <-- 0.020992 s
currentSize : 16 <-- 0.021152 s
currentSize : 17 <-- 0.021440 s
currentSize : 18 <-- 0.025612 s
currentSize : 19 <-- 0.027590 s
currentSize : 20 <-- 0.032381 s
currentSize : 21 <-- 0.038045 s
currentSize : 22 <-- 0.038312 s
currentSize : 23 <-- 0.182462 s
currentSize : 24 <-- 0.182480 s
currentSize : 25 <-- 7.705005 s
currentSize : 26 <-- 10.973153 s
currentSize : 31 <-- 10.976728 s

maxsize : 31
nodes : 516216.000000
filtered : 17345748.000000
CCGP filtered : 6677611.000000
CCGT filtered : 3341061.000000
time : 11.422530
