Parameters: GAD=1 vflib=1 dir=0 label=0 lowerbound=1 fileNameGp=../graphsdb/mcs90/bvg/b09/mcs90_b09_s30.A77 fileNameGt=../graphsdb/mcs90/bvg/b09/mcs90_b09_s30.B77
Reading graphs...
30 :  135
30 :  135
Initializing...
maxdom : 30
D->valSize : 900
Solving...
currentSize : 13 <-- 0.013638 s
currentSize : 14 <-- 0.013831 s
currentSize : 15 <-- 0.014286 s
currentSize : 16 <-- 0.025016 s
currentSize : 17 <-- 0.025261 s
currentSize : 18 <-- 0.045290 s
currentSize : 19 <-- 0.369490 s
currentSize : 21 <-- 0.372039 s
currentSize : 23 <-- 0.395844 s
currentSize : 24 <-- 0.510153 s
currentSize : 26 <-- 0.585320 s

maxsize : 26
nodes : 47045.000000
filtered : 1929774.000000
CCGP filtered : 10206.000000
CCGT filtered : 3102.000000
time : 0.729747
