Parameters: GAD=1 vflib=1 dir=0 label=0 lowerbound=1 fileNameGp=../graphsdb/mcs90/m2D/m2D/mcs90_m2D_s30.A82 fileNameGt=../graphsdb/mcs90/m2D/m2D/mcs90_m2D_s30.B82
Reading graphs...
30 :  49
30 :  48
Initializing...
maxdom : 30
D->valSize : 900
Solving...
currentSize : 16 <-- 0.019408 s
currentSize : 17 <-- 0.019461 s
currentSize : 19 <-- 0.019612 s
currentSize : 20 <-- 0.025528 s
currentSize : 21 <-- 0.312885 s
currentSize : 22 <-- 0.316019 s
currentSize : 23 <-- 0.704649 s
currentSize : 25 <-- 0.983898 s
currentSize : 26 <-- 1.370710 s

maxsize : 26
nodes : 71754.000000
filtered : 2594704.000000
CCGP filtered : 528968.000000
CCGT filtered : 382680.000000
time : 1.784430
