Parameters: GAD=1 vflib=1 dir=0 label=0 lowerbound=1 fileNameGp=../graphsdb/mcs90/bvg/b06m/mcs90_b06m_s25.A37 fileNameGt=../graphsdb/mcs90/bvg/b06m/mcs90_b06m_s25.B37
Reading graphs...
25 :  72
25 :  72
Initializing...
maxdom : 25
D->valSize : 625
Solving...
currentSize : 11 <-- 0.004839 s
currentSize : 12 <-- 0.004967 s
currentSize : 13 <-- 0.005275 s
currentSize : 14 <-- 0.005362 s
currentSize : 15 <-- 0.834309 s
currentSize : 16 <-- 1.164025 s
currentSize : 17 <-- 1.337095 s
currentSize : 18 <-- 1.344373 s
currentSize : 22 <-- 1.356923 s

maxsize : 22
nodes : 118903.000000
filtered : 2678175.000000
CCGP filtered : 504598.000000
CCGT filtered : 207201.000000
time : 1.403501
