Parameters: GAD=1 vflib=1 dir=0 label=0 lowerbound=1 fileNameGp=../graphsdb/mcs90/bvg/b06/mcs90_b06_s35.A03 fileNameGt=../graphsdb/mcs90/bvg/b06/mcs90_b06_s35.B03
Reading graphs...
35 :  105
35 :  105
Initializing...
maxdom : 35
D->valSize : 1225
Solving...
currentSize : 17 <-- 0.019853 s
currentSize : 18 <-- 0.019928 s
currentSize : 19 <-- 0.020108 s
currentSize : 20 <-- 0.020565 s
currentSize : 21 <-- 0.033272 s
currentSize : 22 <-- 0.047605 s
currentSize : 23 <-- 0.604483 s
currentSize : 24 <-- 1.394678 s
currentSize : 25 <-- 3.795402 s
currentSize : 26 <-- 3.998077 s
currentSize : 29 <-- 4.220038 s
currentSize : 31 <-- 4.221317 s

maxsize : 31
nodes : 229091.000000
filtered : 6877812.000000
CCGP filtered : 215334.000000
CCGT filtered : 166396.000000
time : 4.915234
