Parameters: GAD=1 vflib=1 dir=0 label=0 lowerbound=1 fileNameGp=../graphsdb/mcs90/bvg/b03m/mcs90_b03m_s30.A62 fileNameGt=../graphsdb/mcs90/bvg/b03m/mcs90_b03m_s30.B62
Reading graphs...
30 :  45
30 :  45
Initializing...
maxdom : 30
D->valSize : 900
Solving...
currentSize : 12 <-- 0.011063 s
currentSize : 16 <-- 0.011396 s
currentSize : 18 <-- 0.034097 s
currentSize : 19 <-- 0.038603 s
currentSize : 20 <-- 0.153682 s
currentSize : 21 <-- 0.261490 s
currentSize : 22 <-- 1.716245 s
currentSize : 23 <-- 2.070994 s
currentSize : 24 <-- 2.179732 s
currentSize : 25 <-- 2.246497 s
currentSize : 26 <-- 2.254440 s
currentSize : 27 <-- 2.254530 s

maxsize : 27
nodes : 113299.000000
filtered : 2745879.000000
CCGP filtered : 2464137.000000
CCGT filtered : 1074063.000000
time : 2.417842
