Parameters: GAD=1 vflib=1 dir=0 label=0 lowerbound=1 fileNameGp=../graphsdb/mcs90/m2D/m2Dr6/mcs90_m2Dr6_s30.A71 fileNameGt=../graphsdb/mcs90/m2D/m2Dr6/mcs90_m2Dr6_s30.B71
Reading graphs...
30 :  65
30 :  64
Initializing...
maxdom : 30
D->valSize : 900
Solving...
currentSize : 14 <-- 0.018593 s
currentSize : 15 <-- 0.018638 s
currentSize : 16 <-- 0.019150 s
currentSize : 17 <-- 0.022251 s
currentSize : 18 <-- 0.080395 s
currentSize : 19 <-- 0.340651 s
currentSize : 20 <-- 0.404703 s
currentSize : 21 <-- 3.848180 s
currentSize : 22 <-- 4.043705 s
currentSize : 24 <-- 4.045205 s
currentSize : 25 <-- 4.045608 s

maxsize : 25
nodes : 256969.000000
filtered : 8692021.000000
CCGP filtered : 455716.000000
CCGT filtered : 371661.000000
time : 4.964789
