Parameters: GAD=1 vflib=1 dir=0 label=0 lowerbound=1 fileNameGp=../graphsdb/mcs90/rand/r02/mcs90_r02_s25.A94 fileNameGt=../graphsdb/mcs90/rand/r02/mcs90_r02_s25.B94
Reading graphs...
25 :  108
25 :  106
Initializing...
maxdom : 25
D->valSize : 625
Solving...
currentSize : 8 <-- 0.007958 s
currentSize : 10 <-- 0.008074 s
currentSize : 11 <-- 0.011424 s
currentSize : 12 <-- 0.047698 s
currentSize : 13 <-- 0.228844 s
currentSize : 14 <-- 0.230758 s
currentSize : 15 <-- 1.760337 s
currentSize : 16 <-- 2.167634 s
currentSize : 22 <-- 2.293603 s

maxsize : 22
nodes : 186517.000000
filtered : 3462593.000000
CCGP filtered : 10151.000000
CCGT filtered : 25095.000000
time : 2.314281
