Parameters: GAD=1 vflib=1 dir=0 label=0 lowerbound=1 fileNameGp=../graphsdb/mcs90/rand/r005/mcs90_r005_s35.A39 fileNameGt=../graphsdb/mcs90/rand/r005/mcs90_r005_s35.B39
Reading graphs...
35 :  57
35 :  57
Initializing...
maxdom : 35
D->valSize : 1225
Solving...
currentSize : 19 <-- 0.020700 s
currentSize : 20 <-- 0.021073 s
currentSize : 21 <-- 0.022496 s
currentSize : 23 <-- 0.258970 s
currentSize : 24 <-- 2.190481 s
currentSize : 25 <-- 3.725105 s
currentSize : 26 <-- 9.869691 s
currentSize : 27 <-- 10.091103 s
currentSize : 28 <-- 10.091724 s
currentSize : 31 <-- 10.213751 s

maxsize : 31
nodes : 522523.000000
filtered : 15537678.000000
CCGP filtered : 5797740.000000
CCGT filtered : 4428588.000000
time : 10.711649
