Parameters: GAD=1 vflib=1 dir=0 label=0 lowerbound=1 fileNameGp=../graphsdb/mcs90/rand/r02/mcs90_r02_s35.A53 fileNameGt=../graphsdb/mcs90/rand/r02/mcs90_r02_s35.B53
Reading graphs...
35 :  214
35 :  213
Initializing...
maxdom : 35
D->valSize : 1225
Solving...
currentSize : 10 <-- 0.017989 s
currentSize : 11 <-- 0.018139 s
currentSize : 12 <-- 0.021390 s
currentSize : 13 <-- 0.027453 s
currentSize : 14 <-- 1.642583 s
currentSize : 16 <-- 6.591187 s
currentSize : 17 <-- 6.591758 s
currentSize : 18 <-- 6.592243 s
currentSize : 21 <-- 6.592418 s
currentSize : 22 <-- 9.830923 s
currentSize : 31 <-- 14.974986 s

maxsize : 31
nodes : 1093947.000000
filtered : 23184801.000000
CCGP filtered : 4174.000000
CCGT filtered : 13537.000000
time : 15.204594
