Parameters: GAD=1 vflib=1 dir=0 label=0 lowerbound=1 fileNameGp=../graphsdb/mcs90/bvg/b09/mcs90_b09_s30.A45 fileNameGt=../graphsdb/mcs90/bvg/b09/mcs90_b09_s30.B45
Reading graphs...
30 :  134
30 :  133
Initializing...
maxdom : 30
D->valSize : 900
Solving...
currentSize : 11 <-- 0.016394 s
currentSize : 12 <-- 0.016707 s
currentSize : 13 <-- 0.020964 s
currentSize : 14 <-- 0.037931 s
currentSize : 15 <-- 0.038502 s
currentSize : 16 <-- 0.046060 s
currentSize : 17 <-- 0.046159 s
currentSize : 19 <-- 0.059440 s
currentSize : 21 <-- 0.061547 s
currentSize : 22 <-- 0.078731 s
currentSize : 23 <-- 0.183885 s
currentSize : 24 <-- 0.248320 s
currentSize : 26 <-- 0.354345 s

maxsize : 26
nodes : 24760.000000
filtered : 1390179.000000
CCGP filtered : 1845.000000
CCGT filtered : 4327.000000
time : 0.527220
