Parameters: GAD=1 vflib=1 dir=0 label=0 lowerbound=1 fileNameGp=../graphsdb/mcs90/rand/r01/mcs90_r01_s30.A00 fileNameGt=../graphsdb/mcs90/rand/r01/mcs90_r01_s30.B00
Reading graphs...
30 :  84
30 :  84
Initializing...
maxdom : 30
D->valSize : 900
Solving...
currentSize : 13 <-- 0.017937 s
currentSize : 14 <-- 0.018156 s
currentSize : 15 <-- 0.018976 s
currentSize : 16 <-- 0.030360 s
currentSize : 17 <-- 0.061194 s
currentSize : 18 <-- 0.077771 s
currentSize : 19 <-- 9.713859 s
currentSize : 20 <-- 9.714890 s
currentSize : 22 <-- 11.292478 s
currentSize : 23 <-- 11.889383 s
currentSize : 25 <-- 12.346578 s
currentSize : 26 <-- 12.360435 s
currentSize : 27 <-- 12.360580 s

maxsize : 27
nodes : 839826.000000
filtered : 23329091.000000
CCGP filtered : 990548.000000
CCGT filtered : 1237551.000000
time : 12.388873
