Parameters: GAD=1 vflib=1 dir=0 label=0 lowerbound=1 fileNameGp=../graphsdb/mcs90/rand/r005/mcs90_r005_s35.A16 fileNameGt=../graphsdb/mcs90/rand/r005/mcs90_r005_s35.B16
Reading graphs...
35 :  55
35 :  57
Initializing...
maxdom : 35
D->valSize : 1225
Solving...
currentSize : 16 <-- 0.020805 s
currentSize : 17 <-- 0.020881 s
currentSize : 19 <-- 0.021329 s
currentSize : 22 <-- 0.023003 s
currentSize : 23 <-- 2.528057 s
currentSize : 24 <-- 16.746363 s
currentSize : 25 <-- 29.084429 s
currentSize : 26 <-- 29.271368 s
currentSize : 27 <-- 29.451128 s
currentSize : 29 <-- 29.451466 s
currentSize : 30 <-- 29.473091 s
currentSize : 31 <-- 29.473564 s

maxsize : 31
nodes : 1647873.000000
filtered : 50541717.000000
CCGP filtered : 31973681.000000
CCGT filtered : 18341043.000000
time : 29.610073
