Parameters: GAD=1 vflib=1 dir=0 label=0 lowerbound=1 fileNameGp=../graphsdb/mcs90/bvg/b09/mcs90_b09_s20.A29 fileNameGt=../graphsdb/mcs90/bvg/b09/mcs90_b09_s20.B29
Reading graphs...
20 :  90
20 :  88
Initializing...
maxdom : 20
D->valSize : 400
Solving...
currentSize : 6 <-- 0.002016 s
currentSize : 7 <-- 0.002048 s
currentSize : 8 <-- 0.002192 s
currentSize : 9 <-- 0.002521 s
currentSize : 10 <-- 0.005533 s
currentSize : 12 <-- 0.008686 s
currentSize : 13 <-- 0.008816 s
currentSize : 14 <-- 0.009182 s
currentSize : 15 <-- 0.009878 s
currentSize : 16 <-- 0.010339 s
currentSize : 17 <-- 0.012509 s
currentSize : 19 <-- 0.012926 s

maxsize : 19
nodes : 1512.000000
filtered : 28279.000000
CCGP filtered : 208.000000
CCGT filtered : 62.000000
time : 0.013398
