Parameters: GAD=1 vflib=1 dir=0 label=0 lowerbound=1 fileNameGp=../graphsdb/mcs90/m2D/m2Dr2/mcs90_m2Dr2_s30.A31 fileNameGt=../graphsdb/mcs90/m2D/m2Dr2/mcs90_m2Dr2_s30.B31
Reading graphs...
30 :  55
30 :  55
Initializing...
maxdom : 30
D->valSize : 900
Solving...
currentSize : 16 <-- 0.019243 s
currentSize : 17 <-- 0.019368 s
currentSize : 18 <-- 0.021615 s
currentSize : 19 <-- 0.028098 s
currentSize : 20 <-- 0.046384 s
currentSize : 21 <-- 0.179132 s
currentSize : 23 <-- 1.746355 s
currentSize : 25 <-- 2.717289 s
currentSize : 26 <-- 2.979252 s

maxsize : 26
nodes : 151024.000000
filtered : 4593726.000000
CCGP filtered : 643412.000000
CCGT filtered : 343912.000000
time : 3.151049
