Parameters: GAD=1 vflib=1 dir=0 label=0 lowerbound=1 fileNameGp=../graphsdb/mcs90/m2D/m2Dr6/mcs90_m2Dr6_s30.A61 fileNameGt=../graphsdb/mcs90/m2D/m2Dr6/mcs90_m2Dr6_s30.B61
Reading graphs...
30 :  66
30 :  66
Initializing...
maxdom : 30
D->valSize : 900
Solving...
currentSize : 15 <-- 0.010781 s
currentSize : 16 <-- 0.010933 s
currentSize : 17 <-- 0.011318 s
currentSize : 18 <-- 0.036391 s
currentSize : 19 <-- 0.317177 s
currentSize : 20 <-- 28.843500 s
currentSize : 21 <-- 31.609709 s
currentSize : 22 <-- 31.609842 s
currentSize : 24 <-- 31.609983 s
currentSize : 25 <-- 31.610161 s

maxsize : 25
nodes : 2285439.000000
filtered : 58711091.000000
CCGP filtered : 3084358.000000
CCGT filtered : 4270674.000000
time : 32.106342
