Parameters: GAD=1 vflib=1 dir=0 label=0 lowerbound=1 fileNameGp=../graphsdb/mcs90/bvg/b06m/mcs90_b06m_s25.A96 fileNameGt=../graphsdb/mcs90/bvg/b06m/mcs90_b06m_s25.B96
Reading graphs...
25 :  73
25 :  72
Initializing...
maxdom : 25
D->valSize : 625
Solving...
currentSize : 11 <-- 0.008550 s
currentSize : 12 <-- 0.008644 s
currentSize : 13 <-- 0.009093 s
currentSize : 14 <-- 0.035306 s
currentSize : 15 <-- 0.182767 s
currentSize : 16 <-- 1.162469 s
currentSize : 17 <-- 2.222002 s
currentSize : 19 <-- 2.548416 s
currentSize : 22 <-- 2.561437 s

maxsize : 22
nodes : 189348.000000
filtered : 4995618.000000
CCGP filtered : 306406.000000
CCGT filtered : 163750.000000
time : 2.591430
