Parameters: GAD=1 vflib=1 dir=0 label=0 lowerbound=1 fileNameGp=../graphsdb/mcs90/bvg/b09m/mcs90_b09m_s35.A09 fileNameGt=../graphsdb/mcs90/bvg/b09m/mcs90_b09m_s35.B09
Reading graphs...
35 :  151
35 :  153
Initializing...
maxdom : 35
D->valSize : 1225
Solving...
currentSize : 14 <-- 0.031979 s
currentSize : 15 <-- 0.032439 s
currentSize : 16 <-- 0.033706 s
currentSize : 17 <-- 0.068019 s
currentSize : 19 <-- 0.290362 s
currentSize : 20 <-- 3.815640 s
currentSize : 22 <-- 9.216313 s
currentSize : 26 <-- 9.312092 s
currentSize : 30 <-- 9.498678 s

maxsize : 30
nodes : 667891.000000
filtered : 22223630.000000
CCGP filtered : 292835.000000
CCGT filtered : 200234.000000
time : 9.899672
