Parameters: GAD=1 vflib=1 dir=0 label=0 lowerbound=1 fileNameGp=../graphsdb/mcs90/bvg/b03m/mcs90_b03m_s35.A28 fileNameGt=../graphsdb/mcs90/bvg/b03m/mcs90_b03m_s35.B28
Reading graphs...
35 :  52
35 :  52
Initializing...
maxdom : 35
D->valSize : 1225
Solving...
currentSize : 7 <-- 0.021041 s
currentSize : 23 <-- 0.021273 s
currentSize : 24 <-- 0.021319 s
currentSize : 25 <-- 0.021649 s
currentSize : 26 <-- 0.109518 s
currentSize : 27 <-- 0.554318 s
currentSize : 28 <-- 0.555658 s
currentSize : 30 <-- 2.447347 s
currentSize : 31 <-- 2.452049 s

maxsize : 31
nodes : 55970.000000
filtered : 2600380.000000
CCGP filtered : 2705267.000000
CCGT filtered : 611048.000000
time : 3.564235
