Parameters: GAD=1 vflib=1 dir=0 label=0 lowerbound=1 fileNameGp=../graphsdb/mcs90/m2D/m2Dr4/mcs90_m2Dr4_s30.A61 fileNameGt=../graphsdb/mcs90/m2D/m2Dr4/mcs90_m2Dr4_s30.B61
Reading graphs...
30 :  59
30 :  59
Initializing...
maxdom : 30
D->valSize : 900
Solving...
currentSize : 14 <-- 0.018887 s
currentSize : 15 <-- 0.019705 s
currentSize : 16 <-- 0.019924 s
currentSize : 17 <-- 0.032590 s
currentSize : 18 <-- 0.040020 s
currentSize : 19 <-- 0.739790 s
currentSize : 20 <-- 3.087213 s
currentSize : 21 <-- 34.335468 s
currentSize : 22 <-- 51.298695 s
currentSize : 24 <-- 51.298840 s
currentSize : 25 <-- 51.299015 s

maxsize : 25
nodes : 2933192.000000
filtered : 85090038.000000
CCGP filtered : 10875400.000000
CCGT filtered : 5357261.000000
time : 52.292347
