Parameters: GAD=1 vflib=1 dir=0 label=0 lowerbound=1 fileNameGp=../graphsdb/mcs90/bvg/b06m/mcs90_b06m_s25.A87 fileNameGt=../graphsdb/mcs90/bvg/b06m/mcs90_b06m_s25.B87
Reading graphs...
25 :  70
25 :  71
Initializing...
maxdom : 25
D->valSize : 625
Solving...
currentSize : 11 <-- 0.008520 s
currentSize : 12 <-- 0.008563 s
currentSize : 13 <-- 0.008802 s
currentSize : 14 <-- 0.009423 s
currentSize : 15 <-- 0.016759 s
currentSize : 16 <-- 0.042757 s
currentSize : 18 <-- 0.088953 s
currentSize : 19 <-- 0.440908 s
currentSize : 22 <-- 0.780803 s

maxsize : 22
nodes : 41912.000000
filtered : 1442537.000000
CCGP filtered : 42060.000000
CCGT filtered : 14930.000000
time : 0.812195
