Parameters: GAD=1 vflib=1 dir=0 label=0 lowerbound=1 fileNameGp=../graphsdb/mcs90/rand/r005/mcs90_r005_s35.A02 fileNameGt=../graphsdb/mcs90/rand/r005/mcs90_r005_s35.B02
Reading graphs...
35 :  56
35 :  56
Initializing...
maxdom : 35
D->valSize : 1225
Solving...
currentSize : 15 <-- 0.020551 s
currentSize : 16 <-- 0.020591 s
currentSize : 17 <-- 0.023984 s
currentSize : 19 <-- 0.034484 s
currentSize : 20 <-- 0.047373 s
currentSize : 21 <-- 0.362221 s
currentSize : 22 <-- 0.838002 s
currentSize : 23 <-- 1.800042 s
currentSize : 24 <-- 5.159310 s
currentSize : 25 <-- 5.159510 s
currentSize : 26 <-- 8.698508 s
currentSize : 27 <-- 26.131348 s
currentSize : 29 <-- 26.131916 s
currentSize : 30 <-- 26.167328 s
currentSize : 31 <-- 26.167395 s

maxsize : 31
nodes : 1007749.000000
filtered : 34556955.000000
CCGP filtered : 15211394.000000
CCGT filtered : 9303413.000000
time : 26.766008
