Parameters: GAD=1 vflib=1 dir=0 label=0 lowerbound=1 fileNameGp=../graphsdb/mcs90/bvg/b09/mcs90_b09_s35.A07 fileNameGt=../graphsdb/mcs90/bvg/b09/mcs90_b09_s35.B07
Reading graphs...
35 :  157
35 :  157
Initializing...
maxdom : 35
D->valSize : 1225
Solving...
currentSize : 11 <-- 0.031348 s
currentSize : 12 <-- 0.031407 s
currentSize : 13 <-- 0.031542 s
currentSize : 15 <-- 0.054720 s
currentSize : 16 <-- 0.154974 s
currentSize : 17 <-- 0.352962 s
currentSize : 18 <-- 0.353530 s
currentSize : 20 <-- 0.492115 s
currentSize : 21 <-- 0.508367 s
currentSize : 26 <-- 0.550928 s
currentSize : 29 <-- 0.607047 s
currentSize : 30 <-- 0.607628 s

maxsize : 30
nodes : 82533.000000
filtered : 4452525.000000
CCGP filtered : 4321.000000
CCGT filtered : 20290.000000
time : 1.916593
