Parameters: GAD=1 vflib=1 dir=0 label=0 lowerbound=1 fileNameGp=../graphsdb/mcs90/m3D/m3Dr4/mcs90_m3Dr4_s30.A90 fileNameGt=../graphsdb/mcs90/m3D/m3Dr4/mcs90_m3Dr4_s30.B90
Reading graphs...
30 :  72
30 :  71
Initializing...
maxdom : 30
D->valSize : 900
Solving...
currentSize : 13 <-- 0.018378 s
currentSize : 14 <-- 0.018552 s
currentSize : 15 <-- 0.019169 s
currentSize : 16 <-- 0.022481 s
currentSize : 17 <-- 0.083855 s
currentSize : 18 <-- 0.208999 s
currentSize : 19 <-- 1.765411 s
currentSize : 20 <-- 14.371803 s
currentSize : 21 <-- 23.089808 s
currentSize : 23 <-- 23.361734 s
currentSize : 27 <-- 23.368834 s

maxsize : 27
nodes : 1913304.000000
filtered : 42282481.000000
CCGP filtered : 541439.000000
CCGT filtered : 787997.000000
time : 23.437325
