Parameters: GAD=1 vflib=1 dir=0 label=0 lowerbound=1 fileNameGp=../graphsdb/mcs90/bvg/b09m/mcs90_b09m_s35.A80 fileNameGt=../graphsdb/mcs90/bvg/b09m/mcs90_b09m_s35.B80
Reading graphs...
35 :  150
35 :  149
Initializing...
maxdom : 35
D->valSize : 1225
Solving...
currentSize : 12 <-- 0.031998 s
currentSize : 13 <-- 0.032086 s
currentSize : 14 <-- 0.034317 s
currentSize : 15 <-- 0.060532 s
currentSize : 16 <-- 0.083819 s
currentSize : 17 <-- 15.622543 s
currentSize : 19 <-- 16.544868 s
currentSize : 22 <-- 88.303757 s
currentSize : 23 <-- 88.387703 s
currentSize : 24 <-- 88.736404 s
currentSize : 30 <-- 88.795517 s

maxsize : 30
nodes : 6382818.000000
filtered : 163391572.000000
CCGP filtered : 2855157.000000
CCGT filtered : 1267745.000000
time : 89.706894
