Parameters: GAD=1 vflib=1 dir=0 label=0 lowerbound=1 fileNameGp=../graphsdb/mcs90/m3D/m3D/mcs90_m3D_s30.A59 fileNameGt=../graphsdb/mcs90/m3D/m3D/mcs90_m3D_s30.B59
Reading graphs...
30 :  61
30 :  61
Initializing...
maxdom : 30
D->valSize : 900
Solving...
currentSize : 15 <-- 0.010783 s
currentSize : 16 <-- 0.010865 s
currentSize : 17 <-- 0.011508 s
currentSize : 18 <-- 0.011839 s
currentSize : 20 <-- 0.022492 s
currentSize : 21 <-- 0.037011 s
currentSize : 22 <-- 0.086550 s
currentSize : 25 <-- 0.107507 s
currentSize : 27 <-- 0.249928 s

maxsize : 27
nodes : 19550.000000
filtered : 739707.000000
CCGP filtered : 3811.000000
CCGT filtered : 2380.000000
time : 0.545421
