Parameters: GAD=1 vflib=1 dir=0 label=0 lowerbound=1 fileNameGp=../graphsdb/mcs90/rand/r02/mcs90_r02_s25.A25 fileNameGt=../graphsdb/mcs90/rand/r02/mcs90_r02_s25.B25
Reading graphs...
25 :  107
25 :  105
Initializing...
maxdom : 25
D->valSize : 625
Solving...
currentSize : 10 <-- 0.008075 s
currentSize : 11 <-- 0.009964 s
currentSize : 12 <-- 0.023150 s
currentSize : 13 <-- 0.292504 s
currentSize : 14 <-- 3.084752 s
currentSize : 15 <-- 3.145719 s
currentSize : 16 <-- 3.714212 s
currentSize : 18 <-- 3.735815 s
currentSize : 22 <-- 3.738534 s

maxsize : 22
nodes : 342602.000000
filtered : 4528908.000000
CCGP filtered : 10122.000000
CCGT filtered : 29769.000000
time : 3.764598
