Parameters: GAD=1 vflib=1 dir=0 label=0 lowerbound=1 fileNameGp=../graphsdb/mcs90/m2D/m2Dr2/mcs90_m2Dr2_s30.A14 fileNameGt=../graphsdb/mcs90/m2D/m2Dr2/mcs90_m2Dr2_s30.B14
Reading graphs...
30 :  55
30 :  55
Initializing...
maxdom : 30
D->valSize : 900
Solving...
currentSize : 15 <-- 0.019211 s
currentSize : 16 <-- 0.019310 s
currentSize : 17 <-- 0.019466 s
currentSize : 18 <-- 0.025451 s
currentSize : 19 <-- 0.131967 s
currentSize : 20 <-- 0.348197 s
currentSize : 21 <-- 4.211626 s
currentSize : 22 <-- 18.381332 s
currentSize : 23 <-- 18.392693 s
currentSize : 24 <-- 18.393105 s
currentSize : 25 <-- 18.393202 s

maxsize : 25
nodes : 870627.000000
filtered : 25632084.000000
CCGP filtered : 4896747.000000
CCGT filtered : 2152724.000000
time : 19.624632
