Parameters: GAD=1 vflib=1 dir=0 label=0 lowerbound=1 fileNameGp=../graphsdb/mcs90/bvg/b09m/mcs90_b09m_s30.A20 fileNameGt=../graphsdb/mcs90/bvg/b09m/mcs90_b09m_s30.B20
Reading graphs...
30 :  128
30 :  130
Initializing...
maxdom : 30
D->valSize : 900
Solving...
currentSize : 11 <-- 0.016815 s
currentSize : 12 <-- 0.017019 s
currentSize : 13 <-- 0.055738 s
currentSize : 14 <-- 0.297711 s
currentSize : 15 <-- 4.831747 s
currentSize : 16 <-- 13.735314 s
currentSize : 17 <-- 21.813032 s
currentSize : 18 <-- 32.914593 s
currentSize : 20 <-- 35.172375 s
currentSize : 21 <-- 35.186413 s
currentSize : 26 <-- 35.481281 s

maxsize : 26
nodes : 3256686.000000
filtered : 62220187.000000
CCGP filtered : 871415.000000
CCGT filtered : 806831.000000
time : 35.613323
