Parameters: GAD=1 vflib=1 dir=0 label=0 lowerbound=1 fileNameGp=../graphsdb/mcs90/rand/r02/mcs90_r02_s25.A35 fileNameGt=../graphsdb/mcs90/rand/r02/mcs90_r02_s25.B35
Reading graphs...
25 :  112
25 :  109
Initializing...
maxdom : 25
D->valSize : 625
Solving...
currentSize : 8 <-- 0.004957 s
currentSize : 9 <-- 0.005008 s
currentSize : 10 <-- 0.005711 s
currentSize : 11 <-- 0.007382 s
currentSize : 12 <-- 0.008107 s
currentSize : 13 <-- 0.076255 s
currentSize : 15 <-- 4.423669 s
currentSize : 16 <-- 4.428902 s
currentSize : 18 <-- 4.438572 s
currentSize : 22 <-- 4.438795 s

maxsize : 22
nodes : 398184.000000
filtered : 4696298.000000
CCGP filtered : 7151.000000
CCGT filtered : 21762.000000
time : 4.473848
