Parameters: GAD=1 vflib=1 dir=0 label=0 lowerbound=1 fileNameGp=../graphsdb/mcs90/bvg/b03m/mcs90_b03m_s35.A67 fileNameGt=../graphsdb/mcs90/bvg/b03m/mcs90_b03m_s35.B67
Reading graphs...
35 :  51
35 :  52
Initializing...
maxdom : 35
D->valSize : 1225
Solving...
currentSize : 12 <-- 0.036697 s
currentSize : 21 <-- 0.036836 s
currentSize : 22 <-- 0.198279 s
currentSize : 23 <-- 1.185313 s
currentSize : 24 <-- 1.319590 s
currentSize : 25 <-- 8.365676 s
currentSize : 27 <-- 18.905439 s
currentSize : 29 <-- 18.905487 s
currentSize : 30 <-- 18.905636 s

maxsize : 30
nodes : 708309.000000
filtered : 21429344.000000
CCGP filtered : 9814017.000000
CCGT filtered : 6424692.000000
time : 20.061914
