Parameters: GAD=1 vflib=1 dir=0 label=0 lowerbound=1 fileNameGp=../graphsdb/mcs90/bvg/b03/mcs90_b03_s30.A53 fileNameGt=../graphsdb/mcs90/bvg/b03/mcs90_b03_s30.B53
Reading graphs...
30 :  45
30 :  45
Initializing...
maxdom : 30
D->valSize : 900
Solving...
currentSize : 17 <-- 0.019745 s
currentSize : 18 <-- 0.019939 s
currentSize : 19 <-- 0.020143 s
currentSize : 20 <-- 0.021501 s
currentSize : 21 <-- 0.023139 s
currentSize : 22 <-- 0.040392 s
currentSize : 23 <-- 0.056502 s
currentSize : 24 <-- 0.059073 s
currentSize : 25 <-- 0.154571 s
currentSize : 26 <-- 0.564086 s
currentSize : 27 <-- 0.589541 s

maxsize : 27
nodes : 13851.000000
filtered : 639319.000000
CCGP filtered : 140570.000000
CCGT filtered : 99113.000000
time : 0.892670
