Parameters: GAD=1 vflib=1 dir=0 label=0 lowerbound=1 fileNameGp=../graphsdb/mcs90/bvg/b03/mcs90_b03_s25.A63 fileNameGt=../graphsdb/mcs90/bvg/b03/mcs90_b03_s25.B63
Reading graphs...
25 :  37
25 :  37
Initializing...
maxdom : 25
D->valSize : 625
Solving...
currentSize : 11 <-- 0.005327 s
currentSize : 12 <-- 0.005387 s
currentSize : 16 <-- 0.005432 s
currentSize : 17 <-- 0.005654 s
currentSize : 18 <-- 0.005843 s
currentSize : 19 <-- 0.028765 s
currentSize : 20 <-- 0.070124 s
currentSize : 22 <-- 0.194782 s
currentSize : 23 <-- 0.294392 s

maxsize : 23
nodes : 8765.000000
filtered : 328001.000000
CCGP filtered : 41068.000000
CCGT filtered : 11080.000000
time : 0.322147
