Parameters: GAD=1 vflib=1 dir=0 label=0 lowerbound=1 fileNameGp=../graphsdb/mcs90/bvg/b09m/mcs90_b09m_s30.A60 fileNameGt=../graphsdb/mcs90/bvg/b09m/mcs90_b09m_s30.B60
Reading graphs...
30 :  131
30 :  132
Initializing...
maxdom : 30
D->valSize : 900
Solving...
currentSize : 10 <-- 0.009476 s
currentSize : 11 <-- 0.009661 s
currentSize : 12 <-- 0.009907 s
currentSize : 13 <-- 0.010779 s
currentSize : 14 <-- 0.019918 s
currentSize : 15 <-- 0.505227 s
currentSize : 17 <-- 1.173646 s
currentSize : 18 <-- 6.376996 s
currentSize : 19 <-- 11.445874 s
currentSize : 22 <-- 11.547205 s
currentSize : 26 <-- 11.547326 s

maxsize : 26
nodes : 985491.000000
filtered : 24480889.000000
CCGP filtered : 106266.000000
CCGT filtered : 245140.000000
time : 11.639138
