Parameters: GAD=1 vflib=1 dir=0 label=0 lowerbound=1 fileNameGp=../graphsdb/mcs90/bvg/b09m/mcs90_b09m_s35.A73 fileNameGt=../graphsdb/mcs90/bvg/b09m/mcs90_b09m_s35.B73
Reading graphs...
35 :  154
35 :  152
Initializing...
maxdom : 35
D->valSize : 1225
Solving...
currentSize : 12 <-- 0.031643 s
currentSize : 13 <-- 0.031911 s
currentSize : 14 <-- 0.032600 s
currentSize : 15 <-- 0.036828 s
currentSize : 16 <-- 0.118210 s
currentSize : 17 <-- 1.029830 s
currentSize : 18 <-- 1.247495 s
currentSize : 21 <-- 1.247650 s
currentSize : 22 <-- 1.397752 s
currentSize : 30 <-- 4.530353 s

maxsize : 30
nodes : 309896.000000
filtered : 11234897.000000
CCGP filtered : 108536.000000
CCGT filtered : 39965.000000
time : 5.179697
