Parameters: GAD=1 vflib=1 dir=0 label=0 lowerbound=1 fileNameGp=../graphsdb/mcs90/bvg/b09m/mcs90_b09m_s30.A26 fileNameGt=../graphsdb/mcs90/bvg/b09m/mcs90_b09m_s30.B26
Reading graphs...
30 :  128
30 :  129
Initializing...
maxdom : 30
D->valSize : 900
Solving...
currentSize : 12 <-- 0.016449 s
currentSize : 13 <-- 0.016643 s
currentSize : 14 <-- 0.025131 s
currentSize : 15 <-- 0.048467 s
currentSize : 17 <-- 0.137676 s
currentSize : 18 <-- 0.137842 s
currentSize : 19 <-- 1.199935 s
currentSize : 22 <-- 1.212115 s
currentSize : 26 <-- 1.214465 s

maxsize : 26
nodes : 101816.000000
filtered : 3363258.000000
CCGP filtered : 23914.000000
CCGT filtered : 31900.000000
time : 1.409664
