Parameters: GAD=1 vflib=1 dir=0 label=0 lowerbound=1 fileNameGp=../graphsdb/mcs90/m3D/m3Dr6/mcs90_m3Dr6_s30.A25 fileNameGt=../graphsdb/mcs90/m3D/m3Dr6/mcs90_m3Dr6_s30.B25
Reading graphs...
30 :  79
30 :  76
Initializing...
maxdom : 30
D->valSize : 900
Solving...
currentSize : 13 <-- 0.010344 s
currentSize : 14 <-- 0.010858 s
currentSize : 15 <-- 0.013416 s
currentSize : 16 <-- 0.015005 s
currentSize : 17 <-- 0.140262 s
currentSize : 18 <-- 0.550777 s
currentSize : 19 <-- 13.774924 s
currentSize : 20 <-- 15.026819 s
currentSize : 21 <-- 28.503822 s
currentSize : 23 <-- 33.451096 s
currentSize : 27 <-- 33.512600 s

maxsize : 27
nodes : 2957133.000000
filtered : 65048742.000000
CCGP filtered : 789414.000000
CCGT filtered : 1747695.000000
time : 33.621353
