Parameters: GAD=1 vflib=1 dir=0 label=0 lowerbound=1 fileNameGp=../graphsdb/mcs90/m2D/m2D/mcs90_m2D_s30.A27 fileNameGt=../graphsdb/mcs90/m2D/m2D/mcs90_m2D_s30.B27
Reading graphs...
30 :  49
30 :  49
Initializing...
maxdom : 30
D->valSize : 900
Solving...
currentSize : 11 <-- 0.019478 s
currentSize : 13 <-- 0.019720 s
currentSize : 17 <-- 0.019837 s
currentSize : 18 <-- 0.019921 s
currentSize : 19 <-- 0.021380 s
currentSize : 20 <-- 0.059596 s
currentSize : 21 <-- 0.308767 s
currentSize : 22 <-- 1.413503 s
currentSize : 23 <-- 4.243986 s
currentSize : 25 <-- 10.807592 s

maxsize : 25
nodes : 348704.000000
filtered : 12907677.000000
CCGP filtered : 2056355.000000
CCGT filtered : 993398.000000
time : 11.885159
