Parameters: GAD=1 vflib=1 dir=0 label=0 lowerbound=1 fileNameGp=../graphsdb/mcs90/bvg/b06/mcs90_b06_s25.A74 fileNameGt=../graphsdb/mcs90/bvg/b06/mcs90_b06_s25.B74
Reading graphs...
25 :  75
25 :  75
Initializing...
maxdom : 25
D->valSize : 625
Solving...
currentSize : 13 <-- 0.004746 s
currentSize : 14 <-- 0.004778 s
currentSize : 15 <-- 0.004937 s
currentSize : 16 <-- 0.005783 s
currentSize : 17 <-- 0.006133 s
currentSize : 18 <-- 0.027969 s
currentSize : 19 <-- 0.059200 s
currentSize : 20 <-- 0.059645 s
currentSize : 21 <-- 0.105604 s
currentSize : 22 <-- 0.118045 s

maxsize : 22
nodes : 11899.000000
filtered : 340462.000000
CCGP filtered : 1786.000000
CCGT filtered : 971.000000
time : 0.148234
