Parameters: GAD=1 vflib=1 dir=0 label=0 lowerbound=1 fileNameGp=../graphsdb/mcs90/bvg/b06/mcs90_b06_s30.A19 fileNameGt=../graphsdb/mcs90/bvg/b06/mcs90_b06_s30.B19
Reading graphs...
30 :  90
30 :  90
Initializing...
maxdom : 30
D->valSize : 900
Solving...
currentSize : 15 <-- 0.010053 s
currentSize : 16 <-- 0.010109 s
currentSize : 17 <-- 0.010165 s
currentSize : 18 <-- 0.010430 s
currentSize : 19 <-- 0.010899 s
currentSize : 20 <-- 0.035059 s
currentSize : 21 <-- 0.125903 s
currentSize : 22 <-- 0.135219 s
currentSize : 23 <-- 0.140576 s
currentSize : 24 <-- 0.140731 s
currentSize : 26 <-- 0.194612 s
currentSize : 27 <-- 0.274061 s

maxsize : 27
nodes : 20627.000000
filtered : 573845.000000
CCGP filtered : 3649.000000
CCGT filtered : 3386.000000
time : 0.373232
