Parameters: GAD=1 vflib=1 dir=0 label=0 lowerbound=1 fileNameGp=../graphsdb/mcs90/rand/r01/mcs90_r01_s25.A85 fileNameGt=../graphsdb/mcs90/rand/r01/mcs90_r01_s25.B85
Reading graphs...
25 :  56
25 :  56
Initializing...
maxdom : 25
D->valSize : 625
Solving...
currentSize : 13 <-- 0.005091 s
currentSize : 14 <-- 0.008216 s
currentSize : 15 <-- 0.009354 s
currentSize : 16 <-- 0.399282 s
currentSize : 17 <-- 1.832966 s
currentSize : 18 <-- 2.894459 s
currentSize : 19 <-- 3.384030 s
currentSize : 20 <-- 3.410921 s
currentSize : 21 <-- 3.415378 s
currentSize : 22 <-- 3.418354 s

maxsize : 22
nodes : 223939.000000
filtered : 4876711.000000
CCGP filtered : 461311.000000
CCGT filtered : 250434.000000
time : 3.446855
