Parameters: GAD=1 vflib=1 dir=0 label=0 lowerbound=1 fileNameGp=../graphsdb/mcs90/rand/r005/mcs90_r005_s25.A54 fileNameGt=../graphsdb/mcs90/rand/r005/mcs90_r005_s25.B54
Reading graphs...
25 :  29
25 :  28
Initializing...
maxdom : 25
D->valSize : 625
Solving...
currentSize : 12 <-- 0.005472 s
currentSize : 13 <-- 0.005822 s
currentSize : 15 <-- 0.005836 s
currentSize : 16 <-- 0.038239 s
currentSize : 17 <-- 0.049770 s
currentSize : 19 <-- 0.108866 s
currentSize : 20 <-- 0.373601 s
currentSize : 21 <-- 0.373728 s
currentSize : 22 <-- 0.401251 s

maxsize : 22
nodes : 29686.000000
filtered : 525193.000000
CCGP filtered : 660280.000000
CCGT filtered : 361195.000000
time : 0.403370
