Parameters: GAD=1 vflib=1 dir=0 label=0 lowerbound=1 fileNameGp=../graphsdb/mcs90/rand/r005/mcs90_r005_s25.A67 fileNameGt=../graphsdb/mcs90/rand/r005/mcs90_r005_s25.B67
Reading graphs...
25 :  29
25 :  29
Initializing...
maxdom : 25
D->valSize : 625
Solving...
currentSize : 9 <-- 0.005450 s
currentSize : 14 <-- 0.005591 s
currentSize : 15 <-- 0.005930 s
currentSize : 16 <-- 0.006159 s
currentSize : 17 <-- 0.006256 s
currentSize : 18 <-- 0.006288 s
currentSize : 19 <-- 0.006691 s
currentSize : 20 <-- 0.008237 s
currentSize : 21 <-- 0.013356 s
currentSize : 22 <-- 0.024535 s

maxsize : 22
nodes : 1894.000000
filtered : 74082.000000
CCGP filtered : 29917.000000
CCGT filtered : 6760.000000
time : 0.032326
