Parameters: GAD=1 vflib=1 dir=0 label=0 lowerbound=1 fileNameGp=../graphsdb/mcs90/m3D/m3Dr2/mcs90_m3Dr2_s30.A74 fileNameGt=../graphsdb/mcs90/m3D/m3Dr2/mcs90_m3Dr2_s30.B74
Reading graphs...
30 :  66
30 :  67
Initializing...
maxdom : 30
D->valSize : 900
Solving...
currentSize : 15 <-- 0.010386 s
currentSize : 16 <-- 0.010474 s
currentSize : 17 <-- 0.010726 s
currentSize : 18 <-- 0.011749 s
currentSize : 19 <-- 0.018525 s
currentSize : 20 <-- 13.092581 s
currentSize : 21 <-- 17.672436 s
currentSize : 22 <-- 17.680408 s
currentSize : 23 <-- 22.212032 s
currentSize : 24 <-- 22.253923 s
currentSize : 27 <-- 22.254124 s

maxsize : 27
nodes : 1415624.000000
filtered : 39769844.000000
CCGP filtered : 2972603.000000
CCGT filtered : 1387432.000000
time : 22.331057
