Parameters: GAD=1 vflib=1 dir=0 label=0 lowerbound=1 fileNameGp=../graphsdb/mcs90/bvg/b03m/mcs90_b03m_s25.A32 fileNameGt=../graphsdb/mcs90/bvg/b03m/mcs90_b03m_s25.B32
Reading graphs...
25 :  37
25 :  37
Initializing...
maxdom : 25
D->valSize : 625
Solving...
currentSize : 10 <-- 0.005362 s
currentSize : 11 <-- 0.005436 s
currentSize : 14 <-- 0.005677 s
currentSize : 15 <-- 0.005706 s
currentSize : 16 <-- 0.005890 s
currentSize : 17 <-- 0.009362 s
currentSize : 18 <-- 0.017891 s
currentSize : 19 <-- 0.152426 s
currentSize : 20 <-- 0.236371 s
currentSize : 22 <-- 0.236430 s

maxsize : 22
nodes : 14754.000000
filtered : 399303.000000
CCGP filtered : 142952.000000
CCGT filtered : 38854.000000
time : 0.336618
