Parameters: GAD=1 vflib=1 dir=0 label=0 lowerbound=1 fileNameGp=../graphsdb/mcs90/m3D/m3Dr4/mcs90_m3Dr4_s30.A07 fileNameGt=../graphsdb/mcs90/m3D/m3Dr4/mcs90_m3Dr4_s30.B07
Reading graphs...
30 :  73
30 :  72
Initializing...
maxdom : 30
D->valSize : 900
Solving...
currentSize : 15 <-- 0.010304 s
currentSize : 16 <-- 0.010390 s
currentSize : 17 <-- 0.010462 s
currentSize : 19 <-- 0.010530 s
currentSize : 20 <-- 0.493828 s
currentSize : 21 <-- 0.625070 s
currentSize : 22 <-- 0.625414 s
currentSize : 23 <-- 0.798114 s
currentSize : 27 <-- 0.807098 s

maxsize : 27
nodes : 64265.000000
filtered : 1321740.000000
CCGP filtered : 22919.000000
CCGT filtered : 8630.000000
time : 0.868953
