Parameters: GAD=1 vflib=1 dir=0 label=0 lowerbound=1 fileNameGp=../graphsdb/mcs90/rand/r005/mcs90_r005_s20.A45 fileNameGt=../graphsdb/mcs90/rand/r005/mcs90_r005_s20.B45
Reading graphs...
20 :  21
20 :  21
Initializing...
maxdom : 20
D->valSize : 400
Solving...
currentSize : 5 <-- 0.002546 s
currentSize : 6 <-- 0.002568 s
currentSize : 7 <-- 0.002582 s
currentSize : 8 <-- 0.002676 s
currentSize : 9 <-- 0.002693 s
currentSize : 10 <-- 0.002841 s
currentSize : 16 <-- 0.003233 s
currentSize : 17 <-- 0.003293 s
currentSize : 18 <-- 0.003374 s

maxsize : 18
nodes : 270.000000
filtered : 11613.000000
CCGP filtered : 4743.000000
CCGT filtered : 649.000000
time : 0.011529
