Parameters: GAD=1 vflib=1 dir=0 label=0 lowerbound=1 fileNameGp=../graphsdb/mcs90/m2D/m2Dr4/mcs90_m2Dr4_s30.A06 fileNameGt=../graphsdb/mcs90/m2D/m2Dr4/mcs90_m2Dr4_s30.B06
Reading graphs...
30 :  60
30 :  58
Initializing...
maxdom : 30
D->valSize : 900
Solving...
currentSize : 15 <-- 0.010831 s
currentSize : 16 <-- 0.011274 s
currentSize : 17 <-- 0.011612 s
currentSize : 18 <-- 0.050573 s
currentSize : 19 <-- 0.074595 s
currentSize : 20 <-- 7.658415 s
currentSize : 21 <-- 55.414928 s
currentSize : 23 <-- 59.895340 s
currentSize : 25 <-- 59.936237 s

maxsize : 25
nodes : 4197989.000000
filtered : 107980297.000000
CCGP filtered : 10993901.000000
CCGT filtered : 8410844.000000
time : 60.492588
