Parameters: GAD=1 vflib=1 dir=0 label=0 lowerbound=1 fileNameGp=../graphsdb/mcs90/m3D/m3Dr6/mcs90_m3Dr6_s30.A65 fileNameGt=../graphsdb/mcs90/m3D/m3Dr6/mcs90_m3Dr6_s30.B65
Reading graphs...
30 :  77
30 :  76
Initializing...
maxdom : 30
D->valSize : 900
Solving...
currentSize : 13 <-- 0.010475 s
currentSize : 14 <-- 0.010580 s
currentSize : 15 <-- 0.010843 s
currentSize : 16 <-- 0.028548 s
currentSize : 17 <-- 0.036117 s
currentSize : 18 <-- 2.503885 s
currentSize : 20 <-- 4.486500 s
currentSize : 23 <-- 15.776399 s
currentSize : 27 <-- 16.328432 s

maxsize : 27
nodes : 1205368.000000
filtered : 32170169.000000
CCGP filtered : 684129.000000
CCGT filtered : 1059424.000000
time : 16.418953
