Parameters: GAD=1 vflib=1 dir=0 label=0 lowerbound=1 fileNameGp=../graphsdb/mcs90/bvg/b09m/mcs90_b09m_s30.A40 fileNameGt=../graphsdb/mcs90/bvg/b09m/mcs90_b09m_s30.B40
Reading graphs...
30 :  132
30 :  131
Initializing...
maxdom : 30
D->valSize : 900
Solving...
currentSize : 10 <-- 0.009253 s
currentSize : 11 <-- 0.009319 s
currentSize : 12 <-- 0.010408 s
currentSize : 13 <-- 0.022157 s
currentSize : 14 <-- 1.362576 s
currentSize : 15 <-- 18.359976 s
currentSize : 16 <-- 29.858200 s
currentSize : 18 <-- 29.858284 s
currentSize : 19 <-- 29.858501 s
currentSize : 20 <-- 32.539215 s
currentSize : 21 <-- 36.758724 s
currentSize : 26 <-- 36.777634 s

maxsize : 26
nodes : 3454843.000000
filtered : 59777119.000000
CCGP filtered : 207719.000000
CCGT filtered : 1480936.000000
time : 36.884392
