Parameters: GAD=1 vflib=1 dir=0 label=0 lowerbound=1 fileNameGp=../graphsdb/mcs90/rand/r02/mcs90_r02_s35.A78 fileNameGt=../graphsdb/mcs90/rand/r02/mcs90_r02_s35.B78
Reading graphs...
35 :  212
35 :  211
Initializing...
maxdom : 35
D->valSize : 1225
Solving...
currentSize : 12 <-- 0.017534 s
currentSize : 13 <-- 0.017710 s
currentSize : 14 <-- 0.744313 s
currentSize : 15 <-- 29.479589 s
currentSize : 16 <-- 98.863594 s
currentSize : 17 <-- 100.722359 s
currentSize : 19 <-- 101.694511 s
currentSize : 20 <-- 101.696838 s
currentSize : 21 <-- 113.328064 s
currentSize : 31 <-- 132.657593 s

maxsize : 31
nodes : 10685870.000000
filtered : 155819634.000000
CCGP filtered : 249035.000000
CCGT filtered : 522744.000000
time : 132.826263
