Parameters: GAD=1 vflib=1 dir=0 label=0 lowerbound=1 fileNameGp=../graphsdb/mcs90/bvg/b03m/mcs90_b03m_s35.A20 fileNameGt=../graphsdb/mcs90/bvg/b03m/mcs90_b03m_s35.B20
Reading graphs...
35 :  52
35 :  52
Initializing...
maxdom : 35
D->valSize : 1225
Solving...
currentSize : 18 <-- 0.021512 s
currentSize : 19 <-- 0.022704 s
currentSize : 20 <-- 0.023083 s
currentSize : 21 <-- 0.023856 s
currentSize : 22 <-- 0.024788 s
currentSize : 23 <-- 0.035955 s
currentSize : 24 <-- 0.059432 s
currentSize : 25 <-- 0.067043 s
currentSize : 26 <-- 64.740425 s
currentSize : 27 <-- 137.783035 s
currentSize : 28 <-- 178.252396 s
currentSize : 29 <-- 178.470764 s
currentSize : 31 <-- 178.471115 s

maxsize : 31
nodes : 5405470.000000
filtered : 188086123.000000
CCGP filtered : 116915677.000000
CCGT filtered : 42526701.000000
time : 178.881790
