Parameters: GAD=1 vflib=1 dir=0 label=0 lowerbound=1 fileNameGp=../graphsdb/mcs90/bvg/b09/mcs90_b09_s30.A79 fileNameGt=../graphsdb/mcs90/bvg/b09/mcs90_b09_s30.B79
Reading graphs...
30 :  134
30 :  135
Initializing...
maxdom : 30
D->valSize : 900
Solving...
currentSize : 12 <-- 0.016623 s
currentSize : 13 <-- 0.019930 s
currentSize : 14 <-- 0.027902 s
currentSize : 15 <-- 0.031739 s
currentSize : 16 <-- 0.125314 s
currentSize : 19 <-- 0.126335 s
currentSize : 21 <-- 0.127076 s
currentSize : 22 <-- 0.127401 s
currentSize : 26 <-- 0.127663 s

maxsize : 26
nodes : 21105.000000
filtered : 1027112.000000
CCGP filtered : 1332.000000
CCGT filtered : 517.000000
time : 0.464710
