Parameters: GAD=1 vflib=1 dir=0 label=0 lowerbound=1 fileNameGp=../graphsdb/mcs90/bvg/b06m/mcs90_b06m_s35.A60 fileNameGt=../graphsdb/mcs90/bvg/b06m/mcs90_b06m_s35.B60
Reading graphs...
35 :  103
35 :  103
Initializing...
maxdom : 35
D->valSize : 1225
Solving...
currentSize : 13 <-- 0.019388 s
currentSize : 17 <-- 0.019659 s
currentSize : 18 <-- 0.071800 s
currentSize : 19 <-- 0.218698 s
currentSize : 20 <-- 0.407959 s
currentSize : 21 <-- 38.368607 s
currentSize : 22 <-- 121.100204 s
currentSize : 23 <-- 121.467293 s
currentSize : 24 <-- 129.945770 s
currentSize : 25 <-- 169.180038 s
currentSize : 26 <-- 169.232132 s
currentSize : 29 <-- 169.232239 s
currentSize : 31 <-- 169.232391 s

maxsize : 31
nodes : 8292367.000000
filtered : 301188628.000000
CCGP filtered : 47635351.000000
CCGT filtered : 14345246.000000
time : 169.480347
