Parameters: GAD=1 vflib=1 dir=0 label=0 lowerbound=1 fileNameGp=../graphsdb/mcs90/bvg/b09m/mcs90_b09m_s25.A52 fileNameGt=../graphsdb/mcs90/bvg/b09m/mcs90_b09m_s25.B52
Reading graphs...
25 :  107
25 :  107
Initializing...
maxdom : 25
D->valSize : 625
Solving...
currentSize : 8 <-- 0.004483 s
currentSize : 9 <-- 0.004520 s
currentSize : 10 <-- 0.005042 s
currentSize : 11 <-- 0.005137 s
currentSize : 12 <-- 0.023151 s
currentSize : 13 <-- 0.095089 s
currentSize : 16 <-- 0.104504 s
currentSize : 19 <-- 0.892986 s
currentSize : 22 <-- 0.894905 s

maxsize : 22
nodes : 67148.000000
filtered : 1580764.000000
CCGP filtered : 5960.000000
CCGT filtered : 4118.000000
time : 0.922506
