Parameters: GAD=1 vflib=1 dir=0 label=0 lowerbound=1 fileNameGp=../graphsdb/mcs90/m3D/m3D/mcs90_m3D_s30.A27 fileNameGt=../graphsdb/mcs90/m3D/m3D/mcs90_m3D_s30.B27
Reading graphs...
30 :  61
30 :  61
Initializing...
maxdom : 30
D->valSize : 900
Solving...
currentSize : 15 <-- 0.010716 s
currentSize : 16 <-- 0.010789 s
currentSize : 18 <-- 0.010927 s
currentSize : 19 <-- 0.011920 s
currentSize : 20 <-- 0.012298 s
currentSize : 21 <-- 0.020768 s
currentSize : 24 <-- 0.030698 s
currentSize : 25 <-- 0.267129 s
currentSize : 27 <-- 0.286394 s

maxsize : 27
nodes : 17167.000000
filtered : 813360.000000
CCGP filtered : 9296.000000
CCGT filtered : 2835.000000
time : 0.445271
