Parameters: GAD=1 vflib=1 dir=0 label=0 lowerbound=1 fileNameGp=../graphsdb/mcs90/bvg/b06m/mcs90_b06m_s30.A43 fileNameGt=../graphsdb/mcs90/bvg/b06m/mcs90_b06m_s30.B43
Reading graphs...
30 :  88
30 :  88
Initializing...
maxdom : 30
D->valSize : 900
Solving...
currentSize : 13 <-- 0.017959 s
currentSize : 14 <-- 0.018126 s
currentSize : 15 <-- 0.021380 s
currentSize : 16 <-- 0.026233 s
currentSize : 17 <-- 0.323575 s
currentSize : 18 <-- 2.386287 s
currentSize : 19 <-- 13.753716 s
currentSize : 21 <-- 13.754070 s
currentSize : 23 <-- 14.076967 s
currentSize : 27 <-- 14.166915 s

maxsize : 27
nodes : 1024201.000000
filtered : 25887474.000000
CCGP filtered : 1612452.000000
CCGT filtered : 969626.000000
time : 14.220587
