Parameters: GAD=1 vflib=1 dir=0 label=0 lowerbound=1 fileNameGp=../graphsdb/mcs90/rand/r02/mcs90_r02_s35.A91 fileNameGt=../graphsdb/mcs90/rand/r02/mcs90_r02_s35.B91
Reading graphs...
35 :  216
35 :  216
Initializing...
maxdom : 35
D->valSize : 1225
Solving...
currentSize : 10 <-- 0.017089 s
currentSize : 11 <-- 0.017311 s
currentSize : 12 <-- 0.020302 s
currentSize : 13 <-- 0.034882 s
currentSize : 14 <-- 0.104738 s
currentSize : 15 <-- 30.960815 s
currentSize : 16 <-- 218.058853 s
currentSize : 17 <-- 218.880325 s
currentSize : 19 <-- 255.539078 s
currentSize : 20 <-- 255.655273 s
currentSize : 22 <-- 262.182709 s
currentSize : 31 <-- 264.881592 s

maxsize : 31
nodes : 21672805.000000
filtered : 321258594.000000
CCGP filtered : 348512.000000
CCGT filtered : 739530.000000
time : 265.069611
