Parameters: GAD=1 vflib=1 dir=0 label=0 lowerbound=1 fileNameGp=../graphsdb/mcs90/rand/r01/mcs90_r01_s25.A97 fileNameGt=../graphsdb/mcs90/rand/r01/mcs90_r01_s25.B97
Reading graphs...
25 :  58
25 :  58
Initializing...
maxdom : 25
D->valSize : 625
Solving...
currentSize : 13 <-- 0.008693 s
currentSize : 14 <-- 0.008828 s
currentSize : 15 <-- 0.009363 s
currentSize : 16 <-- 0.079922 s
currentSize : 17 <-- 0.099481 s
currentSize : 18 <-- 0.099701 s
currentSize : 19 <-- 0.189121 s
currentSize : 20 <-- 0.400426 s
currentSize : 22 <-- 0.400622 s

maxsize : 22
nodes : 18978.000000
filtered : 576795.000000
CCGP filtered : 27199.000000
CCGT filtered : 9574.000000
time : 0.437303
