Parameters: GAD=1 vflib=1 dir=0 label=0 lowerbound=1 fileNameGp=../graphsdb/mcs90/bvg/b09/mcs90_b09_s25.A24 fileNameGt=../graphsdb/mcs90/bvg/b09/mcs90_b09_s25.B24
Reading graphs...
25 :  112
25 :  112
Initializing...
maxdom : 25
D->valSize : 625
Solving...
currentSize : 8 <-- 0.004524 s
currentSize : 9 <-- 0.004578 s
currentSize : 10 <-- 0.004734 s
currentSize : 11 <-- 0.005103 s
currentSize : 12 <-- 0.006121 s
currentSize : 13 <-- 0.019651 s
currentSize : 15 <-- 0.020009 s
currentSize : 18 <-- 0.020413 s
currentSize : 19 <-- 0.025614 s
currentSize : 22 <-- 0.030910 s

maxsize : 22
nodes : 6755.000000
filtered : 285309.000000
CCGP filtered : 151.000000
CCGT filtered : 79.000000
time : 0.103720
