Parameters: GAD=1 vflib=1 dir=0 label=0 lowerbound=1 fileNameGp=../graphsdb/mcs90/bvg/b09m/mcs90_b09m_s35.A38 fileNameGt=../graphsdb/mcs90/bvg/b09m/mcs90_b09m_s35.B38
Reading graphs...
35 :  152
35 :  152
Initializing...
maxdom : 35
D->valSize : 1225
Solving...
currentSize : 11 <-- 0.023817 s
currentSize : 12 <-- 0.023861 s
currentSize : 13 <-- 0.023983 s
currentSize : 14 <-- 0.026518 s
currentSize : 15 <-- 0.035245 s
currentSize : 16 <-- 0.068588 s
currentSize : 17 <-- 0.221675 s
currentSize : 19 <-- 31.532455 s
currentSize : 21 <-- 345.390137 s
currentSize : 22 <-- 345.390533 s
currentSize : 30 <-- 345.424255 s

maxsize : 30
nodes : 25112452.000000
filtered : 626822913.000000
CCGP filtered : 3205018.000000
CCGT filtered : 10620565.000000
time : 345.948578
