Parameters: GAD=1 vflib=1 dir=0 label=0 lowerbound=1 fileNameGp=../graphsdb/mcs90/bvg/b06/mcs90_b06_s30.A01 fileNameGt=../graphsdb/mcs90/bvg/b06/mcs90_b06_s30.B01
Reading graphs...
30 :  90
30 :  89
Initializing...
maxdom : 30
D->valSize : 900
Solving...
currentSize : 11 <-- 0.010065 s
currentSize : 12 <-- 0.010136 s
currentSize : 14 <-- 0.010391 s
currentSize : 15 <-- 0.011460 s
currentSize : 16 <-- 0.013253 s
currentSize : 17 <-- 0.013469 s
currentSize : 18 <-- 0.013707 s
currentSize : 19 <-- 0.013963 s
currentSize : 20 <-- 0.016442 s
currentSize : 23 <-- 0.022419 s
currentSize : 24 <-- 0.042018 s
currentSize : 25 <-- 0.042188 s
currentSize : 27 <-- 0.042879 s

maxsize : 27
nodes : 5897.000000
filtered : 308147.000000
CCGP filtered : 6010.000000
CCGT filtered : 6526.000000
time : 0.272126
