Parameters: GAD=1 vflib=1 dir=0 label=0 lowerbound=1 fileNameGp=../graphsdb/mcs90/m3D/m3Dr4/mcs90_m3Dr4_s30.A05 fileNameGt=../graphsdb/mcs90/m3D/m3Dr4/mcs90_m3Dr4_s30.B05
Reading graphs...
30 :  73
30 :  73
Initializing...
maxdom : 30
D->valSize : 900
Solving...
currentSize : 14 <-- 0.018348 s
currentSize : 16 <-- 0.018504 s
currentSize : 17 <-- 0.018800 s
currentSize : 18 <-- 0.044120 s
currentSize : 19 <-- 1.585477 s
currentSize : 20 <-- 1.611577 s
currentSize : 22 <-- 6.329521 s
currentSize : 23 <-- 12.938547 s
currentSize : 27 <-- 12.953924 s

maxsize : 27
nodes : 1039219.000000
filtered : 30605624.000000
CCGP filtered : 478340.000000
CCGT filtered : 434868.000000
time : 13.052021
