Parameters: GAD=1 vflib=1 dir=0 label=0 lowerbound=1 fileNameGp=../graphsdb/mcs90/bvg/b09m/mcs90_b09m_s35.A57 fileNameGt=../graphsdb/mcs90/bvg/b09m/mcs90_b09m_s35.B57
Reading graphs...
35 :  153
35 :  153
Initializing...
maxdom : 35
D->valSize : 1225
Solving...
currentSize : 11 <-- 0.018286 s
currentSize : 12 <-- 0.018331 s
currentSize : 13 <-- 0.018414 s
currentSize : 14 <-- 0.018516 s
currentSize : 15 <-- 0.019810 s
currentSize : 16 <-- 0.032374 s
currentSize : 17 <-- 14.875251 s
currentSize : 18 <-- 314.005524 s
currentSize : 19 <-- 322.331482 s
currentSize : 20 <-- 322.994263 s
currentSize : 22 <-- 323.000549 s
currentSize : 23 <-- 325.990936 s
currentSize : 25 <-- 327.247406 s
currentSize : 30 <-- 327.465942 s

maxsize : 30
nodes : 26560936.000000
filtered : 531485494.000000
CCGP filtered : 15438155.000000
CCGT filtered : 13813465.000000
time : 327.917023
