Parameters: GAD=1 vflib=1 dir=0 label=0 lowerbound=1 fileNameGp=../graphsdb/mcs90/bvg/b03m/mcs90_b03m_s35.A94 fileNameGt=../graphsdb/mcs90/bvg/b03m/mcs90_b03m_s35.B94
Reading graphs...
35 :  51
35 :  51
Initializing...
maxdom : 35
D->valSize : 1225
Solving...
currentSize : 19 <-- 0.021419 s
currentSize : 20 <-- 0.022228 s
currentSize : 21 <-- 0.023983 s
currentSize : 22 <-- 0.025650 s
currentSize : 23 <-- 0.025936 s
currentSize : 24 <-- 0.130883 s
currentSize : 25 <-- 0.218466 s
currentSize : 26 <-- 0.527461 s
currentSize : 27 <-- 3.075770 s
currentSize : 28 <-- 27.464348 s
currentSize : 29 <-- 29.783792 s
currentSize : 30 <-- 29.787333 s

maxsize : 30
nodes : 729853.000000
filtered : 30638228.000000
CCGP filtered : 28085887.000000
CCGT filtered : 12577623.000000
time : 32.134872
