Parameters: GAD=1 vflib=1 dir=0 label=0 lowerbound=1 fileNameGp=../graphsdb/mcs90/rand/r005/mcs90_r005_s35.A85 fileNameGt=../graphsdb/mcs90/rand/r005/mcs90_r005_s35.B85
Reading graphs...
35 :  57
35 :  57
Initializing...
maxdom : 35
D->valSize : 1225
Solving...
currentSize : 17 <-- 0.020567 s
currentSize : 20 <-- 0.020778 s
currentSize : 21 <-- 0.033989 s
currentSize : 22 <-- 0.045115 s
currentSize : 23 <-- 0.070310 s
currentSize : 24 <-- 3.247184 s
currentSize : 25 <-- 8.491100 s
currentSize : 26 <-- 52.103214 s
currentSize : 28 <-- 52.529198 s
currentSize : 29 <-- 52.553391 s
currentSize : 31 <-- 52.597519 s

maxsize : 31
nodes : 1847449.000000
filtered : 62514832.000000
CCGP filtered : 28171306.000000
CCGT filtered : 9649979.000000
time : 53.235947
