Parameters: GAD=1 vflib=1 dir=0 label=0 lowerbound=1 fileNameGp=../graphsdb/mcs90/m2D/m2Dr2/mcs90_m2Dr2_s30.A35 fileNameGt=../graphsdb/mcs90/m2D/m2Dr2/mcs90_m2Dr2_s30.B35
Reading graphs...
30 :  54
30 :  55
Initializing...
maxdom : 30
D->valSize : 900
Solving...
currentSize : 11 <-- 0.019073 s
currentSize : 13 <-- 0.019129 s
currentSize : 14 <-- 0.019188 s
currentSize : 15 <-- 0.019216 s
currentSize : 16 <-- 0.020069 s
currentSize : 18 <-- 0.022483 s
currentSize : 19 <-- 0.059156 s
currentSize : 20 <-- 0.116971 s
currentSize : 21 <-- 0.358796 s
currentSize : 22 <-- 1.274763 s
currentSize : 23 <-- 3.418657 s
currentSize : 25 <-- 3.418752 s

maxsize : 25
nodes : 130284.000000
filtered : 5036793.000000
CCGP filtered : 699266.000000
CCGT filtered : 293651.000000
time : 4.357286
