Parameters: GAD=1 vflib=1 dir=0 label=0 lowerbound=1 fileNameGp=../graphsdb/mcs90/rand/r02/mcs90_r02_s35.A54 fileNameGt=../graphsdb/mcs90/rand/r02/mcs90_r02_s35.B54
Reading graphs...
35 :  211
35 :  213
Initializing...
maxdom : 35
D->valSize : 1225
Solving...
currentSize : 9 <-- 0.017304 s
currentSize : 10 <-- 0.017409 s
currentSize : 11 <-- 0.017806 s
currentSize : 12 <-- 0.020647 s
currentSize : 13 <-- 0.028663 s
currentSize : 14 <-- 1.093040 s
currentSize : 15 <-- 4.081494 s
currentSize : 16 <-- 4.233583 s
currentSize : 17 <-- 44.985989 s
currentSize : 18 <-- 47.480385 s
currentSize : 19 <-- 47.834839 s
currentSize : 20 <-- 69.668556 s
currentSize : 21 <-- 69.670258 s
currentSize : 24 <-- 69.670631 s
currentSize : 31 <-- 69.674484 s

maxsize : 31
nodes : 5401507.000000
filtered : 97395185.000000
CCGP filtered : 109966.000000
CCGT filtered : 161009.000000
time : 69.847206
