Parameters: GAD=1 vflib=1 dir=0 label=0 lowerbound=1 fileNameGp=../graphsdb/mcs90/bvg/b06m/mcs90_b06m_s20.A67 fileNameGt=../graphsdb/mcs90/bvg/b06m/mcs90_b06m_s20.B67
Reading graphs...
20 :  60
20 :  60
Initializing...
maxdom : 20
D->valSize : 400
Solving...
currentSize : 7 <-- 0.002103 s
currentSize : 8 <-- 0.002162 s
currentSize : 9 <-- 0.002585 s
currentSize : 10 <-- 0.002820 s
currentSize : 11 <-- 0.004915 s
currentSize : 12 <-- 0.007619 s
currentSize : 13 <-- 0.016258 s
currentSize : 15 <-- 0.077304 s
currentSize : 18 <-- 0.077415 s

maxsize : 18
nodes : 8872.000000
filtered : 169966.000000
CCGP filtered : 2918.000000
CCGT filtered : 7042.000000
time : 0.083881
