Parameters: GAD=1 vflib=1 dir=0 label=0 lowerbound=1 fileNameGp=../graphsdb/mcs90/rand/r01/mcs90_r01_s35.A22 fileNameGt=../graphsdb/mcs90/rand/r01/mcs90_r01_s35.B22
Reading graphs...
35 :  113
35 :  113
Initializing...
maxdom : 35
D->valSize : 1225
Solving...
currentSize : 12 <-- 0.019036 s
currentSize : 14 <-- 0.019128 s
currentSize : 15 <-- 0.053162 s
currentSize : 16 <-- 0.054229 s
currentSize : 17 <-- 0.568472 s
currentSize : 18 <-- 1.589836 s
currentSize : 19 <-- 57.022343 s
currentSize : 20 <-- 130.861435 s
currentSize : 21 <-- 167.703979 s
currentSize : 22 <-- 172.003387 s
currentSize : 23 <-- 175.598907 s
currentSize : 26 <-- 175.599152 s
currentSize : 31 <-- 175.626999 s

maxsize : 31
nodes : 11897305.000000
filtered : 293895609.000000
CCGP filtered : 12503118.000000
CCGT filtered : 9490131.000000
time : 175.971405
