Parameters: GAD=1 vflib=1 dir=0 label=0 lowerbound=1 fileNameGp=../graphsdb/mcs90/rand/r005/mcs90_r005_s25.A88 fileNameGt=../graphsdb/mcs90/rand/r005/mcs90_r005_s25.B88
Reading graphs...
25 :  28
25 :  29
Initializing...
maxdom : 25
D->valSize : 625
Solving...
currentSize : 13 <-- 0.005444 s
currentSize : 14 <-- 0.007883 s
currentSize : 16 <-- 0.127030 s
currentSize : 17 <-- 0.127136 s
currentSize : 18 <-- 0.127943 s
currentSize : 19 <-- 0.128109 s
currentSize : 20 <-- 0.129661 s
currentSize : 21 <-- 0.130130 s
currentSize : 22 <-- 0.131601 s

maxsize : 22
nodes : 15703.000000
filtered : 211975.000000
CCGP filtered : 554403.000000
CCGT filtered : 56140.000000
time : 0.176174
