Parameters: GAD=1 vflib=1 dir=0 label=0 lowerbound=1 fileNameGp=../graphsdb/mcs90/m2D/m2Dr6/mcs90_m2Dr6_s30.A67 fileNameGt=../graphsdb/mcs90/m2D/m2Dr6/mcs90_m2Dr6_s30.B67
Reading graphs...
30 :  65
30 :  64
Initializing...
maxdom : 30
D->valSize : 900
Solving...
currentSize : 14 <-- 0.010691 s
currentSize : 15 <-- 0.010777 s
currentSize : 16 <-- 0.010863 s
currentSize : 17 <-- 0.011087 s
currentSize : 18 <-- 0.018940 s
currentSize : 19 <-- 0.172603 s
currentSize : 20 <-- 10.975797 s
currentSize : 21 <-- 14.018691 s
currentSize : 22 <-- 18.357780 s
currentSize : 23 <-- 19.842432 s
currentSize : 25 <-- 19.858124 s

maxsize : 25
nodes : 1445120.000000
filtered : 38809909.000000
CCGP filtered : 4750605.000000
CCGT filtered : 3372230.000000
time : 20.403620
