Parameters: GAD=1 vflib=1 dir=0 label=0 lowerbound=1 fileNameGp=../graphsdb/mcs90/rand/r01/mcs90_r01_s35.A64 fileNameGt=../graphsdb/mcs90/rand/r01/mcs90_r01_s35.B64
Reading graphs...
35 :  110
35 :  111
Initializing...
maxdom : 35
D->valSize : 1225
Solving...
currentSize : 14 <-- 0.033565 s
currentSize : 15 <-- 0.033673 s
currentSize : 17 <-- 0.034150 s
currentSize : 18 <-- 0.119148 s
currentSize : 19 <-- 0.679527 s
currentSize : 20 <-- 1.279134 s
currentSize : 21 <-- 58.390232 s
currentSize : 22 <-- 121.076790 s
currentSize : 24 <-- 121.077255 s
currentSize : 25 <-- 122.102478 s
currentSize : 31 <-- 130.748016 s

maxsize : 31
nodes : 9353201.000000
filtered : 250202480.000000
CCGP filtered : 10502250.000000
CCGT filtered : 7155919.000000
time : 130.966263
