Parameters: GAD=1 vflib=1 dir=0 label=0 lowerbound=1 fileNameGp=../graphsdb/mcs90/bvg/b06/mcs90_b06_s35.A94 fileNameGt=../graphsdb/mcs90/bvg/b06/mcs90_b06_s35.B94
Reading graphs...
35 :  105
35 :  105
Initializing...
maxdom : 35
D->valSize : 1225
Solving...
currentSize : 18 <-- 0.024502 s
currentSize : 19 <-- 0.024556 s
currentSize : 20 <-- 0.024775 s
currentSize : 21 <-- 0.024977 s
currentSize : 22 <-- 0.031854 s
currentSize : 23 <-- 0.035381 s
currentSize : 24 <-- 0.035439 s
currentSize : 28 <-- 0.047189 s
currentSize : 29 <-- 0.047465 s
currentSize : 31 <-- 0.051330 s
currentSize : 32 <-- 0.092068 s

maxsize : 32
nodes : 7387.000000
filtered : 404495.000000
CCGP filtered : 2616.000000
CCGT filtered : 1038.000000
time : 0.471939
