Parameters: GAD=1 vflib=1 dir=0 label=0 lowerbound=1 fileNameGp=../graphsdb/mcs90/m3D/m3Dr6/mcs90_m3Dr6_s30.A56 fileNameGt=../graphsdb/mcs90/m3D/m3Dr6/mcs90_m3Dr6_s30.B56
Reading graphs...
30 :  74
30 :  73
Initializing...
maxdom : 30
D->valSize : 900
Solving...
currentSize : 15 <-- 0.018446 s
currentSize : 16 <-- 0.020035 s
currentSize : 17 <-- 0.023687 s
currentSize : 18 <-- 0.070357 s
currentSize : 19 <-- 24.416557 s
currentSize : 21 <-- 28.106901 s
currentSize : 22 <-- 39.406246 s
currentSize : 23 <-- 44.950394 s
currentSize : 27 <-- 45.039360 s

maxsize : 27
nodes : 3550705.000000
filtered : 92846328.000000
CCGP filtered : 3083009.000000
CCGT filtered : 2005854.000000
time : 45.097488
