Parameters: GAD=1 vflib=1 dir=0 label=0 lowerbound=1 fileNameGp=../graphsdb/mcs90/bvg/b09/mcs90_b09_s35.A43 fileNameGt=../graphsdb/mcs90/bvg/b09/mcs90_b09_s35.B43
Reading graphs...
35 :  157
35 :  155
Initializing...
maxdom : 35
D->valSize : 1225
Solving...
currentSize : 10 <-- 0.018101 s
currentSize : 14 <-- 0.018290 s
currentSize : 15 <-- 0.018767 s
currentSize : 16 <-- 0.063593 s
currentSize : 17 <-- 0.293864 s
currentSize : 18 <-- 0.522775 s
currentSize : 19 <-- 0.541189 s
currentSize : 21 <-- 3.453631 s
currentSize : 23 <-- 3.453833 s
currentSize : 24 <-- 3.455218 s
currentSize : 26 <-- 3.455542 s
currentSize : 30 <-- 3.466680 s

maxsize : 30
nodes : 317677.000000
filtered : 8484513.000000
CCGP filtered : 32063.000000
CCGT filtered : 107287.000000
time : 4.376055
