Parameters: GAD=1 vflib=1 dir=0 label=0 lowerbound=1 fileNameGp=../graphsdb/mcs90/bvg/b09m/mcs90_b09m_s30.A44 fileNameGt=../graphsdb/mcs90/bvg/b09m/mcs90_b09m_s30.B44
Reading graphs...
30 :  131
30 :  132
Initializing...
maxdom : 30
D->valSize : 900
Solving...
currentSize : 12 <-- 0.016066 s
currentSize : 13 <-- 0.017319 s
currentSize : 14 <-- 0.035690 s
currentSize : 15 <-- 2.403796 s
currentSize : 16 <-- 33.440929 s
currentSize : 17 <-- 33.443047 s
currentSize : 18 <-- 33.443169 s
currentSize : 19 <-- 35.209946 s
currentSize : 20 <-- 36.062183 s
currentSize : 26 <-- 36.062332 s

maxsize : 26
nodes : 3386480.000000
filtered : 56787392.000000
CCGP filtered : 892082.000000
CCGT filtered : 567207.000000
time : 36.210217
