Parameters: GAD=1 vflib=1 dir=0 label=0 lowerbound=1 fileNameGp=../graphsdb/mcs90/bvg/b09m/mcs90_b09m_s25.A66 fileNameGt=../graphsdb/mcs90/bvg/b09m/mcs90_b09m_s25.B66
Reading graphs...
25 :  106
25 :  107
Initializing...
maxdom : 25
D->valSize : 625
Solving...
currentSize : 9 <-- 0.004554 s
currentSize : 10 <-- 0.004706 s
currentSize : 11 <-- 0.005417 s
currentSize : 12 <-- 0.013872 s
currentSize : 13 <-- 0.020849 s
currentSize : 16 <-- 0.046128 s
currentSize : 18 <-- 0.046268 s
currentSize : 20 <-- 0.051269 s
currentSize : 22 <-- 0.051604 s

maxsize : 22
nodes : 5736.000000
filtered : 132978.000000
CCGP filtered : 423.000000
CCGT filtered : 2257.000000
time : 0.069618
