Parameters: GAD=1 vflib=1 dir=0 label=0 lowerbound=1 fileNameGp=../graphsdb/mcs90/rand/r01/mcs90_r01_s30.A94 fileNameGt=../graphsdb/mcs90/rand/r01/mcs90_r01_s30.B94
Reading graphs...
30 :  83
30 :  83
Initializing...
maxdom : 30
D->valSize : 900
Solving...
currentSize : 12 <-- 0.017925 s
currentSize : 13 <-- 0.018595 s
currentSize : 14 <-- 0.019020 s
currentSize : 15 <-- 0.021375 s
currentSize : 16 <-- 0.023825 s
currentSize : 17 <-- 0.052746 s
currentSize : 18 <-- 0.136200 s
currentSize : 19 <-- 39.407841 s
currentSize : 21 <-- 39.409245 s
currentSize : 27 <-- 39.477497 s

maxsize : 27
nodes : 3234731.000000
filtered : 73290511.000000
CCGP filtered : 2048967.000000
CCGT filtered : 1687589.000000
time : 39.516449
