Parameters: GAD=1 vflib=1 dir=0 label=0 lowerbound=1 fileNameGp=../graphsdb/mcs90/bvg/b06m/mcs90_b06m_s25.A01 fileNameGt=../graphsdb/mcs90/bvg/b06m/mcs90_b06m_s25.B01
Reading graphs...
25 :  75
25 :  75
Initializing...
maxdom : 25
D->valSize : 625
Solving...
currentSize : 11 <-- 0.004947 s
currentSize : 12 <-- 0.005052 s
currentSize : 13 <-- 0.005505 s
currentSize : 14 <-- 0.284539 s
currentSize : 15 <-- 0.889994 s
currentSize : 17 <-- 2.739222 s
currentSize : 18 <-- 2.836777 s
currentSize : 19 <-- 3.345953 s
currentSize : 22 <-- 3.410074 s

maxsize : 22
nodes : 275278.000000
filtered : 5729846.000000
CCGP filtered : 190500.000000
CCGT filtered : 132835.000000
time : 3.423817
