Parameters: GAD=1 vflib=1 dir=0 label=0 lowerbound=1 fileNameGp=../graphsdb/mcs90/m2D/m2Dr4/mcs90_m2Dr4_s30.A76 fileNameGt=../graphsdb/mcs90/m2D/m2Dr4/mcs90_m2Dr4_s30.B76
Reading graphs...
30 :  59
30 :  59
Initializing...
maxdom : 30
D->valSize : 900
Solving...
currentSize : 10 <-- 0.015851 s
currentSize : 13 <-- 0.015893 s
currentSize : 14 <-- 0.015913 s
currentSize : 15 <-- 0.016008 s
currentSize : 16 <-- 0.017477 s
currentSize : 17 <-- 0.017498 s
currentSize : 18 <-- 0.024603 s
currentSize : 19 <-- 0.029435 s
currentSize : 21 <-- 6.646853 s
currentSize : 22 <-- 15.107673 s
currentSize : 25 <-- 15.107834 s

maxsize : 25
nodes : 1033606.000000
filtered : 28559053.000000
CCGP filtered : 5151176.000000
CCGT filtered : 3298214.000000
time : 15.666153
