Parameters: GAD=1 vflib=1 dir=0 label=0 lowerbound=1 fileNameGp=../graphsdb/mcs90/bvg/b06/mcs90_b06_s35.A61 fileNameGt=../graphsdb/mcs90/bvg/b06/mcs90_b06_s35.B61
Reading graphs...
35 :  105
35 :  105
Initializing...
maxdom : 35
D->valSize : 1225
Solving...
currentSize : 22 <-- 0.034068 s
currentSize : 23 <-- 0.034308 s
currentSize : 24 <-- 0.034681 s
currentSize : 25 <-- 0.035200 s
currentSize : 26 <-- 0.035555 s
currentSize : 27 <-- 0.038650 s
currentSize : 28 <-- 0.042798 s
currentSize : 29 <-- 0.043192 s
currentSize : 31 <-- 0.063136 s

maxsize : 31
nodes : 9497.000000
filtered : 800858.000000
CCGP filtered : 520.000000
CCGT filtered : 934.000000
time : 0.764330
