Parameters: GAD=1 vflib=1 dir=0 label=0 lowerbound=1 fileNameGp=../graphsdb/mcs90/bvg/b06/mcs90_b06_s35.A88 fileNameGt=../graphsdb/mcs90/bvg/b06/mcs90_b06_s35.B88
Reading graphs...
35 :  105
35 :  105
Initializing...
maxdom : 35
D->valSize : 1225
Solving...
currentSize : 20 <-- 0.033492 s
currentSize : 21 <-- 0.033683 s
currentSize : 22 <-- 0.033934 s
currentSize : 23 <-- 0.034296 s
currentSize : 24 <-- 0.079911 s
currentSize : 25 <-- 0.140113 s
currentSize : 26 <-- 0.453303 s
currentSize : 27 <-- 16.291271 s
currentSize : 28 <-- 19.005257 s
currentSize : 29 <-- 19.395763 s
currentSize : 31 <-- 19.421412 s

maxsize : 31
nodes : 732101.000000
filtered : 33057791.000000
CCGP filtered : 757846.000000
CCGT filtered : 1007395.000000
time : 20.053356
