Parameters: GAD=1 vflib=1 dir=0 label=0 lowerbound=1 fileNameGp=../graphsdb/mcs90/m3D/m3Dr6/mcs90_m3Dr6_s30.A85 fileNameGt=../graphsdb/mcs90/m3D/m3Dr6/mcs90_m3Dr6_s30.B85
Reading graphs...
30 :  76
30 :  75
Initializing...
maxdom : 30
D->valSize : 900
Solving...
currentSize : 14 <-- 0.015484 s
currentSize : 15 <-- 0.015636 s
currentSize : 16 <-- 0.106462 s
currentSize : 17 <-- 0.667154 s
currentSize : 18 <-- 0.771111 s
currentSize : 19 <-- 2.621658 s
currentSize : 21 <-- 3.189869 s
currentSize : 22 <-- 15.046247 s
currentSize : 27 <-- 15.124130 s

maxsize : 27
nodes : 1191478.000000
filtered : 32442139.000000
CCGP filtered : 564315.000000
CCGT filtered : 561732.000000
time : 15.185038
