Parameters: GAD=1 vflib=1 dir=0 label=0 lowerbound=1 fileNameGp=../graphsdb/mcs90/bvg/b06m/mcs90_b06m_s35.A10 fileNameGt=../graphsdb/mcs90/bvg/b06m/mcs90_b06m_s35.B10
Reading graphs...
35 :  104
35 :  104
Initializing...
maxdom : 35
D->valSize : 1225
Solving...
currentSize : 13 <-- 0.034065 s
currentSize : 14 <-- 0.034297 s
currentSize : 15 <-- 0.035092 s
currentSize : 16 <-- 0.036010 s
currentSize : 17 <-- 0.040120 s
currentSize : 18 <-- 0.069624 s
currentSize : 19 <-- 0.132635 s
currentSize : 20 <-- 0.375937 s
currentSize : 21 <-- 70.692039 s
currentSize : 22 <-- 91.844810 s
currentSize : 23 <-- 91.846436 s
currentSize : 26 <-- 91.847214 s
currentSize : 31 <-- 91.847511 s

maxsize : 31
nodes : 4832710.000000
filtered : 139315238.000000
CCGP filtered : 15887480.000000
CCGT filtered : 8663350.000000
time : 92.217094
