Parameters: GAD=1 vflib=1 dir=0 label=0 lowerbound=1 fileNameGp=../graphsdb/mcs90/bvg/b09/mcs90_b09_s35.A89 fileNameGt=../graphsdb/mcs90/bvg/b09/mcs90_b09_s35.B89
Reading graphs...
35 :  157
35 :  157
Initializing...
maxdom : 35
D->valSize : 1225
Solving...
currentSize : 14 <-- 0.017805 s
currentSize : 15 <-- 0.024938 s
currentSize : 16 <-- 0.095969 s
currentSize : 19 <-- 0.158965 s
currentSize : 20 <-- 0.159164 s
currentSize : 22 <-- 0.159785 s
currentSize : 24 <-- 0.165313 s
currentSize : 26 <-- 0.228097 s
currentSize : 30 <-- 0.235017 s

maxsize : 30
nodes : 76378.000000
filtered : 4656932.000000
CCGP filtered : 4118.000000
CCGT filtered : 6008.000000
time : 1.637093
