Parameters: GAD=1 vflib=1 dir=0 label=0 lowerbound=1 fileNameGp=../graphsdb/mcs90/rand/r02/mcs90_r02_s35.A52 fileNameGt=../graphsdb/mcs90/rand/r02/mcs90_r02_s35.B52
Reading graphs...
35 :  215
35 :  218
Initializing...
maxdom : 35
D->valSize : 1225
Solving...
currentSize : 10 <-- 0.029744 s
currentSize : 11 <-- 0.029916 s
currentSize : 12 <-- 0.037168 s
currentSize : 13 <-- 0.066048 s
currentSize : 14 <-- 0.076467 s
currentSize : 15 <-- 0.109252 s
currentSize : 16 <-- 161.912781 s
currentSize : 17 <-- 161.913116 s
currentSize : 18 <-- 258.723175 s
currentSize : 19 <-- 315.828827 s
currentSize : 20 <-- 329.036011 s
currentSize : 21 <-- 336.881378 s
currentSize : 22 <-- 346.355591 s
currentSize : 23 <-- 346.612396 s
currentSize : 31 <-- 346.612732 s

maxsize : 31
nodes : 26533276.000000
filtered : 412251865.000000
CCGP filtered : 156899.000000
CCGT filtered : 348602.000000
time : 346.778809
