Parameters: GAD=1 vflib=1 dir=0 label=0 lowerbound=1 fileNameGp=../graphsdb/mcs90/bvg/b03m/mcs90_b03m_s30.A38 fileNameGt=../graphsdb/mcs90/bvg/b03m/mcs90_b03m_s30.B38
Reading graphs...
30 :  45
30 :  45
Initializing...
maxdom : 30
D->valSize : 900
Solving...
currentSize : 10 <-- 0.011205 s
currentSize : 13 <-- 0.011284 s
currentSize : 16 <-- 0.011383 s
currentSize : 18 <-- 0.011596 s
currentSize : 19 <-- 0.012193 s
currentSize : 20 <-- 0.012418 s
currentSize : 21 <-- 0.014524 s
currentSize : 22 <-- 0.015972 s
currentSize : 23 <-- 0.077976 s
currentSize : 24 <-- 0.710424 s
currentSize : 25 <-- 1.475143 s
currentSize : 26 <-- 2.136382 s

maxsize : 26
nodes : 49120.000000
filtered : 2124002.000000
CCGP filtered : 1411612.000000
CCGT filtered : 331430.000000
time : 2.356834
