Parameters: GAD=1 vflib=1 dir=0 label=0 lowerbound=1 fileNameGp=../graphsdb/mcs90/rand/r005/mcs90_r005_s20.A03 fileNameGt=../graphsdb/mcs90/rand/r005/mcs90_r005_s20.B03
Reading graphs...
20 :  21
20 :  21
Initializing...
maxdom : 20
D->valSize : 400
Solving...
currentSize : 6 <-- 0.002302 s
currentSize : 8 <-- 0.002362 s
currentSize : 10 <-- 0.002397 s
currentSize : 11 <-- 0.002489 s
currentSize : 12 <-- 0.002825 s
currentSize : 13 <-- 0.002952 s
currentSize : 14 <-- 0.003680 s
currentSize : 16 <-- 0.006190 s
currentSize : 18 <-- 0.006207 s

maxsize : 18
nodes : 513.000000
filtered : 18079.000000
CCGP filtered : 10961.000000
CCGT filtered : 4049.000000
time : 0.020660
