Parameters: GAD=1 vflib=1 dir=0 label=0 lowerbound=1 fileNameGp=../graphsdb/mcs90/bvg/b06m/mcs90_b06m_s35.A42 fileNameGt=../graphsdb/mcs90/bvg/b06m/mcs90_b06m_s35.B42
Reading graphs...
35 :  104
35 :  104
Initializing...
maxdom : 35
D->valSize : 1225
Solving...
currentSize : 12 <-- 0.024802 s
currentSize : 13 <-- 0.024853 s
currentSize : 15 <-- 0.025006 s
currentSize : 16 <-- 0.025227 s
currentSize : 17 <-- 0.027248 s
currentSize : 18 <-- 0.060446 s
currentSize : 19 <-- 3.023952 s
currentSize : 20 <-- 5.797075 s
currentSize : 21 <-- 10.516420 s
currentSize : 22 <-- 102.535080 s
currentSize : 26 <-- 102.817673 s
currentSize : 27 <-- 102.817787 s
currentSize : 31 <-- 102.822495 s

maxsize : 31
nodes : 5134005.000000
filtered : 172154137.000000
CCGP filtered : 18793550.000000
CCGT filtered : 9945312.000000
time : 103.152367
