Parameters: GAD=1 vflib=1 dir=0 label=0 lowerbound=1 fileNameGp=../graphsdb/mcs90/rand/r01/mcs90_r01_s30.A23 fileNameGt=../graphsdb/mcs90/rand/r01/mcs90_r01_s30.B23
Reading graphs...
30 :  81
30 :  82
Initializing...
maxdom : 30
D->valSize : 900
Solving...
currentSize : 13 <-- 0.018165 s
currentSize : 14 <-- 0.018290 s
currentSize : 15 <-- 0.020551 s
currentSize : 16 <-- 0.056486 s
currentSize : 17 <-- 0.071869 s
currentSize : 19 <-- 0.520014 s
currentSize : 20 <-- 3.312149 s
currentSize : 21 <-- 3.706379 s
currentSize : 22 <-- 3.706551 s
currentSize : 27 <-- 4.756243 s

maxsize : 27
nodes : 352268.000000
filtered : 10143875.000000
CCGP filtered : 326509.000000
CCGT filtered : 267512.000000
time : 4.801232
