Parameters: GAD=1 vflib=1 dir=0 label=0 lowerbound=1 fileNameGp=../graphsdb/mcs90/m3D/m3Dr6/mcs90_m3Dr6_s30.A09 fileNameGt=../graphsdb/mcs90/m3D/m3Dr6/mcs90_m3Dr6_s30.B09
Reading graphs...
30 :  76
30 :  76
Initializing...
maxdom : 30
D->valSize : 900
Solving...
currentSize : 13 <-- 0.018241 s
currentSize : 14 <-- 0.018466 s
currentSize : 15 <-- 0.018525 s
currentSize : 16 <-- 0.018949 s
currentSize : 17 <-- 0.111539 s
currentSize : 18 <-- 1.636543 s
currentSize : 19 <-- 9.281890 s
currentSize : 20 <-- 50.860153 s
currentSize : 23 <-- 50.925705 s
currentSize : 27 <-- 52.033787 s

maxsize : 27
nodes : 4263913.000000
filtered : 92239569.000000
CCGP filtered : 2299768.000000
CCGT filtered : 1768092.000000
time : 52.120476
