Parameters: GAD=1 vflib=1 dir=0 label=0 lowerbound=1 fileNameGp=../graphsdb/mcs90/bvg/b03m/mcs90_b03m_s35.A74 fileNameGt=../graphsdb/mcs90/bvg/b03m/mcs90_b03m_s35.B74
Reading graphs...
35 :  52
35 :  52
Initializing...
maxdom : 35
D->valSize : 1225
Solving...
currentSize : 15 <-- 0.026328 s
currentSize : 19 <-- 0.026395 s
currentSize : 20 <-- 0.026500 s
currentSize : 21 <-- 0.038626 s
currentSize : 22 <-- 0.042741 s
currentSize : 23 <-- 0.043100 s
currentSize : 25 <-- 0.151928 s
currentSize : 26 <-- 3.376149 s
currentSize : 27 <-- 15.791719 s
currentSize : 28 <-- 19.288418 s
currentSize : 29 <-- 19.291248 s
currentSize : 30 <-- 22.138639 s
currentSize : 31 <-- 22.138891 s

maxsize : 31
nodes : 591235.000000
filtered : 27366217.000000
CCGP filtered : 14260476.000000
CCGT filtered : 5645107.000000
time : 23.190323
