Parameters: GAD=1 vflib=1 dir=0 label=0 lowerbound=1 fileNameGp=../graphsdb/mcs90/rand/r005/mcs90_r005_s35.A87 fileNameGt=../graphsdb/mcs90/rand/r005/mcs90_r005_s35.B87
Reading graphs...
35 :  57
35 :  57
Initializing...
maxdom : 35
D->valSize : 1225
Solving...
currentSize : 15 <-- 0.036777 s
currentSize : 16 <-- 0.041787 s
currentSize : 17 <-- 0.042306 s
currentSize : 18 <-- 0.053540 s
currentSize : 19 <-- 0.054349 s
currentSize : 20 <-- 0.064411 s
currentSize : 21 <-- 0.126525 s
currentSize : 22 <-- 0.488269 s
currentSize : 24 <-- 0.849480 s
currentSize : 25 <-- 0.851739 s
currentSize : 26 <-- 0.873923 s
currentSize : 27 <-- 7.190227 s
currentSize : 28 <-- 11.344807 s
currentSize : 29 <-- 11.345572 s
currentSize : 31 <-- 11.354154 s

maxsize : 31
nodes : 370383.000000
filtered : 17356168.000000
CCGP filtered : 5742577.000000
CCGT filtered : 3064361.000000
time : 11.777121
