Parameters: GAD=1 vflib=1 dir=0 label=0 lowerbound=1 fileNameGp=../graphsdb/mcs90/rand/r01/mcs90_r01_s25.A13 fileNameGt=../graphsdb/mcs90/rand/r01/mcs90_r01_s25.B13
Reading graphs...
25 :  54
25 :  56
Initializing...
maxdom : 25
D->valSize : 625
Solving...
currentSize : 11 <-- 0.005156 s
currentSize : 12 <-- 0.005213 s
currentSize : 13 <-- 0.005325 s
currentSize : 14 <-- 0.007877 s
currentSize : 15 <-- 0.018420 s
currentSize : 16 <-- 0.022477 s
currentSize : 17 <-- 0.022525 s
currentSize : 21 <-- 3.746986 s
currentSize : 22 <-- 3.747529 s

maxsize : 22
nodes : 348225.000000
filtered : 8076976.000000
CCGP filtered : 313765.000000
CCGT filtered : 210015.000000
time : 3.764461
