Parameters: GAD=1 vflib=1 dir=0 label=0 lowerbound=1 fileNameGp=../graphsdb/mcs90/bvg/b06/mcs90_b06_s30.A41 fileNameGt=../graphsdb/mcs90/bvg/b06/mcs90_b06_s30.B41
Reading graphs...
30 :  90
30 :  89
Initializing...
maxdom : 30
D->valSize : 900
Solving...
currentSize : 13 <-- 0.017924 s
currentSize : 16 <-- 0.018094 s
currentSize : 17 <-- 0.021432 s
currentSize : 18 <-- 0.021629 s
currentSize : 19 <-- 0.022172 s
currentSize : 20 <-- 0.025176 s
currentSize : 21 <-- 0.025834 s
currentSize : 22 <-- 0.026453 s
currentSize : 23 <-- 0.026850 s
currentSize : 25 <-- 0.029932 s
currentSize : 27 <-- 0.034032 s

maxsize : 27
nodes : 4848.000000
filtered : 281977.000000
CCGP filtered : 278.000000
CCGT filtered : 1378.000000
time : 0.277831
