Parameters: GAD=1 vflib=1 dir=0 label=0 lowerbound=1 fileNameGp=../graphsdb/mcs90/rand/r005/mcs90_r005_s35.A83 fileNameGt=../graphsdb/mcs90/rand/r005/mcs90_r005_s35.B83
Reading graphs...
35 :  57
35 :  58
Initializing...
maxdom : 35
D->valSize : 1225
Solving...
currentSize : 11 <-- 0.025665 s
currentSize : 14 <-- 0.025871 s
currentSize : 15 <-- 0.025950 s
currentSize : 16 <-- 0.026172 s
currentSize : 17 <-- 0.031620 s
currentSize : 18 <-- 0.060690 s
currentSize : 19 <-- 0.088854 s
currentSize : 20 <-- 0.097510 s
currentSize : 21 <-- 0.179644 s
currentSize : 22 <-- 0.784865 s
currentSize : 23 <-- 3.141511 s
currentSize : 24 <-- 6.538249 s
currentSize : 25 <-- 7.998751 s
currentSize : 26 <-- 9.027513 s
currentSize : 27 <-- 9.027636 s
currentSize : 28 <-- 9.430323 s
currentSize : 29 <-- 9.616094 s
currentSize : 30 <-- 9.616129 s
currentSize : 31 <-- 9.616556 s

maxsize : 31
nodes : 529997.000000
filtered : 17100957.000000
CCGP filtered : 9322359.000000
CCGT filtered : 4937701.000000
time : 9.845314
