Parameters: GAD=1 vflib=1 dir=0 label=0 lowerbound=1 fileNameGp=../graphsdb/mcs90/m2D/m2Dr6/mcs90_m2Dr6_s30.A87 fileNameGt=../graphsdb/mcs90/m2D/m2Dr6/mcs90_m2Dr6_s30.B87
Reading graphs...
30 :  65
30 :  65
Initializing...
maxdom : 30
D->valSize : 900
Solving...
currentSize : 15 <-- 0.018782 s
currentSize : 16 <-- 0.018860 s
currentSize : 17 <-- 0.041082 s
currentSize : 18 <-- 0.041789 s
currentSize : 19 <-- 0.059313 s
currentSize : 20 <-- 23.765850 s
currentSize : 21 <-- 26.126808 s
currentSize : 22 <-- 30.455645 s
currentSize : 23 <-- 30.455799 s
currentSize : 25 <-- 30.455963 s

maxsize : 25
nodes : 2077031.000000
filtered : 54906862.000000
CCGP filtered : 5125498.000000
CCGT filtered : 4428438.000000
time : 30.745531
