Parameters: GAD=1 vflib=1 dir=0 label=0 lowerbound=1 fileNameGp=../graphsdb/mcs90/bvg/b09m/mcs90_b09m_s35.A64 fileNameGt=../graphsdb/mcs90/bvg/b09m/mcs90_b09m_s35.B64
Reading graphs...
35 :  151
35 :  152
Initializing...
maxdom : 35
D->valSize : 1225
Solving...
currentSize : 12 <-- 0.031695 s
currentSize : 13 <-- 0.032446 s
currentSize : 14 <-- 0.032520 s
currentSize : 15 <-- 0.078679 s
currentSize : 16 <-- 0.113777 s
currentSize : 17 <-- 0.412788 s
currentSize : 18 <-- 2.826812 s
currentSize : 19 <-- 3.145774 s
currentSize : 20 <-- 3.694475 s
currentSize : 21 <-- 4.842166 s
currentSize : 23 <-- 4.902876 s
currentSize : 26 <-- 4.904982 s
currentSize : 28 <-- 4.907020 s
currentSize : 29 <-- 5.382944 s
currentSize : 30 <-- 5.383357 s

maxsize : 30
nodes : 419552.000000
filtered : 10330290.000000
CCGP filtered : 34627.000000
CCGT filtered : 61610.000000
time : 5.863998
