Parameters: GAD=1 vflib=1 dir=0 label=0 lowerbound=1 fileNameGp=../graphsdb/mcs90/bvg/b03m/mcs90_b03m_s35.A44 fileNameGt=../graphsdb/mcs90/bvg/b03m/mcs90_b03m_s35.B44
Reading graphs...
35 :  52
35 :  52
Initializing...
maxdom : 35
D->valSize : 1225
Solving...
currentSize : 12 <-- 0.020993 s
currentSize : 15 <-- 0.021111 s
currentSize : 18 <-- 0.021205 s
currentSize : 21 <-- 0.021451 s
currentSize : 22 <-- 0.022382 s
currentSize : 23 <-- 0.022902 s
currentSize : 24 <-- 0.050055 s
currentSize : 25 <-- 0.054435 s
currentSize : 26 <-- 7.129537 s
currentSize : 27 <-- 10.435451 s
currentSize : 28 <-- 11.009311 s
currentSize : 29 <-- 11.694627 s
currentSize : 30 <-- 12.135607 s
currentSize : 31 <-- 13.462565 s

maxsize : 31
nodes : 440737.000000
filtered : 14687594.000000
CCGP filtered : 9792933.000000
CCGT filtered : 3778985.000000
time : 13.514109
