Parameters: GAD=1 vflib=1 dir=0 label=0 lowerbound=1 fileNameGp=../graphsdb/mcs90/rand/r02/mcs90_r02_s30.A62 fileNameGt=../graphsdb/mcs90/rand/r02/mcs90_r02_s30.B62
Reading graphs...
30 :  157
30 :  153
Initializing...
maxdom : 30
D->valSize : 900
Solving...
currentSize : 10 <-- 0.009348 s
currentSize : 11 <-- 0.009736 s
currentSize : 12 <-- 0.011269 s
currentSize : 13 <-- 0.013599 s
currentSize : 14 <-- 1.242408 s
currentSize : 15 <-- 2.180407 s
currentSize : 17 <-- 2.180570 s
currentSize : 18 <-- 8.019578 s
currentSize : 19 <-- 8.019913 s
currentSize : 27 <-- 12.193855 s

maxsize : 27
nodes : 1038587.000000
filtered : 22609805.000000
CCGP filtered : 26245.000000
CCGT filtered : 49838.000000
time : 12.217686
