Parameters: GAD=1 vflib=1 dir=0 label=0 lowerbound=1 fileNameGp=../graphsdb/mcs90/bvg/b03m/mcs90_b03m_s35.A00 fileNameGt=../graphsdb/mcs90/bvg/b03m/mcs90_b03m_s35.B00
Reading graphs...
35 :  52
35 :  52
Initializing...
maxdom : 35
D->valSize : 1225
Solving...
currentSize : 14 <-- 0.037356 s
currentSize : 15 <-- 0.037665 s
currentSize : 16 <-- 0.049447 s
currentSize : 17 <-- 0.052857 s
currentSize : 18 <-- 0.186516 s
currentSize : 19 <-- 0.202816 s
currentSize : 20 <-- 0.203076 s
currentSize : 21 <-- 0.235179 s
currentSize : 22 <-- 0.462769 s
currentSize : 23 <-- 1.435518 s
currentSize : 24 <-- 11.992476 s
currentSize : 25 <-- 18.475883 s
currentSize : 28 <-- 19.392584 s
currentSize : 30 <-- 19.399912 s

maxsize : 30
nodes : 831090.000000
filtered : 21700071.000000
CCGP filtered : 28919948.000000
CCGT filtered : 11126881.000000
time : 23.034901
