Parameters: GAD=1 vflib=1 dir=0 label=0 lowerbound=1 fileNameGp=../graphsdb/mcs90/bvg/b03m/mcs90_b03m_s35.A16 fileNameGt=../graphsdb/mcs90/bvg/b03m/mcs90_b03m_s35.B16
Reading graphs...
35 :  51
35 :  51
Initializing...
maxdom : 35
D->valSize : 1225
Solving...
currentSize : 16 <-- 0.020935 s
currentSize : 20 <-- 0.021122 s
currentSize : 21 <-- 0.021673 s
currentSize : 22 <-- 0.024876 s
currentSize : 23 <-- 0.042748 s
currentSize : 24 <-- 0.053323 s
currentSize : 25 <-- 0.063970 s
currentSize : 26 <-- 0.967816 s
currentSize : 27 <-- 41.757568 s
currentSize : 28 <-- 41.758129 s
currentSize : 31 <-- 41.761341 s

maxsize : 31
nodes : 1076766.000000
filtered : 42972462.000000
CCGP filtered : 15440008.000000
CCGT filtered : 5477296.000000
time : 42.877953
