Parameters: GAD=1 vflib=1 dir=0 label=0 lowerbound=1 fileNameGp=../graphsdb/mcs90/m4D/m4Dr4/mcs90_m4Dr4_s20.A29 fileNameGt=../graphsdb/mcs90/m4D/m4Dr4/mcs90_m4Dr4_s20.B29
Reading graphs...
20 :  45
20 :  43
Initializing...
maxdom : 20
D->valSize : 400
Solving...
currentSize : 7 <-- 0.002199 s
currentSize : 8 <-- 0.002235 s
currentSize : 9 <-- 0.002270 s
currentSize : 10 <-- 0.002376 s
currentSize : 11 <-- 0.003142 s
currentSize : 12 <-- 0.006946 s
currentSize : 13 <-- 0.030493 s
currentSize : 14 <-- 0.093296 s
currentSize : 15 <-- 0.166373 s
currentSize : 16 <-- 0.166859 s

maxsize : 16
nodes : 17551.000000
filtered : 386298.000000
CCGP filtered : 137890.000000
CCGT filtered : 73974.000000
time : 0.182350
