Parameters: GAD=1 vflib=1 dir=0 label=0 lowerbound=1 fileNameGp=../graphsdb/mcs90/bvg/b03/mcs90_b03_s25.A79 fileNameGt=../graphsdb/mcs90/bvg/b03/mcs90_b03_s25.B79
Reading graphs...
25 :  37
25 :  37
Initializing...
maxdom : 25
D->valSize : 625
Solving...
currentSize : 14 <-- 0.005585 s
currentSize : 15 <-- 0.005649 s
currentSize : 16 <-- 0.005740 s
currentSize : 17 <-- 0.006059 s
currentSize : 18 <-- 0.006365 s
currentSize : 19 <-- 0.007241 s
currentSize : 20 <-- 0.007703 s
currentSize : 22 <-- 0.013941 s
currentSize : 23 <-- 0.016292 s
currentSize : 24 <-- 0.020628 s

maxsize : 24
nodes : 644.000000
filtered : 25177.000000
CCGP filtered : 1810.000000
CCGT filtered : 463.000000
time : 0.024552
