Parameters: GAD=1 vflib=1 dir=0 label=0 lowerbound=1 fileNameGp=../graphsdb/mcs90/bvg/b03m/mcs90_b03m_s35.A03 fileNameGt=../graphsdb/mcs90/bvg/b03m/mcs90_b03m_s35.B03
Reading graphs...
35 :  52
35 :  52
Initializing...
maxdom : 35
D->valSize : 1225
Solving...
currentSize : 18 <-- 0.020844 s
currentSize : 19 <-- 0.020891 s
currentSize : 20 <-- 0.020952 s
currentSize : 21 <-- 0.021120 s
currentSize : 22 <-- 0.022423 s
currentSize : 23 <-- 0.038776 s
currentSize : 24 <-- 0.056358 s
currentSize : 25 <-- 0.092053 s
currentSize : 26 <-- 0.269273 s
currentSize : 27 <-- 0.419716 s
currentSize : 28 <-- 0.483955 s
currentSize : 29 <-- 0.539911 s
currentSize : 30 <-- 0.567304 s

maxsize : 30
nodes : 41030.000000
filtered : 1985208.000000
CCGP filtered : 774889.000000
CCGT filtered : 155961.000000
time : 3.133849
