Parameters: GAD=1 vflib=1 dir=0 label=0 lowerbound=1 fileNameGp=../graphsdb/mcs90/bvg/b06m/mcs90_b06m_s25.A93 fileNameGt=../graphsdb/mcs90/bvg/b06m/mcs90_b06m_s25.B93
Reading graphs...
25 :  72
25 :  72
Initializing...
maxdom : 25
D->valSize : 625
Solving...
currentSize : 8 <-- 0.008522 s
currentSize : 10 <-- 0.008564 s
currentSize : 11 <-- 0.008671 s
currentSize : 12 <-- 0.009545 s
currentSize : 13 <-- 0.010987 s
currentSize : 14 <-- 0.011077 s
currentSize : 15 <-- 0.090380 s
currentSize : 16 <-- 0.122799 s
currentSize : 19 <-- 1.119668 s
currentSize : 22 <-- 1.121319 s

maxsize : 22
nodes : 63734.000000
filtered : 1683020.000000
CCGP filtered : 138476.000000
CCGT filtered : 71079.000000
time : 1.160684
