Parameters: GAD=1 vflib=1 dir=0 label=0 lowerbound=1 fileNameGp=../graphsdb/mcs90/bvg/b09m/mcs90_b09m_s20.A64 fileNameGt=../graphsdb/mcs90/bvg/b09m/mcs90_b09m_s20.B64
Reading graphs...
20 :  81
20 :  80
Initializing...
maxdom : 20
D->valSize : 400
Solving...
currentSize : 7 <-- 0.001976 s
currentSize : 8 <-- 0.002063 s
currentSize : 9 <-- 0.002294 s
currentSize : 10 <-- 0.002706 s
currentSize : 11 <-- 0.010767 s
currentSize : 12 <-- 0.148009 s
currentSize : 13 <-- 0.248811 s
currentSize : 15 <-- 0.282524 s
currentSize : 18 <-- 0.283544 s

maxsize : 18
nodes : 38616.000000
filtered : 435434.000000
CCGP filtered : 564.000000
CCGT filtered : 1166.000000
time : 0.287787
