Parameters: GAD=1 vflib=1 dir=0 label=0 lowerbound=1 fileNameGp=../graphsdb/mcs90/m3D/m3Dr2/mcs90_m3Dr2_s30.A46 fileNameGt=../graphsdb/mcs90/m3D/m3Dr2/mcs90_m3Dr2_s30.B46
Reading graphs...
30 :  67
30 :  67
Initializing...
maxdom : 30
D->valSize : 900
Solving...
currentSize : 13 <-- 0.010617 s
currentSize : 15 <-- 0.010792 s
currentSize : 16 <-- 0.011108 s
currentSize : 18 <-- 0.011760 s
currentSize : 19 <-- 0.689253 s
currentSize : 20 <-- 1.744469 s
currentSize : 21 <-- 2.585429 s
currentSize : 22 <-- 2.642274 s
currentSize : 23 <-- 3.611226 s
currentSize : 27 <-- 4.208741 s

maxsize : 27
nodes : 274607.000000
filtered : 7400932.000000
CCGP filtered : 280350.000000
CCGT filtered : 205392.000000
time : 4.330834
