Parameters: GAD=1 vflib=1 dir=0 label=0 lowerbound=1 fileNameGp=../graphsdb/mcs90/rand/r01/mcs90_r01_s35.A24 fileNameGt=../graphsdb/mcs90/rand/r01/mcs90_r01_s35.B24
Reading graphs...
35 :  113
35 :  112
Initializing...
maxdom : 35
D->valSize : 1225
Solving...
currentSize : 15 <-- 0.019555 s
currentSize : 16 <-- 0.019698 s
currentSize : 17 <-- 0.023842 s
currentSize : 18 <-- 0.027016 s
currentSize : 19 <-- 2.228389 s
currentSize : 20 <-- 65.755699 s
currentSize : 21 <-- 91.698265 s
currentSize : 22 <-- 109.524170 s
currentSize : 24 <-- 111.273972 s
currentSize : 25 <-- 111.680237 s
currentSize : 29 <-- 112.608490 s
currentSize : 31 <-- 112.620728 s

maxsize : 31
nodes : 8683524.000000
filtered : 223637945.000000
CCGP filtered : 5935455.000000
CCGT filtered : 6044617.000000
time : 112.844940
