Parameters: GAD=1 vflib=1 dir=0 label=0 lowerbound=1 fileNameGp=../graphsdb/mcs90/bvg/b06/mcs90_b06_s30.A95 fileNameGt=../graphsdb/mcs90/bvg/b06/mcs90_b06_s30.B95
Reading graphs...
30 :  89
30 :  90
Initializing...
maxdom : 30
D->valSize : 900
Solving...
currentSize : 16 <-- 0.009942 s
currentSize : 17 <-- 0.010033 s
currentSize : 18 <-- 0.012689 s
currentSize : 19 <-- 0.015367 s
currentSize : 20 <-- 0.016776 s
currentSize : 21 <-- 0.017860 s
currentSize : 23 <-- 0.022499 s
currentSize : 24 <-- 0.030961 s
currentSize : 25 <-- 0.031110 s
currentSize : 27 <-- 0.031797 s

maxsize : 27
nodes : 6127.000000
filtered : 287161.000000
CCGP filtered : 2635.000000
CCGT filtered : 1824.000000
time : 0.239231
