Parameters: GAD=1 vflib=1 dir=0 label=0 lowerbound=1 fileNameGp=../graphsdb/mcs90/m2D/m2Dr6/mcs90_m2Dr6_s30.A01 fileNameGt=../graphsdb/mcs90/m2D/m2Dr6/mcs90_m2Dr6_s30.B01
Reading graphs...
30 :  65
30 :  65
Initializing...
maxdom : 30
D->valSize : 900
Solving...
currentSize : 13 <-- 0.010571 s
currentSize : 14 <-- 0.010699 s
currentSize : 15 <-- 0.010818 s
currentSize : 16 <-- 0.017315 s
currentSize : 17 <-- 0.047500 s
currentSize : 18 <-- 0.108493 s
currentSize : 19 <-- 2.340199 s
currentSize : 20 <-- 8.722238 s
currentSize : 21 <-- 13.816842 s
currentSize : 22 <-- 16.594063 s
currentSize : 25 <-- 16.684204 s

maxsize : 25
nodes : 1075684.000000
filtered : 29771220.000000
CCGP filtered : 2337754.000000
CCGT filtered : 2109448.000000
time : 16.944429
