Parameters: GAD=1 vflib=1 dir=0 label=0 lowerbound=1 fileNameGp=../graphsdb/mcs90/bvg/b03m/mcs90_b03m_s30.A24 fileNameGt=../graphsdb/mcs90/bvg/b03m/mcs90_b03m_s30.B24
Reading graphs...
30 :  43
30 :  43
Initializing...
maxdom : 30
D->valSize : 900
Solving...
currentSize : 6 <-- 0.011181 s
currentSize : 8 <-- 0.011368 s
currentSize : 14 <-- 0.011683 s
currentSize : 15 <-- 0.011775 s
currentSize : 20 <-- 0.011821 s
currentSize : 21 <-- 0.011890 s
currentSize : 22 <-- 0.085253 s
currentSize : 23 <-- 2.020177 s
currentSize : 24 <-- 2.992986 s
currentSize : 25 <-- 4.233668 s
currentSize : 26 <-- 4.260187 s

maxsize : 26
nodes : 191651.000000
filtered : 5738041.000000
CCGP filtered : 5154635.000000
CCGT filtered : 2314147.000000
time : 4.685456
