Parameters: GAD=1 vflib=1 dir=0 label=0 lowerbound=1 fileNameGp=../graphsdb/mcs90/rand/r005/mcs90_r005_s30.A37 fileNameGt=../graphsdb/mcs90/rand/r005/mcs90_r005_s30.B37
Reading graphs...
30 :  42
30 :  42
Initializing...
maxdom : 30
D->valSize : 900
Solving...
currentSize : 15 <-- 0.011348 s
currentSize : 16 <-- 0.011493 s
currentSize : 17 <-- 0.011605 s
currentSize : 18 <-- 0.011618 s
currentSize : 19 <-- 0.027158 s
currentSize : 20 <-- 0.028650 s
currentSize : 21 <-- 0.090990 s
currentSize : 22 <-- 0.603412 s
currentSize : 23 <-- 1.062655 s
currentSize : 24 <-- 1.137735 s
currentSize : 26 <-- 1.171976 s
currentSize : 27 <-- 1.172019 s

maxsize : 27
nodes : 68419.000000
filtered : 2329735.000000
CCGP filtered : 1621945.000000
CCGT filtered : 841079.000000
time : 1.318071
