Parameters: GAD=1 vflib=1 dir=0 label=0 lowerbound=1 fileNameGp=../graphsdb/mcs90/bvg/b09/mcs90_b09_s25.A86 fileNameGt=../graphsdb/mcs90/bvg/b09/mcs90_b09_s25.B86
Reading graphs...
25 :  111
25 :  112
Initializing...
maxdom : 25
D->valSize : 625
Solving...
currentSize : 7 <-- 0.004556 s
currentSize : 9 <-- 0.004716 s
currentSize : 10 <-- 0.004875 s
currentSize : 11 <-- 0.005189 s
currentSize : 12 <-- 0.029225 s
currentSize : 13 <-- 0.029320 s
currentSize : 14 <-- 0.029610 s
currentSize : 16 <-- 0.035861 s
currentSize : 18 <-- 0.043529 s
currentSize : 22 <-- 0.050340 s

maxsize : 22
nodes : 8827.000000
filtered : 315425.000000
CCGP filtered : 277.000000
CCGT filtered : 866.000000
time : 0.134173
