Parameters: GAD=1 vflib=1 dir=0 label=0 lowerbound=1 fileNameGp=../graphsdb/mcs90/rand/r01/mcs90_r01_s35.A76 fileNameGt=../graphsdb/mcs90/rand/r01/mcs90_r01_s35.B76
Reading graphs...
35 :  113
35 :  113
Initializing...
maxdom : 35
D->valSize : 1225
Solving...
currentSize : 12 <-- 0.033140 s
currentSize : 13 <-- 0.033514 s
currentSize : 14 <-- 0.033728 s
currentSize : 15 <-- 0.038755 s
currentSize : 16 <-- 0.069301 s
currentSize : 17 <-- 0.175766 s
currentSize : 18 <-- 0.382911 s
currentSize : 19 <-- 4.522344 s
currentSize : 20 <-- 4.546588 s
currentSize : 21 <-- 57.844250 s
currentSize : 22 <-- 57.844479 s
currentSize : 31 <-- 66.352913 s

maxsize : 31
nodes : 4423435.000000
filtered : 123111867.000000
CCGP filtered : 4813870.000000
CCGT filtered : 5367423.000000
time : 66.513985
