Parameters: GAD=1 vflib=1 dir=0 label=0 lowerbound=1 fileNameGp=../graphsdb/mcs90/m3D/m3Dr6/mcs90_m3Dr6_s30.A58 fileNameGt=../graphsdb/mcs90/m3D/m3Dr6/mcs90_m3Dr6_s30.B58
Reading graphs...
30 :  79
30 :  78
Initializing...
maxdom : 30
D->valSize : 900
Solving...
currentSize : 12 <-- 0.010587 s
currentSize : 13 <-- 0.010674 s
currentSize : 14 <-- 0.010733 s
currentSize : 15 <-- 0.011678 s
currentSize : 16 <-- 0.032396 s
currentSize : 17 <-- 0.153120 s
currentSize : 18 <-- 1.469663 s
currentSize : 19 <-- 3.670091 s
currentSize : 20 <-- 10.245978 s
currentSize : 21 <-- 21.639488 s
currentSize : 23 <-- 21.655037 s
currentSize : 27 <-- 22.111048 s

maxsize : 27
nodes : 1753652.000000
filtered : 46730798.000000
CCGP filtered : 863268.000000
CCGT filtered : 642766.000000
time : 22.218372
