Parameters: GAD=1 vflib=1 dir=0 label=0 lowerbound=1 fileNameGp=../graphsdb/mcs90/rand/r005/mcs90_r005_s35.A93 fileNameGt=../graphsdb/mcs90/rand/r005/mcs90_r005_s35.B93
Reading graphs...
35 :  58
35 :  57
Initializing...
maxdom : 35
D->valSize : 1225
Solving...
currentSize : 15 <-- 0.021144 s
currentSize : 17 <-- 0.021254 s
currentSize : 18 <-- 0.021328 s
currentSize : 19 <-- 0.021634 s
currentSize : 20 <-- 0.047581 s
currentSize : 21 <-- 0.056575 s
currentSize : 22 <-- 0.119785 s
currentSize : 23 <-- 0.134630 s
currentSize : 24 <-- 2.180106 s
currentSize : 25 <-- 2.223832 s
currentSize : 26 <-- 18.019718 s
currentSize : 27 <-- 18.019800 s
currentSize : 31 <-- 18.631817 s

maxsize : 31
nodes : 870451.000000
filtered : 32118330.000000
CCGP filtered : 8797715.000000
CCGT filtered : 5273511.000000
time : 19.049080
