Parameters: GAD=1 vflib=1 dir=0 label=0 lowerbound=1 fileNameGp=../graphsdb/mcs90/rand/r005/mcs90_r005_s30.A87 fileNameGt=../graphsdb/mcs90/rand/r005/mcs90_r005_s30.B87
Reading graphs...
30 :  41
30 :  41
Initializing...
maxdom : 30
D->valSize : 900
Solving...
currentSize : 14 <-- 0.019938 s
currentSize : 15 <-- 0.020071 s
currentSize : 16 <-- 0.020282 s
currentSize : 17 <-- 0.020622 s
currentSize : 18 <-- 0.022490 s
currentSize : 19 <-- 0.068557 s
currentSize : 20 <-- 0.069099 s
currentSize : 21 <-- 0.106340 s
currentSize : 22 <-- 0.116254 s
currentSize : 23 <-- 0.465492 s
currentSize : 24 <-- 0.467107 s
currentSize : 25 <-- 0.467155 s
currentSize : 26 <-- 0.468045 s
currentSize : 27 <-- 0.468467 s

maxsize : 27
nodes : 25575.000000
filtered : 677633.000000
CCGP filtered : 407788.000000
CCGT filtered : 250919.000000
time : 0.522183
