Parameters: GAD=1 vflib=1 dir=0 label=0 lowerbound=1 fileNameGp=../graphsdb/mcs90/rand/r005/mcs90_r005_s25.A64 fileNameGt=../graphsdb/mcs90/rand/r005/mcs90_r005_s25.B64
Reading graphs...
25 :  29
25 :  28
Initializing...
maxdom : 25
D->valSize : 625
Solving...
currentSize : 5 <-- 0.005519 s
currentSize : 7 <-- 0.005552 s
currentSize : 9 <-- 0.005638 s
currentSize : 10 <-- 0.005712 s
currentSize : 11 <-- 0.005725 s
currentSize : 12 <-- 0.006270 s
currentSize : 13 <-- 0.008540 s
currentSize : 14 <-- 0.012980 s
currentSize : 15 <-- 0.013617 s
currentSize : 16 <-- 0.019426 s
currentSize : 17 <-- 0.019739 s
currentSize : 18 <-- 0.123484 s
currentSize : 19 <-- 0.123652 s
currentSize : 20 <-- 0.125769 s
currentSize : 21 <-- 0.130809 s
currentSize : 22 <-- 0.133429 s

maxsize : 22
nodes : 14814.000000
filtered : 207485.000000
CCGP filtered : 149630.000000
CCGT filtered : 48413.000000
time : 0.149949
