Parameters: GAD=1 vflib=1 dir=0 label=0 lowerbound=1 fileNameGp=../graphsdb/mcs90/bvg/b03m/mcs90_b03m_s35.A62 fileNameGt=../graphsdb/mcs90/bvg/b03m/mcs90_b03m_s35.B62
Reading graphs...
35 :  52
35 :  52
Initializing...
maxdom : 35
D->valSize : 1225
Solving...
currentSize : 20 <-- 0.036721 s
currentSize : 21 <-- 0.037243 s
currentSize : 22 <-- 0.037697 s
currentSize : 23 <-- 0.053440 s
currentSize : 24 <-- 0.298650 s
currentSize : 25 <-- 0.417515 s
currentSize : 26 <-- 3.021733 s
currentSize : 27 <-- 3.022049 s
currentSize : 28 <-- 9.567368 s
currentSize : 29 <-- 16.580912 s
currentSize : 30 <-- 16.580975 s
currentSize : 31 <-- 16.582733 s
currentSize : 32 <-- 16.582788 s

maxsize : 32
nodes : 302428.000000
filtered : 13105176.000000
CCGP filtered : 6048510.000000
CCGT filtered : 2958684.000000
time : 16.941805
