Parameters: GAD=1 vflib=1 dir=0 label=0 lowerbound=1 fileNameGp=../graphsdb/mcs90/m2D/m2Dr4/mcs90_m2Dr4_s30.A68 fileNameGt=../graphsdb/mcs90/m2D/m2Dr4/mcs90_m2Dr4_s30.B68
Reading graphs...
30 :  59
30 :  59
Initializing...
maxdom : 30
D->valSize : 900
Solving...
currentSize : 16 <-- 0.010639 s
currentSize : 17 <-- 0.010741 s
currentSize : 18 <-- 0.012972 s
currentSize : 19 <-- 0.022070 s
currentSize : 20 <-- 0.452900 s
currentSize : 21 <-- 10.886663 s
currentSize : 22 <-- 15.581391 s
currentSize : 23 <-- 15.626576 s
currentSize : 25 <-- 15.646526 s

maxsize : 25
nodes : 997568.000000
filtered : 29676761.000000
CCGP filtered : 3926191.000000
CCGT filtered : 2382947.000000
time : 16.446676
