Parameters: GAD=1 vflib=1 dir=0 label=0 lowerbound=1 fileNameGp=../graphsdb/mcs90/m3D/m3D/mcs90_m3D_s30.A13 fileNameGt=../graphsdb/mcs90/m3D/m3D/mcs90_m3D_s30.B13
Reading graphs...
30 :  61
30 :  61
Initializing...
maxdom : 30
D->valSize : 900
Solving...
currentSize : 17 <-- 0.018753 s
currentSize : 18 <-- 0.018932 s
currentSize : 20 <-- 0.022026 s
currentSize : 21 <-- 0.029185 s
currentSize : 22 <-- 0.097979 s
currentSize : 23 <-- 0.288766 s
currentSize : 24 <-- 0.504987 s
currentSize : 25 <-- 1.657083 s
currentSize : 26 <-- 1.662266 s
currentSize : 27 <-- 1.666892 s
currentSize : 28 <-- 1.672616 s

maxsize : 28
nodes : 71130.000000
filtered : 2729123.000000
CCGP filtered : 79070.000000
CCGT filtered : 8111.000000
time : 1.733378
