Parameters: GAD=1 vflib=1 dir=0 label=0 lowerbound=1 fileNameGp=../graphsdb/mcs90/bvg/b03/mcs90_b03_s35.A23 fileNameGt=../graphsdb/mcs90/bvg/b03/mcs90_b03_s35.B23
Reading graphs...
35 :  52
35 :  52
Initializing...
maxdom : 35
D->valSize : 1225
Solving...
currentSize : 13 <-- 0.036962 s
currentSize : 23 <-- 0.037085 s
currentSize : 24 <-- 0.037604 s
currentSize : 25 <-- 0.038372 s
currentSize : 26 <-- 0.041925 s
currentSize : 27 <-- 0.093069 s
currentSize : 28 <-- 0.104624 s
currentSize : 30 <-- 0.269281 s
currentSize : 31 <-- 0.393932 s
currentSize : 32 <-- 0.409069 s

maxsize : 32
nodes : 12328.000000
filtered : 800003.000000
CCGP filtered : 133178.000000
CCGT filtered : 88474.000000
time : 1.244079
