Parameters: GAD=1 vflib=1 dir=0 label=0 lowerbound=1 fileNameGp=../graphsdb/mcs90/rand/r02/mcs90_r02_s30.A32 fileNameGt=../graphsdb/mcs90/rand/r02/mcs90_r02_s30.B32
Reading graphs...
30 :  157
30 :  156
Initializing...
maxdom : 30
D->valSize : 900
Solving...
currentSize : 9 <-- 0.016391 s
currentSize : 10 <-- 0.016431 s
currentSize : 11 <-- 0.016868 s
currentSize : 12 <-- 0.018327 s
currentSize : 13 <-- 0.018726 s
currentSize : 14 <-- 1.938573 s
currentSize : 15 <-- 15.897603 s
currentSize : 17 <-- 17.176971 s
currentSize : 18 <-- 17.179253 s
currentSize : 22 <-- 21.784431 s
currentSize : 27 <-- 21.788120 s

maxsize : 27
nodes : 2025654.000000
filtered : 27913987.000000
CCGP filtered : 13462.000000
CCGT filtered : 26054.000000
time : 21.830732
