Parameters: GAD=1 vflib=1 dir=0 label=0 lowerbound=1 fileNameGp=../graphsdb/mcs90/m3D/m3Dr4/mcs90_m3Dr4_s30.A43 fileNameGt=../graphsdb/mcs90/m3D/m3Dr4/mcs90_m3Dr4_s30.B43
Reading graphs...
30 :  72
30 :  71
Initializing...
maxdom : 30
D->valSize : 900
Solving...
currentSize : 14 <-- 0.018384 s
currentSize : 16 <-- 0.018931 s
currentSize : 17 <-- 0.035443 s
currentSize : 18 <-- 0.038376 s
currentSize : 19 <-- 0.836935 s
currentSize : 21 <-- 1.627045 s
currentSize : 22 <-- 5.537851 s
currentSize : 23 <-- 8.100707 s
currentSize : 27 <-- 9.470201 s

maxsize : 27
nodes : 638392.000000
filtered : 19988883.000000
CCGP filtered : 255758.000000
CCGT filtered : 331050.000000
time : 9.495606
