Parameters: GAD=1 vflib=1 dir=0 label=0 lowerbound=1 fileNameGp=../graphsdb/mcs90/bvg/b03m/mcs90_b03m_s20.A32 fileNameGt=../graphsdb/mcs90/bvg/b03m/mcs90_b03m_s20.B32
Reading graphs...
20 :  30
20 :  30
Initializing...
maxdom : 20
D->valSize : 400
Solving...
currentSize : 10 <-- 0.002594 s
currentSize : 11 <-- 0.002816 s
currentSize : 12 <-- 0.002852 s
currentSize : 13 <-- 0.002865 s
currentSize : 14 <-- 0.005162 s
currentSize : 15 <-- 0.007597 s
currentSize : 16 <-- 0.007767 s
currentSize : 17 <-- 0.015902 s
currentSize : 18 <-- 0.021003 s

maxsize : 18
nodes : 1981.000000
filtered : 46197.000000
CCGP filtered : 5425.000000
CCGT filtered : 2658.000000
time : 0.027003
