Parameters: GAD=1 vflib=1 dir=0 label=0 lowerbound=1 fileNameGp=../graphsdb/mcs90/rand/r005/mcs90_r005_s30.A33 fileNameGt=../graphsdb/mcs90/rand/r005/mcs90_r005_s30.B33
Reading graphs...
30 :  41
30 :  41
Initializing...
maxdom : 30
D->valSize : 900
Solving...
currentSize : 16 <-- 0.011277 s
currentSize : 17 <-- 0.018664 s
currentSize : 18 <-- 0.018747 s
currentSize : 19 <-- 0.114940 s
currentSize : 20 <-- 0.215561 s
currentSize : 22 <-- 0.394831 s
currentSize : 24 <-- 0.394947 s
currentSize : 25 <-- 0.396662 s
currentSize : 26 <-- 0.396682 s
currentSize : 27 <-- 0.397149 s

maxsize : 27
nodes : 24136.000000
filtered : 570288.000000
CCGP filtered : 341527.000000
CCGT filtered : 192678.000000
time : 0.547215
