Parameters: GAD=1 vflib=1 dir=0 label=0 lowerbound=1 fileNameGp=../graphsdb/mcs90/bvg/b06m/mcs90_b06m_s35.A50 fileNameGt=../graphsdb/mcs90/bvg/b06m/mcs90_b06m_s35.B50
Reading graphs...
35 :  104
35 :  104
Initializing...
maxdom : 35
D->valSize : 1225
Solving...
currentSize : 16 <-- 0.034034 s
currentSize : 17 <-- 0.034514 s
currentSize : 18 <-- 0.413766 s
currentSize : 19 <-- 2.525700 s
currentSize : 20 <-- 10.141415 s
currentSize : 21 <-- 20.663984 s
currentSize : 23 <-- 32.545658 s
currentSize : 24 <-- 32.546497 s
currentSize : 25 <-- 32.619659 s
currentSize : 28 <-- 33.248821 s
currentSize : 31 <-- 33.252541 s

maxsize : 31
nodes : 1888325.000000
filtered : 54009079.000000
CCGP filtered : 3681454.000000
CCGT filtered : 2435111.000000
time : 33.608582
