Parameters: GAD=1 vflib=1 dir=0 label=0 lowerbound=1 fileNameGp=../graphsdb/mcs90/bvg/b06m/mcs90_b06m_s35.A23 fileNameGt=../graphsdb/mcs90/bvg/b06m/mcs90_b06m_s35.B23
Reading graphs...
35 :  104
35 :  102
Initializing...
maxdom : 35
D->valSize : 1225
Solving...
currentSize : 15 <-- 0.019315 s
currentSize : 16 <-- 0.019471 s
currentSize : 17 <-- 0.031517 s
currentSize : 18 <-- 0.395472 s
currentSize : 19 <-- 3.116551 s
currentSize : 20 <-- 61.652374 s
currentSize : 21 <-- 61.655392 s
currentSize : 23 <-- 102.562340 s
currentSize : 26 <-- 104.165527 s
currentSize : 30 <-- 105.636208 s
currentSize : 31 <-- 105.636658 s

maxsize : 31
nodes : 5813947.000000
filtered : 164796408.000000
CCGP filtered : 11635289.000000
CCGT filtered : 15826146.000000
time : 105.895576
