Parameters: GAD=1 vflib=1 dir=0 label=0 lowerbound=1 fileNameGp=../graphsdb/mcs90/rand/r005/mcs90_r005_s30.A05 fileNameGt=../graphsdb/mcs90/rand/r005/mcs90_r005_s30.B05
Reading graphs...
30 :  42
30 :  42
Initializing...
maxdom : 30
D->valSize : 900
Solving...
currentSize : 14 <-- 0.019740 s
currentSize : 17 <-- 0.019889 s
currentSize : 18 <-- 0.020669 s
currentSize : 19 <-- 0.021921 s
currentSize : 20 <-- 0.044207 s
currentSize : 21 <-- 0.101803 s
currentSize : 22 <-- 0.520365 s
currentSize : 23 <-- 1.458782 s
currentSize : 24 <-- 1.460501 s
currentSize : 25 <-- 1.460920 s
currentSize : 26 <-- 1.461419 s
currentSize : 27 <-- 1.463569 s

maxsize : 27
nodes : 76261.000000
filtered : 2164703.000000
CCGP filtered : 671929.000000
CCGT filtered : 463198.000000
time : 1.586651
