Parameters: GAD=1 vflib=1 dir=0 label=0 lowerbound=1 fileNameGp=../graphsdb/mcs90/rand/r02/mcs90_r02_s35.A58 fileNameGt=../graphsdb/mcs90/rand/r02/mcs90_r02_s35.B58
Reading graphs...
35 :  212
35 :  214
Initializing...
maxdom : 35
D->valSize : 1225
Solving...
currentSize : 11 <-- 0.029749 s
currentSize : 12 <-- 0.033658 s
currentSize : 13 <-- 0.038352 s
currentSize : 14 <-- 0.569442 s
currentSize : 15 <-- 1.305523 s
currentSize : 16 <-- 1.934266 s
currentSize : 17 <-- 31.525860 s
currentSize : 18 <-- 31.526073 s
currentSize : 19 <-- 41.170208 s
currentSize : 20 <-- 61.738789 s
currentSize : 23 <-- 106.975616 s
currentSize : 31 <-- 110.312698 s

maxsize : 31
nodes : 7967109.000000
filtered : 180742707.000000
CCGP filtered : 54960.000000
CCGT filtered : 327480.000000
time : 110.484810
