Parameters: GAD=1 vflib=1 dir=0 label=0 lowerbound=1 fileNameGp=../graphsdb/mcs90/bvg/b09m/mcs90_b09m_s30.A33 fileNameGt=../graphsdb/mcs90/bvg/b09m/mcs90_b09m_s30.B33
Reading graphs...
30 :  129
30 :  130
Initializing...
maxdom : 30
D->valSize : 900
Solving...
currentSize : 9 <-- 0.009596 s
currentSize : 10 <-- 0.009636 s
currentSize : 11 <-- 0.009752 s
currentSize : 12 <-- 0.010169 s
currentSize : 13 <-- 0.028847 s
currentSize : 14 <-- 0.030819 s
currentSize : 15 <-- 0.172802 s
currentSize : 17 <-- 0.401555 s
currentSize : 19 <-- 0.541724 s
currentSize : 26 <-- 0.547136 s

maxsize : 26
nodes : 57793.000000
filtered : 1306013.000000
CCGP filtered : 6191.000000
CCGT filtered : 14979.000000
time : 0.714435
