Parameters: GAD=1 vflib=1 dir=0 label=0 lowerbound=1 fileNameGp=../graphsdb/mcs90/rand/r01/mcs90_r01_s30.A69 fileNameGt=../graphsdb/mcs90/rand/r01/mcs90_r01_s30.B69
Reading graphs...
30 :  82
30 :  83
Initializing...
maxdom : 30
D->valSize : 900
Solving...
currentSize : 13 <-- 0.010089 s
currentSize : 14 <-- 0.010237 s
currentSize : 15 <-- 0.010441 s
currentSize : 16 <-- 0.018177 s
currentSize : 17 <-- 0.028657 s
currentSize : 18 <-- 4.325661 s
currentSize : 19 <-- 6.610117 s
currentSize : 21 <-- 6.627332 s
currentSize : 23 <-- 6.650039 s
currentSize : 27 <-- 7.192064 s

maxsize : 27
nodes : 610753.000000
filtered : 13667176.000000
CCGP filtered : 764470.000000
CCGT filtered : 730794.000000
time : 7.267794
