Parameters: GAD=1 vflib=1 dir=0 label=0 lowerbound=1 fileNameGp=../graphsdb/mcs90/rand/r02/mcs90_r02_s35.A06 fileNameGt=../graphsdb/mcs90/rand/r02/mcs90_r02_s35.B06
Reading graphs...
35 :  213
35 :  217
Initializing...
maxdom : 35
D->valSize : 1225
Solving...
currentSize : 9 <-- 0.017165 s
currentSize : 10 <-- 0.017396 s
currentSize : 11 <-- 0.018457 s
currentSize : 12 <-- 0.023015 s
currentSize : 13 <-- 0.040801 s
currentSize : 14 <-- 0.253607 s
currentSize : 15 <-- 0.470765 s
currentSize : 20 <-- 0.557917 s
currentSize : 22 <-- 0.940100 s
currentSize : 25 <-- 1.246333 s
currentSize : 31 <-- 1.354190 s

maxsize : 31
nodes : 103859.000000
filtered : 2833549.000000
CCGP filtered : 921.000000
CCGT filtered : 2406.000000
time : 1.567972
