Parameters: GAD=1 vflib=1 dir=0 label=0 lowerbound=1 fileNameGp=../graphsdb/mcs90/rand/r005/mcs90_r005_s20.A97 fileNameGt=../graphsdb/mcs90/rand/r005/mcs90_r005_s20.B97
Reading graphs...
20 :  21
20 :  21
Initializing...
maxdom : 20
D->valSize : 400
Solving...
currentSize : 4 <-- 0.002339 s
currentSize : 5 <-- 0.002379 s
currentSize : 6 <-- 0.002422 s
currentSize : 7 <-- 0.002440 s
currentSize : 8 <-- 0.002606 s
currentSize : 14 <-- 0.004786 s
currentSize : 16 <-- 0.004818 s
currentSize : 17 <-- 0.004876 s
currentSize : 18 <-- 0.008143 s

maxsize : 18
nodes : 1140.000000
filtered : 16384.000000
CCGP filtered : 12978.000000
CCGT filtered : 4006.000000
time : 0.009700
