Parameters: GAD=1 vflib=1 dir=0 label=0 lowerbound=1 fileNameGp=../graphsdb/mcs90/bvg/b09/mcs90_b09_s35.A24 fileNameGt=../graphsdb/mcs90/bvg/b09/mcs90_b09_s35.B24
Reading graphs...
35 :  156
35 :  157
Initializing...
maxdom : 35
D->valSize : 1225
Solving...
currentSize : 14 <-- 0.018489 s
currentSize : 16 <-- 0.020114 s
currentSize : 18 <-- 0.173882 s
currentSize : 19 <-- 3.474936 s
currentSize : 20 <-- 3.475387 s
currentSize : 22 <-- 3.475605 s
currentSize : 24 <-- 3.517897 s
currentSize : 26 <-- 3.537874 s
currentSize : 30 <-- 3.544890 s

maxsize : 30
nodes : 351255.000000
filtered : 9033253.000000
CCGP filtered : 26732.000000
CCGT filtered : 54141.000000
time : 4.781112
