Parameters: GAD=1 vflib=1 dir=0 label=0 lowerbound=1 fileNameGp=../graphsdb/mcs90/bvg/b06/mcs90_b06_s30.A13 fileNameGt=../graphsdb/mcs90/bvg/b06/mcs90_b06_s30.B13
Reading graphs...
30 :  89
30 :  90
Initializing...
maxdom : 30
D->valSize : 900
Solving...
currentSize : 17 <-- 0.010010 s
currentSize : 18 <-- 0.010118 s
currentSize : 19 <-- 0.010284 s
currentSize : 20 <-- 0.010376 s
currentSize : 21 <-- 0.010558 s
currentSize : 22 <-- 0.013109 s
currentSize : 23 <-- 0.013330 s
currentSize : 25 <-- 0.025683 s
currentSize : 27 <-- 0.026238 s

maxsize : 27
nodes : 3443.000000
filtered : 233960.000000
CCGP filtered : 1150.000000
CCGT filtered : 682.000000
time : 0.179329
