Parameters: GAD=1 vflib=1 dir=0 label=0 lowerbound=1 fileNameGp=../graphsdb/mcs90/rand/r01/mcs90_r01_s35.A60 fileNameGt=../graphsdb/mcs90/rand/r01/mcs90_r01_s35.B60
Reading graphs...
35 :  117
35 :  117
Initializing...
maxdom : 35
D->valSize : 1225
Solving...
currentSize : 14 <-- 0.033205 s
currentSize : 15 <-- 0.033609 s
currentSize : 16 <-- 0.035268 s
currentSize : 17 <-- 0.073272 s
currentSize : 18 <-- 1.592452 s
currentSize : 19 <-- 2.588655 s
currentSize : 20 <-- 42.433075 s
currentSize : 22 <-- 134.659302 s
currentSize : 23 <-- 189.649857 s
currentSize : 24 <-- 191.640060 s
currentSize : 26 <-- 191.752441 s
currentSize : 27 <-- 191.865234 s
currentSize : 31 <-- 191.950134 s

maxsize : 31
nodes : 14228587.000000
filtered : 382658900.000000
CCGP filtered : 7148779.000000
CCGT filtered : 6884848.000000
time : 192.198715
