Parameters: GAD=1 vflib=1 dir=0 label=0 lowerbound=1 fileNameGp=../graphsdb/mcs90/bvg/b09m/mcs90_b09m_s35.A61 fileNameGt=../graphsdb/mcs90/bvg/b09m/mcs90_b09m_s35.B61
Reading graphs...
35 :  152
35 :  153
Initializing...
maxdom : 35
D->valSize : 1225
Solving...
currentSize : 10 <-- 0.018200 s
currentSize : 11 <-- 0.018310 s
currentSize : 12 <-- 0.018461 s
currentSize : 13 <-- 0.018521 s
currentSize : 14 <-- 0.024196 s
currentSize : 15 <-- 0.031424 s
currentSize : 16 <-- 0.068972 s
currentSize : 17 <-- 19.099276 s
currentSize : 19 <-- 83.474678 s
currentSize : 20 <-- 84.025055 s
currentSize : 21 <-- 87.654434 s
currentSize : 23 <-- 91.274490 s
currentSize : 30 <-- 139.168488 s

maxsize : 30
nodes : 10069931.000000
filtered : 279880614.000000
CCGP filtered : 2622033.000000
CCGT filtered : 3324294.000000
time : 139.626953
