Parameters: GAD=1 vflib=1 dir=0 label=0 lowerbound=1 fileNameGp=../graphsdb/mcs90/rand/r005/mcs90_r005_s25.A96 fileNameGt=../graphsdb/mcs90/rand/r005/mcs90_r005_s25.B96
Reading graphs...
25 :  29
25 :  29
Initializing...
maxdom : 25
D->valSize : 625
Solving...
currentSize : 12 <-- 0.005476 s
currentSize : 13 <-- 0.005685 s
currentSize : 14 <-- 0.006043 s
currentSize : 15 <-- 0.006592 s
currentSize : 16 <-- 0.009237 s
currentSize : 17 <-- 0.009289 s
currentSize : 18 <-- 0.009752 s
currentSize : 19 <-- 0.089329 s
currentSize : 20 <-- 0.094186 s
currentSize : 21 <-- 0.105960 s
currentSize : 22 <-- 0.106068 s

maxsize : 22
nodes : 9031.000000
filtered : 223143.000000
CCGP filtered : 211555.000000
CCGT filtered : 207181.000000
time : 0.126562
