Parameters: GAD=1 vflib=1 dir=0 label=0 lowerbound=1 fileNameGp=../graphsdb/mcs90/bvg/b03m/mcs90_b03m_s35.A50 fileNameGt=../graphsdb/mcs90/bvg/b03m/mcs90_b03m_s35.B50
Reading graphs...
35 :  51
35 :  51
Initializing...
maxdom : 35
D->valSize : 1225
Solving...
currentSize : 14 <-- 0.037567 s
currentSize : 15 <-- 0.037632 s
currentSize : 19 <-- 0.037828 s
currentSize : 20 <-- 0.038065 s
currentSize : 21 <-- 0.064272 s
currentSize : 22 <-- 0.119246 s
currentSize : 23 <-- 0.281870 s
currentSize : 24 <-- 0.319633 s
currentSize : 25 <-- 0.414948 s
currentSize : 26 <-- 35.713089 s
currentSize : 27 <-- 54.163788 s
currentSize : 28 <-- 58.631367 s
currentSize : 29 <-- 76.948013 s
currentSize : 31 <-- 80.661156 s

maxsize : 31
nodes : 2095342.000000
filtered : 76726102.000000
CCGP filtered : 27305604.000000
CCGT filtered : 11298013.000000
time : 81.535233
