Parameters: GAD=1 vflib=1 dir=0 label=0 lowerbound=1 fileNameGp=../graphsdb/mcs90/rand/r02/mcs90_r02_s30.A41 fileNameGt=../graphsdb/mcs90/rand/r02/mcs90_r02_s30.B41
Reading graphs...
30 :  157
30 :  156
Initializing...
maxdom : 30
D->valSize : 900
Solving...
currentSize : 10 <-- 0.016148 s
currentSize : 11 <-- 0.016238 s
currentSize : 12 <-- 0.019017 s
currentSize : 13 <-- 0.019335 s
currentSize : 14 <-- 7.910062 s
currentSize : 15 <-- 17.388475 s
currentSize : 17 <-- 17.417816 s
currentSize : 18 <-- 20.548143 s
currentSize : 19 <-- 20.548868 s
currentSize : 21 <-- 21.444859 s
currentSize : 27 <-- 21.445641 s

maxsize : 27
nodes : 1973197.000000
filtered : 24943158.000000
CCGP filtered : 31634.000000
CCGT filtered : 48316.000000
time : 21.495331
