Parameters: GAD=1 vflib=1 dir=0 label=0 lowerbound=1 fileNameGp=../graphsdb/mcs90/m4D/m4Dr6/mcs90_m4Dr6_s20.A25 fileNameGt=../graphsdb/mcs90/m4D/m4Dr6/mcs90_m4Dr6_s20.B25
Reading graphs...
20 :  48
20 :  47
Initializing...
maxdom : 20
D->valSize : 400
Solving...
currentSize : 6 <-- 0.002122 s
currentSize : 7 <-- 0.002144 s
currentSize : 10 <-- 0.002237 s
currentSize : 11 <-- 0.003773 s
currentSize : 12 <-- 0.005234 s
currentSize : 13 <-- 0.030969 s
currentSize : 14 <-- 0.037261 s
currentSize : 15 <-- 0.075097 s
currentSize : 16 <-- 0.078798 s

maxsize : 16
nodes : 9096.000000
filtered : 205300.000000
CCGP filtered : 25413.000000
CCGT filtered : 22438.000000
time : 0.101401
