Parameters: GAD=1 vflib=1 dir=0 label=0 lowerbound=1 fileNameGp=../graphsdb/mcs90/m2D/m2Dr6/mcs90_m2Dr6_s30.A91 fileNameGt=../graphsdb/mcs90/m2D/m2Dr6/mcs90_m2Dr6_s30.B91
Reading graphs...
30 :  65
30 :  65
Initializing...
maxdom : 30
D->valSize : 900
Solving...
currentSize : 12 <-- 0.010592 s
currentSize : 14 <-- 0.010668 s
currentSize : 15 <-- 0.011629 s
currentSize : 16 <-- 0.013673 s
currentSize : 17 <-- 0.018873 s
currentSize : 18 <-- 0.120344 s
currentSize : 19 <-- 1.289502 s
currentSize : 20 <-- 5.556922 s
currentSize : 21 <-- 7.108307 s
currentSize : 22 <-- 8.093384 s
currentSize : 23 <-- 8.402415 s
currentSize : 26 <-- 8.497631 s

maxsize : 26
nodes : 601623.000000
filtered : 15386329.000000
CCGP filtered : 1216923.000000
CCGT filtered : 785613.000000
time : 8.748240
