Parameters: GAD=1 vflib=1 dir=0 label=0 lowerbound=1 fileNameGp=../graphsdb/mcs90/bvg/b06m/mcs90_b06m_s20.A66 fileNameGt=../graphsdb/mcs90/bvg/b06m/mcs90_b06m_s20.B66
Reading graphs...
20 :  57
20 :  57
Initializing...
maxdom : 20
D->valSize : 400
Solving...
currentSize : 9 <-- 0.002101 s
currentSize : 10 <-- 0.002894 s
currentSize : 11 <-- 0.003879 s
currentSize : 12 <-- 0.009379 s
currentSize : 13 <-- 0.021635 s
currentSize : 14 <-- 0.041506 s
currentSize : 15 <-- 0.041554 s
currentSize : 17 <-- 0.047471 s
currentSize : 18 <-- 0.047535 s

maxsize : 18
nodes : 5494.000000
filtered : 106824.000000
CCGP filtered : 3520.000000
CCGT filtered : 1622.000000
time : 0.052408
