Parameters: GAD=1 vflib=1 dir=0 label=0 lowerbound=1 fileNameGp=../graphsdb/mcs90/rand/r02/mcs90_r02_s35.A49 fileNameGt=../graphsdb/mcs90/rand/r02/mcs90_r02_s35.B49
Reading graphs...
35 :  211
35 :  207
Initializing...
maxdom : 35
D->valSize : 1225
Solving...
currentSize : 9 <-- 0.017229 s
currentSize : 10 <-- 0.017335 s
currentSize : 11 <-- 0.017624 s
currentSize : 12 <-- 0.019155 s
currentSize : 13 <-- 0.024603 s
currentSize : 14 <-- 0.074744 s
currentSize : 15 <-- 25.128780 s
currentSize : 17 <-- 25.129890 s
currentSize : 20 <-- 25.243999 s
currentSize : 21 <-- 38.360966 s
currentSize : 22 <-- 45.067848 s
currentSize : 31 <-- 49.118229 s

maxsize : 31
nodes : 3832752.000000
filtered : 70733184.000000
CCGP filtered : 44883.000000
CCGT filtered : 169876.000000
time : 49.282265
