Parameters: GAD=1 vflib=1 dir=0 label=0 lowerbound=1 fileNameGp=../graphsdb/mcs90/rand/r005/mcs90_r005_s25.A95 fileNameGt=../graphsdb/mcs90/rand/r005/mcs90_r005_s25.B95
Reading graphs...
25 :  29
25 :  29
Initializing...
maxdom : 25
D->valSize : 625
Solving...
currentSize : 13 <-- 0.005519 s
currentSize : 14 <-- 0.005580 s
currentSize : 15 <-- 0.006558 s
currentSize : 16 <-- 0.006694 s
currentSize : 17 <-- 0.008542 s
currentSize : 18 <-- 0.012836 s
currentSize : 19 <-- 0.013067 s
currentSize : 20 <-- 0.098513 s
currentSize : 21 <-- 0.100423 s
currentSize : 22 <-- 0.100731 s

maxsize : 22
nodes : 7192.000000
filtered : 169067.000000
CCGP filtered : 54454.000000
CCGT filtered : 45373.000000
time : 0.187360
