Parameters: GAD=1 vflib=1 dir=0 label=0 lowerbound=1 fileNameGp=../graphsdb/mcs90/bvg/b09/mcs90_b09_s35.A39 fileNameGt=../graphsdb/mcs90/bvg/b09/mcs90_b09_s35.B39
Reading graphs...
35 :  157
35 :  157
Initializing...
maxdom : 35
D->valSize : 1225
Solving...
currentSize : 13 <-- 0.017873 s
currentSize : 14 <-- 0.018125 s
currentSize : 15 <-- 0.018648 s
currentSize : 16 <-- 0.018744 s
currentSize : 17 <-- 0.046903 s
currentSize : 18 <-- 0.047298 s
currentSize : 19 <-- 0.141865 s
currentSize : 22 <-- 0.542417 s
currentSize : 24 <-- 0.652453 s
currentSize : 26 <-- 0.662941 s
currentSize : 27 <-- 1.260008 s
currentSize : 28 <-- 2.001804 s
currentSize : 30 <-- 2.316600 s
currentSize : 31 <-- 2.370325 s

maxsize : 31
nodes : 139162.000000
filtered : 7526668.000000
CCGP filtered : 9172.000000
CCGT filtered : 45906.000000
time : 2.662097
