Parameters: GAD=1 vflib=1 dir=0 label=0 lowerbound=1 fileNameGp=../graphsdb/mcs90/bvg/b09m/mcs90_b09m_s25.A06 fileNameGt=../graphsdb/mcs90/bvg/b09m/mcs90_b09m_s25.B06
Reading graphs...
25 :  110
25 :  110
Initializing...
maxdom : 25
D->valSize : 625
Solving...
currentSize : 9 <-- 0.007950 s
currentSize : 10 <-- 0.008474 s
currentSize : 11 <-- 0.011599 s
currentSize : 12 <-- 0.020869 s
currentSize : 14 <-- 0.135460 s
currentSize : 15 <-- 2.621631 s
currentSize : 17 <-- 3.601832 s
currentSize : 20 <-- 3.709304 s
currentSize : 22 <-- 3.709436 s

maxsize : 22
nodes : 313228.000000
filtered : 5377899.000000
CCGP filtered : 6275.000000
CCGT filtered : 11001.000000
time : 3.729068
