Parameters: GAD=1 vflib=1 dir=0 label=0 lowerbound=1 fileNameGp=../graphsdb/mcs90/bvg/b03/mcs90_b03_s25.A40 fileNameGt=../graphsdb/mcs90/bvg/b03/mcs90_b03_s25.B40
Reading graphs...
25 :  37
25 :  37
Initializing...
maxdom : 25
D->valSize : 625
Solving...
currentSize : 15 <-- 0.005544 s
currentSize : 16 <-- 0.005570 s
currentSize : 17 <-- 0.005675 s
currentSize : 18 <-- 0.005961 s
currentSize : 19 <-- 0.006262 s
currentSize : 20 <-- 0.006506 s
currentSize : 21 <-- 0.009582 s
currentSize : 22 <-- 0.019083 s
currentSize : 23 <-- 0.019849 s

maxsize : 23
nodes : 861.000000
filtered : 40231.000000
CCGP filtered : 676.000000
CCGT filtered : 458.000000
time : 0.053541
