Parameters: GAD=1 vflib=1 dir=0 label=0 lowerbound=1 fileNameGp=../graphsdb/mcs90/bvg/b09m/mcs90_b09m_s25.A01 fileNameGt=../graphsdb/mcs90/bvg/b09m/mcs90_b09m_s25.B01
Reading graphs...
25 :  108
25 :  107
Initializing...
maxdom : 25
D->valSize : 625
Solving...
currentSize : 9 <-- 0.004610 s
currentSize : 10 <-- 0.004818 s
currentSize : 11 <-- 0.004865 s
currentSize : 12 <-- 0.034378 s
currentSize : 13 <-- 0.049948 s
currentSize : 14 <-- 0.071737 s
currentSize : 16 <-- 0.071836 s
currentSize : 19 <-- 0.099955 s
currentSize : 22 <-- 0.100108 s

maxsize : 22
nodes : 11875.000000
filtered : 218215.000000
CCGP filtered : 83.000000
CCGT filtered : 1720.000000
time : 0.125273
