Parameters: GAD=1 vflib=1 dir=0 label=0 lowerbound=1 fileNameGp=../graphsdb/mcs90/m4D/m4D/mcs90_m4D_s20.A41 fileNameGt=../graphsdb/mcs90/m4D/m4D/mcs90_m4D_s20.B41
Reading graphs...
20 :  37
20 :  37
Initializing...
maxdom : 20
D->valSize : 400
Solving...
currentSize : 6 <-- 0.002251 s
currentSize : 9 <-- 0.002281 s
currentSize : 10 <-- 0.002430 s
currentSize : 11 <-- 0.003136 s
currentSize : 12 <-- 0.004444 s
currentSize : 13 <-- 0.004473 s
currentSize : 14 <-- 0.004513 s
currentSize : 16 <-- 0.004588 s
currentSize : 17 <-- 0.004645 s

maxsize : 17
nodes : 1885.000000
filtered : 58836.000000
CCGP filtered : 15034.000000
CCGT filtered : 9077.000000
time : 0.023971
