Parameters: GAD=1 vflib=1 dir=0 label=0 lowerbound=1 fileNameGp=../graphsdb/mcs90/bvg/b03m/mcs90_b03m_s30.A72 fileNameGt=../graphsdb/mcs90/bvg/b03m/mcs90_b03m_s30.B72
Reading graphs...
30 :  45
30 :  45
Initializing...
maxdom : 30
D->valSize : 900
Solving...
currentSize : 17 <-- 0.011048 s
currentSize : 18 <-- 0.011335 s
currentSize : 19 <-- 0.012667 s
currentSize : 20 <-- 0.015790 s
currentSize : 21 <-- 0.015862 s
currentSize : 22 <-- 0.033622 s
currentSize : 23 <-- 0.732022 s
currentSize : 24 <-- 1.084461 s
currentSize : 26 <-- 1.084478 s

maxsize : 26
nodes : 48548.000000
filtered : 1620472.000000
CCGP filtered : 784689.000000
CCGT filtered : 420794.000000
time : 1.402853
