Parameters: GAD=1 vflib=1 dir=0 label=0 lowerbound=1 fileNameGp=../graphsdb/mcs90/bvg/b09/mcs90_b09_s35.A19 fileNameGt=../graphsdb/mcs90/bvg/b09/mcs90_b09_s35.B19
Reading graphs...
35 :  156
35 :  157
Initializing...
maxdom : 35
D->valSize : 1225
Solving...
currentSize : 15 <-- 0.018117 s
currentSize : 16 <-- 0.019092 s
currentSize : 18 <-- 0.020361 s
currentSize : 20 <-- 0.021706 s
currentSize : 21 <-- 0.038699 s
currentSize : 22 <-- 0.064484 s
currentSize : 24 <-- 0.064636 s
currentSize : 25 <-- 0.075987 s
currentSize : 28 <-- 0.105259 s
currentSize : 29 <-- 0.376214 s
currentSize : 30 <-- 0.437637 s

maxsize : 30
nodes : 49545.000000
filtered : 3456036.000000
CCGP filtered : 4498.000000
CCGT filtered : 871.000000
time : 1.253991
