Parameters: GAD=1 vflib=1 dir=0 label=0 lowerbound=1 fileNameGp=../graphsdb/mcs90/rand/r005/mcs90_r005_s35.A58 fileNameGt=../graphsdb/mcs90/rand/r005/mcs90_r005_s35.B58
Reading graphs...
35 :  58
35 :  58
Initializing...
maxdom : 35
D->valSize : 1225
Solving...
currentSize : 17 <-- 0.020829 s
currentSize : 19 <-- 0.020893 s
currentSize : 20 <-- 0.022263 s
currentSize : 21 <-- 0.051319 s
currentSize : 22 <-- 0.255969 s
currentSize : 23 <-- 2.515419 s
currentSize : 24 <-- 7.709294 s
currentSize : 25 <-- 7.709364 s
currentSize : 26 <-- 7.715911 s
currentSize : 28 <-- 7.716025 s
currentSize : 29 <-- 9.475190 s
currentSize : 31 <-- 9.475268 s

maxsize : 31
nodes : 542555.000000
filtered : 14545234.000000
CCGP filtered : 5991791.000000
CCGT filtered : 3618990.000000
time : 9.946276
