Parameters: GAD=1 vflib=1 dir=0 label=0 lowerbound=1 fileNameGp=../graphsdb/mcs90/bvg/b09/mcs90_b09_s30.A74 fileNameGt=../graphsdb/mcs90/bvg/b09/mcs90_b09_s30.B74
Reading graphs...
30 :  135
30 :  135
Initializing...
maxdom : 30
D->valSize : 900
Solving...
currentSize : 12 <-- 0.009411 s
currentSize : 13 <-- 0.009601 s
currentSize : 14 <-- 0.009690 s
currentSize : 15 <-- 0.009899 s
currentSize : 16 <-- 0.012742 s
currentSize : 18 <-- 0.028727 s
currentSize : 19 <-- 0.030226 s
currentSize : 20 <-- 0.038039 s
currentSize : 22 <-- 0.084672 s
currentSize : 24 <-- 0.106600 s
currentSize : 26 <-- 0.106791 s

maxsize : 26
nodes : 22349.000000
filtered : 1238153.000000
CCGP filtered : 624.000000
CCGT filtered : 1259.000000
time : 0.429095
