Parameters: GAD=1 vflib=1 dir=0 label=0 lowerbound=1 fileNameGp=../graphsdb/mcs90/bvg/b09m/mcs90_b09m_s35.A65 fileNameGt=../graphsdb/mcs90/bvg/b09m/mcs90_b09m_s35.B65
Reading graphs...
35 :  152
35 :  152
Initializing...
maxdom : 35
D->valSize : 1225
Solving...
currentSize : 11 <-- 0.018987 s
currentSize : 12 <-- 0.019491 s
currentSize : 13 <-- 0.019705 s
currentSize : 14 <-- 0.022843 s
currentSize : 15 <-- 0.024399 s
currentSize : 16 <-- 0.104622 s
currentSize : 17 <-- 3.445193 s
currentSize : 18 <-- 93.746193 s
currentSize : 20 <-- 151.498856 s
currentSize : 21 <-- 156.409531 s
currentSize : 24 <-- 156.410797 s
currentSize : 30 <-- 163.581711 s

maxsize : 30
nodes : 12547030.000000
filtered : 259444128.000000
CCGP filtered : 3699278.000000
CCGT filtered : 4932975.000000
time : 164.189423
