Parameters: GAD=1 vflib=1 dir=0 label=0 lowerbound=1 fileNameGp=../graphsdb/mcs90/rand/r01/mcs90_r01_s30.A13 fileNameGt=../graphsdb/mcs90/rand/r01/mcs90_r01_s30.B13
Reading graphs...
30 :  81
30 :  81
Initializing...
maxdom : 30
D->valSize : 900
Solving...
currentSize : 13 <-- 0.010284 s
currentSize : 14 <-- 0.010565 s
currentSize : 15 <-- 0.016162 s
currentSize : 16 <-- 0.043939 s
currentSize : 17 <-- 0.254753 s
currentSize : 18 <-- 2.759123 s
currentSize : 19 <-- 11.003888 s
currentSize : 20 <-- 11.010835 s
currentSize : 21 <-- 12.054185 s
currentSize : 22 <-- 12.453201 s
currentSize : 27 <-- 12.453413 s

maxsize : 27
nodes : 982434.000000
filtered : 22198172.000000
CCGP filtered : 846191.000000
CCGT filtered : 824547.000000
time : 12.508292
