Parameters: GAD=1 vflib=1 dir=0 label=0 lowerbound=1 fileNameGp=../graphsdb/mcs90/rand/r02/mcs90_r02_s25.A65 fileNameGt=../graphsdb/mcs90/rand/r02/mcs90_r02_s25.B65
Reading graphs...
25 :  105
25 :  106
Initializing...
maxdom : 25
D->valSize : 625
Solving...
currentSize : 9 <-- 0.004813 s
currentSize : 10 <-- 0.005391 s
currentSize : 11 <-- 0.006916 s
currentSize : 12 <-- 0.031017 s
currentSize : 13 <-- 0.435531 s
currentSize : 14 <-- 3.041264 s
currentSize : 15 <-- 3.443114 s
currentSize : 19 <-- 3.494187 s
currentSize : 22 <-- 3.494462 s

maxsize : 22
nodes : 360019.000000
filtered : 4490631.000000
CCGP filtered : 11154.000000
CCGT filtered : 56095.000000
time : 3.504577
