Parameters: GAD=1 vflib=1 dir=0 label=0 lowerbound=1 fileNameGp=../graphsdb/mcs90/m4D/m4D/mcs90_m4D_s20.A06 fileNameGt=../graphsdb/mcs90/m4D/m4D/mcs90_m4D_s20.B06
Reading graphs...
20 :  37
20 :  37
Initializing...
maxdom : 20
D->valSize : 400
Solving...
currentSize : 7 <-- 0.002127 s
currentSize : 9 <-- 0.002154 s
currentSize : 10 <-- 0.002217 s
currentSize : 11 <-- 0.002423 s
currentSize : 12 <-- 0.013043 s
currentSize : 13 <-- 0.019471 s
currentSize : 14 <-- 0.020207 s
currentSize : 15 <-- 0.038988 s
currentSize : 16 <-- 0.039027 s

maxsize : 16
nodes : 6327.000000
filtered : 121070.000000
CCGP filtered : 28358.000000
CCGT filtered : 27982.000000
time : 0.053508
