Parameters: GAD=1 vflib=1 dir=0 label=0 lowerbound=1 fileNameGp=../graphsdb/mcs90/m2D/m2Dr4/mcs90_m2Dr4_s30.A63 fileNameGt=../graphsdb/mcs90/m2D/m2Dr4/mcs90_m2Dr4_s30.B63
Reading graphs...
30 :  61
30 :  61
Initializing...
maxdom : 30
D->valSize : 900
Solving...
currentSize : 12 <-- 0.010975 s
currentSize : 13 <-- 0.011032 s
currentSize : 14 <-- 0.011103 s
currentSize : 15 <-- 0.011481 s
currentSize : 16 <-- 0.012740 s
currentSize : 18 <-- 0.013707 s
currentSize : 19 <-- 0.432599 s
currentSize : 20 <-- 5.882261 s
currentSize : 22 <-- 8.834843 s
currentSize : 25 <-- 8.835143 s

maxsize : 25
nodes : 692028.000000
filtered : 16513741.000000
CCGP filtered : 926355.000000
CCGT filtered : 1197949.000000
time : 9.970219
