Parameters: GAD=1 vflib=1 dir=0 label=0 lowerbound=1 fileNameGp=../graphsdb/mcs90/rand/r01/mcs90_r01_s25.A73 fileNameGt=../graphsdb/mcs90/rand/r01/mcs90_r01_s25.B73
Reading graphs...
25 :  55
25 :  56
Initializing...
maxdom : 25
D->valSize : 625
Solving...
currentSize : 11 <-- 0.008978 s
currentSize : 12 <-- 0.009181 s
currentSize : 13 <-- 0.009529 s
currentSize : 14 <-- 0.010476 s
currentSize : 15 <-- 0.018865 s
currentSize : 16 <-- 1.367002 s
currentSize : 17 <-- 1.868889 s
currentSize : 19 <-- 1.918549 s
currentSize : 22 <-- 2.015708 s

maxsize : 22
nodes : 160825.000000
filtered : 2946104.000000
CCGP filtered : 353185.000000
CCGT filtered : 187375.000000
time : 2.056194
