Parameters: GAD=1 vflib=1 dir=0 label=0 lowerbound=1 fileNameGp=../graphsdb/mcs90/rand/r005/mcs90_r005_s30.A12 fileNameGt=../graphsdb/mcs90/rand/r005/mcs90_r005_s30.B12
Reading graphs...
30 :  42
30 :  42
Initializing...
maxdom : 30
D->valSize : 900
Solving...
currentSize : 14 <-- 0.019695 s
currentSize : 15 <-- 0.019763 s
currentSize : 16 <-- 0.020639 s
currentSize : 17 <-- 0.021025 s
currentSize : 18 <-- 0.023532 s
currentSize : 19 <-- 0.031901 s
currentSize : 20 <-- 0.085039 s
currentSize : 21 <-- 0.109945 s
currentSize : 22 <-- 0.583510 s
currentSize : 23 <-- 1.182311 s
currentSize : 24 <-- 1.935295 s
currentSize : 26 <-- 1.948000 s
currentSize : 27 <-- 1.953232 s

maxsize : 27
nodes : 124974.000000
filtered : 3870304.000000
CCGP filtered : 1571935.000000
CCGT filtered : 1399358.000000
time : 2.000166
