Parameters: GAD=1 vflib=1 dir=0 label=0 lowerbound=1 fileNameGp=../graphsdb/mcs90/rand/r01/mcs90_r01_s35.A39 fileNameGt=../graphsdb/mcs90/rand/r01/mcs90_r01_s35.B39
Reading graphs...
35 :  115
35 :  114
Initializing...
maxdom : 35
D->valSize : 1225
Solving...
currentSize : 13 <-- 0.019001 s
currentSize : 14 <-- 0.019085 s
currentSize : 15 <-- 0.022456 s
currentSize : 16 <-- 0.026518 s
currentSize : 17 <-- 0.056281 s
currentSize : 18 <-- 0.425869 s
currentSize : 19 <-- 1.267041 s
currentSize : 20 <-- 3.958495 s
currentSize : 21 <-- 48.340118 s
currentSize : 22 <-- 48.357311 s
currentSize : 23 <-- 53.833057 s
currentSize : 24 <-- 54.961712 s
currentSize : 27 <-- 55.339809 s
currentSize : 31 <-- 55.342751 s

maxsize : 31
nodes : 4027664.000000
filtered : 111855312.000000
CCGP filtered : 2226246.000000
CCGT filtered : 3837191.000000
time : 55.633953
