Parameters: GAD=1 vflib=1 dir=0 label=0 lowerbound=1 fileNameGp=../graphsdb/mcs90/bvg/b09m/mcs90_b09m_s25.A70 fileNameGt=../graphsdb/mcs90/bvg/b09m/mcs90_b09m_s25.B70
Reading graphs...
25 :  106
25 :  106
Initializing...
maxdom : 25
D->valSize : 625
Solving...
currentSize : 9 <-- 0.004501 s
currentSize : 10 <-- 0.004553 s
currentSize : 11 <-- 0.004698 s
currentSize : 12 <-- 0.022493 s
currentSize : 13 <-- 0.029511 s
currentSize : 14 <-- 1.537376 s
currentSize : 15 <-- 2.747108 s
currentSize : 17 <-- 2.749140 s
currentSize : 22 <-- 2.753285 s

maxsize : 22
nodes : 286474.000000
filtered : 4702180.000000
CCGP filtered : 53666.000000
CCGT filtered : 38609.000000
time : 2.794608
