Parameters: GAD=1 vflib=1 dir=0 label=0 lowerbound=1 fileNameGp=../graphsdb/mcs90/bvg/b06/mcs90_b06_s30.A05 fileNameGt=../graphsdb/mcs90/bvg/b06/mcs90_b06_s30.B05
Reading graphs...
30 :  90
30 :  89
Initializing...
maxdom : 30
D->valSize : 900
Solving...
currentSize : 19 <-- 0.017898 s
currentSize : 20 <-- 0.021152 s
currentSize : 21 <-- 0.024247 s
currentSize : 22 <-- 0.045816 s
currentSize : 23 <-- 0.047447 s
currentSize : 24 <-- 0.047710 s
currentSize : 25 <-- 0.048782 s
currentSize : 26 <-- 0.049041 s
currentSize : 27 <-- 0.094976 s

maxsize : 27
nodes : 5121.000000
filtered : 187893.000000
CCGP filtered : 2170.000000
CCGT filtered : 143.000000
time : 0.182197
