Parameters: GAD=1 vflib=1 dir=0 label=0 lowerbound=1 fileNameGp=../graphsdb/mcs90/bvg/b06m/mcs90_b06m_s30.A58 fileNameGt=../graphsdb/mcs90/bvg/b06m/mcs90_b06m_s30.B58
Reading graphs...
30 :  86
30 :  88
Initializing...
maxdom : 30
D->valSize : 900
Solving...
currentSize : 11 <-- 0.017724 s
currentSize : 12 <-- 0.018606 s
currentSize : 13 <-- 0.018973 s
currentSize : 14 <-- 0.019065 s
currentSize : 15 <-- 0.024707 s
currentSize : 16 <-- 0.041741 s
currentSize : 17 <-- 0.372110 s
currentSize : 19 <-- 11.737738 s
currentSize : 20 <-- 13.763287 s
currentSize : 22 <-- 13.775886 s
currentSize : 27 <-- 14.493440 s

maxsize : 27
nodes : 1127521.000000
filtered : 28821207.000000
CCGP filtered : 3696840.000000
CCGT filtered : 1911508.000000
time : 14.584255
