Parameters: GAD=1 vflib=1 dir=0 label=0 lowerbound=1 fileNameGp=../graphsdb/mcs90/bvg/b09/mcs90_b09_s30.A51 fileNameGt=../graphsdb/mcs90/bvg/b09/mcs90_b09_s30.B51
Reading graphs...
30 :  134
30 :  134
Initializing...
maxdom : 30
D->valSize : 900
Solving...
currentSize : 9 <-- 0.009478 s
currentSize : 10 <-- 0.009584 s
currentSize : 11 <-- 0.009759 s
currentSize : 12 <-- 0.010833 s
currentSize : 13 <-- 0.014364 s
currentSize : 14 <-- 0.064638 s
currentSize : 15 <-- 0.116722 s
currentSize : 16 <-- 1.866262 s
currentSize : 17 <-- 2.167831 s
currentSize : 18 <-- 2.168311 s
currentSize : 19 <-- 2.174552 s
currentSize : 20 <-- 2.174652 s
currentSize : 21 <-- 2.177390 s
currentSize : 22 <-- 2.177624 s
currentSize : 26 <-- 2.192399 s

maxsize : 26
nodes : 221328.000000
filtered : 3802021.000000
CCGP filtered : 39594.000000
CCGT filtered : 22126.000000
time : 2.518932
