Parameters: GAD=1 vflib=1 dir=0 label=0 lowerbound=1 fileNameGp=../graphsdb/mcs90/rand/r005/mcs90_r005_s30.A61 fileNameGt=../graphsdb/mcs90/rand/r005/mcs90_r005_s30.B61
Reading graphs...
30 :  42
30 :  42
Initializing...
maxdom : 30
D->valSize : 900
Solving...
currentSize : 14 <-- 0.011149 s
currentSize : 15 <-- 0.011267 s
currentSize : 16 <-- 0.011603 s
currentSize : 17 <-- 0.021281 s
currentSize : 18 <-- 0.024126 s
currentSize : 19 <-- 0.024141 s
currentSize : 20 <-- 0.142537 s
currentSize : 21 <-- 0.495898 s
currentSize : 22 <-- 0.550699 s
currentSize : 23 <-- 1.268433 s
currentSize : 24 <-- 1.269330 s
currentSize : 26 <-- 1.748082 s
currentSize : 27 <-- 2.029102 s

maxsize : 27
nodes : 76593.000000
filtered : 2062638.000000
CCGP filtered : 1232338.000000
CCGT filtered : 692653.000000
time : 2.053144
