Parameters: GAD=1 vflib=1 dir=0 label=0 lowerbound=1 fileNameGp=../graphsdb/mcs90/m3D/m3Dr2/mcs90_m3Dr2_s30.A59 fileNameGt=../graphsdb/mcs90/m3D/m3Dr2/mcs90_m3Dr2_s30.B59
Reading graphs...
30 :  66
30 :  66
Initializing...
maxdom : 30
D->valSize : 900
Solving...
currentSize : 15 <-- 0.010999 s
currentSize : 16 <-- 0.017028 s
currentSize : 17 <-- 0.033300 s
currentSize : 18 <-- 0.051265 s
currentSize : 19 <-- 0.072584 s
currentSize : 20 <-- 0.073001 s
currentSize : 21 <-- 0.107829 s
currentSize : 22 <-- 0.141179 s
currentSize : 24 <-- 0.174460 s
currentSize : 25 <-- 0.269279 s
currentSize : 27 <-- 0.269426 s

maxsize : 27
nodes : 27081.000000
filtered : 588708.000000
CCGP filtered : 14060.000000
CCGT filtered : 2359.000000
time : 0.338205
