Parameters: GAD=1 vflib=1 dir=0 label=0 lowerbound=1 fileNameGp=../graphsdb/mcs90/bvg/b03m/mcs90_b03m_s25.A31 fileNameGt=../graphsdb/mcs90/bvg/b03m/mcs90_b03m_s25.B31
Reading graphs...
25 :  37
25 :  37
Initializing...
maxdom : 25
D->valSize : 625
Solving...
currentSize : 9 <-- 0.005622 s
currentSize : 10 <-- 0.005699 s
currentSize : 12 <-- 0.005716 s
currentSize : 13 <-- 0.005863 s
currentSize : 14 <-- 0.006379 s
currentSize : 15 <-- 0.006392 s
currentSize : 16 <-- 0.010842 s
currentSize : 17 <-- 0.015855 s
currentSize : 19 <-- 0.027600 s
currentSize : 20 <-- 0.117293 s
currentSize : 22 <-- 0.126766 s

maxsize : 22
nodes : 6321.000000
filtered : 182902.000000
CCGP filtered : 91517.000000
CCGT filtered : 78417.000000
time : 0.174088
