Parameters: GAD=1 vflib=1 dir=0 label=0 lowerbound=1 fileNameGp=../graphsdb/mcs90/rand/r005/mcs90_r005_s25.A70 fileNameGt=../graphsdb/mcs90/rand/r005/mcs90_r005_s25.B70
Reading graphs...
25 :  29
25 :  29
Initializing...
maxdom : 25
D->valSize : 625
Solving...
currentSize : 7 <-- 0.005513 s
currentSize : 11 <-- 0.005601 s
currentSize : 12 <-- 0.005710 s
currentSize : 13 <-- 0.006581 s
currentSize : 16 <-- 0.008576 s
currentSize : 17 <-- 0.015310 s
currentSize : 18 <-- 0.015339 s
currentSize : 19 <-- 0.015712 s
currentSize : 20 <-- 0.027403 s
currentSize : 21 <-- 0.027758 s
currentSize : 22 <-- 0.027798 s

maxsize : 22
nodes : 2760.000000
filtered : 74147.000000
CCGP filtered : 80900.000000
CCGT filtered : 50577.000000
time : 0.043163
