Parameters: GAD=1 vflib=1 dir=0 label=0 lowerbound=1 fileNameGp=../graphsdb/mcs90/rand/r005/mcs90_r005_s25.A47 fileNameGt=../graphsdb/mcs90/rand/r005/mcs90_r005_s25.B47
Reading graphs...
25 :  29
25 :  29
Initializing...
maxdom : 25
D->valSize : 625
Solving...
currentSize : 10 <-- 0.005402 s
currentSize : 12 <-- 0.005564 s
currentSize : 13 <-- 0.005952 s
currentSize : 17 <-- 0.006130 s
currentSize : 18 <-- 0.006456 s
currentSize : 19 <-- 0.017938 s
currentSize : 20 <-- 0.017993 s
currentSize : 21 <-- 0.018176 s
currentSize : 22 <-- 0.018567 s

maxsize : 22
nodes : 1848.000000
filtered : 69110.000000
CCGP filtered : 77585.000000
CCGT filtered : 36632.000000
time : 0.040099
