Parameters: GAD=1 vflib=1 dir=0 label=0 lowerbound=1 fileNameGp=../graphsdb/mcs90/bvg/b09/mcs90_b09_s30.A01 fileNameGt=../graphsdb/mcs90/bvg/b09/mcs90_b09_s30.B01
Reading graphs...
30 :  134
30 :  134
Initializing...
maxdom : 30
D->valSize : 900
Solving...
currentSize : 10 <-- 0.016570 s
currentSize : 11 <-- 0.017203 s
currentSize : 12 <-- 0.017387 s
currentSize : 15 <-- 0.027869 s
currentSize : 16 <-- 0.625747 s
currentSize : 18 <-- 0.627943 s
currentSize : 19 <-- 0.628835 s
currentSize : 20 <-- 0.629023 s
currentSize : 22 <-- 0.633968 s
currentSize : 26 <-- 0.637704 s

maxsize : 26
nodes : 73029.000000
filtered : 1728726.000000
CCGP filtered : 4100.000000
CCGT filtered : 21803.000000
time : 0.970053
