Parameters: GAD=1 vflib=1 dir=0 label=0 lowerbound=1 fileNameGp=../graphsdb/mcs90/m3D/m3Dr6/mcs90_m3Dr6_s30.A01 fileNameGt=../graphsdb/mcs90/m3D/m3Dr6/mcs90_m3Dr6_s30.B01
Reading graphs...
30 :  78
30 :  77
Initializing...
maxdom : 30
D->valSize : 900
Solving...
currentSize : 14 <-- 0.010319 s
currentSize : 15 <-- 0.010346 s
currentSize : 16 <-- 0.027493 s
currentSize : 17 <-- 0.063082 s
currentSize : 18 <-- 1.268120 s
currentSize : 19 <-- 1.653752 s
currentSize : 21 <-- 1.695641 s
currentSize : 23 <-- 8.188163 s
currentSize : 25 <-- 8.232501 s
currentSize : 27 <-- 8.374002 s

maxsize : 27
nodes : 631319.000000
filtered : 18671667.000000
CCGP filtered : 300540.000000
CCGT filtered : 272415.000000
time : 8.417115
