Parameters: GAD=1 vflib=1 dir=0 label=0 lowerbound=1 fileNameGp=../graphsdb/mcs90/m2D/m2D/mcs90_m2D_s30.A54 fileNameGt=../graphsdb/mcs90/m2D/m2D/mcs90_m2D_s30.B54
Reading graphs...
30 :  49
30 :  49
Initializing...
maxdom : 30
D->valSize : 900
Solving...
currentSize : 10 <-- 0.019530 s
currentSize : 11 <-- 0.019594 s
currentSize : 17 <-- 0.019904 s
currentSize : 18 <-- 0.020656 s
currentSize : 19 <-- 0.021442 s
currentSize : 20 <-- 0.022184 s
currentSize : 21 <-- 0.022612 s
currentSize : 22 <-- 0.031410 s
currentSize : 23 <-- 0.140566 s
currentSize : 25 <-- 1.283581 s

maxsize : 25
nodes : 81607.000000
filtered : 3166199.000000
CCGP filtered : 1051379.000000
CCGT filtered : 198620.000000
time : 2.165748
