Parameters: GAD=1 vflib=1 dir=0 label=0 lowerbound=1 fileNameGp=../graphsdb/mcs90/rand/r01/mcs90_r01_s30.A45 fileNameGt=../graphsdb/mcs90/rand/r01/mcs90_r01_s30.B45
Reading graphs...
30 :  81
30 :  80
Initializing...
maxdom : 30
D->valSize : 900
Solving...
currentSize : 12 <-- 0.010501 s
currentSize : 13 <-- 0.010534 s
currentSize : 14 <-- 0.010893 s
currentSize : 15 <-- 0.011318 s
currentSize : 16 <-- 0.033205 s
currentSize : 17 <-- 0.127709 s
currentSize : 18 <-- 0.788715 s
currentSize : 20 <-- 0.966247 s
currentSize : 21 <-- 0.967500 s
currentSize : 22 <-- 3.857348 s
currentSize : 23 <-- 3.878972 s
currentSize : 24 <-- 3.879286 s
currentSize : 27 <-- 3.973064 s

maxsize : 27
nodes : 277662.000000
filtered : 9013165.000000
CCGP filtered : 229846.000000
CCGT filtered : 186811.000000
time : 4.017843
