Parameters: GAD=1 vflib=1 dir=0 label=0 lowerbound=1 fileNameGp=../graphsdb/mcs90/bvg/b06m/mcs90_b06m_s35.A87 fileNameGt=../graphsdb/mcs90/bvg/b06m/mcs90_b06m_s35.B87
Reading graphs...
35 :  105
35 :  105
Initializing...
maxdom : 35
D->valSize : 1225
Solving...
currentSize : 17 <-- 0.033915 s
currentSize : 18 <-- 0.034733 s
currentSize : 19 <-- 0.035895 s
currentSize : 20 <-- 0.178687 s
currentSize : 21 <-- 0.180423 s
currentSize : 22 <-- 0.180654 s
currentSize : 24 <-- 0.212625 s
currentSize : 27 <-- 0.231128 s
currentSize : 31 <-- 0.247974 s

maxsize : 31
nodes : 19565.000000
filtered : 779439.000000
CCGP filtered : 10837.000000
CCGT filtered : 16920.000000
time : 0.550333
