Parameters: GAD=1 vflib=1 dir=0 label=0 lowerbound=1 fileNameGp=../graphsdb/mcs90/rand/r02/mcs90_r02_s35.A26 fileNameGt=../graphsdb/mcs90/rand/r02/mcs90_r02_s35.B26
Reading graphs...
35 :  212
35 :  215
Initializing...
maxdom : 35
D->valSize : 1225
Solving...
currentSize : 10 <-- 0.023029 s
currentSize : 11 <-- 0.025543 s
currentSize : 12 <-- 0.041441 s
currentSize : 13 <-- 0.051383 s
currentSize : 14 <-- 0.319495 s
currentSize : 15 <-- 12.730894 s
currentSize : 19 <-- 157.538269 s
currentSize : 22 <-- 157.703094 s
currentSize : 26 <-- 157.791092 s
currentSize : 31 <-- 157.791473 s

maxsize : 31
nodes : 12690404.000000
filtered : 150081990.000000
CCGP filtered : 223000.000000
CCGT filtered : 758482.000000
time : 158.094147
