Parameters: GAD=1 vflib=1 dir=0 label=0 lowerbound=1 fileNameGp=../graphsdb/mcs90/rand/r02/mcs90_r02_s35.A46 fileNameGt=../graphsdb/mcs90/rand/r02/mcs90_r02_s35.B46
Reading graphs...
35 :  216
35 :  218
Initializing...
maxdom : 35
D->valSize : 1225
Solving...
currentSize : 11 <-- 0.017904 s
currentSize : 12 <-- 0.017973 s
currentSize : 13 <-- 0.020689 s
currentSize : 14 <-- 1.423967 s
currentSize : 15 <-- 39.421329 s
currentSize : 16 <-- 137.089203 s
currentSize : 17 <-- 144.468399 s
currentSize : 21 <-- 149.308929 s
currentSize : 22 <-- 170.479996 s
currentSize : 31 <-- 188.455414 s

maxsize : 31
nodes : 14772507.000000
filtered : 263789947.000000
CCGP filtered : 290657.000000
CCGT filtered : 552709.000000
time : 188.550858
