Parameters: GAD=1 vflib=1 dir=0 label=0 lowerbound=1 fileNameGp=../graphsdb/mcs90/rand/r01/mcs90_r01_s35.A08 fileNameGt=../graphsdb/mcs90/rand/r01/mcs90_r01_s35.B08
Reading graphs...
35 :  114
35 :  115
Initializing...
maxdom : 35
D->valSize : 1225
Solving...
currentSize : 15 <-- 0.018960 s
currentSize : 16 <-- 0.019227 s
currentSize : 17 <-- 0.046645 s
currentSize : 18 <-- 3.940059 s
currentSize : 19 <-- 65.746773 s
currentSize : 21 <-- 81.431412 s
currentSize : 23 <-- 92.444466 s
currentSize : 24 <-- 93.696136 s
currentSize : 26 <-- 93.757240 s
currentSize : 31 <-- 95.016891 s

maxsize : 31
nodes : 7342327.000000
filtered : 152743007.000000
CCGP filtered : 5211771.000000
CCGT filtered : 5996305.000000
time : 95.245827
