Parameters: GAD=1 vflib=1 dir=0 label=0 lowerbound=1 fileNameGp=../graphsdb/mcs90/rand/r005/mcs90_r005_s30.A76 fileNameGt=../graphsdb/mcs90/rand/r005/mcs90_r005_s30.B76
Reading graphs...
30 :  42
30 :  42
Initializing...
maxdom : 30
D->valSize : 900
Solving...
currentSize : 13 <-- 0.019509 s
currentSize : 14 <-- 0.020126 s
currentSize : 16 <-- 0.023594 s
currentSize : 17 <-- 0.052857 s
currentSize : 18 <-- 0.159809 s
currentSize : 19 <-- 0.313324 s
currentSize : 20 <-- 0.818816 s
currentSize : 21 <-- 0.951117 s
currentSize : 22 <-- 1.127944 s
currentSize : 24 <-- 1.128739 s
currentSize : 25 <-- 1.160878 s
currentSize : 26 <-- 1.161212 s
currentSize : 27 <-- 1.161278 s

maxsize : 27
nodes : 90382.000000
filtered : 1819679.000000
CCGP filtered : 1006828.000000
CCGT filtered : 646561.000000
time : 1.269957
