Parameters: GAD=1 vflib=1 dir=0 label=0 lowerbound=1 fileNameGp=../graphsdb/mcs90/rand/r01/mcs90_r01_s35.A25 fileNameGt=../graphsdb/mcs90/rand/r01/mcs90_r01_s35.B25
Reading graphs...
35 :  114
35 :  113
Initializing...
maxdom : 35
D->valSize : 1225
Solving...
currentSize : 14 <-- 0.024274 s
currentSize : 15 <-- 0.024931 s
currentSize : 16 <-- 0.025120 s
currentSize : 17 <-- 0.025419 s
currentSize : 18 <-- 0.058820 s
currentSize : 19 <-- 0.183030 s
currentSize : 22 <-- 20.692495 s
currentSize : 24 <-- 22.172152 s
currentSize : 26 <-- 27.743216 s
currentSize : 27 <-- 27.813225 s
currentSize : 31 <-- 27.912630 s

maxsize : 31
nodes : 2070717.000000
filtered : 55363530.000000
CCGP filtered : 1578739.000000
CCGT filtered : 1172156.000000
time : 28.109161
