Parameters: GAD=1 vflib=1 dir=0 label=0 lowerbound=1 fileNameGp=../graphsdb/mcs90/bvg/b09m/mcs90_b09m_s35.A75 fileNameGt=../graphsdb/mcs90/bvg/b09m/mcs90_b09m_s35.B75
Reading graphs...
35 :  151
35 :  152
Initializing...
maxdom : 35
D->valSize : 1225
Solving...
currentSize : 12 <-- 0.023087 s
currentSize : 13 <-- 0.023287 s
currentSize : 14 <-- 0.040715 s
currentSize : 15 <-- 0.099114 s
currentSize : 16 <-- 1.228294 s
currentSize : 17 <-- 55.029621 s
currentSize : 18 <-- 87.151093 s
currentSize : 19 <-- 120.478615 s
currentSize : 21 <-- 215.857910 s
currentSize : 30 <-- 215.899857 s

maxsize : 30
nodes : 16747124.000000
filtered : 356061602.000000
CCGP filtered : 4910157.000000
CCGT filtered : 10202160.000000
time : 216.787430
