Parameters: GAD=1 vflib=1 dir=0 label=0 lowerbound=1 fileNameGp=../graphsdb/mcs90/bvg/b06/mcs90_b06_s30.A86 fileNameGt=../graphsdb/mcs90/bvg/b06/mcs90_b06_s30.B86
Reading graphs...
30 :  90
30 :  90
Initializing...
maxdom : 30
D->valSize : 900
Solving...
currentSize : 15 <-- 0.010077 s
currentSize : 16 <-- 0.010352 s
currentSize : 17 <-- 0.012088 s
currentSize : 18 <-- 0.014028 s
currentSize : 19 <-- 0.014652 s
currentSize : 20 <-- 0.014855 s
currentSize : 21 <-- 0.015754 s
currentSize : 22 <-- 0.015961 s
currentSize : 23 <-- 0.016216 s
currentSize : 24 <-- 0.018133 s
currentSize : 25 <-- 0.018313 s
currentSize : 27 <-- 0.025610 s

maxsize : 27
nodes : 5621.000000
filtered : 286481.000000
CCGP filtered : 307.000000
CCGT filtered : 51.000000
time : 0.227587
