Parameters: GAD=1 vflib=1 dir=0 label=0 lowerbound=1 fileNameGp=../graphsdb/mcs90/m2D/m2D/mcs90_m2D_s30.A23 fileNameGt=../graphsdb/mcs90/m2D/m2D/mcs90_m2D_s30.B23
Reading graphs...
30 :  49
30 :  48
Initializing...
maxdom : 30
D->valSize : 900
Solving...
currentSize : 15 <-- 0.019284 s
currentSize : 16 <-- 0.019401 s
currentSize : 17 <-- 0.019502 s
currentSize : 19 <-- 0.019767 s
currentSize : 20 <-- 0.021669 s
currentSize : 21 <-- 0.026421 s
currentSize : 22 <-- 0.792002 s
currentSize : 23 <-- 0.817667 s
currentSize : 25 <-- 4.288151 s

maxsize : 25
nodes : 199735.000000
filtered : 7351762.000000
CCGP filtered : 929550.000000
CCGT filtered : 454953.000000
time : 5.600077
