Parameters: GAD=1 vflib=1 dir=0 label=0 lowerbound=1 fileNameGp=../graphsdb/mcs90/bvg/b09m/mcs90_b09m_s35.A37 fileNameGt=../graphsdb/mcs90/bvg/b09m/mcs90_b09m_s35.B37
Reading graphs...
35 :  149
35 :  148
Initializing...
maxdom : 35
D->valSize : 1225
Solving...
currentSize : 14 <-- 0.019268 s
currentSize : 15 <-- 0.054053 s
currentSize : 16 <-- 0.566065 s
currentSize : 17 <-- 1.361558 s
currentSize : 18 <-- 564.287109 s
currentSize : 19 <-- 607.478271 s
currentSize : 20 <-- 607.481201 s
currentSize : 22 <-- 650.723877 s
currentSize : 23 <-- 669.993835 s
currentSize : 24 <-- 672.977661 s
currentSize : 30 <-- 679.078552 s

maxsize : 30
nodes : 53138096.000000
filtered : 1134738161.000000
CCGP filtered : 17995327.000000
CCGT filtered : 20026326.000000
time : 679.627869
