Parameters: GAD=1 vflib=1 dir=0 label=0 lowerbound=1 fileNameGp=../graphsdb/mcs90/m2D/m2Dr2/mcs90_m2Dr2_s30.A18 fileNameGt=../graphsdb/mcs90/m2D/m2Dr2/mcs90_m2Dr2_s30.B18
Reading graphs...
30 :  55
30 :  55
Initializing...
maxdom : 30
D->valSize : 900
Solving...
currentSize : 16 <-- 0.011154 s
currentSize : 17 <-- 0.011419 s
currentSize : 18 <-- 0.011558 s
currentSize : 19 <-- 0.026134 s
currentSize : 20 <-- 0.085430 s
currentSize : 21 <-- 2.725532 s
currentSize : 22 <-- 3.153404 s
currentSize : 24 <-- 3.345306 s
currentSize : 25 <-- 3.412343 s

maxsize : 25
nodes : 190359.000000
filtered : 5931850.000000
CCGP filtered : 1567512.000000
CCGT filtered : 526892.000000
time : 4.595875
