Parameters: GAD=1 vflib=1 dir=0 label=0 lowerbound=1 fileNameGp=../graphsdb/mcs90/bvg/b03m/mcs90_b03m_s35.A80 fileNameGt=../graphsdb/mcs90/bvg/b03m/mcs90_b03m_s35.B80
Reading graphs...
35 :  51
35 :  51
Initializing...
maxdom : 35
D->valSize : 1225
Solving...
currentSize : 16 <-- 0.026653 s
currentSize : 19 <-- 0.026723 s
currentSize : 20 <-- 0.026749 s
currentSize : 21 <-- 0.028054 s
currentSize : 22 <-- 0.039675 s
currentSize : 23 <-- 0.089716 s
currentSize : 24 <-- 0.241791 s
currentSize : 25 <-- 0.354959 s
currentSize : 26 <-- 3.240169 s
currentSize : 27 <-- 7.306833 s
currentSize : 28 <-- 7.306907 s
currentSize : 30 <-- 16.495661 s

maxsize : 30
nodes : 498997.000000
filtered : 19416350.000000
CCGP filtered : 14975346.000000
CCGT filtered : 7618984.000000
time : 19.056637
