Parameters: GAD=1 vflib=1 dir=0 label=0 lowerbound=1 fileNameGp=../graphsdb/mcs90/rand/r01/mcs90_r01_s35.A59 fileNameGt=../graphsdb/mcs90/rand/r01/mcs90_r01_s35.B59
Reading graphs...
35 :  113
35 :  111
Initializing...
maxdom : 35
D->valSize : 1225
Solving...
currentSize : 15 <-- 0.033490 s
currentSize : 16 <-- 0.034067 s
currentSize : 17 <-- 0.055082 s
currentSize : 18 <-- 0.285092 s
currentSize : 19 <-- 19.452969 s
currentSize : 20 <-- 69.506660 s
currentSize : 21 <-- 71.344055 s
currentSize : 24 <-- 120.003807 s
currentSize : 31 <-- 125.564888 s

maxsize : 31
nodes : 8830655.000000
filtered : 225984396.000000
CCGP filtered : 7477166.000000
CCGT filtered : 4158633.000000
time : 125.860435
