Parameters: GAD=1 vflib=1 dir=0 label=0 lowerbound=1 fileNameGp=../graphsdb/mcs90/bvg/b03m/mcs90_b03m_s20.A92 fileNameGt=../graphsdb/mcs90/bvg/b03m/mcs90_b03m_s20.B92
Reading graphs...
20 :  30
20 :  30
Initializing...
maxdom : 20
D->valSize : 400
Solving...
currentSize : 6 <-- 0.002369 s
currentSize : 9 <-- 0.002444 s
currentSize : 10 <-- 0.002646 s
currentSize : 11 <-- 0.003088 s
currentSize : 12 <-- 0.003374 s
currentSize : 13 <-- 0.010337 s
currentSize : 14 <-- 0.018325 s
currentSize : 15 <-- 0.032733 s
currentSize : 16 <-- 0.032884 s
currentSize : 17 <-- 0.032997 s
currentSize : 18 <-- 0.038242 s

maxsize : 18
nodes : 4109.000000
filtered : 73796.000000
CCGP filtered : 35967.000000
CCGT filtered : 16811.000000
time : 0.047241
