Parameters: GAD=1 vflib=1 dir=0 label=0 lowerbound=1 fileNameGp=../graphsdb/mcs90/bvg/b06m/mcs90_b06m_s20.A07 fileNameGt=../graphsdb/mcs90/bvg/b06m/mcs90_b06m_s20.B07
Reading graphs...
20 :  55
20 :  54
Initializing...
maxdom : 20
D->valSize : 400
Solving...
currentSize : 9 <-- 0.002146 s
currentSize : 10 <-- 0.002254 s
currentSize : 11 <-- 0.002593 s
currentSize : 12 <-- 0.003243 s
currentSize : 13 <-- 0.007325 s
currentSize : 14 <-- 0.099720 s
currentSize : 15 <-- 0.122673 s
currentSize : 17 <-- 0.123528 s
currentSize : 18 <-- 0.123650 s

maxsize : 18
nodes : 13546.000000
filtered : 249347.000000
CCGP filtered : 4900.000000
CCGT filtered : 1305.000000
time : 0.129141
