Parameters: GAD=1 vflib=1 dir=0 label=0 lowerbound=1 fileNameGp=../graphsdb/mcs90/bvg/b03m/mcs90_b03m_s30.A70 fileNameGt=../graphsdb/mcs90/bvg/b03m/mcs90_b03m_s30.B70
Reading graphs...
30 :  45
30 :  45
Initializing...
maxdom : 30
D->valSize : 900
Solving...
currentSize : 8 <-- 0.011021 s
currentSize : 18 <-- 0.011128 s
currentSize : 19 <-- 0.011216 s
currentSize : 20 <-- 0.018322 s
currentSize : 21 <-- 0.151677 s
currentSize : 23 <-- 0.229502 s
currentSize : 24 <-- 0.482752 s
currentSize : 25 <-- 0.482890 s
currentSize : 27 <-- 0.973387 s

maxsize : 27
nodes : 39184.000000
filtered : 1357260.000000
CCGP filtered : 831541.000000
CCGT filtered : 423113.000000
time : 1.117603
