Parameters: GAD=1 vflib=1 dir=0 label=0 lowerbound=1 fileNameGp=../graphsdb/mcs90/bvg/b06m/mcs90_b06m_s25.A30 fileNameGt=../graphsdb/mcs90/bvg/b06m/mcs90_b06m_s25.B30
Reading graphs...
25 :  73
25 :  73
Initializing...
maxdom : 25
D->valSize : 625
Solving...
currentSize : 9 <-- 0.004970 s
currentSize : 10 <-- 0.005032 s
currentSize : 11 <-- 0.005289 s
currentSize : 12 <-- 0.008614 s
currentSize : 13 <-- 0.016446 s
currentSize : 14 <-- 0.016533 s
currentSize : 15 <-- 0.220574 s
currentSize : 18 <-- 1.348731 s
currentSize : 22 <-- 1.516559 s

maxsize : 22
nodes : 101365.000000
filtered : 2187115.000000
CCGP filtered : 138161.000000
CCGT filtered : 39643.000000
time : 1.533621
