Parameters: GAD=1 vflib=1 dir=0 label=0 lowerbound=1 fileNameGp=../graphsdb/mcs90/rand/r01/mcs90_r01_s25.A38 fileNameGt=../graphsdb/mcs90/rand/r01/mcs90_r01_s25.B38
Reading graphs...
25 :  57
25 :  55
Initializing...
maxdom : 25
D->valSize : 625
Solving...
currentSize : 10 <-- 0.008933 s
currentSize : 11 <-- 0.009119 s
currentSize : 12 <-- 0.009359 s
currentSize : 13 <-- 0.009428 s
currentSize : 14 <-- 0.009685 s
currentSize : 15 <-- 0.025221 s
currentSize : 16 <-- 0.422270 s
currentSize : 17 <-- 0.558941 s
currentSize : 18 <-- 0.559145 s
currentSize : 20 <-- 0.559226 s
currentSize : 22 <-- 0.563208 s

maxsize : 22
nodes : 43338.000000
filtered : 1026304.000000
CCGP filtered : 121821.000000
CCGT filtered : 111051.000000
time : 0.585011
