Parameters: GAD=1 vflib=1 dir=0 label=0 lowerbound=1 fileNameGp=../graphsdb/mcs90/bvg/b03m/mcs90_b03m_s30.A54 fileNameGt=../graphsdb/mcs90/bvg/b03m/mcs90_b03m_s30.B54
Reading graphs...
30 :  45
30 :  45
Initializing...
maxdom : 30
D->valSize : 900
Solving...
currentSize : 16 <-- 0.011130 s
currentSize : 17 <-- 0.011211 s
currentSize : 18 <-- 0.011646 s
currentSize : 19 <-- 0.012091 s
currentSize : 20 <-- 0.026705 s
currentSize : 21 <-- 0.097274 s
currentSize : 22 <-- 0.103848 s
currentSize : 23 <-- 1.736887 s
currentSize : 24 <-- 1.741177 s
currentSize : 25 <-- 1.742015 s
currentSize : 26 <-- 1.747495 s

maxsize : 26
nodes : 94635.000000
filtered : 3062634.000000
CCGP filtered : 1595998.000000
CCGT filtered : 611659.000000
time : 2.672499
