Parameters: GAD=1 vflib=1 dir=0 label=0 lowerbound=1 fileNameGp=../graphsdb/mcs90/rand/r02/mcs90_r02_s25.A72 fileNameGt=../graphsdb/mcs90/rand/r02/mcs90_r02_s25.B72
Reading graphs...
25 :  112
25 :  114
Initializing...
maxdom : 25
D->valSize : 625
Solving...
currentSize : 8 <-- 0.007819 s
currentSize : 9 <-- 0.007941 s
currentSize : 10 <-- 0.008064 s
currentSize : 11 <-- 0.008177 s
currentSize : 12 <-- 0.009018 s
currentSize : 13 <-- 1.710765 s
currentSize : 14 <-- 2.082740 s
currentSize : 15 <-- 4.341474 s
currentSize : 22 <-- 5.722541 s

maxsize : 22
nodes : 639555.000000
filtered : 8278567.000000
CCGP filtered : 3246.000000
CCGT filtered : 19296.000000
time : 5.744198
