Parameters: GAD=1 vflib=1 dir=0 label=0 lowerbound=1 fileNameGp=../graphsdb/mcs90/bvg/b03m/mcs90_b03m_s35.A69 fileNameGt=../graphsdb/mcs90/bvg/b03m/mcs90_b03m_s35.B69
Reading graphs...
35 :  50
35 :  50
Initializing...
maxdom : 35
D->valSize : 1225
Solving...
currentSize : 17 <-- 0.037484 s
currentSize : 18 <-- 0.037789 s
currentSize : 19 <-- 0.037919 s
currentSize : 20 <-- 0.038539 s
currentSize : 21 <-- 0.038782 s
currentSize : 22 <-- 0.066768 s
currentSize : 23 <-- 0.067114 s
currentSize : 24 <-- 0.187218 s
currentSize : 25 <-- 1.416981 s
currentSize : 26 <-- 1.998197 s
currentSize : 28 <-- 1.998258 s
currentSize : 29 <-- 2.006620 s
currentSize : 30 <-- 2.042867 s
currentSize : 31 <-- 2.042956 s

maxsize : 31
nodes : 117951.000000
filtered : 3208392.000000
CCGP filtered : 2449598.000000
CCGT filtered : 805058.000000
time : 3.019108
