Parameters: GAD=1 vflib=1 dir=0 label=0 lowerbound=1 fileNameGp=../graphsdb/mcs90/rand/r005/mcs90_r005_s35.A01 fileNameGt=../graphsdb/mcs90/rand/r005/mcs90_r005_s35.B01
Reading graphs...
35 :  57
35 :  57
Initializing...
maxdom : 35
D->valSize : 1225
Solving...
currentSize : 15 <-- 0.021862 s
currentSize : 17 <-- 0.021939 s
currentSize : 18 <-- 0.026515 s
currentSize : 19 <-- 0.035854 s
currentSize : 20 <-- 0.063881 s
currentSize : 21 <-- 8.858094 s
currentSize : 22 <-- 47.387554 s
currentSize : 23 <-- 48.776443 s
currentSize : 24 <-- 48.997562 s
currentSize : 25 <-- 49.698769 s
currentSize : 26 <-- 54.038013 s
currentSize : 27 <-- 54.038380 s
currentSize : 28 <-- 54.039070 s
currentSize : 29 <-- 54.039185 s
currentSize : 30 <-- 54.052788 s
currentSize : 31 <-- 54.841827 s

maxsize : 31
nodes : 3514237.000000
filtered : 89300451.000000
CCGP filtered : 60331358.000000
CCGT filtered : 60727675.000000
time : 55.101376
