Parameters: GAD=1 vflib=1 dir=0 label=0 lowerbound=1 fileNameGp=../graphsdb/mcs90/m2D/m2Dr2/mcs90_m2Dr2_s30.A72 fileNameGt=../graphsdb/mcs90/m2D/m2Dr2/mcs90_m2Dr2_s30.B72
Reading graphs...
30 :  55
30 :  55
Initializing...
maxdom : 30
D->valSize : 900
Solving...
currentSize : 14 <-- 0.010789 s
currentSize : 15 <-- 0.010869 s
currentSize : 16 <-- 0.011141 s
currentSize : 17 <-- 0.011333 s
currentSize : 18 <-- 0.012606 s
currentSize : 19 <-- 0.097104 s
currentSize : 20 <-- 0.932300 s
currentSize : 21 <-- 1.779120 s
currentSize : 25 <-- 4.409606 s

maxsize : 25
nodes : 281429.000000
filtered : 8015044.000000
CCGP filtered : 1318601.000000
CCGT filtered : 890468.000000
time : 5.677592
