Parameters: GAD=1 vflib=1 dir=0 label=0 lowerbound=1 fileNameGp=../graphsdb/mcs90/m2D/m2Dr4/mcs90_m2Dr4_s30.A21 fileNameGt=../graphsdb/mcs90/m2D/m2Dr4/mcs90_m2Dr4_s30.B21
Reading graphs...
30 :  60
30 :  59
Initializing...
maxdom : 30
D->valSize : 900
Solving...
currentSize : 15 <-- 0.010838 s
currentSize : 16 <-- 0.011018 s
currentSize : 17 <-- 0.012472 s
currentSize : 18 <-- 0.022483 s
currentSize : 19 <-- 0.170954 s
currentSize : 20 <-- 12.002648 s
currentSize : 21 <-- 12.281023 s
currentSize : 22 <-- 12.309997 s
currentSize : 23 <-- 13.227816 s
currentSize : 25 <-- 13.228007 s

maxsize : 25
nodes : 985224.000000
filtered : 23595564.000000
CCGP filtered : 5003643.000000
CCGT filtered : 2996527.000000
time : 14.549628
