Parameters: GAD=1 vflib=1 dir=0 label=0 lowerbound=1 fileNameGp=../graphsdb/mcs90/m3D/m3Dr4/mcs90_m3Dr4_s30.A95 fileNameGt=../graphsdb/mcs90/m3D/m3Dr4/mcs90_m3Dr4_s30.B95
Reading graphs...
30 :  72
30 :  72
Initializing...
maxdom : 30
D->valSize : 900
Solving...
currentSize : 14 <-- 0.018530 s
currentSize : 15 <-- 0.019001 s
currentSize : 16 <-- 0.023035 s
currentSize : 17 <-- 0.024278 s
currentSize : 18 <-- 0.026899 s
currentSize : 19 <-- 0.030321 s
currentSize : 20 <-- 0.638549 s
currentSize : 22 <-- 2.412345 s
currentSize : 23 <-- 2.623622 s
currentSize : 27 <-- 2.693047 s

maxsize : 27
nodes : 219628.000000
filtered : 6009415.000000
CCGP filtered : 138132.000000
CCGT filtered : 72229.000000
time : 2.755815
