Parameters: GAD=1 vflib=1 dir=0 label=0 lowerbound=1 fileNameGp=../graphsdb/mcs90/bvg/b06m/mcs90_b06m_s35.A44 fileNameGt=../graphsdb/mcs90/bvg/b06m/mcs90_b06m_s35.B44
Reading graphs...
35 :  101
35 :  101
Initializing...
maxdom : 35
D->valSize : 1225
Solving...
currentSize : 12 <-- 0.034137 s
currentSize : 14 <-- 0.034192 s
currentSize : 15 <-- 0.034244 s
currentSize : 16 <-- 0.035826 s
currentSize : 17 <-- 0.042949 s
currentSize : 18 <-- 0.056703 s
currentSize : 19 <-- 0.056913 s
currentSize : 20 <-- 0.096011 s
currentSize : 21 <-- 0.139843 s
currentSize : 22 <-- 7.385513 s
currentSize : 23 <-- 7.392792 s
currentSize : 24 <-- 15.009140 s
currentSize : 26 <-- 15.033825 s
currentSize : 27 <-- 15.111972 s
currentSize : 31 <-- 15.122034 s

maxsize : 31
nodes : 910958.000000
filtered : 31924427.000000
CCGP filtered : 695236.000000
CCGT filtered : 1305136.000000
time : 15.337084
