Parameters: GAD=1 vflib=1 dir=0 label=0 lowerbound=1 fileNameGp=../graphsdb/mcs90/bvg/b09m/mcs90_b09m_s35.A78 fileNameGt=../graphsdb/mcs90/bvg/b09m/mcs90_b09m_s35.B78
Reading graphs...
35 :  152
35 :  151
Initializing...
maxdom : 35
D->valSize : 1225
Solving...
currentSize : 13 <-- 0.031758 s
currentSize : 14 <-- 0.031922 s
currentSize : 15 <-- 0.032438 s
currentSize : 16 <-- 0.102756 s
currentSize : 17 <-- 3.161407 s
currentSize : 18 <-- 180.727524 s
currentSize : 19 <-- 180.732285 s
currentSize : 20 <-- 180.732452 s
currentSize : 22 <-- 180.732651 s
currentSize : 25 <-- 194.266327 s
currentSize : 28 <-- 201.143066 s
currentSize : 30 <-- 201.143692 s

maxsize : 30
nodes : 16313942.000000
filtered : 349511226.000000
CCGP filtered : 3555771.000000
CCGT filtered : 7449947.000000
time : 201.695053
