Parameters: GAD=1 vflib=1 dir=0 label=0 lowerbound=1 fileNameGp=../graphsdb/mcs90/bvg/b06/mcs90_b06_s25.A32 fileNameGt=../graphsdb/mcs90/bvg/b06/mcs90_b06_s25.B32
Reading graphs...
25 :  75
25 :  75
Initializing...
maxdom : 25
D->valSize : 625
Solving...
currentSize : 13 <-- 0.004687 s
currentSize : 14 <-- 0.004909 s
currentSize : 15 <-- 0.005233 s
currentSize : 16 <-- 0.006272 s
currentSize : 17 <-- 0.007946 s
currentSize : 18 <-- 0.008103 s
currentSize : 19 <-- 0.011895 s
currentSize : 20 <-- 0.011953 s
currentSize : 22 <-- 0.012412 s

maxsize : 22
nodes : 2710.000000
filtered : 129920.000000
CCGP filtered : 448.000000
CCGT filtered : 289.000000
time : 0.078884
