Parameters: GAD=1 vflib=1 dir=0 label=0 lowerbound=1 fileNameGp=../graphsdb/mcs90/m2D/m2Dr2/mcs90_m2Dr2_s30.A99 fileNameGt=../graphsdb/mcs90/m2D/m2Dr2/mcs90_m2Dr2_s30.B99
Reading graphs...
30 :  53
30 :  54
Initializing...
maxdom : 30
D->valSize : 900
Solving...
currentSize : 15 <-- 0.011042 s
currentSize : 16 <-- 0.011148 s
currentSize : 17 <-- 0.011429 s
currentSize : 18 <-- 0.011636 s
currentSize : 19 <-- 0.012712 s
currentSize : 20 <-- 0.073928 s
currentSize : 21 <-- 0.652013 s
currentSize : 22 <-- 1.171269 s
currentSize : 23 <-- 7.496254 s
currentSize : 24 <-- 8.804494 s
currentSize : 25 <-- 11.240038 s

maxsize : 25
nodes : 371644.000000
filtered : 14098942.000000
CCGP filtered : 4425618.000000
CCGT filtered : 997207.000000
time : 11.560320
