Parameters: GAD=1 vflib=1 dir=0 label=0 lowerbound=1 fileNameGp=../graphsdb/mcs90/rand/r005/mcs90_r005_s30.A20 fileNameGt=../graphsdb/mcs90/rand/r005/mcs90_r005_s30.B20
Reading graphs...
30 :  41
30 :  41
Initializing...
maxdom : 30
D->valSize : 900
Solving...
currentSize : 4 <-- 0.019476 s
currentSize : 16 <-- 0.019839 s
currentSize : 17 <-- 0.020039 s
currentSize : 18 <-- 0.023159 s
currentSize : 19 <-- 0.034614 s
currentSize : 20 <-- 0.035479 s
currentSize : 21 <-- 0.414893 s
currentSize : 22 <-- 0.728544 s
currentSize : 23 <-- 0.728568 s
currentSize : 24 <-- 0.776676 s
currentSize : 25 <-- 0.776711 s
currentSize : 27 <-- 0.782917 s

maxsize : 27
nodes : 43106.000000
filtered : 900786.000000
CCGP filtered : 579053.000000
CCGT filtered : 389083.000000
time : 0.843662
