Parameters: GAD=1 vflib=1 dir=0 label=0 lowerbound=1 fileNameGp=../graphsdb/mcs90/rand/r02/mcs90_r02_s35.A27 fileNameGt=../graphsdb/mcs90/rand/r02/mcs90_r02_s35.B27
Reading graphs...
35 :  207
35 :  202
Initializing...
maxdom : 35
D->valSize : 1225
Solving...
currentSize : 10 <-- 0.029742 s
currentSize : 11 <-- 0.030052 s
currentSize : 12 <-- 0.030474 s
currentSize : 13 <-- 0.032100 s
currentSize : 14 <-- 0.084634 s
currentSize : 15 <-- 11.007311 s
currentSize : 16 <-- 27.716654 s
currentSize : 18 <-- 43.095135 s
currentSize : 21 <-- 51.064392 s
currentSize : 24 <-- 52.193047 s
currentSize : 31 <-- 54.065407 s

maxsize : 31
nodes : 4357229.000000
filtered : 62963147.000000
CCGP filtered : 43801.000000
CCGT filtered : 124808.000000
time : 54.213951
