Parameters: GAD=1 vflib=1 dir=0 label=0 lowerbound=1 fileNameGp=../graphsdb/mcs90/bvg/b03m/mcs90_b03m_s35.A13 fileNameGt=../graphsdb/mcs90/bvg/b03m/mcs90_b03m_s35.B13
Reading graphs...
35 :  51
35 :  51
Initializing...
maxdom : 35
D->valSize : 1225
Solving...
currentSize : 9 <-- 0.021652 s
currentSize : 13 <-- 0.021717 s
currentSize : 16 <-- 0.021744 s
currentSize : 18 <-- 0.021971 s
currentSize : 20 <-- 0.021999 s
currentSize : 21 <-- 0.022327 s
currentSize : 22 <-- 0.023216 s
currentSize : 23 <-- 0.023456 s
currentSize : 24 <-- 0.043429 s
currentSize : 25 <-- 0.043792 s
currentSize : 26 <-- 0.102221 s
currentSize : 27 <-- 4.791805 s
currentSize : 28 <-- 5.909802 s
currentSize : 29 <-- 8.190665 s
currentSize : 30 <-- 8.420882 s
currentSize : 31 <-- 8.445165 s

maxsize : 31
nodes : 230080.000000
filtered : 9337234.000000
CCGP filtered : 7867291.000000
CCGT filtered : 2859100.000000
time : 9.021074
