Parameters: GAD=1 vflib=1 dir=0 label=0 lowerbound=1 fileNameGp=../graphsdb/mcs90/rand/r02/mcs90_r02_s35.A81 fileNameGt=../graphsdb/mcs90/rand/r02/mcs90_r02_s35.B81
Reading graphs...
35 :  211
35 :  211
Initializing...
maxdom : 35
D->valSize : 1225
Solving...
currentSize : 10 <-- 0.029848 s
currentSize : 11 <-- 0.030062 s
currentSize : 12 <-- 0.030560 s
currentSize : 13 <-- 0.032489 s
currentSize : 14 <-- 0.035329 s
currentSize : 15 <-- 3.118901 s
currentSize : 16 <-- 15.189563 s
currentSize : 19 <-- 15.194811 s
currentSize : 21 <-- 15.362550 s
currentSize : 22 <-- 29.258995 s
currentSize : 23 <-- 35.168785 s
currentSize : 31 <-- 44.599911 s

maxsize : 31
nodes : 3217138.000000
filtered : 88998738.000000
CCGP filtered : 22168.000000
CCGT filtered : 66814.000000
time : 44.837471
