Parameters: GAD=1 vflib=1 dir=0 label=0 lowerbound=1 fileNameGp=../graphsdb/mcs90/m2D/m2Dr6/mcs90_m2Dr6_s20.A57 fileNameGt=../graphsdb/mcs90/m2D/m2Dr6/mcs90_m2Dr6_s20.B57
Reading graphs...
20 :  43
20 :  43
Initializing...
maxdom : 20
D->valSize : 400
Solving...
currentSize : 6 <-- 0.002193 s
currentSize : 7 <-- 0.002228 s
currentSize : 8 <-- 0.002245 s
currentSize : 10 <-- 0.002412 s
currentSize : 11 <-- 0.002453 s
currentSize : 12 <-- 0.002633 s
currentSize : 13 <-- 0.015488 s
currentSize : 14 <-- 0.057568 s
currentSize : 16 <-- 0.153848 s

maxsize : 16
nodes : 19351.000000
filtered : 431310.000000
CCGP filtered : 5907.000000
CCGT filtered : 17096.000000
time : 0.179897
