Parameters: GAD=1 vflib=1 dir=0 label=0 lowerbound=1 fileNameGp=../graphsdb/mcs90/m2D/m2Dr4/mcs90_m2Dr4_s30.A99 fileNameGt=../graphsdb/mcs90/m2D/m2Dr4/mcs90_m2Dr4_s30.B99
Reading graphs...
30 :  60
30 :  58
Initializing...
maxdom : 30
D->valSize : 900
Solving...
currentSize : 14 <-- 0.010576 s
currentSize : 16 <-- 0.010666 s
currentSize : 17 <-- 0.012802 s
currentSize : 18 <-- 0.033984 s
currentSize : 19 <-- 0.079529 s
currentSize : 20 <-- 0.094503 s
currentSize : 21 <-- 5.127890 s
currentSize : 23 <-- 7.045716 s
currentSize : 25 <-- 7.050253 s

maxsize : 25
nodes : 515712.000000
filtered : 14677583.000000
CCGP filtered : 1534915.000000
CCGT filtered : 1350997.000000
time : 8.165300
