Parameters: GAD=1 vflib=1 dir=0 label=0 lowerbound=1 fileNameGp=../graphsdb/mcs90/bvg/b06m/mcs90_b06m_s30.A17 fileNameGt=../graphsdb/mcs90/bvg/b06m/mcs90_b06m_s30.B17
Reading graphs...
30 :  87
30 :  88
Initializing...
maxdom : 30
D->valSize : 900
Solving...
currentSize : 12 <-- 0.010189 s
currentSize : 13 <-- 0.012279 s
currentSize : 14 <-- 0.015495 s
currentSize : 15 <-- 0.017369 s
currentSize : 16 <-- 0.017472 s
currentSize : 17 <-- 0.018511 s
currentSize : 18 <-- 0.018755 s
currentSize : 19 <-- 0.054501 s
currentSize : 20 <-- 4.588939 s
currentSize : 21 <-- 4.589012 s
currentSize : 24 <-- 4.594937 s
currentSize : 27 <-- 4.614612 s

maxsize : 27
nodes : 222661.000000
filtered : 7891222.000000
CCGP filtered : 657288.000000
CCGT filtered : 306654.000000
time : 4.717166
