Parameters: GAD=1 vflib=1 dir=0 label=0 lowerbound=1 fileNameGp=../graphsdb/mcs90/bvg/b09/mcs90_b09_s25.A63 fileNameGt=../graphsdb/mcs90/bvg/b09/mcs90_b09_s25.B63
Reading graphs...
25 :  112
25 :  112
Initializing...
maxdom : 25
D->valSize : 625
Solving...
currentSize : 7 <-- 0.004495 s
currentSize : 8 <-- 0.004580 s
currentSize : 9 <-- 0.004647 s
currentSize : 10 <-- 0.004812 s
currentSize : 11 <-- 0.013510 s
currentSize : 12 <-- 0.043219 s
currentSize : 13 <-- 0.043446 s
currentSize : 14 <-- 0.061572 s
currentSize : 16 <-- 0.065154 s
currentSize : 18 <-- 0.068382 s
currentSize : 22 <-- 0.072933 s

maxsize : 22
nodes : 11491.000000
filtered : 299199.000000
CCGP filtered : 784.000000
CCGT filtered : 1360.000000
time : 0.141445
