Parameters: GAD=1 vflib=1 dir=0 label=0 lowerbound=1 fileNameGp=../graphsdb/mcs90/bvg/b03m/mcs90_b03m_s30.A67 fileNameGt=../graphsdb/mcs90/bvg/b03m/mcs90_b03m_s30.B67
Reading graphs...
30 :  44
30 :  44
Initializing...
maxdom : 30
D->valSize : 900
Solving...
currentSize : 13 <-- 0.019901 s
currentSize : 17 <-- 0.019952 s
currentSize : 18 <-- 0.035801 s
currentSize : 19 <-- 0.056160 s
currentSize : 20 <-- 0.093136 s
currentSize : 21 <-- 0.148751 s
currentSize : 22 <-- 0.204182 s
currentSize : 23 <-- 0.899886 s
currentSize : 24 <-- 0.902623 s
currentSize : 27 <-- 0.906424 s

maxsize : 27
nodes : 56853.000000
filtered : 1531759.000000
CCGP filtered : 900724.000000
CCGT filtered : 338597.000000
time : 0.943605
