Parameters: GAD=1 vflib=1 dir=0 label=0 lowerbound=1 fileNameGp=../graphsdb/mcs90/bvg/b09/mcs90_b09_s35.A74 fileNameGt=../graphsdb/mcs90/bvg/b09/mcs90_b09_s35.B74
Reading graphs...
35 :  157
35 :  157
Initializing...
maxdom : 35
D->valSize : 1225
Solving...
currentSize : 13 <-- 0.031394 s
currentSize : 14 <-- 0.031633 s
currentSize : 15 <-- 0.039520 s
currentSize : 16 <-- 0.090017 s
currentSize : 17 <-- 1.044953 s
currentSize : 18 <-- 11.025596 s
currentSize : 19 <-- 24.745102 s
currentSize : 20 <-- 26.927296 s
currentSize : 21 <-- 26.927683 s
currentSize : 24 <-- 26.927792 s
currentSize : 26 <-- 26.928040 s
currentSize : 30 <-- 26.935524 s

maxsize : 30
nodes : 2278363.000000
filtered : 42609580.000000
CCGP filtered : 169322.000000
CCGT filtered : 349368.000000
time : 28.203936
