Parameters: GAD=1 vflib=1 dir=0 label=0 lowerbound=1 fileNameGp=../graphsdb/mcs90/bvg/b03m/mcs90_b03m_s35.A90 fileNameGt=../graphsdb/mcs90/bvg/b03m/mcs90_b03m_s35.B90
Reading graphs...
35 :  50
35 :  50
Initializing...
maxdom : 35
D->valSize : 1225
Solving...
currentSize : 19 <-- 0.021164 s
currentSize : 20 <-- 0.021281 s
currentSize : 22 <-- 0.022040 s
currentSize : 23 <-- 0.022292 s
currentSize : 24 <-- 0.039050 s
currentSize : 25 <-- 0.222153 s
currentSize : 26 <-- 0.222562 s
currentSize : 27 <-- 0.306906 s
currentSize : 28 <-- 4.462606 s
currentSize : 29 <-- 4.964518 s
currentSize : 30 <-- 5.250346 s
currentSize : 31 <-- 5.251366 s
currentSize : 32 <-- 5.772167 s

maxsize : 32
nodes : 105583.000000
filtered : 4822329.000000
CCGP filtered : 2474970.000000
CCGT filtered : 1479789.000000
time : 5.899272
