Parameters: GAD=1 vflib=1 dir=0 label=0 lowerbound=1 fileNameGp=../graphsdb/mcs90/bvg/b06m/mcs90_b06m_s35.A32 fileNameGt=../graphsdb/mcs90/bvg/b06m/mcs90_b06m_s35.B32
Reading graphs...
35 :  104
35 :  104
Initializing...
maxdom : 35
D->valSize : 1225
Solving...
currentSize : 15 <-- 0.033751 s
currentSize : 16 <-- 0.034006 s
currentSize : 17 <-- 0.035606 s
currentSize : 18 <-- 0.046991 s
currentSize : 19 <-- 0.083000 s
currentSize : 20 <-- 2.359158 s
currentSize : 21 <-- 9.011186 s
currentSize : 22 <-- 13.442376 s
currentSize : 23 <-- 21.556480 s
currentSize : 24 <-- 49.421265 s
currentSize : 25 <-- 49.461807 s
currentSize : 26 <-- 53.084831 s
currentSize : 29 <-- 53.086731 s
currentSize : 30 <-- 53.367996 s
currentSize : 31 <-- 53.466496 s

maxsize : 31
nodes : 3183042.000000
filtered : 126291920.000000
CCGP filtered : 9804431.000000
CCGT filtered : 4077177.000000
time : 53.635681
