Parameters: GAD=1 vflib=1 dir=0 label=0 lowerbound=1 fileNameGp=../graphsdb/mcs90/bvg/b06m/mcs90_b06m_s35.A13 fileNameGt=../graphsdb/mcs90/bvg/b06m/mcs90_b06m_s35.B13
Reading graphs...
35 :  105
35 :  105
Initializing...
maxdom : 35
D->valSize : 1225
Solving...
currentSize : 13 <-- 0.019084 s
currentSize : 15 <-- 0.019129 s
currentSize : 16 <-- 0.019209 s
currentSize : 17 <-- 0.020519 s
currentSize : 18 <-- 0.029526 s
currentSize : 19 <-- 0.031693 s
currentSize : 20 <-- 0.090587 s
currentSize : 24 <-- 90.706558 s
currentSize : 25 <-- 93.982246 s
currentSize : 26 <-- 94.005806 s
currentSize : 28 <-- 94.015823 s
currentSize : 29 <-- 94.161842 s
currentSize : 31 <-- 94.473572 s

maxsize : 31
nodes : 6208070.000000
filtered : 180164433.000000
CCGP filtered : 21483712.000000
CCGT filtered : 11508875.000000
time : 94.686867
