Parameters: GAD=1 vflib=1 dir=0 label=0 lowerbound=1 fileNameGp=../graphsdb/mcs90/m3D/m3Dr4/mcs90_m3Dr4_s30.A59 fileNameGt=../graphsdb/mcs90/m3D/m3Dr4/mcs90_m3Dr4_s30.B59
Reading graphs...
30 :  71
30 :  70
Initializing...
maxdom : 30
D->valSize : 900
Solving...
currentSize : 13 <-- 0.018510 s
currentSize : 14 <-- 0.018689 s
currentSize : 15 <-- 0.020319 s
currentSize : 16 <-- 0.021110 s
currentSize : 17 <-- 0.025796 s
currentSize : 18 <-- 0.027851 s
currentSize : 19 <-- 0.037738 s
currentSize : 20 <-- 0.041295 s
currentSize : 21 <-- 0.116827 s
currentSize : 23 <-- 0.120656 s
currentSize : 24 <-- 0.121095 s
currentSize : 25 <-- 0.149822 s
currentSize : 27 <-- 0.149959 s

maxsize : 27
nodes : 8765.000000
filtered : 315565.000000
CCGP filtered : 2144.000000
CCGT filtered : 1052.000000
time : 0.193666
