Parameters: GAD=1 vflib=1 dir=0 label=0 lowerbound=1 fileNameGp=../graphsdb/mcs90/bvg/b06m/mcs90_b06m_s35.A07 fileNameGt=../graphsdb/mcs90/bvg/b06m/mcs90_b06m_s35.B07
Reading graphs...
35 :  103
35 :  103
Initializing...
maxdom : 35
D->valSize : 1225
Solving...
currentSize : 14 <-- 0.019080 s
currentSize : 15 <-- 0.019142 s
currentSize : 16 <-- 0.020597 s
currentSize : 17 <-- 0.021455 s
currentSize : 18 <-- 0.022698 s
currentSize : 19 <-- 0.097334 s
currentSize : 20 <-- 0.208308 s
currentSize : 22 <-- 0.400800 s
currentSize : 23 <-- 0.408597 s
currentSize : 24 <-- 0.498036 s
currentSize : 25 <-- 0.533791 s
currentSize : 28 <-- 0.570793 s
currentSize : 31 <-- 0.572868 s

maxsize : 31
nodes : 32210.000000
filtered : 927297.000000
CCGP filtered : 11227.000000
CCGT filtered : 12765.000000
time : 0.791903
