Parameters: GAD=1 vflib=1 dir=0 label=0 lowerbound=1 fileNameGp=../graphsdb/mcs90/bvg/b06m/mcs90_b06m_s30.A24 fileNameGt=../graphsdb/mcs90/bvg/b06m/mcs90_b06m_s30.B24
Reading graphs...
30 :  89
30 :  89
Initializing...
maxdom : 30
D->valSize : 900
Solving...
currentSize : 11 <-- 0.017935 s
currentSize : 12 <-- 0.018101 s
currentSize : 13 <-- 0.018583 s
currentSize : 14 <-- 0.018935 s
currentSize : 15 <-- 0.020507 s
currentSize : 16 <-- 0.058292 s
currentSize : 17 <-- 0.064106 s
currentSize : 18 <-- 0.078633 s
currentSize : 19 <-- 0.078816 s
currentSize : 21 <-- 0.377421 s
currentSize : 23 <-- 0.378326 s
currentSize : 27 <-- 0.392256 s

maxsize : 27
nodes : 32354.000000
filtered : 831083.000000
CCGP filtered : 11927.000000
CCGT filtered : 10995.000000
time : 0.490109
