Parameters: GAD=1 vflib=1 dir=0 label=0 lowerbound=1 fileNameGp=../graphsdb/mcs90/rand/r02/mcs90_r02_s35.A62 fileNameGt=../graphsdb/mcs90/rand/r02/mcs90_r02_s35.B62
Reading graphs...
35 :  212
35 :  206
Initializing...
maxdom : 35
D->valSize : 1225
Solving...
currentSize : 11 <-- 0.022620 s
currentSize : 12 <-- 0.025733 s
currentSize : 13 <-- 0.029803 s
currentSize : 14 <-- 1.027692 s
currentSize : 15 <-- 40.266136 s
currentSize : 17 <-- 193.961060 s
currentSize : 18 <-- 242.406372 s
currentSize : 19 <-- 257.137878 s
currentSize : 20 <-- 342.623260 s
currentSize : 22 <-- 428.684296 s
currentSize : 23 <-- 453.011810 s
currentSize : 31 <-- 464.241486 s

maxsize : 31
nodes : 35075168.000000
filtered : 646046797.000000
CCGP filtered : 1453236.000000
CCGT filtered : 1330377.000000
time : 464.284973
