Parameters: GAD=1 vflib=1 dir=0 label=0 lowerbound=1 fileNameGp=../graphsdb/mcs90/bvg/b03m/mcs90_b03m_s35.A41 fileNameGt=../graphsdb/mcs90/bvg/b03m/mcs90_b03m_s35.B41
Reading graphs...
35 :  52
35 :  52
Initializing...
maxdom : 35
D->valSize : 1225
Solving...
currentSize : 15 <-- 0.020908 s
currentSize : 16 <-- 0.020989 s
currentSize : 19 <-- 0.021758 s
currentSize : 20 <-- 0.021812 s
currentSize : 21 <-- 0.022067 s
currentSize : 22 <-- 0.023906 s
currentSize : 23 <-- 0.026631 s
currentSize : 24 <-- 0.075365 s
currentSize : 25 <-- 0.310000 s
currentSize : 26 <-- 15.903670 s
currentSize : 27 <-- 15.962763 s
currentSize : 28 <-- 61.118645 s
currentSize : 29 <-- 61.121975 s
currentSize : 30 <-- 61.157646 s

maxsize : 30
nodes : 1683355.000000
filtered : 65715604.000000
CCGP filtered : 31708339.000000
CCGT filtered : 19826665.000000
time : 64.625427
