Parameters: GAD=1 vflib=1 dir=0 label=0 lowerbound=1 fileNameGp=../graphsdb/mcs90/rand/r02/mcs90_r02_s35.A30 fileNameGt=../graphsdb/mcs90/rand/r02/mcs90_r02_s35.B30
Reading graphs...
35 :  216
35 :  219
Initializing...
maxdom : 35
D->valSize : 1225
Solving...
currentSize : 10 <-- 0.029542 s
currentSize : 12 <-- 0.030735 s
currentSize : 13 <-- 0.042784 s
currentSize : 14 <-- 0.072161 s
currentSize : 15 <-- 11.368807 s
currentSize : 17 <-- 17.290213 s
currentSize : 18 <-- 74.604767 s
currentSize : 20 <-- 74.605095 s
currentSize : 24 <-- 75.137718 s
currentSize : 31 <-- 77.222542 s

maxsize : 31
nodes : 5940621.000000
filtered : 81516499.000000
CCGP filtered : 68203.000000
CCGT filtered : 63975.000000
time : 77.539520
