Parameters: GAD=1 vflib=1 dir=0 label=0 lowerbound=1 fileNameGp=../graphsdb/mcs90/bvg/b09m/mcs90_b09m_s35.A67 fileNameGt=../graphsdb/mcs90/bvg/b09m/mcs90_b09m_s35.B67
Reading graphs...
35 :  153
35 :  153
Initializing...
maxdom : 35
D->valSize : 1225
Solving...
currentSize : 12 <-- 0.018341 s
currentSize : 13 <-- 0.018438 s
currentSize : 14 <-- 0.018622 s
currentSize : 15 <-- 0.025227 s
currentSize : 16 <-- 0.136513 s
currentSize : 17 <-- 0.281634 s
currentSize : 18 <-- 118.160736 s
currentSize : 19 <-- 118.160934 s
currentSize : 23 <-- 130.954865 s
currentSize : 24 <-- 135.576157 s
currentSize : 30 <-- 138.266769 s

maxsize : 30
nodes : 11096034.000000
filtered : 233485791.000000
CCGP filtered : 2125685.000000
CCGT filtered : 5252784.000000
time : 138.813477
