Parameters: GAD=1 vflib=1 dir=0 label=0 lowerbound=1 fileNameGp=../graphsdb/mcs90/bvg/b06/mcs90_b06_s35.A42 fileNameGt=../graphsdb/mcs90/bvg/b06/mcs90_b06_s35.B42
Reading graphs...
35 :  105
35 :  105
Initializing...
maxdom : 35
D->valSize : 1225
Solving...
currentSize : 17 <-- 0.033637 s
currentSize : 18 <-- 0.033737 s
currentSize : 19 <-- 0.033886 s
currentSize : 20 <-- 0.034632 s
currentSize : 21 <-- 0.035652 s
currentSize : 22 <-- 0.035831 s
currentSize : 23 <-- 0.036398 s
currentSize : 24 <-- 0.037682 s
currentSize : 25 <-- 0.049475 s
currentSize : 27 <-- 0.052366 s
currentSize : 29 <-- 0.057081 s
currentSize : 31 <-- 0.060265 s
currentSize : 32 <-- 0.192403 s

maxsize : 32
nodes : 7592.000000
filtered : 497395.000000
CCGP filtered : 194.000000
CCGT filtered : 4501.000000
time : 0.548515
