Parameters: GAD=1 vflib=1 dir=0 label=0 lowerbound=1 fileNameGp=../graphsdb/mcs90/rand/r02/mcs90_r02_s35.A97 fileNameGt=../graphsdb/mcs90/rand/r02/mcs90_r02_s35.B97
Reading graphs...
35 :  218
35 :  220
Initializing...
maxdom : 35
D->valSize : 1225
Solving...
currentSize : 10 <-- 0.017228 s
currentSize : 11 <-- 0.017374 s
currentSize : 12 <-- 0.038049 s
currentSize : 13 <-- 0.079662 s
currentSize : 14 <-- 0.100850 s
currentSize : 15 <-- 6.953122 s
currentSize : 17 <-- 6.955029 s
currentSize : 19 <-- 63.291386 s
currentSize : 21 <-- 70.138481 s
currentSize : 31 <-- 73.350082 s

maxsize : 31
nodes : 5532138.000000
filtered : 99356309.000000
CCGP filtered : 47836.000000
CCGT filtered : 152007.000000
time : 73.644112
