Parameters: GAD=1 vflib=1 dir=0 label=0 lowerbound=1 fileNameGp=../graphsdb/mcs90/rand/r01/mcs90_r01_s35.A19 fileNameGt=../graphsdb/mcs90/rand/r01/mcs90_r01_s35.B19
Reading graphs...
35 :  111
35 :  109
Initializing...
maxdom : 35
D->valSize : 1225
Solving...
currentSize : 13 <-- 0.019017 s
currentSize : 14 <-- 0.019055 s
currentSize : 15 <-- 0.019232 s
currentSize : 16 <-- 0.021492 s
currentSize : 17 <-- 0.078094 s
currentSize : 18 <-- 0.145292 s
currentSize : 20 <-- 0.919799 s
currentSize : 21 <-- 2.721829 s
currentSize : 23 <-- 8.568838 s
currentSize : 24 <-- 8.568980 s
currentSize : 25 <-- 20.031696 s
currentSize : 26 <-- 24.199623 s
currentSize : 31 <-- 24.200081 s

maxsize : 31
nodes : 1321004.000000
filtered : 56128235.000000
CCGP filtered : 1375618.000000
CCGT filtered : 1134224.000000
time : 24.349380
