Parameters: GAD=1 vflib=1 dir=0 label=0 lowerbound=1 fileNameGp=../graphsdb/mcs90/m2D/m2Dr6/mcs90_m2Dr6_s30.A02 fileNameGt=../graphsdb/mcs90/m2D/m2Dr6/mcs90_m2Dr6_s30.B02
Reading graphs...
30 :  65
30 :  64
Initializing...
maxdom : 30
D->valSize : 900
Solving...
currentSize : 14 <-- 0.010530 s
currentSize : 15 <-- 0.010640 s
currentSize : 16 <-- 0.015437 s
currentSize : 17 <-- 0.015827 s
currentSize : 18 <-- 0.096418 s
currentSize : 19 <-- 0.288504 s
currentSize : 20 <-- 4.491442 s
currentSize : 21 <-- 15.679456 s
currentSize : 23 <-- 23.264498 s
currentSize : 25 <-- 26.573084 s

maxsize : 25
nodes : 1728344.000000
filtered : 50558250.000000
CCGP filtered : 2604309.000000
CCGT filtered : 1368236.000000
time : 27.002859
