Parameters: GAD=1 vflib=1 dir=0 label=0 lowerbound=1 fileNameGp=../graphsdb/mcs90/bvg/b09/mcs90_b09_s35.A41 fileNameGt=../graphsdb/mcs90/bvg/b09/mcs90_b09_s35.B41
Reading graphs...
35 :  156
35 :  157
Initializing...
maxdom : 35
D->valSize : 1225
Solving...
currentSize : 12 <-- 0.031162 s
currentSize : 13 <-- 0.031327 s
currentSize : 14 <-- 0.031764 s
currentSize : 15 <-- 0.036780 s
currentSize : 16 <-- 0.107538 s
currentSize : 17 <-- 0.167312 s
currentSize : 18 <-- 3.912769 s
currentSize : 19 <-- 9.215479 s
currentSize : 20 <-- 11.905635 s
currentSize : 21 <-- 11.907560 s
currentSize : 22 <-- 11.909194 s
currentSize : 23 <-- 11.929351 s
currentSize : 27 <-- 11.931653 s
currentSize : 30 <-- 11.932134 s

maxsize : 30
nodes : 1005759.000000
filtered : 21442982.000000
CCGP filtered : 162771.000000
CCGT filtered : 198823.000000
time : 13.004759
