Parameters: GAD=1 vflib=1 dir=0 label=0 lowerbound=1 fileNameGp=../graphsdb/mcs90/m3D/m3Dr6/mcs90_m3Dr6_s30.A24 fileNameGt=../graphsdb/mcs90/m3D/m3Dr6/mcs90_m3Dr6_s30.B24
Reading graphs...
30 :  79
30 :  76
Initializing...
maxdom : 30
D->valSize : 900
Solving...
currentSize : 13 <-- 0.010236 s
currentSize : 14 <-- 0.010276 s
currentSize : 15 <-- 0.010733 s
currentSize : 16 <-- 0.011255 s
currentSize : 17 <-- 0.013364 s
currentSize : 18 <-- 0.024989 s
currentSize : 19 <-- 0.040439 s
currentSize : 20 <-- 0.040568 s
currentSize : 21 <-- 0.081200 s
currentSize : 23 <-- 2.759413 s
currentSize : 27 <-- 4.095433 s

maxsize : 27
nodes : 236732.000000
filtered : 9484640.000000
CCGP filtered : 124095.000000
CCGT filtered : 40393.000000
time : 4.146985
