Parameters: GAD=1 vflib=1 dir=0 label=0 lowerbound=1 fileNameGp=../graphsdb/mcs90/m3D/m3Dr4/mcs90_m3Dr4_s30.A34 fileNameGt=../graphsdb/mcs90/m3D/m3Dr4/mcs90_m3Dr4_s30.B34
Reading graphs...
30 :  72
30 :  72
Initializing...
maxdom : 30
D->valSize : 900
Solving...
currentSize : 13 <-- 0.010460 s
currentSize : 14 <-- 0.010762 s
currentSize : 15 <-- 0.010930 s
currentSize : 16 <-- 0.010992 s
currentSize : 17 <-- 0.175780 s
currentSize : 18 <-- 0.816322 s
currentSize : 19 <-- 0.934860 s
currentSize : 20 <-- 14.122962 s
currentSize : 22 <-- 14.292660 s
currentSize : 23 <-- 17.335632 s
currentSize : 27 <-- 17.359428 s

maxsize : 27
nodes : 1294444.000000
filtered : 31840251.000000
CCGP filtered : 1261411.000000
CCGT filtered : 759913.000000
time : 17.468477
