Parameters: GAD=1 vflib=1 dir=0 label=0 lowerbound=1 fileNameGp=../graphsdb/mcs90/rand/r01/mcs90_r01_s30.A59 fileNameGt=../graphsdb/mcs90/rand/r01/mcs90_r01_s30.B59
Reading graphs...
30 :  81
30 :  80
Initializing...
maxdom : 30
D->valSize : 900
Solving...
currentSize : 12 <-- 0.010558 s
currentSize : 13 <-- 0.010592 s
currentSize : 14 <-- 0.010613 s
currentSize : 15 <-- 0.010692 s
currentSize : 16 <-- 0.010931 s
currentSize : 17 <-- 0.014741 s
currentSize : 18 <-- 3.735711 s
currentSize : 19 <-- 8.244711 s
currentSize : 20 <-- 26.585785 s
currentSize : 22 <-- 26.634644 s
currentSize : 27 <-- 26.969259 s

maxsize : 27
nodes : 2215457.000000
filtered : 54155060.000000
CCGP filtered : 1378660.000000
CCGT filtered : 1514069.000000
time : 27.054237
