Parameters: GAD=1 vflib=1 dir=0 label=0 lowerbound=1 fileNameGp=../graphsdb/mcs90/m2D/m2Dr2/mcs90_m2Dr2_s30.A73 fileNameGt=../graphsdb/mcs90/m2D/m2Dr2/mcs90_m2Dr2_s30.B73
Reading graphs...
30 :  55
30 :  55
Initializing...
maxdom : 30
D->valSize : 900
Solving...
currentSize : 14 <-- 0.010870 s
currentSize : 16 <-- 0.011301 s
currentSize : 17 <-- 0.011515 s
currentSize : 18 <-- 0.011839 s
currentSize : 19 <-- 0.033061 s
currentSize : 20 <-- 1.031177 s
currentSize : 21 <-- 3.712420 s
currentSize : 22 <-- 6.659096 s
currentSize : 24 <-- 7.457670 s
currentSize : 25 <-- 7.457799 s

maxsize : 25
nodes : 423195.000000
filtered : 10946715.000000
CCGP filtered : 2188598.000000
CCGT filtered : 897743.000000
time : 8.433628
