Parameters: GAD=1 vflib=1 dir=0 label=0 lowerbound=1 fileNameGp=../graphsdb/mcs90/m3D/m3Dr6/mcs90_m3Dr6_s30.A31 fileNameGt=../graphsdb/mcs90/m3D/m3Dr6/mcs90_m3Dr6_s30.B31
Reading graphs...
30 :  79
30 :  76
Initializing...
maxdom : 30
D->valSize : 900
Solving...
currentSize : 12 <-- 0.010400 s
currentSize : 13 <-- 0.010481 s
currentSize : 14 <-- 0.010727 s
currentSize : 15 <-- 0.014626 s
currentSize : 16 <-- 0.026762 s
currentSize : 17 <-- 0.353158 s
currentSize : 18 <-- 0.365036 s
currentSize : 19 <-- 4.754698 s
currentSize : 20 <-- 11.013717 s
currentSize : 23 <-- 11.014114 s
currentSize : 27 <-- 11.018255 s

maxsize : 27
nodes : 964703.000000
filtered : 21962915.000000
CCGP filtered : 852067.000000
CCGT filtered : 426145.000000
time : 11.106623
