Parameters: GAD=1 vflib=1 dir=0 label=0 lowerbound=1 fileNameGp=../graphsdb/mcs90/bvg/b09m/mcs90_b09m_s30.A55 fileNameGt=../graphsdb/mcs90/bvg/b09m/mcs90_b09m_s30.B55
Reading graphs...
30 :  133
30 :  133
Initializing...
maxdom : 30
D->valSize : 900
Solving...
currentSize : 10 <-- 0.009393 s
currentSize : 11 <-- 0.009591 s
currentSize : 12 <-- 0.012840 s
currentSize : 13 <-- 0.043715 s
currentSize : 14 <-- 0.546563 s
currentSize : 15 <-- 10.068953 s
currentSize : 16 <-- 32.248604 s
currentSize : 19 <-- 77.271332 s
currentSize : 24 <-- 78.034927 s
currentSize : 26 <-- 78.035172 s

maxsize : 26
nodes : 7280033.000000
filtered : 131349260.000000
CCGP filtered : 1381061.000000
CCGT filtered : 1196956.000000
time : 78.173042
