Parameters: GAD=1 vflib=1 dir=0 label=0 lowerbound=1 fileNameGp=../graphsdb/mcs90/bvg/b06m/mcs90_b06m_s35.A39 fileNameGt=../graphsdb/mcs90/bvg/b06m/mcs90_b06m_s35.B39
Reading graphs...
35 :  105
35 :  105
Initializing...
maxdom : 35
D->valSize : 1225
Solving...
currentSize : 15 <-- 0.033836 s
currentSize : 17 <-- 0.034033 s
currentSize : 18 <-- 0.034850 s
currentSize : 19 <-- 0.168718 s
currentSize : 20 <-- 0.844242 s
currentSize : 21 <-- 21.507690 s
currentSize : 22 <-- 58.769676 s
currentSize : 24 <-- 60.324192 s
currentSize : 26 <-- 61.944313 s
currentSize : 27 <-- 64.562202 s
currentSize : 28 <-- 64.572014 s
currentSize : 31 <-- 65.700851 s

maxsize : 31
nodes : 4118818.000000
filtered : 121149446.000000
CCGP filtered : 12343930.000000
CCGT filtered : 8558458.000000
time : 65.894501
