Parameters: GAD=1 vflib=1 dir=0 label=0 lowerbound=1 fileNameGp=../graphsdb/mcs90/rand/r005/mcs90_r005_s30.A34 fileNameGt=../graphsdb/mcs90/rand/r005/mcs90_r005_s30.B34
Reading graphs...
30 :  42
30 :  42
Initializing...
maxdom : 30
D->valSize : 900
Solving...
currentSize : 14 <-- 0.011259 s
currentSize : 15 <-- 0.011580 s
currentSize : 16 <-- 0.011635 s
currentSize : 17 <-- 0.011841 s
currentSize : 18 <-- 0.015209 s
currentSize : 19 <-- 0.017866 s
currentSize : 20 <-- 0.031649 s
currentSize : 21 <-- 0.211670 s
currentSize : 22 <-- 0.212913 s
currentSize : 23 <-- 0.217309 s
currentSize : 24 <-- 0.220343 s
currentSize : 25 <-- 0.830684 s
currentSize : 26 <-- 0.885685 s
currentSize : 27 <-- 0.885721 s

maxsize : 27
nodes : 27596.000000
filtered : 1117373.000000
CCGP filtered : 583552.000000
CCGT filtered : 344474.000000
time : 0.899252
