Parameters: GAD=1 vflib=1 dir=0 label=0 lowerbound=1 fileNameGp=../graphsdb/mcs90/bvg/b09m/mcs90_b09m_s30.A98 fileNameGt=../graphsdb/mcs90/bvg/b09m/mcs90_b09m_s30.B98
Reading graphs...
30 :  133
30 :  132
Initializing...
maxdom : 30
D->valSize : 900
Solving...
currentSize : 9 <-- 0.009844 s
currentSize : 10 <-- 0.009935 s
currentSize : 12 <-- 0.010042 s
currentSize : 13 <-- 0.024925 s
currentSize : 14 <-- 0.033955 s
currentSize : 15 <-- 2.126745 s
currentSize : 16 <-- 6.398656 s
currentSize : 19 <-- 9.281200 s
currentSize : 21 <-- 9.734039 s
currentSize : 26 <-- 9.736465 s

maxsize : 26
nodes : 889451.000000
filtered : 16913659.000000
CCGP filtered : 161304.000000
CCGT filtered : 300775.000000
time : 9.831936
