Parameters: GAD=1 vflib=1 dir=0 label=0 lowerbound=1 fileNameGp=../graphsdb/mcs90/bvg/b09/mcs90_b09_s35.A79 fileNameGt=../graphsdb/mcs90/bvg/b09/mcs90_b09_s35.B79
Reading graphs...
35 :  157
35 :  157
Initializing...
maxdom : 35
D->valSize : 1225
Solving...
currentSize : 12 <-- 0.031718 s
currentSize : 13 <-- 0.031975 s
currentSize : 14 <-- 0.032741 s
currentSize : 15 <-- 0.033759 s
currentSize : 16 <-- 0.034781 s
currentSize : 17 <-- 0.218249 s
currentSize : 18 <-- 0.240519 s
currentSize : 20 <-- 0.538417 s
currentSize : 22 <-- 0.538528 s
currentSize : 23 <-- 0.538921 s
currentSize : 25 <-- 0.539688 s
currentSize : 26 <-- 0.540053 s
currentSize : 30 <-- 0.561902 s

maxsize : 30
nodes : 78383.000000
filtered : 3996031.000000
CCGP filtered : 10847.000000
CCGT filtered : 15935.000000
time : 1.524475
