Parameters: GAD=1 vflib=1 dir=0 label=0 lowerbound=1 fileNameGp=../graphsdb/mcs90/bvg/b09m/mcs90_b09m_s25.A98 fileNameGt=../graphsdb/mcs90/bvg/b09m/mcs90_b09m_s25.B98
Reading graphs...
25 :  110
25 :  110
Initializing...
maxdom : 25
D->valSize : 625
Solving...
currentSize : 7 <-- 0.005196 s
currentSize : 8 <-- 0.005261 s
currentSize : 9 <-- 0.005389 s
currentSize : 10 <-- 0.005738 s
currentSize : 11 <-- 0.008340 s
currentSize : 12 <-- 0.107555 s
currentSize : 13 <-- 0.276468 s
currentSize : 14 <-- 1.348716 s
currentSize : 22 <-- 1.712775 s

maxsize : 22
nodes : 159285.000000
filtered : 2286467.000000
CCGP filtered : 14510.000000
CCGT filtered : 28629.000000
time : 1.736896
