Parameters: GAD=1 vflib=1 dir=0 label=0 lowerbound=1 fileNameGp=../graphsdb/mcs90/rand/r005/mcs90_r005_s25.A13 fileNameGt=../graphsdb/mcs90/rand/r005/mcs90_r005_s25.B13
Reading graphs...
25 :  29
25 :  29
Initializing...
maxdom : 25
D->valSize : 625
Solving...
currentSize : 11 <-- 0.005429 s
currentSize : 12 <-- 0.005473 s
currentSize : 14 <-- 0.005636 s
currentSize : 15 <-- 0.005704 s
currentSize : 17 <-- 0.008602 s
currentSize : 18 <-- 0.024097 s
currentSize : 19 <-- 0.025241 s
currentSize : 20 <-- 0.177671 s
currentSize : 21 <-- 0.190727 s
currentSize : 22 <-- 0.190779 s

maxsize : 22
nodes : 11972.000000
filtered : 295996.000000
CCGP filtered : 222671.000000
CCGT filtered : 96939.000000
time : 0.260740
