Parameters: GAD=1 vflib=1 dir=0 label=0 lowerbound=1 fileNameGp=../graphsdb/mcs90/m3D/m3Dr2/mcs90_m3Dr2_s30.A34 fileNameGt=../graphsdb/mcs90/m3D/m3Dr2/mcs90_m3Dr2_s30.B34
Reading graphs...
30 :  65
30 :  64
Initializing...
maxdom : 30
D->valSize : 900
Solving...
currentSize : 14 <-- 0.010761 s
currentSize : 15 <-- 0.010902 s
currentSize : 16 <-- 0.011065 s
currentSize : 17 <-- 0.011351 s
currentSize : 18 <-- 0.015172 s
currentSize : 19 <-- 0.046799 s
currentSize : 20 <-- 0.077851 s
currentSize : 21 <-- 0.570014 s
currentSize : 22 <-- 0.588287 s
currentSize : 23 <-- 1.061326 s
currentSize : 24 <-- 1.061560 s
currentSize : 26 <-- 1.061730 s
currentSize : 27 <-- 1.176297 s

maxsize : 27
nodes : 71644.000000
filtered : 2199073.000000
CCGP filtered : 66440.000000
CCGT filtered : 20255.000000
time : 1.258988
