Parameters: GAD=1 vflib=1 dir=0 label=0 lowerbound=1 fileNameGp=../graphsdb/mcs90/bvg/b09/mcs90_b09_s30.A33 fileNameGt=../graphsdb/mcs90/bvg/b09/mcs90_b09_s30.B33
Reading graphs...
30 :  134
30 :  135
Initializing...
maxdom : 30
D->valSize : 900
Solving...
currentSize : 11 <-- 0.009380 s
currentSize : 12 <-- 0.009510 s
currentSize : 13 <-- 0.009680 s
currentSize : 14 <-- 0.013979 s
currentSize : 15 <-- 0.018956 s
currentSize : 16 <-- 0.019070 s
currentSize : 17 <-- 0.029042 s
currentSize : 18 <-- 0.115333 s
currentSize : 20 <-- 0.131982 s
currentSize : 21 <-- 0.152496 s
currentSize : 22 <-- 0.197003 s
currentSize : 26 <-- 1.692824 s

maxsize : 26
nodes : 110591.000000
filtered : 5291815.000000
CCGP filtered : 5938.000000
CCGT filtered : 5273.000000
time : 1.827876
