Parameters: GAD=1 vflib=1 dir=0 label=0 lowerbound=1 fileNameGp=../graphsdb/mcs90/m2D/m2Dr2/mcs90_m2Dr2_s30.A27 fileNameGt=../graphsdb/mcs90/m2D/m2Dr2/mcs90_m2Dr2_s30.B27
Reading graphs...
30 :  55
30 :  55
Initializing...
maxdom : 30
D->valSize : 900
Solving...
currentSize : 14 <-- 0.019250 s
currentSize : 15 <-- 0.019351 s
currentSize : 16 <-- 0.019440 s
currentSize : 17 <-- 0.020127 s
currentSize : 18 <-- 0.024151 s
currentSize : 19 <-- 0.253728 s
currentSize : 20 <-- 0.580043 s
currentSize : 21 <-- 1.135877 s
currentSize : 22 <-- 8.713067 s
currentSize : 25 <-- 9.092811 s

maxsize : 25
nodes : 461721.000000
filtered : 13925303.000000
CCGP filtered : 2389758.000000
CCGT filtered : 1369810.000000
time : 10.423697
