Parameters: GAD=1 vflib=1 dir=0 label=0 lowerbound=1 fileNameGp=../graphsdb/mcs90/bvg/b03m/mcs90_b03m_s25.A90 fileNameGt=../graphsdb/mcs90/bvg/b03m/mcs90_b03m_s25.B90
Reading graphs...
25 :  37
25 :  37
Initializing...
maxdom : 25
D->valSize : 625
Solving...
currentSize : 9 <-- 0.005298 s
currentSize : 12 <-- 0.005364 s
currentSize : 13 <-- 0.005703 s
currentSize : 14 <-- 0.006003 s
currentSize : 15 <-- 0.006127 s
currentSize : 16 <-- 0.011152 s
currentSize : 17 <-- 0.029897 s
currentSize : 18 <-- 0.049020 s
currentSize : 19 <-- 0.129257 s
currentSize : 20 <-- 0.132944 s
currentSize : 21 <-- 0.134746 s
currentSize : 22 <-- 0.135041 s
currentSize : 23 <-- 0.135212 s

maxsize : 23
nodes : 10939.000000
filtered : 232530.000000
CCGP filtered : 156207.000000
CCGT filtered : 39289.000000
time : 0.146434
