Parameters: GAD=1 vflib=1 dir=0 label=0 lowerbound=1 fileNameGp=../graphsdb/mcs90/rand/r02/mcs90_r02_s35.A44 fileNameGt=../graphsdb/mcs90/rand/r02/mcs90_r02_s35.B44
Reading graphs...
35 :  218
35 :  214
Initializing...
maxdom : 35
D->valSize : 1225
Solving...
currentSize : 11 <-- 0.029915 s
currentSize : 12 <-- 0.032375 s
currentSize : 13 <-- 0.046487 s
currentSize : 14 <-- 0.714399 s
currentSize : 15 <-- 52.535809 s
currentSize : 18 <-- 70.865189 s
currentSize : 20 <-- 139.862579 s
currentSize : 21 <-- 203.570786 s
currentSize : 24 <-- 214.760132 s
currentSize : 31 <-- 214.760513 s

maxsize : 31
nodes : 16191674.000000
filtered : 298544835.000000
CCGP filtered : 92361.000000
CCGT filtered : 233433.000000
time : 215.059174
