Parameters: GAD=1 vflib=1 dir=0 label=0 lowerbound=1 fileNameGp=../graphsdb/mcs90/bvg/b03m/mcs90_b03m_s35.A39 fileNameGt=../graphsdb/mcs90/bvg/b03m/mcs90_b03m_s35.B39
Reading graphs...
35 :  51
35 :  52
Initializing...
maxdom : 35
D->valSize : 1225
Solving...
currentSize : 18 <-- 0.026441 s
currentSize : 19 <-- 0.026748 s
currentSize : 20 <-- 0.026799 s
currentSize : 21 <-- 0.027772 s
currentSize : 22 <-- 0.053776 s
currentSize : 23 <-- 0.369868 s
currentSize : 24 <-- 0.371173 s
currentSize : 25 <-- 0.452284 s
currentSize : 26 <-- 17.196796 s
currentSize : 27 <-- 17.196983 s
currentSize : 30 <-- 23.155872 s

maxsize : 30
nodes : 632168.000000
filtered : 25399075.000000
CCGP filtered : 14066656.000000
CCGT filtered : 8220810.000000
time : 25.978781
