Parameters: GAD=1 vflib=1 dir=0 label=0 lowerbound=1 fileNameGp=../graphsdb/mcs90/m3D/m3Dr6/mcs90_m3Dr6_s30.A45 fileNameGt=../graphsdb/mcs90/m3D/m3Dr6/mcs90_m3Dr6_s30.B45
Reading graphs...
30 :  76
30 :  72
Initializing...
maxdom : 30
D->valSize : 900
Solving...
currentSize : 14 <-- 0.010727 s
currentSize : 16 <-- 0.010772 s
currentSize : 17 <-- 0.010904 s
currentSize : 18 <-- 0.013757 s
currentSize : 19 <-- 4.720026 s
currentSize : 20 <-- 5.912633 s
currentSize : 21 <-- 10.745540 s
currentSize : 23 <-- 11.059384 s
currentSize : 24 <-- 12.079539 s
currentSize : 27 <-- 12.079677 s

maxsize : 27
nodes : 903318.000000
filtered : 24850016.000000
CCGP filtered : 1296970.000000
CCGT filtered : 612406.000000
time : 12.142440
