Parameters: GAD=1 vflib=1 dir=0 label=0 lowerbound=1 fileNameGp=../graphsdb/mcs90/bvg/b03/mcs90_b03_s35.A98 fileNameGt=../graphsdb/mcs90/bvg/b03/mcs90_b03_s35.B98
Reading graphs...
35 :  51
35 :  52
Initializing...
maxdom : 35
D->valSize : 1225
Solving...
currentSize : 13 <-- 0.020868 s
currentSize : 23 <-- 0.020988 s
currentSize : 24 <-- 0.021020 s
currentSize : 25 <-- 0.021292 s
currentSize : 26 <-- 0.032948 s
currentSize : 27 <-- 0.048388 s
currentSize : 28 <-- 0.097869 s
currentSize : 30 <-- 0.102595 s
currentSize : 31 <-- 0.102942 s
currentSize : 32 <-- 1.137176 s

maxsize : 32
nodes : 13842.000000
filtered : 966691.000000
CCGP filtered : 94431.000000
CCGT filtered : 39031.000000
time : 1.566140
