Parameters: GAD=1 vflib=1 dir=0 label=0 lowerbound=1 fileNameGp=../graphsdb/mcs90/rand/r02/mcs90_r02_s35.A93 fileNameGt=../graphsdb/mcs90/rand/r02/mcs90_r02_s35.B93
Reading graphs...
35 :  220
35 :  217
Initializing...
maxdom : 35
D->valSize : 1225
Solving...
currentSize : 10 <-- 0.029889 s
currentSize : 12 <-- 0.030190 s
currentSize : 13 <-- 0.036058 s
currentSize : 14 <-- 0.036334 s
currentSize : 15 <-- 0.056235 s
currentSize : 16 <-- 4.358522 s
currentSize : 17 <-- 32.202751 s
currentSize : 18 <-- 34.521030 s
currentSize : 19 <-- 43.259144 s
currentSize : 21 <-- 68.510338 s
currentSize : 23 <-- 68.563622 s
currentSize : 31 <-- 70.611839 s

maxsize : 31
nodes : 5320925.000000
filtered : 104967758.000000
CCGP filtered : 34234.000000
CCGT filtered : 76168.000000
time : 70.838257
