Parameters: GAD=1 vflib=1 dir=0 label=0 lowerbound=1 fileNameGp=../graphsdb/mcs90/rand/r005/mcs90_r005_s30.A18 fileNameGt=../graphsdb/mcs90/rand/r005/mcs90_r005_s30.B18
Reading graphs...
30 :  42
30 :  42
Initializing...
maxdom : 30
D->valSize : 900
Solving...
currentSize : 16 <-- 0.011319 s
currentSize : 17 <-- 0.012549 s
currentSize : 18 <-- 0.020769 s
currentSize : 19 <-- 0.038749 s
currentSize : 20 <-- 1.257958 s
currentSize : 21 <-- 1.423877 s
currentSize : 22 <-- 1.489567 s
currentSize : 23 <-- 1.686832 s
currentSize : 24 <-- 1.687059 s
currentSize : 26 <-- 1.696448 s
currentSize : 27 <-- 1.696461 s

maxsize : 27
nodes : 93996.000000
filtered : 2156898.000000
CCGP filtered : 2084886.000000
CCGT filtered : 1035172.000000
time : 1.770157
