Parameters: GAD=1 vflib=1 dir=0 label=0 lowerbound=1 fileNameGp=../graphsdb/mcs90/bvg/b06m/mcs90_b06m_s20.A47 fileNameGt=../graphsdb/mcs90/bvg/b06m/mcs90_b06m_s20.B47
Reading graphs...
20 :  59
20 :  59
Initializing...
maxdom : 20
D->valSize : 400
Solving...
currentSize : 7 <-- 0.002180 s
currentSize : 8 <-- 0.002249 s
currentSize : 9 <-- 0.002266 s
currentSize : 10 <-- 0.002507 s
currentSize : 11 <-- 0.003679 s
currentSize : 12 <-- 0.006020 s
currentSize : 13 <-- 0.006881 s
currentSize : 16 <-- 0.024574 s
currentSize : 18 <-- 0.024728 s

maxsize : 18
nodes : 3080.000000
filtered : 63778.000000
CCGP filtered : 720.000000
CCGT filtered : 362.000000
time : 0.032656
