Parameters: GAD=1 vflib=1 dir=0 label=0 lowerbound=1 fileNameGp=../graphsdb/mcs90/bvg/b03m/mcs90_b03m_s35.A46 fileNameGt=../graphsdb/mcs90/bvg/b03m/mcs90_b03m_s35.B46
Reading graphs...
35 :  52
35 :  52
Initializing...
maxdom : 35
D->valSize : 1225
Solving...
currentSize : 23 <-- 0.021448 s
currentSize : 24 <-- 0.021708 s
currentSize : 25 <-- 0.024274 s
currentSize : 26 <-- 0.024447 s
currentSize : 27 <-- 0.028480 s
currentSize : 28 <-- 0.052698 s
currentSize : 29 <-- 0.088529 s
currentSize : 30 <-- 0.088600 s
currentSize : 31 <-- 0.092450 s
currentSize : 32 <-- 0.092589 s

maxsize : 32
nodes : 3627.000000
filtered : 210825.000000
CCGP filtered : 129950.000000
CCGT filtered : 29895.000000
time : 0.361383
