Parameters: GAD=1 vflib=1 dir=0 label=0 lowerbound=1 fileNameGp=../graphsdb/mcs90/bvg/b06/mcs90_b06_s35.A79 fileNameGt=../graphsdb/mcs90/bvg/b06/mcs90_b06_s35.B79
Reading graphs...
35 :  105
35 :  105
Initializing...
maxdom : 35
D->valSize : 1225
Solving...
currentSize : 22 <-- 0.019391 s
currentSize : 23 <-- 0.019595 s
currentSize : 24 <-- 0.020147 s
currentSize : 25 <-- 0.020393 s
currentSize : 26 <-- 0.021495 s
currentSize : 27 <-- 0.023196 s
currentSize : 28 <-- 0.024581 s
currentSize : 29 <-- 0.024836 s
currentSize : 31 <-- 0.032935 s
currentSize : 32 <-- 0.236297 s

maxsize : 32
nodes : 7402.000000
filtered : 540592.000000
CCGP filtered : 11.000000
CCGT filtered : 2528.000000
time : 0.515206
