Parameters: GAD=1 vflib=1 dir=0 label=0 lowerbound=1 fileNameGp=../graphsdb/mcs90/bvg/b06m/mcs90_b06m_s30.A01 fileNameGt=../graphsdb/mcs90/bvg/b06m/mcs90_b06m_s30.B01
Reading graphs...
30 :  88
30 :  88
Initializing...
maxdom : 30
D->valSize : 900
Solving...
currentSize : 12 <-- 0.010140 s
currentSize : 14 <-- 0.010211 s
currentSize : 15 <-- 0.010282 s
currentSize : 16 <-- 0.011297 s
currentSize : 17 <-- 0.011346 s
currentSize : 18 <-- 0.072538 s
currentSize : 19 <-- 1.058321 s
currentSize : 20 <-- 1.121376 s
currentSize : 22 <-- 3.437405 s
currentSize : 25 <-- 3.977766 s
currentSize : 27 <-- 3.978059 s

maxsize : 27
nodes : 248665.000000
filtered : 9022459.000000
CCGP filtered : 559217.000000
CCGT filtered : 238222.000000
time : 4.065504
