Parameters: GAD=1 vflib=1 dir=0 label=0 lowerbound=1 fileNameGp=../graphsdb/mcs90/bvg/b09m/mcs90_b09m_s35.A36 fileNameGt=../graphsdb/mcs90/bvg/b09m/mcs90_b09m_s35.B36
Reading graphs...
35 :  150
35 :  148
Initializing...
maxdom : 35
D->valSize : 1225
Solving...
currentSize : 13 <-- 0.018348 s
currentSize : 14 <-- 0.018594 s
currentSize : 15 <-- 0.102759 s
currentSize : 16 <-- 1.276378 s
currentSize : 17 <-- 1.989686 s
currentSize : 18 <-- 46.501698 s
currentSize : 19 <-- 54.832973 s
currentSize : 20 <-- 126.034302 s
currentSize : 22 <-- 127.805443 s
currentSize : 27 <-- 127.833450 s
currentSize : 30 <-- 129.102982 s

maxsize : 30
nodes : 9776562.000000
filtered : 245702395.000000
CCGP filtered : 2016237.000000
CCGT filtered : 3997626.000000
time : 129.596054
