Parameters: GAD=1 vflib=1 dir=0 label=0 lowerbound=1 fileNameGp=../graphsdb/mcs90/rand/r01/mcs90_r01_s30.A06 fileNameGt=../graphsdb/mcs90/rand/r01/mcs90_r01_s30.B06
Reading graphs...
30 :  85
30 :  84
Initializing...
maxdom : 30
D->valSize : 900
Solving...
currentSize : 12 <-- 0.010436 s
currentSize : 13 <-- 0.010484 s
currentSize : 14 <-- 0.012014 s
currentSize : 15 <-- 0.018782 s
currentSize : 16 <-- 0.032784 s
currentSize : 17 <-- 0.035622 s
currentSize : 18 <-- 4.075766 s
currentSize : 19 <-- 7.038582 s
currentSize : 21 <-- 8.668550 s
currentSize : 22 <-- 8.668875 s
currentSize : 27 <-- 8.669006 s

maxsize : 27
nodes : 646197.000000
filtered : 15051740.000000
CCGP filtered : 690417.000000
CCGT filtered : 700784.000000
time : 8.736530
