Parameters: GAD=1 vflib=1 dir=0 label=0 lowerbound=1 fileNameGp=../graphsdb/mcs90/bvg/b03m/mcs90_b03m_s35.A65 fileNameGt=../graphsdb/mcs90/bvg/b03m/mcs90_b03m_s35.B65
Reading graphs...
35 :  51
35 :  51
Initializing...
maxdom : 35
D->valSize : 1225
Solving...
currentSize : 16 <-- 0.021136 s
currentSize : 17 <-- 0.021236 s
currentSize : 18 <-- 0.021360 s
currentSize : 19 <-- 0.021465 s
currentSize : 20 <-- 0.021917 s
currentSize : 22 <-- 0.022091 s
currentSize : 23 <-- 0.024813 s
currentSize : 24 <-- 0.161849 s
currentSize : 25 <-- 0.297398 s
currentSize : 27 <-- 0.739021 s
currentSize : 28 <-- 0.739807 s
currentSize : 29 <-- 1.140453 s
currentSize : 30 <-- 1.141811 s
currentSize : 32 <-- 1.142396 s

maxsize : 32
nodes : 43194.000000
filtered : 1365863.000000
CCGP filtered : 1333437.000000
CCGT filtered : 429577.000000
time : 1.305384
