Parameters: GAD=1 vflib=1 dir=0 label=0 lowerbound=1 fileNameGp=../graphsdb/mcs90/bvg/b09m/mcs90_b09m_s35.A25 fileNameGt=../graphsdb/mcs90/bvg/b09m/mcs90_b09m_s35.B25
Reading graphs...
35 :  154
35 :  153
Initializing...
maxdom : 35
D->valSize : 1225
Solving...
currentSize : 12 <-- 0.023942 s
currentSize : 13 <-- 0.024212 s
currentSize : 14 <-- 0.024310 s
currentSize : 15 <-- 0.025844 s
currentSize : 16 <-- 5.795441 s
currentSize : 17 <-- 93.244476 s
currentSize : 18 <-- 138.822464 s
currentSize : 19 <-- 141.110321 s
currentSize : 21 <-- 141.110443 s
currentSize : 22 <-- 227.392639 s
currentSize : 30 <-- 244.340897 s

maxsize : 30
nodes : 18721371.000000
filtered : 442309471.000000
CCGP filtered : 2322807.000000
CCGT filtered : 3596832.000000
time : 244.818832
