Parameters: GAD=1 vflib=1 dir=0 label=0 lowerbound=1 fileNameGp=../graphsdb/mcs90/rand/r01/mcs90_r01_s35.A73 fileNameGt=../graphsdb/mcs90/rand/r01/mcs90_r01_s35.B73
Reading graphs...
35 :  115
35 :  112
Initializing...
maxdom : 35
D->valSize : 1225
Solving...
currentSize : 13 <-- 0.033532 s
currentSize : 15 <-- 0.033755 s
currentSize : 17 <-- 0.039352 s
currentSize : 18 <-- 0.142978 s
currentSize : 20 <-- 0.143390 s
currentSize : 21 <-- 0.144791 s
currentSize : 22 <-- 0.498621 s
currentSize : 23 <-- 0.518574 s
currentSize : 27 <-- 0.786345 s
currentSize : 31 <-- 0.801249 s

maxsize : 31
nodes : 56623.000000
filtered : 1988845.000000
CCGP filtered : 34012.000000
CCGT filtered : 43911.000000
time : 0.987319
