Parameters: GAD=1 vflib=1 dir=0 label=0 lowerbound=1 fileNameGp=../graphsdb/mcs90/bvg/b06m/mcs90_b06m_s25.A11 fileNameGt=../graphsdb/mcs90/bvg/b06m/mcs90_b06m_s25.B11
Reading graphs...
25 :  75
25 :  75
Initializing...
maxdom : 25
D->valSize : 625
Solving...
currentSize : 10 <-- 0.004786 s
currentSize : 11 <-- 0.004936 s
currentSize : 12 <-- 0.005089 s
currentSize : 13 <-- 0.010839 s
currentSize : 14 <-- 0.018787 s
currentSize : 15 <-- 1.358694 s
currentSize : 16 <-- 2.066232 s
currentSize : 18 <-- 2.936142 s
currentSize : 22 <-- 2.942059 s

maxsize : 22
nodes : 271979.000000
filtered : 5507065.000000
CCGP filtered : 197554.000000
CCGT filtered : 188908.000000
time : 2.971578
