Parameters: GAD=1 vflib=1 dir=0 label=0 lowerbound=1 fileNameGp=../graphsdb/mcs90/rand/r005/mcs90_r005_s30.A47 fileNameGt=../graphsdb/mcs90/rand/r005/mcs90_r005_s30.B47
Reading graphs...
30 :  40
30 :  40
Initializing...
maxdom : 30
D->valSize : 900
Solving...
currentSize : 14 <-- 0.011277 s
currentSize : 15 <-- 0.011380 s
currentSize : 17 <-- 0.011981 s
currentSize : 18 <-- 0.028300 s
currentSize : 19 <-- 0.107043 s
currentSize : 20 <-- 0.363133 s
currentSize : 21 <-- 0.369394 s
currentSize : 22 <-- 1.083421 s
currentSize : 23 <-- 1.095497 s
currentSize : 24 <-- 1.099399 s
currentSize : 25 <-- 1.102040 s
currentSize : 27 <-- 1.167367 s

maxsize : 27
nodes : 61667.000000
filtered : 1361658.000000
CCGP filtered : 1058282.000000
CCGT filtered : 602896.000000
time : 1.223355
