Parameters: GAD=1 vflib=1 dir=0 label=0 lowerbound=1 fileNameGp=../graphsdb/mcs90/rand/r005/mcs90_r005_s25.A92 fileNameGt=../graphsdb/mcs90/rand/r005/mcs90_r005_s25.B92
Reading graphs...
25 :  29
25 :  29
Initializing...
maxdom : 25
D->valSize : 625
Solving...
currentSize : 9 <-- 0.005479 s
currentSize : 12 <-- 0.005559 s
currentSize : 13 <-- 0.005708 s
currentSize : 14 <-- 0.006109 s
currentSize : 16 <-- 0.006125 s
currentSize : 18 <-- 0.007518 s
currentSize : 19 <-- 0.007596 s
currentSize : 20 <-- 0.007944 s
currentSize : 21 <-- 0.035756 s
currentSize : 22 <-- 0.049018 s

maxsize : 22
nodes : 2838.000000
filtered : 104726.000000
CCGP filtered : 57119.000000
CCGT filtered : 32272.000000
time : 0.070617
