Parameters: GAD=1 vflib=1 dir=0 label=0 lowerbound=1 fileNameGp=../graphsdb/mcs90/bvg/b06m/mcs90_b06m_s35.A27 fileNameGt=../graphsdb/mcs90/bvg/b06m/mcs90_b06m_s35.B27
Reading graphs...
35 :  101
35 :  101
Initializing...
maxdom : 35
D->valSize : 1225
Solving...
currentSize : 16 <-- 0.033607 s
currentSize : 17 <-- 0.033848 s
currentSize : 18 <-- 0.039910 s
currentSize : 19 <-- 0.084717 s
currentSize : 20 <-- 0.227876 s
currentSize : 21 <-- 0.292586 s
currentSize : 22 <-- 0.589029 s
currentSize : 23 <-- 0.614142 s
currentSize : 25 <-- 1.725616 s
currentSize : 26 <-- 2.254280 s
currentSize : 28 <-- 8.522870 s
currentSize : 31 <-- 9.388047 s

maxsize : 31
nodes : 289421.000000
filtered : 16934774.000000
CCGP filtered : 659846.000000
CCGT filtered : 465933.000000
time : 9.597781
