Parameters: GAD=1 vflib=1 dir=0 label=0 lowerbound=1 fileNameGp=../graphsdb/mcs90/bvg/b06m/mcs90_b06m_s30.A98 fileNameGt=../graphsdb/mcs90/bvg/b06m/mcs90_b06m_s30.B98
Reading graphs...
30 :  90
30 :  88
Initializing...
maxdom : 30
D->valSize : 900
Solving...
currentSize : 8 <-- 0.010062 s
currentSize : 13 <-- 0.010125 s
currentSize : 14 <-- 0.010495 s
currentSize : 15 <-- 0.012594 s
currentSize : 16 <-- 0.015635 s
currentSize : 17 <-- 0.428093 s
currentSize : 18 <-- 1.972783 s
currentSize : 19 <-- 7.912466 s
currentSize : 20 <-- 10.174008 s
currentSize : 21 <-- 10.232498 s
currentSize : 23 <-- 11.141350 s
currentSize : 25 <-- 11.141571 s
currentSize : 27 <-- 11.145403 s

maxsize : 27
nodes : 718050.000000
filtered : 20602582.000000
CCGP filtered : 851163.000000
CCGT filtered : 908185.000000
time : 11.209069
