Parameters: GAD=1 vflib=1 dir=0 label=0 lowerbound=1 fileNameGp=../graphsdb/mcs90/m4D/m4D/mcs90_m4D_s20.A93 fileNameGt=../graphsdb/mcs90/m4D/m4D/mcs90_m4D_s20.B93
Reading graphs...
20 :  37
20 :  37
Initializing...
maxdom : 20
D->valSize : 400
Solving...
currentSize : 7 <-- 0.002257 s
currentSize : 8 <-- 0.002365 s
currentSize : 9 <-- 0.002815 s
currentSize : 10 <-- 0.003434 s
currentSize : 11 <-- 0.003447 s
currentSize : 12 <-- 0.003937 s
currentSize : 13 <-- 0.006194 s
currentSize : 14 <-- 0.012916 s
currentSize : 16 <-- 0.015931 s
currentSize : 17 <-- 0.016546 s
currentSize : 18 <-- 0.018833 s

maxsize : 18
nodes : 1932.000000
filtered : 43953.000000
CCGP filtered : 22400.000000
CCGT filtered : 7720.000000
time : 0.024318
