Parameters: GAD=1 vflib=1 dir=0 label=0 lowerbound=1 fileNameGp=../graphsdb/mcs90/m2D/m2Dr4/mcs90_m2Dr4_s30.A79 fileNameGt=../graphsdb/mcs90/m2D/m2Dr4/mcs90_m2Dr4_s30.B79
Reading graphs...
30 :  60
30 :  58
Initializing...
maxdom : 30
D->valSize : 900
Solving...
currentSize : 15 <-- 0.010973 s
currentSize : 16 <-- 0.011165 s
currentSize : 17 <-- 0.011382 s
currentSize : 18 <-- 0.012197 s
currentSize : 20 <-- 0.012952 s
currentSize : 21 <-- 0.013201 s
currentSize : 22 <-- 13.933413 s
currentSize : 23 <-- 16.790335 s
currentSize : 25 <-- 16.790592 s

maxsize : 25
nodes : 779970.000000
filtered : 26987723.000000
CCGP filtered : 2089563.000000
CCGT filtered : 1647042.000000
time : 17.574511
