Parameters: GAD=1 vflib=1 dir=0 label=0 lowerbound=1 fileNameGp=../graphsdb/mcs90/m2D/m2Dr2/mcs90_m2Dr2_s30.A94 fileNameGt=../graphsdb/mcs90/m2D/m2Dr2/mcs90_m2Dr2_s30.B94
Reading graphs...
30 :  54
30 :  53
Initializing...
maxdom : 30
D->valSize : 900
Solving...
currentSize : 14 <-- 0.010943 s
currentSize : 16 <-- 0.010974 s
currentSize : 17 <-- 0.011013 s
currentSize : 18 <-- 0.011159 s
currentSize : 19 <-- 0.011842 s
currentSize : 20 <-- 0.154680 s
currentSize : 21 <-- 0.922062 s
currentSize : 22 <-- 9.996145 s
currentSize : 23 <-- 16.350037 s
currentSize : 24 <-- 16.379770 s
currentSize : 25 <-- 16.787453 s

maxsize : 25
nodes : 724182.000000
filtered : 24082112.000000
CCGP filtered : 2897619.000000
CCGT filtered : 1445322.000000
time : 17.707035
