Parameters: GAD=1 vflib=1 dir=0 label=0 lowerbound=1 fileNameGp=../graphsdb/mcs90/m3D/m3Dr6/mcs90_m3Dr6_s30.A38 fileNameGt=../graphsdb/mcs90/m3D/m3Dr6/mcs90_m3Dr6_s30.B38
Reading graphs...
30 :  78
30 :  77
Initializing...
maxdom : 30
D->valSize : 900
Solving...
currentSize : 15 <-- 0.010298 s
currentSize : 16 <-- 0.012061 s
currentSize : 17 <-- 0.024656 s
currentSize : 18 <-- 0.119410 s
currentSize : 19 <-- 16.466139 s
currentSize : 21 <-- 19.822395 s
currentSize : 22 <-- 23.489859 s
currentSize : 24 <-- 24.266066 s
currentSize : 25 <-- 24.318451 s
currentSize : 27 <-- 24.318579 s

maxsize : 27
nodes : 1737002.000000
filtered : 45876804.000000
CCGP filtered : 2142177.000000
CCGT filtered : 1189596.000000
time : 24.364853
