Parameters: GAD=1 vflib=1 dir=0 label=0 lowerbound=1 fileNameGp=../graphsdb/mcs90/rand/r005/mcs90_r005_s35.A76 fileNameGt=../graphsdb/mcs90/rand/r005/mcs90_r005_s35.B76
Reading graphs...
35 :  57
35 :  57
Initializing...
maxdom : 35
D->valSize : 1225
Solving...
currentSize : 16 <-- 0.037218 s
currentSize : 17 <-- 0.037260 s
currentSize : 18 <-- 0.037483 s
currentSize : 20 <-- 0.038307 s
currentSize : 22 <-- 0.048052 s
currentSize : 23 <-- 3.630889 s
currentSize : 24 <-- 3.693536 s
currentSize : 25 <-- 16.376127 s
currentSize : 27 <-- 16.401754 s
currentSize : 28 <-- 16.636229 s
currentSize : 31 <-- 16.636625 s

maxsize : 31
nodes : 883245.000000
filtered : 26173595.000000
CCGP filtered : 12330359.000000
CCGT filtered : 8463264.000000
time : 16.903624
