Parameters: GAD=1 vflib=1 dir=0 label=0 lowerbound=1 fileNameGp=../graphsdb/mcs90/bvg/b09m/mcs90_b09m_s30.A16 fileNameGt=../graphsdb/mcs90/bvg/b09m/mcs90_b09m_s30.B16
Reading graphs...
30 :  130
30 :  131
Initializing...
maxdom : 30
D->valSize : 900
Solving...
currentSize : 10 <-- 0.009719 s
currentSize : 11 <-- 0.009942 s
currentSize : 12 <-- 0.010879 s
currentSize : 13 <-- 0.019430 s
currentSize : 14 <-- 0.141555 s
currentSize : 15 <-- 54.882305 s
currentSize : 16 <-- 54.883186 s
currentSize : 17 <-- 55.262699 s
currentSize : 20 <-- 55.263962 s
currentSize : 26 <-- 55.265953 s

maxsize : 26
nodes : 5215749.000000
filtered : 68533240.000000
CCGP filtered : 1139178.000000
CCGT filtered : 1571827.000000
time : 55.441612
