Parameters: GAD=1 vflib=1 dir=0 label=0 lowerbound=1 fileNameGp=../graphsdb/mcs90/bvg/b09/mcs90_b09_s35.A53 fileNameGt=../graphsdb/mcs90/bvg/b09/mcs90_b09_s35.B53
Reading graphs...
35 :  156
35 :  156
Initializing...
maxdom : 35
D->valSize : 1225
Solving...
currentSize : 14 <-- 0.017867 s
currentSize : 15 <-- 0.018068 s
currentSize : 16 <-- 0.018583 s
currentSize : 17 <-- 0.028685 s
currentSize : 18 <-- 0.123405 s
currentSize : 19 <-- 0.281132 s
currentSize : 20 <-- 0.582266 s
currentSize : 22 <-- 0.582429 s
currentSize : 24 <-- 0.582641 s
currentSize : 25 <-- 0.584150 s
currentSize : 26 <-- 0.603806 s
currentSize : 27 <-- 0.619012 s
currentSize : 28 <-- 0.760161 s
currentSize : 29 <-- 0.889284 s
currentSize : 30 <-- 1.154382 s

maxsize : 30
nodes : 71814.000000
filtered : 3491350.000000
CCGP filtered : 25163.000000
CCGT filtered : 3513.000000
time : 1.475371
