Parameters: GAD=1 vflib=1 dir=0 label=0 lowerbound=1 fileNameGp=../graphsdb/mcs90/bvg/b06m/mcs90_b06m_s35.A17 fileNameGt=../graphsdb/mcs90/bvg/b06m/mcs90_b06m_s35.B17
Reading graphs...
35 :  103
35 :  103
Initializing...
maxdom : 35
D->valSize : 1225
Solving...
currentSize : 10 <-- 0.019390 s
currentSize : 14 <-- 0.019548 s
currentSize : 16 <-- 0.019601 s
currentSize : 17 <-- 0.019663 s
currentSize : 18 <-- 0.020984 s
currentSize : 19 <-- 0.034562 s
currentSize : 20 <-- 0.039181 s
currentSize : 21 <-- 8.211509 s
currentSize : 22 <-- 188.230347 s
currentSize : 23 <-- 188.746262 s
currentSize : 24 <-- 220.247650 s
currentSize : 25 <-- 220.255356 s
currentSize : 27 <-- 220.255844 s
currentSize : 28 <-- 220.279938 s
currentSize : 31 <-- 220.303116 s

maxsize : 31
nodes : 11830390.000000
filtered : 394845659.000000
CCGP filtered : 41703502.000000
CCGT filtered : 29358481.000000
time : 220.645264
