Parameters: GAD=1 vflib=1 dir=0 label=0 lowerbound=1 fileNameGp=../graphsdb/mcs90/m2D/m2D/mcs90_m2D_s30.A49 fileNameGt=../graphsdb/mcs90/m2D/m2D/mcs90_m2D_s30.B49
Reading graphs...
30 :  49
30 :  48
Initializing...
maxdom : 30
D->valSize : 900
Solving...
currentSize : 14 <-- 0.019603 s
currentSize : 15 <-- 0.019746 s
currentSize : 16 <-- 0.019957 s
currentSize : 17 <-- 0.020184 s
currentSize : 18 <-- 0.022799 s
currentSize : 19 <-- 0.022884 s
currentSize : 20 <-- 0.050590 s
currentSize : 21 <-- 0.111912 s
currentSize : 24 <-- 0.456250 s
currentSize : 25 <-- 0.613850 s
currentSize : 26 <-- 0.790720 s

maxsize : 26
nodes : 40744.000000
filtered : 1556326.000000
CCGP filtered : 288500.000000
CCGT filtered : 143735.000000
time : 1.352770
