Parameters: GAD=1 vflib=1 dir=0 label=0 lowerbound=1 fileNameGp=../graphsdb/mcs90/m2D/m2Dr4/mcs90_m2Dr4_s30.A53 fileNameGt=../graphsdb/mcs90/m2D/m2Dr4/mcs90_m2Dr4_s30.B53
Reading graphs...
30 :  60
30 :  60
Initializing...
maxdom : 30
D->valSize : 900
Solving...
currentSize : 10 <-- 0.018944 s
currentSize : 11 <-- 0.019111 s
currentSize : 12 <-- 0.019141 s
currentSize : 14 <-- 0.019347 s
currentSize : 16 <-- 0.019511 s
currentSize : 17 <-- 0.027462 s
currentSize : 18 <-- 0.029402 s
currentSize : 19 <-- 0.393739 s
currentSize : 20 <-- 5.647368 s
currentSize : 25 <-- 6.885912 s

maxsize : 25
nodes : 533812.000000
filtered : 12790707.000000
CCGP filtered : 2801806.000000
CCGT filtered : 1455297.000000
time : 7.531904
