Parameters: GAD=1 vflib=1 dir=0 label=0 lowerbound=1 fileNameGp=../graphsdb/mcs90/bvg/b06/mcs90_b06_s25.A85 fileNameGt=../graphsdb/mcs90/bvg/b06/mcs90_b06_s25.B85
Reading graphs...
25 :  75
25 :  74
Initializing...
maxdom : 25
D->valSize : 625
Solving...
currentSize : 14 <-- 0.004865 s
currentSize : 15 <-- 0.004956 s
currentSize : 16 <-- 0.005872 s
currentSize : 17 <-- 0.006156 s
currentSize : 18 <-- 0.006579 s
currentSize : 19 <-- 0.007120 s
currentSize : 20 <-- 0.007303 s
currentSize : 21 <-- 0.010004 s
currentSize : 22 <-- 0.010211 s

maxsize : 22
nodes : 3226.000000
filtered : 131386.000000
CCGP filtered : 141.000000
CCGT filtered : 672.000000
time : 0.075909
