Parameters: GAD=1 vflib=1 dir=0 label=0 lowerbound=1 fileNameGp=../graphsdb/mcs90/rand/r02/mcs90_r02_s30.A90 fileNameGt=../graphsdb/mcs90/rand/r02/mcs90_r02_s30.B90
Reading graphs...
30 :  163
30 :  163
Initializing...
maxdom : 30
D->valSize : 900
Solving...
currentSize : 10 <-- 0.009704 s
currentSize : 11 <-- 0.009765 s
currentSize : 12 <-- 0.017639 s
currentSize : 13 <-- 1.585545 s
currentSize : 14 <-- 12.728140 s
currentSize : 15 <-- 22.940868 s
currentSize : 16 <-- 22.941992 s
currentSize : 18 <-- 29.503204 s
currentSize : 19 <-- 31.185154 s
currentSize : 27 <-- 33.364365 s

maxsize : 27
nodes : 3071626.000000
filtered : 40358718.000000
CCGP filtered : 46395.000000
CCGT filtered : 51112.000000
time : 33.410660
