Parameters: GAD=1 vflib=1 dir=0 label=0 lowerbound=1 fileNameGp=../graphsdb/mcs90/rand/r01/mcs90_r01_s35.A16 fileNameGt=../graphsdb/mcs90/rand/r01/mcs90_r01_s35.B16
Reading graphs...
35 :  114
35 :  113
Initializing...
maxdom : 35
D->valSize : 1225
Solving...
currentSize : 15 <-- 0.024169 s
currentSize : 16 <-- 0.026328 s
currentSize : 17 <-- 0.174516 s
currentSize : 18 <-- 0.184302 s
currentSize : 19 <-- 1.390043 s
currentSize : 20 <-- 2.591183 s
currentSize : 23 <-- 2.592289 s
currentSize : 24 <-- 3.417452 s
currentSize : 25 <-- 3.508314 s
currentSize : 31 <-- 3.556534 s

maxsize : 31
nodes : 291592.000000
filtered : 6376346.000000
CCGP filtered : 86058.000000
CCGT filtered : 102419.000000
time : 3.998553
