Parameters: GAD=1 vflib=1 dir=0 label=0 lowerbound=1 fileNameGp=../graphsdb/mcs90/bvg/b06/mcs90_b06_s30.A28 fileNameGt=../graphsdb/mcs90/bvg/b06/mcs90_b06_s30.B28
Reading graphs...
30 :  90
30 :  90
Initializing...
maxdom : 30
D->valSize : 900
Solving...
currentSize : 17 <-- 0.009982 s
currentSize : 18 <-- 0.010070 s
currentSize : 19 <-- 0.010175 s
currentSize : 20 <-- 0.010429 s
currentSize : 21 <-- 0.010736 s
currentSize : 22 <-- 0.010899 s
currentSize : 23 <-- 0.011091 s
currentSize : 24 <-- 0.011295 s
currentSize : 25 <-- 0.011737 s
currentSize : 26 <-- 0.012353 s
currentSize : 27 <-- 0.012791 s

maxsize : 27
nodes : 2356.000000
filtered : 179094.000000
CCGP filtered : 0.000000
CCGT filtered : 0.000000
time : 0.236118
