Parameters: GAD=1 vflib=1 dir=0 label=0 lowerbound=1 fileNameGp=../graphsdb/mcs90/rand/r005/mcs90_r005_s30.A48 fileNameGt=../graphsdb/mcs90/rand/r005/mcs90_r005_s30.B48
Reading graphs...
30 :  41
30 :  42
Initializing...
maxdom : 30
D->valSize : 900
Solving...
currentSize : 10 <-- 0.011611 s
currentSize : 13 <-- 0.011658 s
currentSize : 14 <-- 0.011931 s
currentSize : 15 <-- 0.012148 s
currentSize : 16 <-- 0.012360 s
currentSize : 17 <-- 0.012585 s
currentSize : 18 <-- 0.014313 s
currentSize : 19 <-- 0.248254 s
currentSize : 20 <-- 0.296681 s
currentSize : 21 <-- 0.431410 s
currentSize : 22 <-- 0.509857 s
currentSize : 24 <-- 0.738792 s
currentSize : 25 <-- 0.752935 s
currentSize : 26 <-- 0.963387 s
currentSize : 27 <-- 0.963925 s

maxsize : 27
nodes : 59760.000000
filtered : 1572109.000000
CCGP filtered : 1335753.000000
CCGT filtered : 591436.000000
time : 0.987002
