Parameters: GAD=1 vflib=1 dir=0 label=0 lowerbound=1 fileNameGp=../graphsdb/mcs90/bvg/b03/mcs90_b03_s35.A76 fileNameGt=../graphsdb/mcs90/bvg/b03/mcs90_b03_s35.B76
Reading graphs...
35 :  52
35 :  52
Initializing...
maxdom : 35
D->valSize : 1225
Solving...
currentSize : 21 <-- 0.025760 s
currentSize : 22 <-- 0.025787 s
currentSize : 23 <-- 0.027995 s
currentSize : 24 <-- 0.028713 s
currentSize : 25 <-- 0.115007 s
currentSize : 26 <-- 0.153413 s
currentSize : 27 <-- 1.003921 s
currentSize : 28 <-- 4.835535 s
currentSize : 30 <-- 5.083182 s
currentSize : 31 <-- 5.315973 s

maxsize : 31
nodes : 132179.000000
filtered : 6725344.000000
CCGP filtered : 1372245.000000
CCGT filtered : 478266.000000
time : 8.878840
