Parameters: GAD=1 vflib=1 dir=0 label=0 lowerbound=1 fileNameGp=../graphsdb/mcs90/rand/r01/mcs90_r01_s35.A02 fileNameGt=../graphsdb/mcs90/rand/r01/mcs90_r01_s35.B02
Reading graphs...
35 :  111
35 :  109
Initializing...
maxdom : 35
D->valSize : 1225
Solving...
currentSize : 14 <-- 0.023573 s
currentSize : 15 <-- 0.024328 s
currentSize : 16 <-- 0.028245 s
currentSize : 17 <-- 0.100416 s
currentSize : 18 <-- 1.846795 s
currentSize : 19 <-- 7.017786 s
currentSize : 20 <-- 87.738098 s
currentSize : 24 <-- 294.363037 s
currentSize : 25 <-- 302.643005 s
currentSize : 31 <-- 306.946991 s

maxsize : 31
nodes : 23180766.000000
filtered : 594575826.000000
CCGP filtered : 16307197.000000
CCGT filtered : 16194699.000000
time : 307.263550
