Parameters: GAD=1 vflib=1 dir=0 label=0 lowerbound=1 fileNameGp=../graphsdb/mcs90/rand/r02/mcs90_r02_s20.A33 fileNameGt=../graphsdb/mcs90/rand/r02/mcs90_r02_s20.B33
Reading graphs...
20 :  69
20 :  67
Initializing...
maxdom : 20
D->valSize : 400
Solving...
currentSize : 7 <-- 0.001973 s
currentSize : 8 <-- 0.002007 s
currentSize : 9 <-- 0.002070 s
currentSize : 10 <-- 0.002134 s
currentSize : 11 <-- 0.003313 s
currentSize : 12 <-- 0.155375 s
currentSize : 13 <-- 0.190608 s
currentSize : 14 <-- 0.190757 s
currentSize : 18 <-- 0.211431 s

maxsize : 18
nodes : 28390.000000
filtered : 358061.000000
CCGP filtered : 8013.000000
CCGT filtered : 4544.000000
time : 0.212841
