Parameters: GAD=1 vflib=1 dir=0 label=0 lowerbound=1 fileNameGp=../graphsdb/mcs90/bvg/b03m/mcs90_b03m_s35.A04 fileNameGt=../graphsdb/mcs90/bvg/b03m/mcs90_b03m_s35.B04
Reading graphs...
35 :  51
35 :  51
Initializing...
maxdom : 35
D->valSize : 1225
Solving...
currentSize : 15 <-- 0.021080 s
currentSize : 16 <-- 0.021119 s
currentSize : 17 <-- 0.021322 s
currentSize : 19 <-- 0.021525 s
currentSize : 20 <-- 0.021542 s
currentSize : 21 <-- 0.195143 s
currentSize : 22 <-- 0.314532 s
currentSize : 23 <-- 0.402119 s
currentSize : 24 <-- 0.406204 s
currentSize : 25 <-- 1.451058 s
currentSize : 26 <-- 3.176249 s
currentSize : 27 <-- 3.518129 s
currentSize : 28 <-- 3.802689 s
currentSize : 29 <-- 3.816786 s
currentSize : 30 <-- 3.816882 s

maxsize : 30
nodes : 276557.000000
filtered : 9367907.000000
CCGP filtered : 8684687.000000
CCGT filtered : 3812808.000000
time : 7.602342
