Parameters: GAD=1 vflib=1 dir=0 label=0 lowerbound=1 fileNameGp=../graphsdb/mcs90/rand/r02/mcs90_r02_s25.A13 fileNameGt=../graphsdb/mcs90/rand/r02/mcs90_r02_s25.B13
Reading graphs...
25 :  108
25 :  108
Initializing...
maxdom : 25
D->valSize : 625
Solving...
currentSize : 8 <-- 0.007888 s
currentSize : 9 <-- 0.007939 s
currentSize : 10 <-- 0.008098 s
currentSize : 11 <-- 0.008393 s
currentSize : 12 <-- 0.038128 s
currentSize : 14 <-- 0.190428 s
currentSize : 15 <-- 0.818412 s
currentSize : 17 <-- 1.153541 s
currentSize : 20 <-- 1.156424 s
currentSize : 22 <-- 1.157835 s

maxsize : 22
nodes : 105345.000000
filtered : 1571430.000000
CCGP filtered : 3209.000000
CCGT filtered : 1957.000000
time : 1.194295
