Parameters: GAD=1 vflib=1 dir=0 label=0 lowerbound=1 fileNameGp=../graphsdb/mcs90/m2D/m2Dr4/mcs90_m2Dr4_s30.A50 fileNameGt=../graphsdb/mcs90/m2D/m2Dr4/mcs90_m2Dr4_s30.B50
Reading graphs...
30 :  60
30 :  60
Initializing...
maxdom : 30
D->valSize : 900
Solving...
currentSize : 13 <-- 0.018891 s
currentSize : 16 <-- 0.018950 s
currentSize : 17 <-- 0.019177 s
currentSize : 18 <-- 0.021539 s
currentSize : 19 <-- 0.093837 s
currentSize : 20 <-- 0.910406 s
currentSize : 21 <-- 0.920985 s
currentSize : 22 <-- 1.041199 s
currentSize : 25 <-- 1.041647 s

maxsize : 25
nodes : 87267.000000
filtered : 3325919.000000
CCGP filtered : 278441.000000
CCGT filtered : 107464.000000
time : 2.001237
