Parameters: GAD=1 vflib=1 dir=0 label=0 lowerbound=1 fileNameGp=../graphsdb/mcs90/bvg/b06/mcs90_b06_s30.A76 fileNameGt=../graphsdb/mcs90/bvg/b06/mcs90_b06_s30.B76
Reading graphs...
30 :  90
30 :  90
Initializing...
maxdom : 30
D->valSize : 900
Solving...
currentSize : 14 <-- 0.017901 s
currentSize : 16 <-- 0.018085 s
currentSize : 17 <-- 0.018455 s
currentSize : 18 <-- 0.023177 s
currentSize : 19 <-- 0.026601 s
currentSize : 20 <-- 0.028756 s
currentSize : 23 <-- 0.031613 s
currentSize : 24 <-- 0.031679 s
currentSize : 25 <-- 0.031847 s
currentSize : 27 <-- 0.032984 s

maxsize : 27
nodes : 5262.000000
filtered : 294314.000000
CCGP filtered : 2383.000000
CCGT filtered : 1756.000000
time : 0.241622
