Parameters: GAD=1 vflib=1 dir=0 label=0 lowerbound=1 fileNameGp=../graphsdb/mcs90/m3D/m3Dr2/mcs90_m3Dr2_s30.A85 fileNameGt=../graphsdb/mcs90/m3D/m3Dr2/mcs90_m3Dr2_s30.B85
Reading graphs...
30 :  67
30 :  67
Initializing...
maxdom : 30
D->valSize : 900
Solving...
currentSize : 14 <-- 0.010533 s
currentSize : 15 <-- 0.010595 s
currentSize : 16 <-- 0.011971 s
currentSize : 17 <-- 0.015232 s
currentSize : 18 <-- 0.669710 s
currentSize : 19 <-- 0.672682 s
currentSize : 20 <-- 13.741643 s
currentSize : 21 <-- 13.937547 s
currentSize : 22 <-- 13.941074 s
currentSize : 24 <-- 13.973678 s
currentSize : 27 <-- 13.973882 s

maxsize : 27
nodes : 1256807.000000
filtered : 22424607.000000
CCGP filtered : 736141.000000
CCGT filtered : 1023026.000000
time : 14.067269
