Parameters: GAD=1 vflib=1 dir=0 label=0 lowerbound=1 fileNameGp=../graphsdb/mcs90/bvg/b09/mcs90_b09_s25.A74 fileNameGt=../graphsdb/mcs90/bvg/b09/mcs90_b09_s25.B74
Reading graphs...
25 :  112
25 :  112
Initializing...
maxdom : 25
D->valSize : 625
Solving...
currentSize : 10 <-- 0.004620 s
currentSize : 11 <-- 0.004690 s
currentSize : 12 <-- 0.004856 s
currentSize : 13 <-- 0.005646 s
currentSize : 14 <-- 0.014761 s
currentSize : 15 <-- 0.051629 s
currentSize : 18 <-- 0.053463 s
currentSize : 19 <-- 0.329518 s
currentSize : 22 <-- 0.380659 s

maxsize : 22
nodes : 36438.000000
filtered : 1210501.000000
CCGP filtered : 1459.000000
CCGT filtered : 1409.000000
time : 0.427961
