Parameters: GAD=1 vflib=1 dir=0 label=0 lowerbound=1 fileNameGp=../graphsdb/mcs90/rand/r02/mcs90_r02_s20.A75 fileNameGt=../graphsdb/mcs90/rand/r02/mcs90_r02_s20.B75
Reading graphs...
20 :  68
20 :  67
Initializing...
maxdom : 20
D->valSize : 400
Solving...
currentSize : 7 <-- 0.002038 s
currentSize : 8 <-- 0.002078 s
currentSize : 9 <-- 0.002234 s
currentSize : 10 <-- 0.003174 s
currentSize : 11 <-- 0.009078 s
currentSize : 12 <-- 0.091797 s
currentSize : 13 <-- 0.229331 s
currentSize : 15 <-- 0.230962 s
currentSize : 18 <-- 0.231045 s

maxsize : 18
nodes : 31731.000000
filtered : 425135.000000
CCGP filtered : 2613.000000
CCGT filtered : 1106.000000
time : 0.235689
