Parameters: GAD=1 vflib=1 dir=0 label=0 lowerbound=1 fileNameGp=../graphsdb/mcs90/bvg/b09m/mcs90_b09m_s30.A05 fileNameGt=../graphsdb/mcs90/bvg/b09m/mcs90_b09m_s30.B05
Reading graphs...
30 :  132
30 :  132
Initializing...
maxdom : 30
D->valSize : 900
Solving...
currentSize : 12 <-- 0.009338 s
currentSize : 13 <-- 0.009435 s
currentSize : 14 <-- 0.009493 s
currentSize : 15 <-- 0.010740 s
currentSize : 16 <-- 0.010817 s
currentSize : 18 <-- 0.097329 s
currentSize : 19 <-- 0.977037 s
currentSize : 21 <-- 1.729905 s
currentSize : 26 <-- 3.508702 s

maxsize : 26
nodes : 244876.000000
filtered : 9415025.000000
CCGP filtered : 10102.000000
CCGT filtered : 42295.000000
time : 3.600814
