Parameters: GAD=1 vflib=1 dir=0 label=0 lowerbound=1 fileNameGp=../graphsdb/mcs90/m3D/m3Dr4/mcs90_m3Dr4_s30.A13 fileNameGt=../graphsdb/mcs90/m3D/m3Dr4/mcs90_m3Dr4_s30.B13
Reading graphs...
30 :  69
30 :  68
Initializing...
maxdom : 30
D->valSize : 900
Solving...
currentSize : 14 <-- 0.010459 s
currentSize : 15 <-- 0.010503 s
currentSize : 16 <-- 0.011096 s
currentSize : 17 <-- 0.011619 s
currentSize : 18 <-- 0.425108 s
currentSize : 19 <-- 1.664965 s
currentSize : 20 <-- 1.999051 s
currentSize : 21 <-- 4.937383 s
currentSize : 22 <-- 13.372481 s
currentSize : 23 <-- 13.471819 s
currentSize : 24 <-- 13.519984 s
currentSize : 25 <-- 13.528894 s
currentSize : 27 <-- 13.534946 s

maxsize : 27
nodes : 976885.000000
filtered : 25376171.000000
CCGP filtered : 370064.000000
CCGT filtered : 677330.000000
time : 13.611605
