Parameters: GAD=1 vflib=1 dir=0 label=1 lowerbound=1 fileNameGp=../graphsdb/mcs10/rand/r02/mcs10_r02_s90.A53 fileNameGt=../graphsdb/mcs10/rand/r02/mcs10_r02_s90.B53
Reading graphs...
90 :  1420
90 :  1437
Initializing...
maxdom : 12
D->valSize : 465
Solving...
currentSize : 3 <-- 0.004167 s
currentSize : 5 <-- 0.004249 s
currentSize : 6 <-- 0.004629 s
currentSize : 7 <-- 0.005019 s
currentSize : 8 <-- 0.008426 s
currentSize : 9 <-- 0.018135 s

maxsize : 9
nodes : 8398.000000
filtered : 195414.000000
time : 0.062825
