Parameters: GAD=1 vflib=1 dir=0 label=1 lowerbound=1 fileNameGp=../graphsdb/mcs10/rand/r02/mcs10_r02_s90.A43 fileNameGt=../graphsdb/mcs10/rand/r02/mcs10_r02_s90.B43
Reading graphs...
90 :  1430
90 :  1427
Initializing...
maxdom : 9
D->valSize : 521
Solving...
currentSize : 3 <-- 0.005064 s
currentSize : 4 <-- 0.005117 s
currentSize : 5 <-- 0.005301 s
currentSize : 6 <-- 0.005415 s
currentSize : 7 <-- 0.006153 s
currentSize : 8 <-- 0.006384 s
currentSize : 9 <-- 0.006761 s

maxsize : 9
nodes : 11598.000000
filtered : 268168.000000
time : 0.088126
