Parameters: GAD=1 vflib=1 dir=0 label=1 lowerbound=1 fileNameGp=../graphsdb/mcs10/rand/r01/mcs10_r01_s50.A79 fileNameGt=../graphsdb/mcs10/rand/r01/mcs10_r01_s50.B79
Reading graphs...
50 :  242
50 :  235
Initializing...
maxdom : 9
D->valSize : 308
Solving...
currentSize : 1 <-- 0.001868 s
currentSize : 3 <-- 0.001903 s
currentSize : 5 <-- 0.001966 s
currentSize : 6 <-- 0.002480 s
currentSize : 7 <-- 0.003265 s
currentSize : 8 <-- 0.004934 s

maxsize : 8
nodes : 1602.000000
filtered : 35426.000000
time : 0.009279
