Parameters: GAD=1 vflib=1 dir=0 label=1 lowerbound=1 fileNameGp=../graphsdb/mcs10/rand/r02/mcs10_r02_s70.A75 fileNameGt=../graphsdb/mcs10/rand/r02/mcs10_r02_s70.B75
Reading graphs...
70 :  873
70 :  873
Initializing...
maxdom : 9
D->valSize : 329
Solving...
currentSize : 2 <-- 0.002379 s
currentSize : 3 <-- 0.002410 s
currentSize : 4 <-- 0.002428 s
currentSize : 5 <-- 0.002803 s
currentSize : 6 <-- 0.002978 s
currentSize : 8 <-- 0.003242 s

maxsize : 8
nodes : 2308.000000
filtered : 61882.000000
time : 0.016125
