Parameters: GAD=1 vflib=1 dir=0 label=1 lowerbound=1 fileNameGp=../graphsdb/mcs10/rand/r01/mcs10_r01_s80.A40 fileNameGt=../graphsdb/mcs10/rand/r01/mcs10_r01_s80.B40
Reading graphs...
80 :  600
80 :  601
Initializing...
maxdom : 8
D->valSize : 400
Solving...
currentSize : 1 <-- 0.003566 s
currentSize : 3 <-- 0.003631 s
currentSize : 4 <-- 0.003940 s
currentSize : 5 <-- 0.004146 s
currentSize : 6 <-- 0.005131 s
currentSize : 8 <-- 0.005698 s

maxsize : 8
nodes : 986.000000
filtered : 40146.000000
time : 0.010333
