Parameters: GAD=1 vflib=1 dir=0 label=1 lowerbound=1 fileNameGp=../graphsdb/mcs10/rand/r02/mcs10_r02_s60.A07 fileNameGt=../graphsdb/mcs10/rand/r02/mcs10_r02_s60.B07
Reading graphs...
60 :  638
60 :  632
Initializing...
maxdom : 7
D->valSize : 235
Solving...
currentSize : 2 <-- 0.001525 s
currentSize : 3 <-- 0.001571 s
currentSize : 4 <-- 0.001610 s
currentSize : 5 <-- 0.001688 s
currentSize : 6 <-- 0.002053 s
currentSize : 7 <-- 0.002116 s

maxsize : 7
nodes : 1188.000000
filtered : 25788.000000
time : 0.008224
