Parameters: GAD=1 vflib=1 dir=0 label=1 lowerbound=1 fileNameGp=../graphsdb/mcs10/rand/r01/mcs10_r01_s100.A09 fileNameGt=../graphsdb/mcs10/rand/r01/mcs10_r01_s100.B09
Reading graphs...
100 :  946
100 :  939
Initializing...
maxdom : 8
D->valSize : 319
Solving...
currentSize : 1 <-- 0.002777 s
currentSize : 2 <-- 0.002873 s
currentSize : 3 <-- 0.003140 s
currentSize : 4 <-- 0.003373 s
currentSize : 8 <-- 0.003998 s
currentSize : 10 <-- 0.004023 s

maxsize : 10
nodes : 910.000000
filtered : 23629.000000
time : 0.009233
