Parameters: GAD=1 vflib=1 dir=0 label=1 lowerbound=1 fileNameGp=../graphsdb/mcs10/rand/r02/mcs10_r02_s80.A39 fileNameGt=../graphsdb/mcs10/rand/r02/mcs10_r02_s80.B39
Reading graphs...
80 :  1136
80 :  1132
Initializing...
maxdom : 10
D->valSize : 404
Solving...
currentSize : 4 <-- 0.003464 s
currentSize : 5 <-- 0.003638 s
currentSize : 6 <-- 0.004142 s
currentSize : 7 <-- 0.007321 s
currentSize : 8 <-- 0.007477 s
currentSize : 9 <-- 0.010963 s

maxsize : 9
nodes : 5286.000000
filtered : 122762.000000
time : 0.039038
