Parameters: GAD=1 vflib=1 dir=0 label=1 lowerbound=1 fileNameGp=../graphsdb/mcs10/rand/r02/mcs10_r02_s90.A46 fileNameGt=../graphsdb/mcs10/rand/r02/mcs10_r02_s90.B46
Reading graphs...
90 :  1423
90 :  1454
Initializing...
maxdom : 10
D->valSize : 495
Solving...
currentSize : 3 <-- 0.004764 s
currentSize : 4 <-- 0.004818 s
currentSize : 5 <-- 0.004850 s
currentSize : 6 <-- 0.005761 s
currentSize : 8 <-- 0.007382 s
currentSize : 9 <-- 0.027765 s

maxsize : 9
nodes : 9865.000000
filtered : 231235.000000
time : 0.074750
