Parameters: GAD=1 vflib=1 dir=0 label=1 lowerbound=1 fileNameGp=../graphsdb/mcs10/rand/r01/mcs10_r01_s80.A34 fileNameGt=../graphsdb/mcs10/rand/r01/mcs10_r01_s80.B34
Reading graphs...
80 :  599
80 :  603
Initializing...
maxdom : 11
D->valSize : 397
Solving...
currentSize : 1 <-- 0.003062 s
currentSize : 3 <-- 0.003109 s
currentSize : 4 <-- 0.003530 s
currentSize : 5 <-- 0.004582 s
currentSize : 6 <-- 0.004672 s
currentSize : 8 <-- 0.005029 s

maxsize : 8
nodes : 1190.000000
filtered : 41362.000000
time : 0.010849
