Parameters: GAD=1 vflib=1 dir=0 label=1 lowerbound=1 fileNameGp=../graphsdb/mcs10/rand/r01/mcs10_r01_s50.A26 fileNameGt=../graphsdb/mcs10/rand/r01/mcs10_r01_s50.B26
Reading graphs...
50 :  236
50 :  235
Initializing...
maxdom : 13
D->valSize : 347
Solving...
currentSize : 2 <-- 0.002556 s
currentSize : 3 <-- 0.002605 s
currentSize : 4 <-- 0.002640 s
currentSize : 5 <-- 0.002669 s
currentSize : 7 <-- 0.002783 s
currentSize : 8 <-- 0.002948 s
currentSize : 9 <-- 0.003057 s

maxsize : 9
nodes : 2095.000000
filtered : 47818.000000
time : 0.014097
