Parameters: GAD=1 vflib=1 dir=0 label=1 lowerbound=1 fileNameGp=../graphsdb/mcs10/rand/r02/mcs10_r02_s90.A03 fileNameGt=../graphsdb/mcs10/rand/r02/mcs10_r02_s90.B03
Reading graphs...
90 :  1444
90 :  1434
Initializing...
maxdom : 10
D->valSize : 537
Solving...
currentSize : 4 <-- 0.005291 s
currentSize : 5 <-- 0.005332 s
currentSize : 6 <-- 0.005713 s
currentSize : 7 <-- 0.010313 s
currentSize : 8 <-- 0.013294 s
currentSize : 9 <-- 0.013522 s

maxsize : 9
nodes : 10398.000000
filtered : 263248.000000
time : 0.082252
