Parameters: GAD=1 vflib=1 dir=0 label=1 lowerbound=1 fileNameGp=../graphsdb/mcs10/rand/r01/mcs10_r01_s80.A30 fileNameGt=../graphsdb/mcs10/rand/r01/mcs10_r01_s80.B30
Reading graphs...
80 :  596
80 :  591
Initializing...
maxdom : 10
D->valSize : 437
Solving...
currentSize : 1 <-- 0.003691 s
currentSize : 3 <-- 0.003752 s
currentSize : 4 <-- 0.003810 s
currentSize : 5 <-- 0.004089 s
currentSize : 6 <-- 0.004568 s
currentSize : 9 <-- 0.006699 s

maxsize : 9
nodes : 1498.000000
filtered : 57033.000000
time : 0.013795
