Parameters: GAD=1 vflib=1 dir=0 label=1 lowerbound=1 fileNameGp=../graphsdb/mcs10/rand/r01/mcs10_r01_s90.A47 fileNameGt=../graphsdb/mcs10/rand/r01/mcs10_r01_s90.B47
Reading graphs...
90 :  767
90 :  764
Initializing...
maxdom : 10
D->valSize : 499
Solving...
currentSize : 3 <-- 0.004788 s
currentSize : 4 <-- 0.004966 s
currentSize : 5 <-- 0.004989 s
currentSize : 6 <-- 0.005481 s
currentSize : 8 <-- 0.007147 s
currentSize : 9 <-- 0.007198 s

maxsize : 9
nodes : 1872.000000
filtered : 76777.000000
time : 0.018688
