Parameters: GAD=1 vflib=1 dir=0 label=1 lowerbound=1 fileNameGp=../graphsdb/mcs10/rand/r02/mcs10_r02_s80.A49 fileNameGt=../graphsdb/mcs10/rand/r02/mcs10_r02_s80.B49
Reading graphs...
80 :  1150
80 :  1144
Initializing...
maxdom : 9
D->valSize : 388
Solving...
currentSize : 2 <-- 0.003167 s
currentSize : 4 <-- 0.003210 s
currentSize : 5 <-- 0.003354 s
currentSize : 6 <-- 0.004840 s
currentSize : 7 <-- 0.010219 s
currentSize : 8 <-- 0.019211 s

maxsize : 8
nodes : 3910.000000
filtered : 101768.000000
time : 0.029354
