Parameters: GAD=1 vflib=1 dir=0 label=1 lowerbound=1 fileNameGp=../graphsdb/mcs10/rand/r02/mcs10_r02_s80.A96 fileNameGt=../graphsdb/mcs10/rand/r02/mcs10_r02_s80.B96
Reading graphs...
80 :  1123
80 :  1133
Initializing...
maxdom : 8
D->valSize : 406
Solving...
currentSize : 3 <-- 0.003869 s
currentSize : 4 <-- 0.004082 s
currentSize : 5 <-- 0.004195 s
currentSize : 6 <-- 0.005777 s
currentSize : 8 <-- 0.006336 s
currentSize : 9 <-- 0.006887 s

maxsize : 9
nodes : 4935.000000
filtered : 121282.000000
time : 0.037489
