Parameters: GAD=1 vflib=1 dir=0 label=1 lowerbound=1 fileNameGp=../graphsdb/mcs10/rand/r01/mcs10_r01_s50.A72 fileNameGt=../graphsdb/mcs10/rand/r01/mcs10_r01_s50.B72
Reading graphs...
50 :  230
50 :  236
Initializing...
maxdom : 11
D->valSize : 303
Solving...
currentSize : 1 <-- 0.001885 s
currentSize : 3 <-- 0.001924 s
currentSize : 4 <-- 0.002019 s
currentSize : 5 <-- 0.002075 s
currentSize : 6 <-- 0.002852 s
currentSize : 7 <-- 0.003522 s

maxsize : 7
nodes : 1093.000000
filtered : 27614.000000
time : 0.007198
