Parameters: GAD=1 vflib=1 dir=0 label=1 lowerbound=1 fileNameGp=../graphsdb/mcs10/rand/r01/mcs10_r01_s90.A93 fileNameGt=../graphsdb/mcs10/rand/r01/mcs10_r01_s90.B93
Reading graphs...
90 :  757
90 :  764
Initializing...
maxdom : 12
D->valSize : 512
Solving...
currentSize : 1 <-- 0.005107 s
currentSize : 3 <-- 0.005172 s
currentSize : 4 <-- 0.005238 s
currentSize : 5 <-- 0.006061 s
currentSize : 6 <-- 0.006489 s
currentSize : 10 <-- 0.006743 s

maxsize : 10
nodes : 1597.000000
filtered : 70617.000000
time : 0.018545
