Parameters: GAD=1 vflib=1 dir=0 label=1 lowerbound=1 fileNameGp=../graphsdb/mcs10/rand/r01/mcs10_r01_s80.A66 fileNameGt=../graphsdb/mcs10/rand/r01/mcs10_r01_s80.B66
Reading graphs...
80 :  595
80 :  592
Initializing...
maxdom : 8
D->valSize : 409
Solving...
currentSize : 2 <-- 0.003361 s
currentSize : 3 <-- 0.003504 s
currentSize : 4 <-- 0.003685 s
currentSize : 5 <-- 0.003970 s
currentSize : 6 <-- 0.004243 s
currentSize : 8 <-- 0.006383 s

maxsize : 8
nodes : 1221.000000
filtered : 43615.000000
time : 0.011665
