Parameters: GAD=1 vflib=1 dir=0 label=1 lowerbound=1 fileNameGp=../graphsdb/mcs10/rand/r02/mcs10_r02_s70.A61 fileNameGt=../graphsdb/mcs10/rand/r02/mcs10_r02_s70.B61
Reading graphs...
70 :  863
70 :  862
Initializing...
maxdom : 9
D->valSize : 317
Solving...
currentSize : 3 <-- 0.002336 s
currentSize : 4 <-- 0.002361 s
currentSize : 5 <-- 0.003200 s
currentSize : 6 <-- 0.006147 s
currentSize : 7 <-- 0.007709 s
currentSize : 8 <-- 0.011362 s

maxsize : 8
nodes : 2091.000000
filtered : 52962.000000
time : 0.014381
