Parameters: GAD=1 vflib=1 dir=0 label=1 lowerbound=1 fileNameGp=../graphsdb/mcs10/m2D/m2Dr4/mcs10_m2Dr4_s50.A91 fileNameGt=../graphsdb/mcs10/m2D/m2Dr4/mcs10_m2Dr4_s50.B91
Reading graphs...
50 :  102
50 :  104
Initializing...
maxdom : 11
D->valSize : 315
Solving...
currentSize : 1 <-- 0.002031 s
currentSize : 2 <-- 0.002056 s
currentSize : 3 <-- 0.002183 s
currentSize : 4 <-- 0.002334 s
currentSize : 5 <-- 0.002784 s
currentSize : 6 <-- 0.002850 s

maxsize : 6
nodes : 487.000000
filtered : 10498.000000
time : 0.004174
