Parameters: GAD=1 vflib=1 dir=0 label=1 lowerbound=1 fileNameGp=../graphsdb/mcs10/rand/r01/mcs10_r01_s90.A29 fileNameGt=../graphsdb/mcs10/rand/r01/mcs10_r01_s90.B29
Reading graphs...
90 :  761
90 :  754
Initializing...
maxdom : 13
D->valSize : 556
Solving...
currentSize : 4 <-- 0.005667 s
currentSize : 5 <-- 0.005915 s
currentSize : 6 <-- 0.006016 s
currentSize : 7 <-- 0.007217 s
currentSize : 10 <-- 0.008250 s
currentSize : 11 <-- 0.008829 s

maxsize : 11
nodes : 2935.000000
filtered : 107136.000000
time : 0.027182
