Parameters: GAD=1 vflib=1 dir=0 label=1 lowerbound=1 fileNameGp=../graphsdb/mcs10/rand/r02/mcs10_r02_s80.A42 fileNameGt=../graphsdb/mcs10/rand/r02/mcs10_r02_s80.B42
Reading graphs...
80 :  1141
80 :  1141
Initializing...
maxdom : 9
D->valSize : 390
Solving...
currentSize : 1 <-- 0.003290 s
currentSize : 3 <-- 0.003342 s
currentSize : 4 <-- 0.003360 s
currentSize : 5 <-- 0.003660 s
currentSize : 7 <-- 0.004119 s
currentSize : 8 <-- 0.004233 s

maxsize : 8
nodes : 3684.000000
filtered : 99215.000000
time : 0.029108
