Parameters: GAD=1 vflib=1 dir=0 label=1 lowerbound=1 fileNameGp=../graphsdb/mcs10/rand/r01/mcs10_r01_s50.A19 fileNameGt=../graphsdb/mcs10/rand/r01/mcs10_r01_s50.B19
Reading graphs...
50 :  238
50 :  237
Initializing...
maxdom : 8
D->valSize : 309
Solving...
currentSize : 3 <-- 0.002074 s
currentSize : 4 <-- 0.002215 s
currentSize : 5 <-- 0.002613 s
currentSize : 6 <-- 0.003470 s
currentSize : 7 <-- 0.004499 s
currentSize : 8 <-- 0.005684 s

maxsize : 8
nodes : 1261.000000
filtered : 31564.000000
time : 0.008566
