Parameters: GAD=1 vflib=1 dir=0 label=1 lowerbound=1 fileNameGp=../graphsdb/mcs10/rand/r02/mcs10_r02_s100.A23 fileNameGt=../graphsdb/mcs10/rand/r02/mcs10_r02_s100.B23
Reading graphs...
100 :  1772
100 :  1763
Initializing...
maxdom : 6
D->valSize : 278
Solving...
currentSize : 1 <-- 0.002376 s
currentSize : 2 <-- 0.002416 s
currentSize : 4 <-- 0.002593 s
currentSize : 5 <-- 0.003986 s
currentSize : 6 <-- 0.005520 s
currentSize : 7 <-- 0.005595 s

maxsize : 7
nodes : 815.000000
filtered : 29215.000000
time : 0.008378
