Parameters: GAD=1 vflib=1 dir=0 label=1 lowerbound=1 fileNameGp=../graphsdb/mcs10/rand/r02/mcs10_r02_s90.A50 fileNameGt=../graphsdb/mcs10/rand/r02/mcs10_r02_s90.B50
Reading graphs...
90 :  1433
90 :  1438
Initializing...
maxdom : 9
D->valSize : 485
Solving...
currentSize : 3 <-- 0.004572 s
currentSize : 4 <-- 0.004636 s
currentSize : 5 <-- 0.004805 s
currentSize : 7 <-- 0.007147 s
currentSize : 8 <-- 0.014029 s
currentSize : 9 <-- 0.014055 s

maxsize : 9
nodes : 8142.000000
filtered : 203875.000000
time : 0.064243
