Parameters: GAD=1 vflib=1 dir=0 label=1 lowerbound=1 fileNameGp=../graphsdb/mcs10/rand/r02/mcs10_r02_s100.A36 fileNameGt=../graphsdb/mcs10/rand/r02/mcs10_r02_s100.B36
Reading graphs...
100 :  1790
100 :  1767
Initializing...
maxdom : 8
D->valSize : 317
Solving...
currentSize : 1 <-- 0.002899 s
currentSize : 2 <-- 0.002948 s
currentSize : 3 <-- 0.002998 s
currentSize : 4 <-- 0.003093 s
currentSize : 5 <-- 0.003324 s
currentSize : 9 <-- 0.006571 s
currentSize : 10 <-- 0.007202 s

maxsize : 10
nodes : 2038.000000
filtered : 45502.000000
time : 0.017498
