Parameters: GAD=1 vflib=1 dir=0 label=1 lowerbound=1 fileNameGp=../graphsdb/mcs10/rand/r02/mcs10_r02_s90.A16 fileNameGt=../graphsdb/mcs10/rand/r02/mcs10_r02_s90.B16
Reading graphs...
90 :  1430
90 :  1455
Initializing...
maxdom : 9
D->valSize : 527
Solving...
currentSize : 3 <-- 0.005731 s
currentSize : 4 <-- 0.005771 s
currentSize : 6 <-- 0.006066 s
currentSize : 7 <-- 0.006472 s
currentSize : 8 <-- 0.008833 s
currentSize : 9 <-- 0.009430 s

maxsize : 9
nodes : 10678.000000
filtered : 265558.000000
time : 0.084435
