Parameters: GAD=1 vflib=1 dir=0 label=1 lowerbound=1 fileNameGp=../graphsdb/mcs10/rand/r02/mcs10_r02_s60.A94 fileNameGt=../graphsdb/mcs10/rand/r02/mcs10_r02_s60.B94
Reading graphs...
60 :  647
60 :  638
Initializing...
maxdom : 7
D->valSize : 234
Solving...
currentSize : 1 <-- 0.001585 s
currentSize : 2 <-- 0.001619 s
currentSize : 3 <-- 0.001636 s
currentSize : 4 <-- 0.001719 s
currentSize : 5 <-- 0.001749 s
currentSize : 6 <-- 0.001973 s

maxsize : 6
nodes : 1293.000000
filtered : 27030.000000
time : 0.008251
