Parameters: GAD=1 vflib=1 dir=0 label=1 lowerbound=1 fileNameGp=../graphsdb/mcs30/rand/r02/mcs30_r02_s80.A01 fileNameGt=../graphsdb/mcs30/rand/r02/mcs30_r02_s80.B01
Reading graphs...
80 :  1149
80 :  1119
Initializing...
maxdom : 10
D->valSize : 444
Solving...
currentSize : 3 <-- 0.006576 s
currentSize : 4 <-- 0.006639 s
currentSize : 5 <-- 0.006876 s
currentSize : 6 <-- 0.007503 s
currentSize : 9 <-- 0.008349 s
currentSize : 12 <-- 0.011512 s
currentSize : 21 <-- 0.011962 s

maxsize : 21
nodes : 24717.000000
filtered : 285412.000000
time : 0.169415
