Parameters: GAD=1 vflib=1 dir=0 label=1 lowerbound=1 fileNameGp=../graphsdb/mcs30/rand/r02/mcs30_r02_s90.A56 fileNameGt=../graphsdb/mcs30/rand/r02/mcs30_r02_s90.B56
Reading graphs...
90 :  1431
90 :  1440
Initializing...
maxdom : 10
D->valSize : 509
Solving...
currentSize : 5 <-- 0.007735 s
currentSize : 8 <-- 0.010132 s
currentSize : 10 <-- 0.010198 s
currentSize : 15 <-- 0.010357 s
currentSize : 17 <-- 0.035130 s
currentSize : 18 <-- 0.035339 s
currentSize : 21 <-- 0.036169 s
currentSize : 22 <-- 0.036464 s

maxsize : 22
nodes : 35648.000000
filtered : 423520.000000
time : 0.279714
