Parameters: GAD=1 vflib=1 dir=0 label=1 lowerbound=1 fileNameGp=../graphsdb/mcs30/m3D/m3Dr4/mcs30_m3Dr4_s80.A62 fileNameGt=../graphsdb/mcs30/m3D/m3Dr4/mcs30_m3Dr4_s80.B62
Reading graphs...
80 :  216
80 :  212
Initializing...
maxdom : 10
D->valSize : 451
Solving...
currentSize : 1 <-- 0.004134 s
currentSize : 2 <-- 0.004244 s
currentSize : 3 <-- 0.004359 s
currentSize : 4 <-- 0.004459 s
currentSize : 11 <-- 0.004585 s
currentSize : 27 <-- 0.005931 s

maxsize : 27
nodes : 100446267.000000
filtered : 223056155.000000
time : 387.468781
