Parameters: GAD=1 vflib=1 dir=0 label=1 lowerbound=1 fileNameGp=../graphsdb/mcs30/rand/r02/mcs30_r02_s90.A72 fileNameGt=../graphsdb/mcs30/rand/r02/mcs30_r02_s90.B72
Reading graphs...
90 :  1432
90 :  1449
Initializing...
maxdom : 10
D->valSize : 509
Solving...
currentSize : 7 <-- 0.005050 s
currentSize : 8 <-- 0.005401 s
currentSize : 11 <-- 0.005900 s
currentSize : 12 <-- 0.010365 s
currentSize : 13 <-- 0.010411 s
currentSize : 14 <-- 0.010733 s
currentSize : 17 <-- 0.018032 s
currentSize : 20 <-- 0.029447 s
currentSize : 21 <-- 0.042042 s
currentSize : 22 <-- 0.106665 s

maxsize : 22
nodes : 30499.000000
filtered : 340938.000000
time : 0.208675
