Parameters: GAD=1 vflib=1 dir=0 label=1 lowerbound=1 fileNameGp=../graphsdb/mcs30/bvg/b06m/mcs30_b06m_s40.A17 fileNameGt=../graphsdb/mcs30/bvg/b06m/mcs30_b06m_s40.B17
Reading graphs...
40 :  118
40 :  118
Initializing...
maxdom : 7
D->valSize : 205
Solving...
currentSize : 1 <-- 0.001079 s
currentSize : 3 <-- 0.001115 s
currentSize : 4 <-- 0.001125 s
currentSize : 5 <-- 0.001274 s
currentSize : 6 <-- 0.001350 s
currentSize : 11 <-- 0.001449 s
currentSize : 12 <-- 0.004493 s

maxsize : 12
nodes : 6531.000000
filtered : 22586.000000
time : 0.019791
