Parameters: GAD=1 vflib=1 dir=0 label=1 lowerbound=1 fileNameGp=../graphsdb/mcs30/rand/r02/mcs30_r02_s90.A99 fileNameGt=../graphsdb/mcs30/rand/r02/mcs30_r02_s90.B99
Reading graphs...
90 :  1422
90 :  1434
Initializing...
maxdom : 10
D->valSize : 514
Solving...
currentSize : 6 <-- 0.005221 s
currentSize : 10 <-- 0.006802 s
currentSize : 11 <-- 0.006818 s
currentSize : 13 <-- 0.009044 s
currentSize : 14 <-- 0.021364 s
currentSize : 21 <-- 0.044428 s

maxsize : 21
nodes : 31693.000000
filtered : 363876.000000
time : 0.222696
