Parameters: GAD=1 vflib=1 dir=0 label=1 lowerbound=1 fileNameGp=../graphsdb/mcs30/m2D/m2Dr6/mcs30_m2Dr6_s50.A03 fileNameGt=../graphsdb/mcs30/m2D/m2Dr6/mcs30_m2Dr6_s50.B03
Reading graphs...
50 :  112
50 :  112
Initializing...
maxdom : 14
D->valSize : 338
Solving...
currentSize : 1 <-- 0.003620 s
currentSize : 4 <-- 0.003686 s
currentSize : 7 <-- 0.004054 s
currentSize : 8 <-- 0.004238 s
currentSize : 9 <-- 0.004393 s
currentSize : 16 <-- 0.004745 s

maxsize : 16
nodes : 54861.000000
filtered : 230600.000000
time : 0.279437
