Parameters: GAD=1 vflib=1 dir=0 label=1 lowerbound=1 fileNameGp=../graphsdb/mcs30/bvg/b09m/mcs30_b09m_s50.A66 fileNameGt=../graphsdb/mcs30/bvg/b09m/mcs30_b09m_s50.B66
Reading graphs...
50 :  212
50 :  213
Initializing...
maxdom : 10
D->valSize : 325
Solving...
currentSize : 1 <-- 0.002003 s
currentSize : 2 <-- 0.002033 s
currentSize : 5 <-- 0.002077 s
currentSize : 6 <-- 0.002241 s
currentSize : 7 <-- 0.002253 s
currentSize : 12 <-- 0.002785 s
currentSize : 13 <-- 0.013137 s

maxsize : 13
nodes : 26844.000000
filtered : 147580.000000
time : 0.086511
