Parameters: GAD=1 vflib=1 dir=0 label=1 lowerbound=1 fileNameGp=../graphsdb/mcs30/rand/r01/mcs30_r01_s90.A25 fileNameGt=../graphsdb/mcs30/rand/r01/mcs30_r01_s90.B25
Reading graphs...
90 :  762
90 :  749
Initializing...
maxdom : 9
D->valSize : 508
Solving...
currentSize : 3 <-- 0.005115 s
currentSize : 4 <-- 0.005185 s
currentSize : 5 <-- 0.005398 s
currentSize : 6 <-- 0.005899 s
currentSize : 13 <-- 0.007582 s
currentSize : 16 <-- 0.008277 s
currentSize : 23 <-- 0.014013 s
currentSize : 24 <-- 1.375089 s

maxsize : 24
nodes : 1928354.000000
filtered : 9853270.000000
time : 11.729027
