Parameters: GAD=1 vflib=1 dir=0 label=1 lowerbound=1 fileNameGp=../graphsdb/mcs30/bvg/b09m/mcs30_b09m_s35.A28 fileNameGt=../graphsdb/mcs30/bvg/b09m/mcs30_b09m_s35.B28
Reading graphs...
35 :  146
35 :  148
Initializing...
maxdom : 8
D->valSize : 157
Solving...
currentSize : 1 <-- 0.000782 s
currentSize : 3 <-- 0.000813 s
currentSize : 6 <-- 0.000848 s
currentSize : 7 <-- 0.000884 s
currentSize : 8 <-- 0.000921 s
currentSize : 9 <-- 0.002740 s

maxsize : 9
nodes : 1703.000000
filtered : 12548.000000
time : 0.006404
