Parameters: GAD=1 vflib=1 dir=0 label=1 lowerbound=1 fileNameGp=../graphsdb/mcs30/rand/r02/mcs30_r02_s80.A59 fileNameGt=../graphsdb/mcs30/rand/r02/mcs30_r02_s80.B59
Reading graphs...
80 :  1134
80 :  1132
Initializing...
maxdom : 9
D->valSize : 403
Solving...
currentSize : 4 <-- 0.003467 s
currentSize : 5 <-- 0.004168 s
currentSize : 6 <-- 0.004517 s
currentSize : 11 <-- 0.004601 s
currentSize : 16 <-- 0.005457 s
currentSize : 23 <-- 0.008958 s

maxsize : 23
nodes : 23450.000000
filtered : 236058.000000
time : 0.155309
