Parameters: GAD=1 vflib=1 dir=0 label=1 lowerbound=1 fileNameGp=../graphsdb/mcs30/m2D/m2D/mcs30_m2D_s50.A59 fileNameGt=../graphsdb/mcs30/m2D/m2D/mcs30_m2D_s50.B59
Reading graphs...
50 :  84
50 :  85
Initializing...
maxdom : 8
D->valSize : 323
Solving...
currentSize : 1 <-- 0.002054 s
currentSize : 2 <-- 0.002105 s
currentSize : 3 <-- 0.002185 s
currentSize : 13 <-- 0.002274 s
currentSize : 15 <-- 0.002445 s
currentSize : 16 <-- 0.013806 s

maxsize : 16
nodes : 38798.000000
filtered : 136568.000000
time : 0.105361
