Parameters: GAD=1 vflib=1 dir=0 label=1 lowerbound=1 fileNameGp=../graphsdb/mcs30/rand/r02/mcs30_r02_s90.A24 fileNameGt=../graphsdb/mcs30/rand/r02/mcs30_r02_s90.B24
Reading graphs...
90 :  1419
90 :  1429
Initializing...
maxdom : 11
D->valSize : 504
Solving...
currentSize : 2 <-- 0.004896 s
currentSize : 4 <-- 0.004943 s
currentSize : 5 <-- 0.005018 s
currentSize : 6 <-- 0.005074 s
currentSize : 7 <-- 0.006632 s
currentSize : 23 <-- 0.007559 s

maxsize : 23
nodes : 32002.000000
filtered : 408949.000000
time : 0.242662
