Parameters: GAD=1 vflib=1 dir=0 label=1 lowerbound=1 fileNameGp=../graphsdb/mcs30/bvg/b09/mcs30_b09_s40.A06 fileNameGt=../graphsdb/mcs30/bvg/b09/mcs30_b09_s40.B06
Reading graphs...
40 :  176
40 :  173
Initializing...
maxdom : 8
D->valSize : 199
Solving...
currentSize : 1 <-- 0.001110 s
currentSize : 2 <-- 0.001136 s
currentSize : 4 <-- 0.001184 s
currentSize : 5 <-- 0.001207 s
currentSize : 6 <-- 0.001384 s
currentSize : 12 <-- 0.001481 s

maxsize : 12
nodes : 6030.000000
filtered : 33961.000000
time : 0.022711
