Parameters: GAD=1 vflib=1 dir=0 label=1 lowerbound=1 fileNameGp=../graphsdb/mcs30/m3D/m3Dr6/mcs30_m3Dr6_s25.A28 fileNameGt=../graphsdb/mcs30/m3D/m3Dr6/mcs30_m3Dr6_s25.B28
Reading graphs...
25 :  60
25 :  59
Initializing...
maxdom : 9
D->valSize : 152
Solving...
currentSize : 1 <-- 0.000804 s
currentSize : 4 <-- 0.000833 s
currentSize : 5 <-- 0.000851 s
currentSize : 6 <-- 0.000909 s
currentSize : 7 <-- 0.000916 s
currentSize : 8 <-- 0.001174 s

maxsize : 8
nodes : 1061.000000
filtered : 10545.000000
time : 0.004053
