Parameters: GAD=1 vflib=1 dir=0 label=1 lowerbound=1 fileNameGp=../graphsdb/mcs30/rand/r02/mcs30_r02_s70.A36 fileNameGt=../graphsdb/mcs30/rand/r02/mcs30_r02_s70.B36
Reading graphs...
70 :  870
70 :  872
Initializing...
maxdom : 8
D->valSize : 322
Solving...
currentSize : 7 <-- 0.002500 s
currentSize : 8 <-- 0.003052 s
currentSize : 10 <-- 0.003226 s
currentSize : 11 <-- 0.003279 s
currentSize : 13 <-- 0.003463 s
currentSize : 14 <-- 0.003645 s
currentSize : 17 <-- 0.006011 s
currentSize : 18 <-- 0.006034 s

maxsize : 18
nodes : 9115.000000
filtered : 105280.000000
time : 0.057207
