Parameters: GAD=1 vflib=1 dir=0 label=1 lowerbound=1 fileNameGp=../graphsdb/mcs30/rand/r02/mcs30_r02_s90.A50 fileNameGt=../graphsdb/mcs30/rand/r02/mcs30_r02_s90.B50
Reading graphs...
90 :  1419
90 :  1430
Initializing...
maxdom : 10
D->valSize : 523
Solving...
currentSize : 5 <-- 0.008057 s
currentSize : 6 <-- 0.008222 s
currentSize : 7 <-- 0.009103 s
currentSize : 8 <-- 0.009164 s
currentSize : 10 <-- 0.010037 s
currentSize : 11 <-- 0.012176 s
currentSize : 23 <-- 0.033383 s

maxsize : 23
nodes : 38787.000000
filtered : 511768.000000
time : 0.394357
