Parameters: GAD=1 vflib=1 dir=0 label=1 lowerbound=1 fileNameGp=../graphsdb/mcs30/rand/r01/mcs30_r01_s50.A12 fileNameGt=../graphsdb/mcs30/rand/r01/mcs30_r01_s50.B12
Reading graphs...
50 :  232
50 :  238
Initializing...
maxdom : 8
D->valSize : 314
Solving...
currentSize : 2 <-- 0.001980 s
currentSize : 3 <-- 0.002034 s
currentSize : 6 <-- 0.002147 s
currentSize : 8 <-- 0.002312 s
currentSize : 10 <-- 0.002967 s
currentSize : 12 <-- 0.003434 s
currentSize : 13 <-- 0.004049 s
currentSize : 15 <-- 0.013479 s

maxsize : 15
nodes : 15820.000000
filtered : 103913.000000
time : 0.063893
