Parameters: GAD=1 vflib=1 dir=0 label=1 lowerbound=1 fileNameGp=../graphsdb/mcs30/bvg/b09/mcs30_b09_s40.A46 fileNameGt=../graphsdb/mcs30/bvg/b09/mcs30_b09_s40.B46
Reading graphs...
40 :  176
40 :  175
Initializing...
maxdom : 8
D->valSize : 237
Solving...
currentSize : 1 <-- 0.001470 s
currentSize : 3 <-- 0.001523 s
currentSize : 5 <-- 0.001575 s
currentSize : 6 <-- 0.001588 s
currentSize : 10 <-- 0.001953 s
currentSize : 12 <-- 0.004675 s

maxsize : 12
nodes : 5108.000000
filtered : 40144.000000
time : 0.022879
