Parameters: GAD=1 vflib=1 dir=0 label=1 lowerbound=1 fileNameGp=../graphsdb/mcs30/bvg/b03m/mcs30_b03m_s20.A77 fileNameGt=../graphsdb/mcs30/bvg/b03m/mcs30_b03m_s20.B77
Reading graphs...
20 :  29
20 :  29
Initializing...
maxdom : 8
D->valSize : 106
Solving...
currentSize : 1 <-- 0.000597 s
currentSize : 2 <-- 0.000651 s
currentSize : 3 <-- 0.000734 s
currentSize : 4 <-- 0.000804 s
currentSize : 5 <-- 0.000817 s
currentSize : 6 <-- 0.001028 s

maxsize : 6
nodes : 196.000000
filtered : 1916.000000
time : 0.001171
