Parameters: GAD=1 vflib=1 dir=0 label=1 lowerbound=1 fileNameGp=../graphsdb/mcs30/bvg/b06/mcs30_b06_s25.A11 fileNameGt=../graphsdb/mcs30/bvg/b06/mcs30_b06_s25.B11
Reading graphs...
25 :  72
25 :  74
Initializing...
maxdom : 8
D->valSize : 154
Solving...
currentSize : 1 <-- 0.000760 s
currentSize : 2 <-- 0.000825 s
currentSize : 3 <-- 0.000837 s
currentSize : 4 <-- 0.000865 s
currentSize : 5 <-- 0.000907 s
currentSize : 8 <-- 0.001005 s

maxsize : 8
nodes : 1395.000000
filtered : 11184.000000
time : 0.004725
