Parameters: GAD=1 vflib=1 dir=0 label=1 lowerbound=1 fileNameGp=../graphsdb/mcs30/rand/r02/mcs30_r02_s90.A22 fileNameGt=../graphsdb/mcs30/rand/r02/mcs30_r02_s90.B22
Reading graphs...
90 :  1405
90 :  1401
Initializing...
maxdom : 13
D->valSize : 525
Solving...
currentSize : 5 <-- 0.005349 s
currentSize : 6 <-- 0.005378 s
currentSize : 7 <-- 0.005464 s
currentSize : 12 <-- 0.005890 s
currentSize : 13 <-- 0.008733 s
currentSize : 22 <-- 0.009849 s

maxsize : 22
nodes : 46346.000000
filtered : 539908.000000
time : 0.340428
