Parameters: GAD=1 vflib=1 dir=0 label=1 lowerbound=1 fileNameGp=../graphsdb/mcs30/rand/r01/mcs30_r01_s50.A32 fileNameGt=../graphsdb/mcs30/rand/r01/mcs30_r01_s50.B32
Reading graphs...
50 :  239
50 :  230
Initializing...
maxdom : 9
D->valSize : 319
Solving...
currentSize : 2 <-- 0.002045 s
currentSize : 4 <-- 0.002090 s
currentSize : 7 <-- 0.002175 s
currentSize : 8 <-- 0.003666 s
currentSize : 9 <-- 0.004454 s
currentSize : 10 <-- 0.004598 s
currentSize : 14 <-- 0.005451 s
currentSize : 15 <-- 0.008785 s

maxsize : 15
nodes : 5162.000000
filtered : 54914.000000
time : 0.024293
