Parameters: GAD=1 vflib=1 dir=0 label=1 lowerbound=1 fileNameGp=../graphsdb/mcs30/rand/r02/mcs30_r02_s100.A36 fileNameGt=../graphsdb/mcs30/rand/r02/mcs30_r02_s100.B36
Reading graphs...
100 :  1757
100 :  1763
Initializing...
maxdom : 7
D->valSize : 330
Solving...
currentSize : 4 <-- 0.002946 s
currentSize : 8 <-- 0.003075 s
currentSize : 9 <-- 0.003152 s
currentSize : 10 <-- 0.003261 s
currentSize : 11 <-- 0.003389 s
currentSize : 22 <-- 0.003996 s
currentSize : 23 <-- 0.005492 s

maxsize : 23
nodes : 49376.000000
filtered : 205690.000000
time : 0.320242
