Parameters: GAD=1 vflib=1 dir=0 label=1 lowerbound=1 fileNameGp=../graphsdb/mcs30/rand/r02/mcs30_r02_s60.A56 fileNameGt=../graphsdb/mcs30/rand/r02/mcs30_r02_s60.B56
Reading graphs...
60 :  628
60 :  633
Initializing...
maxdom : 8
D->valSize : 240
Solving...
currentSize : 3 <-- 0.001612 s
currentSize : 4 <-- 0.001672 s
currentSize : 5 <-- 0.002249 s
currentSize : 8 <-- 0.002649 s
currentSize : 10 <-- 0.002998 s
currentSize : 11 <-- 0.003510 s
currentSize : 16 <-- 0.004240 s

maxsize : 16
nodes : 2771.000000
filtered : 33561.000000
time : 0.016333
