Parameters: GAD=1 vflib=1 dir=0 label=1 lowerbound=1 fileNameGp=../graphsdb/mcs30/m3D/m3Dr6/mcs30_m3Dr6_s40.A93 fileNameGt=../graphsdb/mcs30/m3D/m3Dr6/mcs30_m3Dr6_s40.B93
Reading graphs...
40 :  102
40 :  105
Initializing...
maxdom : 7
D->valSize : 214
Solving...
currentSize : 1 <-- 0.001181 s
currentSize : 2 <-- 0.001220 s
currentSize : 3 <-- 0.001275 s
currentSize : 4 <-- 0.001318 s
currentSize : 6 <-- 0.001603 s
currentSize : 7 <-- 0.001611 s

maxsize : 7
nodes : 708.000000
filtered : 10079.000000
time : 0.003768
