Parameters: GAD=1 vflib=1 dir=0 label=1 lowerbound=1 fileNameGp=../graphsdb/mcs30/bvg/b03/mcs30_b03_s15.A12 fileNameGt=../graphsdb/mcs30/bvg/b03/mcs30_b03_s15.B12
Reading graphs...
15 :  22
15 :  22
Initializing...
maxdom : 9
D->valSize : 111
Solving...
currentSize : 1 <-- 0.000541 s
currentSize : 3 <-- 0.000569 s
currentSize : 5 <-- 0.000588 s
currentSize : 6 <-- 0.000638 s
currentSize : 7 <-- 0.000840 s
currentSize : 8 <-- 0.001276 s

maxsize : 8
nodes : 403.000000
filtered : 2951.000000
time : 0.001469
