Parameters: GAD=1 vflib=1 dir=0 label=1 lowerbound=1 fileNameGp=../graphsdb/mcs30/m3D/m3D/mcs30_m3D_s25.A57 fileNameGt=../graphsdb/mcs30/m3D/m3D/mcs30_m3D_s25.B57
Reading graphs...
25 :  49
25 :  46
Initializing...
maxdom : 8
D->valSize : 159
Solving...
currentSize : 1 <-- 0.000812 s
currentSize : 2 <-- 0.000834 s
currentSize : 4 <-- 0.000854 s
currentSize : 5 <-- 0.000938 s
currentSize : 6 <-- 0.000947 s
currentSize : 7 <-- 0.000964 s
currentSize : 8 <-- 0.001155 s

maxsize : 8
nodes : 1014.000000
filtered : 8528.000000
time : 0.003444
