Parameters: GAD=1 vflib=1 dir=0 label=1 lowerbound=1 fileNameGp=../graphsdb/mcs30/bvg/b09m/mcs30_b09m_s50.A02 fileNameGt=../graphsdb/mcs30/bvg/b09m/mcs30_b09m_s50.B02
Reading graphs...
50 :  215
50 :  213
Initializing...
maxdom : 9
D->valSize : 278
Solving...
currentSize : 1 <-- 0.001653 s
currentSize : 2 <-- 0.001688 s
currentSize : 4 <-- 0.001762 s
currentSize : 6 <-- 0.001868 s
currentSize : 7 <-- 0.001962 s
currentSize : 12 <-- 0.003589 s

maxsize : 12
nodes : 14707.000000
filtered : 73344.000000
time : 0.045734
