Parameters: GAD=1 vflib=1 dir=0 label=1 lowerbound=1 fileNameGp=../graphsdb/mcs30/bvg/b09m/mcs30_b09m_s60.A00 fileNameGt=../graphsdb/mcs30/bvg/b09m/mcs30_b09m_s60.B00
Reading graphs...
60 :  259
60 :  263
Initializing...
maxdom : 7
D->valSize : 249
Solving...
currentSize : 1 <-- 0.001488 s
currentSize : 2 <-- 0.001534 s
currentSize : 3 <-- 0.001585 s
currentSize : 7 <-- 0.001679 s
currentSize : 10 <-- 0.001708 s
currentSize : 16 <-- 0.003661 s

maxsize : 16
nodes : 252078.000000
filtered : 719683.000000
time : 0.878389
