Parameters: GAD=1 vflib=1 dir=0 label=1 lowerbound=1 fileNameGp=../graphsdb/mcs30/bvg/b09/mcs30_b09_s40.A11 fileNameGt=../graphsdb/mcs30/bvg/b09/mcs30_b09_s40.B11
Reading graphs...
40 :  177
40 :  176
Initializing...
maxdom : 8
D->valSize : 213
Solving...
currentSize : 1 <-- 0.001257 s
currentSize : 5 <-- 0.001317 s
currentSize : 6 <-- 0.001432 s
currentSize : 7 <-- 0.001450 s
currentSize : 8 <-- 0.001531 s
currentSize : 11 <-- 0.002464 s
currentSize : 12 <-- 0.005518 s

maxsize : 12
nodes : 3260.000000
filtered : 21013.000000
time : 0.014745
