Parameters: GAD=1 vflib=1 dir=0 label=1 lowerbound=1 fileNameGp=../graphsdb/mcs30/bvg/b06/mcs30_b06_s50.A59 fileNameGt=../graphsdb/mcs30/bvg/b06/mcs30_b06_s50.B59
Reading graphs...
50 :  148
50 :  146
Initializing...
maxdom : 11
D->valSize : 369
Solving...
currentSize : 1 <-- 0.002385 s
currentSize : 2 <-- 0.002476 s
currentSize : 3 <-- 0.002508 s
currentSize : 4 <-- 0.002542 s
currentSize : 10 <-- 0.002651 s
currentSize : 15 <-- 0.003446 s

maxsize : 15
nodes : 68457.000000
filtered : 338844.000000
time : 0.211254
