Parameters: GAD=1 vflib=1 dir=0 label=1 lowerbound=1 fileNameGp=../graphsdb/mcs30/rand/r01/mcs30_r01_s90.A18 fileNameGt=../graphsdb/mcs30/rand/r01/mcs30_r01_s90.B18
Reading graphs...
90 :  759
90 :  752
Initializing...
maxdom : 16
D->valSize : 631
Solving...
currentSize : 3 <-- 0.006906 s
currentSize : 6 <-- 0.007050 s
currentSize : 14 <-- 0.008109 s
currentSize : 15 <-- 0.012477 s
currentSize : 19 <-- 0.020275 s
currentSize : 25 <-- 0.188664 s
currentSize : 26 <-- 0.190750 s

maxsize : 26
nodes : 756628.000000
filtered : 5451997.000000
time : 4.922223
