Parameters: GAD=1 vflib=1 dir=0 label=1 lowerbound=1 fileNameGp=../graphsdb/mcs30/rand/r02/mcs30_r02_s90.A59 fileNameGt=../graphsdb/mcs30/rand/r02/mcs30_r02_s90.B59
Reading graphs...
90 :  1415
90 :  1445
Initializing...
maxdom : 11
D->valSize : 525
Solving...
currentSize : 1 <-- 0.005179 s
currentSize : 4 <-- 0.005249 s
currentSize : 5 <-- 0.005330 s
currentSize : 11 <-- 0.005598 s
currentSize : 14 <-- 0.010809 s
currentSize : 21 <-- 0.034455 s
currentSize : 22 <-- 0.035953 s

maxsize : 22
nodes : 55549.000000
filtered : 541163.000000
time : 0.382018
