Parameters: GAD=1 vflib=1 dir=0 label=1 lowerbound=1 fileNameGp=../graphsdb/mcs30/rand/r02/mcs30_r02_s25.A05 fileNameGt=../graphsdb/mcs30/rand/r02/mcs30_r02_s25.B05
Reading graphs...
25 :  106
25 :  108
Initializing...
maxdom : 7
D->valSize : 161
Solving...
currentSize : 3 <-- 0.000891 s
currentSize : 4 <-- 0.000913 s
currentSize : 5 <-- 0.000923 s
currentSize : 6 <-- 0.001641 s
currentSize : 7 <-- 0.001770 s
currentSize : 8 <-- 0.005066 s

maxsize : 8
nodes : 2321.000000
filtered : 20853.000000
time : 0.009489
