Parameters: GAD=1 vflib=1 dir=0 label=1 lowerbound=1 fileNameGp=../graphsdb/mcs30/rand/r02/mcs30_r02_s50.A27 fileNameGt=../graphsdb/mcs30/rand/r02/mcs30_r02_s50.B27
Reading graphs...
50 :  437
50 :  438
Initializing...
maxdom : 11
D->valSize : 354
Solving...
currentSize : 4 <-- 0.002323 s
currentSize : 5 <-- 0.002448 s
currentSize : 6 <-- 0.002459 s
currentSize : 7 <-- 0.003209 s
currentSize : 8 <-- 0.005808 s
currentSize : 9 <-- 0.010625 s
currentSize : 10 <-- 0.013985 s
currentSize : 11 <-- 0.019020 s
currentSize : 15 <-- 0.024157 s

maxsize : 15
nodes : 7014.000000
filtered : 121983.000000
time : 0.039208
