Parameters: GAD=1 vflib=1 dir=0 label=1 lowerbound=1 fileNameGp=../graphsdb/mcs30/rand/r02/mcs30_r02_s60.A57 fileNameGt=../graphsdb/mcs30/rand/r02/mcs30_r02_s60.B57
Reading graphs...
60 :  644
60 :  647
Initializing...
maxdom : 9
D->valSize : 236
Solving...
currentSize : 3 <-- 0.002288 s
currentSize : 5 <-- 0.002391 s
currentSize : 9 <-- 0.002787 s
currentSize : 13 <-- 0.002944 s
currentSize : 15 <-- 0.003318 s
currentSize : 17 <-- 0.005696 s

maxsize : 17
nodes : 1215.000000
filtered : 21370.000000
time : 0.009395
