Parameters: GAD=1 vflib=1 dir=0 label=1 lowerbound=1 fileNameGp=../graphsdb/mcs30/bvg/b03m/mcs30_b03m_s40.A09 fileNameGt=../graphsdb/mcs30/bvg/b03m/mcs30_b03m_s40.B09
Reading graphs...
40 :  59
40 :  58
Initializing...
maxdom : 10
D->valSize : 221
Solving...
currentSize : 1 <-- 0.001163 s
currentSize : 2 <-- 0.001199 s
currentSize : 7 <-- 0.001236 s
currentSize : 8 <-- 0.001277 s
currentSize : 10 <-- 0.001417 s
currentSize : 12 <-- 0.001661 s

maxsize : 12
nodes : 2593.000000
filtered : 14629.000000
time : 0.008477
