Parameters: GAD=1 vflib=1 dir=0 label=1 lowerbound=1 fileNameGp=../graphsdb/mcs30/rand/r02/mcs30_r02_s100.A94 fileNameGt=../graphsdb/mcs30/rand/r02/mcs30_r02_s100.B94
Reading graphs...
100 :  1748
100 :  1775
Initializing...
maxdom : 7
D->valSize : 310
Solving...
currentSize : 1 <-- 0.004104 s
currentSize : 2 <-- 0.004172 s
currentSize : 3 <-- 0.004311 s
currentSize : 18 <-- 0.004949 s
currentSize : 23 <-- 0.014747 s
currentSize : 24 <-- 0.015371 s

maxsize : 24
nodes : 22438.000000
filtered : 136531.000000
time : 0.222237
