Parameters: GAD=1 vflib=1 dir=0 label=1 lowerbound=1 fileNameGp=../graphsdb/mcs30/bvg/b09m/mcs30_b09m_s50.A41 fileNameGt=../graphsdb/mcs30/bvg/b09m/mcs30_b09m_s50.B41
Reading graphs...
50 :  217
50 :  211
Initializing...
maxdom : 12
D->valSize : 358
Solving...
currentSize : 1 <-- 0.002450 s
currentSize : 3 <-- 0.002494 s
currentSize : 5 <-- 0.002517 s
currentSize : 6 <-- 0.002815 s
currentSize : 11 <-- 0.003861 s
currentSize : 12 <-- 0.012962 s

maxsize : 12
nodes : 11329.000000
filtered : 122248.000000
time : 0.044342
