Parameters: GAD=1 vflib=1 dir=0 label=1 lowerbound=1 fileNameGp=../graphsdb/mcs30/rand/r01/mcs30_r01_s80.A57 fileNameGt=../graphsdb/mcs30/rand/r01/mcs30_r01_s80.B57
Reading graphs...
80 :  597
80 :  597
Initializing...
maxdom : 9
D->valSize : 468
Solving...
currentSize : 1 <-- 0.006569 s
currentSize : 3 <-- 0.006684 s
currentSize : 16 <-- 0.007098 s
currentSize : 20 <-- 0.028331 s
currentSize : 21 <-- 0.115983 s
currentSize : 23 <-- 0.121308 s

maxsize : 23
nodes : 176226.000000
filtered : 940109.000000
time : 0.987617
