Parameters: GAD=1 vflib=1 dir=0 label=1 lowerbound=1 fileNameGp=../graphsdb/mcs30/rand/r02/mcs30_r02_s90.A26 fileNameGt=../graphsdb/mcs30/rand/r02/mcs30_r02_s90.B26
Reading graphs...
90 :  1445
90 :  1425
Initializing...
maxdom : 11
D->valSize : 563
Solving...
currentSize : 5 <-- 0.005838 s
currentSize : 6 <-- 0.006224 s
currentSize : 7 <-- 0.006965 s
currentSize : 8 <-- 0.007272 s
currentSize : 9 <-- 0.008481 s
currentSize : 10 <-- 0.012210 s
currentSize : 11 <-- 0.012427 s
currentSize : 13 <-- 0.017978 s
currentSize : 15 <-- 0.018164 s
currentSize : 24 <-- 0.024912 s

maxsize : 24
nodes : 32758.000000
filtered : 506392.000000
time : 0.256700
