Parameters: GAD=1 vflib=1 dir=0 label=1 lowerbound=1 fileNameGp=../graphsdb/mcs30/rand/r01/mcs30_r01_s35.A48 fileNameGt=../graphsdb/mcs30/rand/r01/mcs30_r01_s35.B48
Reading graphs...
35 :  113
35 :  115
Initializing...
maxdom : 8
D->valSize : 176
Solving...
currentSize : 1 <-- 0.000947 s
currentSize : 4 <-- 0.000988 s
currentSize : 5 <-- 0.001011 s
currentSize : 6 <-- 0.001022 s
currentSize : 7 <-- 0.001043 s
currentSize : 11 <-- 0.001277 s

maxsize : 11
nodes : 558.000000
filtered : 7804.000000
time : 0.003041
