Parameters: GAD=1 vflib=1 dir=0 label=1 lowerbound=1 fileNameGp=../graphsdb/mcs30/rand/r02/mcs30_r02_s50.A37 fileNameGt=../graphsdb/mcs30/rand/r02/mcs30_r02_s50.B37
Reading graphs...
50 :  435
50 :  446
Initializing...
maxdom : 10
D->valSize : 318
Solving...
currentSize : 5 <-- 0.001993 s
currentSize : 6 <-- 0.002141 s
currentSize : 7 <-- 0.006389 s
currentSize : 10 <-- 0.007498 s
currentSize : 11 <-- 0.007666 s
currentSize : 13 <-- 0.010360 s

maxsize : 13
nodes : 6525.000000
filtered : 97495.000000
time : 0.034475
