Parameters: GAD=1 vflib=1 dir=0 label=1 lowerbound=1 fileNameGp=../graphsdb/mcs30/rand/r02/mcs30_r02_s40.A29 fileNameGt=../graphsdb/mcs30/rand/r02/mcs30_r02_s40.B29
Reading graphs...
40 :  284
40 :  271
Initializing...
maxdom : 10
D->valSize : 216
Solving...
currentSize : 4 <-- 0.001219 s
currentSize : 5 <-- 0.001255 s
currentSize : 6 <-- 0.001341 s
currentSize : 8 <-- 0.001870 s
currentSize : 10 <-- 0.002368 s
currentSize : 11 <-- 0.002395 s

maxsize : 11
nodes : 1690.000000
filtered : 27584.000000
time : 0.010030
