Parameters: GAD=1 vflib=1 dir=0 label=1 lowerbound=1 fileNameGp=../graphsdb/mcs30/rand/r02/mcs30_r02_s80.A39 fileNameGt=../graphsdb/mcs30/rand/r02/mcs30_r02_s80.B39
Reading graphs...
80 :  1121
80 :  1135
Initializing...
maxdom : 8
D->valSize : 394
Solving...
currentSize : 3 <-- 0.005300 s
currentSize : 4 <-- 0.005571 s
currentSize : 5 <-- 0.005935 s
currentSize : 8 <-- 0.006639 s
currentSize : 9 <-- 0.007254 s
currentSize : 10 <-- 0.008334 s
currentSize : 13 <-- 0.009090 s
currentSize : 20 <-- 0.011824 s

maxsize : 20
nodes : 21162.000000
filtered : 193469.000000
time : 0.142288
