Parameters: GAD=1 vflib=1 dir=0 label=1 lowerbound=1 fileNameGp=../graphsdb/mcs30/rand/r01/mcs30_r01_s90.A19 fileNameGt=../graphsdb/mcs30/rand/r01/mcs30_r01_s90.B19
Reading graphs...
90 :  761
90 :  756
Initializing...
maxdom : 9
D->valSize : 525
Solving...
currentSize : 3 <-- 0.005367 s
currentSize : 4 <-- 0.005577 s
currentSize : 5 <-- 0.005678 s
currentSize : 6 <-- 0.005856 s
currentSize : 7 <-- 0.007861 s
currentSize : 15 <-- 0.009394 s
currentSize : 18 <-- 0.013445 s
currentSize : 23 <-- 0.059718 s

maxsize : 23
nodes : 490386.000000
filtered : 2483995.000000
time : 3.000762
