Parameters: GAD=1 vflib=1 dir=0 label=1 lowerbound=1 fileNameGp=../graphsdb/mcs30/rand/r01/mcs30_r01_s70.A82 fileNameGt=../graphsdb/mcs30/rand/r01/mcs30_r01_s70.B82
Reading graphs...
70 :  461
70 :  457
Initializing...
maxdom : 7
D->valSize : 312
Solving...
currentSize : 1 <-- 0.002309 s
currentSize : 2 <-- 0.002344 s
currentSize : 3 <-- 0.002396 s
currentSize : 4 <-- 0.002481 s
currentSize : 5 <-- 0.002816 s
currentSize : 20 <-- 0.003324 s

maxsize : 20
nodes : 35631.000000
filtered : 171129.000000
time : 0.181231
