Parameters: GAD=1 vflib=1 dir=0 label=1 lowerbound=1 fileNameGp=../graphsdb/mcs30/bvg/b09/mcs30_b09_s40.A98 fileNameGt=../graphsdb/mcs30/bvg/b09/mcs30_b09_s40.B98
Reading graphs...
40 :  176
40 :  177
Initializing...
maxdom : 9
D->valSize : 219
Solving...
currentSize : 1 <-- 0.001168 s
currentSize : 3 <-- 0.001210 s
currentSize : 5 <-- 0.001297 s
currentSize : 6 <-- 0.001520 s
currentSize : 9 <-- 0.002012 s
currentSize : 12 <-- 0.003439 s

maxsize : 12
nodes : 4750.000000
filtered : 28572.000000
time : 0.018516
