Parameters: GAD=1 vflib=1 dir=0 label=1 lowerbound=1 fileNameGp=../graphsdb/mcs30/rand/r01/mcs30_r01_s90.A54 fileNameGt=../graphsdb/mcs30/rand/r01/mcs30_r01_s90.B54
Reading graphs...
90 :  764
90 :  759
Initializing...
maxdom : 12
D->valSize : 579
Solving...
currentSize : 1 <-- 0.009816 s
currentSize : 4 <-- 0.010040 s
currentSize : 5 <-- 0.010671 s
currentSize : 7 <-- 0.012580 s
currentSize : 22 <-- 0.013331 s
currentSize : 27 <-- 0.158873 s

maxsize : 27
nodes : 222137.000000
filtered : 1904880.000000
time : 1.575959
