Parameters: GAD=1 vflib=1 dir=0 label=1 lowerbound=1 fileNameGp=../graphsdb/mcs30/m2D/m2Dr6/mcs30_m2Dr6_s50.A16 fileNameGt=../graphsdb/mcs30/m2D/m2Dr6/mcs30_m2Dr6_s50.B16
Reading graphs...
50 :  110
50 :  107
Initializing...
maxdom : 8
D->valSize : 309
Solving...
currentSize : 1 <-- 0.001960 s
currentSize : 2 <-- 0.001995 s
currentSize : 3 <-- 0.002021 s
currentSize : 12 <-- 0.002112 s
currentSize : 13 <-- 0.003366 s
currentSize : 16 <-- 0.003758 s

maxsize : 16
nodes : 36663.000000
filtered : 187223.000000
time : 0.122034
