Parameters: GAD=1 vflib=1 dir=0 label=1 lowerbound=1 fileNameGp=../graphsdb/mcs30/bvg/b09/mcs30_b09_s90.A25 fileNameGt=../graphsdb/mcs30/bvg/b09/mcs30_b09_s90.B25
Reading graphs...
90 :  400
90 :  399
Initializing...
maxdom : 14
D->valSize : 511
Solving...
currentSize : 1 <-- 0.005085 s
currentSize : 2 <-- 0.005236 s
currentSize : 3 <-- 0.005361 s
currentSize : 16 <-- 0.005803 s
currentSize : 18 <-- 0.065994 s
currentSize : 26 <-- 0.593409 s

maxsize : 26
nodes : 68333252.000000
filtered : 274242515.000000
time : 369.158752
