Parameters: GAD=1 vflib=1 dir=0 label=1 lowerbound=1 fileNameGp=../graphsdb/mcs30/rand/r02/mcs30_r02_s50.A82 fileNameGt=../graphsdb/mcs30/rand/r02/mcs30_r02_s50.B82
Reading graphs...
50 :  435
50 :  454
Initializing...
maxdom : 11
D->valSize : 354
Solving...
currentSize : 1 <-- 0.002303 s
currentSize : 3 <-- 0.002343 s
currentSize : 5 <-- 0.002372 s
currentSize : 6 <-- 0.002418 s
currentSize : 7 <-- 0.002696 s
currentSize : 9 <-- 0.003617 s
currentSize : 11 <-- 0.008447 s
currentSize : 13 <-- 0.009495 s
currentSize : 14 <-- 0.009546 s

maxsize : 14
nodes : 6589.000000
filtered : 125480.000000
time : 0.037623
