Parameters: GAD=1 vflib=1 dir=0 label=1 lowerbound=1 fileNameGp=../graphsdb/mcs30/bvg/b09m/mcs30_b09m_s60.A27 fileNameGt=../graphsdb/mcs30/bvg/b09m/mcs30_b09m_s60.B27
Reading graphs...
60 :  259
60 :  257
Initializing...
maxdom : 6
D->valSize : 253
Solving...
currentSize : 1 <-- 0.001520 s
currentSize : 2 <-- 0.001579 s
currentSize : 4 <-- 0.001626 s
currentSize : 5 <-- 0.001642 s
currentSize : 14 <-- 0.001770 s
currentSize : 15 <-- 0.093427 s

maxsize : 15
nodes : 147587.000000
filtered : 495794.000000
time : 0.460509
