Parameters: GAD=1 vflib=1 dir=0 label=1 lowerbound=1 fileNameGp=../graphsdb/mcs30/rand/r02/mcs30_r02_s90.A00 fileNameGt=../graphsdb/mcs30/rand/r02/mcs30_r02_s90.B00
Reading graphs...
90 :  1436
90 :  1432
Initializing...
maxdom : 9
D->valSize : 509
Solving...
currentSize : 6 <-- 0.004993 s
currentSize : 9 <-- 0.006793 s
currentSize : 11 <-- 0.009179 s
currentSize : 14 <-- 0.010537 s
currentSize : 20 <-- 0.010681 s
currentSize : 21 <-- 0.142127 s

maxsize : 21
nodes : 60726.000000
filtered : 526599.000000
time : 0.409731
