Parameters: GAD=1 vflib=1 dir=0 label=1 lowerbound=1 fileNameGp=../graphsdb/mcs30/bvg/b09m/mcs30_b09m_s35.A88 fileNameGt=../graphsdb/mcs30/bvg/b09m/mcs30_b09m_s35.B88
Reading graphs...
35 :  146
35 :  146
Initializing...
maxdom : 7
D->valSize : 159
Solving...
currentSize : 2 <-- 0.000831 s
currentSize : 3 <-- 0.000852 s
currentSize : 4 <-- 0.000871 s
currentSize : 5 <-- 0.000964 s
currentSize : 8 <-- 0.001268 s
currentSize : 9 <-- 0.001839 s

maxsize : 9
nodes : 1439.000000
filtered : 11406.000000
time : 0.005531
