Parameters: GAD=1 vflib=1 dir=0 label=1 lowerbound=1 fileNameGp=../graphsdb/mcs30/rand/r02/mcs30_r02_s80.A26 fileNameGt=../graphsdb/mcs30/rand/r02/mcs30_r02_s80.B26
Reading graphs...
80 :  1131
80 :  1124
Initializing...
maxdom : 9
D->valSize : 434
Solving...
currentSize : 3 <-- 0.003903 s
currentSize : 4 <-- 0.003933 s
currentSize : 5 <-- 0.004074 s
currentSize : 9 <-- 0.004312 s
currentSize : 12 <-- 0.005105 s
currentSize : 16 <-- 0.005491 s
currentSize : 17 <-- 0.015817 s
currentSize : 20 <-- 0.016016 s
currentSize : 21 <-- 0.017782 s

maxsize : 21
nodes : 12807.000000
filtered : 190409.000000
time : 0.090425
