Parameters: GAD=1 vflib=1 dir=0 label=1 lowerbound=1 fileNameGp=../graphsdb/mcs30/bvg/b09m/mcs30_b09m_s50.A67 fileNameGt=../graphsdb/mcs30/bvg/b09m/mcs30_b09m_s50.B67
Reading graphs...
50 :  214
50 :  215
Initializing...
maxdom : 8
D->valSize : 324
Solving...
currentSize : 1 <-- 0.002313 s
currentSize : 3 <-- 0.002359 s
currentSize : 6 <-- 0.002431 s
currentSize : 10 <-- 0.002568 s
currentSize : 12 <-- 0.006808 s
currentSize : 13 <-- 0.012598 s

maxsize : 13
nodes : 27256.000000
filtered : 158425.000000
time : 0.097507
