Parameters: GAD=1 vflib=1 dir=0 label=1 lowerbound=1 fileNameGp=../graphsdb/mcs30/rand/r02/mcs30_r02_s50.A99 fileNameGt=../graphsdb/mcs30/rand/r02/mcs30_r02_s50.B99
Reading graphs...
50 :  443
50 :  442
Initializing...
maxdom : 11
D->valSize : 331
Solving...
currentSize : 3 <-- 0.002074 s
currentSize : 4 <-- 0.002099 s
currentSize : 5 <-- 0.002145 s
currentSize : 6 <-- 0.002163 s
currentSize : 7 <-- 0.003739 s
currentSize : 12 <-- 0.009104 s
currentSize : 14 <-- 0.017197 s

maxsize : 14
nodes : 5227.000000
filtered : 92447.000000
time : 0.028474
