Parameters: GAD=1 vflib=1 dir=0 label=1 lowerbound=1 fileNameGp=../graphsdb/mcs30/rand/r02/mcs30_r02_s50.A90 fileNameGt=../graphsdb/mcs30/rand/r02/mcs30_r02_s50.B90
Reading graphs...
50 :  429
50 :  440
Initializing...
maxdom : 8
D->valSize : 302
Solving...
currentSize : 5 <-- 0.001937 s
currentSize : 7 <-- 0.002206 s
currentSize : 8 <-- 0.006299 s
currentSize : 10 <-- 0.006738 s
currentSize : 11 <-- 0.009250 s
currentSize : 13 <-- 0.009533 s
currentSize : 14 <-- 0.009575 s

maxsize : 14
nodes : 5713.000000
filtered : 86754.000000
time : 0.030485
