Parameters: GAD=1 vflib=1 dir=0 label=1 lowerbound=1 fileNameGp=../graphsdb/mcs30/m3D/m3Dr4/mcs30_m3Dr4_s25.A29 fileNameGt=../graphsdb/mcs30/m3D/m3Dr4/mcs30_m3Dr4_s25.B29
Reading graphs...
25 :  56
25 :  57
Initializing...
maxdom : 8
D->valSize : 153
Solving...
currentSize : 3 <-- 0.000723 s
currentSize : 4 <-- 0.000819 s
currentSize : 5 <-- 0.000828 s
currentSize : 7 <-- 0.000940 s
currentSize : 9 <-- 0.001051 s
currentSize : 10 <-- 0.001101 s

maxsize : 10
nodes : 2114.000000
filtered : 9017.000000
time : 0.005783
