Parameters: GAD=1 vflib=1 dir=0 label=1 lowerbound=1 fileNameGp=../graphsdb/mcs30/rand/r02/mcs30_r02_s40.A14 fileNameGt=../graphsdb/mcs30/rand/r02/mcs30_r02_s40.B14
Reading graphs...
40 :  286
40 :  285
Initializing...
maxdom : 8
D->valSize : 204
Solving...
currentSize : 3 <-- 0.001233 s
currentSize : 4 <-- 0.001280 s
currentSize : 6 <-- 0.001381 s
currentSize : 7 <-- 0.001427 s
currentSize : 8 <-- 0.001512 s
currentSize : 11 <-- 0.006154 s

maxsize : 11
nodes : 2180.000000
filtered : 27162.000000
time : 0.011760
