Parameters: GAD=1 vflib=1 dir=0 label=1 lowerbound=1 fileNameGp=../graphsdb/mcs30/rand/r01/mcs30_r01_s90.A13 fileNameGt=../graphsdb/mcs30/rand/r01/mcs30_r01_s90.B13
Reading graphs...
90 :  752
90 :  766
Initializing...
maxdom : 10
D->valSize : 546
Solving...
currentSize : 1 <-- 0.005500 s
currentSize : 4 <-- 0.005573 s
currentSize : 5 <-- 0.005709 s
currentSize : 6 <-- 0.006547 s
currentSize : 8 <-- 0.006695 s
currentSize : 15 <-- 0.007304 s
currentSize : 26 <-- 0.019193 s

maxsize : 26
nodes : 960016.000000
filtered : 6180084.000000
time : 6.266439
