Parameters: GAD=1 vflib=1 dir=0 label=1 lowerbound=1 fileNameGp=../graphsdb/mcs30/rand/r01/mcs30_r01_s80.A82 fileNameGt=../graphsdb/mcs30/rand/r01/mcs30_r01_s80.B82
Reading graphs...
80 :  599
80 :  604
Initializing...
maxdom : 9
D->valSize : 434
Solving...
currentSize : 2 <-- 0.003880 s
currentSize : 4 <-- 0.003949 s
currentSize : 15 <-- 0.004041 s
currentSize : 16 <-- 0.005601 s
currentSize : 17 <-- 0.015416 s
currentSize : 19 <-- 0.016917 s
currentSize : 23 <-- 0.110565 s

maxsize : 23
nodes : 208752.000000
filtered : 1071227.000000
time : 1.143129
