Parameters: GAD=1 vflib=1 dir=0 label=1 lowerbound=1 fileNameGp=../graphsdb/mcs30/bvg/b06m/mcs30_b06m_s40.A63 fileNameGt=../graphsdb/mcs30/bvg/b06m/mcs30_b06m_s40.B63
Reading graphs...
40 :  114
40 :  115
Initializing...
maxdom : 12
D->valSize : 214
Solving...
currentSize : 1 <-- 0.001188 s
currentSize : 2 <-- 0.001210 s
currentSize : 3 <-- 0.001288 s
currentSize : 5 <-- 0.001311 s
currentSize : 8 <-- 0.001361 s
currentSize : 10 <-- 0.001610 s

maxsize : 10
nodes : 4788.000000
filtered : 20813.000000
time : 0.012567
