Parameters: GAD=1 vflib=1 dir=0 label=1 lowerbound=1 fileNameGp=../graphsdb/mcs30/rand/r02/mcs30_r02_s60.A61 fileNameGt=../graphsdb/mcs30/rand/r02/mcs30_r02_s60.B61
Reading graphs...
60 :  631
60 :  638
Initializing...
maxdom : 7
D->valSize : 216
Solving...
currentSize : 2 <-- 0.001347 s
currentSize : 4 <-- 0.001393 s
currentSize : 5 <-- 0.001416 s
currentSize : 10 <-- 0.001650 s
currentSize : 11 <-- 0.001905 s
currentSize : 14 <-- 0.002720 s
currentSize : 15 <-- 0.002895 s

maxsize : 15
nodes : 3282.000000
filtered : 30894.000000
time : 0.018482
