Parameters: GAD=1 vflib=1 dir=0 label=1 lowerbound=1 fileNameGp=../graphsdb/mcs30/bvg/b09/mcs30_b09_s35.A19 fileNameGt=../graphsdb/mcs30/bvg/b09/mcs30_b09_s35.B19
Reading graphs...
35 :  151
35 :  152
Initializing...
maxdom : 9
D->valSize : 181
Solving...
currentSize : 1 <-- 0.001023 s
currentSize : 3 <-- 0.001057 s
currentSize : 4 <-- 0.001091 s
currentSize : 5 <-- 0.001109 s
currentSize : 6 <-- 0.001176 s
currentSize : 9 <-- 0.001289 s
currentSize : 10 <-- 0.003092 s

maxsize : 10
nodes : 2726.000000
filtered : 14902.000000
time : 0.010528
