Parameters: GAD=1 vflib=1 dir=0 label=1 lowerbound=1 fileNameGp=../graphsdb/mcs30/rand/r01/mcs30_r01_s80.A49 fileNameGt=../graphsdb/mcs30/rand/r01/mcs30_r01_s80.B49
Reading graphs...
80 :  605
80 :  603
Initializing...
maxdom : 9
D->valSize : 389
Solving...
currentSize : 1 <-- 0.003252 s
currentSize : 4 <-- 0.003311 s
currentSize : 5 <-- 0.003404 s
currentSize : 6 <-- 0.003761 s
currentSize : 18 <-- 0.004022 s
currentSize : 24 <-- 0.009834 s

maxsize : 24
nodes : 264384.000000
filtered : 1255406.000000
time : 1.448516
