Parameters: GAD=1 vflib=1 dir=0 label=1 lowerbound=1 fileNameGp=../graphsdb/mcs30/rand/r02/mcs30_r02_s50.A52 fileNameGt=../graphsdb/mcs30/rand/r02/mcs30_r02_s50.B52
Reading graphs...
50 :  442
50 :  450
Initializing...
maxdom : 12
D->valSize : 326
Solving...
currentSize : 6 <-- 0.002151 s
currentSize : 7 <-- 0.002171 s
currentSize : 8 <-- 0.002403 s
currentSize : 9 <-- 0.005541 s
currentSize : 10 <-- 0.005580 s
currentSize : 14 <-- 0.009018 s

maxsize : 14
nodes : 5956.000000
filtered : 98497.000000
time : 0.033074
