Parameters: GAD=1 vflib=1 dir=0 label=1 lowerbound=1 fileNameGp=../graphsdb/mcs30/m3D/m3D/mcs30_m3D_s25.A54 fileNameGt=../graphsdb/mcs30/m3D/m3D/mcs30_m3D_s25.B54
Reading graphs...
25 :  47
25 :  49
Initializing...
maxdom : 7
D->valSize : 155
Solving...
currentSize : 1 <-- 0.000731 s
currentSize : 2 <-- 0.000761 s
currentSize : 4 <-- 0.000820 s
currentSize : 6 <-- 0.000829 s
currentSize : 7 <-- 0.000910 s
currentSize : 8 <-- 0.001100 s

maxsize : 8
nodes : 829.000000
filtered : 7642.000000
time : 0.003317
