Parameters: GAD=1 vflib=1 dir=0 label=1 lowerbound=1 fileNameGp=../graphsdb/mcs30/rand/r02/mcs30_r02_s60.A78 fileNameGt=../graphsdb/mcs30/rand/r02/mcs30_r02_s60.B78
Reading graphs...
60 :  632
60 :  628
Initializing...
maxdom : 9
D->valSize : 223
Solving...
currentSize : 3 <-- 0.001424 s
currentSize : 4 <-- 0.001597 s
currentSize : 5 <-- 0.001737 s
currentSize : 7 <-- 0.001972 s
currentSize : 14 <-- 0.002222 s
currentSize : 15 <-- 0.006987 s

maxsize : 15
nodes : 2766.000000
filtered : 28577.000000
time : 0.015471
