Parameters: GAD=1 vflib=1 dir=0 label=1 lowerbound=1 fileNameGp=../graphsdb/mcs30/rand/r02/mcs30_r02_s40.A66 fileNameGt=../graphsdb/mcs30/rand/r02/mcs30_r02_s40.B66
Reading graphs...
40 :  289
40 :  285
Initializing...
maxdom : 7
D->valSize : 218
Solving...
currentSize : 2 <-- 0.001205 s
currentSize : 4 <-- 0.001230 s
currentSize : 6 <-- 0.001350 s
currentSize : 8 <-- 0.002473 s
currentSize : 9 <-- 0.004531 s
currentSize : 12 <-- 0.005971 s

maxsize : 12
nodes : 1850.000000
filtered : 28537.000000
time : 0.009080
