Parameters: GAD=1 vflib=1 dir=0 label=1 lowerbound=1 fileNameGp=../graphsdb/mcs30/m4D/m4Dr2/mcs30_m4Dr2_s50.A81 fileNameGt=../graphsdb/mcs30/m4D/m4Dr2/mcs30_m4Dr2_s50.B81
Reading graphs...
50 :  94
50 :  95
Initializing...
maxdom : 11
D->valSize : 310
Solving...
currentSize : 1 <-- 0.001945 s
currentSize : 2 <-- 0.001982 s
currentSize : 11 <-- 0.002113 s
currentSize : 12 <-- 0.002131 s
currentSize : 13 <-- 0.002699 s
currentSize : 16 <-- 0.003025 s

maxsize : 16
nodes : 61053.000000
filtered : 225051.000000
time : 0.161333
