Parameters: GAD=1 vflib=1 dir=0 label=1 lowerbound=1 fileNameGp=../graphsdb/mcs30/rand/r01/mcs30_r01_s25.A11 fileNameGt=../graphsdb/mcs30/rand/r01/mcs30_r01_s25.B11
Reading graphs...
25 :  57
25 :  60
Initializing...
maxdom : 12
D->valSize : 180
Solving...
currentSize : 2 <-- 0.000807 s
currentSize : 3 <-- 0.000830 s
currentSize : 4 <-- 0.000855 s
currentSize : 6 <-- 0.000875 s
currentSize : 7 <-- 0.001772 s
currentSize : 8 <-- 0.001779 s
currentSize : 9 <-- 0.001873 s

maxsize : 9
nodes : 912.000000
filtered : 10108.000000
time : 0.003560
