Parameters: GAD=1 vflib=1 dir=0 label=1 lowerbound=1 fileNameGp=../graphsdb/mcs30/bvg/b06m/mcs30_b06m_s50.A91 fileNameGt=../graphsdb/mcs30/bvg/b06m/mcs30_b06m_s50.B91
Reading graphs...
50 :  145
50 :  148
Initializing...
maxdom : 9
D->valSize : 339
Solving...
currentSize : 1 <-- 0.002196 s
currentSize : 2 <-- 0.002224 s
currentSize : 4 <-- 0.002315 s
currentSize : 5 <-- 0.002418 s
currentSize : 14 <-- 0.002610 s
currentSize : 15 <-- 0.007798 s

maxsize : 15
nodes : 71462.000000
filtered : 267641.000000
time : 0.225966
