Parameters: GAD=1 vflib=1 dir=0 label=1 lowerbound=1 fileNameGp=../graphsdb/mcs30/m2D/m2Dr4/mcs30_m2Dr4_s50.A41 fileNameGt=../graphsdb/mcs30/m2D/m2Dr4/mcs30_m2Dr4_s50.B41
Reading graphs...
50 :  105
50 :  102
Initializing...
maxdom : 10
D->valSize : 336
Solving...
currentSize : 1 <-- 0.002156 s
currentSize : 2 <-- 0.002261 s
currentSize : 13 <-- 0.002381 s
currentSize : 14 <-- 0.003778 s
currentSize : 15 <-- 0.003858 s
currentSize : 16 <-- 0.019933 s
currentSize : 17 <-- 0.020095 s

maxsize : 17
nodes : 91293.000000
filtered : 344282.000000
time : 0.268379
