Parameters: GAD=1 vflib=1 dir=0 label=1 lowerbound=1 fileNameGp=../graphsdb/mcs30/rand/r02/mcs30_r02_s80.A45 fileNameGt=../graphsdb/mcs30/rand/r02/mcs30_r02_s80.B45
Reading graphs...
80 :  1121
80 :  1133
Initializing...
maxdom : 9
D->valSize : 391
Solving...
currentSize : 2 <-- 0.004913 s
currentSize : 3 <-- 0.004986 s
currentSize : 6 <-- 0.005114 s
currentSize : 8 <-- 0.005380 s
currentSize : 11 <-- 0.005745 s
currentSize : 19 <-- 0.008434 s

maxsize : 19
nodes : 15963.000000
filtered : 184305.000000
time : 0.170243
