Parameters: GAD=1 vflib=1 dir=0 label=1 lowerbound=1 fileNameGp=../graphsdb/mcs30/rand/r01/mcs30_r01_s80.A33 fileNameGt=../graphsdb/mcs30/rand/r01/mcs30_r01_s80.B33
Reading graphs...
80 :  595
80 :  596
Initializing...
maxdom : 12
D->valSize : 401
Solving...
currentSize : 1 <-- 0.003414 s
currentSize : 3 <-- 0.003485 s
currentSize : 5 <-- 0.003594 s
currentSize : 7 <-- 0.004661 s
currentSize : 14 <-- 0.004723 s
currentSize : 23 <-- 0.013004 s

maxsize : 23
nodes : 119277.000000
filtered : 631411.000000
time : 0.661054
