Parameters: GAD=1 vflib=1 dir=0 label=1 lowerbound=1 fileNameGp=../graphsdb/mcs30/rand/r02/mcs30_r02_s60.A39 fileNameGt=../graphsdb/mcs30/rand/r02/mcs30_r02_s60.B39
Reading graphs...
60 :  625
60 :  640
Initializing...
maxdom : 8
D->valSize : 261
Solving...
currentSize : 3 <-- 0.001787 s
currentSize : 4 <-- 0.001859 s
currentSize : 5 <-- 0.002197 s
currentSize : 6 <-- 0.002573 s
currentSize : 9 <-- 0.002712 s
currentSize : 10 <-- 0.003405 s
currentSize : 11 <-- 0.003594 s
currentSize : 15 <-- 0.005453 s
currentSize : 16 <-- 0.005584 s

maxsize : 16
nodes : 1531.000000
filtered : 29286.000000
time : 0.010604
