Parameters: GAD=1 vflib=1 dir=0 label=1 lowerbound=1 fileNameGp=../graphsdb/mcs30/rand/r02/mcs30_r02_s50.A16 fileNameGt=../graphsdb/mcs30/rand/r02/mcs30_r02_s50.B16
Reading graphs...
50 :  446
50 :  431
Initializing...
maxdom : 9
D->valSize : 320
Solving...
currentSize : 5 <-- 0.002304 s
currentSize : 6 <-- 0.002717 s
currentSize : 7 <-- 0.002790 s
currentSize : 8 <-- 0.002977 s
currentSize : 9 <-- 0.003349 s
currentSize : 10 <-- 0.007633 s
currentSize : 12 <-- 0.010627 s
currentSize : 13 <-- 0.010649 s

maxsize : 13
nodes : 6955.000000
filtered : 108577.000000
time : 0.037791
