Parameters: GAD=1 vflib=1 dir=0 label=1 lowerbound=1 fileNameGp=../graphsdb/mcs30/rand/r02/mcs30_r02_s80.A77 fileNameGt=../graphsdb/mcs30/rand/r02/mcs30_r02_s80.B77
Reading graphs...
80 :  1126
80 :  1130
Initializing...
maxdom : 10
D->valSize : 413
Solving...
currentSize : 2 <-- 0.003573 s
currentSize : 4 <-- 0.003616 s
currentSize : 8 <-- 0.003717 s
currentSize : 9 <-- 0.005674 s
currentSize : 12 <-- 0.005910 s
currentSize : 14 <-- 0.006806 s
currentSize : 18 <-- 0.014037 s

maxsize : 18
nodes : 36195.000000
filtered : 275589.000000
time : 0.220717
