Parameters: GAD=1 vflib=1 dir=0 label=1 lowerbound=1 fileNameGp=../graphsdb/mcs30/rand/r02/mcs30_r02_s50.A51 fileNameGt=../graphsdb/mcs30/rand/r02/mcs30_r02_s50.B51
Reading graphs...
50 :  434
50 :  438
Initializing...
maxdom : 10
D->valSize : 318
Solving...
currentSize : 5 <-- 0.001948 s
currentSize : 7 <-- 0.002082 s
currentSize : 8 <-- 0.011282 s
currentSize : 9 <-- 0.013167 s
currentSize : 12 <-- 0.014086 s
currentSize : 13 <-- 0.014131 s

maxsize : 13
nodes : 7837.000000
filtered : 115657.000000
time : 0.040124
