Parameters: GAD=1 vflib=1 dir=0 label=1 lowerbound=1 fileNameGp=../graphsdb/mcs30/rand/r02/mcs30_r02_s70.A51 fileNameGt=../graphsdb/mcs30/rand/r02/mcs30_r02_s70.B51
Reading graphs...
70 :  865
70 :  868
Initializing...
maxdom : 10
D->valSize : 372
Solving...
currentSize : 3 <-- 0.002990 s
currentSize : 4 <-- 0.003053 s
currentSize : 5 <-- 0.003123 s
currentSize : 12 <-- 0.003395 s
currentSize : 17 <-- 0.004449 s
currentSize : 18 <-- 0.007602 s

maxsize : 18
nodes : 5226.000000
filtered : 90053.000000
time : 0.036447
