Parameters: GAD=1 vflib=1 dir=0 label=1 lowerbound=1 fileNameGp=../graphsdb/mcs30/rand/r01/mcs30_r01_s90.A90 fileNameGt=../graphsdb/mcs30/rand/r01/mcs30_r01_s90.B90
Reading graphs...
90 :  770
90 :  754
Initializing...
maxdom : 9
D->valSize : 524
Solving...
currentSize : 2 <-- 0.005188 s
currentSize : 5 <-- 0.005288 s
currentSize : 16 <-- 0.005780 s
currentSize : 19 <-- 0.006547 s
currentSize : 22 <-- 0.071015 s
currentSize : 26 <-- 0.122952 s

maxsize : 26
nodes : 1059040.000000
filtered : 7092705.000000
time : 6.947049
