Parameters: GAD=1 vflib=1 dir=0 label=1 lowerbound=1 fileNameGp=../graphsdb/mcs30/bvg/b06/mcs30_b06_s25.A31 fileNameGt=../graphsdb/mcs30/bvg/b06/mcs30_b06_s25.B31
Reading graphs...
25 :  74
25 :  72
Initializing...
maxdom : 10
D->valSize : 173
Solving...
currentSize : 1 <-- 0.000756 s
currentSize : 2 <-- 0.000796 s
currentSize : 4 <-- 0.000824 s
currentSize : 5 <-- 0.000941 s
currentSize : 6 <-- 0.001284 s
currentSize : 7 <-- 0.002104 s

maxsize : 7
nodes : 1163.000000
filtered : 11823.000000
time : 0.003930
