Parameters: GAD=1 vflib=1 dir=0 label=1 lowerbound=1 fileNameGp=../graphsdb/mcs30/rand/r02/mcs30_r02_s70.A24 fileNameGt=../graphsdb/mcs30/rand/r02/mcs30_r02_s70.B24
Reading graphs...
70 :  849
70 :  875
Initializing...
maxdom : 8
D->valSize : 337
Solving...
currentSize : 3 <-- 0.002549 s
currentSize : 4 <-- 0.002570 s
currentSize : 5 <-- 0.002643 s
currentSize : 7 <-- 0.002685 s
currentSize : 9 <-- 0.003732 s
currentSize : 17 <-- 0.004493 s
currentSize : 18 <-- 0.004580 s

maxsize : 18
nodes : 11754.000000
filtered : 121620.000000
time : 0.090514
