Parameters: GAD=1 vflib=1 dir=0 label=1 lowerbound=1 fileNameGp=../graphsdb/mcs30/rand/r01/mcs30_r01_s80.A95 fileNameGt=../graphsdb/mcs30/rand/r01/mcs30_r01_s80.B95
Reading graphs...
80 :  596
80 :  599
Initializing...
maxdom : 10
D->valSize : 427
Solving...
currentSize : 1 <-- 0.005743 s
currentSize : 2 <-- 0.005834 s
currentSize : 3 <-- 0.005884 s
currentSize : 4 <-- 0.005916 s
currentSize : 22 <-- 0.006362 s
currentSize : 23 <-- 0.074275 s

maxsize : 23
nodes : 164671.000000
filtered : 936266.000000
time : 1.015325
