Parameters: GAD=1 vflib=1 dir=0 label=1 lowerbound=1 fileNameGp=../graphsdb/mcs30/rand/r02/mcs30_r02_s70.A09 fileNameGt=../graphsdb/mcs30/rand/r02/mcs30_r02_s70.B09
Reading graphs...
70 :  848
70 :  855
Initializing...
maxdom : 9
D->valSize : 326
Solving...
currentSize : 3 <-- 0.002566 s
currentSize : 5 <-- 0.002687 s
currentSize : 6 <-- 0.002782 s
currentSize : 9 <-- 0.003287 s
currentSize : 10 <-- 0.003486 s
currentSize : 12 <-- 0.003640 s
currentSize : 18 <-- 0.004726 s
currentSize : 19 <-- 0.004777 s

maxsize : 19
nodes : 7382.000000
filtered : 83815.000000
time : 0.047250
