Parameters: GAD=1 vflib=1 dir=0 label=1 lowerbound=1 fileNameGp=../graphsdb/mcs30/rand/r02/mcs30_r02_s100.A13 fileNameGt=../graphsdb/mcs30/rand/r02/mcs30_r02_s100.B13
Reading graphs...
100 :  1765
100 :  1794
Initializing...
maxdom : 7
D->valSize : 360
Solving...
currentSize : 3 <-- 0.003618 s
currentSize : 4 <-- 0.003671 s
currentSize : 5 <-- 0.003956 s
currentSize : 10 <-- 0.004495 s
currentSize : 13 <-- 0.004674 s
currentSize : 17 <-- 0.005245 s
currentSize : 24 <-- 0.008660 s
currentSize : 25 <-- 0.009252 s

maxsize : 25
nodes : 47097.000000
filtered : 302562.000000
time : 0.336153
