Parameters: GAD=1 vflib=1 dir=0 label=1 lowerbound=1 fileNameGp=../graphsdb/mcs30/rand/r02/mcs30_r02_s50.A79 fileNameGt=../graphsdb/mcs30/rand/r02/mcs30_r02_s50.B79
Reading graphs...
50 :  432
50 :  434
Initializing...
maxdom : 11
D->valSize : 332
Solving...
currentSize : 3 <-- 0.002216 s
currentSize : 4 <-- 0.002240 s
currentSize : 5 <-- 0.002313 s
currentSize : 6 <-- 0.002530 s
currentSize : 8 <-- 0.002718 s
currentSize : 12 <-- 0.003828 s

maxsize : 12
nodes : 6536.000000
filtered : 111779.000000
time : 0.036261
