Parameters: GAD=1 vflib=1 dir=0 label=1 lowerbound=1 fileNameGp=../graphsdb/mcs30/rand/r02/mcs30_r02_s80.A60 fileNameGt=../graphsdb/mcs30/rand/r02/mcs30_r02_s80.B60
Reading graphs...
80 :  1133
80 :  1136
Initializing...
maxdom : 11
D->valSize : 448
Solving...
currentSize : 4 <-- 0.004076 s
currentSize : 5 <-- 0.004122 s
currentSize : 6 <-- 0.004138 s
currentSize : 7 <-- 0.004275 s
currentSize : 8 <-- 0.004609 s
currentSize : 21 <-- 0.006313 s

maxsize : 21
nodes : 22683.000000
filtered : 273661.000000
time : 0.155028
