Parameters: GAD=1 vflib=1 dir=0 label=1 lowerbound=1 fileNameGp=../graphsdb/mcs30/rand/r02/mcs30_r02_s90.A74 fileNameGt=../graphsdb/mcs30/rand/r02/mcs30_r02_s90.B74
Reading graphs...
90 :  1433
90 :  1426
Initializing...
maxdom : 10
D->valSize : 522
Solving...
currentSize : 3 <-- 0.005124 s
currentSize : 4 <-- 0.005280 s
currentSize : 6 <-- 0.005314 s
currentSize : 7 <-- 0.007128 s
currentSize : 9 <-- 0.010554 s
currentSize : 10 <-- 0.011841 s
currentSize : 22 <-- 0.012599 s
currentSize : 24 <-- 0.013242 s

maxsize : 24
nodes : 27036.000000
filtered : 384425.000000
time : 0.206443
