Parameters: GAD=1 vflib=1 dir=0 label=1 lowerbound=1 fileNameGp=../graphsdb/mcs30/rand/r01/mcs30_r01_s60.A93 fileNameGt=../graphsdb/mcs30/rand/r01/mcs30_r01_s60.B93
Reading graphs...
60 :  332
60 :  339
Initializing...
maxdom : 8
D->valSize : 223
Solving...
currentSize : 1 <-- 0.001367 s
currentSize : 2 <-- 0.001410 s
currentSize : 4 <-- 0.001480 s
currentSize : 12 <-- 0.001639 s
currentSize : 15 <-- 0.001738 s
currentSize : 18 <-- 0.004199 s

maxsize : 18
nodes : 7305.000000
filtered : 35854.000000
time : 0.033491
