Parameters: GAD=1 vflib=1 dir=0 label=1 lowerbound=1 fileNameGp=../graphsdb/mcs30/rand/r01/mcs30_r01_s80.A43 fileNameGt=../graphsdb/mcs30/rand/r01/mcs30_r01_s80.B43
Reading graphs...
80 :  596
80 :  588
Initializing...
maxdom : 7
D->valSize : 423
Solving...
currentSize : 1 <-- 0.006452 s
currentSize : 2 <-- 0.006523 s
currentSize : 3 <-- 0.006846 s
currentSize : 5 <-- 0.007473 s
currentSize : 9 <-- 0.007540 s
currentSize : 23 <-- 0.008336 s

maxsize : 23
nodes : 467031.000000
filtered : 2432829.000000
time : 2.733260
