Parameters: GAD=1 vflib=1 dir=0 label=1 lowerbound=1 fileNameGp=../graphsdb/mcs30/rand/r01/mcs30_r01_s50.A24 fileNameGt=../graphsdb/mcs30/rand/r01/mcs30_r01_s50.B24
Reading graphs...
50 :  228
50 :  231
Initializing...
maxdom : 10
D->valSize : 337
Solving...
currentSize : 4 <-- 0.002205 s
currentSize : 8 <-- 0.002340 s
currentSize : 9 <-- 0.002628 s
currentSize : 10 <-- 0.002667 s
currentSize : 11 <-- 0.003170 s
currentSize : 16 <-- 0.005399 s

maxsize : 16
nodes : 5577.000000
filtered : 62922.000000
time : 0.027750
