Parameters: GAD=1 vflib=1 dir=0 label=1 lowerbound=1 fileNameGp=../graphsdb/mcs30/rand/r02/mcs30_r02_s90.A11 fileNameGt=../graphsdb/mcs30/rand/r02/mcs30_r02_s90.B11
Reading graphs...
90 :  1434
90 :  1431
Initializing...
maxdom : 10
D->valSize : 513
Solving...
currentSize : 4 <-- 0.007825 s
currentSize : 5 <-- 0.007887 s
currentSize : 6 <-- 0.008443 s
currentSize : 8 <-- 0.008490 s
currentSize : 10 <-- 0.009047 s
currentSize : 12 <-- 0.010595 s
currentSize : 22 <-- 0.016229 s
currentSize : 23 <-- 0.016625 s

maxsize : 23
nodes : 36634.000000
filtered : 486823.000000
time : 0.305655
