Parameters: GAD=1 vflib=1 dir=0 label=1 lowerbound=1 fileNameGp=../graphsdb/mcs30/bvg/b06/mcs30_b06_s50.A08 fileNameGt=../graphsdb/mcs30/bvg/b06/mcs30_b06_s50.B08
Reading graphs...
50 :  145
50 :  150
Initializing...
maxdom : 8
D->valSize : 300
Solving...
currentSize : 1 <-- 0.001768 s
currentSize : 3 <-- 0.001875 s
currentSize : 6 <-- 0.001977 s
currentSize : 7 <-- 0.001990 s
currentSize : 8 <-- 0.002034 s
currentSize : 9 <-- 0.002065 s
currentSize : 10 <-- 0.002910 s
currentSize : 11 <-- 0.003531 s
currentSize : 16 <-- 0.007301 s

maxsize : 16
nodes : 45851.000000
filtered : 159155.000000
time : 0.150963
