Parameters: GAD=1 vflib=1 dir=0 label=1 lowerbound=1 fileNameGp=../graphsdb/mcs30/rand/r01/mcs30_r01_s80.A68 fileNameGt=../graphsdb/mcs30/rand/r01/mcs30_r01_s80.B68
Reading graphs...
80 :  589
80 :  593
Initializing...
maxdom : 9
D->valSize : 402
Solving...
currentSize : 1 <-- 0.003318 s
currentSize : 2 <-- 0.003376 s
currentSize : 4 <-- 0.003442 s
currentSize : 10 <-- 0.003686 s
currentSize : 15 <-- 0.003876 s
currentSize : 22 <-- 0.017344 s

maxsize : 22
nodes : 250040.000000
filtered : 1302501.000000
time : 1.408666
