Parameters: GAD=1 vflib=1 dir=0 label=1 lowerbound=1 fileNameGp=../graphsdb/mcs30/rand/r02/mcs30_r02_s50.A44 fileNameGt=../graphsdb/mcs30/rand/r02/mcs30_r02_s50.B44
Reading graphs...
50 :  440
50 :  441
Initializing...
maxdom : 11
D->valSize : 336
Solving...
currentSize : 5 <-- 0.002188 s
currentSize : 6 <-- 0.002312 s
currentSize : 7 <-- 0.003158 s
currentSize : 10 <-- 0.003454 s
currentSize : 11 <-- 0.003479 s
currentSize : 12 <-- 0.004084 s
currentSize : 13 <-- 0.004113 s

maxsize : 13
nodes : 6736.000000
filtered : 111478.000000
time : 0.037129
