Parameters: GAD=1 vflib=1 dir=0 label=1 lowerbound=1 fileNameGp=../graphsdb/mcs30/rand/r01/mcs30_r01_s50.A59 fileNameGt=../graphsdb/mcs30/rand/r01/mcs30_r01_s50.B59
Reading graphs...
50 :  234
50 :  232
Initializing...
maxdom : 9
D->valSize : 311
Solving...
currentSize : 3 <-- 0.001893 s
currentSize : 5 <-- 0.001926 s
currentSize : 6 <-- 0.002306 s
currentSize : 7 <-- 0.002887 s
currentSize : 11 <-- 0.003129 s
currentSize : 15 <-- 0.003413 s

maxsize : 15
nodes : 8567.000000
filtered : 69740.000000
time : 0.037865
