Parameters: GAD=1 vflib=1 dir=0 label=1 lowerbound=1 fileNameGp=../graphsdb/mcs30/bvg/b09m/mcs30_b09m_s50.A44 fileNameGt=../graphsdb/mcs30/bvg/b09m/mcs30_b09m_s50.B44
Reading graphs...
50 :  211
50 :  213
Initializing...
maxdom : 11
D->valSize : 318
Solving...
currentSize : 3 <-- 0.002066 s
currentSize : 4 <-- 0.002110 s
currentSize : 6 <-- 0.002143 s
currentSize : 7 <-- 0.003751 s
currentSize : 11 <-- 0.004975 s
currentSize : 12 <-- 0.005918 s

maxsize : 12
nodes : 10547.000000
filtered : 48485.000000
time : 0.034288
