Parameters: GAD=1 vflib=1 dir=0 label=1 lowerbound=1 fileNameGp=../graphsdb/mcs30/bvg/b09/mcs30_b09_s50.A96 fileNameGt=../graphsdb/mcs30/bvg/b09/mcs30_b09_s50.B96
Reading graphs...
50 :  216
50 :  218
Initializing...
maxdom : 11
D->valSize : 331
Solving...
currentSize : 1 <-- 0.002063 s
currentSize : 2 <-- 0.002096 s
currentSize : 3 <-- 0.002126 s
currentSize : 4 <-- 0.002154 s
currentSize : 5 <-- 0.002409 s
currentSize : 14 <-- 0.002739 s

maxsize : 14
nodes : 28383.000000
filtered : 115673.000000
time : 0.105264
