Parameters: GAD=1 vflib=1 dir=0 label=1 lowerbound=1 fileNameGp=../graphsdb/mcs30/rand/r02/mcs30_r02_s60.A43 fileNameGt=../graphsdb/mcs30/rand/r02/mcs30_r02_s60.B43
Reading graphs...
60 :  634
60 :  627
Initializing...
maxdom : 6
D->valSize : 240
Solving...
currentSize : 2 <-- 0.001496 s
currentSize : 3 <-- 0.001546 s
currentSize : 4 <-- 0.001606 s
currentSize : 9 <-- 0.002412 s
currentSize : 16 <-- 0.002775 s
currentSize : 17 <-- 0.005430 s

maxsize : 17
nodes : 1606.000000
filtered : 27370.000000
time : 0.010126
