Parameters: GAD=1 vflib=1 dir=0 label=1 lowerbound=1 fileNameGp=../graphsdb/mcs50/rand/r01/mcs50_r01_s15.A93 fileNameGt=../graphsdb/mcs50/rand/r01/mcs50_r01_s15.B93
Reading graphs...
15 :  22
15 :  23
Initializing...
maxdom : 10
D->valSize : 125
Solving...
currentSize : 1 <-- 0.000537 s
currentSize : 2 <-- 0.000552 s
currentSize : 4 <-- 0.000562 s
currentSize : 5 <-- 0.000570 s
currentSize : 7 <-- 0.000594 s
currentSize : 8 <-- 0.000603 s
currentSize : 9 <-- 0.000614 s

maxsize : 9
nodes : 312.000000
filtered : 3832.000000
time : 0.001451
