Parameters: GAD=1 vflib=1 dir=0 label=1 lowerbound=1 fileNameGp=../graphsdb/mcs50/rand/r02/mcs50_r02_s25.A97 fileNameGt=../graphsdb/mcs50/rand/r02/mcs50_r02_s25.B97
Reading graphs...
25 :  104
25 :  104
Initializing...
maxdom : 10
D->valSize : 170
Solving...
currentSize : 5 <-- 0.000781 s
currentSize : 6 <-- 0.000913 s
currentSize : 7 <-- 0.001208 s
currentSize : 8 <-- 0.001785 s
currentSize : 9 <-- 0.001955 s
currentSize : 12 <-- 0.003499 s

maxsize : 12
nodes : 1096.000000
filtered : 13678.000000
time : 0.004639
