Parameters: GAD=1 vflib=1 dir=0 label=1 lowerbound=1 fileNameGp=../graphsdb/mcs50/rand/r02/mcs50_r02_s80.A97 fileNameGt=../graphsdb/mcs50/rand/r02/mcs50_r02_s80.B97
Reading graphs...
80 :  1140
80 :  1137
Initializing...
maxdom : 11
D->valSize : 436
Solving...
currentSize : 9 <-- 0.005789 s
currentSize : 10 <-- 0.006622 s
currentSize : 12 <-- 0.006667 s
currentSize : 14 <-- 0.011470 s
currentSize : 16 <-- 0.012070 s
currentSize : 17 <-- 0.012309 s
currentSize : 27 <-- 0.013346 s
currentSize : 29 <-- 0.013491 s
currentSize : 30 <-- 0.014520 s

maxsize : 30
nodes : 153308.000000
filtered : 347171.000000
time : 0.790201
