Parameters: GAD=1 vflib=1 dir=0 label=1 lowerbound=1 fileNameGp=../graphsdb/mcs50/bvg/b06/mcs50_b06_s20.A66 fileNameGt=../graphsdb/mcs50/bvg/b06/mcs50_b06_s20.B66
Reading graphs...
20 :  60
20 :  57
Initializing...
maxdom : 10
D->valSize : 117
Solving...
currentSize : 3 <-- 0.000529 s
currentSize : 4 <-- 0.000545 s
currentSize : 5 <-- 0.000611 s
currentSize : 6 <-- 0.000625 s
currentSize : 7 <-- 0.000674 s
currentSize : 10 <-- 0.000997 s

maxsize : 10
nodes : 263.000000
filtered : 2487.000000
time : 0.001288
