Parameters: GAD=1 vflib=1 dir=0 label=1 lowerbound=1 fileNameGp=../graphsdb/mcs50/rand/r02/mcs50_r02_s100.A49 fileNameGt=../graphsdb/mcs50/rand/r02/mcs50_r02_s100.B49
Reading graphs...
100 :  1777
100 :  1764
Initializing...
maxdom : 7
D->valSize : 335
Solving...
currentSize : 1 <-- 0.003027 s
currentSize : 2 <-- 0.003075 s
currentSize : 24 <-- 0.003197 s
currentSize : 25 <-- 0.003328 s
currentSize : 41 <-- 0.005212 s
currentSize : 42 <-- 0.005420 s

maxsize : 42
nodes : 97457.000000
filtered : 191806.000000
time : 0.617340
