Parameters: GAD=1 vflib=1 dir=0 label=1 lowerbound=1 fileNameGp=../graphsdb/mcs50/rand/r01/mcs50_r01_s25.A59 fileNameGt=../graphsdb/mcs50/rand/r01/mcs50_r01_s25.B59
Reading graphs...
25 :  56
25 :  57
Initializing...
maxdom : 7
D->valSize : 163
Solving...
currentSize : 1 <-- 0.000672 s
currentSize : 5 <-- 0.000712 s
currentSize : 6 <-- 0.000744 s
currentSize : 7 <-- 0.000766 s
currentSize : 11 <-- 0.000843 s
currentSize : 12 <-- 0.002002 s

maxsize : 12
nodes : 994.000000
filtered : 8967.000000
time : 0.004045
