Parameters: GAD=1 vflib=1 dir=0 label=1 lowerbound=1 fileNameGp=../graphsdb/mcs50/rand/r02/mcs50_r02_s90.A22 fileNameGt=../graphsdb/mcs50/rand/r02/mcs50_r02_s90.B22
Reading graphs...
90 :  1443
90 :  1436
Initializing...
maxdom : 12
D->valSize : 590
Solving...
currentSize : 4 <-- 0.006275 s
currentSize : 5 <-- 0.006334 s
currentSize : 6 <-- 0.006584 s
currentSize : 8 <-- 0.006882 s
currentSize : 12 <-- 0.006983 s
currentSize : 16 <-- 0.007293 s
currentSize : 21 <-- 0.008024 s
currentSize : 22 <-- 0.008982 s
currentSize : 24 <-- 0.017828 s
currentSize : 33 <-- 0.037001 s
currentSize : 34 <-- 0.037482 s
currentSize : 35 <-- 0.062481 s
currentSize : 36 <-- 0.063121 s

maxsize : 36
nodes : 83363.000000
filtered : 572408.000000
time : 0.557538
