Parameters: GAD=1 vflib=1 dir=0 label=1 lowerbound=1 fileNameGp=../graphsdb/mcs50/rand/r02/mcs50_r02_s90.A32 fileNameGt=../graphsdb/mcs50/rand/r02/mcs50_r02_s90.B32
Reading graphs...
90 :  1426
90 :  1436
Initializing...
maxdom : 11
D->valSize : 509
Solving...
currentSize : 5 <-- 0.005101 s
currentSize : 6 <-- 0.005284 s
currentSize : 7 <-- 0.005344 s
currentSize : 13 <-- 0.005443 s
currentSize : 19 <-- 0.005910 s
currentSize : 23 <-- 0.009240 s
currentSize : 24 <-- 0.009433 s
currentSize : 34 <-- 0.016592 s
currentSize : 35 <-- 0.022028 s

maxsize : 35
nodes : 52727.000000
filtered : 374381.000000
time : 0.353747
