Parameters: GAD=1 vflib=1 dir=0 label=1 lowerbound=1 fileNameGp=../graphsdb/mcs50/bvg/b09m/mcs50_b09m_s20.A35 fileNameGt=../graphsdb/mcs50/bvg/b09m/mcs50_b09m_s20.B35
Reading graphs...
20 :  79
20 :  81
Initializing...
maxdom : 10
D->valSize : 118
Solving...
currentSize : 3 <-- 0.000575 s
currentSize : 4 <-- 0.000595 s
currentSize : 5 <-- 0.000677 s
currentSize : 6 <-- 0.000692 s
currentSize : 7 <-- 0.001030 s
currentSize : 8 <-- 0.001036 s

maxsize : 8
nodes : 486.000000
filtered : 5130.000000
time : 0.002078
