Parameters: GAD=1 vflib=1 dir=0 label=1 lowerbound=1 fileNameGp=../graphsdb/mcs50/rand/r02/mcs50_r02_s80.A91 fileNameGt=../graphsdb/mcs50/rand/r02/mcs50_r02_s80.B91
Reading graphs...
80 :  1137
80 :  1134
Initializing...
maxdom : 9
D->valSize : 455
Solving...
currentSize : 4 <-- 0.004127 s
currentSize : 6 <-- 0.004254 s
currentSize : 10 <-- 0.004386 s
currentSize : 11 <-- 0.004539 s
currentSize : 28 <-- 0.005819 s
currentSize : 29 <-- 0.006024 s
currentSize : 30 <-- 0.084006 s

maxsize : 30
nodes : 42144.000000
filtered : 280872.000000
time : 0.254000
