Parameters: GAD=1 vflib=1 dir=0 label=1 lowerbound=1 fileNameGp=../graphsdb/mcs50/rand/r02/mcs50_r02_s50.A55 fileNameGt=../graphsdb/mcs50/rand/r02/mcs50_r02_s50.B55
Reading graphs...
50 :  435
50 :  437
Initializing...
maxdom : 13
D->valSize : 349
Solving...
currentSize : 5 <-- 0.002360 s
currentSize : 6 <-- 0.002450 s
currentSize : 8 <-- 0.002651 s
currentSize : 13 <-- 0.002932 s
currentSize : 20 <-- 0.006148 s
currentSize : 21 <-- 0.007155 s

maxsize : 21
nodes : 3342.000000
filtered : 58747.000000
time : 0.019711
