Parameters: GAD=1 vflib=1 dir=0 label=1 lowerbound=1 fileNameGp=../graphsdb/mcs50/rand/r02/mcs50_r02_s25.A38 fileNameGt=../graphsdb/mcs50/rand/r02/mcs50_r02_s25.B38
Reading graphs...
25 :  106
25 :  105
Initializing...
maxdom : 10
D->valSize : 163
Solving...
currentSize : 4 <-- 0.000769 s
currentSize : 5 <-- 0.000794 s
currentSize : 6 <-- 0.000802 s
currentSize : 7 <-- 0.000878 s
currentSize : 8 <-- 0.001070 s
currentSize : 10 <-- 0.001111 s
currentSize : 11 <-- 0.002579 s

maxsize : 11
nodes : 942.000000
filtered : 12512.000000
time : 0.004168
