Parameters: GAD=1 vflib=1 dir=0 label=1 lowerbound=1 fileNameGp=../graphsdb/mcs50/bvg/b09/mcs50_b09_s30.A83 fileNameGt=../graphsdb/mcs50/bvg/b09/mcs50_b09_s30.B83
Reading graphs...
30 :  133
30 :  133
Initializing...
maxdom : 7
D->valSize : 123
Solving...
currentSize : 3 <-- 0.000643 s
currentSize : 4 <-- 0.000696 s
currentSize : 5 <-- 0.000737 s
currentSize : 7 <-- 0.000824 s
currentSize : 11 <-- 0.000850 s
currentSize : 14 <-- 0.000987 s

maxsize : 14
nodes : 681.000000
filtered : 4212.000000
time : 0.002838
