Parameters: GAD=1 vflib=1 dir=0 label=1 lowerbound=1 fileNameGp=../graphsdb/mcs50/bvg/b09/mcs50_b09_s20.A52 fileNameGt=../graphsdb/mcs50/bvg/b09/mcs50_b09_s20.B52
Reading graphs...
20 :  87
20 :  86
Initializing...
maxdom : 8
D->valSize : 92
Solving...
currentSize : 1 <-- 0.000520 s
currentSize : 2 <-- 0.000538 s
currentSize : 3 <-- 0.000547 s
currentSize : 4 <-- 0.000616 s
currentSize : 5 <-- 0.000788 s
currentSize : 10 <-- 0.001046 s

maxsize : 10
nodes : 274.000000
filtered : 2650.000000
time : 0.001330
