Parameters: GAD=1 vflib=1 dir=0 label=1 lowerbound=1 fileNameGp=../graphsdb/mcs50/m2D/m2D/mcs50_m2D_s20.A12 fileNameGt=../graphsdb/mcs50/m2D/m2D/mcs50_m2D_s20.B12
Reading graphs...
20 :  29
20 :  31
Initializing...
maxdom : 8
D->valSize : 102
Solving...
currentSize : 1 <-- 0.000556 s
currentSize : 2 <-- 0.000577 s
currentSize : 3 <-- 0.000592 s
currentSize : 5 <-- 0.000606 s
currentSize : 6 <-- 0.000656 s
currentSize : 10 <-- 0.000751 s

maxsize : 10
nodes : 346.000000
filtered : 1811.000000
time : 0.001417
