Parameters: GAD=1 vflib=1 dir=0 label=1 lowerbound=1 fileNameGp=../graphsdb/mcs50/rand/r02/mcs50_r02_s100.A36 fileNameGt=../graphsdb/mcs50/rand/r02/mcs50_r02_s100.B36
Reading graphs...
100 :  1768
100 :  1764
Initializing...
maxdom : 8
D->valSize : 347
Solving...
currentSize : 1 <-- 0.004857 s
currentSize : 2 <-- 0.004963 s
currentSize : 3 <-- 0.005045 s
currentSize : 35 <-- 0.005536 s
currentSize : 36 <-- 0.005628 s
currentSize : 37 <-- 0.244411 s
currentSize : 38 <-- 3.075813 s

maxsize : 38
nodes : 708742.000000
filtered : 418249.000000
time : 4.321763
