Parameters: GAD=1 vflib=1 dir=0 label=1 lowerbound=1 fileNameGp=../graphsdb/mcs50/bvg/b09/mcs50_b09_s20.A18 fileNameGt=../graphsdb/mcs50/bvg/b09/mcs50_b09_s20.B18
Reading graphs...
20 :  89
20 :  83
Initializing...
maxdom : 8
D->valSize : 113
Solving...
currentSize : 4 <-- 0.000526 s
currentSize : 5 <-- 0.000565 s
currentSize : 6 <-- 0.000625 s
currentSize : 7 <-- 0.000669 s
currentSize : 9 <-- 0.000789 s
currentSize : 10 <-- 0.000987 s

maxsize : 10
nodes : 313.000000
filtered : 3976.000000
time : 0.001507
