Parameters: GAD=1 vflib=1 dir=0 label=1 lowerbound=1 fileNameGp=../graphsdb/mcs50/rand/r02/mcs50_r02_s100.A48 fileNameGt=../graphsdb/mcs50/rand/r02/mcs50_r02_s100.B48
Reading graphs...
100 :  1784
100 :  1757
Initializing...
maxdom : 11
D->valSize : 402
Solving...
currentSize : 1 <-- 0.004001 s
currentSize : 8 <-- 0.004093 s
currentSize : 14 <-- 0.004294 s
currentSize : 17 <-- 0.005361 s
currentSize : 36 <-- 0.008349 s
currentSize : 37 <-- 0.029279 s

maxsize : 37
nodes : 4214433.000000
filtered : 1888365.000000
time : 25.157124
