Parameters: GAD=1 vflib=1 dir=0 label=1 lowerbound=1 fileNameGp=../graphsdb/mcs50/bvg/b06/mcs50_b06_s25.A55 fileNameGt=../graphsdb/mcs50/bvg/b06/mcs50_b06_s25.B55
Reading graphs...
25 :  74
25 :  74
Initializing...
maxdom : 8
D->valSize : 170
Solving...
currentSize : 1 <-- 0.000774 s
currentSize : 3 <-- 0.000799 s
currentSize : 7 <-- 0.000817 s
currentSize : 8 <-- 0.000937 s
currentSize : 10 <-- 0.001009 s
currentSize : 12 <-- 0.002887 s

maxsize : 12
nodes : 2236.000000
filtered : 14136.000000
time : 0.007130
