Parameters: GAD=1 vflib=1 dir=0 label=1 lowerbound=1 fileNameGp=../graphsdb/mcs50/rand/r02/mcs50_r02_s80.A07 fileNameGt=../graphsdb/mcs50/rand/r02/mcs50_r02_s80.B07
Reading graphs...
80 :  1126
80 :  1118
Initializing...
maxdom : 11
D->valSize : 397
Solving...
currentSize : 4 <-- 0.003301 s
currentSize : 5 <-- 0.003373 s
currentSize : 6 <-- 0.003717 s
currentSize : 11 <-- 0.003998 s
currentSize : 15 <-- 0.004357 s
currentSize : 31 <-- 0.007104 s
currentSize : 32 <-- 0.007369 s
currentSize : 33 <-- 0.007718 s

maxsize : 33
nodes : 8995.000000
filtered : 122094.000000
time : 0.066964
