Parameters: GAD=1 vflib=1 dir=0 label=1 lowerbound=1 fileNameGp=../graphsdb/mcs50/bvg/b09m/mcs50_b09m_s25.A84 fileNameGt=../graphsdb/mcs50/bvg/b09m/mcs50_b09m_s25.B84
Reading graphs...
25 :  100
25 :  101
Initializing...
maxdom : 9
D->valSize : 163
Solving...
currentSize : 1 <-- 0.000727 s
currentSize : 3 <-- 0.000753 s
currentSize : 5 <-- 0.000802 s
currentSize : 6 <-- 0.000838 s
currentSize : 7 <-- 0.001310 s
currentSize : 9 <-- 0.002753 s
currentSize : 10 <-- 0.003532 s

maxsize : 10
nodes : 1302.000000
filtered : 12558.000000
time : 0.004826
