Parameters: GAD=1 vflib=1 dir=0 label=1 lowerbound=1 fileNameGp=../graphsdb/mcs50/rand/r02/mcs50_r02_s90.A47 fileNameGt=../graphsdb/mcs50/rand/r02/mcs50_r02_s90.B47
Reading graphs...
90 :  1439
90 :  1429
Initializing...
maxdom : 10
D->valSize : 573
Solving...
currentSize : 3 <-- 0.006003 s
currentSize : 5 <-- 0.006040 s
currentSize : 6 <-- 0.006320 s
currentSize : 7 <-- 0.006509 s
currentSize : 9 <-- 0.006566 s
currentSize : 12 <-- 0.006910 s
currentSize : 21 <-- 0.007145 s
currentSize : 38 <-- 0.010474 s

maxsize : 38
nodes : 32680.000000
filtered : 386750.000000
time : 0.246804
