Parameters: GAD=1 vflib=1 dir=0 label=1 lowerbound=1 fileNameGp=../graphsdb/mcs50/m2D/m2Dr6/mcs50_m2Dr6_s20.A53 fileNameGt=../graphsdb/mcs50/m2D/m2Dr6/mcs50_m2Dr6_s20.B53
Reading graphs...
20 :  41
20 :  42
Initializing...
maxdom : 6
D->valSize : 100
Solving...
currentSize : 1 <-- 0.000499 s
currentSize : 4 <-- 0.000523 s
currentSize : 6 <-- 0.000642 s
currentSize : 7 <-- 0.000724 s
currentSize : 8 <-- 0.000737 s
currentSize : 10 <-- 0.000784 s

maxsize : 10
nodes : 275.000000
filtered : 2314.000000
time : 0.001222
