Parameters: GAD=1 vflib=1 dir=0 label=1 lowerbound=1 fileNameGp=../graphsdb/mcs50/rand/r02/mcs50_r02_s80.A25 fileNameGt=../graphsdb/mcs50/rand/r02/mcs50_r02_s80.B25
Reading graphs...
80 :  1120
80 :  1135
Initializing...
maxdom : 9
D->valSize : 441
Solving...
currentSize : 4 <-- 0.004015 s
currentSize : 5 <-- 0.004356 s
currentSize : 10 <-- 0.004487 s
currentSize : 15 <-- 0.004995 s
currentSize : 16 <-- 0.005116 s
currentSize : 17 <-- 0.006312 s
currentSize : 29 <-- 0.012222 s
currentSize : 30 <-- 0.016769 s
currentSize : 31 <-- 0.016971 s

maxsize : 31
nodes : 30228.000000
filtered : 248381.000000
time : 0.194507
