Parameters: GAD=1 vflib=1 dir=0 label=1 lowerbound=1 fileNameGp=../graphsdb/mcs50/bvg/b09m/mcs50_b09m_s50.A62 fileNameGt=../graphsdb/mcs50/bvg/b09m/mcs50_b09m_s50.B62
Reading graphs...
50 :  219
50 :  216
Initializing...
maxdom : 10
D->valSize : 309
Solving...
currentSize : 1 <-- 0.001869 s
currentSize : 2 <-- 0.001921 s
currentSize : 4 <-- 0.001969 s
currentSize : 6 <-- 0.001989 s
currentSize : 16 <-- 0.002180 s
currentSize : 24 <-- 0.036863 s

maxsize : 24
nodes : 43988.000000
filtered : 170816.000000
time : 0.178595
