Parameters: GAD=1 vflib=1 dir=0 label=1 lowerbound=1 fileNameGp=../graphsdb/mcs50/bvg/b06/mcs50_b06_s25.A05 fileNameGt=../graphsdb/mcs50/bvg/b06/mcs50_b06_s25.B05
Reading graphs...
25 :  75
25 :  75
Initializing...
maxdom : 7
D->valSize : 161
Solving...
currentSize : 1 <-- 0.000745 s
currentSize : 2 <-- 0.000766 s
currentSize : 4 <-- 0.000792 s
currentSize : 7 <-- 0.000820 s
currentSize : 8 <-- 0.001094 s
currentSize : 12 <-- 0.001950 s

maxsize : 12
nodes : 1773.000000
filtered : 11276.000000
time : 0.006135
