Parameters: GAD=1 vflib=1 dir=0 label=1 lowerbound=1 fileNameGp=../graphsdb/mcs50/bvg/b06/mcs50_b06_s25.A89 fileNameGt=../graphsdb/mcs50/bvg/b06/mcs50_b06_s25.B89
Reading graphs...
25 :  71
25 :  75
Initializing...
maxdom : 8
D->valSize : 175
Solving...
currentSize : 1 <-- 0.000745 s
currentSize : 4 <-- 0.000775 s
currentSize : 5 <-- 0.000845 s
currentSize : 8 <-- 0.000917 s
currentSize : 9 <-- 0.000941 s
currentSize : 12 <-- 0.001510 s

maxsize : 12
nodes : 796.000000
filtered : 7124.000000
time : 0.003374
