Parameters: GAD=1 vflib=1 dir=0 label=1 lowerbound=1 fileNameGp=../graphsdb/mcs50/bvg/b06m/mcs50_b06m_s25.A83 fileNameGt=../graphsdb/mcs50/bvg/b06m/mcs50_b06m_s25.B83
Reading graphs...
25 :  72
25 :  72
Initializing...
maxdom : 8
D->valSize : 189
Solving...
currentSize : 1 <-- 0.000834 s
currentSize : 3 <-- 0.000861 s
currentSize : 5 <-- 0.000877 s
currentSize : 6 <-- 0.000896 s
currentSize : 9 <-- 0.001108 s
currentSize : 11 <-- 0.004346 s

maxsize : 11
nodes : 2730.000000
filtered : 21882.000000
time : 0.009559
