Parameters: GAD=1 vflib=1 dir=0 label=1 lowerbound=1 fileNameGp=../graphsdb/mcs50/rand/r01/mcs50_r01_s15.A71 fileNameGt=../graphsdb/mcs50/rand/r01/mcs50_r01_s15.B71
Reading graphs...
15 :  22
15 :  22
Initializing...
maxdom : 10
D->valSize : 125
Solving...
currentSize : 1 <-- 0.000489 s
currentSize : 3 <-- 0.000508 s
currentSize : 4 <-- 0.000524 s
currentSize : 5 <-- 0.000551 s
currentSize : 6 <-- 0.000560 s
currentSize : 7 <-- 0.000567 s
currentSize : 8 <-- 0.000572 s

maxsize : 8
nodes : 511.000000
filtered : 4949.000000
time : 0.001837
