Parameters: GAD=1 vflib=1 dir=0 label=1 lowerbound=1 fileNameGp=../graphsdb/mcs50/m2D/m2D/mcs50_m2D_s40.A90 fileNameGt=../graphsdb/mcs50/m2D/m2D/mcs50_m2D_s40.B90
Reading graphs...
40 :  67
40 :  66
Initializing...
maxdom : 7
D->valSize : 217
Solving...
currentSize : 1 <-- 0.001110 s
currentSize : 2 <-- 0.001172 s
currentSize : 12 <-- 0.001238 s
currentSize : 14 <-- 0.001348 s
currentSize : 15 <-- 0.002354 s
currentSize : 16 <-- 0.002403 s

maxsize : 16
nodes : 25629.000000
filtered : 99599.000000
time : 0.071140
