Parameters: GAD=1 vflib=1 dir=0 label=1 lowerbound=1 fileNameGp=../graphsdb/mcs50/rand/r02/mcs50_r02_s50.A86 fileNameGt=../graphsdb/mcs50/rand/r02/mcs50_r02_s50.B86
Reading graphs...
50 :  444
50 :  446
Initializing...
maxdom : 11
D->valSize : 357
Solving...
currentSize : 6 <-- 0.002379 s
currentSize : 8 <-- 0.002409 s
currentSize : 10 <-- 0.002584 s
currentSize : 11 <-- 0.003411 s
currentSize : 12 <-- 0.003855 s
currentSize : 13 <-- 0.003891 s
currentSize : 14 <-- 0.004023 s
currentSize : 22 <-- 0.008347 s
currentSize : 23 <-- 0.008464 s

maxsize : 23
nodes : 2990.000000
filtered : 73891.000000
time : 0.020531
