Parameters: GAD=1 vflib=1 dir=0 label=1 lowerbound=1 fileNameGp=../graphsdb/mcs50/rand/r01/mcs50_r01_s25.A32 fileNameGt=../graphsdb/mcs50/rand/r01/mcs50_r01_s25.B32
Reading graphs...
25 :  56
25 :  57
Initializing...
maxdom : 11
D->valSize : 181
Solving...
currentSize : 1 <-- 0.000831 s
currentSize : 2 <-- 0.000851 s
currentSize : 5 <-- 0.000875 s
currentSize : 8 <-- 0.001212 s
currentSize : 9 <-- 0.001499 s
currentSize : 11 <-- 0.001515 s
currentSize : 12 <-- 0.001687 s

maxsize : 12
nodes : 796.000000
filtered : 8240.000000
time : 0.003158
