Parameters: GAD=1 vflib=1 dir=0 label=1 lowerbound=1 fileNameGp=../graphsdb/mcs50/m2D/m2Dr4/mcs50_m2Dr4_s20.A43 fileNameGt=../graphsdb/mcs50/m2D/m2Dr4/mcs50_m2Dr4_s20.B43
Reading graphs...
20 :  37
20 :  37
Initializing...
maxdom : 10
D->valSize : 114
Solving...
currentSize : 2 <-- 0.000447 s
currentSize : 3 <-- 0.000481 s
currentSize : 4 <-- 0.000489 s
currentSize : 5 <-- 0.000553 s
currentSize : 6 <-- 0.000571 s
currentSize : 7 <-- 0.000643 s
currentSize : 8 <-- 0.000679 s

maxsize : 8
nodes : 754.000000
filtered : 4044.000000
time : 0.002170
