Parameters: GAD=1 vflib=1 dir=0 label=1 lowerbound=1 fileNameGp=../graphsdb/mcs50/rand/r02/mcs50_r02_s50.A52 fileNameGt=../graphsdb/mcs50/rand/r02/mcs50_r02_s50.B52
Reading graphs...
50 :  426
50 :  432
Initializing...
maxdom : 13
D->valSize : 353
Solving...
currentSize : 6 <-- 0.003439 s
currentSize : 7 <-- 0.006240 s
currentSize : 8 <-- 0.006297 s
currentSize : 9 <-- 0.006849 s
currentSize : 14 <-- 0.007527 s
currentSize : 20 <-- 0.007697 s

maxsize : 20
nodes : 3681.000000
filtered : 64733.000000
time : 0.033709
