Parameters: GAD=1 vflib=1 dir=0 label=1 lowerbound=1 fileNameGp=../graphsdb/mcs50/bvg/b03/mcs50_b03_s25.A33 fileNameGt=../graphsdb/mcs50/bvg/b03/mcs50_b03_s25.B33
Reading graphs...
25 :  37
25 :  37
Initializing...
maxdom : 8
D->valSize : 151
Solving...
currentSize : 1 <-- 0.000762 s
currentSize : 2 <-- 0.000799 s
currentSize : 3 <-- 0.000823 s
currentSize : 8 <-- 0.000861 s
currentSize : 10 <-- 0.001051 s
currentSize : 12 <-- 0.001235 s

maxsize : 12
nodes : 1532.000000
filtered : 7053.000000
time : 0.004821
