Parameters: GAD=1 vflib=1 dir=0 label=1 lowerbound=1 fileNameGp=../graphsdb/mcs50/rand/r02/mcs50_r02_s80.A93 fileNameGt=../graphsdb/mcs50/rand/r02/mcs50_r02_s80.B93
Reading graphs...
80 :  1121
80 :  1122
Initializing...
maxdom : 9
D->valSize : 414
Solving...
currentSize : 5 <-- 0.005180 s
currentSize : 6 <-- 0.005318 s
currentSize : 8 <-- 0.006531 s
currentSize : 13 <-- 0.008633 s
currentSize : 17 <-- 0.009759 s
currentSize : 29 <-- 0.012764 s
currentSize : 31 <-- 0.043664 s

maxsize : 31
nodes : 24949.000000
filtered : 187437.000000
time : 0.158139
