Parameters: GAD=1 vflib=1 dir=0 label=1 lowerbound=1 fileNameGp=../graphsdb/mcs50/rand/r02/mcs50_r02_s50.A64 fileNameGt=../graphsdb/mcs50/rand/r02/mcs50_r02_s50.B64
Reading graphs...
50 :  442
50 :  440
Initializing...
maxdom : 9
D->valSize : 342
Solving...
currentSize : 4 <-- 0.002144 s
currentSize : 5 <-- 0.002174 s
currentSize : 6 <-- 0.002210 s
currentSize : 7 <-- 0.002351 s
currentSize : 8 <-- 0.002438 s
currentSize : 9 <-- 0.004769 s
currentSize : 21 <-- 0.008637 s

maxsize : 21
nodes : 5698.000000
filtered : 80855.000000
time : 0.031084
