Parameters: GAD=1 vflib=1 dir=0 label=1 lowerbound=1 fileNameGp=../graphsdb/mcs50/rand/r02/mcs50_r02_s100.A38 fileNameGt=../graphsdb/mcs50/rand/r02/mcs50_r02_s100.B38
Reading graphs...
100 :  1772
100 :  1732
Initializing...
maxdom : 7
D->valSize : 342
Solving...
currentSize : 13 <-- 0.003498 s
currentSize : 21 <-- 0.004536 s
currentSize : 22 <-- 0.004813 s
currentSize : 34 <-- 0.012608 s
currentSize : 36 <-- 0.214772 s
currentSize : 37 <-- 0.307574 s

maxsize : 37
nodes : 137721.000000
filtered : 239377.000000
time : 0.854740
