Parameters: GAD=1 vflib=1 dir=0 label=1 lowerbound=1 fileNameGp=../graphsdb/mcs50/rand/r01/mcs50_r01_s15.A69 fileNameGt=../graphsdb/mcs50/rand/r01/mcs50_r01_s15.B69
Reading graphs...
15 :  22
15 :  21
Initializing...
maxdom : 8
D->valSize : 114
Solving...
currentSize : 1 <-- 0.000466 s
currentSize : 2 <-- 0.000491 s
currentSize : 3 <-- 0.000498 s
currentSize : 5 <-- 0.000526 s
currentSize : 7 <-- 0.000926 s
currentSize : 8 <-- 0.001340 s

maxsize : 8
nodes : 552.000000
filtered : 4296.000000
time : 0.001688
