Parameters: GAD=1 vflib=1 dir=0 label=1 lowerbound=1 fileNameGp=../graphsdb/mcs50/rand/r01/mcs50_r01_s15.A95 fileNameGt=../graphsdb/mcs50/rand/r01/mcs50_r01_s15.B95
Reading graphs...
15 :  21
15 :  21
Initializing...
maxdom : 8
D->valSize : 115
Solving...
currentSize : 1 <-- 0.000511 s
currentSize : 2 <-- 0.000527 s
currentSize : 3 <-- 0.000548 s
currentSize : 6 <-- 0.000560 s
currentSize : 7 <-- 0.000587 s
currentSize : 8 <-- 0.001078 s

maxsize : 8
nodes : 358.000000
filtered : 2911.000000
time : 0.001441
