Parameters: GAD=1 vflib=1 dir=0 label=1 lowerbound=1 fileNameGp=../graphsdb/mcs50/rand/r01/mcs50_r01_s15.A04 fileNameGt=../graphsdb/mcs50/rand/r01/mcs50_r01_s15.B04
Reading graphs...
15 :  21
15 :  22
Initializing...
maxdom : 8
D->valSize : 112
Solving...
currentSize : 3 <-- 0.000459 s
currentSize : 4 <-- 0.000468 s
currentSize : 5 <-- 0.000503 s
currentSize : 6 <-- 0.000564 s
currentSize : 7 <-- 0.000615 s
currentSize : 8 <-- 0.000669 s

maxsize : 8
nodes : 615.000000
filtered : 4291.000000
time : 0.001917
