Parameters: GAD=1 vflib=1 dir=0 label=1 lowerbound=1 fileNameGp=../graphsdb/mcs50/bvg/b09/mcs50_b09_s50.A86 fileNameGt=../graphsdb/mcs50/bvg/b09/mcs50_b09_s50.B86
Reading graphs...
50 :  223
50 :  222
Initializing...
maxdom : 10
D->valSize : 329
Solving...
currentSize : 1 <-- 0.002032 s
currentSize : 4 <-- 0.002105 s
currentSize : 5 <-- 0.002119 s
currentSize : 6 <-- 0.002182 s
currentSize : 16 <-- 0.002299 s
currentSize : 24 <-- 0.015125 s

maxsize : 24
nodes : 118479.000000
filtered : 441624.000000
time : 0.479555
