Parameters: GAD=1 vflib=1 dir=0 label=1 lowerbound=1 fileNameGp=../graphsdb/mcs50/bvg/b06/mcs50_b06_s20.A36 fileNameGt=../graphsdb/mcs50/bvg/b06/mcs50_b06_s20.B36
Reading graphs...
20 :  60
20 :  60
Initializing...
maxdom : 10
D->valSize : 113
Solving...
currentSize : 1 <-- 0.000436 s
currentSize : 2 <-- 0.000453 s
currentSize : 3 <-- 0.000483 s
currentSize : 4 <-- 0.000528 s
currentSize : 5 <-- 0.000592 s
currentSize : 6 <-- 0.000740 s
currentSize : 10 <-- 0.000814 s

maxsize : 10
nodes : 462.000000
filtered : 3366.000000
time : 0.001710
