Parameters: GAD=1 vflib=1 dir=0 label=1 lowerbound=1 fileNameGp=../graphsdb/mcs50/rand/r01/mcs50_r01_s80.A37 fileNameGt=../graphsdb/mcs50/rand/r01/mcs50_r01_s80.B37
Reading graphs...
80 :  601
80 :  581
Initializing...
maxdom : 9
D->valSize : 414
Solving...
currentSize : 3 <-- 0.005569 s
currentSize : 19 <-- 0.005783 s
currentSize : 20 <-- 0.014234 s
currentSize : 21 <-- 0.063630 s
currentSize : 22 <-- 0.085081 s
currentSize : 28 <-- 0.173199 s
currentSize : 34 <-- 0.202070 s
currentSize : 35 <-- 0.202484 s

maxsize : 35
nodes : 157210.000000
filtered : 1008619.000000
time : 0.969550
