Parameters: GAD=1 vflib=1 dir=0 label=1 lowerbound=1 fileNameGp=../graphsdb/mcs50/m3D/m3Dr2/mcs50_m3Dr2_s15.A26 fileNameGt=../graphsdb/mcs50/m3D/m3Dr2/mcs50_m3Dr2_s15.B26
Reading graphs...
15 :  28
15 :  27
Initializing...
maxdom : 12
D->valSize : 135
Solving...
currentSize : 1 <-- 0.000538 s
currentSize : 4 <-- 0.000572 s
currentSize : 5 <-- 0.000585 s
currentSize : 6 <-- 0.000644 s
currentSize : 7 <-- 0.000652 s
currentSize : 8 <-- 0.001263 s

maxsize : 8
nodes : 602.000000
filtered : 6873.000000
time : 0.002370
