Parameters: GAD=1 vflib=1 dir=0 label=1 lowerbound=1 fileNameGp=../graphsdb/mcs50/rand/r02/mcs50_r02_s50.A79 fileNameGt=../graphsdb/mcs50/rand/r02/mcs50_r02_s50.B79
Reading graphs...
50 :  435
50 :  435
Initializing...
maxdom : 11
D->valSize : 360
Solving...
currentSize : 5 <-- 0.002467 s
currentSize : 7 <-- 0.002497 s
currentSize : 11 <-- 0.002624 s
currentSize : 13 <-- 0.004178 s
currentSize : 14 <-- 0.006216 s
currentSize : 15 <-- 0.006276 s
currentSize : 21 <-- 0.009039 s
currentSize : 22 <-- 0.009122 s

maxsize : 22
nodes : 3147.000000
filtered : 71799.000000
time : 0.020944
