Parameters: GAD=1 vflib=1 dir=0 label=1 lowerbound=1 fileNameGp=../graphsdb/mcs50/m3D/m3D/mcs50_m3D_s50.A01 fileNameGt=../graphsdb/mcs50/m3D/m3D/mcs50_m3D_s50.B01
Reading graphs...
50 :  109
50 :  108
Initializing...
maxdom : 9
D->valSize : 326
Solving...
currentSize : 1 <-- 0.002290 s
currentSize : 3 <-- 0.002348 s
currentSize : 20 <-- 0.002483 s
currentSize : 22 <-- 0.007584 s
currentSize : 24 <-- 0.391677 s
currentSize : 27 <-- 1.310945 s

maxsize : 27
nodes : 705829.000000
filtered : 2374142.000000
time : 2.791433
