Parameters: GAD=1 vflib=1 dir=0 label=1 lowerbound=1 fileNameGp=../graphsdb/mcs50/rand/r02/mcs50_r02_s50.A14 fileNameGt=../graphsdb/mcs50/rand/r02/mcs50_r02_s50.B14
Reading graphs...
50 :  441
50 :  447
Initializing...
maxdom : 9
D->valSize : 337
Solving...
currentSize : 6 <-- 0.003589 s
currentSize : 8 <-- 0.003908 s
currentSize : 9 <-- 0.004279 s
currentSize : 11 <-- 0.007341 s
currentSize : 13 <-- 0.009276 s
currentSize : 19 <-- 0.011462 s
currentSize : 22 <-- 0.011577 s

maxsize : 22
nodes : 2862.000000
filtered : 55865.000000
time : 0.022361
