Parameters: GAD=1 vflib=1 dir=0 label=1 lowerbound=1 fileNameGp=../graphsdb/mcs50/bvg/b09m/mcs50_b09m_s40.A55 fileNameGt=../graphsdb/mcs50/bvg/b09m/mcs50_b09m_s40.B55
Reading graphs...
40 :  172
40 :  171
Initializing...
maxdom : 8
D->valSize : 194
Solving...
currentSize : 1 <-- 0.001055 s
currentSize : 2 <-- 0.001083 s
currentSize : 5 <-- 0.001115 s
currentSize : 8 <-- 0.001259 s
currentSize : 9 <-- 0.001308 s
currentSize : 19 <-- 0.001928 s

maxsize : 19
nodes : 1471.000000
filtered : 11496.000000
time : 0.006283
