Parameters: GAD=1 vflib=1 dir=0 label=1 lowerbound=1 fileNameGp=../graphsdb/mcs50/bvg/b06m/mcs50_b06m_s50.A49 fileNameGt=../graphsdb/mcs50/bvg/b06m/mcs50_b06m_s50.B49
Reading graphs...
50 :  146
50 :  146
Initializing...
maxdom : 11
D->valSize : 335
Solving...
currentSize : 2 <-- 0.002156 s
currentSize : 3 <-- 0.002227 s
currentSize : 12 <-- 0.002286 s
currentSize : 13 <-- 0.003000 s
currentSize : 14 <-- 0.003067 s
currentSize : 20 <-- 0.010844 s
currentSize : 24 <-- 0.038073 s

maxsize : 24
nodes : 776129.000000
filtered : 3244666.000000
time : 2.978198
