Parameters: GAD=1 vflib=1 dir=0 label=1 lowerbound=1 fileNameGp=../graphsdb/mcs50/rand/r02/mcs50_r02_s70.A44 fileNameGt=../graphsdb/mcs50/rand/r02/mcs50_r02_s70.B44
Reading graphs...
70 :  873
70 :  859
Initializing...
maxdom : 10
D->valSize : 317
Solving...
currentSize : 3 <-- 0.002391 s
currentSize : 4 <-- 0.002444 s
currentSize : 6 <-- 0.002507 s
currentSize : 13 <-- 0.002852 s
currentSize : 30 <-- 0.003699 s
currentSize : 31 <-- 0.003905 s

maxsize : 31
nodes : 4007.000000
filtered : 48829.000000
time : 0.027333
