Parameters: GAD=1 vflib=1 dir=0 label=1 lowerbound=1 fileNameGp=../graphsdb/mcs50/rand/r02/mcs50_r02_s25.A59 fileNameGt=../graphsdb/mcs50/rand/r02/mcs50_r02_s25.B59
Reading graphs...
25 :  110
25 :  107
Initializing...
maxdom : 10
D->valSize : 163
Solving...
currentSize : 2 <-- 0.000745 s
currentSize : 3 <-- 0.000767 s
currentSize : 4 <-- 0.000778 s
currentSize : 5 <-- 0.000827 s
currentSize : 6 <-- 0.000911 s
currentSize : 12 <-- 0.001422 s

maxsize : 12
nodes : 590.000000
filtered : 9290.000000
time : 0.003021
