Parameters: GAD=1 vflib=1 dir=0 label=1 lowerbound=1 fileNameGp=../graphsdb/mcs50/bvg/b09m/mcs50_b09m_s40.A62 fileNameGt=../graphsdb/mcs50/bvg/b09m/mcs50_b09m_s40.B62
Reading graphs...
40 :  170
40 :  170
Initializing...
maxdom : 8
D->valSize : 209
Solving...
currentSize : 2 <-- 0.001093 s
currentSize : 3 <-- 0.001128 s
currentSize : 5 <-- 0.001195 s
currentSize : 9 <-- 0.001271 s
currentSize : 11 <-- 0.001304 s
currentSize : 15 <-- 0.002732 s
currentSize : 18 <-- 0.003437 s

maxsize : 18
nodes : 10607.000000
filtered : 37439.000000
time : 0.037298
