Parameters: GAD=1 vflib=1 dir=0 label=1 lowerbound=1 fileNameGp=../graphsdb/mcs50/bvg/b03/mcs50_b03_s25.A08 fileNameGt=../graphsdb/mcs50/bvg/b03/mcs50_b03_s25.B08
Reading graphs...
25 :  37
25 :  37
Initializing...
maxdom : 8
D->valSize : 162
Solving...
currentSize : 1 <-- 0.000872 s
currentSize : 2 <-- 0.000909 s
currentSize : 3 <-- 0.000928 s
currentSize : 4 <-- 0.000994 s
currentSize : 10 <-- 0.001045 s
currentSize : 12 <-- 0.001131 s

maxsize : 12
nodes : 2042.000000
filtered : 8529.000000
time : 0.006850
