Parameters: GAD=1 vflib=1 dir=0 label=1 lowerbound=1 fileNameGp=../graphsdb/mcs50/bvg/b06/mcs50_b06_s30.A00 fileNameGt=../graphsdb/mcs50/bvg/b06/mcs50_b06_s30.B00
Reading graphs...
30 :  87
30 :  89
Initializing...
maxdom : 6
D->valSize : 125
Solving...
currentSize : 1 <-- 0.000568 s
currentSize : 4 <-- 0.000605 s
currentSize : 8 <-- 0.000687 s
currentSize : 10 <-- 0.000721 s
currentSize : 13 <-- 0.000949 s
currentSize : 15 <-- 0.001021 s

maxsize : 15
nodes : 2849.000000
filtered : 9171.000000
time : 0.008046
