Parameters: GAD=1 vflib=1 dir=0 label=1 lowerbound=1 fileNameGp=../graphsdb/mcs50/m3D/m3Dr4/mcs50_m3Dr4_s20.A09 fileNameGt=../graphsdb/mcs50/m3D/m3Dr4/mcs50_m3Dr4_s20.B09
Reading graphs...
20 :  42
20 :  42
Initializing...
maxdom : 7
D->valSize : 112
Solving...
currentSize : 1 <-- 0.000574 s
currentSize : 3 <-- 0.000596 s
currentSize : 4 <-- 0.000633 s
currentSize : 5 <-- 0.000696 s
currentSize : 6 <-- 0.000707 s
currentSize : 7 <-- 0.001087 s

maxsize : 7
nodes : 613.000000
filtered : 4561.000000
time : 0.002092
