Parameters: GAD=1 vflib=1 dir=0 label=1 lowerbound=1 fileNameGp=../graphsdb/mcs50/bvg/b03m/mcs50_b03m_s15.A70 fileNameGt=../graphsdb/mcs50/bvg/b03m/mcs50_b03m_s15.B70
Reading graphs...
15 :  22
15 :  22
Initializing...
maxdom : 10
D->valSize : 115
Solving...
currentSize : 1 <-- 0.000554 s
currentSize : 2 <-- 0.000571 s
currentSize : 3 <-- 0.000587 s
currentSize : 4 <-- 0.000592 s
currentSize : 5 <-- 0.000627 s
currentSize : 7 <-- 0.000676 s
currentSize : 8 <-- 0.000687 s

maxsize : 8
nodes : 456.000000
filtered : 3747.000000
time : 0.001888
