Parameters: GAD=1 vflib=1 dir=0 label=1 lowerbound=1 fileNameGp=../graphsdb/mcs50/bvg/b09/mcs50_b09_s50.A96 fileNameGt=../graphsdb/mcs50/bvg/b09/mcs50_b09_s50.B96
Reading graphs...
50 :  224
50 :  220
Initializing...
maxdom : 8
D->valSize : 322
Solving...
currentSize : 3 <-- 0.003245 s
currentSize : 5 <-- 0.003325 s
currentSize : 11 <-- 0.003421 s
currentSize : 14 <-- 0.003706 s
currentSize : 19 <-- 0.031758 s
currentSize : 24 <-- 0.037338 s

maxsize : 24
nodes : 88905.000000
filtered : 365436.000000
time : 0.438752
