Parameters: GAD=1 vflib=1 dir=0 label=1 lowerbound=1 fileNameGp=../graphsdb/mcs50/rand/r02/mcs50_r02_s50.A04 fileNameGt=../graphsdb/mcs50/rand/r02/mcs50_r02_s50.B04
Reading graphs...
50 :  433
50 :  429
Initializing...
maxdom : 9
D->valSize : 312
Solving...
currentSize : 4 <-- 0.002081 s
currentSize : 5 <-- 0.002101 s
currentSize : 7 <-- 0.002200 s
currentSize : 9 <-- 0.004689 s
currentSize : 10 <-- 0.005127 s
currentSize : 11 <-- 0.005363 s
currentSize : 12 <-- 0.006768 s
currentSize : 22 <-- 0.010053 s
currentSize : 23 <-- 0.010148 s

maxsize : 23
nodes : 2827.000000
filtered : 52524.000000
time : 0.017549
