Parameters: GAD=1 vflib=1 dir=0 label=1 lowerbound=1 fileNameGp=../graphsdb/mcs50/bvg/b09m/mcs50_b09m_s50.A75 fileNameGt=../graphsdb/mcs50/bvg/b09m/mcs50_b09m_s50.B75
Reading graphs...
50 :  216
50 :  214
Initializing...
maxdom : 12
D->valSize : 327
Solving...
currentSize : 1 <-- 0.001984 s
currentSize : 2 <-- 0.002033 s
currentSize : 3 <-- 0.002084 s
currentSize : 5 <-- 0.002203 s
currentSize : 6 <-- 0.002351 s
currentSize : 13 <-- 0.002586 s
currentSize : 21 <-- 0.015566 s
currentSize : 22 <-- 0.027280 s

maxsize : 22
nodes : 38877.000000
filtered : 181620.000000
time : 0.147853
