Parameters: GAD=1 vflib=1 dir=0 label=1 lowerbound=1 fileNameGp=../graphsdb/mcs50/rand/r01/mcs50_r01_s90.A81 fileNameGt=../graphsdb/mcs50/rand/r01/mcs50_r01_s90.B81
Reading graphs...
90 :  759
90 :  764
Initializing...
maxdom : 12
D->valSize : 550
Solving...
currentSize : 1 <-- 0.005894 s
currentSize : 4 <-- 0.005968 s
currentSize : 5 <-- 0.005989 s
currentSize : 38 <-- 0.006518 s
currentSize : 39 <-- 0.006731 s
currentSize : 40 <-- 0.634335 s

maxsize : 40
nodes : 365844.000000
filtered : 3141269.000000
time : 2.613713
