Parameters: GAD=1 vflib=1 dir=0 label=1 lowerbound=1 fileNameGp=../graphsdb/mcs50/rand/r01/mcs50_r01_s35.A24 fileNameGt=../graphsdb/mcs50/rand/r01/mcs50_r01_s35.B24
Reading graphs...
35 :  113
35 :  113
Initializing...
maxdom : 7
D->valSize : 165
Solving...
currentSize : 1 <-- 0.000782 s
currentSize : 2 <-- 0.000812 s
currentSize : 4 <-- 0.000836 s
currentSize : 5 <-- 0.000878 s
currentSize : 16 <-- 0.000989 s
currentSize : 17 <-- 0.001050 s

maxsize : 17
nodes : 511.000000
filtered : 6159.000000
time : 0.002986
