Parameters: GAD=1 vflib=1 dir=0 label=1 lowerbound=1 fileNameGp=../graphsdb/mcs50/bvg/b09/mcs50_b09_s40.A23 fileNameGt=../graphsdb/mcs50/bvg/b09/mcs50_b09_s40.B23
Reading graphs...
40 :  176
40 :  175
Initializing...
maxdom : 9
D->valSize : 213
Solving...
currentSize : 2 <-- 0.001682 s
currentSize : 4 <-- 0.001763 s
currentSize : 8 <-- 0.001884 s
currentSize : 9 <-- 0.002455 s
currentSize : 10 <-- 0.003279 s
currentSize : 20 <-- 0.004229 s

maxsize : 20
nodes : 11764.000000
filtered : 53093.000000
time : 0.043528
