Parameters: GAD=1 vflib=1 dir=0 label=1 lowerbound=1 fileNameGp=../graphsdb/mcs50/m3D/m3Dr6/mcs50_m3Dr6_s20.A37 fileNameGt=../graphsdb/mcs50/m3D/m3Dr6/mcs50_m3Dr6_s20.B37
Reading graphs...
20 :  46
20 :  48
Initializing...
maxdom : 7
D->valSize : 105
Solving...
currentSize : 1 <-- 0.000613 s
currentSize : 4 <-- 0.000641 s
currentSize : 5 <-- 0.000670 s
currentSize : 6 <-- 0.000710 s
currentSize : 7 <-- 0.000986 s
currentSize : 9 <-- 0.001050 s

maxsize : 9
nodes : 390.000000
filtered : 3196.000000
time : 0.001855
