Parameters: GAD=1 vflib=1 dir=0 label=1 lowerbound=1 fileNameGp=../graphsdb/mcs50/rand/r02/mcs50_r02_s90.A19 fileNameGt=../graphsdb/mcs50/rand/r02/mcs50_r02_s90.B19
Reading graphs...
90 :  1423
90 :  1425
Initializing...
maxdom : 10
D->valSize : 556
Solving...
currentSize : 3 <-- 0.008791 s
currentSize : 18 <-- 0.008976 s
currentSize : 25 <-- 0.013352 s
currentSize : 26 <-- 0.013707 s
currentSize : 33 <-- 0.024951 s
currentSize : 35 <-- 0.052495 s
currentSize : 36 <-- 0.101583 s
currentSize : 38 <-- 0.120415 s

maxsize : 38
nodes : 40586.000000
filtered : 312445.000000
time : 0.294038
