Parameters: GAD=1 vflib=1 dir=0 label=1 lowerbound=1 fileNameGp=../graphsdb/mcs50/rand/r02/mcs50_r02_s100.A22 fileNameGt=../graphsdb/mcs50/rand/r02/mcs50_r02_s100.B22
Reading graphs...
100 :  1778
100 :  1774
Initializing...
maxdom : 7
D->valSize : 354
Solving...
currentSize : 8 <-- 0.003239 s
currentSize : 17 <-- 0.003476 s
currentSize : 36 <-- 0.004797 s
currentSize : 37 <-- 0.004894 s
currentSize : 38 <-- 0.005317 s
currentSize : 39 <-- 2.111824 s

maxsize : 39
nodes : 928952.000000
filtered : 902729.000000
time : 5.618359
