Parameters: GAD=1 vflib=1 dir=0 label=1 lowerbound=1 fileNameGp=../graphsdb/mcs50/bvg/b09m/mcs50_b09m_s30.A57 fileNameGt=../graphsdb/mcs50/bvg/b09m/mcs50_b09m_s30.B57
Reading graphs...
30 :  126
30 :  126
Initializing...
maxdom : 9
D->valSize : 132
Solving...
currentSize : 2 <-- 0.000644 s
currentSize : 4 <-- 0.000675 s
currentSize : 7 <-- 0.000741 s
currentSize : 9 <-- 0.000823 s
currentSize : 11 <-- 0.001686 s
currentSize : 12 <-- 0.001777 s

maxsize : 12
nodes : 665.000000
filtered : 4850.000000
time : 0.003049
