Parameters: GAD=1 vflib=1 dir=0 label=1 lowerbound=1 fileNameGp=../graphsdb/mcs50/rand/r02/mcs50_r02_s50.A66 fileNameGt=../graphsdb/mcs50/rand/r02/mcs50_r02_s50.B66
Reading graphs...
50 :  440
50 :  430
Initializing...
maxdom : 11
D->valSize : 324
Solving...
currentSize : 5 <-- 0.002067 s
currentSize : 8 <-- 0.002349 s
currentSize : 9 <-- 0.002759 s
currentSize : 12 <-- 0.004064 s
currentSize : 13 <-- 0.004233 s
currentSize : 21 <-- 0.005537 s

maxsize : 21
nodes : 4991.000000
filtered : 72391.000000
time : 0.028107
