Parameters: GAD=1 vflib=1 dir=0 label=1 lowerbound=1 fileNameGp=../graphsdb/mcs50/rand/r02/mcs50_r02_s90.A84 fileNameGt=../graphsdb/mcs50/rand/r02/mcs50_r02_s90.B84
Reading graphs...
90 :  1437
90 :  1448
Initializing...
maxdom : 9
D->valSize : 551
Solving...
currentSize : 4 <-- 0.005935 s
currentSize : 5 <-- 0.005963 s
currentSize : 12 <-- 0.006216 s
currentSize : 13 <-- 0.006322 s
currentSize : 21 <-- 0.008560 s
currentSize : 22 <-- 0.012848 s
currentSize : 31 <-- 0.015239 s
currentSize : 32 <-- 0.015417 s
currentSize : 34 <-- 0.030295 s
currentSize : 35 <-- 0.030478 s
currentSize : 36 <-- 0.039768 s

maxsize : 36
nodes : 66993.000000
filtered : 487207.000000
time : 0.457145
