Parameters: GAD=1 vflib=1 dir=0 label=1 lowerbound=1 fileNameGp=../graphsdb/mcs50/rand/r01/mcs50_r01_s50.A40 fileNameGt=../graphsdb/mcs50/rand/r01/mcs50_r01_s50.B40
Reading graphs...
50 :  229
50 :  230
Initializing...
maxdom : 8
D->valSize : 336
Solving...
currentSize : 3 <-- 0.002197 s
currentSize : 5 <-- 0.002263 s
currentSize : 6 <-- 0.002276 s
currentSize : 7 <-- 0.003038 s
currentSize : 13 <-- 0.003205 s
currentSize : 16 <-- 0.003245 s
currentSize : 19 <-- 0.016300 s
currentSize : 25 <-- 0.025524 s

maxsize : 25
nodes : 24905.000000
filtered : 189461.000000
time : 0.114680
