Parameters: GAD=1 vflib=1 dir=0 label=1 lowerbound=1 fileNameGp=../graphsdb/mcs50/rand/r01/mcs50_r01_s25.A21 fileNameGt=../graphsdb/mcs50/rand/r01/mcs50_r01_s25.B21
Reading graphs...
25 :  59
25 :  56
Initializing...
maxdom : 9
D->valSize : 170
Solving...
currentSize : 5 <-- 0.000819 s
currentSize : 7 <-- 0.000860 s
currentSize : 8 <-- 0.000892 s
currentSize : 10 <-- 0.001431 s
currentSize : 11 <-- 0.001439 s
currentSize : 13 <-- 0.001827 s

maxsize : 13
nodes : 689.000000
filtered : 7185.000000
time : 0.003450
