Parameters: GAD=1 vflib=1 dir=0 label=1 lowerbound=1 fileNameGp=../graphsdb/mcs50/m4D/m4Dr6/mcs50_m4Dr6_s35.A85 fileNameGt=../graphsdb/mcs50/m4D/m4Dr6/mcs50_m4Dr6_s35.B85
Reading graphs...
35 :  82
35 :  80
Initializing...
maxdom : 7
D->valSize : 159
Solving...
currentSize : 1 <-- 0.000733 s
currentSize : 3 <-- 0.000761 s
currentSize : 10 <-- 0.000888 s
currentSize : 11 <-- 0.000897 s
currentSize : 12 <-- 0.001516 s
currentSize : 15 <-- 0.002713 s

maxsize : 15
nodes : 8578.000000
filtered : 18313.000000
time : 0.024853
