Parameters: GAD=1 vflib=1 dir=0 label=1 lowerbound=1 fileNameGp=../graphsdb/mcs50/rand/r02/mcs50_r02_s25.A92 fileNameGt=../graphsdb/mcs50/rand/r02/mcs50_r02_s25.B92
Reading graphs...
25 :  110
25 :  110
Initializing...
maxdom : 10
D->valSize : 175
Solving...
currentSize : 4 <-- 0.000807 s
currentSize : 5 <-- 0.000878 s
currentSize : 6 <-- 0.001230 s
currentSize : 7 <-- 0.001417 s
currentSize : 8 <-- 0.002021 s
currentSize : 10 <-- 0.002223 s
currentSize : 12 <-- 0.002267 s

maxsize : 12
nodes : 804.000000
filtered : 11285.000000
time : 0.003708
