Parameters: GAD=1 vflib=1 dir=0 label=1 lowerbound=1 fileNameGp=../graphsdb/mcs50/rand/r02/mcs50_r02_s60.A71 fileNameGt=../graphsdb/mcs50/rand/r02/mcs50_r02_s60.B71
Reading graphs...
60 :  622
60 :  630
Initializing...
maxdom : 9
D->valSize : 243
Solving...
currentSize : 6 <-- 0.001608 s
currentSize : 8 <-- 0.001721 s
currentSize : 10 <-- 0.002123 s
currentSize : 15 <-- 0.002220 s
currentSize : 24 <-- 0.002735 s
currentSize : 25 <-- 0.008494 s

maxsize : 25
nodes : 2206.000000
filtered : 25942.000000
time : 0.013742
