Parameters: GAD=1 vflib=1 dir=0 label=1 lowerbound=1 fileNameGp=../graphsdb/mcs50/rand/r02/mcs50_r02_s90.A72 fileNameGt=../graphsdb/mcs50/rand/r02/mcs50_r02_s90.B72
Reading graphs...
90 :  1410
90 :  1435
Initializing...
maxdom : 11
D->valSize : 535
Solving...
currentSize : 4 <-- 0.005724 s
currentSize : 9 <-- 0.005862 s
currentSize : 11 <-- 0.006027 s
currentSize : 12 <-- 0.007581 s
currentSize : 15 <-- 0.008343 s
currentSize : 16 <-- 0.009104 s
currentSize : 17 <-- 0.012163 s
currentSize : 37 <-- 0.016963 s
currentSize : 38 <-- 0.037679 s

maxsize : 38
nodes : 39117.000000
filtered : 382801.000000
time : 0.277655
