Parameters: GAD=1 vflib=1 dir=0 label=1 lowerbound=1 fileNameGp=../graphsdb/mcs50/rand/r02/mcs50_r02_s50.A82 fileNameGt=../graphsdb/mcs50/rand/r02/mcs50_r02_s50.B82
Reading graphs...
50 :  442
50 :  437
Initializing...
maxdom : 12
D->valSize : 332
Solving...
currentSize : 5 <-- 0.002245 s
currentSize : 6 <-- 0.002432 s
currentSize : 7 <-- 0.002709 s
currentSize : 8 <-- 0.003629 s
currentSize : 9 <-- 0.004455 s
currentSize : 10 <-- 0.004708 s
currentSize : 14 <-- 0.010377 s
currentSize : 19 <-- 0.011623 s

maxsize : 19
nodes : 6890.000000
filtered : 96907.000000
time : 0.037897
