Parameters: GAD=1 vflib=1 dir=0 label=1 lowerbound=1 fileNameGp=../graphsdb/mcs50/bvg/b09/mcs50_b09_s40.A29 fileNameGt=../graphsdb/mcs50/bvg/b09/mcs50_b09_s40.B29
Reading graphs...
40 :  178
40 :  176
Initializing...
maxdom : 10
D->valSize : 217
Solving...
currentSize : 1 <-- 0.001227 s
currentSize : 2 <-- 0.001252 s
currentSize : 4 <-- 0.001269 s
currentSize : 5 <-- 0.001305 s
currentSize : 6 <-- 0.001376 s
currentSize : 20 <-- 0.001565 s

maxsize : 20
nodes : 3102.000000
filtered : 18660.000000
time : 0.011923
