Parameters: GAD=1 vflib=1 dir=0 label=1 lowerbound=1 fileNameGp=../graphsdb/mcs50/rand/r02/mcs50_r02_s70.A03 fileNameGt=../graphsdb/mcs50/rand/r02/mcs50_r02_s70.B03
Reading graphs...
70 :  855
70 :  859
Initializing...
maxdom : 9
D->valSize : 360
Solving...
currentSize : 4 <-- 0.002679 s
currentSize : 5 <-- 0.002700 s
currentSize : 6 <-- 0.002841 s
currentSize : 8 <-- 0.003082 s
currentSize : 14 <-- 0.003483 s
currentSize : 15 <-- 0.003538 s
currentSize : 16 <-- 0.004475 s
currentSize : 17 <-- 0.004545 s
currentSize : 24 <-- 0.006223 s
currentSize : 25 <-- 0.006571 s
currentSize : 26 <-- 0.032501 s

maxsize : 26
nodes : 40253.000000
filtered : 174358.000000
time : 0.203365
