Parameters: GAD=1 vflib=1 dir=0 label=1 lowerbound=1 fileNameGp=../graphsdb/mcs50/rand/r02/mcs50_r02_s80.A18 fileNameGt=../graphsdb/mcs50/rand/r02/mcs50_r02_s80.B18
Reading graphs...
80 :  1118
80 :  1129
Initializing...
maxdom : 8
D->valSize : 436
Solving...
currentSize : 8 <-- 0.003741 s
currentSize : 17 <-- 0.003931 s
currentSize : 21 <-- 0.005525 s
currentSize : 31 <-- 0.011865 s
currentSize : 33 <-- 0.012138 s
currentSize : 34 <-- 0.013967 s

maxsize : 34
nodes : 11901.000000
filtered : 156058.000000
time : 0.084820
