Parameters: GAD=1 vflib=1 dir=0 label=1 lowerbound=1 fileNameGp=../graphsdb/mcs50/rand/r02/mcs50_r02_s80.A20 fileNameGt=../graphsdb/mcs50/rand/r02/mcs50_r02_s80.B20
Reading graphs...
80 :  1126
80 :  1135
Initializing...
maxdom : 8
D->valSize : 436
Solving...
currentSize : 5 <-- 0.005691 s
currentSize : 7 <-- 0.005918 s
currentSize : 9 <-- 0.005999 s
currentSize : 17 <-- 0.006490 s
currentSize : 28 <-- 0.014187 s
currentSize : 30 <-- 0.027175 s

maxsize : 30
nodes : 23010.000000
filtered : 185640.000000
time : 0.166009
