Parameters: GAD=1 vflib=1 dir=0 label=1 lowerbound=1 fileNameGp=../graphsdb/mcs50/bvg/b06m/mcs50_b06m_s30.A74 fileNameGt=../graphsdb/mcs50/bvg/b06m/mcs50_b06m_s30.B74
Reading graphs...
30 :  85
30 :  88
Initializing...
maxdom : 8
D->valSize : 140
Solving...
currentSize : 1 <-- 0.000718 s
currentSize : 3 <-- 0.000784 s
currentSize : 5 <-- 0.000809 s
currentSize : 7 <-- 0.000845 s
currentSize : 8 <-- 0.000853 s
currentSize : 14 <-- 0.001221 s

maxsize : 14
nodes : 983.000000
filtered : 4774.000000
time : 0.003522
