Parameters: GAD=1 vflib=1 dir=0 label=1 lowerbound=1 fileNameGp=../graphsdb/mcs50/rand/r01/mcs50_r01_s90.A59 fileNameGt=../graphsdb/mcs50/rand/r01/mcs50_r01_s90.B59
Reading graphs...
90 :  761
90 :  759
Initializing...
maxdom : 11
D->valSize : 571
Solving...
currentSize : 3 <-- 0.006138 s
currentSize : 5 <-- 0.006284 s
currentSize : 8 <-- 0.006787 s
currentSize : 11 <-- 0.006813 s
currentSize : 16 <-- 0.007044 s
currentSize : 18 <-- 0.013748 s
currentSize : 22 <-- 0.014135 s
currentSize : 28 <-- 0.055253 s
currentSize : 32 <-- 0.055364 s
currentSize : 40 <-- 0.313428 s
currentSize : 41 <-- 0.313686 s

maxsize : 41
nodes : 490521.000000
filtered : 4021903.000000
time : 3.402917
