Parameters: GAD=1 vflib=1 dir=0 label=1 lowerbound=1 fileNameGp=../graphsdb/mcs50/rand/r02/mcs50_r02_s60.A79 fileNameGt=../graphsdb/mcs50/rand/r02/mcs50_r02_s60.B79
Reading graphs...
60 :  636
60 :  633
Initializing...
maxdom : 8
D->valSize : 275
Solving...
currentSize : 2 <-- 0.001898 s
currentSize : 4 <-- 0.001955 s
currentSize : 15 <-- 0.002091 s
currentSize : 16 <-- 0.002168 s
currentSize : 24 <-- 0.002296 s
currentSize : 25 <-- 0.002431 s

maxsize : 25
nodes : 3137.000000
filtered : 38810.000000
time : 0.019805
