Parameters: GAD=1 vflib=1 dir=0 label=1 lowerbound=1 fileNameGp=../graphsdb/mcs50/m3D/m3Dr4/mcs50_m3Dr4_s20.A06 fileNameGt=../graphsdb/mcs50/m3D/m3Dr4/mcs50_m3Dr4_s20.B06
Reading graphs...
20 :  44
20 :  42
Initializing...
maxdom : 7
D->valSize : 100
Solving...
currentSize : 1 <-- 0.000523 s
currentSize : 4 <-- 0.000554 s
currentSize : 5 <-- 0.000561 s
currentSize : 7 <-- 0.000640 s
currentSize : 8 <-- 0.000673 s
currentSize : 9 <-- 0.000870 s

maxsize : 9
nodes : 495.000000
filtered : 2995.000000
time : 0.001815
