Parameters: GAD=1 vflib=1 dir=0 label=1 lowerbound=1 fileNameGp=../graphsdb/mcs50/rand/r01/mcs50_r01_s50.A45 fileNameGt=../graphsdb/mcs50/rand/r01/mcs50_r01_s50.B45
Reading graphs...
50 :  237
50 :  235
Initializing...
maxdom : 8
D->valSize : 340
Solving...
currentSize : 2 <-- 0.002170 s
currentSize : 4 <-- 0.002246 s
currentSize : 5 <-- 0.002274 s
currentSize : 8 <-- 0.002356 s
currentSize : 12 <-- 0.003159 s
currentSize : 13 <-- 0.003240 s
currentSize : 20 <-- 0.004895 s
currentSize : 23 <-- 0.004950 s

maxsize : 23
nodes : 6116.000000
filtered : 74384.000000
time : 0.035609
