Parameters: GAD=1 vflib=1 dir=0 label=1 lowerbound=1 fileNameGp=../graphsdb/mcs50/rand/r005/mcs50_r005_s60.A66 fileNameGt=../graphsdb/mcs50/rand/r005/mcs50_r005_s60.B66
Reading graphs...
60 :  169
60 :  169
Initializing...
maxdom : 6
D->valSize : 260
Solving...
currentSize : 1 <-- 0.002536 s
currentSize : 2 <-- 0.002595 s
currentSize : 21 <-- 0.002775 s
currentSize : 24 <-- 0.011932 s
currentSize : 25 <-- 0.042148 s
currentSize : 26 <-- 0.080975 s

maxsize : 26
nodes : 387199.000000
filtered : 825186.000000
time : 1.510675
