Parameters: GAD=1 vflib=1 dir=0 label=1 lowerbound=1 fileNameGp=../graphsdb/mcs50/bvg/b06m/mcs50_b06m_s25.A52 fileNameGt=../graphsdb/mcs50/bvg/b06m/mcs50_b06m_s25.B52
Reading graphs...
25 :  71
25 :  72
Initializing...
maxdom : 7
D->valSize : 163
Solving...
currentSize : 1 <-- 0.001022 s
currentSize : 4 <-- 0.001086 s
currentSize : 5 <-- 0.001122 s
currentSize : 6 <-- 0.001166 s
currentSize : 7 <-- 0.001629 s
currentSize : 11 <-- 0.001721 s
currentSize : 12 <-- 0.002566 s

maxsize : 12
nodes : 932.000000
filtered : 9327.000000
time : 0.005790
