Parameters: GAD=1 vflib=1 dir=0 label=1 lowerbound=1 fileNameGp=../graphsdb/mcs50/bvg/b03m/mcs50_b03m_s20.A56 fileNameGt=../graphsdb/mcs50/bvg/b03m/mcs50_b03m_s20.B56
Reading graphs...
20 :  29
20 :  29
Initializing...
maxdom : 7
D->valSize : 100
Solving...
currentSize : 1 <-- 0.000481 s
currentSize : 3 <-- 0.000505 s
currentSize : 4 <-- 0.000519 s
currentSize : 6 <-- 0.000545 s
currentSize : 7 <-- 0.000570 s
currentSize : 8 <-- 0.000628 s
currentSize : 10 <-- 0.001033 s

maxsize : 10
nodes : 802.000000
filtered : 3147.000000
time : 0.002365
