Parameters: GAD=1 vflib=1 dir=0 label=1 lowerbound=1 fileNameGp=../graphsdb/mcs50/bvg/b06/mcs50_b06_s35.A05 fileNameGt=../graphsdb/mcs50/bvg/b06/mcs50_b06_s35.B05
Reading graphs...
35 :  104
35 :  105
Initializing...
maxdom : 6
D->valSize : 157
Solving...
currentSize : 1 <-- 0.000710 s
currentSize : 4 <-- 0.000743 s
currentSize : 5 <-- 0.000859 s
currentSize : 10 <-- 0.000943 s
currentSize : 12 <-- 0.001179 s
currentSize : 17 <-- 0.001836 s

maxsize : 17
nodes : 2410.000000
filtered : 13292.000000
time : 0.009165
