Parameters: GAD=1 vflib=1 dir=0 label=1 lowerbound=1 fileNameGp=../graphsdb/mcs50/m3D/m3Dr6/mcs50_m3Dr6_s20.A39 fileNameGt=../graphsdb/mcs50/m3D/m3Dr6/mcs50_m3Dr6_s20.B39
Reading graphs...
20 :  46
20 :  44
Initializing...
maxdom : 7
D->valSize : 106
Solving...
currentSize : 1 <-- 0.000603 s
currentSize : 2 <-- 0.000642 s
currentSize : 3 <-- 0.000681 s
currentSize : 4 <-- 0.000701 s
currentSize : 5 <-- 0.000846 s
currentSize : 6 <-- 0.000905 s
currentSize : 7 <-- 0.001458 s

maxsize : 7
nodes : 384.000000
filtered : 3542.000000
time : 0.002234
