Parameters: GAD=1 vflib=1 dir=0 label=1 lowerbound=1 fileNameGp=../graphsdb/mcs50/bvg/b09m/mcs50_b09m_s60.A29 fileNameGt=../graphsdb/mcs50/bvg/b09m/mcs50_b09m_s60.B29
Reading graphs...
60 :  266
60 :  263
Initializing...
maxdom : 9
D->valSize : 251
Solving...
currentSize : 1 <-- 0.001616 s
currentSize : 16 <-- 0.001729 s
currentSize : 18 <-- 0.004894 s
currentSize : 19 <-- 0.029504 s
currentSize : 20 <-- 0.038555 s
currentSize : 28 <-- 0.046325 s

maxsize : 28
nodes : 67792.000000
filtered : 173316.000000
time : 0.284454
