Parameters: GAD=1 vflib=1 dir=0 label=1 lowerbound=1 fileNameGp=../graphsdb/mcs50/rand/r02/mcs50_r02_s25.A01 fileNameGt=../graphsdb/mcs50/rand/r02/mcs50_r02_s25.B01
Reading graphs...
25 :  107
25 :  107
Initializing...
maxdom : 10
D->valSize : 175
Solving...
currentSize : 4 <-- 0.000823 s
currentSize : 6 <-- 0.000912 s
currentSize : 7 <-- 0.001658 s
currentSize : 8 <-- 0.001828 s
currentSize : 9 <-- 0.001837 s
currentSize : 10 <-- 0.001853 s

maxsize : 10
nodes : 1383.000000
filtered : 18074.000000
time : 0.005405
