Parameters: GAD=1 vflib=1 dir=0 label=1 lowerbound=1 fileNameGp=../graphsdb/mcs50/m3D/m3Dr2/mcs50_m3Dr2_s15.A15 fileNameGt=../graphsdb/mcs50/m3D/m3Dr2/mcs50_m3Dr2_s15.B15
Reading graphs...
15 :  27
15 :  29
Initializing...
maxdom : 10
D->valSize : 135
Solving...
currentSize : 3 <-- 0.000520 s
currentSize : 5 <-- 0.000551 s
currentSize : 6 <-- 0.000559 s
currentSize : 7 <-- 0.000587 s
currentSize : 8 <-- 0.001076 s
currentSize : 9 <-- 0.001877 s

maxsize : 9
nodes : 751.000000
filtered : 7300.000000
time : 0.002606
