Parameters: GAD=1 vflib=1 dir=0 label=1 lowerbound=1 fileNameGp=../graphsdb/mcs50/bvg/b09m/mcs50_b09m_s50.A26 fileNameGt=../graphsdb/mcs50/bvg/b09m/mcs50_b09m_s50.B26
Reading graphs...
50 :  210
50 :  215
Initializing...
maxdom : 10
D->valSize : 343
Solving...
currentSize : 1 <-- 0.003450 s
currentSize : 3 <-- 0.003567 s
currentSize : 5 <-- 0.003622 s
currentSize : 11 <-- 0.003829 s
currentSize : 12 <-- 0.004386 s
currentSize : 21 <-- 0.008099 s

maxsize : 21
nodes : 137927.000000
filtered : 494291.000000
time : 0.660322
