Parameters: GAD=1 vflib=1 dir=0 label=1 lowerbound=1 fileNameGp=../graphsdb/mcs50/rand/r01/mcs50_r01_s25.A13 fileNameGt=../graphsdb/mcs50/rand/r01/mcs50_r01_s25.B13
Reading graphs...
25 :  57
25 :  56
Initializing...
maxdom : 10
D->valSize : 163
Solving...
currentSize : 1 <-- 0.000748 s
currentSize : 2 <-- 0.000777 s
currentSize : 4 <-- 0.000793 s
currentSize : 7 <-- 0.000805 s
currentSize : 10 <-- 0.000862 s
currentSize : 13 <-- 0.001109 s

maxsize : 13
nodes : 417.000000
filtered : 4695.000000
time : 0.002323
