Parameters: GAD=1 vflib=1 dir=0 label=1 lowerbound=1 fileNameGp=../graphsdb/mcs70/rand/r01/mcs70_r01_s25.A32 fileNameGt=../graphsdb/mcs70/rand/r01/mcs70_r01_s25.B32
Reading graphs...
25 :  56
25 :  59
Initializing...
maxdom : 8
D->valSize : 168
Solving...
currentSize : 5 <-- 0.000882 s
currentSize : 6 <-- 0.000902 s
currentSize : 8 <-- 0.000927 s
currentSize : 9 <-- 0.000975 s
currentSize : 12 <-- 0.001139 s
currentSize : 17 <-- 0.001461 s

maxsize : 17
nodes : 254.000000
filtered : 2836.000000
time : 0.001909
