Parameters: GAD=1 vflib=1 dir=0 label=1 lowerbound=1 fileNameGp=../graphsdb/mcs70/rand/r02/mcs70_r02_s90.A28 fileNameGt=../graphsdb/mcs70/rand/r02/mcs70_r02_s90.B28
Reading graphs...
90 :  1423
90 :  1424
Initializing...
maxdom : 11
D->valSize : 560
Solving...
currentSize : 7 <-- 0.005945 s
currentSize : 11 <-- 0.006971 s
currentSize : 13 <-- 0.008106 s
currentSize : 14 <-- 0.009312 s
currentSize : 21 <-- 0.011171 s
currentSize : 22 <-- 0.011495 s
currentSize : 40 <-- 0.017382 s
currentSize : 42 <-- 0.304971 s
currentSize : 44 <-- 27.624887 s

maxsize : 44
nodes : 51365887.000000
filtered : 24401559.000000
time : 298.500000
