Parameters: GAD=1 vflib=1 dir=0 label=1 lowerbound=1 fileNameGp=../graphsdb/mcs70/rand/r02/mcs70_r02_s50.A41 fileNameGt=../graphsdb/mcs70/rand/r02/mcs70_r02_s50.B41
Reading graphs...
50 :  437
50 :  431
Initializing...
maxdom : 9
D->valSize : 344
Solving...
currentSize : 6 <-- 0.002298 s
currentSize : 7 <-- 0.002474 s
currentSize : 9 <-- 0.004378 s
currentSize : 11 <-- 0.004682 s
currentSize : 16 <-- 0.004776 s
currentSize : 17 <-- 0.004855 s
currentSize : 29 <-- 0.005248 s

maxsize : 29
nodes : 3035.000000
filtered : 40282.000000
time : 0.017433
