Parameters: GAD=1 vflib=1 dir=0 label=1 lowerbound=1 fileNameGp=../graphsdb/mcs70/rand/r02/mcs70_r02_s80.A14 fileNameGt=../graphsdb/mcs70/rand/r02/mcs70_r02_s80.B14
Reading graphs...
80 :  1117
80 :  1115
Initializing...
maxdom : 11
D->valSize : 491
Solving...
currentSize : 6 <-- 0.004458 s
currentSize : 8 <-- 0.004561 s
currentSize : 12 <-- 0.005010 s
currentSize : 21 <-- 0.007511 s
currentSize : 39 <-- 0.014267 s
currentSize : 40 <-- 5.800844 s

maxsize : 40
nodes : 3631176.000000
filtered : 2043180.000000
time : 18.660316
