Parameters: GAD=1 vflib=1 dir=0 label=1 lowerbound=1 fileNameGp=../graphsdb/mcs70/rand/r02/mcs70_r02_s90.A22 fileNameGt=../graphsdb/mcs70/rand/r02/mcs70_r02_s90.B22
Reading graphs...
90 :  1454
90 :  1431
Initializing...
maxdom : 9
D->valSize : 576
Solving...
currentSize : 15 <-- 0.006165 s
currentSize : 42 <-- 0.008691 s
currentSize : 43 <-- 0.057102 s
currentSize : 44 <-- 0.187573 s
currentSize : 45 <-- 1.741085 s
currentSize : 46 <-- 7.858029 s
currentSize : 47 <-- 9.854665 s
currentSize : 48 <-- 19.154711 s

maxsize : 48
nodes : 4531187.000000
filtered : 1426948.000000
time : 26.594862
