Parameters: GAD=1 vflib=1 dir=0 label=1 lowerbound=1 fileNameGp=../graphsdb/mcs70/rand/r02/mcs70_r02_s70.A90 fileNameGt=../graphsdb/mcs70/rand/r02/mcs70_r02_s70.B90
Reading graphs...
70 :  877
70 :  864
Initializing...
maxdom : 7
D->valSize : 328
Solving...
currentSize : 30 <-- 0.003902 s
currentSize : 31 <-- 0.004121 s
currentSize : 32 <-- 0.007368 s
currentSize : 34 <-- 0.012357 s
currentSize : 35 <-- 0.016657 s
currentSize : 36 <-- 0.076490 s
currentSize : 37 <-- 0.139912 s
currentSize : 38 <-- 0.319030 s

maxsize : 38
nodes : 81710.000000
filtered : 108666.000000
time : 0.518364
