Parameters: GAD=1 vflib=1 dir=0 label=1 lowerbound=1 fileNameGp=../graphsdb/mcs70/rand/r02/mcs70_r02_s50.A20 fileNameGt=../graphsdb/mcs70/rand/r02/mcs70_r02_s50.B20
Reading graphs...
50 :  441
50 :  446
Initializing...
maxdom : 10
D->valSize : 338
Solving...
currentSize : 3 <-- 0.002117 s
currentSize : 4 <-- 0.002166 s
currentSize : 5 <-- 0.002185 s
currentSize : 6 <-- 0.002213 s
currentSize : 13 <-- 0.003201 s
currentSize : 14 <-- 0.004304 s
currentSize : 27 <-- 0.004997 s

maxsize : 27
nodes : 9205.000000
filtered : 51965.000000
time : 0.038717
