Parameters: GAD=1 vflib=1 dir=0 label=1 lowerbound=1 fileNameGp=../graphsdb/mcs70/rand/r02/mcs70_r02_s80.A82 fileNameGt=../graphsdb/mcs70/rand/r02/mcs70_r02_s80.B82
Reading graphs...
80 :  1119
80 :  1113
Initializing...
maxdom : 11
D->valSize : 479
Solving...
currentSize : 19 <-- 0.006783 s
currentSize : 32 <-- 0.011491 s
currentSize : 33 <-- 0.012643 s
currentSize : 36 <-- 0.032739 s
currentSize : 37 <-- 0.034154 s
currentSize : 38 <-- 0.081108 s

maxsize : 38
nodes : 3506947.000000
filtered : 1826964.000000
time : 17.749588
