Parameters: GAD=1 vflib=1 dir=0 label=1 lowerbound=1 fileNameGp=../graphsdb/mcs70/rand/r01/mcs70_r01_s80.A03 fileNameGt=../graphsdb/mcs70/rand/r01/mcs70_r01_s80.B03
Reading graphs...
80 :  596
80 :  592
Initializing...
maxdom : 9
D->valSize : 440
Solving...
currentSize : 1 <-- 0.006125 s
currentSize : 5 <-- 0.006259 s
currentSize : 7 <-- 0.006411 s
currentSize : 35 <-- 0.006963 s
currentSize : 48 <-- 0.015817 s
currentSize : 49 <-- 0.016479 s

maxsize : 49
nodes : 203609.000000
filtered : 485030.000000
time : 1.076352
