Parameters: GAD=1 vflib=1 dir=0 label=1 lowerbound=1 fileNameGp=../graphsdb/mcs70/m4D/m4Dr2/mcs70_m4Dr2_s25.A90 fileNameGt=../graphsdb/mcs70/m4D/m4Dr2/mcs70_m4Dr2_s25.B90
Reading graphs...
25 :  52
25 :  52
Initializing...
maxdom : 11
D->valSize : 195
Solving...
currentSize : 2 <-- 0.000876 s
currentSize : 3 <-- 0.000916 s
currentSize : 4 <-- 0.000933 s
currentSize : 5 <-- 0.001031 s
currentSize : 10 <-- 0.001101 s
currentSize : 11 <-- 0.001438 s
currentSize : 16 <-- 0.001850 s

maxsize : 16
nodes : 623.000000
filtered : 5341.000000
time : 0.002622
