Parameters: GAD=1 vflib=1 dir=0 label=1 lowerbound=1 fileNameGp=../graphsdb/mcs70/rand/r02/mcs70_r02_s100.A20 fileNameGt=../graphsdb/mcs70/rand/r02/mcs70_r02_s100.B20
Reading graphs...
100 :  1775
100 :  1767
Initializing...
maxdom : 7
D->valSize : 358
Solving...
currentSize : 1 <-- 0.003433 s
currentSize : 2 <-- 0.003483 s
currentSize : 3 <-- 0.003527 s
currentSize : 41 <-- 0.003879 s
currentSize : 42 <-- 0.004112 s
currentSize : 43 <-- 0.006476 s
currentSize : 44 <-- 0.006712 s
currentSize : 45 <-- 6.794071 s
currentSize : 46 <-- 13.645958 s
currentSize : 47 <-- 71.481819 s
currentSize : 48 <-- 96.231583 s

maxsize : 48
nodes : 33176800.000000
filtered : 11853951.000000
time : 205.304596
