Parameters: GAD=1 vflib=1 dir=0 label=1 lowerbound=1 fileNameGp=../graphsdb/mcs70/rand/r02/mcs70_r02_s40.A95 fileNameGt=../graphsdb/mcs70/rand/r02/mcs70_r02_s40.B95
Reading graphs...
40 :  291
40 :  284
Initializing...
maxdom : 7
D->valSize : 208
Solving...
currentSize : 2 <-- 0.001212 s
currentSize : 3 <-- 0.001241 s
currentSize : 4 <-- 0.001255 s
currentSize : 5 <-- 0.001301 s
currentSize : 7 <-- 0.001414 s
currentSize : 23 <-- 0.001701 s

maxsize : 23
nodes : 1304.000000
filtered : 11120.000000
time : 0.007119
