Parameters: GAD=1 vflib=1 dir=0 label=1 lowerbound=1 fileNameGp=../graphsdb/mcs70/rand/r02/mcs70_r02_s100.A66 fileNameGt=../graphsdb/mcs70/rand/r02/mcs70_r02_s100.B66
Reading graphs...
100 :  1786
100 :  1756
Initializing...
maxdom : 10
D->valSize : 423
Solving...
currentSize : 1 <-- 0.006263 s
currentSize : 4 <-- 0.006368 s
currentSize : 47 <-- 0.007095 s
currentSize : 48 <-- 0.010917 s
currentSize : 49 <-- 0.793546 s
currentSize : 50 <-- 3.993625 s

maxsize : 50
nodes : 217438461.000000
filtered : 98199346.000000
time : 1437.238159
