Parameters: GAD=1 vflib=1 dir=0 label=1 lowerbound=1 fileNameGp=../graphsdb/mcs70/bvg/b09/mcs70_b09_s15.A02 fileNameGt=../graphsdb/mcs70/bvg/b09/mcs70_b09_s15.B02
Reading graphs...
15 :  66
15 :  66
Initializing...
maxdom : 9
D->valSize : 117
Solving...
currentSize : 4 <-- 0.000567 s
currentSize : 5 <-- 0.000595 s
currentSize : 6 <-- 0.000669 s
currentSize : 7 <-- 0.000739 s
currentSize : 8 <-- 0.001008 s
currentSize : 10 <-- 0.001249 s

maxsize : 10
nodes : 311.000000
filtered : 3671.000000
time : 0.001461
