Parameters: GAD=1 vflib=1 dir=0 label=1 lowerbound=1 fileNameGp=../graphsdb/mcs70/rand/r01/mcs70_r01_s50.A67 fileNameGt=../graphsdb/mcs70/rand/r01/mcs70_r01_s50.B67
Reading graphs...
50 :  236
50 :  232
Initializing...
maxdom : 11
D->valSize : 364
Solving...
currentSize : 1 <-- 0.002343 s
currentSize : 5 <-- 0.002395 s
currentSize : 16 <-- 0.002491 s
currentSize : 23 <-- 0.003101 s
currentSize : 24 <-- 0.003201 s
currentSize : 25 <-- 0.004004 s
currentSize : 32 <-- 0.005928 s
currentSize : 33 <-- 0.006079 s

maxsize : 33
nodes : 2082.000000
filtered : 28467.000000
time : 0.012961
