Parameters: GAD=1 vflib=1 dir=0 label=1 lowerbound=1 fileNameGp=../graphsdb/mcs70/bvg/b03m/mcs70_b03m_s25.A61 fileNameGt=../graphsdb/mcs70/bvg/b03m/mcs70_b03m_s25.B61
Reading graphs...
25 :  37
25 :  37
Initializing...
maxdom : 10
D->valSize : 181
Solving...
currentSize : 1 <-- 0.000749 s
currentSize : 3 <-- 0.000780 s
currentSize : 4 <-- 0.000874 s
currentSize : 10 <-- 0.000940 s
currentSize : 15 <-- 0.001098 s
currentSize : 16 <-- 0.001130 s

maxsize : 16
nodes : 559.000000
filtered : 3705.000000
time : 0.002331
