Parameters: GAD=1 vflib=1 dir=0 label=1 lowerbound=1 fileNameGp=../graphsdb/mcs70/bvg/b09/mcs70_b09_s40.A24 fileNameGt=../graphsdb/mcs70/bvg/b09/mcs70_b09_s40.B24
Reading graphs...
40 :  179
40 :  179
Initializing...
maxdom : 9
D->valSize : 226
Solving...
currentSize : 1 <-- 0.001323 s
currentSize : 4 <-- 0.001369 s
currentSize : 5 <-- 0.001396 s
currentSize : 6 <-- 0.001473 s
currentSize : 13 <-- 0.001753 s
currentSize : 28 <-- 0.002272 s

maxsize : 28
nodes : 380.000000
filtered : 4632.000000
time : 0.003062
