Parameters: GAD=1 vflib=1 dir=0 label=1 lowerbound=1 fileNameGp=../graphsdb/mcs70/rand/r02/mcs70_r02_s40.A88 fileNameGt=../graphsdb/mcs70/rand/r02/mcs70_r02_s40.B88
Reading graphs...
40 :  278
40 :  280
Initializing...
maxdom : 9
D->valSize : 204
Solving...
currentSize : 5 <-- 0.001094 s
currentSize : 13 <-- 0.001345 s
currentSize : 21 <-- 0.001798 s
currentSize : 22 <-- 0.001876 s
currentSize : 23 <-- 0.001995 s
currentSize : 24 <-- 0.002432 s

maxsize : 24
nodes : 712.000000
filtered : 8981.000000
time : 0.004267
