Parameters: GAD=1 vflib=1 dir=0 label=1 lowerbound=1 fileNameGp=../graphsdb/mcs70/bvg/b09m/mcs70_b09m_s50.A39 fileNameGt=../graphsdb/mcs70/bvg/b09m/mcs70_b09m_s50.B39
Reading graphs...
50 :  217
50 :  217
Initializing...
maxdom : 10
D->valSize : 336
Solving...
currentSize : 3 <-- 0.002113 s
currentSize : 15 <-- 0.002180 s
currentSize : 16 <-- 0.006740 s
currentSize : 17 <-- 0.006863 s
currentSize : 18 <-- 0.038186 s
currentSize : 19 <-- 0.038625 s
currentSize : 31 <-- 0.064922 s

maxsize : 31
nodes : 80407.000000
filtered : 343309.000000
time : 0.318704
