Parameters: GAD=1 vflib=1 dir=0 label=1 lowerbound=1 fileNameGp=../graphsdb/mcs70/bvg/b09/mcs70_b09_s50.A01 fileNameGt=../graphsdb/mcs70/bvg/b09/mcs70_b09_s50.B01
Reading graphs...
50 :  221
50 :  223
Initializing...
maxdom : 9
D->valSize : 332
Solving...
currentSize : 2 <-- 0.002127 s
currentSize : 12 <-- 0.002193 s
currentSize : 13 <-- 0.002204 s
currentSize : 16 <-- 0.002370 s
currentSize : 18 <-- 0.006247 s
currentSize : 19 <-- 0.010840 s
currentSize : 34 <-- 0.016579 s

maxsize : 34
nodes : 5324.000000
filtered : 27625.000000
time : 0.023590
