Parameters: GAD=1 vflib=1 dir=0 label=1 lowerbound=1 fileNameGp=../graphsdb/mcs70/rand/r01/mcs70_r01_s25.A83 fileNameGt=../graphsdb/mcs70/rand/r01/mcs70_r01_s25.B83
Reading graphs...
25 :  55
25 :  57
Initializing...
maxdom : 8
D->valSize : 157
Solving...
currentSize : 1 <-- 0.000890 s
currentSize : 3 <-- 0.000942 s
currentSize : 6 <-- 0.000980 s
currentSize : 7 <-- 0.001221 s
currentSize : 10 <-- 0.001385 s
currentSize : 11 <-- 0.002161 s
currentSize : 12 <-- 0.002978 s
currentSize : 16 <-- 0.003281 s

maxsize : 16
nodes : 1025.000000
filtered : 7031.000000
time : 0.004309
