Parameters: GAD=1 vflib=1 dir=0 label=1 lowerbound=1 fileNameGp=../graphsdb/mcs70/rand/r02/mcs70_r02_s90.A63 fileNameGt=../graphsdb/mcs70/rand/r02/mcs70_r02_s90.B63
Reading graphs...
90 :  1443
90 :  1428
Initializing...
maxdom : 12
D->valSize : 613
Solving...
currentSize : 5 <-- 0.006880 s
currentSize : 6 <-- 0.007004 s
currentSize : 7 <-- 0.007920 s
currentSize : 10 <-- 0.008114 s
currentSize : 11 <-- 0.011166 s
currentSize : 28 <-- 0.012199 s
currentSize : 46 <-- 0.013140 s
currentSize : 47 <-- 0.013343 s
currentSize : 48 <-- 0.013677 s
currentSize : 49 <-- 0.283239 s

maxsize : 49
nodes : 1885117.000000
filtered : 1013697.000000
time : 10.786995
