Parameters: GAD=1 vflib=1 dir=0 label=1 lowerbound=1 fileNameGp=../graphsdb/mcs70/rand/r02/mcs70_r02_s80.A51 fileNameGt=../graphsdb/mcs70/rand/r02/mcs70_r02_s80.B51
Reading graphs...
80 :  1143
80 :  1148
Initializing...
maxdom : 7
D->valSize : 431
Solving...
currentSize : 4 <-- 0.003744 s
currentSize : 5 <-- 0.003816 s
currentSize : 7 <-- 0.004197 s
currentSize : 12 <-- 0.004343 s
currentSize : 14 <-- 0.005944 s
currentSize : 40 <-- 0.006242 s
currentSize : 41 <-- 0.006342 s
currentSize : 42 <-- 0.037760 s
currentSize : 43 <-- 1.392578 s

maxsize : 43
nodes : 806200.000000
filtered : 573924.000000
time : 4.237576
