Parameters: GAD=1 vflib=1 dir=0 label=1 lowerbound=1 fileNameGp=../graphsdb/mcs70/rand/r02/mcs70_r02_s25.A73 fileNameGt=../graphsdb/mcs70/rand/r02/mcs70_r02_s25.B73
Reading graphs...
25 :  106
25 :  107
Initializing...
maxdom : 8
D->valSize : 172
Solving...
currentSize : 4 <-- 0.000772 s
currentSize : 6 <-- 0.000811 s
currentSize : 7 <-- 0.000952 s
currentSize : 9 <-- 0.002403 s
currentSize : 11 <-- 0.002973 s
currentSize : 16 <-- 0.003992 s

maxsize : 16
nodes : 1094.000000
filtered : 10646.000000
time : 0.004307
