Parameters: GAD=1 vflib=1 dir=0 label=1 lowerbound=1 fileNameGp=../graphsdb/mcs70/rand/r02/mcs70_r02_s100.A95 fileNameGt=../graphsdb/mcs70/rand/r02/mcs70_r02_s100.B95
Reading graphs...
100 :  1759
100 :  1774
Initializing...
maxdom : 7
D->valSize : 384
Solving...
currentSize : 3 <-- 0.003543 s
currentSize : 41 <-- 0.003881 s
currentSize : 42 <-- 0.041331 s
currentSize : 43 <-- 0.188470 s
currentSize : 44 <-- 1.041764 s
currentSize : 45 <-- 28.925575 s
currentSize : 46 <-- 29.273935 s

maxsize : 46
nodes : 27745478.000000
filtered : 12324790.000000
time : 174.125946
