Parameters: GAD=1 vflib=1 dir=0 label=1 lowerbound=1 fileNameGp=../graphsdb/mcs70/rand/r02/mcs70_r02_s70.A05 fileNameGt=../graphsdb/mcs70/rand/r02/mcs70_r02_s70.B05
Reading graphs...
70 :  864
70 :  858
Initializing...
maxdom : 8
D->valSize : 336
Solving...
currentSize : 2 <-- 0.002651 s
currentSize : 19 <-- 0.002746 s
currentSize : 20 <-- 0.002840 s
currentSize : 21 <-- 0.002943 s
currentSize : 22 <-- 0.003053 s
currentSize : 32 <-- 0.006944 s
currentSize : 33 <-- 0.007090 s
currentSize : 34 <-- 0.007321 s
currentSize : 35 <-- 0.007703 s
currentSize : 36 <-- 0.008357 s
currentSize : 37 <-- 0.008818 s

maxsize : 37
nodes : 83417.000000
filtered : 165874.000000
time : 0.400403
