Parameters: GAD=1 vflib=1 dir=0 label=1 lowerbound=1 fileNameGp=../graphsdb/mcs70/bvg/b09/mcs70_b09_s50.A78 fileNameGt=../graphsdb/mcs70/bvg/b09/mcs70_b09_s50.B78
Reading graphs...
50 :  224
50 :  224
Initializing...
maxdom : 9
D->valSize : 326
Solving...
currentSize : 1 <-- 0.002111 s
currentSize : 2 <-- 0.002142 s
currentSize : 3 <-- 0.002172 s
currentSize : 6 <-- 0.002232 s
currentSize : 27 <-- 0.002477 s
currentSize : 34 <-- 0.007894 s

maxsize : 34
nodes : 7516.000000
filtered : 39444.000000
time : 0.031787
