Parameters: GAD=1 vflib=1 dir=0 label=1 lowerbound=1 fileNameGp=../graphsdb/mcs70/rand/r02/mcs70_r02_s70.A93 fileNameGt=../graphsdb/mcs70/rand/r02/mcs70_r02_s70.B93
Reading graphs...
70 :  863
70 :  876
Initializing...
maxdom : 9
D->valSize : 387
Solving...
currentSize : 3 <-- 0.002939 s
currentSize : 4 <-- 0.002995 s
currentSize : 5 <-- 0.003032 s
currentSize : 13 <-- 0.003144 s
currentSize : 19 <-- 0.003992 s
currentSize : 36 <-- 0.004977 s
currentSize : 37 <-- 0.005976 s
currentSize : 38 <-- 0.007271 s

maxsize : 38
nodes : 191134.000000
filtered : 186137.000000
time : 0.863296
