Parameters: GAD=1 vflib=1 dir=0 label=1 lowerbound=1 fileNameGp=../graphsdb/mcs70/rand/r02/mcs70_r02_s60.A37 fileNameGt=../graphsdb/mcs70/rand/r02/mcs70_r02_s60.B37
Reading graphs...
60 :  638
60 :  632
Initializing...
maxdom : 9
D->valSize : 275
Solving...
currentSize : 3 <-- 0.002713 s
currentSize : 7 <-- 0.002798 s
currentSize : 11 <-- 0.002926 s
currentSize : 19 <-- 0.003347 s
currentSize : 23 <-- 0.005658 s
currentSize : 30 <-- 0.040180 s

maxsize : 30
nodes : 600850.000000
filtered : 191319.000000
time : 2.351004
