Parameters: GAD=1 vflib=1 dir=0 label=1 lowerbound=1 fileNameGp=../graphsdb/mcs70/rand/r02/mcs70_r02_s90.A69 fileNameGt=../graphsdb/mcs70/rand/r02/mcs70_r02_s90.B69
Reading graphs...
90 :  1443
90 :  1432
Initializing...
maxdom : 9
D->valSize : 551
Solving...
currentSize : 7 <-- 0.008784 s
currentSize : 9 <-- 0.008881 s
currentSize : 13 <-- 0.009248 s
currentSize : 14 <-- 0.010478 s
currentSize : 16 <-- 0.011479 s
currentSize : 28 <-- 0.012865 s
currentSize : 40 <-- 0.036202 s
currentSize : 41 <-- 0.036894 s
currentSize : 42 <-- 0.414512 s
currentSize : 43 <-- 34.143295 s

maxsize : 43
nodes : 16851440.000000
filtered : 9507117.000000
time : 97.622169
