Parameters: GAD=1 vflib=1 dir=0 label=1 lowerbound=1 fileNameGp=../graphsdb/mcs70/bvg/b06m/mcs70_b06m_s25.A77 fileNameGt=../graphsdb/mcs70/bvg/b06m/mcs70_b06m_s25.B77
Reading graphs...
25 :  74
25 :  74
Initializing...
maxdom : 7
D->valSize : 160
Solving...
currentSize : 1 <-- 0.000847 s
currentSize : 2 <-- 0.000877 s
currentSize : 5 <-- 0.000905 s
currentSize : 6 <-- 0.000915 s
currentSize : 7 <-- 0.001057 s
currentSize : 9 <-- 0.001122 s
currentSize : 10 <-- 0.001206 s
currentSize : 16 <-- 0.001478 s

maxsize : 16
nodes : 788.000000
filtered : 7071.000000
time : 0.003815
