Parameters: GAD=1 vflib=1 dir=0 label=1 lowerbound=1 fileNameGp=../graphsdb/mcs70/bvg/b09m/mcs70_b09m_s25.A74 fileNameGt=../graphsdb/mcs70/bvg/b09m/mcs70_b09m_s25.B74
Reading graphs...
25 :  107
25 :  109
Initializing...
maxdom : 8
D->valSize : 164
Solving...
currentSize : 2 <-- 0.000766 s
currentSize : 4 <-- 0.000791 s
currentSize : 5 <-- 0.000800 s
currentSize : 9 <-- 0.000868 s
currentSize : 10 <-- 0.001843 s
currentSize : 16 <-- 0.002078 s

maxsize : 16
nodes : 376.000000
filtered : 6270.000000
time : 0.002433
