Parameters: GAD=1 vflib=1 dir=0 label=1 lowerbound=1 fileNameGp=../graphsdb/mcs70/bvg/b03m/mcs70_b03m_s15.A77 fileNameGt=../graphsdb/mcs70/bvg/b03m/mcs70_b03m_s15.B77
Reading graphs...
15 :  21
15 :  21
Initializing...
maxdom : 10
D->valSize : 115
Solving...
currentSize : 1 <-- 0.000482 s
currentSize : 2 <-- 0.000498 s
currentSize : 4 <-- 0.000513 s
currentSize : 5 <-- 0.000520 s
currentSize : 6 <-- 0.000591 s
currentSize : 7 <-- 0.000597 s
currentSize : 8 <-- 0.000603 s
currentSize : 9 <-- 0.000638 s
currentSize : 10 <-- 0.000713 s

maxsize : 10
nodes : 288.000000
filtered : 2416.000000
time : 0.001212
