Parameters: GAD=1 vflib=1 dir=0 label=1 lowerbound=1 fileNameGp=../graphsdb/mcs70/rand/r01/mcs70_r01_s90.A20 fileNameGt=../graphsdb/mcs70/rand/r01/mcs70_r01_s90.B20
Reading graphs...
90 :  756
90 :  762
Initializing...
maxdom : 9
D->valSize : 549
Solving...
currentSize : 16 <-- 0.006096 s
currentSize : 20 <-- 0.007189 s
currentSize : 24 <-- 0.023355 s
currentSize : 32 <-- 0.026831 s
currentSize : 33 <-- 0.048519 s
currentSize : 44 <-- 0.054397 s
currentSize : 55 <-- 0.094839 s

maxsize : 55
nodes : 554316.000000
filtered : 1203708.000000
time : 2.972793
