Parameters: GAD=1 vflib=1 dir=0 label=1 lowerbound=1 fileNameGp=../graphsdb/mcs70/bvg/b06m/mcs70_b06m_s25.A71 fileNameGt=../graphsdb/mcs70/bvg/b06m/mcs70_b06m_s25.B71
Reading graphs...
25 :  74
25 :  74
Initializing...
maxdom : 7
D->valSize : 156
Solving...
currentSize : 1 <-- 0.000799 s
currentSize : 2 <-- 0.000820 s
currentSize : 6 <-- 0.000852 s
currentSize : 7 <-- 0.000859 s
currentSize : 8 <-- 0.000881 s
currentSize : 14 <-- 0.001108 s
currentSize : 17 <-- 0.001738 s

maxsize : 17
nodes : 602.000000
filtered : 5436.000000
time : 0.002730
