Parameters: GAD=1 vflib=1 dir=0 label=1 lowerbound=1 fileNameGp=../graphsdb/mcs70/rand/r02/mcs70_r02_s50.A26 fileNameGt=../graphsdb/mcs70/rand/r02/mcs70_r02_s50.B26
Reading graphs...
50 :  443
50 :  435
Initializing...
maxdom : 7
D->valSize : 323
Solving...
currentSize : 5 <-- 0.002062 s
currentSize : 6 <-- 0.002342 s
currentSize : 7 <-- 0.002369 s
currentSize : 9 <-- 0.002431 s
currentSize : 10 <-- 0.003773 s
currentSize : 13 <-- 0.003939 s
currentSize : 22 <-- 0.004301 s
currentSize : 28 <-- 0.004545 s

maxsize : 28
nodes : 6745.000000
filtered : 38511.000000
time : 0.029330
