Parameters: GAD=1 vflib=1 dir=0 label=1 lowerbound=1 fileNameGp=../graphsdb/mcs70/rand/r02/mcs70_r02_s50.A86 fileNameGt=../graphsdb/mcs70/rand/r02/mcs70_r02_s50.B86
Reading graphs...
50 :  439
50 :  441
Initializing...
maxdom : 9
D->valSize : 333
Solving...
currentSize : 6 <-- 0.002094 s
currentSize : 8 <-- 0.002186 s
currentSize : 9 <-- 0.002587 s
currentSize : 10 <-- 0.002611 s
currentSize : 12 <-- 0.003513 s
currentSize : 29 <-- 0.004174 s

maxsize : 29
nodes : 2085.000000
filtered : 36041.000000
time : 0.013212
