Parameters: GAD=1 vflib=1 dir=0 label=1 lowerbound=1 fileNameGp=../graphsdb/mcs70/rand/r02/mcs70_r02_s25.A81 fileNameGt=../graphsdb/mcs70/rand/r02/mcs70_r02_s25.B81
Reading graphs...
25 :  106
25 :  105
Initializing...
maxdom : 8
D->valSize : 160
Solving...
currentSize : 4 <-- 0.000733 s
currentSize : 5 <-- 0.000761 s
currentSize : 6 <-- 0.000773 s
currentSize : 7 <-- 0.000854 s
currentSize : 9 <-- 0.001141 s
currentSize : 11 <-- 0.001244 s
currentSize : 16 <-- 0.002025 s

maxsize : 16
nodes : 460.000000
filtered : 6653.000000
time : 0.002422
