Parameters: GAD=1 vflib=1 dir=0 label=1 lowerbound=1 fileNameGp=../graphsdb/mcs70/rand/r02/mcs70_r02_s90.A44 fileNameGt=../graphsdb/mcs70/rand/r02/mcs70_r02_s90.B44
Reading graphs...
90 :  1435
90 :  1414
Initializing...
maxdom : 10
D->valSize : 567
Solving...
currentSize : 5 <-- 0.005942 s
currentSize : 6 <-- 0.006205 s
currentSize : 24 <-- 0.006739 s
currentSize : 25 <-- 0.006967 s
currentSize : 44 <-- 0.024212 s
currentSize : 45 <-- 2.547907 s
currentSize : 46 <-- 45.590466 s

maxsize : 46
nodes : 20105799.000000
filtered : 6924112.000000
time : 115.050858
