Parameters: GAD=1 vflib=1 dir=0 label=1 lowerbound=1 fileNameGp=../graphsdb/mcs70/rand/r02/mcs70_r02_s80.A81 fileNameGt=../graphsdb/mcs70/rand/r02/mcs70_r02_s80.B81
Reading graphs...
80 :  1122
80 :  1119
Initializing...
maxdom : 9
D->valSize : 465
Solving...
currentSize : 3 <-- 0.004060 s
currentSize : 4 <-- 0.004112 s
currentSize : 22 <-- 0.004281 s
currentSize : 35 <-- 0.026041 s
currentSize : 37 <-- 0.043564 s
currentSize : 39 <-- 0.204079 s
currentSize : 40 <-- 0.935043 s

maxsize : 40
nodes : 772209.000000
filtered : 819738.000000
time : 3.977014
