Parameters: GAD=1 vflib=1 dir=0 label=1 lowerbound=1 fileNameGp=../graphsdb/mcs70/rand/r02/mcs70_r02_s50.A91 fileNameGt=../graphsdb/mcs70/rand/r02/mcs70_r02_s50.B91
Reading graphs...
50 :  448
50 :  447
Initializing...
maxdom : 11
D->valSize : 348
Solving...
currentSize : 5 <-- 0.002168 s
currentSize : 6 <-- 0.002301 s
currentSize : 8 <-- 0.002584 s
currentSize : 10 <-- 0.002946 s
currentSize : 12 <-- 0.003188 s
currentSize : 31 <-- 0.004390 s

maxsize : 31
nodes : 3040.000000
filtered : 29646.000000
time : 0.014713
