Parameters: GAD=1 vflib=1 dir=0 label=1 lowerbound=1 fileNameGp=../graphsdb/mcs70/rand/r02/mcs70_r02_s50.A30 fileNameGt=../graphsdb/mcs70/rand/r02/mcs70_r02_s50.B30
Reading graphs...
50 :  441
50 :  440
Initializing...
maxdom : 12
D->valSize : 398
Solving...
currentSize : 4 <-- 0.003120 s
currentSize : 5 <-- 0.003152 s
currentSize : 6 <-- 0.003267 s
currentSize : 10 <-- 0.003377 s
currentSize : 14 <-- 0.004039 s
currentSize : 18 <-- 0.005893 s
currentSize : 19 <-- 0.006807 s
currentSize : 27 <-- 0.011055 s
currentSize : 28 <-- 0.011193 s
currentSize : 29 <-- 0.012343 s

maxsize : 29
nodes : 9576.000000
filtered : 81779.000000
time : 0.045569
