Parameters: GAD=1 vflib=1 dir=0 label=1 lowerbound=1 fileNameGp=../graphsdb/mcs70/bvg/b09/mcs70_b09_s15.A95 fileNameGt=../graphsdb/mcs70/bvg/b09/mcs70_b09_s15.B95
Reading graphs...
15 :  66
15 :  65
Initializing...
maxdom : 8
D->valSize : 111
Solving...
currentSize : 4 <-- 0.000614 s
currentSize : 5 <-- 0.000632 s
currentSize : 6 <-- 0.000764 s
currentSize : 7 <-- 0.001095 s
currentSize : 9 <-- 0.001220 s
currentSize : 10 <-- 0.001341 s

maxsize : 10
nodes : 343.000000
filtered : 3660.000000
time : 0.002050
