Parameters: GAD=1 vflib=1 dir=0 label=1 lowerbound=1 fileNameGp=../graphsdb/mcs70/m3D/m3Dr6/mcs70_m3Dr6_s40.A03 fileNameGt=../graphsdb/mcs70/m3D/m3Dr6/mcs70_m3Dr6_s40.B03
Reading graphs...
40 :  106
40 :  101
Initializing...
maxdom : 8
D->valSize : 214
Solving...
currentSize : 4 <-- 0.001052 s
currentSize : 9 <-- 0.001093 s
currentSize : 14 <-- 0.001140 s
currentSize : 18 <-- 0.002921 s
currentSize : 23 <-- 0.006744 s
currentSize : 27 <-- 0.006820 s

maxsize : 27
nodes : 5516.000000
filtered : 23910.000000
time : 0.018648
