Parameters: GAD=1 vflib=1 dir=0 label=1 lowerbound=1 fileNameGp=../graphsdb/mcs70/m2D/m2Dr2/mcs70_m2Dr2_s15.A35 fileNameGt=../graphsdb/mcs70/m2D/m2Dr2/mcs70_m2Dr2_s15.B35
Reading graphs...
15 :  25
15 :  24
Initializing...
maxdom : 10
D->valSize : 125
Solving...
currentSize : 1 <-- 0.000564 s
currentSize : 4 <-- 0.000589 s
currentSize : 5 <-- 0.000606 s
currentSize : 6 <-- 0.000615 s
currentSize : 7 <-- 0.000701 s
currentSize : 9 <-- 0.001233 s

maxsize : 9
nodes : 516.000000
filtered : 5058.000000
time : 0.001866
