Parameters: GAD=1 vflib=1 dir=0 label=1 lowerbound=1 fileNameGp=../graphsdb/mcs70/rand/r02/mcs70_r02_s50.A60 fileNameGt=../graphsdb/mcs70/rand/r02/mcs70_r02_s50.B60
Reading graphs...
50 :  437
50 :  440
Initializing...
maxdom : 8
D->valSize : 318
Solving...
currentSize : 3 <-- 0.002035 s
currentSize : 7 <-- 0.002068 s
currentSize : 9 <-- 0.002104 s
currentSize : 10 <-- 0.002308 s
currentSize : 16 <-- 0.003262 s
currentSize : 26 <-- 0.003719 s

maxsize : 26
nodes : 22311.000000
filtered : 66101.000000
time : 0.084433
