Parameters: GAD=1 vflib=1 dir=0 label=1 lowerbound=1 fileNameGp=../graphsdb/mcs70/rand/r02/mcs70_r02_s15.A82 fileNameGt=../graphsdb/mcs70/rand/r02/mcs70_r02_s15.B82
Reading graphs...
15 :  37
15 :  38
Initializing...
maxdom : 9
D->valSize : 120
Solving...
currentSize : 4 <-- 0.000522 s
currentSize : 5 <-- 0.000534 s
currentSize : 6 <-- 0.000540 s
currentSize : 7 <-- 0.000578 s
currentSize : 8 <-- 0.000588 s
currentSize : 10 <-- 0.000614 s

maxsize : 10
nodes : 201.000000
filtered : 3163.000000
time : 0.001183
