Parameters: GAD=1 vflib=1 dir=0 label=1 lowerbound=1 fileNameGp=../graphsdb/mcs70/rand/r02/mcs70_r02_s80.A44 fileNameGt=../graphsdb/mcs70/rand/r02/mcs70_r02_s80.B44
Reading graphs...
80 :  1141
80 :  1140
Initializing...
maxdom : 9
D->valSize : 452
Solving...
currentSize : 5 <-- 0.006130 s
currentSize : 6 <-- 0.006432 s
currentSize : 12 <-- 0.006603 s
currentSize : 15 <-- 0.008406 s
currentSize : 26 <-- 0.009219 s
currentSize : 39 <-- 0.045265 s
currentSize : 40 <-- 0.050565 s

maxsize : 40
nodes : 791873.000000
filtered : 564702.000000
time : 3.979622
