Parameters: GAD=1 vflib=1 dir=0 label=1 lowerbound=1 fileNameGp=../graphsdb/mcs70/m2D/m2Dr2/mcs70_m2Dr2_s15.A95 fileNameGt=../graphsdb/mcs70/m2D/m2Dr2/mcs70_m2Dr2_s15.B95
Reading graphs...
15 :  25
15 :  25
Initializing...
maxdom : 8
D->valSize : 110
Solving...
currentSize : 2 <-- 0.000524 s
currentSize : 3 <-- 0.000588 s
currentSize : 5 <-- 0.000596 s
currentSize : 6 <-- 0.000733 s
currentSize : 7 <-- 0.000737 s
currentSize : 9 <-- 0.000757 s

maxsize : 9
nodes : 353.000000
filtered : 3622.000000
time : 0.001426
