Parameters: GAD=1 vflib=1 dir=0 label=1 lowerbound=1 fileNameGp=../graphsdb/mcs70/rand/r02/mcs70_r02_s80.A80 fileNameGt=../graphsdb/mcs70/rand/r02/mcs70_r02_s80.B80
Reading graphs...
80 :  1132
80 :  1150
Initializing...
maxdom : 10
D->valSize : 454
Solving...
currentSize : 5 <-- 0.004003 s
currentSize : 6 <-- 0.004101 s
currentSize : 9 <-- 0.004141 s
currentSize : 10 <-- 0.004715 s
currentSize : 11 <-- 0.004747 s
currentSize : 13 <-- 0.004904 s
currentSize : 22 <-- 0.006366 s
currentSize : 23 <-- 0.006501 s
currentSize : 37 <-- 0.008857 s
currentSize : 38 <-- 0.009204 s

maxsize : 38
nodes : 1217514.000000
filtered : 868116.000000
time : 6.097212
