Parameters: GAD=1 vflib=1 dir=0 label=1 lowerbound=1 fileNameGp=../graphsdb/mcs70/rand/r01/mcs70_r01_s25.A31 fileNameGt=../graphsdb/mcs70/rand/r01/mcs70_r01_s25.B31
Reading graphs...
25 :  56
25 :  56
Initializing...
maxdom : 7
D->valSize : 162
Solving...
currentSize : 3 <-- 0.000868 s
currentSize : 8 <-- 0.000896 s
currentSize : 9 <-- 0.001048 s
currentSize : 11 <-- 0.001071 s
currentSize : 12 <-- 0.001287 s
currentSize : 17 <-- 0.001488 s

maxsize : 17
nodes : 298.000000
filtered : 3330.000000
time : 0.002155
