Parameters: GAD=1 vflib=1 dir=0 label=1 lowerbound=1 fileNameGp=../graphsdb/mcs70/rand/r02/mcs70_r02_s35.A67 fileNameGt=../graphsdb/mcs70/rand/r02/mcs70_r02_s35.B67
Reading graphs...
35 :  214
35 :  219
Initializing...
maxdom : 8
D->valSize : 179
Solving...
currentSize : 5 <-- 0.000989 s
currentSize : 8 <-- 0.001054 s
currentSize : 10 <-- 0.001065 s
currentSize : 11 <-- 0.001133 s
currentSize : 22 <-- 0.001320 s
currentSize : 23 <-- 0.001459 s

maxsize : 23
nodes : 251.000000
filtered : 3780.000000
time : 0.002245
