Parameters: GAD=1 vflib=1 dir=0 label=1 lowerbound=1 fileNameGp=../graphsdb/mcs70/bvg/b03/mcs70_b03_s15.A56 fileNameGt=../graphsdb/mcs70/bvg/b03/mcs70_b03_s15.B56
Reading graphs...
15 :  22
15 :  22
Initializing...
maxdom : 8
D->valSize : 111
Solving...
currentSize : 1 <-- 0.000525 s
currentSize : 5 <-- 0.000556 s
currentSize : 6 <-- 0.000619 s
currentSize : 7 <-- 0.000732 s
currentSize : 8 <-- 0.000750 s
currentSize : 9 <-- 0.000861 s
currentSize : 10 <-- 0.001894 s

maxsize : 10
nodes : 548.000000
filtered : 4160.000000
time : 0.002067
