Parameters: GAD=1 vflib=1 dir=0 label=1 lowerbound=1 fileNameGp=../graphsdb/mcs70/rand/r02/mcs70_r02_s50.A66 fileNameGt=../graphsdb/mcs70/rand/r02/mcs70_r02_s50.B66
Reading graphs...
50 :  435
50 :  436
Initializing...
maxdom : 12
D->valSize : 381
Solving...
currentSize : 5 <-- 0.002767 s
currentSize : 6 <-- 0.002890 s
currentSize : 12 <-- 0.003540 s
currentSize : 28 <-- 0.004179 s
currentSize : 29 <-- 0.004866 s
currentSize : 30 <-- 0.006500 s

maxsize : 30
nodes : 2270.000000
filtered : 30271.000000
time : 0.013597
