Parameters: GAD=1 vflib=1 dir=0 label=1 lowerbound=1 fileNameGp=../graphsdb/mcs70/bvg/b09m/mcs70_b09m_s35.A64 fileNameGt=../graphsdb/mcs70/bvg/b09m/mcs70_b09m_s35.B64
Reading graphs...
35 :  149
35 :  149
Initializing...
maxdom : 7
D->valSize : 148
Solving...
currentSize : 1 <-- 0.000783 s
currentSize : 3 <-- 0.000811 s
currentSize : 4 <-- 0.000821 s
currentSize : 5 <-- 0.000833 s
currentSize : 6 <-- 0.000853 s
currentSize : 16 <-- 0.000942 s
currentSize : 23 <-- 0.001220 s

maxsize : 23
nodes : 226.000000
filtered : 1947.000000
time : 0.001638
