Parameters: GAD=1 vflib=1 dir=0 label=1 lowerbound=1 fileNameGp=../graphsdb/mcs70/rand/r02/mcs70_r02_s50.A47 fileNameGt=../graphsdb/mcs70/rand/r02/mcs70_r02_s50.B47
Reading graphs...
50 :  442
50 :  440
Initializing...
maxdom : 9
D->valSize : 327
Solving...
currentSize : 3 <-- 0.002050 s
currentSize : 4 <-- 0.002073 s
currentSize : 14 <-- 0.002133 s
currentSize : 18 <-- 0.002199 s
currentSize : 20 <-- 0.003245 s
currentSize : 25 <-- 0.004394 s

maxsize : 25
nodes : 28674.000000
filtered : 97892.000000
time : 0.114023
