Parameters: GAD=1 vflib=1 dir=0 label=1 lowerbound=1 fileNameGp=../graphsdb/mcs70/m4D/m4Dr2/mcs70_m4Dr2_s25.A49 fileNameGt=../graphsdb/mcs70/m4D/m4Dr2/mcs70_m4Dr2_s25.B49
Reading graphs...
25 :  49
25 :  51
Initializing...
maxdom : 7
D->valSize : 157
Solving...
currentSize : 2 <-- 0.000803 s
currentSize : 4 <-- 0.000834 s
currentSize : 5 <-- 0.000845 s
currentSize : 6 <-- 0.000920 s
currentSize : 7 <-- 0.000948 s
currentSize : 8 <-- 0.000988 s
currentSize : 15 <-- 0.001192 s

maxsize : 15
nodes : 2091.000000
filtered : 12370.000000
time : 0.006616
