Parameters: GAD=1 vflib=1 dir=0 label=1 lowerbound=1 fileNameGp=../graphsdb/mcs70/rand/r02/mcs70_r02_s70.A95 fileNameGt=../graphsdb/mcs70/rand/r02/mcs70_r02_s70.B95
Reading graphs...
70 :  874
70 :  860
Initializing...
maxdom : 8
D->valSize : 328
Solving...
currentSize : 2 <-- 0.003643 s
currentSize : 4 <-- 0.003726 s
currentSize : 11 <-- 0.004237 s
currentSize : 21 <-- 0.005290 s
currentSize : 32 <-- 0.007664 s
currentSize : 33 <-- 0.320017 s

maxsize : 33
nodes : 796153.000000
filtered : 424420.000000
time : 3.524103
