Parameters: GAD=1 vflib=1 dir=0 label=1 lowerbound=1 fileNameGp=../graphsdb/mcs70/rand/r01/mcs70_r01_s90.A66 fileNameGt=../graphsdb/mcs70/rand/r01/mcs70_r01_s90.B66
Reading graphs...
90 :  753
90 :  766
Initializing...
maxdom : 10
D->valSize : 562
Solving...
currentSize : 1 <-- 0.005896 s
currentSize : 27 <-- 0.006073 s
currentSize : 39 <-- 0.011949 s
currentSize : 40 <-- 0.012198 s
currentSize : 56 <-- 0.112318 s
currentSize : 57 <-- 0.112990 s

maxsize : 57
nodes : 145617.000000
filtered : 1075276.000000
time : 1.015343
