Parameters: GAD=1 vflib=1 dir=0 label=1 lowerbound=1 fileNameGp=../graphsdb/mcs70/rand/r01/mcs70_r01_s50.A76 fileNameGt=../graphsdb/mcs70/rand/r01/mcs70_r01_s50.B76
Reading graphs...
50 :  232
50 :  232
Initializing...
maxdom : 11
D->valSize : 369
Solving...
currentSize : 6 <-- 0.003964 s
currentSize : 8 <-- 0.004040 s
currentSize : 14 <-- 0.004555 s
currentSize : 16 <-- 0.004573 s
currentSize : 26 <-- 0.006342 s
currentSize : 33 <-- 0.006619 s

maxsize : 33
nodes : 1561.000000
filtered : 25929.000000
time : 0.017214
