Parameters: GAD=1 vflib=1 dir=0 label=1 lowerbound=1 fileNameGp=../graphsdb/mcs70/m2D/m2Dr6/m2Dr6/mcs70_m2Dr6_s25.A94 fileNameGt=../graphsdb/mcs70/m2D/m2Dr6/m2Dr6/mcs70_m2Dr6_s25.B94
Reading graphs...
25 :  55
25 :  54
Initializing...
maxdom : 9
D->valSize : 169
Solving...
currentSize : 1 <-- 0.000836 s
currentSize : 9 <-- 0.000884 s
currentSize : 10 <-- 0.001195 s
currentSize : 15 <-- 0.001268 s
currentSize : 16 <-- 0.002054 s
currentSize : 17 <-- 0.002776 s

maxsize : 17
nodes : 881.000000
filtered : 6429.000000
time : 0.004053
