Parameters: GAD=1 vflib=1 dir=0 label=1 lowerbound=1 fileNameGp=../graphsdb/mcs70/rand/r02/mcs70_r02_s90.A30 fileNameGt=../graphsdb/mcs70/rand/r02/mcs70_r02_s90.B30
Reading graphs...
90 :  1424
90 :  1436
Initializing...
maxdom : 13
D->valSize : 599
Solving...
currentSize : 39 <-- 0.010052 s
currentSize : 40 <-- 0.076167 s
currentSize : 41 <-- 0.239363 s
currentSize : 42 <-- 3.634868 s
currentSize : 43 <-- 3.726973 s
currentSize : 44 <-- 10.265314 s

maxsize : 44
nodes : 9452670.000000
filtered : 6330681.000000
time : 53.631832
