Parameters: GAD=1 vflib=1 dir=0 label=1 lowerbound=1 fileNameGp=../graphsdb/mcs70/rand/r02/mcs70_r02_s100.A80 fileNameGt=../graphsdb/mcs70/rand/r02/mcs70_r02_s100.B80
Reading graphs...
100 :  1765
100 :  1760
Initializing...
maxdom : 7
D->valSize : 397
Solving...
currentSize : 1 <-- 0.005743 s
currentSize : 44 <-- 0.006232 s
currentSize : 45 <-- 0.129122 s
currentSize : 46 <-- 1.183471 s
currentSize : 47 <-- 4.589404 s
currentSize : 48 <-- 53.060886 s

maxsize : 48
nodes : 40909633.000000
filtered : 19733841.000000
time : 257.434387
