Parameters: GAD=1 vflib=1 dir=0 label=1 lowerbound=1 fileNameGp=../graphsdb/mcs70/rand/r02/mcs70_r02_s90.A65 fileNameGt=../graphsdb/mcs70/rand/r02/mcs70_r02_s90.B65
Reading graphs...
90 :  1445
90 :  1447
Initializing...
maxdom : 9
D->valSize : 554
Solving...
currentSize : 6 <-- 0.005830 s
currentSize : 11 <-- 0.005920 s
currentSize : 12 <-- 0.008416 s
currentSize : 14 <-- 0.009559 s
currentSize : 15 <-- 0.010572 s
currentSize : 40 <-- 0.011763 s
currentSize : 41 <-- 0.012140 s
currentSize : 42 <-- 0.059504 s
currentSize : 43 <-- 11.957813 s
currentSize : 44 <-- 32.951389 s
currentSize : 45 <-- 45.191414 s

maxsize : 45
nodes : 40458469.000000
filtered : 11345940.000000
time : 231.492035
