Parameters: GAD=1 vflib=1 dir=0 label=1 lowerbound=1 fileNameGp=../graphsdb/mcs70/rand/r02/mcs70_r02_s15.A42 fileNameGt=../graphsdb/mcs70/rand/r02/mcs70_r02_s15.B42
Reading graphs...
15 :  40
15 :  38
Initializing...
maxdom : 9
D->valSize : 114
Solving...
currentSize : 4 <-- 0.000480 s
currentSize : 5 <-- 0.000493 s
currentSize : 6 <-- 0.000507 s
currentSize : 7 <-- 0.000740 s
currentSize : 8 <-- 0.000966 s
currentSize : 10 <-- 0.001067 s

maxsize : 10
nodes : 397.000000
filtered : 3806.000000
time : 0.001552
