Parameters: GAD=1 vflib=1 dir=0 label=1 lowerbound=1 fileNameGp=../graphsdb/mcs70/rand/r02/mcs70_r02_s70.A44 fileNameGt=../graphsdb/mcs70/rand/r02/mcs70_r02_s70.B44
Reading graphs...
70 :  860
70 :  853
Initializing...
maxdom : 9
D->valSize : 377
Solving...
currentSize : 2 <-- 0.002972 s
currentSize : 4 <-- 0.003013 s
currentSize : 13 <-- 0.003150 s
currentSize : 15 <-- 0.003557 s
currentSize : 21 <-- 0.004025 s
currentSize : 33 <-- 0.008860 s
currentSize : 34 <-- 0.257879 s
currentSize : 35 <-- 0.745453 s

maxsize : 35
nodes : 2198178.000000
filtered : 734206.000000
time : 9.670240
