Parameters: GAD=1 vflib=1 dir=0 label=1 lowerbound=1 fileNameGp=../graphsdb/mcs70/rand/r02/mcs70_r02_s15.A43 fileNameGt=../graphsdb/mcs70/rand/r02/mcs70_r02_s15.B43
Reading graphs...
15 :  37
15 :  38
Initializing...
maxdom : 8
D->valSize : 110
Solving...
currentSize : 4 <-- 0.000472 s
currentSize : 5 <-- 0.000497 s
currentSize : 6 <-- 0.000587 s
currentSize : 7 <-- 0.000623 s
currentSize : 9 <-- 0.001136 s
currentSize : 10 <-- 0.001143 s

maxsize : 10
nodes : 340.000000
filtered : 3765.000000
time : 0.001487
