Parameters: GAD=1 vflib=1 dir=0 label=1 lowerbound=1 fileNameGp=../graphsdb/mcs70/rand/r02/mcs70_r02_s100.A89 fileNameGt=../graphsdb/mcs70/rand/r02/mcs70_r02_s100.B89
Reading graphs...
100 :  1765
100 :  1768
Initializing...
maxdom : 7
D->valSize : 372
Solving...
currentSize : 1 <-- 0.003510 s
currentSize : 45 <-- 0.003783 s
currentSize : 46 <-- 0.008801 s
currentSize : 47 <-- 0.009279 s
currentSize : 48 <-- 0.399102 s
currentSize : 49 <-- 7.914273 s
currentSize : 50 <-- 40.175091 s

maxsize : 50
nodes : 41839475.000000
filtered : 13902416.000000
time : 262.781067
