Parameters: GAD=1 vflib=1 dir=0 label=1 lowerbound=1 fileNameGp=../graphsdb/mcs70/bvg/b09m/mcs70_b09m_s15.A67 fileNameGt=../graphsdb/mcs70/bvg/b09m/mcs70_b09m_s15.B67
Reading graphs...
15 :  58
15 :  56
Initializing...
maxdom : 8
D->valSize : 111
Solving...
currentSize : 4 <-- 0.000498 s
currentSize : 5 <-- 0.000586 s
currentSize : 6 <-- 0.000827 s
currentSize : 7 <-- 0.000844 s
currentSize : 8 <-- 0.001229 s
currentSize : 9 <-- 0.001547 s

maxsize : 9
nodes : 510.000000
filtered : 5187.000000
time : 0.001922
