Parameters: GAD=1 vflib=1 dir=0 label=1 lowerbound=1 fileNameGp=../graphsdb/mcs70/bvg/b09m/mcs70_b09m_s50.A73 fileNameGt=../graphsdb/mcs70/bvg/b09m/mcs70_b09m_s50.B73
Reading graphs...
50 :  220
50 :  219
Initializing...
maxdom : 12
D->valSize : 331
Solving...
currentSize : 1 <-- 0.002089 s
currentSize : 5 <-- 0.002140 s
currentSize : 7 <-- 0.002278 s
currentSize : 10 <-- 0.002581 s
currentSize : 17 <-- 0.002873 s
currentSize : 21 <-- 0.013606 s
currentSize : 32 <-- 0.036654 s

maxsize : 32
nodes : 34767.000000
filtered : 98940.000000
time : 0.126906
