Parameters: GAD=1 vflib=1 dir=0 label=1 lowerbound=1 fileNameGp=../graphsdb/mcs70/rand/r01/mcs70_r01_s10.A98 fileNameGt=../graphsdb/mcs70/rand/r01/mcs70_r01_s10.B98
Reading graphs...
10 :  11
10 :  11
Initializing...
maxdom : 6
D->valSize : 52
Solving...
currentSize : 1 <-- 0.000381 s
currentSize : 3 <-- 0.000408 s
currentSize : 4 <-- 0.000419 s
currentSize : 5 <-- 0.000499 s
currentSize : 6 <-- 0.000515 s
currentSize : 7 <-- 0.000520 s

maxsize : 7
nodes : 92.000000
filtered : 417.000000
time : 0.000605
