Parameters: GAD=1 vflib=1 dir=0 label=1 lowerbound=1 fileNameGp=../graphsdb/mcs70/rand/r02/mcs70_r02_s100.A61 fileNameGt=../graphsdb/mcs70/rand/r02/mcs70_r02_s100.B61
Reading graphs...
100 :  1777
100 :  1780
Initializing...
maxdom : 8
D->valSize : 421
Solving...
currentSize : 24 <-- 0.004367 s
currentSize : 25 <-- 0.005184 s
currentSize : 33 <-- 0.006401 s
currentSize : 34 <-- 0.006711 s
currentSize : 35 <-- 0.007815 s
currentSize : 48 <-- 0.010026 s
currentSize : 49 <-- 0.012938 s
currentSize : 50 <-- 0.013243 s
currentSize : 51 <-- 0.413809 s

maxsize : 51
nodes : 26517525.000000
filtered : 12689873.000000
time : 171.571442
