Parameters: GAD=1 vflib=1 dir=0 label=1 lowerbound=1 fileNameGp=../graphsdb/mcs70/rand/r02/mcs70_r02_s80.A62 fileNameGt=../graphsdb/mcs70/rand/r02/mcs70_r02_s80.B62
Reading graphs...
80 :  1129
80 :  1112
Initializing...
maxdom : 9
D->valSize : 452
Solving...
currentSize : 2 <-- 0.003979 s
currentSize : 3 <-- 0.004017 s
currentSize : 6 <-- 0.004064 s
currentSize : 42 <-- 0.004873 s
currentSize : 43 <-- 0.005014 s
currentSize : 44 <-- 0.015231 s

maxsize : 44
nodes : 1436068.000000
filtered : 450208.000000
time : 7.252704
