Parameters: GAD=1 vflib=1 dir=0 label=1 lowerbound=1 fileNameGp=../graphsdb/mcs70/bvg/b09/mcs70_b09_s25.A56 fileNameGt=../graphsdb/mcs70/bvg/b09/mcs70_b09_s25.B56
Reading graphs...
25 :  109
25 :  108
Initializing...
maxdom : 8
D->valSize : 157
Solving...
currentSize : 3 <-- 0.000807 s
currentSize : 4 <-- 0.000827 s
currentSize : 5 <-- 0.000904 s
currentSize : 6 <-- 0.000983 s
currentSize : 15 <-- 0.001104 s
currentSize : 16 <-- 0.001130 s

maxsize : 16
nodes : 501.000000
filtered : 4886.000000
time : 0.002355
