Parameters: GAD=1 vflib=1 dir=0 label=1 lowerbound=1 fileNameGp=../graphsdb/mcs70/rand/r01/mcs70_r01_s80.A50 fileNameGt=../graphsdb/mcs70/rand/r01/mcs70_r01_s80.B50
Reading graphs...
80 :  600
80 :  595
Initializing...
maxdom : 9
D->valSize : 437
Solving...
currentSize : 26 <-- 0.003925 s
currentSize : 37 <-- 0.008586 s
currentSize : 38 <-- 0.011415 s
currentSize : 39 <-- 0.054873 s
currentSize : 49 <-- 0.073967 s
currentSize : 50 <-- 0.078112 s
currentSize : 51 <-- 0.098615 s

maxsize : 51
nodes : 28826.000000
filtered : 192897.000000
time : 0.175040
