Parameters: GAD=1 vflib=1 dir=0 label=1 lowerbound=1 fileNameGp=../graphsdb/mcs70/rand/r01/mcs70_r01_s35.A22 fileNameGt=../graphsdb/mcs70/rand/r01/mcs70_r01_s35.B22
Reading graphs...
35 :  113
35 :  116
Initializing...
maxdom : 7
D->valSize : 162
Solving...
currentSize : 2 <-- 0.000754 s
currentSize : 5 <-- 0.000791 s
currentSize : 6 <-- 0.000814 s
currentSize : 8 <-- 0.000834 s
currentSize : 9 <-- 0.000937 s
currentSize : 24 <-- 0.001051 s

maxsize : 24
nodes : 201.000000
filtered : 2270.000000
time : 0.001594
