Parameters: GAD=1 vflib=1 dir=0 label=1 lowerbound=1 fileNameGp=../graphsdb/mcs70/m4D/m4Dr2/mcs70_m4Dr2_s25.A93 fileNameGt=../graphsdb/mcs70/m4D/m4Dr2/mcs70_m4Dr2_s25.B93
Reading graphs...
25 :  50
25 :  49
Initializing...
maxdom : 8
D->valSize : 163
Solving...
currentSize : 1 <-- 0.000733 s
currentSize : 2 <-- 0.000759 s
currentSize : 3 <-- 0.000776 s
currentSize : 4 <-- 0.000790 s
currentSize : 7 <-- 0.000833 s
currentSize : 15 <-- 0.000971 s

maxsize : 15
nodes : 429.000000
filtered : 3526.000000
time : 0.002044
