Parameters: GAD=1 vflib=1 dir=0 label=1 lowerbound=1 fileNameGp=../graphsdb/mcs70/rand/r02/mcs70_r02_s35.A16 fileNameGt=../graphsdb/mcs70/rand/r02/mcs70_r02_s35.B16
Reading graphs...
35 :  210
35 :  209
Initializing...
maxdom : 7
D->valSize : 167
Solving...
currentSize : 2 <-- 0.000809 s
currentSize : 3 <-- 0.000836 s
currentSize : 4 <-- 0.000853 s
currentSize : 5 <-- 0.000910 s
currentSize : 9 <-- 0.001115 s
currentSize : 19 <-- 0.001354 s
currentSize : 20 <-- 0.001427 s

maxsize : 20
nodes : 436.000000
filtered : 5610.000000
time : 0.002819
