Parameters: GAD=1 vflib=1 dir=0 label=1 lowerbound=1 fileNameGp=../graphsdb/mcs70/rand/r02/mcs70_r02_s20.A23 fileNameGt=../graphsdb/mcs70/rand/r02/mcs70_r02_s20.B23
Reading graphs...
20 :  65
20 :  67
Initializing...
maxdom : 8
D->valSize : 126
Solving...
currentSize : 1 <-- 0.000619 s
currentSize : 5 <-- 0.000652 s
currentSize : 6 <-- 0.000671 s
currentSize : 7 <-- 0.000691 s
currentSize : 10 <-- 0.000790 s
currentSize : 13 <-- 0.001096 s

maxsize : 13
nodes : 180.000000
filtered : 2609.000000
time : 0.001363
