Parameters: GAD=1 vflib=1 dir=0 label=1 lowerbound=1 fileNameGp=../graphsdb/mcs90/rand/r02/mcs90_r02_s60.A71 fileNameGt=../graphsdb/mcs90/rand/r02/mcs90_r02_s60.B71
Reading graphs...
60 :  634
60 :  629
Initializing...
maxdom : 7
D->valSize : 261
Solving...
currentSize : 14 <-- 0.002660 s
currentSize : 22 <-- 0.003319 s
currentSize : 23 <-- 0.005059 s
currentSize : 35 <-- 0.010694 s
currentSize : 36 <-- 0.556295 s
currentSize : 37 <-- 3.822765 s
currentSize : 38 <-- 4.939593 s
currentSize : 39 <-- 18.123451 s

maxsize : 39
nodes : 19488859.000000
filtered : 7085850.000000
time : 78.790291
