Parameters: GAD=1 vflib=1 dir=0 label=1 lowerbound=1 fileNameGp=../graphsdb/mcs90/rand/r02/mcs90_r02_s35.A91 fileNameGt=../graphsdb/mcs90/rand/r02/mcs90_r02_s35.B91
Reading graphs...
35 :  216
35 :  216
Initializing...
maxdom : 7
D->valSize : 164
Solving...
currentSize : 2 <-- 0.000946 s
currentSize : 3 <-- 0.001000 s
currentSize : 5 <-- 0.001014 s
currentSize : 15 <-- 0.001108 s
currentSize : 16 <-- 0.001170 s
currentSize : 24 <-- 0.001355 s
currentSize : 25 <-- 0.001470 s
currentSize : 26 <-- 0.001624 s

maxsize : 26
nodes : 551.000000
filtered : 4306.000000
time : 0.003128
