Parameters: GAD=1 vflib=1 dir=0 label=1 lowerbound=1 fileNameGp=../graphsdb/mcs90/bvg/b06m/mcs90_b06m_s15.A34 fileNameGt=../graphsdb/mcs90/bvg/b06m/mcs90_b06m_s15.B34
Reading graphs...
15 :  44
15 :  44
Initializing...
maxdom : 8
D->valSize : 113
Solving...
currentSize : 3 <-- 0.000588 s
currentSize : 4 <-- 0.000603 s
currentSize : 5 <-- 0.000609 s
currentSize : 6 <-- 0.000631 s
currentSize : 8 <-- 0.000685 s
currentSize : 10 <-- 0.000743 s
currentSize : 13 <-- 0.000769 s

maxsize : 13
nodes : 114.000000
filtered : 1093.000000
time : 0.000907
