Parameters: GAD=1 vflib=1 dir=0 label=1 lowerbound=1 fileNameGp=../graphsdb/mcs90/bvg/b09/mcs90_b09_s20.A59 fileNameGt=../graphsdb/mcs90/bvg/b09/mcs90_b09_s20.B59
Reading graphs...
20 :  89
20 :  90
Initializing...
maxdom : 8
D->valSize : 113
Solving...
currentSize : 1 <-- 0.000549 s
currentSize : 5 <-- 0.000575 s
currentSize : 8 <-- 0.000650 s
currentSize : 9 <-- 0.000709 s
currentSize : 10 <-- 0.000809 s
currentSize : 18 <-- 0.000890 s

maxsize : 18
nodes : 142.000000
filtered : 836.000000
time : 0.000967
