Parameters: GAD=1 vflib=1 dir=0 label=1 lowerbound=1 fileNameGp=../graphsdb/mcs90/bvg/b03m/mcs90_b03m_s15.A19 fileNameGt=../graphsdb/mcs90/bvg/b03m/mcs90_b03m_s15.B19
Reading graphs...
15 :  22
15 :  22
Initializing...
maxdom : 11
D->valSize : 137
Solving...
currentSize : 1 <-- 0.000570 s
currentSize : 5 <-- 0.000610 s
currentSize : 6 <-- 0.000620 s
currentSize : 7 <-- 0.000642 s
currentSize : 8 <-- 0.000811 s
currentSize : 9 <-- 0.001315 s
currentSize : 12 <-- 0.001506 s

maxsize : 12
nodes : 387.000000
filtered : 2830.000000
time : 0.001617
