Parameters: GAD=1 vflib=1 dir=0 label=1 lowerbound=1 fileNameGp=../graphsdb/mcs90/rand/r02/mcs90_r02_s70.A44 fileNameGt=../graphsdb/mcs90/rand/r02/mcs90_r02_s70.B44
Reading graphs...
70 :  873
70 :  875
Initializing...
maxdom : 9
D->valSize : 352
Solving...
currentSize : 3 <-- 0.002790 s
currentSize : 10 <-- 0.002840 s
currentSize : 13 <-- 0.002957 s
currentSize : 40 <-- 0.003219 s
currentSize : 41 <-- 0.004607 s
currentSize : 42 <-- 0.042788 s
currentSize : 43 <-- 42.178009 s

maxsize : 43
nodes : 56056734.000000
filtered : 20400421.000000
time : 261.807373
