Parameters: GAD=1 vflib=1 dir=0 label=1 lowerbound=1 fileNameGp=../graphsdb/mcs90/rand/r01/mcs90_r01_s25.A67 fileNameGt=../graphsdb/mcs90/rand/r01/mcs90_r01_s25.B67
Reading graphs...
25 :  57
25 :  58
Initializing...
maxdom : 8
D->valSize : 161
Solving...
currentSize : 3 <-- 0.000806 s
currentSize : 6 <-- 0.000844 s
currentSize : 7 <-- 0.000931 s
currentSize : 14 <-- 0.000975 s
currentSize : 15 <-- 0.001056 s
currentSize : 22 <-- 0.001161 s

maxsize : 22
nodes : 147.000000
filtered : 832.000000
time : 0.001271
