Parameters: GAD=1 vflib=1 dir=0 label=1 lowerbound=1 fileNameGp=../graphsdb/mcs90/rand/r02/mcs90_r02_s50.A35 fileNameGt=../graphsdb/mcs90/rand/r02/mcs90_r02_s50.B35
Reading graphs...
50 :  436
50 :  437
Initializing...
maxdom : 12
D->valSize : 400
Solving...
currentSize : 5 <-- 0.002790 s
currentSize : 6 <-- 0.002838 s
currentSize : 18 <-- 0.003211 s
currentSize : 27 <-- 0.003951 s
currentSize : 30 <-- 0.006294 s
currentSize : 31 <-- 0.047987 s
currentSize : 32 <-- 0.229613 s
currentSize : 33 <-- 0.389754 s

maxsize : 33
nodes : 201989.000000
filtered : 108814.000000
time : 0.627364
