Parameters: GAD=1 vflib=1 dir=0 label=1 lowerbound=1 fileNameGp=../graphsdb/mcs90/bvg/b09m/mcs90_b09m_s25.A44 fileNameGt=../graphsdb/mcs90/bvg/b09m/mcs90_b09m_s25.B44
Reading graphs...
25 :  105
25 :  104
Initializing...
maxdom : 7
D->valSize : 163
Solving...
currentSize : 4 <-- 0.000761 s
currentSize : 6 <-- 0.000785 s
currentSize : 7 <-- 0.001028 s
currentSize : 13 <-- 0.001108 s
currentSize : 19 <-- 0.001396 s
currentSize : 21 <-- 0.001435 s

maxsize : 21
nodes : 237.000000
filtered : 2350.000000
time : 0.001645
