Parameters: GAD=1 vflib=1 dir=0 label=1 lowerbound=1 fileNameGp=../graphsdb/mcs90/rand/r02/mcs90_r02_s90.A00 fileNameGt=../graphsdb/mcs90/rand/r02/mcs90_r02_s90.B00
Reading graphs...
90 :  1427
90 :  1435
Initializing...
maxdom : 11
D->valSize : 590
Solving...
currentSize : 4 <-- 0.009655 s
currentSize : 17 <-- 0.009805 s
currentSize : 29 <-- 0.011075 s
currentSize : 49 <-- 0.015667 s
currentSize : 50 <-- 0.016082 s
currentSize : 51 <-- 0.017098 s
currentSize : 52 <-- 0.017570 s
currentSize : 53 <-- 59.348408 s
currentSize : 54 <-- 802.382874 s
currentSize : 55 <-- 1725.406250 s

maxsize : 55
nodes : 463745704.000000
filtered : 369890138.000000
time : 2755.728271
