Parameters: GAD=1 vflib=1 dir=0 label=1 lowerbound=1 fileNameGp=../graphsdb/mcs90/rand/r02/mcs90_r02_s60.A02 fileNameGt=../graphsdb/mcs90/rand/r02/mcs90_r02_s60.B02
Reading graphs...
60 :  633
60 :  633
Initializing...
maxdom : 7
D->valSize : 268
Solving...
currentSize : 3 <-- 0.001834 s
currentSize : 37 <-- 0.002046 s
currentSize : 38 <-- 0.002171 s
currentSize : 39 <-- 0.002418 s
currentSize : 40 <-- 0.003689 s
currentSize : 41 <-- 0.013492 s
currentSize : 42 <-- 0.061781 s

maxsize : 42
nodes : 548766.000000
filtered : 238346.000000
time : 2.370321
