Parameters: GAD=1 vflib=1 dir=0 label=1 lowerbound=1 fileNameGp=../graphsdb/mcs90/rand/r02/mcs90_r02_s90.A91 fileNameGt=../graphsdb/mcs90/rand/r02/mcs90_r02_s90.B91
Reading graphs...
90 :  1440
90 :  1453
Initializing...
maxdom : 9
D->valSize : 565
Solving...
currentSize : 4 <-- 0.005955 s
currentSize : 5 <-- 0.006034 s
currentSize : 10 <-- 0.006224 s
currentSize : 13 <-- 0.006554 s
currentSize : 17 <-- 0.007294 s
currentSize : 27 <-- 0.008812 s
currentSize : 28 <-- 0.009224 s
currentSize : 51 <-- 0.014615 s
currentSize : 52 <-- 0.016357 s
currentSize : 53 <-- 24.496866 s
currentSize : 54 <-- 704.835022 s

TIMEOUT
maxsize : 54
nodes : 559627461.000000
filtered : 175738689.000000
time : 3600.000000
