Parameters: GAD=1 vflib=1 dir=0 label=1 lowerbound=1 fileNameGp=../graphsdb/mcs90/rand/r02/mcs90_r02_s80.A81 fileNameGt=../graphsdb/mcs90/rand/r02/mcs90_r02_s80.B81
Reading graphs...
80 :  1134
80 :  1137
Initializing...
maxdom : 11
D->valSize : 476
Solving...
currentSize : 5 <-- 0.006691 s
currentSize : 11 <-- 0.006789 s
currentSize : 16 <-- 0.007198 s
currentSize : 42 <-- 0.008715 s
currentSize : 43 <-- 0.011123 s
currentSize : 44 <-- 2.460638 s
currentSize : 45 <-- 183.261139 s
currentSize : 46 <-- 347.865692 s
currentSize : 47 <-- 681.562988 s
currentSize : 48 <-- 682.067993 s
currentSize : 49 <-- 697.939697 s

maxsize : 49
nodes : 420276339.000000
filtered : 187338240.000000
time : 2197.328125
