Parameters: GAD=1 vflib=1 dir=0 label=1 lowerbound=1 fileNameGp=../graphsdb/mcs90/bvg/b09/mcs90_b09_s25.A84 fileNameGt=../graphsdb/mcs90/bvg/b09/mcs90_b09_s25.B84
Reading graphs...
25 :  112
25 :  112
Initializing...
maxdom : 8
D->valSize : 160
Solving...
currentSize : 4 <-- 0.000770 s
currentSize : 5 <-- 0.000830 s
currentSize : 6 <-- 0.000866 s
currentSize : 7 <-- 0.000994 s
currentSize : 8 <-- 0.001137 s
currentSize : 10 <-- 0.001499 s
currentSize : 15 <-- 0.001572 s
currentSize : 22 <-- 0.001711 s

maxsize : 22
nodes : 343.000000
filtered : 2720.000000
time : 0.001830
