Parameters: GAD=1 vflib=1 dir=0 label=1 lowerbound=1 fileNameGp=../graphsdb/mcs90/rand/r01/mcs90_r01_s100.A68 fileNameGt=../graphsdb/mcs90/rand/r01/mcs90_r01_s100.B68
Reading graphs...
100 :  934
100 :  932
Initializing...
maxdom : 9
D->valSize : 420
Solving...
currentSize : 3 <-- 0.004029 s
currentSize : 69 <-- 0.004447 s
currentSize : 71 <-- 0.018675 s
currentSize : 72 <-- 0.245441 s
currentSize : 73 <-- 2.557122 s
currentSize : 74 <-- 3.069980 s

maxsize : 74
nodes : 473350735.000000
filtered : 151454540.000000
time : 2693.755371
