Parameters: GAD=1 vflib=1 dir=0 label=1 lowerbound=1 fileNameGp=../graphsdb/mcs90/bvg/b06m/mcs90_b06m_s25.A35 fileNameGt=../graphsdb/mcs90/bvg/b06m/mcs90_b06m_s25.B35
Reading graphs...
25 :  69
25 :  69
Initializing...
maxdom : 8
D->valSize : 166
Solving...
currentSize : 3 <-- 0.000803 s
currentSize : 4 <-- 0.000823 s
currentSize : 5 <-- 0.000832 s
currentSize : 6 <-- 0.000846 s
currentSize : 18 <-- 0.000973 s
currentSize : 19 <-- 0.001021 s

maxsize : 19
nodes : 333.000000
filtered : 2368.000000
time : 0.001791
