Parameters: GAD=1 vflib=1 dir=0 label=1 lowerbound=1 fileNameGp=../graphsdb/mcs90/rand/r01/mcs90_r01_s15.A08 fileNameGt=../graphsdb/mcs90/rand/r01/mcs90_r01_s15.B08
Reading graphs...
15 :  20
15 :  20
Initializing...
maxdom : 9
D->valSize : 120
Solving...
currentSize : 2 <-- 0.000543 s
currentSize : 3 <-- 0.000566 s
currentSize : 4 <-- 0.000603 s
currentSize : 6 <-- 0.000632 s
currentSize : 10 <-- 0.000671 s
currentSize : 11 <-- 0.000809 s
currentSize : 13 <-- 0.000852 s

maxsize : 13
nodes : 152.000000
filtered : 776.000000
time : 0.000908
