Parameters: GAD=1 vflib=1 dir=0 label=1 lowerbound=1 fileNameGp=../graphsdb/mcs90/rand/r02/mcs90_r02_s80.A38 fileNameGt=../graphsdb/mcs90/rand/r02/mcs90_r02_s80.B38
Reading graphs...
80 :  1133
80 :  1136
Initializing...
maxdom : 11
D->valSize : 452
Solving...
currentSize : 14 <-- 0.006193 s
currentSize : 21 <-- 0.007613 s
currentSize : 48 <-- 0.014868 s
currentSize : 49 <-- 0.015253 s
currentSize : 50 <-- 0.080228 s
currentSize : 51 <-- 3.206231 s
currentSize : 52 <-- 22.825603 s

maxsize : 52
nodes : 53572615.000000
filtered : 24329051.000000
time : 286.045044
