Parameters: GAD=1 vflib=1 dir=0 label=1 lowerbound=1 fileNameGp=../graphsdb/mcs90/bvg/b03/mcs90_b03_s15.A16 fileNameGt=../graphsdb/mcs90/bvg/b03/mcs90_b03_s15.B16
Reading graphs...
15 :  22
15 :  22
Initializing...
maxdom : 8
D->valSize : 113
Solving...
currentSize : 1 <-- 0.000458 s
currentSize : 3 <-- 0.000483 s
currentSize : 7 <-- 0.000499 s
currentSize : 8 <-- 0.000667 s
currentSize : 9 <-- 0.000673 s
currentSize : 10 <-- 0.001019 s
currentSize : 11 <-- 0.001184 s
currentSize : 13 <-- 0.001216 s

maxsize : 13
nodes : 350.000000
filtered : 2306.000000
time : 0.001252
