Parameters: GAD=1 vflib=1 dir=0 label=1 lowerbound=1 fileNameGp=../graphsdb/mcs90/bvg/b06/mcs90_b06_s15.A79 fileNameGt=../graphsdb/mcs90/bvg/b06/mcs90_b06_s15.B79
Reading graphs...
15 :  45
15 :  44
Initializing...
maxdom : 9
D->valSize : 120
Solving...
currentSize : 5 <-- 0.000519 s
currentSize : 6 <-- 0.000586 s
currentSize : 8 <-- 0.000901 s
currentSize : 9 <-- 0.000982 s
currentSize : 10 <-- 0.001109 s
currentSize : 13 <-- 0.001227 s

maxsize : 13
nodes : 302.000000
filtered : 1786.000000
time : 0.001279
