Parameters: GAD=1 vflib=1 dir=0 label=1 lowerbound=1 fileNameGp=../graphsdb/mcs90/rand/r02/mcs90_r02_s40.A58 fileNameGt=../graphsdb/mcs90/rand/r02/mcs90_r02_s40.B58
Reading graphs...
40 :  279
40 :  282
Initializing...
maxdom : 7
D->valSize : 206
Solving...
currentSize : 4 <-- 0.001051 s
currentSize : 5 <-- 0.001073 s
currentSize : 7 <-- 0.001142 s
currentSize : 9 <-- 0.001232 s
currentSize : 12 <-- 0.001329 s
currentSize : 19 <-- 0.001394 s
currentSize : 28 <-- 0.001783 s
currentSize : 29 <-- 0.001925 s

maxsize : 29
nodes : 3986.000000
filtered : 12486.000000
time : 0.013169
