Parameters: GAD=1 vflib=1 dir=0 label=1 lowerbound=1 fileNameGp=../graphsdb/mcs90/rand/r02/mcs90_r02_s50.A60 fileNameGt=../graphsdb/mcs90/rand/r02/mcs90_r02_s50.B60
Reading graphs...
50 :  436
50 :  433
Initializing...
maxdom : 12
D->valSize : 352
Solving...
currentSize : 8 <-- 0.002267 s
currentSize : 10 <-- 0.002317 s
currentSize : 12 <-- 0.002461 s
currentSize : 16 <-- 0.002981 s
currentSize : 34 <-- 0.003956 s
currentSize : 35 <-- 0.030005 s

maxsize : 35
nodes : 69079.000000
filtered : 76652.000000
time : 0.245230
