Parameters: GAD=1 vflib=1 dir=0 label=1 lowerbound=1 fileNameGp=../graphsdb/mcs90/rand/r02/mcs90_r02_s60.A47 fileNameGt=../graphsdb/mcs90/rand/r02/mcs90_r02_s60.B47
Reading graphs...
60 :  631
60 :  627
Initializing...
maxdom : 8
D->valSize : 302
Solving...
currentSize : 4 <-- 0.002072 s
currentSize : 5 <-- 0.002094 s
currentSize : 6 <-- 0.002113 s
currentSize : 9 <-- 0.002154 s
currentSize : 20 <-- 0.002498 s
currentSize : 36 <-- 0.006048 s
currentSize : 37 <-- 0.006131 s
currentSize : 38 <-- 0.008326 s

maxsize : 38
nodes : 3941428.000000
filtered : 2031722.000000
time : 16.041275
