Parameters: GAD=1 vflib=1 dir=0 label=1 lowerbound=1 fileNameGp=../graphsdb/mcs90/rand/r02/mcs90_r02_s25.A06 fileNameGt=../graphsdb/mcs90/rand/r02/mcs90_r02_s25.B06
Reading graphs...
25 :  105
25 :  103
Initializing...
maxdom : 10
D->valSize : 169
Solving...
currentSize : 5 <-- 0.000771 s
currentSize : 7 <-- 0.000842 s
currentSize : 9 <-- 0.000956 s
currentSize : 11 <-- 0.001078 s
currentSize : 16 <-- 0.001120 s
currentSize : 17 <-- 0.001289 s

maxsize : 17
nodes : 578.000000
filtered : 5479.000000
time : 0.002571
