Parameters: GAD=1 vflib=1 dir=0 label=1 lowerbound=1 fileNameGp=../graphsdb/mcs90/bvg/b06/mcs90_b06_s10.A55 fileNameGt=../graphsdb/mcs90/bvg/b06/mcs90_b06_s10.B55
Reading graphs...
10 :  30
10 :  30
Initializing...
maxdom : 6
D->valSize : 52
Solving...
currentSize : 2 <-- 0.000365 s
currentSize : 3 <-- 0.000377 s
currentSize : 4 <-- 0.000401 s
currentSize : 5 <-- 0.000448 s
currentSize : 6 <-- 0.000482 s
currentSize : 9 <-- 0.000501 s

maxsize : 9
nodes : 80.000000
filtered : 261.000000
time : 0.000527
