Parameters: GAD=1 vflib=1 dir=0 label=1 lowerbound=1 fileNameGp=../graphsdb/mcs90/rand/r02/mcs90_r02_s80.A35 fileNameGt=../graphsdb/mcs90/rand/r02/mcs90_r02_s80.B35
Reading graphs...
80 :  1130
80 :  1125
Initializing...
maxdom : 11
D->valSize : 491
Solving...
currentSize : 45 <-- 0.007253 s
currentSize : 47 <-- 0.010994 s
currentSize : 48 <-- 0.017053 s
currentSize : 49 <-- 0.088202 s
currentSize : 50 <-- 0.326673 s
currentSize : 51 <-- 1.146340 s
currentSize : 52 <-- 1.599347 s

maxsize : 52
nodes : 57293803.000000
filtered : 37199186.000000
time : 307.539093
