Parameters: GAD=1 vflib=1 dir=0 label=1 lowerbound=1 fileNameGp=../graphsdb/mcs90/rand/r02/mcs90_r02_s35.A45 fileNameGt=../graphsdb/mcs90/rand/r02/mcs90_r02_s35.B45
Reading graphs...
35 :  204
35 :  207
Initializing...
maxdom : 7
D->valSize : 169
Solving...
currentSize : 4 <-- 0.000845 s
currentSize : 5 <-- 0.000863 s
currentSize : 7 <-- 0.000874 s
currentSize : 9 <-- 0.001010 s
currentSize : 11 <-- 0.001027 s
currentSize : 26 <-- 0.001372 s

maxsize : 26
nodes : 669.000000
filtered : 4161.000000
time : 0.003074
