Parameters: GAD=1 vflib=1 dir=0 label=1 lowerbound=1 fileNameGp=../graphsdb/mcs90/rand/r02/mcs90_r02_s70.A24 fileNameGt=../graphsdb/mcs90/rand/r02/mcs90_r02_s70.B24
Reading graphs...
70 :  874
70 :  868
Initializing...
maxdom : 8
D->valSize : 376
Solving...
currentSize : 40 <-- 0.003403 s
currentSize : 41 <-- 0.034531 s
currentSize : 42 <-- 0.088673 s
currentSize : 43 <-- 0.151775 s
currentSize : 44 <-- 0.388265 s
currentSize : 45 <-- 0.457664 s
currentSize : 46 <-- 2.835244 s

maxsize : 46
nodes : 6851616.000000
filtered : 2103787.000000
time : 31.876846
