Parameters: GAD=1 vflib=1 dir=0 label=1 lowerbound=1 fileNameGp=../graphsdb/mcs90/rand/r02/mcs90_r02_s25.A35 fileNameGt=../graphsdb/mcs90/rand/r02/mcs90_r02_s25.B35
Reading graphs...
25 :  112
25 :  109
Initializing...
maxdom : 10
D->valSize : 205
Solving...
currentSize : 5 <-- 0.001020 s
currentSize : 6 <-- 0.001060 s
currentSize : 9 <-- 0.001823 s
currentSize : 10 <-- 0.002210 s
currentSize : 11 <-- 0.002316 s
currentSize : 12 <-- 0.002749 s
currentSize : 20 <-- 0.003092 s

maxsize : 20
nodes : 596.000000
filtered : 6508.000000
time : 0.003246
