Parameters: GAD=1 vflib=1 dir=0 label=1 lowerbound=1 fileNameGp=../graphsdb/mcs90/rand/r02/mcs90_r02_s90.A34 fileNameGt=../graphsdb/mcs90/rand/r02/mcs90_r02_s90.B34
Reading graphs...
90 :  1441
90 :  1438
Initializing...
maxdom : 14
D->valSize : 643
Solving...
currentSize : 2 <-- 0.007001 s
currentSize : 5 <-- 0.007062 s
currentSize : 12 <-- 0.007265 s
currentSize : 13 <-- 0.007573 s
currentSize : 15 <-- 0.008620 s
currentSize : 16 <-- 0.008733 s
currentSize : 27 <-- 0.009171 s
currentSize : 28 <-- 0.009630 s
currentSize : 45 <-- 0.296128 s
currentSize : 47 <-- 1.994596 s
currentSize : 48 <-- 6.217143 s
currentSize : 49 <-- 56.005245 s
currentSize : 50 <-- 541.112244 s

TIMEOUT
maxsize : 50
nodes : 579014920.000000
filtered : 296002544.000000
time : 3600.000000
