Parameters: GAD=1 vflib=1 dir=0 label=1 lowerbound=1 fileNameGp=../graphsdb/mcs90/rand/r02/mcs90_r02_s25.A79 fileNameGt=../graphsdb/mcs90/rand/r02/mcs90_r02_s25.B79
Reading graphs...
25 :  109
25 :  109
Initializing...
maxdom : 10
D->valSize : 185
Solving...
currentSize : 3 <-- 0.000820 s
currentSize : 5 <-- 0.000848 s
currentSize : 6 <-- 0.000929 s
currentSize : 7 <-- 0.000936 s
currentSize : 8 <-- 0.001076 s
currentSize : 9 <-- 0.001313 s
currentSize : 13 <-- 0.001341 s
currentSize : 17 <-- 0.001390 s
currentSize : 18 <-- 0.001526 s

maxsize : 18
nodes : 502.000000
filtered : 5172.000000
time : 0.002397
