Parameters: GAD=1 vflib=1 dir=0 label=1 lowerbound=1 fileNameGp=../graphsdb/mcs90/rand/r02/mcs90_r02_s100.A49 fileNameGt=../graphsdb/mcs90/rand/r02/mcs90_r02_s100.B49
Reading graphs...
100 :  1799
100 :  1794
Initializing...
maxdom : 7
D->valSize : 398
Solving...
currentSize : 52 <-- 0.004304 s
currentSize : 53 <-- 0.040829 s
currentSize : 54 <-- 1.993064 s
currentSize : 55 <-- 10.722451 s
currentSize : 56 <-- 28.616867 s
currentSize : 57 <-- 85.758751 s
currentSize : 58 <-- 210.631317 s
currentSize : 59 <-- 237.958771 s
currentSize : 60 <-- 326.472504 s

TIMEOUT
maxsize : 60
nodes : 507572009.000000
filtered : 197293432.000000
time : 3600.000000
