Parameters: GAD=1 vflib=1 dir=0 label=1 lowerbound=1 fileNameGp=../graphsdb/mcs90/rand/r02/mcs90_r02_s50.A74 fileNameGt=../graphsdb/mcs90/rand/r02/mcs90_r02_s50.B74
Reading graphs...
50 :  447
50 :  447
Initializing...
maxdom : 11
D->valSize : 385
Solving...
currentSize : 5 <-- 0.002602 s
currentSize : 6 <-- 0.002638 s
currentSize : 8 <-- 0.002716 s
currentSize : 10 <-- 0.003165 s
currentSize : 11 <-- 0.003373 s
currentSize : 19 <-- 0.003564 s
currentSize : 20 <-- 0.004231 s
currentSize : 38 <-- 0.004377 s

maxsize : 38
nodes : 4778.000000
filtered : 20805.000000
time : 0.021324
