Parameters: GAD=1 vflib=1 dir=0 label=1 lowerbound=1 fileNameGp=../graphsdb/mcs90/rand/r02/mcs90_r02_s50.A89 fileNameGt=../graphsdb/mcs90/rand/r02/mcs90_r02_s50.B89
Reading graphs...
50 :  451
50 :  445
Initializing...
maxdom : 10
D->valSize : 343
Solving...
currentSize : 5 <-- 0.002275 s
currentSize : 6 <-- 0.002295 s
currentSize : 9 <-- 0.002555 s
currentSize : 14 <-- 0.002879 s
currentSize : 15 <-- 0.003151 s
currentSize : 16 <-- 0.003713 s
currentSize : 37 <-- 0.004661 s
currentSize : 38 <-- 0.004734 s
currentSize : 39 <-- 0.011428 s

maxsize : 39
nodes : 3454.000000
filtered : 16686.000000
time : 0.015785
