Parameters: GAD=1 vflib=1 dir=0 label=1 lowerbound=1 fileNameGp=../graphsdb/mcs90/rand/r02/mcs90_r02_s100.A53 fileNameGt=../graphsdb/mcs90/rand/r02/mcs90_r02_s100.B53
Reading graphs...
100 :  1776
100 :  1765
Initializing...
maxdom : 7
D->valSize : 399
Solving...
currentSize : 46 <-- 0.004379 s
currentSize : 47 <-- 0.004636 s
currentSize : 48 <-- 0.037269 s
currentSize : 49 <-- 0.037563 s
currentSize : 50 <-- 180.143585 s
currentSize : 51 <-- 607.016785 s
currentSize : 52 <-- 819.906006 s

TIMEOUT
maxsize : 52
nodes : 518470973.000000
filtered : 345224610.000000
time : 3600.000000
