Parameters: GAD=1 vflib=1 dir=0 label=1 lowerbound=1 fileNameGp=../graphsdb/mcs90/rand/r02/mcs90_r02_s15.A23 fileNameGt=../graphsdb/mcs90/rand/r02/mcs90_r02_s15.B23
Reading graphs...
15 :  37
15 :  36
Initializing...
maxdom : 8
D->valSize : 114
Solving...
currentSize : 4 <-- 0.000575 s
currentSize : 5 <-- 0.000606 s
currentSize : 6 <-- 0.000628 s
currentSize : 7 <-- 0.000919 s
currentSize : 9 <-- 0.001123 s
currentSize : 13 <-- 0.002072 s

maxsize : 13
nodes : 507.000000
filtered : 4094.000000
time : 0.002117
