Parameters: GAD=1 vflib=1 dir=0 label=1 lowerbound=1 fileNameGp=../graphsdb/mcs90/rand/r02/mcs90_r02_s80.A22 fileNameGt=../graphsdb/mcs90/rand/r02/mcs90_r02_s80.B22
Reading graphs...
80 :  1148
80 :  1154
Initializing...
maxdom : 8
D->valSize : 442
Solving...
currentSize : 47 <-- 0.006383 s
currentSize : 48 <-- 0.006661 s
currentSize : 49 <-- 0.007610 s
currentSize : 50 <-- 0.032917 s
currentSize : 51 <-- 0.451967 s
currentSize : 52 <-- 0.464931 s
currentSize : 53 <-- 42.878944 s

maxsize : 53
nodes : 60611046.000000
filtered : 28490619.000000
time : 329.704102
