Parameters: GAD=1 vflib=1 dir=0 label=1 lowerbound=1 fileNameGp=../graphsdb/mcs90/rand/r02/mcs90_r02_s70.A91 fileNameGt=../graphsdb/mcs90/rand/r02/mcs90_r02_s70.B91
Reading graphs...
70 :  871
70 :  874
Initializing...
maxdom : 10
D->valSize : 380
Solving...
currentSize : 11 <-- 0.002924 s
currentSize : 41 <-- 0.003324 s
currentSize : 42 <-- 0.010342 s
currentSize : 43 <-- 0.031150 s
currentSize : 44 <-- 0.070798 s
currentSize : 45 <-- 0.133550 s

maxsize : 45
nodes : 1231852.000000
filtered : 791894.000000
time : 5.682103
