Parameters: GAD=1 vflib=1 dir=0 label=1 lowerbound=1 fileNameGp=../graphsdb/mcs90/bvg/b09/mcs90_b09_s15.A76 fileNameGt=../graphsdb/mcs90/bvg/b09/mcs90_b09_s15.B76
Reading graphs...
15 :  66
15 :  66
Initializing...
maxdom : 10
D->valSize : 115
Solving...
currentSize : 3 <-- 0.000423 s
currentSize : 4 <-- 0.000435 s
currentSize : 5 <-- 0.000440 s
currentSize : 6 <-- 0.000741 s
currentSize : 7 <-- 0.001571 s
currentSize : 8 <-- 0.002041 s
currentSize : 12 <-- 0.002093 s

maxsize : 12
nodes : 669.000000
filtered : 4856.000000
time : 0.002129
