Parameters: GAD=1 vflib=1 dir=0 label=1 lowerbound=1 fileNameGp=../graphsdb/mcs90/rand/r02/mcs90_r02_s60.A33 fileNameGt=../graphsdb/mcs90/rand/r02/mcs90_r02_s60.B33
Reading graphs...
60 :  629
60 :  628
Initializing...
maxdom : 6
D->valSize : 264
Solving...
currentSize : 33 <-- 0.001872 s
currentSize : 34 <-- 0.010175 s
currentSize : 35 <-- 0.196431 s
currentSize : 36 <-- 0.217029 s
currentSize : 37 <-- 0.270915 s
currentSize : 38 <-- 1.774577 s

maxsize : 38
nodes : 4099983.000000
filtered : 1114558.000000
time : 15.744030
