Parameters: GAD=1 vflib=1 dir=0 label=1 lowerbound=1 fileNameGp=../graphsdb/mcs90/bvg/b03/mcs90_b03_s10.A32 fileNameGt=../graphsdb/mcs90/bvg/b03/mcs90_b03_s10.B32
Reading graphs...
10 :  15
10 :  15
Initializing...
maxdom : 7
D->valSize : 58
Solving...
currentSize : 1 <-- 0.000325 s
currentSize : 3 <-- 0.000341 s
currentSize : 4 <-- 0.000346 s
currentSize : 5 <-- 0.000360 s
currentSize : 6 <-- 0.000407 s
currentSize : 8 <-- 0.000441 s

maxsize : 8
nodes : 70.000000
filtered : 314.000000
time : 0.000464
