Parameters: GAD=1 vflib=1 dir=0 label=1 lowerbound=1 fileNameGp=../graphsdb/mcs90/bvg/b09m/mcs90_b09m_s15.A14 fileNameGt=../graphsdb/mcs90/bvg/b09m/mcs90_b09m_s15.B14
Reading graphs...
15 :  62
15 :  61
Initializing...
maxdom : 8
D->valSize : 112
Solving...
currentSize : 3 <-- 0.000545 s
currentSize : 4 <-- 0.000561 s
currentSize : 5 <-- 0.000600 s
currentSize : 7 <-- 0.000814 s
currentSize : 8 <-- 0.000947 s
currentSize : 11 <-- 0.001199 s

maxsize : 11
nodes : 304.000000
filtered : 3275.000000
time : 0.001504
