Parameters: GAD=1 vflib=1 dir=0 label=1 lowerbound=1 fileNameGp=../graphsdb/mcs90/rand/r02/mcs90_r02_s90.A18 fileNameGt=../graphsdb/mcs90/rand/r02/mcs90_r02_s90.B18
Reading graphs...
90 :  1441
90 :  1445
Initializing...
maxdom : 10
D->valSize : 559
Solving...
currentSize : 5 <-- 0.006087 s
currentSize : 7 <-- 0.006130 s
currentSize : 8 <-- 0.006240 s
currentSize : 16 <-- 0.006557 s
currentSize : 23 <-- 0.007464 s
currentSize : 25 <-- 0.007742 s
currentSize : 26 <-- 0.008652 s
currentSize : 32 <-- 0.011174 s
currentSize : 33 <-- 0.016477 s
currentSize : 51 <-- 0.081163 s
currentSize : 52 <-- 0.081380 s
currentSize : 53 <-- 0.149298 s
currentSize : 54 <-- 0.759758 s
currentSize : 55 <-- 2.754073 s
currentSize : 56 <-- 4.150759 s
currentSize : 57 <-- 20.597149 s

maxsize : 57
nodes : 120446911.000000
filtered : 36878180.000000
time : 723.580200
