Parameters: GAD=1 vflib=1 dir=0 label=1 lowerbound=1 fileNameGp=../graphsdb/mcs90/rand/r02/mcs90_r02_s50.A05 fileNameGt=../graphsdb/mcs90/rand/r02/mcs90_r02_s50.B05
Reading graphs...
50 :  439
50 :  437
Initializing...
maxdom : 10
D->valSize : 351
Solving...
currentSize : 5 <-- 0.002384 s
currentSize : 10 <-- 0.002503 s
currentSize : 12 <-- 0.002667 s
currentSize : 14 <-- 0.002977 s
currentSize : 35 <-- 0.003403 s
currentSize : 37 <-- 0.003719 s

maxsize : 37
nodes : 23833.000000
filtered : 29335.000000
time : 0.084506
