Parameters: GAD=1 vflib=1 dir=0 label=1 lowerbound=1 fileNameGp=../graphsdb/mcs90/rand/r02/mcs90_r02_s80.A50 fileNameGt=../graphsdb/mcs90/rand/r02/mcs90_r02_s80.B50
Reading graphs...
80 :  1121
80 :  1134
Initializing...
maxdom : 9
D->valSize : 452
Solving...
currentSize : 5 <-- 0.004014 s
currentSize : 17 <-- 0.004215 s
currentSize : 39 <-- 0.005003 s
currentSize : 41 <-- 0.008727 s
currentSize : 42 <-- 0.016168 s
currentSize : 43 <-- 1.234839 s
currentSize : 44 <-- 1.246801 s
currentSize : 45 <-- 1.247864 s

maxsize : 45
nodes : 303182963.000000
filtered : 157135373.000000
time : 1606.152710
