Parameters: GAD=1 vflib=1 dir=0 label=1 lowerbound=1 fileNameGp=../graphsdb/mcs90/bvg/b06m/mcs90_b06m_s15.A00 fileNameGt=../graphsdb/mcs90/bvg/b06m/mcs90_b06m_s15.B00
Reading graphs...
15 :  45
15 :  45
Initializing...
maxdom : 9
D->valSize : 117
Solving...
currentSize : 4 <-- 0.000510 s
currentSize : 5 <-- 0.000525 s
currentSize : 6 <-- 0.000581 s
currentSize : 7 <-- 0.000848 s
currentSize : 8 <-- 0.000876 s
currentSize : 13 <-- 0.001171 s

maxsize : 13
nodes : 256.000000
filtered : 1987.000000
time : 0.001283
