Parameters: GAD=1 vflib=1 dir=0 label=1 lowerbound=1 fileNameGp=../graphsdb/mcs90/rand/r02/mcs90_r02_s100.A66 fileNameGt=../graphsdb/mcs90/rand/r02/mcs90_r02_s100.B66
Reading graphs...
100 :  1779
100 :  1781
Initializing...
maxdom : 6
D->valSize : 373
Solving...
currentSize : 28 <-- 0.003856 s
currentSize : 48 <-- 0.044997 s
currentSize : 49 <-- 0.137555 s
currentSize : 50 <-- 0.317075 s
currentSize : 51 <-- 2.148877 s
currentSize : 52 <-- 7.041065 s
currentSize : 53 <-- 181.371948 s

TIMEOUT
maxsize : 53
nodes : 495420693.000000
filtered : 296904388.000000
time : 3600.000000
