Parameters: GAD=1 vflib=1 dir=0 label=1 lowerbound=1 fileNameGp=../graphsdb/mcs90/rand/r02/mcs90_r02_s90.A25 fileNameGt=../graphsdb/mcs90/rand/r02/mcs90_r02_s90.B25
Reading graphs...
90 :  1434
90 :  1427
Initializing...
maxdom : 13
D->valSize : 623
Solving...
currentSize : 45 <-- 0.010819 s
currentSize : 46 <-- 0.011221 s
currentSize : 47 <-- 0.026340 s
currentSize : 48 <-- 0.070489 s
currentSize : 49 <-- 20.708921 s
currentSize : 50 <-- 142.402222 s
currentSize : 51 <-- 184.936569 s
currentSize : 52 <-- 645.350525 s

TIMEOUT
maxsize : 52
nodes : 582507270.000000
filtered : 184787832.000000
time : 3600.000000
