Parameters: GAD=1 vflib=1 dir=0 label=1 lowerbound=1 fileNameGp=../graphsdb/mcs90/rand/r02/mcs90_r02_s35.A33 fileNameGt=../graphsdb/mcs90/rand/r02/mcs90_r02_s35.B33
Reading graphs...
35 :  213
35 :  214
Initializing...
maxdom : 7
D->valSize : 168
Solving...
currentSize : 1 <-- 0.000793 s
currentSize : 4 <-- 0.000824 s
currentSize : 7 <-- 0.000891 s
currentSize : 8 <-- 0.000898 s
currentSize : 11 <-- 0.000956 s
currentSize : 12 <-- 0.000976 s
currentSize : 21 <-- 0.001186 s
currentSize : 23 <-- 0.001981 s
currentSize : 24 <-- 0.005360 s

maxsize : 24
nodes : 4830.000000
filtered : 7965.000000
time : 0.013612
