Parameters: GAD=1 vflib=1 dir=0 label=1 lowerbound=1 fileNameGp=../graphsdb/mcs90/rand/r02/mcs90_r02_s50.A73 fileNameGt=../graphsdb/mcs90/rand/r02/mcs90_r02_s50.B73
Reading graphs...
50 :  436
50 :  436
Initializing...
maxdom : 10
D->valSize : 337
Solving...
currentSize : 6 <-- 0.002215 s
currentSize : 7 <-- 0.002256 s
currentSize : 8 <-- 0.002322 s
currentSize : 12 <-- 0.002679 s
currentSize : 16 <-- 0.004085 s
currentSize : 32 <-- 0.005510 s
currentSize : 33 <-- 0.014240 s
currentSize : 34 <-- 0.014528 s
currentSize : 35 <-- 0.039927 s

maxsize : 35
nodes : 37045.000000
filtered : 58204.000000
time : 0.133805
