Parameters: GAD=1 vflib=1 dir=0 label=1 lowerbound=1 fileNameGp=../graphsdb/mcs90/bvg/b03m/mcs90_b03m_s15.A94 fileNameGt=../graphsdb/mcs90/bvg/b03m/mcs90_b03m_s15.B94
Reading graphs...
15 :  22
15 :  22
Initializing...
maxdom : 9
D->valSize : 114
Solving...
currentSize : 5 <-- 0.000522 s
currentSize : 6 <-- 0.000602 s
currentSize : 8 <-- 0.000660 s
currentSize : 9 <-- 0.000690 s
currentSize : 10 <-- 0.000849 s
currentSize : 12 <-- 0.000946 s

maxsize : 12
nodes : 179.000000
filtered : 1384.000000
time : 0.000994
