Parameters: GAD=1 vflib=1 dir=0 label=1 lowerbound=1 fileNameGp=../graphsdb/mcs90/rand/r02/mcs90_r02_s100.A07 fileNameGt=../graphsdb/mcs90/rand/r02/mcs90_r02_s100.B07
Reading graphs...
100 :  1763
100 :  1768
Initializing...
maxdom : 8
D->valSize : 385
Solving...
currentSize : 45 <-- 0.003835 s
currentSize : 48 <-- 0.024895 s
currentSize : 49 <-- 0.131106 s
currentSize : 50 <-- 1.901049 s
currentSize : 51 <-- 7.324756 s
currentSize : 52 <-- 460.665802 s
currentSize : 53 <-- 542.194885 s
currentSize : 54 <-- 2267.768555 s

TIMEOUT
maxsize : 54
nodes : 518884847.000000
filtered : 291023956.000000
time : 3600.000244
