Parameters: GAD=1 vflib=1 dir=0 label=1 lowerbound=1 fileNameGp=../graphsdb/mcs90/bvg/b06/mcs90_b06_s15.A59 fileNameGt=../graphsdb/mcs90/bvg/b06/mcs90_b06_s15.B59
Reading graphs...
15 :  44
15 :  45
Initializing...
maxdom : 8
D->valSize : 111
Solving...
currentSize : 2 <-- 0.000428 s
currentSize : 4 <-- 0.000443 s
currentSize : 5 <-- 0.000460 s
currentSize : 6 <-- 0.000494 s
currentSize : 8 <-- 0.000633 s
currentSize : 10 <-- 0.000971 s
currentSize : 13 <-- 0.001074 s

maxsize : 13
nodes : 267.000000
filtered : 1801.000000
time : 0.001117
