Parameters: GAD=1 vflib=1 dir=0 label=1 lowerbound=1 fileNameGp=../graphsdb/mcs90/rand/r02/mcs90_r02_s25.A94 fileNameGt=../graphsdb/mcs90/rand/r02/mcs90_r02_s25.B94
Reading graphs...
25 :  108
25 :  106
Initializing...
maxdom : 8
D->valSize : 166
Solving...
currentSize : 3 <-- 0.000812 s
currentSize : 4 <-- 0.000830 s
currentSize : 5 <-- 0.000875 s
currentSize : 6 <-- 0.000959 s
currentSize : 10 <-- 0.001214 s
currentSize : 11 <-- 0.001306 s
currentSize : 20 <-- 0.001642 s

maxsize : 20
nodes : 346.000000
filtered : 2904.000000
time : 0.001944
