Parameters: GAD=1 vflib=1 dir=0 label=1 lowerbound=1 fileNameGp=../graphsdb/mcs90/rand/r02/mcs90_r02_s15.A12 fileNameGt=../graphsdb/mcs90/rand/r02/mcs90_r02_s15.B12
Reading graphs...
15 :  37
15 :  36
Initializing...
maxdom : 8
D->valSize : 112
Solving...
currentSize : 4 <-- 0.000546 s
currentSize : 5 <-- 0.000559 s
currentSize : 6 <-- 0.000641 s
currentSize : 7 <-- 0.000798 s
currentSize : 9 <-- 0.000925 s
currentSize : 11 <-- 0.001085 s
currentSize : 12 <-- 0.001121 s

maxsize : 12
nodes : 307.000000
filtered : 2129.000000
time : 0.001273
