Parameters: GAD=1 vflib=1 dir=0 label=1 lowerbound=1 fileNameGp=../graphsdb/mcs10/rand/r02/mcs10_r02_s70.A61 fileNameGt=../graphsdb/mcs10/rand/r02/mcs10_r02_s70.B61
Reading graphs...
70 :  863
70 :  862
Initializing...
maxdom : 9
D->valSize : 317
Solving...
currentSize : 3 <-- 0.002328 s
currentSize : 4 <-- 0.002356 s
currentSize : 5 <-- 0.003221 s
currentSize : 6 <-- 0.006312 s
currentSize : 7 <-- 0.007976 s
currentSize : 8 <-- 0.011820 s

maxsize : 8
nodes : 2018.000000
filtered : 52829.000000
time : 0.015200
