Parameters: GAD=1 vflib=1 dir=0 label=1 lowerbound=1 fileNameGp=../graphsdb/mcs10/rand/r02/mcs10_r02_s70.A66 fileNameGt=../graphsdb/mcs10/rand/r02/mcs10_r02_s70.B66
Reading graphs...
70 :  874
70 :  873
Initializing...
maxdom : 6
D->valSize : 309
Solving...
currentSize : 2 <-- 0.002512 s
currentSize : 3 <-- 0.002577 s
currentSize : 4 <-- 0.002642 s
currentSize : 5 <-- 0.003300 s
currentSize : 6 <-- 0.003691 s
currentSize : 7 <-- 0.007513 s

maxsize : 7
nodes : 2161.000000
filtered : 53642.000000
time : 0.017069
