Parameters: GAD=1 vflib=1 dir=0 label=1 lowerbound=1 fileNameGp=../graphsdb/mcs10/rand/r01/mcs10_r01_s90.A97 fileNameGt=../graphsdb/mcs10/rand/r01/mcs10_r01_s90.B97
Reading graphs...
90 :  754
90 :  756
Initializing...
maxdom : 9
D->valSize : 509
Solving...
currentSize : 1 <-- 0.004935 s
currentSize : 2 <-- 0.004983 s
currentSize : 3 <-- 0.005037 s
currentSize : 4 <-- 0.005116 s
currentSize : 5 <-- 0.005871 s
currentSize : 6 <-- 0.006611 s
currentSize : 9 <-- 0.007397 s

maxsize : 9
nodes : 2338.000000
filtered : 84150.000000
time : 0.022953
