Parameters: GAD=1 vflib=1 dir=0 label=1 lowerbound=1 fileNameGp=../graphsdb/mcs10/rand/r01/mcs10_r01_s80.A68 fileNameGt=../graphsdb/mcs10/rand/r01/mcs10_r01_s80.B68
Reading graphs...
80 :  604
80 :  610
Initializing...
maxdom : 8
D->valSize : 427
Solving...
currentSize : 1 <-- 0.003491 s
currentSize : 2 <-- 0.003532 s
currentSize : 5 <-- 0.003590 s
currentSize : 6 <-- 0.004381 s
currentSize : 7 <-- 0.004397 s
currentSize : 8 <-- 0.004458 s

maxsize : 8
nodes : 1514.000000
filtered : 54957.000000
time : 0.014359
