Parameters: GAD=1 vflib=1 dir=0 label=1 lowerbound=1 fileNameGp=../graphsdb/mcs10/rand/r02/mcs10_r02_s60.A49 fileNameGt=../graphsdb/mcs10/rand/r02/mcs10_r02_s60.B49
Reading graphs...
60 :  636
60 :  631
Initializing...
maxdom : 9
D->valSize : 215
Solving...
currentSize : 1 <-- 0.001444 s
currentSize : 2 <-- 0.001477 s
currentSize : 3 <-- 0.001558 s
currentSize : 4 <-- 0.001689 s
currentSize : 5 <-- 0.001761 s
currentSize : 6 <-- 0.003584 s

maxsize : 6
nodes : 779.000000
filtered : 18556.000000
time : 0.005764
