Parameters: GAD=1 vflib=1 dir=0 label=1 lowerbound=1 fileNameGp=../graphsdb/mcs10/rand/r02/mcs10_r02_s50.A91 fileNameGt=../graphsdb/mcs10/rand/r02/mcs10_r02_s50.B91
Reading graphs...
50 :  444
50 :  439
Initializing...
maxdom : 8
D->valSize : 323
Solving...
currentSize : 2 <-- 0.002075 s
currentSize : 3 <-- 0.002103 s
currentSize : 4 <-- 0.002132 s
currentSize : 5 <-- 0.002162 s
currentSize : 6 <-- 0.002716 s
currentSize : 7 <-- 0.003984 s
currentSize : 8 <-- 0.012781 s

maxsize : 8
nodes : 8824.000000
filtered : 125805.000000
time : 0.045299
