Parameters: GAD=1 vflib=1 dir=0 label=1 lowerbound=1 fileNameGp=../graphsdb/mcs10/rand/r02/mcs10_r02_s50.A95 fileNameGt=../graphsdb/mcs10/rand/r02/mcs10_r02_s50.B95
Reading graphs...
50 :  445
50 :  441
Initializing...
maxdom : 9
D->valSize : 303
Solving...
currentSize : 1 <-- 0.001902 s
currentSize : 3 <-- 0.001939 s
currentSize : 5 <-- 0.001982 s
currentSize : 6 <-- 0.001996 s
currentSize : 7 <-- 0.002320 s
currentSize : 8 <-- 0.005519 s

maxsize : 8
nodes : 5758.000000
filtered : 89136.000000
time : 0.030704
