Parameters: GAD=1 vflib=1 dir=0 label=1 lowerbound=1 fileNameGp=../graphsdb/mcs10/rand/r01/mcs10_r01_s100.A47 fileNameGt=../graphsdb/mcs10/rand/r01/mcs10_r01_s100.B47
Reading graphs...
100 :  943
100 :  946
Initializing...
maxdom : 8
D->valSize : 326
Solving...
currentSize : 1 <-- 0.002852 s
currentSize : 2 <-- 0.002900 s
currentSize : 4 <-- 0.003372 s
currentSize : 5 <-- 0.003870 s
currentSize : 6 <-- 0.004261 s
currentSize : 9 <-- 0.004297 s
currentSize : 10 <-- 0.004467 s

maxsize : 10
nodes : 804.000000
filtered : 22411.000000
time : 0.008804
