Parameters: GAD=1 vflib=1 dir=0 label=1 lowerbound=1 fileNameGp=../graphsdb/mcs10/rand/r02/mcs10_r02_s100.A80 fileNameGt=../graphsdb/mcs10/rand/r02/mcs10_r02_s100.B80
Reading graphs...
100 :  1756
100 :  1773
Initializing...
maxdom : 8
D->valSize : 367
Solving...
currentSize : 1 <-- 0.003148 s
currentSize : 2 <-- 0.003198 s
currentSize : 3 <-- 0.003225 s
currentSize : 4 <-- 0.003336 s
currentSize : 5 <-- 0.004277 s
currentSize : 8 <-- 0.006524 s
currentSize : 9 <-- 0.006657 s

maxsize : 9
nodes : 1607.000000
filtered : 56544.000000
time : 0.016710
