Parameters: GAD=1 vflib=1 dir=0 label=1 lowerbound=1 fileNameGp=../graphsdb/mcs10/rand/r01/mcs10_r01_s40.A39 fileNameGt=../graphsdb/mcs10/rand/r01/mcs10_r01_s40.B39
Reading graphs...
40 :  150
40 :  149
Initializing...
maxdom : 10
D->valSize : 189
Solving...
currentSize : 1 <-- 0.001110 s
currentSize : 2 <-- 0.001135 s
currentSize : 3 <-- 0.001187 s
currentSize : 4 <-- 0.001591 s
currentSize : 5 <-- 0.001714 s
currentSize : 6 <-- 0.001731 s

maxsize : 6
nodes : 488.000000
filtered : 9496.000000
time : 0.003582
