Parameters: GAD=1 vflib=1 dir=0 label=1 lowerbound=1 fileNameGp=../graphsdb/mcs10/rand/r02/mcs10_r02_s80.A21 fileNameGt=../graphsdb/mcs10/rand/r02/mcs10_r02_s80.B21
Reading graphs...
80 :  1135
80 :  1145
Initializing...
maxdom : 9
D->valSize : 416
Solving...
currentSize : 3 <-- 0.003469 s
currentSize : 4 <-- 0.003525 s
currentSize : 5 <-- 0.003712 s
currentSize : 6 <-- 0.003772 s
currentSize : 7 <-- 0.004255 s
currentSize : 9 <-- 0.004970 s

maxsize : 9
nodes : 4579.000000
filtered : 120707.000000
time : 0.035977
