Parameters: GAD=1 vflib=1 dir=0 label=1 lowerbound=1 fileNameGp=../graphsdb/mcs10/rand/r01/mcs10_r01_s25.A13 fileNameGt=../graphsdb/mcs10/rand/r01/mcs10_r01_s25.B13
Reading graphs...
25 :  58
25 :  58
Initializing...
maxdom : 9
D->valSize : 153
Solving...
currentSize : 1 <-- 0.000758 s
currentSize : 2 <-- 0.000790 s
currentSize : 3 <-- 0.000816 s
currentSize : 5 <-- 0.000836 s
currentSize : 6 <-- 0.001084 s
currentSize : 7 <-- 0.001098 s

maxsize : 7
nodes : 585.000000
filtered : 8244.000000
time : 0.002771
