Parameters: GAD=1 vflib=1 dir=0 label=1 lowerbound=1 fileNameGp=../graphsdb/mcs10/rand/r005/mcs10_r005_s70.A73 fileNameGt=../graphsdb/mcs10/rand/r005/mcs10_r005_s70.B73
Reading graphs...
70 :  240
70 :  239
Initializing...
maxdom : 8
D->valSize : 334
Solving...
currentSize : 1 <-- 0.002443 s
currentSize : 2 <-- 0.002477 s
currentSize : 3 <-- 0.002879 s
currentSize : 4 <-- 0.003240 s
currentSize : 6 <-- 0.003509 s
currentSize : 7 <-- 0.003670 s

maxsize : 7
nodes : 473.000000
filtered : 12090.000000
time : 0.005133
