Parameters: GAD=1 vflib=1 dir=0 label=1 lowerbound=1 fileNameGp=../graphsdb/mcs10/rand/r005/mcs10_r005_s90.A64 fileNameGt=../graphsdb/mcs10/rand/r005/mcs10_r005_s90.B64
Reading graphs...
90 :  397
90 :  399
Initializing...
maxdom : 9
D->valSize : 483
Solving...
currentSize : 2 <-- 0.004523 s
currentSize : 3 <-- 0.004560 s
currentSize : 4 <-- 0.004663 s
currentSize : 9 <-- 0.004795 s
currentSize : 10 <-- 0.005087 s
currentSize : 11 <-- 0.006004 s

maxsize : 11
nodes : 1377.000000
filtered : 36675.000000
time : 0.014249
