Parameters: GAD=1 vflib=1 dir=0 label=1 lowerbound=1 fileNameGp=../graphsdb/mcs10/rand/r02/mcs10_r02_s80.A68 fileNameGt=../graphsdb/mcs10/rand/r02/mcs10_r02_s80.B68
Reading graphs...
80 :  1124
80 :  1124
Initializing...
maxdom : 9
D->valSize : 372
Solving...
currentSize : 2 <-- 0.003013 s
currentSize : 3 <-- 0.003101 s
currentSize : 4 <-- 0.003134 s
currentSize : 6 <-- 0.003189 s
currentSize : 7 <-- 0.005452 s
currentSize : 8 <-- 0.006538 s
currentSize : 9 <-- 0.012891 s

maxsize : 9
nodes : 4050.000000
filtered : 89705.000000
time : 0.030174
