Parameters: GAD=1 vflib=1 dir=0 label=1 lowerbound=1 fileNameGp=../graphsdb/mcs10/rand/r02/mcs10_r02_s100.A06 fileNameGt=../graphsdb/mcs10/rand/r02/mcs10_r02_s100.B06
Reading graphs...
100 :  1787
100 :  1784
Initializing...
maxdom : 7
D->valSize : 313
Solving...
currentSize : 3 <-- 0.002983 s
currentSize : 4 <-- 0.003114 s
currentSize : 5 <-- 0.003429 s
currentSize : 6 <-- 0.003446 s
currentSize : 9 <-- 0.004329 s
currentSize : 10 <-- 0.006416 s

maxsize : 10
nodes : 2119.000000
filtered : 44770.000000
time : 0.018866
