Parameters: GAD=1 vflib=1 dir=0 label=1 lowerbound=1 fileNameGp=../graphsdb/mcs10/bvg/b06m/mcs10_b06m_s90.A71 fileNameGt=../graphsdb/mcs10/bvg/b06m/mcs10_b06m_s90.B71
Reading graphs...
90 :  262
90 :  264
Initializing...
maxdom : 9
D->valSize : 519
Solving...
currentSize : 1 <-- 0.005688 s
currentSize : 2 <-- 0.005783 s
currentSize : 3 <-- 0.006087 s
currentSize : 4 <-- 0.007022 s
currentSize : 7 <-- 0.007229 s
currentSize : 8 <-- 0.008548 s

maxsize : 8
nodes : 1246.000000
filtered : 27289.000000
time : 0.015104
