Parameters: GAD=1 vflib=1 dir=0 label=1 lowerbound=1 fileNameGp=../graphsdb/mcs10/rand/r01/mcs10_r01_s30.A10 fileNameGt=../graphsdb/mcs10/rand/r01/mcs10_r01_s30.B10
Reading graphs...
30 :  87
30 :  86
Initializing...
maxdom : 6
D->valSize : 115
Solving...
currentSize : 1 <-- 0.000680 s
currentSize : 2 <-- 0.000720 s
currentSize : 3 <-- 0.000737 s
currentSize : 4 <-- 0.000781 s
currentSize : 5 <-- 0.000796 s
currentSize : 6 <-- 0.000870 s

maxsize : 6
nodes : 249.000000
filtered : 3444.000000
time : 0.001793
