Parameters: GAD=1 vflib=1 dir=0 label=1 lowerbound=1 fileNameGp=../graphsdb/mcs10/rand/r02/mcs10_r02_s100.A93 fileNameGt=../graphsdb/mcs10/rand/r02/mcs10_r02_s100.B93
Reading graphs...
100 :  1766
100 :  1788
Initializing...
maxdom : 9
D->valSize : 367
Solving...
currentSize : 1 <-- 0.003335 s
currentSize : 2 <-- 0.003385 s
currentSize : 3 <-- 0.003436 s
currentSize : 4 <-- 0.004363 s
currentSize : 5 <-- 0.004761 s
currentSize : 10 <-- 0.005719 s

maxsize : 10
nodes : 1926.000000
filtered : 59310.000000
time : 0.018437
