Parameters: GAD=1 vflib=1 dir=0 label=1 lowerbound=1 fileNameGp=../graphsdb/mcs10/rand/r02/mcs10_r02_s60.A92 fileNameGt=../graphsdb/mcs10/rand/r02/mcs10_r02_s60.B92
Reading graphs...
60 :  625
60 :  643
Initializing...
maxdom : 9
D->valSize : 254
Solving...
currentSize : 1 <-- 0.001585 s
currentSize : 2 <-- 0.001619 s
currentSize : 3 <-- 0.001723 s
currentSize : 4 <-- 0.001803 s
currentSize : 5 <-- 0.001876 s
currentSize : 6 <-- 0.002157 s

maxsize : 6
nodes : 1001.000000
filtered : 27788.000000
time : 0.007324
