Parameters: GAD=1 vflib=1 dir=0 label=1 lowerbound=1 fileNameGp=../graphsdb/mcs10/rand/r01/mcs10_r01_s80.A52 fileNameGt=../graphsdb/mcs10/rand/r01/mcs10_r01_s80.B52
Reading graphs...
80 :  603
80 :  596
Initializing...
maxdom : 12
D->valSize : 386
Solving...
currentSize : 1 <-- 0.002938 s
currentSize : 2 <-- 0.003007 s
currentSize : 4 <-- 0.003100 s
currentSize : 5 <-- 0.003564 s
currentSize : 6 <-- 0.003627 s
currentSize : 8 <-- 0.004663 s

maxsize : 8
nodes : 1059.000000
filtered : 39445.000000
time : 0.010456
