Parameters: GAD=1 vflib=1 dir=0 label=1 lowerbound=1 fileNameGp=../graphsdb/mcs10/m3D/m3Dr4/mcs10_m3Dr4_s80.A52 fileNameGt=../graphsdb/mcs10/m3D/m3Dr4/mcs10_m3Dr4_s80.B52
Reading graphs...
80 :  212
80 :  214
Initializing...
maxdom : 10
D->valSize : 398
Solving...
currentSize : 1 <-- 0.003206 s
currentSize : 2 <-- 0.003362 s
currentSize : 3 <-- 0.003455 s
currentSize : 4 <-- 0.003637 s
currentSize : 7 <-- 0.004293 s
currentSize : 8 <-- 0.004704 s

maxsize : 8
nodes : 844.000000
filtered : 16833.000000
time : 0.007979
