Parameters: GAD=1 vflib=1 dir=0 label=1 lowerbound=1 fileNameGp=../graphsdb/mcs10/rand/r02/mcs10_r02_s100.A75 fileNameGt=../graphsdb/mcs10/rand/r02/mcs10_r02_s100.B75
Reading graphs...
100 :  1789
100 :  1781
Initializing...
maxdom : 7
D->valSize : 348
Solving...
currentSize : 1 <-- 0.003511 s
currentSize : 2 <-- 0.003567 s
currentSize : 3 <-- 0.003682 s
currentSize : 4 <-- 0.003900 s
currentSize : 5 <-- 0.004080 s
currentSize : 10 <-- 0.007318 s

maxsize : 10
nodes : 2045.000000
filtered : 56711.000000
time : 0.021265
