Parameters: GAD=1 vflib=1 dir=0 label=1 lowerbound=1 fileNameGp=../graphsdb/mcs10/rand/r02/mcs10_r02_s100.A31 fileNameGt=../graphsdb/mcs10/rand/r02/mcs10_r02_s100.B31
Reading graphs...
100 :  1770
100 :  1773
Initializing...
maxdom : 7
D->valSize : 304
Solving...
currentSize : 3 <-- 0.002649 s
currentSize : 4 <-- 0.003092 s
currentSize : 6 <-- 0.003262 s
currentSize : 7 <-- 0.003288 s
currentSize : 8 <-- 0.003794 s
currentSize : 9 <-- 0.003854 s

maxsize : 9
nodes : 1094.000000
filtered : 36666.000000
time : 0.011616
