Parameters: GAD=1 vflib=1 dir=0 label=1 lowerbound=1 fileNameGp=../graphsdb/mcs10/rand/r02/mcs10_r02_s80.A96 fileNameGt=../graphsdb/mcs10/rand/r02/mcs10_r02_s80.B96
Reading graphs...
80 :  1123
80 :  1133
Initializing...
maxdom : 8
D->valSize : 406
Solving...
currentSize : 3 <-- 0.003293 s
currentSize : 4 <-- 0.003477 s
currentSize : 5 <-- 0.003578 s
currentSize : 6 <-- 0.004997 s
currentSize : 8 <-- 0.005520 s
currentSize : 9 <-- 0.006014 s

maxsize : 9
nodes : 4830.000000
filtered : 121026.000000
time : 0.037917
