Parameters: GAD=1 vflib=1 dir=0 label=1 lowerbound=1 fileNameGp=../graphsdb/mcs30/rand/r02/mcs30_r02_s60.A55 fileNameGt=../graphsdb/mcs30/rand/r02/mcs30_r02_s60.B55
Reading graphs...
60 :  627
60 :  635
Initializing...
maxdom : 8
D->valSize : 234
Solving...
currentSize : 1 <-- 0.001496 s
currentSize : 2 <-- 0.001530 s
currentSize : 4 <-- 0.001570 s
currentSize : 5 <-- 0.001583 s
currentSize : 6 <-- 0.001699 s
currentSize : 8 <-- 0.001757 s
currentSize : 10 <-- 0.002023 s
currentSize : 11 <-- 0.003039 s
currentSize : 13 <-- 0.003709 s
currentSize : 15 <-- 0.004715 s

maxsize : 15
nodes : 1766.000000
filtered : 28051.000000
time : 0.011695
