Parameters: GAD=1 vflib=1 dir=0 label=1 lowerbound=1 fileNameGp=../graphsdb/mcs30/bvg/b06/mcs30_b06_s35.A73 fileNameGt=../graphsdb/mcs30/bvg/b06/mcs30_b06_s35.B73
Reading graphs...
35 :  104
35 :  103
Initializing...
maxdom : 9
D->valSize : 161
Solving...
currentSize : 1 <-- 0.000787 s
currentSize : 2 <-- 0.000811 s
currentSize : 4 <-- 0.000845 s
currentSize : 5 <-- 0.000937 s
currentSize : 7 <-- 0.000969 s
currentSize : 10 <-- 0.001151 s

maxsize : 10
nodes : 2030.000000
filtered : 8926.000000
time : 0.006792
