Parameters: GAD=1 vflib=1 dir=0 label=1 lowerbound=1 fileNameGp=../graphsdb/mcs30/rand/r02/mcs30_r02_s35.A42 fileNameGt=../graphsdb/mcs30/rand/r02/mcs30_r02_s35.B42
Reading graphs...
35 :  214
35 :  213
Initializing...
maxdom : 8
D->valSize : 160
Solving...
currentSize : 1 <-- 0.000958 s
currentSize : 3 <-- 0.000998 s
currentSize : 4 <-- 0.001023 s
currentSize : 5 <-- 0.001053 s
currentSize : 7 <-- 0.001868 s
currentSize : 9 <-- 0.001910 s

maxsize : 9
nodes : 733.000000
filtered : 11523.000000
time : 0.004048
