Parameters: GAD=1 vflib=1 dir=0 label=1 lowerbound=1 fileNameGp=../graphsdb/mcs30/rand/r01/mcs30_r01_s70.A62 fileNameGt=../graphsdb/mcs30/rand/r01/mcs30_r01_s70.B62
Reading graphs...
70 :  460
70 :  460
Initializing...
maxdom : 8
D->valSize : 323
Solving...
currentSize : 1 <-- 0.002392 s
currentSize : 2 <-- 0.002435 s
currentSize : 3 <-- 0.002530 s
currentSize : 14 <-- 0.002733 s
currentSize : 17 <-- 0.005151 s
currentSize : 21 <-- 0.081080 s

maxsize : 21
nodes : 90360.000000
filtered : 371385.000000
time : 0.486844
