Parameters: GAD=1 vflib=1 dir=0 label=1 lowerbound=1 fileNameGp=../graphsdb/mcs30/bvg/b03m/mcs30_b03m_s15.A04 fileNameGt=../graphsdb/mcs30/bvg/b03m/mcs30_b03m_s15.B04
Reading graphs...
15 :  21
15 :  21
Initializing...
maxdom : 9
D->valSize : 111
Solving...
currentSize : 1 <-- 0.000504 s
currentSize : 3 <-- 0.000528 s
currentSize : 4 <-- 0.000538 s
currentSize : 5 <-- 0.000601 s
currentSize : 6 <-- 0.000616 s
currentSize : 7 <-- 0.000882 s

maxsize : 7
nodes : 568.000000
filtered : 4388.000000
time : 0.002195
