Parameters: GAD=1 vflib=1 dir=0 label=1 lowerbound=1 fileNameGp=../graphsdb/mcs30/bvg/b09/mcs30_b09_s40.A12 fileNameGt=../graphsdb/mcs30/bvg/b09/mcs30_b09_s40.B12
Reading graphs...
40 :  173
40 :  174
Initializing...
maxdom : 9
D->valSize : 214
Solving...
currentSize : 1 <-- 0.001187 s
currentSize : 4 <-- 0.001232 s
currentSize : 5 <-- 0.001275 s
currentSize : 8 <-- 0.001425 s
currentSize : 9 <-- 0.001703 s
currentSize : 12 <-- 0.003552 s

maxsize : 12
nodes : 3627.000000
filtered : 25765.000000
time : 0.016853
