Parameters: GAD=1 vflib=1 dir=0 label=1 lowerbound=1 fileNameGp=../graphsdb/mcs30/rand/r02/mcs30_r02_s50.A09 fileNameGt=../graphsdb/mcs30/rand/r02/mcs30_r02_s50.B09
Reading graphs...
50 :  440
50 :  436
Initializing...
maxdom : 11
D->valSize : 339
Solving...
currentSize : 5 <-- 0.002105 s
currentSize : 7 <-- 0.002172 s
currentSize : 9 <-- 0.002529 s
currentSize : 10 <-- 0.002627 s
currentSize : 13 <-- 0.017898 s
currentSize : 14 <-- 0.017952 s

maxsize : 14
nodes : 6547.000000
filtered : 111996.000000
time : 0.037267
