Parameters: GAD=1 vflib=1 dir=0 label=1 lowerbound=1 fileNameGp=../graphsdb/mcs30/bvg/b09m/mcs30_b09m_s80.A91 fileNameGt=../graphsdb/mcs30/bvg/b09m/mcs30_b09m_s80.B91
Reading graphs...
80 :  349
80 :  346
Initializing...
maxdom : 10
D->valSize : 399
Solving...
currentSize : 1 <-- 0.003613 s
currentSize : 2 <-- 0.003806 s
currentSize : 6 <-- 0.003957 s
currentSize : 11 <-- 0.004066 s
currentSize : 21 <-- 0.005845 s
currentSize : 22 <-- 0.016925 s

maxsize : 22
nodes : 16046334.000000
filtered : 45486765.000000
time : 70.819641
