Parameters: GAD=1 vflib=1 dir=0 label=1 lowerbound=1 fileNameGp=../graphsdb/mcs30/rand/r02/mcs30_r02_s60.A61 fileNameGt=../graphsdb/mcs30/rand/r02/mcs30_r02_s60.B61
Reading graphs...
60 :  631
60 :  638
Initializing...
maxdom : 7
D->valSize : 216
Solving...
currentSize : 2 <-- 0.001423 s
currentSize : 4 <-- 0.001472 s
currentSize : 5 <-- 0.001498 s
currentSize : 10 <-- 0.001722 s
currentSize : 11 <-- 0.002002 s
currentSize : 14 <-- 0.002716 s
currentSize : 15 <-- 0.002940 s

maxsize : 15
nodes : 3085.000000
filtered : 30492.000000
time : 0.019398
