Parameters: GAD=1 vflib=1 dir=0 label=1 lowerbound=1 fileNameGp=../graphsdb/mcs30/rand/r02/mcs30_r02_s90.A46 fileNameGt=../graphsdb/mcs30/rand/r02/mcs30_r02_s90.B46
Reading graphs...
90 :  1431
90 :  1443
Initializing...
maxdom : 8
D->valSize : 508
Solving...
currentSize : 6 <-- 0.004887 s
currentSize : 10 <-- 0.005013 s
currentSize : 12 <-- 0.005588 s
currentSize : 16 <-- 0.005956 s
currentSize : 17 <-- 0.009861 s
currentSize : 18 <-- 0.009956 s
currentSize : 19 <-- 0.015815 s
currentSize : 22 <-- 0.026581 s

maxsize : 22
nodes : 43341.000000
filtered : 509707.000000
time : 0.334181
