Parameters: GAD=1 vflib=1 dir=0 label=1 lowerbound=1 fileNameGp=../graphsdb/mcs30/bvg/b09m/mcs30_b09m_s35.A89 fileNameGt=../graphsdb/mcs30/bvg/b09m/mcs30_b09m_s35.B89
Reading graphs...
35 :  146
35 :  143
Initializing...
maxdom : 7
D->valSize : 176
Solving...
currentSize : 2 <-- 0.001020 s
currentSize : 4 <-- 0.001070 s
currentSize : 5 <-- 0.001086 s
currentSize : 6 <-- 0.001124 s
currentSize : 7 <-- 0.001536 s
currentSize : 8 <-- 0.001810 s

maxsize : 8
nodes : 1346.000000
filtered : 13852.000000
time : 0.005131
