Parameters: GAD=1 vflib=1 dir=0 label=1 lowerbound=1 fileNameGp=../graphsdb/mcs30/rand/r01/mcs30_r01_s70.A44 fileNameGt=../graphsdb/mcs30/rand/r01/mcs30_r01_s70.B44
Reading graphs...
70 :  459
70 :  450
Initializing...
maxdom : 9
D->valSize : 379
Solving...
currentSize : 3 <-- 0.004633 s
currentSize : 5 <-- 0.004724 s
currentSize : 11 <-- 0.004814 s
currentSize : 12 <-- 0.005218 s
currentSize : 14 <-- 0.005867 s
currentSize : 15 <-- 0.010668 s
currentSize : 16 <-- 0.033843 s
currentSize : 21 <-- 0.036049 s

maxsize : 21
nodes : 51914.000000
filtered : 300109.000000
time : 0.360685
