Parameters: GAD=1 vflib=1 dir=0 label=1 lowerbound=1 fileNameGp=../graphsdb/mcs30/rand/r02/mcs30_r02_s50.A64 fileNameGt=../graphsdb/mcs30/rand/r02/mcs30_r02_s50.B64
Reading graphs...
50 :  433
50 :  448
Initializing...
maxdom : 8
D->valSize : 318
Solving...
currentSize : 3 <-- 0.001997 s
currentSize : 4 <-- 0.002017 s
currentSize : 6 <-- 0.002119 s
currentSize : 10 <-- 0.002785 s
currentSize : 11 <-- 0.011995 s
currentSize : 15 <-- 0.017442 s

maxsize : 15
nodes : 5571.000000
filtered : 96393.000000
time : 0.032513
