Parameters: GAD=1 vflib=1 dir=0 label=1 lowerbound=1 fileNameGp=../graphsdb/mcs30/bvg/b09/mcs30_b09_s40.A99 fileNameGt=../graphsdb/mcs30/bvg/b09/mcs30_b09_s40.B99
Reading graphs...
40 :  174
40 :  177
Initializing...
maxdom : 10
D->valSize : 230
Solving...
currentSize : 1 <-- 0.001295 s
currentSize : 3 <-- 0.001326 s
currentSize : 4 <-- 0.001358 s
currentSize : 5 <-- 0.001465 s
currentSize : 6 <-- 0.001509 s
currentSize : 7 <-- 0.001833 s
currentSize : 12 <-- 0.002276 s

maxsize : 12
nodes : 6410.000000
filtered : 44566.000000
time : 0.025335
