Parameters: GAD=1 vflib=1 dir=0 label=1 lowerbound=1 fileNameGp=../graphsdb/mcs30/rand/r02/mcs30_r02_s80.A81 fileNameGt=../graphsdb/mcs30/rand/r02/mcs30_r02_s80.B81
Reading graphs...
80 :  1147
80 :  1139
Initializing...
maxdom : 7
D->valSize : 415
Solving...
currentSize : 3 <-- 0.003545 s
currentSize : 4 <-- 0.003601 s
currentSize : 11 <-- 0.003709 s
currentSize : 12 <-- 0.006628 s
currentSize : 14 <-- 0.011153 s
currentSize : 17 <-- 0.024749 s
currentSize : 21 <-- 0.025869 s

maxsize : 21
nodes : 24838.000000
filtered : 242074.000000
time : 0.168479
