Parameters: GAD=1 vflib=1 dir=0 label=1 lowerbound=1 fileNameGp=../graphsdb/mcs30/rand/r02/mcs30_r02_s80.A95 fileNameGt=../graphsdb/mcs30/rand/r02/mcs30_r02_s80.B95
Reading graphs...
80 :  1131
80 :  1127
Initializing...
maxdom : 9
D->valSize : 437
Solving...
currentSize : 4 <-- 0.004771 s
currentSize : 5 <-- 0.004919 s
currentSize : 9 <-- 0.006168 s
currentSize : 13 <-- 0.009157 s
currentSize : 19 <-- 0.017349 s
currentSize : 20 <-- 0.085532 s

maxsize : 20
nodes : 34255.000000
filtered : 322294.000000
time : 0.233377
