Parameters: GAD=1 vflib=1 dir=0 label=1 lowerbound=1 fileNameGp=../graphsdb/mcs30/rand/r02/mcs30_r02_s40.A46 fileNameGt=../graphsdb/mcs30/rand/r02/mcs30_r02_s40.B46
Reading graphs...
40 :  276
40 :  277
Initializing...
maxdom : 9
D->valSize : 221
Solving...
currentSize : 3 <-- 0.001206 s
currentSize : 4 <-- 0.001245 s
currentSize : 5 <-- 0.001297 s
currentSize : 7 <-- 0.001328 s
currentSize : 9 <-- 0.001948 s
currentSize : 10 <-- 0.002120 s
currentSize : 12 <-- 0.002192 s

maxsize : 12
nodes : 1713.000000
filtered : 29728.000000
time : 0.009147
