Parameters: GAD=1 vflib=1 dir=0 label=1 lowerbound=1 fileNameGp=../graphsdb/mcs30/bvg/b09m/mcs30_b09m_s50.A18 fileNameGt=../graphsdb/mcs30/bvg/b09m/mcs30_b09m_s50.B18
Reading graphs...
50 :  217
50 :  215
Initializing...
maxdom : 8
D->valSize : 314
Solving...
currentSize : 2 <-- 0.002012 s
currentSize : 4 <-- 0.002071 s
currentSize : 7 <-- 0.002186 s
currentSize : 10 <-- 0.002262 s
currentSize : 11 <-- 0.002905 s
currentSize : 12 <-- 0.007887 s

maxsize : 12
nodes : 20985.000000
filtered : 125322.000000
time : 0.070834
