Parameters: GAD=1 vflib=1 dir=0 label=1 lowerbound=1 fileNameGp=../graphsdb/mcs30/rand/r02/mcs30_r02_s70.A61 fileNameGt=../graphsdb/mcs30/rand/r02/mcs30_r02_s70.B61
Reading graphs...
70 :  862
70 :  872
Initializing...
maxdom : 8
D->valSize : 320
Solving...
currentSize : 2 <-- 0.003459 s
currentSize : 4 <-- 0.003535 s
currentSize : 9 <-- 0.003863 s
currentSize : 10 <-- 0.003933 s
currentSize : 13 <-- 0.004378 s
currentSize : 20 <-- 0.007302 s

maxsize : 20
nodes : 4775.000000
filtered : 77221.000000
time : 0.040530
