Parameters: GAD=1 vflib=1 dir=0 label=1 lowerbound=1 fileNameGp=../graphsdb/mcs30/rand/r02/mcs30_r02_s80.A08 fileNameGt=../graphsdb/mcs30/rand/r02/mcs30_r02_s80.B08
Reading graphs...
80 :  1121
80 :  1121
Initializing...
maxdom : 10
D->valSize : 388
Solving...
currentSize : 1 <-- 0.004784 s
currentSize : 4 <-- 0.004885 s
currentSize : 5 <-- 0.005026 s
currentSize : 13 <-- 0.005898 s
currentSize : 17 <-- 0.009630 s
currentSize : 23 <-- 0.014447 s

maxsize : 23
nodes : 6941.000000
filtered : 124449.000000
time : 0.059685
