Parameters: GAD=1 vflib=1 dir=0 label=1 lowerbound=1 fileNameGp=../graphsdb/mcs30/bvg/b06/mcs30_b06_s25.A64 fileNameGt=../graphsdb/mcs30/bvg/b06/mcs30_b06_s25.B64
Reading graphs...
25 :  72
25 :  73
Initializing...
maxdom : 11
D->valSize : 175
Solving...
currentSize : 1 <-- 0.000779 s
currentSize : 3 <-- 0.000806 s
currentSize : 5 <-- 0.000874 s
currentSize : 6 <-- 0.001245 s
currentSize : 7 <-- 0.001550 s
currentSize : 8 <-- 0.001898 s

maxsize : 8
nodes : 1212.000000
filtered : 13355.000000
time : 0.004524
