Parameters: GAD=1 vflib=1 dir=0 label=1 lowerbound=1 fileNameGp=../graphsdb/mcs30/rand/r01/mcs30_r01_s80.A67 fileNameGt=../graphsdb/mcs30/rand/r01/mcs30_r01_s80.B67
Reading graphs...
80 :  595
80 :  605
Initializing...
maxdom : 11
D->valSize : 426
Solving...
currentSize : 2 <-- 0.003716 s
currentSize : 4 <-- 0.003891 s
currentSize : 6 <-- 0.004010 s
currentSize : 7 <-- 0.004220 s
currentSize : 9 <-- 0.004454 s
currentSize : 16 <-- 0.004722 s
currentSize : 22 <-- 0.016382 s

maxsize : 22
nodes : 300110.000000
filtered : 1577491.000000
time : 1.730392
