Parameters: GAD=1 vflib=1 dir=0 label=1 lowerbound=1 fileNameGp=../graphsdb/mcs30/rand/r01/mcs30_r01_s25.A46 fileNameGt=../graphsdb/mcs30/rand/r01/mcs30_r01_s25.B46
Reading graphs...
25 :  60
25 :  60
Initializing...
maxdom : 9
D->valSize : 157
Solving...
currentSize : 2 <-- 0.000725 s
currentSize : 3 <-- 0.000753 s
currentSize : 5 <-- 0.000785 s
currentSize : 7 <-- 0.000843 s
currentSize : 8 <-- 0.000860 s
currentSize : 9 <-- 0.001223 s

maxsize : 9
nodes : 830.000000
filtered : 8811.000000
time : 0.003363
