Parameters: GAD=1 vflib=1 dir=0 label=1 lowerbound=1 fileNameGp=../graphsdb/mcs30/rand/r02/mcs30_r02_s70.A17 fileNameGt=../graphsdb/mcs30/rand/r02/mcs30_r02_s70.B17
Reading graphs...
70 :  875
70 :  866
Initializing...
maxdom : 10
D->valSize : 301
Solving...
currentSize : 4 <-- 0.002207 s
currentSize : 10 <-- 0.002292 s
currentSize : 11 <-- 0.002520 s
currentSize : 15 <-- 0.004941 s
currentSize : 17 <-- 0.005037 s
currentSize : 18 <-- 0.012268 s

maxsize : 18
nodes : 4866.000000
filtered : 66399.000000
time : 0.033089
