Parameters: GAD=1 vflib=1 dir=0 label=1 lowerbound=1 fileNameGp=../graphsdb/mcs30/rand/r02/mcs30_r02_s60.A76 fileNameGt=../graphsdb/mcs30/rand/r02/mcs30_r02_s60.B76
Reading graphs...
60 :  633
60 :  654
Initializing...
maxdom : 8
D->valSize : 260
Solving...
currentSize : 2 <-- 0.001680 s
currentSize : 4 <-- 0.001714 s
currentSize : 5 <-- 0.001729 s
currentSize : 8 <-- 0.002014 s
currentSize : 9 <-- 0.002028 s
currentSize : 11 <-- 0.003215 s
currentSize : 15 <-- 0.003643 s
currentSize : 16 <-- 0.003854 s

maxsize : 16
nodes : 2960.000000
filtered : 38888.000000
time : 0.018139
