Parameters: GAD=1 vflib=1 dir=0 label=1 lowerbound=1 fileNameGp=../graphsdb/mcs30/rand/r02/mcs30_r02_s50.A50 fileNameGt=../graphsdb/mcs30/rand/r02/mcs30_r02_s50.B50
Reading graphs...
50 :  443
50 :  439
Initializing...
maxdom : 8
D->valSize : 328
Solving...
currentSize : 4 <-- 0.002107 s
currentSize : 5 <-- 0.002145 s
currentSize : 6 <-- 0.002191 s
currentSize : 7 <-- 0.004089 s
currentSize : 8 <-- 0.009833 s
currentSize : 9 <-- 0.009888 s
currentSize : 11 <-- 0.009926 s
currentSize : 14 <-- 0.010305 s

maxsize : 14
nodes : 6616.000000
filtered : 110840.000000
time : 0.036900
