Parameters: GAD=1 vflib=1 dir=0 label=1 lowerbound=1 fileNameGp=../graphsdb/mcs30/rand/r02/mcs30_r02_s100.A71 fileNameGt=../graphsdb/mcs30/rand/r02/mcs30_r02_s100.B71
Reading graphs...
100 :  1755
100 :  1768
Initializing...
maxdom : 6
D->valSize : 342
Solving...
currentSize : 1 <-- 0.004711 s
currentSize : 2 <-- 0.004782 s
currentSize : 4 <-- 0.004873 s
currentSize : 16 <-- 0.005146 s
currentSize : 23 <-- 0.010475 s
currentSize : 24 <-- 0.010985 s

maxsize : 24
nodes : 19315.000000
filtered : 152142.000000
time : 0.235542
