Parameters: GAD=1 vflib=1 dir=0 label=1 lowerbound=1 fileNameGp=../graphsdb/mcs30/rand/r02/mcs30_r02_s90.A41 fileNameGt=../graphsdb/mcs30/rand/r02/mcs30_r02_s90.B41
Reading graphs...
90 :  1433
90 :  1431
Initializing...
maxdom : 9
D->valSize : 542
Solving...
currentSize : 5 <-- 0.005328 s
currentSize : 6 <-- 0.005705 s
currentSize : 7 <-- 0.006966 s
currentSize : 9 <-- 0.007006 s
currentSize : 11 <-- 0.007690 s
currentSize : 23 <-- 0.010505 s

maxsize : 23
nodes : 45609.000000
filtered : 527517.000000
time : 0.342448
