Parameters: GAD=1 vflib=1 dir=0 label=1 lowerbound=1 fileNameGp=../graphsdb/mcs30/bvg/b09m/mcs30_b09m_s60.A27 fileNameGt=../graphsdb/mcs30/bvg/b09m/mcs30_b09m_s60.B27
Reading graphs...
60 :  259
60 :  257
Initializing...
maxdom : 6
D->valSize : 253
Solving...
currentSize : 1 <-- 0.002437 s
currentSize : 2 <-- 0.002520 s
currentSize : 4 <-- 0.002594 s
currentSize : 5 <-- 0.002619 s
currentSize : 14 <-- 0.002824 s
currentSize : 15 <-- 0.169112 s

maxsize : 15
nodes : 147501.000000
filtered : 495955.000000
time : 0.610876
