Parameters: GAD=1 vflib=1 dir=0 label=1 lowerbound=1 fileNameGp=../graphsdb/mcs30/rand/r01/mcs30_r01_s50.A63 fileNameGt=../graphsdb/mcs30/rand/r01/mcs30_r01_s50.B63
Reading graphs...
50 :  227
50 :  228
Initializing...
maxdom : 8
D->valSize : 308
Solving...
currentSize : 3 <-- 0.001867 s
currentSize : 4 <-- 0.001932 s
currentSize : 5 <-- 0.002083 s
currentSize : 10 <-- 0.002174 s
currentSize : 12 <-- 0.004421 s
currentSize : 14 <-- 0.007432 s
currentSize : 15 <-- 0.007491 s

maxsize : 15
nodes : 4146.000000
filtered : 40689.000000
time : 0.019881
