Parameters: GAD=1 vflib=1 dir=0 label=1 lowerbound=1 fileNameGp=../graphsdb/mcs30/bvg/b03m/mcs30_b03m_s25.A46 fileNameGt=../graphsdb/mcs30/bvg/b03m/mcs30_b03m_s25.B46
Reading graphs...
25 :  37
25 :  37
Initializing...
maxdom : 11
D->valSize : 153
Solving...
currentSize : 1 <-- 0.000845 s
currentSize : 2 <-- 0.000868 s
currentSize : 3 <-- 0.000903 s
currentSize : 4 <-- 0.000992 s
currentSize : 5 <-- 0.001007 s
currentSize : 6 <-- 0.001105 s
currentSize : 7 <-- 0.001308 s

maxsize : 7
nodes : 410.000000
filtered : 4942.000000
time : 0.002488
