Parameters: GAD=1 vflib=1 dir=0 label=1 lowerbound=1 fileNameGp=../graphsdb/mcs30/rand/r02/mcs30_r02_s70.A65 fileNameGt=../graphsdb/mcs30/rand/r02/mcs30_r02_s70.B65
Reading graphs...
70 :  864
70 :  864
Initializing...
maxdom : 8
D->valSize : 313
Solving...
currentSize : 3 <-- 0.002352 s
currentSize : 4 <-- 0.002381 s
currentSize : 5 <-- 0.002406 s
currentSize : 9 <-- 0.002749 s
currentSize : 12 <-- 0.003716 s
currentSize : 20 <-- 0.003845 s

maxsize : 20
nodes : 5075.000000
filtered : 74338.000000
time : 0.035325
