Parameters: GAD=1 vflib=1 dir=0 label=1 lowerbound=1 fileNameGp=../graphsdb/mcs30/bvg/b09m/mcs30_b09m_s50.A45 fileNameGt=../graphsdb/mcs30/bvg/b09m/mcs30_b09m_s50.B45
Reading graphs...
50 :  216
50 :  211
Initializing...
maxdom : 10
D->valSize : 332
Solving...
currentSize : 2 <-- 0.002270 s
currentSize : 4 <-- 0.002315 s
currentSize : 8 <-- 0.002804 s
currentSize : 10 <-- 0.003080 s
currentSize : 11 <-- 0.004475 s
currentSize : 12 <-- 0.022899 s

maxsize : 12
nodes : 18000.000000
filtered : 118279.000000
time : 0.070773
