Parameters: GAD=1 vflib=1 dir=0 label=1 lowerbound=1 fileNameGp=../graphsdb/mcs30/m3D/m3Dr6/mcs30_m3Dr6_s40.A98 fileNameGt=../graphsdb/mcs30/m3D/m3Dr6/mcs30_m3Dr6_s40.B98
Reading graphs...
40 :  103
40 :  103
Initializing...
maxdom : 7
D->valSize : 197
Solving...
currentSize : 1 <-- 0.001030 s
currentSize : 2 <-- 0.001053 s
currentSize : 3 <-- 0.001098 s
currentSize : 4 <-- 0.001181 s
currentSize : 5 <-- 0.001301 s
currentSize : 7 <-- 0.001521 s

maxsize : 7
nodes : 643.000000
filtered : 7918.000000
time : 0.003376
