Parameters: GAD=1 vflib=1 dir=0 label=1 lowerbound=1 fileNameGp=../graphsdb/mcs30/rand/r01/mcs30_r01_s15.A89 fileNameGt=../graphsdb/mcs30/rand/r01/mcs30_r01_s15.B89
Reading graphs...
15 :  22
15 :  23
Initializing...
maxdom : 11
D->valSize : 116
Solving...
currentSize : 3 <-- 0.000526 s
currentSize : 4 <-- 0.000552 s
currentSize : 5 <-- 0.000596 s
currentSize : 7 <-- 0.000685 s
currentSize : 8 <-- 0.000958 s
currentSize : 9 <-- 0.001091 s

maxsize : 9
nodes : 355.000000
filtered : 3371.000000
time : 0.001758
