Parameters: GAD=1 vflib=1 dir=0 label=1 lowerbound=1 fileNameGp=../graphsdb/mcs30/m3D/m3Dr6/mcs30_m3Dr6_s40.A68 fileNameGt=../graphsdb/mcs30/m3D/m3Dr6/mcs30_m3Dr6_s40.B68
Reading graphs...
40 :  105
40 :  105
Initializing...
maxdom : 10
D->valSize : 221
Solving...
currentSize : 1 <-- 0.001290 s
currentSize : 2 <-- 0.001338 s
currentSize : 3 <-- 0.001377 s
currentSize : 5 <-- 0.001761 s
currentSize : 6 <-- 0.001775 s
currentSize : 8 <-- 0.001878 s

maxsize : 8
nodes : 870.000000
filtered : 11067.000000
time : 0.004511
