Parameters: GAD=1 vflib=1 dir=0 label=1 lowerbound=1 fileNameGp=../graphsdb/mcs30/rand/r02/mcs30_r02_s90.A88 fileNameGt=../graphsdb/mcs30/rand/r02/mcs30_r02_s90.B88
Reading graphs...
90 :  1439
90 :  1437
Initializing...
maxdom : 10
D->valSize : 532
Solving...
currentSize : 7 <-- 0.005407 s
currentSize : 8 <-- 0.005594 s
currentSize : 9 <-- 0.006379 s
currentSize : 10 <-- 0.007084 s
currentSize : 12 <-- 0.007535 s
currentSize : 14 <-- 0.008248 s
currentSize : 22 <-- 0.023513 s

maxsize : 22
nodes : 40903.000000
filtered : 563031.000000
time : 0.325641
