Parameters: GAD=1 vflib=1 dir=0 label=1 lowerbound=1 fileNameGp=../graphsdb/mcs30/bvg/b06/mcs30_b06_s40.A74 fileNameGt=../graphsdb/mcs30/bvg/b06/mcs30_b06_s40.B74
Reading graphs...
40 :  118
40 :  115
Initializing...
maxdom : 6
D->valSize : 214
Solving...
currentSize : 1 <-- 0.001162 s
currentSize : 2 <-- 0.001205 s
currentSize : 4 <-- 0.001261 s
currentSize : 9 <-- 0.001311 s
currentSize : 11 <-- 0.001993 s
currentSize : 12 <-- 0.002076 s

maxsize : 12
nodes : 8170.000000
filtered : 32845.000000
time : 0.023987
