Parameters: GAD=1 vflib=1 dir=0 label=1 lowerbound=1 fileNameGp=../graphsdb/mcs30/bvg/b06/mcs30_b06_s40.A28 fileNameGt=../graphsdb/mcs30/bvg/b06/mcs30_b06_s40.B28
Reading graphs...
40 :  118
40 :  117
Initializing...
maxdom : 9
D->valSize : 218
Solving...
currentSize : 1 <-- 0.001217 s
currentSize : 2 <-- 0.001278 s
currentSize : 3 <-- 0.001373 s
currentSize : 5 <-- 0.001456 s
currentSize : 7 <-- 0.001667 s
currentSize : 12 <-- 0.001697 s

maxsize : 12
nodes : 4216.000000
filtered : 19064.000000
time : 0.015670
