Parameters: GAD=1 vflib=1 dir=0 label=1 lowerbound=1 fileNameGp=../graphsdb/mcs30/rand/r01/mcs30_r01_s50.A39 fileNameGt=../graphsdb/mcs30/rand/r01/mcs30_r01_s50.B39
Reading graphs...
50 :  229
50 :  235
Initializing...
maxdom : 8
D->valSize : 306
Solving...
currentSize : 2 <-- 0.001894 s
currentSize : 3 <-- 0.001985 s
currentSize : 5 <-- 0.002017 s
currentSize : 6 <-- 0.002134 s
currentSize : 7 <-- 0.002929 s
currentSize : 15 <-- 0.003108 s

maxsize : 15
nodes : 3741.000000
filtered : 47225.000000
time : 0.019874
