Parameters: GAD=1 vflib=1 dir=0 label=1 lowerbound=1 fileNameGp=../graphsdb/mcs30/bvg/b09/mcs30_b09_s90.A25 fileNameGt=../graphsdb/mcs30/bvg/b09/mcs30_b09_s90.B25
Reading graphs...
90 :  400
90 :  399
Initializing...
maxdom : 14
D->valSize : 511
Solving...
currentSize : 1 <-- 0.005034 s
currentSize : 2 <-- 0.005185 s
currentSize : 3 <-- 0.005311 s
currentSize : 16 <-- 0.005767 s
currentSize : 18 <-- 0.070762 s
currentSize : 26 <-- 0.627896 s

maxsize : 26
nodes : 68053066.000000
filtered : 274150756.000000
time : 383.750336
