Parameters: GAD=1 vflib=1 dir=0 label=1 lowerbound=1 fileNameGp=../graphsdb/mcs30/rand/r02/mcs30_r02_s70.A56 fileNameGt=../graphsdb/mcs30/rand/r02/mcs30_r02_s70.B56
Reading graphs...
70 :  883
70 :  876
Initializing...
maxdom : 7
D->valSize : 316
Solving...
currentSize : 4 <-- 0.002363 s
currentSize : 6 <-- 0.002402 s
currentSize : 7 <-- 0.002441 s
currentSize : 10 <-- 0.002540 s
currentSize : 11 <-- 0.005240 s
currentSize : 17 <-- 0.007913 s

maxsize : 17
nodes : 27508.000000
filtered : 190568.000000
time : 0.185429
