Parameters: GAD=1 vflib=1 dir=0 label=1 lowerbound=1 fileNameGp=../graphsdb/mcs30/bvg/b09m/mcs30_b09m_s50.A70 fileNameGt=../graphsdb/mcs30/bvg/b09m/mcs30_b09m_s50.B70
Reading graphs...
50 :  214
50 :  216
Initializing...
maxdom : 10
D->valSize : 314
Solving...
currentSize : 1 <-- 0.001984 s
currentSize : 2 <-- 0.002017 s
currentSize : 4 <-- 0.002053 s
currentSize : 6 <-- 0.002207 s
currentSize : 7 <-- 0.002389 s
currentSize : 13 <-- 0.003526 s

maxsize : 13
nodes : 32070.000000
filtered : 163854.000000
time : 0.118901
