Parameters: GAD=1 vflib=1 dir=0 label=1 lowerbound=1 fileNameGp=../graphsdb/mcs30/rand/r01/mcs30_r01_s50.A32 fileNameGt=../graphsdb/mcs30/rand/r01/mcs30_r01_s50.B32
Reading graphs...
50 :  239
50 :  230
Initializing...
maxdom : 9
D->valSize : 319
Solving...
currentSize : 2 <-- 0.001955 s
currentSize : 4 <-- 0.001998 s
currentSize : 7 <-- 0.002089 s
currentSize : 8 <-- 0.003696 s
currentSize : 9 <-- 0.004542 s
currentSize : 10 <-- 0.004695 s
currentSize : 14 <-- 0.005553 s
currentSize : 15 <-- 0.008973 s

maxsize : 15
nodes : 4685.000000
filtered : 53763.000000
time : 0.024261
