Parameters: GAD=1 vflib=1 dir=0 label=1 lowerbound=1 fileNameGp=../graphsdb/mcs30/rand/r01/mcs30_r01_s80.A17 fileNameGt=../graphsdb/mcs30/rand/r01/mcs30_r01_s80.B17
Reading graphs...
80 :  593
80 :  603
Initializing...
maxdom : 8
D->valSize : 410
Solving...
currentSize : 1 <-- 0.003491 s
currentSize : 3 <-- 0.003562 s
currentSize : 5 <-- 0.003673 s
currentSize : 11 <-- 0.003757 s
currentSize : 16 <-- 0.003945 s
currentSize : 24 <-- 0.006671 s

maxsize : 24
nodes : 201268.000000
filtered : 1182070.000000
time : 1.269532
