Parameters: GAD=1 vflib=1 dir=0 label=1 lowerbound=1 fileNameGp=../graphsdb/mcs30/rand/r02/mcs30_r02_s90.A92 fileNameGt=../graphsdb/mcs30/rand/r02/mcs30_r02_s90.B92
Reading graphs...
90 :  1411
90 :  1424
Initializing...
maxdom : 8
D->valSize : 527
Solving...
currentSize : 2 <-- 0.005187 s
currentSize : 3 <-- 0.005229 s
currentSize : 4 <-- 0.005252 s
currentSize : 8 <-- 0.005282 s
currentSize : 10 <-- 0.009324 s
currentSize : 11 <-- 0.009390 s
currentSize : 22 <-- 0.013546 s
currentSize : 23 <-- 0.077474 s

maxsize : 23
nodes : 28249.000000
filtered : 427919.000000
time : 0.227945
