Parameters: GAD=1 vflib=1 dir=0 label=1 lowerbound=1 fileNameGp=../graphsdb/mcs30/rand/r02/mcs30_r02_s40.A74 fileNameGt=../graphsdb/mcs30/rand/r02/mcs30_r02_s40.B74
Reading graphs...
40 :  276
40 :  268
Initializing...
maxdom : 10
D->valSize : 244
Solving...
currentSize : 3 <-- 0.001322 s
currentSize : 5 <-- 0.001358 s
currentSize : 6 <-- 0.001425 s
currentSize : 7 <-- 0.002110 s
currentSize : 8 <-- 0.003703 s
currentSize : 11 <-- 0.005845 s

maxsize : 11
nodes : 2881.000000
filtered : 42137.000000
time : 0.013982
