Parameters: GAD=1 vflib=1 dir=0 label=1 lowerbound=1 fileNameGp=../graphsdb/mcs30/rand/r005/mcs30_r005_s40.A04 fileNameGt=../graphsdb/mcs30/rand/r005/mcs30_r005_s40.B04
Reading graphs...
40 :  83
40 :  82
Initializing...
maxdom : 8
D->valSize : 203
Solving...
currentSize : 1 <-- 0.001054 s
currentSize : 2 <-- 0.001081 s
currentSize : 3 <-- 0.001144 s
currentSize : 11 <-- 0.001205 s
currentSize : 12 <-- 0.001395 s
currentSize : 13 <-- 0.001558 s

maxsize : 13
nodes : 1927.000000
filtered : 10884.000000
time : 0.006690
