Parameters: GAD=1 vflib=1 dir=0 label=1 lowerbound=1 fileNameGp=../graphsdb/mcs30/rand/r02/mcs30_r02_s50.A90 fileNameGt=../graphsdb/mcs30/rand/r02/mcs30_r02_s50.B90
Reading graphs...
50 :  429
50 :  440
Initializing...
maxdom : 8
D->valSize : 302
Solving...
currentSize : 5 <-- 0.001820 s
currentSize : 7 <-- 0.002100 s
currentSize : 8 <-- 0.006347 s
currentSize : 10 <-- 0.006794 s
currentSize : 11 <-- 0.009352 s
currentSize : 13 <-- 0.009632 s
currentSize : 14 <-- 0.009693 s

maxsize : 14
nodes : 5418.000000
filtered : 85173.000000
time : 0.029787
