Parameters: GAD=1 vflib=1 dir=0 label=1 lowerbound=1 fileNameGp=../graphsdb/mcs30/bvg/b06/mcs30_b06_s50.A59 fileNameGt=../graphsdb/mcs30/bvg/b06/mcs30_b06_s50.B59
Reading graphs...
50 :  148
50 :  146
Initializing...
maxdom : 11
D->valSize : 369
Solving...
currentSize : 1 <-- 0.002530 s
currentSize : 2 <-- 0.002626 s
currentSize : 3 <-- 0.002660 s
currentSize : 4 <-- 0.002697 s
currentSize : 10 <-- 0.002813 s
currentSize : 15 <-- 0.003649 s

maxsize : 15
nodes : 66461.000000
filtered : 341289.000000
time : 0.224172
