Parameters: GAD=1 vflib=1 dir=0 label=1 lowerbound=1 fileNameGp=../graphsdb/mcs30/rand/r01/mcs30_r01_s50.A67 fileNameGt=../graphsdb/mcs30/rand/r01/mcs30_r01_s50.B67
Reading graphs...
50 :  233
50 :  232
Initializing...
maxdom : 8
D->valSize : 305
Solving...
currentSize : 4 <-- 0.001847 s
currentSize : 5 <-- 0.001952 s
currentSize : 6 <-- 0.002095 s
currentSize : 10 <-- 0.002457 s
currentSize : 11 <-- 0.002477 s
currentSize : 14 <-- 0.004118 s
currentSize : 15 <-- 0.005021 s

maxsize : 15
nodes : 5593.000000
filtered : 54365.000000
time : 0.028158
