Parameters: GAD=1 vflib=1 dir=0 label=1 lowerbound=1 fileNameGp=../graphsdb/mcs30/bvg/b09m/mcs30_b09m_s50.A90 fileNameGt=../graphsdb/mcs30/bvg/b09m/mcs30_b09m_s50.B90
Reading graphs...
50 :  212
50 :  215
Initializing...
maxdom : 10
D->valSize : 310
Solving...
currentSize : 1 <-- 0.001950 s
currentSize : 2 <-- 0.001981 s
currentSize : 4 <-- 0.002050 s
currentSize : 5 <-- 0.002268 s
currentSize : 7 <-- 0.002431 s
currentSize : 10 <-- 0.002855 s

maxsize : 10
nodes : 9588.000000
filtered : 77597.000000
time : 0.036727
