Parameters: GAD=1 vflib=1 dir=0 label=1 lowerbound=1 fileNameGp=../graphsdb/mcs30/bvg/b09m/mcs30_b09m_s50.A38 fileNameGt=../graphsdb/mcs30/bvg/b09m/mcs30_b09m_s50.B38
Reading graphs...
50 :  214
50 :  217
Initializing...
maxdom : 11
D->valSize : 332
Solving...
currentSize : 2 <-- 0.002026 s
currentSize : 3 <-- 0.002088 s
currentSize : 5 <-- 0.002229 s
currentSize : 8 <-- 0.002261 s
currentSize : 9 <-- 0.003101 s
currentSize : 12 <-- 0.005432 s

maxsize : 12
nodes : 20895.000000
filtered : 122247.000000
time : 0.072268
