Parameters: GAD=1 vflib=1 dir=0 label=1 lowerbound=1 fileNameGp=../graphsdb/mcs30/rand/r02/mcs30_r02_s70.A89 fileNameGt=../graphsdb/mcs30/rand/r02/mcs30_r02_s70.B89
Reading graphs...
70 :  866
70 :  862
Initializing...
maxdom : 9
D->valSize : 306
Solving...
currentSize : 4 <-- 0.002182 s
currentSize : 8 <-- 0.002501 s
currentSize : 9 <-- 0.002575 s
currentSize : 10 <-- 0.002620 s
currentSize : 12 <-- 0.002976 s
currentSize : 17 <-- 0.006998 s
currentSize : 19 <-- 0.011118 s

maxsize : 19
nodes : 5039.000000
filtered : 65660.000000
time : 0.033404
