Parameters: GAD=1 vflib=1 dir=0 label=1 lowerbound=1 fileNameGp=../graphsdb/mcs30/bvg/b09/mcs30_b09_s50.A40 fileNameGt=../graphsdb/mcs30/bvg/b09/mcs30_b09_s50.B40
Reading graphs...
50 :  223
50 :  220
Initializing...
maxdom : 9
D->valSize : 312
Solving...
currentSize : 1 <-- 0.001938 s
currentSize : 2 <-- 0.001964 s
currentSize : 5 <-- 0.002014 s
currentSize : 6 <-- 0.002132 s
currentSize : 7 <-- 0.002154 s
currentSize : 15 <-- 0.003753 s

maxsize : 15
nodes : 40612.000000
filtered : 222737.000000
time : 0.158593
