Parameters: GAD=1 vflib=1 dir=0 label=1 lowerbound=1 fileNameGp=../graphsdb/mcs30/bvg/b09m/mcs30_b09m_s70.A83 fileNameGt=../graphsdb/mcs30/bvg/b09m/mcs30_b09m_s70.B83
Reading graphs...
70 :  311
70 :  308
Initializing...
maxdom : 7
D->valSize : 310
Solving...
currentSize : 1 <-- 0.002137 s
currentSize : 2 <-- 0.002221 s
currentSize : 10 <-- 0.002300 s
currentSize : 11 <-- 0.002316 s
currentSize : 12 <-- 0.003948 s
currentSize : 18 <-- 0.020809 s

maxsize : 18
nodes : 692796.000000
filtered : 1912942.000000
time : 3.226765
