Parameters: GAD=1 vflib=1 dir=0 label=1 lowerbound=1 fileNameGp=../graphsdb/mcs30/bvg/b09m/mcs30_b09m_s50.A88 fileNameGt=../graphsdb/mcs30/bvg/b09m/mcs30_b09m_s50.B88
Reading graphs...
50 :  215
50 :  220
Initializing...
maxdom : 10
D->valSize : 327
Solving...
currentSize : 1 <-- 0.002095 s
currentSize : 2 <-- 0.002125 s
currentSize : 3 <-- 0.002167 s
currentSize : 4 <-- 0.002197 s
currentSize : 6 <-- 0.002217 s
currentSize : 13 <-- 0.002634 s

maxsize : 13
nodes : 34286.000000
filtered : 218677.000000
time : 0.136490
