Parameters: GAD=1 vflib=1 dir=0 label=1 lowerbound=1 fileNameGp=../graphsdb/mcs30/rand/r02/mcs30_r02_s60.A29 fileNameGt=../graphsdb/mcs30/rand/r02/mcs30_r02_s60.B29
Reading graphs...
60 :  624
60 :  625
Initializing...
maxdom : 7
D->valSize : 235
Solving...
currentSize : 2 <-- 0.001793 s
currentSize : 3 <-- 0.001855 s
currentSize : 4 <-- 0.001976 s
currentSize : 8 <-- 0.002638 s
currentSize : 10 <-- 0.002998 s
currentSize : 13 <-- 0.003820 s
currentSize : 15 <-- 0.004333 s

maxsize : 15
nodes : 3536.000000
filtered : 36907.000000
time : 0.023295
