Parameters: GAD=1 vflib=1 dir=0 label=1 lowerbound=1 fileNameGp=../graphsdb/mcs30/rand/r02/mcs30_r02_s90.A98 fileNameGt=../graphsdb/mcs30/rand/r02/mcs30_r02_s90.B98
Reading graphs...
90 :  1451
90 :  1439
Initializing...
maxdom : 9
D->valSize : 524
Solving...
currentSize : 3 <-- 0.007964 s
currentSize : 4 <-- 0.008192 s
currentSize : 5 <-- 0.008501 s
currentSize : 6 <-- 0.008569 s
currentSize : 10 <-- 0.008712 s
currentSize : 11 <-- 0.008946 s
currentSize : 12 <-- 0.009174 s
currentSize : 15 <-- 0.012905 s
currentSize : 23 <-- 0.029008 s

maxsize : 23
nodes : 47968.000000
filtered : 534253.000000
time : 0.380667
