Parameters: GAD=1 vflib=1 dir=0 label=1 lowerbound=1 fileNameGp=../graphsdb/mcs30/rand/r01/mcs30_r01_s70.A57 fileNameGt=../graphsdb/mcs30/rand/r01/mcs30_r01_s70.B57
Reading graphs...
70 :  450
70 :  457
Initializing...
maxdom : 8
D->valSize : 340
Solving...
currentSize : 3 <-- 0.002470 s
currentSize : 4 <-- 0.002587 s
currentSize : 5 <-- 0.002617 s
currentSize : 6 <-- 0.002961 s
currentSize : 8 <-- 0.003180 s
currentSize : 21 <-- 0.004005 s

maxsize : 21
nodes : 57070.000000
filtered : 287221.000000
time : 0.310751
