Parameters: GAD=1 vflib=1 dir=0 label=1 lowerbound=1 fileNameGp=../graphsdb/mcs30/rand/r02/mcs30_r02_s90.A36 fileNameGt=../graphsdb/mcs30/rand/r02/mcs30_r02_s90.B36
Reading graphs...
90 :  1439
90 :  1424
Initializing...
maxdom : 10
D->valSize : 553
Solving...
currentSize : 4 <-- 0.005567 s
currentSize : 6 <-- 0.005632 s
currentSize : 8 <-- 0.006263 s
currentSize : 11 <-- 0.006408 s
currentSize : 20 <-- 0.007243 s
currentSize : 21 <-- 0.007481 s

maxsize : 21
nodes : 37985.000000
filtered : 500207.000000
time : 0.290444
