Parameters: GAD=1 vflib=1 dir=0 label=1 lowerbound=1 fileNameGp=../graphsdb/mcs30/bvg/b09m/mcs30_b09m_s35.A94 fileNameGt=../graphsdb/mcs30/bvg/b09m/mcs30_b09m_s35.B94
Reading graphs...
35 :  146
35 :  146
Initializing...
maxdom : 8
D->valSize : 156
Solving...
currentSize : 1 <-- 0.000920 s
currentSize : 2 <-- 0.000944 s
currentSize : 3 <-- 0.000990 s
currentSize : 5 <-- 0.001073 s
currentSize : 8 <-- 0.001217 s
currentSize : 9 <-- 0.001469 s

maxsize : 9
nodes : 1374.000000
filtered : 10118.000000
time : 0.005617
