Parameters: GAD=1 vflib=1 dir=0 label=1 lowerbound=1 fileNameGp=../graphsdb/mcs30/rand/r02/mcs30_r02_s80.A36 fileNameGt=../graphsdb/mcs30/rand/r02/mcs30_r02_s80.B36
Reading graphs...
80 :  1124
80 :  1137
Initializing...
maxdom : 13
D->valSize : 467
Solving...
currentSize : 4 <-- 0.004147 s
currentSize : 6 <-- 0.004340 s
currentSize : 8 <-- 0.005516 s
currentSize : 10 <-- 0.008724 s
currentSize : 15 <-- 0.009774 s
currentSize : 21 <-- 0.009883 s

maxsize : 21
nodes : 16110.000000
filtered : 271166.000000
time : 0.123492
