Parameters: GAD=1 vflib=1 dir=0 label=1 lowerbound=1 fileNameGp=../graphsdb/mcs30/rand/r02/mcs30_r02_s60.A09 fileNameGt=../graphsdb/mcs30/rand/r02/mcs30_r02_s60.B09
Reading graphs...
60 :  630
60 :  634
Initializing...
maxdom : 7
D->valSize : 251
Solving...
currentSize : 5 <-- 0.001672 s
currentSize : 6 <-- 0.001752 s
currentSize : 9 <-- 0.001837 s
currentSize : 13 <-- 0.002041 s
currentSize : 16 <-- 0.002945 s
currentSize : 17 <-- 0.003040 s

maxsize : 17
nodes : 2997.000000
filtered : 38262.000000
time : 0.019120
