Parameters: GAD=1 vflib=1 dir=0 label=1 lowerbound=1 fileNameGp=../graphsdb/mcs30/rand/r02/mcs30_r02_s90.A84 fileNameGt=../graphsdb/mcs30/rand/r02/mcs30_r02_s90.B84
Reading graphs...
90 :  1430
90 :  1423
Initializing...
maxdom : 8
D->valSize : 508
Solving...
currentSize : 3 <-- 0.005365 s
currentSize : 5 <-- 0.005447 s
currentSize : 6 <-- 0.005486 s
currentSize : 11 <-- 0.006891 s
currentSize : 12 <-- 0.007370 s
currentSize : 13 <-- 0.014474 s
currentSize : 15 <-- 0.030715 s
currentSize : 22 <-- 0.033275 s

maxsize : 22
nodes : 58001.000000
filtered : 597165.000000
time : 0.440347
