Parameters: GAD=1 vflib=1 dir=0 label=1 lowerbound=1 fileNameGp=../graphsdb/mcs30/rand/r02/mcs30_r02_s40.A55 fileNameGt=../graphsdb/mcs30/rand/r02/mcs30_r02_s40.B55
Reading graphs...
40 :  273
40 :  277
Initializing...
maxdom : 8
D->valSize : 222
Solving...
currentSize : 4 <-- 0.001162 s
currentSize : 5 <-- 0.001186 s
currentSize : 6 <-- 0.001284 s
currentSize : 8 <-- 0.001321 s
currentSize : 10 <-- 0.002941 s
currentSize : 12 <-- 0.002979 s

maxsize : 12
nodes : 1577.000000
filtered : 27908.000000
time : 0.008363
