Parameters: GAD=1 vflib=1 dir=0 label=1 lowerbound=1 fileNameGp=../graphsdb/mcs30/bvg/b03/mcs30_b03_s15.A73 fileNameGt=../graphsdb/mcs30/bvg/b03/mcs30_b03_s15.B73
Reading graphs...
15 :  22
15 :  20
Initializing...
maxdom : 9
D->valSize : 114
Solving...
currentSize : 1 <-- 0.000438 s
currentSize : 2 <-- 0.000459 s
currentSize : 4 <-- 0.000474 s
currentSize : 5 <-- 0.000516 s
currentSize : 6 <-- 0.000732 s
currentSize : 7 <-- 0.001431 s

maxsize : 7
nodes : 644.000000
filtered : 4711.000000
time : 0.002222
