Parameters: GAD=1 vflib=1 dir=0 label=1 lowerbound=1 fileNameGp=../graphsdb/mcs30/bvg/b09m/mcs30_b09m_s50.A14 fileNameGt=../graphsdb/mcs30/bvg/b09m/mcs30_b09m_s50.B14
Reading graphs...
50 :  211
50 :  213
Initializing...
maxdom : 9
D->valSize : 352
Solving...
currentSize : 1 <-- 0.002307 s
currentSize : 2 <-- 0.002345 s
currentSize : 3 <-- 0.002364 s
currentSize : 4 <-- 0.002381 s
currentSize : 5 <-- 0.002635 s
currentSize : 8 <-- 0.003451 s
currentSize : 9 <-- 0.003733 s
currentSize : 10 <-- 0.004592 s
currentSize : 12 <-- 0.005885 s
currentSize : 13 <-- 0.006675 s

maxsize : 13
nodes : 19732.000000
filtered : 112555.000000
time : 0.078683
