Parameters: GAD=1 vflib=1 dir=0 label=1 lowerbound=1 fileNameGp=../graphsdb/mcs30/rand/r01/mcs30_r01_s40.A02 fileNameGt=../graphsdb/mcs30/rand/r01/mcs30_r01_s40.B02
Reading graphs...
40 :  149
40 :  146
Initializing...
maxdom : 7
D->valSize : 194
Solving...
currentSize : 1 <-- 0.000885 s
currentSize : 3 <-- 0.000927 s
currentSize : 4 <-- 0.000939 s
currentSize : 5 <-- 0.001006 s
currentSize : 9 <-- 0.001075 s
currentSize : 12 <-- 0.001089 s

maxsize : 12
nodes : 1304.000000
filtered : 11615.000000
time : 0.005720
