Parameters: GAD=1 vflib=1 dir=0 label=1 lowerbound=1 fileNameGp=../graphsdb/mcs30/m3D/m3Dr6/mcs30_m3Dr6_s40.A74 fileNameGt=../graphsdb/mcs30/m3D/m3Dr6/mcs30_m3Dr6_s40.B74
Reading graphs...
40 :  104
40 :  107
Initializing...
maxdom : 11
D->valSize : 218
Solving...
currentSize : 1 <-- 0.001193 s
currentSize : 2 <-- 0.001219 s
currentSize : 4 <-- 0.001295 s
currentSize : 5 <-- 0.001398 s
currentSize : 6 <-- 0.001673 s
currentSize : 8 <-- 0.001867 s

maxsize : 8
nodes : 770.000000
filtered : 11042.000000
time : 0.004002
