Parameters: GAD=1 vflib=1 dir=0 label=1 lowerbound=1 fileNameGp=../graphsdb/mcs30/rand/r01/mcs30_r01_s90.A10 fileNameGt=../graphsdb/mcs30/rand/r01/mcs30_r01_s90.B10
Reading graphs...
90 :  761
90 :  759
Initializing...
maxdom : 11
D->valSize : 531
Solving...
currentSize : 2 <-- 0.005441 s
currentSize : 4 <-- 0.005534 s
currentSize : 14 <-- 0.005824 s
currentSize : 15 <-- 0.007298 s
currentSize : 16 <-- 0.008053 s
currentSize : 18 <-- 0.018961 s
currentSize : 27 <-- 0.049591 s

maxsize : 27
nodes : 394136.000000
filtered : 2782390.000000
time : 2.813298
