Parameters: GAD=1 vflib=1 dir=0 label=1 lowerbound=1 fileNameGp=../graphsdb/mcs30/bvg/b09/mcs30_b09_s90.A91 fileNameGt=../graphsdb/mcs30/bvg/b09/mcs30_b09_s90.B91
Reading graphs...
90 :  401
90 :  395
Initializing...
maxdom : 10
D->valSize : 505
Solving...
currentSize : 1 <-- 0.004846 s
currentSize : 6 <-- 0.004932 s
currentSize : 11 <-- 0.004994 s
currentSize : 13 <-- 0.007871 s
currentSize : 25 <-- 0.015615 s
currentSize : 26 <-- 0.016666 s

maxsize : 26
nodes : 178168982.000000
filtered : 491137047.000000
time : 865.968445
