Parameters: GAD=1 vflib=1 dir=0 label=1 lowerbound=1 fileNameGp=../graphsdb/mcs30/m2D/m2Dr6/mcs30_m2Dr6_s50.A16 fileNameGt=../graphsdb/mcs30/m2D/m2Dr6/mcs30_m2Dr6_s50.B16
Reading graphs...
50 :  110
50 :  107
Initializing...
maxdom : 8
D->valSize : 309
Solving...
currentSize : 1 <-- 0.001871 s
currentSize : 2 <-- 0.001906 s
currentSize : 3 <-- 0.001932 s
currentSize : 12 <-- 0.002023 s
currentSize : 13 <-- 0.003269 s
currentSize : 16 <-- 0.003673 s

maxsize : 16
nodes : 36659.000000
filtered : 187278.000000
time : 0.126524
