Parameters: GAD=1 vflib=1 dir=0 label=1 lowerbound=1 fileNameGp=../graphsdb/mcs30/bvg/b03/mcs30_b03_s25.A74 fileNameGt=../graphsdb/mcs30/bvg/b03/mcs30_b03_s25.B74
Reading graphs...
25 :  35
25 :  36
Initializing...
maxdom : 7
D->valSize : 160
Solving...
currentSize : 1 <-- 0.000715 s
currentSize : 2 <-- 0.000740 s
currentSize : 3 <-- 0.000765 s
currentSize : 4 <-- 0.000797 s
currentSize : 6 <-- 0.000830 s
currentSize : 7 <-- 0.001362 s

maxsize : 7
nodes : 466.000000
filtered : 5090.000000
time : 0.002155
