Parameters: GAD=1 vflib=1 dir=0 label=1 lowerbound=1 fileNameGp=../graphsdb/mcs30/rand/r01/mcs30_r01_s80.A66 fileNameGt=../graphsdb/mcs30/rand/r01/mcs30_r01_s80.B66
Reading graphs...
80 :  599
80 :  599
Initializing...
maxdom : 7
D->valSize : 400
Solving...
currentSize : 3 <-- 0.003478 s
currentSize : 4 <-- 0.003940 s
currentSize : 5 <-- 0.003959 s
currentSize : 9 <-- 0.004132 s
currentSize : 13 <-- 0.004367 s
currentSize : 24 <-- 0.007924 s

maxsize : 24
nodes : 98962.000000
filtered : 611833.000000
time : 0.616136
