Parameters: GAD=1 vflib=1 dir=0 label=1 lowerbound=1 fileNameGp=../graphsdb/mcs30/rand/r01/mcs30_r01_s40.A27 fileNameGt=../graphsdb/mcs30/rand/r01/mcs30_r01_s40.B27
Reading graphs...
40 :  150
40 :  152
Initializing...
maxdom : 8
D->valSize : 213
Solving...
currentSize : 1 <-- 0.001141 s
currentSize : 2 <-- 0.001168 s
currentSize : 3 <-- 0.001192 s
currentSize : 4 <-- 0.001272 s
currentSize : 6 <-- 0.001327 s
currentSize : 12 <-- 0.001653 s

maxsize : 12
nodes : 1437.000000
filtered : 15248.000000
time : 0.006854
