Parameters: GAD=1 vflib=1 dir=0 label=1 lowerbound=1 fileNameGp=../graphsdb/mcs30/rand/r01/mcs30_r01_s40.A13 fileNameGt=../graphsdb/mcs30/rand/r01/mcs30_r01_s40.B13
Reading graphs...
40 :  147
40 :  150
Initializing...
maxdom : 6
D->valSize : 199
Solving...
currentSize : 1 <-- 0.001067 s
currentSize : 3 <-- 0.001097 s
currentSize : 4 <-- 0.001170 s
currentSize : 5 <-- 0.001200 s
currentSize : 7 <-- 0.001432 s
currentSize : 12 <-- 0.001562 s

maxsize : 12
nodes : 996.000000
filtered : 11963.000000
time : 0.004941
