Parameters: GAD=1 vflib=1 dir=0 label=1 lowerbound=1 fileNameGp=../graphsdb/mcs30/rand/r02/mcs30_r02_s80.A04 fileNameGt=../graphsdb/mcs30/rand/r02/mcs30_r02_s80.B04
Reading graphs...
80 :  1122
80 :  1140
Initializing...
maxdom : 10
D->valSize : 503
Solving...
currentSize : 5 <-- 0.004575 s
currentSize : 6 <-- 0.004772 s
currentSize : 7 <-- 0.005948 s
currentSize : 8 <-- 0.010050 s
currentSize : 10 <-- 0.010198 s
currentSize : 11 <-- 0.010928 s
currentSize : 15 <-- 0.011297 s
currentSize : 19 <-- 0.019308 s
currentSize : 21 <-- 0.025509 s

maxsize : 21
nodes : 13351.000000
filtered : 270402.000000
time : 0.105642
