Parameters: GAD=1 vflib=1 dir=0 label=1 lowerbound=1 fileNameGp=../graphsdb/mcs30/rand/r01/mcs30_r01_s50.A21 fileNameGt=../graphsdb/mcs30/rand/r01/mcs30_r01_s50.B21
Reading graphs...
50 :  232
50 :  231
Initializing...
maxdom : 11
D->valSize : 310
Solving...
currentSize : 1 <-- 0.001909 s
currentSize : 3 <-- 0.001942 s
currentSize : 5 <-- 0.002061 s
currentSize : 7 <-- 0.002084 s
currentSize : 11 <-- 0.002276 s
currentSize : 13 <-- 0.002451 s
currentSize : 14 <-- 0.003604 s

maxsize : 14
nodes : 6478.000000
filtered : 54268.000000
time : 0.027821
