Parameters: GAD=1 vflib=1 dir=0 label=1 lowerbound=1 fileNameGp=../graphsdb/mcs30/rand/r02/mcs30_r02_s50.A40 fileNameGt=../graphsdb/mcs30/rand/r02/mcs30_r02_s50.B40
Reading graphs...
50 :  429
50 :  436
Initializing...
maxdom : 13
D->valSize : 346
Solving...
currentSize : 2 <-- 0.002234 s
currentSize : 3 <-- 0.002262 s
currentSize : 5 <-- 0.002282 s
currentSize : 6 <-- 0.002483 s
currentSize : 7 <-- 0.003209 s
currentSize : 9 <-- 0.003910 s
currentSize : 12 <-- 0.004094 s
currentSize : 14 <-- 0.004230 s

maxsize : 14
nodes : 5644.000000
filtered : 109667.000000
time : 0.033643
