Parameters: GAD=1 vflib=1 dir=0 label=1 lowerbound=1 fileNameGp=../graphsdb/mcs30/rand/r02/mcs30_r02_s90.A82 fileNameGt=../graphsdb/mcs30/rand/r02/mcs30_r02_s90.B82
Reading graphs...
90 :  1427
90 :  1420
Initializing...
maxdom : 10
D->valSize : 528
Solving...
currentSize : 4 <-- 0.008101 s
currentSize : 5 <-- 0.008142 s
currentSize : 6 <-- 0.008817 s
currentSize : 9 <-- 0.012114 s
currentSize : 11 <-- 0.021228 s
currentSize : 12 <-- 0.021329 s
currentSize : 13 <-- 0.021497 s
currentSize : 14 <-- 0.032345 s
currentSize : 17 <-- 0.032824 s
currentSize : 18 <-- 0.033062 s
currentSize : 19 <-- 0.034059 s
currentSize : 20 <-- 0.034309 s
currentSize : 21 <-- 0.034729 s

maxsize : 21
nodes : 52168.000000
filtered : 535497.000000
time : 0.507808
