Parameters: GAD=1 vflib=1 dir=0 label=1 lowerbound=1 fileNameGp=../graphsdb/mcs30/rand/r02/mcs30_r02_s90.A12 fileNameGt=../graphsdb/mcs30/rand/r02/mcs30_r02_s90.B12
Reading graphs...
90 :  1443
90 :  1450
Initializing...
maxdom : 10
D->valSize : 577
Solving...
currentSize : 5 <-- 0.009226 s
currentSize : 6 <-- 0.009424 s
currentSize : 14 <-- 0.010270 s
currentSize : 17 <-- 0.015326 s
currentSize : 18 <-- 0.027472 s
currentSize : 23 <-- 0.036288 s

maxsize : 23
nodes : 35753.000000
filtered : 537392.000000
time : 0.457233
