Parameters: GAD=1 vflib=1 dir=0 label=1 lowerbound=1 fileNameGp=../graphsdb/mcs30/rand/r02/mcs30_r02_s100.A97 fileNameGt=../graphsdb/mcs30/rand/r02/mcs30_r02_s100.B97
Reading graphs...
100 :  1771
100 :  1773
Initializing...
maxdom : 7
D->valSize : 328
Solving...
currentSize : 1 <-- 0.003325 s
currentSize : 3 <-- 0.003382 s
currentSize : 8 <-- 0.003481 s
currentSize : 9 <-- 0.003533 s
currentSize : 18 <-- 0.003975 s
currentSize : 29 <-- 0.006739 s

maxsize : 29
nodes : 7433.000000
filtered : 98085.000000
time : 0.067267
