Parameters: GAD=1 vflib=1 dir=0 label=1 lowerbound=1 fileNameGp=../graphsdb/mcs30/rand/r005/mcs30_r005_s50.A87 fileNameGt=../graphsdb/mcs30/rand/r005/mcs30_r005_s50.B87
Reading graphs...
50 :  126
50 :  125
Initializing...
maxdom : 10
D->valSize : 309
Solving...
currentSize : 1 <-- 0.001902 s
currentSize : 11 <-- 0.001973 s
currentSize : 13 <-- 0.002028 s
currentSize : 14 <-- 0.003990 s
currentSize : 15 <-- 0.004365 s
currentSize : 16 <-- 0.004527 s

maxsize : 16
nodes : 5808.000000
filtered : 29257.000000
time : 0.021132
