Parameters: GAD=1 vflib=1 dir=0 label=1 lowerbound=1 fileNameGp=../graphsdb/mcs30/bvg/b06m/mcs30_b06m_s25.A45 fileNameGt=../graphsdb/mcs30/bvg/b06m/mcs30_b06m_s25.B45
Reading graphs...
25 :  70
25 :  68
Initializing...
maxdom : 8
D->valSize : 144
Solving...
currentSize : 3 <-- 0.000710 s
currentSize : 5 <-- 0.000782 s
currentSize : 6 <-- 0.000903 s
currentSize : 7 <-- 0.000952 s
currentSize : 8 <-- 0.001272 s
currentSize : 9 <-- 0.001371 s

maxsize : 9
nodes : 668.000000
filtered : 7752.000000
time : 0.003175
