Parameters: GAD=1 vflib=1 dir=0 label=1 lowerbound=1 fileNameGp=../graphsdb/mcs30/rand/r02/mcs30_r02_s40.A60 fileNameGt=../graphsdb/mcs30/rand/r02/mcs30_r02_s40.B60
Reading graphs...
40 :  279
40 :  275
Initializing...
maxdom : 7
D->valSize : 203
Solving...
currentSize : 1 <-- 0.001134 s
currentSize : 5 <-- 0.001174 s
currentSize : 6 <-- 0.001277 s
currentSize : 7 <-- 0.002135 s
currentSize : 8 <-- 0.003613 s
currentSize : 9 <-- 0.004816 s
currentSize : 10 <-- 0.005252 s

maxsize : 10
nodes : 2051.000000
filtered : 25482.000000
time : 0.009624
