Parameters: GAD=1 vflib=1 dir=0 label=1 lowerbound=1 fileNameGp=../graphsdb/mcs30/rand/r02/mcs30_r02_s80.A75 fileNameGt=../graphsdb/mcs30/rand/r02/mcs30_r02_s80.B75
Reading graphs...
80 :  1126
80 :  1125
Initializing...
maxdom : 7
D->valSize : 394
Solving...
currentSize : 2 <-- 0.003224 s
currentSize : 3 <-- 0.003263 s
currentSize : 4 <-- 0.003400 s
currentSize : 8 <-- 0.003518 s
currentSize : 9 <-- 0.003603 s
currentSize : 11 <-- 0.005747 s
currentSize : 12 <-- 0.005786 s
currentSize : 21 <-- 0.009323 s

maxsize : 21
nodes : 11699.000000
filtered : 150263.000000
time : 0.085601
