Parameters: GAD=1 vflib=1 dir=0 label=1 lowerbound=1 fileNameGp=../graphsdb/mcs30/rand/r02/mcs30_r02_s60.A24 fileNameGt=../graphsdb/mcs30/rand/r02/mcs30_r02_s60.B24
Reading graphs...
60 :  632
60 :  622
Initializing...
maxdom : 8
D->valSize : 241
Solving...
currentSize : 6 <-- 0.001602 s
currentSize : 7 <-- 0.001714 s
currentSize : 8 <-- 0.001970 s
currentSize : 9 <-- 0.002038 s
currentSize : 14 <-- 0.002550 s
currentSize : 15 <-- 0.002682 s

maxsize : 15
nodes : 2020.000000
filtered : 33072.000000
time : 0.013432
