Parameters: GAD=1 vflib=1 dir=0 label=1 lowerbound=1 fileNameGp=../graphsdb/mcs30/bvg/b06m/mcs30_b06m_s50.A34 fileNameGt=../graphsdb/mcs30/bvg/b06m/mcs30_b06m_s50.B34
Reading graphs...
50 :  149
50 :  147
Initializing...
maxdom : 8
D->valSize : 316
Solving...
currentSize : 1 <-- 0.001985 s
currentSize : 2 <-- 0.002027 s
currentSize : 4 <-- 0.002073 s
currentSize : 10 <-- 0.002140 s
currentSize : 14 <-- 0.003347 s
currentSize : 15 <-- 0.004744 s

maxsize : 15
nodes : 95121.000000
filtered : 432965.000000
time : 0.322154
