Parameters: GAD=1 vflib=1 dir=0 label=1 lowerbound=1 fileNameGp=../graphsdb/mcs30/rand/r005/mcs30_r005_s50.A90 fileNameGt=../graphsdb/mcs30/rand/r005/mcs30_r005_s50.B90
Reading graphs...
50 :  123
50 :  125
Initializing...
maxdom : 10
D->valSize : 310
Solving...
currentSize : 1 <-- 0.001901 s
currentSize : 3 <-- 0.001941 s
currentSize : 4 <-- 0.001996 s
currentSize : 5 <-- 0.002029 s
currentSize : 14 <-- 0.002292 s
currentSize : 15 <-- 0.002323 s

maxsize : 15
nodes : 2502.000000
filtered : 20144.000000
time : 0.010401
