Parameters: GAD=1 vflib=1 dir=0 label=1 lowerbound=1 fileNameGp=../graphsdb/mcs30/bvg/b06/mcs30_b06_s50.A85 fileNameGt=../graphsdb/mcs30/bvg/b06/mcs30_b06_s50.B85
Reading graphs...
50 :  148
50 :  147
Initializing...
maxdom : 10
D->valSize : 309
Solving...
currentSize : 1 <-- 0.003084 s
currentSize : 2 <-- 0.003262 s
currentSize : 3 <-- 0.003334 s
currentSize : 6 <-- 0.003419 s
currentSize : 10 <-- 0.003925 s
currentSize : 15 <-- 0.005353 s

maxsize : 15
nodes : 38399.000000
filtered : 138809.000000
time : 0.135541
