Parameters: GAD=1 vflib=1 dir=0 label=1 lowerbound=1 fileNameGp=../graphsdb/mcs30/rand/r005/mcs30_r005_s70.A10 fileNameGt=../graphsdb/mcs30/rand/r005/mcs30_r005_s70.B10
Reading graphs...
70 :  236
70 :  235
Initializing...
maxdom : 7
D->valSize : 325
Solving...
currentSize : 1 <-- 0.002280 s
currentSize : 2 <-- 0.002312 s
currentSize : 3 <-- 0.002344 s
currentSize : 10 <-- 0.002456 s
currentSize : 20 <-- 0.002817 s
currentSize : 21 <-- 0.013066 s

maxsize : 21
nodes : 26345.000000
filtered : 94546.000000
time : 0.106550
