Parameters: GAD=1 vflib=1 dir=0 label=1 lowerbound=1 fileNameGp=../graphsdb/mcs50/rand/r02/mcs50_r02_s15.A79 fileNameGt=../graphsdb/mcs50/rand/r02/mcs50_r02_s15.B79
Reading graphs...
15 :  38
15 :  35
Initializing...
maxdom : 8
D->valSize : 110
Solving...
currentSize : 1 <-- 0.000584 s
currentSize : 2 <-- 0.000613 s
currentSize : 3 <-- 0.000650 s
currentSize : 5 <-- 0.000660 s
currentSize : 6 <-- 0.000932 s
currentSize : 7 <-- 0.001106 s
currentSize : 8 <-- 0.001132 s

maxsize : 8
nodes : 435.000000
filtered : 5269.000000
time : 0.002104
