Parameters: GAD=1 vflib=1 dir=0 label=1 lowerbound=1 fileNameGp=../graphsdb/mcs50/rand/r01/mcs50_r01_s10.A20 fileNameGt=../graphsdb/mcs50/rand/r01/mcs50_r01_s10.B20
Reading graphs...
10 :  11
10 :  11
Initializing...
maxdom : 7
D->valSize : 58
Solving...
currentSize : 1 <-- 0.000370 s
currentSize : 3 <-- 0.000391 s
currentSize : 4 <-- 0.000400 s
currentSize : 5 <-- 0.000408 s
currentSize : 6 <-- 0.000416 s
currentSize : 7 <-- 0.000461 s

maxsize : 7
nodes : 48.000000
filtered : 293.000000
time : 0.000496
