Parameters: GAD=1 vflib=1 dir=0 label=1 lowerbound=1 fileNameGp=../graphsdb/mcs50/bvg/b06/mcs50_b06_s20.A06 fileNameGt=../graphsdb/mcs50/bvg/b06/mcs50_b06_s20.B06
Reading graphs...
20 :  59
20 :  58
Initializing...
maxdom : 8
D->valSize : 112
Solving...
currentSize : 2 <-- 0.000580 s
currentSize : 4 <-- 0.000619 s
currentSize : 5 <-- 0.000641 s
currentSize : 6 <-- 0.000721 s
currentSize : 9 <-- 0.001263 s
currentSize : 10 <-- 0.001401 s

maxsize : 10
nodes : 329.000000
filtered : 3242.000000
time : 0.001845
