Parameters: GAD=1 vflib=1 dir=0 label=1 lowerbound=1 fileNameGp=../graphsdb/mcs50/rand/r01/mcs50_r01_s35.A12 fileNameGt=../graphsdb/mcs50/rand/r01/mcs50_r01_s35.B12
Reading graphs...
35 :  111
35 :  112
Initializing...
maxdom : 8
D->valSize : 166
Solving...
currentSize : 1 <-- 0.000849 s
currentSize : 3 <-- 0.000878 s
currentSize : 6 <-- 0.000919 s
currentSize : 7 <-- 0.000938 s
currentSize : 13 <-- 0.001052 s
currentSize : 17 <-- 0.001179 s

maxsize : 17
nodes : 1937.000000
filtered : 13651.000000
time : 0.009346
