Parameters: GAD=1 vflib=1 dir=0 label=1 lowerbound=1 fileNameGp=../graphsdb/mcs50/rand/r02/mcs50_r02_s70.A42 fileNameGt=../graphsdb/mcs50/rand/r02/mcs50_r02_s70.B42
Reading graphs...
70 :  875
70 :  850
Initializing...
maxdom : 8
D->valSize : 361
Solving...
currentSize : 3 <-- 0.002691 s
currentSize : 4 <-- 0.002742 s
currentSize : 5 <-- 0.002794 s
currentSize : 8 <-- 0.002853 s
currentSize : 12 <-- 0.003102 s
currentSize : 28 <-- 0.003326 s

maxsize : 28
nodes : 15815.000000
filtered : 136968.000000
time : 0.104043
