Parameters: GAD=1 vflib=1 dir=0 label=1 lowerbound=1 fileNameGp=../graphsdb/mcs50/m3D/m3Dr4/mcs50_m3Dr4_s50.A50 fileNameGt=../graphsdb/mcs50/m3D/m3Dr4/mcs50_m3Dr4_s50.B50
Reading graphs...
50 :  124
50 :  123
Initializing...
maxdom : 10
D->valSize : 334
Solving...
currentSize : 1 <-- 0.002157 s
currentSize : 4 <-- 0.002210 s
currentSize : 8 <-- 0.002453 s
currentSize : 13 <-- 0.002501 s
currentSize : 16 <-- 0.003115 s
currentSize : 24 <-- 0.008370 s
currentSize : 26 <-- 0.008508 s

maxsize : 26
nodes : 378133.000000
filtered : 1416652.000000
time : 1.508241
