Parameters: GAD=1 vflib=1 dir=0 label=1 lowerbound=1 fileNameGp=../graphsdb/mcs50/rand/r02/mcs50_r02_s90.A00 fileNameGt=../graphsdb/mcs50/rand/r02/mcs50_r02_s90.B00
Reading graphs...
90 :  1433
90 :  1416
Initializing...
maxdom : 13
D->valSize : 606
Solving...
currentSize : 4 <-- 0.006533 s
currentSize : 6 <-- 0.006611 s
currentSize : 7 <-- 0.007033 s
currentSize : 11 <-- 0.008127 s
currentSize : 13 <-- 0.008416 s
currentSize : 18 <-- 0.009367 s
currentSize : 24 <-- 0.023927 s
currentSize : 25 <-- 0.024093 s
currentSize : 34 <-- 0.031449 s
currentSize : 35 <-- 0.031673 s
currentSize : 36 <-- 0.038211 s

maxsize : 36
nodes : 38614.000000
filtered : 373109.000000
time : 0.301513
