Parameters: GAD=1 vflib=1 dir=0 label=1 lowerbound=1 fileNameGp=../graphsdb/mcs50/bvg/b09/mcs50_b09_s50.A81 fileNameGt=../graphsdb/mcs50/bvg/b09/mcs50_b09_s50.B81
Reading graphs...
50 :  222
50 :  223
Initializing...
maxdom : 11
D->valSize : 330
Solving...
currentSize : 1 <-- 0.002063 s
currentSize : 3 <-- 0.002101 s
currentSize : 4 <-- 0.002116 s
currentSize : 5 <-- 0.002212 s
currentSize : 6 <-- 0.002233 s
currentSize : 7 <-- 0.002262 s
currentSize : 10 <-- 0.002423 s
currentSize : 13 <-- 0.002658 s
currentSize : 24 <-- 0.006061 s

maxsize : 24
nodes : 30954.000000
filtered : 165802.000000
time : 0.140855
