Parameters: GAD=1 vflib=1 dir=0 label=1 lowerbound=1 fileNameGp=../graphsdb/mcs50/rand/r02/mcs50_r02_s90.A68 fileNameGt=../graphsdb/mcs50/rand/r02/mcs50_r02_s90.B68
Reading graphs...
90 :  1442
90 :  1419
Initializing...
maxdom : 12
D->valSize : 565
Solving...
currentSize : 3 <-- 0.005917 s
currentSize : 5 <-- 0.005998 s
currentSize : 8 <-- 0.006381 s
currentSize : 14 <-- 0.007616 s
currentSize : 22 <-- 0.008351 s
currentSize : 25 <-- 0.012960 s
currentSize : 36 <-- 0.020690 s
currentSize : 37 <-- 0.020927 s
currentSize : 38 <-- 0.151655 s

maxsize : 38
nodes : 48971.000000
filtered : 404495.000000
time : 0.392777
