Parameters: GAD=1 vflib=1 dir=0 label=1 lowerbound=1 fileNameGp=../graphsdb/mcs50/bvg/b09m/mcs50_b09m_s50.A82 fileNameGt=../graphsdb/mcs50/bvg/b09m/mcs50_b09m_s50.B82
Reading graphs...
50 :  220
50 :  219
Initializing...
maxdom : 8
D->valSize : 331
Solving...
currentSize : 1 <-- 0.003300 s
currentSize : 8 <-- 0.003393 s
currentSize : 9 <-- 0.004043 s
currentSize : 11 <-- 0.004371 s
currentSize : 16 <-- 0.006652 s
currentSize : 17 <-- 0.084137 s
currentSize : 21 <-- 0.119719 s
currentSize : 22 <-- 0.219584 s

maxsize : 22
nodes : 94462.000000
filtered : 398058.000000
time : 0.459207
