Parameters: GAD=1 vflib=1 dir=0 label=1 lowerbound=1 fileNameGp=../graphsdb/mcs50/m2D/m2Dr6/mcs50_m2Dr6_s20.A62 fileNameGt=../graphsdb/mcs50/m2D/m2Dr6/mcs50_m2Dr6_s20.B62
Reading graphs...
20 :  42
20 :  41
Initializing...
maxdom : 7
D->valSize : 96
Solving...
currentSize : 1 <-- 0.000457 s
currentSize : 3 <-- 0.000480 s
currentSize : 4 <-- 0.000486 s
currentSize : 5 <-- 0.000757 s
currentSize : 7 <-- 0.000819 s
currentSize : 9 <-- 0.000925 s

maxsize : 9
nodes : 260.000000
filtered : 2129.000000
time : 0.001264
