Parameters: GAD=1 vflib=1 dir=0 label=1 lowerbound=1 fileNameGp=../graphsdb/mcs50/rand/r02/mcs50_r02_s70.A37 fileNameGt=../graphsdb/mcs50/rand/r02/mcs50_r02_s70.B37
Reading graphs...
70 :  860
70 :  867
Initializing...
maxdom : 9
D->valSize : 343
Solving...
currentSize : 1 <-- 0.002655 s
currentSize : 2 <-- 0.002693 s
currentSize : 3 <-- 0.002735 s
currentSize : 7 <-- 0.002789 s
currentSize : 8 <-- 0.002916 s
currentSize : 10 <-- 0.003464 s
currentSize : 27 <-- 0.003693 s

maxsize : 27
nodes : 11508.000000
filtered : 109886.000000
time : 0.078043
