Parameters: GAD=1 vflib=1 dir=0 label=1 lowerbound=1 fileNameGp=../graphsdb/mcs50/rand/r02/mcs50_r02_s50.A03 fileNameGt=../graphsdb/mcs50/rand/r02/mcs50_r02_s50.B03
Reading graphs...
50 :  432
50 :  439
Initializing...
maxdom : 12
D->valSize : 371
Solving...
currentSize : 3 <-- 0.002453 s
currentSize : 4 <-- 0.002475 s
currentSize : 5 <-- 0.002571 s
currentSize : 6 <-- 0.002598 s
currentSize : 7 <-- 0.004466 s
currentSize : 9 <-- 0.006127 s
currentSize : 10 <-- 0.006635 s
currentSize : 21 <-- 0.007046 s

maxsize : 21
nodes : 5042.000000
filtered : 94387.000000
time : 0.030377
