Parameters: GAD=1 vflib=1 dir=0 label=1 lowerbound=1 fileNameGp=../graphsdb/mcs50/bvg/b09/mcs50_b09_s40.A72 fileNameGt=../graphsdb/mcs50/bvg/b09/mcs50_b09_s40.B72
Reading graphs...
40 :  175
40 :  176
Initializing...
maxdom : 8
D->valSize : 201
Solving...
currentSize : 1 <-- 0.001073 s
currentSize : 2 <-- 0.001097 s
currentSize : 6 <-- 0.001154 s
currentSize : 7 <-- 0.001275 s
currentSize : 8 <-- 0.001393 s
currentSize : 12 <-- 0.001795 s
currentSize : 20 <-- 0.003829 s

maxsize : 20
nodes : 3535.000000
filtered : 20283.000000
time : 0.014613
