Parameters: GAD=1 vflib=1 dir=0 label=1 lowerbound=1 fileNameGp=../graphsdb/mcs50/rand/r01/mcs50_r01_s35.A44 fileNameGt=../graphsdb/mcs50/rand/r01/mcs50_r01_s35.B44
Reading graphs...
35 :  112
35 :  112
Initializing...
maxdom : 8
D->valSize : 155
Solving...
currentSize : 1 <-- 0.000744 s
currentSize : 2 <-- 0.000766 s
currentSize : 3 <-- 0.000838 s
currentSize : 4 <-- 0.000935 s
currentSize : 14 <-- 0.000990 s
currentSize : 16 <-- 0.001026 s

maxsize : 16
nodes : 586.000000
filtered : 5625.000000
time : 0.003016
