Parameters: GAD=1 vflib=1 dir=0 label=1 lowerbound=1 fileNameGp=../graphsdb/mcs50/rand/r02/mcs50_r02_s70.A27 fileNameGt=../graphsdb/mcs50/rand/r02/mcs50_r02_s70.B27
Reading graphs...
70 :  863
70 :  850
Initializing...
maxdom : 8
D->valSize : 318
Solving...
currentSize : 1 <-- 0.003534 s
currentSize : 3 <-- 0.003599 s
currentSize : 4 <-- 0.003720 s
currentSize : 5 <-- 0.003761 s
currentSize : 14 <-- 0.004341 s
currentSize : 29 <-- 0.006168 s

maxsize : 29
nodes : 8124.000000
filtered : 76458.000000
time : 0.085885
