Parameters: GAD=1 vflib=1 dir=0 label=1 lowerbound=1 fileNameGp=../graphsdb/mcs50/bvg/b06/mcs50_b06_s20.A66 fileNameGt=../graphsdb/mcs50/bvg/b06/mcs50_b06_s20.B66
Reading graphs...
20 :  60
20 :  57
Initializing...
maxdom : 10
D->valSize : 117
Solving...
currentSize : 3 <-- 0.000571 s
currentSize : 4 <-- 0.000587 s
currentSize : 5 <-- 0.000646 s
currentSize : 6 <-- 0.000661 s
currentSize : 7 <-- 0.000704 s
currentSize : 10 <-- 0.001055 s

maxsize : 10
nodes : 218.000000
filtered : 2371.000000
time : 0.001308
