Parameters: GAD=1 vflib=1 dir=0 label=1 lowerbound=1 fileNameGp=../graphsdb/mcs50/rand/r01/mcs50_r01_s90.A79 fileNameGt=../graphsdb/mcs50/rand/r01/mcs50_r01_s90.B79
Reading graphs...
90 :  751
90 :  756
Initializing...
maxdom : 9
D->valSize : 563
Solving...
currentSize : 1 <-- 0.005663 s
currentSize : 2 <-- 0.005711 s
currentSize : 4 <-- 0.005794 s
currentSize : 6 <-- 0.005962 s
currentSize : 39 <-- 0.006876 s
currentSize : 40 <-- 0.065075 s

maxsize : 40
nodes : 229524.000000
filtered : 2459358.000000
time : 1.793577
