Parameters: GAD=1 vflib=1 dir=0 label=1 lowerbound=1 fileNameGp=../graphsdb/mcs50/bvg/b09m/mcs50_b09m_s25.A15 fileNameGt=../graphsdb/mcs50/bvg/b09m/mcs50_b09m_s25.B15
Reading graphs...
25 :  106
25 :  101
Initializing...
maxdom : 10
D->valSize : 158
Solving...
currentSize : 2 <-- 0.000740 s
currentSize : 3 <-- 0.000758 s
currentSize : 4 <-- 0.000781 s
currentSize : 6 <-- 0.000799 s
currentSize : 7 <-- 0.001501 s
currentSize : 12 <-- 0.002530 s

maxsize : 12
nodes : 917.000000
filtered : 8644.000000
time : 0.003787
