Parameters: GAD=1 vflib=1 dir=0 label=1 lowerbound=1 fileNameGp=../graphsdb/mcs50/bvg/b09/mcs50_b09_s30.A32 fileNameGt=../graphsdb/mcs50/bvg/b09/mcs50_b09_s30.B32
Reading graphs...
30 :  131
30 :  128
Initializing...
maxdom : 8
D->valSize : 143
Solving...
currentSize : 2 <-- 0.000683 s
currentSize : 3 <-- 0.000703 s
currentSize : 4 <-- 0.000740 s
currentSize : 5 <-- 0.000842 s
currentSize : 7 <-- 0.000923 s
currentSize : 14 <-- 0.001346 s

maxsize : 14
nodes : 485.000000
filtered : 4710.000000
time : 0.002418
