Parameters: GAD=1 vflib=1 dir=0 label=1 lowerbound=1 fileNameGp=../graphsdb/mcs50/rand/r02/mcs50_r02_s100.A76 fileNameGt=../graphsdb/mcs50/rand/r02/mcs50_r02_s100.B76
Reading graphs...
100 :  1767
100 :  1768
Initializing...
maxdom : 7
D->valSize : 361
Solving...
currentSize : 4 <-- 0.003304 s
currentSize : 5 <-- 0.003363 s
currentSize : 27 <-- 0.003811 s
currentSize : 28 <-- 0.004068 s
currentSize : 29 <-- 0.004405 s
currentSize : 39 <-- 0.007840 s
currentSize : 40 <-- 0.008207 s
currentSize : 41 <-- 0.008791 s

maxsize : 41
nodes : 37169.000000
filtered : 152457.000000
time : 0.288405
