Parameters: GAD=1 vflib=1 dir=0 label=1 lowerbound=1 fileNameGp=../graphsdb/mcs50/bvg/b09m/mcs50_b09m_s30.A57 fileNameGt=../graphsdb/mcs50/bvg/b09m/mcs50_b09m_s30.B57
Reading graphs...
30 :  126
30 :  126
Initializing...
maxdom : 9
D->valSize : 132
Solving...
currentSize : 2 <-- 0.000723 s
currentSize : 4 <-- 0.000754 s
currentSize : 7 <-- 0.000804 s
currentSize : 9 <-- 0.000879 s
currentSize : 11 <-- 0.001623 s
currentSize : 12 <-- 0.001703 s

maxsize : 12
nodes : 598.000000
filtered : 4512.000000
time : 0.002729
