Parameters: GAD=1 vflib=1 dir=0 label=1 lowerbound=1 fileNameGp=../graphsdb/mcs50/rand/r02/mcs50_r02_s90.A25 fileNameGt=../graphsdb/mcs50/rand/r02/mcs50_r02_s90.B25
Reading graphs...
90 :  1440
90 :  1435
Initializing...
maxdom : 9
D->valSize : 543
Solving...
currentSize : 4 <-- 0.008517 s
currentSize : 8 <-- 0.008751 s
currentSize : 14 <-- 0.009027 s
currentSize : 21 <-- 0.010491 s
currentSize : 24 <-- 0.020641 s
currentSize : 26 <-- 0.036530 s
currentSize : 34 <-- 0.037194 s
currentSize : 35 <-- 0.037309 s
currentSize : 36 <-- 0.037749 s
currentSize : 37 <-- 0.038058 s
currentSize : 38 <-- 0.044437 s

maxsize : 38
nodes : 33955.000000
filtered : 343496.000000
time : 0.276776
