Parameters: GAD=1 vflib=1 dir=0 label=1 lowerbound=1 fileNameGp=../graphsdb/mcs50/rand/r02/mcs50_r02_s50.A73 fileNameGt=../graphsdb/mcs50/rand/r02/mcs50_r02_s50.B73
Reading graphs...
50 :  450
50 :  443
Initializing...
maxdom : 11
D->valSize : 347
Solving...
currentSize : 3 <-- 0.002230 s
currentSize : 4 <-- 0.002253 s
currentSize : 5 <-- 0.002368 s
currentSize : 6 <-- 0.002509 s
currentSize : 8 <-- 0.002812 s
currentSize : 9 <-- 0.002971 s
currentSize : 13 <-- 0.006042 s
currentSize : 16 <-- 0.013917 s
currentSize : 21 <-- 0.014284 s

maxsize : 21
nodes : 4769.000000
filtered : 78935.000000
time : 0.028525
