Parameters: GAD=1 vflib=1 dir=0 label=1 lowerbound=1 fileNameGp=../graphsdb/mcs50/bvg/b09m/mcs50_b09m_s40.A10 fileNameGt=../graphsdb/mcs50/bvg/b09m/mcs50_b09m_s40.B10
Reading graphs...
40 :  168
40 :  170
Initializing...
maxdom : 8
D->valSize : 216
Solving...
currentSize : 1 <-- 0.001026 s
currentSize : 2 <-- 0.001055 s
currentSize : 4 <-- 0.001083 s
currentSize : 9 <-- 0.001114 s
currentSize : 11 <-- 0.001251 s
currentSize : 18 <-- 0.002287 s

maxsize : 18
nodes : 4923.000000
filtered : 30292.000000
time : 0.020578
