Parameters: GAD=1 vflib=1 dir=0 label=1 lowerbound=1 fileNameGp=../graphsdb/mcs50/bvg/b09m/mcs50_b09m_s40.A66 fileNameGt=../graphsdb/mcs50/bvg/b09m/mcs50_b09m_s40.B66
Reading graphs...
40 :  173
40 :  170
Initializing...
maxdom : 11
D->valSize : 212
Solving...
currentSize : 4 <-- 0.001122 s
currentSize : 5 <-- 0.001155 s
currentSize : 6 <-- 0.001218 s
currentSize : 8 <-- 0.001319 s
currentSize : 12 <-- 0.001662 s
currentSize : 18 <-- 0.002127 s

maxsize : 18
nodes : 14858.000000
filtered : 49910.000000
time : 0.054202
