Parameters: GAD=1 vflib=1 dir=0 label=1 lowerbound=1 fileNameGp=../graphsdb/mcs50/bvg/b03/mcs50_b03_s25.A33 fileNameGt=../graphsdb/mcs50/bvg/b03/mcs50_b03_s25.B33
Reading graphs...
25 :  37
25 :  37
Initializing...
maxdom : 8
D->valSize : 151
Solving...
currentSize : 1 <-- 0.000715 s
currentSize : 2 <-- 0.000751 s
currentSize : 3 <-- 0.000773 s
currentSize : 8 <-- 0.000809 s
currentSize : 10 <-- 0.000987 s
currentSize : 12 <-- 0.001185 s

maxsize : 12
nodes : 1415.000000
filtered : 7198.000000
time : 0.004739
