Parameters: GAD=1 vflib=1 dir=0 label=1 lowerbound=1 fileNameGp=../graphsdb/mcs50/m3D/m3D/mcs50_m3D_s50.A22 fileNameGt=../graphsdb/mcs50/m3D/m3D/mcs50_m3D_s50.B22
Reading graphs...
50 :  109
50 :  107
Initializing...
maxdom : 10
D->valSize : 342
Solving...
currentSize : 1 <-- 0.002633 s
currentSize : 2 <-- 0.002663 s
currentSize : 4 <-- 0.002689 s
currentSize : 20 <-- 0.002800 s
currentSize : 23 <-- 0.006044 s
currentSize : 24 <-- 0.097339 s
currentSize : 27 <-- 0.103697 s

maxsize : 27
nodes : 508408.000000
filtered : 2242742.000000
time : 2.275577
