Parameters: GAD=1 vflib=1 dir=0 label=1 lowerbound=1 fileNameGp=../graphsdb/mcs50/rand/r02/mcs50_r02_s100.A23 fileNameGt=../graphsdb/mcs50/rand/r02/mcs50_r02_s100.B23
Reading graphs...
100 :  1764
100 :  1776
Initializing...
maxdom : 6
D->valSize : 341
Solving...
currentSize : 33 <-- 0.005032 s
currentSize : 34 <-- 0.005590 s
currentSize : 35 <-- 0.006608 s
currentSize : 36 <-- 0.007706 s
currentSize : 37 <-- 0.008817 s
currentSize : 38 <-- 0.026767 s

maxsize : 38
nodes : 53529.000000
filtered : 283794.000000
time : 0.519374
