Parameters: GAD=1 vflib=1 dir=0 label=1 lowerbound=1 fileNameGp=../graphsdb/mcs50/bvg/b09/mcs50_b09_s50.A49 fileNameGt=../graphsdb/mcs50/bvg/b09/mcs50_b09_s50.B49
Reading graphs...
50 :  220
50 :  218
Initializing...
maxdom : 9
D->valSize : 341
Solving...
currentSize : 3 <-- 0.002160 s
currentSize : 5 <-- 0.002222 s
currentSize : 9 <-- 0.002567 s
currentSize : 12 <-- 0.003535 s
currentSize : 15 <-- 0.004260 s
currentSize : 24 <-- 0.015727 s

maxsize : 24
nodes : 15756.000000
filtered : 70409.000000
time : 0.065984
