Parameters: GAD=1 vflib=1 dir=0 label=1 lowerbound=1 fileNameGp=../graphsdb/mcs50/rand/r02/mcs50_r02_s100.A00 fileNameGt=../graphsdb/mcs50/rand/r02/mcs50_r02_s100.B00
Reading graphs...
100 :  1759
100 :  1758
Initializing...
maxdom : 7
D->valSize : 346
Solving...
currentSize : 24 <-- 0.005074 s
currentSize : 30 <-- 0.013289 s
currentSize : 31 <-- 0.015005 s
currentSize : 32 <-- 0.018038 s
currentSize : 33 <-- 0.054142 s
currentSize : 34 <-- 0.088340 s
currentSize : 35 <-- 0.347841 s
currentSize : 36 <-- 0.352424 s

maxsize : 36
nodes : 73961.000000
filtered : 370963.000000
time : 0.614618
