Parameters: GAD=1 vflib=1 dir=0 label=1 lowerbound=1 fileNameGp=../graphsdb/mcs50/rand/r01/mcs50_r01_s50.A05 fileNameGt=../graphsdb/mcs50/rand/r01/mcs50_r01_s50.B05
Reading graphs...
50 :  232
50 :  239
Initializing...
maxdom : 10
D->valSize : 320
Solving...
currentSize : 1 <-- 0.002021 s
currentSize : 5 <-- 0.002071 s
currentSize : 14 <-- 0.002149 s
currentSize : 17 <-- 0.002602 s
currentSize : 21 <-- 0.003453 s
currentSize : 25 <-- 0.012923 s

maxsize : 25
nodes : 8618.000000
filtered : 78256.000000
time : 0.044805
