Parameters: GAD=1 vflib=1 dir=0 label=1 lowerbound=1 fileNameGp=../graphsdb/mcs50/rand/r02/mcs50_r02_s25.A98 fileNameGt=../graphsdb/mcs50/rand/r02/mcs50_r02_s25.B98
Reading graphs...
25 :  111
25 :  114
Initializing...
maxdom : 8
D->valSize : 153
Solving...
currentSize : 5 <-- 0.000717 s
currentSize : 6 <-- 0.000973 s
currentSize : 7 <-- 0.001529 s
currentSize : 8 <-- 0.002254 s
currentSize : 9 <-- 0.003006 s
currentSize : 10 <-- 0.003295 s
currentSize : 12 <-- 0.004440 s

maxsize : 12
nodes : 937.000000
filtered : 11051.000000
time : 0.004740
