Parameters: GAD=1 vflib=1 dir=0 label=1 lowerbound=1 fileNameGp=../graphsdb/mcs50/rand/r01/mcs50_r01_s40.A61 fileNameGt=../graphsdb/mcs50/rand/r01/mcs50_r01_s40.B61
Reading graphs...
40 :  149
40 :  145
Initializing...
maxdom : 6
D->valSize : 203
Solving...
currentSize : 1 <-- 0.001151 s
currentSize : 5 <-- 0.001207 s
currentSize : 12 <-- 0.001365 s
currentSize : 13 <-- 0.001513 s
currentSize : 17 <-- 0.009144 s
currentSize : 19 <-- 0.009189 s

maxsize : 19
nodes : 6587.000000
filtered : 30226.000000
time : 0.024536
