Parameters: GAD=1 vflib=1 dir=0 label=1 lowerbound=1 fileNameGp=../graphsdb/mcs50/rand/r02/mcs50_r02_s90.A60 fileNameGt=../graphsdb/mcs50/rand/r02/mcs50_r02_s90.B60
Reading graphs...
90 :  1433
90 :  1428
Initializing...
maxdom : 9
D->valSize : 542
Solving...
currentSize : 3 <-- 0.008465 s
currentSize : 12 <-- 0.008724 s
currentSize : 21 <-- 0.010819 s
currentSize : 22 <-- 0.013075 s
currentSize : 35 <-- 0.027390 s
currentSize : 36 <-- 0.028434 s

maxsize : 36
nodes : 50392.000000
filtered : 475815.000000
time : 0.408115
