Parameters: GAD=1 vflib=1 dir=0 label=1 lowerbound=1 fileNameGp=../graphsdb/mcs50/rand/r01/mcs50_r01_s50.A56 fileNameGt=../graphsdb/mcs50/rand/r01/mcs50_r01_s50.B56
Reading graphs...
50 :  227
50 :  236
Initializing...
maxdom : 10
D->valSize : 310
Solving...
currentSize : 1 <-- 0.001912 s
currentSize : 2 <-- 0.001944 s
currentSize : 3 <-- 0.001974 s
currentSize : 7 <-- 0.002051 s
currentSize : 10 <-- 0.002110 s
currentSize : 12 <-- 0.002721 s
currentSize : 15 <-- 0.003893 s
currentSize : 23 <-- 0.007012 s

maxsize : 23
nodes : 4997.000000
filtered : 53470.000000
time : 0.027323
