Parameters: GAD=1 vflib=1 dir=0 label=1 lowerbound=1 fileNameGp=../graphsdb/mcs50/rand/r01/mcs50_r01_s50.A02 fileNameGt=../graphsdb/mcs50/rand/r01/mcs50_r01_s50.B02
Reading graphs...
50 :  235
50 :  236
Initializing...
maxdom : 10
D->valSize : 343
Solving...
currentSize : 1 <-- 0.002220 s
currentSize : 2 <-- 0.002251 s
currentSize : 5 <-- 0.002283 s
currentSize : 15 <-- 0.002391 s
currentSize : 20 <-- 0.002922 s
currentSize : 25 <-- 0.005699 s

maxsize : 25
nodes : 5632.000000
filtered : 67201.000000
time : 0.032272
