Parameters: GAD=1 vflib=1 dir=0 label=1 lowerbound=1 fileNameGp=../graphsdb/mcs50/rand/r02/mcs50_r02_s100.A36 fileNameGt=../graphsdb/mcs50/rand/r02/mcs50_r02_s100.B36
Reading graphs...
100 :  1768
100 :  1764
Initializing...
maxdom : 8
D->valSize : 347
Solving...
currentSize : 1 <-- 0.004583 s
currentSize : 2 <-- 0.004708 s
currentSize : 3 <-- 0.004801 s
currentSize : 35 <-- 0.005363 s
currentSize : 36 <-- 0.005518 s
currentSize : 37 <-- 0.074450 s
currentSize : 38 <-- 1.449889 s

maxsize : 38
nodes : 241994.000000
filtered : 397648.000000
time : 2.057387
