Parameters: GAD=1 vflib=1 dir=0 label=1 lowerbound=1 fileNameGp=../graphsdb/mcs50/bvg/b09/mcs50_b09_s40.A18 fileNameGt=../graphsdb/mcs50/bvg/b09/mcs50_b09_s40.B18
Reading graphs...
40 :  176
40 :  176
Initializing...
maxdom : 9
D->valSize : 231
Solving...
currentSize : 5 <-- 0.001213 s
currentSize : 6 <-- 0.001284 s
currentSize : 12 <-- 0.001643 s
currentSize : 16 <-- 0.004171 s
currentSize : 18 <-- 0.015368 s
currentSize : 20 <-- 0.019019 s

maxsize : 20
nodes : 15162.000000
filtered : 43949.000000
time : 0.051850
