Parameters: GAD=1 vflib=1 dir=0 label=1 lowerbound=1 fileNameGp=../graphsdb/mcs50/rand/r02/mcs50_r02_s35.A27 fileNameGt=../graphsdb/mcs50/rand/r02/mcs50_r02_s35.B27
Reading graphs...
35 :  207
35 :  209
Initializing...
maxdom : 9
D->valSize : 166
Solving...
currentSize : 4 <-- 0.000934 s
currentSize : 5 <-- 0.000967 s
currentSize : 8 <-- 0.001091 s
currentSize : 12 <-- 0.001746 s
currentSize : 13 <-- 0.001765 s
currentSize : 14 <-- 0.001860 s

maxsize : 14
nodes : 853.000000
filtered : 10086.000000
time : 0.005243
