Parameters: GAD=1 vflib=1 dir=0 label=1 lowerbound=1 fileNameGp=../graphsdb/mcs50/rand/r02/mcs50_r02_s50.A15 fileNameGt=../graphsdb/mcs50/rand/r02/mcs50_r02_s50.B15
Reading graphs...
50 :  437
50 :  438
Initializing...
maxdom : 9
D->valSize : 317
Solving...
currentSize : 3 <-- 0.002206 s
currentSize : 4 <-- 0.002260 s
currentSize : 5 <-- 0.002288 s
currentSize : 6 <-- 0.002325 s
currentSize : 7 <-- 0.002418 s
currentSize : 9 <-- 0.002792 s
currentSize : 20 <-- 0.004149 s

maxsize : 20
nodes : 4817.000000
filtered : 79121.000000
time : 0.029528
