Parameters: GAD=1 vflib=1 dir=0 label=1 lowerbound=1 fileNameGp=../graphsdb/mcs50/rand/r02/mcs50_r02_s35.A31 fileNameGt=../graphsdb/mcs50/rand/r02/mcs50_r02_s35.B31
Reading graphs...
35 :  213
35 :  211
Initializing...
maxdom : 6
D->valSize : 157
Solving...
currentSize : 4 <-- 0.000850 s
currentSize : 5 <-- 0.000884 s
currentSize : 6 <-- 0.001004 s
currentSize : 7 <-- 0.001199 s
currentSize : 8 <-- 0.001881 s
currentSize : 9 <-- 0.002006 s
currentSize : 15 <-- 0.002524 s

maxsize : 15
nodes : 737.000000
filtered : 9191.000000
time : 0.004026
