Parameters: GAD=1 vflib=1 dir=0 label=1 lowerbound=1 fileNameGp=../graphsdb/mcs50/rand/r02/mcs50_r02_s60.A65 fileNameGt=../graphsdb/mcs50/rand/r02/mcs50_r02_s60.B65
Reading graphs...
60 :  629
60 :  629
Initializing...
maxdom : 8
D->valSize : 273
Solving...
currentSize : 2 <-- 0.001768 s
currentSize : 3 <-- 0.001816 s
currentSize : 4 <-- 0.001854 s
currentSize : 5 <-- 0.001876 s
currentSize : 9 <-- 0.001940 s
currentSize : 10 <-- 0.001963 s
currentSize : 23 <-- 0.002239 s
currentSize : 24 <-- 0.002462 s

maxsize : 24
nodes : 3408.000000
filtered : 36459.000000
time : 0.021225
