Parameters: GAD=1 vflib=1 dir=0 label=1 lowerbound=1 fileNameGp=../graphsdb/mcs50/rand/r02/mcs50_r02_s90.A55 fileNameGt=../graphsdb/mcs50/rand/r02/mcs50_r02_s90.B55
Reading graphs...
90 :  1431
90 :  1449
Initializing...
maxdom : 9
D->valSize : 543
Solving...
currentSize : 5 <-- 0.008735 s
currentSize : 6 <-- 0.008984 s
currentSize : 30 <-- 0.009994 s
currentSize : 31 <-- 0.010462 s
currentSize : 32 <-- 0.217714 s
currentSize : 33 <-- 0.979714 s

maxsize : 33
nodes : 265843.000000
filtered : 943674.000000
time : 1.878710
