Parameters: GAD=1 vflib=1 dir=0 label=1 lowerbound=1 fileNameGp=../graphsdb/mcs50/rand/r02/mcs50_r02_s80.A92 fileNameGt=../graphsdb/mcs50/rand/r02/mcs50_r02_s80.B92
Reading graphs...
80 :  1123
80 :  1130
Initializing...
maxdom : 8
D->valSize : 453
Solving...
currentSize : 4 <-- 0.006117 s
currentSize : 7 <-- 0.006187 s
currentSize : 20 <-- 0.006958 s
currentSize : 29 <-- 0.017385 s
currentSize : 30 <-- 0.017841 s
currentSize : 31 <-- 0.018555 s
currentSize : 32 <-- 0.019975 s

maxsize : 32
nodes : 24222.000000
filtered : 230901.000000
time : 0.225793
