Parameters: GAD=1 vflib=1 dir=0 label=1 lowerbound=1 fileNameGp=../graphsdb/mcs50/rand/r02/mcs50_r02_s50.A80 fileNameGt=../graphsdb/mcs50/rand/r02/mcs50_r02_s50.B80
Reading graphs...
50 :  438
50 :  430
Initializing...
maxdom : 9
D->valSize : 330
Solving...
currentSize : 4 <-- 0.002003 s
currentSize : 5 <-- 0.002035 s
currentSize : 6 <-- 0.002098 s
currentSize : 7 <-- 0.002259 s
currentSize : 8 <-- 0.002268 s
currentSize : 11 <-- 0.003078 s
currentSize : 12 <-- 0.003097 s
currentSize : 20 <-- 0.004148 s

maxsize : 20
nodes : 5679.000000
filtered : 81382.000000
time : 0.031413
