Parameters: GAD=1 vflib=1 dir=0 label=1 lowerbound=1 fileNameGp=../graphsdb/mcs50/rand/r02/mcs50_r02_s25.A14 fileNameGt=../graphsdb/mcs50/rand/r02/mcs50_r02_s25.B14
Reading graphs...
25 :  106
25 :  110
Initializing...
maxdom : 10
D->valSize : 179
Solving...
currentSize : 3 <-- 0.000873 s
currentSize : 4 <-- 0.000893 s
currentSize : 5 <-- 0.000917 s
currentSize : 6 <-- 0.000944 s
currentSize : 7 <-- 0.002596 s
currentSize : 8 <-- 0.003681 s
currentSize : 9 <-- 0.003814 s
currentSize : 11 <-- 0.005262 s

maxsize : 11
nodes : 1225.000000
filtered : 17113.000000
time : 0.006365
