Parameters: GAD=1 vflib=1 dir=0 label=1 lowerbound=1 fileNameGp=../graphsdb/mcs50/rand/r01/mcs50_r01_s90.A59 fileNameGt=../graphsdb/mcs50/rand/r01/mcs50_r01_s90.B59
Reading graphs...
90 :  761
90 :  759
Initializing...
maxdom : 11
D->valSize : 571
Solving...
currentSize : 3 <-- 0.005961 s
currentSize : 5 <-- 0.006104 s
currentSize : 8 <-- 0.006618 s
currentSize : 11 <-- 0.006647 s
currentSize : 16 <-- 0.006897 s
currentSize : 18 <-- 0.013680 s
currentSize : 22 <-- 0.014134 s
currentSize : 28 <-- 0.055681 s
currentSize : 32 <-- 0.055797 s
currentSize : 40 <-- 0.302180 s
currentSize : 41 <-- 0.302758 s

maxsize : 41
nodes : 470441.000000
filtered : 3980216.000000
time : 3.492921
