Parameters: GAD=1 vflib=1 dir=0 label=1 lowerbound=1 fileNameGp=../graphsdb/mcs50/rand/r02/mcs50_r02_s35.A54 fileNameGt=../graphsdb/mcs50/rand/r02/mcs50_r02_s35.B54
Reading graphs...
35 :  210
35 :  209
Initializing...
maxdom : 7
D->valSize : 172
Solving...
currentSize : 1 <-- 0.000860 s
currentSize : 3 <-- 0.000890 s
currentSize : 4 <-- 0.000910 s
currentSize : 5 <-- 0.001047 s
currentSize : 6 <-- 0.001069 s
currentSize : 8 <-- 0.001137 s
currentSize : 9 <-- 0.001203 s
currentSize : 10 <-- 0.001256 s
currentSize : 11 <-- 0.001337 s
currentSize : 13 <-- 0.001569 s
currentSize : 14 <-- 0.001841 s

maxsize : 14
nodes : 612.000000
filtered : 9318.000000
time : 0.003885
