Parameters: GAD=1 vflib=1 dir=0 label=1 lowerbound=1 fileNameGp=../graphsdb/mcs50/bvg/b09/mcs50_b09_s25.A88 fileNameGt=../graphsdb/mcs50/bvg/b09/mcs50_b09_s25.B88
Reading graphs...
25 :  111
25 :  110
Initializing...
maxdom : 7
D->valSize : 159
Solving...
currentSize : 1 <-- 0.000680 s
currentSize : 3 <-- 0.000705 s
currentSize : 4 <-- 0.000745 s
currentSize : 5 <-- 0.000778 s
currentSize : 6 <-- 0.001001 s
currentSize : 12 <-- 0.001422 s

maxsize : 12
nodes : 741.000000
filtered : 9957.000000
time : 0.003401
