Parameters: GAD=1 vflib=1 dir=0 label=1 lowerbound=1 fileNameGp=../graphsdb/mcs50/rand/r02/mcs50_r02_s100.A18 fileNameGt=../graphsdb/mcs50/rand/r02/mcs50_r02_s100.B18
Reading graphs...
100 :  1771
100 :  1783
Initializing...
maxdom : 7
D->valSize : 336
Solving...
currentSize : 4 <-- 0.003101 s
currentSize : 11 <-- 0.003214 s
currentSize : 14 <-- 0.003658 s
currentSize : 34 <-- 0.005065 s
currentSize : 35 <-- 0.005309 s
currentSize : 36 <-- 0.006089 s
currentSize : 37 <-- 0.028262 s
currentSize : 38 <-- 0.110787 s

maxsize : 38
nodes : 260694.000000
filtered : 509824.000000
time : 1.907826
