Parameters: GAD=1 vflib=1 dir=0 label=1 lowerbound=1 fileNameGp=../graphsdb/mcs50/rand/r02/mcs50_r02_s100.A04 fileNameGt=../graphsdb/mcs50/rand/r02/mcs50_r02_s100.B04
Reading graphs...
100 :  1782
100 :  1767
Initializing...
maxdom : 10
D->valSize : 421
Solving...
currentSize : 3 <-- 0.006219 s
currentSize : 4 <-- 0.006265 s
currentSize : 5 <-- 0.006292 s
currentSize : 21 <-- 0.006508 s
currentSize : 22 <-- 0.006841 s
currentSize : 34 <-- 0.030076 s
currentSize : 35 <-- 0.137567 s

maxsize : 35
nodes : 1861188.000000
filtered : 2428272.000000
time : 14.639164
