Parameters: GAD=1 vflib=1 dir=0 label=1 lowerbound=1 fileNameGp=../graphsdb/mcs50/rand/r02/mcs50_r02_s20.A95 fileNameGt=../graphsdb/mcs50/rand/r02/mcs50_r02_s20.B95
Reading graphs...
20 :  67
20 :  69
Initializing...
maxdom : 6
D->valSize : 100
Solving...
currentSize : 3 <-- 0.000563 s
currentSize : 5 <-- 0.000601 s
currentSize : 6 <-- 0.000761 s
currentSize : 7 <-- 0.001365 s
currentSize : 8 <-- 0.001602 s
currentSize : 9 <-- 0.001685 s

maxsize : 9
nodes : 376.000000
filtered : 3923.000000
time : 0.001977
