Parameters: GAD=1 vflib=1 dir=0 label=1 lowerbound=1 fileNameGp=../graphsdb/mcs50/rand/r02/mcs50_r02_s60.A25 fileNameGt=../graphsdb/mcs50/rand/r02/mcs50_r02_s60.B25
Reading graphs...
60 :  633
60 :  652
Initializing...
maxdom : 6
D->valSize : 248
Solving...
currentSize : 2 <-- 0.002362 s
currentSize : 3 <-- 0.002422 s
currentSize : 4 <-- 0.002463 s
currentSize : 6 <-- 0.002586 s
currentSize : 7 <-- 0.002938 s
currentSize : 8 <-- 0.003059 s
currentSize : 11 <-- 0.003467 s
currentSize : 24 <-- 0.004919 s
currentSize : 25 <-- 0.005520 s

maxsize : 25
nodes : 2579.000000
filtered : 30704.000000
time : 0.026376
