Parameters: GAD=1 vflib=1 dir=0 label=1 lowerbound=1 fileNameGp=../graphsdb/mcs50/rand/r02/mcs50_r02_s80.A54 fileNameGt=../graphsdb/mcs50/rand/r02/mcs50_r02_s80.B54
Reading graphs...
80 :  1113
80 :  1127
Initializing...
maxdom : 10
D->valSize : 456
Solving...
currentSize : 6 <-- 0.004112 s
currentSize : 7 <-- 0.004333 s
currentSize : 19 <-- 0.004777 s
currentSize : 27 <-- 0.012770 s
currentSize : 28 <-- 0.012935 s
currentSize : 29 <-- 0.019785 s
currentSize : 30 <-- 0.029878 s
currentSize : 31 <-- 0.083748 s

maxsize : 31
nodes : 29943.000000
filtered : 243847.000000
time : 0.211472
