Parameters: GAD=1 vflib=1 dir=0 label=1 lowerbound=1 fileNameGp=../graphsdb/mcs50/rand/r01/mcs50_r01_s40.A28 fileNameGt=../graphsdb/mcs50/rand/r01/mcs50_r01_s40.B28
Reading graphs...
40 :  149
40 :  151
Initializing...
maxdom : 8
D->valSize : 214
Solving...
currentSize : 2 <-- 0.001104 s
currentSize : 9 <-- 0.001165 s
currentSize : 14 <-- 0.001285 s
currentSize : 15 <-- 0.001759 s
currentSize : 17 <-- 0.002323 s
currentSize : 18 <-- 0.008963 s
currentSize : 19 <-- 0.009011 s

maxsize : 19
nodes : 3843.000000
filtered : 23764.000000
time : 0.016656
