Parameters: GAD=1 vflib=1 dir=0 label=1 lowerbound=1 fileNameGp=../graphsdb/mcs50/rand/r01/mcs50_r01_s25.A19 fileNameGt=../graphsdb/mcs50/rand/r01/mcs50_r01_s25.B19
Reading graphs...
25 :  58
25 :  58
Initializing...
maxdom : 8
D->valSize : 172
Solving...
currentSize : 3 <-- 0.000886 s
currentSize : 4 <-- 0.000958 s
currentSize : 5 <-- 0.001113 s
currentSize : 6 <-- 0.001178 s
currentSize : 7 <-- 0.001237 s
currentSize : 9 <-- 0.001325 s
currentSize : 12 <-- 0.001700 s

maxsize : 12
nodes : 629.000000
filtered : 8841.000000
time : 0.003474
