Parameters: GAD=1 vflib=1 dir=0 label=1 lowerbound=1 fileNameGp=../graphsdb/mcs50/m3D/m3D/mcs50_m3D_s15.A51 fileNameGt=../graphsdb/mcs50/m3D/m3D/mcs50_m3D_s15.B51
Reading graphs...
15 :  26
15 :  23
Initializing...
maxdom : 11
D->valSize : 95
Solving...
currentSize : 3 <-- 0.000395 s
currentSize : 4 <-- 0.000418 s
currentSize : 5 <-- 0.000443 s
currentSize : 6 <-- 0.000460 s
currentSize : 7 <-- 0.000765 s
currentSize : 8 <-- 0.001072 s

maxsize : 8
nodes : 235.000000
filtered : 2257.000000
time : 0.001094
