Parameters: GAD=1 vflib=1 dir=0 label=1 lowerbound=1 fileNameGp=../graphsdb/mcs50/rand/r02/mcs50_r02_s20.A35 fileNameGt=../graphsdb/mcs50/rand/r02/mcs50_r02_s20.B35
Reading graphs...
20 :  68
20 :  66
Initializing...
maxdom : 6
D->valSize : 106
Solving...
currentSize : 2 <-- 0.000524 s
currentSize : 4 <-- 0.000543 s
currentSize : 5 <-- 0.000628 s
currentSize : 6 <-- 0.000883 s
currentSize : 7 <-- 0.001057 s
currentSize : 10 <-- 0.001209 s

maxsize : 10
nodes : 308.000000
filtered : 3007.000000
time : 0.001482
