Parameters: GAD=1 vflib=1 dir=0 label=1 lowerbound=1 fileNameGp=../graphsdb/mcs50/rand/r02/mcs50_r02_s70.A07 fileNameGt=../graphsdb/mcs50/rand/r02/mcs50_r02_s70.B07
Reading graphs...
70 :  863
70 :  869
Initializing...
maxdom : 10
D->valSize : 330
Solving...
currentSize : 2 <-- 0.002463 s
currentSize : 10 <-- 0.002550 s
currentSize : 17 <-- 0.002606 s
currentSize : 18 <-- 0.003205 s
currentSize : 29 <-- 0.004253 s
currentSize : 30 <-- 0.004528 s

maxsize : 30
nodes : 4179.000000
filtered : 59854.000000
time : 0.031143
