Parameters: GAD=1 vflib=1 dir=0 label=1 lowerbound=1 fileNameGp=../graphsdb/mcs50/bvg/b09m/mcs50_b09m_s50.A64 fileNameGt=../graphsdb/mcs50/bvg/b09m/mcs50_b09m_s50.B64
Reading graphs...
50 :  218
50 :  217
Initializing...
maxdom : 9
D->valSize : 331
Solving...
currentSize : 2 <-- 0.002052 s
currentSize : 4 <-- 0.002121 s
currentSize : 5 <-- 0.002171 s
currentSize : 6 <-- 0.002184 s
currentSize : 8 <-- 0.002220 s
currentSize : 22 <-- 0.002438 s

maxsize : 22
nodes : 306312.000000
filtered : 1319932.000000
time : 1.339667
