Parameters: GAD=1 vflib=1 dir=0 label=1 lowerbound=1 fileNameGp=../graphsdb/mcs50/m3D/m3Dr4/mcs50_m3Dr4_s20.A74 fileNameGt=../graphsdb/mcs50/m3D/m3Dr4/mcs50_m3Dr4_s20.B74
Reading graphs...
20 :  42
20 :  41
Initializing...
maxdom : 7
D->valSize : 94
Solving...
currentSize : 1 <-- 0.000503 s
currentSize : 2 <-- 0.000526 s
currentSize : 3 <-- 0.000537 s
currentSize : 4 <-- 0.000565 s
currentSize : 7 <-- 0.000587 s
currentSize : 8 <-- 0.000606 s

maxsize : 8
nodes : 366.000000
filtered : 2434.000000
time : 0.001766
