Parameters: GAD=1 vflib=1 dir=0 label=1 lowerbound=1 fileNameGp=../graphsdb/mcs50/rand/r02/mcs50_r02_s40.A81 fileNameGt=../graphsdb/mcs50/rand/r02/mcs50_r02_s40.B81
Reading graphs...
40 :  272
40 :  279
Initializing...
maxdom : 9
D->valSize : 234
Solving...
currentSize : 3 <-- 0.001272 s
currentSize : 5 <-- 0.001323 s
currentSize : 6 <-- 0.001515 s
currentSize : 8 <-- 0.001594 s
currentSize : 10 <-- 0.001772 s
currentSize : 11 <-- 0.002158 s
currentSize : 18 <-- 0.002679 s

maxsize : 18
nodes : 921.000000
filtered : 17154.000000
time : 0.005814
