Parameters: GAD=1 vflib=1 dir=0 label=1 lowerbound=1 fileNameGp=../graphsdb/mcs50/m3D/m3Dr6/mcs50_m3Dr6_s50.A24 fileNameGt=../graphsdb/mcs50/m3D/m3Dr6/mcs50_m3Dr6_s50.B24
Reading graphs...
50 :  138
50 :  134
Initializing...
maxdom : 7
D->valSize : 310
Solving...
currentSize : 1 <-- 0.001863 s
currentSize : 2 <-- 0.001925 s
currentSize : 15 <-- 0.002051 s
currentSize : 16 <-- 0.002162 s
currentSize : 20 <-- 0.005274 s
currentSize : 22 <-- 0.005583 s
currentSize : 27 <-- 0.061102 s

maxsize : 27
nodes : 58690.000000
filtered : 221938.000000
time : 0.239500
