Parameters: GAD=1 vflib=1 dir=0 label=1 lowerbound=1 fileNameGp=../graphsdb/mcs50/rand/r02/mcs50_r02_s60.A10 fileNameGt=../graphsdb/mcs50/rand/r02/mcs50_r02_s60.B10
Reading graphs...
60 :  638
60 :  643
Initializing...
maxdom : 6
D->valSize : 240
Solving...
currentSize : 8 <-- 0.001509 s
currentSize : 10 <-- 0.001814 s
currentSize : 12 <-- 0.002061 s
currentSize : 22 <-- 0.002238 s
currentSize : 23 <-- 0.002400 s
currentSize : 24 <-- 0.004779 s

maxsize : 24
nodes : 3154.000000
filtered : 28583.000000
time : 0.019374
