Parameters: GAD=1 vflib=1 dir=0 label=1 lowerbound=1 fileNameGp=../graphsdb/mcs50/m3D/m3D/mcs50_m3D_s15.A28 fileNameGt=../graphsdb/mcs50/m3D/m3D/mcs50_m3D_s15.B28
Reading graphs...
15 :  26
15 :  26
Initializing...
maxdom : 8
D->valSize : 113
Solving...
currentSize : 1 <-- 0.000518 s
currentSize : 2 <-- 0.000547 s
currentSize : 4 <-- 0.000557 s
currentSize : 5 <-- 0.000564 s
currentSize : 6 <-- 0.000639 s
currentSize : 7 <-- 0.001118 s
currentSize : 8 <-- 0.001155 s

maxsize : 8
nodes : 617.000000
filtered : 5318.000000
time : 0.002308
