Parameters: GAD=1 vflib=1 dir=0 label=1 lowerbound=1 fileNameGp=../graphsdb/mcs50/rand/r02/mcs50_r02_s35.A90 fileNameGt=../graphsdb/mcs50/rand/r02/mcs50_r02_s35.B90
Reading graphs...
35 :  219
35 :  213
Initializing...
maxdom : 7
D->valSize : 155
Solving...
currentSize : 3 <-- 0.001001 s
currentSize : 4 <-- 0.001036 s
currentSize : 5 <-- 0.001131 s
currentSize : 7 <-- 0.001262 s
currentSize : 9 <-- 0.001301 s
currentSize : 15 <-- 0.001491 s

maxsize : 15
nodes : 597.000000
filtered : 8779.000000
time : 0.004191
