Parameters: GAD=1 vflib=1 dir=0 label=1 lowerbound=1 fileNameGp=../graphsdb/mcs50/m3D/m3Dr2/mcs50_m3Dr2_s15.A31 fileNameGt=../graphsdb/mcs50/m3D/m3Dr2/mcs50_m3Dr2_s15.B31
Reading graphs...
15 :  28
15 :  26
Initializing...
maxdom : 9
D->valSize : 117
Solving...
currentSize : 4 <-- 0.000525 s
currentSize : 5 <-- 0.000576 s
currentSize : 6 <-- 0.000658 s
currentSize : 7 <-- 0.000989 s
currentSize : 8 <-- 0.001226 s
currentSize : 9 <-- 0.001392 s

maxsize : 9
nodes : 510.000000
filtered : 4345.000000
time : 0.001887
