Parameters: GAD=1 vflib=1 dir=0 label=1 lowerbound=1 fileNameGp=../graphsdb/mcs50/rand/r02/mcs50_r02_s100.A11 fileNameGt=../graphsdb/mcs50/rand/r02/mcs50_r02_s100.B11
Reading graphs...
100 :  1773
100 :  1755
Initializing...
maxdom : 6
D->valSize : 349
Solving...
currentSize : 2 <-- 0.004953 s
currentSize : 3 <-- 0.005001 s
currentSize : 12 <-- 0.005120 s
currentSize : 21 <-- 0.005698 s
currentSize : 34 <-- 0.027466 s
currentSize : 35 <-- 0.027607 s
currentSize : 36 <-- 0.028002 s
currentSize : 37 <-- 0.355336 s

maxsize : 37
nodes : 401118.000000
filtered : 588010.000000
time : 3.396568
