Parameters: GAD=1 vflib=1 dir=0 label=1 lowerbound=1 fileNameGp=../graphsdb/mcs50/rand/r02/mcs50_r02_s25.A08 fileNameGt=../graphsdb/mcs50/rand/r02/mcs50_r02_s25.B08
Reading graphs...
25 :  108
25 :  101
Initializing...
maxdom : 10
D->valSize : 169
Solving...
currentSize : 5 <-- 0.000781 s
currentSize : 6 <-- 0.000912 s
currentSize : 7 <-- 0.001347 s
currentSize : 8 <-- 0.003763 s
currentSize : 9 <-- 0.003817 s
currentSize : 10 <-- 0.003911 s

maxsize : 10
nodes : 1443.000000
filtered : 17468.000000
time : 0.006368
