Parameters: GAD=1 vflib=1 dir=0 label=1 lowerbound=1 fileNameGp=../graphsdb/mcs50/bvg/b09m/mcs50_b09m_s50.A33 fileNameGt=../graphsdb/mcs50/bvg/b09m/mcs50_b09m_s50.B33
Reading graphs...
50 :  217
50 :  214
Initializing...
maxdom : 9
D->valSize : 358
Solving...
currentSize : 2 <-- 0.003825 s
currentSize : 5 <-- 0.003919 s
currentSize : 6 <-- 0.003943 s
currentSize : 15 <-- 0.004095 s
currentSize : 20 <-- 0.004402 s
currentSize : 21 <-- 0.048024 s
currentSize : 22 <-- 0.201702 s

maxsize : 22
nodes : 242744.000000
filtered : 1094025.000000
time : 1.095423
