Parameters: GAD=1 vflib=1 dir=0 label=1 lowerbound=1 fileNameGp=../graphsdb/mcs50/bvg/b06m/mcs50_b06m_s25.A22 fileNameGt=../graphsdb/mcs50/bvg/b06m/mcs50_b06m_s25.B22
Reading graphs...
25 :  71
25 :  70
Initializing...
maxdom : 10
D->valSize : 163
Solving...
currentSize : 1 <-- 0.000799 s
currentSize : 2 <-- 0.000825 s
currentSize : 4 <-- 0.000852 s
currentSize : 6 <-- 0.000907 s
currentSize : 7 <-- 0.000989 s
currentSize : 11 <-- 0.001221 s

maxsize : 11
nodes : 362.000000
filtered : 5582.000000
time : 0.002523
