Parameters: GAD=1 vflib=1 dir=0 label=1 lowerbound=1 fileNameGp=../graphsdb/mcs50/rand/r02/mcs50_r02_s90.A10 fileNameGt=../graphsdb/mcs50/rand/r02/mcs50_r02_s90.B10
Reading graphs...
90 :  1429
90 :  1415
Initializing...
maxdom : 9
D->valSize : 559
Solving...
currentSize : 5 <-- 0.005614 s
currentSize : 6 <-- 0.005967 s
currentSize : 8 <-- 0.006033 s
currentSize : 10 <-- 0.006083 s
currentSize : 17 <-- 0.008181 s
currentSize : 30 <-- 0.016734 s
currentSize : 31 <-- 0.017083 s
currentSize : 32 <-- 0.017442 s
currentSize : 33 <-- 0.021929 s
currentSize : 34 <-- 0.037014 s

maxsize : 34
nodes : 54199.000000
filtered : 525998.000000
time : 0.422617
