Parameters: GAD=1 vflib=1 dir=0 label=1 lowerbound=1 fileNameGp=../graphsdb/mcs50/rand/r02/mcs50_r02_s80.A13 fileNameGt=../graphsdb/mcs50/rand/r02/mcs50_r02_s80.B13
Reading graphs...
80 :  1138
80 :  1129
Initializing...
maxdom : 8
D->valSize : 401
Solving...
currentSize : 11 <-- 0.005171 s
currentSize : 13 <-- 0.005918 s
currentSize : 17 <-- 0.006745 s
currentSize : 31 <-- 0.009920 s
currentSize : 32 <-- 0.010495 s
currentSize : 33 <-- 0.015626 s
currentSize : 34 <-- 0.094785 s

maxsize : 34
nodes : 23661.000000
filtered : 161458.000000
time : 0.195884
