Parameters: GAD=1 vflib=1 dir=0 label=1 lowerbound=1 fileNameGp=../graphsdb/mcs50/rand/r02/mcs50_r02_s80.A25 fileNameGt=../graphsdb/mcs50/rand/r02/mcs50_r02_s80.B25
Reading graphs...
80 :  1120
80 :  1135
Initializing...
maxdom : 9
D->valSize : 441
Solving...
currentSize : 4 <-- 0.006058 s
currentSize : 5 <-- 0.006627 s
currentSize : 10 <-- 0.006864 s
currentSize : 15 <-- 0.007974 s
currentSize : 16 <-- 0.008292 s
currentSize : 17 <-- 0.010250 s
currentSize : 29 <-- 0.015723 s
currentSize : 30 <-- 0.017625 s
currentSize : 31 <-- 0.017873 s

maxsize : 31
nodes : 25400.000000
filtered : 244760.000000
time : 0.185925
