Parameters: GAD=1 vflib=1 dir=0 label=1 lowerbound=1 fileNameGp=../graphsdb/mcs50/m3D/m3Dr6/mcs50_m3Dr6_s15.A62 fileNameGt=../graphsdb/mcs50/m3D/m3Dr6/mcs50_m3Dr6_s15.B62
Reading graphs...
15 :  34
15 :  32
Initializing...
maxdom : 9
D->valSize : 117
Solving...
currentSize : 2 <-- 0.000500 s
currentSize : 4 <-- 0.000520 s
currentSize : 5 <-- 0.000554 s
currentSize : 6 <-- 0.000594 s
currentSize : 7 <-- 0.000990 s
currentSize : 8 <-- 0.001002 s
currentSize : 9 <-- 0.001422 s

maxsize : 9
nodes : 502.000000
filtered : 4791.000000
time : 0.001975
