Parameters: GAD=1 vflib=1 dir=0 label=1 lowerbound=1 fileNameGp=../graphsdb/mcs50/rand/r02/mcs50_r02_s90.A34 fileNameGt=../graphsdb/mcs50/rand/r02/mcs50_r02_s90.B34
Reading graphs...
90 :  1428
90 :  1435
Initializing...
maxdom : 10
D->valSize : 557
Solving...
currentSize : 9 <-- 0.009766 s
currentSize : 11 <-- 0.010598 s
currentSize : 12 <-- 0.010864 s
currentSize : 15 <-- 0.011562 s
currentSize : 17 <-- 0.012062 s
currentSize : 33 <-- 0.017359 s
currentSize : 34 <-- 0.017851 s

maxsize : 34
nodes : 91175.000000
filtered : 537588.000000
time : 0.712166
