Parameters: GAD=1 vflib=1 dir=0 label=1 lowerbound=1 fileNameGp=../graphsdb/mcs50/rand/r02/mcs50_r02_s40.A27 fileNameGt=../graphsdb/mcs50/rand/r02/mcs50_r02_s40.B27
Reading graphs...
40 :  281
40 :  278
Initializing...
maxdom : 9
D->valSize : 241
Solving...
currentSize : 5 <-- 0.001519 s
currentSize : 6 <-- 0.001914 s
currentSize : 7 <-- 0.001966 s
currentSize : 8 <-- 0.002599 s
currentSize : 12 <-- 0.002671 s
currentSize : 19 <-- 0.002807 s

maxsize : 19
nodes : 664.000000
filtered : 15391.000000
time : 0.005604
