Parameters: GAD=1 vflib=1 dir=0 label=1 lowerbound=1 fileNameGp=../graphsdb/mcs50/rand/r02/mcs50_r02_s25.A82 fileNameGt=../graphsdb/mcs50/rand/r02/mcs50_r02_s25.B82
Reading graphs...
25 :  108
25 :  111
Initializing...
maxdom : 10
D->valSize : 160
Solving...
currentSize : 3 <-- 0.000813 s
currentSize : 5 <-- 0.000858 s
currentSize : 6 <-- 0.001210 s
currentSize : 8 <-- 0.001734 s
currentSize : 9 <-- 0.001859 s
currentSize : 12 <-- 0.002007 s

maxsize : 12
nodes : 504.000000
filtered : 7699.000000
time : 0.003137
