Parameters: GAD=1 vflib=1 dir=0 label=1 lowerbound=1 fileNameGp=../graphsdb/mcs50/bvg/b09/mcs50_b09_s25.A47 fileNameGt=../graphsdb/mcs50/bvg/b09/mcs50_b09_s25.B47
Reading graphs...
25 :  110
25 :  107
Initializing...
maxdom : 8
D->valSize : 149
Solving...
currentSize : 4 <-- 0.000705 s
currentSize : 5 <-- 0.000748 s
currentSize : 6 <-- 0.001478 s
currentSize : 7 <-- 0.001697 s
currentSize : 10 <-- 0.002450 s
currentSize : 11 <-- 0.002478 s
currentSize : 12 <-- 0.002657 s

maxsize : 12
nodes : 892.000000
filtered : 8682.000000
time : 0.004288
