Parameters: GAD=1 vflib=1 dir=0 label=1 lowerbound=1 fileNameGp=../graphsdb/mcs50/rand/r02/mcs50_r02_s70.A85 fileNameGt=../graphsdb/mcs50/rand/r02/mcs50_r02_s70.B85
Reading graphs...
70 :  856
70 :  857
Initializing...
maxdom : 8
D->valSize : 341
Solving...
currentSize : 2 <-- 0.004034 s
currentSize : 3 <-- 0.004171 s
currentSize : 4 <-- 0.004204 s
currentSize : 8 <-- 0.004250 s
currentSize : 9 <-- 0.004304 s
currentSize : 26 <-- 0.005127 s
currentSize : 27 <-- 0.005855 s

maxsize : 27
nodes : 13382.000000
filtered : 128063.000000
time : 0.091658
