Parameters: GAD=1 vflib=1 dir=0 label=1 lowerbound=1 fileNameGp=../graphsdb/mcs50/rand/r02/mcs50_r02_s60.A44 fileNameGt=../graphsdb/mcs50/rand/r02/mcs50_r02_s60.B44
Reading graphs...
60 :  635
60 :  632
Initializing...
maxdom : 7
D->valSize : 223
Solving...
currentSize : 5 <-- 0.001430 s
currentSize : 8 <-- 0.001516 s
currentSize : 14 <-- 0.001617 s
currentSize : 17 <-- 0.002033 s
currentSize : 18 <-- 0.002682 s
currentSize : 23 <-- 0.003447 s

maxsize : 23
nodes : 7612.000000
filtered : 38577.000000
time : 0.042197
