Parameters: GAD=1 vflib=1 dir=0 label=1 lowerbound=1 fileNameGp=../graphsdb/mcs50/rand/r02/mcs50_r02_s100.A79 fileNameGt=../graphsdb/mcs50/rand/r02/mcs50_r02_s100.B79
Reading graphs...
100 :  1774
100 :  1774
Initializing...
maxdom : 10
D->valSize : 372
Solving...
currentSize : 3 <-- 0.005266 s
currentSize : 15 <-- 0.005390 s
currentSize : 17 <-- 0.007757 s
currentSize : 18 <-- 0.010711 s
currentSize : 19 <-- 0.023517 s
currentSize : 20 <-- 0.025018 s
currentSize : 39 <-- 0.030375 s

maxsize : 39
nodes : 203363.000000
filtered : 304568.000000
time : 1.689877
