Parameters: GAD=1 vflib=1 dir=0 label=1 lowerbound=1 fileNameGp=../graphsdb/mcs50/rand/r01/mcs50_r01_s90.A27 fileNameGt=../graphsdb/mcs50/rand/r01/mcs50_r01_s90.B27
Reading graphs...
90 :  768
90 :  757
Initializing...
maxdom : 8
D->valSize : 517
Solving...
currentSize : 5 <-- 0.004989 s
currentSize : 6 <-- 0.005463 s
currentSize : 7 <-- 0.005600 s
currentSize : 12 <-- 0.005709 s
currentSize : 19 <-- 0.006323 s
currentSize : 42 <-- 0.017777 s

maxsize : 42
nodes : 290866.000000
filtered : 2267665.000000
time : 2.114171
