Parameters: GAD=1 vflib=1 dir=0 label=1 lowerbound=1 fileNameGp=../graphsdb/mcs50/bvg/b09m/mcs50_b09m_s80.A49 fileNameGt=../graphsdb/mcs50/bvg/b09m/mcs50_b09m_s80.B49
Reading graphs...
80 :  354
80 :  353
Initializing...
maxdom : 8
D->valSize : 478
Solving...
currentSize : 1 <-- 0.004467 s
currentSize : 2 <-- 0.004510 s
currentSize : 3 <-- 0.004568 s
currentSize : 20 <-- 0.004685 s
currentSize : 27 <-- 0.243660 s
currentSize : 40 <-- 11.341523 s

maxsize : 40
nodes : 43679238.000000
filtered : 175807818.000000
time : 249.837250
