Parameters: GAD=1 vflib=1 dir=0 label=1 lowerbound=1 fileNameGp=../graphsdb/mcs50/rand/r02/mcs50_r02_s90.A27 fileNameGt=../graphsdb/mcs50/rand/r02/mcs50_r02_s90.B27
Reading graphs...
90 :  1418
90 :  1408
Initializing...
maxdom : 11
D->valSize : 571
Solving...
currentSize : 2 <-- 0.008997 s
currentSize : 5 <-- 0.009079 s
currentSize : 7 <-- 0.009397 s
currentSize : 9 <-- 0.009620 s
currentSize : 17 <-- 0.009948 s
currentSize : 31 <-- 0.010901 s
currentSize : 32 <-- 0.011422 s
currentSize : 33 <-- 0.012239 s

maxsize : 33
nodes : 155293.000000
filtered : 867627.000000
time : 1.138450
