Parameters: GAD=1 vflib=1 dir=0 label=1 lowerbound=1 fileNameGp=../graphsdb/mcs50/bvg/b09/mcs50_b09_s25.A32 fileNameGt=../graphsdb/mcs50/bvg/b09/mcs50_b09_s25.B32
Reading graphs...
25 :  109
25 :  106
Initializing...
maxdom : 8
D->valSize : 185
Solving...
currentSize : 4 <-- 0.000795 s
currentSize : 5 <-- 0.000826 s
currentSize : 6 <-- 0.001142 s
currentSize : 7 <-- 0.001336 s
currentSize : 8 <-- 0.002122 s
currentSize : 12 <-- 0.002687 s

maxsize : 12
nodes : 762.000000
filtered : 13798.000000
time : 0.003766
