Parameters: GAD=1 vflib=1 dir=0 label=1 lowerbound=1 fileNameGp=../graphsdb/mcs50/rand/r02/mcs50_r02_s100.A96 fileNameGt=../graphsdb/mcs50/rand/r02/mcs50_r02_s100.B96
Reading graphs...
100 :  1782
100 :  1789
Initializing...
maxdom : 7
D->valSize : 366
Solving...
currentSize : 1 <-- 0.003641 s
currentSize : 35 <-- 0.003879 s
currentSize : 36 <-- 0.157121 s
currentSize : 37 <-- 0.313733 s
currentSize : 38 <-- 0.315222 s
currentSize : 39 <-- 0.320257 s

maxsize : 39
nodes : 92570.000000
filtered : 271605.000000
time : 0.786352
