Parameters: GAD=1 vflib=1 dir=0 label=1 lowerbound=1 fileNameGp=../graphsdb/mcs50/rand/r01/mcs50_r01_s25.A39 fileNameGt=../graphsdb/mcs50/rand/r01/mcs50_r01_s25.B39
Reading graphs...
25 :  57
25 :  55
Initializing...
maxdom : 9
D->valSize : 171
Solving...
currentSize : 1 <-- 0.000924 s
currentSize : 2 <-- 0.000953 s
currentSize : 3 <-- 0.000988 s
currentSize : 4 <-- 0.001000 s
currentSize : 8 <-- 0.001103 s
currentSize : 9 <-- 0.001112 s
currentSize : 12 <-- 0.001183 s

maxsize : 12
nodes : 408.000000
filtered : 6619.000000
time : 0.003127
