Parameters: GAD=1 vflib=1 dir=0 label=1 lowerbound=1 fileNameGp=../graphsdb/mcs50/bvg/b09m/mcs50_b09m_s50.A62 fileNameGt=../graphsdb/mcs50/bvg/b09m/mcs50_b09m_s50.B62
Reading graphs...
50 :  219
50 :  216
Initializing...
maxdom : 10
D->valSize : 309
Solving...
currentSize : 1 <-- 0.001884 s
currentSize : 2 <-- 0.001936 s
currentSize : 4 <-- 0.001985 s
currentSize : 6 <-- 0.002005 s
currentSize : 16 <-- 0.002215 s
currentSize : 24 <-- 0.037799 s

maxsize : 24
nodes : 42842.000000
filtered : 168515.000000
time : 0.188410
