Parameters: GAD=1 vflib=1 dir=0 label=1 lowerbound=1 fileNameGp=../graphsdb/mcs50/rand/r01/mcs50_r01_s70.A23 fileNameGt=../graphsdb/mcs50/rand/r01/mcs50_r01_s70.B23
Reading graphs...
70 :  441
70 :  460
Initializing...
maxdom : 9
D->valSize : 346
Solving...
currentSize : 1 <-- 0.002791 s
currentSize : 3 <-- 0.002839 s
currentSize : 5 <-- 0.002909 s
currentSize : 21 <-- 0.003167 s
currentSize : 22 <-- 0.003660 s
currentSize : 31 <-- 0.027951 s

maxsize : 31
nodes : 39118.000000
filtered : 285969.000000
time : 0.241393
