Parameters: GAD=1 vflib=1 dir=0 label=1 lowerbound=1 fileNameGp=../graphsdb/mcs50/m3D/m3Dr6/mcs50_m3Dr6_s50.A67 fileNameGt=../graphsdb/mcs50/m3D/m3Dr6/mcs50_m3Dr6_s50.B67
Reading graphs...
50 :  137
50 :  134
Initializing...
maxdom : 9
D->valSize : 353
Solving...
currentSize : 1 <-- 0.002313 s
currentSize : 4 <-- 0.002376 s
currentSize : 5 <-- 0.002403 s
currentSize : 22 <-- 0.002522 s
currentSize : 26 <-- 0.027148 s
currentSize : 27 <-- 0.173260 s

maxsize : 27
nodes : 170973.000000
filtered : 874934.000000
time : 0.839301
