Parameters: GAD=1 vflib=1 dir=0 label=1 lowerbound=1 fileNameGp=../graphsdb/mcs50/bvg/b03m/mcs50_b03m_s20.A86 fileNameGt=../graphsdb/mcs50/bvg/b03m/mcs50_b03m_s20.B86
Reading graphs...
20 :  28
20 :  29
Initializing...
maxdom : 7
D->valSize : 114
Solving...
currentSize : 1 <-- 0.000573 s
currentSize : 2 <-- 0.000615 s
currentSize : 3 <-- 0.000655 s
currentSize : 7 <-- 0.000683 s
currentSize : 8 <-- 0.000692 s
currentSize : 9 <-- 0.000795 s
currentSize : 10 <-- 0.001293 s

maxsize : 10
nodes : 538.000000
filtered : 2544.000000
time : 0.002183
