Parameters: GAD=1 vflib=1 dir=0 label=1 lowerbound=1 fileNameGp=../graphsdb/mcs70/bvg/b06m/mcs70_b06m_s25.A32 fileNameGt=../graphsdb/mcs70/bvg/b06m/mcs70_b06m_s25.B32
Reading graphs...
25 :  74
25 :  74
Initializing...
maxdom : 8
D->valSize : 162
Solving...
currentSize : 1 <-- 0.000686 s
currentSize : 4 <-- 0.000731 s
currentSize : 6 <-- 0.000795 s
currentSize : 8 <-- 0.000853 s
currentSize : 11 <-- 0.001028 s
currentSize : 12 <-- 0.001209 s
currentSize : 16 <-- 0.001902 s

maxsize : 16
nodes : 681.000000
filtered : 5839.000000
time : 0.003381
