Parameters: GAD=1 vflib=1 dir=0 label=1 lowerbound=1 fileNameGp=../graphsdb/mcs70/rand/r01/mcs70_r01_s90.A24 fileNameGt=../graphsdb/mcs70/rand/r01/mcs70_r01_s90.B24
Reading graphs...
90 :  762
90 :  759
Initializing...
maxdom : 10
D->valSize : 562
Solving...
currentSize : 2 <-- 0.005859 s
currentSize : 3 <-- 0.005981 s
currentSize : 41 <-- 0.006311 s
currentSize : 53 <-- 0.182012 s
currentSize : 54 <-- 0.210732 s
currentSize : 55 <-- 0.296203 s

maxsize : 55
nodes : 185687.000000
filtered : 1387008.000000
time : 1.298630
