Parameters: GAD=1 vflib=1 dir=0 label=1 lowerbound=1 fileNameGp=../graphsdb/mcs70/rand/r01/mcs70_r01_s15.A81 fileNameGt=../graphsdb/mcs70/rand/r01/mcs70_r01_s15.B81
Reading graphs...
15 :  21
15 :  21
Initializing...
maxdom : 9
D->valSize : 117
Solving...
currentSize : 4 <-- 0.000459 s
currentSize : 5 <-- 0.000493 s
currentSize : 6 <-- 0.001119 s
currentSize : 7 <-- 0.001138 s
currentSize : 8 <-- 0.001385 s
currentSize : 10 <-- 0.001390 s

maxsize : 10
nodes : 463.000000
filtered : 3216.000000
time : 0.001507
