Parameters: GAD=1 vflib=1 dir=0 label=1 lowerbound=1 fileNameGp=../graphsdb/mcs70/rand/r02/mcs70_r02_s90.A53 fileNameGt=../graphsdb/mcs70/rand/r02/mcs70_r02_s90.B53
Reading graphs...
90 :  1439
90 :  1424
Initializing...
maxdom : 12
D->valSize : 610
Solving...
currentSize : 4 <-- 0.010270 s
currentSize : 10 <-- 0.010641 s
currentSize : 13 <-- 0.011335 s
currentSize : 42 <-- 0.012411 s
currentSize : 43 <-- 0.012742 s
currentSize : 44 <-- 0.490517 s
currentSize : 45 <-- 0.490742 s

maxsize : 45
nodes : 24965919.000000
filtered : 20866527.000000
time : 200.346664
