Parameters: GAD=1 vflib=1 dir=0 label=1 lowerbound=1 fileNameGp=../graphsdb/mcs70/rand/r02/mcs70_r02_s70.A44 fileNameGt=../graphsdb/mcs70/rand/r02/mcs70_r02_s70.B44
Reading graphs...
70 :  860
70 :  853
Initializing...
maxdom : 9
D->valSize : 377
Solving...
currentSize : 2 <-- 0.003249 s
currentSize : 4 <-- 0.003289 s
currentSize : 13 <-- 0.003427 s
currentSize : 15 <-- 0.003847 s
currentSize : 21 <-- 0.004298 s
currentSize : 33 <-- 0.008026 s
currentSize : 34 <-- 0.101123 s
currentSize : 35 <-- 0.287211 s

maxsize : 35
nodes : 616514.000000
filtered : 636500.000000
time : 4.021369
