Parameters: GAD=1 vflib=1 dir=0 label=1 lowerbound=1 fileNameGp=../graphsdb/mcs70/rand/r02/mcs70_r02_s90.A45 fileNameGt=../graphsdb/mcs70/rand/r02/mcs70_r02_s90.B45
Reading graphs...
90 :  1437
90 :  1438
Initializing...
maxdom : 8
D->valSize : 568
Solving...
currentSize : 6 <-- 0.006067 s
currentSize : 10 <-- 0.006187 s
currentSize : 11 <-- 0.006325 s
currentSize : 26 <-- 0.006714 s
currentSize : 43 <-- 0.010470 s
currentSize : 44 <-- 0.015692 s

maxsize : 44
nodes : 50490938.000000
filtered : 41142922.000000
time : 416.119904
