Parameters: GAD=1 vflib=1 dir=0 label=1 lowerbound=1 fileNameGp=../graphsdb/mcs70/rand/r01/mcs70_r01_s80.A03 fileNameGt=../graphsdb/mcs70/rand/r01/mcs70_r01_s80.B03
Reading graphs...
80 :  596
80 :  592
Initializing...
maxdom : 9
D->valSize : 440
Solving...
currentSize : 1 <-- 0.003820 s
currentSize : 5 <-- 0.003910 s
currentSize : 7 <-- 0.004007 s
currentSize : 35 <-- 0.004362 s
currentSize : 48 <-- 0.009908 s
currentSize : 49 <-- 0.010536 s

maxsize : 49
nodes : 186335.000000
filtered : 478126.000000
time : 0.989448
