Parameters: GAD=1 vflib=1 dir=0 label=1 lowerbound=1 fileNameGp=../graphsdb/mcs70/rand/r02/mcs70_r02_s40.A25 fileNameGt=../graphsdb/mcs70/rand/r02/mcs70_r02_s40.B25
Reading graphs...
40 :  278
40 :  280
Initializing...
maxdom : 8
D->valSize : 232
Solving...
currentSize : 6 <-- 0.001328 s
currentSize : 8 <-- 0.001362 s
currentSize : 9 <-- 0.001401 s
currentSize : 11 <-- 0.001466 s
currentSize : 14 <-- 0.002031 s
currentSize : 21 <-- 0.002338 s

maxsize : 21
nodes : 2312.000000
filtered : 21042.000000
time : 0.011544
