Parameters: GAD=1 vflib=1 dir=0 label=1 lowerbound=1 fileNameGp=../graphsdb/mcs70/bvg/b06/mcs70_b06_s15.A71 fileNameGt=../graphsdb/mcs70/bvg/b06/mcs70_b06_s15.B71
Reading graphs...
15 :  44
15 :  44
Initializing...
maxdom : 8
D->valSize : 114
Solving...
currentSize : 3 <-- 0.000587 s
currentSize : 5 <-- 0.000604 s
currentSize : 6 <-- 0.000657 s
currentSize : 7 <-- 0.000669 s
currentSize : 8 <-- 0.001193 s
currentSize : 10 <-- 0.001247 s

maxsize : 10
nodes : 354.000000
filtered : 3685.000000
time : 0.001644
