Parameters: GAD=1 vflib=1 dir=0 label=1 lowerbound=1 fileNameGp=../graphsdb/mcs70/rand/r02/mcs70_r02_s100.A23 fileNameGt=../graphsdb/mcs70/rand/r02/mcs70_r02_s100.B23
Reading graphs...
100 :  1772
100 :  1783
Initializing...
maxdom : 7
D->valSize : 389
Solving...
currentSize : 27 <-- 0.006261 s
currentSize : 49 <-- 0.009947 s
currentSize : 50 <-- 0.010529 s
currentSize : 51 <-- 0.422409 s
currentSize : 52 <-- 0.722397 s
currentSize : 53 <-- 1.373719 s

maxsize : 53
nodes : 1532098.000000
filtered : 1666483.000000
time : 13.700202
