Parameters: GAD=1 vflib=1 dir=0 label=1 lowerbound=1 fileNameGp=../graphsdb/mcs70/rand/r01/mcs70_r01_s10.A98 fileNameGt=../graphsdb/mcs70/rand/r01/mcs70_r01_s10.B98
Reading graphs...
10 :  11
10 :  11
Initializing...
maxdom : 6
D->valSize : 52
Solving...
currentSize : 1 <-- 0.000350 s
currentSize : 3 <-- 0.000375 s
currentSize : 4 <-- 0.000385 s
currentSize : 5 <-- 0.000480 s
currentSize : 6 <-- 0.000495 s
currentSize : 7 <-- 0.000502 s

maxsize : 7
nodes : 77.000000
filtered : 339.000000
time : 0.000558
