Parameters: GAD=1 vflib=1 dir=0 label=1 lowerbound=1 fileNameGp=../graphsdb/mcs70/m2D/m2Dr4/mcs70_m2Dr4_s15.A14 fileNameGt=../graphsdb/mcs70/m2D/m2Dr4/mcs70_m2Dr4_s15.B14
Reading graphs...
15 :  27
15 :  25
Initializing...
maxdom : 8
D->valSize : 114
Solving...
currentSize : 1 <-- 0.000547 s
currentSize : 3 <-- 0.000567 s
currentSize : 4 <-- 0.000578 s
currentSize : 5 <-- 0.000659 s
currentSize : 6 <-- 0.000955 s
currentSize : 7 <-- 0.001536 s
currentSize : 8 <-- 0.001553 s
currentSize : 9 <-- 0.001754 s

maxsize : 9
nodes : 705.000000
filtered : 5834.000000
time : 0.002947
