Parameters: GAD=1 vflib=1 dir=0 label=1 lowerbound=1 fileNameGp=../graphsdb/mcs70/rand/r02/mcs70_r02_s90.A11 fileNameGt=../graphsdb/mcs70/rand/r02/mcs70_r02_s90.B11
Reading graphs...
90 :  1444
90 :  1435
Initializing...
maxdom : 10
D->valSize : 584
Solving...
currentSize : 42 <-- 0.006411 s
currentSize : 43 <-- 0.009278 s
currentSize : 44 <-- 0.018251 s
currentSize : 45 <-- 0.152599 s
currentSize : 46 <-- 0.163356 s
currentSize : 47 <-- 1.479648 s
currentSize : 48 <-- 1.491839 s

maxsize : 48
nodes : 597122.000000
filtered : 954396.000000
time : 4.852839
