Parameters: GAD=1 vflib=1 dir=0 label=1 lowerbound=1 fileNameGp=../graphsdb/mcs70/rand/r02/mcs70_r02_s70.A83 fileNameGt=../graphsdb/mcs70/rand/r02/mcs70_r02_s70.B83
Reading graphs...
70 :  866
70 :  864
Initializing...
maxdom : 9
D->valSize : 344
Solving...
currentSize : 4 <-- 0.003903 s
currentSize : 10 <-- 0.003962 s
currentSize : 11 <-- 0.004333 s
currentSize : 12 <-- 0.004568 s
currentSize : 15 <-- 0.005007 s
currentSize : 16 <-- 0.005239 s
currentSize : 37 <-- 0.007239 s

maxsize : 37
nodes : 100226.000000
filtered : 165599.000000
time : 0.708631
