Parameters: GAD=1 vflib=1 dir=0 label=1 lowerbound=1 fileNameGp=../graphsdb/mcs70/rand/r02/mcs70_r02_s100.A51 fileNameGt=../graphsdb/mcs70/rand/r02/mcs70_r02_s100.B51
Reading graphs...
100 :  1753
100 :  1763
Initializing...
maxdom : 7
D->valSize : 366
Solving...
currentSize : 1 <-- 0.005811 s
currentSize : 14 <-- 0.006019 s
currentSize : 23 <-- 0.007764 s
currentSize : 24 <-- 0.008078 s
currentSize : 45 <-- 0.032319 s
currentSize : 46 <-- 0.032687 s
currentSize : 47 <-- 0.033373 s
currentSize : 48 <-- 0.034429 s
currentSize : 49 <-- 0.040361 s
currentSize : 50 <-- 0.594462 s
currentSize : 51 <-- 1.037868 s
currentSize : 52 <-- 2.245307 s

maxsize : 52
nodes : 1517333.000000
filtered : 1495709.000000
time : 12.776446
