Parameters: GAD=1 vflib=1 dir=0 label=1 lowerbound=1 fileNameGp=../graphsdb/mcs70/rand/r02/mcs70_r02_s100.A85 fileNameGt=../graphsdb/mcs70/rand/r02/mcs70_r02_s100.B85
Reading graphs...
100 :  1765
100 :  1761
Initializing...
maxdom : 10
D->valSize : 369
Solving...
currentSize : 46 <-- 0.003681 s
currentSize : 47 <-- 0.004254 s
currentSize : 48 <-- 0.018538 s
currentSize : 49 <-- 0.048045 s
currentSize : 50 <-- 0.297033 s
currentSize : 51 <-- 15.885649 s

maxsize : 51
nodes : 3967376.000000
filtered : 4109676.000000
time : 35.269135
