Parameters: GAD=1 vflib=1 dir=0 label=1 lowerbound=1 fileNameGp=../graphsdb/mcs70/bvg/b06/mcs70_b06_s25.A54 fileNameGt=../graphsdb/mcs70/bvg/b06/mcs70_b06_s25.B54
Reading graphs...
25 :  74
25 :  75
Initializing...
maxdom : 10
D->valSize : 156
Solving...
currentSize : 2 <-- 0.000745 s
currentSize : 4 <-- 0.000797 s
currentSize : 5 <-- 0.000961 s
currentSize : 10 <-- 0.001023 s
currentSize : 12 <-- 0.001077 s
currentSize : 14 <-- 0.001154 s
currentSize : 17 <-- 0.001350 s

maxsize : 17
nodes : 239.000000
filtered : 2749.000000
time : 0.001546
