Parameters: GAD=1 vflib=1 dir=0 label=1 lowerbound=1 fileNameGp=../graphsdb/mcs70/bvg/b06m/mcs70_b06m_s25.A77 fileNameGt=../graphsdb/mcs70/bvg/b06m/mcs70_b06m_s25.B77
Reading graphs...
25 :  74
25 :  74
Initializing...
maxdom : 7
D->valSize : 160
Solving...
currentSize : 1 <-- 0.000790 s
currentSize : 2 <-- 0.000834 s
currentSize : 5 <-- 0.000863 s
currentSize : 6 <-- 0.000874 s
currentSize : 7 <-- 0.001020 s
currentSize : 9 <-- 0.001087 s
currentSize : 10 <-- 0.001162 s
currentSize : 16 <-- 0.001430 s

maxsize : 16
nodes : 625.000000
filtered : 6652.000000
time : 0.003481
