Parameters: GAD=1 vflib=1 dir=0 label=1 lowerbound=1 fileNameGp=../graphsdb/mcs70/rand/r01/mcs70_r01_s25.A83 fileNameGt=../graphsdb/mcs70/rand/r01/mcs70_r01_s25.B83
Reading graphs...
25 :  55
25 :  57
Initializing...
maxdom : 8
D->valSize : 157
Solving...
currentSize : 1 <-- 0.000666 s
currentSize : 3 <-- 0.000713 s
currentSize : 6 <-- 0.000747 s
currentSize : 7 <-- 0.000972 s
currentSize : 10 <-- 0.001128 s
currentSize : 11 <-- 0.001798 s
currentSize : 12 <-- 0.002407 s
currentSize : 16 <-- 0.002659 s

maxsize : 16
nodes : 967.000000
filtered : 7002.000000
time : 0.003591
