Parameters: GAD=1 vflib=1 dir=0 label=1 lowerbound=1 fileNameGp=../graphsdb/mcs70/rand/r02/mcs70_r02_s70.A52 fileNameGt=../graphsdb/mcs70/rand/r02/mcs70_r02_s70.B52
Reading graphs...
70 :  868
70 :  872
Initializing...
maxdom : 7
D->valSize : 329
Solving...
currentSize : 3 <-- 0.002366 s
currentSize : 9 <-- 0.002408 s
currentSize : 11 <-- 0.002470 s
currentSize : 17 <-- 0.002647 s
currentSize : 34 <-- 0.003198 s
currentSize : 35 <-- 0.003526 s
currentSize : 36 <-- 0.096834 s

maxsize : 36
nodes : 453351.000000
filtered : 463153.000000
time : 2.873628
