Parameters: GAD=1 vflib=1 dir=0 label=1 lowerbound=1 fileNameGp=../graphsdb/mcs70/rand/r02/mcs70_r02_s80.A06 fileNameGt=../graphsdb/mcs70/rand/r02/mcs70_r02_s80.B06
Reading graphs...
80 :  1147
80 :  1141
Initializing...
maxdom : 9
D->valSize : 461
Solving...
currentSize : 4 <-- 0.004067 s
currentSize : 5 <-- 0.004130 s
currentSize : 12 <-- 0.004178 s
currentSize : 17 <-- 0.005440 s
currentSize : 27 <-- 0.006578 s
currentSize : 41 <-- 0.019793 s
currentSize : 42 <-- 0.020223 s
currentSize : 43 <-- 0.021490 s

maxsize : 43
nodes : 100133.000000
filtered : 257917.000000
time : 0.714763
