Parameters: GAD=1 vflib=1 dir=0 label=1 lowerbound=1 fileNameGp=../graphsdb/mcs70/bvg/b09m/mcs70_b09m_s20.A45 fileNameGt=../graphsdb/mcs70/bvg/b09m/mcs70_b09m_s20.B45
Reading graphs...
20 :  87
20 :  85
Initializing...
maxdom : 7
D->valSize : 104
Solving...
currentSize : 2 <-- 0.000471 s
currentSize : 4 <-- 0.000500 s
currentSize : 5 <-- 0.000523 s
currentSize : 7 <-- 0.000547 s
currentSize : 11 <-- 0.000636 s
currentSize : 12 <-- 0.000690 s
currentSize : 13 <-- 0.000876 s

maxsize : 13
nodes : 153.000000
filtered : 1832.000000
time : 0.001070
