Parameters: GAD=1 vflib=1 dir=0 label=1 lowerbound=1 fileNameGp=../graphsdb/mcs70/rand/r02/mcs70_r02_s60.A64 fileNameGt=../graphsdb/mcs70/rand/r02/mcs70_r02_s60.B64
Reading graphs...
60 :  634
60 :  642
Initializing...
maxdom : 7
D->valSize : 266
Solving...
currentSize : 5 <-- 0.001687 s
currentSize : 14 <-- 0.001896 s
currentSize : 20 <-- 0.002654 s
currentSize : 22 <-- 0.003660 s
currentSize : 33 <-- 0.004023 s
currentSize : 34 <-- 0.009234 s

maxsize : 34
nodes : 7573.000000
filtered : 27453.000000
time : 0.043788
