Parameters: GAD=1 vflib=1 dir=0 label=1 lowerbound=1 fileNameGp=../graphsdb/mcs70/rand/r02/mcs70_r02_s25.A33 fileNameGt=../graphsdb/mcs70/rand/r02/mcs70_r02_s25.B33
Reading graphs...
25 :  105
25 :  106
Initializing...
maxdom : 11
D->valSize : 181
Solving...
currentSize : 1 <-- 0.000801 s
currentSize : 5 <-- 0.000832 s
currentSize : 6 <-- 0.001133 s
currentSize : 10 <-- 0.001177 s
currentSize : 11 <-- 0.001488 s
currentSize : 15 <-- 0.001554 s

maxsize : 15
nodes : 392.000000
filtered : 7025.000000
time : 0.002714
