Parameters: GAD=1 vflib=1 dir=0 label=1 lowerbound=1 fileNameGp=../graphsdb/mcs70/m2D/m2Dr2/mcs70_m2Dr2_s15.A18 fileNameGt=../graphsdb/mcs70/m2D/m2Dr2/mcs70_m2Dr2_s15.B18
Reading graphs...
15 :  25
15 :  25
Initializing...
maxdom : 8
D->valSize : 113
Solving...
currentSize : 3 <-- 0.000544 s
currentSize : 4 <-- 0.000593 s
currentSize : 7 <-- 0.000623 s
currentSize : 8 <-- 0.000764 s
currentSize : 9 <-- 0.001322 s
currentSize : 10 <-- 0.001393 s

maxsize : 10
nodes : 398.000000
filtered : 3654.000000
time : 0.001784
