Parameters: GAD=1 vflib=1 dir=0 label=1 lowerbound=1 fileNameGp=../graphsdb/mcs70/m2D/m2Dr6/m2Dr6/mcs70_m2Dr6_s25.A94 fileNameGt=../graphsdb/mcs70/m2D/m2Dr6/m2Dr6/mcs70_m2Dr6_s25.B94
Reading graphs...
25 :  55
25 :  54
Initializing...
maxdom : 9
D->valSize : 169
Solving...
currentSize : 1 <-- 0.000816 s
currentSize : 9 <-- 0.000858 s
currentSize : 10 <-- 0.001120 s
currentSize : 15 <-- 0.001181 s
currentSize : 16 <-- 0.001765 s
currentSize : 17 <-- 0.002385 s

maxsize : 17
nodes : 724.000000
filtered : 5894.000000
time : 0.003579
