Parameters: GAD=1 vflib=1 dir=0 label=1 lowerbound=1 fileNameGp=../graphsdb/mcs70/rand/r01/mcs70_r01_s25.A18 fileNameGt=../graphsdb/mcs70/rand/r01/mcs70_r01_s25.B18
Reading graphs...
25 :  58
25 :  57
Initializing...
maxdom : 10
D->valSize : 157
Solving...
currentSize : 3 <-- 0.000816 s
currentSize : 4 <-- 0.000834 s
currentSize : 6 <-- 0.000931 s
currentSize : 11 <-- 0.001057 s
currentSize : 14 <-- 0.001175 s
currentSize : 15 <-- 0.001399 s
currentSize : 17 <-- 0.001412 s

maxsize : 17
nodes : 281.000000
filtered : 2579.000000
time : 0.001800
