Parameters: GAD=1 vflib=1 dir=0 label=1 lowerbound=1 fileNameGp=../graphsdb/mcs70/bvg/b06/mcs70_b06_s15.A67 fileNameGt=../graphsdb/mcs70/bvg/b06/mcs70_b06_s15.B67
Reading graphs...
15 :  45
15 :  43
Initializing...
maxdom : 9
D->valSize : 120
Solving...
currentSize : 2 <-- 0.000553 s
currentSize : 4 <-- 0.000578 s
currentSize : 5 <-- 0.000593 s
currentSize : 6 <-- 0.000881 s
currentSize : 9 <-- 0.001448 s
currentSize : 10 <-- 0.001664 s

maxsize : 10
nodes : 405.000000
filtered : 4143.000000
time : 0.001783
