Parameters: GAD=1 vflib=1 dir=0 label=1 lowerbound=1 fileNameGp=../graphsdb/mcs70/rand/r01/mcs70_r01_s25.A37 fileNameGt=../graphsdb/mcs70/rand/r01/mcs70_r01_s25.B37
Reading graphs...
25 :  58
25 :  57
Initializing...
maxdom : 8
D->valSize : 166
Solving...
currentSize : 1 <-- 0.000836 s
currentSize : 9 <-- 0.000883 s
currentSize : 12 <-- 0.000985 s
currentSize : 14 <-- 0.001203 s
currentSize : 15 <-- 0.001815 s
currentSize : 17 <-- 0.001955 s

maxsize : 17
nodes : 481.000000
filtered : 4085.000000
time : 0.002728
