Parameters: GAD=1 vflib=1 dir=0 label=1 lowerbound=1 fileNameGp=../graphsdb/mcs70/rand/r02/mcs70_r02_s50.A32 fileNameGt=../graphsdb/mcs70/rand/r02/mcs70_r02_s50.B32
Reading graphs...
50 :  449
50 :  449
Initializing...
maxdom : 11
D->valSize : 324
Solving...
currentSize : 9 <-- 0.001988 s
currentSize : 12 <-- 0.002343 s
currentSize : 15 <-- 0.002650 s
currentSize : 19 <-- 0.002917 s
currentSize : 27 <-- 0.004526 s
currentSize : 28 <-- 0.004740 s
currentSize : 29 <-- 0.005086 s

maxsize : 29
nodes : 2821.000000
filtered : 41822.000000
time : 0.016758
