Parameters: GAD=1 vflib=1 dir=0 label=1 lowerbound=1 fileNameGp=../graphsdb/mcs70/bvg/b03/mcs70_b03_s15.A94 fileNameGt=../graphsdb/mcs70/bvg/b03/mcs70_b03_s15.B94
Reading graphs...
15 :  22
15 :  22
Initializing...
maxdom : 12
D->valSize : 144
Solving...
currentSize : 1 <-- 0.000595 s
currentSize : 5 <-- 0.000619 s
currentSize : 6 <-- 0.000629 s
currentSize : 7 <-- 0.000634 s
currentSize : 8 <-- 0.001812 s
currentSize : 10 <-- 0.002322 s

maxsize : 10
nodes : 562.000000
filtered : 4317.000000
time : 0.002522
