Parameters: GAD=1 vflib=1 dir=0 label=1 lowerbound=1 fileNameGp=../graphsdb/mcs70/bvg/b09/mcs70_b09_s50.A64 fileNameGt=../graphsdb/mcs70/bvg/b09/mcs70_b09_s50.B64
Reading graphs...
50 :  223
50 :  222
Initializing...
maxdom : 9
D->valSize : 328
Solving...
currentSize : 1 <-- 0.002084 s
currentSize : 3 <-- 0.002123 s
currentSize : 4 <-- 0.002161 s
currentSize : 15 <-- 0.002272 s
currentSize : 24 <-- 0.005945 s
currentSize : 34 <-- 0.007663 s

maxsize : 34
nodes : 5826.000000
filtered : 41509.000000
time : 0.028590
