Parameters: GAD=1 vflib=1 dir=0 label=1 lowerbound=1 fileNameGp=../graphsdb/mcs70/rand/r02/mcs70_r02_s90.A77 fileNameGt=../graphsdb/mcs70/rand/r02/mcs70_r02_s90.B77
Reading graphs...
90 :  1439
90 :  1417
Initializing...
maxdom : 10
D->valSize : 573
Solving...
currentSize : 24 <-- 0.006211 s
currentSize : 39 <-- 0.010340 s
currentSize : 40 <-- 0.012224 s
currentSize : 41 <-- 0.016242 s
currentSize : 42 <-- 15.028378 s
currentSize : 43 <-- 15.030405 s

maxsize : 43
nodes : 10203276.000000
filtered : 12233533.000000
time : 79.412819
