Parameters: GAD=1 vflib=1 dir=0 label=1 lowerbound=1 fileNameGp=../graphsdb/mcs70/rand/r01/mcs70_r01_s35.A90 fileNameGt=../graphsdb/mcs70/rand/r01/mcs70_r01_s35.B90
Reading graphs...
35 :  112
35 :  112
Initializing...
maxdom : 7
D->valSize : 180
Solving...
currentSize : 2 <-- 0.000912 s
currentSize : 3 <-- 0.000940 s
currentSize : 4 <-- 0.001020 s
currentSize : 18 <-- 0.001099 s
currentSize : 21 <-- 0.001245 s
currentSize : 22 <-- 0.001453 s

maxsize : 22
nodes : 758.000000
filtered : 5790.000000
time : 0.004059
