Parameters: GAD=1 vflib=1 dir=0 label=1 lowerbound=1 fileNameGp=../graphsdb/mcs70/rand/r02/mcs70_r02_s25.A53 fileNameGt=../graphsdb/mcs70/rand/r02/mcs70_r02_s25.B53
Reading graphs...
25 :  106
25 :  106
Initializing...
maxdom : 8
D->valSize : 156
Solving...
currentSize : 4 <-- 0.000788 s
currentSize : 7 <-- 0.000828 s
currentSize : 8 <-- 0.001226 s
currentSize : 10 <-- 0.002716 s
currentSize : 14 <-- 0.002926 s
currentSize : 15 <-- 0.003156 s

maxsize : 15
nodes : 894.000000
filtered : 9031.000000
time : 0.003803
