Parameters: GAD=1 vflib=1 dir=0 label=1 lowerbound=1 fileNameGp=../graphsdb/mcs70/rand/r02/mcs70_r02_s60.A07 fileNameGt=../graphsdb/mcs70/rand/r02/mcs70_r02_s60.B07
Reading graphs...
60 :  643
60 :  635
Initializing...
maxdom : 9
D->valSize : 272
Solving...
currentSize : 2 <-- 0.001709 s
currentSize : 3 <-- 0.001771 s
currentSize : 4 <-- 0.001851 s
currentSize : 5 <-- 0.001960 s
currentSize : 17 <-- 0.002169 s
currentSize : 34 <-- 0.002501 s
currentSize : 35 <-- 0.002661 s

maxsize : 35
nodes : 4015.000000
filtered : 19430.000000
time : 0.026678
