Parameters: GAD=1 vflib=1 dir=0 label=1 lowerbound=1 fileNameGp=../graphsdb/mcs70/rand/r02/mcs70_r02_s90.A58 fileNameGt=../graphsdb/mcs70/rand/r02/mcs70_r02_s90.B58
Reading graphs...
90 :  1434
90 :  1429
Initializing...
maxdom : 9
D->valSize : 556
Solving...
currentSize : 5 <-- 0.005573 s
currentSize : 17 <-- 0.005764 s
currentSize : 23 <-- 0.009953 s
currentSize : 41 <-- 0.017587 s
currentSize : 42 <-- 0.031636 s
currentSize : 43 <-- 0.415217 s
currentSize : 44 <-- 1.978003 s

maxsize : 44
nodes : 7541252.000000
filtered : 7799643.000000
time : 57.877472
