Parameters: GAD=1 vflib=1 dir=0 label=1 lowerbound=1 fileNameGp=../graphsdb/mcs70/rand/r02/mcs70_r02_s100.A17 fileNameGt=../graphsdb/mcs70/rand/r02/mcs70_r02_s100.B17
Reading graphs...
100 :  1773
100 :  1777
Initializing...
maxdom : 7
D->valSize : 383
Solving...
currentSize : 2 <-- 0.005526 s
currentSize : 3 <-- 0.005586 s
currentSize : 5 <-- 0.005623 s
currentSize : 47 <-- 0.006399 s
currentSize : 48 <-- 0.008483 s
currentSize : 49 <-- 100.277222 s
currentSize : 50 <-- 257.871979 s

maxsize : 50
nodes : 30722756.000000
filtered : 22028014.000000
time : 307.985260
