Parameters: GAD=1 vflib=1 dir=0 label=1 lowerbound=1 fileNameGp=../graphsdb/mcs70/rand/r02/mcs70_r02_s100.A62 fileNameGt=../graphsdb/mcs70/rand/r02/mcs70_r02_s100.B62
Reading graphs...
100 :  1787
100 :  1754
Initializing...
maxdom : 8
D->valSize : 396
Solving...
currentSize : 37 <-- 0.006505 s
currentSize : 38 <-- 0.006820 s
currentSize : 39 <-- 0.007241 s
currentSize : 40 <-- 0.009633 s
currentSize : 41 <-- 0.010874 s
currentSize : 42 <-- 0.025414 s
currentSize : 43 <-- 0.505401 s
currentSize : 44 <-- 0.538770 s
currentSize : 45 <-- 94.927223 s
currentSize : 46 <-- 296.778168 s

maxsize : 46
nodes : 74796732.000000
filtered : 82837791.000000
time : 632.151733
