Parameters: GAD=1 vflib=1 dir=0 label=1 lowerbound=1 fileNameGp=../graphsdb/mcs70/rand/r02/mcs70_r02_s25.A48 fileNameGt=../graphsdb/mcs70/rand/r02/mcs70_r02_s25.B48
Reading graphs...
25 :  102
25 :  107
Initializing...
maxdom : 9
D->valSize : 173
Solving...
currentSize : 4 <-- 0.000772 s
currentSize : 5 <-- 0.000825 s
currentSize : 6 <-- 0.000908 s
currentSize : 8 <-- 0.000999 s
currentSize : 14 <-- 0.001861 s
currentSize : 16 <-- 0.002072 s

maxsize : 16
nodes : 445.000000
filtered : 5967.000000
time : 0.002603
