Parameters: GAD=1 vflib=1 dir=0 label=1 lowerbound=1 fileNameGp=../graphsdb/mcs70/rand/r02/mcs70_r02_s50.A50 fileNameGt=../graphsdb/mcs70/rand/r02/mcs70_r02_s50.B50
Reading graphs...
50 :  444
50 :  442
Initializing...
maxdom : 8
D->valSize : 336
Solving...
currentSize : 4 <-- 0.002165 s
currentSize : 6 <-- 0.002222 s
currentSize : 12 <-- 0.002532 s
currentSize : 19 <-- 0.002748 s
currentSize : 27 <-- 0.003758 s
currentSize : 28 <-- 0.003917 s

maxsize : 28
nodes : 2368.000000
filtered : 37925.000000
time : 0.016026
