Parameters: GAD=1 vflib=1 dir=0 label=1 lowerbound=1 fileNameGp=../graphsdb/mcs70/rand/r02/mcs70_r02_s90.A54 fileNameGt=../graphsdb/mcs70/rand/r02/mcs70_r02_s90.B54
Reading graphs...
90 :  1435
90 :  1439
Initializing...
maxdom : 10
D->valSize : 565
Solving...
currentSize : 12 <-- 0.009011 s
currentSize : 23 <-- 0.012170 s
currentSize : 24 <-- 0.012812 s
currentSize : 41 <-- 0.015443 s
currentSize : 42 <-- 0.026083 s
currentSize : 43 <-- 0.109276 s
currentSize : 44 <-- 0.311992 s
currentSize : 45 <-- 0.318435 s
currentSize : 46 <-- 0.333213 s

maxsize : 46
nodes : 257836.000000
filtered : 736204.000000
time : 2.052021
