Parameters: GAD=1 vflib=1 dir=0 label=1 lowerbound=1 fileNameGp=../graphsdb/mcs70/rand/r02/mcs70_r02_s90.A17 fileNameGt=../graphsdb/mcs70/rand/r02/mcs70_r02_s90.B17
Reading graphs...
90 :  1457
90 :  1434
Initializing...
maxdom : 13
D->valSize : 585
Solving...
currentSize : 5 <-- 0.006239 s
currentSize : 6 <-- 0.006292 s
currentSize : 10 <-- 0.006353 s
currentSize : 11 <-- 0.006628 s
currentSize : 13 <-- 0.007044 s
currentSize : 22 <-- 0.008038 s
currentSize : 23 <-- 0.008198 s
currentSize : 24 <-- 0.008428 s
currentSize : 46 <-- 0.011229 s
currentSize : 47 <-- 0.272610 s
currentSize : 48 <-- 24.798754 s

maxsize : 48
nodes : 4792747.000000
filtered : 3881112.000000
time : 39.982498
