Parameters: GAD=1 vflib=1 dir=0 label=1 lowerbound=1 fileNameGp=../graphsdb/mcs70/bvg/b06/mcs70_b06_s15.A06 fileNameGt=../graphsdb/mcs70/bvg/b06/mcs70_b06_s15.B06
Reading graphs...
15 :  44
15 :  44
Initializing...
maxdom : 8
D->valSize : 114
Solving...
currentSize : 4 <-- 0.000551 s
currentSize : 5 <-- 0.000566 s
currentSize : 6 <-- 0.000707 s
currentSize : 7 <-- 0.000880 s
currentSize : 9 <-- 0.001007 s
currentSize : 10 <-- 0.001093 s

maxsize : 10
nodes : 278.000000
filtered : 3073.000000
time : 0.001573
