Parameters: GAD=1 vflib=1 dir=0 label=1 lowerbound=1 fileNameGp=../graphsdb/mcs70/rand/r02/mcs70_r02_s25.A29 fileNameGt=../graphsdb/mcs70/rand/r02/mcs70_r02_s25.B29
Reading graphs...
25 :  106
25 :  108
Initializing...
maxdom : 7
D->valSize : 160
Solving...
currentSize : 4 <-- 0.000808 s
currentSize : 6 <-- 0.000826 s
currentSize : 7 <-- 0.001115 s
currentSize : 8 <-- 0.001172 s
currentSize : 9 <-- 0.001959 s
currentSize : 16 <-- 0.002249 s

maxsize : 16
nodes : 514.000000
filtered : 6218.000000
time : 0.002802
