Parameters: GAD=1 vflib=1 dir=0 label=1 lowerbound=1 fileNameGp=../graphsdb/mcs70/m2D/m2D/mcs70_m2D_s25.A94 fileNameGt=../graphsdb/mcs70/m2D/m2D/mcs70_m2D_s25.B94
Reading graphs...
25 :  40
25 :  40
Initializing...
maxdom : 7
D->valSize : 152
Solving...
currentSize : 1 <-- 0.000706 s
currentSize : 2 <-- 0.000729 s
currentSize : 4 <-- 0.000760 s
currentSize : 6 <-- 0.000779 s
currentSize : 8 <-- 0.000830 s
currentSize : 13 <-- 0.001033 s
currentSize : 16 <-- 0.001549 s

maxsize : 16
nodes : 523.000000
filtered : 4009.000000
time : 0.002621
