Parameters: GAD=1 vflib=1 dir=0 label=1 lowerbound=1 fileNameGp=../graphsdb/mcs70/bvg/b09m/mcs70_b09m_s50.A39 fileNameGt=../graphsdb/mcs70/bvg/b09m/mcs70_b09m_s50.B39
Reading graphs...
50 :  217
50 :  217
Initializing...
maxdom : 10
D->valSize : 336
Solving...
currentSize : 3 <-- 0.002134 s
currentSize : 15 <-- 0.002210 s
currentSize : 16 <-- 0.006091 s
currentSize : 17 <-- 0.006227 s
currentSize : 18 <-- 0.031976 s
currentSize : 19 <-- 0.032373 s
currentSize : 31 <-- 0.056375 s

maxsize : 31
nodes : 60454.000000
filtered : 318962.000000
time : 0.275320
