Parameters: GAD=1 vflib=1 dir=0 label=1 lowerbound=1 fileNameGp=../graphsdb/mcs70/rand/r02/mcs70_r02_s80.A80 fileNameGt=../graphsdb/mcs70/rand/r02/mcs70_r02_s80.B80
Reading graphs...
80 :  1132
80 :  1150
Initializing...
maxdom : 10
D->valSize : 454
Solving...
currentSize : 5 <-- 0.006158 s
currentSize : 6 <-- 0.006313 s
currentSize : 9 <-- 0.006380 s
currentSize : 10 <-- 0.007351 s
currentSize : 11 <-- 0.007443 s
currentSize : 13 <-- 0.007703 s
currentSize : 22 <-- 0.009678 s
currentSize : 23 <-- 0.010027 s
currentSize : 37 <-- 0.013212 s
currentSize : 38 <-- 0.013948 s

maxsize : 38
nodes : 517908.000000
filtered : 734162.000000
time : 3.518947
