Parameters: GAD=1 vflib=1 dir=0 label=1 lowerbound=1 fileNameGp=../graphsdb/mcs70/bvg/b09m/mcs70_b09m_s35.A64 fileNameGt=../graphsdb/mcs70/bvg/b09m/mcs70_b09m_s35.B64
Reading graphs...
35 :  149
35 :  149
Initializing...
maxdom : 7
D->valSize : 148
Solving...
currentSize : 1 <-- 0.000792 s
currentSize : 3 <-- 0.000823 s
currentSize : 4 <-- 0.000835 s
currentSize : 5 <-- 0.000852 s
currentSize : 6 <-- 0.000881 s
currentSize : 16 <-- 0.000973 s
currentSize : 23 <-- 0.001286 s

maxsize : 23
nodes : 208.000000
filtered : 1933.000000
time : 0.001777
