Parameters: GAD=1 vflib=1 dir=0 label=1 lowerbound=1 fileNameGp=../graphsdb/mcs70/bvg/b06/mcs70_b06_s25.A32 fileNameGt=../graphsdb/mcs70/bvg/b06/mcs70_b06_s25.B32
Reading graphs...
25 :  74
25 :  75
Initializing...
maxdom : 8
D->valSize : 162
Solving...
currentSize : 1 <-- 0.000793 s
currentSize : 4 <-- 0.000826 s
currentSize : 6 <-- 0.000898 s
currentSize : 11 <-- 0.000958 s
currentSize : 12 <-- 0.001265 s
currentSize : 17 <-- 0.001319 s

maxsize : 17
nodes : 395.000000
filtered : 4374.000000
time : 0.002449
