Parameters: GAD=1 vflib=1 dir=0 label=1 lowerbound=1 fileNameGp=../graphsdb/mcs70/rand/r005/mcs70_r005_s90.A72 fileNameGt=../graphsdb/mcs70/rand/r005/mcs70_r005_s90.B72
Reading graphs...
90 :  386
90 :  388
Initializing...
maxdom : 10
D->valSize : 618
Solving...
currentSize : 2 <-- 0.006903 s
currentSize : 46 <-- 0.007206 s
currentSize : 51 <-- 1.273686 s
currentSize : 52 <-- 1.274263 s
currentSize : 57 <-- 1.865545 s
currentSize : 58 <-- 2.023450 s

maxsize : 58
nodes : 1011460.000000
filtered : 6899120.000000
time : 6.831247
