Parameters: GAD=1 vflib=1 dir=0 label=1 lowerbound=1 fileNameGp=../graphsdb/mcs70/rand/r02/mcs70_r02_s25.A31 fileNameGt=../graphsdb/mcs70/rand/r02/mcs70_r02_s25.B31
Reading graphs...
25 :  111
25 :  108
Initializing...
maxdom : 7
D->valSize : 163
Solving...
currentSize : 4 <-- 0.000825 s
currentSize : 5 <-- 0.000845 s
currentSize : 6 <-- 0.000924 s
currentSize : 7 <-- 0.001413 s
currentSize : 8 <-- 0.001513 s
currentSize : 16 <-- 0.002028 s

maxsize : 16
nodes : 479.000000
filtered : 7611.000000
time : 0.003095
