Parameters: GAD=1 vflib=1 dir=0 label=1 lowerbound=1 fileNameGp=../graphsdb/mcs70/bvg/b06m/mcs70_b06m_s25.A83 fileNameGt=../graphsdb/mcs70/bvg/b06m/mcs70_b06m_s25.B83
Reading graphs...
25 :  72
25 :  71
Initializing...
maxdom : 9
D->valSize : 164
Solving...
currentSize : 1 <-- 0.000736 s
currentSize : 3 <-- 0.000792 s
currentSize : 7 <-- 0.000823 s
currentSize : 11 <-- 0.000842 s
currentSize : 12 <-- 0.001814 s
currentSize : 15 <-- 0.002026 s
currentSize : 16 <-- 0.002146 s

maxsize : 16
nodes : 546.000000
filtered : 5824.000000
time : 0.003159
