Parameters: GAD=1 vflib=1 dir=0 label=1 lowerbound=1 fileNameGp=../graphsdb/mcs70/m2D/m2Dr6/m2Dr6/mcs70_m2Dr6_s15.A57 fileNameGt=../graphsdb/mcs70/m2D/m2Dr6/m2Dr6/mcs70_m2Dr6_s15.B57
Reading graphs...
15 :  30
15 :  25
Initializing...
maxdom : 10
D->valSize : 115
Solving...
currentSize : 1 <-- 0.000526 s
currentSize : 2 <-- 0.000541 s
currentSize : 5 <-- 0.000554 s
currentSize : 6 <-- 0.000633 s
currentSize : 7 <-- 0.000854 s
currentSize : 8 <-- 0.000992 s
currentSize : 9 <-- 0.001125 s

maxsize : 9
nodes : 325.000000
filtered : 3436.000000
time : 0.001574
