Parameters: GAD=1 vflib=1 dir=0 label=1 lowerbound=1 fileNameGp=../graphsdb/mcs70/bvg/b06m/mcs70_b06m_s25.A16 fileNameGt=../graphsdb/mcs70/bvg/b06m/mcs70_b06m_s25.B16
Reading graphs...
25 :  73
25 :  72
Initializing...
maxdom : 7
D->valSize : 161
Solving...
currentSize : 2 <-- 0.000763 s
currentSize : 4 <-- 0.000790 s
currentSize : 7 <-- 0.000815 s
currentSize : 8 <-- 0.000936 s
currentSize : 9 <-- 0.001038 s
currentSize : 16 <-- 0.001303 s

maxsize : 16
nodes : 407.000000
filtered : 4344.000000
time : 0.002585
