Parameters: GAD=1 vflib=1 dir=0 label=1 lowerbound=1 fileNameGp=../graphsdb/mcs70/rand/r02/mcs70_r02_s50.A61 fileNameGt=../graphsdb/mcs70/rand/r02/mcs70_r02_s50.B61
Reading graphs...
50 :  435
50 :  441
Initializing...
maxdom : 11
D->valSize : 350
Solving...
currentSize : 5 <-- 0.002398 s
currentSize : 7 <-- 0.002419 s
currentSize : 8 <-- 0.003314 s
currentSize : 11 <-- 0.003417 s
currentSize : 28 <-- 0.005908 s
currentSize : 29 <-- 0.006188 s

maxsize : 29
nodes : 1889.000000
filtered : 34607.000000
time : 0.013692
