Parameters: GAD=1 vflib=1 dir=0 label=1 lowerbound=1 fileNameGp=../graphsdb/mcs70/rand/r02/mcs70_r02_s80.A11 fileNameGt=../graphsdb/mcs70/rand/r02/mcs70_r02_s80.B11
Reading graphs...
80 :  1121
80 :  1121
Initializing...
maxdom : 8
D->valSize : 449
Solving...
currentSize : 4 <-- 0.006049 s
currentSize : 6 <-- 0.006142 s
currentSize : 20 <-- 0.006371 s
currentSize : 21 <-- 0.006683 s
currentSize : 22 <-- 0.009839 s
currentSize : 39 <-- 0.015587 s
currentSize : 40 <-- 0.018466 s
currentSize : 41 <-- 0.207218 s

maxsize : 41
nodes : 72846.000000
filtered : 298965.000000
time : 0.605576
