Parameters: GAD=1 vflib=1 dir=0 label=1 lowerbound=1 fileNameGp=../graphsdb/mcs70/rand/r01/mcs70_r01_s50.A42 fileNameGt=../graphsdb/mcs70/rand/r01/mcs70_r01_s50.B42
Reading graphs...
50 :  231
50 :  237
Initializing...
maxdom : 9
D->valSize : 319
Solving...
currentSize : 1 <-- 0.002238 s
currentSize : 4 <-- 0.002290 s
currentSize : 13 <-- 0.002445 s
currentSize : 18 <-- 0.003868 s
currentSize : 24 <-- 0.006880 s
currentSize : 34 <-- 0.008856 s

maxsize : 34
nodes : 1539.000000
filtered : 14461.000000
time : 0.010761
