Parameters: GAD=1 vflib=1 dir=0 label=1 lowerbound=1 fileNameGp=../graphsdb/mcs70/bvg/b06/mcs70_b06_s25.A98 fileNameGt=../graphsdb/mcs70/bvg/b06/mcs70_b06_s25.B98
Reading graphs...
25 :  74
25 :  74
Initializing...
maxdom : 9
D->valSize : 170
Solving...
currentSize : 1 <-- 0.000814 s
currentSize : 3 <-- 0.000840 s
currentSize : 4 <-- 0.000876 s
currentSize : 12 <-- 0.000938 s
currentSize : 15 <-- 0.001492 s
currentSize : 17 <-- 0.002131 s

maxsize : 17
nodes : 433.000000
filtered : 4139.000000
time : 0.002581
