Parameters: GAD=1 vflib=1 dir=0 label=1 lowerbound=1 fileNameGp=../graphsdb/mcs70/rand/r02/mcs70_r02_s50.A76 fileNameGt=../graphsdb/mcs70/rand/r02/mcs70_r02_s50.B76
Reading graphs...
50 :  436
50 :  443
Initializing...
maxdom : 10
D->valSize : 363
Solving...
currentSize : 6 <-- 0.002329 s
currentSize : 7 <-- 0.002875 s
currentSize : 11 <-- 0.004904 s
currentSize : 12 <-- 0.007413 s
currentSize : 19 <-- 0.007818 s
currentSize : 29 <-- 0.008217 s
currentSize : 30 <-- 0.008486 s

maxsize : 30
nodes : 2541.000000
filtered : 42515.000000
time : 0.016350
