Parameters: GAD=1 vflib=1 dir=0 label=1 lowerbound=1 fileNameGp=../graphsdb/mcs70/m2D/m2D/mcs70_m2D_s15.A90 fileNameGt=../graphsdb/mcs70/m2D/m2D/mcs70_m2D_s15.B90
Reading graphs...
15 :  22
15 :  22
Initializing...
maxdom : 8
D->valSize : 114
Solving...
currentSize : 4 <-- 0.000534 s
currentSize : 5 <-- 0.000559 s
currentSize : 6 <-- 0.000653 s
currentSize : 7 <-- 0.000798 s
currentSize : 8 <-- 0.000902 s
currentSize : 9 <-- 0.001372 s

maxsize : 9
nodes : 629.000000
filtered : 4580.000000
time : 0.002628
