Parameters: GAD=1 vflib=1 dir=0 label=1 lowerbound=1 fileNameGp=../graphsdb/mcs70/rand/r02/mcs70_r02_s100.A74 fileNameGt=../graphsdb/mcs70/rand/r02/mcs70_r02_s100.B74
Reading graphs...
100 :  1788
100 :  1778
Initializing...
maxdom : 11
D->valSize : 430
Solving...
currentSize : 25 <-- 0.004302 s
currentSize : 40 <-- 0.024522 s
currentSize : 41 <-- 0.024707 s
currentSize : 42 <-- 0.029957 s
currentSize : 43 <-- 5.547267 s
currentSize : 44 <-- 15.828788 s
currentSize : 45 <-- 25.190992 s
currentSize : 46 <-- 25.596312 s
currentSize : 47 <-- 50.523033 s

maxsize : 47
nodes : 54457743.000000
filtered : 52381712.000000
time : 471.827484
