Parameters: GAD=1 vflib=1 dir=0 label=1 lowerbound=1 fileNameGp=../graphsdb/mcs70/rand/r02/mcs70_r02_s80.A14 fileNameGt=../graphsdb/mcs70/rand/r02/mcs70_r02_s80.B14
Reading graphs...
80 :  1117
80 :  1115
Initializing...
maxdom : 11
D->valSize : 491
Solving...
currentSize : 6 <-- 0.006924 s
currentSize : 8 <-- 0.007104 s
currentSize : 12 <-- 0.007816 s
currentSize : 21 <-- 0.011680 s
currentSize : 39 <-- 0.022133 s
currentSize : 40 <-- 3.245712 s

maxsize : 40
nodes : 1571530.000000
filtered : 1851720.000000
time : 10.716237
