Parameters: GAD=1 vflib=1 dir=0 label=1 lowerbound=1 fileNameGp=../graphsdb/mcs70/rand/r02/mcs70_r02_s90.A69 fileNameGt=../graphsdb/mcs70/rand/r02/mcs70_r02_s90.B69
Reading graphs...
90 :  1443
90 :  1432
Initializing...
maxdom : 9
D->valSize : 551
Solving...
currentSize : 7 <-- 0.005527 s
currentSize : 9 <-- 0.005586 s
currentSize : 13 <-- 0.005769 s
currentSize : 14 <-- 0.006566 s
currentSize : 16 <-- 0.007152 s
currentSize : 28 <-- 0.007996 s
currentSize : 40 <-- 0.020163 s
currentSize : 41 <-- 0.020464 s
currentSize : 42 <-- 0.117300 s
currentSize : 43 <-- 17.440865 s

maxsize : 43
nodes : 7039149.000000
filtered : 7620565.000000
time : 54.741791
