Parameters: GAD=1 vflib=1 dir=0 label=1 lowerbound=1 fileNameGp=../graphsdb/mcs70/m2D/m2D/mcs70_m2D_s50.A68 fileNameGt=../graphsdb/mcs70/m2D/m2D/mcs70_m2D_s50.B68
Reading graphs...
50 :  85
50 :  85
Initializing...
maxdom : 13
D->valSize : 397
Solving...
currentSize : 1 <-- 0.002830 s
currentSize : 2 <-- 0.002872 s
currentSize : 29 <-- 0.003016 s
currentSize : 32 <-- 0.005949 s
currentSize : 33 <-- 0.045824 s
currentSize : 36 <-- 0.047173 s

maxsize : 36
nodes : 16266.000000
filtered : 97138.000000
time : 0.074561
