Parameters: GAD=1 vflib=1 dir=0 label=1 lowerbound=1 fileNameGp=../graphsdb/mcs70/m4D/m4Dr4/mcs70_m4Dr4_s25.A46 fileNameGt=../graphsdb/mcs70/m4D/m4Dr4/mcs70_m4Dr4_s25.B46
Reading graphs...
25 :  55
25 :  56
Initializing...
maxdom : 10
D->valSize : 180
Solving...
currentSize : 1 <-- 0.000843 s
currentSize : 2 <-- 0.000876 s
currentSize : 4 <-- 0.000892 s
currentSize : 6 <-- 0.000925 s
currentSize : 10 <-- 0.000981 s
currentSize : 11 <-- 0.001027 s
currentSize : 15 <-- 0.001064 s

maxsize : 15
nodes : 1014.000000
filtered : 7662.000000
time : 0.004750
