Parameters: GAD=1 vflib=1 dir=0 label=1 lowerbound=1 fileNameGp=../graphsdb/mcs70/rand/r02/mcs70_r02_s80.A03 fileNameGt=../graphsdb/mcs70/rand/r02/mcs70_r02_s80.B03
Reading graphs...
80 :  1123
80 :  1133
Initializing...
maxdom : 12
D->valSize : 458
Solving...
currentSize : 2 <-- 0.004062 s
currentSize : 8 <-- 0.004122 s
currentSize : 12 <-- 0.004304 s
currentSize : 37 <-- 0.005379 s
currentSize : 38 <-- 0.005524 s
currentSize : 39 <-- 0.572859 s
currentSize : 40 <-- 1.490586 s

maxsize : 40
nodes : 700134.000000
filtered : 816573.000000
time : 5.285319
