Parameters: GAD=1 vflib=1 dir=0 label=1 lowerbound=1 fileNameGp=../graphsdb/mcs70/rand/r02/mcs70_r02_s70.A13 fileNameGt=../graphsdb/mcs70/rand/r02/mcs70_r02_s70.B13
Reading graphs...
70 :  864
70 :  868
Initializing...
maxdom : 8
D->valSize : 335
Solving...
currentSize : 30 <-- 0.002753 s
currentSize : 31 <-- 0.003204 s
currentSize : 34 <-- 0.003556 s
currentSize : 35 <-- 0.004119 s
currentSize : 36 <-- 0.030571 s
currentSize : 37 <-- 0.070757 s

maxsize : 37
nodes : 18496.000000
filtered : 97325.000000
time : 0.118299
