Parameters: GAD=1 vflib=1 dir=0 label=1 lowerbound=1 fileNameGp=../graphsdb/mcs70/rand/r02/mcs70_r02_s100.A20 fileNameGt=../graphsdb/mcs70/rand/r02/mcs70_r02_s100.B20
Reading graphs...
100 :  1775
100 :  1767
Initializing...
maxdom : 7
D->valSize : 358
Solving...
currentSize : 1 <-- 0.005047 s
currentSize : 2 <-- 0.005119 s
currentSize : 3 <-- 0.005189 s
currentSize : 41 <-- 0.005776 s
currentSize : 42 <-- 0.006347 s
currentSize : 43 <-- 0.008855 s
currentSize : 44 <-- 0.009438 s
currentSize : 45 <-- 3.215378 s
currentSize : 46 <-- 6.250421 s
currentSize : 47 <-- 31.671524 s
currentSize : 48 <-- 42.652679 s

maxsize : 48
nodes : 10921250.000000
filtered : 10142175.000000
time : 96.137909
