Parameters: GAD=1 vflib=1 dir=0 label=1 lowerbound=1 fileNameGp=../graphsdb/mcs70/m2D/m2Dr4/mcs70_m2Dr4_s15.A06 fileNameGt=../graphsdb/mcs70/m2D/m2Dr4/mcs70_m2Dr4_s15.B06
Reading graphs...
15 :  28
15 :  25
Initializing...
maxdom : 13
D->valSize : 140
Solving...
currentSize : 4 <-- 0.000668 s
currentSize : 5 <-- 0.000703 s
currentSize : 6 <-- 0.000750 s
currentSize : 7 <-- 0.001092 s
currentSize : 8 <-- 0.001442 s
currentSize : 9 <-- 0.001953 s

maxsize : 9
nodes : 344.000000
filtered : 3861.000000
time : 0.002328
