Parameters: GAD=1 vflib=1 dir=0 label=1 lowerbound=1 fileNameGp=../graphsdb/mcs70/rand/r02/mcs70_r02_s90.A50 fileNameGt=../graphsdb/mcs70/rand/r02/mcs70_r02_s90.B50
Reading graphs...
90 :  1416
90 :  1416
Initializing...
maxdom : 9
D->valSize : 563
Solving...
currentSize : 3 <-- 0.009056 s
currentSize : 4 <-- 0.009106 s
currentSize : 11 <-- 0.009363 s
currentSize : 12 <-- 0.010954 s
currentSize : 14 <-- 0.011842 s
currentSize : 15 <-- 0.012180 s
currentSize : 17 <-- 0.013427 s
currentSize : 21 <-- 0.014860 s
currentSize : 25 <-- 0.022577 s
currentSize : 26 <-- 0.031875 s
currentSize : 27 <-- 0.032500 s
currentSize : 28 <-- 0.034798 s
currentSize : 29 <-- 0.038847 s
currentSize : 43 <-- 0.050339 s
currentSize : 44 <-- 0.184667 s
currentSize : 45 <-- 2.489153 s

maxsize : 45
nodes : 1058247.000000
filtered : 1432186.000000
time : 9.051564
