Parameters: GAD=1 vflib=1 dir=0 label=1 lowerbound=1 fileNameGp=../graphsdb/mcs70/rand/r02/mcs70_r02_s70.A14 fileNameGt=../graphsdb/mcs70/rand/r02/mcs70_r02_s70.B14
Reading graphs...
70 :  864
70 :  866
Initializing...
maxdom : 8
D->valSize : 345
Solving...
currentSize : 3 <-- 0.003892 s
currentSize : 4 <-- 0.004008 s
currentSize : 8 <-- 0.004116 s
currentSize : 18 <-- 0.004819 s
currentSize : 20 <-- 0.005604 s
currentSize : 39 <-- 0.006775 s

maxsize : 39
nodes : 14820.000000
filtered : 63638.000000
time : 0.123113
