Parameters: GAD=1 vflib=1 dir=0 label=1 lowerbound=1 fileNameGp=../graphsdb/mcs70/m4D/m4Dr4/mcs70_m4Dr4_s25.A18 fileNameGt=../graphsdb/mcs70/m4D/m4Dr4/mcs70_m4Dr4_s25.B18
Reading graphs...
25 :  54
25 :  53
Initializing...
maxdom : 8
D->valSize : 167
Solving...
currentSize : 1 <-- 0.000806 s
currentSize : 6 <-- 0.000840 s
currentSize : 8 <-- 0.000862 s
currentSize : 9 <-- 0.001091 s
currentSize : 10 <-- 0.001682 s
currentSize : 14 <-- 0.002682 s
currentSize : 16 <-- 0.003195 s

maxsize : 16
nodes : 929.000000
filtered : 6580.000000
time : 0.003661
