Parameters: GAD=1 vflib=1 dir=0 label=1 lowerbound=1 fileNameGp=../graphsdb/mcs70/rand/r02/mcs70_r02_s50.A80 fileNameGt=../graphsdb/mcs70/rand/r02/mcs70_r02_s50.B80
Reading graphs...
50 :  432
50 :  428
Initializing...
maxdom : 13
D->valSize : 348
Solving...
currentSize : 5 <-- 0.002285 s
currentSize : 6 <-- 0.002331 s
currentSize : 7 <-- 0.002389 s
currentSize : 9 <-- 0.002414 s
currentSize : 11 <-- 0.002549 s
currentSize : 13 <-- 0.002632 s
currentSize : 21 <-- 0.004017 s
currentSize : 22 <-- 0.004159 s
currentSize : 25 <-- 0.004379 s
currentSize : 26 <-- 0.004598 s
currentSize : 27 <-- 0.005015 s

maxsize : 27
nodes : 2570.000000
filtered : 44784.000000
time : 0.017089
