Parameters: GAD=1 vflib=1 dir=0 label=1 lowerbound=1 fileNameGp=../graphsdb/mcs70/rand/r02/mcs70_r02_s15.A56 fileNameGt=../graphsdb/mcs70/rand/r02/mcs70_r02_s15.B56
Reading graphs...
15 :  37
15 :  38
Initializing...
maxdom : 9
D->valSize : 120
Solving...
currentSize : 4 <-- 0.000530 s
currentSize : 5 <-- 0.000545 s
currentSize : 6 <-- 0.000623 s
currentSize : 7 <-- 0.000745 s
currentSize : 8 <-- 0.000808 s
currentSize : 9 <-- 0.001204 s
currentSize : 10 <-- 0.001233 s

maxsize : 10
nodes : 287.000000
filtered : 3264.000000
time : 0.001590
