Parameters: GAD=1 vflib=1 dir=0 label=1 lowerbound=1 fileNameGp=../graphsdb/mcs70/rand/r01/mcs70_r01_s15.A76 fileNameGt=../graphsdb/mcs70/rand/r01/mcs70_r01_s15.B76
Reading graphs...
15 :  21
15 :  21
Initializing...
maxdom : 8
D->valSize : 113
Solving...
currentSize : 1 <-- 0.000502 s
currentSize : 4 <-- 0.000523 s
currentSize : 6 <-- 0.000535 s
currentSize : 7 <-- 0.000566 s
currentSize : 9 <-- 0.000605 s
currentSize : 10 <-- 0.001087 s

maxsize : 10
nodes : 245.000000
filtered : 2761.000000
time : 0.001382
