Parameters: GAD=1 vflib=1 dir=0 label=1 lowerbound=1 fileNameGp=../graphsdb/mcs70/rand/r02/mcs70_r02_s100.A49 fileNameGt=../graphsdb/mcs70/rand/r02/mcs70_r02_s100.B49
Reading graphs...
100 :  1801
100 :  1796
Initializing...
maxdom : 6
D->valSize : 348
Solving...
currentSize : 3 <-- 0.005324 s
currentSize : 46 <-- 0.005950 s
currentSize : 47 <-- 0.007316 s
currentSize : 48 <-- 0.034150 s
currentSize : 49 <-- 18.035200 s
currentSize : 50 <-- 200.374863 s

maxsize : 50
nodes : 134049461.000000
filtered : 124445636.000000
time : 1215.800049
