Parameters: GAD=1 vflib=1 dir=0 label=1 lowerbound=1 fileNameGp=../graphsdb/mcs70/bvg/b09m/mcs70_b09m_s50.A41 fileNameGt=../graphsdb/mcs70/bvg/b09m/mcs70_b09m_s50.B41
Reading graphs...
50 :  217
50 :  217
Initializing...
maxdom : 9
D->valSize : 332
Solving...
currentSize : 1 <-- 0.002152 s
currentSize : 2 <-- 0.002186 s
currentSize : 3 <-- 0.002216 s
currentSize : 5 <-- 0.002275 s
currentSize : 14 <-- 0.002437 s
currentSize : 32 <-- 0.003567 s

maxsize : 32
nodes : 27865.000000
filtered : 129371.000000
time : 0.116885
