Parameters: GAD=1 vflib=1 dir=0 label=1 lowerbound=1 fileNameGp=../graphsdb/mcs70/rand/r02/mcs70_r02_s100.A43 fileNameGt=../graphsdb/mcs70/rand/r02/mcs70_r02_s100.B43
Reading graphs...
100 :  1775
100 :  1763
Initializing...
maxdom : 7
D->valSize : 383
Solving...
currentSize : 2 <-- 0.003694 s
currentSize : 3 <-- 0.003732 s
currentSize : 44 <-- 0.004029 s
currentSize : 45 <-- 0.045244 s
currentSize : 46 <-- 0.413370 s
currentSize : 47 <-- 1.536638 s
currentSize : 48 <-- 19.207783 s

maxsize : 48
nodes : 20348593.000000
filtered : 20818309.000000
time : 167.535507
