Parameters: GAD=1 vflib=1 dir=0 label=1 lowerbound=1 fileNameGp=../graphsdb/mcs70/m4D/m4Dr4/mcs70_m4Dr4_s25.A12 fileNameGt=../graphsdb/mcs70/m4D/m4Dr4/mcs70_m4Dr4_s25.B12
Reading graphs...
25 :  56
25 :  55
Initializing...
maxdom : 9
D->valSize : 168
Solving...
currentSize : 3 <-- 0.000875 s
currentSize : 4 <-- 0.000900 s
currentSize : 5 <-- 0.000923 s
currentSize : 6 <-- 0.000935 s
currentSize : 7 <-- 0.000946 s
currentSize : 9 <-- 0.001118 s
currentSize : 16 <-- 0.001560 s

maxsize : 16
nodes : 423.000000
filtered : 4751.000000
time : 0.002449
