Parameters: GAD=1 vflib=1 dir=0 label=1 lowerbound=1 fileNameGp=../graphsdb/mcs70/bvg/b03/mcs70_b03_s15.A68 fileNameGt=../graphsdb/mcs70/bvg/b03/mcs70_b03_s15.B68
Reading graphs...
15 :  22
15 :  22
Initializing...
maxdom : 8
D->valSize : 115
Solving...
currentSize : 3 <-- 0.000546 s
currentSize : 4 <-- 0.000560 s
currentSize : 5 <-- 0.000566 s
currentSize : 6 <-- 0.000658 s
currentSize : 7 <-- 0.000755 s
currentSize : 8 <-- 0.000822 s
currentSize : 10 <-- 0.001260 s

maxsize : 10
nodes : 447.000000
filtered : 3028.000000
time : 0.002076
