Parameters: GAD=1 vflib=1 dir=0 label=1 lowerbound=1 fileNameGp=../graphsdb/mcs70/rand/r01/mcs70_r01_s90.A21 fileNameGt=../graphsdb/mcs70/rand/r01/mcs70_r01_s90.B21
Reading graphs...
90 :  751
90 :  747
Initializing...
maxdom : 12
D->valSize : 609
Solving...
currentSize : 5 <-- 0.006700 s
currentSize : 27 <-- 0.007126 s
currentSize : 33 <-- 0.012009 s
currentSize : 38 <-- 0.050397 s
currentSize : 55 <-- 0.226587 s
currentSize : 56 <-- 0.228449 s

maxsize : 56
nodes : 477503.000000
filtered : 2469543.000000
time : 3.200131
