Parameters: GAD=1 vflib=1 dir=0 label=1 lowerbound=1 fileNameGp=../graphsdb/mcs70/rand/r02/mcs70_r02_s70.A38 fileNameGt=../graphsdb/mcs70/rand/r02/mcs70_r02_s70.B38
Reading graphs...
70 :  864
70 :  864
Initializing...
maxdom : 9
D->valSize : 343
Solving...
currentSize : 3 <-- 0.002478 s
currentSize : 6 <-- 0.002552 s
currentSize : 32 <-- 0.003079 s
currentSize : 33 <-- 0.003225 s
currentSize : 34 <-- 0.003829 s
currentSize : 35 <-- 0.007040 s

maxsize : 35
nodes : 276554.000000
filtered : 373522.000000
time : 1.732606
