Parameters: GAD=1 vflib=1 dir=0 label=1 lowerbound=1 fileNameGp=../graphsdb/mcs90/rand/r02/mcs90_r02_s70.A97 fileNameGt=../graphsdb/mcs90/rand/r02/mcs90_r02_s70.B97
Reading graphs...
70 :  870
70 :  861
Initializing...
maxdom : 8
D->valSize : 367
Solving...
currentSize : 40 <-- 0.004585 s
currentSize : 41 <-- 0.004765 s
currentSize : 42 <-- 0.012571 s
currentSize : 43 <-- 0.012821 s
currentSize : 44 <-- 0.051063 s
currentSize : 45 <-- 0.233154 s

maxsize : 45
nodes : 2379889.000000
filtered : 2147983.000000
time : 15.153402
