Parameters: GAD=1 vflib=1 dir=0 label=1 lowerbound=1 fileNameGp=../graphsdb/mcs90/rand/r02/mcs90_r02_s90.A13 fileNameGt=../graphsdb/mcs90/rand/r02/mcs90_r02_s90.B13
Reading graphs...
90 :  1434
90 :  1434
Initializing...
maxdom : 11
D->valSize : 612
Solving...
currentSize : 47 <-- 0.007209 s
currentSize : 48 <-- 0.007561 s
currentSize : 49 <-- 0.082117 s
currentSize : 50 <-- 0.190661 s
currentSize : 51 <-- 0.191050 s
currentSize : 52 <-- 0.300851 s
currentSize : 53 <-- 48.189266 s
currentSize : 54 <-- 678.919617 s

maxsize : 54
nodes : 144579665.000000
filtered : 127024347.000000
time : 1170.336426
