Parameters: GAD=1 vflib=1 dir=0 label=1 lowerbound=1 fileNameGp=../graphsdb/mcs90/rand/r02/mcs90_r02_s80.A12 fileNameGt=../graphsdb/mcs90/rand/r02/mcs90_r02_s80.B12
Reading graphs...
80 :  1135
80 :  1134
Initializing...
maxdom : 10
D->valSize : 469
Solving...
currentSize : 24 <-- 0.004460 s
currentSize : 46 <-- 0.017793 s
currentSize : 47 <-- 0.017983 s
currentSize : 48 <-- 0.061171 s
currentSize : 50 <-- 2.753526 s
currentSize : 51 <-- 3.014647 s

maxsize : 51
nodes : 222547412.000000
filtered : 164019635.000000
time : 1679.562378
