Parameters: GAD=1 vflib=1 dir=0 label=1 lowerbound=1 fileNameGp=../graphsdb/mcs90/rand/r02/mcs90_r02_s70.A02 fileNameGt=../graphsdb/mcs90/rand/r02/mcs90_r02_s70.B02
Reading graphs...
70 :  868
70 :  865
Initializing...
maxdom : 8
D->valSize : 339
Solving...
currentSize : 2 <-- 0.002653 s
currentSize : 3 <-- 0.002689 s
currentSize : 4 <-- 0.002766 s
currentSize : 14 <-- 0.002840 s
currentSize : 17 <-- 0.003102 s
currentSize : 32 <-- 0.003418 s
currentSize : 43 <-- 0.004616 s
currentSize : 44 <-- 0.005057 s
currentSize : 45 <-- 0.019230 s

maxsize : 45
nodes : 795926.000000
filtered : 870722.000000
time : 5.470438
