Parameters: GAD=1 vflib=1 dir=0 label=1 lowerbound=1 fileNameGp=../graphsdb/mcs90/rand/r02/mcs90_r02_s90.A70 fileNameGt=../graphsdb/mcs90/rand/r02/mcs90_r02_s90.B70
Reading graphs...
90 :  1438
90 :  1446
Initializing...
maxdom : 9
D->valSize : 606
Solving...
currentSize : 5 <-- 0.009984 s
currentSize : 7 <-- 0.010659 s
currentSize : 12 <-- 0.011799 s
currentSize : 13 <-- 0.012598 s
currentSize : 17 <-- 0.013261 s
currentSize : 21 <-- 0.015811 s
currentSize : 52 <-- 0.016897 s
currentSize : 53 <-- 0.052146 s
currentSize : 54 <-- 22.344551 s

TIMEOUT
maxsize : 54
nodes : 444597038.000000
filtered : 362682962.000000
time : 3600.000000
