Parameters: GAD=1 vflib=1 dir=0 label=1 lowerbound=1 fileNameGp=../graphsdb/mcs90/rand/r02/mcs90_r02_s50.A29 fileNameGt=../graphsdb/mcs90/rand/r02/mcs90_r02_s50.B29
Reading graphs...
50 :  438
50 :  437
Initializing...
maxdom : 9
D->valSize : 324
Solving...
currentSize : 4 <-- 0.002017 s
currentSize : 5 <-- 0.002102 s
currentSize : 6 <-- 0.002261 s
currentSize : 12 <-- 0.002294 s
currentSize : 17 <-- 0.002554 s
currentSize : 21 <-- 0.003066 s
currentSize : 37 <-- 0.003462 s
currentSize : 38 <-- 0.003689 s

maxsize : 38
nodes : 6066.000000
filtered : 23199.000000
time : 0.034231
