Parameters: GAD=1 vflib=1 dir=0 label=1 lowerbound=1 fileNameGp=../graphsdb/mcs90/rand/r02/mcs90_r02_s70.A60 fileNameGt=../graphsdb/mcs90/rand/r02/mcs90_r02_s70.B60
Reading graphs...
70 :  858
70 :  862
Initializing...
maxdom : 10
D->valSize : 408
Solving...
currentSize : 5 <-- 0.005523 s
currentSize : 40 <-- 0.006074 s
currentSize : 41 <-- 0.006962 s
currentSize : 42 <-- 0.008031 s
currentSize : 43 <-- 0.031566 s
currentSize : 44 <-- 0.032107 s
currentSize : 45 <-- 0.032696 s
currentSize : 46 <-- 0.289089 s
currentSize : 47 <-- 1.044609 s

maxsize : 47
nodes : 468355.000000
filtered : 614707.000000
time : 3.003934
