Parameters: GAD=1 vflib=1 dir=0 label=1 lowerbound=1 fileNameGp=../graphsdb/mcs90/rand/r02/mcs90_r02_s35.A45 fileNameGt=../graphsdb/mcs90/rand/r02/mcs90_r02_s35.B45
Reading graphs...
35 :  204
35 :  207
Initializing...
maxdom : 7
D->valSize : 169
Solving...
currentSize : 4 <-- 0.000865 s
currentSize : 5 <-- 0.000882 s
currentSize : 7 <-- 0.000892 s
currentSize : 9 <-- 0.001019 s
currentSize : 11 <-- 0.001035 s
currentSize : 26 <-- 0.001351 s

maxsize : 26
nodes : 427.000000
filtered : 3679.000000
time : 0.002508
