Parameters: GAD=1 vflib=1 dir=0 label=1 lowerbound=1 fileNameGp=../graphsdb/mcs90/rand/r02/mcs90_r02_s100.A52 fileNameGt=../graphsdb/mcs90/rand/r02/mcs90_r02_s100.B52
Reading graphs...
100 :  1763
100 :  1763
Initializing...
maxdom : 7
D->valSize : 410
Solving...
currentSize : 48 <-- 0.004228 s
currentSize : 49 <-- 0.004556 s
currentSize : 50 <-- 0.005355 s
currentSize : 51 <-- 0.451362 s
currentSize : 52 <-- 2.395278 s
currentSize : 53 <-- 45.551086 s
currentSize : 54 <-- 46.040905 s
currentSize : 55 <-- 50.631542 s
currentSize : 56 <-- 269.971497 s
currentSize : 57 <-- 271.194092 s
currentSize : 58 <-- 278.425140 s

maxsize : 58
nodes : 412860628.000000
filtered : 447482770.000000
time : 3398.972168
