Parameters: GAD=1 vflib=1 dir=0 label=1 lowerbound=1 fileNameGp=../graphsdb/mcs90/rand/r02/mcs90_r02_s50.A35 fileNameGt=../graphsdb/mcs90/rand/r02/mcs90_r02_s50.B35
Reading graphs...
50 :  436
50 :  437
Initializing...
maxdom : 12
D->valSize : 400
Solving...
currentSize : 5 <-- 0.002727 s
currentSize : 6 <-- 0.002778 s
currentSize : 18 <-- 0.003163 s
currentSize : 27 <-- 0.003894 s
currentSize : 30 <-- 0.004985 s
currentSize : 31 <-- 0.023368 s
currentSize : 32 <-- 0.105001 s
currentSize : 33 <-- 0.182438 s

maxsize : 33
nodes : 57063.000000
filtered : 90805.000000
time : 0.295335
