Parameters: GAD=1 vflib=1 dir=0 label=1 lowerbound=1 fileNameGp=../graphsdb/mcs90/bvg/b06/mcs90_b06_s15.A48 fileNameGt=../graphsdb/mcs90/bvg/b06/mcs90_b06_s15.B48
Reading graphs...
15 :  45
15 :  45
Initializing...
maxdom : 9
D->valSize : 117
Solving...
currentSize : 4 <-- 0.000541 s
currentSize : 5 <-- 0.000560 s
currentSize : 6 <-- 0.000615 s
currentSize : 8 <-- 0.000747 s
currentSize : 11 <-- 0.001041 s
currentSize : 13 <-- 0.001094 s

maxsize : 13
nodes : 224.000000
filtered : 1875.000000
time : 0.001165
