Parameters: GAD=1 vflib=1 dir=0 label=1 lowerbound=1 fileNameGp=../graphsdb/mcs90/bvg/b06/mcs90_b06_s15.A59 fileNameGt=../graphsdb/mcs90/bvg/b06/mcs90_b06_s15.B59
Reading graphs...
15 :  44
15 :  45
Initializing...
maxdom : 8
D->valSize : 111
Solving...
currentSize : 2 <-- 0.000529 s
currentSize : 4 <-- 0.000547 s
currentSize : 5 <-- 0.000569 s
currentSize : 6 <-- 0.000613 s
currentSize : 8 <-- 0.000751 s
currentSize : 10 <-- 0.001129 s
currentSize : 13 <-- 0.001258 s

maxsize : 13
nodes : 249.000000
filtered : 1794.000000
time : 0.001309
