Parameters: GAD=1 vflib=1 dir=0 label=1 lowerbound=1 fileNameGp=../graphsdb/mcs90/rand/r02/mcs90_r02_s100.A99 fileNameGt=../graphsdb/mcs90/rand/r02/mcs90_r02_s100.B99
Reading graphs...
100 :  1784
100 :  1786
Initializing...
maxdom : 7
D->valSize : 389
Solving...
currentSize : 48 <-- 0.004307 s
currentSize : 49 <-- 0.024722 s
currentSize : 50 <-- 0.083053 s
currentSize : 51 <-- 0.185209 s
currentSize : 52 <-- 0.569460 s
currentSize : 53 <-- 1.764492 s
currentSize : 54 <-- 5.058974 s
currentSize : 55 <-- 23.267223 s

TIMEOUT
maxsize : 55
nodes : 358847460.000000
filtered : 279457801.000000
time : 3600.000000
