Parameters: GAD=1 vflib=1 dir=0 label=1 lowerbound=1 fileNameGp=../graphsdb/mcs90/rand/r02/mcs90_r02_s90.A25 fileNameGt=../graphsdb/mcs90/rand/r02/mcs90_r02_s90.B25
Reading graphs...
90 :  1434
90 :  1427
Initializing...
maxdom : 13
D->valSize : 623
Solving...
currentSize : 45 <-- 0.007098 s
currentSize : 46 <-- 0.007448 s
currentSize : 47 <-- 0.012078 s
currentSize : 48 <-- 0.023506 s
currentSize : 49 <-- 8.979495 s
currentSize : 50 <-- 69.090454 s
currentSize : 51 <-- 85.798767 s
currentSize : 52 <-- 299.505219 s

TIMEOUT
maxsize : 52
nodes : 425764049.000000
filtered : 362605514.000000
time : 3600.000000
