Parameters: GAD=1 vflib=1 dir=0 label=1 lowerbound=1 fileNameGp=../graphsdb/mcs90/rand/r02/mcs90_r02_s70.A92 fileNameGt=../graphsdb/mcs90/rand/r02/mcs90_r02_s70.B92
Reading graphs...
70 :  869
70 :  867
Initializing...
maxdom : 7
D->valSize : 332
Solving...
currentSize : 4 <-- 0.004050 s
currentSize : 40 <-- 0.004436 s
currentSize : 41 <-- 0.005129 s
currentSize : 42 <-- 0.754115 s
currentSize : 43 <-- 0.754570 s
currentSize : 44 <-- 2.634582 s

maxsize : 44
nodes : 9647884.000000
filtered : 8407850.000000
time : 59.330109
