Parameters: GAD=1 vflib=1 dir=0 label=1 lowerbound=1 fileNameGp=../graphsdb/mcs90/rand/r02/mcs90_r02_s80.A25 fileNameGt=../graphsdb/mcs90/rand/r02/mcs90_r02_s80.B25
Reading graphs...
80 :  1123
80 :  1117
Initializing...
maxdom : 7
D->valSize : 429
Solving...
currentSize : 15 <-- 0.004046 s
currentSize : 43 <-- 0.005193 s
currentSize : 45 <-- 0.005428 s
currentSize : 46 <-- 0.008858 s
currentSize : 47 <-- 0.367930 s
currentSize : 48 <-- 77.931694 s

maxsize : 48
nodes : 95902848.000000
filtered : 87778731.000000
time : 675.556519
