Parameters: GAD=1 vflib=1 dir=0 label=1 lowerbound=1 fileNameGp=../graphsdb/mcs90/rand/r02/mcs90_r02_s90.A23 fileNameGt=../graphsdb/mcs90/rand/r02/mcs90_r02_s90.B23
Reading graphs...
90 :  1453
90 :  1453
Initializing...
maxdom : 8
D->valSize : 534
Solving...
currentSize : 3 <-- 0.009220 s
currentSize : 6 <-- 0.009334 s
currentSize : 13 <-- 0.009427 s
currentSize : 19 <-- 0.009971 s
currentSize : 27 <-- 0.011065 s
currentSize : 28 <-- 0.012810 s
currentSize : 48 <-- 0.028403 s
currentSize : 49 <-- 3.685218 s
currentSize : 50 <-- 42.525116 s
currentSize : 51 <-- 1224.985229 s

TIMEOUT
maxsize : 51
nodes : 457339127.000000
filtered : 378989867.000000
time : 3600.000000
