Parameters: GAD=1 vflib=1 dir=0 label=1 lowerbound=1 fileNameGp=../graphsdb/mcs90/rand/r02/mcs90_r02_s60.A47 fileNameGt=../graphsdb/mcs90/rand/r02/mcs90_r02_s60.B47
Reading graphs...
60 :  631
60 :  627
Initializing...
maxdom : 8
D->valSize : 302
Solving...
currentSize : 4 <-- 0.003100 s
currentSize : 5 <-- 0.003135 s
currentSize : 6 <-- 0.003166 s
currentSize : 9 <-- 0.003233 s
currentSize : 20 <-- 0.003685 s
currentSize : 36 <-- 0.006884 s
currentSize : 37 <-- 0.007048 s
currentSize : 38 <-- 0.008674 s

maxsize : 38
nodes : 1718169.000000
filtered : 1766548.000000
time : 9.524703
