Parameters: GAD=1 vflib=1 dir=0 label=1 lowerbound=1 fileNameGp=../graphsdb/mcs90/bvg/b06/mcs90_b06_s15.A78 fileNameGt=../graphsdb/mcs90/bvg/b06/mcs90_b06_s15.B78
Reading graphs...
15 :  45
15 :  45
Initializing...
maxdom : 9
D->valSize : 114
Solving...
currentSize : 3 <-- 0.000449 s
currentSize : 4 <-- 0.000463 s
currentSize : 5 <-- 0.000468 s
currentSize : 6 <-- 0.000745 s
currentSize : 7 <-- 0.000884 s
currentSize : 8 <-- 0.001353 s
currentSize : 9 <-- 0.001491 s
currentSize : 13 <-- 0.001572 s

maxsize : 13
nodes : 400.000000
filtered : 2346.000000
time : 0.001661
