Parameters: GAD=1 vflib=1 dir=0 label=1 lowerbound=1 fileNameGp=../graphsdb/mcs90/bvg/b09m/mcs90_b09m_s25.A39 fileNameGt=../graphsdb/mcs90/bvg/b09m/mcs90_b09m_s25.B39
Reading graphs...
25 :  103
25 :  105
Initializing...
maxdom : 9
D->valSize : 175
Solving...
currentSize : 4 <-- 0.000919 s
currentSize : 5 <-- 0.000952 s
currentSize : 6 <-- 0.000974 s
currentSize : 7 <-- 0.001155 s
currentSize : 8 <-- 0.001274 s
currentSize : 18 <-- 0.001481 s
currentSize : 19 <-- 0.001575 s

maxsize : 19
nodes : 332.000000
filtered : 3415.000000
time : 0.002298
