Parameters: GAD=1 vflib=1 dir=0 label=1 lowerbound=1 fileNameGp=../graphsdb/mcs90/rand/r02/mcs90_r02_s70.A75 fileNameGt=../graphsdb/mcs90/rand/r02/mcs90_r02_s70.B75
Reading graphs...
70 :  872
70 :  870
Initializing...
maxdom : 9
D->valSize : 408
Solving...
currentSize : 19 <-- 0.003407 s
currentSize : 20 <-- 0.003599 s
currentSize : 21 <-- 0.003879 s
currentSize : 38 <-- 0.004926 s
currentSize : 39 <-- 0.005207 s
currentSize : 40 <-- 0.005821 s
currentSize : 41 <-- 0.006165 s
currentSize : 42 <-- 0.009594 s
currentSize : 43 <-- 1.918777 s
currentSize : 44 <-- 1.919167 s

maxsize : 44
nodes : 2237431.000000
filtered : 2770862.000000
time : 14.063887
