Parameters: GAD=1 vflib=1 dir=0 label=1 lowerbound=1 fileNameGp=../graphsdb/mcs90/rand/r02/mcs90_r02_s20.A10 fileNameGt=../graphsdb/mcs90/rand/r02/mcs90_r02_s20.B10
Reading graphs...
20 :  70
20 :  70
Initializing...
maxdom : 8
D->valSize : 124
Solving...
currentSize : 2 <-- 0.000618 s
currentSize : 4 <-- 0.000640 s
currentSize : 5 <-- 0.000668 s
currentSize : 9 <-- 0.000753 s
currentSize : 10 <-- 0.000780 s
currentSize : 17 <-- 0.000825 s

maxsize : 17
nodes : 78.000000
filtered : 344.000000
time : 0.000887
