Parameters: GAD=1 vflib=1 dir=0 label=1 lowerbound=1 fileNameGp=../graphsdb/mcs90/bvg/b03m/mcs90_b03m_s15.A49 fileNameGt=../graphsdb/mcs90/bvg/b03m/mcs90_b03m_s15.B49
Reading graphs...
15 :  22
15 :  22
Initializing...
maxdom : 9
D->valSize : 117
Solving...
currentSize : 1 <-- 0.000556 s
currentSize : 7 <-- 0.000588 s
currentSize : 8 <-- 0.001036 s
currentSize : 9 <-- 0.001163 s
currentSize : 10 <-- 0.001270 s
currentSize : 12 <-- 0.001420 s

maxsize : 12
nodes : 299.000000
filtered : 2080.000000
time : 0.001481
