Parameters: GAD=1 vflib=1 dir=0 label=1 lowerbound=1 fileNameGp=../graphsdb/mcs90/bvg/b06m/mcs90_b06m_s15.A53 fileNameGt=../graphsdb/mcs90/bvg/b06m/mcs90_b06m_s15.B53
Reading graphs...
15 :  42
15 :  41
Initializing...
maxdom : 8
D->valSize : 113
Solving...
currentSize : 4 <-- 0.000481 s
currentSize : 5 <-- 0.000497 s
currentSize : 7 <-- 0.000532 s
currentSize : 8 <-- 0.001282 s
currentSize : 9 <-- 0.001484 s
currentSize : 11 <-- 0.001534 s

maxsize : 11
nodes : 468.000000
filtered : 3999.000000
time : 0.001847
