Parameters: GAD=1 vflib=1 dir=0 label=1 lowerbound=1 fileNameGp=../graphsdb/mcs90/rand/r02/mcs90_r02_s15.A07 fileNameGt=../graphsdb/mcs90/rand/r02/mcs90_r02_s15.B07
Reading graphs...
15 :  38
15 :  38
Initializing...
maxdom : 9
D->valSize : 117
Solving...
currentSize : 3 <-- 0.000511 s
currentSize : 4 <-- 0.000522 s
currentSize : 5 <-- 0.000573 s
currentSize : 6 <-- 0.000601 s
currentSize : 7 <-- 0.000623 s
currentSize : 12 <-- 0.000888 s

maxsize : 12
nodes : 151.000000
filtered : 1410.000000
time : 0.001074
