Parameters: GAD=1 vflib=1 dir=0 label=1 lowerbound=1 fileNameGp=../graphsdb/mcs90/rand/r02/mcs90_r02_s100.A38 fileNameGt=../graphsdb/mcs90/rand/r02/mcs90_r02_s100.B38
Reading graphs...
100 :  1787
100 :  1783
Initializing...
maxdom : 7
D->valSize : 388
Solving...
currentSize : 52 <-- 0.004044 s
currentSize : 53 <-- 0.006078 s
currentSize : 54 <-- 0.010426 s
currentSize : 55 <-- 0.495034 s
currentSize : 56 <-- 342.042664 s
currentSize : 57 <-- 344.424438 s
currentSize : 58 <-- 2663.735352 s

TIMEOUT
maxsize : 58
nodes : 395163464.000000
filtered : 388299780.000000
time : 3600.000000
