Parameters: GAD=1 vflib=1 dir=0 label=1 lowerbound=1 fileNameGp=../graphsdb/mcs90/rand/r01/mcs90_r01_s90.A58 fileNameGt=../graphsdb/mcs90/rand/r01/mcs90_r01_s90.B58
Reading graphs...
90 :  758
90 :  759
Initializing...
maxdom : 11
D->valSize : 586
Solving...
currentSize : 2 <-- 0.010584 s
currentSize : 66 <-- 0.010960 s
currentSize : 67 <-- 0.019589 s
currentSize : 68 <-- 0.080746 s
currentSize : 69 <-- 0.341111 s
currentSize : 70 <-- 0.981708 s

maxsize : 70
nodes : 415685.000000
filtered : 1024935.000000
time : 3.162339
