Parameters: GAD=1 vflib=1 dir=0 label=1 lowerbound=1 fileNameGp=../graphsdb/mcs90/rand/r02/mcs90_r02_s90.A30 fileNameGt=../graphsdb/mcs90/rand/r02/mcs90_r02_s90.B30
Reading graphs...
90 :  1437
90 :  1446
Initializing...
maxdom : 14
D->valSize : 627
Solving...
currentSize : 30 <-- 0.010883 s
currentSize : 31 <-- 0.011238 s
currentSize : 32 <-- 0.011830 s
currentSize : 49 <-- 0.160644 s
currentSize : 50 <-- 0.161668 s
currentSize : 51 <-- 0.164529 s
currentSize : 52 <-- 0.165836 s
currentSize : 53 <-- 0.171327 s
currentSize : 54 <-- 0.592555 s
currentSize : 55 <-- 13.968314 s
currentSize : 56 <-- 68.892258 s

TIMEOUT
maxsize : 56
nodes : 453375877.000000
filtered : 499440316.000000
time : 3600.000000
