Parameters: GAD=1 vflib=1 dir=0 label=1 lowerbound=1 fileNameGp=../graphsdb/mcs90/rand/r02/mcs90_r02_s90.A36 fileNameGt=../graphsdb/mcs90/rand/r02/mcs90_r02_s90.B36
Reading graphs...
90 :  1438
90 :  1441
Initializing...
maxdom : 10
D->valSize : 571
Solving...
currentSize : 7 <-- 0.005995 s
currentSize : 9 <-- 0.006069 s
currentSize : 12 <-- 0.006205 s
currentSize : 14 <-- 0.006780 s
currentSize : 15 <-- 0.007297 s
currentSize : 18 <-- 0.007772 s
currentSize : 28 <-- 0.010224 s
currentSize : 29 <-- 0.010607 s
currentSize : 30 <-- 0.010937 s
currentSize : 31 <-- 0.011624 s
currentSize : 53 <-- 0.081272 s
currentSize : 54 <-- 0.083103 s
currentSize : 55 <-- 0.926532 s
currentSize : 56 <-- 168.755157 s
currentSize : 57 <-- 169.430420 s

maxsize : 57
nodes : 329971900.000000
filtered : 272151701.000000
time : 2750.399170
