Parameters: GAD=1 vflib=1 dir=0 label=1 lowerbound=1 fileNameGp=../graphsdb/mcs90/rand/r02/mcs90_r02_s90.A51 fileNameGt=../graphsdb/mcs90/rand/r02/mcs90_r02_s90.B51
Reading graphs...
90 :  1443
90 :  1432
Initializing...
maxdom : 11
D->valSize : 566
Solving...
currentSize : 31 <-- 0.009439 s
currentSize : 32 <-- 0.043884 s
currentSize : 53 <-- 0.051972 s
currentSize : 54 <-- 0.052400 s
currentSize : 55 <-- 0.060572 s
currentSize : 56 <-- 2.659532 s
currentSize : 57 <-- 25.436180 s

maxsize : 57
nodes : 170351487.000000
filtered : 139195536.000000
time : 1572.833008
