Parameters: GAD=1 vflib=1 dir=0 label=1 lowerbound=1 fileNameGp=../graphsdb/mcs90/rand/r02/mcs90_r02_s40.A58 fileNameGt=../graphsdb/mcs90/rand/r02/mcs90_r02_s40.B58
Reading graphs...
40 :  279
40 :  282
Initializing...
maxdom : 7
D->valSize : 206
Solving...
currentSize : 4 <-- 0.001108 s
currentSize : 5 <-- 0.001138 s
currentSize : 7 <-- 0.001196 s
currentSize : 9 <-- 0.001309 s
currentSize : 12 <-- 0.001416 s
currentSize : 19 <-- 0.001484 s
currentSize : 28 <-- 0.001845 s
currentSize : 29 <-- 0.002001 s

maxsize : 29
nodes : 1940.000000
filtered : 11599.000000
time : 0.009872
