Parameters: GAD=1 vflib=1 dir=0 label=1 lowerbound=1 fileNameGp=../graphsdb/mcs90/rand/r01/mcs90_r01_s50.A37 fileNameGt=../graphsdb/mcs90/rand/r01/mcs90_r01_s50.B37
Reading graphs...
50 :  235
50 :  235
Initializing...
maxdom : 10
D->valSize : 337
Solving...
currentSize : 2 <-- 0.002102 s
currentSize : 10 <-- 0.002167 s
currentSize : 12 <-- 0.002273 s
currentSize : 23 <-- 0.003168 s
currentSize : 33 <-- 0.003418 s
currentSize : 41 <-- 0.003774 s

maxsize : 41
nodes : 2024.000000
filtered : 15653.000000
time : 0.012685
