Parameters: GAD=1 vflib=1 dir=0 label=1 lowerbound=1 fileNameGp=../graphsdb/mcs90/m2D/m2Dr4/mcs90_m2Dr4_s20.A83 fileNameGt=../graphsdb/mcs90/m2D/m2Dr4/mcs90_m2Dr4_s20.B83
Reading graphs...
20 :  39
20 :  36
Initializing...
maxdom : 7
D->valSize : 116
Solving...
currentSize : 3 <-- 0.000557 s
currentSize : 6 <-- 0.000605 s
currentSize : 8 <-- 0.000615 s
currentSize : 10 <-- 0.000624 s
currentSize : 12 <-- 0.000689 s
currentSize : 16 <-- 0.000784 s

maxsize : 16
nodes : 103.000000
filtered : 618.000000
time : 0.000889
