Parameters: GAD=1 vflib=1 dir=0 label=1 lowerbound=1 fileNameGp=../graphsdb/mcs90/rand/r02/mcs90_r02_s100.A03 fileNameGt=../graphsdb/mcs90/rand/r02/mcs90_r02_s100.B03
Reading graphs...
100 :  1770
100 :  1770
Initializing...
maxdom : 7
D->valSize : 392
Solving...
currentSize : 1 <-- 0.003746 s
currentSize : 56 <-- 0.004104 s
currentSize : 57 <-- 0.004362 s
currentSize : 58 <-- 0.005817 s
currentSize : 59 <-- 0.011815 s
currentSize : 60 <-- 0.018282 s
currentSize : 61 <-- 0.025672 s
currentSize : 62 <-- 8.599763 s
currentSize : 63 <-- 95.496483 s

TIMEOUT
maxsize : 63
nodes : 364076418.000000
filtered : 300905920.000000
time : 3600.000000
