Parameters: GAD=1 vflib=1 dir=0 label=1 lowerbound=1 fileNameGp=../graphsdb/mcs90/rand/r02/mcs90_r02_s90.A14 fileNameGt=../graphsdb/mcs90/rand/r02/mcs90_r02_s90.B14
Reading graphs...
90 :  1433
90 :  1435
Initializing...
maxdom : 9
D->valSize : 568
Solving...
currentSize : 47 <-- 0.006289 s
currentSize : 48 <-- 0.006760 s
currentSize : 49 <-- 0.036969 s
currentSize : 50 <-- 0.098681 s
currentSize : 51 <-- 0.240069 s
currentSize : 52 <-- 0.999683 s
currentSize : 53 <-- 1.211511 s
currentSize : 54 <-- 2.938034 s

maxsize : 54
nodes : 57415907.000000
filtered : 60490553.000000
time : 463.613556
