Parameters: GAD=1 vflib=1 dir=0 label=1 lowerbound=1 fileNameGp=../graphsdb/mcs90/rand/r02/mcs90_r02_s80.A82 fileNameGt=../graphsdb/mcs90/rand/r02/mcs90_r02_s80.B82
Reading graphs...
80 :  1147
80 :  1146
Initializing...
maxdom : 11
D->valSize : 556
Solving...
currentSize : 42 <-- 0.005754 s
currentSize : 44 <-- 0.006170 s
currentSize : 45 <-- 0.007751 s
currentSize : 46 <-- 0.043146 s
currentSize : 47 <-- 0.150956 s
currentSize : 48 <-- 0.152959 s
currentSize : 49 <-- 0.203967 s
currentSize : 50 <-- 1.008746 s

maxsize : 50
nodes : 5326800.000000
filtered : 6436512.000000
time : 36.840534
