Parameters: GAD=1 vflib=1 dir=0 label=1 lowerbound=1 fileNameGp=../graphsdb/mcs90/rand/r02/mcs90_r02_s100.A31 fileNameGt=../graphsdb/mcs90/rand/r02/mcs90_r02_s100.B31
Reading graphs...
100 :  1799
100 :  1787
Initializing...
maxdom : 7
D->valSize : 399
Solving...
currentSize : 49 <-- 0.004159 s
currentSize : 50 <-- 0.007604 s
currentSize : 51 <-- 0.050638 s
currentSize : 52 <-- 0.060076 s
currentSize : 53 <-- 5.405214 s
currentSize : 54 <-- 5.489306 s
currentSize : 55 <-- 2613.206055 s
currentSize : 56 <-- 2613.207275 s

TIMEOUT
maxsize : 56
nodes : 413706116.000000
filtered : 364413578.000000
time : 3600.000000
