Parameters: GAD=1 vflib=1 dir=0 label=1 lowerbound=1 fileNameGp=../graphsdb/mcs90/rand/r02/mcs90_r02_s80.A19 fileNameGt=../graphsdb/mcs90/rand/r02/mcs90_r02_s80.B19
Reading graphs...
80 :  1134
80 :  1129
Initializing...
maxdom : 9
D->valSize : 449
Solving...
currentSize : 8 <-- 0.003940 s
currentSize : 12 <-- 0.003996 s
currentSize : 16 <-- 0.004100 s
currentSize : 26 <-- 0.005091 s
currentSize : 43 <-- 0.006507 s
currentSize : 44 <-- 0.006606 s
currentSize : 45 <-- 0.006845 s
currentSize : 46 <-- 0.500438 s
currentSize : 47 <-- 5.470570 s
currentSize : 48 <-- 13.294977 s
currentSize : 49 <-- 29.042711 s

maxsize : 49
nodes : 58090433.000000
filtered : 42001633.000000
time : 456.355377
