Parameters: GAD=1 vflib=1 dir=0 label=1 lowerbound=1 fileNameGp=../graphsdb/mcs90/rand/r02/mcs90_r02_s100.A88 fileNameGt=../graphsdb/mcs90/rand/r02/mcs90_r02_s100.B88
Reading graphs...
100 :  1800
100 :  1813
Initializing...
maxdom : 7
D->valSize : 401
Solving...
currentSize : 2 <-- 0.004011 s
currentSize : 3 <-- 0.004054 s
currentSize : 54 <-- 0.004410 s
currentSize : 55 <-- 0.006613 s
currentSize : 56 <-- 0.145055 s
currentSize : 57 <-- 5.001384 s
currentSize : 58 <-- 5.965162 s
currentSize : 59 <-- 97.694550 s
currentSize : 60 <-- 1593.040161 s
currentSize : 61 <-- 1967.074707 s

TIMEOUT
maxsize : 61
nodes : 359015377.000000
filtered : 287411085.000000
time : 3600.000244
