Parameters: GAD=1 vflib=1 dir=0 label=1 lowerbound=1 fileNameGp=../graphsdb/mcs90/bvg/b09/mcs90_b09_s20.A29 fileNameGt=../graphsdb/mcs90/bvg/b09/mcs90_b09_s20.B29
Reading graphs...
20 :  90
20 :  88
Initializing...
maxdom : 8
D->valSize : 112
Solving...
currentSize : 5 <-- 0.000543 s
currentSize : 7 <-- 0.000628 s
currentSize : 8 <-- 0.000794 s
currentSize : 9 <-- 0.000867 s
currentSize : 10 <-- 0.000933 s
currentSize : 18 <-- 0.000972 s

maxsize : 18
nodes : 164.000000
filtered : 1139.000000
time : 0.001049
