Parameters: GAD=1 vflib=1 dir=0 label=1 lowerbound=1 fileNameGp=../graphsdb/mcs90/rand/r02/mcs90_r02_s80.A91 fileNameGt=../graphsdb/mcs90/rand/r02/mcs90_r02_s80.B91
Reading graphs...
80 :  1142
80 :  1148
Initializing...
maxdom : 10
D->valSize : 477
Solving...
currentSize : 4 <-- 0.004345 s
currentSize : 6 <-- 0.004571 s
currentSize : 47 <-- 0.005318 s
currentSize : 48 <-- 0.006403 s
currentSize : 49 <-- 4.038189 s
currentSize : 50 <-- 17.323940 s
currentSize : 51 <-- 19.974855 s
currentSize : 52 <-- 428.783752 s

maxsize : 52
nodes : 157237463.000000
filtered : 123824381.000000
time : 1195.868652
