Parameters: GAD=1 vflib=1 dir=0 label=1 lowerbound=1 fileNameGp=../graphsdb/mcs90/rand/r02/mcs90_r02_s90.A65 fileNameGt=../graphsdb/mcs90/rand/r02/mcs90_r02_s90.B65
Reading graphs...
90 :  1449
90 :  1454
Initializing...
maxdom : 12
D->valSize : 594
Solving...
currentSize : 4 <-- 0.009916 s
currentSize : 8 <-- 0.010045 s
currentSize : 11 <-- 0.010170 s
currentSize : 13 <-- 0.010813 s
currentSize : 48 <-- 0.013185 s
currentSize : 49 <-- 0.013682 s
currentSize : 50 <-- 4.005743 s
currentSize : 51 <-- 5.951574 s
currentSize : 52 <-- 80.751343 s
currentSize : 53 <-- 2347.599609 s

TIMEOUT
maxsize : 53
nodes : 422928541.000000
filtered : 311775072.000000
time : 3600.000000
