Parameters: GAD=1 vflib=1 dir=0 label=1 lowerbound=1 fileNameGp=../graphsdb/mcs90/bvg/b06/mcs90_b06_s15.A01 fileNameGt=../graphsdb/mcs90/bvg/b06/mcs90_b06_s15.B01
Reading graphs...
15 :  45
15 :  45
Initializing...
maxdom : 9
D->valSize : 114
Solving...
currentSize : 3 <-- 0.000501 s
currentSize : 4 <-- 0.000525 s
currentSize : 5 <-- 0.000582 s
currentSize : 6 <-- 0.000802 s
currentSize : 7 <-- 0.000842 s
currentSize : 13 <-- 0.000901 s

maxsize : 13
nodes : 157.000000
filtered : 1235.000000
time : 0.000977
