Parameters: GAD=1 vflib=1 dir=0 label=1 lowerbound=1 fileNameGp=../graphsdb/mcs90/rand/r02/mcs90_r02_s90.A81 fileNameGt=../graphsdb/mcs90/rand/r02/mcs90_r02_s90.B81
Reading graphs...
90 :  1435
90 :  1443
Initializing...
maxdom : 9
D->valSize : 544
Solving...
currentSize : 24 <-- 0.005705 s
currentSize : 25 <-- 0.006060 s
currentSize : 47 <-- 0.010785 s
currentSize : 49 <-- 0.011246 s
currentSize : 50 <-- 0.011924 s
currentSize : 51 <-- 0.176404 s
currentSize : 52 <-- 0.177059 s
currentSize : 53 <-- 2.327924 s
currentSize : 54 <-- 2.329175 s
currentSize : 55 <-- 28.199251 s

maxsize : 55
nodes : 22604406.000000
filtered : 32556928.000000
time : 169.604034
