Parameters: GAD=1 vflib=1 dir=0 label=1 lowerbound=1 fileNameGp=../graphsdb/mcs90/rand/r02/mcs90_r02_s100.A50 fileNameGt=../graphsdb/mcs90/rand/r02/mcs90_r02_s100.B50
Reading graphs...
100 :  1790
100 :  1788
Initializing...
maxdom : 6
D->valSize : 359
Solving...
currentSize : 51 <-- 0.003846 s
currentSize : 53 <-- 0.004680 s
currentSize : 54 <-- 0.028993 s
currentSize : 55 <-- 0.070498 s
currentSize : 56 <-- 0.436170 s
currentSize : 57 <-- 0.482968 s
currentSize : 58 <-- 4.892340 s
currentSize : 59 <-- 4.995031 s
currentSize : 60 <-- 23.914047 s

TIMEOUT
maxsize : 60
nodes : 424423281.000000
filtered : 447532469.000000
time : 3600.000000
