Parameters: GAD=1 vflib=1 dir=0 label=1 lowerbound=1 fileNameGp=../graphsdb/mcs90/bvg/b06/mcs90_b06_s15.A83 fileNameGt=../graphsdb/mcs90/bvg/b06/mcs90_b06_s15.B83
Reading graphs...
15 :  45
15 :  45
Initializing...
maxdom : 9
D->valSize : 123
Solving...
currentSize : 4 <-- 0.000597 s
currentSize : 5 <-- 0.000615 s
currentSize : 6 <-- 0.000642 s
currentSize : 7 <-- 0.000750 s
currentSize : 8 <-- 0.001953 s
currentSize : 10 <-- 0.001992 s
currentSize : 13 <-- 0.002072 s

maxsize : 13
nodes : 495.000000
filtered : 3263.000000
time : 0.002132
