Parameters: GAD=1 vflib=1 dir=0 label=1 lowerbound=1 fileNameGp=../graphsdb/mcs90/rand/r01/mcs90_r01_s100.A68 fileNameGt=../graphsdb/mcs90/rand/r01/mcs90_r01_s100.B68
Reading graphs...
100 :  934
100 :  932
Initializing...
maxdom : 9
D->valSize : 420
Solving...
currentSize : 3 <-- 0.006385 s
currentSize : 69 <-- 0.007095 s
currentSize : 71 <-- 0.013250 s
currentSize : 72 <-- 0.113784 s
currentSize : 73 <-- 1.038523 s
currentSize : 74 <-- 1.213657 s

maxsize : 74
nodes : 117952131.000000
filtered : 110982443.000000
time : 1116.115112
