Parameters: GAD=1 vflib=1 dir=0 label=1 lowerbound=1 fileNameGp=../graphsdb/mcs90/bvg/b03m/mcs90_b03m_s15.A87 fileNameGt=../graphsdb/mcs90/bvg/b03m/mcs90_b03m_s15.B87
Reading graphs...
15 :  22
15 :  22
Initializing...
maxdom : 9
D->valSize : 111
Solving...
currentSize : 1 <-- 0.000500 s
currentSize : 4 <-- 0.000543 s
currentSize : 5 <-- 0.000579 s
currentSize : 6 <-- 0.000597 s
currentSize : 7 <-- 0.000612 s
currentSize : 12 <-- 0.000867 s

maxsize : 12
nodes : 149.000000
filtered : 994.000000
time : 0.000933
