Parameters: GAD=1 vflib=1 dir=0 label=1 lowerbound=1 fileNameGp=../graphsdb/mcs90/rand/r02/mcs90_r02_s100.A17 fileNameGt=../graphsdb/mcs90/rand/r02/mcs90_r02_s100.B17
Reading graphs...
100 :  1791
100 :  1786
Initializing...
maxdom : 7
D->valSize : 405
Solving...
currentSize : 52 <-- 0.006370 s
currentSize : 53 <-- 0.007010 s
currentSize : 54 <-- 0.008223 s
currentSize : 55 <-- 0.012192 s
currentSize : 56 <-- 0.050641 s
currentSize : 57 <-- 0.301552 s
currentSize : 58 <-- 0.309630 s
currentSize : 59 <-- 4.225324 s
currentSize : 60 <-- 403.596985 s

TIMEOUT
maxsize : 60
nodes : 409025562.000000
filtered : 472372787.000000
time : 3600.000000
