Parameters: GAD=1 vflib=1 dir=0 label=1 lowerbound=1 fileNameGp=../graphsdb/mcs90/rand/r02/mcs90_r02_s80.A47 fileNameGt=../graphsdb/mcs90/rand/r02/mcs90_r02_s80.B47
Reading graphs...
80 :  1127
80 :  1131
Initializing...
maxdom : 10
D->valSize : 475
Solving...
currentSize : 42 <-- 0.004490 s
currentSize : 43 <-- 0.004720 s
currentSize : 44 <-- 0.006187 s
currentSize : 45 <-- 0.082462 s
currentSize : 46 <-- 4.992007 s
currentSize : 47 <-- 5.073386 s
currentSize : 48 <-- 24.070051 s

maxsize : 48
nodes : 169089627.000000
filtered : 175679738.000000
time : 1172.891479
