Parameters: GAD=1 vflib=1 dir=0 label=1 lowerbound=1 fileNameGp=../graphsdb/mcs90/rand/r02/mcs90_r02_s30.A73 fileNameGt=../graphsdb/mcs90/rand/r02/mcs90_r02_s30.B73
Reading graphs...
30 :  158
30 :  161
Initializing...
maxdom : 6
D->valSize : 125
Solving...
currentSize : 3 <-- 0.000642 s
currentSize : 5 <-- 0.000662 s
currentSize : 6 <-- 0.000684 s
currentSize : 7 <-- 0.000751 s
currentSize : 15 <-- 0.000829 s
currentSize : 23 <-- 0.000990 s

maxsize : 23
nodes : 194.000000
filtered : 1363.000000
time : 0.001460
