Parameters: GAD=1 vflib=1 dir=0 label=1 lowerbound=1 fileNameGp=../graphsdb/mcs90/rand/r02/mcs90_r02_s90.A43 fileNameGt=../graphsdb/mcs90/rand/r02/mcs90_r02_s90.B43
Reading graphs...
90 :  1449
90 :  1442
Initializing...
maxdom : 8
D->valSize : 556
Solving...
currentSize : 28 <-- 0.007968 s
currentSize : 29 <-- 0.012440 s
currentSize : 43 <-- 0.098991 s
currentSize : 44 <-- 0.099136 s
currentSize : 45 <-- 0.103546 s
currentSize : 46 <-- 15.281595 s
currentSize : 47 <-- 59.742290 s
currentSize : 48 <-- 410.952637 s
currentSize : 49 <-- 1374.413330 s
currentSize : 50 <-- 2074.398438 s

TIMEOUT
maxsize : 50
nodes : 466985881.000000
filtered : 445977613.000000
time : 3600.000000
