Parameters: GAD=1 vflib=1 dir=0 label=1 lowerbound=1 fileNameGp=../graphsdb/mcs90/rand/r02/mcs90_r02_s80.A38 fileNameGt=../graphsdb/mcs90/rand/r02/mcs90_r02_s80.B38
Reading graphs...
80 :  1133
80 :  1136
Initializing...
maxdom : 11
D->valSize : 452
Solving...
currentSize : 14 <-- 0.004293 s
currentSize : 21 <-- 0.005096 s
currentSize : 48 <-- 0.008690 s
currentSize : 49 <-- 0.009045 s
currentSize : 50 <-- 0.025958 s
currentSize : 51 <-- 1.498277 s
currentSize : 52 <-- 11.638573 s

maxsize : 52
nodes : 22834673.000000
filtered : 20814325.000000
time : 161.436127
