Parameters: GAD=1 vflib=1 dir=0 label=1 lowerbound=1 fileNameGp=../graphsdb/mcs90/rand/r02/mcs90_r02_s70.A50 fileNameGt=../graphsdb/mcs90/rand/r02/mcs90_r02_s70.B50
Reading graphs...
70 :  869
70 :  866
Initializing...
maxdom : 7
D->valSize : 344
Solving...
currentSize : 2 <-- 0.003980 s
currentSize : 3 <-- 0.004031 s
currentSize : 4 <-- 0.004097 s
currentSize : 7 <-- 0.004150 s
currentSize : 41 <-- 0.004736 s
currentSize : 42 <-- 0.257812 s

maxsize : 42
nodes : 16585231.000000
filtered : 15217411.000000
time : 105.948006
