Parameters: GAD=1 vflib=1 dir=0 label=1 lowerbound=1 fileNameGp=../graphsdb/mcs90/rand/r01/mcs90_r01_s50.A94 fileNameGt=../graphsdb/mcs90/rand/r01/mcs90_r01_s50.B94
Reading graphs...
50 :  229
50 :  230
Initializing...
maxdom : 8
D->valSize : 327
Solving...
currentSize : 1 <-- 0.002415 s
currentSize : 20 <-- 0.002528 s
currentSize : 22 <-- 0.002954 s
currentSize : 23 <-- 0.004124 s
currentSize : 26 <-- 0.004632 s
currentSize : 42 <-- 0.005594 s
currentSize : 43 <-- 0.006407 s

maxsize : 43
nodes : 869.000000
filtered : 6035.000000
time : 0.006963
