Parameters: GAD=1 vflib=1 dir=0 label=1 lowerbound=1 fileNameGp=../graphsdb/mcs90/bvg/b09/mcs90_b09_s25.A74 fileNameGt=../graphsdb/mcs90/bvg/b09/mcs90_b09_s25.B74
Reading graphs...
25 :  112
25 :  112
Initializing...
maxdom : 9
D->valSize : 168
Solving...
currentSize : 4 <-- 0.000788 s
currentSize : 5 <-- 0.000815 s
currentSize : 6 <-- 0.000868 s
currentSize : 7 <-- 0.000924 s
currentSize : 9 <-- 0.000953 s
currentSize : 12 <-- 0.001579 s
currentSize : 22 <-- 0.001914 s

maxsize : 22
nodes : 378.000000
filtered : 3299.000000
time : 0.002009
