Parameters: GAD=1 vflib=1 dir=0 label=1 lowerbound=1 fileNameGp=../graphsdb/mcs90/rand/r02/mcs90_r02_s60.A52 fileNameGt=../graphsdb/mcs90/rand/r02/mcs90_r02_s60.B52
Reading graphs...
60 :  634
60 :  631
Initializing...
maxdom : 9
D->valSize : 305
Solving...
currentSize : 32 <-- 0.002302 s
currentSize : 34 <-- 0.002402 s
currentSize : 35 <-- 0.002602 s
currentSize : 36 <-- 0.003113 s
currentSize : 37 <-- 0.008775 s
currentSize : 38 <-- 0.008984 s
currentSize : 39 <-- 0.010202 s
currentSize : 40 <-- 0.097355 s
currentSize : 41 <-- 0.419969 s

maxsize : 41
nodes : 176722.000000
filtered : 219075.000000
time : 1.047696
