Parameters: GAD=1 vflib=1 dir=0 label=1 lowerbound=1 fileNameGp=../graphsdb/mcs90/rand/r02/mcs90_r02_s25.A66 fileNameGt=../graphsdb/mcs90/rand/r02/mcs90_r02_s25.B66
Reading graphs...
25 :  110
25 :  107
Initializing...
maxdom : 8
D->valSize : 170
Solving...
currentSize : 4 <-- 0.000765 s
currentSize : 5 <-- 0.000782 s
currentSize : 6 <-- 0.000892 s
currentSize : 7 <-- 0.000901 s
currentSize : 8 <-- 0.001011 s
currentSize : 9 <-- 0.001211 s
currentSize : 18 <-- 0.001477 s

maxsize : 18
nodes : 388.000000
filtered : 5101.000000
time : 0.002302
