Parameters: GAD=1 vflib=1 dir=0 label=1 lowerbound=1 fileNameGp=../graphsdb/mcs90/rand/r02/mcs90_r02_s100.A12 fileNameGt=../graphsdb/mcs90/rand/r02/mcs90_r02_s100.B12
Reading graphs...
100 :  1775
100 :  1783
Initializing...
maxdom : 7
D->valSize : 394
Solving...
currentSize : 49 <-- 0.003939 s
currentSize : 50 <-- 0.004695 s
currentSize : 51 <-- 0.005492 s
currentSize : 52 <-- 0.006320 s
currentSize : 53 <-- 0.009572 s
currentSize : 54 <-- 0.010696 s
currentSize : 55 <-- 0.011756 s
currentSize : 57 <-- 0.039220 s
currentSize : 58 <-- 0.039823 s
currentSize : 59 <-- 0.062926 s
currentSize : 60 <-- 11.641762 s
currentSize : 61 <-- 27.204084 s
currentSize : 62 <-- 27.318588 s

maxsize : 62
nodes : 101863150.000000
filtered : 92380925.000000
time : 886.977295
