Parameters: GAD=1 vflib=1 dir=0 label=1 lowerbound=1 fileNameGp=../graphsdb/mcs90/rand/r02/mcs90_r02_s100.A16 fileNameGt=../graphsdb/mcs90/rand/r02/mcs90_r02_s100.B16
Reading graphs...
100 :  1796
100 :  1796
Initializing...
maxdom : 10
D->valSize : 450
Solving...
currentSize : 52 <-- 0.004857 s
currentSize : 53 <-- 0.005149 s
currentSize : 54 <-- 0.010725 s
currentSize : 55 <-- 0.041237 s
currentSize : 56 <-- 0.310396 s
currentSize : 57 <-- 0.757524 s
currentSize : 58 <-- 9.594981 s
currentSize : 59 <-- 99.024147 s
currentSize : 60 <-- 612.187500 s

TIMEOUT
maxsize : 60
nodes : 395196497.000000
filtered : 334175654.000000
time : 3600.000000
