Parameters: GAD=1 vflib=1 dir=0 label=1 lowerbound=1 fileNameGp=../graphsdb/mcs10/m4D/m4Dr2/mcs10_m4Dr2_s100.A24 fileNameGt=../graphsdb/mcs10/m4D/m4Dr2/mcs10_m4Dr2_s100.B24
Reading graphs...
100 :  178
100 :  177
Initializing...
maxdom : 7
D->valSize : 337
Solving...
currentSize : 1 <-- 0.003005 s
currentSize : 4 <-- 0.007098 s
currentSize : 6 <-- 0.007372 s
currentSize : 7 <-- 0.007724 s
currentSize : 8 <-- 0.008000 s
currentSize : 9 <-- 0.008590 s
currentSize : 10 <-- 0.008728 s
currentSize : 12 <-- 0.009074 s
currentSize : 15 <-- 0.009932 s

maxsize : 15
nodes : 28913.000000
filtered : 101959.000000
CCGP filtered : 258581.000000
CCGT filtered : 214881.000000
time : 2.081696
