Parameters: GAD=1 vflib=1 dir=0 label=1 lowerbound=1 fileNameGp=../graphsdb/mcs10/m4D/m4Dr6/mcs10_m4Dr6_s100.A81 fileNameGt=../graphsdb/mcs10/m4D/m4Dr6/mcs10_m4Dr6_s100.B81
Reading graphs...
100 :  216
100 :  215
Initializing...
maxdom : 6
D->valSize : 328
Solving...
currentSize : 1 <-- 0.004808 s
currentSize : 2 <-- 0.032287 s
currentSize : 3 <-- 0.032669 s
currentSize : 4 <-- 0.032849 s
currentSize : 7 <-- 0.033560 s
currentSize : 9 <-- 0.034256 s
currentSize : 10 <-- 0.035339 s
currentSize : 12 <-- 0.035885 s
currentSize : 15 <-- 0.036960 s

maxsize : 15
nodes : 51877.000000
filtered : 203108.000000
CCGP filtered : 684576.000000
CCGT filtered : 329844.000000
time : 3.423892
