Parameters: GAD=1 vflib=1 dir=0 label=1 lowerbound=1 fileNameGp=../graphsdb/mcs10/m4D/m4Dr2/mcs10_m4Dr2_s100.A94 fileNameGt=../graphsdb/mcs10/m4D/m4Dr2/mcs10_m4Dr2_s100.B94
Reading graphs...
100 :  178
100 :  177
Initializing...
maxdom : 6
D->valSize : 310
Solving...
currentSize : 1 <-- 0.002638 s
currentSize : 3 <-- 0.004127 s
currentSize : 6 <-- 0.004360 s
currentSize : 7 <-- 0.005059 s
currentSize : 8 <-- 0.005444 s
currentSize : 9 <-- 0.005742 s
currentSize : 10 <-- 0.006042 s
currentSize : 11 <-- 0.006442 s
currentSize : 16 <-- 0.006687 s

maxsize : 16
nodes : 16336.000000
filtered : 56945.000000
CCGP filtered : 96556.000000
CCGT filtered : 116608.000000
time : 1.215512
