Parameters: GAD=1 vflib=1 dir=0 label=1 lowerbound=1 fileNameGp=../graphsdb/mcs10/m4D/m4Dr2/mcs10_m4Dr2_s100.A66 fileNameGt=../graphsdb/mcs10/m4D/m4Dr2/mcs10_m4Dr2_s100.B66
Reading graphs...
100 :  177
100 :  178
Initializing...
maxdom : 7
D->valSize : 329
Solving...
currentSize : 1 <-- 0.002837 s
currentSize : 2 <-- 0.004434 s
currentSize : 5 <-- 0.004970 s
currentSize : 8 <-- 0.005311 s
currentSize : 9 <-- 0.005621 s
currentSize : 10 <-- 0.006024 s
currentSize : 11 <-- 0.006308 s
currentSize : 12 <-- 0.006630 s
currentSize : 16 <-- 0.007036 s

maxsize : 16
nodes : 22947.000000
filtered : 81816.000000
CCGP filtered : 140350.000000
CCGT filtered : 173003.000000
time : 1.725679
