Parameters: GAD=1 vflib=1 dir=0 label=1 lowerbound=1 fileNameGp=../graphsdb/mcs30/rand/r01/mcs30_r01_s90.A83 fileNameGt=../graphsdb/mcs30/rand/r01/mcs30_r01_s90.B83
Reading graphs...
90 :  764
90 :  762
Initializing...
maxdom : 10
D->valSize : 554
Solving...
currentSize : 2 <-- 0.007038 s
currentSize : 5 <-- 0.007560 s
currentSize : 7 <-- 0.017880 s
currentSize : 8 <-- 0.018565 s
currentSize : 14 <-- 0.022405 s
currentSize : 17 <-- 0.216616 s
currentSize : 20 <-- 0.271205 s
currentSize : 23 <-- 0.271719 s
currentSize : 26 <-- 1.686305 s

maxsize : 26
nodes : 543612.000000
filtered : 4389329.000000
CCGP filtered : 1415219.000000
CCGT filtered : 534051.000000
time : 26.298471
