Parameters: GAD=1 vflib=1 dir=0 label=1 lowerbound=1 fileNameGp=../graphsdb/mcs30/m3D/m3D/mcs30_m3D_s80.A32 fileNameGt=../graphsdb/mcs30/m3D/m3D/mcs30_m3D_s80.B32
Reading graphs...
80 :  184
80 :  181
Initializing...
maxdom : 8
D->valSize : 436
Solving...
currentSize : 1 <-- 0.003895 s
currentSize : 5 <-- 0.004700 s
currentSize : 9 <-- 0.004895 s
currentSize : 10 <-- 0.004985 s
currentSize : 11 <-- 0.005171 s
currentSize : 12 <-- 0.005317 s
currentSize : 15 <-- 0.005529 s
currentSize : 16 <-- 0.005692 s
currentSize : 27 <-- 0.006059 s

maxsize : 27
nodes : 10871414.000000
filtered : 48363467.000000
CCGP filtered : 59512808.000000
CCGT filtered : 33987959.000000
time : 406.723267
