Parameters: GAD=1 vflib=1 dir=0 label=1 lowerbound=1 fileNameGp=../graphsdb/mcs30/m3D/m3Dr4/mcs30_m3Dr4_s90.A95 fileNameGt=../graphsdb/mcs30/m3D/m3Dr4/mcs30_m3Dr4_s90.B95
Reading graphs...
90 :  243
90 :  243
Initializing...
maxdom : 9
D->valSize : 513
Solving...
currentSize : 1 <-- 0.005491 s
currentSize : 2 <-- 0.005897 s
currentSize : 3 <-- 0.007928 s
currentSize : 9 <-- 0.009343 s
currentSize : 12 <-- 0.009509 s
currentSize : 13 <-- 0.009680 s
currentSize : 14 <-- 0.010164 s
currentSize : 15 <-- 0.010359 s
currentSize : 16 <-- 0.010643 s
currentSize : 27 <-- 0.011085 s

maxsize : 27
nodes : 32538565.000000
filtered : 126352359.000000
CCGP filtered : 230785678.000000
CCGT filtered : 183013445.000000
time : 1430.356079
