Parameters: GAD=1 vflib=1 dir=0 label=1 lowerbound=1 fileNameGp=../graphsdb/mcs30/m2D/m2Dr6/mcs30_m2Dr6_s80.A33 fileNameGt=../graphsdb/mcs30/m2D/m2Dr6/mcs30_m2Dr6_s80.B33
Reading graphs...
80 :  186
80 :  185
Initializing...
maxdom : 9
D->valSize : 399
Solving...
currentSize : 1 <-- 0.005818 s
currentSize : 4 <-- 0.006249 s
currentSize : 10 <-- 0.006655 s
currentSize : 11 <-- 0.007030 s
currentSize : 14 <-- 0.007505 s
currentSize : 16 <-- 0.007723 s
currentSize : 17 <-- 0.007882 s
currentSize : 18 <-- 0.008319 s
currentSize : 25 <-- 0.008901 s

maxsize : 25
nodes : 6707501.000000
filtered : 29126504.000000
CCGP filtered : 33357861.000000
CCGT filtered : 33701095.000000
time : 261.649933
