Parameters: GAD=1 vflib=1 dir=0 label=1 lowerbound=1 fileNameGp=../graphsdb/mcs30/bvg/b03m/mcs30_b03m_s80.A56 fileNameGt=../graphsdb/mcs30/bvg/b03m/mcs30_b03m_s80.B56
Reading graphs...
80 :  120
80 :  120
Initializing...
maxdom : 9
D->valSize : 403
Solving...
currentSize : 1 <-- 0.003558 s
currentSize : 2 <-- 0.003826 s
currentSize : 9 <-- 0.006018 s
currentSize : 11 <-- 0.006363 s
currentSize : 12 <-- 0.006455 s
currentSize : 13 <-- 0.006701 s
currentSize : 14 <-- 0.006794 s
currentSize : 15 <-- 0.006958 s
currentSize : 16 <-- 0.007269 s
currentSize : 24 <-- 0.007389 s

maxsize : 24
nodes : 196585.000000
filtered : 813779.000000
CCGP filtered : 1283155.000000
CCGT filtered : 734493.000000
time : 8.369550
