Parameters: GAD=1 vflib=1 dir=0 label=1 lowerbound=1 fileNameGp=../graphsdb/mcs30/rand/r02/mcs30_r02_s90.A20 fileNameGt=../graphsdb/mcs30/rand/r02/mcs30_r02_s90.B20
Reading graphs...
90 :  1429
90 :  1415
Initializing...
maxdom : 13
D->valSize : 562
Solving...
currentSize : 3 <-- 0.010763 s
currentSize : 4 <-- 0.012113 s
currentSize : 5 <-- 0.034075 s
currentSize : 8 <-- 0.041187 s
currentSize : 10 <-- 0.223940 s
currentSize : 11 <-- 0.317631 s
currentSize : 14 <-- 0.317968 s
currentSize : 15 <-- 0.472381 s
currentSize : 16 <-- 0.675579 s
currentSize : 21 <-- 0.807581 s

maxsize : 21
nodes : 51722.000000
filtered : 694304.000000
CCGP filtered : 98475.000000
CCGT filtered : 91007.000000
time : 3.110571
