Parameters: GAD=1 vflib=1 dir=0 label=1 lowerbound=1 fileNameGp=../graphsdb/mcs30/bvg/b09m/mcs30_b09m_s80.A00 fileNameGt=../graphsdb/mcs30/bvg/b09m/mcs30_b09m_s80.B00
Reading graphs...
80 :  346
80 :  352
Initializing...
maxdom : 8
D->valSize : 419
Solving...
currentSize : 1 <-- 0.003647 s
currentSize : 2 <-- 0.004231 s
currentSize : 4 <-- 0.006634 s
currentSize : 10 <-- 0.009010 s
currentSize : 11 <-- 0.009149 s
currentSize : 12 <-- 0.009391 s
currentSize : 13 <-- 0.009495 s
currentSize : 14 <-- 0.009676 s
currentSize : 20 <-- 0.010270 s
currentSize : 21 <-- 61.663548 s

maxsize : 21
nodes : 6506872.000000
filtered : 27100859.000000
CCGP filtered : 32057516.000000
CCGT filtered : 18607064.000000
time : 247.674240
