Parameters: GAD=1 vflib=1 dir=0 label=1 lowerbound=1 fileNameGp=../graphsdb/mcs30/bvg/b06m/mcs30_b06m_s50.A21 fileNameGt=../graphsdb/mcs30/bvg/b06m/mcs30_b06m_s50.B21
Reading graphs...
50 :  147
50 :  144
Initializing...
maxdom : 11
D->valSize : 311
Solving...
currentSize : 1 <-- 0.002046 s
currentSize : 2 <-- 0.002217 s
currentSize : 6 <-- 0.002473 s
currentSize : 7 <-- 0.002568 s
currentSize : 8 <-- 0.002625 s
currentSize : 11 <-- 0.002752 s
currentSize : 12 <-- 0.002873 s
currentSize : 14 <-- 0.010571 s
currentSize : 15 <-- 0.056405 s

maxsize : 15
nodes : 17570.000000
filtered : 106031.000000
CCGP filtered : 73201.000000
CCGT filtered : 105093.000000
time : 0.375075
