Parameters: GAD=1 vflib=1 dir=0 label=1 lowerbound=1 fileNameGp=../graphsdb/mcs30/m2D/m2Dr4/mcs30_m2Dr4_s100.A36 fileNameGt=../graphsdb/mcs30/m2D/m2Dr4/mcs30_m2Dr4_s100.B36
Reading graphs...
100 :  218
100 :  218
Initializing...
maxdom : 7
D->valSize : 333
Solving...
currentSize : 1 <-- 0.003073 s
currentSize : 3 <-- 0.006668 s
currentSize : 11 <-- 0.007181 s
currentSize : 12 <-- 0.007416 s
currentSize : 13 <-- 0.007660 s
currentSize : 14 <-- 0.007959 s
currentSize : 15 <-- 0.008358 s
currentSize : 16 <-- 0.008780 s
currentSize : 24 <-- 0.009407 s

maxsize : 24
nodes : 1052680.000000
filtered : 3886464.000000
CCGP filtered : 8290677.000000
CCGT filtered : 5945085.000000
time : 66.069740
