Parameters: GAD=1 vflib=1 dir=0 label=1 lowerbound=1 fileNameGp=../graphsdb/mcs30/bvg/b09m/mcs30_b09m_s70.A92 fileNameGt=../graphsdb/mcs30/bvg/b09m/mcs30_b09m_s70.B92
Reading graphs...
70 :  303
70 :  300
Initializing...
maxdom : 8
D->valSize : 313
Solving...
currentSize : 1 <-- 0.002372 s
currentSize : 7 <-- 0.002798 s
currentSize : 9 <-- 0.002938 s
currentSize : 10 <-- 0.003060 s
currentSize : 11 <-- 0.003314 s
currentSize : 12 <-- 0.003574 s
currentSize : 13 <-- 0.003923 s
currentSize : 16 <-- 0.004016 s
currentSize : 17 <-- 0.147576 s

maxsize : 17
nodes : 744914.000000
filtered : 3508879.000000
CCGP filtered : 4133796.000000
CCGT filtered : 3093255.000000
time : 25.161385
