Parameters: GAD=1 vflib=1 dir=0 label=1 lowerbound=1 fileNameGp=../graphsdb/mcs30/m2D/m2Dr6/mcs30_m2Dr6_s100.A92 fileNameGt=../graphsdb/mcs30/m2D/m2Dr6/mcs30_m2Dr6_s100.B92
Reading graphs...
100 :  239
100 :  236
Initializing...
maxdom : 8
D->valSize : 337
Solving...
currentSize : 1 <-- 0.003118 s
currentSize : 4 <-- 0.003593 s
currentSize : 5 <-- 0.003901 s
currentSize : 7 <-- 0.004445 s
currentSize : 8 <-- 0.004761 s
currentSize : 10 <-- 0.005268 s
currentSize : 12 <-- 0.005740 s
currentSize : 14 <-- 0.005953 s
currentSize : 26 <-- 0.006969 s

maxsize : 26
nodes : 5784299.000000
filtered : 19713906.000000
CCGP filtered : 38324943.000000
CCGT filtered : 26244148.000000
time : 349.074890
