Parameters: GAD=1 vflib=1 dir=0 label=1 lowerbound=1 fileNameGp=../graphsdb/mcs30/bvg/b09/mcs30_b09_s80.A27 fileNameGt=../graphsdb/mcs30/bvg/b09/mcs30_b09_s80.B27
Reading graphs...
80 :  354
80 :  354
Initializing...
maxdom : 9
D->valSize : 441
Solving...
currentSize : 1 <-- 0.006593 s
currentSize : 2 <-- 0.007144 s
currentSize : 5 <-- 0.007946 s
currentSize : 10 <-- 0.008700 s
currentSize : 14 <-- 0.009241 s
currentSize : 16 <-- 0.009836 s
currentSize : 17 <-- 0.010038 s
currentSize : 18 <-- 0.010237 s
currentSize : 24 <-- 0.010524 s

maxsize : 24
nodes : 19854674.000000
filtered : 94025725.000000
CCGP filtered : 132907517.000000
CCGT filtered : 82456681.000000
time : 776.042725
