Parameters: GAD=1 vflib=1 dir=0 label=1 lowerbound=1 fileNameGp=../graphsdb/mcs30/bvg/b06m/mcs30_b06m_s90.A02 fileNameGt=../graphsdb/mcs30/bvg/b06m/mcs30_b06m_s90.B02
Reading graphs...
90 :  262
90 :  267
Initializing...
maxdom : 11
D->valSize : 562
Solving...
currentSize : 1 <-- 0.010666 s
currentSize : 10 <-- 0.017094 s
currentSize : 12 <-- 0.017399 s
currentSize : 14 <-- 0.017945 s
currentSize : 15 <-- 0.018163 s
currentSize : 16 <-- 0.018380 s
currentSize : 17 <-- 0.019017 s
currentSize : 18 <-- 0.019240 s
currentSize : 27 <-- 0.019909 s

maxsize : 27
nodes : 67475839.000000
filtered : 313936281.000000
CCGP filtered : 686604215.000000
CCGT filtered : 501278589.000000
time : 3498.576660
