Parameters: GAD=1 vflib=1 dir=0 label=1 lowerbound=1 fileNameGp=../graphsdb/mcs30/m3D/m3Dr4/mcs30_m3Dr4_s100.A09 fileNameGt=../graphsdb/mcs30/m3D/m3Dr4/mcs30_m3Dr4_s100.B09
Reading graphs...
100 :  273
100 :  271
Initializing...
maxdom : 7
D->valSize : 328
Solving...
currentSize : 1 <-- 0.005293 s
currentSize : 6 <-- 0.007615 s
currentSize : 9 <-- 0.008017 s
currentSize : 10 <-- 0.008320 s
currentSize : 11 <-- 0.008466 s
currentSize : 12 <-- 0.008605 s
currentSize : 14 <-- 0.008751 s
currentSize : 15 <-- 0.008962 s
currentSize : 16 <-- 0.009436 s
currentSize : 17 <-- 0.009842 s
currentSize : 27 <-- 0.010400 s

maxsize : 27
nodes : 38152112.000000
filtered : 128743453.000000
CCGP filtered : 280308225.000000
CCGT filtered : 165424107.000000
time : 2228.992676
