Parameters: GAD=1 vflib=1 dir=0 label=1 lowerbound=1 fileNameGp=../graphsdb/mcs30/m4D/m4Dr4/mcs30_m4Dr4_s70.A51 fileNameGt=../graphsdb/mcs30/m4D/m4Dr4/mcs30_m4Dr4_s70.B51
Reading graphs...
70 :  145
70 :  144
Initializing...
maxdom : 8
D->valSize : 311
Solving...
currentSize : 1 <-- 0.002345 s
currentSize : 2 <-- 0.003003 s
currentSize : 6 <-- 0.006153 s
currentSize : 8 <-- 0.006395 s
currentSize : 9 <-- 0.006489 s
currentSize : 11 <-- 0.006656 s
currentSize : 12 <-- 0.006758 s
currentSize : 14 <-- 0.006889 s
currentSize : 16 <-- 0.006940 s

maxsize : 16
nodes : 42530.000000
filtered : 163484.000000
CCGP filtered : 156205.000000
CCGT filtered : 184143.000000
time : 1.560520
