Parameters: GAD=1 vflib=1 dir=0 label=1 lowerbound=1 fileNameGp=../graphsdb/mcs30/m2D/m2Dr2/mcs30_m2Dr2_s100.A84 fileNameGt=../graphsdb/mcs30/m2D/m2Dr2/mcs30_m2Dr2_s100.B84
Reading graphs...
100 :  199
100 :  196
Initializing...
maxdom : 8
D->valSize : 346
Solving...
currentSize : 1 <-- 0.003340 s
currentSize : 2 <-- 0.005351 s
currentSize : 5 <-- 0.005607 s
currentSize : 9 <-- 0.006518 s
currentSize : 11 <-- 0.007030 s
currentSize : 12 <-- 0.007502 s
currentSize : 14 <-- 0.007782 s
currentSize : 15 <-- 0.007987 s
currentSize : 25 <-- 0.008380 s

maxsize : 25
nodes : 566608.000000
filtered : 1981841.000000
CCGP filtered : 4926386.000000
CCGT filtered : 2717164.000000
time : 37.116730
