Parameters: GAD=1 vflib=1 dir=0 label=1 lowerbound=1 fileNameGp=../graphsdb/mcs30/rand/r02/mcs30_r02_s50.A69 fileNameGt=../graphsdb/mcs30/rand/r02/mcs30_r02_s50.B69
Reading graphs...
50 :  440
50 :  432
Initializing...
maxdom : 10
D->valSize : 317
Solving...
currentSize : 2 <-- 0.002176 s
currentSize : 4 <-- 0.002507 s
currentSize : 5 <-- 0.003238 s
currentSize : 6 <-- 0.003436 s
currentSize : 7 <-- 0.010580 s
currentSize : 8 <-- 0.019738 s
currentSize : 11 <-- 0.050085 s
currentSize : 12 <-- 0.050392 s
currentSize : 13 <-- 0.050464 s

maxsize : 13
nodes : 7949.000000
filtered : 131650.000000
CCGP filtered : 29804.000000
CCGT filtered : 23065.000000
time : 0.201755
