Parameters: GAD=1 vflib=1 dir=0 label=1 lowerbound=1 fileNameGp=../graphsdb/mcs30/bvg/b03/mcs30_b03_s100.A07 fileNameGt=../graphsdb/mcs30/bvg/b03/mcs30_b03_s100.B07
Reading graphs...
100 :  150
100 :  149
Initializing...
maxdom : 8
D->valSize : 366
Solving...
currentSize : 1 <-- 0.003256 s
currentSize : 4 <-- 0.004371 s
currentSize : 5 <-- 0.004479 s
currentSize : 6 <-- 0.004761 s
currentSize : 11 <-- 0.005150 s
currentSize : 14 <-- 0.005395 s
currentSize : 16 <-- 0.005651 s
currentSize : 20 <-- 0.006390 s
currentSize : 30 <-- 0.006747 s

maxsize : 30
nodes : 283155.000000
filtered : 978460.000000
CCGP filtered : 1284259.000000
CCGT filtered : 935864.000000
time : 14.674947
