Parameters: GAD=1 vflib=1 dir=0 label=1 lowerbound=1 fileNameGp=../graphsdb/mcs30/m2D/m2Dr6/mcs30_m2Dr6_s90.A03 fileNameGt=../graphsdb/mcs30/m2D/m2Dr6/mcs30_m2Dr6_s90.B03
Reading graphs...
90 :  211
90 :  212
Initializing...
maxdom : 9
D->valSize : 514
Solving...
currentSize : 1 <-- 0.008947 s
currentSize : 6 <-- 0.010842 s
currentSize : 7 <-- 0.011008 s
currentSize : 8 <-- 0.011182 s
currentSize : 9 <-- 0.011635 s
currentSize : 13 <-- 0.012132 s
currentSize : 14 <-- 0.012337 s
currentSize : 15 <-- 0.012718 s
currentSize : 19 <-- 0.013779 s
currentSize : 25 <-- 0.014125 s

maxsize : 25
nodes : 6398383.000000
filtered : 28143184.000000
CCGP filtered : 84334812.000000
CCGT filtered : 34440171.000000
time : 337.766968
