Parameters: GAD=1 vflib=1 dir=0 label=1 lowerbound=1 fileNameGp=../graphsdb/mcs30/m2D/m2Dr2/mcs30_m2Dr2_s90.A86 fileNameGt=../graphsdb/mcs30/m2D/m2Dr2/mcs30_m2Dr2_s90.B86
Reading graphs...
90 :  177
90 :  178
Initializing...
maxdom : 9
D->valSize : 504
Solving...
currentSize : 1 <-- 0.005193 s
currentSize : 2 <-- 0.006423 s
currentSize : 3 <-- 0.006789 s
currentSize : 6 <-- 0.006942 s
currentSize : 16 <-- 0.007822 s
currentSize : 17 <-- 0.008140 s
currentSize : 18 <-- 0.008440 s
currentSize : 19 <-- 0.008565 s
currentSize : 25 <-- 0.009000 s

maxsize : 25
nodes : 7965015.000000
filtered : 35754913.000000
CCGP filtered : 78986518.000000
CCGT filtered : 49325147.000000
time : 393.323212
