Parameters: GAD=1 vflib=1 dir=0 label=1 lowerbound=1 fileNameGp=../graphsdb/mcs30/bvg/b06m/mcs30_b06m_s70.A49 fileNameGt=../graphsdb/mcs30/bvg/b06m/mcs30_b06m_s70.B49
Reading graphs...
70 :  207
70 :  208
Initializing...
maxdom : 10
D->valSize : 310
Solving...
currentSize : 1 <-- 0.003692 s
currentSize : 2 <-- 0.004644 s
currentSize : 4 <-- 0.006007 s
currentSize : 5 <-- 0.008021 s
currentSize : 7 <-- 0.008342 s
currentSize : 8 <-- 0.008430 s
currentSize : 9 <-- 0.008658 s
currentSize : 11 <-- 0.008964 s
currentSize : 21 <-- 0.009739 s

maxsize : 21
nodes : 659195.000000
filtered : 2221094.000000
CCGP filtered : 4684556.000000
CCGT filtered : 4064807.000000
time : 20.787172
