Parameters: GAD=1 vflib=1 dir=0 label=1 lowerbound=1 fileNameGp=../graphsdb/mcs30/rand/r01/mcs30_r01_s90.A92 fileNameGt=../graphsdb/mcs30/rand/r01/mcs30_r01_s90.B92
Reading graphs...
90 :  756
90 :  758
Initializing...
maxdom : 9
D->valSize : 510
Solving...
currentSize : 2 <-- 0.009315 s
currentSize : 4 <-- 0.011342 s
currentSize : 8 <-- 0.033200 s
currentSize : 9 <-- 0.034095 s
currentSize : 10 <-- 0.045344 s
currentSize : 12 <-- 0.045545 s
currentSize : 13 <-- 0.234192 s
currentSize : 17 <-- 0.234343 s
currentSize : 24 <-- 1.281721 s
currentSize : 25 <-- 1.287144 s

maxsize : 25
nodes : 880423.000000
filtered : 6796272.000000
CCGP filtered : 1077515.000000
CCGT filtered : 1237697.000000
time : 43.453884
