Parameters: GAD=1 vflib=1 dir=0 label=1 lowerbound=1 fileNameGp=../graphsdb/mcs30/rand/r02/mcs30_r02_s70.A11 fileNameGt=../graphsdb/mcs30/rand/r02/mcs30_r02_s70.B11
Reading graphs...
70 :  866
70 :  858
Initializing...
maxdom : 10
D->valSize : 319
Solving...
currentSize : 3 <-- 0.002927 s
currentSize : 4 <-- 0.012347 s
currentSize : 5 <-- 0.026212 s
currentSize : 6 <-- 0.029262 s
currentSize : 9 <-- 0.031557 s
currentSize : 11 <-- 0.107741 s
currentSize : 12 <-- 0.145431 s
currentSize : 16 <-- 0.175637 s
currentSize : 17 <-- 0.177688 s

maxsize : 17
nodes : 9607.000000
filtered : 121444.000000
CCGP filtered : 22433.000000
CCGT filtered : 23720.000000
time : 0.375479
