Parameters: GAD=1 vflib=1 dir=0 label=1 lowerbound=1 fileNameGp=../graphsdb/mcs30/m4D/m4Dr6/mcs30_m4Dr6_s90.A45 fileNameGt=../graphsdb/mcs30/m4D/m4Dr6/mcs30_m4Dr6_s90.B45
Reading graphs...
90 :  196
90 :  195
Initializing...
maxdom : 11
D->valSize : 556
Solving...
currentSize : 1 <-- 0.006165 s
currentSize : 6 <-- 0.006890 s
currentSize : 7 <-- 0.006984 s
currentSize : 11 <-- 0.007225 s
currentSize : 12 <-- 0.007354 s
currentSize : 13 <-- 0.007648 s
currentSize : 14 <-- 0.007879 s
currentSize : 15 <-- 0.007981 s
currentSize : 16 <-- 0.008111 s

maxsize : 16
nodes : 131504.000000
filtered : 1108002.000000
CCGP filtered : 4715289.000000
CCGT filtered : 2613465.000000
time : 5.798569
