Parameters: GAD=1 vflib=1 dir=0 label=1 lowerbound=1 fileNameGp=../graphsdb/mcs30/rand/r02/mcs30_r02_s80.A20 fileNameGt=../graphsdb/mcs30/rand/r02/mcs30_r02_s80.B20
Reading graphs...
80 :  1125
80 :  1133
Initializing...
maxdom : 9
D->valSize : 450
Solving...
currentSize : 3 <-- 0.004798 s
currentSize : 6 <-- 0.005700 s
currentSize : 7 <-- 0.006233 s
currentSize : 8 <-- 0.043950 s
currentSize : 10 <-- 0.079243 s
currentSize : 11 <-- 0.137069 s
currentSize : 12 <-- 0.378998 s
currentSize : 15 <-- 0.427138 s
currentSize : 17 <-- 0.496825 s
currentSize : 19 <-- 0.499754 s
currentSize : 20 <-- 0.807314 s

maxsize : 20
nodes : 26068.000000
filtered : 371709.000000
CCGP filtered : 57114.000000
CCGT filtered : 60477.000000
time : 1.270241
