Parameters: GAD=1 vflib=1 dir=0 label=1 lowerbound=1 fileNameGp=../graphsdb/mcs30/rand/r02/mcs30_r02_s90.A46 fileNameGt=../graphsdb/mcs30/rand/r02/mcs30_r02_s90.B46
Reading graphs...
90 :  1431
90 :  1443
Initializing...
maxdom : 8
D->valSize : 508
Solving...
currentSize : 1 <-- 0.010183 s
currentSize : 3 <-- 0.012869 s
currentSize : 6 <-- 0.014172 s
currentSize : 10 <-- 0.021529 s
currentSize : 12 <-- 0.041623 s
currentSize : 16 <-- 0.052371 s
currentSize : 17 <-- 0.167787 s
currentSize : 18 <-- 0.168242 s
currentSize : 19 <-- 0.243877 s
currentSize : 22 <-- 0.354180 s

maxsize : 22
nodes : 51084.000000
filtered : 755663.000000
CCGP filtered : 72342.000000
CCGT filtered : 65407.000000
time : 3.418562
