Parameters: GAD=1 vflib=1 dir=0 label=1 lowerbound=1 fileNameGp=../graphsdb/mcs30/m2D/m2Dr2/mcs30_m2Dr2_s90.A99 fileNameGt=../graphsdb/mcs30/m2D/m2Dr2/mcs30_m2Dr2_s90.B99
Reading graphs...
90 :  178
90 :  176
Initializing...
maxdom : 9
D->valSize : 514
Solving...
currentSize : 1 <-- 0.005322 s
currentSize : 2 <-- 0.006056 s
currentSize : 14 <-- 0.009265 s
currentSize : 16 <-- 0.009601 s
currentSize : 17 <-- 0.009722 s
currentSize : 18 <-- 0.009908 s
currentSize : 19 <-- 0.010088 s
currentSize : 20 <-- 0.010535 s
currentSize : 25 <-- 0.010997 s

maxsize : 25
nodes : 4167651.000000
filtered : 18776613.000000
CCGP filtered : 43885453.000000
CCGT filtered : 22202601.000000
time : 208.461105
