Parameters: GAD=1 vflib=1 dir=0 label=1 lowerbound=1 fileNameGp=../graphsdb/mcs30/m2D/m2Dr4/mcs30_m2Dr4_s60.A94 fileNameGt=../graphsdb/mcs30/m2D/m2Dr4/mcs30_m2Dr4_s60.B94
Reading graphs...
60 :  127
60 :  125
Initializing...
maxdom : 10
D->valSize : 256
Solving...
currentSize : 1 <-- 0.001774 s
currentSize : 5 <-- 0.002164 s
currentSize : 6 <-- 0.002228 s
currentSize : 7 <-- 0.002361 s
currentSize : 8 <-- 0.002485 s
currentSize : 9 <-- 0.002636 s
currentSize : 11 <-- 0.002828 s
currentSize : 12 <-- 0.002919 s
currentSize : 16 <-- 0.002992 s

maxsize : 16
nodes : 12744.000000
filtered : 60855.000000
CCGP filtered : 53836.000000
CCGT filtered : 56599.000000
time : 0.401950
