Parameters: GAD=1 vflib=1 dir=0 label=1 lowerbound=1 fileNameGp=../graphsdb/mcs30/rand/r01/mcs30_r01_s80.A49 fileNameGt=../graphsdb/mcs30/rand/r01/mcs30_r01_s80.B49
Reading graphs...
80 :  605
80 :  603
Initializing...
maxdom : 9
D->valSize : 389
Solving...
currentSize : 1 <-- 0.003639 s
currentSize : 2 <-- 0.004075 s
currentSize : 3 <-- 0.023156 s
currentSize : 4 <-- 0.023372 s
currentSize : 5 <-- 0.028159 s
currentSize : 6 <-- 0.034228 s
currentSize : 14 <-- 0.037993 s
currentSize : 18 <-- 0.041352 s
currentSize : 24 <-- 0.050991 s

maxsize : 24
nodes : 158205.000000
filtered : 1186152.000000
CCGP filtered : 350831.000000
CCGT filtered : 204708.000000
time : 6.709356
