Parameters: GAD=1 vflib=1 dir=0 label=1 lowerbound=1 fileNameGp=../graphsdb/mcs30/rand/r01/mcs30_r01_s70.A91 fileNameGt=../graphsdb/mcs30/rand/r01/mcs30_r01_s70.B91
Reading graphs...
70 :  455
70 :  458
Initializing...
maxdom : 9
D->valSize : 281
Solving...
currentSize : 1 <-- 0.003293 s
currentSize : 2 <-- 0.004352 s
currentSize : 3 <-- 0.004526 s
currentSize : 4 <-- 0.005048 s
currentSize : 6 <-- 0.007023 s
currentSize : 7 <-- 0.007261 s
currentSize : 13 <-- 0.018091 s
currentSize : 18 <-- 0.018256 s
currentSize : 20 <-- 0.264181 s

maxsize : 20
nodes : 38314.000000
filtered : 241803.000000
CCGP filtered : 93978.000000
CCGT filtered : 68741.000000
time : 1.540658
