Parameters: GAD=1 vflib=1 dir=0 label=1 lowerbound=1 fileNameGp=../graphsdb/mcs30/bvg/b09/mcs30_b09_s80.A33 fileNameGt=../graphsdb/mcs30/bvg/b09/mcs30_b09_s80.B33
Reading graphs...
80 :  353
80 :  353
Initializing...
maxdom : 9
D->valSize : 423
Solving...
currentSize : 1 <-- 0.003797 s
currentSize : 2 <-- 0.004621 s
currentSize : 3 <-- 0.005732 s
currentSize : 8 <-- 0.241775 s
currentSize : 10 <-- 0.241916 s
currentSize : 12 <-- 0.242060 s
currentSize : 13 <-- 0.242257 s
currentSize : 16 <-- 0.242545 s
currentSize : 24 <-- 0.242835 s

maxsize : 24
nodes : 7358850.000000
filtered : 34148309.000000
CCGP filtered : 32534724.000000
CCGT filtered : 33339392.000000
time : 298.003571
