Parameters: GAD=1 vflib=1 dir=0 label=1 lowerbound=1 fileNameGp=../graphsdb/mcs30/bvg/b06m/mcs30_b06m_s70.A35 fileNameGt=../graphsdb/mcs30/bvg/b06m/mcs30_b06m_s70.B35
Reading graphs...
70 :  209
70 :  209
Initializing...
maxdom : 6
D->valSize : 310
Solving...
currentSize : 1 <-- 0.003724 s
currentSize : 2 <-- 0.020823 s
currentSize : 3 <-- 0.021961 s
currentSize : 12 <-- 0.023557 s
currentSize : 13 <-- 0.023954 s
currentSize : 14 <-- 0.024395 s
currentSize : 16 <-- 0.024798 s
currentSize : 17 <-- 0.024934 s
currentSize : 21 <-- 0.025031 s

maxsize : 21
nodes : 1695311.000000
filtered : 7080134.000000
CCGP filtered : 10708620.000000
CCGT filtered : 7996890.000000
time : 53.388161
