Parameters: GAD=1 vflib=1 dir=0 label=1 lowerbound=1 fileNameGp=../graphsdb/mcs30/rand/r02/mcs30_r02_s80.A34 fileNameGt=../graphsdb/mcs30/rand/r02/mcs30_r02_s80.B34
Reading graphs...
80 :  1109
80 :  1141
Initializing...
maxdom : 9
D->valSize : 408
Solving...
currentSize : 2 <-- 0.006389 s
currentSize : 3 <-- 0.006533 s
currentSize : 4 <-- 0.006852 s
currentSize : 6 <-- 0.007378 s
currentSize : 7 <-- 0.007464 s
currentSize : 9 <-- 0.063072 s
currentSize : 11 <-- 0.063151 s
currentSize : 12 <-- 0.111563 s
currentSize : 15 <-- 0.112177 s
currentSize : 22 <-- 0.269196 s

maxsize : 22
nodes : 21731.000000
filtered : 315522.000000
CCGP filtered : 38185.000000
CCGT filtered : 39713.000000
time : 1.123875
