Parameters: GAD=1 vflib=1 dir=0 label=1 lowerbound=1 fileNameGp=../graphsdb/mcs30/rand/r02/mcs30_r02_s90.A40 fileNameGt=../graphsdb/mcs30/rand/r02/mcs30_r02_s90.B40
Reading graphs...
90 :  1425
90 :  1448
Initializing...
maxdom : 9
D->valSize : 533
Solving...
currentSize : 3 <-- 0.012372 s
currentSize : 4 <-- 0.013164 s
currentSize : 6 <-- 0.014559 s
currentSize : 10 <-- 0.109788 s
currentSize : 12 <-- 0.110905 s
currentSize : 13 <-- 0.138866 s
currentSize : 16 <-- 0.140188 s
currentSize : 17 <-- 0.366396 s
currentSize : 22 <-- 0.391838 s

maxsize : 22
nodes : 52470.000000
filtered : 810040.000000
CCGP filtered : 80825.000000
CCGT filtered : 80209.000000
time : 3.529542
