Parameters: GAD=1 vflib=1 dir=0 label=1 lowerbound=1 fileNameGp=../graphsdb/mcs30/m2D/m2Dr4/mcs30_m2Dr4_s90.A11 fileNameGt=../graphsdb/mcs30/m2D/m2Dr4/mcs30_m2Dr4_s90.B11
Reading graphs...
90 :  193
90 :  194
Initializing...
maxdom : 11
D->valSize : 526
Solving...
currentSize : 1 <-- 0.005764 s
currentSize : 5 <-- 0.006877 s
currentSize : 8 <-- 0.007298 s
currentSize : 10 <-- 0.007836 s
currentSize : 11 <-- 0.008022 s
currentSize : 13 <-- 0.008255 s
currentSize : 14 <-- 0.009087 s
currentSize : 24 <-- 0.009869 s
currentSize : 25 <-- 14.783963 s

maxsize : 25
nodes : 9590022.000000
filtered : 52873672.000000
CCGP filtered : 83930394.000000
CCGT filtered : 65673838.000000
time : 428.775452
