Parameters: GAD=1 vflib=1 dir=0 label=1 lowerbound=1 fileNameGp=../graphsdb/mcs30/m3D/m3D/mcs30_m3D_s100.A07 fileNameGt=../graphsdb/mcs30/m3D/m3D/mcs30_m3D_s100.B07
Reading graphs...
100 :  235
100 :  233
Initializing...
maxdom : 7
D->valSize : 325
Solving...
currentSize : 1 <-- 0.004743 s
currentSize : 4 <-- 0.006886 s
currentSize : 5 <-- 0.007412 s
currentSize : 7 <-- 0.007689 s
currentSize : 9 <-- 0.008253 s
currentSize : 12 <-- 0.009242 s
currentSize : 14 <-- 0.009589 s
currentSize : 15 <-- 0.009975 s
currentSize : 27 <-- 0.011053 s

maxsize : 27
nodes : 4652314.000000
filtered : 17613735.000000
CCGP filtered : 27969335.000000
CCGT filtered : 19983050.000000
time : 274.622101
