Parameters: GAD=1 vflib=1 dir=0 label=1 lowerbound=1 fileNameGp=../graphsdb/mcs30/m3D/m3D/mcs30_m3D_s100.A91 fileNameGt=../graphsdb/mcs30/m3D/m3D/mcs30_m3D_s100.B91
Reading graphs...
100 :  235
100 :  233
Initializing...
maxdom : 9
D->valSize : 337
Solving...
currentSize : 1 <-- 0.005207 s
currentSize : 2 <-- 0.006238 s
currentSize : 4 <-- 0.006992 s
currentSize : 8 <-- 0.008003 s
currentSize : 9 <-- 0.008241 s
currentSize : 10 <-- 0.009190 s
currentSize : 12 <-- 0.009817 s
currentSize : 19 <-- 0.011138 s
currentSize : 27 <-- 0.472976 s

maxsize : 27
nodes : 3542476.000000
filtered : 13024144.000000
CCGP filtered : 21241203.000000
CCGT filtered : 12536058.000000
time : 204.129990
