Parameters: GAD=1 vflib=1 dir=0 label=1 lowerbound=1 fileNameGp=../graphsdb/mcs30/rand/r02/mcs30_r02_s90.A11 fileNameGt=../graphsdb/mcs30/rand/r02/mcs30_r02_s90.B11
Reading graphs...
90 :  1434
90 :  1431
Initializing...
maxdom : 10
D->valSize : 513
Solving...
currentSize : 3 <-- 0.005631 s
currentSize : 4 <-- 0.006170 s
currentSize : 5 <-- 0.007656 s
currentSize : 6 <-- 0.020811 s
currentSize : 8 <-- 0.021140 s
currentSize : 10 <-- 0.035873 s
currentSize : 12 <-- 0.072573 s
currentSize : 22 <-- 0.152206 s
currentSize : 23 <-- 0.153802 s

maxsize : 23
nodes : 41158.000000
filtered : 684814.000000
CCGP filtered : 68150.000000
CCGT filtered : 55354.000000
time : 2.658678
