Parameters: GAD=1 vflib=1 dir=0 label=1 lowerbound=1 fileNameGp=../graphsdb/mcs30/bvg/b06/mcs30_b06_s90.A67 fileNameGt=../graphsdb/mcs30/bvg/b06/mcs30_b06_s90.B67
Reading graphs...
90 :  267
90 :  268
Initializing...
maxdom : 10
D->valSize : 525
Solving...
currentSize : 1 <-- 0.009237 s
currentSize : 2 <-- 0.010092 s
currentSize : 10 <-- 0.011668 s
currentSize : 12 <-- 0.011961 s
currentSize : 13 <-- 0.012106 s
currentSize : 15 <-- 0.012497 s
currentSize : 16 <-- 0.012849 s
currentSize : 17 <-- 0.013126 s
currentSize : 18 <-- 0.013365 s
currentSize : 19 <-- 0.013977 s
currentSize : 27 <-- 0.015143 s

maxsize : 27
nodes : 51810353.000000
filtered : 244780865.000000
CCGP filtered : 357998387.000000
CCGT filtered : 250825196.000000
time : 2495.671143
