Parameters: GAD=1 vflib=1 dir=0 label=1 lowerbound=1 fileNameGp=../graphsdb/mcs30/rand/r02/mcs30_r02_s80.A03 fileNameGt=../graphsdb/mcs30/rand/r02/mcs30_r02_s80.B03
Reading graphs...
80 :  1130
80 :  1127
Initializing...
maxdom : 10
D->valSize : 405
Solving...
currentSize : 1 <-- 0.003740 s
currentSize : 2 <-- 0.005164 s
currentSize : 3 <-- 0.005883 s
currentSize : 4 <-- 0.005976 s
currentSize : 5 <-- 0.055014 s
currentSize : 6 <-- 0.083889 s
currentSize : 9 <-- 0.248141 s
currentSize : 10 <-- 0.260273 s
currentSize : 11 <-- 0.273213 s
currentSize : 14 <-- 0.288261 s
currentSize : 16 <-- 0.293721 s
currentSize : 20 <-- 0.345457 s
currentSize : 21 <-- 0.347101 s

maxsize : 21
nodes : 18633.000000
filtered : 247753.000000
CCGP filtered : 36511.000000
CCGT filtered : 41664.000000
time : 0.942338
