Parameters: GAD=1 vflib=1 dir=0 label=1 lowerbound=1 fileNameGp=../graphsdb/mcs30/bvg/b06m/mcs30_b06m_s70.A46 fileNameGt=../graphsdb/mcs30/bvg/b06m/mcs30_b06m_s70.B46
Reading graphs...
70 :  204
70 :  204
Initializing...
maxdom : 8
D->valSize : 346
Solving...
currentSize : 1 <-- 0.004396 s
currentSize : 2 <-- 0.006253 s
currentSize : 7 <-- 0.008327 s
currentSize : 8 <-- 0.008863 s
currentSize : 9 <-- 0.009220 s
currentSize : 10 <-- 0.009476 s
currentSize : 11 <-- 0.009628 s
currentSize : 16 <-- 0.009731 s
currentSize : 20 <-- 0.191576 s

maxsize : 20
nodes : 321981.000000
filtered : 1553678.000000
CCGP filtered : 2248295.000000
CCGT filtered : 1471842.000000
time : 10.670635
