Parameters: GAD=1 vflib=1 dir=0 label=1 lowerbound=1 fileNameGp=../graphsdb/mcs30/bvg/b03m/mcs30_b03m_s80.A65 fileNameGt=../graphsdb/mcs30/bvg/b03m/mcs30_b03m_s80.B65
Reading graphs...
80 :  119
80 :  120
Initializing...
maxdom : 11
D->valSize : 413
Solving...
currentSize : 1 <-- 0.003648 s
currentSize : 2 <-- 0.005181 s
currentSize : 7 <-- 0.007735 s
currentSize : 8 <-- 0.007861 s
currentSize : 9 <-- 0.008047 s
currentSize : 10 <-- 0.008201 s
currentSize : 17 <-- 0.008662 s
currentSize : 22 <-- 0.008762 s
currentSize : 24 <-- 0.043435 s

maxsize : 24
nodes : 201985.000000
filtered : 876998.000000
CCGP filtered : 1308575.000000
CCGT filtered : 907209.000000
time : 7.817448
