Parameters: GAD=1 vflib=1 dir=0 label=1 lowerbound=1 fileNameGp=../graphsdb/mcs30/rand/r01/mcs30_r01_s90.A36 fileNameGt=../graphsdb/mcs30/rand/r01/mcs30_r01_s90.B36
Reading graphs...
90 :  759
90 :  763
Initializing...
maxdom : 9
D->valSize : 523
Solving...
currentSize : 1 <-- 0.009587 s
currentSize : 3 <-- 0.011977 s
currentSize : 5 <-- 0.012750 s
currentSize : 6 <-- 0.041511 s
currentSize : 7 <-- 0.090878 s
currentSize : 10 <-- 0.156839 s
currentSize : 12 <-- 0.165910 s
currentSize : 13 <-- 0.189721 s
currentSize : 16 <-- 0.205588 s
currentSize : 22 <-- 0.613802 s
currentSize : 24 <-- 0.800611 s
currentSize : 26 <-- 0.811159 s

maxsize : 26
nodes : 322209.000000
filtered : 2765392.000000
CCGP filtered : 873897.000000
CCGT filtered : 431129.000000
time : 15.695833
