Parameters: GAD=1 vflib=1 dir=0 label=1 lowerbound=1 fileNameGp=../graphsdb/mcs30/m2D/m2Dr4/mcs30_m2Dr4_s70.A67 fileNameGt=../graphsdb/mcs30/m2D/m2Dr4/mcs30_m2Dr4_s70.B67
Reading graphs...
70 :  150
70 :  148
Initializing...
maxdom : 8
D->valSize : 316
Solving...
currentSize : 1 <-- 0.003909 s
currentSize : 3 <-- 0.004413 s
currentSize : 6 <-- 0.004670 s
currentSize : 7 <-- 0.004871 s
currentSize : 8 <-- 0.004968 s
currentSize : 10 <-- 0.005194 s
currentSize : 15 <-- 0.005485 s
currentSize : 20 <-- 0.005830 s
currentSize : 25 <-- 0.006132 s

maxsize : 25
nodes : 2336164.000000
filtered : 8230042.000000
CCGP filtered : 9062183.000000
CCGT filtered : 6926359.000000
time : 67.064674
