Parameters: GAD=1 vflib=1 dir=0 label=1 lowerbound=1 fileNameGp=../graphsdb/mcs30/bvg/b09/mcs30_b09_s80.A76 fileNameGt=../graphsdb/mcs30/bvg/b09/mcs30_b09_s80.B76
Reading graphs...
80 :  354
80 :  354
Initializing...
maxdom : 8
D->valSize : 404
Solving...
currentSize : 1 <-- 0.003604 s
currentSize : 3 <-- 0.004158 s
currentSize : 7 <-- 0.005748 s
currentSize : 10 <-- 0.006007 s
currentSize : 12 <-- 0.006499 s
currentSize : 13 <-- 0.006649 s
currentSize : 14 <-- 0.006762 s
currentSize : 18 <-- 0.006923 s
currentSize : 25 <-- 0.007121 s

maxsize : 25
nodes : 15761934.000000
filtered : 72715244.000000
CCGP filtered : 84000887.000000
CCGT filtered : 25535605.000000
time : 559.861206
