Parameters: GAD=1 vflib=1 dir=0 label=1 lowerbound=1 fileNameGp=../graphsdb/mcs30/rand/r02/mcs30_r02_s40.A85 fileNameGt=../graphsdb/mcs30/rand/r02/mcs30_r02_s40.B85
Reading graphs...
40 :  283
40 :  275
Initializing...
maxdom : 9
D->valSize : 233
Solving...
currentSize : 3 <-- 0.001339 s
currentSize : 4 <-- 0.001462 s
currentSize : 5 <-- 0.003591 s
currentSize : 6 <-- 0.013261 s
currentSize : 7 <-- 0.015909 s
currentSize : 8 <-- 0.017262 s
currentSize : 9 <-- 0.017285 s
currentSize : 10 <-- 0.017464 s
currentSize : 12 <-- 0.017552 s

maxsize : 12
nodes : 1769.000000
filtered : 31843.000000
CCGP filtered : 8747.000000
CCGT filtered : 7518.000000
time : 0.034400
