Parameters: GAD=1 vflib=1 dir=0 label=1 lowerbound=1 fileNameGp=../graphsdb/mcs30/m3D/m3Dr4/mcs30_m3Dr4_s100.A66 fileNameGt=../graphsdb/mcs30/m3D/m3Dr4/mcs30_m3Dr4_s100.B66
Reading graphs...
100 :  272
100 :  274
Initializing...
maxdom : 8
D->valSize : 345
Solving...
currentSize : 1 <-- 0.003156 s
currentSize : 3 <-- 0.003900 s
currentSize : 6 <-- 0.007484 s
currentSize : 9 <-- 0.007774 s
currentSize : 11 <-- 0.008031 s
currentSize : 12 <-- 0.008378 s
currentSize : 15 <-- 0.008969 s
currentSize : 16 <-- 0.009130 s
currentSize : 26 <-- 0.009545 s
currentSize : 27 <-- 0.052940 s

maxsize : 27
nodes : 6187417.000000
filtered : 23203328.000000
CCGP filtered : 28977111.000000
CCGT filtered : 19901497.000000
time : 354.060730
