Parameters: GAD=1 vflib=1 dir=0 label=1 lowerbound=1 fileNameGp=../graphsdb/mcs30/rand/r02/mcs30_r02_s80.A14 fileNameGt=../graphsdb/mcs30/rand/r02/mcs30_r02_s80.B14
Reading graphs...
80 :  1126
80 :  1133
Initializing...
maxdom : 10
D->valSize : 408
Solving...
currentSize : 1 <-- 0.003937 s
currentSize : 2 <-- 0.004238 s
currentSize : 3 <-- 0.004787 s
currentSize : 4 <-- 0.012570 s
currentSize : 5 <-- 0.032989 s
currentSize : 6 <-- 0.080930 s
currentSize : 10 <-- 0.087545 s
currentSize : 11 <-- 0.104359 s
currentSize : 12 <-- 0.105098 s
currentSize : 19 <-- 0.168315 s

maxsize : 19
nodes : 23246.000000
filtered : 305627.000000
CCGP filtered : 41292.000000
CCGT filtered : 40306.000000
time : 1.164838
