Parameters: GAD=1 vflib=1 dir=0 label=1 lowerbound=1 fileNameGp=../graphsdb/mcs30/bvg/b06/mcs30_b06_s90.A19 fileNameGt=../graphsdb/mcs30/bvg/b06/mcs30_b06_s90.B19
Reading graphs...
90 :  267
90 :  268
Initializing...
maxdom : 10
D->valSize : 501
Solving...
currentSize : 1 <-- 0.008535 s
currentSize : 2 <-- 0.008856 s
currentSize : 9 <-- 0.014365 s
currentSize : 10 <-- 0.014580 s
currentSize : 13 <-- 0.015323 s
currentSize : 14 <-- 0.015550 s
currentSize : 15 <-- 0.015926 s
currentSize : 16 <-- 0.016547 s
currentSize : 22 <-- 0.017635 s
currentSize : 27 <-- 11.200654 s

maxsize : 27
nodes : 29773059.000000
filtered : 137550855.000000
CCGP filtered : 251684061.000000
CCGT filtered : 109898010.000000
time : 1345.653931
