Parameters: GAD=1 vflib=1 dir=0 label=1 lowerbound=1 fileNameGp=../graphsdb/mcs30/bvg/b09/mcs30_b09_s90.A28 fileNameGt=../graphsdb/mcs30/bvg/b09/mcs30_b09_s90.B28
Reading graphs...
90 :  401
90 :  402
Initializing...
maxdom : 11
D->valSize : 539
Solving...
currentSize : 1 <-- 0.005781 s
currentSize : 2 <-- 0.006729 s
currentSize : 10 <-- 0.008777 s
currentSize : 12 <-- 0.009672 s
currentSize : 14 <-- 0.010316 s
currentSize : 16 <-- 0.010456 s
currentSize : 18 <-- 0.010534 s
currentSize : 25 <-- 0.339697 s
currentSize : 26 <-- 0.340638 s

maxsize : 26
nodes : 31705064.000000
filtered : 148995346.000000
CCGP filtered : 145627988.000000
CCGT filtered : 128892022.000000
time : 1349.771606
