Parameters: GAD=1 vflib=1 dir=0 label=1 lowerbound=1 fileNameGp=../graphsdb/mcs30/rand/r02/mcs30_r02_s60.A55 fileNameGt=../graphsdb/mcs30/rand/r02/mcs30_r02_s60.B55
Reading graphs...
60 :  627
60 :  635
Initializing...
maxdom : 8
D->valSize : 234
Solving...
currentSize : 1 <-- 0.001735 s
currentSize : 2 <-- 0.002661 s
currentSize : 3 <-- 0.004012 s
currentSize : 4 <-- 0.004256 s
currentSize : 5 <-- 0.004376 s
currentSize : 6 <-- 0.006410 s
currentSize : 8 <-- 0.007405 s
currentSize : 10 <-- 0.010573 s
currentSize : 11 <-- 0.029456 s
currentSize : 13 <-- 0.045799 s
currentSize : 15 <-- 0.065710 s

maxsize : 15
nodes : 3205.000000
filtered : 43290.000000
CCGP filtered : 9605.000000
CCGT filtered : 9801.000000
time : 0.103372
