Parameters: GAD=1 vflib=1 dir=0 label=1 lowerbound=1 fileNameGp=../graphsdb/mcs50/rand/r02/mcs50_r02_s80.A92 fileNameGt=../graphsdb/mcs50/rand/r02/mcs50_r02_s80.B92
Reading graphs...
80 :  1123
80 :  1130
Initializing...
maxdom : 8
D->valSize : 453
Solving...
currentSize : 2 <-- 0.007325 s
currentSize : 3 <-- 0.007737 s
currentSize : 4 <-- 0.008291 s
currentSize : 7 <-- 0.009719 s
currentSize : 20 <-- 0.023347 s
currentSize : 29 <-- 0.111875 s
currentSize : 30 <-- 0.112711 s
currentSize : 31 <-- 0.114286 s
currentSize : 32 <-- 0.118256 s

maxsize : 32
nodes : 26088.000000
filtered : 271622.000000
CCGP filtered : 15287.000000
CCGT filtered : 9969.000000
time : 1.318141
