Parameters: GAD=1 vflib=1 dir=0 label=1 lowerbound=1 fileNameGp=../graphsdb/mcs50/bvg/b06m/mcs50_b06m_s25.A51 fileNameGt=../graphsdb/mcs50/bvg/b06m/mcs50_b06m_s25.B51
Reading graphs...
25 :  72
25 :  72
Initializing...
maxdom : 11
D->valSize : 179
Solving...
currentSize : 1 <-- 0.000763 s
currentSize : 2 <-- 0.000808 s
currentSize : 5 <-- 0.000867 s
currentSize : 6 <-- 0.001351 s
currentSize : 7 <-- 0.001458 s
currentSize : 8 <-- 0.002930 s
currentSize : 9 <-- 0.003808 s
currentSize : 10 <-- 0.004434 s
currentSize : 11 <-- 0.004501 s

maxsize : 11
nodes : 509.000000
filtered : 7458.000000
CCGP filtered : 2399.000000
CCGT filtered : 4072.000000
time : 0.006023
