Parameters: GAD=1 vflib=1 dir=0 label=1 lowerbound=1 fileNameGp=../graphsdb/mcs50/rand/r02/mcs50_r02_s80.A91 fileNameGt=../graphsdb/mcs50/rand/r02/mcs50_r02_s80.B91
Reading graphs...
80 :  1137
80 :  1134
Initializing...
maxdom : 9
D->valSize : 455
Solving...
currentSize : 3 <-- 0.007599 s
currentSize : 4 <-- 0.008591 s
currentSize : 5 <-- 0.021913 s
currentSize : 6 <-- 0.022000 s
currentSize : 10 <-- 0.023404 s
currentSize : 11 <-- 0.025287 s
currentSize : 28 <-- 0.083443 s
currentSize : 29 <-- 0.084675 s
currentSize : 30 <-- 0.616969 s

maxsize : 30
nodes : 32305.000000
filtered : 335039.000000
CCGP filtered : 17259.000000
CCGT filtered : 16252.000000
time : 1.585586
