Parameters: GAD=1 vflib=1 dir=0 label=1 lowerbound=1 fileNameGp=../graphsdb/mcs50/rand/r02/mcs50_r02_s90.A21 fileNameGt=../graphsdb/mcs50/rand/r02/mcs50_r02_s90.B21
Reading graphs...
90 :  1414
90 :  1419
Initializing...
maxdom : 10
D->valSize : 573
Solving...
currentSize : 2 <-- 0.013434 s
currentSize : 3 <-- 0.013836 s
currentSize : 11 <-- 0.017978 s
currentSize : 14 <-- 0.760825 s
currentSize : 17 <-- 0.817472 s
currentSize : 20 <-- 0.819290 s
currentSize : 21 <-- 0.820086 s
currentSize : 24 <-- 0.923589 s
currentSize : 31 <-- 0.929200 s
currentSize : 32 <-- 0.930080 s
currentSize : 33 <-- 0.931599 s

maxsize : 33
nodes : 133799.000000
filtered : 994896.000000
CCGP filtered : 43494.000000
CCGT filtered : 57967.000000
time : 7.662353
