Parameters: GAD=1 vflib=1 dir=0 label=1 lowerbound=1 fileNameGp=../graphsdb/mcs50/rand/r02/mcs50_r02_s90.A32 fileNameGt=../graphsdb/mcs50/rand/r02/mcs50_r02_s90.B32
Reading graphs...
90 :  1426
90 :  1436
Initializing...
maxdom : 11
D->valSize : 509
Solving...
currentSize : 5 <-- 0.006168 s
currentSize : 6 <-- 0.015644 s
currentSize : 7 <-- 0.016611 s
currentSize : 13 <-- 0.017706 s
currentSize : 19 <-- 0.029005 s
currentSize : 23 <-- 0.072208 s
currentSize : 24 <-- 0.073717 s
currentSize : 34 <-- 0.164723 s
currentSize : 35 <-- 0.189514 s

maxsize : 35
nodes : 48572.000000
filtered : 436846.000000
CCGP filtered : 18736.000000
CCGT filtered : 11829.000000
time : 2.944084
