Parameters: GAD=1 vflib=1 dir=0 label=1 lowerbound=1 fileNameGp=../graphsdb/mcs50/rand/r02/mcs50_r02_s90.A67 fileNameGt=../graphsdb/mcs50/rand/r02/mcs50_r02_s90.B67
Reading graphs...
90 :  1442
90 :  1418
Initializing...
maxdom : 9
D->valSize : 511
Solving...
currentSize : 3 <-- 0.059730 s
currentSize : 4 <-- 0.060552 s
currentSize : 9 <-- 0.062577 s
currentSize : 10 <-- 0.073448 s
currentSize : 13 <-- 0.079071 s
currentSize : 20 <-- 1.219791 s
currentSize : 21 <-- 1.487812 s
currentSize : 22 <-- 1.934715 s
currentSize : 33 <-- 2.159533 s
currentSize : 35 <-- 2.691415 s

maxsize : 35
nodes : 116632.000000
filtered : 760621.000000
CCGP filtered : 36516.000000
CCGT filtered : 84096.000000
time : 7.067831
