Parameters: GAD=1 vflib=1 dir=0 label=1 lowerbound=1 fileNameGp=../graphsdb/mcs50/rand/r02/mcs50_r02_s80.A97 fileNameGt=../graphsdb/mcs50/rand/r02/mcs50_r02_s80.B97
Reading graphs...
80 :  1140
80 :  1137
Initializing...
maxdom : 11
D->valSize : 436
Solving...
currentSize : 4 <-- 0.009258 s
currentSize : 9 <-- 0.009706 s
currentSize : 12 <-- 0.026084 s
currentSize : 14 <-- 0.127490 s
currentSize : 16 <-- 0.130641 s
currentSize : 17 <-- 0.131067 s
currentSize : 27 <-- 0.140683 s
currentSize : 29 <-- 0.141133 s
currentSize : 30 <-- 0.142891 s

maxsize : 30
nodes : 69384.000000
filtered : 422707.000000
CCGP filtered : 16743.000000
CCGT filtered : 12286.000000
time : 3.130545
