Parameters: GAD=1 vflib=1 dir=0 label=1 lowerbound=1 fileNameGp=../graphsdb/mcs50/rand/r02/mcs50_r02_s90.A54 fileNameGt=../graphsdb/mcs50/rand/r02/mcs50_r02_s90.B54
Reading graphs...
90 :  1430
90 :  1428
Initializing...
maxdom : 10
D->valSize : 566
Solving...
currentSize : 3 <-- 0.009865 s
currentSize : 4 <-- 0.044169 s
currentSize : 5 <-- 0.057144 s
currentSize : 8 <-- 0.066317 s
currentSize : 13 <-- 0.098042 s
currentSize : 15 <-- 0.518917 s
currentSize : 21 <-- 0.552205 s
currentSize : 22 <-- 0.566682 s
currentSize : 28 <-- 0.602888 s
currentSize : 29 <-- 0.603660 s
currentSize : 30 <-- 0.605913 s
currentSize : 31 <-- 0.606788 s
currentSize : 32 <-- 0.693390 s
currentSize : 33 <-- 1.824782 s
currentSize : 34 <-- 1.899062 s

maxsize : 34
nodes : 114580.000000
filtered : 815380.000000
CCGP filtered : 25658.000000
CCGT filtered : 31263.000000
time : 6.770737
