Parameters: GAD=1 vflib=1 dir=0 label=1 lowerbound=1 fileNameGp=../graphsdb/mcs50/rand/r01/mcs50_r01_s90.A31 fileNameGt=../graphsdb/mcs50/rand/r01/mcs50_r01_s90.B31
Reading graphs...
90 :  743
90 :  753
Initializing...
maxdom : 10
D->valSize : 528
Solving...
currentSize : 1 <-- 0.005684 s
currentSize : 2 <-- 0.007308 s
currentSize : 5 <-- 0.009520 s
currentSize : 19 <-- 0.011214 s
currentSize : 21 <-- 1.191629 s
currentSize : 23 <-- 1.313594 s
currentSize : 25 <-- 1.391835 s
currentSize : 26 <-- 2.057648 s
currentSize : 27 <-- 2.620506 s
currentSize : 32 <-- 2.621526 s
currentSize : 41 <-- 5.628017 s

maxsize : 41
nodes : 355549.000000
filtered : 3217209.000000
CCGP filtered : 203295.000000
CCGT filtered : 195722.000000
time : 17.262796
