Parameters: GAD=1 vflib=1 dir=0 label=1 lowerbound=1 fileNameGp=../graphsdb/mcs50/rand/r02/mcs50_r02_s80.A63 fileNameGt=../graphsdb/mcs50/rand/r02/mcs50_r02_s80.B63
Reading graphs...
80 :  1128
80 :  1129
Initializing...
maxdom : 11
D->valSize : 448
Solving...
currentSize : 1 <-- 0.004147 s
currentSize : 3 <-- 0.004564 s
currentSize : 4 <-- 0.008548 s
currentSize : 5 <-- 0.008632 s
currentSize : 19 <-- 0.010743 s
currentSize : 23 <-- 0.042654 s
currentSize : 24 <-- 0.043797 s
currentSize : 31 <-- 0.062510 s
currentSize : 32 <-- 0.063654 s
currentSize : 33 <-- 0.065048 s
currentSize : 34 <-- 0.066353 s

maxsize : 34
nodes : 11260.000000
filtered : 181833.000000
CCGP filtered : 8654.000000
CCGT filtered : 8178.000000
time : 0.596366
