Parameters: GAD=1 vflib=1 dir=0 label=1 lowerbound=1 fileNameGp=../graphsdb/mcs50/rand/r02/mcs50_r02_s80.A85 fileNameGt=../graphsdb/mcs50/rand/r02/mcs50_r02_s80.B85
Reading graphs...
80 :  1139
80 :  1119
Initializing...
maxdom : 11
D->valSize : 456
Solving...
currentSize : 1 <-- 0.004448 s
currentSize : 2 <-- 0.010389 s
currentSize : 3 <-- 0.014935 s
currentSize : 4 <-- 0.015233 s
currentSize : 6 <-- 0.017299 s
currentSize : 22 <-- 0.047681 s
currentSize : 32 <-- 0.132880 s
currentSize : 33 <-- 0.133193 s
currentSize : 34 <-- 0.136522 s

maxsize : 34
nodes : 33810.000000
filtered : 227461.000000
CCGP filtered : 10338.000000
CCGT filtered : 11381.000000
time : 1.426603
