Parameters: GAD=1 vflib=1 dir=0 label=1 lowerbound=1 fileNameGp=../graphsdb/mcs50/rand/r02/mcs50_r02_s50.A82 fileNameGt=../graphsdb/mcs50/rand/r02/mcs50_r02_s50.B82
Reading graphs...
50 :  442
50 :  437
Initializing...
maxdom : 12
D->valSize : 332
Solving...
currentSize : 4 <-- 0.002565 s
currentSize : 5 <-- 0.002725 s
currentSize : 6 <-- 0.005385 s
currentSize : 7 <-- 0.008090 s
currentSize : 8 <-- 0.018517 s
currentSize : 9 <-- 0.024836 s
currentSize : 10 <-- 0.025650 s
currentSize : 14 <-- 0.079514 s
currentSize : 19 <-- 0.084938 s

maxsize : 19
nodes : 7824.000000
filtered : 116814.000000
CCGP filtered : 17223.000000
CCGT filtered : 12698.000000
time : 0.190094
