Parameters: GAD=1 vflib=1 dir=0 label=1 lowerbound=1 fileNameGp=../graphsdb/mcs50/rand/r01/mcs50_r01_s50.A91 fileNameGt=../graphsdb/mcs50/rand/r01/mcs50_r01_s50.B91
Reading graphs...
50 :  228
50 :  237
Initializing...
maxdom : 13
D->valSize : 370
Solving...
currentSize : 2 <-- 0.002672 s
currentSize : 4 <-- 0.002963 s
currentSize : 7 <-- 0.003470 s
currentSize : 15 <-- 0.007494 s
currentSize : 16 <-- 0.008168 s
currentSize : 17 <-- 0.012766 s
currentSize : 18 <-- 0.013116 s
currentSize : 22 <-- 0.085332 s
currentSize : 24 <-- 0.085580 s

maxsize : 24
nodes : 16484.000000
filtered : 163752.000000
CCGP filtered : 48720.000000
CCGT filtered : 37005.000000
time : 0.356216
