Parameters: GAD=1 vflib=1 dir=0 label=1 lowerbound=1 fileNameGp=../graphsdb/mcs50/rand/r02/mcs50_r02_s90.A42 fileNameGt=../graphsdb/mcs50/rand/r02/mcs50_r02_s90.B42
Reading graphs...
90 :  1437
90 :  1446
Initializing...
maxdom : 13
D->valSize : 536
Solving...
currentSize : 6 <-- 0.006682 s
currentSize : 10 <-- 0.007097 s
currentSize : 13 <-- 0.010108 s
currentSize : 15 <-- 0.019042 s
currentSize : 16 <-- 0.048222 s
currentSize : 18 <-- 0.053746 s
currentSize : 21 <-- 0.118838 s
currentSize : 22 <-- 0.246789 s
currentSize : 24 <-- 0.743157 s
currentSize : 34 <-- 0.750029 s

maxsize : 34
nodes : 234907.000000
filtered : 952761.000000
CCGP filtered : 32897.000000
CCGT filtered : 29462.000000
time : 13.048662
