Parameters: GAD=1 vflib=1 dir=0 label=1 lowerbound=1 fileNameGp=../graphsdb/mcs50/bvg/b09m/mcs50_b09m_s80.A63 fileNameGt=../graphsdb/mcs50/bvg/b09m/mcs50_b09m_s80.B63
Reading graphs...
80 :  351
80 :  353
Initializing...
maxdom : 8
D->valSize : 446
Solving...
currentSize : 1 <-- 0.004332 s
currentSize : 8 <-- 0.005042 s
currentSize : 10 <-- 0.005837 s
currentSize : 12 <-- 0.006189 s
currentSize : 14 <-- 0.006355 s
currentSize : 20 <-- 0.006556 s
currentSize : 29 <-- 0.255910 s
currentSize : 31 <-- 15.584553 s
currentSize : 37 <-- 15.590214 s
currentSize : 38 <-- 24.626263 s

maxsize : 38
nodes : 9462079.000000
filtered : 44993561.000000
CCGP filtered : 4145116.000000
CCGT filtered : 3406008.000000
time : 311.498383
