Parameters: GAD=1 vflib=1 dir=0 label=1 lowerbound=1 fileNameGp=../graphsdb/mcs70/rand/r02/mcs70_r02_s100.A20 fileNameGt=../graphsdb/mcs70/rand/r02/mcs70_r02_s100.B20
Reading graphs...
100 :  1775
100 :  1767
Initializing...
maxdom : 7
D->valSize : 358
Solving...
currentSize : 1 <-- 0.006626 s
currentSize : 2 <-- 0.007719 s
currentSize : 3 <-- 0.011965 s
currentSize : 41 <-- 0.073339 s
currentSize : 42 <-- 0.074565 s
currentSize : 43 <-- 0.082664 s
currentSize : 44 <-- 0.083905 s
currentSize : 45 <-- 2.155115 s
currentSize : 46 <-- 6.225260 s
currentSize : 47 <-- 89.829712 s
currentSize : 48 <-- 171.461243 s

maxsize : 48
nodes : 9345609.000000
filtered : 9153347.000000
CCGP filtered : 2498.000000
CCGT filtered : 8032.000000
time : 523.492737
