Parameters: GAD=1 vflib=1 dir=0 label=1 lowerbound=1 fileNameGp=../graphsdb/mcs70/rand/r02/mcs70_r02_s90.A96 fileNameGt=../graphsdb/mcs70/rand/r02/mcs70_r02_s90.B96
Reading graphs...
90 :  1448
90 :  1447
Initializing...
maxdom : 10
D->valSize : 559
Solving...
currentSize : 3 <-- 0.006178 s
currentSize : 5 <-- 0.006909 s
currentSize : 6 <-- 0.007021 s
currentSize : 16 <-- 0.039553 s
currentSize : 23 <-- 0.084362 s
currentSize : 24 <-- 0.085851 s
currentSize : 26 <-- 0.165997 s
currentSize : 27 <-- 0.177307 s
currentSize : 48 <-- 0.361789 s

maxsize : 48
nodes : 3170928.000000
filtered : 3094721.000000
CCGP filtered : 12760.000000
CCGT filtered : 24397.000000
time : 133.973221
