Parameters: GAD=1 vflib=1 dir=0 label=1 lowerbound=1 fileNameGp=../graphsdb/mcs70/rand/r02/mcs70_r02_s80.A68 fileNameGt=../graphsdb/mcs70/rand/r02/mcs70_r02_s80.B68
Reading graphs...
80 :  1129
80 :  1127
Initializing...
maxdom : 10
D->valSize : 446
Solving...
currentSize : 2 <-- 0.007863 s
currentSize : 3 <-- 0.008186 s
currentSize : 4 <-- 0.008961 s
currentSize : 6 <-- 0.818210 s
currentSize : 16 <-- 0.859519 s
currentSize : 21 <-- 1.121731 s
currentSize : 27 <-- 1.200615 s
currentSize : 39 <-- 1.348220 s
currentSize : 40 <-- 1.358077 s

maxsize : 40
nodes : 325880.000000
filtered : 651143.000000
CCGP filtered : 15212.000000
CCGT filtered : 61815.000000
time : 12.336126
