Parameters: GAD=1 vflib=1 dir=0 label=1 lowerbound=1 fileNameGp=../graphsdb/mcs70/rand/r02/mcs70_r02_s90.A84 fileNameGt=../graphsdb/mcs70/rand/r02/mcs70_r02_s90.B84
Reading graphs...
90 :  1436
90 :  1460
Initializing...
maxdom : 9
D->valSize : 582
Solving...
currentSize : 2 <-- 0.006894 s
currentSize : 3 <-- 0.008270 s
currentSize : 4 <-- 0.008926 s
currentSize : 5 <-- 0.009139 s
currentSize : 40 <-- 0.033004 s
currentSize : 41 <-- 0.033761 s
currentSize : 43 <-- 0.034663 s
currentSize : 44 <-- 0.119584 s
currentSize : 45 <-- 24.847988 s
currentSize : 46 <-- 35.794147 s
currentSize : 47 <-- 76.592613 s

maxsize : 47
nodes : 4825998.000000
filtered : 4372708.000000
CCGP filtered : 2964.000000
CCGT filtered : 3167.000000
time : 197.470169
