Parameters: GAD=1 vflib=1 dir=0 label=1 lowerbound=1 fileNameGp=../graphsdb/mcs70/rand/r01/mcs70_r01_s35.A98 fileNameGt=../graphsdb/mcs70/rand/r01/mcs70_r01_s35.B98
Reading graphs...
35 :  112
35 :  109
Initializing...
maxdom : 8
D->valSize : 181
Solving...
currentSize : 1 <-- 0.000926 s
currentSize : 2 <-- 0.000990 s
currentSize : 3 <-- 0.001184 s
currentSize : 4 <-- 0.001235 s
currentSize : 6 <-- 0.001608 s
currentSize : 8 <-- 0.001914 s
currentSize : 15 <-- 0.002485 s
currentSize : 17 <-- 0.003187 s
currentSize : 22 <-- 0.003934 s

maxsize : 22
nodes : 422.000000
filtered : 4391.000000
CCGP filtered : 1981.000000
CCGT filtered : 2805.000000
time : 0.006269
