Parameters: GAD=1 vflib=1 dir=0 label=1 lowerbound=1 fileNameGp=../graphsdb/mcs70/rand/r02/mcs70_r02_s100.A14 fileNameGt=../graphsdb/mcs70/rand/r02/mcs70_r02_s100.B14
Reading graphs...
100 :  1770
100 :  1767
Initializing...
maxdom : 8
D->valSize : 392
Solving...
currentSize : 2 <-- 0.006591 s
currentSize : 3 <-- 0.021084 s
currentSize : 4 <-- 0.021445 s
currentSize : 40 <-- 0.059683 s
currentSize : 41 <-- 0.358536 s
currentSize : 42 <-- 7.779936 s
currentSize : 43 <-- 8.349175 s
currentSize : 44 <-- 19.880722 s
currentSize : 45 <-- 21.123884 s

maxsize : 45
nodes : 34073083.000000
filtered : 34580689.000000
CCGP filtered : 4344.000000
CCGT filtered : 8379.000000
time : 2063.395752
