Parameters: GAD=1 vflib=1 dir=0 label=1 lowerbound=1 fileNameGp=../graphsdb/mcs70/rand/r02/mcs70_r02_s90.A14 fileNameGt=../graphsdb/mcs70/rand/r02/mcs70_r02_s90.B14
Reading graphs...
90 :  1437
90 :  1422
Initializing...
maxdom : 11
D->valSize : 596
Solving...
currentSize : 3 <-- 0.012055 s
currentSize : 4 <-- 0.013544 s
currentSize : 6 <-- 0.014048 s
currentSize : 11 <-- 0.018652 s
currentSize : 12 <-- 0.037665 s
currentSize : 23 <-- 0.063832 s
currentSize : 24 <-- 0.065517 s
currentSize : 25 <-- 0.068220 s
currentSize : 26 <-- 0.110422 s
currentSize : 42 <-- 0.190396 s
currentSize : 43 <-- 0.218817 s
currentSize : 44 <-- 0.309785 s
currentSize : 45 <-- 3.686291 s

maxsize : 45
nodes : 753819.000000
filtered : 1566439.000000
CCGP filtered : 5275.000000
CCGT filtered : 5798.000000
time : 37.245216
