Parameters: GAD=1 vflib=1 dir=0 label=1 lowerbound=1 fileNameGp=../graphsdb/mcs70/bvg/b09/mcs70_b09_s50.A13 fileNameGt=../graphsdb/mcs70/bvg/b09/mcs70_b09_s50.B13
Reading graphs...
50 :  224
50 :  225
Initializing...
maxdom : 11
D->valSize : 326
Solving...
currentSize : 1 <-- 0.002293 s
currentSize : 2 <-- 0.003432 s
currentSize : 3 <-- 0.012393 s
currentSize : 4 <-- 0.012482 s
currentSize : 6 <-- 0.012878 s
currentSize : 7 <-- 0.015865 s
currentSize : 12 <-- 0.016037 s
currentSize : 22 <-- 0.027213 s
currentSize : 34 <-- 0.049741 s

maxsize : 34
nodes : 3462.000000
filtered : 26195.000000
CCGP filtered : 6301.000000
CCGT filtered : 8552.000000
time : 0.062221
