Parameters: GAD=1 vflib=1 dir=0 label=1 lowerbound=1 fileNameGp=../graphsdb/mcs70/rand/r02/mcs70_r02_s90.A24 fileNameGt=../graphsdb/mcs70/rand/r02/mcs70_r02_s90.B24
Reading graphs...
90 :  1448
90 :  1445
Initializing...
maxdom : 8
D->valSize : 575
Solving...
currentSize : 4 <-- 0.007117 s
currentSize : 5 <-- 0.012991 s
currentSize : 6 <-- 0.014746 s
currentSize : 10 <-- 0.019017 s
currentSize : 13 <-- 0.019478 s
currentSize : 15 <-- 0.069874 s
currentSize : 23 <-- 0.083104 s
currentSize : 40 <-- 0.546171 s
currentSize : 41 <-- 53.109379 s

maxsize : 41
nodes : 16148527.000000
filtered : 14733175.000000
CCGP filtered : 14171.000000
CCGT filtered : 11578.000000
time : 735.336426
