Parameters: GAD=1 vflib=1 dir=0 label=1 lowerbound=1 fileNameGp=../graphsdb/mcs70/rand/r02/mcs70_r02_s50.A51 fileNameGt=../graphsdb/mcs70/rand/r02/mcs70_r02_s50.B51
Reading graphs...
50 :  435
50 :  425
Initializing...
maxdom : 8
D->valSize : 307
Solving...
currentSize : 2 <-- 0.002128 s
currentSize : 4 <-- 0.002406 s
currentSize : 6 <-- 0.002891 s
currentSize : 7 <-- 0.003265 s
currentSize : 8 <-- 0.005720 s
currentSize : 9 <-- 0.006275 s
currentSize : 10 <-- 0.007147 s
currentSize : 15 <-- 0.011501 s
currentSize : 16 <-- 0.012141 s
currentSize : 27 <-- 0.027298 s

maxsize : 27
nodes : 2831.000000
filtered : 49556.000000
CCGP filtered : 4066.000000
CCGT filtered : 2880.000000
time : 0.072966
