Parameters: GAD=1 vflib=1 dir=0 label=1 lowerbound=1 fileNameGp=../graphsdb/mcs70/rand/r02/mcs70_r02_s80.A72 fileNameGt=../graphsdb/mcs70/rand/r02/mcs70_r02_s80.B72
Reading graphs...
80 :  1130
80 :  1121
Initializing...
maxdom : 8
D->valSize : 407
Solving...
currentSize : 1 <-- 0.005983 s
currentSize : 3 <-- 0.008916 s
currentSize : 4 <-- 0.009960 s
currentSize : 5 <-- 0.010226 s
currentSize : 7 <-- 0.015143 s
currentSize : 19 <-- 0.351088 s
currentSize : 23 <-- 0.374523 s
currentSize : 24 <-- 0.443310 s
currentSize : 40 <-- 0.578362 s
currentSize : 41 <-- 0.579558 s
currentSize : 42 <-- 2.524565 s
currentSize : 43 <-- 2.525913 s

maxsize : 43
nodes : 562239.000000
filtered : 713965.000000
CCGP filtered : 10984.000000
CCGT filtered : 22055.000000
time : 20.510153
