Parameters: GAD=1 vflib=1 dir=0 label=1 lowerbound=1 fileNameGp=../graphsdb/mcs70/rand/r02/mcs70_r02_s100.A74 fileNameGt=../graphsdb/mcs70/rand/r02/mcs70_r02_s100.B74
Reading graphs...
100 :  1788
100 :  1778
Initializing...
maxdom : 11
D->valSize : 430
Solving...
currentSize : 25 <-- 0.008703 s
currentSize : 40 <-- 0.375291 s
currentSize : 41 <-- 0.375921 s
currentSize : 42 <-- 0.403504 s
currentSize : 43 <-- 11.409177 s
currentSize : 44 <-- 58.580116 s
currentSize : 45 <-- 142.601852 s
currentSize : 46 <-- 144.519882 s
currentSize : 47 <-- 308.706726 s

maxsize : 47
nodes : 53600198.000000
filtered : 51935766.000000
CCGP filtered : 2115.000000
CCGT filtered : 6383.000000
time : 3090.862793
