Parameters: GAD=1 vflib=1 dir=0 label=1 lowerbound=1 fileNameGp=../graphsdb/mcs70/rand/r02/mcs70_r02_s90.A17 fileNameGt=../graphsdb/mcs70/rand/r02/mcs70_r02_s90.B17
Reading graphs...
90 :  1457
90 :  1434
Initializing...
maxdom : 13
D->valSize : 585
Solving...
currentSize : 3 <-- 0.007009 s
currentSize : 5 <-- 0.007223 s
currentSize : 6 <-- 0.009824 s
currentSize : 10 <-- 0.010753 s
currentSize : 11 <-- 0.020297 s
currentSize : 13 <-- 0.024823 s
currentSize : 22 <-- 0.038311 s
currentSize : 23 <-- 0.039133 s
currentSize : 24 <-- 0.040325 s
currentSize : 46 <-- 0.112634 s
currentSize : 47 <-- 1.440532 s
currentSize : 48 <-- 117.891106 s

maxsize : 48
nodes : 4680844.000000
filtered : 4065139.000000
CCGP filtered : 2727.000000
CCGT filtered : 4273.000000
time : 185.415039
