Parameters: GAD=1 vflib=1 dir=0 label=1 lowerbound=1 fileNameGp=../graphsdb/mcs70/rand/r02/mcs70_r02_s60.A64 fileNameGt=../graphsdb/mcs70/rand/r02/mcs70_r02_s60.B64
Reading graphs...
60 :  634
60 :  642
Initializing...
maxdom : 7
D->valSize : 266
Solving...
currentSize : 1 <-- 0.001869 s
currentSize : 2 <-- 0.002809 s
currentSize : 3 <-- 0.003378 s
currentSize : 5 <-- 0.003958 s
currentSize : 14 <-- 0.009789 s
currentSize : 20 <-- 0.030070 s
currentSize : 22 <-- 0.040863 s
currentSize : 33 <-- 0.042864 s
currentSize : 34 <-- 0.057256 s

maxsize : 34
nodes : 8340.000000
filtered : 36285.000000
CCGP filtered : 1739.000000
CCGT filtered : 4174.000000
time : 0.199914
