Parameters: GAD=1 vflib=1 dir=0 label=1 lowerbound=1 fileNameGp=../graphsdb/mcs70/rand/r02/mcs70_r02_s50.A68 fileNameGt=../graphsdb/mcs70/rand/r02/mcs70_r02_s50.B68
Reading graphs...
50 :  443
50 :  449
Initializing...
maxdom : 10
D->valSize : 332
Solving...
currentSize : 3 <-- 0.002299 s
currentSize : 4 <-- 0.002470 s
currentSize : 5 <-- 0.003329 s
currentSize : 6 <-- 0.004327 s
currentSize : 9 <-- 0.007687 s
currentSize : 10 <-- 0.007768 s
currentSize : 13 <-- 0.010802 s
currentSize : 18 <-- 0.031612 s
currentSize : 30 <-- 0.034514 s

maxsize : 30
nodes : 2061.000000
filtered : 36399.000000
CCGP filtered : 3638.000000
CCGT filtered : 2117.000000
time : 0.053281
