Parameters: GAD=1 vflib=1 dir=0 label=1 lowerbound=1 fileNameGp=../graphsdb/mcs70/rand/r02/mcs70_r02_s100.A02 fileNameGt=../graphsdb/mcs70/rand/r02/mcs70_r02_s100.B02
Reading graphs...
100 :  1753
100 :  1766
Initializing...
maxdom : 7
D->valSize : 399
Solving...
currentSize : 1 <-- 0.004834 s
currentSize : 2 <-- 0.005085 s
currentSize : 22 <-- 0.006202 s
currentSize : 23 <-- 0.007296 s
currentSize : 29 <-- 0.389689 s
currentSize : 44 <-- 0.609214 s
currentSize : 45 <-- 0.611759 s
currentSize : 46 <-- 0.614293 s
currentSize : 47 <-- 0.626199 s
currentSize : 48 <-- 1.040700 s
currentSize : 49 <-- 3.310497 s
currentSize : 50 <-- 4.482527 s

maxsize : 50
nodes : 4969945.000000
filtered : 5777863.000000
CCGP filtered : 2298.000000
CCGT filtered : 5714.000000
time : 269.529114
