Parameters: GAD=1 vflib=1 dir=0 label=1 lowerbound=1 fileNameGp=../graphsdb/mcs70/rand/r02/mcs70_r02_s80.A49 fileNameGt=../graphsdb/mcs70/rand/r02/mcs70_r02_s80.B49
Reading graphs...
80 :  1138
80 :  1131
Initializing...
maxdom : 10
D->valSize : 481
Solving...
currentSize : 6 <-- 0.008853 s
currentSize : 8 <-- 0.011067 s
currentSize : 9 <-- 0.032384 s
currentSize : 15 <-- 0.060349 s
currentSize : 17 <-- 0.213028 s
currentSize : 18 <-- 0.213675 s
currentSize : 26 <-- 0.218892 s
currentSize : 27 <-- 0.219847 s
currentSize : 28 <-- 0.252297 s
currentSize : 36 <-- 0.297199 s
currentSize : 37 <-- 6.555178 s

maxsize : 37
nodes : 13613597.000000
filtered : 11671809.000000
CCGP filtered : 12310.000000
CCGT filtered : 19831.000000
time : 478.967041
