Parameters: GAD=1 vflib=1 dir=0 label=1 lowerbound=1 fileNameGp=../graphsdb/mcs70/bvg/b09m/mcs70_b09m_s25.A65 fileNameGt=../graphsdb/mcs70/bvg/b09m/mcs70_b09m_s25.B65
Reading graphs...
25 :  104
25 :  103
Initializing...
maxdom : 9
D->valSize : 177
Solving...
currentSize : 1 <-- 0.001214 s
currentSize : 4 <-- 0.001356 s
currentSize : 5 <-- 0.001390 s
currentSize : 6 <-- 0.001928 s
currentSize : 8 <-- 0.002914 s
currentSize : 9 <-- 0.004696 s
currentSize : 10 <-- 0.004875 s
currentSize : 11 <-- 0.005961 s
currentSize : 14 <-- 0.006364 s
currentSize : 15 <-- 0.006630 s

maxsize : 15
nodes : 656.000000
filtered : 7876.000000
CCGP filtered : 836.000000
CCGT filtered : 970.000000
time : 0.010147
