Parameters: GAD=1 vflib=1 dir=0 label=1 lowerbound=1 fileNameGp=../graphsdb/mcs70/rand/r02/mcs70_r02_s60.A31 fileNameGt=../graphsdb/mcs70/rand/r02/mcs70_r02_s60.B31
Reading graphs...
60 :  639
60 :  635
Initializing...
maxdom : 8
D->valSize : 284
Solving...
currentSize : 2 <-- 0.003386 s
currentSize : 3 <-- 0.004153 s
currentSize : 5 <-- 0.005325 s
currentSize : 6 <-- 0.008012 s
currentSize : 9 <-- 0.010146 s
currentSize : 29 <-- 0.017888 s
currentSize : 30 <-- 0.018285 s
currentSize : 31 <-- 0.033588 s
currentSize : 32 <-- 0.132767 s
currentSize : 33 <-- 0.292434 s

maxsize : 33
nodes : 15594.000000
filtered : 46512.000000
CCGP filtered : 1228.000000
CCGT filtered : 2229.000000
time : 0.420630
