Parameters: GAD=1 vflib=1 dir=0 label=1 lowerbound=1 fileNameGp=../graphsdb/mcs70/rand/r02/mcs70_r02_s90.A95 fileNameGt=../graphsdb/mcs70/rand/r02/mcs70_r02_s90.B95
Reading graphs...
90 :  1447
90 :  1432
Initializing...
maxdom : 11
D->valSize : 529
Solving...
currentSize : 3 <-- 0.008149 s
currentSize : 4 <-- 0.008638 s
currentSize : 5 <-- 0.010411 s
currentSize : 9 <-- 0.027001 s
currentSize : 10 <-- 0.035267 s
currentSize : 13 <-- 0.244537 s
currentSize : 27 <-- 0.251852 s
currentSize : 28 <-- 0.253721 s
currentSize : 38 <-- 0.344769 s
currentSize : 40 <-- 0.362634 s
currentSize : 41 <-- 0.396164 s

maxsize : 41
nodes : 12677404.000000
filtered : 11898032.000000
CCGP filtered : 16155.000000
CCGT filtered : 26132.000000
time : 563.878235
