Parameters: GAD=1 vflib=1 dir=0 label=1 lowerbound=1 fileNameGp=../graphsdb/mcs70/rand/r02/mcs70_r02_s80.A20 fileNameGt=../graphsdb/mcs70/rand/r02/mcs70_r02_s80.B20
Reading graphs...
80 :  1136
80 :  1135
Initializing...
maxdom : 10
D->valSize : 457
Solving...
currentSize : 5 <-- 0.007191 s
currentSize : 6 <-- 0.010151 s
currentSize : 7 <-- 0.027645 s
currentSize : 10 <-- 0.050274 s
currentSize : 19 <-- 0.073061 s
currentSize : 28 <-- 0.080701 s
currentSize : 36 <-- 0.087862 s
currentSize : 37 <-- 0.088608 s
currentSize : 38 <-- 0.130028 s
currentSize : 39 <-- 1.541047 s
currentSize : 40 <-- 5.525710 s
currentSize : 41 <-- 5.580851 s

maxsize : 41
nodes : 505866.000000
filtered : 721097.000000
CCGP filtered : 6037.000000
CCGT filtered : 7781.000000
time : 18.310152
