Parameters: GAD=1 vflib=1 dir=0 label=1 lowerbound=1 fileNameGp=../graphsdb/mcs90/rand/r02/mcs90_r02_s90.A73 fileNameGt=../graphsdb/mcs90/rand/r02/mcs90_r02_s90.B73
Reading graphs...
90 :  1442
90 :  1437
Initializing...
maxdom : 9
D->valSize : 562
Solving...
currentSize : 2 <-- 0.009799 s
currentSize : 6 <-- 0.010612 s
currentSize : 8 <-- 0.011709 s
currentSize : 10 <-- 0.013406 s
currentSize : 17 <-- 0.022244 s
currentSize : 22 <-- 0.035364 s
currentSize : 23 <-- 0.035998 s
currentSize : 27 <-- 0.274574 s
currentSize : 47 <-- 0.574953 s
currentSize : 48 <-- 0.575632 s
currentSize : 49 <-- 0.587098 s
currentSize : 50 <-- 2.086711 s
currentSize : 51 <-- 2.101640 s
currentSize : 52 <-- 7.763530 s
currentSize : 53 <-- 21.611073 s

TIMEOUT
maxsize : 53
nodes : 81115786.000000
filtered : 77518617.000000
CCGP filtered : 4496.000000
CCGT filtered : 7595.000000
time : 3600.000000
