Parameters: GAD=1 vflib=1 dir=0 label=1 lowerbound=1 fileNameGp=../graphsdb/mcs90/rand/r02/mcs90_r02_s80.A74 fileNameGt=../graphsdb/mcs90/rand/r02/mcs90_r02_s80.B74
Reading graphs...
80 :  1136
80 :  1145
Initializing...
maxdom : 10
D->valSize : 464
Solving...
currentSize : 2 <-- 0.004714 s
currentSize : 3 <-- 0.005182 s
currentSize : 4 <-- 0.007331 s
currentSize : 6 <-- 0.008774 s
currentSize : 29 <-- 0.013214 s
currentSize : 46 <-- 0.047888 s
currentSize : 47 <-- 0.110102 s
currentSize : 48 <-- 0.212748 s
currentSize : 49 <-- 5.509461 s
currentSize : 50 <-- 29.012716 s

maxsize : 50
nodes : 5845543.000000
filtered : 6743731.000000
CCGP filtered : 1022.000000
CCGT filtered : 5176.000000
time : 228.634155
