Parameters: GAD=1 vflib=1 dir=0 label=1 lowerbound=1 fileNameGp=../graphsdb/mcs90/rand/r02/mcs90_r02_s90.A91 fileNameGt=../graphsdb/mcs90/rand/r02/mcs90_r02_s90.B91
Reading graphs...
90 :  1440
90 :  1453
Initializing...
maxdom : 9
D->valSize : 565
Solving...
currentSize : 3 <-- 0.006726 s
currentSize : 4 <-- 0.007719 s
currentSize : 5 <-- 0.010062 s
currentSize : 13 <-- 0.018798 s
currentSize : 17 <-- 0.043923 s
currentSize : 27 <-- 0.071446 s
currentSize : 28 <-- 0.074062 s
currentSize : 51 <-- 0.122061 s
currentSize : 52 <-- 0.124811 s
currentSize : 53 <-- 56.097969 s
currentSize : 54 <-- 1444.834473 s

TIMEOUT
maxsize : 54
nodes : 102771116.000000
filtered : 77064780.000000
CCGP filtered : 2484.000000
CCGT filtered : 3035.000000
time : 3600.000000
