Parameters: GAD=1 vflib=1 dir=0 label=1 lowerbound=1 fileNameGp=../graphsdb/mcs90/rand/r02/mcs90_r02_s90.A90 fileNameGt=../graphsdb/mcs90/rand/r02/mcs90_r02_s90.B90
Reading graphs...
90 :  1441
90 :  1441
Initializing...
maxdom : 12
D->valSize : 593
Solving...
currentSize : 5 <-- 0.012200 s
currentSize : 6 <-- 0.012624 s
currentSize : 12 <-- 0.013909 s
currentSize : 13 <-- 0.076313 s
currentSize : 49 <-- 0.130943 s
currentSize : 50 <-- 0.142572 s
currentSize : 51 <-- 0.186686 s
currentSize : 52 <-- 1.166760 s
currentSize : 53 <-- 1.730673 s
currentSize : 54 <-- 22.072323 s
currentSize : 55 <-- 22.632988 s
currentSize : 56 <-- 1344.610596 s

TIMEOUT
maxsize : 56
nodes : 95293345.000000
filtered : 73288166.000000
CCGP filtered : 1896.000000
CCGT filtered : 6050.000000
time : 3600.000000
