Parameters: GAD=1 vflib=1 dir=0 label=1 lowerbound=1 fileNameGp=../graphsdb/mcs90/rand/r02/mcs90_r02_s80.A54 fileNameGt=../graphsdb/mcs90/rand/r02/mcs90_r02_s80.B54
Reading graphs...
80 :  1125
80 :  1127
Initializing...
maxdom : 10
D->valSize : 465
Solving...
currentSize : 44 <-- 0.005306 s
currentSize : 45 <-- 0.006197 s
currentSize : 46 <-- 0.007386 s
currentSize : 47 <-- 0.010040 s
currentSize : 48 <-- 0.011348 s
currentSize : 49 <-- 0.016986 s
currentSize : 50 <-- 0.184601 s
currentSize : 51 <-- 0.278057 s
currentSize : 52 <-- 0.279367 s

maxsize : 52
nodes : 1396248.000000
filtered : 1999339.000000
CCGP filtered : 0.000000
CCGT filtered : 908.000000
time : 51.429501
