Parameters: GAD=1 vflib=1 dir=0 label=1 lowerbound=1 fileNameGp=../graphsdb/mcs90/rand/r02/mcs90_r02_s80.A32 fileNameGt=../graphsdb/mcs90/rand/r02/mcs90_r02_s80.B32
Reading graphs...
80 :  1130
80 :  1131
Initializing...
maxdom : 8
D->valSize : 457
Solving...
currentSize : 46 <-- 0.008130 s
currentSize : 47 <-- 0.026057 s
currentSize : 48 <-- 0.166940 s
currentSize : 49 <-- 0.485578 s
currentSize : 50 <-- 1.180695 s
currentSize : 51 <-- 4.397731 s
currentSize : 52 <-- 11.931257 s
currentSize : 53 <-- 24.809015 s
currentSize : 54 <-- 28.878420 s

maxsize : 54
nodes : 1506270.000000
filtered : 1465442.000000
CCGP filtered : 0.000000
CCGT filtered : 523.000000
time : 47.670033
