Parameters: GAD=1 vflib=1 dir=0 label=1 lowerbound=1 fileNameGp=../graphsdb/mcs90/rand/r02/mcs90_r02_s70.A18 fileNameGt=../graphsdb/mcs90/rand/r02/mcs90_r02_s70.B18
Reading graphs...
70 :  866
70 :  877
Initializing...
maxdom : 9
D->valSize : 377
Solving...
currentSize : 3 <-- 0.005990 s
currentSize : 11 <-- 0.007476 s
currentSize : 38 <-- 0.015182 s
currentSize : 39 <-- 0.016396 s
currentSize : 40 <-- 0.109594 s
currentSize : 41 <-- 1.584411 s
currentSize : 42 <-- 1.585087 s
currentSize : 43 <-- 1.625482 s
currentSize : 44 <-- 4.985622 s

maxsize : 44
nodes : 6341144.000000
filtered : 5329788.000000
CCGP filtered : 225.000000
CCGT filtered : 1063.000000
time : 164.621780
