Parameters: GAD=1 vflib=1 dir=0 label=1 lowerbound=1 fileNameGp=../graphsdb/mcs90/rand/r02/mcs90_r02_s100.A97 fileNameGt=../graphsdb/mcs90/rand/r02/mcs90_r02_s100.B97
Reading graphs...
100 :  1765
100 :  1766
Initializing...
maxdom : 7
D->valSize : 428
Solving...
currentSize : 48 <-- 0.005840 s
currentSize : 49 <-- 0.670686 s
currentSize : 50 <-- 6.958703 s
currentSize : 51 <-- 7.033974 s
currentSize : 52 <-- 7.766038 s
currentSize : 53 <-- 16.269773 s
currentSize : 54 <-- 46.182838 s
currentSize : 55 <-- 118.978241 s
currentSize : 56 <-- 131.953293 s
currentSize : 57 <-- 197.516403 s
currentSize : 58 <-- 2357.520996 s

TIMEOUT
maxsize : 58
nodes : 73030151.000000
filtered : 61997670.000000
CCGP filtered : 0.000000
CCGT filtered : 0.000000
time : 3600.000000
