Parameters: GAD=1 vflib=1 dir=0 label=1 lowerbound=1 fileNameGp=../graphsdb/mcs90/rand/r02/mcs90_r02_s90.A34 fileNameGt=../graphsdb/mcs90/rand/r02/mcs90_r02_s90.B34
Reading graphs...
90 :  1441
90 :  1438
Initializing...
maxdom : 14
D->valSize : 643
Solving...
currentSize : 2 <-- 0.007549 s
currentSize : 3 <-- 0.020786 s
currentSize : 4 <-- 0.021231 s
currentSize : 5 <-- 0.022077 s
currentSize : 12 <-- 0.027853 s
currentSize : 13 <-- 0.031761 s
currentSize : 16 <-- 0.074727 s
currentSize : 27 <-- 0.079793 s
currentSize : 28 <-- 0.116892 s
currentSize : 45 <-- 1.622197 s
currentSize : 47 <-- 5.168911 s
currentSize : 48 <-- 13.677019 s
currentSize : 49 <-- 130.213257 s
currentSize : 50 <-- 781.531982 s

TIMEOUT
maxsize : 50
nodes : 80452937.000000
filtered : 74105667.000000
CCGP filtered : 13411.000000
CCGT filtered : 5296.000000
time : 3600.000000
