Parameters: GAD=1 vflib=1 dir=0 label=0 lowerbound=1 fileNameGp=../graphsdb/mcs10/rand/r005/mcs10_r005_s35.A19 fileNameGt=../graphsdb/mcs10/rand/r005/mcs10_r005_s35.B19
Reading graphs...
35 :  61
35 :  61
Initializing...
maxdom : 35
D->valSize : 1225
Solving...
currentSize : 16 <-- 0.020666 s
currentSize : 18 <-- 0.020735 s
currentSize : 19 <-- 0.021196 s
currentSize : 20 <-- 0.022799 s
currentSize : 21 <-- 0.028685 s
currentSize : 22 <-- 0.201731 s
currentSize : 23 <-- 2.029965 s
currentSize : 24 <-- 3.126768 s
currentSize : 25 <-- 18.998363 s

maxsize : 25
nodes : 11962171.000000
filtered : 383111847.000000
CCGP filtered : 113599135.000000
CCGT filtered : 89335055.000000
time : 135.042770
