Parameters: GAD=1 vflib=1 dir=0 label=0 lowerbound=1 fileNameGp=../graphsdb/mcs10/rand/r005/mcs10_r005_s25.A10 fileNameGt=../graphsdb/mcs10/rand/r005/mcs10_r005_s25.B10
Reading graphs...
25 :  31
25 :  30
Initializing...
maxdom : 25
D->valSize : 625
Solving...
currentSize : 6 <-- 0.006275 s
currentSize : 8 <-- 0.006331 s
currentSize : 9 <-- 0.006419 s
currentSize : 10 <-- 0.006447 s
currentSize : 12 <-- 0.006849 s
currentSize : 13 <-- 0.007512 s
currentSize : 14 <-- 0.008665 s
currentSize : 15 <-- 0.008854 s
currentSize : 16 <-- 0.073160 s
currentSize : 17 <-- 0.076831 s
currentSize : 18 <-- 0.367919 s

maxsize : 18
nodes : 70553.000000
filtered : 1249312.000000
CCGP filtered : 1245026.000000
CCGT filtered : 424509.000000
time : 0.507490
