Parameters: GAD=1 vflib=1 dir=0 label=0 lowerbound=1 fileNameGp=../graphsdb/mcs10/rand/r005/mcs10_r005_s35.A86 fileNameGt=../graphsdb/mcs10/rand/r005/mcs10_r005_s35.B86
Reading graphs...
35 :  60
35 :  60
Initializing...
maxdom : 35
D->valSize : 1225
Solving...
currentSize : 15 <-- 0.020683 s
currentSize : 17 <-- 0.020710 s
currentSize : 18 <-- 0.020861 s
currentSize : 19 <-- 0.023766 s
currentSize : 20 <-- 0.024158 s
currentSize : 21 <-- 0.036090 s
currentSize : 22 <-- 0.142527 s
currentSize : 24 <-- 0.310865 s
currentSize : 25 <-- 60.803539 s

maxsize : 25
nodes : 16746715.000000
filtered : 519668512.000000
CCGP filtered : 171084734.000000
CCGT filtered : 113050147.000000
time : 186.913162
