Parameters: GAD=1 vflib=1 dir=0 label=0 lowerbound=1 fileNameGp=../graphsdb/mcs10/rand/r005/mcs10_r005_s30.A30 fileNameGt=../graphsdb/mcs10/rand/r005/mcs10_r005_s30.B30
Reading graphs...
30 :  44
30 :  45
Initializing...
maxdom : 30
D->valSize : 900
Solving...
currentSize : 8 <-- 0.010915 s
currentSize : 9 <-- 0.011105 s
currentSize : 10 <-- 0.011291 s
currentSize : 11 <-- 0.011516 s
currentSize : 13 <-- 0.011590 s
currentSize : 14 <-- 0.011911 s
currentSize : 15 <-- 0.014254 s
currentSize : 16 <-- 0.020799 s
currentSize : 17 <-- 0.024736 s
currentSize : 18 <-- 0.115805 s
currentSize : 19 <-- 0.396584 s
currentSize : 20 <-- 1.352220 s
currentSize : 21 <-- 1.590379 s
currentSize : 22 <-- 4.521446 s

maxsize : 22
nodes : 771063.000000
filtered : 16125187.000000
CCGP filtered : 16691798.000000
CCGT filtered : 6808174.000000
time : 7.079972
