Parameters: GAD=1 vflib=1 dir=0 label=0 lowerbound=1 fileNameGp=../graphsdb/mcs10/rand/r005/mcs10_r005_s30.A60 fileNameGt=../graphsdb/mcs10/rand/r005/mcs10_r005_s30.B60
Reading graphs...
30 :  45
30 :  45
Initializing...
maxdom : 30
D->valSize : 900
Solving...
currentSize : 10 <-- 0.011128 s
currentSize : 11 <-- 0.011236 s
currentSize : 12 <-- 0.011370 s
currentSize : 13 <-- 0.011466 s
currentSize : 14 <-- 0.011776 s
currentSize : 15 <-- 0.012393 s
currentSize : 16 <-- 0.017668 s
currentSize : 17 <-- 0.039878 s
currentSize : 18 <-- 0.053521 s
currentSize : 19 <-- 0.104203 s
currentSize : 20 <-- 0.106514 s
currentSize : 21 <-- 0.128145 s

maxsize : 21
nodes : 568120.000000
filtered : 16040416.000000
CCGP filtered : 7036663.000000
CCGT filtered : 4876994.000000
time : 5.435084
