Parameters: GAD=1 vflib=1 dir=0 label=0 lowerbound=1 fileNameGp=../graphsdb/mcs10/rand/r005/mcs10_r005_s35.A64 fileNameGt=../graphsdb/mcs10/rand/r005/mcs10_r005_s35.B64
Reading graphs...
35 :  58
35 :  59
Initializing...
maxdom : 35
D->valSize : 1225
Solving...
currentSize : 13 <-- 0.020684 s
currentSize : 15 <-- 0.020875 s
currentSize : 16 <-- 0.020900 s
currentSize : 17 <-- 0.020934 s
currentSize : 18 <-- 0.026970 s
currentSize : 19 <-- 0.044863 s
currentSize : 20 <-- 0.045123 s
currentSize : 21 <-- 0.107514 s
currentSize : 22 <-- 0.269881 s
currentSize : 23 <-- 1.198133 s
currentSize : 24 <-- 12.394480 s
currentSize : 25 <-- 12.524133 s

maxsize : 25
nodes : 9516323.000000
filtered : 297817730.000000
CCGP filtered : 105311853.000000
CCGT filtered : 61214451.000000
time : 106.400299
