Parameters: GAD=1 vflib=1 dir=0 label=0 lowerbound=1 fileNameGp=../graphsdb/mcs10/rand/r005/mcs10_r005_s30.A81 fileNameGt=../graphsdb/mcs10/rand/r005/mcs10_r005_s30.B81
Reading graphs...
30 :  45
30 :  45
Initializing...
maxdom : 30
D->valSize : 900
Solving...
currentSize : 9 <-- 0.011275 s
currentSize : 10 <-- 0.011323 s
currentSize : 11 <-- 0.011464 s
currentSize : 13 <-- 0.011656 s
currentSize : 14 <-- 0.012233 s
currentSize : 15 <-- 0.012680 s
currentSize : 16 <-- 0.014343 s
currentSize : 17 <-- 0.024523 s
currentSize : 18 <-- 0.026301 s
currentSize : 19 <-- 0.053216 s
currentSize : 20 <-- 0.219991 s
currentSize : 21 <-- 3.745503 s

maxsize : 21
nodes : 1533950.000000
filtered : 34817437.000000
CCGP filtered : 16835538.000000
CCGT filtered : 16124567.000000
time : 14.872748
