Parameters: GAD=1 vflib=1 dir=0 label=0 lowerbound=1 fileNameGp=../graphsdb/mcs10/rand/r005/mcs10_r005_s30.A13 fileNameGt=../graphsdb/mcs10/rand/r005/mcs10_r005_s30.B13
Reading graphs...
30 :  43
30 :  45
Initializing...
maxdom : 30
D->valSize : 900
Solving...
currentSize : 12 <-- 0.012634 s
currentSize : 13 <-- 0.012679 s
currentSize : 14 <-- 0.013165 s
currentSize : 15 <-- 0.013204 s
currentSize : 16 <-- 0.013531 s
currentSize : 17 <-- 0.015395 s
currentSize : 18 <-- 0.058218 s
currentSize : 19 <-- 0.109880 s
currentSize : 20 <-- 0.135333 s
currentSize : 21 <-- 1.246616 s

maxsize : 21
nodes : 723334.000000
filtered : 18879532.000000
CCGP filtered : 17722529.000000
CCGT filtered : 9696169.000000
time : 7.470938
