Parameters: GAD=1 vflib=1 dir=0 label=0 lowerbound=1 fileNameGp=../graphsdb/mcs10/rand/r005/mcs10_r005_s35.A82 fileNameGt=../graphsdb/mcs10/rand/r005/mcs10_r005_s35.B82
Reading graphs...
35 :  59
35 :  59
Initializing...
maxdom : 35
D->valSize : 1225
Solving...
currentSize : 17 <-- 0.020668 s
currentSize : 18 <-- 0.020868 s
currentSize : 19 <-- 0.021386 s
currentSize : 20 <-- 0.021562 s
currentSize : 21 <-- 0.031039 s
currentSize : 22 <-- 0.082156 s
currentSize : 23 <-- 5.086977 s
currentSize : 24 <-- 12.093181 s
currentSize : 25 <-- 25.364080 s

maxsize : 25
nodes : 22965739.000000
filtered : 643414705.000000
CCGP filtered : 183719226.000000
CCGT filtered : 129681487.000000
time : 244.410263
