Parameters: GAD=1 vflib=1 dir=0 label=0 lowerbound=1 fileNameGp=../graphsdb/mcs10/rand/r005/mcs10_r005_s35.A35 fileNameGt=../graphsdb/mcs10/rand/r005/mcs10_r005_s35.B35
Reading graphs...
35 :  60
35 :  60
Initializing...
maxdom : 35
D->valSize : 1225
Solving...
currentSize : 16 <-- 0.020764 s
currentSize : 17 <-- 0.021245 s
currentSize : 18 <-- 0.023629 s
currentSize : 19 <-- 0.033798 s
currentSize : 20 <-- 0.044150 s
currentSize : 21 <-- 0.088874 s
currentSize : 22 <-- 1.562848 s
currentSize : 23 <-- 13.712755 s
currentSize : 24 <-- 16.978840 s
currentSize : 25 <-- 70.726685 s

maxsize : 25
nodes : 17118475.000000
filtered : 488765032.000000
CCGP filtered : 180673213.000000
CCGT filtered : 123236692.000000
time : 186.455048
