Parameters: GAD=1 vflib=1 dir=0 label=0 lowerbound=1 fileNameGp=../graphsdb/mcs10/rand/r005/mcs10_r005_s30.A28 fileNameGt=../graphsdb/mcs10/rand/r005/mcs10_r005_s30.B28
Reading graphs...
30 :  44
30 :  44
Initializing...
maxdom : 30
D->valSize : 900
Solving...
currentSize : 13 <-- 0.010789 s
currentSize : 14 <-- 0.010998 s
currentSize : 15 <-- 0.011450 s
currentSize : 16 <-- 0.013759 s
currentSize : 17 <-- 0.013881 s
currentSize : 18 <-- 0.027566 s
currentSize : 19 <-- 0.032543 s
currentSize : 20 <-- 0.034011 s
currentSize : 21 <-- 0.041914 s

maxsize : 21
nodes : 680207.000000
filtered : 16604052.000000
CCGP filtered : 14183155.000000
CCGT filtered : 9279771.000000
time : 6.645982
