Parameters: GAD=1 vflib=1 dir=0 label=0 lowerbound=1 fileNameGp=../graphsdb/mcs10/rand/r005/mcs10_r005_s35.A73 fileNameGt=../graphsdb/mcs10/rand/r005/mcs10_r005_s35.B73
Reading graphs...
35 :  60
35 :  61
Initializing...
maxdom : 35
D->valSize : 1225
Solving...
currentSize : 13 <-- 0.020582 s
currentSize : 14 <-- 0.020724 s
currentSize : 15 <-- 0.020806 s
currentSize : 16 <-- 0.038018 s
currentSize : 17 <-- 0.040928 s
currentSize : 19 <-- 0.075110 s
currentSize : 20 <-- 0.081785 s
currentSize : 21 <-- 0.185814 s
currentSize : 22 <-- 0.490499 s
currentSize : 23 <-- 22.418749 s
currentSize : 24 <-- 125.546410 s

maxsize : 24
nodes : 28781397.000000
filtered : 769223434.000000
CCGP filtered : 294600804.000000
CCGT filtered : 166240420.000000
time : 305.223083
