Parameters: GAD=1 vflib=1 dir=0 label=0 lowerbound=1 fileNameGp=../graphsdb/mcs10/rand/r005/mcs10_r005_s35.A93 fileNameGt=../graphsdb/mcs10/rand/r005/mcs10_r005_s35.B93
Reading graphs...
35 :  61
35 :  60
Initializing...
maxdom : 35
D->valSize : 1225
Solving...
currentSize : 9 <-- 0.020581 s
currentSize : 12 <-- 0.020647 s
currentSize : 13 <-- 0.020831 s
currentSize : 14 <-- 0.020945 s
currentSize : 15 <-- 0.021466 s
currentSize : 16 <-- 0.021563 s
currentSize : 17 <-- 0.021821 s
currentSize : 18 <-- 0.022109 s
currentSize : 19 <-- 0.034186 s
currentSize : 20 <-- 0.046866 s
currentSize : 21 <-- 0.047887 s
currentSize : 22 <-- 0.112331 s
currentSize : 23 <-- 0.195800 s
currentSize : 24 <-- 12.454237 s
currentSize : 25 <-- 61.503452 s

maxsize : 25
nodes : 12038689.000000
filtered : 402430530.000000
CCGP filtered : 167381572.000000
CCGT filtered : 109811945.000000
time : 137.210007
