Parameters: GAD=1 vflib=1 dir=0 label=0 lowerbound=1 fileNameGp=../graphsdb/mcs10/rand/r005/mcs10_r005_s35.A85 fileNameGt=../graphsdb/mcs10/rand/r005/mcs10_r005_s35.B85
Reading graphs...
35 :  59
35 :  61
Initializing...
maxdom : 35
D->valSize : 1225
Solving...
currentSize : 14 <-- 0.020638 s
currentSize : 15 <-- 0.020831 s
currentSize : 16 <-- 0.034353 s
currentSize : 17 <-- 0.037218 s
currentSize : 18 <-- 0.037639 s
currentSize : 19 <-- 0.040076 s
currentSize : 20 <-- 0.201044 s
currentSize : 21 <-- 0.426972 s
currentSize : 22 <-- 1.240550 s
currentSize : 23 <-- 1.786421 s
currentSize : 24 <-- 7.011559 s
currentSize : 25 <-- 33.161129 s

maxsize : 25
nodes : 6473182.000000
filtered : 202531015.000000
CCGP filtered : 116380035.000000
CCGT filtered : 57872836.000000
time : 74.525841
