Parameters: GAD=1 vflib=1 dir=0 label=0 lowerbound=1 fileNameGp=../graphsdb/mcs10/rand/r005/mcs10_r005_s35.A23 fileNameGt=../graphsdb/mcs10/rand/r005/mcs10_r005_s35.B23
Reading graphs...
35 :  60
35 :  60
Initializing...
maxdom : 35
D->valSize : 1225
Solving...
currentSize : 15 <-- 0.020547 s
currentSize : 16 <-- 0.020752 s
currentSize : 17 <-- 0.021052 s
currentSize : 18 <-- 0.021238 s
currentSize : 19 <-- 0.021624 s
currentSize : 20 <-- 0.049011 s
currentSize : 21 <-- 0.094213 s
currentSize : 22 <-- 3.807268 s
currentSize : 23 <-- 4.329738 s
currentSize : 24 <-- 4.334123 s

maxsize : 24
nodes : 17399296.000000
filtered : 564230943.000000
CCGP filtered : 241478067.000000
CCGT filtered : 87172317.000000
time : 191.084671
