Parameters: GAD=1 vflib=1 dir=0 label=0 lowerbound=1 fileNameGp=../graphsdb/mcs10/rand/r005/mcs10_r005_s35.A47 fileNameGt=../graphsdb/mcs10/rand/r005/mcs10_r005_s35.B47
Reading graphs...
35 :  59
35 :  61
Initializing...
maxdom : 35
D->valSize : 1225
Solving...
currentSize : 14 <-- 0.020639 s
currentSize : 16 <-- 0.020799 s
currentSize : 17 <-- 0.020938 s
currentSize : 18 <-- 0.021209 s
currentSize : 19 <-- 0.022005 s
currentSize : 20 <-- 0.026289 s
currentSize : 21 <-- 0.034672 s
currentSize : 22 <-- 0.043494 s
currentSize : 23 <-- 19.998652 s
currentSize : 24 <-- 97.203171 s

maxsize : 24
nodes : 18194173.000000
filtered : 500438225.000000
CCGP filtered : 273143341.000000
CCGT filtered : 188381619.000000
time : 199.530853
