Parameters: GAD=1 vflib=1 dir=0 label=0 lowerbound=1 fileNameGp=../graphsdb/mcs10/rand/r005/mcs10_r005_s35.A25 fileNameGt=../graphsdb/mcs10/rand/r005/mcs10_r005_s35.B25
Reading graphs...
35 :  60
35 :  61
Initializing...
maxdom : 35
D->valSize : 1225
Solving...
currentSize : 11 <-- 0.020635 s
currentSize : 14 <-- 0.020833 s
currentSize : 15 <-- 0.021283 s
currentSize : 16 <-- 0.022626 s
currentSize : 17 <-- 0.025261 s
currentSize : 18 <-- 0.025409 s
currentSize : 19 <-- 0.060679 s
currentSize : 20 <-- 0.070769 s
currentSize : 21 <-- 0.809618 s
currentSize : 22 <-- 3.103833 s
currentSize : 23 <-- 4.564770 s
currentSize : 24 <-- 27.714540 s

maxsize : 24
nodes : 21061901.000000
filtered : 656098016.000000
CCGP filtered : 223525040.000000
CCGT filtered : 159230523.000000
time : 235.904037
