Parameters: GAD=1 vflib=1 dir=0 label=0 lowerbound=1 fileNameGp=../graphsdb/mcs10/rand/r005/mcs10_r005_s30.A65 fileNameGt=../graphsdb/mcs10/rand/r005/mcs10_r005_s30.B65
Reading graphs...
30 :  44
30 :  44
Initializing...
maxdom : 30
D->valSize : 900
Solving...
currentSize : 2 <-- 0.010980 s
currentSize : 9 <-- 0.011086 s
currentSize : 11 <-- 0.011129 s
currentSize : 13 <-- 0.011174 s
currentSize : 14 <-- 0.011615 s
currentSize : 15 <-- 0.011873 s
currentSize : 16 <-- 0.014259 s
currentSize : 17 <-- 0.017090 s
currentSize : 18 <-- 0.045108 s
currentSize : 19 <-- 0.104393 s
currentSize : 20 <-- 0.113446 s
currentSize : 21 <-- 1.885939 s

maxsize : 21
nodes : 797937.000000
filtered : 17102320.000000
CCGP filtered : 11498332.000000
CCGT filtered : 4872187.000000
time : 6.961203
