Parameters: GAD=1 vflib=1 dir=0 label=0 lowerbound=1 fileNameGp=../graphsdb/mcs10/rand/r005/mcs10_r005_s35.A99 fileNameGt=../graphsdb/mcs10/rand/r005/mcs10_r005_s35.B99
Reading graphs...
35 :  60
35 :  58
Initializing...
maxdom : 35
D->valSize : 1225
Solving...
currentSize : 13 <-- 0.020713 s
currentSize : 14 <-- 0.020754 s
currentSize : 15 <-- 0.020910 s
currentSize : 17 <-- 0.021146 s
currentSize : 18 <-- 0.021163 s
currentSize : 19 <-- 0.021564 s
currentSize : 20 <-- 0.023386 s
currentSize : 21 <-- 0.193896 s
currentSize : 22 <-- 0.490881 s
currentSize : 23 <-- 2.972013 s
currentSize : 24 <-- 3.153261 s
currentSize : 25 <-- 166.384186 s

maxsize : 25
nodes : 21648984.000000
filtered : 620959602.000000
CCGP filtered : 207654937.000000
CCGT filtered : 175324311.000000
time : 235.709457
