Parameters: GAD=1 vflib=1 dir=0 label=0 lowerbound=1 fileNameGp=../graphsdb/mcs10/rand/r005/mcs10_r005_s35.A31 fileNameGt=../graphsdb/mcs10/rand/r005/mcs10_r005_s35.B31
Reading graphs...
35 :  59
35 :  60
Initializing...
maxdom : 35
D->valSize : 1225
Solving...
currentSize : 15 <-- 0.020795 s
currentSize : 16 <-- 0.021015 s
currentSize : 17 <-- 0.021099 s
currentSize : 18 <-- 0.026583 s
currentSize : 19 <-- 0.036112 s
currentSize : 20 <-- 0.182083 s
currentSize : 21 <-- 0.257355 s
currentSize : 22 <-- 0.259274 s
currentSize : 23 <-- 4.662272 s
currentSize : 24 <-- 11.673332 s
currentSize : 25 <-- 233.560196 s

maxsize : 25
nodes : 25787527.000000
filtered : 707057202.000000
CCGP filtered : 269046558.000000
CCGT filtered : 206013686.000000
time : 284.569397
