Parameters: GAD=1 vflib=1 dir=0 label=0 lowerbound=1 fileNameGp=../graphsdb/mcs10/rand/r005/mcs10_r005_s35.A56 fileNameGt=../graphsdb/mcs10/rand/r005/mcs10_r005_s35.B56
Reading graphs...
35 :  60
35 :  60
Initializing...
maxdom : 35
D->valSize : 1225
Solving...
currentSize : 12 <-- 0.020594 s
currentSize : 14 <-- 0.020634 s
currentSize : 15 <-- 0.030775 s
currentSize : 16 <-- 0.035261 s
currentSize : 18 <-- 0.051914 s
currentSize : 19 <-- 0.055020 s
currentSize : 20 <-- 0.254180 s
currentSize : 21 <-- 0.710363 s
currentSize : 22 <-- 0.767279 s
currentSize : 23 <-- 13.985038 s
currentSize : 24 <-- 152.885132 s

maxsize : 24
nodes : 32483105.000000
filtered : 859852321.000000
CCGP filtered : 358452591.000000
CCGT filtered : 334184542.000000
time : 351.555084
