Parameters: GAD=1 vflib=1 dir=0 label=0 lowerbound=1 fileNameGp=../graphsdb/mcs10/rand/r005/mcs10_r005_s25.A42 fileNameGt=../graphsdb/mcs10/rand/r005/mcs10_r005_s25.B42
Reading graphs...
25 :  31
25 :  31
Initializing...
maxdom : 25
D->valSize : 625
Solving...
currentSize : 8 <-- 0.006167 s
currentSize : 9 <-- 0.006353 s
currentSize : 10 <-- 0.006525 s
currentSize : 11 <-- 0.006546 s
currentSize : 12 <-- 0.006591 s
currentSize : 13 <-- 0.006788 s
currentSize : 14 <-- 0.007014 s
currentSize : 15 <-- 0.009585 s
currentSize : 16 <-- 0.010243 s
currentSize : 17 <-- 0.021346 s
currentSize : 18 <-- 0.406195 s

maxsize : 18
nodes : 122585.000000
filtered : 2054562.000000
CCGP filtered : 2168440.000000
CCGT filtered : 1171513.000000
time : 0.924452
