Parameters: GAD=1 vflib=1 dir=0 label=0 lowerbound=1 fileNameGp=../graphsdb/mcs10/rand/r005/mcs10_r005_s25.A96 fileNameGt=../graphsdb/mcs10/rand/r005/mcs10_r005_s25.B96
Reading graphs...
25 :  30
25 :  31
Initializing...
maxdom : 25
D->valSize : 625
Solving...
currentSize : 6 <-- 0.005432 s
currentSize : 7 <-- 0.005593 s
currentSize : 8 <-- 0.005636 s
currentSize : 9 <-- 0.005685 s
currentSize : 10 <-- 0.005887 s
currentSize : 11 <-- 0.007336 s
currentSize : 12 <-- 0.007454 s
currentSize : 14 <-- 0.017126 s
currentSize : 15 <-- 0.017173 s
currentSize : 16 <-- 0.018271 s
currentSize : 17 <-- 0.021088 s
currentSize : 18 <-- 0.102492 s
currentSize : 19 <-- 0.102527 s

maxsize : 19
nodes : 25681.000000
filtered : 445413.000000
CCGP filtered : 299034.000000
CCGT filtered : 325350.000000
time : 0.206395
