Parameters: GAD=1 vflib=1 dir=0 label=0 lowerbound=1 fileNameGp=../graphsdb/mcs10/rand/r005/mcs10_r005_s35.A50 fileNameGt=../graphsdb/mcs10/rand/r005/mcs10_r005_s35.B50
Reading graphs...
35 :  61
35 :  59
Initializing...
maxdom : 35
D->valSize : 1225
Solving...
currentSize : 16 <-- 0.020829 s
currentSize : 18 <-- 0.021058 s
currentSize : 19 <-- 0.021228 s
currentSize : 20 <-- 0.021322 s
currentSize : 21 <-- 0.022248 s
currentSize : 22 <-- 0.854024 s
currentSize : 23 <-- 3.602869 s
currentSize : 24 <-- 23.141108 s
currentSize : 25 <-- 36.265400 s

maxsize : 25
nodes : 18777048.000000
filtered : 559579499.000000
CCGP filtered : 175410750.000000
CCGT filtered : 142454679.000000
time : 204.976151
