Parameters: GAD=1 vflib=1 dir=0 label=0 lowerbound=1 fileNameGp=../graphsdb/mcs10/rand/r005/mcs10_r005_s30.A64 fileNameGt=../graphsdb/mcs10/rand/r005/mcs10_r005_s30.B64
Reading graphs...
30 :  45
30 :  45
Initializing...
maxdom : 30
D->valSize : 900
Solving...
currentSize : 13 <-- 0.011251 s
currentSize : 14 <-- 0.011635 s
currentSize : 16 <-- 0.011697 s
currentSize : 17 <-- 0.012141 s
currentSize : 18 <-- 0.015861 s
currentSize : 19 <-- 0.016118 s
currentSize : 20 <-- 0.093843 s
currentSize : 21 <-- 0.094188 s
currentSize : 22 <-- 2.951996 s

maxsize : 22
nodes : 865168.000000
filtered : 22593210.000000
CCGP filtered : 9062145.000000
CCGT filtered : 6127535.000000
time : 8.202441
