Parameters: GAD=1 vflib=1 dir=0 label=0 lowerbound=1 fileNameGp=../graphsdb/mcs10/rand/r005/mcs10_r005_s30.A05 fileNameGt=../graphsdb/mcs10/rand/r005/mcs10_r005_s30.B05
Reading graphs...
30 :  44
30 :  45
Initializing...
maxdom : 30
D->valSize : 900
Solving...
currentSize : 11 <-- 0.010993 s
currentSize : 13 <-- 0.011066 s
currentSize : 14 <-- 0.011266 s
currentSize : 15 <-- 0.011544 s
currentSize : 16 <-- 0.011814 s
currentSize : 17 <-- 0.013661 s
currentSize : 18 <-- 0.018941 s
currentSize : 19 <-- 0.033802 s
currentSize : 20 <-- 0.035955 s
currentSize : 21 <-- 0.046200 s
currentSize : 22 <-- 1.752372 s

maxsize : 22
nodes : 843028.000000
filtered : 21112435.000000
CCGP filtered : 19560920.000000
CCGT filtered : 6387122.000000
time : 8.149749
