Parameters: GAD=1 vflib=1 dir=0 label=0 lowerbound=1 fileNameGp=../graphsdb/mcs10/rand/r005/mcs10_r005_s30.A23 fileNameGt=../graphsdb/mcs10/rand/r005/mcs10_r005_s30.B23
Reading graphs...
30 :  45
30 :  45
Initializing...
maxdom : 30
D->valSize : 900
Solving...
currentSize : 2 <-- 0.012578 s
currentSize : 4 <-- 0.012736 s
currentSize : 15 <-- 0.012854 s
currentSize : 16 <-- 0.013365 s
currentSize : 17 <-- 0.014388 s
currentSize : 18 <-- 0.015140 s
currentSize : 19 <-- 0.165330 s
currentSize : 20 <-- 2.437020 s
currentSize : 21 <-- 3.575679 s

maxsize : 21
nodes : 1779905.000000
filtered : 36192380.000000
CCGP filtered : 12168743.000000
CCGT filtered : 10743026.000000
time : 15.103109
