Parameters: GAD=1 vflib=1 dir=0 label=0 lowerbound=1 fileNameGp=../graphsdb/mcs10/rand/r005/mcs10_r005_s35.A69 fileNameGt=../graphsdb/mcs10/rand/r005/mcs10_r005_s35.B69
Reading graphs...
35 :  60
35 :  60
Initializing...
maxdom : 35
D->valSize : 1225
Solving...
currentSize : 16 <-- 0.020624 s
currentSize : 17 <-- 0.020699 s
currentSize : 18 <-- 0.020713 s
currentSize : 19 <-- 0.020885 s
currentSize : 20 <-- 0.027084 s
currentSize : 21 <-- 0.032164 s
currentSize : 22 <-- 0.133172 s
currentSize : 23 <-- 0.925262 s
currentSize : 24 <-- 1.158107 s
currentSize : 25 <-- 19.568186 s

maxsize : 25
nodes : 16052097.000000
filtered : 497098700.000000
CCGP filtered : 174404749.000000
CCGT filtered : 116907035.000000
time : 182.164398
