Parameters: GAD=1 vflib=1 dir=0 label=0 lowerbound=1 fileNameGp=../graphsdb/mcs10/rand/r005/mcs10_r005_s30.A71 fileNameGt=../graphsdb/mcs10/rand/r005/mcs10_r005_s30.B71
Reading graphs...
30 :  44
30 :  44
Initializing...
maxdom : 30
D->valSize : 900
Solving...
currentSize : 3 <-- 0.011025 s
currentSize : 4 <-- 0.011088 s
currentSize : 8 <-- 0.011155 s
currentSize : 15 <-- 0.011235 s
currentSize : 16 <-- 0.011249 s
currentSize : 17 <-- 0.011347 s
currentSize : 18 <-- 0.014131 s
currentSize : 19 <-- 0.015860 s
currentSize : 20 <-- 0.722108 s
currentSize : 21 <-- 3.460966 s

maxsize : 21
nodes : 1035266.000000
filtered : 22871694.000000
CCGP filtered : 15759674.000000
CCGT filtered : 10345286.000000
time : 9.681239
