Parameters: GAD=1 vflib=1 dir=0 label=0 lowerbound=1 fileNameGp=../graphsdb/mcs10/rand/r005/mcs10_r005_s35.A74 fileNameGt=../graphsdb/mcs10/rand/r005/mcs10_r005_s35.B74
Reading graphs...
35 :  60
35 :  61
Initializing...
maxdom : 35
D->valSize : 1225
Solving...
currentSize : 15 <-- 0.020589 s
currentSize : 16 <-- 0.020618 s
currentSize : 17 <-- 0.021376 s
currentSize : 18 <-- 0.021533 s
currentSize : 19 <-- 0.041400 s
currentSize : 20 <-- 0.078720 s
currentSize : 21 <-- 0.201576 s
currentSize : 22 <-- 1.817561 s
currentSize : 23 <-- 12.548754 s
currentSize : 24 <-- 17.787130 s

maxsize : 24
nodes : 9274258.000000
filtered : 297019799.000000
CCGP filtered : 157364789.000000
CCGT filtered : 92927393.000000
time : 104.935677
