Parameters: GAD=1 vflib=1 dir=0 label=0 lowerbound=1 fileNameGp=../graphsdb/mcs30/rand/r005/mcs30_r005_s30.A51 fileNameGt=../graphsdb/mcs30/rand/r005/mcs30_r005_s30.B51
Reading graphs...
30 :  48
30 :  47
Initializing...
maxdom : 30
D->valSize : 900
Solving...
currentSize : 9 <-- 0.011097 s
currentSize : 10 <-- 0.011135 s
currentSize : 12 <-- 0.011182 s
currentSize : 13 <-- 0.011247 s
currentSize : 14 <-- 0.011425 s
currentSize : 15 <-- 0.017545 s
currentSize : 16 <-- 0.025569 s
currentSize : 17 <-- 0.223770 s
currentSize : 18 <-- 0.446829 s
currentSize : 19 <-- 0.472324 s
currentSize : 20 <-- 1.137811 s
currentSize : 22 <-- 3.215144 s

maxsize : 22
nodes : 901101.000000
filtered : 23896567.000000
CCGP filtered : 15077319.000000
CCGT filtered : 8204925.000000
time : 9.087606
