Parameters: GAD=1 vflib=1 dir=0 label=0 lowerbound=1 fileNameGp=../graphsdb/mcs30/bvg/b06m/mcs30_b06m_s25.A82 fileNameGt=../graphsdb/mcs30/bvg/b06m/mcs30_b06m_s25.B82
Reading graphs...
25 :  67
25 :  67
Initializing...
maxdom : 25
D->valSize : 625
Solving...
currentSize : 7 <-- 0.008480 s
currentSize : 8 <-- 0.008548 s
currentSize : 10 <-- 0.008712 s
currentSize : 11 <-- 0.009596 s
currentSize : 12 <-- 0.011020 s
currentSize : 13 <-- 0.013378 s
currentSize : 14 <-- 0.034985 s
currentSize : 15 <-- 0.427057 s
currentSize : 16 <-- 1.176943 s

maxsize : 16
nodes : 609564.000000
filtered : 14375618.000000
CCGP filtered : 1415981.000000
CCGT filtered : 1003329.000000
time : 5.143735
