Parameters: GAD=1 vflib=1 dir=0 label=0 lowerbound=1 fileNameGp=../graphsdb/mcs30/bvg/b03/mcs30_b03_s35.A46 fileNameGt=../graphsdb/mcs30/bvg/b03/mcs30_b03_s35.B46
Reading graphs...
35 :  52
35 :  52
Initializing...
maxdom : 35
D->valSize : 1225
Solving...
currentSize : 15 <-- 0.036505 s
currentSize : 16 <-- 0.036590 s
currentSize : 17 <-- 0.039389 s
currentSize : 18 <-- 0.101362 s
currentSize : 19 <-- 0.117236 s
currentSize : 20 <-- 0.241834 s
currentSize : 21 <-- 2.569251 s
currentSize : 22 <-- 2.694179 s
currentSize : 23 <-- 3.151010 s
currentSize : 24 <-- 29.143473 s
currentSize : 25 <-- 36.439678 s

maxsize : 25
nodes : 7132910.000000
filtered : 165997920.000000
CCGP filtered : 126601125.000000
CCGT filtered : 81291216.000000
time : 77.802597
