Parameters: GAD=1 vflib=1 dir=0 label=0 lowerbound=1 fileNameGp=../graphsdb/mcs30/bvg/b06/mcs30_b06_s35.A40 fileNameGt=../graphsdb/mcs30/bvg/b06/mcs30_b06_s35.B40
Reading graphs...
35 :  100
35 :  103
Initializing...
maxdom : 35
D->valSize : 1225
Solving...
currentSize : 11 <-- 0.033753 s
currentSize : 12 <-- 0.033890 s
currentSize : 14 <-- 0.033990 s
currentSize : 15 <-- 0.034278 s
currentSize : 16 <-- 0.034372 s
currentSize : 17 <-- 0.035497 s
currentSize : 18 <-- 0.063385 s
currentSize : 19 <-- 0.275241 s
currentSize : 20 <-- 0.740905 s
currentSize : 21 <-- 112.293518 s

maxsize : 21
nodes : 218594510.000000
filtered : 6174733272.000000
CCGP filtered : 423474521.000000
CCGT filtered : 314692288.000000
time : 2439.159912
