Parameters: GAD=1 vflib=1 dir=0 label=0 lowerbound=1 fileNameGp=../graphsdb/mcs30/bvg/b06/mcs30_b06_s35.A54 fileNameGt=../graphsdb/mcs30/bvg/b06/mcs30_b06_s35.B54
Reading graphs...
35 :  102
35 :  102
Initializing...
maxdom : 35
D->valSize : 1225
Solving...
currentSize : 12 <-- 0.019431 s
currentSize : 13 <-- 0.019457 s
currentSize : 14 <-- 0.019548 s
currentSize : 15 <-- 0.019724 s
currentSize : 16 <-- 0.026867 s
currentSize : 17 <-- 0.070415 s
currentSize : 18 <-- 0.460447 s
currentSize : 19 <-- 0.646561 s
currentSize : 20 <-- 24.986948 s
currentSize : 21 <-- 32.492226 s
currentSize : 22 <-- 292.951141 s

maxsize : 22
nodes : 60173932.000000
filtered : 1996461939.000000
CCGP filtered : 154192729.000000
CCGT filtered : 124872986.000000
time : 700.410461
