Parameters: GAD=1 vflib=1 dir=0 label=0 lowerbound=1 fileNameGp=../graphsdb/mcs30/bvg/b03m/mcs30_b03m_s25.A99 fileNameGt=../graphsdb/mcs30/bvg/b03m/mcs30_b03m_s25.B99
Reading graphs...
25 :  37
25 :  37
Initializing...
maxdom : 25
D->valSize : 625
Solving...
currentSize : 7 <-- 0.009327 s
currentSize : 11 <-- 0.009426 s
currentSize : 12 <-- 0.009446 s
currentSize : 13 <-- 0.010234 s
currentSize : 14 <-- 0.010433 s
currentSize : 15 <-- 0.010560 s
currentSize : 16 <-- 0.011411 s
currentSize : 17 <-- 0.028376 s
currentSize : 18 <-- 0.049123 s

maxsize : 18
nodes : 36958.000000
filtered : 1198251.000000
CCGP filtered : 834561.000000
CCGT filtered : 379917.000000
time : 0.393274
