Parameters: GAD=1 vflib=1 dir=0 label=0 lowerbound=1 fileNameGp=../graphsdb/mcs30/rand/r005/mcs30_r005_s30.A14 fileNameGt=../graphsdb/mcs30/rand/r005/mcs30_r005_s30.B14
Reading graphs...
30 :  47
30 :  48
Initializing...
maxdom : 30
D->valSize : 900
Solving...
currentSize : 13 <-- 0.011210 s
currentSize : 14 <-- 0.011800 s
currentSize : 15 <-- 0.016733 s
currentSize : 16 <-- 0.093082 s
currentSize : 17 <-- 0.219624 s
currentSize : 18 <-- 0.227680 s
currentSize : 19 <-- 0.236546 s
currentSize : 20 <-- 0.356814 s
currentSize : 21 <-- 4.739068 s

maxsize : 21
nodes : 2380474.000000
filtered : 54490212.000000
CCGP filtered : 25354918.000000
CCGT filtered : 16545714.000000
time : 21.697384
