Parameters: GAD=1 vflib=1 dir=0 label=0 lowerbound=1 fileNameGp=../graphsdb/mcs30/rand/r005/mcs30_r005_s30.A56 fileNameGt=../graphsdb/mcs30/rand/r005/mcs30_r005_s30.B56
Reading graphs...
30 :  47
30 :  48
Initializing...
maxdom : 30
D->valSize : 900
Solving...
currentSize : 9 <-- 0.019265 s
currentSize : 10 <-- 0.019586 s
currentSize : 13 <-- 0.019973 s
currentSize : 15 <-- 0.020093 s
currentSize : 17 <-- 0.022091 s
currentSize : 18 <-- 0.028409 s
currentSize : 19 <-- 0.072810 s
currentSize : 20 <-- 0.176649 s
currentSize : 21 <-- 0.558440 s
currentSize : 22 <-- 6.908570 s

maxsize : 22
nodes : 1431320.000000
filtered : 36598326.000000
CCGP filtered : 19649562.000000
CCGT filtered : 10641831.000000
time : 14.524142
