Parameters: GAD=1 vflib=1 dir=0 label=0 lowerbound=1 fileNameGp=../graphsdb/mcs30/rand/r005/mcs30_r005_s35.A78 fileNameGt=../graphsdb/mcs30/rand/r005/mcs30_r005_s35.B78
Reading graphs...
35 :  64
35 :  64
Initializing...
maxdom : 35
D->valSize : 1225
Solving...
currentSize : 14 <-- 0.036257 s
currentSize : 15 <-- 0.036324 s
currentSize : 16 <-- 0.036572 s
currentSize : 17 <-- 0.036985 s
currentSize : 18 <-- 0.038731 s
currentSize : 19 <-- 0.043722 s
currentSize : 20 <-- 0.052128 s
currentSize : 21 <-- 0.075984 s
currentSize : 22 <-- 0.287237 s
currentSize : 23 <-- 5.522163 s
currentSize : 24 <-- 143.573578 s

maxsize : 24
nodes : 35535090.000000
filtered : 922491138.000000
CCGP filtered : 208405188.000000
CCGT filtered : 155223043.000000
time : 363.803253
