Parameters: GAD=1 vflib=1 dir=0 label=0 lowerbound=1 fileNameGp=../graphsdb/mcs30/rand/r005/mcs30_r005_s20.A02 fileNameGt=../graphsdb/mcs30/rand/r005/mcs30_r005_s20.B02
Reading graphs...
20 :  23
20 :  23
Initializing...
maxdom : 20
D->valSize : 400
Solving...
currentSize : 6 <-- 0.002465 s
currentSize : 7 <-- 0.002522 s
currentSize : 8 <-- 0.002824 s
currentSize : 9 <-- 0.002901 s
currentSize : 10 <-- 0.002915 s
currentSize : 11 <-- 0.002954 s
currentSize : 12 <-- 0.003042 s
currentSize : 13 <-- 0.003264 s
currentSize : 14 <-- 0.006573 s
currentSize : 15 <-- 0.012289 s

maxsize : 15
nodes : 7507.000000
filtered : 116986.000000
CCGP filtered : 186829.000000
CCGT filtered : 46973.000000
time : 0.048473
