Parameters: GAD=1 vflib=1 dir=0 label=0 lowerbound=1 fileNameGp=../graphsdb/mcs30/bvg/b03m/mcs30_b03m_s35.A19 fileNameGt=../graphsdb/mcs30/bvg/b03m/mcs30_b03m_s35.B19
Reading graphs...
35 :  52
35 :  52
Initializing...
maxdom : 35
D->valSize : 1225
Solving...
currentSize : 16 <-- 0.036653 s
currentSize : 18 <-- 0.036755 s
currentSize : 19 <-- 0.038268 s
currentSize : 20 <-- 0.049694 s
currentSize : 21 <-- 0.184442 s
currentSize : 22 <-- 0.245120 s
currentSize : 23 <-- 0.734826 s
currentSize : 24 <-- 6.544976 s
currentSize : 25 <-- 33.241283 s

maxsize : 25
nodes : 5032692.000000
filtered : 128689591.000000
CCGP filtered : 93337992.000000
CCGT filtered : 49522274.000000
time : 54.290436
