Parameters: GAD=1 vflib=1 dir=0 label=0 lowerbound=1 fileNameGp=../graphsdb/mcs30/bvg/b09/mcs30_b09_s35.A14 fileNameGt=../graphsdb/mcs30/bvg/b09/mcs30_b09_s35.B14
Reading graphs...
35 :  153
35 :  150
Initializing...
maxdom : 35
D->valSize : 1225
Solving...
currentSize : 11 <-- 0.018258 s
currentSize : 12 <-- 0.018384 s
currentSize : 13 <-- 0.021075 s
currentSize : 14 <-- 0.029661 s
currentSize : 15 <-- 0.300235 s
currentSize : 16 <-- 1.326166 s
currentSize : 17 <-- 1.331097 s
currentSize : 18 <-- 1.555399 s
currentSize : 19 <-- 25.924112 s
currentSize : 20 <-- 2608.602783 s

maxsize : 20
nodes : 252166068.000000
filtered : 5992255119.000000
CCGP filtered : 61348173.000000
CCGT filtered : 190946711.000000
time : 2828.035156
