Parameters: GAD=1 vflib=1 dir=0 label=0 lowerbound=1 fileNameGp=../graphsdb/mcs30/bvg/b03/mcs30_b03_s35.A57 fileNameGt=../graphsdb/mcs30/bvg/b03/mcs30_b03_s35.B57
Reading graphs...
35 :  52
35 :  52
Initializing...
maxdom : 35
D->valSize : 1225
Solving...
currentSize : 14 <-- 0.021033 s
currentSize : 15 <-- 0.021233 s
currentSize : 16 <-- 0.021586 s
currentSize : 17 <-- 0.022221 s
currentSize : 18 <-- 0.022283 s
currentSize : 19 <-- 0.049752 s
currentSize : 20 <-- 0.116677 s
currentSize : 21 <-- 0.127916 s
currentSize : 22 <-- 0.287944 s
currentSize : 23 <-- 0.289917 s
currentSize : 24 <-- 18.187838 s

maxsize : 24
nodes : 7636877.000000
filtered : 199897484.000000
CCGP filtered : 163824810.000000
CCGT filtered : 74164260.000000
time : 79.107986
