Parameters: GAD=1 vflib=1 dir=0 label=0 lowerbound=1 fileNameGp=../graphsdb/mcs30/bvg/b03m/mcs30_b03m_s25.A33 fileNameGt=../graphsdb/mcs30/bvg/b03m/mcs30_b03m_s25.B33
Reading graphs...
25 :  35
25 :  36
Initializing...
maxdom : 25
D->valSize : 625
Solving...
currentSize : 11 <-- 0.009278 s
currentSize : 12 <-- 0.009307 s
currentSize : 13 <-- 0.009454 s
currentSize : 14 <-- 0.010048 s
currentSize : 15 <-- 0.018769 s
currentSize : 16 <-- 0.026725 s
currentSize : 17 <-- 0.127944 s
currentSize : 18 <-- 0.223350 s
currentSize : 19 <-- 0.681414 s

maxsize : 19
nodes : 97976.000000
filtered : 2013192.000000
CCGP filtered : 1576123.000000
CCGT filtered : 418063.000000
time : 0.877073
