Parameters: GAD=1 vflib=1 dir=0 label=0 lowerbound=1 fileNameGp=../graphsdb/mcs30/bvg/b03/mcs30_b03_s35.A47 fileNameGt=../graphsdb/mcs30/bvg/b03/mcs30_b03_s35.B47
Reading graphs...
35 :  51
35 :  52
Initializing...
maxdom : 35
D->valSize : 1225
Solving...
currentSize : 14 <-- 0.036798 s
currentSize : 17 <-- 0.036904 s
currentSize : 18 <-- 0.036957 s
currentSize : 19 <-- 0.038812 s
currentSize : 20 <-- 0.072848 s
currentSize : 21 <-- 0.090621 s
currentSize : 22 <-- 0.852677 s
currentSize : 23 <-- 7.597414 s
currentSize : 24 <-- 19.619484 s
currentSize : 25 <-- 28.623056 s

maxsize : 25
nodes : 7644123.000000
filtered : 207981732.000000
CCGP filtered : 116818926.000000
CCGT filtered : 112772534.000000
time : 87.721268
