Parameters: GAD=1 vflib=1 dir=0 label=0 lowerbound=1 fileNameGp=../graphsdb/mcs30/bvg/b06/mcs30_b06_s35.A72 fileNameGt=../graphsdb/mcs30/bvg/b06/mcs30_b06_s35.B72
Reading graphs...
35 :  105
35 :  103
Initializing...
maxdom : 35
D->valSize : 1225
Solving...
currentSize : 12 <-- 0.020309 s
currentSize : 13 <-- 0.020352 s
currentSize : 14 <-- 0.020457 s
currentSize : 15 <-- 0.021911 s
currentSize : 16 <-- 0.028473 s
currentSize : 17 <-- 0.082654 s
currentSize : 18 <-- 0.298138 s
currentSize : 19 <-- 3.796520 s
currentSize : 20 <-- 48.391415 s
currentSize : 21 <-- 1682.952026 s

maxsize : 21
nodes : 277094902.000000
filtered : 7319363430.000000
CCGP filtered : 485958056.000000
CCGT filtered : 601132228.000000
time : 3101.924072
