Parameters: GAD=1 vflib=1 dir=0 label=0 lowerbound=1 fileNameGp=../graphsdb/mcs30/m2D/m2Dr6/mcs30_m2Dr6_s30.A80 fileNameGt=../graphsdb/mcs30/m2D/m2Dr6/mcs30_m2Dr6_s30.B80
Reading graphs...
30 :  65
30 :  66
Initializing...
maxdom : 30
D->valSize : 900
Solving...
currentSize : 10 <-- 0.018512 s
currentSize : 11 <-- 0.018553 s
currentSize : 12 <-- 0.018857 s
currentSize : 13 <-- 0.018925 s
currentSize : 14 <-- 0.020540 s
currentSize : 15 <-- 0.030298 s
currentSize : 16 <-- 0.043358 s
currentSize : 17 <-- 0.044698 s
currentSize : 18 <-- 0.054872 s
currentSize : 19 <-- 1.118413 s
currentSize : 20 <-- 4.204442 s

maxsize : 20
nodes : 11367833.000000
filtered : 259115042.000000
CCGP filtered : 29828826.000000
CCGT filtered : 5800839.000000
time : 98.636833
