Parameters: GAD=1 vflib=1 dir=0 label=0 lowerbound=1 fileNameGp=../graphsdb/mcs30/m3D/m3Dr2/mcs30_m3Dr2_s30.A59 fileNameGt=../graphsdb/mcs30/m3D/m3Dr2/mcs30_m3Dr2_s30.B59
Reading graphs...
30 :  65
30 :  67
Initializing...
maxdom : 30
D->valSize : 900
Solving...
currentSize : 12 <-- 0.010570 s
currentSize : 13 <-- 0.010613 s
currentSize : 14 <-- 0.010733 s
currentSize : 15 <-- 0.011723 s
currentSize : 16 <-- 0.012676 s
currentSize : 17 <-- 0.017846 s
currentSize : 18 <-- 0.364761 s
currentSize : 19 <-- 2.495500 s
currentSize : 20 <-- 48.816200 s

maxsize : 20
nodes : 16760363.000000
filtered : 393345325.000000
CCGP filtered : 39638098.000000
CCGT filtered : 31202810.000000
time : 154.413010
