Parameters: GAD=1 vflib=1 dir=0 label=0 lowerbound=1 fileNameGp=../graphsdb/mcs30/bvg/b03m/mcs30_b03m_s35.A62 fileNameGt=../graphsdb/mcs30/bvg/b03m/mcs30_b03m_s35.B62
Reading graphs...
35 :  52
35 :  52
Initializing...
maxdom : 35
D->valSize : 1225
Solving...
currentSize : 15 <-- 0.025944 s
currentSize : 16 <-- 0.025977 s
currentSize : 17 <-- 0.026278 s
currentSize : 18 <-- 0.026332 s
currentSize : 21 <-- 0.026892 s
currentSize : 22 <-- 0.067424 s
currentSize : 23 <-- 1.211997 s
currentSize : 24 <-- 2.159448 s
currentSize : 25 <-- 12.530373 s
currentSize : 26 <-- 34.976288 s

maxsize : 26
nodes : 3652210.000000
filtered : 87241878.000000
CCGP filtered : 55592755.000000
CCGT filtered : 27250656.000000
time : 35.343109
