Parameters: GAD=1 vflib=1 dir=0 label=0 lowerbound=1 fileNameGp=../graphsdb/mcs30/m2D/m2D/mcs30_m2D_s30.A86 fileNameGt=../graphsdb/mcs30/m2D/m2D/mcs30_m2D_s30.B86
Reading graphs...
30 :  49
30 :  48
Initializing...
maxdom : 30
D->valSize : 900
Solving...
currentSize : 13 <-- 0.011256 s
currentSize : 14 <-- 0.011412 s
currentSize : 15 <-- 0.012219 s
currentSize : 16 <-- 0.012265 s
currentSize : 17 <-- 0.019424 s
currentSize : 18 <-- 0.066305 s
currentSize : 19 <-- 0.117163 s
currentSize : 20 <-- 0.581160 s
currentSize : 21 <-- 0.858464 s

maxsize : 21
nodes : 635017.000000
filtered : 17094603.000000
CCGP filtered : 4939822.000000
CCGT filtered : 3809912.000000
time : 5.724337
