Parameters: GAD=1 vflib=1 dir=0 label=0 lowerbound=1 fileNameGp=../graphsdb/mcs30/rand/r005/mcs30_r005_s25.A63 fileNameGt=../graphsdb/mcs30/rand/r005/mcs30_r005_s25.B63
Reading graphs...
25 :  34
25 :  33
Initializing...
maxdom : 25
D->valSize : 625
Solving...
currentSize : 10 <-- 0.005396 s
currentSize : 11 <-- 0.005440 s
currentSize : 12 <-- 0.005836 s
currentSize : 13 <-- 0.006839 s
currentSize : 14 <-- 0.008425 s
currentSize : 15 <-- 0.010693 s
currentSize : 16 <-- 0.010759 s
currentSize : 17 <-- 0.011793 s
currentSize : 18 <-- 0.035179 s

maxsize : 18
nodes : 178909.000000
filtered : 3692107.000000
CCGP filtered : 2984762.000000
CCGT filtered : 2248887.000000
time : 1.457768
