Parameters: GAD=1 vflib=1 dir=0 label=0 lowerbound=1 fileNameGp=../graphsdb/mcs30/bvg/b03m/mcs30_b03m_s35.A53 fileNameGt=../graphsdb/mcs30/bvg/b03m/mcs30_b03m_s35.B53
Reading graphs...
35 :  52
35 :  52
Initializing...
maxdom : 35
D->valSize : 1225
Solving...
currentSize : 11 <-- 0.036367 s
currentSize : 12 <-- 0.036470 s
currentSize : 14 <-- 0.036508 s
currentSize : 15 <-- 0.036906 s
currentSize : 16 <-- 0.036995 s
currentSize : 18 <-- 0.037035 s
currentSize : 19 <-- 0.168980 s
currentSize : 20 <-- 0.206680 s
currentSize : 22 <-- 0.211851 s
currentSize : 23 <-- 0.971586 s
currentSize : 24 <-- 52.956478 s

maxsize : 24
nodes : 11968529.000000
filtered : 250876374.000000
CCGP filtered : 200962742.000000
CCGT filtered : 121017293.000000
time : 117.873901
