Parameters: GAD=1 vflib=1 dir=0 label=0 lowerbound=1 fileNameGp=../graphsdb/mcs30/m2D/m2Dr4/mcs30_m2Dr4_s30.A21 fileNameGt=../graphsdb/mcs30/m2D/m2Dr4/mcs30_m2Dr4_s30.B21
Reading graphs...
30 :  57
30 :  58
Initializing...
maxdom : 30
D->valSize : 900
Solving...
currentSize : 11 <-- 0.011312 s
currentSize : 12 <-- 0.011369 s
currentSize : 13 <-- 0.011406 s
currentSize : 16 <-- 0.011479 s
currentSize : 17 <-- 0.011779 s
currentSize : 18 <-- 0.014403 s
currentSize : 19 <-- 0.059047 s
currentSize : 20 <-- 0.426413 s
currentSize : 21 <-- 55.894753 s

maxsize : 21
nodes : 6990831.000000
filtered : 172555226.000000
CCGP filtered : 56798534.000000
CCGT filtered : 24436557.000000
time : 65.384384
