Parameters: GAD=1 vflib=1 dir=0 label=0 lowerbound=1 fileNameGp=../graphsdb/mcs30/bvg/b03m/mcs30_b03m_s30.A41 fileNameGt=../graphsdb/mcs30/bvg/b03m/mcs30_b03m_s30.B41
Reading graphs...
30 :  45
30 :  45
Initializing...
maxdom : 30
D->valSize : 900
Solving...
currentSize : 11 <-- 0.011111 s
currentSize : 12 <-- 0.011140 s
currentSize : 13 <-- 0.011234 s
currentSize : 14 <-- 0.034963 s
currentSize : 15 <-- 0.073631 s
currentSize : 16 <-- 0.136162 s
currentSize : 17 <-- 0.199729 s
currentSize : 18 <-- 0.946561 s
currentSize : 19 <-- 0.950452 s
currentSize : 20 <-- 2.738125 s
currentSize : 21 <-- 4.285689 s

maxsize : 21
nodes : 853329.000000
filtered : 19654006.000000
CCGP filtered : 9889203.000000
CCGT filtered : 7938314.000000
time : 8.159841
