Parameters: GAD=1 vflib=1 dir=0 label=0 lowerbound=1 fileNameGp=../graphsdb/mcs30/m3D/m3D/mcs30_m3D_s30.A27 fileNameGt=../graphsdb/mcs30/m3D/m3D/mcs30_m3D_s30.B27
Reading graphs...
30 :  59
30 :  61
Initializing...
maxdom : 30
D->valSize : 900
Solving...
currentSize : 12 <-- 0.010891 s
currentSize : 13 <-- 0.011031 s
currentSize : 14 <-- 0.011092 s
currentSize : 15 <-- 0.013332 s
currentSize : 16 <-- 0.013413 s
currentSize : 17 <-- 0.038138 s
currentSize : 18 <-- 0.068610 s
currentSize : 19 <-- 0.149985 s
currentSize : 20 <-- 2.369690 s
currentSize : 21 <-- 33.662888 s

maxsize : 21
nodes : 6016033.000000
filtered : 146265657.000000
CCGP filtered : 28589495.000000
CCGT filtered : 14488670.000000
time : 54.519588
