Parameters: GAD=1 vflib=1 dir=0 label=0 lowerbound=1 fileNameGp=../graphsdb/mcs30/bvg/b03/mcs30_b03_s30.A85 fileNameGt=../graphsdb/mcs30/bvg/b03/mcs30_b03_s30.B85
Reading graphs...
30 :  45
30 :  45
Initializing...
maxdom : 30
D->valSize : 900
Solving...
currentSize : 11 <-- 0.020252 s
currentSize : 12 <-- 0.020396 s
currentSize : 13 <-- 0.020857 s
currentSize : 14 <-- 0.020929 s
currentSize : 15 <-- 0.020968 s
currentSize : 16 <-- 0.021664 s
currentSize : 18 <-- 0.021775 s
currentSize : 19 <-- 0.087476 s
currentSize : 20 <-- 0.297274 s
currentSize : 21 <-- 0.297758 s
currentSize : 22 <-- 1.075114 s

maxsize : 22
nodes : 443410.000000
filtered : 12121638.000000
CCGP filtered : 5165638.000000
CCGT filtered : 3806894.000000
time : 4.273093
