Parameters: GAD=1 vflib=1 dir=0 label=0 lowerbound=1 fileNameGp=../graphsdb/mcs30/bvg/b06/mcs30_b06_s35.A33 fileNameGt=../graphsdb/mcs30/bvg/b06/mcs30_b06_s35.B33
Reading graphs...
35 :  103
35 :  102
Initializing...
maxdom : 35
D->valSize : 1225
Solving...
currentSize : 10 <-- 0.033680 s
currentSize : 11 <-- 0.033740 s
currentSize : 15 <-- 0.034005 s
currentSize : 16 <-- 0.034272 s
currentSize : 17 <-- 0.041018 s
currentSize : 18 <-- 0.043521 s
currentSize : 19 <-- 2.234500 s
currentSize : 20 <-- 15.169589 s
currentSize : 21 <-- 511.506439 s
currentSize : 22 <-- 751.121460 s

maxsize : 22
nodes : 95321169.000000
filtered : 2818053916.000000
CCGP filtered : 253242178.000000
CCGT filtered : 195788227.000000
time : 1078.185181
