Parameters: GAD=1 vflib=1 dir=0 label=0 lowerbound=1 fileNameGp=../graphsdb/mcs30/rand/r005/mcs30_r005_s35.A10 fileNameGt=../graphsdb/mcs30/rand/r005/mcs30_r005_s35.B10
Reading graphs...
35 :  63
35 :  61
Initializing...
maxdom : 35
D->valSize : 1225
Solving...
currentSize : 16 <-- 0.020678 s
currentSize : 17 <-- 0.020755 s
currentSize : 18 <-- 0.020941 s
currentSize : 19 <-- 0.021122 s
currentSize : 20 <-- 0.022352 s
currentSize : 21 <-- 0.116015 s
currentSize : 22 <-- 0.146546 s
currentSize : 23 <-- 3.588744 s
currentSize : 24 <-- 11.099997 s
currentSize : 25 <-- 221.095627 s

maxsize : 25
nodes : 38474370.000000
filtered : 1084320782.000000
CCGP filtered : 360150169.000000
CCGT filtered : 196096892.000000
time : 411.672241
