Parameters: GAD=1 vflib=1 dir=0 label=0 lowerbound=1 fileNameGp=../graphsdb/mcs30/bvg/b03/mcs30_b03_s30.A55 fileNameGt=../graphsdb/mcs30/bvg/b03/mcs30_b03_s30.B55
Reading graphs...
30 :  44
30 :  44
Initializing...
maxdom : 30
D->valSize : 900
Solving...
currentSize : 12 <-- 0.011151 s
currentSize : 13 <-- 0.011422 s
currentSize : 14 <-- 0.011733 s
currentSize : 15 <-- 0.014182 s
currentSize : 16 <-- 0.018655 s
currentSize : 17 <-- 0.032404 s
currentSize : 18 <-- 0.070270 s
currentSize : 19 <-- 0.091593 s
currentSize : 20 <-- 0.296274 s
currentSize : 21 <-- 1.409639 s

maxsize : 21
nodes : 637027.000000
filtered : 16150705.000000
CCGP filtered : 10617127.000000
CCGT filtered : 5359297.000000
time : 5.939875
