Parameters: GAD=1 vflib=1 dir=0 label=0 lowerbound=1 fileNameGp=../graphsdb/mcs30/bvg/b06m/mcs30_b06m_s35.A45 fileNameGt=../graphsdb/mcs30/bvg/b06m/mcs30_b06m_s35.B45
Reading graphs...
35 :  102
35 :  103
Initializing...
maxdom : 35
D->valSize : 1225
Solving...
currentSize : 12 <-- 0.033687 s
currentSize : 13 <-- 0.033718 s
currentSize : 14 <-- 0.034012 s
currentSize : 15 <-- 0.034133 s
currentSize : 16 <-- 0.034879 s
currentSize : 17 <-- 0.044826 s
currentSize : 18 <-- 0.053600 s
currentSize : 19 <-- 0.360325 s
currentSize : 20 <-- 0.639260 s
currentSize : 21 <-- 105.176842 s

maxsize : 21
nodes : 228591384.000000
filtered : 6380759023.000000
CCGP filtered : 434177814.000000
CCGT filtered : 278793622.000000
time : 2540.418457
