Parameters: GAD=1 vflib=1 dir=0 label=0 lowerbound=1 fileNameGp=../graphsdb/mcs30/bvg/b09/mcs30_b09_s35.A66 fileNameGt=../graphsdb/mcs30/bvg/b09/mcs30_b09_s35.B66
Reading graphs...
35 :  150
35 :  153
Initializing...
maxdom : 35
D->valSize : 1225
Solving...
currentSize : 11 <-- 0.018280 s
currentSize : 13 <-- 0.018339 s
currentSize : 14 <-- 0.019542 s
currentSize : 15 <-- 0.035402 s
currentSize : 16 <-- 0.118742 s
currentSize : 17 <-- 0.229349 s
currentSize : 18 <-- 5.575905 s
currentSize : 19 <-- 11.793912 s
currentSize : 20 <-- 846.791626 s

maxsize : 20
nodes : 127513116.000000
filtered : 3812356163.000000
CCGP filtered : 53060691.000000
CCGT filtered : 35136319.000000
time : 1516.033569
