Parameters: GAD=1 vflib=1 dir=0 label=0 lowerbound=1 fileNameGp=../graphsdb/mcs30/m2D/m2Dr4/mcs30_m2Dr4_s30.A95 fileNameGt=../graphsdb/mcs30/m2D/m2Dr4/mcs30_m2Dr4_s30.B95
Reading graphs...
30 :  58
30 :  58
Initializing...
maxdom : 30
D->valSize : 900
Solving...
currentSize : 6 <-- 0.010662 s
currentSize : 12 <-- 0.010771 s
currentSize : 13 <-- 0.010867 s
currentSize : 14 <-- 0.011046 s
currentSize : 15 <-- 0.011160 s
currentSize : 16 <-- 0.011358 s
currentSize : 17 <-- 0.012304 s
currentSize : 18 <-- 0.012391 s
currentSize : 19 <-- 0.992410 s
currentSize : 20 <-- 7.619488 s

maxsize : 20
nodes : 4024599.000000
filtered : 108076468.000000
CCGP filtered : 30724286.000000
CCGT filtered : 20416420.000000
time : 39.453545
