Parameters: GAD=1 vflib=1 dir=0 label=0 lowerbound=1 fileNameGp=../graphsdb/mcs30/m2D/m2Dr2/mcs30_m2Dr2_s30.A29 fileNameGt=../graphsdb/mcs30/m2D/m2Dr2/mcs30_m2Dr2_s30.B29
Reading graphs...
30 :  54
30 :  52
Initializing...
maxdom : 30
D->valSize : 900
Solving...
currentSize : 9 <-- 0.019124 s
currentSize : 14 <-- 0.019401 s
currentSize : 15 <-- 0.019497 s
currentSize : 16 <-- 0.019643 s
currentSize : 17 <-- 0.024737 s
currentSize : 18 <-- 0.285935 s
currentSize : 19 <-- 0.616928 s
currentSize : 20 <-- 2.121550 s
currentSize : 21 <-- 13.430540 s

maxsize : 21
nodes : 3349443.000000
filtered : 92241166.000000
CCGP filtered : 26377346.000000
CCGT filtered : 16040581.000000
time : 31.447130
