Parameters: GAD=1 vflib=1 dir=0 label=0 lowerbound=1 fileNameGp=../graphsdb/mcs30/bvg/b09/mcs30_b09_s35.A12 fileNameGt=../graphsdb/mcs30/bvg/b09/mcs30_b09_s35.B12
Reading graphs...
35 :  148
35 :  153
Initializing...
maxdom : 35
D->valSize : 1225
Solving...
currentSize : 11 <-- 0.031381 s
currentSize : 12 <-- 0.031510 s
currentSize : 13 <-- 0.031690 s
currentSize : 14 <-- 0.031740 s
currentSize : 15 <-- 0.037045 s
currentSize : 16 <-- 0.076272 s
currentSize : 17 <-- 0.127767 s
currentSize : 18 <-- 6.916143 s
currentSize : 19 <-- 293.759613 s

maxsize : 19
nodes : 305842662.000000
filtered : 7470274369.000000
CCGP filtered : 114385202.000000
CCGT filtered : 113934677.000000
time : 3502.590820
