Parameters: GAD=1 vflib=1 dir=0 label=0 lowerbound=1 fileNameGp=../graphsdb/mcs30/m2D/m2D/mcs30_m2D_s30.A22 fileNameGt=../graphsdb/mcs30/m2D/m2D/mcs30_m2D_s30.B22
Reading graphs...
30 :  49
30 :  49
Initializing...
maxdom : 30
D->valSize : 900
Solving...
currentSize : 14 <-- 0.019233 s
currentSize : 15 <-- 0.019376 s
currentSize : 16 <-- 0.019785 s
currentSize : 17 <-- 0.022080 s
currentSize : 18 <-- 0.022922 s
currentSize : 19 <-- 0.023919 s
currentSize : 20 <-- 0.026917 s
currentSize : 21 <-- 0.623475 s
currentSize : 22 <-- 11.047814 s

maxsize : 22
nodes : 1647503.000000
filtered : 43203910.000000
CCGP filtered : 18340010.000000
CCGT filtered : 12223041.000000
time : 15.513761
