Parameters: GAD=1 vflib=1 dir=0 label=0 lowerbound=1 fileNameGp=../graphsdb/mcs30/m3D/m3Dr2/mcs30_m3Dr2_s25.A58 fileNameGt=../graphsdb/mcs30/m3D/m3Dr2/mcs30_m3Dr2_s25.B58
Reading graphs...
25 :  52
25 :  52
Initializing...
maxdom : 25
D->valSize : 625
Solving...
currentSize : 7 <-- 0.008870 s
currentSize : 8 <-- 0.008918 s
currentSize : 10 <-- 0.009320 s
currentSize : 11 <-- 0.009396 s
currentSize : 12 <-- 0.009603 s
currentSize : 13 <-- 0.010051 s
currentSize : 14 <-- 0.013174 s
currentSize : 15 <-- 0.026055 s
currentSize : 16 <-- 0.881036 s
currentSize : 17 <-- 1.209546 s

maxsize : 17
nodes : 934512.000000
filtered : 18589210.000000
CCGP filtered : 1744271.000000
CCGT filtered : 2088249.000000
time : 7.445161
