Parameters: GAD=1 vflib=1 dir=0 label=0 lowerbound=1 fileNameGp=../graphsdb/mcs30/m2D/m2D/mcs30_m2D_s30.A92 fileNameGt=../graphsdb/mcs30/m2D/m2D/mcs30_m2D_s30.B92
Reading graphs...
30 :  48
30 :  49
Initializing...
maxdom : 30
D->valSize : 900
Solving...
currentSize : 11 <-- 0.011176 s
currentSize : 13 <-- 0.011245 s
currentSize : 15 <-- 0.011442 s
currentSize : 16 <-- 0.012039 s
currentSize : 17 <-- 0.012245 s
currentSize : 18 <-- 0.012267 s
currentSize : 19 <-- 0.013774 s
currentSize : 20 <-- 0.164516 s
currentSize : 21 <-- 0.504654 s
currentSize : 22 <-- 2.637593 s

maxsize : 22
nodes : 592335.000000
filtered : 15970276.000000
CCGP filtered : 4969533.000000
CCGT filtered : 5069354.000000
time : 5.776605
