Parameters: GAD=1 vflib=1 dir=0 label=0 lowerbound=1 fileNameGp=../graphsdb/mcs30/bvg/b03m/mcs30_b03m_s30.A30 fileNameGt=../graphsdb/mcs30/bvg/b03m/mcs30_b03m_s30.B30
Reading graphs...
30 :  44
30 :  43
Initializing...
maxdom : 30
D->valSize : 900
Solving...
currentSize : 11 <-- 0.011248 s
currentSize : 12 <-- 0.011297 s
currentSize : 13 <-- 0.011318 s
currentSize : 14 <-- 0.012818 s
currentSize : 15 <-- 0.012931 s
currentSize : 16 <-- 0.013390 s
currentSize : 17 <-- 0.017341 s
currentSize : 18 <-- 0.095194 s
currentSize : 19 <-- 0.206868 s
currentSize : 20 <-- 0.542967 s
currentSize : 21 <-- 0.882701 s

maxsize : 21
nodes : 516960.000000
filtered : 12826213.000000
CCGP filtered : 9101233.000000
CCGT filtered : 6556571.000000
time : 4.990581
