Parameters: GAD=1 vflib=1 dir=0 label=0 lowerbound=1 fileNameGp=../graphsdb/mcs30/rand/r005/mcs30_r005_s35.A94 fileNameGt=../graphsdb/mcs30/rand/r005/mcs30_r005_s35.B94
Reading graphs...
35 :  64
35 :  64
Initializing...
maxdom : 35
D->valSize : 1225
Solving...
currentSize : 13 <-- 0.036148 s
currentSize : 14 <-- 0.036184 s
currentSize : 16 <-- 0.036426 s
currentSize : 17 <-- 0.037712 s
currentSize : 18 <-- 0.068250 s
currentSize : 19 <-- 0.069399 s
currentSize : 20 <-- 0.070044 s
currentSize : 21 <-- 0.100301 s
currentSize : 22 <-- 5.483930 s
currentSize : 23 <-- 9.266195 s
currentSize : 24 <-- 158.827026 s

maxsize : 24
nodes : 44794323.000000
filtered : 1229834851.000000
CCGP filtered : 280966378.000000
CCGT filtered : 226662130.000000
time : 470.767822
