Parameters: GAD=1 vflib=1 dir=0 label=0 lowerbound=1 fileNameGp=../graphsdb/mcs30/bvg/b03m/mcs30_b03m_s25.A42 fileNameGt=../graphsdb/mcs30/bvg/b03m/mcs30_b03m_s25.B42
Reading graphs...
25 :  37
25 :  37
Initializing...
maxdom : 25
D->valSize : 625
Solving...
currentSize : 9 <-- 0.005300 s
currentSize : 10 <-- 0.005325 s
currentSize : 11 <-- 0.005649 s
currentSize : 12 <-- 0.006166 s
currentSize : 13 <-- 0.006279 s
currentSize : 14 <-- 0.006453 s
currentSize : 15 <-- 0.013721 s
currentSize : 16 <-- 0.030201 s
currentSize : 17 <-- 0.149291 s
currentSize : 18 <-- 0.398822 s

maxsize : 18
nodes : 85846.000000
filtered : 1802540.000000
CCGP filtered : 1446113.000000
CCGT filtered : 878254.000000
time : 0.725322
