Parameters: GAD=1 vflib=1 dir=0 label=0 lowerbound=1 fileNameGp=../graphsdb/mcs30/m2D/m2Dr2/mcs30_m2Dr2_s30.A40 fileNameGt=../graphsdb/mcs30/m2D/m2Dr2/mcs30_m2Dr2_s30.B40
Reading graphs...
30 :  53
30 :  54
Initializing...
maxdom : 30
D->valSize : 900
Solving...
currentSize : 12 <-- 0.011019 s
currentSize : 13 <-- 0.011045 s
currentSize : 14 <-- 0.011221 s
currentSize : 16 <-- 0.012227 s
currentSize : 17 <-- 0.013077 s
currentSize : 18 <-- 0.122042 s
currentSize : 19 <-- 0.300822 s
currentSize : 20 <-- 0.314078 s
currentSize : 21 <-- 5.092170 s

maxsize : 21
nodes : 1466125.000000
filtered : 43690233.000000
CCGP filtered : 18660790.000000
CCGT filtered : 8668762.000000
time : 14.419662
