Parameters: GAD=1 vflib=1 dir=0 label=0 lowerbound=1 fileNameGp=../graphsdb/mcs30/bvg/b03/mcs30_b03_s35.A18 fileNameGt=../graphsdb/mcs30/bvg/b03/mcs30_b03_s35.B18
Reading graphs...
35 :  52
35 :  51
Initializing...
maxdom : 35
D->valSize : 1225
Solving...
currentSize : 12 <-- 0.026607 s
currentSize : 13 <-- 0.026642 s
currentSize : 15 <-- 0.026791 s
currentSize : 16 <-- 0.026879 s
currentSize : 17 <-- 0.027272 s
currentSize : 18 <-- 0.030545 s
currentSize : 19 <-- 0.033776 s
currentSize : 20 <-- 0.034840 s
currentSize : 21 <-- 0.043158 s
currentSize : 22 <-- 0.086088 s
currentSize : 23 <-- 2.321443 s
currentSize : 24 <-- 6.781675 s
currentSize : 25 <-- 19.184568 s
currentSize : 26 <-- 24.884918 s

maxsize : 26
nodes : 4173694.000000
filtered : 105361034.000000
CCGP filtered : 67464455.000000
CCGT filtered : 30045964.000000
time : 42.085827
