Parameters: GAD=1 vflib=1 dir=0 label=0 lowerbound=1 fileNameGp=../graphsdb/mcs30/bvg/b03/mcs30_b03_s35.A64 fileNameGt=../graphsdb/mcs30/bvg/b03/mcs30_b03_s35.B64
Reading graphs...
35 :  52
35 :  52
Initializing...
maxdom : 35
D->valSize : 1225
Solving...
currentSize : 13 <-- 0.021447 s
currentSize : 16 <-- 0.021604 s
currentSize : 17 <-- 0.022005 s
currentSize : 18 <-- 0.026303 s
currentSize : 19 <-- 0.031441 s
currentSize : 20 <-- 0.032633 s
currentSize : 21 <-- 0.117406 s
currentSize : 22 <-- 0.174012 s
currentSize : 23 <-- 0.402219 s
currentSize : 24 <-- 2.342776 s
currentSize : 25 <-- 2.444466 s

maxsize : 25
nodes : 3122383.000000
filtered : 81934449.000000
CCGP filtered : 57927678.000000
CCGT filtered : 23563403.000000
time : 31.520906
