Parameters: GAD=1 vflib=1 dir=0 label=0 lowerbound=1 fileNameGp=../graphsdb/mcs30/m2D/m2D/mcs30_m2D_s30.A58 fileNameGt=../graphsdb/mcs30/m2D/m2D/mcs30_m2D_s30.B58
Reading graphs...
30 :  49
30 :  49
Initializing...
maxdom : 30
D->valSize : 900
Solving...
currentSize : 10 <-- 0.011034 s
currentSize : 12 <-- 0.011155 s
currentSize : 13 <-- 0.011368 s
currentSize : 16 <-- 0.011839 s
currentSize : 17 <-- 0.011944 s
currentSize : 18 <-- 0.016646 s
currentSize : 19 <-- 0.018013 s
currentSize : 20 <-- 0.081489 s
currentSize : 21 <-- 0.363915 s
currentSize : 22 <-- 4.849219 s

maxsize : 22
nodes : 1119617.000000
filtered : 29408402.000000
CCGP filtered : 10632822.000000
CCGT filtered : 6967399.000000
time : 10.874590
