Parameters: GAD=1 vflib=1 dir=0 label=0 lowerbound=1 fileNameGp=../graphsdb/mcs30/bvg/b06m/mcs30_b06m_s35.A99 fileNameGt=../graphsdb/mcs30/bvg/b06m/mcs30_b06m_s35.B99
Reading graphs...
35 :  102
35 :  98
Initializing...
maxdom : 35
D->valSize : 1225
Solving...
currentSize : 11 <-- 0.019709 s
currentSize : 13 <-- 0.019762 s
currentSize : 15 <-- 0.020266 s
currentSize : 16 <-- 0.020424 s
currentSize : 17 <-- 0.034464 s
currentSize : 18 <-- 0.081880 s
currentSize : 19 <-- 0.241353 s
currentSize : 20 <-- 20.347914 s
currentSize : 21 <-- 153.197952 s

maxsize : 21
nodes : 207239468.000000
filtered : 5944157932.000000
CCGP filtered : 596344627.000000
CCGT filtered : 405202459.000000
time : 2317.795410
