Parameters: GAD=1 vflib=1 dir=0 label=0 lowerbound=1 fileNameGp=../graphsdb/mcs30/bvg/b06m/mcs30_b06m_s30.A55 fileNameGt=../graphsdb/mcs30/bvg/b06m/mcs30_b06m_s30.B55
Reading graphs...
30 :  86
30 :  83
Initializing...
maxdom : 30
D->valSize : 900
Solving...
currentSize : 11 <-- 0.016040 s
currentSize : 12 <-- 0.016074 s
currentSize : 13 <-- 0.016130 s
currentSize : 14 <-- 0.017466 s
currentSize : 15 <-- 0.028943 s
currentSize : 16 <-- 0.073337 s
currentSize : 17 <-- 0.102951 s
currentSize : 18 <-- 0.213437 s
currentSize : 19 <-- 110.807106 s

maxsize : 19
nodes : 15895894.000000
filtered : 401232712.000000
CCGP filtered : 27111960.000000
CCGT filtered : 17225649.000000
time : 150.166840
