Parameters: GAD=1 vflib=1 dir=0 label=0 lowerbound=1 fileNameGp=../graphsdb/mcs30/bvg/b03m/mcs30_b03m_s25.A96 fileNameGt=../graphsdb/mcs30/bvg/b03m/mcs30_b03m_s25.B96
Reading graphs...
25 :  37
25 :  37
Initializing...
maxdom : 25
D->valSize : 625
Solving...
currentSize : 9 <-- 0.009272 s
currentSize : 11 <-- 0.009413 s
currentSize : 12 <-- 0.010268 s
currentSize : 13 <-- 0.011733 s
currentSize : 14 <-- 0.011970 s
currentSize : 15 <-- 0.012505 s
currentSize : 16 <-- 0.034001 s
currentSize : 17 <-- 0.051482 s
currentSize : 18 <-- 0.059892 s

maxsize : 18
nodes : 115395.000000
filtered : 2572739.000000
CCGP filtered : 1276929.000000
CCGT filtered : 1077589.000000
time : 1.082510
