Parameters: GAD=1 vflib=1 dir=0 label=0 lowerbound=1 fileNameGp=../graphsdb/mcs30/m2D/m2Dr2/mcs30_m2Dr2_s30.A55 fileNameGt=../graphsdb/mcs30/m2D/m2Dr2/mcs30_m2Dr2_s30.B55
Reading graphs...
30 :  53
30 :  55
Initializing...
maxdom : 30
D->valSize : 900
Solving...
currentSize : 13 <-- 0.019240 s
currentSize : 15 <-- 0.020032 s
currentSize : 16 <-- 0.020266 s
currentSize : 17 <-- 0.091475 s
currentSize : 18 <-- 0.205861 s
currentSize : 19 <-- 0.213797 s
currentSize : 20 <-- 0.382684 s
currentSize : 21 <-- 3.660725 s
currentSize : 22 <-- 4.462828 s

maxsize : 22
nodes : 1010010.000000
filtered : 29091798.000000
CCGP filtered : 13404964.000000
CCGT filtered : 5353872.000000
time : 9.817786
