Parameters: GAD=1 vflib=1 dir=0 label=0 lowerbound=1 fileNameGp=../graphsdb/mcs30/m3D/m3Dr2/mcs30_m3Dr2_s30.A20 fileNameGt=../graphsdb/mcs30/m3D/m3Dr2/mcs30_m3Dr2_s30.B20
Reading graphs...
30 :  62
30 :  66
Initializing...
maxdom : 30
D->valSize : 900
Solving...
currentSize : 13 <-- 0.010792 s
currentSize : 14 <-- 0.010865 s
currentSize : 15 <-- 0.010896 s
currentSize : 16 <-- 0.012183 s
currentSize : 17 <-- 0.015047 s
currentSize : 18 <-- 0.103786 s
currentSize : 19 <-- 0.245684 s
currentSize : 20 <-- 3.076068 s
currentSize : 21 <-- 38.954262 s

maxsize : 21
nodes : 6505138.000000
filtered : 176343359.000000
CCGP filtered : 19477289.000000
CCGT filtered : 12066156.000000
time : 62.118328
