Parameters: GAD=1 vflib=1 dir=0 label=0 lowerbound=1 fileNameGp=../graphsdb/mcs30/bvg/b06/mcs30_b06_s35.A14 fileNameGt=../graphsdb/mcs30/bvg/b06/mcs30_b06_s35.B14
Reading graphs...
35 :  101
35 :  103
Initializing...
maxdom : 35
D->valSize : 1225
Solving...
currentSize : 12 <-- 0.019545 s
currentSize : 13 <-- 0.019646 s
currentSize : 14 <-- 0.019868 s
currentSize : 15 <-- 0.020966 s
currentSize : 16 <-- 0.024893 s
currentSize : 17 <-- 0.314561 s
currentSize : 18 <-- 0.586923 s
currentSize : 19 <-- 2.941704 s
currentSize : 20 <-- 8.064086 s
currentSize : 21 <-- 173.725159 s

maxsize : 21
nodes : 160289743.000000
filtered : 4883602020.000000
CCGP filtered : 472944586.000000
CCGT filtered : 370533752.000000
time : 1830.226074
