Parameters: GAD=1 vflib=1 dir=0 label=0 lowerbound=1 fileNameGp=../graphsdb/mcs30/bvg/b03/mcs30_b03_s35.A16 fileNameGt=../graphsdb/mcs30/bvg/b03/mcs30_b03_s35.B16
Reading graphs...
35 :  50
35 :  52
Initializing...
maxdom : 35
D->valSize : 1225
Solving...
currentSize : 10 <-- 0.021224 s
currentSize : 11 <-- 0.021264 s
currentSize : 12 <-- 0.021591 s
currentSize : 13 <-- 0.021762 s
currentSize : 16 <-- 0.021869 s
currentSize : 17 <-- 0.022282 s
currentSize : 18 <-- 0.023079 s
currentSize : 19 <-- 0.037988 s
currentSize : 20 <-- 0.237594 s
currentSize : 22 <-- 0.261911 s
currentSize : 23 <-- 0.892242 s
currentSize : 24 <-- 18.504692 s

maxsize : 24
nodes : 11473806.000000
filtered : 294851274.000000
CCGP filtered : 281724952.000000
CCGT filtered : 139442304.000000
time : 127.858398
