Parameters: GAD=1 vflib=1 dir=0 label=0 lowerbound=1 fileNameGp=../graphsdb/mcs30/m3D/m3Dr4/mcs30_m3Dr4_s30.A50 fileNameGt=../graphsdb/mcs30/m3D/m3Dr4/mcs30_m3Dr4_s30.B50
Reading graphs...
30 :  68
30 :  67
Initializing...
maxdom : 30
D->valSize : 900
Solving...
currentSize : 11 <-- 0.018470 s
currentSize : 13 <-- 0.018565 s
currentSize : 14 <-- 0.018597 s
currentSize : 15 <-- 0.029330 s
currentSize : 16 <-- 0.058947 s
currentSize : 17 <-- 0.061848 s
currentSize : 18 <-- 0.173400 s
currentSize : 19 <-- 1.427071 s
currentSize : 20 <-- 9.848499 s

maxsize : 20
nodes : 6499091.000000
filtered : 171279511.000000
CCGP filtered : 26720740.000000
CCGT filtered : 10718531.000000
time : 60.906189
