Parameters: GAD=1 vflib=1 dir=0 label=0 lowerbound=1 fileNameGp=../graphsdb/mcs30/bvg/b03/mcs30_b03_s30.A15 fileNameGt=../graphsdb/mcs30/bvg/b03/mcs30_b03_s30.B15
Reading graphs...
30 :  45
30 :  44
Initializing...
maxdom : 30
D->valSize : 900
Solving...
currentSize : 12 <-- 0.011308 s
currentSize : 13 <-- 0.011408 s
currentSize : 14 <-- 0.011584 s
currentSize : 15 <-- 0.011621 s
currentSize : 17 <-- 0.016706 s
currentSize : 18 <-- 0.016744 s
currentSize : 19 <-- 0.018965 s
currentSize : 20 <-- 0.037686 s
currentSize : 21 <-- 6.316090 s
currentSize : 22 <-- 6.600441 s

maxsize : 22
nodes : 862682.000000
filtered : 18502582.000000
CCGP filtered : 9207333.000000
CCGT filtered : 5826246.000000
time : 7.641252
