Parameters: GAD=1 vflib=1 dir=0 label=0 lowerbound=1 fileNameGp=../graphsdb/mcs30/m2D/m2D/mcs30_m2D_s30.A87 fileNameGt=../graphsdb/mcs30/m2D/m2D/mcs30_m2D_s30.B87
Reading graphs...
30 :  48
30 :  48
Initializing...
maxdom : 30
D->valSize : 900
Solving...
currentSize : 14 <-- 0.011233 s
currentSize : 15 <-- 0.011306 s
currentSize : 16 <-- 0.011323 s
currentSize : 17 <-- 0.011335 s
currentSize : 18 <-- 0.013052 s
currentSize : 19 <-- 0.015758 s
currentSize : 20 <-- 0.848644 s
currentSize : 21 <-- 2.550929 s
currentSize : 22 <-- 14.605982 s

maxsize : 22
nodes : 1728212.000000
filtered : 40927362.000000
CCGP filtered : 16676294.000000
CCGT filtered : 14124427.000000
time : 16.237434
