Parameters: GAD=1 vflib=1 dir=0 label=0 lowerbound=1 fileNameGp=../graphsdb/mcs30/rand/r005/mcs30_r005_s20.A01 fileNameGt=../graphsdb/mcs30/rand/r005/mcs30_r005_s20.B01
Reading graphs...
20 :  23
20 :  23
Initializing...
maxdom : 20
D->valSize : 400
Solving...
currentSize : 5 <-- 0.002451 s
currentSize : 6 <-- 0.002476 s
currentSize : 7 <-- 0.002491 s
currentSize : 8 <-- 0.002501 s
currentSize : 9 <-- 0.002645 s
currentSize : 10 <-- 0.002757 s
currentSize : 12 <-- 0.002797 s
currentSize : 13 <-- 0.016815 s
currentSize : 14 <-- 0.044823 s

maxsize : 14
nodes : 12272.000000
filtered : 145040.000000
CCGP filtered : 132500.000000
CCGT filtered : 69588.000000
time : 0.074415
