Parameters: GAD=1 vflib=1 dir=0 label=0 lowerbound=1 fileNameGp=../graphsdb/mcs30/rand/r005/mcs30_r005_s35.A38 fileNameGt=../graphsdb/mcs30/rand/r005/mcs30_r005_s35.B38
Reading graphs...
35 :  63
35 :  61
Initializing...
maxdom : 35
D->valSize : 1225
Solving...
currentSize : 16 <-- 0.024803 s
currentSize : 17 <-- 0.025881 s
currentSize : 18 <-- 0.026728 s
currentSize : 19 <-- 0.026741 s
currentSize : 20 <-- 0.028391 s
currentSize : 21 <-- 0.032175 s
currentSize : 22 <-- 0.065528 s
currentSize : 23 <-- 1.118265 s
currentSize : 24 <-- 14.925891 s
currentSize : 25 <-- 77.411491 s

maxsize : 25
nodes : 22410012.000000
filtered : 702777141.000000
CCGP filtered : 217107423.000000
CCGT filtered : 76632782.000000
time : 234.466949
