Parameters: GAD=1 vflib=1 dir=0 label=0 lowerbound=1 fileNameGp=../graphsdb/mcs30/rand/r01/mcs30_r01_s30.A99 fileNameGt=../graphsdb/mcs30/rand/r01/mcs30_r01_s30.B99
Reading graphs...
30 :  88
30 :  82
Initializing...
maxdom : 30
D->valSize : 900
Solving...
currentSize : 10 <-- 0.010345 s
currentSize : 11 <-- 0.010406 s
currentSize : 12 <-- 0.010468 s
currentSize : 13 <-- 0.010703 s
currentSize : 14 <-- 0.011227 s
currentSize : 15 <-- 0.033898 s
currentSize : 16 <-- 0.092008 s
currentSize : 17 <-- 1.585378 s
currentSize : 18 <-- 1.585506 s
currentSize : 19 <-- 126.896004 s

maxsize : 19
nodes : 15132383.000000
filtered : 347025319.000000
CCGP filtered : 29164571.000000
CCGT filtered : 14385225.000000
time : 141.822662
