Parameters: GAD=1 vflib=1 dir=0 label=0 lowerbound=1 fileNameGp=../graphsdb/mcs30/bvg/b03m/mcs30_b03m_s35.A68 fileNameGt=../graphsdb/mcs30/bvg/b03m/mcs30_b03m_s35.B68
Reading graphs...
35 :  52
35 :  52
Initializing...
maxdom : 35
D->valSize : 1225
Solving...
currentSize : 14 <-- 0.021029 s
currentSize : 16 <-- 0.021678 s
currentSize : 17 <-- 0.021739 s
currentSize : 19 <-- 0.021889 s
currentSize : 20 <-- 0.021901 s
currentSize : 21 <-- 0.024500 s
currentSize : 22 <-- 0.046215 s
currentSize : 23 <-- 0.633086 s
currentSize : 24 <-- 7.950599 s
currentSize : 25 <-- 20.469244 s
currentSize : 26 <-- 20.665373 s

maxsize : 26
nodes : 3501821.000000
filtered : 110328397.000000
CCGP filtered : 64987530.000000
CCGT filtered : 58742935.000000
time : 43.728874
