Parameters: GAD=1 vflib=1 dir=0 label=0 lowerbound=1 fileNameGp=../graphsdb/mcs30/bvg/b03/mcs30_b03_s30.A28 fileNameGt=../graphsdb/mcs30/bvg/b03/mcs30_b03_s30.B28
Reading graphs...
30 :  43
30 :  45
Initializing...
maxdom : 30
D->valSize : 900
Solving...
currentSize : 8 <-- 0.011126 s
currentSize : 10 <-- 0.011161 s
currentSize : 11 <-- 0.012573 s
currentSize : 12 <-- 0.013499 s
currentSize : 13 <-- 0.013978 s
currentSize : 14 <-- 0.014295 s
currentSize : 15 <-- 0.016295 s
currentSize : 16 <-- 0.017052 s
currentSize : 17 <-- 0.048591 s
currentSize : 19 <-- 0.052036 s
currentSize : 20 <-- 0.098380 s
currentSize : 21 <-- 0.164677 s

maxsize : 21
nodes : 758729.000000
filtered : 18985520.000000
CCGP filtered : 10108982.000000
CCGT filtered : 11034935.000000
time : 7.522349
