Parameters: GAD=1 vflib=1 dir=0 label=0 lowerbound=1 fileNameGp=../graphsdb/mcs30/m3D/m3Dr2/mcs30_m3Dr2_s25.A60 fileNameGt=../graphsdb/mcs30/m3D/m3Dr2/mcs30_m3Dr2_s25.B60
Reading graphs...
25 :  54
25 :  54
Initializing...
maxdom : 25
D->valSize : 625
Solving...
currentSize : 8 <-- 0.005127 s
currentSize : 10 <-- 0.005173 s
currentSize : 11 <-- 0.005636 s
currentSize : 12 <-- 0.005758 s
currentSize : 13 <-- 0.005821 s
currentSize : 14 <-- 0.007795 s
currentSize : 15 <-- 0.009682 s
currentSize : 16 <-- 0.195598 s
currentSize : 17 <-- 2.570501 s

maxsize : 17
nodes : 688546.000000
filtered : 13952937.000000
CCGP filtered : 1681081.000000
CCGT filtered : 1327232.000000
time : 5.457890
