Parameters: GAD=1 vflib=1 dir=0 label=0 lowerbound=1 fileNameGp=../graphsdb/mcs30/m2D/m2D/mcs30_m2D_s30.A07 fileNameGt=../graphsdb/mcs30/m2D/m2D/mcs30_m2D_s30.B07
Reading graphs...
30 :  48
30 :  49
Initializing...
maxdom : 30
D->valSize : 900
Solving...
currentSize : 8 <-- 0.016968 s
currentSize : 12 <-- 0.017053 s
currentSize : 13 <-- 0.017129 s
currentSize : 14 <-- 0.018173 s
currentSize : 15 <-- 0.018264 s
currentSize : 16 <-- 0.020384 s
currentSize : 17 <-- 0.029725 s
currentSize : 18 <-- 0.054309 s
currentSize : 19 <-- 0.063520 s
currentSize : 20 <-- 5.580369 s
currentSize : 21 <-- 15.346653 s
currentSize : 22 <-- 22.395634 s

maxsize : 22
nodes : 2461069.000000
filtered : 58905965.000000
CCGP filtered : 43938790.000000
CCGT filtered : 20189517.000000
time : 24.196447
