Parameters: GAD=1 vflib=1 dir=0 label=0 lowerbound=1 fileNameGp=../graphsdb/mcs30/m3D/m3Dr4/mcs30_m3Dr4_s30.A96 fileNameGt=../graphsdb/mcs30/m3D/m3Dr4/mcs30_m3Dr4_s30.B96
Reading graphs...
30 :  70
30 :  70
Initializing...
maxdom : 30
D->valSize : 900
Solving...
currentSize : 11 <-- 0.010579 s
currentSize : 12 <-- 0.010683 s
currentSize : 13 <-- 0.010834 s
currentSize : 14 <-- 0.011105 s
currentSize : 15 <-- 0.011226 s
currentSize : 16 <-- 0.056771 s
currentSize : 17 <-- 0.268752 s
currentSize : 18 <-- 0.355238 s
currentSize : 19 <-- 6.001145 s

maxsize : 19
nodes : 11202946.000000
filtered : 267973685.000000
CCGP filtered : 20352474.000000
CCGT filtered : 19618777.000000
time : 103.849350
