Parameters: GAD=1 vflib=1 dir=0 label=0 lowerbound=1 fileNameGp=../graphsdb/mcs30/bvg/b06m/mcs30_b06m_s35.A33 fileNameGt=../graphsdb/mcs30/bvg/b06m/mcs30_b06m_s35.B33
Reading graphs...
35 :  96
35 :  99
Initializing...
maxdom : 35
D->valSize : 1225
Solving...
currentSize : 12 <-- 0.019712 s
currentSize : 13 <-- 0.019747 s
currentSize : 14 <-- 0.019836 s
currentSize : 15 <-- 0.019937 s
currentSize : 16 <-- 0.021571 s
currentSize : 18 <-- 0.022878 s
currentSize : 19 <-- 1.187517 s
currentSize : 20 <-- 5.949679 s
currentSize : 21 <-- 12.449056 s

maxsize : 21
nodes : 148601214.000000
filtered : 4351173752.000000
CCGP filtered : 374624500.000000
CCGT filtered : 483676461.000000
time : 1697.764893
