Parameters: GAD=1 vflib=1 dir=0 label=0 lowerbound=1 fileNameGp=../graphsdb/mcs30/bvg/b06/mcs30_b06_s35.A81 fileNameGt=../graphsdb/mcs30/bvg/b06/mcs30_b06_s35.B81
Reading graphs...
35 :  104
35 :  104
Initializing...
maxdom : 35
D->valSize : 1225
Solving...
currentSize : 11 <-- 0.019345 s
currentSize : 12 <-- 0.019453 s
currentSize : 14 <-- 0.019507 s
currentSize : 15 <-- 0.020462 s
currentSize : 16 <-- 0.033377 s
currentSize : 17 <-- 0.094528 s
currentSize : 18 <-- 0.649046 s
currentSize : 19 <-- 9.751145 s
currentSize : 20 <-- 310.455841 s
currentSize : 21 <-- 612.388916 s

maxsize : 21
nodes : 161052914.000000
filtered : 4304219236.000000
CCGP filtered : 291614273.000000
CCGT filtered : 393028107.000000
time : 1824.431763
