Parameters: GAD=1 vflib=1 dir=0 label=0 lowerbound=1 fileNameGp=../graphsdb/mcs30/bvg/b06/mcs30_b06_s35.A05 fileNameGt=../graphsdb/mcs30/bvg/b06/mcs30_b06_s35.B05
Reading graphs...
35 :  103
35 :  104
Initializing...
maxdom : 35
D->valSize : 1225
Solving...
currentSize : 12 <-- 0.033340 s
currentSize : 13 <-- 0.033524 s
currentSize : 15 <-- 0.034558 s
currentSize : 16 <-- 0.051293 s
currentSize : 17 <-- 0.076345 s
currentSize : 18 <-- 0.154075 s
currentSize : 19 <-- 1.309055 s
currentSize : 20 <-- 17.307842 s
currentSize : 21 <-- 2907.128906 s

maxsize : 21
nodes : 323181642.000000
filtered : 8453836232.000000
CCGP filtered : 611930054.000000
CCGT filtered : 517697529.000000
time : 3535.606445
