Parameters: GAD=1 vflib=1 dir=0 label=0 lowerbound=1 fileNameGp=../graphsdb/mcs30/bvg/b03m/mcs30_b03m_s35.A63 fileNameGt=../graphsdb/mcs30/bvg/b03m/mcs30_b03m_s35.B63
Reading graphs...
35 :  51
35 :  51
Initializing...
maxdom : 35
D->valSize : 1225
Solving...
currentSize : 14 <-- 0.036564 s
currentSize : 15 <-- 0.039691 s
currentSize : 16 <-- 0.064903 s
currentSize : 17 <-- 0.094597 s
currentSize : 18 <-- 0.170809 s
currentSize : 19 <-- 0.298178 s
currentSize : 20 <-- 1.815681 s
currentSize : 21 <-- 2.164765 s
currentSize : 22 <-- 2.398000 s
currentSize : 23 <-- 14.010545 s

maxsize : 23
nodes : 9280223.000000
filtered : 206764160.000000
CCGP filtered : 199954649.000000
CCGT filtered : 123816816.000000
time : 99.435966
