Parameters: GAD=1 vflib=1 dir=0 label=0 lowerbound=1 fileNameGp=../graphsdb/mcs30/bvg/b03m/mcs30_b03m_s35.A44 fileNameGt=../graphsdb/mcs30/bvg/b03m/mcs30_b03m_s35.B44
Reading graphs...
35 :  51
35 :  51
Initializing...
maxdom : 35
D->valSize : 1225
Solving...
currentSize : 12 <-- 0.021157 s
currentSize : 13 <-- 0.021330 s
currentSize : 15 <-- 0.023904 s
currentSize : 16 <-- 0.041571 s
currentSize : 17 <-- 0.041870 s
currentSize : 18 <-- 0.077944 s
currentSize : 19 <-- 0.078374 s
currentSize : 20 <-- 0.100687 s
currentSize : 21 <-- 0.239507 s
currentSize : 22 <-- 0.780958 s
currentSize : 23 <-- 0.899849 s
currentSize : 24 <-- 3.829098 s

maxsize : 24
nodes : 11484656.000000
filtered : 278861168.000000
CCGP filtered : 254038138.000000
CCGT filtered : 248324525.000000
time : 136.311142
