Parameters: GAD=1 vflib=1 dir=0 label=0 lowerbound=1 fileNameGp=../graphsdb/mcs30/bvg/b03/mcs30_b03_s30.A36 fileNameGt=../graphsdb/mcs30/bvg/b03/mcs30_b03_s30.B36
Reading graphs...
30 :  43
30 :  45
Initializing...
maxdom : 30
D->valSize : 900
Solving...
currentSize : 12 <-- 0.011098 s
currentSize : 13 <-- 0.011253 s
currentSize : 16 <-- 0.012111 s
currentSize : 17 <-- 0.012176 s
currentSize : 18 <-- 0.012281 s
currentSize : 19 <-- 0.012433 s
currentSize : 20 <-- 0.136434 s
currentSize : 21 <-- 0.412119 s
currentSize : 22 <-- 2.797893 s

maxsize : 22
nodes : 508720.000000
filtered : 12759465.000000
CCGP filtered : 6794862.000000
CCGT filtered : 5974343.000000
time : 5.122987
