Parameters: GAD=1 vflib=1 dir=0 label=0 lowerbound=1 fileNameGp=../graphsdb/mcs30/bvg/b03m/mcs30_b03m_s30.A67 fileNameGt=../graphsdb/mcs30/bvg/b03m/mcs30_b03m_s30.B67
Reading graphs...
30 :  44
30 :  44
Initializing...
maxdom : 30
D->valSize : 900
Solving...
currentSize : 13 <-- 0.019486 s
currentSize : 14 <-- 0.019760 s
currentSize : 15 <-- 0.028631 s
currentSize : 16 <-- 0.036930 s
currentSize : 17 <-- 0.097475 s
currentSize : 18 <-- 0.097669 s
currentSize : 19 <-- 0.180581 s
currentSize : 20 <-- 1.204848 s
currentSize : 21 <-- 5.012102 s

maxsize : 21
nodes : 853643.000000
filtered : 18560278.000000
CCGP filtered : 11025505.000000
CCGT filtered : 8809088.000000
time : 8.261986
