Parameters: GAD=1 vflib=1 dir=0 label=0 lowerbound=1 fileNameGp=../graphsdb/mcs30/m3D/m3D/mcs30_m3D_s25.A19 fileNameGt=../graphsdb/mcs30/m3D/m3D/mcs30_m3D_s25.B19
Reading graphs...
25 :  49
25 :  47
Initializing...
maxdom : 25
D->valSize : 625
Solving...
currentSize : 9 <-- 0.005140 s
currentSize : 10 <-- 0.005175 s
currentSize : 11 <-- 0.005293 s
currentSize : 12 <-- 0.005545 s
currentSize : 13 <-- 0.005566 s
currentSize : 14 <-- 0.007150 s
currentSize : 15 <-- 0.008639 s
currentSize : 16 <-- 0.008731 s
currentSize : 17 <-- 1.280388 s

maxsize : 17
nodes : 494023.000000
filtered : 10535180.000000
CCGP filtered : 1747009.000000
CCGT filtered : 1843956.000000
time : 4.089560
