Parameters: GAD=1 vflib=1 dir=0 label=0 lowerbound=1 fileNameGp=../graphsdb/mcs30/bvg/b09m/mcs30_b09m_s35.A39 fileNameGt=../graphsdb/mcs30/bvg/b09m/mcs30_b09m_s35.B39
Reading graphs...
35 :  144
35 :  145
Initializing...
maxdom : 35
D->valSize : 1225
Solving...
currentSize : 10 <-- 0.018637 s
currentSize : 12 <-- 0.018692 s
currentSize : 13 <-- 0.018764 s
currentSize : 14 <-- 0.019048 s
currentSize : 15 <-- 0.019424 s
currentSize : 16 <-- 0.050873 s
currentSize : 17 <-- 0.222186 s
currentSize : 18 <-- 8.852788 s
currentSize : 19 <-- 57.488094 s

maxsize : 19
nodes : 287561820.000000
filtered : 7527240413.000000
CCGP filtered : 76563025.000000
CCGT filtered : 98132418.000000
time : 3289.431641
