Parameters: GAD=1 vflib=1 dir=0 label=0 lowerbound=1 fileNameGp=../graphsdb/mcs30/m3D/m3Dr2/mcs30_m3Dr2_s30.A45 fileNameGt=../graphsdb/mcs30/m3D/m3Dr2/mcs30_m3Dr2_s30.B45
Reading graphs...
30 :  64
30 :  65
Initializing...
maxdom : 30
D->valSize : 900
Solving...
currentSize : 12 <-- 0.018527 s
currentSize : 13 <-- 0.018619 s
currentSize : 14 <-- 0.022795 s
currentSize : 15 <-- 0.031640 s
currentSize : 16 <-- 0.061359 s
currentSize : 17 <-- 0.095149 s
currentSize : 18 <-- 0.240714 s
currentSize : 19 <-- 0.729995 s
currentSize : 20 <-- 0.813845 s

maxsize : 20
nodes : 6089275.000000
filtered : 158803030.000000
CCGP filtered : 16143090.000000
CCGT filtered : 21399830.000000
time : 58.199276
