Parameters: GAD=1 vflib=1 dir=0 label=0 lowerbound=1 fileNameGp=../graphsdb/mcs30/m3D/m3D/mcs30_m3D_s30.A99 fileNameGt=../graphsdb/mcs30/m3D/m3D/mcs30_m3D_s30.B99
Reading graphs...
30 :  60
30 :  59
Initializing...
maxdom : 30
D->valSize : 900
Solving...
currentSize : 12 <-- 0.010662 s
currentSize : 13 <-- 0.010752 s
currentSize : 14 <-- 0.010864 s
currentSize : 15 <-- 0.011200 s
currentSize : 16 <-- 0.017645 s
currentSize : 17 <-- 0.017796 s
currentSize : 18 <-- 0.073056 s
currentSize : 19 <-- 2.662681 s
currentSize : 20 <-- 4.677700 s

maxsize : 20
nodes : 9023993.000000
filtered : 224363892.000000
CCGP filtered : 46669622.000000
CCGT filtered : 35671080.000000
time : 85.171875
