Parameters: GAD=1 vflib=1 dir=0 label=0 lowerbound=1 fileNameGp=../graphsdb/mcs30/bvg/b03m/mcs30_b03m_s30.A32 fileNameGt=../graphsdb/mcs30/bvg/b03m/mcs30_b03m_s30.B32
Reading graphs...
30 :  45
30 :  45
Initializing...
maxdom : 30
D->valSize : 900
Solving...
currentSize : 12 <-- 0.011403 s
currentSize : 13 <-- 0.011920 s
currentSize : 15 <-- 0.016721 s
currentSize : 16 <-- 0.016856 s
currentSize : 17 <-- 0.022184 s
currentSize : 18 <-- 0.155652 s
currentSize : 19 <-- 0.322414 s
currentSize : 20 <-- 0.326558 s
currentSize : 21 <-- 0.642913 s
currentSize : 22 <-- 4.709812 s

maxsize : 22
nodes : 903707.000000
filtered : 18249434.000000
CCGP filtered : 8079127.000000
CCGT filtered : 6209843.000000
time : 7.734549
