Parameters: GAD=1 vflib=1 dir=0 label=0 lowerbound=1 fileNameGp=../graphsdb/mcs30/m3D/m3Dr6/mcs30_m3Dr6_s30.A72 fileNameGt=../graphsdb/mcs30/m3D/m3Dr6/mcs30_m3Dr6_s30.B72
Reading graphs...
30 :  76
30 :  76
Initializing...
maxdom : 30
D->valSize : 900
Solving...
currentSize : 10 <-- 0.010636 s
currentSize : 12 <-- 0.010677 s
currentSize : 13 <-- 0.010868 s
currentSize : 14 <-- 0.011014 s
currentSize : 15 <-- 0.011133 s
currentSize : 16 <-- 0.028465 s
currentSize : 17 <-- 0.029853 s
currentSize : 18 <-- 0.093455 s
currentSize : 19 <-- 3.588400 s

maxsize : 19
nodes : 19784374.000000
filtered : 489918023.000000
CCGP filtered : 36263241.000000
CCGT filtered : 20159193.000000
time : 183.841248
