Parameters: GAD=1 vflib=1 dir=0 label=0 lowerbound=1 fileNameGp=../graphsdb/mcs30/m3D/m3Dr2/mcs30_m3Dr2_s30.A48 fileNameGt=../graphsdb/mcs30/m3D/m3Dr2/mcs30_m3Dr2_s30.B48
Reading graphs...
30 :  67
30 :  66
Initializing...
maxdom : 30
D->valSize : 900
Solving...
currentSize : 11 <-- 0.010842 s
currentSize : 12 <-- 0.010978 s
currentSize : 14 <-- 0.011255 s
currentSize : 15 <-- 0.011348 s
currentSize : 16 <-- 0.022338 s
currentSize : 17 <-- 0.032911 s
currentSize : 18 <-- 0.133274 s
currentSize : 19 <-- 5.075014 s
currentSize : 20 <-- 57.631927 s

maxsize : 20
nodes : 10916435.000000
filtered : 264219994.000000
CCGP filtered : 38382112.000000
CCGT filtered : 43917303.000000
time : 102.425659
