Parameters: GAD=1 vflib=1 dir=0 label=0 lowerbound=1 fileNameGp=../graphsdb/mcs30/m2D/m2Dr4/mcs30_m2Dr4_s30.A72 fileNameGt=../graphsdb/mcs30/m2D/m2Dr4/mcs30_m2Dr4_s30.B72
Reading graphs...
30 :  59
30 :  59
Initializing...
maxdom : 30
D->valSize : 900
Solving...
currentSize : 11 <-- 0.018821 s
currentSize : 13 <-- 0.018885 s
currentSize : 14 <-- 0.018997 s
currentSize : 15 <-- 0.019239 s
currentSize : 16 <-- 0.019507 s
currentSize : 17 <-- 0.020037 s
currentSize : 18 <-- 0.069652 s
currentSize : 19 <-- 0.500181 s
currentSize : 20 <-- 0.910874 s
currentSize : 21 <-- 10.949254 s

maxsize : 21
nodes : 2029044.000000
filtered : 55449995.000000
CCGP filtered : 12762347.000000
CCGT filtered : 8699570.000000
time : 20.476973
