Parameters: GAD=1 vflib=1 dir=0 label=0 lowerbound=1 fileNameGp=../graphsdb/mcs30/m3D/m3Dr4/mcs30_m3Dr4_s30.A81 fileNameGt=../graphsdb/mcs30/m3D/m3Dr4/mcs30_m3Dr4_s30.B81
Reading graphs...
30 :  69
30 :  70
Initializing...
maxdom : 30
D->valSize : 900
Solving...
currentSize : 11 <-- 0.010576 s
currentSize : 12 <-- 0.010655 s
currentSize : 13 <-- 0.010976 s
currentSize : 14 <-- 0.011014 s
currentSize : 15 <-- 0.011544 s
currentSize : 16 <-- 0.019096 s
currentSize : 17 <-- 0.222192 s
currentSize : 18 <-- 0.369872 s
currentSize : 19 <-- 37.716640 s

maxsize : 19
nodes : 14144919.000000
filtered : 314631397.000000
CCGP filtered : 49522521.000000
CCGT filtered : 23731792.000000
time : 129.918167
