Parameters: GAD=1 vflib=1 dir=0 label=0 lowerbound=1 fileNameGp=../graphsdb/mcs30/rand/r01/mcs30_r01_s35.A53 fileNameGt=../graphsdb/mcs30/rand/r01/mcs30_r01_s35.B53
Reading graphs...
35 :  113
35 :  114
Initializing...
maxdom : 35
D->valSize : 1225
Solving...
currentSize : 12 <-- 0.018998 s
currentSize : 13 <-- 0.019041 s
currentSize : 14 <-- 0.019242 s
currentSize : 15 <-- 0.019399 s
currentSize : 16 <-- 0.020723 s
currentSize : 17 <-- 0.032019 s
currentSize : 18 <-- 0.186069 s
currentSize : 19 <-- 10.892380 s
currentSize : 20 <-- 59.829514 s

maxsize : 20
nodes : 260068399.000000
filtered : 6784831798.000000
CCGP filtered : 186047155.000000
CCGT filtered : 355262261.000000
time : 2975.743164
