Parameters: GAD=1 vflib=1 dir=0 label=0 lowerbound=1 fileNameGp=../graphsdb/mcs30/bvg/b09/mcs30_b09_s35.A91 fileNameGt=../graphsdb/mcs30/bvg/b09/mcs30_b09_s35.B91
Reading graphs...
35 :  152
35 :  146
Initializing...
maxdom : 35
D->valSize : 1225
Solving...
currentSize : 12 <-- 0.018737 s
currentSize : 13 <-- 0.018838 s
currentSize : 14 <-- 0.022220 s
currentSize : 15 <-- 0.041120 s
currentSize : 16 <-- 1.132774 s
currentSize : 17 <-- 4.170220 s
currentSize : 18 <-- 22.441442 s
currentSize : 19 <-- 85.132690 s
currentSize : 20 <-- 593.991821 s

maxsize : 20
nodes : 112128937.000000
filtered : 3129365887.000000
CCGP filtered : 48313132.000000
CCGT filtered : 106123240.000000
time : 1335.710693
