Parameters: GAD=1 vflib=1 dir=0 label=0 lowerbound=1 fileNameGp=../graphsdb/mcs30/m2D/m2D/mcs30_m2D_s30.A16 fileNameGt=../graphsdb/mcs30/m2D/m2D/mcs30_m2D_s30.B16
Reading graphs...
30 :  49
30 :  48
Initializing...
maxdom : 30
D->valSize : 900
Solving...
currentSize : 11 <-- 0.016598 s
currentSize : 13 <-- 0.018507 s
currentSize : 15 <-- 0.018562 s
currentSize : 16 <-- 0.018604 s
currentSize : 17 <-- 0.021519 s
currentSize : 18 <-- 0.021633 s
currentSize : 19 <-- 0.028872 s
currentSize : 20 <-- 0.029838 s
currentSize : 21 <-- 1.439806 s

maxsize : 21
nodes : 2071195.000000
filtered : 50855177.000000
CCGP filtered : 14886351.000000
CCGT filtered : 15054510.000000
time : 18.917620
