Parameters: GAD=1 vflib=1 dir=0 label=0 lowerbound=1 fileNameGp=../graphsdb/mcs30/bvg/b03m/mcs30_b03m_s35.A57 fileNameGt=../graphsdb/mcs30/bvg/b03m/mcs30_b03m_s35.B57
Reading graphs...
35 :  51
35 :  50
Initializing...
maxdom : 35
D->valSize : 1225
Solving...
currentSize : 13 <-- 0.021208 s
currentSize : 14 <-- 0.021243 s
currentSize : 15 <-- 0.021291 s
currentSize : 16 <-- 0.021394 s
currentSize : 17 <-- 0.022060 s
currentSize : 18 <-- 0.024545 s
currentSize : 19 <-- 0.045990 s
currentSize : 20 <-- 0.395141 s
currentSize : 21 <-- 0.395910 s
currentSize : 22 <-- 0.509345 s
currentSize : 23 <-- 0.533262 s
currentSize : 24 <-- 1.040327 s
currentSize : 25 <-- 1.072058 s

maxsize : 25
nodes : 2669030.000000
filtered : 72302567.000000
CCGP filtered : 52310996.000000
CCGT filtered : 24791153.000000
time : 27.881369
