Parameters: GAD=1 vflib=1 dir=0 label=0 lowerbound=1 fileNameGp=../graphsdb/mcs30/m2D/m2Dr6/mcs30_m2Dr6_s30.A07 fileNameGt=../graphsdb/mcs30/m2D/m2Dr6/mcs30_m2Dr6_s30.B07
Reading graphs...
30 :  66
30 :  62
Initializing...
maxdom : 30
D->valSize : 900
Solving...
currentSize : 10 <-- 0.018678 s
currentSize : 11 <-- 0.018809 s
currentSize : 13 <-- 0.018955 s
currentSize : 14 <-- 0.019699 s
currentSize : 15 <-- 0.020702 s
currentSize : 16 <-- 0.022281 s
currentSize : 17 <-- 0.046416 s
currentSize : 18 <-- 0.223046 s
currentSize : 19 <-- 0.268806 s
currentSize : 20 <-- 76.668991 s

maxsize : 20
nodes : 12487332.000000
filtered : 300533817.000000
CCGP filtered : 52137756.000000
CCGT filtered : 48354276.000000
time : 117.167068
