Parameters: GAD=1 vflib=1 dir=0 label=0 lowerbound=1 fileNameGp=../graphsdb/mcs30/m3D/m3D/mcs30_m3D_s30.A22 fileNameGt=../graphsdb/mcs30/m3D/m3D/mcs30_m3D_s30.B22
Reading graphs...
30 :  60
30 :  60
Initializing...
maxdom : 30
D->valSize : 900
Solving...
currentSize : 13 <-- 0.017080 s
currentSize : 14 <-- 0.017116 s
currentSize : 15 <-- 0.017412 s
currentSize : 16 <-- 0.017515 s
currentSize : 17 <-- 0.018373 s
currentSize : 18 <-- 0.019152 s
currentSize : 19 <-- 0.229519 s
currentSize : 20 <-- 1.780027 s
currentSize : 21 <-- 16.370457 s

maxsize : 21
nodes : 3599859.000000
filtered : 93672734.000000
CCGP filtered : 14533227.000000
CCGT filtered : 12288659.000000
time : 33.380684
