Parameters: GAD=1 vflib=1 dir=0 label=0 lowerbound=1 fileNameGp=../graphsdb/mcs30/m2D/m2Dr4/mcs30_m2Dr4_s30.A50 fileNameGt=../graphsdb/mcs30/m2D/m2Dr4/mcs30_m2Dr4_s30.B50
Reading graphs...
30 :  58
30 :  58
Initializing...
maxdom : 30
D->valSize : 900
Solving...
currentSize : 11 <-- 0.019041 s
currentSize : 12 <-- 0.019163 s
currentSize : 13 <-- 0.019187 s
currentSize : 14 <-- 0.019319 s
currentSize : 15 <-- 0.022721 s
currentSize : 16 <-- 0.024461 s
currentSize : 17 <-- 0.035461 s
currentSize : 18 <-- 0.404444 s
currentSize : 19 <-- 8.921642 s

maxsize : 19
nodes : 13743844.000000
filtered : 286437608.000000
CCGP filtered : 61444457.000000
CCGT filtered : 60179133.000000
time : 122.502136
