Parameters: GAD=1 vflib=1 dir=0 label=0 lowerbound=1 fileNameGp=../graphsdb/mcs30/rand/r005/mcs30_r005_s35.A65 fileNameGt=../graphsdb/mcs30/rand/r005/mcs30_r005_s35.B65
Reading graphs...
35 :  61
35 :  64
Initializing...
maxdom : 35
D->valSize : 1225
Solving...
currentSize : 16 <-- 0.020805 s
currentSize : 17 <-- 0.021020 s
currentSize : 18 <-- 0.027608 s
currentSize : 19 <-- 0.034606 s
currentSize : 20 <-- 0.060080 s
currentSize : 21 <-- 0.095688 s
currentSize : 22 <-- 0.390873 s
currentSize : 23 <-- 0.981443 s
currentSize : 24 <-- 90.557884 s
currentSize : 25 <-- 217.455719 s

maxsize : 25
nodes : 22948644.000000
filtered : 689160371.000000
CCGP filtered : 276002255.000000
CCGT filtered : 154639636.000000
time : 260.350586
