Parameters: GAD=1 vflib=1 dir=0 label=0 lowerbound=1 fileNameGp=../graphsdb/mcs30/bvg/b06/mcs30_b06_s35.A42 fileNameGt=../graphsdb/mcs30/bvg/b06/mcs30_b06_s35.B42
Reading graphs...
35 :  104
35 :  103
Initializing...
maxdom : 35
D->valSize : 1225
Solving...
currentSize : 12 <-- 0.023995 s
currentSize : 14 <-- 0.024076 s
currentSize : 15 <-- 0.025411 s
currentSize : 16 <-- 0.042504 s
currentSize : 17 <-- 0.057076 s
currentSize : 18 <-- 0.414949 s
currentSize : 19 <-- 5.862618 s
currentSize : 20 <-- 128.415176 s
currentSize : 21 <-- 1019.138794 s

maxsize : 21
nodes : 231206484.000000
filtered : 6125391190.000000
CCGP filtered : 511811120.000000
CCGT filtered : 404294156.000000
time : 2529.885498
