Parameters: GAD=1 vflib=1 dir=0 label=0 lowerbound=1 fileNameGp=../graphsdb/mcs30/bvg/b03/mcs30_b03_s35.A17 fileNameGt=../graphsdb/mcs30/bvg/b03/mcs30_b03_s35.B17
Reading graphs...
35 :  52
35 :  52
Initializing...
maxdom : 35
D->valSize : 1225
Solving...
currentSize : 15 <-- 0.021288 s
currentSize : 16 <-- 0.021625 s
currentSize : 18 <-- 0.022596 s
currentSize : 19 <-- 0.022807 s
currentSize : 20 <-- 0.023712 s
currentSize : 21 <-- 0.024775 s
currentSize : 22 <-- 0.027937 s
currentSize : 23 <-- 0.125109 s
currentSize : 24 <-- 1.793179 s
currentSize : 25 <-- 40.400143 s

maxsize : 25
nodes : 6224776.000000
filtered : 167880315.000000
CCGP filtered : 78017609.000000
CCGT filtered : 50467451.000000
time : 62.892178
