Parameters: GAD=1 vflib=1 dir=0 label=0 lowerbound=1 fileNameGp=../graphsdb/mcs30/rand/r005/mcs30_r005_s30.A74 fileNameGt=../graphsdb/mcs30/rand/r005/mcs30_r005_s30.B74
Reading graphs...
30 :  47
30 :  48
Initializing...
maxdom : 30
D->valSize : 900
Solving...
currentSize : 3 <-- 0.019243 s
currentSize : 13 <-- 0.019450 s
currentSize : 14 <-- 0.020017 s
currentSize : 15 <-- 0.020416 s
currentSize : 16 <-- 0.020455 s
currentSize : 17 <-- 0.022715 s
currentSize : 18 <-- 0.022747 s
currentSize : 19 <-- 0.048877 s
currentSize : 20 <-- 0.068049 s
currentSize : 21 <-- 0.363123 s
currentSize : 22 <-- 0.970721 s

maxsize : 22
nodes : 2126137.000000
filtered : 55097287.000000
CCGP filtered : 24590106.000000
CCGT filtered : 15706051.000000
time : 20.137611
