Parameters: GAD=1 vflib=1 dir=0 label=0 lowerbound=1 fileNameGp=../graphsdb/mcs30/bvg/b06m/mcs30_b06m_s35.A77 fileNameGt=../graphsdb/mcs30/bvg/b06m/mcs30_b06m_s35.B77
Reading graphs...
35 :  101
35 :  97
Initializing...
maxdom : 35
D->valSize : 1225
Solving...
currentSize : 11 <-- 0.019835 s
currentSize : 12 <-- 0.019904 s
currentSize : 13 <-- 0.020337 s
currentSize : 14 <-- 0.020503 s
currentSize : 15 <-- 0.021001 s
currentSize : 16 <-- 0.021679 s
currentSize : 17 <-- 0.031617 s
currentSize : 18 <-- 0.042423 s
currentSize : 19 <-- 1.195659 s
currentSize : 20 <-- 32.497864 s
currentSize : 21 <-- 257.335785 s

maxsize : 21
nodes : 194152300.000000
filtered : 5497145871.000000
CCGP filtered : 480543740.000000
CCGT filtered : 309821609.000000
time : 2121.703125
