Parameters: GAD=1 vflib=1 dir=0 label=0 lowerbound=1 fileNameGp=../graphsdb/mcs30/bvg/b03m/mcs30_b03m_s35.A51 fileNameGt=../graphsdb/mcs30/bvg/b03m/mcs30_b03m_s35.B51
Reading graphs...
35 :  52
35 :  52
Initializing...
maxdom : 35
D->valSize : 1225
Solving...
currentSize : 13 <-- 0.036654 s
currentSize : 15 <-- 0.037603 s
currentSize : 16 <-- 0.037670 s
currentSize : 17 <-- 0.044020 s
currentSize : 18 <-- 0.048828 s
currentSize : 19 <-- 0.117444 s
currentSize : 20 <-- 0.129453 s
currentSize : 21 <-- 0.359377 s
currentSize : 22 <-- 1.430707 s
currentSize : 23 <-- 10.125264 s
currentSize : 24 <-- 17.469336 s

maxsize : 24
nodes : 6776693.000000
filtered : 191874934.000000
CCGP filtered : 160273575.000000
CCGT filtered : 116628074.000000
time : 83.095634
