Parameters: GAD=1 vflib=1 dir=0 label=0 lowerbound=1 fileNameGp=../graphsdb/mcs30/bvg/b06m/mcs30_b06m_s30.A27 fileNameGt=../graphsdb/mcs30/bvg/b06m/mcs30_b06m_s30.B27
Reading graphs...
30 :  86
30 :  87
Initializing...
maxdom : 30
D->valSize : 900
Solving...
currentSize : 10 <-- 0.017826 s
currentSize : 11 <-- 0.017958 s
currentSize : 12 <-- 0.017997 s
currentSize : 13 <-- 0.018158 s
currentSize : 14 <-- 0.019353 s
currentSize : 15 <-- 0.025645 s
currentSize : 16 <-- 0.039456 s
currentSize : 17 <-- 0.188708 s
currentSize : 18 <-- 3.943378 s
currentSize : 19 <-- 12.466921 s

maxsize : 19
nodes : 9506696.000000
filtered : 257999857.000000
CCGP filtered : 15016051.000000
CCGT filtered : 9733355.000000
time : 93.350624
