Parameters: GAD=1 vflib=1 dir=0 label=0 lowerbound=1 fileNameGp=../graphsdb/mcs30/rand/r005/mcs30_r005_s25.A28 fileNameGt=../graphsdb/mcs30/rand/r005/mcs30_r005_s25.B28
Reading graphs...
25 :  34
25 :  34
Initializing...
maxdom : 25
D->valSize : 625
Solving...
currentSize : 4 <-- 0.009306 s
currentSize : 5 <-- 0.009359 s
currentSize : 8 <-- 0.009521 s
currentSize : 10 <-- 0.009606 s
currentSize : 11 <-- 0.009746 s
currentSize : 12 <-- 0.010057 s
currentSize : 14 <-- 0.010782 s
currentSize : 15 <-- 0.011930 s
currentSize : 16 <-- 0.013241 s
currentSize : 17 <-- 0.051426 s
currentSize : 18 <-- 0.109021 s

maxsize : 18
nodes : 73455.000000
filtered : 1697688.000000
CCGP filtered : 1243422.000000
CCGT filtered : 625975.000000
time : 0.647033
