Parameters: GAD=1 vflib=1 dir=0 label=0 lowerbound=1 fileNameGp=../graphsdb/mcs30/bvg/b09m/mcs30_b09m_s35.A53 fileNameGt=../graphsdb/mcs30/bvg/b09m/mcs30_b09m_s35.B53
Reading graphs...
35 :  147
35 :  144
Initializing...
maxdom : 35
D->valSize : 1225
Solving...
currentSize : 9 <-- 0.018705 s
currentSize : 11 <-- 0.018749 s
currentSize : 12 <-- 0.019067 s
currentSize : 13 <-- 0.020028 s
currentSize : 14 <-- 0.020220 s
currentSize : 15 <-- 0.023776 s
currentSize : 16 <-- 0.219037 s
currentSize : 17 <-- 4.841886 s
currentSize : 18 <-- 179.148178 s
currentSize : 19 <-- 1629.984131 s

TIMEOUT
maxsize : 19
nodes : 313042288.000000
filtered : 7482322353.000000
CCGP filtered : 208918393.000000
CCGT filtered : 209047606.000000
time : 3600.000000
