Parameters: GAD=1 vflib=1 dir=0 label=0 lowerbound=1 fileNameGp=../graphsdb/mcs30/m2D/m2D/mcs30_m2D_s30.A57 fileNameGt=../graphsdb/mcs30/m2D/m2D/mcs30_m2D_s30.B57
Reading graphs...
30 :  49
30 :  48
Initializing...
maxdom : 30
D->valSize : 900
Solving...
currentSize : 8 <-- 0.011000 s
currentSize : 14 <-- 0.011115 s
currentSize : 15 <-- 0.011191 s
currentSize : 16 <-- 0.013339 s
currentSize : 17 <-- 0.017115 s
currentSize : 18 <-- 0.025371 s
currentSize : 19 <-- 0.051713 s
currentSize : 20 <-- 0.223493 s
currentSize : 21 <-- 1.494105 s

maxsize : 21
nodes : 1242015.000000
filtered : 34463847.000000
CCGP filtered : 11090388.000000
CCGT filtered : 10203553.000000
time : 12.304494
