Parameters: GAD=1 vflib=1 dir=0 label=0 lowerbound=1 fileNameGp=../graphsdb/mcs30/bvg/b06m/mcs30_b06m_s25.A17 fileNameGt=../graphsdb/mcs30/bvg/b06m/mcs30_b06m_s25.B17
Reading graphs...
25 :  66
25 :  69
Initializing...
maxdom : 25
D->valSize : 625
Solving...
currentSize : 7 <-- 0.008457 s
currentSize : 8 <-- 0.008529 s
currentSize : 9 <-- 0.008584 s
currentSize : 10 <-- 0.008946 s
currentSize : 11 <-- 0.010802 s
currentSize : 12 <-- 0.010875 s
currentSize : 13 <-- 0.020444 s
currentSize : 14 <-- 0.361062 s
currentSize : 15 <-- 2.358464 s

maxsize : 15
nodes : 1421041.000000
filtered : 28004884.000000
CCGP filtered : 3808774.000000
CCGT filtered : 3061660.000000
time : 11.636025
