Parameters: GAD=1 vflib=1 dir=0 label=0 lowerbound=1 fileNameGp=../graphsdb/mcs30/bvg/b03m/mcs30_b03m_s35.A27 fileNameGt=../graphsdb/mcs30/bvg/b03m/mcs30_b03m_s35.B27
Reading graphs...
35 :  50
35 :  51
Initializing...
maxdom : 35
D->valSize : 1225
Solving...
currentSize : 15 <-- 0.036962 s
currentSize : 16 <-- 0.037439 s
currentSize : 17 <-- 0.040956 s
currentSize : 18 <-- 0.059350 s
currentSize : 19 <-- 0.198455 s
currentSize : 20 <-- 0.221783 s
currentSize : 21 <-- 0.673792 s
currentSize : 22 <-- 1.662749 s
currentSize : 23 <-- 4.942455 s
currentSize : 24 <-- 21.729610 s
currentSize : 25 <-- 21.731684 s

maxsize : 25
nodes : 4464986.000000
filtered : 118271073.000000
CCGP filtered : 78659248.000000
CCGT filtered : 61580459.000000
time : 48.818649
