Parameters: GAD=1 vflib=1 dir=0 label=0 lowerbound=1 fileNameGp=../graphsdb/mcs30/m3D/m3Dr2/mcs30_m3Dr2_s30.A46 fileNameGt=../graphsdb/mcs30/m3D/m3Dr2/mcs30_m3Dr2_s30.B46
Reading graphs...
30 :  67
30 :  66
Initializing...
maxdom : 30
D->valSize : 900
Solving...
currentSize : 10 <-- 0.015253 s
currentSize : 12 <-- 0.015332 s
currentSize : 13 <-- 0.015365 s
currentSize : 14 <-- 0.015878 s
currentSize : 15 <-- 0.018788 s
currentSize : 16 <-- 0.025603 s
currentSize : 17 <-- 0.127979 s
currentSize : 18 <-- 0.163515 s
currentSize : 19 <-- 11.567707 s
currentSize : 20 <-- 69.042175 s

maxsize : 20
nodes : 13611494.000000
filtered : 316053721.000000
CCGP filtered : 49357108.000000
CCGT filtered : 28988382.000000
time : 127.144798
