Parameters: GAD=1 vflib=1 dir=0 label=0 lowerbound=1 fileNameGp=../graphsdb/mcs30/rand/r005/mcs30_r005_s30.A76 fileNameGt=../graphsdb/mcs30/rand/r005/mcs30_r005_s30.B76
Reading graphs...
30 :  47
30 :  48
Initializing...
maxdom : 30
D->valSize : 900
Solving...
currentSize : 14 <-- 0.015836 s
currentSize : 15 <-- 0.015896 s
currentSize : 16 <-- 0.015996 s
currentSize : 17 <-- 0.016357 s
currentSize : 18 <-- 0.017465 s
currentSize : 19 <-- 0.017646 s
currentSize : 20 <-- 0.218379 s
currentSize : 21 <-- 1.125138 s
currentSize : 22 <-- 1.130385 s

maxsize : 22
nodes : 1899627.000000
filtered : 48093249.000000
CCGP filtered : 16092054.000000
CCGT filtered : 7719662.000000
time : 17.382530
