Parameters: GAD=1 vflib=1 dir=0 label=0 lowerbound=1 fileNameGp=../graphsdb/mcs30/m2D/m2Dr2/mcs30_m2Dr2_s30.A21 fileNameGt=../graphsdb/mcs30/m2D/m2Dr2/mcs30_m2Dr2_s30.B21
Reading graphs...
30 :  55
30 :  55
Initializing...
maxdom : 30
D->valSize : 900
Solving...
currentSize : 10 <-- 0.010859 s
currentSize : 11 <-- 0.010899 s
currentSize : 12 <-- 0.010924 s
currentSize : 13 <-- 0.010964 s
currentSize : 14 <-- 0.010991 s
currentSize : 15 <-- 0.012367 s
currentSize : 16 <-- 0.015605 s
currentSize : 17 <-- 0.037342 s
currentSize : 18 <-- 0.111710 s
currentSize : 19 <-- 0.150184 s
currentSize : 20 <-- 0.891973 s
currentSize : 21 <-- 14.682253 s

maxsize : 21
nodes : 3812181.000000
filtered : 92234700.000000
CCGP filtered : 22786519.000000
CCGT filtered : 19740284.000000
time : 36.618706
