Parameters: GAD=1 vflib=1 dir=0 label=0 lowerbound=1 fileNameGp=../graphsdb/mcs30/bvg/b09/mcs30_b09_s35.A35 fileNameGt=../graphsdb/mcs30/bvg/b09/mcs30_b09_s35.B35
Reading graphs...
35 :  154
35 :  153
Initializing...
maxdom : 35
D->valSize : 1225
Solving...
currentSize : 9 <-- 0.018098 s
currentSize : 11 <-- 0.018270 s
currentSize : 12 <-- 0.018405 s
currentSize : 13 <-- 0.020687 s
currentSize : 14 <-- 0.024808 s
currentSize : 15 <-- 0.025018 s
currentSize : 16 <-- 0.270761 s
currentSize : 17 <-- 2.932741 s
currentSize : 18 <-- 11.032018 s
currentSize : 19 <-- 20.359859 s

maxsize : 19
nodes : 188460517.000000
filtered : 4881344692.000000
CCGP filtered : 90508077.000000
CCGT filtered : 59356739.000000
time : 2213.541016
