Parameters: GAD=1 vflib=1 dir=0 label=0 lowerbound=1 fileNameGp=../graphsdb/mcs30/rand/r01/mcs30_r01_s35.A03 fileNameGt=../graphsdb/mcs30/rand/r01/mcs30_r01_s35.B03
Reading graphs...
35 :  113
35 :  114
Initializing...
maxdom : 35
D->valSize : 1225
Solving...
currentSize : 10 <-- 0.018989 s
currentSize : 11 <-- 0.019022 s
currentSize : 12 <-- 0.019340 s
currentSize : 13 <-- 0.019380 s
currentSize : 14 <-- 0.019699 s
currentSize : 15 <-- 0.021214 s
currentSize : 16 <-- 0.021819 s
currentSize : 17 <-- 0.085955 s
currentSize : 18 <-- 6.640064 s
currentSize : 19 <-- 130.883591 s

TIMEOUT
maxsize : 19
nodes : 338798354.000000
filtered : 6357406434.000000
CCGP filtered : 258661111.000000
CCGT filtered : 193842210.000000
time : 3600.000000
