Parameters: GAD=1 vflib=1 dir=0 label=0 lowerbound=1 fileNameGp=../graphsdb/mcs30/bvg/b09m/mcs30_b09m_s35.A60 fileNameGt=../graphsdb/mcs30/bvg/b09m/mcs30_b09m_s35.B60
Reading graphs...
35 :  144
35 :  143
Initializing...
maxdom : 35
D->valSize : 1225
Solving...
currentSize : 10 <-- 0.018687 s
currentSize : 11 <-- 0.018774 s
currentSize : 12 <-- 0.018792 s
currentSize : 13 <-- 0.019104 s
currentSize : 14 <-- 0.021003 s
currentSize : 15 <-- 0.025794 s
currentSize : 16 <-- 0.264345 s
currentSize : 17 <-- 6.726161 s
currentSize : 18 <-- 234.236359 s
currentSize : 19 <-- 1167.323364 s

TIMEOUT
maxsize : 19
nodes : 306309638.000000
filtered : 7320959504.000000
CCGP filtered : 152639718.000000
CCGT filtered : 144498705.000000
time : 3600.000000
