Parameters: GAD=1 vflib=1 dir=0 label=0 lowerbound=1 fileNameGp=../graphsdb/mcs30/m3D/m3D/mcs30_m3D_s30.A29 fileNameGt=../graphsdb/mcs30/m3D/m3D/mcs30_m3D_s30.B29
Reading graphs...
30 :  60
30 :  60
Initializing...
maxdom : 30
D->valSize : 900
Solving...
currentSize : 11 <-- 0.018791 s
currentSize : 12 <-- 0.018868 s
currentSize : 13 <-- 0.019598 s
currentSize : 14 <-- 0.022751 s
currentSize : 15 <-- 0.042091 s
currentSize : 16 <-- 0.046290 s
currentSize : 17 <-- 0.059521 s
currentSize : 18 <-- 0.086389 s
currentSize : 19 <-- 0.117078 s
currentSize : 20 <-- 0.576498 s

maxsize : 20
nodes : 3377907.000000
filtered : 84346930.000000
CCGP filtered : 18548441.000000
CCGT filtered : 13887698.000000
time : 31.719809
