Parameters: GAD=1 vflib=1 dir=0 label=0 lowerbound=1 fileNameGp=../graphsdb/mcs30/bvg/b03/mcs30_b03_s35.A59 fileNameGt=../graphsdb/mcs30/bvg/b03/mcs30_b03_s35.B59
Reading graphs...
35 :  51
35 :  52
Initializing...
maxdom : 35
D->valSize : 1225
Solving...
currentSize : 16 <-- 0.036757 s
currentSize : 17 <-- 0.037220 s
currentSize : 18 <-- 0.039255 s
currentSize : 19 <-- 0.040407 s
currentSize : 20 <-- 0.040478 s
currentSize : 21 <-- 0.052075 s
currentSize : 22 <-- 0.574886 s
currentSize : 23 <-- 0.785618 s
currentSize : 24 <-- 3.049992 s

maxsize : 24
nodes : 5159030.000000
filtered : 141969267.000000
CCGP filtered : 96531548.000000
CCGT filtered : 62178449.000000
time : 57.823956
