Parameters: GAD=1 vflib=1 dir=0 label=0 lowerbound=1 fileNameGp=../graphsdb/mcs50/bvg/b03/mcs50_b03_s35.A12 fileNameGt=../graphsdb/mcs50/bvg/b03/mcs50_b03_s35.B12
Reading graphs...
35 :  52
35 :  52
Initializing...
maxdom : 35
D->valSize : 1225
Solving...
currentSize : 16 <-- 0.021203 s
currentSize : 17 <-- 0.021256 s
currentSize : 18 <-- 0.024217 s
currentSize : 19 <-- 0.030726 s
currentSize : 20 <-- 0.037242 s
currentSize : 21 <-- 0.044918 s
currentSize : 22 <-- 0.107666 s
currentSize : 23 <-- 0.388948 s
currentSize : 24 <-- 8.079623 s
currentSize : 26 <-- 8.542744 s

maxsize : 26
nodes : 3122676.000000
filtered : 96281344.000000
CCGP filtered : 47239406.000000
CCGT filtered : 20798950.000000
time : 34.231281
