Parameters: GAD=1 vflib=1 dir=0 label=0 lowerbound=1 fileNameGp=../graphsdb/mcs50/rand/r005/mcs50_r005_s35.A73 fileNameGt=../graphsdb/mcs50/rand/r005/mcs50_r005_s35.B73
Reading graphs...
35 :  59
35 :  61
Initializing...
maxdom : 35
D->valSize : 1225
Solving...
currentSize : 14 <-- 0.020867 s
currentSize : 15 <-- 0.020996 s
currentSize : 16 <-- 0.021236 s
currentSize : 17 <-- 0.021393 s
currentSize : 18 <-- 0.022361 s
currentSize : 19 <-- 0.031007 s
currentSize : 20 <-- 0.043544 s
currentSize : 21 <-- 0.112823 s
currentSize : 22 <-- 2.177582 s
currentSize : 23 <-- 16.302399 s
currentSize : 24 <-- 173.311310 s

maxsize : 24
nodes : 30960961.000000
filtered : 828724238.000000
CCGP filtered : 413856195.000000
CCGT filtered : 362373266.000000
time : 344.536743
