Parameters: GAD=1 vflib=1 dir=0 label=0 lowerbound=1 fileNameGp=../graphsdb/mcs50/bvg/b06m/mcs50_b06m_s30.A13 fileNameGt=../graphsdb/mcs50/bvg/b06m/mcs50_b06m_s30.B13
Reading graphs...
30 :  88
30 :  88
Initializing...
maxdom : 30
D->valSize : 900
Solving...
currentSize : 10 <-- 0.010124 s
currentSize : 11 <-- 0.010211 s
currentSize : 12 <-- 0.010305 s
currentSize : 13 <-- 0.011304 s
currentSize : 14 <-- 0.012515 s
currentSize : 15 <-- 0.037158 s
currentSize : 16 <-- 0.037246 s
currentSize : 17 <-- 0.457851 s
currentSize : 18 <-- 84.461349 s

maxsize : 18
nodes : 22757773.000000
filtered : 563705933.000000
CCGP filtered : 43580858.000000
CCGT filtered : 38692096.000000
time : 222.256363
