Parameters: GAD=1 vflib=1 dir=0 label=0 lowerbound=1 fileNameGp=../graphsdb/mcs50/m4D/m4Dr4/mcs50_m4Dr4_s30.A16 fileNameGt=../graphsdb/mcs50/m4D/m4Dr4/mcs50_m4Dr4_s30.B16
Reading graphs...
30 :  66
30 :  65
Initializing...
maxdom : 30
D->valSize : 900
Solving...
currentSize : 11 <-- 0.010702 s
currentSize : 13 <-- 0.010858 s
currentSize : 14 <-- 0.011222 s
currentSize : 15 <-- 0.013326 s
currentSize : 16 <-- 0.018020 s
currentSize : 17 <-- 0.035533 s
currentSize : 18 <-- 0.064317 s
currentSize : 19 <-- 0.264210 s
currentSize : 20 <-- 12.853368 s

maxsize : 20
nodes : 6267009.000000
filtered : 166876018.000000
CCGP filtered : 29670113.000000
CCGT filtered : 25412094.000000
time : 59.722736
