Parameters: GAD=1 vflib=1 dir=0 label=0 lowerbound=1 fileNameGp=../graphsdb/mcs50/bvg/b09/mcs50_b09_s35.A86 fileNameGt=../graphsdb/mcs50/bvg/b09/mcs50_b09_s35.B86
Reading graphs...
35 :  153
35 :  153
Initializing...
maxdom : 35
D->valSize : 1225
Solving...
currentSize : 8 <-- 0.018389 s
currentSize : 11 <-- 0.018431 s
currentSize : 12 <-- 0.018726 s
currentSize : 13 <-- 0.018907 s
currentSize : 14 <-- 0.020832 s
currentSize : 15 <-- 0.028362 s
currentSize : 16 <-- 0.100701 s
currentSize : 17 <-- 2.031164 s
currentSize : 18 <-- 8.302373 s
currentSize : 19 <-- 11.778684 s

maxsize : 19
nodes : 139783911.000000
filtered : 3691466387.000000
CCGP filtered : 42173368.000000
CCGT filtered : 50328544.000000
time : 1686.935913
