Parameters: GAD=1 vflib=1 dir=0 label=0 lowerbound=1 fileNameGp=../graphsdb/mcs50/m2D/m2Dr6/mcs50_m2Dr6_s30.A04 fileNameGt=../graphsdb/mcs50/m2D/m2Dr6/mcs50_m2Dr6_s30.B04
Reading graphs...
30 :  64
30 :  64
Initializing...
maxdom : 30
D->valSize : 900
Solving...
currentSize : 10 <-- 0.010693 s
currentSize : 12 <-- 0.010941 s
currentSize : 13 <-- 0.011172 s
currentSize : 14 <-- 0.014211 s
currentSize : 15 <-- 0.014851 s
currentSize : 16 <-- 0.022845 s
currentSize : 17 <-- 0.048715 s
currentSize : 18 <-- 0.370603 s
currentSize : 19 <-- 4.666640 s
currentSize : 20 <-- 28.004320 s

maxsize : 20
nodes : 6608274.000000
filtered : 166419074.000000
CCGP filtered : 31122409.000000
CCGT filtered : 16566061.000000
time : 60.117374
