Parameters: GAD=1 vflib=1 dir=0 label=0 lowerbound=1 fileNameGp=../graphsdb/mcs50/bvg/b03m/mcs50_b03m_s30.A44 fileNameGt=../graphsdb/mcs50/bvg/b03m/mcs50_b03m_s30.B44
Reading graphs...
30 :  42
30 :  43
Initializing...
maxdom : 30
D->valSize : 900
Solving...
currentSize : 10 <-- 0.011151 s
currentSize : 12 <-- 0.011217 s
currentSize : 13 <-- 0.011310 s
currentSize : 15 <-- 0.011377 s
currentSize : 16 <-- 0.011422 s
currentSize : 17 <-- 0.014826 s
currentSize : 18 <-- 0.058872 s
currentSize : 19 <-- 0.560289 s
currentSize : 20 <-- 0.562957 s
currentSize : 21 <-- 0.725743 s

maxsize : 21
nodes : 1155100.000000
filtered : 27470525.000000
CCGP filtered : 15580520.000000
CCGT filtered : 9236772.000000
time : 10.207672
