Parameters: GAD=1 vflib=1 dir=0 label=0 lowerbound=1 fileNameGp=../graphsdb/mcs50/bvg/b06m/mcs50_b06m_s35.A57 fileNameGt=../graphsdb/mcs50/bvg/b06m/mcs50_b06m_s35.B57
Reading graphs...
35 :  102
35 :  102
Initializing...
maxdom : 35
D->valSize : 1225
Solving...
currentSize : 13 <-- 0.019401 s
currentSize : 14 <-- 0.019454 s
currentSize : 15 <-- 0.019596 s
currentSize : 16 <-- 0.020045 s
currentSize : 17 <-- 0.021109 s
currentSize : 18 <-- 0.362110 s
currentSize : 19 <-- 4.809710 s
currentSize : 20 <-- 136.050629 s
currentSize : 21 <-- 2208.110596 s

maxsize : 21
nodes : 280124883.000000
filtered : 7168575208.000000
CCGP filtered : 411449631.000000
CCGT filtered : 827454544.000000
time : 3173.900146
