Parameters: GAD=1 vflib=1 dir=0 label=0 lowerbound=1 fileNameGp=../graphsdb/mcs50/m4D/m4Dr2/mcs50_m4Dr2_s30.A94 fileNameGt=../graphsdb/mcs50/m4D/m4Dr2/mcs50_m4Dr2_s30.B94
Reading graphs...
30 :  59
30 :  60
Initializing...
maxdom : 30
D->valSize : 900
Solving...
currentSize : 10 <-- 0.010790 s
currentSize : 12 <-- 0.010890 s
currentSize : 13 <-- 0.010909 s
currentSize : 14 <-- 0.010945 s
currentSize : 15 <-- 0.012619 s
currentSize : 16 <-- 0.012979 s
currentSize : 17 <-- 0.020778 s
currentSize : 18 <-- 0.020798 s
currentSize : 19 <-- 0.325611 s
currentSize : 20 <-- 5.824407 s

maxsize : 20
nodes : 3707152.000000
filtered : 93712707.000000
CCGP filtered : 58210129.000000
CCGT filtered : 27312203.000000
time : 37.257053
