Parameters: GAD=1 vflib=1 dir=0 label=0 lowerbound=1 fileNameGp=../graphsdb/mcs50/m4D/m4Dr2/mcs50_m4Dr2_s30.A55 fileNameGt=../graphsdb/mcs50/m4D/m4Dr2/mcs50_m4Dr2_s30.B55
Reading graphs...
30 :  60
30 :  60
Initializing...
maxdom : 30
D->valSize : 900
Solving...
currentSize : 12 <-- 0.018787 s
currentSize : 13 <-- 0.018835 s
currentSize : 14 <-- 0.018935 s
currentSize : 15 <-- 0.019553 s
currentSize : 16 <-- 0.030790 s
currentSize : 17 <-- 0.031870 s
currentSize : 18 <-- 0.040731 s
currentSize : 19 <-- 0.111301 s
currentSize : 20 <-- 10.758294 s
currentSize : 21 <-- 23.289089 s

maxsize : 21
nodes : 2813400.000000
filtered : 63953966.000000
CCGP filtered : 37736225.000000
CCGT filtered : 26032723.000000
time : 27.707245
