Parameters: GAD=1 vflib=1 dir=0 label=0 lowerbound=1 fileNameGp=../graphsdb/mcs50/m4D/m4D/mcs50_m4D_s30.A56 fileNameGt=../graphsdb/mcs50/m4D/m4D/mcs50_m4D_s30.B56
Reading graphs...
30 :  55
30 :  55
Initializing...
maxdom : 30
D->valSize : 900
Solving...
currentSize : 13 <-- 0.019029 s
currentSize : 14 <-- 0.019137 s
currentSize : 15 <-- 0.048383 s
currentSize : 16 <-- 0.048490 s
currentSize : 17 <-- 0.048753 s
currentSize : 18 <-- 0.050396 s
currentSize : 19 <-- 0.084455 s
currentSize : 20 <-- 1.280365 s
currentSize : 21 <-- 4.730002 s
currentSize : 22 <-- 6.203930 s

maxsize : 22
nodes : 1009284.000000
filtered : 23839927.000000
CCGP filtered : 11795331.000000
CCGT filtered : 8579132.000000
time : 9.742824
