Parameters: GAD=1 vflib=1 dir=0 label=0 lowerbound=1 fileNameGp=../graphsdb/mcs50/m4D/m4Dr2/mcs50_m4Dr2_s30.A36 fileNameGt=../graphsdb/mcs50/m4D/m4Dr2/mcs50_m4Dr2_s30.B36
Reading graphs...
30 :  61
30 :  59
Initializing...
maxdom : 30
D->valSize : 900
Solving...
currentSize : 11 <-- 0.011021 s
currentSize : 12 <-- 0.011328 s
currentSize : 15 <-- 0.012792 s
currentSize : 16 <-- 0.024887 s
currentSize : 17 <-- 0.025015 s
currentSize : 18 <-- 0.186787 s
currentSize : 19 <-- 0.243120 s
currentSize : 20 <-- 1.669146 s
currentSize : 21 <-- 2.511060 s

maxsize : 21
nodes : 1384915.000000
filtered : 39237419.000000
CCGP filtered : 12315503.000000
CCGT filtered : 7272652.000000
time : 13.224075
