Parameters: GAD=1 vflib=1 dir=0 label=0 lowerbound=1 fileNameGp=../graphsdb/mcs50/bvg/b03m/mcs50_b03m_s35.A65 fileNameGt=../graphsdb/mcs50/bvg/b03m/mcs50_b03m_s35.B65
Reading graphs...
35 :  52
35 :  52
Initializing...
maxdom : 35
D->valSize : 1225
Solving...
currentSize : 11 <-- 0.020819 s
currentSize : 15 <-- 0.020867 s
currentSize : 16 <-- 0.024562 s
currentSize : 19 <-- 0.025833 s
currentSize : 20 <-- 0.025858 s
currentSize : 21 <-- 0.030930 s
currentSize : 22 <-- 0.056252 s
currentSize : 23 <-- 0.066688 s
currentSize : 24 <-- 2.380639 s
currentSize : 25 <-- 4.343973 s
currentSize : 26 <-- 6.929589 s

maxsize : 26
nodes : 2200564.000000
filtered : 68355535.000000
CCGP filtered : 37402370.000000
CCGT filtered : 21572853.000000
time : 25.495081
