Parameters: GAD=1 vflib=1 dir=0 label=0 lowerbound=1 fileNameGp=../graphsdb/mcs50/bvg/b03/mcs50_b03_s30.A41 fileNameGt=../graphsdb/mcs50/bvg/b03/mcs50_b03_s30.B41
Reading graphs...
30 :  45
30 :  45
Initializing...
maxdom : 30
D->valSize : 900
Solving...
currentSize : 13 <-- 0.019406 s
currentSize : 14 <-- 0.019604 s
currentSize : 15 <-- 0.019866 s
currentSize : 16 <-- 0.020650 s
currentSize : 17 <-- 0.026608 s
currentSize : 18 <-- 0.026741 s
currentSize : 19 <-- 0.032848 s
currentSize : 20 <-- 0.065915 s
currentSize : 21 <-- 0.246984 s
currentSize : 22 <-- 1.983691 s

maxsize : 22
nodes : 916800.000000
filtered : 21553510.000000
CCGP filtered : 12893238.000000
CCGT filtered : 4526362.000000
time : 8.471131
