Parameters: GAD=1 vflib=1 dir=0 label=0 lowerbound=1 fileNameGp=../graphsdb/mcs50/m4D/m4D/mcs50_m4D_s30.A66 fileNameGt=../graphsdb/mcs50/m4D/m4D/mcs50_m4D_s30.B66
Reading graphs...
30 :  55
30 :  55
Initializing...
maxdom : 30
D->valSize : 900
Solving...
currentSize : 11 <-- 0.010999 s
currentSize : 13 <-- 0.011038 s
currentSize : 14 <-- 0.011287 s
currentSize : 16 <-- 0.011308 s
currentSize : 17 <-- 0.013103 s
currentSize : 18 <-- 0.025722 s
currentSize : 19 <-- 0.049579 s
currentSize : 20 <-- 0.851803 s
currentSize : 21 <-- 2.898865 s

maxsize : 21
nodes : 761264.000000
filtered : 19681740.000000
CCGP filtered : 13279371.000000
CCGT filtered : 7470422.000000
time : 8.002795
