Parameters: GAD=1 vflib=1 dir=0 label=0 lowerbound=1 fileNameGp=../graphsdb/mcs50/m3D/m3D/mcs50_m3D_s20.A97 fileNameGt=../graphsdb/mcs50/m3D/m3D/mcs50_m3D_s20.B97
Reading graphs...
20 :  37
20 :  35
Initializing...
maxdom : 20
D->valSize : 400
Solving...
currentSize : 5 <-- 0.002182 s
currentSize : 8 <-- 0.002219 s
currentSize : 9 <-- 0.002295 s
currentSize : 10 <-- 0.002491 s
currentSize : 11 <-- 0.002810 s
currentSize : 12 <-- 0.002818 s
currentSize : 13 <-- 0.014525 s
currentSize : 14 <-- 0.125213 s
currentSize : 15 <-- 0.303130 s

maxsize : 15
nodes : 52608.000000
filtered : 831373.000000
CCGP filtered : 104547.000000
CCGT filtered : 117353.000000
time : 0.339720
