Parameters: GAD=1 vflib=1 dir=0 label=0 lowerbound=1 fileNameGp=../graphsdb/mcs50/rand/r005/mcs50_r005_s30.A61 fileNameGt=../graphsdb/mcs50/rand/r005/mcs50_r005_s30.B61
Reading graphs...
30 :  45
30 :  46
Initializing...
maxdom : 30
D->valSize : 900
Solving...
currentSize : 12 <-- 0.019423 s
currentSize : 15 <-- 0.019958 s
currentSize : 16 <-- 0.019985 s
currentSize : 17 <-- 0.020007 s
currentSize : 18 <-- 0.028282 s
currentSize : 19 <-- 0.031905 s
currentSize : 20 <-- 1.546378 s
currentSize : 21 <-- 1.645641 s
currentSize : 22 <-- 1.645781 s

maxsize : 22
nodes : 1389463.000000
filtered : 35289231.000000
CCGP filtered : 18136816.000000
CCGT filtered : 9418688.000000
time : 13.031758
