Parameters: GAD=1 vflib=1 dir=0 label=0 lowerbound=1 fileNameGp=../graphsdb/mcs50/m4D/m4Dr4/mcs50_m4Dr4_s35.A07 fileNameGt=../graphsdb/mcs50/m4D/m4Dr4/mcs50_m4Dr4_s35.B07
Reading graphs...
35 :  75
35 :  75
Initializing...
maxdom : 35
D->valSize : 1225
Solving...
currentSize : 13 <-- 0.035085 s
currentSize : 14 <-- 0.035157 s
currentSize : 15 <-- 0.037203 s
currentSize : 16 <-- 0.047871 s
currentSize : 17 <-- 0.056466 s
currentSize : 18 <-- 0.185248 s
currentSize : 19 <-- 0.326455 s
currentSize : 20 <-- 1.781269 s
currentSize : 21 <-- 1.783941 s
currentSize : 22 <-- 8.135704 s
currentSize : 23 <-- 9.414957 s
currentSize : 24 <-- 12.005259 s

maxsize : 24
nodes : 6592688.000000
filtered : 234905126.000000
CCGP filtered : 72852699.000000
CCGT filtered : 56123027.000000
time : 79.199669
