Parameters: GAD=1 vflib=1 dir=0 label=0 lowerbound=1 fileNameGp=../graphsdb/mcs50/bvg/b06m/mcs50_b06m_s35.A18 fileNameGt=../graphsdb/mcs50/bvg/b06m/mcs50_b06m_s35.B18
Reading graphs...
35 :  104
35 :  102
Initializing...
maxdom : 35
D->valSize : 1225
Solving...
currentSize : 13 <-- 0.019635 s
currentSize : 14 <-- 0.019711 s
currentSize : 15 <-- 0.020901 s
currentSize : 16 <-- 0.034996 s
currentSize : 17 <-- 0.215096 s
currentSize : 18 <-- 0.805282 s
currentSize : 19 <-- 10.152365 s
currentSize : 20 <-- 95.235786 s
currentSize : 21 <-- 161.598434 s

maxsize : 21
nodes : 60003108.000000
filtered : 1839671019.000000
CCGP filtered : 193912399.000000
CCGT filtered : 179747106.000000
time : 693.988525
