Parameters: GAD=1 vflib=1 dir=0 label=0 lowerbound=1 fileNameGp=../graphsdb/mcs50/bvg/b03/mcs50_b03_s35.A66 fileNameGt=../graphsdb/mcs50/bvg/b03/mcs50_b03_s35.B66
Reading graphs...
35 :  52
35 :  52
Initializing...
maxdom : 35
D->valSize : 1225
Solving...
currentSize : 6 <-- 0.020912 s
currentSize : 13 <-- 0.021078 s
currentSize : 14 <-- 0.021105 s
currentSize : 15 <-- 0.021217 s
currentSize : 16 <-- 0.021366 s
currentSize : 17 <-- 0.021664 s
currentSize : 18 <-- 0.021750 s
currentSize : 19 <-- 0.025763 s
currentSize : 20 <-- 0.029444 s
currentSize : 21 <-- 0.031873 s
currentSize : 22 <-- 0.092536 s
currentSize : 23 <-- 0.229438 s
currentSize : 24 <-- 2.554840 s
currentSize : 25 <-- 6.009810 s
currentSize : 26 <-- 75.722656 s

maxsize : 26
nodes : 9576192.000000
filtered : 255864267.000000
CCGP filtered : 167354958.000000
CCGT filtered : 90111417.000000
time : 101.684273
