Parameters: GAD=1 vflib=1 dir=0 label=0 lowerbound=1 fileNameGp=../graphsdb/mcs50/m4D/m4Dr6/mcs50_m4Dr6_s35.A56 fileNameGt=../graphsdb/mcs50/m4D/m4Dr6/mcs50_m4Dr6_s35.B56
Reading graphs...
35 :  82
35 :  81
Initializing...
maxdom : 35
D->valSize : 1225
Solving...
currentSize : 15 <-- 0.034622 s
currentSize : 16 <-- 0.035902 s
currentSize : 17 <-- 0.036008 s
currentSize : 18 <-- 0.037872 s
currentSize : 19 <-- 0.076624 s
currentSize : 20 <-- 0.077128 s
currentSize : 21 <-- 0.109946 s
currentSize : 22 <-- 13.041328 s
currentSize : 23 <-- 269.720581 s

maxsize : 23
nodes : 35326440.000000
filtered : 1137822674.000000
CCGP filtered : 200240352.000000
CCGT filtered : 202362589.000000
time : 404.522980
