Parameters: GAD=1 vflib=1 dir=0 label=0 lowerbound=1 fileNameGp=../graphsdb/mcs50/bvg/b09/mcs50_b09_s35.A29 fileNameGt=../graphsdb/mcs50/bvg/b09/mcs50_b09_s35.B29
Reading graphs...
35 :  152
35 :  151
Initializing...
maxdom : 35
D->valSize : 1225
Solving...
currentSize : 13 <-- 0.018355 s
currentSize : 14 <-- 0.020103 s
currentSize : 15 <-- 0.022041 s
currentSize : 16 <-- 0.049146 s
currentSize : 17 <-- 0.637691 s
currentSize : 18 <-- 17.312862 s
currentSize : 19 <-- 317.707367 s
currentSize : 20 <-- 909.255493 s
currentSize : 21 <-- 1009.589233 s

maxsize : 21
nodes : 100128281.000000
filtered : 2591358570.000000
CCGP filtered : 43378194.000000
CCGT filtered : 28132404.000000
time : 1191.435425
