Parameters: GAD=1 vflib=1 dir=0 label=0 lowerbound=1 fileNameGp=../graphsdb/mcs50/m2D/m2D/mcs50_m2D_s30.A89 fileNameGt=../graphsdb/mcs50/m2D/m2D/mcs50_m2D_s30.B89
Reading graphs...
30 :  49
30 :  48
Initializing...
maxdom : 30
D->valSize : 900
Solving...
currentSize : 8 <-- 0.019379 s
currentSize : 9 <-- 0.019420 s
currentSize : 12 <-- 0.019564 s
currentSize : 14 <-- 0.019816 s
currentSize : 15 <-- 0.023723 s
currentSize : 16 <-- 0.027588 s
currentSize : 17 <-- 0.029997 s
currentSize : 18 <-- 0.085200 s
currentSize : 19 <-- 0.194008 s
currentSize : 20 <-- 0.538596 s
currentSize : 21 <-- 0.793407 s

maxsize : 21
nodes : 3188489.000000
filtered : 81837802.000000
CCGP filtered : 49741672.000000
CCGT filtered : 32403635.000000
time : 31.123890
