Parameters: GAD=1 vflib=1 dir=0 label=0 lowerbound=1 fileNameGp=../graphsdb/mcs50/bvg/b06/mcs50_b06_s25.A68 fileNameGt=../graphsdb/mcs50/bvg/b06/mcs50_b06_s25.B68
Reading graphs...
25 :  73
25 :  75
Initializing...
maxdom : 25
D->valSize : 625
Solving...
currentSize : 9 <-- 0.007022 s
currentSize : 10 <-- 0.007044 s
currentSize : 11 <-- 0.007671 s
currentSize : 12 <-- 0.013256 s
currentSize : 13 <-- 0.041741 s
currentSize : 14 <-- 0.916665 s
currentSize : 15 <-- 1.222403 s
currentSize : 16 <-- 4.757429 s
currentSize : 17 <-- 6.642441 s

maxsize : 17
nodes : 874643.000000
filtered : 17958633.000000
CCGP filtered : 1117326.000000
CCGT filtered : 610911.000000
time : 7.504591
