Parameters: GAD=1 vflib=1 dir=0 label=0 lowerbound=1 fileNameGp=../graphsdb/mcs50/bvg/b03m/mcs50_b03m_s35.A74 fileNameGt=../graphsdb/mcs50/bvg/b03m/mcs50_b03m_s35.B74
Reading graphs...
35 :  52
35 :  52
Initializing...
maxdom : 35
D->valSize : 1225
Solving...
currentSize : 17 <-- 0.036615 s
currentSize : 18 <-- 0.040484 s
currentSize : 19 <-- 0.040510 s
currentSize : 20 <-- 0.049866 s
currentSize : 21 <-- 0.142566 s
currentSize : 22 <-- 0.234124 s
currentSize : 23 <-- 0.546072 s
currentSize : 24 <-- 3.238968 s
currentSize : 25 <-- 41.846729 s

maxsize : 25
nodes : 8958625.000000
filtered : 268281771.000000
CCGP filtered : 213549751.000000
CCGT filtered : 106976687.000000
time : 103.465790
