Parameters: GAD=1 vflib=1 dir=0 label=0 lowerbound=1 fileNameGp=../graphsdb/mcs50/bvg/b03m/mcs50_b03m_s30.A73 fileNameGt=../graphsdb/mcs50/bvg/b03m/mcs50_b03m_s30.B73
Reading graphs...
30 :  44
30 :  44
Initializing...
maxdom : 30
D->valSize : 900
Solving...
currentSize : 13 <-- 0.011164 s
currentSize : 14 <-- 0.011227 s
currentSize : 15 <-- 0.011383 s
currentSize : 16 <-- 0.012009 s
currentSize : 18 <-- 0.018696 s
currentSize : 19 <-- 0.237108 s
currentSize : 20 <-- 1.872735 s
currentSize : 21 <-- 2.706817 s
currentSize : 22 <-- 6.378287 s

maxsize : 22
nodes : 915253.000000
filtered : 19896511.000000
CCGP filtered : 14580239.000000
CCGT filtered : 6226593.000000
time : 8.407173
