Parameters: GAD=1 vflib=1 dir=0 label=0 lowerbound=1 fileNameGp=../graphsdb/mcs50/rand/r005/mcs50_r005_s30.A10 fileNameGt=../graphsdb/mcs50/rand/r005/mcs50_r005_s30.B10
Reading graphs...
30 :  46
30 :  47
Initializing...
maxdom : 30
D->valSize : 900
Solving...
currentSize : 9 <-- 0.011539 s
currentSize : 12 <-- 0.011662 s
currentSize : 15 <-- 0.011711 s
currentSize : 17 <-- 0.011848 s
currentSize : 18 <-- 0.012726 s
currentSize : 19 <-- 0.012750 s
currentSize : 20 <-- 0.013142 s
currentSize : 21 <-- 0.288255 s
currentSize : 22 <-- 0.380236 s

maxsize : 22
nodes : 1290294.000000
filtered : 35530390.000000
CCGP filtered : 16526592.000000
CCGT filtered : 7727054.000000
time : 12.804203
