Parameters: GAD=1 vflib=1 dir=0 label=0 lowerbound=1 fileNameGp=../graphsdb/mcs50/bvg/b03m/mcs50_b03m_s35.A08 fileNameGt=../graphsdb/mcs50/bvg/b03m/mcs50_b03m_s35.B08
Reading graphs...
35 :  51
35 :  52
Initializing...
maxdom : 35
D->valSize : 1225
Solving...
currentSize : 13 <-- 0.036831 s
currentSize : 14 <-- 0.037143 s
currentSize : 15 <-- 0.037597 s
currentSize : 16 <-- 0.037892 s
currentSize : 17 <-- 0.043905 s
currentSize : 18 <-- 0.044897 s
currentSize : 19 <-- 0.057925 s
currentSize : 20 <-- 0.144846 s
currentSize : 21 <-- 0.255252 s
currentSize : 22 <-- 0.594503 s
currentSize : 23 <-- 1.708081 s
currentSize : 24 <-- 13.693716 s
currentSize : 25 <-- 19.650167 s

maxsize : 25
nodes : 8366983.000000
filtered : 217851236.000000
CCGP filtered : 140066275.000000
CCGT filtered : 71535561.000000
time : 87.680573
