Parameters: GAD=1 vflib=1 dir=0 label=0 lowerbound=1 fileNameGp=../graphsdb/mcs50/bvg/b06/mcs50_b06_s35.A17 fileNameGt=../graphsdb/mcs50/bvg/b06/mcs50_b06_s35.B17
Reading graphs...
35 :  102
35 :  104
Initializing...
maxdom : 35
D->valSize : 1225
Solving...
currentSize : 13 <-- 0.033789 s
currentSize : 14 <-- 0.033856 s
currentSize : 15 <-- 0.043741 s
currentSize : 16 <-- 0.045018 s
currentSize : 17 <-- 0.081037 s
currentSize : 18 <-- 0.081195 s
currentSize : 19 <-- 0.210438 s
currentSize : 20 <-- 1.135819 s
currentSize : 21 <-- 59.497498 s
currentSize : 22 <-- 151.865906 s

maxsize : 22
nodes : 64747047.000000
filtered : 2213675581.000000
CCGP filtered : 188688569.000000
CCGT filtered : 71887598.000000
time : 752.492249
