Parameters: GAD=1 vflib=1 dir=0 label=0 lowerbound=1 fileNameGp=../graphsdb/mcs50/bvg/b06m/mcs50_b06m_s35.A92 fileNameGt=../graphsdb/mcs50/bvg/b06m/mcs50_b06m_s35.B92
Reading graphs...
35 :  102
35 :  103
Initializing...
maxdom : 35
D->valSize : 1225
Solving...
currentSize : 13 <-- 0.019531 s
currentSize : 14 <-- 0.019564 s
currentSize : 15 <-- 0.019619 s
currentSize : 16 <-- 0.020157 s
currentSize : 17 <-- 0.020658 s
currentSize : 18 <-- 0.239124 s
currentSize : 19 <-- 1.369986 s
currentSize : 20 <-- 28.279444 s
currentSize : 21 <-- 393.932251 s

maxsize : 21
nodes : 138302554.000000
filtered : 3990559313.000000
CCGP filtered : 312415100.000000
CCGT filtered : 408148717.000000
time : 1586.697388
