Parameters: GAD=1 vflib=1 dir=0 label=0 lowerbound=1 fileNameGp=../graphsdb/mcs50/bvg/b03m/mcs50_b03m_s35.A72 fileNameGt=../graphsdb/mcs50/bvg/b03m/mcs50_b03m_s35.B72
Reading graphs...
35 :  52
35 :  52
Initializing...
maxdom : 35
D->valSize : 1225
Solving...
currentSize : 14 <-- 0.036410 s
currentSize : 15 <-- 0.037056 s
currentSize : 17 <-- 0.038109 s
currentSize : 19 <-- 0.038143 s
currentSize : 20 <-- 0.040167 s
currentSize : 21 <-- 0.052636 s
currentSize : 22 <-- 0.081222 s
currentSize : 23 <-- 1.039679 s
currentSize : 24 <-- 2.301570 s
currentSize : 25 <-- 11.008218 s
currentSize : 26 <-- 11.612008 s

maxsize : 26
nodes : 2135077.000000
filtered : 61245274.000000
CCGP filtered : 48621132.000000
CCGT filtered : 24853586.000000
time : 23.117144
