Parameters: GAD=1 vflib=1 dir=0 label=0 lowerbound=1 fileNameGp=../graphsdb/mcs50/rand/r005/mcs50_r005_s30.A30 fileNameGt=../graphsdb/mcs50/rand/r005/mcs50_r005_s30.B30
Reading graphs...
30 :  46
30 :  47
Initializing...
maxdom : 30
D->valSize : 900
Solving...
currentSize : 11 <-- 0.019520 s
currentSize : 12 <-- 0.019733 s
currentSize : 13 <-- 0.019985 s
currentSize : 14 <-- 0.020328 s
currentSize : 15 <-- 0.022698 s
currentSize : 16 <-- 0.025432 s
currentSize : 18 <-- 0.026555 s
currentSize : 19 <-- 0.168867 s
currentSize : 20 <-- 0.653291 s
currentSize : 21 <-- 8.968052 s

maxsize : 21
nodes : 2006322.000000
filtered : 48111368.000000
CCGP filtered : 16624407.000000
CCGT filtered : 13406323.000000
time : 19.345915
