Parameters: GAD=1 vflib=1 dir=0 label=0 lowerbound=1 fileNameGp=../graphsdb/mcs50/bvg/b03/mcs50_b03_s30.A82 fileNameGt=../graphsdb/mcs50/bvg/b03/mcs50_b03_s30.B82
Reading graphs...
30 :  44
30 :  44
Initializing...
maxdom : 30
D->valSize : 900
Solving...
currentSize : 12 <-- 0.019678 s
currentSize : 13 <-- 0.019890 s
currentSize : 16 <-- 0.019982 s
currentSize : 17 <-- 0.028328 s
currentSize : 18 <-- 0.083412 s
currentSize : 19 <-- 0.095730 s
currentSize : 20 <-- 0.434087 s
currentSize : 21 <-- 0.997067 s
currentSize : 22 <-- 9.093721 s

maxsize : 22
nodes : 1289662.000000
filtered : 29432898.000000
CCGP filtered : 16049809.000000
CCGT filtered : 9378675.000000
time : 11.586615
