Parameters: GAD=1 vflib=1 dir=0 label=0 lowerbound=1 fileNameGp=../graphsdb/mcs50/bvg/b06m/mcs50_b06m_s35.A43 fileNameGt=../graphsdb/mcs50/bvg/b06m/mcs50_b06m_s35.B43
Reading graphs...
35 :  102
35 :  102
Initializing...
maxdom : 35
D->valSize : 1225
Solving...
currentSize : 11 <-- 0.019248 s
currentSize : 14 <-- 0.019293 s
currentSize : 15 <-- 0.019651 s
currentSize : 16 <-- 0.022289 s
currentSize : 17 <-- 0.022693 s
currentSize : 18 <-- 0.031462 s
currentSize : 19 <-- 0.044176 s
currentSize : 20 <-- 0.976117 s
currentSize : 21 <-- 25.688412 s

maxsize : 21
nodes : 144478823.000000
filtered : 4208410631.000000
CCGP filtered : 429081791.000000
CCGT filtered : 236299646.000000
time : 1621.200195
