Parameters: GAD=1 vflib=1 dir=0 label=0 lowerbound=1 fileNameGp=../graphsdb/mcs50/m4D/m4D/mcs50_m4D_s30.A55 fileNameGt=../graphsdb/mcs50/m4D/m4D/mcs50_m4D_s30.B55
Reading graphs...
30 :  55
30 :  55
Initializing...
maxdom : 30
D->valSize : 900
Solving...
currentSize : 9 <-- 0.010715 s
currentSize : 10 <-- 0.010860 s
currentSize : 11 <-- 0.010894 s
currentSize : 14 <-- 0.011251 s
currentSize : 15 <-- 0.011378 s
currentSize : 16 <-- 0.018902 s
currentSize : 17 <-- 0.301077 s
currentSize : 18 <-- 0.423121 s
currentSize : 19 <-- 0.426720 s
currentSize : 20 <-- 0.643067 s
currentSize : 21 <-- 2.964831 s

maxsize : 21
nodes : 966417.000000
filtered : 23249604.000000
CCGP filtered : 13305993.000000
CCGT filtered : 7410010.000000
time : 9.320825
