Parameters: GAD=1 vflib=1 dir=0 label=0 lowerbound=1 fileNameGp=../graphsdb/mcs50/m4D/m4Dr6/mcs50_m4Dr6_s35.A19 fileNameGt=../graphsdb/mcs50/m4D/m4Dr6/mcs50_m4Dr6_s35.B19
Reading graphs...
35 :  82
35 :  80
Initializing...
maxdom : 35
D->valSize : 1225
Solving...
currentSize : 15 <-- 0.020076 s
currentSize : 16 <-- 0.023711 s
currentSize : 17 <-- 0.040977 s
currentSize : 18 <-- 0.148777 s
currentSize : 19 <-- 0.157006 s
currentSize : 20 <-- 0.446188 s
currentSize : 21 <-- 2.557419 s
currentSize : 22 <-- 3.738207 s
currentSize : 23 <-- 551.158936 s

maxsize : 23
nodes : 72324875.000000
filtered : 2077927008.000000
CCGP filtered : 512515841.000000
CCGT filtered : 390632456.000000
time : 795.248535
