Parameters: GAD=1 vflib=1 dir=0 label=0 lowerbound=1 fileNameGp=../graphsdb/mcs50/bvg/b03/mcs50_b03_s25.A01 fileNameGt=../graphsdb/mcs50/bvg/b03/mcs50_b03_s25.B01
Reading graphs...
25 :  37
25 :  36
Initializing...
maxdom : 25
D->valSize : 625
Solving...
currentSize : 9 <-- 0.009299 s
currentSize : 10 <-- 0.009481 s
currentSize : 12 <-- 0.009542 s
currentSize : 13 <-- 0.009605 s
currentSize : 14 <-- 0.010506 s
currentSize : 15 <-- 0.048278 s
currentSize : 16 <-- 0.048985 s
currentSize : 17 <-- 0.106781 s
currentSize : 18 <-- 0.224802 s
currentSize : 19 <-- 0.502240 s

maxsize : 19
nodes : 107876.000000
filtered : 2424028.000000
CCGP filtered : 1003174.000000
CCGT filtered : 629854.000000
time : 0.911195
