Parameters: GAD=1 vflib=1 dir=0 label=0 lowerbound=1 fileNameGp=../graphsdb/mcs50/bvg/b06/mcs50_b06_s35.A02 fileNameGt=../graphsdb/mcs50/bvg/b06/mcs50_b06_s35.B02
Reading graphs...
35 :  104
35 :  102
Initializing...
maxdom : 35
D->valSize : 1225
Solving...
currentSize : 11 <-- 0.019480 s
currentSize : 12 <-- 0.019547 s
currentSize : 13 <-- 0.019836 s
currentSize : 14 <-- 0.019853 s
currentSize : 15 <-- 0.020674 s
currentSize : 16 <-- 0.021351 s
currentSize : 17 <-- 0.048770 s
currentSize : 18 <-- 0.277443 s
currentSize : 19 <-- 0.399808 s
currentSize : 20 <-- 24.797483 s
currentSize : 21 <-- 127.652359 s
currentSize : 22 <-- 277.865631 s
currentSize : 23 <-- 382.353851 s

maxsize : 23
nodes : 50261730.000000
filtered : 1548139058.000000
CCGP filtered : 70426756.000000
CCGT filtered : 76614712.000000
time : 572.179199
