Parameters: GAD=1 vflib=1 dir=0 label=0 lowerbound=1 fileNameGp=../graphsdb/mcs50/bvg/b06m/mcs50_b06m_s35.A40 fileNameGt=../graphsdb/mcs50/bvg/b06m/mcs50_b06m_s35.B40
Reading graphs...
35 :  102
35 :  102
Initializing...
maxdom : 35
D->valSize : 1225
Solving...
currentSize : 10 <-- 0.019321 s
currentSize : 12 <-- 0.019405 s
currentSize : 13 <-- 0.019662 s
currentSize : 15 <-- 0.019884 s
currentSize : 17 <-- 0.020043 s
currentSize : 18 <-- 0.029070 s
currentSize : 19 <-- 0.406791 s
currentSize : 20 <-- 21.338612 s
currentSize : 21 <-- 488.860748 s

maxsize : 21
nodes : 172427676.000000
filtered : 4658313770.000000
CCGP filtered : 540915030.000000
CCGT filtered : 300082089.000000
time : 1915.375732
