Parameters: GAD=1 vflib=1 dir=0 label=0 lowerbound=1 fileNameGp=../graphsdb/mcs50/rand/r005/mcs50_r005_s35.A03 fileNameGt=../graphsdb/mcs50/rand/r005/mcs50_r005_s35.B03
Reading graphs...
35 :  62
35 :  58
Initializing...
maxdom : 35
D->valSize : 1225
Solving...
currentSize : 14 <-- 0.036050 s
currentSize : 15 <-- 0.036460 s
currentSize : 16 <-- 0.037203 s
currentSize : 17 <-- 0.037294 s
currentSize : 18 <-- 0.037945 s
currentSize : 19 <-- 0.045559 s
currentSize : 20 <-- 0.099312 s
currentSize : 21 <-- 0.190904 s
currentSize : 22 <-- 0.194445 s
currentSize : 23 <-- 5.563554 s
currentSize : 24 <-- 35.537907 s

maxsize : 24
nodes : 19427854.000000
filtered : 581219208.000000
CCGP filtered : 259322732.000000
CCGT filtered : 164636886.000000
time : 214.128189
