Parameters: GAD=1 vflib=1 dir=0 label=0 lowerbound=1 fileNameGp=../graphsdb/mcs50/m4D/m4D/mcs50_m4D_s35.A30 fileNameGt=../graphsdb/mcs50/m4D/m4D/mcs50_m4D_s35.B30
Reading graphs...
35 :  63
35 :  63
Initializing...
maxdom : 35
D->valSize : 1225
Solving...
currentSize : 7 <-- 0.035998 s
currentSize : 10 <-- 0.036084 s
currentSize : 11 <-- 0.036577 s
currentSize : 12 <-- 0.036711 s
currentSize : 14 <-- 0.038098 s
currentSize : 15 <-- 0.055043 s
currentSize : 16 <-- 0.063320 s
currentSize : 17 <-- 0.063343 s
currentSize : 18 <-- 0.065783 s
currentSize : 19 <-- 0.938192 s
currentSize : 20 <-- 1.419262 s
currentSize : 21 <-- 5.180820 s
currentSize : 22 <-- 5.487644 s
currentSize : 23 <-- 9.102991 s
currentSize : 24 <-- 19.722183 s

maxsize : 24
nodes : 5814906.000000
filtered : 159739019.000000
CCGP filtered : 109376270.000000
CCGT filtered : 66435012.000000
time : 67.106056
