Parameters: GAD=1 vflib=1 dir=0 label=0 lowerbound=1 fileNameGp=../graphsdb/mcs50/m4D/m4Dr6/mcs50_m4Dr6_s35.A21 fileNameGt=../graphsdb/mcs50/m4D/m4Dr6/mcs50_m4Dr6_s35.B21
Reading graphs...
35 :  82
35 :  82
Initializing...
maxdom : 35
D->valSize : 1225
Solving...
currentSize : 13 <-- 0.034545 s
currentSize : 14 <-- 0.035579 s
currentSize : 15 <-- 0.055215 s
currentSize : 16 <-- 0.057886 s
currentSize : 17 <-- 0.069701 s
currentSize : 18 <-- 0.073014 s
currentSize : 19 <-- 0.073067 s
currentSize : 20 <-- 0.146201 s
currentSize : 21 <-- 0.739064 s
currentSize : 22 <-- 84.869293 s

maxsize : 22
nodes : 49129905.000000
filtered : 1373927778.000000
CCGP filtered : 401337213.000000
CCGT filtered : 253278802.000000
time : 556.580811
