Parameters: GAD=1 vflib=1 dir=0 label=0 lowerbound=1 fileNameGp=../graphsdb/mcs50/bvg/b09m/mcs50_b09m_s35.A01 fileNameGt=../graphsdb/mcs50/bvg/b09m/mcs50_b09m_s35.B01
Reading graphs...
35 :  147
35 :  148
Initializing...
maxdom : 35
D->valSize : 1225
Solving...
currentSize : 10 <-- 0.031702 s
currentSize : 11 <-- 0.031818 s
currentSize : 12 <-- 0.032219 s
currentSize : 13 <-- 0.033103 s
currentSize : 14 <-- 0.037276 s
currentSize : 15 <-- 0.037498 s
currentSize : 16 <-- 0.827453 s
currentSize : 17 <-- 1.283164 s
currentSize : 18 <-- 143.049194 s

maxsize : 18
nodes : 254418407.000000
filtered : 5927168667.000000
CCGP filtered : 157765438.000000
CCGT filtered : 264526483.000000
time : 2972.761719
