Parameters: GAD=1 vflib=1 dir=0 label=0 lowerbound=1 fileNameGp=../graphsdb/mcs50/m4D/m4Dr6/mcs50_m4Dr6_s35.A68 fileNameGt=../graphsdb/mcs50/m4D/m4Dr6/mcs50_m4Dr6_s35.B68
Reading graphs...
35 :  81
35 :  78
Initializing...
maxdom : 35
D->valSize : 1225
Solving...
currentSize : 14 <-- 0.019818 s
currentSize : 15 <-- 0.019943 s
currentSize : 16 <-- 0.022414 s
currentSize : 17 <-- 0.022996 s
currentSize : 18 <-- 0.028966 s
currentSize : 19 <-- 0.030221 s
currentSize : 20 <-- 1.055166 s
currentSize : 21 <-- 1.195781 s
currentSize : 22 <-- 15.000413 s
currentSize : 23 <-- 312.095642 s

maxsize : 23
nodes : 60076319.000000
filtered : 1756787253.000000
CCGP filtered : 238290135.000000
CCGT filtered : 177497870.000000
time : 645.680420
