Parameters: GAD=1 vflib=1 dir=0 label=0 lowerbound=1 fileNameGp=../graphsdb/mcs50/bvg/b06/mcs50_b06_s35.A14 fileNameGt=../graphsdb/mcs50/bvg/b06/mcs50_b06_s35.B14
Reading graphs...
35 :  102
35 :  105
Initializing...
maxdom : 35
D->valSize : 1225
Solving...
currentSize : 11 <-- 0.019395 s
currentSize : 12 <-- 0.019432 s
currentSize : 14 <-- 0.019450 s
currentSize : 15 <-- 0.019833 s
currentSize : 16 <-- 0.020441 s
currentSize : 17 <-- 0.023008 s
currentSize : 18 <-- 0.056941 s
currentSize : 19 <-- 0.428949 s
currentSize : 20 <-- 7.078642 s
currentSize : 21 <-- 22.155392 s
currentSize : 22 <-- 144.294113 s
currentSize : 23 <-- 659.443665 s

maxsize : 23
nodes : 57119475.000000
filtered : 1970657542.000000
CCGP filtered : 146107770.000000
CCGT filtered : 110545508.000000
time : 668.195557
