Parameters: GAD=1 vflib=1 dir=0 label=0 lowerbound=1 fileNameGp=../graphsdb/mcs50/m2D/m2D/mcs50_m2D_s30.A62 fileNameGt=../graphsdb/mcs50/m2D/m2D/mcs50_m2D_s30.B62
Reading graphs...
30 :  49
30 :  49
Initializing...
maxdom : 30
D->valSize : 900
Solving...
currentSize : 6 <-- 0.019462 s
currentSize : 14 <-- 0.019608 s
currentSize : 15 <-- 0.021787 s
currentSize : 16 <-- 0.023158 s
currentSize : 17 <-- 0.037586 s
currentSize : 18 <-- 0.038285 s
currentSize : 19 <-- 0.067985 s
currentSize : 20 <-- 0.102093 s
currentSize : 21 <-- 0.616456 s

maxsize : 21
nodes : 3078165.000000
filtered : 78301116.000000
CCGP filtered : 30500293.000000
CCGT filtered : 14644500.000000
time : 28.127125
