Parameters: GAD=1 vflib=1 dir=0 label=0 lowerbound=1 fileNameGp=../graphsdb/mcs50/bvg/b03/mcs50_b03_s35.A98 fileNameGt=../graphsdb/mcs50/bvg/b03/mcs50_b03_s35.B98
Reading graphs...
35 :  51
35 :  52
Initializing...
maxdom : 35
D->valSize : 1225
Solving...
currentSize : 13 <-- 0.021201 s
currentSize : 18 <-- 0.021311 s
currentSize : 20 <-- 0.022317 s
currentSize : 21 <-- 0.023681 s
currentSize : 22 <-- 0.332057 s
currentSize : 23 <-- 1.887815 s
currentSize : 24 <-- 3.621426 s
currentSize : 25 <-- 3.621767 s
currentSize : 26 <-- 6.162166 s
currentSize : 27 <-- 6.162529 s

maxsize : 27
nodes : 1871012.000000
filtered : 60051778.000000
CCGP filtered : 46149262.000000
CCGT filtered : 15118202.000000
time : 21.771393
