Parameters: GAD=1 vflib=1 dir=0 label=0 lowerbound=1 fileNameGp=../graphsdb/mcs50/m4D/m4Dr2/mcs50_m4Dr2_s30.A24 fileNameGt=../graphsdb/mcs50/m4D/m4Dr2/mcs50_m4Dr2_s30.B24
Reading graphs...
30 :  60
30 :  58
Initializing...
maxdom : 30
D->valSize : 900
Solving...
currentSize : 6 <-- 0.017520 s
currentSize : 10 <-- 0.017690 s
currentSize : 11 <-- 0.018218 s
currentSize : 12 <-- 0.019679 s
currentSize : 13 <-- 0.019835 s
currentSize : 14 <-- 0.023674 s
currentSize : 15 <-- 0.059552 s
currentSize : 16 <-- 0.062246 s
currentSize : 17 <-- 0.098031 s
currentSize : 18 <-- 0.638592 s
currentSize : 19 <-- 1.073899 s
currentSize : 20 <-- 3.268924 s

maxsize : 20
nodes : 2096020.000000
filtered : 57969293.000000
CCGP filtered : 27961218.000000
CCGT filtered : 21601965.000000
time : 21.862143
