Parameters: GAD=1 vflib=1 dir=0 label=0 lowerbound=1 fileNameGp=../graphsdb/mcs50/m4D/m4Dr4/mcs50_m4Dr4_s35.A49 fileNameGt=../graphsdb/mcs50/m4D/m4Dr4/mcs50_m4Dr4_s35.B49
Reading graphs...
35 :  76
35 :  76
Initializing...
maxdom : 35
D->valSize : 1225
Solving...
currentSize : 12 <-- 0.020665 s
currentSize : 13 <-- 0.020730 s
currentSize : 17 <-- 0.020941 s
currentSize : 18 <-- 0.021068 s
currentSize : 19 <-- 0.022271 s
currentSize : 20 <-- 0.082773 s
currentSize : 21 <-- 0.480459 s
currentSize : 22 <-- 7.005727 s
currentSize : 23 <-- 33.669582 s

maxsize : 23
nodes : 29542567.000000
filtered : 913959311.000000
CCGP filtered : 251389647.000000
CCGT filtered : 173484782.000000
time : 339.875671
