Parameters: GAD=1 vflib=1 dir=0 label=0 lowerbound=1 fileNameGp=../graphsdb/mcs50/m4D/m4Dr6/mcs50_m4Dr6_s35.A70 fileNameGt=../graphsdb/mcs50/m4D/m4Dr6/mcs50_m4Dr6_s35.B70
Reading graphs...
35 :  82
35 :  82
Initializing...
maxdom : 35
D->valSize : 1225
Solving...
currentSize : 14 <-- 0.034971 s
currentSize : 15 <-- 0.035241 s
currentSize : 16 <-- 0.047276 s
currentSize : 17 <-- 0.062958 s
currentSize : 18 <-- 0.086133 s
currentSize : 19 <-- 0.955254 s
currentSize : 20 <-- 4.159540 s
currentSize : 21 <-- 4.169217 s
currentSize : 22 <-- 42.277786 s
currentSize : 23 <-- 116.433525 s

maxsize : 23
nodes : 42844894.000000
filtered : 1250107040.000000
CCGP filtered : 135753384.000000
CCGT filtered : 128482616.000000
time : 476.835144
