Parameters: GAD=1 vflib=1 dir=0 label=0 lowerbound=1 fileNameGp=../graphsdb/mcs50/bvg/b09/mcs50_b09_s35.A22 fileNameGt=../graphsdb/mcs50/bvg/b09/mcs50_b09_s35.B22
Reading graphs...
35 :  153
35 :  154
Initializing...
maxdom : 35
D->valSize : 1225
Solving...
currentSize : 10 <-- 0.018202 s
currentSize : 12 <-- 0.018315 s
currentSize : 13 <-- 0.018624 s
currentSize : 15 <-- 0.019060 s
currentSize : 16 <-- 0.380917 s
currentSize : 17 <-- 5.383872 s
currentSize : 18 <-- 6.722759 s
currentSize : 19 <-- 123.773544 s
currentSize : 20 <-- 124.749985 s

maxsize : 20
nodes : 76836520.000000
filtered : 2341243242.000000
CCGP filtered : 32922289.000000
CCGT filtered : 27534887.000000
time : 961.733459
