Parameters: GAD=1 vflib=1 dir=0 label=0 lowerbound=1 fileNameGp=../graphsdb/mcs50/rand/r005/mcs50_r005_s35.A95 fileNameGt=../graphsdb/mcs50/rand/r005/mcs50_r005_s35.B95
Reading graphs...
35 :  60
35 :  60
Initializing...
maxdom : 35
D->valSize : 1225
Solving...
currentSize : 15 <-- 0.020709 s
currentSize : 16 <-- 0.020861 s
currentSize : 17 <-- 0.020901 s
currentSize : 18 <-- 0.025363 s
currentSize : 19 <-- 0.025626 s
currentSize : 20 <-- 0.068265 s
currentSize : 21 <-- 0.072560 s
currentSize : 22 <-- 0.835034 s
currentSize : 23 <-- 26.554508 s
currentSize : 24 <-- 77.667625 s

maxsize : 24
nodes : 24405102.000000
filtered : 600927466.000000
CCGP filtered : 159542537.000000
CCGT filtered : 127724384.000000
time : 249.141281
