Parameters: GAD=1 vflib=1 dir=0 label=0 lowerbound=1 fileNameGp=../graphsdb/mcs50/bvg/b03m/mcs50_b03m_s30.A11 fileNameGt=../graphsdb/mcs50/bvg/b03m/mcs50_b03m_s30.B11
Reading graphs...
30 :  45
30 :  44
Initializing...
maxdom : 30
D->valSize : 900
Solving...
currentSize : 11 <-- 0.017241 s
currentSize : 12 <-- 0.017278 s
currentSize : 13 <-- 0.017450 s
currentSize : 15 <-- 0.018075 s
currentSize : 17 <-- 0.019230 s
currentSize : 18 <-- 0.254472 s
currentSize : 19 <-- 0.638993 s
currentSize : 20 <-- 0.822468 s
currentSize : 21 <-- 3.047037 s

maxsize : 21
nodes : 1044767.000000
filtered : 24719898.000000
CCGP filtered : 18230405.000000
CCGT filtered : 12903744.000000
time : 10.518200
