Parameters: GAD=1 vflib=1 dir=0 label=0 lowerbound=1 fileNameGp=../graphsdb/mcs50/m2D/m2Dr2/mcs50_m2Dr2_s30.A63 fileNameGt=../graphsdb/mcs50/m2D/m2Dr2/mcs50_m2Dr2_s30.B63
Reading graphs...
30 :  54
30 :  52
Initializing...
maxdom : 30
D->valSize : 900
Solving...
currentSize : 13 <-- 0.011005 s
currentSize : 14 <-- 0.011082 s
currentSize : 15 <-- 0.011282 s
currentSize : 16 <-- 0.011759 s
currentSize : 17 <-- 0.011928 s
currentSize : 18 <-- 0.016553 s
currentSize : 19 <-- 0.038823 s
currentSize : 20 <-- 0.956495 s
currentSize : 21 <-- 44.384941 s

maxsize : 21
nodes : 7400533.000000
filtered : 166473904.000000
CCGP filtered : 60730794.000000
CCGT filtered : 22316691.000000
time : 65.162689
