Parameters: GAD=1 vflib=1 dir=0 label=0 lowerbound=1 fileNameGp=../graphsdb/mcs50/m4D/m4Dr6/mcs50_m4Dr6_s35.A50 fileNameGt=../graphsdb/mcs50/m4D/m4Dr6/mcs50_m4Dr6_s35.B50
Reading graphs...
35 :  81
35 :  79
Initializing...
maxdom : 35
D->valSize : 1225
Solving...
currentSize : 13 <-- 0.034830 s
currentSize : 14 <-- 0.035626 s
currentSize : 15 <-- 0.036421 s
currentSize : 16 <-- 0.037178 s
currentSize : 18 <-- 0.070254 s
currentSize : 19 <-- 0.233254 s
currentSize : 20 <-- 1.310919 s
currentSize : 21 <-- 2.547663 s
currentSize : 22 <-- 86.898918 s
currentSize : 23 <-- 255.334213 s

maxsize : 23
nodes : 31354274.000000
filtered : 905506052.000000
CCGP filtered : 193891867.000000
CCGT filtered : 160502191.000000
time : 354.027039
