Parameters: GAD=1 vflib=1 dir=0 label=0 lowerbound=1 fileNameGp=../graphsdb/mcs50/bvg/b03/mcs50_b03_s30.A47 fileNameGt=../graphsdb/mcs50/bvg/b03/mcs50_b03_s30.B47
Reading graphs...
30 :  45
30 :  45
Initializing...
maxdom : 30
D->valSize : 900
Solving...
currentSize : 14 <-- 0.019548 s
currentSize : 15 <-- 0.019731 s
currentSize : 16 <-- 0.020011 s
currentSize : 17 <-- 0.020775 s
currentSize : 18 <-- 0.073024 s
currentSize : 19 <-- 0.086874 s
currentSize : 20 <-- 0.187435 s
currentSize : 21 <-- 0.221575 s
currentSize : 22 <-- 6.300507 s

maxsize : 22
nodes : 1155385.000000
filtered : 29024329.000000
CCGP filtered : 13924771.000000
CCGT filtered : 6349260.000000
time : 10.534513
