Parameters: GAD=1 vflib=1 dir=0 label=0 lowerbound=1 fileNameGp=../graphsdb/mcs50/m4D/m4Dr2/mcs50_m4Dr2_s30.A01 fileNameGt=../graphsdb/mcs50/m4D/m4Dr2/mcs50_m4Dr2_s30.B01
Reading graphs...
30 :  60
30 :  59
Initializing...
maxdom : 30
D->valSize : 900
Solving...
currentSize : 11 <-- 0.011001 s
currentSize : 14 <-- 0.011070 s
currentSize : 15 <-- 0.011452 s
currentSize : 16 <-- 0.013107 s
currentSize : 17 <-- 0.014796 s
currentSize : 18 <-- 0.086136 s
currentSize : 19 <-- 0.884280 s
currentSize : 20 <-- 1.164195 s
currentSize : 21 <-- 7.122292 s

maxsize : 21
nodes : 1812683.000000
filtered : 52904137.000000
CCGP filtered : 19628961.000000
CCGT filtered : 15366572.000000
time : 18.804832
