Parameters: GAD=1 vflib=1 dir=0 label=0 lowerbound=1 fileNameGp=../graphsdb/mcs50/m2D/m2D/mcs50_m2D_s30.A90 fileNameGt=../graphsdb/mcs50/m2D/m2D/mcs50_m2D_s30.B90
Reading graphs...
30 :  49
30 :  49
Initializing...
maxdom : 30
D->valSize : 900
Solving...
currentSize : 7 <-- 0.019268 s
currentSize : 11 <-- 0.019380 s
currentSize : 12 <-- 0.019450 s
currentSize : 13 <-- 0.019776 s
currentSize : 14 <-- 0.020395 s
currentSize : 15 <-- 0.021192 s
currentSize : 16 <-- 0.022252 s
currentSize : 17 <-- 0.027477 s
currentSize : 19 <-- 0.032636 s
currentSize : 20 <-- 1.665934 s
currentSize : 21 <-- 2.324941 s
currentSize : 22 <-- 14.095095 s

maxsize : 22
nodes : 1871024.000000
filtered : 45594562.000000
CCGP filtered : 17846486.000000
CCGT filtered : 11030303.000000
time : 17.422129
