Parameters: GAD=1 vflib=1 dir=0 label=0 lowerbound=1 fileNameGp=../graphsdb/mcs50/bvg/b09/mcs50_b09_s35.A38 fileNameGt=../graphsdb/mcs50/bvg/b09/mcs50_b09_s35.B38
Reading graphs...
35 :  154
35 :  153
Initializing...
maxdom : 35
D->valSize : 1225
Solving...
currentSize : 12 <-- 0.031294 s
currentSize : 13 <-- 0.031829 s
currentSize : 14 <-- 0.032596 s
currentSize : 15 <-- 0.058227 s
currentSize : 16 <-- 0.062161 s
currentSize : 17 <-- 0.423911 s
currentSize : 18 <-- 1.499109 s
currentSize : 19 <-- 7.435008 s
currentSize : 20 <-- 217.708862 s

maxsize : 20
nodes : 76881834.000000
filtered : 2225816724.000000
CCGP filtered : 14652588.000000
CCGT filtered : 13888266.000000
time : 923.372375
