Parameters: GAD=1 vflib=1 dir=0 label=0 lowerbound=1 fileNameGp=../graphsdb/mcs50/bvg/b03/mcs50_b03_s30.A22 fileNameGt=../graphsdb/mcs50/bvg/b03/mcs50_b03_s30.B22
Reading graphs...
30 :  45
30 :  45
Initializing...
maxdom : 30
D->valSize : 900
Solving...
currentSize : 12 <-- 0.011182 s
currentSize : 13 <-- 0.011288 s
currentSize : 14 <-- 0.011366 s
currentSize : 15 <-- 0.013270 s
currentSize : 16 <-- 0.024556 s
currentSize : 17 <-- 0.024667 s
currentSize : 18 <-- 0.055529 s
currentSize : 19 <-- 0.114377 s
currentSize : 20 <-- 0.182463 s
currentSize : 21 <-- 0.352422 s
currentSize : 22 <-- 1.244473 s
currentSize : 23 <-- 1.267078 s

maxsize : 23
nodes : 530620.000000
filtered : 14288661.000000
CCGP filtered : 7031680.000000
CCGT filtered : 3103090.000000
time : 5.039931
