Parameters: GAD=1 vflib=1 dir=0 label=0 lowerbound=1 fileNameGp=../graphsdb/mcs50/bvg/b03m/mcs50_b03m_s35.A47 fileNameGt=../graphsdb/mcs50/bvg/b03m/mcs50_b03m_s35.B47
Reading graphs...
35 :  52
35 :  52
Initializing...
maxdom : 35
D->valSize : 1225
Solving...
currentSize : 4 <-- 0.021467 s
currentSize : 5 <-- 0.021554 s
currentSize : 15 <-- 0.021806 s
currentSize : 17 <-- 0.021859 s
currentSize : 18 <-- 0.021897 s
currentSize : 19 <-- 0.022198 s
currentSize : 20 <-- 0.028599 s
currentSize : 21 <-- 0.028809 s
currentSize : 22 <-- 0.031039 s
currentSize : 23 <-- 20.324919 s
currentSize : 24 <-- 20.325089 s

maxsize : 24
nodes : 12834037.000000
filtered : 344101496.000000
CCGP filtered : 267224521.000000
CCGT filtered : 151441416.000000
time : 141.042419
