Parameters: GAD=1 vflib=1 dir=0 label=0 lowerbound=1 fileNameGp=../graphsdb/mcs50/bvg/b03/mcs50_b03_s35.A87 fileNameGt=../graphsdb/mcs50/bvg/b03/mcs50_b03_s35.B87
Reading graphs...
35 :  52
35 :  50
Initializing...
maxdom : 35
D->valSize : 1225
Solving...
currentSize : 11 <-- 0.020889 s
currentSize : 16 <-- 0.021096 s
currentSize : 17 <-- 0.021120 s
currentSize : 18 <-- 0.054137 s
currentSize : 19 <-- 0.054835 s
currentSize : 20 <-- 0.055001 s
currentSize : 21 <-- 0.202593 s
currentSize : 22 <-- 1.285144 s
currentSize : 23 <-- 3.111515 s
currentSize : 24 <-- 6.867153 s
currentSize : 25 <-- 9.589246 s

maxsize : 25
nodes : 4734924.000000
filtered : 130744196.000000
CCGP filtered : 94397277.000000
CCGT filtered : 60999508.000000
time : 52.013996
