Parameters: GAD=1 vflib=1 dir=0 label=0 lowerbound=1 fileNameGp=../graphsdb/mcs50/m4D/m4D/mcs50_m4D_s35.A89 fileNameGt=../graphsdb/mcs50/m4D/m4D/mcs50_m4D_s35.B89
Reading graphs...
35 :  62
35 :  63
Initializing...
maxdom : 35
D->valSize : 1225
Solving...
currentSize : 14 <-- 0.036050 s
currentSize : 15 <-- 0.036360 s
currentSize : 16 <-- 0.037459 s
currentSize : 17 <-- 0.162280 s
currentSize : 18 <-- 0.259795 s
currentSize : 19 <-- 0.315442 s
currentSize : 20 <-- 0.483663 s
currentSize : 21 <-- 0.777115 s
currentSize : 22 <-- 1.087238 s
currentSize : 23 <-- 1.706701 s
currentSize : 24 <-- 2.171935 s
currentSize : 25 <-- 2.178615 s

maxsize : 25
nodes : 1415330.000000
filtered : 43010037.000000
CCGP filtered : 71270014.000000
CCGT filtered : 33760739.000000
time : 18.444036
