Parameters: GAD=1 vflib=1 dir=0 label=0 lowerbound=1 fileNameGp=../graphsdb/mcs50/bvg/b09/mcs50_b09_s35.A15 fileNameGt=../graphsdb/mcs50/bvg/b09/mcs50_b09_s35.B15
Reading graphs...
35 :  155
35 :  153
Initializing...
maxdom : 35
D->valSize : 1225
Solving...
currentSize : 11 <-- 0.018416 s
currentSize : 12 <-- 0.018486 s
currentSize : 13 <-- 0.019274 s
currentSize : 14 <-- 0.030876 s
currentSize : 15 <-- 0.120487 s
currentSize : 16 <-- 0.187098 s
currentSize : 17 <-- 36.459721 s
currentSize : 18 <-- 249.407730 s
currentSize : 19 <-- 251.653839 s
currentSize : 20 <-- 269.847595 s

maxsize : 20
nodes : 77495531.000000
filtered : 2295158769.000000
CCGP filtered : 43507011.000000
CCGT filtered : 43023472.000000
time : 950.715088
