Parameters: GAD=1 vflib=1 dir=0 label=0 lowerbound=1 fileNameGp=../graphsdb/mcs50/bvg/b03m/mcs50_b03m_s35.A55 fileNameGt=../graphsdb/mcs50/bvg/b03m/mcs50_b03m_s35.B55
Reading graphs...
35 :  52
35 :  52
Initializing...
maxdom : 35
D->valSize : 1225
Solving...
currentSize : 15 <-- 0.020788 s
currentSize : 18 <-- 0.020870 s
currentSize : 19 <-- 0.063196 s
currentSize : 20 <-- 0.715193 s
currentSize : 21 <-- 0.767236 s
currentSize : 22 <-- 1.065318 s
currentSize : 23 <-- 2.319367 s
currentSize : 24 <-- 10.838971 s
currentSize : 25 <-- 12.490169 s

maxsize : 25
nodes : 6137848.000000
filtered : 179383904.000000
CCGP filtered : 94021577.000000
CCGT filtered : 71903693.000000
time : 68.934387
