Parameters: GAD=1 vflib=1 dir=0 label=0 lowerbound=1 fileNameGp=../graphsdb/mcs50/m4D/m4D/mcs50_m4D_s30.A05 fileNameGt=../graphsdb/mcs50/m4D/m4D/mcs50_m4D_s30.B05
Reading graphs...
30 :  55
30 :  54
Initializing...
maxdom : 30
D->valSize : 900
Solving...
currentSize : 6 <-- 0.019118 s
currentSize : 10 <-- 0.020186 s
currentSize : 12 <-- 0.020475 s
currentSize : 13 <-- 0.031830 s
currentSize : 14 <-- 0.037532 s
currentSize : 15 <-- 0.080820 s
currentSize : 16 <-- 0.126855 s
currentSize : 17 <-- 0.127046 s
currentSize : 18 <-- 0.183354 s
currentSize : 19 <-- 0.617954 s
currentSize : 20 <-- 0.665341 s
currentSize : 21 <-- 2.791640 s

maxsize : 21
nodes : 639566.000000
filtered : 14630887.000000
CCGP filtered : 12644346.000000
CCGT filtered : 5977777.000000
time : 6.069493
