Parameters: GAD=1 vflib=1 dir=0 label=0 lowerbound=1 fileNameGp=../graphsdb/mcs50/bvg/b03/mcs50_b03_s35.A00 fileNameGt=../graphsdb/mcs50/bvg/b03/mcs50_b03_s35.B00
Reading graphs...
35 :  51
35 :  52
Initializing...
maxdom : 35
D->valSize : 1225
Solving...
currentSize : 18 <-- 0.036763 s
currentSize : 19 <-- 0.036864 s
currentSize : 20 <-- 0.037061 s
currentSize : 21 <-- 0.039819 s
currentSize : 22 <-- 0.087737 s
currentSize : 23 <-- 0.087762 s
currentSize : 24 <-- 0.088030 s
currentSize : 25 <-- 37.920937 s
currentSize : 26 <-- 78.171700 s

maxsize : 26
nodes : 8202544.000000
filtered : 235638502.000000
CCGP filtered : 177760355.000000
CCGT filtered : 100396718.000000
time : 93.145653
