Parameters: GAD=1 vflib=1 dir=0 label=0 lowerbound=1 fileNameGp=../graphsdb/mcs50/m4D/m4Dr4/mcs50_m4Dr4_s30.A31 fileNameGt=../graphsdb/mcs50/m4D/m4Dr4/mcs50_m4Dr4_s30.B31
Reading graphs...
30 :  66
30 :  65
Initializing...
maxdom : 30
D->valSize : 900
Solving...
currentSize : 8 <-- 0.010643 s
currentSize : 9 <-- 0.010697 s
currentSize : 11 <-- 0.010848 s
currentSize : 14 <-- 0.011220 s
currentSize : 15 <-- 0.011276 s
currentSize : 17 <-- 0.011343 s
currentSize : 18 <-- 0.124049 s
currentSize : 19 <-- 1.830028 s
currentSize : 20 <-- 2.340805 s

maxsize : 20
nodes : 3443827.000000
filtered : 89054525.000000
CCGP filtered : 39424017.000000
CCGT filtered : 16220893.000000
time : 32.816776
