Parameters: GAD=1 vflib=1 dir=0 label=0 lowerbound=1 fileNameGp=../graphsdb/mcs50/bvg/b06/mcs50_b06_s35.A47 fileNameGt=../graphsdb/mcs50/bvg/b06/mcs50_b06_s35.B47
Reading graphs...
35 :  102
35 :  102
Initializing...
maxdom : 35
D->valSize : 1225
Solving...
currentSize : 14 <-- 0.019511 s
currentSize : 15 <-- 0.019628 s
currentSize : 16 <-- 0.020104 s
currentSize : 17 <-- 0.023523 s
currentSize : 18 <-- 0.044466 s
currentSize : 19 <-- 0.570302 s
currentSize : 20 <-- 13.428327 s
currentSize : 21 <-- 22.144823 s
currentSize : 22 <-- 45.040146 s

maxsize : 22
nodes : 44429657.000000
filtered : 1572671034.000000
CCGP filtered : 131122040.000000
CCGT filtered : 166237353.000000
time : 540.944153
