Parameters: GAD=1 vflib=1 dir=0 label=0 lowerbound=1 fileNameGp=../graphsdb/mcs50/m4D/m4Dr2/mcs50_m4Dr2_s35.A46 fileNameGt=../graphsdb/mcs50/m4D/m4Dr2/mcs50_m4Dr2_s35.B46
Reading graphs...
35 :  68
35 :  68
Initializing...
maxdom : 35
D->valSize : 1225
Solving...
currentSize : 12 <-- 0.021052 s
currentSize : 13 <-- 0.021562 s
currentSize : 14 <-- 0.024557 s
currentSize : 15 <-- 0.028211 s
currentSize : 16 <-- 0.028825 s
currentSize : 17 <-- 0.044529 s
currentSize : 18 <-- 0.053845 s
currentSize : 19 <-- 0.238693 s
currentSize : 20 <-- 0.393701 s
currentSize : 21 <-- 0.394014 s
currentSize : 22 <-- 0.883315 s
currentSize : 23 <-- 1.127998 s
currentSize : 24 <-- 7.984794 s
currentSize : 25 <-- 12.392232 s

maxsize : 25
nodes : 3771402.000000
filtered : 132528453.000000
CCGP filtered : 57643483.000000
CCGT filtered : 36451051.000000
time : 44.751236
