Parameters: GAD=1 vflib=1 dir=0 label=0 lowerbound=1 fileNameGp=../graphsdb/mcs50/bvg/b03m/mcs50_b03m_s30.A32 fileNameGt=../graphsdb/mcs50/bvg/b03m/mcs50_b03m_s30.B32
Reading graphs...
30 :  45
30 :  45
Initializing...
maxdom : 30
D->valSize : 900
Solving...
currentSize : 13 <-- 0.011148 s
currentSize : 14 <-- 0.011300 s
currentSize : 15 <-- 0.011499 s
currentSize : 16 <-- 0.011622 s
currentSize : 17 <-- 0.011730 s
currentSize : 18 <-- 0.171591 s
currentSize : 19 <-- 0.207519 s
currentSize : 20 <-- 1.351314 s
currentSize : 21 <-- 1.595660 s

maxsize : 21
nodes : 1249300.000000
filtered : 28969998.000000
CCGP filtered : 29153572.000000
CCGT filtered : 13311985.000000
time : 12.484319
