Parameters: GAD=1 vflib=1 dir=0 label=0 lowerbound=1 fileNameGp=../graphsdb/mcs50/m4D/m4Dr4/mcs50_m4Dr4_s30.A33 fileNameGt=../graphsdb/mcs50/m4D/m4Dr4/mcs50_m4Dr4_s30.B33
Reading graphs...
30 :  67
30 :  65
Initializing...
maxdom : 30
D->valSize : 900
Solving...
currentSize : 12 <-- 0.018613 s
currentSize : 13 <-- 0.018828 s
currentSize : 14 <-- 0.019018 s
currentSize : 15 <-- 0.019218 s
currentSize : 16 <-- 0.026050 s
currentSize : 18 <-- 0.037013 s
currentSize : 19 <-- 1.831958 s
currentSize : 20 <-- 2.736427 s
currentSize : 22 <-- 13.066750 s

maxsize : 22
nodes : 1646318.000000
filtered : 47546028.000000
CCGP filtered : 7892071.000000
CCGT filtered : 5793472.000000
time : 15.783301
