Parameters: GAD=1 vflib=1 dir=0 label=0 lowerbound=1 fileNameGp=../graphsdb/mcs50/rand/r005/mcs50_r005_s35.A28 fileNameGt=../graphsdb/mcs50/rand/r005/mcs50_r005_s35.B28
Reading graphs...
35 :  61
35 :  62
Initializing...
maxdom : 35
D->valSize : 1225
Solving...
currentSize : 16 <-- 0.020752 s
currentSize : 17 <-- 0.020878 s
currentSize : 18 <-- 0.021120 s
currentSize : 19 <-- 0.036286 s
currentSize : 20 <-- 0.056724 s
currentSize : 21 <-- 0.389733 s
currentSize : 22 <-- 0.658848 s
currentSize : 23 <-- 1.885133 s
currentSize : 24 <-- 10.600466 s
currentSize : 25 <-- 57.231304 s

maxsize : 25
nodes : 19859527.000000
filtered : 604670744.000000
CCGP filtered : 251236065.000000
CCGT filtered : 93995634.000000
time : 222.263824
