Parameters: GAD=1 vflib=1 dir=0 label=0 lowerbound=1 fileNameGp=../graphsdb/mcs50/m3D/m3D/mcs50_m3D_s20.A49 fileNameGt=../graphsdb/mcs50/m3D/m3D/mcs50_m3D_s20.B49
Reading graphs...
20 :  37
20 :  37
Initializing...
maxdom : 20
D->valSize : 400
Solving...
currentSize : 5 <-- 0.002223 s
currentSize : 7 <-- 0.002342 s
currentSize : 8 <-- 0.002480 s
currentSize : 9 <-- 0.002985 s
currentSize : 10 <-- 0.005822 s
currentSize : 11 <-- 0.007165 s
currentSize : 12 <-- 0.013179 s
currentSize : 13 <-- 0.013503 s
currentSize : 14 <-- 0.047848 s

maxsize : 14
nodes : 49450.000000
filtered : 795589.000000
CCGP filtered : 164420.000000
CCGT filtered : 71715.000000
time : 0.312799
