Parameters: GAD=1 vflib=1 dir=0 label=0 lowerbound=1 fileNameGp=../graphsdb/mcs50/m4D/m4Dr2/mcs50_m4Dr2_s35.A17 fileNameGt=../graphsdb/mcs50/m4D/m4Dr2/mcs50_m4Dr2_s35.B17
Reading graphs...
35 :  70
35 :  70
Initializing...
maxdom : 35
D->valSize : 1225
Solving...
currentSize : 14 <-- 0.035579 s
currentSize : 15 <-- 0.035638 s
currentSize : 16 <-- 0.035999 s
currentSize : 17 <-- 0.039736 s
currentSize : 18 <-- 0.040604 s
currentSize : 19 <-- 0.053166 s
currentSize : 20 <-- 0.062684 s
currentSize : 21 <-- 0.067054 s
currentSize : 22 <-- 0.110349 s
currentSize : 23 <-- 3.026501 s
currentSize : 24 <-- 9.728220 s

maxsize : 24
nodes : 16914022.000000
filtered : 537952725.000000
CCGP filtered : 177647685.000000
CCGT filtered : 120743083.000000
time : 188.960434
