Parameters: GAD=1 vflib=1 dir=0 label=0 lowerbound=1 fileNameGp=../graphsdb/mcs50/bvg/b03m/mcs50_b03m_s35.A21 fileNameGt=../graphsdb/mcs50/bvg/b03m/mcs50_b03m_s35.B21
Reading graphs...
35 :  51
35 :  51
Initializing...
maxdom : 35
D->valSize : 1225
Solving...
currentSize : 12 <-- 0.021420 s
currentSize : 13 <-- 0.021765 s
currentSize : 15 <-- 0.021852 s
currentSize : 16 <-- 0.027050 s
currentSize : 17 <-- 0.030368 s
currentSize : 18 <-- 0.030410 s
currentSize : 19 <-- 0.030512 s
currentSize : 20 <-- 0.043926 s
currentSize : 21 <-- 0.783455 s
currentSize : 22 <-- 1.463730 s
currentSize : 23 <-- 2.218673 s
currentSize : 24 <-- 9.991808 s
currentSize : 25 <-- 36.846848 s

maxsize : 25
nodes : 7593620.000000
filtered : 205659946.000000
CCGP filtered : 162106471.000000
CCGT filtered : 115012677.000000
time : 89.518944
