Parameters: GAD=1 vflib=1 dir=0 label=0 lowerbound=1 fileNameGp=../graphsdb/mcs50/m4D/m4D/mcs50_m4D_s35.A26 fileNameGt=../graphsdb/mcs50/m4D/m4D/mcs50_m4D_s35.B26
Reading graphs...
35 :  63
35 :  63
Initializing...
maxdom : 35
D->valSize : 1225
Solving...
currentSize : 16 <-- 0.021145 s
currentSize : 17 <-- 0.021180 s
currentSize : 18 <-- 0.022221 s
currentSize : 19 <-- 0.023321 s
currentSize : 20 <-- 0.115464 s
currentSize : 21 <-- 0.209102 s
currentSize : 22 <-- 1.441832 s
currentSize : 23 <-- 2.039483 s
currentSize : 24 <-- 2.039854 s

maxsize : 24
nodes : 12204703.000000
filtered : 373101256.000000
CCGP filtered : 349597317.000000
CCGT filtered : 262402472.000000
time : 155.473404
