Parameters: GAD=1 vflib=1 dir=0 label=0 lowerbound=1 fileNameGp=../graphsdb/mcs50/bvg/b06/mcs50_b06_s35.A27 fileNameGt=../graphsdb/mcs50/bvg/b06/mcs50_b06_s35.B27
Reading graphs...
35 :  104
35 :  105
Initializing...
maxdom : 35
D->valSize : 1225
Solving...
currentSize : 13 <-- 0.019187 s
currentSize : 14 <-- 0.019993 s
currentSize : 15 <-- 0.020018 s
currentSize : 16 <-- 0.030241 s
currentSize : 17 <-- 0.048227 s
currentSize : 18 <-- 0.071112 s
currentSize : 19 <-- 1.494954 s
currentSize : 20 <-- 27.529100 s
currentSize : 21 <-- 41.410721 s
currentSize : 22 <-- 74.255730 s

maxsize : 22
nodes : 75119681.000000
filtered : 2610494054.000000
CCGP filtered : 157517061.000000
CCGT filtered : 88068413.000000
time : 872.324524
