Parameters: GAD=1 vflib=1 dir=0 label=0 lowerbound=1 fileNameGp=../graphsdb/mcs50/bvg/b09/mcs50_b09_s30.A68 fileNameGt=../graphsdb/mcs50/bvg/b09/mcs50_b09_s30.B68
Reading graphs...
30 :  132
30 :  132
Initializing...
maxdom : 30
D->valSize : 900
Solving...
currentSize : 10 <-- 0.009710 s
currentSize : 11 <-- 0.009918 s
currentSize : 12 <-- 0.010323 s
currentSize : 13 <-- 0.013988 s
currentSize : 14 <-- 0.077870 s
currentSize : 15 <-- 0.203216 s
currentSize : 16 <-- 24.420212 s
currentSize : 17 <-- 139.867493 s
currentSize : 18 <-- 194.911957 s

maxsize : 18
nodes : 20462202.000000
filtered : 403685853.000000
CCGP filtered : 5412089.000000
CCGT filtered : 4968172.000000
time : 207.949860
