Parameters: GAD=1 vflib=1 dir=0 label=0 lowerbound=1 fileNameGp=../graphsdb/mcs50/m4D/m4Dr2/mcs50_m4Dr2_s35.A53 fileNameGt=../graphsdb/mcs50/m4D/m4Dr2/mcs50_m4Dr2_s35.B53
Reading graphs...
35 :  69
35 :  68
Initializing...
maxdom : 35
D->valSize : 1225
Solving...
currentSize : 12 <-- 0.020173 s
currentSize : 13 <-- 0.020210 s
currentSize : 18 <-- 0.020493 s
currentSize : 19 <-- 0.397483 s
currentSize : 20 <-- 0.886107 s
currentSize : 21 <-- 2.695579 s
currentSize : 22 <-- 7.164377 s
currentSize : 23 <-- 49.443710 s
currentSize : 24 <-- 123.470627 s

maxsize : 24
nodes : 26224933.000000
filtered : 699924764.000000
CCGP filtered : 401214684.000000
CCGT filtered : 154493409.000000
time : 288.984009
