Parameters: GAD=1 vflib=1 dir=0 label=0 lowerbound=1 fileNameGp=../graphsdb/mcs50/bvg/b03/mcs50_b03_s35.A75 fileNameGt=../graphsdb/mcs50/bvg/b03/mcs50_b03_s35.B75
Reading graphs...
35 :  52
35 :  51
Initializing...
maxdom : 35
D->valSize : 1225
Solving...
currentSize : 16 <-- 0.020875 s
currentSize : 17 <-- 0.021083 s
currentSize : 18 <-- 0.021218 s
currentSize : 19 <-- 0.021324 s
currentSize : 20 <-- 0.021935 s
currentSize : 21 <-- 0.022957 s
currentSize : 22 <-- 0.211215 s
currentSize : 23 <-- 0.595457 s
currentSize : 24 <-- 1.002542 s
currentSize : 25 <-- 1.891387 s

maxsize : 25
nodes : 6744560.000000
filtered : 192351503.000000
CCGP filtered : 154119181.000000
CCGT filtered : 56232682.000000
time : 72.915146
