Parameters: GAD=1 vflib=1 dir=0 label=0 lowerbound=1 fileNameGp=../graphsdb/mcs50/bvg/b06/mcs50_b06_s35.A68 fileNameGt=../graphsdb/mcs50/bvg/b06/mcs50_b06_s35.B68
Reading graphs...
35 :  103
35 :  105
Initializing...
maxdom : 35
D->valSize : 1225
Solving...
currentSize : 12 <-- 0.020081 s
currentSize : 13 <-- 0.020126 s
currentSize : 14 <-- 0.020323 s
currentSize : 15 <-- 0.022998 s
currentSize : 16 <-- 0.024679 s
currentSize : 17 <-- 0.026825 s
currentSize : 18 <-- 0.148901 s
currentSize : 19 <-- 0.417630 s
currentSize : 20 <-- 2.078349 s
currentSize : 21 <-- 8.473002 s
currentSize : 22 <-- 231.918915 s

maxsize : 22
nodes : 68547241.000000
filtered : 2242803549.000000
CCGP filtered : 127492966.000000
CCGT filtered : 72638040.000000
time : 782.894897
