Parameters: GAD=1 vflib=1 dir=0 label=0 lowerbound=1 fileNameGp=../graphsdb/mcs50/bvg/b03/mcs50_b03_s30.A43 fileNameGt=../graphsdb/mcs50/bvg/b03/mcs50_b03_s30.B43
Reading graphs...
30 :  45
30 :  44
Initializing...
maxdom : 30
D->valSize : 900
Solving...
currentSize : 13 <-- 0.011228 s
currentSize : 14 <-- 0.011278 s
currentSize : 15 <-- 0.011386 s
currentSize : 16 <-- 0.012141 s
currentSize : 17 <-- 0.012817 s
currentSize : 18 <-- 0.036981 s
currentSize : 19 <-- 0.635230 s
currentSize : 20 <-- 0.685474 s
currentSize : 21 <-- 4.154566 s
currentSize : 22 <-- 6.924224 s
currentSize : 23 <-- 11.266354 s

maxsize : 23
nodes : 1407224.000000
filtered : 30638299.000000
CCGP filtered : 19478201.000000
CCGT filtered : 12488700.000000
time : 12.983335
