Parameters: GAD=1 vflib=1 dir=0 label=0 lowerbound=1 fileNameGp=../graphsdb/mcs50/m4D/m4Dr2/mcs50_m4Dr2_s30.A49 fileNameGt=../graphsdb/mcs50/m4D/m4Dr2/mcs50_m4Dr2_s30.B49
Reading graphs...
30 :  60
30 :  59
Initializing...
maxdom : 30
D->valSize : 900
Solving...
currentSize : 12 <-- 0.011051 s
currentSize : 13 <-- 0.011135 s
currentSize : 14 <-- 0.011251 s
currentSize : 15 <-- 0.012536 s
currentSize : 16 <-- 0.012839 s
currentSize : 17 <-- 0.017431 s
currentSize : 18 <-- 0.028505 s
currentSize : 19 <-- 0.029587 s
currentSize : 20 <-- 1.318749 s

maxsize : 20
nodes : 5985106.000000
filtered : 133244389.000000
CCGP filtered : 52136638.000000
CCGT filtered : 32839125.000000
time : 55.899933
