Parameters: GAD=1 vflib=1 dir=0 label=0 lowerbound=1 fileNameGp=../graphsdb/mcs50/m2D/m2D/mcs50_m2D_s30.A76 fileNameGt=../graphsdb/mcs50/m2D/m2D/mcs50_m2D_s30.B76
Reading graphs...
30 :  48
30 :  48
Initializing...
maxdom : 30
D->valSize : 900
Solving...
currentSize : 7 <-- 0.011296 s
currentSize : 14 <-- 0.011411 s
currentSize : 15 <-- 0.011539 s
currentSize : 16 <-- 0.011745 s
currentSize : 17 <-- 0.015961 s
currentSize : 18 <-- 0.028885 s
currentSize : 19 <-- 0.065495 s
currentSize : 20 <-- 0.127136 s
currentSize : 21 <-- 0.692212 s
currentSize : 22 <-- 4.224195 s
currentSize : 23 <-- 4.224262 s

maxsize : 23
nodes : 601121.000000
filtered : 16186903.000000
CCGP filtered : 8621529.000000
CCGT filtered : 5532122.000000
time : 6.052604
