Parameters: GAD=1 vflib=1 dir=0 label=0 lowerbound=1 fileNameGp=../graphsdb/mcs50/m4D/m4D/mcs50_m4D_s35.A80 fileNameGt=../graphsdb/mcs50/m4D/m4D/mcs50_m4D_s35.B80
Reading graphs...
35 :  63
35 :  63
Initializing...
maxdom : 35
D->valSize : 1225
Solving...
currentSize : 12 <-- 0.025827 s
currentSize : 14 <-- 0.030657 s
currentSize : 15 <-- 0.032774 s
currentSize : 16 <-- 0.087015 s
currentSize : 17 <-- 0.089040 s
currentSize : 18 <-- 0.103166 s
currentSize : 19 <-- 0.105001 s
currentSize : 20 <-- 0.110116 s
currentSize : 21 <-- 0.111453 s
currentSize : 22 <-- 0.111603 s
currentSize : 23 <-- 0.118450 s
currentSize : 24 <-- 0.154868 s
currentSize : 25 <-- 2.628111 s
currentSize : 26 <-- 7.355966 s

maxsize : 26
nodes : 1335745.000000
filtered : 49655096.000000
CCGP filtered : 34262007.000000
CCGT filtered : 18471391.000000
time : 17.193092
