Parameters: GAD=1 vflib=1 dir=0 label=0 lowerbound=1 fileNameGp=../graphsdb/mcs50/bvg/b03m/mcs50_b03m_s25.A04 fileNameGt=../graphsdb/mcs50/bvg/b03m/mcs50_b03m_s25.B04
Reading graphs...
25 :  36
25 :  36
Initializing...
maxdom : 25
D->valSize : 625
Solving...
currentSize : 10 <-- 0.005407 s
currentSize : 11 <-- 0.005777 s
currentSize : 12 <-- 0.005844 s
currentSize : 13 <-- 0.006111 s
currentSize : 14 <-- 0.006181 s
currentSize : 15 <-- 0.006765 s
currentSize : 16 <-- 0.017443 s
currentSize : 17 <-- 0.136852 s
currentSize : 18 <-- 0.408623 s

maxsize : 18
nodes : 173636.000000
filtered : 3449631.000000
CCGP filtered : 2859859.000000
CCGT filtered : 1378076.000000
time : 1.435099
