Parameters: GAD=1 vflib=1 dir=0 label=0 lowerbound=1 fileNameGp=../graphsdb/mcs50/rand/r005/mcs50_r005_s35.A47 fileNameGt=../graphsdb/mcs50/rand/r005/mcs50_r005_s35.B47
Reading graphs...
35 :  61
35 :  60
Initializing...
maxdom : 35
D->valSize : 1225
Solving...
currentSize : 14 <-- 0.020718 s
currentSize : 15 <-- 0.020922 s
currentSize : 16 <-- 0.021184 s
currentSize : 17 <-- 0.021404 s
currentSize : 18 <-- 0.021824 s
currentSize : 19 <-- 0.026749 s
currentSize : 20 <-- 0.043402 s
currentSize : 21 <-- 0.043504 s
currentSize : 22 <-- 0.397477 s
currentSize : 23 <-- 0.923987 s
currentSize : 24 <-- 5.441386 s

maxsize : 24
nodes : 11986365.000000
filtered : 336490615.000000
CCGP filtered : 151941793.000000
CCGT filtered : 85583879.000000
time : 131.724762
