Parameters: GAD=1 vflib=1 dir=0 label=0 lowerbound=1 fileNameGp=../graphsdb/mcs50/bvg/b06/mcs50_b06_s30.A05 fileNameGt=../graphsdb/mcs50/bvg/b06/mcs50_b06_s30.B05
Reading graphs...
30 :  86
30 :  90
Initializing...
maxdom : 30
D->valSize : 900
Solving...
currentSize : 12 <-- 0.017743 s
currentSize : 13 <-- 0.017804 s
currentSize : 14 <-- 0.019058 s
currentSize : 15 <-- 0.020310 s
currentSize : 16 <-- 0.076169 s
currentSize : 17 <-- 0.380888 s
currentSize : 18 <-- 3.140578 s
currentSize : 19 <-- 5.720865 s
currentSize : 20 <-- 41.336819 s

maxsize : 20
nodes : 5691974.000000
filtered : 165156312.000000
CCGP filtered : 10541010.000000
CCGT filtered : 2885293.000000
time : 57.372353
