Parameters: GAD=1 vflib=1 dir=0 label=0 lowerbound=1 fileNameGp=../graphsdb/mcs50/m4D/m4Dr6/mcs50_m4Dr6_s35.A13 fileNameGt=../graphsdb/mcs50/m4D/m4Dr6/mcs50_m4Dr6_s35.B13
Reading graphs...
35 :  83
35 :  82
Initializing...
maxdom : 35
D->valSize : 1225
Solving...
currentSize : 13 <-- 0.019866 s
currentSize : 14 <-- 0.020304 s
currentSize : 15 <-- 0.022211 s
currentSize : 16 <-- 0.023655 s
currentSize : 17 <-- 0.027451 s
currentSize : 18 <-- 0.275459 s
currentSize : 19 <-- 1.286530 s
currentSize : 20 <-- 1.332614 s
currentSize : 21 <-- 4.259095 s
currentSize : 22 <-- 223.326172 s

maxsize : 22
nodes : 89562013.000000
filtered : 2666049320.000000
CCGP filtered : 650004831.000000
CCGT filtered : 527861751.000000
time : 1024.913208
