Parameters: GAD=1 vflib=1 dir=0 label=0 lowerbound=1 fileNameGp=../graphsdb/mcs50/rand/r005/mcs50_r005_s25.A64 fileNameGt=../graphsdb/mcs50/rand/r005/mcs50_r005_s25.B64
Reading graphs...
25 :  34
25 :  35
Initializing...
maxdom : 25
D->valSize : 625
Solving...
currentSize : 10 <-- 0.005405 s
currentSize : 11 <-- 0.005717 s
currentSize : 12 <-- 0.006276 s
currentSize : 13 <-- 0.009829 s
currentSize : 14 <-- 0.010939 s
currentSize : 15 <-- 0.018586 s
currentSize : 16 <-- 0.021040 s
currentSize : 17 <-- 0.071888 s
currentSize : 18 <-- 0.143513 s

maxsize : 18
nodes : 112192.000000
filtered : 2611918.000000
CCGP filtered : 1962414.000000
CCGT filtered : 1706434.000000
time : 1.087012
