Parameters: GAD=1 vflib=1 dir=0 label=0 lowerbound=1 fileNameGp=../graphsdb/mcs50/m4D/m4Dr4/mcs50_m4Dr4_s35.A75 fileNameGt=../graphsdb/mcs50/m4D/m4Dr4/mcs50_m4Dr4_s35.B75
Reading graphs...
35 :  75
35 :  75
Initializing...
maxdom : 35
D->valSize : 1225
Solving...
currentSize : 14 <-- 0.035357 s
currentSize : 16 <-- 0.035451 s
currentSize : 17 <-- 0.035707 s
currentSize : 18 <-- 0.035760 s
currentSize : 19 <-- 0.035784 s
currentSize : 20 <-- 0.038812 s
currentSize : 21 <-- 0.058212 s
currentSize : 22 <-- 0.520208 s
currentSize : 23 <-- 13.405310 s
currentSize : 24 <-- 22.181555 s

maxsize : 24
nodes : 11798140.000000
filtered : 419074323.000000
CCGP filtered : 80716239.000000
CCGT filtered : 106142132.000000
time : 143.692566
