Parameters: GAD=1 vflib=1 dir=0 label=0 lowerbound=1 fileNameGp=../graphsdb/mcs50/bvg/b03/mcs50_b03_s35.A70 fileNameGt=../graphsdb/mcs50/bvg/b03/mcs50_b03_s35.B70
Reading graphs...
35 :  52
35 :  51
Initializing...
maxdom : 35
D->valSize : 1225
Solving...
currentSize : 18 <-- 0.021409 s
currentSize : 19 <-- 0.021523 s
currentSize : 20 <-- 0.021806 s
currentSize : 21 <-- 0.021902 s
currentSize : 22 <-- 0.022921 s
currentSize : 23 <-- 0.121598 s
currentSize : 24 <-- 3.180355 s
currentSize : 25 <-- 5.023524 s
currentSize : 26 <-- 30.843941 s

maxsize : 26
nodes : 9321957.000000
filtered : 284567192.000000
CCGP filtered : 162547595.000000
CCGT filtered : 132665713.000000
time : 110.093399
