Parameters: GAD=1 vflib=1 dir=0 label=0 lowerbound=1 fileNameGp=../graphsdb/mcs50/bvg/b06/mcs50_b06_s30.A80 fileNameGt=../graphsdb/mcs50/bvg/b06/mcs50_b06_s30.B80
Reading graphs...
30 :  88
30 :  88
Initializing...
maxdom : 30
D->valSize : 900
Solving...
currentSize : 11 <-- 0.010285 s
currentSize : 12 <-- 0.010424 s
currentSize : 13 <-- 0.011258 s
currentSize : 14 <-- 0.019802 s
currentSize : 15 <-- 0.151150 s
currentSize : 16 <-- 0.297589 s
currentSize : 17 <-- 1.102140 s
currentSize : 18 <-- 7.210437 s
currentSize : 19 <-- 17.251743 s

maxsize : 19
nodes : 6265136.000000
filtered : 177338493.000000
CCGP filtered : 9216870.000000
CCGT filtered : 16521084.000000
time : 65.132217
