Parameters: GAD=1 vflib=1 dir=0 label=0 lowerbound=1 fileNameGp=../graphsdb/mcs50/rand/r005/mcs50_r005_s25.A73 fileNameGt=../graphsdb/mcs50/rand/r005/mcs50_r005_s25.B73
Reading graphs...
25 :  35
25 :  35
Initializing...
maxdom : 25
D->valSize : 625
Solving...
currentSize : 9 <-- 0.005424 s
currentSize : 10 <-- 0.005484 s
currentSize : 11 <-- 0.005619 s
currentSize : 12 <-- 0.005785 s
currentSize : 13 <-- 0.006117 s
currentSize : 14 <-- 0.007054 s
currentSize : 15 <-- 0.007151 s
currentSize : 16 <-- 0.008725 s
currentSize : 17 <-- 0.012554 s
currentSize : 18 <-- 0.031592 s
currentSize : 19 <-- 0.032955 s

maxsize : 19
nodes : 44649.000000
filtered : 1295544.000000
CCGP filtered : 952914.000000
CCGT filtered : 536666.000000
time : 0.407725
