Parameters: GAD=1 vflib=1 dir=0 label=0 lowerbound=1 fileNameGp=../graphsdb/mcs50/bvg/b06m/mcs50_b06m_s35.A94 fileNameGt=../graphsdb/mcs50/bvg/b06m/mcs50_b06m_s35.B94
Reading graphs...
35 :  101
35 :  100
Initializing...
maxdom : 35
D->valSize : 1225
Solving...
currentSize : 12 <-- 0.019298 s
currentSize : 14 <-- 0.019352 s
currentSize : 15 <-- 0.019674 s
currentSize : 16 <-- 0.019972 s
currentSize : 17 <-- 0.050655 s
currentSize : 18 <-- 0.542564 s
currentSize : 19 <-- 1.146296 s
currentSize : 20 <-- 15.802171 s
currentSize : 21 <-- 515.042053 s

maxsize : 21
nodes : 196388521.000000
filtered : 5513243572.000000
CCGP filtered : 557004830.000000
CCGT filtered : 450437017.000000
time : 2228.462158
