Parameters: GAD=1 vflib=1 dir=0 label=0 lowerbound=1 fileNameGp=../graphsdb/mcs50/rand/r005/mcs50_r005_s35.A75 fileNameGt=../graphsdb/mcs50/rand/r005/mcs50_r005_s35.B75
Reading graphs...
35 :  61
35 :  61
Initializing...
maxdom : 35
D->valSize : 1225
Solving...
currentSize : 14 <-- 0.025391 s
currentSize : 15 <-- 0.025435 s
currentSize : 16 <-- 0.026191 s
currentSize : 17 <-- 0.032680 s
currentSize : 18 <-- 0.033071 s
currentSize : 19 <-- 0.054121 s
currentSize : 20 <-- 0.109518 s
currentSize : 21 <-- 0.134430 s
currentSize : 22 <-- 0.174835 s
currentSize : 23 <-- 0.185083 s
currentSize : 24 <-- 3.950395 s
currentSize : 25 <-- 54.096199 s

maxsize : 25
nodes : 22249952.000000
filtered : 684719405.000000
CCGP filtered : 184319766.000000
CCGT filtered : 143157307.000000
time : 242.980301
