Parameters: GAD=1 vflib=1 dir=0 label=0 lowerbound=1 fileNameGp=../graphsdb/mcs50/m4D/m4Dr4/mcs50_m4Dr4_s35.A06 fileNameGt=../graphsdb/mcs50/m4D/m4Dr4/mcs50_m4Dr4_s35.B06
Reading graphs...
35 :  73
35 :  75
Initializing...
maxdom : 35
D->valSize : 1225
Solving...
currentSize : 14 <-- 0.035309 s
currentSize : 15 <-- 0.035373 s
currentSize : 16 <-- 0.035648 s
currentSize : 17 <-- 0.035928 s
currentSize : 18 <-- 0.040045 s
currentSize : 19 <-- 0.053894 s
currentSize : 20 <-- 0.067776 s
currentSize : 21 <-- 0.068650 s
currentSize : 22 <-- 2.254025 s
currentSize : 23 <-- 112.358414 s

maxsize : 23
nodes : 33278070.000000
filtered : 976237830.000000
CCGP filtered : 379840398.000000
CCGT filtered : 202289930.000000
time : 376.318848
