Parameters: GAD=1 vflib=1 dir=0 label=0 lowerbound=1 fileNameGp=../graphsdb/mcs50/bvg/b03/mcs50_b03_s35.A22 fileNameGt=../graphsdb/mcs50/bvg/b03/mcs50_b03_s35.B22
Reading graphs...
35 :  52
35 :  52
Initializing...
maxdom : 35
D->valSize : 1225
Solving...
currentSize : 13 <-- 0.021426 s
currentSize : 17 <-- 0.021527 s
currentSize : 18 <-- 0.021547 s
currentSize : 19 <-- 0.022058 s
currentSize : 21 <-- 0.029713 s
currentSize : 22 <-- 0.074397 s
currentSize : 23 <-- 0.075146 s
currentSize : 24 <-- 0.084690 s
currentSize : 25 <-- 3.378839 s
currentSize : 26 <-- 30.457884 s

maxsize : 26
nodes : 5151209.000000
filtered : 160910918.000000
CCGP filtered : 118746535.000000
CCGT filtered : 61712568.000000
time : 60.093227
