Parameters: GAD=1 vflib=1 dir=0 label=0 lowerbound=1 fileNameGp=../graphsdb/mcs50/rand/r005/mcs50_r005_s35.A74 fileNameGt=../graphsdb/mcs50/rand/r005/mcs50_r005_s35.B74
Reading graphs...
35 :  61
35 :  61
Initializing...
maxdom : 35
D->valSize : 1225
Solving...
currentSize : 16 <-- 0.021124 s
currentSize : 17 <-- 0.021623 s
currentSize : 18 <-- 0.022914 s
currentSize : 19 <-- 0.025317 s
currentSize : 20 <-- 0.025875 s
currentSize : 21 <-- 0.030993 s
currentSize : 22 <-- 0.055238 s
currentSize : 23 <-- 2.564542 s
currentSize : 24 <-- 19.244642 s
currentSize : 25 <-- 365.847107 s

maxsize : 25
nodes : 43126037.000000
filtered : 1196719036.000000
CCGP filtered : 402693597.000000
CCGT filtered : 262473803.000000
time : 467.401733
