Parameters: GAD=1 vflib=1 dir=0 label=0 lowerbound=1 fileNameGp=../graphsdb/mcs50/bvg/b03m/mcs50_b03m_s35.A52 fileNameGt=../graphsdb/mcs50/bvg/b03m/mcs50_b03m_s35.B52
Reading graphs...
35 :  52
35 :  51
Initializing...
maxdom : 35
D->valSize : 1225
Solving...
currentSize : 14 <-- 0.021343 s
currentSize : 17 <-- 0.021696 s
currentSize : 18 <-- 0.025037 s
currentSize : 19 <-- 0.035401 s
currentSize : 21 <-- 0.516973 s
currentSize : 22 <-- 7.266520 s
currentSize : 23 <-- 7.585633 s
currentSize : 24 <-- 15.819920 s
currentSize : 25 <-- 75.068611 s

maxsize : 25
nodes : 6707808.000000
filtered : 186738170.000000
CCGP filtered : 199947011.000000
CCGT filtered : 109397655.000000
time : 80.154213
