Parameters: GAD=1 vflib=1 dir=0 label=0 lowerbound=1 fileNameGp=../graphsdb/mcs50/m4D/m4Dr2/mcs50_m4Dr2_s35.A36 fileNameGt=../graphsdb/mcs50/m4D/m4Dr2/mcs50_m4Dr2_s35.B36
Reading graphs...
35 :  69
35 :  68
Initializing...
maxdom : 35
D->valSize : 1225
Solving...
currentSize : 16 <-- 0.021238 s
currentSize : 17 <-- 0.025287 s
currentSize : 18 <-- 0.027101 s
currentSize : 19 <-- 0.030599 s
currentSize : 20 <-- 0.652850 s
currentSize : 21 <-- 0.668870 s
currentSize : 22 <-- 0.686420 s
currentSize : 23 <-- 6.925262 s
currentSize : 24 <-- 9.468461 s

maxsize : 24
nodes : 10824640.000000
filtered : 348876995.000000
CCGP filtered : 180761473.000000
CCGT filtered : 98196914.000000
time : 126.528824
