Parameters: GAD=1 vflib=1 dir=0 label=0 lowerbound=1 fileNameGp=../graphsdb/mcs50/m4D/m4D/mcs50_m4D_s30.A46 fileNameGt=../graphsdb/mcs50/m4D/m4D/mcs50_m4D_s30.B46
Reading graphs...
30 :  55
30 :  55
Initializing...
maxdom : 30
D->valSize : 900
Solving...
currentSize : 9 <-- 0.010983 s
currentSize : 10 <-- 0.011007 s
currentSize : 12 <-- 0.011213 s
currentSize : 14 <-- 0.016687 s
currentSize : 15 <-- 0.019641 s
currentSize : 16 <-- 0.039296 s
currentSize : 17 <-- 0.112573 s
currentSize : 18 <-- 0.139959 s
currentSize : 19 <-- 0.319781 s
currentSize : 20 <-- 2.329276 s

maxsize : 20
nodes : 2518448.000000
filtered : 58854029.000000
CCGP filtered : 42881326.000000
CCGT filtered : 29442325.000000
time : 26.372284
