Parameters: GAD=1 vflib=1 dir=0 label=0 lowerbound=1 fileNameGp=../graphsdb/mcs50/m4D/m4D/mcs50_m4D_s35.A23 fileNameGt=../graphsdb/mcs50/m4D/m4D/mcs50_m4D_s35.B23
Reading graphs...
35 :  63
35 :  63
Initializing...
maxdom : 35
D->valSize : 1225
Solving...
currentSize : 11 <-- 0.020854 s
currentSize : 13 <-- 0.020898 s
currentSize : 17 <-- 0.021107 s
currentSize : 18 <-- 0.021442 s
currentSize : 20 <-- 0.024133 s
currentSize : 21 <-- 0.114952 s
currentSize : 22 <-- 0.561733 s
currentSize : 23 <-- 2.031483 s
currentSize : 24 <-- 10.251189 s

maxsize : 24
nodes : 5641446.000000
filtered : 168244551.000000
CCGP filtered : 104120877.000000
CCGT filtered : 47690381.000000
time : 62.533825
