Parameters: GAD=1 vflib=1 dir=0 label=0 lowerbound=1 fileNameGp=../graphsdb/mcs50/rand/r005/mcs50_r005_s35.A56 fileNameGt=../graphsdb/mcs50/rand/r005/mcs50_r005_s35.B56
Reading graphs...
35 :  60
35 :  60
Initializing...
maxdom : 35
D->valSize : 1225
Solving...
currentSize : 17 <-- 0.020948 s
currentSize : 18 <-- 0.021002 s
currentSize : 19 <-- 0.021149 s
currentSize : 20 <-- 0.023805 s
currentSize : 21 <-- 0.024023 s
currentSize : 22 <-- 0.309199 s
currentSize : 23 <-- 0.309716 s
currentSize : 24 <-- 1.168946 s
currentSize : 25 <-- 6.668815 s

maxsize : 25
nodes : 21776843.000000
filtered : 678273235.000000
CCGP filtered : 233075727.000000
CCGT filtered : 115679711.000000
time : 237.120636
