Parameters: GAD=1 vflib=1 dir=0 label=0 lowerbound=1 fileNameGp=../graphsdb/mcs50/bvg/b06/mcs50_b06_s35.A25 fileNameGt=../graphsdb/mcs50/bvg/b06/mcs50_b06_s35.B25
Reading graphs...
35 :  102
35 :  105
Initializing...
maxdom : 35
D->valSize : 1225
Solving...
currentSize : 14 <-- 0.033739 s
currentSize : 15 <-- 0.034166 s
currentSize : 16 <-- 0.034284 s
currentSize : 17 <-- 0.035506 s
currentSize : 18 <-- 0.143826 s
currentSize : 19 <-- 0.159770 s
currentSize : 20 <-- 9.454478 s
currentSize : 21 <-- 12.142054 s
currentSize : 22 <-- 99.731956 s
currentSize : 23 <-- 168.262833 s

maxsize : 23
nodes : 25326481.000000
filtered : 891001654.000000
CCGP filtered : 73444028.000000
CCGT filtered : 53137122.000000
time : 304.104248
