Parameters: GAD=1 vflib=1 dir=0 label=0 lowerbound=1 fileNameGp=../graphsdb/mcs50/m4D/m4D/mcs50_m4D_s35.A34 fileNameGt=../graphsdb/mcs50/m4D/m4D/mcs50_m4D_s35.B34
Reading graphs...
35 :  63
35 :  62
Initializing...
maxdom : 35
D->valSize : 1225
Solving...
currentSize : 16 <-- 0.020550 s
currentSize : 18 <-- 0.020585 s
currentSize : 19 <-- 0.020806 s
currentSize : 20 <-- 0.021021 s
currentSize : 21 <-- 0.023302 s
currentSize : 22 <-- 0.066264 s
currentSize : 23 <-- 0.217372 s
currentSize : 24 <-- 0.489215 s
currentSize : 25 <-- 73.448540 s

maxsize : 25
nodes : 6980142.000000
filtered : 220955840.000000
CCGP filtered : 181144376.000000
CCGT filtered : 122146500.000000
time : 84.192421
