Parameters: GAD=1 vflib=1 dir=0 label=0 lowerbound=1 fileNameGp=../graphsdb/mcs50/m4D/m4Dr4/mcs50_m4Dr4_s30.A12 fileNameGt=../graphsdb/mcs50/m4D/m4Dr4/mcs50_m4Dr4_s30.B12
Reading graphs...
30 :  66
30 :  64
Initializing...
maxdom : 30
D->valSize : 900
Solving...
currentSize : 11 <-- 0.018532 s
currentSize : 12 <-- 0.018774 s
currentSize : 14 <-- 0.019091 s
currentSize : 15 <-- 0.021130 s
currentSize : 16 <-- 0.027470 s
currentSize : 17 <-- 0.048338 s
currentSize : 18 <-- 0.535445 s
currentSize : 19 <-- 0.637337 s
currentSize : 20 <-- 16.342409 s

maxsize : 20
nodes : 3749252.000000
filtered : 94792750.000000
CCGP filtered : 29114703.000000
CCGT filtered : 20246792.000000
time : 36.352844
