Parameters: GAD=1 vflib=1 dir=0 label=0 lowerbound=1 fileNameGp=../graphsdb/mcs50/m4D/m4Dr2/mcs50_m4Dr2_s35.A51 fileNameGt=../graphsdb/mcs50/m4D/m4Dr2/mcs50_m4Dr2_s35.B51
Reading graphs...
35 :  68
35 :  69
Initializing...
maxdom : 35
D->valSize : 1225
Solving...
currentSize : 15 <-- 0.024666 s
currentSize : 17 <-- 0.024722 s
currentSize : 18 <-- 0.024742 s
currentSize : 19 <-- 0.024983 s
currentSize : 20 <-- 0.025738 s
currentSize : 21 <-- 0.027859 s
currentSize : 22 <-- 1.215933 s
currentSize : 23 <-- 22.477093 s
currentSize : 24 <-- 25.098660 s

maxsize : 24
nodes : 15530415.000000
filtered : 520805422.000000
CCGP filtered : 187201446.000000
CCGT filtered : 146059857.000000
time : 180.678452
