Parameters: GAD=1 vflib=1 dir=0 label=0 lowerbound=1 fileNameGp=../graphsdb/mcs50/m4D/m4Dr4/mcs50_m4Dr4_s30.A21 fileNameGt=../graphsdb/mcs50/m4D/m4Dr4/mcs50_m4Dr4_s30.B21
Reading graphs...
30 :  66
30 :  65
Initializing...
maxdom : 30
D->valSize : 900
Solving...
currentSize : 10 <-- 0.010684 s
currentSize : 11 <-- 0.010770 s
currentSize : 13 <-- 0.011335 s
currentSize : 14 <-- 0.011826 s
currentSize : 15 <-- 0.012784 s
currentSize : 16 <-- 0.013251 s
currentSize : 17 <-- 0.052147 s
currentSize : 18 <-- 0.052291 s
currentSize : 19 <-- 0.900287 s
currentSize : 20 <-- 8.877962 s

maxsize : 20
nodes : 3456920.000000
filtered : 90384476.000000
CCGP filtered : 23442193.000000
CCGT filtered : 13976026.000000
time : 33.174721
