Parameters: GAD=1 vflib=1 dir=0 label=0 lowerbound=1 fileNameGp=../graphsdb/mcs50/m2D/m2Dr2/mcs50_m2Dr2_s30.A27 fileNameGt=../graphsdb/mcs50/m2D/m2Dr2/mcs50_m2Dr2_s30.B27
Reading graphs...
30 :  54
30 :  54
Initializing...
maxdom : 30
D->valSize : 900
Solving...
currentSize : 11 <-- 0.018876 s
currentSize : 12 <-- 0.018977 s
currentSize : 13 <-- 0.019059 s
currentSize : 14 <-- 0.031036 s
currentSize : 15 <-- 0.034400 s
currentSize : 16 <-- 0.034876 s
currentSize : 17 <-- 0.041796 s
currentSize : 18 <-- 0.042553 s
currentSize : 19 <-- 0.053304 s
currentSize : 20 <-- 0.114650 s
currentSize : 21 <-- 60.602390 s

maxsize : 21
nodes : 6994139.000000
filtered : 164321134.000000
CCGP filtered : 69269535.000000
CCGT filtered : 37966667.000000
time : 66.791321
