Parameters: GAD=1 vflib=1 dir=0 label=0 lowerbound=1 fileNameGp=../graphsdb/mcs50/bvg/b03m/mcs50_b03m_s35.A18 fileNameGt=../graphsdb/mcs50/bvg/b03m/mcs50_b03m_s35.B18
Reading graphs...
35 :  52
35 :  52
Initializing...
maxdom : 35
D->valSize : 1225
Solving...
currentSize : 8 <-- 0.036634 s
currentSize : 9 <-- 0.036894 s
currentSize : 13 <-- 0.037082 s
currentSize : 14 <-- 0.037202 s
currentSize : 15 <-- 0.037841 s
currentSize : 17 <-- 0.060524 s
currentSize : 18 <-- 0.060549 s
currentSize : 19 <-- 0.124818 s
currentSize : 20 <-- 0.200792 s
currentSize : 21 <-- 0.723802 s
currentSize : 22 <-- 1.099505 s
currentSize : 23 <-- 2.555912 s
currentSize : 24 <-- 179.357742 s

maxsize : 24
nodes : 22830486.000000
filtered : 492827315.000000
CCGP filtered : 546849541.000000
CCGT filtered : 277746664.000000
time : 241.968918
