Parameters: GAD=1 vflib=1 dir=0 label=0 lowerbound=1 fileNameGp=../graphsdb/mcs50/m4D/m4Dr2/mcs50_m4Dr2_s35.A62 fileNameGt=../graphsdb/mcs50/m4D/m4Dr2/mcs50_m4Dr2_s35.B62
Reading graphs...
35 :  69
35 :  69
Initializing...
maxdom : 35
D->valSize : 1225
Solving...
currentSize : 10 <-- 0.020562 s
currentSize : 15 <-- 0.020672 s
currentSize : 17 <-- 0.021096 s
currentSize : 18 <-- 0.029304 s
currentSize : 19 <-- 0.037094 s
currentSize : 20 <-- 0.060580 s
currentSize : 21 <-- 0.706032 s
currentSize : 22 <-- 1.394038 s
currentSize : 23 <-- 6.881003 s
currentSize : 24 <-- 12.355714 s

maxsize : 24
nodes : 9854830.000000
filtered : 328989077.000000
CCGP filtered : 182634672.000000
CCGT filtered : 68715919.000000
time : 113.579750
