Parameters: GAD=1 vflib=1 dir=0 label=0 lowerbound=1 fileNameGp=../graphsdb/mcs50/rand/r005/mcs50_r005_s35.A19 fileNameGt=../graphsdb/mcs50/rand/r005/mcs50_r005_s35.B19
Reading graphs...
35 :  61
35 :  62
Initializing...
maxdom : 35
D->valSize : 1225
Solving...
currentSize : 14 <-- 0.036319 s
currentSize : 15 <-- 0.036411 s
currentSize : 16 <-- 0.039854 s
currentSize : 17 <-- 0.041787 s
currentSize : 18 <-- 0.061570 s
currentSize : 19 <-- 0.067289 s
currentSize : 20 <-- 0.279918 s
currentSize : 21 <-- 0.422310 s
currentSize : 22 <-- 0.803266 s
currentSize : 23 <-- 2.510232 s
currentSize : 24 <-- 18.301571 s

maxsize : 24
nodes : 37834022.000000
filtered : 1042847990.000000
CCGP filtered : 460546747.000000
CCGT filtered : 247506824.000000
time : 422.151520
