Parameters: GAD=1 vflib=1 dir=0 label=0 lowerbound=1 fileNameGp=../graphsdb/mcs50/m4D/m4Dr2/mcs50_m4Dr2_s35.A39 fileNameGt=../graphsdb/mcs50/m4D/m4Dr2/mcs50_m4Dr2_s35.B39
Reading graphs...
35 :  67
35 :  67
Initializing...
maxdom : 35
D->valSize : 1225
Solving...
currentSize : 16 <-- 0.035431 s
currentSize : 17 <-- 0.035854 s
currentSize : 18 <-- 0.036579 s
currentSize : 19 <-- 0.042311 s
currentSize : 20 <-- 0.044769 s
currentSize : 21 <-- 0.409754 s
currentSize : 22 <-- 1.025710 s
currentSize : 23 <-- 2.050335 s
currentSize : 24 <-- 18.812653 s

maxsize : 24
nodes : 13296639.000000
filtered : 411487460.000000
CCGP filtered : 224079557.000000
CCGT filtered : 127151665.000000
time : 153.538361
