Parameters: GAD=1 vflib=1 dir=0 label=0 lowerbound=1 fileNameGp=../graphsdb/mcs50/bvg/b03/mcs50_b03_s30.A50 fileNameGt=../graphsdb/mcs50/bvg/b03/mcs50_b03_s30.B50
Reading graphs...
30 :  45
30 :  45
Initializing...
maxdom : 30
D->valSize : 900
Solving...
currentSize : 13 <-- 0.012203 s
currentSize : 14 <-- 0.012319 s
currentSize : 15 <-- 0.012497 s
currentSize : 16 <-- 0.012707 s
currentSize : 17 <-- 0.017563 s
currentSize : 18 <-- 0.017652 s
currentSize : 19 <-- 0.028065 s
currentSize : 20 <-- 0.112633 s
currentSize : 21 <-- 0.320092 s
currentSize : 22 <-- 1.532208 s

maxsize : 22
nodes : 752475.000000
filtered : 20381463.000000
CCGP filtered : 7568769.000000
CCGT filtered : 7762631.000000
time : 7.575665
