Parameters: GAD=1 vflib=1 dir=0 label=0 lowerbound=1 fileNameGp=../graphsdb/mcs50/m2D/m2Dr2/mcs50_m2Dr2_s30.A59 fileNameGt=../graphsdb/mcs50/m2D/m2Dr2/mcs50_m2Dr2_s30.B59
Reading graphs...
30 :  52
30 :  54
Initializing...
maxdom : 30
D->valSize : 900
Solving...
currentSize : 7 <-- 0.010976 s
currentSize : 9 <-- 0.011053 s
currentSize : 10 <-- 0.011176 s
currentSize : 14 <-- 0.011254 s
currentSize : 15 <-- 0.012238 s
currentSize : 16 <-- 0.012345 s
currentSize : 17 <-- 0.013626 s
currentSize : 18 <-- 0.021417 s
currentSize : 19 <-- 0.027834 s
currentSize : 20 <-- 0.124164 s
currentSize : 21 <-- 0.560256 s

maxsize : 21
nodes : 1531059.000000
filtered : 42946784.000000
CCGP filtered : 11182456.000000
CCGT filtered : 6002252.000000
time : 14.606894
