Parameters: GAD=1 vflib=1 dir=0 label=0 lowerbound=1 fileNameGp=../graphsdb/mcs50/m2D/m2D/mcs50_m2D_s30.A79 fileNameGt=../graphsdb/mcs50/m2D/m2D/mcs50_m2D_s30.B79
Reading graphs...
30 :  49
30 :  49
Initializing...
maxdom : 30
D->valSize : 900
Solving...
currentSize : 12 <-- 0.011174 s
currentSize : 13 <-- 0.011285 s
currentSize : 14 <-- 0.012021 s
currentSize : 15 <-- 0.012938 s
currentSize : 16 <-- 0.015861 s
currentSize : 17 <-- 0.018405 s
currentSize : 18 <-- 0.091391 s
currentSize : 20 <-- 0.333179 s
currentSize : 21 <-- 8.588698 s

maxsize : 21
nodes : 3737351.000000
filtered : 77902898.000000
CCGP filtered : 45259531.000000
CCGT filtered : 16322248.000000
time : 32.924492
