Parameters: GAD=1 vflib=1 dir=0 label=0 lowerbound=1 fileNameGp=../graphsdb/mcs50/m4D/m4Dr4/mcs50_m4Dr4_s30.A55 fileNameGt=../graphsdb/mcs50/m4D/m4Dr4/mcs50_m4Dr4_s30.B55
Reading graphs...
30 :  66
30 :  66
Initializing...
maxdom : 30
D->valSize : 900
Solving...
currentSize : 11 <-- 0.010586 s
currentSize : 12 <-- 0.010627 s
currentSize : 13 <-- 0.010725 s
currentSize : 14 <-- 0.010906 s
currentSize : 15 <-- 0.014205 s
currentSize : 16 <-- 0.014221 s
currentSize : 17 <-- 0.014301 s
currentSize : 18 <-- 0.146081 s
currentSize : 19 <-- 1.680962 s
currentSize : 20 <-- 10.176920 s

maxsize : 20
nodes : 5310267.000000
filtered : 142623597.000000
CCGP filtered : 22812925.000000
CCGT filtered : 24148229.000000
time : 52.132652
