Parameters: GAD=1 vflib=1 dir=0 label=0 lowerbound=1 fileNameGp=../graphsdb/mcs50/m4D/m4Dr6/mcs50_m4Dr6_s35.A63 fileNameGt=../graphsdb/mcs50/m4D/m4Dr6/mcs50_m4Dr6_s35.B63
Reading graphs...
35 :  78
35 :  80
Initializing...
maxdom : 35
D->valSize : 1225
Solving...
currentSize : 9 <-- 0.020144 s
currentSize : 10 <-- 0.020253 s
currentSize : 14 <-- 0.020453 s
currentSize : 15 <-- 0.020601 s
currentSize : 16 <-- 0.022378 s
currentSize : 17 <-- 0.023223 s
currentSize : 18 <-- 0.031349 s
currentSize : 19 <-- 0.051902 s
currentSize : 20 <-- 0.122777 s
currentSize : 21 <-- 0.133803 s
currentSize : 22 <-- 4.048146 s
currentSize : 23 <-- 113.979950 s

maxsize : 23
nodes : 94717090.000000
filtered : 2745974049.000000
CCGP filtered : 544189693.000000
CCGT filtered : 360810747.000000
time : 1042.098022
