Parameters: GAD=1 vflib=1 dir=0 label=0 lowerbound=1 fileNameGp=../graphsdb/mcs50/m2D/m2D/mcs50_m2D_s30.A49 fileNameGt=../graphsdb/mcs50/m2D/m2D/mcs50_m2D_s30.B49
Reading graphs...
30 :  49
30 :  49
Initializing...
maxdom : 30
D->valSize : 900
Solving...
currentSize : 14 <-- 0.011145 s
currentSize : 15 <-- 0.011183 s
currentSize : 16 <-- 0.017467 s
currentSize : 17 <-- 0.017694 s
currentSize : 18 <-- 0.018735 s
currentSize : 19 <-- 0.752908 s
currentSize : 20 <-- 1.027508 s
currentSize : 21 <-- 7.435035 s
currentSize : 22 <-- 33.262505 s

maxsize : 22
nodes : 3845655.000000
filtered : 90546529.000000
CCGP filtered : 33134702.000000
CCGT filtered : 19062904.000000
time : 34.213360
