Parameters: GAD=1 vflib=1 dir=0 label=0 lowerbound=1 fileNameGp=../graphsdb/mcs50/m4D/m4Dr2/mcs50_m4Dr2_s35.A43 fileNameGt=../graphsdb/mcs50/m4D/m4Dr2/mcs50_m4Dr2_s35.B43
Reading graphs...
35 :  70
35 :  69
Initializing...
maxdom : 35
D->valSize : 1225
Solving...
currentSize : 12 <-- 0.035495 s
currentSize : 14 <-- 0.035549 s
currentSize : 15 <-- 0.035591 s
currentSize : 16 <-- 0.035869 s
currentSize : 17 <-- 0.036473 s
currentSize : 18 <-- 0.043717 s
currentSize : 19 <-- 0.059455 s
currentSize : 20 <-- 0.703192 s
currentSize : 21 <-- 0.708108 s
currentSize : 22 <-- 3.258722 s
currentSize : 23 <-- 3.915296 s
currentSize : 24 <-- 16.534937 s

maxsize : 24
nodes : 19301891.000000
filtered : 643021401.000000
CCGP filtered : 162172583.000000
CCGT filtered : 99478943.000000
time : 220.310043
