Parameters: GAD=1 vflib=1 dir=0 label=0 lowerbound=1 fileNameGp=../graphsdb/mcs50/m4D/m4D/mcs50_m4D_s30.A17 fileNameGt=../graphsdb/mcs50/m4D/m4D/mcs50_m4D_s30.B17
Reading graphs...
30 :  54
30 :  55
Initializing...
maxdom : 30
D->valSize : 900
Solving...
currentSize : 10 <-- 0.018865 s
currentSize : 11 <-- 0.019567 s
currentSize : 14 <-- 0.020587 s
currentSize : 16 <-- 0.020691 s
currentSize : 17 <-- 0.022678 s
currentSize : 18 <-- 0.025498 s
currentSize : 19 <-- 0.073281 s
currentSize : 20 <-- 0.092121 s
currentSize : 21 <-- 0.208717 s
currentSize : 22 <-- 0.209095 s

maxsize : 22
nodes : 271010.000000
filtered : 8167935.000000
CCGP filtered : 3875509.000000
CCGT filtered : 2474411.000000
time : 2.843729
