Parameters: GAD=1 vflib=1 dir=0 label=0 lowerbound=1 fileNameGp=../graphsdb/mcs50/m4D/m4Dr2/mcs50_m4Dr2_s35.A02 fileNameGt=../graphsdb/mcs50/m4D/m4Dr2/mcs50_m4Dr2_s35.B02
Reading graphs...
35 :  70
35 :  68
Initializing...
maxdom : 35
D->valSize : 1225
Solving...
currentSize : 13 <-- 0.020352 s
currentSize : 15 <-- 0.020431 s
currentSize : 18 <-- 0.020744 s
currentSize : 19 <-- 0.020855 s
currentSize : 20 <-- 0.038934 s
currentSize : 21 <-- 0.419151 s
currentSize : 22 <-- 0.881808 s
currentSize : 23 <-- 1.226744 s
currentSize : 24 <-- 81.593987 s
currentSize : 25 <-- 121.526146 s

maxsize : 25
nodes : 15476099.000000
filtered : 448426800.000000
CCGP filtered : 182247564.000000
CCGT filtered : 120739853.000000
time : 175.863052
