Parameters: GAD=1 vflib=1 dir=0 label=0 lowerbound=1 fileNameGp=../graphsdb/mcs50/rand/r005/mcs50_r005_s35.A34 fileNameGt=../graphsdb/mcs50/rand/r005/mcs50_r005_s35.B34
Reading graphs...
35 :  62
35 :  60
Initializing...
maxdom : 35
D->valSize : 1225
Solving...
currentSize : 17 <-- 0.021176 s
currentSize : 18 <-- 0.036019 s
currentSize : 19 <-- 0.036449 s
currentSize : 20 <-- 0.041183 s
currentSize : 21 <-- 0.111074 s
currentSize : 22 <-- 0.393676 s
currentSize : 23 <-- 0.787610 s
currentSize : 24 <-- 3.367676 s
currentSize : 25 <-- 97.636398 s

maxsize : 25
nodes : 15188039.000000
filtered : 472123717.000000
CCGP filtered : 227023628.000000
CCGT filtered : 98294379.000000
time : 162.151245
