Parameters: GAD=1 vflib=1 dir=0 label=0 lowerbound=1 fileNameGp=../graphsdb/mcs50/bvg/b06/mcs50_b06_s35.A90 fileNameGt=../graphsdb/mcs50/bvg/b06/mcs50_b06_s35.B90
Reading graphs...
35 :  104
35 :  103
Initializing...
maxdom : 35
D->valSize : 1225
Solving...
currentSize : 13 <-- 0.019191 s
currentSize : 14 <-- 0.019260 s
currentSize : 15 <-- 0.020343 s
currentSize : 17 <-- 0.026139 s
currentSize : 18 <-- 0.048649 s
currentSize : 19 <-- 0.080054 s
currentSize : 20 <-- 2.853221 s
currentSize : 21 <-- 102.203720 s
currentSize : 22 <-- 149.925980 s

maxsize : 22
nodes : 74838632.000000
filtered : 2460387497.000000
CCGP filtered : 166085192.000000
CCGT filtered : 162914256.000000
time : 875.329224
