Parameters: GAD=1 vflib=1 dir=0 label=0 lowerbound=1 fileNameGp=../graphsdb/mcs50/m4D/m4Dr2/mcs50_m4Dr2_s35.A26 fileNameGt=../graphsdb/mcs50/m4D/m4Dr2/mcs50_m4Dr2_s35.B26
Reading graphs...
35 :  69
35 :  69
Initializing...
maxdom : 35
D->valSize : 1225
Solving...
currentSize : 16 <-- 0.020292 s
currentSize : 17 <-- 0.040991 s
currentSize : 18 <-- 0.095656 s
currentSize : 19 <-- 0.095716 s
currentSize : 20 <-- 0.097152 s
currentSize : 21 <-- 0.097410 s
currentSize : 22 <-- 0.141346 s
currentSize : 23 <-- 0.245205 s
currentSize : 24 <-- 11.324989 s

maxsize : 24
nodes : 13659602.000000
filtered : 469263855.000000
CCGP filtered : 147173490.000000
CCGT filtered : 142774127.000000
time : 161.629486
