Parameters: GAD=1 vflib=1 dir=0 label=0 lowerbound=1 fileNameGp=../graphsdb/mcs50/rand/r005/mcs50_r005_s35.A86 fileNameGt=../graphsdb/mcs50/rand/r005/mcs50_r005_s35.B86
Reading graphs...
35 :  62
35 :  62
Initializing...
maxdom : 35
D->valSize : 1225
Solving...
currentSize : 16 <-- 0.020782 s
currentSize : 17 <-- 0.020964 s
currentSize : 18 <-- 0.021470 s
currentSize : 19 <-- 0.021750 s
currentSize : 20 <-- 0.022547 s
currentSize : 21 <-- 0.039439 s
currentSize : 22 <-- 1.803356 s
currentSize : 23 <-- 6.992659 s
currentSize : 24 <-- 38.019409 s

maxsize : 24
nodes : 45391924.000000
filtered : 1260577586.000000
CCGP filtered : 298866090.000000
CCGT filtered : 261697141.000000
time : 478.946259
