Parameters: GAD=1 vflib=1 dir=0 label=0 lowerbound=1 fileNameGp=../graphsdb/mcs50/bvg/b03m/mcs50_b03m_s35.A04 fileNameGt=../graphsdb/mcs50/bvg/b03m/mcs50_b03m_s35.B04
Reading graphs...
35 :  51
35 :  51
Initializing...
maxdom : 35
D->valSize : 1225
Solving...
currentSize : 15 <-- 0.021241 s
currentSize : 16 <-- 0.021618 s
currentSize : 17 <-- 0.022178 s
currentSize : 18 <-- 0.022238 s
currentSize : 19 <-- 0.023129 s
currentSize : 20 <-- 0.023157 s
currentSize : 21 <-- 0.029569 s
currentSize : 22 <-- 0.040466 s
currentSize : 23 <-- 0.674869 s
currentSize : 24 <-- 5.506603 s
currentSize : 25 <-- 5.507097 s

maxsize : 25
nodes : 3391245.000000
filtered : 92744701.000000
CCGP filtered : 69158817.000000
CCGT filtered : 45814817.000000
time : 37.778008
