Parameters: GAD=1 vflib=1 dir=0 label=0 lowerbound=1 fileNameGp=../graphsdb/mcs50/bvg/b06m/mcs50_b06m_s35.A54 fileNameGt=../graphsdb/mcs50/bvg/b06m/mcs50_b06m_s35.B54
Reading graphs...
35 :  103
35 :  103
Initializing...
maxdom : 35
D->valSize : 1225
Solving...
currentSize : 12 <-- 0.033632 s
currentSize : 15 <-- 0.033759 s
currentSize : 16 <-- 0.034019 s
currentSize : 17 <-- 0.053702 s
currentSize : 18 <-- 0.867653 s
currentSize : 19 <-- 1.057661 s
currentSize : 20 <-- 2.164324 s
currentSize : 21 <-- 13.290999 s
currentSize : 22 <-- 83.884491 s

maxsize : 22
nodes : 66596542.000000
filtered : 2337012216.000000
CCGP filtered : 143570959.000000
CCGT filtered : 168167471.000000
time : 781.081421
