Parameters: GAD=1 vflib=1 dir=0 label=0 lowerbound=1 fileNameGp=../graphsdb/mcs50/m4D/m4Dr6/mcs50_m4Dr6_s30.A92 fileNameGt=../graphsdb/mcs50/m4D/m4Dr6/mcs50_m4Dr6_s30.B92
Reading graphs...
30 :  73
30 :  69
Initializing...
maxdom : 30
D->valSize : 900
Solving...
currentSize : 12 <-- 0.014745 s
currentSize : 13 <-- 0.014781 s
currentSize : 14 <-- 0.014964 s
currentSize : 15 <-- 0.014982 s
currentSize : 16 <-- 0.016061 s
currentSize : 17 <-- 0.020818 s
currentSize : 18 <-- 0.020956 s
currentSize : 19 <-- 0.524701 s
currentSize : 20 <-- 0.524789 s

maxsize : 20
nodes : 2206102.000000
filtered : 67211130.000000
CCGP filtered : 14314276.000000
CCGT filtered : 13042749.000000
time : 22.370684
