Parameters: GAD=1 vflib=1 dir=0 label=0 lowerbound=1 fileNameGp=../graphsdb/mcs50/m4D/m4Dr2/mcs50_m4Dr2_s35.A45 fileNameGt=../graphsdb/mcs50/m4D/m4Dr2/mcs50_m4Dr2_s35.B45
Reading graphs...
35 :  69
35 :  69
Initializing...
maxdom : 35
D->valSize : 1225
Solving...
currentSize : 14 <-- 0.020382 s
currentSize : 15 <-- 0.020654 s
currentSize : 16 <-- 0.021658 s
currentSize : 17 <-- 0.022317 s
currentSize : 18 <-- 0.025009 s
currentSize : 19 <-- 0.026400 s
currentSize : 20 <-- 0.099864 s
currentSize : 21 <-- 0.273199 s
currentSize : 22 <-- 0.319315 s
currentSize : 23 <-- 0.602949 s
currentSize : 24 <-- 18.986357 s

maxsize : 24
nodes : 14905971.000000
filtered : 464328963.000000
CCGP filtered : 184150387.000000
CCGT filtered : 93524162.000000
time : 165.577560
