Parameters: GAD=1 vflib=1 dir=0 label=0 lowerbound=1 fileNameGp=../graphsdb/mcs50/m4D/m4Dr4/mcs50_m4Dr4_s35.A33 fileNameGt=../graphsdb/mcs50/m4D/m4Dr4/mcs50_m4Dr4_s35.B33
Reading graphs...
35 :  75
35 :  74
Initializing...
maxdom : 35
D->valSize : 1225
Solving...
currentSize : 14 <-- 0.035200 s
currentSize : 15 <-- 0.035280 s
currentSize : 16 <-- 0.035463 s
currentSize : 17 <-- 0.037017 s
currentSize : 18 <-- 0.038841 s
currentSize : 19 <-- 0.040526 s
currentSize : 20 <-- 0.041904 s
currentSize : 21 <-- 0.279586 s
currentSize : 22 <-- 0.391991 s
currentSize : 23 <-- 5.426981 s

maxsize : 23
nodes : 32107024.000000
filtered : 1000053611.000000
CCGP filtered : 272082769.000000
CCGT filtered : 137615893.000000
time : 346.229431
