Parameters: GAD=1 vflib=1 dir=0 label=0 lowerbound=1 fileNameGp=../graphsdb/mcs50/m4D/m4D/mcs50_m4D_s35.A27 fileNameGt=../graphsdb/mcs50/m4D/m4D/mcs50_m4D_s35.B27
Reading graphs...
35 :  63
35 :  63
Initializing...
maxdom : 35
D->valSize : 1225
Solving...
currentSize : 13 <-- 0.036016 s
currentSize : 15 <-- 0.036717 s
currentSize : 16 <-- 0.037068 s
currentSize : 17 <-- 0.040773 s
currentSize : 18 <-- 0.046147 s
currentSize : 19 <-- 0.107169 s
currentSize : 20 <-- 0.334823 s
currentSize : 21 <-- 0.510202 s
currentSize : 22 <-- 0.753395 s
currentSize : 23 <-- 0.775376 s
currentSize : 24 <-- 1.049767 s
currentSize : 25 <-- 6.108500 s

maxsize : 25
nodes : 2641860.000000
filtered : 86746136.000000
CCGP filtered : 77166652.000000
CCGT filtered : 29771171.000000
time : 32.140614
