Parameters: GAD=1 vflib=1 dir=0 label=0 lowerbound=1 fileNameGp=../graphsdb/mcs50/bvg/b06/mcs50_b06_s35.A97 fileNameGt=../graphsdb/mcs50/bvg/b06/mcs50_b06_s35.B97
Reading graphs...
35 :  101
35 :  103
Initializing...
maxdom : 35
D->valSize : 1225
Solving...
currentSize : 13 <-- 0.019239 s
currentSize : 14 <-- 0.019793 s
currentSize : 15 <-- 0.020097 s
currentSize : 16 <-- 0.021043 s
currentSize : 17 <-- 0.078045 s
currentSize : 18 <-- 0.152017 s
currentSize : 19 <-- 0.377714 s
currentSize : 20 <-- 3.776032 s
currentSize : 21 <-- 16.977903 s
currentSize : 22 <-- 392.558624 s

maxsize : 22
nodes : 117253207.000000
filtered : 3504715766.000000
CCGP filtered : 234901562.000000
CCGT filtered : 122623879.000000
time : 1318.959229
