Parameters: GAD=1 vflib=1 dir=0 label=0 lowerbound=1 fileNameGp=../graphsdb/mcs50/bvg/b03m/mcs50_b03m_s35.A99 fileNameGt=../graphsdb/mcs50/bvg/b03m/mcs50_b03m_s35.B99
Reading graphs...
35 :  51
35 :  52
Initializing...
maxdom : 35
D->valSize : 1225
Solving...
currentSize : 10 <-- 0.036424 s
currentSize : 16 <-- 0.036664 s
currentSize : 17 <-- 0.038389 s
currentSize : 18 <-- 0.038849 s
currentSize : 19 <-- 0.043543 s
currentSize : 20 <-- 0.045903 s
currentSize : 22 <-- 0.060684 s
currentSize : 23 <-- 0.107656 s
currentSize : 24 <-- 1.008851 s
currentSize : 25 <-- 45.978565 s

maxsize : 25
nodes : 6635824.000000
filtered : 207271815.000000
CCGP filtered : 162313756.000000
CCGT filtered : 111828203.000000
time : 80.679840
