Parameters: GAD=1 vflib=1 dir=0 label=0 lowerbound=1 fileNameGp=../graphsdb/mcs50/bvg/b09/mcs50_b09_s35.A52 fileNameGt=../graphsdb/mcs50/bvg/b09/mcs50_b09_s35.B52
Reading graphs...
35 :  154
35 :  156
Initializing...
maxdom : 35
D->valSize : 1225
Solving...
currentSize : 10 <-- 0.018172 s
currentSize : 11 <-- 0.018219 s
currentSize : 12 <-- 0.018539 s
currentSize : 13 <-- 0.021079 s
currentSize : 14 <-- 0.025085 s
currentSize : 15 <-- 0.038856 s
currentSize : 16 <-- 0.050858 s
currentSize : 17 <-- 1.501107 s
currentSize : 18 <-- 2.244671 s
currentSize : 19 <-- 10.373765 s
currentSize : 20 <-- 270.418915 s

maxsize : 20
nodes : 87105390.000000
filtered : 2471294718.000000
CCGP filtered : 17410324.000000
CCGT filtered : 14377575.000000
time : 1081.576904
