Parameters: GAD=1 vflib=1 dir=0 label=0 lowerbound=1 fileNameGp=../graphsdb/mcs50/bvg/b03m/mcs50_b03m_s20.A32 fileNameGt=../graphsdb/mcs50/bvg/b03m/mcs50_b03m_s20.B32
Reading graphs...
20 :  29
20 :  29
Initializing...
maxdom : 20
D->valSize : 400
Solving...
currentSize : 7 <-- 0.002314 s
currentSize : 8 <-- 0.002402 s
currentSize : 9 <-- 0.002435 s
currentSize : 10 <-- 0.002539 s
currentSize : 11 <-- 0.002752 s
currentSize : 12 <-- 0.002902 s
currentSize : 13 <-- 0.004882 s
currentSize : 14 <-- 0.023560 s
currentSize : 15 <-- 0.040693 s

maxsize : 15
nodes : 11922.000000
filtered : 223158.000000
CCGP filtered : 108983.000000
CCGT filtered : 48683.000000
time : 0.080437
