Parameters: GAD=1 vflib=1 dir=0 label=0 lowerbound=1 fileNameGp=../graphsdb/mcs50/m2D/m2Dr4/mcs50_m2Dr4_s30.A11 fileNameGt=../graphsdb/mcs50/m2D/m2Dr4/mcs50_m2Dr4_s30.B11
Reading graphs...
30 :  61
30 :  61
Initializing...
maxdom : 30
D->valSize : 900
Solving...
currentSize : 12 <-- 0.010817 s
currentSize : 13 <-- 0.010875 s
currentSize : 14 <-- 0.011038 s
currentSize : 15 <-- 0.012295 s
currentSize : 16 <-- 0.016189 s
currentSize : 17 <-- 0.016310 s
currentSize : 18 <-- 0.618209 s
currentSize : 19 <-- 1.969228 s
currentSize : 20 <-- 39.461922 s

maxsize : 20
nodes : 10179248.000000
filtered : 239379239.000000
CCGP filtered : 40683720.000000
CCGT filtered : 44131369.000000
time : 94.256927
