Parameters: GAD=1 vflib=1 dir=0 label=0 lowerbound=1 fileNameGp=../graphsdb/mcs50/bvg/b03m/mcs50_b03m_s35.A66 fileNameGt=../graphsdb/mcs50/bvg/b03m/mcs50_b03m_s35.B66
Reading graphs...
35 :  50
35 :  50
Initializing...
maxdom : 35
D->valSize : 1225
Solving...
currentSize : 17 <-- 0.036958 s
currentSize : 18 <-- 0.037918 s
currentSize : 19 <-- 0.042258 s
currentSize : 20 <-- 0.049718 s
currentSize : 21 <-- 0.068052 s
currentSize : 22 <-- 0.068450 s
currentSize : 23 <-- 0.768519 s
currentSize : 24 <-- 0.796347 s
currentSize : 25 <-- 22.530760 s

maxsize : 25
nodes : 5491163.000000
filtered : 148194406.000000
CCGP filtered : 131539557.000000
CCGT filtered : 73995894.000000
time : 60.032829
