Parameters: GAD=1 vflib=1 dir=0 label=0 lowerbound=1 fileNameGp=../graphsdb/mcs50/bvg/b03m/mcs50_b03m_s30.A50 fileNameGt=../graphsdb/mcs50/bvg/b03m/mcs50_b03m_s30.B50
Reading graphs...
30 :  45
30 :  43
Initializing...
maxdom : 30
D->valSize : 900
Solving...
currentSize : 12 <-- 0.011175 s
currentSize : 13 <-- 0.011242 s
currentSize : 14 <-- 0.011430 s
currentSize : 15 <-- 0.011562 s
currentSize : 16 <-- 0.011967 s
currentSize : 17 <-- 0.012838 s
currentSize : 18 <-- 0.143060 s
currentSize : 19 <-- 0.143172 s
currentSize : 20 <-- 0.510099 s
currentSize : 21 <-- 1.127503 s

maxsize : 21
nodes : 881066.000000
filtered : 23725175.000000
CCGP filtered : 11915558.000000
CCGT filtered : 8791280.000000
time : 8.195355
