Parameters: GAD=1 vflib=1 dir=0 label=0 lowerbound=1 fileNameGp=../graphsdb/mcs50/bvg/b06m/mcs50_b06m_s35.A58 fileNameGt=../graphsdb/mcs50/bvg/b06m/mcs50_b06m_s35.B58
Reading graphs...
35 :  101
35 :  103
Initializing...
maxdom : 35
D->valSize : 1225
Solving...
currentSize : 11 <-- 0.019386 s
currentSize : 12 <-- 0.019525 s
currentSize : 13 <-- 0.019824 s
currentSize : 14 <-- 0.020546 s
currentSize : 15 <-- 0.023579 s
currentSize : 16 <-- 0.027101 s
currentSize : 17 <-- 0.065619 s
currentSize : 18 <-- 0.091643 s
currentSize : 19 <-- 1.765980 s
currentSize : 20 <-- 23.454189 s

maxsize : 20
nodes : 221105514.000000
filtered : 5712698876.000000
CCGP filtered : 608929646.000000
CCGT filtered : 675833260.000000
time : 2495.334229
