Parameters: GAD=1 vflib=1 dir=0 label=0 lowerbound=1 fileNameGp=../graphsdb/mcs50/rand/r005/mcs50_r005_s25.A84 fileNameGt=../graphsdb/mcs50/rand/r005/mcs50_r005_s25.B84
Reading graphs...
25 :  35
25 :  34
Initializing...
maxdom : 25
D->valSize : 625
Solving...
currentSize : 4 <-- 0.005425 s
currentSize : 11 <-- 0.005588 s
currentSize : 12 <-- 0.005657 s
currentSize : 13 <-- 0.007464 s
currentSize : 14 <-- 0.009625 s
currentSize : 15 <-- 0.017403 s
currentSize : 16 <-- 0.020260 s
currentSize : 17 <-- 0.032447 s
currentSize : 18 <-- 0.042134 s

maxsize : 18
nodes : 81633.000000
filtered : 1697211.000000
CCGP filtered : 1455137.000000
CCGT filtered : 627289.000000
time : 0.645836
