Parameters: GAD=1 vflib=1 dir=0 label=0 lowerbound=1 fileNameGp=../graphsdb/mcs50/bvg/b06/mcs50_b06_s35.A78 fileNameGt=../graphsdb/mcs50/bvg/b06/mcs50_b06_s35.B78
Reading graphs...
35 :  101
35 :  104
Initializing...
maxdom : 35
D->valSize : 1225
Solving...
currentSize : 13 <-- 0.020038 s
currentSize : 14 <-- 0.020236 s
currentSize : 15 <-- 0.020413 s
currentSize : 16 <-- 0.022318 s
currentSize : 17 <-- 0.030851 s
currentSize : 18 <-- 0.420112 s
currentSize : 19 <-- 1.334069 s
currentSize : 20 <-- 45.930408 s
currentSize : 21 <-- 120.179298 s
currentSize : 22 <-- 155.567413 s

maxsize : 22
nodes : 86122208.000000
filtered : 2885230998.000000
CCGP filtered : 210883000.000000
CCGT filtered : 134529855.000000
time : 1004.509766
