Parameters: GAD=1 vflib=1 dir=0 label=0 lowerbound=1 fileNameGp=../graphsdb/mcs50/bvg/b03/mcs50_b03_s35.A82 fileNameGt=../graphsdb/mcs50/bvg/b03/mcs50_b03_s35.B82
Reading graphs...
35 :  51
35 :  52
Initializing...
maxdom : 35
D->valSize : 1225
Solving...
currentSize : 18 <-- 0.036876 s
currentSize : 19 <-- 0.056811 s
currentSize : 20 <-- 0.098287 s
currentSize : 21 <-- 0.314934 s
currentSize : 22 <-- 0.322773 s
currentSize : 23 <-- 2.066464 s
currentSize : 24 <-- 48.246044 s
currentSize : 25 <-- 48.246796 s
currentSize : 26 <-- 48.776951 s
currentSize : 27 <-- 81.092957 s

maxsize : 27
nodes : 7580473.000000
filtered : 200763595.000000
CCGP filtered : 94755430.000000
CCGT filtered : 91251560.000000
time : 85.962242
