Parameters: GAD=1 vflib=1 dir=0 label=0 lowerbound=1 fileNameGp=../graphsdb/mcs50/m4D/m4Dr2/mcs50_m4Dr2_s35.A33 fileNameGt=../graphsdb/mcs50/m4D/m4Dr2/mcs50_m4Dr2_s35.B33
Reading graphs...
35 :  68
35 :  69
Initializing...
maxdom : 35
D->valSize : 1225
Solving...
currentSize : 11 <-- 0.020965 s
currentSize : 12 <-- 0.021005 s
currentSize : 14 <-- 0.021150 s
currentSize : 16 <-- 0.021244 s
currentSize : 18 <-- 0.025139 s
currentSize : 19 <-- 0.090213 s
currentSize : 20 <-- 0.156496 s
currentSize : 22 <-- 0.461982 s
currentSize : 23 <-- 11.793570 s
currentSize : 24 <-- 12.717055 s
currentSize : 25 <-- 60.606976 s

maxsize : 25
nodes : 11045794.000000
filtered : 371641875.000000
CCGP filtered : 116047071.000000
CCGT filtered : 106683913.000000
time : 129.854767
