Parameters: GAD=1 vflib=1 dir=0 label=0 lowerbound=1 fileNameGp=../graphsdb/mcs50/m4D/m4Dr6/mcs50_m4Dr6_s30.A77 fileNameGt=../graphsdb/mcs50/m4D/m4Dr6/mcs50_m4Dr6_s30.B77
Reading graphs...
30 :  70
30 :  69
Initializing...
maxdom : 30
D->valSize : 900
Solving...
currentSize : 9 <-- 0.011347 s
currentSize : 10 <-- 0.011395 s
currentSize : 11 <-- 0.011710 s
currentSize : 12 <-- 0.012315 s
currentSize : 14 <-- 0.013769 s
currentSize : 15 <-- 0.014303 s
currentSize : 16 <-- 0.023597 s
currentSize : 17 <-- 0.035010 s
currentSize : 18 <-- 0.036187 s
currentSize : 19 <-- 0.073550 s
currentSize : 20 <-- 0.465740 s

maxsize : 20
nodes : 1571113.000000
filtered : 49721429.000000
CCGP filtered : 11039951.000000
CCGT filtered : 7215410.000000
time : 16.265619
