Parameters: GAD=1 vflib=1 dir=0 label=0 lowerbound=1 fileNameGp=../graphsdb/mcs50/bvg/b03m/mcs50_b03m_s35.A05 fileNameGt=../graphsdb/mcs50/bvg/b03m/mcs50_b03m_s35.B05
Reading graphs...
35 :  51
35 :  51
Initializing...
maxdom : 35
D->valSize : 1225
Solving...
currentSize : 17 <-- 0.021447 s
currentSize : 18 <-- 0.021520 s
currentSize : 19 <-- 0.023461 s
currentSize : 20 <-- 0.024417 s
currentSize : 21 <-- 0.109326 s
currentSize : 22 <-- 0.188375 s
currentSize : 23 <-- 0.889471 s
currentSize : 24 <-- 4.889360 s
currentSize : 25 <-- 64.094147 s
currentSize : 26 <-- 89.642883 s

maxsize : 26
nodes : 10315502.000000
filtered : 272862795.000000
CCGP filtered : 169527933.000000
CCGT filtered : 110291582.000000
time : 111.334000
