Parameters: GAD=1 vflib=1 dir=0 label=0 lowerbound=1 fileNameGp=../graphsdb/mcs50/m4D/m4Dr4/mcs50_m4Dr4_s35.A83 fileNameGt=../graphsdb/mcs50/m4D/m4Dr4/mcs50_m4Dr4_s35.B83
Reading graphs...
35 :  76
35 :  75
Initializing...
maxdom : 35
D->valSize : 1225
Solving...
currentSize : 14 <-- 0.020233 s
currentSize : 15 <-- 0.020262 s
currentSize : 18 <-- 0.020459 s
currentSize : 19 <-- 0.020906 s
currentSize : 20 <-- 0.023069 s
currentSize : 21 <-- 0.023218 s
currentSize : 22 <-- 0.498184 s
currentSize : 23 <-- 1.345278 s
currentSize : 24 <-- 5.630646 s

maxsize : 24
nodes : 10481189.000000
filtered : 398751286.000000
CCGP filtered : 60173907.000000
CCGT filtered : 67392311.000000
time : 125.952766
