Parameters: GAD=1 vflib=1 dir=0 label=0 lowerbound=1 fileNameGp=../graphsdb/mcs50/m4D/m4Dr4/mcs50_m4Dr4_s35.A12 fileNameGt=../graphsdb/mcs50/m4D/m4Dr4/mcs50_m4Dr4_s35.B12
Reading graphs...
35 :  76
35 :  75
Initializing...
maxdom : 35
D->valSize : 1225
Solving...
currentSize : 15 <-- 0.020714 s
currentSize : 16 <-- 0.021022 s
currentSize : 17 <-- 0.024241 s
currentSize : 18 <-- 0.029944 s
currentSize : 19 <-- 0.038013 s
currentSize : 20 <-- 0.696465 s
currentSize : 21 <-- 2.226294 s
currentSize : 22 <-- 15.172585 s
currentSize : 23 <-- 175.703812 s

maxsize : 23
nodes : 27039909.000000
filtered : 755196321.000000
CCGP filtered : 255026086.000000
CCGT filtered : 191581153.000000
time : 303.017181
