Parameters: GAD=1 vflib=1 dir=0 label=0 lowerbound=1 fileNameGp=../graphsdb/mcs50/m2D/m2Dr4/mcs50_m2Dr4_s30.A15 fileNameGt=../graphsdb/mcs50/m2D/m2Dr4/mcs50_m2Dr4_s30.B15
Reading graphs...
30 :  61
30 :  60
Initializing...
maxdom : 30
D->valSize : 900
Solving...
currentSize : 11 <-- 0.010797 s
currentSize : 13 <-- 0.010857 s
currentSize : 14 <-- 0.015059 s
currentSize : 15 <-- 0.029819 s
currentSize : 16 <-- 0.051764 s
currentSize : 17 <-- 0.053716 s
currentSize : 18 <-- 0.053787 s
currentSize : 19 <-- 0.430024 s
currentSize : 20 <-- 4.471635 s

maxsize : 20
nodes : 3903530.000000
filtered : 104199568.000000
CCGP filtered : 30093476.000000
CCGT filtered : 13618479.000000
time : 36.691261
