Parameters: GAD=1 vflib=1 dir=0 label=0 lowerbound=1 fileNameGp=../graphsdb/mcs50/m4D/m4Dr4/mcs50_m4Dr4_s35.A27 fileNameGt=../graphsdb/mcs50/m4D/m4Dr4/mcs50_m4Dr4_s35.B27
Reading graphs...
35 :  77
35 :  75
Initializing...
maxdom : 35
D->valSize : 1225
Solving...
currentSize : 16 <-- 0.020265 s
currentSize : 17 <-- 0.020317 s
currentSize : 18 <-- 0.026966 s
currentSize : 19 <-- 0.039926 s
currentSize : 20 <-- 0.264249 s
currentSize : 21 <-- 0.727706 s
currentSize : 22 <-- 16.291218 s
currentSize : 23 <-- 18.291176 s
currentSize : 24 <-- 88.329185 s

maxsize : 24
nodes : 16451022.000000
filtered : 567155889.000000
CCGP filtered : 132900891.000000
CCGT filtered : 133384676.000000
time : 196.731293
