Parameters: GAD=1 vflib=1 dir=0 label=0 lowerbound=1 fileNameGp=../graphsdb/mcs50/bvg/b03m/mcs50_b03m_s30.A45 fileNameGt=../graphsdb/mcs50/bvg/b03m/mcs50_b03m_s30.B45
Reading graphs...
30 :  44
30 :  44
Initializing...
maxdom : 30
D->valSize : 900
Solving...
currentSize : 14 <-- 0.011244 s
currentSize : 15 <-- 0.011277 s
currentSize : 16 <-- 0.011358 s
currentSize : 17 <-- 0.021817 s
currentSize : 18 <-- 0.040757 s
currentSize : 19 <-- 0.158774 s
currentSize : 20 <-- 0.163199 s
currentSize : 21 <-- 1.714214 s
currentSize : 22 <-- 1.738247 s

maxsize : 22
nodes : 729924.000000
filtered : 19687477.000000
CCGP filtered : 14992983.000000
CCGT filtered : 6278690.000000
time : 7.132750
