Parameters: GAD=1 vflib=1 dir=0 label=0 lowerbound=1 fileNameGp=../graphsdb/mcs50/m2D/m2Dr4/mcs50_m2Dr4_s30.A31 fileNameGt=../graphsdb/mcs50/m2D/m2Dr4/mcs50_m2Dr4_s30.B31
Reading graphs...
30 :  60
30 :  59
Initializing...
maxdom : 30
D->valSize : 900
Solving...
currentSize : 11 <-- 0.018633 s
currentSize : 12 <-- 0.018672 s
currentSize : 13 <-- 0.018721 s
currentSize : 14 <-- 0.019009 s
currentSize : 15 <-- 0.022104 s
currentSize : 16 <-- 0.022608 s
currentSize : 17 <-- 0.064657 s
currentSize : 18 <-- 0.070753 s
currentSize : 19 <-- 0.318063 s
currentSize : 20 <-- 6.025343 s
currentSize : 21 <-- 21.988869 s

maxsize : 21
nodes : 3751574.000000
filtered : 97926921.000000
CCGP filtered : 20239706.000000
CCGT filtered : 17402097.000000
time : 36.337734
