Parameters: GAD=1 vflib=1 dir=0 label=0 lowerbound=1 fileNameGp=../graphsdb/mcs50/m4D/m4Dr4/mcs50_m4Dr4_s30.A46 fileNameGt=../graphsdb/mcs50/m4D/m4Dr4/mcs50_m4Dr4_s30.B46
Reading graphs...
30 :  66
30 :  62
Initializing...
maxdom : 30
D->valSize : 900
Solving...
currentSize : 10 <-- 0.015490 s
currentSize : 11 <-- 0.015532 s
currentSize : 12 <-- 0.015912 s
currentSize : 13 <-- 0.015942 s
currentSize : 15 <-- 0.015984 s
currentSize : 16 <-- 0.016250 s
currentSize : 17 <-- 0.016451 s
currentSize : 18 <-- 0.058710 s
currentSize : 19 <-- 0.068165 s
currentSize : 20 <-- 11.728073 s

maxsize : 20
nodes : 4011237.000000
filtered : 99262143.000000
CCGP filtered : 41318928.000000
CCGT filtered : 25519806.000000
time : 37.749332
