Parameters: GAD=1 vflib=1 dir=0 label=0 lowerbound=1 fileNameGp=../graphsdb/mcs50/bvg/b06/mcs50_b06_s30.A89 fileNameGt=../graphsdb/mcs50/bvg/b06/mcs50_b06_s30.B89
Reading graphs...
30 :  85
30 :  88
Initializing...
maxdom : 30
D->valSize : 900
Solving...
currentSize : 10 <-- 0.017913 s
currentSize : 11 <-- 0.018053 s
currentSize : 12 <-- 0.018075 s
currentSize : 13 <-- 0.018396 s
currentSize : 14 <-- 0.018818 s
currentSize : 15 <-- 0.090484 s
currentSize : 16 <-- 0.162582 s
currentSize : 17 <-- 0.868051 s
currentSize : 18 <-- 8.956595 s
currentSize : 19 <-- 60.101288 s

maxsize : 19
nodes : 8907195.000000
filtered : 228223698.000000
CCGP filtered : 16585044.000000
CCGT filtered : 17594098.000000
time : 90.526306
