Parameters: GAD=1 vflib=1 dir=0 label=0 lowerbound=1 fileNameGp=../graphsdb/mcs50/m2D/m2D/mcs50_m2D_s30.A38 fileNameGt=../graphsdb/mcs50/m2D/m2D/mcs50_m2D_s30.B38
Reading graphs...
30 :  49
30 :  49
Initializing...
maxdom : 30
D->valSize : 900
Solving...
currentSize : 11 <-- 0.011165 s
currentSize : 13 <-- 0.011196 s
currentSize : 15 <-- 0.012426 s
currentSize : 16 <-- 0.012542 s
currentSize : 17 <-- 0.039300 s
currentSize : 18 <-- 0.047712 s
currentSize : 19 <-- 0.347286 s
currentSize : 20 <-- 0.784978 s
currentSize : 21 <-- 1.482243 s

maxsize : 21
nodes : 2127388.000000
filtered : 51860585.000000
CCGP filtered : 22199458.000000
CCGT filtered : 10726160.000000
time : 19.310600
