Parameters: GAD=1 vflib=1 dir=0 label=0 lowerbound=1 fileNameGp=../graphsdb/mcs50/m4D/m4Dr4/mcs50_m4Dr4_s35.A69 fileNameGt=../graphsdb/mcs50/m4D/m4Dr4/mcs50_m4Dr4_s35.B69
Reading graphs...
35 :  76
35 :  72
Initializing...
maxdom : 35
D->valSize : 1225
Solving...
currentSize : 16 <-- 0.035477 s
currentSize : 17 <-- 0.036481 s
currentSize : 18 <-- 0.037164 s
currentSize : 19 <-- 0.066961 s
currentSize : 20 <-- 0.084837 s
currentSize : 21 <-- 0.340649 s
currentSize : 22 <-- 4.382059 s
currentSize : 23 <-- 21.662664 s
currentSize : 24 <-- 254.188553 s

maxsize : 24
nodes : 35383668.000000
filtered : 1084902969.000000
CCGP filtered : 233979280.000000
CCGT filtered : 146963620.000000
time : 379.559998
