Parameters: GAD=1 vflib=1 dir=0 label=0 lowerbound=1 fileNameGp=../graphsdb/mcs50/rand/r005/mcs50_r005_s25.A66 fileNameGt=../graphsdb/mcs50/rand/r005/mcs50_r005_s25.B66
Reading graphs...
25 :  35
25 :  34
Initializing...
maxdom : 25
D->valSize : 625
Solving...
currentSize : 8 <-- 0.009395 s
currentSize : 10 <-- 0.009502 s
currentSize : 11 <-- 0.009557 s
currentSize : 12 <-- 0.009978 s
currentSize : 13 <-- 0.010232 s
currentSize : 14 <-- 0.011324 s
currentSize : 15 <-- 0.019983 s
currentSize : 16 <-- 0.092443 s
currentSize : 17 <-- 0.096257 s
currentSize : 18 <-- 0.096299 s

maxsize : 18
nodes : 77431.000000
filtered : 1605436.000000
CCGP filtered : 966646.000000
CCGT filtered : 420335.000000
time : 0.672933
