Parameters: GAD=1 vflib=1 dir=0 label=0 lowerbound=1 fileNameGp=../graphsdb/mcs50/m2D/m2Dr2/mcs50_m2Dr2_s30.A10 fileNameGt=../graphsdb/mcs50/m2D/m2Dr2/mcs50_m2Dr2_s30.B10
Reading graphs...
30 :  54
30 :  55
Initializing...
maxdom : 30
D->valSize : 900
Solving...
currentSize : 13 <-- 0.019038 s
currentSize : 14 <-- 0.019144 s
currentSize : 15 <-- 0.019516 s
currentSize : 16 <-- 0.020422 s
currentSize : 17 <-- 0.023152 s
currentSize : 18 <-- 0.036642 s
currentSize : 19 <-- 0.036660 s
currentSize : 20 <-- 0.220505 s
currentSize : 21 <-- 0.286464 s
currentSize : 22 <-- 5.642530 s

maxsize : 22
nodes : 1944175.000000
filtered : 55260278.000000
CCGP filtered : 10626921.000000
CCGT filtered : 5097002.000000
time : 18.159121
