Parameters: GAD=1 vflib=1 dir=0 label=0 lowerbound=1 fileNameGp=../graphsdb/mcs50/bvg/b06m/mcs50_b06m_s35.A39 fileNameGt=../graphsdb/mcs50/bvg/b06m/mcs50_b06m_s35.B39
Reading graphs...
35 :  100
35 :  101
Initializing...
maxdom : 35
D->valSize : 1225
Solving...
currentSize : 14 <-- 0.019695 s
currentSize : 15 <-- 0.019799 s
currentSize : 16 <-- 0.019968 s
currentSize : 17 <-- 0.023075 s
currentSize : 18 <-- 0.038788 s
currentSize : 19 <-- 0.039281 s
currentSize : 20 <-- 2.349189 s
currentSize : 21 <-- 805.768738 s
currentSize : 22 <-- 2122.490967 s

maxsize : 22
nodes : 230412038.000000
filtered : 6369934469.000000
CCGP filtered : 639841680.000000
CCGT filtered : 419703124.000000
time : 2528.119141
