Parameters: GAD=1 vflib=1 dir=0 label=0 lowerbound=1 fileNameGp=../graphsdb/mcs50/m4D/m4Dr2/mcs50_m4Dr2_s30.A48 fileNameGt=../graphsdb/mcs50/m4D/m4Dr2/mcs50_m4Dr2_s30.B48
Reading graphs...
30 :  61
30 :  60
Initializing...
maxdom : 30
D->valSize : 900
Solving...
currentSize : 12 <-- 0.011172 s
currentSize : 13 <-- 0.011321 s
currentSize : 14 <-- 0.011856 s
currentSize : 15 <-- 0.016700 s
currentSize : 16 <-- 0.022985 s
currentSize : 17 <-- 0.027675 s
currentSize : 18 <-- 0.045565 s
currentSize : 19 <-- 0.275802 s
currentSize : 20 <-- 1.365382 s
currentSize : 21 <-- 1.367707 s

maxsize : 21
nodes : 946474.000000
filtered : 24193928.000000
CCGP filtered : 10283756.000000
CCGT filtered : 9456260.000000
time : 9.397876
