Parameters: GAD=1 vflib=1 dir=0 label=0 lowerbound=1 fileNameGp=../graphsdb/mcs70/bvg/b09m/mcs70_b09m_s35.A53 fileNameGt=../graphsdb/mcs70/bvg/b09m/mcs70_b09m_s35.B53
Reading graphs...
35 :  151
35 :  152
Initializing...
maxdom : 35
D->valSize : 1225
Solving...
currentSize : 13 <-- 0.018520 s
currentSize : 14 <-- 0.019016 s
currentSize : 15 <-- 0.043649 s
currentSize : 16 <-- 0.075137 s
currentSize : 17 <-- 49.405827 s
currentSize : 18 <-- 183.085892 s
currentSize : 19 <-- 465.052216 s
currentSize : 20 <-- 465.052399 s
currentSize : 21 <-- 465.053528 s
currentSize : 25 <-- 514.807739 s

maxsize : 25
nodes : 44244780.000000
filtered : 978203208.000000
CCGP filtered : 20340306.000000
CCGT filtered : 41752124.000000
time : 525.275879
