Parameters: GAD=1 vflib=1 dir=0 label=0 lowerbound=1 fileNameGp=../graphsdb/mcs70/bvg/b03m/mcs70_b03m_s35.A03 fileNameGt=../graphsdb/mcs70/bvg/b03m/mcs70_b03m_s35.B03
Reading graphs...
35 :  52
35 :  52
Initializing...
maxdom : 35
D->valSize : 1225
Solving...
currentSize : 18 <-- 0.021105 s
currentSize : 19 <-- 0.021149 s
currentSize : 20 <-- 0.027175 s
currentSize : 21 <-- 0.083903 s
currentSize : 22 <-- 0.354252 s
currentSize : 23 <-- 0.430535 s
currentSize : 24 <-- 10.273320 s
currentSize : 25 <-- 32.441437 s
currentSize : 26 <-- 40.130169 s

maxsize : 26
nodes : 7182655.000000
filtered : 198263201.000000
CCGP filtered : 198450720.000000
CCGT filtered : 118081047.000000
time : 83.305840
