Parameters: GAD=1 vflib=1 dir=0 label=0 lowerbound=1 fileNameGp=../graphsdb/mcs70/bvg/b09/mcs70_b09_s25.A49 fileNameGt=../graphsdb/mcs70/bvg/b09/mcs70_b09_s25.B49
Reading graphs...
25 :  110
25 :  110
Initializing...
maxdom : 25
D->valSize : 625
Solving...
currentSize : 9 <-- 0.007756 s
currentSize : 10 <-- 0.008147 s
currentSize : 11 <-- 0.010618 s
currentSize : 12 <-- 0.011639 s
currentSize : 13 <-- 0.263010 s
currentSize : 14 <-- 0.265218 s
currentSize : 15 <-- 0.354890 s
currentSize : 16 <-- 0.474975 s
currentSize : 17 <-- 1.448875 s

maxsize : 17
nodes : 296188.000000
filtered : 7380640.000000
CCGP filtered : 43767.000000
CCGT filtered : 19063.000000
time : 2.853075
