Parameters: GAD=1 vflib=1 dir=0 label=0 lowerbound=1 fileNameGp=../graphsdb/mcs70/bvg/b06m/mcs70_b06m_s30.A54 fileNameGt=../graphsdb/mcs70/bvg/b06m/mcs70_b06m_s30.B54
Reading graphs...
30 :  90
30 :  90
Initializing...
maxdom : 30
D->valSize : 900
Solving...
currentSize : 11 <-- 0.010126 s
currentSize : 12 <-- 0.010214 s
currentSize : 13 <-- 0.010435 s
currentSize : 14 <-- 0.010469 s
currentSize : 16 <-- 0.012727 s
currentSize : 17 <-- 0.019568 s
currentSize : 18 <-- 0.042292 s
currentSize : 19 <-- 0.301936 s
currentSize : 21 <-- 0.306581 s

maxsize : 21
nodes : 759081.000000
filtered : 33688317.000000
CCGP filtered : 738070.000000
CCGT filtered : 638790.000000
time : 8.496177
