Parameters: GAD=1 vflib=1 dir=0 label=0 lowerbound=1 fileNameGp=../graphsdb/mcs70/m4D/m4D/mcs70_m4D_s25.A33 fileNameGt=../graphsdb/mcs70/m4D/m4D/mcs70_m4D_s25.B33
Reading graphs...
25 :  47
25 :  47
Initializing...
maxdom : 25
D->valSize : 625
Solving...
currentSize : 7 <-- 0.008987 s
currentSize : 8 <-- 0.009076 s
currentSize : 9 <-- 0.009107 s
currentSize : 12 <-- 0.009140 s
currentSize : 13 <-- 0.010168 s
currentSize : 14 <-- 0.011649 s
currentSize : 15 <-- 0.013603 s
currentSize : 16 <-- 0.014954 s
currentSize : 17 <-- 0.018227 s
currentSize : 18 <-- 0.018348 s
currentSize : 19 <-- 0.079171 s

maxsize : 19
nodes : 44584.000000
filtered : 1229351.000000
CCGP filtered : 471001.000000
CCGT filtered : 333117.000000
time : 0.524791
