Parameters: GAD=1 vflib=1 dir=0 label=0 lowerbound=1 fileNameGp=../graphsdb/mcs70/m4D/m4Dr6/mcs70_m4Dr6_s25.A81 fileNameGt=../graphsdb/mcs70/m4D/m4Dr6/mcs70_m4Dr6_s25.B81
Reading graphs...
25 :  60
25 :  59
Initializing...
maxdom : 25
D->valSize : 625
Solving...
currentSize : 8 <-- 0.008640 s
currentSize : 10 <-- 0.008887 s
currentSize : 11 <-- 0.009263 s
currentSize : 12 <-- 0.010643 s
currentSize : 14 <-- 0.011864 s
currentSize : 15 <-- 0.017551 s
currentSize : 16 <-- 0.030785 s
currentSize : 17 <-- 2.072283 s
currentSize : 18 <-- 2.904558 s

maxsize : 18
nodes : 423184.000000
filtered : 8554088.000000
CCGP filtered : 898309.000000
CCGT filtered : 523336.000000
time : 3.323630
