Parameters: GAD=1 vflib=1 dir=0 label=0 lowerbound=1 fileNameGp=../graphsdb/mcs70/bvg/b03/mcs70_b03_s35.A30 fileNameGt=../graphsdb/mcs70/bvg/b03/mcs70_b03_s35.B30
Reading graphs...
35 :  51
35 :  52
Initializing...
maxdom : 35
D->valSize : 1225
Solving...
currentSize : 20 <-- 0.027595 s
currentSize : 21 <-- 0.028010 s
currentSize : 22 <-- 0.032768 s
currentSize : 23 <-- 0.034270 s
currentSize : 24 <-- 0.133553 s
currentSize : 25 <-- 1.977334 s
currentSize : 26 <-- 3.308641 s
currentSize : 27 <-- 5.841122 s
currentSize : 28 <-- 6.366529 s
currentSize : 29 <-- 8.150060 s

maxsize : 29
nodes : 957230.000000
filtered : 26346282.000000
CCGP filtered : 20088722.000000
CCGT filtered : 9311510.000000
time : 10.325472
