Parameters: GAD=1 vflib=1 dir=0 label=0 lowerbound=1 fileNameGp=../graphsdb/mcs70/m2D/m2Dr6/m2Dr6/mcs70_m2Dr6_s35.A55 fileNameGt=../graphsdb/mcs70/m2D/m2Dr6/m2Dr6/mcs70_m2Dr6_s35.B55
Reading graphs...
35 :  78
35 :  78
Initializing...
maxdom : 35
D->valSize : 1225
Solving...
currentSize : 14 <-- 0.020255 s
currentSize : 16 <-- 0.020340 s
currentSize : 17 <-- 0.023764 s
currentSize : 18 <-- 0.029438 s
currentSize : 19 <-- 0.038004 s
currentSize : 20 <-- 0.310240 s
currentSize : 21 <-- 1.528010 s
currentSize : 22 <-- 9.765810 s
currentSize : 23 <-- 15.251409 s
currentSize : 24 <-- 89.246414 s
currentSize : 26 <-- 89.339035 s

maxsize : 26
nodes : 9774497.000000
filtered : 333502623.000000
CCGP filtered : 38561407.000000
CCGT filtered : 30280428.000000
time : 110.231781
