Parameters: GAD=1 vflib=1 dir=0 label=0 lowerbound=1 fileNameGp=../graphsdb/mcs70/bvg/b03m/mcs70_b03m_s35.A87 fileNameGt=../graphsdb/mcs70/bvg/b03m/mcs70_b03m_s35.B87
Reading graphs...
35 :  51
35 :  51
Initializing...
maxdom : 35
D->valSize : 1225
Solving...
currentSize : 19 <-- 0.021163 s
currentSize : 20 <-- 0.021239 s
currentSize : 21 <-- 0.024075 s
currentSize : 22 <-- 0.027581 s
currentSize : 23 <-- 0.031023 s
currentSize : 24 <-- 0.095138 s
currentSize : 25 <-- 0.233419 s
currentSize : 26 <-- 10.268003 s
currentSize : 27 <-- 22.758327 s

maxsize : 27
nodes : 3630215.000000
filtered : 110413206.000000
CCGP filtered : 76062818.000000
CCGT filtered : 38812715.000000
time : 40.703938
