Parameters: GAD=1 vflib=1 dir=0 label=0 lowerbound=1 fileNameGp=../graphsdb/mcs70/m2D/m2Dr2/mcs70_m2Dr2_s35.A44 fileNameGt=../graphsdb/mcs70/m2D/m2Dr2/mcs70_m2Dr2_s35.B44
Reading graphs...
35 :  64
35 :  64
Initializing...
maxdom : 35
D->valSize : 1225
Solving...
currentSize : 16 <-- 0.020597 s
currentSize : 17 <-- 0.021239 s
currentSize : 18 <-- 0.024059 s
currentSize : 19 <-- 0.093967 s
currentSize : 20 <-- 0.100063 s
currentSize : 21 <-- 0.723805 s
currentSize : 22 <-- 1.038247 s
currentSize : 23 <-- 6.291650 s
currentSize : 24 <-- 42.823536 s
currentSize : 25 <-- 198.940720 s

maxsize : 25
nodes : 37252695.000000
filtered : 1076249235.000000
CCGP filtered : 272818955.000000
CCGT filtered : 195802566.000000
time : 396.106476
