Parameters: GAD=1 vflib=1 dir=0 label=0 lowerbound=1 fileNameGp=../graphsdb/mcs70/bvg/b09m/mcs70_b09m_s35.A43 fileNameGt=../graphsdb/mcs70/bvg/b09m/mcs70_b09m_s35.B43
Reading graphs...
35 :  148
35 :  147
Initializing...
maxdom : 35
D->valSize : 1225
Solving...
currentSize : 12 <-- 0.031659 s
currentSize : 13 <-- 0.032213 s
currentSize : 14 <-- 0.032452 s
currentSize : 15 <-- 0.082098 s
currentSize : 16 <-- 0.175265 s
currentSize : 17 <-- 0.559442 s
currentSize : 18 <-- 656.314148 s
currentSize : 20 <-- 656.314392 s
currentSize : 22 <-- 747.637878 s
currentSize : 24 <-- 747.638245 s

maxsize : 24
nodes : 69639494.000000
filtered : 1378491611.000000
CCGP filtered : 27188492.000000
CCGT filtered : 27637396.000000
time : 788.434448
