Parameters: GAD=1 vflib=1 dir=0 label=0 lowerbound=1 fileNameGp=../graphsdb/mcs70/rand/r005/mcs70_r005_s35.A33 fileNameGt=../graphsdb/mcs70/rand/r005/mcs70_r005_s35.B33
Reading graphs...
35 :  58
35 :  57
Initializing...
maxdom : 35
D->valSize : 1225
Solving...
currentSize : 11 <-- 0.020969 s
currentSize : 14 <-- 0.021148 s
currentSize : 15 <-- 0.021170 s
currentSize : 16 <-- 0.021183 s
currentSize : 17 <-- 0.021575 s
currentSize : 18 <-- 0.022225 s
currentSize : 19 <-- 0.023228 s
currentSize : 20 <-- 0.092918 s
currentSize : 21 <-- 0.116058 s
currentSize : 22 <-- 1.021439 s
currentSize : 23 <-- 3.066456 s
currentSize : 24 <-- 4.099618 s
currentSize : 25 <-- 4.103571 s

maxsize : 25
nodes : 6358100.000000
filtered : 206997811.000000
CCGP filtered : 70922880.000000
CCGT filtered : 50859023.000000
time : 70.256256
