Parameters: GAD=1 vflib=1 dir=0 label=0 lowerbound=1 fileNameGp=../graphsdb/mcs70/rand/r02/mcs70_r02_s30.A21 fileNameGt=../graphsdb/mcs70/rand/r02/mcs70_r02_s30.B21
Reading graphs...
30 :  156
30 :  150
Initializing...
maxdom : 30
D->valSize : 900
Solving...
currentSize : 9 <-- 0.009426 s
currentSize : 10 <-- 0.009457 s
currentSize : 11 <-- 0.009521 s
currentSize : 13 <-- 0.013104 s
currentSize : 14 <-- 29.431919 s
currentSize : 15 <-- 126.507530 s
currentSize : 16 <-- 134.436295 s
currentSize : 17 <-- 159.654724 s
currentSize : 18 <-- 201.083694 s
currentSize : 21 <-- 201.084229 s

maxsize : 21
nodes : 20413853.000000
filtered : 263512288.000000
CCGP filtered : 509853.000000
CCGT filtered : 680214.000000
time : 205.646790
