Parameters: GAD=1 vflib=1 dir=0 label=0 lowerbound=1 fileNameGp=../graphsdb/mcs70/rand/r02/mcs70_r02_s35.A25 fileNameGt=../graphsdb/mcs70/rand/r02/mcs70_r02_s35.B25
Reading graphs...
35 :  214
35 :  216
Initializing...
maxdom : 35
D->valSize : 1225
Solving...
currentSize : 10 <-- 0.017285 s
currentSize : 11 <-- 0.017614 s
currentSize : 12 <-- 0.018336 s
currentSize : 13 <-- 0.024951 s
currentSize : 14 <-- 0.724924 s
currentSize : 15 <-- 21.048351 s
currentSize : 16 <-- 31.277004 s
currentSize : 17 <-- 31.277296 s
currentSize : 19 <-- 239.734299 s
currentSize : 24 <-- 240.859894 s

maxsize : 24
nodes : 21076201.000000
filtered : 417419142.000000
CCGP filtered : 242878.000000
CCGT filtered : 898379.000000
time : 274.343323
