Parameters: GAD=1 vflib=1 dir=0 label=0 lowerbound=1 fileNameGp=../graphsdb/mcs70/rand/r01/mcs70_r01_s35.A59 fileNameGt=../graphsdb/mcs70/rand/r01/mcs70_r01_s35.B59
Reading graphs...
35 :  112
35 :  113
Initializing...
maxdom : 35
D->valSize : 1225
Solving...
currentSize : 14 <-- 0.033006 s
currentSize : 15 <-- 0.033869 s
currentSize : 16 <-- 0.036251 s
currentSize : 17 <-- 0.051143 s
currentSize : 18 <-- 0.333370 s
currentSize : 19 <-- 26.214327 s
currentSize : 20 <-- 59.075054 s
currentSize : 21 <-- 59.075134 s
currentSize : 22 <-- 640.715881 s
currentSize : 24 <-- 640.716431 s

maxsize : 24
nodes : 66388857.000000
filtered : 1904274924.000000
CCGP filtered : 37333946.000000
CCGT filtered : 46070481.000000
time : 758.689209
