Parameters: GAD=1 vflib=1 dir=0 label=0 lowerbound=1 fileNameGp=../graphsdb/mcs70/bvg/b09m/mcs70_b09m_s35.A84 fileNameGt=../graphsdb/mcs70/bvg/b09m/mcs70_b09m_s35.B84
Reading graphs...
35 :  152
35 :  154
Initializing...
maxdom : 35
D->valSize : 1225
Solving...
currentSize : 12 <-- 0.018342 s
currentSize : 13 <-- 0.018378 s
currentSize : 14 <-- 0.018510 s
currentSize : 15 <-- 0.098382 s
currentSize : 16 <-- 0.334308 s
currentSize : 17 <-- 0.771329 s
currentSize : 19 <-- 12.920441 s
currentSize : 20 <-- 38.044037 s
currentSize : 21 <-- 38.246193 s
currentSize : 22 <-- 38.251377 s
currentSize : 23 <-- 38.251434 s
currentSize : 24 <-- 74.187660 s

maxsize : 24
nodes : 6666296.000000
filtered : 243355996.000000
CCGP filtered : 2204982.000000
CCGT filtered : 1389703.000000
time : 84.087410
