Parameters: GAD=1 vflib=1 dir=0 label=0 lowerbound=1 fileNameGp=../graphsdb/mcs70/bvg/b06m/mcs70_b06m_s35.A75 fileNameGt=../graphsdb/mcs70/bvg/b06m/mcs70_b06m_s35.B75
Reading graphs...
35 :  104
35 :  102
Initializing...
maxdom : 35
D->valSize : 1225
Solving...
currentSize : 14 <-- 0.019640 s
currentSize : 15 <-- 0.019798 s
currentSize : 16 <-- 0.020011 s
currentSize : 17 <-- 0.033460 s
currentSize : 18 <-- 2.573370 s
currentSize : 19 <-- 6.234673 s
currentSize : 20 <-- 10.148286 s
currentSize : 21 <-- 14.257452 s
currentSize : 22 <-- 75.353279 s
currentSize : 24 <-- 122.543953 s

maxsize : 24
nodes : 15964598.000000
filtered : 580127454.000000
CCGP filtered : 55176065.000000
CCGT filtered : 25970558.000000
time : 186.863129
