Parameters: GAD=1 vflib=1 dir=0 label=0 lowerbound=1 fileNameGp=../graphsdb/mcs70/bvg/b09/mcs70_b09_s35.A81 fileNameGt=../graphsdb/mcs70/bvg/b09/mcs70_b09_s35.B81
Reading graphs...
35 :  156
35 :  153
Initializing...
maxdom : 35
D->valSize : 1225
Solving...
currentSize : 13 <-- 0.018216 s
currentSize : 14 <-- 0.018619 s
currentSize : 15 <-- 0.035420 s
currentSize : 16 <-- 0.133241 s
currentSize : 17 <-- 1.688742 s
currentSize : 18 <-- 2.164368 s
currentSize : 19 <-- 3.057899 s
currentSize : 20 <-- 4.051102 s
currentSize : 21 <-- 8.118639 s
currentSize : 23 <-- 8.120465 s
currentSize : 24 <-- 11.721145 s
currentSize : 25 <-- 11.721398 s

maxsize : 25
nodes : 2749684.000000
filtered : 114264269.000000
CCGP filtered : 421113.000000
CCGT filtered : 261796.000000
time : 35.291679
