Parameters: GAD=1 vflib=1 dir=0 label=0 lowerbound=1 fileNameGp=../graphsdb/mcs70/bvg/b09m/mcs70_b09m_s30.A16 fileNameGt=../graphsdb/mcs70/bvg/b09m/mcs70_b09m_s30.B16
Reading graphs...
30 :  131
30 :  133
Initializing...
maxdom : 30
D->valSize : 900
Solving...
currentSize : 10 <-- 0.009543 s
currentSize : 11 <-- 0.009680 s
currentSize : 12 <-- 0.012833 s
currentSize : 13 <-- 0.088293 s
currentSize : 14 <-- 0.936641 s
currentSize : 15 <-- 7.992265 s
currentSize : 16 <-- 27.635868 s
currentSize : 17 <-- 27.638020 s
currentSize : 19 <-- 27.638128 s
currentSize : 20 <-- 27.638296 s

maxsize : 20
nodes : 3557491.000000
filtered : 65267429.000000
CCGP filtered : 741745.000000
CCGT filtered : 1413355.000000
time : 36.810261
