Parameters: GAD=1 vflib=1 dir=0 label=0 lowerbound=1 fileNameGp=../graphsdb/mcs70/m3D/m3Dr4/mcs70_m3Dr4_s35.A24 fileNameGt=../graphsdb/mcs70/m3D/m3Dr4/mcs70_m3Dr4_s35.B24
Reading graphs...
35 :  84
35 :  82
Initializing...
maxdom : 35
D->valSize : 1225
Solving...
currentSize : 13 <-- 0.020080 s
currentSize : 15 <-- 0.020362 s
currentSize : 16 <-- 0.020422 s
currentSize : 17 <-- 0.020794 s
currentSize : 18 <-- 0.034137 s
currentSize : 19 <-- 0.037897 s
currentSize : 20 <-- 0.061679 s
currentSize : 21 <-- 0.226324 s
currentSize : 22 <-- 6.520611 s
currentSize : 23 <-- 173.850342 s
currentSize : 24 <-- 178.222672 s
currentSize : 25 <-- 178.223465 s
currentSize : 26 <-- 204.665787 s
currentSize : 27 <-- 204.666306 s

maxsize : 27
nodes : 20735447.000000
filtered : 602545751.000000
CCGP filtered : 51799444.000000
CCGT filtered : 30206984.000000
time : 221.688492
