Parameters: GAD=1 vflib=1 dir=0 label=0 lowerbound=1 fileNameGp=../graphsdb/mcs70/bvg/b09m/mcs70_b09m_s35.A19 fileNameGt=../graphsdb/mcs70/bvg/b09m/mcs70_b09m_s35.B19
Reading graphs...
35 :  151
35 :  154
Initializing...
maxdom : 35
D->valSize : 1225
Solving...
currentSize : 9 <-- 0.018254 s
currentSize : 11 <-- 0.018336 s
currentSize : 12 <-- 0.018778 s
currentSize : 13 <-- 0.019569 s
currentSize : 14 <-- 0.020645 s
currentSize : 15 <-- 0.020947 s
currentSize : 16 <-- 0.063876 s
currentSize : 17 <-- 1.164829 s
currentSize : 20 <-- 544.850830 s
currentSize : 22 <-- 547.873840 s
currentSize : 24 <-- 547.874451 s

maxsize : 24
nodes : 50155356.000000
filtered : 957608533.000000
CCGP filtered : 10429484.000000
CCGT filtered : 30242399.000000
time : 581.294739
