Parameters: GAD=1 vflib=1 dir=0 label=0 lowerbound=1 fileNameGp=../graphsdb/mcs70/m2D/m2Dr4/mcs70_m2Dr4_s35.A52 fileNameGt=../graphsdb/mcs70/m2D/m2Dr4/mcs70_m2Dr4_s35.B52
Reading graphs...
35 :  72
35 :  71
Initializing...
maxdom : 35
D->valSize : 1225
Solving...
currentSize : 14 <-- 0.020880 s
currentSize : 16 <-- 0.020939 s
currentSize : 17 <-- 0.021176 s
currentSize : 18 <-- 0.021970 s
currentSize : 19 <-- 0.026727 s
currentSize : 20 <-- 0.027853 s
currentSize : 21 <-- 0.031775 s
currentSize : 22 <-- 0.081136 s
currentSize : 23 <-- 3.183931 s
currentSize : 24 <-- 8.407136 s
currentSize : 25 <-- 8.408316 s

maxsize : 25
nodes : 23793915.000000
filtered : 846659217.000000
CCGP filtered : 119906095.000000
CCGT filtered : 50308648.000000
time : 265.140533
