Parameters: GAD=1 vflib=1 dir=0 label=0 lowerbound=1 fileNameGp=../graphsdb/mcs70/bvg/b06m/mcs70_b06m_s35.A98 fileNameGt=../graphsdb/mcs70/bvg/b06m/mcs70_b06m_s35.B98
Reading graphs...
35 :  104
35 :  104
Initializing...
maxdom : 35
D->valSize : 1225
Solving...
currentSize : 15 <-- 0.019348 s
currentSize : 16 <-- 0.019488 s
currentSize : 17 <-- 0.021852 s
currentSize : 18 <-- 0.216280 s
currentSize : 19 <-- 3.732475 s
currentSize : 21 <-- 11.209059 s
currentSize : 23 <-- 43.311546 s
currentSize : 24 <-- 43.366291 s
currentSize : 25 <-- 120.134949 s

maxsize : 25
nodes : 11778802.000000
filtered : 446047550.000000
CCGP filtered : 11550530.000000
CCGT filtered : 9027288.000000
time : 140.368988
