Parameters: GAD=1 vflib=1 dir=0 label=0 lowerbound=1 fileNameGp=../graphsdb/mcs70/rand/r01/mcs70_r01_s30.A05 fileNameGt=../graphsdb/mcs70/rand/r01/mcs70_r01_s30.B05
Reading graphs...
30 :  80
30 :  82
Initializing...
maxdom : 30
D->valSize : 900
Solving...
currentSize : 11 <-- 0.018059 s
currentSize : 12 <-- 0.018163 s
currentSize : 14 <-- 0.020367 s
currentSize : 15 <-- 0.032859 s
currentSize : 16 <-- 0.055377 s
currentSize : 17 <-- 0.376816 s
currentSize : 18 <-- 3.495429 s
currentSize : 19 <-- 24.539808 s
currentSize : 20 <-- 24.539888 s
currentSize : 21 <-- 24.543089 s

maxsize : 21
nodes : 3031419.000000
filtered : 82506504.000000
CCGP filtered : 6561311.000000
CCGT filtered : 5679368.000000
time : 30.112123
