Parameters: GAD=1 vflib=1 dir=0 label=0 lowerbound=1 fileNameGp=../graphsdb/mcs70/bvg/b09/mcs70_b09_s35.A73 fileNameGt=../graphsdb/mcs70/bvg/b09/mcs70_b09_s35.B73
Reading graphs...
35 :  155
35 :  155
Initializing...
maxdom : 35
D->valSize : 1225
Solving...
currentSize : 12 <-- 0.018488 s
currentSize : 13 <-- 0.018536 s
currentSize : 14 <-- 0.018791 s
currentSize : 16 <-- 0.020995 s
currentSize : 17 <-- 0.031015 s
currentSize : 18 <-- 0.203884 s
currentSize : 19 <-- 0.380576 s
currentSize : 20 <-- 0.620443 s
currentSize : 21 <-- 0.736221 s
currentSize : 23 <-- 2.639640 s
currentSize : 24 <-- 2.639785 s
currentSize : 25 <-- 8.692161 s

maxsize : 25
nodes : 2890366.000000
filtered : 115855439.000000
CCGP filtered : 238374.000000
CCGT filtered : 103030.000000
time : 37.296921
