Parameters: GAD=1 vflib=1 dir=0 label=0 lowerbound=1 fileNameGp=../graphsdb/mcs70/m3D/m3Dr6/mcs70_m3Dr6_s35.A03 fileNameGt=../graphsdb/mcs70/m3D/m3Dr6/mcs70_m3Dr6_s35.B03
Reading graphs...
35 :  89
35 :  88
Initializing...
maxdom : 35
D->valSize : 1225
Solving...
currentSize : 17 <-- 0.019888 s
currentSize : 18 <-- 0.024665 s
currentSize : 19 <-- 0.024905 s
currentSize : 20 <-- 0.364307 s
currentSize : 21 <-- 2.600294 s
currentSize : 22 <-- 20.947569 s
currentSize : 23 <-- 20.975504 s
currentSize : 24 <-- 54.330132 s
currentSize : 26 <-- 54.331009 s
currentSize : 27 <-- 54.332512 s

maxsize : 27
nodes : 5599135.000000
filtered : 177034964.000000
CCGP filtered : 14938970.000000
CCGT filtered : 15287037.000000
time : 63.308895
