Parameters: GAD=1 vflib=1 dir=0 label=0 lowerbound=1 fileNameGp=../graphsdb/mcs70/bvg/b09/mcs70_b09_s30.A94 fileNameGt=../graphsdb/mcs70/bvg/b09/mcs70_b09_s30.B94
Reading graphs...
30 :  132
30 :  134
Initializing...
maxdom : 30
D->valSize : 900
Solving...
currentSize : 8 <-- 0.009547 s
currentSize : 9 <-- 0.009627 s
currentSize : 10 <-- 0.009778 s
currentSize : 11 <-- 0.010253 s
currentSize : 12 <-- 0.017532 s
currentSize : 13 <-- 0.039923 s
currentSize : 14 <-- 0.136212 s
currentSize : 15 <-- 5.206349 s
currentSize : 16 <-- 5.281448 s
currentSize : 17 <-- 5.283846 s
currentSize : 18 <-- 5.288323 s
currentSize : 19 <-- 5.288996 s
currentSize : 20 <-- 5.357159 s

maxsize : 20
nodes : 1481757.000000
filtered : 43121974.000000
CCGP filtered : 217723.000000
CCGT filtered : 414378.000000
time : 16.571115
