Parameters: GAD=1 vflib=1 dir=0 label=0 lowerbound=1 fileNameGp=../graphsdb/mcs70/m3D/m3D/mcs70_m3D_s35.A07 fileNameGt=../graphsdb/mcs70/m3D/m3D/mcs70_m3D_s35.B07
Reading graphs...
35 :  71
35 :  72
Initializing...
maxdom : 35
D->valSize : 1225
Solving...
currentSize : 17 <-- 0.035543 s
currentSize : 18 <-- 0.035732 s
currentSize : 19 <-- 0.061693 s
currentSize : 20 <-- 0.073976 s
currentSize : 21 <-- 0.190639 s
currentSize : 22 <-- 0.758153 s
currentSize : 23 <-- 8.276247 s
currentSize : 24 <-- 14.906797 s
currentSize : 25 <-- 23.698603 s
currentSize : 27 <-- 23.698820 s

maxsize : 27
nodes : 4976284.000000
filtered : 150009596.000000
CCGP filtered : 14603803.000000
CCGT filtered : 7824437.000000
time : 51.553333
