Parameters: GAD=1 vflib=1 dir=0 label=0 lowerbound=1 fileNameGp=../graphsdb/mcs70/rand/r01/mcs70_r01_s35.A58 fileNameGt=../graphsdb/mcs70/rand/r01/mcs70_r01_s35.B58
Reading graphs...
35 :  114
35 :  114
Initializing...
maxdom : 35
D->valSize : 1225
Solving...
currentSize : 13 <-- 0.018962 s
currentSize : 14 <-- 0.019180 s
currentSize : 15 <-- 0.028707 s
currentSize : 16 <-- 0.038252 s
currentSize : 17 <-- 0.102736 s
currentSize : 18 <-- 2.573824 s
currentSize : 19 <-- 5.864555 s
currentSize : 20 <-- 45.915737 s
currentSize : 24 <-- 2506.760498 s

maxsize : 24
nodes : 236893043.000000
filtered : 5685046483.000000
CCGP filtered : 146457222.000000
CCGT filtered : 201293199.000000
time : 2579.456299
