Parameters: GAD=1 vflib=1 dir=0 label=0 lowerbound=1 fileNameGp=../graphsdb/mcs70/rand/r01/mcs70_r01_s25.A01 fileNameGt=../graphsdb/mcs70/rand/r01/mcs70_r01_s25.B01
Reading graphs...
25 :  58
25 :  57
Initializing...
maxdom : 25
D->valSize : 625
Solving...
currentSize : 9 <-- 0.005029 s
currentSize : 10 <-- 0.005082 s
currentSize : 11 <-- 0.005404 s
currentSize : 12 <-- 0.005959 s
currentSize : 13 <-- 0.020865 s
currentSize : 14 <-- 0.031752 s
currentSize : 15 <-- 0.038553 s
currentSize : 16 <-- 0.060533 s
currentSize : 17 <-- 0.302844 s

maxsize : 17
nodes : 459893.000000
filtered : 11810949.000000
CCGP filtered : 1321876.000000
CCGT filtered : 920914.000000
time : 3.952551
