Parameters: GAD=1 vflib=1 dir=0 label=0 lowerbound=1 fileNameGp=../graphsdb/mcs70/m3D/m3Dr4/mcs70_m3Dr4_s35.A15 fileNameGt=../graphsdb/mcs70/m3D/m3Dr4/mcs70_m3Dr4_s35.B15
Reading graphs...
35 :  86
35 :  85
Initializing...
maxdom : 35
D->valSize : 1225
Solving...
currentSize : 16 <-- 0.019923 s
currentSize : 17 <-- 0.027041 s
currentSize : 18 <-- 0.029965 s
currentSize : 19 <-- 0.033101 s
currentSize : 20 <-- 1.206288 s
currentSize : 21 <-- 1.519877 s
currentSize : 22 <-- 41.644173 s
currentSize : 23 <-- 330.260925 s
currentSize : 24 <-- 330.469788 s
currentSize : 25 <-- 471.930450 s
currentSize : 27 <-- 471.930634 s

maxsize : 27
nodes : 42674902.000000
filtered : 1293181266.000000
CCGP filtered : 78982880.000000
CCGT filtered : 78747739.000000
time : 480.973297
