Parameters: GAD=1 vflib=1 dir=0 label=0 lowerbound=1 fileNameGp=../graphsdb/mcs70/bvg/b09/mcs70_b09_s25.A31 fileNameGt=../graphsdb/mcs70/bvg/b09/mcs70_b09_s25.B31
Reading graphs...
25 :  111
25 :  111
Initializing...
maxdom : 25
D->valSize : 625
Solving...
currentSize : 8 <-- 0.007826 s
currentSize : 9 <-- 0.007984 s
currentSize : 10 <-- 0.008205 s
currentSize : 11 <-- 0.009971 s
currentSize : 12 <-- 0.036691 s
currentSize : 13 <-- 0.079117 s
currentSize : 14 <-- 0.124188 s
currentSize : 16 <-- 0.125384 s
currentSize : 17 <-- 0.757478 s

maxsize : 17
nodes : 259112.000000
filtered : 6373856.000000
CCGP filtered : 30209.000000
CCGT filtered : 44656.000000
time : 2.610724
