Parameters: GAD=1 vflib=1 dir=0 label=0 lowerbound=1 fileNameGp=../graphsdb/mcs70/bvg/b06/mcs70_b06_s35.A41 fileNameGt=../graphsdb/mcs70/bvg/b06/mcs70_b06_s35.B41
Reading graphs...
35 :  105
35 :  105
Initializing...
maxdom : 35
D->valSize : 1225
Solving...
currentSize : 9 <-- 0.019508 s
currentSize : 14 <-- 0.019616 s
currentSize : 17 <-- 0.019681 s
currentSize : 18 <-- 0.020228 s
currentSize : 19 <-- 0.021819 s
currentSize : 20 <-- 0.061963 s
currentSize : 21 <-- 0.361184 s
currentSize : 22 <-- 0.361351 s
currentSize : 23 <-- 0.638720 s
currentSize : 24 <-- 1.132788 s
currentSize : 25 <-- 1.132995 s

maxsize : 25
nodes : 4816097.000000
filtered : 214321919.000000
CCGP filtered : 13607487.000000
CCGT filtered : 4162781.000000
time : 59.104446
