Parameters: GAD=1 vflib=1 dir=0 label=0 lowerbound=1 fileNameGp=../graphsdb/mcs70/m2D/m2Dr6/m2Dr6/mcs70_m2Dr6_s25.A73 fileNameGt=../graphsdb/mcs70/m2D/m2Dr6/m2Dr6/mcs70_m2Dr6_s25.B73
Reading graphs...
25 :  52
25 :  52
Initializing...
maxdom : 25
D->valSize : 625
Solving...
currentSize : 9 <-- 0.008926 s
currentSize : 10 <-- 0.008958 s
currentSize : 11 <-- 0.009065 s
currentSize : 12 <-- 0.009521 s
currentSize : 13 <-- 0.012304 s
currentSize : 14 <-- 0.012516 s
currentSize : 15 <-- 0.013437 s
currentSize : 16 <-- 0.025061 s
currentSize : 17 <-- 1.434552 s
currentSize : 18 <-- 1.434724 s

maxsize : 18
nodes : 380308.000000
filtered : 8771948.000000
CCGP filtered : 1082561.000000
CCGT filtered : 700308.000000
time : 3.212905
