Parameters: GAD=1 vflib=1 dir=0 label=0 lowerbound=1 fileNameGp=../graphsdb/mcs70/m3D/m3Dr6/mcs70_m3Dr6_s35.A07 fileNameGt=../graphsdb/mcs70/m3D/m3Dr6/mcs70_m3Dr6_s35.B07
Reading graphs...
35 :  90
35 :  90
Initializing...
maxdom : 35
D->valSize : 1225
Solving...
currentSize : 14 <-- 0.019705 s
currentSize : 15 <-- 0.019903 s
currentSize : 16 <-- 0.020720 s
currentSize : 17 <-- 0.020745 s
currentSize : 18 <-- 0.053784 s
currentSize : 19 <-- 0.317286 s
currentSize : 20 <-- 1.909761 s
currentSize : 21 <-- 231.743179 s
currentSize : 22 <-- 234.404358 s
currentSize : 23 <-- 234.841965 s
currentSize : 24 <-- 247.422043 s
currentSize : 26 <-- 247.422363 s
currentSize : 27 <-- 247.422516 s

maxsize : 27
nodes : 24018877.000000
filtered : 539382757.000000
CCGP filtered : 65915318.000000
CCGT filtered : 39207621.000000
time : 258.804413
