Parameters: GAD=1 vflib=1 dir=0 label=0 lowerbound=1 fileNameGp=../graphsdb/mcs70/m3D/m3Dr2/mcs70_m3Dr2_s35.A87 fileNameGt=../graphsdb/mcs70/m3D/m3Dr2/mcs70_m3Dr2_s35.B87
Reading graphs...
35 :  78
35 :  78
Initializing...
maxdom : 35
D->valSize : 1225
Solving...
currentSize : 16 <-- 0.019962 s
currentSize : 17 <-- 0.020210 s
currentSize : 18 <-- 0.021214 s
currentSize : 19 <-- 0.021649 s
currentSize : 20 <-- 0.021727 s
currentSize : 21 <-- 0.267756 s
currentSize : 22 <-- 0.659200 s
currentSize : 23 <-- 176.107834 s
currentSize : 24 <-- 185.023041 s
currentSize : 26 <-- 185.310760 s
currentSize : 27 <-- 211.097885 s

maxsize : 27
nodes : 23162911.000000
filtered : 591745323.000000
CCGP filtered : 26047622.000000
CCGT filtered : 39308879.000000
time : 243.776093
