Parameters: GAD=1 vflib=1 dir=0 label=0 lowerbound=1 fileNameGp=../graphsdb/mcs70/m3D/m3Dr4/mcs70_m3Dr4_s35.A91 fileNameGt=../graphsdb/mcs70/m3D/m3Dr4/mcs70_m3Dr4_s35.B91
Reading graphs...
35 :  84
35 :  85
Initializing...
maxdom : 35
D->valSize : 1225
Solving...
currentSize : 15 <-- 0.020081 s
currentSize : 16 <-- 0.020157 s
currentSize : 17 <-- 0.020216 s
currentSize : 18 <-- 0.020243 s
currentSize : 19 <-- 0.021062 s
currentSize : 20 <-- 0.021609 s
currentSize : 21 <-- 7.070244 s
currentSize : 22 <-- 437.929504 s
currentSize : 23 <-- 861.097351 s
currentSize : 24 <-- 861.225098 s
currentSize : 25 <-- 861.367371 s
currentSize : 27 <-- 861.367554 s

maxsize : 27
nodes : 83919530.000000
filtered : 2059160353.000000
CCGP filtered : 222552285.000000
CCGT filtered : 122554665.000000
time : 881.074158
