Parameters: GAD=1 vflib=1 dir=0 label=0 lowerbound=1 fileNameGp=../graphsdb/mcs70/m3D/m3Dr6/mcs70_m3Dr6_s35.A84 fileNameGt=../graphsdb/mcs70/m3D/m3Dr6/mcs70_m3Dr6_s35.B84
Reading graphs...
35 :  90
35 :  91
Initializing...
maxdom : 35
D->valSize : 1225
Solving...
currentSize : 11 <-- 0.034244 s
currentSize : 13 <-- 0.034314 s
currentSize : 14 <-- 0.034469 s
currentSize : 15 <-- 0.034606 s
currentSize : 16 <-- 0.042335 s
currentSize : 17 <-- 0.045508 s
currentSize : 18 <-- 0.111959 s
currentSize : 19 <-- 0.813907 s
currentSize : 20 <-- 2.059055 s
currentSize : 21 <-- 12.855866 s
currentSize : 22 <-- 60.569244 s
currentSize : 23 <-- 60.569687 s
currentSize : 24 <-- 60.569855 s
currentSize : 28 <-- 141.898865 s

maxsize : 28
nodes : 12746300.000000
filtered : 383750084.000000
CCGP filtered : 27592510.000000
CCGT filtered : 19328168.000000
time : 145.616135
