Parameters: GAD=1 vflib=1 dir=0 label=0 lowerbound=1 fileNameGp=../graphsdb/mcs70/bvg/b03m/mcs70_b03m_s30.A47 fileNameGt=../graphsdb/mcs70/bvg/b03m/mcs70_b03m_s30.B47
Reading graphs...
30 :  45
30 :  45
Initializing...
maxdom : 30
D->valSize : 900
Solving...
currentSize : 6 <-- 0.011159 s
currentSize : 8 <-- 0.011300 s
currentSize : 13 <-- 0.011403 s
currentSize : 15 <-- 0.011469 s
currentSize : 17 <-- 0.012121 s
currentSize : 18 <-- 0.012216 s
currentSize : 19 <-- 0.014880 s
currentSize : 20 <-- 0.015046 s
currentSize : 21 <-- 0.024874 s
currentSize : 22 <-- 0.921252 s
currentSize : 23 <-- 0.922682 s

maxsize : 23
nodes : 243756.000000
filtered : 7004972.000000
CCGP filtered : 5593826.000000
CCGT filtered : 3030048.000000
time : 2.460408
