Parameters: GAD=1 vflib=1 dir=0 label=0 lowerbound=1 fileNameGp=../graphsdb/mcs70/rand/r02/mcs70_r02_s35.A22 fileNameGt=../graphsdb/mcs70/rand/r02/mcs70_r02_s35.B22
Reading graphs...
35 :  210
35 :  207
Initializing...
maxdom : 35
D->valSize : 1225
Solving...
currentSize : 10 <-- 0.017524 s
currentSize : 11 <-- 0.018165 s
currentSize : 12 <-- 0.026113 s
currentSize : 13 <-- 0.101156 s
currentSize : 14 <-- 0.406861 s
currentSize : 15 <-- 47.966827 s
currentSize : 16 <-- 773.555115 s
currentSize : 17 <-- 1265.779419 s
currentSize : 24 <-- 1411.793579 s

maxsize : 24
nodes : 119456777.000000
filtered : 1604181487.000000
CCGP filtered : 4773207.000000
CCGT filtered : 2900247.000000
time : 1443.680908
