Parameters: GAD=1 vflib=1 dir=0 label=0 lowerbound=1 fileNameGp=../graphsdb/mcs70/bvg/b06m/mcs70_b06m_s30.A99 fileNameGt=../graphsdb/mcs70/bvg/b06m/mcs70_b06m_s30.B99
Reading graphs...
30 :  88
30 :  90
Initializing...
maxdom : 30
D->valSize : 900
Solving...
currentSize : 11 <-- 0.017899 s
currentSize : 12 <-- 0.018051 s
currentSize : 13 <-- 0.018291 s
currentSize : 14 <-- 0.018681 s
currentSize : 15 <-- 0.020388 s
currentSize : 16 <-- 0.076955 s
currentSize : 17 <-- 1.372250 s
currentSize : 18 <-- 18.774300 s
currentSize : 19 <-- 18.776064 s
currentSize : 21 <-- 19.001348 s

maxsize : 21
nodes : 2692502.000000
filtered : 71674284.000000
CCGP filtered : 6220758.000000
CCGT filtered : 3674717.000000
time : 27.495296
