Parameters: GAD=1 vflib=1 dir=0 label=0 lowerbound=1 fileNameGp=../graphsdb/mcs70/bvg/b06m/mcs70_b06m_s35.A56 fileNameGt=../graphsdb/mcs70/bvg/b06m/mcs70_b06m_s35.B56
Reading graphs...
35 :  104
35 :  104
Initializing...
maxdom : 35
D->valSize : 1225
Solving...
currentSize : 13 <-- 0.019451 s
currentSize : 14 <-- 0.019823 s
currentSize : 15 <-- 0.020080 s
currentSize : 16 <-- 0.020963 s
currentSize : 17 <-- 0.022996 s
currentSize : 18 <-- 0.098853 s
currentSize : 19 <-- 1.969650 s
currentSize : 20 <-- 7.023120 s
currentSize : 21 <-- 827.676697 s
currentSize : 24 <-- 834.724731 s

maxsize : 24
nodes : 84778078.000000
filtered : 2279995139.000000
CCGP filtered : 118366915.000000
CCGT filtered : 102414196.000000
time : 939.863342
