Parameters: GAD=1 vflib=1 dir=0 label=0 lowerbound=1 fileNameGp=../graphsdb/mcs70/bvg/b09/mcs70_b09_s35.A77 fileNameGt=../graphsdb/mcs70/bvg/b09/mcs70_b09_s35.B77
Reading graphs...
35 :  155
35 :  154
Initializing...
maxdom : 35
D->valSize : 1225
Solving...
currentSize : 11 <-- 0.018653 s
currentSize : 12 <-- 0.018726 s
currentSize : 13 <-- 0.019218 s
currentSize : 14 <-- 0.019604 s
currentSize : 15 <-- 0.025215 s
currentSize : 16 <-- 0.069497 s
currentSize : 18 <-- 0.299089 s
currentSize : 20 <-- 0.299435 s
currentSize : 22 <-- 0.300330 s
currentSize : 23 <-- 1.730376 s
currentSize : 24 <-- 1.730579 s
currentSize : 25 <-- 11.874087 s

maxsize : 25
nodes : 2360768.000000
filtered : 107991866.000000
CCGP filtered : 146780.000000
CCGT filtered : 92882.000000
time : 31.096638
