Parameters: GAD=1 vflib=1 dir=0 label=0 lowerbound=1 fileNameGp=../graphsdb/mcs70/m2D/m2Dr4/mcs70_m2Dr4_s35.A28 fileNameGt=../graphsdb/mcs70/m2D/m2Dr4/mcs70_m2Dr4_s35.B28
Reading graphs...
35 :  69
35 :  67
Initializing...
maxdom : 35
D->valSize : 1225
Solving...
currentSize : 17 <-- 0.020483 s
currentSize : 18 <-- 0.021442 s
currentSize : 19 <-- 0.021484 s
currentSize : 20 <-- 0.024652 s
currentSize : 21 <-- 0.034873 s
currentSize : 22 <-- 0.282029 s
currentSize : 23 <-- 1.380665 s
currentSize : 24 <-- 42.144909 s
currentSize : 26 <-- 186.208374 s

maxsize : 26
nodes : 19609301.000000
filtered : 579809477.000000
CCGP filtered : 141989496.000000
CCGT filtered : 73831506.000000
time : 209.719315
