Parameters: GAD=1 vflib=1 dir=0 label=0 lowerbound=1 fileNameGp=../graphsdb/mcs70/bvg/b09m/mcs70_b09m_s30.A96 fileNameGt=../graphsdb/mcs70/bvg/b09m/mcs70_b09m_s30.B96
Reading graphs...
30 :  129
30 :  130
Initializing...
maxdom : 30
D->valSize : 900
Solving...
currentSize : 10 <-- 0.009620 s
currentSize : 11 <-- 0.009642 s
currentSize : 12 <-- 0.009839 s
currentSize : 13 <-- 0.010205 s
currentSize : 14 <-- 0.011079 s
currentSize : 15 <-- 0.031961 s
currentSize : 16 <-- 0.743341 s
currentSize : 17 <-- 10.360908 s
currentSize : 19 <-- 67.421570 s
currentSize : 20 <-- 72.112846 s

maxsize : 20
nodes : 7368289.000000
filtered : 169739300.000000
CCGP filtered : 812805.000000
CCGT filtered : 1597538.000000
time : 75.554962
