Parameters: GAD=1 vflib=1 dir=0 label=0 lowerbound=1 fileNameGp=../graphsdb/mcs70/bvg/b09/mcs70_b09_s35.A95 fileNameGt=../graphsdb/mcs70/bvg/b09/mcs70_b09_s35.B95
Reading graphs...
35 :  156
35 :  156
Initializing...
maxdom : 35
D->valSize : 1225
Solving...
currentSize : 12 <-- 0.031069 s
currentSize : 13 <-- 0.031665 s
currentSize : 14 <-- 0.034898 s
currentSize : 15 <-- 0.043597 s
currentSize : 16 <-- 0.084847 s
currentSize : 17 <-- 0.582719 s
currentSize : 18 <-- 43.415146 s
currentSize : 19 <-- 45.046444 s
currentSize : 20 <-- 45.390591 s
currentSize : 21 <-- 45.445438 s
currentSize : 22 <-- 45.996082 s
currentSize : 23 <-- 46.053783 s
currentSize : 24 <-- 46.519489 s
currentSize : 25 <-- 55.857231 s

maxsize : 25
nodes : 6263391.000000
filtered : 165323245.000000
CCGP filtered : 1060572.000000
CCGT filtered : 1450841.000000
time : 75.534866
