Parameters: GAD=1 vflib=1 dir=0 label=0 lowerbound=1 fileNameGp=../graphsdb/mcs70/bvg/b03m/mcs70_b03m_s35.A69 fileNameGt=../graphsdb/mcs70/bvg/b03m/mcs70_b03m_s35.B69
Reading graphs...
35 :  51
35 :  51
Initializing...
maxdom : 35
D->valSize : 1225
Solving...
currentSize : 16 <-- 0.037068 s
currentSize : 17 <-- 0.037391 s
currentSize : 19 <-- 0.037701 s
currentSize : 20 <-- 0.041141 s
currentSize : 21 <-- 0.045084 s
currentSize : 22 <-- 0.058151 s
currentSize : 23 <-- 0.199696 s
currentSize : 24 <-- 0.273501 s
currentSize : 25 <-- 3.297733 s
currentSize : 26 <-- 35.222645 s

maxsize : 26
nodes : 4644619.000000
filtered : 136875760.000000
CCGP filtered : 105730837.000000
CCGT filtered : 62742485.000000
time : 54.577358
