Parameters: GAD=1 vflib=1 dir=0 label=0 lowerbound=1 fileNameGp=../graphsdb/mcs70/rand/r02/mcs70_r02_s35.A23 fileNameGt=../graphsdb/mcs70/rand/r02/mcs70_r02_s35.B23
Reading graphs...
35 :  207
35 :  208
Initializing...
maxdom : 35
D->valSize : 1225
Solving...
currentSize : 10 <-- 0.018094 s
currentSize : 11 <-- 0.018900 s
currentSize : 12 <-- 0.021452 s
currentSize : 13 <-- 0.022379 s
currentSize : 14 <-- 0.022783 s
currentSize : 15 <-- 58.827755 s
currentSize : 17 <-- 745.920532 s
currentSize : 19 <-- 1556.415283 s
currentSize : 20 <-- 1896.216553 s
currentSize : 24 <-- 1896.217163 s

maxsize : 24
nodes : 157212190.000000
filtered : 2461369124.000000
CCGP filtered : 2759832.000000
CCGT filtered : 7002559.000000
time : 1904.189819
