Parameters: GAD=1 vflib=1 dir=0 label=0 lowerbound=1 fileNameGp=../graphsdb/mcs70/bvg/b09/mcs70_b09_s30.A79 fileNameGt=../graphsdb/mcs70/bvg/b09/mcs70_b09_s30.B79
Reading graphs...
30 :  134
30 :  133
Initializing...
maxdom : 30
D->valSize : 900
Solving...
currentSize : 9 <-- 0.014262 s
currentSize : 10 <-- 0.014550 s
currentSize : 11 <-- 0.014680 s
currentSize : 12 <-- 0.014753 s
currentSize : 13 <-- 0.044078 s
currentSize : 15 <-- 0.108842 s
currentSize : 16 <-- 0.108955 s
currentSize : 17 <-- 1.679227 s
currentSize : 18 <-- 1.784535 s
currentSize : 19 <-- 1.789622 s
currentSize : 20 <-- 2.019007 s
currentSize : 22 <-- 3.025557 s

maxsize : 22
nodes : 507062.000000
filtered : 17875392.000000
CCGP filtered : 106858.000000
CCGT filtered : 46951.000000
time : 5.493303
