Parameters: GAD=1 vflib=1 dir=0 label=0 lowerbound=1 fileNameGp=../graphsdb/mcs70/m2D/m2Dr4/mcs70_m2Dr4_s35.A09 fileNameGt=../graphsdb/mcs70/m2D/m2Dr4/mcs70_m2Dr4_s35.B09
Reading graphs...
35 :  72
35 :  71
Initializing...
maxdom : 35
D->valSize : 1225
Solving...
currentSize : 15 <-- 0.020414 s
currentSize : 16 <-- 0.020724 s
currentSize : 17 <-- 0.020918 s
currentSize : 18 <-- 0.021178 s
currentSize : 19 <-- 0.021290 s
currentSize : 20 <-- 0.033821 s
currentSize : 21 <-- 0.055638 s
currentSize : 22 <-- 0.350120 s
currentSize : 23 <-- 39.479874 s
currentSize : 24 <-- 168.311798 s
currentSize : 26 <-- 182.810715 s

maxsize : 26
nodes : 20100965.000000
filtered : 565409704.000000
CCGP filtered : 117096099.000000
CCGT filtered : 77351707.000000
time : 214.637238
