Parameters: GAD=1 vflib=1 dir=0 label=0 lowerbound=1 fileNameGp=../graphsdb/mcs70/bvg/b09/mcs70_b09_s30.A36 fileNameGt=../graphsdb/mcs70/bvg/b09/mcs70_b09_s30.B36
Reading graphs...
30 :  134
30 :  133
Initializing...
maxdom : 30
D->valSize : 900
Solving...
currentSize : 10 <-- 0.009959 s
currentSize : 11 <-- 0.010013 s
currentSize : 12 <-- 0.010278 s
currentSize : 13 <-- 0.010868 s
currentSize : 14 <-- 0.170338 s
currentSize : 15 <-- 0.719843 s
currentSize : 16 <-- 0.734168 s
currentSize : 19 <-- 0.942676 s
currentSize : 20 <-- 0.942834 s
currentSize : 21 <-- 2.823677 s

maxsize : 21
nodes : 838892.000000
filtered : 26525184.000000
CCGP filtered : 42132.000000
CCGT filtered : 72206.000000
time : 9.300243
