Parameters: GAD=1 vflib=1 dir=0 label=0 lowerbound=1 fileNameGp=../graphsdb/mcs70/bvg/b09/mcs70_b09_s30.A53 fileNameGt=../graphsdb/mcs70/bvg/b09/mcs70_b09_s30.B53
Reading graphs...
30 :  134
30 :  132
Initializing...
maxdom : 30
D->valSize : 900
Solving...
currentSize : 10 <-- 0.016616 s
currentSize : 11 <-- 0.016661 s
currentSize : 12 <-- 0.016984 s
currentSize : 13 <-- 0.032487 s
currentSize : 14 <-- 0.126797 s
currentSize : 16 <-- 0.226580 s
currentSize : 17 <-- 0.230215 s
currentSize : 19 <-- 0.361844 s
currentSize : 20 <-- 0.361974 s
currentSize : 21 <-- 4.172314 s

maxsize : 21
nodes : 916338.000000
filtered : 28739434.000000
CCGP filtered : 58813.000000
CCGT filtered : 23296.000000
time : 10.123533
