Parameters: GAD=1 vflib=1 dir=0 label=0 lowerbound=1 fileNameGp=../graphsdb/mcs70/m2D/m2Dr4/mcs70_m2Dr4_s35.A77 fileNameGt=../graphsdb/mcs70/m2D/m2Dr4/mcs70_m2Dr4_s35.B77
Reading graphs...
35 :  68
35 :  69
Initializing...
maxdom : 35
D->valSize : 1225
Solving...
currentSize : 14 <-- 0.024548 s
currentSize : 15 <-- 0.025349 s
currentSize : 16 <-- 0.025397 s
currentSize : 17 <-- 0.026625 s
currentSize : 19 <-- 0.028476 s
currentSize : 20 <-- 0.031635 s
currentSize : 21 <-- 0.034730 s
currentSize : 22 <-- 0.186785 s
currentSize : 23 <-- 2.279082 s
currentSize : 24 <-- 5.904952 s
currentSize : 25 <-- 21.862188 s
currentSize : 26 <-- 47.727501 s

maxsize : 26
nodes : 7998908.000000
filtered : 289758565.000000
CCGP filtered : 42031824.000000
CCGT filtered : 24605995.000000
time : 89.447739
