Parameters: GAD=1 vflib=1 dir=0 label=0 lowerbound=1 fileNameGp=../graphsdb/mcs70/m3D/m3Dr2/mcs70_m3Dr2_s35.A30 fileNameGt=../graphsdb/mcs70/m3D/m3Dr2/mcs70_m3Dr2_s35.B30
Reading graphs...
35 :  78
35 :  77
Initializing...
maxdom : 35
D->valSize : 1225
Solving...
currentSize : 16 <-- 0.020224 s
currentSize : 17 <-- 0.020360 s
currentSize : 18 <-- 0.028456 s
currentSize : 19 <-- 0.031254 s
currentSize : 20 <-- 0.044613 s
currentSize : 21 <-- 0.555464 s
currentSize : 22 <-- 3.440123 s
currentSize : 23 <-- 7.273303 s
currentSize : 24 <-- 21.466936 s
currentSize : 25 <-- 100.655968 s
currentSize : 27 <-- 213.703232 s
currentSize : 28 <-- 213.703293 s

maxsize : 28
nodes : 20542404.000000
filtered : 664425752.000000
CCGP filtered : 44294829.000000
CCGT filtered : 22616359.000000
time : 221.284973
