Parameters: GAD=1 vflib=1 dir=0 label=0 lowerbound=1 fileNameGp=../graphsdb/mcs70/m3D/m3Dr2/mcs70_m3Dr2_s35.A03 fileNameGt=../graphsdb/mcs70/m3D/m3Dr2/mcs70_m3Dr2_s35.B03
Reading graphs...
35 :  79
35 :  77
Initializing...
maxdom : 35
D->valSize : 1225
Solving...
currentSize : 14 <-- 0.035000 s
currentSize : 15 <-- 0.035118 s
currentSize : 16 <-- 0.036095 s
currentSize : 17 <-- 0.036988 s
currentSize : 18 <-- 0.044517 s
currentSize : 19 <-- 0.046276 s
currentSize : 20 <-- 0.057544 s
currentSize : 21 <-- 1.200230 s
currentSize : 22 <-- 2.026356 s
currentSize : 23 <-- 75.337952 s
currentSize : 24 <-- 415.352966 s
currentSize : 25 <-- 415.353180 s
currentSize : 27 <-- 487.770538 s

maxsize : 27
nodes : 49433978.000000
filtered : 1363267644.000000
CCGP filtered : 117191469.000000
CCGT filtered : 56187919.000000
time : 502.870026
