Parameters: GAD=1 vflib=1 dir=0 label=0 lowerbound=1 fileNameGp=../graphsdb/mcs70/rand/r02/mcs70_r02_s30.A55 fileNameGt=../graphsdb/mcs70/rand/r02/mcs70_r02_s30.B55
Reading graphs...
30 :  155
30 :  155
Initializing...
maxdom : 30
D->valSize : 900
Solving...
currentSize : 10 <-- 0.009441 s
currentSize : 11 <-- 0.011761 s
currentSize : 12 <-- 0.019156 s
currentSize : 13 <-- 0.046760 s
currentSize : 14 <-- 5.058052 s
currentSize : 15 <-- 44.536812 s
currentSize : 16 <-- 44.537304 s
currentSize : 18 <-- 150.635925 s
currentSize : 21 <-- 161.508652 s

maxsize : 21
nodes : 15561734.000000
filtered : 268680461.000000
CCGP filtered : 255171.000000
CCGT filtered : 1016598.000000
time : 163.308578
