Parameters: GAD=1 vflib=1 dir=0 label=0 lowerbound=1 fileNameGp=../graphsdb/mcs70/bvg/b09m/mcs70_b09m_s30.A39 fileNameGt=../graphsdb/mcs70/bvg/b09m/mcs70_b09m_s30.B39
Reading graphs...
30 :  131
30 :  127
Initializing...
maxdom : 30
D->valSize : 900
Solving...
currentSize : 9 <-- 0.009548 s
currentSize : 10 <-- 0.009623 s
currentSize : 11 <-- 0.010112 s
currentSize : 12 <-- 0.011070 s
currentSize : 13 <-- 0.027371 s
currentSize : 14 <-- 0.032667 s
currentSize : 15 <-- 0.260942 s
currentSize : 16 <-- 66.697083 s
currentSize : 17 <-- 69.184258 s
currentSize : 18 <-- 69.667999 s
currentSize : 19 <-- 69.668945 s
currentSize : 20 <-- 77.945549 s

maxsize : 20
nodes : 8490372.000000
filtered : 159620948.000000
CCGP filtered : 2647061.000000
CCGT filtered : 4590562.000000
time : 84.612228
