Parameters: GAD=1 vflib=1 dir=0 label=0 lowerbound=1 fileNameGp=../graphsdb/mcs70/bvg/b09/mcs70_b09_s30.A93 fileNameGt=../graphsdb/mcs70/bvg/b09/mcs70_b09_s30.B93
Reading graphs...
30 :  133
30 :  132
Initializing...
maxdom : 30
D->valSize : 900
Solving...
currentSize : 10 <-- 0.009766 s
currentSize : 11 <-- 0.010196 s
currentSize : 12 <-- 0.010565 s
currentSize : 13 <-- 0.014414 s
currentSize : 14 <-- 0.023434 s
currentSize : 15 <-- 0.109783 s
currentSize : 16 <-- 1.636815 s
currentSize : 17 <-- 3.308349 s
currentSize : 18 <-- 3.706304 s
currentSize : 20 <-- 4.691859 s

maxsize : 20
nodes : 1500813.000000
filtered : 45309232.000000
CCGP filtered : 106405.000000
CCGT filtered : 105176.000000
time : 15.944902
