Parameters: GAD=1 vflib=1 dir=0 label=0 lowerbound=1 fileNameGp=../graphsdb/mcs70/m2D/m2Dr6/m2Dr6/mcs70_m2Dr6_s35.A42 fileNameGt=../graphsdb/mcs70/m2D/m2Dr6/m2Dr6/mcs70_m2Dr6_s35.B42
Reading graphs...
35 :  78
35 :  77
Initializing...
maxdom : 35
D->valSize : 1225
Solving...
currentSize : 14 <-- 0.020897 s
currentSize : 15 <-- 0.021165 s
currentSize : 16 <-- 0.021186 s
currentSize : 17 <-- 0.021900 s
currentSize : 18 <-- 0.022075 s
currentSize : 19 <-- 0.023467 s
currentSize : 20 <-- 0.570901 s
currentSize : 21 <-- 1.685531 s
currentSize : 22 <-- 11.693196 s
currentSize : 23 <-- 693.844238 s
currentSize : 24 <-- 809.864136 s
currentSize : 25 <-- 809.864441 s

maxsize : 25
nodes : 79866105.000000
filtered : 2212392533.000000
CCGP filtered : 284673884.000000
CCGT filtered : 284839776.000000
time : 876.243591
