Parameters: GAD=1 vflib=1 dir=0 label=0 lowerbound=1 fileNameGp=../graphsdb/mcs70/m4D/m4Dr6/mcs70_m4Dr6_s25.A36 fileNameGt=../graphsdb/mcs70/m4D/m4Dr6/mcs70_m4Dr6_s25.B36
Reading graphs...
25 :  58
25 :  59
Initializing...
maxdom : 25
D->valSize : 625
Solving...
currentSize : 9 <-- 0.004993 s
currentSize : 10 <-- 0.005051 s
currentSize : 12 <-- 0.005127 s
currentSize : 13 <-- 0.007088 s
currentSize : 14 <-- 0.030656 s
currentSize : 15 <-- 0.052286 s
currentSize : 16 <-- 0.355241 s
currentSize : 17 <-- 0.586955 s
currentSize : 19 <-- 0.800754 s

maxsize : 19
nodes : 124058.000000
filtered : 2731337.000000
CCGP filtered : 647496.000000
CCGT filtered : 292365.000000
time : 0.987210
