Parameters: GAD=1 vflib=1 dir=0 label=0 lowerbound=1 fileNameGp=../graphsdb/mcs70/m3D/m3Dr6/mcs70_m3Dr6_s35.A70 fileNameGt=../graphsdb/mcs70/m3D/m3Dr6/mcs70_m3Dr6_s35.B70
Reading graphs...
35 :  93
35 :  92
Initializing...
maxdom : 35
D->valSize : 1225
Solving...
currentSize : 14 <-- 0.019783 s
currentSize : 17 <-- 0.019965 s
currentSize : 18 <-- 0.031475 s
currentSize : 19 <-- 0.128040 s
currentSize : 20 <-- 1.289302 s
currentSize : 21 <-- 1.342211 s
currentSize : 22 <-- 174.165436 s
currentSize : 24 <-- 204.317154 s
currentSize : 27 <-- 204.317322 s

maxsize : 27
nodes : 19703377.000000
filtered : 527012377.000000
CCGP filtered : 35988717.000000
CCGT filtered : 26025382.000000
time : 216.364975
