Parameters: GAD=1 vflib=1 dir=0 label=0 lowerbound=1 fileNameGp=../graphsdb/mcs70/rand/r02/mcs70_r02_s35.A70 fileNameGt=../graphsdb/mcs70/rand/r02/mcs70_r02_s35.B70
Reading graphs...
35 :  213
35 :  210
Initializing...
maxdom : 35
D->valSize : 1225
Solving...
currentSize : 10 <-- 0.017547 s
currentSize : 11 <-- 0.017923 s
currentSize : 12 <-- 0.018684 s
currentSize : 13 <-- 0.070480 s
currentSize : 14 <-- 2.654743 s
currentSize : 15 <-- 61.334534 s
currentSize : 16 <-- 130.028717 s
currentSize : 17 <-- 381.877472 s
currentSize : 18 <-- 381.877686 s
currentSize : 19 <-- 1477.519043 s
currentSize : 24 <-- 1492.905396 s

maxsize : 24
nodes : 120107858.000000
filtered : 2174479371.000000
CCGP filtered : 777064.000000
CCGT filtered : 2899255.000000
time : 1512.172729
