Parameters: GAD=1 vflib=1 dir=0 label=0 lowerbound=1 fileNameGp=../graphsdb/mcs70/m2D/m2Dr4/mcs70_m2Dr4_s35.A64 fileNameGt=../graphsdb/mcs70/m2D/m2Dr4/mcs70_m2Dr4_s35.B64
Reading graphs...
35 :  71
35 :  71
Initializing...
maxdom : 35
D->valSize : 1225
Solving...
currentSize : 11 <-- 0.020403 s
currentSize : 12 <-- 0.020527 s
currentSize : 13 <-- 0.020548 s
currentSize : 16 <-- 0.020861 s
currentSize : 17 <-- 0.020894 s
currentSize : 18 <-- 0.020907 s
currentSize : 19 <-- 0.024977 s
currentSize : 20 <-- 0.025515 s
currentSize : 21 <-- 0.849147 s
currentSize : 22 <-- 1.907384 s
currentSize : 23 <-- 4.880691 s
currentSize : 24 <-- 12.010243 s
currentSize : 25 <-- 159.123642 s

maxsize : 25
nodes : 16787844.000000
filtered : 563540915.000000
CCGP filtered : 115962986.000000
CCGT filtered : 90809912.000000
time : 193.419785
