Parameters: GAD=1 vflib=1 dir=0 label=0 lowerbound=1 fileNameGp=../graphsdb/mcs70/bvg/b03m/mcs70_b03m_s35.A76 fileNameGt=../graphsdb/mcs70/bvg/b03m/mcs70_b03m_s35.B76
Reading graphs...
35 :  51
35 :  51
Initializing...
maxdom : 35
D->valSize : 1225
Solving...
currentSize : 6 <-- 0.036537 s
currentSize : 12 <-- 0.036919 s
currentSize : 14 <-- 0.037083 s
currentSize : 15 <-- 0.053632 s
currentSize : 16 <-- 0.077332 s
currentSize : 17 <-- 0.110998 s
currentSize : 18 <-- 0.117288 s
currentSize : 19 <-- 0.375979 s
currentSize : 20 <-- 0.776033 s
currentSize : 21 <-- 1.392159 s
currentSize : 22 <-- 3.161280 s
currentSize : 23 <-- 9.668858 s
currentSize : 24 <-- 10.237653 s
currentSize : 25 <-- 35.300392 s
currentSize : 26 <-- 35.357346 s

maxsize : 26
nodes : 4299551.000000
filtered : 93058935.000000
CCGP filtered : 106188075.000000
CCGT filtered : 91938194.000000
time : 49.502506
