Parameters: GAD=1 vflib=1 dir=0 label=0 lowerbound=1 fileNameGp=../graphsdb/mcs70/m2D/m2D/mcs70_m2D_s25.A58 fileNameGt=../graphsdb/mcs70/m2D/m2D/mcs70_m2D_s25.B58
Reading graphs...
25 :  40
25 :  40
Initializing...
maxdom : 25
D->valSize : 625
Solving...
currentSize : 11 <-- 0.005254 s
currentSize : 12 <-- 0.005484 s
currentSize : 13 <-- 0.005539 s
currentSize : 14 <-- 0.005667 s
currentSize : 15 <-- 0.005965 s
currentSize : 16 <-- 0.019813 s
currentSize : 17 <-- 0.036611 s
currentSize : 18 <-- 0.737948 s
currentSize : 19 <-- 1.493465 s

maxsize : 19
nodes : 331076.000000
filtered : 6714812.000000
CCGP filtered : 1835949.000000
CCGT filtered : 1109944.000000
time : 2.788265
