Parameters: GAD=1 vflib=1 dir=0 label=0 lowerbound=1 fileNameGp=../graphsdb/mcs70/m3D/m3Dr4/mcs70_m3Dr4_s35.A72 fileNameGt=../graphsdb/mcs70/m3D/m3Dr4/mcs70_m3Dr4_s35.B72
Reading graphs...
35 :  85
35 :  85
Initializing...
maxdom : 35
D->valSize : 1225
Solving...
currentSize : 15 <-- 0.020434 s
currentSize : 16 <-- 0.020480 s
currentSize : 17 <-- 0.020894 s
currentSize : 19 <-- 0.023005 s
currentSize : 20 <-- 0.151428 s
currentSize : 21 <-- 0.256699 s
currentSize : 22 <-- 282.156616 s
currentSize : 23 <-- 282.212433 s
currentSize : 24 <-- 366.591125 s
currentSize : 25 <-- 366.989014 s
currentSize : 26 <-- 377.345917 s
currentSize : 28 <-- 377.355286 s

maxsize : 28
nodes : 36665699.000000
filtered : 947767651.000000
CCGP filtered : 96403010.000000
CCGT filtered : 65579270.000000
time : 381.079895
