Parameters: GAD=1 vflib=1 dir=0 label=0 lowerbound=1 fileNameGp=../graphsdb/mcs70/m2D/m2Dr6/m2Dr6/mcs70_m2Dr6_s35.A05 fileNameGt=../graphsdb/mcs70/m2D/m2Dr6/m2Dr6/mcs70_m2Dr6_s35.B05
Reading graphs...
35 :  78
35 :  76
Initializing...
maxdom : 35
D->valSize : 1225
Solving...
currentSize : 14 <-- 0.020271 s
currentSize : 17 <-- 0.020438 s
currentSize : 18 <-- 0.022539 s
currentSize : 19 <-- 0.022752 s
currentSize : 20 <-- 0.448907 s
currentSize : 21 <-- 16.482487 s
currentSize : 22 <-- 204.866928 s
currentSize : 23 <-- 513.061584 s
currentSize : 24 <-- 516.291687 s
currentSize : 26 <-- 516.530945 s

maxsize : 26
nodes : 50570108.000000
filtered : 1299026999.000000
CCGP filtered : 229597245.000000
CCGT filtered : 223227139.000000
time : 548.260864
