Parameters: GAD=1 vflib=1 dir=0 label=0 lowerbound=1 fileNameGp=../graphsdb/mcs70/m3D/m3Dr6/mcs70_m3Dr6_s35.A25 fileNameGt=../graphsdb/mcs70/m3D/m3Dr6/mcs70_m3Dr6_s35.B25
Reading graphs...
35 :  91
35 :  90
Initializing...
maxdom : 35
D->valSize : 1225
Solving...
currentSize : 13 <-- 0.019746 s
currentSize : 14 <-- 0.020515 s
currentSize : 15 <-- 0.020624 s
currentSize : 16 <-- 0.030427 s
currentSize : 17 <-- 0.061579 s
currentSize : 18 <-- 0.089462 s
currentSize : 19 <-- 0.135730 s
currentSize : 20 <-- 0.164934 s
currentSize : 21 <-- 2.971270 s
currentSize : 22 <-- 2.971427 s
currentSize : 23 <-- 31.669638 s
currentSize : 24 <-- 31.683538 s
currentSize : 25 <-- 67.971489 s
currentSize : 26 <-- 67.982681 s
currentSize : 27 <-- 67.983658 s

maxsize : 27
nodes : 6245379.000000
filtered : 245336714.000000
CCGP filtered : 11203917.000000
CCGT filtered : 12085279.000000
time : 75.830101
