Parameters: GAD=1 vflib=1 dir=0 label=0 lowerbound=1 fileNameGp=../graphsdb/mcs70/m2D/m2D/mcs70_m2D_s35.A63 fileNameGt=../graphsdb/mcs70/m2D/m2D/mcs70_m2D_s35.B63
Reading graphs...
35 :  57
35 :  58
Initializing...
maxdom : 35
D->valSize : 1225
Solving...
currentSize : 16 <-- 0.020959 s
currentSize : 19 <-- 0.020999 s
currentSize : 20 <-- 0.021631 s
currentSize : 21 <-- 0.024747 s
currentSize : 22 <-- 0.028446 s
currentSize : 23 <-- 0.235753 s
currentSize : 24 <-- 0.285817 s
currentSize : 25 <-- 4.384876 s
currentSize : 26 <-- 11.334275 s

maxsize : 26
nodes : 6680954.000000
filtered : 215611909.000000
CCGP filtered : 115387473.000000
CCGT filtered : 33753552.000000
time : 72.549919
