Parameters: GAD=1 vflib=1 dir=0 label=0 lowerbound=1 fileNameGp=../graphsdb/mcs70/bvg/b03m/mcs70_b03m_s25.A94 fileNameGt=../graphsdb/mcs70/bvg/b03m/mcs70_b03m_s25.B94
Reading graphs...
25 :  36
25 :  37
Initializing...
maxdom : 25
D->valSize : 625
Solving...
currentSize : 9 <-- 0.005961 s
currentSize : 10 <-- 0.005987 s
currentSize : 11 <-- 0.006001 s
currentSize : 12 <-- 0.006204 s
currentSize : 13 <-- 0.006257 s
currentSize : 14 <-- 0.006644 s
currentSize : 15 <-- 0.012716 s
currentSize : 16 <-- 0.023660 s
currentSize : 17 <-- 0.025170 s
currentSize : 18 <-- 0.181888 s

maxsize : 18
nodes : 306375.000000
filtered : 5643376.000000
CCGP filtered : 2729231.000000
CCGT filtered : 1076298.000000
time : 2.410627
