Parameters: GAD=1 vflib=1 dir=0 label=0 lowerbound=1 fileNameGp=../graphsdb/mcs70/m2D/m2D/mcs70_m2D_s35.A41 fileNameGt=../graphsdb/mcs70/m2D/m2D/mcs70_m2D_s35.B41
Reading graphs...
35 :  58
35 :  58
Initializing...
maxdom : 35
D->valSize : 1225
Solving...
currentSize : 14 <-- 0.020903 s
currentSize : 17 <-- 0.020940 s
currentSize : 18 <-- 0.023374 s
currentSize : 20 <-- 0.029853 s
currentSize : 21 <-- 0.162474 s
currentSize : 22 <-- 1.291215 s
currentSize : 23 <-- 1.852193 s
currentSize : 24 <-- 2.177654 s
currentSize : 25 <-- 2.277991 s
currentSize : 26 <-- 3.887750 s
currentSize : 27 <-- 10.010646 s
currentSize : 28 <-- 10.143911 s

maxsize : 28
nodes : 1227145.000000
filtered : 38176918.000000
CCGP filtered : 8993132.000000
CCGT filtered : 7698289.000000
time : 13.694482
