Parameters: GAD=1 vflib=1 dir=0 label=0 lowerbound=1 fileNameGp=../graphsdb/mcs70/m4D/m4D/mcs70_m4D_s25.A80 fileNameGt=../graphsdb/mcs70/m4D/m4D/mcs70_m4D_s25.B80
Reading graphs...
25 :  47
25 :  47
Initializing...
maxdom : 25
D->valSize : 625
Solving...
currentSize : 9 <-- 0.005274 s
currentSize : 11 <-- 0.005335 s
currentSize : 12 <-- 0.005952 s
currentSize : 13 <-- 0.006308 s
currentSize : 14 <-- 0.007754 s
currentSize : 15 <-- 0.010519 s
currentSize : 16 <-- 0.013559 s
currentSize : 17 <-- 0.070807 s
currentSize : 18 <-- 0.071246 s
currentSize : 19 <-- 0.412143 s

maxsize : 19
nodes : 84242.000000
filtered : 1970723.000000
CCGP filtered : 1140474.000000
CCGT filtered : 365145.000000
time : 0.693231
