Parameters: GAD=1 vflib=1 dir=0 label=0 lowerbound=1 fileNameGp=../graphsdb/mcs70/bvg/b09m/mcs70_b09m_s30.A79 fileNameGt=../graphsdb/mcs70/bvg/b09m/mcs70_b09m_s30.B79
Reading graphs...
30 :  129
30 :  129
Initializing...
maxdom : 30
D->valSize : 900
Solving...
currentSize : 9 <-- 0.015479 s
currentSize : 11 <-- 0.015656 s
currentSize : 12 <-- 0.015679 s
currentSize : 13 <-- 0.016551 s
currentSize : 14 <-- 0.017483 s
currentSize : 15 <-- 1.428975 s
currentSize : 16 <-- 8.195906 s
currentSize : 17 <-- 12.962133 s
currentSize : 21 <-- 13.204997 s

maxsize : 21
nodes : 1745741.000000
filtered : 40552480.000000
CCGP filtered : 923573.000000
CCGT filtered : 516741.000000
time : 18.133606
