Parameters: GAD=1 vflib=1 dir=0 label=0 lowerbound=1 fileNameGp=../graphsdb/mcs70/bvg/b09/mcs70_b09_s30.A81 fileNameGt=../graphsdb/mcs70/bvg/b09/mcs70_b09_s30.B81
Reading graphs...
30 :  132
30 :  132
Initializing...
maxdom : 30
D->valSize : 900
Solving...
currentSize : 11 <-- 0.016541 s
currentSize : 12 <-- 0.017376 s
currentSize : 13 <-- 0.024975 s
currentSize : 14 <-- 0.042166 s
currentSize : 15 <-- 1.030640 s
currentSize : 16 <-- 1.326955 s
currentSize : 17 <-- 1.360271 s
currentSize : 18 <-- 1.374957 s
currentSize : 19 <-- 1.533827 s
currentSize : 20 <-- 1.727773 s
currentSize : 21 <-- 8.260959 s

maxsize : 21
nodes : 901713.000000
filtered : 29727973.000000
CCGP filtered : 84091.000000
CCGT filtered : 31671.000000
time : 9.742308
