Parameters: GAD=1 vflib=1 dir=0 label=0 lowerbound=1 fileNameGp=../graphsdb/mcs70/m3D/m3Dr6/mcs70_m3Dr6_s35.A68 fileNameGt=../graphsdb/mcs70/m3D/m3Dr6/mcs70_m3Dr6_s35.B68
Reading graphs...
35 :  91
35 :  91
Initializing...
maxdom : 35
D->valSize : 1225
Solving...
currentSize : 16 <-- 0.019776 s
currentSize : 17 <-- 0.019846 s
currentSize : 18 <-- 0.020035 s
currentSize : 19 <-- 0.031209 s
currentSize : 20 <-- 0.069888 s
currentSize : 21 <-- 0.230213 s
currentSize : 22 <-- 86.235275 s
currentSize : 25 <-- 637.816956 s
currentSize : 27 <-- 637.817200 s

maxsize : 27
nodes : 59448262.000000
filtered : 1570437596.000000
CCGP filtered : 79340206.000000
CCGT filtered : 91195269.000000
time : 648.725525
