Parameters: GAD=1 vflib=1 dir=0 label=0 lowerbound=1 fileNameGp=../graphsdb/mcs70/bvg/b03m/mcs70_b03m_s30.A21 fileNameGt=../graphsdb/mcs70/bvg/b03m/mcs70_b03m_s30.B21
Reading graphs...
30 :  43
30 :  45
Initializing...
maxdom : 30
D->valSize : 900
Solving...
currentSize : 9 <-- 0.011131 s
currentSize : 14 <-- 0.011313 s
currentSize : 15 <-- 0.011590 s
currentSize : 16 <-- 0.012004 s
currentSize : 17 <-- 0.012060 s
currentSize : 18 <-- 0.012209 s
currentSize : 19 <-- 0.013478 s
currentSize : 20 <-- 0.013589 s
currentSize : 21 <-- 0.013747 s
currentSize : 22 <-- 0.014021 s

maxsize : 22
nodes : 931674.000000
filtered : 25505366.000000
CCGP filtered : 13409298.000000
CCGT filtered : 9238310.000000
time : 9.191138
