Parameters: GAD=1 vflib=1 dir=0 label=0 lowerbound=1 fileNameGp=../graphsdb/mcs70/rand/r01/mcs70_r01_s30.A56 fileNameGt=../graphsdb/mcs70/rand/r01/mcs70_r01_s30.B56
Reading graphs...
30 :  84
30 :  82
Initializing...
maxdom : 30
D->valSize : 900
Solving...
currentSize : 11 <-- 0.010716 s
currentSize : 12 <-- 0.010775 s
currentSize : 13 <-- 0.011807 s
currentSize : 14 <-- 0.016580 s
currentSize : 15 <-- 0.019350 s
currentSize : 16 <-- 0.130633 s
currentSize : 17 <-- 0.189750 s
currentSize : 18 <-- 43.415134 s
currentSize : 21 <-- 66.540131 s

maxsize : 21
nodes : 9780662.000000
filtered : 203036012.000000
CCGP filtered : 9498764.000000
CCGT filtered : 5631390.000000
time : 90.574768
