Parameters: GAD=1 vflib=1 dir=0 label=0 lowerbound=1 fileNameGp=../graphsdb/mcs70/m2D/m2Dr4/mcs70_m2Dr4_s35.A40 fileNameGt=../graphsdb/mcs70/m2D/m2Dr4/mcs70_m2Dr4_s35.B40
Reading graphs...
35 :  71
35 :  70
Initializing...
maxdom : 35
D->valSize : 1225
Solving...
currentSize : 14 <-- 0.020364 s
currentSize : 16 <-- 0.020412 s
currentSize : 17 <-- 0.020510 s
currentSize : 18 <-- 0.026945 s
currentSize : 19 <-- 0.034639 s
currentSize : 20 <-- 0.558287 s
currentSize : 21 <-- 2.455004 s
currentSize : 22 <-- 25.357121 s
currentSize : 23 <-- 62.644459 s
currentSize : 24 <-- 197.975006 s
currentSize : 25 <-- 404.252686 s

maxsize : 25
nodes : 40572549.000000
filtered : 1194866126.000000
CCGP filtered : 260175819.000000
CCGT filtered : 175944003.000000
time : 440.134552
