Parameters: GAD=1 vflib=1 dir=0 label=0 lowerbound=1 fileNameGp=../graphsdb/mcs70/m2D/m2Dr4/mcs70_m2Dr4_s25.A93 fileNameGt=../graphsdb/mcs70/m2D/m2Dr4/mcs70_m2Dr4_s25.B93
Reading graphs...
25 :  49
25 :  46
Initializing...
maxdom : 25
D->valSize : 625
Solving...
currentSize : 8 <-- 0.005159 s
currentSize : 11 <-- 0.005241 s
currentSize : 12 <-- 0.005689 s
currentSize : 13 <-- 0.006352 s
currentSize : 14 <-- 0.006553 s
currentSize : 15 <-- 0.015312 s
currentSize : 16 <-- 0.018288 s
currentSize : 17 <-- 0.188817 s
currentSize : 18 <-- 4.721788 s

maxsize : 18
nodes : 677522.000000
filtered : 13066144.000000
CCGP filtered : 2329874.000000
CCGT filtered : 1625887.000000
time : 5.134928
