Parameters: GAD=1 vflib=1 dir=0 label=0 lowerbound=1 fileNameGp=../graphsdb/mcs70/m3D/m3Dr6/mcs70_m3Dr6_s35.A51 fileNameGt=../graphsdb/mcs70/m3D/m3Dr6/mcs70_m3Dr6_s35.B51
Reading graphs...
35 :  91
35 :  91
Initializing...
maxdom : 35
D->valSize : 1225
Solving...
currentSize : 13 <-- 0.019483 s
currentSize : 14 <-- 0.019548 s
currentSize : 15 <-- 0.019645 s
currentSize : 16 <-- 0.020579 s
currentSize : 18 <-- 0.021138 s
currentSize : 19 <-- 0.068041 s
currentSize : 20 <-- 2.165275 s
currentSize : 21 <-- 3.388144 s
currentSize : 22 <-- 59.991856 s
currentSize : 24 <-- 118.250336 s
currentSize : 25 <-- 192.144424 s
currentSize : 28 <-- 196.489990 s
currentSize : 29 <-- 196.490097 s

maxsize : 29
nodes : 17385396.000000
filtered : 540413965.000000
CCGP filtered : 23472929.000000
CCGT filtered : 35817066.000000
time : 198.041412
