Parameters: GAD=1 vflib=1 dir=0 label=0 lowerbound=1 fileNameGp=../graphsdb/mcs70/m3D/m3Dr2/mcs70_m3Dr2_s35.A88 fileNameGt=../graphsdb/mcs70/m3D/m3Dr2/mcs70_m3Dr2_s35.B88
Reading graphs...
35 :  79
35 :  77
Initializing...
maxdom : 35
D->valSize : 1225
Solving...
currentSize : 17 <-- 0.035072 s
currentSize : 18 <-- 0.035240 s
currentSize : 19 <-- 0.068828 s
currentSize : 20 <-- 0.087386 s
currentSize : 21 <-- 0.293940 s
currentSize : 22 <-- 0.666583 s
currentSize : 23 <-- 67.804893 s
currentSize : 24 <-- 132.571640 s
currentSize : 25 <-- 219.828598 s
currentSize : 27 <-- 220.516235 s

maxsize : 27
nodes : 22297148.000000
filtered : 590104402.000000
CCGP filtered : 35500850.000000
CCGT filtered : 34491957.000000
time : 234.201706
