Parameters: GAD=1 vflib=1 dir=0 label=0 lowerbound=1 fileNameGp=../graphsdb/mcs70/bvg/b06/mcs70_b06_s30.A64 fileNameGt=../graphsdb/mcs70/bvg/b06/mcs70_b06_s30.B64
Reading graphs...
30 :  90
30 :  89
Initializing...
maxdom : 30
D->valSize : 900
Solving...
currentSize : 10 <-- 0.010089 s
currentSize : 11 <-- 0.010672 s
currentSize : 12 <-- 0.010877 s
currentSize : 13 <-- 0.011638 s
currentSize : 14 <-- 0.017646 s
currentSize : 15 <-- 0.172302 s
currentSize : 16 <-- 0.478033 s
currentSize : 17 <-- 10.141367 s
currentSize : 18 <-- 10.428717 s
currentSize : 19 <-- 11.770367 s
currentSize : 20 <-- 11.789449 s
currentSize : 21 <-- 13.320020 s
currentSize : 22 <-- 13.725372 s

maxsize : 22
nodes : 1881711.000000
filtered : 42717518.000000
CCGP filtered : 4278291.000000
CCGT filtered : 2679789.000000
time : 17.733530
