Parameters: GAD=1 vflib=1 dir=0 label=0 lowerbound=1 fileNameGp=../graphsdb/mcs70/m2D/m2D/mcs70_m2D_s35.A17 fileNameGt=../graphsdb/mcs70/m2D/m2D/mcs70_m2D_s35.B17
Reading graphs...
35 :  58
35 :  58
Initializing...
maxdom : 35
D->valSize : 1225
Solving...
currentSize : 15 <-- 0.020773 s
currentSize : 19 <-- 0.020857 s
currentSize : 20 <-- 0.020931 s
currentSize : 21 <-- 0.027717 s
currentSize : 22 <-- 0.050144 s
currentSize : 23 <-- 0.156179 s
currentSize : 24 <-- 2.689274 s
currentSize : 25 <-- 4.622235 s
currentSize : 26 <-- 8.859068 s

maxsize : 26
nodes : 12887897.000000
filtered : 409330296.000000
CCGP filtered : 158875547.000000
CCGT filtered : 62340379.000000
time : 140.622604
