Parameters: GAD=1 vflib=1 dir=0 label=0 lowerbound=1 fileNameGp=../graphsdb/mcs70/bvg/b06m/mcs70_b06m_s35.A31 fileNameGt=../graphsdb/mcs70/bvg/b06m/mcs70_b06m_s35.B31
Reading graphs...
35 :  103
35 :  103
Initializing...
maxdom : 35
D->valSize : 1225
Solving...
currentSize : 13 <-- 0.033391 s
currentSize : 15 <-- 0.033713 s
currentSize : 16 <-- 0.034656 s
currentSize : 17 <-- 0.077140 s
currentSize : 18 <-- 0.423564 s
currentSize : 19 <-- 0.863288 s
currentSize : 20 <-- 4.219214 s
currentSize : 23 <-- 12.200218 s
currentSize : 24 <-- 77.604141 s

maxsize : 24
nodes : 10652542.000000
filtered : 436938995.000000
CCGP filtered : 29499423.000000
CCGT filtered : 13557433.000000
time : 131.991852
