Parameters: GAD=1 vflib=1 dir=0 label=0 lowerbound=1 fileNameGp=../graphsdb/mcs70/m2D/m2Dr6/m2Dr6/mcs70_m2Dr6_s35.A21 fileNameGt=../graphsdb/mcs70/m2D/m2Dr6/m2Dr6/mcs70_m2Dr6_s35.B21
Reading graphs...
35 :  77
35 :  75
Initializing...
maxdom : 35
D->valSize : 1225
Solving...
currentSize : 16 <-- 0.020149 s
currentSize : 17 <-- 0.020280 s
currentSize : 18 <-- 0.020634 s
currentSize : 19 <-- 0.024576 s
currentSize : 20 <-- 0.045049 s
currentSize : 21 <-- 0.073889 s
currentSize : 22 <-- 0.358242 s
currentSize : 23 <-- 25.126247 s
currentSize : 25 <-- 353.487122 s

maxsize : 25
nodes : 33257524.000000
filtered : 1052045545.000000
CCGP filtered : 155761925.000000
CCGT filtered : 196672974.000000
time : 385.740875
