Parameters: GAD=1 vflib=1 dir=0 label=0 lowerbound=1 fileNameGp=../graphsdb/mcs70/m3D/m3Dr6/mcs70_m3Dr6_s35.A83 fileNameGt=../graphsdb/mcs70/m3D/m3Dr6/mcs70_m3Dr6_s35.B83
Reading graphs...
35 :  91
35 :  90
Initializing...
maxdom : 35
D->valSize : 1225
Solving...
currentSize : 15 <-- 0.019643 s
currentSize : 16 <-- 0.019746 s
currentSize : 17 <-- 0.020031 s
currentSize : 18 <-- 0.020328 s
currentSize : 19 <-- 0.193790 s
currentSize : 20 <-- 1.045822 s
currentSize : 21 <-- 8.202985 s
currentSize : 22 <-- 387.289459 s
currentSize : 23 <-- 516.348999 s
currentSize : 24 <-- 659.410767 s
currentSize : 27 <-- 660.393555 s

maxsize : 27
nodes : 63449034.000000
filtered : 1637582340.000000
CCGP filtered : 130166747.000000
CCGT filtered : 80453939.000000
time : 677.629395
