Parameters: GAD=1 vflib=1 dir=0 label=0 lowerbound=1 fileNameGp=../graphsdb/mcs70/m3D/m3Dr2/mcs70_m3Dr2_s35.A19 fileNameGt=../graphsdb/mcs70/m3D/m3Dr2/mcs70_m3Dr2_s35.B19
Reading graphs...
35 :  78
35 :  79
Initializing...
maxdom : 35
D->valSize : 1225
Solving...
currentSize : 18 <-- 0.035131 s
currentSize : 19 <-- 0.037287 s
currentSize : 20 <-- 0.051971 s
currentSize : 21 <-- 0.072643 s
currentSize : 22 <-- 0.599203 s
currentSize : 23 <-- 76.513817 s
currentSize : 24 <-- 90.931610 s
currentSize : 25 <-- 117.646965 s
currentSize : 28 <-- 124.801010 s

maxsize : 28
nodes : 12458786.000000
filtered : 336610958.000000
CCGP filtered : 48511052.000000
CCGT filtered : 19340302.000000
time : 130.242630
