Parameters: GAD=1 vflib=1 dir=0 label=0 lowerbound=1 fileNameGp=../graphsdb/mcs70/bvg/b03/mcs70_b03_s35.A02 fileNameGt=../graphsdb/mcs70/bvg/b03/mcs70_b03_s35.B02
Reading graphs...
35 :  52
35 :  52
Initializing...
maxdom : 35
D->valSize : 1225
Solving...
currentSize : 17 <-- 0.021124 s
currentSize : 20 <-- 0.021174 s
currentSize : 21 <-- 0.021471 s
currentSize : 22 <-- 0.023314 s
currentSize : 23 <-- 0.042486 s
currentSize : 24 <-- 0.042517 s
currentSize : 25 <-- 0.172272 s
currentSize : 26 <-- 1.564999 s
currentSize : 27 <-- 3.071099 s
currentSize : 28 <-- 8.942345 s

maxsize : 28
nodes : 1281932.000000
filtered : 38626762.000000
CCGP filtered : 35130501.000000
CCGT filtered : 14518259.000000
time : 14.665608
