Parameters: GAD=1 vflib=1 dir=0 label=0 lowerbound=1 fileNameGp=../graphsdb/mcs70/m2D/m2Dr2/mcs70_m2Dr2_s35.A77 fileNameGt=../graphsdb/mcs70/m2D/m2Dr2/mcs70_m2Dr2_s35.B77
Reading graphs...
35 :  63
35 :  63
Initializing...
maxdom : 35
D->valSize : 1225
Solving...
currentSize : 16 <-- 0.035772 s
currentSize : 17 <-- 0.035836 s
currentSize : 19 <-- 0.035964 s
currentSize : 20 <-- 0.037482 s
currentSize : 21 <-- 0.195628 s
currentSize : 22 <-- 0.249610 s
currentSize : 23 <-- 1.027089 s
currentSize : 24 <-- 1.672968 s
currentSize : 27 <-- 46.885624 s

maxsize : 27
nodes : 6340869.000000
filtered : 182508177.000000
CCGP filtered : 37109889.000000
CCGT filtered : 27751065.000000
time : 67.334854
