Parameters: GAD=1 vflib=1 dir=0 label=0 lowerbound=1 fileNameGp=../graphsdb/mcs70/bvg/b09m/mcs70_b09m_s30.A82 fileNameGt=../graphsdb/mcs70/bvg/b09m/mcs70_b09m_s30.B82
Reading graphs...
30 :  129
30 :  127
Initializing...
maxdom : 30
D->valSize : 900
Solving...
currentSize : 11 <-- 0.016644 s
currentSize : 12 <-- 0.016788 s
currentSize : 13 <-- 0.017072 s
currentSize : 14 <-- 0.037686 s
currentSize : 15 <-- 2.721892 s
currentSize : 16 <-- 162.942780 s
currentSize : 17 <-- 163.680542 s
currentSize : 18 <-- 163.807449 s
currentSize : 19 <-- 179.191818 s
currentSize : 20 <-- 179.191879 s

maxsize : 20
nodes : 19197692.000000
filtered : 323949220.000000
CCGP filtered : 2071503.000000
CCGT filtered : 4823493.000000
time : 183.991074
