Parameters: GAD=1 vflib=1 dir=0 label=0 lowerbound=1 fileNameGp=../graphsdb/mcs70/m3D/m3Dr2/mcs70_m3Dr2_s35.A65 fileNameGt=../graphsdb/mcs70/m3D/m3Dr2/mcs70_m3Dr2_s35.B65
Reading graphs...
35 :  76
35 :  78
Initializing...
maxdom : 35
D->valSize : 1225
Solving...
currentSize : 17 <-- 0.035580 s
currentSize : 18 <-- 0.035833 s
currentSize : 19 <-- 0.049704 s
currentSize : 20 <-- 0.305926 s
currentSize : 21 <-- 10.535780 s
currentSize : 22 <-- 22.957661 s
currentSize : 23 <-- 119.153236 s
currentSize : 24 <-- 128.503510 s
currentSize : 25 <-- 130.724915 s
currentSize : 26 <-- 132.637711 s
currentSize : 27 <-- 132.641922 s

maxsize : 27
nodes : 15504162.000000
filtered : 378882956.000000
CCGP filtered : 37696209.000000
CCGT filtered : 19329106.000000
time : 158.991562
