Parameters: GAD=1 vflib=1 dir=0 label=0 lowerbound=1 fileNameGp=../graphsdb/mcs70/m3D/m3Dr6/mcs70_m3Dr6_s35.A21 fileNameGt=../graphsdb/mcs70/m3D/m3Dr6/mcs70_m3Dr6_s35.B21
Reading graphs...
35 :  90
35 :  89
Initializing...
maxdom : 35
D->valSize : 1225
Solving...
currentSize : 16 <-- 0.034269 s
currentSize : 17 <-- 0.036071 s
currentSize : 18 <-- 0.040794 s
currentSize : 19 <-- 0.057887 s
currentSize : 20 <-- 0.114620 s
currentSize : 21 <-- 5.368857 s
currentSize : 22 <-- 208.262329 s
currentSize : 23 <-- 724.031982 s
currentSize : 24 <-- 724.721191 s
currentSize : 27 <-- 724.721375 s

maxsize : 27
nodes : 68570038.000000
filtered : 1811596313.000000
CCGP filtered : 139853315.000000
CCGT filtered : 90902735.000000
time : 734.957336
