Parameters: GAD=1 vflib=1 dir=0 label=0 lowerbound=1 fileNameGp=../graphsdb/mcs70/rand/r005/mcs70_r005_s35.A05 fileNameGt=../graphsdb/mcs70/rand/r005/mcs70_r005_s35.B05
Reading graphs...
35 :  58
35 :  58
Initializing...
maxdom : 35
D->valSize : 1225
Solving...
currentSize : 15 <-- 0.021758 s
currentSize : 16 <-- 0.021866 s
currentSize : 17 <-- 0.024974 s
currentSize : 18 <-- 0.026169 s
currentSize : 19 <-- 0.032908 s
currentSize : 20 <-- 0.162431 s
currentSize : 21 <-- 0.552892 s
currentSize : 22 <-- 0.553965 s
currentSize : 23 <-- 0.554724 s
currentSize : 24 <-- 0.573236 s
currentSize : 25 <-- 0.644406 s
currentSize : 26 <-- 38.384209 s

maxsize : 26
nodes : 4108738.000000
filtered : 131787659.000000
CCGP filtered : 80463495.000000
CCGT filtered : 42215960.000000
time : 47.365612
