Parameters: GAD=1 vflib=1 dir=0 label=0 lowerbound=1 fileNameGp=../graphsdb/mcs70/bvg/b06m/mcs70_b06m_s35.A99 fileNameGt=../graphsdb/mcs70/bvg/b06m/mcs70_b06m_s35.B99
Reading graphs...
35 :  99
35 :  100
Initializing...
maxdom : 35
D->valSize : 1225
Solving...
currentSize : 15 <-- 0.019957 s
currentSize : 16 <-- 0.020191 s
currentSize : 17 <-- 0.091092 s
currentSize : 18 <-- 0.135846 s
currentSize : 19 <-- 2.682777 s
currentSize : 20 <-- 8.677247 s
currentSize : 21 <-- 144.855270 s
currentSize : 22 <-- 313.165070 s
currentSize : 23 <-- 313.165222 s
currentSize : 24 <-- 313.176605 s

maxsize : 24
nodes : 36848037.000000
filtered : 1105414397.000000
CCGP filtered : 119299197.000000
CCGT filtered : 65321875.000000
time : 417.157867
