Parameters: GAD=1 vflib=1 dir=0 label=0 lowerbound=1 fileNameGp=../graphsdb/mcs70/bvg/b06m/mcs70_b06m_s35.A41 fileNameGt=../graphsdb/mcs70/bvg/b06m/mcs70_b06m_s35.B41
Reading graphs...
35 :  100
35 :  101
Initializing...
maxdom : 35
D->valSize : 1225
Solving...
currentSize : 14 <-- 0.019462 s
currentSize : 16 <-- 0.019669 s
currentSize : 17 <-- 0.019809 s
currentSize : 18 <-- 0.057448 s
currentSize : 19 <-- 0.165421 s
currentSize : 20 <-- 36.916515 s
currentSize : 21 <-- 179.903793 s
currentSize : 23 <-- 727.016785 s
currentSize : 24 <-- 727.020752 s

maxsize : 24
nodes : 71652214.000000
filtered : 2062035997.000000
CCGP filtered : 202021142.000000
CCGT filtered : 139865717.000000
time : 806.339050
