Parameters: GAD=1 vflib=1 dir=0 label=0 lowerbound=1 fileNameGp=../graphsdb/mcs70/bvg/b09/mcs70_b09_s35.A76 fileNameGt=../graphsdb/mcs70/bvg/b09/mcs70_b09_s35.B76
Reading graphs...
35 :  155
35 :  156
Initializing...
maxdom : 35
D->valSize : 1225
Solving...
currentSize : 15 <-- 0.018042 s
currentSize : 16 <-- 0.023185 s
currentSize : 17 <-- 0.038861 s
currentSize : 18 <-- 0.347673 s
currentSize : 20 <-- 0.623389 s
currentSize : 21 <-- 0.623526 s
currentSize : 22 <-- 5.473805 s
currentSize : 23 <-- 11.214918 s
currentSize : 24 <-- 20.845139 s

maxsize : 24
nodes : 4921800.000000
filtered : 217196047.000000
CCGP filtered : 653062.000000
CCGT filtered : 682519.000000
time : 64.863113
