Parameters: GAD=1 vflib=1 dir=0 label=0 lowerbound=1 fileNameGp=../graphsdb/mcs70/m3D/m3Dr6/mcs70_m3Dr6_s35.A94 fileNameGt=../graphsdb/mcs70/m3D/m3Dr6/mcs70_m3Dr6_s35.B94
Reading graphs...
35 :  90
35 :  88
Initializing...
maxdom : 35
D->valSize : 1225
Solving...
currentSize : 15 <-- 0.020079 s
currentSize : 17 <-- 0.020146 s
currentSize : 18 <-- 0.021089 s
currentSize : 19 <-- 0.024836 s
currentSize : 20 <-- 0.125416 s
currentSize : 21 <-- 0.193668 s
currentSize : 22 <-- 0.477286 s
currentSize : 23 <-- 6.168474 s
currentSize : 24 <-- 6.168654 s
currentSize : 25 <-- 18.901411 s
currentSize : 26 <-- 18.901560 s
currentSize : 27 <-- 44.873703 s

maxsize : 27
nodes : 3998042.000000
filtered : 173909326.000000
CCGP filtered : 5238513.000000
CCGT filtered : 2889410.000000
time : 47.936928
