Parameters: GAD=1 vflib=1 dir=0 label=0 lowerbound=1 fileNameGp=../graphsdb/mcs70/m3D/m3D/mcs70_m3D_s35.A76 fileNameGt=../graphsdb/mcs70/m3D/m3D/mcs70_m3D_s35.B76
Reading graphs...
35 :  72
35 :  72
Initializing...
maxdom : 35
D->valSize : 1225
Solving...
currentSize : 19 <-- 0.020521 s
currentSize : 21 <-- 0.020670 s
currentSize : 22 <-- 0.020918 s
currentSize : 23 <-- 0.021274 s
currentSize : 24 <-- 0.028195 s
currentSize : 25 <-- 2.853052 s
currentSize : 26 <-- 2.853143 s
currentSize : 28 <-- 2.853422 s
currentSize : 29 <-- 5.926647 s

maxsize : 29
nodes : 692908.000000
filtered : 24097815.000000
CCGP filtered : 1321233.000000
CCGT filtered : 1095906.000000
time : 7.567694
