Parameters: GAD=1 vflib=1 dir=0 label=0 lowerbound=1 fileNameGp=../graphsdb/mcs70/bvg/b09/mcs70_b09_s30.A30 fileNameGt=../graphsdb/mcs70/bvg/b09/mcs70_b09_s30.B30
Reading graphs...
30 :  133
30 :  131
Initializing...
maxdom : 30
D->valSize : 900
Solving...
currentSize : 9 <-- 0.009549 s
currentSize : 10 <-- 0.009583 s
currentSize : 12 <-- 0.009658 s
currentSize : 13 <-- 0.017593 s
currentSize : 14 <-- 0.071493 s
currentSize : 15 <-- 0.168256 s
currentSize : 17 <-- 1.389086 s
currentSize : 18 <-- 1.389156 s
currentSize : 19 <-- 1.389304 s
currentSize : 20 <-- 1.390223 s
currentSize : 21 <-- 1.767835 s

maxsize : 21
nodes : 723443.000000
filtered : 23368217.000000
CCGP filtered : 84202.000000
CCGT filtered : 144343.000000
time : 8.041655
