Parameters: GAD=1 vflib=1 dir=0 label=0 lowerbound=1 fileNameGp=../graphsdb/mcs70/bvg/b06m/mcs70_b06m_s30.A81 fileNameGt=../graphsdb/mcs70/bvg/b06m/mcs70_b06m_s30.B81
Reading graphs...
30 :  89
30 :  88
Initializing...
maxdom : 30
D->valSize : 900
Solving...
currentSize : 13 <-- 0.010339 s
currentSize : 14 <-- 0.011830 s
currentSize : 15 <-- 0.013494 s
currentSize : 16 <-- 0.014648 s
currentSize : 17 <-- 0.648898 s
currentSize : 18 <-- 9.953919 s
currentSize : 19 <-- 10.545098 s
currentSize : 20 <-- 31.126301 s
currentSize : 21 <-- 31.156488 s

maxsize : 21
nodes : 3777162.000000
filtered : 102526342.000000
CCGP filtered : 4556114.000000
CCGT filtered : 3779513.000000
time : 36.718052
