Parameters: GAD=1 vflib=1 dir=0 label=0 lowerbound=1 fileNameGp=../graphsdb/mcs70/rand/r005/mcs70_r005_s35.A73 fileNameGt=../graphsdb/mcs70/rand/r005/mcs70_r005_s35.B73
Reading graphs...
35 :  57
35 :  58
Initializing...
maxdom : 35
D->valSize : 1225
Solving...
currentSize : 16 <-- 0.025439 s
currentSize : 17 <-- 0.025533 s
currentSize : 18 <-- 0.026007 s
currentSize : 19 <-- 0.028614 s
currentSize : 20 <-- 0.033325 s
currentSize : 21 <-- 0.035528 s
currentSize : 22 <-- 6.398226 s
currentSize : 23 <-- 24.164848 s
currentSize : 24 <-- 26.454395 s
currentSize : 25 <-- 55.853573 s
currentSize : 26 <-- 56.288486 s

maxsize : 26
nodes : 8030656.000000
filtered : 205937587.000000
CCGP filtered : 118325799.000000
CCGT filtered : 48472270.000000
time : 81.108765
