Parameters: GAD=1 vflib=1 dir=0 label=0 lowerbound=1 fileNameGp=../graphsdb/mcs70/bvg/b06/mcs70_b06_s25.A67 fileNameGt=../graphsdb/mcs70/bvg/b06/mcs70_b06_s25.B67
Reading graphs...
25 :  75
25 :  75
Initializing...
maxdom : 25
D->valSize : 625
Solving...
currentSize : 10 <-- 0.005038 s
currentSize : 11 <-- 0.005077 s
currentSize : 12 <-- 0.006016 s
currentSize : 13 <-- 0.006522 s
currentSize : 14 <-- 0.006821 s
currentSize : 15 <-- 0.021845 s
currentSize : 16 <-- 0.073003 s
currentSize : 17 <-- 0.098878 s
currentSize : 18 <-- 0.110471 s

maxsize : 18
nodes : 235780.000000
filtered : 5322104.000000
CCGP filtered : 89068.000000
CCGT filtered : 85580.000000
time : 1.950222
