Parameters: GAD=1 vflib=1 dir=0 label=0 lowerbound=1 fileNameGp=../graphsdb/mcs70/bvg/b09m/mcs70_b09m_s30.A02 fileNameGt=../graphsdb/mcs70/bvg/b09m/mcs70_b09m_s30.B02
Reading graphs...
30 :  128
30 :  129
Initializing...
maxdom : 30
D->valSize : 900
Solving...
currentSize : 10 <-- 0.009793 s
currentSize : 11 <-- 0.009866 s
currentSize : 12 <-- 0.010395 s
currentSize : 13 <-- 0.097987 s
currentSize : 14 <-- 0.128917 s
currentSize : 15 <-- 1.652404 s
currentSize : 16 <-- 12.468538 s
currentSize : 18 <-- 64.368782 s
currentSize : 19 <-- 64.368866 s
currentSize : 21 <-- 64.369408 s

maxsize : 21
nodes : 6837643.000000
filtered : 127722218.000000
CCGP filtered : 1245068.000000
CCGT filtered : 1708688.000000
time : 69.200737
