Parameters: GAD=1 vflib=1 dir=0 label=0 lowerbound=1 fileNameGp=../graphsdb/mcs70/rand/r01/mcs70_r01_s35.A77 fileNameGt=../graphsdb/mcs70/rand/r01/mcs70_r01_s35.B77
Reading graphs...
35 :  110
35 :  111
Initializing...
maxdom : 35
D->valSize : 1225
Solving...
currentSize : 12 <-- 0.019060 s
currentSize : 13 <-- 0.019232 s
currentSize : 14 <-- 0.019938 s
currentSize : 15 <-- 0.021394 s
currentSize : 16 <-- 0.024275 s
currentSize : 17 <-- 0.029140 s
currentSize : 18 <-- 0.085424 s
currentSize : 19 <-- 0.225158 s
currentSize : 20 <-- 88.212364 s
currentSize : 21 <-- 736.998169 s
currentSize : 22 <-- 1254.955933 s
currentSize : 24 <-- 1346.853516 s

maxsize : 24
nodes : 123464863.000000
filtered : 3270266872.000000
CCGP filtered : 149457014.000000
CCGT filtered : 152039595.000000
time : 1379.200195
