Parameters: GAD=1 vflib=1 dir=0 label=0 lowerbound=1 fileNameGp=../graphsdb/mcs70/bvg/b06m/mcs70_b06m_s30.A87 fileNameGt=../graphsdb/mcs70/bvg/b06m/mcs70_b06m_s30.B87
Reading graphs...
30 :  88
30 :  88
Initializing...
maxdom : 30
D->valSize : 900
Solving...
currentSize : 11 <-- 0.010145 s
currentSize : 12 <-- 0.010230 s
currentSize : 13 <-- 0.010251 s
currentSize : 14 <-- 0.011181 s
currentSize : 15 <-- 0.018093 s
currentSize : 16 <-- 0.215469 s
currentSize : 17 <-- 3.586260 s
currentSize : 18 <-- 28.896858 s
currentSize : 20 <-- 81.944656 s
currentSize : 21 <-- 81.944931 s

maxsize : 21
nodes : 9730481.000000
filtered : 214531527.000000
CCGP filtered : 8803128.000000
CCGT filtered : 12293462.000000
time : 93.321777
