Parameters: GAD=1 vflib=1 dir=0 label=0 lowerbound=1 fileNameGp=../graphsdb/mcs70/rand/r005/mcs70_r005_s30.A92 fileNameGt=../graphsdb/mcs70/rand/r005/mcs70_r005_s30.B92
Reading graphs...
30 :  42
30 :  42
Initializing...
maxdom : 30
D->valSize : 900
Solving...
currentSize : 10 <-- 0.011229 s
currentSize : 12 <-- 0.011289 s
currentSize : 13 <-- 0.011305 s
currentSize : 14 <-- 0.011560 s
currentSize : 16 <-- 0.012157 s
currentSize : 17 <-- 0.013783 s
currentSize : 18 <-- 0.021663 s
currentSize : 19 <-- 0.021687 s
currentSize : 20 <-- 0.186146 s
currentSize : 21 <-- 0.271449 s
currentSize : 22 <-- 3.749784 s

maxsize : 22
nodes : 2227087.000000
filtered : 48098003.000000
CCGP filtered : 38302940.000000
CCGT filtered : 21362970.000000
time : 20.291065
