Parameters: GAD=1 vflib=1 dir=0 label=0 lowerbound=1 fileNameGp=../graphsdb/mcs70/rand/r01/mcs70_r01_s30.A46 fileNameGt=../graphsdb/mcs70/rand/r01/mcs70_r01_s30.B46
Reading graphs...
30 :  83
30 :  80
Initializing...
maxdom : 30
D->valSize : 900
Solving...
currentSize : 12 <-- 0.010066 s
currentSize : 13 <-- 0.010226 s
currentSize : 14 <-- 0.010297 s
currentSize : 15 <-- 0.012418 s
currentSize : 16 <-- 0.015908 s
currentSize : 17 <-- 0.774085 s
currentSize : 18 <-- 28.322336 s
currentSize : 19 <-- 66.990143 s
currentSize : 21 <-- 66.990265 s

maxsize : 21
nodes : 9311485.000000
filtered : 200127990.000000
CCGP filtered : 8803863.000000
CCGT filtered : 4066235.000000
time : 85.350105
