Parameters: GAD=1 vflib=1 dir=0 label=0 lowerbound=1 fileNameGp=../graphsdb/mcs70/m3D/m3D/mcs70_m3D_s35.A14 fileNameGt=../graphsdb/mcs70/m3D/m3D/mcs70_m3D_s35.B14
Reading graphs...
35 :  72
35 :  72
Initializing...
maxdom : 35
D->valSize : 1225
Solving...
currentSize : 18 <-- 0.020990 s
currentSize : 20 <-- 0.021135 s
currentSize : 21 <-- 0.021148 s
currentSize : 22 <-- 0.027955 s
currentSize : 23 <-- 0.040156 s
currentSize : 24 <-- 1.519444 s
currentSize : 25 <-- 39.233051 s
currentSize : 27 <-- 46.367249 s
currentSize : 28 <-- 48.299500 s

maxsize : 28
nodes : 6328550.000000
filtered : 199356163.000000
CCGP filtered : 19595082.000000
CCGT filtered : 5585414.000000
time : 66.391678
