Parameters: GAD=1 vflib=1 dir=0 label=0 lowerbound=1 fileNameGp=../graphsdb/mcs70/rand/r02/mcs70_r02_s30.A67 fileNameGt=../graphsdb/mcs70/rand/r02/mcs70_r02_s30.B67
Reading graphs...
30 :  155
30 :  160
Initializing...
maxdom : 30
D->valSize : 900
Solving...
currentSize : 9 <-- 0.009476 s
currentSize : 10 <-- 0.009530 s
currentSize : 11 <-- 0.009691 s
currentSize : 12 <-- 0.012109 s
currentSize : 13 <-- 0.158878 s
currentSize : 14 <-- 1.648561 s
currentSize : 16 <-- 118.493050 s
currentSize : 17 <-- 171.624771 s
currentSize : 19 <-- 176.543610 s
currentSize : 21 <-- 176.545105 s

maxsize : 21
nodes : 16810137.000000
filtered : 233412404.000000
CCGP filtered : 969948.000000
CCGT filtered : 680746.000000
time : 178.927780
