Parameters: GAD=1 vflib=1 dir=0 label=0 lowerbound=1 fileNameGp=../graphsdb/mcs70/bvg/b06m/mcs70_b06m_s35.A64 fileNameGt=../graphsdb/mcs70/bvg/b06m/mcs70_b06m_s35.B64
Reading graphs...
35 :  104
35 :  103
Initializing...
maxdom : 35
D->valSize : 1225
Solving...
currentSize : 15 <-- 0.019379 s
currentSize : 16 <-- 0.019532 s
currentSize : 17 <-- 0.020110 s
currentSize : 18 <-- 0.032495 s
currentSize : 19 <-- 1.274712 s
currentSize : 20 <-- 4.697762 s
currentSize : 21 <-- 27.249142 s
currentSize : 22 <-- 408.144928 s
currentSize : 24 <-- 452.641998 s

maxsize : 24
nodes : 41606277.000000
filtered : 1283486623.000000
CCGP filtered : 86930579.000000
CCGT filtered : 99083349.000000
time : 484.606201
