Parameters: GAD=1 vflib=1 dir=0 label=0 lowerbound=1 fileNameGp=../graphsdb/mcs70/bvg/b03m/mcs70_b03m_s35.A00 fileNameGt=../graphsdb/mcs70/bvg/b03m/mcs70_b03m_s35.B00
Reading graphs...
35 :  52
35 :  51
Initializing...
maxdom : 35
D->valSize : 1225
Solving...
currentSize : 17 <-- 0.036449 s
currentSize : 18 <-- 0.036918 s
currentSize : 19 <-- 0.036992 s
currentSize : 20 <-- 0.037154 s
currentSize : 21 <-- 0.039582 s
currentSize : 22 <-- 0.045204 s
currentSize : 23 <-- 0.158386 s
currentSize : 24 <-- 0.798612 s
currentSize : 25 <-- 1.155054 s
currentSize : 26 <-- 19.963160 s

maxsize : 26
nodes : 5139338.000000
filtered : 159908924.000000
CCGP filtered : 94668803.000000
CCGT filtered : 63706182.000000
time : 59.277714
