Parameters: GAD=1 vflib=1 dir=0 label=0 lowerbound=1 fileNameGp=../graphsdb/mcs70/m2D/m2Dr4/mcs70_m2Dr4_s35.A10 fileNameGt=../graphsdb/mcs70/m2D/m2Dr4/mcs70_m2Dr4_s35.B10
Reading graphs...
35 :  70
35 :  69
Initializing...
maxdom : 35
D->valSize : 1225
Solving...
currentSize : 15 <-- 0.035640 s
currentSize : 18 <-- 0.035759 s
currentSize : 19 <-- 0.035800 s
currentSize : 20 <-- 0.040010 s
currentSize : 21 <-- 0.100513 s
currentSize : 22 <-- 0.222204 s
currentSize : 23 <-- 7.888656 s
currentSize : 25 <-- 9.577731 s
currentSize : 26 <-- 40.915833 s

maxsize : 26
nodes : 9391839.000000
filtered : 350484510.000000
CCGP filtered : 34083401.000000
CCGT filtered : 18384418.000000
time : 104.285301
