Parameters: GAD=1 vflib=1 dir=0 label=0 lowerbound=1 fileNameGp=../graphsdb/mcs70/rand/r02/mcs70_r02_s35.A83 fileNameGt=../graphsdb/mcs70/rand/r02/mcs70_r02_s35.B83
Reading graphs...
35 :  214
35 :  219
Initializing...
maxdom : 35
D->valSize : 1225
Solving...
currentSize : 10 <-- 0.020563 s
currentSize : 11 <-- 0.021051 s
currentSize : 12 <-- 0.022497 s
currentSize : 13 <-- 0.024567 s
currentSize : 14 <-- 0.056923 s
currentSize : 15 <-- 30.951532 s
currentSize : 16 <-- 659.340820 s
currentSize : 17 <-- 973.010315 s
currentSize : 18 <-- 1069.173218 s
currentSize : 24 <-- 1069.174072 s

maxsize : 24
nodes : 92346905.000000
filtered : 1285083111.000000
CCGP filtered : 2132625.000000
CCGT filtered : 4549339.000000
time : 1108.321899
