Parameters: GAD=1 vflib=1 dir=0 label=0 lowerbound=1 fileNameGp=../graphsdb/mcs70/m3D/m3D/mcs70_m3D_s35.A50 fileNameGt=../graphsdb/mcs70/m3D/m3D/mcs70_m3D_s35.B50
Reading graphs...
35 :  72
35 :  72
Initializing...
maxdom : 35
D->valSize : 1225
Solving...
currentSize : 17 <-- 0.020538 s
currentSize : 18 <-- 0.020671 s
currentSize : 19 <-- 0.021974 s
currentSize : 20 <-- 0.142326 s
currentSize : 21 <-- 0.147175 s
currentSize : 22 <-- 0.314693 s
currentSize : 23 <-- 11.343610 s
currentSize : 24 <-- 31.247717 s
currentSize : 25 <-- 37.982986 s
currentSize : 27 <-- 39.403572 s
currentSize : 28 <-- 39.683643 s

maxsize : 28
nodes : 4848193.000000
filtered : 123746118.000000
CCGP filtered : 15847762.000000
CCGT filtered : 10488895.000000
time : 49.039196
