Parameters: GAD=1 vflib=1 dir=0 label=0 lowerbound=1 fileNameGp=../graphsdb/mcs70/bvg/b06/mcs70_b06_s30.A54 fileNameGt=../graphsdb/mcs70/bvg/b06/mcs70_b06_s30.B54
Reading graphs...
30 :  90
30 :  90
Initializing...
maxdom : 30
D->valSize : 900
Solving...
currentSize : 12 <-- 0.017709 s
currentSize : 13 <-- 0.017766 s
currentSize : 14 <-- 0.018136 s
currentSize : 15 <-- 0.018227 s
currentSize : 16 <-- 0.023265 s
currentSize : 17 <-- 0.106295 s
currentSize : 18 <-- 0.392827 s
currentSize : 19 <-- 2.789754 s
currentSize : 20 <-- 3.169876 s
currentSize : 21 <-- 3.309625 s
currentSize : 22 <-- 5.885525 s

maxsize : 22
nodes : 1254833.000000
filtered : 38584006.000000
CCGP filtered : 1045865.000000
CCGT filtered : 545141.000000
time : 12.516265
