Parameters: GAD=1 vflib=1 dir=0 label=0 lowerbound=1 fileNameGp=../graphsdb/mcs70/m3D/m3D/mcs70_m3D_s35.A94 fileNameGt=../graphsdb/mcs70/m3D/m3D/mcs70_m3D_s35.B94
Reading graphs...
35 :  72
35 :  72
Initializing...
maxdom : 35
D->valSize : 1225
Solving...
currentSize : 18 <-- 0.021575 s
currentSize : 19 <-- 0.022107 s
currentSize : 20 <-- 0.024449 s
currentSize : 21 <-- 0.029980 s
currentSize : 22 <-- 0.403154 s
currentSize : 23 <-- 1.602447 s
currentSize : 24 <-- 5.582766 s
currentSize : 25 <-- 42.627254 s
currentSize : 27 <-- 42.894524 s
currentSize : 28 <-- 42.898033 s

maxsize : 28
nodes : 6059097.000000
filtered : 168034002.000000
CCGP filtered : 8678030.000000
CCGT filtered : 8281500.000000
time : 62.929585
