Parameters: GAD=1 vflib=1 dir=0 label=0 lowerbound=1 fileNameGp=../graphsdb/mcs70/bvg/b09m/mcs70_b09m_s30.A65 fileNameGt=../graphsdb/mcs70/bvg/b09m/mcs70_b09m_s30.B65
Reading graphs...
30 :  131
30 :  129
Initializing...
maxdom : 30
D->valSize : 900
Solving...
currentSize : 8 <-- 0.009631 s
currentSize : 10 <-- 0.009675 s
currentSize : 11 <-- 0.009960 s
currentSize : 12 <-- 0.010223 s
currentSize : 13 <-- 0.010896 s
currentSize : 14 <-- 0.101189 s
currentSize : 15 <-- 0.846806 s
currentSize : 17 <-- 10.492024 s
currentSize : 18 <-- 31.052536 s
currentSize : 19 <-- 31.094612 s
currentSize : 20 <-- 35.424423 s

maxsize : 20
nodes : 4065273.000000
filtered : 99718988.000000
CCGP filtered : 410784.000000
CCGT filtered : 2550491.000000
time : 42.464172
