Parameters: GAD=1 vflib=1 dir=0 label=0 lowerbound=1 fileNameGp=../graphsdb/mcs70/m3D/m3Dr2/mcs70_m3Dr2_s35.A18 fileNameGt=../graphsdb/mcs70/m3D/m3Dr2/mcs70_m3Dr2_s35.B18
Reading graphs...
35 :  78
35 :  79
Initializing...
maxdom : 35
D->valSize : 1225
Solving...
currentSize : 15 <-- 0.020098 s
currentSize : 16 <-- 0.020233 s
currentSize : 17 <-- 0.020407 s
currentSize : 18 <-- 0.020926 s
currentSize : 19 <-- 0.023277 s
currentSize : 20 <-- 0.045373 s
currentSize : 21 <-- 0.079759 s
currentSize : 22 <-- 2.869033 s
currentSize : 23 <-- 13.642293 s
currentSize : 24 <-- 246.913696 s
currentSize : 25 <-- 416.196228 s
currentSize : 27 <-- 416.242950 s

maxsize : 27
nodes : 39924225.000000
filtered : 1143999368.000000
CCGP filtered : 110670739.000000
CCGT filtered : 62138207.000000
time : 426.256134
