Parameters: GAD=1 vflib=1 dir=0 label=0 lowerbound=1 fileNameGp=../graphsdb/mcs70/bvg/b09/mcs70_b09_s30.A15 fileNameGt=../graphsdb/mcs70/bvg/b09/mcs70_b09_s30.B15
Reading graphs...
30 :  134
30 :  132
Initializing...
maxdom : 30
D->valSize : 900
Solving...
currentSize : 8 <-- 0.009649 s
currentSize : 9 <-- 0.009962 s
currentSize : 10 <-- 0.010155 s
currentSize : 11 <-- 0.013363 s
currentSize : 12 <-- 0.043407 s
currentSize : 13 <-- 0.120184 s
currentSize : 14 <-- 0.134447 s
currentSize : 15 <-- 0.137901 s
currentSize : 16 <-- 0.141385 s
currentSize : 17 <-- 0.141502 s
currentSize : 19 <-- 0.232266 s
currentSize : 20 <-- 0.232465 s

maxsize : 20
nodes : 1660519.000000
filtered : 49057066.000000
CCGP filtered : 53837.000000
CCGT filtered : 62626.000000
time : 18.511925
