Parameters: GAD=1 vflib=1 dir=0 label=0 lowerbound=1 fileNameGp=../graphsdb/mcs70/m2D/m2Dr6/m2Dr6/mcs70_m2Dr6_s25.A11 fileNameGt=../graphsdb/mcs70/m2D/m2Dr6/m2Dr6/mcs70_m2Dr6_s25.B11
Reading graphs...
25 :  53
25 :  52
Initializing...
maxdom : 25
D->valSize : 625
Solving...
currentSize : 9 <-- 0.008814 s
currentSize : 10 <-- 0.008850 s
currentSize : 11 <-- 0.009098 s
currentSize : 12 <-- 0.009418 s
currentSize : 13 <-- 0.009647 s
currentSize : 14 <-- 0.013928 s
currentSize : 15 <-- 0.014404 s
currentSize : 16 <-- 0.332612 s
currentSize : 17 <-- 1.857769 s

maxsize : 17
nodes : 695794.000000
filtered : 14310956.000000
CCGP filtered : 2080163.000000
CCGT filtered : 1211815.000000
time : 5.465444
