Parameters: GAD=1 vflib=1 dir=0 label=0 lowerbound=1 fileNameGp=../graphsdb/mcs70/m2D/m2Dr2/mcs70_m2Dr2_s35.A16 fileNameGt=../graphsdb/mcs70/m2D/m2Dr2/mcs70_m2Dr2_s35.B16
Reading graphs...
35 :  65
35 :  65
Initializing...
maxdom : 35
D->valSize : 1225
Solving...
currentSize : 14 <-- 0.020662 s
currentSize : 15 <-- 0.020773 s
currentSize : 16 <-- 0.020794 s
currentSize : 17 <-- 0.021460 s
currentSize : 18 <-- 0.021693 s
currentSize : 20 <-- 0.021880 s
currentSize : 21 <-- 0.022007 s
currentSize : 22 <-- 0.022369 s
currentSize : 23 <-- 0.043198 s
currentSize : 24 <-- 6.586469 s
currentSize : 25 <-- 134.112305 s

maxsize : 25
nodes : 50556432.000000
filtered : 1542418654.000000
CCGP filtered : 232230830.000000
CCGT filtered : 173617467.000000
time : 550.538513
