Parameters: GAD=1 vflib=1 dir=0 label=0 lowerbound=1 fileNameGp=../graphsdb/mcs70/bvg/b06m/mcs70_b06m_s35.A69 fileNameGt=../graphsdb/mcs70/bvg/b06m/mcs70_b06m_s35.B69
Reading graphs...
35 :  102
35 :  103
Initializing...
maxdom : 35
D->valSize : 1225
Solving...
currentSize : 12 <-- 0.019708 s
currentSize : 16 <-- 0.019760 s
currentSize : 17 <-- 0.021080 s
currentSize : 18 <-- 0.042989 s
currentSize : 19 <-- 0.160402 s
currentSize : 20 <-- 2.434840 s
currentSize : 21 <-- 748.249756 s
currentSize : 23 <-- 778.615845 s
currentSize : 24 <-- 778.616089 s
currentSize : 25 <-- 778.616516 s

maxsize : 25
nodes : 71355263.000000
filtered : 1938311760.000000
CCGP filtered : 225516289.000000
CCGT filtered : 151613885.000000
time : 807.282837
