Parameters: GAD=1 vflib=1 dir=0 label=0 lowerbound=1 fileNameGp=../graphsdb/mcs70/rand/r005/mcs70_r005_s35.A50 fileNameGt=../graphsdb/mcs70/rand/r005/mcs70_r005_s35.B50
Reading graphs...
35 :  57
35 :  57
Initializing...
maxdom : 35
D->valSize : 1225
Solving...
currentSize : 16 <-- 0.021574 s
currentSize : 17 <-- 0.021755 s
currentSize : 18 <-- 0.023337 s
currentSize : 19 <-- 0.027570 s
currentSize : 20 <-- 0.032784 s
currentSize : 21 <-- 0.058992 s
currentSize : 22 <-- 0.078967 s
currentSize : 23 <-- 0.258337 s
currentSize : 24 <-- 0.259360 s
currentSize : 25 <-- 61.564457 s

maxsize : 25
nodes : 7655176.000000
filtered : 225278438.000000
CCGP filtered : 136029263.000000
CCGT filtered : 66528545.000000
time : 85.569061
