Parameters: GAD=1 vflib=1 dir=0 label=0 lowerbound=1 fileNameGp=../graphsdb/mcs70/bvg/b03m/mcs70_b03m_s35.A90 fileNameGt=../graphsdb/mcs70/bvg/b03m/mcs70_b03m_s35.B90
Reading graphs...
35 :  51
35 :  51
Initializing...
maxdom : 35
D->valSize : 1225
Solving...
currentSize : 17 <-- 0.021071 s
currentSize : 18 <-- 0.021348 s
currentSize : 19 <-- 0.021377 s
currentSize : 20 <-- 0.035189 s
currentSize : 21 <-- 0.058010 s
currentSize : 22 <-- 0.073638 s
currentSize : 23 <-- 0.075030 s
currentSize : 24 <-- 0.254508 s
currentSize : 25 <-- 4.202832 s
currentSize : 26 <-- 7.720119 s

maxsize : 26
nodes : 3308493.000000
filtered : 96691856.000000
CCGP filtered : 106303859.000000
CCGT filtered : 59380414.000000
time : 39.446850
