Parameters: GAD=1 vflib=1 dir=0 label=0 lowerbound=1 fileNameGp=../graphsdb/mcs70/rand/r005/mcs70_r005_s30.A81 fileNameGt=../graphsdb/mcs70/rand/r005/mcs70_r005_s30.B81
Reading graphs...
30 :  42
30 :  42
Initializing...
maxdom : 30
D->valSize : 900
Solving...
currentSize : 16 <-- 0.019795 s
currentSize : 17 <-- 0.021509 s
currentSize : 18 <-- 0.108285 s
currentSize : 19 <-- 0.108323 s
currentSize : 20 <-- 0.590511 s
currentSize : 21 <-- 1.107346 s
currentSize : 22 <-- 5.039659 s
currentSize : 23 <-- 5.043939 s
currentSize : 24 <-- 5.047370 s

maxsize : 24
nodes : 688952.000000
filtered : 11416332.000000
CCGP filtered : 5627480.000000
CCGT filtered : 5258198.000000
time : 5.310585
