Parameters: GAD=1 vflib=1 dir=0 label=0 lowerbound=1 fileNameGp=../graphsdb/mcs70/m2D/m2D/mcs70_m2D_s25.A93 fileNameGt=../graphsdb/mcs70/m2D/m2D/mcs70_m2D_s25.B93
Reading graphs...
25 :  40
25 :  40
Initializing...
maxdom : 25
D->valSize : 625
Solving...
currentSize : 11 <-- 0.009136 s
currentSize : 12 <-- 0.009237 s
currentSize : 13 <-- 0.009447 s
currentSize : 14 <-- 0.009574 s
currentSize : 15 <-- 0.011748 s
currentSize : 16 <-- 0.034185 s
currentSize : 17 <-- 1.056541 s
currentSize : 18 <-- 1.640837 s
currentSize : 19 <-- 2.340972 s

maxsize : 19
nodes : 354491.000000
filtered : 5914716.000000
CCGP filtered : 2575647.000000
CCGT filtered : 1470669.000000
time : 2.691795
