Parameters: GAD=1 vflib=1 dir=0 label=0 lowerbound=1 fileNameGp=../graphsdb/mcs70/m3D/m3Dr6/mcs70_m3Dr6_s35.A73 fileNameGt=../graphsdb/mcs70/m3D/m3Dr6/mcs70_m3Dr6_s35.B73
Reading graphs...
35 :  91
35 :  88
Initializing...
maxdom : 35
D->valSize : 1225
Solving...
currentSize : 17 <-- 0.020571 s
currentSize : 18 <-- 0.020651 s
currentSize : 19 <-- 0.020883 s
currentSize : 20 <-- 0.022761 s
currentSize : 21 <-- 15.321657 s
currentSize : 22 <-- 140.292816 s
currentSize : 23 <-- 539.841492 s
currentSize : 26 <-- 539.843323 s
currentSize : 27 <-- 563.035889 s

maxsize : 27
nodes : 53870417.000000
filtered : 1395177139.000000
CCGP filtered : 93536043.000000
CCGT filtered : 83082217.000000
time : 569.356445
