Parameters: GAD=1 vflib=1 dir=0 label=0 lowerbound=1 fileNameGp=../graphsdb/mcs70/rand/r01/mcs70_r01_s35.A01 fileNameGt=../graphsdb/mcs70/rand/r01/mcs70_r01_s35.B01
Reading graphs...
35 :  113
35 :  115
Initializing...
maxdom : 35
D->valSize : 1225
Solving...
currentSize : 13 <-- 0.032973 s
currentSize : 14 <-- 0.034058 s
currentSize : 15 <-- 0.038174 s
currentSize : 16 <-- 0.064098 s
currentSize : 17 <-- 0.267307 s
currentSize : 18 <-- 0.961527 s
currentSize : 19 <-- 17.068817 s
currentSize : 20 <-- 196.024307 s
currentSize : 21 <-- 541.719360 s
currentSize : 24 <-- 541.793640 s

maxsize : 24
nodes : 54151486.000000
filtered : 1344273371.000000
CCGP filtered : 55838762.000000
CCGT filtered : 75654020.000000
time : 612.197021
