Parameters: GAD=1 vflib=1 dir=0 label=0 lowerbound=1 fileNameGp=../graphsdb/mcs70/bvg/b06/mcs70_b06_s35.A52 fileNameGt=../graphsdb/mcs70/bvg/b06/mcs70_b06_s35.B52
Reading graphs...
35 :  103
35 :  105
Initializing...
maxdom : 35
D->valSize : 1225
Solving...
currentSize : 13 <-- 0.034010 s
currentSize : 14 <-- 0.034506 s
currentSize : 15 <-- 0.037233 s
currentSize : 16 <-- 0.075956 s
currentSize : 17 <-- 0.088018 s
currentSize : 18 <-- 0.192263 s
currentSize : 19 <-- 0.649549 s
currentSize : 20 <-- 5.838074 s
currentSize : 21 <-- 40.731625 s
currentSize : 22 <-- 51.097427 s
currentSize : 23 <-- 51.660732 s
currentSize : 24 <-- 54.470737 s
currentSize : 25 <-- 64.366074 s
currentSize : 26 <-- 65.953865 s

maxsize : 26
nodes : 7348031.000000
filtered : 208842215.000000
CCGP filtered : 18917628.000000
CCGT filtered : 9316056.000000
time : 82.173187
