Parameters: GAD=1 vflib=1 dir=0 label=0 lowerbound=1 fileNameGp=../graphsdb/mcs70/m3D/m3Dr4/mcs70_m3Dr4_s35.A08 fileNameGt=../graphsdb/mcs70/m3D/m3Dr4/mcs70_m3Dr4_s35.B08
Reading graphs...
35 :  86
35 :  86
Initializing...
maxdom : 35
D->valSize : 1225
Solving...
currentSize : 14 <-- 0.021033 s
currentSize : 15 <-- 0.021401 s
currentSize : 16 <-- 0.021689 s
currentSize : 17 <-- 0.021944 s
currentSize : 18 <-- 0.022364 s
currentSize : 19 <-- 0.028851 s
currentSize : 20 <-- 0.191796 s
currentSize : 21 <-- 8.207446 s
currentSize : 22 <-- 9.322879 s
currentSize : 23 <-- 17.866064 s
currentSize : 24 <-- 17.959284 s
currentSize : 25 <-- 18.004463 s
currentSize : 28 <-- 18.004593 s

maxsize : 28
nodes : 2291043.000000
filtered : 60346498.000000
CCGP filtered : 5152427.000000
CCGT filtered : 2780780.000000
time : 23.056826
