Parameters: GAD=1 vflib=1 dir=0 label=0 lowerbound=1 fileNameGp=../graphsdb/mcs70/bvg/b06m/mcs70_b06m_s35.A46 fileNameGt=../graphsdb/mcs70/bvg/b06m/mcs70_b06m_s35.B46
Reading graphs...
35 :  99
35 :  100
Initializing...
maxdom : 35
D->valSize : 1225
Solving...
currentSize : 12 <-- 0.033863 s
currentSize : 13 <-- 0.033931 s
currentSize : 14 <-- 0.034024 s
currentSize : 16 <-- 0.035641 s
currentSize : 17 <-- 0.070933 s
currentSize : 18 <-- 0.439994 s
currentSize : 19 <-- 5.761139 s
currentSize : 20 <-- 24.389435 s
currentSize : 21 <-- 115.864609 s
currentSize : 22 <-- 247.128326 s
currentSize : 23 <-- 248.195786 s
currentSize : 24 <-- 249.739120 s
currentSize : 25 <-- 272.848022 s

maxsize : 25
nodes : 28009479.000000
filtered : 835819816.000000
CCGP filtered : 68797805.000000
CCGT filtered : 41901198.000000
time : 314.548767
