Parameters: GAD=1 vflib=1 dir=0 label=0 lowerbound=1 fileNameGp=../graphsdb/mcs70/bvg/b06m/mcs70_b06m_s35.A51 fileNameGt=../graphsdb/mcs70/bvg/b06m/mcs70_b06m_s35.B51
Reading graphs...
35 :  103
35 :  102
Initializing...
maxdom : 35
D->valSize : 1225
Solving...
currentSize : 14 <-- 0.024893 s
currentSize : 15 <-- 0.025073 s
currentSize : 17 <-- 0.026155 s
currentSize : 18 <-- 0.026210 s
currentSize : 19 <-- 0.184636 s
currentSize : 20 <-- 8.006307 s
currentSize : 21 <-- 292.621185 s
currentSize : 22 <-- 321.251038 s
currentSize : 23 <-- 396.310852 s
currentSize : 24 <-- 412.248047 s
currentSize : 25 <-- 412.252472 s

maxsize : 25
nodes : 40143806.000000
filtered : 1162780751.000000
CCGP filtered : 113423419.000000
CCGT filtered : 74254830.000000
time : 441.269409
