Parameters: GAD=1 vflib=1 dir=0 label=0 lowerbound=1 fileNameGp=../graphsdb/mcs70/bvg/b03/mcs70_b03_s35.A61 fileNameGt=../graphsdb/mcs70/bvg/b03/mcs70_b03_s35.B61
Reading graphs...
35 :  52
35 :  52
Initializing...
maxdom : 35
D->valSize : 1225
Solving...
currentSize : 20 <-- 0.021063 s
currentSize : 21 <-- 0.021237 s
currentSize : 22 <-- 0.021755 s
currentSize : 23 <-- 0.021971 s
currentSize : 24 <-- 0.028377 s
currentSize : 25 <-- 0.097395 s
currentSize : 26 <-- 0.097496 s
currentSize : 27 <-- 0.265540 s
currentSize : 28 <-- 1.073806 s

maxsize : 28
nodes : 588520.000000
filtered : 19017318.000000
CCGP filtered : 16904147.000000
CCGT filtered : 6728161.000000
time : 6.910675
