Parameters: GAD=1 vflib=1 dir=0 label=0 lowerbound=1 fileNameGp=../graphsdb/mcs70/m3D/m3Dr2/mcs70_m3Dr2_s35.A66 fileNameGt=../graphsdb/mcs70/m3D/m3Dr2/mcs70_m3Dr2_s35.B66
Reading graphs...
35 :  78
35 :  79
Initializing...
maxdom : 35
D->valSize : 1225
Solving...
currentSize : 16 <-- 0.020023 s
currentSize : 17 <-- 0.020551 s
currentSize : 18 <-- 0.020784 s
currentSize : 19 <-- 0.021135 s
currentSize : 20 <-- 0.158442 s
currentSize : 21 <-- 0.170434 s
currentSize : 23 <-- 3.149761 s
currentSize : 25 <-- 47.715305 s
currentSize : 28 <-- 48.078621 s

maxsize : 28
nodes : 5490989.000000
filtered : 152616379.000000
CCGP filtered : 10164094.000000
CCGT filtered : 5978745.000000
time : 56.656467
