Parameters: GAD=1 vflib=1 dir=0 label=0 lowerbound=1 fileNameGp=../graphsdb/mcs70/rand/r01/mcs70_r01_s30.A12 fileNameGt=../graphsdb/mcs70/rand/r01/mcs70_r01_s30.B12
Reading graphs...
30 :  82
30 :  83
Initializing...
maxdom : 30
D->valSize : 900
Solving...
currentSize : 9 <-- 0.010455 s
currentSize : 10 <-- 0.010505 s
currentSize : 11 <-- 0.010518 s
currentSize : 12 <-- 0.010632 s
currentSize : 13 <-- 0.011089 s
currentSize : 14 <-- 0.011857 s
currentSize : 16 <-- 0.015703 s
currentSize : 17 <-- 0.042235 s
currentSize : 18 <-- 4.978099 s
currentSize : 19 <-- 80.148209 s
currentSize : 21 <-- 110.943336 s

maxsize : 21
nodes : 12309354.000000
filtered : 284511002.000000
CCGP filtered : 9343786.000000
CCGT filtered : 14233909.000000
time : 115.929466
