Parameters: GAD=1 vflib=1 dir=0 label=0 lowerbound=1 fileNameGp=../graphsdb/mcs70/bvg/b09m/mcs70_b09m_s35.A30 fileNameGt=../graphsdb/mcs70/bvg/b09m/mcs70_b09m_s35.B30
Reading graphs...
35 :  155
35 :  154
Initializing...
maxdom : 35
D->valSize : 1225
Solving...
currentSize : 13 <-- 0.023338 s
currentSize : 14 <-- 0.023696 s
currentSize : 15 <-- 0.028978 s
currentSize : 16 <-- 0.515886 s
currentSize : 17 <-- 2.802282 s
currentSize : 18 <-- 140.995026 s
currentSize : 19 <-- 775.197693 s
currentSize : 22 <-- 775.204163 s
currentSize : 25 <-- 775.205200 s

maxsize : 25
nodes : 68843424.000000
filtered : 1380378628.000000
CCGP filtered : 41924597.000000
CCGT filtered : 19723681.000000
time : 790.960022
