Parameters: GAD=1 vflib=1 dir=0 label=0 lowerbound=1 fileNameGp=../graphsdb/mcs70/rand/r005/mcs70_r005_s35.A02 fileNameGt=../graphsdb/mcs70/rand/r005/mcs70_r005_s35.B02
Reading graphs...
35 :  57
35 :  56
Initializing...
maxdom : 35
D->valSize : 1225
Solving...
currentSize : 15 <-- 0.036362 s
currentSize : 18 <-- 0.036517 s
currentSize : 19 <-- 0.041996 s
currentSize : 20 <-- 0.049891 s
currentSize : 21 <-- 0.050429 s
currentSize : 22 <-- 0.051126 s
currentSize : 23 <-- 1.501438 s
currentSize : 24 <-- 7.141964 s
currentSize : 25 <-- 17.901943 s

maxsize : 25
nodes : 7657917.000000
filtered : 230926712.000000
CCGP filtered : 138860419.000000
CCGT filtered : 132253057.000000
time : 93.220673
