Parameters: GAD=1 vflib=1 dir=0 label=0 lowerbound=1 fileNameGp=../graphsdb/mcs70/bvg/b06m/mcs70_b06m_s35.A54 fileNameGt=../graphsdb/mcs70/bvg/b06m/mcs70_b06m_s35.B54
Reading graphs...
35 :  101
35 :  99
Initializing...
maxdom : 35
D->valSize : 1225
Solving...
currentSize : 13 <-- 0.020087 s
currentSize : 14 <-- 0.020249 s
currentSize : 15 <-- 0.020279 s
currentSize : 16 <-- 0.022643 s
currentSize : 17 <-- 0.101041 s
currentSize : 18 <-- 1.080637 s
currentSize : 19 <-- 3.308064 s
currentSize : 20 <-- 158.499420 s
currentSize : 21 <-- 668.169556 s
currentSize : 22 <-- 668.216980 s
currentSize : 24 <-- 743.380432 s

maxsize : 24
nodes : 70191804.000000
filtered : 1894241927.000000
CCGP filtered : 250769398.000000
CCGT filtered : 229179558.000000
time : 805.491821
