Parameters: GAD=1 vflib=1 dir=0 label=0 lowerbound=1 fileNameGp=../graphsdb/mcs70/bvg/b09/mcs70_b09_s30.A41 fileNameGt=../graphsdb/mcs70/bvg/b09/mcs70_b09_s30.B41
Reading graphs...
30 :  131
30 :  133
Initializing...
maxdom : 30
D->valSize : 900
Solving...
currentSize : 11 <-- 0.009756 s
currentSize : 12 <-- 0.009818 s
currentSize : 13 <-- 0.013970 s
currentSize : 14 <-- 0.026061 s
currentSize : 16 <-- 0.138512 s
currentSize : 18 <-- 0.138638 s
currentSize : 19 <-- 0.154370 s
currentSize : 20 <-- 5.009493 s
currentSize : 21 <-- 6.920977 s

maxsize : 21
nodes : 1052074.000000
filtered : 36370681.000000
CCGP filtered : 73028.000000
CCGT filtered : 53836.000000
time : 11.727040
