Parameters: GAD=1 vflib=1 dir=0 label=0 lowerbound=1 fileNameGp=../graphsdb/mcs70/m3D/m3Dr2/mcs70_m3Dr2_s35.A01 fileNameGt=../graphsdb/mcs70/m3D/m3Dr2/mcs70_m3Dr2_s35.B01
Reading graphs...
35 :  79
35 :  78
Initializing...
maxdom : 35
D->valSize : 1225
Solving...
currentSize : 17 <-- 0.035089 s
currentSize : 18 <-- 0.036255 s
currentSize : 19 <-- 0.036426 s
currentSize : 20 <-- 0.050608 s
currentSize : 21 <-- 0.130829 s
currentSize : 22 <-- 29.933619 s
currentSize : 23 <-- 115.013031 s
currentSize : 24 <-- 135.777466 s
currentSize : 25 <-- 252.243454 s
currentSize : 28 <-- 414.236084 s

maxsize : 28
nodes : 39203047.000000
filtered : 1132074418.000000
CCGP filtered : 56225020.000000
CCGT filtered : 40126677.000000
time : 416.443909
