Parameters: GAD=1 vflib=1 dir=0 label=0 lowerbound=1 fileNameGp=../graphsdb/mcs70/m4D/m4Dr2/mcs70_m4Dr2_s25.A69 fileNameGt=../graphsdb/mcs70/m4D/m4Dr2/mcs70_m4Dr2_s25.B69
Reading graphs...
25 :  52
25 :  52
Initializing...
maxdom : 25
D->valSize : 625
Solving...
currentSize : 9 <-- 0.005049 s
currentSize : 10 <-- 0.005406 s
currentSize : 11 <-- 0.005850 s
currentSize : 12 <-- 0.006846 s
currentSize : 13 <-- 0.007111 s
currentSize : 14 <-- 0.008015 s
currentSize : 15 <-- 0.022854 s
currentSize : 16 <-- 0.262182 s
currentSize : 17 <-- 0.448539 s
currentSize : 18 <-- 0.833570 s

maxsize : 18
nodes : 172757.000000
filtered : 4245489.000000
CCGP filtered : 1603353.000000
CCGT filtered : 963835.000000
time : 1.538014
