Parameters: GAD=1 vflib=1 dir=0 label=0 lowerbound=1 fileNameGp=../graphsdb/mcs70/m2D/m2D/mcs70_m2D_s35.A87 fileNameGt=../graphsdb/mcs70/m2D/m2D/mcs70_m2D_s35.B87
Reading graphs...
35 :  58
35 :  58
Initializing...
maxdom : 35
D->valSize : 1225
Solving...
currentSize : 16 <-- 0.036385 s
currentSize : 17 <-- 0.036491 s
currentSize : 18 <-- 0.036809 s
currentSize : 20 <-- 0.037583 s
currentSize : 21 <-- 0.038426 s
currentSize : 22 <-- 0.041136 s
currentSize : 23 <-- 0.181012 s
currentSize : 24 <-- 2.567044 s
currentSize : 25 <-- 32.890572 s
currentSize : 26 <-- 42.253464 s
currentSize : 27 <-- 61.702091 s
currentSize : 28 <-- 62.020542 s

maxsize : 28
nodes : 6553397.000000
filtered : 182910263.000000
CCGP filtered : 99774890.000000
CCGT filtered : 39130325.000000
time : 69.698021
