Parameters: GAD=1 vflib=1 dir=0 label=0 lowerbound=1 fileNameGp=../graphsdb/mcs70/bvg/b03/mcs70_b03_s30.A31 fileNameGt=../graphsdb/mcs70/bvg/b03/mcs70_b03_s30.B31
Reading graphs...
30 :  45
30 :  44
Initializing...
maxdom : 30
D->valSize : 900
Solving...
currentSize : 15 <-- 0.019425 s
currentSize : 16 <-- 0.019463 s
currentSize : 17 <-- 0.019708 s
currentSize : 18 <-- 0.019985 s
currentSize : 19 <-- 0.022503 s
currentSize : 20 <-- 0.027881 s
currentSize : 21 <-- 0.047720 s
currentSize : 22 <-- 0.047902 s
currentSize : 24 <-- 0.103197 s
currentSize : 26 <-- 0.531518 s

maxsize : 26
nodes : 56083.000000
filtered : 1513282.000000
CCGP filtered : 822630.000000
CCGT filtered : 416861.000000
time : 0.655579
