Parameters: GAD=1 vflib=1 dir=0 label=0 lowerbound=1 fileNameGp=../graphsdb/mcs70/bvg/b09/mcs70_b09_s30.A71 fileNameGt=../graphsdb/mcs70/bvg/b09/mcs70_b09_s30.B71
Reading graphs...
30 :  132
30 :  133
Initializing...
maxdom : 30
D->valSize : 900
Solving...
currentSize : 12 <-- 0.009723 s
currentSize : 13 <-- 0.024907 s
currentSize : 14 <-- 0.087587 s
currentSize : 15 <-- 0.087680 s
currentSize : 16 <-- 0.087985 s
currentSize : 17 <-- 0.089680 s
currentSize : 19 <-- 0.252060 s
currentSize : 20 <-- 0.252597 s
currentSize : 21 <-- 1.932056 s

maxsize : 21
nodes : 924088.000000
filtered : 29707056.000000
CCGP filtered : 59770.000000
CCGT filtered : 16248.000000
time : 10.072439
