Parameters: GAD=1 vflib=1 dir=0 label=0 lowerbound=1 fileNameGp=../graphsdb/mcs70/m2D/m2Dr6/m2Dr6/mcs70_m2Dr6_s35.A66 fileNameGt=../graphsdb/mcs70/m2D/m2Dr6/m2Dr6/mcs70_m2Dr6_s35.B66
Reading graphs...
35 :  77
35 :  76
Initializing...
maxdom : 35
D->valSize : 1225
Solving...
currentSize : 14 <-- 0.019897 s
currentSize : 15 <-- 0.020037 s
currentSize : 16 <-- 0.020339 s
currentSize : 17 <-- 0.020994 s
currentSize : 18 <-- 0.036226 s
currentSize : 19 <-- 0.042631 s
currentSize : 20 <-- 0.342744 s
currentSize : 21 <-- 1.574961 s
currentSize : 22 <-- 13.622827 s
currentSize : 23 <-- 101.207550 s
currentSize : 26 <-- 142.266830 s

maxsize : 26
nodes : 14115774.000000
filtered : 410776357.000000
CCGP filtered : 88141362.000000
CCGT filtered : 61252457.000000
time : 156.838028
