Parameters: GAD=1 vflib=1 dir=0 label=0 lowerbound=1 fileNameGp=../graphsdb/mcs70/bvg/b09m/mcs70_b09m_s30.A53 fileNameGt=../graphsdb/mcs70/bvg/b09m/mcs70_b09m_s30.B53
Reading graphs...
30 :  127
30 :  129
Initializing...
maxdom : 30
D->valSize : 900
Solving...
currentSize : 11 <-- 0.016324 s
currentSize : 12 <-- 0.016391 s
currentSize : 13 <-- 0.017209 s
currentSize : 14 <-- 0.023818 s
currentSize : 15 <-- 0.910984 s
currentSize : 16 <-- 43.353760 s
currentSize : 17 <-- 43.390038 s
currentSize : 18 <-- 44.987972 s
currentSize : 19 <-- 59.238686 s
currentSize : 20 <-- 79.711250 s

maxsize : 20
nodes : 8369941.000000
filtered : 175885723.000000
CCGP filtered : 1094935.000000
CCGT filtered : 1072719.000000
time : 83.992188
