Parameters: GAD=1 vflib=1 dir=0 label=0 lowerbound=1 fileNameGp=../graphsdb/mcs70/bvg/b06/mcs70_b06_s30.A55 fileNameGt=../graphsdb/mcs70/bvg/b06/mcs70_b06_s30.B55
Reading graphs...
30 :  90
30 :  90
Initializing...
maxdom : 30
D->valSize : 900
Solving...
currentSize : 11 <-- 0.010285 s
currentSize : 12 <-- 0.010475 s
currentSize : 13 <-- 0.011206 s
currentSize : 17 <-- 0.015346 s
currentSize : 18 <-- 0.015431 s
currentSize : 19 <-- 0.027179 s
currentSize : 20 <-- 0.085101 s
currentSize : 22 <-- 0.088400 s
currentSize : 23 <-- 0.460172 s

maxsize : 23
nodes : 244328.000000
filtered : 9098636.000000
CCGP filtered : 226504.000000
CCGT filtered : 40993.000000
time : 2.696460
