Parameters: GAD=1 vflib=1 dir=0 label=0 lowerbound=1 fileNameGp=../graphsdb/mcs70/bvg/b06m/mcs70_b06m_s35.A29 fileNameGt=../graphsdb/mcs70/bvg/b06m/mcs70_b06m_s35.B29
Reading graphs...
35 :  102
35 :  103
Initializing...
maxdom : 35
D->valSize : 1225
Solving...
currentSize : 14 <-- 0.019782 s
currentSize : 15 <-- 0.019848 s
currentSize : 16 <-- 0.026072 s
currentSize : 17 <-- 0.028007 s
currentSize : 18 <-- 0.108265 s
currentSize : 19 <-- 0.650200 s
currentSize : 20 <-- 5.987745 s
currentSize : 21 <-- 16.463787 s
currentSize : 22 <-- 68.194916 s
currentSize : 24 <-- 68.195824 s

maxsize : 24
nodes : 12482435.000000
filtered : 489298044.000000
CCGP filtered : 39864975.000000
CCGT filtered : 27509466.000000
time : 152.790436
