Parameters: GAD=1 vflib=1 dir=0 label=0 lowerbound=1 fileNameGp=../graphsdb/mcs70/bvg/b06m/mcs70_b06m_s35.A61 fileNameGt=../graphsdb/mcs70/bvg/b06m/mcs70_b06m_s35.B61
Reading graphs...
35 :  100
35 :  104
Initializing...
maxdom : 35
D->valSize : 1225
Solving...
currentSize : 13 <-- 0.019836 s
currentSize : 15 <-- 0.019890 s
currentSize : 16 <-- 0.019933 s
currentSize : 17 <-- 0.023433 s
currentSize : 18 <-- 1.112186 s
currentSize : 19 <-- 7.273479 s
currentSize : 20 <-- 42.630177 s
currentSize : 21 <-- 417.034210 s
currentSize : 22 <-- 516.143616 s
currentSize : 24 <-- 516.175171 s

maxsize : 24
nodes : 52476828.000000
filtered : 1418174744.000000
CCGP filtered : 113140767.000000
CCGT filtered : 100930456.000000
time : 587.109253
