Parameters: GAD=1 vflib=1 dir=0 label=0 lowerbound=1 fileNameGp=../graphsdb/mcs70/rand/r005/mcs70_r005_s30.A04 fileNameGt=../graphsdb/mcs70/rand/r005/mcs70_r005_s30.B04
Reading graphs...
30 :  41
30 :  42
Initializing...
maxdom : 30
D->valSize : 900
Solving...
currentSize : 15 <-- 0.011205 s
currentSize : 16 <-- 0.011315 s
currentSize : 17 <-- 0.013354 s
currentSize : 18 <-- 0.014152 s
currentSize : 19 <-- 0.023275 s
currentSize : 20 <-- 0.082896 s
currentSize : 21 <-- 0.546538 s
currentSize : 22 <-- 3.562756 s
currentSize : 23 <-- 10.539705 s

maxsize : 23
nodes : 1433472.000000
filtered : 30028293.000000
CCGP filtered : 16307968.000000
CCGT filtered : 8083183.000000
time : 12.144742
