Parameters: GAD=1 vflib=1 dir=0 label=0 lowerbound=1 fileNameGp=../graphsdb/mcs70/bvg/b06m/mcs70_b06m_s30.A70 fileNameGt=../graphsdb/mcs70/bvg/b06m/mcs70_b06m_s30.B70
Reading graphs...
30 :  89
30 :  89
Initializing...
maxdom : 30
D->valSize : 900
Solving...
currentSize : 12 <-- 0.010181 s
currentSize : 13 <-- 0.010217 s
currentSize : 14 <-- 0.011912 s
currentSize : 15 <-- 0.033274 s
currentSize : 16 <-- 0.169340 s
currentSize : 17 <-- 0.380721 s
currentSize : 18 <-- 42.568245 s
currentSize : 19 <-- 46.412186 s
currentSize : 22 <-- 57.195057 s
currentSize : 23 <-- 57.195156 s

maxsize : 23
nodes : 6052417.000000
filtered : 137274228.000000
CCGP filtered : 10481894.000000
CCGT filtered : 5999171.000000
time : 58.317497
