Parameters: GAD=1 vflib=1 dir=0 label=0 lowerbound=1 fileNameGp=../graphsdb/mcs70/rand/r01/mcs70_r01_s35.A06 fileNameGt=../graphsdb/mcs70/rand/r01/mcs70_r01_s35.B06
Reading graphs...
35 :  108
35 :  110
Initializing...
maxdom : 35
D->valSize : 1225
Solving...
currentSize : 13 <-- 0.019541 s
currentSize : 14 <-- 0.019576 s
currentSize : 15 <-- 0.019782 s
currentSize : 16 <-- 0.022700 s
currentSize : 17 <-- 0.066695 s
currentSize : 18 <-- 0.380715 s
currentSize : 19 <-- 4.508682 s
currentSize : 20 <-- 221.678345 s
currentSize : 21 <-- 464.649048 s
currentSize : 22 <-- 465.107269 s
currentSize : 24 <-- 516.051880 s

maxsize : 24
nodes : 51478887.000000
filtered : 1386381659.000000
CCGP filtered : 93855719.000000
CCGT filtered : 108783410.000000
time : 581.034729
