Parameters: GAD=1 vflib=1 dir=0 label=0 lowerbound=1 fileNameGp=../graphsdb/mcs70/m2D/m2D/mcs70_m2D_s35.A61 fileNameGt=../graphsdb/mcs70/m2D/m2D/mcs70_m2D_s35.B61
Reading graphs...
35 :  57
35 :  58
Initializing...
maxdom : 35
D->valSize : 1225
Solving...
currentSize : 15 <-- 0.036063 s
currentSize : 18 <-- 0.036393 s
currentSize : 20 <-- 0.036658 s
currentSize : 21 <-- 0.036758 s
currentSize : 22 <-- 0.065450 s
currentSize : 23 <-- 0.084998 s
currentSize : 24 <-- 1.216355 s
currentSize : 25 <-- 1.250652 s
currentSize : 27 <-- 10.394543 s

maxsize : 27
nodes : 3087300.000000
filtered : 110099052.000000
CCGP filtered : 47606829.000000
CCGT filtered : 21229145.000000
time : 36.556919
