Parameters: GAD=1 vflib=1 dir=0 label=0 lowerbound=1 fileNameGp=../graphsdb/mcs70/bvg/b06m/mcs70_b06m_s35.A00 fileNameGt=../graphsdb/mcs70/bvg/b06m/mcs70_b06m_s35.B00
Reading graphs...
35 :  102
35 :  101
Initializing...
maxdom : 35
D->valSize : 1225
Solving...
currentSize : 11 <-- 0.033695 s
currentSize : 13 <-- 0.033745 s
currentSize : 14 <-- 0.033899 s
currentSize : 15 <-- 0.035445 s
currentSize : 16 <-- 0.072866 s
currentSize : 17 <-- 0.120464 s
currentSize : 18 <-- 0.264590 s
currentSize : 19 <-- 1.097098 s
currentSize : 20 <-- 12.303176 s
currentSize : 21 <-- 530.461548 s
currentSize : 22 <-- 550.428772 s
currentSize : 23 <-- 550.429016 s
currentSize : 24 <-- 586.229797 s
currentSize : 26 <-- 596.199524 s

maxsize : 26
nodes : 54984121.000000
filtered : 1433310791.000000
CCGP filtered : 162296975.000000
CCGT filtered : 147043372.000000
time : 607.455139
