Parameters: GAD=1 vflib=1 dir=0 label=0 lowerbound=1 fileNameGp=../graphsdb/mcs70/m3D/m3Dr6/mcs70_m3Dr6_s35.A29 fileNameGt=../graphsdb/mcs70/m3D/m3Dr6/mcs70_m3Dr6_s35.B29
Reading graphs...
35 :  92
35 :  90
Initializing...
maxdom : 35
D->valSize : 1225
Solving...
currentSize : 16 <-- 0.034311 s
currentSize : 17 <-- 0.034532 s
currentSize : 18 <-- 0.035530 s
currentSize : 19 <-- 0.092990 s
currentSize : 20 <-- 1.072523 s
currentSize : 21 <-- 11.967162 s
currentSize : 22 <-- 194.018295 s
currentSize : 23 <-- 199.097717 s
currentSize : 27 <-- 199.105469 s

maxsize : 27
nodes : 20480353.000000
filtered : 500923879.000000
CCGP filtered : 26390215.000000
CCGT filtered : 24027855.000000
time : 217.314972
