Parameters: GAD=1 vflib=1 dir=0 label=0 lowerbound=1 fileNameGp=../graphsdb/mcs70/bvg/b03m/mcs70_b03m_s25.A93 fileNameGt=../graphsdb/mcs70/bvg/b03m/mcs70_b03m_s25.B93
Reading graphs...
25 :  37
25 :  37
Initializing...
maxdom : 25
D->valSize : 625
Solving...
currentSize : 11 <-- 0.009320 s
currentSize : 12 <-- 0.009452 s
currentSize : 13 <-- 0.009977 s
currentSize : 14 <-- 0.010198 s
currentSize : 15 <-- 0.010254 s
currentSize : 16 <-- 0.054072 s
currentSize : 17 <-- 0.075448 s
currentSize : 18 <-- 0.125006 s
currentSize : 19 <-- 0.467990 s
currentSize : 20 <-- 0.468140 s

maxsize : 20
nodes : 72429.000000
filtered : 1473296.000000
CCGP filtered : 808767.000000
CCGT filtered : 391200.000000
time : 0.598708
