Parameters: GAD=1 vflib=1 dir=0 label=0 lowerbound=1 fileNameGp=../graphsdb/mcs70/m3D/m3Dr6/mcs70_m3Dr6_s35.A63 fileNameGt=../graphsdb/mcs70/m3D/m3Dr6/mcs70_m3Dr6_s35.B63
Reading graphs...
35 :  91
35 :  88
Initializing...
maxdom : 35
D->valSize : 1225
Solving...
currentSize : 14 <-- 0.034373 s
currentSize : 15 <-- 0.034545 s
currentSize : 16 <-- 0.034670 s
currentSize : 17 <-- 0.034818 s
currentSize : 18 <-- 0.035580 s
currentSize : 19 <-- 0.098830 s
currentSize : 20 <-- 0.435635 s
currentSize : 21 <-- 23.414389 s
currentSize : 22 <-- 169.874832 s
currentSize : 23 <-- 368.199615 s
currentSize : 27 <-- 413.798248 s

maxsize : 27
nodes : 39695479.000000
filtered : 1002867618.000000
CCGP filtered : 26645031.000000
CCGT filtered : 56433882.000000
time : 423.216644
