Parameters: GAD=1 vflib=1 dir=0 label=0 lowerbound=1 fileNameGp=../graphsdb/mcs70/bvg/b09/mcs70_b09_s35.A65 fileNameGt=../graphsdb/mcs70/bvg/b09/mcs70_b09_s35.B65
Reading graphs...
35 :  153
35 :  156
Initializing...
maxdom : 35
D->valSize : 1225
Solving...
currentSize : 11 <-- 0.031335 s
currentSize : 12 <-- 0.031664 s
currentSize : 13 <-- 0.067741 s
currentSize : 14 <-- 0.102508 s
currentSize : 15 <-- 0.201131 s
currentSize : 19 <-- 0.888065 s
currentSize : 20 <-- 0.888176 s
currentSize : 22 <-- 0.890214 s
currentSize : 24 <-- 0.890394 s
currentSize : 25 <-- 20.036066 s

maxsize : 25
nodes : 2910305.000000
filtered : 122965597.000000
CCGP filtered : 307862.000000
CCGT filtered : 516711.000000
time : 38.391624
