Parameters: GAD=1 vflib=1 dir=0 label=0 lowerbound=1 fileNameGp=../graphsdb/mcs70/m2D/m2Dr4/mcs70_m2Dr4_s35.A13 fileNameGt=../graphsdb/mcs70/m2D/m2Dr4/mcs70_m2Dr4_s35.B13
Reading graphs...
35 :  71
35 :  72
Initializing...
maxdom : 35
D->valSize : 1225
Solving...
currentSize : 16 <-- 0.024181 s
currentSize : 17 <-- 0.024308 s
currentSize : 18 <-- 0.027470 s
currentSize : 19 <-- 0.031681 s
currentSize : 20 <-- 0.185446 s
currentSize : 21 <-- 0.232297 s
currentSize : 22 <-- 3.425503 s
currentSize : 23 <-- 155.429276 s
currentSize : 24 <-- 228.992676 s
currentSize : 26 <-- 229.065781 s

maxsize : 26
nodes : 24841661.000000
filtered : 655071888.000000
CCGP filtered : 167466998.000000
CCGT filtered : 116395248.000000
time : 270.610535
