Parameters: GAD=1 vflib=1 dir=0 label=0 lowerbound=1 fileNameGp=../graphsdb/mcs70/rand/r005/mcs70_r005_s30.A71 fileNameGt=../graphsdb/mcs70/rand/r005/mcs70_r005_s30.B71
Reading graphs...
30 :  42
30 :  42
Initializing...
maxdom : 30
D->valSize : 900
Solving...
currentSize : 10 <-- 0.019597 s
currentSize : 12 <-- 0.019943 s
currentSize : 13 <-- 0.019970 s
currentSize : 14 <-- 0.020269 s
currentSize : 15 <-- 0.020446 s
currentSize : 16 <-- 0.022160 s
currentSize : 17 <-- 0.024477 s
currentSize : 18 <-- 0.067001 s
currentSize : 19 <-- 2.362771 s
currentSize : 20 <-- 2.527905 s
currentSize : 21 <-- 2.528099 s
currentSize : 22 <-- 2.585026 s

maxsize : 22
nodes : 832303.000000
filtered : 17968455.000000
CCGP filtered : 18555165.000000
CCGT filtered : 8140801.000000
time : 7.518859
