Parameters: GAD=1 vflib=1 dir=0 label=0 lowerbound=1 fileNameGp=../graphsdb/mcs70/bvg/b03m/mcs70_b03m_s35.A99 fileNameGt=../graphsdb/mcs70/bvg/b03m/mcs70_b03m_s35.B99
Reading graphs...
35 :  51
35 :  52
Initializing...
maxdom : 35
D->valSize : 1225
Solving...
currentSize : 17 <-- 0.036933 s
currentSize : 18 <-- 0.038743 s
currentSize : 19 <-- 0.039971 s
currentSize : 20 <-- 0.050038 s
currentSize : 21 <-- 0.100893 s
currentSize : 22 <-- 0.102632 s
currentSize : 23 <-- 0.920913 s
currentSize : 24 <-- 1.157195 s
currentSize : 25 <-- 18.675247 s

maxsize : 25
nodes : 10223684.000000
filtered : 250454504.000000
CCGP filtered : 158668453.000000
CCGT filtered : 131414072.000000
time : 108.282761
