Parameters: GAD=1 vflib=1 dir=0 label=0 lowerbound=1 fileNameGp=../graphsdb/mcs70/rand/r01/mcs70_r01_s30.A79 fileNameGt=../graphsdb/mcs70/rand/r01/mcs70_r01_s30.B79
Reading graphs...
30 :  85
30 :  85
Initializing...
maxdom : 30
D->valSize : 900
Solving...
currentSize : 11 <-- 0.010234 s
currentSize : 12 <-- 0.010395 s
currentSize : 13 <-- 0.010568 s
currentSize : 14 <-- 0.014797 s
currentSize : 15 <-- 0.041918 s
currentSize : 16 <-- 0.055210 s
currentSize : 17 <-- 3.122390 s
currentSize : 18 <-- 27.636753 s
currentSize : 19 <-- 58.894508 s
currentSize : 20 <-- 58.894703 s
currentSize : 21 <-- 60.658588 s

maxsize : 21
nodes : 7522749.000000
filtered : 165897595.000000
CCGP filtered : 10533351.000000
CCGT filtered : 7405450.000000
time : 70.686783
