Parameters: GAD=1 vflib=1 dir=0 label=0 lowerbound=1 fileNameGp=../graphsdb/mcs70/bvg/b09/mcs70_b09_s30.A98 fileNameGt=../graphsdb/mcs70/bvg/b09/mcs70_b09_s30.B98
Reading graphs...
30 :  132
30 :  131
Initializing...
maxdom : 30
D->valSize : 900
Solving...
currentSize : 9 <-- 0.014149 s
currentSize : 11 <-- 0.014355 s
currentSize : 12 <-- 0.015970 s
currentSize : 13 <-- 0.016249 s
currentSize : 14 <-- 0.016292 s
currentSize : 15 <-- 0.053388 s
currentSize : 16 <-- 5.313623 s
currentSize : 17 <-- 5.431220 s
currentSize : 20 <-- 5.660913 s
currentSize : 21 <-- 7.907807 s

maxsize : 21
nodes : 1334460.000000
filtered : 35128117.000000
CCGP filtered : 212891.000000
CCGT filtered : 472485.000000
time : 14.578349
