Parameters: GAD=1 vflib=1 dir=0 label=0 lowerbound=1 fileNameGp=../graphsdb/mcs70/m3D/m3Dr6/mcs70_m3Dr6_s35.A05 fileNameGt=../graphsdb/mcs70/m3D/m3Dr6/mcs70_m3Dr6_s35.B05
Reading graphs...
35 :  91
35 :  89
Initializing...
maxdom : 35
D->valSize : 1225
Solving...
currentSize : 16 <-- 0.019831 s
currentSize : 17 <-- 0.020266 s
currentSize : 18 <-- 0.028243 s
currentSize : 19 <-- 0.044601 s
currentSize : 20 <-- 3.350590 s
currentSize : 21 <-- 82.868401 s
currentSize : 23 <-- 162.407547 s
currentSize : 24 <-- 276.900635 s
currentSize : 26 <-- 276.901855 s
currentSize : 27 <-- 276.901917 s

maxsize : 27
nodes : 27440023.000000
filtered : 729211940.000000
CCGP filtered : 43928458.000000
CCGT filtered : 40504337.000000
time : 296.736115
