Parameters: GAD=1 vflib=1 dir=0 label=0 lowerbound=1 fileNameGp=../graphsdb/mcs70/m3D/m3Dr6/mcs70_m3Dr6_s35.A76 fileNameGt=../graphsdb/mcs70/m3D/m3Dr6/mcs70_m3Dr6_s35.B76
Reading graphs...
35 :  93
35 :  92
Initializing...
maxdom : 35
D->valSize : 1225
Solving...
currentSize : 16 <-- 0.019746 s
currentSize : 17 <-- 0.020947 s
currentSize : 18 <-- 0.132132 s
currentSize : 19 <-- 0.737619 s
currentSize : 20 <-- 4.132596 s
currentSize : 21 <-- 10.574972 s
currentSize : 22 <-- 80.939812 s
currentSize : 26 <-- 106.132149 s
currentSize : 27 <-- 120.841751 s

maxsize : 27
nodes : 11610496.000000
filtered : 312567189.000000
CCGP filtered : 17591801.000000
CCGT filtered : 17748080.000000
time : 125.020195
