Parameters: GAD=1 vflib=1 dir=0 label=0 lowerbound=1 fileNameGp=../graphsdb/mcs70/bvg/b06/mcs70_b06_s30.A59 fileNameGt=../graphsdb/mcs70/bvg/b06/mcs70_b06_s30.B59
Reading graphs...
30 :  90
30 :  89
Initializing...
maxdom : 30
D->valSize : 900
Solving...
currentSize : 13 <-- 0.010273 s
currentSize : 14 <-- 0.014694 s
currentSize : 15 <-- 0.014781 s
currentSize : 16 <-- 0.015534 s
currentSize : 17 <-- 0.015769 s
currentSize : 18 <-- 0.016191 s
currentSize : 19 <-- 0.016875 s
currentSize : 20 <-- 0.055290 s
currentSize : 21 <-- 0.123950 s
currentSize : 22 <-- 0.123993 s
currentSize : 23 <-- 0.646734 s

maxsize : 23
nodes : 159383.000000
filtered : 6240979.000000
CCGP filtered : 282344.000000
CCGT filtered : 301248.000000
time : 1.824926
