Parameters: GAD=1 vflib=1 dir=0 label=0 lowerbound=1 fileNameGp=../graphsdb/mcs70/m3D/m3Dr2/mcs70_m3Dr2_s35.A70 fileNameGt=../graphsdb/mcs70/m3D/m3Dr2/mcs70_m3Dr2_s35.B70
Reading graphs...
35 :  78
35 :  78
Initializing...
maxdom : 35
D->valSize : 1225
Solving...
currentSize : 17 <-- 0.020286 s
currentSize : 18 <-- 0.020329 s
currentSize : 19 <-- 0.022154 s
currentSize : 21 <-- 0.132266 s
currentSize : 22 <-- 0.620137 s
currentSize : 23 <-- 83.889282 s
currentSize : 24 <-- 83.962997 s
currentSize : 25 <-- 166.373734 s
currentSize : 27 <-- 187.902725 s

maxsize : 27
nodes : 20627459.000000
filtered : 563088564.000000
CCGP filtered : 44211142.000000
CCGT filtered : 28738309.000000
time : 211.236771
