Parameters: GAD=1 vflib=1 dir=0 label=0 lowerbound=1 fileNameGp=../graphsdb/mcs70/bvg/b03/mcs70_b03_s30.A76 fileNameGt=../graphsdb/mcs70/bvg/b03/mcs70_b03_s30.B76
Reading graphs...
30 :  45
30 :  45
Initializing...
maxdom : 30
D->valSize : 900
Solving...
currentSize : 12 <-- 0.011161 s
currentSize : 13 <-- 0.011210 s
currentSize : 15 <-- 0.011288 s
currentSize : 16 <-- 0.011877 s
currentSize : 17 <-- 0.011898 s
currentSize : 18 <-- 0.012926 s
currentSize : 19 <-- 0.013332 s
currentSize : 20 <-- 0.021783 s
currentSize : 21 <-- 0.024636 s
currentSize : 22 <-- 0.275794 s
currentSize : 23 <-- 0.308674 s

maxsize : 23
nodes : 888831.000000
filtered : 22852914.000000
CCGP filtered : 14365026.000000
CCGT filtered : 6170976.000000
time : 8.393993
