Parameters: GAD=1 vflib=1 dir=0 label=0 lowerbound=1 fileNameGp=../graphsdb/mcs70/bvg/b09m/mcs70_b09m_s30.A64 fileNameGt=../graphsdb/mcs70/bvg/b09m/mcs70_b09m_s30.B64
Reading graphs...
30 :  124
30 :  127
Initializing...
maxdom : 30
D->valSize : 900
Solving...
currentSize : 10 <-- 0.016843 s
currentSize : 11 <-- 0.017114 s
currentSize : 12 <-- 0.017884 s
currentSize : 13 <-- 0.018120 s
currentSize : 14 <-- 0.063696 s
currentSize : 15 <-- 1.725701 s
currentSize : 16 <-- 12.746192 s
currentSize : 18 <-- 25.384764 s
currentSize : 19 <-- 25.385065 s
currentSize : 20 <-- 25.399744 s

maxsize : 20
nodes : 3482097.000000
filtered : 80578937.000000
CCGP filtered : 1548440.000000
CCGT filtered : 1392090.000000
time : 36.509975
