Parameters: GAD=1 vflib=1 dir=0 label=0 lowerbound=1 fileNameGp=../graphsdb/mcs70/bvg/b09/mcs70_b09_s35.A51 fileNameGt=../graphsdb/mcs70/bvg/b09/mcs70_b09_s35.B51
Reading graphs...
35 :  154
35 :  157
Initializing...
maxdom : 35
D->valSize : 1225
Solving...
currentSize : 12 <-- 0.018223 s
currentSize : 13 <-- 0.018461 s
currentSize : 14 <-- 0.019952 s
currentSize : 15 <-- 0.022051 s
currentSize : 16 <-- 0.025517 s
currentSize : 18 <-- 0.066998 s
currentSize : 19 <-- 0.067401 s
currentSize : 20 <-- 1.570783 s
currentSize : 25 <-- 2.923067 s

maxsize : 25
nodes : 2659587.000000
filtered : 109453216.000000
CCGP filtered : 282978.000000
CCGT filtered : 90249.000000
time : 34.822678
