Parameters: GAD=1 vflib=1 dir=0 label=0 lowerbound=1 fileNameGp=../graphsdb/mcs70/bvg/b03/mcs70_b03_s35.A77 fileNameGt=../graphsdb/mcs70/bvg/b03/mcs70_b03_s35.B77
Reading graphs...
35 :  52
35 :  52
Initializing...
maxdom : 35
D->valSize : 1225
Solving...
currentSize : 18 <-- 0.021363 s
currentSize : 19 <-- 0.021497 s
currentSize : 21 <-- 0.021564 s
currentSize : 22 <-- 0.021609 s
currentSize : 23 <-- 0.050589 s
currentSize : 24 <-- 0.098411 s
currentSize : 25 <-- 1.186878 s
currentSize : 26 <-- 1.189467 s
currentSize : 27 <-- 15.564353 s

maxsize : 27
nodes : 3323801.000000
filtered : 99005577.000000
CCGP filtered : 76090298.000000
CCGT filtered : 36057309.000000
time : 37.459000
