Parameters: GAD=1 vflib=1 dir=0 label=0 lowerbound=1 fileNameGp=../graphsdb/mcs70/bvg/b09/mcs70_b09_s35.A20 fileNameGt=../graphsdb/mcs70/bvg/b09/mcs70_b09_s35.B20
Reading graphs...
35 :  155
35 :  154
Initializing...
maxdom : 35
D->valSize : 1225
Solving...
currentSize : 15 <-- 0.018564 s
currentSize : 16 <-- 0.018661 s
currentSize : 17 <-- 0.019073 s
currentSize : 18 <-- 0.029970 s
currentSize : 19 <-- 0.034874 s
currentSize : 20 <-- 1.896261 s
currentSize : 21 <-- 1.896961 s
currentSize : 22 <-- 2.951077 s
currentSize : 24 <-- 2.951314 s
currentSize : 25 <-- 21.170950 s

maxsize : 25
nodes : 2873505.000000
filtered : 116698688.000000
CCGP filtered : 244095.000000
CCGT filtered : 246316.000000
time : 37.299519
