Parameters: GAD=1 vflib=1 dir=0 label=0 lowerbound=1 fileNameGp=../graphsdb/mcs70/m2D/m2D/mcs70_m2D_s35.A18 fileNameGt=../graphsdb/mcs70/m2D/m2D/mcs70_m2D_s35.B18
Reading graphs...
35 :  58
35 :  58
Initializing...
maxdom : 35
D->valSize : 1225
Solving...
currentSize : 18 <-- 0.026389 s
currentSize : 19 <-- 0.026541 s
currentSize : 20 <-- 0.026634 s
currentSize : 21 <-- 0.026950 s
currentSize : 22 <-- 0.029445 s
currentSize : 23 <-- 0.062658 s
currentSize : 24 <-- 11.640971 s
currentSize : 25 <-- 25.486189 s
currentSize : 27 <-- 40.364525 s

maxsize : 27
nodes : 6096827.000000
filtered : 166918182.000000
CCGP filtered : 55740218.000000
CCGT filtered : 32355047.000000
time : 62.741791
