Parameters: GAD=1 vflib=1 dir=0 label=0 lowerbound=1 fileNameGp=../graphsdb/mcs70/m2D/m2Dr2/mcs70_m2Dr2_s35.A09 fileNameGt=../graphsdb/mcs70/m2D/m2Dr2/mcs70_m2Dr2_s35.B09
Reading graphs...
35 :  64
35 :  65
Initializing...
maxdom : 35
D->valSize : 1225
Solving...
currentSize : 13 <-- 0.025042 s
currentSize : 14 <-- 0.025107 s
currentSize : 15 <-- 0.025177 s
currentSize : 16 <-- 0.025403 s
currentSize : 17 <-- 0.025570 s
currentSize : 18 <-- 0.025973 s
currentSize : 19 <-- 0.027317 s
currentSize : 20 <-- 0.035432 s
currentSize : 21 <-- 0.053810 s
currentSize : 22 <-- 1.255879 s
currentSize : 23 <-- 41.513268 s
currentSize : 24 <-- 67.430191 s
currentSize : 25 <-- 97.210510 s
currentSize : 26 <-- 97.211746 s
currentSize : 27 <-- 97.253632 s

maxsize : 27
nodes : 10692399.000000
filtered : 289332052.000000
CCGP filtered : 107233482.000000
CCGT filtered : 45868536.000000
time : 114.189926
