Parameters: GAD=1 vflib=1 dir=0 label=0 lowerbound=1 fileNameGp=../graphsdb/mcs70/bvg/b09m/mcs70_b09m_s35.A07 fileNameGt=../graphsdb/mcs70/bvg/b09m/mcs70_b09m_s35.B07
Reading graphs...
35 :  148
35 :  149
Initializing...
maxdom : 35
D->valSize : 1225
Solving...
currentSize : 12 <-- 0.018327 s
currentSize : 13 <-- 0.018524 s
currentSize : 14 <-- 0.018572 s
currentSize : 15 <-- 0.021301 s
currentSize : 16 <-- 0.055198 s
currentSize : 17 <-- 2.423801 s
currentSize : 18 <-- 4.943944 s
currentSize : 19 <-- 82.430313 s
currentSize : 20 <-- 647.409851 s
currentSize : 23 <-- 647.443665 s
currentSize : 24 <-- 647.443787 s

maxsize : 24
nodes : 54819589.000000
filtered : 1444394278.000000
CCGP filtered : 12487637.000000
CCGT filtered : 31747346.000000
time : 672.326050
