Parameters: GAD=1 vflib=1 dir=0 label=0 lowerbound=1 fileNameGp=../graphsdb/mcs70/m2D/m2Dr2/mcs70_m2Dr2_s35.A93 fileNameGt=../graphsdb/mcs70/m2D/m2Dr2/mcs70_m2Dr2_s35.B93
Reading graphs...
35 :  65
35 :  65
Initializing...
maxdom : 35
D->valSize : 1225
Solving...
currentSize : 18 <-- 0.021320 s
currentSize : 19 <-- 0.022972 s
currentSize : 20 <-- 0.024660 s
currentSize : 21 <-- 0.026621 s
currentSize : 22 <-- 0.114550 s
currentSize : 23 <-- 0.773231 s
currentSize : 24 <-- 21.440174 s
currentSize : 25 <-- 475.318573 s
currentSize : 26 <-- 503.760254 s

maxsize : 26
nodes : 50601771.000000
filtered : 1402563465.000000
CCGP filtered : 274278182.000000
CCGT filtered : 188777418.000000
time : 530.409424
