Parameters: GAD=1 vflib=1 dir=0 label=0 lowerbound=1 fileNameGp=../graphsdb/mcs70/rand/r01/mcs70_r01_s35.A90 fileNameGt=../graphsdb/mcs70/rand/r01/mcs70_r01_s35.B90
Reading graphs...
35 :  112
35 :  112
Initializing...
maxdom : 35
D->valSize : 1225
Solving...
currentSize : 13 <-- 0.033351 s
currentSize : 14 <-- 0.033432 s
currentSize : 15 <-- 0.033827 s
currentSize : 16 <-- 0.038126 s
currentSize : 17 <-- 0.047603 s
currentSize : 18 <-- 0.257399 s
currentSize : 19 <-- 4.508693 s
currentSize : 20 <-- 7.129866 s
currentSize : 23 <-- 79.454239 s
currentSize : 24 <-- 228.508347 s

maxsize : 24
nodes : 27374967.000000
filtered : 988539406.000000
CCGP filtered : 14365376.000000
CCGT filtered : 9629241.000000
time : 323.798645
