Parameters: GAD=1 vflib=1 dir=0 label=0 lowerbound=1 fileNameGp=../graphsdb/mcs70/bvg/b06m/mcs70_b06m_s35.A09 fileNameGt=../graphsdb/mcs70/bvg/b06m/mcs70_b06m_s35.B09
Reading graphs...
35 :  102
35 :  101
Initializing...
maxdom : 35
D->valSize : 1225
Solving...
currentSize : 15 <-- 0.033897 s
currentSize : 16 <-- 0.034066 s
currentSize : 17 <-- 0.038023 s
currentSize : 18 <-- 0.119399 s
currentSize : 19 <-- 3.070306 s
currentSize : 20 <-- 3.148018 s
currentSize : 21 <-- 69.825386 s
currentSize : 22 <-- 272.212158 s
currentSize : 23 <-- 460.770966 s
currentSize : 24 <-- 463.283447 s

maxsize : 24
nodes : 44533951.000000
filtered : 1400599612.000000
CCGP filtered : 129220307.000000
CCGT filtered : 106859765.000000
time : 511.153381
