Parameters: GAD=1 vflib=1 dir=0 label=0 lowerbound=1 fileNameGp=../graphsdb/mcs70/m2D/m2Dr6/m2Dr6/mcs70_m2Dr6_s35.A10 fileNameGt=../graphsdb/mcs70/m2D/m2Dr6/m2Dr6/mcs70_m2Dr6_s35.B10
Reading graphs...
35 :  77
35 :  77
Initializing...
maxdom : 35
D->valSize : 1225
Solving...
currentSize : 15 <-- 0.020122 s
currentSize : 18 <-- 0.020229 s
currentSize : 19 <-- 0.020705 s
currentSize : 20 <-- 0.025299 s
currentSize : 21 <-- 0.100699 s
currentSize : 22 <-- 1.375133 s
currentSize : 23 <-- 90.241905 s
currentSize : 24 <-- 107.562721 s
currentSize : 25 <-- 107.563011 s

maxsize : 25
nodes : 17095687.000000
filtered : 593729060.000000
CCGP filtered : 85173460.000000
CCGT filtered : 58338508.000000
time : 202.713669
