Parameters: GAD=1 vflib=1 dir=0 label=0 lowerbound=1 fileNameGp=../graphsdb/mcs70/rand/r005/mcs70_r005_s30.A76 fileNameGt=../graphsdb/mcs70/rand/r005/mcs70_r005_s30.B76
Reading graphs...
30 :  40
30 :  42
Initializing...
maxdom : 30
D->valSize : 900
Solving...
currentSize : 14 <-- 0.011275 s
currentSize : 15 <-- 0.011358 s
currentSize : 16 <-- 0.011600 s
currentSize : 17 <-- 0.013449 s
currentSize : 18 <-- 0.016949 s
currentSize : 19 <-- 0.063553 s
currentSize : 20 <-- 0.085764 s
currentSize : 21 <-- 0.445324 s
currentSize : 22 <-- 0.599024 s
currentSize : 23 <-- 5.490346 s

maxsize : 23
nodes : 569779.000000
filtered : 13060136.000000
CCGP filtered : 14384550.000000
CCGT filtered : 6582775.000000
time : 5.647046
