Parameters: GAD=1 vflib=1 dir=0 label=0 lowerbound=1 fileNameGp=../graphsdb/mcs70/rand/r005/mcs70_r005_s25.A78 fileNameGt=../graphsdb/mcs70/rand/r005/mcs70_r005_s25.B78
Reading graphs...
25 :  33
25 :  33
Initializing...
maxdom : 25
D->valSize : 625
Solving...
currentSize : 11 <-- 0.005660 s
currentSize : 12 <-- 0.005704 s
currentSize : 13 <-- 0.005763 s
currentSize : 14 <-- 0.006022 s
currentSize : 15 <-- 0.006534 s
currentSize : 16 <-- 0.006845 s
currentSize : 17 <-- 0.012248 s
currentSize : 18 <-- 0.016442 s
currentSize : 19 <-- 0.027113 s

maxsize : 19
nodes : 37037.000000
filtered : 797458.000000
CCGP filtered : 865437.000000
CCGT filtered : 575488.000000
time : 0.320798
