Parameters: GAD=1 vflib=1 dir=0 label=0 lowerbound=1 fileNameGp=../graphsdb/mcs70/m3D/m3Dr6/mcs70_m3Dr6_s35.A77 fileNameGt=../graphsdb/mcs70/m3D/m3Dr6/mcs70_m3Dr6_s35.B77
Reading graphs...
35 :  91
35 :  90
Initializing...
maxdom : 35
D->valSize : 1225
Solving...
currentSize : 15 <-- 0.019725 s
currentSize : 17 <-- 0.020787 s
currentSize : 18 <-- 0.021576 s
currentSize : 19 <-- 0.129519 s
currentSize : 20 <-- 0.504638 s
currentSize : 21 <-- 1.868727 s
currentSize : 22 <-- 1087.663452 s
currentSize : 23 <-- 1162.600830 s
currentSize : 25 <-- 1176.586914 s
currentSize : 27 <-- 1178.177734 s

maxsize : 27
nodes : 115261220.000000
filtered : 2716042297.000000
CCGP filtered : 190170562.000000
CCGT filtered : 120041249.000000
time : 1195.283447
