Parameters: GAD=1 vflib=1 dir=0 label=0 lowerbound=1 fileNameGp=../graphsdb/mcs70/bvg/b09/mcs70_b09_s35.A53 fileNameGt=../graphsdb/mcs70/bvg/b09/mcs70_b09_s35.B53
Reading graphs...
35 :  154
35 :  156
Initializing...
maxdom : 35
D->valSize : 1225
Solving...
currentSize : 10 <-- 0.018338 s
currentSize : 11 <-- 0.018373 s
currentSize : 12 <-- 0.018621 s
currentSize : 13 <-- 0.020413 s
currentSize : 14 <-- 0.034894 s
currentSize : 15 <-- 0.072375 s
currentSize : 16 <-- 0.120114 s
currentSize : 17 <-- 1.529560 s
currentSize : 18 <-- 1.625520 s
currentSize : 19 <-- 1.625583 s
currentSize : 20 <-- 1.700878 s
currentSize : 21 <-- 1.797396 s
currentSize : 23 <-- 1.943106 s
currentSize : 24 <-- 1.943989 s
currentSize : 25 <-- 3.481866 s

maxsize : 25
nodes : 2132910.000000
filtered : 93624572.000000
CCGP filtered : 179014.000000
CCGT filtered : 111734.000000
time : 27.911743
