Parameters: GAD=1 vflib=1 dir=0 label=0 lowerbound=1 fileNameGp=../graphsdb/mcs70/m2D/m2Dr2/mcs70_m2Dr2_s35.A73 fileNameGt=../graphsdb/mcs70/m2D/m2Dr2/mcs70_m2Dr2_s35.B73
Reading graphs...
35 :  64
35 :  64
Initializing...
maxdom : 35
D->valSize : 1225
Solving...
currentSize : 15 <-- 0.035722 s
currentSize : 16 <-- 0.035988 s
currentSize : 17 <-- 0.036158 s
currentSize : 18 <-- 0.036184 s
currentSize : 19 <-- 0.037217 s
currentSize : 20 <-- 0.037437 s
currentSize : 21 <-- 0.093218 s
currentSize : 22 <-- 0.124423 s
currentSize : 23 <-- 0.126233 s
currentSize : 24 <-- 1.163966 s
currentSize : 25 <-- 107.518265 s

maxsize : 25
nodes : 34247681.000000
filtered : 1082015071.000000
CCGP filtered : 296274787.000000
CCGT filtered : 100475573.000000
time : 369.108521
