Parameters: GAD=1 vflib=1 dir=0 label=0 lowerbound=1 fileNameGp=../graphsdb/mcs70/bvg/b09m/mcs70_b09m_s35.A34 fileNameGt=../graphsdb/mcs70/bvg/b09m/mcs70_b09m_s35.B34
Reading graphs...
35 :  153
35 :  152
Initializing...
maxdom : 35
D->valSize : 1225
Solving...
currentSize : 11 <-- 0.018202 s
currentSize : 12 <-- 0.018299 s
currentSize : 13 <-- 0.018641 s
currentSize : 14 <-- 0.019147 s
currentSize : 15 <-- 0.021708 s
currentSize : 16 <-- 3.873651 s
currentSize : 17 <-- 6.399195 s
currentSize : 18 <-- 999.208862 s
currentSize : 24 <-- 999.209167 s

maxsize : 24
nodes : 88675927.000000
filtered : 1647204286.000000
CCGP filtered : 37028644.000000
CCGT filtered : 76735615.000000
time : 1023.645142
