Parameters: GAD=1 vflib=1 dir=0 label=0 lowerbound=1 fileNameGp=../graphsdb/mcs70/bvg/b06/mcs70_b06_s35.A58 fileNameGt=../graphsdb/mcs70/bvg/b06/mcs70_b06_s35.B58
Reading graphs...
35 :  104
35 :  104
Initializing...
maxdom : 35
D->valSize : 1225
Solving...
currentSize : 14 <-- 0.019676 s
currentSize : 15 <-- 0.019882 s
currentSize : 16 <-- 0.020117 s
currentSize : 17 <-- 0.032249 s
currentSize : 18 <-- 0.077952 s
currentSize : 19 <-- 0.086429 s
currentSize : 20 <-- 0.146659 s
currentSize : 21 <-- 0.286326 s
currentSize : 22 <-- 0.483914 s
currentSize : 23 <-- 1.078943 s
currentSize : 24 <-- 1.155143 s
currentSize : 25 <-- 1.156143 s
currentSize : 26 <-- 12.956306 s

maxsize : 26
nodes : 3069083.000000
filtered : 129516986.000000
CCGP filtered : 4384443.000000
CCGT filtered : 3521109.000000
time : 37.978458
