Parameters: GAD=1 vflib=1 dir=0 label=0 lowerbound=1 fileNameGp=../graphsdb/mcs70/m3D/m3Dr6/mcs70_m3Dr6_s35.A55 fileNameGt=../graphsdb/mcs70/m3D/m3Dr6/mcs70_m3Dr6_s35.B55
Reading graphs...
35 :  91
35 :  89
Initializing...
maxdom : 35
D->valSize : 1225
Solving...
currentSize : 15 <-- 0.019634 s
currentSize : 16 <-- 0.019788 s
currentSize : 17 <-- 0.021616 s
currentSize : 18 <-- 0.036822 s
currentSize : 19 <-- 0.046800 s
currentSize : 20 <-- 0.139414 s
currentSize : 21 <-- 29.455824 s
currentSize : 22 <-- 219.705856 s
currentSize : 23 <-- 219.879150 s
currentSize : 24 <-- 219.881393 s
currentSize : 26 <-- 219.882034 s
currentSize : 27 <-- 239.542282 s

maxsize : 27
nodes : 23040939.000000
filtered : 565739408.000000
CCGP filtered : 49272811.000000
CCGT filtered : 50489447.000000
time : 242.106094
