Parameters: GAD=1 vflib=1 dir=0 label=0 lowerbound=1 fileNameGp=../graphsdb/mcs70/bvg/b06/mcs70_b06_s35.A56 fileNameGt=../graphsdb/mcs70/bvg/b06/mcs70_b06_s35.B56
Reading graphs...
35 :  103
35 :  104
Initializing...
maxdom : 35
D->valSize : 1225
Solving...
currentSize : 14 <-- 0.033713 s
currentSize : 15 <-- 0.033850 s
currentSize : 16 <-- 0.034088 s
currentSize : 17 <-- 0.045476 s
currentSize : 18 <-- 0.142221 s
currentSize : 19 <-- 1.196206 s
currentSize : 20 <-- 2.110927 s
currentSize : 21 <-- 5.604517 s
currentSize : 22 <-- 10.969523 s
currentSize : 23 <-- 11.032074 s
currentSize : 24 <-- 15.536829 s
currentSize : 25 <-- 93.380234 s
currentSize : 26 <-- 93.414658 s

maxsize : 26
nodes : 8989336.000000
filtered : 326597817.000000
CCGP filtered : 28002764.000000
CCGT filtered : 11246424.000000
time : 105.690010
