Parameters: GAD=1 vflib=1 dir=0 label=0 lowerbound=1 fileNameGp=../graphsdb/mcs70/bvg/b09m/mcs70_b09m_s35.A90 fileNameGt=../graphsdb/mcs70/bvg/b09m/mcs70_b09m_s35.B90
Reading graphs...
35 :  149
35 :  149
Initializing...
maxdom : 35
D->valSize : 1225
Solving...
currentSize : 14 <-- 0.018848 s
currentSize : 15 <-- 0.019639 s
currentSize : 16 <-- 0.026212 s
currentSize : 17 <-- 15.571560 s
currentSize : 18 <-- 731.535950 s
currentSize : 19 <-- 740.658203 s
currentSize : 20 <-- 923.058105 s
currentSize : 21 <-- 923.058472 s
currentSize : 23 <-- 923.629395 s
currentSize : 24 <-- 923.629517 s

maxsize : 24
nodes : 85451968.000000
filtered : 1769010542.000000
CCGP filtered : 52186634.000000
CCGT filtered : 41876059.000000
time : 959.573975
