Parameters: GAD=1 vflib=1 dir=0 label=0 lowerbound=1 fileNameGp=../graphsdb/mcs70/bvg/b09/mcs70_b09_s30.A26 fileNameGt=../graphsdb/mcs70/bvg/b09/mcs70_b09_s30.B26
Reading graphs...
30 :  134
30 :  132
Initializing...
maxdom : 30
D->valSize : 900
Solving...
currentSize : 11 <-- 0.009567 s
currentSize : 12 <-- 0.009692 s
currentSize : 13 <-- 0.011740 s
currentSize : 14 <-- 0.017934 s
currentSize : 15 <-- 0.025815 s
currentSize : 16 <-- 0.038282 s
currentSize : 17 <-- 1.419012 s
currentSize : 19 <-- 1.654926 s
currentSize : 20 <-- 1.656637 s
currentSize : 21 <-- 1.977444 s

maxsize : 21
nodes : 581004.000000
filtered : 20245105.000000
CCGP filtered : 50234.000000
CCGT filtered : 327204.000000
time : 6.738476
