Parameters: GAD=1 vflib=1 dir=0 label=0 lowerbound=1 fileNameGp=../graphsdb/mcs70/m3D/m3D/mcs70_m3D_s35.A52 fileNameGt=../graphsdb/mcs70/m3D/m3D/mcs70_m3D_s35.B52
Reading graphs...
35 :  72
35 :  72
Initializing...
maxdom : 35
D->valSize : 1225
Solving...
currentSize : 16 <-- 0.020082 s
currentSize : 18 <-- 0.020285 s
currentSize : 20 <-- 0.020467 s
currentSize : 21 <-- 0.032301 s
currentSize : 22 <-- 0.059601 s
currentSize : 23 <-- 0.059630 s
currentSize : 25 <-- 0.117216 s
currentSize : 27 <-- 12.213724 s
currentSize : 28 <-- 17.335541 s

maxsize : 28
nodes : 3031841.000000
filtered : 109390024.000000
CCGP filtered : 2945704.000000
CCGT filtered : 3502252.000000
time : 33.624634
