Parameters: GAD=1 vflib=1 dir=0 label=0 lowerbound=1 fileNameGp=../graphsdb/mcs70/rand/r02/mcs70_r02_s35.A28 fileNameGt=../graphsdb/mcs70/rand/r02/mcs70_r02_s35.B28
Reading graphs...
35 :  214
35 :  214
Initializing...
maxdom : 35
D->valSize : 1225
Solving...
currentSize : 9 <-- 0.018212 s
currentSize : 11 <-- 0.018280 s
currentSize : 12 <-- 0.019934 s
currentSize : 13 <-- 0.088877 s
currentSize : 14 <-- 2.882800 s
currentSize : 15 <-- 114.986710 s
currentSize : 16 <-- 553.357666 s
currentSize : 17 <-- 566.107971 s
currentSize : 18 <-- 578.452881 s
currentSize : 20 <-- 584.058899 s
currentSize : 24 <-- 794.515564 s

maxsize : 24
nodes : 65822772.000000
filtered : 1043599784.000000
CCGP filtered : 894833.000000
CCGT filtered : 1859671.000000
time : 818.314758
