Parameters: GAD=1 vflib=1 dir=0 label=0 lowerbound=1 fileNameGp=../graphsdb/mcs70/rand/r005/mcs70_r005_s35.A37 fileNameGt=../graphsdb/mcs70/rand/r005/mcs70_r005_s35.B37
Reading graphs...
35 :  56
35 :  57
Initializing...
maxdom : 35
D->valSize : 1225
Solving...
currentSize : 15 <-- 0.020971 s
currentSize : 17 <-- 0.021106 s
currentSize : 18 <-- 0.029258 s
currentSize : 19 <-- 0.029480 s
currentSize : 20 <-- 0.030887 s
currentSize : 21 <-- 0.152024 s
currentSize : 22 <-- 0.152112 s
currentSize : 23 <-- 0.152172 s
currentSize : 24 <-- 0.699222 s
currentSize : 25 <-- 29.495785 s

maxsize : 25
nodes : 4676146.000000
filtered : 115595671.000000
CCGP filtered : 58030349.000000
CCGT filtered : 35249649.000000
time : 48.018112
