Parameters: GAD=1 vflib=1 dir=0 label=0 lowerbound=1 fileNameGp=../graphsdb/mcs70/bvg/b09/mcs70_b09_s35.A15 fileNameGt=../graphsdb/mcs70/bvg/b09/mcs70_b09_s35.B15
Reading graphs...
35 :  154
35 :  155
Initializing...
maxdom : 35
D->valSize : 1225
Solving...
currentSize : 13 <-- 0.022802 s
currentSize : 14 <-- 0.023130 s
currentSize : 15 <-- 0.080914 s
currentSize : 16 <-- 0.188939 s
currentSize : 17 <-- 2.055038 s
currentSize : 19 <-- 8.572058 s
currentSize : 21 <-- 8.572830 s
currentSize : 23 <-- 8.678566 s
currentSize : 25 <-- 8.678751 s

maxsize : 25
nodes : 2805508.000000
filtered : 101936321.000000
CCGP filtered : 801481.000000
CCGT filtered : 295521.000000
time : 35.354862
