Parameters: GAD=1 vflib=1 dir=0 label=0 lowerbound=1 fileNameGp=../graphsdb/mcs70/m3D/m3Dr4/mcs70_m3Dr4_s35.A05 fileNameGt=../graphsdb/mcs70/m3D/m3Dr4/mcs70_m3Dr4_s35.B05
Reading graphs...
35 :  85
35 :  85
Initializing...
maxdom : 35
D->valSize : 1225
Solving...
currentSize : 16 <-- 0.034635 s
currentSize : 17 <-- 0.038897 s
currentSize : 18 <-- 0.050943 s
currentSize : 19 <-- 0.125791 s
currentSize : 20 <-- 0.232141 s
currentSize : 21 <-- 22.214384 s
currentSize : 22 <-- 27.856760 s
currentSize : 23 <-- 27.912167 s
currentSize : 25 <-- 159.446014 s
currentSize : 27 <-- 159.477631 s

maxsize : 27
nodes : 15547178.000000
filtered : 481499610.000000
CCGP filtered : 31430793.000000
CCGT filtered : 32881971.000000
time : 175.113373
