Parameters: GAD=1 vflib=1 dir=0 label=0 lowerbound=1 fileNameGp=../graphsdb/mcs70/bvg/b03/mcs70_b03_s35.A86 fileNameGt=../graphsdb/mcs70/bvg/b03/mcs70_b03_s35.B86
Reading graphs...
35 :  52
35 :  52
Initializing...
maxdom : 35
D->valSize : 1225
Solving...
currentSize : 15 <-- 0.021040 s
currentSize : 19 <-- 0.021089 s
currentSize : 20 <-- 0.021166 s
currentSize : 21 <-- 0.021594 s
currentSize : 22 <-- 0.022863 s
currentSize : 23 <-- 0.033886 s
currentSize : 24 <-- 0.076800 s
currentSize : 25 <-- 0.323874 s
currentSize : 26 <-- 8.165785 s
currentSize : 27 <-- 22.721392 s

maxsize : 27
nodes : 3378016.000000
filtered : 95733812.000000
CCGP filtered : 73316598.000000
CCGT filtered : 39802159.000000
time : 38.125046
