Parameters: GAD=1 vflib=1 dir=0 label=0 lowerbound=1 fileNameGp=../graphsdb/mcs70/m3D/m3Dr6/mcs70_m3Dr6_s35.A66 fileNameGt=../graphsdb/mcs70/m3D/m3Dr6/mcs70_m3Dr6_s35.B66
Reading graphs...
35 :  91
35 :  91
Initializing...
maxdom : 35
D->valSize : 1225
Solving...
currentSize : 14 <-- 0.024442 s
currentSize : 15 <-- 0.024535 s
currentSize : 17 <-- 0.024580 s
currentSize : 18 <-- 0.079629 s
currentSize : 19 <-- 0.157547 s
currentSize : 20 <-- 0.611953 s
currentSize : 21 <-- 0.619161 s
currentSize : 22 <-- 12.924797 s
currentSize : 23 <-- 12.925697 s
currentSize : 26 <-- 12.928256 s
currentSize : 27 <-- 12.928678 s

maxsize : 27
nodes : 2336216.000000
filtered : 94628072.000000
CCGP filtered : 2496244.000000
CCGT filtered : 4069954.000000
time : 29.077768
