Parameters: GAD=1 vflib=1 dir=0 label=0 lowerbound=1 fileNameGp=../graphsdb/mcs70/rand/r005/mcs70_r005_s35.A62 fileNameGt=../graphsdb/mcs70/rand/r005/mcs70_r005_s35.B62
Reading graphs...
35 :  57
35 :  58
Initializing...
maxdom : 35
D->valSize : 1225
Solving...
currentSize : 17 <-- 0.036679 s
currentSize : 18 <-- 0.037134 s
currentSize : 19 <-- 0.041526 s
currentSize : 20 <-- 0.083493 s
currentSize : 21 <-- 0.253007 s
currentSize : 22 <-- 0.706677 s
currentSize : 23 <-- 0.706915 s
currentSize : 24 <-- 1.676658 s
currentSize : 25 <-- 21.610661 s

maxsize : 25
nodes : 6199801.000000
filtered : 172296732.000000
CCGP filtered : 73255103.000000
CCGT filtered : 42801232.000000
time : 65.961761
