Parameters: GAD=1 vflib=1 dir=0 label=0 lowerbound=1 fileNameGp=../graphsdb/mcs70/bvg/b06/mcs70_b06_s35.A07 fileNameGt=../graphsdb/mcs70/bvg/b06/mcs70_b06_s35.B07
Reading graphs...
35 :  105
35 :  102
Initializing...
maxdom : 35
D->valSize : 1225
Solving...
currentSize : 13 <-- 0.019583 s
currentSize : 14 <-- 0.019756 s
currentSize : 15 <-- 0.021323 s
currentSize : 16 <-- 0.024018 s
currentSize : 17 <-- 0.029356 s
currentSize : 18 <-- 0.075710 s
currentSize : 19 <-- 0.268517 s
currentSize : 20 <-- 0.310056 s
currentSize : 21 <-- 0.567784 s
currentSize : 22 <-- 1.162902 s
currentSize : 23 <-- 5.770121 s
currentSize : 24 <-- 6.703500 s
currentSize : 25 <-- 6.775570 s
currentSize : 26 <-- 17.276669 s

maxsize : 26
nodes : 2933733.000000
filtered : 116619619.000000
CCGP filtered : 2904244.000000
CCGT filtered : 3673970.000000
time : 34.981907
