Parameters: GAD=1 vflib=1 dir=0 label=0 lowerbound=1 fileNameGp=../graphsdb/mcs70/bvg/b03m/mcs70_b03m_s35.A59 fileNameGt=../graphsdb/mcs70/bvg/b03m/mcs70_b03m_s35.B59
Reading graphs...
35 :  52
35 :  52
Initializing...
maxdom : 35
D->valSize : 1225
Solving...
currentSize : 14 <-- 0.021727 s
currentSize : 15 <-- 0.022202 s
currentSize : 16 <-- 0.022576 s
currentSize : 17 <-- 0.022662 s
currentSize : 18 <-- 0.022716 s
currentSize : 19 <-- 0.025211 s
currentSize : 20 <-- 0.027802 s
currentSize : 21 <-- 0.030691 s
currentSize : 22 <-- 0.237299 s
currentSize : 23 <-- 0.727019 s
currentSize : 24 <-- 0.727919 s
currentSize : 25 <-- 2.206033 s
currentSize : 26 <-- 2.314401 s

maxsize : 26
nodes : 2126561.000000
filtered : 60740192.000000
CCGP filtered : 67213417.000000
CCGT filtered : 32854546.000000
time : 24.308861
