Parameters: GAD=1 vflib=1 dir=0 label=0 lowerbound=1 fileNameGp=../graphsdb/mcs70/bvg/b09m/mcs70_b09m_s35.A25 fileNameGt=../graphsdb/mcs70/bvg/b09m/mcs70_b09m_s35.B25
Reading graphs...
35 :  149
35 :  151
Initializing...
maxdom : 35
D->valSize : 1225
Solving...
currentSize : 13 <-- 0.031773 s
currentSize : 14 <-- 0.034365 s
currentSize : 15 <-- 0.085790 s
currentSize : 16 <-- 0.422194 s
currentSize : 17 <-- 12.718196 s
currentSize : 18 <-- 1965.813721 s
currentSize : 19 <-- 2788.028564 s
currentSize : 20 <-- 3057.171875 s
currentSize : 24 <-- 3057.226807 s

maxsize : 24
nodes : 262349989.000000
filtered : 4824431983.000000
CCGP filtered : 145836996.000000
CCGT filtered : 256625394.000000
time : 3077.299316
