Parameters: GAD=1 vflib=1 dir=0 label=0 lowerbound=1 fileNameGp=../graphsdb/mcs70/m2D/m2Dr6/m2Dr6/mcs70_m2Dr6_s35.A80 fileNameGt=../graphsdb/mcs70/m2D/m2Dr6/m2Dr6/mcs70_m2Dr6_s35.B80
Reading graphs...
35 :  76
35 :  76
Initializing...
maxdom : 35
D->valSize : 1225
Solving...
currentSize : 14 <-- 0.024923 s
currentSize : 15 <-- 0.025079 s
currentSize : 16 <-- 0.026078 s
currentSize : 17 <-- 0.026195 s
currentSize : 18 <-- 0.026488 s
currentSize : 19 <-- 0.026569 s
currentSize : 20 <-- 0.042010 s
currentSize : 21 <-- 0.079193 s
currentSize : 22 <-- 0.320670 s
currentSize : 23 <-- 1.423381 s
currentSize : 24 <-- 27.106264 s
currentSize : 25 <-- 224.630081 s

maxsize : 25
nodes : 20955777.000000
filtered : 743764130.000000
CCGP filtered : 109889637.000000
CCGT filtered : 75249749.000000
time : 240.491257
