Parameters: GAD=1 vflib=1 dir=0 label=0 lowerbound=1 fileNameGp=../graphsdb/mcs70/rand/r005/mcs70_r005_s35.A38 fileNameGt=../graphsdb/mcs70/rand/r005/mcs70_r005_s35.B38
Reading graphs...
35 :  56
35 :  56
Initializing...
maxdom : 35
D->valSize : 1225
Solving...
currentSize : 14 <-- 0.036378 s
currentSize : 15 <-- 0.036607 s
currentSize : 16 <-- 0.036803 s
currentSize : 17 <-- 0.038132 s
currentSize : 18 <-- 0.049314 s
currentSize : 19 <-- 0.049597 s
currentSize : 20 <-- 0.049716 s
currentSize : 21 <-- 0.079306 s
currentSize : 22 <-- 0.104114 s
currentSize : 23 <-- 0.156111 s
currentSize : 24 <-- 0.474310 s
currentSize : 25 <-- 12.520271 s
currentSize : 26 <-- 34.102932 s

maxsize : 26
nodes : 5828855.000000
filtered : 167377568.000000
CCGP filtered : 110072176.000000
CCGT filtered : 26179204.000000
time : 59.907848
