Parameters: GAD=1 vflib=1 dir=0 label=0 lowerbound=1 fileNameGp=../graphsdb/mcs70/m3D/m3Dr4/mcs70_m3Dr4_s35.A64 fileNameGt=../graphsdb/mcs70/m3D/m3Dr4/mcs70_m3Dr4_s35.B64
Reading graphs...
35 :  84
35 :  83
Initializing...
maxdom : 35
D->valSize : 1225
Solving...
currentSize : 18 <-- 0.034804 s
currentSize : 19 <-- 0.034994 s
currentSize : 20 <-- 0.048921 s
currentSize : 21 <-- 0.285349 s
currentSize : 22 <-- 36.594757 s
currentSize : 23 <-- 184.461609 s
currentSize : 24 <-- 414.765839 s
currentSize : 26 <-- 497.151001 s
currentSize : 27 <-- 497.151154 s

maxsize : 27
nodes : 47860454.000000
filtered : 1353996664.000000
CCGP filtered : 84946461.000000
CCGT filtered : 56386500.000000
time : 510.060120
