Parameters: GAD=1 vflib=1 dir=0 label=0 lowerbound=1 fileNameGp=../graphsdb/mcs70/m2D/m2Dr6/m2Dr6/mcs70_m2Dr6_s35.A16 fileNameGt=../graphsdb/mcs70/m2D/m2Dr6/m2Dr6/mcs70_m2Dr6_s35.B16
Reading graphs...
35 :  76
35 :  79
Initializing...
maxdom : 35
D->valSize : 1225
Solving...
currentSize : 11 <-- 0.035291 s
currentSize : 14 <-- 0.035378 s
currentSize : 18 <-- 0.035477 s
currentSize : 19 <-- 0.046119 s
currentSize : 20 <-- 0.132477 s
currentSize : 21 <-- 0.389644 s
currentSize : 22 <-- 63.945152 s
currentSize : 23 <-- 73.019585 s
currentSize : 24 <-- 73.019669 s
currentSize : 25 <-- 173.893478 s

maxsize : 25
nodes : 21844644.000000
filtered : 729978345.000000
CCGP filtered : 91486377.000000
CCGT filtered : 67912573.000000
time : 246.605148
