Parameters: GAD=1 vflib=1 dir=0 label=0 lowerbound=1 fileNameGp=../graphsdb/mcs70/bvg/b03/mcs70_b03_s35.A03 fileNameGt=../graphsdb/mcs70/bvg/b03/mcs70_b03_s35.B03
Reading graphs...
35 :  52
35 :  52
Initializing...
maxdom : 35
D->valSize : 1225
Solving...
currentSize : 11 <-- 0.036449 s
currentSize : 21 <-- 0.036637 s
currentSize : 22 <-- 0.036877 s
currentSize : 23 <-- 0.037017 s
currentSize : 24 <-- 0.041568 s
currentSize : 25 <-- 0.060775 s
currentSize : 26 <-- 1.409258 s
currentSize : 27 <-- 1.410086 s
currentSize : 28 <-- 1.822618 s
currentSize : 30 <-- 4.120820 s

maxsize : 30
nodes : 422212.000000
filtered : 11853987.000000
CCGP filtered : 10226483.000000
CCGT filtered : 5073905.000000
time : 4.846951
