Parameters: GAD=1 vflib=1 dir=0 label=0 lowerbound=1 fileNameGp=../graphsdb/mcs70/bvg/b09m/mcs70_b09m_s35.A18 fileNameGt=../graphsdb/mcs70/bvg/b09m/mcs70_b09m_s35.B18
Reading graphs...
35 :  150
35 :  151
Initializing...
maxdom : 35
D->valSize : 1225
Solving...
currentSize : 11 <-- 0.018734 s
currentSize : 13 <-- 0.018985 s
currentSize : 14 <-- 0.019468 s
currentSize : 16 <-- 0.019746 s
currentSize : 17 <-- 7.200752 s
currentSize : 18 <-- 21.006187 s
currentSize : 19 <-- 21.113823 s
currentSize : 22 <-- 21.303629 s
currentSize : 24 <-- 39.330170 s

maxsize : 24
nodes : 5673203.000000
filtered : 203763484.000000
CCGP filtered : 1215727.000000
CCGT filtered : 1673698.000000
time : 73.646774
