Parameters: GAD=1 vflib=1 dir=0 label=0 lowerbound=1 fileNameGp=../graphsdb/mcs70/m3D/m3Dr4/mcs70_m3Dr4_s35.A54 fileNameGt=../graphsdb/mcs70/m3D/m3Dr4/mcs70_m3Dr4_s35.B54
Reading graphs...
35 :  86
35 :  85
Initializing...
maxdom : 35
D->valSize : 1225
Solving...
currentSize : 13 <-- 0.020147 s
currentSize : 15 <-- 0.020220 s
currentSize : 17 <-- 0.020652 s
currentSize : 18 <-- 0.023347 s
currentSize : 19 <-- 0.027880 s
currentSize : 20 <-- 0.147595 s
currentSize : 21 <-- 5.418205 s
currentSize : 22 <-- 162.522079 s
currentSize : 25 <-- 162.992905 s
currentSize : 27 <-- 162.994827 s

maxsize : 27
nodes : 17609495.000000
filtered : 428223959.000000
CCGP filtered : 46276953.000000
CCGT filtered : 17422055.000000
time : 178.921783
