Parameters: GAD=1 vflib=1 dir=0 label=0 lowerbound=1 fileNameGp=../graphsdb/mcs70/bvg/b06m/mcs70_b06m_s30.A10 fileNameGt=../graphsdb/mcs70/bvg/b06m/mcs70_b06m_s30.B10
Reading graphs...
30 :  87
30 :  88
Initializing...
maxdom : 30
D->valSize : 900
Solving...
currentSize : 11 <-- 0.010160 s
currentSize : 12 <-- 0.010191 s
currentSize : 13 <-- 0.010539 s
currentSize : 14 <-- 0.011546 s
currentSize : 15 <-- 0.033957 s
currentSize : 16 <-- 0.210713 s
currentSize : 17 <-- 2.145396 s
currentSize : 18 <-- 11.290205 s
currentSize : 20 <-- 23.998032 s
currentSize : 22 <-- 31.836617 s

maxsize : 22
nodes : 3433980.000000
filtered : 86905428.000000
CCGP filtered : 6470915.000000
CCGT filtered : 4858585.000000
time : 34.101460
