Parameters: GAD=1 vflib=1 dir=0 label=0 lowerbound=1 fileNameGp=../graphsdb/mcs70/rand/r005/mcs70_r005_s30.A36 fileNameGt=../graphsdb/mcs70/rand/r005/mcs70_r005_s30.B36
Reading graphs...
30 :  42
30 :  42
Initializing...
maxdom : 30
D->valSize : 900
Solving...
currentSize : 13 <-- 0.011668 s
currentSize : 14 <-- 0.011718 s
currentSize : 15 <-- 0.012623 s
currentSize : 16 <-- 0.015618 s
currentSize : 17 <-- 0.016941 s
currentSize : 18 <-- 0.017991 s
currentSize : 19 <-- 0.063900 s
currentSize : 20 <-- 0.064524 s
currentSize : 21 <-- 0.170602 s
currentSize : 22 <-- 0.968991 s
currentSize : 23 <-- 0.971948 s
currentSize : 24 <-- 1.045618 s

maxsize : 24
nodes : 147858.000000
filtered : 3890963.000000
CCGP filtered : 2371692.000000
CCGT filtered : 2392994.000000
time : 1.561060
