Parameters: GAD=1 vflib=1 dir=0 label=0 lowerbound=1 fileNameGp=../graphsdb/mcs70/m2D/m2Dr2/mcs70_m2Dr2_s35.A26 fileNameGt=../graphsdb/mcs70/m2D/m2Dr2/mcs70_m2Dr2_s35.B26
Reading graphs...
35 :  65
35 :  65
Initializing...
maxdom : 35
D->valSize : 1225
Solving...
currentSize : 14 <-- 0.020315 s
currentSize : 15 <-- 0.020390 s
currentSize : 16 <-- 0.020564 s
currentSize : 17 <-- 0.021633 s
currentSize : 18 <-- 0.023527 s
currentSize : 19 <-- 0.052196 s
currentSize : 20 <-- 0.241133 s
currentSize : 21 <-- 0.326435 s
currentSize : 22 <-- 5.106909 s
currentSize : 24 <-- 5.107275 s
currentSize : 25 <-- 23.518583 s
currentSize : 27 <-- 27.308638 s

maxsize : 27
nodes : 3338452.000000
filtered : 98739461.000000
CCGP filtered : 18112283.000000
CCGT filtered : 12873272.000000
time : 35.852692
