Parameters: GAD=1 vflib=1 dir=0 label=0 lowerbound=1 fileNameGp=../graphsdb/mcs70/rand/r02/mcs70_r02_s25.A11 fileNameGt=../graphsdb/mcs70/rand/r02/mcs70_r02_s25.B11
Reading graphs...
25 :  106
25 :  109
Initializing...
maxdom : 25
D->valSize : 625
Solving...
currentSize : 7 <-- 0.004608 s
currentSize : 8 <-- 0.004652 s
currentSize : 9 <-- 0.004753 s
currentSize : 10 <-- 0.004790 s
currentSize : 11 <-- 0.005073 s
currentSize : 12 <-- 0.021719 s
currentSize : 13 <-- 0.495277 s
currentSize : 14 <-- 6.207977 s
currentSize : 15 <-- 9.706754 s
currentSize : 17 <-- 9.706857 s

maxsize : 17
nodes : 1295843.000000
filtered : 19757314.000000
CCGP filtered : 194740.000000
CCGT filtered : 67522.000000
time : 11.383547
