Parameters: GAD=1 vflib=1 dir=0 label=0 lowerbound=1 fileNameGp=../graphsdb/mcs70/rand/r02/mcs70_r02_s30.A95 fileNameGt=../graphsdb/mcs70/rand/r02/mcs70_r02_s30.B95
Reading graphs...
30 :  152
30 :  159
Initializing...
maxdom : 30
D->valSize : 900
Solving...
currentSize : 10 <-- 0.009385 s
currentSize : 11 <-- 0.009671 s
currentSize : 12 <-- 0.016334 s
currentSize : 13 <-- 0.031220 s
currentSize : 14 <-- 0.039664 s
currentSize : 15 <-- 0.049357 s
currentSize : 17 <-- 153.604416 s
currentSize : 18 <-- 165.300049 s
currentSize : 21 <-- 169.471313 s

maxsize : 21
nodes : 16355450.000000
filtered : 241452080.000000
CCGP filtered : 299540.000000
CCGT filtered : 1769167.000000
time : 173.086380
