Parameters: GAD=1 vflib=1 dir=0 label=0 lowerbound=1 fileNameGp=../graphsdb/mcs70/bvg/b09m/mcs70_b09m_s30.A89 fileNameGt=../graphsdb/mcs70/bvg/b09m/mcs70_b09m_s30.B89
Reading graphs...
30 :  128
30 :  128
Initializing...
maxdom : 30
D->valSize : 900
Solving...
currentSize : 9 <-- 0.009665 s
currentSize : 10 <-- 0.009727 s
currentSize : 11 <-- 0.010175 s
currentSize : 12 <-- 0.011028 s
currentSize : 13 <-- 0.012859 s
currentSize : 14 <-- 0.083065 s
currentSize : 15 <-- 1.008891 s
currentSize : 16 <-- 44.802467 s
currentSize : 17 <-- 61.256214 s
currentSize : 20 <-- 61.590477 s

maxsize : 20
nodes : 7012013.000000
filtered : 120849309.000000
CCGP filtered : 1098485.000000
CCGT filtered : 5002233.000000
time : 72.972168
