Parameters: GAD=1 vflib=1 dir=0 label=0 lowerbound=1 fileNameGp=../graphsdb/mcs70/bvg/b06m/mcs70_b06m_s35.A10 fileNameGt=../graphsdb/mcs70/bvg/b06m/mcs70_b06m_s35.B10
Reading graphs...
35 :  100
35 :  102
Initializing...
maxdom : 35
D->valSize : 1225
Solving...
currentSize : 12 <-- 0.025116 s
currentSize : 13 <-- 0.025286 s
currentSize : 14 <-- 0.025693 s
currentSize : 15 <-- 0.027194 s
currentSize : 16 <-- 0.027760 s
currentSize : 17 <-- 0.031297 s
currentSize : 18 <-- 0.084271 s
currentSize : 19 <-- 0.096407 s
currentSize : 20 <-- 0.388328 s
currentSize : 21 <-- 1164.185181 s
currentSize : 24 <-- 1164.185425 s

maxsize : 24
nodes : 111970208.000000
filtered : 3076190560.000000
CCGP filtered : 380210897.000000
CCGT filtered : 238097534.000000
time : 1258.435547
