Parameters: GAD=1 vflib=1 dir=0 label=0 lowerbound=1 fileNameGp=../graphsdb/mcs70/rand/r02/mcs70_r02_s30.A37 fileNameGt=../graphsdb/mcs70/rand/r02/mcs70_r02_s30.B37
Reading graphs...
30 :  162
30 :  160
Initializing...
maxdom : 30
D->valSize : 900
Solving...
currentSize : 9 <-- 0.009439 s
currentSize : 10 <-- 0.009509 s
currentSize : 11 <-- 0.012011 s
currentSize : 12 <-- 0.041026 s
currentSize : 13 <-- 0.310505 s
currentSize : 14 <-- 2.580570 s
currentSize : 15 <-- 189.398026 s
currentSize : 16 <-- 189.885696 s
currentSize : 17 <-- 189.887360 s
currentSize : 21 <-- 189.888199 s

maxsize : 21
nodes : 19101865.000000
filtered : 243003773.000000
CCGP filtered : 886488.000000
CCGT filtered : 903835.000000
time : 193.914810
