Parameters: GAD=1 vflib=1 dir=0 label=0 lowerbound=1 fileNameGp=../graphsdb/mcs70/m4D/m4D/mcs70_m4D_s25.A34 fileNameGt=../graphsdb/mcs70/m4D/m4D/mcs70_m4D_s25.B34
Reading graphs...
25 :  47
25 :  47
Initializing...
maxdom : 25
D->valSize : 625
Solving...
currentSize : 11 <-- 0.005220 s
currentSize : 12 <-- 0.005411 s
currentSize : 13 <-- 0.005641 s
currentSize : 14 <-- 0.008009 s
currentSize : 15 <-- 0.020884 s
currentSize : 16 <-- 0.344806 s
currentSize : 17 <-- 0.484178 s
currentSize : 18 <-- 0.898950 s
currentSize : 19 <-- 0.899286 s

maxsize : 19
nodes : 133745.000000
filtered : 2897752.000000
CCGP filtered : 1538622.000000
CCGT filtered : 854811.000000
time : 1.083417
