Parameters: GAD=1 vflib=1 dir=0 label=0 lowerbound=1 fileNameGp=../graphsdb/mcs70/m3D/m3D/mcs70_m3D_s35.A98 fileNameGt=../graphsdb/mcs70/m3D/m3D/mcs70_m3D_s35.B98
Reading graphs...
35 :  72
35 :  72
Initializing...
maxdom : 35
D->valSize : 1225
Solving...
currentSize : 15 <-- 0.020637 s
currentSize : 16 <-- 0.022124 s
currentSize : 18 <-- 0.022447 s
currentSize : 19 <-- 0.023828 s
currentSize : 20 <-- 0.045461 s
currentSize : 21 <-- 0.056341 s
currentSize : 22 <-- 0.532821 s
currentSize : 23 <-- 1.369343 s
currentSize : 24 <-- 13.005441 s
currentSize : 25 <-- 23.139711 s
currentSize : 26 <-- 36.245369 s
currentSize : 28 <-- 39.320457 s

maxsize : 28
nodes : 4778146.000000
filtered : 135125064.000000
CCGP filtered : 14835539.000000
CCGT filtered : 10450526.000000
time : 49.079578
