Parameters: GAD=1 vflib=1 dir=0 label=0 lowerbound=1 fileNameGp=../graphsdb/mcs70/bvg/b09/mcs70_b09_s35.A72 fileNameGt=../graphsdb/mcs70/bvg/b09/mcs70_b09_s35.B72
Reading graphs...
35 :  156
35 :  154
Initializing...
maxdom : 35
D->valSize : 1225
Solving...
currentSize : 11 <-- 0.018311 s
currentSize : 12 <-- 0.020075 s
currentSize : 13 <-- 0.021944 s
currentSize : 14 <-- 0.041220 s
currentSize : 15 <-- 0.300971 s
currentSize : 16 <-- 0.698228 s
currentSize : 17 <-- 3.974039 s
currentSize : 18 <-- 5.090522 s
currentSize : 20 <-- 5.135404 s
currentSize : 23 <-- 5.298484 s
currentSize : 24 <-- 11.729339 s
currentSize : 25 <-- 13.534439 s

maxsize : 25
nodes : 2511430.000000
filtered : 106517756.000000
CCGP filtered : 548546.000000
CCGT filtered : 1175749.000000
time : 32.992989
