Parameters: GAD=1 vflib=1 dir=0 label=0 lowerbound=1 fileNameGp=../graphsdb/mcs70/m3D/m3Dr6/mcs70_m3Dr6_s35.A47 fileNameGt=../graphsdb/mcs70/m3D/m3Dr6/mcs70_m3Dr6_s35.B47
Reading graphs...
35 :  92
35 :  90
Initializing...
maxdom : 35
D->valSize : 1225
Solving...
currentSize : 13 <-- 0.034231 s
currentSize : 14 <-- 0.034393 s
currentSize : 15 <-- 0.034694 s
currentSize : 16 <-- 0.034926 s
currentSize : 17 <-- 0.035405 s
currentSize : 18 <-- 0.039724 s
currentSize : 19 <-- 0.481449 s
currentSize : 20 <-- 2.413612 s
currentSize : 21 <-- 60.339985 s
currentSize : 22 <-- 1516.838135 s
currentSize : 24 <-- 1646.626953 s
currentSize : 27 <-- 1650.467896 s
currentSize : 28 <-- 1650.468018 s

maxsize : 28
nodes : 153022803.000000
filtered : 3656515052.000000
CCGP filtered : 186039448.000000
CCGT filtered : 218187693.000000
time : 1655.189453
