Parameters: GAD=1 vflib=1 dir=0 label=0 lowerbound=1 fileNameGp=../graphsdb/mcs70/bvg/b09m/mcs70_b09m_s35.A60 fileNameGt=../graphsdb/mcs70/bvg/b09m/mcs70_b09m_s35.B60
Reading graphs...
35 :  150
35 :  151
Initializing...
maxdom : 35
D->valSize : 1225
Solving...
currentSize : 10 <-- 0.018247 s
currentSize : 11 <-- 0.018348 s
currentSize : 12 <-- 0.018413 s
currentSize : 13 <-- 0.018561 s
currentSize : 14 <-- 0.018686 s
currentSize : 15 <-- 0.028081 s
currentSize : 16 <-- 0.671022 s
currentSize : 17 <-- 2.711983 s
currentSize : 18 <-- 4.174191 s
currentSize : 19 <-- 4.174300 s
currentSize : 21 <-- 206.732925 s
currentSize : 24 <-- 381.166595 s

maxsize : 24
nodes : 32559599.000000
filtered : 970350607.000000
CCGP filtered : 14811642.000000
CCGT filtered : 3592841.000000
time : 394.286285
