Parameters: GAD=1 vflib=1 dir=0 label=0 lowerbound=1 fileNameGp=../graphsdb/mcs70/bvg/b09/mcs70_b09_s35.A64 fileNameGt=../graphsdb/mcs70/bvg/b09/mcs70_b09_s35.B64
Reading graphs...
35 :  153
35 :  156
Initializing...
maxdom : 35
D->valSize : 1225
Solving...
currentSize : 14 <-- 0.018099 s
currentSize : 15 <-- 0.018418 s
currentSize : 17 <-- 0.021142 s
currentSize : 18 <-- 0.842139 s
currentSize : 19 <-- 1.962831 s
currentSize : 20 <-- 2.785393 s
currentSize : 21 <-- 2.896764 s
currentSize : 22 <-- 3.645843 s
currentSize : 23 <-- 3.648101 s
currentSize : 24 <-- 3.648749 s
currentSize : 25 <-- 3.648933 s

maxsize : 25
nodes : 2610568.000000
filtered : 110056201.000000
CCGP filtered : 312967.000000
CCGT filtered : 84802.000000
time : 33.549603
