Parameters: GAD=1 vflib=1 dir=0 label=0 lowerbound=1 fileNameGp=../graphsdb/mcs70/m3D/m3Dr2/mcs70_m3Dr2_s35.A81 fileNameGt=../graphsdb/mcs70/m3D/m3Dr2/mcs70_m3Dr2_s35.B81
Reading graphs...
35 :  78
35 :  78
Initializing...
maxdom : 35
D->valSize : 1225
Solving...
currentSize : 18 <-- 0.020060 s
currentSize : 19 <-- 0.020305 s
currentSize : 20 <-- 0.095709 s
currentSize : 21 <-- 1.463673 s
currentSize : 22 <-- 1.468726 s
currentSize : 23 <-- 150.950439 s
currentSize : 24 <-- 264.136658 s
currentSize : 25 <-- 361.119141 s
currentSize : 28 <-- 395.797180 s

maxsize : 28
nodes : 39100203.000000
filtered : 1038245625.000000
CCGP filtered : 108179556.000000
CCGT filtered : 57612117.000000
time : 401.290314
