Parameters: GAD=1 vflib=1 dir=0 label=0 lowerbound=1 fileNameGp=../graphsdb/mcs70/bvg/b03m/mcs70_b03m_s30.A79 fileNameGt=../graphsdb/mcs70/bvg/b03m/mcs70_b03m_s30.B79
Reading graphs...
30 :  44
30 :  45
Initializing...
maxdom : 30
D->valSize : 900
Solving...
currentSize : 11 <-- 0.011243 s
currentSize : 14 <-- 0.011300 s
currentSize : 15 <-- 0.011818 s
currentSize : 18 <-- 0.012103 s
currentSize : 19 <-- 0.012248 s
currentSize : 20 <-- 0.148225 s
currentSize : 21 <-- 0.159916 s
currentSize : 22 <-- 1.738079 s
currentSize : 23 <-- 2.051936 s

maxsize : 23
nodes : 562189.000000
filtered : 13862053.000000
CCGP filtered : 8671547.000000
CCGT filtered : 4652073.000000
time : 5.391044
