Parameters: GAD=1 vflib=1 dir=0 label=0 lowerbound=1 fileNameGp=../graphsdb/mcs70/bvg/b09m/mcs70_b09m_s35.A87 fileNameGt=../graphsdb/mcs70/bvg/b09m/mcs70_b09m_s35.B87
Reading graphs...
35 :  153
35 :  152
Initializing...
maxdom : 35
D->valSize : 1225
Solving...
currentSize : 13 <-- 0.018294 s
currentSize : 14 <-- 0.018384 s
currentSize : 15 <-- 0.019140 s
currentSize : 16 <-- 0.022844 s
currentSize : 17 <-- 0.339759 s
currentSize : 18 <-- 283.551483 s
currentSize : 20 <-- 342.074341 s
currentSize : 23 <-- 342.074493 s
currentSize : 24 <-- 342.075104 s

maxsize : 24
nodes : 32193169.000000
filtered : 708226332.000000
CCGP filtered : 19376703.000000
CCGT filtered : 23448032.000000
time : 371.878021
