Parameters: GAD=1 vflib=1 dir=0 label=0 lowerbound=1 fileNameGp=../graphsdb/mcs70/rand/r005/mcs70_r005_s35.A42 fileNameGt=../graphsdb/mcs70/rand/r005/mcs70_r005_s35.B42
Reading graphs...
35 :  58
35 :  58
Initializing...
maxdom : 35
D->valSize : 1225
Solving...
currentSize : 18 <-- 0.036252 s
currentSize : 19 <-- 0.036397 s
currentSize : 20 <-- 0.133013 s
currentSize : 21 <-- 0.796319 s
currentSize : 22 <-- 0.799166 s
currentSize : 23 <-- 1.277306 s
currentSize : 24 <-- 8.123071 s
currentSize : 25 <-- 19.658676 s
currentSize : 26 <-- 19.658739 s

maxsize : 26
nodes : 2291665.000000
filtered : 67987617.000000
CCGP filtered : 34342626.000000
CCGT filtered : 15262148.000000
time : 25.143845
