Parameters: GAD=1 vflib=1 dir=0 label=0 lowerbound=1 fileNameGp=../graphsdb/mcs70/bvg/b03m/mcs70_b03m_s35.A28 fileNameGt=../graphsdb/mcs70/bvg/b03m/mcs70_b03m_s35.B28
Reading graphs...
35 :  52
35 :  52
Initializing...
maxdom : 35
D->valSize : 1225
Solving...
currentSize : 14 <-- 0.026169 s
currentSize : 15 <-- 0.026214 s
currentSize : 16 <-- 0.026541 s
currentSize : 17 <-- 0.026879 s
currentSize : 18 <-- 0.029746 s
currentSize : 19 <-- 0.030675 s
currentSize : 21 <-- 0.031252 s
currentSize : 22 <-- 0.031414 s
currentSize : 23 <-- 0.040663 s
currentSize : 24 <-- 0.771744 s
currentSize : 25 <-- 0.802872 s
currentSize : 26 <-- 74.370270 s

maxsize : 26
nodes : 8345477.000000
filtered : 239340514.000000
CCGP filtered : 166248394.000000
CCGT filtered : 78809311.000000
time : 90.194916
