Parameters: GAD=1 vflib=1 dir=0 label=0 lowerbound=1 fileNameGp=../graphsdb/mcs70/bvg/b09/mcs70_b09_s35.A70 fileNameGt=../graphsdb/mcs70/bvg/b09/mcs70_b09_s35.B70
Reading graphs...
35 :  155
35 :  156
Initializing...
maxdom : 35
D->valSize : 1225
Solving...
currentSize : 11 <-- 0.018160 s
currentSize : 12 <-- 0.018210 s
currentSize : 13 <-- 0.018872 s
currentSize : 14 <-- 0.020315 s
currentSize : 15 <-- 0.020807 s
currentSize : 16 <-- 0.023603 s
currentSize : 17 <-- 0.050668 s
currentSize : 18 <-- 0.079683 s
currentSize : 19 <-- 0.091869 s
currentSize : 20 <-- 0.192329 s
currentSize : 21 <-- 0.340849 s
currentSize : 22 <-- 2.087316 s
currentSize : 25 <-- 2.090391 s

maxsize : 25
nodes : 1352877.000000
filtered : 71723626.000000
CCGP filtered : 518558.000000
CCGT filtered : 80431.000000
time : 17.971121
