Parameters: GAD=1 vflib=1 dir=0 label=0 lowerbound=1 fileNameGp=../graphsdb/mcs70/bvg/b09m/mcs70_b09m_s35.A51 fileNameGt=../graphsdb/mcs70/bvg/b09m/mcs70_b09m_s35.B51
Reading graphs...
35 :  152
35 :  153
Initializing...
maxdom : 35
D->valSize : 1225
Solving...
currentSize : 12 <-- 0.018449 s
currentSize : 13 <-- 0.018538 s
currentSize : 14 <-- 0.019509 s
currentSize : 15 <-- 0.037024 s
currentSize : 16 <-- 0.103279 s
currentSize : 17 <-- 62.504612 s
currentSize : 20 <-- 109.149521 s
currentSize : 22 <-- 153.910049 s
currentSize : 23 <-- 249.410812 s
currentSize : 24 <-- 249.411682 s

maxsize : 24
nodes : 22049608.000000
filtered : 612496630.000000
CCGP filtered : 3739041.000000
CCGT filtered : 13151068.000000
time : 271.497437
