Parameters: GAD=1 vflib=1 dir=0 label=0 lowerbound=1 fileNameGp=../graphsdb/mcs70/bvg/b06/mcs70_b06_s30.A37 fileNameGt=../graphsdb/mcs70/bvg/b06/mcs70_b06_s30.B37
Reading graphs...
30 :  87
30 :  90
Initializing...
maxdom : 30
D->valSize : 900
Solving...
currentSize : 12 <-- 0.010198 s
currentSize : 13 <-- 0.010389 s
currentSize : 14 <-- 0.010903 s
currentSize : 15 <-- 0.011556 s
currentSize : 16 <-- 0.021705 s
currentSize : 17 <-- 0.035386 s
currentSize : 18 <-- 0.153226 s
currentSize : 19 <-- 0.441998 s
currentSize : 20 <-- 1.687664 s
currentSize : 21 <-- 2.461893 s
currentSize : 22 <-- 2.899983 s

maxsize : 22
nodes : 872254.000000
filtered : 27277940.000000
CCGP filtered : 1309823.000000
CCGT filtered : 611574.000000
time : 8.550402
