Parameters: GAD=1 vflib=1 dir=0 label=0 lowerbound=1 fileNameGp=../graphsdb/mcs70/rand/r005/mcs70_r005_s35.A34 fileNameGt=../graphsdb/mcs70/rand/r005/mcs70_r005_s35.B34
Reading graphs...
35 :  57
35 :  58
Initializing...
maxdom : 35
D->valSize : 1225
Solving...
currentSize : 11 <-- 0.036409 s
currentSize : 15 <-- 0.036482 s
currentSize : 17 <-- 0.036782 s
currentSize : 18 <-- 0.037945 s
currentSize : 20 <-- 0.041091 s
currentSize : 21 <-- 0.102342 s
currentSize : 22 <-- 0.723133 s
currentSize : 23 <-- 1.851982 s
currentSize : 24 <-- 1.876746 s
currentSize : 25 <-- 2.621528 s

maxsize : 25
nodes : 15908511.000000
filtered : 452130348.000000
CCGP filtered : 188497163.000000
CCGT filtered : 78105340.000000
time : 169.207855
