Parameters: GAD=1 vflib=1 dir=0 label=0 lowerbound=1 fileNameGp=../graphsdb/mcs70/bvg/b09/mcs70_b09_s35.A96 fileNameGt=../graphsdb/mcs70/bvg/b09/mcs70_b09_s35.B96
Reading graphs...
35 :  155
35 :  155
Initializing...
maxdom : 35
D->valSize : 1225
Solving...
currentSize : 13 <-- 0.018952 s
currentSize : 14 <-- 0.019221 s
currentSize : 15 <-- 0.023922 s
currentSize : 16 <-- 0.027912 s
currentSize : 17 <-- 0.268120 s
currentSize : 18 <-- 0.806250 s
currentSize : 19 <-- 1.776366 s
currentSize : 20 <-- 2.361413 s
currentSize : 23 <-- 2.361679 s
currentSize : 25 <-- 2.913322 s

maxsize : 25
nodes : 1932154.000000
filtered : 92590423.000000
CCGP filtered : 163018.000000
CCGT filtered : 213535.000000
time : 25.988092
