Parameters: GAD=1 vflib=1 dir=0 label=0 lowerbound=1 fileNameGp=../graphsdb/mcs70/m2D/m2Dr2/mcs70_m2Dr2_s35.A85 fileNameGt=../graphsdb/mcs70/m2D/m2Dr2/mcs70_m2Dr2_s35.B85
Reading graphs...
35 :  65
35 :  64
Initializing...
maxdom : 35
D->valSize : 1225
Solving...
currentSize : 13 <-- 0.035715 s
currentSize : 17 <-- 0.035949 s
currentSize : 18 <-- 0.037101 s
currentSize : 19 <-- 0.038768 s
currentSize : 20 <-- 0.049605 s
currentSize : 21 <-- 0.056258 s
currentSize : 22 <-- 2.139149 s
currentSize : 23 <-- 7.020178 s
currentSize : 24 <-- 31.970833 s
currentSize : 25 <-- 58.753063 s
currentSize : 26 <-- 58.753139 s

maxsize : 26
nodes : 9307970.000000
filtered : 291641176.000000
CCGP filtered : 79690945.000000
CCGT filtered : 44818414.000000
time : 104.990173
