Parameters: GAD=1 vflib=1 dir=0 label=0 lowerbound=1 fileNameGp=../graphsdb/mcs70/m2D/m2Dr4/mcs70_m2Dr4_s35.A07 fileNameGt=../graphsdb/mcs70/m2D/m2Dr4/mcs70_m2Dr4_s35.B07
Reading graphs...
35 :  72
35 :  72
Initializing...
maxdom : 35
D->valSize : 1225
Solving...
currentSize : 13 <-- 0.035451 s
currentSize : 16 <-- 0.035637 s
currentSize : 17 <-- 0.041118 s
currentSize : 18 <-- 0.044265 s
currentSize : 19 <-- 0.113282 s
currentSize : 20 <-- 0.117358 s
currentSize : 21 <-- 2.256548 s
currentSize : 22 <-- 6.029992 s
currentSize : 23 <-- 21.441410 s
currentSize : 24 <-- 219.346573 s
currentSize : 25 <-- 339.121796 s

maxsize : 25
nodes : 36450629.000000
filtered : 1079701493.000000
CCGP filtered : 126198333.000000
CCGT filtered : 126385668.000000
time : 402.497650
