Parameters: GAD=1 vflib=1 dir=0 label=0 lowerbound=1 fileNameGp=../graphsdb/mcs70/m3D/m3Dr6/mcs70_m3Dr6_s35.A53 fileNameGt=../graphsdb/mcs70/m3D/m3Dr6/mcs70_m3Dr6_s35.B53
Reading graphs...
35 :  91
35 :  91
Initializing...
maxdom : 35
D->valSize : 1225
Solving...
currentSize : 15 <-- 0.034352 s
currentSize : 16 <-- 0.034726 s
currentSize : 17 <-- 0.034866 s
currentSize : 18 <-- 0.045534 s
currentSize : 19 <-- 0.066589 s
currentSize : 20 <-- 0.133403 s
currentSize : 21 <-- 0.932378 s
currentSize : 23 <-- 8.449239 s
currentSize : 24 <-- 361.249969 s
currentSize : 25 <-- 361.250610 s
currentSize : 27 <-- 361.250824 s

maxsize : 27
nodes : 31304409.000000
filtered : 1052600701.000000
CCGP filtered : 48555155.000000
CCGT filtered : 44963599.000000
time : 366.257355
