Parameters: GAD=1 vflib=1 dir=0 label=0 lowerbound=1 fileNameGp=../graphsdb/mcs70/bvg/b06m/mcs70_b06m_s30.A65 fileNameGt=../graphsdb/mcs70/bvg/b06m/mcs70_b06m_s30.B65
Reading graphs...
30 :  89
30 :  89
Initializing...
maxdom : 30
D->valSize : 900
Solving...
currentSize : 12 <-- 0.017810 s
currentSize : 13 <-- 0.018311 s
currentSize : 14 <-- 0.021564 s
currentSize : 15 <-- 0.038127 s
currentSize : 16 <-- 0.071402 s
currentSize : 17 <-- 0.747772 s
currentSize : 18 <-- 104.923363 s
currentSize : 19 <-- 127.759216 s
currentSize : 21 <-- 128.013474 s

maxsize : 21
nodes : 14085179.000000
filtered : 307556112.000000
CCGP filtered : 23175852.000000
CCGT filtered : 14790326.000000
time : 135.369354
