Parameters: GAD=1 vflib=1 dir=0 label=0 lowerbound=1 fileNameGp=../graphsdb/mcs70/rand/r02/mcs70_r02_s30.A42 fileNameGt=../graphsdb/mcs70/rand/r02/mcs70_r02_s30.B42
Reading graphs...
30 :  153
30 :  159
Initializing...
maxdom : 30
D->valSize : 900
Solving...
currentSize : 10 <-- 0.009370 s
currentSize : 11 <-- 0.009425 s
currentSize : 12 <-- 0.009579 s
currentSize : 13 <-- 0.088482 s
currentSize : 14 <-- 2.302572 s
currentSize : 15 <-- 2.603365 s
currentSize : 16 <-- 2.930774 s
currentSize : 19 <-- 3.184109 s
currentSize : 21 <-- 6.036635 s

maxsize : 21
nodes : 1004707.000000
filtered : 30654461.000000
CCGP filtered : 45917.000000
CCGT filtered : 72836.000000
time : 11.547822
