Parameters: GAD=1 vflib=1 dir=0 label=0 lowerbound=1 fileNameGp=../graphsdb/mcs70/m3D/m3Dr4/mcs70_m3Dr4_s35.A40 fileNameGt=../graphsdb/mcs70/m3D/m3Dr4/mcs70_m3Dr4_s35.B40
Reading graphs...
35 :  85
35 :  85
Initializing...
maxdom : 35
D->valSize : 1225
Solving...
currentSize : 16 <-- 0.020159 s
currentSize : 17 <-- 0.020191 s
currentSize : 18 <-- 0.021637 s
currentSize : 19 <-- 0.075230 s
currentSize : 20 <-- 0.374032 s
currentSize : 21 <-- 27.060867 s
currentSize : 22 <-- 57.417664 s
currentSize : 23 <-- 59.066902 s
currentSize : 24 <-- 106.452850 s
currentSize : 25 <-- 177.330750 s
currentSize : 27 <-- 194.537277 s

maxsize : 27
nodes : 18783194.000000
filtered : 574437485.000000
CCGP filtered : 36277151.000000
CCGT filtered : 34855363.000000
time : 209.804626
