Parameters: GAD=1 vflib=1 dir=0 label=0 lowerbound=1 fileNameGp=../graphsdb/mcs70/bvg/b03/mcs70_b03_s35.A11 fileNameGt=../graphsdb/mcs70/bvg/b03/mcs70_b03_s35.B11
Reading graphs...
35 :  52
35 :  52
Initializing...
maxdom : 35
D->valSize : 1225
Solving...
currentSize : 19 <-- 0.036665 s
currentSize : 20 <-- 0.037629 s
currentSize : 21 <-- 0.038897 s
currentSize : 22 <-- 0.047801 s
currentSize : 23 <-- 0.167692 s
currentSize : 24 <-- 0.170478 s
currentSize : 25 <-- 0.174246 s
currentSize : 26 <-- 2.740734 s
currentSize : 27 <-- 7.234060 s
currentSize : 28 <-- 11.795732 s

maxsize : 28
nodes : 1905064.000000
filtered : 55394292.000000
CCGP filtered : 42641794.000000
CCGT filtered : 20644345.000000
time : 21.841208
