Parameters: GAD=1 vflib=1 dir=0 label=0 lowerbound=1 fileNameGp=../graphsdb/mcs70/rand/r01/mcs70_r01_s35.A18 fileNameGt=../graphsdb/mcs70/rand/r01/mcs70_r01_s35.B18
Reading graphs...
35 :  111
35 :  114
Initializing...
maxdom : 35
D->valSize : 1225
Solving...
currentSize : 10 <-- 0.024223 s
currentSize : 12 <-- 0.024258 s
currentSize : 13 <-- 0.024374 s
currentSize : 14 <-- 0.024581 s
currentSize : 15 <-- 0.024968 s
currentSize : 16 <-- 0.025607 s
currentSize : 17 <-- 0.098819 s
currentSize : 18 <-- 0.121204 s
currentSize : 19 <-- 3.332486 s
currentSize : 20 <-- 2331.830566 s
currentSize : 22 <-- 2570.348389 s
currentSize : 24 <-- 2570.348633 s

maxsize : 24
nodes : 252694617.000000
filtered : 5324829499.000000
CCGP filtered : 324985082.000000
CCGT filtered : 181916125.000000
time : 2645.505615
