Parameters: GAD=1 vflib=1 dir=0 label=0 lowerbound=1 fileNameGp=../graphsdb/mcs70/m2D/m2Dr2/mcs70_m2Dr2_s35.A83 fileNameGt=../graphsdb/mcs70/m2D/m2Dr2/mcs70_m2Dr2_s35.B83
Reading graphs...
35 :  65
35 :  65
Initializing...
maxdom : 35
D->valSize : 1225
Solving...
currentSize : 15 <-- 0.020458 s
currentSize : 16 <-- 0.020662 s
currentSize : 17 <-- 0.022021 s
currentSize : 18 <-- 0.022055 s
currentSize : 19 <-- 0.023072 s
currentSize : 21 <-- 0.023643 s
currentSize : 22 <-- 0.023704 s
currentSize : 23 <-- 0.214172 s
currentSize : 24 <-- 2.032664 s
currentSize : 25 <-- 61.123158 s
currentSize : 26 <-- 78.289635 s

maxsize : 26
nodes : 10702598.000000
filtered : 348058206.000000
CCGP filtered : 78563123.000000
CCGT filtered : 51910185.000000
time : 118.348854
