Parameters: GAD=1 vflib=1 dir=0 label=0 lowerbound=1 fileNameGp=../graphsdb/mcs70/bvg/b06m/mcs70_b06m_s35.A95 fileNameGt=../graphsdb/mcs70/bvg/b06m/mcs70_b06m_s35.B95
Reading graphs...
35 :  101
35 :  104
Initializing...
maxdom : 35
D->valSize : 1225
Solving...
currentSize : 13 <-- 0.019161 s
currentSize : 14 <-- 0.019219 s
currentSize : 16 <-- 0.019297 s
currentSize : 17 <-- 0.020289 s
currentSize : 18 <-- 0.178450 s
currentSize : 19 <-- 1.843759 s
currentSize : 20 <-- 7.231006 s
currentSize : 21 <-- 147.998398 s
currentSize : 22 <-- 405.635498 s
currentSize : 23 <-- 585.925842 s
currentSize : 24 <-- 728.383362 s
currentSize : 25 <-- 728.383484 s

maxsize : 25
nodes : 65250731.000000
filtered : 2043583496.000000
CCGP filtered : 110119371.000000
CCGT filtered : 85946140.000000
time : 743.501221
