Parameters: GAD=1 vflib=1 dir=0 label=0 lowerbound=1 fileNameGp=../graphsdb/mcs70/rand/r02/mcs70_r02_s35.A50 fileNameGt=../graphsdb/mcs70/rand/r02/mcs70_r02_s35.B50
Reading graphs...
35 :  215
35 :  218
Initializing...
maxdom : 35
D->valSize : 1225
Solving...
currentSize : 9 <-- 0.029402 s
currentSize : 10 <-- 0.029454 s
currentSize : 11 <-- 0.029866 s
currentSize : 12 <-- 0.031970 s
currentSize : 13 <-- 0.034452 s
currentSize : 14 <-- 0.145923 s
currentSize : 15 <-- 22.842075 s
currentSize : 18 <-- 716.388367 s
currentSize : 21 <-- 855.071350 s
currentSize : 24 <-- 912.144104 s

maxsize : 24
nodes : 76760576.000000
filtered : 1037333425.000000
CCGP filtered : 796918.000000
CCGT filtered : 905642.000000
time : 935.348389
