Parameters: GAD=1 vflib=1 dir=0 label=0 lowerbound=1 fileNameGp=../graphsdb/mcs70/m2D/m2Dr4/mcs70_m2Dr4_s35.A99 fileNameGt=../graphsdb/mcs70/m2D/m2Dr4/mcs70_m2Dr4_s35.B99
Reading graphs...
35 :  72
35 :  72
Initializing...
maxdom : 35
D->valSize : 1225
Solving...
currentSize : 14 <-- 0.020308 s
currentSize : 16 <-- 0.020383 s
currentSize : 17 <-- 0.020492 s
currentSize : 18 <-- 0.021156 s
currentSize : 19 <-- 0.036512 s
currentSize : 20 <-- 0.132933 s
currentSize : 21 <-- 0.971797 s
currentSize : 22 <-- 29.891968 s
currentSize : 23 <-- 164.497192 s
currentSize : 25 <-- 167.172531 s

maxsize : 25
nodes : 31091231.000000
filtered : 902956110.000000
CCGP filtered : 157400633.000000
CCGT filtered : 103217569.000000
time : 331.294830
