Parameters: GAD=1 vflib=1 dir=0 label=0 lowerbound=1 fileNameGp=../graphsdb/mcs70/rand/r02/mcs70_r02_s35.A58 fileNameGt=../graphsdb/mcs70/rand/r02/mcs70_r02_s35.B58
Reading graphs...
35 :  213
35 :  208
Initializing...
maxdom : 35
D->valSize : 1225
Solving...
currentSize : 10 <-- 0.017392 s
currentSize : 11 <-- 0.017501 s
currentSize : 12 <-- 0.021263 s
currentSize : 13 <-- 0.064541 s
currentSize : 14 <-- 0.109501 s
currentSize : 15 <-- 2.067719 s
currentSize : 16 <-- 4.674492 s
currentSize : 17 <-- 4.674637 s
currentSize : 19 <-- 4.674998 s
currentSize : 24 <-- 4.676093 s

maxsize : 24
nodes : 2738122.000000
filtered : 125661538.000000
CCGP filtered : 35759.000000
CCGT filtered : 25002.000000
time : 38.709984
