Parameters: GAD=1 vflib=1 dir=0 label=0 lowerbound=1 fileNameGp=../graphsdb/mcs70/bvg/b09m/mcs70_b09m_s35.A00 fileNameGt=../graphsdb/mcs70/bvg/b09m/mcs70_b09m_s35.B00
Reading graphs...
35 :  153
35 :  154
Initializing...
maxdom : 35
D->valSize : 1225
Solving...
currentSize : 13 <-- 0.018877 s
currentSize : 14 <-- 0.019256 s
currentSize : 15 <-- 0.021663 s
currentSize : 16 <-- 0.021715 s
currentSize : 17 <-- 0.334746 s
currentSize : 18 <-- 329.191803 s
currentSize : 19 <-- 581.660278 s
currentSize : 20 <-- 627.493164 s
currentSize : 22 <-- 652.070068 s
currentSize : 24 <-- 779.096069 s

maxsize : 24
nodes : 68131585.000000
filtered : 1556320301.000000
CCGP filtered : 24709020.000000
CCGT filtered : 17909411.000000
time : 792.812927
