Parameters: GAD=1 vflib=1 dir=0 label=0 lowerbound=1 fileNameGp=../graphsdb/mcs70/rand/r01/mcs70_r01_s30.A74 fileNameGt=../graphsdb/mcs70/rand/r01/mcs70_r01_s30.B74
Reading graphs...
30 :  81
30 :  81
Initializing...
maxdom : 30
D->valSize : 900
Solving...
currentSize : 11 <-- 0.010363 s
currentSize : 12 <-- 0.010474 s
currentSize : 13 <-- 0.010769 s
currentSize : 14 <-- 0.012269 s
currentSize : 15 <-- 0.030802 s
currentSize : 16 <-- 0.034742 s
currentSize : 17 <-- 2.050079 s
currentSize : 18 <-- 3.213503 s
currentSize : 19 <-- 106.881165 s
currentSize : 21 <-- 113.277794 s

maxsize : 21
nodes : 13356565.000000
filtered : 277982340.000000
CCGP filtered : 17769003.000000
CCGT filtered : 11753921.000000
time : 122.055618
