Parameters: GAD=1 vflib=1 dir=0 label=0 lowerbound=1 fileNameGp=../graphsdb/mcs70/m2D/m2Dr6/m2Dr6/mcs70_m2Dr6_s35.A44 fileNameGt=../graphsdb/mcs70/m2D/m2Dr6/m2Dr6/mcs70_m2Dr6_s35.B44
Reading graphs...
35 :  77
35 :  75
Initializing...
maxdom : 35
D->valSize : 1225
Solving...
currentSize : 17 <-- 0.024741 s
currentSize : 18 <-- 0.025260 s
currentSize : 19 <-- 0.027193 s
currentSize : 20 <-- 0.054518 s
currentSize : 21 <-- 0.353247 s
currentSize : 22 <-- 2.495747 s
currentSize : 23 <-- 12.714225 s
currentSize : 24 <-- 52.045532 s
currentSize : 25 <-- 84.826973 s

maxsize : 25
nodes : 17209348.000000
filtered : 598207567.000000
CCGP filtered : 57752238.000000
CCGT filtered : 43404962.000000
time : 195.402084
