Parameters: GAD=1 vflib=1 dir=0 label=0 lowerbound=1 fileNameGp=../graphsdb/mcs70/rand/r005/mcs70_r005_s30.A84 fileNameGt=../graphsdb/mcs70/rand/r005/mcs70_r005_s30.B84
Reading graphs...
30 :  41
30 :  40
Initializing...
maxdom : 30
D->valSize : 900
Solving...
currentSize : 8 <-- 0.019518 s
currentSize : 10 <-- 0.019674 s
currentSize : 11 <-- 0.019755 s
currentSize : 12 <-- 0.019855 s
currentSize : 13 <-- 0.019914 s
currentSize : 15 <-- 0.023104 s
currentSize : 16 <-- 0.023196 s
currentSize : 17 <-- 0.026887 s
currentSize : 18 <-- 0.128223 s
currentSize : 19 <-- 0.129185 s
currentSize : 20 <-- 0.139186 s
currentSize : 21 <-- 0.140606 s
currentSize : 23 <-- 0.901892 s
currentSize : 24 <-- 1.021334 s

maxsize : 24
nodes : 114557.000000
filtered : 2891794.000000
CCGP filtered : 3414679.000000
CCGT filtered : 2983519.000000
time : 1.313238
