Parameters: GAD=1 vflib=1 dir=0 label=0 lowerbound=1 fileNameGp=../graphsdb/mcs70/rand/r01/mcs70_r01_s25.A35 fileNameGt=../graphsdb/mcs70/rand/r01/mcs70_r01_s25.B35
Reading graphs...
25 :  54
25 :  55
Initializing...
maxdom : 25
D->valSize : 625
Solving...
currentSize : 8 <-- 0.005071 s
currentSize : 9 <-- 0.005193 s
currentSize : 10 <-- 0.005578 s
currentSize : 11 <-- 0.005737 s
currentSize : 12 <-- 0.008517 s
currentSize : 13 <-- 0.012024 s
currentSize : 14 <-- 0.015142 s
currentSize : 15 <-- 0.019350 s
currentSize : 16 <-- 0.078387 s
currentSize : 17 <-- 3.986695 s

maxsize : 17
nodes : 588724.000000
filtered : 12025278.000000
CCGP filtered : 3605802.000000
CCGT filtered : 1450021.000000
time : 4.774809
