Parameters: GAD=1 vflib=1 dir=0 label=0 lowerbound=1 fileNameGp=../graphsdb/mcs70/m2D/m2D/mcs70_m2D_s35.A77 fileNameGt=../graphsdb/mcs70/m2D/m2D/mcs70_m2D_s35.B77
Reading graphs...
35 :  58
35 :  58
Initializing...
maxdom : 35
D->valSize : 1225
Solving...
currentSize : 18 <-- 0.020645 s
currentSize : 19 <-- 0.022436 s
currentSize : 20 <-- 0.025093 s
currentSize : 21 <-- 0.029018 s
currentSize : 22 <-- 0.041127 s
currentSize : 23 <-- 0.235097 s
currentSize : 24 <-- 0.235659 s
currentSize : 25 <-- 2.820629 s
currentSize : 27 <-- 2.892388 s

maxsize : 27
nodes : 2529476.000000
filtered : 90918104.000000
CCGP filtered : 41012106.000000
CCGT filtered : 12986932.000000
time : 29.359844
