Parameters: GAD=1 vflib=1 dir=0 label=0 lowerbound=1 fileNameGp=../graphsdb/mcs70/rand/r02/mcs70_r02_s35.A54 fileNameGt=../graphsdb/mcs70/rand/r02/mcs70_r02_s35.B54
Reading graphs...
35 :  215
35 :  218
Initializing...
maxdom : 35
D->valSize : 1225
Solving...
currentSize : 11 <-- 0.017076 s
currentSize : 12 <-- 0.017205 s
currentSize : 13 <-- 0.032695 s
currentSize : 14 <-- 1.560455 s
currentSize : 15 <-- 16.004238 s
currentSize : 16 <-- 75.789734 s
currentSize : 17 <-- 581.818298 s
currentSize : 18 <-- 1058.566895 s
currentSize : 24 <-- 1270.655884 s

maxsize : 24
nodes : 103715827.000000
filtered : 1681602288.000000
CCGP filtered : 572052.000000
CCGT filtered : 2778224.000000
time : 1301.789551
