Parameters: GAD=1 vflib=1 dir=0 label=0 lowerbound=1 fileNameGp=../graphsdb/mcs70/rand/r01/mcs70_r01_s35.A62 fileNameGt=../graphsdb/mcs70/rand/r01/mcs70_r01_s35.B62
Reading graphs...
35 :  112
35 :  115
Initializing...
maxdom : 35
D->valSize : 1225
Solving...
currentSize : 12 <-- 0.019252 s
currentSize : 13 <-- 0.019333 s
currentSize : 15 <-- 0.019465 s
currentSize : 16 <-- 0.019822 s
currentSize : 17 <-- 0.020077 s
currentSize : 18 <-- 0.029931 s
currentSize : 19 <-- 0.496611 s
currentSize : 20 <-- 140.989563 s
currentSize : 21 <-- 684.310791 s
currentSize : 23 <-- 1577.040039 s
currentSize : 24 <-- 1604.957275 s

maxsize : 24
nodes : 144400099.000000
filtered : 3919854597.000000
CCGP filtered : 131890713.000000
CCGT filtered : 64592891.000000
time : 1635.891357
