Parameters: GAD=1 vflib=1 dir=0 label=0 lowerbound=1 fileNameGp=../graphsdb/mcs70/rand/r005/mcs70_r005_s30.A28 fileNameGt=../graphsdb/mcs70/rand/r005/mcs70_r005_s30.B28
Reading graphs...
30 :  42
30 :  42
Initializing...
maxdom : 30
D->valSize : 900
Solving...
currentSize : 13 <-- 0.019679 s
currentSize : 14 <-- 0.019894 s
currentSize : 15 <-- 0.020191 s
currentSize : 16 <-- 0.020407 s
currentSize : 18 <-- 0.021100 s
currentSize : 19 <-- 0.022044 s
currentSize : 20 <-- 0.130712 s
currentSize : 21 <-- 0.966262 s
currentSize : 22 <-- 3.711356 s

maxsize : 22
nodes : 594426.000000
filtered : 14057556.000000
CCGP filtered : 11644704.000000
CCGT filtered : 5046037.000000
time : 5.638593
