Parameters: GAD=1 vflib=1 dir=0 label=0 lowerbound=1 fileNameGp=../graphsdb/mcs70/bvg/b03m/mcs70_b03m_s35.A55 fileNameGt=../graphsdb/mcs70/bvg/b03m/mcs70_b03m_s35.B55
Reading graphs...
35 :  52
35 :  52
Initializing...
maxdom : 35
D->valSize : 1225
Solving...
currentSize : 18 <-- 0.021104 s
currentSize : 20 <-- 0.021218 s
currentSize : 21 <-- 0.022230 s
currentSize : 22 <-- 0.045803 s
currentSize : 23 <-- 0.391694 s
currentSize : 24 <-- 2.175376 s
currentSize : 25 <-- 3.322934 s
currentSize : 26 <-- 6.096348 s
currentSize : 27 <-- 7.161219 s

maxsize : 27
nodes : 2212482.000000
filtered : 64292101.000000
CCGP filtered : 53890471.000000
CCGT filtered : 21853757.000000
time : 24.373589
