Parameters: GAD=1 vflib=1 dir=0 label=0 lowerbound=1 fileNameGp=../graphsdb/mcs70/bvg/b06/mcs70_b06_s25.A63 fileNameGt=../graphsdb/mcs70/bvg/b06/mcs70_b06_s25.B63
Reading graphs...
25 :  74
25 :  75
Initializing...
maxdom : 25
D->valSize : 625
Solving...
currentSize : 11 <-- 0.005011 s
currentSize : 12 <-- 0.005038 s
currentSize : 13 <-- 0.008043 s
currentSize : 14 <-- 0.028934 s
currentSize : 15 <-- 0.121568 s
currentSize : 16 <-- 0.485061 s
currentSize : 17 <-- 0.855220 s
currentSize : 18 <-- 0.875802 s
currentSize : 19 <-- 0.886059 s

maxsize : 19
nodes : 151631.000000
filtered : 3100845.000000
CCGP filtered : 122132.000000
CCGT filtered : 95078.000000
time : 1.212788
