Parameters: GAD=1 vflib=1 dir=0 label=0 lowerbound=1 fileNameGp=../graphsdb/mcs70/bvg/b03m/mcs70_b03m_s35.A45 fileNameGt=../graphsdb/mcs70/bvg/b03m/mcs70_b03m_s35.B45
Reading graphs...
35 :  51
35 :  51
Initializing...
maxdom : 35
D->valSize : 1225
Solving...
currentSize : 12 <-- 0.021094 s
currentSize : 16 <-- 0.021337 s
currentSize : 17 <-- 0.021354 s
currentSize : 19 <-- 0.021411 s
currentSize : 20 <-- 0.025014 s
currentSize : 21 <-- 0.042882 s
currentSize : 22 <-- 0.111376 s
currentSize : 25 <-- 0.165012 s
currentSize : 26 <-- 0.165314 s

maxsize : 26
nodes : 2637326.000000
filtered : 78988029.000000
CCGP filtered : 64734700.000000
CCGT filtered : 34769400.000000
time : 31.016628
