Parameters: GAD=1 vflib=1 dir=0 label=0 lowerbound=1 fileNameGp=../graphsdb/mcs70/rand/r005/mcs70_r005_s35.A12 fileNameGt=../graphsdb/mcs70/rand/r005/mcs70_r005_s35.B12
Reading graphs...
35 :  55
35 :  57
Initializing...
maxdom : 35
D->valSize : 1225
Solving...
currentSize : 11 <-- 0.020893 s
currentSize : 12 <-- 0.021357 s
currentSize : 13 <-- 0.022810 s
currentSize : 14 <-- 0.022835 s
currentSize : 15 <-- 0.025741 s
currentSize : 16 <-- 0.025830 s
currentSize : 17 <-- 0.030580 s
currentSize : 18 <-- 0.030716 s
currentSize : 19 <-- 0.030869 s
currentSize : 20 <-- 0.031045 s
currentSize : 21 <-- 0.076988 s
currentSize : 22 <-- 0.505152 s
currentSize : 23 <-- 10.529969 s
currentSize : 25 <-- 84.733070 s
currentSize : 27 <-- 84.761574 s

maxsize : 27
nodes : 8894940.000000
filtered : 182954416.000000
CCGP filtered : 123584755.000000
CCGT filtered : 58028707.000000
time : 87.560219
