Parameters: GAD=1 vflib=1 dir=0 label=0 lowerbound=1 fileNameGp=../graphsdb/mcs70/rand/r02/mcs70_r02_s35.A19 fileNameGt=../graphsdb/mcs70/rand/r02/mcs70_r02_s35.B19
Reading graphs...
35 :  214
35 :  215
Initializing...
maxdom : 35
D->valSize : 1225
Solving...
currentSize : 12 <-- 0.017443 s
currentSize : 13 <-- 0.024614 s
currentSize : 14 <-- 2.876971 s
currentSize : 15 <-- 267.394623 s
currentSize : 16 <-- 337.230408 s
currentSize : 17 <-- 337.230621 s
currentSize : 18 <-- 356.934692 s
currentSize : 20 <-- 356.934937 s
currentSize : 24 <-- 428.049011 s

maxsize : 24
nodes : 39858215.000000
filtered : 610833839.000000
CCGP filtered : 914041.000000
CCGT filtered : 815153.000000
time : 470.987061
