Parameters: GAD=1 vflib=1 dir=0 label=0 lowerbound=1 fileNameGp=../graphsdb/mcs70/m3D/m3Dr2/mcs70_m3Dr2_s35.A71 fileNameGt=../graphsdb/mcs70/m3D/m3Dr2/mcs70_m3Dr2_s35.B71
Reading graphs...
35 :  79
35 :  79
Initializing...
maxdom : 35
D->valSize : 1225
Solving...
currentSize : 17 <-- 0.020116 s
currentSize : 19 <-- 0.020180 s
currentSize : 20 <-- 0.020253 s
currentSize : 21 <-- 0.066271 s
currentSize : 22 <-- 5.861246 s
currentSize : 23 <-- 138.274323 s
currentSize : 24 <-- 138.274551 s
currentSize : 25 <-- 138.285065 s
currentSize : 26 <-- 149.778580 s
currentSize : 27 <-- 175.814362 s

maxsize : 27
nodes : 18880624.000000
filtered : 512303526.000000
CCGP filtered : 41718460.000000
CCGT filtered : 29490724.000000
time : 194.494873
