Parameters: GAD=1 vflib=1 dir=0 label=0 lowerbound=1 fileNameGp=../graphsdb/mcs90/bvg/b06m/mcs90_b06m_s35.A11 fileNameGt=../graphsdb/mcs90/bvg/b06m/mcs90_b06m_s35.B11
Reading graphs...
35 :  101
35 :  100
Initializing...
maxdom : 35
D->valSize : 1225
Solving...
currentSize : 13 <-- 0.024565 s
currentSize : 15 <-- 0.025080 s
currentSize : 16 <-- 0.025504 s
currentSize : 17 <-- 0.032582 s
currentSize : 18 <-- 0.038931 s
currentSize : 19 <-- 0.067471 s
currentSize : 20 <-- 0.150120 s
currentSize : 21 <-- 16.129471 s
currentSize : 22 <-- 102.961754 s
currentSize : 23 <-- 108.045921 s
currentSize : 24 <-- 110.908737 s
currentSize : 25 <-- 135.019333 s
currentSize : 27 <-- 135.033524 s
currentSize : 28 <-- 135.033585 s
currentSize : 31 <-- 135.702194 s

maxsize : 31
nodes : 11929171.000000
filtered : 355552824.000000
CCGP filtered : 46294919.000000
CCGT filtered : 30223958.000000
time : 135.736359
