Parameters: GAD=1 vflib=1 dir=0 label=0 lowerbound=1 fileNameGp=../graphsdb/mcs90/bvg/b03m/mcs90_b03m_s25.A80 fileNameGt=../graphsdb/mcs90/bvg/b03m/mcs90_b03m_s25.B80
Reading graphs...
25 :  37
25 :  37
Initializing...
maxdom : 25
D->valSize : 625
Solving...
currentSize : 8 <-- 0.009228 s
currentSize : 12 <-- 0.009402 s
currentSize : 13 <-- 0.009448 s
currentSize : 14 <-- 0.009468 s
currentSize : 15 <-- 0.009531 s
currentSize : 16 <-- 0.010886 s
currentSize : 17 <-- 0.117342 s
currentSize : 18 <-- 0.285957 s
currentSize : 19 <-- 0.381136 s
currentSize : 20 <-- 0.398864 s
currentSize : 22 <-- 0.401486 s

maxsize : 22
nodes : 50734.000000
filtered : 944633.000000
CCGP filtered : 463901.000000
CCGT filtered : 310310.000000
time : 0.422225
