Parameters: GAD=1 vflib=1 dir=0 label=0 lowerbound=1 fileNameGp=../graphsdb/mcs90/rand/r01/mcs90_r01_s30.A04 fileNameGt=../graphsdb/mcs90/rand/r01/mcs90_r01_s30.B04
Reading graphs...
30 :  79
30 :  79
Initializing...
maxdom : 30
D->valSize : 900
Solving...
currentSize : 14 <-- 0.017841 s
currentSize : 15 <-- 0.033450 s
currentSize : 16 <-- 0.044489 s
currentSize : 17 <-- 0.303641 s
currentSize : 18 <-- 1.365934 s
currentSize : 19 <-- 2.206437 s
currentSize : 20 <-- 8.430523 s
currentSize : 21 <-- 9.272682 s
currentSize : 23 <-- 9.470457 s
currentSize : 27 <-- 10.660384 s

maxsize : 27
nodes : 1148075.000000
filtered : 25995718.000000
CCGP filtered : 1123089.000000
CCGT filtered : 703312.000000
time : 10.668724
