Parameters: GAD=1 vflib=1 dir=0 label=0 lowerbound=1 fileNameGp=../graphsdb/mcs90/rand/r005/mcs90_r005_s30.A18 fileNameGt=../graphsdb/mcs90/rand/r005/mcs90_r005_s30.B18
Reading graphs...
30 :  42
30 :  42
Initializing...
maxdom : 30
D->valSize : 900
Solving...
currentSize : 16 <-- 0.011291 s
currentSize : 17 <-- 0.012829 s
currentSize : 18 <-- 0.021518 s
currentSize : 19 <-- 0.041311 s
currentSize : 20 <-- 0.953937 s
currentSize : 21 <-- 1.052866 s
currentSize : 22 <-- 1.117788 s
currentSize : 23 <-- 1.238394 s
currentSize : 24 <-- 1.238666 s
currentSize : 27 <-- 1.245386 s

maxsize : 27
nodes : 133070.000000
filtered : 2430502.000000
CCGP filtered : 2829253.000000
CCGT filtered : 1456723.000000
time : 1.260032
