Parameters: GAD=1 vflib=1 dir=0 label=0 lowerbound=1 fileNameGp=../graphsdb/mcs90/rand/r005/mcs90_r005_s30.A33 fileNameGt=../graphsdb/mcs90/rand/r005/mcs90_r005_s30.B33
Reading graphs...
30 :  41
30 :  41
Initializing...
maxdom : 30
D->valSize : 900
Solving...
currentSize : 16 <-- 0.011337 s
currentSize : 17 <-- 0.020072 s
currentSize : 18 <-- 0.020667 s
currentSize : 19 <-- 0.124279 s
currentSize : 20 <-- 0.259650 s
currentSize : 21 <-- 0.394425 s
currentSize : 22 <-- 0.394435 s
currentSize : 24 <-- 0.394889 s
currentSize : 25 <-- 0.394905 s
currentSize : 26 <-- 0.394985 s
currentSize : 27 <-- 0.395392 s

maxsize : 27
nodes : 46499.000000
filtered : 752746.000000
CCGP filtered : 627808.000000
CCGT filtered : 390792.000000
time : 0.414086
