Parameters: GAD=1 vflib=1 dir=0 label=0 lowerbound=1 fileNameGp=../graphsdb/mcs90/bvg/b09m/mcs90_b09m_s35.A28 fileNameGt=../graphsdb/mcs90/bvg/b09m/mcs90_b09m_s35.B28
Reading graphs...
35 :  153
35 :  154
Initializing...
maxdom : 35
D->valSize : 1225
Solving...
currentSize : 12 <-- 0.018099 s
currentSize : 13 <-- 0.018157 s
currentSize : 14 <-- 0.022257 s
currentSize : 15 <-- 0.181569 s
currentSize : 16 <-- 1.276222 s
currentSize : 17 <-- 92.796295 s
currentSize : 18 <-- 256.048950 s
currentSize : 20 <-- 287.258789 s
currentSize : 23 <-- 332.700867 s
currentSize : 24 <-- 335.609619 s
currentSize : 26 <-- 342.237030 s
currentSize : 27 <-- 342.237213 s
currentSize : 28 <-- 342.237457 s
currentSize : 30 <-- 342.237671 s

maxsize : 30
nodes : 29277893.000000
filtered : 568326867.000000
CCGP filtered : 7715514.000000
CCGT filtered : 18991231.000000
time : 342.538757
