Parameters: GAD=1 vflib=1 dir=0 label=0 lowerbound=1 fileNameGp=../graphsdb/mcs90/bvg/b06/mcs90_b06_s30.A92 fileNameGt=../graphsdb/mcs90/bvg/b06/mcs90_b06_s30.B92
Reading graphs...
30 :  90
30 :  90
Initializing...
maxdom : 30
D->valSize : 900
Solving...
currentSize : 14 <-- 0.010146 s
currentSize : 15 <-- 0.011659 s
currentSize : 16 <-- 0.014386 s
currentSize : 17 <-- 0.125489 s
currentSize : 18 <-- 0.142711 s
currentSize : 19 <-- 0.173039 s
currentSize : 20 <-- 0.237333 s
currentSize : 21 <-- 0.264997 s
currentSize : 22 <-- 0.312647 s
currentSize : 23 <-- 0.318160 s
currentSize : 24 <-- 0.326342 s
currentSize : 25 <-- 0.326529 s
currentSize : 27 <-- 0.327065 s
currentSize : 28 <-- 0.348396 s

maxsize : 28
nodes : 43724.000000
filtered : 621692.000000
CCGP filtered : 11670.000000
CCGT filtered : 21667.000000
time : 0.354346
