Parameters: GAD=1 vflib=1 dir=0 label=0 lowerbound=1 fileNameGp=../graphsdb/mcs90/m2D/m2D/mcs90_m2D_s30.A54 fileNameGt=../graphsdb/mcs90/m2D/m2D/mcs90_m2D_s30.B54
Reading graphs...
30 :  49
30 :  49
Initializing...
maxdom : 30
D->valSize : 900
Solving...
currentSize : 10 <-- 0.011381 s
currentSize : 11 <-- 0.011420 s
currentSize : 17 <-- 0.011614 s
currentSize : 18 <-- 0.012100 s
currentSize : 19 <-- 0.012767 s
currentSize : 20 <-- 0.013505 s
currentSize : 21 <-- 0.013870 s
currentSize : 22 <-- 0.021954 s
currentSize : 23 <-- 0.089627 s
currentSize : 25 <-- 0.839825 s

maxsize : 25
nodes : 126745.000000
filtered : 3558202.000000
CCGP filtered : 1587421.000000
CCGT filtered : 309896.000000
time : 1.187651
