Parameters: GAD=1 vflib=1 dir=0 label=0 lowerbound=1 fileNameGp=../graphsdb/mcs90/bvg/b03m/mcs90_b03m_s30.A57 fileNameGt=../graphsdb/mcs90/bvg/b03m/mcs90_b03m_s30.B57
Reading graphs...
30 :  45
30 :  45
Initializing...
maxdom : 30
D->valSize : 900
Solving...
currentSize : 17 <-- 0.011038 s
currentSize : 18 <-- 0.011065 s
currentSize : 19 <-- 0.012012 s
currentSize : 20 <-- 0.026946 s
currentSize : 21 <-- 0.040857 s
currentSize : 22 <-- 0.129799 s
currentSize : 23 <-- 0.469421 s
currentSize : 24 <-- 2.042469 s
currentSize : 26 <-- 2.042781 s

maxsize : 26
nodes : 236144.000000
filtered : 5334280.000000
CCGP filtered : 3913551.000000
CCGT filtered : 1602519.000000
time : 2.148706
