Parameters: GAD=1 vflib=1 dir=0 label=0 lowerbound=1 fileNameGp=../graphsdb/mcs90/m3D/m3D/mcs90_m3D_s30.A92 fileNameGt=../graphsdb/mcs90/m3D/m3D/mcs90_m3D_s30.B92
Reading graphs...
30 :  61
30 :  61
Initializing...
maxdom : 30
D->valSize : 900
Solving...
currentSize : 18 <-- 0.010629 s
currentSize : 19 <-- 0.010762 s
currentSize : 20 <-- 0.037453 s
currentSize : 21 <-- 0.054968 s
currentSize : 22 <-- 0.113617 s
currentSize : 23 <-- 1.208417 s
currentSize : 24 <-- 1.262570 s
currentSize : 25 <-- 2.214629 s
currentSize : 27 <-- 2.424347 s

maxsize : 27
nodes : 279265.000000
filtered : 7793282.000000
CCGP filtered : 307303.000000
CCGT filtered : 70723.000000
time : 2.473922
