Parameters: GAD=1 vflib=1 dir=0 label=0 lowerbound=1 fileNameGp=../graphsdb/mcs90/rand/r01/mcs90_r01_s30.A50 fileNameGt=../graphsdb/mcs90/rand/r01/mcs90_r01_s30.B50
Reading graphs...
30 :  82
30 :  83
Initializing...
maxdom : 30
D->valSize : 900
Solving...
currentSize : 14 <-- 0.010238 s
currentSize : 15 <-- 0.010879 s
currentSize : 16 <-- 0.013819 s
currentSize : 17 <-- 0.035189 s
currentSize : 18 <-- 0.146143 s
currentSize : 19 <-- 5.936643 s
currentSize : 21 <-- 7.482089 s
currentSize : 22 <-- 7.845958 s
currentSize : 27 <-- 7.848783 s

maxsize : 27
nodes : 824056.000000
filtered : 17802891.000000
CCGP filtered : 1117515.000000
CCGT filtered : 1051286.000000
time : 7.861066
