Parameters: GAD=1 vflib=1 dir=0 label=0 lowerbound=1 fileNameGp=../graphsdb/mcs90/bvg/b06/mcs90_b06_s35.A94 fileNameGt=../graphsdb/mcs90/bvg/b06/mcs90_b06_s35.B94
Reading graphs...
35 :  105
35 :  105
Initializing...
maxdom : 35
D->valSize : 1225
Solving...
currentSize : 18 <-- 0.018998 s
currentSize : 19 <-- 0.019044 s
currentSize : 20 <-- 0.019262 s
currentSize : 21 <-- 0.019462 s
currentSize : 22 <-- 0.027733 s
currentSize : 23 <-- 0.031445 s
currentSize : 24 <-- 0.031499 s
currentSize : 25 <-- 0.042948 s
currentSize : 26 <-- 0.043041 s
currentSize : 27 <-- 0.043074 s
currentSize : 28 <-- 0.043173 s
currentSize : 29 <-- 0.043372 s
currentSize : 31 <-- 0.045624 s
currentSize : 32 <-- 0.068452 s

maxsize : 32
nodes : 11708.000000
filtered : 489911.000000
CCGP filtered : 6052.000000
CCGT filtered : 1195.000000
time : 0.160758
