Parameters: GAD=1 vflib=1 dir=0 label=0 lowerbound=1 fileNameGp=../graphsdb/mcs90/bvg/b03m/mcs90_b03m_s30.A40 fileNameGt=../graphsdb/mcs90/bvg/b03m/mcs90_b03m_s30.B40
Reading graphs...
30 :  44
30 :  44
Initializing...
maxdom : 30
D->valSize : 900
Solving...
currentSize : 14 <-- 0.019335 s
currentSize : 15 <-- 0.020338 s
currentSize : 17 <-- 0.020526 s
currentSize : 18 <-- 0.024359 s
currentSize : 19 <-- 0.024422 s
currentSize : 20 <-- 0.053272 s
currentSize : 21 <-- 0.053314 s
currentSize : 22 <-- 0.890233 s
currentSize : 23 <-- 1.288225 s
currentSize : 24 <-- 1.511772 s
currentSize : 25 <-- 1.661041 s
currentSize : 26 <-- 1.661131 s

maxsize : 26
nodes : 197650.000000
filtered : 3927073.000000
CCGP filtered : 3558254.000000
CCGT filtered : 1935640.000000
time : 1.781630
