Parameters: GAD=1 vflib=1 dir=0 label=0 lowerbound=1 fileNameGp=../graphsdb/mcs90/bvg/b09/mcs90_b09_s25.A50 fileNameGt=../graphsdb/mcs90/bvg/b09/mcs90_b09_s25.B50
Reading graphs...
25 :  111
25 :  111
Initializing...
maxdom : 25
D->valSize : 625
Solving...
currentSize : 8 <-- 0.004572 s
currentSize : 9 <-- 0.004699 s
currentSize : 10 <-- 0.004905 s
currentSize : 11 <-- 0.005052 s
currentSize : 12 <-- 0.006547 s
currentSize : 13 <-- 0.007845 s
currentSize : 14 <-- 0.008478 s
currentSize : 15 <-- 0.008602 s
currentSize : 18 <-- 0.009208 s
currentSize : 22 <-- 0.011932 s
currentSize : 23 <-- 0.016361 s

maxsize : 23
nodes : 2929.000000
filtered : 153371.000000
CCGP filtered : 50.000000
CCGT filtered : 47.000000
time : 0.037809
