Parameters: GAD=1 vflib=1 dir=0 label=0 lowerbound=1 fileNameGp=../graphsdb/mcs90/rand/r02/mcs90_r02_s30.A26 fileNameGt=../graphsdb/mcs90/rand/r02/mcs90_r02_s30.B26
Reading graphs...
30 :  157
30 :  159
Initializing...
maxdom : 30
D->valSize : 900
Solving...
currentSize : 10 <-- 0.009459 s
currentSize : 11 <-- 0.009563 s
currentSize : 12 <-- 0.010817 s
currentSize : 13 <-- 0.033555 s
currentSize : 14 <-- 3.396171 s
currentSize : 16 <-- 3.613645 s
currentSize : 19 <-- 12.695486 s
currentSize : 20 <-- 15.936239 s
currentSize : 27 <-- 16.652725 s

maxsize : 27
nodes : 1500296.000000
filtered : 27009748.000000
CCGP filtered : 40416.000000
CCGT filtered : 61779.000000
time : 16.676865
