Parameters: GAD=1 vflib=1 dir=0 label=0 lowerbound=1 fileNameGp=../graphsdb/mcs90/m2D/m2Dr4/mcs90_m2Dr4_s30.A27 fileNameGt=../graphsdb/mcs90/m2D/m2Dr4/mcs90_m2Dr4_s30.B27
Reading graphs...
30 :  60
30 :  59
Initializing...
maxdom : 30
D->valSize : 900
Solving...
currentSize : 16 <-- 0.018803 s
currentSize : 17 <-- 0.019634 s
currentSize : 18 <-- 0.019707 s
currentSize : 19 <-- 0.021110 s
currentSize : 20 <-- 0.028543 s
currentSize : 21 <-- 0.384902 s
currentSize : 22 <-- 1.300036 s
currentSize : 24 <-- 1.331951 s
currentSize : 25 <-- 1.332156 s

maxsize : 25
nodes : 171760.000000
filtered : 4936810.000000
CCGP filtered : 799276.000000
CCGT filtered : 391665.000000
time : 1.682489
