Parameters: GAD=1 vflib=1 dir=0 label=0 lowerbound=1 fileNameGp=../graphsdb/mcs90/bvg/b09m/mcs90_b09m_s35.A89 fileNameGt=../graphsdb/mcs90/bvg/b09m/mcs90_b09m_s35.B89
Reading graphs...
35 :  151
35 :  152
Initializing...
maxdom : 35
D->valSize : 1225
Solving...
currentSize : 12 <-- 0.023349 s
currentSize : 14 <-- 0.023716 s
currentSize : 15 <-- 0.034698 s
currentSize : 16 <-- 0.226836 s
currentSize : 17 <-- 6.841858 s
currentSize : 19 <-- 198.955719 s
currentSize : 20 <-- 198.956116 s
currentSize : 21 <-- 223.453842 s
currentSize : 22 <-- 282.096222 s
currentSize : 24 <-- 282.100983 s
currentSize : 30 <-- 282.131165 s

maxsize : 30
nodes : 24932516.000000
filtered : 528663436.000000
CCGP filtered : 6950498.000000
CCGT filtered : 4600449.000000
time : 282.459747
