Parameters: GAD=1 vflib=1 dir=0 label=0 lowerbound=1 fileNameGp=../graphsdb/mcs90/rand/r005/mcs90_r005_s35.A20 fileNameGt=../graphsdb/mcs90/rand/r005/mcs90_r005_s35.B20
Reading graphs...
35 :  55
35 :  55
Initializing...
maxdom : 35
D->valSize : 1225
Solving...
currentSize : 15 <-- 0.021078 s
currentSize : 16 <-- 0.021213 s
currentSize : 17 <-- 0.021619 s
currentSize : 18 <-- 0.023934 s
currentSize : 19 <-- 0.052306 s
currentSize : 20 <-- 0.328916 s
currentSize : 21 <-- 1.342628 s
currentSize : 22 <-- 1.444461 s
currentSize : 23 <-- 1.815136 s
currentSize : 24 <-- 1.972999 s
currentSize : 25 <-- 2.217787 s
currentSize : 27 <-- 2.226300 s
currentSize : 28 <-- 2.237647 s
currentSize : 29 <-- 2.270638 s
currentSize : 30 <-- 2.270669 s
currentSize : 31 <-- 2.273264 s

maxsize : 31
nodes : 264464.000000
filtered : 4506503.000000
CCGP filtered : 4831370.000000
CCGT filtered : 1778414.000000
time : 2.315345
