Parameters: GAD=1 vflib=1 dir=0 label=0 lowerbound=1 fileNameGp=../graphsdb/mcs90/rand/r01/mcs90_r01_s30.A13 fileNameGt=../graphsdb/mcs90/rand/r01/mcs90_r01_s30.B13
Reading graphs...
30 :  81
30 :  81
Initializing...
maxdom : 30
D->valSize : 900
Solving...
currentSize : 13 <-- 0.015155 s
currentSize : 14 <-- 0.015432 s
currentSize : 15 <-- 0.022455 s
currentSize : 16 <-- 0.059706 s
currentSize : 17 <-- 0.350450 s
currentSize : 18 <-- 2.962805 s
currentSize : 19 <-- 11.560009 s
currentSize : 20 <-- 11.568157 s
currentSize : 21 <-- 12.528869 s
currentSize : 22 <-- 12.864328 s
currentSize : 27 <-- 12.864544 s

maxsize : 27
nodes : 1418437.000000
filtered : 26845774.000000
CCGP filtered : 1380062.000000
CCGT filtered : 1302849.000000
time : 12.882149
