Parameters: GAD=1 vflib=1 dir=0 label=0 lowerbound=1 fileNameGp=../graphsdb/mcs90/m4D/m4D/mcs90_m4D_s20.A96 fileNameGt=../graphsdb/mcs90/m4D/m4D/mcs90_m4D_s20.B96
Reading graphs...
20 :  37
20 :  37
Initializing...
maxdom : 20
D->valSize : 400
Solving...
currentSize : 7 <-- 0.002147 s
currentSize : 8 <-- 0.002239 s
currentSize : 9 <-- 0.002537 s
currentSize : 10 <-- 0.015047 s
currentSize : 11 <-- 0.015106 s
currentSize : 12 <-- 0.018135 s
currentSize : 13 <-- 0.018152 s
currentSize : 15 <-- 0.018236 s
currentSize : 16 <-- 0.018245 s

maxsize : 16
nodes : 6194.000000
filtered : 121744.000000
CCGP filtered : 47868.000000
CCGT filtered : 67606.000000
time : 0.047177
