Parameters: GAD=1 vflib=1 dir=0 label=0 lowerbound=1 fileNameGp=../graphsdb/mcs90/m2D/m2Dr6/mcs90_m2Dr6_s30.A89 fileNameGt=../graphsdb/mcs90/m2D/m2Dr6/mcs90_m2Dr6_s30.B89
Reading graphs...
30 :  67
30 :  66
Initializing...
maxdom : 30
D->valSize : 900
Solving...
currentSize : 13 <-- 0.010555 s
currentSize : 14 <-- 0.010669 s
currentSize : 15 <-- 0.010986 s
currentSize : 16 <-- 0.011553 s
currentSize : 17 <-- 0.012235 s
currentSize : 18 <-- 1.318430 s
currentSize : 19 <-- 2.938008 s
currentSize : 20 <-- 35.031479 s
currentSize : 21 <-- 35.203503 s
currentSize : 23 <-- 35.205048 s
currentSize : 25 <-- 35.205589 s

maxsize : 25
nodes : 4063510.000000
filtered : 73823618.000000
CCGP filtered : 6409292.000000
CCGT filtered : 5666059.000000
time : 35.820137
