Parameters: GAD=1 vflib=1 dir=0 label=0 lowerbound=1 fileNameGp=../graphsdb/mcs90/rand/r02/mcs90_r02_s25.A33 fileNameGt=../graphsdb/mcs90/rand/r02/mcs90_r02_s25.B33
Reading graphs...
25 :  109
25 :  109
Initializing...
maxdom : 25
D->valSize : 625
Solving...
currentSize : 9 <-- 0.004534 s
currentSize : 10 <-- 0.004655 s
currentSize : 11 <-- 0.005947 s
currentSize : 12 <-- 0.007519 s
currentSize : 13 <-- 0.520270 s
currentSize : 14 <-- 0.522071 s
currentSize : 15 <-- 1.764894 s
currentSize : 16 <-- 1.784170 s
currentSize : 17 <-- 1.800216 s
currentSize : 22 <-- 1.800372 s

maxsize : 22
nodes : 217042.000000
filtered : 2769973.000000
CCGP filtered : 720.000000
CCGT filtered : 8734.000000
time : 1.807103
