Parameters: GAD=1 vflib=1 dir=0 label=0 lowerbound=1 fileNameGp=../graphsdb/mcs90/bvg/b03m/mcs90_b03m_s30.A99 fileNameGt=../graphsdb/mcs90/bvg/b03m/mcs90_b03m_s30.B99
Reading graphs...
30 :  45
30 :  45
Initializing...
maxdom : 30
D->valSize : 900
Solving...
currentSize : 12 <-- 0.019355 s
currentSize : 14 <-- 0.019391 s
currentSize : 15 <-- 0.019713 s
currentSize : 16 <-- 0.020004 s
currentSize : 17 <-- 0.020142 s
currentSize : 18 <-- 0.097376 s
currentSize : 19 <-- 0.218793 s
currentSize : 20 <-- 0.267309 s
currentSize : 21 <-- 0.298024 s
currentSize : 22 <-- 0.351833 s
currentSize : 23 <-- 0.362838 s
currentSize : 24 <-- 0.402359 s
currentSize : 25 <-- 0.431366 s
currentSize : 26 <-- 0.433914 s
currentSize : 27 <-- 0.433995 s

maxsize : 27
nodes : 54097.000000
filtered : 1135130.000000
CCGP filtered : 1159773.000000
CCGT filtered : 175294.000000
time : 0.459275
