Parameters: GAD=1 vflib=1 dir=0 label=0 lowerbound=1 fileNameGp=../graphsdb/mcs90/bvg/b09/mcs90_b09_s35.A71 fileNameGt=../graphsdb/mcs90/bvg/b09/mcs90_b09_s35.B71
Reading graphs...
35 :  156
35 :  157
Initializing...
maxdom : 35
D->valSize : 1225
Solving...
currentSize : 14 <-- 0.018197 s
currentSize : 15 <-- 0.019179 s
currentSize : 16 <-- 0.104996 s
currentSize : 17 <-- 0.135176 s
currentSize : 18 <-- 0.136839 s
currentSize : 19 <-- 0.352777 s
currentSize : 21 <-- 0.353267 s
currentSize : 23 <-- 0.353392 s
currentSize : 25 <-- 0.353614 s
currentSize : 27 <-- 0.356475 s
currentSize : 29 <-- 0.583891 s
currentSize : 30 <-- 0.718256 s

maxsize : 30
nodes : 90382.000000
filtered : 4917665.000000
CCGP filtered : 5134.000000
CCGT filtered : 47930.000000
time : 1.243789
