Parameters: GAD=1 vflib=1 dir=0 label=0 lowerbound=1 fileNameGp=../graphsdb/mcs90/bvg/b03/mcs90_b03_s35.A58 fileNameGt=../graphsdb/mcs90/bvg/b03/mcs90_b03_s35.B58
Reading graphs...
35 :  51
35 :  52
Initializing...
maxdom : 35
D->valSize : 1225
Solving...
currentSize : 21 <-- 0.036729 s
currentSize : 22 <-- 0.037225 s
currentSize : 23 <-- 0.037557 s
currentSize : 24 <-- 0.040683 s
currentSize : 25 <-- 0.052873 s
currentSize : 26 <-- 0.059644 s
currentSize : 27 <-- 0.086824 s
currentSize : 28 <-- 0.088170 s
currentSize : 29 <-- 0.116488 s
currentSize : 30 <-- 0.141272 s
currentSize : 31 <-- 0.382084 s
currentSize : 32 <-- 0.385941 s

maxsize : 32
nodes : 43602.000000
filtered : 1231946.000000
CCGP filtered : 501869.000000
CCGT filtered : 171542.000000
time : 0.487701
