Parameters: GAD=1 vflib=1 dir=0 label=0 lowerbound=1 fileNameGp=../graphsdb/mcs90/rand/r01/mcs90_r01_s35.A84 fileNameGt=../graphsdb/mcs90/rand/r01/mcs90_r01_s35.B84
Reading graphs...
35 :  111
35 :  111
Initializing...
maxdom : 35
D->valSize : 1225
Solving...
currentSize : 15 <-- 0.033248 s
currentSize : 16 <-- 0.033374 s
currentSize : 17 <-- 0.038876 s
currentSize : 18 <-- 0.085061 s
currentSize : 19 <-- 0.095081 s
currentSize : 20 <-- 91.844421 s
currentSize : 21 <-- 239.623154 s
currentSize : 22 <-- 358.150452 s
currentSize : 23 <-- 358.189148 s
currentSize : 25 <-- 358.226807 s
currentSize : 26 <-- 358.339752 s
currentSize : 31 <-- 358.340790 s

maxsize : 31
nodes : 32096296.000000
filtered : 734499661.000000
CCGP filtered : 29469617.000000
CCGT filtered : 47020895.000000
time : 358.464722
