Parameters: GAD=1 vflib=1 dir=0 label=0 lowerbound=1 fileNameGp=../graphsdb/mcs90/bvg/b09/mcs90_b09_s30.A95 fileNameGt=../graphsdb/mcs90/bvg/b09/mcs90_b09_s30.B95
Reading graphs...
30 :  134
30 :  134
Initializing...
maxdom : 30
D->valSize : 900
Solving...
currentSize : 14 <-- 0.009772 s
currentSize : 15 <-- 0.009827 s
currentSize : 16 <-- 0.009994 s
currentSize : 17 <-- 0.014623 s
currentSize : 18 <-- 0.023914 s
currentSize : 19 <-- 0.024301 s
currentSize : 20 <-- 0.024398 s
currentSize : 22 <-- 0.055857 s
currentSize : 26 <-- 0.061367 s

maxsize : 26
nodes : 23175.000000
filtered : 1107067.000000
CCGP filtered : 279.000000
CCGT filtered : 30.000000
time : 0.261028
