Parameters: GAD=1 vflib=1 dir=0 label=0 lowerbound=1 fileNameGp=../graphsdb/mcs90/m2D/m2Dr2/mcs90_m2Dr2_s30.A80 fileNameGt=../graphsdb/mcs90/m2D/m2Dr2/mcs90_m2Dr2_s30.B80
Reading graphs...
30 :  52
30 :  51
Initializing...
maxdom : 30
D->valSize : 900
Solving...
currentSize : 17 <-- 0.011064 s
currentSize : 18 <-- 0.013101 s
currentSize : 19 <-- 0.016966 s
currentSize : 20 <-- 0.070790 s
currentSize : 21 <-- 0.136744 s
currentSize : 22 <-- 0.331495 s
currentSize : 23 <-- 1.800974 s
currentSize : 24 <-- 2.594932 s
currentSize : 25 <-- 2.989873 s

maxsize : 25
nodes : 391049.000000
filtered : 10371754.000000
CCGP filtered : 2280866.000000
CCGT filtered : 840001.000000
time : 3.539371
