Parameters: GAD=1 vflib=1 dir=0 label=0 lowerbound=1 fileNameGp=../graphsdb/mcs90/bvg/b03m/mcs90_b03m_s35.A27 fileNameGt=../graphsdb/mcs90/bvg/b03m/mcs90_b03m_s35.B27
Reading graphs...
35 :  52
35 :  52
Initializing...
maxdom : 35
D->valSize : 1225
Solving...
currentSize : 19 <-- 0.021506 s
currentSize : 20 <-- 0.026111 s
currentSize : 21 <-- 0.027882 s
currentSize : 22 <-- 0.034781 s
currentSize : 23 <-- 0.045253 s
currentSize : 24 <-- 0.058151 s
currentSize : 25 <-- 0.136257 s
currentSize : 26 <-- 17.055635 s
currentSize : 27 <-- 22.509556 s
currentSize : 28 <-- 24.898628 s
currentSize : 30 <-- 24.932167 s

maxsize : 30
nodes : 2206347.000000
filtered : 59360784.000000
CCGP filtered : 48521959.000000
CCGT filtered : 33181577.000000
time : 25.381809
