Parameters: GAD=1 vflib=1 dir=0 label=0 lowerbound=1 fileNameGp=../graphsdb/mcs90/rand/r01/mcs90_r01_s35.A56 fileNameGt=../graphsdb/mcs90/rand/r01/mcs90_r01_s35.B56
Reading graphs...
35 :  115
35 :  112
Initializing...
maxdom : 35
D->valSize : 1225
Solving...
currentSize : 14 <-- 0.033044 s
currentSize : 16 <-- 0.034266 s
currentSize : 17 <-- 0.076793 s
currentSize : 18 <-- 0.180201 s
currentSize : 19 <-- 4.086038 s
currentSize : 20 <-- 4.200716 s
currentSize : 21 <-- 4.587938 s
currentSize : 22 <-- 5.929147 s
currentSize : 23 <-- 73.863487 s
currentSize : 24 <-- 76.436119 s
currentSize : 26 <-- 78.639450 s
currentSize : 31 <-- 79.759148 s

maxsize : 31
nodes : 6655724.000000
filtered : 214343835.000000
CCGP filtered : 4454356.000000
CCGT filtered : 7121923.000000
time : 79.822586
