Parameters: GAD=1 vflib=1 dir=0 label=0 lowerbound=1 fileNameGp=../graphsdb/mcs90/bvg/b03m/mcs90_b03m_s35.A60 fileNameGt=../graphsdb/mcs90/bvg/b03m/mcs90_b03m_s35.B60
Reading graphs...
35 :  52
35 :  52
Initializing...
maxdom : 35
D->valSize : 1225
Solving...
currentSize : 10 <-- 0.021537 s
currentSize : 16 <-- 0.021615 s
currentSize : 17 <-- 0.021876 s
currentSize : 18 <-- 0.021964 s
currentSize : 19 <-- 0.022237 s
currentSize : 20 <-- 0.042324 s
currentSize : 21 <-- 0.044387 s
currentSize : 22 <-- 0.053402 s
currentSize : 23 <-- 0.081137 s
currentSize : 24 <-- 0.155093 s
currentSize : 25 <-- 0.246299 s
currentSize : 26 <-- 0.616418 s
currentSize : 27 <-- 0.735201 s
currentSize : 28 <-- 0.911947 s
currentSize : 29 <-- 2.081948 s
currentSize : 30 <-- 2.083151 s

maxsize : 30
nodes : 210705.000000
filtered : 7110096.000000
CCGP filtered : 7124882.000000
CCGT filtered : 2122581.000000
time : 2.446988
