Parameters: GAD=1 vflib=1 dir=0 label=0 lowerbound=1 fileNameGp=../graphsdb/mcs90/bvg/b03/mcs90_b03_s30.A83 fileNameGt=../graphsdb/mcs90/bvg/b03/mcs90_b03_s30.B83
Reading graphs...
30 :  45
30 :  45
Initializing...
maxdom : 30
D->valSize : 900
Solving...
currentSize : 19 <-- 0.011411 s
currentSize : 20 <-- 0.011797 s
currentSize : 21 <-- 0.012836 s
currentSize : 22 <-- 0.012947 s
currentSize : 23 <-- 0.013841 s
currentSize : 24 <-- 0.015142 s
currentSize : 25 <-- 0.015568 s
currentSize : 26 <-- 0.017691 s
currentSize : 27 <-- 0.018610 s

maxsize : 27
nodes : 15247.000000
filtered : 465378.000000
CCGP filtered : 55048.000000
CCGT filtered : 9612.000000
time : 0.143527
