Parameters: GAD=1 vflib=1 dir=0 label=0 lowerbound=1 fileNameGp=../graphsdb/mcs90/bvg/b09m/mcs90_b09m_s35.A35 fileNameGt=../graphsdb/mcs90/bvg/b09m/mcs90_b09m_s35.B35
Reading graphs...
35 :  150
35 :  149
Initializing...
maxdom : 35
D->valSize : 1225
Solving...
currentSize : 14 <-- 0.023780 s
currentSize : 15 <-- 0.049871 s
currentSize : 16 <-- 0.514811 s
currentSize : 17 <-- 4.587594 s
currentSize : 18 <-- 220.452393 s
currentSize : 20 <-- 221.478439 s
currentSize : 21 <-- 221.587173 s
currentSize : 22 <-- 221.589798 s
currentSize : 25 <-- 230.924957 s
currentSize : 30 <-- 230.977005 s

maxsize : 30
nodes : 20028667.000000
filtered : 378486665.000000
CCGP filtered : 9517129.000000
CCGT filtered : 12542031.000000
time : 231.253876
