Parameters: GAD=1 vflib=1 dir=0 label=0 lowerbound=1 fileNameGp=../graphsdb/mcs90/bvg/b06m/mcs90_b06m_s35.A43 fileNameGt=../graphsdb/mcs90/bvg/b06m/mcs90_b06m_s35.B43
Reading graphs...
35 :  103
35 :  103
Initializing...
maxdom : 35
D->valSize : 1225
Solving...
currentSize : 14 <-- 0.020916 s
currentSize : 15 <-- 0.021088 s
currentSize : 16 <-- 0.021200 s
currentSize : 17 <-- 0.021677 s
currentSize : 18 <-- 0.023666 s
currentSize : 19 <-- 0.912974 s
currentSize : 20 <-- 1.389279 s
currentSize : 21 <-- 10.189410 s
currentSize : 22 <-- 10.189887 s
currentSize : 23 <-- 43.294514 s
currentSize : 24 <-- 61.100742 s
currentSize : 25 <-- 61.710449 s
currentSize : 26 <-- 65.188263 s
currentSize : 27 <-- 68.079834 s
currentSize : 31 <-- 68.223434 s

maxsize : 31
nodes : 5787068.000000
filtered : 199800825.000000
CCGP filtered : 14379455.000000
CCGT filtered : 14013623.000000
time : 68.280182
