Parameters: GAD=1 vflib=1 dir=0 label=0 lowerbound=1 fileNameGp=../graphsdb/mcs90/m3D/m3Dr4/mcs90_m3Dr4_s30.A56 fileNameGt=../graphsdb/mcs90/m3D/m3Dr4/mcs90_m3Dr4_s30.B56
Reading graphs...
30 :  72
30 :  70
Initializing...
maxdom : 30
D->valSize : 900
Solving...
currentSize : 16 <-- 0.011247 s
currentSize : 17 <-- 0.011441 s
currentSize : 18 <-- 0.011541 s
currentSize : 19 <-- 0.012927 s
currentSize : 20 <-- 0.020004 s
currentSize : 21 <-- 0.025216 s
currentSize : 22 <-- 1.202507 s
currentSize : 23 <-- 2.313952 s
currentSize : 27 <-- 2.331480 s

maxsize : 27
nodes : 265266.000000
filtered : 6537238.000000
CCGP filtered : 126001.000000
CCGT filtered : 83545.000000
time : 2.356625
