Parameters: GAD=1 vflib=1 dir=0 label=0 lowerbound=1 fileNameGp=../graphsdb/mcs90/rand/r02/mcs90_r02_s30.A41 fileNameGt=../graphsdb/mcs90/rand/r02/mcs90_r02_s30.B41
Reading graphs...
30 :  157
30 :  156
Initializing...
maxdom : 30
D->valSize : 900
Solving...
currentSize : 10 <-- 0.009261 s
currentSize : 11 <-- 0.009311 s
currentSize : 12 <-- 0.011972 s
currentSize : 13 <-- 0.012182 s
currentSize : 14 <-- 8.921974 s
currentSize : 15 <-- 20.216419 s
currentSize : 17 <-- 20.251856 s
currentSize : 18 <-- 23.671787 s
currentSize : 19 <-- 23.672615 s
currentSize : 21 <-- 24.614212 s
currentSize : 27 <-- 24.615091 s

maxsize : 27
nodes : 2397643.000000
filtered : 27804724.000000
CCGP filtered : 49757.000000
CCGT filtered : 63990.000000
time : 24.638178
