Parameters: GAD=1 vflib=1 dir=0 label=0 lowerbound=1 fileNameGp=../graphsdb/mcs90/rand/r02/mcs90_r02_s35.A65 fileNameGt=../graphsdb/mcs90/rand/r02/mcs90_r02_s35.B65
Reading graphs...
35 :  212
35 :  214
Initializing...
maxdom : 35
D->valSize : 1225
Solving...
currentSize : 10 <-- 0.017686 s
currentSize : 11 <-- 0.018022 s
currentSize : 12 <-- 0.019444 s
currentSize : 13 <-- 0.024547 s
currentSize : 14 <-- 3.050873 s
currentSize : 15 <-- 16.737007 s
currentSize : 16 <-- 32.339245 s
currentSize : 17 <-- 486.927979 s
currentSize : 20 <-- 627.137329 s
currentSize : 22 <-- 638.110046 s
currentSize : 23 <-- 666.747742 s
currentSize : 31 <-- 666.798218 s

maxsize : 31
nodes : 53425147.000000
filtered : 820531223.000000
CCGP filtered : 232164.000000
CCGT filtered : 658293.000000
time : 666.859436
