Parameters: GAD=1 vflib=1 dir=0 label=0 lowerbound=1 fileNameGp=../graphsdb/mcs90/bvg/b09/mcs90_b09_s35.A65 fileNameGt=../graphsdb/mcs90/bvg/b09/mcs90_b09_s35.B65
Reading graphs...
35 :  154
35 :  156
Initializing...
maxdom : 35
D->valSize : 1225
Solving...
currentSize : 13 <-- 0.018327 s
currentSize : 14 <-- 0.018750 s
currentSize : 15 <-- 0.033271 s
currentSize : 16 <-- 0.059180 s
currentSize : 17 <-- 0.083762 s
currentSize : 18 <-- 0.117900 s
currentSize : 21 <-- 0.164629 s
currentSize : 22 <-- 0.223045 s
currentSize : 24 <-- 0.228236 s
currentSize : 26 <-- 0.491940 s
currentSize : 30 <-- 0.492175 s
currentSize : 31 <-- 0.689505 s

maxsize : 31
nodes : 71790.000000
filtered : 2944064.000000
CCGP filtered : 1758.000000
CCGT filtered : 12395.000000
time : 0.898295
