Parameters: GAD=1 vflib=1 dir=0 label=0 lowerbound=1 fileNameGp=../graphsdb/mcs90/bvg/b09m/mcs90_b09m_s35.A92 fileNameGt=../graphsdb/mcs90/bvg/b09m/mcs90_b09m_s35.B92
Reading graphs...
35 :  152
35 :  152
Initializing...
maxdom : 35
D->valSize : 1225
Solving...
currentSize : 13 <-- 0.018273 s
currentSize : 14 <-- 0.030803 s
currentSize : 15 <-- 0.040145 s
currentSize : 16 <-- 0.158091 s
currentSize : 17 <-- 0.158374 s
currentSize : 18 <-- 10.021531 s
currentSize : 21 <-- 84.293846 s
currentSize : 24 <-- 84.325333 s
currentSize : 30 <-- 84.424675 s

maxsize : 30
nodes : 7489088.000000
filtered : 175056932.000000
CCGP filtered : 3723507.000000
CCGT filtered : 3468535.000000
time : 84.715195
