Parameters: GAD=1 vflib=1 dir=0 label=0 lowerbound=1 fileNameGp=../graphsdb/mcs90/bvg/b06m/mcs90_b06m_s30.A40 fileNameGt=../graphsdb/mcs90/bvg/b06m/mcs90_b06m_s30.B40
Reading graphs...
30 :  89
30 :  89
Initializing...
maxdom : 30
D->valSize : 900
Solving...
currentSize : 13 <-- 0.010235 s
currentSize : 14 <-- 0.010622 s
currentSize : 15 <-- 0.012385 s
currentSize : 16 <-- 0.012446 s
currentSize : 17 <-- 0.051506 s
currentSize : 18 <-- 0.465008 s
currentSize : 19 <-- 2.961671 s
currentSize : 20 <-- 4.796731 s
currentSize : 21 <-- 5.225564 s
currentSize : 27 <-- 5.739200 s

maxsize : 27
nodes : 567935.000000
filtered : 16457359.000000
CCGP filtered : 1940423.000000
CCGT filtered : 1031501.000000
time : 5.760940
