Parameters: GAD=1 vflib=1 dir=0 label=0 lowerbound=1 fileNameGp=../graphsdb/mcs90/rand/r02/mcs90_r02_s35.A49 fileNameGt=../graphsdb/mcs90/rand/r02/mcs90_r02_s35.B49
Reading graphs...
35 :  211
35 :  207
Initializing...
maxdom : 35
D->valSize : 1225
Solving...
currentSize : 9 <-- 0.029833 s
currentSize : 10 <-- 0.030019 s
currentSize : 11 <-- 0.030793 s
currentSize : 12 <-- 0.035173 s
currentSize : 13 <-- 0.048323 s
currentSize : 14 <-- 0.124573 s
currentSize : 15 <-- 30.709444 s
currentSize : 17 <-- 30.710794 s
currentSize : 20 <-- 30.834188 s
currentSize : 21 <-- 44.423878 s
currentSize : 22 <-- 51.333256 s
currentSize : 31 <-- 55.449406 s

maxsize : 31
nodes : 4547955.000000
filtered : 76965961.000000
CCGP filtered : 81198.000000
CCGT filtered : 242983.000000
time : 55.529930
