Parameters: GAD=1 vflib=1 dir=0 label=0 lowerbound=1 fileNameGp=../graphsdb/mcs90/m2D/m2D/mcs90_m2D_s30.A93 fileNameGt=../graphsdb/mcs90/m2D/m2D/mcs90_m2D_s30.B93
Reading graphs...
30 :  49
30 :  49
Initializing...
maxdom : 30
D->valSize : 900
Solving...
currentSize : 15 <-- 0.019190 s
currentSize : 16 <-- 0.020039 s
currentSize : 17 <-- 0.023148 s
currentSize : 18 <-- 0.023329 s
currentSize : 19 <-- 0.025937 s
currentSize : 20 <-- 0.042522 s
currentSize : 21 <-- 0.200982 s
currentSize : 22 <-- 0.846061 s
currentSize : 25 <-- 3.814120 s

maxsize : 25
nodes : 480528.000000
filtered : 11120840.000000
CCGP filtered : 5397995.000000
CCGT filtered : 1912455.000000
time : 4.342348
