Parameters: GAD=1 vflib=1 dir=0 label=0 lowerbound=1 fileNameGp=../graphsdb/mcs90/rand/r02/mcs90_r02_s30.A23 fileNameGt=../graphsdb/mcs90/rand/r02/mcs90_r02_s30.B23
Reading graphs...
30 :  155
30 :  155
Initializing...
maxdom : 30
D->valSize : 900
Solving...
currentSize : 10 <-- 0.009165 s
currentSize : 11 <-- 0.010192 s
currentSize : 12 <-- 0.012902 s
currentSize : 13 <-- 0.019387 s
currentSize : 14 <-- 0.151478 s
currentSize : 15 <-- 0.291495 s
currentSize : 16 <-- 2.753484 s
currentSize : 19 <-- 3.549130 s
currentSize : 23 <-- 5.889990 s
currentSize : 27 <-- 5.890427 s

maxsize : 27
nodes : 566836.000000
filtered : 12117153.000000
CCGP filtered : 12107.000000
CCGT filtered : 20277.000000
time : 5.901176
