Parameters: GAD=1 vflib=1 dir=0 label=0 lowerbound=1 fileNameGp=../graphsdb/mcs90/rand/r01/mcs90_r01_s30.A32 fileNameGt=../graphsdb/mcs90/rand/r01/mcs90_r01_s30.B32
Reading graphs...
30 :  85
30 :  84
Initializing...
maxdom : 30
D->valSize : 900
Solving...
currentSize : 13 <-- 0.010662 s
currentSize : 14 <-- 0.010791 s
currentSize : 15 <-- 0.011032 s
currentSize : 16 <-- 0.041088 s
currentSize : 17 <-- 1.155347 s
currentSize : 18 <-- 11.874244 s
currentSize : 19 <-- 18.566835 s
currentSize : 26 <-- 23.234356 s
currentSize : 27 <-- 23.234589 s

maxsize : 27
nodes : 2452056.000000
filtered : 43992968.000000
CCGP filtered : 2078765.000000
CCGT filtered : 3681717.000000
time : 23.248899
