Parameters: GAD=1 vflib=1 dir=0 label=0 lowerbound=1 fileNameGp=../graphsdb/mcs90/bvg/b09/mcs90_b09_s30.A86 fileNameGt=../graphsdb/mcs90/bvg/b09/mcs90_b09_s30.B86
Reading graphs...
30 :  132
30 :  133
Initializing...
maxdom : 30
D->valSize : 900
Solving...
currentSize : 13 <-- 0.016521 s
currentSize : 15 <-- 0.016713 s
currentSize : 16 <-- 0.016874 s
currentSize : 18 <-- 0.019616 s
currentSize : 19 <-- 0.023169 s
currentSize : 20 <-- 0.031051 s
currentSize : 21 <-- 0.056236 s
currentSize : 23 <-- 0.056452 s
currentSize : 24 <-- 0.056761 s
currentSize : 26 <-- 0.057271 s
currentSize : 27 <-- 0.120435 s

maxsize : 27
nodes : 10544.000000
filtered : 675470.000000
CCGP filtered : 105.000000
CCGT filtered : 80.000000
time : 0.163014
