Parameters: GAD=1 vflib=1 dir=0 label=0 lowerbound=1 fileNameGp=../graphsdb/mcs90/m3D/m3D/mcs90_m3D_s30.A94 fileNameGt=../graphsdb/mcs90/m3D/m3D/mcs90_m3D_s30.B94
Reading graphs...
30 :  61
30 :  61
Initializing...
maxdom : 30
D->valSize : 900
Solving...
currentSize : 16 <-- 0.011136 s
currentSize : 17 <-- 0.011209 s
currentSize : 18 <-- 0.014907 s
currentSize : 19 <-- 0.024133 s
currentSize : 20 <-- 0.033149 s
currentSize : 21 <-- 0.189592 s
currentSize : 22 <-- 0.628317 s
currentSize : 23 <-- 0.696241 s
currentSize : 27 <-- 0.879620 s

maxsize : 27
nodes : 110247.000000
filtered : 2337019.000000
CCGP filtered : 172754.000000
CCGT filtered : 61941.000000
time : 0.948794
