Parameters: GAD=1 vflib=1 dir=0 label=0 lowerbound=1 fileNameGp=../graphsdb/mcs90/m2D/m2Dr2/mcs90_m2Dr2_s30.A85 fileNameGt=../graphsdb/mcs90/m2D/m2Dr2/mcs90_m2Dr2_s30.B85
Reading graphs...
30 :  54
30 :  54
Initializing...
maxdom : 30
D->valSize : 900
Solving...
currentSize : 17 <-- 0.015676 s
currentSize : 18 <-- 0.015866 s
currentSize : 19 <-- 0.016086 s
currentSize : 20 <-- 0.048153 s
currentSize : 21 <-- 9.662840 s
currentSize : 22 <-- 40.039890 s
currentSize : 23 <-- 40.040009 s
currentSize : 24 <-- 41.356464 s
currentSize : 25 <-- 41.356838 s

maxsize : 25
nodes : 4517987.000000
filtered : 102577412.000000
CCGP filtered : 26196842.000000
CCGT filtered : 11302811.000000
time : 41.524529
