Parameters: GAD=1 vflib=1 dir=0 label=0 lowerbound=1 fileNameGp=../graphsdb/mcs90/bvg/b09m/mcs90_b09m_s30.A39 fileNameGt=../graphsdb/mcs90/bvg/b09m/mcs90_b09m_s30.B39
Reading graphs...
30 :  126
30 :  126
Initializing...
maxdom : 30
D->valSize : 900
Solving...
currentSize : 12 <-- 0.016680 s
currentSize : 13 <-- 0.017982 s
currentSize : 14 <-- 0.033374 s
currentSize : 15 <-- 3.718525 s
currentSize : 16 <-- 4.808566 s
currentSize : 17 <-- 4.993487 s
currentSize : 19 <-- 4.995509 s
currentSize : 22 <-- 4.995586 s
currentSize : 24 <-- 5.236697 s
currentSize : 26 <-- 5.378216 s

maxsize : 26
nodes : 555319.000000
filtered : 7789174.000000
CCGP filtered : 166956.000000
CCGT filtered : 155354.000000
time : 5.393295
