Parameters: GAD=1 vflib=1 dir=0 label=0 lowerbound=1 fileNameGp=../graphsdb/mcs90/bvg/b09/mcs90_b09_s25.A49 fileNameGt=../graphsdb/mcs90/bvg/b09/mcs90_b09_s25.B49
Reading graphs...
25 :  112
25 :  112
Initializing...
maxdom : 25
D->valSize : 625
Solving...
currentSize : 8 <-- 0.004925 s
currentSize : 10 <-- 0.005046 s
currentSize : 11 <-- 0.005409 s
currentSize : 12 <-- 0.006119 s
currentSize : 13 <-- 0.009056 s
currentSize : 14 <-- 0.009786 s
currentSize : 16 <-- 0.010015 s
currentSize : 18 <-- 0.010184 s
currentSize : 22 <-- 0.011872 s

maxsize : 22
nodes : 5950.000000
filtered : 298615.000000
CCGP filtered : 14.000000
CCGT filtered : 52.000000
time : 0.061112
