Parameters: GAD=1 vflib=1 dir=0 label=0 lowerbound=1 fileNameGp=../graphsdb/mcs90/bvg/b06/mcs90_b06_s35.A25 fileNameGt=../graphsdb/mcs90/bvg/b06/mcs90_b06_s35.B25
Reading graphs...
35 :  105
35 :  105
Initializing...
maxdom : 35
D->valSize : 1225
Solving...
currentSize : 18 <-- 0.033532 s
currentSize : 19 <-- 0.033906 s
currentSize : 22 <-- 0.034505 s
currentSize : 23 <-- 0.061627 s
currentSize : 24 <-- 0.061820 s
currentSize : 25 <-- 0.063545 s
currentSize : 26 <-- 0.064840 s
currentSize : 27 <-- 0.065756 s
currentSize : 28 <-- 0.066688 s
currentSize : 29 <-- 0.067784 s
currentSize : 31 <-- 0.090311 s

maxsize : 31
nodes : 24877.000000
filtered : 973842.000000
CCGP filtered : 2451.000000
CCGT filtered : 13507.000000
time : 0.500549
