Parameters: GAD=1 vflib=1 dir=0 label=0 lowerbound=1 fileNameGp=../graphsdb/mcs90/rand/r005/mcs90_r005_s30.A69 fileNameGt=../graphsdb/mcs90/rand/r005/mcs90_r005_s30.B69
Reading graphs...
30 :  42
30 :  42
Initializing...
maxdom : 30
D->valSize : 900
Solving...
currentSize : 16 <-- 0.019631 s
currentSize : 18 <-- 0.019705 s
currentSize : 20 <-- 0.029766 s
currentSize : 21 <-- 0.030844 s
currentSize : 22 <-- 0.063471 s
currentSize : 23 <-- 0.065712 s
currentSize : 24 <-- 0.077674 s
currentSize : 25 <-- 0.109557 s
currentSize : 27 <-- 0.109784 s

maxsize : 27
nodes : 10398.000000
filtered : 263519.000000
CCGP filtered : 56250.000000
CCGT filtered : 42274.000000
time : 0.118878
