Parameters: GAD=1 vflib=1 dir=0 label=0 lowerbound=1 fileNameGp=../graphsdb/mcs90/rand/r01/mcs90_r01_s35.A80 fileNameGt=../graphsdb/mcs90/rand/r01/mcs90_r01_s35.B80
Reading graphs...
35 :  114
35 :  114
Initializing...
maxdom : 35
D->valSize : 1225
Solving...
currentSize : 13 <-- 0.023601 s
currentSize : 14 <-- 0.023784 s
currentSize : 15 <-- 0.023843 s
currentSize : 16 <-- 0.025391 s
currentSize : 17 <-- 0.068583 s
currentSize : 18 <-- 0.211400 s
currentSize : 19 <-- 0.255108 s
currentSize : 20 <-- 84.605873 s
currentSize : 21 <-- 84.611824 s
currentSize : 22 <-- 84.732765 s
currentSize : 23 <-- 99.552498 s
currentSize : 26 <-- 107.637550 s
currentSize : 27 <-- 107.731781 s
currentSize : 31 <-- 107.738243 s

maxsize : 31
nodes : 9830028.000000
filtered : 220439581.000000
CCGP filtered : 5992037.000000
CCGT filtered : 6099533.000000
time : 107.858459
