Parameters: GAD=1 vflib=1 dir=0 label=0 lowerbound=1 fileNameGp=../graphsdb/mcs90/rand/r02/mcs90_r02_s35.A37 fileNameGt=../graphsdb/mcs90/rand/r02/mcs90_r02_s35.B37
Reading graphs...
35 :  212
35 :  209
Initializing...
maxdom : 35
D->valSize : 1225
Solving...
currentSize : 9 <-- 0.017418 s
currentSize : 10 <-- 0.017465 s
currentSize : 11 <-- 0.017498 s
currentSize : 12 <-- 0.017878 s
currentSize : 13 <-- 0.021991 s
currentSize : 15 <-- 0.028360 s
currentSize : 16 <-- 74.834015 s
currentSize : 18 <-- 157.824615 s
currentSize : 19 <-- 180.762039 s
currentSize : 20 <-- 180.762207 s
currentSize : 31 <-- 236.943954 s

maxsize : 31
nodes : 19141014.000000
filtered : 330361485.000000
CCGP filtered : 142635.000000
CCGT filtered : 628745.000000
time : 237.034698
