Parameters: GAD=1 vflib=1 dir=0 label=0 lowerbound=1 fileNameGp=../graphsdb/mcs90/rand/r01/mcs90_r01_s25.A46 fileNameGt=../graphsdb/mcs90/rand/r01/mcs90_r01_s25.B46
Reading graphs...
25 :  57
25 :  57
Initializing...
maxdom : 25
D->valSize : 625
Solving...
currentSize : 12 <-- 0.004988 s
currentSize : 13 <-- 0.005037 s
currentSize : 14 <-- 0.005654 s
currentSize : 15 <-- 0.014464 s
currentSize : 16 <-- 0.022656 s
currentSize : 17 <-- 2.635982 s
currentSize : 18 <-- 2.652856 s
currentSize : 20 <-- 2.653457 s
currentSize : 22 <-- 2.653543 s

maxsize : 22
nodes : 349867.000000
filtered : 5560326.000000
CCGP filtered : 374420.000000
CCGT filtered : 533310.000000
time : 2.661121
