Parameters: GAD=1 vflib=1 dir=0 label=0 lowerbound=1 fileNameGp=../graphsdb/mcs90/bvg/b03m/mcs90_b03m_s30.A91 fileNameGt=../graphsdb/mcs90/bvg/b03m/mcs90_b03m_s30.B91
Reading graphs...
30 :  44
30 :  44
Initializing...
maxdom : 30
D->valSize : 900
Solving...
currentSize : 8 <-- 0.011515 s
currentSize : 18 <-- 0.011592 s
currentSize : 19 <-- 0.014531 s
currentSize : 20 <-- 0.201471 s
currentSize : 21 <-- 0.306349 s
currentSize : 22 <-- 0.347808 s
currentSize : 23 <-- 0.846658 s
currentSize : 24 <-- 0.846817 s
currentSize : 26 <-- 0.847609 s
currentSize : 27 <-- 0.849755 s

maxsize : 27
nodes : 100846.000000
filtered : 1870855.000000
CCGP filtered : 1246544.000000
CCGT filtered : 985766.000000
time : 0.883408
