Parameters: GAD=1 vflib=1 dir=0 label=0 lowerbound=1 fileNameGp=../graphsdb/mcs90/bvg/b06m/mcs90_b06m_s35.A71 fileNameGt=../graphsdb/mcs90/bvg/b06m/mcs90_b06m_s35.B71
Reading graphs...
35 :  101
35 :  101
Initializing...
maxdom : 35
D->valSize : 1225
Solving...
currentSize : 14 <-- 0.019392 s
currentSize : 15 <-- 0.019478 s
currentSize : 16 <-- 0.019953 s
currentSize : 17 <-- 0.026365 s
currentSize : 18 <-- 0.030324 s
currentSize : 19 <-- 0.677236 s
currentSize : 20 <-- 4.824020 s
currentSize : 21 <-- 29.702101 s
currentSize : 22 <-- 62.115284 s
currentSize : 23 <-- 62.116173 s
currentSize : 24 <-- 62.146622 s
currentSize : 27 <-- 62.380348 s
currentSize : 30 <-- 62.381027 s
currentSize : 31 <-- 62.381207 s

maxsize : 31
nodes : 5856550.000000
filtered : 146979802.000000
CCGP filtered : 27820829.000000
CCGT filtered : 13765747.000000
time : 62.504200
