Parameters: GAD=1 vflib=1 dir=0 label=0 lowerbound=1 fileNameGp=../graphsdb/mcs90/bvg/b09/mcs90_b09_s35.A74 fileNameGt=../graphsdb/mcs90/bvg/b09/mcs90_b09_s35.B74
Reading graphs...
35 :  157
35 :  157
Initializing...
maxdom : 35
D->valSize : 1225
Solving...
currentSize : 13 <-- 0.018109 s
currentSize : 14 <-- 0.018273 s
currentSize : 15 <-- 0.025280 s
currentSize : 16 <-- 0.077623 s
currentSize : 17 <-- 1.336104 s
currentSize : 18 <-- 13.195374 s
currentSize : 19 <-- 28.985512 s
currentSize : 20 <-- 31.357847 s
currentSize : 26 <-- 31.358215 s
currentSize : 30 <-- 31.366674 s

maxsize : 30
nodes : 2953916.000000
filtered : 50597376.000000
CCGP filtered : 258772.000000
CCGT filtered : 511671.000000
time : 32.289642
