Parameters: GAD=1 vflib=1 dir=0 label=0 lowerbound=1 fileNameGp=../graphsdb/mcs90/rand/r02/mcs90_r02_s35.A74 fileNameGt=../graphsdb/mcs90/rand/r02/mcs90_r02_s35.B74
Reading graphs...
35 :  218
35 :  218
Initializing...
maxdom : 35
D->valSize : 1225
Solving...
currentSize : 10 <-- 0.017357 s
currentSize : 11 <-- 0.017458 s
currentSize : 12 <-- 0.018111 s
currentSize : 13 <-- 0.026188 s
currentSize : 14 <-- 1.937918 s
currentSize : 16 <-- 69.373009 s
currentSize : 17 <-- 91.218155 s
currentSize : 20 <-- 93.044136 s
currentSize : 22 <-- 137.971481 s
currentSize : 31 <-- 137.978317 s

maxsize : 31
nodes : 11361245.000000
filtered : 169148306.000000
CCGP filtered : 93642.000000
CCGT filtered : 308697.000000
time : 138.086334
