Parameters: GAD=1 vflib=1 dir=0 label=0 lowerbound=1 fileNameGp=../graphsdb/mcs90/bvg/b06m/mcs90_b06m_s25.A69 fileNameGt=../graphsdb/mcs90/bvg/b06m/mcs90_b06m_s25.B69
Reading graphs...
25 :  73
25 :  73
Initializing...
maxdom : 25
D->valSize : 625
Solving...
currentSize : 11 <-- 0.004801 s
currentSize : 12 <-- 0.004860 s
currentSize : 13 <-- 0.007299 s
currentSize : 14 <-- 0.012526 s
currentSize : 15 <-- 0.084532 s
currentSize : 16 <-- 1.455972 s
currentSize : 17 <-- 1.462474 s
currentSize : 18 <-- 1.482431 s
currentSize : 19 <-- 1.566873 s
currentSize : 22 <-- 1.574134 s

maxsize : 22
nodes : 187146.000000
filtered : 3964630.000000
CCGP filtered : 215892.000000
CCGT filtered : 169412.000000
time : 1.587027
