Parameters: GAD=1 vflib=1 dir=0 label=0 lowerbound=1 fileNameGp=../graphsdb/mcs90/bvg/b06m/mcs90_b06m_s25.A85 fileNameGt=../graphsdb/mcs90/bvg/b06m/mcs90_b06m_s25.B85
Reading graphs...
25 :  71
25 :  71
Initializing...
maxdom : 25
D->valSize : 625
Solving...
currentSize : 11 <-- 0.008518 s
currentSize : 12 <-- 0.008931 s
currentSize : 13 <-- 0.009173 s
currentSize : 14 <-- 0.045925 s
currentSize : 15 <-- 0.264940 s
currentSize : 16 <-- 1.824337 s
currentSize : 17 <-- 2.950075 s
currentSize : 18 <-- 2.950699 s
currentSize : 22 <-- 3.057952 s

maxsize : 22
nodes : 369316.000000
filtered : 6966605.000000
CCGP filtered : 785849.000000
CCGT filtered : 217889.000000
time : 3.070594
