Parameters: GAD=1 vflib=1 dir=0 label=0 lowerbound=1 fileNameGp=../graphsdb/mcs90/bvg/b06m/mcs90_b06m_s25.A28 fileNameGt=../graphsdb/mcs90/bvg/b06m/mcs90_b06m_s25.B28
Reading graphs...
25 :  74
25 :  75
Initializing...
maxdom : 25
D->valSize : 625
Solving...
currentSize : 9 <-- 0.004836 s
currentSize : 11 <-- 0.004877 s
currentSize : 12 <-- 0.006112 s
currentSize : 13 <-- 0.012460 s
currentSize : 14 <-- 0.086354 s
currentSize : 15 <-- 0.288645 s
currentSize : 16 <-- 1.508525 s
currentSize : 17 <-- 1.524894 s
currentSize : 22 <-- 1.642991 s

maxsize : 22
nodes : 200499.000000
filtered : 3705725.000000
CCGP filtered : 169944.000000
CCGT filtered : 67898.000000
time : 1.657036
