Parameters: GAD=1 vflib=1 dir=0 label=0 lowerbound=1 fileNameGp=../graphsdb/mcs90/m2D/m2D/mcs90_m2D_s20.A78 fileNameGt=../graphsdb/mcs90/m2D/m2D/mcs90_m2D_s20.B78
Reading graphs...
20 :  31
20 :  31
Initializing...
maxdom : 20
D->valSize : 400
Solving...
currentSize : 9 <-- 0.002395 s
currentSize : 10 <-- 0.002444 s
currentSize : 11 <-- 0.002473 s
currentSize : 12 <-- 0.002494 s
currentSize : 13 <-- 0.002652 s
currentSize : 14 <-- 0.009792 s
currentSize : 15 <-- 0.037429 s
currentSize : 16 <-- 0.041711 s
currentSize : 17 <-- 0.049903 s

maxsize : 17
nodes : 9563.000000
filtered : 138776.000000
CCGP filtered : 27319.000000
CCGT filtered : 10811.000000
time : 0.057895
