Parameters: GAD=1 vflib=1 dir=0 label=0 lowerbound=1 fileNameGp=../graphsdb/mcs90/m2D/m2Dr6/mcs90_m2Dr6_s30.A51 fileNameGt=../graphsdb/mcs90/m2D/m2Dr6/mcs90_m2Dr6_s30.B51
Reading graphs...
30 :  64
30 :  64
Initializing...
maxdom : 30
D->valSize : 900
Solving...
currentSize : 15 <-- 0.010692 s
currentSize : 16 <-- 0.010815 s
currentSize : 17 <-- 0.037527 s
currentSize : 18 <-- 0.041558 s
currentSize : 19 <-- 1.514131 s
currentSize : 20 <-- 9.580984 s
currentSize : 22 <-- 9.938093 s
currentSize : 24 <-- 10.108950 s
currentSize : 25 <-- 10.109831 s

maxsize : 25
nodes : 1171442.000000
filtered : 23007731.000000
CCGP filtered : 4189925.000000
CCGT filtered : 3633378.000000
time : 10.468395
