Parameters: GAD=1 vflib=1 dir=0 label=0 lowerbound=1 fileNameGp=../graphsdb/mcs90/bvg/b03m/mcs90_b03m_s25.A04 fileNameGt=../graphsdb/mcs90/bvg/b03m/mcs90_b03m_s25.B04
Reading graphs...
25 :  37
25 :  37
Initializing...
maxdom : 25
D->valSize : 625
Solving...
currentSize : 13 <-- 0.009247 s
currentSize : 15 <-- 0.009357 s
currentSize : 16 <-- 0.009925 s
currentSize : 17 <-- 0.018917 s
currentSize : 18 <-- 0.026386 s
currentSize : 19 <-- 0.061401 s
currentSize : 20 <-- 0.085481 s
currentSize : 21 <-- 0.085499 s
currentSize : 22 <-- 0.085935 s

maxsize : 22
nodes : 9908.000000
filtered : 208924.000000
CCGP filtered : 132043.000000
CCGT filtered : 81036.000000
time : 0.104180
