Parameters: GAD=1 vflib=1 dir=0 label=0 lowerbound=1 fileNameGp=../graphsdb/mcs90/rand/r01/mcs90_r01_s35.A23 fileNameGt=../graphsdb/mcs90/rand/r01/mcs90_r01_s35.B23
Reading graphs...
35 :  110
35 :  109
Initializing...
maxdom : 35
D->valSize : 1225
Solving...
currentSize : 13 <-- 0.018954 s
currentSize : 14 <-- 0.019406 s
currentSize : 15 <-- 0.020082 s
currentSize : 16 <-- 0.024529 s
currentSize : 17 <-- 0.088618 s
currentSize : 18 <-- 0.250374 s
currentSize : 19 <-- 0.629141 s
currentSize : 20 <-- 42.360416 s
currentSize : 21 <-- 275.087250 s
currentSize : 23 <-- 275.089355 s
currentSize : 24 <-- 275.095245 s
currentSize : 31 <-- 279.354706 s

maxsize : 31
nodes : 24981862.000000
filtered : 547818248.000000
CCGP filtered : 22614680.000000
CCGT filtered : 31329522.000000
time : 279.482819
