Parameters: GAD=1 vflib=1 dir=0 label=0 lowerbound=1 fileNameGp=../graphsdb/mcs90/m2D/m2Dr4/mcs90_m2Dr4_s30.A58 fileNameGt=../graphsdb/mcs90/m2D/m2Dr4/mcs90_m2Dr4_s30.B58
Reading graphs...
30 :  60
30 :  59
Initializing...
maxdom : 30
D->valSize : 900
Solving...
currentSize : 11 <-- 0.015657 s
currentSize : 14 <-- 0.015753 s
currentSize : 15 <-- 0.015797 s
currentSize : 16 <-- 0.016143 s
currentSize : 17 <-- 0.016732 s
currentSize : 19 <-- 0.044174 s
currentSize : 20 <-- 0.541966 s
currentSize : 21 <-- 14.117029 s
currentSize : 22 <-- 17.426023 s
currentSize : 25 <-- 17.960976 s

maxsize : 25
nodes : 2054308.000000
filtered : 48370941.000000
CCGP filtered : 8316196.000000
CCGT filtered : 4418821.000000
time : 18.260151
