Parameters: GAD=1 vflib=1 dir=0 label=0 lowerbound=1 fileNameGp=../graphsdb/mcs90/rand/r01/mcs90_r01_s30.A23 fileNameGt=../graphsdb/mcs90/rand/r01/mcs90_r01_s30.B23
Reading graphs...
30 :  81
30 :  82
Initializing...
maxdom : 30
D->valSize : 900
Solving...
currentSize : 13 <-- 0.010320 s
currentSize : 14 <-- 0.010407 s
currentSize : 15 <-- 0.012077 s
currentSize : 16 <-- 0.039592 s
currentSize : 17 <-- 0.056896 s
currentSize : 19 <-- 0.613405 s
currentSize : 20 <-- 3.472530 s
currentSize : 21 <-- 3.856058 s
currentSize : 22 <-- 3.856205 s
currentSize : 27 <-- 4.774784 s

maxsize : 27
nodes : 503406.000000
filtered : 12196026.000000
CCGP filtered : 475754.000000
CCGT filtered : 419999.000000
time : 4.786593
