Parameters: GAD=1 vflib=1 dir=0 label=0 lowerbound=1 fileNameGp=../graphsdb/mcs90/m2D/m2Dr2/mcs90_m2Dr2_s30.A21 fileNameGt=../graphsdb/mcs90/m2D/m2Dr2/mcs90_m2Dr2_s30.B21
Reading graphs...
30 :  54
30 :  52
Initializing...
maxdom : 30
D->valSize : 900
Solving...
currentSize : 16 <-- 0.010990 s
currentSize : 17 <-- 0.011011 s
currentSize : 18 <-- 0.018113 s
currentSize : 19 <-- 0.027642 s
currentSize : 20 <-- 0.062216 s
currentSize : 21 <-- 0.222361 s
currentSize : 22 <-- 0.553861 s
currentSize : 23 <-- 2.560983 s
currentSize : 24 <-- 2.561190 s
currentSize : 25 <-- 2.562395 s

maxsize : 25
nodes : 320207.000000
filtered : 8557363.000000
CCGP filtered : 2669772.000000
CCGT filtered : 1392079.000000
time : 2.902741
