Parameters: GAD=1 vflib=1 dir=0 label=0 lowerbound=1 fileNameGp=../graphsdb/mcs90/bvg/b06m/mcs90_b06m_s25.A80 fileNameGt=../graphsdb/mcs90/bvg/b06m/mcs90_b06m_s25.B80
Reading graphs...
25 :  74
25 :  74
Initializing...
maxdom : 25
D->valSize : 625
Solving...
currentSize : 10 <-- 0.004873 s
currentSize : 11 <-- 0.004971 s
currentSize : 12 <-- 0.005225 s
currentSize : 13 <-- 0.009778 s
currentSize : 14 <-- 0.022036 s
currentSize : 15 <-- 0.172981 s
currentSize : 16 <-- 1.612445 s
currentSize : 17 <-- 1.645478 s
currentSize : 22 <-- 1.645531 s

maxsize : 22
nodes : 206160.000000
filtered : 3998146.000000
CCGP filtered : 396818.000000
CCGT filtered : 200635.000000
time : 1.658983
