Parameters: GAD=1 vflib=1 dir=0 label=0 lowerbound=1 fileNameGp=../graphsdb/mcs90/m3D/m3Dr4/mcs90_m3Dr4_s30.A50 fileNameGt=../graphsdb/mcs90/m3D/m3Dr4/mcs90_m3Dr4_s30.B50
Reading graphs...
30 :  71
30 :  71
Initializing...
maxdom : 30
D->valSize : 900
Solving...
currentSize : 15 <-- 0.018185 s
currentSize : 16 <-- 0.026908 s
currentSize : 17 <-- 0.118973 s
currentSize : 18 <-- 0.529866 s
currentSize : 19 <-- 0.617322 s
currentSize : 20 <-- 2.168677 s
currentSize : 21 <-- 3.931463 s
currentSize : 23 <-- 16.442898 s
currentSize : 27 <-- 16.474394 s

maxsize : 27
nodes : 1801789.000000
filtered : 42195188.000000
CCGP filtered : 1152463.000000
CCGT filtered : 682754.000000
time : 16.503544
