Parameters: GAD=1 vflib=1 dir=0 label=0 lowerbound=1 fileNameGp=../graphsdb/mcs90/m3D/m3Dr2/mcs90_m3Dr2_s30.A46 fileNameGt=../graphsdb/mcs90/m3D/m3Dr2/mcs90_m3Dr2_s30.B46
Reading graphs...
30 :  67
30 :  67
Initializing...
maxdom : 30
D->valSize : 900
Solving...
currentSize : 13 <-- 0.010578 s
currentSize : 15 <-- 0.010755 s
currentSize : 16 <-- 0.011068 s
currentSize : 18 <-- 0.011790 s
currentSize : 19 <-- 0.765250 s
currentSize : 20 <-- 1.670607 s
currentSize : 21 <-- 2.373851 s
currentSize : 22 <-- 2.431521 s
currentSize : 23 <-- 3.140750 s
currentSize : 27 <-- 3.536112 s

maxsize : 27
nodes : 409758.000000
filtered : 8778932.000000
CCGP filtered : 491463.000000
CCGT filtered : 341483.000000
time : 3.579760
