Parameters: GAD=1 vflib=1 dir=0 label=0 lowerbound=1 fileNameGp=../graphsdb/mcs90/bvg/b06m/mcs90_b06m_s35.A10 fileNameGt=../graphsdb/mcs90/bvg/b06m/mcs90_b06m_s35.B10
Reading graphs...
35 :  104
35 :  104
Initializing...
maxdom : 35
D->valSize : 1225
Solving...
currentSize : 13 <-- 0.019215 s
currentSize : 14 <-- 0.019358 s
currentSize : 15 <-- 0.019885 s
currentSize : 16 <-- 0.021233 s
currentSize : 17 <-- 0.025238 s
currentSize : 18 <-- 0.053826 s
currentSize : 19 <-- 0.148266 s
currentSize : 20 <-- 0.398331 s
currentSize : 21 <-- 48.683044 s
currentSize : 22 <-- 70.471497 s
currentSize : 23 <-- 70.472420 s
currentSize : 24 <-- 70.473633 s
currentSize : 26 <-- 70.495331 s
currentSize : 31 <-- 70.495682 s

maxsize : 31
nodes : 6442319.000000
filtered : 154129719.000000
CCGP filtered : 22712320.000000
CCGT filtered : 12492302.000000
time : 70.638100
