Parameters: GAD=1 vflib=1 dir=0 label=0 lowerbound=1 fileNameGp=../graphsdb/mcs90/bvg/b09m/mcs90_b09m_s30.A11 fileNameGt=../graphsdb/mcs90/bvg/b09m/mcs90_b09m_s30.B11
Reading graphs...
30 :  131
30 :  130
Initializing...
maxdom : 30
D->valSize : 900
Solving...
currentSize : 10 <-- 0.009758 s
currentSize : 11 <-- 0.009821 s
currentSize : 12 <-- 0.010257 s
currentSize : 13 <-- 0.022849 s
currentSize : 14 <-- 0.082181 s
currentSize : 15 <-- 0.201516 s
currentSize : 16 <-- 2.569579 s
currentSize : 17 <-- 2.569719 s
currentSize : 18 <-- 4.462925 s
currentSize : 19 <-- 4.463068 s
currentSize : 20 <-- 6.799302 s
currentSize : 26 <-- 7.601859 s

maxsize : 26
nodes : 717947.000000
filtered : 16864925.000000
CCGP filtered : 151880.000000
CCGT filtered : 131177.000000
time : 7.649106
