Parameters: GAD=1 vflib=1 dir=0 label=0 lowerbound=1 fileNameGp=../graphsdb/mcs90/m3D/m3Dr6/mcs90_m3Dr6_s30.A21 fileNameGt=../graphsdb/mcs90/m3D/m3Dr6/mcs90_m3Dr6_s30.B21
Reading graphs...
30 :  78
30 :  78
Initializing...
maxdom : 30
D->valSize : 900
Solving...
currentSize : 14 <-- 0.018088 s
currentSize : 15 <-- 0.018123 s
currentSize : 16 <-- 0.019884 s
currentSize : 17 <-- 0.060184 s
currentSize : 18 <-- 0.152341 s
currentSize : 19 <-- 0.759623 s
currentSize : 20 <-- 1.915929 s
currentSize : 21 <-- 3.050507 s
currentSize : 22 <-- 3.050788 s
currentSize : 23 <-- 5.166090 s
currentSize : 24 <-- 5.251236 s
currentSize : 27 <-- 5.251428 s

maxsize : 27
nodes : 537527.000000
filtered : 14710013.000000
CCGP filtered : 490040.000000
CCGT filtered : 388816.000000
time : 5.269834
