Parameters: GAD=1 vflib=1 dir=0 label=0 lowerbound=1 fileNameGp=../graphsdb/mcs90/m3D/m3Dr2/mcs90_m3Dr2_s30.A75 fileNameGt=../graphsdb/mcs90/m3D/m3Dr2/mcs90_m3Dr2_s30.B75
Reading graphs...
30 :  65
30 :  66
Initializing...
maxdom : 30
D->valSize : 900
Solving...
currentSize : 12 <-- 0.010549 s
currentSize : 13 <-- 0.010582 s
currentSize : 16 <-- 0.010642 s
currentSize : 17 <-- 0.014029 s
currentSize : 18 <-- 0.014430 s
currentSize : 19 <-- 0.424455 s
currentSize : 20 <-- 0.564257 s
currentSize : 23 <-- 0.829873 s
currentSize : 24 <-- 0.932868 s
currentSize : 25 <-- 0.935200 s
currentSize : 27 <-- 0.937550 s

maxsize : 27
nodes : 113026.000000
filtered : 2015885.000000
CCGP filtered : 118068.000000
CCGT filtered : 110725.000000
time : 0.985624
