Parameters: GAD=1 vflib=1 dir=0 label=0 lowerbound=1 fileNameGp=../graphsdb/mcs90/rand/r01/mcs90_r01_s30.A62 fileNameGt=../graphsdb/mcs90/rand/r01/mcs90_r01_s30.B62
Reading graphs...
30 :  82
30 :  80
Initializing...
maxdom : 30
D->valSize : 900
Solving...
currentSize : 12 <-- 0.010386 s
currentSize : 13 <-- 0.010717 s
currentSize : 14 <-- 0.011196 s
currentSize : 15 <-- 0.014193 s
currentSize : 16 <-- 0.018590 s
currentSize : 17 <-- 0.104035 s
currentSize : 18 <-- 0.578412 s
currentSize : 19 <-- 1.622997 s
currentSize : 24 <-- 1.623544 s
currentSize : 27 <-- 1.714466 s

maxsize : 27
nodes : 176651.000000
filtered : 3960114.000000
CCGP filtered : 436925.000000
CCGT filtered : 471788.000000
time : 1.723743
