Parameters: GAD=1 vflib=1 dir=0 label=0 lowerbound=1 fileNameGp=../graphsdb/mcs90/bvg/b03m/mcs90_b03m_s30.A55 fileNameGt=../graphsdb/mcs90/bvg/b03m/mcs90_b03m_s30.B55
Reading graphs...
30 :  45
30 :  45
Initializing...
maxdom : 30
D->valSize : 900
Solving...
currentSize : 15 <-- 0.019434 s
currentSize : 16 <-- 0.019623 s
currentSize : 17 <-- 0.019712 s
currentSize : 18 <-- 0.019754 s
currentSize : 19 <-- 0.020040 s
currentSize : 20 <-- 0.592978 s
currentSize : 21 <-- 1.008786 s
currentSize : 22 <-- 4.120979 s
currentSize : 23 <-- 9.050995 s
currentSize : 26 <-- 10.499530 s

maxsize : 26
nodes : 1176715.000000
filtered : 26113448.000000
CCGP filtered : 10921469.000000
CCGT filtered : 5923881.000000
time : 10.562919
