Parameters: GAD=1 vflib=1 dir=0 label=0 lowerbound=1 fileNameGp=../graphsdb/mcs90/rand/r005/mcs90_r005_s30.A68 fileNameGt=../graphsdb/mcs90/rand/r005/mcs90_r005_s30.B68
Reading graphs...
30 :  42
30 :  42
Initializing...
maxdom : 30
D->valSize : 900
Solving...
currentSize : 13 <-- 0.019427 s
currentSize : 15 <-- 0.019656 s
currentSize : 16 <-- 0.019894 s
currentSize : 18 <-- 0.019977 s
currentSize : 19 <-- 0.264124 s
currentSize : 20 <-- 0.505510 s
currentSize : 21 <-- 0.528500 s
currentSize : 22 <-- 0.531424 s
currentSize : 23 <-- 0.532460 s
currentSize : 24 <-- 0.686499 s
currentSize : 25 <-- 0.686739 s
currentSize : 26 <-- 0.686816 s
currentSize : 27 <-- 0.689839 s

maxsize : 27
nodes : 78197.000000
filtered : 1116552.000000
CCGP filtered : 908941.000000
CCGT filtered : 525310.000000
time : 0.709738
