Parameters: GAD=1 vflib=1 dir=0 label=0 lowerbound=1 fileNameGp=../graphsdb/mcs90/bvg/b06m/mcs90_b06m_s35.A68 fileNameGt=../graphsdb/mcs90/bvg/b06m/mcs90_b06m_s35.B68
Reading graphs...
35 :  103
35 :  103
Initializing...
maxdom : 35
D->valSize : 1225
Solving...
currentSize : 12 <-- 0.019450 s
currentSize : 14 <-- 0.019494 s
currentSize : 15 <-- 0.026889 s
currentSize : 16 <-- 0.056429 s
currentSize : 17 <-- 0.071714 s
currentSize : 18 <-- 0.085476 s
currentSize : 19 <-- 0.156028 s
currentSize : 20 <-- 0.790917 s
currentSize : 21 <-- 4.679061 s
currentSize : 22 <-- 12.697952 s
currentSize : 23 <-- 47.524284 s
currentSize : 26 <-- 47.525589 s
currentSize : 27 <-- 47.528965 s
currentSize : 31 <-- 47.536743 s

maxsize : 31
nodes : 4102758.000000
filtered : 129556310.000000
CCGP filtered : 24058163.000000
CCGT filtered : 12029121.000000
time : 47.628918
