Parameters: GAD=1 vflib=1 dir=0 label=0 lowerbound=1 fileNameGp=../graphsdb/mcs90/rand/r02/mcs90_r02_s35.A15 fileNameGt=../graphsdb/mcs90/rand/r02/mcs90_r02_s35.B15
Reading graphs...
35 :  208
35 :  211
Initializing...
maxdom : 35
D->valSize : 1225
Solving...
currentSize : 9 <-- 0.029657 s
currentSize : 10 <-- 0.029766 s
currentSize : 11 <-- 0.031202 s
currentSize : 12 <-- 0.034754 s
currentSize : 13 <-- 0.040992 s
currentSize : 14 <-- 0.392083 s
currentSize : 15 <-- 36.900608 s
currentSize : 19 <-- 72.633095 s
currentSize : 21 <-- 156.008621 s
currentSize : 22 <-- 156.385269 s
currentSize : 31 <-- 156.386505 s

maxsize : 31
nodes : 12329469.000000
filtered : 187087830.000000
CCGP filtered : 285783.000000
CCGT filtered : 273557.000000
time : 156.480179
