Parameters: GAD=1 vflib=1 dir=0 label=0 lowerbound=1 fileNameGp=../graphsdb/mcs90/m3D/m3Dr6/mcs90_m3Dr6_s30.A03 fileNameGt=../graphsdb/mcs90/m3D/m3Dr6/mcs90_m3Dr6_s30.B03
Reading graphs...
30 :  78
30 :  76
Initializing...
maxdom : 30
D->valSize : 900
Solving...
currentSize : 15 <-- 0.010289 s
currentSize : 16 <-- 0.010448 s
currentSize : 17 <-- 0.047661 s
currentSize : 18 <-- 0.962773 s
currentSize : 19 <-- 14.758916 s
currentSize : 20 <-- 15.753245 s
currentSize : 21 <-- 15.753416 s
currentSize : 22 <-- 17.002321 s
currentSize : 27 <-- 17.049866 s

maxsize : 27
nodes : 1936064.000000
filtered : 37506217.000000
CCGP filtered : 2027382.000000
CCGT filtered : 1042368.000000
time : 17.112379
