Parameters: GAD=1 vflib=1 dir=0 label=0 lowerbound=1 fileNameGp=../graphsdb/mcs90/m4D/m4Dr2/mcs90_m4Dr2_s20.A65 fileNameGt=../graphsdb/mcs90/m4D/m4Dr2/mcs90_m4Dr2_s20.B65
Reading graphs...
20 :  40
20 :  40
Initializing...
maxdom : 20
D->valSize : 400
Solving...
currentSize : 7 <-- 0.002163 s
currentSize : 8 <-- 0.002214 s
currentSize : 9 <-- 0.002427 s
currentSize : 11 <-- 0.003453 s
currentSize : 12 <-- 0.004011 s
currentSize : 13 <-- 0.009654 s
currentSize : 14 <-- 0.010104 s
currentSize : 15 <-- 0.010164 s
currentSize : 16 <-- 0.038336 s

maxsize : 16
nodes : 6147.000000
filtered : 146041.000000
CCGP filtered : 21330.000000
CCGT filtered : 32475.000000
time : 0.046754
