Parameters: GAD=1 vflib=1 dir=0 label=0 lowerbound=1 fileNameGp=../graphsdb/mcs90/bvg/b09m/mcs90_b09m_s25.A13 fileNameGt=../graphsdb/mcs90/bvg/b09m/mcs90_b09m_s25.B13
Reading graphs...
25 :  107
25 :  108
Initializing...
maxdom : 25
D->valSize : 625
Solving...
currentSize : 9 <-- 0.007883 s
currentSize : 10 <-- 0.007947 s
currentSize : 11 <-- 0.009053 s
currentSize : 12 <-- 0.092150 s
currentSize : 13 <-- 0.636556 s
currentSize : 14 <-- 1.889699 s
currentSize : 15 <-- 2.853498 s
currentSize : 16 <-- 3.571494 s
currentSize : 21 <-- 3.906825 s
currentSize : 22 <-- 3.906988 s

maxsize : 22
nodes : 428304.000000
filtered : 6464931.000000
CCGP filtered : 21755.000000
CCGT filtered : 97586.000000
time : 3.918525
