Parameters: GAD=1 vflib=1 dir=0 label=0 lowerbound=1 fileNameGp=../graphsdb/mcs90/bvg/b09m/mcs90_b09m_s25.A75 fileNameGt=../graphsdb/mcs90/bvg/b09m/mcs90_b09m_s25.B75
Reading graphs...
25 :  110
25 :  111
Initializing...
maxdom : 25
D->valSize : 625
Solving...
currentSize : 8 <-- 0.004551 s
currentSize : 9 <-- 0.004631 s
currentSize : 10 <-- 0.006691 s
currentSize : 11 <-- 0.014312 s
currentSize : 12 <-- 0.070884 s
currentSize : 14 <-- 0.334624 s
currentSize : 15 <-- 1.708198 s
currentSize : 17 <-- 1.709220 s
currentSize : 22 <-- 1.725216 s

maxsize : 22
nodes : 186218.000000
filtered : 2691047.000000
CCGP filtered : 17062.000000
CCGT filtered : 22410.000000
time : 1.743988
