Parameters: GAD=1 vflib=1 dir=0 label=0 lowerbound=1 fileNameGp=../graphsdb/mcs90/rand/r005/mcs90_r005_s35.A30 fileNameGt=../graphsdb/mcs90/rand/r005/mcs90_r005_s35.B30
Reading graphs...
35 :  58
35 :  58
Initializing...
maxdom : 35
D->valSize : 1225
Solving...
currentSize : 13 <-- 0.025772 s
currentSize : 18 <-- 0.025970 s
currentSize : 19 <-- 0.026292 s
currentSize : 20 <-- 0.026619 s
currentSize : 21 <-- 0.031798 s
currentSize : 22 <-- 0.146263 s
currentSize : 23 <-- 0.146310 s
currentSize : 24 <-- 0.146592 s
currentSize : 25 <-- 0.149164 s
currentSize : 26 <-- 0.394453 s
currentSize : 27 <-- 0.404630 s
currentSize : 28 <-- 0.406949 s
currentSize : 29 <-- 0.870792 s
currentSize : 30 <-- 0.870811 s
currentSize : 31 <-- 0.871010 s

maxsize : 31
nodes : 72779.000000
filtered : 3147101.000000
CCGP filtered : 1277829.000000
CCGT filtered : 603724.000000
time : 0.936389
