Parameters: GAD=1 vflib=1 dir=0 label=0 lowerbound=1 fileNameGp=../graphsdb/mcs90/bvg/b09/mcs90_b09_s35.A89 fileNameGt=../graphsdb/mcs90/bvg/b09/mcs90_b09_s35.B89
Reading graphs...
35 :  157
35 :  157
Initializing...
maxdom : 35
D->valSize : 1225
Solving...
currentSize : 14 <-- 0.031241 s
currentSize : 15 <-- 0.050686 s
currentSize : 16 <-- 0.148024 s
currentSize : 19 <-- 0.230481 s
currentSize : 20 <-- 0.230661 s
currentSize : 22 <-- 0.231356 s
currentSize : 24 <-- 0.237850 s
currentSize : 26 <-- 0.309064 s
currentSize : 30 <-- 0.316849 s

maxsize : 30
nodes : 103313.000000
filtered : 5675062.000000
CCGP filtered : 8206.000000
CCGT filtered : 9185.000000
time : 1.367529
