Parameters: GAD=1 vflib=1 dir=0 label=0 lowerbound=1 fileNameGp=../graphsdb/mcs90/m2D/m2Dr4/mcs90_m2Dr4_s30.A86 fileNameGt=../graphsdb/mcs90/m2D/m2Dr4/mcs90_m2Dr4_s30.B86
Reading graphs...
30 :  60
30 :  58
Initializing...
maxdom : 30
D->valSize : 900
Solving...
currentSize : 14 <-- 0.010846 s
currentSize : 15 <-- 0.010895 s
currentSize : 16 <-- 0.010971 s
currentSize : 17 <-- 0.011047 s
currentSize : 18 <-- 0.011393 s
currentSize : 19 <-- 0.105451 s
currentSize : 20 <-- 0.107014 s
currentSize : 21 <-- 3.069130 s
currentSize : 22 <-- 6.998956 s
currentSize : 23 <-- 8.815287 s
currentSize : 25 <-- 8.815916 s

maxsize : 25
nodes : 970574.000000
filtered : 26570100.000000
CCGP filtered : 3029322.000000
CCGT filtered : 2612459.000000
time : 9.159529
