Parameters: GAD=1 vflib=1 dir=0 label=0 lowerbound=1 fileNameGp=../graphsdb/mcs90/rand/r01/mcs90_r01_s25.A23 fileNameGt=../graphsdb/mcs90/rand/r01/mcs90_r01_s25.B23
Reading graphs...
25 :  57
25 :  58
Initializing...
maxdom : 25
D->valSize : 625
Solving...
currentSize : 11 <-- 0.004991 s
currentSize : 12 <-- 0.005092 s
currentSize : 13 <-- 0.005553 s
currentSize : 14 <-- 0.008334 s
currentSize : 15 <-- 0.049014 s
currentSize : 16 <-- 0.315723 s
currentSize : 17 <-- 0.812895 s
currentSize : 18 <-- 1.165428 s
currentSize : 19 <-- 1.416329 s
currentSize : 20 <-- 1.455070 s
currentSize : 22 <-- 1.460299 s

maxsize : 22
nodes : 173877.000000
filtered : 3973919.000000
CCGP filtered : 542593.000000
CCGT filtered : 480450.000000
time : 1.465312
