Parameters: GAD=1 vflib=1 dir=0 label=0 lowerbound=1 fileNameGp=../graphsdb/mcs90/bvg/b03m/mcs90_b03m_s35.A50 fileNameGt=../graphsdb/mcs90/bvg/b03m/mcs90_b03m_s35.B50
Reading graphs...
35 :  51
35 :  51
Initializing...
maxdom : 35
D->valSize : 1225
Solving...
currentSize : 14 <-- 0.020913 s
currentSize : 15 <-- 0.020953 s
currentSize : 19 <-- 0.021073 s
currentSize : 20 <-- 0.021216 s
currentSize : 21 <-- 0.036614 s
currentSize : 22 <-- 0.078465 s
currentSize : 23 <-- 0.218455 s
currentSize : 24 <-- 0.239891 s
currentSize : 25 <-- 0.299972 s
currentSize : 26 <-- 17.848087 s
currentSize : 27 <-- 26.534321 s
currentSize : 28 <-- 28.100803 s
currentSize : 29 <-- 33.877041 s
currentSize : 31 <-- 34.973930 s

maxsize : 31
nodes : 3465271.000000
filtered : 86321595.000000
CCGP filtered : 50853123.000000
CCGT filtered : 20707508.000000
time : 35.079933
