Parameters: GAD=1 vflib=1 dir=0 label=0 lowerbound=1 fileNameGp=../graphsdb/mcs90/bvg/b03m/mcs90_b03m_s35.A77 fileNameGt=../graphsdb/mcs90/bvg/b03m/mcs90_b03m_s35.B77
Reading graphs...
35 :  52
35 :  52
Initializing...
maxdom : 35
D->valSize : 1225
Solving...
currentSize : 17 <-- 0.021508 s
currentSize : 18 <-- 0.021637 s
currentSize : 19 <-- 0.022085 s
currentSize : 20 <-- 0.025156 s
currentSize : 21 <-- 0.028166 s
currentSize : 22 <-- 0.154848 s
currentSize : 23 <-- 0.159812 s
currentSize : 24 <-- 0.180625 s
currentSize : 25 <-- 0.317550 s
currentSize : 26 <-- 0.920821 s
currentSize : 27 <-- 1.487359 s
currentSize : 28 <-- 1.497366 s
currentSize : 30 <-- 1.515862 s

maxsize : 30
nodes : 180865.000000
filtered : 4729540.000000
CCGP filtered : 1754630.000000
CCGT filtered : 657337.000000
time : 1.917762
