Parameters: GAD=1 vflib=1 dir=0 label=0 lowerbound=1 fileNameGp=../graphsdb/mcs90/bvg/b03m/mcs90_b03m_s35.A54 fileNameGt=../graphsdb/mcs90/bvg/b03m/mcs90_b03m_s35.B54
Reading graphs...
35 :  52
35 :  52
Initializing...
maxdom : 35
D->valSize : 1225
Solving...
currentSize : 15 <-- 0.020975 s
currentSize : 16 <-- 0.021277 s
currentSize : 17 <-- 0.021782 s
currentSize : 19 <-- 0.022674 s
currentSize : 20 <-- 0.022691 s
currentSize : 21 <-- 0.022703 s
currentSize : 22 <-- 0.022783 s
currentSize : 23 <-- 0.025119 s
currentSize : 24 <-- 0.032912 s
currentSize : 25 <-- 0.467487 s
currentSize : 26 <-- 0.556750 s
currentSize : 27 <-- 1.201330 s
currentSize : 29 <-- 1.201503 s
currentSize : 31 <-- 1.220556 s

maxsize : 31
nodes : 132152.000000
filtered : 3227023.000000
CCGP filtered : 2667832.000000
CCGT filtered : 1262290.000000
time : 1.414810
