Parameters: GAD=1 vflib=1 dir=0 label=0 lowerbound=1 fileNameGp=../graphsdb/mcs90/m4D/m4Dr4/mcs90_m4Dr4_s20.A29 fileNameGt=../graphsdb/mcs90/m4D/m4Dr4/mcs90_m4Dr4_s20.B29
Reading graphs...
20 :  45
20 :  43
Initializing...
maxdom : 20
D->valSize : 400
Solving...
currentSize : 7 <-- 0.002159 s
currentSize : 8 <-- 0.002195 s
currentSize : 9 <-- 0.002226 s
currentSize : 10 <-- 0.002333 s
currentSize : 11 <-- 0.003389 s
currentSize : 12 <-- 0.010260 s
currentSize : 13 <-- 0.038954 s
currentSize : 14 <-- 0.102766 s
currentSize : 15 <-- 0.168232 s
currentSize : 16 <-- 0.168638 s

maxsize : 16
nodes : 25286.000000
filtered : 462305.000000
CCGP filtered : 203888.000000
CCGT filtered : 98450.000000
time : 0.176618
