Parameters: GAD=1 vflib=1 dir=0 label=0 lowerbound=1 fileNameGp=../graphsdb/mcs90/rand/r02/mcs90_r02_s25.A72 fileNameGt=../graphsdb/mcs90/rand/r02/mcs90_r02_s25.B72
Reading graphs...
25 :  112
25 :  114
Initializing...
maxdom : 25
D->valSize : 625
Solving...
currentSize : 8 <-- 0.004628 s
currentSize : 9 <-- 0.004719 s
currentSize : 10 <-- 0.004825 s
currentSize : 11 <-- 0.004907 s
currentSize : 12 <-- 0.005546 s
currentSize : 13 <-- 2.006801 s
currentSize : 14 <-- 2.450916 s
currentSize : 15 <-- 4.967678 s
currentSize : 22 <-- 6.408831 s

maxsize : 22
nodes : 768676.000000
filtered : 9165455.000000
CCGP filtered : 4976.000000
CCGT filtered : 25317.000000
time : 6.421165
