Parameters: GAD=1 vflib=1 dir=0 label=0 lowerbound=1 fileNameGp=../graphsdb/mcs90/rand/r01/mcs90_r01_s35.A72 fileNameGt=../graphsdb/mcs90/rand/r01/mcs90_r01_s35.B72
Reading graphs...
35 :  114
35 :  112
Initializing...
maxdom : 35
D->valSize : 1225
Solving...
currentSize : 13 <-- 0.033164 s
currentSize : 14 <-- 0.033464 s
currentSize : 15 <-- 0.035288 s
currentSize : 16 <-- 0.067675 s
currentSize : 17 <-- 0.093495 s
currentSize : 18 <-- 0.094850 s
currentSize : 19 <-- 0.560105 s
currentSize : 20 <-- 152.644226 s
currentSize : 21 <-- 177.635193 s
currentSize : 22 <-- 177.635422 s
currentSize : 23 <-- 205.015411 s
currentSize : 24 <-- 221.946625 s
currentSize : 25 <-- 255.324005 s
currentSize : 31 <-- 255.377731 s

maxsize : 31
nodes : 23051027.000000
filtered : 540286820.000000
CCGP filtered : 9387865.000000
CCGT filtered : 5608197.000000
time : 255.462463
