Parameters: GAD=1 vflib=1 dir=0 label=0 lowerbound=1 fileNameGp=../graphsdb/mcs90/bvg/b03m/mcs90_b03m_s35.A90 fileNameGt=../graphsdb/mcs90/bvg/b03m/mcs90_b03m_s35.B90
Reading graphs...
35 :  50
35 :  50
Initializing...
maxdom : 35
D->valSize : 1225
Solving...
currentSize : 19 <-- 0.036915 s
currentSize : 20 <-- 0.037115 s
currentSize : 22 <-- 0.038514 s
currentSize : 23 <-- 0.038927 s
currentSize : 24 <-- 0.068971 s
currentSize : 25 <-- 0.207807 s
currentSize : 26 <-- 0.208181 s
currentSize : 27 <-- 0.245065 s
currentSize : 28 <-- 1.616052 s
currentSize : 29 <-- 1.746154 s
currentSize : 31 <-- 1.850371 s
currentSize : 32 <-- 1.979951 s

maxsize : 32
nodes : 166428.000000
filtered : 5241815.000000
CCGP filtered : 4083129.000000
CCGT filtered : 2422690.000000
time : 1.996724
