Parameters: GAD=1 vflib=1 dir=0 label=0 lowerbound=1 fileNameGp=../graphsdb/mcs90/bvg/b09/mcs90_b09_s30.A57 fileNameGt=../graphsdb/mcs90/bvg/b09/mcs90_b09_s30.B57
Reading graphs...
30 :  134
30 :  134
Initializing...
maxdom : 30
D->valSize : 900
Solving...
currentSize : 10 <-- 0.016505 s
currentSize : 11 <-- 0.016669 s
currentSize : 12 <-- 0.016790 s
currentSize : 13 <-- 0.016930 s
currentSize : 14 <-- 0.032598 s
currentSize : 15 <-- 0.053373 s
currentSize : 16 <-- 0.111727 s
currentSize : 20 <-- 0.168321 s
currentSize : 22 <-- 0.168427 s
currentSize : 26 <-- 0.168985 s

maxsize : 26
nodes : 32540.000000
filtered : 1287075.000000
CCGP filtered : 1083.000000
CCGT filtered : 314.000000
time : 0.377333
