Parameters: GAD=1 vflib=1 dir=0 label=0 lowerbound=1 fileNameGp=../graphsdb/mcs90/m2D/m2Dr6/mcs90_m2Dr6_s30.A86 fileNameGt=../graphsdb/mcs90/m2D/m2Dr6/mcs90_m2Dr6_s30.B86
Reading graphs...
30 :  67
30 :  64
Initializing...
maxdom : 30
D->valSize : 900
Solving...
currentSize : 15 <-- 0.010828 s
currentSize : 16 <-- 0.010904 s
currentSize : 17 <-- 0.018137 s
currentSize : 18 <-- 0.018911 s
currentSize : 19 <-- 1.132286 s
currentSize : 20 <-- 2.316931 s
currentSize : 22 <-- 2.320607 s
currentSize : 23 <-- 2.321204 s
currentSize : 24 <-- 2.987132 s
currentSize : 25 <-- 2.987282 s

maxsize : 25
nodes : 363293.000000
filtered : 8709400.000000
CCGP filtered : 777498.000000
CCGT filtered : 444335.000000
time : 3.308528
