Parameters: GAD=1 vflib=1 dir=0 label=0 lowerbound=1 fileNameGp=../graphsdb/mcs90/rand/r01/mcs90_r01_s30.A01 fileNameGt=../graphsdb/mcs90/rand/r01/mcs90_r01_s30.B01
Reading graphs...
30 :  82
30 :  82
Initializing...
maxdom : 30
D->valSize : 900
Solving...
currentSize : 12 <-- 0.017967 s
currentSize : 13 <-- 0.018089 s
currentSize : 14 <-- 0.018297 s
currentSize : 15 <-- 0.023317 s
currentSize : 16 <-- 0.069491 s
currentSize : 17 <-- 0.128442 s
currentSize : 19 <-- 0.129313 s
currentSize : 22 <-- 0.139211 s
currentSize : 23 <-- 0.148717 s
currentSize : 27 <-- 0.150848 s

maxsize : 27
nodes : 10469.000000
filtered : 187251.000000
CCGP filtered : 6535.000000
CCGT filtered : 10337.000000
time : 0.167550
