Parameters: GAD=1 vflib=1 dir=0 label=0 lowerbound=1 fileNameGp=../graphsdb/mcs90/bvg/b09/mcs90_b09_s30.A90 fileNameGt=../graphsdb/mcs90/bvg/b09/mcs90_b09_s30.B90
Reading graphs...
30 :  135
30 :  135
Initializing...
maxdom : 30
D->valSize : 900
Solving...
currentSize : 9 <-- 0.009643 s
currentSize : 10 <-- 0.009690 s
currentSize : 11 <-- 0.009944 s
currentSize : 13 <-- 0.010276 s
currentSize : 14 <-- 0.010361 s
currentSize : 15 <-- 0.025766 s
currentSize : 16 <-- 0.028900 s
currentSize : 17 <-- 0.029235 s
currentSize : 18 <-- 0.038513 s
currentSize : 19 <-- 0.038615 s
currentSize : 20 <-- 0.043778 s
currentSize : 21 <-- 0.077644 s
currentSize : 22 <-- 0.077809 s
currentSize : 26 <-- 0.130577 s

maxsize : 26
nodes : 34625.000000
filtered : 1473961.000000
CCGP filtered : 766.000000
CCGT filtered : 7492.000000
time : 0.382381
