Parameters: GAD=1 vflib=1 dir=0 label=0 lowerbound=1 fileNameGp=../graphsdb/mcs90/bvg/b09m/mcs90_b09m_s25.A89 fileNameGt=../graphsdb/mcs90/bvg/b09m/mcs90_b09m_s25.B89
Reading graphs...
25 :  109
25 :  108
Initializing...
maxdom : 25
D->valSize : 625
Solving...
currentSize : 8 <-- 0.007789 s
currentSize : 9 <-- 0.007972 s
currentSize : 10 <-- 0.008723 s
currentSize : 11 <-- 0.011874 s
currentSize : 12 <-- 0.020032 s
currentSize : 13 <-- 0.249892 s
currentSize : 14 <-- 2.122239 s
currentSize : 15 <-- 2.470068 s
currentSize : 16 <-- 2.470159 s
currentSize : 22 <-- 2.594361 s

maxsize : 22
nodes : 287508.000000
filtered : 3102049.000000
CCGP filtered : 22266.000000
CCGT filtered : 47763.000000
time : 2.608722
