Parameters: GAD=1 vflib=1 dir=0 label=0 lowerbound=1 fileNameGp=../graphsdb/mcs90/bvg/b09m/mcs90_b09m_s30.A28 fileNameGt=../graphsdb/mcs90/bvg/b09m/mcs90_b09m_s30.B28
Reading graphs...
30 :  130
30 :  131
Initializing...
maxdom : 30
D->valSize : 900
Solving...
currentSize : 9 <-- 0.009640 s
currentSize : 11 <-- 0.009758 s
currentSize : 12 <-- 0.009947 s
currentSize : 13 <-- 0.010142 s
currentSize : 14 <-- 0.060488 s
currentSize : 15 <-- 0.809760 s
currentSize : 16 <-- 12.428625 s
currentSize : 18 <-- 12.449764 s
currentSize : 19 <-- 12.707401 s
currentSize : 20 <-- 12.707444 s
currentSize : 26 <-- 12.956590 s

maxsize : 26
nodes : 1307079.000000
filtered : 20856643.000000
CCGP filtered : 422738.000000
CCGT filtered : 325779.000000
time : 13.020528
