Parameters: GAD=1 vflib=1 dir=0 label=0 lowerbound=1 fileNameGp=../graphsdb/mcs90/rand/r005/mcs90_r005_s20.A50 fileNameGt=../graphsdb/mcs90/rand/r005/mcs90_r005_s20.B50
Reading graphs...
20 :  21
20 :  21
Initializing...
maxdom : 20
D->valSize : 400
Solving...
currentSize : 6 <-- 0.002362 s
currentSize : 7 <-- 0.002400 s
currentSize : 8 <-- 0.002426 s
currentSize : 9 <-- 0.003726 s
currentSize : 10 <-- 0.011899 s
currentSize : 12 <-- 0.016576 s
currentSize : 14 <-- 0.019194 s
currentSize : 15 <-- 0.019218 s
currentSize : 16 <-- 0.019265 s
currentSize : 17 <-- 0.019437 s
currentSize : 18 <-- 0.019639 s

maxsize : 18
nodes : 3916.000000
filtered : 41066.000000
CCGP filtered : 47579.000000
CCGT filtered : 29445.000000
time : 0.022710
