Parameters: GAD=1 vflib=1 dir=0 label=0 lowerbound=1 fileNameGp=../graphsdb/mcs90/m3D/m3Dr2/mcs90_m3Dr2_s30.A78 fileNameGt=../graphsdb/mcs90/m3D/m3Dr2/mcs90_m3Dr2_s30.B78
Reading graphs...
30 :  67
30 :  66
Initializing...
maxdom : 30
D->valSize : 900
Solving...
currentSize : 15 <-- 0.010746 s
currentSize : 18 <-- 0.010878 s
currentSize : 19 <-- 0.016442 s
currentSize : 20 <-- 4.609501 s
currentSize : 21 <-- 10.023219 s
currentSize : 22 <-- 10.318910 s
currentSize : 23 <-- 10.452345 s
currentSize : 24 <-- 11.530213 s
currentSize : 27 <-- 11.964739 s

maxsize : 27
nodes : 1346491.000000
filtered : 25261180.000000
CCGP filtered : 852537.000000
CCGT filtered : 1342229.000000
time : 11.998327
