Parameters: GAD=1 vflib=1 dir=0 label=0 lowerbound=1 fileNameGp=../graphsdb/mcs90/bvg/b09m/mcs90_b09m_s30.A72 fileNameGt=../graphsdb/mcs90/bvg/b09m/mcs90_b09m_s30.B72
Reading graphs...
30 :  132
30 :  132
Initializing...
maxdom : 30
D->valSize : 900
Solving...
currentSize : 12 <-- 0.009551 s
currentSize : 13 <-- 0.009637 s
currentSize : 14 <-- 0.021502 s
currentSize : 15 <-- 0.533203 s
currentSize : 16 <-- 25.179983 s
currentSize : 17 <-- 26.017948 s
currentSize : 18 <-- 26.078224 s
currentSize : 20 <-- 30.714256 s
currentSize : 21 <-- 31.351292 s
currentSize : 26 <-- 31.352568 s

maxsize : 26
nodes : 3204850.000000
filtered : 54793589.000000
CCGP filtered : 772514.000000
CCGT filtered : 631254.000000
time : 31.434462
