Parameters: GAD=1 vflib=1 dir=0 label=0 lowerbound=1 fileNameGp=../graphsdb/mcs90/rand/r01/mcs90_r01_s30.A96 fileNameGt=../graphsdb/mcs90/rand/r01/mcs90_r01_s30.B96
Reading graphs...
30 :  78
30 :  78
Initializing...
maxdom : 30
D->valSize : 900
Solving...
currentSize : 13 <-- 0.014888 s
currentSize : 14 <-- 0.015153 s
currentSize : 15 <-- 0.015418 s
currentSize : 16 <-- 0.015510 s
currentSize : 17 <-- 0.015586 s
currentSize : 18 <-- 1.053747 s
currentSize : 19 <-- 7.631392 s
currentSize : 20 <-- 7.631487 s
currentSize : 21 <-- 8.001278 s
currentSize : 23 <-- 8.003275 s
currentSize : 27 <-- 8.020974 s

maxsize : 27
nodes : 897406.000000
filtered : 16436042.000000
CCGP filtered : 1360440.000000
CCGT filtered : 1518755.000000
time : 8.039391
