Parameters: GAD=1 vflib=1 dir=0 label=0 lowerbound=1 fileNameGp=../graphsdb/mcs90/m2D/m2Dr6/mcs90_m2Dr6_s30.A06 fileNameGt=../graphsdb/mcs90/m2D/m2Dr6/mcs90_m2Dr6_s30.B06
Reading graphs...
30 :  65
30 :  64
Initializing...
maxdom : 30
D->valSize : 900
Solving...
currentSize : 13 <-- 0.018446 s
currentSize : 14 <-- 0.018484 s
currentSize : 15 <-- 0.018958 s
currentSize : 16 <-- 0.020056 s
currentSize : 17 <-- 0.025985 s
currentSize : 18 <-- 0.041658 s
currentSize : 19 <-- 1.110926 s
currentSize : 20 <-- 14.509560 s
currentSize : 21 <-- 14.983852 s
currentSize : 23 <-- 15.376811 s
currentSize : 25 <-- 16.335405 s

maxsize : 25
nodes : 1862478.000000
filtered : 38632550.000000
CCGP filtered : 9087804.000000
CCGT filtered : 4196686.000000
time : 16.466410
