Parameters: GAD=1 vflib=1 dir=0 label=0 lowerbound=1 fileNameGp=../graphsdb/mcs90/bvg/b03/mcs90_b03_s35.A69 fileNameGt=../graphsdb/mcs90/bvg/b03/mcs90_b03_s35.B69
Reading graphs...
35 :  52
35 :  52
Initializing...
maxdom : 35
D->valSize : 1225
Solving...
currentSize : 10 <-- 0.021765 s
currentSize : 13 <-- 0.021828 s
currentSize : 19 <-- 0.021940 s
currentSize : 27 <-- 0.021994 s
currentSize : 28 <-- 0.033270 s
currentSize : 29 <-- 0.228091 s
currentSize : 30 <-- 0.324273 s
currentSize : 31 <-- 1.260863 s
currentSize : 32 <-- 1.296549 s

maxsize : 32
nodes : 116422.000000
filtered : 3491276.000000
CCGP filtered : 4168917.000000
CCGT filtered : 952422.000000
time : 1.364919
