Parameters: GAD=1 vflib=1 dir=0 label=0 lowerbound=1 fileNameGp=../graphsdb/mcs90/rand/r01/mcs90_r01_s35.A47 fileNameGt=../graphsdb/mcs90/rand/r01/mcs90_r01_s35.B47
Reading graphs...
35 :  112
35 :  112
Initializing...
maxdom : 35
D->valSize : 1225
Solving...
currentSize : 15 <-- 0.033005 s
currentSize : 16 <-- 0.033067 s
currentSize : 17 <-- 0.033877 s
currentSize : 18 <-- 0.034311 s
currentSize : 19 <-- 0.321940 s
currentSize : 20 <-- 43.240963 s
currentSize : 21 <-- 43.585526 s
currentSize : 24 <-- 54.318676 s
currentSize : 25 <-- 54.439419 s
currentSize : 31 <-- 59.402168 s

maxsize : 31
nodes : 5564894.000000
filtered : 118004567.000000
CCGP filtered : 5058888.000000
CCGT filtered : 3652395.000000
time : 59.501602
