Parameters: GAD=1 vflib=1 dir=0 label=0 lowerbound=1 fileNameGp=../graphsdb/mcs90/bvg/b09m/mcs90_b09m_s25.A70 fileNameGt=../graphsdb/mcs90/bvg/b09m/mcs90_b09m_s25.B70
Reading graphs...
25 :  106
25 :  106
Initializing...
maxdom : 25
D->valSize : 625
Solving...
currentSize : 9 <-- 0.007903 s
currentSize : 10 <-- 0.007967 s
currentSize : 11 <-- 0.008185 s
currentSize : 12 <-- 0.042880 s
currentSize : 13 <-- 0.055372 s
currentSize : 14 <-- 1.870518 s
currentSize : 15 <-- 3.244362 s
currentSize : 17 <-- 3.246795 s
currentSize : 22 <-- 3.251302 s

maxsize : 22
nodes : 348596.000000
filtered : 5283487.000000
CCGP filtered : 66176.000000
CCGT filtered : 51270.000000
time : 3.273411
