Parameters: GAD=1 vflib=1 dir=0 label=0 lowerbound=1 fileNameGp=../graphsdb/mcs90/bvg/b03m/mcs90_b03m_s35.A74 fileNameGt=../graphsdb/mcs90/bvg/b03m/mcs90_b03m_s35.B74
Reading graphs...
35 :  52
35 :  52
Initializing...
maxdom : 35
D->valSize : 1225
Solving...
currentSize : 15 <-- 0.036772 s
currentSize : 19 <-- 0.036875 s
currentSize : 20 <-- 0.037038 s
currentSize : 21 <-- 0.055207 s
currentSize : 22 <-- 0.059183 s
currentSize : 23 <-- 0.059748 s
currentSize : 25 <-- 0.150205 s
currentSize : 26 <-- 2.156607 s
currentSize : 27 <-- 8.476959 s
currentSize : 28 <-- 9.798324 s
currentSize : 29 <-- 9.800149 s
currentSize : 30 <-- 10.540087 s
currentSize : 31 <-- 10.540314 s

maxsize : 31
nodes : 915899.000000
filtered : 31302989.000000
CCGP filtered : 24611578.000000
CCGT filtered : 9327501.000000
time : 10.685409
