Parameters: GAD=1 vflib=1 dir=0 label=0 lowerbound=1 fileNameGp=../graphsdb/mcs90/rand/r005/mcs90_r005_s25.A75 fileNameGt=../graphsdb/mcs90/rand/r005/mcs90_r005_s25.B75
Reading graphs...
25 :  29
25 :  29
Initializing...
maxdom : 25
D->valSize : 625
Solving...
currentSize : 8 <-- 0.005399 s
currentSize : 9 <-- 0.005544 s
currentSize : 10 <-- 0.005573 s
currentSize : 11 <-- 0.006332 s
currentSize : 12 <-- 0.011201 s
currentSize : 13 <-- 0.011483 s
currentSize : 14 <-- 0.011511 s
currentSize : 15 <-- 0.012420 s
currentSize : 16 <-- 0.022740 s
currentSize : 17 <-- 0.051726 s
currentSize : 18 <-- 0.052270 s
currentSize : 19 <-- 0.116232 s
currentSize : 20 <-- 0.117238 s
currentSize : 21 <-- 0.117407 s
currentSize : 22 <-- 0.118854 s

maxsize : 22
nodes : 18687.000000
filtered : 251390.000000
CCGP filtered : 231606.000000
CCGT filtered : 116131.000000
time : 0.126806
