Parameters: GAD=1 vflib=1 dir=0 label=0 lowerbound=1 fileNameGp=../graphsdb/mcs90/bvg/b09m/mcs90_b09m_s25.A60 fileNameGt=../graphsdb/mcs90/bvg/b09m/mcs90_b09m_s25.B60
Reading graphs...
25 :  108
25 :  110
Initializing...
maxdom : 25
D->valSize : 625
Solving...
currentSize : 8 <-- 0.007907 s
currentSize : 9 <-- 0.008054 s
currentSize : 10 <-- 0.008099 s
currentSize : 12 <-- 0.008221 s
currentSize : 13 <-- 0.205655 s
currentSize : 14 <-- 0.989252 s
currentSize : 15 <-- 0.993503 s
currentSize : 18 <-- 0.994927 s
currentSize : 22 <-- 1.036758 s

maxsize : 22
nodes : 118107.000000
filtered : 1680916.000000
CCGP filtered : 27415.000000
CCGT filtered : 23003.000000
time : 1.061454
