Parameters: GAD=1 vflib=1 dir=0 label=0 lowerbound=1 fileNameGp=../graphsdb/mcs90/bvg/b03m/mcs90_b03m_s35.A91 fileNameGt=../graphsdb/mcs90/bvg/b03m/mcs90_b03m_s35.B91
Reading graphs...
35 :  52
35 :  52
Initializing...
maxdom : 35
D->valSize : 1225
Solving...
currentSize : 17 <-- 0.021141 s
currentSize : 21 <-- 0.021243 s
currentSize : 22 <-- 0.025179 s
currentSize : 23 <-- 0.029464 s
currentSize : 24 <-- 0.162796 s
currentSize : 25 <-- 2.632145 s
currentSize : 26 <-- 5.800931 s
currentSize : 27 <-- 8.395640 s
currentSize : 28 <-- 9.030183 s
currentSize : 29 <-- 14.662022 s
currentSize : 30 <-- 14.662156 s

maxsize : 30
nodes : 1313143.000000
filtered : 38470945.000000
CCGP filtered : 30660374.000000
CCGT filtered : 11942941.000000
time : 14.995308
