Parameters: GAD=1 vflib=1 dir=0 label=0 lowerbound=1 fileNameGp=../graphsdb/mcs90/rand/r01/mcs90_r01_s30.A34 fileNameGt=../graphsdb/mcs90/rand/r01/mcs90_r01_s30.B34
Reading graphs...
30 :  82
30 :  83
Initializing...
maxdom : 30
D->valSize : 900
Solving...
currentSize : 14 <-- 0.010343 s
currentSize : 15 <-- 0.010369 s
currentSize : 16 <-- 0.016271 s
currentSize : 17 <-- 0.021828 s
currentSize : 18 <-- 2.254853 s
currentSize : 19 <-- 6.356806 s
currentSize : 20 <-- 8.441044 s
currentSize : 21 <-- 8.441155 s
currentSize : 27 <-- 8.496128 s

maxsize : 27
nodes : 965097.000000
filtered : 18101820.000000
CCGP filtered : 979071.000000
CCGT filtered : 638430.000000
time : 8.518737
