Parameters: GAD=1 vflib=1 dir=0 label=0 lowerbound=1 fileNameGp=../graphsdb/mcs90/m3D/m3Dr6/mcs90_m3Dr6_s30.A83 fileNameGt=../graphsdb/mcs90/m3D/m3Dr6/mcs90_m3Dr6_s30.B83
Reading graphs...
30 :  76
30 :  74
Initializing...
maxdom : 30
D->valSize : 900
Solving...
currentSize : 16 <-- 0.010348 s
currentSize : 17 <-- 0.011387 s
currentSize : 18 <-- 0.320425 s
currentSize : 19 <-- 0.694239 s
currentSize : 20 <-- 3.008153 s
currentSize : 21 <-- 15.106144 s
currentSize : 23 <-- 18.844307 s
currentSize : 24 <-- 18.844387 s
currentSize : 25 <-- 18.888422 s
currentSize : 27 <-- 18.888630 s

maxsize : 27
nodes : 2075859.000000
filtered : 55120920.000000
CCGP filtered : 2904401.000000
CCGT filtered : 940597.000000
time : 18.907248
