Parameters: GAD=1 vflib=1 dir=0 label=0 lowerbound=1 fileNameGp=../graphsdb/mcs90/m3D/m3Dr4/mcs90_m3Dr4_s30.A23 fileNameGt=../graphsdb/mcs90/m3D/m3Dr4/mcs90_m3Dr4_s30.B23
Reading graphs...
30 :  72
30 :  72
Initializing...
maxdom : 30
D->valSize : 900
Solving...
currentSize : 15 <-- 0.018256 s
currentSize : 16 <-- 0.018393 s
currentSize : 17 <-- 0.084125 s
currentSize : 18 <-- 1.296085 s
currentSize : 19 <-- 1.400576 s
currentSize : 20 <-- 13.191013 s
currentSize : 21 <-- 13.191214 s
currentSize : 22 <-- 15.715924 s
currentSize : 27 <-- 15.730581 s

maxsize : 27
nodes : 1791414.000000
filtered : 36231259.000000
CCGP filtered : 2105845.000000
CCGT filtered : 808639.000000
time : 15.762715
