Parameters: GAD=1 vflib=1 dir=0 label=0 lowerbound=1 fileNameGp=../graphsdb/mcs90/bvg/b09m/mcs90_b09m_s30.A07 fileNameGt=../graphsdb/mcs90/bvg/b09m/mcs90_b09m_s30.B07
Reading graphs...
30 :  128
30 :  130
Initializing...
maxdom : 30
D->valSize : 900
Solving...
currentSize : 10 <-- 0.009643 s
currentSize : 11 <-- 0.009740 s
currentSize : 12 <-- 0.011290 s
currentSize : 13 <-- 0.015029 s
currentSize : 14 <-- 0.020969 s
currentSize : 15 <-- 0.285672 s
currentSize : 16 <-- 39.043304 s
currentSize : 17 <-- 41.687714 s
currentSize : 18 <-- 42.238422 s
currentSize : 19 <-- 42.332321 s
currentSize : 20 <-- 43.489765 s
currentSize : 21 <-- 44.688419 s
currentSize : 24 <-- 45.215813 s
currentSize : 26 <-- 45.216091 s

maxsize : 26
nodes : 4679234.000000
filtered : 78011968.000000
CCGP filtered : 906347.000000
CCGT filtered : 717552.000000
time : 45.272720
