Parameters: GAD=1 vflib=1 dir=0 label=0 lowerbound=1 fileNameGp=../graphsdb/mcs90/m2D/m2Dr6/mcs90_m2Dr6_s30.A83 fileNameGt=../graphsdb/mcs90/m2D/m2Dr6/mcs90_m2Dr6_s30.B83
Reading graphs...
30 :  65
30 :  63
Initializing...
maxdom : 30
D->valSize : 900
Solving...
currentSize : 14 <-- 0.010708 s
currentSize : 15 <-- 0.010999 s
currentSize : 16 <-- 0.011142 s
currentSize : 17 <-- 0.012306 s
currentSize : 18 <-- 0.033665 s
currentSize : 19 <-- 0.252068 s
currentSize : 20 <-- 6.494655 s
currentSize : 21 <-- 15.029058 s
currentSize : 22 <-- 20.095472 s
currentSize : 23 <-- 20.116892 s
currentSize : 25 <-- 22.456936 s

maxsize : 25
nodes : 2472622.000000
filtered : 60520253.000000
CCGP filtered : 5075087.000000
CCGT filtered : 4278053.000000
time : 22.626493
