Parameters: GAD=1 vflib=1 dir=0 label=0 lowerbound=1 fileNameGp=../graphsdb/mcs90/rand/r005/mcs90_r005_s30.A96 fileNameGt=../graphsdb/mcs90/rand/r005/mcs90_r005_s30.B96
Reading graphs...
30 :  40
30 :  41
Initializing...
maxdom : 30
D->valSize : 900
Solving...
currentSize : 16 <-- 0.015508 s
currentSize : 17 <-- 0.015571 s
currentSize : 18 <-- 0.015954 s
currentSize : 19 <-- 0.016313 s
currentSize : 20 <-- 0.054155 s
currentSize : 21 <-- 0.315713 s
currentSize : 22 <-- 0.374216 s
currentSize : 23 <-- 0.647201 s
currentSize : 24 <-- 0.653877 s
currentSize : 25 <-- 0.656829 s
currentSize : 26 <-- 0.662324 s
currentSize : 27 <-- 0.687716 s

maxsize : 27
nodes : 74513.000000
filtered : 1591509.000000
CCGP filtered : 980414.000000
CCGT filtered : 660816.000000
time : 0.704689
