Parameters: GAD=1 vflib=1 dir=0 label=0 lowerbound=1 fileNameGp=../graphsdb/mcs90/bvg/b06m/mcs90_b06m_s35.A73 fileNameGt=../graphsdb/mcs90/bvg/b06m/mcs90_b06m_s35.B73
Reading graphs...
35 :  101
35 :  102
Initializing...
maxdom : 35
D->valSize : 1225
Solving...
currentSize : 12 <-- 0.019193 s
currentSize : 13 <-- 0.019234 s
currentSize : 14 <-- 0.019343 s
currentSize : 15 <-- 0.019896 s
currentSize : 16 <-- 0.020229 s
currentSize : 17 <-- 0.029863 s
currentSize : 18 <-- 0.059423 s
currentSize : 19 <-- 0.206075 s
currentSize : 20 <-- 0.533943 s
currentSize : 21 <-- 1.021936 s
currentSize : 22 <-- 2.118712 s
currentSize : 23 <-- 3.074005 s
currentSize : 24 <-- 34.931812 s
currentSize : 25 <-- 35.770126 s
currentSize : 26 <-- 42.683586 s
currentSize : 31 <-- 43.166496 s

maxsize : 31
nodes : 3706947.000000
filtered : 137825479.000000
CCGP filtered : 16504370.000000
CCGT filtered : 5025776.000000
time : 43.256039
