Parameters: GAD=1 vflib=1 dir=0 label=0 lowerbound=1 fileNameGp=../graphsdb/mcs90/bvg/b03m/mcs90_b03m_s30.A64 fileNameGt=../graphsdb/mcs90/bvg/b03m/mcs90_b03m_s30.B64
Reading graphs...
30 :  45
30 :  45
Initializing...
maxdom : 30
D->valSize : 900
Solving...
currentSize : 13 <-- 0.019555 s
currentSize : 14 <-- 0.019849 s
currentSize : 17 <-- 0.019917 s
currentSize : 18 <-- 0.037209 s
currentSize : 19 <-- 0.058928 s
currentSize : 20 <-- 0.079286 s
currentSize : 21 <-- 0.091663 s
currentSize : 23 <-- 0.153424 s
currentSize : 24 <-- 0.253082 s
currentSize : 26 <-- 0.421721 s

maxsize : 26
nodes : 32314.000000
filtered : 858591.000000
CCGP filtered : 643717.000000
CCGT filtered : 321160.000000
time : 0.440681
