Parameters: GAD=1 vflib=1 dir=0 label=0 lowerbound=1 fileNameGp=../graphsdb/mcs90/m2D/m2Dr6/mcs90_m2Dr6_s30.A22 fileNameGt=../graphsdb/mcs90/m2D/m2Dr6/mcs90_m2Dr6_s30.B22
Reading graphs...
30 :  67
30 :  66
Initializing...
maxdom : 30
D->valSize : 900
Solving...
currentSize : 14 <-- 0.018578 s
currentSize : 15 <-- 0.027374 s
currentSize : 16 <-- 0.030083 s
currentSize : 17 <-- 0.030619 s
currentSize : 18 <-- 0.171030 s
currentSize : 19 <-- 0.473643 s
currentSize : 20 <-- 0.687618 s
currentSize : 21 <-- 0.690742 s
currentSize : 22 <-- 2.292937 s
currentSize : 23 <-- 2.293440 s
currentSize : 25 <-- 2.313630 s

maxsize : 25
nodes : 240132.000000
filtered : 7038117.000000
CCGP filtered : 606064.000000
CCGT filtered : 400961.000000
time : 2.478026
