Parameters: GAD=1 vflib=1 dir=0 label=0 lowerbound=1 fileNameGp=../graphsdb/mcs90/rand/r01/mcs90_r01_s35.A10 fileNameGt=../graphsdb/mcs90/rand/r01/mcs90_r01_s35.B10
Reading graphs...
35 :  115
35 :  114
Initializing...
maxdom : 35
D->valSize : 1225
Solving...
currentSize : 11 <-- 0.019241 s
currentSize : 13 <-- 0.019315 s
currentSize : 14 <-- 0.019428 s
currentSize : 15 <-- 0.019930 s
currentSize : 16 <-- 0.024657 s
currentSize : 17 <-- 0.098557 s
currentSize : 18 <-- 0.361598 s
currentSize : 19 <-- 0.599846 s
currentSize : 20 <-- 4.642253 s
currentSize : 22 <-- 14.815556 s
currentSize : 23 <-- 21.161924 s
currentSize : 24 <-- 23.510696 s
currentSize : 25 <-- 29.809740 s
currentSize : 31 <-- 38.034142 s

maxsize : 31
nodes : 3231032.000000
filtered : 106530333.000000
CCGP filtered : 1894649.000000
CCGT filtered : 1630012.000000
time : 38.117050
