Parameters: GAD=1 vflib=1 dir=0 label=0 lowerbound=1 fileNameGp=../graphsdb/mcs90/bvg/b03m/mcs90_b03m_s35.A39 fileNameGt=../graphsdb/mcs90/bvg/b03m/mcs90_b03m_s35.B39
Reading graphs...
35 :  51
35 :  52
Initializing...
maxdom : 35
D->valSize : 1225
Solving...
currentSize : 18 <-- 0.026575 s
currentSize : 19 <-- 0.026881 s
currentSize : 20 <-- 0.026934 s
currentSize : 21 <-- 0.028043 s
currentSize : 22 <-- 0.053806 s
currentSize : 23 <-- 0.343919 s
currentSize : 24 <-- 0.345263 s
currentSize : 25 <-- 0.423241 s
currentSize : 26 <-- 9.778865 s
currentSize : 27 <-- 9.789985 s
currentSize : 30 <-- 12.244667 s

maxsize : 30
nodes : 1132158.000000
filtered : 31183532.000000
CCGP filtered : 26772884.000000
CCGT filtered : 15417653.000000
time : 12.676335
