Parameters: GAD=1 vflib=1 dir=0 label=0 lowerbound=1 fileNameGp=../graphsdb/mcs90/rand/r005/mcs90_r005_s25.A25 fileNameGt=../graphsdb/mcs90/rand/r005/mcs90_r005_s25.B25
Reading graphs...
25 :  28
25 :  29
Initializing...
maxdom : 25
D->valSize : 625
Solving...
currentSize : 6 <-- 0.005398 s
currentSize : 11 <-- 0.005505 s
currentSize : 12 <-- 0.007650 s
currentSize : 13 <-- 0.008204 s
currentSize : 14 <-- 0.012424 s
currentSize : 15 <-- 0.012784 s
currentSize : 16 <-- 0.012945 s
currentSize : 18 <-- 0.013134 s
currentSize : 19 <-- 0.013142 s
currentSize : 20 <-- 0.013242 s
currentSize : 21 <-- 0.018164 s
currentSize : 22 <-- 0.018789 s

maxsize : 22
nodes : 2450.000000
filtered : 44890.000000
CCGP filtered : 56791.000000
CCGT filtered : 16679.000000
time : 0.022914
