Parameters: GAD=1 vflib=1 dir=0 label=0 lowerbound=1 fileNameGp=../graphsdb/mcs90/m3D/m3Dr6/mcs90_m3Dr6_s30.A67 fileNameGt=../graphsdb/mcs90/m3D/m3Dr6/mcs90_m3Dr6_s30.B67
Reading graphs...
30 :  76
30 :  77
Initializing...
maxdom : 30
D->valSize : 900
Solving...
currentSize : 12 <-- 0.018089 s
currentSize : 14 <-- 0.018122 s
currentSize : 15 <-- 0.018280 s
currentSize : 16 <-- 0.021812 s
currentSize : 17 <-- 0.249897 s
currentSize : 18 <-- 0.680888 s
currentSize : 19 <-- 0.683706 s
currentSize : 21 <-- 2.348994 s
currentSize : 23 <-- 2.919142 s
currentSize : 27 <-- 3.307066 s

maxsize : 27
nodes : 338883.000000
filtered : 8888754.000000
CCGP filtered : 591901.000000
CCGT filtered : 244976.000000
time : 3.325314
