Parameters: GAD=1 vflib=1 dir=0 label=0 lowerbound=1 fileNameGp=../graphsdb/mcs90/m2D/m2Dr6/mcs90_m2Dr6_s30.A76 fileNameGt=../graphsdb/mcs90/m2D/m2Dr6/mcs90_m2Dr6_s30.B76
Reading graphs...
30 :  67
30 :  65
Initializing...
maxdom : 30
D->valSize : 900
Solving...
currentSize : 16 <-- 0.018628 s
currentSize : 17 <-- 0.026300 s
currentSize : 18 <-- 0.031471 s
currentSize : 19 <-- 0.176549 s
currentSize : 20 <-- 1.309875 s
currentSize : 21 <-- 3.963526 s
currentSize : 22 <-- 9.048739 s
currentSize : 24 <-- 13.691481 s
currentSize : 25 <-- 13.691696 s

maxsize : 25
nodes : 1478482.000000
filtered : 41529484.000000
CCGP filtered : 2291636.000000
CCGT filtered : 979503.000000
time : 13.960515
