Parameters: GAD=1 vflib=1 dir=0 label=0 lowerbound=1 fileNameGp=../graphsdb/mcs90/rand/r005/mcs90_r005_s35.A93 fileNameGt=../graphsdb/mcs90/rand/r005/mcs90_r005_s35.B93
Reading graphs...
35 :  58
35 :  57
Initializing...
maxdom : 35
D->valSize : 1225
Solving...
currentSize : 15 <-- 0.036487 s
currentSize : 17 <-- 0.036656 s
currentSize : 18 <-- 0.036764 s
currentSize : 19 <-- 0.037646 s
currentSize : 20 <-- 0.094434 s
currentSize : 21 <-- 0.108735 s
currentSize : 22 <-- 0.264309 s
currentSize : 23 <-- 0.305563 s
currentSize : 24 <-- 2.157618 s
currentSize : 25 <-- 2.201147 s
currentSize : 26 <-- 12.838221 s
currentSize : 27 <-- 12.838302 s
currentSize : 29 <-- 13.120859 s
currentSize : 30 <-- 13.120879 s
currentSize : 31 <-- 13.120926 s

maxsize : 31
nodes : 1228541.000000
filtered : 35785810.000000
CCGP filtered : 12883751.000000
CCGT filtered : 7512243.000000
time : 13.224452
