Parameters: GAD=1 vflib=1 dir=0 label=0 lowerbound=1 fileNameGp=../graphsdb/mcs90/m3D/m3Dr4/mcs90_m3Dr4_s30.A80 fileNameGt=../graphsdb/mcs90/m3D/m3Dr4/mcs90_m3Dr4_s30.B80
Reading graphs...
30 :  71
30 :  71
Initializing...
maxdom : 30
D->valSize : 900
Solving...
currentSize : 14 <-- 0.010711 s
currentSize : 15 <-- 0.010811 s
currentSize : 16 <-- 0.016013 s
currentSize : 17 <-- 0.032174 s
currentSize : 18 <-- 0.575441 s
currentSize : 19 <-- 3.315896 s
currentSize : 20 <-- 15.631354 s
currentSize : 21 <-- 31.762403 s
currentSize : 22 <-- 31.762541 s
currentSize : 24 <-- 31.782619 s
currentSize : 27 <-- 32.258263 s

maxsize : 27
nodes : 3490776.000000
filtered : 81113197.000000
CCGP filtered : 5956433.000000
CCGT filtered : 3275214.000000
time : 32.279408
