Parameters: GAD=1 vflib=1 dir=0 label=0 lowerbound=1 fileNameGp=../graphsdb/mcs90/rand/r02/mcs90_r02_s30.A06 fileNameGt=../graphsdb/mcs90/rand/r02/mcs90_r02_s30.B06
Reading graphs...
30 :  155
30 :  157
Initializing...
maxdom : 30
D->valSize : 900
Solving...
currentSize : 10 <-- 0.009411 s
currentSize : 11 <-- 0.009515 s
currentSize : 12 <-- 0.009693 s
currentSize : 13 <-- 0.154663 s
currentSize : 14 <-- 1.073710 s
currentSize : 16 <-- 23.632574 s
currentSize : 17 <-- 24.070576 s
currentSize : 21 <-- 24.071108 s
currentSize : 27 <-- 24.072453 s

maxsize : 27
nodes : 2419491.000000
filtered : 26602979.000000
CCGP filtered : 32458.000000
CCGT filtered : 35568.000000
time : 24.085087
