Parameters: GAD=1 vflib=1 dir=0 label=0 lowerbound=1 fileNameGp=../graphsdb/mcs90/rand/r005/mcs90_r005_s30.A91 fileNameGt=../graphsdb/mcs90/rand/r005/mcs90_r005_s30.B91
Reading graphs...
30 :  42
30 :  42
Initializing...
maxdom : 30
D->valSize : 900
Solving...
currentSize : 18 <-- 0.011495 s
currentSize : 19 <-- 0.012533 s
currentSize : 20 <-- 0.013013 s
currentSize : 21 <-- 0.019133 s
currentSize : 22 <-- 0.204233 s
currentSize : 23 <-- 1.032086 s
currentSize : 24 <-- 1.032667 s
currentSize : 25 <-- 1.336134 s
currentSize : 26 <-- 1.403769 s
currentSize : 27 <-- 1.419919 s

maxsize : 27
nodes : 156248.000000
filtered : 3623875.000000
CCGP filtered : 2513318.000000
CCGT filtered : 1134661.000000
time : 1.434846
