Parameters: GAD=1 vflib=1 dir=0 label=0 lowerbound=1 fileNameGp=../graphsdb/mcs90/bvg/b03m/mcs90_b03m_s35.A85 fileNameGt=../graphsdb/mcs90/bvg/b03m/mcs90_b03m_s35.B85
Reading graphs...
35 :  51
35 :  51
Initializing...
maxdom : 35
D->valSize : 1225
Solving...
currentSize : 19 <-- 0.036694 s
currentSize : 21 <-- 0.037293 s
currentSize : 22 <-- 0.037426 s
currentSize : 23 <-- 0.098684 s
currentSize : 24 <-- 0.495038 s
currentSize : 25 <-- 2.963252 s
currentSize : 26 <-- 22.769075 s
currentSize : 27 <-- 25.488819 s
currentSize : 30 <-- 25.826004 s

maxsize : 30
nodes : 2508613.000000
filtered : 60528960.000000
CCGP filtered : 59132198.000000
CCGT filtered : 22882259.000000
time : 26.574627
