Parameters: GAD=1 vflib=1 dir=0 label=0 lowerbound=1 fileNameGp=../graphsdb/mcs90/rand/r02/mcs90_r02_s35.A50 fileNameGt=../graphsdb/mcs90/rand/r02/mcs90_r02_s35.B50
Reading graphs...
35 :  212
35 :  213
Initializing...
maxdom : 35
D->valSize : 1225
Solving...
currentSize : 12 <-- 0.022140 s
currentSize : 13 <-- 0.027664 s
currentSize : 14 <-- 0.098875 s
currentSize : 15 <-- 9.121418 s
currentSize : 16 <-- 62.350361 s
currentSize : 17 <-- 84.196945 s
currentSize : 19 <-- 93.672554 s
currentSize : 20 <-- 100.402489 s
currentSize : 31 <-- 134.501709 s

maxsize : 31
nodes : 10727238.000000
filtered : 160157967.000000
CCGP filtered : 101232.000000
CCGT filtered : 262935.000000
time : 134.611252
