Parameters: GAD=1 vflib=1 dir=0 label=0 lowerbound=1 fileNameGp=../graphsdb/mcs90/m2D/m2Dr6/mcs90_m2Dr6_s30.A90 fileNameGt=../graphsdb/mcs90/m2D/m2Dr6/mcs90_m2Dr6_s30.B90
Reading graphs...
30 :  67
30 :  65
Initializing...
maxdom : 30
D->valSize : 900
Solving...
currentSize : 11 <-- 0.018558 s
currentSize : 12 <-- 0.018691 s
currentSize : 13 <-- 0.018716 s
currentSize : 14 <-- 0.019034 s
currentSize : 15 <-- 0.019448 s
currentSize : 16 <-- 0.025879 s
currentSize : 17 <-- 0.166518 s
currentSize : 18 <-- 0.250857 s
currentSize : 19 <-- 15.246192 s
currentSize : 20 <-- 45.465008 s
currentSize : 23 <-- 45.466877 s
currentSize : 25 <-- 46.317902 s

maxsize : 25
nodes : 5374342.000000
filtered : 98752458.000000
CCGP filtered : 9848462.000000
CCGT filtered : 9652009.000000
time : 46.577415
