Parameters: GAD=1 vflib=1 dir=0 label=0 lowerbound=1 fileNameGp=../graphsdb/mcs90/m4D/m4Dr2/mcs90_m4Dr2_s20.A29 fileNameGt=../graphsdb/mcs90/m4D/m4Dr2/mcs90_m4Dr2_s20.B29
Reading graphs...
20 :  39
20 :  39
Initializing...
maxdom : 20
D->valSize : 400
Solving...
currentSize : 6 <-- 0.002501 s
currentSize : 8 <-- 0.002557 s
currentSize : 9 <-- 0.003140 s
currentSize : 11 <-- 0.004085 s
currentSize : 12 <-- 0.004208 s
currentSize : 13 <-- 0.004952 s
currentSize : 14 <-- 0.006954 s
currentSize : 16 <-- 0.008633 s
currentSize : 17 <-- 0.009480 s

maxsize : 17
nodes : 2367.000000
filtered : 58211.000000
CCGP filtered : 7870.000000
CCGT filtered : 7697.000000
time : 0.018052
