Parameters: GAD=1 vflib=1 dir=0 label=0 lowerbound=1 fileNameGp=../graphsdb/mcs90/rand/r01/mcs90_r01_s30.A22 fileNameGt=../graphsdb/mcs90/rand/r01/mcs90_r01_s30.B22
Reading graphs...
30 :  84
30 :  84
Initializing...
maxdom : 30
D->valSize : 900
Solving...
currentSize : 12 <-- 0.017807 s
currentSize : 13 <-- 0.017891 s
currentSize : 15 <-- 0.017933 s
currentSize : 16 <-- 0.018008 s
currentSize : 17 <-- 0.265674 s
currentSize : 18 <-- 0.878493 s
currentSize : 19 <-- 0.963286 s
currentSize : 22 <-- 1.087559 s
currentSize : 27 <-- 1.087856 s

maxsize : 27
nodes : 118979.000000
filtered : 1647017.000000
CCGP filtered : 57818.000000
CCGT filtered : 62257.000000
time : 1.097686
