Parameters: GAD=1 vflib=1 dir=0 label=0 lowerbound=1 fileNameGp=../graphsdb/mcs90/rand/r01/mcs90_r01_s30.A46 fileNameGt=../graphsdb/mcs90/rand/r01/mcs90_r01_s30.B46
Reading graphs...
30 :  81
30 :  82
Initializing...
maxdom : 30
D->valSize : 900
Solving...
currentSize : 14 <-- 0.010315 s
currentSize : 15 <-- 0.010659 s
currentSize : 16 <-- 0.013979 s
currentSize : 17 <-- 0.028638 s
currentSize : 18 <-- 0.140498 s
currentSize : 19 <-- 0.168858 s
currentSize : 20 <-- 0.169591 s
currentSize : 21 <-- 0.181464 s
currentSize : 23 <-- 0.211695 s
currentSize : 27 <-- 0.335963 s

maxsize : 27
nodes : 37191.000000
filtered : 1061130.000000
CCGP filtered : 50298.000000
CCGT filtered : 15752.000000
time : 0.359112
