Parameters: GAD=1 vflib=1 dir=0 label=0 lowerbound=1 fileNameGp=../graphsdb/mcs90/bvg/b09/mcs90_b09_s30.A34 fileNameGt=../graphsdb/mcs90/bvg/b09/mcs90_b09_s30.B34
Reading graphs...
30 :  135
30 :  133
Initializing...
maxdom : 30
D->valSize : 900
Solving...
currentSize : 9 <-- 0.009804 s
currentSize : 10 <-- 0.009856 s
currentSize : 11 <-- 0.009879 s
currentSize : 14 <-- 0.011435 s
currentSize : 15 <-- 0.011653 s
currentSize : 16 <-- 0.013194 s
currentSize : 18 <-- 0.018770 s
currentSize : 19 <-- 0.033256 s
currentSize : 21 <-- 0.039078 s
currentSize : 23 <-- 0.051066 s
currentSize : 26 <-- 0.055839 s

maxsize : 26
nodes : 19002.000000
filtered : 1036774.000000
CCGP filtered : 4.000000
CCGT filtered : 542.000000
time : 0.219467
