Parameters: GAD=1 vflib=1 dir=0 label=0 lowerbound=1 fileNameGp=../graphsdb/mcs90/bvg/b09/mcs90_b09_s25.A63 fileNameGt=../graphsdb/mcs90/bvg/b09/mcs90_b09_s25.B63
Reading graphs...
25 :  112
25 :  112
Initializing...
maxdom : 25
D->valSize : 625
Solving...
currentSize : 7 <-- 0.007785 s
currentSize : 8 <-- 0.007918 s
currentSize : 9 <-- 0.008020 s
currentSize : 10 <-- 0.008341 s
currentSize : 11 <-- 0.026157 s
currentSize : 12 <-- 0.067509 s
currentSize : 13 <-- 0.067812 s
currentSize : 14 <-- 0.088911 s
currentSize : 16 <-- 0.092876 s
currentSize : 18 <-- 0.096458 s
currentSize : 22 <-- 0.101814 s

maxsize : 22
nodes : 16107.000000
filtered : 358277.000000
CCGP filtered : 1262.000000
CCGT filtered : 1884.000000
time : 0.148167
