Parameters: GAD=1 vflib=1 dir=0 label=0 lowerbound=1 fileNameGp=../graphsdb/mcs90/bvg/b03m/mcs90_b03m_s35.A78 fileNameGt=../graphsdb/mcs90/bvg/b03m/mcs90_b03m_s35.B78
Reading graphs...
35 :  52
35 :  52
Initializing...
maxdom : 35
D->valSize : 1225
Solving...
currentSize : 19 <-- 0.031506 s
currentSize : 21 <-- 0.031936 s
currentSize : 22 <-- 0.032534 s
currentSize : 23 <-- 0.475330 s
currentSize : 24 <-- 0.493204 s
currentSize : 25 <-- 4.372098 s
currentSize : 26 <-- 7.089523 s
currentSize : 27 <-- 10.492488 s
currentSize : 30 <-- 18.659512 s

maxsize : 30
nodes : 1785006.000000
filtered : 47620311.000000
CCGP filtered : 35756845.000000
CCGT filtered : 15714546.000000
time : 19.044050
