Parameters: GAD=1 vflib=1 dir=0 label=0 lowerbound=1 fileNameGp=../graphsdb/mcs90/bvg/b03m/mcs90_b03m_s30.A30 fileNameGt=../graphsdb/mcs90/bvg/b03m/mcs90_b03m_s30.B30
Reading graphs...
30 :  45
30 :  45
Initializing...
maxdom : 30
D->valSize : 900
Solving...
currentSize : 13 <-- 0.011094 s
currentSize : 14 <-- 0.011518 s
currentSize : 15 <-- 0.014339 s
currentSize : 16 <-- 0.014776 s
currentSize : 17 <-- 0.016518 s
currentSize : 18 <-- 0.018444 s
currentSize : 19 <-- 0.034969 s
currentSize : 20 <-- 0.034993 s
currentSize : 21 <-- 0.035613 s
currentSize : 22 <-- 2.198118 s
currentSize : 23 <-- 3.195017 s
currentSize : 24 <-- 3.199076 s
currentSize : 26 <-- 3.201313 s

maxsize : 26
nodes : 345963.000000
filtered : 7472949.000000
CCGP filtered : 8126040.000000
CCGT filtered : 2443923.000000
time : 3.278492
