Parameters: GAD=1 vflib=1 dir=0 label=0 lowerbound=1 fileNameGp=../graphsdb/mcs90/bvg/b06m/mcs90_b06m_s25.A57 fileNameGt=../graphsdb/mcs90/bvg/b06m/mcs90_b06m_s25.B57
Reading graphs...
25 :  73
25 :  73
Initializing...
maxdom : 25
D->valSize : 625
Solving...
currentSize : 10 <-- 0.005102 s
currentSize : 12 <-- 0.005202 s
currentSize : 13 <-- 0.007792 s
currentSize : 14 <-- 0.012153 s
currentSize : 15 <-- 0.617006 s
currentSize : 16 <-- 1.740104 s
currentSize : 17 <-- 2.048022 s
currentSize : 18 <-- 2.054426 s
currentSize : 22 <-- 2.088230 s

maxsize : 22
nodes : 253584.000000
filtered : 4634809.000000
CCGP filtered : 493803.000000
CCGT filtered : 97427.000000
time : 2.104214
