Parameters: GAD=1 vflib=1 dir=0 label=0 lowerbound=1 fileNameGp=../graphsdb/mcs90/bvg/b06m/mcs90_b06m_s25.A29 fileNameGt=../graphsdb/mcs90/bvg/b06m/mcs90_b06m_s25.B29
Reading graphs...
25 :  74
25 :  74
Initializing...
maxdom : 25
D->valSize : 625
Solving...
currentSize : 11 <-- 0.005033 s
currentSize : 12 <-- 0.005071 s
currentSize : 13 <-- 0.006092 s
currentSize : 14 <-- 0.006720 s
currentSize : 15 <-- 0.811617 s
currentSize : 16 <-- 1.358295 s
currentSize : 17 <-- 1.577661 s
currentSize : 18 <-- 1.596020 s
currentSize : 21 <-- 1.855063 s
currentSize : 22 <-- 1.860185 s

maxsize : 22
nodes : 229230.000000
filtered : 4624160.000000
CCGP filtered : 482530.000000
CCGT filtered : 257953.000000
time : 1.865202
