Parameters: GAD=1 vflib=1 dir=0 label=0 lowerbound=1 fileNameGp=../graphsdb/mcs90/bvg/b03m/mcs90_b03m_s30.A26 fileNameGt=../graphsdb/mcs90/bvg/b03m/mcs90_b03m_s30.B26
Reading graphs...
30 :  44
30 :  44
Initializing...
maxdom : 30
D->valSize : 900
Solving...
currentSize : 16 <-- 0.011136 s
currentSize : 17 <-- 0.012392 s
currentSize : 18 <-- 0.012446 s
currentSize : 19 <-- 0.013659 s
currentSize : 20 <-- 0.014028 s
currentSize : 21 <-- 0.030139 s
currentSize : 22 <-- 0.151143 s
currentSize : 23 <-- 0.282531 s
currentSize : 24 <-- 0.686970 s
currentSize : 25 <-- 0.951027 s
currentSize : 26 <-- 0.956316 s

maxsize : 26
nodes : 110332.000000
filtered : 2808474.000000
CCGP filtered : 2640816.000000
CCGT filtered : 630747.000000
time : 1.046727
