Parameters: GAD=1 vflib=1 dir=0 label=0 lowerbound=1 fileNameGp=../graphsdb/mcs90/bvg/b06m/mcs90_b06m_s30.A39 fileNameGt=../graphsdb/mcs90/bvg/b06m/mcs90_b06m_s30.B39
Reading graphs...
30 :  87
30 :  87
Initializing...
maxdom : 30
D->valSize : 900
Solving...
currentSize : 13 <-- 0.010346 s
currentSize : 14 <-- 0.010802 s
currentSize : 15 <-- 0.011027 s
currentSize : 16 <-- 0.020855 s
currentSize : 17 <-- 0.343238 s
currentSize : 18 <-- 0.756071 s
currentSize : 19 <-- 2.189375 s
currentSize : 20 <-- 3.710807 s
currentSize : 21 <-- 3.711230 s
currentSize : 23 <-- 4.022360 s
currentSize : 27 <-- 4.054658 s

maxsize : 27
nodes : 411658.000000
filtered : 9671702.000000
CCGP filtered : 702981.000000
CCGT filtered : 512686.000000
time : 4.086139
