Parameters: GAD=1 vflib=1 dir=0 label=0 lowerbound=1 fileNameGp=../graphsdb/mcs90/bvg/b03m/mcs90_b03m_s25.A36 fileNameGt=../graphsdb/mcs90/bvg/b03m/mcs90_b03m_s25.B36
Reading graphs...
25 :  37
25 :  37
Initializing...
maxdom : 25
D->valSize : 625
Solving...
currentSize : 12 <-- 0.005333 s
currentSize : 13 <-- 0.005365 s
currentSize : 14 <-- 0.005378 s
currentSize : 15 <-- 0.005829 s
currentSize : 16 <-- 0.006590 s
currentSize : 17 <-- 0.015685 s
currentSize : 18 <-- 0.023442 s
currentSize : 19 <-- 0.023560 s
currentSize : 21 <-- 0.191243 s
currentSize : 22 <-- 0.191406 s

maxsize : 22
nodes : 26721.000000
filtered : 563133.000000
CCGP filtered : 266874.000000
CCGT filtered : 104442.000000
time : 0.207508
