Parameters: GAD=1 vflib=1 dir=0 label=0 lowerbound=1 fileNameGp=../graphsdb/mcs90/bvg/b03/mcs90_b03_s25.A63 fileNameGt=../graphsdb/mcs90/bvg/b03/mcs90_b03_s25.B63
Reading graphs...
25 :  37
25 :  37
Initializing...
maxdom : 25
D->valSize : 625
Solving...
currentSize : 11 <-- 0.005433 s
currentSize : 12 <-- 0.005489 s
currentSize : 16 <-- 0.005536 s
currentSize : 17 <-- 0.005793 s
currentSize : 18 <-- 0.006091 s
currentSize : 19 <-- 0.023295 s
currentSize : 20 <-- 0.049367 s
currentSize : 22 <-- 0.099241 s
currentSize : 23 <-- 0.128328 s

maxsize : 23
nodes : 19029.000000
filtered : 357107.000000
CCGP filtered : 136477.000000
CCGT filtered : 41713.000000
time : 0.133661
