Parameters: GAD=1 vflib=1 dir=0 label=0 lowerbound=1 fileNameGp=../graphsdb/mcs90/bvg/b09m/mcs90_b09m_s35.A97 fileNameGt=../graphsdb/mcs90/bvg/b09m/mcs90_b09m_s35.B97
Reading graphs...
35 :  154
35 :  155
Initializing...
maxdom : 35
D->valSize : 1225
Solving...
currentSize : 11 <-- 0.018055 s
currentSize : 12 <-- 0.018257 s
currentSize : 13 <-- 0.019883 s
currentSize : 14 <-- 0.026816 s
currentSize : 15 <-- 0.091796 s
currentSize : 16 <-- 0.639097 s
currentSize : 17 <-- 1.254382 s
currentSize : 19 <-- 16.975323 s
currentSize : 20 <-- 20.130388 s
currentSize : 22 <-- 21.536720 s
currentSize : 23 <-- 21.537027 s
currentSize : 25 <-- 26.320274 s
currentSize : 30 <-- 26.423920 s

maxsize : 30
nodes : 2281078.000000
filtered : 50259349.000000
CCGP filtered : 402801.000000
CCGT filtered : 565297.000000
time : 26.777718
