Parameters: GAD=1 vflib=1 dir=0 label=0 lowerbound=1 fileNameGp=../graphsdb/mcs90/bvg/b03m/mcs90_b03m_s35.A52 fileNameGt=../graphsdb/mcs90/bvg/b03m/mcs90_b03m_s35.B52
Reading graphs...
35 :  52
35 :  51
Initializing...
maxdom : 35
D->valSize : 1225
Solving...
currentSize : 17 <-- 0.020932 s
currentSize : 19 <-- 0.022080 s
currentSize : 20 <-- 0.022155 s
currentSize : 21 <-- 0.023285 s
currentSize : 22 <-- 0.118611 s
currentSize : 23 <-- 0.118731 s
currentSize : 24 <-- 0.529839 s
currentSize : 25 <-- 1.670120 s
currentSize : 26 <-- 11.885181 s
currentSize : 27 <-- 12.192551 s
currentSize : 28 <-- 12.948818 s
currentSize : 29 <-- 12.951863 s
currentSize : 31 <-- 12.982064 s

maxsize : 31
nodes : 1255309.000000
filtered : 28075709.000000
CCGP filtered : 29426207.000000
CCGT filtered : 14474328.000000
time : 13.135243
