Parameters: GAD=1 vflib=1 dir=0 label=0 lowerbound=1 fileNameGp=../graphsdb/mcs90/bvg/b06m/mcs90_b06m_s30.A17 fileNameGt=../graphsdb/mcs90/bvg/b06m/mcs90_b06m_s30.B17
Reading graphs...
30 :  87
30 :  88
Initializing...
maxdom : 30
D->valSize : 900
Solving...
currentSize : 12 <-- 0.017770 s
currentSize : 13 <-- 0.023359 s
currentSize : 14 <-- 0.032257 s
currentSize : 15 <-- 0.036450 s
currentSize : 16 <-- 0.036597 s
currentSize : 17 <-- 0.038205 s
currentSize : 18 <-- 0.038608 s
currentSize : 19 <-- 0.094171 s
currentSize : 20 <-- 3.451884 s
currentSize : 21 <-- 3.451951 s
currentSize : 24 <-- 3.458476 s
currentSize : 27 <-- 3.467530 s

maxsize : 27
nodes : 345988.000000
filtered : 9921523.000000
CCGP filtered : 1119619.000000
CCGT filtered : 576059.000000
time : 3.493422
