Parameters: GAD=1 vflib=1 dir=0 label=0 lowerbound=1 fileNameGp=../graphsdb/mcs90/bvg/b06m/mcs90_b06m_s20.A26 fileNameGt=../graphsdb/mcs90/bvg/b06m/mcs90_b06m_s20.B26
Reading graphs...
20 :  56
20 :  55
Initializing...
maxdom : 20
D->valSize : 400
Solving...
currentSize : 8 <-- 0.002202 s
currentSize : 10 <-- 0.002247 s
currentSize : 11 <-- 0.004635 s
currentSize : 12 <-- 0.024026 s
currentSize : 13 <-- 0.046644 s
currentSize : 14 <-- 0.061312 s
currentSize : 15 <-- 0.062313 s
currentSize : 16 <-- 0.062902 s
currentSize : 18 <-- 0.063074 s

maxsize : 18
nodes : 10346.000000
filtered : 134567.000000
CCGP filtered : 8319.000000
CCGT filtered : 2766.000000
time : 0.066730
