Parameters: GAD=1 vflib=1 dir=0 label=0 lowerbound=1 fileNameGp=../graphsdb/mcs90/m3D/m3D/mcs90_m3D_s30.A27 fileNameGt=../graphsdb/mcs90/m3D/m3D/mcs90_m3D_s30.B27
Reading graphs...
30 :  61
30 :  61
Initializing...
maxdom : 30
D->valSize : 900
Solving...
currentSize : 15 <-- 0.010808 s
currentSize : 16 <-- 0.010873 s
currentSize : 18 <-- 0.011047 s
currentSize : 19 <-- 0.012474 s
currentSize : 20 <-- 0.013028 s
currentSize : 21 <-- 0.024001 s
currentSize : 24 <-- 0.035226 s
currentSize : 25 <-- 0.180023 s
currentSize : 27 <-- 0.191100 s

maxsize : 27
nodes : 31813.000000
filtered : 1056815.000000
CCGP filtered : 17167.000000
CCGT filtered : 4482.000000
time : 0.298834
