Parameters: GAD=1 vflib=1 dir=0 label=0 lowerbound=1 fileNameGp=../graphsdb/mcs90/bvg/b03m/mcs90_b03m_s30.A15 fileNameGt=../graphsdb/mcs90/bvg/b03m/mcs90_b03m_s30.B15
Reading graphs...
30 :  45
30 :  45
Initializing...
maxdom : 30
D->valSize : 900
Solving...
currentSize : 13 <-- 0.011445 s
currentSize : 14 <-- 0.011489 s
currentSize : 16 <-- 0.011514 s
currentSize : 19 <-- 0.015117 s
currentSize : 20 <-- 0.016392 s
currentSize : 21 <-- 0.017900 s
currentSize : 22 <-- 0.018083 s
currentSize : 23 <-- 0.450129 s
currentSize : 24 <-- 0.457442 s
currentSize : 25 <-- 0.458144 s
currentSize : 26 <-- 0.464872 s

maxsize : 26
nodes : 53340.000000
filtered : 1454223.000000
CCGP filtered : 1034494.000000
CCGT filtered : 492764.000000
time : 0.545894
