Parameters: GAD=1 vflib=1 dir=0 label=0 lowerbound=1 fileNameGp=../graphsdb/mcs90/bvg/b06/mcs90_b06_s35.A58 fileNameGt=../graphsdb/mcs90/bvg/b06/mcs90_b06_s35.B58
Reading graphs...
35 :  105
35 :  105
Initializing...
maxdom : 35
D->valSize : 1225
Solving...
currentSize : 19 <-- 0.019821 s
currentSize : 20 <-- 0.019936 s
currentSize : 21 <-- 0.023279 s
currentSize : 22 <-- 0.023452 s
currentSize : 23 <-- 0.023813 s
currentSize : 24 <-- 0.036335 s
currentSize : 25 <-- 0.057887 s
currentSize : 26 <-- 0.090525 s
currentSize : 28 <-- 0.096179 s
currentSize : 29 <-- 0.096990 s
currentSize : 30 <-- 0.097021 s
currentSize : 31 <-- 0.097796 s

maxsize : 31
nodes : 23804.000000
filtered : 1089205.000000
CCGP filtered : 44940.000000
CCGT filtered : 39722.000000
time : 0.339304
