Parameters: GAD=1 vflib=1 dir=0 label=0 lowerbound=1 fileNameGp=../graphsdb/mcs90/bvg/b03/mcs90_b03_s35.A64 fileNameGt=../graphsdb/mcs90/bvg/b03/mcs90_b03_s35.B64
Reading graphs...
35 :  52
35 :  52
Initializing...
maxdom : 35
D->valSize : 1225
Solving...
currentSize : 24 <-- 0.036584 s
currentSize : 25 <-- 0.036680 s
currentSize : 26 <-- 0.123533 s
currentSize : 27 <-- 0.208209 s
currentSize : 28 <-- 0.474291 s
currentSize : 30 <-- 0.499371 s
currentSize : 31 <-- 0.575222 s
currentSize : 32 <-- 0.675350 s
currentSize : 33 <-- 0.710440 s

maxsize : 33
nodes : 68626.000000
filtered : 1659403.000000
CCGP filtered : 1469368.000000
CCGT filtered : 458843.000000
time : 0.737380
