Parameters: GAD=1 vflib=1 dir=0 label=0 lowerbound=1 fileNameGp=../graphsdb/mcs90/rand/r01/mcs90_r01_s25.A13 fileNameGt=../graphsdb/mcs90/rand/r01/mcs90_r01_s25.B13
Reading graphs...
25 :  54
25 :  56
Initializing...
maxdom : 25
D->valSize : 625
Solving...
currentSize : 11 <-- 0.005018 s
currentSize : 12 <-- 0.005075 s
currentSize : 13 <-- 0.005201 s
currentSize : 14 <-- 0.008788 s
currentSize : 15 <-- 0.021713 s
currentSize : 16 <-- 0.026739 s
currentSize : 17 <-- 0.026787 s
currentSize : 21 <-- 3.679631 s
currentSize : 22 <-- 3.680179 s

maxsize : 22
nodes : 484816.000000
filtered : 9715099.000000
CCGP filtered : 496220.000000
CCGT filtered : 325413.000000
time : 3.686285
