Parameters: GAD=1 vflib=1 dir=0 label=0 lowerbound=1 fileNameGp=../graphsdb/mcs90/rand/r02/mcs90_r02_s30.A43 fileNameGt=../graphsdb/mcs90/rand/r02/mcs90_r02_s30.B43
Reading graphs...
30 :  151
30 :  151
Initializing...
maxdom : 30
D->valSize : 900
Solving...
currentSize : 9 <-- 0.009330 s
currentSize : 10 <-- 0.009404 s
currentSize : 11 <-- 0.009971 s
currentSize : 12 <-- 0.010714 s
currentSize : 13 <-- 0.167969 s
currentSize : 14 <-- 0.553265 s
currentSize : 15 <-- 3.620976 s
currentSize : 16 <-- 11.676832 s
currentSize : 17 <-- 12.764069 s
currentSize : 20 <-- 13.465974 s
currentSize : 21 <-- 14.074109 s
currentSize : 27 <-- 14.079626 s

maxsize : 27
nodes : 1349392.000000
filtered : 21494519.000000
CCGP filtered : 147013.000000
CCGT filtered : 97508.000000
time : 14.098243
