Parameters: GAD=1 vflib=1 dir=0 label=0 lowerbound=1 fileNameGp=../graphsdb/mcs90/bvg/b06m/mcs90_b06m_s25.A39 fileNameGt=../graphsdb/mcs90/bvg/b06m/mcs90_b06m_s25.B39
Reading graphs...
25 :  73
25 :  73
Initializing...
maxdom : 25
D->valSize : 625
Solving...
currentSize : 11 <-- 0.004905 s
currentSize : 12 <-- 0.004931 s
currentSize : 13 <-- 0.014834 s
currentSize : 14 <-- 0.370308 s
currentSize : 15 <-- 1.759752 s
currentSize : 16 <-- 1.783479 s
currentSize : 17 <-- 1.845177 s
currentSize : 18 <-- 1.846683 s
currentSize : 19 <-- 1.847594 s
currentSize : 22 <-- 1.849883 s

maxsize : 22
nodes : 232059.000000
filtered : 3072929.000000
CCGP filtered : 81748.000000
CCGT filtered : 220241.000000
time : 1.862607
