Parameters: GAD=1 vflib=1 dir=0 label=0 lowerbound=1 fileNameGp=../graphsdb/mcs90/rand/r005/mcs90_r005_s25.A05 fileNameGt=../graphsdb/mcs90/rand/r005/mcs90_r005_s25.B05
Reading graphs...
25 :  28
25 :  29
Initializing...
maxdom : 25
D->valSize : 625
Solving...
currentSize : 7 <-- 0.005456 s
currentSize : 9 <-- 0.005528 s
currentSize : 10 <-- 0.005582 s
currentSize : 11 <-- 0.005619 s
currentSize : 12 <-- 0.005673 s
currentSize : 13 <-- 0.005728 s
currentSize : 14 <-- 0.007480 s
currentSize : 15 <-- 0.007541 s
currentSize : 16 <-- 0.023307 s
currentSize : 17 <-- 0.023319 s
currentSize : 18 <-- 0.024648 s
currentSize : 19 <-- 0.027604 s
currentSize : 20 <-- 0.027620 s
currentSize : 21 <-- 0.027659 s
currentSize : 22 <-- 0.027757 s

maxsize : 22
nodes : 5113.000000
filtered : 89464.000000
CCGP filtered : 91477.000000
CCGT filtered : 34378.000000
time : 0.040428
