Parameters: GAD=1 vflib=1 dir=0 label=0 lowerbound=1 fileNameGp=../graphsdb/mcs90/m2D/m2Dr4/mcs90_m2Dr4_s30.A15 fileNameGt=../graphsdb/mcs90/m2D/m2Dr4/mcs90_m2Dr4_s30.B15
Reading graphs...
30 :  61
30 :  61
Initializing...
maxdom : 30
D->valSize : 900
Solving...
currentSize : 15 <-- 0.010680 s
currentSize : 16 <-- 0.010777 s
currentSize : 17 <-- 0.094417 s
currentSize : 18 <-- 0.598149 s
currentSize : 19 <-- 0.598175 s
currentSize : 20 <-- 32.207054 s
currentSize : 21 <-- 44.678406 s
currentSize : 22 <-- 44.897560 s
currentSize : 23 <-- 44.897923 s
currentSize : 26 <-- 45.006123 s

maxsize : 26
nodes : 5250652.000000
filtered : 93152204.000000
CCGP filtered : 11616480.000000
CCGT filtered : 10493966.000000
time : 45.125614
