Parameters: GAD=1 vflib=1 dir=0 label=0 lowerbound=1 fileNameGp=../graphsdb/mcs90/rand/r005/mcs90_r005_s20.A40 fileNameGt=../graphsdb/mcs90/rand/r005/mcs90_r005_s20.B40
Reading graphs...
20 :  21
20 :  21
Initializing...
maxdom : 20
D->valSize : 400
Solving...
currentSize : 10 <-- 0.002339 s
currentSize : 11 <-- 0.003474 s
currentSize : 12 <-- 0.006248 s
currentSize : 13 <-- 0.011866 s
currentSize : 14 <-- 0.012056 s
currentSize : 15 <-- 0.012313 s
currentSize : 16 <-- 0.012862 s
currentSize : 17 <-- 0.012999 s
currentSize : 18 <-- 0.013097 s

maxsize : 18
nodes : 2234.000000
filtered : 28664.000000
CCGP filtered : 37768.000000
CCGT filtered : 8020.000000
time : 0.014707
