Parameters: GAD=1 vflib=1 dir=0 label=0 lowerbound=1 fileNameGp=../graphsdb/mcs90/rand/r01/mcs90_r01_s35.A39 fileNameGt=../graphsdb/mcs90/rand/r01/mcs90_r01_s35.B39
Reading graphs...
35 :  115
35 :  114
Initializing...
maxdom : 35
D->valSize : 1225
Solving...
currentSize : 13 <-- 0.020228 s
currentSize : 14 <-- 0.020309 s
currentSize : 15 <-- 0.024315 s
currentSize : 16 <-- 0.029661 s
currentSize : 17 <-- 0.068853 s
currentSize : 18 <-- 0.461776 s
currentSize : 19 <-- 1.391420 s
currentSize : 20 <-- 4.244458 s
currentSize : 21 <-- 49.938408 s
currentSize : 22 <-- 49.956921 s
currentSize : 23 <-- 55.278179 s
currentSize : 24 <-- 56.295704 s
currentSize : 27 <-- 56.652992 s
currentSize : 31 <-- 56.657375 s

maxsize : 31
nodes : 4951402.000000
filtered : 127612800.000000
CCGP filtered : 3312909.000000
CCGT filtered : 5224291.000000
time : 56.795692
