Parameters: GAD=1 vflib=1 dir=0 label=0 lowerbound=1 fileNameGp=../graphsdb/mcs90/bvg/b09/mcs90_b09_s35.A32 fileNameGt=../graphsdb/mcs90/bvg/b09/mcs90_b09_s35.B32
Reading graphs...
35 :  156
35 :  157
Initializing...
maxdom : 35
D->valSize : 1225
Solving...
currentSize : 11 <-- 0.018222 s
currentSize : 12 <-- 0.018500 s
currentSize : 13 <-- 0.018791 s
currentSize : 14 <-- 0.030562 s
currentSize : 15 <-- 0.031458 s
currentSize : 16 <-- 0.038578 s
currentSize : 18 <-- 0.647718 s
currentSize : 19 <-- 0.647744 s
currentSize : 21 <-- 0.647835 s
currentSize : 24 <-- 0.647986 s
currentSize : 26 <-- 0.648197 s
currentSize : 30 <-- 0.691996 s

maxsize : 30
nodes : 115954.000000
filtered : 4885240.000000
CCGP filtered : 10376.000000
CCGT filtered : 17527.000000
time : 1.457956
