Parameters: GAD=1 vflib=1 dir=0 label=0 lowerbound=1 fileNameGp=../graphsdb/mcs90/rand/r01/mcs90_r01_s25.A40 fileNameGt=../graphsdb/mcs90/rand/r01/mcs90_r01_s25.B40
Reading graphs...
25 :  56
25 :  56
Initializing...
maxdom : 25
D->valSize : 625
Solving...
currentSize : 10 <-- 0.005037 s
currentSize : 12 <-- 0.005082 s
currentSize : 13 <-- 0.005290 s
currentSize : 14 <-- 0.015378 s
currentSize : 15 <-- 0.033135 s
currentSize : 16 <-- 0.033328 s
currentSize : 17 <-- 0.381732 s
currentSize : 19 <-- 0.381757 s
currentSize : 20 <-- 0.381841 s
currentSize : 22 <-- 0.384334 s

maxsize : 22
nodes : 48840.000000
filtered : 925988.000000
CCGP filtered : 102971.000000
CCGT filtered : 95203.000000
time : 0.397121
