Parameters: GAD=1 vflib=1 dir=0 label=0 lowerbound=1 fileNameGp=../graphsdb/mcs90/bvg/b03/mcs90_b03_s35.A06 fileNameGt=../graphsdb/mcs90/bvg/b03/mcs90_b03_s35.B06
Reading graphs...
35 :  52
35 :  52
Initializing...
maxdom : 35
D->valSize : 1225
Solving...
currentSize : 22 <-- 0.036728 s
currentSize : 23 <-- 0.036872 s
currentSize : 24 <-- 0.037004 s
currentSize : 26 <-- 0.037354 s
currentSize : 28 <-- 0.148718 s
currentSize : 29 <-- 0.226336 s
currentSize : 30 <-- 0.241433 s
currentSize : 31 <-- 0.436643 s
currentSize : 32 <-- 0.882756 s

maxsize : 32
nodes : 80821.000000
filtered : 2342607.000000
CCGP filtered : 1692283.000000
CCGT filtered : 373675.000000
time : 0.955057
