Parameters: GAD=1 vflib=1 dir=0 label=0 lowerbound=1 fileNameGp=../graphsdb/mcs90/bvg/b09/mcs90_b09_s25.A76 fileNameGt=../graphsdb/mcs90/bvg/b09/mcs90_b09_s25.B76
Reading graphs...
25 :  111
25 :  112
Initializing...
maxdom : 25
D->valSize : 625
Solving...
currentSize : 9 <-- 0.004616 s
currentSize : 10 <-- 0.004736 s
currentSize : 11 <-- 0.005189 s
currentSize : 12 <-- 0.006202 s
currentSize : 13 <-- 0.007466 s
currentSize : 14 <-- 0.010942 s
currentSize : 16 <-- 0.015342 s
currentSize : 18 <-- 0.021878 s
currentSize : 22 <-- 0.024398 s

maxsize : 22
nodes : 6999.000000
filtered : 276750.000000
CCGP filtered : 55.000000
CCGT filtered : 245.000000
time : 0.068836
