Parameters: GAD=1 vflib=1 dir=0 label=0 lowerbound=1 fileNameGp=../graphsdb/mcs90/bvg/b06/mcs90_b06_s35.A02 fileNameGt=../graphsdb/mcs90/bvg/b06/mcs90_b06_s35.B02
Reading graphs...
35 :  105
35 :  105
Initializing...
maxdom : 35
D->valSize : 1225
Solving...
currentSize : 20 <-- 0.019354 s
currentSize : 22 <-- 0.019562 s
currentSize : 23 <-- 0.019577 s
currentSize : 24 <-- 0.019669 s
currentSize : 25 <-- 0.019764 s
currentSize : 26 <-- 0.019926 s
currentSize : 27 <-- 0.021073 s
currentSize : 29 <-- 0.028956 s
currentSize : 31 <-- 0.040267 s
currentSize : 32 <-- 0.097312 s

maxsize : 32
nodes : 12822.000000
filtered : 607007.000000
CCGP filtered : 36.000000
CCGT filtered : 6442.000000
time : 0.173842
