Parameters: GAD=1 vflib=1 dir=0 label=0 lowerbound=1 fileNameGp=../graphsdb/mcs90/m4D/m4D/mcs90_m4D_s20.A63 fileNameGt=../graphsdb/mcs90/m4D/m4D/mcs90_m4D_s20.B63
Reading graphs...
20 :  37
20 :  37
Initializing...
maxdom : 20
D->valSize : 400
Solving...
currentSize : 6 <-- 0.002147 s
currentSize : 7 <-- 0.002249 s
currentSize : 8 <-- 0.002552 s
currentSize : 9 <-- 0.002867 s
currentSize : 10 <-- 0.002940 s
currentSize : 11 <-- 0.003267 s
currentSize : 12 <-- 0.003339 s
currentSize : 14 <-- 0.004256 s
currentSize : 15 <-- 0.011749 s
currentSize : 16 <-- 0.014632 s

maxsize : 16
nodes : 4694.000000
filtered : 114093.000000
CCGP filtered : 84133.000000
CCGT filtered : 57700.000000
time : 0.039343
