Parameters: GAD=1 vflib=1 dir=0 label=0 lowerbound=1 fileNameGp=../graphsdb/mcs90/rand/r005/mcs90_r005_s30.A32 fileNameGt=../graphsdb/mcs90/rand/r005/mcs90_r005_s30.B32
Reading graphs...
30 :  42
30 :  42
Initializing...
maxdom : 30
D->valSize : 900
Solving...
currentSize : 15 <-- 0.011273 s
currentSize : 16 <-- 0.011593 s
currentSize : 17 <-- 0.011801 s
currentSize : 18 <-- 0.012253 s
currentSize : 19 <-- 0.014840 s
currentSize : 20 <-- 0.044266 s
currentSize : 21 <-- 0.174517 s
currentSize : 22 <-- 0.497115 s
currentSize : 23 <-- 0.703899 s
currentSize : 24 <-- 1.035654 s
currentSize : 25 <-- 1.061947 s
currentSize : 26 <-- 1.076020 s
currentSize : 27 <-- 1.076437 s

maxsize : 27
nodes : 124999.000000
filtered : 2427188.000000
CCGP filtered : 1511321.000000
CCGT filtered : 872269.000000
time : 1.097009
