Parameters: GAD=1 vflib=1 dir=0 label=0 lowerbound=1 fileNameGp=../graphsdb/mcs90/rand/r005/mcs90_r005_s35.A04 fileNameGt=../graphsdb/mcs90/rand/r005/mcs90_r005_s35.B04
Reading graphs...
35 :  57
35 :  57
Initializing...
maxdom : 35
D->valSize : 1225
Solving...
currentSize : 15 <-- 0.036118 s
currentSize : 16 <-- 0.036281 s
currentSize : 17 <-- 0.042425 s
currentSize : 18 <-- 0.042596 s
currentSize : 19 <-- 0.052720 s
currentSize : 20 <-- 0.111962 s
currentSize : 21 <-- 0.112096 s
currentSize : 22 <-- 0.960735 s
currentSize : 23 <-- 9.330987 s
currentSize : 24 <-- 11.734294 s
currentSize : 25 <-- 14.485420 s
currentSize : 29 <-- 14.709358 s
currentSize : 30 <-- 14.852472 s
currentSize : 31 <-- 14.875001 s

maxsize : 31
nodes : 1422282.000000
filtered : 30692170.000000
CCGP filtered : 16420404.000000
CCGT filtered : 13433355.000000
time : 14.899954
