Parameters: GAD=1 vflib=1 dir=0 label=0 lowerbound=1 fileNameGp=../graphsdb/mcs90/m2D/m2Dr6/mcs90_m2Dr6_s30.A87 fileNameGt=../graphsdb/mcs90/m2D/m2Dr6/mcs90_m2Dr6_s30.B87
Reading graphs...
30 :  65
30 :  65
Initializing...
maxdom : 30
D->valSize : 900
Solving...
currentSize : 15 <-- 0.018559 s
currentSize : 16 <-- 0.018626 s
currentSize : 17 <-- 0.048386 s
currentSize : 18 <-- 0.049097 s
currentSize : 19 <-- 0.073159 s
currentSize : 20 <-- 23.642612 s
currentSize : 21 <-- 25.941423 s
currentSize : 22 <-- 29.339052 s
currentSize : 23 <-- 29.339188 s
currentSize : 25 <-- 29.339355 s

maxsize : 25
nodes : 3301829.000000
filtered : 68966419.000000
CCGP filtered : 9494532.000000
CCGT filtered : 7940137.000000
time : 29.497696
