Parameters: GAD=1 vflib=1 dir=0 label=0 lowerbound=1 fileNameGp=../graphsdb/mcs90/bvg/b06m/mcs90_b06m_s30.A20 fileNameGt=../graphsdb/mcs90/bvg/b06m/mcs90_b06m_s30.B20
Reading graphs...
30 :  87
30 :  86
Initializing...
maxdom : 30
D->valSize : 900
Solving...
currentSize : 11 <-- 0.010183 s
currentSize : 12 <-- 0.010270 s
currentSize : 13 <-- 0.010407 s
currentSize : 14 <-- 0.011709 s
currentSize : 15 <-- 0.011966 s
currentSize : 16 <-- 0.037708 s
currentSize : 17 <-- 0.042927 s
currentSize : 18 <-- 0.457872 s
currentSize : 19 <-- 0.482332 s
currentSize : 20 <-- 4.880138 s
currentSize : 21 <-- 4.887301 s
currentSize : 22 <-- 5.041342 s
currentSize : 23 <-- 5.042572 s
currentSize : 27 <-- 5.054442 s

maxsize : 27
nodes : 515385.000000
filtered : 14937912.000000
CCGP filtered : 1440534.000000
CCGT filtered : 1001553.000000
time : 5.071250
