Parameters: GAD=1 vflib=1 dir=0 label=0 lowerbound=1 fileNameGp=../graphsdb/mcs90/bvg/b03m/mcs90_b03m_s30.A13 fileNameGt=../graphsdb/mcs90/bvg/b03m/mcs90_b03m_s30.B13
Reading graphs...
30 :  45
30 :  45
Initializing...
maxdom : 30
D->valSize : 900
Solving...
currentSize : 8 <-- 0.017303 s
currentSize : 14 <-- 0.017431 s
currentSize : 15 <-- 0.017568 s
currentSize : 16 <-- 0.020718 s
currentSize : 17 <-- 0.023981 s
currentSize : 18 <-- 0.026084 s
currentSize : 19 <-- 0.032001 s
currentSize : 20 <-- 0.038033 s
currentSize : 21 <-- 0.043107 s
currentSize : 22 <-- 0.554126 s
currentSize : 23 <-- 0.590442 s
currentSize : 24 <-- 1.276414 s
currentSize : 27 <-- 1.276487 s

maxsize : 27
nodes : 136820.000000
filtered : 3160347.000000
CCGP filtered : 2706631.000000
CCGT filtered : 1167777.000000
time : 1.293995
