Parameters: GAD=1 vflib=1 dir=0 label=0 lowerbound=1 fileNameGp=../graphsdb/mcs90/bvg/b09/mcs90_b09_s25.A30 fileNameGt=../graphsdb/mcs90/bvg/b09/mcs90_b09_s25.B30
Reading graphs...
25 :  112
25 :  112
Initializing...
maxdom : 25
D->valSize : 625
Solving...
currentSize : 9 <-- 0.007869 s
currentSize : 10 <-- 0.007963 s
currentSize : 11 <-- 0.008504 s
currentSize : 12 <-- 0.009870 s
currentSize : 13 <-- 0.010901 s
currentSize : 15 <-- 0.012053 s
currentSize : 16 <-- 0.015770 s
currentSize : 18 <-- 0.024129 s
currentSize : 22 <-- 0.026236 s

maxsize : 22
nodes : 6603.000000
filtered : 290625.000000
CCGP filtered : 8.000000
CCGT filtered : 4.000000
time : 0.103430
