Parameters: GAD=1 vflib=1 dir=0 label=0 lowerbound=1 fileNameGp=../graphsdb/mcs90/m3D/m3Dr4/mcs90_m3Dr4_s30.A57 fileNameGt=../graphsdb/mcs90/m3D/m3Dr4/mcs90_m3Dr4_s30.B57
Reading graphs...
30 :  72
30 :  71
Initializing...
maxdom : 30
D->valSize : 900
Solving...
currentSize : 13 <-- 0.018396 s
currentSize : 15 <-- 0.018863 s
currentSize : 16 <-- 0.019950 s
currentSize : 17 <-- 0.030749 s
currentSize : 18 <-- 0.291629 s
currentSize : 19 <-- 1.219490 s
currentSize : 20 <-- 3.869206 s
currentSize : 21 <-- 4.013952 s
currentSize : 22 <-- 5.175754 s
currentSize : 27 <-- 5.241537 s

maxsize : 27
nodes : 580872.000000
filtered : 11391797.000000
CCGP filtered : 487543.000000
CCGT filtered : 439668.000000
time : 5.287421
