Parameters: GAD=1 vflib=1 dir=0 label=0 lowerbound=1 fileNameGp=../graphsdb/mcs90/m3D/m3Dr6/mcs90_m3Dr6_s30.A55 fileNameGt=../graphsdb/mcs90/m3D/m3Dr6/mcs90_m3Dr6_s30.B55
Reading graphs...
30 :  78
30 :  77
Initializing...
maxdom : 30
D->valSize : 900
Solving...
currentSize : 12 <-- 0.010499 s
currentSize : 13 <-- 0.010580 s
currentSize : 14 <-- 0.010685 s
currentSize : 15 <-- 0.010878 s
currentSize : 16 <-- 0.034417 s
currentSize : 17 <-- 0.155141 s
currentSize : 18 <-- 1.552988 s
currentSize : 19 <-- 26.264147 s
currentSize : 20 <-- 29.425116 s
currentSize : 22 <-- 29.425217 s
currentSize : 23 <-- 29.558050 s
currentSize : 27 <-- 31.290016 s

maxsize : 27
nodes : 3562865.000000
filtered : 69853748.000000
CCGP filtered : 2727555.000000
CCGT filtered : 919566.000000
time : 31.324812
