Parameters: GAD=1 vflib=1 dir=0 label=0 lowerbound=1 fileNameGp=../graphsdb/mcs90/bvg/b03m/mcs90_b03m_s35.A38 fileNameGt=../graphsdb/mcs90/bvg/b03m/mcs90_b03m_s35.B38
Reading graphs...
35 :  52
35 :  52
Initializing...
maxdom : 35
D->valSize : 1225
Solving...
currentSize : 18 <-- 0.021106 s
currentSize : 19 <-- 0.021297 s
currentSize : 20 <-- 0.021337 s
currentSize : 21 <-- 0.028101 s
currentSize : 23 <-- 0.039754 s
currentSize : 24 <-- 0.131387 s
currentSize : 25 <-- 0.735799 s
currentSize : 26 <-- 6.881556 s
currentSize : 27 <-- 7.107858 s
currentSize : 28 <-- 7.112791 s
currentSize : 30 <-- 7.112873 s

maxsize : 30
nodes : 696201.000000
filtered : 16649794.000000
CCGP filtered : 16374833.000000
CCGT filtered : 8613329.000000
time : 7.632015
