Parameters: GAD=1 vflib=1 dir=0 label=0 lowerbound=1 fileNameGp=../graphsdb/mcs90/bvg/b06m/mcs90_b06m_s35.A25 fileNameGt=../graphsdb/mcs90/bvg/b06m/mcs90_b06m_s35.B25
Reading graphs...
35 :  102
35 :  102
Initializing...
maxdom : 35
D->valSize : 1225
Solving...
currentSize : 14 <-- 0.019303 s
currentSize : 15 <-- 0.019424 s
currentSize : 16 <-- 0.019545 s
currentSize : 17 <-- 0.069855 s
currentSize : 18 <-- 0.069978 s
currentSize : 19 <-- 0.070586 s
currentSize : 20 <-- 3.544385 s
currentSize : 21 <-- 6.464799 s
currentSize : 22 <-- 13.044890 s
currentSize : 23 <-- 13.045356 s
currentSize : 24 <-- 13.045379 s
currentSize : 25 <-- 14.107364 s
currentSize : 26 <-- 16.105740 s
currentSize : 27 <-- 18.944660 s
currentSize : 28 <-- 19.467476 s
currentSize : 29 <-- 19.901728 s
currentSize : 31 <-- 20.036800 s

maxsize : 31
nodes : 1760066.000000
filtered : 50187605.000000
CCGP filtered : 8074255.000000
CCGT filtered : 4398885.000000
time : 20.061056
