Parameters: GAD=1 vflib=1 dir=0 label=0 lowerbound=1 fileNameGp=../graphsdb/mcs90/m2D/m2Dr6/mcs90_m2Dr6_s30.A82 fileNameGt=../graphsdb/mcs90/m2D/m2Dr6/mcs90_m2Dr6_s30.B82
Reading graphs...
30 :  65
30 :  65
Initializing...
maxdom : 30
D->valSize : 900
Solving...
currentSize : 14 <-- 0.010629 s
currentSize : 15 <-- 0.010829 s
currentSize : 16 <-- 0.010986 s
currentSize : 17 <-- 0.012163 s
currentSize : 18 <-- 0.039679 s
currentSize : 19 <-- 0.192705 s
currentSize : 21 <-- 21.747820 s
currentSize : 22 <-- 21.773895 s
currentSize : 23 <-- 32.533855 s
currentSize : 24 <-- 33.184223 s
currentSize : 25 <-- 33.189323 s

maxsize : 25
nodes : 3969776.000000
filtered : 81192230.000000
CCGP filtered : 4364017.000000
CCGT filtered : 2878659.000000
time : 33.665070
