Parameters: GAD=1 vflib=1 dir=0 label=0 lowerbound=1 fileNameGp=../graphsdb/mcs90/bvg/b03/mcs90_b03_s30.A29 fileNameGt=../graphsdb/mcs90/bvg/b03/mcs90_b03_s30.B29
Reading graphs...
30 :  45
30 :  45
Initializing...
maxdom : 30
D->valSize : 900
Solving...
currentSize : 14 <-- 0.019545 s
currentSize : 18 <-- 0.019760 s
currentSize : 19 <-- 0.019965 s
currentSize : 21 <-- 0.020476 s
currentSize : 23 <-- 0.020809 s
currentSize : 24 <-- 0.050518 s
currentSize : 25 <-- 0.060423 s
currentSize : 26 <-- 0.080547 s
currentSize : 27 <-- 0.080582 s

maxsize : 27
nodes : 20940.000000
filtered : 482552.000000
CCGP filtered : 138334.000000
CCGT filtered : 40554.000000
time : 0.243798
