Parameters: GAD=1 vflib=1 dir=0 label=0 lowerbound=1 fileNameGp=../graphsdb/mcs90/rand/r005/mcs90_r005_s35.A90 fileNameGt=../graphsdb/mcs90/rand/r005/mcs90_r005_s35.B90
Reading graphs...
35 :  57
35 :  57
Initializing...
maxdom : 35
D->valSize : 1225
Solving...
currentSize : 12 <-- 0.020795 s
currentSize : 13 <-- 0.020885 s
currentSize : 14 <-- 0.020967 s
currentSize : 15 <-- 0.021037 s
currentSize : 16 <-- 0.021525 s
currentSize : 18 <-- 0.021770 s
currentSize : 19 <-- 0.021941 s
currentSize : 20 <-- 0.022005 s
currentSize : 21 <-- 0.024031 s
currentSize : 22 <-- 0.024271 s
currentSize : 23 <-- 0.495369 s
currentSize : 24 <-- 1.566643 s
currentSize : 25 <-- 1.961648 s
currentSize : 26 <-- 6.208575 s
currentSize : 28 <-- 6.213965 s
currentSize : 29 <-- 6.215095 s
currentSize : 31 <-- 6.316424 s

maxsize : 31
nodes : 553549.000000
filtered : 16872427.000000
CCGP filtered : 5907119.000000
CCGT filtered : 6097320.000000
time : 6.364880
