Parameters: GAD=1 vflib=1 dir=0 label=0 lowerbound=1 fileNameGp=../graphsdb/mcs90/rand/r01/mcs90_r01_s35.A24 fileNameGt=../graphsdb/mcs90/rand/r01/mcs90_r01_s35.B24
Reading graphs...
35 :  113
35 :  112
Initializing...
maxdom : 35
D->valSize : 1225
Solving...
currentSize : 15 <-- 0.019206 s
currentSize : 16 <-- 0.019349 s
currentSize : 17 <-- 0.026043 s
currentSize : 18 <-- 0.029730 s
currentSize : 19 <-- 2.621871 s
currentSize : 20 <-- 70.770134 s
currentSize : 21 <-- 98.125336 s
currentSize : 22 <-- 115.594887 s
currentSize : 24 <-- 117.089241 s
currentSize : 25 <-- 117.373688 s
currentSize : 29 <-- 118.014862 s
currentSize : 31 <-- 118.022346 s

maxsize : 31
nodes : 11273922.000000
filtered : 259702348.000000
CCGP filtered : 8817291.000000
CCGT filtered : 8518179.000000
time : 118.105736
