Parameters: GAD=1 vflib=1 dir=0 label=0 lowerbound=1 fileNameGp=../graphsdb/mcs90/bvg/b06m/mcs90_b06m_s35.A70 fileNameGt=../graphsdb/mcs90/bvg/b06m/mcs90_b06m_s35.B70
Reading graphs...
35 :  101
35 :  101
Initializing...
maxdom : 35
D->valSize : 1225
Solving...
currentSize : 16 <-- 0.019041 s
currentSize : 17 <-- 0.021046 s
currentSize : 18 <-- 0.022490 s
currentSize : 19 <-- 0.022666 s
currentSize : 20 <-- 1.093244 s
currentSize : 21 <-- 49.278999 s
currentSize : 23 <-- 119.117119 s
currentSize : 26 <-- 119.122849 s
currentSize : 27 <-- 119.124779 s
currentSize : 31 <-- 119.133621 s

maxsize : 31
nodes : 10839039.000000
filtered : 291000529.000000
CCGP filtered : 49727721.000000
CCGT filtered : 16435086.000000
time : 119.287018
