Parameters: GAD=1 vflib=1 dir=0 label=0 lowerbound=1 fileNameGp=../graphsdb/mcs90/m4D/m4Dr4/mcs90_m4Dr4_s20.A48 fileNameGt=../graphsdb/mcs90/m4D/m4Dr4/mcs90_m4Dr4_s20.B48
Reading graphs...
20 :  43
20 :  44
Initializing...
maxdom : 20
D->valSize : 400
Solving...
currentSize : 5 <-- 0.002234 s
currentSize : 6 <-- 0.002323 s
currentSize : 9 <-- 0.002354 s
currentSize : 10 <-- 0.002564 s
currentSize : 11 <-- 0.002669 s
currentSize : 12 <-- 0.004217 s
currentSize : 13 <-- 0.006111 s
currentSize : 14 <-- 0.015333 s
currentSize : 15 <-- 0.059198 s
currentSize : 16 <-- 0.059638 s

maxsize : 16
nodes : 10555.000000
filtered : 235596.000000
CCGP filtered : 29649.000000
CCGT filtered : 18773.000000
time : 0.072719
