Parameters: GAD=1 vflib=1 dir=0 label=0 lowerbound=1 fileNameGp=../graphsdb/mcs90/bvg/b09m/mcs90_b09m_s30.A79 fileNameGt=../graphsdb/mcs90/bvg/b09m/mcs90_b09m_s30.B79
Reading graphs...
30 :  129
30 :  129
Initializing...
maxdom : 30
D->valSize : 900
Solving...
currentSize : 10 <-- 0.016691 s
currentSize : 11 <-- 0.017197 s
currentSize : 12 <-- 0.017380 s
currentSize : 13 <-- 0.025763 s
currentSize : 14 <-- 0.649999 s
currentSize : 15 <-- 2.355081 s
currentSize : 16 <-- 49.556358 s
currentSize : 18 <-- 49.701927 s
currentSize : 19 <-- 50.108578 s
currentSize : 20 <-- 53.899815 s
currentSize : 21 <-- 53.902859 s
currentSize : 24 <-- 54.054527 s
currentSize : 26 <-- 54.054695 s

maxsize : 26
nodes : 5452357.000000
filtered : 82009944.000000
CCGP filtered : 969547.000000
CCGT filtered : 938198.000000
time : 54.114307
