Parameters: GAD=1 vflib=1 dir=0 label=0 lowerbound=1 fileNameGp=../graphsdb/mcs90/bvg/b06/mcs90_b06_s30.A81 fileNameGt=../graphsdb/mcs90/bvg/b06/mcs90_b06_s30.B81
Reading graphs...
30 :  90
30 :  90
Initializing...
maxdom : 30
D->valSize : 900
Solving...
currentSize : 16 <-- 0.010171 s
currentSize : 17 <-- 0.010239 s
currentSize : 18 <-- 0.010362 s
currentSize : 20 <-- 0.010581 s
currentSize : 21 <-- 0.011901 s
currentSize : 22 <-- 0.012368 s
currentSize : 23 <-- 0.012559 s
currentSize : 24 <-- 0.021499 s
currentSize : 25 <-- 0.021653 s
currentSize : 27 <-- 0.024950 s

maxsize : 27
nodes : 7942.000000
filtered : 311910.000000
CCGP filtered : 2084.000000
CCGT filtered : 14.000000
time : 0.086648
