Parameters: GAD=1 vflib=1 dir=0 label=0 lowerbound=1 fileNameGp=../graphsdb/mcs90/bvg/b03m/mcs90_b03m_s30.A69 fileNameGt=../graphsdb/mcs90/bvg/b03m/mcs90_b03m_s30.B69
Reading graphs...
30 :  44
30 :  44
Initializing...
maxdom : 30
D->valSize : 900
Solving...
currentSize : 15 <-- 0.019634 s
currentSize : 16 <-- 0.019750 s
currentSize : 17 <-- 0.020744 s
currentSize : 18 <-- 0.023945 s
currentSize : 19 <-- 0.031207 s
currentSize : 20 <-- 0.071237 s
currentSize : 21 <-- 0.513537 s
currentSize : 22 <-- 0.801460 s
currentSize : 23 <-- 1.220122 s
currentSize : 26 <-- 1.220340 s

maxsize : 26
nodes : 130544.000000
filtered : 2636375.000000
CCGP filtered : 2411108.000000
CCGT filtered : 943367.000000
time : 1.316475
