Parameters: GAD=1 vflib=1 dir=0 label=0 lowerbound=1 fileNameGp=../graphsdb/mcs90/bvg/b03m/mcs90_b03m_s35.A75 fileNameGt=../graphsdb/mcs90/bvg/b03m/mcs90_b03m_s35.B75
Reading graphs...
35 :  52
35 :  52
Initializing...
maxdom : 35
D->valSize : 1225
Solving...
currentSize : 16 <-- 0.036467 s
currentSize : 17 <-- 0.036529 s
currentSize : 18 <-- 0.036629 s
currentSize : 19 <-- 0.036683 s
currentSize : 20 <-- 0.037135 s
currentSize : 21 <-- 0.040638 s
currentSize : 22 <-- 0.044555 s
currentSize : 23 <-- 0.143817 s
currentSize : 24 <-- 0.148519 s
currentSize : 25 <-- 0.204665 s
currentSize : 26 <-- 1.597396 s
currentSize : 27 <-- 4.240949 s
currentSize : 28 <-- 4.815987 s
currentSize : 29 <-- 4.819501 s
currentSize : 30 <-- 4.861527 s
currentSize : 31 <-- 5.136407 s

maxsize : 31
nodes : 508623.000000
filtered : 12501675.000000
CCGP filtered : 6443485.000000
CCGT filtered : 3913167.000000
time : 5.188040
