Parameters: GAD=1 vflib=1 dir=0 label=0 lowerbound=1 fileNameGp=../graphsdb/mcs90/m3D/m3Dr2/mcs90_m3Dr2_s30.A33 fileNameGt=../graphsdb/mcs90/m3D/m3Dr2/mcs90_m3Dr2_s30.B33
Reading graphs...
30 :  67
30 :  67
Initializing...
maxdom : 30
D->valSize : 900
Solving...
currentSize : 12 <-- 0.018601 s
currentSize : 13 <-- 0.018950 s
currentSize : 14 <-- 0.019301 s
currentSize : 15 <-- 0.019810 s
currentSize : 16 <-- 0.023603 s
currentSize : 17 <-- 0.025401 s
currentSize : 18 <-- 0.048640 s
currentSize : 19 <-- 0.083833 s
currentSize : 20 <-- 1.992141 s
currentSize : 21 <-- 3.698513 s
currentSize : 22 <-- 3.849766 s
currentSize : 23 <-- 5.569136 s
currentSize : 27 <-- 5.589331 s

maxsize : 27
nodes : 653293.000000
filtered : 13175604.000000
CCGP filtered : 647650.000000
CCGT filtered : 469584.000000
time : 5.642205
