Parameters: GAD=1 vflib=1 dir=0 label=0 lowerbound=1 fileNameGp=../graphsdb/mcs90/m3D/m3Dr4/mcs90_m3Dr4_s30.A33 fileNameGt=../graphsdb/mcs90/m3D/m3Dr4/mcs90_m3Dr4_s30.B33
Reading graphs...
30 :  73
30 :  73
Initializing...
maxdom : 30
D->valSize : 900
Solving...
currentSize : 14 <-- 0.018296 s
currentSize : 15 <-- 0.018495 s
currentSize : 16 <-- 0.018638 s
currentSize : 17 <-- 0.020148 s
currentSize : 18 <-- 0.747527 s
currentSize : 19 <-- 2.158754 s
currentSize : 20 <-- 4.265127 s
currentSize : 21 <-- 7.504219 s
currentSize : 22 <-- 8.431134 s
currentSize : 23 <-- 8.431422 s
currentSize : 27 <-- 8.929399 s

maxsize : 27
nodes : 969690.000000
filtered : 22298509.000000
CCGP filtered : 1304044.000000
CCGT filtered : 436146.000000
time : 8.961443
