Parameters: GAD=1 vflib=1 dir=0 label=0 lowerbound=1 fileNameGp=../graphsdb/mcs90/bvg/b09/mcs90_b09_s35.A70 fileNameGt=../graphsdb/mcs90/bvg/b09/mcs90_b09_s35.B70
Reading graphs...
35 :  157
35 :  157
Initializing...
maxdom : 35
D->valSize : 1225
Solving...
currentSize : 15 <-- 0.018205 s
currentSize : 16 <-- 0.019023 s
currentSize : 17 <-- 0.020594 s
currentSize : 18 <-- 0.021347 s
currentSize : 19 <-- 0.022414 s
currentSize : 22 <-- 0.066460 s
currentSize : 23 <-- 0.068862 s
currentSize : 25 <-- 0.182305 s
currentSize : 27 <-- 0.336139 s
currentSize : 28 <-- 1.341028 s
currentSize : 30 <-- 1.641610 s

maxsize : 30
nodes : 157130.000000
filtered : 9607380.000000
CCGP filtered : 5425.000000
CCGT filtered : 4889.000000
time : 2.178684
