Parameters: GAD=1 vflib=1 dir=0 label=0 lowerbound=1 fileNameGp=../graphsdb/mcs90/rand/r01/mcs90_r01_s35.A21 fileNameGt=../graphsdb/mcs90/rand/r01/mcs90_r01_s35.B21
Reading graphs...
35 :  108
35 :  109
Initializing...
maxdom : 35
D->valSize : 1225
Solving...
currentSize : 13 <-- 0.019218 s
currentSize : 16 <-- 0.019328 s
currentSize : 17 <-- 0.021265 s
currentSize : 18 <-- 0.035777 s
currentSize : 19 <-- 0.036232 s
currentSize : 20 <-- 0.519709 s
currentSize : 21 <-- 5.758639 s
currentSize : 24 <-- 12.798833 s
currentSize : 25 <-- 12.801481 s
currentSize : 28 <-- 16.114952 s
currentSize : 31 <-- 16.115238 s

maxsize : 31
nodes : 1397505.000000
filtered : 44351726.000000
CCGP filtered : 1059320.000000
CCGT filtered : 1435710.000000
time : 16.201794
