Parameters: GAD=1 vflib=1 dir=0 label=0 lowerbound=1 fileNameGp=../graphsdb/mcs90/m2D/m2Dr2/mcs90_m2Dr2_s30.A84 fileNameGt=../graphsdb/mcs90/m2D/m2Dr2/mcs90_m2Dr2_s30.B84
Reading graphs...
30 :  53
30 :  54
Initializing...
maxdom : 30
D->valSize : 900
Solving...
currentSize : 15 <-- 0.019002 s
currentSize : 16 <-- 0.019158 s
currentSize : 17 <-- 0.021332 s
currentSize : 18 <-- 0.021933 s
currentSize : 19 <-- 0.022536 s
currentSize : 20 <-- 1.104536 s
currentSize : 21 <-- 1.586268 s
currentSize : 22 <-- 20.116613 s
currentSize : 24 <-- 20.800508 s
currentSize : 25 <-- 21.191683 s

maxsize : 25
nodes : 2427369.000000
filtered : 56483669.000000
CCGP filtered : 19334935.000000
CCGT filtered : 7519746.000000
time : 21.532984
