Parameters: GAD=1 vflib=1 dir=0 label=0 lowerbound=1 fileNameGp=../graphsdb/mcs90/bvg/b03m/mcs90_b03m_s25.A95 fileNameGt=../graphsdb/mcs90/bvg/b03m/mcs90_b03m_s25.B95
Reading graphs...
25 :  37
25 :  37
Initializing...
maxdom : 25
D->valSize : 625
Solving...
currentSize : 8 <-- 0.009215 s
currentSize : 14 <-- 0.009318 s
currentSize : 15 <-- 0.009816 s
currentSize : 16 <-- 0.013298 s
currentSize : 18 <-- 0.017557 s
currentSize : 19 <-- 0.017598 s
currentSize : 20 <-- 0.066297 s
currentSize : 21 <-- 0.085915 s
currentSize : 22 <-- 0.089882 s
currentSize : 23 <-- 0.089924 s

maxsize : 23
nodes : 6828.000000
filtered : 156902.000000
CCGP filtered : 43273.000000
CCGT filtered : 59519.000000
time : 0.098989
