Parameters: GAD=1 vflib=1 dir=0 label=0 lowerbound=1 fileNameGp=../graphsdb/mcs90/m2D/m2Dr4/mcs90_m2Dr4_s30.A90 fileNameGt=../graphsdb/mcs90/m2D/m2Dr4/mcs90_m2Dr4_s30.B90
Reading graphs...
30 :  60
30 :  59
Initializing...
maxdom : 30
D->valSize : 900
Solving...
currentSize : 14 <-- 0.010826 s
currentSize : 16 <-- 0.010917 s
currentSize : 17 <-- 0.011472 s
currentSize : 18 <-- 0.015087 s
currentSize : 19 <-- 0.129633 s
currentSize : 20 <-- 0.129705 s
currentSize : 22 <-- 13.509496 s
currentSize : 23 <-- 17.051519 s
currentSize : 25 <-- 17.051620 s

maxsize : 25
nodes : 1922468.000000
filtered : 45193932.000000
CCGP filtered : 7711267.000000
CCGT filtered : 4461058.000000
time : 17.371622
