Parameters: GAD=1 vflib=1 dir=0 label=0 lowerbound=1 fileNameGp=../graphsdb/mcs90/m3D/m3Dr6/mcs90_m3Dr6_s30.A82 fileNameGt=../graphsdb/mcs90/m3D/m3Dr6/mcs90_m3Dr6_s30.B82
Reading graphs...
30 :  75
30 :  74
Initializing...
maxdom : 30
D->valSize : 900
Solving...
currentSize : 13 <-- 0.010636 s
currentSize : 14 <-- 0.010660 s
currentSize : 15 <-- 0.010817 s
currentSize : 16 <-- 0.011919 s
currentSize : 17 <-- 0.026345 s
currentSize : 18 <-- 0.555519 s
currentSize : 19 <-- 0.556323 s
currentSize : 21 <-- 2.062010 s
currentSize : 24 <-- 2.064649 s
currentSize : 27 <-- 3.256430 s

maxsize : 27
nodes : 356904.000000
filtered : 10083724.000000
CCGP filtered : 284951.000000
CCGT filtered : 191869.000000
time : 3.265954
