Parameters: GAD=1 vflib=1 dir=0 label=0 lowerbound=1 fileNameGp=../graphsdb/mcs90/bvg/b03m/mcs90_b03m_s35.A94 fileNameGt=../graphsdb/mcs90/bvg/b03m/mcs90_b03m_s35.B94
Reading graphs...
35 :  51
35 :  51
Initializing...
maxdom : 35
D->valSize : 1225
Solving...
currentSize : 19 <-- 0.021341 s
currentSize : 20 <-- 0.022282 s
currentSize : 21 <-- 0.024533 s
currentSize : 22 <-- 0.026502 s
currentSize : 23 <-- 0.026829 s
currentSize : 24 <-- 0.184950 s
currentSize : 25 <-- 0.293951 s
currentSize : 26 <-- 0.536403 s
currentSize : 27 <-- 2.095880 s
currentSize : 28 <-- 12.071576 s
currentSize : 29 <-- 13.046423 s
currentSize : 30 <-- 13.049974 s

maxsize : 30
nodes : 1095891.000000
filtered : 33576536.000000
CCGP filtered : 41988318.000000
CCGT filtered : 17865954.000000
time : 13.434279
