Parameters: GAD=1 vflib=1 dir=0 label=0 lowerbound=1 fileNameGp=../graphsdb/mcs90/m3D/m3Dr4/mcs90_m3Dr4_s30.A04 fileNameGt=../graphsdb/mcs90/m3D/m3Dr4/mcs90_m3Dr4_s30.B04
Reading graphs...
30 :  73
30 :  73
Initializing...
maxdom : 30
D->valSize : 900
Solving...
currentSize : 9 <-- 0.011198 s
currentSize : 10 <-- 0.011234 s
currentSize : 11 <-- 0.011304 s
currentSize : 13 <-- 0.011633 s
currentSize : 15 <-- 0.011827 s
currentSize : 16 <-- 0.014755 s
currentSize : 17 <-- 0.022170 s
currentSize : 18 <-- 0.609285 s
currentSize : 19 <-- 1.806094 s
currentSize : 20 <-- 6.670461 s
currentSize : 21 <-- 12.621613 s
currentSize : 22 <-- 12.663788 s
currentSize : 23 <-- 12.665081 s
currentSize : 25 <-- 12.761086 s
currentSize : 27 <-- 12.948956 s

maxsize : 27
nodes : 1495371.000000
filtered : 32329366.000000
CCGP filtered : 1454560.000000
CCGT filtered : 728914.000000
time : 12.953697
