Parameters: GAD=1 vflib=1 dir=0 label=0 lowerbound=1 fileNameGp=../graphsdb/mcs90/bvg/b09/mcs90_b09_s35.A95 fileNameGt=../graphsdb/mcs90/bvg/b09/mcs90_b09_s35.B95
Reading graphs...
35 :  157
35 :  157
Initializing...
maxdom : 35
D->valSize : 1225
Solving...
currentSize : 14 <-- 0.031319 s
currentSize : 15 <-- 0.031439 s
currentSize : 16 <-- 0.065657 s
currentSize : 17 <-- 0.065795 s
currentSize : 18 <-- 0.066332 s
currentSize : 19 <-- 0.066770 s
currentSize : 20 <-- 0.090720 s
currentSize : 22 <-- 0.091013 s
currentSize : 24 <-- 0.096192 s
currentSize : 25 <-- 0.180435 s
currentSize : 26 <-- 0.181062 s
currentSize : 30 <-- 0.181503 s

maxsize : 30
nodes : 62691.000000
filtered : 4245860.000000
CCGP filtered : 317.000000
CCGT filtered : 4485.000000
time : 0.897156
