Parameters: GAD=1 vflib=1 dir=0 label=0 lowerbound=1 fileNameGp=../graphsdb/mcs90/rand/r005/mcs90_r005_s30.A93 fileNameGt=../graphsdb/mcs90/rand/r005/mcs90_r005_s30.B93
Reading graphs...
30 :  42
30 :  42
Initializing...
maxdom : 30
D->valSize : 900
Solving...
currentSize : 11 <-- 0.011187 s
currentSize : 12 <-- 0.011235 s
currentSize : 13 <-- 0.011481 s
currentSize : 14 <-- 0.011569 s
currentSize : 16 <-- 0.012254 s
currentSize : 17 <-- 0.012705 s
currentSize : 18 <-- 0.031524 s
currentSize : 19 <-- 0.111854 s
currentSize : 20 <-- 0.194149 s
currentSize : 21 <-- 0.194388 s
currentSize : 23 <-- 0.197369 s
currentSize : 24 <-- 0.197444 s
currentSize : 25 <-- 0.197967 s
currentSize : 26 <-- 0.224933 s
currentSize : 27 <-- 0.225305 s

maxsize : 27
nodes : 23758.000000
filtered : 417932.000000
CCGP filtered : 567191.000000
CCGT filtered : 148999.000000
time : 0.235617
