Parameters: GAD=1 vflib=1 dir=0 label=0 lowerbound=1 fileNameGp=../graphsdb/mcs90/bvg/b03m/mcs90_b03m_s35.A64 fileNameGt=../graphsdb/mcs90/bvg/b03m/mcs90_b03m_s35.B64
Reading graphs...
35 :  52
35 :  52
Initializing...
maxdom : 35
D->valSize : 1225
Solving...
currentSize : 15 <-- 0.036482 s
currentSize : 16 <-- 0.036592 s
currentSize : 19 <-- 0.036753 s
currentSize : 20 <-- 0.036939 s
currentSize : 21 <-- 0.076880 s
currentSize : 22 <-- 0.076921 s
currentSize : 23 <-- 0.124284 s
currentSize : 24 <-- 0.276106 s
currentSize : 25 <-- 0.756098 s
currentSize : 26 <-- 5.477982 s
currentSize : 28 <-- 13.944593 s
currentSize : 29 <-- 13.946102 s
currentSize : 30 <-- 13.946401 s

maxsize : 30
nodes : 1214090.000000
filtered : 34095804.000000
CCGP filtered : 31170121.000000
CCGT filtered : 20961185.000000
time : 14.233444
