Parameters: GAD=1 vflib=1 dir=0 label=0 lowerbound=1 fileNameGp=../graphsdb/mcs90/bvg/b03m/mcs90_b03m_s25.A65 fileNameGt=../graphsdb/mcs90/bvg/b03m/mcs90_b03m_s25.B65
Reading graphs...
25 :  37
25 :  37
Initializing...
maxdom : 25
D->valSize : 625
Solving...
currentSize : 10 <-- 0.005299 s
currentSize : 11 <-- 0.005446 s
currentSize : 15 <-- 0.005597 s
currentSize : 16 <-- 0.005754 s
currentSize : 17 <-- 0.012711 s
currentSize : 18 <-- 0.235930 s
currentSize : 19 <-- 0.284137 s
currentSize : 21 <-- 0.313690 s
currentSize : 22 <-- 0.314252 s

maxsize : 22
nodes : 42130.000000
filtered : 690631.000000
CCGP filtered : 435933.000000
CCGT filtered : 339410.000000
time : 0.332383
