Parameters: GAD=1 vflib=1 dir=0 label=0 lowerbound=1 fileNameGp=../graphsdb/mcs90/bvg/b06/mcs90_b06_s30.A89 fileNameGt=../graphsdb/mcs90/bvg/b06/mcs90_b06_s30.B89
Reading graphs...
30 :  90
30 :  90
Initializing...
maxdom : 30
D->valSize : 900
Solving...
currentSize : 10 <-- 0.010262 s
currentSize : 14 <-- 0.010532 s
currentSize : 15 <-- 0.010594 s
currentSize : 16 <-- 0.011571 s
currentSize : 18 <-- 0.032895 s
currentSize : 19 <-- 0.044243 s
currentSize : 20 <-- 0.101611 s
currentSize : 21 <-- 0.157246 s
currentSize : 24 <-- 0.157386 s
currentSize : 25 <-- 0.157526 s
currentSize : 27 <-- 0.160873 s

maxsize : 27
nodes : 24661.000000
filtered : 570680.000000
CCGP filtered : 59678.000000
CCGT filtered : 31718.000000
time : 0.230510
