Parameters: GAD=1 vflib=1 dir=0 label=0 lowerbound=1 fileNameGp=../graphsdb/mcs90/bvg/b03m/mcs90_b03m_s30.A09 fileNameGt=../graphsdb/mcs90/bvg/b03m/mcs90_b03m_s30.B09
Reading graphs...
30 :  45
30 :  45
Initializing...
maxdom : 30
D->valSize : 900
Solving...
currentSize : 17 <-- 0.011178 s
currentSize : 18 <-- 0.011318 s
currentSize : 19 <-- 0.011377 s
currentSize : 20 <-- 0.011880 s
currentSize : 21 <-- 0.012026 s
currentSize : 22 <-- 0.042266 s
currentSize : 23 <-- 0.053266 s
currentSize : 24 <-- 0.086352 s
currentSize : 26 <-- 0.309510 s
currentSize : 28 <-- 0.313836 s

maxsize : 28
nodes : 35724.000000
filtered : 909682.000000
CCGP filtered : 366341.000000
CCGT filtered : 133623.000000
time : 0.325647
