Parameters: GAD=1 vflib=1 dir=0 label=0 lowerbound=1 fileNameGp=../graphsdb/mcs90/bvg/b06m/mcs90_b06m_s30.A37 fileNameGt=../graphsdb/mcs90/bvg/b06m/mcs90_b06m_s30.B37
Reading graphs...
30 :  87
30 :  87
Initializing...
maxdom : 30
D->valSize : 900
Solving...
currentSize : 14 <-- 0.010163 s
currentSize : 15 <-- 0.010183 s
currentSize : 16 <-- 0.062799 s
currentSize : 17 <-- 0.553239 s
currentSize : 18 <-- 1.097670 s
currentSize : 19 <-- 4.625266 s
currentSize : 21 <-- 8.498415 s
currentSize : 22 <-- 9.307346 s
currentSize : 24 <-- 9.307685 s
currentSize : 25 <-- 9.307722 s
currentSize : 27 <-- 9.307936 s

maxsize : 27
nodes : 966228.000000
filtered : 24882085.000000
CCGP filtered : 2166449.000000
CCGT filtered : 1175664.000000
time : 9.335560
