Parameters: GAD=1 vflib=1 dir=0 label=0 lowerbound=1 fileNameGp=../graphsdb/mcs90/bvg/b03m/mcs90_b03m_s30.A10 fileNameGt=../graphsdb/mcs90/bvg/b03m/mcs90_b03m_s30.B10
Reading graphs...
30 :  45
30 :  45
Initializing...
maxdom : 30
D->valSize : 900
Solving...
currentSize : 14 <-- 0.019473 s
currentSize : 15 <-- 0.019508 s
currentSize : 16 <-- 0.019646 s
currentSize : 17 <-- 0.019798 s
currentSize : 18 <-- 0.021181 s
currentSize : 19 <-- 0.039411 s
currentSize : 20 <-- 0.059266 s
currentSize : 21 <-- 0.212243 s
currentSize : 22 <-- 0.333853 s
currentSize : 23 <-- 0.627791 s
currentSize : 24 <-- 0.627857 s
currentSize : 26 <-- 0.628763 s

maxsize : 26
nodes : 62474.000000
filtered : 1410511.000000
CCGP filtered : 911870.000000
CCGT filtered : 516429.000000
time : 0.687271
