Parameters: GAD=1 vflib=1 dir=0 label=0 lowerbound=1 fileNameGp=../graphsdb/mcs90/m4D/m4Dr6/mcs90_m4Dr6_s20.A20 fileNameGt=../graphsdb/mcs90/m4D/m4Dr6/mcs90_m4Dr6_s20.B20
Reading graphs...
20 :  48
20 :  46
Initializing...
maxdom : 20
D->valSize : 400
Solving...
currentSize : 6 <-- 0.002140 s
currentSize : 7 <-- 0.002160 s
currentSize : 8 <-- 0.002279 s
currentSize : 9 <-- 0.002680 s
currentSize : 10 <-- 0.003840 s
currentSize : 11 <-- 0.003899 s
currentSize : 12 <-- 0.013723 s
currentSize : 13 <-- 0.028983 s
currentSize : 14 <-- 0.031644 s
currentSize : 15 <-- 0.045807 s
currentSize : 16 <-- 0.070599 s

maxsize : 16
nodes : 10969.000000
filtered : 248175.000000
CCGP filtered : 35210.000000
CCGT filtered : 27432.000000
time : 0.079243
