Parameters: GAD=1 vflib=1 dir=0 label=0 lowerbound=1 fileNameGp=../graphsdb/mcs90/bvg/b06m/mcs90_b06m_s35.A28 fileNameGt=../graphsdb/mcs90/bvg/b06m/mcs90_b06m_s35.B28
Reading graphs...
35 :  103
35 :  104
Initializing...
maxdom : 35
D->valSize : 1225
Solving...
currentSize : 13 <-- 0.033540 s
currentSize : 15 <-- 0.033634 s
currentSize : 16 <-- 0.034003 s
currentSize : 17 <-- 0.034096 s
currentSize : 18 <-- 0.350664 s
currentSize : 19 <-- 3.153857 s
currentSize : 20 <-- 26.458172 s
currentSize : 21 <-- 179.280975 s
currentSize : 22 <-- 181.016739 s
currentSize : 23 <-- 181.017563 s
currentSize : 24 <-- 181.463287 s
currentSize : 25 <-- 181.463501 s
currentSize : 27 <-- 181.468399 s
currentSize : 28 <-- 181.468765 s
currentSize : 31 <-- 181.472763 s

maxsize : 31
nodes : 16767156.000000
filtered : 409481549.000000
CCGP filtered : 60873628.000000
CCGT filtered : 22356666.000000
time : 181.621414
