Parameters: GAD=1 vflib=1 dir=0 label=0 lowerbound=1 fileNameGp=../graphsdb/mcs90/bvg/b09/mcs90_b09_s35.A92 fileNameGt=../graphsdb/mcs90/bvg/b09/mcs90_b09_s35.B92
Reading graphs...
35 :  156
35 :  157
Initializing...
maxdom : 35
D->valSize : 1225
Solving...
currentSize : 14 <-- 0.024633 s
currentSize : 15 <-- 0.036256 s
currentSize : 16 <-- 0.078041 s
currentSize : 17 <-- 0.392568 s
currentSize : 18 <-- 0.393898 s
currentSize : 19 <-- 0.620315 s
currentSize : 20 <-- 0.620487 s
currentSize : 21 <-- 0.621168 s
currentSize : 22 <-- 0.621348 s
currentSize : 23 <-- 0.621690 s
currentSize : 24 <-- 0.622009 s
currentSize : 26 <-- 0.622825 s
currentSize : 30 <-- 0.661563 s

maxsize : 30
nodes : 118597.000000
filtered : 5078564.000000
CCGP filtered : 2524.000000
CCGT filtered : 7247.000000
time : 1.509461
