Parameters: GAD=1 vflib=1 dir=0 label=0 lowerbound=1 fileNameGp=../graphsdb/mcs90/bvg/b03m/mcs90_b03m_s35.A55 fileNameGt=../graphsdb/mcs90/bvg/b03m/mcs90_b03m_s35.B55
Reading graphs...
35 :  52
35 :  52
Initializing...
maxdom : 35
D->valSize : 1225
Solving...
currentSize : 17 <-- 0.021049 s
currentSize : 18 <-- 0.021139 s
currentSize : 19 <-- 0.021616 s
currentSize : 20 <-- 0.024551 s
currentSize : 21 <-- 0.024654 s
currentSize : 22 <-- 0.024778 s
currentSize : 23 <-- 0.031945 s
currentSize : 24 <-- 0.105893 s
currentSize : 25 <-- 1.470448 s
currentSize : 27 <-- 4.426726 s
currentSize : 28 <-- 4.914267 s
currentSize : 30 <-- 7.269820 s

maxsize : 30
nodes : 668390.000000
filtered : 19498537.000000
CCGP filtered : 19407048.000000
CCGT filtered : 6844634.000000
time : 7.409445
