Parameters: GAD=1 vflib=1 dir=0 label=0 lowerbound=1 fileNameGp=../graphsdb/mcs90/bvg/b09/mcs90_b09_s30.A18 fileNameGt=../graphsdb/mcs90/bvg/b09/mcs90_b09_s30.B18
Reading graphs...
30 :  135
30 :  135
Initializing...
maxdom : 30
D->valSize : 900
Solving...
currentSize : 10 <-- 0.009633 s
currentSize : 12 <-- 0.009678 s
currentSize : 14 <-- 0.010237 s
currentSize : 15 <-- 0.013816 s
currentSize : 16 <-- 0.021681 s
currentSize : 17 <-- 0.021850 s
currentSize : 18 <-- 0.027036 s
currentSize : 19 <-- 0.027868 s
currentSize : 22 <-- 0.027985 s
currentSize : 25 <-- 0.049245 s
currentSize : 26 <-- 0.049468 s

maxsize : 26
nodes : 19131.000000
filtered : 1096946.000000
CCGP filtered : 12.000000
CCGT filtered : 15.000000
time : 0.225036
