Parameters: GAD=1 vflib=1 dir=0 label=0 lowerbound=1 fileNameGp=../graphsdb/mcs90/bvg/b03/mcs90_b03_s25.A80 fileNameGt=../graphsdb/mcs90/bvg/b03/mcs90_b03_s25.B80
Reading graphs...
25 :  37
25 :  37
Initializing...
maxdom : 25
D->valSize : 625
Solving...
currentSize : 14 <-- 0.009922 s
currentSize : 15 <-- 0.009948 s
currentSize : 16 <-- 0.010044 s
currentSize : 18 <-- 0.010800 s
currentSize : 19 <-- 0.027164 s
currentSize : 20 <-- 0.033491 s
currentSize : 21 <-- 0.054952 s
currentSize : 22 <-- 0.074156 s
currentSize : 23 <-- 0.114386 s
currentSize : 24 <-- 0.115345 s

maxsize : 24
nodes : 16701.000000
filtered : 269867.000000
CCGP filtered : 37817.000000
CCGT filtered : 15626.000000
time : 0.115804
