Parameters: GAD=1 vflib=1 dir=0 label=0 lowerbound=1 fileNameGp=../graphsdb/mcs90/rand/r005/mcs90_r005_s25.A61 fileNameGt=../graphsdb/mcs90/rand/r005/mcs90_r005_s25.B61
Reading graphs...
25 :  29
25 :  28
Initializing...
maxdom : 25
D->valSize : 625
Solving...
currentSize : 14 <-- 0.005466 s
currentSize : 15 <-- 0.012203 s
currentSize : 16 <-- 0.013188 s
currentSize : 17 <-- 0.013214 s
currentSize : 18 <-- 0.013275 s
currentSize : 19 <-- 0.013399 s
currentSize : 20 <-- 0.014164 s
currentSize : 21 <-- 0.019387 s
currentSize : 22 <-- 0.019777 s

maxsize : 22
nodes : 2939.000000
filtered : 80888.000000
CCGP filtered : 86113.000000
CCGT filtered : 24691.000000
time : 0.028930
