Parameters: GAD=1 vflib=1 dir=0 label=0 lowerbound=1 fileNameGp=../graphsdb/mcs90/bvg/b06m/mcs90_b06m_s30.A56 fileNameGt=../graphsdb/mcs90/bvg/b06m/mcs90_b06m_s30.B56
Reading graphs...
30 :  88
30 :  88
Initializing...
maxdom : 30
D->valSize : 900
Solving...
currentSize : 13 <-- 0.010448 s
currentSize : 14 <-- 0.010651 s
currentSize : 15 <-- 0.010888 s
currentSize : 16 <-- 0.013953 s
currentSize : 17 <-- 0.015290 s
currentSize : 18 <-- 0.989540 s
currentSize : 19 <-- 19.235540 s
currentSize : 20 <-- 22.003048 s
currentSize : 21 <-- 23.779736 s
currentSize : 27 <-- 29.360975 s

maxsize : 27
nodes : 3004897.000000
filtered : 75992768.000000
CCGP filtered : 6076937.000000
CCGT filtered : 3522693.000000
time : 29.369623
