Parameters: GAD=1 vflib=1 dir=0 label=0 lowerbound=1 fileNameGp=../graphsdb/mcs90/bvg/b09m/mcs90_b09m_s30.A12 fileNameGt=../graphsdb/mcs90/bvg/b09m/mcs90_b09m_s30.B12
Reading graphs...
30 :  131
30 :  130
Initializing...
maxdom : 30
D->valSize : 900
Solving...
currentSize : 8 <-- 0.009681 s
currentSize : 11 <-- 0.009751 s
currentSize : 12 <-- 0.010249 s
currentSize : 13 <-- 0.012829 s
currentSize : 14 <-- 0.844343 s
currentSize : 15 <-- 7.761159 s
currentSize : 16 <-- 25.232063 s
currentSize : 18 <-- 25.469204 s
currentSize : 19 <-- 25.788176 s
currentSize : 26 <-- 28.823277 s

maxsize : 26
nodes : 2962153.000000
filtered : 46423474.000000
CCGP filtered : 745699.000000
CCGT filtered : 923233.000000
time : 28.876871
