Parameters: GAD=1 vflib=1 dir=0 label=0 lowerbound=1 fileNameGp=../graphsdb/mcs90/bvg/b03m/mcs90_b03m_s30.A18 fileNameGt=../graphsdb/mcs90/bvg/b03m/mcs90_b03m_s30.B18
Reading graphs...
30 :  45
30 :  45
Initializing...
maxdom : 30
D->valSize : 900
Solving...
currentSize : 15 <-- 0.019308 s
currentSize : 17 <-- 0.019449 s
currentSize : 18 <-- 0.028905 s
currentSize : 19 <-- 0.053882 s
currentSize : 20 <-- 0.141769 s
currentSize : 21 <-- 0.312078 s
currentSize : 22 <-- 0.874518 s
currentSize : 23 <-- 3.790179 s
currentSize : 24 <-- 3.790509 s
currentSize : 26 <-- 4.047910 s

maxsize : 26
nodes : 440211.000000
filtered : 9168212.000000
CCGP filtered : 6539524.000000
CCGT filtered : 4312208.000000
time : 4.096234
