Parameters: GAD=1 vflib=1 dir=0 label=0 lowerbound=1 fileNameGp=../graphsdb/mcs90/rand/r01/mcs90_r01_s25.A84 fileNameGt=../graphsdb/mcs90/rand/r01/mcs90_r01_s25.B84
Reading graphs...
25 :  53
25 :  53
Initializing...
maxdom : 25
D->valSize : 625
Solving...
currentSize : 11 <-- 0.005071 s
currentSize : 12 <-- 0.005116 s
currentSize : 13 <-- 0.005181 s
currentSize : 14 <-- 0.005473 s
currentSize : 15 <-- 0.006728 s
currentSize : 16 <-- 0.024403 s
currentSize : 17 <-- 0.171720 s
currentSize : 19 <-- 1.403514 s
currentSize : 21 <-- 1.407762 s
currentSize : 22 <-- 1.409731 s

maxsize : 22
nodes : 189665.000000
filtered : 3641138.000000
CCGP filtered : 331860.000000
CCGT filtered : 207664.000000
time : 1.415810
