Parameters: GAD=1 vflib=1 dir=0 label=0 lowerbound=1 fileNameGp=../graphsdb/mcs90/rand/r02/mcs90_r02_s35.A13 fileNameGt=../graphsdb/mcs90/rand/r02/mcs90_r02_s35.B13
Reading graphs...
35 :  206
35 :  208
Initializing...
maxdom : 35
D->valSize : 1225
Solving...
currentSize : 10 <-- 0.017555 s
currentSize : 11 <-- 0.017858 s
currentSize : 13 <-- 0.019538 s
currentSize : 14 <-- 0.024332 s
currentSize : 15 <-- 21.984148 s
currentSize : 17 <-- 25.910643 s
currentSize : 19 <-- 303.712555 s
currentSize : 21 <-- 318.601715 s
currentSize : 31 <-- 381.846771 s

maxsize : 31
nodes : 30292680.000000
filtered : 567700148.000000
CCGP filtered : 189211.000000
CCGT filtered : 548643.000000
time : 381.926453
