Parameters: GAD=1 vflib=1 dir=0 label=0 lowerbound=1 fileNameGp=../graphsdb/mcs90/rand/r01/mcs90_r01_s30.A09 fileNameGt=../graphsdb/mcs90/rand/r01/mcs90_r01_s30.B09
Reading graphs...
30 :  82
30 :  82
Initializing...
maxdom : 30
D->valSize : 900
Solving...
currentSize : 14 <-- 0.010357 s
currentSize : 15 <-- 0.014526 s
currentSize : 16 <-- 0.018446 s
currentSize : 17 <-- 0.284408 s
currentSize : 18 <-- 39.737740 s
currentSize : 19 <-- 39.740002 s
currentSize : 20 <-- 45.888435 s
currentSize : 21 <-- 58.630402 s
currentSize : 22 <-- 64.284920 s
currentSize : 25 <-- 65.588287 s
currentSize : 27 <-- 65.590172 s

maxsize : 27
nodes : 7177325.000000
filtered : 142327309.000000
CCGP filtered : 5381001.000000
CCGT filtered : 4717651.000000
time : 65.596916
