Parameters: GAD=1 vflib=1 dir=0 label=0 lowerbound=1 fileNameGp=../graphsdb/mcs90/m3D/m3Dr6/mcs90_m3Dr6_s30.A24 fileNameGt=../graphsdb/mcs90/m3D/m3Dr6/mcs90_m3Dr6_s30.B24
Reading graphs...
30 :  79
30 :  76
Initializing...
maxdom : 30
D->valSize : 900
Solving...
currentSize : 13 <-- 0.010238 s
currentSize : 14 <-- 0.010273 s
currentSize : 15 <-- 0.010854 s
currentSize : 16 <-- 0.011603 s
currentSize : 17 <-- 0.014619 s
currentSize : 18 <-- 0.028668 s
currentSize : 19 <-- 0.043584 s
currentSize : 20 <-- 0.043743 s
currentSize : 21 <-- 0.085051 s
currentSize : 23 <-- 2.282168 s
currentSize : 27 <-- 3.301194 s

maxsize : 27
nodes : 332374.000000
filtered : 11477070.000000
CCGP filtered : 172364.000000
CCGT filtered : 70745.000000
time : 3.314502
