Parameters: GAD=1 vflib=1 dir=0 label=0 lowerbound=1 fileNameGp=../graphsdb/mcs90/rand/r005/mcs90_r005_s30.A74 fileNameGt=../graphsdb/mcs90/rand/r005/mcs90_r005_s30.B74
Reading graphs...
30 :  42
30 :  42
Initializing...
maxdom : 30
D->valSize : 900
Solving...
currentSize : 11 <-- 0.011861 s
currentSize : 12 <-- 0.012043 s
currentSize : 13 <-- 0.012295 s
currentSize : 15 <-- 0.012611 s
currentSize : 16 <-- 0.012703 s
currentSize : 17 <-- 0.013449 s
currentSize : 18 <-- 0.025986 s
currentSize : 19 <-- 0.052853 s
currentSize : 20 <-- 0.053345 s
currentSize : 21 <-- 0.080303 s
currentSize : 22 <-- 0.204788 s
currentSize : 24 <-- 0.210220 s
currentSize : 26 <-- 0.223765 s
currentSize : 27 <-- 0.244704 s

maxsize : 27
nodes : 29507.000000
filtered : 563130.000000
CCGP filtered : 450205.000000
CCGT filtered : 183417.000000
time : 0.252254
