Parameters: GAD=1 vflib=1 dir=0 label=0 lowerbound=1 fileNameGp=../graphsdb/mcs90/m3D/m3Dr6/mcs90_m3Dr6_s30.A15 fileNameGt=../graphsdb/mcs90/m3D/m3Dr6/mcs90_m3Dr6_s30.B15
Reading graphs...
30 :  76
30 :  76
Initializing...
maxdom : 30
D->valSize : 900
Solving...
currentSize : 15 <-- 0.010521 s
currentSize : 16 <-- 0.010626 s
currentSize : 17 <-- 0.133706 s
currentSize : 18 <-- 3.508876 s
currentSize : 19 <-- 8.374756 s
currentSize : 20 <-- 9.818089 s
currentSize : 22 <-- 13.181329 s
currentSize : 23 <-- 14.483070 s
currentSize : 27 <-- 16.916540 s

maxsize : 27
nodes : 1901936.000000
filtered : 38850222.000000
CCGP filtered : 1047648.000000
CCGT filtered : 465542.000000
time : 16.931961
