Parameters: GAD=1 vflib=1 dir=0 label=0 lowerbound=1 fileNameGp=../graphsdb/mcs90/rand/r01/mcs90_r01_s20.A83 fileNameGt=../graphsdb/mcs90/rand/r01/mcs90_r01_s20.B83
Reading graphs...
20 :  35
20 :  35
Initializing...
maxdom : 20
D->valSize : 400
Solving...
currentSize : 8 <-- 0.002333 s
currentSize : 9 <-- 0.002370 s
currentSize : 10 <-- 0.002642 s
currentSize : 11 <-- 0.005684 s
currentSize : 12 <-- 0.007357 s
currentSize : 13 <-- 0.008382 s
currentSize : 14 <-- 0.017870 s
currentSize : 15 <-- 0.019479 s
currentSize : 18 <-- 0.019925 s

maxsize : 18
nodes : 2926.000000
filtered : 48845.000000
CCGP filtered : 12904.000000
CCGT filtered : 8534.000000
time : 0.021461
