Parameters: GAD=1 vflib=1 dir=0 label=0 lowerbound=1 fileNameGp=../graphsdb/mcs90/rand/r005/mcs90_r005_s35.A82 fileNameGt=../graphsdb/mcs90/rand/r005/mcs90_r005_s35.B82
Reading graphs...
35 :  58
35 :  58
Initializing...
maxdom : 35
D->valSize : 1225
Solving...
currentSize : 13 <-- 0.023671 s
currentSize : 17 <-- 0.023714 s
currentSize : 18 <-- 0.024024 s
currentSize : 19 <-- 0.025099 s
currentSize : 20 <-- 0.025112 s
currentSize : 22 <-- 0.026053 s
currentSize : 23 <-- 0.029327 s
currentSize : 24 <-- 0.032095 s
currentSize : 25 <-- 0.047990 s
currentSize : 26 <-- 0.048116 s
currentSize : 27 <-- 0.051572 s
currentSize : 28 <-- 0.055661 s
currentSize : 31 <-- 0.056060 s

maxsize : 31
nodes : 10943.000000
filtered : 627040.000000
CCGP filtered : 160482.000000
CCGT filtered : 49458.000000
time : 0.165111
