Parameters: GAD=1 vflib=1 dir=0 label=0 lowerbound=1 fileNameGp=../graphsdb/mcs90/bvg/b09m/mcs90_b09m_s30.A50 fileNameGt=../graphsdb/mcs90/bvg/b09m/mcs90_b09m_s30.B50
Reading graphs...
30 :  128
30 :  129
Initializing...
maxdom : 30
D->valSize : 900
Solving...
currentSize : 10 <-- 0.009908 s
currentSize : 11 <-- 0.009994 s
currentSize : 12 <-- 0.010339 s
currentSize : 13 <-- 0.016162 s
currentSize : 14 <-- 0.059704 s
currentSize : 15 <-- 0.739340 s
currentSize : 16 <-- 33.058380 s
currentSize : 17 <-- 66.735741 s
currentSize : 20 <-- 67.576767 s
currentSize : 22 <-- 68.015007 s
currentSize : 24 <-- 68.015099 s
currentSize : 26 <-- 68.120880 s

maxsize : 26
nodes : 6996752.000000
filtered : 120737568.000000
CCGP filtered : 1323009.000000
CCGT filtered : 1432000.000000
time : 68.180077
