Parameters: GAD=1 vflib=1 dir=0 label=0 lowerbound=1 fileNameGp=../graphsdb/mcs90/bvg/b06m/mcs90_b06m_s35.A22 fileNameGt=../graphsdb/mcs90/bvg/b06m/mcs90_b06m_s35.B22
Reading graphs...
35 :  103
35 :  102
Initializing...
maxdom : 35
D->valSize : 1225
Solving...
currentSize : 18 <-- 0.034064 s
currentSize : 19 <-- 0.385623 s
currentSize : 20 <-- 0.562112 s
currentSize : 21 <-- 29.518204 s
currentSize : 22 <-- 47.131653 s
currentSize : 23 <-- 47.429855 s
currentSize : 24 <-- 81.065826 s
currentSize : 25 <-- 83.900742 s
currentSize : 26 <-- 85.863426 s
currentSize : 31 <-- 85.888885 s

maxsize : 31
nodes : 7454781.000000
filtered : 227521577.000000
CCGP filtered : 45383243.000000
CCGT filtered : 24571756.000000
time : 85.994537
