Parameters: GAD=1 vflib=1 dir=0 label=0 lowerbound=1 fileNameGp=../graphsdb/mcs90/rand/r01/mcs90_r01_s20.A75 fileNameGt=../graphsdb/mcs90/rand/r01/mcs90_r01_s20.B75
Reading graphs...
20 :  36
20 :  36
Initializing...
maxdom : 20
D->valSize : 400
Solving...
currentSize : 9 <-- 0.002211 s
currentSize : 10 <-- 0.002273 s
currentSize : 11 <-- 0.002296 s
currentSize : 12 <-- 0.002407 s
currentSize : 13 <-- 0.007303 s
currentSize : 14 <-- 0.009349 s
currentSize : 16 <-- 0.040926 s
currentSize : 17 <-- 0.048743 s
currentSize : 18 <-- 0.048823 s

maxsize : 18
nodes : 8009.000000
filtered : 115786.000000
CCGP filtered : 16059.000000
CCGT filtered : 4541.000000
time : 0.050631
