Parameters: GAD=1 vflib=1 dir=0 label=0 lowerbound=1 fileNameGp=../graphsdb/mcs90/rand/r01/mcs90_r01_s30.A69 fileNameGt=../graphsdb/mcs90/rand/r01/mcs90_r01_s30.B69
Reading graphs...
30 :  82
30 :  83
Initializing...
maxdom : 30
D->valSize : 900
Solving...
currentSize : 13 <-- 0.010468 s
currentSize : 14 <-- 0.010685 s
currentSize : 15 <-- 0.010931 s
currentSize : 16 <-- 0.025676 s
currentSize : 17 <-- 0.039815 s
currentSize : 18 <-- 4.799955 s
currentSize : 19 <-- 7.142984 s
currentSize : 21 <-- 7.161196 s
currentSize : 23 <-- 7.181686 s
currentSize : 27 <-- 7.601514 s

maxsize : 27
nodes : 828807.000000
filtered : 15985485.000000
CCGP filtered : 1219178.000000
CCGT filtered : 1097812.000000
time : 7.620747
