Parameters: GAD=1 vflib=1 dir=0 label=0 lowerbound=1 fileNameGp=../graphsdb/mcs90/bvg/b06m/mcs90_b06m_s20.A92 fileNameGt=../graphsdb/mcs90/bvg/b06m/mcs90_b06m_s20.B92
Reading graphs...
20 :  59
20 :  59
Initializing...
maxdom : 20
D->valSize : 400
Solving...
currentSize : 7 <-- 0.003519 s
currentSize : 8 <-- 0.003586 s
currentSize : 9 <-- 0.003604 s
currentSize : 10 <-- 0.003895 s
currentSize : 11 <-- 0.004165 s
currentSize : 12 <-- 0.004246 s
currentSize : 13 <-- 0.039752 s
currentSize : 14 <-- 0.058424 s
currentSize : 15 <-- 0.058524 s
currentSize : 16 <-- 0.059215 s
currentSize : 18 <-- 0.072697 s

maxsize : 18
nodes : 6953.000000
filtered : 115887.000000
CCGP filtered : 4345.000000
CCGT filtered : 2852.000000
time : 0.075673
