Parameters: GAD=1 vflib=1 dir=0 label=0 lowerbound=1 fileNameGp=../graphsdb/mcs90/rand/r005/mcs90_r005_s25.A27 fileNameGt=../graphsdb/mcs90/rand/r005/mcs90_r005_s25.B27
Reading graphs...
25 :  29
25 :  29
Initializing...
maxdom : 25
D->valSize : 625
Solving...
currentSize : 5 <-- 0.005469 s
currentSize : 9 <-- 0.005574 s
currentSize : 11 <-- 0.005597 s
currentSize : 13 <-- 0.005696 s
currentSize : 15 <-- 0.005853 s
currentSize : 16 <-- 0.006120 s
currentSize : 17 <-- 0.006476 s
currentSize : 18 <-- 0.007834 s
currentSize : 19 <-- 0.019222 s
currentSize : 20 <-- 0.034636 s
currentSize : 22 <-- 0.054300 s

maxsize : 22
nodes : 7655.000000
filtered : 137812.000000
CCGP filtered : 173515.000000
CCGT filtered : 64809.000000
time : 0.061428
