Parameters: GAD=1 vflib=1 dir=0 label=0 lowerbound=1 fileNameGp=../graphsdb/mcs90/rand/r01/mcs90_r01_s35.A22 fileNameGt=../graphsdb/mcs90/rand/r01/mcs90_r01_s35.B22
Reading graphs...
35 :  113
35 :  113
Initializing...
maxdom : 35
D->valSize : 1225
Solving...
currentSize : 12 <-- 0.023614 s
currentSize : 14 <-- 0.023708 s
currentSize : 15 <-- 0.064155 s
currentSize : 16 <-- 0.065339 s
currentSize : 17 <-- 0.673490 s
currentSize : 18 <-- 1.866063 s
currentSize : 19 <-- 64.436630 s
currentSize : 20 <-- 142.667831 s
currentSize : 21 <-- 180.081604 s
currentSize : 22 <-- 184.590118 s
currentSize : 23 <-- 188.146133 s
currentSize : 26 <-- 188.146378 s
currentSize : 31 <-- 188.175583 s

maxsize : 31
nodes : 16683956.000000
filtered : 355718437.000000
CCGP filtered : 18928698.000000
CCGT filtered : 14473234.000000
time : 188.302704
