Parameters: GAD=1 vflib=1 dir=0 label=0 lowerbound=1 fileNameGp=../graphsdb/mcs90/bvg/b06/mcs90_b06_s30.A84 fileNameGt=../graphsdb/mcs90/bvg/b06/mcs90_b06_s30.B84
Reading graphs...
30 :  90
30 :  90
Initializing...
maxdom : 30
D->valSize : 900
Solving...
currentSize : 16 <-- 0.010219 s
currentSize : 17 <-- 0.010266 s
currentSize : 18 <-- 0.010565 s
currentSize : 19 <-- 0.010978 s
currentSize : 20 <-- 0.011036 s
currentSize : 21 <-- 0.011265 s
currentSize : 22 <-- 0.011710 s
currentSize : 23 <-- 0.012787 s
currentSize : 24 <-- 0.013312 s
currentSize : 25 <-- 0.013466 s
currentSize : 27 <-- 0.015530 s

maxsize : 27
nodes : 9418.000000
filtered : 351186.000000
CCGP filtered : 74.000000
CCGT filtered : 436.000000
time : 0.099910
