Parameters: GAD=1 vflib=1 dir=0 label=0 lowerbound=1 fileNameGp=../graphsdb/mcs90/bvg/b06m/mcs90_b06m_s25.A81 fileNameGt=../graphsdb/mcs90/bvg/b06m/mcs90_b06m_s25.B81
Reading graphs...
25 :  73
25 :  73
Initializing...
maxdom : 25
D->valSize : 625
Solving...
currentSize : 11 <-- 0.008416 s
currentSize : 12 <-- 0.008504 s
currentSize : 13 <-- 0.011360 s
currentSize : 14 <-- 0.023733 s
currentSize : 15 <-- 0.168548 s
currentSize : 16 <-- 0.171510 s
currentSize : 17 <-- 1.237050 s
currentSize : 18 <-- 1.248361 s
currentSize : 22 <-- 1.295399 s

maxsize : 22
nodes : 147485.000000
filtered : 3418572.000000
CCGP filtered : 405935.000000
CCGT filtered : 187790.000000
time : 1.310138
