Parameters: GAD=1 vflib=1 dir=0 label=0 lowerbound=1 fileNameGp=../graphsdb/mcs90/bvg/b03m/mcs90_b03m_s35.A62 fileNameGt=../graphsdb/mcs90/bvg/b03m/mcs90_b03m_s35.B62
Reading graphs...
35 :  52
35 :  52
Initializing...
maxdom : 35
D->valSize : 1225
Solving...
currentSize : 20 <-- 0.036905 s
currentSize : 21 <-- 0.037427 s
currentSize : 22 <-- 0.037957 s
currentSize : 23 <-- 0.055042 s
currentSize : 24 <-- 0.294197 s
currentSize : 25 <-- 0.405387 s
currentSize : 26 <-- 1.503752 s
currentSize : 27 <-- 1.504139 s
currentSize : 28 <-- 3.678626 s
currentSize : 31 <-- 5.388633 s
currentSize : 32 <-- 5.388691 s

maxsize : 32
nodes : 467850.000000
filtered : 13983248.000000
CCGP filtered : 10155023.000000
CCGT filtered : 5071381.000000
time : 5.441117
