Parameters: GAD=1 vflib=1 dir=0 label=0 lowerbound=1 fileNameGp=../graphsdb/mcs90/bvg/b06m/mcs90_b06m_s35.A18 fileNameGt=../graphsdb/mcs90/bvg/b06m/mcs90_b06m_s35.B18
Reading graphs...
35 :  104
35 :  104
Initializing...
maxdom : 35
D->valSize : 1225
Solving...
currentSize : 12 <-- 0.019599 s
currentSize : 14 <-- 0.019822 s
currentSize : 15 <-- 0.020763 s
currentSize : 16 <-- 0.021421 s
currentSize : 17 <-- 0.041786 s
currentSize : 18 <-- 0.081634 s
currentSize : 19 <-- 0.082118 s
currentSize : 20 <-- 6.951612 s
currentSize : 23 <-- 16.149612 s
currentSize : 25 <-- 18.596340 s
currentSize : 31 <-- 18.883902 s

maxsize : 31
nodes : 1716656.000000
filtered : 43705172.000000
CCGP filtered : 5153534.000000
CCGT filtered : 2567049.000000
time : 18.957380
