Parameters: GAD=1 vflib=1 dir=0 label=0 lowerbound=1 fileNameGp=../graphsdb/mcs90/m3D/m3Dr6/mcs90_m3Dr6_s30.A53 fileNameGt=../graphsdb/mcs90/m3D/m3Dr6/mcs90_m3Dr6_s30.B53
Reading graphs...
30 :  76
30 :  75
Initializing...
maxdom : 30
D->valSize : 900
Solving...
currentSize : 13 <-- 0.010449 s
currentSize : 14 <-- 0.010505 s
currentSize : 15 <-- 0.011265 s
currentSize : 16 <-- 0.012977 s
currentSize : 17 <-- 0.014118 s
currentSize : 18 <-- 1.041566 s
currentSize : 19 <-- 6.412375 s
currentSize : 20 <-- 7.184866 s
currentSize : 21 <-- 13.145228 s
currentSize : 23 <-- 14.082421 s
currentSize : 24 <-- 15.469858 s
currentSize : 27 <-- 15.758867 s

maxsize : 27
nodes : 1758852.000000
filtered : 40920143.000000
CCGP filtered : 1009224.000000
CCGT filtered : 1197643.000000
time : 15.773338
