Parameters: GAD=1 vflib=1 dir=0 label=0 lowerbound=1 fileNameGp=../graphsdb/mcs90/bvg/b03m/mcs90_b03m_s30.A87 fileNameGt=../graphsdb/mcs90/bvg/b03m/mcs90_b03m_s30.B87
Reading graphs...
30 :  45
30 :  45
Initializing...
maxdom : 30
D->valSize : 900
Solving...
currentSize : 16 <-- 0.011178 s
currentSize : 17 <-- 0.011843 s
currentSize : 18 <-- 0.013750 s
currentSize : 19 <-- 0.018481 s
currentSize : 20 <-- 0.192092 s
currentSize : 21 <-- 0.192103 s
currentSize : 22 <-- 0.192526 s
currentSize : 23 <-- 3.998664 s
currentSize : 25 <-- 4.000592 s
currentSize : 26 <-- 4.001852 s

maxsize : 26
nodes : 461980.000000
filtered : 9704854.000000
CCGP filtered : 6560505.000000
CCGT filtered : 3359935.000000
time : 4.121158
