Parameters: GAD=1 vflib=1 dir=0 label=0 lowerbound=1 fileNameGp=../graphsdb/mcs90/m3D/m3Dr4/mcs90_m3Dr4_s30.A22 fileNameGt=../graphsdb/mcs90/m3D/m3Dr4/mcs90_m3Dr4_s30.B22
Reading graphs...
30 :  70
30 :  70
Initializing...
maxdom : 30
D->valSize : 900
Solving...
currentSize : 15 <-- 0.010770 s
currentSize : 16 <-- 0.010897 s
currentSize : 17 <-- 0.016899 s
currentSize : 18 <-- 0.099902 s
currentSize : 19 <-- 0.109163 s
currentSize : 20 <-- 0.188834 s
currentSize : 21 <-- 0.221245 s
currentSize : 22 <-- 0.351668 s
currentSize : 23 <-- 0.672376 s
currentSize : 27 <-- 1.711454 s

maxsize : 27
nodes : 181996.000000
filtered : 5351927.000000
CCGP filtered : 143303.000000
CCGT filtered : 75956.000000
time : 1.734653
