Parameters: GAD=1 vflib=1 dir=0 label=0 lowerbound=1 fileNameGp=../graphsdb/mcs90/bvg/b03m/mcs90_b03m_s35.A82 fileNameGt=../graphsdb/mcs90/bvg/b03m/mcs90_b03m_s35.B82
Reading graphs...
35 :  52
35 :  52
Initializing...
maxdom : 35
D->valSize : 1225
Solving...
currentSize : 11 <-- 0.026286 s
currentSize : 14 <-- 0.026384 s
currentSize : 16 <-- 0.026731 s
currentSize : 17 <-- 0.026770 s
currentSize : 18 <-- 0.043376 s
currentSize : 19 <-- 0.063474 s
currentSize : 20 <-- 0.071718 s
currentSize : 21 <-- 0.073191 s
currentSize : 23 <-- 0.096540 s
currentSize : 24 <-- 0.580134 s
currentSize : 25 <-- 2.069970 s
currentSize : 26 <-- 3.293641 s
currentSize : 27 <-- 4.813257 s
currentSize : 28 <-- 4.813373 s
currentSize : 29 <-- 4.829912 s
currentSize : 30 <-- 5.037348 s
currentSize : 31 <-- 5.037496 s

maxsize : 31
nodes : 457563.000000
filtered : 10197080.000000
CCGP filtered : 16636655.000000
CCGT filtered : 5323024.000000
time : 5.170959
