Parameters: GAD=1 vflib=1 dir=0 label=0 lowerbound=1 fileNameGp=../graphsdb/mcs90/bvg/b03m/mcs90_b03m_s30.A76 fileNameGt=../graphsdb/mcs90/bvg/b03m/mcs90_b03m_s30.B76
Reading graphs...
30 :  44
30 :  44
Initializing...
maxdom : 30
D->valSize : 900
Solving...
currentSize : 14 <-- 0.011623 s
currentSize : 16 <-- 0.011690 s
currentSize : 17 <-- 0.011926 s
currentSize : 18 <-- 0.012426 s
currentSize : 19 <-- 0.035704 s
currentSize : 20 <-- 0.048703 s
currentSize : 21 <-- 0.119637 s
currentSize : 22 <-- 0.125283 s
currentSize : 23 <-- 0.428110 s
currentSize : 24 <-- 0.473052 s
currentSize : 25 <-- 0.477271 s
currentSize : 26 <-- 0.483905 s
currentSize : 27 <-- 0.484104 s

maxsize : 27
nodes : 56538.000000
filtered : 1176962.000000
CCGP filtered : 916417.000000
CCGT filtered : 498462.000000
time : 0.524248
