Parameters: GAD=1 vflib=1 dir=0 label=0 lowerbound=1 fileNameGp=../graphsdb/mcs90/rand/r01/mcs90_r01_s35.A70 fileNameGt=../graphsdb/mcs90/rand/r01/mcs90_r01_s35.B70
Reading graphs...
35 :  113
35 :  112
Initializing...
maxdom : 35
D->valSize : 1225
Solving...
currentSize : 16 <-- 0.019903 s
currentSize : 17 <-- 0.020023 s
currentSize : 18 <-- 0.025911 s
currentSize : 19 <-- 3.261301 s
currentSize : 20 <-- 28.077431 s
currentSize : 21 <-- 32.118507 s
currentSize : 22 <-- 33.457687 s
currentSize : 27 <-- 42.446545 s
currentSize : 29 <-- 44.684498 s
currentSize : 31 <-- 44.732761 s

maxsize : 31
nodes : 4100450.000000
filtered : 99746249.000000
CCGP filtered : 4223157.000000
CCGT filtered : 4706205.000000
time : 44.773022
