Parameters: GAD=1 vflib=1 dir=0 label=0 lowerbound=1 fileNameGp=../graphsdb/mcs90/bvg/b09/mcs90_b09_s35.A37 fileNameGt=../graphsdb/mcs90/bvg/b09/mcs90_b09_s35.B37
Reading graphs...
35 :  156
35 :  157
Initializing...
maxdom : 35
D->valSize : 1225
Solving...
currentSize : 13 <-- 0.017994 s
currentSize : 14 <-- 0.018061 s
currentSize : 15 <-- 0.018352 s
currentSize : 17 <-- 0.019467 s
currentSize : 18 <-- 0.037223 s
currentSize : 19 <-- 0.043193 s
currentSize : 21 <-- 0.044577 s
currentSize : 22 <-- 0.045933 s
currentSize : 24 <-- 0.055958 s
currentSize : 26 <-- 0.080780 s
currentSize : 28 <-- 0.117114 s
currentSize : 30 <-- 0.773576 s

maxsize : 30
nodes : 65587.000000
filtered : 5168538.000000
CCGP filtered : 43950.000000
CCGT filtered : 1474.000000
time : 0.984674
