Parameters: GAD=1 vflib=1 dir=0 label=0 lowerbound=1 fileNameGp=../graphsdb/mcs90/rand/r005/mcs90_r005_s25.A20 fileNameGt=../graphsdb/mcs90/rand/r005/mcs90_r005_s25.B20
Reading graphs...
25 :  29
25 :  29
Initializing...
maxdom : 25
D->valSize : 625
Solving...
currentSize : 5 <-- 0.005422 s
currentSize : 6 <-- 0.005490 s
currentSize : 7 <-- 0.005556 s
currentSize : 14 <-- 0.005666 s
currentSize : 15 <-- 0.007886 s
currentSize : 17 <-- 0.008335 s
currentSize : 18 <-- 0.008379 s
currentSize : 19 <-- 0.008435 s
currentSize : 20 <-- 0.008532 s
currentSize : 21 <-- 0.013274 s
currentSize : 22 <-- 0.013303 s

maxsize : 22
nodes : 1375.000000
filtered : 37958.000000
CCGP filtered : 69259.000000
CCGT filtered : 34640.000000
time : 0.018795
