Parameters: GAD=1 vflib=1 dir=0 label=0 lowerbound=1 fileNameGp=../graphsdb/mcs90/bvg/b03/mcs90_b03_s30.A45 fileNameGt=../graphsdb/mcs90/bvg/b03/mcs90_b03_s30.B45
Reading graphs...
30 :  45
30 :  45
Initializing...
maxdom : 30
D->valSize : 900
Solving...
currentSize : 18 <-- 0.019452 s
currentSize : 19 <-- 0.019589 s
currentSize : 20 <-- 0.019713 s
currentSize : 21 <-- 0.020364 s
currentSize : 22 <-- 0.028237 s
currentSize : 23 <-- 0.043583 s
currentSize : 24 <-- 0.044971 s
currentSize : 26 <-- 0.048381 s
currentSize : 27 <-- 0.060563 s

maxsize : 27
nodes : 13209.000000
filtered : 394414.000000
CCGP filtered : 93511.000000
CCGT filtered : 15737.000000
time : 0.149240
