Parameters: GAD=1 vflib=1 dir=0 label=0 lowerbound=1 fileNameGp=../graphsdb/mcs90/rand/r02/mcs90_r02_s25.A21 fileNameGt=../graphsdb/mcs90/rand/r02/mcs90_r02_s25.B21
Reading graphs...
25 :  109
25 :  105
Initializing...
maxdom : 25
D->valSize : 625
Solving...
currentSize : 7 <-- 0.007874 s
currentSize : 8 <-- 0.007976 s
currentSize : 9 <-- 0.008172 s
currentSize : 10 <-- 0.008491 s
currentSize : 11 <-- 0.011638 s
currentSize : 12 <-- 0.083753 s
currentSize : 13 <-- 2.207831 s
currentSize : 14 <-- 4.188411 s
currentSize : 16 <-- 4.189229 s
currentSize : 17 <-- 4.267488 s
currentSize : 22 <-- 4.267958 s

maxsize : 22
nodes : 524477.000000
filtered : 5911550.000000
CCGP filtered : 74263.000000
CCGT filtered : 75902.000000
time : 4.280959
