Parameters: GAD=1 vflib=1 dir=0 label=0 lowerbound=1 fileNameGp=../graphsdb/mcs90/bvg/b06m/mcs90_b06m_s25.A49 fileNameGt=../graphsdb/mcs90/bvg/b06m/mcs90_b06m_s25.B49
Reading graphs...
25 :  75
25 :  74
Initializing...
maxdom : 25
D->valSize : 625
Solving...
currentSize : 10 <-- 0.004851 s
currentSize : 11 <-- 0.004902 s
currentSize : 12 <-- 0.005338 s
currentSize : 13 <-- 0.014638 s
currentSize : 14 <-- 0.043839 s
currentSize : 15 <-- 0.925026 s
currentSize : 16 <-- 1.627090 s
currentSize : 17 <-- 2.485898 s
currentSize : 20 <-- 2.506938 s
currentSize : 22 <-- 2.507086 s

maxsize : 22
nodes : 313008.000000
filtered : 5427269.000000
CCGP filtered : 346546.000000
CCGT filtered : 214227.000000
time : 2.517257
