Parameters: GAD=1 vflib=1 dir=0 label=0 lowerbound=1 fileNameGp=../graphsdb/mcs90/m3D/m3D/mcs90_m3D_s30.A95 fileNameGt=../graphsdb/mcs90/m3D/m3D/mcs90_m3D_s30.B95
Reading graphs...
30 :  60
30 :  61
Initializing...
maxdom : 30
D->valSize : 900
Solving...
currentSize : 15 <-- 0.010786 s
currentSize : 16 <-- 0.011327 s
currentSize : 17 <-- 0.012733 s
currentSize : 18 <-- 0.015118 s
currentSize : 19 <-- 0.017141 s
currentSize : 20 <-- 0.144968 s
currentSize : 21 <-- 0.901069 s
currentSize : 24 <-- 1.977038 s
currentSize : 25 <-- 2.096269 s
currentSize : 27 <-- 2.114102 s
currentSize : 28 <-- 2.136519 s

maxsize : 28
nodes : 256314.000000
filtered : 4840091.000000
CCGP filtered : 309861.000000
CCGT filtered : 140300.000000
time : 2.148321
