Parameters: GAD=1 vflib=1 dir=0 label=0 lowerbound=1 fileNameGp=../graphsdb/mcs90/bvg/b03m/mcs90_b03m_s35.A14 fileNameGt=../graphsdb/mcs90/bvg/b03m/mcs90_b03m_s35.B14
Reading graphs...
35 :  51
35 :  51
Initializing...
maxdom : 35
D->valSize : 1225
Solving...
currentSize : 11 <-- 0.021294 s
currentSize : 12 <-- 0.021410 s
currentSize : 18 <-- 0.021522 s
currentSize : 20 <-- 0.021576 s
currentSize : 21 <-- 0.021592 s
currentSize : 22 <-- 0.022089 s
currentSize : 23 <-- 0.023062 s
currentSize : 24 <-- 0.084358 s
currentSize : 25 <-- 1.435888 s
currentSize : 26 <-- 2.863614 s
currentSize : 27 <-- 3.957359 s
currentSize : 28 <-- 3.958354 s
currentSize : 29 <-- 3.960251 s
currentSize : 30 <-- 3.965597 s
currentSize : 31 <-- 3.965749 s

maxsize : 31
nodes : 379555.000000
filtered : 8568068.000000
CCGP filtered : 12608816.000000
CCGT filtered : 5121523.000000
time : 4.117193
