Parameters: GAD=1 vflib=1 dir=0 label=0 lowerbound=1 fileNameGp=../graphsdb/mcs90/rand/r005/mcs90_r005_s35.A84 fileNameGt=../graphsdb/mcs90/rand/r005/mcs90_r005_s35.B84
Reading graphs...
35 :  57
35 :  58
Initializing...
maxdom : 35
D->valSize : 1225
Solving...
currentSize : 17 <-- 0.036556 s
currentSize : 18 <-- 0.038584 s
currentSize : 19 <-- 0.039066 s
currentSize : 20 <-- 0.133773 s
currentSize : 21 <-- 0.142996 s
currentSize : 22 <-- 0.503078 s
currentSize : 23 <-- 2.201878 s
currentSize : 24 <-- 5.413624 s
currentSize : 26 <-- 5.505902 s
currentSize : 27 <-- 6.983727 s
currentSize : 28 <-- 7.414562 s
currentSize : 29 <-- 7.612908 s
currentSize : 30 <-- 7.612988 s
currentSize : 31 <-- 7.728312 s

maxsize : 31
nodes : 701435.000000
filtered : 18392448.000000
CCGP filtered : 10215048.000000
CCGT filtered : 5657816.000000
time : 7.756501
