Parameters: GAD=1 vflib=1 dir=0 label=0 lowerbound=1 fileNameGp=../graphsdb/mcs90/bvg/b09m/mcs90_b09m_s35.A25 fileNameGt=../graphsdb/mcs90/bvg/b09m/mcs90_b09m_s35.B25
Reading graphs...
35 :  154
35 :  153
Initializing...
maxdom : 35
D->valSize : 1225
Solving...
currentSize : 12 <-- 0.018135 s
currentSize : 13 <-- 0.018464 s
currentSize : 14 <-- 0.018548 s
currentSize : 15 <-- 0.020148 s
currentSize : 16 <-- 7.345012 s
currentSize : 17 <-- 109.948128 s
currentSize : 18 <-- 163.129578 s
currentSize : 19 <-- 165.625015 s
currentSize : 21 <-- 165.625122 s
currentSize : 22 <-- 252.513275 s
currentSize : 30 <-- 268.982513 s

maxsize : 30
nodes : 23132679.000000
filtered : 502393096.000000
CCGP filtered : 3549427.000000
CCGT filtered : 4856830.000000
time : 269.207336
