Parameters: GAD=1 vflib=1 dir=0 label=0 lowerbound=1 fileNameGp=../graphsdb/mcs90/rand/r01/mcs90_r01_s25.A81 fileNameGt=../graphsdb/mcs90/rand/r01/mcs90_r01_s25.B81
Reading graphs...
25 :  57
25 :  57
Initializing...
maxdom : 25
D->valSize : 625
Solving...
currentSize : 11 <-- 0.004983 s
currentSize : 12 <-- 0.005001 s
currentSize : 13 <-- 0.005385 s
currentSize : 14 <-- 0.027445 s
currentSize : 15 <-- 0.173476 s
currentSize : 17 <-- 0.327620 s
currentSize : 18 <-- 0.817659 s
currentSize : 19 <-- 0.819998 s
currentSize : 22 <-- 0.862594 s

maxsize : 22
nodes : 106533.000000
filtered : 2104395.000000
CCGP filtered : 190747.000000
CCGT filtered : 202373.000000
time : 0.876367
