Parameters: GAD=1 vflib=1 dir=0 label=0 lowerbound=1 fileNameGp=../graphsdb/mcs90/bvg/b09m/mcs90_b09m_s35.A91 fileNameGt=../graphsdb/mcs90/bvg/b09m/mcs90_b09m_s35.B91
Reading graphs...
35 :  149
35 :  151
Initializing...
maxdom : 35
D->valSize : 1225
Solving...
currentSize : 13 <-- 0.019035 s
currentSize : 14 <-- 0.019184 s
currentSize : 15 <-- 0.025943 s
currentSize : 16 <-- 1.513887 s
currentSize : 17 <-- 1.514012 s
currentSize : 18 <-- 1.514594 s
currentSize : 20 <-- 1.520080 s
currentSize : 28 <-- 1.840686 s
currentSize : 30 <-- 1.841117 s

maxsize : 30
nodes : 182797.000000
filtered : 4431161.000000
CCGP filtered : 71875.000000
CCGT filtered : 87326.000000
time : 2.163002
