Parameters: GAD=1 vflib=1 dir=0 label=0 lowerbound=1 fileNameGp=../graphsdb/mcs90/bvg/b06m/mcs90_b06m_s35.A84 fileNameGt=../graphsdb/mcs90/bvg/b06m/mcs90_b06m_s35.B84
Reading graphs...
35 :  101
35 :  101
Initializing...
maxdom : 35
D->valSize : 1225
Solving...
currentSize : 15 <-- 0.033752 s
currentSize : 16 <-- 0.033954 s
currentSize : 17 <-- 0.037358 s
currentSize : 18 <-- 0.044472 s
currentSize : 19 <-- 1.024018 s
currentSize : 20 <-- 18.863796 s
currentSize : 21 <-- 19.080812 s
currentSize : 22 <-- 24.681704 s
currentSize : 23 <-- 38.399742 s
currentSize : 24 <-- 39.663300 s
currentSize : 25 <-- 39.666546 s
currentSize : 27 <-- 41.789848 s
currentSize : 31 <-- 41.973385 s

maxsize : 31
nodes : 3795291.000000
filtered : 100090328.000000
CCGP filtered : 8447392.000000
CCGT filtered : 7260518.000000
time : 42.079754
