Parameters: GAD=1 vflib=1 dir=0 label=0 lowerbound=1 fileNameGp=../graphsdb/mcs90/bvg/b09m/mcs90_b09m_s35.A63 fileNameGt=../graphsdb/mcs90/bvg/b09m/mcs90_b09m_s35.B63
Reading graphs...
35 :  155
35 :  155
Initializing...
maxdom : 35
D->valSize : 1225
Solving...
currentSize : 11 <-- 0.018068 s
currentSize : 12 <-- 0.018153 s
currentSize : 13 <-- 0.019168 s
currentSize : 14 <-- 0.021979 s
currentSize : 15 <-- 0.043654 s
currentSize : 16 <-- 2.628415 s
currentSize : 17 <-- 3.967490 s
currentSize : 20 <-- 4.090237 s
currentSize : 23 <-- 4.940419 s
currentSize : 26 <-- 5.153820 s
currentSize : 30 <-- 5.154111 s

maxsize : 30
nodes : 481990.000000
filtered : 9705579.000000
CCGP filtered : 165198.000000
CCGT filtered : 248651.000000
time : 5.474025
