Parameters: GAD=1 vflib=1 dir=0 label=0 lowerbound=1 fileNameGp=../graphsdb/mcs90/m2D/m2Dr4/mcs90_m2Dr4_s30.A94 fileNameGt=../graphsdb/mcs90/m2D/m2Dr4/mcs90_m2Dr4_s30.B94
Reading graphs...
30 :  61
30 :  60
Initializing...
maxdom : 30
D->valSize : 900
Solving...
currentSize : 12 <-- 0.018687 s
currentSize : 14 <-- 0.018801 s
currentSize : 16 <-- 0.019180 s
currentSize : 17 <-- 0.021314 s
currentSize : 18 <-- 0.026682 s
currentSize : 19 <-- 0.173189 s
currentSize : 20 <-- 6.947609 s
currentSize : 21 <-- 7.519529 s
currentSize : 24 <-- 7.920318 s
currentSize : 25 <-- 8.023113 s

maxsize : 25
nodes : 952230.000000
filtered : 19294395.000000
CCGP filtered : 5201256.000000
CCGT filtered : 2093266.000000
time : 8.361892
