Parameters: GAD=1 vflib=1 dir=0 label=0 lowerbound=1 fileNameGp=../graphsdb/mcs90/bvg/b03m/mcs90_b03m_s25.A31 fileNameGt=../graphsdb/mcs90/bvg/b03m/mcs90_b03m_s25.B31
Reading graphs...
25 :  37
25 :  37
Initializing...
maxdom : 25
D->valSize : 625
Solving...
currentSize : 9 <-- 0.005363 s
currentSize : 10 <-- 0.005440 s
currentSize : 12 <-- 0.005458 s
currentSize : 13 <-- 0.005604 s
currentSize : 14 <-- 0.006189 s
currentSize : 15 <-- 0.006275 s
currentSize : 16 <-- 0.011148 s
currentSize : 17 <-- 0.016134 s
currentSize : 18 <-- 0.025842 s
currentSize : 19 <-- 0.025869 s
currentSize : 20 <-- 0.077975 s
currentSize : 21 <-- 0.082140 s
currentSize : 22 <-- 0.082155 s

maxsize : 22
nodes : 10800.000000
filtered : 226245.000000
CCGP filtered : 160017.000000
CCGT filtered : 138840.000000
time : 0.098703
