Parameters: GAD=1 vflib=1 dir=0 label=0 lowerbound=1 fileNameGp=../graphsdb/mcs90/rand/r005/mcs90_r005_s30.A57 fileNameGt=../graphsdb/mcs90/rand/r005/mcs90_r005_s30.B57
Reading graphs...
30 :  42
30 :  41
Initializing...
maxdom : 30
D->valSize : 900
Solving...
currentSize : 9 <-- 0.011502 s
currentSize : 11 <-- 0.011539 s
currentSize : 13 <-- 0.011594 s
currentSize : 16 <-- 0.012124 s
currentSize : 17 <-- 0.012241 s
currentSize : 18 <-- 0.012497 s
currentSize : 19 <-- 0.029567 s
currentSize : 20 <-- 0.037110 s
currentSize : 21 <-- 0.038324 s
currentSize : 22 <-- 0.233443 s
currentSize : 23 <-- 0.440848 s
currentSize : 24 <-- 0.440861 s
currentSize : 25 <-- 0.440927 s
currentSize : 27 <-- 0.441091 s

maxsize : 27
nodes : 47343.000000
filtered : 931137.000000
CCGP filtered : 880454.000000
CCGT filtered : 433781.000000
time : 0.450899
