Parameters: GAD=1 vflib=1 dir=0 label=0 lowerbound=1 fileNameGp=../graphsdb/mcs90/rand/r01/mcs90_r01_s15.A62 fileNameGt=../graphsdb/mcs90/rand/r01/mcs90_r01_s15.B62
Reading graphs...
15 :  20
15 :  20
Initializing...
maxdom : 15
D->valSize : 225
Solving...
currentSize : 5 <-- 0.000898 s
currentSize : 6 <-- 0.000917 s
currentSize : 7 <-- 0.000953 s
currentSize : 8 <-- 0.000986 s
currentSize : 9 <-- 0.001094 s
currentSize : 10 <-- 0.001139 s
currentSize : 11 <-- 0.004694 s
currentSize : 12 <-- 0.005771 s
currentSize : 13 <-- 0.005881 s

maxsize : 13
nodes : 1214.000000
filtered : 12386.000000
CCGP filtered : 3932.000000
CCGT filtered : 2040.000000
time : 0.006594
