Parameters: GAD=1 vflib=1 dir=0 label=0 lowerbound=1 fileNameGp=../graphsdb/mcs90/m2D/m2Dr6/mcs90_m2Dr6_s30.A75 fileNameGt=../graphsdb/mcs90/m2D/m2Dr6/mcs90_m2Dr6_s30.B75
Reading graphs...
30 :  66
30 :  65
Initializing...
maxdom : 30
D->valSize : 900
Solving...
currentSize : 6 <-- 0.010705 s
currentSize : 15 <-- 0.010805 s
currentSize : 16 <-- 0.010910 s
currentSize : 17 <-- 0.012243 s
currentSize : 18 <-- 0.015524 s
currentSize : 19 <-- 0.202939 s
currentSize : 20 <-- 0.486980 s
currentSize : 21 <-- 0.709489 s
currentSize : 22 <-- 0.709595 s
currentSize : 23 <-- 0.824241 s
currentSize : 24 <-- 0.826627 s
currentSize : 26 <-- 0.827133 s

maxsize : 26
nodes : 97585.000000
filtered : 2276958.000000
CCGP filtered : 446978.000000
CCGT filtered : 343680.000000
time : 0.892461
