Parameters: GAD=1 vflib=1 dir=0 label=0 lowerbound=1 fileNameGp=../graphsdb/mcs90/rand/r02/mcs90_r02_s30.A87 fileNameGt=../graphsdb/mcs90/rand/r02/mcs90_r02_s30.B87
Reading graphs...
30 :  152
30 :  153
Initializing...
maxdom : 30
D->valSize : 900
Solving...
currentSize : 8 <-- 0.016119 s
currentSize : 9 <-- 0.016179 s
currentSize : 10 <-- 0.016409 s
currentSize : 11 <-- 0.017413 s
currentSize : 12 <-- 0.025047 s
currentSize : 13 <-- 0.036727 s
currentSize : 14 <-- 0.534685 s
currentSize : 15 <-- 0.715476 s
currentSize : 16 <-- 0.800518 s
currentSize : 18 <-- 0.886390 s
currentSize : 21 <-- 0.886483 s
currentSize : 22 <-- 1.839732 s
currentSize : 27 <-- 1.846248 s

maxsize : 27
nodes : 165691.000000
filtered : 4081881.000000
CCGP filtered : 10439.000000
CCGT filtered : 9552.000000
time : 1.865298
