Parameters: GAD=1 vflib=1 dir=0 label=0 lowerbound=1 fileNameGp=../graphsdb/mcs90/rand/r02/mcs90_r02_s25.A96 fileNameGt=../graphsdb/mcs90/rand/r02/mcs90_r02_s25.B96
Reading graphs...
25 :  112
25 :  112
Initializing...
maxdom : 25
D->valSize : 625
Solving...
currentSize : 8 <-- 0.004516 s
currentSize : 9 <-- 0.004537 s
currentSize : 10 <-- 0.005055 s
currentSize : 11 <-- 0.032767 s
currentSize : 12 <-- 0.154167 s
currentSize : 13 <-- 1.610871 s
currentSize : 14 <-- 2.776757 s
currentSize : 15 <-- 3.309818 s
currentSize : 16 <-- 5.573570 s
currentSize : 22 <-- 5.573687 s

maxsize : 22
nodes : 648620.000000
filtered : 9196103.000000
CCGP filtered : 15764.000000
CCGT filtered : 23288.000000
time : 5.581669
