Parameters: GAD=1 vflib=1 dir=0 label=0 lowerbound=1 fileNameGp=../graphsdb/mcs90/bvg/b06/mcs90_b06_s30.A21 fileNameGt=../graphsdb/mcs90/bvg/b06/mcs90_b06_s30.B21
Reading graphs...
30 :  90
30 :  90
Initializing...
maxdom : 30
D->valSize : 900
Solving...
currentSize : 14 <-- 0.017753 s
currentSize : 15 <-- 0.017856 s
currentSize : 16 <-- 0.018096 s
currentSize : 17 <-- 0.018229 s
currentSize : 18 <-- 0.018575 s
currentSize : 19 <-- 0.018879 s
currentSize : 20 <-- 0.029282 s
currentSize : 21 <-- 0.077389 s
currentSize : 22 <-- 0.086530 s
currentSize : 23 <-- 0.183715 s
currentSize : 24 <-- 0.875501 s
currentSize : 25 <-- 0.962524 s
currentSize : 27 <-- 0.995429 s

maxsize : 27
nodes : 106252.000000
filtered : 2943857.000000
CCGP filtered : 103580.000000
CCGT filtered : 40950.000000
time : 1.038271
