Parameters: GAD=1 vflib=1 dir=0 label=0 lowerbound=1 fileNameGp=../graphsdb/mcs90/rand/r01/mcs90_r01_s20.A62 fileNameGt=../graphsdb/mcs90/rand/r01/mcs90_r01_s20.B62
Reading graphs...
20 :  36
20 :  37
Initializing...
maxdom : 20
D->valSize : 400
Solving...
currentSize : 7 <-- 0.002219 s
currentSize : 8 <-- 0.002244 s
currentSize : 10 <-- 0.002361 s
currentSize : 11 <-- 0.010079 s
currentSize : 13 <-- 0.010160 s
currentSize : 14 <-- 0.020228 s
currentSize : 15 <-- 0.029617 s
currentSize : 16 <-- 0.029757 s
currentSize : 18 <-- 0.032705 s

maxsize : 18
nodes : 4138.000000
filtered : 60827.000000
CCGP filtered : 19818.000000
CCGT filtered : 11756.000000
time : 0.034400
