Parameters: GAD=1 vflib=1 dir=0 label=0 lowerbound=1 fileNameGp=../graphsdb/mcs90/bvg/b09m/mcs90_b09m_s30.A19 fileNameGt=../graphsdb/mcs90/bvg/b09m/mcs90_b09m_s30.B19
Reading graphs...
30 :  126
30 :  127
Initializing...
maxdom : 30
D->valSize : 900
Solving...
currentSize : 11 <-- 0.016622 s
currentSize : 12 <-- 0.016836 s
currentSize : 13 <-- 0.021635 s
currentSize : 14 <-- 0.088753 s
currentSize : 15 <-- 0.274819 s
currentSize : 16 <-- 2.064821 s
currentSize : 17 <-- 8.046606 s
currentSize : 20 <-- 8.152189 s
currentSize : 21 <-- 10.380747 s
currentSize : 26 <-- 10.411726 s

maxsize : 26
nodes : 1022041.000000
filtered : 21617008.000000
CCGP filtered : 262237.000000
CCGT filtered : 104917.000000
time : 10.510029
