Parameters: GAD=1 vflib=1 dir=0 label=0 lowerbound=1 fileNameGp=../graphsdb/mcs90/rand/r005/mcs90_r005_s30.A45 fileNameGt=../graphsdb/mcs90/rand/r005/mcs90_r005_s30.B45
Reading graphs...
30 :  41
30 :  41
Initializing...
maxdom : 30
D->valSize : 900
Solving...
currentSize : 15 <-- 0.011156 s
currentSize : 16 <-- 0.011347 s
currentSize : 17 <-- 0.011556 s
currentSize : 19 <-- 0.012162 s
currentSize : 20 <-- 0.038897 s
currentSize : 21 <-- 0.381549 s
currentSize : 22 <-- 0.962208 s
currentSize : 23 <-- 0.999385 s
currentSize : 24 <-- 1.107933 s
currentSize : 25 <-- 1.109240 s
currentSize : 26 <-- 1.113972 s
currentSize : 27 <-- 1.114237 s

maxsize : 27
nodes : 115337.000000
filtered : 2058520.000000
CCGP filtered : 1984100.000000
CCGT filtered : 1576533.000000
time : 1.128807
