Parameters: GAD=1 vflib=1 dir=0 label=0 lowerbound=1 fileNameGp=../graphsdb/mcs90/bvg/b03m/mcs90_b03m_s30.A39 fileNameGt=../graphsdb/mcs90/bvg/b03m/mcs90_b03m_s30.B39
Reading graphs...
30 :  45
30 :  45
Initializing...
maxdom : 30
D->valSize : 900
Solving...
currentSize : 11 <-- 0.011213 s
currentSize : 13 <-- 0.011254 s
currentSize : 14 <-- 0.011305 s
currentSize : 16 <-- 0.011407 s
currentSize : 18 <-- 0.011809 s
currentSize : 19 <-- 0.013556 s
currentSize : 20 <-- 0.039411 s
currentSize : 21 <-- 0.041697 s
currentSize : 22 <-- 1.179497 s
currentSize : 23 <-- 2.677570 s
currentSize : 24 <-- 2.704177 s
currentSize : 25 <-- 3.354357 s
currentSize : 27 <-- 3.355781 s

maxsize : 27
nodes : 387501.000000
filtered : 8945726.000000
CCGP filtered : 6106872.000000
CCGT filtered : 1530370.000000
time : 3.380328
