Parameters: GAD=1 vflib=1 dir=0 label=0 lowerbound=1 fileNameGp=../graphsdb/mcs90/m3D/m3Dr4/mcs90_m3Dr4_s30.A91 fileNameGt=../graphsdb/mcs90/m3D/m3Dr4/mcs90_m3Dr4_s30.B91
Reading graphs...
30 :  72
30 :  72
Initializing...
maxdom : 30
D->valSize : 900
Solving...
currentSize : 14 <-- 0.010347 s
currentSize : 15 <-- 0.010440 s
currentSize : 16 <-- 0.010706 s
currentSize : 17 <-- 0.020551 s
currentSize : 18 <-- 0.062160 s
currentSize : 19 <-- 0.135907 s
currentSize : 20 <-- 2.011919 s
currentSize : 21 <-- 2.303234 s
currentSize : 22 <-- 3.423608 s
currentSize : 23 <-- 3.424249 s
currentSize : 24 <-- 3.685797 s
currentSize : 27 <-- 3.686816 s

maxsize : 27
nodes : 423689.000000
filtered : 9717655.000000
CCGP filtered : 455945.000000
CCGT filtered : 230140.000000
time : 3.715166
