Parameters: GAD=1 vflib=1 dir=0 label=0 lowerbound=1 fileNameGp=../graphsdb/mcs90/m2D/m2D/mcs90_m2D_s30.A25 fileNameGt=../graphsdb/mcs90/m2D/m2D/mcs90_m2D_s30.B25
Reading graphs...
30 :  49
30 :  49
Initializing...
maxdom : 30
D->valSize : 900
Solving...
currentSize : 17 <-- 0.019313 s
currentSize : 18 <-- 0.019373 s
currentSize : 19 <-- 0.019751 s
currentSize : 20 <-- 0.021750 s
currentSize : 21 <-- 0.030782 s
currentSize : 22 <-- 0.309455 s
currentSize : 23 <-- 0.479944 s
currentSize : 24 <-- 0.802820 s
currentSize : 25 <-- 0.874690 s
currentSize : 26 <-- 1.061593 s

maxsize : 26
nodes : 122556.000000
filtered : 3455411.000000
CCGP filtered : 1253953.000000
CCGT filtered : 275019.000000
time : 1.244586
