Parameters: GAD=1 vflib=1 dir=0 label=0 lowerbound=1 fileNameGp=../graphsdb/mcs90/bvg/b09/mcs90_b09_s30.A47 fileNameGt=../graphsdb/mcs90/bvg/b09/mcs90_b09_s30.B47
Reading graphs...
30 :  135
30 :  134
Initializing...
maxdom : 30
D->valSize : 900
Solving...
currentSize : 10 <-- 0.009915 s
currentSize : 11 <-- 0.010147 s
currentSize : 12 <-- 0.010823 s
currentSize : 13 <-- 0.011761 s
currentSize : 14 <-- 0.033487 s
currentSize : 15 <-- 0.040507 s
currentSize : 16 <-- 0.078300 s
currentSize : 18 <-- 0.078800 s
currentSize : 26 <-- 0.110277 s

maxsize : 26
nodes : 29603.000000
filtered : 1300364.000000
CCGP filtered : 899.000000
CCGT filtered : 5347.000000
time : 0.330368
