Parameters: GAD=1 vflib=1 dir=0 label=0 lowerbound=1 fileNameGp=../graphsdb/mcs90/bvg/b09/mcs90_b09_s30.A78 fileNameGt=../graphsdb/mcs90/bvg/b09/mcs90_b09_s30.B78
Reading graphs...
30 :  134
30 :  134
Initializing...
maxdom : 30
D->valSize : 900
Solving...
currentSize : 11 <-- 0.009440 s
currentSize : 12 <-- 0.009558 s
currentSize : 13 <-- 0.013479 s
currentSize : 15 <-- 0.019032 s
currentSize : 16 <-- 0.078616 s
currentSize : 18 <-- 0.094588 s
currentSize : 20 <-- 0.094807 s
currentSize : 22 <-- 0.095170 s
currentSize : 26 <-- 0.095825 s

maxsize : 26
nodes : 31193.000000
filtered : 1335338.000000
CCGP filtered : 1537.000000
CCGT filtered : 1543.000000
time : 0.341543
