Parameters: GAD=1 vflib=1 dir=0 label=0 lowerbound=1 fileNameGp=../graphsdb/mcs90/m4D/m4Dr2/mcs90_m4Dr2_s20.A20 fileNameGt=../graphsdb/mcs90/m4D/m4Dr2/mcs90_m4Dr2_s20.B20
Reading graphs...
20 :  41
20 :  41
Initializing...
maxdom : 20
D->valSize : 400
Solving...
currentSize : 5 <-- 0.002171 s
currentSize : 6 <-- 0.002219 s
currentSize : 7 <-- 0.002265 s
currentSize : 8 <-- 0.002286 s
currentSize : 9 <-- 0.002352 s
currentSize : 10 <-- 0.002544 s
currentSize : 11 <-- 0.002554 s
currentSize : 12 <-- 0.002620 s
currentSize : 13 <-- 0.002900 s
currentSize : 14 <-- 0.015882 s
currentSize : 16 <-- 0.015963 s

maxsize : 16
nodes : 4634.000000
filtered : 121647.000000
CCGP filtered : 81103.000000
CCGT filtered : 19123.000000
time : 0.037766
