Parameters: GAD=1 vflib=1 dir=0 label=0 lowerbound=1 fileNameGp=../graphsdb/mcs90/bvg/b09/mcs90_b09_s20.A32 fileNameGt=../graphsdb/mcs90/bvg/b09/mcs90_b09_s20.B32
Reading graphs...
20 :  90
20 :  89
Initializing...
maxdom : 20
D->valSize : 400
Solving...
currentSize : 6 <-- 0.001955 s
currentSize : 7 <-- 0.001976 s
currentSize : 8 <-- 0.002160 s
currentSize : 9 <-- 0.004612 s
currentSize : 10 <-- 0.004998 s
currentSize : 11 <-- 0.005216 s
currentSize : 12 <-- 0.005909 s
currentSize : 16 <-- 0.008508 s
currentSize : 18 <-- 0.008718 s

maxsize : 18
nodes : 1663.000000
filtered : 60311.000000
CCGP filtered : 11.000000
CCGT filtered : 3.000000
time : 0.015120
