Parameters: GAD=1 vflib=1 dir=0 label=0 lowerbound=1 fileNameGp=../graphsdb/mcs90/bvg/b06m/mcs90_b06m_s35.A52 fileNameGt=../graphsdb/mcs90/bvg/b06m/mcs90_b06m_s35.B52
Reading graphs...
35 :  103
35 :  103
Initializing...
maxdom : 35
D->valSize : 1225
Solving...
currentSize : 14 <-- 0.033407 s
currentSize : 15 <-- 0.033510 s
currentSize : 16 <-- 0.034455 s
currentSize : 17 <-- 0.076835 s
currentSize : 18 <-- 0.088387 s
currentSize : 19 <-- 0.680909 s
currentSize : 20 <-- 7.230266 s
currentSize : 21 <-- 174.761093 s
currentSize : 22 <-- 175.809464 s
currentSize : 24 <-- 183.735626 s
currentSize : 26 <-- 189.944885 s
currentSize : 31 <-- 190.021866 s

maxsize : 31
nodes : 17977612.000000
filtered : 450465533.000000
CCGP filtered : 60425191.000000
CCGT filtered : 21550371.000000
time : 190.125443
