Parameters: GAD=1 vflib=1 dir=0 label=0 lowerbound=1 fileNameGp=../graphsdb/mcs90/rand/r005/mcs90_r005_s25.A58 fileNameGt=../graphsdb/mcs90/rand/r005/mcs90_r005_s25.B58
Reading graphs...
25 :  29
25 :  29
Initializing...
maxdom : 25
D->valSize : 625
Solving...
currentSize : 8 <-- 0.005432 s
currentSize : 12 <-- 0.005591 s
currentSize : 15 <-- 0.005614 s
currentSize : 16 <-- 0.006113 s
currentSize : 17 <-- 0.006574 s
currentSize : 18 <-- 0.010378 s
currentSize : 19 <-- 0.056530 s
currentSize : 21 <-- 0.056568 s
currentSize : 22 <-- 0.056749 s
currentSize : 23 <-- 0.058922 s

maxsize : 23
nodes : 7327.000000
filtered : 120986.000000
CCGP filtered : 158051.000000
CCGT filtered : 67243.000000
time : 0.060641
