Parameters: GAD=1 vflib=1 dir=0 label=0 lowerbound=1 fileNameGp=../graphsdb/mcs90/m3D/m3Dr2/mcs90_m3Dr2_s30.A29 fileNameGt=../graphsdb/mcs90/m3D/m3Dr2/mcs90_m3Dr2_s30.B29
Reading graphs...
30 :  67
30 :  66
Initializing...
maxdom : 30
D->valSize : 900
Solving...
currentSize : 17 <-- 0.010680 s
currentSize : 18 <-- 0.010922 s
currentSize : 19 <-- 0.013598 s
currentSize : 20 <-- 2.070837 s
currentSize : 21 <-- 13.949111 s
currentSize : 22 <-- 13.950110 s
currentSize : 23 <-- 13.960338 s
currentSize : 24 <-- 13.962469 s
currentSize : 27 <-- 13.962659 s

maxsize : 27
nodes : 1642626.000000
filtered : 30240486.000000
CCGP filtered : 1049416.000000
CCGT filtered : 974752.000000
time : 14.041577
