Parameters: GAD=1 vflib=1 dir=0 label=0 lowerbound=1 fileNameGp=../graphsdb/mcs90/m2D/m2D/mcs90_m2D_s30.A00 fileNameGt=../graphsdb/mcs90/m2D/m2D/mcs90_m2D_s30.B00
Reading graphs...
30 :  49
30 :  49
Initializing...
maxdom : 30
D->valSize : 900
Solving...
currentSize : 17 <-- 0.011032 s
currentSize : 18 <-- 0.011103 s
currentSize : 19 <-- 0.014528 s
currentSize : 20 <-- 0.030007 s
currentSize : 21 <-- 0.056282 s
currentSize : 22 <-- 0.416102 s
currentSize : 23 <-- 2.226696 s
currentSize : 25 <-- 2.243754 s
currentSize : 26 <-- 2.787619 s

maxsize : 26
nodes : 324476.000000
filtered : 6601101.000000
CCGP filtered : 3233808.000000
CCGT filtered : 989882.000000
time : 2.854319
