Parameters: GAD=1 vflib=1 dir=0 label=0 lowerbound=1 fileNameGp=../graphsdb/mcs90/rand/r02/mcs90_r02_s30.A48 fileNameGt=../graphsdb/mcs90/rand/r02/mcs90_r02_s30.B48
Reading graphs...
30 :  159
30 :  159
Initializing...
maxdom : 30
D->valSize : 900
Solving...
currentSize : 9 <-- 0.009247 s
currentSize : 10 <-- 0.009825 s
currentSize : 11 <-- 0.010314 s
currentSize : 12 <-- 0.015779 s
currentSize : 13 <-- 0.030492 s
currentSize : 14 <-- 0.051698 s
currentSize : 17 <-- 0.645713 s
currentSize : 18 <-- 0.802162 s
currentSize : 19 <-- 0.953436 s
currentSize : 27 <-- 0.954155 s

maxsize : 27
nodes : 90337.000000
filtered : 1139327.000000
CCGP filtered : 903.000000
CCGT filtered : 2616.000000
time : 0.975182
