Parameters: GAD=1 vflib=1 dir=0 label=0 lowerbound=1 fileNameGp=../graphsdb/mcs90/rand/r005/mcs90_r005_s35.A56 fileNameGt=../graphsdb/mcs90/rand/r005/mcs90_r005_s35.B56
Reading graphs...
35 :  56
35 :  56
Initializing...
maxdom : 35
D->valSize : 1225
Solving...
currentSize : 16 <-- 0.020982 s
currentSize : 17 <-- 0.021042 s
currentSize : 19 <-- 0.021567 s
currentSize : 20 <-- 0.027161 s
currentSize : 21 <-- 0.036960 s
currentSize : 22 <-- 0.092262 s
currentSize : 23 <-- 0.159591 s
currentSize : 24 <-- 0.180957 s
currentSize : 26 <-- 0.244442 s
currentSize : 27 <-- 7.271334 s
currentSize : 28 <-- 7.774778 s
currentSize : 29 <-- 8.133962 s
currentSize : 31 <-- 8.135972 s

maxsize : 31
nodes : 689226.000000
filtered : 24279244.000000
CCGP filtered : 7928647.000000
CCGT filtered : 6034147.000000
time : 8.246337
