Parameters: GAD=1 vflib=1 dir=0 label=0 lowerbound=1 fileNameGp=../graphsdb/mcs90/rand/r02/mcs90_r02_s20.A75 fileNameGt=../graphsdb/mcs90/rand/r02/mcs90_r02_s20.B75
Reading graphs...
20 :  68
20 :  67
Initializing...
maxdom : 20
D->valSize : 400
Solving...
currentSize : 7 <-- 0.002051 s
currentSize : 8 <-- 0.002090 s
currentSize : 9 <-- 0.002303 s
currentSize : 10 <-- 0.003594 s
currentSize : 11 <-- 0.011500 s
currentSize : 12 <-- 0.108529 s
currentSize : 13 <-- 0.263465 s
currentSize : 15 <-- 0.265350 s
currentSize : 18 <-- 0.265435 s

maxsize : 18
nodes : 40247.000000
filtered : 478655.000000
CCGP filtered : 3508.000000
CCGT filtered : 1646.000000
time : 0.267455
