Parameters: GAD=1 vflib=1 dir=0 label=0 lowerbound=1 fileNameGp=../graphsdb/mcs90/bvg/b03m/mcs90_b03m_s30.A29 fileNameGt=../graphsdb/mcs90/bvg/b03m/mcs90_b03m_s30.B29
Reading graphs...
30 :  43
30 :  43
Initializing...
maxdom : 30
D->valSize : 900
Solving...
currentSize : 9 <-- 0.019391 s
currentSize : 17 <-- 0.019501 s
currentSize : 18 <-- 0.019572 s
currentSize : 19 <-- 0.022443 s
currentSize : 20 <-- 0.032576 s
currentSize : 22 <-- 0.033918 s
currentSize : 23 <-- 0.282039 s
currentSize : 24 <-- 0.283565 s
currentSize : 25 <-- 0.403693 s
currentSize : 26 <-- 0.624100 s
currentSize : 27 <-- 0.624498 s

maxsize : 27
nodes : 53829.000000
filtered : 1445277.000000
CCGP filtered : 1444598.000000
CCGT filtered : 497766.000000
time : 0.646029
