Parameters: GAD=1 vflib=1 dir=0 label=0 lowerbound=1 fileNameGp=../graphsdb/mcs90/m2D/m2Dr6/mcs90_m2Dr6_s30.A79 fileNameGt=../graphsdb/mcs90/m2D/m2Dr6/mcs90_m2Dr6_s30.B79
Reading graphs...
30 :  65
30 :  64
Initializing...
maxdom : 30
D->valSize : 900
Solving...
currentSize : 13 <-- 0.010611 s
currentSize : 14 <-- 0.010702 s
currentSize : 16 <-- 0.010865 s
currentSize : 17 <-- 0.011153 s
currentSize : 18 <-- 0.219994 s
currentSize : 19 <-- 0.755477 s
currentSize : 20 <-- 14.454140 s
currentSize : 21 <-- 18.586596 s
currentSize : 22 <-- 19.642536 s
currentSize : 25 <-- 24.372229 s

maxsize : 25
nodes : 2711597.000000
filtered : 60766654.000000
CCGP filtered : 8247410.000000
CCGT filtered : 5716229.000000
time : 24.492607
