Parameters: GAD=1 vflib=1 dir=0 label=0 lowerbound=1 fileNameGp=../graphsdb/mcs90/bvg/b09m/mcs90_b09m_s30.A08 fileNameGt=../graphsdb/mcs90/bvg/b09m/mcs90_b09m_s30.B08
Reading graphs...
30 :  131
30 :  132
Initializing...
maxdom : 30
D->valSize : 900
Solving...
currentSize : 10 <-- 0.009483 s
currentSize : 12 <-- 0.010341 s
currentSize : 13 <-- 0.047548 s
currentSize : 14 <-- 0.140006 s
currentSize : 15 <-- 18.383484 s
currentSize : 17 <-- 23.980877 s
currentSize : 18 <-- 24.051096 s
currentSize : 19 <-- 26.588539 s
currentSize : 20 <-- 29.766956 s
currentSize : 26 <-- 38.058041 s

maxsize : 26
nodes : 3714804.000000
filtered : 70893638.000000
CCGP filtered : 905618.000000
CCGT filtered : 1882434.000000
time : 38.093655
