Parameters: GAD=1 vflib=1 dir=0 label=0 lowerbound=1 fileNameGp=../graphsdb/mcs90/m2D/m2Dr4/mcs90_m2Dr4_s30.A80 fileNameGt=../graphsdb/mcs90/m2D/m2Dr4/mcs90_m2Dr4_s30.B80
Reading graphs...
30 :  61
30 :  60
Initializing...
maxdom : 30
D->valSize : 900
Solving...
currentSize : 12 <-- 0.010815 s
currentSize : 13 <-- 0.010879 s
currentSize : 14 <-- 0.010894 s
currentSize : 15 <-- 0.011339 s
currentSize : 16 <-- 0.011477 s
currentSize : 17 <-- 0.013934 s
currentSize : 18 <-- 0.024121 s
currentSize : 19 <-- 0.025982 s
currentSize : 20 <-- 0.030137 s
currentSize : 21 <-- 11.421375 s
currentSize : 25 <-- 17.242777 s

maxsize : 25
nodes : 1878093.000000
filtered : 44172366.000000
CCGP filtered : 7079138.000000
CCGT filtered : 7489538.000000
time : 17.538210
