Parameters: GAD=1 vflib=1 dir=0 label=0 lowerbound=1 fileNameGp=../graphsdb/mcs90/bvg/b03m/mcs90_b03m_s20.A06 fileNameGt=../graphsdb/mcs90/bvg/b03m/mcs90_b03m_s20.B06
Reading graphs...
20 :  30
20 :  30
Initializing...
maxdom : 20
D->valSize : 400
Solving...
currentSize : 9 <-- 0.002321 s
currentSize : 10 <-- 0.002419 s
currentSize : 11 <-- 0.002497 s
currentSize : 12 <-- 0.002615 s
currentSize : 13 <-- 0.002747 s
currentSize : 14 <-- 0.003259 s
currentSize : 15 <-- 0.004148 s
currentSize : 16 <-- 0.021453 s
currentSize : 18 <-- 0.025843 s

maxsize : 18
nodes : 4114.000000
filtered : 72569.000000
CCGP filtered : 31626.000000
CCGT filtered : 5071.000000
time : 0.027575
