Parameters: GAD=1 vflib=1 dir=0 label=0 lowerbound=1 fileNameGp=../graphsdb/mcs90/bvg/b09m/mcs90_b09m_s35.A84 fileNameGt=../graphsdb/mcs90/bvg/b09m/mcs90_b09m_s35.B84
Reading graphs...
35 :  154
35 :  154
Initializing...
maxdom : 35
D->valSize : 1225
Solving...
currentSize : 11 <-- 0.023030 s
currentSize : 12 <-- 0.023516 s
currentSize : 13 <-- 0.027151 s
currentSize : 14 <-- 0.030595 s
currentSize : 15 <-- 0.037450 s
currentSize : 16 <-- 0.038538 s
currentSize : 17 <-- 9.809575 s
currentSize : 19 <-- 10.440150 s
currentSize : 20 <-- 10.498367 s
currentSize : 22 <-- 47.341881 s
currentSize : 30 <-- 90.580406 s

maxsize : 30
nodes : 7383147.000000
filtered : 224782292.000000
CCGP filtered : 888803.000000
CCGT filtered : 1246405.000000
time : 90.777000
