Parameters: GAD=1 vflib=1 dir=0 label=0 lowerbound=1 fileNameGp=../graphsdb/mcs90/bvg/b09/mcs90_b09_s30.A61 fileNameGt=../graphsdb/mcs90/bvg/b09/mcs90_b09_s30.B61
Reading graphs...
30 :  134
30 :  134
Initializing...
maxdom : 30
D->valSize : 900
Solving...
currentSize : 14 <-- 0.009716 s
currentSize : 15 <-- 0.009939 s
currentSize : 16 <-- 0.010117 s
currentSize : 17 <-- 0.011397 s
currentSize : 19 <-- 0.012057 s
currentSize : 20 <-- 0.045538 s
currentSize : 22 <-- 0.046158 s
currentSize : 24 <-- 0.046934 s
currentSize : 26 <-- 0.047121 s
currentSize : 27 <-- 0.098699 s

maxsize : 27
nodes : 13180.000000
filtered : 711719.000000
CCGP filtered : 432.000000
CCGT filtered : 554.000000
time : 0.160385
