Parameters: GAD=1 vflib=1 dir=0 label=0 lowerbound=1 fileNameGp=../graphsdb/mcs90/rand/r01/mcs90_r01_s30.A72 fileNameGt=../graphsdb/mcs90/rand/r01/mcs90_r01_s30.B72
Reading graphs...
30 :  82
30 :  81
Initializing...
maxdom : 30
D->valSize : 900
Solving...
currentSize : 12 <-- 0.010331 s
currentSize : 14 <-- 0.011324 s
currentSize : 15 <-- 0.011339 s
currentSize : 16 <-- 0.016919 s
currentSize : 17 <-- 0.017320 s
currentSize : 18 <-- 0.062395 s
currentSize : 19 <-- 10.362843 s
currentSize : 20 <-- 13.308012 s
currentSize : 21 <-- 15.859448 s
currentSize : 27 <-- 17.676748 s

maxsize : 27
nodes : 1797267.000000
filtered : 45371178.000000
CCGP filtered : 2700611.000000
CCGT filtered : 2726176.000000
time : 17.687744
