Parameters: GAD=1 vflib=1 dir=0 label=0 lowerbound=1 fileNameGp=../graphsdb/mcs90/m3D/m3Dr4/mcs90_m3Dr4_s30.A37 fileNameGt=../graphsdb/mcs90/m3D/m3Dr4/mcs90_m3Dr4_s30.B37
Reading graphs...
30 :  73
30 :  72
Initializing...
maxdom : 30
D->valSize : 900
Solving...
currentSize : 12 <-- 0.018286 s
currentSize : 14 <-- 0.018483 s
currentSize : 15 <-- 0.020078 s
currentSize : 16 <-- 0.045749 s
currentSize : 17 <-- 0.078677 s
currentSize : 18 <-- 0.132816 s
currentSize : 19 <-- 2.235094 s
currentSize : 20 <-- 10.576146 s
currentSize : 21 <-- 12.103751 s
currentSize : 23 <-- 12.775270 s
currentSize : 24 <-- 13.169016 s
currentSize : 25 <-- 14.158154 s
currentSize : 27 <-- 14.274040 s

maxsize : 27
nodes : 1662513.000000
filtered : 34092113.000000
CCGP filtered : 1348201.000000
CCGT filtered : 728529.000000
time : 14.274884
