Parameters: GAD=1 vflib=1 dir=0 label=0 lowerbound=1 fileNameGp=../graphsdb/mcs90/bvg/b09/mcs90_b09_s30.A84 fileNameGt=../graphsdb/mcs90/bvg/b09/mcs90_b09_s30.B84
Reading graphs...
30 :  134
30 :  135
Initializing...
maxdom : 30
D->valSize : 900
Solving...
currentSize : 9 <-- 0.010015 s
currentSize : 10 <-- 0.010204 s
currentSize : 11 <-- 0.010573 s
currentSize : 13 <-- 0.018494 s
currentSize : 14 <-- 0.196760 s
currentSize : 15 <-- 0.524550 s
currentSize : 16 <-- 0.529346 s
currentSize : 18 <-- 1.402127 s
currentSize : 19 <-- 1.427727 s
currentSize : 20 <-- 1.427825 s
currentSize : 22 <-- 1.439346 s
currentSize : 26 <-- 1.447739 s

maxsize : 26
nodes : 171368.000000
filtered : 2984884.000000
CCGP filtered : 11609.000000
CCGT filtered : 26811.000000
time : 1.696343
