Parameters: GAD=1 vflib=1 dir=0 label=0 lowerbound=1 fileNameGp=../graphsdb/mcs90/rand/r01/mcs90_r01_s30.A98 fileNameGt=../graphsdb/mcs90/rand/r01/mcs90_r01_s30.B98
Reading graphs...
30 :  80
30 :  83
Initializing...
maxdom : 30
D->valSize : 900
Solving...
currentSize : 10 <-- 0.017855 s
currentSize : 11 <-- 0.018714 s
currentSize : 12 <-- 0.019722 s
currentSize : 13 <-- 0.019980 s
currentSize : 14 <-- 0.037054 s
currentSize : 15 <-- 0.057682 s
currentSize : 16 <-- 0.066033 s
currentSize : 17 <-- 0.122883 s
currentSize : 18 <-- 1.706329 s
currentSize : 19 <-- 6.300707 s
currentSize : 20 <-- 6.912873 s
currentSize : 21 <-- 7.153342 s
currentSize : 22 <-- 7.991594 s
currentSize : 27 <-- 7.992224 s

maxsize : 27
nodes : 824620.000000
filtered : 15383381.000000
CCGP filtered : 1121264.000000
CCGT filtered : 1326811.000000
time : 8.007594
