Parameters: GAD=1 vflib=1 dir=0 label=0 lowerbound=1 fileNameGp=../graphsdb/mcs90/m3D/m3Dr6/mcs90_m3Dr6_s30.A89 fileNameGt=../graphsdb/mcs90/m3D/m3Dr6/mcs90_m3Dr6_s30.B89
Reading graphs...
30 :  77
30 :  76
Initializing...
maxdom : 30
D->valSize : 900
Solving...
currentSize : 13 <-- 0.010615 s
currentSize : 14 <-- 0.010779 s
currentSize : 16 <-- 0.010917 s
currentSize : 17 <-- 0.012034 s
currentSize : 18 <-- 3.319090 s
currentSize : 19 <-- 4.590093 s
currentSize : 20 <-- 4.837859 s
currentSize : 21 <-- 5.803701 s
currentSize : 22 <-- 5.862836 s
currentSize : 23 <-- 10.563208 s
currentSize : 27 <-- 10.563628 s

maxsize : 27
nodes : 1152093.000000
filtered : 28937877.000000
CCGP filtered : 860372.000000
CCGT filtered : 1005131.000000
time : 10.586357
