Parameters: GAD=1 vflib=1 dir=0 label=0 lowerbound=1 fileNameGp=../graphsdb/mcs90/rand/r02/mcs90_r02_s30.A78 fileNameGt=../graphsdb/mcs90/rand/r02/mcs90_r02_s30.B78
Reading graphs...
30 :  154
30 :  148
Initializing...
maxdom : 30
D->valSize : 900
Solving...
currentSize : 10 <-- 0.009307 s
currentSize : 11 <-- 0.010419 s
currentSize : 12 <-- 0.011717 s
currentSize : 13 <-- 0.302470 s
currentSize : 14 <-- 1.305316 s
currentSize : 16 <-- 6.658084 s
currentSize : 18 <-- 7.025969 s
currentSize : 19 <-- 7.781905 s
currentSize : 20 <-- 13.990962 s
currentSize : 27 <-- 14.113490 s

maxsize : 27
nodes : 1320181.000000
filtered : 26156480.000000
CCGP filtered : 44438.000000
CCGT filtered : 53734.000000
time : 14.129899
