Parameters: GAD=1 vflib=1 dir=0 label=0 lowerbound=1 fileNameGp=../graphsdb/mcs90/rand/r02/mcs90_r02_s20.A38 fileNameGt=../graphsdb/mcs90/rand/r02/mcs90_r02_s20.B38
Reading graphs...
20 :  68
20 :  69
Initializing...
maxdom : 20
D->valSize : 400
Solving...
currentSize : 7 <-- 0.002025 s
currentSize : 8 <-- 0.002081 s
currentSize : 9 <-- 0.002227 s
currentSize : 10 <-- 0.003784 s
currentSize : 11 <-- 0.065851 s
currentSize : 12 <-- 0.158247 s
currentSize : 13 <-- 0.212867 s
currentSize : 15 <-- 0.214369 s
currentSize : 18 <-- 0.215125 s

maxsize : 18
nodes : 31931.000000
filtered : 300341.000000
CCGP filtered : 6895.000000
CCGT filtered : 5606.000000
time : 0.217753
