Parameters: GAD=1 vflib=1 dir=0 label=0 lowerbound=1 fileNameGp=../graphsdb/mcs90/m3D/m3Dr2/mcs90_m3Dr2_s30.A12 fileNameGt=../graphsdb/mcs90/m3D/m3Dr2/mcs90_m3Dr2_s30.B12
Reading graphs...
30 :  67
30 :  67
Initializing...
maxdom : 30
D->valSize : 900
Solving...
currentSize : 16 <-- 0.018526 s
currentSize : 17 <-- 0.018673 s
currentSize : 18 <-- 0.025007 s
currentSize : 19 <-- 0.027273 s
currentSize : 20 <-- 0.042892 s
currentSize : 21 <-- 0.044575 s
currentSize : 22 <-- 0.115123 s
currentSize : 23 <-- 5.816180 s
currentSize : 27 <-- 7.342653 s

maxsize : 27
nodes : 798470.000000
filtered : 21445895.000000
CCGP filtered : 507386.000000
CCGT filtered : 203590.000000
time : 7.378551
