Parameters: GAD=1 vflib=1 dir=0 label=0 lowerbound=1 fileNameGp=../graphsdb/mcs90/bvg/b09/mcs90_b09_s25.A29 fileNameGt=../graphsdb/mcs90/bvg/b09/mcs90_b09_s25.B29
Reading graphs...
25 :  112
25 :  112
Initializing...
maxdom : 25
D->valSize : 625
Solving...
currentSize : 7 <-- 0.007851 s
currentSize : 8 <-- 0.007890 s
currentSize : 10 <-- 0.008111 s
currentSize : 11 <-- 0.009350 s
currentSize : 12 <-- 0.016332 s
currentSize : 13 <-- 0.020725 s
currentSize : 14 <-- 0.021307 s
currentSize : 15 <-- 0.030685 s
currentSize : 17 <-- 0.031866 s
currentSize : 20 <-- 0.033487 s
currentSize : 22 <-- 0.055676 s

maxsize : 22
nodes : 5183.000000
filtered : 202795.000000
CCGP filtered : 17.000000
CCGT filtered : 1.000000
time : 0.084382
