Parameters: GAD=1 vflib=1 dir=0 label=0 lowerbound=1 fileNameGp=../graphsdb/mcs90/m3D/m3Dr2/mcs90_m3Dr2_s30.A36 fileNameGt=../graphsdb/mcs90/m3D/m3Dr2/mcs90_m3Dr2_s30.B36
Reading graphs...
30 :  66
30 :  65
Initializing...
maxdom : 30
D->valSize : 900
Solving...
currentSize : 12 <-- 0.010632 s
currentSize : 13 <-- 0.010665 s
currentSize : 14 <-- 0.010840 s
currentSize : 16 <-- 0.010879 s
currentSize : 17 <-- 0.011661 s
currentSize : 18 <-- 0.069900 s
currentSize : 19 <-- 0.624904 s
currentSize : 20 <-- 4.058838 s
currentSize : 21 <-- 4.713406 s
currentSize : 23 <-- 4.723648 s
currentSize : 27 <-- 5.321501 s

maxsize : 27
nodes : 646131.000000
filtered : 11430476.000000
CCGP filtered : 664798.000000
CCGT filtered : 465813.000000
time : 5.378967
