Parameters: GAD=1 vflib=1 dir=0 label=0 lowerbound=1 fileNameGp=../graphsdb/mcs90/m3D/m3Dr4/mcs90_m3Dr4_s30.A19 fileNameGt=../graphsdb/mcs90/m3D/m3Dr4/mcs90_m3Dr4_s30.B19
Reading graphs...
30 :  72
30 :  72
Initializing...
maxdom : 30
D->valSize : 900
Solving...
currentSize : 15 <-- 0.010460 s
currentSize : 16 <-- 0.010936 s
currentSize : 17 <-- 0.026419 s
currentSize : 18 <-- 0.085186 s
currentSize : 19 <-- 3.016923 s
currentSize : 20 <-- 5.742364 s
currentSize : 21 <-- 11.777337 s
currentSize : 23 <-- 25.129801 s
currentSize : 27 <-- 26.908297 s

maxsize : 27
nodes : 3069671.000000
filtered : 66515242.000000
CCGP filtered : 1442327.000000
CCGT filtered : 1149911.000000
time : 26.963017
