Parameters: GAD=1 vflib=1 dir=0 label=0 lowerbound=1 fileNameGp=../graphsdb/mcs90/bvg/b06/mcs90_b06_s35.A85 fileNameGt=../graphsdb/mcs90/bvg/b06/mcs90_b06_s35.B85
Reading graphs...
35 :  105
35 :  105
Initializing...
maxdom : 35
D->valSize : 1225
Solving...
currentSize : 20 <-- 0.019150 s
currentSize : 21 <-- 0.019179 s
currentSize : 22 <-- 0.020473 s
currentSize : 23 <-- 0.025988 s
currentSize : 26 <-- 0.036929 s
currentSize : 27 <-- 0.040425 s
currentSize : 28 <-- 0.050895 s
currentSize : 29 <-- 0.051084 s
currentSize : 31 <-- 0.064306 s

maxsize : 31
nodes : 34940.000000
filtered : 1424907.000000
CCGP filtered : 2327.000000
CCGT filtered : 2613.000000
time : 0.422454
