Parameters: GAD=1 vflib=1 dir=0 label=0 lowerbound=1 fileNameGp=../graphsdb/mcs90/bvg/b06/mcs90_b06_s30.A28 fileNameGt=../graphsdb/mcs90/bvg/b06/mcs90_b06_s30.B28
Reading graphs...
30 :  90
30 :  90
Initializing...
maxdom : 30
D->valSize : 900
Solving...
currentSize : 17 <-- 0.010072 s
currentSize : 18 <-- 0.010165 s
currentSize : 19 <-- 0.010247 s
currentSize : 20 <-- 0.010470 s
currentSize : 21 <-- 0.010804 s
currentSize : 22 <-- 0.010882 s
currentSize : 23 <-- 0.011046 s
currentSize : 24 <-- 0.011217 s
currentSize : 25 <-- 0.011508 s
currentSize : 26 <-- 0.011974 s
currentSize : 27 <-- 0.012292 s

maxsize : 27
nodes : 4519.000000
filtered : 245677.000000
CCGP filtered : 114.000000
CCGT filtered : 192.000000
time : 0.058008
