Parameters: GAD=1 vflib=1 dir=0 label=0 lowerbound=1 fileNameGp=../graphsdb/mcs90/bvg/b03m/mcs90_b03m_s20.A32 fileNameGt=../graphsdb/mcs90/bvg/b03m/mcs90_b03m_s20.B32
Reading graphs...
20 :  30
20 :  30
Initializing...
maxdom : 20
D->valSize : 400
Solving...
currentSize : 10 <-- 0.002231 s
currentSize : 11 <-- 0.002444 s
currentSize : 12 <-- 0.002479 s
currentSize : 13 <-- 0.002488 s
currentSize : 14 <-- 0.005077 s
currentSize : 15 <-- 0.008287 s
currentSize : 16 <-- 0.008416 s
currentSize : 17 <-- 0.015389 s
currentSize : 18 <-- 0.018450 s

maxsize : 18
nodes : 3011.000000
filtered : 55459.000000
CCGP filtered : 9191.000000
CCGT filtered : 4126.000000
time : 0.020631
