Parameters: GAD=1 vflib=1 dir=0 label=0 lowerbound=1 fileNameGp=../graphsdb/mcs90/bvg/b09m/mcs90_b09m_s35.A09 fileNameGt=../graphsdb/mcs90/bvg/b09m/mcs90_b09m_s35.B09
Reading graphs...
35 :  151
35 :  153
Initializing...
maxdom : 35
D->valSize : 1225
Solving...
currentSize : 14 <-- 0.031674 s
currentSize : 15 <-- 0.032165 s
currentSize : 16 <-- 0.033710 s
currentSize : 17 <-- 0.075904 s
currentSize : 19 <-- 0.359874 s
currentSize : 20 <-- 3.958245 s
currentSize : 22 <-- 9.507961 s
currentSize : 26 <-- 9.580215 s
currentSize : 30 <-- 9.698820 s

maxsize : 30
nodes : 816441.000000
filtered : 25390854.000000
CCGP filtered : 336278.000000
CCGT filtered : 252409.000000
time : 9.915504
