Parameters: GAD=1 vflib=1 dir=0 label=0 lowerbound=1 fileNameGp=../graphsdb/mcs90/rand/r01/mcs90_r01_s35.A66 fileNameGt=../graphsdb/mcs90/rand/r01/mcs90_r01_s35.B66
Reading graphs...
35 :  109
35 :  109
Initializing...
maxdom : 35
D->valSize : 1225
Solving...
currentSize : 12 <-- 0.023622 s
currentSize : 15 <-- 0.023795 s
currentSize : 16 <-- 0.029089 s
currentSize : 17 <-- 0.029338 s
currentSize : 18 <-- 0.083940 s
currentSize : 19 <-- 2.042766 s
currentSize : 20 <-- 153.508179 s
currentSize : 21 <-- 206.821701 s
currentSize : 22 <-- 355.373749 s
currentSize : 23 <-- 355.374664 s
currentSize : 31 <-- 357.266174 s

maxsize : 31
nodes : 33365618.000000
filtered : 713928206.000000
CCGP filtered : 14737504.000000
CCGT filtered : 20618693.000000
time : 357.371429
