Parameters: GAD=1 vflib=1 dir=0 label=0 lowerbound=1 fileNameGp=../graphsdb/mcs90/bvg/b09m/mcs90_b09m_s30.A89 fileNameGt=../graphsdb/mcs90/bvg/b09m/mcs90_b09m_s30.B89
Reading graphs...
30 :  127
30 :  128
Initializing...
maxdom : 30
D->valSize : 900
Solving...
currentSize : 11 <-- 0.009620 s
currentSize : 12 <-- 0.009760 s
currentSize : 13 <-- 0.010043 s
currentSize : 14 <-- 0.023497 s
currentSize : 15 <-- 0.344075 s
currentSize : 16 <-- 0.509584 s
currentSize : 17 <-- 0.613676 s
currentSize : 18 <-- 5.609666 s
currentSize : 21 <-- 6.055603 s
currentSize : 22 <-- 6.434626 s
currentSize : 26 <-- 7.323833 s

maxsize : 26
nodes : 695269.000000
filtered : 17866668.000000
CCGP filtered : 99770.000000
CCGT filtered : 16133.000000
time : 7.365766
