Parameters: GAD=1 vflib=1 dir=0 label=0 lowerbound=1 fileNameGp=../graphsdb/mcs90/m3D/m3Dr2/mcs90_m3Dr2_s30.A06 fileNameGt=../graphsdb/mcs90/m3D/m3Dr2/mcs90_m3Dr2_s30.B06
Reading graphs...
30 :  67
30 :  67
Initializing...
maxdom : 30
D->valSize : 900
Solving...
currentSize : 13 <-- 0.010901 s
currentSize : 14 <-- 0.010929 s
currentSize : 15 <-- 0.011932 s
currentSize : 16 <-- 0.012666 s
currentSize : 17 <-- 0.014318 s
currentSize : 18 <-- 0.029357 s
currentSize : 20 <-- 1.480071 s
currentSize : 21 <-- 1.499622 s
currentSize : 22 <-- 1.711581 s
currentSize : 23 <-- 1.768980 s
currentSize : 24 <-- 2.181870 s
currentSize : 25 <-- 2.217799 s
currentSize : 27 <-- 2.487364 s

maxsize : 27
nodes : 297749.000000
filtered : 6423239.000000
CCGP filtered : 463871.000000
CCGT filtered : 185300.000000
time : 2.500846
