Parameters: GAD=1 vflib=1 dir=0 label=0 lowerbound=1 fileNameGp=../graphsdb/mcs90/bvg/b09/mcs90_b09_s35.A56 fileNameGt=../graphsdb/mcs90/bvg/b09/mcs90_b09_s35.B56
Reading graphs...
35 :  157
35 :  156
Initializing...
maxdom : 35
D->valSize : 1225
Solving...
currentSize : 12 <-- 0.018368 s
currentSize : 13 <-- 0.018443 s
currentSize : 14 <-- 0.018547 s
currentSize : 15 <-- 0.047838 s
currentSize : 16 <-- 0.151628 s
currentSize : 17 <-- 1.622524 s
currentSize : 24 <-- 4.425001 s
currentSize : 26 <-- 4.425234 s
currentSize : 30 <-- 4.425674 s

maxsize : 30
nodes : 433861.000000
filtered : 9919038.000000
CCGP filtered : 167770.000000
CCGT filtered : 208952.000000
time : 5.311926
