Parameters: GAD=1 vflib=1 dir=0 label=0 lowerbound=1 fileNameGp=../graphsdb/mcs90/bvg/b09/mcs90_b09_s35.A14 fileNameGt=../graphsdb/mcs90/bvg/b09/mcs90_b09_s35.B14
Reading graphs...
35 :  157
35 :  156
Initializing...
maxdom : 35
D->valSize : 1225
Solving...
currentSize : 13 <-- 0.018179 s
currentSize : 15 <-- 0.019762 s
currentSize : 17 <-- 0.021326 s
currentSize : 18 <-- 0.022349 s
currentSize : 21 <-- 0.030211 s
currentSize : 23 <-- 0.030796 s
currentSize : 24 <-- 0.047109 s
currentSize : 26 <-- 0.060051 s
currentSize : 30 <-- 0.060198 s

maxsize : 30
nodes : 52204.000000
filtered : 3692323.000000
CCGP filtered : 6272.000000
CCGT filtered : 652.000000
time : 0.741606
