Parameters: GAD=1 vflib=1 dir=0 label=0 lowerbound=1 fileNameGp=../graphsdb/mcs90/rand/r005/mcs90_r005_s35.A85 fileNameGt=../graphsdb/mcs90/rand/r005/mcs90_r005_s35.B85
Reading graphs...
35 :  57
35 :  57
Initializing...
maxdom : 35
D->valSize : 1225
Solving...
currentSize : 17 <-- 0.036111 s
currentSize : 20 <-- 0.036471 s
currentSize : 21 <-- 0.058725 s
currentSize : 22 <-- 0.074005 s
currentSize : 23 <-- 0.116846 s
currentSize : 24 <-- 3.170635 s
currentSize : 25 <-- 6.735692 s
currentSize : 26 <-- 30.234728 s
currentSize : 27 <-- 30.464508 s
currentSize : 28 <-- 30.464527 s
currentSize : 29 <-- 30.470148 s
currentSize : 31 <-- 30.478603 s

maxsize : 31
nodes : 2988301.000000
filtered : 73473985.000000
CCGP filtered : 46380251.000000
CCGT filtered : 16809761.000000
time : 30.588749
