Parameters: GAD=1 vflib=1 dir=0 label=0 lowerbound=1 fileNameGp=../graphsdb/mcs90/rand/r02/mcs90_r02_s35.A55 fileNameGt=../graphsdb/mcs90/rand/r02/mcs90_r02_s35.B55
Reading graphs...
35 :  221
35 :  220
Initializing...
maxdom : 35
D->valSize : 1225
Solving...
currentSize : 10 <-- 0.029580 s
currentSize : 11 <-- 0.029736 s
currentSize : 12 <-- 0.030544 s
currentSize : 13 <-- 0.052190 s
currentSize : 14 <-- 2.751135 s
currentSize : 16 <-- 3.932987 s
currentSize : 17 <-- 3.970611 s
currentSize : 19 <-- 4.126307 s
currentSize : 31 <-- 27.201714 s

maxsize : 31
nodes : 2153343.000000
filtered : 45345240.000000
CCGP filtered : 7540.000000
CCGT filtered : 5717.000000
time : 27.297808
