Parameters: GAD=1 vflib=1 dir=0 label=0 lowerbound=1 fileNameGp=../graphsdb/mcs90/bvg/b03m/mcs90_b03m_s35.A79 fileNameGt=../graphsdb/mcs90/bvg/b03m/mcs90_b03m_s35.B79
Reading graphs...
35 :  52
35 :  52
Initializing...
maxdom : 35
D->valSize : 1225
Solving...
currentSize : 19 <-- 0.036725 s
currentSize : 20 <-- 0.036787 s
currentSize : 23 <-- 0.037052 s
currentSize : 24 <-- 0.037388 s
currentSize : 25 <-- 0.038865 s
currentSize : 26 <-- 0.206987 s
currentSize : 27 <-- 28.253513 s
currentSize : 28 <-- 28.614908 s
currentSize : 30 <-- 29.016363 s

maxsize : 30
nodes : 2812550.000000
filtered : 76702765.000000
CCGP filtered : 47712823.000000
CCGT filtered : 20857643.000000
time : 29.651239
