Parameters: GAD=1 vflib=1 dir=0 label=0 lowerbound=1 fileNameGp=../graphsdb/mcs90/bvg/b03m/mcs90_b03m_s30.A89 fileNameGt=../graphsdb/mcs90/bvg/b03m/mcs90_b03m_s30.B89
Reading graphs...
30 :  45
30 :  45
Initializing...
maxdom : 30
D->valSize : 900
Solving...
currentSize : 17 <-- 0.019428 s
currentSize : 19 <-- 0.019560 s
currentSize : 20 <-- 0.030274 s
currentSize : 21 <-- 0.030743 s
currentSize : 22 <-- 0.059432 s
currentSize : 23 <-- 0.567379 s
currentSize : 24 <-- 0.850451 s
currentSize : 25 <-- 0.850472 s
currentSize : 26 <-- 0.850679 s

maxsize : 26
nodes : 94155.000000
filtered : 2633647.000000
CCGP filtered : 2144003.000000
CCGT filtered : 583867.000000
time : 0.926461
