Parameters: GAD=1 vflib=1 dir=0 label=0 lowerbound=1 fileNameGp=../graphsdb/mcs90/bvg/b09m/mcs90_b09m_s35.A45 fileNameGt=../graphsdb/mcs90/bvg/b09m/mcs90_b09m_s35.B45
Reading graphs...
35 :  148
35 :  148
Initializing...
maxdom : 35
D->valSize : 1225
Solving...
currentSize : 13 <-- 0.023221 s
currentSize : 14 <-- 0.035524 s
currentSize : 15 <-- 0.134998 s
currentSize : 16 <-- 0.489609 s
currentSize : 17 <-- 22.719412 s
currentSize : 18 <-- 22.878981 s
currentSize : 20 <-- 111.321777 s
currentSize : 23 <-- 116.043480 s
currentSize : 26 <-- 116.381630 s
currentSize : 30 <-- 116.739456 s

maxsize : 30
nodes : 10319042.000000
filtered : 209678219.000000
CCGP filtered : 6250117.000000
CCGT filtered : 6284623.000000
time : 117.043320
