Parameters: GAD=1 vflib=1 dir=0 label=0 lowerbound=1 fileNameGp=../graphsdb/mcs90/bvg/b09/mcs90_b09_s30.A30 fileNameGt=../graphsdb/mcs90/bvg/b09/mcs90_b09_s30.B30
Reading graphs...
30 :  133
30 :  135
Initializing...
maxdom : 30
D->valSize : 900
Solving...
currentSize : 12 <-- 0.009734 s
currentSize : 13 <-- 0.009801 s
currentSize : 14 <-- 0.029129 s
currentSize : 16 <-- 0.034200 s
currentSize : 17 <-- 0.034269 s
currentSize : 18 <-- 0.046372 s
currentSize : 20 <-- 0.050826 s
currentSize : 22 <-- 0.051323 s
currentSize : 26 <-- 0.093659 s

maxsize : 26
nodes : 28866.000000
filtered : 1368638.000000
CCGP filtered : 680.000000
CCGT filtered : 140.000000
time : 0.327061
