Parameters: GAD=1 vflib=1 dir=0 label=0 lowerbound=1 fileNameGp=../graphsdb/mcs90/bvg/b03/mcs90_b03_s35.A43 fileNameGt=../graphsdb/mcs90/bvg/b03/mcs90_b03_s35.B43
Reading graphs...
35 :  52
35 :  52
Initializing...
maxdom : 35
D->valSize : 1225
Solving...
currentSize : 24 <-- 0.021290 s
currentSize : 25 <-- 0.021435 s
currentSize : 26 <-- 0.027566 s
currentSize : 27 <-- 0.027803 s
currentSize : 28 <-- 0.053085 s
currentSize : 29 <-- 0.081328 s
currentSize : 30 <-- 0.101576 s
currentSize : 31 <-- 0.111774 s
currentSize : 32 <-- 0.195368 s
currentSize : 33 <-- 0.290139 s

maxsize : 33
nodes : 25946.000000
filtered : 780418.000000
CCGP filtered : 334490.000000
CCGT filtered : 80769.000000
time : 0.293936
