Parameters: GAD=1 vflib=1 dir=0 label=0 lowerbound=1 fileNameGp=../graphsdb/mcs90/m3D/m3Dr2/mcs90_m3Dr2_s30.A97 fileNameGt=../graphsdb/mcs90/m3D/m3Dr2/mcs90_m3Dr2_s30.B97
Reading graphs...
30 :  66
30 :  66
Initializing...
maxdom : 30
D->valSize : 900
Solving...
currentSize : 12 <-- 0.018609 s
currentSize : 14 <-- 0.018648 s
currentSize : 15 <-- 0.020085 s
currentSize : 16 <-- 0.020947 s
currentSize : 17 <-- 0.022732 s
currentSize : 18 <-- 0.045002 s
currentSize : 19 <-- 0.047614 s
currentSize : 20 <-- 0.642883 s
currentSize : 21 <-- 0.818841 s
currentSize : 22 <-- 1.577219 s
currentSize : 23 <-- 1.643960 s
currentSize : 24 <-- 4.397869 s
currentSize : 27 <-- 4.910922 s

maxsize : 27
nodes : 521441.000000
filtered : 15039537.000000
CCGP filtered : 774954.000000
CCGT filtered : 190798.000000
time : 4.922951
