Parameters: GAD=1 vflib=1 dir=0 label=0 lowerbound=1 fileNameGp=../graphsdb/mcs90/m3D/m3Dr6/mcs90_m3Dr6_s30.A12 fileNameGt=../graphsdb/mcs90/m3D/m3Dr6/mcs90_m3Dr6_s30.B12
Reading graphs...
30 :  77
30 :  76
Initializing...
maxdom : 30
D->valSize : 900
Solving...
currentSize : 12 <-- 0.010505 s
currentSize : 13 <-- 0.010539 s
currentSize : 15 <-- 0.010606 s
currentSize : 16 <-- 0.014195 s
currentSize : 17 <-- 0.022318 s
currentSize : 18 <-- 0.038089 s
currentSize : 19 <-- 0.812675 s
currentSize : 20 <-- 1.454252 s
currentSize : 21 <-- 1.933782 s
currentSize : 27 <-- 7.470062 s

maxsize : 27
nodes : 788534.000000
filtered : 22967319.000000
CCGP filtered : 598432.000000
CCGT filtered : 242943.000000
time : 7.496507
