Parameters: GAD=1 vflib=1 dir=0 label=0 lowerbound=1 fileNameGp=../graphsdb/mcs90/bvg/b06m/mcs90_b06m_s35.A56 fileNameGt=../graphsdb/mcs90/bvg/b06m/mcs90_b06m_s35.B56
Reading graphs...
35 :  102
35 :  102
Initializing...
maxdom : 35
D->valSize : 1225
Solving...
currentSize : 14 <-- 0.019494 s
currentSize : 15 <-- 0.019694 s
currentSize : 16 <-- 0.020154 s
currentSize : 17 <-- 0.035474 s
currentSize : 18 <-- 0.169229 s
currentSize : 19 <-- 0.386640 s
currentSize : 20 <-- 0.392374 s
currentSize : 21 <-- 3.053814 s
currentSize : 26 <-- 3.384213 s
currentSize : 31 <-- 3.405840 s

maxsize : 31
nodes : 324348.000000
filtered : 7162076.000000
CCGP filtered : 722115.000000
CCGT filtered : 343500.000000
time : 3.518925
