Parameters: GAD=1 vflib=1 dir=0 label=0 lowerbound=1 fileNameGp=../graphsdb/mcs90/bvg/b03m/mcs90_b03m_s35.A36 fileNameGt=../graphsdb/mcs90/bvg/b03m/mcs90_b03m_s35.B36
Reading graphs...
35 :  52
35 :  52
Initializing...
maxdom : 35
D->valSize : 1225
Solving...
currentSize : 6 <-- 0.036486 s
currentSize : 16 <-- 0.036702 s
currentSize : 17 <-- 0.036914 s
currentSize : 18 <-- 0.037770 s
currentSize : 19 <-- 0.038646 s
currentSize : 20 <-- 0.046328 s
currentSize : 21 <-- 0.046455 s
currentSize : 22 <-- 0.070171 s
currentSize : 23 <-- 0.115483 s
currentSize : 24 <-- 0.243136 s
currentSize : 25 <-- 3.802190 s
currentSize : 26 <-- 3.802756 s
currentSize : 27 <-- 3.814859 s
currentSize : 28 <-- 3.815183 s
currentSize : 29 <-- 3.848283 s
currentSize : 30 <-- 3.868064 s

maxsize : 30
nodes : 424858.000000
filtered : 9351897.000000
CCGP filtered : 9024496.000000
CCGT filtered : 4068386.000000
time : 4.490919
