Parameters: GAD=1 vflib=1 dir=0 label=0 lowerbound=1 fileNameGp=../graphsdb/mcs90/bvg/b03/mcs90_b03_s35.A91 fileNameGt=../graphsdb/mcs90/bvg/b03/mcs90_b03_s35.B91
Reading graphs...
35 :  52
35 :  52
Initializing...
maxdom : 35
D->valSize : 1225
Solving...
currentSize : 24 <-- 0.021540 s
currentSize : 25 <-- 0.021948 s
currentSize : 26 <-- 0.022728 s
currentSize : 27 <-- 0.023250 s
currentSize : 28 <-- 0.025416 s
currentSize : 29 <-- 0.027513 s
currentSize : 30 <-- 0.031051 s
currentSize : 31 <-- 0.111522 s
currentSize : 32 <-- 0.237124 s

maxsize : 32
nodes : 27234.000000
filtered : 875164.000000
CCGP filtered : 257226.000000
CCGT filtered : 98102.000000
time : 0.314838
