Parameters: GAD=1 vflib=1 dir=0 label=0 lowerbound=1 fileNameGp=../graphsdb/mcs90/bvg/b03m/mcs90_b03m_s35.A56 fileNameGt=../graphsdb/mcs90/bvg/b03m/mcs90_b03m_s35.B56
Reading graphs...
35 :  51
35 :  51
Initializing...
maxdom : 35
D->valSize : 1225
Solving...
currentSize : 14 <-- 0.036799 s
currentSize : 15 <-- 0.036930 s
currentSize : 16 <-- 0.037339 s
currentSize : 20 <-- 0.038340 s
currentSize : 21 <-- 0.038384 s
currentSize : 22 <-- 0.041762 s
currentSize : 23 <-- 0.041817 s
currentSize : 24 <-- 0.067699 s
currentSize : 25 <-- 0.230786 s
currentSize : 26 <-- 2.915119 s
currentSize : 27 <-- 5.890127 s
currentSize : 28 <-- 5.982817 s
currentSize : 30 <-- 6.006707 s

maxsize : 30
nodes : 629483.000000
filtered : 15201389.000000
CCGP filtered : 8439783.000000
CCGT filtered : 5594783.000000
time : 6.537660
