Parameters: GAD=1 vflib=1 dir=0 label=0 lowerbound=1 fileNameGp=../graphsdb/mcs90/m3D/m3Dr6/mcs90_m3Dr6_s30.A02 fileNameGt=../graphsdb/mcs90/m3D/m3Dr6/mcs90_m3Dr6_s30.B02
Reading graphs...
30 :  76
30 :  75
Initializing...
maxdom : 30
D->valSize : 900
Solving...
currentSize : 12 <-- 0.010463 s
currentSize : 13 <-- 0.010579 s
currentSize : 14 <-- 0.010684 s
currentSize : 15 <-- 0.012327 s
currentSize : 16 <-- 0.014430 s
currentSize : 17 <-- 0.153902 s
currentSize : 18 <-- 0.717764 s
currentSize : 19 <-- 10.327893 s
currentSize : 20 <-- 21.352549 s
currentSize : 21 <-- 21.797701 s
currentSize : 22 <-- 21.816441 s
currentSize : 27 <-- 21.892014 s

maxsize : 27
nodes : 2469577.000000
filtered : 47296696.000000
CCGP filtered : 2307757.000000
CCGT filtered : 2510974.000000
time : 21.946934
