Parameters: GAD=1 vflib=1 dir=0 label=0 lowerbound=1 fileNameGp=../graphsdb/mcs90/m2D/m2Dr4/mcs90_m2Dr4_s30.A14 fileNameGt=../graphsdb/mcs90/m2D/m2Dr4/mcs90_m2Dr4_s30.B14
Reading graphs...
30 :  61
30 :  61
Initializing...
maxdom : 30
D->valSize : 900
Solving...
currentSize : 13 <-- 0.010714 s
currentSize : 14 <-- 0.011311 s
currentSize : 15 <-- 0.011392 s
currentSize : 16 <-- 0.011625 s
currentSize : 17 <-- 0.013457 s
currentSize : 18 <-- 0.044588 s
currentSize : 19 <-- 0.057865 s
currentSize : 20 <-- 0.587092 s
currentSize : 21 <-- 2.050048 s
currentSize : 22 <-- 2.326941 s
currentSize : 23 <-- 2.891806 s
currentSize : 25 <-- 3.227681 s

maxsize : 25
nodes : 354064.000000
filtered : 9960184.000000
CCGP filtered : 2291181.000000
CCGT filtered : 1148301.000000
time : 3.388814
