Parameters: GAD=1 vflib=1 dir=0 label=0 lowerbound=1 fileNameGp=../graphsdb/mcs90/bvg/b09/mcs90_b09_s35.A72 fileNameGt=../graphsdb/mcs90/bvg/b09/mcs90_b09_s35.B72
Reading graphs...
35 :  157
35 :  157
Initializing...
maxdom : 35
D->valSize : 1225
Solving...
currentSize : 13 <-- 0.018214 s
currentSize : 14 <-- 0.018257 s
currentSize : 17 <-- 0.019042 s
currentSize : 20 <-- 0.019114 s
currentSize : 22 <-- 0.019393 s
currentSize : 23 <-- 0.029836 s
currentSize : 24 <-- 0.029982 s
currentSize : 26 <-- 0.030190 s
currentSize : 29 <-- 0.119147 s
currentSize : 30 <-- 0.119434 s

maxsize : 30
nodes : 82105.000000
filtered : 5366052.000000
CCGP filtered : 188.000000
CCGT filtered : 47.000000
time : 1.118598
