Parameters: GAD=1 vflib=1 dir=0 label=0 lowerbound=1 fileNameGp=../graphsdb/mcs90/bvg/b06m/mcs90_b06m_s30.A85 fileNameGt=../graphsdb/mcs90/bvg/b06m/mcs90_b06m_s30.B85
Reading graphs...
30 :  88
30 :  88
Initializing...
maxdom : 30
D->valSize : 900
Solving...
currentSize : 13 <-- 0.010137 s
currentSize : 14 <-- 0.010222 s
currentSize : 15 <-- 0.010590 s
currentSize : 16 <-- 0.011216 s
currentSize : 17 <-- 0.147101 s
currentSize : 18 <-- 4.784490 s
currentSize : 19 <-- 4.792309 s
currentSize : 20 <-- 12.262265 s
currentSize : 21 <-- 12.280179 s
currentSize : 23 <-- 12.503339 s
currentSize : 27 <-- 12.505516 s

maxsize : 27
nodes : 1294605.000000
filtered : 31721915.000000
CCGP filtered : 2867504.000000
CCGT filtered : 1366969.000000
time : 12.530203
