Parameters: GAD=1 vflib=1 dir=0 label=0 lowerbound=1 fileNameGp=../graphsdb/mcs90/m2D/m2D/mcs90_m2D_s30.A82 fileNameGt=../graphsdb/mcs90/m2D/m2D/mcs90_m2D_s30.B82
Reading graphs...
30 :  49
30 :  48
Initializing...
maxdom : 30
D->valSize : 900
Solving...
currentSize : 16 <-- 0.011057 s
currentSize : 17 <-- 0.011095 s
currentSize : 19 <-- 0.011196 s
currentSize : 20 <-- 0.016152 s
currentSize : 21 <-- 0.222250 s
currentSize : 22 <-- 0.225026 s
currentSize : 23 <-- 0.501045 s
currentSize : 25 <-- 0.697033 s
currentSize : 26 <-- 0.888249 s

maxsize : 26
nodes : 113356.000000
filtered : 2847756.000000
CCGP filtered : 936876.000000
CCGT filtered : 565476.000000
time : 1.050180
