Parameters: GAD=1 vflib=1 dir=0 label=0 lowerbound=1 fileNameGp=../graphsdb/mcs90/m3D/m3Dr6/mcs90_m3Dr6_s30.A18 fileNameGt=../graphsdb/mcs90/m3D/m3Dr6/mcs90_m3Dr6_s30.B18
Reading graphs...
30 :  76
30 :  74
Initializing...
maxdom : 30
D->valSize : 900
Solving...
currentSize : 15 <-- 0.010526 s
currentSize : 16 <-- 0.013772 s
currentSize : 17 <-- 0.037575 s
currentSize : 18 <-- 1.993473 s
currentSize : 19 <-- 23.951015 s
currentSize : 20 <-- 50.431568 s
currentSize : 21 <-- 50.441479 s
currentSize : 23 <-- 50.595459 s
currentSize : 27 <-- 50.595566 s

maxsize : 27
nodes : 5816600.000000
filtered : 111343251.000000
CCGP filtered : 5803560.000000
CCGT filtered : 2764904.000000
time : 50.646042
