Parameters: GAD=1 vflib=1 dir=0 label=0 lowerbound=1 fileNameGp=../graphsdb/mcs90/m3D/m3Dr2/mcs90_m3Dr2_s30.A27 fileNameGt=../graphsdb/mcs90/m3D/m3Dr2/mcs90_m3Dr2_s30.B27
Reading graphs...
30 :  67
30 :  67
Initializing...
maxdom : 30
D->valSize : 900
Solving...
currentSize : 15 <-- 0.011301 s
currentSize : 16 <-- 0.012006 s
currentSize : 17 <-- 0.023785 s
currentSize : 18 <-- 0.050004 s
currentSize : 19 <-- 0.488583 s
currentSize : 20 <-- 0.510958 s
currentSize : 21 <-- 4.404626 s
currentSize : 22 <-- 4.959498 s
currentSize : 23 <-- 4.972694 s
currentSize : 27 <-- 4.974848 s

maxsize : 27
nodes : 603642.000000
filtered : 11356387.000000
CCGP filtered : 615912.000000
CCGT filtered : 189280.000000
time : 5.047692
