Parameters: GAD=1 vflib=1 dir=0 label=0 lowerbound=1 fileNameGp=../graphsdb/mcs90/m4D/m4D/mcs90_m4D_s20.A58 fileNameGt=../graphsdb/mcs90/m4D/m4D/mcs90_m4D_s20.B58
Reading graphs...
20 :  37
20 :  37
Initializing...
maxdom : 20
D->valSize : 400
Solving...
currentSize : 4 <-- 0.002164 s
currentSize : 5 <-- 0.002191 s
currentSize : 6 <-- 0.002238 s
currentSize : 7 <-- 0.002307 s
currentSize : 8 <-- 0.002654 s
currentSize : 10 <-- 0.005733 s
currentSize : 11 <-- 0.007308 s
currentSize : 13 <-- 0.009857 s
currentSize : 15 <-- 0.009941 s
currentSize : 16 <-- 0.010290 s
currentSize : 17 <-- 0.011334 s

maxsize : 17
nodes : 2252.000000
filtered : 47717.000000
CCGP filtered : 26144.000000
CCGT filtered : 16354.000000
time : 0.017296
