Parameters: GAD=1 vflib=1 dir=0 label=0 lowerbound=1 fileNameGp=../graphsdb/mcs90/m3D/m3Dr6/mcs90_m3Dr6_s30.A13 fileNameGt=../graphsdb/mcs90/m3D/m3Dr6/mcs90_m3Dr6_s30.B13
Reading graphs...
30 :  77
30 :  75
Initializing...
maxdom : 30
D->valSize : 900
Solving...
currentSize : 13 <-- 0.011030 s
currentSize : 15 <-- 0.011182 s
currentSize : 16 <-- 0.011223 s
currentSize : 17 <-- 0.058476 s
currentSize : 18 <-- 0.477824 s
currentSize : 19 <-- 16.414694 s
currentSize : 20 <-- 31.785208 s
currentSize : 22 <-- 31.996712 s
currentSize : 23 <-- 31.996880 s
currentSize : 27 <-- 31.996977 s

maxsize : 27
nodes : 3560071.000000
filtered : 64470602.000000
CCGP filtered : 4493145.000000
CCGT filtered : 2103106.000000
time : 32.044659
