Parameters: GAD=1 vflib=1 dir=0 label=0 lowerbound=1 fileNameGp=../graphsdb/mcs90/rand/r01/mcs90_r01_s30.A54 fileNameGt=../graphsdb/mcs90/rand/r01/mcs90_r01_s30.B54
Reading graphs...
30 :  82
30 :  83
Initializing...
maxdom : 30
D->valSize : 900
Solving...
currentSize : 11 <-- 0.010769 s
currentSize : 13 <-- 0.010842 s
currentSize : 14 <-- 0.011658 s
currentSize : 15 <-- 0.019650 s
currentSize : 16 <-- 0.020929 s
currentSize : 17 <-- 0.025120 s
currentSize : 18 <-- 7.194723 s
currentSize : 20 <-- 15.080463 s
currentSize : 22 <-- 15.084388 s
currentSize : 23 <-- 15.448883 s
currentSize : 26 <-- 15.590400 s
currentSize : 27 <-- 15.590529 s

maxsize : 27
nodes : 1737225.000000
filtered : 34065264.000000
CCGP filtered : 2322633.000000
CCGT filtered : 1989295.000000
time : 15.603925
