Parameters: GAD=1 vflib=1 dir=0 label=0 lowerbound=1 fileNameGp=../graphsdb/mcs90/m3D/m3Dr6/mcs90_m3Dr6_s30.A43 fileNameGt=../graphsdb/mcs90/m3D/m3Dr6/mcs90_m3Dr6_s30.B43
Reading graphs...
30 :  75
30 :  73
Initializing...
maxdom : 30
D->valSize : 900
Solving...
currentSize : 13 <-- 0.010609 s
currentSize : 14 <-- 0.010650 s
currentSize : 15 <-- 0.013535 s
currentSize : 16 <-- 0.013963 s
currentSize : 17 <-- 0.016207 s
currentSize : 18 <-- 0.139820 s
currentSize : 19 <-- 6.234820 s
currentSize : 20 <-- 10.569544 s
currentSize : 21 <-- 17.257116 s
currentSize : 27 <-- 20.505859 s

maxsize : 27
nodes : 2273915.000000
filtered : 50046058.000000
CCGP filtered : 2288270.000000
CCGT filtered : 1709554.000000
time : 20.558483
