Parameters: GAD=1 vflib=1 dir=0 label=0 lowerbound=1 fileNameGp=../graphsdb/mcs90/m4D/m4D/mcs90_m4D_s20.A22 fileNameGt=../graphsdb/mcs90/m4D/m4D/mcs90_m4D_s20.B22
Reading graphs...
20 :  37
20 :  37
Initializing...
maxdom : 20
D->valSize : 400
Solving...
currentSize : 5 <-- 0.002235 s
currentSize : 7 <-- 0.002283 s
currentSize : 8 <-- 0.002368 s
currentSize : 9 <-- 0.002559 s
currentSize : 12 <-- 0.003918 s
currentSize : 13 <-- 0.003977 s
currentSize : 14 <-- 0.010807 s
currentSize : 15 <-- 0.024174 s
currentSize : 16 <-- 0.024231 s
currentSize : 17 <-- 0.025635 s
currentSize : 18 <-- 0.026143 s

maxsize : 18
nodes : 3148.000000
filtered : 69133.000000
CCGP filtered : 30473.000000
CCGT filtered : 32961.000000
time : 0.026768
