Parameters: GAD=1 vflib=1 dir=0 label=0 lowerbound=1 fileNameGp=../graphsdb/mcs90/bvg/b06m/mcs90_b06m_s30.A72 fileNameGt=../graphsdb/mcs90/bvg/b06m/mcs90_b06m_s30.B72
Reading graphs...
30 :  89
30 :  89
Initializing...
maxdom : 30
D->valSize : 900
Solving...
currentSize : 12 <-- 0.010206 s
currentSize : 13 <-- 0.010251 s
currentSize : 14 <-- 0.010343 s
currentSize : 15 <-- 0.014783 s
currentSize : 16 <-- 0.020268 s
currentSize : 17 <-- 0.372248 s
currentSize : 18 <-- 6.481187 s
currentSize : 19 <-- 10.254668 s
currentSize : 20 <-- 14.810791 s
currentSize : 25 <-- 18.227743 s
currentSize : 27 <-- 18.263063 s

maxsize : 27
nodes : 1886112.000000
filtered : 45135402.000000
CCGP filtered : 3975462.000000
CCGT filtered : 1651839.000000
time : 18.287395
