Parameters: GAD=1 vflib=1 dir=0 label=0 lowerbound=1 fileNameGp=../graphsdb/mcs90/bvg/b09m/mcs90_b09m_s35.A99 fileNameGt=../graphsdb/mcs90/bvg/b09m/mcs90_b09m_s35.B99
Reading graphs...
35 :  151
35 :  152
Initializing...
maxdom : 35
D->valSize : 1225
Solving...
currentSize : 11 <-- 0.031427 s
currentSize : 13 <-- 0.031559 s
currentSize : 14 <-- 0.032562 s
currentSize : 15 <-- 0.070734 s
currentSize : 16 <-- 1.535357 s
currentSize : 17 <-- 4.284344 s
currentSize : 18 <-- 184.335205 s
currentSize : 19 <-- 262.732117 s
currentSize : 20 <-- 262.732849 s
currentSize : 22 <-- 322.789642 s
currentSize : 23 <-- 340.427277 s
currentSize : 30 <-- 340.427582 s

maxsize : 30
nodes : 29423692.000000
filtered : 615118543.000000
CCGP filtered : 13296874.000000
CCGT filtered : 10105911.000000
time : 340.645813
