Parameters: GAD=1 vflib=1 dir=0 label=0 lowerbound=1 fileNameGp=../graphsdb/mcs90/rand/r01/mcs90_r01_s35.A15 fileNameGt=../graphsdb/mcs90/rand/r01/mcs90_r01_s35.B15
Reading graphs...
35 :  112
35 :  112
Initializing...
maxdom : 35
D->valSize : 1225
Solving...
currentSize : 13 <-- 0.023806 s
currentSize : 14 <-- 0.024133 s
currentSize : 15 <-- 0.024378 s
currentSize : 16 <-- 0.024618 s
currentSize : 17 <-- 0.044999 s
currentSize : 18 <-- 0.053166 s
currentSize : 19 <-- 2.750268 s
currentSize : 20 <-- 42.931553 s
currentSize : 22 <-- 72.804031 s
currentSize : 25 <-- 83.362778 s
currentSize : 26 <-- 87.578194 s
currentSize : 28 <-- 87.677010 s
currentSize : 31 <-- 87.677193 s

maxsize : 31
nodes : 7601137.000000
filtered : 198372058.000000
CCGP filtered : 11978907.000000
CCGT filtered : 12550374.000000
time : 87.763016
