Parameters: GAD=1 vflib=1 dir=0 label=0 lowerbound=1 fileNameGp=../graphsdb/mcs90/bvg/b06m/mcs90_b06m_s30.A91 fileNameGt=../graphsdb/mcs90/bvg/b06m/mcs90_b06m_s30.B91
Reading graphs...
30 :  89
30 :  88
Initializing...
maxdom : 30
D->valSize : 900
Solving...
currentSize : 10 <-- 0.010126 s
currentSize : 12 <-- 0.010161 s
currentSize : 13 <-- 0.010291 s
currentSize : 14 <-- 0.010947 s
currentSize : 15 <-- 0.011720 s
currentSize : 16 <-- 0.241237 s
currentSize : 17 <-- 0.347509 s
currentSize : 18 <-- 0.428343 s
currentSize : 19 <-- 5.737900 s
currentSize : 20 <-- 5.956465 s
currentSize : 21 <-- 6.060673 s
currentSize : 23 <-- 6.521068 s
currentSize : 25 <-- 6.599679 s
currentSize : 27 <-- 6.619365 s

maxsize : 27
nodes : 692499.000000
filtered : 17732350.000000
CCGP filtered : 2302614.000000
CCGT filtered : 886951.000000
time : 6.633879
