Parameters: GAD=1 vflib=1 dir=0 label=0 lowerbound=1 fileNameGp=../graphsdb/mcs90/m4D/m4Dr2/mcs90_m4Dr2_s20.A67 fileNameGt=../graphsdb/mcs90/m4D/m4Dr2/mcs90_m4Dr2_s20.B67
Reading graphs...
20 :  39
20 :  39
Initializing...
maxdom : 20
D->valSize : 400
Solving...
currentSize : 5 <-- 0.002261 s
currentSize : 7 <-- 0.002287 s
currentSize : 8 <-- 0.002462 s
currentSize : 10 <-- 0.002591 s
currentSize : 12 <-- 0.002641 s
currentSize : 13 <-- 0.003665 s
currentSize : 14 <-- 0.004737 s
currentSize : 15 <-- 0.006676 s
currentSize : 16 <-- 0.035702 s

maxsize : 16
nodes : 5773.000000
filtered : 149097.000000
CCGP filtered : 68867.000000
CCGT filtered : 27169.000000
time : 0.044266
