Parameters: GAD=1 vflib=1 dir=0 label=0 lowerbound=1 fileNameGp=../graphsdb/mcs90/rand/r005/mcs90_r005_s30.A23 fileNameGt=../graphsdb/mcs90/rand/r005/mcs90_r005_s30.B23
Reading graphs...
30 :  42
30 :  42
Initializing...
maxdom : 30
D->valSize : 900
Solving...
currentSize : 12 <-- 0.011442 s
currentSize : 13 <-- 0.011582 s
currentSize : 14 <-- 0.011707 s
currentSize : 15 <-- 0.012113 s
currentSize : 16 <-- 0.012537 s
currentSize : 17 <-- 0.012675 s
currentSize : 18 <-- 0.019909 s
currentSize : 19 <-- 0.019976 s
currentSize : 20 <-- 0.029368 s
currentSize : 21 <-- 0.029570 s
currentSize : 22 <-- 0.305432 s
currentSize : 23 <-- 0.326841 s
currentSize : 24 <-- 0.547627 s
currentSize : 25 <-- 0.547934 s
currentSize : 27 <-- 0.560255 s

maxsize : 27
nodes : 56927.000000
filtered : 1359331.000000
CCGP filtered : 1264694.000000
CCGT filtered : 749355.000000
time : 0.581390
