Parameters: GAD=1 vflib=1 dir=0 label=0 lowerbound=1 fileNameGp=../graphsdb/mcs90/bvg/b06m/mcs90_b06m_s35.A63 fileNameGt=../graphsdb/mcs90/bvg/b06m/mcs90_b06m_s35.B63
Reading graphs...
35 :  103
35 :  103
Initializing...
maxdom : 35
D->valSize : 1225
Solving...
currentSize : 15 <-- 0.019615 s
currentSize : 16 <-- 0.020127 s
currentSize : 17 <-- 0.024042 s
currentSize : 18 <-- 0.034711 s
currentSize : 19 <-- 0.104177 s
currentSize : 20 <-- 0.112996 s
currentSize : 22 <-- 5.139216 s
currentSize : 24 <-- 5.152976 s
currentSize : 25 <-- 7.613457 s
currentSize : 26 <-- 7.614355 s
currentSize : 31 <-- 9.608564 s

maxsize : 31
nodes : 825206.000000
filtered : 30450510.000000
CCGP filtered : 1961752.000000
CCGT filtered : 1058769.000000
time : 9.701187
