Parameters: GAD=1 vflib=1 dir=0 label=0 lowerbound=1 fileNameGp=../graphsdb/mcs90/rand/r005/mcs90_r005_s30.A19 fileNameGt=../graphsdb/mcs90/rand/r005/mcs90_r005_s30.B19
Reading graphs...
30 :  40
30 :  40
Initializing...
maxdom : 30
D->valSize : 900
Solving...
currentSize : 14 <-- 0.011368 s
currentSize : 15 <-- 0.011503 s
currentSize : 16 <-- 0.011550 s
currentSize : 18 <-- 0.011592 s
currentSize : 19 <-- 0.011630 s
currentSize : 20 <-- 0.100182 s
currentSize : 21 <-- 0.209131 s
currentSize : 22 <-- 0.290812 s
currentSize : 23 <-- 0.694942 s
currentSize : 24 <-- 0.695191 s
currentSize : 25 <-- 0.737341 s
currentSize : 26 <-- 0.770165 s
currentSize : 27 <-- 0.770207 s

maxsize : 27
nodes : 93064.000000
filtered : 1797205.000000
CCGP filtered : 1526646.000000
CCGT filtered : 626154.000000
time : 0.781990
