Parameters: GAD=1 vflib=1 dir=0 label=0 lowerbound=1 fileNameGp=../graphsdb/mcs90/bvg/b03m/mcs90_b03m_s35.A57 fileNameGt=../graphsdb/mcs90/bvg/b03m/mcs90_b03m_s35.B57
Reading graphs...
35 :  52
35 :  52
Initializing...
maxdom : 35
D->valSize : 1225
Solving...
currentSize : 14 <-- 0.036968 s
currentSize : 16 <-- 0.037195 s
currentSize : 17 <-- 0.038041 s
currentSize : 18 <-- 0.040283 s
currentSize : 19 <-- 0.040402 s
currentSize : 20 <-- 0.046453 s
currentSize : 21 <-- 0.052189 s
currentSize : 22 <-- 0.060706 s
currentSize : 23 <-- 0.064482 s
currentSize : 24 <-- 0.862829 s
currentSize : 25 <-- 1.425947 s
currentSize : 26 <-- 1.428991 s
currentSize : 30 <-- 2.420337 s

maxsize : 30
nodes : 241193.000000
filtered : 6268594.000000
CCGP filtered : 7069139.000000
CCGT filtered : 3178012.000000
time : 2.745217
