Parameters: GAD=1 vflib=1 dir=0 label=0 lowerbound=1 fileNameGp=../graphsdb/mcs90/bvg/b06m/mcs90_b06m_s35.A74 fileNameGt=../graphsdb/mcs90/bvg/b06m/mcs90_b06m_s35.B74
Reading graphs...
35 :  104
35 :  104
Initializing...
maxdom : 35
D->valSize : 1225
Solving...
currentSize : 14 <-- 0.019902 s
currentSize : 16 <-- 0.019955 s
currentSize : 17 <-- 0.021374 s
currentSize : 18 <-- 0.032146 s
currentSize : 19 <-- 0.176111 s
currentSize : 20 <-- 8.568213 s
currentSize : 21 <-- 8.569229 s
currentSize : 22 <-- 8.740165 s
currentSize : 23 <-- 8.762724 s
currentSize : 27 <-- 8.907419 s
currentSize : 31 <-- 8.953461 s

maxsize : 31
nodes : 887719.000000
filtered : 16425579.000000
CCGP filtered : 1775080.000000
CCGT filtered : 1115661.000000
time : 9.075062
