Parameters: GAD=1 vflib=1 dir=0 label=0 lowerbound=1 fileNameGp=../graphsdb/mcs10/rand/r005/mcs10_r005_s35.A91 fileNameGt=../graphsdb/mcs10/rand/r005/mcs10_r005_s35.B91
Reading graphs...
35 :  59
35 :  61
Initializing...
maxdom : 35
D->valSize : 1225
Solving...
currentSize : 11 <-- 0.020605 s
currentSize : 14 <-- 0.020883 s
currentSize : 15 <-- 0.020912 s
currentSize : 17 <-- 0.020943 s
currentSize : 18 <-- 0.022165 s
currentSize : 20 <-- 0.028816 s
currentSize : 21 <-- 0.048180 s
currentSize : 22 <-- 0.149801 s
currentSize : 23 <-- 1.097303 s
currentSize : 24 <-- 21.470549 s
currentSize : 25 <-- 27.882910 s

maxsize : 25
nodes : 15351553.000000
filtered : 457657572.000000
CCGP filtered : 139644289.000000
CCGT filtered : 87937487.000000
time : 159.753342
