Parameters: GAD=1 vflib=1 dir=0 label=0 lowerbound=1 fileNameGp=../graphsdb/mcs10/rand/r005/mcs10_r005_s30.A16 fileNameGt=../graphsdb/mcs10/rand/r005/mcs10_r005_s30.B16
Reading graphs...
30 :  43
30 :  43
Initializing...
maxdom : 30
D->valSize : 900
Solving...
currentSize : 11 <-- 0.011072 s
currentSize : 13 <-- 0.011128 s
currentSize : 16 <-- 0.011315 s
currentSize : 17 <-- 0.011506 s
currentSize : 18 <-- 0.015313 s
currentSize : 19 <-- 0.019955 s
currentSize : 20 <-- 0.021734 s
currentSize : 21 <-- 0.025184 s
currentSize : 22 <-- 0.043563 s

maxsize : 22
nodes : 1083110.000000
filtered : 27978644.000000
CCGP filtered : 19441437.000000
CCGT filtered : 8451700.000000
time : 9.526941
