Parameters: GAD=1 vflib=1 dir=0 label=0 lowerbound=1 fileNameGp=../graphsdb/mcs10/rand/r005/mcs10_r005_s35.A01 fileNameGt=../graphsdb/mcs10/rand/r005/mcs10_r005_s35.B01
Reading graphs...
35 :  60
35 :  60
Initializing...
maxdom : 35
D->valSize : 1225
Solving...
currentSize : 15 <-- 0.020642 s
currentSize : 17 <-- 0.020815 s
currentSize : 18 <-- 0.020883 s
currentSize : 19 <-- 0.030647 s
currentSize : 20 <-- 0.042529 s
currentSize : 21 <-- 0.046396 s
currentSize : 22 <-- 0.184981 s
currentSize : 23 <-- 1.747070 s
currentSize : 24 <-- 22.151192 s
currentSize : 25 <-- 61.877609 s

maxsize : 25
nodes : 13738314.000000
filtered : 375350879.000000
CCGP filtered : 117730646.000000
CCGT filtered : 70798876.000000
time : 132.034393
