Parameters: GAD=1 vflib=1 dir=0 label=0 lowerbound=1 fileNameGp=../graphsdb/mcs10/rand/r005/mcs10_r005_s25.A91 fileNameGt=../graphsdb/mcs10/rand/r005/mcs10_r005_s25.B91
Reading graphs...
25 :  31
25 :  31
Initializing...
maxdom : 25
D->valSize : 625
Solving...
currentSize : 7 <-- 0.005466 s
currentSize : 9 <-- 0.005510 s
currentSize : 10 <-- 0.005583 s
currentSize : 11 <-- 0.005791 s
currentSize : 12 <-- 0.005886 s
currentSize : 13 <-- 0.006182 s
currentSize : 14 <-- 0.013089 s
currentSize : 15 <-- 0.013147 s
currentSize : 16 <-- 0.014544 s
currentSize : 17 <-- 0.023646 s
currentSize : 18 <-- 0.077527 s

maxsize : 18
nodes : 62015.000000
filtered : 1462157.000000
CCGP filtered : 1725255.000000
CCGT filtered : 955401.000000
time : 0.555831
