Parameters: GAD=1 vflib=1 dir=0 label=0 lowerbound=1 fileNameGp=../graphsdb/mcs10/rand/r005/mcs10_r005_s30.A80 fileNameGt=../graphsdb/mcs10/rand/r005/mcs10_r005_s30.B80
Reading graphs...
30 :  45
30 :  45
Initializing...
maxdom : 30
D->valSize : 900
Solving...
currentSize : 10 <-- 0.011065 s
currentSize : 12 <-- 0.011234 s
currentSize : 13 <-- 0.011343 s
currentSize : 14 <-- 0.011429 s
currentSize : 16 <-- 0.011668 s
currentSize : 17 <-- 0.039669 s
currentSize : 18 <-- 0.095424 s
currentSize : 19 <-- 0.111619 s
currentSize : 20 <-- 0.263106 s
currentSize : 21 <-- 0.744480 s

maxsize : 21
nodes : 373948.000000
filtered : 8545911.000000
CCGP filtered : 5522681.000000
CCGT filtered : 2754132.000000
time : 3.145272
