Parameters: GAD=1 vflib=1 dir=0 label=0 lowerbound=1 fileNameGp=../graphsdb/mcs10/rand/r005/mcs10_r005_s35.A36 fileNameGt=../graphsdb/mcs10/rand/r005/mcs10_r005_s35.B36
Reading graphs...
35 :  61
35 :  60
Initializing...
maxdom : 35
D->valSize : 1225
Solving...
currentSize : 13 <-- 0.020621 s
currentSize : 18 <-- 0.020745 s
currentSize : 19 <-- 0.028939 s
currentSize : 20 <-- 0.029467 s
currentSize : 21 <-- 0.035590 s
currentSize : 22 <-- 0.626597 s
currentSize : 23 <-- 10.722026 s
currentSize : 24 <-- 152.297897 s
currentSize : 25 <-- 167.295319 s

maxsize : 25
nodes : 32396659.000000
filtered : 839824889.000000
CCGP filtered : 309066817.000000
CCGT filtered : 155778086.000000
time : 309.823669
