Parameters: GAD=1 vflib=1 dir=0 label=0 lowerbound=1 fileNameGp=../graphsdb/mcs10/rand/r005/mcs10_r005_s35.A48 fileNameGt=../graphsdb/mcs10/rand/r005/mcs10_r005_s35.B48
Reading graphs...
35 :  60
35 :  60
Initializing...
maxdom : 35
D->valSize : 1225
Solving...
currentSize : 14 <-- 0.020570 s
currentSize : 17 <-- 0.020613 s
currentSize : 18 <-- 0.021583 s
currentSize : 19 <-- 0.057043 s
currentSize : 20 <-- 0.131053 s
currentSize : 21 <-- 0.179101 s
currentSize : 22 <-- 0.594943 s
currentSize : 23 <-- 8.730067 s
currentSize : 24 <-- 45.274033 s

maxsize : 24
nodes : 15915574.000000
filtered : 505328649.000000
CCGP filtered : 192001839.000000
CCGT filtered : 185678768.000000
time : 180.857269
