Parameters: GAD=1 vflib=1 dir=0 label=0 lowerbound=1 fileNameGp=../graphsdb/mcs10/rand/r005/mcs10_r005_s35.A37 fileNameGt=../graphsdb/mcs10/rand/r005/mcs10_r005_s35.B37
Reading graphs...
35 :  60
35 :  59
Initializing...
maxdom : 35
D->valSize : 1225
Solving...
currentSize : 15 <-- 0.020784 s
currentSize : 16 <-- 0.020829 s
currentSize : 17 <-- 0.020964 s
currentSize : 18 <-- 0.021382 s
currentSize : 19 <-- 0.021570 s
currentSize : 20 <-- 0.038355 s
currentSize : 21 <-- 0.045343 s
currentSize : 22 <-- 1.384530 s
currentSize : 23 <-- 6.424220 s
currentSize : 24 <-- 6.440274 s
currentSize : 25 <-- 328.645447 s

maxsize : 25
nodes : 47413821.000000
filtered : 1343637565.000000
CCGP filtered : 609435722.000000
CCGT filtered : 304928032.000000
time : 471.726471
