Parameters: GAD=1 vflib=1 dir=0 label=0 lowerbound=1 fileNameGp=../graphsdb/mcs10/rand/r005/mcs10_r005_s35.A62 fileNameGt=../graphsdb/mcs10/rand/r005/mcs10_r005_s35.B62
Reading graphs...
35 :  61
35 :  60
Initializing...
maxdom : 35
D->valSize : 1225
Solving...
currentSize : 14 <-- 0.020601 s
currentSize : 15 <-- 0.020641 s
currentSize : 16 <-- 0.020704 s
currentSize : 17 <-- 0.020805 s
currentSize : 18 <-- 0.020832 s
currentSize : 19 <-- 0.021118 s
currentSize : 20 <-- 0.026375 s
currentSize : 21 <-- 0.051065 s
currentSize : 22 <-- 0.051191 s
currentSize : 23 <-- 0.109897 s
currentSize : 24 <-- 29.315784 s

maxsize : 24
nodes : 12310003.000000
filtered : 337164390.000000
CCGP filtered : 83377443.000000
CCGT filtered : 80176998.000000
time : 121.163536
