Parameters: GAD=1 vflib=1 dir=0 label=0 lowerbound=1 fileNameGp=../graphsdb/mcs10/rand/r005/mcs10_r005_s35.A80 fileNameGt=../graphsdb/mcs10/rand/r005/mcs10_r005_s35.B80
Reading graphs...
35 :  61
35 :  61
Initializing...
maxdom : 35
D->valSize : 1225
Solving...
currentSize : 16 <-- 0.020855 s
currentSize : 17 <-- 0.020960 s
currentSize : 18 <-- 0.021196 s
currentSize : 19 <-- 0.021410 s
currentSize : 20 <-- 0.021761 s
currentSize : 21 <-- 0.106513 s
currentSize : 22 <-- 0.486701 s
currentSize : 23 <-- 5.453929 s
currentSize : 24 <-- 10.162827 s

maxsize : 24
nodes : 100413641.000000
filtered : 2667420687.000000
CCGP filtered : 849479197.000000
CCGT filtered : 446023325.000000
time : 978.127380
