Parameters: GAD=1 vflib=1 dir=0 label=0 lowerbound=1 fileNameGp=../graphsdb/mcs10/rand/r005/mcs10_r005_s35.A19 fileNameGt=../graphsdb/mcs10/rand/r005/mcs10_r005_s35.B19
Reading graphs...
35 :  61
35 :  61
Initializing...
maxdom : 35
D->valSize : 1225
Solving...
currentSize : 16 <-- 0.020687 s
currentSize : 18 <-- 0.020760 s
currentSize : 19 <-- 0.021179 s
currentSize : 20 <-- 0.022820 s
currentSize : 21 <-- 0.028120 s
currentSize : 22 <-- 0.186730 s
currentSize : 23 <-- 1.881825 s
currentSize : 24 <-- 2.917096 s
currentSize : 25 <-- 17.816179 s

maxsize : 25
nodes : 11961132.000000
filtered : 383110453.000000
CCGP filtered : 113596159.000000
CCGT filtered : 89333561.000000
time : 127.604843
