Parameters: GAD=1 vflib=1 dir=0 label=0 lowerbound=1 fileNameGp=../graphsdb/mcs10/rand/r005/mcs10_r005_s25.A83 fileNameGt=../graphsdb/mcs10/rand/r005/mcs10_r005_s25.B83
Reading graphs...
25 :  31
25 :  29
Initializing...
maxdom : 25
D->valSize : 625
Solving...
currentSize : 12 <-- 0.005446 s
currentSize : 13 <-- 0.005625 s
currentSize : 14 <-- 0.005667 s
currentSize : 15 <-- 0.005764 s
currentSize : 16 <-- 0.005810 s
currentSize : 17 <-- 0.035136 s
currentSize : 18 <-- 0.035563 s
currentSize : 19 <-- 0.059719 s
currentSize : 20 <-- 0.059885 s

maxsize : 20
nodes : 14748.000000
filtered : 259330.000000
CCGP filtered : 291441.000000
CCGT filtered : 58788.000000
time : 0.099802
