Parameters: GAD=1 vflib=1 dir=0 label=0 lowerbound=1 fileNameGp=../graphsdb/mcs10/rand/r005/mcs10_r005_s35.A26 fileNameGt=../graphsdb/mcs10/rand/r005/mcs10_r005_s35.B26
Reading graphs...
35 :  60
35 :  61
Initializing...
maxdom : 35
D->valSize : 1225
Solving...
currentSize : 15 <-- 0.020688 s
currentSize : 16 <-- 0.022329 s
currentSize : 17 <-- 0.026917 s
currentSize : 18 <-- 0.027479 s
currentSize : 19 <-- 0.027916 s
currentSize : 20 <-- 0.171462 s
currentSize : 21 <-- 1.106507 s
currentSize : 22 <-- 2.326337 s
currentSize : 23 <-- 5.448546 s
currentSize : 24 <-- 7.174491 s

maxsize : 24
nodes : 15440880.000000
filtered : 455519920.000000
CCGP filtered : 220622399.000000
CCGT filtered : 147127776.000000
time : 163.122208
