Parameters: GAD=1 vflib=1 dir=0 label=0 lowerbound=1 fileNameGp=../graphsdb/mcs10/rand/r005/mcs10_r005_s35.A22 fileNameGt=../graphsdb/mcs10/rand/r005/mcs10_r005_s35.B22
Reading graphs...
35 :  61
35 :  58
Initializing...
maxdom : 35
D->valSize : 1225
Solving...
currentSize : 14 <-- 0.020679 s
currentSize : 16 <-- 0.020809 s
currentSize : 17 <-- 0.021194 s
currentSize : 18 <-- 0.021861 s
currentSize : 19 <-- 0.022163 s
currentSize : 20 <-- 0.127587 s
currentSize : 21 <-- 0.166258 s
currentSize : 22 <-- 0.983850 s
currentSize : 23 <-- 1.992127 s
currentSize : 24 <-- 30.199936 s
currentSize : 25 <-- 61.214836 s

maxsize : 25
nodes : 19547209.000000
filtered : 580370229.000000
CCGP filtered : 180627198.000000
CCGT filtered : 135532757.000000
time : 197.693939
