Parameters: GAD=1 vflib=1 dir=0 label=0 lowerbound=1 fileNameGp=../graphsdb/mcs10/rand/r005/mcs10_r005_s35.A85 fileNameGt=../graphsdb/mcs10/rand/r005/mcs10_r005_s35.B85
Reading graphs...
35 :  59
35 :  61
Initializing...
maxdom : 35
D->valSize : 1225
Solving...
currentSize : 14 <-- 0.020636 s
currentSize : 15 <-- 0.020858 s
currentSize : 16 <-- 0.033457 s
currentSize : 17 <-- 0.036138 s
currentSize : 18 <-- 0.036527 s
currentSize : 19 <-- 0.038786 s
currentSize : 20 <-- 0.187584 s
currentSize : 21 <-- 0.393808 s
currentSize : 22 <-- 1.172763 s
currentSize : 23 <-- 1.716330 s
currentSize : 24 <-- 6.608626 s
currentSize : 25 <-- 31.085588 s

maxsize : 25
nodes : 6473698.000000
filtered : 202553597.000000
CCGP filtered : 116398807.000000
CCGT filtered : 57890964.000000
time : 69.914299
