Parameters: GAD=1 vflib=1 dir=0 label=0 lowerbound=1 fileNameGp=../graphsdb/mcs10/rand/r005/mcs10_r005_s25.A87 fileNameGt=../graphsdb/mcs10/rand/r005/mcs10_r005_s25.B87
Reading graphs...
25 :  31
25 :  30
Initializing...
maxdom : 25
D->valSize : 625
Solving...
currentSize : 7 <-- 0.005424 s
currentSize : 8 <-- 0.005472 s
currentSize : 10 <-- 0.005528 s
currentSize : 12 <-- 0.005780 s
currentSize : 13 <-- 0.008016 s
currentSize : 14 <-- 0.008056 s
currentSize : 15 <-- 0.014407 s
currentSize : 16 <-- 0.014887 s
currentSize : 17 <-- 0.018469 s

maxsize : 17
nodes : 24017.000000
filtered : 472009.000000
CCGP filtered : 758850.000000
CCGT filtered : 358403.000000
time : 0.189683
