Parameters: GAD=1 vflib=1 dir=0 label=0 lowerbound=1 fileNameGp=../graphsdb/mcs10/rand/r005/mcs10_r005_s25.A53 fileNameGt=../graphsdb/mcs10/rand/r005/mcs10_r005_s25.B53
Reading graphs...
25 :  31
25 :  31
Initializing...
maxdom : 25
D->valSize : 625
Solving...
currentSize : 6 <-- 0.005458 s
currentSize : 8 <-- 0.005548 s
currentSize : 9 <-- 0.005627 s
currentSize : 11 <-- 0.005674 s
currentSize : 12 <-- 0.006026 s
currentSize : 13 <-- 0.006070 s
currentSize : 14 <-- 0.006164 s
currentSize : 15 <-- 0.006275 s
currentSize : 16 <-- 0.007083 s
currentSize : 17 <-- 0.066894 s
currentSize : 19 <-- 0.122276 s

maxsize : 19
nodes : 43646.000000
filtered : 819218.000000
CCGP filtered : 1015197.000000
CCGT filtered : 333223.000000
time : 0.356864
