Parameters: GAD=1 vflib=1 dir=0 label=0 lowerbound=1 fileNameGp=../graphsdb/mcs10/rand/r005/mcs10_r005_s30.A96 fileNameGt=../graphsdb/mcs10/rand/r005/mcs10_r005_s30.B96
Reading graphs...
30 :  45
30 :  44
Initializing...
maxdom : 30
D->valSize : 900
Solving...
currentSize : 14 <-- 0.011157 s
currentSize : 15 <-- 0.011268 s
currentSize : 16 <-- 0.011622 s
currentSize : 17 <-- 0.011693 s
currentSize : 18 <-- 0.011805 s
currentSize : 19 <-- 0.013573 s
currentSize : 20 <-- 0.441588 s
currentSize : 21 <-- 3.242710 s
currentSize : 22 <-- 4.147522 s

maxsize : 22
nodes : 1143216.000000
filtered : 25721989.000000
CCGP filtered : 17451156.000000
CCGT filtered : 5706851.000000
time : 9.196680
