Parameters: GAD=1 vflib=1 dir=0 label=0 lowerbound=1 fileNameGp=../graphsdb/mcs10/rand/r005/mcs10_r005_s25.A80 fileNameGt=../graphsdb/mcs10/rand/r005/mcs10_r005_s25.B80
Reading graphs...
25 :  31
25 :  31
Initializing...
maxdom : 25
D->valSize : 625
Solving...
currentSize : 6 <-- 0.005406 s
currentSize : 7 <-- 0.005445 s
currentSize : 8 <-- 0.005466 s
currentSize : 10 <-- 0.005796 s
currentSize : 11 <-- 0.005940 s
currentSize : 12 <-- 0.008835 s
currentSize : 13 <-- 0.008904 s
currentSize : 14 <-- 0.009461 s
currentSize : 15 <-- 0.010754 s
currentSize : 16 <-- 0.036501 s
currentSize : 17 <-- 0.038837 s
currentSize : 18 <-- 0.087888 s

maxsize : 18
nodes : 36918.000000
filtered : 783023.000000
CCGP filtered : 939451.000000
CCGT filtered : 632839.000000
time : 0.300998
