Parameters: GAD=1 vflib=1 dir=0 label=0 lowerbound=1 fileNameGp=../graphsdb/mcs10/rand/r005/mcs10_r005_s30.A45 fileNameGt=../graphsdb/mcs10/rand/r005/mcs10_r005_s30.B45
Reading graphs...
30 :  44
30 :  43
Initializing...
maxdom : 30
D->valSize : 900
Solving...
currentSize : 13 <-- 0.012484 s
currentSize : 14 <-- 0.012628 s
currentSize : 15 <-- 0.014179 s
currentSize : 16 <-- 0.016020 s
currentSize : 17 <-- 0.017316 s
currentSize : 18 <-- 0.021447 s
currentSize : 19 <-- 0.043603 s
currentSize : 20 <-- 0.043839 s
currentSize : 21 <-- 0.043918 s

maxsize : 21
nodes : 295111.000000
filtered : 9271705.000000
CCGP filtered : 5578186.000000
CCGT filtered : 6967081.000000
time : 3.246807
