Parameters: GAD=1 vflib=1 dir=0 label=0 lowerbound=1 fileNameGp=../graphsdb/mcs10/rand/r005/mcs10_r005_s30.A36 fileNameGt=../graphsdb/mcs10/rand/r005/mcs10_r005_s30.B36
Reading graphs...
30 :  45
30 :  45
Initializing...
maxdom : 30
D->valSize : 900
Solving...
currentSize : 13 <-- 0.011764 s
currentSize : 14 <-- 0.011821 s
currentSize : 15 <-- 0.012141 s
currentSize : 16 <-- 0.012352 s
currentSize : 17 <-- 0.042092 s
currentSize : 18 <-- 0.042158 s
currentSize : 19 <-- 0.045366 s
currentSize : 20 <-- 0.095939 s
currentSize : 21 <-- 0.285020 s
currentSize : 22 <-- 1.987169 s

maxsize : 22
nodes : 1190921.000000
filtered : 29503577.000000
CCGP filtered : 20072204.000000
CCGT filtered : 7564741.000000
time : 10.223527
