Parameters: GAD=1 vflib=1 dir=0 label=0 lowerbound=1 fileNameGp=../graphsdb/mcs10/rand/r005/mcs10_r005_s30.A08 fileNameGt=../graphsdb/mcs10/rand/r005/mcs10_r005_s30.B08
Reading graphs...
30 :  45
30 :  44
Initializing...
maxdom : 30
D->valSize : 900
Solving...
currentSize : 8 <-- 0.010965 s
currentSize : 10 <-- 0.011090 s
currentSize : 12 <-- 0.011393 s
currentSize : 13 <-- 0.011919 s
currentSize : 15 <-- 0.012148 s
currentSize : 16 <-- 0.015638 s
currentSize : 17 <-- 0.033759 s
currentSize : 18 <-- 0.464115 s
currentSize : 19 <-- 0.486529 s
currentSize : 20 <-- 1.995636 s
currentSize : 21 <-- 3.003412 s
currentSize : 22 <-- 3.003492 s

maxsize : 22
nodes : 560837.000000
filtered : 12548947.000000
CCGP filtered : 8441172.000000
CCGT filtered : 6304586.000000
time : 5.086689
