Parameters: GAD=1 vflib=1 dir=0 label=0 lowerbound=1 fileNameGp=../graphsdb/mcs10/rand/r005/mcs10_r005_s35.A73 fileNameGt=../graphsdb/mcs10/rand/r005/mcs10_r005_s35.B73
Reading graphs...
35 :  60
35 :  61
Initializing...
maxdom : 35
D->valSize : 1225
Solving...
currentSize : 13 <-- 0.020506 s
currentSize : 14 <-- 0.020638 s
currentSize : 15 <-- 0.020707 s
currentSize : 16 <-- 0.036589 s
currentSize : 17 <-- 0.039151 s
currentSize : 18 <-- 0.072981 s
currentSize : 19 <-- 0.073492 s
currentSize : 20 <-- 0.079661 s
currentSize : 21 <-- 0.156030 s
currentSize : 22 <-- 0.437010 s
currentSize : 23 <-- 20.776548 s
currentSize : 24 <-- 116.996239 s

maxsize : 24
nodes : 28779440.000000
filtered : 769198158.000000
CCGP filtered : 294576920.000000
CCGT filtered : 166186623.000000
time : 285.783569
