Parameters: GAD=1 vflib=1 dir=0 label=0 lowerbound=1 fileNameGp=../graphsdb/mcs10/rand/r005/mcs10_r005_s35.A86 fileNameGt=../graphsdb/mcs10/rand/r005/mcs10_r005_s35.B86
Reading graphs...
35 :  60
35 :  60
Initializing...
maxdom : 35
D->valSize : 1225
Solving...
currentSize : 14 <-- 0.020788 s
currentSize : 17 <-- 0.020862 s
currentSize : 18 <-- 0.020985 s
currentSize : 19 <-- 0.023728 s
currentSize : 20 <-- 0.024082 s
currentSize : 21 <-- 0.034868 s
currentSize : 22 <-- 0.134032 s
currentSize : 24 <-- 0.289617 s
currentSize : 25 <-- 56.682468 s

maxsize : 25
nodes : 16747307.000000
filtered : 519674082.000000
CCGP filtered : 171084647.000000
CCGT filtered : 113049586.000000
time : 174.742966
