Parameters: GAD=1 vflib=1 dir=0 label=0 lowerbound=1 fileNameGp=../graphsdb/mcs10/rand/r005/mcs10_r005_s35.A76 fileNameGt=../graphsdb/mcs10/rand/r005/mcs10_r005_s35.B76
Reading graphs...
35 :  59
35 :  59
Initializing...
maxdom : 35
D->valSize : 1225
Solving...
currentSize : 14 <-- 0.020828 s
currentSize : 18 <-- 0.020891 s
currentSize : 19 <-- 0.023882 s
currentSize : 20 <-- 0.028018 s
currentSize : 21 <-- 0.052108 s
currentSize : 22 <-- 0.353668 s
currentSize : 23 <-- 1.707740 s
currentSize : 24 <-- 3.306864 s
currentSize : 25 <-- 205.840225 s

maxsize : 25
nodes : 31566518.000000
filtered : 925376645.000000
CCGP filtered : 404300250.000000
CCGT filtered : 204387588.000000
time : 323.949432
