Parameters: GAD=1 vflib=1 dir=0 label=0 lowerbound=1 fileNameGp=../graphsdb/mcs10/rand/r005/mcs10_r005_s25.A78 fileNameGt=../graphsdb/mcs10/rand/r005/mcs10_r005_s25.B78
Reading graphs...
25 :  30
25 :  30
Initializing...
maxdom : 25
D->valSize : 625
Solving...
currentSize : 11 <-- 0.005475 s
currentSize : 12 <-- 0.005588 s
currentSize : 13 <-- 0.006598 s
currentSize : 14 <-- 0.006646 s
currentSize : 15 <-- 0.008181 s
currentSize : 16 <-- 0.011736 s
currentSize : 17 <-- 0.014662 s
currentSize : 18 <-- 0.015551 s
currentSize : 19 <-- 0.140746 s

maxsize : 19
nodes : 28973.000000
filtered : 531025.000000
CCGP filtered : 450984.000000
CCGT filtered : 124676.000000
time : 0.182261
