Parameters: GAD=1 vflib=1 dir=0 label=0 lowerbound=1 fileNameGp=../graphsdb/mcs10/rand/r005/mcs10_r005_s30.A63 fileNameGt=../graphsdb/mcs10/rand/r005/mcs10_r005_s30.B63
Reading graphs...
30 :  43
30 :  45
Initializing...
maxdom : 30
D->valSize : 900
Solving...
currentSize : 12 <-- 0.011235 s
currentSize : 13 <-- 0.011298 s
currentSize : 14 <-- 0.011370 s
currentSize : 15 <-- 0.016962 s
currentSize : 16 <-- 0.017018 s
currentSize : 17 <-- 0.031609 s
currentSize : 18 <-- 0.136417 s
currentSize : 19 <-- 0.233240 s
currentSize : 20 <-- 0.233275 s
currentSize : 21 <-- 0.330862 s
currentSize : 22 <-- 0.843049 s

maxsize : 22
nodes : 697414.000000
filtered : 18385220.000000
CCGP filtered : 9471148.000000
CCGT filtered : 4776278.000000
time : 6.307545
