Parameters: GAD=1 vflib=1 dir=0 label=0 lowerbound=1 fileNameGp=../graphsdb/mcs30/m3D/m3Dr4/mcs30_m3Dr4_s30.A50 fileNameGt=../graphsdb/mcs30/m3D/m3Dr4/mcs30_m3Dr4_s30.B50
Reading graphs...
30 :  68
30 :  67
Initializing...
maxdom : 30
D->valSize : 900
Solving...
currentSize : 10 <-- 0.018532 s
currentSize : 11 <-- 0.018588 s
currentSize : 14 <-- 0.018662 s
currentSize : 15 <-- 0.028579 s
currentSize : 16 <-- 0.055082 s
currentSize : 17 <-- 0.056781 s
currentSize : 18 <-- 0.126366 s
currentSize : 19 <-- 1.250986 s
currentSize : 20 <-- 8.994122 s

maxsize : 20
nodes : 6499784.000000
filtered : 171308844.000000
CCGP filtered : 26722010.000000
CCGT filtered : 10711329.000000
time : 56.252296
