Parameters: GAD=1 vflib=1 dir=0 label=0 lowerbound=1 fileNameGp=../graphsdb/mcs30/bvg/b03m/mcs30_b03m_s35.A40 fileNameGt=../graphsdb/mcs30/bvg/b03m/mcs30_b03m_s35.B40
Reading graphs...
35 :  52
35 :  52
Initializing...
maxdom : 35
D->valSize : 1225
Solving...
currentSize : 14 <-- 0.024733 s
currentSize : 15 <-- 0.024781 s
currentSize : 17 <-- 0.024829 s
currentSize : 18 <-- 0.024942 s
currentSize : 19 <-- 0.027252 s
currentSize : 20 <-- 0.034294 s
currentSize : 21 <-- 0.040233 s
currentSize : 22 <-- 0.118400 s
currentSize : 23 <-- 0.184031 s
currentSize : 24 <-- 0.262961 s
currentSize : 25 <-- 2.667547 s

maxsize : 25
nodes : 2148886.000000
filtered : 69872205.000000
CCGP filtered : 50884646.000000
CCGT filtered : 30141434.000000
time : 23.209755
