Parameters: GAD=1 vflib=1 dir=0 label=0 lowerbound=1 fileNameGp=../graphsdb/mcs30/bvg/b09/mcs30_b09_s35.A35 fileNameGt=../graphsdb/mcs30/bvg/b09/mcs30_b09_s35.B35
Reading graphs...
35 :  154
35 :  153
Initializing...
maxdom : 35
D->valSize : 1225
Solving...
currentSize : 9 <-- 0.018183 s
currentSize : 11 <-- 0.018367 s
currentSize : 12 <-- 0.018496 s
currentSize : 13 <-- 0.020664 s
currentSize : 14 <-- 0.024710 s
currentSize : 15 <-- 0.024843 s
currentSize : 16 <-- 0.251013 s
currentSize : 17 <-- 2.767151 s
currentSize : 18 <-- 10.295333 s
currentSize : 19 <-- 19.004749 s

maxsize : 19
nodes : 190030336.000000
filtered : 4923837061.000000
CCGP filtered : 90330032.000000
CCGT filtered : 58855006.000000
time : 2066.831299
