Parameters: GAD=1 vflib=1 dir=0 label=0 lowerbound=1 fileNameGp=../graphsdb/mcs30/bvg/b03m/mcs30_b03m_s35.A04 fileNameGt=../graphsdb/mcs30/bvg/b03m/mcs30_b03m_s35.B04
Reading graphs...
35 :  51
35 :  51
Initializing...
maxdom : 35
D->valSize : 1225
Solving...
currentSize : 11 <-- 0.036944 s
currentSize : 13 <-- 0.037146 s
currentSize : 14 <-- 0.037261 s
currentSize : 15 <-- 0.038035 s
currentSize : 17 <-- 0.038730 s
currentSize : 18 <-- 0.040092 s
currentSize : 19 <-- 0.050393 s
currentSize : 20 <-- 0.050904 s
currentSize : 21 <-- 0.063927 s
currentSize : 22 <-- 0.066702 s
currentSize : 23 <-- 0.561706 s
currentSize : 24 <-- 1.073836 s
currentSize : 25 <-- 26.486973 s

maxsize : 25
nodes : 5753760.000000
filtered : 156424201.000000
CCGP filtered : 110100859.000000
CCGT filtered : 77144774.000000
time : 61.508995
