Parameters: GAD=1 vflib=1 dir=0 label=0 lowerbound=1 fileNameGp=../graphsdb/mcs30/m2D/m2Dr2/mcs30_m2Dr2_s30.A20 fileNameGt=../graphsdb/mcs30/m2D/m2Dr2/mcs30_m2Dr2_s30.B20
Reading graphs...
30 :  54
30 :  55
Initializing...
maxdom : 30
D->valSize : 900
Solving...
currentSize : 11 <-- 0.019172 s
currentSize : 12 <-- 0.019280 s
currentSize : 14 <-- 0.019555 s
currentSize : 15 <-- 0.020586 s
currentSize : 16 <-- 0.031252 s
currentSize : 17 <-- 0.086017 s
currentSize : 18 <-- 0.091849 s
currentSize : 19 <-- 2.792491 s
currentSize : 20 <-- 4.612800 s
currentSize : 21 <-- 40.628441 s

maxsize : 21
nodes : 5267046.000000
filtered : 124296287.000000
CCGP filtered : 43310785.000000
CCGT filtered : 29169802.000000
time : 46.624985
