Parameters: GAD=1 vflib=1 dir=0 label=0 lowerbound=1 fileNameGp=../graphsdb/mcs30/rand/r005/mcs30_r005_s25.A76 fileNameGt=../graphsdb/mcs30/rand/r005/mcs30_r005_s25.B76
Reading graphs...
25 :  34
25 :  33
Initializing...
maxdom : 25
D->valSize : 625
Solving...
currentSize : 10 <-- 0.005487 s
currentSize : 11 <-- 0.005728 s
currentSize : 12 <-- 0.005880 s
currentSize : 13 <-- 0.006288 s
currentSize : 14 <-- 0.010131 s
currentSize : 15 <-- 0.011281 s
currentSize : 16 <-- 0.011363 s
currentSize : 17 <-- 0.046482 s
currentSize : 18 <-- 0.214434 s
currentSize : 19 <-- 0.641688 s

maxsize : 19
nodes : 100092.000000
filtered : 2187650.000000
CCGP filtered : 1553218.000000
CCGT filtered : 428574.000000
time : 0.711416
