Parameters: GAD=1 vflib=1 dir=0 label=0 lowerbound=1 fileNameGp=../graphsdb/mcs30/m3D/m3Dr2/mcs30_m3Dr2_s30.A48 fileNameGt=../graphsdb/mcs30/m3D/m3Dr2/mcs30_m3Dr2_s30.B48
Reading graphs...
30 :  67
30 :  66
Initializing...
maxdom : 30
D->valSize : 900
Solving...
currentSize : 11 <-- 0.018692 s
currentSize : 12 <-- 0.018921 s
currentSize : 14 <-- 0.019376 s
currentSize : 15 <-- 0.019497 s
currentSize : 16 <-- 0.035821 s
currentSize : 17 <-- 0.051361 s
currentSize : 18 <-- 0.198114 s
currentSize : 19 <-- 4.720038 s
currentSize : 20 <-- 53.460342 s

maxsize : 20
nodes : 10916585.000000
filtered : 264221362.000000
CCGP filtered : 38381701.000000
CCGT filtered : 43915695.000000
time : 95.363106
