Parameters: GAD=1 vflib=1 dir=0 label=0 lowerbound=1 fileNameGp=../graphsdb/mcs30/m3D/m3Dr4/mcs30_m3Dr4_s30.A27 fileNameGt=../graphsdb/mcs30/m3D/m3Dr4/mcs30_m3Dr4_s30.B27
Reading graphs...
30 :  71
30 :  68
Initializing...
maxdom : 30
D->valSize : 900
Solving...
currentSize : 10 <-- 0.018470 s
currentSize : 11 <-- 0.018518 s
currentSize : 12 <-- 0.018731 s
currentSize : 13 <-- 0.018918 s
currentSize : 14 <-- 0.025083 s
currentSize : 15 <-- 0.028134 s
currentSize : 16 <-- 0.045994 s
currentSize : 17 <-- 0.050438 s
currentSize : 18 <-- 1.746039 s
currentSize : 19 <-- 12.036227 s

maxsize : 19
nodes : 18012747.000000
filtered : 438496810.000000
CCGP filtered : 55101726.000000
CCGT filtered : 45669713.000000
time : 154.369095
