Parameters: GAD=1 vflib=1 dir=0 label=0 lowerbound=1 fileNameGp=../graphsdb/mcs30/m3D/m3Dr4/mcs30_m3Dr4_s30.A25 fileNameGt=../graphsdb/mcs30/m3D/m3Dr4/mcs30_m3Dr4_s30.B25
Reading graphs...
30 :  69
30 :  66
Initializing...
maxdom : 30
D->valSize : 900
Solving...
currentSize : 9 <-- 0.011207 s
currentSize : 10 <-- 0.011247 s
currentSize : 12 <-- 0.011313 s
currentSize : 13 <-- 0.011667 s
currentSize : 14 <-- 0.011801 s
currentSize : 15 <-- 0.012160 s
currentSize : 16 <-- 0.024278 s
currentSize : 17 <-- 0.153696 s
currentSize : 18 <-- 0.547348 s
currentSize : 19 <-- 0.631049 s

maxsize : 19
nodes : 11704014.000000
filtered : 277519631.000000
CCGP filtered : 31738023.000000
CCGT filtered : 41016119.000000
time : 102.285538
