Parameters: GAD=1 vflib=1 dir=0 label=0 lowerbound=1 fileNameGp=../graphsdb/mcs30/bvg/b06m/mcs30_b06m_s30.A30 fileNameGt=../graphsdb/mcs30/bvg/b06m/mcs30_b06m_s30.B30
Reading graphs...
30 :  86
30 :  88
Initializing...
maxdom : 30
D->valSize : 900
Solving...
currentSize : 10 <-- 0.017868 s
currentSize : 11 <-- 0.017927 s
currentSize : 12 <-- 0.018139 s
currentSize : 13 <-- 0.020045 s
currentSize : 14 <-- 0.022009 s
currentSize : 15 <-- 0.031329 s
currentSize : 16 <-- 0.075240 s
currentSize : 17 <-- 1.092548 s
currentSize : 18 <-- 63.715031 s

maxsize : 18
nodes : 18377418.000000
filtered : 406147246.000000
CCGP filtered : 38427065.000000
CCGT filtered : 32859925.000000
time : 166.453232
