Parameters: GAD=1 vflib=1 dir=0 label=0 lowerbound=1 fileNameGp=../graphsdb/mcs30/rand/r005/mcs30_r005_s30.A67 fileNameGt=../graphsdb/mcs30/rand/r005/mcs30_r005_s30.B67
Reading graphs...
30 :  48
30 :  48
Initializing...
maxdom : 30
D->valSize : 900
Solving...
currentSize : 11 <-- 0.011128 s
currentSize : 12 <-- 0.011165 s
currentSize : 14 <-- 0.011337 s
currentSize : 15 <-- 0.011501 s
currentSize : 16 <-- 0.011545 s
currentSize : 17 <-- 0.011874 s
currentSize : 18 <-- 0.018798 s
currentSize : 19 <-- 0.068187 s
currentSize : 20 <-- 0.201312 s
currentSize : 21 <-- 2.021503 s

maxsize : 21
nodes : 2618466.000000
filtered : 57452349.000000
CCGP filtered : 24885491.000000
CCGT filtered : 14223492.000000
time : 22.399256
