Parameters: GAD=1 vflib=1 dir=0 label=0 lowerbound=1 fileNameGp=../graphsdb/mcs30/m3D/m3Dr4/mcs30_m3Dr4_s30.A29 fileNameGt=../graphsdb/mcs30/m3D/m3Dr4/mcs30_m3Dr4_s30.B29
Reading graphs...
30 :  73
30 :  72
Initializing...
maxdom : 30
D->valSize : 900
Solving...
currentSize : 10 <-- 0.018336 s
currentSize : 11 <-- 0.018380 s
currentSize : 12 <-- 0.018620 s
currentSize : 13 <-- 0.019081 s
currentSize : 14 <-- 0.020974 s
currentSize : 16 <-- 0.021707 s
currentSize : 17 <-- 0.033940 s
currentSize : 18 <-- 0.234046 s
currentSize : 19 <-- 29.292208 s

maxsize : 19
nodes : 13092362.000000
filtered : 307037731.000000
CCGP filtered : 30076372.000000
CCGT filtered : 35796161.000000
time : 115.407585
