Parameters: GAD=1 vflib=1 dir=0 label=0 lowerbound=1 fileNameGp=../graphsdb/mcs30/bvg/b03/mcs30_b03_s30.A15 fileNameGt=../graphsdb/mcs30/bvg/b03/mcs30_b03_s30.B15
Reading graphs...
30 :  45
30 :  44
Initializing...
maxdom : 30
D->valSize : 900
Solving...
currentSize : 12 <-- 0.019843 s
currentSize : 13 <-- 0.019997 s
currentSize : 14 <-- 0.020264 s
currentSize : 15 <-- 0.020324 s
currentSize : 18 <-- 0.028052 s
currentSize : 19 <-- 0.031318 s
currentSize : 20 <-- 0.057200 s
currentSize : 21 <-- 6.034478 s
currentSize : 22 <-- 6.298227 s

maxsize : 22
nodes : 862146.000000
filtered : 18501378.000000
CCGP filtered : 9205848.000000
CCGT filtered : 5825191.000000
time : 7.274508
