Parameters: GAD=1 vflib=1 dir=0 label=0 lowerbound=1 fileNameGp=../graphsdb/mcs30/m3D/m3Dr6/mcs30_m3Dr6_s30.A01 fileNameGt=../graphsdb/mcs30/m3D/m3Dr6/mcs30_m3Dr6_s30.B01
Reading graphs...
30 :  75
30 :  74
Initializing...
maxdom : 30
D->valSize : 900
Solving...
currentSize : 9 <-- 0.010531 s
currentSize : 10 <-- 0.010638 s
currentSize : 13 <-- 0.010738 s
currentSize : 14 <-- 0.012424 s
currentSize : 15 <-- 0.014768 s
currentSize : 16 <-- 0.033090 s
currentSize : 17 <-- 0.035203 s
currentSize : 18 <-- 0.148330 s
currentSize : 19 <-- 26.257233 s

maxsize : 19
nodes : 21321369.000000
filtered : 488011399.000000
CCGP filtered : 45223536.000000
CCGT filtered : 28779841.000000
time : 185.108322
