Parameters: GAD=1 vflib=1 dir=0 label=0 lowerbound=1 fileNameGp=../graphsdb/mcs30/m3D/m3Dr2/mcs30_m3Dr2_s30.A78 fileNameGt=../graphsdb/mcs30/m3D/m3Dr2/mcs30_m3Dr2_s30.B78
Reading graphs...
30 :  64
30 :  63
Initializing...
maxdom : 30
D->valSize : 900
Solving...
currentSize : 9 <-- 0.010489 s
currentSize : 11 <-- 0.010540 s
currentSize : 12 <-- 0.010725 s
currentSize : 13 <-- 0.010976 s
currentSize : 15 <-- 0.011317 s
currentSize : 16 <-- 0.015033 s
currentSize : 17 <-- 0.047282 s
currentSize : 18 <-- 0.200515 s
currentSize : 19 <-- 6.421323 s
currentSize : 20 <-- 22.913012 s

maxsize : 20
nodes : 6441024.000000
filtered : 151837603.000000
CCGP filtered : 21060924.000000
CCGT filtered : 19726698.000000
time : 56.553097
