Parameters: GAD=1 vflib=1 dir=0 label=0 lowerbound=1 fileNameGp=../graphsdb/mcs30/bvg/b06/mcs30_b06_s35.A59 fileNameGt=../graphsdb/mcs30/bvg/b06/mcs30_b06_s35.B59
Reading graphs...
35 :  102
35 :  101
Initializing...
maxdom : 35
D->valSize : 1225
Solving...
currentSize : 11 <-- 0.019368 s
currentSize : 13 <-- 0.019473 s
currentSize : 14 <-- 0.019619 s
currentSize : 15 <-- 0.019682 s
currentSize : 16 <-- 0.019729 s
currentSize : 17 <-- 0.022448 s
currentSize : 18 <-- 0.024461 s
currentSize : 19 <-- 0.260911 s
currentSize : 20 <-- 12.248513 s
currentSize : 21 <-- 685.458618 s

maxsize : 21
nodes : 258683888.000000
filtered : 7016650888.000000
CCGP filtered : 463936930.000000
CCGT filtered : 392537824.000000
time : 2631.877686
