Parameters: GAD=1 vflib=1 dir=0 label=0 lowerbound=1 fileNameGp=../graphsdb/mcs30/rand/r005/mcs30_r005_s35.A60 fileNameGt=../graphsdb/mcs30/rand/r005/mcs30_r005_s35.B60
Reading graphs...
35 :  63
35 :  62
Initializing...
maxdom : 35
D->valSize : 1225
Solving...
currentSize : 12 <-- 0.036390 s
currentSize : 15 <-- 0.036467 s
currentSize : 17 <-- 0.036734 s
currentSize : 18 <-- 0.036817 s
currentSize : 19 <-- 0.039996 s
currentSize : 21 <-- 0.043061 s
currentSize : 22 <-- 0.043147 s
currentSize : 23 <-- 0.216178 s
currentSize : 24 <-- 23.615194 s
currentSize : 25 <-- 25.377340 s

maxsize : 25
nodes : 11889101.000000
filtered : 394590718.000000
CCGP filtered : 147503727.000000
CCGT filtered : 78082479.000000
time : 127.860565
