Parameters: GAD=1 vflib=1 dir=0 label=0 lowerbound=1 fileNameGp=../graphsdb/mcs30/rand/r01/mcs30_r01_s35.A71 fileNameGt=../graphsdb/mcs30/rand/r01/mcs30_r01_s35.B71
Reading graphs...
35 :  118
35 :  110
Initializing...
maxdom : 35
D->valSize : 1225
Solving...
currentSize : 11 <-- 0.032912 s
currentSize : 13 <-- 0.032986 s
currentSize : 14 <-- 0.034663 s
currentSize : 15 <-- 0.039797 s
currentSize : 16 <-- 0.078715 s
currentSize : 17 <-- 0.301482 s
currentSize : 18 <-- 0.591598 s
currentSize : 19 <-- 51.159595 s
currentSize : 20 <-- 100.189301 s

maxsize : 20
nodes : 294590885.000000
filtered : 7913221104.000000
CCGP filtered : 291923588.000000
CCGT filtered : 387931388.000000
time : 3044.269775
