Parameters: GAD=1 vflib=1 dir=0 label=0 lowerbound=1 fileNameGp=../graphsdb/mcs30/rand/r005/mcs30_r005_s30.A28 fileNameGt=../graphsdb/mcs30/rand/r005/mcs30_r005_s30.B28
Reading graphs...
30 :  47
30 :  48
Initializing...
maxdom : 30
D->valSize : 900
Solving...
currentSize : 14 <-- 0.011080 s
currentSize : 15 <-- 0.011172 s
currentSize : 16 <-- 0.011645 s
currentSize : 17 <-- 0.014743 s
currentSize : 18 <-- 0.019273 s
currentSize : 19 <-- 0.023875 s
currentSize : 20 <-- 0.058100 s
currentSize : 21 <-- 0.384911 s
currentSize : 22 <-- 2.610349 s

maxsize : 22
nodes : 1324948.000000
filtered : 36110129.000000
CCGP filtered : 12300131.000000
CCGT filtered : 6675104.000000
time : 11.675979
