Parameters: GAD=1 vflib=1 dir=0 label=0 lowerbound=1 fileNameGp=../graphsdb/mcs30/m2D/m2Dr6/mcs30_m2Dr6_s30.A80 fileNameGt=../graphsdb/mcs30/m2D/m2Dr6/mcs30_m2Dr6_s30.B80
Reading graphs...
30 :  65
30 :  66
Initializing...
maxdom : 30
D->valSize : 900
Solving...
currentSize : 10 <-- 0.010713 s
currentSize : 11 <-- 0.010746 s
currentSize : 12 <-- 0.010920 s
currentSize : 13 <-- 0.010961 s
currentSize : 14 <-- 0.011855 s
currentSize : 15 <-- 0.017286 s
currentSize : 16 <-- 0.024640 s
currentSize : 17 <-- 0.025129 s
currentSize : 18 <-- 0.030849 s
currentSize : 19 <-- 1.003923 s
currentSize : 20 <-- 3.845126 s

maxsize : 20
nodes : 11369091.000000
filtered : 259177923.000000
CCGP filtered : 29834251.000000
CCGT filtered : 5801698.000000
time : 91.700356
