Parameters: GAD=1 vflib=1 dir=0 label=0 lowerbound=1 fileNameGp=../graphsdb/mcs30/bvg/b03/mcs30_b03_s20.A30 fileNameGt=../graphsdb/mcs30/bvg/b03/mcs30_b03_s20.B30
Reading graphs...
20 :  29
20 :  30
Initializing...
maxdom : 20
D->valSize : 400
Solving...
currentSize : 5 <-- 0.002271 s
currentSize : 6 <-- 0.002300 s
currentSize : 7 <-- 0.002365 s
currentSize : 8 <-- 0.002444 s
currentSize : 9 <-- 0.002586 s
currentSize : 10 <-- 0.002641 s
currentSize : 11 <-- 0.003856 s
currentSize : 12 <-- 0.004567 s
currentSize : 13 <-- 0.004665 s
currentSize : 14 <-- 0.008633 s
currentSize : 15 <-- 0.089335 s

maxsize : 15
nodes : 16119.000000
filtered : 290550.000000
CCGP filtered : 122475.000000
CCGT filtered : 99138.000000
time : 0.102419
