Parameters: GAD=1 vflib=1 dir=0 label=0 lowerbound=1 fileNameGp=../graphsdb/mcs30/rand/r005/mcs30_r005_s35.A04 fileNameGt=../graphsdb/mcs30/rand/r005/mcs30_r005_s35.B04
Reading graphs...
35 :  61
35 :  62
Initializing...
maxdom : 35
D->valSize : 1225
Solving...
currentSize : 15 <-- 0.036389 s
currentSize : 16 <-- 0.037934 s
currentSize : 17 <-- 0.038032 s
currentSize : 18 <-- 0.039740 s
currentSize : 19 <-- 0.042232 s
currentSize : 20 <-- 0.049850 s
currentSize : 21 <-- 0.482001 s
currentSize : 22 <-- 2.150050 s
currentSize : 23 <-- 15.272977 s

maxsize : 23
nodes : 66101337.000000
filtered : 1788557217.000000
CCGP filtered : 933724178.000000
CCGT filtered : 705289102.000000
time : 703.879761
