Parameters: GAD=1 vflib=1 dir=0 label=0 lowerbound=1 fileNameGp=../graphsdb/mcs30/bvg/b03/mcs30_b03_s30.A42 fileNameGt=../graphsdb/mcs30/bvg/b03/mcs30_b03_s30.B42
Reading graphs...
30 :  45
30 :  45
Initializing...
maxdom : 30
D->valSize : 900
Solving...
currentSize : 9 <-- 0.019731 s
currentSize : 11 <-- 0.019893 s
currentSize : 12 <-- 0.019977 s
currentSize : 13 <-- 0.020662 s
currentSize : 14 <-- 0.020820 s
currentSize : 15 <-- 0.021046 s
currentSize : 16 <-- 0.027864 s
currentSize : 17 <-- 0.044721 s
currentSize : 18 <-- 0.062764 s
currentSize : 19 <-- 0.090886 s
currentSize : 20 <-- 0.298517 s
currentSize : 21 <-- 2.661255 s

maxsize : 21
nodes : 1394699.000000
filtered : 31825893.000000
CCGP filtered : 11463983.000000
CCGT filtered : 10240923.000000
time : 11.809372
