Parameters: GAD=1 vflib=1 dir=0 label=0 lowerbound=1 fileNameGp=../graphsdb/mcs30/bvg/b03/mcs30_b03_s25.A74 fileNameGt=../graphsdb/mcs30/bvg/b03/mcs30_b03_s25.B74
Reading graphs...
25 :  35
25 :  36
Initializing...
maxdom : 25
D->valSize : 625
Solving...
currentSize : 5 <-- 0.005381 s
currentSize : 6 <-- 0.005420 s
currentSize : 7 <-- 0.005457 s
currentSize : 11 <-- 0.005482 s
currentSize : 12 <-- 0.005871 s
currentSize : 13 <-- 0.012096 s
currentSize : 14 <-- 0.013550 s
currentSize : 15 <-- 0.105464 s
currentSize : 16 <-- 0.114225 s
currentSize : 17 <-- 0.226660 s
currentSize : 18 <-- 0.380502 s

maxsize : 18
nodes : 109606.000000
filtered : 2009249.000000
CCGP filtered : 1009384.000000
CCGT filtered : 812047.000000
time : 0.788645
