Parameters: GAD=1 vflib=1 dir=0 label=0 lowerbound=1 fileNameGp=../graphsdb/mcs30/bvg/b03/mcs30_b03_s30.A58 fileNameGt=../graphsdb/mcs30/bvg/b03/mcs30_b03_s30.B58
Reading graphs...
30 :  45
30 :  44
Initializing...
maxdom : 30
D->valSize : 900
Solving...
currentSize : 9 <-- 0.019542 s
currentSize : 14 <-- 0.019600 s
currentSize : 15 <-- 0.020026 s
currentSize : 16 <-- 0.026559 s
currentSize : 17 <-- 0.054409 s
currentSize : 18 <-- 0.063648 s
currentSize : 19 <-- 0.545184 s
currentSize : 20 <-- 0.847613 s
currentSize : 21 <-- 3.056755 s

maxsize : 21
nodes : 1609885.000000
filtered : 31970176.000000
CCGP filtered : 17332778.000000
CCGT filtered : 14244910.000000
time : 13.909089
