Parameters: GAD=1 vflib=1 dir=0 label=0 lowerbound=1 fileNameGp=../graphsdb/mcs30/m2D/m2Dr4/mcs30_m2Dr4_s30.A87 fileNameGt=../graphsdb/mcs30/m2D/m2Dr4/mcs30_m2Dr4_s30.B87
Reading graphs...
30 :  58
30 :  60
Initializing...
maxdom : 30
D->valSize : 900
Solving...
currentSize : 12 <-- 0.010728 s
currentSize : 13 <-- 0.010790 s
currentSize : 15 <-- 0.010844 s
currentSize : 16 <-- 0.011793 s
currentSize : 17 <-- 0.021969 s
currentSize : 18 <-- 0.023834 s
currentSize : 19 <-- 0.024004 s
currentSize : 20 <-- 0.058534 s
currentSize : 21 <-- 39.272144 s

maxsize : 21
nodes : 7528200.000000
filtered : 182881585.000000
CCGP filtered : 26326400.000000
CCGT filtered : 29244397.000000
time : 65.161362
