Parameters: GAD=1 vflib=1 dir=0 label=0 lowerbound=1 fileNameGp=../graphsdb/mcs30/m2D/m2D/mcs30_m2D_s30.A38 fileNameGt=../graphsdb/mcs30/m2D/m2D/mcs30_m2D_s30.B38
Reading graphs...
30 :  48
30 :  48
Initializing...
maxdom : 30
D->valSize : 900
Solving...
currentSize : 11 <-- 0.011057 s
currentSize : 13 <-- 0.011084 s
currentSize : 14 <-- 0.011138 s
currentSize : 15 <-- 0.011207 s
currentSize : 17 <-- 0.011367 s
currentSize : 18 <-- 0.011670 s
currentSize : 19 <-- 0.057016 s
currentSize : 20 <-- 1.313346 s
currentSize : 21 <-- 1.940800 s

maxsize : 21
nodes : 1273406.000000
filtered : 33483210.000000
CCGP filtered : 12358361.000000
CCGT filtered : 11624846.000000
time : 11.697590
