Parameters: GAD=1 vflib=1 dir=0 label=0 lowerbound=1 fileNameGp=../graphsdb/mcs30/bvg/b03/mcs30_b03_s25.A69 fileNameGt=../graphsdb/mcs30/bvg/b03/mcs30_b03_s25.B69
Reading graphs...
25 :  37
25 :  37
Initializing...
maxdom : 25
D->valSize : 625
Solving...
currentSize : 10 <-- 0.005278 s
currentSize : 11 <-- 0.005372 s
currentSize : 12 <-- 0.006640 s
currentSize : 13 <-- 0.006681 s
currentSize : 14 <-- 0.007101 s
currentSize : 15 <-- 0.013209 s
currentSize : 16 <-- 0.018093 s
currentSize : 17 <-- 0.199397 s
currentSize : 18 <-- 0.787750 s

maxsize : 18
nodes : 211240.000000
filtered : 3733815.000000
CCGP filtered : 1677046.000000
CCGT filtered : 968780.000000
time : 1.443100
