Parameters: GAD=1 vflib=1 dir=0 label=0 lowerbound=1 fileNameGp=../graphsdb/mcs30/bvg/b03m/mcs30_b03m_s35.A39 fileNameGt=../graphsdb/mcs30/bvg/b03m/mcs30_b03m_s35.B39
Reading graphs...
35 :  51
35 :  51
Initializing...
maxdom : 35
D->valSize : 1225
Solving...
currentSize : 15 <-- 0.021398 s
currentSize : 17 <-- 0.021450 s
currentSize : 18 <-- 0.021742 s
currentSize : 20 <-- 0.036625 s
currentSize : 21 <-- 0.054838 s
currentSize : 22 <-- 0.117959 s
currentSize : 23 <-- 0.118075 s
currentSize : 24 <-- 2.060868 s
currentSize : 25 <-- 2.995252 s
currentSize : 26 <-- 43.243835 s

maxsize : 26
nodes : 4407667.000000
filtered : 130523642.000000
CCGP filtered : 102938498.000000
CCGT filtered : 73815367.000000
time : 48.830303
