Parameters: GAD=1 vflib=1 dir=0 label=0 lowerbound=1 fileNameGp=../graphsdb/mcs30/bvg/b09/mcs30_b09_s35.A83 fileNameGt=../graphsdb/mcs30/bvg/b09/mcs30_b09_s35.B83
Reading graphs...
35 :  151
35 :  150
Initializing...
maxdom : 35
D->valSize : 1225
Solving...
currentSize : 9 <-- 0.018327 s
currentSize : 11 <-- 0.018404 s
currentSize : 12 <-- 0.018971 s
currentSize : 13 <-- 0.022346 s
currentSize : 14 <-- 0.032559 s
currentSize : 15 <-- 0.212962 s
currentSize : 16 <-- 0.911480 s
currentSize : 17 <-- 2.873884 s
currentSize : 18 <-- 122.074371 s
currentSize : 19 <-- 122.074455 s
currentSize : 20 <-- 185.292206 s

maxsize : 20
nodes : 141481337.000000
filtered : 4009740045.000000
CCGP filtered : 49464947.000000
CCGT filtered : 49026250.000000
time : 1532.883301
