Parameters: GAD=1 vflib=1 dir=0 label=0 lowerbound=1 fileNameGp=../graphsdb/mcs30/bvg/b03m/mcs30_b03m_s35.A86 fileNameGt=../graphsdb/mcs30/bvg/b03m/mcs30_b03m_s35.B86
Reading graphs...
35 :  51
35 :  51
Initializing...
maxdom : 35
D->valSize : 1225
Solving...
currentSize : 16 <-- 0.021137 s
currentSize : 17 <-- 0.021177 s
currentSize : 18 <-- 0.021346 s
currentSize : 19 <-- 0.022858 s
currentSize : 20 <-- 0.023975 s
currentSize : 21 <-- 0.087241 s
currentSize : 22 <-- 0.320595 s
currentSize : 23 <-- 0.705280 s
currentSize : 24 <-- 0.750079 s
currentSize : 25 <-- 3.105540 s

maxsize : 25
nodes : 4188140.000000
filtered : 132505230.000000
CCGP filtered : 90461937.000000
CCGT filtered : 50290166.000000
time : 45.234020
