Parameters: GAD=1 vflib=1 dir=0 label=0 lowerbound=1 fileNameGp=../graphsdb/mcs30/m3D/m3Dr6/mcs30_m3Dr6_s30.A17 fileNameGt=../graphsdb/mcs30/m3D/m3Dr6/mcs30_m3Dr6_s30.B17
Reading graphs...
30 :  76
30 :  76
Initializing...
maxdom : 30
D->valSize : 900
Solving...
currentSize : 10 <-- 0.018261 s
currentSize : 11 <-- 0.018332 s
currentSize : 12 <-- 0.018478 s
currentSize : 13 <-- 0.018580 s
currentSize : 14 <-- 0.018861 s
currentSize : 15 <-- 0.019469 s
currentSize : 16 <-- 0.020449 s
currentSize : 17 <-- 0.022361 s
currentSize : 18 <-- 1.749601 s
currentSize : 19 <-- 72.273689 s

maxsize : 19
nodes : 21509384.000000
filtered : 501929973.000000
CCGP filtered : 54206756.000000
CCGT filtered : 24059882.000000
time : 185.845474
