Parameters: GAD=1 vflib=1 dir=0 label=0 lowerbound=1 fileNameGp=../graphsdb/mcs30/m2D/m2Dr4/mcs30_m2Dr4_s30.A01 fileNameGt=../graphsdb/mcs30/m2D/m2Dr4/mcs30_m2Dr4_s30.B01
Reading graphs...
30 :  57
30 :  57
Initializing...
maxdom : 30
D->valSize : 900
Solving...
currentSize : 12 <-- 0.010962 s
currentSize : 14 <-- 0.010999 s
currentSize : 15 <-- 0.011099 s
currentSize : 16 <-- 0.011977 s
currentSize : 17 <-- 0.023590 s
currentSize : 18 <-- 0.213947 s
currentSize : 19 <-- 0.730528 s
currentSize : 20 <-- 3.442143 s
currentSize : 21 <-- 42.069077 s

maxsize : 21
nodes : 6353431.000000
filtered : 154302338.000000
CCGP filtered : 27283427.000000
CCGT filtered : 21882026.000000
time : 54.090439
