Parameters: GAD=1 vflib=1 dir=0 label=0 lowerbound=1 fileNameGp=../graphsdb/mcs30/m3D/m3Dr2/mcs30_m3Dr2_s25.A96 fileNameGt=../graphsdb/mcs30/m3D/m3Dr2/mcs30_m3Dr2_s25.B96
Reading graphs...
25 :  54
25 :  51
Initializing...
maxdom : 25
D->valSize : 625
Solving...
currentSize : 8 <-- 0.005246 s
currentSize : 9 <-- 0.005273 s
currentSize : 11 <-- 0.005406 s
currentSize : 12 <-- 0.005463 s
currentSize : 13 <-- 0.005972 s
currentSize : 14 <-- 0.006630 s
currentSize : 15 <-- 0.190035 s
currentSize : 16 <-- 0.593650 s
currentSize : 17 <-- 3.390185 s

maxsize : 17
nodes : 1027174.000000
filtered : 19932335.000000
CCGP filtered : 1802937.000000
CCGT filtered : 2511401.000000
time : 7.544707
