Parameters: GAD=1 vflib=1 dir=0 label=0 lowerbound=1 fileNameGp=../graphsdb/mcs30/bvg/b03/mcs30_b03_s35.A27 fileNameGt=../graphsdb/mcs30/bvg/b03/mcs30_b03_s35.B27
Reading graphs...
35 :  51
35 :  52
Initializing...
maxdom : 35
D->valSize : 1225
Solving...
currentSize : 15 <-- 0.021149 s
currentSize : 16 <-- 0.021657 s
currentSize : 17 <-- 0.027090 s
currentSize : 18 <-- 0.036537 s
currentSize : 19 <-- 0.036650 s
currentSize : 20 <-- 0.103212 s
currentSize : 21 <-- 0.122092 s
currentSize : 22 <-- 0.148573 s
currentSize : 23 <-- 0.149293 s
currentSize : 24 <-- 0.161300 s
currentSize : 25 <-- 5.138752 s

maxsize : 25
nodes : 2335823.000000
filtered : 70867667.000000
CCGP filtered : 50856866.000000
CCGT filtered : 33210731.000000
time : 25.710112
