Parameters: GAD=1 vflib=1 dir=0 label=0 lowerbound=1 fileNameGp=../graphsdb/mcs30/bvg/b06/mcs30_b06_s35.A63 fileNameGt=../graphsdb/mcs30/bvg/b06/mcs30_b06_s35.B63
Reading graphs...
35 :  105
35 :  103
Initializing...
maxdom : 35
D->valSize : 1225
Solving...
currentSize : 12 <-- 0.019794 s
currentSize : 13 <-- 0.019931 s
currentSize : 14 <-- 0.020138 s
currentSize : 15 <-- 0.020322 s
currentSize : 16 <-- 0.020873 s
currentSize : 17 <-- 0.021021 s
currentSize : 18 <-- 0.034622 s
currentSize : 19 <-- 0.080503 s
currentSize : 20 <-- 69.394447 s
currentSize : 21 <-- 157.310089 s

maxsize : 21
nodes : 136926801.000000
filtered : 3993064397.000000
CCGP filtered : 269416430.000000
CCGT filtered : 236255410.000000
time : 1472.564941
