Parameters: GAD=1 vflib=1 dir=0 label=0 lowerbound=1 fileNameGp=../graphsdb/mcs30/bvg/b03/mcs30_b03_s30.A88 fileNameGt=../graphsdb/mcs30/bvg/b03/mcs30_b03_s30.B88
Reading graphs...
30 :  45
30 :  45
Initializing...
maxdom : 30
D->valSize : 900
Solving...
currentSize : 11 <-- 0.010993 s
currentSize : 12 <-- 0.011331 s
currentSize : 13 <-- 0.011722 s
currentSize : 14 <-- 0.012654 s
currentSize : 15 <-- 0.015371 s
currentSize : 16 <-- 0.016939 s
currentSize : 17 <-- 0.032481 s
currentSize : 18 <-- 0.032649 s
currentSize : 19 <-- 0.036252 s
currentSize : 20 <-- 0.131041 s
currentSize : 21 <-- 1.508063 s

maxsize : 21
nodes : 1076792.000000
filtered : 28353006.000000
CCGP filtered : 12549502.000000
CCGT filtered : 12789565.000000
time : 10.315772
