Parameters: GAD=1 vflib=1 dir=0 label=0 lowerbound=1 fileNameGp=../graphsdb/mcs30/bvg/b03m/mcs30_b03m_s35.A57 fileNameGt=../graphsdb/mcs30/bvg/b03m/mcs30_b03m_s35.B57
Reading graphs...
35 :  51
35 :  50
Initializing...
maxdom : 35
D->valSize : 1225
Solving...
currentSize : 14 <-- 0.021247 s
currentSize : 15 <-- 0.021305 s
currentSize : 16 <-- 0.021373 s
currentSize : 17 <-- 0.021984 s
currentSize : 18 <-- 0.024278 s
currentSize : 19 <-- 0.044085 s
currentSize : 20 <-- 0.363793 s
currentSize : 21 <-- 0.364470 s
currentSize : 22 <-- 0.467908 s
currentSize : 23 <-- 0.489734 s
currentSize : 24 <-- 0.959946 s
currentSize : 25 <-- 0.989126 s

maxsize : 25
nodes : 2668948.000000
filtered : 72302014.000000
CCGP filtered : 52310193.000000
CCGT filtered : 24790107.000000
time : 25.993948
