Parameters: GAD=1 vflib=1 dir=0 label=0 lowerbound=1 fileNameGp=../graphsdb/mcs30/m2D/m2Dr6/mcs30_m2Dr6_s30.A82 fileNameGt=../graphsdb/mcs30/m2D/m2Dr6/mcs30_m2Dr6_s30.B82
Reading graphs...
30 :  63
30 :  64
Initializing...
maxdom : 30
D->valSize : 900
Solving...
currentSize : 12 <-- 0.018765 s
currentSize : 13 <-- 0.019085 s
currentSize : 14 <-- 0.020299 s
currentSize : 15 <-- 0.034982 s
currentSize : 16 <-- 0.046756 s
currentSize : 17 <-- 0.179049 s
currentSize : 18 <-- 0.343567 s
currentSize : 19 <-- 4.207615 s
currentSize : 20 <-- 25.360165 s

maxsize : 20
nodes : 7406129.000000
filtered : 174686123.000000
CCGP filtered : 39345842.000000
CCGT filtered : 18546241.000000
time : 63.844624
