Parameters: GAD=1 vflib=1 dir=0 label=0 lowerbound=1 fileNameGp=../graphsdb/mcs30/bvg/b03/mcs30_b03_s30.A53 fileNameGt=../graphsdb/mcs30/bvg/b03/mcs30_b03_s30.B53
Reading graphs...
30 :  44
30 :  45
Initializing...
maxdom : 30
D->valSize : 900
Solving...
currentSize : 11 <-- 0.010988 s
currentSize : 12 <-- 0.011031 s
currentSize : 13 <-- 0.011134 s
currentSize : 14 <-- 0.011664 s
currentSize : 15 <-- 0.012401 s
currentSize : 16 <-- 0.019772 s
currentSize : 17 <-- 0.053309 s
currentSize : 18 <-- 0.073989 s
currentSize : 19 <-- 0.074242 s
currentSize : 20 <-- 3.459863 s

maxsize : 20
nodes : 2775407.000000
filtered : 55553957.000000
CCGP filtered : 36467333.000000
CCGT filtered : 22613277.000000
time : 22.245949
