Parameters: GAD=1 vflib=1 dir=0 label=0 lowerbound=1 fileNameGp=../graphsdb/mcs30/bvg/b03/mcs30_b03_s25.A29 fileNameGt=../graphsdb/mcs30/bvg/b03/mcs30_b03_s25.B29
Reading graphs...
25 :  35
25 :  37
Initializing...
maxdom : 25
D->valSize : 625
Solving...
currentSize : 9 <-- 0.009400 s
currentSize : 10 <-- 0.009525 s
currentSize : 11 <-- 0.009635 s
currentSize : 13 <-- 0.014195 s
currentSize : 14 <-- 0.018763 s
currentSize : 15 <-- 0.038285 s
currentSize : 16 <-- 0.211143 s
currentSize : 17 <-- 0.878842 s
currentSize : 18 <-- 0.879669 s

maxsize : 18
nodes : 144117.000000
filtered : 3025737.000000
CCGP filtered : 1849380.000000
CCGT filtered : 1578292.000000
time : 1.203380
