Parameters: GAD=1 vflib=1 dir=0 label=0 lowerbound=1 fileNameGp=../graphsdb/mcs30/bvg/b03/mcs30_b03_s35.A96 fileNameGt=../graphsdb/mcs30/bvg/b03/mcs30_b03_s35.B96
Reading graphs...
35 :  51
35 :  52
Initializing...
maxdom : 35
D->valSize : 1225
Solving...
currentSize : 14 <-- 0.022039 s
currentSize : 16 <-- 0.022234 s
currentSize : 17 <-- 0.022704 s
currentSize : 18 <-- 0.023062 s
currentSize : 19 <-- 0.023268 s
currentSize : 20 <-- 0.024384 s
currentSize : 22 <-- 0.032470 s
currentSize : 23 <-- 0.510038 s
currentSize : 24 <-- 0.510144 s
currentSize : 25 <-- 17.313372 s

maxsize : 25
nodes : 4671648.000000
filtered : 119115439.000000
CCGP filtered : 63246298.000000
CCGT filtered : 45185485.000000
time : 47.240726
