Parameters: GAD=1 vflib=1 dir=0 label=0 lowerbound=1 fileNameGp=../graphsdb/mcs30/bvg/b03m/mcs30_b03m_s30.A32 fileNameGt=../graphsdb/mcs30/bvg/b03m/mcs30_b03m_s30.B32
Reading graphs...
30 :  45
30 :  45
Initializing...
maxdom : 30
D->valSize : 900
Solving...
currentSize : 10 <-- 0.019683 s
currentSize : 11 <-- 0.019730 s
currentSize : 12 <-- 0.019814 s
currentSize : 13 <-- 0.020610 s
currentSize : 15 <-- 0.026403 s
currentSize : 16 <-- 0.026562 s
currentSize : 17 <-- 0.032794 s
currentSize : 18 <-- 0.131247 s
currentSize : 19 <-- 0.294261 s
currentSize : 20 <-- 0.294713 s
currentSize : 21 <-- 0.560254 s
currentSize : 22 <-- 4.194338 s

maxsize : 22
nodes : 856395.000000
filtered : 17986999.000000
CCGP filtered : 7754315.000000
CCGT filtered : 6098967.000000
time : 7.107001
