Parameters: GAD=1 vflib=1 dir=0 label=0 lowerbound=1 fileNameGp=../graphsdb/mcs30/m2D/m2D/mcs30_m2D_s30.A43 fileNameGt=../graphsdb/mcs30/m2D/m2D/mcs30_m2D_s30.B43
Reading graphs...
30 :  49
30 :  49
Initializing...
maxdom : 30
D->valSize : 900
Solving...
currentSize : 13 <-- 0.010945 s
currentSize : 14 <-- 0.011160 s
currentSize : 15 <-- 0.013685 s
currentSize : 16 <-- 0.014812 s
currentSize : 17 <-- 0.020765 s
currentSize : 18 <-- 0.054242 s
currentSize : 19 <-- 0.076766 s
currentSize : 20 <-- 0.357029 s
currentSize : 21 <-- 0.947768 s

maxsize : 21
nodes : 1658812.000000
filtered : 44234622.000000
CCGP filtered : 15633285.000000
CCGT filtered : 10918233.000000
time : 14.412414
