Parameters: GAD=1 vflib=1 dir=0 label=0 lowerbound=1 fileNameGp=../graphsdb/mcs30/bvg/b09m/mcs30_b09m_s35.A19 fileNameGt=../graphsdb/mcs30/bvg/b09m/mcs30_b09m_s35.B19
Reading graphs...
35 :  138
35 :  142
Initializing...
maxdom : 35
D->valSize : 1225
Solving...
currentSize : 10 <-- 0.032610 s
currentSize : 12 <-- 0.032682 s
currentSize : 13 <-- 0.042257 s
currentSize : 14 <-- 0.049620 s
currentSize : 15 <-- 0.068806 s
currentSize : 16 <-- 0.293659 s
currentSize : 17 <-- 2.853413 s
currentSize : 18 <-- 201.016083 s
currentSize : 19 <-- 574.540649 s

maxsize : 19
nodes : 250544207.000000
filtered : 6315666203.000000
CCGP filtered : 106688070.000000
CCGT filtered : 290489696.000000
time : 2753.690430
