Parameters: GAD=1 vflib=1 dir=0 label=0 lowerbound=1 fileNameGp=../graphsdb/mcs30/bvg/b03/mcs30_b03_s30.A66 fileNameGt=../graphsdb/mcs30/bvg/b03/mcs30_b03_s30.B66
Reading graphs...
30 :  45
30 :  45
Initializing...
maxdom : 30
D->valSize : 900
Solving...
currentSize : 12 <-- 0.019678 s
currentSize : 13 <-- 0.019751 s
currentSize : 14 <-- 0.020095 s
currentSize : 15 <-- 0.026087 s
currentSize : 16 <-- 0.054200 s
currentSize : 17 <-- 0.062764 s
currentSize : 18 <-- 0.152463 s
currentSize : 19 <-- 0.306520 s
currentSize : 20 <-- 2.266501 s
currentSize : 21 <-- 7.987167 s

maxsize : 21
nodes : 1287945.000000
filtered : 28107441.000000
CCGP filtered : 18304497.000000
CCGT filtered : 11717162.000000
time : 10.883129
