Parameters: GAD=1 vflib=1 dir=0 label=0 lowerbound=1 fileNameGp=../graphsdb/mcs30/m3D/m3Dr6/mcs30_m3Dr6_s30.A76 fileNameGt=../graphsdb/mcs30/m3D/m3Dr6/mcs30_m3Dr6_s30.B76
Reading graphs...
30 :  77
30 :  75
Initializing...
maxdom : 30
D->valSize : 900
Solving...
currentSize : 12 <-- 0.018320 s
currentSize : 13 <-- 0.018409 s
currentSize : 14 <-- 0.024733 s
currentSize : 15 <-- 0.026805 s
currentSize : 16 <-- 0.077896 s
currentSize : 17 <-- 0.245721 s
currentSize : 18 <-- 0.421055 s
currentSize : 19 <-- 38.700840 s
currentSize : 20 <-- 47.504448 s

maxsize : 20
nodes : 9483309.000000
filtered : 240463062.000000
CCGP filtered : 15636485.000000
CCGT filtered : 17797279.000000
time : 84.504654
