Parameters: GAD=1 vflib=1 dir=0 label=0 lowerbound=1 fileNameGp=../graphsdb/mcs30/bvg/b03/mcs30_b03_s35.A37 fileNameGt=../graphsdb/mcs30/bvg/b03/mcs30_b03_s35.B37
Reading graphs...
35 :  52
35 :  52
Initializing...
maxdom : 35
D->valSize : 1225
Solving...
currentSize : 15 <-- 0.021533 s
currentSize : 16 <-- 0.021728 s
currentSize : 17 <-- 0.021991 s
currentSize : 19 <-- 0.022025 s
currentSize : 20 <-- 0.022163 s
currentSize : 21 <-- 0.025006 s
currentSize : 22 <-- 0.035751 s
currentSize : 23 <-- 0.035885 s
currentSize : 24 <-- 2.507477 s
currentSize : 25 <-- 4.891483 s

maxsize : 25
nodes : 3773984.000000
filtered : 116164838.000000
CCGP filtered : 47805183.000000
CCGT filtered : 33209927.000000
time : 37.669128
