Parameters: GAD=1 vflib=1 dir=0 label=0 lowerbound=1 fileNameGp=../graphsdb/mcs30/bvg/b06/mcs30_b06_s30.A55 fileNameGt=../graphsdb/mcs30/bvg/b06/mcs30_b06_s30.B55
Reading graphs...
30 :  87
30 :  88
Initializing...
maxdom : 30
D->valSize : 900
Solving...
currentSize : 9 <-- 0.017827 s
currentSize : 10 <-- 0.017883 s
currentSize : 11 <-- 0.018007 s
currentSize : 13 <-- 0.018204 s
currentSize : 14 <-- 0.019515 s
currentSize : 15 <-- 0.020053 s
currentSize : 16 <-- 0.021194 s
currentSize : 17 <-- 0.144124 s
currentSize : 18 <-- 2.866091 s

maxsize : 18
nodes : 14596232.000000
filtered : 343912744.000000
CCGP filtered : 36780179.000000
CCGT filtered : 24388954.000000
time : 129.717880
