Parameters: GAD=1 vflib=1 dir=0 label=0 lowerbound=1 fileNameGp=../graphsdb/mcs30/rand/r005/mcs30_r005_s30.A88 fileNameGt=../graphsdb/mcs30/rand/r005/mcs30_r005_s30.B88
Reading graphs...
30 :  47
30 :  45
Initializing...
maxdom : 30
D->valSize : 900
Solving...
currentSize : 13 <-- 0.019723 s
currentSize : 14 <-- 0.019844 s
currentSize : 15 <-- 0.020120 s
currentSize : 16 <-- 0.020670 s
currentSize : 17 <-- 0.021100 s
currentSize : 18 <-- 0.023923 s
currentSize : 19 <-- 0.061266 s
currentSize : 20 <-- 0.428253 s
currentSize : 21 <-- 3.061591 s
currentSize : 22 <-- 13.885275 s

maxsize : 22
nodes : 2016306.000000
filtered : 47456505.000000
CCGP filtered : 24794174.000000
CCGT filtered : 20229990.000000
time : 17.914131
