Parameters: GAD=1 vflib=1 dir=0 label=0 lowerbound=1 fileNameGp=../graphsdb/mcs30/bvg/b09/mcs30_b09_s35.A06 fileNameGt=../graphsdb/mcs30/bvg/b09/mcs30_b09_s35.B06
Reading graphs...
35 :  149
35 :  152
Initializing...
maxdom : 35
D->valSize : 1225
Solving...
currentSize : 10 <-- 0.019014 s
currentSize : 11 <-- 0.019064 s
currentSize : 12 <-- 0.019200 s
currentSize : 13 <-- 0.019328 s
currentSize : 14 <-- 0.019922 s
currentSize : 15 <-- 0.042383 s
currentSize : 16 <-- 0.260453 s
currentSize : 17 <-- 0.260547 s
currentSize : 18 <-- 6.316195 s
currentSize : 19 <-- 18.783068 s

maxsize : 19
nodes : 264494364.000000
filtered : 7036498613.000000
CCGP filtered : 159057206.000000
CCGT filtered : 89528431.000000
time : 2841.078125
