Parameters: GAD=1 vflib=1 dir=0 label=0 lowerbound=1 fileNameGp=../graphsdb/mcs30/bvg/b03/mcs30_b03_s25.A00 fileNameGt=../graphsdb/mcs30/bvg/b03/mcs30_b03_s25.B00
Reading graphs...
25 :  37
25 :  37
Initializing...
maxdom : 25
D->valSize : 625
Solving...
currentSize : 6 <-- 0.005413 s
currentSize : 7 <-- 0.005439 s
currentSize : 10 <-- 0.005553 s
currentSize : 11 <-- 0.005621 s
currentSize : 12 <-- 0.006733 s
currentSize : 13 <-- 0.012803 s
currentSize : 14 <-- 0.012968 s
currentSize : 15 <-- 0.027826 s
currentSize : 16 <-- 0.127330 s
currentSize : 17 <-- 0.226804 s

maxsize : 17
nodes : 103239.000000
filtered : 1734232.000000
CCGP filtered : 1410196.000000
CCGT filtered : 537901.000000
time : 0.708007
