Parameters: GAD=1 vflib=1 dir=0 label=0 lowerbound=1 fileNameGp=../graphsdb/mcs30/m2D/m2Dr2/mcs30_m2Dr2_s30.A98 fileNameGt=../graphsdb/mcs30/m2D/m2Dr2/mcs30_m2Dr2_s30.B98
Reading graphs...
30 :  54
30 :  53
Initializing...
maxdom : 30
D->valSize : 900
Solving...
currentSize : 13 <-- 0.019151 s
currentSize : 14 <-- 0.019263 s
currentSize : 15 <-- 0.021694 s
currentSize : 16 <-- 0.029054 s
currentSize : 17 <-- 0.079987 s
currentSize : 18 <-- 0.089198 s
currentSize : 19 <-- 0.196495 s
currentSize : 20 <-- 0.242780 s
currentSize : 21 <-- 33.060524 s

maxsize : 21
nodes : 5898590.000000
filtered : 140307132.000000
CCGP filtered : 38870856.000000
CCGT filtered : 20775345.000000
time : 48.757904
