Parameters: GAD=1 vflib=1 dir=0 label=0 lowerbound=1 fileNameGp=../graphsdb/mcs30/m3D/m3Dr4/mcs30_m3Dr4_s30.A81 fileNameGt=../graphsdb/mcs30/m3D/m3Dr4/mcs30_m3Dr4_s30.B81
Reading graphs...
30 :  69
30 :  70
Initializing...
maxdom : 30
D->valSize : 900
Solving...
currentSize : 11 <-- 0.018828 s
currentSize : 12 <-- 0.018946 s
currentSize : 13 <-- 0.019404 s
currentSize : 14 <-- 0.019482 s
currentSize : 15 <-- 0.020219 s
currentSize : 16 <-- 0.031162 s
currentSize : 17 <-- 0.299176 s
currentSize : 18 <-- 0.435015 s
currentSize : 19 <-- 34.412601 s

maxsize : 19
nodes : 14141039.000000
filtered : 314577700.000000
CCGP filtered : 49508831.000000
CCGT filtered : 23727194.000000
time : 118.985611
