Parameters: GAD=1 vflib=1 dir=0 label=0 lowerbound=1 fileNameGp=../graphsdb/mcs30/bvg/b03/mcs30_b03_s30.A55 fileNameGt=../graphsdb/mcs30/bvg/b03/mcs30_b03_s30.B55
Reading graphs...
30 :  44
30 :  44
Initializing...
maxdom : 30
D->valSize : 900
Solving...
currentSize : 12 <-- 0.011239 s
currentSize : 13 <-- 0.011570 s
currentSize : 14 <-- 0.011810 s
currentSize : 15 <-- 0.013980 s
currentSize : 16 <-- 0.017952 s
currentSize : 17 <-- 0.030568 s
currentSize : 18 <-- 0.065279 s
currentSize : 19 <-- 0.084643 s
currentSize : 20 <-- 0.273097 s
currentSize : 21 <-- 1.296643 s

maxsize : 21
nodes : 636979.000000
filtered : 16151225.000000
CCGP filtered : 10616498.000000
CCGT filtered : 5359474.000000
time : 5.506833
