Parameters: GAD=1 vflib=1 dir=0 label=0 lowerbound=1 fileNameGp=../graphsdb/mcs30/bvg/b09/mcs30_b09_s35.A37 fileNameGt=../graphsdb/mcs30/bvg/b09/mcs30_b09_s35.B37
Reading graphs...
35 :  151
35 :  154
Initializing...
maxdom : 35
D->valSize : 1225
Solving...
currentSize : 12 <-- 0.018781 s
currentSize : 13 <-- 0.019350 s
currentSize : 14 <-- 0.019426 s
currentSize : 15 <-- 0.022293 s
currentSize : 16 <-- 0.060358 s
currentSize : 17 <-- 0.131156 s
currentSize : 18 <-- 3.468510 s
currentSize : 19 <-- 21.102793 s
currentSize : 20 <-- 314.075226 s

maxsize : 20
nodes : 102269432.000000
filtered : 3342219402.000000
CCGP filtered : 36037390.000000
CCGT filtered : 30841386.000000
time : 1164.465454
