Parameters: GAD=1 vflib=1 dir=0 label=0 lowerbound=1 fileNameGp=../graphsdb/mcs30/bvg/b09/mcs30_b09_s35.A53 fileNameGt=../graphsdb/mcs30/bvg/b09/mcs30_b09_s35.B53
Reading graphs...
35 :  151
35 :  155
Initializing...
maxdom : 35
D->valSize : 1225
Solving...
currentSize : 11 <-- 0.018458 s
currentSize : 12 <-- 0.018675 s
currentSize : 14 <-- 0.019400 s
currentSize : 15 <-- 0.020103 s
currentSize : 16 <-- 0.020242 s
currentSize : 17 <-- 0.772989 s
currentSize : 18 <-- 33.408016 s
currentSize : 19 <-- 124.562393 s
currentSize : 20 <-- 841.941895 s

maxsize : 20
nodes : 144083245.000000
filtered : 4035206620.000000
CCGP filtered : 33044919.000000
CCGT filtered : 39550689.000000
time : 1604.736084
