Parameters: GAD=1 vflib=1 dir=0 label=0 lowerbound=1 fileNameGp=../graphsdb/mcs30/m2D/m2Dr2/mcs30_m2Dr2_s30.A42 fileNameGt=../graphsdb/mcs30/m2D/m2Dr2/mcs30_m2Dr2_s30.B42
Reading graphs...
30 :  55
30 :  53
Initializing...
maxdom : 30
D->valSize : 900
Solving...
currentSize : 13 <-- 0.011379 s
currentSize : 14 <-- 0.011420 s
currentSize : 15 <-- 0.011503 s
currentSize : 16 <-- 0.011992 s
currentSize : 17 <-- 0.012802 s
currentSize : 18 <-- 0.425671 s
currentSize : 19 <-- 0.736013 s
currentSize : 20 <-- 1.153300 s
currentSize : 21 <-- 1.365095 s

maxsize : 21
nodes : 1581797.000000
filtered : 44980528.000000
CCGP filtered : 10727216.000000
CCGT filtered : 14706248.000000
time : 14.915952
