Parameters: GAD=1 vflib=1 dir=0 label=0 lowerbound=1 fileNameGp=../graphsdb/mcs30/rand/r005/mcs30_r005_s35.A12 fileNameGt=../graphsdb/mcs30/rand/r005/mcs30_r005_s35.B12
Reading graphs...
35 :  63
35 :  64
Initializing...
maxdom : 35
D->valSize : 1225
Solving...
currentSize : 15 <-- 0.020588 s
currentSize : 16 <-- 0.020629 s
currentSize : 17 <-- 0.020796 s
currentSize : 18 <-- 0.021324 s
currentSize : 19 <-- 0.021996 s
currentSize : 20 <-- 0.061511 s
currentSize : 21 <-- 2.674130 s
currentSize : 22 <-- 3.530184 s
currentSize : 23 <-- 11.397374 s
currentSize : 24 <-- 89.485298 s

maxsize : 24
nodes : 46303023.000000
filtered : 1270031871.000000
CCGP filtered : 538257063.000000
CCGT filtered : 207508016.000000
time : 475.738403
