Parameters: GAD=1 vflib=1 dir=0 label=0 lowerbound=1 fileNameGp=../graphsdb/mcs30/rand/r005/mcs30_r005_s30.A11 fileNameGt=../graphsdb/mcs30/rand/r005/mcs30_r005_s30.B11
Reading graphs...
30 :  46
30 :  48
Initializing...
maxdom : 30
D->valSize : 900
Solving...
currentSize : 13 <-- 0.019525 s
currentSize : 14 <-- 0.020090 s
currentSize : 16 <-- 0.020252 s
currentSize : 17 <-- 0.020449 s
currentSize : 18 <-- 0.026312 s
currentSize : 19 <-- 0.086661 s
currentSize : 20 <-- 0.101648 s
currentSize : 21 <-- 0.134139 s
currentSize : 22 <-- 3.052313 s

maxsize : 22
nodes : 630937.000000
filtered : 16074967.000000
CCGP filtered : 6927384.000000
CCGT filtered : 4360791.000000
time : 5.665207
