Parameters: GAD=1 vflib=1 dir=0 label=0 lowerbound=1 fileNameGp=../graphsdb/mcs30/bvg/b03/mcs30_b03_s30.A85 fileNameGt=../graphsdb/mcs30/bvg/b03/mcs30_b03_s30.B85
Reading graphs...
30 :  45
30 :  45
Initializing...
maxdom : 30
D->valSize : 900
Solving...
currentSize : 11 <-- 0.019695 s
currentSize : 12 <-- 0.019910 s
currentSize : 13 <-- 0.020601 s
currentSize : 14 <-- 0.020695 s
currentSize : 15 <-- 0.020754 s
currentSize : 16 <-- 0.021761 s
currentSize : 18 <-- 0.021927 s
currentSize : 19 <-- 0.110165 s
currentSize : 20 <-- 0.302375 s
currentSize : 21 <-- 0.302798 s
currentSize : 22 <-- 1.026058 s

maxsize : 22
nodes : 443206.000000
filtered : 12121573.000000
CCGP filtered : 5165482.000000
CCGT filtered : 3806845.000000
time : 4.147326
