Parameters: GAD=1 vflib=1 dir=0 label=0 lowerbound=1 fileNameGp=../graphsdb/mcs30/rand/r005/mcs30_r005_s20.A02 fileNameGt=../graphsdb/mcs30/rand/r005/mcs30_r005_s20.B02
Reading graphs...
20 :  23
20 :  23
Initializing...
maxdom : 20
D->valSize : 400
Solving...
currentSize : 6 <-- 0.004087 s
currentSize : 7 <-- 0.004172 s
currentSize : 8 <-- 0.004643 s
currentSize : 9 <-- 0.004763 s
currentSize : 10 <-- 0.004794 s
currentSize : 11 <-- 0.004839 s
currentSize : 12 <-- 0.004960 s
currentSize : 13 <-- 0.005344 s
currentSize : 14 <-- 0.010233 s
currentSize : 15 <-- 0.018795 s

maxsize : 15
nodes : 7527.000000
filtered : 117047.000000
CCGP filtered : 186820.000000
CCGT filtered : 46980.000000
time : 0.064367
