Parameters: GAD=1 vflib=1 dir=0 label=0 lowerbound=1 fileNameGp=../graphsdb/mcs30/bvg/b03m/mcs30_b03m_s35.A06 fileNameGt=../graphsdb/mcs30/bvg/b03m/mcs30_b03m_s35.B06
Reading graphs...
35 :  50
35 :  48
Initializing...
maxdom : 35
D->valSize : 1225
Solving...
currentSize : 15 <-- 0.021110 s
currentSize : 17 <-- 0.021243 s
currentSize : 18 <-- 0.021437 s
currentSize : 19 <-- 0.021633 s
currentSize : 20 <-- 0.021779 s
currentSize : 21 <-- 0.135955 s
currentSize : 22 <-- 0.508315 s
currentSize : 23 <-- 1.782701 s
currentSize : 24 <-- 3.213433 s
currentSize : 25 <-- 5.737293 s
currentSize : 26 <-- 13.755632 s

maxsize : 26
nodes : 4064935.000000
filtered : 114100009.000000
CCGP filtered : 74736474.000000
CCGT filtered : 38836256.000000
time : 40.027504
