Parameters: GAD=1 vflib=1 dir=0 label=0 lowerbound=1 fileNameGp=../graphsdb/mcs30/bvg/b03/mcs30_b03_s35.A97 fileNameGt=../graphsdb/mcs30/bvg/b03/mcs30_b03_s35.B97
Reading graphs...
35 :  52
35 :  52
Initializing...
maxdom : 35
D->valSize : 1225
Solving...
currentSize : 12 <-- 0.020916 s
currentSize : 13 <-- 0.020963 s
currentSize : 15 <-- 0.020991 s
currentSize : 17 <-- 0.021074 s
currentSize : 18 <-- 0.021571 s
currentSize : 19 <-- 0.092823 s
currentSize : 20 <-- 0.350575 s
currentSize : 21 <-- 0.680366 s
currentSize : 22 <-- 1.418981 s
currentSize : 23 <-- 6.002670 s
currentSize : 24 <-- 18.822081 s
currentSize : 25 <-- 18.822304 s
currentSize : 26 <-- 19.400572 s

maxsize : 26
nodes : 3227505.000000
filtered : 82557270.000000
CCGP filtered : 35259804.000000
CCGT filtered : 39622321.000000
time : 32.996971
