Parameters: GAD=1 vflib=1 dir=0 label=0 lowerbound=1 fileNameGp=../graphsdb/mcs30/bvg/b09/mcs30_b09_s35.A74 fileNameGt=../graphsdb/mcs30/bvg/b09/mcs30_b09_s35.B74
Reading graphs...
35 :  151
35 :  149
Initializing...
maxdom : 35
D->valSize : 1225
Solving...
currentSize : 12 <-- 0.018434 s
currentSize : 13 <-- 0.018545 s
currentSize : 14 <-- 0.022122 s
currentSize : 15 <-- 0.030628 s
currentSize : 16 <-- 0.039699 s
currentSize : 17 <-- 0.077829 s
currentSize : 18 <-- 1.289388 s
currentSize : 19 <-- 5.525331 s
currentSize : 20 <-- 125.935204 s

maxsize : 20
nodes : 138243811.000000
filtered : 3883749909.000000
CCGP filtered : 31936483.000000
CCGT filtered : 17978421.000000
time : 1516.338867
