Parameters: GAD=1 vflib=1 dir=0 label=0 lowerbound=1 fileNameGp=../graphsdb/mcs30/rand/r005/mcs30_r005_s35.A88 fileNameGt=../graphsdb/mcs30/rand/r005/mcs30_r005_s35.B88
Reading graphs...
35 :  63
35 :  64
Initializing...
maxdom : 35
D->valSize : 1225
Solving...
currentSize : 12 <-- 0.035833 s
currentSize : 14 <-- 0.035942 s
currentSize : 17 <-- 0.036055 s
currentSize : 18 <-- 0.037836 s
currentSize : 19 <-- 0.040414 s
currentSize : 20 <-- 0.122617 s
currentSize : 21 <-- 0.387318 s
currentSize : 22 <-- 3.958463 s
currentSize : 23 <-- 11.161991 s
currentSize : 24 <-- 50.324074 s

maxsize : 24
nodes : 34019830.000000
filtered : 1022766169.000000
CCGP filtered : 255445173.000000
CCGT filtered : 191121291.000000
time : 346.206970
