Parameters: GAD=1 vflib=1 dir=0 label=0 lowerbound=1 fileNameGp=../graphsdb/mcs30/m3D/m3Dr4/mcs30_m3Dr4_s30.A91 fileNameGt=../graphsdb/mcs30/m3D/m3Dr4/mcs30_m3Dr4_s30.B91
Reading graphs...
30 :  69
30 :  68
Initializing...
maxdom : 30
D->valSize : 900
Solving...
currentSize : 12 <-- 0.015142 s
currentSize : 13 <-- 0.015177 s
currentSize : 14 <-- 0.015286 s
currentSize : 15 <-- 0.015530 s
currentSize : 16 <-- 0.016089 s
currentSize : 17 <-- 0.048438 s
currentSize : 18 <-- 0.059423 s
currentSize : 19 <-- 0.348531 s
currentSize : 20 <-- 23.165487 s

maxsize : 20
nodes : 10891681.000000
filtered : 274218661.000000
CCGP filtered : 19178238.000000
CCGT filtered : 19262474.000000
time : 94.524368
