Parameters: GAD=1 vflib=1 dir=0 label=0 lowerbound=1 fileNameGp=../graphsdb/mcs30/bvg/b03m/mcs30_b03m_s35.A55 fileNameGt=../graphsdb/mcs30/bvg/b03m/mcs30_b03m_s35.B55
Reading graphs...
35 :  52
35 :  52
Initializing...
maxdom : 35
D->valSize : 1225
Solving...
currentSize : 12 <-- 0.021419 s
currentSize : 14 <-- 0.021606 s
currentSize : 15 <-- 0.026061 s
currentSize : 16 <-- 0.041273 s
currentSize : 17 <-- 0.041929 s
currentSize : 18 <-- 0.042555 s
currentSize : 19 <-- 0.187298 s
currentSize : 20 <-- 0.198885 s
currentSize : 21 <-- 0.630612 s
currentSize : 22 <-- 1.015369 s
currentSize : 23 <-- 12.420207 s
currentSize : 24 <-- 23.454859 s

maxsize : 24
nodes : 7989558.000000
filtered : 249105092.000000
CCGP filtered : 233136978.000000
CCGT filtered : 92504157.000000
time : 85.868973
