Parameters: GAD=1 vflib=1 dir=0 label=0 lowerbound=1 fileNameGp=../graphsdb/mcs30/m3D/m3Dr2/mcs30_m3Dr2_s30.A60 fileNameGt=../graphsdb/mcs30/m3D/m3Dr2/mcs30_m3Dr2_s30.B60
Reading graphs...
30 :  66
30 :  67
Initializing...
maxdom : 30
D->valSize : 900
Solving...
currentSize : 12 <-- 0.018645 s
currentSize : 13 <-- 0.019362 s
currentSize : 14 <-- 0.022911 s
currentSize : 15 <-- 0.080460 s
currentSize : 16 <-- 0.083847 s
currentSize : 17 <-- 0.159326 s
currentSize : 18 <-- 0.349627 s
currentSize : 19 <-- 0.432277 s
currentSize : 20 <-- 19.444965 s

maxsize : 20
nodes : 3920848.000000
filtered : 99315474.000000
CCGP filtered : 15412628.000000
CCGT filtered : 12825101.000000
time : 34.971577
