Parameters: GAD=1 vflib=1 dir=0 label=0 lowerbound=1 fileNameGp=../graphsdb/mcs30/m2D/m2Dr4/mcs30_m2Dr4_s30.A64 fileNameGt=../graphsdb/mcs30/m2D/m2Dr4/mcs30_m2Dr4_s30.B64
Reading graphs...
30 :  60
30 :  59
Initializing...
maxdom : 30
D->valSize : 900
Solving...
currentSize : 12 <-- 0.018968 s
currentSize : 13 <-- 0.019398 s
currentSize : 14 <-- 0.019868 s
currentSize : 15 <-- 0.023792 s
currentSize : 16 <-- 0.033391 s
currentSize : 17 <-- 0.156776 s
currentSize : 18 <-- 0.157183 s
currentSize : 19 <-- 1.408258 s
currentSize : 20 <-- 10.509762 s

maxsize : 20
nodes : 5526901.000000
filtered : 126090617.000000
CCGP filtered : 28834826.000000
CCGT filtered : 21633601.000000
time : 47.429291
