Parameters: GAD=1 vflib=1 dir=0 label=0 lowerbound=1 fileNameGp=../graphsdb/mcs30/rand/r005/mcs30_r005_s30.A54 fileNameGt=../graphsdb/mcs30/rand/r005/mcs30_r005_s30.B54
Reading graphs...
30 :  47
30 :  46
Initializing...
maxdom : 30
D->valSize : 900
Solving...
currentSize : 13 <-- 0.011674 s
currentSize : 14 <-- 0.011728 s
currentSize : 15 <-- 0.012025 s
currentSize : 16 <-- 0.016396 s
currentSize : 17 <-- 0.017010 s
currentSize : 18 <-- 0.024556 s
currentSize : 19 <-- 0.062301 s
currentSize : 20 <-- 0.104559 s
currentSize : 21 <-- 0.131241 s
currentSize : 22 <-- 1.604298 s

maxsize : 22
nodes : 1075153.000000
filtered : 29386702.000000
CCGP filtered : 10803401.000000
CCGT filtered : 7315289.000000
time : 9.461809
