Parameters: GAD=1 vflib=1 dir=0 label=0 lowerbound=1 fileNameGp=../graphsdb/mcs30/bvg/b03/mcs30_b03_s25.A42 fileNameGt=../graphsdb/mcs30/bvg/b03/mcs30_b03_s25.B42
Reading graphs...
25 :  36
25 :  36
Initializing...
maxdom : 25
D->valSize : 625
Solving...
currentSize : 10 <-- 0.009416 s
currentSize : 11 <-- 0.009520 s
currentSize : 12 <-- 0.009537 s
currentSize : 13 <-- 0.009782 s
currentSize : 14 <-- 0.009963 s
currentSize : 15 <-- 0.023161 s
currentSize : 16 <-- 0.023691 s
currentSize : 17 <-- 0.083790 s
currentSize : 18 <-- 1.227861 s

maxsize : 18
nodes : 217840.000000
filtered : 3510489.000000
CCGP filtered : 2567695.000000
CCGT filtered : 1301048.000000
time : 1.559907
