Parameters: GAD=1 vflib=1 dir=0 label=0 lowerbound=1 fileNameGp=../graphsdb/mcs30/bvg/b03m/mcs30_b03m_s25.A23 fileNameGt=../graphsdb/mcs30/bvg/b03m/mcs30_b03m_s25.B23
Reading graphs...
25 :  37
25 :  36
Initializing...
maxdom : 25
D->valSize : 625
Solving...
currentSize : 7 <-- 0.005411 s
currentSize : 10 <-- 0.005445 s
currentSize : 11 <-- 0.005470 s
currentSize : 12 <-- 0.007361 s
currentSize : 14 <-- 0.015552 s
currentSize : 15 <-- 0.017049 s
currentSize : 16 <-- 0.022075 s
currentSize : 17 <-- 0.051904 s
currentSize : 18 <-- 0.376246 s

maxsize : 18
nodes : 98114.000000
filtered : 1660537.000000
CCGP filtered : 877971.000000
CCGT filtered : 770813.000000
time : 0.672173
