Parameters: GAD=1 vflib=1 dir=0 label=0 lowerbound=1 fileNameGp=../graphsdb/mcs30/bvg/b03m/mcs30_b03m_s30.A29 fileNameGt=../graphsdb/mcs30/bvg/b03m/mcs30_b03m_s30.B29
Reading graphs...
30 :  45
30 :  45
Initializing...
maxdom : 30
D->valSize : 900
Solving...
currentSize : 11 <-- 0.019694 s
currentSize : 13 <-- 0.019745 s
currentSize : 15 <-- 0.019950 s
currentSize : 16 <-- 0.021038 s
currentSize : 17 <-- 0.025614 s
currentSize : 18 <-- 0.030825 s
currentSize : 19 <-- 0.043112 s
currentSize : 20 <-- 0.083613 s
currentSize : 21 <-- 0.168074 s

maxsize : 21
nodes : 512316.000000
filtered : 12729007.000000
CCGP filtered : 13157703.000000
CCGT filtered : 5932938.000000
time : 4.854417
