Parameters: GAD=1 vflib=1 dir=0 label=0 lowerbound=1 fileNameGp=../graphsdb/mcs30/bvg/b09/mcs30_b09_s35.A56 fileNameGt=../graphsdb/mcs30/bvg/b09/mcs30_b09_s35.B56
Reading graphs...
35 :  149
35 :  152
Initializing...
maxdom : 35
D->valSize : 1225
Solving...
currentSize : 10 <-- 0.020009 s
currentSize : 11 <-- 0.020080 s
currentSize : 12 <-- 0.020261 s
currentSize : 13 <-- 0.020392 s
currentSize : 14 <-- 0.020885 s
currentSize : 16 <-- 0.070863 s
currentSize : 17 <-- 0.107564 s
currentSize : 18 <-- 5.564666 s
currentSize : 19 <-- 83.702927 s

maxsize : 19
nodes : 287043858.000000
filtered : 7526881926.000000
CCGP filtered : 160080876.000000
CCGT filtered : 59708727.000000
time : 3014.160889
