Parameters: GAD=1 vflib=1 dir=0 label=0 lowerbound=1 fileNameGp=../graphsdb/mcs30/bvg/b03m/mcs30_b03m_s25.A74 fileNameGt=../graphsdb/mcs30/bvg/b03m/mcs30_b03m_s25.B74
Reading graphs...
25 :  37
25 :  37
Initializing...
maxdom : 25
D->valSize : 625
Solving...
currentSize : 10 <-- 0.005358 s
currentSize : 11 <-- 0.005845 s
currentSize : 12 <-- 0.006477 s
currentSize : 13 <-- 0.006725 s
currentSize : 14 <-- 0.014034 s
currentSize : 15 <-- 0.014828 s
currentSize : 16 <-- 0.015523 s
currentSize : 17 <-- 0.121505 s
currentSize : 18 <-- 0.212572 s

maxsize : 18
nodes : 47217.000000
filtered : 1260338.000000
CCGP filtered : 868368.000000
CCGT filtered : 470983.000000
time : 0.413576
