Parameters: GAD=1 vflib=1 dir=0 label=0 lowerbound=1 fileNameGp=../graphsdb/mcs30/m2D/m2Dr2/mcs30_m2Dr2_s30.A33 fileNameGt=../graphsdb/mcs30/m2D/m2Dr2/mcs30_m2Dr2_s30.B33
Reading graphs...
30 :  55
30 :  53
Initializing...
maxdom : 30
D->valSize : 900
Solving...
currentSize : 12 <-- 0.011401 s
currentSize : 13 <-- 0.011982 s
currentSize : 14 <-- 0.012537 s
currentSize : 15 <-- 0.013153 s
currentSize : 16 <-- 0.013684 s
currentSize : 17 <-- 0.016137 s
currentSize : 18 <-- 0.368264 s
currentSize : 19 <-- 0.446490 s
currentSize : 20 <-- 8.448629 s
currentSize : 21 <-- 13.810451 s

maxsize : 21
nodes : 2897248.000000
filtered : 72490150.000000
CCGP filtered : 21530926.000000
CCGT filtered : 22741473.000000
time : 26.033684
