Parameters: GAD=1 vflib=1 dir=0 label=0 lowerbound=1 fileNameGp=../graphsdb/mcs30/rand/r005/mcs30_r005_s25.A31 fileNameGt=../graphsdb/mcs30/rand/r005/mcs30_r005_s25.B31
Reading graphs...
25 :  33
25 :  34
Initializing...
maxdom : 25
D->valSize : 625
Solving...
currentSize : 10 <-- 0.005417 s
currentSize : 12 <-- 0.005455 s
currentSize : 13 <-- 0.005574 s
currentSize : 14 <-- 0.005597 s
currentSize : 15 <-- 0.008032 s
currentSize : 16 <-- 0.009801 s
currentSize : 17 <-- 0.011435 s
currentSize : 18 <-- 0.079682 s
currentSize : 19 <-- 0.382403 s

maxsize : 19
nodes : 122808.000000
filtered : 2214350.000000
CCGP filtered : 2589853.000000
CCGT filtered : 662914.000000
time : 0.908444
