Parameters: GAD=1 vflib=1 dir=0 label=0 lowerbound=1 fileNameGp=../graphsdb/mcs30/bvg/b03m/mcs30_b03m_s35.A16 fileNameGt=../graphsdb/mcs30/bvg/b03m/mcs30_b03m_s35.B16
Reading graphs...
35 :  51
35 :  51
Initializing...
maxdom : 35
D->valSize : 1225
Solving...
currentSize : 15 <-- 0.021163 s
currentSize : 16 <-- 0.021355 s
currentSize : 17 <-- 0.021694 s
currentSize : 18 <-- 0.022522 s
currentSize : 19 <-- 0.032342 s
currentSize : 20 <-- 0.032483 s
currentSize : 21 <-- 0.037945 s
currentSize : 22 <-- 0.045458 s
currentSize : 23 <-- 2.324157 s
currentSize : 24 <-- 4.656223 s
currentSize : 25 <-- 35.708229 s

maxsize : 25
nodes : 7591260.000000
filtered : 193959924.000000
CCGP filtered : 105611798.000000
CCGT filtered : 71052641.000000
time : 74.190369
