Parameters: GAD=1 vflib=1 dir=0 label=0 lowerbound=1 fileNameGp=../graphsdb/mcs30/bvg/b06/mcs30_b06_s35.A84 fileNameGt=../graphsdb/mcs30/bvg/b06/mcs30_b06_s35.B84
Reading graphs...
35 :  102
35 :  102
Initializing...
maxdom : 35
D->valSize : 1225
Solving...
currentSize : 13 <-- 0.019643 s
currentSize : 14 <-- 0.019704 s
currentSize : 15 <-- 0.020036 s
currentSize : 16 <-- 0.023502 s
currentSize : 17 <-- 0.024836 s
currentSize : 18 <-- 0.039088 s
currentSize : 19 <-- 0.132291 s
currentSize : 20 <-- 0.132972 s
currentSize : 21 <-- 76.731895 s

maxsize : 21
nodes : 123002228.000000
filtered : 3713882825.000000
CCGP filtered : 385739597.000000
CCGT filtered : 226424982.000000
time : 1292.413208
