Parameters: GAD=1 vflib=1 dir=0 label=0 lowerbound=1 fileNameGp=../graphsdb/mcs30/bvg/b03m/mcs30_b03m_s35.A71 fileNameGt=../graphsdb/mcs30/bvg/b03m/mcs30_b03m_s35.B71
Reading graphs...
35 :  51
35 :  52
Initializing...
maxdom : 35
D->valSize : 1225
Solving...
currentSize : 9 <-- 0.037090 s
currentSize : 17 <-- 0.037466 s
currentSize : 18 <-- 0.044592 s
currentSize : 19 <-- 0.059426 s
currentSize : 20 <-- 0.153826 s
currentSize : 21 <-- 0.385233 s
currentSize : 22 <-- 0.802676 s
currentSize : 23 <-- 2.972858 s
currentSize : 24 <-- 33.351734 s

maxsize : 24
nodes : 9339833.000000
filtered : 228464610.000000
CCGP filtered : 167647749.000000
CCGT filtered : 133131641.000000
time : 96.110893
