Parameters: GAD=1 vflib=1 dir=0 label=0 lowerbound=1 fileNameGp=../graphsdb/mcs30/bvg/b03m/mcs30_b03m_s30.A15 fileNameGt=../graphsdb/mcs30/bvg/b03m/mcs30_b03m_s30.B15
Reading graphs...
30 :  45
30 :  43
Initializing...
maxdom : 30
D->valSize : 900
Solving...
currentSize : 13 <-- 0.011396 s
currentSize : 14 <-- 0.011450 s
currentSize : 16 <-- 0.011480 s
currentSize : 17 <-- 0.011660 s
currentSize : 18 <-- 0.012533 s
currentSize : 19 <-- 0.027309 s
currentSize : 20 <-- 0.028408 s
currentSize : 21 <-- 0.637957 s
currentSize : 22 <-- 0.638244 s
currentSize : 23 <-- 3.772914 s

maxsize : 23
nodes : 490662.000000
filtered : 13094815.000000
CCGP filtered : 5084224.000000
CCGT filtered : 4126891.000000
time : 4.435351
