Parameters: GAD=1 vflib=1 dir=0 label=0 lowerbound=1 fileNameGp=../graphsdb/mcs30/bvg/b03m/mcs30_b03m_s30.A41 fileNameGt=../graphsdb/mcs30/bvg/b03m/mcs30_b03m_s30.B41
Reading graphs...
30 :  45
30 :  45
Initializing...
maxdom : 30
D->valSize : 900
Solving...
currentSize : 11 <-- 0.019530 s
currentSize : 12 <-- 0.019565 s
currentSize : 13 <-- 0.019711 s
currentSize : 14 <-- 0.049324 s
currentSize : 15 <-- 0.071673 s
currentSize : 16 <-- 0.129490 s
currentSize : 17 <-- 0.180627 s
currentSize : 18 <-- 0.863556 s
currentSize : 19 <-- 0.867138 s
currentSize : 20 <-- 2.506951 s
currentSize : 21 <-- 3.938053 s

maxsize : 21
nodes : 850977.000000
filtered : 19640482.000000
CCGP filtered : 9858926.000000
CCGT filtered : 7929391.000000
time : 7.576579
