Parameters: GAD=1 vflib=1 dir=0 label=0 lowerbound=1 fileNameGp=../graphsdb/mcs30/rand/r005/mcs30_r005_s30.A47 fileNameGt=../graphsdb/mcs30/rand/r005/mcs30_r005_s30.B47
Reading graphs...
30 :  48
30 :  47
Initializing...
maxdom : 30
D->valSize : 900
Solving...
currentSize : 11 <-- 0.011189 s
currentSize : 13 <-- 0.011235 s
currentSize : 14 <-- 0.011325 s
currentSize : 15 <-- 0.011354 s
currentSize : 16 <-- 0.011410 s
currentSize : 17 <-- 0.011451 s
currentSize : 18 <-- 0.011896 s
currentSize : 19 <-- 0.028561 s
currentSize : 20 <-- 0.178647 s
currentSize : 21 <-- 0.836572 s
currentSize : 22 <-- 3.046749 s

maxsize : 22
nodes : 1192218.000000
filtered : 32146505.000000
CCGP filtered : 20551151.000000
CCGT filtered : 11611630.000000
time : 11.044237
