Parameters: GAD=1 vflib=1 dir=0 label=0 lowerbound=1 fileNameGp=../graphsdb/mcs30/bvg/b03m/mcs30_b03m_s30.A49 fileNameGt=../graphsdb/mcs30/bvg/b03m/mcs30_b03m_s30.B49
Reading graphs...
30 :  44
30 :  44
Initializing...
maxdom : 30
D->valSize : 900
Solving...
currentSize : 8 <-- 0.011088 s
currentSize : 13 <-- 0.011308 s
currentSize : 14 <-- 0.011834 s
currentSize : 15 <-- 0.012527 s
currentSize : 16 <-- 0.018594 s
currentSize : 17 <-- 0.029425 s
currentSize : 18 <-- 0.604250 s
currentSize : 19 <-- 0.649270 s
currentSize : 20 <-- 1.121266 s
currentSize : 21 <-- 1.468611 s

maxsize : 21
nodes : 1673659.000000
filtered : 35115235.000000
CCGP filtered : 19050301.000000
CCGT filtered : 12914192.000000
time : 13.582648
