Parameters: GAD=1 vflib=1 dir=0 label=0 lowerbound=1 fileNameGp=../graphsdb/mcs30/m3D/m3D/mcs30_m3D_s30.A99 fileNameGt=../graphsdb/mcs30/m3D/m3D/mcs30_m3D_s30.B99
Reading graphs...
30 :  60
30 :  59
Initializing...
maxdom : 30
D->valSize : 900
Solving...
currentSize : 12 <-- 0.011091 s
currentSize : 13 <-- 0.011227 s
currentSize : 14 <-- 0.011364 s
currentSize : 15 <-- 0.011585 s
currentSize : 16 <-- 0.017372 s
currentSize : 17 <-- 0.017513 s
currentSize : 18 <-- 0.067420 s
currentSize : 19 <-- 2.410828 s
currentSize : 20 <-- 4.156963 s

maxsize : 20
nodes : 9025521.000000
filtered : 224382166.000000
CCGP filtered : 46670807.000000
CCGT filtered : 35673507.000000
time : 78.940529
