Parameters: GAD=1 vflib=1 dir=0 label=0 lowerbound=1 fileNameGp=../graphsdb/mcs30/bvg/b09m/mcs30_b09m_s35.A15 fileNameGt=../graphsdb/mcs30/bvg/b09m/mcs30_b09m_s35.B15
Reading graphs...
35 :  140
35 :  142
Initializing...
maxdom : 35
D->valSize : 1225
Solving...
currentSize : 11 <-- 0.018615 s
currentSize : 12 <-- 0.018692 s
currentSize : 13 <-- 0.018883 s
currentSize : 14 <-- 0.022974 s
currentSize : 15 <-- 0.118005 s
currentSize : 16 <-- 0.631026 s
currentSize : 17 <-- 2.456736 s
currentSize : 18 <-- 29.418194 s
currentSize : 19 <-- 1605.391846 s

maxsize : 19
nodes : 332710131.000000
filtered : 8223170613.000000
CCGP filtered : 233436213.000000
CCGT filtered : 259618754.000000
time : 3508.478271
