Parameters: GAD=1 vflib=1 dir=0 label=0 lowerbound=1 fileNameGp=../graphsdb/mcs30/m3D/m3Dr6/mcs30_m3Dr6_s30.A21 fileNameGt=../graphsdb/mcs30/m3D/m3Dr6/mcs30_m3Dr6_s30.B21
Reading graphs...
30 :  73
30 :  75
Initializing...
maxdom : 30
D->valSize : 900
Solving...
currentSize : 11 <-- 0.010531 s
currentSize : 12 <-- 0.010557 s
currentSize : 13 <-- 0.010795 s
currentSize : 14 <-- 0.010914 s
currentSize : 15 <-- 0.011760 s
currentSize : 16 <-- 0.031221 s
currentSize : 17 <-- 0.542712 s
currentSize : 18 <-- 3.572326 s
currentSize : 19 <-- 6.449637 s

maxsize : 19
nodes : 15906654.000000
filtered : 391517747.000000
CCGP filtered : 29135589.000000
CCGT filtered : 28614270.000000
time : 143.105316
