Parameters: GAD=1 vflib=1 dir=0 label=0 lowerbound=1 fileNameGp=../graphsdb/mcs30/m2D/m2D/mcs30_m2D_s30.A46 fileNameGt=../graphsdb/mcs30/m2D/m2D/mcs30_m2D_s30.B46
Reading graphs...
30 :  49
30 :  49
Initializing...
maxdom : 30
D->valSize : 900
Solving...
currentSize : 12 <-- 0.011013 s
currentSize : 13 <-- 0.011044 s
currentSize : 15 <-- 0.011295 s
currentSize : 16 <-- 0.023372 s
currentSize : 17 <-- 0.025935 s
currentSize : 18 <-- 0.051381 s
currentSize : 19 <-- 0.254057 s
currentSize : 20 <-- 0.353521 s
currentSize : 21 <-- 0.660691 s
currentSize : 22 <-- 3.441384 s

maxsize : 22
nodes : 2349467.000000
filtered : 61584193.000000
CCGP filtered : 22239413.000000
CCGT filtered : 6486688.000000
time : 19.295567
