Parameters: GAD=1 vflib=1 dir=0 label=0 lowerbound=1 fileNameGp=../graphsdb/mcs50/rand/r005/mcs50_r005_s25.A41 fileNameGt=../graphsdb/mcs50/rand/r005/mcs50_r005_s25.B41
Reading graphs...
25 :  33
25 :  35
Initializing...
maxdom : 25
D->valSize : 625
Solving...
currentSize : 7 <-- 0.009408 s
currentSize : 12 <-- 0.009503 s
currentSize : 13 <-- 0.009997 s
currentSize : 14 <-- 0.010221 s
currentSize : 15 <-- 0.018360 s
currentSize : 16 <-- 0.019536 s
currentSize : 17 <-- 0.044347 s
currentSize : 18 <-- 0.185585 s
currentSize : 19 <-- 0.496647 s

maxsize : 19
nodes : 153214.000000
filtered : 2954139.000000
CCGP filtered : 1838168.000000
CCGT filtered : 944079.000000
time : 1.214655
