Parameters: GAD=1 vflib=1 dir=0 label=0 lowerbound=1 fileNameGp=../graphsdb/mcs50/bvg/b03/mcs50_b03_s35.A44 fileNameGt=../graphsdb/mcs50/bvg/b03/mcs50_b03_s35.B44
Reading graphs...
35 :  52
35 :  52
Initializing...
maxdom : 35
D->valSize : 1225
Solving...
currentSize : 15 <-- 0.021167 s
currentSize : 17 <-- 0.021295 s
currentSize : 18 <-- 0.021440 s
currentSize : 19 <-- 0.021619 s
currentSize : 20 <-- 0.021857 s
currentSize : 21 <-- 0.038277 s
currentSize : 22 <-- 0.097716 s
currentSize : 23 <-- 1.208145 s
currentSize : 24 <-- 1.352965 s
currentSize : 25 <-- 4.779880 s
currentSize : 26 <-- 4.781430 s

maxsize : 26
nodes : 1759590.000000
filtered : 57808803.000000
CCGP filtered : 37110154.000000
CCGT filtered : 21614944.000000
time : 19.668604
