Parameters: GAD=1 vflib=1 dir=0 label=0 lowerbound=1 fileNameGp=../graphsdb/mcs50/bvg/b06/mcs50_b06_s35.A92 fileNameGt=../graphsdb/mcs50/bvg/b06/mcs50_b06_s35.B92
Reading graphs...
35 :  103
35 :  104
Initializing...
maxdom : 35
D->valSize : 1225
Solving...
currentSize : 11 <-- 0.019586 s
currentSize : 12 <-- 0.019633 s
currentSize : 13 <-- 0.019736 s
currentSize : 15 <-- 0.019774 s
currentSize : 16 <-- 0.020108 s
currentSize : 17 <-- 0.023849 s
currentSize : 18 <-- 0.026326 s
currentSize : 19 <-- 0.433992 s
currentSize : 20 <-- 41.903313 s
currentSize : 21 <-- 56.914291 s

maxsize : 21
nodes : 141850109.000000
filtered : 4135206161.000000
CCGP filtered : 379194314.000000
CCGT filtered : 199960812.000000
time : 1472.531860
