Parameters: GAD=1 vflib=1 dir=0 label=0 lowerbound=1 fileNameGp=../graphsdb/mcs50/rand/r005/mcs50_r005_s30.A53 fileNameGt=../graphsdb/mcs50/rand/r005/mcs50_r005_s30.B53
Reading graphs...
30 :  47
30 :  46
Initializing...
maxdom : 30
D->valSize : 900
Solving...
currentSize : 10 <-- 0.019063 s
currentSize : 13 <-- 0.019143 s
currentSize : 15 <-- 0.019226 s
currentSize : 16 <-- 0.019319 s
currentSize : 17 <-- 0.019606 s
currentSize : 18 <-- 0.019658 s
currentSize : 19 <-- 0.022996 s
currentSize : 20 <-- 0.115427 s
currentSize : 21 <-- 0.120956 s
currentSize : 22 <-- 2.993590 s

maxsize : 22
nodes : 1013432.000000
filtered : 25017439.000000
CCGP filtered : 18870931.000000
CCGT filtered : 5665654.000000
time : 8.737331
