Parameters: GAD=1 vflib=1 dir=0 label=0 lowerbound=1 fileNameGp=../graphsdb/mcs50/bvg/b03/mcs50_b03_s25.A19 fileNameGt=../graphsdb/mcs50/bvg/b03/mcs50_b03_s25.B19
Reading graphs...
25 :  37
25 :  37
Initializing...
maxdom : 25
D->valSize : 625
Solving...
currentSize : 9 <-- 0.005368 s
currentSize : 10 <-- 0.005420 s
currentSize : 11 <-- 0.005436 s
currentSize : 12 <-- 0.005574 s
currentSize : 13 <-- 0.005775 s
currentSize : 14 <-- 0.011198 s
currentSize : 15 <-- 0.014783 s
currentSize : 16 <-- 0.015423 s
currentSize : 17 <-- 0.024694 s
currentSize : 18 <-- 0.090298 s

maxsize : 18
nodes : 186434.000000
filtered : 3768352.000000
CCGP filtered : 1704545.000000
CCGT filtered : 936198.000000
time : 1.519787
