Parameters: GAD=1 vflib=1 dir=0 label=0 lowerbound=1 fileNameGp=../graphsdb/mcs50/bvg/b06/mcs50_b06_s35.A45 fileNameGt=../graphsdb/mcs50/bvg/b06/mcs50_b06_s35.B45
Reading graphs...
35 :  103
35 :  103
Initializing...
maxdom : 35
D->valSize : 1225
Solving...
currentSize : 12 <-- 0.019434 s
currentSize : 13 <-- 0.019499 s
currentSize : 15 <-- 0.020092 s
currentSize : 16 <-- 0.023590 s
currentSize : 17 <-- 0.034671 s
currentSize : 18 <-- 0.049421 s
currentSize : 19 <-- 0.182113 s
currentSize : 20 <-- 0.303787 s
currentSize : 21 <-- 7.659652 s
currentSize : 22 <-- 64.758690 s

maxsize : 22
nodes : 71516664.000000
filtered : 2429780769.000000
CCGP filtered : 145698284.000000
CCGT filtered : 120063611.000000
time : 775.884583
