Parameters: GAD=1 vflib=1 dir=0 label=0 lowerbound=1 fileNameGp=../graphsdb/mcs50/m4D/m4D/mcs50_m4D_s35.A34 fileNameGt=../graphsdb/mcs50/m4D/m4D/mcs50_m4D_s35.B34
Reading graphs...
35 :  63
35 :  62
Initializing...
maxdom : 35
D->valSize : 1225
Solving...
currentSize : 16 <-- 0.025448 s
currentSize : 18 <-- 0.025493 s
currentSize : 19 <-- 0.025699 s
currentSize : 20 <-- 0.025902 s
currentSize : 21 <-- 0.028005 s
currentSize : 22 <-- 0.067212 s
currentSize : 23 <-- 0.205771 s
currentSize : 24 <-- 0.456122 s
currentSize : 25 <-- 68.430336 s

maxsize : 25
nodes : 6978168.000000
filtered : 220948105.000000
CCGP filtered : 181093912.000000
CCGT filtered : 122102680.000000
time : 78.619164
