Parameters: GAD=1 vflib=1 dir=0 label=0 lowerbound=1 fileNameGp=../graphsdb/mcs50/m4D/m4Dr2/mcs50_m4Dr2_s30.A71 fileNameGt=../graphsdb/mcs50/m4D/m4Dr2/mcs50_m4Dr2_s30.B71
Reading graphs...
30 :  61
30 :  60
Initializing...
maxdom : 30
D->valSize : 900
Solving...
currentSize : 13 <-- 0.018877 s
currentSize : 14 <-- 0.019004 s
currentSize : 15 <-- 0.019330 s
currentSize : 16 <-- 0.026712 s
currentSize : 17 <-- 0.026827 s
currentSize : 18 <-- 0.027015 s
currentSize : 19 <-- 0.106150 s
currentSize : 20 <-- 0.222623 s
currentSize : 21 <-- 0.527769 s

maxsize : 21
nodes : 790290.000000
filtered : 24566496.000000
CCGP filtered : 8721828.000000
CCGT filtered : 6707676.000000
time : 7.871520
