Parameters: GAD=1 vflib=1 dir=0 label=0 lowerbound=1 fileNameGp=../graphsdb/mcs50/bvg/b03m/mcs50_b03m_s30.A37 fileNameGt=../graphsdb/mcs50/bvg/b03m/mcs50_b03m_s30.B37
Reading graphs...
30 :  43
30 :  44
Initializing...
maxdom : 30
D->valSize : 900
Solving...
currentSize : 13 <-- 0.011354 s
currentSize : 14 <-- 0.011607 s
currentSize : 15 <-- 0.011793 s
currentSize : 16 <-- 0.014428 s
currentSize : 17 <-- 0.014651 s
currentSize : 18 <-- 0.054776 s
currentSize : 19 <-- 0.122047 s
currentSize : 20 <-- 0.931608 s
currentSize : 21 <-- 7.896307 s
currentSize : 22 <-- 12.054097 s

maxsize : 22
nodes : 1658488.000000
filtered : 34048507.000000
CCGP filtered : 25211986.000000
CCGT filtered : 15161577.000000
time : 14.232760
