Parameters: GAD=1 vflib=1 dir=0 label=0 lowerbound=1 fileNameGp=../graphsdb/mcs50/m2D/m2Dr2/mcs50_m2Dr2_s30.A60 fileNameGt=../graphsdb/mcs50/m2D/m2Dr2/mcs50_m2Dr2_s30.B60
Reading graphs...
30 :  53
30 :  53
Initializing...
maxdom : 30
D->valSize : 900
Solving...
currentSize : 12 <-- 0.011026 s
currentSize : 13 <-- 0.011089 s
currentSize : 15 <-- 0.011331 s
currentSize : 16 <-- 0.011472 s
currentSize : 17 <-- 0.011956 s
currentSize : 18 <-- 0.060473 s
currentSize : 19 <-- 0.113337 s
currentSize : 20 <-- 1.719418 s
currentSize : 21 <-- 36.425266 s

maxsize : 21
nodes : 6649473.000000
filtered : 161537176.000000
CCGP filtered : 44370610.000000
CCGT filtered : 37628698.000000
time : 60.098930
