Parameters: GAD=1 vflib=1 dir=0 label=0 lowerbound=1 fileNameGp=../graphsdb/mcs50/bvg/b03/mcs50_b03_s35.A87 fileNameGt=../graphsdb/mcs50/bvg/b03/mcs50_b03_s35.B87
Reading graphs...
35 :  52
35 :  50
Initializing...
maxdom : 35
D->valSize : 1225
Solving...
currentSize : 11 <-- 0.021192 s
currentSize : 16 <-- 0.021379 s
currentSize : 17 <-- 0.021404 s
currentSize : 18 <-- 0.050875 s
currentSize : 19 <-- 0.051570 s
currentSize : 20 <-- 0.051734 s
currentSize : 21 <-- 0.183253 s
currentSize : 22 <-- 1.188017 s
currentSize : 23 <-- 2.894311 s
currentSize : 24 <-- 6.403871 s
currentSize : 25 <-- 8.916281 s

maxsize : 25
nodes : 4737847.000000
filtered : 130811003.000000
CCGP filtered : 94415221.000000
CCGT filtered : 61030806.000000
time : 48.744282
