Parameters: GAD=1 vflib=1 dir=0 label=0 lowerbound=1 fileNameGp=../graphsdb/mcs50/rand/r005/mcs50_r005_s35.A42 fileNameGt=../graphsdb/mcs50/rand/r005/mcs50_r005_s35.B42
Reading graphs...
35 :  61
35 :  61
Initializing...
maxdom : 35
D->valSize : 1225
Solving...
currentSize : 15 <-- 0.024986 s
currentSize : 16 <-- 0.025238 s
currentSize : 18 <-- 0.025716 s
currentSize : 19 <-- 0.032406 s
currentSize : 20 <-- 0.039119 s
currentSize : 21 <-- 0.279438 s
currentSize : 22 <-- 2.894606 s
currentSize : 23 <-- 2.896404 s
currentSize : 24 <-- 77.243820 s
currentSize : 25 <-- 115.806328 s

maxsize : 25
nodes : 32441303.000000
filtered : 916650712.000000
CCGP filtered : 264571700.000000
CCGT filtered : 184519497.000000
time : 320.058716
