Parameters: GAD=1 vflib=1 dir=0 label=0 lowerbound=1 fileNameGp=../graphsdb/mcs50/m2D/m2D/mcs50_m2D_s30.A31 fileNameGt=../graphsdb/mcs50/m2D/m2D/mcs50_m2D_s30.B31
Reading graphs...
30 :  49
30 :  49
Initializing...
maxdom : 30
D->valSize : 900
Solving...
currentSize : 13 <-- 0.019465 s
currentSize : 14 <-- 0.019511 s
currentSize : 16 <-- 0.019568 s
currentSize : 17 <-- 0.019735 s
currentSize : 18 <-- 0.020137 s
currentSize : 19 <-- 0.020969 s
currentSize : 20 <-- 0.066252 s
currentSize : 21 <-- 2.274549 s
currentSize : 22 <-- 9.417985 s

maxsize : 22
nodes : 2446636.000000
filtered : 59017085.000000
CCGP filtered : 20471776.000000
CCGT filtered : 13696579.000000
time : 21.398584
