Parameters: GAD=1 vflib=1 dir=0 label=0 lowerbound=1 fileNameGp=../graphsdb/mcs50/m4D/m4Dr6/mcs50_m4Dr6_s30.A35 fileNameGt=../graphsdb/mcs50/m4D/m4Dr6/mcs50_m4Dr6_s30.B35
Reading graphs...
30 :  72
30 :  72
Initializing...
maxdom : 30
D->valSize : 900
Solving...
currentSize : 8 <-- 0.015314 s
currentSize : 9 <-- 0.015406 s
currentSize : 10 <-- 0.015458 s
currentSize : 13 <-- 0.015636 s
currentSize : 14 <-- 0.017929 s
currentSize : 15 <-- 0.018017 s
currentSize : 16 <-- 0.032488 s
currentSize : 17 <-- 0.205684 s
currentSize : 18 <-- 1.564249 s
currentSize : 19 <-- 12.987629 s

maxsize : 19
nodes : 6286908.000000
filtered : 154879159.000000
CCGP filtered : 26556928.000000
CCGT filtered : 22566657.000000
time : 57.020584
