Parameters: GAD=1 vflib=1 dir=0 label=0 lowerbound=1 fileNameGp=../graphsdb/mcs50/bvg/b03/mcs50_b03_s35.A21 fileNameGt=../graphsdb/mcs50/bvg/b03/mcs50_b03_s35.B21
Reading graphs...
35 :  52
35 :  52
Initializing...
maxdom : 35
D->valSize : 1225
Solving...
currentSize : 14 <-- 0.021005 s
currentSize : 16 <-- 0.021132 s
currentSize : 17 <-- 0.023360 s
currentSize : 18 <-- 0.025012 s
currentSize : 19 <-- 0.033078 s
currentSize : 20 <-- 0.056754 s
currentSize : 21 <-- 0.059854 s
currentSize : 22 <-- 0.094621 s
currentSize : 24 <-- 0.146034 s
currentSize : 25 <-- 5.807535 s

maxsize : 25
nodes : 4767000.000000
filtered : 143722653.000000
CCGP filtered : 80759143.000000
CCGT filtered : 68366743.000000
time : 52.017506
