Parameters: GAD=1 vflib=1 dir=0 label=0 lowerbound=1 fileNameGp=../graphsdb/mcs50/bvg/b03/mcs50_b03_s35.A40 fileNameGt=../graphsdb/mcs50/bvg/b03/mcs50_b03_s35.B40
Reading graphs...
35 :  52
35 :  52
Initializing...
maxdom : 35
D->valSize : 1225
Solving...
currentSize : 15 <-- 0.026017 s
currentSize : 17 <-- 0.026079 s
currentSize : 19 <-- 0.026785 s
currentSize : 20 <-- 0.027430 s
currentSize : 21 <-- 0.042737 s
currentSize : 22 <-- 0.129391 s
currentSize : 23 <-- 0.159269 s
currentSize : 24 <-- 0.846971 s
currentSize : 25 <-- 17.128399 s

maxsize : 25
nodes : 13907922.000000
filtered : 378321794.000000
CCGP filtered : 235097538.000000
CCGT filtered : 138496625.000000
time : 139.056671
