Parameters: GAD=1 vflib=1 dir=0 label=0 lowerbound=1 fileNameGp=../graphsdb/mcs50/m4D/m4Dr6/mcs50_m4Dr6_s35.A48 fileNameGt=../graphsdb/mcs50/m4D/m4Dr6/mcs50_m4Dr6_s35.B48
Reading graphs...
35 :  83
35 :  81
Initializing...
maxdom : 35
D->valSize : 1225
Solving...
currentSize : 11 <-- 0.035045 s
currentSize : 12 <-- 0.035198 s
currentSize : 13 <-- 0.035245 s
currentSize : 14 <-- 0.035501 s
currentSize : 15 <-- 0.037656 s
currentSize : 16 <-- 0.039214 s
currentSize : 17 <-- 0.039575 s
currentSize : 18 <-- 0.042844 s
currentSize : 19 <-- 0.047192 s
currentSize : 20 <-- 0.047332 s
currentSize : 21 <-- 0.184543 s
currentSize : 22 <-- 26.746861 s
currentSize : 23 <-- 56.537823 s

maxsize : 23
nodes : 45045088.000000
filtered : 1419223318.000000
CCGP filtered : 222642868.000000
CCGT filtered : 172435417.000000
time : 464.578644
