Parameters: GAD=1 vflib=1 dir=0 label=0 lowerbound=1 fileNameGp=../graphsdb/mcs50/m4D/m4Dr6/mcs50_m4Dr6_s35.A35 fileNameGt=../graphsdb/mcs50/m4D/m4Dr6/mcs50_m4Dr6_s35.B35
Reading graphs...
35 :  83
35 :  83
Initializing...
maxdom : 35
D->valSize : 1225
Solving...
currentSize : 11 <-- 0.024341 s
currentSize : 12 <-- 0.026047 s
currentSize : 13 <-- 0.026499 s
currentSize : 14 <-- 0.026521 s
currentSize : 15 <-- 0.028192 s
currentSize : 16 <-- 0.039729 s
currentSize : 17 <-- 0.039778 s
currentSize : 18 <-- 0.087890 s
currentSize : 19 <-- 0.099029 s
currentSize : 20 <-- 0.489483 s
currentSize : 21 <-- 4.056691 s
currentSize : 22 <-- 4.057382 s
currentSize : 23 <-- 6.129001 s

maxsize : 23
nodes : 20911198.000000
filtered : 673697529.000000
CCGP filtered : 82096366.000000
CCGT filtered : 77997196.000000
time : 215.725403
