Parameters: GAD=1 vflib=1 dir=0 label=0 lowerbound=1 fileNameGp=../graphsdb/mcs50/rand/r005/mcs50_r005_s35.A02 fileNameGt=../graphsdb/mcs50/rand/r005/mcs50_r005_s35.B02
Reading graphs...
35 :  62
35 :  61
Initializing...
maxdom : 35
D->valSize : 1225
Solving...
currentSize : 14 <-- 0.025199 s
currentSize : 16 <-- 0.025294 s
currentSize : 17 <-- 0.027755 s
currentSize : 18 <-- 0.033643 s
currentSize : 19 <-- 0.034963 s
currentSize : 20 <-- 0.036571 s
currentSize : 21 <-- 0.039340 s
currentSize : 22 <-- 0.792773 s
currentSize : 23 <-- 4.649684 s
currentSize : 24 <-- 36.234535 s

maxsize : 24
nodes : 40093073.000000
filtered : 1123166134.000000
CCGP filtered : 373210520.000000
CCGT filtered : 170956160.000000
time : 386.570282
