Parameters: GAD=1 vflib=1 dir=0 label=0 lowerbound=1 fileNameGp=../graphsdb/mcs50/m4D/m4Dr6/mcs50_m4Dr6_s35.A95 fileNameGt=../graphsdb/mcs50/m4D/m4Dr6/mcs50_m4Dr6_s35.B95
Reading graphs...
35 :  82
35 :  80
Initializing...
maxdom : 35
D->valSize : 1225
Solving...
currentSize : 14 <-- 0.035064 s
currentSize : 15 <-- 0.037264 s
currentSize : 16 <-- 0.037493 s
currentSize : 17 <-- 0.050337 s
currentSize : 18 <-- 0.594869 s
currentSize : 20 <-- 0.598909 s
currentSize : 21 <-- 2.171147 s
currentSize : 22 <-- 18.412809 s
currentSize : 23 <-- 91.865883 s

maxsize : 23
nodes : 37621634.000000
filtered : 1123333269.000000
CCGP filtered : 200186578.000000
CCGT filtered : 107381146.000000
time : 379.147614
