Parameters: GAD=1 vflib=1 dir=0 label=0 lowerbound=1 fileNameGp=../graphsdb/mcs50/bvg/b09/mcs50_b09_s35.A17 fileNameGt=../graphsdb/mcs50/bvg/b09/mcs50_b09_s35.B17
Reading graphs...
35 :  156
35 :  156
Initializing...
maxdom : 35
D->valSize : 1225
Solving...
currentSize : 10 <-- 0.031678 s
currentSize : 11 <-- 0.031843 s
currentSize : 12 <-- 0.032125 s
currentSize : 13 <-- 0.032753 s
currentSize : 14 <-- 0.035149 s
currentSize : 15 <-- 0.077180 s
currentSize : 16 <-- 0.561825 s
currentSize : 17 <-- 4.585410 s
currentSize : 19 <-- 7.421593 s

maxsize : 19
nodes : 134269555.000000
filtered : 3836333313.000000
CCGP filtered : 29976329.000000
CCGT filtered : 63599665.000000
time : 1523.225220
