Parameters: GAD=1 vflib=1 dir=0 label=0 lowerbound=1 fileNameGp=../graphsdb/mcs50/m2D/m2Dr2/mcs50_m2Dr2_s30.A64 fileNameGt=../graphsdb/mcs50/m2D/m2Dr2/mcs50_m2Dr2_s30.B64
Reading graphs...
30 :  55
30 :  53
Initializing...
maxdom : 30
D->valSize : 900
Solving...
currentSize : 12 <-- 0.010873 s
currentSize : 13 <-- 0.010933 s
currentSize : 15 <-- 0.010986 s
currentSize : 16 <-- 0.011140 s
currentSize : 17 <-- 0.011229 s
currentSize : 18 <-- 0.011268 s
currentSize : 19 <-- 0.038827 s
currentSize : 20 <-- 0.066255 s
currentSize : 21 <-- 2.416435 s

maxsize : 21
nodes : 3558593.000000
filtered : 97527985.000000
CCGP filtered : 26889615.000000
CCGT filtered : 23330420.000000
time : 31.750546
