Parameters: GAD=1 vflib=1 dir=0 label=0 lowerbound=1 fileNameGp=../graphsdb/mcs50/bvg/b03/mcs50_b03_s25.A58 fileNameGt=../graphsdb/mcs50/bvg/b03/mcs50_b03_s25.B58
Reading graphs...
25 :  37
25 :  37
Initializing...
maxdom : 25
D->valSize : 625
Solving...
currentSize : 10 <-- 0.009318 s
currentSize : 11 <-- 0.009355 s
currentSize : 12 <-- 0.009605 s
currentSize : 13 <-- 0.009718 s
currentSize : 14 <-- 0.013377 s
currentSize : 15 <-- 0.021614 s
currentSize : 16 <-- 0.021674 s
currentSize : 17 <-- 0.033700 s
currentSize : 18 <-- 0.061298 s

maxsize : 18
nodes : 119387.000000
filtered : 2324525.000000
CCGP filtered : 1285140.000000
CCGT filtered : 824253.000000
time : 0.991306
