Parameters: GAD=1 vflib=1 dir=0 label=0 lowerbound=1 fileNameGp=../graphsdb/mcs50/m4D/m4Dr6/mcs50_m4Dr6_s30.A98 fileNameGt=../graphsdb/mcs50/m4D/m4Dr6/mcs50_m4Dr6_s30.B98
Reading graphs...
30 :  69
30 :  68
Initializing...
maxdom : 30
D->valSize : 900
Solving...
currentSize : 10 <-- 0.018722 s
currentSize : 13 <-- 0.018833 s
currentSize : 14 <-- 0.020884 s
currentSize : 15 <-- 0.021107 s
currentSize : 16 <-- 0.023706 s
currentSize : 17 <-- 0.027172 s
currentSize : 18 <-- 0.030524 s
currentSize : 19 <-- 2.116907 s
currentSize : 20 <-- 9.707618 s

maxsize : 20
nodes : 4114478.000000
filtered : 106249057.000000
CCGP filtered : 17791595.000000
CCGT filtered : 13713890.000000
time : 36.732193
