Parameters: GAD=1 vflib=1 dir=0 label=0 lowerbound=1 fileNameGp=../graphsdb/mcs50/bvg/b03/mcs50_b03_s35.A24 fileNameGt=../graphsdb/mcs50/bvg/b03/mcs50_b03_s35.B24
Reading graphs...
35 :  52
35 :  51
Initializing...
maxdom : 35
D->valSize : 1225
Solving...
currentSize : 16 <-- 0.026037 s
currentSize : 17 <-- 0.026110 s
currentSize : 18 <-- 0.028033 s
currentSize : 19 <-- 0.104159 s
currentSize : 20 <-- 0.116972 s
currentSize : 21 <-- 0.124112 s
currentSize : 22 <-- 4.835650 s
currentSize : 23 <-- 4.835916 s
currentSize : 24 <-- 4.858756 s
currentSize : 25 <-- 22.406977 s

maxsize : 25
nodes : 6738609.000000
filtered : 178438811.000000
CCGP filtered : 139547164.000000
CCGT filtered : 84758815.000000
time : 70.684906
