Parameters: GAD=1 vflib=1 dir=0 label=0 lowerbound=1 fileNameGp=../graphsdb/mcs50/m4D/m4D/mcs50_m4D_s30.A77 fileNameGt=../graphsdb/mcs50/m4D/m4D/mcs50_m4D_s30.B77
Reading graphs...
30 :  55
30 :  55
Initializing...
maxdom : 30
D->valSize : 900
Solving...
currentSize : 12 <-- 0.019066 s
currentSize : 13 <-- 0.019251 s
currentSize : 14 <-- 0.019557 s
currentSize : 15 <-- 0.019788 s
currentSize : 16 <-- 0.024798 s
currentSize : 17 <-- 0.029328 s
currentSize : 18 <-- 0.038909 s
currentSize : 19 <-- 0.039017 s
currentSize : 20 <-- 0.174356 s
currentSize : 21 <-- 0.293438 s
currentSize : 22 <-- 1.871380 s

maxsize : 22
nodes : 554405.000000
filtered : 17025522.000000
CCGP filtered : 8466637.000000
CCGT filtered : 2967747.000000
time : 5.326619
