Parameters: GAD=1 vflib=1 dir=0 label=0 lowerbound=1 fileNameGp=../graphsdb/mcs50/m4D/m4Dr6/mcs50_m4Dr6_s35.A37 fileNameGt=../graphsdb/mcs50/m4D/m4Dr6/mcs50_m4Dr6_s35.B37
Reading graphs...
35 :  83
35 :  82
Initializing...
maxdom : 35
D->valSize : 1225
Solving...
currentSize : 14 <-- 0.020013 s
currentSize : 15 <-- 0.020484 s
currentSize : 16 <-- 0.020580 s
currentSize : 17 <-- 0.024182 s
currentSize : 18 <-- 0.058099 s
currentSize : 19 <-- 0.059847 s
currentSize : 20 <-- 0.231587 s
currentSize : 21 <-- 0.289920 s
currentSize : 22 <-- 0.324970 s
currentSize : 23 <-- 185.687683 s

maxsize : 23
nodes : 38412356.000000
filtered : 1246643900.000000
CCGP filtered : 206707126.000000
CCGT filtered : 221786959.000000
time : 410.662231
