Parameters: GAD=1 vflib=1 dir=0 label=0 lowerbound=1 fileNameGp=../graphsdb/mcs50/bvg/b03/mcs50_b03_s25.A00 fileNameGt=../graphsdb/mcs50/bvg/b03/mcs50_b03_s25.B00
Reading graphs...
25 :  37
25 :  37
Initializing...
maxdom : 25
D->valSize : 625
Solving...
currentSize : 8 <-- 0.005429 s
currentSize : 9 <-- 0.005455 s
currentSize : 12 <-- 0.005490 s
currentSize : 13 <-- 0.005817 s
currentSize : 14 <-- 0.005850 s
currentSize : 15 <-- 0.007561 s
currentSize : 16 <-- 0.014768 s
currentSize : 17 <-- 0.015392 s
currentSize : 18 <-- 0.457148 s
currentSize : 19 <-- 0.741101 s

maxsize : 19
nodes : 183165.000000
filtered : 3527015.000000
CCGP filtered : 1608011.000000
CCGT filtered : 953160.000000
time : 1.380574
