Parameters: GAD=1 vflib=1 dir=0 label=0 lowerbound=1 fileNameGp=../graphsdb/mcs50/m2D/m2Dr6/mcs50_m2Dr6_s30.A26 fileNameGt=../graphsdb/mcs50/m2D/m2Dr6/mcs50_m2Dr6_s30.B26
Reading graphs...
30 :  64
30 :  63
Initializing...
maxdom : 30
D->valSize : 900
Solving...
currentSize : 10 <-- 0.010745 s
currentSize : 13 <-- 0.010844 s
currentSize : 14 <-- 0.010952 s
currentSize : 15 <-- 0.014783 s
currentSize : 16 <-- 0.017159 s
currentSize : 17 <-- 0.042693 s
currentSize : 18 <-- 0.098801 s
currentSize : 19 <-- 2.473510 s
currentSize : 20 <-- 5.632004 s

maxsize : 20
nodes : 5010721.000000
filtered : 134771666.000000
CCGP filtered : 16694414.000000
CCGT filtered : 17999899.000000
time : 43.749798
