Parameters: GAD=1 vflib=1 dir=0 label=0 lowerbound=1 fileNameGp=../graphsdb/mcs50/bvg/b06m/mcs50_b06m_s35.A03 fileNameGt=../graphsdb/mcs50/bvg/b06m/mcs50_b06m_s35.B03
Reading graphs...
35 :  103
35 :  103
Initializing...
maxdom : 35
D->valSize : 1225
Solving...
currentSize : 13 <-- 0.019437 s
currentSize : 14 <-- 0.019610 s
currentSize : 15 <-- 0.022016 s
currentSize : 16 <-- 0.026895 s
currentSize : 17 <-- 0.048435 s
currentSize : 18 <-- 0.048692 s
currentSize : 19 <-- 0.786049 s
currentSize : 20 <-- 49.313160 s
currentSize : 21 <-- 2825.998047 s

maxsize : 21
nodes : 322204181.000000
filtered : 8579766084.000000
CCGP filtered : 806851844.000000
CCGT filtered : 858795185.000000
time : 3450.613770
