Parameters: GAD=1 vflib=1 dir=0 label=0 lowerbound=1 fileNameGp=../graphsdb/mcs50/bvg/b03m/mcs50_b03m_s30.A66 fileNameGt=../graphsdb/mcs50/bvg/b03m/mcs50_b03m_s30.B66
Reading graphs...
30 :  45
30 :  45
Initializing...
maxdom : 30
D->valSize : 900
Solving...
currentSize : 14 <-- 0.011162 s
currentSize : 15 <-- 0.011708 s
currentSize : 16 <-- 0.030438 s
currentSize : 17 <-- 0.085287 s
currentSize : 18 <-- 0.139430 s
currentSize : 19 <-- 0.986907 s
currentSize : 20 <-- 1.067690 s
currentSize : 21 <-- 1.070911 s
currentSize : 22 <-- 1.076150 s

maxsize : 22
nodes : 330414.000000
filtered : 8361149.000000
CCGP filtered : 6026108.000000
CCGT filtered : 3194479.000000
time : 3.079400
