Parameters: GAD=1 vflib=1 dir=0 label=0 lowerbound=1 fileNameGp=../graphsdb/mcs50/bvg/b03m/mcs50_b03m_s30.A70 fileNameGt=../graphsdb/mcs50/bvg/b03m/mcs50_b03m_s30.B70
Reading graphs...
30 :  45
30 :  45
Initializing...
maxdom : 30
D->valSize : 900
Solving...
currentSize : 12 <-- 0.011243 s
currentSize : 13 <-- 0.011309 s
currentSize : 14 <-- 0.015825 s
currentSize : 15 <-- 0.016472 s
currentSize : 16 <-- 0.016748 s
currentSize : 17 <-- 0.026665 s
currentSize : 18 <-- 0.080878 s
currentSize : 19 <-- 0.102601 s
currentSize : 20 <-- 0.747806 s
currentSize : 21 <-- 1.909297 s

maxsize : 21
nodes : 1274587.000000
filtered : 28943584.000000
CCGP filtered : 14838081.000000
CCGT filtered : 10414956.000000
time : 11.183229
