Parameters: GAD=1 vflib=1 dir=0 label=0 lowerbound=1 fileNameGp=../graphsdb/mcs50/bvg/b09/mcs50_b09_s35.A33 fileNameGt=../graphsdb/mcs50/bvg/b09/mcs50_b09_s35.B33
Reading graphs...
35 :  154
35 :  154
Initializing...
maxdom : 35
D->valSize : 1225
Solving...
currentSize : 11 <-- 0.031638 s
currentSize : 12 <-- 0.031941 s
currentSize : 13 <-- 0.032368 s
currentSize : 14 <-- 0.032546 s
currentSize : 15 <-- 0.058870 s
currentSize : 16 <-- 0.316778 s
currentSize : 17 <-- 37.530552 s
currentSize : 18 <-- 603.747253 s
currentSize : 19 <-- 1199.662109 s

maxsize : 19
nodes : 183811041.000000
filtered : 4202633502.000000
CCGP filtered : 76245036.000000
CCGT filtered : 104270458.000000
time : 2004.374390
