Parameters: GAD=1 vflib=1 dir=0 label=0 lowerbound=1 fileNameGp=../graphsdb/mcs50/m4D/m4D/mcs50_m4D_s35.A04 fileNameGt=../graphsdb/mcs50/m4D/m4D/mcs50_m4D_s35.B04
Reading graphs...
35 :  63
35 :  63
Initializing...
maxdom : 35
D->valSize : 1225
Solving...
currentSize : 7 <-- 0.020590 s
currentSize : 12 <-- 0.020757 s
currentSize : 14 <-- 0.020789 s
currentSize : 15 <-- 0.020981 s
currentSize : 16 <-- 0.021242 s
currentSize : 17 <-- 0.024354 s
currentSize : 18 <-- 0.028479 s
currentSize : 19 <-- 0.053708 s
currentSize : 20 <-- 0.297640 s
currentSize : 21 <-- 0.688207 s
currentSize : 22 <-- 1.125293 s
currentSize : 23 <-- 1.808277 s
currentSize : 24 <-- 2.604910 s
currentSize : 25 <-- 10.977027 s

maxsize : 25
nodes : 4727598.000000
filtered : 150971191.000000
CCGP filtered : 90463114.000000
CCGT filtered : 50187124.000000
time : 51.814388
