Parameters: GAD=1 vflib=1 dir=0 label=0 lowerbound=1 fileNameGp=../graphsdb/mcs50/bvg/b03m/mcs50_b03m_s35.A51 fileNameGt=../graphsdb/mcs50/bvg/b03m/mcs50_b03m_s35.B51
Reading graphs...
35 :  50
35 :  51
Initializing...
maxdom : 35
D->valSize : 1225
Solving...
currentSize : 17 <-- 0.021249 s
currentSize : 18 <-- 0.021347 s
currentSize : 19 <-- 0.021395 s
currentSize : 20 <-- 0.040547 s
currentSize : 21 <-- 0.056988 s
currentSize : 22 <-- 0.062233 s
currentSize : 23 <-- 0.110559 s
currentSize : 24 <-- 1.122811 s
currentSize : 25 <-- 5.352374 s
currentSize : 26 <-- 6.555395 s

maxsize : 26
nodes : 3291156.000000
filtered : 99768535.000000
CCGP filtered : 73102443.000000
CCGT filtered : 45551437.000000
time : 35.886375
