Parameters: GAD=1 vflib=1 dir=0 label=0 lowerbound=1 fileNameGp=../graphsdb/mcs50/m4D/m4Dr2/mcs50_m4Dr2_s30.A10 fileNameGt=../graphsdb/mcs50/m4D/m4Dr2/mcs50_m4Dr2_s30.B10
Reading graphs...
30 :  59
30 :  60
Initializing...
maxdom : 30
D->valSize : 900
Solving...
currentSize : 11 <-- 0.010972 s
currentSize : 12 <-- 0.011105 s
currentSize : 13 <-- 0.011546 s
currentSize : 14 <-- 0.012317 s
currentSize : 15 <-- 0.013055 s
currentSize : 16 <-- 0.013679 s
currentSize : 17 <-- 0.029221 s
currentSize : 18 <-- 0.391997 s
currentSize : 19 <-- 0.710095 s
currentSize : 20 <-- 4.503396 s

maxsize : 20
nodes : 2957456.000000
filtered : 75216690.000000
CCGP filtered : 49228808.000000
CCGT filtered : 31898195.000000
time : 28.030956
