Parameters: GAD=1 vflib=1 dir=0 label=0 lowerbound=1 fileNameGp=../graphsdb/mcs50/m4D/m4Dr2/mcs50_m4Dr2_s30.A28 fileNameGt=../graphsdb/mcs50/m4D/m4Dr2/mcs50_m4Dr2_s30.B28
Reading graphs...
30 :  61
30 :  59
Initializing...
maxdom : 30
D->valSize : 900
Solving...
currentSize : 11 <-- 0.010771 s
currentSize : 13 <-- 0.010800 s
currentSize : 14 <-- 0.010852 s
currentSize : 15 <-- 0.011000 s
currentSize : 16 <-- 0.011064 s
currentSize : 17 <-- 0.029507 s
currentSize : 18 <-- 0.120781 s
currentSize : 19 <-- 0.175945 s
currentSize : 20 <-- 0.486840 s

maxsize : 20
nodes : 2432370.000000
filtered : 59764871.000000
CCGP filtered : 32904834.000000
CCGT filtered : 26935257.000000
time : 21.789364
