Parameters: GAD=1 vflib=1 dir=0 label=0 lowerbound=1 fileNameGp=../graphsdb/mcs50/m4D/m4D/mcs50_m4D_s30.A20 fileNameGt=../graphsdb/mcs50/m4D/m4D/mcs50_m4D_s30.B20
Reading graphs...
30 :  54
30 :  55
Initializing...
maxdom : 30
D->valSize : 900
Solving...
currentSize : 12 <-- 0.011029 s
currentSize : 13 <-- 0.011117 s
currentSize : 15 <-- 0.011525 s
currentSize : 16 <-- 0.011806 s
currentSize : 17 <-- 0.019875 s
currentSize : 18 <-- 0.028345 s
currentSize : 19 <-- 0.100874 s
currentSize : 20 <-- 0.124820 s
currentSize : 21 <-- 1.199882 s
currentSize : 22 <-- 1.375790 s

maxsize : 22
nodes : 637195.000000
filtered : 18325076.000000
CCGP filtered : 9178638.000000
CCGT filtered : 4132905.000000
time : 5.950081
