Parameters: GAD=1 vflib=1 dir=0 label=0 lowerbound=1 fileNameGp=../graphsdb/mcs50/bvg/b06/mcs50_b06_s35.A81 fileNameGt=../graphsdb/mcs50/bvg/b06/mcs50_b06_s35.B81
Reading graphs...
35 :  103
35 :  103
Initializing...
maxdom : 35
D->valSize : 1225
Solving...
currentSize : 14 <-- 0.024144 s
currentSize : 15 <-- 0.024296 s
currentSize : 16 <-- 0.024332 s
currentSize : 17 <-- 0.027571 s
currentSize : 18 <-- 0.042064 s
currentSize : 19 <-- 0.143824 s
currentSize : 20 <-- 12.366956 s
currentSize : 21 <-- 202.793686 s
currentSize : 22 <-- 869.260925 s

maxsize : 22
nodes : 115773140.000000
filtered : 3475173385.000000
CCGP filtered : 241390241.000000
CCGT filtered : 244731060.000000
time : 1242.030396
