Parameters: GAD=1 vflib=1 dir=0 label=0 lowerbound=1 fileNameGp=../graphsdb/mcs50/bvg/b03m/mcs50_b03m_s35.A90 fileNameGt=../graphsdb/mcs50/bvg/b03m/mcs50_b03m_s35.B90
Reading graphs...
35 :  50
35 :  50
Initializing...
maxdom : 35
D->valSize : 1225
Solving...
currentSize : 12 <-- 0.021199 s
currentSize : 13 <-- 0.021379 s
currentSize : 15 <-- 0.021420 s
currentSize : 16 <-- 0.021593 s
currentSize : 17 <-- 0.025699 s
currentSize : 18 <-- 0.047253 s
currentSize : 19 <-- 0.099143 s
currentSize : 20 <-- 0.101987 s
currentSize : 21 <-- 0.149820 s
currentSize : 22 <-- 0.226932 s
currentSize : 23 <-- 1.777764 s
currentSize : 24 <-- 44.376705 s

maxsize : 24
nodes : 9869283.000000
filtered : 247832487.000000
CCGP filtered : 212540949.000000
CCGT filtered : 104241391.000000
time : 97.570961
