Parameters: GAD=1 vflib=1 dir=0 label=0 lowerbound=1 fileNameGp=../graphsdb/mcs50/m4D/m4D/mcs50_m4D_s35.A43 fileNameGt=../graphsdb/mcs50/m4D/m4D/mcs50_m4D_s35.B43
Reading graphs...
35 :  63
35 :  63
Initializing...
maxdom : 35
D->valSize : 1225
Solving...
currentSize : 10 <-- 0.036039 s
currentSize : 17 <-- 0.036131 s
currentSize : 18 <-- 0.036271 s
currentSize : 19 <-- 0.041748 s
currentSize : 20 <-- 0.056629 s
currentSize : 21 <-- 0.079895 s
currentSize : 22 <-- 1.073214 s
currentSize : 23 <-- 27.435743 s
currentSize : 24 <-- 27.894451 s

maxsize : 24
nodes : 9263887.000000
filtered : 262833282.000000
CCGP filtered : 131806793.000000
CCGT filtered : 66105164.000000
time : 93.760803
