Parameters: GAD=1 vflib=1 dir=0 label=0 lowerbound=1 fileNameGp=../graphsdb/mcs50/bvg/b03m/mcs50_b03m_s30.A90 fileNameGt=../graphsdb/mcs50/bvg/b03m/mcs50_b03m_s30.B90
Reading graphs...
30 :  45
30 :  45
Initializing...
maxdom : 30
D->valSize : 900
Solving...
currentSize : 10 <-- 0.011123 s
currentSize : 11 <-- 0.011158 s
currentSize : 14 <-- 0.011393 s
currentSize : 15 <-- 0.023264 s
currentSize : 16 <-- 0.034675 s
currentSize : 17 <-- 0.036773 s
currentSize : 19 <-- 0.213606 s
currentSize : 20 <-- 0.521545 s
currentSize : 21 <-- 6.539988 s

maxsize : 21
nodes : 863214.000000
filtered : 19269426.000000
CCGP filtered : 17211640.000000
CCGT filtered : 12357417.000000
time : 8.002249
