Parameters: GAD=1 vflib=1 dir=0 label=0 lowerbound=1 fileNameGp=../graphsdb/mcs50/m4D/m4Dr4/mcs50_m4Dr4_s35.A70 fileNameGt=../graphsdb/mcs50/m4D/m4Dr4/mcs50_m4Dr4_s35.B70
Reading graphs...
35 :  74
35 :  74
Initializing...
maxdom : 35
D->valSize : 1225
Solving...
currentSize : 14 <-- 0.020979 s
currentSize : 15 <-- 0.021076 s
currentSize : 17 <-- 0.021289 s
currentSize : 18 <-- 0.021743 s
currentSize : 19 <-- 0.022178 s
currentSize : 20 <-- 0.023773 s
currentSize : 21 <-- 0.026932 s
currentSize : 22 <-- 0.186330 s
currentSize : 23 <-- 18.490076 s
currentSize : 24 <-- 49.948074 s

maxsize : 24
nodes : 13112804.000000
filtered : 448787046.000000
CCGP filtered : 149737778.000000
CCGT filtered : 93897254.000000
time : 142.233154
