Parameters: GAD=1 vflib=1 dir=0 label=0 lowerbound=1 fileNameGp=../graphsdb/mcs50/m4D/m4Dr4/mcs50_m4Dr4_s35.A04 fileNameGt=../graphsdb/mcs50/m4D/m4Dr4/mcs50_m4Dr4_s35.B04
Reading graphs...
35 :  77
35 :  75
Initializing...
maxdom : 35
D->valSize : 1225
Solving...
currentSize : 12 <-- 0.020408 s
currentSize : 13 <-- 0.020452 s
currentSize : 14 <-- 0.020481 s
currentSize : 15 <-- 0.021068 s
currentSize : 16 <-- 0.025467 s
currentSize : 17 <-- 0.047169 s
currentSize : 18 <-- 0.076296 s
currentSize : 19 <-- 0.179241 s
currentSize : 20 <-- 0.179418 s
currentSize : 21 <-- 2.665173 s
currentSize : 22 <-- 5.683750 s
currentSize : 23 <-- 85.397141 s

maxsize : 23
nodes : 29195335.000000
filtered : 873055524.000000
CCGP filtered : 231467052.000000
CCGT filtered : 174111474.000000
time : 316.064697
