Parameters: GAD=1 vflib=1 dir=0 label=0 lowerbound=1 fileNameGp=../graphsdb/mcs50/rand/r005/mcs50_r005_s35.A34 fileNameGt=../graphsdb/mcs50/rand/r005/mcs50_r005_s35.B34
Reading graphs...
35 :  62
35 :  60
Initializing...
maxdom : 35
D->valSize : 1225
Solving...
currentSize : 17 <-- 0.020845 s
currentSize : 18 <-- 0.034531 s
currentSize : 19 <-- 0.034876 s
currentSize : 20 <-- 0.039166 s
currentSize : 21 <-- 0.103489 s
currentSize : 22 <-- 0.366018 s
currentSize : 23 <-- 0.732474 s
currentSize : 24 <-- 3.136354 s
currentSize : 25 <-- 91.349693 s

maxsize : 25
nodes : 15188140.000000
filtered : 472125177.000000
CCGP filtered : 227024135.000000
CCGT filtered : 98294589.000000
time : 152.183823
