Parameters: GAD=1 vflib=1 dir=0 label=0 lowerbound=1 fileNameGp=../graphsdb/mcs50/bvg/b06/mcs50_b06_s35.A30 fileNameGt=../graphsdb/mcs50/bvg/b06/mcs50_b06_s35.B30
Reading graphs...
35 :  105
35 :  105
Initializing...
maxdom : 35
D->valSize : 1225
Solving...
currentSize : 12 <-- 0.034064 s
currentSize : 13 <-- 0.034166 s
currentSize : 14 <-- 0.035126 s
currentSize : 15 <-- 0.039776 s
currentSize : 16 <-- 0.060475 s
currentSize : 17 <-- 0.064278 s
currentSize : 18 <-- 0.101768 s
currentSize : 19 <-- 1.210048 s
currentSize : 20 <-- 2.003091 s
currentSize : 21 <-- 2.056077 s

maxsize : 21
nodes : 120593892.000000
filtered : 3617405964.000000
CCGP filtered : 301411989.000000
CCGT filtered : 300117237.000000
time : 1304.620361
