Parameters: GAD=1 vflib=1 dir=0 label=0 lowerbound=1 fileNameGp=../graphsdb/mcs50/rand/r005/mcs50_r005_s35.A40 fileNameGt=../graphsdb/mcs50/rand/r005/mcs50_r005_s35.B40
Reading graphs...
35 :  62
35 :  61
Initializing...
maxdom : 35
D->valSize : 1225
Solving...
currentSize : 15 <-- 0.025188 s
currentSize : 18 <-- 0.026351 s
currentSize : 19 <-- 0.032847 s
currentSize : 20 <-- 0.038670 s
currentSize : 21 <-- 0.059655 s
currentSize : 22 <-- 0.324792 s
currentSize : 23 <-- 2.156922 s
currentSize : 24 <-- 4.202879 s
currentSize : 25 <-- 4.203152 s

maxsize : 25
nodes : 13006037.000000
filtered : 412397151.000000
CCGP filtered : 113633788.000000
CCGT filtered : 55701398.000000
time : 131.143890
