Parameters: GAD=1 vflib=1 dir=0 label=0 lowerbound=1 fileNameGp=../graphsdb/mcs50/m2D/m2Dr2/mcs50_m2Dr2_s30.A36 fileNameGt=../graphsdb/mcs50/m2D/m2Dr2/mcs50_m2Dr2_s30.B36
Reading graphs...
30 :  53
30 :  52
Initializing...
maxdom : 30
D->valSize : 900
Solving...
currentSize : 13 <-- 0.010952 s
currentSize : 14 <-- 0.011551 s
currentSize : 15 <-- 0.012047 s
currentSize : 16 <-- 0.013743 s
currentSize : 17 <-- 0.044634 s
currentSize : 18 <-- 0.121240 s
currentSize : 19 <-- 0.343312 s
currentSize : 20 <-- 1.233937 s
currentSize : 21 <-- 7.209033 s

maxsize : 21
nodes : 3346721.000000
filtered : 88981154.000000
CCGP filtered : 20995447.000000
CCGT filtered : 14654267.000000
time : 29.133404
