Parameters: GAD=1 vflib=1 dir=0 label=0 lowerbound=1 fileNameGp=../graphsdb/mcs50/m4D/m4D/mcs50_m4D_s35.A79 fileNameGt=../graphsdb/mcs50/m4D/m4D/mcs50_m4D_s35.B79
Reading graphs...
35 :  62
35 :  63
Initializing...
maxdom : 35
D->valSize : 1225
Solving...
currentSize : 14 <-- 0.036217 s
currentSize : 17 <-- 0.036356 s
currentSize : 19 <-- 0.038201 s
currentSize : 20 <-- 0.058584 s
currentSize : 21 <-- 0.202330 s
currentSize : 22 <-- 1.607641 s
currentSize : 23 <-- 3.913580 s
currentSize : 24 <-- 116.850548 s
currentSize : 25 <-- 144.576004 s

maxsize : 25
nodes : 15914034.000000
filtered : 380421416.000000
CCGP filtered : 305535814.000000
CCGT filtered : 172326940.000000
time : 161.998169
