Parameters: GAD=1 vflib=1 dir=0 label=0 lowerbound=1 fileNameGp=../graphsdb/mcs50/m4D/m4Dr4/mcs50_m4Dr4_s35.A26 fileNameGt=../graphsdb/mcs50/m4D/m4Dr4/mcs50_m4Dr4_s35.B26
Reading graphs...
35 :  75
35 :  74
Initializing...
maxdom : 35
D->valSize : 1225
Solving...
currentSize : 14 <-- 0.021502 s
currentSize : 15 <-- 0.021559 s
currentSize : 16 <-- 0.022583 s
currentSize : 18 <-- 0.092537 s
currentSize : 19 <-- 0.515412 s
currentSize : 20 <-- 1.065405 s
currentSize : 21 <-- 14.679447 s
currentSize : 22 <-- 17.292618 s
currentSize : 23 <-- 28.450815 s
currentSize : 24 <-- 57.932571 s

maxsize : 24
nodes : 22991279.000000
filtered : 733568122.000000
CCGP filtered : 214449082.000000
CCGT filtered : 126874447.000000
time : 244.924500
