Parameters: GAD=1 vflib=1 dir=0 label=0 lowerbound=1 fileNameGp=../graphsdb/mcs50/bvg/b03m/mcs50_b03m_s25.A86 fileNameGt=../graphsdb/mcs50/bvg/b03m/mcs50_b03m_s25.B86
Reading graphs...
25 :  37
25 :  37
Initializing...
maxdom : 25
D->valSize : 625
Solving...
currentSize : 9 <-- 0.005368 s
currentSize : 11 <-- 0.005401 s
currentSize : 13 <-- 0.005479 s
currentSize : 14 <-- 0.005572 s
currentSize : 15 <-- 0.006635 s
currentSize : 16 <-- 0.009437 s
currentSize : 17 <-- 0.027721 s
currentSize : 18 <-- 0.067708 s
currentSize : 19 <-- 0.401797 s

maxsize : 19
nodes : 76938.000000
filtered : 1678288.000000
CCGP filtered : 600091.000000
CCGT filtered : 461164.000000
time : 0.591756
