Parameters: GAD=1 vflib=1 dir=0 label=0 lowerbound=1 fileNameGp=../graphsdb/mcs50/m4D/m4Dr2/mcs50_m4Dr2_s30.A84 fileNameGt=../graphsdb/mcs50/m4D/m4Dr2/mcs50_m4Dr2_s30.B84
Reading graphs...
30 :  60
30 :  60
Initializing...
maxdom : 30
D->valSize : 900
Solving...
currentSize : 10 <-- 0.015404 s
currentSize : 14 <-- 0.015501 s
currentSize : 15 <-- 0.015619 s
currentSize : 16 <-- 0.018751 s
currentSize : 17 <-- 0.153236 s
currentSize : 18 <-- 0.210698 s
currentSize : 19 <-- 0.314572 s
currentSize : 20 <-- 0.973372 s
currentSize : 21 <-- 0.979363 s
currentSize : 22 <-- 8.897469 s

maxsize : 22
nodes : 1103145.000000
filtered : 30399166.000000
CCGP filtered : 8727213.000000
CCGT filtered : 4050638.000000
time : 9.765425
