Parameters: GAD=1 vflib=1 dir=0 label=0 lowerbound=1 fileNameGp=../graphsdb/mcs50/m4D/m4D/mcs50_m4D_s30.A92 fileNameGt=../graphsdb/mcs50/m4D/m4D/mcs50_m4D_s30.B92
Reading graphs...
30 :  54
30 :  55
Initializing...
maxdom : 30
D->valSize : 900
Solving...
currentSize : 11 <-- 0.011065 s
currentSize : 14 <-- 0.011122 s
currentSize : 15 <-- 0.011398 s
currentSize : 16 <-- 0.011748 s
currentSize : 17 <-- 0.028907 s
currentSize : 18 <-- 0.033624 s
currentSize : 19 <-- 0.196141 s
currentSize : 20 <-- 1.226620 s
currentSize : 21 <-- 1.744030 s
currentSize : 22 <-- 4.792732 s

maxsize : 22
nodes : 868718.000000
filtered : 22908470.000000
CCGP filtered : 11530510.000000
CCGT filtered : 7497864.000000
time : 7.896545
