Parameters: GAD=1 vflib=1 dir=0 label=0 lowerbound=1 fileNameGp=../graphsdb/mcs50/m4D/m4Dr6/mcs50_m4Dr6_s30.A72 fileNameGt=../graphsdb/mcs50/m4D/m4Dr6/mcs50_m4Dr6_s30.B72
Reading graphs...
30 :  73
30 :  71
Initializing...
maxdom : 30
D->valSize : 900
Solving...
currentSize : 12 <-- 0.018323 s
currentSize : 13 <-- 0.018479 s
currentSize : 14 <-- 0.018808 s
currentSize : 15 <-- 0.019752 s
currentSize : 16 <-- 0.020025 s
currentSize : 17 <-- 0.020341 s
currentSize : 18 <-- 0.048313 s
currentSize : 19 <-- 0.135659 s
currentSize : 20 <-- 1.863931 s

maxsize : 20
nodes : 3094121.000000
filtered : 93046528.000000
CCGP filtered : 13462153.000000
CCGT filtered : 13462122.000000
time : 29.528515
