Parameters: GAD=1 vflib=1 dir=0 label=0 lowerbound=1 fileNameGp=../graphsdb/mcs50/m4D/m4Dr6/mcs50_m4Dr6_s30.A54 fileNameGt=../graphsdb/mcs50/m4D/m4Dr6/mcs50_m4Dr6_s30.B54
Reading graphs...
30 :  73
30 :  69
Initializing...
maxdom : 30
D->valSize : 900
Solving...
currentSize : 11 <-- 0.010520 s
currentSize : 12 <-- 0.010591 s
currentSize : 13 <-- 0.010769 s
currentSize : 14 <-- 0.011121 s
currentSize : 15 <-- 0.033959 s
currentSize : 16 <-- 0.415374 s
currentSize : 17 <-- 0.717941 s
currentSize : 18 <-- 2.377137 s
currentSize : 19 <-- 7.824544 s
currentSize : 20 <-- 25.295492 s

maxsize : 20
nodes : 4240608.000000
filtered : 113854958.000000
CCGP filtered : 25786862.000000
CCGT filtered : 23317611.000000
time : 39.058796
