Parameters: GAD=1 vflib=1 dir=0 label=0 lowerbound=1 fileNameGp=../graphsdb/mcs50/m4D/m4D/mcs50_m4D_s35.A25 fileNameGt=../graphsdb/mcs50/m4D/m4D/mcs50_m4D_s35.B25
Reading graphs...
35 :  62
35 :  63
Initializing...
maxdom : 35
D->valSize : 1225
Solving...
currentSize : 16 <-- 0.036359 s
currentSize : 17 <-- 0.036711 s
currentSize : 18 <-- 0.037341 s
currentSize : 19 <-- 0.043204 s
currentSize : 20 <-- 0.074679 s
currentSize : 21 <-- 0.074758 s
currentSize : 22 <-- 0.077777 s
currentSize : 23 <-- 0.093089 s
currentSize : 24 <-- 0.118978 s

maxsize : 24
nodes : 7726783.000000
filtered : 205625834.000000
CCGP filtered : 148936558.000000
CCGT filtered : 68636437.000000
time : 77.899307
