Parameters: GAD=1 vflib=1 dir=0 label=0 lowerbound=1 fileNameGp=../graphsdb/mcs50/bvg/b03m/mcs50_b03m_s35.A19 fileNameGt=../graphsdb/mcs50/bvg/b03m/mcs50_b03m_s35.B19
Reading graphs...
35 :  52
35 :  52
Initializing...
maxdom : 35
D->valSize : 1225
Solving...
currentSize : 10 <-- 0.021178 s
currentSize : 14 <-- 0.021253 s
currentSize : 15 <-- 0.021285 s
currentSize : 16 <-- 0.021377 s
currentSize : 17 <-- 0.021655 s
currentSize : 18 <-- 0.023117 s
currentSize : 19 <-- 0.057567 s
currentSize : 20 <-- 0.131550 s
currentSize : 21 <-- 0.135435 s
currentSize : 22 <-- 0.322741 s
currentSize : 24 <-- 3.371147 s
currentSize : 25 <-- 14.624231 s

maxsize : 25
nodes : 2235682.000000
filtered : 59495413.000000
CCGP filtered : 83719128.000000
CCGT filtered : 45472075.000000
time : 24.631489
