Parameters: GAD=1 vflib=1 dir=0 label=0 lowerbound=1 fileNameGp=../graphsdb/mcs50/m4D/m4Dr4/mcs50_m4Dr4_s35.A09 fileNameGt=../graphsdb/mcs50/m4D/m4Dr4/mcs50_m4Dr4_s35.B09
Reading graphs...
35 :  75
35 :  75
Initializing...
maxdom : 35
D->valSize : 1225
Solving...
currentSize : 11 <-- 0.035668 s
currentSize : 16 <-- 0.035856 s
currentSize : 17 <-- 0.036162 s
currentSize : 18 <-- 0.037372 s
currentSize : 19 <-- 0.054531 s
currentSize : 20 <-- 0.059678 s
currentSize : 21 <-- 0.156928 s
currentSize : 22 <-- 1.096626 s
currentSize : 23 <-- 22.635220 s

maxsize : 23
nodes : 31920699.000000
filtered : 1045634391.000000
CCGP filtered : 306386423.000000
CCGT filtered : 167360371.000000
time : 338.392670
