Parameters: GAD=1 vflib=1 dir=0 label=0 lowerbound=1 fileNameGp=../graphsdb/mcs50/m2D/m2D/mcs50_m2D_s30.A65 fileNameGt=../graphsdb/mcs50/m2D/m2D/mcs50_m2D_s30.B65
Reading graphs...
30 :  49
30 :  49
Initializing...
maxdom : 30
D->valSize : 900
Solving...
currentSize : 11 <-- 0.011023 s
currentSize : 12 <-- 0.011186 s
currentSize : 13 <-- 0.011430 s
currentSize : 14 <-- 0.012637 s
currentSize : 15 <-- 0.012688 s
currentSize : 17 <-- 0.024684 s
currentSize : 18 <-- 0.102506 s
currentSize : 19 <-- 0.225224 s
currentSize : 20 <-- 0.322156 s
currentSize : 21 <-- 6.557762 s

maxsize : 21
nodes : 2556389.000000
filtered : 64815239.000000
CCGP filtered : 27460299.000000
CCGT filtered : 22331375.000000
time : 22.963957
