Parameters: GAD=1 vflib=1 dir=0 label=0 lowerbound=1 fileNameGp=../graphsdb/mcs50/bvg/b06/mcs50_b06_s25.A68 fileNameGt=../graphsdb/mcs50/bvg/b06/mcs50_b06_s25.B68
Reading graphs...
25 :  73
25 :  75
Initializing...
maxdom : 25
D->valSize : 625
Solving...
currentSize : 9 <-- 0.005023 s
currentSize : 10 <-- 0.005050 s
currentSize : 11 <-- 0.005625 s
currentSize : 12 <-- 0.010452 s
currentSize : 13 <-- 0.035722 s
currentSize : 14 <-- 0.687775 s
currentSize : 15 <-- 0.948703 s
currentSize : 16 <-- 4.136417 s
currentSize : 17 <-- 5.964663 s

maxsize : 17
nodes : 881493.000000
filtered : 18068729.000000
CCGP filtered : 1116495.000000
CCGT filtered : 607620.000000
time : 6.777190
