Parameters: GAD=1 vflib=1 dir=0 label=0 lowerbound=1 fileNameGp=../graphsdb/mcs50/m4D/m4Dr4/mcs50_m4Dr4_s35.A72 fileNameGt=../graphsdb/mcs50/m4D/m4Dr4/mcs50_m4Dr4_s35.B72
Reading graphs...
35 :  75
35 :  75
Initializing...
maxdom : 35
D->valSize : 1225
Solving...
currentSize : 16 <-- 0.020222 s
currentSize : 17 <-- 0.020535 s
currentSize : 18 <-- 0.021534 s
currentSize : 19 <-- 0.045360 s
currentSize : 20 <-- 0.084486 s
currentSize : 21 <-- 0.095439 s
currentSize : 22 <-- 0.095467 s
currentSize : 23 <-- 0.095672 s
currentSize : 24 <-- 7.686816 s

maxsize : 24
nodes : 21948477.000000
filtered : 785214279.000000
CCGP filtered : 150949166.000000
CCGT filtered : 104343321.000000
time : 230.709412
