Parameters: GAD=1 vflib=1 dir=0 label=0 lowerbound=1 fileNameGp=../graphsdb/mcs50/bvg/b03m/mcs50_b03m_s25.A66 fileNameGt=../graphsdb/mcs50/bvg/b03m/mcs50_b03m_s25.B66
Reading graphs...
25 :  37
25 :  36
Initializing...
maxdom : 25
D->valSize : 625
Solving...
currentSize : 10 <-- 0.009385 s
currentSize : 11 <-- 0.009652 s
currentSize : 12 <-- 0.009830 s
currentSize : 13 <-- 0.010000 s
currentSize : 14 <-- 0.010246 s
currentSize : 15 <-- 0.029437 s
currentSize : 16 <-- 0.137837 s
currentSize : 17 <-- 0.801196 s
currentSize : 18 <-- 1.030780 s
currentSize : 19 <-- 1.103021 s

maxsize : 19
nodes : 161061.000000
filtered : 2760722.000000
CCGP filtered : 1875201.000000
CCGT filtered : 1248883.000000
time : 1.280276
