Parameters: GAD=1 vflib=1 dir=0 label=0 lowerbound=1 fileNameGp=../graphsdb/mcs50/rand/r005/mcs50_r005_s35.A24 fileNameGt=../graphsdb/mcs50/rand/r005/mcs50_r005_s35.B24
Reading graphs...
35 :  62
35 :  59
Initializing...
maxdom : 35
D->valSize : 1225
Solving...
currentSize : 15 <-- 0.024742 s
currentSize : 16 <-- 0.024800 s
currentSize : 17 <-- 0.025480 s
currentSize : 18 <-- 0.025762 s
currentSize : 19 <-- 0.040466 s
currentSize : 20 <-- 0.047878 s
currentSize : 21 <-- 0.513980 s
currentSize : 22 <-- 1.060992 s
currentSize : 23 <-- 4.694605 s
currentSize : 24 <-- 30.070496 s
currentSize : 25 <-- 51.237072 s
currentSize : 26 <-- 82.521347 s

maxsize : 26
nodes : 10963921.000000
filtered : 289299250.000000
CCGP filtered : 70725736.000000
CCGT filtered : 55359213.000000
time : 106.178658
