Parameters: GAD=1 vflib=1 dir=0 label=0 lowerbound=1 fileNameGp=../graphsdb/mcs50/bvg/b09/mcs50_b09_s35.A43 fileNameGt=../graphsdb/mcs50/bvg/b09/mcs50_b09_s35.B43
Reading graphs...
35 :  153
35 :  156
Initializing...
maxdom : 35
D->valSize : 1225
Solving...
currentSize : 10 <-- 0.019284 s
currentSize : 12 <-- 0.019392 s
currentSize : 13 <-- 0.019564 s
currentSize : 14 <-- 0.019810 s
currentSize : 15 <-- 0.028255 s
currentSize : 16 <-- 0.169554 s
currentSize : 17 <-- 1.553739 s
currentSize : 18 <-- 144.665649 s
currentSize : 19 <-- 2030.074951 s

maxsize : 19
nodes : 238794186.000000
filtered : 5486190705.000000
CCGP filtered : 144070177.000000
CCGT filtered : 134899741.000000
time : 2610.905029
