Parameters: GAD=1 vflib=1 dir=0 label=0 lowerbound=1 fileNameGp=../graphsdb/mcs50/m2D/m2Dr6/mcs50_m2Dr6_s30.A95 fileNameGt=../graphsdb/mcs50/m2D/m2Dr6/mcs50_m2Dr6_s30.B95
Reading graphs...
30 :  61
30 :  61
Initializing...
maxdom : 30
D->valSize : 900
Solving...
currentSize : 2 <-- 0.018717 s
currentSize : 14 <-- 0.019040 s
currentSize : 15 <-- 0.019498 s
currentSize : 16 <-- 0.019589 s
currentSize : 17 <-- 0.032668 s
currentSize : 18 <-- 0.070292 s
currentSize : 19 <-- 0.203319 s
currentSize : 20 <-- 1.860261 s
currentSize : 21 <-- 2.290665 s

maxsize : 21
nodes : 1008243.000000
filtered : 29973025.000000
CCGP filtered : 8190930.000000
CCGT filtered : 3276202.000000
time : 8.908605
