Parameters: GAD=1 vflib=1 dir=0 label=0 lowerbound=1 fileNameGp=../graphsdb/mcs50/m4D/m4Dr2/mcs50_m4Dr2_s35.A19 fileNameGt=../graphsdb/mcs50/m4D/m4Dr2/mcs50_m4Dr2_s35.B19
Reading graphs...
35 :  68
35 :  69
Initializing...
maxdom : 35
D->valSize : 1225
Solving...
currentSize : 14 <-- 0.020890 s
currentSize : 15 <-- 0.020966 s
currentSize : 16 <-- 0.021083 s
currentSize : 17 <-- 0.021112 s
currentSize : 18 <-- 0.042834 s
currentSize : 19 <-- 0.043208 s
currentSize : 20 <-- 0.076390 s
currentSize : 21 <-- 0.077270 s
currentSize : 22 <-- 0.104643 s
currentSize : 23 <-- 0.108428 s
currentSize : 24 <-- 0.130860 s
currentSize : 25 <-- 33.600536 s

maxsize : 25
nodes : 5449873.000000
filtered : 178208218.000000
CCGP filtered : 141605790.000000
CCGT filtered : 96796378.000000
time : 64.662971
