Parameters: GAD=1 vflib=1 dir=0 label=0 lowerbound=1 fileNameGp=../graphsdb/mcs50/rand/r005/mcs50_r005_s35.A75 fileNameGt=../graphsdb/mcs50/rand/r005/mcs50_r005_s35.B75
Reading graphs...
35 :  61
35 :  61
Initializing...
maxdom : 35
D->valSize : 1225
Solving...
currentSize : 14 <-- 0.020884 s
currentSize : 15 <-- 0.020922 s
currentSize : 16 <-- 0.021672 s
currentSize : 17 <-- 0.027738 s
currentSize : 18 <-- 0.028135 s
currentSize : 19 <-- 0.047567 s
currentSize : 20 <-- 0.098240 s
currentSize : 21 <-- 0.121102 s
currentSize : 22 <-- 0.158376 s
currentSize : 23 <-- 0.167829 s
currentSize : 24 <-- 3.690599 s
currentSize : 25 <-- 50.146103 s

maxsize : 25
nodes : 22250218.000000
filtered : 684721464.000000
CCGP filtered : 184319211.000000
CCGT filtered : 143157149.000000
time : 226.717773
