Parameters: GAD=1 vflib=1 dir=0 label=0 lowerbound=1 fileNameGp=../graphsdb/mcs50/m4D/m4Dr4/mcs50_m4Dr4_s35.A40 fileNameGt=../graphsdb/mcs50/m4D/m4Dr4/mcs50_m4Dr4_s35.B40
Reading graphs...
35 :  75
35 :  74
Initializing...
maxdom : 35
D->valSize : 1225
Solving...
currentSize : 16 <-- 0.035323 s
currentSize : 17 <-- 0.036095 s
currentSize : 18 <-- 0.038630 s
currentSize : 19 <-- 0.040652 s
currentSize : 20 <-- 0.164482 s
currentSize : 21 <-- 0.286988 s
currentSize : 22 <-- 0.316670 s
currentSize : 23 <-- 12.111820 s
currentSize : 24 <-- 18.461792 s

maxsize : 24
nodes : 26943973.000000
filtered : 870222235.000000
CCGP filtered : 139307846.000000
CCGT filtered : 126802990.000000
time : 283.391754
