Parameters: GAD=1 vflib=1 dir=0 label=0 lowerbound=1 fileNameGp=../graphsdb/mcs50/m4D/m4D/mcs50_m4D_s35.A55 fileNameGt=../graphsdb/mcs50/m4D/m4D/mcs50_m4D_s35.B55
Reading graphs...
35 :  63
35 :  63
Initializing...
maxdom : 35
D->valSize : 1225
Solving...
currentSize : 8 <-- 0.021179 s
currentSize : 12 <-- 0.021293 s
currentSize : 13 <-- 0.021461 s
currentSize : 14 <-- 0.021691 s
currentSize : 15 <-- 0.022440 s
currentSize : 16 <-- 0.023039 s
currentSize : 17 <-- 0.050776 s
currentSize : 18 <-- 0.077014 s
currentSize : 19 <-- 0.244255 s
currentSize : 20 <-- 0.790160 s
currentSize : 21 <-- 0.844387 s
currentSize : 22 <-- 1.130677 s
currentSize : 24 <-- 4.016056 s

maxsize : 24
nodes : 5579948.000000
filtered : 171653872.000000
CCGP filtered : 105846722.000000
CCGT filtered : 98870233.000000
time : 64.038155
