Parameters: GAD=1 vflib=1 dir=0 label=0 lowerbound=1 fileNameGp=../graphsdb/mcs50/bvg/b03m/mcs50_b03m_s25.A74 fileNameGt=../graphsdb/mcs50/bvg/b03m/mcs50_b03m_s25.B74
Reading graphs...
25 :  37
25 :  35
Initializing...
maxdom : 25
D->valSize : 625
Solving...
currentSize : 5 <-- 0.009275 s
currentSize : 8 <-- 0.009349 s
currentSize : 13 <-- 0.009433 s
currentSize : 14 <-- 0.013527 s
currentSize : 15 <-- 0.013571 s
currentSize : 16 <-- 0.015404 s
currentSize : 17 <-- 0.092459 s
currentSize : 18 <-- 0.158673 s
currentSize : 19 <-- 0.180976 s

maxsize : 19
nodes : 83048.000000
filtered : 1831862.000000
CCGP filtered : 761568.000000
CCGT filtered : 545095.000000
time : 0.630830
