Parameters: GAD=1 vflib=1 dir=0 label=0 lowerbound=1 fileNameGp=../graphsdb/mcs50/m2D/m2D/mcs50_m2D_s30.A89 fileNameGt=../graphsdb/mcs50/m2D/m2D/mcs50_m2D_s30.B89
Reading graphs...
30 :  49
30 :  48
Initializing...
maxdom : 30
D->valSize : 900
Solving...
currentSize : 8 <-- 0.019340 s
currentSize : 9 <-- 0.019382 s
currentSize : 12 <-- 0.019855 s
currentSize : 14 <-- 0.020089 s
currentSize : 15 <-- 0.023785 s
currentSize : 16 <-- 0.027300 s
currentSize : 17 <-- 0.029463 s
currentSize : 18 <-- 0.090735 s
currentSize : 19 <-- 0.238751 s
currentSize : 20 <-- 0.557708 s
currentSize : 21 <-- 0.795084 s

maxsize : 21
nodes : 3188936.000000
filtered : 81842286.000000
CCGP filtered : 49742795.000000
CCGT filtered : 32404979.000000
time : 29.073568
