Parameters: GAD=1 vflib=1 dir=0 label=0 lowerbound=1 fileNameGp=../graphsdb/mcs50/bvg/b06m/mcs50_b06m_s35.A60 fileNameGt=../graphsdb/mcs50/bvg/b06m/mcs50_b06m_s35.B60
Reading graphs...
35 :  100
35 :  100
Initializing...
maxdom : 35
D->valSize : 1225
Solving...
currentSize : 10 <-- 0.020009 s
currentSize : 12 <-- 0.020147 s
currentSize : 15 <-- 0.020193 s
currentSize : 16 <-- 0.021103 s
currentSize : 17 <-- 0.032809 s
currentSize : 18 <-- 0.174606 s
currentSize : 19 <-- 1.061254 s
currentSize : 20 <-- 12.288590 s
currentSize : 21 <-- 20.888479 s

maxsize : 21
nodes : 164410515.000000
filtered : 4851556200.000000
CCGP filtered : 409059020.000000
CCGT filtered : 305933914.000000
time : 1748.091187
