Parameters: GAD=1 vflib=1 dir=0 label=0 lowerbound=1 fileNameGp=../graphsdb/mcs50/bvg/b06m/mcs50_b06m_s35.A18 fileNameGt=../graphsdb/mcs50/bvg/b06m/mcs50_b06m_s35.B18
Reading graphs...
35 :  104
35 :  102
Initializing...
maxdom : 35
D->valSize : 1225
Solving...
currentSize : 13 <-- 0.019392 s
currentSize : 14 <-- 0.019471 s
currentSize : 15 <-- 0.020539 s
currentSize : 16 <-- 0.033196 s
currentSize : 17 <-- 0.194543 s
currentSize : 18 <-- 0.709956 s
currentSize : 19 <-- 9.389662 s
currentSize : 20 <-- 87.817024 s
currentSize : 21 <-- 149.449982 s

maxsize : 21
nodes : 60012073.000000
filtered : 1839898888.000000
CCGP filtered : 193909360.000000
CCGT filtered : 179746328.000000
time : 647.851257
