Parameters: GAD=1 vflib=1 dir=0 label=0 lowerbound=1 fileNameGp=../graphsdb/mcs50/rand/r005/mcs50_r005_s30.A39 fileNameGt=../graphsdb/mcs50/rand/r005/mcs50_r005_s30.B39
Reading graphs...
30 :  47
30 :  47
Initializing...
maxdom : 30
D->valSize : 900
Solving...
currentSize : 12 <-- 0.019674 s
currentSize : 13 <-- 0.021271 s
currentSize : 14 <-- 0.024060 s
currentSize : 15 <-- 0.029265 s
currentSize : 16 <-- 0.061263 s
currentSize : 17 <-- 0.445837 s
currentSize : 18 <-- 0.689688 s
currentSize : 19 <-- 2.823969 s
currentSize : 20 <-- 2.828948 s
currentSize : 21 <-- 2.896924 s

maxsize : 21
nodes : 1644290.000000
filtered : 36776473.000000
CCGP filtered : 21376833.000000
CCGT filtered : 15587577.000000
time : 14.583536
