Parameters: GAD=1 vflib=1 dir=0 label=0 lowerbound=1 fileNameGp=../graphsdb/mcs50/bvg/b03/mcs50_b03_s30.A14 fileNameGt=../graphsdb/mcs50/bvg/b03/mcs50_b03_s30.B14
Reading graphs...
30 :  44
30 :  45
Initializing...
maxdom : 30
D->valSize : 900
Solving...
currentSize : 13 <-- 0.011139 s
currentSize : 14 <-- 0.011172 s
currentSize : 15 <-- 0.011397 s
currentSize : 16 <-- 0.012322 s
currentSize : 17 <-- 0.012799 s
currentSize : 18 <-- 0.054164 s
currentSize : 19 <-- 0.062398 s
currentSize : 20 <-- 0.336008 s
currentSize : 21 <-- 1.622378 s
currentSize : 22 <-- 13.321598 s

maxsize : 22
nodes : 1857544.000000
filtered : 43662018.000000
CCGP filtered : 28739472.000000
CCGT filtered : 17037371.000000
time : 16.043247
