Parameters: GAD=1 vflib=1 dir=0 label=0 lowerbound=1 fileNameGp=../graphsdb/mcs50/bvg/b03m/mcs50_b03m_s30.A79 fileNameGt=../graphsdb/mcs50/bvg/b03m/mcs50_b03m_s30.B79
Reading graphs...
30 :  44
30 :  44
Initializing...
maxdom : 30
D->valSize : 900
Solving...
currentSize : 11 <-- 0.011233 s
currentSize : 12 <-- 0.011328 s
currentSize : 14 <-- 0.011452 s
currentSize : 15 <-- 0.012319 s
currentSize : 16 <-- 0.013403 s
currentSize : 17 <-- 0.078890 s
currentSize : 18 <-- 0.295151 s
currentSize : 19 <-- 0.340639 s
currentSize : 20 <-- 0.983369 s
currentSize : 21 <-- 8.494338 s

maxsize : 21
nodes : 2028087.000000
filtered : 43563073.000000
CCGP filtered : 32261027.000000
CCGT filtered : 26643715.000000
time : 18.672953
