Parameters: GAD=1 vflib=1 dir=0 label=0 lowerbound=1 fileNameGp=../graphsdb/mcs50/m4D/m4D/mcs50_m4D_s35.A94 fileNameGt=../graphsdb/mcs50/m4D/m4D/mcs50_m4D_s35.B94
Reading graphs...
35 :  63
35 :  63
Initializing...
maxdom : 35
D->valSize : 1225
Solving...
currentSize : 14 <-- 0.036163 s
currentSize : 15 <-- 0.036413 s
currentSize : 19 <-- 0.045413 s
currentSize : 20 <-- 0.047095 s
currentSize : 21 <-- 0.052174 s
currentSize : 22 <-- 0.056911 s
currentSize : 23 <-- 0.226011 s
currentSize : 24 <-- 0.226355 s
currentSize : 25 <-- 2.702460 s

maxsize : 25
nodes : 2765146.000000
filtered : 85031738.000000
CCGP filtered : 129835341.000000
CCGT filtered : 34822498.000000
time : 33.440739
