Parameters: GAD=1 vflib=1 dir=0 label=0 lowerbound=1 fileNameGp=../graphsdb/mcs50/m4D/m4D/mcs50_m4D_s30.A46 fileNameGt=../graphsdb/mcs50/m4D/m4D/mcs50_m4D_s30.B46
Reading graphs...
30 :  55
30 :  55
Initializing...
maxdom : 30
D->valSize : 900
Solving...
currentSize : 10 <-- 0.019145 s
currentSize : 11 <-- 0.019526 s
currentSize : 12 <-- 0.019566 s
currentSize : 13 <-- 0.027071 s
currentSize : 14 <-- 0.027101 s
currentSize : 15 <-- 0.028962 s
currentSize : 16 <-- 0.058039 s
currentSize : 17 <-- 0.166050 s
currentSize : 18 <-- 0.205087 s
currentSize : 19 <-- 0.384907 s
currentSize : 20 <-- 2.232410 s

maxsize : 20
nodes : 2513413.000000
filtered : 58690953.000000
CCGP filtered : 43010955.000000
CCGT filtered : 29430928.000000
time : 23.817335
