Parameters: GAD=1 vflib=1 dir=0 label=0 lowerbound=1 fileNameGp=../graphsdb/mcs50/bvg/b03/mcs50_b03_s35.A59 fileNameGt=../graphsdb/mcs50/bvg/b03/mcs50_b03_s35.B59
Reading graphs...
35 :  51
35 :  52
Initializing...
maxdom : 35
D->valSize : 1225
Solving...
currentSize : 16 <-- 0.036950 s
currentSize : 17 <-- 0.037372 s
currentSize : 18 <-- 0.038490 s
currentSize : 19 <-- 0.039539 s
currentSize : 20 <-- 0.041965 s
currentSize : 21 <-- 0.046390 s
currentSize : 22 <-- 0.078339 s
currentSize : 23 <-- 0.085225 s
currentSize : 24 <-- 0.242202 s
currentSize : 25 <-- 0.471969 s
currentSize : 26 <-- 6.662666 s

maxsize : 26
nodes : 4236058.000000
filtered : 121773704.000000
CCGP filtered : 69962918.000000
CCGT filtered : 46126098.000000
time : 45.748760
