Parameters: GAD=1 vflib=1 dir=0 label=0 lowerbound=1 fileNameGp=../graphsdb/mcs50/bvg/b03m/mcs50_b03m_s35.A20 fileNameGt=../graphsdb/mcs50/bvg/b03m/mcs50_b03m_s35.B20
Reading graphs...
35 :  51
35 :  50
Initializing...
maxdom : 35
D->valSize : 1225
Solving...
currentSize : 14 <-- 0.037137 s
currentSize : 16 <-- 0.037418 s
currentSize : 19 <-- 0.037658 s
currentSize : 20 <-- 0.037820 s
currentSize : 21 <-- 0.038186 s
currentSize : 22 <-- 0.039316 s
currentSize : 23 <-- 0.092451 s
currentSize : 24 <-- 0.214999 s
currentSize : 25 <-- 1.284151 s
currentSize : 26 <-- 2.033528 s

maxsize : 26
nodes : 2180040.000000
filtered : 68101390.000000
CCGP filtered : 40430178.000000
CCGT filtered : 27641317.000000
time : 23.335640
