Parameters: GAD=1 vflib=1 dir=0 label=0 lowerbound=1 fileNameGp=../graphsdb/mcs50/bvg/b03m/mcs50_b03m_s35.A63 fileNameGt=../graphsdb/mcs50/bvg/b03m/mcs50_b03m_s35.B63
Reading graphs...
35 :  52
35 :  52
Initializing...
maxdom : 35
D->valSize : 1225
Solving...
currentSize : 13 <-- 0.037146 s
currentSize : 14 <-- 0.037353 s
currentSize : 15 <-- 0.037538 s
currentSize : 16 <-- 0.038606 s
currentSize : 17 <-- 0.059218 s
currentSize : 18 <-- 0.154646 s
currentSize : 19 <-- 0.204288 s
currentSize : 20 <-- 0.422020 s
currentSize : 21 <-- 1.910898 s
currentSize : 22 <-- 5.612629 s
currentSize : 23 <-- 10.132127 s
currentSize : 24 <-- 11.877371 s

maxsize : 24
nodes : 11457349.000000
filtered : 292053713.000000
CCGP filtered : 315622780.000000
CCGT filtered : 224707241.000000
time : 126.869537
