Parameters: GAD=1 vflib=1 dir=0 label=0 lowerbound=1 fileNameGp=../graphsdb/mcs50/bvg/b03m/mcs50_b03m_s35.A97 fileNameGt=../graphsdb/mcs50/bvg/b03m/mcs50_b03m_s35.B97
Reading graphs...
35 :  50
35 :  51
Initializing...
maxdom : 35
D->valSize : 1225
Solving...
currentSize : 9 <-- 0.031346 s
currentSize : 13 <-- 0.031416 s
currentSize : 15 <-- 0.031458 s
currentSize : 17 <-- 0.031523 s
currentSize : 18 <-- 0.031644 s
currentSize : 19 <-- 0.034342 s
currentSize : 20 <-- 0.034904 s
currentSize : 21 <-- 0.053965 s
currentSize : 22 <-- 0.333620 s
currentSize : 23 <-- 0.431326 s
currentSize : 24 <-- 1.893010 s
currentSize : 25 <-- 8.619581 s
currentSize : 26 <-- 8.621911 s

maxsize : 26
nodes : 3099612.000000
filtered : 88500585.000000
CCGP filtered : 61859535.000000
CCGT filtered : 35946995.000000
time : 33.426117
