Parameters: GAD=1 vflib=1 dir=0 label=0 lowerbound=1 fileNameGp=../graphsdb/mcs50/m4D/m4Dr2/mcs50_m4Dr2_s35.A18 fileNameGt=../graphsdb/mcs50/m4D/m4Dr2/mcs50_m4Dr2_s35.B18
Reading graphs...
35 :  70
35 :  68
Initializing...
maxdom : 35
D->valSize : 1225
Solving...
currentSize : 9 <-- 0.035867 s
currentSize : 13 <-- 0.036019 s
currentSize : 14 <-- 0.036625 s
currentSize : 15 <-- 0.037025 s
currentSize : 17 <-- 0.037638 s
currentSize : 18 <-- 0.043835 s
currentSize : 19 <-- 0.154625 s
currentSize : 20 <-- 0.159614 s
currentSize : 21 <-- 17.235826 s
currentSize : 23 <-- 17.405392 s
currentSize : 24 <-- 67.981956 s

maxsize : 24
nodes : 19921682.000000
filtered : 625934472.000000
CCGP filtered : 179771583.000000
CCGT filtered : 141137989.000000
time : 207.824463
