Parameters: GAD=1 vflib=1 dir=0 label=0 lowerbound=1 fileNameGp=../graphsdb/mcs50/rand/r005/mcs50_r005_s25.A40 fileNameGt=../graphsdb/mcs50/rand/r005/mcs50_r005_s25.B40
Reading graphs...
25 :  34
25 :  35
Initializing...
maxdom : 25
D->valSize : 625
Solving...
currentSize : 10 <-- 0.009419 s
currentSize : 11 <-- 0.009474 s
currentSize : 12 <-- 0.009607 s
currentSize : 13 <-- 0.009698 s
currentSize : 14 <-- 0.023772 s
currentSize : 15 <-- 0.035082 s
currentSize : 16 <-- 0.036135 s
currentSize : 17 <-- 0.062470 s
currentSize : 18 <-- 0.784091 s
currentSize : 19 <-- 0.860829 s

maxsize : 19
nodes : 119020.000000
filtered : 2149920.000000
CCGP filtered : 1670042.000000
CCGT filtered : 1203827.000000
time : 0.892109
