Parameters: GAD=1 vflib=1 dir=0 label=0 lowerbound=1 fileNameGp=../graphsdb/mcs50/bvg/b06/mcs50_b06_s35.A38 fileNameGt=../graphsdb/mcs50/bvg/b06/mcs50_b06_s35.B38
Reading graphs...
35 :  102
35 :  103
Initializing...
maxdom : 35
D->valSize : 1225
Solving...
currentSize : 14 <-- 0.019659 s
currentSize : 15 <-- 0.019774 s
currentSize : 16 <-- 0.019862 s
currentSize : 17 <-- 0.020053 s
currentSize : 18 <-- 0.022254 s
currentSize : 19 <-- 0.432468 s
currentSize : 20 <-- 7.579487 s
currentSize : 21 <-- 32.853367 s
currentSize : 22 <-- 222.328506 s

maxsize : 22
nodes : 46337827.000000
filtered : 1479099793.000000
CCGP filtered : 114130742.000000
CCGT filtered : 119049177.000000
time : 516.214050
