Parameters: GAD=1 vflib=1 dir=0 label=0 lowerbound=1 fileNameGp=../graphsdb/mcs50/m4D/m4Dr4/mcs50_m4Dr4_s35.A77 fileNameGt=../graphsdb/mcs50/m4D/m4Dr4/mcs50_m4Dr4_s35.B77
Reading graphs...
35 :  76
35 :  71
Initializing...
maxdom : 35
D->valSize : 1225
Solving...
currentSize : 15 <-- 0.020371 s
currentSize : 16 <-- 0.020583 s
currentSize : 17 <-- 0.021985 s
currentSize : 18 <-- 0.024465 s
currentSize : 19 <-- 0.054362 s
currentSize : 20 <-- 0.208633 s
currentSize : 21 <-- 1.057096 s
currentSize : 22 <-- 1.078724 s
currentSize : 23 <-- 3.399670 s

maxsize : 23
nodes : 23563711.000000
filtered : 667632237.000000
CCGP filtered : 304567624.000000
CCGT filtered : 158222579.000000
time : 243.707062
