Parameters: GAD=1 vflib=1 dir=0 label=0 lowerbound=1 fileNameGp=../graphsdb/mcs50/m4D/m4Dr2/mcs50_m4Dr2_s30.A48 fileNameGt=../graphsdb/mcs50/m4D/m4Dr2/mcs50_m4Dr2_s30.B48
Reading graphs...
30 :  61
30 :  60
Initializing...
maxdom : 30
D->valSize : 900
Solving...
currentSize : 12 <-- 0.015421 s
currentSize : 13 <-- 0.015564 s
currentSize : 14 <-- 0.016035 s
currentSize : 15 <-- 0.019827 s
currentSize : 16 <-- 0.025107 s
currentSize : 17 <-- 0.029302 s
currentSize : 18 <-- 0.045389 s
currentSize : 19 <-- 0.251193 s
currentSize : 20 <-- 1.145679 s
currentSize : 21 <-- 1.147740 s

maxsize : 21
nodes : 946757.000000
filtered : 24196235.000000
CCGP filtered : 10285262.000000
CCGT filtered : 9456327.000000
time : 8.664452
