Parameters: GAD=1 vflib=1 dir=0 label=0 lowerbound=1 fileNameGp=../graphsdb/mcs50/bvg/b06m/mcs50_b06m_s35.A39 fileNameGt=../graphsdb/mcs50/bvg/b06m/mcs50_b06m_s35.B39
Reading graphs...
35 :  100
35 :  101
Initializing...
maxdom : 35
D->valSize : 1225
Solving...
currentSize : 14 <-- 0.019213 s
currentSize : 15 <-- 0.019322 s
currentSize : 16 <-- 0.019480 s
currentSize : 17 <-- 0.022263 s
currentSize : 18 <-- 0.036579 s
currentSize : 19 <-- 0.037010 s
currentSize : 20 <-- 2.173480 s
currentSize : 21 <-- 752.357117 s
currentSize : 22 <-- 1986.198120 s

maxsize : 22
nodes : 230428744.000000
filtered : 6370203589.000000
CCGP filtered : 639839333.000000
CCGT filtered : 419702945.000000
time : 2367.925293
