Parameters: GAD=1 vflib=1 dir=0 label=0 lowerbound=1 fileNameGp=../graphsdb/mcs50/bvg/b06/mcs50_b06_s30.A55 fileNameGt=../graphsdb/mcs50/bvg/b06/mcs50_b06_s30.B55
Reading graphs...
30 :  87
30 :  88
Initializing...
maxdom : 30
D->valSize : 900
Solving...
currentSize : 12 <-- 0.015112 s
currentSize : 13 <-- 0.015401 s
currentSize : 14 <-- 0.015540 s
currentSize : 15 <-- 0.019130 s
currentSize : 16 <-- 0.024703 s
currentSize : 17 <-- 0.275650 s
currentSize : 18 <-- 2.686794 s
currentSize : 19 <-- 16.421652 s
currentSize : 20 <-- 40.136677 s

maxsize : 20
nodes : 6962138.000000
filtered : 188537164.000000
CCGP filtered : 11478617.000000
CCGT filtered : 5264229.000000
time : 63.348164
