Parameters: GAD=1 vflib=1 dir=0 label=0 lowerbound=1 fileNameGp=../graphsdb/mcs50/bvg/b03/mcs50_b03_s35.A72 fileNameGt=../graphsdb/mcs50/bvg/b03/mcs50_b03_s35.B72
Reading graphs...
35 :  52
35 :  52
Initializing...
maxdom : 35
D->valSize : 1225
Solving...
currentSize : 16 <-- 0.026183 s
currentSize : 17 <-- 0.026361 s
currentSize : 18 <-- 0.029723 s
currentSize : 19 <-- 0.040215 s
currentSize : 20 <-- 0.047166 s
currentSize : 21 <-- 0.073856 s
currentSize : 22 <-- 0.073952 s
currentSize : 23 <-- 0.225007 s
currentSize : 24 <-- 0.451368 s
currentSize : 25 <-- 6.538422 s

maxsize : 25
nodes : 5486671.000000
filtered : 149577589.000000
CCGP filtered : 87284141.000000
CCGT filtered : 63186727.000000
time : 57.250740
