Parameters: GAD=1 vflib=1 dir=0 label=0 lowerbound=1 fileNameGp=../graphsdb/mcs50/bvg/b03m/mcs50_b03m_s30.A74 fileNameGt=../graphsdb/mcs50/bvg/b03m/mcs50_b03m_s30.B74
Reading graphs...
30 :  45
30 :  45
Initializing...
maxdom : 30
D->valSize : 900
Solving...
currentSize : 7 <-- 0.011142 s
currentSize : 10 <-- 0.011290 s
currentSize : 11 <-- 0.011362 s
currentSize : 12 <-- 0.016905 s
currentSize : 13 <-- 0.017024 s
currentSize : 15 <-- 0.017329 s
currentSize : 16 <-- 0.017577 s
currentSize : 17 <-- 0.019275 s
currentSize : 18 <-- 0.019490 s
currentSize : 19 <-- 0.027019 s
currentSize : 20 <-- 0.207249 s
currentSize : 21 <-- 1.002328 s
currentSize : 22 <-- 1.898683 s

maxsize : 22
nodes : 395093.000000
filtered : 10336149.000000
CCGP filtered : 7848494.000000
CCGT filtered : 5019857.000000
time : 3.904352
