Parameters: GAD=1 vflib=1 dir=0 label=0 lowerbound=1 fileNameGp=../graphsdb/mcs50/m2D/m2D/mcs50_m2D_s30.A13 fileNameGt=../graphsdb/mcs50/m2D/m2D/mcs50_m2D_s30.B13
Reading graphs...
30 :  49
30 :  49
Initializing...
maxdom : 30
D->valSize : 900
Solving...
currentSize : 9 <-- 0.011125 s
currentSize : 14 <-- 0.011176 s
currentSize : 15 <-- 0.011648 s
currentSize : 17 <-- 0.012258 s
currentSize : 18 <-- 0.015190 s
currentSize : 19 <-- 0.019649 s
currentSize : 20 <-- 0.069007 s
currentSize : 21 <-- 1.187358 s
currentSize : 22 <-- 10.952523 s

maxsize : 22
nodes : 2632048.000000
filtered : 62964507.000000
CCGP filtered : 20260678.000000
CCGT filtered : 15151949.000000
time : 22.472992
