Parameters: GAD=1 vflib=1 dir=0 label=0 lowerbound=1 fileNameGp=../graphsdb/mcs50/bvg/b03/mcs50_b03_s35.A37 fileNameGt=../graphsdb/mcs50/bvg/b03/mcs50_b03_s35.B37
Reading graphs...
35 :  52
35 :  51
Initializing...
maxdom : 35
D->valSize : 1225
Solving...
currentSize : 15 <-- 0.020898 s
currentSize : 17 <-- 0.021089 s
currentSize : 19 <-- 0.029420 s
currentSize : 20 <-- 0.259345 s
currentSize : 21 <-- 0.397520 s
currentSize : 22 <-- 0.698179 s
currentSize : 23 <-- 1.966889 s
currentSize : 24 <-- 1.966961 s
currentSize : 25 <-- 10.148789 s

maxsize : 25
nodes : 8416449.000000
filtered : 232863975.000000
CCGP filtered : 223591421.000000
CCGT filtered : 110121544.000000
time : 91.694931
