Parameters: GAD=1 vflib=1 dir=0 label=0 lowerbound=1 fileNameGp=../graphsdb/mcs50/bvg/b03/mcs50_b03_s30.A41 fileNameGt=../graphsdb/mcs50/bvg/b03/mcs50_b03_s30.B41
Reading graphs...
30 :  45
30 :  45
Initializing...
maxdom : 30
D->valSize : 900
Solving...
currentSize : 13 <-- 0.011596 s
currentSize : 14 <-- 0.011751 s
currentSize : 15 <-- 0.011906 s
currentSize : 16 <-- 0.012590 s
currentSize : 17 <-- 0.016051 s
currentSize : 18 <-- 0.016103 s
currentSize : 19 <-- 0.019568 s
currentSize : 20 <-- 0.038173 s
currentSize : 21 <-- 0.140601 s
currentSize : 22 <-- 1.657683 s

maxsize : 22
nodes : 916812.000000
filtered : 21554657.000000
CCGP filtered : 12891256.000000
CCGT filtered : 4525439.000000
time : 7.705983
