Parameters: GAD=1 vflib=1 dir=0 label=0 lowerbound=1 fileNameGp=../graphsdb/mcs50/m4D/m4D/mcs50_m4D_s35.A13 fileNameGt=../graphsdb/mcs50/m4D/m4D/mcs50_m4D_s35.B13
Reading graphs...
35 :  63
35 :  63
Initializing...
maxdom : 35
D->valSize : 1225
Solving...
currentSize : 16 <-- 0.020783 s
currentSize : 17 <-- 0.020872 s
currentSize : 18 <-- 0.023055 s
currentSize : 19 <-- 0.037995 s
currentSize : 20 <-- 0.128669 s
currentSize : 21 <-- 0.128788 s
currentSize : 22 <-- 0.129927 s
currentSize : 23 <-- 4.134132 s
currentSize : 24 <-- 15.942029 s

maxsize : 24
nodes : 13630003.000000
filtered : 394262650.000000
CCGP filtered : 360371671.000000
CCGT filtered : 207782798.000000
time : 150.005661
