Parameters: GAD=1 vflib=1 dir=0 label=0 lowerbound=1 fileNameGp=../graphsdb/mcs50/bvg/b03/mcs50_b03_s30.A13 fileNameGt=../graphsdb/mcs50/bvg/b03/mcs50_b03_s30.B13
Reading graphs...
30 :  43
30 :  45
Initializing...
maxdom : 30
D->valSize : 900
Solving...
currentSize : 11 <-- 0.011535 s
currentSize : 12 <-- 0.011606 s
currentSize : 13 <-- 0.011681 s
currentSize : 14 <-- 0.011788 s
currentSize : 15 <-- 0.011996 s
currentSize : 16 <-- 0.013129 s
currentSize : 18 <-- 0.013166 s
currentSize : 19 <-- 0.014019 s
currentSize : 20 <-- 0.015864 s
currentSize : 21 <-- 0.016535 s
currentSize : 22 <-- 0.895464 s

maxsize : 22
nodes : 607929.000000
filtered : 14523390.000000
CCGP filtered : 13640562.000000
CCGT filtered : 3180705.000000
time : 5.159558
