Parameters: GAD=1 vflib=1 dir=0 label=0 lowerbound=1 fileNameGp=../graphsdb/mcs50/m4D/m4Dr4/mcs50_m4Dr4_s35.A38 fileNameGt=../graphsdb/mcs50/m4D/m4Dr4/mcs50_m4Dr4_s35.B38
Reading graphs...
35 :  76
35 :  75
Initializing...
maxdom : 35
D->valSize : 1225
Solving...
currentSize : 10 <-- 0.020058 s
currentSize : 12 <-- 0.020316 s
currentSize : 13 <-- 0.020826 s
currentSize : 14 <-- 0.020974 s
currentSize : 15 <-- 0.029267 s
currentSize : 17 <-- 0.056127 s
currentSize : 18 <-- 0.074777 s
currentSize : 19 <-- 0.111824 s
currentSize : 20 <-- 0.130166 s
currentSize : 21 <-- 1.348210 s
currentSize : 22 <-- 1.611094 s
currentSize : 23 <-- 7.584334 s
currentSize : 24 <-- 91.143921 s

maxsize : 24
nodes : 19213441.000000
filtered : 611133769.000000
CCGP filtered : 163225195.000000
CCGT filtered : 81409492.000000
time : 196.626877
