Parameters: GAD=1 vflib=1 dir=0 label=0 lowerbound=1 fileNameGp=../graphsdb/mcs50/m4D/m4Dr2/mcs50_m4Dr2_s30.A15 fileNameGt=../graphsdb/mcs50/m4D/m4Dr2/mcs50_m4Dr2_s30.B15
Reading graphs...
30 :  60
30 :  59
Initializing...
maxdom : 30
D->valSize : 900
Solving...
currentSize : 9 <-- 0.019102 s
currentSize : 10 <-- 0.019150 s
currentSize : 11 <-- 0.019223 s
currentSize : 13 <-- 0.019326 s
currentSize : 14 <-- 0.019427 s
currentSize : 16 <-- 0.026618 s
currentSize : 17 <-- 0.029123 s
currentSize : 18 <-- 0.030431 s
currentSize : 19 <-- 0.194003 s
currentSize : 20 <-- 0.477874 s
currentSize : 21 <-- 4.294017 s

maxsize : 21
nodes : 2149727.000000
filtered : 63663278.000000
CCGP filtered : 19389332.000000
CCGT filtered : 14517891.000000
time : 20.396818
