Parameters: GAD=1 vflib=1 dir=0 label=0 lowerbound=1 fileNameGp=../graphsdb/mcs50/m2D/m2Dr4/mcs50_m2Dr4_s30.A23 fileNameGt=../graphsdb/mcs50/m2D/m2Dr4/mcs50_m2Dr4_s30.B23
Reading graphs...
30 :  59
30 :  59
Initializing...
maxdom : 30
D->valSize : 900
Solving...
currentSize : 11 <-- 0.010665 s
currentSize : 12 <-- 0.010750 s
currentSize : 13 <-- 0.010852 s
currentSize : 14 <-- 0.011520 s
currentSize : 15 <-- 0.011607 s
currentSize : 16 <-- 0.013086 s
currentSize : 17 <-- 0.014234 s
currentSize : 18 <-- 0.014485 s
currentSize : 19 <-- 0.085557 s
currentSize : 20 <-- 0.457729 s

maxsize : 20
nodes : 6616094.000000
filtered : 174613588.000000
CCGP filtered : 42279217.000000
CCGT filtered : 25183912.000000
time : 57.922455
