Parameters: GAD=1 vflib=1 dir=0 label=0 lowerbound=1 fileNameGp=../graphsdb/mcs50/bvg/b03/mcs50_b03_s35.A88 fileNameGt=../graphsdb/mcs50/bvg/b03/mcs50_b03_s35.B88
Reading graphs...
35 :  52
35 :  51
Initializing...
maxdom : 35
D->valSize : 1225
Solving...
currentSize : 16 <-- 0.022431 s
currentSize : 18 <-- 0.022537 s
currentSize : 19 <-- 0.023390 s
currentSize : 20 <-- 0.023696 s
currentSize : 21 <-- 0.255419 s
currentSize : 22 <-- 1.321687 s
currentSize : 23 <-- 4.720693 s
currentSize : 24 <-- 21.025677 s
currentSize : 25 <-- 29.301285 s

maxsize : 25
nodes : 13175473.000000
filtered : 349725828.000000
CCGP filtered : 293906580.000000
CCGT filtered : 162023283.000000
time : 131.115143
