Parameters: GAD=1 vflib=1 dir=0 label=0 lowerbound=1 fileNameGp=../graphsdb/mcs50/m4D/m4Dr4/mcs50_m4Dr4_s35.A50 fileNameGt=../graphsdb/mcs50/m4D/m4Dr4/mcs50_m4Dr4_s35.B50
Reading graphs...
35 :  77
35 :  74
Initializing...
maxdom : 35
D->valSize : 1225
Solving...
currentSize : 14 <-- 0.035138 s
currentSize : 15 <-- 0.035280 s
currentSize : 16 <-- 0.035393 s
currentSize : 17 <-- 0.037353 s
currentSize : 18 <-- 0.044061 s
currentSize : 19 <-- 0.048386 s
currentSize : 20 <-- 0.064559 s
currentSize : 21 <-- 6.504581 s
currentSize : 22 <-- 288.799713 s

maxsize : 22
nodes : 152847047.000000
filtered : 3825091673.000000
CCGP filtered : 1124555599.000000
CCGT filtered : 821135133.000000
time : 1478.867554
