Parameters: GAD=1 vflib=1 dir=0 label=0 lowerbound=1 fileNameGp=../graphsdb/mcs50/rand/r005/mcs50_r005_s35.A58 fileNameGt=../graphsdb/mcs50/rand/r005/mcs50_r005_s35.B58
Reading graphs...
35 :  62
35 :  61
Initializing...
maxdom : 35
D->valSize : 1225
Solving...
currentSize : 14 <-- 0.025570 s
currentSize : 16 <-- 0.042471 s
currentSize : 17 <-- 0.043030 s
currentSize : 18 <-- 0.071652 s
currentSize : 19 <-- 0.072454 s
currentSize : 20 <-- 0.098869 s
currentSize : 21 <-- 0.371382 s
currentSize : 22 <-- 2.266164 s
currentSize : 23 <-- 4.020130 s
currentSize : 24 <-- 6.498771 s
currentSize : 25 <-- 32.964474 s

maxsize : 25
nodes : 10205211.000000
filtered : 341629535.000000
CCGP filtered : 93924562.000000
CCGT filtered : 79337702.000000
time : 109.257446
