Parameters: GAD=1 vflib=1 dir=0 label=0 lowerbound=1 fileNameGp=../graphsdb/mcs50/bvg/b03m/mcs50_b03m_s35.A80 fileNameGt=../graphsdb/mcs50/bvg/b03m/mcs50_b03m_s35.B80
Reading graphs...
35 :  52
35 :  52
Initializing...
maxdom : 35
D->valSize : 1225
Solving...
currentSize : 12 <-- 0.037076 s
currentSize : 14 <-- 0.037504 s
currentSize : 16 <-- 0.037663 s
currentSize : 17 <-- 0.037730 s
currentSize : 20 <-- 0.038131 s
currentSize : 22 <-- 0.065639 s
currentSize : 23 <-- 0.077264 s
currentSize : 24 <-- 1.464750 s
currentSize : 25 <-- 14.989820 s

maxsize : 25
nodes : 5575532.000000
filtered : 161391041.000000
CCGP filtered : 140176446.000000
CCGT filtered : 95858252.000000
time : 61.101589
