Parameters: GAD=1 vflib=1 dir=0 label=0 lowerbound=1 fileNameGp=../graphsdb/mcs50/bvg/b06/mcs50_b06_s35.A95 fileNameGt=../graphsdb/mcs50/bvg/b06/mcs50_b06_s35.B95
Reading graphs...
35 :  103
35 :  101
Initializing...
maxdom : 35
D->valSize : 1225
Solving...
currentSize : 11 <-- 0.019651 s
currentSize : 12 <-- 0.019846 s
currentSize : 13 <-- 0.020054 s
currentSize : 14 <-- 0.021054 s
currentSize : 15 <-- 0.021190 s
currentSize : 16 <-- 0.022361 s
currentSize : 17 <-- 0.038517 s
currentSize : 18 <-- 0.252104 s
currentSize : 19 <-- 5.906917 s
currentSize : 20 <-- 13.881386 s
currentSize : 21 <-- 125.844498 s
currentSize : 22 <-- 143.409653 s

maxsize : 22
nodes : 65085190.000000
filtered : 2106111885.000000
CCGP filtered : 166149443.000000
CCGT filtered : 176748879.000000
time : 722.602356
