Parameters: GAD=1 vflib=1 dir=0 label=0 lowerbound=1 fileNameGp=../graphsdb/mcs50/bvg/b03/mcs50_b03_s25.A72 fileNameGt=../graphsdb/mcs50/bvg/b03/mcs50_b03_s25.B72
Reading graphs...
25 :  37
25 :  37
Initializing...
maxdom : 25
D->valSize : 625
Solving...
currentSize : 10 <-- 0.005365 s
currentSize : 11 <-- 0.005408 s
currentSize : 12 <-- 0.005451 s
currentSize : 13 <-- 0.008214 s
currentSize : 14 <-- 0.012038 s
currentSize : 15 <-- 0.017764 s
currentSize : 16 <-- 0.017873 s
currentSize : 17 <-- 0.047835 s
currentSize : 18 <-- 0.099236 s
currentSize : 19 <-- 1.017136 s

maxsize : 19
nodes : 176885.000000
filtered : 3575962.000000
CCGP filtered : 2297460.000000
CCGT filtered : 1144407.000000
time : 1.299883
