Parameters: GAD=1 vflib=1 dir=0 label=0 lowerbound=1 fileNameGp=../graphsdb/mcs50/rand/r005/mcs50_r005_s35.A49 fileNameGt=../graphsdb/mcs50/rand/r005/mcs50_r005_s35.B49
Reading graphs...
35 :  61
35 :  61
Initializing...
maxdom : 35
D->valSize : 1225
Solving...
currentSize : 15 <-- 0.020640 s
currentSize : 16 <-- 0.020852 s
currentSize : 17 <-- 0.021781 s
currentSize : 19 <-- 0.022056 s
currentSize : 20 <-- 0.060337 s
currentSize : 21 <-- 0.076834 s
currentSize : 22 <-- 0.281140 s
currentSize : 23 <-- 2.226046 s
currentSize : 24 <-- 7.984653 s
currentSize : 25 <-- 43.809704 s

maxsize : 25
nodes : 15013229.000000
filtered : 452706198.000000
CCGP filtered : 130294813.000000
CCGT filtered : 69197577.000000
time : 147.676437
