Parameters: GAD=1 vflib=1 dir=0 label=0 lowerbound=1 fileNameGp=../graphsdb/mcs50/m2D/m2D/mcs50_m2D_s30.A81 fileNameGt=../graphsdb/mcs50/m2D/m2D/mcs50_m2D_s30.B81
Reading graphs...
30 :  47
30 :  49
Initializing...
maxdom : 30
D->valSize : 900
Solving...
currentSize : 12 <-- 0.019481 s
currentSize : 13 <-- 0.019561 s
currentSize : 14 <-- 0.019742 s
currentSize : 15 <-- 0.020315 s
currentSize : 16 <-- 0.020616 s
currentSize : 17 <-- 0.020766 s
currentSize : 18 <-- 0.026394 s
currentSize : 19 <-- 0.028767 s
currentSize : 20 <-- 0.152823 s
currentSize : 21 <-- 1.537875 s
currentSize : 22 <-- 5.119817 s

maxsize : 22
nodes : 1016395.000000
filtered : 23144048.000000
CCGP filtered : 13855899.000000
CCGT filtered : 7034992.000000
time : 9.068410
