Parameters: GAD=1 vflib=1 dir=0 label=0 lowerbound=1 fileNameGp=../graphsdb/mcs50/bvg/b03/mcs50_b03_s35.A45 fileNameGt=../graphsdb/mcs50/bvg/b03/mcs50_b03_s35.B45
Reading graphs...
35 :  52
35 :  52
Initializing...
maxdom : 35
D->valSize : 1225
Solving...
currentSize : 14 <-- 0.036945 s
currentSize : 17 <-- 0.036999 s
currentSize : 18 <-- 0.037148 s
currentSize : 19 <-- 0.037234 s
currentSize : 20 <-- 0.054152 s
currentSize : 21 <-- 0.114020 s
currentSize : 22 <-- 0.307210 s
currentSize : 23 <-- 1.584051 s
currentSize : 24 <-- 9.637812 s

maxsize : 24
nodes : 12006677.000000
filtered : 337348686.000000
CCGP filtered : 291029067.000000
CCGT filtered : 199025070.000000
time : 132.298492
