Parameters: GAD=1 vflib=1 dir=0 label=0 lowerbound=1 fileNameGp=../graphsdb/mcs50/bvg/b03m/mcs50_b03m_s30.A81 fileNameGt=../graphsdb/mcs50/bvg/b03m/mcs50_b03m_s30.B81
Reading graphs...
30 :  45
30 :  45
Initializing...
maxdom : 30
D->valSize : 900
Solving...
currentSize : 11 <-- 0.019672 s
currentSize : 12 <-- 0.019981 s
currentSize : 13 <-- 0.020237 s
currentSize : 16 <-- 0.020646 s
currentSize : 17 <-- 0.021848 s
currentSize : 18 <-- 0.022283 s
currentSize : 19 <-- 2.337475 s
currentSize : 20 <-- 4.218059 s
currentSize : 21 <-- 7.758702 s
currentSize : 22 <-- 10.217674 s

maxsize : 22
nodes : 1491721.000000
filtered : 30397755.000000
CCGP filtered : 17196541.000000
CCGT filtered : 11933425.000000
time : 12.342627
