Parameters: GAD=1 vflib=1 dir=0 label=0 lowerbound=1 fileNameGp=../graphsdb/mcs50/bvg/b03m/mcs50_b03m_s30.A92 fileNameGt=../graphsdb/mcs50/bvg/b03m/mcs50_b03m_s30.B92
Reading graphs...
30 :  44
30 :  44
Initializing...
maxdom : 30
D->valSize : 900
Solving...
currentSize : 12 <-- 0.011860 s
currentSize : 14 <-- 0.013096 s
currentSize : 15 <-- 0.013727 s
currentSize : 16 <-- 0.016353 s
currentSize : 17 <-- 0.016451 s
currentSize : 18 <-- 0.020909 s
currentSize : 19 <-- 0.196674 s
currentSize : 20 <-- 0.484956 s
currentSize : 21 <-- 1.222121 s
currentSize : 22 <-- 1.608221 s

maxsize : 22
nodes : 712415.000000
filtered : 17878339.000000
CCGP filtered : 8513406.000000
CCGT filtered : 4398487.000000
time : 5.985447
