Parameters: GAD=1 vflib=1 dir=0 label=0 lowerbound=1 fileNameGp=../graphsdb/mcs50/m4D/m4Dr2/mcs50_m4Dr2_s35.A82 fileNameGt=../graphsdb/mcs50/m4D/m4Dr2/mcs50_m4Dr2_s35.B82
Reading graphs...
35 :  69
35 :  68
Initializing...
maxdom : 35
D->valSize : 1225
Solving...
currentSize : 15 <-- 0.035874 s
currentSize : 16 <-- 0.036083 s
currentSize : 17 <-- 0.041004 s
currentSize : 18 <-- 0.041487 s
currentSize : 19 <-- 0.070079 s
currentSize : 20 <-- 0.102402 s
currentSize : 21 <-- 0.495446 s
currentSize : 22 <-- 1.172290 s
currentSize : 23 <-- 2.779819 s

maxsize : 23
nodes : 26762937.000000
filtered : 794697192.000000
CCGP filtered : 346431253.000000
CCGT filtered : 243064255.000000
time : 285.307831
