Parameters: GAD=1 vflib=1 dir=0 label=0 lowerbound=1 fileNameGp=../graphsdb/mcs50/m4D/m4Dr4/mcs50_m4Dr4_s30.A95 fileNameGt=../graphsdb/mcs50/m4D/m4Dr4/mcs50_m4Dr4_s30.B95
Reading graphs...
30 :  66
30 :  66
Initializing...
maxdom : 30
D->valSize : 900
Solving...
currentSize : 12 <-- 0.010850 s
currentSize : 13 <-- 0.011709 s
currentSize : 14 <-- 0.017176 s
currentSize : 15 <-- 0.031355 s
currentSize : 16 <-- 0.039541 s
currentSize : 17 <-- 0.042563 s
currentSize : 18 <-- 0.109926 s
currentSize : 19 <-- 0.122287 s
currentSize : 20 <-- 0.155278 s
currentSize : 21 <-- 15.010707 s

maxsize : 21
nodes : 2443036.000000
filtered : 68210976.000000
CCGP filtered : 9723391.000000
CCGT filtered : 7542127.000000
time : 21.675968
