Parameters: GAD=1 vflib=1 dir=0 label=0 lowerbound=1 fileNameGp=../graphsdb/mcs50/bvg/b06/mcs50_b06_s30.A45 fileNameGt=../graphsdb/mcs50/bvg/b06/mcs50_b06_s30.B45
Reading graphs...
30 :  87
30 :  89
Initializing...
maxdom : 30
D->valSize : 900
Solving...
currentSize : 10 <-- 0.010322 s
currentSize : 11 <-- 0.010395 s
currentSize : 13 <-- 0.010539 s
currentSize : 14 <-- 0.065041 s
currentSize : 15 <-- 0.094241 s
currentSize : 16 <-- 0.235353 s
currentSize : 17 <-- 2.395829 s
currentSize : 18 <-- 16.404613 s
currentSize : 19 <-- 19.147844 s

maxsize : 19
nodes : 6581191.000000
filtered : 177371773.000000
CCGP filtered : 16950417.000000
CCGT filtered : 12238626.000000
time : 62.173161
