Parameters: GAD=1 vflib=1 dir=0 label=0 lowerbound=1 fileNameGp=../graphsdb/mcs50/m2D/m2D/mcs50_m2D_s20.A49 fileNameGt=../graphsdb/mcs50/m2D/m2D/mcs50_m2D_s20.B49
Reading graphs...
20 :  30
20 :  30
Initializing...
maxdom : 20
D->valSize : 400
Solving...
currentSize : 5 <-- 0.002207 s
currentSize : 6 <-- 0.002258 s
currentSize : 7 <-- 0.002398 s
currentSize : 8 <-- 0.002432 s
currentSize : 9 <-- 0.002741 s
currentSize : 10 <-- 0.002964 s
currentSize : 11 <-- 0.003840 s
currentSize : 12 <-- 0.004150 s
currentSize : 13 <-- 0.023335 s
currentSize : 14 <-- 0.056898 s

maxsize : 14
nodes : 30875.000000
filtered : 435352.000000
CCGP filtered : 194642.000000
CCGT filtered : 71368.000000
time : 0.173795
