Parameters: GAD=1 vflib=1 dir=0 label=0 lowerbound=1 fileNameGp=../graphsdb/mcs50/bvg/b06m/mcs50_b06m_s35.A54 fileNameGt=../graphsdb/mcs50/bvg/b06m/mcs50_b06m_s35.B54
Reading graphs...
35 :  103
35 :  103
Initializing...
maxdom : 35
D->valSize : 1225
Solving...
currentSize : 12 <-- 0.019594 s
currentSize : 15 <-- 0.019673 s
currentSize : 16 <-- 0.019826 s
currentSize : 17 <-- 0.030876 s
currentSize : 18 <-- 0.722763 s
currentSize : 19 <-- 0.897840 s
currentSize : 20 <-- 1.922225 s
currentSize : 21 <-- 12.268484 s
currentSize : 22 <-- 78.058075 s

maxsize : 22
nodes : 66603533.000000
filtered : 2337119094.000000
CCGP filtered : 143566995.000000
CCGT filtered : 168163072.000000
time : 731.617126
