Parameters: GAD=1 vflib=1 dir=0 label=0 lowerbound=1 fileNameGp=../graphsdb/mcs50/m4D/m4Dr4/mcs50_m4Dr4_s35.A53 fileNameGt=../graphsdb/mcs50/m4D/m4Dr4/mcs50_m4Dr4_s35.B53
Reading graphs...
35 :  75
35 :  74
Initializing...
maxdom : 35
D->valSize : 1225
Solving...
currentSize : 14 <-- 0.020418 s
currentSize : 15 <-- 0.020518 s
currentSize : 16 <-- 0.020752 s
currentSize : 17 <-- 0.021297 s
currentSize : 18 <-- 0.027987 s
currentSize : 19 <-- 0.029092 s
currentSize : 20 <-- 0.035698 s
currentSize : 21 <-- 0.040144 s
currentSize : 22 <-- 0.060522 s
currentSize : 23 <-- 16.007074 s

maxsize : 23
nodes : 71495543.000000
filtered : 2069494809.000000
CCGP filtered : 517197370.000000
CCGT filtered : 334914088.000000
time : 729.585083
