Parameters: GAD=1 vflib=1 dir=0 label=0 lowerbound=1 fileNameGp=../graphsdb/mcs50/m4D/m4D/mcs50_m4D_s30.A76 fileNameGt=../graphsdb/mcs50/m4D/m4D/mcs50_m4D_s30.B76
Reading graphs...
30 :  55
30 :  55
Initializing...
maxdom : 30
D->valSize : 900
Solving...
currentSize : 11 <-- 0.010939 s
currentSize : 12 <-- 0.011254 s
currentSize : 13 <-- 0.013282 s
currentSize : 14 <-- 0.013804 s
currentSize : 15 <-- 0.014596 s
currentSize : 16 <-- 0.019987 s
currentSize : 17 <-- 0.021104 s
currentSize : 18 <-- 0.024325 s
currentSize : 19 <-- 0.674361 s
currentSize : 20 <-- 1.409323 s
currentSize : 21 <-- 2.256667 s

maxsize : 21
nodes : 735598.000000
filtered : 18493352.000000
CCGP filtered : 13058980.000000
CCGT filtered : 11804118.000000
time : 6.872772
