Parameters: GAD=1 vflib=1 dir=0 label=0 lowerbound=1 fileNameGp=../graphsdb/mcs50/bvg/b09/mcs50_b09_s35.A36 fileNameGt=../graphsdb/mcs50/bvg/b09/mcs50_b09_s35.B36
Reading graphs...
35 :  152
35 :  152
Initializing...
maxdom : 35
D->valSize : 1225
Solving...
currentSize : 12 <-- 0.018519 s
currentSize : 13 <-- 0.018597 s
currentSize : 14 <-- 0.026125 s
currentSize : 15 <-- 0.033075 s
currentSize : 16 <-- 0.040416 s
currentSize : 17 <-- 15.794084 s
currentSize : 18 <-- 28.494028 s
currentSize : 19 <-- 96.074272 s
currentSize : 20 <-- 226.413757 s

maxsize : 20
nodes : 92822797.000000
filtered : 2491109453.000000
CCGP filtered : 13530313.000000
CCGT filtered : 18662829.000000
time : 1049.350464
