Parameters: GAD=1 vflib=1 dir=0 label=0 lowerbound=1 fileNameGp=../graphsdb/mcs50/m4D/m4D/mcs50_m4D_s35.A41 fileNameGt=../graphsdb/mcs50/m4D/m4D/mcs50_m4D_s35.B41
Reading graphs...
35 :  63
35 :  63
Initializing...
maxdom : 35
D->valSize : 1225
Solving...
currentSize : 16 <-- 0.020401 s
currentSize : 17 <-- 0.020454 s
currentSize : 18 <-- 0.020597 s
currentSize : 19 <-- 0.020791 s
currentSize : 20 <-- 0.021654 s
currentSize : 21 <-- 0.023033 s
currentSize : 22 <-- 0.275544 s
currentSize : 23 <-- 0.600455 s
currentSize : 24 <-- 12.571724 s

maxsize : 24
nodes : 10458858.000000
filtered : 324503926.000000
CCGP filtered : 162232394.000000
CCGT filtered : 93134839.000000
time : 115.080437
