Parameters: GAD=1 vflib=1 dir=0 label=0 lowerbound=1 fileNameGp=../graphsdb/mcs50/bvg/b06/mcs50_b06_s35.A72 fileNameGt=../graphsdb/mcs50/bvg/b06/mcs50_b06_s35.B72
Reading graphs...
35 :  103
35 :  105
Initializing...
maxdom : 35
D->valSize : 1225
Solving...
currentSize : 14 <-- 0.019469 s
currentSize : 15 <-- 0.019577 s
currentSize : 16 <-- 0.025101 s
currentSize : 17 <-- 0.154304 s
currentSize : 18 <-- 0.634434 s
currentSize : 19 <-- 3.165840 s
currentSize : 20 <-- 4.378480 s
currentSize : 21 <-- 33.317768 s
currentSize : 22 <-- 77.940094 s

maxsize : 22
nodes : 90048672.000000
filtered : 3059874049.000000
CCGP filtered : 178567200.000000
CCGT filtered : 110787074.000000
time : 973.951416
