Parameters: GAD=1 vflib=1 dir=0 label=0 lowerbound=1 fileNameGp=../graphsdb/mcs50/bvg/b03/mcs50_b03_s30.A83 fileNameGt=../graphsdb/mcs50/bvg/b03/mcs50_b03_s30.B83
Reading graphs...
30 :  45
30 :  45
Initializing...
maxdom : 30
D->valSize : 900
Solving...
currentSize : 15 <-- 0.011251 s
currentSize : 16 <-- 0.011411 s
currentSize : 17 <-- 0.017084 s
currentSize : 18 <-- 0.018026 s
currentSize : 19 <-- 0.072008 s
currentSize : 20 <-- 0.141803 s
currentSize : 21 <-- 0.142681 s
currentSize : 22 <-- 0.665852 s
currentSize : 23 <-- 0.666167 s

maxsize : 23
nodes : 347634.000000
filtered : 9869267.000000
CCGP filtered : 2849104.000000
CCGT filtered : 2046321.000000
time : 3.118004
