Parameters: GAD=1 vflib=1 dir=0 label=0 lowerbound=1 fileNameGp=../graphsdb/mcs50/bvg/b03/mcs50_b03_s35.A93 fileNameGt=../graphsdb/mcs50/bvg/b03/mcs50_b03_s35.B93
Reading graphs...
35 :  51
35 :  52
Initializing...
maxdom : 35
D->valSize : 1225
Solving...
currentSize : 14 <-- 0.037070 s
currentSize : 16 <-- 0.037397 s
currentSize : 18 <-- 0.037776 s
currentSize : 19 <-- 0.041867 s
currentSize : 20 <-- 0.069637 s
currentSize : 21 <-- 0.131380 s
currentSize : 22 <-- 0.151445 s
currentSize : 23 <-- 0.959043 s
currentSize : 24 <-- 5.349009 s
currentSize : 25 <-- 5.534955 s
currentSize : 26 <-- 44.410854 s

maxsize : 26
nodes : 6504458.000000
filtered : 198091769.000000
CCGP filtered : 149079422.000000
CCGT filtered : 84774602.000000
time : 71.417435
