Parameters: GAD=1 vflib=1 dir=0 label=0 lowerbound=1 fileNameGp=../graphsdb/mcs50/bvg/b03/mcs50_b03_s30.A23 fileNameGt=../graphsdb/mcs50/bvg/b03/mcs50_b03_s30.B23
Reading graphs...
30 :  45
30 :  45
Initializing...
maxdom : 30
D->valSize : 900
Solving...
currentSize : 13 <-- 0.019551 s
currentSize : 15 <-- 0.019652 s
currentSize : 16 <-- 0.019867 s
currentSize : 17 <-- 0.021067 s
currentSize : 18 <-- 0.021897 s
currentSize : 19 <-- 0.038830 s
currentSize : 20 <-- 0.105434 s
currentSize : 21 <-- 0.113871 s
currentSize : 22 <-- 1.373187 s

maxsize : 22
nodes : 747523.000000
filtered : 19980463.000000
CCGP filtered : 10751736.000000
CCGT filtered : 9217777.000000
time : 7.121261
