Parameters: GAD=1 vflib=1 dir=0 label=0 lowerbound=1 fileNameGp=../graphsdb/mcs50/bvg/b03/mcs50_b03_s25.A02 fileNameGt=../graphsdb/mcs50/bvg/b03/mcs50_b03_s25.B02
Reading graphs...
25 :  37
25 :  37
Initializing...
maxdom : 25
D->valSize : 625
Solving...
currentSize : 8 <-- 0.009301 s
currentSize : 9 <-- 0.009347 s
currentSize : 10 <-- 0.009569 s
currentSize : 12 <-- 0.009860 s
currentSize : 13 <-- 0.011874 s
currentSize : 15 <-- 0.015557 s
currentSize : 16 <-- 0.024578 s
currentSize : 17 <-- 0.227821 s
currentSize : 18 <-- 0.713945 s
currentSize : 19 <-- 1.037142 s

maxsize : 19
nodes : 192366.000000
filtered : 3452470.000000
CCGP filtered : 1803074.000000
CCGT filtered : 751259.000000
time : 1.323915
