Parameters: GAD=1 vflib=1 dir=0 label=0 lowerbound=1 fileNameGp=../graphsdb/mcs50/bvg/b06/mcs50_b06_s30.A41 fileNameGt=../graphsdb/mcs50/bvg/b06/mcs50_b06_s30.B41
Reading graphs...
30 :  89
30 :  90
Initializing...
maxdom : 30
D->valSize : 900
Solving...
currentSize : 9 <-- 0.010204 s
currentSize : 11 <-- 0.010467 s
currentSize : 13 <-- 0.010556 s
currentSize : 14 <-- 0.011760 s
currentSize : 15 <-- 0.013366 s
currentSize : 16 <-- 0.019961 s
currentSize : 17 <-- 0.138873 s
currentSize : 18 <-- 0.446887 s
currentSize : 19 <-- 1.139485 s

maxsize : 19
nodes : 6701790.000000
filtered : 201736033.000000
CCGP filtered : 11039844.000000
CCGT filtered : 7588810.000000
time : 63.063049
