Parameters: GAD=1 vflib=1 dir=0 label=0 lowerbound=1 fileNameGp=../graphsdb/mcs50/rand/r005/mcs50_r005_s30.A78 fileNameGt=../graphsdb/mcs50/rand/r005/mcs50_r005_s30.B78
Reading graphs...
30 :  47
30 :  47
Initializing...
maxdom : 30
D->valSize : 900
Solving...
currentSize : 10 <-- 0.011030 s
currentSize : 13 <-- 0.011125 s
currentSize : 15 <-- 0.011166 s
currentSize : 16 <-- 0.011242 s
currentSize : 17 <-- 0.011676 s
currentSize : 18 <-- 0.023284 s
currentSize : 19 <-- 0.023543 s
currentSize : 20 <-- 0.245811 s
currentSize : 21 <-- 0.246634 s
currentSize : 22 <-- 6.576820 s

maxsize : 22
nodes : 957243.000000
filtered : 23820436.000000
CCGP filtered : 13872625.000000
CCGT filtered : 11049198.000000
time : 8.641402
