Parameters: GAD=1 vflib=1 dir=0 label=0 lowerbound=1 fileNameGp=../graphsdb/mcs50/bvg/b09m/mcs50_b09m_s35.A66 fileNameGt=../graphsdb/mcs50/bvg/b09m/mcs50_b09m_s35.B66
Reading graphs...
35 :  144
35 :  148
Initializing...
maxdom : 35
D->valSize : 1225
Solving...
currentSize : 11 <-- 0.031705 s
currentSize : 12 <-- 0.031975 s
currentSize : 13 <-- 0.032354 s
currentSize : 14 <-- 0.036402 s
currentSize : 15 <-- 0.038792 s
currentSize : 16 <-- 0.068344 s
currentSize : 17 <-- 5.364394 s
currentSize : 18 <-- 25.069160 s
currentSize : 19 <-- 1697.955078 s

maxsize : 19
nodes : 310836024.000000
filtered : 7655472220.000000
CCGP filtered : 147870682.000000
CCGT filtered : 127434265.000000
time : 3301.057861
