Parameters: GAD=1 vflib=1 dir=0 label=0 lowerbound=1 fileNameGp=../graphsdb/mcs50/m4D/m4Dr2/mcs50_m4Dr2_s30.A41 fileNameGt=../graphsdb/mcs50/m4D/m4Dr2/mcs50_m4Dr2_s30.B41
Reading graphs...
30 :  59
30 :  58
Initializing...
maxdom : 30
D->valSize : 900
Solving...
currentSize : 12 <-- 0.018900 s
currentSize : 13 <-- 0.019069 s
currentSize : 15 <-- 0.020778 s
currentSize : 16 <-- 0.051006 s
currentSize : 17 <-- 0.051062 s
currentSize : 18 <-- 0.397890 s
currentSize : 19 <-- 3.476115 s
currentSize : 20 <-- 4.534032 s
currentSize : 21 <-- 5.034355 s

maxsize : 21
nodes : 1593342.000000
filtered : 41071554.000000
CCGP filtered : 14114946.000000
CCGT filtered : 10133953.000000
time : 14.335714
