Parameters: GAD=1 vflib=1 dir=0 label=0 lowerbound=1 fileNameGp=../graphsdb/mcs50/m4D/m4Dr6/mcs50_m4Dr6_s35.A63 fileNameGt=../graphsdb/mcs50/m4D/m4Dr6/mcs50_m4Dr6_s35.B63
Reading graphs...
35 :  78
35 :  80
Initializing...
maxdom : 35
D->valSize : 1225
Solving...
currentSize : 9 <-- 0.020168 s
currentSize : 10 <-- 0.020415 s
currentSize : 15 <-- 0.020612 s
currentSize : 16 <-- 0.022318 s
currentSize : 17 <-- 0.023165 s
currentSize : 18 <-- 0.030277 s
currentSize : 19 <-- 0.049055 s
currentSize : 20 <-- 0.113469 s
currentSize : 21 <-- 0.123710 s
currentSize : 22 <-- 3.801384 s
currentSize : 23 <-- 106.019951 s

maxsize : 23
nodes : 94737435.000000
filtered : 2746506755.000000
CCGP filtered : 544222271.000000
CCGT filtered : 360859635.000000
time : 970.792114
