Parameters: GAD=1 vflib=1 dir=0 label=0 lowerbound=1 fileNameGp=../graphsdb/mcs50/bvg/b03/mcs50_b03_s35.A85 fileNameGt=../graphsdb/mcs50/bvg/b03/mcs50_b03_s35.B85
Reading graphs...
35 :  52
35 :  52
Initializing...
maxdom : 35
D->valSize : 1225
Solving...
currentSize : 17 <-- 0.037145 s
currentSize : 18 <-- 0.037325 s
currentSize : 19 <-- 0.037490 s
currentSize : 20 <-- 0.038594 s
currentSize : 21 <-- 0.039188 s
currentSize : 22 <-- 0.064483 s
currentSize : 23 <-- 0.196317 s
currentSize : 24 <-- 2.170279 s
currentSize : 25 <-- 7.104793 s

maxsize : 25
nodes : 13220767.000000
filtered : 380806329.000000
CCGP filtered : 235483916.000000
CCGT filtered : 105626573.000000
time : 132.015121
