Parameters: GAD=1 vflib=1 dir=0 label=0 lowerbound=1 fileNameGp=../graphsdb/mcs50/m4D/m4D/mcs50_m4D_s30.A80 fileNameGt=../graphsdb/mcs50/m4D/m4D/mcs50_m4D_s30.B80
Reading graphs...
30 :  55
30 :  54
Initializing...
maxdom : 30
D->valSize : 900
Solving...
currentSize : 13 <-- 0.011245 s
currentSize : 15 <-- 0.011497 s
currentSize : 16 <-- 0.029954 s
currentSize : 17 <-- 0.047832 s
currentSize : 18 <-- 0.092089 s
currentSize : 19 <-- 0.468543 s
currentSize : 20 <-- 0.485477 s
currentSize : 21 <-- 4.121357 s
currentSize : 22 <-- 4.158162 s

maxsize : 22
nodes : 956008.000000
filtered : 20434452.000000
CCGP filtered : 13777306.000000
CCGT filtered : 8998007.000000
time : 8.153943
