Parameters: GAD=1 vflib=1 dir=0 label=0 lowerbound=1 fileNameGp=../graphsdb/mcs50/rand/r005/mcs50_r005_s25.A86 fileNameGt=../graphsdb/mcs50/rand/r005/mcs50_r005_s25.B86
Reading graphs...
25 :  35
25 :  34
Initializing...
maxdom : 25
D->valSize : 625
Solving...
currentSize : 9 <-- 0.009449 s
currentSize : 11 <-- 0.009539 s
currentSize : 12 <-- 0.009732 s
currentSize : 13 <-- 0.010027 s
currentSize : 15 <-- 0.010487 s
currentSize : 16 <-- 0.010578 s
currentSize : 17 <-- 0.012614 s
currentSize : 18 <-- 0.012868 s
currentSize : 19 <-- 0.017822 s

maxsize : 19
nodes : 28596.000000
filtered : 700626.000000
CCGP filtered : 592658.000000
CCGT filtered : 403111.000000
time : 0.330195
