Parameters: GAD=1 vflib=1 dir=0 label=0 lowerbound=1 fileNameGp=../graphsdb/mcs50/bvg/b03/mcs50_b03_s35.A83 fileNameGt=../graphsdb/mcs50/bvg/b03/mcs50_b03_s35.B83
Reading graphs...
35 :  52
35 :  52
Initializing...
maxdom : 35
D->valSize : 1225
Solving...
currentSize : 14 <-- 0.021105 s
currentSize : 15 <-- 0.021149 s
currentSize : 17 <-- 0.021332 s
currentSize : 18 <-- 0.026828 s
currentSize : 19 <-- 0.031749 s
currentSize : 20 <-- 0.038040 s
currentSize : 21 <-- 0.865456 s
currentSize : 22 <-- 3.378233 s
currentSize : 23 <-- 3.557574 s
currentSize : 24 <-- 18.364883 s

maxsize : 24
nodes : 8903244.000000
filtered : 231739752.000000
CCGP filtered : 138071333.000000
CCGT filtered : 115038233.000000
time : 90.293991
