Parameters: GAD=1 vflib=1 dir=0 label=0 lowerbound=1 fileNameGp=../graphsdb/mcs50/m2D/m2D/mcs50_m2D_s30.A07 fileNameGt=../graphsdb/mcs50/m2D/m2D/mcs50_m2D_s30.B07
Reading graphs...
30 :  47
30 :  48
Initializing...
maxdom : 30
D->valSize : 900
Solving...
currentSize : 13 <-- 0.011094 s
currentSize : 14 <-- 0.011232 s
currentSize : 15 <-- 0.011245 s
currentSize : 16 <-- 0.011468 s
currentSize : 17 <-- 0.011670 s
currentSize : 19 <-- 0.011695 s
currentSize : 20 <-- 0.059437 s
currentSize : 21 <-- 0.089849 s
currentSize : 22 <-- 6.517705 s

maxsize : 22
nodes : 1607211.000000
filtered : 41148602.000000
CCGP filtered : 20778033.000000
CCGT filtered : 9125601.000000
time : 13.491325
