Parameters: GAD=1 vflib=1 dir=0 label=0 lowerbound=1 fileNameGp=../graphsdb/mcs50/bvg/b06/mcs50_b06_s30.A81 fileNameGt=../graphsdb/mcs50/bvg/b06/mcs50_b06_s30.B81
Reading graphs...
30 :  89
30 :  87
Initializing...
maxdom : 30
D->valSize : 900
Solving...
currentSize : 11 <-- 0.010340 s
currentSize : 12 <-- 0.010393 s
currentSize : 13 <-- 0.010505 s
currentSize : 14 <-- 0.014010 s
currentSize : 15 <-- 0.023151 s
currentSize : 16 <-- 0.162720 s
currentSize : 17 <-- 4.928468 s
currentSize : 18 <-- 22.314312 s
currentSize : 19 <-- 38.282745 s

maxsize : 19
nodes : 6580498.000000
filtered : 161852012.000000
CCGP filtered : 14569407.000000
CCGT filtered : 18664966.000000
time : 61.686432
