Parameters: GAD=1 vflib=1 dir=0 label=0 lowerbound=1 fileNameGp=../graphsdb/mcs50/bvg/b06m/mcs50_b06m_s35.A56 fileNameGt=../graphsdb/mcs50/bvg/b06m/mcs50_b06m_s35.B56
Reading graphs...
35 :  101
35 :  101
Initializing...
maxdom : 35
D->valSize : 1225
Solving...
currentSize : 13 <-- 0.019427 s
currentSize : 14 <-- 0.019710 s
currentSize : 15 <-- 0.022344 s
currentSize : 16 <-- 0.025673 s
currentSize : 17 <-- 0.036060 s
currentSize : 18 <-- 0.362377 s
currentSize : 19 <-- 4.135757 s
currentSize : 20 <-- 97.489914 s
currentSize : 21 <-- 1698.553345 s

maxsize : 21
nodes : 222222178.000000
filtered : 5889341189.000000
CCGP filtered : 801454213.000000
CCGT filtered : 627566915.000000
time : 2392.650635
