Parameters: GAD=1 vflib=1 dir=0 label=0 lowerbound=1 fileNameGp=../graphsdb/mcs50/bvg/b03m/mcs50_b03m_s30.A38 fileNameGt=../graphsdb/mcs50/bvg/b03m/mcs50_b03m_s30.B38
Reading graphs...
30 :  45
30 :  45
Initializing...
maxdom : 30
D->valSize : 900
Solving...
currentSize : 12 <-- 0.019656 s
currentSize : 14 <-- 0.019700 s
currentSize : 16 <-- 0.019881 s
currentSize : 17 <-- 0.020337 s
currentSize : 18 <-- 0.023258 s
currentSize : 19 <-- 0.031352 s
currentSize : 20 <-- 0.060385 s
currentSize : 21 <-- 0.079590 s
currentSize : 22 <-- 0.231307 s

maxsize : 22
nodes : 885999.000000
filtered : 21442703.000000
CCGP filtered : 12312416.000000
CCGT filtered : 7202290.000000
time : 7.741829
