Parameters: GAD=1 vflib=1 dir=0 label=0 lowerbound=1 fileNameGp=../graphsdb/mcs50/m2D/m2D/mcs50_m2D_s30.A78 fileNameGt=../graphsdb/mcs50/m2D/m2D/mcs50_m2D_s30.B78
Reading graphs...
30 :  49
30 :  48
Initializing...
maxdom : 30
D->valSize : 900
Solving...
currentSize : 10 <-- 0.011118 s
currentSize : 14 <-- 0.011283 s
currentSize : 16 <-- 0.011825 s
currentSize : 17 <-- 0.011842 s
currentSize : 18 <-- 0.014943 s
currentSize : 19 <-- 0.092051 s
currentSize : 20 <-- 0.535495 s
currentSize : 21 <-- 3.139536 s
currentSize : 22 <-- 9.701330 s

maxsize : 22
nodes : 1662779.000000
filtered : 36391628.000000
CCGP filtered : 13413059.000000
CCGT filtered : 9821823.000000
time : 14.138071
