Parameters: GAD=1 vflib=1 dir=0 label=0 lowerbound=1 fileNameGp=../graphsdb/mcs50/bvg/b03m/mcs50_b03m_s35.A48 fileNameGt=../graphsdb/mcs50/bvg/b03m/mcs50_b03m_s35.B48
Reading graphs...
35 :  51
35 :  51
Initializing...
maxdom : 35
D->valSize : 1225
Solving...
currentSize : 10 <-- 0.037172 s
currentSize : 14 <-- 0.037261 s
currentSize : 15 <-- 0.037460 s
currentSize : 17 <-- 0.037712 s
currentSize : 18 <-- 0.041739 s
currentSize : 19 <-- 0.042670 s
currentSize : 20 <-- 0.059776 s
currentSize : 21 <-- 0.088205 s
currentSize : 22 <-- 0.261702 s
currentSize : 23 <-- 0.889846 s
currentSize : 24 <-- 2.352111 s
currentSize : 25 <-- 5.944746 s
currentSize : 26 <-- 41.184902 s

maxsize : 26
nodes : 6585651.000000
filtered : 183990218.000000
CCGP filtered : 94077258.000000
CCGT filtered : 53780819.000000
time : 64.750008
