Parameters: GAD=1 vflib=1 dir=0 label=0 lowerbound=1 fileNameGp=../graphsdb/mcs50/m4D/m4Dr2/mcs50_m4Dr2_s30.A66 fileNameGt=../graphsdb/mcs50/m4D/m4Dr2/mcs50_m4Dr2_s30.B66
Reading graphs...
30 :  60
30 :  59
Initializing...
maxdom : 30
D->valSize : 900
Solving...
currentSize : 7 <-- 0.010654 s
currentSize : 11 <-- 0.010720 s
currentSize : 12 <-- 0.010905 s
currentSize : 15 <-- 0.010926 s
currentSize : 16 <-- 0.011776 s
currentSize : 17 <-- 0.012138 s
currentSize : 18 <-- 0.013554 s
currentSize : 19 <-- 0.229242 s
currentSize : 20 <-- 0.897255 s

maxsize : 20
nodes : 1843607.000000
filtered : 48291436.000000
CCGP filtered : 20741410.000000
CCGT filtered : 18384598.000000
time : 17.105362
