Parameters: GAD=1 vflib=1 dir=0 label=0 lowerbound=1 fileNameGp=../graphsdb/mcs50/m2D/m2D/mcs50_m2D_s30.A10 fileNameGt=../graphsdb/mcs50/m2D/m2D/mcs50_m2D_s30.B10
Reading graphs...
30 :  49
30 :  48
Initializing...
maxdom : 30
D->valSize : 900
Solving...
currentSize : 13 <-- 0.011207 s
currentSize : 14 <-- 0.011287 s
currentSize : 15 <-- 0.011308 s
currentSize : 16 <-- 0.013669 s
currentSize : 17 <-- 0.014801 s
currentSize : 18 <-- 0.017308 s
currentSize : 19 <-- 0.019182 s
currentSize : 20 <-- 0.024124 s
currentSize : 21 <-- 1.007978 s
currentSize : 22 <-- 2.049833 s
currentSize : 23 <-- 3.716988 s

maxsize : 23
nodes : 610820.000000
filtered : 16348994.000000
CCGP filtered : 5933435.000000
CCGT filtered : 3115721.000000
time : 5.460857
