Parameters: GAD=1 vflib=1 dir=0 label=0 lowerbound=1 fileNameGp=../graphsdb/mcs50/rand/r02/mcs50_r02_s35.A89 fileNameGt=../graphsdb/mcs50/rand/r02/mcs50_r02_s35.B89
Reading graphs...
35 :  215
35 :  210
Initializing...
maxdom : 35
D->valSize : 1225
Solving...
currentSize : 9 <-- 0.029777 s
currentSize : 10 <-- 0.030105 s
currentSize : 11 <-- 0.030616 s
currentSize : 12 <-- 0.033138 s
currentSize : 13 <-- 0.040182 s
currentSize : 14 <-- 0.164685 s
currentSize : 15 <-- 0.490330 s
currentSize : 16 <-- 382.383545 s
currentSize : 18 <-- 1545.729248 s

maxsize : 18
nodes : 249956487.000000
filtered : 4742308242.000000
CCGP filtered : 15167298.000000
CCGT filtered : 11791357.000000
time : 2944.711670
