Parameters: GAD=1 vflib=1 dir=0 label=0 lowerbound=1 fileNameGp=../graphsdb/mcs50/bvg/b03m/mcs50_b03m_s35.A72 fileNameGt=../graphsdb/mcs50/bvg/b03m/mcs50_b03m_s35.B72
Reading graphs...
35 :  52
35 :  52
Initializing...
maxdom : 35
D->valSize : 1225
Solving...
currentSize : 14 <-- 0.036930 s
currentSize : 15 <-- 0.037533 s
currentSize : 17 <-- 0.038524 s
currentSize : 19 <-- 0.038579 s
currentSize : 20 <-- 0.040434 s
currentSize : 21 <-- 0.051967 s
currentSize : 22 <-- 0.077877 s
currentSize : 23 <-- 1.034123 s
currentSize : 24 <-- 2.187125 s
currentSize : 25 <-- 10.248291 s
currentSize : 26 <-- 10.805822 s

maxsize : 26
nodes : 2133695.000000
filtered : 61243852.000000
CCGP filtered : 48617828.000000
CCGT filtered : 24850194.000000
time : 21.610352
