Parameters: GAD=1 vflib=1 dir=0 label=0 lowerbound=1 fileNameGp=../graphsdb/mcs50/bvg/b03/mcs50_b03_s35.A47 fileNameGt=../graphsdb/mcs50/bvg/b03/mcs50_b03_s35.B47
Reading graphs...
35 :  52
35 :  50
Initializing...
maxdom : 35
D->valSize : 1225
Solving...
currentSize : 16 <-- 0.037100 s
currentSize : 17 <-- 0.037221 s
currentSize : 18 <-- 0.037443 s
currentSize : 19 <-- 0.037942 s
currentSize : 20 <-- 0.038098 s
currentSize : 21 <-- 0.039267 s
currentSize : 22 <-- 0.039559 s
currentSize : 23 <-- 0.044108 s
currentSize : 24 <-- 0.723403 s
currentSize : 25 <-- 0.731720 s

maxsize : 25
nodes : 6315384.000000
filtered : 174329102.000000
CCGP filtered : 123300384.000000
CCGT filtered : 92507769.000000
time : 66.199310
