Parameters: GAD=1 vflib=1 dir=0 label=0 lowerbound=1 fileNameGp=../graphsdb/mcs50/m4D/m4Dr2/mcs50_m4Dr2_s35.A43 fileNameGt=../graphsdb/mcs50/m4D/m4Dr2/mcs50_m4Dr2_s35.B43
Reading graphs...
35 :  70
35 :  69
Initializing...
maxdom : 35
D->valSize : 1225
Solving...
currentSize : 12 <-- 0.035634 s
currentSize : 15 <-- 0.035681 s
currentSize : 16 <-- 0.035936 s
currentSize : 17 <-- 0.036468 s
currentSize : 18 <-- 0.042888 s
currentSize : 19 <-- 0.058027 s
currentSize : 20 <-- 0.662534 s
currentSize : 21 <-- 0.667072 s
currentSize : 22 <-- 2.863037 s
currentSize : 23 <-- 3.457161 s
currentSize : 24 <-- 14.938896 s

maxsize : 24
nodes : 19302006.000000
filtered : 643024248.000000
CCGP filtered : 162169549.000000
CCGT filtered : 99471406.000000
time : 202.096085
