Parameters: GAD=1 vflib=1 dir=0 label=0 lowerbound=1 fileNameGp=../graphsdb/mcs50/m2D/m2Dr6/mcs50_m2Dr6_s20.A48 fileNameGt=../graphsdb/mcs50/m2D/m2Dr6/mcs50_m2Dr6_s20.B48
Reading graphs...
20 :  42
20 :  39
Initializing...
maxdom : 20
D->valSize : 400
Solving...
currentSize : 5 <-- 0.003841 s
currentSize : 7 <-- 0.003917 s
currentSize : 8 <-- 0.003964 s
currentSize : 9 <-- 0.004064 s
currentSize : 10 <-- 0.004494 s
currentSize : 11 <-- 0.005372 s
currentSize : 12 <-- 0.006428 s
currentSize : 13 <-- 0.023176 s
currentSize : 14 <-- 0.064607 s

maxsize : 14
nodes : 55058.000000
filtered : 1033157.000000
CCGP filtered : 125476.000000
CCGT filtered : 95819.000000
time : 0.343708
