Parameters: GAD=1 vflib=1 dir=0 label=0 lowerbound=1 fileNameGp=../graphsdb/mcs50/bvg/b03m/mcs50_b03m_s25.A62 fileNameGt=../graphsdb/mcs50/bvg/b03m/mcs50_b03m_s25.B62
Reading graphs...
25 :  37
25 :  37
Initializing...
maxdom : 25
D->valSize : 625
Solving...
currentSize : 11 <-- 0.005466 s
currentSize : 12 <-- 0.005694 s
currentSize : 13 <-- 0.028974 s
currentSize : 14 <-- 0.032203 s
currentSize : 15 <-- 0.032876 s
currentSize : 16 <-- 0.034757 s
currentSize : 17 <-- 0.064132 s
currentSize : 18 <-- 0.149854 s
currentSize : 19 <-- 0.273609 s

maxsize : 19
nodes : 59980.000000
filtered : 1177563.000000
CCGP filtered : 500638.000000
CCGT filtered : 250550.000000
time : 0.411504
