Parameters: GAD=1 vflib=1 dir=0 label=0 lowerbound=1 fileNameGp=../graphsdb/mcs50/bvg/b06/mcs50_b06_s35.A00 fileNameGt=../graphsdb/mcs50/bvg/b06/mcs50_b06_s35.B00
Reading graphs...
35 :  103
35 :  101
Initializing...
maxdom : 35
D->valSize : 1225
Solving...
currentSize : 12 <-- 0.033652 s
currentSize : 14 <-- 0.033755 s
currentSize : 15 <-- 0.034108 s
currentSize : 16 <-- 0.035073 s
currentSize : 17 <-- 0.038737 s
currentSize : 18 <-- 0.143876 s
currentSize : 19 <-- 0.482990 s
currentSize : 20 <-- 1.673559 s
currentSize : 21 <-- 99.371109 s
currentSize : 22 <-- 99.546913 s

maxsize : 22
nodes : 75447206.000000
filtered : 2559690327.000000
CCGP filtered : 212470833.000000
CCGT filtered : 144096846.000000
time : 816.384827
