Parameters: GAD=1 vflib=1 dir=0 label=0 lowerbound=1 fileNameGp=../graphsdb/mcs50/m4D/m4Dr4/mcs50_m4Dr4_s35.A61 fileNameGt=../graphsdb/mcs50/m4D/m4Dr4/mcs50_m4Dr4_s35.B61
Reading graphs...
35 :  74
35 :  76
Initializing...
maxdom : 35
D->valSize : 1225
Solving...
currentSize : 14 <-- 0.035364 s
currentSize : 15 <-- 0.035540 s
currentSize : 16 <-- 0.035948 s
currentSize : 17 <-- 0.038159 s
currentSize : 18 <-- 0.045542 s
currentSize : 19 <-- 0.172348 s
currentSize : 20 <-- 0.178350 s
currentSize : 21 <-- 0.275862 s
currentSize : 22 <-- 9.633654 s

maxsize : 22
nodes : 25941107.000000
filtered : 698262903.000000
CCGP filtered : 217957268.000000
CCGT filtered : 169989666.000000
time : 271.715637
