Parameters: GAD=1 vflib=1 dir=0 label=0 lowerbound=1 fileNameGp=../graphsdb/mcs50/m4D/m4Dr2/mcs50_m4Dr2_s35.A56 fileNameGt=../graphsdb/mcs50/m4D/m4Dr2/mcs50_m4Dr2_s35.B56
Reading graphs...
35 :  70
35 :  69
Initializing...
maxdom : 35
D->valSize : 1225
Solving...
currentSize : 13 <-- 0.020484 s
currentSize : 14 <-- 0.020831 s
currentSize : 16 <-- 0.021784 s
currentSize : 17 <-- 0.029158 s
currentSize : 18 <-- 0.067523 s
currentSize : 19 <-- 0.335736 s
currentSize : 20 <-- 1.385621 s
currentSize : 22 <-- 1.445237 s
currentSize : 23 <-- 18.671013 s
currentSize : 24 <-- 136.566559 s

maxsize : 24
nodes : 22431503.000000
filtered : 656343740.000000
CCGP filtered : 350189207.000000
CCGT filtered : 198665182.000000
time : 240.880692
