Parameters: GAD=1 vflib=1 dir=0 label=0 lowerbound=1 fileNameGp=../graphsdb/mcs50/m4D/m4D/mcs50_m4D_s30.A27 fileNameGt=../graphsdb/mcs50/m4D/m4D/mcs50_m4D_s30.B27
Reading graphs...
30 :  55
30 :  54
Initializing...
maxdom : 30
D->valSize : 900
Solving...
currentSize : 9 <-- 0.011035 s
currentSize : 13 <-- 0.011262 s
currentSize : 14 <-- 0.011457 s
currentSize : 16 <-- 0.011616 s
currentSize : 17 <-- 0.013091 s
currentSize : 18 <-- 0.081921 s
currentSize : 19 <-- 1.006193 s
currentSize : 20 <-- 1.163573 s
currentSize : 21 <-- 1.921212 s

maxsize : 21
nodes : 553889.000000
filtered : 16056119.000000
CCGP filtered : 11990055.000000
CCGT filtered : 9864701.000000
time : 5.866704
