Parameters: GAD=1 vflib=1 dir=0 label=0 lowerbound=1 fileNameGp=../graphsdb/mcs50/rand/r005/mcs50_r005_s30.A74 fileNameGt=../graphsdb/mcs50/rand/r005/mcs50_r005_s30.B74
Reading graphs...
30 :  47
30 :  47
Initializing...
maxdom : 30
D->valSize : 900
Solving...
currentSize : 12 <-- 0.019525 s
currentSize : 14 <-- 0.019630 s
currentSize : 15 <-- 0.019875 s
currentSize : 16 <-- 0.020272 s
currentSize : 17 <-- 0.020410 s
currentSize : 18 <-- 0.021287 s
currentSize : 19 <-- 0.023789 s
currentSize : 20 <-- 0.055318 s
currentSize : 21 <-- 1.594372 s
currentSize : 22 <-- 3.629026 s

maxsize : 22
nodes : 1084855.000000
filtered : 27571202.000000
CCGP filtered : 12698757.000000
CCGT filtered : 8656073.000000
time : 10.131643
