Parameters: GAD=1 vflib=1 dir=0 label=0 lowerbound=1 fileNameGp=../graphsdb/mcs50/bvg/b06/mcs50_b06_s25.A04 fileNameGt=../graphsdb/mcs50/bvg/b06/mcs50_b06_s25.B04
Reading graphs...
25 :  72
25 :  75
Initializing...
maxdom : 25
D->valSize : 625
Solving...
currentSize : 7 <-- 0.004814 s
currentSize : 9 <-- 0.004858 s
currentSize : 10 <-- 0.004922 s
currentSize : 11 <-- 0.005448 s
currentSize : 12 <-- 0.009359 s
currentSize : 13 <-- 0.009740 s
currentSize : 14 <-- 0.107153 s
currentSize : 15 <-- 0.494213 s
currentSize : 16 <-- 11.701957 s

maxsize : 16
nodes : 1673313.000000
filtered : 33180867.000000
CCGP filtered : 2119733.000000
CCGT filtered : 995795.000000
time : 13.102969
