Parameters: GAD=1 vflib=1 dir=0 label=0 lowerbound=1 fileNameGp=../graphsdb/mcs50/m4D/m4D/mcs50_m4D_s30.A02 fileNameGt=../graphsdb/mcs50/m4D/m4D/mcs50_m4D_s30.B02
Reading graphs...
30 :  55
30 :  55
Initializing...
maxdom : 30
D->valSize : 900
Solving...
currentSize : 11 <-- 0.010864 s
currentSize : 12 <-- 0.011074 s
currentSize : 13 <-- 0.011479 s
currentSize : 14 <-- 0.011498 s
currentSize : 15 <-- 0.011725 s
currentSize : 16 <-- 0.016031 s
currentSize : 17 <-- 0.036450 s
currentSize : 18 <-- 0.103117 s
currentSize : 19 <-- 0.146881 s
currentSize : 20 <-- 0.332816 s
currentSize : 21 <-- 0.483920 s
currentSize : 22 <-- 0.761120 s

maxsize : 22
nodes : 442149.000000
filtered : 11345976.000000
CCGP filtered : 9009849.000000
CCGT filtered : 5028135.000000
time : 4.131763
