Parameters: GAD=1 vflib=1 dir=0 label=0 lowerbound=1 fileNameGp=../graphsdb/mcs50/bvg/b03m/mcs50_b03m_s35.A37 fileNameGt=../graphsdb/mcs50/bvg/b03m/mcs50_b03m_s35.B37
Reading graphs...
35 :  51
35 :  51
Initializing...
maxdom : 35
D->valSize : 1225
Solving...
currentSize : 11 <-- 0.037237 s
currentSize : 14 <-- 0.037376 s
currentSize : 15 <-- 0.037663 s
currentSize : 16 <-- 0.037846 s
currentSize : 17 <-- 0.038486 s
currentSize : 18 <-- 0.039307 s
currentSize : 19 <-- 0.039566 s
currentSize : 20 <-- 0.040291 s
currentSize : 21 <-- 0.040469 s
currentSize : 22 <-- 0.041594 s
currentSize : 23 <-- 0.590675 s
currentSize : 24 <-- 1.424025 s
currentSize : 25 <-- 3.975927 s
currentSize : 26 <-- 11.140409 s

maxsize : 26
nodes : 4165709.000000
filtered : 123877329.000000
CCGP filtered : 57159447.000000
CCGT filtered : 45912879.000000
time : 43.109272
