Parameters: GAD=1 vflib=1 dir=0 label=0 lowerbound=1 fileNameGp=../graphsdb/mcs50/bvg/b06/mcs50_b06_s35.A59 fileNameGt=../graphsdb/mcs50/bvg/b06/mcs50_b06_s35.B59
Reading graphs...
35 :  103
35 :  102
Initializing...
maxdom : 35
D->valSize : 1225
Solving...
currentSize : 15 <-- 0.019606 s
currentSize : 16 <-- 0.019781 s
currentSize : 17 <-- 0.020571 s
currentSize : 18 <-- 0.033056 s
currentSize : 19 <-- 0.061986 s
currentSize : 20 <-- 1.680005 s
currentSize : 21 <-- 10.133773 s
currentSize : 22 <-- 10.665951 s
currentSize : 23 <-- 55.594769 s

maxsize : 23
nodes : 27163013.000000
filtered : 1022811840.000000
CCGP filtered : 39181461.000000
CCGT filtered : 43063681.000000
time : 306.708893
