Parameters: GAD=1 vflib=1 dir=0 label=0 lowerbound=1 fileNameGp=../graphsdb/mcs50/m4D/m4Dr4/mcs50_m4Dr4_s30.A42 fileNameGt=../graphsdb/mcs50/m4D/m4Dr4/mcs50_m4Dr4_s30.B42
Reading graphs...
30 :  67
30 :  66
Initializing...
maxdom : 30
D->valSize : 900
Solving...
currentSize : 13 <-- 0.014963 s
currentSize : 14 <-- 0.015054 s
currentSize : 15 <-- 0.015508 s
currentSize : 16 <-- 0.035044 s
currentSize : 17 <-- 0.147673 s
currentSize : 18 <-- 0.294963 s
currentSize : 19 <-- 2.011368 s
currentSize : 20 <-- 19.703684 s
currentSize : 21 <-- 23.818363 s

maxsize : 21
nodes : 5248982.000000
filtered : 128944009.000000
CCGP filtered : 13539542.000000
CCGT filtered : 14035288.000000
time : 45.790497
