Parameters: GAD=1 vflib=1 dir=0 label=0 lowerbound=1 fileNameGp=../graphsdb/mcs50/m4D/m4Dr2/mcs50_m4Dr2_s30.A92 fileNameGt=../graphsdb/mcs50/m4D/m4Dr2/mcs50_m4Dr2_s30.B92
Reading graphs...
30 :  59
30 :  61
Initializing...
maxdom : 30
D->valSize : 900
Solving...
currentSize : 11 <-- 0.010691 s
currentSize : 13 <-- 0.010747 s
currentSize : 14 <-- 0.012088 s
currentSize : 15 <-- 0.017840 s
currentSize : 16 <-- 0.024544 s
currentSize : 17 <-- 0.024595 s
currentSize : 18 <-- 0.035267 s
currentSize : 19 <-- 0.119805 s
currentSize : 20 <-- 1.234469 s

maxsize : 20
nodes : 3482256.000000
filtered : 81939621.000000
CCGP filtered : 22720287.000000
CCGT filtered : 17792883.000000
time : 30.719973
