Parameters: GAD=1 vflib=1 dir=0 label=0 lowerbound=1 fileNameGp=../graphsdb/mcs50/m4D/m4D/mcs50_m4D_s35.A02 fileNameGt=../graphsdb/mcs50/m4D/m4D/mcs50_m4D_s35.B02
Reading graphs...
35 :  63
35 :  63
Initializing...
maxdom : 35
D->valSize : 1225
Solving...
currentSize : 12 <-- 0.036213 s
currentSize : 15 <-- 0.036272 s
currentSize : 17 <-- 0.036412 s
currentSize : 18 <-- 0.085999 s
currentSize : 19 <-- 0.262893 s
currentSize : 20 <-- 1.414684 s
currentSize : 22 <-- 1.424020 s
currentSize : 23 <-- 2.005784 s
currentSize : 24 <-- 50.184959 s

maxsize : 24
nodes : 8698479.000000
filtered : 225360592.000000
CCGP filtered : 162365411.000000
CCGT filtered : 77842937.000000
time : 88.425407
