Parameters: GAD=1 vflib=1 dir=0 label=0 lowerbound=1 fileNameGp=../graphsdb/mcs50/m4D/m4Dr6/mcs50_m4Dr6_s35.A44 fileNameGt=../graphsdb/mcs50/m4D/m4Dr6/mcs50_m4Dr6_s35.B44
Reading graphs...
35 :  84
35 :  80
Initializing...
maxdom : 35
D->valSize : 1225
Solving...
currentSize : 8 <-- 0.034898 s
currentSize : 11 <-- 0.035100 s
currentSize : 13 <-- 0.035258 s
currentSize : 14 <-- 0.036685 s
currentSize : 15 <-- 0.037472 s
currentSize : 17 <-- 0.040045 s
currentSize : 18 <-- 0.042615 s
currentSize : 19 <-- 0.080360 s
currentSize : 20 <-- 0.326025 s
currentSize : 21 <-- 3.169741 s
currentSize : 22 <-- 78.452316 s

maxsize : 22
nodes : 50181059.000000
filtered : 1463240189.000000
CCGP filtered : 243934224.000000
CCGT filtered : 259921990.000000
time : 529.361206
