Parameters: GAD=1 vflib=1 dir=0 label=0 lowerbound=1 fileNameGp=../graphsdb/mcs70/bvg/b09/mcs70_b09_s30.A82 fileNameGt=../graphsdb/mcs70/bvg/b09/mcs70_b09_s30.B82
Reading graphs...
30 :  132
30 :  133
Initializing...
maxdom : 30
D->valSize : 900
Solving...
currentSize : 12 <-- 0.009618 s
currentSize : 13 <-- 0.009786 s
currentSize : 14 <-- 0.010350 s
currentSize : 15 <-- 0.035760 s
currentSize : 16 <-- 0.104890 s
currentSize : 17 <-- 0.147622 s
currentSize : 18 <-- 0.248400 s
currentSize : 19 <-- 0.248891 s
currentSize : 20 <-- 0.250506 s
currentSize : 21 <-- 0.251235 s

maxsize : 21
nodes : 440432.000000
filtered : 19224345.000000
CCGP filtered : 87855.000000
CCGT filtered : 23422.000000
time : 4.835775
