Parameters: GAD=1 vflib=1 dir=0 label=0 lowerbound=1 fileNameGp=../graphsdb/mcs70/m3D/m3Dr6/mcs70_m3Dr6_s35.A88 fileNameGt=../graphsdb/mcs70/m3D/m3Dr6/mcs70_m3Dr6_s35.B88
Reading graphs...
35 :  92
35 :  90
Initializing...
maxdom : 35
D->valSize : 1225
Solving...
currentSize : 15 <-- 0.020479 s
currentSize : 16 <-- 0.020635 s
currentSize : 17 <-- 0.020877 s
currentSize : 18 <-- 0.027986 s
currentSize : 19 <-- 0.041310 s
currentSize : 20 <-- 0.158331 s
currentSize : 21 <-- 121.893372 s
currentSize : 22 <-- 1010.211182 s
currentSize : 23 <-- 1010.212097 s
currentSize : 24 <-- 1050.523682 s
currentSize : 26 <-- 1050.526855 s
currentSize : 27 <-- 1050.527100 s

maxsize : 27
nodes : 112574740.000000
filtered : 2438836673.000000
CCGP filtered : 149441706.000000
CCGT filtered : 132175796.000000
time : 1056.894287
