Parameters: GAD=1 vflib=1 dir=0 label=0 lowerbound=1 fileNameGp=../graphsdb/mcs70/m3D/m3Dr6/mcs70_m3Dr6_s35.A44 fileNameGt=../graphsdb/mcs70/m3D/m3Dr6/mcs70_m3Dr6_s35.B44
Reading graphs...
35 :  89
35 :  86
Initializing...
maxdom : 35
D->valSize : 1225
Solving...
currentSize : 16 <-- 0.034824 s
currentSize : 17 <-- 0.036028 s
currentSize : 18 <-- 0.036533 s
currentSize : 19 <-- 0.052304 s
currentSize : 20 <-- 0.060346 s
currentSize : 21 <-- 0.070171 s
currentSize : 22 <-- 38.657902 s
currentSize : 23 <-- 611.091614 s
currentSize : 24 <-- 664.689148 s
currentSize : 27 <-- 707.105652 s

maxsize : 27
nodes : 68927344.000000
filtered : 2043311936.000000
CCGP filtered : 142036128.000000
CCGT filtered : 140755369.000000
time : 717.055542
