Parameters: GAD=1 vflib=1 dir=0 label=0 lowerbound=1 fileNameGp=../graphsdb/mcs70/m3D/m3Dr6/mcs70_m3Dr6_s35.A59 fileNameGt=../graphsdb/mcs70/m3D/m3Dr6/mcs70_m3Dr6_s35.B59
Reading graphs...
35 :  91
35 :  90
Initializing...
maxdom : 35
D->valSize : 1225
Solving...
currentSize : 15 <-- 0.019891 s
currentSize : 16 <-- 0.020006 s
currentSize : 17 <-- 0.020563 s
currentSize : 18 <-- 0.074213 s
currentSize : 19 <-- 0.241550 s
currentSize : 20 <-- 1.432416 s
currentSize : 21 <-- 5.127667 s
currentSize : 22 <-- 29.086557 s
currentSize : 23 <-- 31.637669 s
currentSize : 24 <-- 45.634178 s
currentSize : 25 <-- 169.555420 s
currentSize : 26 <-- 174.211273 s
currentSize : 27 <-- 174.211502 s

maxsize : 27
nodes : 15692915.000000
filtered : 599543548.000000
CCGP filtered : 22805637.000000
CCGT filtered : 18412486.000000
time : 177.662476
