Parameters: GAD=1 vflib=1 dir=0 label=0 lowerbound=1 fileNameGp=../graphsdb/mcs70/m3D/m3Dr6/mcs70_m3Dr6_s35.A26 fileNameGt=../graphsdb/mcs70/m3D/m3Dr6/mcs70_m3Dr6_s35.B26
Reading graphs...
35 :  91
35 :  89
Initializing...
maxdom : 35
D->valSize : 1225
Solving...
currentSize : 15 <-- 0.020088 s
currentSize : 16 <-- 0.020338 s
currentSize : 17 <-- 0.037834 s
currentSize : 18 <-- 0.121706 s
currentSize : 19 <-- 0.418362 s
currentSize : 20 <-- 2.700315 s
currentSize : 21 <-- 11.289787 s
currentSize : 22 <-- 357.953857 s
currentSize : 23 <-- 619.463257 s
currentSize : 27 <-- 619.482056 s

maxsize : 27
nodes : 64492555.000000
filtered : 1604387802.000000
CCGP filtered : 98683735.000000
CCGT filtered : 119334315.000000
time : 631.772461
