Parameters: GAD=1 vflib=1 dir=0 label=0 lowerbound=1 fileNameGp=../graphsdb/mcs70/rand/r005/mcs70_r005_s35.A76 fileNameGt=../graphsdb/mcs70/rand/r005/mcs70_r005_s35.B76
Reading graphs...
35 :  58
35 :  57
Initializing...
maxdom : 35
D->valSize : 1225
Solving...
currentSize : 10 <-- 0.020928 s
currentSize : 12 <-- 0.021033 s
currentSize : 14 <-- 0.021214 s
currentSize : 15 <-- 0.021703 s
currentSize : 16 <-- 0.022195 s
currentSize : 17 <-- 0.022216 s
currentSize : 18 <-- 0.022619 s
currentSize : 19 <-- 0.040789 s
currentSize : 20 <-- 0.043832 s
currentSize : 21 <-- 0.209871 s
currentSize : 22 <-- 0.525143 s
currentSize : 23 <-- 2.136834 s
currentSize : 24 <-- 11.254980 s
currentSize : 25 <-- 26.650032 s

maxsize : 25
nodes : 9018661.000000
filtered : 278408616.000000
CCGP filtered : 205815963.000000
CCGT filtered : 119803748.000000
time : 99.465294
