Parameters: GAD=1 vflib=1 dir=0 label=0 lowerbound=1 fileNameGp=../graphsdb/mcs70/m2D/m2Dr2/mcs70_m2Dr2_s35.A59 fileNameGt=../graphsdb/mcs70/m2D/m2Dr2/mcs70_m2Dr2_s35.B59
Reading graphs...
35 :  64
35 :  64
Initializing...
maxdom : 35
D->valSize : 1225
Solving...
currentSize : 17 <-- 0.020861 s
currentSize : 18 <-- 0.021105 s
currentSize : 19 <-- 0.021347 s
currentSize : 20 <-- 0.024490 s
currentSize : 21 <-- 0.029019 s
currentSize : 22 <-- 0.031145 s
currentSize : 23 <-- 4.383181 s
currentSize : 24 <-- 6.090149 s
currentSize : 25 <-- 284.884369 s
currentSize : 26 <-- 445.953033 s

maxsize : 26
nodes : 49450227.000000
filtered : 1413019475.000000
CCGP filtered : 304758122.000000
CCGT filtered : 205701659.000000
time : 488.913452
