Parameters: GAD=1 vflib=1 dir=0 label=0 lowerbound=1 fileNameGp=../graphsdb/mcs70/m3D/m3D/mcs70_m3D_s35.A41 fileNameGt=../graphsdb/mcs70/m3D/m3D/mcs70_m3D_s35.B41
Reading graphs...
35 :  72
35 :  72
Initializing...
maxdom : 35
D->valSize : 1225
Solving...
currentSize : 17 <-- 0.035811 s
currentSize : 18 <-- 0.035976 s
currentSize : 19 <-- 0.036898 s
currentSize : 21 <-- 0.038467 s
currentSize : 22 <-- 0.047345 s
currentSize : 23 <-- 0.069025 s
currentSize : 24 <-- 0.620237 s
currentSize : 25 <-- 6.594428 s
currentSize : 26 <-- 19.052748 s
currentSize : 27 <-- 25.541529 s
currentSize : 28 <-- 34.925793 s

maxsize : 28
nodes : 4035551.000000
filtered : 129886626.000000
CCGP filtered : 8050287.000000
CCGT filtered : 4487228.000000
time : 39.007626
