Parameters: GAD=1 vflib=1 dir=0 label=0 lowerbound=1 fileNameGp=../graphsdb/mcs70/bvg/b03/mcs70_b03_s35.A18 fileNameGt=../graphsdb/mcs70/bvg/b03/mcs70_b03_s35.B18
Reading graphs...
35 :  52
35 :  52
Initializing...
maxdom : 35
D->valSize : 1225
Solving...
currentSize : 14 <-- 0.021016 s
currentSize : 16 <-- 0.021067 s
currentSize : 17 <-- 0.021945 s
currentSize : 18 <-- 0.022003 s
currentSize : 19 <-- 0.022080 s
currentSize : 21 <-- 0.022310 s
currentSize : 22 <-- 0.023420 s
currentSize : 23 <-- 0.024249 s
currentSize : 24 <-- 0.056365 s
currentSize : 25 <-- 4.098541 s
currentSize : 26 <-- 9.729167 s
currentSize : 27 <-- 16.445126 s

maxsize : 27
nodes : 4315246.000000
filtered : 127879683.000000
CCGP filtered : 134390018.000000
CCGT filtered : 43639796.000000
time : 46.855869
