Parameters: GAD=1 vflib=1 dir=0 label=0 lowerbound=1 fileNameGp=../graphsdb/mcs70/m3D/m3Dr6/mcs70_m3Dr6_s35.A40 fileNameGt=../graphsdb/mcs70/m3D/m3Dr6/mcs70_m3Dr6_s35.B40
Reading graphs...
35 :  91
35 :  90
Initializing...
maxdom : 35
D->valSize : 1225
Solving...
currentSize : 15 <-- 0.034761 s
currentSize : 16 <-- 0.037629 s
currentSize : 17 <-- 0.037850 s
currentSize : 18 <-- 0.046892 s
currentSize : 19 <-- 0.073557 s
currentSize : 20 <-- 1.819946 s
currentSize : 21 <-- 70.379677 s
currentSize : 22 <-- 109.202789 s
currentSize : 23 <-- 144.577728 s
currentSize : 26 <-- 320.236786 s
currentSize : 27 <-- 320.246460 s

maxsize : 27
nodes : 33280298.000000
filtered : 934847033.000000
CCGP filtered : 33716154.000000
CCGT filtered : 27093958.000000
time : 331.701141
