Parameters: GAD=1 vflib=1 dir=0 label=0 lowerbound=1 fileNameGp=../graphsdb/mcs70/m3D/m3Dr4/mcs70_m3Dr4_s35.A65 fileNameGt=../graphsdb/mcs70/m3D/m3Dr4/mcs70_m3Dr4_s35.B65
Reading graphs...
35 :  83
35 :  80
Initializing...
maxdom : 35
D->valSize : 1225
Solving...
currentSize : 17 <-- 0.020144 s
currentSize : 18 <-- 0.020245 s
currentSize : 19 <-- 0.021211 s
currentSize : 20 <-- 0.339858 s
currentSize : 21 <-- 4.582258 s
currentSize : 22 <-- 49.380291 s
currentSize : 23 <-- 75.113785 s
currentSize : 24 <-- 91.122437 s
currentSize : 26 <-- 126.784622 s
currentSize : 27 <-- 159.448654 s

maxsize : 27
nodes : 17272271.000000
filtered : 499839638.000000
CCGP filtered : 30580803.000000
CCGT filtered : 30155498.000000
time : 170.948700
