Parameters: GAD=1 vflib=1 dir=0 label=0 lowerbound=1 fileNameGp=../graphsdb/mcs70/bvg/b06m/mcs70_b06m_s30.A72 fileNameGt=../graphsdb/mcs70/bvg/b06m/mcs70_b06m_s30.B72
Reading graphs...
30 :  86
30 :  87
Initializing...
maxdom : 30
D->valSize : 900
Solving...
currentSize : 11 <-- 0.017940 s
currentSize : 12 <-- 0.018060 s
currentSize : 13 <-- 0.018486 s
currentSize : 14 <-- 0.026030 s
currentSize : 15 <-- 0.082268 s
currentSize : 16 <-- 0.082877 s
currentSize : 17 <-- 0.591705 s
currentSize : 18 <-- 20.216778 s
currentSize : 21 <-- 38.348385 s

maxsize : 21
nodes : 5411327.000000
filtered : 134117336.000000
CCGP filtered : 11767142.000000
CCGT filtered : 5286145.000000
time : 48.382835
