Parameters: GAD=1 vflib=1 dir=0 label=0 lowerbound=1 fileNameGp=../graphsdb/mcs70/bvg/b03/mcs70_b03_s35.A02 fileNameGt=../graphsdb/mcs70/bvg/b03/mcs70_b03_s35.B02
Reading graphs...
35 :  52
35 :  52
Initializing...
maxdom : 35
D->valSize : 1225
Solving...
currentSize : 17 <-- 0.036810 s
currentSize : 20 <-- 0.036883 s
currentSize : 21 <-- 0.037327 s
currentSize : 22 <-- 0.040113 s
currentSize : 24 <-- 0.066263 s
currentSize : 25 <-- 0.185259 s
currentSize : 26 <-- 1.469920 s
currentSize : 27 <-- 2.768255 s
currentSize : 28 <-- 8.259869 s

maxsize : 28
nodes : 1281888.000000
filtered : 38626872.000000
CCGP filtered : 35130318.000000
CCGT filtered : 14518213.000000
time : 13.665394
