Parameters: GAD=1 vflib=1 dir=0 label=0 lowerbound=1 fileNameGp=../graphsdb/mcs70/bvg/b09m/mcs70_b09m_s30.A81 fileNameGt=../graphsdb/mcs70/bvg/b09m/mcs70_b09m_s30.B81
Reading graphs...
30 :  131
30 :  128
Initializing...
maxdom : 30
D->valSize : 900
Solving...
currentSize : 8 <-- 0.016546 s
currentSize : 10 <-- 0.016875 s
currentSize : 11 <-- 0.016945 s
currentSize : 12 <-- 0.020274 s
currentSize : 13 <-- 0.031394 s
currentSize : 14 <-- 0.033379 s
currentSize : 15 <-- 2.110566 s
currentSize : 16 <-- 29.437260 s
currentSize : 17 <-- 30.867254 s
currentSize : 18 <-- 31.793655 s
currentSize : 19 <-- 51.182503 s
currentSize : 20 <-- 51.190361 s
currentSize : 21 <-- 53.439690 s

maxsize : 21
nodes : 5848049.000000
filtered : 123151473.000000
CCGP filtered : 1257667.000000
CCGT filtered : 1082889.000000
time : 55.474560
