Parameters: GAD=1 vflib=1 dir=0 label=0 lowerbound=1 fileNameGp=../graphsdb/mcs70/bvg/b06m/mcs70_b06m_s30.A87 fileNameGt=../graphsdb/mcs70/bvg/b06m/mcs70_b06m_s30.B87
Reading graphs...
30 :  88
30 :  88
Initializing...
maxdom : 30
D->valSize : 900
Solving...
currentSize : 11 <-- 0.017868 s
currentSize : 13 <-- 0.017986 s
currentSize : 14 <-- 0.019436 s
currentSize : 15 <-- 0.029732 s
currentSize : 16 <-- 0.224707 s
currentSize : 17 <-- 3.306081 s
currentSize : 18 <-- 26.801228 s
currentSize : 20 <-- 76.277931 s
currentSize : 21 <-- 76.278168 s

maxsize : 21
nodes : 9738121.000000
filtered : 214584428.000000
CCGP filtered : 8802017.000000
CCGT filtered : 12289452.000000
time : 87.004112
