Parameters: GAD=1 vflib=1 dir=0 label=0 lowerbound=1 fileNameGp=../graphsdb/mcs70/m3D/m3Dr4/mcs70_m3Dr4_s35.A26 fileNameGt=../graphsdb/mcs70/m3D/m3Dr4/mcs70_m3Dr4_s35.B26
Reading graphs...
35 :  85
35 :  85
Initializing...
maxdom : 35
D->valSize : 1225
Solving...
currentSize : 15 <-- 0.027154 s
currentSize : 16 <-- 0.028383 s
currentSize : 17 <-- 0.028698 s
currentSize : 18 <-- 0.066674 s
currentSize : 19 <-- 0.071811 s
currentSize : 20 <-- 1.738386 s
currentSize : 21 <-- 5.696210 s
currentSize : 22 <-- 114.892159 s
currentSize : 23 <-- 140.030258 s
currentSize : 24 <-- 140.030380 s
currentSize : 27 <-- 264.192169 s

maxsize : 27
nodes : 27657456.000000
filtered : 730086461.000000
CCGP filtered : 41219659.000000
CCGT filtered : 41734344.000000
time : 279.423401
