Parameters: GAD=1 vflib=1 dir=0 label=0 lowerbound=1 fileNameGp=../graphsdb/mcs70/rand/r005/mcs70_r005_s35.A37 fileNameGt=../graphsdb/mcs70/rand/r005/mcs70_r005_s35.B37
Reading graphs...
35 :  56
35 :  57
Initializing...
maxdom : 35
D->valSize : 1225
Solving...
currentSize : 15 <-- 0.036629 s
currentSize : 17 <-- 0.036835 s
currentSize : 18 <-- 0.049003 s
currentSize : 19 <-- 0.049212 s
currentSize : 20 <-- 0.050445 s
currentSize : 21 <-- 0.160248 s
currentSize : 23 <-- 0.160317 s
currentSize : 24 <-- 0.661863 s
currentSize : 25 <-- 27.544226 s

maxsize : 25
nodes : 4675380.000000
filtered : 115587594.000000
CCGP filtered : 58026846.000000
CCGT filtered : 35245336.000000
time : 45.021873
