Parameters: GAD=1 vflib=1 dir=0 label=0 lowerbound=1 fileNameGp=../graphsdb/mcs70/m2D/m2Dr2/mcs70_m2Dr2_s35.A89 fileNameGt=../graphsdb/mcs70/m2D/m2Dr2/mcs70_m2Dr2_s35.B89
Reading graphs...
35 :  63
35 :  64
Initializing...
maxdom : 35
D->valSize : 1225
Solving...
currentSize : 15 <-- 0.021178 s
currentSize : 16 <-- 0.021400 s
currentSize : 17 <-- 0.021586 s
currentSize : 18 <-- 0.024529 s
currentSize : 19 <-- 0.029022 s
currentSize : 20 <-- 0.031217 s
currentSize : 21 <-- 0.048732 s
currentSize : 22 <-- 0.063426 s
currentSize : 23 <-- 1.807235 s
currentSize : 24 <-- 11.268320 s
currentSize : 25 <-- 157.288361 s
currentSize : 26 <-- 234.888214 s

maxsize : 26
nodes : 31229350.000000
filtered : 863832361.000000
CCGP filtered : 206281762.000000
CCGT filtered : 80670754.000000
time : 294.872864
