Parameters: GAD=1 vflib=1 dir=0 label=0 lowerbound=1 fileNameGp=../graphsdb/mcs70/bvg/b06/mcs70_b06_s30.A40 fileNameGt=../graphsdb/mcs70/bvg/b06/mcs70_b06_s30.B40
Reading graphs...
30 :  89
30 :  90
Initializing...
maxdom : 30
D->valSize : 900
Solving...
currentSize : 10 <-- 0.010171 s
currentSize : 13 <-- 0.010237 s
currentSize : 14 <-- 0.010642 s
currentSize : 15 <-- 0.011259 s
currentSize : 16 <-- 0.011299 s
currentSize : 17 <-- 0.016487 s
currentSize : 18 <-- 0.059293 s
currentSize : 19 <-- 0.067815 s
currentSize : 21 <-- 0.134933 s
currentSize : 22 <-- 0.145737 s
currentSize : 23 <-- 2.623139 s

maxsize : 23
nodes : 336133.000000
filtered : 12661384.000000
CCGP filtered : 309342.000000
CCGT filtered : 303216.000000
time : 3.396059
