Parameters: GAD=1 vflib=1 dir=0 label=0 lowerbound=1 fileNameGp=../graphsdb/mcs70/rand/r01/mcs70_r01_s30.A36 fileNameGt=../graphsdb/mcs70/rand/r01/mcs70_r01_s30.B36
Reading graphs...
30 :  81
30 :  80
Initializing...
maxdom : 30
D->valSize : 900
Solving...
currentSize : 13 <-- 0.010502 s
currentSize : 14 <-- 0.011042 s
currentSize : 15 <-- 0.013141 s
currentSize : 16 <-- 0.015731 s
currentSize : 17 <-- 0.133970 s
currentSize : 18 <-- 1.257171 s
currentSize : 19 <-- 10.934470 s
currentSize : 20 <-- 29.453484 s
currentSize : 21 <-- 31.675159 s

maxsize : 21
nodes : 3809456.000000
filtered : 104867863.000000
CCGP filtered : 8616184.000000
CCGT filtered : 12757188.000000
time : 35.396538
