Parameters: GAD=1 vflib=1 dir=0 label=0 lowerbound=1 fileNameGp=../graphsdb/mcs70/rand/r02/mcs70_r02_s35.A24 fileNameGt=../graphsdb/mcs70/rand/r02/mcs70_r02_s35.B24
Reading graphs...
35 :  211
35 :  207
Initializing...
maxdom : 35
D->valSize : 1225
Solving...
currentSize : 11 <-- 0.017663 s
currentSize : 12 <-- 0.019086 s
currentSize : 13 <-- 0.021686 s
currentSize : 14 <-- 0.435547 s
currentSize : 15 <-- 20.313637 s
currentSize : 16 <-- 98.575935 s
currentSize : 18 <-- 98.576187 s
currentSize : 19 <-- 668.856750 s
currentSize : 24 <-- 773.964844 s

maxsize : 24
nodes : 66834834.000000
filtered : 1279209772.000000
CCGP filtered : 341251.000000
CCGT filtered : 1165966.000000
time : 795.886780
