Parameters: GAD=1 vflib=1 dir=0 label=0 lowerbound=1 fileNameGp=../graphsdb/mcs70/rand/r005/mcs70_r005_s35.A66 fileNameGt=../graphsdb/mcs70/rand/r005/mcs70_r005_s35.B66
Reading graphs...
35 :  58
35 :  57
Initializing...
maxdom : 35
D->valSize : 1225
Solving...
currentSize : 16 <-- 0.020819 s
currentSize : 17 <-- 0.020973 s
currentSize : 18 <-- 0.021196 s
currentSize : 19 <-- 0.021777 s
currentSize : 20 <-- 0.025075 s
currentSize : 21 <-- 0.037430 s
currentSize : 22 <-- 0.071791 s
currentSize : 23 <-- 0.453791 s
currentSize : 24 <-- 2.988929 s
currentSize : 25 <-- 31.283203 s

maxsize : 25
nodes : 14943985.000000
filtered : 478193522.000000
CCGP filtered : 327836937.000000
CCGT filtered : 130418386.000000
time : 163.018860
