Parameters: GAD=1 vflib=1 dir=0 label=0 lowerbound=1 fileNameGp=../graphsdb/mcs70/m4D/m4D/mcs70_m4D_s25.A73 fileNameGt=../graphsdb/mcs70/m4D/m4D/mcs70_m4D_s25.B73
Reading graphs...
25 :  47
25 :  46
Initializing...
maxdom : 25
D->valSize : 625
Solving...
currentSize : 7 <-- 0.009033 s
currentSize : 8 <-- 0.009336 s
currentSize : 11 <-- 0.009873 s
currentSize : 13 <-- 0.013507 s
currentSize : 14 <-- 0.016821 s
currentSize : 15 <-- 0.040696 s
currentSize : 16 <-- 0.044479 s
currentSize : 17 <-- 0.046005 s
currentSize : 18 <-- 0.122252 s
currentSize : 19 <-- 0.168368 s

maxsize : 19
nodes : 26926.000000
filtered : 720764.000000
CCGP filtered : 431272.000000
CCGT filtered : 108810.000000
time : 0.339457
