Parameters: GAD=1 vflib=1 dir=0 label=0 lowerbound=1 fileNameGp=../graphsdb/mcs70/rand/r01/mcs70_r01_s35.A46 fileNameGt=../graphsdb/mcs70/rand/r01/mcs70_r01_s35.B46
Reading graphs...
35 :  115
35 :  111
Initializing...
maxdom : 35
D->valSize : 1225
Solving...
currentSize : 13 <-- 0.019362 s
currentSize : 14 <-- 0.019429 s
currentSize : 15 <-- 0.019511 s
currentSize : 16 <-- 0.020994 s
currentSize : 17 <-- 0.023930 s
currentSize : 18 <-- 0.039613 s
currentSize : 19 <-- 0.697334 s
currentSize : 20 <-- 5.090254 s
currentSize : 22 <-- 322.134216 s
currentSize : 24 <-- 322.134369 s

maxsize : 24
nodes : 40128404.000000
filtered : 1128088940.000000
CCGP filtered : 22536877.000000
CCGT filtered : 25529187.000000
time : 409.921387
