Parameters: GAD=1 vflib=1 dir=0 label=0 lowerbound=1 fileNameGp=../graphsdb/mcs70/m3D/m3Dr6/mcs70_m3Dr6_s35.A81 fileNameGt=../graphsdb/mcs70/m3D/m3Dr6/mcs70_m3Dr6_s35.B81
Reading graphs...
35 :  91
35 :  91
Initializing...
maxdom : 35
D->valSize : 1225
Solving...
currentSize : 17 <-- 0.020076 s
currentSize : 18 <-- 0.020260 s
currentSize : 19 <-- 0.028407 s
currentSize : 20 <-- 0.074437 s
currentSize : 21 <-- 0.117284 s
currentSize : 22 <-- 124.255699 s
currentSize : 23 <-- 314.001160 s
currentSize : 25 <-- 317.171112 s
currentSize : 27 <-- 317.177612 s

maxsize : 27
nodes : 33445862.000000
filtered : 853112032.000000
CCGP filtered : 64437536.000000
CCGT filtered : 45483829.000000
time : 330.287933
