Parameters: GAD=1 vflib=1 dir=0 label=0 lowerbound=1 fileNameGp=../graphsdb/mcs70/bvg/b09/mcs70_b09_s30.A22 fileNameGt=../graphsdb/mcs70/bvg/b09/mcs70_b09_s30.B22
Reading graphs...
30 :  132
30 :  130
Initializing...
maxdom : 30
D->valSize : 900
Solving...
currentSize : 9 <-- 0.009763 s
currentSize : 10 <-- 0.009909 s
currentSize : 11 <-- 0.010452 s
currentSize : 12 <-- 0.012142 s
currentSize : 13 <-- 0.017773 s
currentSize : 14 <-- 0.029812 s
currentSize : 15 <-- 0.080848 s
currentSize : 16 <-- 0.080926 s
currentSize : 18 <-- 0.376790 s
currentSize : 20 <-- 0.482678 s
currentSize : 21 <-- 1.283188 s

maxsize : 21
nodes : 890594.000000
filtered : 29150361.000000
CCGP filtered : 85896.000000
CCGT filtered : 65826.000000
time : 9.286816
