Parameters: GAD=1 vflib=1 dir=0 label=0 lowerbound=1 fileNameGp=../graphsdb/mcs70/rand/r01/mcs70_r01_s35.A74 fileNameGt=../graphsdb/mcs70/rand/r01/mcs70_r01_s35.B74
Reading graphs...
35 :  116
35 :  113
Initializing...
maxdom : 35
D->valSize : 1225
Solving...
currentSize : 13 <-- 0.018955 s
currentSize : 14 <-- 0.019142 s
currentSize : 15 <-- 0.020447 s
currentSize : 16 <-- 0.027155 s
currentSize : 17 <-- 0.034874 s
currentSize : 18 <-- 0.461471 s
currentSize : 19 <-- 11.382324 s
currentSize : 20 <-- 262.545410 s
currentSize : 21 <-- 400.417633 s
currentSize : 22 <-- 749.257324 s
currentSize : 24 <-- 762.725464 s

maxsize : 24
nodes : 82251803.000000
filtered : 2151172059.000000
CCGP filtered : 49558609.000000
CCGT filtered : 50195131.000000
time : 847.194153
