Parameters: GAD=1 vflib=1 dir=0 label=0 lowerbound=1 fileNameGp=../graphsdb/mcs70/rand/r005/mcs70_r005_s35.A07 fileNameGt=../graphsdb/mcs70/rand/r005/mcs70_r005_s35.B07
Reading graphs...
35 :  57
35 :  56
Initializing...
maxdom : 35
D->valSize : 1225
Solving...
currentSize : 10 <-- 0.020755 s
currentSize : 11 <-- 0.020876 s
currentSize : 20 <-- 0.021332 s
currentSize : 21 <-- 0.021528 s
currentSize : 22 <-- 0.022463 s
currentSize : 23 <-- 0.055966 s
currentSize : 24 <-- 0.143202 s
currentSize : 25 <-- 0.656440 s
currentSize : 26 <-- 33.309772 s

maxsize : 26
nodes : 6132403.000000
filtered : 194634131.000000
CCGP filtered : 67602057.000000
CCGT filtered : 63560668.000000
time : 66.135803
