Parameters: GAD=1 vflib=1 dir=0 label=0 lowerbound=1 fileNameGp=../graphsdb/mcs70/m4D/m4D/mcs70_m4D_s25.A83 fileNameGt=../graphsdb/mcs70/m4D/m4D/mcs70_m4D_s25.B83
Reading graphs...
25 :  46
25 :  47
Initializing...
maxdom : 25
D->valSize : 625
Solving...
currentSize : 6 <-- 0.005178 s
currentSize : 8 <-- 0.005283 s
currentSize : 10 <-- 0.005338 s
currentSize : 11 <-- 0.005371 s
currentSize : 12 <-- 0.005621 s
currentSize : 13 <-- 0.006316 s
currentSize : 14 <-- 0.007233 s
currentSize : 16 <-- 0.007366 s
currentSize : 17 <-- 0.016396 s
currentSize : 18 <-- 0.020387 s
currentSize : 19 <-- 0.152993 s

maxsize : 19
nodes : 53764.000000
filtered : 1601625.000000
CCGP filtered : 690518.000000
CCGT filtered : 348227.000000
time : 0.433637
