Parameters: GAD=1 vflib=1 dir=0 label=0 lowerbound=1 fileNameGp=../graphsdb/mcs70/m2D/m2D/mcs70_m2D_s35.A41 fileNameGt=../graphsdb/mcs70/m2D/m2D/mcs70_m2D_s35.B41
Reading graphs...
35 :  58
35 :  58
Initializing...
maxdom : 35
D->valSize : 1225
Solving...
currentSize : 14 <-- 0.021688 s
currentSize : 17 <-- 0.021755 s
currentSize : 18 <-- 0.023792 s
currentSize : 20 <-- 0.029269 s
currentSize : 21 <-- 0.151446 s
currentSize : 22 <-- 1.203308 s
currentSize : 23 <-- 1.726426 s
currentSize : 24 <-- 2.032527 s
currentSize : 25 <-- 2.126387 s
currentSize : 26 <-- 3.649757 s
currentSize : 27 <-- 9.464445 s
currentSize : 28 <-- 9.592392 s

maxsize : 28
nodes : 1227143.000000
filtered : 38178487.000000
CCGP filtered : 8993065.000000
CCGT filtered : 7698982.000000
time : 13.010024
