Parameters: GAD=1 vflib=1 dir=0 label=0 lowerbound=1 fileNameGp=../graphsdb/mcs70/bvg/b06/mcs70_b06_s35.A64 fileNameGt=../graphsdb/mcs70/bvg/b06/mcs70_b06_s35.B64
Reading graphs...
35 :  103
35 :  103
Initializing...
maxdom : 35
D->valSize : 1225
Solving...
currentSize : 11 <-- 0.019574 s
currentSize : 13 <-- 0.019636 s
currentSize : 14 <-- 0.020501 s
currentSize : 15 <-- 0.021478 s
currentSize : 16 <-- 0.024054 s
currentSize : 17 <-- 0.027888 s
currentSize : 18 <-- 0.031455 s
currentSize : 19 <-- 0.140801 s
currentSize : 21 <-- 0.257197 s
currentSize : 22 <-- 0.257285 s
currentSize : 24 <-- 2.463930 s
currentSize : 25 <-- 3.496928 s

maxsize : 25
nodes : 5915214.000000
filtered : 245337424.000000
CCGP filtered : 16146363.000000
CCGT filtered : 9325266.000000
time : 67.255440
