Parameters: GAD=1 vflib=1 dir=0 label=0 lowerbound=1 fileNameGp=../graphsdb/mcs70/m3D/m3Dr2/mcs70_m3Dr2_s35.A88 fileNameGt=../graphsdb/mcs70/m3D/m3Dr2/mcs70_m3Dr2_s35.B88
Reading graphs...
35 :  79
35 :  77
Initializing...
maxdom : 35
D->valSize : 1225
Solving...
currentSize : 17 <-- 0.020226 s
currentSize : 18 <-- 0.020321 s
currentSize : 19 <-- 0.044508 s
currentSize : 20 <-- 0.061412 s
currentSize : 21 <-- 0.249705 s
currentSize : 22 <-- 0.591215 s
currentSize : 23 <-- 62.534637 s
currentSize : 24 <-- 122.498840 s
currentSize : 25 <-- 203.521973 s
currentSize : 27 <-- 204.163361 s

maxsize : 27
nodes : 22297342.000000
filtered : 590106991.000000
CCGP filtered : 35500702.000000
CCGT filtered : 34492208.000000
time : 217.035477
