Parameters: GAD=1 vflib=1 dir=0 label=0 lowerbound=1 fileNameGp=../graphsdb/mcs70/m3D/m3D/mcs70_m3D_s35.A90 fileNameGt=../graphsdb/mcs70/m3D/m3D/mcs70_m3D_s35.B90
Reading graphs...
35 :  71
35 :  72
Initializing...
maxdom : 35
D->valSize : 1225
Solving...
currentSize : 18 <-- 0.035687 s
currentSize : 19 <-- 0.035855 s
currentSize : 20 <-- 0.051799 s
currentSize : 21 <-- 0.167133 s
currentSize : 22 <-- 0.205014 s
currentSize : 24 <-- 4.648302 s
currentSize : 25 <-- 57.831944 s
currentSize : 26 <-- 58.133293 s
currentSize : 27 <-- 58.666122 s
currentSize : 29 <-- 74.094719 s

maxsize : 29
nodes : 7810373.000000
filtered : 222908866.000000
CCGP filtered : 33135934.000000
CCGT filtered : 11152673.000000
time : 75.534882
