Parameters: GAD=1 vflib=1 dir=0 label=0 lowerbound=1 fileNameGp=../graphsdb/mcs70/bvg/b06m/mcs70_b06m_s35.A94 fileNameGt=../graphsdb/mcs70/bvg/b06m/mcs70_b06m_s35.B94
Reading graphs...
35 :  104
35 :  104
Initializing...
maxdom : 35
D->valSize : 1225
Solving...
currentSize : 10 <-- 0.019073 s
currentSize : 11 <-- 0.019124 s
currentSize : 14 <-- 0.019156 s
currentSize : 15 <-- 0.019758 s
currentSize : 16 <-- 0.026623 s
currentSize : 17 <-- 0.026705 s
currentSize : 18 <-- 0.123203 s
currentSize : 19 <-- 0.727914 s
currentSize : 20 <-- 24.963755 s
currentSize : 21 <-- 44.899693 s
currentSize : 22 <-- 208.824417 s
currentSize : 23 <-- 549.276611 s
currentSize : 25 <-- 549.277283 s

maxsize : 25
nodes : 52826921.000000
filtered : 1737943355.000000
CCGP filtered : 109381626.000000
CCGT filtered : 55792002.000000
time : 564.811279
