Parameters: GAD=1 vflib=1 dir=0 label=0 lowerbound=1 fileNameGp=../graphsdb/mcs70/rand/r01/mcs70_r01_s30.A95 fileNameGt=../graphsdb/mcs70/rand/r01/mcs70_r01_s30.B95
Reading graphs...
30 :  82
30 :  85
Initializing...
maxdom : 30
D->valSize : 900
Solving...
currentSize : 11 <-- 0.017863 s
currentSize : 12 <-- 0.018043 s
currentSize : 13 <-- 0.018842 s
currentSize : 14 <-- 0.019370 s
currentSize : 15 <-- 0.021143 s
currentSize : 16 <-- 0.179790 s
currentSize : 17 <-- 0.417012 s
currentSize : 18 <-- 0.747152 s
currentSize : 19 <-- 3.281715 s
currentSize : 21 <-- 3.287391 s

maxsize : 21
nodes : 1169933.000000
filtered : 36702099.000000
CCGP filtered : 1263542.000000
CCGT filtered : 972205.000000
time : 11.095567
