Parameters: GAD=1 vflib=1 dir=0 label=0 lowerbound=1 fileNameGp=../graphsdb/mcs70/rand/r01/mcs70_r01_s35.A07 fileNameGt=../graphsdb/mcs70/rand/r01/mcs70_r01_s35.B07
Reading graphs...
35 :  114
35 :  111
Initializing...
maxdom : 35
D->valSize : 1225
Solving...
currentSize : 13 <-- 0.019036 s
currentSize : 14 <-- 0.019435 s
currentSize : 15 <-- 0.019759 s
currentSize : 16 <-- 0.020453 s
currentSize : 17 <-- 0.026450 s
currentSize : 18 <-- 0.923810 s
currentSize : 19 <-- 11.061874 s
currentSize : 20 <-- 70.118095 s
currentSize : 21 <-- 125.659988 s
currentSize : 24 <-- 471.862762 s

maxsize : 24
nodes : 51192497.000000
filtered : 1475718659.000000
CCGP filtered : 43078670.000000
CCGT filtered : 23612098.000000
time : 531.627563
