Parameters: GAD=1 vflib=1 dir=0 label=0 lowerbound=1 fileNameGp=../graphsdb/mcs70/m3D/m3Dr2/mcs70_m3Dr2_s35.A86 fileNameGt=../graphsdb/mcs70/m3D/m3Dr2/mcs70_m3Dr2_s35.B86
Reading graphs...
35 :  79
35 :  78
Initializing...
maxdom : 35
D->valSize : 1225
Solving...
currentSize : 15 <-- 0.035524 s
currentSize : 16 <-- 0.035569 s
currentSize : 18 <-- 0.035720 s
currentSize : 19 <-- 0.035927 s
currentSize : 20 <-- 0.036118 s
currentSize : 21 <-- 1.759082 s
currentSize : 22 <-- 29.358095 s
currentSize : 23 <-- 38.827473 s
currentSize : 24 <-- 38.827747 s
currentSize : 25 <-- 230.498505 s
currentSize : 27 <-- 230.498718 s

maxsize : 27
nodes : 26563871.000000
filtered : 755595376.000000
CCGP filtered : 27961447.000000
CCGT filtered : 36738610.000000
time : 260.996765
