Parameters: GAD=1 vflib=1 dir=0 label=0 lowerbound=1 fileNameGp=../graphsdb/mcs70/rand/r01/mcs70_r01_s35.A15 fileNameGt=../graphsdb/mcs70/rand/r01/mcs70_r01_s35.B15
Reading graphs...
35 :  111
35 :  115
Initializing...
maxdom : 35
D->valSize : 1225
Solving...
currentSize : 14 <-- 0.033435 s
currentSize : 16 <-- 0.036286 s
currentSize : 17 <-- 0.046649 s
currentSize : 18 <-- 0.314613 s
currentSize : 19 <-- 3.527512 s
currentSize : 20 <-- 93.675354 s
currentSize : 21 <-- 787.583252 s
currentSize : 22 <-- 798.888916 s
currentSize : 23 <-- 798.888977 s
currentSize : 24 <-- 989.324524 s

maxsize : 24
nodes : 96341728.000000
filtered : 2635798421.000000
CCGP filtered : 71718762.000000
CCGT filtered : 76997919.000000
time : 1027.642944
