Parameters: GAD=1 vflib=1 dir=0 label=0 lowerbound=1 fileNameGp=../graphsdb/mcs70/m3D/m3D/mcs70_m3D_s35.A18 fileNameGt=../graphsdb/mcs70/m3D/m3D/mcs70_m3D_s35.B18
Reading graphs...
35 :  72
35 :  72
Initializing...
maxdom : 35
D->valSize : 1225
Solving...
currentSize : 16 <-- 0.020873 s
currentSize : 17 <-- 0.020953 s
currentSize : 18 <-- 0.021042 s
currentSize : 19 <-- 0.023286 s
currentSize : 20 <-- 0.032106 s
currentSize : 22 <-- 0.033343 s
currentSize : 23 <-- 5.576034 s
currentSize : 24 <-- 42.645061 s
currentSize : 25 <-- 56.922112 s
currentSize : 27 <-- 57.366318 s
currentSize : 28 <-- 57.414658 s

maxsize : 28
nodes : 7541036.000000
filtered : 200504014.000000
CCGP filtered : 22868546.000000
CCGT filtered : 15147375.000000
time : 71.646500
