Parameters: GAD=1 vflib=1 dir=0 label=0 lowerbound=1 fileNameGp=../graphsdb/mcs70/m3D/m3Dr2/mcs70_m3Dr2_s35.A65 fileNameGt=../graphsdb/mcs70/m3D/m3Dr2/mcs70_m3Dr2_s35.B65
Reading graphs...
35 :  76
35 :  78
Initializing...
maxdom : 35
D->valSize : 1225
Solving...
currentSize : 17 <-- 0.020679 s
currentSize : 18 <-- 0.020836 s
currentSize : 19 <-- 0.029119 s
currentSize : 20 <-- 0.193158 s
currentSize : 21 <-- 9.748779 s
currentSize : 22 <-- 21.355383 s
currentSize : 23 <-- 111.267227 s
currentSize : 24 <-- 119.758652 s
currentSize : 25 <-- 121.849419 s
currentSize : 26 <-- 123.657547 s
currentSize : 27 <-- 123.661469 s

maxsize : 27
nodes : 15504737.000000
filtered : 378889974.000000
CCGP filtered : 37694975.000000
CCGT filtered : 19326226.000000
time : 148.891708
