Parameters: GAD=1 vflib=1 dir=0 label=0 lowerbound=1 fileNameGp=../graphsdb/mcs70/bvg/b09/mcs70_b09_s35.A61 fileNameGt=../graphsdb/mcs70/bvg/b09/mcs70_b09_s35.B61
Reading graphs...
35 :  154
35 :  157
Initializing...
maxdom : 35
D->valSize : 1225
Solving...
currentSize : 12 <-- 0.018010 s
currentSize : 13 <-- 0.018634 s
currentSize : 14 <-- 0.076427 s
currentSize : 15 <-- 0.385864 s
currentSize : 16 <-- 0.684245 s
currentSize : 17 <-- 6.677468 s
currentSize : 18 <-- 8.409801 s
currentSize : 21 <-- 8.540357 s
currentSize : 22 <-- 8.541174 s
currentSize : 24 <-- 8.541374 s
currentSize : 25 <-- 13.740779 s

maxsize : 25
nodes : 2785260.000000
filtered : 100622789.000000
CCGP filtered : 1026495.000000
CCGT filtered : 711900.000000
time : 33.063232
