Parameters: GAD=1 vflib=1 dir=0 label=0 lowerbound=1 fileNameGp=../graphsdb/mcs70/m3D/m3Dr6/mcs70_m3Dr6_s35.A20 fileNameGt=../graphsdb/mcs70/m3D/m3Dr6/mcs70_m3Dr6_s35.B20
Reading graphs...
35 :  91
35 :  87
Initializing...
maxdom : 35
D->valSize : 1225
Solving...
currentSize : 14 <-- 0.034595 s
currentSize : 16 <-- 0.034793 s
currentSize : 17 <-- 0.035636 s
currentSize : 18 <-- 0.038713 s
currentSize : 19 <-- 0.052803 s
currentSize : 20 <-- 0.269403 s
currentSize : 21 <-- 9.138528 s
currentSize : 22 <-- 74.232941 s
currentSize : 27 <-- 1236.752441 s

maxsize : 27
nodes : 133682659.000000
filtered : 3318394499.000000
CCGP filtered : 144100507.000000
CCGT filtered : 107451363.000000
time : 1249.261353
