Parameters: GAD=1 vflib=1 dir=0 label=0 lowerbound=1 fileNameGp=../graphsdb/mcs70/m2D/m2Dr6/m2Dr6/mcs70_m2Dr6_s35.A35 fileNameGt=../graphsdb/mcs70/m2D/m2Dr6/m2Dr6/mcs70_m2Dr6_s35.B35
Reading graphs...
35 :  79
35 :  78
Initializing...
maxdom : 35
D->valSize : 1225
Solving...
currentSize : 14 <-- 0.035439 s
currentSize : 15 <-- 0.035564 s
currentSize : 16 <-- 0.035699 s
currentSize : 17 <-- 0.038478 s
currentSize : 18 <-- 0.046254 s
currentSize : 19 <-- 0.064196 s
currentSize : 20 <-- 0.199048 s
currentSize : 21 <-- 0.221711 s
currentSize : 22 <-- 45.230022 s
currentSize : 23 <-- 88.406578 s
currentSize : 25 <-- 100.986862 s

maxsize : 25
nodes : 18384225.000000
filtered : 609367043.000000
CCGP filtered : 71161854.000000
CCGT filtered : 70171403.000000
time : 195.586395
