Parameters: GAD=1 vflib=1 dir=0 label=0 lowerbound=1 fileNameGp=../graphsdb/mcs70/rand/r02/mcs70_r02_s35.A15 fileNameGt=../graphsdb/mcs70/rand/r02/mcs70_r02_s35.B15
Reading graphs...
35 :  218
35 :  221
Initializing...
maxdom : 35
D->valSize : 1225
Solving...
currentSize : 11 <-- 0.017580 s
currentSize : 12 <-- 0.017672 s
currentSize : 13 <-- 0.141340 s
currentSize : 14 <-- 2.709810 s
currentSize : 15 <-- 57.307091 s
currentSize : 16 <-- 194.681366 s
currentSize : 17 <-- 428.299042 s
currentSize : 19 <-- 428.421326 s
currentSize : 24 <-- 428.427917 s

maxsize : 24
nodes : 40766020.000000
filtered : 629432450.000000
CCGP filtered : 470830.000000
CCGT filtered : 677075.000000
time : 469.934387
