Parameters: GAD=1 vflib=1 dir=0 label=0 lowerbound=1 fileNameGp=../graphsdb/mcs70/bvg/b06/mcs70_b06_s30.A67 fileNameGt=../graphsdb/mcs70/bvg/b06/mcs70_b06_s30.B67
Reading graphs...
30 :  90
30 :  89
Initializing...
maxdom : 30
D->valSize : 900
Solving...
currentSize : 14 <-- 0.010149 s
currentSize : 15 <-- 0.010235 s
currentSize : 16 <-- 0.010461 s
currentSize : 17 <-- 0.011070 s
currentSize : 18 <-- 0.012287 s
currentSize : 19 <-- 0.017499 s
currentSize : 20 <-- 0.022754 s
currentSize : 21 <-- 0.027730 s
currentSize : 22 <-- 0.060954 s
currentSize : 23 <-- 0.278476 s

maxsize : 23
nodes : 154050.000000
filtered : 6549840.000000
CCGP filtered : 191196.000000
CCGT filtered : 30964.000000
time : 1.538072
