Parameters: GAD=1 vflib=1 dir=0 label=0 lowerbound=1 fileNameGp=../graphsdb/mcs70/bvg/b06/mcs70_b06_s35.A81 fileNameGt=../graphsdb/mcs70/bvg/b06/mcs70_b06_s35.B81
Reading graphs...
35 :  104
35 :  104
Initializing...
maxdom : 35
D->valSize : 1225
Solving...
currentSize : 15 <-- 0.034094 s
currentSize : 16 <-- 0.034371 s
currentSize : 17 <-- 0.035946 s
currentSize : 18 <-- 0.057781 s
currentSize : 19 <-- 1.719100 s
currentSize : 20 <-- 4.572481 s
currentSize : 21 <-- 5.160006 s
currentSize : 23 <-- 15.877754 s
currentSize : 24 <-- 16.773653 s
currentSize : 25 <-- 17.145187 s
currentSize : 26 <-- 31.047089 s

maxsize : 26
nodes : 4137756.000000
filtered : 136309372.000000
CCGP filtered : 10301332.000000
CCGT filtered : 5999950.000000
time : 44.076420
