Parameters: GAD=1 vflib=1 dir=0 label=0 lowerbound=1 fileNameGp=../graphsdb/mcs70/bvg/b03m/mcs70_b03m_s35.A22 fileNameGt=../graphsdb/mcs70/bvg/b03m/mcs70_b03m_s35.B22
Reading graphs...
35 :  52
35 :  52
Initializing...
maxdom : 35
D->valSize : 1225
Solving...
currentSize : 13 <-- 0.026200 s
currentSize : 17 <-- 0.026259 s
currentSize : 18 <-- 0.026718 s
currentSize : 19 <-- 0.026784 s
currentSize : 20 <-- 0.027446 s
currentSize : 21 <-- 0.110502 s
currentSize : 22 <-- 0.141808 s
currentSize : 23 <-- 0.576149 s
currentSize : 24 <-- 1.315560 s
currentSize : 25 <-- 2.627476 s

maxsize : 25
nodes : 9841074.000000
filtered : 273203147.000000
CCGP filtered : 214717262.000000
CCGT filtered : 123549005.000000
time : 102.679939
