Parameters: GAD=1 vflib=1 dir=0 label=0 lowerbound=1 fileNameGp=../graphsdb/mcs70/m2D/m2Dr4/mcs70_m2Dr4_s35.A56 fileNameGt=../graphsdb/mcs70/m2D/m2Dr4/mcs70_m2Dr4_s35.B56
Reading graphs...
35 :  71
35 :  70
Initializing...
maxdom : 35
D->valSize : 1225
Solving...
currentSize : 14 <-- 0.020388 s
currentSize : 15 <-- 0.020450 s
currentSize : 17 <-- 0.020521 s
currentSize : 18 <-- 0.022737 s
currentSize : 19 <-- 0.023091 s
currentSize : 20 <-- 0.083686 s
currentSize : 21 <-- 0.658469 s
currentSize : 22 <-- 6.340972 s
currentSize : 23 <-- 104.452461 s
currentSize : 24 <-- 377.627106 s
currentSize : 25 <-- 458.105042 s

maxsize : 25
nodes : 54364876.000000
filtered : 1554062624.000000
CCGP filtered : 252246677.000000
CCGT filtered : 201567467.000000
time : 543.855164
