Parameters: GAD=1 vflib=1 dir=0 label=0 lowerbound=1 fileNameGp=../graphsdb/mcs70/bvg/b03/mcs70_b03_s30.A74 fileNameGt=../graphsdb/mcs70/bvg/b03/mcs70_b03_s30.B74
Reading graphs...
30 :  45
30 :  44
Initializing...
maxdom : 30
D->valSize : 900
Solving...
currentSize : 6 <-- 0.011155 s
currentSize : 12 <-- 0.011266 s
currentSize : 15 <-- 0.011290 s
currentSize : 17 <-- 0.011682 s
currentSize : 18 <-- 0.012715 s
currentSize : 19 <-- 0.012994 s
currentSize : 20 <-- 0.040487 s
currentSize : 21 <-- 0.066947 s
currentSize : 22 <-- 1.170309 s
currentSize : 23 <-- 3.675221 s

maxsize : 23
nodes : 1140599.000000
filtered : 27491105.000000
CCGP filtered : 22763224.000000
CCGT filtered : 10774758.000000
time : 10.184560
