Parameters: GAD=1 vflib=1 dir=0 label=0 lowerbound=1 fileNameGp=../graphsdb/mcs70/bvg/b09/mcs70_b09_s30.A69 fileNameGt=../graphsdb/mcs70/bvg/b09/mcs70_b09_s30.B69
Reading graphs...
30 :  133
30 :  132
Initializing...
maxdom : 30
D->valSize : 900
Solving...
currentSize : 9 <-- 0.009768 s
currentSize : 10 <-- 0.009818 s
currentSize : 11 <-- 0.010053 s
currentSize : 12 <-- 0.010648 s
currentSize : 13 <-- 0.011181 s
currentSize : 17 <-- 0.090484 s
currentSize : 18 <-- 0.093841 s
currentSize : 20 <-- 0.225118 s
currentSize : 21 <-- 2.103939 s

maxsize : 21
nodes : 601549.000000
filtered : 21695097.000000
CCGP filtered : 108099.000000
CCGT filtered : 19561.000000
time : 6.320869
