Parameters: GAD=1 vflib=1 dir=0 label=0 lowerbound=1 fileNameGp=../graphsdb/mcs70/m3D/m3Dr2/mcs70_m3Dr2_s35.A80 fileNameGt=../graphsdb/mcs70/m3D/m3Dr2/mcs70_m3Dr2_s35.B80
Reading graphs...
35 :  79
35 :  79
Initializing...
maxdom : 35
D->valSize : 1225
Solving...
currentSize : 16 <-- 0.020681 s
currentSize : 17 <-- 0.021459 s
currentSize : 18 <-- 0.021672 s
currentSize : 19 <-- 0.035146 s
currentSize : 20 <-- 0.066935 s
currentSize : 21 <-- 0.113464 s
currentSize : 22 <-- 0.950472 s
currentSize : 23 <-- 450.279510 s
currentSize : 27 <-- 617.037292 s

maxsize : 27
nodes : 68291823.000000
filtered : 1668280731.000000
CCGP filtered : 115304490.000000
CCGT filtered : 94139208.000000
time : 649.521790
