Parameters: GAD=1 vflib=1 dir=0 label=0 lowerbound=1 fileNameGp=../graphsdb/mcs70/bvg/b03/mcs70_b03_s30.A15 fileNameGt=../graphsdb/mcs70/bvg/b03/mcs70_b03_s30.B15
Reading graphs...
30 :  45
30 :  45
Initializing...
maxdom : 30
D->valSize : 900
Solving...
currentSize : 16 <-- 0.011215 s
currentSize : 17 <-- 0.012006 s
currentSize : 18 <-- 0.020781 s
currentSize : 19 <-- 0.032972 s
currentSize : 20 <-- 0.033368 s
currentSize : 21 <-- 0.081499 s
currentSize : 22 <-- 0.113541 s
currentSize : 23 <-- 0.567056 s
currentSize : 24 <-- 1.482501 s

maxsize : 24
nodes : 371385.000000
filtered : 10011205.000000
CCGP filtered : 4520648.000000
CCGT filtered : 1861571.000000
time : 3.313819
