Parameters: GAD=1 vflib=1 dir=0 label=0 lowerbound=1 fileNameGp=../graphsdb/mcs70/bvg/b06m/mcs70_b06m_s35.A73 fileNameGt=../graphsdb/mcs70/bvg/b06m/mcs70_b06m_s35.B73
Reading graphs...
35 :  101
35 :  102
Initializing...
maxdom : 35
D->valSize : 1225
Solving...
currentSize : 14 <-- 0.019254 s
currentSize : 15 <-- 0.019292 s
currentSize : 17 <-- 0.019569 s
currentSize : 18 <-- 0.227350 s
currentSize : 19 <-- 2.371416 s
currentSize : 20 <-- 33.382877 s
currentSize : 21 <-- 433.356995 s
currentSize : 22 <-- 457.158081 s
currentSize : 24 <-- 498.781250 s

maxsize : 24
nodes : 54106457.000000
filtered : 1591095601.000000
CCGP filtered : 163033645.000000
CCGT filtered : 117736817.000000
time : 571.782043
