Parameters: GAD=1 vflib=1 dir=0 label=0 lowerbound=1 fileNameGp=../graphsdb/mcs70/bvg/b06/mcs70_b06_s35.A46 fileNameGt=../graphsdb/mcs70/bvg/b06/mcs70_b06_s35.B46
Reading graphs...
35 :  103
35 :  103
Initializing...
maxdom : 35
D->valSize : 1225
Solving...
currentSize : 13 <-- 0.019514 s
currentSize : 14 <-- 0.019651 s
currentSize : 15 <-- 0.020020 s
currentSize : 16 <-- 0.020370 s
currentSize : 17 <-- 0.020557 s
currentSize : 18 <-- 0.096507 s
currentSize : 19 <-- 0.101219 s
currentSize : 20 <-- 0.105352 s
currentSize : 21 <-- 0.217183 s
currentSize : 22 <-- 0.331502 s
currentSize : 23 <-- 0.460044 s
currentSize : 24 <-- 0.696592 s
currentSize : 25 <-- 0.877848 s
currentSize : 26 <-- 11.084858 s

maxsize : 26
nodes : 2109328.000000
filtered : 93778816.000000
CCGP filtered : 6096886.000000
CCGT filtered : 3799991.000000
time : 24.780828
