Parameters: GAD=1 vflib=1 dir=0 label=0 lowerbound=1 fileNameGp=../graphsdb/mcs70/bvg/b06/mcs70_b06_s35.A47 fileNameGt=../graphsdb/mcs70/bvg/b06/mcs70_b06_s35.B47
Reading graphs...
35 :  105
35 :  105
Initializing...
maxdom : 35
D->valSize : 1225
Solving...
currentSize : 15 <-- 0.019311 s
currentSize : 16 <-- 0.019910 s
currentSize : 17 <-- 0.038223 s
currentSize : 18 <-- 0.058936 s
currentSize : 19 <-- 0.553466 s
currentSize : 20 <-- 1.066347 s
currentSize : 21 <-- 1.810864 s
currentSize : 22 <-- 2.780741 s
currentSize : 23 <-- 3.058931 s
currentSize : 24 <-- 6.190555 s
currentSize : 25 <-- 58.800049 s
currentSize : 26 <-- 87.316444 s

maxsize : 26
nodes : 8494283.000000
filtered : 334056752.000000
CCGP filtered : 14746137.000000
CCGT filtered : 7965325.000000
time : 95.683289
