Parameters: GAD=1 vflib=1 dir=0 label=0 lowerbound=1 fileNameGp=../graphsdb/mcs70/m3D/m3Dr2/mcs70_m3Dr2_s35.A25 fileNameGt=../graphsdb/mcs70/m3D/m3Dr2/mcs70_m3Dr2_s35.B25
Reading graphs...
35 :  79
35 :  79
Initializing...
maxdom : 35
D->valSize : 1225
Solving...
currentSize : 15 <-- 0.020170 s
currentSize : 16 <-- 0.020205 s
currentSize : 18 <-- 0.020225 s
currentSize : 19 <-- 0.034797 s
currentSize : 20 <-- 0.076555 s
currentSize : 21 <-- 1.995074 s
currentSize : 22 <-- 16.352476 s
currentSize : 23 <-- 69.568466 s
currentSize : 24 <-- 222.741135 s
currentSize : 25 <-- 225.030228 s
currentSize : 26 <-- 226.295929 s
currentSize : 27 <-- 226.296402 s

maxsize : 27
nodes : 24134280.000000
filtered : 670775085.000000
CCGP filtered : 82232484.000000
CCGT filtered : 49517879.000000
time : 239.955276
