Parameters: GAD=1 vflib=1 dir=0 label=0 lowerbound=1 fileNameGp=../graphsdb/mcs70/m2D/m2Dr6/m2Dr6/mcs70_m2Dr6_s35.A22 fileNameGt=../graphsdb/mcs70/m2D/m2Dr6/m2Dr6/mcs70_m2Dr6_s35.B22
Reading graphs...
35 :  77
35 :  75
Initializing...
maxdom : 35
D->valSize : 1225
Solving...
currentSize : 14 <-- 0.020068 s
currentSize : 17 <-- 0.020191 s
currentSize : 18 <-- 0.022152 s
currentSize : 19 <-- 0.056141 s
currentSize : 20 <-- 0.082586 s
currentSize : 21 <-- 0.270967 s
currentSize : 22 <-- 0.474344 s
currentSize : 23 <-- 32.259617 s
currentSize : 26 <-- 115.324013 s

maxsize : 26
nodes : 12952914.000000
filtered : 378521398.000000
CCGP filtered : 54870668.000000
CCGT filtered : 56718027.000000
time : 136.366272
