Parameters: GAD=1 vflib=1 dir=0 label=0 lowerbound=1 fileNameGp=../graphsdb/mcs70/m2D/m2Dr2/mcs70_m2Dr2_s25.A26 fileNameGt=../graphsdb/mcs70/m2D/m2Dr2/mcs70_m2Dr2_s25.B26
Reading graphs...
25 :  45
25 :  44
Initializing...
maxdom : 25
D->valSize : 625
Solving...
currentSize : 10 <-- 0.005170 s
currentSize : 11 <-- 0.005215 s
currentSize : 12 <-- 0.005452 s
currentSize : 13 <-- 0.005901 s
currentSize : 14 <-- 0.005923 s
currentSize : 15 <-- 0.036361 s
currentSize : 16 <-- 0.204256 s
currentSize : 17 <-- 0.509769 s
currentSize : 18 <-- 0.744365 s
currentSize : 19 <-- 0.891286 s

maxsize : 19
nodes : 191780.000000
filtered : 3949660.000000
CCGP filtered : 764250.000000
CCGT filtered : 787384.000000
time : 1.406484
