Parameters: GAD=1 vflib=1 dir=0 label=0 lowerbound=1 fileNameGp=../graphsdb/mcs70/m2D/m2Dr6/m2Dr6/mcs70_m2Dr6_s35.A79 fileNameGt=../graphsdb/mcs70/m2D/m2Dr6/m2Dr6/mcs70_m2Dr6_s35.B79
Reading graphs...
35 :  77
35 :  77
Initializing...
maxdom : 35
D->valSize : 1225
Solving...
currentSize : 15 <-- 0.035304 s
currentSize : 16 <-- 0.035443 s
currentSize : 18 <-- 0.040710 s
currentSize : 19 <-- 0.143465 s
currentSize : 20 <-- 0.152564 s
currentSize : 21 <-- 0.423712 s
currentSize : 23 <-- 0.498488 s
currentSize : 24 <-- 44.684139 s
currentSize : 25 <-- 135.992081 s

maxsize : 25
nodes : 19708734.000000
filtered : 693566823.000000
CCGP filtered : 64361718.000000
CCGT filtered : 33191464.000000
time : 205.967834
