Parameters: GAD=1 vflib=1 dir=0 label=0 lowerbound=1 fileNameGp=../graphsdb/mcs70/m3D/m3Dr6/mcs70_m3Dr6_s35.A42 fileNameGt=../graphsdb/mcs70/m3D/m3Dr6/mcs70_m3Dr6_s35.B42
Reading graphs...
35 :  91
35 :  91
Initializing...
maxdom : 35
D->valSize : 1225
Solving...
currentSize : 14 <-- 0.020222 s
currentSize : 16 <-- 0.020268 s
currentSize : 18 <-- 0.042611 s
currentSize : 19 <-- 0.343126 s
currentSize : 20 <-- 1.093765 s
currentSize : 21 <-- 96.554672 s
currentSize : 22 <-- 339.266357 s
currentSize : 23 <-- 382.577423 s
currentSize : 24 <-- 433.826752 s
currentSize : 27 <-- 434.391968 s

maxsize : 27
nodes : 44134234.000000
filtered : 1137374624.000000
CCGP filtered : 77248879.000000
CCGT filtered : 73511686.000000
time : 443.377289
