Parameters: GAD=1 vflib=1 dir=0 label=0 lowerbound=1 fileNameGp=../graphsdb/mcs70/rand/r005/mcs70_r005_s30.A02 fileNameGt=../graphsdb/mcs70/rand/r005/mcs70_r005_s30.B02
Reading graphs...
30 :  41
30 :  41
Initializing...
maxdom : 30
D->valSize : 900
Solving...
currentSize : 13 <-- 0.011458 s
currentSize : 14 <-- 0.011496 s
currentSize : 15 <-- 0.011817 s
currentSize : 16 <-- 0.012508 s
currentSize : 17 <-- 0.022313 s
currentSize : 18 <-- 0.137094 s
currentSize : 19 <-- 1.199499 s
currentSize : 20 <-- 1.204946 s
currentSize : 21 <-- 1.837441 s
currentSize : 22 <-- 13.552616 s

maxsize : 22
nodes : 2531910.000000
filtered : 44661608.000000
CCGP filtered : 25059858.000000
CCGT filtered : 16776533.000000
time : 18.420731
