Parameters: GAD=1 vflib=1 dir=0 label=0 lowerbound=1 fileNameGp=../graphsdb/mcs70/rand/r02/mcs70_r02_s30.A28 fileNameGt=../graphsdb/mcs70/rand/r02/mcs70_r02_s30.B28
Reading graphs...
30 :  162
30 :  160
Initializing...
maxdom : 30
D->valSize : 900
Solving...
currentSize : 9 <-- 0.009488 s
currentSize : 10 <-- 0.009656 s
currentSize : 11 <-- 0.010277 s
currentSize : 12 <-- 0.015109 s
currentSize : 13 <-- 0.235771 s
currentSize : 14 <-- 12.870131 s
currentSize : 15 <-- 48.593960 s
currentSize : 17 <-- 111.282669 s
currentSize : 18 <-- 132.397522 s
currentSize : 21 <-- 159.649155 s

maxsize : 21
nodes : 16558457.000000
filtered : 258779338.000000
CCGP filtered : 122627.000000
CCGT filtered : 144743.000000
time : 161.264557
