Parameters: GAD=1 vflib=1 dir=0 label=0 lowerbound=1 fileNameGp=../graphsdb/mcs70/bvg/b06/mcs70_b06_s35.A58 fileNameGt=../graphsdb/mcs70/bvg/b06/mcs70_b06_s35.B58
Reading graphs...
35 :  104
35 :  104
Initializing...
maxdom : 35
D->valSize : 1225
Solving...
currentSize : 14 <-- 0.033747 s
currentSize : 15 <-- 0.034081 s
currentSize : 16 <-- 0.034696 s
currentSize : 17 <-- 0.054545 s
currentSize : 18 <-- 0.104215 s
currentSize : 19 <-- 0.111911 s
currentSize : 20 <-- 0.170491 s
currentSize : 21 <-- 0.297277 s
currentSize : 22 <-- 0.476512 s
currentSize : 23 <-- 1.019907 s
currentSize : 24 <-- 1.089898 s
currentSize : 25 <-- 1.090799 s
currentSize : 26 <-- 12.105058 s

maxsize : 26
nodes : 3069614.000000
filtered : 129521360.000000
CCGP filtered : 4384294.000000
CCGT filtered : 3520600.000000
time : 35.617832
