Parameters: GAD=1 vflib=1 dir=0 label=0 lowerbound=1 fileNameGp=../graphsdb/mcs70/bvg/b03m/mcs70_b03m_s25.A93 fileNameGt=../graphsdb/mcs70/bvg/b03m/mcs70_b03m_s25.B93
Reading graphs...
25 :  37
25 :  37
Initializing...
maxdom : 25
D->valSize : 625
Solving...
currentSize : 12 <-- 0.009446 s
currentSize : 13 <-- 0.009976 s
currentSize : 14 <-- 0.010175 s
currentSize : 15 <-- 0.010240 s
currentSize : 16 <-- 0.051072 s
currentSize : 17 <-- 0.070978 s
currentSize : 18 <-- 0.115752 s
currentSize : 19 <-- 0.436436 s
currentSize : 20 <-- 0.436577 s

maxsize : 20
nodes : 72454.000000
filtered : 1473194.000000
CCGP filtered : 808656.000000
CCGT filtered : 390958.000000
time : 0.559628
