Parameters: GAD=1 vflib=1 dir=0 label=0 lowerbound=1 fileNameGp=../graphsdb/mcs70/rand/r005/mcs70_r005_s25.A71 fileNameGt=../graphsdb/mcs70/rand/r005/mcs70_r005_s25.B71
Reading graphs...
25 :  33
25 :  32
Initializing...
maxdom : 25
D->valSize : 625
Solving...
currentSize : 5 <-- 0.005384 s
currentSize : 8 <-- 0.005457 s
currentSize : 10 <-- 0.005825 s
currentSize : 13 <-- 0.006029 s
currentSize : 14 <-- 0.006578 s
currentSize : 15 <-- 0.012991 s
currentSize : 16 <-- 0.013043 s
currentSize : 17 <-- 0.015850 s
currentSize : 18 <-- 0.036301 s
currentSize : 19 <-- 0.079933 s

maxsize : 19
nodes : 27826.000000
filtered : 560722.000000
CCGP filtered : 400112.000000
CCGT filtered : 259251.000000
time : 0.203777
