Parameters: GAD=1 vflib=1 dir=0 label=0 lowerbound=1 fileNameGp=../graphsdb/mcs70/bvg/b03/mcs70_b03_s30.A39 fileNameGt=../graphsdb/mcs70/bvg/b03/mcs70_b03_s30.B39
Reading graphs...
30 :  45
30 :  45
Initializing...
maxdom : 30
D->valSize : 900
Solving...
currentSize : 16 <-- 0.016053 s
currentSize : 17 <-- 0.016079 s
currentSize : 18 <-- 0.016107 s
currentSize : 19 <-- 0.016197 s
currentSize : 20 <-- 0.033619 s
currentSize : 21 <-- 0.504938 s
currentSize : 22 <-- 0.922206 s
currentSize : 23 <-- 2.160754 s
currentSize : 24 <-- 3.078535 s

maxsize : 24
nodes : 486260.000000
filtered : 10697802.000000
CCGP filtered : 7050557.000000
CCGT filtered : 4380507.000000
time : 4.187979
