Parameters: GAD=1 vflib=1 dir=0 label=0 lowerbound=1 fileNameGp=../graphsdb/mcs70/bvg/b06m/mcs70_b06m_s30.A18 fileNameGt=../graphsdb/mcs70/bvg/b06m/mcs70_b06m_s30.B18
Reading graphs...
30 :  89
30 :  90
Initializing...
maxdom : 30
D->valSize : 900
Solving...
currentSize : 12 <-- 0.010181 s
currentSize : 13 <-- 0.010232 s
currentSize : 14 <-- 0.011350 s
currentSize : 15 <-- 0.020543 s
currentSize : 16 <-- 0.057397 s
currentSize : 17 <-- 0.058505 s
currentSize : 18 <-- 0.262786 s
currentSize : 19 <-- 0.263084 s
currentSize : 20 <-- 0.475184 s
currentSize : 21 <-- 0.477323 s

maxsize : 21
nodes : 1026214.000000
filtered : 41609665.000000
CCGP filtered : 1512553.000000
CCGT filtered : 478586.000000
time : 10.383196
