Parameters: GAD=1 vflib=1 dir=0 label=0 lowerbound=1 fileNameGp=../graphsdb/mcs70/m3D/m3Dr2/mcs70_m3Dr2_s35.A38 fileNameGt=../graphsdb/mcs70/m3D/m3Dr2/mcs70_m3Dr2_s35.B38
Reading graphs...
35 :  77
35 :  77
Initializing...
maxdom : 35
D->valSize : 1225
Solving...
currentSize : 13 <-- 0.020084 s
currentSize : 16 <-- 0.020155 s
currentSize : 17 <-- 0.020308 s
currentSize : 18 <-- 0.020528 s
currentSize : 19 <-- 0.033094 s
currentSize : 20 <-- 0.040048 s
currentSize : 21 <-- 0.188576 s
currentSize : 22 <-- 0.328886 s
currentSize : 24 <-- 0.519545 s
currentSize : 25 <-- 1.796211 s
currentSize : 27 <-- 6.872658 s

maxsize : 27
nodes : 2883032.000000
filtered : 125875682.000000
CCGP filtered : 4828521.000000
CCGT filtered : 3412277.000000
time : 32.237148
