Parameters: GAD=1 vflib=1 dir=0 label=0 lowerbound=1 fileNameGp=../graphsdb/mcs70/bvg/b09/mcs70_b09_s35.A64 fileNameGt=../graphsdb/mcs70/bvg/b09/mcs70_b09_s35.B64
Reading graphs...
35 :  153
35 :  156
Initializing...
maxdom : 35
D->valSize : 1225
Solving...
currentSize : 14 <-- 0.031577 s
currentSize : 15 <-- 0.032040 s
currentSize : 17 <-- 0.036042 s
currentSize : 18 <-- 0.808617 s
currentSize : 19 <-- 1.867566 s
currentSize : 20 <-- 2.673913 s
currentSize : 21 <-- 2.778076 s
currentSize : 22 <-- 3.480858 s
currentSize : 23 <-- 3.482969 s
currentSize : 24 <-- 3.483502 s
currentSize : 25 <-- 3.483685 s

maxsize : 25
nodes : 2613216.000000
filtered : 110083126.000000
CCGP filtered : 312866.000000
CCGT filtered : 84581.000000
time : 32.045811
