Parameters: GAD=1 vflib=1 dir=0 label=0 lowerbound=1 fileNameGp=../graphsdb/mcs70/rand/r01/mcs70_r01_s30.A66 fileNameGt=../graphsdb/mcs70/rand/r01/mcs70_r01_s30.B66
Reading graphs...
30 :  85
30 :  82
Initializing...
maxdom : 30
D->valSize : 900
Solving...
currentSize : 11 <-- 0.010554 s
currentSize : 12 <-- 0.010760 s
currentSize : 13 <-- 0.011198 s
currentSize : 14 <-- 0.017778 s
currentSize : 15 <-- 0.037114 s
currentSize : 16 <-- 0.147567 s
currentSize : 17 <-- 1.100371 s
currentSize : 18 <-- 2.181431 s
currentSize : 19 <-- 10.792950 s
currentSize : 20 <-- 16.375586 s
currentSize : 21 <-- 52.140305 s

maxsize : 21
nodes : 6309826.000000
filtered : 176198669.000000
CCGP filtered : 3201641.000000
CCGT filtered : 2940457.000000
time : 57.844093
