Parameters: GAD=1 vflib=1 dir=0 label=0 lowerbound=1 fileNameGp=../graphsdb/mcs70/bvg/b03m/mcs70_b03m_s35.A17 fileNameGt=../graphsdb/mcs70/bvg/b03m/mcs70_b03m_s35.B17
Reading graphs...
35 :  50
35 :  50
Initializing...
maxdom : 35
D->valSize : 1225
Solving...
currentSize : 18 <-- 0.036942 s
currentSize : 19 <-- 0.037616 s
currentSize : 20 <-- 0.038661 s
currentSize : 21 <-- 0.040828 s
currentSize : 22 <-- 0.040901 s
currentSize : 23 <-- 1.184881 s
currentSize : 24 <-- 9.169494 s
currentSize : 25 <-- 15.599669 s
currentSize : 26 <-- 56.015976 s

maxsize : 26
nodes : 6830092.000000
filtered : 183157383.000000
CCGP filtered : 222159957.000000
CCGT filtered : 90900251.000000
time : 73.370422
