Parameters: GAD=1 vflib=1 dir=0 label=0 lowerbound=1 fileNameGp=../graphsdb/mcs70/bvg/b03/mcs70_b03_s30.A99 fileNameGt=../graphsdb/mcs70/bvg/b03/mcs70_b03_s30.B99
Reading graphs...
30 :  45
30 :  45
Initializing...
maxdom : 30
D->valSize : 900
Solving...
currentSize : 11 <-- 0.019566 s
currentSize : 16 <-- 0.019876 s
currentSize : 17 <-- 0.020114 s
currentSize : 18 <-- 0.020854 s
currentSize : 19 <-- 0.033385 s
currentSize : 20 <-- 0.171637 s
currentSize : 21 <-- 0.273079 s
currentSize : 22 <-- 0.315580 s
currentSize : 23 <-- 0.594336 s

maxsize : 23
nodes : 677157.000000
filtered : 17518944.000000
CCGP filtered : 10806728.000000
CCGT filtered : 6360416.000000
time : 6.171600
