Parameters: GAD=1 vflib=1 dir=0 label=0 lowerbound=1 fileNameGp=../graphsdb/mcs70/m3D/m3Dr6/mcs70_m3Dr6_s35.A27 fileNameGt=../graphsdb/mcs70/m3D/m3Dr6/mcs70_m3Dr6_s35.B27
Reading graphs...
35 :  92
35 :  88
Initializing...
maxdom : 35
D->valSize : 1225
Solving...
currentSize : 15 <-- 0.034745 s
currentSize : 16 <-- 0.034879 s
currentSize : 18 <-- 0.034918 s
currentSize : 19 <-- 0.065443 s
currentSize : 20 <-- 0.729249 s
currentSize : 21 <-- 17.108992 s
currentSize : 22 <-- 186.196915 s
currentSize : 23 <-- 411.092499 s
currentSize : 25 <-- 423.624817 s
currentSize : 27 <-- 466.050079 s

maxsize : 27
nodes : 48318259.000000
filtered : 1298554610.000000
CCGP filtered : 83911417.000000
CCGT filtered : 63613657.000000
time : 470.220184
