Parameters: GAD=1 vflib=1 dir=0 label=0 lowerbound=1 fileNameGp=../graphsdb/mcs70/rand/r005/mcs70_r005_s35.A15 fileNameGt=../graphsdb/mcs70/rand/r005/mcs70_r005_s35.B15
Reading graphs...
35 :  58
35 :  58
Initializing...
maxdom : 35
D->valSize : 1225
Solving...
currentSize : 14 <-- 0.036690 s
currentSize : 17 <-- 0.036734 s
currentSize : 18 <-- 0.037431 s
currentSize : 19 <-- 0.055304 s
currentSize : 20 <-- 0.056173 s
currentSize : 21 <-- 0.059993 s
currentSize : 22 <-- 0.453300 s
currentSize : 23 <-- 4.846548 s
currentSize : 24 <-- 12.148567 s
currentSize : 25 <-- 16.982609 s

maxsize : 25
nodes : 12760790.000000
filtered : 414344257.000000
CCGP filtered : 163042148.000000
CCGT filtered : 137572582.000000
time : 139.064636
