Parameters: GAD=1 vflib=1 dir=0 label=0 lowerbound=1 fileNameGp=../graphsdb/mcs70/m2D/m2D/mcs70_m2D_s35.A87 fileNameGt=../graphsdb/mcs70/m2D/m2D/mcs70_m2D_s35.B87
Reading graphs...
35 :  58
35 :  58
Initializing...
maxdom : 35
D->valSize : 1225
Solving...
currentSize : 16 <-- 0.036616 s
currentSize : 17 <-- 0.036720 s
currentSize : 18 <-- 0.037017 s
currentSize : 20 <-- 0.037728 s
currentSize : 21 <-- 0.038443 s
currentSize : 22 <-- 0.040865 s
currentSize : 23 <-- 0.176449 s
currentSize : 24 <-- 2.478588 s
currentSize : 25 <-- 30.894779 s
currentSize : 26 <-- 39.739292 s
currentSize : 27 <-- 58.257172 s
currentSize : 28 <-- 58.561916 s

maxsize : 28
nodes : 6553325.000000
filtered : 182910495.000000
CCGP filtered : 99774324.000000
CCGT filtered : 39129963.000000
time : 65.905602
