Parameters: GAD=1 vflib=1 dir=0 label=0 lowerbound=1 fileNameGp=../graphsdb/mcs70/bvg/b09/mcs70_b09_s30.A41 fileNameGt=../graphsdb/mcs70/bvg/b09/mcs70_b09_s30.B41
Reading graphs...
30 :  131
30 :  133
Initializing...
maxdom : 30
D->valSize : 900
Solving...
currentSize : 11 <-- 0.009718 s
currentSize : 12 <-- 0.009780 s
currentSize : 13 <-- 0.013762 s
currentSize : 14 <-- 0.025866 s
currentSize : 16 <-- 0.128390 s
currentSize : 18 <-- 0.128515 s
currentSize : 19 <-- 0.143155 s
currentSize : 20 <-- 4.694624 s
currentSize : 21 <-- 6.502258 s

maxsize : 21
nodes : 1052593.000000
filtered : 36380742.000000
CCGP filtered : 72858.000000
CCGT filtered : 53265.000000
time : 11.065643
