Parameters: GAD=1 vflib=1 dir=0 label=0 lowerbound=1 fileNameGp=../graphsdb/mcs70/rand/r01/mcs70_r01_s30.A37 fileNameGt=../graphsdb/mcs70/rand/r01/mcs70_r01_s30.B37
Reading graphs...
30 :  80
30 :  81
Initializing...
maxdom : 30
D->valSize : 900
Solving...
currentSize : 13 <-- 0.018120 s
currentSize : 14 <-- 0.018335 s
currentSize : 15 <-- 0.020292 s
currentSize : 16 <-- 0.020887 s
currentSize : 17 <-- 0.122325 s
currentSize : 18 <-- 1.739519 s
currentSize : 19 <-- 65.605240 s
currentSize : 20 <-- 128.596329 s
currentSize : 21 <-- 128.596466 s

maxsize : 21
nodes : 15283935.000000
filtered : 346860266.000000
CCGP filtered : 22195290.000000
CCGT filtered : 17631841.000000
time : 132.948898
