Parameters: GAD=1 vflib=1 dir=0 label=0 lowerbound=1 fileNameGp=../graphsdb/mcs70/rand/r02/mcs70_r02_s30.A69 fileNameGt=../graphsdb/mcs70/rand/r02/mcs70_r02_s30.B69
Reading graphs...
30 :  164
30 :  163
Initializing...
maxdom : 30
D->valSize : 900
Solving...
currentSize : 10 <-- 0.009408 s
currentSize : 11 <-- 0.011089 s
currentSize : 12 <-- 0.014966 s
currentSize : 13 <-- 0.063425 s
currentSize : 14 <-- 1.488237 s
currentSize : 15 <-- 21.616852 s
currentSize : 16 <-- 21.617027 s
currentSize : 20 <-- 67.951721 s
currentSize : 21 <-- 67.951897 s

maxsize : 21
nodes : 7123462.000000
filtered : 115219718.000000
CCGP filtered : 121206.000000
CCGT filtered : 111901.000000
time : 72.355865
