Parameters: GAD=1 vflib=1 dir=0 label=0 lowerbound=1 fileNameGp=../graphsdb/mcs70/m3D/m3Dr2/mcs70_m3Dr2_s35.A10 fileNameGt=../graphsdb/mcs70/m3D/m3Dr2/mcs70_m3Dr2_s35.B10
Reading graphs...
35 :  79
35 :  79
Initializing...
maxdom : 35
D->valSize : 1225
Solving...
currentSize : 17 <-- 0.035320 s
currentSize : 18 <-- 0.035485 s
currentSize : 19 <-- 0.039223 s
currentSize : 20 <-- 0.042630 s
currentSize : 21 <-- 0.091585 s
currentSize : 22 <-- 17.350956 s
currentSize : 23 <-- 147.234879 s
currentSize : 24 <-- 231.362595 s
currentSize : 25 <-- 259.411957 s
currentSize : 28 <-- 335.049957 s

maxsize : 28
nodes : 35788960.000000
filtered : 981564569.000000
CCGP filtered : 76049495.000000
CCGT filtered : 34404924.000000
time : 341.486694
