Parameters: GAD=1 vflib=1 dir=0 label=0 lowerbound=1 fileNameGp=../graphsdb/mcs70/bvg/b09/mcs70_b09_s25.A53 fileNameGt=../graphsdb/mcs70/bvg/b09/mcs70_b09_s25.B53
Reading graphs...
25 :  110
25 :  109
Initializing...
maxdom : 25
D->valSize : 625
Solving...
currentSize : 8 <-- 0.007899 s
currentSize : 9 <-- 0.008115 s
currentSize : 10 <-- 0.008282 s
currentSize : 11 <-- 0.008509 s
currentSize : 12 <-- 0.059425 s
currentSize : 13 <-- 0.125885 s
currentSize : 14 <-- 0.323957 s
currentSize : 15 <-- 0.346453 s
currentSize : 16 <-- 1.055626 s
currentSize : 17 <-- 1.733294 s

maxsize : 17
nodes : 316389.000000
filtered : 7484529.000000
CCGP filtered : 43012.000000
CCGT filtered : 68334.000000
time : 2.743939
