Parameters: GAD=1 vflib=1 dir=0 label=0 lowerbound=1 fileNameGp=../graphsdb/mcs70/m4D/m4Dr6/mcs70_m4Dr6_s25.A10 fileNameGt=../graphsdb/mcs70/m4D/m4Dr6/mcs70_m4Dr6_s25.B10
Reading graphs...
25 :  58
25 :  61
Initializing...
maxdom : 25
D->valSize : 625
Solving...
currentSize : 8 <-- 0.004999 s
currentSize : 9 <-- 0.005062 s
currentSize : 10 <-- 0.005266 s
currentSize : 11 <-- 0.005311 s
currentSize : 12 <-- 0.005344 s
currentSize : 13 <-- 0.005744 s
currentSize : 14 <-- 0.005813 s
currentSize : 15 <-- 0.008933 s
currentSize : 16 <-- 0.010279 s
currentSize : 17 <-- 0.030095 s

maxsize : 17
nodes : 249857.000000
filtered : 6444277.000000
CCGP filtered : 1214190.000000
CCGT filtered : 518925.000000
time : 1.987158
