Parameters: GAD=1 vflib=1 dir=0 label=0 lowerbound=1 fileNameGp=../graphsdb/mcs70/m2D/m2Dr2/mcs70_m2Dr2_s35.A58 fileNameGt=../graphsdb/mcs70/m2D/m2Dr2/mcs70_m2Dr2_s35.B58
Reading graphs...
35 :  64
35 :  64
Initializing...
maxdom : 35
D->valSize : 1225
Solving...
currentSize : 17 <-- 0.020650 s
currentSize : 19 <-- 0.020918 s
currentSize : 20 <-- 0.029767 s
currentSize : 21 <-- 0.210986 s
currentSize : 22 <-- 0.425620 s
currentSize : 23 <-- 12.926245 s
currentSize : 24 <-- 23.187529 s
currentSize : 25 <-- 23.200829 s
currentSize : 26 <-- 71.789108 s

maxsize : 26
nodes : 9342515.000000
filtered : 300419916.000000
CCGP filtered : 95016138.000000
CCGT filtered : 53572188.000000
time : 100.591347
