Parameters: GAD=1 vflib=1 dir=0 label=0 lowerbound=1 fileNameGp=../graphsdb/mcs70/rand/r005/mcs70_r005_s30.A04 fileNameGt=../graphsdb/mcs70/rand/r005/mcs70_r005_s30.B04
Reading graphs...
30 :  41
30 :  42
Initializing...
maxdom : 30
D->valSize : 900
Solving...
currentSize : 15 <-- 0.011123 s
currentSize : 16 <-- 0.011222 s
currentSize : 17 <-- 0.013035 s
currentSize : 18 <-- 0.013744 s
currentSize : 19 <-- 0.022018 s
currentSize : 20 <-- 0.075568 s
currentSize : 21 <-- 0.493567 s
currentSize : 22 <-- 3.267138 s
currentSize : 23 <-- 9.730878 s

maxsize : 23
nodes : 1432171.000000
filtered : 30025013.000000
CCGP filtered : 16306894.000000
CCGT filtered : 8082202.000000
time : 11.240568
