Parameters: GAD=1 vflib=1 dir=0 label=0 lowerbound=1 fileNameGp=../graphsdb/mcs70/rand/r02/mcs70_r02_s25.A72 fileNameGt=../graphsdb/mcs70/rand/r02/mcs70_r02_s25.B72
Reading graphs...
25 :  101
25 :  104
Initializing...
maxdom : 25
D->valSize : 625
Solving...
currentSize : 8 <-- 0.007867 s
currentSize : 9 <-- 0.007923 s
currentSize : 10 <-- 0.008060 s
currentSize : 11 <-- 0.008352 s
currentSize : 12 <-- 0.044392 s
currentSize : 13 <-- 0.062554 s
currentSize : 14 <-- 3.513757 s
currentSize : 15 <-- 4.068245 s
currentSize : 17 <-- 5.555463 s

maxsize : 17
nodes : 787027.000000
filtered : 13735381.000000
CCGP filtered : 82001.000000
CCGT filtered : 57786.000000
time : 6.621630
