Parameters: GAD=1 vflib=1 dir=0 label=0 lowerbound=1 fileNameGp=../graphsdb/mcs70/m3D/m3Dr2/mcs70_m3Dr2_s35.A29 fileNameGt=../graphsdb/mcs70/m3D/m3Dr2/mcs70_m3Dr2_s35.B29
Reading graphs...
35 :  78
35 :  76
Initializing...
maxdom : 35
D->valSize : 1225
Solving...
currentSize : 17 <-- 0.024724 s
currentSize : 18 <-- 0.024894 s
currentSize : 19 <-- 0.025362 s
currentSize : 20 <-- 0.031675 s
currentSize : 21 <-- 0.032682 s
currentSize : 22 <-- 0.073515 s
currentSize : 23 <-- 0.123495 s
currentSize : 24 <-- 127.921158 s
currentSize : 26 <-- 285.655273 s
currentSize : 27 <-- 292.804779 s

maxsize : 27
nodes : 30743982.000000
filtered : 887468972.000000
CCGP filtered : 76919090.000000
CCGT filtered : 46562490.000000
time : 306.658936
