Parameters: GAD=1 vflib=1 dir=0 label=0 lowerbound=1 fileNameGp=../graphsdb/mcs70/rand/r01/mcs70_r01_s35.A28 fileNameGt=../graphsdb/mcs70/rand/r01/mcs70_r01_s35.B28
Reading graphs...
35 :  111
35 :  114
Initializing...
maxdom : 35
D->valSize : 1225
Solving...
currentSize : 10 <-- 0.019079 s
currentSize : 11 <-- 0.019160 s
currentSize : 12 <-- 0.019274 s
currentSize : 13 <-- 0.019400 s
currentSize : 14 <-- 0.019708 s
currentSize : 15 <-- 0.020446 s
currentSize : 16 <-- 0.022563 s
currentSize : 17 <-- 0.027052 s
currentSize : 18 <-- 0.469928 s
currentSize : 19 <-- 2.655297 s
currentSize : 20 <-- 595.145874 s
currentSize : 21 <-- 597.517517 s
currentSize : 24 <-- 1423.045532 s

maxsize : 24
nodes : 145253828.000000
filtered : 3575497336.000000
CCGP filtered : 104095683.000000
CCGT filtered : 92986387.000000
time : 1521.667358
