Parameters: GAD=1 vflib=1 dir=0 label=0 lowerbound=1 fileNameGp=../graphsdb/mcs70/bvg/b06/mcs70_b06_s35.A37 fileNameGt=../graphsdb/mcs70/bvg/b06/mcs70_b06_s35.B37
Reading graphs...
35 :  102
35 :  104
Initializing...
maxdom : 35
D->valSize : 1225
Solving...
currentSize : 17 <-- 0.019410 s
currentSize : 18 <-- 0.020359 s
currentSize : 19 <-- 0.049108 s
currentSize : 20 <-- 4.637115 s
currentSize : 21 <-- 26.561462 s
currentSize : 22 <-- 28.772310 s
currentSize : 23 <-- 31.949303 s
currentSize : 24 <-- 33.503574 s
currentSize : 25 <-- 68.272087 s

maxsize : 25
nodes : 10170824.000000
filtered : 347169975.000000
CCGP filtered : 29220126.000000
CCGT filtered : 20592505.000000
time : 112.095421
