Parameters: GAD=1 vflib=1 dir=0 label=0 lowerbound=1 fileNameGp=../graphsdb/mcs70/bvg/b03/mcs70_b03_s25.A29 fileNameGt=../graphsdb/mcs70/bvg/b03/mcs70_b03_s25.B29
Reading graphs...
25 :  37
25 :  37
Initializing...
maxdom : 25
D->valSize : 625
Solving...
currentSize : 11 <-- 0.009374 s
currentSize : 13 <-- 0.009466 s
currentSize : 14 <-- 0.009556 s
currentSize : 15 <-- 0.014931 s
currentSize : 16 <-- 0.020516 s
currentSize : 17 <-- 0.065188 s
currentSize : 18 <-- 0.434143 s
currentSize : 19 <-- 0.641909 s
currentSize : 20 <-- 1.003043 s

maxsize : 20
nodes : 176140.000000
filtered : 2927338.000000
CCGP filtered : 638594.000000
CCGT filtered : 467474.000000
time : 1.184940
