Parameters: GAD=1 vflib=1 dir=0 label=0 lowerbound=1 fileNameGp=../graphsdb/mcs70/m2D/m2Dr4/mcs70_m2Dr4_s35.A21 fileNameGt=../graphsdb/mcs70/m2D/m2Dr4/mcs70_m2Dr4_s35.B21
Reading graphs...
35 :  71
35 :  71
Initializing...
maxdom : 35
D->valSize : 1225
Solving...
currentSize : 17 <-- 0.020862 s
currentSize : 18 <-- 0.020945 s
currentSize : 19 <-- 0.060661 s
currentSize : 20 <-- 0.061999 s
currentSize : 21 <-- 0.475340 s
currentSize : 22 <-- 1.322816 s
currentSize : 23 <-- 10.830898 s
currentSize : 24 <-- 96.538177 s
currentSize : 26 <-- 96.539543 s

maxsize : 26
nodes : 14297401.000000
filtered : 418669341.000000
CCGP filtered : 59690425.000000
CCGT filtered : 45313654.000000
time : 146.302216
