Parameters: GAD=1 vflib=1 dir=0 label=0 lowerbound=1 fileNameGp=../graphsdb/mcs70/m4D/m4D/mcs70_m4D_s25.A36 fileNameGt=../graphsdb/mcs70/m4D/m4D/mcs70_m4D_s25.B36
Reading graphs...
25 :  47
25 :  47
Initializing...
maxdom : 25
D->valSize : 625
Solving...
currentSize : 10 <-- 0.005310 s
currentSize : 12 <-- 0.005363 s
currentSize : 13 <-- 0.005509 s
currentSize : 14 <-- 0.005716 s
currentSize : 15 <-- 0.008385 s
currentSize : 16 <-- 0.011550 s
currentSize : 17 <-- 0.014367 s
currentSize : 18 <-- 0.071856 s
currentSize : 19 <-- 0.122768 s

maxsize : 19
nodes : 91811.000000
filtered : 2407035.000000
CCGP filtered : 1038701.000000
CCGT filtered : 650073.000000
time : 0.739875
