Parameters: GAD=1 vflib=1 dir=0 label=0 lowerbound=1 fileNameGp=../graphsdb/mcs70/rand/r005/mcs70_r005_s35.A57 fileNameGt=../graphsdb/mcs70/rand/r005/mcs70_r005_s35.B57
Reading graphs...
35 :  57
35 :  58
Initializing...
maxdom : 35
D->valSize : 1225
Solving...
currentSize : 15 <-- 0.021544 s
currentSize : 16 <-- 0.021591 s
currentSize : 18 <-- 0.021816 s
currentSize : 19 <-- 0.028395 s
currentSize : 20 <-- 0.029445 s
currentSize : 21 <-- 0.130793 s
currentSize : 22 <-- 0.253369 s
currentSize : 23 <-- 0.339044 s
currentSize : 24 <-- 1.464846 s
currentSize : 25 <-- 15.151271 s
currentSize : 26 <-- 52.979439 s

maxsize : 26
nodes : 7135049.000000
filtered : 231497115.000000
CCGP filtered : 142770864.000000
CCGT filtered : 37221810.000000
time : 73.998055
