Parameters: GAD=1 vflib=1 dir=0 label=0 lowerbound=1 fileNameGp=../graphsdb/mcs70/m2D/m2D/mcs70_m2D_s35.A05 fileNameGt=../graphsdb/mcs70/m2D/m2D/mcs70_m2D_s35.B05
Reading graphs...
35 :  58
35 :  58
Initializing...
maxdom : 35
D->valSize : 1225
Solving...
currentSize : 11 <-- 0.020948 s
currentSize : 12 <-- 0.021017 s
currentSize : 15 <-- 0.021180 s
currentSize : 16 <-- 0.021230 s
currentSize : 20 <-- 0.021309 s
currentSize : 21 <-- 0.021417 s
currentSize : 22 <-- 0.021597 s
currentSize : 23 <-- 0.030007 s
currentSize : 24 <-- 0.182742 s
currentSize : 25 <-- 0.614980 s
currentSize : 26 <-- 12.949053 s
currentSize : 27 <-- 14.961788 s
currentSize : 28 <-- 20.763651 s

maxsize : 28
nodes : 3167790.000000
filtered : 97771170.000000
CCGP filtered : 36761626.000000
CCGT filtered : 16284933.000000
time : 32.353596
