Parameters: GAD=1 vflib=1 dir=0 label=0 lowerbound=1 fileNameGp=../graphsdb/mcs70/m3D/m3Dr2/mcs70_m3Dr2_s35.A47 fileNameGt=../graphsdb/mcs70/m3D/m3Dr2/mcs70_m3Dr2_s35.B47
Reading graphs...
35 :  79
35 :  79
Initializing...
maxdom : 35
D->valSize : 1225
Solving...
currentSize : 17 <-- 0.035227 s
currentSize : 18 <-- 0.035292 s
currentSize : 19 <-- 0.037773 s
currentSize : 20 <-- 0.037973 s
currentSize : 21 <-- 0.205334 s
currentSize : 22 <-- 0.854461 s
currentSize : 23 <-- 139.738678 s
currentSize : 24 <-- 293.279022 s
currentSize : 27 <-- 717.127991 s

maxsize : 27
nodes : 75861005.000000
filtered : 2037659460.000000
CCGP filtered : 126188333.000000
CCGT filtered : 63334396.000000
time : 737.246216
