Parameters: GAD=1 vflib=1 dir=0 label=0 lowerbound=1 fileNameGp=../graphsdb/mcs70/rand/r02/mcs70_r02_s35.A95 fileNameGt=../graphsdb/mcs70/rand/r02/mcs70_r02_s35.B95
Reading graphs...
35 :  208
35 :  207
Initializing...
maxdom : 35
D->valSize : 1225
Solving...
currentSize : 9 <-- 0.017932 s
currentSize : 10 <-- 0.018012 s
currentSize : 11 <-- 0.018217 s
currentSize : 12 <-- 0.018602 s
currentSize : 13 <-- 0.036297 s
currentSize : 14 <-- 0.230499 s
currentSize : 15 <-- 13.406462 s
currentSize : 16 <-- 157.583389 s
currentSize : 17 <-- 157.583450 s
currentSize : 19 <-- 1377.456299 s
currentSize : 24 <-- 1384.143677 s

maxsize : 24
nodes : 118088133.000000
filtered : 1859664330.000000
CCGP filtered : 686733.000000
CCGT filtered : 2052061.000000
time : 1417.203491
