Parameters: GAD=1 vflib=1 dir=0 label=0 lowerbound=1 fileNameGp=../graphsdb/mcs70/bvg/b09/mcs70_b09_s30.A73 fileNameGt=../graphsdb/mcs70/bvg/b09/mcs70_b09_s30.B73
Reading graphs...
30 :  132
30 :  135
Initializing...
maxdom : 30
D->valSize : 900
Solving...
currentSize : 11 <-- 0.009579 s
currentSize : 12 <-- 0.009607 s
currentSize : 13 <-- 0.012342 s
currentSize : 14 <-- 0.019413 s
currentSize : 15 <-- 0.168957 s
currentSize : 17 <-- 0.447439 s
currentSize : 18 <-- 0.845668 s
currentSize : 19 <-- 0.846307 s
currentSize : 20 <-- 0.848206 s
currentSize : 21 <-- 0.928465 s

maxsize : 21
nodes : 884144.000000
filtered : 29757769.000000
CCGP filtered : 107591.000000
CCGT filtered : 37263.000000
time : 9.201442
