Parameters: GAD=1 vflib=1 dir=0 label=0 lowerbound=1 fileNameGp=../graphsdb/mcs70/m3D/m3Dr2/mcs70_m3Dr2_s35.A27 fileNameGt=../graphsdb/mcs70/m3D/m3Dr2/mcs70_m3Dr2_s35.B27
Reading graphs...
35 :  79
35 :  79
Initializing...
maxdom : 35
D->valSize : 1225
Solving...
currentSize : 13 <-- 0.035268 s
currentSize : 14 <-- 0.035565 s
currentSize : 16 <-- 0.035773 s
currentSize : 17 <-- 0.039378 s
currentSize : 18 <-- 0.041992 s
currentSize : 19 <-- 0.171991 s
currentSize : 20 <-- 0.438078 s
currentSize : 21 <-- 2.306254 s
currentSize : 22 <-- 11.090428 s
currentSize : 23 <-- 1086.427124 s
currentSize : 24 <-- 1342.179688 s
currentSize : 27 <-- 1346.490112 s

maxsize : 27
nodes : 146639217.000000
filtered : 3351598027.000000
CCGP filtered : 280867017.000000
CCGT filtered : 242326052.000000
time : 1375.076172
