Parameters: GAD=1 vflib=1 dir=0 label=0 lowerbound=1 fileNameGp=../graphsdb/mcs70/bvg/b09/mcs70_b09_s30.A18 fileNameGt=../graphsdb/mcs70/bvg/b09/mcs70_b09_s30.B18
Reading graphs...
30 :  132
30 :  131
Initializing...
maxdom : 30
D->valSize : 900
Solving...
currentSize : 11 <-- 0.009709 s
currentSize : 12 <-- 0.010030 s
currentSize : 13 <-- 0.012090 s
currentSize : 14 <-- 0.026127 s
currentSize : 15 <-- 0.105273 s
currentSize : 16 <-- 1.100151 s
currentSize : 17 <-- 1.100586 s
currentSize : 19 <-- 1.102873 s
currentSize : 20 <-- 1.103128 s

maxsize : 20
nodes : 1455051.000000
filtered : 47616380.000000
CCGP filtered : 166003.000000
CCGT filtered : 179426.000000
time : 15.544826
