Parameters: GAD=1 vflib=1 dir=0 label=0 lowerbound=1 fileNameGp=../graphsdb/mcs70/rand/r01/mcs70_r01_s30.A69 fileNameGt=../graphsdb/mcs70/rand/r01/mcs70_r01_s30.B69
Reading graphs...
30 :  79
30 :  81
Initializing...
maxdom : 30
D->valSize : 900
Solving...
currentSize : 11 <-- 0.018243 s
currentSize : 12 <-- 0.018480 s
currentSize : 13 <-- 0.018573 s
currentSize : 14 <-- 0.022396 s
currentSize : 15 <-- 0.040246 s
currentSize : 16 <-- 0.146019 s
currentSize : 17 <-- 1.212100 s
currentSize : 18 <-- 15.391641 s
currentSize : 19 <-- 15.851789 s
currentSize : 21 <-- 16.108887 s

maxsize : 21
nodes : 3151301.000000
filtered : 75532831.000000
CCGP filtered : 3755633.000000
CCGT filtered : 4133732.000000
time : 27.999575
