Parameters: GAD=1 vflib=1 dir=0 label=0 lowerbound=1 fileNameGp=../graphsdb/mcs70/m3D/m3Dr2/mcs70_m3Dr2_s35.A03 fileNameGt=../graphsdb/mcs70/m3D/m3Dr2/mcs70_m3Dr2_s35.B03
Reading graphs...
35 :  79
35 :  77
Initializing...
maxdom : 35
D->valSize : 1225
Solving...
currentSize : 14 <-- 0.035291 s
currentSize : 15 <-- 0.035391 s
currentSize : 16 <-- 0.036356 s
currentSize : 17 <-- 0.037266 s
currentSize : 18 <-- 0.044223 s
currentSize : 19 <-- 0.045893 s
currentSize : 20 <-- 0.056419 s
currentSize : 21 <-- 1.032416 s
currentSize : 22 <-- 1.791266 s
currentSize : 23 <-- 69.621170 s
currentSize : 24 <-- 385.683411 s
currentSize : 25 <-- 385.683624 s
currentSize : 27 <-- 453.476654 s

maxsize : 27
nodes : 49433943.000000
filtered : 1363264975.000000
CCGP filtered : 117191383.000000
CCGT filtered : 56187605.000000
time : 467.772339
