Parameters: GAD=1 vflib=1 dir=0 label=0 lowerbound=1 fileNameGp=../graphsdb/mcs70/rand/r01/mcs70_r01_s35.A32 fileNameGt=../graphsdb/mcs70/rand/r01/mcs70_r01_s35.B32
Reading graphs...
35 :  112
35 :  112
Initializing...
maxdom : 35
D->valSize : 1225
Solving...
currentSize : 13 <-- 0.018946 s
currentSize : 14 <-- 0.018977 s
currentSize : 15 <-- 0.019511 s
currentSize : 16 <-- 0.027382 s
currentSize : 17 <-- 0.078442 s
currentSize : 18 <-- 0.157601 s
currentSize : 19 <-- 6.621770 s
currentSize : 20 <-- 464.686676 s
currentSize : 23 <-- 1031.257812 s
currentSize : 24 <-- 1041.250244 s

maxsize : 24
nodes : 116418116.000000
filtered : 2698364896.000000
CCGP filtered : 131226232.000000
CCGT filtered : 47097237.000000
time : 1154.879517
