Parameters: GAD=1 vflib=1 dir=0 label=0 lowerbound=1 fileNameGp=../graphsdb/mcs70/bvg/b09/mcs70_b09_s30.A85 fileNameGt=../graphsdb/mcs70/bvg/b09/mcs70_b09_s30.B85
Reading graphs...
30 :  134
30 :  132
Initializing...
maxdom : 30
D->valSize : 900
Solving...
currentSize : 9 <-- 0.009929 s
currentSize : 10 <-- 0.010019 s
currentSize : 11 <-- 0.011731 s
currentSize : 12 <-- 0.018387 s
currentSize : 13 <-- 0.020387 s
currentSize : 15 <-- 0.020633 s
currentSize : 16 <-- 0.021034 s
currentSize : 17 <-- 0.021136 s
currentSize : 19 <-- 0.358281 s
currentSize : 20 <-- 0.358568 s
currentSize : 21 <-- 2.670024 s

maxsize : 21
nodes : 923371.000000
filtered : 29535032.000000
CCGP filtered : 92658.000000
CCGT filtered : 198297.000000
time : 9.831250
