Parameters: GAD=1 vflib=1 dir=0 label=0 lowerbound=1 fileNameGp=../graphsdb/mcs70/bvg/b06m/mcs70_b06m_s35.A22 fileNameGt=../graphsdb/mcs70/bvg/b06m/mcs70_b06m_s35.B22
Reading graphs...
35 :  104
35 :  105
Initializing...
maxdom : 35
D->valSize : 1225
Solving...
currentSize : 11 <-- 0.033759 s
currentSize : 13 <-- 0.033830 s
currentSize : 14 <-- 0.034224 s
currentSize : 15 <-- 0.034430 s
currentSize : 16 <-- 0.037578 s
currentSize : 17 <-- 0.044841 s
currentSize : 18 <-- 0.253066 s
currentSize : 19 <-- 1.730008 s
currentSize : 20 <-- 14.181901 s
currentSize : 21 <-- 41.277634 s
currentSize : 22 <-- 200.377060 s
currentSize : 24 <-- 228.408539 s
currentSize : 25 <-- 228.408691 s

maxsize : 25
nodes : 23941951.000000
filtered : 805886258.000000
CCGP filtered : 55361499.000000
CCGT filtered : 38464113.000000
time : 261.902771
