Parameters: GAD=1 vflib=1 dir=0 label=0 lowerbound=1 fileNameGp=../graphsdb/mcs70/rand/r02/mcs70_r02_s35.A48 fileNameGt=../graphsdb/mcs70/rand/r02/mcs70_r02_s35.B48
Reading graphs...
35 :  204
35 :  213
Initializing...
maxdom : 35
D->valSize : 1225
Solving...
currentSize : 11 <-- 0.017341 s
currentSize : 12 <-- 0.018042 s
currentSize : 13 <-- 0.043906 s
currentSize : 14 <-- 0.155583 s
currentSize : 15 <-- 3.426257 s
currentSize : 16 <-- 98.525986 s
currentSize : 17 <-- 588.267700 s
currentSize : 18 <-- 719.936646 s
currentSize : 20 <-- 719.960266 s
currentSize : 24 <-- 720.257324 s

maxsize : 24
nodes : 64393295.000000
filtered : 1039510931.000000
CCGP filtered : 1504024.000000
CCGT filtered : 4301176.000000
time : 745.819763
