Parameters: GAD=1 vflib=1 dir=0 label=0 lowerbound=1 fileNameGp=../graphsdb/mcs70/bvg/b09/mcs70_b09_s35.A30 fileNameGt=../graphsdb/mcs70/bvg/b09/mcs70_b09_s35.B30
Reading graphs...
35 :  155
35 :  155
Initializing...
maxdom : 35
D->valSize : 1225
Solving...
currentSize : 15 <-- 0.018588 s
currentSize : 16 <-- 0.018702 s
currentSize : 17 <-- 0.018863 s
currentSize : 18 <-- 0.018947 s
currentSize : 19 <-- 0.021920 s
currentSize : 21 <-- 0.022240 s
currentSize : 23 <-- 0.582584 s
currentSize : 24 <-- 0.582768 s
currentSize : 25 <-- 0.843099 s

maxsize : 25
nodes : 2008653.000000
filtered : 96111584.000000
CCGP filtered : 419117.000000
CCGT filtered : 73995.000000
time : 25.659824
