Parameters: GAD=1 vflib=1 dir=0 label=0 lowerbound=1 fileNameGp=../graphsdb/mcs70/bvg/b06m/mcs70_b06m_s30.A17 fileNameGt=../graphsdb/mcs70/bvg/b06m/mcs70_b06m_s30.B17
Reading graphs...
30 :  86
30 :  87
Initializing...
maxdom : 30
D->valSize : 900
Solving...
currentSize : 12 <-- 0.010322 s
currentSize : 13 <-- 0.010543 s
currentSize : 14 <-- 0.010817 s
currentSize : 15 <-- 0.042834 s
currentSize : 16 <-- 0.087332 s
currentSize : 17 <-- 3.030819 s
currentSize : 18 <-- 16.311785 s
currentSize : 19 <-- 33.253685 s
currentSize : 22 <-- 33.253757 s

maxsize : 22
nodes : 3850547.000000
filtered : 92938224.000000
CCGP filtered : 9696834.000000
CCGT filtered : 7149016.000000
time : 35.627995
