Parameters: GAD=1 vflib=1 dir=0 label=0 lowerbound=1 fileNameGp=../graphsdb/mcs70/bvg/b09m/mcs70_b09m_s35.A37 fileNameGt=../graphsdb/mcs70/bvg/b09m/mcs70_b09m_s35.B37
Reading graphs...
35 :  151
35 :  152
Initializing...
maxdom : 35
D->valSize : 1225
Solving...
currentSize : 11 <-- 0.018508 s
currentSize : 12 <-- 0.018592 s
currentSize : 13 <-- 0.018842 s
currentSize : 14 <-- 0.027777 s
currentSize : 15 <-- 0.052574 s
currentSize : 16 <-- 0.963223 s
currentSize : 17 <-- 5.390764 s
currentSize : 18 <-- 13.377204 s
currentSize : 19 <-- 13.377254 s
currentSize : 20 <-- 13.377969 s
currentSize : 24 <-- 13.751211 s

maxsize : 24
nodes : 3346405.000000
filtered : 131837022.000000
CCGP filtered : 2276351.000000
CCGT filtered : 2756933.000000
time : 40.760624
