Parameters: GAD=1 vflib=1 dir=0 label=0 lowerbound=1 fileNameGp=../graphsdb/mcs70/bvg/b09/mcs70_b09_s35.A08 fileNameGt=../graphsdb/mcs70/bvg/b09/mcs70_b09_s35.B08
Reading graphs...
35 :  155
35 :  155
Initializing...
maxdom : 35
D->valSize : 1225
Solving...
currentSize : 13 <-- 0.031713 s
currentSize : 14 <-- 0.031921 s
currentSize : 15 <-- 0.033188 s
currentSize : 16 <-- 0.033380 s
currentSize : 17 <-- 0.637797 s
currentSize : 18 <-- 0.645833 s
currentSize : 19 <-- 2.358499 s
currentSize : 21 <-- 2.515541 s
currentSize : 22 <-- 2.515606 s
currentSize : 24 <-- 2.517607 s

maxsize : 24
nodes : 4408893.000000
filtered : 181867609.000000
CCGP filtered : 387718.000000
CCGT filtered : 248524.000000
time : 54.657436
