Parameters: GAD=1 vflib=1 dir=0 label=0 lowerbound=1 fileNameGp=../graphsdb/mcs70/m3D/m3D/mcs70_m3D_s35.A65 fileNameGt=../graphsdb/mcs70/m3D/m3D/mcs70_m3D_s35.B65
Reading graphs...
35 :  72
35 :  72
Initializing...
maxdom : 35
D->valSize : 1225
Solving...
currentSize : 15 <-- 0.025435 s
currentSize : 17 <-- 0.025548 s
currentSize : 18 <-- 0.025696 s
currentSize : 19 <-- 0.025748 s
currentSize : 20 <-- 0.053006 s
currentSize : 21 <-- 0.322744 s
currentSize : 22 <-- 6.522658 s
currentSize : 23 <-- 35.227489 s
currentSize : 24 <-- 45.738922 s
currentSize : 25 <-- 52.594612 s
currentSize : 26 <-- 60.828407 s
currentSize : 27 <-- 81.059769 s
currentSize : 28 <-- 81.360710 s
currentSize : 29 <-- 81.364624 s

maxsize : 29
nodes : 8913169.000000
filtered : 233320472.000000
CCGP filtered : 21423229.000000
CCGT filtered : 15075752.000000
time : 83.889038
