Parameters: GAD=1 vflib=1 dir=0 label=0 lowerbound=1 fileNameGp=../graphsdb/mcs70/rand/r01/mcs70_r01_s35.A18 fileNameGt=../graphsdb/mcs70/rand/r01/mcs70_r01_s35.B18
Reading graphs...
35 :  111
35 :  114
Initializing...
maxdom : 35
D->valSize : 1225
Solving...
currentSize : 12 <-- 0.033374 s
currentSize : 13 <-- 0.033571 s
currentSize : 14 <-- 0.033906 s
currentSize : 15 <-- 0.034491 s
currentSize : 16 <-- 0.035320 s
currentSize : 17 <-- 0.113358 s
currentSize : 18 <-- 0.138874 s
currentSize : 19 <-- 3.203286 s
currentSize : 20 <-- 2203.223633 s
currentSize : 22 <-- 2430.784180 s
currentSize : 24 <-- 2430.784424 s

maxsize : 24
nodes : 252951837.000000
filtered : 5326698687.000000
CCGP filtered : 324958560.000000
CCGT filtered : 181884760.000000
time : 2503.534912
