Parameters: GAD=1 vflib=1 dir=0 label=0 lowerbound=1 fileNameGp=../graphsdb/mcs70/m3D/m3Dr4/mcs70_m3Dr4_s35.A05 fileNameGt=../graphsdb/mcs70/m3D/m3Dr4/mcs70_m3Dr4_s35.B05
Reading graphs...
35 :  85
35 :  85
Initializing...
maxdom : 35
D->valSize : 1225
Solving...
currentSize : 16 <-- 0.020020 s
currentSize : 17 <-- 0.022388 s
currentSize : 18 <-- 0.029005 s
currentSize : 19 <-- 0.092969 s
currentSize : 20 <-- 0.190031 s
currentSize : 21 <-- 20.508364 s
currentSize : 22 <-- 25.739408 s
currentSize : 23 <-- 25.791084 s
currentSize : 25 <-- 149.322266 s
currentSize : 27 <-- 149.351990 s

maxsize : 27
nodes : 15547259.000000
filtered : 481499922.000000
CCGP filtered : 31429589.000000
CCGT filtered : 32880834.000000
time : 164.256393
