Parameters: GAD=1 vflib=1 dir=0 label=0 lowerbound=1 fileNameGp=../graphsdb/mcs70/rand/r01/mcs70_r01_s30.A96 fileNameGt=../graphsdb/mcs70/rand/r01/mcs70_r01_s30.B96
Reading graphs...
30 :  82
30 :  81
Initializing...
maxdom : 30
D->valSize : 900
Solving...
currentSize : 11 <-- 0.010731 s
currentSize : 12 <-- 0.010880 s
currentSize : 13 <-- 0.011675 s
currentSize : 14 <-- 0.011771 s
currentSize : 15 <-- 0.017215 s
currentSize : 16 <-- 0.092307 s
currentSize : 17 <-- 1.035434 s
currentSize : 18 <-- 4.696669 s
currentSize : 19 <-- 80.022461 s
currentSize : 21 <-- 87.996704 s

maxsize : 21
nodes : 9925403.000000
filtered : 224815412.000000
CCGP filtered : 16630661.000000
CCGT filtered : 23036228.000000
time : 90.881615
