Parameters: GAD=1 vflib=1 dir=0 label=0 lowerbound=1 fileNameGp=../graphsdb/mcs70/bvg/b03m/mcs70_b03m_s20.A38 fileNameGt=../graphsdb/mcs70/bvg/b03m/mcs70_b03m_s20.B38
Reading graphs...
20 :  30
20 :  30
Initializing...
maxdom : 20
D->valSize : 400
Solving...
currentSize : 8 <-- 0.002293 s
currentSize : 9 <-- 0.003736 s
currentSize : 10 <-- 0.007009 s
currentSize : 11 <-- 0.007779 s
currentSize : 12 <-- 0.008647 s
currentSize : 13 <-- 0.008819 s
currentSize : 14 <-- 0.012210 s
currentSize : 15 <-- 0.030936 s
currentSize : 16 <-- 0.056091 s

maxsize : 16
nodes : 10583.000000
filtered : 176832.000000
CCGP filtered : 72442.000000
CCGT filtered : 36676.000000
time : 0.063231
