Parameters: GAD=1 vflib=1 dir=0 label=0 lowerbound=1 fileNameGp=../graphsdb/mcs70/m2D/m2Dr4/mcs70_m2Dr4_s35.A99 fileNameGt=../graphsdb/mcs70/m2D/m2Dr4/mcs70_m2Dr4_s35.B99
Reading graphs...
35 :  72
35 :  72
Initializing...
maxdom : 35
D->valSize : 1225
Solving...
currentSize : 14 <-- 0.020403 s
currentSize : 16 <-- 0.020476 s
currentSize : 17 <-- 0.020559 s
currentSize : 18 <-- 0.021173 s
currentSize : 19 <-- 0.035523 s
currentSize : 20 <-- 0.124019 s
currentSize : 21 <-- 0.902106 s
currentSize : 22 <-- 27.517897 s
currentSize : 23 <-- 151.935410 s
currentSize : 25 <-- 154.416443 s

maxsize : 25
nodes : 31092407.000000
filtered : 902981958.000000
CCGP filtered : 157395580.000000
CCGT filtered : 103210705.000000
time : 308.609406
