Parameters: GAD=1 vflib=1 dir=0 label=0 lowerbound=1 fileNameGp=../graphsdb/mcs70/m2D/m2Dr6/m2Dr6/mcs70_m2Dr6_s35.A14 fileNameGt=../graphsdb/mcs70/m2D/m2Dr6/m2Dr6/mcs70_m2Dr6_s35.B14
Reading graphs...
35 :  79
35 :  78
Initializing...
maxdom : 35
D->valSize : 1225
Solving...
currentSize : 16 <-- 0.020418 s
currentSize : 17 <-- 0.020684 s
currentSize : 18 <-- 0.021497 s
currentSize : 19 <-- 0.026747 s
currentSize : 20 <-- 0.034956 s
currentSize : 21 <-- 0.035037 s
currentSize : 22 <-- 0.639955 s
currentSize : 23 <-- 1034.600830 s
currentSize : 24 <-- 1035.088867 s
currentSize : 25 <-- 1038.988037 s

maxsize : 25
nodes : 116929986.000000
filtered : 2939220415.000000
CCGP filtered : 262577073.000000
CCGT filtered : 273486977.000000
time : 1144.254761
