Parameters: GAD=1 vflib=1 dir=0 label=0 lowerbound=1 fileNameGp=../graphsdb/mcs70/bvg/b09/mcs70_b09_s25.A29 fileNameGt=../graphsdb/mcs70/bvg/b09/mcs70_b09_s25.B29
Reading graphs...
25 :  108
25 :  109
Initializing...
maxdom : 25
D->valSize : 625
Solving...
currentSize : 8 <-- 0.004620 s
currentSize : 9 <-- 0.004669 s
currentSize : 10 <-- 0.004860 s
currentSize : 11 <-- 0.005002 s
currentSize : 12 <-- 0.005817 s
currentSize : 13 <-- 0.008497 s
currentSize : 14 <-- 0.015239 s
currentSize : 15 <-- 0.016312 s
currentSize : 16 <-- 0.079588 s
currentSize : 17 <-- 0.083178 s

maxsize : 17
nodes : 179670.000000
filtered : 5213955.000000
CCGP filtered : 14616.000000
CCGT filtered : 4932.000000
time : 1.654623
