Parameters: GAD=1 vflib=1 dir=0 label=0 lowerbound=1 fileNameGp=../graphsdb/mcs70/m2D/m2Dr6/m2Dr6/mcs70_m2Dr6_s35.A41 fileNameGt=../graphsdb/mcs70/m2D/m2Dr6/m2Dr6/mcs70_m2Dr6_s35.B41
Reading graphs...
35 :  77
35 :  73
Initializing...
maxdom : 35
D->valSize : 1225
Solving...
currentSize : 16 <-- 0.035385 s
currentSize : 17 <-- 0.036194 s
currentSize : 18 <-- 0.036569 s
currentSize : 19 <-- 0.037894 s
currentSize : 20 <-- 0.066338 s
currentSize : 21 <-- 0.375233 s
currentSize : 22 <-- 0.938574 s
currentSize : 23 <-- 22.236109 s
currentSize : 24 <-- 223.027328 s
currentSize : 25 <-- 358.113525 s

maxsize : 25
nodes : 49884606.000000
filtered : 1496982166.000000
CCGP filtered : 209276349.000000
CCGT filtered : 153438367.000000
time : 498.008026
