Parameters: GAD=1 vflib=1 dir=0 label=0 lowerbound=1 fileNameGp=../graphsdb/mcs70/bvg/b09/mcs70_b09_s25.A70 fileNameGt=../graphsdb/mcs70/bvg/b09/mcs70_b09_s25.B70
Reading graphs...
25 :  107
25 :  110
Initializing...
maxdom : 25
D->valSize : 625
Solving...
currentSize : 8 <-- 0.004777 s
currentSize : 9 <-- 0.004886 s
currentSize : 10 <-- 0.005059 s
currentSize : 11 <-- 0.005426 s
currentSize : 12 <-- 0.007451 s
currentSize : 13 <-- 0.007674 s
currentSize : 14 <-- 0.086862 s
currentSize : 15 <-- 0.087160 s
currentSize : 16 <-- 0.087404 s
currentSize : 17 <-- 0.112638 s
currentSize : 18 <-- 0.393421 s

maxsize : 18
nodes : 136220.000000
filtered : 3536861.000000
CCGP filtered : 5880.000000
CCGT filtered : 21856.000000
time : 1.203513
