Parameters: GAD=1 vflib=1 dir=0 label=0 lowerbound=1 fileNameGp=../graphsdb/mcs70/rand/r02/mcs70_r02_s35.A75 fileNameGt=../graphsdb/mcs70/rand/r02/mcs70_r02_s35.B75
Reading graphs...
35 :  210
35 :  219
Initializing...
maxdom : 35
D->valSize : 1225
Solving...
currentSize : 9 <-- 0.017818 s
currentSize : 11 <-- 0.017869 s
currentSize : 12 <-- 0.026325 s
currentSize : 13 <-- 0.051374 s
currentSize : 14 <-- 1.466175 s
currentSize : 15 <-- 225.329102 s
currentSize : 16 <-- 320.046173 s
currentSize : 17 <-- 320.525940 s
currentSize : 18 <-- 320.876678 s
currentSize : 24 <-- 320.924164 s

maxsize : 24
nodes : 32466744.000000
filtered : 441478804.000000
CCGP filtered : 878728.000000
CCGT filtered : 613371.000000
time : 357.133728
