Parameters: GAD=1 vflib=1 dir=0 label=0 lowerbound=1 fileNameGp=../graphsdb/mcs70/bvg/b03m/mcs70_b03m_s30.A75 fileNameGt=../graphsdb/mcs70/bvg/b03m/mcs70_b03m_s30.B75
Reading graphs...
30 :  45
30 :  45
Initializing...
maxdom : 30
D->valSize : 900
Solving...
currentSize : 10 <-- 0.011256 s
currentSize : 12 <-- 0.011459 s
currentSize : 13 <-- 0.011475 s
currentSize : 15 <-- 0.011593 s
currentSize : 16 <-- 0.014218 s
currentSize : 17 <-- 0.014939 s
currentSize : 19 <-- 0.018423 s
currentSize : 20 <-- 0.020009 s
currentSize : 21 <-- 0.179146 s
currentSize : 22 <-- 0.764792 s
currentSize : 23 <-- 2.176053 s

maxsize : 23
nodes : 271783.000000
filtered : 6997418.000000
CCGP filtered : 8634472.000000
CCGT filtered : 3861485.000000
time : 2.694292
