Parameters: GAD=1 vflib=1 dir=0 label=0 lowerbound=1 fileNameGp=../graphsdb/mcs70/bvg/b09/mcs70_b09_s35.A26 fileNameGt=../graphsdb/mcs70/bvg/b09/mcs70_b09_s35.B26
Reading graphs...
35 :  155
35 :  152
Initializing...
maxdom : 35
D->valSize : 1225
Solving...
currentSize : 11 <-- 0.031581 s
currentSize : 12 <-- 0.031960 s
currentSize : 13 <-- 0.032427 s
currentSize : 14 <-- 0.032999 s
currentSize : 16 <-- 0.033155 s
currentSize : 17 <-- 0.039229 s
currentSize : 18 <-- 0.615777 s
currentSize : 19 <-- 1.100453 s
currentSize : 20 <-- 2.981057 s
currentSize : 21 <-- 4.858893 s
currentSize : 23 <-- 5.360107 s
currentSize : 24 <-- 5.361064 s
currentSize : 25 <-- 7.695617 s
currentSize : 26 <-- 8.729094 s

maxsize : 26
nodes : 1481939.000000
filtered : 56995489.000000
CCGP filtered : 167416.000000
CCGT filtered : 857452.000000
time : 17.990135
