Parameters: GAD=1 vflib=1 dir=0 label=0 lowerbound=1 fileNameGp=../graphsdb/mcs70/bvg/b06m/mcs70_b06m_s30.A65 fileNameGt=../graphsdb/mcs70/bvg/b06m/mcs70_b06m_s30.B65
Reading graphs...
30 :  89
30 :  89
Initializing...
maxdom : 30
D->valSize : 900
Solving...
currentSize : 12 <-- 0.010362 s
currentSize : 13 <-- 0.010646 s
currentSize : 14 <-- 0.012741 s
currentSize : 15 <-- 0.022620 s
currentSize : 16 <-- 0.044431 s
currentSize : 17 <-- 0.663735 s
currentSize : 18 <-- 96.383675 s
currentSize : 19 <-- 117.467064 s
currentSize : 21 <-- 117.702492 s

maxsize : 21
nodes : 14105552.000000
filtered : 307796321.000000
CCGP filtered : 23164345.000000
CCGT filtered : 14778977.000000
time : 124.563004
