Parameters: GAD=1 vflib=1 dir=0 label=0 lowerbound=1 fileNameGp=../graphsdb/mcs70/m2D/m2D/mcs70_m2D_s35.A97 fileNameGt=../graphsdb/mcs70/m2D/m2D/mcs70_m2D_s35.B97
Reading graphs...
35 :  58
35 :  57
Initializing...
maxdom : 35
D->valSize : 1225
Solving...
currentSize : 16 <-- 0.020660 s
currentSize : 17 <-- 0.020691 s
currentSize : 18 <-- 0.020744 s
currentSize : 19 <-- 0.021067 s
currentSize : 20 <-- 0.022340 s
currentSize : 21 <-- 0.026945 s
currentSize : 22 <-- 0.034031 s
currentSize : 23 <-- 0.910630 s
currentSize : 24 <-- 4.087529 s
currentSize : 25 <-- 4.284441 s
currentSize : 26 <-- 86.285637 s

maxsize : 26
nodes : 11580245.000000
filtered : 330622451.000000
CCGP filtered : 103739506.000000
CCGT filtered : 71167501.000000
time : 115.027306
