Parameters: GAD=1 vflib=1 dir=0 label=0 lowerbound=1 fileNameGp=../graphsdb/mcs70/bvg/b03m/mcs70_b03m_s35.A05 fileNameGt=../graphsdb/mcs70/bvg/b03m/mcs70_b03m_s35.B05
Reading graphs...
35 :  52
35 :  52
Initializing...
maxdom : 35
D->valSize : 1225
Solving...
currentSize : 7 <-- 0.036949 s
currentSize : 11 <-- 0.037609 s
currentSize : 14 <-- 0.037715 s
currentSize : 15 <-- 0.038454 s
currentSize : 16 <-- 0.039445 s
currentSize : 17 <-- 0.041658 s
currentSize : 18 <-- 0.051723 s
currentSize : 19 <-- 0.051954 s
currentSize : 20 <-- 0.078574 s
currentSize : 21 <-- 0.092943 s
currentSize : 22 <-- 0.134093 s
currentSize : 23 <-- 0.301198 s
currentSize : 24 <-- 1.374324 s
currentSize : 25 <-- 3.658482 s
currentSize : 26 <-- 3.839690 s
currentSize : 27 <-- 5.415127 s

maxsize : 27
nodes : 1392636.000000
filtered : 43258907.000000
CCGP filtered : 21978097.000000
CCGT filtered : 11685014.000000
time : 14.322248
