Parameters: GAD=1 vflib=1 dir=0 label=0 lowerbound=1 fileNameGp=../graphsdb/mcs70/bvg/b06/mcs70_b06_s30.A61 fileNameGt=../graphsdb/mcs70/bvg/b06/mcs70_b06_s30.B61
Reading graphs...
30 :  90
30 :  89
Initializing...
maxdom : 30
D->valSize : 900
Solving...
currentSize : 13 <-- 0.017735 s
currentSize : 14 <-- 0.018537 s
currentSize : 15 <-- 0.018871 s
currentSize : 16 <-- 0.018912 s
currentSize : 17 <-- 0.019516 s
currentSize : 18 <-- 0.031600 s
currentSize : 19 <-- 0.031935 s
currentSize : 20 <-- 0.149905 s
currentSize : 21 <-- 0.238682 s
currentSize : 22 <-- 0.836901 s
currentSize : 23 <-- 2.060302 s

maxsize : 23
nodes : 377332.000000
filtered : 12817107.000000
CCGP filtered : 247025.000000
CCGT filtered : 28487.000000
time : 3.610833
