Parameters: GAD=1 vflib=1 dir=0 label=0 lowerbound=1 fileNameGp=../graphsdb/mcs70/m2D/m2Dr4/mcs70_m2Dr4_s35.A17 fileNameGt=../graphsdb/mcs70/m2D/m2Dr4/mcs70_m2Dr4_s35.B17
Reading graphs...
35 :  71
35 :  71
Initializing...
maxdom : 35
D->valSize : 1225
Solving...
currentSize : 13 <-- 0.027693 s
currentSize : 14 <-- 0.028112 s
currentSize : 16 <-- 0.028304 s
currentSize : 17 <-- 0.029287 s
currentSize : 18 <-- 0.032170 s
currentSize : 19 <-- 0.033852 s
currentSize : 20 <-- 0.082041 s
currentSize : 21 <-- 2.068478 s
currentSize : 22 <-- 8.056415 s
currentSize : 23 <-- 13.067745 s
currentSize : 24 <-- 41.302269 s
currentSize : 25 <-- 127.564728 s
currentSize : 26 <-- 127.564888 s

maxsize : 26
nodes : 18953108.000000
filtered : 593214841.000000
CCGP filtered : 73022393.000000
CCGT filtered : 46633209.000000
time : 192.998260
