Parameters: GAD=1 vflib=1 dir=0 label=0 lowerbound=1 fileNameGp=../graphsdb/mcs70/bvg/b09m/mcs70_b09m_s30.A03 fileNameGt=../graphsdb/mcs70/bvg/b09m/mcs70_b09m_s30.B03
Reading graphs...
30 :  128
30 :  126
Initializing...
maxdom : 30
D->valSize : 900
Solving...
currentSize : 9 <-- 0.016737 s
currentSize : 10 <-- 0.017060 s
currentSize : 11 <-- 0.018263 s
currentSize : 12 <-- 0.027086 s
currentSize : 13 <-- 0.061520 s
currentSize : 14 <-- 0.129210 s
currentSize : 15 <-- 3.233447 s
currentSize : 17 <-- 20.646524 s
currentSize : 18 <-- 20.647125 s
currentSize : 21 <-- 29.045521 s

maxsize : 21
nodes : 3287047.000000
filtered : 67367491.000000
CCGP filtered : 957712.000000
CCGT filtered : 4085064.000000
time : 33.507263
