Parameters: GAD=1 vflib=1 dir=0 label=0 lowerbound=1 fileNameGp=../graphsdb/mcs70/bvg/b03m/mcs70_b03m_s20.A97 fileNameGt=../graphsdb/mcs70/bvg/b03m/mcs70_b03m_s20.B97
Reading graphs...
20 :  28
20 :  28
Initializing...
maxdom : 20
D->valSize : 400
Solving...
currentSize : 7 <-- 0.002287 s
currentSize : 8 <-- 0.002314 s
currentSize : 10 <-- 0.002355 s
currentSize : 11 <-- 0.002447 s
currentSize : 12 <-- 0.002870 s
currentSize : 13 <-- 0.003179 s
currentSize : 14 <-- 0.010768 s
currentSize : 15 <-- 0.043127 s
currentSize : 16 <-- 0.071202 s

maxsize : 16
nodes : 15927.000000
filtered : 269001.000000
CCGP filtered : 160240.000000
CCGT filtered : 76823.000000
time : 0.098314
