Parameters: GAD=1 vflib=1 dir=0 label=0 lowerbound=1 fileNameGp=../graphsdb/mcs70/rand/r005/mcs70_r005_s30.A38 fileNameGt=../graphsdb/mcs70/rand/r005/mcs70_r005_s30.B38
Reading graphs...
30 :  42
30 :  42
Initializing...
maxdom : 30
D->valSize : 900
Solving...
currentSize : 14 <-- 0.011186 s
currentSize : 15 <-- 0.011655 s
currentSize : 16 <-- 0.011851 s
currentSize : 17 <-- 0.013684 s
currentSize : 18 <-- 0.013992 s
currentSize : 19 <-- 0.271496 s
currentSize : 20 <-- 0.279457 s
currentSize : 21 <-- 0.375452 s
currentSize : 22 <-- 0.383175 s
currentSize : 23 <-- 0.398824 s

maxsize : 23
nodes : 117859.000000
filtered : 2814766.000000
CCGP filtered : 1790370.000000
CCGT filtered : 822760.000000
time : 1.034163
