Parameters: GAD=1 vflib=1 dir=0 label=0 lowerbound=1 fileNameGp=../graphsdb/mcs70/bvg/b03m/mcs70_b03m_s35.A58 fileNameGt=../graphsdb/mcs70/bvg/b03m/mcs70_b03m_s35.B58
Reading graphs...
35 :  52
35 :  52
Initializing...
maxdom : 35
D->valSize : 1225
Solving...
currentSize : 17 <-- 0.036853 s
currentSize : 18 <-- 0.037043 s
currentSize : 20 <-- 0.037400 s
currentSize : 21 <-- 0.112267 s
currentSize : 22 <-- 0.318143 s
currentSize : 23 <-- 0.640435 s
currentSize : 24 <-- 6.626952 s
currentSize : 25 <-- 14.256044 s
currentSize : 26 <-- 22.343435 s
currentSize : 27 <-- 29.497875 s

maxsize : 27
nodes : 3101650.000000
filtered : 86897080.000000
CCGP filtered : 78835165.000000
CCGT filtered : 36776347.000000
time : 33.127769
