Parameters: GAD=1 vflib=1 dir=0 label=0 lowerbound=1 fileNameGp=../graphsdb/mcs70/rand/r005/mcs70_r005_s30.A65 fileNameGt=../graphsdb/mcs70/rand/r005/mcs70_r005_s30.B65
Reading graphs...
30 :  42
30 :  42
Initializing...
maxdom : 30
D->valSize : 900
Solving...
currentSize : 8 <-- 0.011365 s
currentSize : 10 <-- 0.011606 s
currentSize : 11 <-- 0.011897 s
currentSize : 12 <-- 0.011940 s
currentSize : 13 <-- 0.028763 s
currentSize : 14 <-- 0.036664 s
currentSize : 15 <-- 0.036847 s
currentSize : 16 <-- 0.037010 s
currentSize : 17 <-- 0.317123 s
currentSize : 18 <-- 0.329147 s
currentSize : 19 <-- 0.506697 s
currentSize : 20 <-- 1.560729 s
currentSize : 21 <-- 1.759072 s
currentSize : 22 <-- 2.143274 s

maxsize : 22
nodes : 513744.000000
filtered : 8885471.000000
CCGP filtered : 8400899.000000
CCGT filtered : 4786072.000000
time : 4.058802
