Parameters: GAD=1 vflib=1 dir=0 label=0 lowerbound=1 fileNameGp=../graphsdb/mcs70/bvg/b09m/mcs70_b09m_s30.A59 fileNameGt=../graphsdb/mcs70/bvg/b09m/mcs70_b09m_s30.B59
Reading graphs...
30 :  128
30 :  128
Initializing...
maxdom : 30
D->valSize : 900
Solving...
currentSize : 9 <-- 0.016685 s
currentSize : 11 <-- 0.016754 s
currentSize : 12 <-- 0.021109 s
currentSize : 13 <-- 0.041036 s
currentSize : 14 <-- 0.176719 s
currentSize : 15 <-- 0.682309 s
currentSize : 16 <-- 3.059297 s
currentSize : 18 <-- 85.538506 s
currentSize : 20 <-- 85.540634 s

maxsize : 20
nodes : 9885952.000000
filtered : 187703393.000000
CCGP filtered : 3562053.000000
CCGT filtered : 5888904.000000
time : 96.238686
