Parameters: GAD=1 vflib=1 dir=0 label=0 lowerbound=1 fileNameGp=../graphsdb/mcs70/rand/r005/mcs70_r005_s35.A80 fileNameGt=../graphsdb/mcs70/rand/r005/mcs70_r005_s35.B80
Reading graphs...
35 :  56
35 :  56
Initializing...
maxdom : 35
D->valSize : 1225
Solving...
currentSize : 14 <-- 0.020656 s
currentSize : 17 <-- 0.020830 s
currentSize : 18 <-- 0.025278 s
currentSize : 19 <-- 0.028279 s
currentSize : 21 <-- 0.037396 s
currentSize : 22 <-- 0.231800 s
currentSize : 23 <-- 0.349486 s
currentSize : 24 <-- 0.800803 s
currentSize : 25 <-- 2.498893 s
currentSize : 26 <-- 2.499162 s

maxsize : 26
nodes : 8773846.000000
filtered : 286978766.000000
CCGP filtered : 68161702.000000
CCGT filtered : 82945262.000000
time : 93.083740
