Parameters: GAD=1 vflib=1 dir=0 label=0 lowerbound=1 fileNameGp=../graphsdb/mcs70/m4D/m4D/mcs70_m4D_s25.A80 fileNameGt=../graphsdb/mcs70/m4D/m4D/mcs70_m4D_s25.B80
Reading graphs...
25 :  47
25 :  47
Initializing...
maxdom : 25
D->valSize : 625
Solving...
currentSize : 9 <-- 0.009063 s
currentSize : 11 <-- 0.009150 s
currentSize : 12 <-- 0.010046 s
currentSize : 13 <-- 0.010560 s
currentSize : 14 <-- 0.012791 s
currentSize : 15 <-- 0.016406 s
currentSize : 16 <-- 0.019738 s
currentSize : 17 <-- 0.119184 s
currentSize : 18 <-- 0.119754 s
currentSize : 19 <-- 0.545860 s

maxsize : 19
nodes : 86792.000000
filtered : 1984160.000000
CCGP filtered : 1141099.000000
CCGT filtered : 364268.000000
time : 0.864988
