Parameters: GAD=1 vflib=1 dir=0 label=0 lowerbound=1 fileNameGp=../graphsdb/mcs70/m2D/m2Dr2/mcs70_m2Dr2_s35.A36 fileNameGt=../graphsdb/mcs70/m2D/m2Dr2/mcs70_m2Dr2_s35.B36
Reading graphs...
35 :  65
35 :  61
Initializing...
maxdom : 35
D->valSize : 1225
Solving...
currentSize : 17 <-- 0.020648 s
currentSize : 18 <-- 0.020917 s
currentSize : 19 <-- 0.022532 s
currentSize : 21 <-- 0.032351 s
currentSize : 22 <-- 0.395499 s
currentSize : 23 <-- 3.057120 s
currentSize : 24 <-- 3.415971 s
currentSize : 25 <-- 3.423917 s
currentSize : 26 <-- 46.359676 s

maxsize : 26
nodes : 12699169.000000
filtered : 417937465.000000
CCGP filtered : 70217494.000000
CCGT filtered : 62789871.000000
time : 129.817078
