Parameters: GAD=1 vflib=1 dir=0 label=0 lowerbound=1 fileNameGp=../graphsdb/mcs70/m2D/m2Dr2/mcs70_m2Dr2_s35.A29 fileNameGt=../graphsdb/mcs70/m2D/m2Dr2/mcs70_m2Dr2_s35.B29
Reading graphs...
35 :  64
35 :  64
Initializing...
maxdom : 35
D->valSize : 1225
Solving...
currentSize : 16 <-- 0.036018 s
currentSize : 17 <-- 0.036254 s
currentSize : 18 <-- 0.036593 s
currentSize : 20 <-- 0.036881 s
currentSize : 21 <-- 0.050424 s
currentSize : 22 <-- 0.242404 s
currentSize : 23 <-- 0.507027 s
currentSize : 24 <-- 2.116723 s
currentSize : 25 <-- 3.122141 s
currentSize : 27 <-- 3.122314 s
currentSize : 28 <-- 3.123124 s

maxsize : 28
nodes : 688413.000000
filtered : 24809338.000000
CCGP filtered : 3772156.000000
CCGT filtered : 3526017.000000
time : 7.713334
