Parameters: GAD=1 vflib=1 dir=0 label=0 lowerbound=1 fileNameGp=../graphsdb/mcs70/bvg/b06m/mcs70_b06m_s35.A09 fileNameGt=../graphsdb/mcs70/bvg/b06m/mcs70_b06m_s35.B09
Reading graphs...
35 :  102
35 :  101
Initializing...
maxdom : 35
D->valSize : 1225
Solving...
currentSize : 15 <-- 0.019412 s
currentSize : 16 <-- 0.019520 s
currentSize : 17 <-- 0.021607 s
currentSize : 18 <-- 0.082586 s
currentSize : 19 <-- 2.806944 s
currentSize : 20 <-- 2.878483 s
currentSize : 21 <-- 61.679615 s
currentSize : 22 <-- 251.569763 s
currentSize : 23 <-- 428.767975 s
currentSize : 24 <-- 431.135986 s

maxsize : 24
nodes : 44317605.000000
filtered : 1396641975.000000
CCGP filtered : 128418331.000000
CCGT filtered : 106465654.000000
time : 476.676758
