Parameters: GAD=1 vflib=1 dir=0 label=0 lowerbound=1 fileNameGp=../graphsdb/mcs70/rand/r02/mcs70_r02_s35.A83 fileNameGt=../graphsdb/mcs70/rand/r02/mcs70_r02_s35.B83
Reading graphs...
35 :  214
35 :  219
Initializing...
maxdom : 35
D->valSize : 1225
Solving...
currentSize : 10 <-- 0.017643 s
currentSize : 11 <-- 0.017695 s
currentSize : 12 <-- 0.018195 s
currentSize : 13 <-- 0.020433 s
currentSize : 14 <-- 0.052196 s
currentSize : 15 <-- 29.980518 s
currentSize : 16 <-- 631.753906 s
currentSize : 17 <-- 935.570862 s
currentSize : 18 <-- 1027.752808 s
currentSize : 24 <-- 1027.753540 s

maxsize : 24
nodes : 96108557.000000
filtered : 1328116216.000000
CCGP filtered : 2100141.000000
CCGT filtered : 4342196.000000
time : 1065.396729
