Parameters: GAD=1 vflib=1 dir=0 label=0 lowerbound=1 fileNameGp=../graphsdb/mcs70/bvg/b03m/mcs70_b03m_s30.A08 fileNameGt=../graphsdb/mcs70/bvg/b03m/mcs70_b03m_s30.B08
Reading graphs...
30 :  45
30 :  45
Initializing...
maxdom : 30
D->valSize : 900
Solving...
currentSize : 15 <-- 0.011363 s
currentSize : 16 <-- 0.011456 s
currentSize : 17 <-- 0.011580 s
currentSize : 18 <-- 0.011642 s
currentSize : 19 <-- 0.013372 s
currentSize : 20 <-- 0.070891 s
currentSize : 21 <-- 0.133652 s
currentSize : 22 <-- 0.738937 s
currentSize : 23 <-- 1.385671 s

maxsize : 23
nodes : 497250.000000
filtered : 13944224.000000
CCGP filtered : 9251210.000000
CCGT filtered : 5990392.000000
time : 4.829335
