Parameters: GAD=1 vflib=1 dir=0 label=0 lowerbound=1 fileNameGp=../graphsdb/mcs70/rand/r02/mcs70_r02_s35.A10 fileNameGt=../graphsdb/mcs70/rand/r02/mcs70_r02_s35.B10
Reading graphs...
35 :  211
35 :  213
Initializing...
maxdom : 35
D->valSize : 1225
Solving...
currentSize : 11 <-- 0.026674 s
currentSize : 12 <-- 0.035113 s
currentSize : 13 <-- 0.037014 s
currentSize : 14 <-- 0.710308 s
currentSize : 15 <-- 66.131325 s
currentSize : 16 <-- 271.774445 s
currentSize : 17 <-- 853.086121 s
currentSize : 18 <-- 1884.812988 s
currentSize : 24 <-- 1884.823120 s

maxsize : 24
nodes : 163822415.000000
filtered : 2365778289.000000
CCGP filtered : 1059364.000000
CCGT filtered : 903247.000000
time : 1906.304199
