Parameters: GAD=1 vflib=1 dir=0 label=0 lowerbound=1 fileNameGp=../graphsdb/mcs70/rand/r02/mcs70_r02_s35.A42 fileNameGt=../graphsdb/mcs70/rand/r02/mcs70_r02_s35.B42
Reading graphs...
35 :  215
35 :  211
Initializing...
maxdom : 35
D->valSize : 1225
Solving...
currentSize : 11 <-- 0.017674 s
currentSize : 12 <-- 0.017868 s
currentSize : 13 <-- 0.019686 s
currentSize : 14 <-- 0.233192 s
currentSize : 15 <-- 157.841904 s
currentSize : 16 <-- 230.108627 s
currentSize : 17 <-- 230.380081 s
currentSize : 18 <-- 230.398743 s
currentSize : 19 <-- 400.017609 s
currentSize : 20 <-- 400.322601 s
currentSize : 21 <-- 400.352417 s
currentSize : 24 <-- 400.352936 s

maxsize : 24
nodes : 37251031.000000
filtered : 620593486.000000
CCGP filtered : 968692.000000
CCGT filtered : 2276917.000000
time : 434.496826
