Parameters: GAD=1 vflib=1 dir=0 label=0 lowerbound=1 fileNameGp=../graphsdb/mcs70/m2D/m2D/mcs70_m2D_s35.A28 fileNameGt=../graphsdb/mcs70/m2D/m2D/mcs70_m2D_s35.B28
Reading graphs...
35 :  58
35 :  58
Initializing...
maxdom : 35
D->valSize : 1225
Solving...
currentSize : 15 <-- 0.021154 s
currentSize : 17 <-- 0.021310 s
currentSize : 19 <-- 0.021335 s
currentSize : 20 <-- 0.021753 s
currentSize : 21 <-- 0.022524 s
currentSize : 22 <-- 0.025811 s
currentSize : 23 <-- 0.027828 s
currentSize : 24 <-- 0.039420 s
currentSize : 25 <-- 3.207276 s
currentSize : 26 <-- 6.298542 s
currentSize : 27 <-- 6.526450 s

maxsize : 27
nodes : 2917050.000000
filtered : 95518426.000000
CCGP filtered : 22787128.000000
CCGT filtered : 11082485.000000
time : 29.618280
