Parameters: GAD=1 vflib=1 dir=0 label=0 lowerbound=1 fileNameGp=../graphsdb/mcs70/rand/r01/mcs70_r01_s30.A71 fileNameGt=../graphsdb/mcs70/rand/r01/mcs70_r01_s30.B71
Reading graphs...
30 :  81
30 :  78
Initializing...
maxdom : 30
D->valSize : 900
Solving...
currentSize : 12 <-- 0.010587 s
currentSize : 13 <-- 0.010653 s
currentSize : 14 <-- 0.012820 s
currentSize : 15 <-- 0.013666 s
currentSize : 16 <-- 0.017642 s
currentSize : 17 <-- 0.106224 s
currentSize : 18 <-- 1.767976 s
currentSize : 19 <-- 141.801483 s
currentSize : 20 <-- 142.134293 s
currentSize : 21 <-- 142.628113 s

maxsize : 21
nodes : 17714388.000000
filtered : 368572643.000000
CCGP filtered : 19224182.000000
CCGT filtered : 28439666.000000
time : 151.590271
