Parameters: GAD=1 vflib=1 dir=0 label=0 lowerbound=1 fileNameGp=../graphsdb/mcs70/bvg/b09/mcs70_b09_s30.A38 fileNameGt=../graphsdb/mcs70/bvg/b09/mcs70_b09_s30.B38
Reading graphs...
30 :  132
30 :  133
Initializing...
maxdom : 30
D->valSize : 900
Solving...
currentSize : 8 <-- 0.016579 s
currentSize : 9 <-- 0.017165 s
currentSize : 10 <-- 0.020525 s
currentSize : 11 <-- 0.051704 s
currentSize : 12 <-- 0.051864 s
currentSize : 13 <-- 0.176878 s
currentSize : 14 <-- 0.681113 s
currentSize : 15 <-- 0.816643 s
currentSize : 16 <-- 0.817788 s
currentSize : 17 <-- 0.817957 s
currentSize : 18 <-- 0.830633 s
currentSize : 20 <-- 0.830926 s
currentSize : 21 <-- 1.374963 s

maxsize : 21
nodes : 545833.000000
filtered : 18675728.000000
CCGP filtered : 76331.000000
CCGT filtered : 100745.000000
time : 5.865658
