Parameters: GAD=1 vflib=1 dir=0 label=0 lowerbound=1 fileNameGp=../graphsdb/mcs70/bvg/b06m/mcs70_b06m_s35.A42 fileNameGt=../graphsdb/mcs70/bvg/b06m/mcs70_b06m_s35.B42
Reading graphs...
35 :  104
35 :  103
Initializing...
maxdom : 35
D->valSize : 1225
Solving...
currentSize : 12 <-- 0.019397 s
currentSize : 14 <-- 0.019488 s
currentSize : 15 <-- 0.019690 s
currentSize : 16 <-- 0.019791 s
currentSize : 17 <-- 0.019989 s
currentSize : 18 <-- 0.025537 s
currentSize : 19 <-- 0.083132 s
currentSize : 20 <-- 32.704456 s
currentSize : 21 <-- 234.493179 s
currentSize : 23 <-- 749.811096 s
currentSize : 24 <-- 749.812073 s

maxsize : 24
nodes : 78130633.000000
filtered : 2334906250.000000
CCGP filtered : 169670177.000000
CCGT filtered : 123360571.000000
time : 816.493652
