Parameters: GAD=1 vflib=1 dir=0 label=0 lowerbound=1 fileNameGp=../graphsdb/mcs70/bvg/b09m/mcs70_b09m_s35.A04 fileNameGt=../graphsdb/mcs70/bvg/b09m/mcs70_b09m_s35.B04
Reading graphs...
35 :  153
35 :  153
Initializing...
maxdom : 35
D->valSize : 1225
Solving...
currentSize : 12 <-- 0.031611 s
currentSize : 13 <-- 0.031875 s
currentSize : 14 <-- 0.062382 s
currentSize : 15 <-- 0.248500 s
currentSize : 16 <-- 0.681559 s
currentSize : 17 <-- 7.553424 s
currentSize : 18 <-- 82.753326 s
currentSize : 20 <-- 419.014618 s
currentSize : 21 <-- 419.014771 s
currentSize : 23 <-- 419.018372 s
currentSize : 24 <-- 419.018524 s

maxsize : 24
nodes : 41537562.000000
filtered : 940375236.000000
CCGP filtered : 11086786.000000
CCGT filtered : 30980251.000000
time : 459.752319
