Parameters: GAD=1 vflib=1 dir=0 label=0 lowerbound=1 fileNameGp=../graphsdb/mcs70/m2D/m2D/mcs70_m2D_s35.A73 fileNameGt=../graphsdb/mcs70/m2D/m2D/mcs70_m2D_s35.B73
Reading graphs...
35 :  58
35 :  58
Initializing...
maxdom : 35
D->valSize : 1225
Solving...
currentSize : 11 <-- 0.036425 s
currentSize : 12 <-- 0.036740 s
currentSize : 16 <-- 0.036875 s
currentSize : 17 <-- 0.037206 s
currentSize : 19 <-- 0.039026 s
currentSize : 20 <-- 0.041475 s
currentSize : 21 <-- 0.051452 s
currentSize : 22 <-- 0.066127 s
currentSize : 23 <-- 0.165455 s
currentSize : 24 <-- 1.654181 s
currentSize : 25 <-- 16.237583 s
currentSize : 27 <-- 22.173332 s

maxsize : 27
nodes : 4730759.000000
filtered : 146340515.000000
CCGP filtered : 55222869.000000
CCGT filtered : 26688731.000000
time : 47.644798
