Parameters: GAD=1 vflib=1 dir=0 label=0 lowerbound=1 fileNameGp=../graphsdb/mcs70/m3D/m3Dr6/mcs70_m3Dr6_s35.A00 fileNameGt=../graphsdb/mcs70/m3D/m3Dr6/mcs70_m3Dr6_s35.B00
Reading graphs...
35 :  91
35 :  89
Initializing...
maxdom : 35
D->valSize : 1225
Solving...
currentSize : 16 <-- 0.019720 s
currentSize : 18 <-- 0.019951 s
currentSize : 19 <-- 0.020288 s
currentSize : 20 <-- 0.283793 s
currentSize : 21 <-- 26.731667 s
currentSize : 22 <-- 590.451599 s
currentSize : 24 <-- 636.743652 s
currentSize : 25 <-- 800.129822 s
currentSize : 27 <-- 800.132996 s

maxsize : 27
nodes : 82712572.000000
filtered : 2094752336.000000
CCGP filtered : 95975592.000000
CCGT filtered : 120221553.000000
time : 809.148071
