Parameters: GAD=1 vflib=1 dir=0 label=0 lowerbound=1 fileNameGp=../graphsdb/mcs70/m3D/m3Dr6/mcs70_m3Dr6_s35.A18 fileNameGt=../graphsdb/mcs70/m3D/m3Dr6/mcs70_m3Dr6_s35.B18
Reading graphs...
35 :  90
35 :  91
Initializing...
maxdom : 35
D->valSize : 1225
Solving...
currentSize : 14 <-- 0.019699 s
currentSize : 15 <-- 0.019757 s
currentSize : 16 <-- 0.019858 s
currentSize : 17 <-- 0.024445 s
currentSize : 18 <-- 0.033431 s
currentSize : 19 <-- 0.662713 s
currentSize : 20 <-- 11.702697 s
currentSize : 21 <-- 36.692165 s
currentSize : 22 <-- 284.502045 s
currentSize : 23 <-- 284.916290 s
currentSize : 25 <-- 284.961700 s
currentSize : 27 <-- 284.961792 s
currentSize : 28 <-- 284.963684 s

maxsize : 28
nodes : 28791866.000000
filtered : 655103914.000000
CCGP filtered : 39229352.000000
CCGT filtered : 53100829.000000
time : 288.147491
