Parameters: GAD=1 vflib=1 dir=0 label=0 lowerbound=1 fileNameGp=../graphsdb/mcs70/bvg/b09/mcs70_b09_s30.A71 fileNameGt=../graphsdb/mcs70/bvg/b09/mcs70_b09_s30.B71
Reading graphs...
30 :  132
30 :  133
Initializing...
maxdom : 30
D->valSize : 900
Solving...
currentSize : 12 <-- 0.016594 s
currentSize : 13 <-- 0.039013 s
currentSize : 14 <-- 0.129745 s
currentSize : 15 <-- 0.129919 s
currentSize : 16 <-- 0.130376 s
currentSize : 17 <-- 0.133466 s
currentSize : 19 <-- 0.332784 s
currentSize : 20 <-- 0.333386 s
currentSize : 21 <-- 1.904122 s

maxsize : 21
nodes : 922392.000000
filtered : 29749402.000000
CCGP filtered : 58787.000000
CCGT filtered : 15827.000000
time : 9.698536
