Parameters: GAD=1 vflib=1 dir=0 label=0 lowerbound=1 fileNameGp=../graphsdb/mcs70/rand/r01/mcs70_r01_s35.A96 fileNameGt=../graphsdb/mcs70/rand/r01/mcs70_r01_s35.B96
Reading graphs...
35 :  112
35 :  111
Initializing...
maxdom : 35
D->valSize : 1225
Solving...
currentSize : 12 <-- 0.019242 s
currentSize : 14 <-- 0.019320 s
currentSize : 15 <-- 0.019371 s
currentSize : 16 <-- 0.032829 s
currentSize : 17 <-- 0.075172 s
currentSize : 18 <-- 0.083203 s
currentSize : 19 <-- 3.193609 s
currentSize : 20 <-- 184.462891 s
currentSize : 21 <-- 647.613220 s
currentSize : 22 <-- 1126.981934 s
currentSize : 24 <-- 1439.557007 s

maxsize : 24
nodes : 145402683.000000
filtered : 3739569307.000000
CCGP filtered : 93914700.000000
CCGT filtered : 98392426.000000
time : 1498.789062
