Parameters: GAD=1 vflib=1 dir=0 label=0 lowerbound=1 fileNameGp=../graphsdb/mcs70/bvg/b06/mcs70_b06_s35.A00 fileNameGt=../graphsdb/mcs70/bvg/b06/mcs70_b06_s35.B00
Reading graphs...
35 :  105
35 :  105
Initializing...
maxdom : 35
D->valSize : 1225
Solving...
currentSize : 16 <-- 0.034107 s
currentSize : 17 <-- 0.034186 s
currentSize : 18 <-- 0.039388 s
currentSize : 19 <-- 0.040969 s
currentSize : 20 <-- 0.149392 s
currentSize : 21 <-- 1.008068 s
currentSize : 22 <-- 1.008362 s
currentSize : 24 <-- 1.008874 s
currentSize : 25 <-- 1.009182 s

maxsize : 25
nodes : 4613722.000000
filtered : 201765820.000000
CCGP filtered : 9890966.000000
CCGT filtered : 5686359.000000
time : 53.321033
