Parameters: GAD=1 vflib=1 dir=0 label=0 lowerbound=1 fileNameGp=../graphsdb/mcs70/bvg/b09/mcs70_b09_s30.A08 fileNameGt=../graphsdb/mcs70/bvg/b09/mcs70_b09_s30.B08
Reading graphs...
30 :  133
30 :  133
Initializing...
maxdom : 30
D->valSize : 900
Solving...
currentSize : 11 <-- 0.009468 s
currentSize : 12 <-- 0.009755 s
currentSize : 13 <-- 0.010153 s
currentSize : 14 <-- 0.010676 s
currentSize : 15 <-- 0.031450 s
currentSize : 16 <-- 0.032404 s
currentSize : 17 <-- 0.090540 s
currentSize : 20 <-- 0.202076 s
currentSize : 21 <-- 0.591054 s

maxsize : 21
nodes : 792337.000000
filtered : 27660962.000000
CCGP filtered : 34847.000000
CCGT filtered : 51547.000000
time : 8.457155
