Parameters: GAD=1 vflib=1 dir=0 label=0 lowerbound=1 fileNameGp=../graphsdb/mcs70/m3D/m3D/mcs70_m3D_s35.A98 fileNameGt=../graphsdb/mcs70/m3D/m3D/mcs70_m3D_s35.B98
Reading graphs...
35 :  72
35 :  72
Initializing...
maxdom : 35
D->valSize : 1225
Solving...
currentSize : 15 <-- 0.021078 s
currentSize : 16 <-- 0.022346 s
currentSize : 18 <-- 0.022704 s
currentSize : 19 <-- 0.023850 s
currentSize : 20 <-- 0.043305 s
currentSize : 21 <-- 0.053120 s
currentSize : 22 <-- 0.490632 s
currentSize : 23 <-- 1.257475 s
currentSize : 24 <-- 11.983943 s
currentSize : 25 <-- 21.357227 s
currentSize : 26 <-- 33.615688 s
currentSize : 28 <-- 36.500973 s

maxsize : 28
nodes : 4778318.000000
filtered : 135135053.000000
CCGP filtered : 14834836.000000
CCGT filtered : 10449386.000000
time : 45.745659
