Parameters: GAD=1 vflib=1 dir=0 label=0 lowerbound=1 fileNameGp=../graphsdb/mcs70/bvg/b09/mcs70_b09_s30.A83 fileNameGt=../graphsdb/mcs70/bvg/b09/mcs70_b09_s30.B83
Reading graphs...
30 :  133
30 :  133
Initializing...
maxdom : 30
D->valSize : 900
Solving...
currentSize : 12 <-- 0.009610 s
currentSize : 13 <-- 0.010749 s
currentSize : 14 <-- 0.011675 s
currentSize : 15 <-- 0.139688 s
currentSize : 16 <-- 0.691602 s
currentSize : 17 <-- 0.727747 s
currentSize : 18 <-- 1.127999 s
currentSize : 19 <-- 1.129334 s
currentSize : 20 <-- 1.129548 s
currentSize : 21 <-- 5.446262 s

maxsize : 21
nodes : 884784.000000
filtered : 28165186.000000
CCGP filtered : 34133.000000
CCGT filtered : 315130.000000
time : 9.360951
