Parameters: GAD=1 vflib=1 dir=0 label=0 lowerbound=1 fileNameGp=../graphsdb/mcs70/bvg/b03m/mcs70_b03m_s30.A21 fileNameGt=../graphsdb/mcs70/bvg/b03m/mcs70_b03m_s30.B21
Reading graphs...
30 :  43
30 :  45
Initializing...
maxdom : 30
D->valSize : 900
Solving...
currentSize : 9 <-- 0.011133 s
currentSize : 14 <-- 0.011306 s
currentSize : 15 <-- 0.011583 s
currentSize : 16 <-- 0.012015 s
currentSize : 17 <-- 0.012129 s
currentSize : 18 <-- 0.012297 s
currentSize : 19 <-- 0.013459 s
currentSize : 20 <-- 0.013559 s
currentSize : 21 <-- 0.013707 s
currentSize : 22 <-- 0.013928 s

maxsize : 22
nodes : 931743.000000
filtered : 25505761.000000
CCGP filtered : 13409186.000000
CCGT filtered : 9239084.000000
time : 8.661377
