Parameters: GAD=1 vflib=1 dir=0 label=0 lowerbound=1 fileNameGp=../graphsdb/mcs70/m3D/m3Dr6/mcs70_m3Dr6_s35.A52 fileNameGt=../graphsdb/mcs70/m3D/m3Dr6/mcs70_m3Dr6_s35.B52
Reading graphs...
35 :  93
35 :  91
Initializing...
maxdom : 35
D->valSize : 1225
Solving...
currentSize : 14 <-- 0.034370 s
currentSize : 15 <-- 0.034430 s
currentSize : 16 <-- 0.035476 s
currentSize : 17 <-- 0.036251 s
currentSize : 18 <-- 0.038437 s
currentSize : 19 <-- 0.067389 s
currentSize : 20 <-- 0.083195 s
currentSize : 21 <-- 15.254177 s
currentSize : 22 <-- 57.774574 s
currentSize : 23 <-- 60.539379 s
currentSize : 24 <-- 60.555180 s
currentSize : 26 <-- 88.067978 s
currentSize : 27 <-- 110.009079 s

maxsize : 27
nodes : 11289844.000000
filtered : 342174789.000000
CCGP filtered : 9397875.000000
CCGT filtered : 13163256.000000
time : 116.555374
