Parameters: GAD=1 vflib=1 dir=0 label=0 lowerbound=1 fileNameGp=../graphsdb/mcs70/bvg/b03m/mcs70_b03m_s35.A18 fileNameGt=../graphsdb/mcs70/bvg/b03m/mcs70_b03m_s35.B18
Reading graphs...
35 :  51
35 :  52
Initializing...
maxdom : 35
D->valSize : 1225
Solving...
currentSize : 12 <-- 0.021133 s
currentSize : 16 <-- 0.021443 s
currentSize : 17 <-- 0.021575 s
currentSize : 18 <-- 0.021616 s
currentSize : 19 <-- 0.025343 s
currentSize : 20 <-- 0.025387 s
currentSize : 21 <-- 0.035014 s
currentSize : 22 <-- 0.035615 s
currentSize : 23 <-- 0.211027 s
currentSize : 24 <-- 0.229514 s
currentSize : 25 <-- 0.230337 s
currentSize : 26 <-- 0.233377 s
currentSize : 27 <-- 0.258587 s
currentSize : 28 <-- 0.258925 s

maxsize : 28
nodes : 548691.000000
filtered : 20346936.000000
CCGP filtered : 16038374.000000
CCGT filtered : 6238658.000000
time : 6.492679
