Parameters: GAD=1 vflib=1 dir=0 label=0 lowerbound=1 fileNameGp=../graphsdb/mcs70/bvg/b06/mcs70_b06_s25.A32 fileNameGt=../graphsdb/mcs70/bvg/b06/mcs70_b06_s25.B32
Reading graphs...
25 :  74
25 :  75
Initializing...
maxdom : 25
D->valSize : 625
Solving...
currentSize : 9 <-- 0.008368 s
currentSize : 10 <-- 0.008623 s
currentSize : 11 <-- 0.009189 s
currentSize : 12 <-- 0.011459 s
currentSize : 13 <-- 0.022616 s
currentSize : 14 <-- 0.026790 s
currentSize : 15 <-- 0.057625 s
currentSize : 16 <-- 0.088256 s
currentSize : 17 <-- 0.129488 s
currentSize : 18 <-- 0.143074 s
currentSize : 19 <-- 0.640501 s

maxsize : 19
nodes : 100255.000000
filtered : 2641820.000000
CCGP filtered : 93490.000000
CCGT filtered : 90250.000000
time : 0.856192
