Parameters: GAD=1 vflib=1 dir=0 label=0 lowerbound=1 fileNameGp=../graphsdb/mcs70/bvg/b06m/mcs70_b06m_s35.A50 fileNameGt=../graphsdb/mcs70/bvg/b06m/mcs70_b06m_s35.B50
Reading graphs...
35 :  104
35 :  105
Initializing...
maxdom : 35
D->valSize : 1225
Solving...
currentSize : 14 <-- 0.020125 s
currentSize : 15 <-- 0.020555 s
currentSize : 16 <-- 0.021017 s
currentSize : 17 <-- 0.021139 s
currentSize : 18 <-- 0.036264 s
currentSize : 19 <-- 1.276280 s
currentSize : 20 <-- 3.897007 s
currentSize : 21 <-- 491.131592 s
currentSize : 23 <-- 566.522217 s
currentSize : 24 <-- 731.014526 s

maxsize : 24
nodes : 74455410.000000
filtered : 2164319558.000000
CCGP filtered : 97295926.000000
CCGT filtered : 133601003.000000
time : 782.242249
