Parameters: GAD=1 vflib=1 dir=0 label=0 lowerbound=1 fileNameGp=../graphsdb/mcs70/bvg/b09m/mcs70_b09m_s35.A93 fileNameGt=../graphsdb/mcs70/bvg/b09m/mcs70_b09m_s35.B93
Reading graphs...
35 :  149
35 :  150
Initializing...
maxdom : 35
D->valSize : 1225
Solving...
currentSize : 11 <-- 0.018210 s
currentSize : 12 <-- 0.018296 s
currentSize : 13 <-- 0.020333 s
currentSize : 15 <-- 0.022669 s
currentSize : 16 <-- 0.190501 s
currentSize : 17 <-- 3.385074 s
currentSize : 18 <-- 43.545120 s
currentSize : 19 <-- 109.240524 s
currentSize : 21 <-- 287.945709 s
currentSize : 22 <-- 287.945831 s
currentSize : 24 <-- 287.946075 s

maxsize : 24
nodes : 28934766.000000
filtered : 732341615.000000
CCGP filtered : 4300846.000000
CCGT filtered : 14287300.000000
time : 327.831329
