Parameters: GAD=1 vflib=1 dir=0 label=0 lowerbound=1 fileNameGp=../graphsdb/mcs70/bvg/b09m/mcs70_b09m_s35.A60 fileNameGt=../graphsdb/mcs70/bvg/b09m/mcs70_b09m_s35.B60
Reading graphs...
35 :  150
35 :  151
Initializing...
maxdom : 35
D->valSize : 1225
Solving...
currentSize : 10 <-- 0.018447 s
currentSize : 11 <-- 0.018548 s
currentSize : 12 <-- 0.018609 s
currentSize : 13 <-- 0.018751 s
currentSize : 14 <-- 0.018871 s
currentSize : 15 <-- 0.027677 s
currentSize : 16 <-- 0.603782 s
currentSize : 17 <-- 2.372904 s
currentSize : 18 <-- 3.725547 s
currentSize : 19 <-- 3.725651 s
currentSize : 21 <-- 193.577042 s
currentSize : 24 <-- 358.297150 s

maxsize : 24
nodes : 32654686.000000
filtered : 972577939.000000
CCGP filtered : 14812415.000000
CCGT filtered : 3591383.000000
time : 370.811737
