Parameters: GAD=1 vflib=1 dir=0 label=0 lowerbound=1 fileNameGp=../graphsdb/mcs70/bvg/b03m/mcs70_b03m_s30.A93 fileNameGt=../graphsdb/mcs70/bvg/b03m/mcs70_b03m_s30.B93
Reading graphs...
30 :  45
30 :  45
Initializing...
maxdom : 30
D->valSize : 900
Solving...
currentSize : 14 <-- 0.012010 s
currentSize : 15 <-- 0.012086 s
currentSize : 16 <-- 0.013111 s
currentSize : 17 <-- 0.013220 s
currentSize : 18 <-- 0.019267 s
currentSize : 19 <-- 0.027138 s
currentSize : 20 <-- 0.178281 s
currentSize : 21 <-- 0.311220 s
currentSize : 22 <-- 0.726657 s

maxsize : 22
nodes : 757999.000000
filtered : 20497923.000000
CCGP filtered : 9913007.000000
CCGT filtered : 5452883.000000
time : 6.717259
