Parameters: GAD=1 vflib=1 dir=0 label=0 lowerbound=1 fileNameGp=../graphsdb/mcs70/m3D/m3Dr6/mcs70_m3Dr6_s35.A43 fileNameGt=../graphsdb/mcs70/m3D/m3Dr6/mcs70_m3Dr6_s35.B43
Reading graphs...
35 :  92
35 :  90
Initializing...
maxdom : 35
D->valSize : 1225
Solving...
currentSize : 15 <-- 0.020251 s
currentSize : 16 <-- 0.020623 s
currentSize : 17 <-- 0.020802 s
currentSize : 18 <-- 0.032005 s
currentSize : 19 <-- 0.035223 s
currentSize : 20 <-- 0.764772 s
currentSize : 21 <-- 10.703396 s
currentSize : 22 <-- 36.592548 s
currentSize : 23 <-- 116.425346 s
currentSize : 24 <-- 116.744560 s
currentSize : 25 <-- 119.057518 s
currentSize : 26 <-- 119.099754 s
currentSize : 27 <-- 122.205788 s

maxsize : 27
nodes : 13581993.000000
filtered : 385854281.000000
CCGP filtered : 20773930.000000
CCGT filtered : 11043123.000000
time : 133.451019
