Parameters: GAD=1 vflib=1 dir=0 label=0 lowerbound=1 fileNameGp=../graphsdb/mcs70/bvg/b03/mcs70_b03_s25.A17 fileNameGt=../graphsdb/mcs70/bvg/b03/mcs70_b03_s25.B17
Reading graphs...
25 :  37
25 :  37
Initializing...
maxdom : 25
D->valSize : 625
Solving...
currentSize : 11 <-- 0.005327 s
currentSize : 12 <-- 0.005393 s
currentSize : 13 <-- 0.005442 s
currentSize : 14 <-- 0.005500 s
currentSize : 15 <-- 0.005555 s
currentSize : 16 <-- 0.005650 s
currentSize : 17 <-- 0.006463 s
currentSize : 18 <-- 0.006613 s
currentSize : 19 <-- 0.174036 s

maxsize : 19
nodes : 130733.000000
filtered : 2590067.000000
CCGP filtered : 900565.000000
CCGT filtered : 532278.000000
time : 0.916170
