Parameters: GAD=1 vflib=1 dir=0 label=0 lowerbound=1 fileNameGp=../graphsdb/mcs70/bvg/b06/mcs70_b06_s30.A54 fileNameGt=../graphsdb/mcs70/bvg/b06/mcs70_b06_s30.B54
Reading graphs...
30 :  90
30 :  90
Initializing...
maxdom : 30
D->valSize : 900
Solving...
currentSize : 10 <-- 0.010407 s
currentSize : 13 <-- 0.010448 s
currentSize : 14 <-- 0.010729 s
currentSize : 15 <-- 0.010777 s
currentSize : 16 <-- 0.013677 s
currentSize : 17 <-- 0.065537 s
currentSize : 18 <-- 0.330956 s
currentSize : 19 <-- 2.555346 s
currentSize : 20 <-- 2.866690 s
currentSize : 21 <-- 2.949186 s
currentSize : 22 <-- 5.368063 s

maxsize : 22
nodes : 1255136.000000
filtered : 38587591.000000
CCGP filtered : 1045734.000000
CCGT filtered : 544698.000000
time : 11.691138
