Parameters: GAD=1 vflib=1 dir=0 label=0 lowerbound=1 fileNameGp=../graphsdb/mcs70/bvg/b06m/mcs70_b06m_s35.A64 fileNameGt=../graphsdb/mcs70/bvg/b06m/mcs70_b06m_s35.B64
Reading graphs...
35 :  104
35 :  103
Initializing...
maxdom : 35
D->valSize : 1225
Solving...
currentSize : 15 <-- 0.019401 s
currentSize : 16 <-- 0.019550 s
currentSize : 17 <-- 0.020085 s
currentSize : 18 <-- 0.030843 s
currentSize : 19 <-- 1.157154 s
currentSize : 20 <-- 4.296841 s
currentSize : 21 <-- 25.070091 s
currentSize : 22 <-- 382.392517 s
currentSize : 24 <-- 424.355377 s

maxsize : 24
nodes : 41613785.000000
filtered : 1283564733.000000
CCGP filtered : 86924176.000000
CCGT filtered : 99078108.000000
time : 454.663879
