Parameters: GAD=1 vflib=1 dir=0 label=0 lowerbound=1 fileNameGp=../graphsdb/mcs70/m2D/m2Dr6/m2Dr6/mcs70_m2Dr6_s35.A38 fileNameGt=../graphsdb/mcs70/m2D/m2Dr6/m2Dr6/mcs70_m2Dr6_s35.B38
Reading graphs...
35 :  78
35 :  76
Initializing...
maxdom : 35
D->valSize : 1225
Solving...
currentSize : 14 <-- 0.024853 s
currentSize : 15 <-- 0.024978 s
currentSize : 16 <-- 0.025024 s
currentSize : 17 <-- 0.028610 s
currentSize : 18 <-- 0.029279 s
currentSize : 19 <-- 0.141237 s
currentSize : 20 <-- 0.146547 s
currentSize : 21 <-- 2.505574 s
currentSize : 22 <-- 5.083476 s
currentSize : 23 <-- 262.217529 s
currentSize : 25 <-- 443.671692 s

maxsize : 25
nodes : 46258454.000000
filtered : 1306382082.000000
CCGP filtered : 279096913.000000
CCGT filtered : 181580495.000000
time : 471.991364
