Parameters: GAD=1 vflib=1 dir=0 label=0 lowerbound=1 fileNameGp=../graphsdb/mcs70/m2D/m2Dr6/m2Dr6/mcs70_m2Dr6_s35.A95 fileNameGt=../graphsdb/mcs70/m2D/m2Dr6/m2Dr6/mcs70_m2Dr6_s35.B95
Reading graphs...
35 :  75
35 :  74
Initializing...
maxdom : 35
D->valSize : 1225
Solving...
currentSize : 12 <-- 0.035664 s
currentSize : 13 <-- 0.035752 s
currentSize : 15 <-- 0.035896 s
currentSize : 16 <-- 0.036551 s
currentSize : 17 <-- 0.037010 s
currentSize : 18 <-- 0.041347 s
currentSize : 19 <-- 0.049355 s
currentSize : 20 <-- 0.201567 s
currentSize : 21 <-- 0.795808 s
currentSize : 22 <-- 5.950525 s
currentSize : 23 <-- 204.592484 s
currentSize : 25 <-- 343.417816 s

maxsize : 25
nodes : 42027035.000000
filtered : 1239624955.000000
CCGP filtered : 175801110.000000
CCGT filtered : 197924729.000000
time : 446.422119
