Parameters: GAD=1 vflib=1 dir=0 label=0 lowerbound=1 fileNameGp=../graphsdb/mcs70/m3D/m3Dr4/mcs70_m3Dr4_s35.A29 fileNameGt=../graphsdb/mcs70/m3D/m3Dr4/mcs70_m3Dr4_s35.B29
Reading graphs...
35 :  86
35 :  86
Initializing...
maxdom : 35
D->valSize : 1225
Solving...
currentSize : 15 <-- 0.034862 s
currentSize : 17 <-- 0.034926 s
currentSize : 19 <-- 0.035258 s
currentSize : 20 <-- 0.054855 s
currentSize : 21 <-- 0.072959 s
currentSize : 22 <-- 7.319659 s
currentSize : 23 <-- 127.427017 s
currentSize : 25 <-- 188.004181 s
currentSize : 28 <-- 188.004990 s

maxsize : 28
nodes : 20208301.000000
filtered : 527996126.000000
CCGP filtered : 32961964.000000
CCGT filtered : 23348265.000000
time : 193.664978
