Parameters: GAD=1 vflib=1 dir=0 label=0 lowerbound=1 fileNameGp=../graphsdb/mcs70/rand/r02/mcs70_r02_s35.A82 fileNameGt=../graphsdb/mcs70/rand/r02/mcs70_r02_s35.B82
Reading graphs...
35 :  217
35 :  216
Initializing...
maxdom : 35
D->valSize : 1225
Solving...
currentSize : 10 <-- 0.022039 s
currentSize : 11 <-- 0.022289 s
currentSize : 12 <-- 0.030187 s
currentSize : 13 <-- 0.056964 s
currentSize : 14 <-- 1.294544 s
currentSize : 15 <-- 67.757507 s
currentSize : 16 <-- 833.848450 s
currentSize : 17 <-- 1193.966309 s
currentSize : 18 <-- 1265.472534 s
currentSize : 19 <-- 1574.770020 s
currentSize : 24 <-- 1979.603027 s

maxsize : 24
nodes : 174345629.000000
filtered : 2722349403.000000
CCGP filtered : 4115931.000000
CCGT filtered : 2496945.000000
time : 1985.320557
