Parameters: GAD=1 vflib=1 dir=0 label=0 lowerbound=1 fileNameGp=../graphsdb/mcs70/m2D/m2Dr4/mcs70_m2Dr4_s35.A40 fileNameGt=../graphsdb/mcs70/m2D/m2Dr4/mcs70_m2Dr4_s35.B40
Reading graphs...
35 :  71
35 :  70
Initializing...
maxdom : 35
D->valSize : 1225
Solving...
currentSize : 14 <-- 0.020267 s
currentSize : 16 <-- 0.020311 s
currentSize : 17 <-- 0.020389 s
currentSize : 18 <-- 0.026320 s
currentSize : 19 <-- 0.033361 s
currentSize : 20 <-- 0.517862 s
currentSize : 21 <-- 2.255833 s
currentSize : 22 <-- 23.465025 s
currentSize : 23 <-- 58.115425 s
currentSize : 24 <-- 183.746063 s
currentSize : 25 <-- 376.796936 s

maxsize : 25
nodes : 40573713.000000
filtered : 1194898348.000000
CCGP filtered : 260175145.000000
CCGT filtered : 175939315.000000
time : 410.622589
