Parameters: GAD=1 vflib=1 dir=0 label=0 lowerbound=1 fileNameGp=../graphsdb/mcs70/m4D/m4Dr2/mcs70_m4Dr2_s25.A33 fileNameGt=../graphsdb/mcs70/m4D/m4Dr2/mcs70_m4Dr2_s25.B33
Reading graphs...
25 :  52
25 :  49
Initializing...
maxdom : 25
D->valSize : 625
Solving...
currentSize : 8 <-- 0.008958 s
currentSize : 9 <-- 0.009019 s
currentSize : 10 <-- 0.009057 s
currentSize : 11 <-- 0.009117 s
currentSize : 12 <-- 0.009565 s
currentSize : 13 <-- 0.009748 s
currentSize : 14 <-- 0.010068 s
currentSize : 15 <-- 0.013130 s
currentSize : 16 <-- 0.028229 s
currentSize : 17 <-- 0.033186 s
currentSize : 18 <-- 1.107469 s

maxsize : 18
nodes : 222449.000000
filtered : 4895284.000000
CCGP filtered : 1620082.000000
CCGT filtered : 720762.000000
time : 1.721326
