Parameters: GAD=1 vflib=1 dir=0 label=0 lowerbound=1 fileNameGp=../graphsdb/mcs70/bvg/b09/mcs70_b09_s30.A93 fileNameGt=../graphsdb/mcs70/bvg/b09/mcs70_b09_s30.B93
Reading graphs...
30 :  133
30 :  132
Initializing...
maxdom : 30
D->valSize : 900
Solving...
currentSize : 10 <-- 0.010635 s
currentSize : 11 <-- 0.011035 s
currentSize : 12 <-- 0.011344 s
currentSize : 13 <-- 0.015679 s
currentSize : 14 <-- 0.023292 s
currentSize : 15 <-- 0.102396 s
currentSize : 16 <-- 1.513753 s
currentSize : 17 <-- 3.081324 s
currentSize : 18 <-- 3.460372 s
currentSize : 20 <-- 4.388125 s

maxsize : 20
nodes : 1503214.000000
filtered : 45503807.000000
CCGP filtered : 106303.000000
CCGT filtered : 104232.000000
time : 15.045020
