Parameters: GAD=1 vflib=1 dir=0 label=0 lowerbound=1 fileNameGp=../graphsdb/mcs70/rand/r01/mcs70_r01_s25.A28 fileNameGt=../graphsdb/mcs70/rand/r01/mcs70_r01_s25.B28
Reading graphs...
25 :  58
25 :  58
Initializing...
maxdom : 25
D->valSize : 625
Solving...
currentSize : 9 <-- 0.005108 s
currentSize : 10 <-- 0.005155 s
currentSize : 11 <-- 0.005286 s
currentSize : 12 <-- 0.005405 s
currentSize : 13 <-- 0.007207 s
currentSize : 14 <-- 0.020402 s
currentSize : 15 <-- 0.030618 s
currentSize : 16 <-- 0.205284 s
currentSize : 17 <-- 3.132661 s

maxsize : 17
nodes : 630870.000000
filtered : 13801833.000000
CCGP filtered : 1302452.000000
CCGT filtered : 1023422.000000
time : 4.856974
