Parameters: GAD=1 vflib=1 dir=0 label=0 lowerbound=1 fileNameGp=../graphsdb/mcs70/m2D/m2Dr4/mcs70_m2Dr4_s35.A75 fileNameGt=../graphsdb/mcs70/m2D/m2Dr4/mcs70_m2Dr4_s35.B75
Reading graphs...
35 :  71
35 :  69
Initializing...
maxdom : 35
D->valSize : 1225
Solving...
currentSize : 17 <-- 0.035725 s
currentSize : 18 <-- 0.036767 s
currentSize : 19 <-- 0.037030 s
currentSize : 20 <-- 0.042983 s
currentSize : 21 <-- 0.072728 s
currentSize : 22 <-- 3.515490 s
currentSize : 23 <-- 61.791092 s
currentSize : 24 <-- 223.293594 s
currentSize : 25 <-- 360.658875 s
currentSize : 26 <-- 447.460022 s

maxsize : 26
nodes : 50138661.000000
filtered : 1429929896.000000
CCGP filtered : 231093626.000000
CCGT filtered : 159047452.000000
time : 489.316101
