Parameters: GAD=1 vflib=1 dir=0 label=0 lowerbound=1 fileNameGp=../graphsdb/mcs70/m2D/m2Dr6/m2Dr6/mcs70_m2Dr6_s35.A30 fileNameGt=../graphsdb/mcs70/m2D/m2Dr6/m2Dr6/mcs70_m2Dr6_s35.B30
Reading graphs...
35 :  78
35 :  78
Initializing...
maxdom : 35
D->valSize : 1225
Solving...
currentSize : 15 <-- 0.020356 s
currentSize : 16 <-- 0.020782 s
currentSize : 17 <-- 0.020892 s
currentSize : 18 <-- 0.027771 s
currentSize : 19 <-- 0.031253 s
currentSize : 20 <-- 0.108845 s
currentSize : 21 <-- 1.549158 s
currentSize : 22 <-- 24.803848 s
currentSize : 23 <-- 79.868263 s
currentSize : 25 <-- 226.087677 s

maxsize : 25
nodes : 31774450.000000
filtered : 986228099.000000
CCGP filtered : 91070436.000000
CCGT filtered : 76460560.000000
time : 330.940033
