Parameters: GAD=1 vflib=1 dir=0 label=0 lowerbound=1 fileNameGp=../graphsdb/mcs70/m2D/m2Dr2/mcs70_m2Dr2_s25.A37 fileNameGt=../graphsdb/mcs70/m2D/m2Dr2/mcs70_m2Dr2_s25.B37
Reading graphs...
25 :  45
25 :  44
Initializing...
maxdom : 25
D->valSize : 625
Solving...
currentSize : 10 <-- 0.009106 s
currentSize : 11 <-- 0.009248 s
currentSize : 12 <-- 0.009398 s
currentSize : 13 <-- 0.010354 s
currentSize : 14 <-- 0.010886 s
currentSize : 15 <-- 0.016870 s
currentSize : 16 <-- 0.045758 s
currentSize : 17 <-- 0.050295 s
currentSize : 18 <-- 0.050615 s

maxsize : 18
nodes : 519682.000000
filtered : 10862451.000000
CCGP filtered : 1358964.000000
CCGT filtered : 1004779.000000
time : 3.719357
