Parameters: GAD=1 vflib=1 dir=0 label=0 lowerbound=1 fileNameGp=../graphsdb/mcs70/bvg/b09/mcs70_b09_s35.A25 fileNameGt=../graphsdb/mcs70/bvg/b09/mcs70_b09_s35.B25
Reading graphs...
35 :  154
35 :  154
Initializing...
maxdom : 35
D->valSize : 1225
Solving...
currentSize : 12 <-- 0.018478 s
currentSize : 13 <-- 0.018962 s
currentSize : 14 <-- 0.019750 s
currentSize : 15 <-- 0.039752 s
currentSize : 16 <-- 0.102665 s
currentSize : 17 <-- 0.106497 s
currentSize : 18 <-- 0.205122 s
currentSize : 19 <-- 0.558938 s
currentSize : 20 <-- 0.587066 s
currentSize : 21 <-- 0.918957 s
currentSize : 22 <-- 1.435953 s
currentSize : 23 <-- 1.812219 s
currentSize : 24 <-- 1.813044 s
currentSize : 25 <-- 2.811996 s
currentSize : 26 <-- 5.984113 s

maxsize : 26
nodes : 1177788.000000
filtered : 54290440.000000
CCGP filtered : 290706.000000
CCGT filtered : 161276.000000
time : 15.051940
