Parameters: GAD=1 vflib=1 dir=0 label=0 lowerbound=1 fileNameGp=../graphsdb/mcs70/m4D/m4Dr2/mcs70_m4Dr2_s25.A57 fileNameGt=../graphsdb/mcs70/m4D/m4Dr2/mcs70_m4Dr2_s25.B57
Reading graphs...
25 :  51
25 :  51
Initializing...
maxdom : 25
D->valSize : 625
Solving...
currentSize : 7 <-- 0.005194 s
currentSize : 9 <-- 0.005222 s
currentSize : 11 <-- 0.005323 s
currentSize : 12 <-- 0.005892 s
currentSize : 13 <-- 0.007238 s
currentSize : 14 <-- 0.036548 s
currentSize : 15 <-- 0.051907 s
currentSize : 16 <-- 0.170396 s
currentSize : 17 <-- 0.395169 s

maxsize : 17
nodes : 407934.000000
filtered : 8473509.000000
CCGP filtered : 3786647.000000
CCGT filtered : 1773284.000000
time : 3.193268
