Parameters: GAD=1 vflib=1 dir=0 label=0 lowerbound=1 fileNameGp=../graphsdb/mcs70/bvg/b06/mcs70_b06_s35.A53 fileNameGt=../graphsdb/mcs70/bvg/b06/mcs70_b06_s35.B53
Reading graphs...
35 :  105
35 :  105
Initializing...
maxdom : 35
D->valSize : 1225
Solving...
currentSize : 14 <-- 0.033780 s
currentSize : 15 <-- 0.033834 s
currentSize : 16 <-- 0.053657 s
currentSize : 17 <-- 0.082065 s
currentSize : 18 <-- 0.093921 s
currentSize : 19 <-- 0.879940 s
currentSize : 20 <-- 9.086429 s
currentSize : 21 <-- 9.086987 s
currentSize : 22 <-- 11.737406 s
currentSize : 23 <-- 19.829887 s
currentSize : 24 <-- 20.396862 s
currentSize : 26 <-- 25.038895 s
currentSize : 27 <-- 25.039108 s

maxsize : 27
nodes : 2948375.000000
filtered : 89844048.000000
CCGP filtered : 10809017.000000
CCGT filtered : 6264383.000000
time : 31.793240
