Parameters: GAD=1 vflib=1 dir=0 label=0 lowerbound=1 fileNameGp=../graphsdb/mcs70/bvg/b09m/mcs70_b09m_s30.A57 fileNameGt=../graphsdb/mcs70/bvg/b09m/mcs70_b09m_s30.B57
Reading graphs...
30 :  131
30 :  131
Initializing...
maxdom : 30
D->valSize : 900
Solving...
currentSize : 10 <-- 0.016696 s
currentSize : 11 <-- 0.016823 s
currentSize : 12 <-- 0.038640 s
currentSize : 13 <-- 0.113009 s
currentSize : 14 <-- 0.172330 s
currentSize : 15 <-- 4.267838 s
currentSize : 16 <-- 36.506718 s
currentSize : 17 <-- 40.922050 s
currentSize : 19 <-- 90.808121 s
currentSize : 20 <-- 90.808403 s

maxsize : 20
nodes : 9756946.000000
filtered : 195276785.000000
CCGP filtered : 3079859.000000
CCGT filtered : 6030130.000000
time : 95.532906
