Parameters: GAD=1 vflib=1 dir=0 label=0 lowerbound=1 fileNameGp=../graphsdb/mcs70/bvg/b09/mcs70_b09_s25.A65 fileNameGt=../graphsdb/mcs70/bvg/b09/mcs70_b09_s25.B65
Reading graphs...
25 :  108
25 :  110
Initializing...
maxdom : 25
D->valSize : 625
Solving...
currentSize : 7 <-- 0.007860 s
currentSize : 8 <-- 0.007898 s
currentSize : 9 <-- 0.007994 s
currentSize : 10 <-- 0.008094 s
currentSize : 11 <-- 0.009064 s
currentSize : 12 <-- 0.023933 s
currentSize : 13 <-- 0.146446 s
currentSize : 14 <-- 0.146833 s
currentSize : 16 <-- 0.184196 s
currentSize : 18 <-- 0.686664 s

maxsize : 18
nodes : 180417.000000
filtered : 4382477.000000
CCGP filtered : 2857.000000
CCGT filtered : 46488.000000
time : 1.714761
