Parameters: GAD=1 vflib=1 dir=0 label=0 lowerbound=1 fileNameGp=../graphsdb/mcs70/bvg/b06m/mcs70_b06m_s35.A20 fileNameGt=../graphsdb/mcs70/bvg/b06m/mcs70_b06m_s35.B20
Reading graphs...
35 :  104
35 :  105
Initializing...
maxdom : 35
D->valSize : 1225
Solving...
currentSize : 15 <-- 0.019304 s
currentSize : 16 <-- 0.019371 s
currentSize : 17 <-- 0.033001 s
currentSize : 18 <-- 0.034817 s
currentSize : 19 <-- 0.043890 s
currentSize : 20 <-- 0.277924 s
currentSize : 21 <-- 0.287210 s
currentSize : 22 <-- 0.287254 s
currentSize : 23 <-- 0.350456 s
currentSize : 24 <-- 29.589247 s
currentSize : 25 <-- 29.589592 s

maxsize : 25
nodes : 5087395.000000
filtered : 243127613.000000
CCGP filtered : 8611871.000000
CCGT filtered : 3370019.000000
time : 61.927937
