Parameters: GAD=1 vflib=1 dir=0 label=0 lowerbound=1 fileNameGp=../graphsdb/mcs70/m3D/m3Dr4/mcs70_m3Dr4_s35.A90 fileNameGt=../graphsdb/mcs70/m3D/m3Dr4/mcs70_m3Dr4_s35.B90
Reading graphs...
35 :  85
35 :  84
Initializing...
maxdom : 35
D->valSize : 1225
Solving...
currentSize : 14 <-- 0.034919 s
currentSize : 15 <-- 0.035035 s
currentSize : 16 <-- 0.035198 s
currentSize : 17 <-- 0.039303 s
currentSize : 18 <-- 0.053006 s
currentSize : 19 <-- 0.167518 s
currentSize : 20 <-- 0.317383 s
currentSize : 21 <-- 2.307880 s
currentSize : 22 <-- 54.607346 s
currentSize : 23 <-- 253.069733 s
currentSize : 25 <-- 287.460663 s
currentSize : 26 <-- 305.648224 s
currentSize : 28 <-- 305.650024 s

maxsize : 28
nodes : 33902736.000000
filtered : 816630467.000000
CCGP filtered : 52907185.000000
CCGT filtered : 30435644.000000
time : 311.969818
