Parameters: GAD=1 vflib=1 dir=0 label=0 lowerbound=1 fileNameGp=../graphsdb/mcs70/m3D/m3Dr2/mcs70_m3Dr2_s35.A85 fileNameGt=../graphsdb/mcs70/m3D/m3Dr2/mcs70_m3Dr2_s35.B85
Reading graphs...
35 :  79
35 :  78
Initializing...
maxdom : 35
D->valSize : 1225
Solving...
currentSize : 15 <-- 0.020023 s
currentSize : 16 <-- 0.020075 s
currentSize : 17 <-- 0.020253 s
currentSize : 18 <-- 0.024272 s
currentSize : 19 <-- 0.026784 s
currentSize : 20 <-- 0.027475 s
currentSize : 21 <-- 0.036879 s
currentSize : 22 <-- 0.038917 s
currentSize : 23 <-- 2.063295 s
currentSize : 24 <-- 33.619904 s
currentSize : 25 <-- 56.057816 s
currentSize : 29 <-- 56.057968 s

maxsize : 29
nodes : 5723676.000000
filtered : 146205653.000000
CCGP filtered : 7041383.000000
CCGT filtered : 8299461.000000
time : 58.155968
