Parameters: GAD=1 vflib=1 dir=0 label=0 lowerbound=1 fileNameGp=../graphsdb/mcs70/bvg/b09m/mcs70_b09m_s35.A96 fileNameGt=../graphsdb/mcs70/bvg/b09m/mcs70_b09m_s35.B96
Reading graphs...
35 :  154
35 :  156
Initializing...
maxdom : 35
D->valSize : 1225
Solving...
currentSize : 15 <-- 0.018198 s
currentSize : 16 <-- 0.033588 s
currentSize : 17 <-- 17.794710 s
currentSize : 19 <-- 682.089661 s
currentSize : 20 <-- 859.555115 s
currentSize : 21 <-- 859.555237 s
currentSize : 22 <-- 859.555420 s
currentSize : 23 <-- 859.555664 s
currentSize : 24 <-- 859.555847 s

maxsize : 24
nodes : 79743970.000000
filtered : 1484014917.000000
CCGP filtered : 49742145.000000
CCGT filtered : 63253756.000000
time : 886.563293
