Parameters: GAD=1 vflib=1 dir=0 label=0 lowerbound=1 fileNameGp=../graphsdb/mcs70/bvg/b09m/mcs70_b09m_s25.A72 fileNameGt=../graphsdb/mcs70/bvg/b09m/mcs70_b09m_s25.B72
Reading graphs...
25 :  105
25 :  106
Initializing...
maxdom : 25
D->valSize : 625
Solving...
currentSize : 8 <-- 0.004700 s
currentSize : 9 <-- 0.005333 s
currentSize : 10 <-- 0.005522 s
currentSize : 11 <-- 0.006069 s
currentSize : 12 <-- 0.024617 s
currentSize : 13 <-- 1.177697 s
currentSize : 14 <-- 1.352251 s
currentSize : 15 <-- 1.352495 s
currentSize : 16 <-- 1.352650 s

maxsize : 16
nodes : 670927.000000
filtered : 13567517.000000
CCGP filtered : 74369.000000
CCGT filtered : 103922.000000
time : 5.814839
