Parameters: GAD=1 vflib=1 dir=0 label=0 lowerbound=1 fileNameGp=../graphsdb/mcs70/m3D/m3Dr2/mcs70_m3Dr2_s35.A02 fileNameGt=../graphsdb/mcs70/m3D/m3Dr2/mcs70_m3Dr2_s35.B02
Reading graphs...
35 :  79
35 :  79
Initializing...
maxdom : 35
D->valSize : 1225
Solving...
currentSize : 16 <-- 0.035576 s
currentSize : 17 <-- 0.036550 s
currentSize : 18 <-- 0.036905 s
currentSize : 19 <-- 0.201254 s
currentSize : 20 <-- 0.252744 s
currentSize : 21 <-- 12.680967 s
currentSize : 22 <-- 27.299648 s
currentSize : 23 <-- 106.333893 s
currentSize : 24 <-- 142.521072 s
currentSize : 25 <-- 264.300262 s
currentSize : 28 <-- 264.300354 s

maxsize : 28
nodes : 26907910.000000
filtered : 734235086.000000
CCGP filtered : 63878723.000000
CCGT filtered : 59893569.000000
time : 269.315704
