Parameters: GAD=1 vflib=1 dir=0 label=0 lowerbound=1 fileNameGp=../graphsdb/mcs70/m3D/m3Dr4/mcs70_m3Dr4_s35.A10 fileNameGt=../graphsdb/mcs70/m3D/m3Dr4/mcs70_m3Dr4_s35.B10
Reading graphs...
35 :  84
35 :  85
Initializing...
maxdom : 35
D->valSize : 1225
Solving...
currentSize : 14 <-- 0.024495 s
currentSize : 15 <-- 0.024616 s
currentSize : 16 <-- 0.025231 s
currentSize : 17 <-- 0.027090 s
currentSize : 18 <-- 0.028216 s
currentSize : 19 <-- 0.046126 s
currentSize : 21 <-- 0.199770 s
currentSize : 22 <-- 10.288456 s
currentSize : 23 <-- 33.079826 s
currentSize : 24 <-- 33.079933 s
currentSize : 25 <-- 122.380417 s
currentSize : 27 <-- 122.383835 s

maxsize : 27
nodes : 13409723.000000
filtered : 435050057.000000
CCGP filtered : 23057536.000000
CCGT filtered : 17292225.000000
time : 139.324478
