Parameters: GAD=1 vflib=1 dir=0 label=0 lowerbound=1 fileNameGp=../graphsdb/mcs70/rand/r005/mcs70_r005_s30.A36 fileNameGt=../graphsdb/mcs70/rand/r005/mcs70_r005_s30.B36
Reading graphs...
30 :  42
30 :  42
Initializing...
maxdom : 30
D->valSize : 900
Solving...
currentSize : 13 <-- 0.011418 s
currentSize : 14 <-- 0.011452 s
currentSize : 15 <-- 0.012292 s
currentSize : 16 <-- 0.015290 s
currentSize : 17 <-- 0.016474 s
currentSize : 18 <-- 0.017593 s
currentSize : 19 <-- 0.059727 s
currentSize : 20 <-- 0.060234 s
currentSize : 21 <-- 0.159529 s
currentSize : 22 <-- 0.888112 s
currentSize : 23 <-- 0.890819 s
currentSize : 24 <-- 0.960231 s

maxsize : 24
nodes : 147810.000000
filtered : 3890772.000000
CCGP filtered : 2371341.000000
CCGT filtered : 2392969.000000
time : 1.452573
