Parameters: GAD=1 vflib=1 dir=0 label=0 lowerbound=1 fileNameGp=../graphsdb/mcs70/m2D/m2Dr4/mcs70_m2Dr4_s35.A16 fileNameGt=../graphsdb/mcs70/m2D/m2Dr4/mcs70_m2Dr4_s35.B16
Reading graphs...
35 :  70
35 :  70
Initializing...
maxdom : 35
D->valSize : 1225
Solving...
currentSize : 11 <-- 0.020535 s
currentSize : 13 <-- 0.020593 s
currentSize : 14 <-- 0.020790 s
currentSize : 17 <-- 0.021041 s
currentSize : 18 <-- 0.037152 s
currentSize : 19 <-- 0.055229 s
currentSize : 20 <-- 0.055487 s
currentSize : 21 <-- 0.167455 s
currentSize : 22 <-- 7.522126 s
currentSize : 23 <-- 57.985268 s
currentSize : 24 <-- 82.496918 s
currentSize : 25 <-- 82.497177 s

maxsize : 25
nodes : 19949092.000000
filtered : 626959535.000000
CCGP filtered : 125444045.000000
CCGT filtered : 59937083.000000
time : 205.351654
