Parameters: GAD=1 vflib=1 dir=0 label=0 lowerbound=1 fileNameGp=../graphsdb/mcs70/m3D/m3D/mcs70_m3D_s35.A22 fileNameGt=../graphsdb/mcs70/m3D/m3D/mcs70_m3D_s35.B22
Reading graphs...
35 :  72
35 :  72
Initializing...
maxdom : 35
D->valSize : 1225
Solving...
currentSize : 17 <-- 0.035546 s
currentSize : 18 <-- 0.035841 s
currentSize : 19 <-- 0.036136 s
currentSize : 20 <-- 0.054682 s
currentSize : 22 <-- 0.278768 s
currentSize : 23 <-- 0.288050 s
currentSize : 24 <-- 0.353988 s
currentSize : 25 <-- 0.354047 s
currentSize : 28 <-- 0.560170 s
currentSize : 29 <-- 3.446643 s

maxsize : 29
nodes : 506527.000000
filtered : 20729036.000000
CCGP filtered : 644400.000000
CCGT filtered : 808995.000000
time : 5.515308
