Parameters: GAD=1 vflib=1 dir=0 label=0 lowerbound=1 fileNameGp=../graphsdb/mcs70/rand/r02/mcs70_r02_s35.A74 fileNameGt=../graphsdb/mcs70/rand/r02/mcs70_r02_s35.B74
Reading graphs...
35 :  212
35 :  217
Initializing...
maxdom : 35
D->valSize : 1225
Solving...
currentSize : 11 <-- 0.017419 s
currentSize : 12 <-- 0.017594 s
currentSize : 13 <-- 0.017757 s
currentSize : 14 <-- 0.239975 s
currentSize : 15 <-- 66.143204 s
currentSize : 16 <-- 874.032349 s
currentSize : 17 <-- 874.414062 s
currentSize : 19 <-- 978.716431 s
currentSize : 20 <-- 1089.501709 s
currentSize : 24 <-- 1089.501831 s

maxsize : 24
nodes : 97294303.000000
filtered : 1370605113.000000
CCGP filtered : 2439730.000000
CCGT filtered : 5908612.000000
time : 1115.756104
