Parameters: GAD=1 vflib=1 dir=0 label=0 lowerbound=1 fileNameGp=../graphsdb/mcs70/m3D/m3Dr2/mcs70_m3Dr2_s35.A58 fileNameGt=../graphsdb/mcs70/m3D/m3Dr2/mcs70_m3Dr2_s35.B58
Reading graphs...
35 :  77
35 :  77
Initializing...
maxdom : 35
D->valSize : 1225
Solving...
currentSize : 18 <-- 0.035360 s
currentSize : 19 <-- 0.037560 s
currentSize : 20 <-- 0.064533 s
currentSize : 21 <-- 0.094341 s
currentSize : 22 <-- 2.394755 s
currentSize : 23 <-- 2.419421 s
currentSize : 24 <-- 3.258300 s
currentSize : 25 <-- 80.990448 s
currentSize : 26 <-- 129.502121 s
currentSize : 27 <-- 133.842819 s

maxsize : 27
nodes : 14128300.000000
filtered : 485743414.000000
CCGP filtered : 34049027.000000
CCGT filtered : 19675102.000000
time : 147.453644
