Parameters: GAD=1 vflib=1 dir=0 label=0 lowerbound=1 fileNameGp=../graphsdb/mcs70/rand/r02/mcs70_r02_s30.A95 fileNameGt=../graphsdb/mcs70/rand/r02/mcs70_r02_s30.B95
Reading graphs...
30 :  152
30 :  159
Initializing...
maxdom : 30
D->valSize : 900
Solving...
currentSize : 10 <-- 0.016298 s
currentSize : 11 <-- 0.016716 s
currentSize : 12 <-- 0.027375 s
currentSize : 13 <-- 0.051085 s
currentSize : 14 <-- 0.064401 s
currentSize : 15 <-- 0.074874 s
currentSize : 17 <-- 147.456146 s
currentSize : 18 <-- 158.631668 s
currentSize : 21 <-- 162.507812 s

maxsize : 21
nodes : 16867742.000000
filtered : 246481889.000000
CCGP filtered : 299495.000000
CCGT filtered : 1699320.000000
time : 165.955292
