Parameters: GAD=1 vflib=1 dir=0 label=0 lowerbound=1 fileNameGp=../graphsdb/mcs70/m4D/m4D/mcs70_m4D_s25.A38 fileNameGt=../graphsdb/mcs70/m4D/m4D/mcs70_m4D_s25.B38
Reading graphs...
25 :  47
25 :  47
Initializing...
maxdom : 25
D->valSize : 625
Solving...
currentSize : 8 <-- 0.005242 s
currentSize : 10 <-- 0.005305 s
currentSize : 11 <-- 0.005653 s
currentSize : 12 <-- 0.005668 s
currentSize : 14 <-- 0.006056 s
currentSize : 15 <-- 0.087716 s
currentSize : 16 <-- 0.420718 s
currentSize : 17 <-- 0.736408 s
currentSize : 19 <-- 1.571900 s

maxsize : 19
nodes : 216102.000000
filtered : 4438123.000000
CCGP filtered : 3548783.000000
CCGT filtered : 1548341.000000
time : 1.692448
