Parameters: GAD=1 vflib=1 dir=0 label=0 lowerbound=1 fileNameGp=../graphsdb/mcs70/m3D/m3Dr2/mcs70_m3Dr2_s35.A96 fileNameGt=../graphsdb/mcs70/m3D/m3Dr2/mcs70_m3Dr2_s35.B96
Reading graphs...
35 :  78
35 :  78
Initializing...
maxdom : 35
D->valSize : 1225
Solving...
currentSize : 16 <-- 0.035400 s
currentSize : 17 <-- 0.035627 s
currentSize : 18 <-- 0.036352 s
currentSize : 20 <-- 0.051652 s
currentSize : 22 <-- 0.396663 s
currentSize : 23 <-- 70.889175 s
currentSize : 24 <-- 106.466232 s
currentSize : 25 <-- 185.856522 s
currentSize : 27 <-- 278.225800 s

maxsize : 27
nodes : 29747176.000000
filtered : 890304924.000000
CCGP filtered : 58184768.000000
CCGT filtered : 33160864.000000
time : 293.109955
