Parameters: GAD=1 vflib=1 dir=0 label=0 lowerbound=1 fileNameGp=../graphsdb/mcs70/rand/r02/mcs70_r02_s35.A23 fileNameGt=../graphsdb/mcs70/rand/r02/mcs70_r02_s35.B23
Reading graphs...
35 :  207
35 :  208
Initializing...
maxdom : 35
D->valSize : 1225
Solving...
currentSize : 11 <-- 0.018057 s
currentSize : 12 <-- 0.022224 s
currentSize : 13 <-- 0.081774 s
currentSize : 14 <-- 0.195371 s
currentSize : 15 <-- 26.427099 s
currentSize : 17 <-- 659.699097 s
currentSize : 19 <-- 1417.244385 s
currentSize : 20 <-- 1745.054932 s
currentSize : 24 <-- 1745.055664 s

maxsize : 24
nodes : 153031108.000000
filtered : 2397734763.000000
CCGP filtered : 2273180.000000
CCGT filtered : 5348768.000000
time : 1753.346558
