Parameters: GAD=1 vflib=1 dir=0 label=0 lowerbound=1 fileNameGp=../graphsdb/mcs70/m2D/m2Dr6/m2Dr6/mcs70_m2Dr6_s35.A76 fileNameGt=../graphsdb/mcs70/m2D/m2Dr6/m2Dr6/mcs70_m2Dr6_s35.B76
Reading graphs...
35 :  78
35 :  75
Initializing...
maxdom : 35
D->valSize : 1225
Solving...
currentSize : 14 <-- 0.025246 s
currentSize : 16 <-- 0.025337 s
currentSize : 18 <-- 0.025522 s
currentSize : 19 <-- 0.029270 s
currentSize : 20 <-- 0.037126 s
currentSize : 21 <-- 0.095912 s
currentSize : 22 <-- 0.146500 s
currentSize : 23 <-- 17.185154 s
currentSize : 24 <-- 70.937607 s
currentSize : 25 <-- 99.481392 s

maxsize : 25
nodes : 17951653.000000
filtered : 628938890.000000
CCGP filtered : 81105904.000000
CCGT filtered : 45695725.000000
time : 188.000412
