Parameters: GAD=1 vflib=1 dir=0 label=0 lowerbound=1 fileNameGp=../graphsdb/mcs70/bvg/b09/mcs70_b09_s35.A46 fileNameGt=../graphsdb/mcs70/bvg/b09/mcs70_b09_s35.B46
Reading graphs...
35 :  155
35 :  156
Initializing...
maxdom : 35
D->valSize : 1225
Solving...
currentSize : 12 <-- 0.031372 s
currentSize : 13 <-- 0.031948 s
currentSize : 14 <-- 0.038752 s
currentSize : 15 <-- 0.219502 s
currentSize : 16 <-- 0.477528 s
currentSize : 17 <-- 1.292419 s
currentSize : 18 <-- 1.723044 s
currentSize : 19 <-- 1.723269 s
currentSize : 20 <-- 3.044261 s
currentSize : 21 <-- 3.524507 s
currentSize : 22 <-- 4.486515 s
currentSize : 24 <-- 5.183537 s
currentSize : 25 <-- 6.107126 s

maxsize : 25
nodes : 2191265.000000
filtered : 100848051.000000
CCGP filtered : 421044.000000
CCGT filtered : 243865.000000
time : 27.163288
