Parameters: GAD=1 vflib=1 dir=0 label=0 lowerbound=1 fileNameGp=../graphsdb/mcs70/m4D/m4Dr4/mcs70_m4Dr4_s25.A13 fileNameGt=../graphsdb/mcs70/m4D/m4Dr4/mcs70_m4Dr4_s25.B13
Reading graphs...
25 :  56
25 :  55
Initializing...
maxdom : 25
D->valSize : 625
Solving...
currentSize : 10 <-- 0.005103 s
currentSize : 11 <-- 0.005126 s
currentSize : 12 <-- 0.005357 s
currentSize : 13 <-- 0.005825 s
currentSize : 14 <-- 0.006619 s
currentSize : 15 <-- 0.029855 s
currentSize : 16 <-- 0.057929 s
currentSize : 17 <-- 1.742224 s
currentSize : 18 <-- 3.571529 s
currentSize : 19 <-- 3.629397 s

maxsize : 19
nodes : 484388.000000
filtered : 9999013.000000
CCGP filtered : 1418485.000000
CCGT filtered : 1088001.000000
time : 3.818216
