Parameters: GAD=1 vflib=1 dir=0 label=0 lowerbound=1 fileNameGp=../graphsdb/mcs70/bvg/b09m/mcs70_b09m_s35.A73 fileNameGt=../graphsdb/mcs70/bvg/b09m/mcs70_b09m_s35.B73
Reading graphs...
35 :  149
35 :  148
Initializing...
maxdom : 35
D->valSize : 1225
Solving...
currentSize : 12 <-- 0.018493 s
currentSize : 13 <-- 0.019525 s
currentSize : 15 <-- 0.020135 s
currentSize : 16 <-- 0.410942 s
currentSize : 17 <-- 7.401541 s
currentSize : 18 <-- 317.368103 s
currentSize : 19 <-- 480.792847 s
currentSize : 22 <-- 855.584229 s
currentSize : 24 <-- 855.585693 s

maxsize : 24
nodes : 80314282.000000
filtered : 1810734559.000000
CCGP filtered : 53075355.000000
CCGT filtered : 23780292.000000
time : 882.469055
