Parameters: GAD=1 vflib=1 dir=0 label=0 lowerbound=1 fileNameGp=../graphsdb/mcs70/m2D/m2Dr6/m2Dr6/mcs70_m2Dr6_s35.A16 fileNameGt=../graphsdb/mcs70/m2D/m2Dr6/m2Dr6/mcs70_m2Dr6_s35.B16
Reading graphs...
35 :  76
35 :  79
Initializing...
maxdom : 35
D->valSize : 1225
Solving...
currentSize : 11 <-- 0.020396 s
currentSize : 14 <-- 0.020456 s
currentSize : 18 <-- 0.020514 s
currentSize : 19 <-- 0.026384 s
currentSize : 20 <-- 0.101298 s
currentSize : 21 <-- 0.338662 s
currentSize : 22 <-- 58.958324 s
currentSize : 23 <-- 67.346642 s
currentSize : 24 <-- 67.346703 s
currentSize : 25 <-- 161.786453 s

maxsize : 25
nodes : 21847036.000000
filtered : 730025955.000000
CCGP filtered : 91500988.000000
CCGT filtered : 67912272.000000
time : 230.310638
