Parameters: GAD=1 vflib=1 dir=0 label=0 lowerbound=1 fileNameGp=../graphsdb/mcs70/bvg/b09m/mcs70_b09m_s35.A50 fileNameGt=../graphsdb/mcs70/bvg/b09m/mcs70_b09m_s35.B50
Reading graphs...
35 :  153
35 :  154
Initializing...
maxdom : 35
D->valSize : 1225
Solving...
currentSize : 11 <-- 0.019059 s
currentSize : 12 <-- 0.019152 s
currentSize : 13 <-- 0.021831 s
currentSize : 14 <-- 0.079037 s
currentSize : 15 <-- 1.159174 s
currentSize : 16 <-- 7.360910 s
currentSize : 17 <-- 7.410605 s
currentSize : 18 <-- 93.033882 s
currentSize : 20 <-- 93.034286 s
currentSize : 23 <-- 93.057358 s
currentSize : 25 <-- 93.057648 s

maxsize : 25
nodes : 9575681.000000
filtered : 222548659.000000
CCGP filtered : 9070906.000000
CCGT filtered : 6534231.000000
time : 107.495094
