Parameters: GAD=1 vflib=1 dir=0 label=0 lowerbound=1 fileNameGp=../graphsdb/mcs70/m2D/m2D/mcs70_m2D_s35.A83 fileNameGt=../graphsdb/mcs70/m2D/m2D/mcs70_m2D_s35.B83
Reading graphs...
35 :  58
35 :  57
Initializing...
maxdom : 35
D->valSize : 1225
Solving...
currentSize : 16 <-- 0.036557 s
currentSize : 20 <-- 0.036626 s
currentSize : 21 <-- 0.036867 s
currentSize : 22 <-- 0.040464 s
currentSize : 23 <-- 0.226478 s
currentSize : 24 <-- 1.732217 s
currentSize : 25 <-- 3.757109 s
currentSize : 26 <-- 15.735730 s
currentSize : 27 <-- 19.078745 s

maxsize : 27
nodes : 3384572.000000
filtered : 110240120.000000
CCGP filtered : 55022159.000000
CCGT filtered : 23727673.000000
time : 34.990253
