Parameters: GAD=1 vflib=1 dir=0 label=0 lowerbound=1 fileNameGp=../graphsdb/mcs70/m2D/m2Dr4/mcs70_m2Dr4_s25.A76 fileNameGt=../graphsdb/mcs70/m2D/m2Dr4/mcs70_m2Dr4_s25.B76
Reading graphs...
25 :  48
25 :  49
Initializing...
maxdom : 25
D->valSize : 625
Solving...
currentSize : 8 <-- 0.008986 s
currentSize : 9 <-- 0.009051 s
currentSize : 10 <-- 0.009202 s
currentSize : 11 <-- 0.009268 s
currentSize : 12 <-- 0.009938 s
currentSize : 13 <-- 0.012546 s
currentSize : 14 <-- 0.013811 s
currentSize : 15 <-- 0.014815 s
currentSize : 16 <-- 0.402896 s
currentSize : 17 <-- 4.031327 s

maxsize : 17
nodes : 749808.000000
filtered : 13778854.000000
CCGP filtered : 3953626.000000
CCGT filtered : 3432854.000000
time : 5.491807
