Parameters: GAD=1 vflib=1 dir=0 label=0 lowerbound=1 fileNameGp=../graphsdb/mcs70/rand/r01/mcs70_r01_s35.A22 fileNameGt=../graphsdb/mcs70/rand/r01/mcs70_r01_s35.B22
Reading graphs...
35 :  113
35 :  116
Initializing...
maxdom : 35
D->valSize : 1225
Solving...
currentSize : 15 <-- 0.033617 s
currentSize : 16 <-- 0.034290 s
currentSize : 17 <-- 0.090861 s
currentSize : 18 <-- 1.662321 s
currentSize : 19 <-- 21.264790 s
currentSize : 20 <-- 1374.872192 s
currentSize : 21 <-- 1586.281128 s
currentSize : 22 <-- 1586.281250 s
currentSize : 24 <-- 1586.281372 s

maxsize : 24
nodes : 164744214.000000
filtered : 3652136651.000000
CCGP filtered : 170125232.000000
CCGT filtered : 170386200.000000
time : 1704.176392
