Parameters: GAD=1 vflib=1 dir=0 label=0 lowerbound=1 fileNameGp=../graphsdb/mcs70/m3D/m3Dr4/mcs70_m3Dr4_s35.A14 fileNameGt=../graphsdb/mcs70/m3D/m3Dr4/mcs70_m3Dr4_s35.B14
Reading graphs...
35 :  85
35 :  85
Initializing...
maxdom : 35
D->valSize : 1225
Solving...
currentSize : 16 <-- 0.019701 s
currentSize : 17 <-- 0.019807 s
currentSize : 19 <-- 0.020320 s
currentSize : 20 <-- 0.021182 s
currentSize : 21 <-- 1.583602 s
currentSize : 22 <-- 3.185778 s
currentSize : 23 <-- 15.159262 s
currentSize : 24 <-- 15.270912 s
currentSize : 25 <-- 56.762703 s
currentSize : 26 <-- 56.763718 s
currentSize : 27 <-- 56.763870 s

maxsize : 27
nodes : 6331591.000000
filtered : 230577242.000000
CCGP filtered : 23989496.000000
CCGT filtered : 7965501.000000
time : 67.027000
