Parameters: GAD=1 vflib=1 dir=0 label=0 lowerbound=1 fileNameGp=../graphsdb/mcs70/m3D/m3Dr4/mcs70_m3Dr4_s35.A13 fileNameGt=../graphsdb/mcs70/m3D/m3Dr4/mcs70_m3Dr4_s35.B13
Reading graphs...
35 :  86
35 :  85
Initializing...
maxdom : 35
D->valSize : 1225
Solving...
currentSize : 16 <-- 0.024169 s
currentSize : 17 <-- 0.024234 s
currentSize : 18 <-- 0.024420 s
currentSize : 19 <-- 0.026236 s
currentSize : 21 <-- 0.051708 s
currentSize : 22 <-- 52.306385 s
currentSize : 24 <-- 139.550415 s
currentSize : 25 <-- 397.233063 s
currentSize : 26 <-- 397.338593 s
currentSize : 27 <-- 397.338654 s

maxsize : 27
nodes : 41012556.000000
filtered : 1218241542.000000
CCGP filtered : 55184699.000000
CCGT filtered : 39484142.000000
time : 406.438080
