Parameters: GAD=1 vflib=1 dir=0 label=0 lowerbound=1 fileNameGp=../graphsdb/mcs70/bvg/b09/mcs70_b09_s30.A14 fileNameGt=../graphsdb/mcs70/bvg/b09/mcs70_b09_s30.B14
Reading graphs...
30 :  134
30 :  134
Initializing...
maxdom : 30
D->valSize : 900
Solving...
currentSize : 9 <-- 0.016594 s
currentSize : 10 <-- 0.017344 s
currentSize : 11 <-- 0.018570 s
currentSize : 12 <-- 0.034683 s
currentSize : 13 <-- 0.042517 s
currentSize : 14 <-- 0.059224 s
currentSize : 15 <-- 0.376871 s
currentSize : 17 <-- 0.663731 s
currentSize : 18 <-- 0.749305 s
currentSize : 19 <-- 0.749386 s
currentSize : 20 <-- 0.749492 s
currentSize : 21 <-- 2.162557 s

maxsize : 21
nodes : 833308.000000
filtered : 26391023.000000
CCGP filtered : 13342.000000
CCGT filtered : 15970.000000
time : 8.637734
