Parameters: GAD=1 vflib=1 dir=0 label=0 lowerbound=1 fileNameGp=../graphsdb/mcs70/bvg/b09/mcs70_b09_s35.A95 fileNameGt=../graphsdb/mcs70/bvg/b09/mcs70_b09_s35.B95
Reading graphs...
35 :  156
35 :  156
Initializing...
maxdom : 35
D->valSize : 1225
Solving...
currentSize : 12 <-- 0.031484 s
currentSize : 13 <-- 0.031976 s
currentSize : 14 <-- 0.035095 s
currentSize : 15 <-- 0.043234 s
currentSize : 16 <-- 0.083337 s
currentSize : 17 <-- 0.548008 s
currentSize : 18 <-- 40.492039 s
currentSize : 19 <-- 42.012615 s
currentSize : 20 <-- 42.332829 s
currentSize : 21 <-- 42.384106 s
currentSize : 22 <-- 42.899967 s
currentSize : 23 <-- 42.954273 s
currentSize : 24 <-- 43.392586 s
currentSize : 25 <-- 52.173981 s

maxsize : 25
nodes : 6295292.000000
filtered : 165574728.000000
CCGP filtered : 1057235.000000
CCGT filtered : 1444006.000000
time : 70.795380
