Parameters: GAD=1 vflib=1 dir=0 label=0 lowerbound=1 fileNameGp=../graphsdb/mcs70/m2D/m2D/mcs70_m2D_s35.A36 fileNameGt=../graphsdb/mcs70/m2D/m2D/mcs70_m2D_s35.B36
Reading graphs...
35 :  58
35 :  58
Initializing...
maxdom : 35
D->valSize : 1225
Solving...
currentSize : 17 <-- 0.020828 s
currentSize : 19 <-- 0.020881 s
currentSize : 20 <-- 0.021059 s
currentSize : 21 <-- 0.021187 s
currentSize : 22 <-- 0.022685 s
currentSize : 23 <-- 0.083200 s
currentSize : 24 <-- 0.140180 s
currentSize : 25 <-- 0.348615 s
currentSize : 26 <-- 35.854095 s
currentSize : 27 <-- 36.245392 s
currentSize : 28 <-- 36.251102 s

maxsize : 28
nodes : 4332227.000000
filtered : 124887121.000000
CCGP filtered : 54593310.000000
CCGT filtered : 22208846.000000
time : 43.267860
