Parameters: GAD=1 vflib=1 dir=0 label=0 lowerbound=1 fileNameGp=../graphsdb/mcs70/m2D/m2Dr6/m2Dr6/mcs70_m2Dr6_s25.A73 fileNameGt=../graphsdb/mcs70/m2D/m2Dr6/m2Dr6/mcs70_m2Dr6_s25.B73
Reading graphs...
25 :  52
25 :  52
Initializing...
maxdom : 25
D->valSize : 625
Solving...
currentSize : 10 <-- 0.005280 s
currentSize : 11 <-- 0.005366 s
currentSize : 12 <-- 0.005569 s
currentSize : 13 <-- 0.007177 s
currentSize : 14 <-- 0.007291 s
currentSize : 15 <-- 0.007824 s
currentSize : 16 <-- 0.014657 s
currentSize : 17 <-- 1.199615 s
currentSize : 18 <-- 1.199773 s

maxsize : 18
nodes : 380287.000000
filtered : 8772297.000000
CCGP filtered : 1082509.000000
CCGT filtered : 700255.000000
time : 2.867396
