Parameters: GAD=1 vflib=1 dir=0 label=0 lowerbound=1 fileNameGp=../graphsdb/mcs70/bvg/b06m/mcs70_b06m_s35.A28 fileNameGt=../graphsdb/mcs70/bvg/b06m/mcs70_b06m_s35.B28
Reading graphs...
35 :  101
35 :  97
Initializing...
maxdom : 35
D->valSize : 1225
Solving...
currentSize : 12 <-- 0.034202 s
currentSize : 14 <-- 0.034308 s
currentSize : 15 <-- 0.034414 s
currentSize : 17 <-- 0.034695 s
currentSize : 18 <-- 0.036901 s
currentSize : 19 <-- 1.854234 s
currentSize : 20 <-- 4.536922 s
currentSize : 21 <-- 16.004953 s
currentSize : 22 <-- 63.660423 s
currentSize : 23 <-- 106.960976 s
currentSize : 24 <-- 220.245239 s

maxsize : 24
nodes : 21500686.000000
filtered : 793117921.000000
CCGP filtered : 41469910.000000
CCGT filtered : 53021064.000000
time : 236.406448
