Parameters: GAD=1 vflib=1 dir=0 label=0 lowerbound=1 fileNameGp=../graphsdb/mcs70/m2D/m2Dr6/m2Dr6/mcs70_m2Dr6_s35.A87 fileNameGt=../graphsdb/mcs70/m2D/m2Dr6/m2Dr6/mcs70_m2Dr6_s35.B87
Reading graphs...
35 :  78
35 :  78
Initializing...
maxdom : 35
D->valSize : 1225
Solving...
currentSize : 15 <-- 0.020367 s
currentSize : 16 <-- 0.020470 s
currentSize : 17 <-- 0.020491 s
currentSize : 18 <-- 0.024255 s
currentSize : 19 <-- 0.029249 s
currentSize : 20 <-- 0.033955 s
currentSize : 21 <-- 0.408506 s
currentSize : 22 <-- 9.754300 s
currentSize : 23 <-- 216.027817 s
currentSize : 25 <-- 216.028076 s

maxsize : 25
nodes : 27764389.000000
filtered : 798925882.000000
CCGP filtered : 93648708.000000
CCGT filtered : 83370917.000000
time : 286.914093
