Parameters: GAD=1 vflib=1 dir=0 label=0 lowerbound=1 fileNameGp=../graphsdb/mcs70/m2D/m2Dr4/mcs70_m2Dr4_s35.A83 fileNameGt=../graphsdb/mcs70/m2D/m2Dr4/mcs70_m2Dr4_s35.B83
Reading graphs...
35 :  72
35 :  70
Initializing...
maxdom : 35
D->valSize : 1225
Solving...
currentSize : 15 <-- 0.021126 s
currentSize : 16 <-- 0.021221 s
currentSize : 17 <-- 0.021355 s
currentSize : 18 <-- 0.032284 s
currentSize : 19 <-- 0.058024 s
currentSize : 20 <-- 0.190338 s
currentSize : 21 <-- 0.613310 s
currentSize : 22 <-- 58.393459 s
currentSize : 23 <-- 260.092163 s
currentSize : 24 <-- 325.189240 s
currentSize : 26 <-- 408.778015 s

maxsize : 26
nodes : 42494038.000000
filtered : 1178548167.000000
CCGP filtered : 228336037.000000
CCGT filtered : 231731737.000000
time : 436.214935
