Parameters: GAD=1 vflib=1 dir=0 label=0 lowerbound=1 fileNameGp=../graphsdb/mcs70/m3D/m3Dr6/mcs70_m3Dr6_s35.A39 fileNameGt=../graphsdb/mcs70/m3D/m3Dr6/mcs70_m3Dr6_s35.B39
Reading graphs...
35 :  92
35 :  90
Initializing...
maxdom : 35
D->valSize : 1225
Solving...
currentSize : 15 <-- 0.019847 s
currentSize : 16 <-- 0.019877 s
currentSize : 18 <-- 0.020253 s
currentSize : 19 <-- 0.034889 s
currentSize : 20 <-- 0.147878 s
currentSize : 21 <-- 48.694695 s
currentSize : 22 <-- 232.456604 s
currentSize : 23 <-- 232.456711 s
currentSize : 24 <-- 289.605225 s
currentSize : 28 <-- 291.573486 s

maxsize : 28
nodes : 30142360.000000
filtered : 731599087.000000
CCGP filtered : 31579748.000000
CCGT filtered : 57600744.000000
time : 298.341492
