Parameters: GAD=1 vflib=1 dir=0 label=0 lowerbound=1 fileNameGp=../graphsdb/mcs70/rand/r02/mcs70_r02_s30.A48 fileNameGt=../graphsdb/mcs70/rand/r02/mcs70_r02_s30.B48
Reading graphs...
30 :  159
30 :  157
Initializing...
maxdom : 30
D->valSize : 900
Solving...
currentSize : 8 <-- 0.016251 s
currentSize : 9 <-- 0.016420 s
currentSize : 10 <-- 0.016893 s
currentSize : 11 <-- 0.021949 s
currentSize : 12 <-- 0.031656 s
currentSize : 13 <-- 0.175334 s
currentSize : 14 <-- 0.476136 s
currentSize : 16 <-- 43.275112 s
currentSize : 17 <-- 52.865280 s
currentSize : 21 <-- 89.590218 s

maxsize : 21
nodes : 9276277.000000
filtered : 149563659.000000
CCGP filtered : 388878.000000
CCGT filtered : 478627.000000
time : 91.764473
