Parameters: GAD=1 vflib=1 dir=0 label=0 lowerbound=1 fileNameGp=../graphsdb/mcs70/m2D/m2D/mcs70_m2D_s35.A43 fileNameGt=../graphsdb/mcs70/m2D/m2D/mcs70_m2D_s35.B43
Reading graphs...
35 :  58
35 :  58
Initializing...
maxdom : 35
D->valSize : 1225
Solving...
currentSize : 17 <-- 0.036595 s
currentSize : 18 <-- 0.037466 s
currentSize : 19 <-- 0.042281 s
currentSize : 20 <-- 0.043156 s
currentSize : 21 <-- 0.080105 s
currentSize : 22 <-- 0.095270 s
currentSize : 23 <-- 0.226778 s
currentSize : 24 <-- 0.248856 s
currentSize : 25 <-- 20.427237 s
currentSize : 26 <-- 100.215202 s

maxsize : 26
nodes : 19791458.000000
filtered : 569861598.000000
CCGP filtered : 190659842.000000
CCGT filtered : 102313553.000000
time : 198.331146
