Parameters: GAD=1 vflib=1 dir=0 label=0 lowerbound=1 fileNameGp=../graphsdb/mcs70/bvg/b09m/mcs70_b09m_s35.A15 fileNameGt=../graphsdb/mcs70/bvg/b09m/mcs70_b09m_s35.B15
Reading graphs...
35 :  151
35 :  152
Initializing...
maxdom : 35
D->valSize : 1225
Solving...
currentSize : 11 <-- 0.029585 s
currentSize : 12 <-- 0.029646 s
currentSize : 14 <-- 0.030967 s
currentSize : 15 <-- 0.057153 s
currentSize : 16 <-- 0.185423 s
currentSize : 17 <-- 2.125788 s
currentSize : 18 <-- 360.526276 s
currentSize : 20 <-- 617.642883 s
currentSize : 24 <-- 617.643005 s

maxsize : 24
nodes : 60368466.000000
filtered : 1289379384.000000
CCGP filtered : 33528121.000000
CCGT filtered : 60148554.000000
time : 650.516968
