Parameters: GAD=1 vflib=1 dir=0 label=0 lowerbound=1 fileNameGp=../graphsdb/mcs70/bvg/b09m/mcs70_b09m_s35.A29 fileNameGt=../graphsdb/mcs70/bvg/b09m/mcs70_b09m_s35.B29
Reading graphs...
35 :  146
35 :  148
Initializing...
maxdom : 35
D->valSize : 1225
Solving...
currentSize : 10 <-- 0.018376 s
currentSize : 12 <-- 0.018415 s
currentSize : 13 <-- 0.018464 s
currentSize : 14 <-- 0.027063 s
currentSize : 15 <-- 0.094455 s
currentSize : 16 <-- 0.324580 s
currentSize : 17 <-- 23.036846 s
currentSize : 19 <-- 494.221130 s
currentSize : 20 <-- 495.191010 s
currentSize : 22 <-- 717.252014 s
currentSize : 25 <-- 717.350403 s

maxsize : 25
nodes : 67957727.000000
filtered : 1364480046.000000
CCGP filtered : 26325198.000000
CCGT filtered : 54620568.000000
time : 730.216309
