Parameters: GAD=1 vflib=1 dir=0 label=0 lowerbound=1 fileNameGp=../graphsdb/mcs70/bvg/b06/mcs70_b06_s30.A77 fileNameGt=../graphsdb/mcs70/bvg/b06/mcs70_b06_s30.B77
Reading graphs...
30 :  89
30 :  88
Initializing...
maxdom : 30
D->valSize : 900
Solving...
currentSize : 13 <-- 0.010104 s
currentSize : 15 <-- 0.010187 s
currentSize : 16 <-- 0.013719 s
currentSize : 17 <-- 0.095622 s
currentSize : 18 <-- 0.096589 s
currentSize : 20 <-- 0.205224 s
currentSize : 21 <-- 0.285987 s
currentSize : 22 <-- 0.475454 s
currentSize : 23 <-- 1.491006 s

maxsize : 23
nodes : 359767.000000
filtered : 12031892.000000
CCGP filtered : 413633.000000
CCGT filtered : 302866.000000
time : 3.493232
