Parameters: GAD=1 vflib=1 dir=0 label=0 lowerbound=1 fileNameGp=../graphsdb/mcs70/rand/r01/mcs70_r01_s35.A76 fileNameGt=../graphsdb/mcs70/rand/r01/mcs70_r01_s35.B76
Reading graphs...
35 :  114
35 :  116
Initializing...
maxdom : 35
D->valSize : 1225
Solving...
currentSize : 14 <-- 0.019158 s
currentSize : 15 <-- 0.020091 s
currentSize : 16 <-- 0.020381 s
currentSize : 17 <-- 0.024390 s
currentSize : 18 <-- 0.102424 s
currentSize : 19 <-- 18.178734 s
currentSize : 20 <-- 1488.543457 s
currentSize : 21 <-- 1559.575562 s
currentSize : 24 <-- 2620.766602 s

maxsize : 24
nodes : 266714208.000000
filtered : 6342057960.000000
CCGP filtered : 125974473.000000
CCGT filtered : 217892621.000000
time : 2673.503174
