Parameters: GAD=1 vflib=1 dir=0 label=0 lowerbound=1 fileNameGp=../graphsdb/mcs70/rand/r01/mcs70_r01_s30.A97 fileNameGt=../graphsdb/mcs70/rand/r01/mcs70_r01_s30.B97
Reading graphs...
30 :  82
30 :  81
Initializing...
maxdom : 30
D->valSize : 900
Solving...
currentSize : 11 <-- 0.018000 s
currentSize : 13 <-- 0.018157 s
currentSize : 14 <-- 0.022103 s
currentSize : 15 <-- 0.056303 s
currentSize : 16 <-- 0.056558 s
currentSize : 17 <-- 1.157485 s
currentSize : 18 <-- 1.191564 s
currentSize : 19 <-- 58.686329 s
currentSize : 20 <-- 58.710995 s
currentSize : 21 <-- 69.018051 s

maxsize : 21
nodes : 7820734.000000
filtered : 188537462.000000
CCGP filtered : 12611926.000000
CCGT filtered : 13681391.000000
time : 71.294159
