Parameters: GAD=1 vflib=1 dir=0 label=0 lowerbound=1 fileNameGp=../graphsdb/mcs70/bvg/b03m/mcs70_b03m_s35.A61 fileNameGt=../graphsdb/mcs70/bvg/b03m/mcs70_b03m_s35.B61
Reading graphs...
35 :  51
35 :  50
Initializing...
maxdom : 35
D->valSize : 1225
Solving...
currentSize : 16 <-- 0.021538 s
currentSize : 17 <-- 0.021678 s
currentSize : 18 <-- 0.022677 s
currentSize : 19 <-- 0.027596 s
currentSize : 20 <-- 0.060163 s
currentSize : 21 <-- 0.081711 s
currentSize : 22 <-- 0.153311 s
currentSize : 23 <-- 0.607242 s
currentSize : 24 <-- 3.871089 s
currentSize : 25 <-- 6.544487 s

maxsize : 25
nodes : 4895901.000000
filtered : 131505110.000000
CCGP filtered : 102460033.000000
CCGT filtered : 65235808.000000
time : 49.842361
