Parameters: GAD=1 vflib=1 dir=0 label=0 lowerbound=1 fileNameGp=../graphsdb/mcs70/bvg/b03m/mcs70_b03m_s30.A12 fileNameGt=../graphsdb/mcs70/bvg/b03m/mcs70_b03m_s30.B12
Reading graphs...
30 :  45
30 :  45
Initializing...
maxdom : 30
D->valSize : 900
Solving...
currentSize : 14 <-- 0.011101 s
currentSize : 15 <-- 0.011133 s
currentSize : 16 <-- 0.011186 s
currentSize : 17 <-- 0.012774 s
currentSize : 18 <-- 0.013647 s
currentSize : 19 <-- 0.013791 s
currentSize : 20 <-- 0.086535 s
currentSize : 21 <-- 0.224715 s
currentSize : 22 <-- 25.904810 s

maxsize : 22
nodes : 3877542.000000
filtered : 81420639.000000
CCGP filtered : 48908418.000000
CCGT filtered : 29195454.000000
time : 33.002510
