Parameters: GAD=1 vflib=1 dir=0 label=0 lowerbound=1 fileNameGp=../graphsdb/mcs70/bvg/b06/mcs70_b06_s25.A87 fileNameGt=../graphsdb/mcs70/bvg/b06/mcs70_b06_s25.B87
Reading graphs...
25 :  72
25 :  74
Initializing...
maxdom : 25
D->valSize : 625
Solving...
currentSize : 9 <-- 0.008414 s
currentSize : 11 <-- 0.008595 s
currentSize : 12 <-- 0.012537 s
currentSize : 13 <-- 0.039927 s
currentSize : 14 <-- 0.246108 s
currentSize : 15 <-- 0.249261 s
currentSize : 16 <-- 0.332719 s
currentSize : 18 <-- 0.336149 s
currentSize : 19 <-- 0.337343 s

maxsize : 19
nodes : 81109.000000
filtered : 1964262.000000
CCGP filtered : 73495.000000
CCGT filtered : 47988.000000
time : 0.711877
