Parameters: GAD=1 vflib=1 dir=0 label=0 lowerbound=1 fileNameGp=../graphsdb/mcs70/rand/r005/mcs70_r005_s30.A92 fileNameGt=../graphsdb/mcs70/rand/r005/mcs70_r005_s30.B92
Reading graphs...
30 :  42
30 :  42
Initializing...
maxdom : 30
D->valSize : 900
Solving...
currentSize : 10 <-- 0.011179 s
currentSize : 12 <-- 0.011241 s
currentSize : 13 <-- 0.011258 s
currentSize : 14 <-- 0.011497 s
currentSize : 16 <-- 0.012059 s
currentSize : 17 <-- 0.013436 s
currentSize : 19 <-- 0.020686 s
currentSize : 20 <-- 0.171510 s
currentSize : 21 <-- 0.250324 s
currentSize : 22 <-- 3.425178 s

maxsize : 22
nodes : 2226432.000000
filtered : 48096735.000000
CCGP filtered : 38302110.000000
CCGT filtered : 21361979.000000
time : 18.656919
