Parameters: GAD=1 vflib=1 dir=0 label=0 lowerbound=1 fileNameGp=../graphsdb/mcs70/bvg/b03m/mcs70_b03m_s35.A20 fileNameGt=../graphsdb/mcs70/bvg/b03m/mcs70_b03m_s35.B20
Reading graphs...
35 :  51
35 :  51
Initializing...
maxdom : 35
D->valSize : 1225
Solving...
currentSize : 17 <-- 0.021362 s
currentSize : 18 <-- 0.021429 s
currentSize : 19 <-- 0.028110 s
currentSize : 20 <-- 0.031764 s
currentSize : 21 <-- 0.043722 s
currentSize : 22 <-- 4.037112 s
currentSize : 23 <-- 9.168213 s
currentSize : 24 <-- 33.674641 s
currentSize : 25 <-- 149.254318 s

maxsize : 25
nodes : 16165645.000000
filtered : 370247777.000000
CCGP filtered : 250898197.000000
CCGT filtered : 223801877.000000
time : 159.575577
