Parameters: GAD=1 vflib=1 dir=0 label=0 lowerbound=1 fileNameGp=../graphsdb/mcs70/rand/r005/mcs70_r005_s30.A19 fileNameGt=../graphsdb/mcs70/rand/r005/mcs70_r005_s30.B19
Reading graphs...
30 :  42
30 :  42
Initializing...
maxdom : 30
D->valSize : 900
Solving...
currentSize : 13 <-- 0.011884 s
currentSize : 14 <-- 0.012035 s
currentSize : 15 <-- 0.012070 s
currentSize : 16 <-- 0.012102 s
currentSize : 17 <-- 0.015616 s
currentSize : 18 <-- 0.052129 s
currentSize : 19 <-- 0.128064 s
currentSize : 20 <-- 0.210984 s
currentSize : 21 <-- 0.238083 s
currentSize : 23 <-- 0.952402 s

maxsize : 23
nodes : 287288.000000
filtered : 7426737.000000
CCGP filtered : 5701924.000000
CCGT filtered : 5019455.000000
time : 2.861836
