Parameters: GAD=1 vflib=1 dir=0 label=0 lowerbound=1 fileNameGp=../graphsdb/mcs70/m3D/m3D/mcs70_m3D_s35.A00 fileNameGt=../graphsdb/mcs70/m3D/m3D/mcs70_m3D_s35.B00
Reading graphs...
35 :  72
35 :  72
Initializing...
maxdom : 35
D->valSize : 1225
Solving...
currentSize : 17 <-- 0.035828 s
currentSize : 18 <-- 0.035922 s
currentSize : 19 <-- 0.036474 s
currentSize : 20 <-- 0.038933 s
currentSize : 21 <-- 0.066056 s
currentSize : 22 <-- 0.078653 s
currentSize : 23 <-- 3.087115 s
currentSize : 24 <-- 6.817726 s
currentSize : 25 <-- 40.376183 s
currentSize : 26 <-- 40.438988 s
currentSize : 27 <-- 40.447880 s
currentSize : 28 <-- 46.214306 s

maxsize : 28
nodes : 7612355.000000
filtered : 201924463.000000
CCGP filtered : 9094327.000000
CCGT filtered : 3287189.000000
time : 69.787827
