Parameters: GAD=1 vflib=1 dir=0 label=0 lowerbound=1 fileNameGp=../graphsdb/mcs70/bvg/b03m/mcs70_b03m_s35.A19 fileNameGt=../graphsdb/mcs70/bvg/b03m/mcs70_b03m_s35.B19
Reading graphs...
35 :  52
35 :  51
Initializing...
maxdom : 35
D->valSize : 1225
Solving...
currentSize : 18 <-- 0.021178 s
currentSize : 19 <-- 0.021323 s
currentSize : 20 <-- 0.039423 s
currentSize : 21 <-- 0.132224 s
currentSize : 22 <-- 0.146386 s
currentSize : 23 <-- 0.235285 s
currentSize : 24 <-- 1.354270 s
currentSize : 25 <-- 3.528029 s
currentSize : 26 <-- 13.105648 s
currentSize : 27 <-- 14.225427 s

maxsize : 27
nodes : 1855186.000000
filtered : 44629283.000000
CCGP filtered : 43640731.000000
CCGT filtered : 12940200.000000
time : 17.339205
