Parameters: GAD=1 vflib=1 dir=0 label=0 lowerbound=1 fileNameGp=../graphsdb/mcs70/rand/r02/mcs70_r02_s30.A92 fileNameGt=../graphsdb/mcs70/rand/r02/mcs70_r02_s30.B92
Reading graphs...
30 :  158
30 :  156
Initializing...
maxdom : 30
D->valSize : 900
Solving...
currentSize : 10 <-- 0.016320 s
currentSize : 11 <-- 0.017231 s
currentSize : 12 <-- 0.028178 s
currentSize : 13 <-- 0.029589 s
currentSize : 14 <-- 2.665225 s
currentSize : 15 <-- 32.359169 s
currentSize : 16 <-- 86.897766 s
currentSize : 17 <-- 96.641083 s
currentSize : 21 <-- 96.962448 s

maxsize : 21
nodes : 10418162.000000
filtered : 161949922.000000
CCGP filtered : 320033.000000
CCGT filtered : 377709.000000
time : 102.645241
