Parameters: GAD=1 vflib=1 dir=0 label=0 lowerbound=1 fileNameGp=../graphsdb/mcs70/m3D/m3Dr4/mcs70_m3Dr4_s35.A72 fileNameGt=../graphsdb/mcs70/m3D/m3Dr4/mcs70_m3Dr4_s35.B72
Reading graphs...
35 :  85
35 :  85
Initializing...
maxdom : 35
D->valSize : 1225
Solving...
currentSize : 16 <-- 0.020305 s
currentSize : 17 <-- 0.020752 s
currentSize : 19 <-- 0.022729 s
currentSize : 20 <-- 0.140154 s
currentSize : 21 <-- 0.237580 s
currentSize : 22 <-- 260.996399 s
currentSize : 23 <-- 261.048187 s
currentSize : 24 <-- 339.796814 s
currentSize : 25 <-- 340.168518 s
currentSize : 26 <-- 349.906036 s
currentSize : 28 <-- 349.914825 s

maxsize : 28
nodes : 36666494.000000
filtered : 947772128.000000
CCGP filtered : 96402392.000000
CCGT filtered : 65579714.000000
time : 353.444550
