Parameters: GAD=1 vflib=1 dir=0 label=0 lowerbound=1 fileNameGp=../graphsdb/mcs70/m3D/m3Dr4/mcs70_m3Dr4_s35.A68 fileNameGt=../graphsdb/mcs70/m3D/m3Dr4/mcs70_m3Dr4_s35.B68
Reading graphs...
35 :  84
35 :  83
Initializing...
maxdom : 35
D->valSize : 1225
Solving...
currentSize : 14 <-- 0.035106 s
currentSize : 15 <-- 0.035194 s
currentSize : 17 <-- 0.035498 s
currentSize : 18 <-- 0.037941 s
currentSize : 19 <-- 0.043977 s
currentSize : 20 <-- 0.059530 s
currentSize : 21 <-- 0.268907 s
currentSize : 22 <-- 4.786960 s
currentSize : 25 <-- 271.404266 s
currentSize : 27 <-- 313.367371 s

maxsize : 27
nodes : 31670706.000000
filtered : 915999017.000000
CCGP filtered : 81457682.000000
CCGT filtered : 63765723.000000
time : 323.124664
