Parameters: GAD=1 vflib=1 dir=0 label=0 lowerbound=1 fileNameGp=../graphsdb/mcs70/m2D/m2D/mcs70_m2D_s35.A33 fileNameGt=../graphsdb/mcs70/m2D/m2D/mcs70_m2D_s35.B33
Reading graphs...
35 :  58
35 :  58
Initializing...
maxdom : 35
D->valSize : 1225
Solving...
currentSize : 17 <-- 0.021037 s
currentSize : 18 <-- 0.021185 s
currentSize : 19 <-- 0.021592 s
currentSize : 20 <-- 0.023307 s
currentSize : 21 <-- 0.028937 s
currentSize : 22 <-- 0.031115 s
currentSize : 23 <-- 0.037478 s
currentSize : 24 <-- 0.508316 s
currentSize : 25 <-- 0.864466 s
currentSize : 26 <-- 4.289876 s
currentSize : 27 <-- 5.245318 s
currentSize : 28 <-- 5.478259 s

maxsize : 28
nodes : 1261425.000000
filtered : 44481576.000000
CCGP filtered : 13166706.000000
CCGT filtered : 4883945.000000
time : 13.312041
