Parameters: GAD=1 vflib=1 dir=0 label=0 lowerbound=1 fileNameGp=../graphsdb/mcs70/bvg/b06/mcs70_b06_s35.A50 fileNameGt=../graphsdb/mcs70/bvg/b06/mcs70_b06_s35.B50
Reading graphs...
35 :  105
35 :  105
Initializing...
maxdom : 35
D->valSize : 1225
Solving...
currentSize : 16 <-- 0.019081 s
currentSize : 17 <-- 0.019326 s
currentSize : 18 <-- 0.019575 s
currentSize : 19 <-- 0.019889 s
currentSize : 20 <-- 0.028910 s
currentSize : 21 <-- 2.005871 s
currentSize : 22 <-- 3.364989 s
currentSize : 23 <-- 3.550499 s
currentSize : 24 <-- 6.062389 s
currentSize : 25 <-- 32.295441 s
currentSize : 26 <-- 50.952423 s

maxsize : 26
nodes : 5569797.000000
filtered : 236058374.000000
CCGP filtered : 18171485.000000
CCGT filtered : 8757640.000000
time : 65.462410
