Parameters: GAD=1 vflib=1 dir=0 label=0 lowerbound=1 fileNameGp=../graphsdb/mcs70/rand/r005/mcs70_r005_s20.A18 fileNameGt=../graphsdb/mcs70/rand/r005/mcs70_r005_s20.B18
Reading graphs...
20 :  23
20 :  22
Initializing...
maxdom : 20
D->valSize : 400
Solving...
currentSize : 5 <-- 0.004001 s
currentSize : 8 <-- 0.004079 s
currentSize : 9 <-- 0.004197 s
currentSize : 10 <-- 0.004332 s
currentSize : 11 <-- 0.004989 s
currentSize : 12 <-- 0.005254 s
currentSize : 13 <-- 0.012652 s
currentSize : 14 <-- 0.013122 s
currentSize : 15 <-- 0.034518 s

maxsize : 15
nodes : 10197.000000
filtered : 141449.000000
CCGP filtered : 145360.000000
CCGT filtered : 53309.000000
time : 0.081707
