Parameters: GAD=1 vflib=1 dir=0 label=0 lowerbound=1 fileNameGp=../graphsdb/mcs70/bvg/b06m/mcs70_b06m_s30.A84 fileNameGt=../graphsdb/mcs70/bvg/b06m/mcs70_b06m_s30.B84
Reading graphs...
30 :  88
30 :  87
Initializing...
maxdom : 30
D->valSize : 900
Solving...
currentSize : 10 <-- 0.010262 s
currentSize : 12 <-- 0.010299 s
currentSize : 13 <-- 0.011266 s
currentSize : 14 <-- 0.013282 s
currentSize : 15 <-- 0.027384 s
currentSize : 16 <-- 0.106727 s
currentSize : 17 <-- 1.816323 s
currentSize : 18 <-- 9.817263 s
currentSize : 19 <-- 9.835320 s
currentSize : 22 <-- 9.836144 s

maxsize : 22
nodes : 1316576.000000
filtered : 30282907.000000
CCGP filtered : 3984009.000000
CCGT filtered : 2355091.000000
time : 12.043804
