Parameters: GAD=1 vflib=1 dir=0 label=0 lowerbound=1 fileNameGp=../graphsdb/mcs70/bvg/b09/mcs70_b09_s30.A98 fileNameGt=../graphsdb/mcs70/bvg/b09/mcs70_b09_s30.B98
Reading graphs...
30 :  132
30 :  131
Initializing...
maxdom : 30
D->valSize : 900
Solving...
currentSize : 9 <-- 0.009682 s
currentSize : 11 <-- 0.009848 s
currentSize : 12 <-- 0.011415 s
currentSize : 14 <-- 0.011713 s
currentSize : 15 <-- 0.049819 s
currentSize : 16 <-- 5.136418 s
currentSize : 17 <-- 5.247726 s
currentSize : 20 <-- 5.464410 s
currentSize : 21 <-- 7.552266 s

maxsize : 21
nodes : 1357854.000000
filtered : 35519528.000000
CCGP filtered : 215858.000000
CCGT filtered : 465765.000000
time : 13.975658
