Parameters: GAD=1 vflib=1 dir=0 label=0 lowerbound=1 fileNameGp=../graphsdb/mcs70/bvg/b09m/mcs70_b09m_s30.A15 fileNameGt=../graphsdb/mcs70/bvg/b09m/mcs70_b09m_s30.B15
Reading graphs...
30 :  127
30 :  129
Initializing...
maxdom : 30
D->valSize : 900
Solving...
currentSize : 9 <-- 0.016684 s
currentSize : 10 <-- 0.016780 s
currentSize : 11 <-- 0.017483 s
currentSize : 12 <-- 0.021093 s
currentSize : 13 <-- 0.027218 s
currentSize : 14 <-- 0.055996 s
currentSize : 15 <-- 0.417645 s
currentSize : 16 <-- 266.830170 s
currentSize : 17 <-- 282.767029 s
currentSize : 18 <-- 282.767090 s
currentSize : 20 <-- 289.200470 s

maxsize : 20
nodes : 32825099.000000
filtered : 508393954.000000
CCGP filtered : 16155903.000000
CCGT filtered : 11246134.000000
time : 292.174408
