Parameters: GAD=1 vflib=1 dir=0 label=0 lowerbound=1 fileNameGp=../graphsdb/mcs70/rand/r01/mcs70_r01_s35.A99 fileNameGt=../graphsdb/mcs70/rand/r01/mcs70_r01_s35.B99
Reading graphs...
35 :  116
35 :  112
Initializing...
maxdom : 35
D->valSize : 1225
Solving...
currentSize : 12 <-- 0.019563 s
currentSize : 13 <-- 0.019598 s
currentSize : 14 <-- 0.019683 s
currentSize : 15 <-- 0.019942 s
currentSize : 16 <-- 0.027877 s
currentSize : 17 <-- 1.114966 s
currentSize : 18 <-- 11.873944 s
currentSize : 19 <-- 17.426233 s
currentSize : 24 <-- 446.552521 s

maxsize : 24
nodes : 52168923.000000
filtered : 1228363824.000000
CCGP filtered : 35065743.000000
CCGT filtered : 63868121.000000
time : 542.882690
