Parameters: GAD=1 vflib=1 dir=0 label=0 lowerbound=1 fileNameGp=../graphsdb/mcs70/bvg/b03m/mcs70_b03m_s35.A14 fileNameGt=../graphsdb/mcs70/bvg/b03m/mcs70_b03m_s35.B14
Reading graphs...
35 :  52
35 :  52
Initializing...
maxdom : 35
D->valSize : 1225
Solving...
currentSize : 13 <-- 0.021000 s
currentSize : 19 <-- 0.021163 s
currentSize : 20 <-- 0.021246 s
currentSize : 21 <-- 0.021287 s
currentSize : 22 <-- 0.021381 s
currentSize : 23 <-- 0.024320 s
currentSize : 24 <-- 0.584684 s
currentSize : 26 <-- 4.484056 s
currentSize : 27 <-- 6.700243 s

maxsize : 27
nodes : 1310435.000000
filtered : 39193163.000000
CCGP filtered : 26120704.000000
CCGT filtered : 10685942.000000
time : 13.234102
