Parameters: GAD=1 vflib=1 dir=0 label=0 lowerbound=1 fileNameGp=../graphsdb/mcs70/m2D/m2Dr4/mcs70_m2Dr4_s35.A47 fileNameGt=../graphsdb/mcs70/m2D/m2Dr4/mcs70_m2Dr4_s35.B47
Reading graphs...
35 :  72
35 :  70
Initializing...
maxdom : 35
D->valSize : 1225
Solving...
currentSize : 18 <-- 0.035813 s
currentSize : 19 <-- 0.036103 s
currentSize : 20 <-- 0.042242 s
currentSize : 21 <-- 0.069498 s
currentSize : 22 <-- 0.582973 s
currentSize : 23 <-- 10.147584 s
currentSize : 24 <-- 295.631134 s
currentSize : 25 <-- 295.632599 s
currentSize : 26 <-- 295.749023 s

maxsize : 26
nodes : 35133561.000000
filtered : 992355762.000000
CCGP filtered : 161836189.000000
CCGT filtered : 126557767.000000
time : 348.080505
