Parameters: GAD=1 vflib=1 dir=0 label=0 lowerbound=1 fileNameGp=../graphsdb/mcs70/bvg/b09/mcs70_b09_s35.A44 fileNameGt=../graphsdb/mcs70/bvg/b09/mcs70_b09_s35.B44
Reading graphs...
35 :  155
35 :  154
Initializing...
maxdom : 35
D->valSize : 1225
Solving...
currentSize : 12 <-- 0.031444 s
currentSize : 13 <-- 0.033498 s
currentSize : 14 <-- 0.034573 s
currentSize : 15 <-- 0.037797 s
currentSize : 16 <-- 0.084037 s
currentSize : 17 <-- 0.269308 s
currentSize : 18 <-- 1.103364 s
currentSize : 19 <-- 1.103580 s
currentSize : 21 <-- 1.104111 s
currentSize : 22 <-- 1.469917 s
currentSize : 23 <-- 1.636164 s
currentSize : 24 <-- 1.636582 s
currentSize : 25 <-- 14.644081 s

maxsize : 25
nodes : 1986814.000000
filtered : 94463793.000000
CCGP filtered : 570330.000000
CCGT filtered : 790292.000000
time : 25.808556
