Parameters: GAD=1 vflib=1 dir=0 label=0 lowerbound=1 fileNameGp=../graphsdb/mcs70/m3D/m3Dr2/mcs70_m3Dr2_s35.A00 fileNameGt=../graphsdb/mcs70/m3D/m3Dr2/mcs70_m3Dr2_s35.B00
Reading graphs...
35 :  79
35 :  79
Initializing...
maxdom : 35
D->valSize : 1225
Solving...
currentSize : 15 <-- 0.020376 s
currentSize : 16 <-- 0.020482 s
currentSize : 17 <-- 0.023749 s
currentSize : 18 <-- 0.039256 s
currentSize : 19 <-- 0.039855 s
currentSize : 20 <-- 0.050389 s
currentSize : 21 <-- 1.094305 s
currentSize : 22 <-- 28.677809 s
currentSize : 23 <-- 156.975769 s
currentSize : 24 <-- 181.497116 s
currentSize : 28 <-- 366.290649 s

maxsize : 28
nodes : 37340936.000000
filtered : 1052644338.000000
CCGP filtered : 100639691.000000
CCGT filtered : 81218628.000000
time : 371.060333
