Parameters: GAD=1 vflib=1 dir=0 label=0 lowerbound=1 fileNameGp=../graphsdb/mcs70/m2D/m2Dr4/mcs70_m2Dr4_s35.A01 fileNameGt=../graphsdb/mcs70/m2D/m2Dr4/mcs70_m2Dr4_s35.B01
Reading graphs...
35 :  71
35 :  69
Initializing...
maxdom : 35
D->valSize : 1225
Solving...
currentSize : 15 <-- 0.035866 s
currentSize : 16 <-- 0.036062 s
currentSize : 17 <-- 0.037277 s
currentSize : 18 <-- 0.044791 s
currentSize : 19 <-- 0.144732 s
currentSize : 20 <-- 0.153113 s
currentSize : 21 <-- 0.153205 s
currentSize : 22 <-- 0.153476 s
currentSize : 23 <-- 30.831841 s
currentSize : 24 <-- 61.894653 s
currentSize : 27 <-- 62.556465 s

maxsize : 27
nodes : 7339402.000000
filtered : 202237037.000000
CCGP filtered : 29529447.000000
CCGT filtered : 39632860.000000
time : 71.810150
