Parameters: GAD=1 vflib=1 dir=0 label=0 lowerbound=1 fileNameGp=../graphsdb/mcs70/bvg/b03m/mcs70_b03m_s35.A66 fileNameGt=../graphsdb/mcs70/bvg/b03m/mcs70_b03m_s35.B66
Reading graphs...
35 :  52
35 :  52
Initializing...
maxdom : 35
D->valSize : 1225
Solving...
currentSize : 8 <-- 0.021021 s
currentSize : 9 <-- 0.021080 s
currentSize : 14 <-- 0.021139 s
currentSize : 18 <-- 0.021244 s
currentSize : 19 <-- 0.021545 s
currentSize : 20 <-- 0.021648 s
currentSize : 21 <-- 0.022457 s
currentSize : 22 <-- 0.522123 s
currentSize : 23 <-- 0.980396 s
currentSize : 24 <-- 0.983551 s
currentSize : 25 <-- 3.137445 s
currentSize : 26 <-- 14.215178 s
currentSize : 27 <-- 14.342325 s
currentSize : 28 <-- 14.342842 s

maxsize : 28
nodes : 1558206.000000
filtered : 42141890.000000
CCGP filtered : 48196486.000000
CCGT filtered : 32227547.000000
time : 17.865437
