Parameters: GAD=1 vflib=1 dir=0 label=0 lowerbound=1 fileNameGp=../graphsdb/mcs70/m3D/m3Dr4/mcs70_m3Dr4_s35.A30 fileNameGt=../graphsdb/mcs70/m3D/m3Dr4/mcs70_m3Dr4_s35.B30
Reading graphs...
35 :  85
35 :  84
Initializing...
maxdom : 35
D->valSize : 1225
Solving...
currentSize : 13 <-- 0.019933 s
currentSize : 17 <-- 0.020083 s
currentSize : 18 <-- 0.020250 s
currentSize : 19 <-- 0.022005 s
currentSize : 20 <-- 0.129973 s
currentSize : 21 <-- 2.735564 s
currentSize : 22 <-- 4.663860 s
currentSize : 24 <-- 6.196390 s
currentSize : 25 <-- 8.993573 s
currentSize : 27 <-- 13.759989 s

maxsize : 27
nodes : 3069465.000000
filtered : 118353672.000000
CCGP filtered : 3180941.000000
CCGT filtered : 2817634.000000
time : 32.461418
