Parameters: GAD=1 vflib=1 dir=0 label=0 lowerbound=1 fileNameGp=../graphsdb/mcs70/m2D/m2Dr6/m2Dr6/mcs70_m2Dr6_s35.A01 fileNameGt=../graphsdb/mcs70/m2D/m2Dr6/m2Dr6/mcs70_m2Dr6_s35.B01
Reading graphs...
35 :  77
35 :  76
Initializing...
maxdom : 35
D->valSize : 1225
Solving...
currentSize : 16 <-- 0.020336 s
currentSize : 17 <-- 0.020602 s
currentSize : 19 <-- 0.028841 s
currentSize : 20 <-- 0.029041 s
currentSize : 21 <-- 0.032781 s
currentSize : 22 <-- 0.516257 s
currentSize : 23 <-- 0.850452 s
currentSize : 24 <-- 920.852051 s
currentSize : 25 <-- 1094.551514 s

maxsize : 25
nodes : 110260743.000000
filtered : 3251849180.000000
CCGP filtered : 420231275.000000
CCGT filtered : 222635348.000000
time : 1116.857544
