Parameters: GAD=1 vflib=1 dir=0 label=0 lowerbound=1 fileNameGp=../graphsdb/mcs70/bvg/b09/mcs70_b09_s35.A73 fileNameGt=../graphsdb/mcs70/bvg/b09/mcs70_b09_s35.B73
Reading graphs...
35 :  155
35 :  155
Initializing...
maxdom : 35
D->valSize : 1225
Solving...
currentSize : 12 <-- 0.018308 s
currentSize : 13 <-- 0.018352 s
currentSize : 14 <-- 0.018646 s
currentSize : 16 <-- 0.020977 s
currentSize : 17 <-- 0.030362 s
currentSize : 18 <-- 0.190883 s
currentSize : 19 <-- 0.353142 s
currentSize : 20 <-- 0.574762 s
currentSize : 21 <-- 0.682371 s
currentSize : 23 <-- 2.561870 s
currentSize : 24 <-- 2.562042 s
currentSize : 25 <-- 8.059772 s

maxsize : 25
nodes : 2891810.000000
filtered : 115865041.000000
CCGP filtered : 238273.000000
CCGT filtered : 102731.000000
time : 35.388409
