Parameters: GAD=1 vflib=1 dir=0 label=0 lowerbound=1 fileNameGp=../graphsdb/mcs70/m4D/m4Dr2/mcs70_m4Dr2_s25.A08 fileNameGt=../graphsdb/mcs70/m4D/m4Dr2/mcs70_m4Dr2_s25.B08
Reading graphs...
25 :  51
25 :  50
Initializing...
maxdom : 25
D->valSize : 625
Solving...
currentSize : 5 <-- 0.005053 s
currentSize : 6 <-- 0.005087 s
currentSize : 7 <-- 0.005152 s
currentSize : 8 <-- 0.005290 s
currentSize : 10 <-- 0.005316 s
currentSize : 12 <-- 0.005792 s
currentSize : 14 <-- 0.009399 s
currentSize : 15 <-- 0.016671 s
currentSize : 16 <-- 0.018036 s
currentSize : 17 <-- 0.269274 s

maxsize : 17
nodes : 285192.000000
filtered : 6432302.000000
CCGP filtered : 3415138.000000
CCGT filtered : 1556938.000000
time : 2.142244
