Parameters: GAD=1 vflib=1 dir=0 label=0 lowerbound=1 fileNameGp=../graphsdb/mcs70/bvg/b09/mcs70_b09_s30.A97 fileNameGt=../graphsdb/mcs70/bvg/b09/mcs70_b09_s30.B97
Reading graphs...
30 :  130
30 :  132
Initializing...
maxdom : 30
D->valSize : 900
Solving...
currentSize : 11 <-- 0.009841 s
currentSize : 12 <-- 0.009950 s
currentSize : 13 <-- 0.011051 s
currentSize : 14 <-- 0.020629 s
currentSize : 15 <-- 0.054008 s
currentSize : 16 <-- 0.712463 s
currentSize : 17 <-- 22.586708 s
currentSize : 18 <-- 40.713535 s
currentSize : 20 <-- 43.161022 s
currentSize : 21 <-- 43.187134 s

maxsize : 21
nodes : 4866506.000000
filtered : 101523625.000000
CCGP filtered : 1843119.000000
CCGT filtered : 1131858.000000
time : 47.087784
