Parameters: GAD=1 vflib=1 dir=0 label=0 lowerbound=1 fileNameGp=../graphsdb/mcs70/bvg/b06/mcs70_b06_s35.A97 fileNameGt=../graphsdb/mcs70/bvg/b06/mcs70_b06_s35.B97
Reading graphs...
35 :  104
35 :  105
Initializing...
maxdom : 35
D->valSize : 1225
Solving...
currentSize : 16 <-- 0.019540 s
currentSize : 17 <-- 0.019706 s
currentSize : 18 <-- 0.081146 s
currentSize : 19 <-- 0.126078 s
currentSize : 20 <-- 2.545081 s
currentSize : 21 <-- 12.116816 s
currentSize : 22 <-- 13.102199 s
currentSize : 23 <-- 13.105310 s
currentSize : 24 <-- 17.865335 s
currentSize : 26 <-- 21.823824 s

maxsize : 26
nodes : 3605019.000000
filtered : 123040820.000000
CCGP filtered : 7825720.000000
CCGT filtered : 5211062.000000
time : 38.910976
