Parameters: GAD=1 vflib=1 dir=0 label=0 lowerbound=1 fileNameGp=../graphsdb/mcs70/bvg/b03m/mcs70_b03m_s35.A99 fileNameGt=../graphsdb/mcs70/bvg/b03m/mcs70_b03m_s35.B99
Reading graphs...
35 :  51
35 :  52
Initializing...
maxdom : 35
D->valSize : 1225
Solving...
currentSize : 17 <-- 0.021620 s
currentSize : 18 <-- 0.022622 s
currentSize : 19 <-- 0.023311 s
currentSize : 20 <-- 0.028839 s
currentSize : 21 <-- 0.075805 s
currentSize : 22 <-- 0.077442 s
currentSize : 23 <-- 0.840739 s
currentSize : 24 <-- 1.056160 s
currentSize : 25 <-- 17.365965 s

maxsize : 25
nodes : 10223901.000000
filtered : 250458484.000000
CCGP filtered : 158666854.000000
CCGT filtered : 131414113.000000
time : 101.314079
