Parameters: GAD=1 vflib=1 dir=0 label=0 lowerbound=1 fileNameGp=../graphsdb/mcs70/bvg/b06m/mcs70_b06m_s35.A40 fileNameGt=../graphsdb/mcs70/bvg/b06m/mcs70_b06m_s35.B40
Reading graphs...
35 :  103
35 :  103
Initializing...
maxdom : 35
D->valSize : 1225
Solving...
currentSize : 11 <-- 0.019272 s
currentSize : 13 <-- 0.019310 s
currentSize : 14 <-- 0.019415 s
currentSize : 15 <-- 0.020785 s
currentSize : 16 <-- 0.022116 s
currentSize : 17 <-- 0.036149 s
currentSize : 18 <-- 0.142487 s
currentSize : 19 <-- 1.333380 s
currentSize : 20 <-- 3.027969 s
currentSize : 21 <-- 64.001747 s
currentSize : 22 <-- 166.156387 s
currentSize : 24 <-- 168.502884 s

maxsize : 24
nodes : 21860720.000000
filtered : 742183389.000000
CCGP filtered : 66146824.000000
CCGT filtered : 28462328.000000
time : 238.613434
