Parameters: GAD=1 vflib=1 dir=0 label=0 lowerbound=1 fileNameGp=../graphsdb/mcs70/m3D/m3Dr6/mcs70_m3Dr6_s35.A10 fileNameGt=../graphsdb/mcs70/m3D/m3Dr6/mcs70_m3Dr6_s35.B10
Reading graphs...
35 :  93
35 :  90
Initializing...
maxdom : 35
D->valSize : 1225
Solving...
currentSize : 16 <-- 0.034590 s
currentSize : 17 <-- 0.034691 s
currentSize : 18 <-- 0.046696 s
currentSize : 19 <-- 0.046725 s
currentSize : 20 <-- 9.839205 s
currentSize : 21 <-- 155.107666 s
currentSize : 22 <-- 616.233215 s
currentSize : 23 <-- 616.297791 s
currentSize : 24 <-- 616.926208 s
currentSize : 25 <-- 617.103943 s
currentSize : 27 <-- 617.104187 s

maxsize : 27
nodes : 63131393.000000
filtered : 1444988225.000000
CCGP filtered : 135319983.000000
CCGT filtered : 147209339.000000
time : 623.162842
