Parameters: GAD=1 vflib=1 dir=0 label=0 lowerbound=1 fileNameGp=../graphsdb/mcs70/bvg/b03/mcs70_b03_s25.A32 fileNameGt=../graphsdb/mcs70/bvg/b03/mcs70_b03_s25.B32
Reading graphs...
25 :  37
25 :  37
Initializing...
maxdom : 25
D->valSize : 625
Solving...
currentSize : 8 <-- 0.005439 s
currentSize : 9 <-- 0.005470 s
currentSize : 12 <-- 0.005648 s
currentSize : 13 <-- 0.005771 s
currentSize : 14 <-- 0.005823 s
currentSize : 15 <-- 0.006374 s
currentSize : 16 <-- 0.010132 s
currentSize : 17 <-- 0.010596 s
currentSize : 18 <-- 0.043762 s
currentSize : 19 <-- 0.307339 s

maxsize : 19
nodes : 103774.000000
filtered : 1930500.000000
CCGP filtered : 677187.000000
CCGT filtered : 336543.000000
time : 0.799894
