Parameters: GAD=1 vflib=1 dir=0 label=0 lowerbound=1 fileNameGp=../graphsdb/mcs70/bvg/b03m/mcs70_b03m_s30.A28 fileNameGt=../graphsdb/mcs70/bvg/b03m/mcs70_b03m_s30.B28
Reading graphs...
30 :  45
30 :  44
Initializing...
maxdom : 30
D->valSize : 900
Solving...
currentSize : 9 <-- 0.019705 s
currentSize : 10 <-- 0.019918 s
currentSize : 15 <-- 0.019992 s
currentSize : 16 <-- 0.020251 s
currentSize : 17 <-- 0.030902 s
currentSize : 18 <-- 0.039738 s
currentSize : 19 <-- 0.042036 s
currentSize : 20 <-- 0.042246 s
currentSize : 21 <-- 0.372804 s
currentSize : 22 <-- 1.458931 s
currentSize : 23 <-- 1.983850 s

maxsize : 23
nodes : 482446.000000
filtered : 14171819.000000
CCGP filtered : 8977278.000000
CCGT filtered : 5920491.000000
time : 4.639788
