Parameters: GAD=1 vflib=1 dir=0 label=0 lowerbound=1 fileNameGp=../graphsdb/mcs70/bvg/b09/mcs70_b09_s35.A76 fileNameGt=../graphsdb/mcs70/bvg/b09/mcs70_b09_s35.B76
Reading graphs...
35 :  155
35 :  156
Initializing...
maxdom : 35
D->valSize : 1225
Solving...
currentSize : 14 <-- 0.031384 s
currentSize : 15 <-- 0.033413 s
currentSize : 16 <-- 0.039972 s
currentSize : 17 <-- 0.060478 s
currentSize : 18 <-- 0.191861 s
currentSize : 20 <-- 0.515268 s
currentSize : 21 <-- 0.515403 s
currentSize : 22 <-- 5.186088 s
currentSize : 23 <-- 10.611555 s
currentSize : 24 <-- 19.739241 s

maxsize : 24
nodes : 4918346.000000
filtered : 217399554.000000
CCGP filtered : 649052.000000
CCGT filtered : 677743.000000
time : 61.540104
