Parameters: GAD=1 vflib=1 dir=0 label=0 lowerbound=1 fileNameGp=../graphsdb/mcs70/bvg/b06/mcs70_b06_s30.A74 fileNameGt=../graphsdb/mcs70/bvg/b06/mcs70_b06_s30.B74
Reading graphs...
30 :  90
30 :  90
Initializing...
maxdom : 30
D->valSize : 900
Solving...
currentSize : 14 <-- 0.010325 s
currentSize : 15 <-- 0.010390 s
currentSize : 16 <-- 0.011397 s
currentSize : 17 <-- 0.110518 s
currentSize : 18 <-- 0.130984 s
currentSize : 19 <-- 1.836869 s
currentSize : 20 <-- 1.868063 s
currentSize : 21 <-- 1.930740 s
currentSize : 22 <-- 2.781956 s

maxsize : 22
nodes : 781265.000000
filtered : 22310134.000000
CCGP filtered : 1230113.000000
CCGT filtered : 337761.000000
time : 7.043325
