Parameters: GAD=1 vflib=1 dir=0 label=0 lowerbound=1 fileNameGp=../graphsdb/mcs70/m3D/m3Dr4/mcs70_m3Dr4_s35.A52 fileNameGt=../graphsdb/mcs70/m3D/m3Dr4/mcs70_m3Dr4_s35.B52
Reading graphs...
35 :  85
35 :  84
Initializing...
maxdom : 35
D->valSize : 1225
Solving...
currentSize : 15 <-- 0.034984 s
currentSize : 16 <-- 0.067732 s
currentSize : 17 <-- 0.104292 s
currentSize : 18 <-- 0.182193 s
currentSize : 19 <-- 0.445100 s
currentSize : 20 <-- 0.557770 s
currentSize : 21 <-- 47.064220 s
currentSize : 22 <-- 439.791473 s
currentSize : 24 <-- 810.237366 s
currentSize : 25 <-- 811.268616 s
currentSize : 27 <-- 811.268860 s

maxsize : 27
nodes : 82479870.000000
filtered : 2031261403.000000
CCGP filtered : 233607423.000000
CCGT filtered : 252784779.000000
time : 821.234924
