Parameters: GAD=1 vflib=1 dir=0 label=0 lowerbound=1 fileNameGp=../graphsdb/mcs70/rand/r005/mcs70_r005_s30.A64 fileNameGt=../graphsdb/mcs70/rand/r005/mcs70_r005_s30.B64
Reading graphs...
30 :  40
30 :  40
Initializing...
maxdom : 30
D->valSize : 900
Solving...
currentSize : 15 <-- 0.012084 s
currentSize : 16 <-- 0.012141 s
currentSize : 17 <-- 0.012199 s
currentSize : 18 <-- 0.014514 s
currentSize : 19 <-- 0.033486 s
currentSize : 20 <-- 0.043765 s
currentSize : 21 <-- 0.301672 s
currentSize : 22 <-- 0.727130 s
currentSize : 23 <-- 1.773912 s

maxsize : 23
nodes : 319363.000000
filtered : 6775076.000000
CCGP filtered : 4272931.000000
CCGT filtered : 2548034.000000
time : 2.640691
