Parameters: GAD=1 vflib=1 dir=0 label=0 lowerbound=1 fileNameGp=../graphsdb/mcs70/bvg/b06m/mcs70_b06m_s35.A92 fileNameGt=../graphsdb/mcs70/bvg/b06m/mcs70_b06m_s35.B92
Reading graphs...
35 :  101
35 :  100
Initializing...
maxdom : 35
D->valSize : 1225
Solving...
currentSize : 14 <-- 0.020174 s
currentSize : 15 <-- 0.020220 s
currentSize : 16 <-- 0.020991 s
currentSize : 17 <-- 0.209621 s
currentSize : 18 <-- 0.256885 s
currentSize : 19 <-- 1.831199 s
currentSize : 20 <-- 2.665872 s
currentSize : 21 <-- 43.250191 s
currentSize : 22 <-- 57.657120 s
currentSize : 23 <-- 83.981003 s
currentSize : 24 <-- 150.287659 s

maxsize : 24
nodes : 16240294.000000
filtered : 571922828.000000
CCGP filtered : 56007533.000000
CCGT filtered : 28040876.000000
time : 174.818314
