Parameters: GAD=1 vflib=1 dir=0 label=0 lowerbound=1 fileNameGp=../graphsdb/mcs70/m3D/m3Dr6/mcs70_m3Dr6_s35.A14 fileNameGt=../graphsdb/mcs70/m3D/m3Dr6/mcs70_m3Dr6_s35.B14
Reading graphs...
35 :  93
35 :  92
Initializing...
maxdom : 35
D->valSize : 1225
Solving...
currentSize : 16 <-- 0.019622 s
currentSize : 17 <-- 0.086859 s
currentSize : 18 <-- 0.095103 s
currentSize : 19 <-- 1.426332 s
currentSize : 20 <-- 1.586604 s
currentSize : 21 <-- 23.220037 s
currentSize : 22 <-- 291.709625 s
currentSize : 23 <-- 291.712708 s
currentSize : 24 <-- 404.188568 s
currentSize : 28 <-- 407.847656 s

maxsize : 28
nodes : 40398940.000000
filtered : 1003154071.000000
CCGP filtered : 50858483.000000
CCGT filtered : 80076800.000000
time : 412.973694
