Parameters: GAD=1 vflib=1 dir=0 label=0 lowerbound=1 fileNameGp=../graphsdb/mcs70/bvg/b06m/mcs70_b06m_s35.A07 fileNameGt=../graphsdb/mcs70/bvg/b06m/mcs70_b06m_s35.B07
Reading graphs...
35 :  101
35 :  101
Initializing...
maxdom : 35
D->valSize : 1225
Solving...
currentSize : 15 <-- 0.019833 s
currentSize : 16 <-- 0.019988 s
currentSize : 17 <-- 0.021030 s
currentSize : 18 <-- 0.105374 s
currentSize : 19 <-- 0.777577 s
currentSize : 20 <-- 1.527350 s
currentSize : 21 <-- 210.295059 s
currentSize : 22 <-- 249.810608 s
currentSize : 24 <-- 807.652649 s

maxsize : 24
nodes : 78143088.000000
filtered : 2474325405.000000
CCGP filtered : 114976211.000000
CCGT filtered : 129372861.000000
time : 851.112061
