Parameters: GAD=1 vflib=1 dir=0 label=0 lowerbound=1 fileNameGp=../graphsdb/mcs70/m3D/m3Dr4/mcs70_m3Dr4_s35.A04 fileNameGt=../graphsdb/mcs70/m3D/m3Dr4/mcs70_m3Dr4_s35.B04
Reading graphs...
35 :  86
35 :  85
Initializing...
maxdom : 35
D->valSize : 1225
Solving...
currentSize : 14 <-- 0.019956 s
currentSize : 16 <-- 0.020008 s
currentSize : 17 <-- 0.023365 s
currentSize : 18 <-- 0.029194 s
currentSize : 19 <-- 0.034553 s
currentSize : 20 <-- 0.241651 s
currentSize : 21 <-- 3.074947 s
currentSize : 22 <-- 96.723663 s
currentSize : 23 <-- 572.462097 s
currentSize : 24 <-- 638.072693 s
currentSize : 27 <-- 638.458740 s

maxsize : 27
nodes : 66313422.000000
filtered : 1740539487.000000
CCGP filtered : 184882672.000000
CCGT filtered : 95353218.000000
time : 653.872131
