Parameters: GAD=1 vflib=1 dir=0 label=0 lowerbound=1 fileNameGp=../graphsdb/mcs70/bvg/b09/mcs70_b09_s25.A45 fileNameGt=../graphsdb/mcs70/bvg/b09/mcs70_b09_s25.B45
Reading graphs...
25 :  110
25 :  109
Initializing...
maxdom : 25
D->valSize : 625
Solving...
currentSize : 8 <-- 0.007915 s
currentSize : 9 <-- 0.007951 s
currentSize : 10 <-- 0.008110 s
currentSize : 11 <-- 0.008266 s
currentSize : 12 <-- 0.023498 s
currentSize : 13 <-- 0.025727 s
currentSize : 15 <-- 0.086392 s
currentSize : 16 <-- 0.086603 s
currentSize : 17 <-- 1.093332 s

maxsize : 17
nodes : 300310.000000
filtered : 6887550.000000
CCGP filtered : 23056.000000
CCGT filtered : 20056.000000
time : 2.733086
