Parameters: GAD=1 vflib=1 dir=0 label=0 lowerbound=1 fileNameGp=../graphsdb/mcs70/bvg/b03m/mcs70_b03m_s35.A84 fileNameGt=../graphsdb/mcs70/bvg/b03m/mcs70_b03m_s35.B84
Reading graphs...
35 :  51
35 :  52
Initializing...
maxdom : 35
D->valSize : 1225
Solving...
currentSize : 11 <-- 0.021482 s
currentSize : 14 <-- 0.021544 s
currentSize : 15 <-- 0.021734 s
currentSize : 16 <-- 0.021773 s
currentSize : 17 <-- 0.022057 s
currentSize : 18 <-- 0.022518 s
currentSize : 19 <-- 0.023398 s
currentSize : 20 <-- 0.026250 s
currentSize : 21 <-- 0.026918 s
currentSize : 22 <-- 0.036983 s
currentSize : 23 <-- 0.083561 s
currentSize : 24 <-- 0.920694 s
currentSize : 25 <-- 5.993507 s
currentSize : 26 <-- 30.971416 s

maxsize : 26
nodes : 5633979.000000
filtered : 164470373.000000
CCGP filtered : 179974186.000000
CCGT filtered : 88058585.000000
time : 62.734749
