Parameters: GAD=1 vflib=1 dir=0 label=0 lowerbound=1 fileNameGp=../graphsdb/mcs70/rand/r01/mcs70_r01_s30.A80 fileNameGt=../graphsdb/mcs70/rand/r01/mcs70_r01_s30.B80
Reading graphs...
30 :  83
30 :  85
Initializing...
maxdom : 30
D->valSize : 900
Solving...
currentSize : 9 <-- 0.010395 s
currentSize : 11 <-- 0.010440 s
currentSize : 12 <-- 0.010554 s
currentSize : 13 <-- 0.013587 s
currentSize : 14 <-- 0.014970 s
currentSize : 15 <-- 0.016824 s
currentSize : 16 <-- 0.021934 s
currentSize : 17 <-- 0.293394 s
currentSize : 20 <-- 8.878893 s
currentSize : 21 <-- 8.878972 s

maxsize : 21
nodes : 2040255.000000
filtered : 61587767.000000
CCGP filtered : 3535265.000000
CCGT filtered : 3465052.000000
time : 19.965408
