Parameters: GAD=1 vflib=1 dir=0 label=0 lowerbound=1 fileNameGp=../graphsdb/mcs70/bvg/b09/mcs70_b09_s35.A88 fileNameGt=../graphsdb/mcs70/bvg/b09/mcs70_b09_s35.B88
Reading graphs...
35 :  155
35 :  155
Initializing...
maxdom : 35
D->valSize : 1225
Solving...
currentSize : 13 <-- 0.031463 s
currentSize : 14 <-- 0.031855 s
currentSize : 15 <-- 0.057309 s
currentSize : 16 <-- 0.093995 s
currentSize : 17 <-- 1.419879 s
currentSize : 18 <-- 1.420701 s
currentSize : 19 <-- 1.435061 s
currentSize : 20 <-- 3.758179 s
currentSize : 22 <-- 7.267137 s
currentSize : 23 <-- 10.382669 s
currentSize : 24 <-- 20.429825 s
currentSize : 25 <-- 29.268150 s

maxsize : 25
nodes : 3625436.000000
filtered : 157272297.000000
CCGP filtered : 411118.000000
CCGT filtered : 82095.000000
time : 44.413071
