Parameters: GAD=1 vflib=1 dir=0 label=0 lowerbound=1 fileNameGp=../graphsdb/mcs70/bvg/b03/mcs70_b03_s35.A49 fileNameGt=../graphsdb/mcs70/bvg/b03/mcs70_b03_s35.B49
Reading graphs...
35 :  52
35 :  52
Initializing...
maxdom : 35
D->valSize : 1225
Solving...
currentSize : 15 <-- 0.021399 s
currentSize : 16 <-- 0.021538 s
currentSize : 17 <-- 0.021569 s
currentSize : 19 <-- 0.022037 s
currentSize : 20 <-- 0.023688 s
currentSize : 21 <-- 0.049842 s
currentSize : 22 <-- 0.058041 s
currentSize : 23 <-- 0.236524 s
currentSize : 24 <-- 1.053691 s
currentSize : 25 <-- 4.482806 s
currentSize : 26 <-- 11.788785 s
currentSize : 27 <-- 12.984932 s
currentSize : 29 <-- 20.050779 s

maxsize : 29
nodes : 2229421.000000
filtered : 54703085.000000
CCGP filtered : 44567158.000000
CCGT filtered : 28986428.000000
time : 22.193184
