Parameters: GAD=1 vflib=1 dir=0 label=0 lowerbound=1 fileNameGp=../graphsdb/mcs70/m2D/m2Dr6/m2Dr6/mcs70_m2Dr6_s35.A60 fileNameGt=../graphsdb/mcs70/m2D/m2Dr6/m2Dr6/mcs70_m2Dr6_s35.B60
Reading graphs...
35 :  77
35 :  76
Initializing...
maxdom : 35
D->valSize : 1225
Solving...
currentSize : 17 <-- 0.035498 s
currentSize : 18 <-- 0.036719 s
currentSize : 19 <-- 0.105597 s
currentSize : 20 <-- 0.163255 s
currentSize : 21 <-- 0.692942 s
currentSize : 22 <-- 4.249875 s
currentSize : 23 <-- 391.345551 s
currentSize : 25 <-- 721.245117 s
currentSize : 26 <-- 721.245178 s

maxsize : 26
nodes : 77665045.000000
filtered : 1860302648.000000
CCGP filtered : 316706221.000000
CCGT filtered : 193298508.000000
time : 739.816406
