Parameters: GAD=1 vflib=1 dir=0 label=0 lowerbound=1 fileNameGp=../graphsdb/mcs70/m3D/m3Dr2/mcs70_m3Dr2_s35.A77 fileNameGt=../graphsdb/mcs70/m3D/m3Dr2/mcs70_m3Dr2_s35.B77
Reading graphs...
35 :  79
35 :  78
Initializing...
maxdom : 35
D->valSize : 1225
Solving...
currentSize : 16 <-- 0.020758 s
currentSize : 17 <-- 0.020803 s
currentSize : 20 <-- 0.021476 s
currentSize : 21 <-- 0.030810 s
currentSize : 22 <-- 2.144630 s
currentSize : 23 <-- 250.895782 s
currentSize : 24 <-- 446.896637 s
currentSize : 25 <-- 479.101929 s
currentSize : 27 <-- 479.128204 s

maxsize : 27
nodes : 49027012.000000
filtered : 1472073422.000000
CCGP filtered : 185267507.000000
CCGT filtered : 110350615.000000
time : 489.648590
