Parameters: GAD=1 vflib=1 dir=0 label=0 lowerbound=1 fileNameGp=../graphsdb/mcs70/rand/r01/mcs70_r01_s35.A34 fileNameGt=../graphsdb/mcs70/rand/r01/mcs70_r01_s35.B34
Reading graphs...
35 :  111
35 :  109
Initializing...
maxdom : 35
D->valSize : 1225
Solving...
currentSize : 12 <-- 0.033718 s
currentSize : 13 <-- 0.034549 s
currentSize : 14 <-- 0.036137 s
currentSize : 15 <-- 0.036236 s
currentSize : 16 <-- 0.037429 s
currentSize : 17 <-- 0.040886 s
currentSize : 18 <-- 0.148196 s
currentSize : 19 <-- 2.769254 s
currentSize : 20 <-- 207.805573 s
currentSize : 21 <-- 217.157211 s
currentSize : 23 <-- 217.160522 s
currentSize : 24 <-- 217.160660 s

maxsize : 24
nodes : 29654836.000000
filtered : 784667173.000000
CCGP filtered : 27437789.000000
CCGT filtered : 39554682.000000
time : 306.450470
