Parameters: GAD=1 vflib=1 dir=0 label=0 lowerbound=1 fileNameGp=../graphsdb/mcs70/m2D/m2Dr2/mcs70_m2Dr2_s35.A57 fileNameGt=../graphsdb/mcs70/m2D/m2Dr2/mcs70_m2Dr2_s35.B57
Reading graphs...
35 :  65
35 :  64
Initializing...
maxdom : 35
D->valSize : 1225
Solving...
currentSize : 16 <-- 0.020593 s
currentSize : 18 <-- 0.020711 s
currentSize : 19 <-- 0.023816 s
currentSize : 20 <-- 0.054706 s
currentSize : 21 <-- 0.294069 s
currentSize : 22 <-- 2.121901 s
currentSize : 23 <-- 5.454179 s
currentSize : 24 <-- 19.684587 s
currentSize : 25 <-- 159.840454 s

maxsize : 25
nodes : 46359726.000000
filtered : 1425804834.000000
CCGP filtered : 341966615.000000
CCGT filtered : 236967993.000000
time : 472.933624
