Parameters: GAD=1 vflib=1 dir=0 label=0 lowerbound=1 fileNameGp=../graphsdb/mcs70/rand/r005/mcs70_r005_s25.A87 fileNameGt=../graphsdb/mcs70/rand/r005/mcs70_r005_s25.B87
Reading graphs...
25 :  33
25 :  33
Initializing...
maxdom : 25
D->valSize : 625
Solving...
currentSize : 11 <-- 0.009514 s
currentSize : 12 <-- 0.009587 s
currentSize : 13 <-- 0.009721 s
currentSize : 14 <-- 0.010093 s
currentSize : 15 <-- 0.014191 s
currentSize : 16 <-- 0.018309 s
currentSize : 17 <-- 0.072168 s
currentSize : 18 <-- 0.280364 s
currentSize : 19 <-- 0.282655 s

maxsize : 19
nodes : 62578.000000
filtered : 1044951.000000
CCGP filtered : 1028616.000000
CCGT filtered : 328181.000000
time : 0.460693
