Parameters: GAD=1 vflib=1 dir=0 label=0 lowerbound=1 fileNameGp=../graphsdb/mcs70/bvg/b09m/mcs70_b09m_s30.A92 fileNameGt=../graphsdb/mcs70/bvg/b09m/mcs70_b09m_s30.B92
Reading graphs...
30 :  129
30 :  129
Initializing...
maxdom : 30
D->valSize : 900
Solving...
currentSize : 10 <-- 0.016887 s
currentSize : 11 <-- 0.017067 s
currentSize : 12 <-- 0.018836 s
currentSize : 13 <-- 0.034722 s
currentSize : 14 <-- 0.180348 s
currentSize : 15 <-- 9.527035 s
currentSize : 16 <-- 70.369904 s
currentSize : 19 <-- 100.480957 s
currentSize : 20 <-- 100.481079 s

maxsize : 20
nodes : 11184369.000000
filtered : 192436640.000000
CCGP filtered : 2765322.000000
CCGT filtered : 9222065.000000
time : 107.916504
