Parameters: GAD=1 vflib=1 dir=0 label=0 lowerbound=1 fileNameGp=../graphsdb/mcs70/rand/r02/mcs70_r02_s35.A73 fileNameGt=../graphsdb/mcs70/rand/r02/mcs70_r02_s35.B73
Reading graphs...
35 :  215
35 :  216
Initializing...
maxdom : 35
D->valSize : 1225
Solving...
currentSize : 10 <-- 0.022044 s
currentSize : 11 <-- 0.022302 s
currentSize : 12 <-- 0.026733 s
currentSize : 13 <-- 0.068619 s
currentSize : 14 <-- 0.132746 s
currentSize : 15 <-- 1.465712 s
currentSize : 16 <-- 22.293348 s
currentSize : 17 <-- 516.555786 s
currentSize : 18 <-- 834.075928 s
currentSize : 24 <-- 915.215027 s

maxsize : 24
nodes : 81396516.000000
filtered : 1303306076.000000
CCGP filtered : 290224.000000
CCGT filtered : 1061734.000000
time : 956.448059
