Parameters: GAD=1 vflib=1 dir=0 label=0 lowerbound=1 fileNameGp=../graphsdb/mcs70/m2D/m2Dr6/m2Dr6/mcs70_m2Dr6_s35.A65 fileNameGt=../graphsdb/mcs70/m2D/m2Dr6/m2Dr6/mcs70_m2Dr6_s35.B65
Reading graphs...
35 :  79
35 :  75
Initializing...
maxdom : 35
D->valSize : 1225
Solving...
currentSize : 9 <-- 0.035355 s
currentSize : 13 <-- 0.035493 s
currentSize : 14 <-- 0.035651 s
currentSize : 15 <-- 0.036565 s
currentSize : 16 <-- 0.041641 s
currentSize : 17 <-- 0.042936 s
currentSize : 18 <-- 0.043172 s
currentSize : 19 <-- 0.095690 s
currentSize : 20 <-- 0.370168 s
currentSize : 21 <-- 2.644674 s
currentSize : 22 <-- 19.553366 s
currentSize : 23 <-- 31.567324 s
currentSize : 25 <-- 451.226959 s

maxsize : 25
nodes : 60593917.000000
filtered : 1655541597.000000
CCGP filtered : 93145318.000000
CCGT filtered : 141487371.000000
time : 602.443176
