Parameters: GAD=1 vflib=1 dir=0 label=0 lowerbound=1 fileNameGp=../graphsdb/mcs70/bvg/b06/mcs70_b06_s30.A55 fileNameGt=../graphsdb/mcs70/bvg/b06/mcs70_b06_s30.B55
Reading graphs...
30 :  90
30 :  90
Initializing...
maxdom : 30
D->valSize : 900
Solving...
currentSize : 11 <-- 0.010062 s
currentSize : 12 <-- 0.010257 s
currentSize : 13 <-- 0.010796 s
currentSize : 17 <-- 0.014150 s
currentSize : 18 <-- 0.014215 s
currentSize : 19 <-- 0.024990 s
currentSize : 20 <-- 0.078411 s
currentSize : 22 <-- 0.081437 s
currentSize : 23 <-- 0.427461 s

maxsize : 23
nodes : 244309.000000
filtered : 9095706.000000
CCGP filtered : 226492.000000
CCGT filtered : 40936.000000
time : 2.400763
