Parameters: GAD=1 vflib=1 dir=0 label=0 lowerbound=1 fileNameGp=../graphsdb/mcs70/bvg/b06m/mcs70_b06m_s25.A70 fileNameGt=../graphsdb/mcs70/bvg/b06m/mcs70_b06m_s25.B70
Reading graphs...
25 :  71
25 :  72
Initializing...
maxdom : 25
D->valSize : 625
Solving...
currentSize : 9 <-- 0.005005 s
currentSize : 10 <-- 0.005053 s
currentSize : 11 <-- 0.005311 s
currentSize : 12 <-- 0.005469 s
currentSize : 13 <-- 0.010061 s
currentSize : 14 <-- 0.174997 s
currentSize : 15 <-- 0.702718 s
currentSize : 16 <-- 4.279300 s
currentSize : 17 <-- 7.345442 s

maxsize : 17
nodes : 1077219.000000
filtered : 21311492.000000
CCGP filtered : 1001990.000000
CCGT filtered : 548994.000000
time : 8.432150
