Parameters: GAD=1 vflib=1 dir=0 label=0 lowerbound=1 fileNameGp=../graphsdb/mcs70/bvg/b06/mcs70_b06_s35.A18 fileNameGt=../graphsdb/mcs70/bvg/b06/mcs70_b06_s35.B18
Reading graphs...
35 :  103
35 :  104
Initializing...
maxdom : 35
D->valSize : 1225
Solving...
currentSize : 14 <-- 0.033727 s
currentSize : 15 <-- 0.033945 s
currentSize : 16 <-- 0.034091 s
currentSize : 17 <-- 0.034313 s
currentSize : 18 <-- 0.078734 s
currentSize : 19 <-- 0.452712 s
currentSize : 20 <-- 0.455808 s
currentSize : 21 <-- 0.456103 s
currentSize : 22 <-- 0.777127 s
currentSize : 25 <-- 2.861413 s

maxsize : 25
nodes : 6558903.000000
filtered : 289256928.000000
CCGP filtered : 23512222.000000
CCGT filtered : 11397152.000000
time : 76.535873
