Parameters: GAD=1 vflib=1 dir=0 label=0 lowerbound=1 fileNameGp=../graphsdb/mcs70/m3D/m3Dr6/mcs70_m3Dr6_s35.A97 fileNameGt=../graphsdb/mcs70/m3D/m3Dr6/mcs70_m3Dr6_s35.B97
Reading graphs...
35 :  91
35 :  88
Initializing...
maxdom : 35
D->valSize : 1225
Solving...
currentSize : 14 <-- 0.034711 s
currentSize : 15 <-- 0.034816 s
currentSize : 16 <-- 0.034978 s
currentSize : 17 <-- 0.036455 s
currentSize : 18 <-- 0.043560 s
currentSize : 19 <-- 0.043868 s
currentSize : 20 <-- 0.207181 s
currentSize : 21 <-- 11.248044 s
currentSize : 22 <-- 152.022308 s
currentSize : 23 <-- 153.184753 s
currentSize : 24 <-- 175.002884 s
currentSize : 26 <-- 196.242081 s
currentSize : 27 <-- 196.242188 s

maxsize : 27
nodes : 21012139.000000
filtered : 543163364.000000
CCGP filtered : 36478373.000000
CCGT filtered : 40835632.000000
time : 208.723450
