Parameters: GAD=1 vflib=1 dir=0 label=0 lowerbound=1 fileNameGp=../graphsdb/mcs70/rand/r01/mcs70_r01_s30.A78 fileNameGt=../graphsdb/mcs70/rand/r01/mcs70_r01_s30.B78
Reading graphs...
30 :  83
30 :  81
Initializing...
maxdom : 30
D->valSize : 900
Solving...
currentSize : 9 <-- 0.017932 s
currentSize : 11 <-- 0.017996 s
currentSize : 13 <-- 0.018096 s
currentSize : 14 <-- 0.019765 s
currentSize : 15 <-- 0.020084 s
currentSize : 16 <-- 0.028722 s
currentSize : 17 <-- 0.326493 s
currentSize : 18 <-- 3.174955 s
currentSize : 19 <-- 32.726330 s
currentSize : 21 <-- 33.846146 s

maxsize : 21
nodes : 5697577.000000
filtered : 145733281.000000
CCGP filtered : 6817418.000000
CCGT filtered : 3973636.000000
time : 49.770226
