Parameters: GAD=1 vflib=1 dir=0 label=0 lowerbound=1 fileNameGp=../graphsdb/mcs70/m2D/m2Dr4/mcs70_m2Dr4_s35.A66 fileNameGt=../graphsdb/mcs70/m2D/m2Dr4/mcs70_m2Dr4_s35.B66
Reading graphs...
35 :  69
35 :  68
Initializing...
maxdom : 35
D->valSize : 1225
Solving...
currentSize : 10 <-- 0.020369 s
currentSize : 12 <-- 0.020515 s
currentSize : 13 <-- 0.020550 s
currentSize : 14 <-- 0.020945 s
currentSize : 15 <-- 0.021470 s
currentSize : 16 <-- 0.025014 s
currentSize : 17 <-- 0.025983 s
currentSize : 18 <-- 0.034379 s
currentSize : 19 <-- 0.045014 s
currentSize : 20 <-- 0.090025 s
currentSize : 21 <-- 0.755305 s
currentSize : 22 <-- 4.813276 s
currentSize : 23 <-- 63.216717 s
currentSize : 24 <-- 82.811554 s
currentSize : 25 <-- 265.926453 s

maxsize : 25
nodes : 30908355.000000
filtered : 925296869.000000
CCGP filtered : 164271780.000000
CCGT filtered : 134300750.000000
time : 322.554779
