Parameters: GAD=1 vflib=1 dir=0 label=0 lowerbound=1 fileNameGp=../graphsdb/mcs70/m3D/m3Dr2/mcs70_m3Dr2_s35.A30 fileNameGt=../graphsdb/mcs70/m3D/m3Dr2/mcs70_m3Dr2_s35.B30
Reading graphs...
35 :  78
35 :  77
Initializing...
maxdom : 35
D->valSize : 1225
Solving...
currentSize : 16 <-- 0.029184 s
currentSize : 17 <-- 0.029336 s
currentSize : 18 <-- 0.036435 s
currentSize : 19 <-- 0.038982 s
currentSize : 20 <-- 0.051136 s
currentSize : 21 <-- 0.461458 s
currentSize : 22 <-- 3.080945 s
currentSize : 23 <-- 6.604944 s
currentSize : 24 <-- 19.752661 s
currentSize : 25 <-- 93.497314 s
currentSize : 27 <-- 199.088867 s
currentSize : 28 <-- 199.088928 s

maxsize : 28
nodes : 20542257.000000
filtered : 664425161.000000
CCGP filtered : 44295347.000000
CCGT filtered : 22617589.000000
time : 206.256638
