Parameters: GAD=1 vflib=1 dir=0 label=0 lowerbound=1 fileNameGp=../graphsdb/mcs90/bvg/b06m/mcs90_b06m_s30.A49 fileNameGt=../graphsdb/mcs90/bvg/b06m/mcs90_b06m_s30.B49
Reading graphs...
30 :  88
30 :  88
Initializing...
maxdom : 30
D->valSize : 900
Solving...
currentSize : 14 <-- 0.010362 s
currentSize : 15 <-- 0.010436 s
currentSize : 16 <-- 0.011395 s
currentSize : 17 <-- 0.014101 s
currentSize : 18 <-- 0.046387 s
currentSize : 19 <-- 1.110237 s
currentSize : 21 <-- 1.128005 s
currentSize : 23 <-- 1.253034 s
currentSize : 27 <-- 1.325299 s

maxsize : 27
nodes : 161840.000000
filtered : 3704469.000000
CCGP filtered : 483593.000000
CCGT filtered : 135638.000000
time : 1.354661
