Parameters: GAD=1 vflib=1 dir=0 label=0 lowerbound=1 fileNameGp=../graphsdb/mcs90/bvg/b06m/mcs90_b06m_s30.A89 fileNameGt=../graphsdb/mcs90/bvg/b06m/mcs90_b06m_s30.B89
Reading graphs...
30 :  88
30 :  89
Initializing...
maxdom : 30
D->valSize : 900
Solving...
currentSize : 13 <-- 0.010403 s
currentSize : 14 <-- 0.011152 s
currentSize : 15 <-- 0.012832 s
currentSize : 17 <-- 0.015961 s
currentSize : 18 <-- 0.046658 s
currentSize : 19 <-- 0.061784 s
currentSize : 20 <-- 0.062459 s
currentSize : 22 <-- 0.110754 s
currentSize : 23 <-- 0.148625 s
currentSize : 25 <-- 0.622725 s
currentSize : 27 <-- 0.623296 s

maxsize : 27
nodes : 56055.000000
filtered : 2707331.000000
CCGP filtered : 133835.000000
CCGT filtered : 68445.000000
time : 0.636736
