Parameters: GAD=1 vflib=1 dir=0 label=0 lowerbound=1 fileNameGp=../graphsdb/mcs90/rand/r01/mcs90_r01_s35.A33 fileNameGt=../graphsdb/mcs90/rand/r01/mcs90_r01_s35.B33
Reading graphs...
35 :  114
35 :  115
Initializing...
maxdom : 35
D->valSize : 1225
Solving...
currentSize : 14 <-- 0.019660 s
currentSize : 15 <-- 0.021619 s
currentSize : 16 <-- 0.024173 s
currentSize : 17 <-- 0.039589 s
currentSize : 18 <-- 0.042127 s
currentSize : 19 <-- 8.383724 s
currentSize : 20 <-- 135.774475 s
currentSize : 21 <-- 178.094070 s
currentSize : 22 <-- 178.094208 s
currentSize : 23 <-- 178.125168 s
currentSize : 24 <-- 178.126022 s
currentSize : 25 <-- 178.126587 s
currentSize : 26 <-- 178.389114 s
currentSize : 27 <-- 178.412354 s
currentSize : 31 <-- 178.412857 s

maxsize : 31
nodes : 17725084.000000
filtered : 369829265.000000
CCGP filtered : 7172417.000000
CCGT filtered : 15704419.000000
time : 178.516235
