Parameters: GAD=1 vflib=1 dir=0 label=0 lowerbound=1 fileNameGp=../graphsdb/mcs90/bvg/b06m/mcs90_b06m_s25.A14 fileNameGt=../graphsdb/mcs90/bvg/b06m/mcs90_b06m_s25.B14
Reading graphs...
25 :  74
25 :  74
Initializing...
maxdom : 25
D->valSize : 625
Solving...
currentSize : 11 <-- 0.004859 s
currentSize : 12 <-- 0.005160 s
currentSize : 13 <-- 0.005779 s
currentSize : 14 <-- 0.011127 s
currentSize : 15 <-- 0.050846 s
currentSize : 16 <-- 1.721027 s
currentSize : 17 <-- 1.735189 s
currentSize : 18 <-- 1.735241 s
currentSize : 22 <-- 1.851886 s

maxsize : 22
nodes : 240145.000000
filtered : 4944721.000000
CCGP filtered : 422315.000000
CCGT filtered : 199887.000000
time : 1.856836
