Parameters: GAD=1 vflib=1 dir=0 label=0 lowerbound=1 fileNameGp=../graphsdb/mcs90/m3D/m3Dr2/mcs90_m3Dr2_s30.A85 fileNameGt=../graphsdb/mcs90/m3D/m3Dr2/mcs90_m3Dr2_s30.B85
Reading graphs...
30 :  67
30 :  67
Initializing...
maxdom : 30
D->valSize : 900
Solving...
currentSize : 14 <-- 0.010613 s
currentSize : 15 <-- 0.010672 s
currentSize : 16 <-- 0.012011 s
currentSize : 17 <-- 0.015763 s
currentSize : 18 <-- 0.673868 s
currentSize : 19 <-- 0.677301 s
currentSize : 20 <-- 13.053389 s
currentSize : 21 <-- 13.570827 s
currentSize : 22 <-- 13.574702 s
currentSize : 24 <-- 13.605896 s
currentSize : 27 <-- 13.606119 s

maxsize : 27
nodes : 1752204.000000
filtered : 26066018.000000
CCGP filtered : 1343706.000000
CCGT filtered : 1503026.000000
time : 13.644617
