Parameters: GAD=1 vflib=1 dir=0 label=0 lowerbound=1 fileNameGp=../graphsdb/mcs90/rand/r01/mcs90_r01_s35.A05 fileNameGt=../graphsdb/mcs90/rand/r01/mcs90_r01_s35.B05
Reading graphs...
35 :  108
35 :  108
Initializing...
maxdom : 35
D->valSize : 1225
Solving...
currentSize : 15 <-- 0.019149 s
currentSize : 16 <-- 0.019784 s
currentSize : 17 <-- 0.021625 s
currentSize : 18 <-- 0.129963 s
currentSize : 19 <-- 1.379078 s
currentSize : 20 <-- 42.138233 s
currentSize : 21 <-- 47.733223 s
currentSize : 22 <-- 152.647476 s
currentSize : 24 <-- 183.668686 s
currentSize : 26 <-- 183.845383 s
currentSize : 28 <-- 183.895920 s
currentSize : 31 <-- 183.896133 s

maxsize : 31
nodes : 17824938.000000
filtered : 453151484.000000
CCGP filtered : 13666772.000000
CCGT filtered : 12218888.000000
time : 183.987747
