Parameters: GAD=1 vflib=1 dir=0 label=0 lowerbound=1 fileNameGp=../graphsdb/mcs90/m3D/m3Dr6/mcs90_m3Dr6_s30.A18 fileNameGt=../graphsdb/mcs90/m3D/m3Dr6/mcs90_m3Dr6_s30.B18
Reading graphs...
30 :  76
30 :  74
Initializing...
maxdom : 30
D->valSize : 900
Solving...
currentSize : 15 <-- 0.018437 s
currentSize : 16 <-- 0.023144 s
currentSize : 17 <-- 0.057912 s
currentSize : 18 <-- 1.895734 s
currentSize : 19 <-- 22.136242 s
currentSize : 20 <-- 46.676998 s
currentSize : 21 <-- 46.686108 s
currentSize : 23 <-- 46.829769 s
currentSize : 27 <-- 46.829865 s

maxsize : 27
nodes : 5817936.000000
filtered : 111355186.000000
CCGP filtered : 5803614.000000
CCGT filtered : 2764563.000000
time : 46.878410
