Parameters: GAD=1 vflib=1 dir=0 label=0 lowerbound=1 fileNameGp=../graphsdb/mcs90/bvg/b03m/mcs90_b03m_s35.A18 fileNameGt=../graphsdb/mcs90/bvg/b03m/mcs90_b03m_s35.B18
Reading graphs...
35 :  52
35 :  52
Initializing...
maxdom : 35
D->valSize : 1225
Solving...
currentSize : 8 <-- 0.021249 s
currentSize : 12 <-- 0.021559 s
currentSize : 13 <-- 0.021615 s
currentSize : 14 <-- 0.022968 s
currentSize : 16 <-- 0.023003 s
currentSize : 17 <-- 0.023394 s
currentSize : 18 <-- 0.025257 s
currentSize : 19 <-- 0.040569 s
currentSize : 21 <-- 0.062746 s
currentSize : 22 <-- 0.294334 s
currentSize : 23 <-- 0.507868 s
currentSize : 24 <-- 0.614904 s
currentSize : 25 <-- 4.453271 s
currentSize : 26 <-- 4.453450 s
currentSize : 27 <-- 5.962760 s
currentSize : 28 <-- 5.963806 s
currentSize : 30 <-- 5.968470 s

maxsize : 30
nodes : 601467.000000
filtered : 14835209.000000
CCGP filtered : 12700961.000000
CCGT filtered : 9304859.000000
time : 6.291461
