Parameters: GAD=1 vflib=1 dir=0 label=0 lowerbound=1 fileNameGp=../graphsdb/mcs90/bvg/b06/mcs90_b06_s35.A83 fileNameGt=../graphsdb/mcs90/bvg/b06/mcs90_b06_s35.B83
Reading graphs...
35 :  105
35 :  104
Initializing...
maxdom : 35
D->valSize : 1225
Solving...
currentSize : 13 <-- 0.019124 s
currentSize : 19 <-- 0.019258 s
currentSize : 21 <-- 0.023299 s
currentSize : 22 <-- 0.023394 s
currentSize : 23 <-- 0.023461 s
currentSize : 24 <-- 0.023689 s
currentSize : 25 <-- 0.026872 s
currentSize : 26 <-- 0.026979 s
currentSize : 27 <-- 0.027155 s
currentSize : 28 <-- 0.027254 s
currentSize : 29 <-- 0.027443 s
currentSize : 31 <-- 0.034533 s

maxsize : 31
nodes : 34410.000000
filtered : 1353813.000000
CCGP filtered : 8716.000000
CCGT filtered : 5505.000000
time : 0.389341
