Parameters: GAD=1 vflib=1 dir=0 label=0 lowerbound=1 fileNameGp=../graphsdb/mcs90/m3D/m3Dr6/mcs90_m3Dr6_s30.A94 fileNameGt=../graphsdb/mcs90/m3D/m3Dr6/mcs90_m3Dr6_s30.B94
Reading graphs...
30 :  78
30 :  76
Initializing...
maxdom : 30
D->valSize : 900
Solving...
currentSize : 14 <-- 0.010888 s
currentSize : 15 <-- 0.012340 s
currentSize : 16 <-- 0.014369 s
currentSize : 17 <-- 0.071389 s
currentSize : 18 <-- 0.413438 s
currentSize : 20 <-- 0.628077 s
currentSize : 22 <-- 0.701760 s
currentSize : 23 <-- 2.745464 s
currentSize : 27 <-- 2.750181 s

maxsize : 27
nodes : 314629.000000
filtered : 9007225.000000
CCGP filtered : 121309.000000
CCGT filtered : 39148.000000
time : 2.789629
