Parameters: GAD=1 vflib=1 dir=0 label=0 lowerbound=1 fileNameGp=../graphsdb/mcs90/rand/r02/mcs90_r02_s25.A25 fileNameGt=../graphsdb/mcs90/rand/r02/mcs90_r02_s25.B25
Reading graphs...
25 :  107
25 :  105
Initializing...
maxdom : 25
D->valSize : 625
Solving...
currentSize : 9 <-- 0.004830 s
currentSize : 10 <-- 0.004970 s
currentSize : 11 <-- 0.006800 s
currentSize : 12 <-- 0.017238 s
currentSize : 13 <-- 0.306471 s
currentSize : 14 <-- 2.883129 s
currentSize : 15 <-- 2.948710 s
currentSize : 16 <-- 3.474351 s
currentSize : 18 <-- 3.496063 s
currentSize : 22 <-- 3.498520 s

maxsize : 22
nodes : 437131.000000
filtered : 5209505.000000
CCGP filtered : 16143.000000
CCGT filtered : 39199.000000
time : 3.510747
