Parameters: GAD=1 vflib=1 dir=0 label=0 lowerbound=1 fileNameGp=../graphsdb/mcs90/rand/r005/mcs90_r005_s25.A11 fileNameGt=../graphsdb/mcs90/rand/r005/mcs90_r005_s25.B11
Reading graphs...
25 :  29
25 :  29
Initializing...
maxdom : 25
D->valSize : 625
Solving...
currentSize : 9 <-- 0.005462 s
currentSize : 11 <-- 0.005504 s
currentSize : 12 <-- 0.005550 s
currentSize : 13 <-- 0.005669 s
currentSize : 14 <-- 0.005743 s
currentSize : 16 <-- 0.006046 s
currentSize : 17 <-- 0.007619 s
currentSize : 19 <-- 0.007655 s
currentSize : 21 <-- 0.009942 s
currentSize : 22 <-- 0.034622 s

maxsize : 22
nodes : 3883.000000
filtered : 111691.000000
CCGP filtered : 143117.000000
CCGT filtered : 79497.000000
time : 0.042045
