Parameters: GAD=1 vflib=1 dir=0 label=0 lowerbound=1 fileNameGp=../graphsdb/mcs90/bvg/b06m/mcs90_b06m_s30.A09 fileNameGt=../graphsdb/mcs90/bvg/b06m/mcs90_b06m_s30.B09
Reading graphs...
30 :  87
30 :  88
Initializing...
maxdom : 30
D->valSize : 900
Solving...
currentSize : 10 <-- 0.017770 s
currentSize : 12 <-- 0.017873 s
currentSize : 13 <-- 0.018877 s
currentSize : 14 <-- 0.021606 s
currentSize : 15 <-- 0.022333 s
currentSize : 16 <-- 0.029916 s
currentSize : 17 <-- 0.121483 s
currentSize : 18 <-- 0.958490 s
currentSize : 19 <-- 4.901401 s
currentSize : 22 <-- 7.732388 s
currentSize : 24 <-- 8.223543 s
currentSize : 27 <-- 8.226124 s

maxsize : 27
nodes : 912900.000000
filtered : 22093115.000000
CCGP filtered : 1200523.000000
CCGT filtered : 1089215.000000
time : 8.247608
