Parameters: GAD=1 vflib=1 dir=0 label=0 lowerbound=1 fileNameGp=../graphsdb/mcs90/rand/r02/mcs90_r02_s30.A97 fileNameGt=../graphsdb/mcs90/rand/r02/mcs90_r02_s30.B97
Reading graphs...
30 :  157
30 :  155
Initializing...
maxdom : 30
D->valSize : 900
Solving...
currentSize : 9 <-- 0.009664 s
currentSize : 10 <-- 0.010040 s
currentSize : 11 <-- 0.010549 s
currentSize : 12 <-- 0.047784 s
currentSize : 13 <-- 0.987075 s
currentSize : 14 <-- 16.581612 s
currentSize : 15 <-- 21.249981 s
currentSize : 16 <-- 28.686195 s
currentSize : 17 <-- 32.915920 s
currentSize : 18 <-- 32.917934 s
currentSize : 19 <-- 40.712006 s
currentSize : 22 <-- 40.983097 s
currentSize : 27 <-- 41.323292 s

maxsize : 27
nodes : 4305966.000000
filtered : 53821754.000000
CCGP filtered : 72876.000000
CCGT filtered : 189975.000000
time : 41.338051
