Parameters: GAD=1 vflib=1 dir=0 label=0 lowerbound=1 fileNameGp=../graphsdb/mcs90/m2D/m2Dr6/mcs90_m2Dr6_s20.A54 fileNameGt=../graphsdb/mcs90/m2D/m2Dr6/mcs90_m2Dr6_s20.B54
Reading graphs...
20 :  43
20 :  42
Initializing...
maxdom : 20
D->valSize : 400
Solving...
currentSize : 5 <-- 0.003681 s
currentSize : 8 <-- 0.003715 s
currentSize : 10 <-- 0.003796 s
currentSize : 11 <-- 0.004032 s
currentSize : 12 <-- 0.008607 s
currentSize : 13 <-- 0.200560 s
currentSize : 14 <-- 0.285428 s
currentSize : 15 <-- 0.288787 s
currentSize : 16 <-- 0.292311 s

maxsize : 16
nodes : 39673.000000
filtered : 581066.000000
CCGP filtered : 101941.000000
CCGT filtered : 127459.000000
time : 0.316172
