Parameters: GAD=1 vflib=1 dir=0 label=0 lowerbound=1 fileNameGp=../graphsdb/mcs90/bvg/b03/mcs90_b03_s35.A62 fileNameGt=../graphsdb/mcs90/bvg/b03/mcs90_b03_s35.B62
Reading graphs...
35 :  52
35 :  52
Initializing...
maxdom : 35
D->valSize : 1225
Solving...
currentSize : 17 <-- 0.020876 s
currentSize : 19 <-- 0.021022 s
currentSize : 20 <-- 0.021061 s
currentSize : 22 <-- 0.021120 s
currentSize : 23 <-- 0.021207 s
currentSize : 24 <-- 0.022045 s
currentSize : 25 <-- 0.022531 s
currentSize : 26 <-- 0.022716 s
currentSize : 27 <-- 0.023757 s
currentSize : 28 <-- 0.024399 s
currentSize : 30 <-- 0.224880 s
currentSize : 31 <-- 0.470618 s

maxsize : 31
nodes : 93182.000000
filtered : 3014361.000000
CCGP filtered : 880157.000000
CCGT filtered : 372434.000000
time : 0.925469
