Parameters: GAD=1 vflib=1 dir=0 label=0 lowerbound=1 fileNameGp=../graphsdb/mcs90/rand/r01/mcs90_r01_s35.A86 fileNameGt=../graphsdb/mcs90/rand/r01/mcs90_r01_s35.B86
Reading graphs...
35 :  117
35 :  116
Initializing...
maxdom : 35
D->valSize : 1225
Solving...
currentSize : 14 <-- 0.033115 s
currentSize : 16 <-- 0.033885 s
currentSize : 17 <-- 0.049842 s
currentSize : 18 <-- 0.715925 s
currentSize : 19 <-- 12.639151 s
currentSize : 20 <-- 18.066437 s
currentSize : 21 <-- 76.966194 s
currentSize : 22 <-- 83.308861 s
currentSize : 23 <-- 84.190140 s
currentSize : 24 <-- 84.232544 s
currentSize : 25 <-- 86.230629 s
currentSize : 31 <-- 87.230782 s

maxsize : 31
nodes : 8255766.000000
filtered : 202345399.000000
CCGP filtered : 11051584.000000
CCGT filtered : 6230008.000000
time : 87.297150
