Parameters: GAD=1 vflib=1 dir=0 label=0 lowerbound=1 fileNameGp=../graphsdb/mcs90/m2D/m2Dr4/mcs90_m2Dr4_s30.A12 fileNameGt=../graphsdb/mcs90/m2D/m2Dr4/mcs90_m2Dr4_s30.B12
Reading graphs...
30 :  60
30 :  58
Initializing...
maxdom : 30
D->valSize : 900
Solving...
currentSize : 13 <-- 0.010971 s
currentSize : 14 <-- 0.011012 s
currentSize : 15 <-- 0.011670 s
currentSize : 16 <-- 0.017794 s
currentSize : 17 <-- 0.021705 s
currentSize : 18 <-- 0.025516 s
currentSize : 19 <-- 0.049713 s
currentSize : 20 <-- 0.198365 s
currentSize : 21 <-- 0.318601 s
currentSize : 22 <-- 2.555490 s
currentSize : 23 <-- 5.328862 s
currentSize : 25 <-- 5.403583 s

maxsize : 25
nodes : 648699.000000
filtered : 19480775.000000
CCGP filtered : 2032209.000000
CCGT filtered : 1410786.000000
time : 5.688621
