Parameters: GAD=1 vflib=1 dir=0 label=0 lowerbound=1 fileNameGp=../graphsdb/mcs90/bvg/b06m/mcs90_b06m_s30.A57 fileNameGt=../graphsdb/mcs90/bvg/b06m/mcs90_b06m_s30.B57
Reading graphs...
30 :  90
30 :  89
Initializing...
maxdom : 30
D->valSize : 900
Solving...
currentSize : 10 <-- 0.010148 s
currentSize : 13 <-- 0.010219 s
currentSize : 14 <-- 0.010329 s
currentSize : 15 <-- 0.016940 s
currentSize : 16 <-- 0.064746 s
currentSize : 17 <-- 1.337053 s
currentSize : 18 <-- 6.099343 s
currentSize : 19 <-- 9.142250 s
currentSize : 20 <-- 9.144290 s
currentSize : 21 <-- 9.436208 s
currentSize : 22 <-- 9.438073 s
currentSize : 23 <-- 9.747216 s
currentSize : 24 <-- 10.311206 s
currentSize : 27 <-- 10.435801 s

maxsize : 27
nodes : 1203178.000000
filtered : 26960594.000000
CCGP filtered : 3864237.000000
CCGT filtered : 3127301.000000
time : 10.440603
