Parameters: GAD=1 vflib=1 dir=0 label=0 lowerbound=1 fileNameGp=../graphsdb/mcs90/bvg/b09/mcs90_b09_s30.A09 fileNameGt=../graphsdb/mcs90/bvg/b09/mcs90_b09_s30.B09
Reading graphs...
30 :  135
30 :  135
Initializing...
maxdom : 30
D->valSize : 900
Solving...
currentSize : 10 <-- 0.009665 s
currentSize : 11 <-- 0.009771 s
currentSize : 12 <-- 0.010431 s
currentSize : 13 <-- 0.012813 s
currentSize : 15 <-- 0.179255 s
currentSize : 17 <-- 0.179428 s
currentSize : 18 <-- 0.190454 s
currentSize : 19 <-- 0.250744 s
currentSize : 20 <-- 0.251306 s
currentSize : 22 <-- 0.275817 s
currentSize : 26 <-- 0.290303 s

maxsize : 26
nodes : 48126.000000
filtered : 1638145.000000
CCGP filtered : 3018.000000
CCGT filtered : 2201.000000
time : 0.485434
