Parameters: GAD=1 vflib=1 dir=0 label=0 lowerbound=1 fileNameGp=../graphsdb/mcs90/m2D/m2Dr6/mcs90_m2Dr6_s30.A10 fileNameGt=../graphsdb/mcs90/m2D/m2Dr6/mcs90_m2Dr6_s30.B10
Reading graphs...
30 :  66
30 :  64
Initializing...
maxdom : 30
D->valSize : 900
Solving...
currentSize : 13 <-- 0.010610 s
currentSize : 14 <-- 0.010822 s
currentSize : 15 <-- 0.011132 s
currentSize : 16 <-- 0.013882 s
currentSize : 17 <-- 0.029858 s
currentSize : 18 <-- 0.356545 s
currentSize : 19 <-- 2.885489 s
currentSize : 20 <-- 11.692951 s
currentSize : 23 <-- 11.694155 s
currentSize : 25 <-- 11.694236 s

maxsize : 25
nodes : 1494662.000000
filtered : 29089513.000000
CCGP filtered : 3127960.000000
CCGT filtered : 2573358.000000
time : 12.227522
