Parameters: GAD=1 vflib=1 dir=0 label=0 lowerbound=1 fileNameGp=../graphsdb/mcs90/rand/r02/mcs90_r02_s30.A00 fileNameGt=../graphsdb/mcs90/rand/r02/mcs90_r02_s30.B00
Reading graphs...
30 :  159
30 :  158
Initializing...
maxdom : 30
D->valSize : 900
Solving...
currentSize : 10 <-- 0.009658 s
currentSize : 11 <-- 0.009690 s
currentSize : 12 <-- 0.010100 s
currentSize : 13 <-- 0.032859 s
currentSize : 14 <-- 1.418626 s
currentSize : 16 <-- 4.136410 s
currentSize : 18 <-- 4.136544 s
currentSize : 20 <-- 4.193274 s
currentSize : 27 <-- 6.020145 s

maxsize : 27
nodes : 610854.000000
filtered : 9899906.000000
CCGP filtered : 9265.000000
CCGT filtered : 23663.000000
time : 6.042288
