Parameters: GAD=1 vflib=1 dir=0 label=0 lowerbound=1 fileNameGp=../graphsdb/mcs90/bvg/b06m/mcs90_b06m_s35.A69 fileNameGt=../graphsdb/mcs90/bvg/b06m/mcs90_b06m_s35.B69
Reading graphs...
35 :  102
35 :  101
Initializing...
maxdom : 35
D->valSize : 1225
Solving...
currentSize : 15 <-- 0.019570 s
currentSize : 16 <-- 0.019658 s
currentSize : 17 <-- 0.019780 s
currentSize : 18 <-- 0.137024 s
currentSize : 19 <-- 0.823424 s
currentSize : 20 <-- 6.447648 s
currentSize : 21 <-- 9.714387 s
currentSize : 22 <-- 40.136139 s
currentSize : 23 <-- 58.212357 s
currentSize : 24 <-- 67.590584 s
currentSize : 25 <-- 67.608894 s
currentSize : 26 <-- 67.859955 s
currentSize : 27 <-- 67.874474 s
currentSize : 31 <-- 67.911858 s

maxsize : 31
nodes : 6926529.000000
filtered : 181791961.000000
CCGP filtered : 28127286.000000
CCGT filtered : 13322215.000000
time : 67.993797
