Parameters: GAD=1 vflib=1 dir=0 label=0 lowerbound=1 fileNameGp=../graphsdb/mcs90/rand/r02/mcs90_r02_s35.A91 fileNameGt=../graphsdb/mcs90/rand/r02/mcs90_r02_s35.B91
Reading graphs...
35 :  216
35 :  216
Initializing...
maxdom : 35
D->valSize : 1225
Solving...
currentSize : 10 <-- 0.017226 s
currentSize : 11 <-- 0.017546 s
currentSize : 12 <-- 0.022030 s
currentSize : 13 <-- 0.040441 s
currentSize : 14 <-- 0.120364 s
currentSize : 15 <-- 35.576435 s
currentSize : 16 <-- 243.655334 s
currentSize : 17 <-- 244.621887 s
currentSize : 19 <-- 283.970947 s
currentSize : 20 <-- 284.098114 s
currentSize : 22 <-- 290.641907 s
currentSize : 31 <-- 293.233124 s

maxsize : 31
nodes : 26743182.000000
filtered : 366791773.000000
CCGP filtered : 496419.000000
CCGT filtered : 938664.000000
time : 293.315125
