Parameters: GAD=1 vflib=1 dir=0 label=0 lowerbound=1 fileNameGp=../graphsdb/mcs90/m3D/m3Dr2/mcs90_m3Dr2_s30.A10 fileNameGt=../graphsdb/mcs90/m3D/m3Dr2/mcs90_m3Dr2_s30.B10
Reading graphs...
30 :  67
30 :  66
Initializing...
maxdom : 30
D->valSize : 900
Solving...
currentSize : 16 <-- 0.010767 s
currentSize : 17 <-- 0.014213 s
currentSize : 18 <-- 0.143094 s
currentSize : 19 <-- 0.360177 s
currentSize : 20 <-- 0.702457 s
currentSize : 22 <-- 1.445972 s
currentSize : 24 <-- 2.172073 s
currentSize : 25 <-- 2.172128 s
currentSize : 27 <-- 2.172220 s

maxsize : 27
nodes : 271096.000000
filtered : 5893549.000000
CCGP filtered : 356700.000000
CCGT filtered : 188868.000000
time : 2.234509
