Parameters: GAD=1 vflib=1 dir=0 label=0 lowerbound=1 fileNameGp=../graphsdb/mcs90/bvg/b06/mcs90_b06_s35.A66 fileNameGt=../graphsdb/mcs90/bvg/b06/mcs90_b06_s35.B66
Reading graphs...
35 :  105
35 :  105
Initializing...
maxdom : 35
D->valSize : 1225
Solving...
currentSize : 22 <-- 0.033658 s
currentSize : 23 <-- 0.042937 s
currentSize : 24 <-- 0.056705 s
currentSize : 25 <-- 0.057691 s
currentSize : 26 <-- 0.060867 s
currentSize : 27 <-- 0.061461 s
currentSize : 28 <-- 0.087246 s
currentSize : 30 <-- 0.087464 s
currentSize : 31 <-- 0.090115 s

maxsize : 31
nodes : 27453.000000
filtered : 1252860.000000
CCGP filtered : 26931.000000
CCGT filtered : 1276.000000
time : 0.378268
