Parameters: GAD=1 vflib=1 dir=0 label=0 lowerbound=1 fileNameGp=../graphsdb/mcs90/bvg/b06m/mcs90_b06m_s30.A73 fileNameGt=../graphsdb/mcs90/bvg/b06m/mcs90_b06m_s30.B73
Reading graphs...
30 :  89
30 :  88
Initializing...
maxdom : 30
D->valSize : 900
Solving...
currentSize : 12 <-- 0.010330 s
currentSize : 13 <-- 0.010722 s
currentSize : 14 <-- 0.010863 s
currentSize : 15 <-- 0.012732 s
currentSize : 16 <-- 0.065368 s
currentSize : 17 <-- 0.659951 s
currentSize : 18 <-- 1.706621 s
currentSize : 19 <-- 5.468876 s
currentSize : 20 <-- 7.912309 s
currentSize : 27 <-- 7.920709 s

maxsize : 27
nodes : 916487.000000
filtered : 21178541.000000
CCGP filtered : 1281450.000000
CCGT filtered : 847348.000000
time : 7.950129
