Parameters: GAD=1 vflib=1 dir=0 label=0 lowerbound=1 fileNameGp=../graphsdb/mcs90/m3D/m3Dr2/mcs90_m3Dr2_s30.A02 fileNameGt=../graphsdb/mcs90/m3D/m3Dr2/mcs90_m3Dr2_s30.B02
Reading graphs...
30 :  67
30 :  66
Initializing...
maxdom : 30
D->valSize : 900
Solving...
currentSize : 15 <-- 0.018529 s
currentSize : 16 <-- 0.019439 s
currentSize : 18 <-- 0.023623 s
currentSize : 19 <-- 0.023709 s
currentSize : 20 <-- 0.026248 s
currentSize : 21 <-- 0.730035 s
currentSize : 22 <-- 1.202118 s
currentSize : 24 <-- 3.508882 s
currentSize : 27 <-- 3.527456 s

maxsize : 27
nodes : 430983.000000
filtered : 9949713.000000
CCGP filtered : 185230.000000
CCGT filtered : 100872.000000
time : 3.589595
