Parameters: GAD=1 vflib=1 dir=0 label=0 lowerbound=1 fileNameGp=../graphsdb/mcs90/bvg/b06m/mcs90_b06m_s35.A66 fileNameGt=../graphsdb/mcs90/bvg/b06m/mcs90_b06m_s35.B66
Reading graphs...
35 :  104
35 :  104
Initializing...
maxdom : 35
D->valSize : 1225
Solving...
currentSize : 12 <-- 0.025111 s
currentSize : 13 <-- 0.025174 s
currentSize : 14 <-- 0.025304 s
currentSize : 15 <-- 0.030765 s
currentSize : 16 <-- 0.030885 s
currentSize : 17 <-- 0.352805 s
currentSize : 18 <-- 0.722679 s
currentSize : 19 <-- 0.940517 s
currentSize : 20 <-- 5.051388 s
currentSize : 21 <-- 5.065084 s
currentSize : 23 <-- 120.655899 s
currentSize : 25 <-- 144.259583 s
currentSize : 26 <-- 145.815109 s
currentSize : 27 <-- 145.815247 s
currentSize : 30 <-- 146.048935 s
currentSize : 31 <-- 146.048981 s

maxsize : 31
nodes : 13952128.000000
filtered : 435859089.000000
CCGP filtered : 43922089.000000
CCGT filtered : 28398480.000000
time : 146.151993
