Parameters: GAD=1 vflib=1 dir=0 label=0 lowerbound=1 fileNameGp=../graphsdb/mcs90/m3D/m3Dr6/mcs90_m3Dr6_s30.A61 fileNameGt=../graphsdb/mcs90/m3D/m3Dr6/mcs90_m3Dr6_s30.B61
Reading graphs...
30 :  77
30 :  75
Initializing...
maxdom : 30
D->valSize : 900
Solving...
currentSize : 13 <-- 0.010485 s
currentSize : 14 <-- 0.010570 s
currentSize : 15 <-- 0.010641 s
currentSize : 17 <-- 0.011048 s
currentSize : 18 <-- 0.042508 s
currentSize : 19 <-- 18.501545 s
currentSize : 20 <-- 29.657997 s
currentSize : 22 <-- 32.145344 s
currentSize : 27 <-- 32.158241 s

maxsize : 27
nodes : 3919942.000000
filtered : 72033395.000000
CCGP filtered : 3619121.000000
CCGT filtered : 2964169.000000
time : 32.182468
