Parameters: GAD=1 vflib=1 dir=0 label=0 lowerbound=1 fileNameGp=../graphsdb/mcs90/rand/r01/mcs90_r01_s25.A05 fileNameGt=../graphsdb/mcs90/rand/r01/mcs90_r01_s25.B05
Reading graphs...
25 :  58
25 :  59
Initializing...
maxdom : 25
D->valSize : 625
Solving...
currentSize : 10 <-- 0.005051 s
currentSize : 11 <-- 0.005105 s
currentSize : 12 <-- 0.005607 s
currentSize : 13 <-- 0.007096 s
currentSize : 14 <-- 0.007655 s
currentSize : 15 <-- 0.013474 s
currentSize : 16 <-- 0.013640 s
currentSize : 20 <-- 0.016988 s
currentSize : 22 <-- 0.017037 s

maxsize : 22
nodes : 3397.000000
filtered : 119412.000000
CCGP filtered : 5967.000000
CCGT filtered : 2380.000000
time : 0.032906
