Parameters: GAD=1 vflib=1 dir=0 label=0 lowerbound=1 fileNameGp=../graphsdb/mcs90/bvg/b09m/mcs90_b09m_s35.A22 fileNameGt=../graphsdb/mcs90/bvg/b09m/mcs90_b09m_s35.B22
Reading graphs...
35 :  150
35 :  149
Initializing...
maxdom : 35
D->valSize : 1225
Solving...
currentSize : 12 <-- 0.019279 s
currentSize : 13 <-- 0.019461 s
currentSize : 14 <-- 0.020537 s
currentSize : 15 <-- 0.117400 s
currentSize : 16 <-- 0.476212 s
currentSize : 17 <-- 5.606404 s
currentSize : 19 <-- 39.139271 s
currentSize : 20 <-- 72.331657 s
currentSize : 23 <-- 74.649796 s
currentSize : 30 <-- 74.841606 s

maxsize : 30
nodes : 7071529.000000
filtered : 131977153.000000
CCGP filtered : 913270.000000
CCGT filtered : 720553.000000
time : 75.143799
