Parameters: GAD=1 vflib=1 dir=0 label=0 lowerbound=1 fileNameGp=../graphsdb/mcs90/rand/r02/mcs90_r02_s35.A87 fileNameGt=../graphsdb/mcs90/rand/r02/mcs90_r02_s35.B87
Reading graphs...
35 :  210
35 :  212
Initializing...
maxdom : 35
D->valSize : 1225
Solving...
currentSize : 10 <-- 0.017189 s
currentSize : 11 <-- 0.017435 s
currentSize : 12 <-- 0.018921 s
currentSize : 13 <-- 0.044320 s
currentSize : 14 <-- 2.535265 s
currentSize : 15 <-- 8.271453 s
currentSize : 17 <-- 19.077553 s
currentSize : 18 <-- 155.430115 s
currentSize : 20 <-- 220.045074 s
currentSize : 22 <-- 220.354233 s
currentSize : 31 <-- 220.473755 s

maxsize : 31
nodes : 18514488.000000
filtered : 303523416.000000
CCGP filtered : 124684.000000
CCGT filtered : 231855.000000
time : 220.639740
