Parameters: GAD=1 vflib=1 dir=0 label=0 lowerbound=1 fileNameGp=../graphsdb/mcs90/rand/r005/mcs90_r005_s25.A77 fileNameGt=../graphsdb/mcs90/rand/r005/mcs90_r005_s25.B77
Reading graphs...
25 :  29
25 :  29
Initializing...
maxdom : 25
D->valSize : 625
Solving...
currentSize : 4 <-- 0.005478 s
currentSize : 14 <-- 0.005579 s
currentSize : 15 <-- 0.005630 s
currentSize : 16 <-- 0.007023 s
currentSize : 18 <-- 0.007986 s
currentSize : 19 <-- 0.008824 s
currentSize : 20 <-- 0.035990 s
currentSize : 21 <-- 0.036192 s
currentSize : 22 <-- 0.036362 s

maxsize : 22
nodes : 6475.000000
filtered : 100002.000000
CCGP filtered : 101324.000000
CCGT filtered : 28279.000000
time : 0.046876
