Parameters: GAD=1 vflib=1 dir=0 label=0 lowerbound=1 fileNameGp=../graphsdb/mcs90/m2D/m2Dr6/mcs90_m2Dr6_s30.A53 fileNameGt=../graphsdb/mcs90/m2D/m2Dr6/mcs90_m2Dr6_s30.B53
Reading graphs...
30 :  66
30 :  66
Initializing...
maxdom : 30
D->valSize : 900
Solving...
currentSize : 11 <-- 0.010650 s
currentSize : 12 <-- 0.010695 s
currentSize : 13 <-- 0.010721 s
currentSize : 15 <-- 0.010948 s
currentSize : 16 <-- 0.011640 s
currentSize : 17 <-- 0.023620 s
currentSize : 18 <-- 3.346259 s
currentSize : 19 <-- 11.751481 s
currentSize : 20 <-- 19.072096 s
currentSize : 21 <-- 19.072580 s
currentSize : 25 <-- 23.128784 s

maxsize : 25
nodes : 2754388.000000
filtered : 53934337.000000
CCGP filtered : 8417105.000000
CCGT filtered : 6444806.000000
time : 23.397451
