Parameters: GAD=1 vflib=1 dir=0 label=0 lowerbound=1 fileNameGp=../graphsdb/mcs90/bvg/b03m/mcs90_b03m_s30.A71 fileNameGt=../graphsdb/mcs90/bvg/b03m/mcs90_b03m_s30.B71
Reading graphs...
30 :  44
30 :  45
Initializing...
maxdom : 30
D->valSize : 900
Solving...
currentSize : 16 <-- 0.012037 s
currentSize : 17 <-- 0.012100 s
currentSize : 18 <-- 0.012131 s
currentSize : 19 <-- 0.051537 s
currentSize : 20 <-- 0.052475 s
currentSize : 21 <-- 0.320778 s
currentSize : 22 <-- 0.406838 s
currentSize : 23 <-- 0.436988 s
currentSize : 24 <-- 0.540718 s
currentSize : 25 <-- 0.635576 s
currentSize : 26 <-- 0.653191 s
currentSize : 27 <-- 0.653354 s
currentSize : 28 <-- 0.653436 s

maxsize : 28
nodes : 68608.000000
filtered : 1502591.000000
CCGP filtered : 1609851.000000
CCGT filtered : 1148866.000000
time : 0.659079
