Parameters: GAD=1 vflib=1 dir=0 label=0 lowerbound=1 fileNameGp=../graphsdb/mcs90/bvg/b06/mcs90_b06_s35.A32 fileNameGt=../graphsdb/mcs90/bvg/b06/mcs90_b06_s35.B32
Reading graphs...
35 :  104
35 :  105
Initializing...
maxdom : 35
D->valSize : 1225
Solving...
currentSize : 21 <-- 0.033515 s
currentSize : 22 <-- 0.033558 s
currentSize : 24 <-- 0.033878 s
currentSize : 26 <-- 0.033960 s
currentSize : 27 <-- 0.034839 s
currentSize : 28 <-- 0.038233 s
currentSize : 29 <-- 0.038564 s
currentSize : 30 <-- 0.048071 s
currentSize : 31 <-- 0.048223 s

maxsize : 31
nodes : 25542.000000
filtered : 1139103.000000
CCGP filtered : 3981.000000
CCGT filtered : 349.000000
time : 0.455257
