Parameters: GAD=1 vflib=1 dir=0 label=0 lowerbound=1 fileNameGp=../graphsdb/mcs90/m3D/m3D/mcs90_m3D_s30.A30 fileNameGt=../graphsdb/mcs90/m3D/m3D/mcs90_m3D_s30.B30
Reading graphs...
30 :  61
30 :  61
Initializing...
maxdom : 30
D->valSize : 900
Solving...
currentSize : 15 <-- 0.010722 s
currentSize : 16 <-- 0.010926 s
currentSize : 17 <-- 0.011405 s
currentSize : 18 <-- 0.011773 s
currentSize : 19 <-- 0.012617 s
currentSize : 21 <-- 0.030499 s
currentSize : 22 <-- 0.034541 s
currentSize : 23 <-- 0.150058 s
currentSize : 24 <-- 0.233491 s
currentSize : 27 <-- 0.241453 s

maxsize : 27
nodes : 38582.000000
filtered : 958076.000000
CCGP filtered : 15420.000000
CCGT filtered : 14137.000000
time : 0.317494
