Parameters: GAD=1 vflib=1 dir=0 label=0 lowerbound=1 fileNameGp=../graphsdb/mcs90/m3D/m3Dr2/mcs90_m3Dr2_s30.A93 fileNameGt=../graphsdb/mcs90/m3D/m3Dr2/mcs90_m3Dr2_s30.B93
Reading graphs...
30 :  67
30 :  66
Initializing...
maxdom : 30
D->valSize : 900
Solving...
currentSize : 15 <-- 0.010621 s
currentSize : 16 <-- 0.010780 s
currentSize : 17 <-- 0.013317 s
currentSize : 18 <-- 0.036750 s
currentSize : 19 <-- 0.053733 s
currentSize : 20 <-- 7.080522 s
currentSize : 21 <-- 34.330971 s
currentSize : 22 <-- 34.475285 s
currentSize : 24 <-- 35.121784 s
currentSize : 25 <-- 35.455776 s
currentSize : 27 <-- 35.831059 s

maxsize : 27
nodes : 4723688.000000
filtered : 95087688.000000
CCGP filtered : 6468411.000000
CCGT filtered : 2993006.000000
time : 35.838181
