Parameters: GAD=1 vflib=1 dir=0 label=0 lowerbound=1 fileNameGp=../graphsdb/mcs90/bvg/b03m/mcs90_b03m_s25.A70 fileNameGt=../graphsdb/mcs90/bvg/b03m/mcs90_b03m_s25.B70
Reading graphs...
25 :  36
25 :  36
Initializing...
maxdom : 25
D->valSize : 625
Solving...
currentSize : 10 <-- 0.005361 s
currentSize : 12 <-- 0.005438 s
currentSize : 13 <-- 0.005930 s
currentSize : 14 <-- 0.013876 s
currentSize : 15 <-- 0.015639 s
currentSize : 16 <-- 0.038609 s
currentSize : 18 <-- 0.039874 s
currentSize : 19 <-- 0.085747 s
currentSize : 21 <-- 0.139520 s
currentSize : 22 <-- 0.143475 s

maxsize : 22
nodes : 24164.000000
filtered : 404677.000000
CCGP filtered : 210384.000000
CCGT filtered : 118195.000000
time : 0.167780
