Parameters: GAD=1 vflib=1 dir=0 label=0 lowerbound=1 fileNameGp=../graphsdb/mcs90/bvg/b09/mcs90_b09_s25.A29 fileNameGt=../graphsdb/mcs90/bvg/b09/mcs90_b09_s25.B29
Reading graphs...
25 :  112
25 :  112
Initializing...
maxdom : 25
D->valSize : 625
Solving...
currentSize : 7 <-- 0.007832 s
currentSize : 8 <-- 0.007876 s
currentSize : 10 <-- 0.008091 s
currentSize : 11 <-- 0.009103 s
currentSize : 12 <-- 0.019793 s
currentSize : 13 <-- 0.023036 s
currentSize : 14 <-- 0.023502 s
currentSize : 15 <-- 0.032274 s
currentSize : 17 <-- 0.033243 s
currentSize : 20 <-- 0.034966 s
currentSize : 22 <-- 0.056057 s

maxsize : 22
nodes : 5590.000000
filtered : 205983.000000
CCGP filtered : 13.000000
CCGT filtered : 9.000000
time : 0.083403
