Parameters: GAD=1 vflib=1 dir=0 label=0 lowerbound=1 fileNameGp=../graphsdb/mcs90/bvg/b09/mcs90_b09_s35.A08 fileNameGt=../graphsdb/mcs90/bvg/b09/mcs90_b09_s35.B08
Reading graphs...
35 :  157
35 :  155
Initializing...
maxdom : 35
D->valSize : 1225
Solving...
currentSize : 11 <-- 0.018281 s
currentSize : 12 <-- 0.018377 s
currentSize : 13 <-- 0.018593 s
currentSize : 14 <-- 0.019504 s
currentSize : 15 <-- 0.025259 s
currentSize : 16 <-- 0.026128 s
currentSize : 17 <-- 0.108026 s
currentSize : 18 <-- 0.133057 s
currentSize : 22 <-- 0.134304 s
currentSize : 30 <-- 0.145238 s

maxsize : 30
nodes : 82240.000000
filtered : 4894086.000000
CCGP filtered : 6117.000000
CCGT filtered : 3547.000000
time : 1.049026
