Parameters: GAD=1 vflib=1 dir=0 label=0 lowerbound=1 fileNameGp=../graphsdb/mcs90/rand/r01/mcs90_r01_s35.A13 fileNameGt=../graphsdb/mcs90/rand/r01/mcs90_r01_s35.B13
Reading graphs...
35 :  114
35 :  114
Initializing...
maxdom : 35
D->valSize : 1225
Solving...
currentSize : 11 <-- 0.032843 s
currentSize : 14 <-- 0.033030 s
currentSize : 15 <-- 0.034378 s
currentSize : 16 <-- 0.038343 s
currentSize : 17 <-- 0.041995 s
currentSize : 18 <-- 0.071141 s
currentSize : 19 <-- 0.908665 s
currentSize : 20 <-- 6.727937 s
currentSize : 21 <-- 45.919773 s
currentSize : 24 <-- 75.731598 s
currentSize : 31 <-- 76.384491 s

maxsize : 31
nodes : 7392596.000000
filtered : 193765240.000000
CCGP filtered : 5717726.000000
CCGT filtered : 5758912.000000
time : 76.467278
