Parameters: GAD=1 vflib=1 dir=0 label=0 lowerbound=1 fileNameGp=../graphsdb/mcs90/bvg/b06m/mcs90_b06m_s35.A70 fileNameGt=../graphsdb/mcs90/bvg/b06m/mcs90_b06m_s35.B70
Reading graphs...
35 :  101
35 :  101
Initializing...
maxdom : 35
D->valSize : 1225
Solving...
currentSize : 16 <-- 0.033962 s
currentSize : 17 <-- 0.037168 s
currentSize : 18 <-- 0.039355 s
currentSize : 19 <-- 0.039520 s
currentSize : 20 <-- 1.033369 s
currentSize : 21 <-- 46.141624 s
currentSize : 23 <-- 111.777275 s
currentSize : 26 <-- 111.782555 s
currentSize : 27 <-- 111.784355 s
currentSize : 31 <-- 111.792862 s

maxsize : 31
nodes : 10841451.000000
filtered : 291089204.000000
CCGP filtered : 49728436.000000
CCGT filtered : 16431936.000000
time : 111.942764
