Parameters: GAD=1 vflib=1 dir=0 label=0 lowerbound=1 fileNameGp=../graphsdb/mcs90/m3D/m3Dr6/mcs90_m3Dr6_s30.A96 fileNameGt=../graphsdb/mcs90/m3D/m3Dr6/mcs90_m3Dr6_s30.B96
Reading graphs...
30 :  77
30 :  76
Initializing...
maxdom : 30
D->valSize : 900
Solving...
currentSize : 11 <-- 0.010396 s
currentSize : 13 <-- 0.010545 s
currentSize : 14 <-- 0.011320 s
currentSize : 15 <-- 0.012573 s
currentSize : 16 <-- 0.017377 s
currentSize : 17 <-- 0.114815 s
currentSize : 18 <-- 2.190489 s
currentSize : 19 <-- 4.170142 s
currentSize : 21 <-- 4.182534 s
currentSize : 22 <-- 4.182954 s
currentSize : 27 <-- 8.338064 s

maxsize : 27
nodes : 974155.000000
filtered : 22426472.000000
CCGP filtered : 540280.000000
CCGT filtered : 713120.000000
time : 8.370532
