Parameters: GAD=1 vflib=1 dir=0 label=0 lowerbound=1 fileNameGp=../graphsdb/mcs90/bvg/b09/mcs90_b09_s35.A78 fileNameGt=../graphsdb/mcs90/bvg/b09/mcs90_b09_s35.B78
Reading graphs...
35 :  157
35 :  157
Initializing...
maxdom : 35
D->valSize : 1225
Solving...
currentSize : 16 <-- 0.023403 s
currentSize : 17 <-- 0.023723 s
currentSize : 18 <-- 0.023768 s
currentSize : 19 <-- 0.024248 s
currentSize : 21 <-- 0.024405 s
currentSize : 22 <-- 0.024966 s
currentSize : 23 <-- 0.025039 s
currentSize : 26 <-- 0.025140 s
currentSize : 28 <-- 0.062627 s
currentSize : 30 <-- 0.062834 s

maxsize : 30
nodes : 58954.000000
filtered : 4136418.000000
CCGP filtered : 94.000000
CCGT filtered : 276.000000
time : 0.779965
