Parameters: GAD=1 vflib=1 dir=0 label=0 lowerbound=1 fileNameGp=../graphsdb/mcs90/bvg/b03/mcs90_b03_s35.A58 fileNameGt=../graphsdb/mcs90/bvg/b03/mcs90_b03_s35.B58
Reading graphs...
35 :  51
35 :  52
Initializing...
maxdom : 35
D->valSize : 1225
Solving...
currentSize : 21 <-- 0.037098 s
currentSize : 22 <-- 0.037556 s
currentSize : 23 <-- 0.037854 s
currentSize : 24 <-- 0.040733 s
currentSize : 25 <-- 0.052089 s
currentSize : 26 <-- 0.060869 s
currentSize : 27 <-- 0.086677 s
currentSize : 28 <-- 0.087921 s
currentSize : 29 <-- 0.114331 s
currentSize : 30 <-- 0.137582 s
currentSize : 31 <-- 0.363187 s
currentSize : 32 <-- 0.366830 s

maxsize : 32
nodes : 43598.000000
filtered : 1231961.000000
CCGP filtered : 501853.000000
CCGT filtered : 171541.000000
time : 0.463501
