Parameters: GAD=1 vflib=1 dir=0 label=0 lowerbound=1 fileNameGp=../graphsdb/mcs90/rand/r005/mcs90_r005_s25.A95 fileNameGt=../graphsdb/mcs90/rand/r005/mcs90_r005_s25.B95
Reading graphs...
25 :  29
25 :  29
Initializing...
maxdom : 25
D->valSize : 625
Solving...
currentSize : 13 <-- 0.005512 s
currentSize : 14 <-- 0.005571 s
currentSize : 15 <-- 0.006602 s
currentSize : 16 <-- 0.006742 s
currentSize : 17 <-- 0.008678 s
currentSize : 18 <-- 0.011763 s
currentSize : 19 <-- 0.011966 s
currentSize : 20 <-- 0.065318 s
currentSize : 22 <-- 0.067011 s

maxsize : 22
nodes : 11187.000000
filtered : 196910.000000
CCGP filtered : 104120.000000
CCGT filtered : 80795.000000
time : 0.079798
