Parameters: GAD=1 vflib=1 dir=0 label=0 lowerbound=1 fileNameGp=../graphsdb/mcs90/rand/r005/mcs90_r005_s30.A97 fileNameGt=../graphsdb/mcs90/rand/r005/mcs90_r005_s30.B97
Reading graphs...
30 :  42
30 :  42
Initializing...
maxdom : 30
D->valSize : 900
Solving...
currentSize : 14 <-- 0.011248 s
currentSize : 15 <-- 0.011406 s
currentSize : 16 <-- 0.011867 s
currentSize : 17 <-- 0.014078 s
currentSize : 18 <-- 0.023574 s
currentSize : 19 <-- 0.092835 s
currentSize : 20 <-- 0.162732 s
currentSize : 21 <-- 0.181778 s
currentSize : 22 <-- 0.380056 s
currentSize : 23 <-- 0.391746 s
currentSize : 24 <-- 0.400780 s
currentSize : 27 <-- 0.436307 s

maxsize : 27
nodes : 52203.000000
filtered : 1117903.000000
CCGP filtered : 598069.000000
CCGT filtered : 479346.000000
time : 0.444231
