Parameters: GAD=1 vflib=1 dir=0 label=0 lowerbound=1 fileNameGp=../graphsdb/mcs90/bvg/b03/mcs90_b03_s30.A02 fileNameGt=../graphsdb/mcs90/bvg/b03/mcs90_b03_s30.B02
Reading graphs...
30 :  45
30 :  45
Initializing...
maxdom : 30
D->valSize : 900
Solving...
currentSize : 14 <-- 0.019550 s
currentSize : 18 <-- 0.019662 s
currentSize : 19 <-- 0.019710 s
currentSize : 20 <-- 0.020483 s
currentSize : 21 <-- 0.022583 s
currentSize : 22 <-- 0.023733 s
currentSize : 23 <-- 0.025620 s
currentSize : 24 <-- 0.046730 s
currentSize : 26 <-- 0.105556 s
currentSize : 27 <-- 0.286063 s

maxsize : 27
nodes : 40337.000000
filtered : 982294.000000
CCGP filtered : 337578.000000
CCGT filtered : 95389.000000
time : 0.337358
