Parameters: GAD=1 vflib=1 dir=0 label=0 lowerbound=1 fileNameGp=../graphsdb/mcs90/bvg/b09m/mcs90_b09m_s35.A73 fileNameGt=../graphsdb/mcs90/bvg/b09m/mcs90_b09m_s35.B73
Reading graphs...
35 :  154
35 :  152
Initializing...
maxdom : 35
D->valSize : 1225
Solving...
currentSize : 12 <-- 0.018133 s
currentSize : 13 <-- 0.018432 s
currentSize : 14 <-- 0.019080 s
currentSize : 15 <-- 0.022890 s
currentSize : 16 <-- 0.109756 s
currentSize : 17 <-- 1.175508 s
currentSize : 18 <-- 1.430678 s
currentSize : 21 <-- 1.430825 s
currentSize : 22 <-- 1.582112 s
currentSize : 30 <-- 4.454409 s

maxsize : 30
nodes : 406416.000000
filtered : 13350538.000000
CCGP filtered : 132105.000000
CCGT filtered : 57343.000000
time : 4.770172
