Parameters: GAD=1 vflib=1 dir=0 label=0 lowerbound=1 fileNameGp=../graphsdb/mcs90/bvg/b06m/mcs90_b06m_s30.A61 fileNameGt=../graphsdb/mcs90/bvg/b06m/mcs90_b06m_s30.B61
Reading graphs...
30 :  89
30 :  89
Initializing...
maxdom : 30
D->valSize : 900
Solving...
currentSize : 13 <-- 0.010083 s
currentSize : 14 <-- 0.010919 s
currentSize : 15 <-- 0.015202 s
currentSize : 16 <-- 0.066458 s
currentSize : 17 <-- 1.581159 s
currentSize : 18 <-- 30.662540 s
currentSize : 19 <-- 32.345703 s
currentSize : 20 <-- 32.528591 s
currentSize : 22 <-- 35.281601 s
currentSize : 24 <-- 36.146996 s
currentSize : 27 <-- 36.156689 s

maxsize : 27
nodes : 4100059.000000
filtered : 87964368.000000
CCGP filtered : 7832306.000000
CCGT filtered : 3686000.000000
time : 36.177441
