Parameters: GAD=1 vflib=1 dir=0 label=0 lowerbound=1 fileNameGp=../graphsdb/mcs90/bvg/b09m/mcs90_b09m_s35.A23 fileNameGt=../graphsdb/mcs90/bvg/b09m/mcs90_b09m_s35.B23
Reading graphs...
35 :  154
35 :  154
Initializing...
maxdom : 35
D->valSize : 1225
Solving...
currentSize : 12 <-- 0.018354 s
currentSize : 14 <-- 0.018742 s
currentSize : 15 <-- 0.033269 s
currentSize : 16 <-- 0.369302 s
currentSize : 17 <-- 1.118370 s
currentSize : 19 <-- 1.697090 s
currentSize : 20 <-- 2.534269 s
currentSize : 23 <-- 3.106692 s
currentSize : 30 <-- 3.107667 s

maxsize : 30
nodes : 294919.000000
filtered : 7008055.000000
CCGP filtered : 143377.000000
CCGT filtered : 203607.000000
time : 3.346020
