Parameters: GAD=1 vflib=1 dir=0 label=0 lowerbound=1 fileNameGp=../graphsdb/mcs90/m3D/m3Dr2/mcs90_m3Dr2_s30.A29 fileNameGt=../graphsdb/mcs90/m3D/m3Dr2/mcs90_m3Dr2_s30.B29
Reading graphs...
30 :  67
30 :  66
Initializing...
maxdom : 30
D->valSize : 900
Solving...
currentSize : 17 <-- 0.010954 s
currentSize : 18 <-- 0.011177 s
currentSize : 19 <-- 0.013785 s
currentSize : 20 <-- 1.892122 s
currentSize : 21 <-- 12.746651 s
currentSize : 22 <-- 12.747531 s
currentSize : 23 <-- 12.756728 s
currentSize : 24 <-- 12.758674 s
currentSize : 27 <-- 12.758843 s

maxsize : 27
nodes : 1643443.000000
filtered : 30245579.000000
CCGP filtered : 1049375.000000
CCGT filtered : 974496.000000
time : 12.834023
