Parameters: GAD=1 vflib=1 dir=0 label=0 lowerbound=1 fileNameGp=../graphsdb/mcs90/bvg/b09/mcs90_b09_s35.A57 fileNameGt=../graphsdb/mcs90/bvg/b09/mcs90_b09_s35.B57
Reading graphs...
35 :  156
35 :  156
Initializing...
maxdom : 35
D->valSize : 1225
Solving...
currentSize : 13 <-- 0.018338 s
currentSize : 14 <-- 0.018410 s
currentSize : 15 <-- 0.063638 s
currentSize : 16 <-- 0.071956 s
currentSize : 17 <-- 0.133066 s
currentSize : 18 <-- 0.386366 s
currentSize : 19 <-- 1.127363 s
currentSize : 21 <-- 1.128814 s
currentSize : 23 <-- 1.129002 s
currentSize : 26 <-- 1.129240 s
currentSize : 27 <-- 1.345730 s
currentSize : 30 <-- 1.345995 s

maxsize : 30
nodes : 193055.000000
filtered : 5927086.000000
CCGP filtered : 45170.000000
CCGT filtered : 12803.000000
time : 2.096914
