Parameters: GAD=1 vflib=1 dir=0 label=0 lowerbound=1 fileNameGp=../graphsdb/mcs90/m2D/m2Dr6/mcs90_m2Dr6_s30.A21 fileNameGt=../graphsdb/mcs90/m2D/m2Dr6/mcs90_m2Dr6_s30.B21
Reading graphs...
30 :  66
30 :  65
Initializing...
maxdom : 30
D->valSize : 900
Solving...
currentSize : 11 <-- 0.010446 s
currentSize : 12 <-- 0.010489 s
currentSize : 14 <-- 0.010545 s
currentSize : 15 <-- 0.010925 s
currentSize : 16 <-- 0.013509 s
currentSize : 17 <-- 0.013933 s
currentSize : 18 <-- 0.018306 s
currentSize : 19 <-- 0.601284 s
currentSize : 20 <-- 1.386662 s
currentSize : 21 <-- 1.388642 s
currentSize : 22 <-- 1.390681 s
currentSize : 23 <-- 1.620556 s
currentSize : 25 <-- 1.621479 s

maxsize : 25
nodes : 231388.000000
filtered : 5952790.000000
CCGP filtered : 733592.000000
CCGT filtered : 295629.000000
time : 1.981322
