Parameters: GAD=1 vflib=1 dir=0 label=0 lowerbound=1 fileNameGp=../graphsdb/mcs90/m2D/m2Dr2/mcs90_m2Dr2_s20.A15 fileNameGt=../graphsdb/mcs90/m2D/m2Dr2/mcs90_m2Dr2_s20.B15
Reading graphs...
20 :  34
20 :  34
Initializing...
maxdom : 20
D->valSize : 400
Solving...
currentSize : 8 <-- 0.002312 s
currentSize : 9 <-- 0.002404 s
currentSize : 10 <-- 0.002551 s
currentSize : 11 <-- 0.002771 s
currentSize : 12 <-- 0.003034 s
currentSize : 13 <-- 0.006343 s
currentSize : 14 <-- 0.007580 s
currentSize : 15 <-- 0.010055 s
currentSize : 16 <-- 0.015708 s

maxsize : 16
nodes : 6227.000000
filtered : 126566.000000
CCGP filtered : 17358.000000
CCGT filtered : 7272.000000
time : 0.037567
