Parameters: GAD=1 vflib=1 dir=0 label=0 lowerbound=1 fileNameGp=../graphsdb/mcs90/m2D/m2Dr4/mcs90_m2Dr4_s30.A49 fileNameGt=../graphsdb/mcs90/m2D/m2Dr4/mcs90_m2Dr4_s30.B49
Reading graphs...
30 :  61
30 :  61
Initializing...
maxdom : 30
D->valSize : 900
Solving...
currentSize : 14 <-- 0.018795 s
currentSize : 15 <-- 0.019010 s
currentSize : 16 <-- 0.019096 s
currentSize : 17 <-- 0.035705 s
currentSize : 18 <-- 0.036323 s
currentSize : 19 <-- 2.616128 s
currentSize : 20 <-- 7.325259 s
currentSize : 21 <-- 10.802920 s
currentSize : 22 <-- 11.160785 s
currentSize : 23 <-- 11.162524 s
currentSize : 25 <-- 11.162874 s

maxsize : 25
nodes : 1481813.000000
filtered : 25885760.000000
CCGP filtered : 2091148.000000
CCGT filtered : 2276737.000000
time : 11.496796
