Parameters: GAD=1 vflib=1 dir=0 label=0 lowerbound=1 fileNameGp=../graphsdb/mcs90/bvg/b09/mcs90_b09_s25.A15 fileNameGt=../graphsdb/mcs90/bvg/b09/mcs90_b09_s25.B15
Reading graphs...
25 :  112
25 :  112
Initializing...
maxdom : 25
D->valSize : 625
Solving...
currentSize : 7 <-- 0.004641 s
currentSize : 8 <-- 0.004699 s
currentSize : 10 <-- 0.004737 s
currentSize : 11 <-- 0.019125 s
currentSize : 12 <-- 0.089551 s
currentSize : 13 <-- 0.132119 s
currentSize : 15 <-- 0.274899 s
currentSize : 16 <-- 0.280220 s
currentSize : 18 <-- 0.280403 s
currentSize : 22 <-- 0.281580 s

maxsize : 22
nodes : 27883.000000
filtered : 452515.000000
CCGP filtered : 1620.000000
CCGT filtered : 4768.000000
time : 0.345550
