Parameters: GAD=1 vflib=1 dir=0 label=0 lowerbound=1 fileNameGp=../graphsdb/mcs90/bvg/b06m/mcs90_b06m_s35.A36 fileNameGt=../graphsdb/mcs90/bvg/b06m/mcs90_b06m_s35.B36
Reading graphs...
35 :  103
35 :  103
Initializing...
maxdom : 35
D->valSize : 1225
Solving...
currentSize : 15 <-- 0.019203 s
currentSize : 16 <-- 0.019574 s
currentSize : 17 <-- 0.057332 s
currentSize : 18 <-- 0.150784 s
currentSize : 19 <-- 8.240511 s
currentSize : 20 <-- 35.571514 s
currentSize : 21 <-- 123.457886 s
currentSize : 22 <-- 123.517769 s
currentSize : 23 <-- 123.662430 s
currentSize : 24 <-- 123.914368 s
currentSize : 27 <-- 123.950478 s
currentSize : 31 <-- 123.950851 s

maxsize : 31
nodes : 12306491.000000
filtered : 283243437.000000
CCGP filtered : 28034703.000000
CCGT filtered : 34517634.000000
time : 124.032463
