Parameters: GAD=1 vflib=1 dir=0 label=0 lowerbound=1 fileNameGp=../graphsdb/mcs90/bvg/b06m/mcs90_b06m_s30.A25 fileNameGt=../graphsdb/mcs90/bvg/b06m/mcs90_b06m_s30.B25
Reading graphs...
30 :  88
30 :  87
Initializing...
maxdom : 30
D->valSize : 900
Solving...
currentSize : 11 <-- 0.010221 s
currentSize : 12 <-- 0.010312 s
currentSize : 14 <-- 0.010472 s
currentSize : 15 <-- 0.016622 s
currentSize : 16 <-- 0.043234 s
currentSize : 18 <-- 0.265574 s
currentSize : 19 <-- 0.266570 s
currentSize : 20 <-- 4.340507 s
currentSize : 21 <-- 4.418381 s
currentSize : 23 <-- 4.425613 s
currentSize : 27 <-- 4.426377 s

maxsize : 27
nodes : 470101.000000
filtered : 12938179.000000
CCGP filtered : 614699.000000
CCGT filtered : 592676.000000
time : 4.450847
