Parameters: GAD=1 vflib=1 dir=0 label=0 lowerbound=1 fileNameGp=../graphsdb/mcs90/bvg/b09m/mcs90_b09m_s30.A76 fileNameGt=../graphsdb/mcs90/bvg/b09m/mcs90_b09m_s30.B76
Reading graphs...
30 :  131
30 :  131
Initializing...
maxdom : 30
D->valSize : 900
Solving...
currentSize : 11 <-- 0.009550 s
currentSize : 12 <-- 0.009581 s
currentSize : 13 <-- 0.014713 s
currentSize : 14 <-- 0.090863 s
currentSize : 15 <-- 4.412559 s
currentSize : 17 <-- 4.413634 s
currentSize : 18 <-- 5.704936 s
currentSize : 21 <-- 6.249011 s
currentSize : 26 <-- 8.730637 s

maxsize : 26
nodes : 934093.000000
filtered : 20341715.000000
CCGP filtered : 153777.000000
CCGT filtered : 129665.000000
time : 8.772850
