Parameters: GAD=1 vflib=1 dir=0 label=0 lowerbound=1 fileNameGp=../graphsdb/mcs90/rand/r02/mcs90_r02_s30.A57 fileNameGt=../graphsdb/mcs90/rand/r02/mcs90_r02_s30.B57
Reading graphs...
30 :  151
30 :  155
Initializing...
maxdom : 30
D->valSize : 900
Solving...
currentSize : 9 <-- 0.009330 s
currentSize : 10 <-- 0.009445 s
currentSize : 11 <-- 0.009968 s
currentSize : 12 <-- 0.012743 s
currentSize : 13 <-- 0.047187 s
currentSize : 14 <-- 5.817786 s
currentSize : 15 <-- 17.860678 s
currentSize : 16 <-- 17.860807 s
currentSize : 18 <-- 20.519417 s
currentSize : 20 <-- 20.625305 s
currentSize : 27 <-- 20.654615 s

maxsize : 27
nodes : 2207173.000000
filtered : 24697948.000000
CCGP filtered : 109700.000000
CCGT filtered : 76461.000000
time : 20.688128
