Parameters: GAD=1 vflib=1 dir=0 label=0 lowerbound=1 fileNameGp=../graphsdb/mcs90/bvg/b06m/mcs90_b06m_s25.A58 fileNameGt=../graphsdb/mcs90/bvg/b06m/mcs90_b06m_s25.B58
Reading graphs...
25 :  71
25 :  72
Initializing...
maxdom : 25
D->valSize : 625
Solving...
currentSize : 11 <-- 0.008478 s
currentSize : 12 <-- 0.008817 s
currentSize : 13 <-- 0.055287 s
currentSize : 14 <-- 0.269500 s
currentSize : 15 <-- 0.611762 s
currentSize : 16 <-- 2.993611 s
currentSize : 17 <-- 3.153930 s
currentSize : 18 <-- 3.154034 s
currentSize : 20 <-- 3.154131 s
currentSize : 22 <-- 3.169867 s

maxsize : 22
nodes : 402507.000000
filtered : 6723728.000000
CCGP filtered : 623916.000000
CCGT filtered : 526084.000000
time : 3.177793
