Parameters: GAD=1 vflib=1 dir=0 label=0 lowerbound=1 fileNameGp=../graphsdb/mcs90/rand/r005/mcs90_r005_s25.A40 fileNameGt=../graphsdb/mcs90/rand/r005/mcs90_r005_s25.B40
Reading graphs...
25 :  29
25 :  29
Initializing...
maxdom : 25
D->valSize : 625
Solving...
currentSize : 10 <-- 0.005434 s
currentSize : 11 <-- 0.005486 s
currentSize : 13 <-- 0.005504 s
currentSize : 14 <-- 0.006713 s
currentSize : 15 <-- 0.025003 s
currentSize : 16 <-- 0.076734 s
currentSize : 17 <-- 0.155974 s
currentSize : 18 <-- 0.176212 s
currentSize : 19 <-- 0.248709 s
currentSize : 20 <-- 0.249157 s
currentSize : 21 <-- 0.249220 s
currentSize : 22 <-- 0.249585 s

maxsize : 22
nodes : 40155.000000
filtered : 470820.000000
CCGP filtered : 590538.000000
CCGT filtered : 310993.000000
time : 0.252938
