Parameters: GAD=1 vflib=1 dir=0 label=0 lowerbound=1 fileNameGp=../graphsdb/mcs90/bvg/b09m/mcs90_b09m_s30.A55 fileNameGt=../graphsdb/mcs90/bvg/b09m/mcs90_b09m_s30.B55
Reading graphs...
30 :  133
30 :  133
Initializing...
maxdom : 30
D->valSize : 900
Solving...
currentSize : 10 <-- 0.015764 s
currentSize : 11 <-- 0.015910 s
currentSize : 12 <-- 0.019781 s
currentSize : 13 <-- 0.054888 s
currentSize : 14 <-- 0.631976 s
currentSize : 15 <-- 11.497491 s
currentSize : 16 <-- 35.444000 s
currentSize : 19 <-- 81.303154 s
currentSize : 24 <-- 82.023804 s
currentSize : 26 <-- 82.024017 s

maxsize : 26
nodes : 8873496.000000
filtered : 149144351.000000
CCGP filtered : 1747187.000000
CCGT filtered : 1543037.000000
time : 82.093933
