Parameters: GAD=1 vflib=1 dir=0 label=0 lowerbound=1 fileNameGp=../graphsdb/mcs90/m2D/m2Dr4/mcs90_m2Dr4_s30.A37 fileNameGt=../graphsdb/mcs90/m2D/m2Dr4/mcs90_m2Dr4_s30.B37
Reading graphs...
30 :  59
30 :  58
Initializing...
maxdom : 30
D->valSize : 900
Solving...
currentSize : 12 <-- 0.010826 s
currentSize : 13 <-- 0.010912 s
currentSize : 15 <-- 0.011011 s
currentSize : 16 <-- 0.011055 s
currentSize : 17 <-- 0.011635 s
currentSize : 18 <-- 0.013553 s
currentSize : 19 <-- 0.026125 s
currentSize : 20 <-- 1.453686 s
currentSize : 21 <-- 6.270821 s
currentSize : 22 <-- 7.075727 s
currentSize : 23 <-- 9.928101 s
currentSize : 25 <-- 9.928225 s

maxsize : 25
nodes : 1261758.000000
filtered : 30354331.000000
CCGP filtered : 5228388.000000
CCGT filtered : 2945963.000000
time : 10.323068
