Parameters: GAD=1 vflib=1 dir=0 label=0 lowerbound=1 fileNameGp=../graphsdb/mcs90/rand/r005/mcs90_r005_s35.A50 fileNameGt=../graphsdb/mcs90/rand/r005/mcs90_r005_s35.B50
Reading graphs...
35 :  57
35 :  57
Initializing...
maxdom : 35
D->valSize : 1225
Solving...
currentSize : 17 <-- 0.036331 s
currentSize : 18 <-- 0.036494 s
currentSize : 19 <-- 0.036733 s
currentSize : 20 <-- 0.038514 s
currentSize : 21 <-- 0.038713 s
currentSize : 22 <-- 0.038773 s
currentSize : 23 <-- 0.046113 s
currentSize : 24 <-- 0.161567 s
currentSize : 25 <-- 0.478394 s
currentSize : 26 <-- 11.102954 s
currentSize : 28 <-- 20.063051 s
currentSize : 31 <-- 20.133951 s

maxsize : 31
nodes : 2061459.000000
filtered : 52665928.000000
CCGP filtered : 24535995.000000
CCGT filtered : 13357515.000000
time : 20.315603
