Parameters: GAD=1 vflib=1 dir=0 label=0 lowerbound=1 fileNameGp=../graphsdb/mcs90/bvg/b09/mcs90_b09_s30.A82 fileNameGt=../graphsdb/mcs90/bvg/b09/mcs90_b09_s30.B82
Reading graphs...
30 :  135
30 :  135
Initializing...
maxdom : 30
D->valSize : 900
Solving...
currentSize : 12 <-- 0.016530 s
currentSize : 13 <-- 0.016659 s
currentSize : 14 <-- 0.016860 s
currentSize : 15 <-- 0.016938 s
currentSize : 18 <-- 0.018237 s
currentSize : 19 <-- 0.019124 s
currentSize : 22 <-- 0.019359 s
currentSize : 23 <-- 0.068371 s
currentSize : 26 <-- 0.068657 s

maxsize : 26
nodes : 17473.000000
filtered : 1020943.000000
CCGP filtered : 13.000000
CCGT filtered : 713.000000
time : 0.283709
