Parameters: GAD=1 vflib=1 dir=0 label=0 lowerbound=1 fileNameGp=../graphsdb/mcs90/rand/r01/mcs90_r01_s30.A79 fileNameGt=../graphsdb/mcs90/rand/r01/mcs90_r01_s30.B79
Reading graphs...
30 :  83
30 :  84
Initializing...
maxdom : 30
D->valSize : 900
Solving...
currentSize : 12 <-- 0.017995 s
currentSize : 13 <-- 0.018104 s
currentSize : 14 <-- 0.019549 s
currentSize : 15 <-- 0.023658 s
currentSize : 16 <-- 0.043292 s
currentSize : 17 <-- 0.468264 s
currentSize : 18 <-- 4.029561 s
currentSize : 21 <-- 4.689281 s
currentSize : 22 <-- 9.256768 s
currentSize : 27 <-- 11.466149 s

maxsize : 27
nodes : 1251522.000000
filtered : 36981263.000000
CCGP filtered : 1846804.000000
CCGT filtered : 727035.000000
time : 11.475188
