Parameters: GAD=1 vflib=1 dir=0 label=0 lowerbound=1 fileNameGp=../graphsdb/mcs90/m2D/m2D/mcs90_m2D_s30.A85 fileNameGt=../graphsdb/mcs90/m2D/m2D/mcs90_m2D_s30.B85
Reading graphs...
30 :  49
30 :  49
Initializing...
maxdom : 30
D->valSize : 900
Solving...
currentSize : 13 <-- 0.010988 s
currentSize : 15 <-- 0.011016 s
currentSize : 17 <-- 0.011060 s
currentSize : 18 <-- 0.011205 s
currentSize : 19 <-- 0.011334 s
currentSize : 20 <-- 0.029262 s
currentSize : 21 <-- 0.230358 s
currentSize : 22 <-- 0.304457 s
currentSize : 23 <-- 0.344104 s
currentSize : 25 <-- 1.031507 s
currentSize : 26 <-- 1.263813 s

maxsize : 26
nodes : 155956.000000
filtered : 3825470.000000
CCGP filtered : 1446316.000000
CCGT filtered : 625081.000000
time : 1.323391
