Parameters: GAD=1 vflib=1 dir=0 label=0 lowerbound=1 fileNameGp=../graphsdb/mcs90/bvg/b03m/mcs90_b03m_s25.A90 fileNameGt=../graphsdb/mcs90/bvg/b03m/mcs90_b03m_s25.B90
Reading graphs...
25 :  37
25 :  37
Initializing...
maxdom : 25
D->valSize : 625
Solving...
currentSize : 9 <-- 0.005333 s
currentSize : 12 <-- 0.005397 s
currentSize : 13 <-- 0.005788 s
currentSize : 14 <-- 0.006140 s
currentSize : 15 <-- 0.006198 s
currentSize : 16 <-- 0.013349 s
currentSize : 17 <-- 0.027713 s
currentSize : 18 <-- 0.044458 s
currentSize : 20 <-- 0.109343 s
currentSize : 21 <-- 0.109437 s
currentSize : 22 <-- 0.109627 s
currentSize : 23 <-- 0.109753 s

maxsize : 23
nodes : 16376.000000
filtered : 247676.000000
CCGP filtered : 241334.000000
CCGT filtered : 58986.000000
time : 0.112478
