Parameters: GAD=1 vflib=1 dir=0 label=0 lowerbound=1 fileNameGp=../graphsdb/mcs90/m3D/m3D/mcs90_m3D_s30.A80 fileNameGt=../graphsdb/mcs90/m3D/m3D/mcs90_m3D_s30.B80
Reading graphs...
30 :  61
30 :  61
Initializing...
maxdom : 30
D->valSize : 900
Solving...
currentSize : 14 <-- 0.010734 s
currentSize : 15 <-- 0.010762 s
currentSize : 16 <-- 0.010836 s
currentSize : 17 <-- 0.012103 s
currentSize : 18 <-- 0.013020 s
currentSize : 20 <-- 0.013095 s
currentSize : 22 <-- 0.246242 s
currentSize : 24 <-- 0.359566 s
currentSize : 26 <-- 1.085561 s
currentSize : 27 <-- 1.176723 s

maxsize : 27
nodes : 146315.000000
filtered : 4185064.000000
CCGP filtered : 123912.000000
CCGT filtered : 99196.000000
time : 1.214165
