Parameters: GAD=1 vflib=1 dir=0 label=0 lowerbound=1 fileNameGp=../graphsdb/mcs90/bvg/b06/mcs90_b06_s30.A31 fileNameGt=../graphsdb/mcs90/bvg/b06/mcs90_b06_s30.B31
Reading graphs...
30 :  90
30 :  90
Initializing...
maxdom : 30
D->valSize : 900
Solving...
currentSize : 17 <-- 0.010240 s
currentSize : 18 <-- 0.010647 s
currentSize : 20 <-- 0.012769 s
currentSize : 21 <-- 0.013258 s
currentSize : 22 <-- 0.014598 s
currentSize : 23 <-- 0.014770 s
currentSize : 24 <-- 0.015065 s
currentSize : 25 <-- 0.015258 s
currentSize : 27 <-- 0.017853 s

maxsize : 27
nodes : 10585.000000
filtered : 410641.000000
CCGP filtered : 3.000000
CCGT filtered : 195.000000
time : 0.109514
