Parameters: GAD=1 vflib=1 dir=0 label=0 lowerbound=1 fileNameGp=../graphsdb/mcs90/m3D/m3Dr6/mcs90_m3Dr6_s30.A53 fileNameGt=../graphsdb/mcs90/m3D/m3Dr6/mcs90_m3Dr6_s30.B53
Reading graphs...
30 :  76
30 :  75
Initializing...
maxdom : 30
D->valSize : 900
Solving...
currentSize : 13 <-- 0.010466 s
currentSize : 14 <-- 0.010519 s
currentSize : 15 <-- 0.011194 s
currentSize : 16 <-- 0.012931 s
currentSize : 17 <-- 0.014046 s
currentSize : 18 <-- 0.955406 s
currentSize : 19 <-- 5.912143 s
currentSize : 20 <-- 6.623547 s
currentSize : 21 <-- 12.100886 s
currentSize : 23 <-- 12.969390 s
currentSize : 24 <-- 14.272728 s
currentSize : 27 <-- 14.545673 s

maxsize : 27
nodes : 1759498.000000
filtered : 40924521.000000
CCGP filtered : 1009156.000000
CCGT filtered : 1197475.000000
time : 14.559555
