Parameters: GAD=1 vflib=1 dir=0 label=0 lowerbound=1 fileNameGp=../graphsdb/mcs90/m3D/m3Dr4/mcs90_m3Dr4_s30.A13 fileNameGt=../graphsdb/mcs90/m3D/m3Dr4/mcs90_m3Dr4_s30.B13
Reading graphs...
30 :  69
30 :  68
Initializing...
maxdom : 30
D->valSize : 900
Solving...
currentSize : 14 <-- 0.010637 s
currentSize : 15 <-- 0.010677 s
currentSize : 16 <-- 0.011325 s
currentSize : 17 <-- 0.011758 s
currentSize : 18 <-- 0.401915 s
currentSize : 19 <-- 1.484440 s
currentSize : 20 <-- 1.767688 s
currentSize : 21 <-- 3.259798 s
currentSize : 22 <-- 10.113408 s
currentSize : 23 <-- 10.200392 s
currentSize : 24 <-- 10.233770 s
currentSize : 25 <-- 10.238174 s
currentSize : 27 <-- 10.243988 s

maxsize : 27
nodes : 1265485.000000
filtered : 27218999.000000
CCGP filtered : 626531.000000
CCGT filtered : 934425.000000
time : 10.273464
