Parameters: GAD=1 vflib=1 dir=0 label=0 lowerbound=1 fileNameGp=../graphsdb/mcs90/rand/r005/mcs90_r005_s30.A23 fileNameGt=../graphsdb/mcs90/rand/r005/mcs90_r005_s30.B23
Reading graphs...
30 :  42
30 :  42
Initializing...
maxdom : 30
D->valSize : 900
Solving...
currentSize : 12 <-- 0.011435 s
currentSize : 13 <-- 0.011552 s
currentSize : 14 <-- 0.011655 s
currentSize : 15 <-- 0.012220 s
currentSize : 16 <-- 0.012664 s
currentSize : 17 <-- 0.012787 s
currentSize : 18 <-- 0.019730 s
currentSize : 19 <-- 0.019809 s
currentSize : 20 <-- 0.028986 s
currentSize : 21 <-- 0.029173 s
currentSize : 22 <-- 0.284088 s
currentSize : 23 <-- 0.304052 s
currentSize : 24 <-- 0.513487 s
currentSize : 25 <-- 0.513765 s
currentSize : 27 <-- 0.525557 s

maxsize : 27
nodes : 57283.000000
filtered : 1360594.000000
CCGP filtered : 1263883.000000
CCGT filtered : 749265.000000
time : 0.546056
