Parameters: GAD=1 vflib=1 dir=0 label=0 lowerbound=1 fileNameGp=../graphsdb/mcs90/bvg/b06m/mcs90_b06m_s25.A19 fileNameGt=../graphsdb/mcs90/bvg/b06m/mcs90_b06m_s25.B19
Reading graphs...
25 :  72
25 :  72
Initializing...
maxdom : 25
D->valSize : 625
Solving...
currentSize : 9 <-- 0.004799 s
currentSize : 10 <-- 0.004957 s
currentSize : 11 <-- 0.005031 s
currentSize : 12 <-- 0.006031 s
currentSize : 13 <-- 0.024173 s
currentSize : 14 <-- 0.209548 s
currentSize : 15 <-- 0.366676 s
currentSize : 17 <-- 0.366713 s
currentSize : 22 <-- 0.858621 s

maxsize : 22
nodes : 111611.000000
filtered : 2352325.000000
CCGP filtered : 122266.000000
CCGT filtered : 147403.000000
time : 0.868750
