Parameters: GAD=1 vflib=1 dir=0 label=0 lowerbound=1 fileNameGp=../graphsdb/mcs90/bvg/b03/mcs90_b03_s25.A39 fileNameGt=../graphsdb/mcs90/bvg/b03/mcs90_b03_s25.B39
Reading graphs...
25 :  37
25 :  37
Initializing...
maxdom : 25
D->valSize : 625
Solving...
currentSize : 15 <-- 0.009944 s
currentSize : 16 <-- 0.010334 s
currentSize : 17 <-- 0.010963 s
currentSize : 18 <-- 0.011469 s
currentSize : 19 <-- 0.012076 s
currentSize : 20 <-- 0.012520 s
currentSize : 21 <-- 0.012555 s
currentSize : 22 <-- 0.013705 s
currentSize : 23 <-- 0.016974 s

maxsize : 23
nodes : 3116.000000
filtered : 74031.000000
CCGP filtered : 7498.000000
CCGT filtered : 3024.000000
time : 0.030059
