Parameters: GAD=1 vflib=1 dir=0 label=0 lowerbound=1 fileNameGp=../graphsdb/mcs90/bvg/b06m/mcs90_b06m_s35.A43 fileNameGt=../graphsdb/mcs90/bvg/b06m/mcs90_b06m_s35.B43
Reading graphs...
35 :  103
35 :  103
Initializing...
maxdom : 35
D->valSize : 1225
Solving...
currentSize : 14 <-- 0.033920 s
currentSize : 15 <-- 0.034173 s
currentSize : 16 <-- 0.034342 s
currentSize : 17 <-- 0.035050 s
currentSize : 18 <-- 0.038007 s
currentSize : 19 <-- 0.902230 s
currentSize : 20 <-- 1.338215 s
currentSize : 21 <-- 9.499413 s
currentSize : 22 <-- 9.499852 s
currentSize : 23 <-- 40.360752 s
currentSize : 24 <-- 57.040932 s
currentSize : 25 <-- 57.613991 s
currentSize : 26 <-- 60.900658 s
currentSize : 27 <-- 63.644783 s
currentSize : 31 <-- 63.781582 s

maxsize : 31
nodes : 5790485.000000
filtered : 199840038.000000
CCGP filtered : 14379258.000000
CCGT filtered : 14009394.000000
time : 63.836327
