Parameters: GAD=1 vflib=1 dir=0 label=0 lowerbound=1 fileNameGp=../graphsdb/mcs90/m3D/m3Dr2/mcs90_m3Dr2_s30.A82 fileNameGt=../graphsdb/mcs90/m3D/m3Dr2/mcs90_m3Dr2_s30.B82
Reading graphs...
30 :  66
30 :  65
Initializing...
maxdom : 30
D->valSize : 900
Solving...
currentSize : 15 <-- 0.018717 s
currentSize : 16 <-- 0.019110 s
currentSize : 17 <-- 0.019281 s
currentSize : 18 <-- 0.021449 s
currentSize : 19 <-- 0.306921 s
currentSize : 20 <-- 0.520089 s
currentSize : 22 <-- 0.520973 s
currentSize : 23 <-- 0.655127 s
currentSize : 24 <-- 0.692136 s
currentSize : 25 <-- 0.849100 s
currentSize : 27 <-- 0.882688 s

maxsize : 27
nodes : 115974.000000
filtered : 2024196.000000
CCGP filtered : 36317.000000
CCGT filtered : 77714.000000
time : 0.911863
