Parameters: GAD=1 vflib=1 dir=0 label=0 lowerbound=1 fileNameGp=../graphsdb/mcs90/m3D/m3Dr6/mcs90_m3Dr6_s30.A26 fileNameGt=../graphsdb/mcs90/m3D/m3Dr6/mcs90_m3Dr6_s30.B26
Reading graphs...
30 :  79
30 :  78
Initializing...
maxdom : 30
D->valSize : 900
Solving...
currentSize : 13 <-- 0.010632 s
currentSize : 14 <-- 0.010675 s
currentSize : 15 <-- 0.010814 s
currentSize : 16 <-- 0.013835 s
currentSize : 17 <-- 0.018761 s
currentSize : 18 <-- 0.291189 s
currentSize : 19 <-- 0.838268 s
currentSize : 20 <-- 2.116834 s
currentSize : 21 <-- 2.283159 s
currentSize : 22 <-- 2.284912 s
currentSize : 24 <-- 2.285046 s
currentSize : 25 <-- 2.556942 s
currentSize : 27 <-- 2.557096 s

maxsize : 27
nodes : 314761.000000
filtered : 5914550.000000
CCGP filtered : 133111.000000
CCGT filtered : 86033.000000
time : 2.585514
