Parameters: GAD=1 vflib=1 dir=0 label=0 lowerbound=1 fileNameGp=../graphsdb/mcs90/bvg/b06m/mcs90_b06m_s20.A66 fileNameGt=../graphsdb/mcs90/bvg/b06m/mcs90_b06m_s20.B66
Reading graphs...
20 :  57
20 :  57
Initializing...
maxdom : 20
D->valSize : 400
Solving...
currentSize : 8 <-- 0.002167 s
currentSize : 9 <-- 0.002219 s
currentSize : 10 <-- 0.003167 s
currentSize : 11 <-- 0.004302 s
currentSize : 12 <-- 0.010303 s
currentSize : 13 <-- 0.023549 s
currentSize : 14 <-- 0.044403 s
currentSize : 15 <-- 0.044442 s
currentSize : 17 <-- 0.051118 s
currentSize : 18 <-- 0.051169 s

maxsize : 18
nodes : 8228.000000
filtered : 131808.000000
CCGP filtered : 5967.000000
CCGT filtered : 4338.000000
time : 0.053370
