Parameters: GAD=1 vflib=1 dir=0 label=0 lowerbound=1 fileNameGp=../graphsdb/mcs90/bvg/b06m/mcs90_b06m_s35.A08 fileNameGt=../graphsdb/mcs90/bvg/b06m/mcs90_b06m_s35.B08
Reading graphs...
35 :  103
35 :  102
Initializing...
maxdom : 35
D->valSize : 1225
Solving...
currentSize : 12 <-- 0.033848 s
currentSize : 15 <-- 0.033925 s
currentSize : 17 <-- 0.034207 s
currentSize : 18 <-- 0.059679 s
currentSize : 19 <-- 0.401418 s
currentSize : 20 <-- 1.044839 s
currentSize : 21 <-- 26.201521 s
currentSize : 22 <-- 52.832211 s
currentSize : 24 <-- 66.545006 s
currentSize : 25 <-- 74.973427 s
currentSize : 26 <-- 75.935822 s
currentSize : 31 <-- 75.942284 s

maxsize : 31
nodes : 7250918.000000
filtered : 201653599.000000
CCGP filtered : 17447479.000000
CCGT filtered : 11553735.000000
time : 76.039886
