Parameters: GAD=1 vflib=1 dir=0 label=0 lowerbound=1 fileNameGp=../graphsdb/mcs90/m3D/m3Dr6/mcs90_m3Dr6_s30.A83 fileNameGt=../graphsdb/mcs90/m3D/m3Dr6/mcs90_m3Dr6_s30.B83
Reading graphs...
30 :  76
30 :  74
Initializing...
maxdom : 30
D->valSize : 900
Solving...
currentSize : 16 <-- 0.018160 s
currentSize : 17 <-- 0.019548 s
currentSize : 18 <-- 0.314510 s
currentSize : 19 <-- 0.660128 s
currentSize : 20 <-- 2.813589 s
currentSize : 21 <-- 14.303806 s
currentSize : 23 <-- 17.809855 s
currentSize : 24 <-- 17.809929 s
currentSize : 25 <-- 17.851820 s
currentSize : 27 <-- 17.851995 s

maxsize : 27
nodes : 2075974.000000
filtered : 55120366.000000
CCGP filtered : 2904130.000000
CCGT filtered : 940337.000000
time : 17.869989
