Parameters: GAD=1 vflib=1 dir=0 label=0 lowerbound=1 fileNameGp=../graphsdb/mcs90/m3D/m3Dr4/mcs90_m3Dr4_s30.A12 fileNameGt=../graphsdb/mcs90/m3D/m3Dr4/mcs90_m3Dr4_s30.B12
Reading graphs...
30 :  72
30 :  72
Initializing...
maxdom : 30
D->valSize : 900
Solving...
currentSize : 12 <-- 0.018279 s
currentSize : 13 <-- 0.018402 s
currentSize : 14 <-- 0.019259 s
currentSize : 15 <-- 0.021379 s
currentSize : 16 <-- 0.060078 s
currentSize : 17 <-- 0.386645 s
currentSize : 18 <-- 0.579011 s
currentSize : 19 <-- 4.789945 s
currentSize : 20 <-- 19.030512 s
currentSize : 21 <-- 26.708973 s
currentSize : 22 <-- 26.773636 s
currentSize : 23 <-- 27.119389 s
currentSize : 27 <-- 27.173588 s

maxsize : 27
nodes : 3373226.000000
filtered : 61960462.000000
CCGP filtered : 3743396.000000
CCGT filtered : 1646215.000000
time : 27.212843
