Parameters: GAD=1 vflib=1 dir=0 label=0 lowerbound=1 fileNameGp=../graphsdb/mcs90/m2D/m2Dr6/mcs90_m2Dr6_s30.A89 fileNameGt=../graphsdb/mcs90/m2D/m2Dr6/mcs90_m2Dr6_s30.B89
Reading graphs...
30 :  67
30 :  66
Initializing...
maxdom : 30
D->valSize : 900
Solving...
currentSize : 13 <-- 0.018619 s
currentSize : 14 <-- 0.018783 s
currentSize : 15 <-- 0.019224 s
currentSize : 16 <-- 0.020261 s
currentSize : 17 <-- 0.021270 s
currentSize : 18 <-- 1.357839 s
currentSize : 19 <-- 2.855605 s
currentSize : 20 <-- 32.443363 s
currentSize : 21 <-- 32.603725 s
currentSize : 23 <-- 32.605148 s
currentSize : 25 <-- 32.605640 s

maxsize : 25
nodes : 4063768.000000
filtered : 73826498.000000
CCGP filtered : 6408972.000000
CCGT filtered : 5665605.000000
time : 33.189297
