Parameters: GAD=1 vflib=1 dir=0 label=0 lowerbound=1 fileNameGp=../graphsdb/mcs90/rand/r01/mcs90_r01_s35.A08 fileNameGt=../graphsdb/mcs90/rand/r01/mcs90_r01_s35.B08
Reading graphs...
35 :  114
35 :  115
Initializing...
maxdom : 35
D->valSize : 1225
Solving...
currentSize : 10 <-- 0.023337 s
currentSize : 15 <-- 0.023500 s
currentSize : 16 <-- 0.023803 s
currentSize : 17 <-- 0.062201 s
currentSize : 18 <-- 4.338730 s
currentSize : 19 <-- 71.875023 s
currentSize : 21 <-- 88.305946 s
currentSize : 23 <-- 98.456017 s
currentSize : 24 <-- 99.414459 s
currentSize : 26 <-- 99.444138 s
currentSize : 31 <-- 100.381363 s

maxsize : 31
nodes : 10350526.000000
filtered : 185229042.000000
CCGP filtered : 8682249.000000
CCGT filtered : 9146642.000000
time : 100.462463
