Parameters: GAD=1 vflib=1 dir=0 label=0 lowerbound=1 fileNameGp=../graphsdb/mcs90/bvg/b03m/mcs90_b03m_s35.A03 fileNameGt=../graphsdb/mcs90/bvg/b03m/mcs90_b03m_s35.B03
Reading graphs...
35 :  52
35 :  52
Initializing...
maxdom : 35
D->valSize : 1225
Solving...
currentSize : 18 <-- 0.021256 s
currentSize : 19 <-- 0.021297 s
currentSize : 20 <-- 0.021349 s
currentSize : 21 <-- 0.021503 s
currentSize : 22 <-- 0.023038 s
currentSize : 23 <-- 0.036459 s
currentSize : 24 <-- 0.051221 s
currentSize : 25 <-- 0.080592 s
currentSize : 26 <-- 0.176495 s
currentSize : 27 <-- 0.251688 s
currentSize : 28 <-- 0.291731 s
currentSize : 29 <-- 0.336063 s
currentSize : 30 <-- 0.355405 s

maxsize : 30
nodes : 66176.000000
filtered : 2192465.000000
CCGP filtered : 1556150.000000
CCGT filtered : 341761.000000
time : 0.698713
