Parameters: GAD=1 vflib=1 dir=0 label=0 lowerbound=1 fileNameGp=../graphsdb/mcs90/m3D/m3Dr2/mcs90_m3Dr2_s30.A69 fileNameGt=../graphsdb/mcs90/m3D/m3Dr2/mcs90_m3Dr2_s30.B69
Reading graphs...
30 :  66
30 :  65
Initializing...
maxdom : 30
D->valSize : 900
Solving...
currentSize : 16 <-- 0.018692 s
currentSize : 17 <-- 0.018832 s
currentSize : 18 <-- 0.029578 s
currentSize : 19 <-- 0.045943 s
currentSize : 20 <-- 1.531056 s
currentSize : 21 <-- 3.021686 s
currentSize : 23 <-- 3.701556 s
currentSize : 24 <-- 3.701625 s
currentSize : 27 <-- 3.702804 s

maxsize : 27
nodes : 463936.000000
filtered : 9515275.000000
CCGP filtered : 537475.000000
CCGT filtered : 469070.000000
time : 3.741987
