Parameters: GAD=1 vflib=1 dir=0 label=0 lowerbound=1 fileNameGp=../graphsdb/mcs90/bvg/b06/mcs90_b06_s35.A29 fileNameGt=../graphsdb/mcs90/bvg/b06/mcs90_b06_s35.B29
Reading graphs...
35 :  105
35 :  105
Initializing...
maxdom : 35
D->valSize : 1225
Solving...
currentSize : 17 <-- 0.023560 s
currentSize : 19 <-- 0.023958 s
currentSize : 20 <-- 0.025108 s
currentSize : 21 <-- 0.033357 s
currentSize : 22 <-- 0.033584 s
currentSize : 23 <-- 0.037362 s
currentSize : 24 <-- 0.046508 s
currentSize : 25 <-- 0.056944 s
currentSize : 27 <-- 0.102158 s
currentSize : 29 <-- 0.127580 s
currentSize : 31 <-- 0.135497 s
currentSize : 32 <-- 0.173443 s

maxsize : 32
nodes : 24087.000000
filtered : 800795.000000
CCGP filtered : 20614.000000
CCGT filtered : 7282.000000
time : 0.273730
