Parameters: GAD=1 vflib=1 dir=0 label=0 lowerbound=1 fileNameGp=../graphsdb/mcs90/m2D/m2Dr6/mcs90_m2Dr6_s30.A30 fileNameGt=../graphsdb/mcs90/m2D/m2Dr6/mcs90_m2Dr6_s30.B30
Reading graphs...
30 :  66
30 :  65
Initializing...
maxdom : 30
D->valSize : 900
Solving...
currentSize : 12 <-- 0.018930 s
currentSize : 13 <-- 0.019294 s
currentSize : 15 <-- 0.020326 s
currentSize : 16 <-- 0.021820 s
currentSize : 17 <-- 0.024555 s
currentSize : 18 <-- 0.473547 s
currentSize : 19 <-- 4.494130 s
currentSize : 20 <-- 21.443956 s
currentSize : 21 <-- 21.445646 s
currentSize : 23 <-- 31.894035 s
currentSize : 25 <-- 31.894159 s

maxsize : 25
nodes : 3876997.000000
filtered : 84936041.000000
CCGP filtered : 9441384.000000
CCGT filtered : 7611686.000000
time : 32.214512
