Parameters: GAD=1 vflib=1 dir=0 label=0 lowerbound=1 fileNameGp=../graphsdb/mcs90/rand/r005/mcs90_r005_s30.A02 fileNameGt=../graphsdb/mcs90/rand/r005/mcs90_r005_s30.B02
Reading graphs...
30 :  41
30 :  42
Initializing...
maxdom : 30
D->valSize : 900
Solving...
currentSize : 14 <-- 0.019780 s
currentSize : 15 <-- 0.019823 s
currentSize : 17 <-- 0.019931 s
currentSize : 18 <-- 0.023653 s
currentSize : 19 <-- 0.143995 s
currentSize : 20 <-- 0.145668 s
currentSize : 21 <-- 0.727380 s
currentSize : 22 <-- 0.727968 s
currentSize : 23 <-- 0.746194 s
currentSize : 24 <-- 0.746223 s
currentSize : 27 <-- 0.836136 s

maxsize : 27
nodes : 101695.000000
filtered : 1843306.000000
CCGP filtered : 1350066.000000
CCGT filtered : 610520.000000
time : 0.857039
