Parameters: GAD=1 vflib=1 dir=0 label=0 lowerbound=1 fileNameGp=../graphsdb/mcs90/bvg/b03m/mcs90_b03m_s35.A68 fileNameGt=../graphsdb/mcs90/bvg/b03m/mcs90_b03m_s35.B68
Reading graphs...
35 :  51
35 :  51
Initializing...
maxdom : 35
D->valSize : 1225
Solving...
currentSize : 13 <-- 0.021229 s
currentSize : 14 <-- 0.021314 s
currentSize : 15 <-- 0.021728 s
currentSize : 16 <-- 0.022107 s
currentSize : 18 <-- 0.022277 s
currentSize : 19 <-- 0.022833 s
currentSize : 20 <-- 0.026042 s
currentSize : 21 <-- 0.030677 s
currentSize : 22 <-- 0.043813 s
currentSize : 23 <-- 0.044080 s
currentSize : 24 <-- 0.545244 s
currentSize : 25 <-- 1.805095 s
currentSize : 26 <-- 16.983423 s
currentSize : 27 <-- 18.609480 s
currentSize : 28 <-- 31.724098 s
currentSize : 30 <-- 31.777676 s

maxsize : 30
nodes : 2996634.000000
filtered : 81694088.000000
CCGP filtered : 79733233.000000
CCGT filtered : 41812309.000000
time : 32.033321
