Parameters: GAD=1 vflib=1 dir=0 label=0 lowerbound=1 fileNameGp=../graphsdb/mcs90/rand/r005/mcs90_r005_s20.A55 fileNameGt=../graphsdb/mcs90/rand/r005/mcs90_r005_s20.B55
Reading graphs...
20 :  21
20 :  21
Initializing...
maxdom : 20
D->valSize : 400
Solving...
currentSize : 8 <-- 0.002384 s
currentSize : 9 <-- 0.002417 s
currentSize : 11 <-- 0.002432 s
currentSize : 12 <-- 0.003262 s
currentSize : 14 <-- 0.003804 s
currentSize : 15 <-- 0.003945 s
currentSize : 16 <-- 0.006275 s
currentSize : 17 <-- 0.006355 s
currentSize : 18 <-- 0.006471 s

maxsize : 18
nodes : 1159.000000
filtered : 15070.000000
CCGP filtered : 18236.000000
CCGT filtered : 3820.000000
time : 0.008299
