Parameters: GAD=1 vflib=1 dir=0 label=0 lowerbound=1 fileNameGp=../graphsdb/mcs90/rand/r02/mcs90_r02_s30.A85 fileNameGt=../graphsdb/mcs90/rand/r02/mcs90_r02_s30.B85
Reading graphs...
30 :  156
30 :  156
Initializing...
maxdom : 30
D->valSize : 900
Solving...
currentSize : 9 <-- 0.016089 s
currentSize : 10 <-- 0.016442 s
currentSize : 11 <-- 0.016558 s
currentSize : 12 <-- 0.046200 s
currentSize : 13 <-- 0.197723 s
currentSize : 14 <-- 5.358444 s
currentSize : 15 <-- 5.358758 s
currentSize : 16 <-- 13.621607 s
currentSize : 17 <-- 17.360340 s
currentSize : 18 <-- 17.388519 s
currentSize : 19 <-- 19.308640 s
currentSize : 27 <-- 19.669052 s

maxsize : 27
nodes : 1980871.000000
filtered : 28794291.000000
CCGP filtered : 97971.000000
CCGT filtered : 99190.000000
time : 19.688360
