Parameters: GAD=1 vflib=1 dir=0 label=0 lowerbound=1 fileNameGp=../graphsdb/mcs90/rand/r005/mcs90_r005_s30.A89 fileNameGt=../graphsdb/mcs90/rand/r005/mcs90_r005_s30.B89
Reading graphs...
30 :  40
30 :  41
Initializing...
maxdom : 30
D->valSize : 900
Solving...
currentSize : 11 <-- 0.016659 s
currentSize : 12 <-- 0.016740 s
currentSize : 14 <-- 0.017330 s
currentSize : 15 <-- 0.017453 s
currentSize : 17 <-- 0.017579 s
currentSize : 18 <-- 0.018127 s
currentSize : 19 <-- 0.020131 s
currentSize : 20 <-- 0.020506 s
currentSize : 21 <-- 0.034016 s
currentSize : 22 <-- 0.063073 s
currentSize : 23 <-- 0.403957 s
currentSize : 25 <-- 0.404095 s
currentSize : 27 <-- 0.404719 s

maxsize : 27
nodes : 46614.000000
filtered : 1187308.000000
CCGP filtered : 859904.000000
CCGT filtered : 534784.000000
time : 0.430744
