Parameters: GAD=1 vflib=1 dir=0 label=0 lowerbound=1 fileNameGp=../graphsdb/mcs90/m3D/m3Dr4/mcs90_m3Dr4_s30.A80 fileNameGt=../graphsdb/mcs90/m3D/m3Dr4/mcs90_m3Dr4_s30.B80
Reading graphs...
30 :  71
30 :  71
Initializing...
maxdom : 30
D->valSize : 900
Solving...
currentSize : 13 <-- 0.018409 s
currentSize : 14 <-- 0.018458 s
currentSize : 15 <-- 0.018555 s
currentSize : 16 <-- 0.026137 s
currentSize : 17 <-- 0.049601 s
currentSize : 18 <-- 0.550317 s
currentSize : 19 <-- 3.089876 s
currentSize : 20 <-- 14.565494 s
currentSize : 21 <-- 29.654264 s
currentSize : 22 <-- 29.654385 s
currentSize : 24 <-- 29.673073 s
currentSize : 27 <-- 30.127884 s

maxsize : 27
nodes : 3491724.000000
filtered : 81117367.000000
CCGP filtered : 5956162.000000
CCGT filtered : 3274649.000000
time : 30.148392
