Parameters: GAD=1 vflib=1 dir=0 label=0 lowerbound=1 fileNameGp=../graphsdb/mcs90/rand/r01/mcs90_r01_s20.A49 fileNameGt=../graphsdb/mcs90/rand/r01/mcs90_r01_s20.B49
Reading graphs...
20 :  37
20 :  36
Initializing...
maxdom : 20
D->valSize : 400
Solving...
currentSize : 9 <-- 0.002235 s
currentSize : 10 <-- 0.002270 s
currentSize : 11 <-- 0.002343 s
currentSize : 12 <-- 0.002894 s
currentSize : 13 <-- 0.003004 s
currentSize : 14 <-- 0.006569 s
currentSize : 15 <-- 0.008530 s
currentSize : 16 <-- 0.009276 s
currentSize : 18 <-- 0.009412 s

maxsize : 18
nodes : 1696.000000
filtered : 25923.000000
CCGP filtered : 3889.000000
CCGT filtered : 701.000000
time : 0.011328
