Parameters: GAD=1 vflib=1 dir=0 label=0 lowerbound=1 fileNameGp=../graphsdb/mcs90/rand/r005/mcs90_r005_s30.A47 fileNameGt=../graphsdb/mcs90/rand/r005/mcs90_r005_s30.B47
Reading graphs...
30 :  40
30 :  40
Initializing...
maxdom : 30
D->valSize : 900
Solving...
currentSize : 14 <-- 0.011410 s
currentSize : 15 <-- 0.011530 s
currentSize : 17 <-- 0.012269 s
currentSize : 18 <-- 0.027971 s
currentSize : 19 <-- 0.115362 s
currentSize : 20 <-- 0.339103 s
currentSize : 21 <-- 0.339208 s
currentSize : 22 <-- 0.759533 s
currentSize : 23 <-- 0.778343 s
currentSize : 24 <-- 0.783636 s
currentSize : 25 <-- 0.786536 s
currentSize : 26 <-- 0.805544 s
currentSize : 27 <-- 0.805854 s

maxsize : 27
nodes : 95037.000000
filtered : 1598904.000000
CCGP filtered : 1495397.000000
CCGT filtered : 925510.000000
time : 0.818864
