Parameters: GAD=1 vflib=1 dir=0 label=0 lowerbound=1 fileNameGp=../graphsdb/mcs90/rand/r02/mcs90_r02_s25.A69 fileNameGt=../graphsdb/mcs90/rand/r02/mcs90_r02_s25.B69
Reading graphs...
25 :  108
25 :  107
Initializing...
maxdom : 25
D->valSize : 625
Solving...
currentSize : 9 <-- 0.008429 s
currentSize : 10 <-- 0.008925 s
currentSize : 11 <-- 0.009166 s
currentSize : 12 <-- 0.011752 s
currentSize : 13 <-- 0.013139 s
currentSize : 14 <-- 0.182730 s
currentSize : 15 <-- 0.182947 s
currentSize : 16 <-- 0.183332 s
currentSize : 22 <-- 0.201418 s

maxsize : 22
nodes : 26541.000000
filtered : 409722.000000
CCGP filtered : 65.000000
CCGT filtered : 929.000000
time : 0.219557
