Parameters: GAD=1 vflib=1 dir=0 label=0 lowerbound=1 fileNameGp=../graphsdb/mcs90/bvg/b03m/mcs90_b03m_s20.A92 fileNameGt=../graphsdb/mcs90/bvg/b03m/mcs90_b03m_s20.B92
Reading graphs...
20 :  30
20 :  30
Initializing...
maxdom : 20
D->valSize : 400
Solving...
currentSize : 6 <-- 0.002382 s
currentSize : 9 <-- 0.002445 s
currentSize : 10 <-- 0.002636 s
currentSize : 11 <-- 0.003467 s
currentSize : 12 <-- 0.003775 s
currentSize : 13 <-- 0.011201 s
currentSize : 14 <-- 0.020373 s
currentSize : 16 <-- 0.035197 s
currentSize : 17 <-- 0.035284 s
currentSize : 18 <-- 0.037822 s

maxsize : 18
nodes : 6588.000000
filtered : 87672.000000
CCGP filtered : 54413.000000
CCGT filtered : 24361.000000
time : 0.039824
