Parameters: GAD=1 vflib=1 dir=0 label=0 lowerbound=1 fileNameGp=../graphsdb/mcs90/bvg/b09/mcs90_b09_s35.A11 fileNameGt=../graphsdb/mcs90/bvg/b09/mcs90_b09_s35.B11
Reading graphs...
35 :  157
35 :  156
Initializing...
maxdom : 35
D->valSize : 1225
Solving...
currentSize : 10 <-- 0.031084 s
currentSize : 11 <-- 0.031175 s
currentSize : 12 <-- 0.031436 s
currentSize : 13 <-- 0.031711 s
currentSize : 14 <-- 0.038807 s
currentSize : 15 <-- 0.081174 s
currentSize : 16 <-- 0.097427 s
currentSize : 17 <-- 0.109756 s
currentSize : 18 <-- 1.398588 s
currentSize : 19 <-- 1.399729 s
currentSize : 20 <-- 1.401149 s
currentSize : 22 <-- 1.402531 s
currentSize : 30 <-- 1.403208 s
currentSize : 31 <-- 1.506959 s

maxsize : 31
nodes : 144144.000000
filtered : 4411759.000000
CCGP filtered : 42806.000000
CCGT filtered : 5688.000000
time : 1.732602
