Parameters: GAD=1 vflib=1 dir=0 label=0 lowerbound=1 fileNameGp=../graphsdb/mcs90/rand/r01/mcs90_r01_s35.A02 fileNameGt=../graphsdb/mcs90/rand/r01/mcs90_r01_s35.B02
Reading graphs...
35 :  111
35 :  109
Initializing...
maxdom : 35
D->valSize : 1225
Solving...
currentSize : 14 <-- 0.024805 s
currentSize : 15 <-- 0.025943 s
currentSize : 16 <-- 0.030515 s
currentSize : 17 <-- 0.121356 s
currentSize : 18 <-- 1.546406 s
currentSize : 19 <-- 7.654966 s
currentSize : 20 <-- 91.843063 s
currentSize : 24 <-- 297.625092 s
currentSize : 25 <-- 304.234650 s
currentSize : 31 <-- 307.717560 s

maxsize : 31
nodes : 30889930.000000
filtered : 703582879.000000
CCGP filtered : 23728740.000000
CCGT filtered : 23345438.000000
time : 307.843201
