Parameters: GAD=1 vflib=1 dir=0 label=0 lowerbound=1 fileNameGp=../graphsdb/mcs90/m2D/m2Dr6/mcs90_m2Dr6_s30.A00 fileNameGt=../graphsdb/mcs90/m2D/m2Dr6/mcs90_m2Dr6_s30.B00
Reading graphs...
30 :  67
30 :  66
Initializing...
maxdom : 30
D->valSize : 900
Solving...
currentSize : 11 <-- 0.010737 s
currentSize : 12 <-- 0.010865 s
currentSize : 13 <-- 0.010939 s
currentSize : 14 <-- 0.011486 s
currentSize : 15 <-- 0.012338 s
currentSize : 16 <-- 0.013554 s
currentSize : 17 <-- 0.036370 s
currentSize : 18 <-- 0.087135 s
currentSize : 19 <-- 0.152109 s
currentSize : 21 <-- 2.041211 s
currentSize : 22 <-- 3.491803 s
currentSize : 23 <-- 3.852450 s
currentSize : 25 <-- 3.852954 s

maxsize : 25
nodes : 483017.000000
filtered : 11857290.000000
CCGP filtered : 1507120.000000
CCGT filtered : 885729.000000
time : 4.080499
