Parameters: GAD=1 vflib=1 dir=0 label=0 lowerbound=1 fileNameGp=../graphsdb/mcs90/bvg/b09/mcs90_b09_s20.A78 fileNameGt=../graphsdb/mcs90/bvg/b09/mcs90_b09_s20.B78
Reading graphs...
20 :  90
20 :  90
Initializing...
maxdom : 20
D->valSize : 400
Solving...
currentSize : 6 <-- 0.001989 s
currentSize : 7 <-- 0.002035 s
currentSize : 8 <-- 0.002048 s
currentSize : 9 <-- 0.002089 s
currentSize : 10 <-- 0.002237 s
currentSize : 12 <-- 0.002406 s
currentSize : 14 <-- 0.002505 s
currentSize : 16 <-- 0.002597 s
currentSize : 18 <-- 0.003705 s

maxsize : 18
nodes : 1491.000000
filtered : 65427.000000
CCGP filtered : 0.000000
CCGT filtered : 0.000000
time : 0.012486
