Parameters: GAD=1 vflib=1 dir=0 label=0 lowerbound=1 fileNameGp=../graphsdb/mcs90/bvg/b03/mcs90_b03_s30.A98 fileNameGt=../graphsdb/mcs90/bvg/b03/mcs90_b03_s30.B98
Reading graphs...
30 :  45
30 :  45
Initializing...
maxdom : 30
D->valSize : 900
Solving...
currentSize : 6 <-- 0.011626 s
currentSize : 14 <-- 0.011744 s
currentSize : 21 <-- 0.011800 s
currentSize : 22 <-- 0.013931 s
currentSize : 23 <-- 0.014011 s
currentSize : 24 <-- 0.014175 s
currentSize : 25 <-- 0.019916 s
currentSize : 26 <-- 0.033566 s
currentSize : 27 <-- 0.049907 s

maxsize : 27
nodes : 18839.000000
filtered : 534004.000000
CCGP filtered : 90036.000000
CCGT filtered : 23369.000000
time : 0.164871
