Parameters: GAD=1 vflib=1 dir=0 label=0 lowerbound=1 fileNameGp=../graphsdb/mcs90/bvg/b06/mcs90_b06_s30.A05 fileNameGt=../graphsdb/mcs90/bvg/b06/mcs90_b06_s30.B05
Reading graphs...
30 :  90
30 :  89
Initializing...
maxdom : 30
D->valSize : 900
Solving...
currentSize : 19 <-- 0.010370 s
currentSize : 20 <-- 0.012782 s
currentSize : 21 <-- 0.014719 s
currentSize : 22 <-- 0.026876 s
currentSize : 23 <-- 0.027642 s
currentSize : 24 <-- 0.027747 s
currentSize : 25 <-- 0.028400 s
currentSize : 26 <-- 0.028504 s
currentSize : 27 <-- 0.053756 s

maxsize : 27
nodes : 7142.000000
filtered : 238501.000000
CCGP filtered : 2170.000000
CCGT filtered : 143.000000
time : 0.071192
