Parameters: GAD=1 vflib=1 dir=0 label=0 lowerbound=1 fileNameGp=../graphsdb/mcs90/rand/r005/mcs90_r005_s35.A45 fileNameGt=../graphsdb/mcs90/rand/r005/mcs90_r005_s35.B45
Reading graphs...
35 :  57
35 :  57
Initializing...
maxdom : 35
D->valSize : 1225
Solving...
currentSize : 18 <-- 0.020903 s
currentSize : 19 <-- 0.139154 s
currentSize : 21 <-- 0.140200 s
currentSize : 22 <-- 0.260098 s
currentSize : 23 <-- 0.427785 s
currentSize : 24 <-- 2.730425 s
currentSize : 25 <-- 3.903018 s
currentSize : 26 <-- 3.974951 s
currentSize : 27 <-- 3.975020 s
currentSize : 29 <-- 4.321099 s
currentSize : 31 <-- 4.321564 s

maxsize : 31
nodes : 437083.000000
filtered : 10342007.000000
CCGP filtered : 5437867.000000
CCGT filtered : 4488580.000000
time : 4.408973
