Parameters: GAD=1 vflib=1 dir=0 label=0 lowerbound=1 fileNameGp=../graphsdb/mcs90/bvg/b06/mcs90_b06_s35.A78 fileNameGt=../graphsdb/mcs90/bvg/b06/mcs90_b06_s35.B78
Reading graphs...
35 :  105
35 :  105
Initializing...
maxdom : 35
D->valSize : 1225
Solving...
currentSize : 20 <-- 0.033655 s
currentSize : 21 <-- 0.033848 s
currentSize : 22 <-- 0.034645 s
currentSize : 23 <-- 0.035425 s
currentSize : 24 <-- 0.035596 s
currentSize : 25 <-- 0.052648 s
currentSize : 26 <-- 0.062958 s
currentSize : 27 <-- 0.067475 s
currentSize : 28 <-- 0.073441 s
currentSize : 29 <-- 0.073698 s
currentSize : 31 <-- 0.094594 s

maxsize : 31
nodes : 37114.000000
filtered : 1516463.000000
CCGP filtered : 3056.000000
CCGT filtered : 1902.000000
time : 0.438636
