Parameters: GAD=1 vflib=1 dir=0 label=0 lowerbound=1 fileNameGp=../graphsdb/mcs90/m4D/m4Dr4/mcs90_m4Dr4_s20.A33 fileNameGt=../graphsdb/mcs90/m4D/m4Dr4/mcs90_m4Dr4_s20.B33
Reading graphs...
20 :  43
20 :  42
Initializing...
maxdom : 20
D->valSize : 400
Solving...
currentSize : 5 <-- 0.002173 s
currentSize : 6 <-- 0.002203 s
currentSize : 10 <-- 0.002751 s
currentSize : 11 <-- 0.002866 s
currentSize : 12 <-- 0.003890 s
currentSize : 13 <-- 0.007446 s
currentSize : 14 <-- 0.013067 s
currentSize : 15 <-- 0.017253 s
currentSize : 16 <-- 0.022716 s

maxsize : 16
nodes : 5418.000000
filtered : 134118.000000
CCGP filtered : 22583.000000
CCGT filtered : 27332.000000
time : 0.037915
