Parameters: GAD=1 vflib=1 dir=0 label=0 lowerbound=1 fileNameGp=../graphsdb/mcs90/bvg/b09m/mcs90_b09m_s30.A27 fileNameGt=../graphsdb/mcs90/bvg/b09m/mcs90_b09m_s30.B27
Reading graphs...
30 :  130
30 :  130
Initializing...
maxdom : 30
D->valSize : 900
Solving...
currentSize : 11 <-- 0.009635 s
currentSize : 12 <-- 0.010383 s
currentSize : 13 <-- 0.046278 s
currentSize : 14 <-- 0.067704 s
currentSize : 15 <-- 7.080095 s
currentSize : 17 <-- 22.964413 s
currentSize : 18 <-- 32.116421 s
currentSize : 20 <-- 48.595715 s
currentSize : 26 <-- 48.602074 s

maxsize : 26
nodes : 5163201.000000
filtered : 98037672.000000
CCGP filtered : 1087467.000000
CCGT filtered : 634773.000000
time : 48.651672
