Parameters: GAD=1 vflib=1 dir=0 label=0 lowerbound=1 fileNameGp=../graphsdb/mcs90/m3D/m3Dr2/mcs90_m3Dr2_s30.A89 fileNameGt=../graphsdb/mcs90/m3D/m3Dr2/mcs90_m3Dr2_s30.B89
Reading graphs...
30 :  67
30 :  65
Initializing...
maxdom : 30
D->valSize : 900
Solving...
currentSize : 13 <-- 0.011437 s
currentSize : 15 <-- 0.011493 s
currentSize : 16 <-- 0.011576 s
currentSize : 17 <-- 0.013334 s
currentSize : 18 <-- 0.017016 s
currentSize : 19 <-- 0.020363 s
currentSize : 20 <-- 0.021569 s
currentSize : 22 <-- 0.021836 s
currentSize : 23 <-- 0.602775 s
currentSize : 24 <-- 1.030462 s
currentSize : 27 <-- 1.035557 s

maxsize : 27
nodes : 122248.000000
filtered : 3437036.000000
CCGP filtered : 97299.000000
CCGT filtered : 34255.000000
time : 1.079231
