Parameters: GAD=1 vflib=1 dir=0 label=0 lowerbound=1 fileNameGp=../graphsdb/mcs90/bvg/b03m/mcs90_b03m_s25.A46 fileNameGt=../graphsdb/mcs90/bvg/b03m/mcs90_b03m_s25.B46
Reading graphs...
25 :  37
25 :  37
Initializing...
maxdom : 25
D->valSize : 625
Solving...
currentSize : 10 <-- 0.005545 s
currentSize : 14 <-- 0.005597 s
currentSize : 15 <-- 0.005683 s
currentSize : 16 <-- 0.007539 s
currentSize : 17 <-- 0.008811 s
currentSize : 18 <-- 0.013445 s
currentSize : 19 <-- 0.100336 s
currentSize : 20 <-- 0.388758 s
currentSize : 22 <-- 0.565813 s

maxsize : 22
nodes : 80106.000000
filtered : 1545257.000000
CCGP filtered : 651095.000000
CCGT filtered : 335444.000000
time : 0.580575
