Parameters: GAD=1 vflib=1 dir=0 label=0 lowerbound=1 fileNameGp=../graphsdb/mcs90/bvg/b03/mcs90_b03_s30.A67 fileNameGt=../graphsdb/mcs90/bvg/b03/mcs90_b03_s30.B67
Reading graphs...
30 :  45
30 :  45
Initializing...
maxdom : 30
D->valSize : 900
Solving...
currentSize : 17 <-- 0.018842 s
currentSize : 18 <-- 0.018927 s
currentSize : 19 <-- 0.019052 s
currentSize : 20 <-- 0.019611 s
currentSize : 21 <-- 0.020053 s
currentSize : 22 <-- 0.020222 s
currentSize : 23 <-- 0.020549 s
currentSize : 24 <-- 0.020784 s
currentSize : 25 <-- 0.023532 s
currentSize : 26 <-- 0.025951 s
currentSize : 27 <-- 0.075139 s

maxsize : 27
nodes : 11147.000000
filtered : 381585.000000
CCGP filtered : 94745.000000
CCGT filtered : 16252.000000
time : 0.115814
