Parameters: GAD=1 vflib=1 dir=0 label=0 lowerbound=1 fileNameGp=../graphsdb/mcs90/bvg/b03m/mcs90_b03m_s30.A44 fileNameGt=../graphsdb/mcs90/bvg/b03m/mcs90_b03m_s30.B44
Reading graphs...
30 :  45
30 :  45
Initializing...
maxdom : 30
D->valSize : 900
Solving...
currentSize : 10 <-- 0.011611 s
currentSize : 11 <-- 0.011648 s
currentSize : 17 <-- 0.011722 s
currentSize : 18 <-- 0.012201 s
currentSize : 19 <-- 0.016821 s
currentSize : 20 <-- 0.030886 s
currentSize : 21 <-- 0.072505 s
currentSize : 22 <-- 0.441143 s
currentSize : 23 <-- 0.550902 s
currentSize : 24 <-- 0.550963 s
currentSize : 25 <-- 0.551232 s
currentSize : 26 <-- 0.551840 s
currentSize : 28 <-- 0.561908 s

maxsize : 28
nodes : 67049.000000
filtered : 1329985.000000
CCGP filtered : 1159844.000000
CCGT filtered : 391467.000000
time : 0.570627
