Parameters: GAD=1 vflib=1 dir=0 label=0 lowerbound=1 fileNameGp=../graphsdb/mcs90/bvg/b06m/mcs90_b06m_s30.A64 fileNameGt=../graphsdb/mcs90/bvg/b06m/mcs90_b06m_s30.B64
Reading graphs...
30 :  89
30 :  89
Initializing...
maxdom : 30
D->valSize : 900
Solving...
currentSize : 13 <-- 0.017831 s
currentSize : 14 <-- 0.018403 s
currentSize : 15 <-- 0.090561 s
currentSize : 16 <-- 0.195900 s
currentSize : 17 <-- 3.900753 s
currentSize : 18 <-- 4.197735 s
currentSize : 20 <-- 12.253920 s
currentSize : 22 <-- 12.254109 s
currentSize : 24 <-- 12.254272 s
currentSize : 27 <-- 12.255283 s

maxsize : 27
nodes : 1419389.000000
filtered : 26932488.000000
CCGP filtered : 755829.000000
CCGT filtered : 1880552.000000
time : 12.273327
