Parameters: GAD=1 vflib=1 dir=0 label=0 lowerbound=1 fileNameGp=../graphsdb/mcs90/m2D/m2Dr2/mcs90_m2Dr2_s30.A13 fileNameGt=../graphsdb/mcs90/m2D/m2Dr2/mcs90_m2Dr2_s30.B13
Reading graphs...
30 :  55
30 :  53
Initializing...
maxdom : 30
D->valSize : 900
Solving...
currentSize : 13 <-- 0.019216 s
currentSize : 15 <-- 0.019480 s
currentSize : 17 <-- 0.021064 s
currentSize : 18 <-- 0.022929 s
currentSize : 19 <-- 0.086272 s
currentSize : 20 <-- 0.378953 s
currentSize : 21 <-- 0.493975 s
currentSize : 22 <-- 0.600084 s
currentSize : 23 <-- 0.677325 s
currentSize : 25 <-- 3.152729 s

maxsize : 25
nodes : 417592.000000
filtered : 11765028.000000
CCGP filtered : 1602005.000000
CCGT filtered : 459784.000000
time : 3.455025
