Parameters: GAD=1 vflib=1 dir=0 label=0 lowerbound=1 fileNameGp=../graphsdb/mcs90/rand/r01/mcs90_r01_s35.A17 fileNameGt=../graphsdb/mcs90/rand/r01/mcs90_r01_s35.B17
Reading graphs...
35 :  111
35 :  110
Initializing...
maxdom : 35
D->valSize : 1225
Solving...
currentSize : 13 <-- 0.019243 s
currentSize : 14 <-- 0.019410 s
currentSize : 15 <-- 0.019774 s
currentSize : 16 <-- 0.020645 s
currentSize : 17 <-- 0.025252 s
currentSize : 18 <-- 0.028877 s
currentSize : 19 <-- 2.023023 s
currentSize : 20 <-- 2.101935 s
currentSize : 21 <-- 3.671490 s
currentSize : 22 <-- 3.979916 s
currentSize : 23 <-- 4.058892 s
currentSize : 31 <-- 4.172346 s

maxsize : 31
nodes : 416983.000000
filtered : 9121565.000000
CCGP filtered : 580101.000000
CCGT filtered : 342359.000000
time : 4.327638
