Parameters: GAD=1 vflib=1 dir=0 label=0 lowerbound=1 fileNameGp=../graphsdb/mcs90/bvg/b03m/mcs90_b03m_s30.A09 fileNameGt=../graphsdb/mcs90/bvg/b03m/mcs90_b03m_s30.B09
Reading graphs...
30 :  45
30 :  45
Initializing...
maxdom : 30
D->valSize : 900
Solving...
currentSize : 17 <-- 0.011738 s
currentSize : 18 <-- 0.011871 s
currentSize : 19 <-- 0.011928 s
currentSize : 20 <-- 0.012309 s
currentSize : 21 <-- 0.012399 s
currentSize : 22 <-- 0.044848 s
currentSize : 23 <-- 0.054769 s
currentSize : 24 <-- 0.100055 s
currentSize : 26 <-- 0.325943 s
currentSize : 28 <-- 0.329935 s

maxsize : 28
nodes : 35674.000000
filtered : 909630.000000
CCGP filtered : 366314.000000
CCGT filtered : 133609.000000
time : 0.341361
