Parameters: GAD=1 vflib=1 dir=0 label=0 lowerbound=1 fileNameGp=../graphsdb/mcs90/rand/r01/mcs90_r01_s35.A85 fileNameGt=../graphsdb/mcs90/rand/r01/mcs90_r01_s35.B85
Reading graphs...
35 :  116
35 :  116
Initializing...
maxdom : 35
D->valSize : 1225
Solving...
currentSize : 14 <-- 0.019169 s
currentSize : 15 <-- 0.019754 s
currentSize : 16 <-- 0.021409 s
currentSize : 17 <-- 0.118973 s
currentSize : 18 <-- 1.281950 s
currentSize : 19 <-- 9.674726 s
currentSize : 20 <-- 88.175507 s
currentSize : 21 <-- 89.533279 s
currentSize : 22 <-- 96.759300 s
currentSize : 23 <-- 96.759735 s
currentSize : 26 <-- 97.706406 s
currentSize : 27 <-- 97.706612 s
currentSize : 31 <-- 97.714355 s

maxsize : 31
nodes : 9232539.000000
filtered : 202410924.000000
CCGP filtered : 13096484.000000
CCGT filtered : 16810298.000000
time : 97.802147
