Parameters: GAD=1 vflib=1 dir=0 label=0 lowerbound=1 fileNameGp=../graphsdb/mcs90/bvg/b06m/mcs90_b06m_s30.A47 fileNameGt=../graphsdb/mcs90/bvg/b06m/mcs90_b06m_s30.B47
Reading graphs...
30 :  88
30 :  89
Initializing...
maxdom : 30
D->valSize : 900
Solving...
currentSize : 14 <-- 0.010367 s
currentSize : 15 <-- 0.010950 s
currentSize : 16 <-- 0.012853 s
currentSize : 17 <-- 0.013101 s
currentSize : 18 <-- 0.022038 s
currentSize : 19 <-- 0.026862 s
currentSize : 20 <-- 0.472976 s
currentSize : 22 <-- 0.692427 s
currentSize : 27 <-- 0.692677 s

maxsize : 27
nodes : 78449.000000
filtered : 1859866.000000
CCGP filtered : 50925.000000
CCGT filtered : 39162.000000
time : 0.707699
