Parameters: GAD=1 vflib=1 dir=0 label=0 lowerbound=1 fileNameGp=../graphsdb/mcs90/bvg/b09/mcs90_b09_s20.A29 fileNameGt=../graphsdb/mcs90/bvg/b09/mcs90_b09_s20.B29
Reading graphs...
20 :  90
20 :  88
Initializing...
maxdom : 20
D->valSize : 400
Solving...
currentSize : 6 <-- 0.003323 s
currentSize : 7 <-- 0.003366 s
currentSize : 8 <-- 0.003567 s
currentSize : 9 <-- 0.004276 s
currentSize : 10 <-- 0.008187 s
currentSize : 12 <-- 0.011268 s
currentSize : 13 <-- 0.011391 s
currentSize : 14 <-- 0.011747 s
currentSize : 15 <-- 0.012340 s
currentSize : 16 <-- 0.012761 s
currentSize : 17 <-- 0.014347 s
currentSize : 19 <-- 0.014726 s

maxsize : 19
nodes : 1742.000000
filtered : 28888.000000
CCGP filtered : 207.000000
CCGT filtered : 38.000000
time : 0.015176
