Parameters: GAD=1 vflib=1 dir=0 label=0 lowerbound=1 fileNameGp=../graphsdb/mcs90/bvg/b09/mcs90_b09_s30.A63 fileNameGt=../graphsdb/mcs90/bvg/b09/mcs90_b09_s30.B63
Reading graphs...
30 :  135
30 :  134
Initializing...
maxdom : 30
D->valSize : 900
Solving...
currentSize : 13 <-- 0.009653 s
currentSize : 14 <-- 0.009796 s
currentSize : 16 <-- 0.011407 s
currentSize : 18 <-- 0.013975 s
currentSize : 19 <-- 0.082323 s
currentSize : 20 <-- 0.082458 s
currentSize : 21 <-- 0.113954 s
currentSize : 23 <-- 0.114103 s
currentSize : 26 <-- 0.114437 s

maxsize : 26
nodes : 28335.000000
filtered : 1352440.000000
CCGP filtered : 17.000000
CCGT filtered : 380.000000
time : 0.309891
