Parameters: GAD=1 vflib=1 dir=0 label=0 lowerbound=1 fileNameGp=../graphsdb/mcs90/rand/r02/mcs90_r02_s25.A33 fileNameGt=../graphsdb/mcs90/rand/r02/mcs90_r02_s25.B33
Reading graphs...
25 :  109
25 :  109
Initializing...
maxdom : 25
D->valSize : 625
Solving...
currentSize : 8 <-- 0.004559 s
currentSize : 9 <-- 0.004595 s
currentSize : 10 <-- 0.004741 s
currentSize : 11 <-- 0.015179 s
currentSize : 12 <-- 0.035614 s
currentSize : 13 <-- 0.087348 s
currentSize : 14 <-- 0.119496 s
currentSize : 16 <-- 0.906277 s
currentSize : 22 <-- 0.906607 s

maxsize : 22
nodes : 113489.000000
filtered : 1454695.000000
CCGP filtered : 217.000000
CCGT filtered : 893.000000
time : 0.912692
