Parameters: GAD=1 vflib=1 dir=0 label=0 lowerbound=1 fileNameGp=../graphsdb/mcs90/bvg/b09/mcs90_b09_s25.A91 fileNameGt=../graphsdb/mcs90/bvg/b09/mcs90_b09_s25.B91
Reading graphs...
25 :  112
25 :  112
Initializing...
maxdom : 25
D->valSize : 625
Solving...
currentSize : 8 <-- 0.004591 s
currentSize : 9 <-- 0.004619 s
currentSize : 10 <-- 0.004680 s
currentSize : 11 <-- 0.004896 s
currentSize : 12 <-- 0.005413 s
currentSize : 13 <-- 0.005868 s
currentSize : 14 <-- 0.005939 s
currentSize : 15 <-- 0.016786 s
currentSize : 16 <-- 0.016824 s
currentSize : 18 <-- 0.016884 s
currentSize : 19 <-- 0.021240 s
currentSize : 22 <-- 0.022023 s

maxsize : 22
nodes : 6028.000000
filtered : 260733.000000
CCGP filtered : 19.000000
CCGT filtered : 6.000000
time : 0.055548
