Parameters: GAD=1 vflib=1 dir=0 label=0 lowerbound=1 fileNameGp=../graphsdb/mcs90/m3D/m3D/mcs90_m3D_s30.A32 fileNameGt=../graphsdb/mcs90/m3D/m3D/mcs90_m3D_s30.B32
Reading graphs...
30 :  61
30 :  61
Initializing...
maxdom : 30
D->valSize : 900
Solving...
currentSize : 18 <-- 0.010639 s
currentSize : 19 <-- 0.011493 s
currentSize : 20 <-- 0.025269 s
currentSize : 21 <-- 0.032121 s
currentSize : 22 <-- 0.034206 s
currentSize : 23 <-- 0.067061 s
currentSize : 24 <-- 0.096643 s
currentSize : 25 <-- 0.096848 s
currentSize : 27 <-- 0.227470 s

maxsize : 27
nodes : 28787.000000
filtered : 941500.000000
CCGP filtered : 47754.000000
CCGT filtered : 5835.000000
time : 0.258125
