Parameters: GAD=1 vflib=1 dir=0 label=0 lowerbound=1 fileNameGp=../graphsdb/mcs90/bvg/b09/mcs90_b09_s30.A52 fileNameGt=../graphsdb/mcs90/bvg/b09/mcs90_b09_s30.B52
Reading graphs...
30 :  135
30 :  134
Initializing...
maxdom : 30
D->valSize : 900
Solving...
currentSize : 11 <-- 0.016341 s
currentSize : 12 <-- 0.016501 s
currentSize : 13 <-- 0.016963 s
currentSize : 14 <-- 0.017135 s
currentSize : 15 <-- 0.020224 s
currentSize : 16 <-- 0.022493 s
currentSize : 17 <-- 0.024638 s
currentSize : 20 <-- 0.027460 s
currentSize : 22 <-- 0.027715 s
currentSize : 26 <-- 0.060418 s

maxsize : 26
nodes : 20651.000000
filtered : 1226904.000000
CCGP filtered : 0.000000
CCGT filtered : 987.000000
time : 0.336555
