Parameters: GAD=1 vflib=1 dir=0 label=0 lowerbound=1 fileNameGp=../graphsdb/mcs90/m2D/m2Dr6/mcs90_m2Dr6_s30.A14 fileNameGt=../graphsdb/mcs90/m2D/m2Dr6/mcs90_m2Dr6_s30.B14
Reading graphs...
30 :  67
30 :  64
Initializing...
maxdom : 30
D->valSize : 900
Solving...
currentSize : 12 <-- 0.018529 s
currentSize : 13 <-- 0.018641 s
currentSize : 14 <-- 0.018883 s
currentSize : 15 <-- 0.021368 s
currentSize : 16 <-- 0.027100 s
currentSize : 17 <-- 0.127193 s
currentSize : 18 <-- 0.626975 s
currentSize : 19 <-- 2.541120 s
currentSize : 21 <-- 75.480568 s
currentSize : 22 <-- 75.833565 s
currentSize : 25 <-- 75.833649 s

maxsize : 25
nodes : 9422029.000000
filtered : 187927012.000000
CCGP filtered : 15320515.000000
CCGT filtered : 17107330.000000
time : 76.129326
