Parameters: GAD=1 vflib=1 dir=0 label=0 lowerbound=1 fileNameGp=../graphsdb/mcs90/bvg/b06m/mcs90_b06m_s35.A18 fileNameGt=../graphsdb/mcs90/bvg/b06m/mcs90_b06m_s35.B18
Reading graphs...
35 :  104
35 :  104
Initializing...
maxdom : 35
D->valSize : 1225
Solving...
currentSize : 12 <-- 0.033487 s
currentSize : 14 <-- 0.033826 s
currentSize : 15 <-- 0.035477 s
currentSize : 16 <-- 0.036470 s
currentSize : 17 <-- 0.067286 s
currentSize : 18 <-- 0.127898 s
currentSize : 19 <-- 0.128542 s
currentSize : 20 <-- 6.524889 s
currentSize : 23 <-- 15.052655 s
currentSize : 25 <-- 17.352436 s
currentSize : 31 <-- 17.625368 s

maxsize : 31
nodes : 1715830.000000
filtered : 43697774.000000
CCGP filtered : 5153228.000000
CCGT filtered : 2566111.000000
time : 17.696489
