Parameters: GAD=1 vflib=1 dir=0 label=0 lowerbound=1 fileNameGp=../graphsdb/mcs90/rand/r01/mcs90_r01_s30.A20 fileNameGt=../graphsdb/mcs90/rand/r01/mcs90_r01_s30.B20
Reading graphs...
30 :  82
30 :  83
Initializing...
maxdom : 30
D->valSize : 900
Solving...
currentSize : 13 <-- 0.015897 s
currentSize : 14 <-- 0.016134 s
currentSize : 16 <-- 0.016517 s
currentSize : 17 <-- 0.154193 s
currentSize : 18 <-- 2.754743 s
currentSize : 19 <-- 4.940794 s
currentSize : 20 <-- 5.054655 s
currentSize : 22 <-- 5.056409 s
currentSize : 23 <-- 5.111661 s
currentSize : 27 <-- 5.112359 s

maxsize : 27
nodes : 600039.000000
filtered : 11768217.000000
CCGP filtered : 1734531.000000
CCGT filtered : 1362088.000000
time : 5.136298
