Parameters: GAD=1 vflib=1 dir=0 label=0 lowerbound=1 fileNameGp=../graphsdb/mcs90/rand/r005/mcs90_r005_s35.A87 fileNameGt=../graphsdb/mcs90/rand/r005/mcs90_r005_s35.B87
Reading graphs...
35 :  57
35 :  57
Initializing...
maxdom : 35
D->valSize : 1225
Solving...
currentSize : 15 <-- 0.020918 s
currentSize : 16 <-- 0.025029 s
currentSize : 17 <-- 0.025414 s
currentSize : 18 <-- 0.033138 s
currentSize : 19 <-- 0.033628 s
currentSize : 20 <-- 0.043382 s
currentSize : 21 <-- 0.106524 s
currentSize : 22 <-- 0.407273 s
currentSize : 24 <-- 0.738127 s
currentSize : 25 <-- 0.742396 s
currentSize : 26 <-- 0.751905 s
currentSize : 27 <-- 4.166773 s
currentSize : 28 <-- 6.227385 s
currentSize : 29 <-- 6.227992 s
currentSize : 31 <-- 6.232591 s

maxsize : 31
nodes : 565059.000000
filtered : 20654803.000000
CCGP filtered : 8628862.000000
CCGT filtered : 4958558.000000
time : 6.298517
