Parameters: GAD=1 vflib=1 dir=0 label=0 lowerbound=1 fileNameGp=../graphsdb/mcs90/bvg/b09/mcs90_b09_s35.A05 fileNameGt=../graphsdb/mcs90/bvg/b09/mcs90_b09_s35.B05
Reading graphs...
35 :  157
35 :  156
Initializing...
maxdom : 35
D->valSize : 1225
Solving...
currentSize : 13 <-- 0.018182 s
currentSize : 14 <-- 0.018314 s
currentSize : 15 <-- 0.021042 s
currentSize : 16 <-- 0.022351 s
currentSize : 17 <-- 0.058370 s
currentSize : 18 <-- 0.134190 s
currentSize : 19 <-- 0.249436 s
currentSize : 20 <-- 0.267623 s
currentSize : 22 <-- 0.275339 s
currentSize : 24 <-- 0.278163 s
currentSize : 26 <-- 0.429959 s
currentSize : 30 <-- 0.506215 s

maxsize : 30
nodes : 89321.000000
filtered : 4482558.000000
CCGP filtered : 359.000000
CCGT filtered : 3515.000000
time : 1.125235
