Parameters: GAD=1 vflib=1 dir=0 label=0 lowerbound=1 fileNameGp=../graphsdb/mcs90/bvg/b06m/mcs90_b06m_s35.A10 fileNameGt=../graphsdb/mcs90/bvg/b06m/mcs90_b06m_s35.B10
Reading graphs...
35 :  104
35 :  104
Initializing...
maxdom : 35
D->valSize : 1225
Solving...
currentSize : 14 <-- 0.033910 s
currentSize : 15 <-- 0.034632 s
currentSize : 16 <-- 0.036515 s
currentSize : 17 <-- 0.042507 s
currentSize : 18 <-- 0.082002 s
currentSize : 19 <-- 0.221841 s
currentSize : 20 <-- 0.460926 s
currentSize : 21 <-- 45.074577 s
currentSize : 22 <-- 65.352013 s
currentSize : 23 <-- 65.352859 s
currentSize : 24 <-- 65.353981 s
currentSize : 26 <-- 65.373955 s
currentSize : 31 <-- 65.374268 s

maxsize : 31
nodes : 6444580.000000
filtered : 154166460.000000
CCGP filtered : 22712587.000000
CCGT filtered : 12491640.000000
time : 65.511528
