Parameters: GAD=1 vflib=1 dir=0 label=0 lowerbound=1 fileNameGp=../graphsdb/mcs90/bvg/b03m/mcs90_b03m_s35.A57 fileNameGt=../graphsdb/mcs90/bvg/b03m/mcs90_b03m_s35.B57
Reading graphs...
35 :  52
35 :  52
Initializing...
maxdom : 35
D->valSize : 1225
Solving...
currentSize : 14 <-- 0.021892 s
currentSize : 16 <-- 0.022202 s
currentSize : 17 <-- 0.022754 s
currentSize : 18 <-- 0.023940 s
currentSize : 19 <-- 0.024083 s
currentSize : 20 <-- 0.027372 s
currentSize : 21 <-- 0.030487 s
currentSize : 22 <-- 0.035208 s
currentSize : 23 <-- 0.037526 s
currentSize : 24 <-- 0.743129 s
currentSize : 25 <-- 1.261034 s
currentSize : 26 <-- 1.263637 s
currentSize : 30 <-- 2.193902 s

maxsize : 30
nodes : 241308.000000
filtered : 6269861.000000
CCGP filtered : 7069222.000000
CCGT filtered : 3178642.000000
time : 2.504136
