Parameters: GAD=1 vflib=1 dir=0 label=0 lowerbound=1 fileNameGp=../graphsdb/mcs90/rand/r005/mcs90_r005_s35.A47 fileNameGt=../graphsdb/mcs90/rand/r005/mcs90_r005_s35.B47
Reading graphs...
35 :  57
35 :  57
Initializing...
maxdom : 35
D->valSize : 1225
Solving...
currentSize : 16 <-- 0.036162 s
currentSize : 17 <-- 0.038323 s
currentSize : 19 <-- 0.039033 s
currentSize : 20 <-- 0.085612 s
currentSize : 21 <-- 1.192478 s
currentSize : 22 <-- 29.429493 s
currentSize : 23 <-- 30.583759 s
currentSize : 24 <-- 36.894131 s
currentSize : 25 <-- 37.184826 s
currentSize : 26 <-- 37.473835 s
currentSize : 27 <-- 43.362144 s
currentSize : 28 <-- 43.371094 s
currentSize : 31 <-- 43.394863 s

maxsize : 31
nodes : 5170162.000000
filtered : 74509277.000000
CCGP filtered : 35040898.000000
CCGT filtered : 40499144.000000
time : 43.450184
