Parameters: GAD=1 vflib=1 dir=0 label=0 lowerbound=1 fileNameGp=../graphsdb/mcs90/m2D/m2Dr4/mcs90_m2Dr4_s30.A63 fileNameGt=../graphsdb/mcs90/m2D/m2Dr4/mcs90_m2Dr4_s30.B63
Reading graphs...
30 :  61
30 :  61
Initializing...
maxdom : 30
D->valSize : 900
Solving...
currentSize : 12 <-- 0.018863 s
currentSize : 13 <-- 0.018936 s
currentSize : 14 <-- 0.019039 s
currentSize : 15 <-- 0.019648 s
currentSize : 16 <-- 0.022335 s
currentSize : 18 <-- 0.024396 s
currentSize : 19 <-- 1.054686 s
currentSize : 20 <-- 5.857052 s
currentSize : 22 <-- 8.144681 s
currentSize : 25 <-- 8.147119 s

maxsize : 25
nodes : 1091021.000000
filtered : 20671133.000000
CCGP filtered : 2026112.000000
CCGT filtered : 2211773.000000
time : 8.744644
