Parameters: GAD=1 vflib=1 dir=0 label=0 lowerbound=1 fileNameGp=../graphsdb/mcs90/m2D/m2Dr2/mcs90_m2Dr2_s30.A16 fileNameGt=../graphsdb/mcs90/m2D/m2Dr2/mcs90_m2Dr2_s30.B16
Reading graphs...
30 :  54
30 :  54
Initializing...
maxdom : 30
D->valSize : 900
Solving...
currentSize : 14 <-- 0.011027 s
currentSize : 15 <-- 0.011083 s
currentSize : 16 <-- 0.011230 s
currentSize : 17 <-- 0.011349 s
currentSize : 18 <-- 0.011424 s
currentSize : 19 <-- 0.014175 s
currentSize : 20 <-- 0.022249 s
currentSize : 21 <-- 0.199350 s
currentSize : 22 <-- 1.155494 s
currentSize : 25 <-- 4.957342 s

maxsize : 25
nodes : 638599.000000
filtered : 16494256.000000
CCGP filtered : 1807366.000000
CCGT filtered : 1510181.000000
time : 5.474209
