Parameters: GAD=1 vflib=1 dir=0 label=0 lowerbound=1 fileNameGp=../graphsdb/mcs90/rand/r005/mcs90_r005_s30.A22 fileNameGt=../graphsdb/mcs90/rand/r005/mcs90_r005_s30.B22
Reading graphs...
30 :  41
30 :  42
Initializing...
maxdom : 30
D->valSize : 900
Solving...
currentSize : 9 <-- 0.019936 s
currentSize : 12 <-- 0.020031 s
currentSize : 13 <-- 0.020344 s
currentSize : 16 <-- 0.020752 s
currentSize : 17 <-- 0.025322 s
currentSize : 18 <-- 0.041505 s
currentSize : 19 <-- 0.080311 s
currentSize : 20 <-- 0.108870 s
currentSize : 21 <-- 0.109052 s
currentSize : 22 <-- 0.109127 s
currentSize : 24 <-- 0.115487 s
currentSize : 25 <-- 0.134283 s
currentSize : 26 <-- 0.134900 s
currentSize : 27 <-- 0.135022 s

maxsize : 27
nodes : 12279.000000
filtered : 289560.000000
CCGP filtered : 254548.000000
CCGT filtered : 127098.000000
time : 0.152132
