Parameters: GAD=1 vflib=1 dir=0 label=0 lowerbound=1 fileNameGp=../graphsdb/mcs90/bvg/b09/mcs90_b09_s25.A96 fileNameGt=../graphsdb/mcs90/bvg/b09/mcs90_b09_s25.B96
Reading graphs...
25 :  112
25 :  110
Initializing...
maxdom : 25
D->valSize : 625
Solving...
currentSize : 9 <-- 0.004770 s
currentSize : 10 <-- 0.005118 s
currentSize : 11 <-- 0.005347 s
currentSize : 12 <-- 0.005491 s
currentSize : 13 <-- 0.007010 s
currentSize : 14 <-- 0.008438 s
currentSize : 15 <-- 0.014674 s
currentSize : 16 <-- 0.014747 s
currentSize : 22 <-- 0.015083 s

maxsize : 22
nodes : 7030.000000
filtered : 322443.000000
CCGP filtered : 70.000000
CCGT filtered : 5.000000
time : 0.066099
