Parameters: GAD=1 vflib=1 dir=0 label=0 lowerbound=1 fileNameGp=../graphsdb/mcs90/m3D/m3Dr4/mcs90_m3Dr4_s30.A95 fileNameGt=../graphsdb/mcs90/m3D/m3Dr4/mcs90_m3Dr4_s30.B95
Reading graphs...
30 :  72
30 :  72
Initializing...
maxdom : 30
D->valSize : 900
Solving...
currentSize : 14 <-- 0.018486 s
currentSize : 15 <-- 0.019241 s
currentSize : 16 <-- 0.023564 s
currentSize : 17 <-- 0.024683 s
currentSize : 18 <-- 0.029144 s
currentSize : 19 <-- 0.032004 s
currentSize : 20 <-- 0.651134 s
currentSize : 22 <-- 2.303854 s
currentSize : 23 <-- 2.460830 s
currentSize : 27 <-- 2.512728 s

maxsize : 27
nodes : 292803.000000
filtered : 6941220.000000
CCGP filtered : 206415.000000
CCGT filtered : 108561.000000
time : 2.543293
