Parameters: GAD=1 vflib=1 dir=0 label=0 lowerbound=1 fileNameGp=../graphsdb/mcs90/rand/r02/mcs90_r02_s35.A07 fileNameGt=../graphsdb/mcs90/rand/r02/mcs90_r02_s35.B07
Reading graphs...
35 :  219
35 :  222
Initializing...
maxdom : 35
D->valSize : 1225
Solving...
currentSize : 10 <-- 0.018062 s
currentSize : 11 <-- 0.018390 s
currentSize : 12 <-- 0.021486 s
currentSize : 13 <-- 0.073762 s
currentSize : 14 <-- 3.273298 s
currentSize : 15 <-- 19.180296 s
currentSize : 16 <-- 31.145321 s
currentSize : 19 <-- 262.773651 s
currentSize : 20 <-- 262.947723 s
currentSize : 23 <-- 262.963409 s
currentSize : 31 <-- 262.963867 s

maxsize : 31
nodes : 22455057.000000
filtered : 283885706.000000
CCGP filtered : 185610.000000
CCGT filtered : 332995.000000
time : 263.118713
