Parameters: GAD=1 vflib=1 dir=0 label=0 lowerbound=1 fileNameGp=../graphsdb/mcs90/bvg/b09/mcs90_b09_s35.A18 fileNameGt=../graphsdb/mcs90/bvg/b09/mcs90_b09_s35.B18
Reading graphs...
35 :  157
35 :  157
Initializing...
maxdom : 35
D->valSize : 1225
Solving...
currentSize : 11 <-- 0.031256 s
currentSize : 12 <-- 0.031322 s
currentSize : 13 <-- 0.038390 s
currentSize : 14 <-- 0.038651 s
currentSize : 15 <-- 0.039580 s
currentSize : 16 <-- 0.335812 s
currentSize : 17 <-- 1.576647 s
currentSize : 20 <-- 1.576764 s
currentSize : 26 <-- 1.577057 s
currentSize : 30 <-- 1.577396 s

maxsize : 30
nodes : 175801.000000
filtered : 5793274.000000
CCGP filtered : 24378.000000
CCGT filtered : 34726.000000
time : 2.221360
