Parameters: GAD=1 vflib=1 dir=0 label=0 lowerbound=1 fileNameGp=../graphsdb/mcs90/bvg/b09/mcs90_b09_s25.A92 fileNameGt=../graphsdb/mcs90/bvg/b09/mcs90_b09_s25.B92
Reading graphs...
25 :  111
25 :  111
Initializing...
maxdom : 25
D->valSize : 625
Solving...
currentSize : 9 <-- 0.004644 s
currentSize : 10 <-- 0.007205 s
currentSize : 11 <-- 0.019456 s
currentSize : 12 <-- 0.019608 s
currentSize : 13 <-- 0.021106 s
currentSize : 14 <-- 0.022863 s
currentSize : 15 <-- 0.023035 s
currentSize : 16 <-- 0.024006 s
currentSize : 17 <-- 0.025656 s
currentSize : 22 <-- 0.031540 s

maxsize : 22
nodes : 8614.000000
filtered : 328649.000000
CCGP filtered : 24.000000
CCGT filtered : 408.000000
time : 0.080324
