Parameters: GAD=1 vflib=1 dir=0 label=0 lowerbound=1 fileNameGp=../graphsdb/mcs90/bvg/b09m/mcs90_b09m_s30.A91 fileNameGt=../graphsdb/mcs90/bvg/b09m/mcs90_b09m_s30.B91
Reading graphs...
30 :  128
30 :  129
Initializing...
maxdom : 30
D->valSize : 900
Solving...
currentSize : 10 <-- 0.010386 s
currentSize : 11 <-- 0.010463 s
currentSize : 12 <-- 0.010698 s
currentSize : 13 <-- 0.010965 s
currentSize : 14 <-- 0.029501 s
currentSize : 15 <-- 0.096062 s
currentSize : 17 <-- 0.153795 s
currentSize : 20 <-- 0.163639 s
currentSize : 26 <-- 1.973637 s

maxsize : 26
nodes : 186736.000000
filtered : 6791053.000000
CCGP filtered : 10415.000000
CCGT filtered : 6241.000000
time : 2.014398
