Parameters: GAD=1 vflib=1 dir=0 label=0 lowerbound=1 fileNameGp=../graphsdb/mcs90/bvg/b03m/mcs90_b03m_s35.A22 fileNameGt=../graphsdb/mcs90/bvg/b03m/mcs90_b03m_s35.B22
Reading graphs...
35 :  52
35 :  52
Initializing...
maxdom : 35
D->valSize : 1225
Solving...
currentSize : 11 <-- 0.021651 s
currentSize : 16 <-- 0.021760 s
currentSize : 17 <-- 0.022484 s
currentSize : 18 <-- 0.022499 s
currentSize : 19 <-- 0.022596 s
currentSize : 20 <-- 0.023266 s
currentSize : 21 <-- 0.023761 s
currentSize : 22 <-- 0.025633 s
currentSize : 23 <-- 0.027999 s
currentSize : 24 <-- 0.044404 s
currentSize : 25 <-- 0.044578 s
currentSize : 26 <-- 0.117975 s
currentSize : 28 <-- 1.129520 s
currentSize : 29 <-- 1.667088 s
currentSize : 30 <-- 1.668567 s
currentSize : 32 <-- 1.759132 s

maxsize : 32
nodes : 174760.000000
filtered : 5131518.000000
CCGP filtered : 3354880.000000
CCGT filtered : 1888388.000000
time : 1.790276
