Parameters: GAD=1 vflib=1 dir=0 label=0 lowerbound=1 fileNameGp=../graphsdb/mcs90/rand/r01/mcs90_r01_s30.A13 fileNameGt=../graphsdb/mcs90/rand/r01/mcs90_r01_s30.B13
Reading graphs...
30 :  81
30 :  81
Initializing...
maxdom : 30
D->valSize : 900
Solving...
currentSize : 13 <-- 0.010306 s
currentSize : 14 <-- 0.010561 s
currentSize : 15 <-- 0.016986 s
currentSize : 16 <-- 0.050852 s
currentSize : 17 <-- 0.293461 s
currentSize : 18 <-- 2.701521 s
currentSize : 19 <-- 10.682717 s
currentSize : 20 <-- 10.690270 s
currentSize : 21 <-- 11.584756 s
currentSize : 22 <-- 11.897746 s
currentSize : 27 <-- 11.897945 s

maxsize : 27
nodes : 1419899.000000
filtered : 26855705.000000
CCGP filtered : 1380338.000000
CCGT filtered : 1302637.000000
time : 11.914891
