Parameters: GAD=1 vflib=1 dir=0 label=0 lowerbound=1 fileNameGp=../graphsdb/mcs90/bvg/b06m/mcs90_b06m_s35.A74 fileNameGt=../graphsdb/mcs90/bvg/b06m/mcs90_b06m_s35.B74
Reading graphs...
35 :  104
35 :  104
Initializing...
maxdom : 35
D->valSize : 1225
Solving...
currentSize : 14 <-- 0.033856 s
currentSize : 16 <-- 0.033931 s
currentSize : 17 <-- 0.035724 s
currentSize : 18 <-- 0.051767 s
currentSize : 19 <-- 0.210513 s
currentSize : 20 <-- 7.908304 s
currentSize : 21 <-- 7.909086 s
currentSize : 22 <-- 8.067404 s
currentSize : 23 <-- 8.088412 s
currentSize : 27 <-- 8.222920 s
currentSize : 31 <-- 8.266372 s

maxsize : 31
nodes : 891649.000000
filtered : 16463749.000000
CCGP filtered : 1775373.000000
CCGT filtered : 1114213.000000
time : 8.383719
