Parameters: GAD=1 vflib=1 dir=0 label=0 lowerbound=1 fileNameGp=../graphsdb/mcs90/bvg/b06m/mcs90_b06m_s30.A11 fileNameGt=../graphsdb/mcs90/bvg/b06m/mcs90_b06m_s30.B11
Reading graphs...
30 :  88
30 :  89
Initializing...
maxdom : 30
D->valSize : 900
Solving...
currentSize : 12 <-- 0.010179 s
currentSize : 13 <-- 0.010220 s
currentSize : 14 <-- 0.010276 s
currentSize : 15 <-- 0.011224 s
currentSize : 16 <-- 0.012433 s
currentSize : 17 <-- 0.210225 s
currentSize : 18 <-- 0.344638 s
currentSize : 20 <-- 0.345042 s
currentSize : 22 <-- 0.358208 s
currentSize : 23 <-- 0.358387 s
currentSize : 27 <-- 0.369004 s

maxsize : 27
nodes : 46661.000000
filtered : 859964.000000
CCGP filtered : 67414.000000
CCGT filtered : 33219.000000
time : 0.395415
