Parameters: GAD=1 vflib=1 dir=0 label=0 lowerbound=1 fileNameGp=../graphsdb/mcs90/bvg/b03m/mcs90_b03m_s35.A93 fileNameGt=../graphsdb/mcs90/bvg/b03m/mcs90_b03m_s35.B93
Reading graphs...
35 :  51
35 :  50
Initializing...
maxdom : 35
D->valSize : 1225
Solving...
currentSize : 19 <-- 0.021203 s
currentSize : 20 <-- 0.022632 s
currentSize : 21 <-- 0.041423 s
currentSize : 22 <-- 0.042468 s
currentSize : 23 <-- 0.237143 s
currentSize : 24 <-- 0.437416 s
currentSize : 26 <-- 0.451211 s
currentSize : 27 <-- 0.597487 s
currentSize : 28 <-- 0.921174 s
currentSize : 29 <-- 0.922700 s
currentSize : 30 <-- 0.933878 s
currentSize : 31 <-- 0.934020 s

maxsize : 31
nodes : 114828.000000
filtered : 2795036.000000
CCGP filtered : 2536731.000000
CCGT filtered : 563213.000000
time : 1.080053
