Parameters: GAD=1 vflib=1 dir=0 label=0 lowerbound=1 fileNameGp=../graphsdb/mcs90/rand/r005/mcs90_r005_s30.A64 fileNameGt=../graphsdb/mcs90/rand/r005/mcs90_r005_s30.B64
Reading graphs...
30 :  42
30 :  42
Initializing...
maxdom : 30
D->valSize : 900
Solving...
currentSize : 14 <-- 0.011155 s
currentSize : 16 <-- 0.011246 s
currentSize : 17 <-- 0.011315 s
currentSize : 18 <-- 0.011448 s
currentSize : 19 <-- 0.011888 s
currentSize : 20 <-- 0.013355 s
currentSize : 21 <-- 0.017132 s
currentSize : 22 <-- 0.100916 s
currentSize : 23 <-- 0.232967 s
currentSize : 25 <-- 0.399306 s
currentSize : 28 <-- 0.399519 s

maxsize : 28
nodes : 45384.000000
filtered : 1088013.000000
CCGP filtered : 608171.000000
CCGT filtered : 400060.000000
time : 0.403783
