Parameters: GAD=1 vflib=1 dir=0 label=0 lowerbound=1 fileNameGp=../graphsdb/mcs90/m2D/m2D/mcs90_m2D_s30.A61 fileNameGt=../graphsdb/mcs90/m2D/m2D/mcs90_m2D_s30.B61
Reading graphs...
30 :  49
30 :  49
Initializing...
maxdom : 30
D->valSize : 900
Solving...
currentSize : 13 <-- 0.011010 s
currentSize : 15 <-- 0.011065 s
currentSize : 18 <-- 0.011151 s
currentSize : 20 <-- 0.011354 s
currentSize : 21 <-- 0.013496 s
currentSize : 22 <-- 0.237009 s
currentSize : 23 <-- 0.396117 s
currentSize : 24 <-- 0.448271 s
currentSize : 25 <-- 0.449161 s

maxsize : 25
nodes : 106033.000000
filtered : 3144803.000000
CCGP filtered : 1416658.000000
CCGT filtered : 295361.000000
time : 0.931128
