Parameters: GAD=1 vflib=1 dir=0 label=0 lowerbound=1 fileNameGp=../graphsdb/mcs90/rand/r01/mcs90_r01_s35.A81 fileNameGt=../graphsdb/mcs90/rand/r01/mcs90_r01_s35.B81
Reading graphs...
35 :  113
35 :  113
Initializing...
maxdom : 35
D->valSize : 1225
Solving...
currentSize : 14 <-- 0.019196 s
currentSize : 15 <-- 0.019499 s
currentSize : 16 <-- 0.021143 s
currentSize : 17 <-- 0.064137 s
currentSize : 18 <-- 0.366056 s
currentSize : 19 <-- 5.270581 s
currentSize : 20 <-- 8.112300 s
currentSize : 21 <-- 26.392859 s
currentSize : 22 <-- 30.154469 s
currentSize : 23 <-- 39.100769 s
currentSize : 27 <-- 54.033184 s
currentSize : 28 <-- 55.041302 s
currentSize : 31 <-- 55.099358 s

maxsize : 31
nodes : 5302298.000000
filtered : 150534240.000000
CCGP filtered : 3463190.000000
CCGT filtered : 2653128.000000
time : 55.135567
