Parameters: GAD=1 vflib=1 dir=0 label=0 lowerbound=1 fileNameGp=../graphsdb/mcs90/m2D/m2Dr4/mcs90_m2Dr4_s30.A19 fileNameGt=../graphsdb/mcs90/m2D/m2Dr4/mcs90_m2Dr4_s30.B19
Reading graphs...
30 :  60
30 :  60
Initializing...
maxdom : 30
D->valSize : 900
Solving...
currentSize : 15 <-- 0.010790 s
currentSize : 16 <-- 0.011181 s
currentSize : 17 <-- 0.014774 s
currentSize : 18 <-- 0.015856 s
currentSize : 19 <-- 0.665687 s
currentSize : 20 <-- 4.062995 s
currentSize : 21 <-- 13.178621 s
currentSize : 22 <-- 13.181355 s
currentSize : 25 <-- 13.229743 s

maxsize : 25
nodes : 1737319.000000
filtered : 32323378.000000
CCGP filtered : 3240735.000000
CCGT filtered : 2080314.000000
time : 13.596820
