Parameters: GAD=1 vflib=1 dir=0 label=0 lowerbound=1 fileNameGp=../graphsdb/mcs90/m3D/m3Dr6/mcs90_m3Dr6_s30.A39 fileNameGt=../graphsdb/mcs90/m3D/m3Dr6/mcs90_m3Dr6_s30.B39
Reading graphs...
30 :  77
30 :  76
Initializing...
maxdom : 30
D->valSize : 900
Solving...
currentSize : 14 <-- 0.010399 s
currentSize : 15 <-- 0.012974 s
currentSize : 16 <-- 0.306206 s
currentSize : 17 <-- 0.445128 s
currentSize : 18 <-- 1.662259 s
currentSize : 19 <-- 3.186152 s
currentSize : 20 <-- 3.598537 s
currentSize : 21 <-- 4.007600 s
currentSize : 23 <-- 6.140271 s
currentSize : 27 <-- 6.412981 s

maxsize : 27
nodes : 786821.000000
filtered : 15496938.000000
CCGP filtered : 607591.000000
CCGT filtered : 397926.000000
time : 6.468366
