Parameters: GAD=1 vflib=1 dir=0 label=0 lowerbound=1 fileNameGp=../graphsdb/mcs90/rand/r005/mcs90_r005_s35.A09 fileNameGt=../graphsdb/mcs90/rand/r005/mcs90_r005_s35.B09
Reading graphs...
35 :  58
35 :  57
Initializing...
maxdom : 35
D->valSize : 1225
Solving...
currentSize : 14 <-- 0.036673 s
currentSize : 15 <-- 0.036870 s
currentSize : 17 <-- 0.036930 s
currentSize : 18 <-- 0.037148 s
currentSize : 19 <-- 0.041010 s
currentSize : 20 <-- 0.041158 s
currentSize : 21 <-- 0.055997 s
currentSize : 22 <-- 0.063414 s
currentSize : 23 <-- 0.101618 s
currentSize : 24 <-- 0.115708 s
currentSize : 25 <-- 1.475903 s
currentSize : 26 <-- 1.476233 s
currentSize : 29 <-- 1.477680 s
currentSize : 31 <-- 1.477977 s

maxsize : 31
nodes : 157389.000000
filtered : 4428586.000000
CCGP filtered : 1908388.000000
CCGT filtered : 929758.000000
time : 1.603892
