Parameters: GAD=1 vflib=1 dir=0 label=0 lowerbound=1 fileNameGp=../graphsdb/mcs90/m2D/m2Dr4/mcs90_m2Dr4_s30.A69 fileNameGt=../graphsdb/mcs90/m2D/m2Dr4/mcs90_m2Dr4_s30.B69
Reading graphs...
30 :  60
30 :  59
Initializing...
maxdom : 30
D->valSize : 900
Solving...
currentSize : 11 <-- 0.018844 s
currentSize : 12 <-- 0.018901 s
currentSize : 13 <-- 0.018946 s
currentSize : 14 <-- 0.019279 s
currentSize : 15 <-- 0.019403 s
currentSize : 16 <-- 0.022209 s
currentSize : 17 <-- 0.034016 s
currentSize : 18 <-- 0.035409 s
currentSize : 19 <-- 0.067943 s
currentSize : 20 <-- 0.774242 s
currentSize : 21 <-- 4.550284 s
currentSize : 23 <-- 4.632882 s
currentSize : 24 <-- 4.632965 s
currentSize : 25 <-- 4.633276 s

maxsize : 25
nodes : 576110.000000
filtered : 13047122.000000
CCGP filtered : 2446633.000000
CCGT filtered : 1610758.000000
time : 5.090765
