Parameters: GAD=1 vflib=1 dir=0 label=0 lowerbound=1 fileNameGp=../graphsdb/mcs90/rand/r01/mcs90_r01_s35.A39 fileNameGt=../graphsdb/mcs90/rand/r01/mcs90_r01_s35.B39
Reading graphs...
35 :  115
35 :  114
Initializing...
maxdom : 35
D->valSize : 1225
Solving...
currentSize : 12 <-- 0.019316 s
currentSize : 13 <-- 0.019358 s
currentSize : 14 <-- 0.019426 s
currentSize : 15 <-- 0.023418 s
currentSize : 16 <-- 0.028341 s
currentSize : 17 <-- 0.063891 s
currentSize : 18 <-- 0.428476 s
currentSize : 19 <-- 1.319607 s
currentSize : 20 <-- 4.011117 s
currentSize : 21 <-- 46.883419 s
currentSize : 22 <-- 46.900940 s
currentSize : 23 <-- 51.907875 s
currentSize : 24 <-- 52.871166 s
currentSize : 27 <-- 53.208832 s
currentSize : 31 <-- 53.212959 s

maxsize : 31
nodes : 4957137.000000
filtered : 127680776.000000
CCGP filtered : 3312888.000000
CCGT filtered : 5224534.000000
time : 53.346245
