Parameters: GAD=1 vflib=1 dir=0 label=0 lowerbound=1 fileNameGp=../graphsdb/mcs90/m3D/m3Dr4/mcs90_m3Dr4_s30.A94 fileNameGt=../graphsdb/mcs90/m3D/m3Dr4/mcs90_m3Dr4_s30.B94
Reading graphs...
30 :  72
30 :  70
Initializing...
maxdom : 30
D->valSize : 900
Solving...
currentSize : 13 <-- 0.018455 s
currentSize : 14 <-- 0.018495 s
currentSize : 15 <-- 0.018576 s
currentSize : 16 <-- 0.019418 s
currentSize : 17 <-- 0.026540 s
currentSize : 18 <-- 0.058505 s
currentSize : 19 <-- 0.060139 s
currentSize : 20 <-- 0.067116 s
currentSize : 21 <-- 3.163642 s
currentSize : 22 <-- 3.789533 s
currentSize : 24 <-- 4.367228 s
currentSize : 27 <-- 4.372708 s

maxsize : 27
nodes : 527936.000000
filtered : 13256520.000000
CCGP filtered : 551198.000000
CCGT filtered : 336386.000000
time : 4.423414
