Parameters: GAD=1 vflib=1 dir=0 label=0 lowerbound=1 fileNameGp=../graphsdb/mcs90/rand/r005/mcs90_r005_s25.A25 fileNameGt=../graphsdb/mcs90/rand/r005/mcs90_r005_s25.B25
Reading graphs...
25 :  28
25 :  29
Initializing...
maxdom : 25
D->valSize : 625
Solving...
currentSize : 6 <-- 0.005412 s
currentSize : 10 <-- 0.005517 s
currentSize : 11 <-- 0.005536 s
currentSize : 12 <-- 0.007334 s
currentSize : 13 <-- 0.007847 s
currentSize : 14 <-- 0.011762 s
currentSize : 15 <-- 0.012094 s
currentSize : 16 <-- 0.012240 s
currentSize : 19 <-- 0.012419 s
currentSize : 20 <-- 0.012501 s
currentSize : 21 <-- 0.017038 s
currentSize : 22 <-- 0.017603 s

maxsize : 22
nodes : 2433.000000
filtered : 44902.000000
CCGP filtered : 56587.000000
CCGT filtered : 16685.000000
time : 0.021605
