Parameters: GAD=1 vflib=1 dir=0 label=0 lowerbound=1 fileNameGp=../graphsdb/mcs90/bvg/b03m/mcs90_b03m_s30.A47 fileNameGt=../graphsdb/mcs90/bvg/b03m/mcs90_b03m_s30.B47
Reading graphs...
30 :  45
30 :  45
Initializing...
maxdom : 30
D->valSize : 900
Solving...
currentSize : 13 <-- 0.011233 s
currentSize : 14 <-- 0.011291 s
currentSize : 15 <-- 0.011399 s
currentSize : 18 <-- 0.015454 s
currentSize : 19 <-- 0.015495 s
currentSize : 20 <-- 0.023463 s
currentSize : 21 <-- 0.070547 s
currentSize : 22 <-- 0.116081 s
currentSize : 23 <-- 0.388094 s
currentSize : 24 <-- 1.321818 s
currentSize : 25 <-- 1.594678 s
currentSize : 26 <-- 1.599188 s

maxsize : 26
nodes : 186039.000000
filtered : 4496903.000000
CCGP filtered : 4357622.000000
CCGT filtered : 2049154.000000
time : 1.681460
