Parameters: GAD=1 vflib=1 dir=0 label=0 lowerbound=1 fileNameGp=../graphsdb/mcs90/bvg/b06m/mcs90_b06m_s30.A12 fileNameGt=../graphsdb/mcs90/bvg/b06m/mcs90_b06m_s30.B12
Reading graphs...
30 :  87
30 :  87
Initializing...
maxdom : 30
D->valSize : 900
Solving...
currentSize : 15 <-- 0.010215 s
currentSize : 16 <-- 0.010547 s
currentSize : 17 <-- 0.015239 s
currentSize : 18 <-- 5.735262 s
currentSize : 19 <-- 6.771924 s
currentSize : 20 <-- 8.125209 s
currentSize : 21 <-- 8.125404 s
currentSize : 22 <-- 8.182855 s
currentSize : 23 <-- 8.198308 s
currentSize : 24 <-- 8.465872 s
currentSize : 27 <-- 8.592254 s

maxsize : 27
nodes : 1004668.000000
filtered : 22530715.000000
CCGP filtered : 2786060.000000
CCGT filtered : 1212828.000000
time : 8.604285
