Parameters: GAD=1 vflib=1 dir=0 label=0 lowerbound=1 fileNameGp=../graphsdb/mcs90/bvg/b09m/mcs90_b09m_s30.A75 fileNameGt=../graphsdb/mcs90/bvg/b09m/mcs90_b09m_s30.B75
Reading graphs...
30 :  130
30 :  131
Initializing...
maxdom : 30
D->valSize : 900
Solving...
currentSize : 9 <-- 0.015997 s
currentSize : 10 <-- 0.016367 s
currentSize : 11 <-- 0.016464 s
currentSize : 12 <-- 0.019708 s
currentSize : 13 <-- 0.029241 s
currentSize : 14 <-- 0.274646 s
currentSize : 15 <-- 0.597344 s
currentSize : 16 <-- 0.690319 s
currentSize : 26 <-- 1.564553 s

maxsize : 26
nodes : 174670.000000
filtered : 3076259.000000
CCGP filtered : 28277.000000
CCGT filtered : 8603.000000
time : 1.668315
