Parameters: GAD=1 vflib=1 dir=0 label=0 lowerbound=1 fileNameGp=../graphsdb/mcs90/bvg/b09/mcs90_b09_s35.A89 fileNameGt=../graphsdb/mcs90/bvg/b09/mcs90_b09_s35.B89
Reading graphs...
35 :  157
35 :  157
Initializing...
maxdom : 35
D->valSize : 1225
Solving...
currentSize : 14 <-- 0.024518 s
currentSize : 15 <-- 0.035149 s
currentSize : 16 <-- 0.123716 s
currentSize : 19 <-- 0.203442 s
currentSize : 20 <-- 0.203634 s
currentSize : 22 <-- 0.204276 s
currentSize : 24 <-- 0.210379 s
currentSize : 26 <-- 0.277490 s
currentSize : 30 <-- 0.284811 s

maxsize : 30
nodes : 103729.000000
filtered : 5678799.000000
CCGP filtered : 8084.000000
CCGT filtered : 8785.000000
time : 1.295298
