Parameters: GAD=1 vflib=1 dir=0 label=0 lowerbound=1 fileNameGp=../graphsdb/mcs90/rand/r01/mcs90_r01_s30.A85 fileNameGt=../graphsdb/mcs90/rand/r01/mcs90_r01_s30.B85
Reading graphs...
30 :  84
30 :  84
Initializing...
maxdom : 30
D->valSize : 900
Solving...
currentSize : 12 <-- 0.010337 s
currentSize : 14 <-- 0.010421 s
currentSize : 15 <-- 0.019166 s
currentSize : 16 <-- 0.033206 s
currentSize : 17 <-- 0.457295 s
currentSize : 18 <-- 2.671112 s
currentSize : 19 <-- 20.441425 s
currentSize : 20 <-- 20.516495 s
currentSize : 27 <-- 20.592081 s

maxsize : 27
nodes : 2371902.000000
filtered : 47312053.000000
CCGP filtered : 2298495.000000
CCGT filtered : 2058910.000000
time : 20.620367
