Parameters: GAD=1 vflib=1 dir=0 label=0 lowerbound=1 fileNameGp=../graphsdb/mcs90/rand/r02/mcs90_r02_s35.A33 fileNameGt=../graphsdb/mcs90/rand/r02/mcs90_r02_s35.B33
Reading graphs...
35 :  213
35 :  214
Initializing...
maxdom : 35
D->valSize : 1225
Solving...
currentSize : 11 <-- 0.021629 s
currentSize : 12 <-- 0.021803 s
currentSize : 13 <-- 0.029709 s
currentSize : 14 <-- 0.269514 s
currentSize : 15 <-- 1.447324 s
currentSize : 17 <-- 1.449542 s
currentSize : 18 <-- 1.458744 s
currentSize : 19 <-- 144.894684 s
currentSize : 21 <-- 264.623749 s
currentSize : 22 <-- 265.714600 s
currentSize : 23 <-- 273.633301 s
currentSize : 31 <-- 283.585480 s

maxsize : 31
nodes : 22532488.000000
filtered : 451479422.000000
CCGP filtered : 176590.000000
CCGT filtered : 629577.000000
time : 283.601044
