Parameters: GAD=1 vflib=1 dir=0 label=0 lowerbound=1 fileNameGp=../graphsdb/mcs90/rand/r005/mcs90_r005_s35.A99 fileNameGt=../graphsdb/mcs90/rand/r005/mcs90_r005_s35.B99
Reading graphs...
35 :  55
35 :  56
Initializing...
maxdom : 35
D->valSize : 1225
Solving...
currentSize : 12 <-- 0.036790 s
currentSize : 17 <-- 0.036923 s
currentSize : 18 <-- 0.037290 s
currentSize : 19 <-- 0.039548 s
currentSize : 20 <-- 0.054685 s
currentSize : 21 <-- 0.063461 s
currentSize : 22 <-- 0.077512 s
currentSize : 23 <-- 0.134247 s
currentSize : 24 <-- 0.178233 s
currentSize : 25 <-- 0.178427 s
currentSize : 26 <-- 0.250183 s
currentSize : 27 <-- 0.297518 s
currentSize : 28 <-- 0.300930 s
currentSize : 29 <-- 0.301886 s
currentSize : 30 <-- 0.315059 s
currentSize : 31 <-- 0.316870 s

maxsize : 31
nodes : 32335.000000
filtered : 1045840.000000
CCGP filtered : 481855.000000
CCGT filtered : 142048.000000
time : 0.399219
