Parameters: GAD=1 vflib=1 dir=0 label=0 lowerbound=1 fileNameGp=../graphsdb/mcs90/m3D/m3Dr4/mcs90_m3Dr4_s30.A47 fileNameGt=../graphsdb/mcs90/m3D/m3Dr4/mcs90_m3Dr4_s30.B47
Reading graphs...
30 :  73
30 :  73
Initializing...
maxdom : 30
D->valSize : 900
Solving...
currentSize : 14 <-- 0.011166 s
currentSize : 15 <-- 0.011252 s
currentSize : 16 <-- 0.011563 s
currentSize : 17 <-- 0.023247 s
currentSize : 18 <-- 0.048883 s
currentSize : 19 <-- 2.473989 s
currentSize : 20 <-- 20.051039 s
currentSize : 21 <-- 42.325596 s
currentSize : 22 <-- 47.281136 s
currentSize : 23 <-- 47.858875 s
currentSize : 27 <-- 48.687798 s

maxsize : 27
nodes : 5980229.000000
filtered : 134701650.000000
CCGP filtered : 5102805.000000
CCGT filtered : 2234911.000000
time : 48.708557
