Parameters: GAD=1 vflib=1 dir=0 label=0 lowerbound=1 fileNameGp=../graphsdb/mcs90/rand/r005/mcs90_r005_s35.A96 fileNameGt=../graphsdb/mcs90/rand/r005/mcs90_r005_s35.B96
Reading graphs...
35 :  57
35 :  56
Initializing...
maxdom : 35
D->valSize : 1225
Solving...
currentSize : 18 <-- 0.036688 s
currentSize : 19 <-- 0.036756 s
currentSize : 20 <-- 0.049061 s
currentSize : 21 <-- 0.049874 s
currentSize : 22 <-- 0.286437 s
currentSize : 23 <-- 2.630916 s
currentSize : 24 <-- 5.741533 s
currentSize : 25 <-- 12.194647 s
currentSize : 28 <-- 12.220535 s
currentSize : 31 <-- 12.345988 s

maxsize : 31
nodes : 1256296.000000
filtered : 29055285.000000
CCGP filtered : 18516919.000000
CCGT filtered : 10481112.000000
time : 12.483324
