Parameters: GAD=1 vflib=1 dir=0 label=0 lowerbound=1 fileNameGp=../graphsdb/mcs90/bvg/b06m/mcs90_b06m_s30.A03 fileNameGt=../graphsdb/mcs90/bvg/b06m/mcs90_b06m_s30.B03
Reading graphs...
30 :  90
30 :  90
Initializing...
maxdom : 30
D->valSize : 900
Solving...
currentSize : 13 <-- 0.017921 s
currentSize : 14 <-- 0.018126 s
currentSize : 15 <-- 0.019351 s
currentSize : 16 <-- 0.040241 s
currentSize : 17 <-- 0.468666 s
currentSize : 18 <-- 0.469568 s
currentSize : 19 <-- 0.476833 s
currentSize : 20 <-- 0.477162 s
currentSize : 23 <-- 0.503724 s
currentSize : 25 <-- 0.509763 s
currentSize : 27 <-- 0.509884 s

maxsize : 27
nodes : 41163.000000
filtered : 793768.000000
CCGP filtered : 55646.000000
CCGT filtered : 56015.000000
time : 0.536583
