Parameters: GAD=1 vflib=1 dir=0 label=0 lowerbound=1 fileNameGp=../graphsdb/mcs90/rand/r01/mcs90_r01_s35.A58 fileNameGt=../graphsdb/mcs90/rand/r01/mcs90_r01_s35.B58
Reading graphs...
35 :  113
35 :  114
Initializing...
maxdom : 35
D->valSize : 1225
Solving...
currentSize : 14 <-- 0.019131 s
currentSize : 15 <-- 0.019207 s
currentSize : 16 <-- 0.020225 s
currentSize : 17 <-- 0.021503 s
currentSize : 19 <-- 0.091770 s
currentSize : 20 <-- 0.092124 s
currentSize : 21 <-- 0.100278 s
currentSize : 22 <-- 38.668308 s
currentSize : 23 <-- 39.007072 s
currentSize : 25 <-- 39.007301 s
currentSize : 27 <-- 39.007446 s
currentSize : 31 <-- 39.007751 s

maxsize : 31
nodes : 3677131.000000
filtered : 97938467.000000
CCGP filtered : 949094.000000
CCGT filtered : 1590947.000000
time : 39.163597
