Parameters: GAD=1 vflib=1 dir=0 label=0 lowerbound=1 fileNameGp=../graphsdb/mcs90/m3D/m3Dr6/mcs90_m3Dr6_s30.A10 fileNameGt=../graphsdb/mcs90/m3D/m3Dr6/mcs90_m3Dr6_s30.B10
Reading graphs...
30 :  75
30 :  73
Initializing...
maxdom : 30
D->valSize : 900
Solving...
currentSize : 15 <-- 0.018175 s
currentSize : 16 <-- 0.018338 s
currentSize : 17 <-- 0.018392 s
currentSize : 18 <-- 0.022387 s
currentSize : 19 <-- 0.064688 s
currentSize : 20 <-- 0.403527 s
currentSize : 21 <-- 0.430730 s
currentSize : 22 <-- 1.499163 s
currentSize : 23 <-- 1.503650 s
currentSize : 27 <-- 1.513006 s

maxsize : 27
nodes : 173882.000000
filtered : 4237737.000000
CCGP filtered : 127959.000000
CCGT filtered : 73389.000000
time : 1.552752
