Parameters: GAD=1 vflib=1 dir=0 label=0 lowerbound=1 fileNameGp=../graphsdb/mcs90/rand/r01/mcs90_r01_s30.A36 fileNameGt=../graphsdb/mcs90/rand/r01/mcs90_r01_s30.B36
Reading graphs...
30 :  84
30 :  85
Initializing...
maxdom : 30
D->valSize : 900
Solving...
currentSize : 12 <-- 0.010385 s
currentSize : 13 <-- 0.010560 s
currentSize : 14 <-- 0.011352 s
currentSize : 15 <-- 0.015248 s
currentSize : 16 <-- 0.017344 s
currentSize : 17 <-- 0.023153 s
currentSize : 18 <-- 0.093106 s
currentSize : 19 <-- 0.093708 s
currentSize : 21 <-- 0.112138 s
currentSize : 22 <-- 0.469319 s
currentSize : 27 <-- 1.490418 s

maxsize : 27
nodes : 148474.000000
filtered : 5683224.000000
CCGP filtered : 66907.000000
CCGT filtered : 48830.000000
time : 1.508216
