Parameters: GAD=1 vflib=1 dir=0 label=0 lowerbound=1 fileNameGp=../graphsdb/mcs90/rand/r01/mcs90_r01_s35.A50 fileNameGt=../graphsdb/mcs90/rand/r01/mcs90_r01_s35.B50
Reading graphs...
35 :  115
35 :  116
Initializing...
maxdom : 35
D->valSize : 1225
Solving...
currentSize : 13 <-- 0.019166 s
currentSize : 14 <-- 0.019331 s
currentSize : 15 <-- 0.019517 s
currentSize : 16 <-- 0.020564 s
currentSize : 17 <-- 0.035082 s
currentSize : 18 <-- 0.793986 s
currentSize : 19 <-- 2.951374 s
currentSize : 20 <-- 4.684894 s
currentSize : 21 <-- 4.750635 s
currentSize : 23 <-- 6.131562 s
currentSize : 26 <-- 26.326235 s
currentSize : 31 <-- 40.354637 s

maxsize : 31
nodes : 3524063.000000
filtered : 137080885.000000
CCGP filtered : 1132046.000000
CCGT filtered : 571184.000000
time : 40.428291
