Parameters: GAD=1 vflib=1 dir=0 label=0 lowerbound=1 fileNameGp=../graphsdb/mcs90/bvg/b09/mcs90_b09_s30.A56 fileNameGt=../graphsdb/mcs90/bvg/b09/mcs90_b09_s30.B56
Reading graphs...
30 :  134
30 :  133
Initializing...
maxdom : 30
D->valSize : 900
Solving...
currentSize : 11 <-- 0.009581 s
currentSize : 12 <-- 0.009750 s
currentSize : 13 <-- 0.011457 s
currentSize : 14 <-- 0.012733 s
currentSize : 15 <-- 0.092561 s
currentSize : 16 <-- 0.143648 s
currentSize : 17 <-- 0.143746 s
currentSize : 20 <-- 0.143866 s
currentSize : 22 <-- 0.144597 s
currentSize : 26 <-- 0.158742 s

maxsize : 26
nodes : 35832.000000
filtered : 1406230.000000
CCGP filtered : 1140.000000
CCGT filtered : 2174.000000
time : 0.366258
