Parameters: GAD=1 vflib=1 dir=0 label=0 lowerbound=1 fileNameGp=../graphsdb/mcs90/m3D/m3Dr4/mcs90_m3Dr4_s30.A56 fileNameGt=../graphsdb/mcs90/m3D/m3Dr4/mcs90_m3Dr4_s30.B56
Reading graphs...
30 :  72
30 :  70
Initializing...
maxdom : 30
D->valSize : 900
Solving...
currentSize : 16 <-- 0.018850 s
currentSize : 17 <-- 0.019142 s
currentSize : 18 <-- 0.019293 s
currentSize : 19 <-- 0.021129 s
currentSize : 20 <-- 0.031398 s
currentSize : 21 <-- 0.039059 s
currentSize : 22 <-- 1.136366 s
currentSize : 23 <-- 2.168074 s
currentSize : 27 <-- 2.184192 s

maxsize : 27
nodes : 265260.000000
filtered : 6537288.000000
CCGP filtered : 125994.000000
CCGT filtered : 83542.000000
time : 2.208312
