Parameters: GAD=1 vflib=1 dir=0 label=0 lowerbound=1 fileNameGp=../graphsdb/mcs90/bvg/b09m/mcs90_b09m_s30.A20 fileNameGt=../graphsdb/mcs90/bvg/b09m/mcs90_b09m_s30.B20
Reading graphs...
30 :  128
30 :  130
Initializing...
maxdom : 30
D->valSize : 900
Solving...
currentSize : 11 <-- 0.016711 s
currentSize : 12 <-- 0.016926 s
currentSize : 13 <-- 0.063663 s
currentSize : 14 <-- 0.277408 s
currentSize : 15 <-- 5.449256 s
currentSize : 16 <-- 15.022468 s
currentSize : 17 <-- 23.218864 s
currentSize : 18 <-- 34.115177 s
currentSize : 20 <-- 36.293709 s
currentSize : 21 <-- 36.307289 s
currentSize : 26 <-- 36.565708 s

maxsize : 26
nodes : 3976023.000000
filtered : 69861667.000000
CCGP filtered : 1158604.000000
CCGT filtered : 1015428.000000
time : 36.637550
