Parameters: GAD=1 vflib=1 dir=0 label=0 lowerbound=1 fileNameGp=../graphsdb/mcs90/bvg/b09m/mcs90_b09m_s35.A92 fileNameGt=../graphsdb/mcs90/bvg/b09m/mcs90_b09m_s35.B92
Reading graphs...
35 :  152
35 :  152
Initializing...
maxdom : 35
D->valSize : 1225
Solving...
currentSize : 13 <-- 0.018439 s
currentSize : 14 <-- 0.030176 s
currentSize : 15 <-- 0.038234 s
currentSize : 16 <-- 0.150919 s
currentSize : 17 <-- 0.151182 s
currentSize : 18 <-- 9.430773 s
currentSize : 21 <-- 79.517120 s
currentSize : 24 <-- 79.548203 s
currentSize : 30 <-- 79.642494 s

maxsize : 30
nodes : 7535960.000000
filtered : 175928078.000000
CCGP filtered : 3724895.000000
CCGT filtered : 3457124.000000
time : 79.923218
