Parameters: GAD=1 vflib=1 dir=0 label=0 lowerbound=1 fileNameGp=../graphsdb/mcs90/rand/r02/mcs90_r02_s30.A84 fileNameGt=../graphsdb/mcs90/rand/r02/mcs90_r02_s30.B84
Reading graphs...
30 :  150
30 :  152
Initializing...
maxdom : 30
D->valSize : 900
Solving...
currentSize : 9 <-- 0.009450 s
currentSize : 11 <-- 0.009529 s
currentSize : 12 <-- 0.017734 s
currentSize : 13 <-- 0.073083 s
currentSize : 14 <-- 0.401263 s
currentSize : 15 <-- 18.589651 s
currentSize : 16 <-- 24.496346 s
currentSize : 17 <-- 26.818287 s
currentSize : 18 <-- 26.818745 s
currentSize : 19 <-- 30.511604 s
currentSize : 20 <-- 34.030693 s
currentSize : 27 <-- 34.082195 s

maxsize : 27
nodes : 3539445.000000
filtered : 52666958.000000
CCGP filtered : 364140.000000
CCGT filtered : 349230.000000
time : 34.097046
