Parameters: GAD=1 vflib=1 dir=0 label=0 lowerbound=1 fileNameGp=../graphsdb/mcs90/m3D/m3D/mcs90_m3D_s30.A13 fileNameGt=../graphsdb/mcs90/m3D/m3D/mcs90_m3D_s30.B13
Reading graphs...
30 :  61
30 :  61
Initializing...
maxdom : 30
D->valSize : 900
Solving...
currentSize : 17 <-- 0.018896 s
currentSize : 18 <-- 0.019077 s
currentSize : 20 <-- 0.022117 s
currentSize : 21 <-- 0.029020 s
currentSize : 22 <-- 0.078238 s
currentSize : 23 <-- 0.175912 s
currentSize : 24 <-- 0.304778 s
currentSize : 25 <-- 0.867134 s
currentSize : 26 <-- 0.873588 s
currentSize : 28 <-- 0.876757 s

maxsize : 28
nodes : 102926.000000
filtered : 2966153.000000
CCGP filtered : 107252.000000
CCGT filtered : 10872.000000
time : 0.888858
