Parameters: GAD=1 vflib=1 dir=0 label=0 lowerbound=1 fileNameGp=../graphsdb/mcs90/bvg/b03m/mcs90_b03m_s30.A76 fileNameGt=../graphsdb/mcs90/bvg/b03m/mcs90_b03m_s30.B76
Reading graphs...
30 :  44
30 :  44
Initializing...
maxdom : 30
D->valSize : 900
Solving...
currentSize : 14 <-- 0.011144 s
currentSize : 16 <-- 0.011234 s
currentSize : 17 <-- 0.011477 s
currentSize : 18 <-- 0.011906 s
currentSize : 19 <-- 0.032792 s
currentSize : 20 <-- 0.044720 s
currentSize : 21 <-- 0.109357 s
currentSize : 22 <-- 0.114528 s
currentSize : 23 <-- 0.394289 s
currentSize : 24 <-- 0.436318 s
currentSize : 25 <-- 0.440288 s
currentSize : 26 <-- 0.446568 s
currentSize : 27 <-- 0.446740 s

maxsize : 27
nodes : 56558.000000
filtered : 1177150.000000
CCGP filtered : 916276.000000
CCGT filtered : 498479.000000
time : 0.485365
