Parameters: GAD=1 vflib=1 dir=0 label=0 lowerbound=1 fileNameGp=../graphsdb/mcs90/rand/r01/mcs90_r01_s35.A03 fileNameGt=../graphsdb/mcs90/rand/r01/mcs90_r01_s35.B03
Reading graphs...
35 :  115
35 :  114
Initializing...
maxdom : 35
D->valSize : 1225
Solving...
currentSize : 15 <-- 0.019262 s
currentSize : 16 <-- 0.019832 s
currentSize : 17 <-- 0.612365 s
currentSize : 18 <-- 1.335058 s
currentSize : 20 <-- 19.390097 s
currentSize : 21 <-- 19.399977 s
currentSize : 23 <-- 52.626869 s
currentSize : 24 <-- 52.661263 s
currentSize : 25 <-- 52.736687 s
currentSize : 31 <-- 52.737198 s

maxsize : 31
nodes : 5311855.000000
filtered : 109733569.000000
CCGP filtered : 2379445.000000
CCGT filtered : 2095353.000000
time : 52.797501
