Parameters: GAD=1 vflib=1 dir=0 label=0 lowerbound=1 fileNameGp=../graphsdb/mcs90/rand/r02/mcs90_r02_s30.A82 fileNameGt=../graphsdb/mcs90/rand/r02/mcs90_r02_s30.B82
Reading graphs...
30 :  160
30 :  158
Initializing...
maxdom : 30
D->valSize : 900
Solving...
currentSize : 11 <-- 0.009456 s
currentSize : 12 <-- 0.010232 s
currentSize : 13 <-- 0.369611 s
currentSize : 14 <-- 12.525633 s
currentSize : 15 <-- 22.051310 s
currentSize : 16 <-- 45.267956 s
currentSize : 17 <-- 55.872627 s
currentSize : 18 <-- 55.977482 s
currentSize : 21 <-- 55.977673 s
currentSize : 27 <-- 55.980713 s

maxsize : 27
nodes : 5782155.000000
filtered : 70975284.000000
CCGP filtered : 73175.000000
CCGT filtered : 148792.000000
time : 55.997112
