Parameters: GAD=1 vflib=1 dir=0 label=0 lowerbound=1 fileNameGp=../graphsdb/mcs90/m3D/m3Dr6/mcs90_m3Dr6_s30.A91 fileNameGt=../graphsdb/mcs90/m3D/m3Dr6/mcs90_m3Dr6_s30.B91
Reading graphs...
30 :  77
30 :  76
Initializing...
maxdom : 30
D->valSize : 900
Solving...
currentSize : 15 <-- 0.010331 s
currentSize : 16 <-- 0.010422 s
currentSize : 17 <-- 0.010514 s
currentSize : 18 <-- 8.799138 s
currentSize : 19 <-- 16.207193 s
currentSize : 21 <-- 16.241779 s
currentSize : 23 <-- 16.241840 s
currentSize : 25 <-- 16.325926 s
currentSize : 27 <-- 16.326096 s

maxsize : 27
nodes : 2043316.000000
filtered : 34234474.000000
CCGP filtered : 2761301.000000
CCGT filtered : 2901085.000000
time : 16.343349
