Parameters: GAD=1 vflib=1 dir=0 label=0 lowerbound=1 fileNameGp=../graphsdb/mcs90/rand/r02/mcs90_r02_s35.A43 fileNameGt=../graphsdb/mcs90/rand/r02/mcs90_r02_s35.B43
Reading graphs...
35 :  215
35 :  213
Initializing...
maxdom : 35
D->valSize : 1225
Solving...
currentSize : 10 <-- 0.021999 s
currentSize : 11 <-- 0.022077 s
currentSize : 12 <-- 0.022393 s
currentSize : 13 <-- 0.028969 s
currentSize : 14 <-- 0.244057 s
currentSize : 15 <-- 3.030416 s
currentSize : 16 <-- 158.343307 s
currentSize : 17 <-- 182.404861 s
currentSize : 21 <-- 188.948822 s
currentSize : 31 <-- 223.242752 s

maxsize : 31
nodes : 19495274.000000
filtered : 275678988.000000
CCGP filtered : 421174.000000
CCGT filtered : 732501.000000
time : 223.311111
