Parameters: GAD=1 vflib=1 dir=0 label=0 lowerbound=1 fileNameGp=../graphsdb/mcs90/bvg/b03/mcs90_b03_s35.A63 fileNameGt=../graphsdb/mcs90/bvg/b03/mcs90_b03_s35.B63
Reading graphs...
35 :  52
35 :  52
Initializing...
maxdom : 35
D->valSize : 1225
Solving...
currentSize : 23 <-- 0.036780 s
currentSize : 24 <-- 0.037852 s
currentSize : 25 <-- 0.039873 s
currentSize : 26 <-- 0.041017 s
currentSize : 27 <-- 0.087788 s
currentSize : 28 <-- 0.097900 s
currentSize : 30 <-- 0.219439 s
currentSize : 31 <-- 0.258083 s
currentSize : 32 <-- 0.365963 s

maxsize : 32
nodes : 43185.000000
filtered : 1337291.000000
CCGP filtered : 602756.000000
CCGT filtered : 152494.000000
time : 0.461970
