Parameters: GAD=1 vflib=1 dir=0 label=0 lowerbound=1 fileNameGp=../graphsdb/mcs90/bvg/b06m/mcs90_b06m_s35.A20 fileNameGt=../graphsdb/mcs90/bvg/b06m/mcs90_b06m_s35.B20
Reading graphs...
35 :  104
35 :  103
Initializing...
maxdom : 35
D->valSize : 1225
Solving...
currentSize : 14 <-- 0.019695 s
currentSize : 15 <-- 0.019782 s
currentSize : 16 <-- 0.019864 s
currentSize : 17 <-- 0.022768 s
currentSize : 18 <-- 0.041852 s
currentSize : 19 <-- 0.308019 s
currentSize : 20 <-- 0.973438 s
currentSize : 21 <-- 30.710564 s
currentSize : 22 <-- 156.737213 s
currentSize : 24 <-- 209.024307 s
currentSize : 31 <-- 209.103470 s

maxsize : 31
nodes : 20105426.000000
filtered : 572592798.000000
CCGP filtered : 53355896.000000
CCGT filtered : 46624559.000000
time : 209.217789
