Parameters: GAD=1 vflib=1 dir=0 label=0 lowerbound=1 fileNameGp=../graphsdb/mcs90/bvg/b06m/mcs90_b06m_s35.A76 fileNameGt=../graphsdb/mcs90/bvg/b06m/mcs90_b06m_s35.B76
Reading graphs...
35 :  102
35 :  102
Initializing...
maxdom : 35
D->valSize : 1225
Solving...
currentSize : 15 <-- 0.019441 s
currentSize : 16 <-- 0.019646 s
currentSize : 17 <-- 0.023253 s
currentSize : 18 <-- 0.044059 s
currentSize : 19 <-- 0.132793 s
currentSize : 22 <-- 1.015711 s
currentSize : 23 <-- 1.539580 s
currentSize : 24 <-- 1.630690 s
currentSize : 25 <-- 1.993591 s
currentSize : 27 <-- 1.997941 s
currentSize : 31 <-- 2.017947 s

maxsize : 31
nodes : 191932.000000
filtered : 4867955.000000
CCGP filtered : 284647.000000
CCGT filtered : 171951.000000
time : 2.151494
