Parameters: GAD=1 vflib=1 dir=0 label=0 lowerbound=1 fileNameGp=../graphsdb/mcs90/m3D/m3Dr4/mcs90_m3Dr4_s30.A55 fileNameGt=../graphsdb/mcs90/m3D/m3Dr4/mcs90_m3Dr4_s30.B55
Reading graphs...
30 :  73
30 :  72
Initializing...
maxdom : 30
D->valSize : 900
Solving...
currentSize : 14 <-- 0.010397 s
currentSize : 16 <-- 0.010457 s
currentSize : 17 <-- 0.013164 s
currentSize : 18 <-- 0.013729 s
currentSize : 19 <-- 0.444349 s
currentSize : 20 <-- 4.965032 s
currentSize : 21 <-- 7.985584 s
currentSize : 23 <-- 9.002847 s
currentSize : 24 <-- 9.002955 s
currentSize : 27 <-- 9.028108 s

maxsize : 27
nodes : 1066482.000000
filtered : 25085095.000000
CCGP filtered : 1592537.000000
CCGT filtered : 1044775.000000
time : 9.047911
