Parameters: GAD=1 vflib=1 dir=0 label=0 lowerbound=1 fileNameGp=../graphsdb/mcs90/rand/r01/mcs90_r01_s30.A98 fileNameGt=../graphsdb/mcs90/rand/r01/mcs90_r01_s30.B98
Reading graphs...
30 :  80
30 :  83
Initializing...
maxdom : 30
D->valSize : 900
Solving...
currentSize : 10 <-- 0.018021 s
currentSize : 11 <-- 0.018809 s
currentSize : 12 <-- 0.019757 s
currentSize : 13 <-- 0.019998 s
currentSize : 14 <-- 0.034024 s
currentSize : 15 <-- 0.046443 s
currentSize : 16 <-- 0.050924 s
currentSize : 17 <-- 0.083905 s
currentSize : 18 <-- 1.539647 s
currentSize : 19 <-- 5.638943 s
currentSize : 20 <-- 6.181295 s
currentSize : 21 <-- 6.405717 s
currentSize : 22 <-- 7.190404 s
currentSize : 27 <-- 7.190989 s

maxsize : 27
nodes : 824667.000000
filtered : 15385216.000000
CCGP filtered : 1121191.000000
CCGT filtered : 1326599.000000
time : 7.205815
