Parameters: GAD=1 vflib=1 dir=0 label=0 lowerbound=1 fileNameGp=../graphsdb/mcs90/bvg/b09/mcs90_b09_s25.A53 fileNameGt=../graphsdb/mcs90/bvg/b09/mcs90_b09_s25.B53
Reading graphs...
25 :  112
25 :  111
Initializing...
maxdom : 25
D->valSize : 625
Solving...
currentSize : 10 <-- 0.004518 s
currentSize : 11 <-- 0.004769 s
currentSize : 12 <-- 0.004967 s
currentSize : 13 <-- 0.007885 s
currentSize : 14 <-- 0.010998 s
currentSize : 15 <-- 0.011394 s
currentSize : 16 <-- 0.012153 s
currentSize : 18 <-- 0.020241 s
currentSize : 22 <-- 0.027905 s

maxsize : 22
nodes : 7809.000000
filtered : 340462.000000
CCGP filtered : 2.000000
CCGT filtered : 65.000000
time : 0.074310
