Parameters: GAD=1 vflib=1 dir=0 label=0 lowerbound=1 fileNameGp=../graphsdb/mcs90/bvg/b06/mcs90_b06_s30.A27 fileNameGt=../graphsdb/mcs90/bvg/b06/mcs90_b06_s30.B27
Reading graphs...
30 :  90
30 :  90
Initializing...
maxdom : 30
D->valSize : 900
Solving...
currentSize : 8 <-- 0.010025 s
currentSize : 13 <-- 0.010066 s
currentSize : 14 <-- 0.010224 s
currentSize : 15 <-- 0.010516 s
currentSize : 16 <-- 0.010666 s
currentSize : 17 <-- 0.012004 s
currentSize : 18 <-- 0.013734 s
currentSize : 19 <-- 0.018245 s
currentSize : 20 <-- 0.031565 s
currentSize : 21 <-- 0.031747 s
currentSize : 22 <-- 0.031961 s
currentSize : 23 <-- 0.032308 s
currentSize : 25 <-- 0.037178 s
currentSize : 27 <-- 0.037683 s

maxsize : 27
nodes : 10495.000000
filtered : 348214.000000
CCGP filtered : 1381.000000
CCGT filtered : 2393.000000
time : 0.102333
