Parameters: GAD=1 vflib=1 dir=0 label=0 lowerbound=1 fileNameGp=../graphsdb/mcs90/rand/r005/mcs90_r005_s30.A15 fileNameGt=../graphsdb/mcs90/rand/r005/mcs90_r005_s30.B15
Reading graphs...
30 :  42
30 :  41
Initializing...
maxdom : 30
D->valSize : 900
Solving...
currentSize : 12 <-- 0.011360 s
currentSize : 14 <-- 0.011418 s
currentSize : 15 <-- 0.011485 s
currentSize : 16 <-- 0.011664 s
currentSize : 17 <-- 0.014312 s
currentSize : 18 <-- 0.017533 s
currentSize : 19 <-- 0.057051 s
currentSize : 20 <-- 0.072972 s
currentSize : 22 <-- 0.158772 s
currentSize : 23 <-- 0.290124 s
currentSize : 24 <-- 0.814256 s
currentSize : 27 <-- 0.825902 s

maxsize : 27
nodes : 81171.000000
filtered : 2165732.000000
CCGP filtered : 1289985.000000
CCGT filtered : 738231.000000
time : 0.845852
