Parameters: GAD=1 vflib=1 dir=0 label=0 lowerbound=1 fileNameGp=../graphsdb/mcs90/m3D/m3Dr6/mcs90_m3Dr6_s30.A25 fileNameGt=../graphsdb/mcs90/m3D/m3Dr6/mcs90_m3Dr6_s30.B25
Reading graphs...
30 :  79
30 :  76
Initializing...
maxdom : 30
D->valSize : 900
Solving...
currentSize : 13 <-- 0.010496 s
currentSize : 14 <-- 0.010973 s
currentSize : 15 <-- 0.014179 s
currentSize : 16 <-- 0.016132 s
currentSize : 17 <-- 0.152739 s
currentSize : 18 <-- 0.591169 s
currentSize : 19 <-- 14.294211 s
currentSize : 20 <-- 15.563142 s
currentSize : 21 <-- 28.450949 s
currentSize : 23 <-- 32.967194 s
currentSize : 27 <-- 33.024670 s

maxsize : 27
nodes : 3968379.000000
filtered : 77064922.000000
CCGP filtered : 1289920.000000
CCGT filtered : 2450279.000000
time : 33.069138
