Parameters: GAD=1 vflib=1 dir=0 label=0 lowerbound=1 fileNameGp=../graphsdb/mcs90/bvg/b03m/mcs90_b03m_s30.A62 fileNameGt=../graphsdb/mcs90/bvg/b03m/mcs90_b03m_s30.B62
Reading graphs...
30 :  45
30 :  45
Initializing...
maxdom : 30
D->valSize : 900
Solving...
currentSize : 12 <-- 0.011183 s
currentSize : 16 <-- 0.011498 s
currentSize : 18 <-- 0.032764 s
currentSize : 19 <-- 0.038332 s
currentSize : 20 <-- 0.148249 s
currentSize : 21 <-- 0.241262 s
currentSize : 22 <-- 1.122690 s
currentSize : 23 <-- 1.321520 s
currentSize : 24 <-- 1.386571 s
currentSize : 25 <-- 1.432464 s
currentSize : 26 <-- 1.440787 s
currentSize : 27 <-- 1.440828 s

maxsize : 27
nodes : 164147.000000
filtered : 2949133.000000
CCGP filtered : 3710164.000000
CCGT filtered : 1604155.000000
time : 1.494101
