Parameters: GAD=1 vflib=1 dir=0 label=0 lowerbound=1 fileNameGp=../graphsdb/mcs90/m3D/m3Dr2/mcs90_m3Dr2_s30.A33 fileNameGt=../graphsdb/mcs90/m3D/m3Dr2/mcs90_m3Dr2_s30.B33
Reading graphs...
30 :  67
30 :  67
Initializing...
maxdom : 30
D->valSize : 900
Solving...
currentSize : 12 <-- 0.010727 s
currentSize : 13 <-- 0.011031 s
currentSize : 14 <-- 0.011341 s
currentSize : 15 <-- 0.011617 s
currentSize : 16 <-- 0.013751 s
currentSize : 17 <-- 0.014850 s
currentSize : 18 <-- 0.028178 s
currentSize : 19 <-- 0.056860 s
currentSize : 20 <-- 1.811989 s
currentSize : 21 <-- 3.391313 s
currentSize : 22 <-- 3.530001 s
currentSize : 23 <-- 5.132302 s
currentSize : 27 <-- 5.150821 s

maxsize : 27
nodes : 653298.000000
filtered : 13175816.000000
CCGP filtered : 647615.000000
CCGT filtered : 469588.000000
time : 5.201263
