Parameters: GAD=1 vflib=1 dir=0 label=0 lowerbound=1 fileNameGp=../graphsdb/mcs90/rand/r01/mcs90_r01_s35.A23 fileNameGt=../graphsdb/mcs90/rand/r01/mcs90_r01_s35.B23
Reading graphs...
35 :  110
35 :  109
Initializing...
maxdom : 35
D->valSize : 1225
Solving...
currentSize : 13 <-- 0.019737 s
currentSize : 14 <-- 0.020155 s
currentSize : 15 <-- 0.020994 s
currentSize : 16 <-- 0.025770 s
currentSize : 17 <-- 0.086205 s
currentSize : 18 <-- 0.238812 s
currentSize : 19 <-- 0.589956 s
currentSize : 20 <-- 39.011368 s
currentSize : 21 <-- 254.785233 s
currentSize : 23 <-- 254.787155 s
currentSize : 24 <-- 254.792618 s
currentSize : 31 <-- 258.788788 s

maxsize : 31
nodes : 24988010.000000
filtered : 547876602.000000
CCGP filtered : 22615125.000000
CCGT filtered : 31329264.000000
time : 258.911194
