Parameters: GAD=1 vflib=1 dir=0 label=0 lowerbound=1 fileNameGp=../graphsdb/mcs90/m2D/m2Dr4/mcs90_m2Dr4_s30.A71 fileNameGt=../graphsdb/mcs90/m2D/m2Dr4/mcs90_m2Dr4_s30.B71
Reading graphs...
30 :  60
30 :  58
Initializing...
maxdom : 30
D->valSize : 900
Solving...
currentSize : 13 <-- 0.010784 s
currentSize : 14 <-- 0.010828 s
currentSize : 15 <-- 0.010941 s
currentSize : 16 <-- 0.012444 s
currentSize : 17 <-- 0.021903 s
currentSize : 18 <-- 0.086364 s
currentSize : 19 <-- 0.798316 s
currentSize : 20 <-- 1.144204 s
currentSize : 21 <-- 2.568530 s
currentSize : 22 <-- 5.344792 s
currentSize : 25 <-- 5.451021 s

maxsize : 25
nodes : 683638.000000
filtered : 15976757.000000
CCGP filtered : 1476995.000000
CCGT filtered : 1517638.000000
time : 5.820587
