Parameters: GAD=1 vflib=1 dir=0 label=0 lowerbound=1 fileNameGp=../graphsdb/mcs90/m3D/m3Dr2/mcs90_m3Dr2_s30.A67 fileNameGt=../graphsdb/mcs90/m3D/m3Dr2/mcs90_m3Dr2_s30.B67
Reading graphs...
30 :  66
30 :  65
Initializing...
maxdom : 30
D->valSize : 900
Solving...
currentSize : 16 <-- 0.018650 s
currentSize : 17 <-- 0.020057 s
currentSize : 18 <-- 0.048487 s
currentSize : 19 <-- 0.372730 s
currentSize : 20 <-- 0.767599 s
currentSize : 22 <-- 1.125918 s
currentSize : 23 <-- 1.491999 s
currentSize : 24 <-- 1.493344 s
currentSize : 25 <-- 2.386563 s
currentSize : 26 <-- 2.669319 s
currentSize : 27 <-- 2.672664 s

maxsize : 27
nodes : 315936.000000
filtered : 7613877.000000
CCGP filtered : 128606.000000
CCGT filtered : 111679.000000
time : 2.691894
