Parameters: GAD=1 vflib=1 dir=0 label=0 lowerbound=1 fileNameGp=../graphsdb/mcs90/rand/r02/mcs90_r02_s30.A33 fileNameGt=../graphsdb/mcs90/rand/r02/mcs90_r02_s30.B33
Reading graphs...
30 :  157
30 :  159
Initializing...
maxdom : 30
D->valSize : 900
Solving...
currentSize : 9 <-- 0.016174 s
currentSize : 10 <-- 0.016296 s
currentSize : 11 <-- 0.018583 s
currentSize : 12 <-- 0.024654 s
currentSize : 13 <-- 0.093329 s
currentSize : 14 <-- 2.222902 s
currentSize : 15 <-- 3.207396 s
currentSize : 16 <-- 18.106670 s
currentSize : 17 <-- 19.662210 s
currentSize : 18 <-- 19.662380 s
currentSize : 19 <-- 29.957577 s
currentSize : 27 <-- 30.075356 s

maxsize : 27
nodes : 3011856.000000
filtered : 55289397.000000
CCGP filtered : 47058.000000
CCGT filtered : 151450.000000
time : 30.094028
