Parameters: GAD=1 vflib=1 dir=0 label=0 lowerbound=1 fileNameGp=../graphsdb/mcs90/bvg/b09/mcs90_b09_s30.A91 fileNameGt=../graphsdb/mcs90/bvg/b09/mcs90_b09_s30.B91
Reading graphs...
30 :  135
30 :  135
Initializing...
maxdom : 30
D->valSize : 900
Solving...
currentSize : 11 <-- 0.016494 s
currentSize : 12 <-- 0.016785 s
currentSize : 13 <-- 0.018185 s
currentSize : 14 <-- 0.028948 s
currentSize : 15 <-- 0.032488 s
currentSize : 16 <-- 0.042139 s
currentSize : 17 <-- 0.061087 s
currentSize : 18 <-- 0.061624 s
currentSize : 22 <-- 0.113896 s
currentSize : 26 <-- 0.138796 s

maxsize : 26
nodes : 32407.000000
filtered : 1435862.000000
CCGP filtered : 739.000000
CCGT filtered : 1300.000000
time : 0.365989
