Parameters: GAD=1 vflib=1 dir=0 label=0 lowerbound=1 fileNameGp=../graphsdb/mcs90/rand/r005/mcs90_r005_s25.A30 fileNameGt=../graphsdb/mcs90/rand/r005/mcs90_r005_s25.B30
Reading graphs...
25 :  29
25 :  29
Initializing...
maxdom : 25
D->valSize : 625
Solving...
currentSize : 11 <-- 0.005473 s
currentSize : 12 <-- 0.005623 s
currentSize : 13 <-- 0.005726 s
currentSize : 14 <-- 0.006121 s
currentSize : 16 <-- 0.006336 s
currentSize : 17 <-- 0.006857 s
currentSize : 18 <-- 0.006994 s
currentSize : 20 <-- 0.073875 s
currentSize : 21 <-- 0.074525 s
currentSize : 22 <-- 0.074880 s

maxsize : 22
nodes : 11227.000000
filtered : 270178.000000
CCGP filtered : 137809.000000
CCGT filtered : 79678.000000
time : 0.079135
