Parameters: GAD=1 vflib=1 dir=0 label=0 lowerbound=1 fileNameGp=../graphsdb/mcs90/bvg/b06m/mcs90_b06m_s30.A43 fileNameGt=../graphsdb/mcs90/bvg/b06m/mcs90_b06m_s30.B43
Reading graphs...
30 :  88
30 :  88
Initializing...
maxdom : 30
D->valSize : 900
Solving...
currentSize : 13 <-- 0.017847 s
currentSize : 14 <-- 0.018051 s
currentSize : 15 <-- 0.022398 s
currentSize : 16 <-- 0.029275 s
currentSize : 17 <-- 0.320446 s
currentSize : 18 <-- 2.199999 s
currentSize : 19 <-- 12.104047 s
currentSize : 21 <-- 12.104579 s
currentSize : 23 <-- 12.357662 s
currentSize : 27 <-- 12.421405 s

maxsize : 27
nodes : 1415612.000000
filtered : 30798912.000000
CCGP filtered : 2366063.000000
CCGT filtered : 1533901.000000
time : 12.439954
