Parameters: GAD=1 vflib=1 dir=0 label=0 lowerbound=1 fileNameGp=../graphsdb/mcs90/bvg/b03/mcs90_b03_s35.A53 fileNameGt=../graphsdb/mcs90/bvg/b03/mcs90_b03_s35.B53
Reading graphs...
35 :  52
35 :  52
Initializing...
maxdom : 35
D->valSize : 1225
Solving...
currentSize : 20 <-- 0.025903 s
currentSize : 21 <-- 0.027116 s
currentSize : 22 <-- 0.027596 s
currentSize : 23 <-- 0.028273 s
currentSize : 24 <-- 0.031829 s
currentSize : 25 <-- 0.032941 s
currentSize : 26 <-- 0.033832 s
currentSize : 27 <-- 0.035245 s
currentSize : 28 <-- 0.044563 s
currentSize : 29 <-- 0.062899 s
currentSize : 30 <-- 0.063014 s
currentSize : 31 <-- 0.063145 s

maxsize : 31
nodes : 55268.000000
filtered : 1829078.000000
CCGP filtered : 677973.000000
CCGT filtered : 184924.000000
time : 0.596021
