Parameters: GAD=1 vflib=1 dir=0 label=0 lowerbound=1 fileNameGp=../graphsdb/mcs90/rand/r02/mcs90_r02_s25.A66 fileNameGt=../graphsdb/mcs90/rand/r02/mcs90_r02_s25.B66
Reading graphs...
25 :  110
25 :  107
Initializing...
maxdom : 25
D->valSize : 625
Solving...
currentSize : 10 <-- 0.004723 s
currentSize : 11 <-- 0.005802 s
currentSize : 12 <-- 0.012976 s
currentSize : 13 <-- 0.023904 s
currentSize : 14 <-- 0.023986 s
currentSize : 15 <-- 0.035878 s
currentSize : 16 <-- 0.036341 s
currentSize : 17 <-- 0.036467 s
currentSize : 22 <-- 0.108673 s

maxsize : 22
nodes : 13267.000000
filtered : 353182.000000
CCGP filtered : 1014.000000
CCGT filtered : 305.000000
time : 0.117437
