Parameters: GAD=1 vflib=1 dir=0 label=0 lowerbound=1 fileNameGp=../graphsdb/mcs90/rand/r005/mcs90_r005_s35.A94 fileNameGt=../graphsdb/mcs90/rand/r005/mcs90_r005_s35.B94
Reading graphs...
35 :  57
35 :  57
Initializing...
maxdom : 35
D->valSize : 1225
Solving...
currentSize : 19 <-- 0.036727 s
currentSize : 20 <-- 0.037108 s
currentSize : 21 <-- 0.040582 s
currentSize : 22 <-- 0.043939 s
currentSize : 23 <-- 0.151575 s
currentSize : 24 <-- 0.151787 s
currentSize : 25 <-- 5.779111 s
currentSize : 26 <-- 84.730858 s
currentSize : 27 <-- 93.396500 s
currentSize : 28 <-- 93.419380 s
currentSize : 29 <-- 93.429192 s
currentSize : 31 <-- 93.431793 s

maxsize : 31
nodes : 9119388.000000
filtered : 268111772.000000
CCGP filtered : 116271232.000000
CCGT filtered : 62979478.000000
time : 93.476219
