Parameters: GAD=1 vflib=1 dir=0 label=0 lowerbound=1 fileNameGp=../graphsdb/mcs90/bvg/b09m/mcs90_b09m_s30.A84 fileNameGt=../graphsdb/mcs90/bvg/b09m/mcs90_b09m_s30.B84
Reading graphs...
30 :  129
30 :  129
Initializing...
maxdom : 30
D->valSize : 900
Solving...
currentSize : 9 <-- 0.015531 s
currentSize : 10 <-- 0.015555 s
currentSize : 11 <-- 0.015913 s
currentSize : 12 <-- 0.016766 s
currentSize : 13 <-- 0.021487 s
currentSize : 14 <-- 0.024049 s
currentSize : 15 <-- 4.015620 s
currentSize : 16 <-- 7.074236 s
currentSize : 18 <-- 12.489629 s
currentSize : 20 <-- 19.553576 s
currentSize : 22 <-- 19.604483 s
currentSize : 26 <-- 19.604679 s

maxsize : 26
nodes : 2054015.000000
filtered : 35600437.000000
CCGP filtered : 362574.000000
CCGT filtered : 303618.000000
time : 19.675554
