Parameters: GAD=1 vflib=1 dir=0 label=0 lowerbound=1 fileNameGp=../graphsdb/mcs90/bvg/b06/mcs90_b06_s25.A20 fileNameGt=../graphsdb/mcs90/bvg/b06/mcs90_b06_s25.B20
Reading graphs...
25 :  75
25 :  75
Initializing...
maxdom : 25
D->valSize : 625
Solving...
currentSize : 13 <-- 0.004810 s
currentSize : 14 <-- 0.005342 s
currentSize : 15 <-- 0.006672 s
currentSize : 16 <-- 0.006896 s
currentSize : 17 <-- 0.008328 s
currentSize : 18 <-- 0.008436 s
currentSize : 20 <-- 0.011630 s
currentSize : 21 <-- 0.014082 s
currentSize : 22 <-- 0.014154 s

maxsize : 22
nodes : 7513.000000
filtered : 217744.000000
CCGP filtered : 4120.000000
CCGT filtered : 619.000000
time : 0.075533
