Parameters: GAD=1 vflib=1 dir=0 label=0 lowerbound=1 fileNameGp=../graphsdb/mcs90/bvg/b06m/mcs90_b06m_s20.A92 fileNameGt=../graphsdb/mcs90/bvg/b06m/mcs90_b06m_s20.B92
Reading graphs...
20 :  59
20 :  59
Initializing...
maxdom : 20
D->valSize : 400
Solving...
currentSize : 7 <-- 0.002084 s
currentSize : 9 <-- 0.002149 s
currentSize : 10 <-- 0.002324 s
currentSize : 11 <-- 0.002488 s
currentSize : 12 <-- 0.002536 s
currentSize : 13 <-- 0.023527 s
currentSize : 14 <-- 0.035173 s
currentSize : 15 <-- 0.035231 s
currentSize : 16 <-- 0.035636 s
currentSize : 18 <-- 0.043820 s

maxsize : 18
nodes : 7055.000000
filtered : 118031.000000
CCGP filtered : 4316.000000
CCGT filtered : 2759.000000
time : 0.045624
