Parameters: GAD=1 vflib=1 dir=0 label=0 lowerbound=1 fileNameGp=../graphsdb/mcs90/bvg/b09/mcs90_b09_s25.A71 fileNameGt=../graphsdb/mcs90/bvg/b09/mcs90_b09_s25.B71
Reading graphs...
25 :  112
25 :  112
Initializing...
maxdom : 25
D->valSize : 625
Solving...
currentSize : 7 <-- 0.004618 s
currentSize : 9 <-- 0.004711 s
currentSize : 10 <-- 0.004883 s
currentSize : 11 <-- 0.009305 s
currentSize : 12 <-- 0.009341 s
currentSize : 13 <-- 0.024351 s
currentSize : 14 <-- 0.117632 s
currentSize : 16 <-- 0.119115 s
currentSize : 18 <-- 0.120237 s
currentSize : 19 <-- 0.122117 s
currentSize : 22 <-- 0.122995 s

maxsize : 22
nodes : 18728.000000
filtered : 401970.000000
CCGP filtered : 316.000000
CCGT filtered : 484.000000
time : 0.161383
