Parameters: GAD=1 vflib=1 dir=0 label=0 lowerbound=1 fileNameGp=../graphsdb/mcs90/rand/r01/mcs90_r01_s35.A36 fileNameGt=../graphsdb/mcs90/rand/r01/mcs90_r01_s35.B36
Reading graphs...
35 :  113
35 :  112
Initializing...
maxdom : 35
D->valSize : 1225
Solving...
currentSize : 17 <-- 0.019194 s
currentSize : 18 <-- 0.111250 s
currentSize : 19 <-- 2.390420 s
currentSize : 21 <-- 189.009705 s
currentSize : 22 <-- 340.655762 s
currentSize : 24 <-- 342.644562 s
currentSize : 25 <-- 347.520172 s
currentSize : 26 <-- 370.018372 s
currentSize : 28 <-- 372.257172 s
currentSize : 29 <-- 372.296661 s
currentSize : 31 <-- 372.299713 s

maxsize : 31
nodes : 35086332.000000
filtered : 865238648.000000
CCGP filtered : 16348425.000000
CCGT filtered : 20415194.000000
time : 372.359406
