Parameters: GAD=1 vflib=1 dir=0 label=0 lowerbound=1 fileNameGp=../graphsdb/mcs90/bvg/b06m/mcs90_b06m_s35.A33 fileNameGt=../graphsdb/mcs90/bvg/b06m/mcs90_b06m_s35.B33
Reading graphs...
35 :  104
35 :  104
Initializing...
maxdom : 35
D->valSize : 1225
Solving...
currentSize : 15 <-- 0.019484 s
currentSize : 16 <-- 0.019897 s
currentSize : 17 <-- 0.020466 s
currentSize : 18 <-- 0.139768 s
currentSize : 19 <-- 0.607976 s
currentSize : 20 <-- 2.286261 s
currentSize : 21 <-- 31.574312 s
currentSize : 22 <-- 49.549946 s
currentSize : 23 <-- 56.451824 s
currentSize : 24 <-- 56.837284 s
currentSize : 26 <-- 56.858910 s
currentSize : 28 <-- 57.066757 s
currentSize : 31 <-- 57.365528 s

maxsize : 31
nodes : 5471947.000000
filtered : 151127837.000000
CCGP filtered : 20833908.000000
CCGT filtered : 13016747.000000
time : 57.475143
