Parameters: GAD=1 vflib=1 dir=0 label=0 lowerbound=1 fileNameGp=../graphsdb/mcs90/m3D/m3Dr2/mcs90_m3Dr2_s30.A25 fileNameGt=../graphsdb/mcs90/m3D/m3Dr2/mcs90_m3Dr2_s30.B25
Reading graphs...
30 :  67
30 :  66
Initializing...
maxdom : 30
D->valSize : 900
Solving...
currentSize : 14 <-- 0.010709 s
currentSize : 15 <-- 0.010779 s
currentSize : 16 <-- 0.010814 s
currentSize : 18 <-- 0.012691 s
currentSize : 19 <-- 0.097388 s
currentSize : 20 <-- 0.105522 s
currentSize : 21 <-- 0.105799 s
currentSize : 22 <-- 0.109903 s
currentSize : 25 <-- 0.122353 s
currentSize : 27 <-- 0.286251 s

maxsize : 27
nodes : 37351.000000
filtered : 1154148.000000
CCGP filtered : 26546.000000
CCGT filtered : 13240.000000
time : 0.331623
