Parameters: GAD=1 vflib=1 dir=0 label=0 lowerbound=1 fileNameGp=../graphsdb/mcs90/bvg/b09/mcs90_b09_s35.A34 fileNameGt=../graphsdb/mcs90/bvg/b09/mcs90_b09_s35.B34
Reading graphs...
35 :  156
35 :  156
Initializing...
maxdom : 35
D->valSize : 1225
Solving...
currentSize : 11 <-- 0.031198 s
currentSize : 12 <-- 0.031272 s
currentSize : 13 <-- 0.031555 s
currentSize : 14 <-- 0.041422 s
currentSize : 15 <-- 0.043674 s
currentSize : 16 <-- 0.050145 s
currentSize : 17 <-- 0.740209 s
currentSize : 18 <-- 5.801231 s
currentSize : 20 <-- 10.032048 s
currentSize : 22 <-- 10.038427 s
currentSize : 24 <-- 10.044310 s
currentSize : 25 <-- 10.178557 s
currentSize : 26 <-- 10.178795 s
currentSize : 30 <-- 10.418590 s

maxsize : 30
nodes : 1076023.000000
filtered : 18714688.000000
CCGP filtered : 331595.000000
CCGT filtered : 211396.000000
time : 11.261135
