Parameters: GAD=1 vflib=1 dir=0 label=0 lowerbound=1 fileNameGp=../graphsdb/mcs90/rand/r02/mcs90_r02_s30.A59 fileNameGt=../graphsdb/mcs90/rand/r02/mcs90_r02_s30.B59
Reading graphs...
30 :  160
30 :  160
Initializing...
maxdom : 30
D->valSize : 900
Solving...
currentSize : 9 <-- 0.009473 s
currentSize : 10 <-- 0.009541 s
currentSize : 11 <-- 0.009668 s
currentSize : 12 <-- 0.011874 s
currentSize : 13 <-- 0.017419 s
currentSize : 14 <-- 7.631202 s
currentSize : 15 <-- 15.321749 s
currentSize : 16 <-- 15.361126 s
currentSize : 17 <-- 15.397368 s
currentSize : 20 <-- 15.401646 s
currentSize : 21 <-- 15.405428 s
currentSize : 27 <-- 15.406309 s

maxsize : 27
nodes : 1641212.000000
filtered : 15999507.000000
CCGP filtered : 54739.000000
CCGT filtered : 135280.000000
time : 15.427997
