Parameters: GAD=1 vflib=1 dir=0 label=0 lowerbound=1 fileNameGp=../graphsdb/mcs90/rand/r005/mcs90_r005_s35.A25 fileNameGt=../graphsdb/mcs90/rand/r005/mcs90_r005_s35.B25
Reading graphs...
35 :  58
35 :  58
Initializing...
maxdom : 35
D->valSize : 1225
Solving...
currentSize : 17 <-- 0.021089 s
currentSize : 18 <-- 0.021304 s
currentSize : 19 <-- 0.060442 s
currentSize : 20 <-- 0.065787 s
currentSize : 21 <-- 0.065841 s
currentSize : 22 <-- 0.273006 s
currentSize : 23 <-- 5.758176 s
currentSize : 24 <-- 6.527601 s
currentSize : 25 <-- 8.897751 s
currentSize : 26 <-- 12.422040 s
currentSize : 29 <-- 13.409931 s
currentSize : 30 <-- 13.462403 s
currentSize : 31 <-- 13.462680 s

maxsize : 31
nodes : 1468575.000000
filtered : 29105393.000000
CCGP filtered : 19798261.000000
CCGT filtered : 10427037.000000
time : 13.576743
