Parameters: GAD=1 vflib=1 dir=0 label=0 lowerbound=1 fileNameGp=../graphsdb/mcs90/rand/r01/mcs90_r01_s35.A59 fileNameGt=../graphsdb/mcs90/rand/r01/mcs90_r01_s35.B59
Reading graphs...
35 :  113
35 :  111
Initializing...
maxdom : 35
D->valSize : 1225
Solving...
currentSize : 15 <-- 0.020415 s
currentSize : 16 <-- 0.020883 s
currentSize : 17 <-- 0.038657 s
currentSize : 18 <-- 0.306876 s
currentSize : 19 <-- 20.583675 s
currentSize : 20 <-- 69.064262 s
currentSize : 21 <-- 70.741882 s
currentSize : 24 <-- 115.052841 s
currentSize : 31 <-- 119.313393 s

maxsize : 31
nodes : 12199978.000000
filtered : 271221714.000000
CCGP filtered : 11853350.000000
CCGT filtered : 6622768.000000
time : 119.413460
