Parameters: GAD=1 vflib=1 dir=0 label=0 lowerbound=1 fileNameGp=../graphsdb/mcs90/bvg/b06m/mcs90_b06m_s30.A46 fileNameGt=../graphsdb/mcs90/bvg/b06m/mcs90_b06m_s30.B46
Reading graphs...
30 :  85
30 :  86
Initializing...
maxdom : 30
D->valSize : 900
Solving...
currentSize : 10 <-- 0.017883 s
currentSize : 14 <-- 0.017941 s
currentSize : 15 <-- 0.018070 s
currentSize : 16 <-- 0.021392 s
currentSize : 17 <-- 0.035958 s
currentSize : 18 <-- 0.619964 s
currentSize : 19 <-- 1.073429 s
currentSize : 20 <-- 1.451093 s
currentSize : 21 <-- 1.757020 s
currentSize : 24 <-- 2.177353 s
currentSize : 27 <-- 2.256516 s

maxsize : 27
nodes : 246646.000000
filtered : 6389592.000000
CCGP filtered : 757557.000000
CCGT filtered : 358935.000000
time : 2.277633
