Parameters: GAD=1 vflib=1 dir=0 label=0 lowerbound=1 fileNameGp=../graphsdb/mcs90/rand/r01/mcs90_r01_s30.A51 fileNameGt=../graphsdb/mcs90/rand/r01/mcs90_r01_s30.B51
Reading graphs...
30 :  82
30 :  82
Initializing...
maxdom : 30
D->valSize : 900
Solving...
currentSize : 13 <-- 0.017952 s
currentSize : 14 <-- 0.018644 s
currentSize : 15 <-- 0.032044 s
currentSize : 16 <-- 0.066599 s
currentSize : 17 <-- 8.039858 s
currentSize : 18 <-- 8.039994 s
currentSize : 21 <-- 12.704841 s
currentSize : 22 <-- 12.704928 s
currentSize : 24 <-- 12.705026 s
currentSize : 27 <-- 12.705142 s

maxsize : 27
nodes : 1506997.000000
filtered : 24707087.000000
CCGP filtered : 2390191.000000
CCGT filtered : 1442638.000000
time : 12.724565
