Parameters: GAD=1 vflib=1 dir=0 label=0 lowerbound=1 fileNameGp=../graphsdb/mcs90/m2D/m2Dr2/mcs90_m2Dr2_s30.A55 fileNameGt=../graphsdb/mcs90/m2D/m2Dr2/mcs90_m2Dr2_s30.B55
Reading graphs...
30 :  55
30 :  54
Initializing...
maxdom : 30
D->valSize : 900
Solving...
currentSize : 15 <-- 0.010914 s
currentSize : 16 <-- 0.011375 s
currentSize : 17 <-- 0.020078 s
currentSize : 18 <-- 0.117225 s
currentSize : 19 <-- 0.163363 s
currentSize : 20 <-- 0.379610 s
currentSize : 21 <-- 0.741558 s
currentSize : 22 <-- 0.811428 s
currentSize : 23 <-- 0.855052 s
currentSize : 25 <-- 0.868456 s

maxsize : 25
nodes : 156419.000000
filtered : 3667070.000000
CCGP filtered : 632839.000000
CCGT filtered : 538777.000000
time : 1.284545
