Parameters: GAD=1 vflib=1 dir=0 label=0 lowerbound=1 fileNameGp=../graphsdb/mcs90/m3D/m3Dr4/mcs90_m3Dr4_s30.A66 fileNameGt=../graphsdb/mcs90/m3D/m3Dr4/mcs90_m3Dr4_s30.B66
Reading graphs...
30 :  72
30 :  69
Initializing...
maxdom : 30
D->valSize : 900
Solving...
currentSize : 16 <-- 0.010709 s
currentSize : 17 <-- 0.010970 s
currentSize : 18 <-- 0.012046 s
currentSize : 19 <-- 0.015686 s
currentSize : 20 <-- 0.168153 s
currentSize : 21 <-- 4.220530 s
currentSize : 22 <-- 4.234286 s
currentSize : 23 <-- 4.239285 s
currentSize : 27 <-- 4.650060 s

maxsize : 27
nodes : 579888.000000
filtered : 13667346.000000
CCGP filtered : 533821.000000
CCGT filtered : 117467.000000
time : 4.676956
