Parameters: GAD=1 vflib=1 dir=0 label=0 lowerbound=1 fileNameGp=../graphsdb/mcs90/m3D/m3D/mcs90_m3D_s30.A78 fileNameGt=../graphsdb/mcs90/m3D/m3D/mcs90_m3D_s30.B78
Reading graphs...
30 :  61
30 :  61
Initializing...
maxdom : 30
D->valSize : 900
Solving...
currentSize : 16 <-- 0.011021 s
currentSize : 17 <-- 0.011099 s
currentSize : 18 <-- 0.013589 s
currentSize : 19 <-- 0.017309 s
currentSize : 20 <-- 0.018271 s
currentSize : 21 <-- 0.018515 s
currentSize : 23 <-- 0.019118 s
currentSize : 24 <-- 0.029692 s
currentSize : 25 <-- 0.143971 s
currentSize : 27 <-- 0.178372 s

maxsize : 27
nodes : 37681.000000
filtered : 1144587.000000
CCGP filtered : 10431.000000
CCGT filtered : 7699.000000
time : 0.309000
