Parameters: GAD=1 vflib=1 dir=0 label=0 lowerbound=1 fileNameGp=../graphsdb/mcs90/bvg/b06m/mcs90_b06m_s30.A53 fileNameGt=../graphsdb/mcs90/bvg/b06m/mcs90_b06m_s30.B53
Reading graphs...
30 :  89
30 :  89
Initializing...
maxdom : 30
D->valSize : 900
Solving...
currentSize : 13 <-- 0.010291 s
currentSize : 14 <-- 0.010761 s
currentSize : 15 <-- 0.010970 s
currentSize : 16 <-- 0.011372 s
currentSize : 17 <-- 0.573379 s
currentSize : 18 <-- 1.476288 s
currentSize : 19 <-- 1.495957 s
currentSize : 20 <-- 1.593393 s
currentSize : 21 <-- 1.603451 s
currentSize : 22 <-- 1.651646 s
currentSize : 24 <-- 1.766190 s
currentSize : 25 <-- 1.919945 s
currentSize : 27 <-- 1.920548 s

maxsize : 27
nodes : 218415.000000
filtered : 4885748.000000
CCGP filtered : 450116.000000
CCGT filtered : 133723.000000
time : 1.949232
