Parameters: GAD=1 vflib=1 dir=0 label=0 lowerbound=1 fileNameGp=../graphsdb/mcs90/m3D/m3D/mcs90_m3D_s30.A45 fileNameGt=../graphsdb/mcs90/m3D/m3D/mcs90_m3D_s30.B45
Reading graphs...
30 :  61
30 :  61
Initializing...
maxdom : 30
D->valSize : 900
Solving...
currentSize : 15 <-- 0.010860 s
currentSize : 16 <-- 0.010934 s
currentSize : 17 <-- 0.011021 s
currentSize : 18 <-- 0.011317 s
currentSize : 20 <-- 0.011678 s
currentSize : 21 <-- 0.014883 s
currentSize : 23 <-- 0.037684 s
currentSize : 24 <-- 0.042605 s
currentSize : 27 <-- 0.043418 s

maxsize : 27
nodes : 14036.000000
filtered : 474503.000000
CCGP filtered : 8807.000000
CCGT filtered : 1929.000000
time : 0.129201
