Parameters: GAD=1 vflib=1 dir=0 label=0 lowerbound=1 fileNameGp=../graphsdb/mcs90/bvg/b06m/mcs90_b06m_s25.A81 fileNameGt=../graphsdb/mcs90/bvg/b06m/mcs90_b06m_s25.B81
Reading graphs...
25 :  73
25 :  73
Initializing...
maxdom : 25
D->valSize : 625
Solving...
currentSize : 11 <-- 0.008337 s
currentSize : 12 <-- 0.008422 s
currentSize : 13 <-- 0.010956 s
currentSize : 14 <-- 0.022556 s
currentSize : 15 <-- 0.149430 s
currentSize : 16 <-- 0.152231 s
currentSize : 17 <-- 1.095048 s
currentSize : 18 <-- 1.105496 s
currentSize : 22 <-- 1.149489 s

maxsize : 22
nodes : 147546.000000
filtered : 3424208.000000
CCGP filtered : 405198.000000
CCGT filtered : 187662.000000
time : 1.163604
