Parameters: GAD=1 vflib=1 dir=0 label=0 lowerbound=1 fileNameGp=../graphsdb/mcs90/m2D/m2Dr6/mcs90_m2Dr6_s30.A96 fileNameGt=../graphsdb/mcs90/m2D/m2Dr6/mcs90_m2Dr6_s30.B96
Reading graphs...
30 :  66
30 :  66
Initializing...
maxdom : 30
D->valSize : 900
Solving...
currentSize : 13 <-- 0.010600 s
currentSize : 14 <-- 0.010736 s
currentSize : 15 <-- 0.010880 s
currentSize : 16 <-- 0.011438 s
currentSize : 17 <-- 0.064855 s
currentSize : 18 <-- 0.345572 s
currentSize : 19 <-- 0.485123 s
currentSize : 20 <-- 0.512501 s
currentSize : 21 <-- 0.544363 s
currentSize : 22 <-- 9.389153 s
currentSize : 25 <-- 9.399386 s

maxsize : 25
nodes : 1104972.000000
filtered : 28030760.000000
CCGP filtered : 1949751.000000
CCGT filtered : 645681.000000
time : 9.663712
