Parameters: GAD=1 vflib=1 dir=0 label=0 lowerbound=1 fileNameGp=../graphsdb/mcs90/rand/r01/mcs90_r01_s30.A01 fileNameGt=../graphsdb/mcs90/rand/r01/mcs90_r01_s30.B01
Reading graphs...
30 :  82
30 :  82
Initializing...
maxdom : 30
D->valSize : 900
Solving...
currentSize : 12 <-- 0.017936 s
currentSize : 13 <-- 0.018052 s
currentSize : 14 <-- 0.018307 s
currentSize : 15 <-- 0.022789 s
currentSize : 16 <-- 0.066043 s
currentSize : 17 <-- 0.120724 s
currentSize : 19 <-- 0.121536 s
currentSize : 22 <-- 0.130764 s
currentSize : 23 <-- 0.139653 s
currentSize : 27 <-- 0.141638 s

maxsize : 27
nodes : 10566.000000
filtered : 188707.000000
CCGP filtered : 6507.000000
CCGT filtered : 10222.000000
time : 0.158029
