Parameters: GAD=1 vflib=1 dir=0 label=0 lowerbound=1 fileNameGp=../graphsdb/mcs90/rand/r005/mcs90_r005_s30.A01 fileNameGt=../graphsdb/mcs90/rand/r005/mcs90_r005_s30.B01
Reading graphs...
30 :  42
30 :  42
Initializing...
maxdom : 30
D->valSize : 900
Solving...
currentSize : 7 <-- 0.019702 s
currentSize : 13 <-- 0.019823 s
currentSize : 17 <-- 0.019938 s
currentSize : 18 <-- 0.022002 s
currentSize : 19 <-- 0.025704 s
currentSize : 20 <-- 0.027408 s
currentSize : 21 <-- 0.028203 s
currentSize : 22 <-- 0.165969 s
currentSize : 23 <-- 0.166110 s
currentSize : 24 <-- 0.235489 s
currentSize : 25 <-- 0.488762 s
currentSize : 26 <-- 0.489491 s
currentSize : 27 <-- 0.489769 s

maxsize : 27
nodes : 55125.000000
filtered : 1506660.000000
CCGP filtered : 910227.000000
CCGT filtered : 402665.000000
time : 0.508715
