Parameters: GAD=1 vflib=1 dir=0 label=0 lowerbound=1 fileNameGp=../graphsdb/mcs90/m2D/m2Dr4/mcs90_m2Dr4_s30.A73 fileNameGt=../graphsdb/mcs90/m2D/m2Dr4/mcs90_m2Dr4_s30.B73
Reading graphs...
30 :  61
30 :  60
Initializing...
maxdom : 30
D->valSize : 900
Solving...
currentSize : 12 <-- 0.018838 s
currentSize : 13 <-- 0.019122 s
currentSize : 15 <-- 0.019612 s
currentSize : 16 <-- 0.020366 s
currentSize : 17 <-- 0.020863 s
currentSize : 18 <-- 0.092096 s
currentSize : 19 <-- 0.183671 s
currentSize : 20 <-- 4.100850 s
currentSize : 21 <-- 4.100964 s
currentSize : 22 <-- 7.488144 s
currentSize : 23 <-- 8.552861 s
currentSize : 24 <-- 10.458334 s
currentSize : 25 <-- 10.460363 s

maxsize : 25
nodes : 1265389.000000
filtered : 31251511.000000
CCGP filtered : 6168118.000000
CCGT filtered : 2907149.000000
time : 10.620690
