Parameters: GAD=1 vflib=1 dir=0 label=0 lowerbound=1 fileNameGp=../graphsdb/mcs90/bvg/b06m/mcs90_b06m_s30.A50 fileNameGt=../graphsdb/mcs90/bvg/b06m/mcs90_b06m_s30.B50
Reading graphs...
30 :  89
30 :  90
Initializing...
maxdom : 30
D->valSize : 900
Solving...
currentSize : 14 <-- 0.017896 s
currentSize : 15 <-- 0.018646 s
currentSize : 16 <-- 0.019081 s
currentSize : 17 <-- 0.022348 s
currentSize : 18 <-- 0.315067 s
currentSize : 19 <-- 2.580938 s
currentSize : 20 <-- 5.834796 s
currentSize : 23 <-- 5.835580 s
currentSize : 26 <-- 5.835956 s
currentSize : 27 <-- 5.836115 s

maxsize : 27
nodes : 638936.000000
filtered : 15883968.000000
CCGP filtered : 1072957.000000
CCGT filtered : 412907.000000
time : 5.853046
