Parameters: GAD=1 vflib=1 dir=0 label=0 lowerbound=1 fileNameGp=../graphsdb/mcs90/bvg/b09/mcs90_b09_s30.A88 fileNameGt=../graphsdb/mcs90/bvg/b09/mcs90_b09_s30.B88
Reading graphs...
30 :  134
30 :  134
Initializing...
maxdom : 30
D->valSize : 900
Solving...
currentSize : 9 <-- 0.009595 s
currentSize : 10 <-- 0.009657 s
currentSize : 12 <-- 0.010938 s
currentSize : 13 <-- 0.011072 s
currentSize : 15 <-- 0.042861 s
currentSize : 16 <-- 0.042940 s
currentSize : 17 <-- 0.051085 s
currentSize : 18 <-- 0.051451 s
currentSize : 20 <-- 0.055390 s
currentSize : 22 <-- 0.078480 s
currentSize : 26 <-- 0.098818 s

maxsize : 26
nodes : 26082.000000
filtered : 1198900.000000
CCGP filtered : 142.000000
CCGT filtered : 48.000000
time : 0.278706
