Parameters: GAD=1 vflib=1 dir=0 label=0 lowerbound=1 fileNameGp=../graphsdb/mcs90/rand/r005/mcs90_r005_s30.A99 fileNameGt=../graphsdb/mcs90/rand/r005/mcs90_r005_s30.B99
Reading graphs...
30 :  42
30 :  42
Initializing...
maxdom : 30
D->valSize : 900
Solving...
currentSize : 15 <-- 0.011366 s
currentSize : 17 <-- 0.011461 s
currentSize : 18 <-- 0.011601 s
currentSize : 19 <-- 0.011715 s
currentSize : 20 <-- 0.565823 s
currentSize : 21 <-- 1.313537 s
currentSize : 22 <-- 1.518697 s
currentSize : 24 <-- 1.713465 s
currentSize : 25 <-- 1.713503 s
currentSize : 26 <-- 1.714353 s
currentSize : 27 <-- 1.714483 s

maxsize : 27
nodes : 244823.000000
filtered : 3733173.000000
CCGP filtered : 2508223.000000
CCGT filtered : 1093494.000000
time : 1.745626
