Parameters: GAD=1 vflib=1 dir=0 label=0 lowerbound=1 fileNameGp=../graphsdb/mcs90/rand/r005/mcs90_r005_s35.A07 fileNameGt=../graphsdb/mcs90/rand/r005/mcs90_r005_s35.B07
Reading graphs...
35 :  58
35 :  56
Initializing...
maxdom : 35
D->valSize : 1225
Solving...
currentSize : 18 <-- 0.021061 s
currentSize : 19 <-- 0.021273 s
currentSize : 20 <-- 0.021429 s
currentSize : 21 <-- 0.021868 s
currentSize : 22 <-- 0.022228 s
currentSize : 23 <-- 0.022703 s
currentSize : 24 <-- 0.132090 s
currentSize : 25 <-- 0.176519 s
currentSize : 26 <-- 0.204016 s
currentSize : 29 <-- 0.467987 s
currentSize : 31 <-- 0.468107 s

maxsize : 31
nodes : 60450.000000
filtered : 1803215.000000
CCGP filtered : 338154.000000
CCGT filtered : 297941.000000
time : 0.614208
