Parameters: GAD=1 vflib=1 dir=0 label=0 lowerbound=1 fileNameGp=../graphsdb/mcs90/bvg/b09m/mcs90_b09m_s30.A34 fileNameGt=../graphsdb/mcs90/bvg/b09m/mcs90_b09m_s30.B34
Reading graphs...
30 :  129
30 :  131
Initializing...
maxdom : 30
D->valSize : 900
Solving...
currentSize : 11 <-- 0.009617 s
currentSize : 12 <-- 0.012566 s
currentSize : 13 <-- 0.022503 s
currentSize : 14 <-- 0.089848 s
currentSize : 15 <-- 4.088245 s
currentSize : 17 <-- 6.684907 s
currentSize : 20 <-- 12.028165 s
currentSize : 21 <-- 12.122338 s
currentSize : 26 <-- 12.157919 s

maxsize : 26
nodes : 1373779.000000
filtered : 24989001.000000
CCGP filtered : 379007.000000
CCGT filtered : 363098.000000
time : 12.244060
