Parameters: GAD=1 vflib=1 dir=0 label=0 lowerbound=1 fileNameGp=../graphsdb/mcs90/bvg/b06m/mcs90_b06m_s35.A98 fileNameGt=../graphsdb/mcs90/bvg/b06m/mcs90_b06m_s35.B98
Reading graphs...
35 :  104
35 :  104
Initializing...
maxdom : 35
D->valSize : 1225
Solving...
currentSize : 15 <-- 0.023871 s
currentSize : 16 <-- 0.025643 s
currentSize : 17 <-- 0.033270 s
currentSize : 18 <-- 0.034018 s
currentSize : 19 <-- 0.704075 s
currentSize : 20 <-- 3.740097 s
currentSize : 21 <-- 28.454271 s
currentSize : 22 <-- 87.377586 s
currentSize : 23 <-- 90.164162 s
currentSize : 24 <-- 90.164635 s
currentSize : 25 <-- 90.264076 s
currentSize : 27 <-- 90.264275 s
currentSize : 29 <-- 91.749367 s
currentSize : 31 <-- 91.749634 s

maxsize : 31
nodes : 9098687.000000
filtered : 252650165.000000
CCGP filtered : 31973122.000000
CCGT filtered : 25140843.000000
time : 91.824875
