Parameters: GAD=1 vflib=1 dir=0 label=0 lowerbound=1 fileNameGp=../graphsdb/mcs90/m2D/m2D/mcs90_m2D_s30.A12 fileNameGt=../graphsdb/mcs90/m2D/m2D/mcs90_m2D_s30.B12
Reading graphs...
30 :  49
30 :  49
Initializing...
maxdom : 30
D->valSize : 900
Solving...
currentSize : 17 <-- 0.019496 s
currentSize : 18 <-- 0.020238 s
currentSize : 20 <-- 0.021320 s
currentSize : 21 <-- 0.023268 s
currentSize : 22 <-- 0.128330 s
currentSize : 23 <-- 0.354454 s
currentSize : 24 <-- 3.511093 s
currentSize : 25 <-- 3.511820 s
currentSize : 26 <-- 3.527159 s

maxsize : 26
nodes : 460041.000000
filtered : 10374987.000000
CCGP filtered : 2477476.000000
CCGT filtered : 1019897.000000
time : 3.647281
