Parameters: GAD=1 vflib=1 dir=0 label=0 lowerbound=1 fileNameGp=../graphsdb/mcs90/m3D/m3Dr6/mcs90_m3Dr6_s30.A64 fileNameGt=../graphsdb/mcs90/m3D/m3Dr6/mcs90_m3Dr6_s30.B64
Reading graphs...
30 :  79
30 :  78
Initializing...
maxdom : 30
D->valSize : 900
Solving...
currentSize : 13 <-- 0.018177 s
currentSize : 14 <-- 0.018545 s
currentSize : 15 <-- 0.019175 s
currentSize : 17 <-- 0.029774 s
currentSize : 18 <-- 0.048756 s
currentSize : 19 <-- 0.202203 s
currentSize : 20 <-- 24.044945 s
currentSize : 22 <-- 24.053656 s
currentSize : 27 <-- 24.055723 s

maxsize : 27
nodes : 2803420.000000
filtered : 57690014.000000
CCGP filtered : 1862045.000000
CCGT filtered : 1068849.000000
time : 24.120848
