Parameters: GAD=1 vflib=1 dir=0 label=0 lowerbound=1 fileNameGp=../graphsdb/mcs90/rand/r005/mcs90_r005_s35.A28 fileNameGt=../graphsdb/mcs90/rand/r005/mcs90_r005_s35.B28
Reading graphs...
35 :  57
35 :  58
Initializing...
maxdom : 35
D->valSize : 1225
Solving...
currentSize : 13 <-- 0.021055 s
currentSize : 14 <-- 0.021132 s
currentSize : 16 <-- 0.021204 s
currentSize : 18 <-- 0.021303 s
currentSize : 19 <-- 0.021871 s
currentSize : 20 <-- 0.027606 s
currentSize : 21 <-- 0.052220 s
currentSize : 22 <-- 0.066658 s
currentSize : 23 <-- 0.069987 s
currentSize : 24 <-- 0.792004 s
currentSize : 26 <-- 17.085779 s
currentSize : 28 <-- 17.085848 s
currentSize : 29 <-- 17.137201 s
currentSize : 31 <-- 17.608728 s

maxsize : 31
nodes : 1744963.000000
filtered : 44008208.000000
CCGP filtered : 32027924.000000
CCGT filtered : 15475781.000000
time : 17.676945
