Parameters: GAD=1 vflib=1 dir=0 label=0 lowerbound=1 fileNameGp=../graphsdb/mcs90/bvg/b09/mcs90_b09_s30.A45 fileNameGt=../graphsdb/mcs90/bvg/b09/mcs90_b09_s30.B45
Reading graphs...
30 :  134
30 :  133
Initializing...
maxdom : 30
D->valSize : 900
Solving...
currentSize : 11 <-- 0.009643 s
currentSize : 12 <-- 0.009891 s
currentSize : 13 <-- 0.012989 s
currentSize : 14 <-- 0.025727 s
currentSize : 15 <-- 0.026070 s
currentSize : 16 <-- 0.032424 s
currentSize : 17 <-- 0.032498 s
currentSize : 19 <-- 0.044667 s
currentSize : 21 <-- 0.047211 s
currentSize : 22 <-- 0.062925 s
currentSize : 23 <-- 0.152068 s
currentSize : 24 <-- 0.193077 s
currentSize : 26 <-- 0.262744 s

maxsize : 26
nodes : 33211.000000
filtered : 1629644.000000
CCGP filtered : 1868.000000
CCGT filtered : 5923.000000
time : 0.356103
