Parameters: GAD=1 vflib=1 dir=0 label=0 lowerbound=1 fileNameGp=../graphsdb/mcs90/rand/r02/mcs90_r02_s35.A85 fileNameGt=../graphsdb/mcs90/rand/r02/mcs90_r02_s35.B85
Reading graphs...
35 :  209
35 :  213
Initializing...
maxdom : 35
D->valSize : 1225
Solving...
currentSize : 10 <-- 0.017213 s
currentSize : 11 <-- 0.017595 s
currentSize : 12 <-- 0.020059 s
currentSize : 13 <-- 0.023375 s
currentSize : 14 <-- 1.087562 s
currentSize : 16 <-- 39.295109 s
currentSize : 17 <-- 45.266205 s
currentSize : 19 <-- 50.854782 s
currentSize : 20 <-- 50.855419 s
currentSize : 23 <-- 80.323631 s
currentSize : 31 <-- 80.337242 s

maxsize : 31
nodes : 6797147.000000
filtered : 102107607.000000
CCGP filtered : 56045.000000
CCGT filtered : 196137.000000
time : 80.441498
