Parameters: GAD=1 vflib=1 dir=0 label=0 lowerbound=1 fileNameGp=../graphsdb/mcs90/rand/r005/mcs90_r005_s30.A36 fileNameGt=../graphsdb/mcs90/rand/r005/mcs90_r005_s30.B36
Reading graphs...
30 :  41
30 :  41
Initializing...
maxdom : 30
D->valSize : 900
Solving...
currentSize : 14 <-- 0.011280 s
currentSize : 16 <-- 0.011824 s
currentSize : 17 <-- 0.011992 s
currentSize : 18 <-- 0.014344 s
currentSize : 19 <-- 0.018791 s
currentSize : 20 <-- 0.022224 s
currentSize : 21 <-- 0.022405 s
currentSize : 22 <-- 0.138636 s
currentSize : 23 <-- 0.213384 s
currentSize : 26 <-- 0.220548 s
currentSize : 27 <-- 0.220710 s

maxsize : 27
nodes : 25903.000000
filtered : 588629.000000
CCGP filtered : 422627.000000
CCGT filtered : 294896.000000
time : 0.235619
