Parameters: GAD=1 vflib=1 dir=0 label=0 lowerbound=1 fileNameGp=../graphsdb/mcs90/bvg/b06/mcs90_b06_s30.A83 fileNameGt=../graphsdb/mcs90/bvg/b06/mcs90_b06_s30.B83
Reading graphs...
30 :  90
30 :  90
Initializing...
maxdom : 30
D->valSize : 900
Solving...
currentSize : 10 <-- 0.010086 s
currentSize : 17 <-- 0.010221 s
currentSize : 19 <-- 0.010301 s
currentSize : 20 <-- 0.010632 s
currentSize : 22 <-- 0.010669 s
currentSize : 23 <-- 0.010730 s
currentSize : 24 <-- 0.011012 s
currentSize : 25 <-- 0.011129 s
currentSize : 27 <-- 0.015920 s

maxsize : 27
nodes : 7391.000000
filtered : 300638.000000
CCGP filtered : 7342.000000
CCGT filtered : 257.000000
time : 0.081231
