Parameters: GAD=1 vflib=1 dir=0 label=0 lowerbound=1 fileNameGp=../graphsdb/mcs90/m3D/m3Dr4/mcs90_m3Dr4_s30.A33 fileNameGt=../graphsdb/mcs90/m3D/m3Dr4/mcs90_m3Dr4_s30.B33
Reading graphs...
30 :  73
30 :  73
Initializing...
maxdom : 30
D->valSize : 900
Solving...
currentSize : 14 <-- 0.010840 s
currentSize : 15 <-- 0.010961 s
currentSize : 16 <-- 0.011045 s
currentSize : 17 <-- 0.011893 s
currentSize : 18 <-- 0.501152 s
currentSize : 19 <-- 1.751170 s
currentSize : 20 <-- 3.643484 s
currentSize : 21 <-- 6.541396 s
currentSize : 22 <-- 7.360389 s
currentSize : 23 <-- 7.360537 s
currentSize : 26 <-- 7.795538 s
currentSize : 27 <-- 7.795615 s

maxsize : 27
nodes : 970047.000000
filtered : 22300653.000000
CCGP filtered : 1303830.000000
CCGT filtered : 436101.000000
time : 7.826101
