Parameters: GAD=1 vflib=1 dir=0 label=0 lowerbound=1 fileNameGp=../graphsdb/mcs90/m2D/m2Dr4/mcs90_m2Dr4_s30.A74 fileNameGt=../graphsdb/mcs90/m2D/m2Dr4/mcs90_m2Dr4_s30.B74
Reading graphs...
30 :  61
30 :  59
Initializing...
maxdom : 30
D->valSize : 900
Solving...
currentSize : 17 <-- 0.011058 s
currentSize : 18 <-- 0.014471 s
currentSize : 19 <-- 0.014628 s
currentSize : 20 <-- 0.663696 s
currentSize : 21 <-- 3.015646 s
currentSize : 22 <-- 4.521371 s
currentSize : 23 <-- 4.545196 s
currentSize : 24 <-- 4.545316 s
currentSize : 25 <-- 4.545442 s

maxsize : 25
nodes : 585988.000000
filtered : 14788079.000000
CCGP filtered : 3347506.000000
CCGT filtered : 1412340.000000
time : 4.898608
