Parameters: GAD=1 vflib=1 dir=0 label=0 lowerbound=1 fileNameGp=../graphsdb/mcs90/bvg/b06m/mcs90_b06m_s25.A57 fileNameGt=../graphsdb/mcs90/bvg/b06m/mcs90_b06m_s25.B57
Reading graphs...
25 :  73
25 :  73
Initializing...
maxdom : 25
D->valSize : 625
Solving...
currentSize : 10 <-- 0.004871 s
currentSize : 12 <-- 0.004964 s
currentSize : 13 <-- 0.007682 s
currentSize : 14 <-- 0.012093 s
currentSize : 15 <-- 0.569749 s
currentSize : 16 <-- 1.494584 s
currentSize : 17 <-- 1.781536 s
currentSize : 18 <-- 1.787525 s
currentSize : 22 <-- 1.819453 s

maxsize : 22
nodes : 256622.000000
filtered : 4654372.000000
CCGP filtered : 493188.000000
CCGT filtered : 94453.000000
time : 1.834871
