Parameters: GAD=1 vflib=1 dir=0 label=0 lowerbound=1 fileNameGp=../graphsdb/mcs90/m4D/m4Dr6/mcs90_m4Dr6_s20.A79 fileNameGt=../graphsdb/mcs90/m4D/m4Dr6/mcs90_m4Dr6_s20.B79
Reading graphs...
20 :  48
20 :  47
Initializing...
maxdom : 20
D->valSize : 400
Solving...
currentSize : 7 <-- 0.002088 s
currentSize : 8 <-- 0.002168 s
currentSize : 9 <-- 0.002226 s
currentSize : 10 <-- 0.003250 s
currentSize : 11 <-- 0.003544 s
currentSize : 12 <-- 0.003990 s
currentSize : 13 <-- 0.062526 s
currentSize : 14 <-- 0.115091 s
currentSize : 16 <-- 0.115211 s

maxsize : 16
nodes : 21684.000000
filtered : 365196.000000
CCGP filtered : 47353.000000
CCGT filtered : 32516.000000
time : 0.137725
