Parameters: GAD=1 vflib=1 dir=0 label=0 lowerbound=1 fileNameGp=../graphsdb/mcs90/m4D/m4Dr4/mcs90_m4Dr4_s20.A80 fileNameGt=../graphsdb/mcs90/m4D/m4Dr4/mcs90_m4Dr4_s20.B80
Reading graphs...
20 :  44
20 :  44
Initializing...
maxdom : 20
D->valSize : 400
Solving...
currentSize : 8 <-- 0.002140 s
currentSize : 9 <-- 0.002189 s
currentSize : 10 <-- 0.003660 s
currentSize : 11 <-- 0.003746 s
currentSize : 12 <-- 0.004735 s
currentSize : 13 <-- 0.009548 s
currentSize : 14 <-- 0.013583 s
currentSize : 15 <-- 0.038718 s
currentSize : 17 <-- 0.039102 s

maxsize : 17
nodes : 6451.000000
filtered : 120808.000000
CCGP filtered : 24386.000000
CCGT filtered : 18456.000000
time : 0.042650
