Parameters: GAD=1 vflib=1 dir=0 label=0 lowerbound=1 fileNameGp=../graphsdb/mcs90/m2D/m2Dr6/mcs90_m2Dr6_s30.A44 fileNameGt=../graphsdb/mcs90/m2D/m2Dr6/mcs90_m2Dr6_s30.B44
Reading graphs...
30 :  67
30 :  65
Initializing...
maxdom : 30
D->valSize : 900
Solving...
currentSize : 16 <-- 0.010683 s
currentSize : 17 <-- 0.010778 s
currentSize : 18 <-- 0.011370 s
currentSize : 19 <-- 0.011601 s
currentSize : 20 <-- 0.016940 s
currentSize : 21 <-- 0.023442 s
currentSize : 22 <-- 0.024143 s
currentSize : 23 <-- 0.024272 s
currentSize : 24 <-- 0.086622 s
currentSize : 25 <-- 0.963567 s

maxsize : 25
nodes : 111466.000000
filtered : 5190928.000000
CCGP filtered : 152678.000000
CCGT filtered : 91005.000000
time : 1.152493
