Parameters: GAD=1 vflib=1 dir=0 label=0 lowerbound=1 fileNameGp=../graphsdb/mcs90/rand/r02/mcs90_r02_s30.A45 fileNameGt=../graphsdb/mcs90/rand/r02/mcs90_r02_s30.B45
Reading graphs...
30 :  159
30 :  157
Initializing...
maxdom : 30
D->valSize : 900
Solving...
currentSize : 9 <-- 0.009641 s
currentSize : 11 <-- 0.009733 s
currentSize : 12 <-- 0.009947 s
currentSize : 13 <-- 0.302491 s
currentSize : 14 <-- 6.396355 s
currentSize : 15 <-- 28.656391 s
currentSize : 16 <-- 29.993393 s
currentSize : 18 <-- 33.557869 s
currentSize : 27 <-- 33.558537 s

maxsize : 27
nodes : 3599955.000000
filtered : 34630508.000000
CCGP filtered : 22024.000000
CCGT filtered : 37946.000000
time : 33.590366
