Parameters: GAD=1 vflib=1 dir=0 label=0 lowerbound=1 fileNameGp=../graphsdb/mcs90/bvg/b06m/mcs90_b06m_s35.A30 fileNameGt=../graphsdb/mcs90/bvg/b06m/mcs90_b06m_s35.B30
Reading graphs...
35 :  103
35 :  102
Initializing...
maxdom : 35
D->valSize : 1225
Solving...
currentSize : 13 <-- 0.024305 s
currentSize : 15 <-- 0.024428 s
currentSize : 16 <-- 0.025334 s
currentSize : 17 <-- 0.028340 s
currentSize : 18 <-- 0.030618 s
currentSize : 19 <-- 0.198840 s
currentSize : 20 <-- 0.203007 s
currentSize : 21 <-- 0.204196 s
currentSize : 22 <-- 23.199202 s
currentSize : 23 <-- 63.420067 s
currentSize : 25 <-- 97.169640 s
currentSize : 26 <-- 99.832268 s
currentSize : 27 <-- 99.869225 s
currentSize : 31 <-- 99.880119 s

maxsize : 31
nodes : 9223865.000000
filtered : 305008969.000000
CCGP filtered : 26461012.000000
CCGT filtered : 20466759.000000
time : 99.969360
