Parameters: GAD=1 vflib=1 dir=0 label=0 lowerbound=1 fileNameGp=../graphsdb/mcs90/bvg/b09m/mcs90_b09m_s30.A22 fileNameGt=../graphsdb/mcs90/bvg/b09m/mcs90_b09m_s30.B22
Reading graphs...
30 :  129
30 :  128
Initializing...
maxdom : 30
D->valSize : 900
Solving...
currentSize : 9 <-- 0.016499 s
currentSize : 11 <-- 0.016867 s
currentSize : 12 <-- 0.018226 s
currentSize : 13 <-- 0.052933 s
currentSize : 14 <-- 0.151755 s
currentSize : 15 <-- 0.772039 s
currentSize : 16 <-- 13.468371 s
currentSize : 17 <-- 13.896209 s
currentSize : 21 <-- 13.907281 s
currentSize : 22 <-- 14.002587 s
currentSize : 26 <-- 14.461880 s

maxsize : 26
nodes : 1613371.000000
filtered : 26492639.000000
CCGP filtered : 399126.000000
CCGT filtered : 724355.000000
time : 14.526938
