Parameters: GAD=1 vflib=1 dir=0 label=0 lowerbound=1 fileNameGp=../graphsdb/mcs90/m3D/m3Dr4/mcs90_m3Dr4_s30.A98 fileNameGt=../graphsdb/mcs90/m3D/m3Dr4/mcs90_m3Dr4_s30.B98
Reading graphs...
30 :  73
30 :  71
Initializing...
maxdom : 30
D->valSize : 900
Solving...
currentSize : 12 <-- 0.018378 s
currentSize : 13 <-- 0.018465 s
currentSize : 14 <-- 0.019399 s
currentSize : 16 <-- 0.020397 s
currentSize : 17 <-- 0.026520 s
currentSize : 18 <-- 0.172063 s
currentSize : 19 <-- 0.255475 s
currentSize : 20 <-- 0.275349 s
currentSize : 22 <-- 0.637333 s
currentSize : 24 <-- 0.655542 s
currentSize : 27 <-- 0.655686 s

maxsize : 27
nodes : 79487.000000
filtered : 1662659.000000
CCGP filtered : 86823.000000
CCGT filtered : 64309.000000
time : 0.702292
