Parameters: GAD=1 vflib=1 dir=0 label=0 lowerbound=1 fileNameGp=../graphsdb/mcs90/rand/r005/mcs90_r005_s35.A05 fileNameGt=../graphsdb/mcs90/rand/r005/mcs90_r005_s35.B05
Reading graphs...
35 :  57
35 :  57
Initializing...
maxdom : 35
D->valSize : 1225
Solving...
currentSize : 16 <-- 0.020996 s
currentSize : 17 <-- 0.021064 s
currentSize : 18 <-- 0.021087 s
currentSize : 19 <-- 0.021175 s
currentSize : 22 <-- 0.026395 s
currentSize : 23 <-- 0.755208 s
currentSize : 24 <-- 4.298734 s
currentSize : 25 <-- 4.298912 s
currentSize : 26 <-- 4.340603 s
currentSize : 27 <-- 5.314168 s
currentSize : 28 <-- 5.315995 s
currentSize : 30 <-- 5.316225 s
currentSize : 31 <-- 5.338772 s

maxsize : 31
nodes : 530932.000000
filtered : 12383417.000000
CCGP filtered : 5448993.000000
CCGT filtered : 6267192.000000
time : 5.443262
