Parameters: GAD=1 vflib=1 dir=0 label=0 lowerbound=1 fileNameGp=../graphsdb/mcs90/bvg/b09/mcs90_b09_s30.A44 fileNameGt=../graphsdb/mcs90/bvg/b09/mcs90_b09_s30.B44
Reading graphs...
30 :  134
30 :  134
Initializing...
maxdom : 30
D->valSize : 900
Solving...
currentSize : 10 <-- 0.014448 s
currentSize : 11 <-- 0.014503 s
currentSize : 12 <-- 0.014552 s
currentSize : 13 <-- 0.017072 s
currentSize : 14 <-- 0.022520 s
currentSize : 15 <-- 0.029336 s
currentSize : 16 <-- 0.030467 s
currentSize : 18 <-- 0.045414 s
currentSize : 19 <-- 0.045874 s
currentSize : 20 <-- 0.063427 s
currentSize : 26 <-- 0.099907 s

maxsize : 26
nodes : 23453.000000
filtered : 1062605.000000
CCGP filtered : 1152.000000
CCGT filtered : 4239.000000
time : 0.256503
