Parameters: GAD=1 vflib=1 dir=0 label=0 lowerbound=1 fileNameGp=../graphsdb/mcs90/bvg/b09m/mcs90_b09m_s25.A66 fileNameGt=../graphsdb/mcs90/bvg/b09m/mcs90_b09m_s25.B66
Reading graphs...
25 :  106
25 :  107
Initializing...
maxdom : 25
D->valSize : 625
Solving...
currentSize : 9 <-- 0.004671 s
currentSize : 10 <-- 0.004859 s
currentSize : 11 <-- 0.005414 s
currentSize : 12 <-- 0.015491 s
currentSize : 13 <-- 0.022853 s
currentSize : 16 <-- 0.053031 s
currentSize : 18 <-- 0.053160 s
currentSize : 20 <-- 0.057444 s
currentSize : 22 <-- 0.057758 s

maxsize : 22
nodes : 7391.000000
filtered : 151529.000000
CCGP filtered : 623.000000
CCGT filtered : 2486.000000
time : 0.065267
