Parameters: GAD=1 vflib=1 dir=0 label=0 lowerbound=1 fileNameGp=../graphsdb/mcs90/bvg/b09m/mcs90_b09m_s35.A17 fileNameGt=../graphsdb/mcs90/bvg/b09m/mcs90_b09m_s35.B17
Reading graphs...
35 :  148
35 :  148
Initializing...
maxdom : 35
D->valSize : 1225
Solving...
currentSize : 11 <-- 0.018462 s
currentSize : 12 <-- 0.018922 s
currentSize : 13 <-- 0.019076 s
currentSize : 14 <-- 0.021791 s
currentSize : 15 <-- 0.250189 s
currentSize : 16 <-- 0.449398 s
currentSize : 17 <-- 13.442979 s
currentSize : 18 <-- 36.132000 s
currentSize : 19 <-- 130.480255 s
currentSize : 20 <-- 130.480789 s
currentSize : 22 <-- 243.532135 s
currentSize : 24 <-- 243.532349 s
currentSize : 30 <-- 243.729584 s

maxsize : 30
nodes : 21959077.000000
filtered : 511275091.000000
CCGP filtered : 8324134.000000
CCGT filtered : 3464479.000000
time : 244.070053
