Parameters: GAD=1 vflib=1 dir=0 label=0 lowerbound=1 fileNameGp=../graphsdb/mcs90/m2D/m2Dr2/mcs90_m2Dr2_s30.A48 fileNameGt=../graphsdb/mcs90/m2D/m2Dr2/mcs90_m2Dr2_s30.B48
Reading graphs...
30 :  54
30 :  52
Initializing...
maxdom : 30
D->valSize : 900
Solving...
currentSize : 15 <-- 0.015505 s
currentSize : 17 <-- 0.015757 s
currentSize : 18 <-- 0.015788 s
currentSize : 19 <-- 0.016178 s
currentSize : 20 <-- 0.029913 s
currentSize : 21 <-- 0.234341 s
currentSize : 22 <-- 1.395010 s
currentSize : 23 <-- 2.668403 s
currentSize : 24 <-- 2.668431 s
currentSize : 25 <-- 2.669379 s

maxsize : 25
nodes : 374502.000000
filtered : 8926620.000000
CCGP filtered : 1828268.000000
CCGT filtered : 839188.000000
time : 2.999425
