Parameters: GAD=1 vflib=1 dir=0 label=0 lowerbound=1 fileNameGp=../graphsdb/mcs90/m3D/m3D/mcs90_m3D_s30.A93 fileNameGt=../graphsdb/mcs90/m3D/m3D/mcs90_m3D_s30.B93
Reading graphs...
30 :  61
30 :  61
Initializing...
maxdom : 30
D->valSize : 900
Solving...
currentSize : 15 <-- 0.018766 s
currentSize : 17 <-- 0.018832 s
currentSize : 18 <-- 0.020371 s
currentSize : 19 <-- 0.027049 s
currentSize : 20 <-- 0.066884 s
currentSize : 21 <-- 0.094048 s
currentSize : 22 <-- 0.340784 s
currentSize : 23 <-- 0.349945 s
currentSize : 24 <-- 0.396305 s
currentSize : 25 <-- 0.559596 s
currentSize : 26 <-- 0.560089 s
currentSize : 27 <-- 0.562009 s
currentSize : 28 <-- 0.566450 s

maxsize : 28
nodes : 61576.000000
filtered : 1547410.000000
CCGP filtered : 80391.000000
CCGT filtered : 15026.000000
time : 0.585907
