Parameters: GAD=1 vflib=1 dir=0 label=0 lowerbound=1 fileNameGp=../graphsdb/mcs90/rand/r005/mcs90_r005_s25.A87 fileNameGt=../graphsdb/mcs90/rand/r005/mcs90_r005_s25.B87
Reading graphs...
25 :  28
25 :  29
Initializing...
maxdom : 25
D->valSize : 625
Solving...
currentSize : 4 <-- 0.009515 s
currentSize : 5 <-- 0.009583 s
currentSize : 13 <-- 0.009680 s
currentSize : 14 <-- 0.009707 s
currentSize : 15 <-- 0.010032 s
currentSize : 16 <-- 0.011121 s
currentSize : 18 <-- 0.056878 s
currentSize : 20 <-- 0.058314 s
currentSize : 22 <-- 0.058458 s

maxsize : 22
nodes : 7229.000000
filtered : 107635.000000
CCGP filtered : 177991.000000
CCGT filtered : 83470.000000
time : 0.066881
