Parameters: GAD=1 vflib=1 dir=0 label=0 lowerbound=1 fileNameGp=../graphsdb/mcs90/bvg/b03m/mcs90_b03m_s35.A08 fileNameGt=../graphsdb/mcs90/bvg/b03m/mcs90_b03m_s35.B08
Reading graphs...
35 :  51
35 :  51
Initializing...
maxdom : 35
D->valSize : 1225
Solving...
currentSize : 21 <-- 0.032306 s
currentSize : 22 <-- 0.032362 s
currentSize : 23 <-- 0.032869 s
currentSize : 24 <-- 0.033108 s
currentSize : 25 <-- 0.105687 s
currentSize : 26 <-- 8.865616 s
currentSize : 27 <-- 8.882786 s
currentSize : 29 <-- 11.944904 s
currentSize : 30 <-- 11.946430 s

maxsize : 30
nodes : 1281366.000000
filtered : 29421964.000000
CCGP filtered : 26102134.000000
CCGT filtered : 13999854.000000
time : 12.636247
