Parameters: GAD=1 vflib=1 dir=0 label=0 lowerbound=1 fileNameGp=../graphsdb/mcs90/rand/r005/mcs90_r005_s35.A71 fileNameGt=../graphsdb/mcs90/rand/r005/mcs90_r005_s35.B71
Reading graphs...
35 :  58
35 :  58
Initializing...
maxdom : 35
D->valSize : 1225
Solving...
currentSize : 11 <-- 0.020479 s
currentSize : 12 <-- 0.020526 s
currentSize : 14 <-- 0.020595 s
currentSize : 19 <-- 0.023256 s
currentSize : 20 <-- 0.026151 s
currentSize : 21 <-- 0.058365 s
currentSize : 22 <-- 0.059147 s
currentSize : 23 <-- 0.944730 s
currentSize : 24 <-- 4.673285 s
currentSize : 25 <-- 17.125351 s
currentSize : 31 <-- 18.623812 s

maxsize : 31
nodes : 1812342.000000
filtered : 45553725.000000
CCGP filtered : 23325004.000000
CCGT filtered : 15695074.000000
time : 18.705189
