Parameters: GAD=1 vflib=1 dir=0 label=0 lowerbound=1 fileNameGp=../graphsdb/mcs90/bvg/b09m/mcs90_b09m_s30.A95 fileNameGt=../graphsdb/mcs90/bvg/b09m/mcs90_b09m_s30.B95
Reading graphs...
30 :  132
30 :  132
Initializing...
maxdom : 30
D->valSize : 900
Solving...
currentSize : 11 <-- 0.009650 s
currentSize : 12 <-- 0.009849 s
currentSize : 13 <-- 0.010164 s
currentSize : 14 <-- 1.177785 s
currentSize : 15 <-- 22.503201 s
currentSize : 16 <-- 43.754520 s
currentSize : 17 <-- 58.977905 s
currentSize : 20 <-- 59.112377 s
currentSize : 22 <-- 59.123024 s
currentSize : 26 <-- 59.123322 s

maxsize : 26
nodes : 6581143.000000
filtered : 87699025.000000
CCGP filtered : 879181.000000
CCGT filtered : 1544704.000000
time : 59.207657
