Parameters: GAD=1 vflib=1 dir=0 label=0 lowerbound=1 fileNameGp=../graphsdb/mcs90/m3D/m3Dr2/mcs90_m3Dr2_s30.A47 fileNameGt=../graphsdb/mcs90/m3D/m3Dr2/mcs90_m3Dr2_s30.B47
Reading graphs...
30 :  67
30 :  66
Initializing...
maxdom : 30
D->valSize : 900
Solving...
currentSize : 15 <-- 0.018640 s
currentSize : 16 <-- 0.018794 s
currentSize : 17 <-- 0.021851 s
currentSize : 18 <-- 0.044012 s
currentSize : 19 <-- 0.104538 s
currentSize : 20 <-- 0.699750 s
currentSize : 21 <-- 4.259773 s
currentSize : 22 <-- 4.272642 s
currentSize : 23 <-- 4.275101 s
currentSize : 24 <-- 4.722321 s
currentSize : 27 <-- 4.876267 s

maxsize : 27
nodes : 617968.000000
filtered : 13483760.000000
CCGP filtered : 954459.000000
CCGT filtered : 313480.000000
time : 4.921971
