Parameters: GAD=1 vflib=1 dir=0 label=0 lowerbound=1 fileNameGp=../graphsdb/mcs90/rand/r02/mcs90_r02_s30.A56 fileNameGt=../graphsdb/mcs90/rand/r02/mcs90_r02_s30.B56
Reading graphs...
30 :  157
30 :  157
Initializing...
maxdom : 30
D->valSize : 900
Solving...
currentSize : 11 <-- 0.014889 s
currentSize : 12 <-- 0.018782 s
currentSize : 13 <-- 0.060663 s
currentSize : 14 <-- 24.897242 s
currentSize : 16 <-- 29.122721 s
currentSize : 17 <-- 30.223597 s
currentSize : 18 <-- 31.599815 s
currentSize : 19 <-- 31.628580 s
currentSize : 20 <-- 31.694839 s
currentSize : 22 <-- 31.695587 s
currentSize : 27 <-- 31.704388 s

maxsize : 27
nodes : 3393606.000000
filtered : 36428280.000000
CCGP filtered : 380392.000000
CCGT filtered : 497629.000000
time : 31.726088
