Parameters: GAD=1 vflib=1 dir=0 label=0 lowerbound=1 fileNameGp=../graphsdb/mcs90/bvg/b03m/mcs90_b03m_s30.A05 fileNameGt=../graphsdb/mcs90/bvg/b03m/mcs90_b03m_s30.B05
Reading graphs...
30 :  45
30 :  45
Initializing...
maxdom : 30
D->valSize : 900
Solving...
currentSize : 11 <-- 0.019604 s
currentSize : 14 <-- 0.019678 s
currentSize : 15 <-- 0.019775 s
currentSize : 16 <-- 0.021528 s
currentSize : 17 <-- 0.025683 s
currentSize : 18 <-- 0.028388 s
currentSize : 19 <-- 0.029634 s
currentSize : 20 <-- 0.036900 s
currentSize : 21 <-- 0.037503 s
currentSize : 22 <-- 0.644540 s
currentSize : 24 <-- 0.647239 s
currentSize : 26 <-- 0.650789 s

maxsize : 26
nodes : 58547.000000
filtered : 1277535.000000
CCGP filtered : 1061743.000000
CCGT filtered : 375549.000000
time : 0.734878
