Parameters: GAD=1 vflib=1 dir=0 label=0 lowerbound=1 fileNameGp=../graphsdb/mcs90/m2D/m2Dr4/mcs90_m2Dr4_s30.A21 fileNameGt=../graphsdb/mcs90/m2D/m2Dr4/mcs90_m2Dr4_s30.B21
Reading graphs...
30 :  60
30 :  59
Initializing...
maxdom : 30
D->valSize : 900
Solving...
currentSize : 15 <-- 0.018919 s
currentSize : 16 <-- 0.019271 s
currentSize : 17 <-- 0.022261 s
currentSize : 18 <-- 0.040452 s
currentSize : 19 <-- 0.298022 s
currentSize : 20 <-- 10.782791 s
currentSize : 21 <-- 10.967869 s
currentSize : 22 <-- 10.989113 s
currentSize : 23 <-- 11.554141 s
currentSize : 25 <-- 11.554317 s

maxsize : 25
nodes : 1489790.000000
filtered : 27957248.000000
CCGP filtered : 8887204.000000
CCGT filtered : 4756921.000000
time : 11.974859
