Parameters: GAD=1 vflib=1 dir=0 label=0 lowerbound=1 fileNameGp=../graphsdb/mcs90/bvg/b03/mcs90_b03_s30.A10 fileNameGt=../graphsdb/mcs90/bvg/b03/mcs90_b03_s30.B10
Reading graphs...
30 :  45
30 :  45
Initializing...
maxdom : 30
D->valSize : 900
Solving...
currentSize : 19 <-- 0.011242 s
currentSize : 20 <-- 0.011311 s
currentSize : 22 <-- 0.011392 s
currentSize : 23 <-- 0.020001 s
currentSize : 24 <-- 0.022034 s
currentSize : 25 <-- 0.034923 s
currentSize : 26 <-- 0.037649 s
currentSize : 27 <-- 0.135097 s
currentSize : 28 <-- 0.150290 s

maxsize : 28
nodes : 20192.000000
filtered : 484726.000000
CCGP filtered : 232281.000000
CCGT filtered : 35975.000000
time : 0.169723
