Parameters: GAD=1 vflib=1 dir=0 label=0 lowerbound=1 fileNameGp=../graphsdb/mcs90/bvg/b09m/mcs90_b09m_s35.A96 fileNameGt=../graphsdb/mcs90/bvg/b09m/mcs90_b09m_s35.B96
Reading graphs...
35 :  151
35 :  151
Initializing...
maxdom : 35
D->valSize : 1225
Solving...
currentSize : 12 <-- 0.031596 s
currentSize : 13 <-- 0.031880 s
currentSize : 14 <-- 0.034298 s
currentSize : 15 <-- 0.041818 s
currentSize : 16 <-- 0.517273 s
currentSize : 17 <-- 1.141213 s
currentSize : 18 <-- 6.889491 s
currentSize : 19 <-- 7.509944 s
currentSize : 20 <-- 7.634315 s
currentSize : 22 <-- 7.634456 s
currentSize : 24 <-- 8.994999 s
currentSize : 25 <-- 12.932263 s
currentSize : 30 <-- 12.978013 s

maxsize : 30
nodes : 1147854.000000
filtered : 38638104.000000
CCGP filtered : 723534.000000
CCGT filtered : 441700.000000
time : 13.210008
