Parameters: GAD=1 vflib=1 dir=0 label=0 lowerbound=1 fileNameGp=../graphsdb/mcs90/rand/r005/mcs90_r005_s35.A97 fileNameGt=../graphsdb/mcs90/rand/r005/mcs90_r005_s35.B97
Reading graphs...
35 :  58
35 :  58
Initializing...
maxdom : 35
D->valSize : 1225
Solving...
currentSize : 20 <-- 0.020734 s
currentSize : 21 <-- 0.020855 s
currentSize : 22 <-- 0.022194 s
currentSize : 23 <-- 0.235057 s
currentSize : 24 <-- 0.235238 s
currentSize : 25 <-- 0.235842 s
currentSize : 26 <-- 0.250604 s
currentSize : 27 <-- 0.254674 s
currentSize : 28 <-- 0.387102 s
currentSize : 29 <-- 0.401450 s
currentSize : 31 <-- 0.441832 s

maxsize : 31
nodes : 45428.000000
filtered : 1162106.000000
CCGP filtered : 264977.000000
CCGT filtered : 274031.000000
time : 0.482063
