Parameters: GAD=1 vflib=1 dir=0 label=0 lowerbound=1 fileNameGp=../graphsdb/mcs90/m2D/m2D/mcs90_m2D_s30.A32 fileNameGt=../graphsdb/mcs90/m2D/m2D/mcs90_m2D_s30.B32
Reading graphs...
30 :  49
30 :  49
Initializing...
maxdom : 30
D->valSize : 900
Solving...
currentSize : 18 <-- 0.011011 s
currentSize : 19 <-- 0.011077 s
currentSize : 20 <-- 0.011347 s
currentSize : 21 <-- 0.011683 s
currentSize : 22 <-- 0.033465 s
currentSize : 23 <-- 0.042519 s
currentSize : 24 <-- 0.042806 s
currentSize : 25 <-- 0.713643 s
currentSize : 27 <-- 0.729267 s

maxsize : 27
nodes : 94337.000000
filtered : 2602542.000000
CCGP filtered : 241779.000000
CCGT filtered : 110681.000000
time : 0.812427
