Parameters: GAD=1 vflib=1 dir=0 label=0 lowerbound=1 fileNameGp=../graphsdb/mcs90/m3D/m3Dr6/mcs90_m3Dr6_s30.A81 fileNameGt=../graphsdb/mcs90/m3D/m3Dr6/mcs90_m3Dr6_s30.B81
Reading graphs...
30 :  78
30 :  79
Initializing...
maxdom : 30
D->valSize : 900
Solving...
currentSize : 11 <-- 0.010401 s
currentSize : 15 <-- 0.010462 s
currentSize : 16 <-- 0.015416 s
currentSize : 17 <-- 0.174092 s
currentSize : 18 <-- 0.684635 s
currentSize : 19 <-- 1.545849 s
currentSize : 20 <-- 4.297902 s
currentSize : 21 <-- 4.298988 s
currentSize : 23 <-- 4.485782 s
currentSize : 24 <-- 4.559908 s
currentSize : 27 <-- 4.561060 s

maxsize : 27
nodes : 542763.000000
filtered : 11086287.000000
CCGP filtered : 660118.000000
CCGT filtered : 584663.000000
time : 4.584597
