Parameters: GAD=1 vflib=1 dir=0 label=0 lowerbound=1 fileNameGp=../graphsdb/mcs90/rand/r005/mcs90_r005_s35.A12 fileNameGt=../graphsdb/mcs90/rand/r005/mcs90_r005_s35.B12
Reading graphs...
35 :  56
35 :  56
Initializing...
maxdom : 35
D->valSize : 1225
Solving...
currentSize : 18 <-- 0.036595 s
currentSize : 19 <-- 0.036756 s
currentSize : 20 <-- 0.043986 s
currentSize : 21 <-- 0.044100 s
currentSize : 22 <-- 0.048485 s
currentSize : 23 <-- 0.048912 s
currentSize : 24 <-- 0.097871 s
currentSize : 25 <-- 6.625475 s
currentSize : 26 <-- 9.156634 s
currentSize : 27 <-- 9.383792 s
currentSize : 28 <-- 19.956985 s
currentSize : 29 <-- 19.978661 s
currentSize : 31 <-- 20.035189 s

maxsize : 31
nodes : 1986321.000000
filtered : 55962311.000000
CCGP filtered : 19307800.000000
CCGT filtered : 12368560.000000
time : 20.139786
