Parameters: GAD=1 vflib=1 dir=0 label=0 lowerbound=1 fileNameGp=../graphsdb/mcs90/rand/r01/mcs90_r01_s30.A91 fileNameGt=../graphsdb/mcs90/rand/r01/mcs90_r01_s30.B91
Reading graphs...
30 :  83
30 :  83
Initializing...
maxdom : 30
D->valSize : 900
Solving...
currentSize : 9 <-- 0.017993 s
currentSize : 11 <-- 0.018037 s
currentSize : 13 <-- 0.018121 s
currentSize : 14 <-- 0.018598 s
currentSize : 15 <-- 0.050474 s
currentSize : 16 <-- 0.129613 s
currentSize : 17 <-- 0.755391 s
currentSize : 18 <-- 1.397507 s
currentSize : 19 <-- 1.853837 s
currentSize : 21 <-- 4.845993 s
currentSize : 27 <-- 4.854697 s

maxsize : 27
nodes : 556398.000000
filtered : 11268428.000000
CCGP filtered : 866052.000000
CCGT filtered : 600707.000000
time : 4.877650
