Parameters: GAD=1 vflib=1 dir=0 label=0 lowerbound=1 fileNameGp=../graphsdb/mcs90/m2D/m2Dr6/mcs90_m2Dr6_s30.A54 fileNameGt=../graphsdb/mcs90/m2D/m2Dr6/mcs90_m2Dr6_s30.B54
Reading graphs...
30 :  66
30 :  65
Initializing...
maxdom : 30
D->valSize : 900
Solving...
currentSize : 12 <-- 0.010867 s
currentSize : 13 <-- 0.010910 s
currentSize : 14 <-- 0.011380 s
currentSize : 15 <-- 0.013722 s
currentSize : 16 <-- 0.031415 s
currentSize : 17 <-- 0.058952 s
currentSize : 18 <-- 0.195648 s
currentSize : 19 <-- 1.155595 s
currentSize : 20 <-- 1.489856 s
currentSize : 21 <-- 1.496831 s
currentSize : 22 <-- 1.496864 s
currentSize : 24 <-- 1.572112 s
currentSize : 25 <-- 1.572219 s

maxsize : 25
nodes : 225760.000000
filtered : 4480735.000000
CCGP filtered : 408837.000000
CCGT filtered : 535495.000000
time : 1.881416
