Parameters: GAD=1 vflib=1 dir=0 label=0 lowerbound=1 fileNameGp=../graphsdb/mcs90/rand/r01/mcs90_r01_s35.A14 fileNameGt=../graphsdb/mcs90/rand/r01/mcs90_r01_s35.B14
Reading graphs...
35 :  116
35 :  116
Initializing...
maxdom : 35
D->valSize : 1225
Solving...
currentSize : 11 <-- 0.033363 s
currentSize : 14 <-- 0.033398 s
currentSize : 15 <-- 0.033705 s
currentSize : 17 <-- 0.035020 s
currentSize : 18 <-- 0.068080 s
currentSize : 19 <-- 1.429715 s
currentSize : 20 <-- 5.010551 s
currentSize : 21 <-- 5.451595 s
currentSize : 22 <-- 8.732075 s
currentSize : 23 <-- 52.540520 s
currentSize : 24 <-- 52.540977 s
currentSize : 31 <-- 52.611481 s

maxsize : 31
nodes : 4707829.000000
filtered : 145396178.000000
CCGP filtered : 3079695.000000
CCGT filtered : 4240721.000000
time : 52.689396
