Parameters: GAD=1 vflib=1 dir=0 label=0 lowerbound=1 fileNameGp=../graphsdb/mcs90/bvg/b03m/mcs90_b03m_s25.A96 fileNameGt=../graphsdb/mcs90/bvg/b03m/mcs90_b03m_s25.B96
Reading graphs...
25 :  36
25 :  36
Initializing...
maxdom : 25
D->valSize : 625
Solving...
currentSize : 8 <-- 0.005399 s
currentSize : 9 <-- 0.005449 s
currentSize : 12 <-- 0.005507 s
currentSize : 14 <-- 0.005799 s
currentSize : 15 <-- 0.006427 s
currentSize : 17 <-- 0.006758 s
currentSize : 18 <-- 0.007917 s
currentSize : 19 <-- 0.013287 s
currentSize : 20 <-- 0.153991 s
currentSize : 21 <-- 0.158968 s
currentSize : 22 <-- 0.159016 s

maxsize : 22
nodes : 18466.000000
filtered : 381336.000000
CCGP filtered : 708473.000000
CCGT filtered : 288441.000000
time : 0.168000
