Parameters: GAD=1 vflib=1 dir=0 label=0 lowerbound=1 fileNameGp=../graphsdb/mcs90/m2D/m2Dr6/mcs90_m2Dr6_s30.A67 fileNameGt=../graphsdb/mcs90/m2D/m2Dr6/mcs90_m2Dr6_s30.B67
Reading graphs...
30 :  65
30 :  64
Initializing...
maxdom : 30
D->valSize : 900
Solving...
currentSize : 14 <-- 0.010862 s
currentSize : 15 <-- 0.010935 s
currentSize : 16 <-- 0.010986 s
currentSize : 17 <-- 0.011210 s
currentSize : 18 <-- 0.019509 s
currentSize : 19 <-- 0.190465 s
currentSize : 20 <-- 10.653479 s
currentSize : 21 <-- 12.947226 s
currentSize : 22 <-- 16.008881 s
currentSize : 23 <-- 16.970997 s
currentSize : 25 <-- 16.984291 s

maxsize : 25
nodes : 2122445.000000
filtered : 46374105.000000
CCGP filtered : 8295726.000000
CCGT filtered : 5398940.000000
time : 17.233145
