Parameters: GAD=1 vflib=1 dir=0 label=0 lowerbound=1 fileNameGp=../graphsdb/mcs90/bvg/b03m/mcs90_b03m_s35.A59 fileNameGt=../graphsdb/mcs90/bvg/b03m/mcs90_b03m_s35.B59
Reading graphs...
35 :  51
35 :  51
Initializing...
maxdom : 35
D->valSize : 1225
Solving...
currentSize : 18 <-- 0.021085 s
currentSize : 19 <-- 0.021205 s
currentSize : 20 <-- 0.022188 s
currentSize : 21 <-- 0.022276 s
currentSize : 23 <-- 0.023009 s
currentSize : 24 <-- 0.023463 s
currentSize : 25 <-- 0.071139 s
currentSize : 26 <-- 0.071406 s
currentSize : 27 <-- 0.072757 s
currentSize : 28 <-- 0.625986 s
currentSize : 29 <-- 0.860096 s
currentSize : 30 <-- 1.297902 s
currentSize : 31 <-- 1.298208 s

maxsize : 31
nodes : 131378.000000
filtered : 4469640.000000
CCGP filtered : 2464984.000000
CCGT filtered : 1464079.000000
time : 1.484364
