Parameters: GAD=1 vflib=1 dir=0 label=0 lowerbound=1 fileNameGp=../graphsdb/mcs90/rand/r02/mcs90_r02_s35.A37 fileNameGt=../graphsdb/mcs90/rand/r02/mcs90_r02_s35.B37
Reading graphs...
35 :  212
35 :  209
Initializing...
maxdom : 35
D->valSize : 1225
Solving...
currentSize : 9 <-- 0.017422 s
currentSize : 10 <-- 0.017478 s
currentSize : 11 <-- 0.017514 s
currentSize : 12 <-- 0.017865 s
currentSize : 13 <-- 0.021739 s
currentSize : 15 <-- 0.027684 s
currentSize : 16 <-- 71.595093 s
currentSize : 18 <-- 151.026169 s
currentSize : 19 <-- 172.963669 s
currentSize : 20 <-- 172.963821 s
currentSize : 31 <-- 226.728622 s

maxsize : 31
nodes : 19623029.000000
filtered : 336336576.000000
CCGP filtered : 143782.000000
CCGT filtered : 612910.000000
time : 226.817139
