Parameters: GAD=1 vflib=1 dir=0 label=0 lowerbound=1 fileNameGp=../graphsdb/mcs90/rand/r005/mcs90_r005_s25.A78 fileNameGt=../graphsdb/mcs90/rand/r005/mcs90_r005_s25.B78
Reading graphs...
25 :  27
25 :  28
Initializing...
maxdom : 25
D->valSize : 625
Solving...
currentSize : 6 <-- 0.005517 s
currentSize : 7 <-- 0.005570 s
currentSize : 9 <-- 0.005585 s
currentSize : 10 <-- 0.005990 s
currentSize : 12 <-- 0.007478 s
currentSize : 13 <-- 0.007545 s
currentSize : 14 <-- 0.008181 s
currentSize : 15 <-- 0.042688 s
currentSize : 16 <-- 0.042744 s
currentSize : 17 <-- 0.043504 s
currentSize : 18 <-- 0.095656 s
currentSize : 20 <-- 0.156475 s
currentSize : 21 <-- 0.156834 s
currentSize : 22 <-- 0.156874 s

maxsize : 22
nodes : 29337.000000
filtered : 303131.000000
CCGP filtered : 505698.000000
CCGT filtered : 103760.000000
time : 0.162469
