Parameters: GAD=1 vflib=1 dir=0 label=0 lowerbound=1 fileNameGp=../graphsdb/mcs90/bvg/b03/mcs90_b03_s35.A20 fileNameGt=../graphsdb/mcs90/bvg/b03/mcs90_b03_s35.B20
Reading graphs...
35 :  52
35 :  52
Initializing...
maxdom : 35
D->valSize : 1225
Solving...
currentSize : 19 <-- 0.021001 s
currentSize : 23 <-- 0.021042 s
currentSize : 24 <-- 0.021820 s
currentSize : 25 <-- 0.022211 s
currentSize : 27 <-- 0.034100 s
currentSize : 28 <-- 0.035679 s
currentSize : 29 <-- 0.042395 s
currentSize : 31 <-- 0.042611 s
currentSize : 32 <-- 0.205033 s

maxsize : 32
nodes : 24712.000000
filtered : 889365.000000
CCGP filtered : 214452.000000
CCGT filtered : 68368.000000
time : 0.282816
