Parameters: GAD=1 vflib=1 dir=0 label=0 lowerbound=1 fileNameGp=../graphsdb/mcs90/rand/r005/mcs90_r005_s35.A60 fileNameGt=../graphsdb/mcs90/rand/r005/mcs90_r005_s35.B60
Reading graphs...
35 :  58
35 :  58
Initializing...
maxdom : 35
D->valSize : 1225
Solving...
currentSize : 17 <-- 0.036618 s
currentSize : 18 <-- 0.036990 s
currentSize : 19 <-- 0.037762 s
currentSize : 20 <-- 0.038222 s
currentSize : 21 <-- 0.040184 s
currentSize : 22 <-- 0.163438 s
currentSize : 23 <-- 0.997907 s
currentSize : 25 <-- 3.470227 s
currentSize : 26 <-- 6.135722 s
currentSize : 27 <-- 6.994551 s
currentSize : 29 <-- 7.419009 s
currentSize : 31 <-- 7.420038 s

maxsize : 31
nodes : 703057.000000
filtered : 18030212.000000
CCGP filtered : 12898566.000000
CCGT filtered : 7152756.000000
time : 7.492690
