Parameters: GAD=1 vflib=1 dir=0 label=0 lowerbound=1 fileNameGp=../graphsdb/mcs90/m3D/m3Dr2/mcs90_m3Dr2_s30.A51 fileNameGt=../graphsdb/mcs90/m3D/m3Dr2/mcs90_m3Dr2_s30.B51
Reading graphs...
30 :  67
30 :  65
Initializing...
maxdom : 30
D->valSize : 900
Solving...
currentSize : 14 <-- 0.010546 s
currentSize : 15 <-- 0.010600 s
currentSize : 16 <-- 0.010848 s
currentSize : 17 <-- 0.011396 s
currentSize : 18 <-- 0.012784 s
currentSize : 19 <-- 0.699197 s
currentSize : 21 <-- 0.846122 s
currentSize : 22 <-- 2.077518 s
currentSize : 24 <-- 2.342273 s
currentSize : 25 <-- 3.008385 s
currentSize : 27 <-- 3.032695 s

maxsize : 27
nodes : 369120.000000
filtered : 8912731.000000
CCGP filtered : 316342.000000
CCGT filtered : 263510.000000
time : 3.089306
