Parameters: GAD=1 vflib=1 dir=0 label=0 lowerbound=1 fileNameGp=../graphsdb/mcs90/rand/r02/mcs90_r02_s35.A45 fileNameGt=../graphsdb/mcs90/rand/r02/mcs90_r02_s35.B45
Reading graphs...
35 :  204
35 :  207
Initializing...
maxdom : 35
D->valSize : 1225
Solving...
currentSize : 9 <-- 0.030007 s
currentSize : 10 <-- 0.030084 s
currentSize : 11 <-- 0.030845 s
currentSize : 12 <-- 0.032265 s
currentSize : 13 <-- 0.042806 s
currentSize : 14 <-- 0.131256 s
currentSize : 15 <-- 106.864288 s
currentSize : 16 <-- 155.640762 s
currentSize : 17 <-- 171.679871 s
currentSize : 20 <-- 193.671692 s
currentSize : 22 <-- 195.241013 s
currentSize : 23 <-- 195.291977 s
currentSize : 25 <-- 195.335739 s
currentSize : 31 <-- 195.374268 s

maxsize : 31
nodes : 18154051.000000
filtered : 204122558.000000
CCGP filtered : 313881.000000
CCGT filtered : 471331.000000
time : 195.476196
