Parameters: GAD=1 vflib=1 dir=0 label=0 lowerbound=1 fileNameGp=../graphsdb/mcs90/bvg/b09m/mcs90_b09m_s35.A60 fileNameGt=../graphsdb/mcs90/bvg/b09m/mcs90_b09m_s35.B60
Reading graphs...
35 :  150
35 :  150
Initializing...
maxdom : 35
D->valSize : 1225
Solving...
currentSize : 13 <-- 0.031613 s
currentSize : 14 <-- 0.031779 s
currentSize : 15 <-- 0.034789 s
currentSize : 16 <-- 0.103129 s
currentSize : 17 <-- 2.054519 s
currentSize : 18 <-- 6.860526 s
currentSize : 19 <-- 14.870788 s
currentSize : 22 <-- 120.094353 s
currentSize : 23 <-- 129.727692 s
currentSize : 30 <-- 129.736877 s

maxsize : 30
nodes : 11496486.000000
filtered : 331621698.000000
CCGP filtered : 4075466.000000
CCGT filtered : 9342863.000000
time : 129.979019
