Parameters: GAD=1 vflib=1 dir=0 label=0 lowerbound=1 fileNameGp=../graphsdb/mcs90/rand/r005/mcs90_r005_s25.A69 fileNameGt=../graphsdb/mcs90/rand/r005/mcs90_r005_s25.B69
Reading graphs...
25 :  29
25 :  29
Initializing...
maxdom : 25
D->valSize : 625
Solving...
currentSize : 13 <-- 0.005452 s
currentSize : 14 <-- 0.010878 s
currentSize : 15 <-- 0.018552 s
currentSize : 16 <-- 0.027045 s
currentSize : 17 <-- 0.027138 s
currentSize : 18 <-- 0.086557 s
currentSize : 19 <-- 0.086990 s
currentSize : 21 <-- 0.095585 s
currentSize : 22 <-- 0.096298 s

maxsize : 22
nodes : 15831.000000
filtered : 263396.000000
CCGP filtered : 170999.000000
CCGT filtered : 117594.000000
time : 0.103273
