Parameters: GAD=1 vflib=1 dir=0 label=0 lowerbound=1 fileNameGp=../graphsdb/mcs90/bvg/b06/mcs90_b06_s25.A53 fileNameGt=../graphsdb/mcs90/bvg/b06/mcs90_b06_s25.B53
Reading graphs...
25 :  75
25 :  75
Initializing...
maxdom : 25
D->valSize : 625
Solving...
currentSize : 12 <-- 0.008450 s
currentSize : 13 <-- 0.009250 s
currentSize : 14 <-- 0.011201 s
currentSize : 18 <-- 0.036346 s
currentSize : 19 <-- 0.038524 s
currentSize : 20 <-- 0.042652 s
currentSize : 21 <-- 0.090806 s
currentSize : 22 <-- 0.104412 s
currentSize : 23 <-- 0.120145 s

maxsize : 23
nodes : 10815.000000
filtered : 204237.000000
CCGP filtered : 1408.000000
CCGT filtered : 422.000000
time : 0.124226
