Parameters: GAD=1 vflib=1 dir=0 label=0 lowerbound=1 fileNameGp=../graphsdb/mcs90/rand/r005/mcs90_r005_s30.A79 fileNameGt=../graphsdb/mcs90/rand/r005/mcs90_r005_s30.B79
Reading graphs...
30 :  41
30 :  41
Initializing...
maxdom : 30
D->valSize : 900
Solving...
currentSize : 12 <-- 0.011235 s
currentSize : 13 <-- 0.011429 s
currentSize : 15 <-- 0.011453 s
currentSize : 17 <-- 0.011541 s
currentSize : 18 <-- 0.020370 s
currentSize : 19 <-- 0.043493 s
currentSize : 20 <-- 0.044339 s
currentSize : 21 <-- 0.044389 s
currentSize : 23 <-- 0.664448 s
currentSize : 24 <-- 0.664918 s
currentSize : 26 <-- 0.669486 s
currentSize : 27 <-- 0.670425 s

maxsize : 27
nodes : 87700.000000
filtered : 1607186.000000
CCGP filtered : 1306866.000000
CCGT filtered : 557531.000000
time : 0.682873
