Parameters: GAD=1 vflib=1 dir=0 label=0 lowerbound=1 fileNameGp=../graphsdb/mcs90/bvg/b09m/mcs90_b09m_s35.A99 fileNameGt=../graphsdb/mcs90/bvg/b09m/mcs90_b09m_s35.B99
Reading graphs...
35 :  151
35 :  152
Initializing...
maxdom : 35
D->valSize : 1225
Solving...
currentSize : 11 <-- 0.031641 s
currentSize : 13 <-- 0.031765 s
currentSize : 14 <-- 0.032655 s
currentSize : 15 <-- 0.076548 s
currentSize : 16 <-- 1.560361 s
currentSize : 17 <-- 4.160828 s
currentSize : 18 <-- 174.776428 s
currentSize : 19 <-- 248.422623 s
currentSize : 20 <-- 248.423340 s
currentSize : 22 <-- 304.977051 s
currentSize : 23 <-- 321.678040 s
currentSize : 28 <-- 321.678314 s
currentSize : 30 <-- 321.678497 s

maxsize : 30
nodes : 29688468.000000
filtered : 618423368.000000
CCGP filtered : 13267884.000000
CCGT filtered : 10077591.000000
time : 321.890747
