Parameters: GAD=1 vflib=1 dir=0 label=0 lowerbound=1 fileNameGp=../graphsdb/mcs90/m2D/m2Dr2/mcs90_m2Dr2_s30.A73 fileNameGt=../graphsdb/mcs90/m2D/m2Dr2/mcs90_m2Dr2_s30.B73
Reading graphs...
30 :  55
30 :  55
Initializing...
maxdom : 30
D->valSize : 900
Solving...
currentSize : 14 <-- 0.019015 s
currentSize : 16 <-- 0.019653 s
currentSize : 17 <-- 0.020208 s
currentSize : 18 <-- 0.020623 s
currentSize : 19 <-- 0.055030 s
currentSize : 20 <-- 0.887421 s
currentSize : 21 <-- 2.726138 s
currentSize : 22 <-- 4.564941 s
currentSize : 24 <-- 4.972987 s
currentSize : 25 <-- 4.973104 s

maxsize : 25
nodes : 677150.000000
filtered : 13078748.000000
CCGP filtered : 4196436.000000
CCGT filtered : 1695497.000000
time : 5.347597
