Parameters: GAD=1 vflib=1 dir=0 label=0 lowerbound=1 fileNameGp=../graphsdb/mcs90/bvg/b06m/mcs90_b06m_s35.A23 fileNameGt=../graphsdb/mcs90/bvg/b06m/mcs90_b06m_s35.B23
Reading graphs...
35 :  104
35 :  102
Initializing...
maxdom : 35
D->valSize : 1225
Solving...
currentSize : 15 <-- 0.019663 s
currentSize : 16 <-- 0.019914 s
currentSize : 17 <-- 0.035158 s
currentSize : 18 <-- 0.412214 s
currentSize : 19 <-- 2.633148 s
currentSize : 20 <-- 47.682510 s
currentSize : 21 <-- 47.685520 s
currentSize : 23 <-- 77.902374 s
currentSize : 26 <-- 78.796242 s
currentSize : 30 <-- 79.610481 s
currentSize : 31 <-- 79.610710 s

maxsize : 31
nodes : 7641798.000000
filtered : 190110957.000000
CCGP filtered : 16924528.000000
CCGT filtered : 21316382.000000
time : 79.684448
