Parameters: GAD=1 vflib=1 dir=0 label=0 lowerbound=1 fileNameGp=../graphsdb/mcs90/bvg/b09m/mcs90_b09m_s25.A62 fileNameGt=../graphsdb/mcs90/bvg/b09m/mcs90_b09m_s25.B62
Reading graphs...
25 :  108
25 :  107
Initializing...
maxdom : 25
D->valSize : 625
Solving...
currentSize : 8 <-- 0.004609 s
currentSize : 9 <-- 0.004657 s
currentSize : 10 <-- 0.004813 s
currentSize : 11 <-- 0.007219 s
currentSize : 12 <-- 0.060897 s
currentSize : 13 <-- 0.190125 s
currentSize : 16 <-- 2.434402 s
currentSize : 17 <-- 2.434452 s
currentSize : 21 <-- 2.860560 s
currentSize : 22 <-- 2.860616 s

maxsize : 22
nodes : 358424.000000
filtered : 4386231.000000
CCGP filtered : 7762.000000
CCGT filtered : 33549.000000
time : 2.875396
