Parameters: GAD=1 vflib=1 dir=0 label=0 lowerbound=1 fileNameGp=../graphsdb/mcs90/bvg/b09/mcs90_b09_s35.A26 fileNameGt=../graphsdb/mcs90/bvg/b09/mcs90_b09_s35.B26
Reading graphs...
35 :  157
35 :  155
Initializing...
maxdom : 35
D->valSize : 1225
Solving...
currentSize : 15 <-- 0.018143 s
currentSize : 18 <-- 0.018600 s
currentSize : 19 <-- 0.019365 s
currentSize : 20 <-- 0.042170 s
currentSize : 21 <-- 0.042964 s
currentSize : 22 <-- 0.069634 s
currentSize : 24 <-- 0.070837 s
currentSize : 26 <-- 0.144463 s
currentSize : 30 <-- 0.175888 s

maxsize : 30
nodes : 66231.000000
filtered : 4355107.000000
CCGP filtered : 436.000000
CCGT filtered : 2012.000000
time : 0.861871
