Parameters: GAD=1 vflib=1 dir=0 label=0 lowerbound=1 fileNameGp=../graphsdb/mcs90/bvg/b06m/mcs90_b06m_s35.A51 fileNameGt=../graphsdb/mcs90/bvg/b06m/mcs90_b06m_s35.B51
Reading graphs...
35 :  103
35 :  103
Initializing...
maxdom : 35
D->valSize : 1225
Solving...
currentSize : 14 <-- 0.024267 s
currentSize : 17 <-- 0.024524 s
currentSize : 18 <-- 0.068147 s
currentSize : 19 <-- 0.853122 s
currentSize : 20 <-- 2.728156 s
currentSize : 21 <-- 2.943555 s
currentSize : 22 <-- 70.139709 s
currentSize : 23 <-- 72.567261 s
currentSize : 24 <-- 84.696930 s
currentSize : 25 <-- 89.506630 s
currentSize : 26 <-- 89.513222 s
currentSize : 27 <-- 89.513374 s
currentSize : 28 <-- 89.824776 s
currentSize : 31 <-- 89.828659 s

maxsize : 31
nodes : 8512672.000000
filtered : 253700843.000000
CCGP filtered : 26155971.000000
CCGT filtered : 21050544.000000
time : 89.925613
