Parameters: GAD=1 vflib=1 dir=0 label=0 lowerbound=1 fileNameGp=../graphsdb/mcs90/m3D/m3Dr6/mcs90_m3Dr6_s30.A45 fileNameGt=../graphsdb/mcs90/m3D/m3Dr6/mcs90_m3Dr6_s30.B45
Reading graphs...
30 :  76
30 :  72
Initializing...
maxdom : 30
D->valSize : 900
Solving...
currentSize : 14 <-- 0.010406 s
currentSize : 16 <-- 0.010453 s
currentSize : 17 <-- 0.010739 s
currentSize : 18 <-- 0.013732 s
currentSize : 19 <-- 4.853916 s
currentSize : 20 <-- 5.933251 s
currentSize : 21 <-- 10.056050 s
currentSize : 23 <-- 10.315728 s
currentSize : 24 <-- 10.952369 s
currentSize : 27 <-- 10.952496 s

maxsize : 27
nodes : 1307911.000000
filtered : 29824462.000000
CCGP filtered : 2221530.000000
CCGT filtered : 1003519.000000
time : 10.981081
