Parameters: GAD=1 vflib=1 dir=0 label=0 lowerbound=1 fileNameGp=../graphsdb/mcs90/rand/r01/mcs90_r01_s35.A28 fileNameGt=../graphsdb/mcs90/rand/r01/mcs90_r01_s35.B28
Reading graphs...
35 :  114
35 :  114
Initializing...
maxdom : 35
D->valSize : 1225
Solving...
currentSize : 9 <-- 0.033225 s
currentSize : 14 <-- 0.033363 s
currentSize : 15 <-- 0.048871 s
currentSize : 16 <-- 0.059164 s
currentSize : 17 <-- 0.112184 s
currentSize : 18 <-- 0.338802 s
currentSize : 19 <-- 2.245298 s
currentSize : 20 <-- 18.322205 s
currentSize : 21 <-- 64.809563 s
currentSize : 24 <-- 74.532417 s
currentSize : 25 <-- 74.534462 s
currentSize : 26 <-- 75.039604 s
currentSize : 27 <-- 75.041290 s
currentSize : 29 <-- 75.834045 s
currentSize : 31 <-- 76.053871 s

maxsize : 31
nodes : 7150432.000000
filtered : 192960583.000000
CCGP filtered : 9442181.000000
CCGT filtered : 5049135.000000
time : 76.070541
