Parameters: GAD=1 vflib=1 dir=0 label=0 lowerbound=1 fileNameGp=../graphsdb/mcs90/bvg/b03m/mcs90_b03m_s35.A15 fileNameGt=../graphsdb/mcs90/bvg/b03m/mcs90_b03m_s35.B15
Reading graphs...
35 :  52
35 :  52
Initializing...
maxdom : 35
D->valSize : 1225
Solving...
currentSize : 20 <-- 0.021228 s
currentSize : 21 <-- 0.021448 s
currentSize : 22 <-- 0.022109 s
currentSize : 23 <-- 0.026671 s
currentSize : 24 <-- 0.080436 s
currentSize : 25 <-- 0.244719 s
currentSize : 26 <-- 0.715266 s
currentSize : 27 <-- 0.715384 s
currentSize : 28 <-- 1.460323 s
currentSize : 29 <-- 3.297807 s
currentSize : 31 <-- 3.708150 s

maxsize : 31
nodes : 346237.000000
filtered : 10799175.000000
CCGP filtered : 11484975.000000
CCGT filtered : 3299459.000000
time : 3.843765
