Parameters: GAD=1 vflib=1 dir=0 label=0 lowerbound=1 fileNameGp=../graphsdb/mcs90/rand/r005/mcs90_r005_s35.A68 fileNameGt=../graphsdb/mcs90/rand/r005/mcs90_r005_s35.B68
Reading graphs...
35 :  58
35 :  57
Initializing...
maxdom : 35
D->valSize : 1225
Solving...
currentSize : 13 <-- 0.020715 s
currentSize : 15 <-- 0.020767 s
currentSize : 16 <-- 0.023736 s
currentSize : 17 <-- 0.025602 s
currentSize : 18 <-- 0.028928 s
currentSize : 19 <-- 0.031509 s
currentSize : 20 <-- 0.108997 s
currentSize : 21 <-- 0.114495 s
currentSize : 22 <-- 0.207069 s
currentSize : 23 <-- 0.662939 s
currentSize : 24 <-- 4.060872 s
currentSize : 25 <-- 15.068140 s
currentSize : 26 <-- 28.630823 s
currentSize : 27 <-- 32.017265 s
currentSize : 28 <-- 32.335808 s
currentSize : 30 <-- 32.335854 s
currentSize : 31 <-- 32.338615 s

maxsize : 31
nodes : 3027744.000000
filtered : 85501272.000000
CCGP filtered : 37533350.000000
CCGT filtered : 36698768.000000
time : 32.388275
