Parameters: GAD=1 vflib=1 dir=0 label=0 lowerbound=1 fileNameGp=../graphsdb/mcs90/m2D/m2Dr6/mcs90_m2Dr6_s30.A08 fileNameGt=../graphsdb/mcs90/m2D/m2Dr6/mcs90_m2Dr6_s30.B08
Reading graphs...
30 :  66
30 :  66
Initializing...
maxdom : 30
D->valSize : 900
Solving...
currentSize : 14 <-- 0.010623 s
currentSize : 15 <-- 0.010719 s
currentSize : 16 <-- 0.011054 s
currentSize : 17 <-- 0.012192 s
currentSize : 18 <-- 0.017566 s
currentSize : 19 <-- 0.017903 s
currentSize : 20 <-- 1.888935 s
currentSize : 24 <-- 3.111167 s
currentSize : 25 <-- 3.111249 s

maxsize : 25
nodes : 400190.000000
filtered : 9000759.000000
CCGP filtered : 1171815.000000
CCGT filtered : 848579.000000
time : 3.383387
