Parameters: GAD=1 vflib=1 dir=0 label=0 lowerbound=1 fileNameGp=../graphsdb/mcs90/m3D/m3Dr6/mcs90_m3Dr6_s30.A28 fileNameGt=../graphsdb/mcs90/m3D/m3Dr6/mcs90_m3Dr6_s30.B28
Reading graphs...
30 :  78
30 :  76
Initializing...
maxdom : 30
D->valSize : 900
Solving...
currentSize : 13 <-- 0.018285 s
currentSize : 14 <-- 0.019072 s
currentSize : 15 <-- 0.021723 s
currentSize : 16 <-- 0.118187 s
currentSize : 17 <-- 0.125766 s
currentSize : 18 <-- 1.848547 s
currentSize : 19 <-- 48.216755 s
currentSize : 20 <-- 48.250465 s
currentSize : 21 <-- 48.252487 s
currentSize : 22 <-- 50.887878 s
currentSize : 27 <-- 50.933334 s

maxsize : 27
nodes : 6409435.000000
filtered : 109778165.000000
CCGP filtered : 1966827.000000
CCGT filtered : 3282214.000000
time : 50.969955
