Parameters: GAD=1 vflib=1 dir=0 label=0 lowerbound=1 fileNameGp=../graphsdb/mcs90/bvg/b09m/mcs90_b09m_s25.A23 fileNameGt=../graphsdb/mcs90/bvg/b09m/mcs90_b09m_s25.B23
Reading graphs...
25 :  106
25 :  108
Initializing...
maxdom : 25
D->valSize : 625
Solving...
currentSize : 9 <-- 0.004599 s
currentSize : 10 <-- 0.004720 s
currentSize : 11 <-- 0.005560 s
currentSize : 12 <-- 0.033691 s
currentSize : 13 <-- 0.046175 s
currentSize : 14 <-- 2.495681 s
currentSize : 15 <-- 4.227784 s
currentSize : 17 <-- 4.241412 s
currentSize : 22 <-- 4.277473 s

maxsize : 22
nodes : 533908.000000
filtered : 7214432.000000
CCGP filtered : 35114.000000
CCGT filtered : 52287.000000
time : 4.294458
