Parameters: GAD=1 vflib=1 dir=0 label=0 lowerbound=1 fileNameGp=../graphsdb/mcs90/rand/r01/mcs90_r01_s35.A55 fileNameGt=../graphsdb/mcs90/rand/r01/mcs90_r01_s35.B55
Reading graphs...
35 :  114
35 :  115
Initializing...
maxdom : 35
D->valSize : 1225
Solving...
currentSize : 14 <-- 0.032989 s
currentSize : 15 <-- 0.033154 s
currentSize : 16 <-- 0.034747 s
currentSize : 17 <-- 0.042771 s
currentSize : 18 <-- 0.042872 s
currentSize : 19 <-- 8.413992 s
currentSize : 21 <-- 13.867656 s
currentSize : 22 <-- 26.790592 s
currentSize : 26 <-- 28.737083 s
currentSize : 31 <-- 32.221272 s

maxsize : 31
nodes : 3042504.000000
filtered : 76247437.000000
CCGP filtered : 2334854.000000
CCGT filtered : 1234791.000000
time : 32.287338
