Parameters: GAD=1 vflib=1 dir=0 label=0 lowerbound=1 fileNameGp=../graphsdb/mcs90/bvg/b09m/mcs90_b09m_s25.A70 fileNameGt=../graphsdb/mcs90/bvg/b09m/mcs90_b09m_s25.B70
Reading graphs...
25 :  106
25 :  106
Initializing...
maxdom : 25
D->valSize : 625
Solving...
currentSize : 9 <-- 0.007903 s
currentSize : 10 <-- 0.007971 s
currentSize : 11 <-- 0.008200 s
currentSize : 12 <-- 0.041641 s
currentSize : 13 <-- 0.051077 s
currentSize : 14 <-- 1.995194 s
currentSize : 15 <-- 3.319179 s
currentSize : 17 <-- 3.321388 s
currentSize : 22 <-- 3.325611 s

maxsize : 22
nodes : 355770.000000
filtered : 5351167.000000
CCGP filtered : 65840.000000
CCGT filtered : 50448.000000
time : 3.346764
