Parameters: GAD=1 vflib=1 dir=0 label=0 lowerbound=1 fileNameGp=../graphsdb/mcs90/bvg/b06m/mcs90_b06m_s30.A05 fileNameGt=../graphsdb/mcs90/bvg/b06m/mcs90_b06m_s30.B05
Reading graphs...
30 :  85
30 :  85
Initializing...
maxdom : 30
D->valSize : 900
Solving...
currentSize : 12 <-- 0.010229 s
currentSize : 14 <-- 0.010446 s
currentSize : 15 <-- 0.010846 s
currentSize : 16 <-- 0.037698 s
currentSize : 17 <-- 0.475007 s
currentSize : 18 <-- 1.737757 s
currentSize : 19 <-- 6.789794 s
currentSize : 21 <-- 6.949561 s
currentSize : 27 <-- 8.362404 s

maxsize : 27
nodes : 944408.000000
filtered : 21902328.000000
CCGP filtered : 1853317.000000
CCGT filtered : 1151126.000000
time : 8.383357
