Parameters: GAD=1 vflib=1 dir=0 label=0 lowerbound=1 fileNameGp=../graphsdb/mcs90/bvg/b03m/mcs90_b03m_s30.A56 fileNameGt=../graphsdb/mcs90/bvg/b03m/mcs90_b03m_s30.B56
Reading graphs...
30 :  44
30 :  44
Initializing...
maxdom : 30
D->valSize : 900
Solving...
currentSize : 15 <-- 0.011481 s
currentSize : 16 <-- 0.011589 s
currentSize : 17 <-- 0.011702 s
currentSize : 18 <-- 0.011838 s
currentSize : 19 <-- 0.011886 s
currentSize : 20 <-- 0.024391 s
currentSize : 21 <-- 0.193548 s
currentSize : 22 <-- 0.287245 s
currentSize : 23 <-- 0.465993 s
currentSize : 24 <-- 0.671425 s
currentSize : 25 <-- 0.671495 s
currentSize : 26 <-- 0.672452 s

maxsize : 26
nodes : 90101.000000
filtered : 1983882.000000
CCGP filtered : 1508989.000000
CCGT filtered : 821218.000000
time : 0.808439
