Parameters: GAD=1 vflib=1 dir=0 label=0 lowerbound=1 fileNameGp=../graphsdb/mcs90/rand/r02/mcs90_r02_s35.A36 fileNameGt=../graphsdb/mcs90/rand/r02/mcs90_r02_s35.B36
Reading graphs...
35 :  212
35 :  216
Initializing...
maxdom : 35
D->valSize : 1225
Solving...
currentSize : 10 <-- 0.029711 s
currentSize : 11 <-- 0.029818 s
currentSize : 12 <-- 0.032102 s
currentSize : 13 <-- 0.045824 s
currentSize : 14 <-- 0.107745 s
currentSize : 15 <-- 20.291119 s
currentSize : 16 <-- 240.475052 s
currentSize : 18 <-- 273.169586 s
currentSize : 22 <-- 273.214630 s
currentSize : 31 <-- 281.811737 s

maxsize : 31
nodes : 25658908.000000
filtered : 314732317.000000
CCGP filtered : 716415.000000
CCGT filtered : 754854.000000
time : 281.918213
