Parameters: GAD=1 vflib=1 dir=0 label=0 lowerbound=1 fileNameGp=../graphsdb/mcs90/bvg/b06m/mcs90_b06m_s35.A60 fileNameGt=../graphsdb/mcs90/bvg/b06m/mcs90_b06m_s35.B60
Reading graphs...
35 :  103
35 :  103
Initializing...
maxdom : 35
D->valSize : 1225
Solving...
currentSize : 12 <-- 0.020221 s
currentSize : 13 <-- 0.020264 s
currentSize : 17 <-- 0.020493 s
currentSize : 18 <-- 0.080258 s
currentSize : 19 <-- 0.233059 s
currentSize : 20 <-- 0.425118 s
currentSize : 21 <-- 33.046368 s
currentSize : 22 <-- 92.602654 s
currentSize : 23 <-- 92.898460 s
currentSize : 24 <-- 98.569351 s
currentSize : 25 <-- 121.252449 s
currentSize : 31 <-- 121.286880 s

maxsize : 31
nodes : 11511556.000000
filtered : 361509273.000000
CCGP filtered : 67387995.000000
CCGT filtered : 21853237.000000
time : 121.348885
