Parameters: GAD=1 vflib=1 dir=0 label=0 lowerbound=1 fileNameGp=../graphsdb/mcs90/rand/r02/mcs90_r02_s30.A42 fileNameGt=../graphsdb/mcs90/rand/r02/mcs90_r02_s30.B42
Reading graphs...
30 :  155
30 :  157
Initializing...
maxdom : 30
D->valSize : 900
Solving...
currentSize : 11 <-- 0.016245 s
currentSize : 12 <-- 0.022754 s
currentSize : 13 <-- 0.036901 s
currentSize : 14 <-- 0.455468 s
currentSize : 15 <-- 2.790317 s
currentSize : 17 <-- 27.998478 s
currentSize : 18 <-- 29.402956 s
currentSize : 20 <-- 30.755363 s
currentSize : 27 <-- 30.758215 s

maxsize : 27
nodes : 3151364.000000
filtered : 44877493.000000
CCGP filtered : 98646.000000
CCGT filtered : 81421.000000
time : 30.775583
