Parameters: GAD=1 vflib=1 dir=0 label=0 lowerbound=1 fileNameGp=../graphsdb/mcs90/bvg/b03m/mcs90_b03m_s30.A02 fileNameGt=../graphsdb/mcs90/bvg/b03m/mcs90_b03m_s30.B02
Reading graphs...
30 :  45
30 :  45
Initializing...
maxdom : 30
D->valSize : 900
Solving...
currentSize : 13 <-- 0.011034 s
currentSize : 14 <-- 0.011572 s
currentSize : 17 <-- 0.011594 s
currentSize : 18 <-- 0.016060 s
currentSize : 19 <-- 0.034793 s
currentSize : 20 <-- 0.043188 s
currentSize : 21 <-- 0.048916 s
currentSize : 22 <-- 0.354098 s
currentSize : 23 <-- 1.061813 s
currentSize : 24 <-- 2.874209 s
currentSize : 25 <-- 2.874315 s
currentSize : 26 <-- 2.874426 s
currentSize : 27 <-- 2.978956 s

maxsize : 27
nodes : 358698.000000
filtered : 7916723.000000
CCGP filtered : 4944024.000000
CCGT filtered : 2237813.000000
time : 2.989368
