Parameters: GAD=1 vflib=1 dir=0 label=0 lowerbound=1 fileNameGp=../graphsdb/mcs90/rand/r01/mcs90_r01_s25.A38 fileNameGt=../graphsdb/mcs90/rand/r01/mcs90_r01_s25.B38
Reading graphs...
25 :  57
25 :  55
Initializing...
maxdom : 25
D->valSize : 625
Solving...
currentSize : 10 <-- 0.005104 s
currentSize : 11 <-- 0.005339 s
currentSize : 13 <-- 0.005556 s
currentSize : 14 <-- 0.005593 s
currentSize : 15 <-- 0.019868 s
currentSize : 16 <-- 0.387458 s
currentSize : 17 <-- 0.522205 s
currentSize : 18 <-- 0.522417 s
currentSize : 20 <-- 0.522490 s
currentSize : 22 <-- 0.524957 s

maxsize : 22
nodes : 74482.000000
filtered : 1333417.000000
CCGP filtered : 245527.000000
CCGT filtered : 220608.000000
time : 0.533855
