Parameters: GAD=1 vflib=1 dir=0 label=0 lowerbound=1 fileNameGp=../graphsdb/mcs90/rand/r02/mcs90_r02_s35.A26 fileNameGt=../graphsdb/mcs90/rand/r02/mcs90_r02_s35.B26
Reading graphs...
35 :  212
35 :  215
Initializing...
maxdom : 35
D->valSize : 1225
Solving...
currentSize : 9 <-- 0.017209 s
currentSize : 10 <-- 0.017279 s
currentSize : 11 <-- 0.020493 s
currentSize : 12 <-- 0.040220 s
currentSize : 13 <-- 0.052844 s
currentSize : 14 <-- 0.359986 s
currentSize : 15 <-- 13.902020 s
currentSize : 17 <-- 173.812119 s
currentSize : 19 <-- 173.812286 s
currentSize : 22 <-- 174.036804 s
currentSize : 26 <-- 174.115143 s
currentSize : 31 <-- 174.115494 s

maxsize : 31
nodes : 15400447.000000
filtered : 170437147.000000
CCGP filtered : 335898.000000
CCGT filtered : 878628.000000
time : 174.268753
