Parameters: GAD=1 vflib=1 dir=0 label=0 lowerbound=1 fileNameGp=../graphsdb/mcs90/bvg/b09m/mcs90_b09m_s35.A49 fileNameGt=../graphsdb/mcs90/bvg/b09m/mcs90_b09m_s35.B49
Reading graphs...
35 :  152
35 :  152
Initializing...
maxdom : 35
D->valSize : 1225
Solving...
currentSize : 11 <-- 0.031570 s
currentSize : 12 <-- 0.031815 s
currentSize : 13 <-- 0.032422 s
currentSize : 14 <-- 0.033063 s
currentSize : 15 <-- 0.129570 s
currentSize : 16 <-- 0.280812 s
currentSize : 17 <-- 0.720998 s
currentSize : 19 <-- 0.918643 s
currentSize : 20 <-- 2.450615 s
currentSize : 23 <-- 6.389727 s
currentSize : 25 <-- 6.458254 s
currentSize : 27 <-- 6.461590 s
currentSize : 30 <-- 7.894811 s

maxsize : 30
nodes : 684851.000000
filtered : 23208980.000000
CCGP filtered : 126205.000000
CCGT filtered : 135024.000000
time : 8.075928
