Parameters: GAD=1 vflib=1 dir=0 label=0 lowerbound=1 fileNameGp=../graphsdb/mcs90/bvg/b06m/mcs90_b06m_s25.A93 fileNameGt=../graphsdb/mcs90/bvg/b06m/mcs90_b06m_s25.B93
Reading graphs...
25 :  72
25 :  72
Initializing...
maxdom : 25
D->valSize : 625
Solving...
currentSize : 8 <-- 0.008408 s
currentSize : 10 <-- 0.008451 s
currentSize : 11 <-- 0.008532 s
currentSize : 12 <-- 0.009588 s
currentSize : 13 <-- 0.011730 s
currentSize : 14 <-- 0.011806 s
currentSize : 15 <-- 0.151002 s
currentSize : 16 <-- 0.187256 s
currentSize : 19 <-- 0.852013 s
currentSize : 22 <-- 0.853679 s

maxsize : 22
nodes : 98499.000000
filtered : 2123619.000000
CCGP filtered : 236444.000000
CCGT filtered : 126153.000000
time : 0.864342
