Parameters: GAD=1 vflib=1 dir=0 label=0 lowerbound=1 fileNameGp=../graphsdb/mcs90/bvg/b06m/mcs90_b06m_s30.A13 fileNameGt=../graphsdb/mcs90/bvg/b06m/mcs90_b06m_s30.B13
Reading graphs...
30 :  86
30 :  86
Initializing...
maxdom : 30
D->valSize : 900
Solving...
currentSize : 14 <-- 0.010265 s
currentSize : 15 <-- 0.010366 s
currentSize : 16 <-- 0.015284 s
currentSize : 17 <-- 0.069704 s
currentSize : 18 <-- 0.070861 s
currentSize : 19 <-- 0.073077 s
currentSize : 20 <-- 0.073105 s
currentSize : 21 <-- 0.073153 s
currentSize : 23 <-- 0.082870 s
currentSize : 24 <-- 0.086881 s
currentSize : 27 <-- 0.094103 s

maxsize : 27
nodes : 11313.000000
filtered : 292924.000000
CCGP filtered : 8503.000000
CCGT filtered : 9030.000000
time : 0.110300
