Parameters: GAD=1 vflib=1 dir=0 label=0 lowerbound=1 fileNameGp=../graphsdb/mcs90/rand/r02/mcs90_r02_s25.A52 fileNameGt=../graphsdb/mcs90/rand/r02/mcs90_r02_s25.B52
Reading graphs...
25 :  110
25 :  110
Initializing...
maxdom : 25
D->valSize : 625
Solving...
currentSize : 8 <-- 0.007835 s
currentSize : 9 <-- 0.008002 s
currentSize : 11 <-- 0.008233 s
currentSize : 12 <-- 0.236988 s
currentSize : 13 <-- 0.427182 s
currentSize : 14 <-- 0.436742 s
currentSize : 15 <-- 1.804540 s
currentSize : 19 <-- 3.360377 s
currentSize : 22 <-- 3.360504 s

maxsize : 22
nodes : 412095.000000
filtered : 5910494.000000
CCGP filtered : 28501.000000
CCGT filtered : 15491.000000
time : 3.374854
