Parameters: GAD=1 vflib=1 dir=0 label=0 lowerbound=1 fileNameGp=../graphsdb/mcs90/rand/r005/mcs90_r005_s35.A57 fileNameGt=../graphsdb/mcs90/rand/r005/mcs90_r005_s35.B57
Reading graphs...
35 :  57
35 :  57
Initializing...
maxdom : 35
D->valSize : 1225
Solving...
currentSize : 18 <-- 0.020972 s
currentSize : 19 <-- 0.038219 s
currentSize : 20 <-- 0.044052 s
currentSize : 21 <-- 0.343963 s
currentSize : 22 <-- 0.744477 s
currentSize : 23 <-- 0.968531 s
currentSize : 24 <-- 2.446020 s
currentSize : 25 <-- 4.360049 s
currentSize : 26 <-- 4.548337 s
currentSize : 27 <-- 10.750222 s
currentSize : 28 <-- 10.763862 s
currentSize : 29 <-- 10.948670 s
currentSize : 31 <-- 11.787415 s

maxsize : 31
nodes : 1141679.000000
filtered : 31844890.000000
CCGP filtered : 12021075.000000
CCGT filtered : 7252797.000000
time : 11.842308
