Parameters: GAD=1 vflib=1 dir=0 label=0 lowerbound=1 fileNameGp=../graphsdb/mcs90/rand/r01/mcs90_r01_s35.A98 fileNameGt=../graphsdb/mcs90/rand/r01/mcs90_r01_s35.B98
Reading graphs...
35 :  113
35 :  114
Initializing...
maxdom : 35
D->valSize : 1225
Solving...
currentSize : 13 <-- 0.019171 s
currentSize : 16 <-- 0.019478 s
currentSize : 17 <-- 0.084270 s
currentSize : 18 <-- 0.172275 s
currentSize : 19 <-- 1.293205 s
currentSize : 20 <-- 2.210775 s
currentSize : 21 <-- 2.219712 s
currentSize : 22 <-- 16.435408 s
currentSize : 24 <-- 16.604467 s
currentSize : 25 <-- 20.289097 s
currentSize : 27 <-- 25.147465 s
currentSize : 31 <-- 25.148296 s

maxsize : 31
nodes : 2303366.000000
filtered : 76598968.000000
CCGP filtered : 1673457.000000
CCGT filtered : 1638628.000000
time : 25.263596
