Parameters: GAD=1 vflib=1 dir=0 label=0 lowerbound=1 fileNameGp=../graphsdb/mcs90/bvg/b09m/mcs90_b09m_s35.A32 fileNameGt=../graphsdb/mcs90/bvg/b09m/mcs90_b09m_s35.B32
Reading graphs...
35 :  152
35 :  152
Initializing...
maxdom : 35
D->valSize : 1225
Solving...
currentSize : 14 <-- 0.031810 s
currentSize : 15 <-- 0.033333 s
currentSize : 16 <-- 0.070512 s
currentSize : 17 <-- 5.976165 s
currentSize : 18 <-- 491.948486 s
currentSize : 19 <-- 494.413055 s
currentSize : 20 <-- 494.554413 s
currentSize : 21 <-- 494.713989 s
currentSize : 30 <-- 494.714783 s

maxsize : 30
nodes : 47544114.000000
filtered : 841406626.000000
CCGP filtered : 14493256.000000
CCGT filtered : 13792115.000000
time : 494.973938
