Parameters: GAD=1 vflib=1 dir=0 label=0 lowerbound=1 fileNameGp=../graphsdb/mcs90/rand/r005/mcs90_r005_s30.A77 fileNameGt=../graphsdb/mcs90/rand/r005/mcs90_r005_s30.B77
Reading graphs...
30 :  42
30 :  42
Initializing...
maxdom : 30
D->valSize : 900
Solving...
currentSize : 14 <-- 0.011308 s
currentSize : 16 <-- 0.011457 s
currentSize : 17 <-- 0.011566 s
currentSize : 18 <-- 0.013262 s
currentSize : 19 <-- 0.020315 s
currentSize : 20 <-- 0.047021 s
currentSize : 21 <-- 0.194347 s
currentSize : 23 <-- 0.279407 s
currentSize : 24 <-- 0.648110 s
currentSize : 26 <-- 0.648692 s
currentSize : 27 <-- 0.649506 s

maxsize : 27
nodes : 67273.000000
filtered : 1550400.000000
CCGP filtered : 834499.000000
CCGT filtered : 978184.000000
time : 0.667943
