Parameters: GAD=1 vflib=1 dir=0 label=0 lowerbound=1 fileNameGp=../graphsdb/mcs90/bvg/b03m/mcs90_b03m_s35.A25 fileNameGt=../graphsdb/mcs90/bvg/b03m/mcs90_b03m_s35.B25
Reading graphs...
35 :  52
35 :  52
Initializing...
maxdom : 35
D->valSize : 1225
Solving...
currentSize : 13 <-- 0.021393 s
currentSize : 16 <-- 0.021452 s
currentSize : 20 <-- 0.021522 s
currentSize : 21 <-- 0.025099 s
currentSize : 22 <-- 0.027438 s
currentSize : 23 <-- 0.174406 s
currentSize : 24 <-- 0.440738 s
currentSize : 25 <-- 21.399998 s
currentSize : 26 <-- 27.720228 s
currentSize : 27 <-- 27.720551 s
currentSize : 28 <-- 27.723345 s
currentSize : 30 <-- 27.723553 s
currentSize : 31 <-- 27.729643 s

maxsize : 31
nodes : 2855408.000000
filtered : 63333361.000000
CCGP filtered : 57212610.000000
CCGT filtered : 24007959.000000
time : 28.031448
