Parameters: GAD=1 vflib=1 dir=0 label=0 lowerbound=1 fileNameGp=../graphsdb/mcs90/m2D/m2Dr6/mcs90_m2Dr6_s20.A47 fileNameGt=../graphsdb/mcs90/m2D/m2Dr6/mcs90_m2Dr6_s20.B47
Reading graphs...
20 :  40
20 :  39
Initializing...
maxdom : 20
D->valSize : 400
Solving...
currentSize : 8 <-- 0.002184 s
currentSize : 9 <-- 0.002203 s
currentSize : 10 <-- 0.002312 s
currentSize : 11 <-- 0.002611 s
currentSize : 12 <-- 0.003410 s
currentSize : 13 <-- 0.024941 s
currentSize : 14 <-- 0.058191 s
currentSize : 15 <-- 0.151079 s
currentSize : 16 <-- 0.151178 s

maxsize : 16
nodes : 33586.000000
filtered : 467851.000000
CCGP filtered : 29513.000000
CCGT filtered : 20540.000000
time : 0.185792
