Parameters: GAD=1 vflib=1 dir=0 label=0 lowerbound=1 fileNameGp=../graphsdb/mcs90/rand/r005/mcs90_r005_s30.A96 fileNameGt=../graphsdb/mcs90/rand/r005/mcs90_r005_s30.B96
Reading graphs...
30 :  40
30 :  41
Initializing...
maxdom : 30
D->valSize : 900
Solving...
currentSize : 17 <-- 0.019902 s
currentSize : 18 <-- 0.020426 s
currentSize : 19 <-- 0.021677 s
currentSize : 20 <-- 0.063863 s
currentSize : 21 <-- 0.308289 s
currentSize : 22 <-- 0.363138 s
currentSize : 23 <-- 0.619019 s
currentSize : 24 <-- 0.625286 s
currentSize : 25 <-- 0.628001 s
currentSize : 26 <-- 0.633199 s
currentSize : 27 <-- 0.657734 s

maxsize : 27
nodes : 74707.000000
filtered : 1592686.000000
CCGP filtered : 980070.000000
CCGT filtered : 660544.000000
time : 0.674553
