Parameters: GAD=1 vflib=1 dir=0 label=0 lowerbound=1 fileNameGp=../graphsdb/mcs90/m2D/m2Dr4/mcs90_m2Dr4_s30.A84 fileNameGt=../graphsdb/mcs90/m2D/m2Dr4/mcs90_m2Dr4_s30.B84
Reading graphs...
30 :  61
30 :  60
Initializing...
maxdom : 30
D->valSize : 900
Solving...
currentSize : 14 <-- 0.018884 s
currentSize : 15 <-- 0.019113 s
currentSize : 16 <-- 0.019884 s
currentSize : 17 <-- 0.019924 s
currentSize : 18 <-- 0.036585 s
currentSize : 19 <-- 0.049358 s
currentSize : 20 <-- 0.748848 s
currentSize : 21 <-- 7.549948 s
currentSize : 22 <-- 12.064122 s
currentSize : 24 <-- 12.067099 s
currentSize : 25 <-- 12.067217 s

maxsize : 25
nodes : 1475163.000000
filtered : 36157612.000000
CCGP filtered : 7626744.000000
CCGT filtered : 3001553.000000
time : 12.327717
