Parameters: GAD=1 vflib=1 dir=0 label=0 lowerbound=1 fileNameGp=../graphsdb/mcs90/bvg/b03m/mcs90_b03m_s35.A65 fileNameGt=../graphsdb/mcs90/bvg/b03m/mcs90_b03m_s35.B65
Reading graphs...
35 :  51
35 :  51
Initializing...
maxdom : 35
D->valSize : 1225
Solving...
currentSize : 16 <-- 0.026657 s
currentSize : 17 <-- 0.026749 s
currentSize : 18 <-- 0.026891 s
currentSize : 19 <-- 0.027030 s
currentSize : 20 <-- 0.027939 s
currentSize : 22 <-- 0.028341 s
currentSize : 23 <-- 0.031000 s
currentSize : 24 <-- 0.159838 s
currentSize : 25 <-- 0.302823 s
currentSize : 26 <-- 0.624556 s
currentSize : 27 <-- 0.627514 s
currentSize : 28 <-- 0.627960 s
currentSize : 29 <-- 0.741342 s
currentSize : 30 <-- 0.741905 s
currentSize : 32 <-- 0.742438 s

maxsize : 32
nodes : 78246.000000
filtered : 1669697.000000
CCGP filtered : 2026543.000000
CCGT filtered : 785923.000000
time : 0.771607
