Parameters: GAD=1 vflib=1 dir=0 label=0 lowerbound=1 fileNameGp=../graphsdb/mcs90/rand/r01/mcs90_r01_s30.A73 fileNameGt=../graphsdb/mcs90/rand/r01/mcs90_r01_s30.B73
Reading graphs...
30 :  86
30 :  86
Initializing...
maxdom : 30
D->valSize : 900
Solving...
currentSize : 9 <-- 0.017535 s
currentSize : 11 <-- 0.017634 s
currentSize : 12 <-- 0.018328 s
currentSize : 13 <-- 0.018810 s
currentSize : 14 <-- 0.019096 s
currentSize : 15 <-- 0.019859 s
currentSize : 16 <-- 0.052632 s
currentSize : 17 <-- 1.418023 s
currentSize : 18 <-- 5.518409 s
currentSize : 20 <-- 6.554483 s
currentSize : 22 <-- 7.108742 s
currentSize : 24 <-- 7.453125 s
currentSize : 27 <-- 7.456290 s

maxsize : 27
nodes : 865362.000000
filtered : 16649009.000000
CCGP filtered : 839158.000000
CCGT filtered : 1154807.000000
time : 7.478189
