Parameters: GAD=1 vflib=1 dir=0 label=0 lowerbound=1 fileNameGp=../graphsdb/mcs90/rand/r005/mcs90_r005_s35.A63 fileNameGt=../graphsdb/mcs90/rand/r005/mcs90_r005_s35.B63
Reading graphs...
35 :  56
35 :  57
Initializing...
maxdom : 35
D->valSize : 1225
Solving...
currentSize : 19 <-- 0.025450 s
currentSize : 20 <-- 0.025667 s
currentSize : 21 <-- 0.034593 s
currentSize : 22 <-- 0.044822 s
currentSize : 23 <-- 0.065966 s
currentSize : 24 <-- 0.414517 s
currentSize : 25 <-- 0.637887 s
currentSize : 26 <-- 0.808708 s
currentSize : 27 <-- 7.366358 s
currentSize : 28 <-- 7.379001 s
currentSize : 29 <-- 7.553038 s
currentSize : 30 <-- 7.562921 s
currentSize : 31 <-- 7.649148 s

maxsize : 31
nodes : 707013.000000
filtered : 25778583.000000
CCGP filtered : 12579166.000000
CCGT filtered : 4005868.000000
time : 7.713376
