Parameters: GAD=1 vflib=1 dir=0 label=0 lowerbound=1 fileNameGp=../graphsdb/mcs90/bvg/b06m/mcs90_b06m_s30.A56 fileNameGt=../graphsdb/mcs90/bvg/b06m/mcs90_b06m_s30.B56
Reading graphs...
30 :  88
30 :  88
Initializing...
maxdom : 30
D->valSize : 900
Solving...
currentSize : 13 <-- 0.010316 s
currentSize : 14 <-- 0.010459 s
currentSize : 15 <-- 0.010681 s
currentSize : 16 <-- 0.013407 s
currentSize : 17 <-- 0.014695 s
currentSize : 18 <-- 0.877133 s
currentSize : 19 <-- 17.716038 s
currentSize : 20 <-- 20.262960 s
currentSize : 21 <-- 21.906252 s
currentSize : 27 <-- 27.086580 s

maxsize : 27
nodes : 3007052.000000
filtered : 76025429.000000
CCGP filtered : 6074726.000000
CCGT filtered : 3521717.000000
time : 27.094944
