Parameters: GAD=1 vflib=1 dir=0 label=0 lowerbound=1 fileNameGp=../graphsdb/mcs90/bvg/b09m/mcs90_b09m_s30.A19 fileNameGt=../graphsdb/mcs90/bvg/b09m/mcs90_b09m_s30.B19
Reading graphs...
30 :  126
30 :  127
Initializing...
maxdom : 30
D->valSize : 900
Solving...
currentSize : 11 <-- 0.009621 s
currentSize : 12 <-- 0.009750 s
currentSize : 13 <-- 0.013009 s
currentSize : 14 <-- 0.059049 s
currentSize : 15 <-- 0.235275 s
currentSize : 16 <-- 1.925395 s
currentSize : 17 <-- 7.560158 s
currentSize : 20 <-- 7.659596 s
currentSize : 21 <-- 9.781845 s
currentSize : 26 <-- 9.811385 s

maxsize : 26
nodes : 1031023.000000
filtered : 21720863.000000
CCGP filtered : 261862.000000
CCGT filtered : 103843.000000
time : 9.906482
