Parameters: GAD=1 vflib=1 dir=0 label=0 lowerbound=1 fileNameGp=../graphsdb/mcs90/rand/r02/mcs90_r02_s30.A36 fileNameGt=../graphsdb/mcs90/rand/r02/mcs90_r02_s30.B36
Reading graphs...
30 :  154
30 :  150
Initializing...
maxdom : 30
D->valSize : 900
Solving...
currentSize : 10 <-- 0.016343 s
currentSize : 11 <-- 0.016589 s
currentSize : 12 <-- 0.051026 s
currentSize : 13 <-- 0.310653 s
currentSize : 14 <-- 6.568009 s
currentSize : 15 <-- 27.661764 s
currentSize : 18 <-- 31.839603 s
currentSize : 20 <-- 31.955160 s
currentSize : 22 <-- 32.017876 s
currentSize : 27 <-- 32.018562 s

maxsize : 27
nodes : 3451045.000000
filtered : 37772850.000000
CCGP filtered : 187963.000000
CCGT filtered : 198662.000000
time : 32.053532
