Parameters: GAD=1 vflib=1 dir=0 label=0 lowerbound=1 fileNameGp=../graphsdb/mcs90/bvg/b03m/mcs90_b03m_s25.A93 fileNameGt=../graphsdb/mcs90/bvg/b03m/mcs90_b03m_s25.B93
Reading graphs...
25 :  37
25 :  37
Initializing...
maxdom : 25
D->valSize : 625
Solving...
currentSize : 11 <-- 0.009290 s
currentSize : 13 <-- 0.009441 s
currentSize : 14 <-- 0.009463 s
currentSize : 15 <-- 0.009875 s
currentSize : 16 <-- 0.009956 s
currentSize : 17 <-- 0.013954 s
currentSize : 18 <-- 0.037687 s
currentSize : 19 <-- 0.082239 s
currentSize : 20 <-- 0.131060 s
currentSize : 21 <-- 0.268492 s
currentSize : 22 <-- 0.268640 s

maxsize : 22
nodes : 21156.000000
filtered : 528798.000000
CCGP filtered : 395853.000000
CCGT filtered : 178228.000000
time : 0.287139
