Parameters: GAD=1 vflib=1 dir=0 label=0 lowerbound=1 fileNameGp=../graphsdb/mcs90/rand/r005/mcs90_r005_s30.A35 fileNameGt=../graphsdb/mcs90/rand/r005/mcs90_r005_s30.B35
Reading graphs...
30 :  42
30 :  42
Initializing...
maxdom : 30
D->valSize : 900
Solving...
currentSize : 13 <-- 0.019732 s
currentSize : 14 <-- 0.019991 s
currentSize : 15 <-- 0.020288 s
currentSize : 18 <-- 0.021158 s
currentSize : 19 <-- 0.134093 s
currentSize : 20 <-- 0.134167 s
currentSize : 21 <-- 0.137521 s
currentSize : 22 <-- 0.201141 s
currentSize : 23 <-- 0.201508 s
currentSize : 24 <-- 0.204078 s
currentSize : 25 <-- 0.204186 s
currentSize : 26 <-- 0.204234 s
currentSize : 27 <-- 0.205829 s

maxsize : 27
nodes : 21065.000000
filtered : 416060.000000
CCGP filtered : 433051.000000
CCGT filtered : 196793.000000
time : 0.213070
