Parameters: GAD=1 vflib=1 dir=0 label=0 lowerbound=1 fileNameGp=../graphsdb/mcs90/bvg/b03m/mcs90_b03m_s30.A51 fileNameGt=../graphsdb/mcs90/bvg/b03m/mcs90_b03m_s30.B51
Reading graphs...
30 :  45
30 :  44
Initializing...
maxdom : 30
D->valSize : 900
Solving...
currentSize : 15 <-- 0.011291 s
currentSize : 17 <-- 0.011320 s
currentSize : 18 <-- 0.011457 s
currentSize : 19 <-- 0.013928 s
currentSize : 20 <-- 0.033133 s
currentSize : 21 <-- 0.042178 s
currentSize : 22 <-- 0.047372 s
currentSize : 23 <-- 0.086571 s
currentSize : 24 <-- 0.236162 s
currentSize : 26 <-- 0.274831 s

maxsize : 26
nodes : 34424.000000
filtered : 977426.000000
CCGP filtered : 847207.000000
CCGT filtered : 461146.000000
time : 0.343757
