Parameters: GAD=1 vflib=1 dir=0 label=0 lowerbound=1 fileNameGp=../graphsdb/mcs90/m3D/m3D/mcs90_m3D_s30.A70 fileNameGt=../graphsdb/mcs90/m3D/m3D/mcs90_m3D_s30.B70
Reading graphs...
30 :  61
30 :  61
Initializing...
maxdom : 30
D->valSize : 900
Solving...
currentSize : 14 <-- 0.018704 s
currentSize : 15 <-- 0.018790 s
currentSize : 16 <-- 0.019217 s
currentSize : 17 <-- 0.019885 s
currentSize : 18 <-- 0.024384 s
currentSize : 19 <-- 0.037522 s
currentSize : 20 <-- 0.067589 s
currentSize : 21 <-- 0.069557 s
currentSize : 22 <-- 2.082147 s
currentSize : 27 <-- 2.179289 s

maxsize : 27
nodes : 297667.000000
filtered : 5077662.000000
CCGP filtered : 105029.000000
CCGT filtered : 211025.000000
time : 2.236511
