Parameters: GAD=1 vflib=1 dir=0 label=0 lowerbound=1 fileNameGp=../graphsdb/mcs10/rand/r005/mcs10_r005_s30.A41 fileNameGt=../graphsdb/mcs10/rand/r005/mcs10_r005_s30.B41
Reading graphs...
30 :  45
30 :  44
Initializing...
maxdom : 30
D->valSize : 900
Solving...
currentSize : 8 <-- 0.019458 s
currentSize : 10 <-- 0.019670 s
currentSize : 11 <-- 0.019767 s
currentSize : 12 <-- 0.020148 s
currentSize : 13 <-- 0.020223 s
currentSize : 15 <-- 0.020388 s
currentSize : 16 <-- 0.021194 s
currentSize : 17 <-- 0.046227 s
currentSize : 18 <-- 0.069057 s
currentSize : 19 <-- 2.234279 s
currentSize : 20 <-- 3.624097 s
currentSize : 21 <-- 4.842752 s

maxsize : 21
nodes : 798913.000000
filtered : 23561249.000000
CCGP filtered : 13503670.000000
CCGT filtered : 9526416.000000
time : 13.448793
