Parameters: GAD=1 vflib=1 dir=0 label=0 lowerbound=1 fileNameGp=../graphsdb/mcs10/rand/r005/mcs10_r005_s30.A91 fileNameGt=../graphsdb/mcs10/rand/r005/mcs10_r005_s30.B91
Reading graphs...
30 :  45
30 :  43
Initializing...
maxdom : 30
D->valSize : 900
Solving...
currentSize : 3 <-- 0.019730 s
currentSize : 14 <-- 0.020095 s
currentSize : 16 <-- 0.020226 s
currentSize : 17 <-- 0.020529 s
currentSize : 18 <-- 0.021091 s
currentSize : 19 <-- 0.022124 s
currentSize : 20 <-- 0.274437 s
currentSize : 21 <-- 0.918686 s
currentSize : 22 <-- 15.187734 s

maxsize : 22
nodes : 722274.000000
filtered : 22211311.000000
CCGP filtered : 9716815.000000
CCGT filtered : 5571330.000000
time : 18.239008
