Parameters: GAD=1 vflib=1 dir=0 label=0 lowerbound=1 fileNameGp=../graphsdb/mcs10/rand/r005/mcs10_r005_s25.A53 fileNameGt=../graphsdb/mcs10/rand/r005/mcs10_r005_s25.B53
Reading graphs...
25 :  31
25 :  31
Initializing...
maxdom : 25
D->valSize : 625
Solving...
currentSize : 6 <-- 0.005425 s
currentSize : 8 <-- 0.005520 s
currentSize : 9 <-- 0.005602 s
currentSize : 11 <-- 0.005650 s
currentSize : 12 <-- 0.006005 s
currentSize : 13 <-- 0.006050 s
currentSize : 14 <-- 0.006146 s
currentSize : 15 <-- 0.006247 s
currentSize : 16 <-- 0.006981 s
currentSize : 17 <-- 0.062541 s
currentSize : 19 <-- 0.116714 s

maxsize : 19
nodes : 29017.000000
filtered : 721275.000000
CCGP filtered : 684178.000000
CCGT filtered : 206545.000000
time : 0.625698
