Parameters: GAD=1 vflib=1 dir=0 label=0 lowerbound=1 fileNameGp=../graphsdb/mcs10/rand/r005/mcs10_r005_s35.A23 fileNameGt=../graphsdb/mcs10/rand/r005/mcs10_r005_s35.B23
Reading graphs...
35 :  60
35 :  60
Initializing...
maxdom : 35
D->valSize : 1225
Solving...
currentSize : 15 <-- 0.020798 s
currentSize : 16 <-- 0.020999 s
currentSize : 17 <-- 0.021366 s
currentSize : 18 <-- 0.021526 s
currentSize : 19 <-- 0.022074 s
currentSize : 20 <-- 0.044592 s
currentSize : 21 <-- 0.075191 s
currentSize : 22 <-- 3.116049 s
currentSize : 23 <-- 3.334586 s
currentSize : 24 <-- 3.336646 s

maxsize : 24
nodes : 12347221.000000
filtered : 487433687.000000
CCGP filtered : 168471926.000000
CCGT filtered : 59046575.000000
time : 252.272675
