Parameters: GAD=1 vflib=1 dir=0 label=0 lowerbound=1 fileNameGp=../graphsdb/mcs10/rand/r005/mcs10_r005_s35.A37 fileNameGt=../graphsdb/mcs10/rand/r005/mcs10_r005_s35.B37
Reading graphs...
35 :  60
35 :  59
Initializing...
maxdom : 35
D->valSize : 1225
Solving...
currentSize : 15 <-- 0.020543 s
currentSize : 16 <-- 0.020592 s
currentSize : 17 <-- 0.020742 s
currentSize : 18 <-- 0.021131 s
currentSize : 19 <-- 0.021317 s
currentSize : 20 <-- 0.035048 s
currentSize : 21 <-- 0.041408 s
currentSize : 22 <-- 1.321551 s
currentSize : 23 <-- 8.432636 s
currentSize : 24 <-- 8.448198 s
currentSize : 25 <-- 526.060181 s

maxsize : 25
nodes : 30095063.000000
filtered : 1118570363.000000
CCGP filtered : 345979599.000000
CCGT filtered : 174871666.000000
time : 835.967346
