Parameters: GAD=1 vflib=1 dir=0 label=0 lowerbound=1 fileNameGp=../graphsdb/mcs10/rand/r005/mcs10_r005_s30.A99 fileNameGt=../graphsdb/mcs10/rand/r005/mcs10_r005_s30.B99
Reading graphs...
30 :  44
30 :  43
Initializing...
maxdom : 30
D->valSize : 900
Solving...
currentSize : 12 <-- 0.019824 s
currentSize : 13 <-- 0.020110 s
currentSize : 14 <-- 0.020343 s
currentSize : 15 <-- 0.024537 s
currentSize : 16 <-- 0.031950 s
currentSize : 18 <-- 0.035413 s
currentSize : 19 <-- 0.073564 s
currentSize : 20 <-- 0.073690 s
currentSize : 21 <-- 0.344961 s

maxsize : 21
nodes : 800260.000000
filtered : 25056780.000000
CCGP filtered : 13268710.000000
CCGT filtered : 6804885.000000
time : 16.242407
