Parameters: GAD=1 vflib=1 dir=0 label=0 lowerbound=1 fileNameGp=../graphsdb/mcs10/rand/r005/mcs10_r005_s35.A48 fileNameGt=../graphsdb/mcs10/rand/r005/mcs10_r005_s35.B48
Reading graphs...
35 :  60
35 :  60
Initializing...
maxdom : 35
D->valSize : 1225
Solving...
currentSize : 14 <-- 0.020536 s
currentSize : 17 <-- 0.020573 s
currentSize : 18 <-- 0.021301 s
currentSize : 19 <-- 0.046972 s
currentSize : 20 <-- 0.104895 s
currentSize : 21 <-- 0.149490 s
currentSize : 22 <-- 0.525579 s
currentSize : 23 <-- 9.656820 s
currentSize : 24 <-- 63.530613 s

maxsize : 24
nodes : 10657571.000000
filtered : 429050942.000000
CCGP filtered : 116395000.000000
CCGT filtered : 119247335.000000
time : 287.145355
