Parameters: GAD=1 vflib=1 dir=0 label=0 lowerbound=1 fileNameGp=../graphsdb/mcs10/rand/r005/mcs10_r005_s30.A17 fileNameGt=../graphsdb/mcs10/rand/r005/mcs10_r005_s30.B17
Reading graphs...
30 :  43
30 :  45
Initializing...
maxdom : 30
D->valSize : 900
Solving...
currentSize : 13 <-- 0.019735 s
currentSize : 14 <-- 0.019872 s
currentSize : 15 <-- 0.020184 s
currentSize : 16 <-- 0.020476 s
currentSize : 17 <-- 0.023700 s
currentSize : 18 <-- 0.024471 s
currentSize : 19 <-- 0.043445 s
currentSize : 20 <-- 0.321310 s
currentSize : 21 <-- 0.322498 s

maxsize : 21
nodes : 1200548.000000
filtered : 37283098.000000
CCGP filtered : 30394000.000000
CCGT filtered : 13524865.000000
time : 24.482555
