Parameters: GAD=1 vflib=1 dir=0 label=0 lowerbound=1 fileNameGp=../graphsdb/mcs10/rand/r005/mcs10_r005_s30.A15 fileNameGt=../graphsdb/mcs10/rand/r005/mcs10_r005_s30.B15
Reading graphs...
30 :  45
30 :  45
Initializing...
maxdom : 30
D->valSize : 900
Solving...
currentSize : 13 <-- 0.010977 s
currentSize : 14 <-- 0.011030 s
currentSize : 15 <-- 0.011931 s
currentSize : 16 <-- 0.012283 s
currentSize : 17 <-- 0.012384 s
currentSize : 18 <-- 0.013219 s
currentSize : 19 <-- 0.018750 s
currentSize : 20 <-- 0.043102 s
currentSize : 21 <-- 1.729748 s

maxsize : 21
nodes : 617640.000000
filtered : 20580640.000000
CCGP filtered : 10884199.000000
CCGT filtered : 6762925.000000
time : 13.694338
