Parameters: GAD=1 vflib=1 dir=0 label=0 lowerbound=1 fileNameGp=../graphsdb/mcs10/rand/r005/mcs10_r005_s35.A74 fileNameGt=../graphsdb/mcs10/rand/r005/mcs10_r005_s35.B74
Reading graphs...
35 :  60
35 :  61
Initializing...
maxdom : 35
D->valSize : 1225
Solving...
currentSize : 16 <-- 0.020740 s
currentSize : 17 <-- 0.021472 s
currentSize : 18 <-- 0.021610 s
currentSize : 19 <-- 0.031407 s
currentSize : 20 <-- 0.054643 s
currentSize : 21 <-- 0.155897 s
currentSize : 22 <-- 1.501647 s
currentSize : 23 <-- 13.338209 s
currentSize : 24 <-- 20.085062 s

maxsize : 24
nodes : 5593987.000000
filtered : 226259533.000000
CCGP filtered : 96619364.000000
CCGT filtered : 52654820.000000
time : 140.794495
