Parameters: GAD=1 vflib=1 dir=0 label=0 lowerbound=1 fileNameGp=../graphsdb/mcs10/rand/r005/mcs10_r005_s30.A31 fileNameGt=../graphsdb/mcs10/rand/r005/mcs10_r005_s30.B31
Reading graphs...
30 :  45
30 :  43
Initializing...
maxdom : 30
D->valSize : 900
Solving...
currentSize : 14 <-- 0.011194 s
currentSize : 15 <-- 0.011634 s
currentSize : 16 <-- 0.013751 s
currentSize : 17 <-- 0.015413 s
currentSize : 18 <-- 0.022977 s
currentSize : 19 <-- 0.025031 s
currentSize : 20 <-- 0.065485 s
currentSize : 21 <-- 0.217005 s
currentSize : 22 <-- 4.367754 s
currentSize : 23 <-- 5.280829 s

maxsize : 23
nodes : 445363.000000
filtered : 13199393.000000
CCGP filtered : 5609390.000000
CCGT filtered : 2254828.000000
time : 7.843241
