Parameters: GAD=1 vflib=1 dir=0 label=0 lowerbound=1 fileNameGp=../graphsdb/mcs10/rand/r005/mcs10_r005_s35.A22 fileNameGt=../graphsdb/mcs10/rand/r005/mcs10_r005_s35.B22
Reading graphs...
35 :  61
35 :  58
Initializing...
maxdom : 35
D->valSize : 1225
Solving...
currentSize : 14 <-- 0.020610 s
currentSize : 16 <-- 0.020743 s
currentSize : 17 <-- 0.021026 s
currentSize : 18 <-- 0.021527 s
currentSize : 19 <-- 0.021795 s
currentSize : 20 <-- 0.102475 s
currentSize : 21 <-- 0.137468 s
currentSize : 22 <-- 0.900546 s
currentSize : 23 <-- 1.794638 s
currentSize : 24 <-- 31.417873 s
currentSize : 25 <-- 74.489998 s

maxsize : 25
nodes : 11971405.000000
filtered : 464135824.000000
CCGP filtered : 102124004.000000
CCGT filtered : 75945892.000000
time : 308.824951
