Parameters: GAD=1 vflib=1 dir=0 label=0 lowerbound=1 fileNameGp=../graphsdb/mcs10/rand/r005/mcs10_r005_s35.A73 fileNameGt=../graphsdb/mcs10/rand/r005/mcs10_r005_s35.B73
Reading graphs...
35 :  60
35 :  61
Initializing...
maxdom : 35
D->valSize : 1225
Solving...
currentSize : 13 <-- 0.036833 s
currentSize : 14 <-- 0.037059 s
currentSize : 15 <-- 0.037182 s
currentSize : 16 <-- 0.059915 s
currentSize : 17 <-- 0.063496 s
currentSize : 18 <-- 0.101724 s
currentSize : 19 <-- 0.102250 s
currentSize : 20 <-- 0.107920 s
currentSize : 21 <-- 0.179741 s
currentSize : 22 <-- 0.440146 s
currentSize : 23 <-- 22.292324 s
currentSize : 24 <-- 136.650940 s

maxsize : 24
nodes : 19673740.000000
filtered : 668573192.000000
CCGP filtered : 200407062.000000
CCGT filtered : 112377280.000000
time : 392.506042
