Parameters: GAD=1 vflib=1 dir=0 label=0 lowerbound=1 fileNameGp=../graphsdb/mcs10/rand/r005/mcs10_r005_s20.A57 fileNameGt=../graphsdb/mcs10/rand/r005/mcs10_r005_s20.B57
Reading graphs...
20 :  20
20 :  20
Initializing...
maxdom : 20
D->valSize : 400
Solving...
currentSize : 5 <-- 0.002529 s
currentSize : 7 <-- 0.002575 s
currentSize : 8 <-- 0.002599 s
currentSize : 9 <-- 0.003105 s
currentSize : 10 <-- 0.005445 s
currentSize : 11 <-- 0.010881 s
currentSize : 12 <-- 0.011389 s
currentSize : 13 <-- 0.013161 s
currentSize : 14 <-- 0.013792 s

maxsize : 14
nodes : 7175.000000
filtered : 113650.000000
CCGP filtered : 222822.000000
CCGT filtered : 98798.000000
time : 0.068566
