Parameters: GAD=1 vflib=1 dir=0 label=0 lowerbound=1 fileNameGp=../graphsdb/mcs10/rand/r005/mcs10_r005_s35.A59 fileNameGt=../graphsdb/mcs10/rand/r005/mcs10_r005_s35.B59
Reading graphs...
35 :  59
35 :  59
Initializing...
maxdom : 35
D->valSize : 1225
Solving...
currentSize : 13 <-- 0.020905 s
currentSize : 14 <-- 0.021095 s
currentSize : 15 <-- 0.021221 s
currentSize : 16 <-- 0.021344 s
currentSize : 17 <-- 0.021808 s
currentSize : 18 <-- 0.022054 s
currentSize : 19 <-- 0.026135 s
currentSize : 20 <-- 0.030414 s
currentSize : 21 <-- 0.030608 s
currentSize : 22 <-- 0.884038 s
currentSize : 23 <-- 1.046650 s
currentSize : 24 <-- 7.157868 s
currentSize : 25 <-- 110.244843 s

maxsize : 25
nodes : 12632609.000000
filtered : 522573072.000000
CCGP filtered : 137457111.000000
CCGT filtered : 71265012.000000
time : 432.303986
