Parameters: GAD=1 vflib=1 dir=0 label=0 lowerbound=1 fileNameGp=../graphsdb/mcs10/rand/r005/mcs10_r005_s25.A72 fileNameGt=../graphsdb/mcs10/rand/r005/mcs10_r005_s25.B72
Reading graphs...
25 :  31
25 :  31
Initializing...
maxdom : 25
D->valSize : 625
Solving...
currentSize : 5 <-- 0.005335 s
currentSize : 10 <-- 0.005601 s
currentSize : 12 <-- 0.006637 s
currentSize : 13 <-- 0.011955 s
currentSize : 14 <-- 0.012084 s
currentSize : 15 <-- 0.012385 s
currentSize : 16 <-- 0.039419 s
currentSize : 17 <-- 0.045328 s
currentSize : 18 <-- 0.091224 s

maxsize : 18
nodes : 40809.000000
filtered : 1002960.000000
CCGP filtered : 994423.000000
CCGT filtered : 685823.000000
time : 0.789131
