Parameters: GAD=1 vflib=1 dir=0 label=0 lowerbound=1 fileNameGp=../graphsdb/mcs10/rand/r005/mcs10_r005_s35.A82 fileNameGt=../graphsdb/mcs10/rand/r005/mcs10_r005_s35.B82
Reading graphs...
35 :  59
35 :  59
Initializing...
maxdom : 35
D->valSize : 1225
Solving...
currentSize : 17 <-- 0.020670 s
currentSize : 18 <-- 0.020871 s
currentSize : 19 <-- 0.021343 s
currentSize : 20 <-- 0.021521 s
currentSize : 21 <-- 0.028572 s
currentSize : 22 <-- 0.065719 s
currentSize : 23 <-- 4.641090 s
currentSize : 24 <-- 11.967808 s
currentSize : 25 <-- 33.726391 s

maxsize : 25
nodes : 13553920.000000
filtered : 510418758.000000
CCGP filtered : 99391508.000000
CCGT filtered : 68360467.000000
time : 394.276428
