Parameters: GAD=1 vflib=1 dir=0 label=0 lowerbound=1 fileNameGp=../graphsdb/mcs10/rand/r005/mcs10_r005_s25.A86 fileNameGt=../graphsdb/mcs10/rand/r005/mcs10_r005_s25.B86
Reading graphs...
25 :  31
25 :  31
Initializing...
maxdom : 25
D->valSize : 625
Solving...
currentSize : 7 <-- 0.009640 s
currentSize : 9 <-- 0.009686 s
currentSize : 12 <-- 0.009877 s
currentSize : 13 <-- 0.010241 s
currentSize : 14 <-- 0.012243 s
currentSize : 15 <-- 0.012509 s
currentSize : 16 <-- 0.012549 s
currentSize : 17 <-- 0.195031 s
currentSize : 18 <-- 1.133600 s

maxsize : 18
nodes : 114925.000000
filtered : 2543610.000000
CCGP filtered : 2213907.000000
CCGT filtered : 1481997.000000
time : 1.232357
