Parameters: GAD=1 vflib=1 dir=0 label=0 lowerbound=1 fileNameGp=../graphsdb/mcs10/rand/r005/mcs10_r005_s35.A57 fileNameGt=../graphsdb/mcs10/rand/r005/mcs10_r005_s35.B57
Reading graphs...
35 :  59
35 :  60
Initializing...
maxdom : 35
D->valSize : 1225
Solving...
currentSize : 15 <-- 0.020601 s
currentSize : 16 <-- 0.020927 s
currentSize : 18 <-- 0.021072 s
currentSize : 19 <-- 0.025007 s
currentSize : 20 <-- 0.048910 s
currentSize : 21 <-- 0.068405 s
currentSize : 22 <-- 0.140909 s
currentSize : 23 <-- 0.362094 s
currentSize : 24 <-- 0.422088 s
currentSize : 25 <-- 116.964088 s

maxsize : 25
nodes : 11048213.000000
filtered : 429539895.000000
CCGP filtered : 104410065.000000
CCGT filtered : 66741886.000000
time : 266.480011
