Parameters: GAD=1 vflib=1 dir=0 label=0 lowerbound=1 fileNameGp=../graphsdb/mcs10/rand/r005/mcs10_r005_s35.A79 fileNameGt=../graphsdb/mcs10/rand/r005/mcs10_r005_s35.B79
Reading graphs...
35 :  59
35 :  60
Initializing...
maxdom : 35
D->valSize : 1225
Solving...
currentSize : 14 <-- 0.020632 s
currentSize : 15 <-- 0.020671 s
currentSize : 16 <-- 0.020769 s
currentSize : 17 <-- 0.020974 s
currentSize : 19 <-- 0.021043 s
currentSize : 20 <-- 0.021196 s
currentSize : 21 <-- 0.022736 s
currentSize : 22 <-- 0.057849 s
currentSize : 23 <-- 0.458601 s
currentSize : 24 <-- 35.373367 s

maxsize : 24
nodes : 10173529.000000
filtered : 372640642.000000
CCGP filtered : 89158501.000000
CCGT filtered : 90706602.000000
time : 237.801056
