Parameters: GAD=1 vflib=1 dir=0 label=0 lowerbound=1 fileNameGp=../graphsdb/mcs30/m3D/m3D/mcs30_m3D_s30.A99 fileNameGt=../graphsdb/mcs30/m3D/m3D/mcs30_m3D_s30.B99
Reading graphs...
30 :  60
30 :  59
Initializing...
maxdom : 30
D->valSize : 900
Solving...
currentSize : 12 <-- 0.018979 s
currentSize : 13 <-- 0.019136 s
currentSize : 14 <-- 0.019303 s
currentSize : 15 <-- 0.019605 s
currentSize : 16 <-- 0.026774 s
currentSize : 17 <-- 0.026974 s
currentSize : 18 <-- 0.085281 s
currentSize : 19 <-- 2.183750 s
currentSize : 20 <-- 3.860055 s

maxsize : 20
nodes : 5975130.000000
filtered : 184909260.000000
CCGP filtered : 26703370.000000
CCGT filtered : 21905315.000000
time : 100.961136
