Parameters: GAD=1 vflib=1 dir=0 label=0 lowerbound=1 fileNameGp=../graphsdb/mcs30/bvg/b06/mcs30_b06_s30.A40 fileNameGt=../graphsdb/mcs30/bvg/b06/mcs30_b06_s30.B40
Reading graphs...
30 :  88
30 :  88
Initializing...
maxdom : 30
D->valSize : 900
Solving...
currentSize : 11 <-- 0.010560 s
currentSize : 12 <-- 0.010629 s
currentSize : 13 <-- 0.010758 s
currentSize : 14 <-- 0.011545 s
currentSize : 15 <-- 0.011762 s
currentSize : 16 <-- 0.013631 s
currentSize : 17 <-- 0.235375 s
currentSize : 18 <-- 6.494216 s
currentSize : 19 <-- 8.116180 s

maxsize : 19
nodes : 3389919.000000
filtered : 113578316.000000
CCGP filtered : 8522774.000000
CCGT filtered : 3770231.000000
time : 49.001759
