Parameters: GAD=1 vflib=1 dir=0 label=0 lowerbound=1 fileNameGp=../graphsdb/mcs30/m2D/m2Dr4/mcs30_m2Dr4_s30.A14 fileNameGt=../graphsdb/mcs30/m2D/m2Dr4/mcs30_m2Dr4_s30.B14
Reading graphs...
30 :  59
30 :  58
Initializing...
maxdom : 30
D->valSize : 900
Solving...
currentSize : 12 <-- 0.010955 s
currentSize : 13 <-- 0.010982 s
currentSize : 14 <-- 0.011048 s
currentSize : 15 <-- 0.011090 s
currentSize : 16 <-- 0.011360 s
currentSize : 17 <-- 0.023724 s
currentSize : 18 <-- 0.068560 s
currentSize : 19 <-- 0.111962 s
currentSize : 20 <-- 1.034084 s

maxsize : 20
nodes : 2210740.000000
filtered : 75363965.000000
CCGP filtered : 16479897.000000
CCGT filtered : 14777639.000000
time : 43.067932
