Parameters: GAD=1 vflib=1 dir=0 label=0 lowerbound=1 fileNameGp=../graphsdb/mcs30/bvg/b03/mcs30_b03_s30.A38 fileNameGt=../graphsdb/mcs30/bvg/b03/mcs30_b03_s30.B38
Reading graphs...
30 :  45
30 :  45
Initializing...
maxdom : 30
D->valSize : 900
Solving...
currentSize : 11 <-- 0.011935 s
currentSize : 12 <-- 0.012000 s
currentSize : 14 <-- 0.012030 s
currentSize : 15 <-- 0.016335 s
currentSize : 16 <-- 0.016446 s
currentSize : 17 <-- 0.021741 s
currentSize : 18 <-- 0.031461 s
currentSize : 19 <-- 0.457600 s
currentSize : 20 <-- 0.467711 s
currentSize : 21 <-- 4.612479 s

maxsize : 21
nodes : 1111841.000000
filtered : 34650965.000000
CCGP filtered : 23163252.000000
CCGT filtered : 13748866.000000
time : 19.730339
