Parameters: GAD=1 vflib=1 dir=0 label=0 lowerbound=1 fileNameGp=../graphsdb/mcs30/bvg/b03/mcs30_b03_s25.A89 fileNameGt=../graphsdb/mcs30/bvg/b03/mcs30_b03_s25.B89
Reading graphs...
25 :  36
25 :  37
Initializing...
maxdom : 25
D->valSize : 625
Solving...
currentSize : 5 <-- 0.009226 s
currentSize : 6 <-- 0.009320 s
currentSize : 10 <-- 0.009386 s
currentSize : 11 <-- 0.009433 s
currentSize : 13 <-- 0.009843 s
currentSize : 14 <-- 0.014707 s
currentSize : 15 <-- 0.042181 s
currentSize : 16 <-- 0.063245 s
currentSize : 17 <-- 0.339081 s

maxsize : 17
nodes : 63656.000000
filtered : 1689318.000000
CCGP filtered : 981305.000000
CCGT filtered : 802144.000000
time : 0.765770
