Parameters: GAD=1 vflib=1 dir=0 label=0 lowerbound=1 fileNameGp=../graphsdb/mcs30/m2D/m2Dr4/mcs30_m2Dr4_s30.A31 fileNameGt=../graphsdb/mcs30/m2D/m2Dr4/mcs30_m2Dr4_s30.B31
Reading graphs...
30 :  59
30 :  58
Initializing...
maxdom : 30
D->valSize : 900
Solving...
currentSize : 12 <-- 0.011041 s
currentSize : 13 <-- 0.011272 s
currentSize : 14 <-- 0.011986 s
currentSize : 15 <-- 0.014209 s
currentSize : 17 <-- 0.014357 s
currentSize : 18 <-- 0.118425 s
currentSize : 19 <-- 0.691366 s
currentSize : 20 <-- 6.481698 s
currentSize : 21 <-- 6.528152 s

maxsize : 21
nodes : 1450570.000000
filtered : 50524163.000000
CCGP filtered : 9220158.000000
CCGT filtered : 8197316.000000
time : 27.932320
