Parameters: GAD=1 vflib=1 dir=0 label=0 lowerbound=1 fileNameGp=../graphsdb/mcs30/bvg/b03m/mcs30_b03m_s35.A88 fileNameGt=../graphsdb/mcs30/bvg/b03m/mcs30_b03m_s35.B88
Reading graphs...
35 :  52
35 :  52
Initializing...
maxdom : 35
D->valSize : 1225
Solving...
currentSize : 13 <-- 0.021171 s
currentSize : 14 <-- 0.021307 s
currentSize : 15 <-- 0.021834 s
currentSize : 16 <-- 0.021881 s
currentSize : 17 <-- 0.023824 s
currentSize : 20 <-- 0.030701 s
currentSize : 21 <-- 0.031293 s
currentSize : 22 <-- 0.072504 s
currentSize : 23 <-- 3.526032 s
currentSize : 24 <-- 28.356936 s

maxsize : 24
nodes : 3047753.000000
filtered : 93327654.000000
CCGP filtered : 56977055.000000
CCGT filtered : 37298761.000000
time : 68.827583
