Parameters: GAD=1 vflib=1 dir=0 label=0 lowerbound=1 fileNameGp=../graphsdb/mcs30/m2D/m2Dr6/mcs30_m2Dr6_s30.A57 fileNameGt=../graphsdb/mcs30/m2D/m2Dr6/mcs30_m2Dr6_s30.B57
Reading graphs...
30 :  65
30 :  62
Initializing...
maxdom : 30
D->valSize : 900
Solving...
currentSize : 10 <-- 0.018760 s
currentSize : 11 <-- 0.018925 s
currentSize : 13 <-- 0.019028 s
currentSize : 14 <-- 0.019278 s
currentSize : 15 <-- 0.020705 s
currentSize : 16 <-- 0.125560 s
currentSize : 17 <-- 0.355207 s
currentSize : 18 <-- 0.388178 s
currentSize : 19 <-- 26.764244 s
currentSize : 20 <-- 105.295547 s

maxsize : 20
nodes : 9340780.000000
filtered : 249408990.000000
CCGP filtered : 34697136.000000
CCGT filtered : 19695644.000000
time : 137.947556
