Parameters: GAD=1 vflib=1 dir=0 label=0 lowerbound=1 fileNameGp=../graphsdb/mcs30/bvg/b03/mcs30_b03_s35.A16 fileNameGt=../graphsdb/mcs30/bvg/b03/mcs30_b03_s35.B16
Reading graphs...
35 :  50
35 :  52
Initializing...
maxdom : 35
D->valSize : 1225
Solving...
currentSize : 10 <-- 0.021266 s
currentSize : 11 <-- 0.021315 s
currentSize : 12 <-- 0.021582 s
currentSize : 13 <-- 0.021742 s
currentSize : 16 <-- 0.021845 s
currentSize : 17 <-- 0.022226 s
currentSize : 18 <-- 0.022823 s
currentSize : 19 <-- 0.034432 s
currentSize : 20 <-- 0.187136 s
currentSize : 22 <-- 0.208831 s
currentSize : 23 <-- 0.932118 s
currentSize : 24 <-- 22.342937 s

maxsize : 24
nodes : 7812077.000000
filtered : 249495294.000000
CCGP filtered : 200092708.000000
CCGT filtered : 92487846.000000
time : 160.913101
