Parameters: GAD=1 vflib=1 dir=0 label=0 lowerbound=1 fileNameGp=../graphsdb/mcs30/rand/r005/mcs30_r005_s35.A50 fileNameGt=../graphsdb/mcs30/rand/r005/mcs30_r005_s35.B50
Reading graphs...
35 :  62
35 :  64
Initializing...
maxdom : 35
D->valSize : 1225
Solving...
currentSize : 13 <-- 0.020445 s
currentSize : 14 <-- 0.020691 s
currentSize : 15 <-- 0.021090 s
currentSize : 16 <-- 0.021364 s
currentSize : 17 <-- 0.021559 s
currentSize : 18 <-- 0.023334 s
currentSize : 19 <-- 0.023757 s
currentSize : 20 <-- 0.024366 s
currentSize : 21 <-- 0.145540 s
currentSize : 22 <-- 0.863567 s
currentSize : 23 <-- 1.769802 s
currentSize : 24 <-- 17.009485 s
currentSize : 25 <-- 752.882690 s

maxsize : 25
nodes : 34979850.000000
filtered : 1254671772.000000
CCGP filtered : 241019018.000000
CCGT filtered : 221910395.000000
time : 829.130371
