Parameters: GAD=1 vflib=1 dir=0 label=0 lowerbound=1 fileNameGp=../graphsdb/mcs30/bvg/b03m/mcs30_b03m_s35.A40 fileNameGt=../graphsdb/mcs30/bvg/b03m/mcs30_b03m_s35.B40
Reading graphs...
35 :  52
35 :  52
Initializing...
maxdom : 35
D->valSize : 1225
Solving...
currentSize : 14 <-- 0.026267 s
currentSize : 15 <-- 0.026320 s
currentSize : 17 <-- 0.026369 s
currentSize : 18 <-- 0.026488 s
currentSize : 19 <-- 0.027004 s
currentSize : 20 <-- 0.034299 s
currentSize : 21 <-- 0.038085 s
currentSize : 22 <-- 0.116361 s
currentSize : 23 <-- 0.152547 s
currentSize : 24 <-- 0.210704 s
currentSize : 25 <-- 3.805425 s

maxsize : 25
nodes : 1346218.000000
filtered : 56989132.000000
CCGP filtered : 32336051.000000
CCGT filtered : 17956447.000000
time : 37.108059
