Parameters: GAD=1 vflib=1 dir=0 label=0 lowerbound=1 fileNameGp=../graphsdb/mcs30/bvg/b03/mcs30_b03_s30.A68 fileNameGt=../graphsdb/mcs30/bvg/b03/mcs30_b03_s30.B68
Reading graphs...
30 :  42
30 :  45
Initializing...
maxdom : 30
D->valSize : 900
Solving...
currentSize : 12 <-- 0.011227 s
currentSize : 14 <-- 0.011296 s
currentSize : 15 <-- 0.011379 s
currentSize : 16 <-- 0.011465 s
currentSize : 17 <-- 0.011865 s
currentSize : 18 <-- 0.014743 s
currentSize : 19 <-- 0.015353 s
currentSize : 20 <-- 0.052716 s
currentSize : 21 <-- 2.407055 s

maxsize : 21
nodes : 1450670.000000
filtered : 40572083.000000
CCGP filtered : 25525103.000000
CCGT filtered : 13728917.000000
time : 32.740364
