Parameters: GAD=1 vflib=1 dir=0 label=0 lowerbound=1 fileNameGp=../graphsdb/mcs30/bvg/b06/mcs30_b06_s35.A16 fileNameGt=../graphsdb/mcs30/bvg/b06/mcs30_b06_s35.B16
Reading graphs...
35 :  105
35 :  101
Initializing...
maxdom : 35
D->valSize : 1225
Solving...
currentSize : 12 <-- 0.034083 s
currentSize : 13 <-- 0.034368 s
currentSize : 14 <-- 0.034676 s
currentSize : 15 <-- 0.034784 s
currentSize : 16 <-- 0.035279 s
currentSize : 17 <-- 0.035368 s
currentSize : 18 <-- 0.055597 s
currentSize : 19 <-- 0.071133 s
currentSize : 20 <-- 0.096825 s
currentSize : 21 <-- 48.988449 s

maxsize : 21
nodes : 110004648.000000
filtered : 3782397936.000000
CCGP filtered : 270970936.000000
CCGT filtered : 232000730.000000
time : 1862.641846
