Parameters: GAD=1 vflib=1 dir=0 label=0 lowerbound=1 fileNameGp=../graphsdb/mcs30/m3D/m3Dr2/mcs30_m3Dr2_s30.A46 fileNameGt=../graphsdb/mcs30/m3D/m3Dr2/mcs30_m3Dr2_s30.B46
Reading graphs...
30 :  67
30 :  66
Initializing...
maxdom : 30
D->valSize : 900
Solving...
currentSize : 10 <-- 0.010673 s
currentSize : 12 <-- 0.010748 s
currentSize : 13 <-- 0.010784 s
currentSize : 14 <-- 0.011230 s
currentSize : 15 <-- 0.013356 s
currentSize : 16 <-- 0.019845 s
currentSize : 17 <-- 0.097581 s
currentSize : 18 <-- 0.126462 s
currentSize : 19 <-- 11.072961 s
currentSize : 20 <-- 69.930374 s

maxsize : 20
nodes : 9335834.000000
filtered : 263934958.000000
CCGP filtered : 29527633.000000
CCGT filtered : 17591187.000000
time : 143.317596
