Parameters: GAD=1 vflib=1 dir=0 label=0 lowerbound=1 fileNameGp=../graphsdb/mcs30/m3D/m3D/mcs30_m3D_s30.A54 fileNameGt=../graphsdb/mcs30/m3D/m3D/mcs30_m3D_s30.B54
Reading graphs...
30 :  60
30 :  61
Initializing...
maxdom : 30
D->valSize : 900
Solving...
currentSize : 12 <-- 0.010996 s
currentSize : 13 <-- 0.011068 s
currentSize : 14 <-- 0.011093 s
currentSize : 15 <-- 0.011700 s
currentSize : 16 <-- 0.015808 s
currentSize : 17 <-- 0.020606 s
currentSize : 18 <-- 0.091053 s
currentSize : 19 <-- 0.247342 s
currentSize : 20 <-- 0.284669 s

maxsize : 20
nodes : 4791263.000000
filtered : 144738804.000000
CCGP filtered : 17983100.000000
CCGT filtered : 15983266.000000
time : 73.044655
