Parameters: GAD=1 vflib=1 dir=0 label=0 lowerbound=1 fileNameGp=../graphsdb/mcs30/bvg/b09/mcs30_b09_s35.A84 fileNameGt=../graphsdb/mcs30/bvg/b09/mcs30_b09_s35.B84
Reading graphs...
35 :  152
35 :  149
Initializing...
maxdom : 35
D->valSize : 1225
Solving...
currentSize : 11 <-- 0.031386 s
currentSize : 12 <-- 0.031503 s
currentSize : 13 <-- 0.032652 s
currentSize : 14 <-- 0.032884 s
currentSize : 15 <-- 0.067792 s
currentSize : 16 <-- 0.548004 s
currentSize : 17 <-- 18.905468 s
currentSize : 18 <-- 29.094629 s
currentSize : 19 <-- 40.110477 s
currentSize : 20 <-- 910.743958 s

maxsize : 20
nodes : 149135543.000000
filtered : 4441415828.000000
CCGP filtered : 41913109.000000
CCGT filtered : 39018430.000000
time : 2299.444580
