Parameters: GAD=1 vflib=1 dir=0 label=0 lowerbound=1 fileNameGp=../graphsdb/mcs30/bvg/b03/mcs30_b03_s35.A59 fileNameGt=../graphsdb/mcs30/bvg/b03/mcs30_b03_s35.B59
Reading graphs...
35 :  51
35 :  52
Initializing...
maxdom : 35
D->valSize : 1225
Solving...
currentSize : 16 <-- 0.021274 s
currentSize : 17 <-- 0.021547 s
currentSize : 18 <-- 0.022240 s
currentSize : 19 <-- 0.022884 s
currentSize : 20 <-- 0.023135 s
currentSize : 21 <-- 0.028608 s
currentSize : 22 <-- 0.560296 s
currentSize : 23 <-- 0.859189 s
currentSize : 24 <-- 3.983718 s

maxsize : 24
nodes : 3211542.000000
filtered : 118679786.000000
CCGP filtered : 59913615.000000
CCGT filtered : 37675125.000000
time : 89.726311
