Parameters: GAD=1 vflib=1 dir=0 label=0 lowerbound=1 fileNameGp=../graphsdb/mcs30/bvg/b03/mcs30_b03_s25.A27 fileNameGt=../graphsdb/mcs30/bvg/b03/mcs30_b03_s25.B27
Reading graphs...
25 :  37
25 :  37
Initializing...
maxdom : 25
D->valSize : 625
Solving...
currentSize : 7 <-- 0.008855 s
currentSize : 9 <-- 0.009384 s
currentSize : 10 <-- 0.009741 s
currentSize : 11 <-- 0.010277 s
currentSize : 12 <-- 0.010643 s
currentSize : 13 <-- 0.017594 s
currentSize : 14 <-- 0.020259 s
currentSize : 15 <-- 0.029159 s
currentSize : 16 <-- 0.092007 s
currentSize : 17 <-- 0.121838 s
currentSize : 18 <-- 0.510012 s

maxsize : 18
nodes : 83966.000000
filtered : 1875065.000000
CCGP filtered : 672710.000000
CCGT filtered : 594316.000000
time : 0.832133
