Parameters: GAD=1 vflib=1 dir=0 label=0 lowerbound=1 fileNameGp=../graphsdb/mcs30/bvg/b03m/mcs30_b03m_s35.A57 fileNameGt=../graphsdb/mcs30/bvg/b03m/mcs30_b03m_s35.B57
Reading graphs...
35 :  51
35 :  50
Initializing...
maxdom : 35
D->valSize : 1225
Solving...
currentSize : 14 <-- 0.021220 s
currentSize : 15 <-- 0.021280 s
currentSize : 16 <-- 0.021363 s
currentSize : 17 <-- 0.022194 s
currentSize : 18 <-- 0.024097 s
currentSize : 19 <-- 0.042281 s
currentSize : 21 <-- 0.309585 s
currentSize : 22 <-- 0.402852 s
currentSize : 23 <-- 0.421201 s
currentSize : 24 <-- 1.024867 s
currentSize : 25 <-- 1.058280 s

maxsize : 25
nodes : 1595737.000000
filtered : 59365826.000000
CCGP filtered : 30304796.000000
CCGT filtered : 15025430.000000
time : 38.670177
