Parameters: GAD=1 vflib=1 dir=0 label=0 lowerbound=1 fileNameGp=../graphsdb/mcs30/m2D/m2Dr2/mcs30_m2Dr2_s30.A40 fileNameGt=../graphsdb/mcs30/m2D/m2Dr2/mcs30_m2Dr2_s30.B40
Reading graphs...
30 :  53
30 :  54
Initializing...
maxdom : 30
D->valSize : 900
Solving...
currentSize : 12 <-- 0.019347 s
currentSize : 13 <-- 0.019387 s
currentSize : 14 <-- 0.019571 s
currentSize : 16 <-- 0.020634 s
currentSize : 17 <-- 0.022055 s
currentSize : 18 <-- 0.115079 s
currentSize : 19 <-- 0.282469 s
currentSize : 20 <-- 0.295569 s
currentSize : 21 <-- 7.316654 s

maxsize : 21
nodes : 952944.000000
filtered : 36294575.000000
CCGP filtered : 11923611.000000
CCGT filtered : 5070170.000000
time : 24.143433
