Parameters: GAD=1 vflib=1 dir=0 label=0 lowerbound=1 fileNameGp=../graphsdb/mcs30/bvg/b03/mcs30_b03_s35.A15 fileNameGt=../graphsdb/mcs30/bvg/b03/mcs30_b03_s35.B15
Reading graphs...
35 :  52
35 :  52
Initializing...
maxdom : 35
D->valSize : 1225
Solving...
currentSize : 14 <-- 0.021099 s
currentSize : 15 <-- 0.021547 s
currentSize : 16 <-- 0.021657 s
currentSize : 17 <-- 0.021964 s
currentSize : 18 <-- 0.022664 s
currentSize : 19 <-- 0.022705 s
currentSize : 20 <-- 0.054381 s
currentSize : 21 <-- 1.980247 s
currentSize : 22 <-- 2.345037 s
currentSize : 23 <-- 17.925013 s
currentSize : 24 <-- 42.650864 s

maxsize : 24
nodes : 10186379.000000
filtered : 350642321.000000
CCGP filtered : 215113210.000000
CCGT filtered : 164616184.000000
time : 282.228638
