Parameters: GAD=1 vflib=1 dir=0 label=0 lowerbound=1 fileNameGp=../graphsdb/mcs30/m2D/m2Dr4/mcs30_m2Dr4_s30.A86 fileNameGt=../graphsdb/mcs30/m2D/m2Dr4/mcs30_m2Dr4_s30.B86
Reading graphs...
30 :  58
30 :  57
Initializing...
maxdom : 30
D->valSize : 900
Solving...
currentSize : 10 <-- 0.010855 s
currentSize : 12 <-- 0.010893 s
currentSize : 13 <-- 0.012269 s
currentSize : 14 <-- 0.012513 s
currentSize : 15 <-- 0.013159 s
currentSize : 16 <-- 0.013366 s
currentSize : 17 <-- 0.015654 s
currentSize : 18 <-- 0.020401 s
currentSize : 19 <-- 1.078523 s
currentSize : 20 <-- 6.338371 s

maxsize : 20
nodes : 1894849.000000
filtered : 60935259.000000
CCGP filtered : 17889315.000000
CCGT filtered : 10279663.000000
time : 34.265942
