Parameters: GAD=1 vflib=1 dir=0 label=0 lowerbound=1 fileNameGp=../graphsdb/mcs30/m2D/m2D/mcs30_m2D_s30.A07 fileNameGt=../graphsdb/mcs30/m2D/m2D/mcs30_m2D_s30.B07
Reading graphs...
30 :  48
30 :  49
Initializing...
maxdom : 30
D->valSize : 900
Solving...
currentSize : 8 <-- 0.011002 s
currentSize : 12 <-- 0.011084 s
currentSize : 13 <-- 0.011173 s
currentSize : 14 <-- 0.011679 s
currentSize : 15 <-- 0.011771 s
currentSize : 16 <-- 0.013707 s
currentSize : 17 <-- 0.021044 s
currentSize : 18 <-- 0.041868 s
currentSize : 19 <-- 0.050291 s
currentSize : 20 <-- 5.513953 s
currentSize : 21 <-- 16.661549 s
currentSize : 22 <-- 27.696960 s

maxsize : 22
nodes : 1707616.000000
filtered : 50426269.000000
CCGP filtered : 30068397.000000
CCGT filtered : 13824718.000000
time : 31.215471
