Parameters: GAD=1 vflib=1 dir=0 label=0 lowerbound=1 fileNameGp=../graphsdb/mcs30/m3D/m3Dr4/mcs30_m3Dr4_s30.A27 fileNameGt=../graphsdb/mcs30/m3D/m3Dr4/mcs30_m3Dr4_s30.B27
Reading graphs...
30 :  71
30 :  68
Initializing...
maxdom : 30
D->valSize : 900
Solving...
currentSize : 10 <-- 0.010606 s
currentSize : 11 <-- 0.010645 s
currentSize : 12 <-- 0.010781 s
currentSize : 13 <-- 0.010935 s
currentSize : 14 <-- 0.016643 s
currentSize : 15 <-- 0.019993 s
currentSize : 16 <-- 0.030022 s
currentSize : 17 <-- 0.033025 s
currentSize : 18 <-- 1.670746 s
currentSize : 19 <-- 13.159216 s

maxsize : 19
nodes : 11499458.000000
filtered : 353818892.000000
CCGP filtered : 30221444.000000
CCGT filtered : 25158110.000000
time : 195.085342
