Parameters: GAD=1 vflib=1 dir=0 label=0 lowerbound=1 fileNameGp=../graphsdb/mcs30/bvg/b03/mcs30_b03_s35.A27 fileNameGt=../graphsdb/mcs30/bvg/b03/mcs30_b03_s35.B27
Reading graphs...
35 :  51
35 :  52
Initializing...
maxdom : 35
D->valSize : 1225
Solving...
currentSize : 15 <-- 0.037557 s
currentSize : 16 <-- 0.038395 s
currentSize : 17 <-- 0.046477 s
currentSize : 18 <-- 0.060931 s
currentSize : 19 <-- 0.061050 s
currentSize : 20 <-- 0.116832 s
currentSize : 21 <-- 0.133817 s
currentSize : 22 <-- 0.159333 s
currentSize : 23 <-- 0.218374 s
currentSize : 24 <-- 0.237842 s
currentSize : 25 <-- 7.703714 s

maxsize : 25
nodes : 1376988.000000
filtered : 55354843.000000
CCGP filtered : 29885923.000000
CCGT filtered : 18460333.000000
time : 43.368687
