Parameters: GAD=1 vflib=1 dir=0 label=0 lowerbound=1 fileNameGp=../graphsdb/mcs30/bvg/b03m/mcs30_b03m_s35.A52 fileNameGt=../graphsdb/mcs30/bvg/b03m/mcs30_b03m_s35.B52
Reading graphs...
35 :  49
35 :  51
Initializing...
maxdom : 35
D->valSize : 1225
Solving...
currentSize : 14 <-- 0.021108 s
currentSize : 15 <-- 0.021293 s
currentSize : 16 <-- 0.022046 s
currentSize : 17 <-- 0.024170 s
currentSize : 18 <-- 0.031705 s
currentSize : 19 <-- 0.031950 s
currentSize : 20 <-- 0.057234 s
currentSize : 21 <-- 0.223763 s
currentSize : 22 <-- 0.452486 s
currentSize : 23 <-- 0.504601 s
currentSize : 24 <-- 5.717195 s
currentSize : 25 <-- 26.468424 s

maxsize : 25
nodes : 3586411.000000
filtered : 112351619.000000
CCGP filtered : 76579336.000000
CCGT filtered : 35435482.000000
time : 72.790733
