Parameters: GAD=1 vflib=1 dir=0 label=0 lowerbound=1 fileNameGp=../graphsdb/mcs30/bvg/b09/mcs30_b09_s35.A12 fileNameGt=../graphsdb/mcs30/bvg/b09/mcs30_b09_s35.B12
Reading graphs...
35 :  148
35 :  153
Initializing...
maxdom : 35
D->valSize : 1225
Solving...
currentSize : 11 <-- 0.031461 s
currentSize : 12 <-- 0.031608 s
currentSize : 13 <-- 0.031778 s
currentSize : 14 <-- 0.031836 s
currentSize : 15 <-- 0.036721 s
currentSize : 16 <-- 0.067347 s
currentSize : 17 <-- 0.135629 s
currentSize : 18 <-- 5.784168 s
currentSize : 19 <-- 257.252258 s

maxsize : 19
nodes : 235088456.000000
filtered : 6355593361.000000
CCGP filtered : 80191028.000000
CCGT filtered : 82473705.000000
time : 3398.376709
