Parameters: GAD=1 vflib=1 dir=0 label=0 lowerbound=1 fileNameGp=../graphsdb/mcs30/bvg/b06/mcs30_b06_s35.A40 fileNameGt=../graphsdb/mcs30/bvg/b06/mcs30_b06_s35.B40
Reading graphs...
35 :  100
35 :  103
Initializing...
maxdom : 35
D->valSize : 1225
Solving...
currentSize : 11 <-- 0.019206 s
currentSize : 12 <-- 0.019297 s
currentSize : 14 <-- 0.019403 s
currentSize : 15 <-- 0.019572 s
currentSize : 16 <-- 0.019635 s
currentSize : 17 <-- 0.020324 s
currentSize : 18 <-- 0.033390 s
currentSize : 19 <-- 0.195104 s
currentSize : 20 <-- 0.641305 s
currentSize : 21 <-- 113.724106 s

maxsize : 21
nodes : 161890885.000000
filtered : 5249804883.000000
CCGP filtered : 276122170.000000
CCGT filtered : 211405598.000000
time : 2656.478271
