Parameters: GAD=1 vflib=1 dir=0 label=0 lowerbound=1 fileNameGp=../graphsdb/mcs30/m2D/m2Dr2/mcs30_m2Dr2_s30.A57 fileNameGt=../graphsdb/mcs30/m2D/m2Dr2/mcs30_m2Dr2_s30.B57
Reading graphs...
30 :  53
30 :  55
Initializing...
maxdom : 30
D->valSize : 900
Solving...
currentSize : 10 <-- 0.010976 s
currentSize : 12 <-- 0.011135 s
currentSize : 14 <-- 0.012414 s
currentSize : 15 <-- 0.012804 s
currentSize : 16 <-- 0.018910 s
currentSize : 18 <-- 0.020521 s
currentSize : 19 <-- 0.024652 s
currentSize : 20 <-- 1.697838 s
currentSize : 21 <-- 23.755629 s

maxsize : 21
nodes : 2474799.000000
filtered : 80086361.000000
CCGP filtered : 23681249.000000
CCGT filtered : 22384937.000000
time : 49.297119
