Parameters: GAD=1 vflib=1 dir=0 label=0 lowerbound=1 fileNameGp=../graphsdb/mcs30/m3D/m3D/mcs30_m3D_s30.A98 fileNameGt=../graphsdb/mcs30/m3D/m3D/mcs30_m3D_s30.B98
Reading graphs...
30 :  60
30 :  59
Initializing...
maxdom : 30
D->valSize : 900
Solving...
currentSize : 11 <-- 0.019082 s
currentSize : 12 <-- 0.019176 s
currentSize : 13 <-- 0.019287 s
currentSize : 15 <-- 0.019660 s
currentSize : 16 <-- 0.025962 s
currentSize : 17 <-- 0.042005 s
currentSize : 18 <-- 0.088530 s
currentSize : 19 <-- 0.089693 s
currentSize : 20 <-- 2.273044 s
currentSize : 21 <-- 13.468749 s

maxsize : 21
nodes : 2556960.000000
filtered : 78207347.000000
CCGP filtered : 10748247.000000
CCGT filtered : 8253916.000000
time : 44.753407
