Parameters: GAD=1 vflib=1 dir=0 label=0 lowerbound=1 fileNameGp=../graphsdb/mcs30/m2D/m2Dr4/mcs30_m2Dr4_s30.A08 fileNameGt=../graphsdb/mcs30/m2D/m2Dr4/mcs30_m2Dr4_s30.B08
Reading graphs...
30 :  61
30 :  60
Initializing...
maxdom : 30
D->valSize : 900
Solving...
currentSize : 11 <-- 0.010667 s
currentSize : 12 <-- 0.010724 s
currentSize : 13 <-- 0.010744 s
currentSize : 14 <-- 0.010779 s
currentSize : 15 <-- 0.010892 s
currentSize : 17 <-- 0.012137 s
currentSize : 18 <-- 0.086313 s
currentSize : 19 <-- 0.088542 s
currentSize : 20 <-- 0.852826 s
currentSize : 21 <-- 3.180082 s

maxsize : 21
nodes : 914106.000000
filtered : 35600734.000000
CCGP filtered : 5057140.000000
CCGT filtered : 3759943.000000
time : 22.279337
