Parameters: GAD=1 vflib=1 dir=0 label=0 lowerbound=1 fileNameGp=../graphsdb/mcs30/rand/r005/mcs30_r005_s35.A09 fileNameGt=../graphsdb/mcs30/rand/r005/mcs30_r005_s35.B09
Reading graphs...
35 :  63
35 :  63
Initializing...
maxdom : 35
D->valSize : 1225
Solving...
currentSize : 16 <-- 0.020538 s
currentSize : 17 <-- 0.021638 s
currentSize : 18 <-- 0.046368 s
currentSize : 19 <-- 0.099851 s
currentSize : 20 <-- 0.112687 s
currentSize : 21 <-- 0.200680 s
currentSize : 22 <-- 1.154486 s
currentSize : 23 <-- 2.911450 s
currentSize : 24 <-- 22.793396 s

maxsize : 24
nodes : 11302049.000000
filtered : 417314991.000000
CCGP filtered : 99686452.000000
CCGT filtered : 81778883.000000
time : 275.195465
