Parameters: GAD=1 vflib=1 dir=0 label=0 lowerbound=1 fileNameGp=../graphsdb/mcs30/bvg/b09/mcs30_b09_s35.A04 fileNameGt=../graphsdb/mcs30/bvg/b09/mcs30_b09_s35.B04
Reading graphs...
35 :  151
35 :  152
Initializing...
maxdom : 35
D->valSize : 1225
Solving...
currentSize : 11 <-- 0.018038 s
currentSize : 12 <-- 0.018427 s
currentSize : 13 <-- 0.018975 s
currentSize : 14 <-- 0.024477 s
currentSize : 15 <-- 0.029931 s
currentSize : 16 <-- 0.036174 s
currentSize : 17 <-- 0.057151 s
currentSize : 18 <-- 0.384840 s
currentSize : 19 <-- 1.123205 s

maxsize : 19
nodes : 215827017.000000
filtered : 6126772968.000000
CCGP filtered : 69072780.000000
CCGT filtered : 132149826.000000
time : 3164.606445
