Parameters: GAD=1 vflib=1 dir=0 label=0 lowerbound=1 fileNameGp=../graphsdb/mcs30/bvg/b03m/mcs30_b03m_s35.A42 fileNameGt=../graphsdb/mcs30/bvg/b03m/mcs30_b03m_s35.B42
Reading graphs...
35 :  51
35 :  52
Initializing...
maxdom : 35
D->valSize : 1225
Solving...
currentSize : 15 <-- 0.036849 s
currentSize : 16 <-- 0.036997 s
currentSize : 18 <-- 0.037560 s
currentSize : 19 <-- 0.040361 s
currentSize : 20 <-- 0.046039 s
currentSize : 21 <-- 0.062741 s
currentSize : 22 <-- 0.072630 s
currentSize : 23 <-- 0.083470 s
currentSize : 24 <-- 2.883471 s
currentSize : 25 <-- 3.125778 s

maxsize : 25
nodes : 5837191.000000
filtered : 213577306.000000
CCGP filtered : 108963488.000000
CCGT filtered : 59713784.000000
time : 155.812256
