Parameters: GAD=1 vflib=1 dir=0 label=0 lowerbound=1 fileNameGp=../graphsdb/mcs30/rand/r005/mcs30_r005_s25.A40 fileNameGt=../graphsdb/mcs30/rand/r005/mcs30_r005_s25.B40
Reading graphs...
25 :  34
25 :  34
Initializing...
maxdom : 25
D->valSize : 625
Solving...
currentSize : 9 <-- 0.005499 s
currentSize : 11 <-- 0.005570 s
currentSize : 12 <-- 0.005655 s
currentSize : 13 <-- 0.005910 s
currentSize : 14 <-- 0.013317 s
currentSize : 15 <-- 0.037089 s
currentSize : 16 <-- 0.037266 s
currentSize : 17 <-- 0.097803 s
currentSize : 18 <-- 0.126560 s

maxsize : 18
nodes : 101537.000000
filtered : 2690304.000000
CCGP filtered : 1157007.000000
CCGT filtered : 608369.000000
time : 2.000343
