Parameters: GAD=1 vflib=1 dir=0 label=0 lowerbound=1 fileNameGp=../graphsdb/mcs30/bvg/b03m/mcs30_b03m_s35.A85 fileNameGt=../graphsdb/mcs30/bvg/b03m/mcs30_b03m_s35.B85
Reading graphs...
35 :  50
35 :  52
Initializing...
maxdom : 35
D->valSize : 1225
Solving...
currentSize : 14 <-- 0.021218 s
currentSize : 16 <-- 0.021489 s
currentSize : 17 <-- 0.021625 s
currentSize : 18 <-- 0.022226 s
currentSize : 19 <-- 0.022629 s
currentSize : 20 <-- 0.023817 s
currentSize : 21 <-- 0.067161 s
currentSize : 22 <-- 0.200202 s
currentSize : 23 <-- 0.551834 s
currentSize : 24 <-- 1.828344 s
currentSize : 25 <-- 2.832232 s
currentSize : 26 <-- 23.968103 s

maxsize : 26
nodes : 1099638.000000
filtered : 42475722.000000
CCGP filtered : 18821257.000000
CCGT filtered : 16218106.000000
time : 35.821644
