Parameters: GAD=1 vflib=1 dir=0 label=0 lowerbound=1 fileNameGp=../graphsdb/mcs30/bvg/b09/mcs30_b09_s35.A87 fileNameGt=../graphsdb/mcs30/bvg/b09/mcs30_b09_s35.B87
Reading graphs...
35 :  153
35 :  153
Initializing...
maxdom : 35
D->valSize : 1225
Solving...
currentSize : 11 <-- 0.018019 s
currentSize : 13 <-- 0.018129 s
currentSize : 14 <-- 0.019731 s
currentSize : 15 <-- 0.048511 s
currentSize : 16 <-- 0.049324 s
currentSize : 17 <-- 1.259241 s
currentSize : 18 <-- 37.205143 s
currentSize : 19 <-- 817.639221 s
currentSize : 20 <-- 1464.295532 s

maxsize : 20
nodes : 139180054.000000
filtered : 4045963038.000000
CCGP filtered : 60642044.000000
CCGT filtered : 71396450.000000
time : 1912.476074
