Parameters: GAD=1 vflib=1 dir=0 label=0 lowerbound=1 fileNameGp=../graphsdb/mcs30/bvg/b03/mcs30_b03_s30.A01 fileNameGt=../graphsdb/mcs30/bvg/b03/mcs30_b03_s30.B01
Reading graphs...
30 :  43
30 :  44
Initializing...
maxdom : 30
D->valSize : 900
Solving...
currentSize : 7 <-- 0.019697 s
currentSize : 8 <-- 0.019857 s
currentSize : 10 <-- 0.019934 s
currentSize : 11 <-- 0.020025 s
currentSize : 14 <-- 0.020146 s
currentSize : 15 <-- 0.025213 s
currentSize : 16 <-- 0.034718 s
currentSize : 17 <-- 0.051104 s
currentSize : 18 <-- 0.288035 s
currentSize : 19 <-- 0.382692 s
currentSize : 20 <-- 0.593708 s
currentSize : 21 <-- 6.736143 s

maxsize : 21
nodes : 852231.000000
filtered : 23602494.000000
CCGP filtered : 15475195.000000
CCGT filtered : 8376780.000000
time : 13.769690
