Parameters: GAD=1 vflib=1 dir=0 label=0 lowerbound=1 fileNameGp=../graphsdb/mcs30/m2D/m2Dr4/mcs30_m2Dr4_s30.A76 fileNameGt=../graphsdb/mcs30/m2D/m2Dr4/mcs30_m2Dr4_s30.B76
Reading graphs...
30 :  61
30 :  59
Initializing...
maxdom : 30
D->valSize : 900
Solving...
currentSize : 11 <-- 0.018932 s
currentSize : 12 <-- 0.019229 s
currentSize : 13 <-- 0.019343 s
currentSize : 14 <-- 0.038317 s
currentSize : 16 <-- 0.051490 s
currentSize : 17 <-- 0.164284 s
currentSize : 18 <-- 1.023914 s
currentSize : 19 <-- 2.144836 s
currentSize : 20 <-- 2.813091 s
currentSize : 21 <-- 22.129932 s

maxsize : 21
nodes : 1883202.000000
filtered : 58644585.000000
CCGP filtered : 8891917.000000
CCGT filtered : 9912702.000000
time : 27.386057
