Parameters: GAD=1 vflib=1 dir=0 label=0 lowerbound=1 fileNameGp=../graphsdb/mcs30/bvg/b06/mcs30_b06_s35.A59 fileNameGt=../graphsdb/mcs30/bvg/b06/mcs30_b06_s35.B59
Reading graphs...
35 :  102
35 :  101
Initializing...
maxdom : 35
D->valSize : 1225
Solving...
currentSize : 11 <-- 0.019314 s
currentSize : 13 <-- 0.019420 s
currentSize : 14 <-- 0.019570 s
currentSize : 15 <-- 0.019631 s
currentSize : 16 <-- 0.019692 s
currentSize : 17 <-- 0.022182 s
currentSize : 18 <-- 0.023925 s
currentSize : 19 <-- 0.216157 s
currentSize : 20 <-- 10.798764 s
currentSize : 21 <-- 704.398132 s

maxsize : 21
nodes : 174993994.000000
filtered : 5578508883.000000
CCGP filtered : 297904611.000000
CCGT filtered : 239616136.000000
time : 2863.795410
