Parameters: GAD=1 vflib=1 dir=0 label=0 lowerbound=1 fileNameGp=../graphsdb/mcs30/m2D/m2D/mcs30_m2D_s30.A16 fileNameGt=../graphsdb/mcs30/m2D/m2D/mcs30_m2D_s30.B16
Reading graphs...
30 :  49
30 :  48
Initializing...
maxdom : 30
D->valSize : 900
Solving...
currentSize : 11 <-- 0.010967 s
currentSize : 13 <-- 0.012755 s
currentSize : 14 <-- 0.012803 s
currentSize : 15 <-- 0.012824 s
currentSize : 16 <-- 0.012876 s
currentSize : 17 <-- 0.015798 s
currentSize : 18 <-- 0.015924 s
currentSize : 19 <-- 0.021441 s
currentSize : 20 <-- 0.022139 s
currentSize : 21 <-- 1.546819 s

maxsize : 21
nodes : 1219774.000000
filtered : 40138561.000000
CCGP filtered : 9408585.000000
CCGT filtered : 8816972.000000
time : 24.624088
