Parameters: GAD=1 vflib=1 dir=0 label=0 lowerbound=1 fileNameGp=../graphsdb/mcs30/bvg/b03/mcs30_b03_s30.A57 fileNameGt=../graphsdb/mcs30/bvg/b03/mcs30_b03_s30.B57
Reading graphs...
30 :  45
30 :  44
Initializing...
maxdom : 30
D->valSize : 900
Solving...
currentSize : 12 <-- 0.019945 s
currentSize : 13 <-- 0.020160 s
currentSize : 15 <-- 0.021939 s
currentSize : 16 <-- 0.061681 s
currentSize : 17 <-- 0.090420 s
currentSize : 18 <-- 0.092962 s
currentSize : 19 <-- 0.112082 s
currentSize : 20 <-- 0.598707 s
currentSize : 21 <-- 5.237054 s

maxsize : 21
nodes : 958205.000000
filtered : 25078925.000000
CCGP filtered : 11293213.000000
CCGT filtered : 9233110.000000
time : 16.202023
