Parameters: GAD=1 vflib=1 dir=0 label=0 lowerbound=1 fileNameGp=../graphsdb/mcs30/m3D/m3Dr2/mcs30_m3Dr2_s30.A87 fileNameGt=../graphsdb/mcs30/m3D/m3Dr2/mcs30_m3Dr2_s30.B87
Reading graphs...
30 :  64
30 :  64
Initializing...
maxdom : 30
D->valSize : 900
Solving...
currentSize : 9 <-- 0.010736 s
currentSize : 12 <-- 0.010784 s
currentSize : 13 <-- 0.010840 s
currentSize : 14 <-- 0.010992 s
currentSize : 15 <-- 0.011344 s
currentSize : 16 <-- 0.011916 s
currentSize : 17 <-- 0.074434 s
currentSize : 18 <-- 0.339165 s
currentSize : 19 <-- 2.508716 s

maxsize : 19
nodes : 10720460.000000
filtered : 296209753.000000
CCGP filtered : 30958045.000000
CCGT filtered : 26920327.000000
time : 146.057022
