Parameters: GAD=1 vflib=1 dir=0 label=0 lowerbound=1 fileNameGp=../graphsdb/mcs30/m3D/m3D/mcs30_m3D_s30.A27 fileNameGt=../graphsdb/mcs30/m3D/m3D/mcs30_m3D_s30.B27
Reading graphs...
30 :  59
30 :  61
Initializing...
maxdom : 30
D->valSize : 900
Solving...
currentSize : 12 <-- 0.019064 s
currentSize : 13 <-- 0.019279 s
currentSize : 14 <-- 0.019347 s
currentSize : 15 <-- 0.022005 s
currentSize : 16 <-- 0.022145 s
currentSize : 17 <-- 0.051697 s
currentSize : 18 <-- 0.084005 s
currentSize : 19 <-- 0.166492 s
currentSize : 20 <-- 2.408842 s
currentSize : 21 <-- 37.540302 s

maxsize : 21
nodes : 4214651.000000
filtered : 125794699.000000
CCGP filtered : 17300046.000000
CCGT filtered : 9417249.000000
time : 64.939682
