Parameters: GAD=1 vflib=1 dir=0 label=0 lowerbound=1 fileNameGp=../graphsdb/mcs30/rand/r005/mcs30_r005_s30.A10 fileNameGt=../graphsdb/mcs30/rand/r005/mcs30_r005_s30.B10
Reading graphs...
30 :  48
30 :  47
Initializing...
maxdom : 30
D->valSize : 900
Solving...
currentSize : 13 <-- 0.019535 s
currentSize : 14 <-- 0.019857 s
currentSize : 15 <-- 0.020170 s
currentSize : 16 <-- 0.020636 s
currentSize : 17 <-- 0.026471 s
currentSize : 18 <-- 0.026531 s
currentSize : 19 <-- 0.048021 s
currentSize : 20 <-- 0.091776 s
currentSize : 21 <-- 0.930878 s
currentSize : 22 <-- 13.103609 s

maxsize : 22
nodes : 1001055.000000
filtered : 31143350.000000
CCGP filtered : 11151110.000000
CCGT filtered : 11533946.000000
time : 21.402172
