Parameters: GAD=1 vflib=1 dir=0 label=0 lowerbound=1 fileNameGp=../graphsdb/mcs30/rand/r005/mcs30_r005_s35.A34 fileNameGt=../graphsdb/mcs30/rand/r005/mcs30_r005_s35.B34
Reading graphs...
35 :  63
35 :  63
Initializing...
maxdom : 35
D->valSize : 1225
Solving...
currentSize : 12 <-- 0.020423 s
currentSize : 15 <-- 0.020476 s
currentSize : 16 <-- 0.020680 s
currentSize : 17 <-- 0.020855 s
currentSize : 18 <-- 0.029427 s
currentSize : 19 <-- 0.029758 s
currentSize : 20 <-- 0.030898 s
currentSize : 21 <-- 0.107858 s
currentSize : 22 <-- 0.392968 s
currentSize : 23 <-- 4.062202 s
currentSize : 24 <-- 200.206757 s

maxsize : 24
nodes : 18858328.000000
filtered : 627700393.000000
CCGP filtered : 145925883.000000
CCGT filtered : 107093655.000000
time : 320.302948
