Parameters: GAD=1 vflib=1 dir=0 label=0 lowerbound=1 fileNameGp=../graphsdb/mcs30/m2D/m2Dr2/mcs30_m2Dr2_s30.A88 fileNameGt=../graphsdb/mcs30/m2D/m2Dr2/mcs30_m2Dr2_s30.B88
Reading graphs...
30 :  55
30 :  54
Initializing...
maxdom : 30
D->valSize : 900
Solving...
currentSize : 8 <-- 0.011345 s
currentSize : 10 <-- 0.011400 s
currentSize : 13 <-- 0.011503 s
currentSize : 15 <-- 0.012643 s
currentSize : 16 <-- 0.018665 s
currentSize : 17 <-- 0.040398 s
currentSize : 18 <-- 0.186101 s
currentSize : 19 <-- 1.075726 s
currentSize : 20 <-- 5.705804 s

maxsize : 20
nodes : 3214382.000000
filtered : 95726611.000000
CCGP filtered : 17588728.000000
CCGT filtered : 19126452.000000
time : 52.199913
