Parameters: GAD=1 vflib=1 dir=0 label=0 lowerbound=1 fileNameGp=../graphsdb/mcs30/rand/r005/mcs30_r005_s30.A53 fileNameGt=../graphsdb/mcs30/rand/r005/mcs30_r005_s30.B53
Reading graphs...
30 :  46
30 :  47
Initializing...
maxdom : 30
D->valSize : 900
Solving...
currentSize : 13 <-- 0.019515 s
currentSize : 14 <-- 0.019678 s
currentSize : 15 <-- 0.020220 s
currentSize : 16 <-- 0.022690 s
currentSize : 17 <-- 0.028701 s
currentSize : 18 <-- 0.045781 s
currentSize : 19 <-- 0.046479 s
currentSize : 20 <-- 0.398970 s
currentSize : 21 <-- 1.382045 s
currentSize : 22 <-- 1.786549 s
currentSize : 23 <-- 13.026374 s

maxsize : 23
nodes : 490145.000000
filtered : 17796511.000000
CCGP filtered : 5345897.000000
CCGT filtered : 2182037.000000
time : 13.965198
