Parameters: GAD=1 vflib=1 dir=0 label=0 lowerbound=1 fileNameGp=../graphsdb/mcs30/m3D/m3Dr2/mcs30_m3Dr2_s30.A20 fileNameGt=../graphsdb/mcs30/m3D/m3Dr2/mcs30_m3Dr2_s30.B20
Reading graphs...
30 :  62
30 :  66
Initializing...
maxdom : 30
D->valSize : 900
Solving...
currentSize : 13 <-- 0.015089 s
currentSize : 14 <-- 0.015156 s
currentSize : 15 <-- 0.015187 s
currentSize : 16 <-- 0.016193 s
currentSize : 17 <-- 0.018430 s
currentSize : 18 <-- 0.086372 s
currentSize : 19 <-- 0.202719 s
currentSize : 20 <-- 2.900266 s
currentSize : 21 <-- 40.846451 s

maxsize : 21
nodes : 4838582.000000
filtered : 152229429.000000
CCGP filtered : 13145226.000000
CCGT filtered : 8629784.000000
time : 73.801323
