Parameters: GAD=1 vflib=1 dir=0 label=0 lowerbound=1 fileNameGp=../graphsdb/mcs30/rand/r005/mcs30_r005_s30.A57 fileNameGt=../graphsdb/mcs30/rand/r005/mcs30_r005_s30.B57
Reading graphs...
30 :  46
30 :  48
Initializing...
maxdom : 30
D->valSize : 900
Solving...
currentSize : 12 <-- 0.019461 s
currentSize : 13 <-- 0.020129 s
currentSize : 14 <-- 0.023018 s
currentSize : 15 <-- 0.023067 s
currentSize : 16 <-- 0.023236 s
currentSize : 17 <-- 0.031520 s
currentSize : 18 <-- 0.035372 s
currentSize : 19 <-- 0.055460 s
currentSize : 20 <-- 1.430164 s
currentSize : 21 <-- 2.376619 s

maxsize : 21
nodes : 1247885.000000
filtered : 37810689.000000
CCGP filtered : 20558775.000000
CCGT filtered : 12032727.000000
time : 22.985764
