Parameters: GAD=1 vflib=1 dir=0 label=0 lowerbound=1 fileNameGp=../graphsdb/mcs30/rand/r005/mcs30_r005_s25.A92 fileNameGt=../graphsdb/mcs30/rand/r005/mcs30_r005_s25.B92
Reading graphs...
25 :  34
25 :  34
Initializing...
maxdom : 25
D->valSize : 625
Solving...
currentSize : 9 <-- 0.005373 s
currentSize : 10 <-- 0.005404 s
currentSize : 12 <-- 0.005481 s
currentSize : 13 <-- 0.005500 s
currentSize : 14 <-- 0.005630 s
currentSize : 15 <-- 0.005712 s
currentSize : 16 <-- 0.011844 s
currentSize : 17 <-- 0.014204 s
currentSize : 18 <-- 0.104671 s

maxsize : 18
nodes : 52488.000000
filtered : 1323967.000000
CCGP filtered : 925677.000000
CCGT filtered : 537001.000000
time : 0.946918
