Parameters: GAD=1 vflib=1 dir=0 label=0 lowerbound=1 fileNameGp=../graphsdb/mcs30/bvg/b09m/mcs30_b09m_s35.A30 fileNameGt=../graphsdb/mcs30/bvg/b09m/mcs30_b09m_s35.B30
Reading graphs...
35 :  146
35 :  146
Initializing...
maxdom : 35
D->valSize : 1225
Solving...
currentSize : 11 <-- 0.018423 s
currentSize : 12 <-- 0.018483 s
currentSize : 13 <-- 0.018508 s
currentSize : 14 <-- 0.018689 s
currentSize : 15 <-- 0.021888 s
currentSize : 16 <-- 0.105423 s
currentSize : 17 <-- 0.222488 s
currentSize : 18 <-- 6.787565 s
currentSize : 19 <-- 699.001526 s

maxsize : 19
nodes : 242497983.000000
filtered : 6606623734.000000
CCGP filtered : 69790595.000000
CCGT filtered : 73611059.000000
time : 3161.877197
