Parameters: GAD=1 vflib=1 dir=0 label=0 lowerbound=1 fileNameGp=../graphsdb/mcs30/bvg/b03m/mcs30_b03m_s30.A81 fileNameGt=../graphsdb/mcs30/bvg/b03m/mcs30_b03m_s30.B81
Reading graphs...
30 :  44
30 :  44
Initializing...
maxdom : 30
D->valSize : 900
Solving...
currentSize : 6 <-- 0.011158 s
currentSize : 12 <-- 0.011262 s
currentSize : 13 <-- 0.011965 s
currentSize : 14 <-- 0.012105 s
currentSize : 15 <-- 0.013417 s
currentSize : 16 <-- 0.014625 s
currentSize : 17 <-- 0.033068 s
currentSize : 18 <-- 0.050066 s
currentSize : 19 <-- 0.508652 s
currentSize : 20 <-- 1.593061 s
currentSize : 21 <-- 1.644995 s

maxsize : 21
nodes : 376657.000000
filtered : 12823421.000000
CCGP filtered : 5198549.000000
CCGT filtered : 5653160.000000
time : 7.737178
