Parameters: GAD=1 vflib=1 dir=0 label=0 lowerbound=1 fileNameGp=../graphsdb/mcs30/m2D/m2Dr2/mcs30_m2Dr2_s30.A53 fileNameGt=../graphsdb/mcs30/m2D/m2Dr2/mcs30_m2Dr2_s30.B53
Reading graphs...
30 :  54
30 :  54
Initializing...
maxdom : 30
D->valSize : 900
Solving...
currentSize : 12 <-- 0.019458 s
currentSize : 13 <-- 0.019540 s
currentSize : 14 <-- 0.019704 s
currentSize : 15 <-- 0.020307 s
currentSize : 16 <-- 0.023737 s
currentSize : 17 <-- 0.055039 s
currentSize : 18 <-- 0.069786 s
currentSize : 19 <-- 0.267314 s
currentSize : 20 <-- 19.691149 s

maxsize : 20
nodes : 2236510.000000
filtered : 69406140.000000
CCGP filtered : 19938623.000000
CCGT filtered : 19177022.000000
time : 40.682205
