Parameters: GAD=1 vflib=1 dir=0 label=0 lowerbound=1 fileNameGp=../graphsdb/mcs30/bvg/b03m/mcs30_b03m_s35.A14 fileNameGt=../graphsdb/mcs30/bvg/b03m/mcs30_b03m_s35.B14
Reading graphs...
35 :  51
35 :  51
Initializing...
maxdom : 35
D->valSize : 1225
Solving...
currentSize : 14 <-- 0.021163 s
currentSize : 16 <-- 0.021234 s
currentSize : 17 <-- 0.021493 s
currentSize : 18 <-- 0.021843 s
currentSize : 19 <-- 0.022410 s
currentSize : 20 <-- 0.022935 s
currentSize : 21 <-- 0.024936 s
currentSize : 22 <-- 0.031753 s
currentSize : 24 <-- 0.518333 s
currentSize : 25 <-- 6.695565 s

maxsize : 25
nodes : 3522203.000000
filtered : 138561504.000000
CCGP filtered : 104467771.000000
CCGT filtered : 40099472.000000
time : 96.079704
