Parameters: GAD=1 vflib=1 dir=0 label=0 lowerbound=1 fileNameGp=../graphsdb/mcs30/bvg/b06m/mcs30_b06m_s25.A82 fileNameGt=../graphsdb/mcs30/bvg/b06m/mcs30_b06m_s25.B82
Reading graphs...
25 :  67
25 :  67
Initializing...
maxdom : 25
D->valSize : 625
Solving...
currentSize : 7 <-- 0.008454 s
currentSize : 8 <-- 0.008525 s
currentSize : 9 <-- 0.008675 s
currentSize : 10 <-- 0.008710 s
currentSize : 11 <-- 0.009295 s
currentSize : 12 <-- 0.010146 s
currentSize : 13 <-- 0.011627 s
currentSize : 14 <-- 0.024599 s
currentSize : 15 <-- 0.390472 s
currentSize : 16 <-- 1.060097 s

maxsize : 16
nodes : 429187.000000
filtered : 11949953.000000
CCGP filtered : 930857.000000
CCGT filtered : 647880.000000
time : 5.014858
