Parameters: GAD=1 vflib=1 dir=0 label=0 lowerbound=1 fileNameGp=../graphsdb/mcs30/bvg/b03/mcs30_b03_s35.A34 fileNameGt=../graphsdb/mcs30/bvg/b03/mcs30_b03_s35.B34
Reading graphs...
35 :  52
35 :  50
Initializing...
maxdom : 35
D->valSize : 1225
Solving...
currentSize : 11 <-- 0.037328 s
currentSize : 12 <-- 0.037395 s
currentSize : 13 <-- 0.037451 s
currentSize : 14 <-- 0.037861 s
currentSize : 15 <-- 0.037905 s
currentSize : 16 <-- 0.038018 s
currentSize : 17 <-- 0.045237 s
currentSize : 18 <-- 0.160726 s
currentSize : 19 <-- 0.417245 s
currentSize : 20 <-- 0.914863 s
currentSize : 21 <-- 2.357117 s
currentSize : 22 <-- 2.789490 s
currentSize : 23 <-- 5.206946 s
currentSize : 24 <-- 8.671549 s
currentSize : 25 <-- 100.820816 s

maxsize : 25
nodes : 6761460.000000
filtered : 226492943.000000
CCGP filtered : 95410629.000000
CCGT filtered : 91122580.000000
time : 133.017380
