Parameters: GAD=1 vflib=1 dir=0 label=0 lowerbound=1 fileNameGp=../graphsdb/mcs30/bvg/b06/mcs30_b06_s35.A50 fileNameGt=../graphsdb/mcs30/bvg/b06/mcs30_b06_s35.B50
Reading graphs...
35 :  103
35 :  102
Initializing...
maxdom : 35
D->valSize : 1225
Solving...
currentSize : 13 <-- 0.034114 s
currentSize : 14 <-- 0.034587 s
currentSize : 15 <-- 0.035945 s
currentSize : 16 <-- 0.039158 s
currentSize : 17 <-- 0.060822 s
currentSize : 18 <-- 0.091901 s
currentSize : 19 <-- 0.096769 s
currentSize : 20 <-- 4.409049 s
currentSize : 21 <-- 115.976021 s

maxsize : 21
nodes : 95426084.000000
filtered : 3246660980.000000
CCGP filtered : 248622482.000000
CCGT filtered : 188266796.000000
time : 1846.810547
