Parameters: GAD=1 vflib=1 dir=0 label=0 lowerbound=1 fileNameGp=../graphsdb/mcs30/rand/r005/mcs30_r005_s35.A65 fileNameGt=../graphsdb/mcs30/rand/r005/mcs30_r005_s35.B65
Reading graphs...
35 :  61
35 :  64
Initializing...
maxdom : 35
D->valSize : 1225
Solving...
currentSize : 16 <-- 0.020450 s
currentSize : 17 <-- 0.020711 s
currentSize : 18 <-- 0.026928 s
currentSize : 19 <-- 0.032945 s
currentSize : 20 <-- 0.055876 s
currentSize : 21 <-- 0.090417 s
currentSize : 22 <-- 0.331264 s
currentSize : 23 <-- 0.935813 s
currentSize : 24 <-- 112.098183 s
currentSize : 25 <-- 315.413818 s

maxsize : 25
nodes : 16227128.000000
filtered : 600521717.000000
CCGP filtered : 184909035.000000
CCGT filtered : 104518101.000000
time : 408.610168
