Parameters: GAD=1 vflib=1 dir=0 label=0 lowerbound=1 fileNameGp=../graphsdb/mcs30/m3D/m3Dr4/mcs30_m3Dr4_s30.A07 fileNameGt=../graphsdb/mcs30/m3D/m3Dr4/mcs30_m3Dr4_s30.B07
Reading graphs...
30 :  69
30 :  68
Initializing...
maxdom : 30
D->valSize : 900
Solving...
currentSize : 12 <-- 0.010736 s
currentSize : 13 <-- 0.010855 s
currentSize : 14 <-- 0.011292 s
currentSize : 15 <-- 0.011750 s
currentSize : 16 <-- 0.023391 s
currentSize : 17 <-- 0.103551 s
currentSize : 18 <-- 1.327177 s
currentSize : 19 <-- 3.921769 s
currentSize : 20 <-- 108.341866 s

maxsize : 20
nodes : 10655303.000000
filtered : 303588163.000000
CCGP filtered : 23496759.000000
CCGT filtered : 12290469.000000
time : 165.203049
