Parameters: GAD=1 vflib=1 dir=0 label=0 lowerbound=1 fileNameGp=../graphsdb/mcs30/bvg/b06/mcs30_b06_s30.A80 fileNameGt=../graphsdb/mcs30/bvg/b06/mcs30_b06_s30.B80
Reading graphs...
30 :  89
30 :  87
Initializing...
maxdom : 30
D->valSize : 900
Solving...
currentSize : 10 <-- 0.014955 s
currentSize : 11 <-- 0.015008 s
currentSize : 12 <-- 0.015500 s
currentSize : 13 <-- 0.015566 s
currentSize : 14 <-- 0.015760 s
currentSize : 15 <-- 0.020588 s
currentSize : 16 <-- 0.228039 s
currentSize : 17 <-- 7.077187 s
currentSize : 18 <-- 16.687315 s

maxsize : 18
nodes : 7308467.000000
filtered : 209760577.000000
CCGP filtered : 12313643.000000
CCGT filtered : 25541974.000000
time : 96.780724
