Parameters: GAD=1 vflib=1 dir=0 label=0 lowerbound=1 fileNameGp=../graphsdb/mcs30/m3D/m3Dr2/mcs30_m3Dr2_s25.A96 fileNameGt=../graphsdb/mcs30/m3D/m3Dr2/mcs30_m3Dr2_s25.B96
Reading graphs...
25 :  54
25 :  51
Initializing...
maxdom : 25
D->valSize : 625
Solving...
currentSize : 8 <-- 0.005101 s
currentSize : 9 <-- 0.005131 s
currentSize : 11 <-- 0.005245 s
currentSize : 12 <-- 0.005305 s
currentSize : 13 <-- 0.005625 s
currentSize : 14 <-- 0.006055 s
currentSize : 15 <-- 0.165598 s
currentSize : 16 <-- 0.631928 s
currentSize : 17 <-- 3.381249 s

maxsize : 17
nodes : 617072.000000
filtered : 15420948.000000
CCGP filtered : 885648.000000
CCGT filtered : 1183402.000000
time : 8.040200
