Parameters: GAD=1 vflib=1 dir=0 label=0 lowerbound=1 fileNameGp=../graphsdb/mcs30/bvg/b06/mcs30_b06_s35.A78 fileNameGt=../graphsdb/mcs30/bvg/b06/mcs30_b06_s35.B78
Reading graphs...
35 :  104
35 :  103
Initializing...
maxdom : 35
D->valSize : 1225
Solving...
currentSize : 13 <-- 0.019320 s
currentSize : 14 <-- 0.019393 s
currentSize : 15 <-- 0.019490 s
currentSize : 16 <-- 0.019809 s
currentSize : 17 <-- 0.023170 s
currentSize : 18 <-- 0.036026 s
currentSize : 19 <-- 0.540849 s
currentSize : 20 <-- 17.918276 s
currentSize : 21 <-- 753.681458 s

maxsize : 21
nodes : 100069793.000000
filtered : 3312142857.000000
CCGP filtered : 177130491.000000
CCGT filtered : 304503002.000000
time : 1658.050293
