Parameters: GAD=1 vflib=1 dir=0 label=0 lowerbound=1 fileNameGp=../graphsdb/mcs30/rand/r005/mcs30_r005_s35.A91 fileNameGt=../graphsdb/mcs30/rand/r005/mcs30_r005_s35.B91
Reading graphs...
35 :  63
35 :  63
Initializing...
maxdom : 35
D->valSize : 1225
Solving...
currentSize : 15 <-- 0.020441 s
currentSize : 17 <-- 0.020527 s
currentSize : 18 <-- 0.020715 s
currentSize : 19 <-- 0.020866 s
currentSize : 20 <-- 0.021171 s
currentSize : 21 <-- 0.021344 s
currentSize : 22 <-- 0.076235 s
currentSize : 23 <-- 4.874690 s
currentSize : 24 <-- 13.206925 s

maxsize : 24
nodes : 24352875.000000
filtered : 983097787.000000
CCGP filtered : 122354146.000000
CCGT filtered : 174465052.000000
time : 633.185852
