Parameters: GAD=1 vflib=1 dir=0 label=0 lowerbound=1 fileNameGp=../graphsdb/mcs30/bvg/b06/mcs30_b06_s35.A44 fileNameGt=../graphsdb/mcs30/bvg/b06/mcs30_b06_s35.B44
Reading graphs...
35 :  101
35 :  103
Initializing...
maxdom : 35
D->valSize : 1225
Solving...
currentSize : 12 <-- 0.034200 s
currentSize : 13 <-- 0.034265 s
currentSize : 14 <-- 0.034906 s
currentSize : 15 <-- 0.036181 s
currentSize : 16 <-- 0.038216 s
currentSize : 17 <-- 0.065626 s
currentSize : 18 <-- 0.302918 s
currentSize : 19 <-- 0.615386 s
currentSize : 20 <-- 11.799078 s
currentSize : 21 <-- 49.741772 s

maxsize : 21
nodes : 123650960.000000
filtered : 4263970869.000000
CCGP filtered : 241795991.000000
CCGT filtered : 234581726.000000
time : 2044.236206
