Parameters: GAD=1 vflib=1 dir=0 label=0 lowerbound=1 fileNameGp=../graphsdb/mcs30/bvg/b03m/mcs30_b03m_s30.A51 fileNameGt=../graphsdb/mcs30/bvg/b03m/mcs30_b03m_s30.B51
Reading graphs...
30 :  45
30 :  45
Initializing...
maxdom : 30
D->valSize : 900
Solving...
currentSize : 11 <-- 0.017009 s
currentSize : 12 <-- 0.017070 s
currentSize : 15 <-- 0.017881 s
currentSize : 16 <-- 0.019375 s
currentSize : 17 <-- 0.027598 s
currentSize : 18 <-- 0.068179 s
currentSize : 19 <-- 0.068572 s
currentSize : 20 <-- 0.072111 s
currentSize : 21 <-- 3.094663 s

maxsize : 21
nodes : 587512.000000
filtered : 18476828.000000
CCGP filtered : 8185504.000000
CCGT filtered : 6756446.000000
time : 11.851330
