Parameters: GAD=1 vflib=1 dir=0 label=0 lowerbound=1 fileNameGp=../graphsdb/mcs30/m3D/m3Dr6/mcs30_m3Dr6_s30.A44 fileNameGt=../graphsdb/mcs30/m3D/m3Dr6/mcs30_m3Dr6_s30.B44
Reading graphs...
30 :  75
30 :  78
Initializing...
maxdom : 30
D->valSize : 900
Solving...
currentSize : 10 <-- 0.010283 s
currentSize : 11 <-- 0.010374 s
currentSize : 12 <-- 0.010895 s
currentSize : 13 <-- 0.011079 s
currentSize : 14 <-- 0.012986 s
currentSize : 15 <-- 0.017873 s
currentSize : 16 <-- 0.134871 s
currentSize : 17 <-- 1.968092 s
currentSize : 18 <-- 1.971652 s
currentSize : 19 <-- 92.961586 s

maxsize : 19
nodes : 13863543.000000
filtered : 359145309.000000
CCGP filtered : 23805930.000000
CCGT filtered : 23967363.000000
time : 176.921066
