Parameters: GAD=1 vflib=1 dir=0 label=0 lowerbound=1 fileNameGp=../graphsdb/mcs30/bvg/b03/mcs30_b03_s30.A40 fileNameGt=../graphsdb/mcs30/bvg/b03/mcs30_b03_s30.B40
Reading graphs...
30 :  44
30 :  45
Initializing...
maxdom : 30
D->valSize : 900
Solving...
currentSize : 9 <-- 0.019801 s
currentSize : 11 <-- 0.019853 s
currentSize : 12 <-- 0.019897 s
currentSize : 13 <-- 0.021497 s
currentSize : 14 <-- 0.022746 s
currentSize : 15 <-- 0.022846 s
currentSize : 16 <-- 0.027063 s
currentSize : 18 <-- 0.095494 s
currentSize : 19 <-- 0.103927 s
currentSize : 20 <-- 0.548459 s
currentSize : 21 <-- 1.873432 s

maxsize : 21
nodes : 508003.000000
filtered : 14752241.000000
CCGP filtered : 5449267.000000
CCGT filtered : 4172312.000000
time : 7.425007
