Parameters: GAD=1 vflib=1 dir=0 label=0 lowerbound=1 fileNameGp=../graphsdb/mcs30/rand/r005/mcs30_r005_s30.A48 fileNameGt=../graphsdb/mcs30/rand/r005/mcs30_r005_s30.B48
Reading graphs...
30 :  47
30 :  48
Initializing...
maxdom : 30
D->valSize : 900
Solving...
currentSize : 13 <-- 0.011030 s
currentSize : 14 <-- 0.011133 s
currentSize : 15 <-- 0.011262 s
currentSize : 16 <-- 0.011949 s
currentSize : 17 <-- 0.017186 s
currentSize : 18 <-- 0.031261 s
currentSize : 19 <-- 0.044311 s
currentSize : 20 <-- 1.250396 s
currentSize : 21 <-- 1.667936 s
currentSize : 22 <-- 17.952980 s

maxsize : 22
nodes : 1220276.000000
filtered : 36984327.000000
CCGP filtered : 16015008.000000
CCGT filtered : 6259712.000000
time : 26.143560
