Parameters: GAD=1 vflib=1 dir=0 label=0 lowerbound=1 fileNameGp=../graphsdb/mcs30/bvg/b06/mcs30_b06_s35.A63 fileNameGt=../graphsdb/mcs30/bvg/b06/mcs30_b06_s35.B63
Reading graphs...
35 :  105
35 :  103
Initializing...
maxdom : 35
D->valSize : 1225
Solving...
currentSize : 12 <-- 0.019205 s
currentSize : 13 <-- 0.019371 s
currentSize : 14 <-- 0.019558 s
currentSize : 15 <-- 0.019713 s
currentSize : 16 <-- 0.020094 s
currentSize : 17 <-- 0.020229 s
currentSize : 18 <-- 0.031290 s
currentSize : 19 <-- 0.070832 s
currentSize : 20 <-- 64.815590 s
currentSize : 21 <-- 153.902222 s

maxsize : 21
nodes : 97087912.000000
filtered : 3252157700.000000
CCGP filtered : 166373777.000000
CCGT filtered : 150339470.000000
time : 1634.605591
