Parameters: GAD=1 vflib=1 dir=0 label=0 lowerbound=1 fileNameGp=../graphsdb/mcs30/bvg/b09m/mcs30_b09m_s35.A58 fileNameGt=../graphsdb/mcs30/bvg/b09m/mcs30_b09m_s35.B58
Reading graphs...
35 :  142
35 :  145
Initializing...
maxdom : 35
D->valSize : 1225
Solving...
currentSize : 11 <-- 0.031719 s
currentSize : 12 <-- 0.032030 s
currentSize : 13 <-- 0.032815 s
currentSize : 14 <-- 0.040540 s
currentSize : 15 <-- 0.052669 s
currentSize : 16 <-- 0.159261 s
currentSize : 17 <-- 0.369931 s
currentSize : 18 <-- 2.158454 s
currentSize : 19 <-- 293.605225 s

maxsize : 19
nodes : 199882734.000000
filtered : 5920110439.000000
CCGP filtered : 97155168.000000
CCGT filtered : 78908340.000000
time : 2859.843750
