Parameters: GAD=1 vflib=1 dir=0 label=0 lowerbound=1 fileNameGp=../graphsdb/mcs30/m3D/m3Dr4/mcs30_m3Dr4_s30.A00 fileNameGt=../graphsdb/mcs30/m3D/m3Dr4/mcs30_m3Dr4_s30.B00
Reading graphs...
30 :  70
30 :  70
Initializing...
maxdom : 30
D->valSize : 900
Solving...
currentSize : 11 <-- 0.018671 s
currentSize : 13 <-- 0.018715 s
currentSize : 14 <-- 0.018825 s
currentSize : 15 <-- 0.019882 s
currentSize : 16 <-- 0.026619 s
currentSize : 17 <-- 0.047719 s
currentSize : 18 <-- 0.144590 s
currentSize : 19 <-- 0.415477 s
currentSize : 20 <-- 47.813168 s

maxsize : 20
nodes : 5969225.000000
filtered : 184789992.000000
CCGP filtered : 14744979.000000
CCGT filtered : 14306808.000000
time : 93.949181
