Parameters: GAD=1 vflib=1 dir=0 label=0 lowerbound=1 fileNameGp=../graphsdb/mcs30/bvg/b09/mcs30_b09_s35.A74 fileNameGt=../graphsdb/mcs30/bvg/b09/mcs30_b09_s35.B74
Reading graphs...
35 :  151
35 :  149
Initializing...
maxdom : 35
D->valSize : 1225
Solving...
currentSize : 12 <-- 0.018284 s
currentSize : 13 <-- 0.018411 s
currentSize : 14 <-- 0.021034 s
currentSize : 15 <-- 0.027338 s
currentSize : 16 <-- 0.034190 s
currentSize : 17 <-- 0.062429 s
currentSize : 18 <-- 1.297845 s
currentSize : 19 <-- 4.821937 s
currentSize : 20 <-- 135.643051 s

maxsize : 20
nodes : 101828699.000000
filtered : 3179620733.000000
CCGP filtered : 21682480.000000
CCGT filtered : 11323031.000000
time : 1552.793701
