Parameters: GAD=1 vflib=1 dir=0 label=0 lowerbound=1 fileNameGp=../graphsdb/mcs30/rand/r01/mcs30_r01_s35.A71 fileNameGt=../graphsdb/mcs30/rand/r01/mcs30_r01_s35.B71
Reading graphs...
35 :  118
35 :  110
Initializing...
maxdom : 35
D->valSize : 1225
Solving...
currentSize : 11 <-- 0.018953 s
currentSize : 13 <-- 0.019007 s
currentSize : 14 <-- 0.019796 s
currentSize : 15 <-- 0.021641 s
currentSize : 16 <-- 0.038880 s
currentSize : 17 <-- 0.138234 s
currentSize : 18 <-- 0.347751 s
currentSize : 19 <-- 44.983917 s
currentSize : 20 <-- 86.657806 s

maxsize : 20
nodes : 217347837.000000
filtered : 6581770120.000000
CCGP filtered : 190326006.000000
CCGT filtered : 265955137.000000
time : 3005.887207
