Parameters: GAD=1 vflib=1 dir=0 label=0 lowerbound=1 fileNameGp=../graphsdb/mcs30/rand/r01/mcs30_r01_s35.A45 fileNameGt=../graphsdb/mcs30/rand/r01/mcs30_r01_s35.B45
Reading graphs...
35 :  113
35 :  112
Initializing...
maxdom : 35
D->valSize : 1225
Solving...
currentSize : 11 <-- 0.019404 s
currentSize : 12 <-- 0.019462 s
currentSize : 13 <-- 0.019796 s
currentSize : 14 <-- 0.020011 s
currentSize : 15 <-- 0.023571 s
currentSize : 16 <-- 0.068763 s
currentSize : 17 <-- 0.186641 s
currentSize : 18 <-- 0.848935 s
currentSize : 19 <-- 25.099171 s
currentSize : 20 <-- 655.471252 s

TIMEOUT
maxsize : 20
nodes : 266358500.000000
filtered : 6818369614.000000
CCGP filtered : 247838045.000000
CCGT filtered : 167176898.000000
time : 3600.000000
