Parameters: GAD=1 vflib=1 dir=0 label=0 lowerbound=1 fileNameGp=../graphsdb/mcs30/bvg/b03/mcs30_b03_s30.A97 fileNameGt=../graphsdb/mcs30/bvg/b03/mcs30_b03_s30.B97
Reading graphs...
30 :  44
30 :  45
Initializing...
maxdom : 30
D->valSize : 900
Solving...
currentSize : 12 <-- 0.011167 s
currentSize : 13 <-- 0.011234 s
currentSize : 15 <-- 0.012162 s
currentSize : 16 <-- 0.012317 s
currentSize : 17 <-- 0.026500 s
currentSize : 18 <-- 0.072589 s
currentSize : 19 <-- 0.137995 s
currentSize : 20 <-- 1.099022 s
currentSize : 21 <-- 1.136028 s

maxsize : 21
nodes : 515652.000000
filtered : 15599732.000000
CCGP filtered : 4578541.000000
CCGT filtered : 4012102.000000
time : 9.251469
