Parameters: GAD=1 vflib=1 dir=0 label=0 lowerbound=1 fileNameGp=../graphsdb/mcs30/bvg/b03m/mcs30_b03m_s30.A41 fileNameGt=../graphsdb/mcs30/bvg/b03m/mcs30_b03m_s30.B41
Reading graphs...
30 :  45
30 :  45
Initializing...
maxdom : 30
D->valSize : 900
Solving...
currentSize : 11 <-- 0.011091 s
currentSize : 12 <-- 0.011122 s
currentSize : 13 <-- 0.011221 s
currentSize : 14 <-- 0.026689 s
currentSize : 15 <-- 0.040236 s
currentSize : 16 <-- 0.093007 s
currentSize : 17 <-- 0.134431 s
currentSize : 18 <-- 0.796042 s
currentSize : 19 <-- 0.796624 s
currentSize : 20 <-- 2.222735 s
currentSize : 21 <-- 3.906743 s

maxsize : 21
nodes : 525923.000000
filtered : 15817038.000000
CCGP filtered : 6132271.000000
CCGT filtered : 5097987.000000
time : 9.489775
