Parameters: GAD=1 vflib=1 dir=0 label=0 lowerbound=1 fileNameGp=../graphsdb/mcs30/bvg/b03m/mcs30_b03m_s35.A49 fileNameGt=../graphsdb/mcs30/bvg/b03m/mcs30_b03m_s35.B49
Reading graphs...
35 :  52
35 :  52
Initializing...
maxdom : 35
D->valSize : 1225
Solving...
currentSize : 14 <-- 0.020845 s
currentSize : 15 <-- 0.021028 s
currentSize : 17 <-- 0.021081 s
currentSize : 18 <-- 0.021284 s
currentSize : 19 <-- 0.022044 s
currentSize : 20 <-- 0.023296 s
currentSize : 21 <-- 0.027659 s
currentSize : 22 <-- 0.061215 s
currentSize : 23 <-- 2.029051 s
currentSize : 24 <-- 2.532426 s
currentSize : 25 <-- 62.221199 s

maxsize : 25
nodes : 6681366.000000
filtered : 245547522.000000
CCGP filtered : 129511462.000000
CCGT filtered : 94688850.000000
time : 199.201263
