Parameters: GAD=1 vflib=1 dir=0 label=0 lowerbound=1 fileNameGp=../graphsdb/mcs30/m2D/m2Dr2/mcs30_m2Dr2_s30.A91 fileNameGt=../graphsdb/mcs30/m2D/m2Dr2/mcs30_m2Dr2_s30.B91
Reading graphs...
30 :  52
30 :  52
Initializing...
maxdom : 30
D->valSize : 900
Solving...
currentSize : 13 <-- 0.011156 s
currentSize : 14 <-- 0.011343 s
currentSize : 15 <-- 0.011518 s
currentSize : 16 <-- 0.013103 s
currentSize : 17 <-- 0.013942 s
currentSize : 18 <-- 0.029355 s
currentSize : 19 <-- 0.455691 s
currentSize : 20 <-- 5.517047 s
currentSize : 21 <-- 13.043612 s

maxsize : 21
nodes : 1699741.000000
filtered : 54405011.000000
CCGP filtered : 14018013.000000
CCGT filtered : 7906297.000000
time : 35.402344
