Parameters: GAD=1 vflib=1 dir=0 label=0 lowerbound=1 fileNameGp=../graphsdb/mcs30/m3D/m3D/mcs30_m3D_s30.A55 fileNameGt=../graphsdb/mcs30/m3D/m3D/mcs30_m3D_s30.B55
Reading graphs...
30 :  60
30 :  60
Initializing...
maxdom : 30
D->valSize : 900
Solving...
currentSize : 12 <-- 0.019033 s
currentSize : 13 <-- 0.022551 s
currentSize : 14 <-- 0.062499 s
currentSize : 15 <-- 0.070867 s
currentSize : 16 <-- 0.071030 s
currentSize : 17 <-- 0.075517 s
currentSize : 18 <-- 0.077636 s
currentSize : 19 <-- 0.464037 s
currentSize : 20 <-- 10.044478 s

maxsize : 20
nodes : 4625352.000000
filtered : 143199037.000000
CCGP filtered : 21155643.000000
CCGT filtered : 22981260.000000
time : 82.706566
