Parameters: GAD=1 vflib=1 dir=0 label=0 lowerbound=1 fileNameGp=../graphsdb/mcs30/bvg/b06m/mcs30_b06m_s30.A32 fileNameGt=../graphsdb/mcs30/bvg/b06m/mcs30_b06m_s30.B32
Reading graphs...
30 :  87
30 :  84
Initializing...
maxdom : 30
D->valSize : 900
Solving...
currentSize : 10 <-- 0.010680 s
currentSize : 11 <-- 0.010892 s
currentSize : 12 <-- 0.010993 s
currentSize : 13 <-- 0.011730 s
currentSize : 14 <-- 0.015282 s
currentSize : 15 <-- 0.022967 s
currentSize : 16 <-- 0.029637 s
currentSize : 17 <-- 1.209927 s
currentSize : 18 <-- 3.115934 s

maxsize : 18
nodes : 14178066.000000
filtered : 385863405.000000
CCGP filtered : 23047993.000000
CCGT filtered : 15931563.000000
time : 195.910690
