Parameters: GAD=1 vflib=1 dir=0 label=0 lowerbound=1 fileNameGp=../graphsdb/mcs30/bvg/b09/mcs30_b09_s35.A97 fileNameGt=../graphsdb/mcs30/bvg/b09/mcs30_b09_s35.B97
Reading graphs...
35 :  154
35 :  152
Initializing...
maxdom : 35
D->valSize : 1225
Solving...
currentSize : 12 <-- 0.032110 s
currentSize : 13 <-- 0.032579 s
currentSize : 14 <-- 0.040652 s
currentSize : 15 <-- 0.046807 s
currentSize : 16 <-- 0.177065 s
currentSize : 17 <-- 0.443816 s
currentSize : 18 <-- 0.720346 s
currentSize : 19 <-- 14.052795 s
currentSize : 20 <-- 382.256104 s

maxsize : 20
nodes : 86561582.000000
filtered : 2730504861.000000
CCGP filtered : 44686609.000000
CCGT filtered : 37595679.000000
time : 1279.528931
