Parameters: GAD=1 vflib=1 dir=0 label=0 lowerbound=1 fileNameGp=../graphsdb/mcs30/rand/r005/mcs30_r005_s35.A12 fileNameGt=../graphsdb/mcs30/rand/r005/mcs30_r005_s35.B12
Reading graphs...
35 :  63
35 :  64
Initializing...
maxdom : 35
D->valSize : 1225
Solving...
currentSize : 15 <-- 0.036762 s
currentSize : 16 <-- 0.036842 s
currentSize : 17 <-- 0.037098 s
currentSize : 18 <-- 0.037991 s
currentSize : 19 <-- 0.038944 s
currentSize : 20 <-- 0.088885 s
currentSize : 21 <-- 2.391638 s
currentSize : 22 <-- 3.066887 s
currentSize : 23 <-- 10.783419 s
currentSize : 24 <-- 104.758705 s

maxsize : 24
nodes : 31264338.000000
filtered : 1074283096.000000
CCGP filtered : 344718915.000000
CCGT filtered : 134899391.000000
time : 652.002808
