Parameters: GAD=1 vflib=1 dir=0 label=0 lowerbound=1 fileNameGp=../graphsdb/mcs30/bvg/b03m/mcs30_b03m_s35.A75 fileNameGt=../graphsdb/mcs30/bvg/b03m/mcs30_b03m_s35.B75
Reading graphs...
35 :  52
35 :  52
Initializing...
maxdom : 35
D->valSize : 1225
Solving...
currentSize : 11 <-- 0.021210 s
currentSize : 13 <-- 0.021383 s
currentSize : 14 <-- 0.021485 s
currentSize : 15 <-- 0.021539 s
currentSize : 16 <-- 0.021796 s
currentSize : 17 <-- 0.022638 s
currentSize : 18 <-- 0.026211 s
currentSize : 19 <-- 0.334941 s
currentSize : 20 <-- 0.426740 s
currentSize : 21 <-- 0.729905 s
currentSize : 22 <-- 0.854246 s
currentSize : 23 <-- 0.965429 s
currentSize : 24 <-- 1.281362 s
currentSize : 25 <-- 14.979989 s
currentSize : 26 <-- 30.861986 s

maxsize : 26
nodes : 2158156.000000
filtered : 83387599.000000
CCGP filtered : 35141262.000000
CCGT filtered : 33961199.000000
time : 45.620716
