Parameters: GAD=1 vflib=1 dir=0 label=0 lowerbound=1 fileNameGp=../graphsdb/mcs30/m2D/m2D/mcs30_m2D_s30.A46 fileNameGt=../graphsdb/mcs30/m2D/m2D/mcs30_m2D_s30.B46
Reading graphs...
30 :  49
30 :  49
Initializing...
maxdom : 30
D->valSize : 900
Solving...
currentSize : 12 <-- 0.019493 s
currentSize : 13 <-- 0.019534 s
currentSize : 15 <-- 0.019886 s
currentSize : 16 <-- 0.036122 s
currentSize : 17 <-- 0.039100 s
currentSize : 18 <-- 0.066890 s
currentSize : 19 <-- 0.262071 s
currentSize : 20 <-- 0.364802 s
currentSize : 21 <-- 0.752187 s
currentSize : 22 <-- 4.757462 s

maxsize : 22
nodes : 1377663.000000
filtered : 50357668.000000
CCGP filtered : 11357477.000000
CCGT filtered : 3209756.000000
time : 34.804394
