Parameters: GAD=1 vflib=1 dir=0 label=0 lowerbound=1 fileNameGp=../graphsdb/mcs30/rand/r005/mcs30_r005_s35.A64 fileNameGt=../graphsdb/mcs30/rand/r005/mcs30_r005_s35.B64
Reading graphs...
35 :  63
35 :  64
Initializing...
maxdom : 35
D->valSize : 1225
Solving...
currentSize : 16 <-- 0.021503 s
currentSize : 17 <-- 0.021645 s
currentSize : 18 <-- 0.021870 s
currentSize : 19 <-- 0.023177 s
currentSize : 20 <-- 0.026815 s
currentSize : 21 <-- 0.046419 s
currentSize : 22 <-- 0.563628 s
currentSize : 23 <-- 1.980136 s
currentSize : 24 <-- 72.925919 s

maxsize : 24
nodes : 18253340.000000
filtered : 679329853.000000
CCGP filtered : 152061367.000000
CCGT filtered : 94377189.000000
time : 403.853638
