Parameters: GAD=1 vflib=1 dir=0 label=0 lowerbound=1 fileNameGp=../graphsdb/mcs30/bvg/b03/mcs30_b03_s30.A42 fileNameGt=../graphsdb/mcs30/bvg/b03/mcs30_b03_s30.B42
Reading graphs...
30 :  45
30 :  45
Initializing...
maxdom : 30
D->valSize : 900
Solving...
currentSize : 9 <-- 0.019959 s
currentSize : 11 <-- 0.020130 s
currentSize : 12 <-- 0.020216 s
currentSize : 13 <-- 0.020915 s
currentSize : 14 <-- 0.021083 s
currentSize : 15 <-- 0.021329 s
currentSize : 16 <-- 0.027177 s
currentSize : 17 <-- 0.039960 s
currentSize : 18 <-- 0.058475 s
currentSize : 19 <-- 0.084196 s
currentSize : 20 <-- 0.290739 s
currentSize : 21 <-- 2.923834 s

maxsize : 21
nodes : 823418.000000
filtered : 25855843.000000
CCGP filtered : 7081611.000000
CCGT filtered : 5969726.000000
time : 14.686752
