Parameters: GAD=1 vflib=1 dir=0 label=0 lowerbound=1 fileNameGp=../graphsdb/mcs30/bvg/b03/mcs30_b03_s35.A38 fileNameGt=../graphsdb/mcs30/bvg/b03/mcs30_b03_s35.B38
Reading graphs...
35 :  52
35 :  51
Initializing...
maxdom : 35
D->valSize : 1225
Solving...
currentSize : 16 <-- 0.021013 s
currentSize : 17 <-- 0.021195 s
currentSize : 18 <-- 0.033267 s
currentSize : 19 <-- 0.033729 s
currentSize : 20 <-- 0.160761 s
currentSize : 21 <-- 0.168645 s
currentSize : 22 <-- 4.635800 s
currentSize : 23 <-- 11.250139 s
currentSize : 24 <-- 18.845371 s

maxsize : 24
nodes : 12396198.000000
filtered : 400823832.000000
CCGP filtered : 181625240.000000
CCGT filtered : 164516191.000000
time : 315.850281
