Parameters: GAD=1 vflib=1 dir=0 label=0 lowerbound=1 fileNameGp=../graphsdb/mcs30/bvg/b03/mcs30_b03_s30.A08 fileNameGt=../graphsdb/mcs30/bvg/b03/mcs30_b03_s30.B08
Reading graphs...
30 :  45
30 :  45
Initializing...
maxdom : 30
D->valSize : 900
Solving...
currentSize : 13 <-- 0.011152 s
currentSize : 14 <-- 0.011249 s
currentSize : 15 <-- 0.011509 s
currentSize : 16 <-- 0.019238 s
currentSize : 17 <-- 0.033497 s
currentSize : 18 <-- 0.037157 s
currentSize : 19 <-- 0.049203 s
currentSize : 20 <-- 0.375999 s
currentSize : 21 <-- 2.558575 s

maxsize : 21
nodes : 898595.000000
filtered : 25721261.000000
CCGP filtered : 11948373.000000
CCGT filtered : 7301485.000000
time : 13.573141
