Parameters: GAD=1 vflib=1 dir=0 label=0 lowerbound=1 fileNameGp=../graphsdb/mcs30/rand/r01/mcs30_r01_s30.A99 fileNameGt=../graphsdb/mcs30/rand/r01/mcs30_r01_s30.B99
Reading graphs...
30 :  88
30 :  82
Initializing...
maxdom : 30
D->valSize : 900
Solving...
currentSize : 10 <-- 0.010129 s
currentSize : 11 <-- 0.010189 s
currentSize : 12 <-- 0.010253 s
currentSize : 13 <-- 0.010449 s
currentSize : 14 <-- 0.010811 s
currentSize : 15 <-- 0.028243 s
currentSize : 16 <-- 0.065905 s
currentSize : 17 <-- 1.148209 s
currentSize : 18 <-- 1.148357 s
currentSize : 19 <-- 121.640854 s

maxsize : 19
nodes : 9691476.000000
filtered : 272328489.000000
CCGP filtered : 17840674.000000
CCGT filtered : 7763267.000000
time : 138.561111
