Parameters: GAD=1 vflib=1 dir=0 label=0 lowerbound=1 fileNameGp=../graphsdb/mcs30/rand/r005/mcs30_r005_s25.A11 fileNameGt=../graphsdb/mcs30/rand/r005/mcs30_r005_s25.B11
Reading graphs...
25 :  33
25 :  34
Initializing...
maxdom : 25
D->valSize : 625
Solving...
currentSize : 11 <-- 0.009491 s
currentSize : 12 <-- 0.009583 s
currentSize : 14 <-- 0.009693 s
currentSize : 15 <-- 0.010121 s
currentSize : 16 <-- 0.011933 s
currentSize : 17 <-- 0.013514 s
currentSize : 18 <-- 0.016044 s
currentSize : 19 <-- 0.027471 s
currentSize : 20 <-- 0.287585 s

maxsize : 20
nodes : 20822.000000
filtered : 699193.000000
CCGP filtered : 310423.000000
CCGT filtered : 92460.000000
time : 0.407211
