Parameters: GAD=1 vflib=1 dir=0 label=0 lowerbound=1 fileNameGp=../graphsdb/mcs30/m2D/m2Dr2/mcs30_m2Dr2_s30.A48 fileNameGt=../graphsdb/mcs30/m2D/m2Dr2/mcs30_m2Dr2_s30.B48
Reading graphs...
30 :  54
30 :  53
Initializing...
maxdom : 30
D->valSize : 900
Solving...
currentSize : 11 <-- 0.019502 s
currentSize : 13 <-- 0.019764 s
currentSize : 14 <-- 0.020114 s
currentSize : 15 <-- 0.021254 s
currentSize : 16 <-- 0.023077 s
currentSize : 17 <-- 0.023194 s
currentSize : 18 <-- 0.024576 s
currentSize : 19 <-- 0.305146 s
currentSize : 20 <-- 1.103773 s

maxsize : 20
nodes : 3933487.000000
filtered : 113875520.000000
CCGP filtered : 27708074.000000
CCGT filtered : 25431302.000000
time : 62.731716
