Parameters: GAD=1 vflib=1 dir=0 label=0 lowerbound=1 fileNameGp=../graphsdb/mcs30/rand/r01/mcs30_r01_s35.A98 fileNameGt=../graphsdb/mcs30/rand/r01/mcs30_r01_s35.B98
Reading graphs...
35 :  113
35 :  115
Initializing...
maxdom : 35
D->valSize : 1225
Solving...
currentSize : 11 <-- 0.018963 s
currentSize : 12 <-- 0.019064 s
currentSize : 14 <-- 0.020112 s
currentSize : 15 <-- 0.020131 s
currentSize : 16 <-- 0.023320 s
currentSize : 17 <-- 0.039103 s
currentSize : 18 <-- 0.045726 s
currentSize : 19 <-- 2.120906 s
currentSize : 20 <-- 13.989161 s

maxsize : 20
nodes : 163391493.000000
filtered : 5160389997.000000
CCGP filtered : 275944222.000000
CCGT filtered : 234846658.000000
time : 2562.866943
