Parameters: GAD=1 vflib=1 dir=0 label=0 lowerbound=1 fileNameGp=../graphsdb/mcs30/bvg/b03/mcs30_b03_s35.A35 fileNameGt=../graphsdb/mcs30/bvg/b03/mcs30_b03_s35.B35
Reading graphs...
35 :  52
35 :  51
Initializing...
maxdom : 35
D->valSize : 1225
Solving...
currentSize : 17 <-- 0.021038 s
currentSize : 18 <-- 0.021429 s
currentSize : 19 <-- 0.021900 s
currentSize : 20 <-- 0.053863 s
currentSize : 21 <-- 0.227298 s
currentSize : 22 <-- 0.251808 s
currentSize : 23 <-- 0.922467 s
currentSize : 24 <-- 15.646731 s
currentSize : 25 <-- 113.301666 s

maxsize : 25
nodes : 7212234.000000
filtered : 230407136.000000
CCGP filtered : 171519937.000000
CCGT filtered : 91672218.000000
time : 154.143524
