Parameters: GAD=1 vflib=1 dir=0 label=0 lowerbound=1 fileNameGp=../graphsdb/mcs30/bvg/b03/mcs30_b03_s30.A39 fileNameGt=../graphsdb/mcs30/bvg/b03/mcs30_b03_s30.B39
Reading graphs...
30 :  44
30 :  44
Initializing...
maxdom : 30
D->valSize : 900
Solving...
currentSize : 10 <-- 0.011419 s
currentSize : 11 <-- 0.011695 s
currentSize : 13 <-- 0.011885 s
currentSize : 14 <-- 0.012873 s
currentSize : 15 <-- 0.013126 s
currentSize : 16 <-- 0.015160 s
currentSize : 17 <-- 0.018539 s
currentSize : 18 <-- 0.323646 s
currentSize : 19 <-- 0.348529 s
currentSize : 20 <-- 1.480819 s
currentSize : 21 <-- 5.319994 s

maxsize : 21
nodes : 656669.000000
filtered : 16064335.000000
CCGP filtered : 6457885.000000
CCGT filtered : 6881810.000000
time : 9.199962
