Parameters: GAD=1 vflib=1 dir=0 label=0 lowerbound=1 fileNameGp=../graphsdb/mcs30/bvg/b09/mcs30_b09_s35.A59 fileNameGt=../graphsdb/mcs30/bvg/b09/mcs30_b09_s35.B59
Reading graphs...
35 :  151
35 :  151
Initializing...
maxdom : 35
D->valSize : 1225
Solving...
currentSize : 9 <-- 0.032221 s
currentSize : 11 <-- 0.032322 s
currentSize : 12 <-- 0.032464 s
currentSize : 13 <-- 0.033155 s
currentSize : 14 <-- 0.035532 s
currentSize : 15 <-- 0.038996 s
currentSize : 16 <-- 0.057328 s
currentSize : 17 <-- 0.698785 s
currentSize : 18 <-- 0.867157 s
currentSize : 19 <-- 25.059015 s

maxsize : 19
nodes : 145133421.000000
filtered : 4363734530.000000
CCGP filtered : 73712258.000000
CCGT filtered : 102474034.000000
time : 2119.347656
