Parameters: GAD=1 vflib=1 dir=0 label=0 lowerbound=1 fileNameGp=../graphsdb/mcs30/rand/r005/mcs30_r005_s35.A08 fileNameGt=../graphsdb/mcs30/rand/r005/mcs30_r005_s35.B08
Reading graphs...
35 :  64
35 :  62
Initializing...
maxdom : 35
D->valSize : 1225
Solving...
currentSize : 14 <-- 0.020987 s
currentSize : 15 <-- 0.021067 s
currentSize : 16 <-- 0.021095 s
currentSize : 19 <-- 0.021127 s
currentSize : 20 <-- 0.025196 s
currentSize : 21 <-- 0.025262 s
currentSize : 22 <-- 0.091461 s
currentSize : 23 <-- 0.513825 s
currentSize : 24 <-- 0.815858 s

maxsize : 24
nodes : 49517746.000000
filtered : 1832610783.000000
CCGP filtered : 495765724.000000
CCGT filtered : 173977718.000000
time : 1220.857300
