Parameters: GAD=1 vflib=1 dir=0 label=0 lowerbound=1 fileNameGp=../graphsdb/mcs30/bvg/b03m/mcs30_b03m_s35.A46 fileNameGt=../graphsdb/mcs30/bvg/b03m/mcs30_b03m_s35.B46
Reading graphs...
35 :  52
35 :  51
Initializing...
maxdom : 35
D->valSize : 1225
Solving...
currentSize : 13 <-- 0.021259 s
currentSize : 15 <-- 0.021349 s
currentSize : 16 <-- 0.021501 s
currentSize : 19 <-- 0.021731 s
currentSize : 20 <-- 0.021929 s
currentSize : 21 <-- 0.023429 s
currentSize : 22 <-- 0.109973 s
currentSize : 23 <-- 0.113042 s
currentSize : 24 <-- 0.113463 s
currentSize : 25 <-- 0.943866 s
currentSize : 26 <-- 23.279894 s

maxsize : 26
nodes : 1369639.000000
filtered : 58104368.000000
CCGP filtered : 29380026.000000
CCGT filtered : 17423442.000000
time : 41.161118
