Parameters: GAD=1 vflib=1 dir=0 label=0 lowerbound=1 fileNameGp=../graphsdb/mcs30/bvg/b03m/mcs30_b03m_s35.A45 fileNameGt=../graphsdb/mcs30/bvg/b03m/mcs30_b03m_s35.B45
Reading graphs...
35 :  51
35 :  50
Initializing...
maxdom : 35
D->valSize : 1225
Solving...
currentSize : 16 <-- 0.037543 s
currentSize : 17 <-- 0.037880 s
currentSize : 18 <-- 0.039348 s
currentSize : 19 <-- 0.040277 s
currentSize : 20 <-- 0.049360 s
currentSize : 21 <-- 0.090715 s
currentSize : 22 <-- 0.109028 s
currentSize : 23 <-- 0.451953 s
currentSize : 24 <-- 1.036657 s
currentSize : 25 <-- 3.465014 s

maxsize : 25
nodes : 1958880.000000
filtered : 77841170.000000
CCGP filtered : 46641274.000000
CCGT filtered : 26090798.000000
time : 56.441753
