Parameters: GAD=1 vflib=1 dir=0 label=0 lowerbound=1 fileNameGp=../graphsdb/mcs50/bvg/b03m/mcs50_b03m_s25.A90 fileNameGt=../graphsdb/mcs50/bvg/b03m/mcs50_b03m_s25.B90
Reading graphs...
25 :  37
25 :  36
Initializing...
maxdom : 25
D->valSize : 625
Solving...
currentSize : 8 <-- 0.005316 s
currentSize : 10 <-- 0.005355 s
currentSize : 11 <-- 0.005386 s
currentSize : 12 <-- 0.005615 s
currentSize : 14 <-- 0.005760 s
currentSize : 15 <-- 0.114198 s
currentSize : 16 <-- 0.141116 s
currentSize : 17 <-- 0.277015 s
currentSize : 18 <-- 0.672494 s
currentSize : 19 <-- 0.715140 s

maxsize : 19
nodes : 67129.000000
filtered : 1266466.000000
CCGP filtered : 457161.000000
CCGT filtered : 479248.000000
time : 0.822622
