Parameters: GAD=1 vflib=1 dir=0 label=0 lowerbound=1 fileNameGp=../graphsdb/mcs50/rand/r005/mcs50_r005_s20.A00 fileNameGt=../graphsdb/mcs50/rand/r005/mcs50_r005_s20.B00
Reading graphs...
20 :  24
20 :  24
Initializing...
maxdom : 20
D->valSize : 400
Solving...
currentSize : 6 <-- 0.002479 s
currentSize : 7 <-- 0.002583 s
currentSize : 8 <-- 0.002707 s
currentSize : 9 <-- 0.002792 s
currentSize : 10 <-- 0.003017 s
currentSize : 11 <-- 0.003101 s
currentSize : 12 <-- 0.003857 s
currentSize : 13 <-- 0.003997 s
currentSize : 14 <-- 0.004377 s
currentSize : 16 <-- 0.004500 s

maxsize : 16
nodes : 1723.000000
filtered : 58414.000000
CCGP filtered : 49654.000000
CCGT filtered : 17002.000000
time : 0.027844
