Parameters: GAD=1 vflib=1 dir=0 label=0 lowerbound=1 fileNameGp=../graphsdb/mcs50/bvg/b03m/mcs50_b03m_s30.A74 fileNameGt=../graphsdb/mcs50/bvg/b03m/mcs50_b03m_s30.B74
Reading graphs...
30 :  45
30 :  45
Initializing...
maxdom : 30
D->valSize : 900
Solving...
currentSize : 7 <-- 0.019674 s
currentSize : 10 <-- 0.019916 s
currentSize : 11 <-- 0.020033 s
currentSize : 12 <-- 0.028486 s
currentSize : 13 <-- 0.028669 s
currentSize : 15 <-- 0.029070 s
currentSize : 16 <-- 0.029467 s
currentSize : 17 <-- 0.032126 s
currentSize : 18 <-- 0.032397 s
currentSize : 19 <-- 0.043301 s
currentSize : 20 <-- 0.272804 s
currentSize : 21 <-- 1.121014 s
currentSize : 22 <-- 2.313046 s

maxsize : 22
nodes : 285599.000000
filtered : 9252805.000000
CCGP filtered : 5803300.000000
CCGT filtered : 3920971.000000
time : 5.292585
