Parameters: GAD=1 vflib=1 dir=0 label=0 lowerbound=1 fileNameGp=../graphsdb/mcs50/bvg/b06/mcs50_b06_s35.A56 fileNameGt=../graphsdb/mcs50/bvg/b06/mcs50_b06_s35.B56
Reading graphs...
35 :  103
35 :  103
Initializing...
maxdom : 35
D->valSize : 1225
Solving...
currentSize : 14 <-- 0.019254 s
currentSize : 15 <-- 0.019496 s
currentSize : 16 <-- 0.022376 s
currentSize : 17 <-- 0.030021 s
currentSize : 18 <-- 0.065584 s
currentSize : 19 <-- 0.206310 s
currentSize : 20 <-- 1.141678 s
currentSize : 21 <-- 132.871262 s
currentSize : 22 <-- 152.206146 s

maxsize : 22
nodes : 34597680.000000
filtered : 1328075153.000000
CCGP filtered : 68932668.000000
CCGT filtered : 77135431.000000
time : 635.156921
