Parameters: GAD=1 vflib=1 dir=0 label=0 lowerbound=1 fileNameGp=../graphsdb/mcs50/rand/r005/mcs50_r005_s35.A47 fileNameGt=../graphsdb/mcs50/rand/r005/mcs50_r005_s35.B47
Reading graphs...
35 :  61
35 :  60
Initializing...
maxdom : 35
D->valSize : 1225
Solving...
currentSize : 14 <-- 0.020765 s
currentSize : 15 <-- 0.020945 s
currentSize : 16 <-- 0.021191 s
currentSize : 17 <-- 0.021336 s
currentSize : 18 <-- 0.021736 s
currentSize : 19 <-- 0.025824 s
currentSize : 20 <-- 0.039861 s
currentSize : 21 <-- 0.040436 s
currentSize : 22 <-- 0.418212 s
currentSize : 23 <-- 0.978463 s
currentSize : 24 <-- 5.941581 s

maxsize : 24
nodes : 7859728.000000
filtered : 274071372.000000
CCGP filtered : 108136119.000000
CCGT filtered : 61484683.000000
time : 179.659943
