Parameters: GAD=1 vflib=1 dir=0 label=0 lowerbound=1 fileNameGp=../graphsdb/mcs50/m4D/m4Dr4/mcs50_m4Dr4_s35.A38 fileNameGt=../graphsdb/mcs50/m4D/m4Dr4/mcs50_m4Dr4_s35.B38
Reading graphs...
35 :  76
35 :  75
Initializing...
maxdom : 35
D->valSize : 1225
Solving...
currentSize : 10 <-- 0.020741 s
currentSize : 12 <-- 0.020993 s
currentSize : 13 <-- 0.021477 s
currentSize : 14 <-- 0.021645 s
currentSize : 15 <-- 0.029555 s
currentSize : 16 <-- 0.055894 s
currentSize : 17 <-- 0.056118 s
currentSize : 18 <-- 0.071663 s
currentSize : 19 <-- 0.102064 s
currentSize : 20 <-- 0.118009 s
currentSize : 21 <-- 0.765869 s
currentSize : 22 <-- 1.879455 s
currentSize : 23 <-- 8.962579 s
currentSize : 24 <-- 132.524094 s

maxsize : 24
nodes : 12017226.000000
filtered : 485307720.000000
CCGP filtered : 97880788.000000
CCGT filtered : 47299577.000000
time : 297.017303
