Parameters: GAD=1 vflib=1 dir=0 label=0 lowerbound=1 fileNameGp=../graphsdb/mcs50/m4D/m4D/mcs50_m4D_s35.A67 fileNameGt=../graphsdb/mcs50/m4D/m4D/mcs50_m4D_s35.B67
Reading graphs...
35 :  63
35 :  63
Initializing...
maxdom : 35
D->valSize : 1225
Solving...
currentSize : 10 <-- 0.020694 s
currentSize : 12 <-- 0.020783 s
currentSize : 13 <-- 0.021211 s
currentSize : 14 <-- 0.023107 s
currentSize : 15 <-- 0.160570 s
currentSize : 16 <-- 0.340374 s
currentSize : 17 <-- 0.712994 s
currentSize : 18 <-- 1.064985 s
currentSize : 19 <-- 1.067026 s
currentSize : 20 <-- 1.068635 s
currentSize : 21 <-- 4.834370 s
currentSize : 22 <-- 50.909241 s
currentSize : 23 <-- 66.657082 s

maxsize : 23
nodes : 14210437.000000
filtered : 405678088.000000
CCGP filtered : 234433614.000000
CCGT filtered : 170464693.000000
time : 280.910889
