Parameters: GAD=1 vflib=1 dir=0 label=0 lowerbound=1 fileNameGp=../graphsdb/mcs50/bvg/b03m/mcs50_b03m_s35.A80 fileNameGt=../graphsdb/mcs50/bvg/b03m/mcs50_b03m_s35.B80
Reading graphs...
35 :  52
35 :  52
Initializing...
maxdom : 35
D->valSize : 1225
Solving...
currentSize : 12 <-- 0.037349 s
currentSize : 14 <-- 0.037785 s
currentSize : 16 <-- 0.037948 s
currentSize : 17 <-- 0.038022 s
currentSize : 20 <-- 0.038422 s
currentSize : 22 <-- 0.073525 s
currentSize : 23 <-- 0.099930 s
currentSize : 24 <-- 1.908674 s
currentSize : 25 <-- 24.577377 s

maxsize : 25
nodes : 3565296.000000
filtered : 139381148.000000
CCGP filtered : 83562983.000000
CCGT filtered : 58566032.000000
time : 119.695427
