Parameters: GAD=1 vflib=1 dir=0 label=0 lowerbound=1 fileNameGp=../graphsdb/mcs50/m4D/m4Dr6/mcs50_m4Dr6_s35.A45 fileNameGt=../graphsdb/mcs50/m4D/m4Dr6/mcs50_m4Dr6_s35.B45
Reading graphs...
35 :  79
35 :  78
Initializing...
maxdom : 35
D->valSize : 1225
Solving...
currentSize : 14 <-- 0.019798 s
currentSize : 15 <-- 0.019867 s
currentSize : 16 <-- 0.020942 s
currentSize : 17 <-- 0.021190 s
currentSize : 18 <-- 0.021937 s
currentSize : 19 <-- 0.022801 s
currentSize : 20 <-- 0.056157 s
currentSize : 21 <-- 0.128734 s
currentSize : 22 <-- 0.735997 s
currentSize : 23 <-- 5.596810 s
currentSize : 24 <-- 183.970795 s

maxsize : 24
nodes : 15122273.000000
filtered : 633431479.000000
CCGP filtered : 119805739.000000
CCGT filtered : 64035156.000000
time : 421.964386
