Parameters: GAD=1 vflib=1 dir=0 label=0 lowerbound=1 fileNameGp=../graphsdb/mcs50/m4D/m4D/mcs50_m4D_s35.A90 fileNameGt=../graphsdb/mcs50/m4D/m4D/mcs50_m4D_s35.B90
Reading graphs...
35 :  63
35 :  63
Initializing...
maxdom : 35
D->valSize : 1225
Solving...
currentSize : 11 <-- 0.020979 s
currentSize : 16 <-- 0.021038 s
currentSize : 17 <-- 0.024152 s
currentSize : 18 <-- 0.024281 s
currentSize : 19 <-- 0.047880 s
currentSize : 20 <-- 0.048208 s
currentSize : 21 <-- 0.262566 s
currentSize : 22 <-- 0.465922 s
currentSize : 23 <-- 4.223587 s
currentSize : 24 <-- 18.268923 s

maxsize : 24
nodes : 4772352.000000
filtered : 192905274.000000
CCGP filtered : 101816698.000000
CCGT filtered : 36314292.000000
time : 150.561005
