Parameters: GAD=1 vflib=1 dir=0 label=0 lowerbound=1 fileNameGp=../graphsdb/mcs50/m4D/m4D/mcs50_m4D_s30.A21 fileNameGt=../graphsdb/mcs50/m4D/m4D/mcs50_m4D_s30.B21
Reading graphs...
30 :  55
30 :  55
Initializing...
maxdom : 30
D->valSize : 900
Solving...
currentSize : 12 <-- 0.019231 s
currentSize : 14 <-- 0.019290 s
currentSize : 16 <-- 0.019401 s
currentSize : 17 <-- 0.019562 s
currentSize : 18 <-- 0.020691 s
currentSize : 19 <-- 0.023963 s
currentSize : 20 <-- 0.033585 s
currentSize : 21 <-- 0.088119 s
currentSize : 22 <-- 0.296128 s

maxsize : 22
nodes : 95285.000000
filtered : 3570416.000000
CCGP filtered : 2751898.000000
CCGT filtered : 567180.000000
time : 2.049486
