Parameters: GAD=1 vflib=1 dir=0 label=0 lowerbound=1 fileNameGp=../graphsdb/mcs50/m4D/m4Dr4/mcs50_m4Dr4_s35.A10 fileNameGt=../graphsdb/mcs50/m4D/m4Dr4/mcs50_m4Dr4_s35.B10
Reading graphs...
35 :  75
35 :  75
Initializing...
maxdom : 35
D->valSize : 1225
Solving...
currentSize : 13 <-- 0.020766 s
currentSize : 15 <-- 0.021395 s
currentSize : 16 <-- 0.022001 s
currentSize : 17 <-- 0.022180 s
currentSize : 18 <-- 0.061715 s
currentSize : 19 <-- 0.063592 s
currentSize : 20 <-- 0.064342 s
currentSize : 21 <-- 0.141651 s
currentSize : 22 <-- 11.205581 s

maxsize : 22
nodes : 58855692.000000
filtered : 2076060177.000000
CCGP filtered : 622082035.000000
CCGT filtered : 387341783.000000
time : 1123.007080
