Parameters: GAD=1 vflib=1 dir=0 label=0 lowerbound=1 fileNameGp=../graphsdb/mcs50/bvg/b06/mcs50_b06_s35.A47 fileNameGt=../graphsdb/mcs50/bvg/b06/mcs50_b06_s35.B47
Reading graphs...
35 :  102
35 :  102
Initializing...
maxdom : 35
D->valSize : 1225
Solving...
currentSize : 14 <-- 0.034228 s
currentSize : 15 <-- 0.034461 s
currentSize : 16 <-- 0.035052 s
currentSize : 17 <-- 0.038611 s
currentSize : 18 <-- 0.060050 s
currentSize : 19 <-- 0.474324 s
currentSize : 20 <-- 11.453355 s
currentSize : 21 <-- 19.950979 s
currentSize : 22 <-- 42.900867 s

maxsize : 22
nodes : 32110367.000000
filtered : 1306909361.000000
CCGP filtered : 83407604.000000
CCGT filtered : 110538759.000000
time : 622.931519
