Parameters: GAD=1 vflib=1 dir=0 label=0 lowerbound=1 fileNameGp=../graphsdb/mcs50/m4D/m4D/mcs50_m4D_s30.A69 fileNameGt=../graphsdb/mcs50/m4D/m4D/mcs50_m4D_s30.B69
Reading graphs...
30 :  55
30 :  55
Initializing...
maxdom : 30
D->valSize : 900
Solving...
currentSize : 9 <-- 0.019432 s
currentSize : 10 <-- 0.019493 s
currentSize : 12 <-- 0.019517 s
currentSize : 13 <-- 0.020742 s
currentSize : 14 <-- 0.022040 s
currentSize : 15 <-- 0.022756 s
currentSize : 16 <-- 0.023283 s
currentSize : 17 <-- 0.036315 s
currentSize : 18 <-- 0.047750 s
currentSize : 19 <-- 0.098064 s
currentSize : 20 <-- 0.432807 s
currentSize : 21 <-- 1.497651 s

maxsize : 21
nodes : 736519.000000
filtered : 26164764.000000
CCGP filtered : 12310607.000000
CCGT filtered : 7503355.000000
time : 19.521610
