Parameters: GAD=1 vflib=1 dir=0 label=0 lowerbound=1 fileNameGp=../graphsdb/mcs50/rand/r005/mcs50_r005_s35.A05 fileNameGt=../graphsdb/mcs50/rand/r005/mcs50_r005_s35.B05
Reading graphs...
35 :  61
35 :  61
Initializing...
maxdom : 35
D->valSize : 1225
Solving...
currentSize : 14 <-- 0.029419 s
currentSize : 17 <-- 0.030400 s
currentSize : 18 <-- 0.030481 s
currentSize : 19 <-- 0.030797 s
currentSize : 20 <-- 0.031005 s
currentSize : 21 <-- 0.050319 s
currentSize : 22 <-- 0.201983 s
currentSize : 23 <-- 1.333041 s
currentSize : 24 <-- 10.689205 s
currentSize : 25 <-- 25.888836 s

maxsize : 25
nodes : 11332227.000000
filtered : 468586664.000000
CCGP filtered : 90003869.000000
CCGT filtered : 58911009.000000
time : 316.703766
