Parameters: GAD=1 vflib=1 dir=0 label=0 lowerbound=1 fileNameGp=../graphsdb/mcs50/bvg/b06m/mcs50_b06m_s35.A60 fileNameGt=../graphsdb/mcs50/bvg/b06m/mcs50_b06m_s35.B60
Reading graphs...
35 :  100
35 :  100
Initializing...
maxdom : 35
D->valSize : 1225
Solving...
currentSize : 10 <-- 0.019528 s
currentSize : 12 <-- 0.019661 s
currentSize : 15 <-- 0.019708 s
currentSize : 16 <-- 0.020603 s
currentSize : 17 <-- 0.031404 s
currentSize : 18 <-- 0.159827 s
currentSize : 19 <-- 0.964289 s
currentSize : 20 <-- 11.911423 s
currentSize : 21 <-- 22.110500 s

maxsize : 21
nodes : 112923898.000000
filtered : 3953285691.000000
CCGP filtered : 265714548.000000
CCGT filtered : 186947945.000000
time : 2087.610107
