Parameters: GAD=1 vflib=1 dir=0 label=0 lowerbound=1 fileNameGp=../graphsdb/mcs50/bvg/b06/mcs50_b06_s35.A31 fileNameGt=../graphsdb/mcs50/bvg/b06/mcs50_b06_s35.B31
Reading graphs...
35 :  103
35 :  103
Initializing...
maxdom : 35
D->valSize : 1225
Solving...
currentSize : 12 <-- 0.029133 s
currentSize : 14 <-- 0.029356 s
currentSize : 15 <-- 0.029596 s
currentSize : 16 <-- 0.029698 s
currentSize : 17 <-- 0.030112 s
currentSize : 18 <-- 0.034402 s
currentSize : 19 <-- 0.074945 s
currentSize : 20 <-- 9.176501 s
currentSize : 21 <-- 20.198217 s
currentSize : 22 <-- 61.382523 s
currentSize : 23 <-- 618.931030 s

maxsize : 23
nodes : 40422874.000000
filtered : 1609380470.000000
CCGP filtered : 85692893.000000
CCGT filtered : 54546752.000000
time : 764.020691
