Parameters: GAD=1 vflib=1 dir=0 label=0 lowerbound=1 fileNameGp=../graphsdb/mcs50/rand/r005/mcs50_r005_s30.A01 fileNameGt=../graphsdb/mcs50/rand/r005/mcs50_r005_s30.B01
Reading graphs...
30 :  46
30 :  45
Initializing...
maxdom : 30
D->valSize : 900
Solving...
currentSize : 9 <-- 0.019662 s
currentSize : 10 <-- 0.019738 s
currentSize : 11 <-- 0.019776 s
currentSize : 12 <-- 0.019807 s
currentSize : 13 <-- 0.019903 s
currentSize : 14 <-- 0.020438 s
currentSize : 15 <-- 0.024535 s
currentSize : 16 <-- 0.027955 s
currentSize : 17 <-- 0.048374 s
currentSize : 18 <-- 0.084394 s
currentSize : 19 <-- 0.201457 s
currentSize : 20 <-- 0.974773 s
currentSize : 21 <-- 4.189388 s

maxsize : 21
nodes : 963475.000000
filtered : 30611921.000000
CCGP filtered : 11843804.000000
CCGT filtered : 11236271.000000
time : 22.774925
