Parameters: GAD=1 vflib=1 dir=0 label=0 lowerbound=1 fileNameGp=../graphsdb/mcs50/m4D/m4Dr6/mcs50_m4Dr6_s35.A21 fileNameGt=../graphsdb/mcs50/m4D/m4Dr6/mcs50_m4Dr6_s35.B21
Reading graphs...
35 :  82
35 :  82
Initializing...
maxdom : 35
D->valSize : 1225
Solving...
currentSize : 13 <-- 0.035530 s
currentSize : 14 <-- 0.035830 s
currentSize : 15 <-- 0.045118 s
currentSize : 16 <-- 0.047360 s
currentSize : 17 <-- 0.052901 s
currentSize : 18 <-- 0.054803 s
currentSize : 19 <-- 0.054966 s
currentSize : 20 <-- 0.149912 s
currentSize : 21 <-- 0.516135 s
currentSize : 22 <-- 84.673889 s

maxsize : 22
nodes : 32834753.000000
filtered : 1129187940.000000
CCGP filtered : 251012250.000000
CCGT filtered : 157975899.000000
time : 631.498962
