Parameters: GAD=1 vflib=1 dir=0 label=0 lowerbound=1 fileNameGp=../graphsdb/mcs50/bvg/b03/mcs50_b03_s30.A00 fileNameGt=../graphsdb/mcs50/bvg/b03/mcs50_b03_s30.B00
Reading graphs...
30 :  44
30 :  45
Initializing...
maxdom : 30
D->valSize : 900
Solving...
currentSize : 12 <-- 0.011514 s
currentSize : 14 <-- 0.011552 s
currentSize : 15 <-- 0.011863 s
currentSize : 16 <-- 0.013292 s
currentSize : 17 <-- 0.016148 s
currentSize : 18 <-- 0.017597 s
currentSize : 19 <-- 0.250487 s
currentSize : 20 <-- 2.794090 s
currentSize : 21 <-- 15.067468 s

maxsize : 21
nodes : 1186619.000000
filtered : 34637849.000000
CCGP filtered : 17806387.000000
CCGT filtered : 13351597.000000
time : 22.730265
