Parameters: GAD=1 vflib=1 dir=0 label=0 lowerbound=1 fileNameGp=../graphsdb/mcs50/bvg/b06/mcs50_b06_s25.A04 fileNameGt=../graphsdb/mcs50/bvg/b06/mcs50_b06_s25.B04
Reading graphs...
25 :  72
25 :  75
Initializing...
maxdom : 25
D->valSize : 625
Solving...
currentSize : 7 <-- 0.004845 s
currentSize : 9 <-- 0.004895 s
currentSize : 10 <-- 0.004961 s
currentSize : 11 <-- 0.005474 s
currentSize : 12 <-- 0.008404 s
currentSize : 13 <-- 0.008684 s
currentSize : 14 <-- 0.088823 s
currentSize : 15 <-- 0.387917 s
currentSize : 16 <-- 7.900694 s

maxsize : 16
nodes : 1054363.000000
filtered : 24679764.000000
CCGP filtered : 1179045.000000
CCGT filtered : 543890.000000
time : 10.717555
