Parameters: GAD=1 vflib=1 dir=0 label=0 lowerbound=1 fileNameGp=../graphsdb/mcs50/bvg/b03/mcs50_b03_s25.A97 fileNameGt=../graphsdb/mcs50/bvg/b03/mcs50_b03_s25.B97
Reading graphs...
25 :  37
25 :  37
Initializing...
maxdom : 25
D->valSize : 625
Solving...
currentSize : 10 <-- 0.005294 s
currentSize : 11 <-- 0.005323 s
currentSize : 12 <-- 0.005560 s
currentSize : 13 <-- 0.006883 s
currentSize : 14 <-- 0.019382 s
currentSize : 15 <-- 0.023767 s
currentSize : 16 <-- 0.026873 s
currentSize : 17 <-- 0.028660 s
currentSize : 18 <-- 0.349263 s

maxsize : 18
nodes : 157192.000000
filtered : 4069240.000000
CCGP filtered : 1998537.000000
CCGT filtered : 849220.000000
time : 2.242083
