Parameters: GAD=1 vflib=1 dir=0 label=0 lowerbound=1 fileNameGp=../graphsdb/mcs50/m4D/m4D/mcs50_m4D_s35.A55 fileNameGt=../graphsdb/mcs50/m4D/m4D/mcs50_m4D_s35.B55
Reading graphs...
35 :  63
35 :  63
Initializing...
maxdom : 35
D->valSize : 1225
Solving...
currentSize : 8 <-- 0.036670 s
currentSize : 12 <-- 0.036847 s
currentSize : 13 <-- 0.037152 s
currentSize : 14 <-- 0.037544 s
currentSize : 15 <-- 0.038719 s
currentSize : 16 <-- 0.039510 s
currentSize : 17 <-- 0.082193 s
currentSize : 18 <-- 0.118566 s
currentSize : 19 <-- 0.359771 s
currentSize : 20 <-- 1.081769 s
currentSize : 21 <-- 1.136185 s
currentSize : 22 <-- 1.406835 s
currentSize : 23 <-- 4.338272 s
currentSize : 24 <-- 4.338469 s

maxsize : 24
nodes : 3992759.000000
filtered : 150417739.000000
CCGP filtered : 75678468.000000
CCGT filtered : 71965448.000000
time : 93.049469
