Parameters: GAD=1 vflib=1 dir=0 label=0 lowerbound=1 fileNameGp=../graphsdb/mcs50/m2D/m2Dr2/mcs50_m2Dr2_s30.A63 fileNameGt=../graphsdb/mcs50/m2D/m2Dr2/mcs50_m2Dr2_s30.B63
Reading graphs...
30 :  54
30 :  52
Initializing...
maxdom : 30
D->valSize : 900
Solving...
currentSize : 13 <-- 0.019198 s
currentSize : 14 <-- 0.019414 s
currentSize : 15 <-- 0.019600 s
currentSize : 16 <-- 0.019965 s
currentSize : 17 <-- 0.020181 s
currentSize : 18 <-- 0.023998 s
currentSize : 19 <-- 0.050570 s
currentSize : 20 <-- 1.121599 s
currentSize : 21 <-- 52.500591 s

maxsize : 21
nodes : 4365623.000000
filtered : 134802086.000000
CCGP filtered : 31378633.000000
CCGT filtered : 11696660.000000
time : 80.159698
