Parameters: GAD=1 vflib=1 dir=0 label=0 lowerbound=1 fileNameGp=../graphsdb/mcs50/m4D/m4Dr2/mcs50_m4Dr2_s30.A78 fileNameGt=../graphsdb/mcs50/m4D/m4Dr2/mcs50_m4Dr2_s30.B78
Reading graphs...
30 :  60
30 :  59
Initializing...
maxdom : 30
D->valSize : 900
Solving...
currentSize : 12 <-- 0.010995 s
currentSize : 13 <-- 0.011140 s
currentSize : 14 <-- 0.011367 s
currentSize : 15 <-- 0.012138 s
currentSize : 16 <-- 0.032440 s
currentSize : 17 <-- 0.037580 s
currentSize : 18 <-- 0.037888 s
currentSize : 19 <-- 0.094498 s
currentSize : 20 <-- 0.254949 s
currentSize : 21 <-- 0.321318 s
currentSize : 22 <-- 0.321476 s

maxsize : 22
nodes : 169516.000000
filtered : 8306472.000000
CCGP filtered : 2086339.000000
CCGT filtered : 703457.000000
time : 5.282118
