Parameters: GAD=1 vflib=1 dir=0 label=0 lowerbound=1 fileNameGp=../graphsdb/mcs50/m4D/m4Dr6/mcs50_m4Dr6_s35.A84 fileNameGt=../graphsdb/mcs50/m4D/m4Dr6/mcs50_m4Dr6_s35.B84
Reading graphs...
35 :  79
35 :  79
Initializing...
maxdom : 35
D->valSize : 1225
Solving...
currentSize : 11 <-- 0.035556 s
currentSize : 13 <-- 0.035915 s
currentSize : 14 <-- 0.035999 s
currentSize : 15 <-- 0.036327 s
currentSize : 16 <-- 0.037047 s
currentSize : 17 <-- 0.042984 s
currentSize : 18 <-- 0.043376 s
currentSize : 19 <-- 0.058000 s
currentSize : 20 <-- 0.344844 s
currentSize : 21 <-- 1.768258 s
currentSize : 22 <-- 106.796631 s

maxsize : 22
nodes : 81281116.000000
filtered : 2693784703.000000
CCGP filtered : 371002929.000000
CCGT filtered : 408128933.000000
time : 1384.510376
