Parameters: GAD=1 vflib=1 dir=0 label=0 lowerbound=1 fileNameGp=../graphsdb/mcs50/bvg/b03m/mcs50_b03m_s25.A38 fileNameGt=../graphsdb/mcs50/bvg/b03m/mcs50_b03m_s25.B38
Reading graphs...
25 :  37
25 :  37
Initializing...
maxdom : 25
D->valSize : 625
Solving...
currentSize : 5 <-- 0.005252 s
currentSize : 9 <-- 0.005305 s
currentSize : 10 <-- 0.005349 s
currentSize : 11 <-- 0.005414 s
currentSize : 12 <-- 0.005727 s
currentSize : 13 <-- 0.006027 s
currentSize : 14 <-- 0.011134 s
currentSize : 15 <-- 0.015779 s
currentSize : 16 <-- 0.017606 s
currentSize : 17 <-- 0.045906 s
currentSize : 18 <-- 0.351654 s

maxsize : 18
nodes : 88070.000000
filtered : 2602855.000000
CCGP filtered : 1080062.000000
CCGT filtered : 316435.000000
time : 1.380198
