Parameters: GAD=1 vflib=1 dir=0 label=0 lowerbound=1 fileNameGp=../graphsdb/mcs50/bvg/b03m/mcs50_b03m_s25.A66 fileNameGt=../graphsdb/mcs50/bvg/b03m/mcs50_b03m_s25.B66
Reading graphs...
25 :  37
25 :  36
Initializing...
maxdom : 25
D->valSize : 625
Solving...
currentSize : 10 <-- 0.005625 s
currentSize : 11 <-- 0.005802 s
currentSize : 12 <-- 0.005921 s
currentSize : 13 <-- 0.006043 s
currentSize : 14 <-- 0.006209 s
currentSize : 15 <-- 0.017140 s
currentSize : 16 <-- 0.090246 s
currentSize : 17 <-- 0.732595 s
currentSize : 18 <-- 0.977112 s
currentSize : 19 <-- 1.066135 s

maxsize : 19
nodes : 111786.000000
filtered : 2417915.000000
CCGP filtered : 1324599.000000
CCGT filtered : 900041.000000
time : 1.442320
