Parameters: GAD=1 vflib=1 dir=0 label=0 lowerbound=1 fileNameGp=../graphsdb/mcs50/bvg/b03m/mcs50_b03m_s35.A65 fileNameGt=../graphsdb/mcs50/bvg/b03m/mcs50_b03m_s35.B65
Reading graphs...
35 :  52
35 :  52
Initializing...
maxdom : 35
D->valSize : 1225
Solving...
currentSize : 11 <-- 0.025891 s
currentSize : 15 <-- 0.025939 s
currentSize : 16 <-- 0.029709 s
currentSize : 19 <-- 0.030987 s
currentSize : 20 <-- 0.031025 s
currentSize : 21 <-- 0.034777 s
currentSize : 22 <-- 0.053496 s
currentSize : 23 <-- 0.063069 s
currentSize : 24 <-- 2.402791 s
currentSize : 25 <-- 4.889854 s
currentSize : 26 <-- 8.749053 s

maxsize : 26
nodes : 1294899.000000
filtered : 55379867.000000
CCGP filtered : 21048001.000000
CCGT filtered : 11796213.000000
time : 43.454483
