Parameters: GAD=1 vflib=1 dir=0 label=0 lowerbound=1 fileNameGp=../graphsdb/mcs50/bvg/b03/mcs50_b03_s35.A52 fileNameGt=../graphsdb/mcs50/bvg/b03/mcs50_b03_s35.B52
Reading graphs...
35 :  52
35 :  52
Initializing...
maxdom : 35
D->valSize : 1225
Solving...
currentSize : 15 <-- 0.020736 s
currentSize : 16 <-- 0.020828 s
currentSize : 17 <-- 0.021165 s
currentSize : 18 <-- 0.021317 s
currentSize : 19 <-- 0.023100 s
currentSize : 20 <-- 0.023234 s
currentSize : 21 <-- 0.027071 s
currentSize : 22 <-- 0.028594 s
currentSize : 23 <-- 0.065454 s
currentSize : 24 <-- 1.363864 s
currentSize : 25 <-- 18.428524 s

maxsize : 25
nodes : 7439389.000000
filtered : 283632109.000000
CCGP filtered : 133147148.000000
CCGT filtered : 96602069.000000
time : 225.876846
