Parameters: GAD=1 vflib=1 dir=0 label=0 lowerbound=1 fileNameGp=../graphsdb/mcs50/bvg/b03/mcs50_b03_s35.A48 fileNameGt=../graphsdb/mcs50/bvg/b03/mcs50_b03_s35.B48
Reading graphs...
35 :  52
35 :  52
Initializing...
maxdom : 35
D->valSize : 1225
Solving...
currentSize : 13 <-- 0.037366 s
currentSize : 15 <-- 0.037446 s
currentSize : 16 <-- 0.037820 s
currentSize : 17 <-- 0.045837 s
currentSize : 18 <-- 0.070732 s
currentSize : 19 <-- 0.071574 s
currentSize : 20 <-- 0.165037 s
currentSize : 21 <-- 0.165198 s
currentSize : 22 <-- 0.236979 s
currentSize : 23 <-- 0.679075 s
currentSize : 24 <-- 3.771005 s
currentSize : 25 <-- 35.946632 s

maxsize : 25
nodes : 4792601.000000
filtered : 184853786.000000
CCGP filtered : 102142686.000000
CCGT filtered : 63748243.000000
time : 141.110458
