Parameters: GAD=1 vflib=1 dir=0 label=0 lowerbound=1 fileNameGp=../graphsdb/mcs50/rand/r005/mcs50_r005_s35.A48 fileNameGt=../graphsdb/mcs50/rand/r005/mcs50_r005_s35.B48
Reading graphs...
35 :  60
35 :  62
Initializing...
maxdom : 35
D->valSize : 1225
Solving...
currentSize : 16 <-- 0.020606 s
currentSize : 17 <-- 0.020737 s
currentSize : 18 <-- 0.020810 s
currentSize : 20 <-- 0.021660 s
currentSize : 21 <-- 0.023267 s
currentSize : 22 <-- 0.036407 s
currentSize : 23 <-- 0.079338 s
currentSize : 24 <-- 0.514292 s
currentSize : 25 <-- 157.269562 s

maxsize : 25
nodes : 14328349.000000
filtered : 549298364.000000
CCGP filtered : 156327940.000000
CCGT filtered : 91286015.000000
time : 374.875275
