Parameters: GAD=1 vflib=1 dir=0 label=0 lowerbound=1 fileNameGp=../graphsdb/mcs50/rand/r01/mcs50_r01_s30.A96 fileNameGt=../graphsdb/mcs50/rand/r01/mcs50_r01_s30.B96
Reading graphs...
30 :  83
30 :  81
Initializing...
maxdom : 30
D->valSize : 900
Solving...
currentSize : 11 <-- 0.010251 s
currentSize : 12 <-- 0.011481 s
currentSize : 13 <-- 0.011539 s
currentSize : 14 <-- 0.036928 s
currentSize : 15 <-- 0.038887 s
currentSize : 16 <-- 0.208763 s
currentSize : 17 <-- 0.837089 s
currentSize : 18 <-- 3.423891 s
currentSize : 19 <-- 33.445927 s

maxsize : 19
nodes : 6026032.000000
filtered : 183857901.000000
CCGP filtered : 7726720.000000
CCGT filtered : 7395200.000000
time : 82.703331
