Parameters: GAD=1 vflib=1 dir=0 label=0 lowerbound=1 fileNameGp=../graphsdb/mcs50/m4D/m4Dr4/mcs50_m4Dr4_s35.A50 fileNameGt=../graphsdb/mcs50/m4D/m4Dr4/mcs50_m4Dr4_s35.B50
Reading graphs...
35 :  77
35 :  74
Initializing...
maxdom : 35
D->valSize : 1225
Solving...
currentSize : 14 <-- 0.020276 s
currentSize : 15 <-- 0.020349 s
currentSize : 16 <-- 0.020421 s
currentSize : 17 <-- 0.021307 s
currentSize : 18 <-- 0.024907 s
currentSize : 19 <-- 0.026676 s
currentSize : 20 <-- 0.039393 s
currentSize : 21 <-- 6.885689 s
currentSize : 22 <-- 319.613159 s

maxsize : 22
nodes : 94557605.000000
filtered : 3031631103.000000
CCGP filtered : 665309965.000000
CCGT filtered : 496685791.000000
time : 1789.070679
