Parameters: GAD=1 vflib=1 dir=0 label=0 lowerbound=1 fileNameGp=../graphsdb/mcs50/m2D/m2Dr2/mcs50_m2Dr2_s30.A01 fileNameGt=../graphsdb/mcs50/m2D/m2Dr2/mcs50_m2Dr2_s30.B01
Reading graphs...
30 :  55
30 :  53
Initializing...
maxdom : 30
D->valSize : 900
Solving...
currentSize : 11 <-- 0.019315 s
currentSize : 12 <-- 0.019888 s
currentSize : 13 <-- 0.020502 s
currentSize : 14 <-- 0.024255 s
currentSize : 15 <-- 0.025290 s
currentSize : 16 <-- 0.027692 s
currentSize : 17 <-- 0.066514 s
currentSize : 18 <-- 0.138731 s
currentSize : 19 <-- 0.142244 s
currentSize : 20 <-- 4.043217 s

maxsize : 20
nodes : 2640618.000000
filtered : 84526925.000000
CCGP filtered : 31134533.000000
CCGT filtered : 22269448.000000
time : 38.581799
