Parameters: GAD=1 vflib=1 dir=0 label=0 lowerbound=1 fileNameGp=../graphsdb/mcs50/m4D/m4D/mcs50_m4D_s35.A03 fileNameGt=../graphsdb/mcs50/m4D/m4D/mcs50_m4D_s35.B03
Reading graphs...
35 :  62
35 :  63
Initializing...
maxdom : 35
D->valSize : 1225
Solving...
currentSize : 13 <-- 0.020712 s
currentSize : 17 <-- 0.020778 s
currentSize : 18 <-- 0.020899 s
currentSize : 19 <-- 0.021017 s
currentSize : 22 <-- 0.021480 s
currentSize : 23 <-- 0.022941 s
currentSize : 24 <-- 0.023402 s
currentSize : 25 <-- 0.487444 s
currentSize : 26 <-- 0.500935 s
currentSize : 27 <-- 0.502720 s

maxsize : 27
nodes : 179923.000000
filtered : 9592490.000000
CCGP filtered : 1872184.000000
CCGT filtered : 1709249.000000
time : 6.562874
