Parameters: GAD=1 vflib=1 dir=0 label=0 lowerbound=1 fileNameGp=../graphsdb/mcs50/m4D/m4Dr2/mcs50_m4Dr2_s35.A09 fileNameGt=../graphsdb/mcs50/m4D/m4Dr2/mcs50_m4Dr2_s35.B09
Reading graphs...
35 :  69
35 :  66
Initializing...
maxdom : 35
D->valSize : 1225
Solving...
currentSize : 17 <-- 0.020309 s
currentSize : 18 <-- 0.024580 s
currentSize : 19 <-- 0.502002 s
currentSize : 20 <-- 0.682538 s
currentSize : 21 <-- 8.430501 s
currentSize : 22 <-- 8.455655 s
currentSize : 23 <-- 11.380190 s
currentSize : 24 <-- 35.518467 s
currentSize : 25 <-- 155.494492 s

maxsize : 25
nodes : 6429251.000000
filtered : 232473257.000000
CCGP filtered : 83676886.000000
CCGT filtered : 54774337.000000
time : 169.652069
