Parameters: GAD=1 vflib=1 dir=0 label=0 lowerbound=1 fileNameGp=../graphsdb/mcs50/bvg/b09/mcs50_b09_s35.A36 fileNameGt=../graphsdb/mcs50/bvg/b09/mcs50_b09_s35.B36
Reading graphs...
35 :  152
35 :  152
Initializing...
maxdom : 35
D->valSize : 1225
Solving...
currentSize : 12 <-- 0.031698 s
currentSize : 13 <-- 0.031824 s
currentSize : 14 <-- 0.040404 s
currentSize : 15 <-- 0.047685 s
currentSize : 16 <-- 0.055947 s
currentSize : 17 <-- 13.358431 s
currentSize : 18 <-- 23.823364 s
currentSize : 19 <-- 84.598038 s
currentSize : 20 <-- 204.115219 s

maxsize : 20
nodes : 71832183.000000
filtered : 2090765046.000000
CCGP filtered : 9639272.000000
CCGT filtered : 13232911.000000
time : 1024.170166
