Parameters: GAD=1 vflib=1 dir=0 label=0 lowerbound=1 fileNameGp=../graphsdb/mcs50/bvg/b06m/mcs50_b06m_s35.A53 fileNameGt=../graphsdb/mcs50/bvg/b06m/mcs50_b06m_s35.B53
Reading graphs...
35 :  100
35 :  103
Initializing...
maxdom : 35
D->valSize : 1225
Solving...
currentSize : 13 <-- 0.019096 s
currentSize : 14 <-- 0.019142 s
currentSize : 15 <-- 0.019302 s
currentSize : 16 <-- 0.023294 s
currentSize : 17 <-- 0.024110 s
currentSize : 18 <-- 0.087471 s
currentSize : 19 <-- 4.447999 s
currentSize : 20 <-- 10.462649 s
currentSize : 21 <-- 828.509949 s

maxsize : 21
nodes : 156241089.000000
filtered : 5099504693.000000
CCGP filtered : 309404299.000000
CCGT filtered : 265449563.000000
time : 2667.130859
