Parameters: GAD=1 vflib=1 dir=0 label=0 lowerbound=1 fileNameGp=../graphsdb/mcs50/bvg/b03/mcs50_b03_s35.A02 fileNameGt=../graphsdb/mcs50/bvg/b03/mcs50_b03_s35.B02
Reading graphs...
35 :  52
35 :  52
Initializing...
maxdom : 35
D->valSize : 1225
Solving...
currentSize : 17 <-- 0.037552 s
currentSize : 18 <-- 0.037616 s
currentSize : 19 <-- 0.038392 s
currentSize : 20 <-- 0.039969 s
currentSize : 21 <-- 0.045193 s
currentSize : 22 <-- 0.493941 s
currentSize : 23 <-- 0.494115 s
currentSize : 24 <-- 8.143348 s
currentSize : 25 <-- 22.883402 s
currentSize : 26 <-- 84.946182 s

maxsize : 26
nodes : 5226480.000000
filtered : 199437626.000000
CCGP filtered : 70802516.000000
CCGT filtered : 45410862.000000
time : 145.182861
