Parameters: GAD=1 vflib=1 dir=0 label=0 lowerbound=1 fileNameGp=../graphsdb/mcs50/m2D/m2Dr4/mcs50_m2Dr4_s30.A57 fileNameGt=../graphsdb/mcs50/m2D/m2Dr4/mcs50_m2Dr4_s30.B57
Reading graphs...
30 :  59
30 :  57
Initializing...
maxdom : 30
D->valSize : 900
Solving...
currentSize : 13 <-- 0.011353 s
currentSize : 14 <-- 0.011388 s
currentSize : 15 <-- 0.011491 s
currentSize : 16 <-- 0.011669 s
currentSize : 17 <-- 0.012199 s
currentSize : 18 <-- 0.032737 s
currentSize : 19 <-- 0.050488 s
currentSize : 20 <-- 0.571475 s
currentSize : 21 <-- 23.335630 s

maxsize : 21
nodes : 2567304.000000
filtered : 87100318.000000
CCGP filtered : 15121740.000000
CCGT filtered : 11998948.000000
time : 50.103817
