Parameters: GAD=1 vflib=1 dir=0 label=0 lowerbound=1 fileNameGp=../graphsdb/mcs50/rand/r005/mcs50_r005_s35.A70 fileNameGt=../graphsdb/mcs50/rand/r005/mcs50_r005_s35.B70
Reading graphs...
35 :  61
35 :  61
Initializing...
maxdom : 35
D->valSize : 1225
Solving...
currentSize : 16 <-- 0.021039 s
currentSize : 17 <-- 0.021181 s
currentSize : 18 <-- 0.022199 s
currentSize : 19 <-- 0.024926 s
currentSize : 20 <-- 0.034614 s
currentSize : 21 <-- 0.224407 s
currentSize : 22 <-- 1.208167 s
currentSize : 23 <-- 4.116145 s
currentSize : 24 <-- 22.014351 s
currentSize : 25 <-- 45.776260 s

maxsize : 25
nodes : 7867050.000000
filtered : 305833079.000000
CCGP filtered : 61726605.000000
CCGT filtered : 53058474.000000
time : 205.455383
