Parameters: GAD=1 vflib=1 dir=0 label=0 lowerbound=1 fileNameGp=../graphsdb/mcs50/m4D/m4Dr2/mcs50_m4Dr2_s30.A54 fileNameGt=../graphsdb/mcs50/m4D/m4Dr2/mcs50_m4Dr2_s30.B54
Reading graphs...
30 :  59
30 :  60
Initializing...
maxdom : 30
D->valSize : 900
Solving...
currentSize : 12 <-- 0.010861 s
currentSize : 13 <-- 0.011288 s
currentSize : 14 <-- 0.011479 s
currentSize : 15 <-- 0.013733 s
currentSize : 16 <-- 0.017639 s
currentSize : 17 <-- 0.028328 s
currentSize : 18 <-- 0.553599 s
currentSize : 19 <-- 1.138418 s
currentSize : 20 <-- 2.597976 s
currentSize : 21 <-- 7.782998 s

maxsize : 21
nodes : 897537.000000
filtered : 28276797.000000
CCGP filtered : 9769623.000000
CCGT filtered : 4109481.000000
time : 18.438053
