Parameters: GAD=1 vflib=1 dir=0 label=0 lowerbound=1 fileNameGp=../graphsdb/mcs50/m4D/m4Dr4/mcs50_m4Dr4_s30.A73 fileNameGt=../graphsdb/mcs50/m4D/m4Dr4/mcs50_m4Dr4_s30.B73
Reading graphs...
30 :  65
30 :  65
Initializing...
maxdom : 30
D->valSize : 900
Solving...
currentSize : 11 <-- 0.015411 s
currentSize : 12 <-- 0.015492 s
currentSize : 13 <-- 0.015599 s
currentSize : 14 <-- 0.015654 s
currentSize : 15 <-- 0.015923 s
currentSize : 16 <-- 0.016060 s
currentSize : 17 <-- 0.160091 s
currentSize : 18 <-- 0.862877 s
currentSize : 19 <-- 2.563239 s

maxsize : 19
nodes : 5394670.000000
filtered : 150116227.000000
CCGP filtered : 39207187.000000
CCGT filtered : 16675525.000000
time : 87.877464
