Parameters: GAD=1 vflib=1 dir=0 label=0 lowerbound=1 fileNameGp=../graphsdb/mcs50/m2D/m2Dr4/mcs50_m2Dr4_s30.A61 fileNameGt=../graphsdb/mcs50/m2D/m2Dr4/mcs50_m2Dr4_s30.B61
Reading graphs...
30 :  60
30 :  59
Initializing...
maxdom : 30
D->valSize : 900
Solving...
currentSize : 10 <-- 0.018923 s
currentSize : 13 <-- 0.019035 s
currentSize : 14 <-- 0.019513 s
currentSize : 15 <-- 0.019771 s
currentSize : 16 <-- 0.019877 s
currentSize : 17 <-- 0.021446 s
currentSize : 18 <-- 0.027091 s
currentSize : 19 <-- 0.030937 s
currentSize : 20 <-- 2.367997 s

maxsize : 20
nodes : 5806462.000000
filtered : 170836981.000000
CCGP filtered : 30245685.000000
CCGT filtered : 14624054.000000
time : 102.592201
