Parameters: GAD=1 vflib=1 dir=0 label=0 lowerbound=1 fileNameGp=../graphsdb/mcs50/rand/r005/mcs50_r005_s25.A41 fileNameGt=../graphsdb/mcs50/rand/r005/mcs50_r005_s25.B41
Reading graphs...
25 :  33
25 :  35
Initializing...
maxdom : 25
D->valSize : 625
Solving...
currentSize : 7 <-- 0.009427 s
currentSize : 12 <-- 0.009524 s
currentSize : 13 <-- 0.009984 s
currentSize : 14 <-- 0.010166 s
currentSize : 15 <-- 0.017397 s
currentSize : 16 <-- 0.018823 s
currentSize : 17 <-- 0.043225 s
currentSize : 18 <-- 0.253532 s
currentSize : 19 <-- 0.843217 s

maxsize : 19
nodes : 106757.000000
filtered : 2627687.000000
CCGP filtered : 1235290.000000
CCGT filtered : 685645.000000
time : 2.127722
