Parameters: GAD=1 vflib=1 dir=0 label=0 lowerbound=1 fileNameGp=../graphsdb/mcs50/m4D/m4Dr6/mcs50_m4Dr6_s35.A19 fileNameGt=../graphsdb/mcs50/m4D/m4Dr6/mcs50_m4Dr6_s35.B19
Reading graphs...
35 :  82
35 :  80
Initializing...
maxdom : 35
D->valSize : 1225
Solving...
currentSize : 15 <-- 0.024653 s
currentSize : 16 <-- 0.026580 s
currentSize : 17 <-- 0.040373 s
currentSize : 18 <-- 0.125595 s
currentSize : 19 <-- 0.132167 s
currentSize : 20 <-- 0.397788 s
currentSize : 21 <-- 2.019528 s
currentSize : 22 <-- 3.121092 s
currentSize : 23 <-- 658.243225 s

maxsize : 23
nodes : 46941790.000000
filtered : 1679501396.000000
CCGP filtered : 303403886.000000
CCGT filtered : 230450814.000000
time : 1032.851685
