Parameters: GAD=1 vflib=1 dir=0 label=0 lowerbound=1 fileNameGp=../graphsdb/mcs50/bvg/b09/mcs50_b09_s35.A17 fileNameGt=../graphsdb/mcs50/bvg/b09/mcs50_b09_s35.B17
Reading graphs...
35 :  156
35 :  156
Initializing...
maxdom : 35
D->valSize : 1225
Solving...
currentSize : 10 <-- 0.018630 s
currentSize : 11 <-- 0.018733 s
currentSize : 12 <-- 0.018875 s
currentSize : 13 <-- 0.019191 s
currentSize : 14 <-- 0.020555 s
currentSize : 15 <-- 0.047232 s
currentSize : 16 <-- 0.400468 s
currentSize : 17 <-- 4.000230 s
currentSize : 19 <-- 6.555205 s

maxsize : 19
nodes : 106973210.000000
filtered : 3305751605.000000
CCGP filtered : 22974038.000000
CCGT filtered : 47246318.000000
time : 1519.931641
