Parameters: GAD=1 vflib=1 dir=0 label=0 lowerbound=1 fileNameGp=../graphsdb/mcs50/m4D/m4D/mcs50_m4D_s30.A22 fileNameGt=../graphsdb/mcs50/m4D/m4D/mcs50_m4D_s30.B22
Reading graphs...
30 :  55
30 :  55
Initializing...
maxdom : 30
D->valSize : 900
Solving...
currentSize : 5 <-- 0.019439 s
currentSize : 14 <-- 0.019594 s
currentSize : 15 <-- 0.020323 s
currentSize : 16 <-- 0.023577 s
currentSize : 17 <-- 0.023611 s
currentSize : 18 <-- 0.023735 s
currentSize : 19 <-- 0.026442 s
currentSize : 20 <-- 0.057945 s
currentSize : 21 <-- 0.886533 s

maxsize : 21
nodes : 592450.000000
filtered : 18487959.000000
CCGP filtered : 9118269.000000
CCGT filtered : 4173986.000000
time : 11.871287
