Parameters: GAD=1 vflib=1 dir=0 label=0 lowerbound=1 fileNameGp=../graphsdb/mcs50/bvg/b03m/mcs50_b03m_s30.A92 fileNameGt=../graphsdb/mcs50/bvg/b03m/mcs50_b03m_s30.B92
Reading graphs...
30 :  44
30 :  44
Initializing...
maxdom : 30
D->valSize : 900
Solving...
currentSize : 12 <-- 0.011279 s
currentSize : 14 <-- 0.012438 s
currentSize : 15 <-- 0.013063 s
currentSize : 16 <-- 0.015371 s
currentSize : 17 <-- 0.015535 s
currentSize : 18 <-- 0.019333 s
currentSize : 19 <-- 0.183389 s
currentSize : 20 <-- 0.453209 s
currentSize : 21 <-- 1.291579 s
currentSize : 22 <-- 1.739345 s

maxsize : 22
nodes : 448686.000000
filtered : 14663131.000000
CCGP filtered : 5363014.000000
CCGT filtered : 2664118.000000
time : 7.877378
