Parameters: GAD=1 vflib=1 dir=0 label=0 lowerbound=1 fileNameGp=../graphsdb/mcs50/m2D/m2Dr2/mcs50_m2Dr2_s30.A98 fileNameGt=../graphsdb/mcs50/m2D/m2Dr2/mcs50_m2Dr2_s30.B98
Reading graphs...
30 :  55
30 :  55
Initializing...
maxdom : 30
D->valSize : 900
Solving...
currentSize : 12 <-- 0.019291 s
currentSize : 13 <-- 0.019349 s
currentSize : 14 <-- 0.019827 s
currentSize : 15 <-- 0.019865 s
currentSize : 16 <-- 0.021731 s
currentSize : 17 <-- 0.047694 s
currentSize : 18 <-- 0.052999 s
currentSize : 19 <-- 0.077024 s
currentSize : 20 <-- 0.631850 s
currentSize : 21 <-- 107.883232 s

maxsize : 21
nodes : 8109060.000000
filtered : 226629195.000000
CCGP filtered : 42095646.000000
CCGT filtered : 41953810.000000
time : 140.914429
