Parameters: GAD=1 vflib=1 dir=0 label=0 lowerbound=1 fileNameGp=../graphsdb/mcs50/bvg/b03/mcs50_b03_s35.A54 fileNameGt=../graphsdb/mcs50/bvg/b03/mcs50_b03_s35.B54
Reading graphs...
35 :  52
35 :  52
Initializing...
maxdom : 35
D->valSize : 1225
Solving...
currentSize : 18 <-- 0.021211 s
currentSize : 19 <-- 0.021978 s
currentSize : 20 <-- 0.067861 s
currentSize : 21 <-- 0.127513 s
currentSize : 22 <-- 0.215187 s
currentSize : 23 <-- 0.964861 s
currentSize : 24 <-- 3.460365 s
currentSize : 25 <-- 3.461175 s
currentSize : 26 <-- 10.258525 s
currentSize : 27 <-- 82.620720 s

maxsize : 27
nodes : 3235276.000000
filtered : 134211632.000000
CCGP filtered : 43403184.000000
CCGT filtered : 24355484.000000
time : 135.555618
