Parameters: GAD=1 vflib=1 dir=0 label=0 lowerbound=1 fileNameGp=../graphsdb/mcs50/bvg/b03m/mcs50_b03m_s35.A24 fileNameGt=../graphsdb/mcs50/bvg/b03m/mcs50_b03m_s35.B24
Reading graphs...
35 :  52
35 :  51
Initializing...
maxdom : 35
D->valSize : 1225
Solving...
currentSize : 9 <-- 0.020845 s
currentSize : 17 <-- 0.021029 s
currentSize : 20 <-- 0.021131 s
currentSize : 21 <-- 0.027598 s
currentSize : 22 <-- 0.028872 s
currentSize : 23 <-- 0.029872 s
currentSize : 24 <-- 0.101956 s
currentSize : 25 <-- 4.208889 s
currentSize : 26 <-- 4.663355 s
currentSize : 27 <-- 23.221325 s

maxsize : 27
nodes : 1049674.000000
filtered : 46653228.000000
CCGP filtered : 18381139.000000
CCGT filtered : 16043177.000000
time : 39.411716
