Parameters: GAD=1 vflib=1 dir=0 label=0 lowerbound=1 fileNameGp=../graphsdb/mcs50/m4D/m4Dr6/mcs50_m4Dr6_s30.A30 fileNameGt=../graphsdb/mcs50/m4D/m4Dr6/mcs50_m4Dr6_s30.B30
Reading graphs...
30 :  71
30 :  69
Initializing...
maxdom : 30
D->valSize : 900
Solving...
currentSize : 12 <-- 0.010718 s
currentSize : 13 <-- 0.010770 s
currentSize : 14 <-- 0.011441 s
currentSize : 15 <-- 0.012840 s
currentSize : 16 <-- 0.014798 s
currentSize : 17 <-- 0.015244 s
currentSize : 18 <-- 0.059550 s
currentSize : 19 <-- 0.542167 s
currentSize : 20 <-- 15.419252 s

maxsize : 20
nodes : 1840635.000000
filtered : 56184564.000000
CCGP filtered : 8223834.000000
CCGT filtered : 5406720.000000
time : 29.007109
