Parameters: GAD=1 vflib=1 dir=0 label=0 lowerbound=1 fileNameGp=../graphsdb/mcs50/rand/r005/mcs50_r005_s35.A36 fileNameGt=../graphsdb/mcs50/rand/r005/mcs50_r005_s35.B36
Reading graphs...
35 :  61
35 :  60
Initializing...
maxdom : 35
D->valSize : 1225
Solving...
currentSize : 16 <-- 0.025325 s
currentSize : 17 <-- 0.025492 s
currentSize : 18 <-- 0.025648 s
currentSize : 19 <-- 0.025723 s
currentSize : 20 <-- 0.026325 s
currentSize : 21 <-- 0.031324 s
currentSize : 22 <-- 0.197360 s
currentSize : 23 <-- 10.985385 s
currentSize : 24 <-- 20.331448 s
currentSize : 25 <-- 138.785446 s

maxsize : 25
nodes : 11030561.000000
filtered : 411965638.000000
CCGP filtered : 119198977.000000
CCGT filtered : 65450873.000000
time : 258.586914
