Parameters: GAD=1 vflib=1 dir=0 label=0 lowerbound=1 fileNameGp=../graphsdb/mcs50/m4D/m4Dr6/mcs50_m4Dr6_s30.A29 fileNameGt=../graphsdb/mcs50/m4D/m4Dr6/mcs50_m4Dr6_s30.B29
Reading graphs...
30 :  71
30 :  70
Initializing...
maxdom : 30
D->valSize : 900
Solving...
currentSize : 10 <-- 0.018723 s
currentSize : 11 <-- 0.018886 s
currentSize : 12 <-- 0.019040 s
currentSize : 13 <-- 0.019447 s
currentSize : 14 <-- 0.020985 s
currentSize : 15 <-- 0.027382 s
currentSize : 16 <-- 0.030050 s
currentSize : 17 <-- 0.144148 s
currentSize : 18 <-- 0.684835 s
currentSize : 19 <-- 3.068014 s

maxsize : 19
nodes : 4785792.000000
filtered : 157515048.000000
CCGP filtered : 33071470.000000
CCGT filtered : 20662375.000000
time : 75.878281
