Parameters: GAD=1 vflib=1 dir=0 label=0 lowerbound=1 fileNameGp=../graphsdb/mcs50/bvg/b03/mcs50_b03_s35.A75 fileNameGt=../graphsdb/mcs50/bvg/b03/mcs50_b03_s35.B75
Reading graphs...
35 :  52
35 :  51
Initializing...
maxdom : 35
D->valSize : 1225
Solving...
currentSize : 16 <-- 0.021113 s
currentSize : 17 <-- 0.021325 s
currentSize : 18 <-- 0.021450 s
currentSize : 19 <-- 0.021563 s
currentSize : 20 <-- 0.022036 s
currentSize : 21 <-- 0.022961 s
currentSize : 22 <-- 0.228081 s
currentSize : 23 <-- 0.557167 s
currentSize : 24 <-- 0.955487 s
currentSize : 25 <-- 1.897250 s

maxsize : 25
nodes : 4284340.000000
filtered : 164120789.000000
CCGP filtered : 102292520.000000
CCGT filtered : 34237747.000000
time : 105.551086
