Parameters: GAD=1 vflib=1 dir=0 label=0 lowerbound=1 fileNameGp=../graphsdb/mcs50/bvg/b03/mcs50_b03_s30.A33 fileNameGt=../graphsdb/mcs50/bvg/b03/mcs50_b03_s30.B33
Reading graphs...
30 :  45
30 :  45
Initializing...
maxdom : 30
D->valSize : 900
Solving...
currentSize : 14 <-- 0.019754 s
currentSize : 15 <-- 0.019826 s
currentSize : 16 <-- 0.021302 s
currentSize : 17 <-- 0.022447 s
currentSize : 18 <-- 0.105536 s
currentSize : 19 <-- 0.107172 s
currentSize : 20 <-- 0.124319 s
currentSize : 21 <-- 0.494323 s
currentSize : 22 <-- 0.893974 s
currentSize : 23 <-- 2.894020 s

maxsize : 23
nodes : 282150.000000
filtered : 9813361.000000
CCGP filtered : 3566020.000000
CCGT filtered : 2294033.000000
time : 6.661497
