Parameters: GAD=1 vflib=1 dir=0 label=0 lowerbound=1 fileNameGp=../graphsdb/mcs50/m4D/m4D/mcs50_m4D_s35.A98 fileNameGt=../graphsdb/mcs50/m4D/m4D/mcs50_m4D_s35.B98
Reading graphs...
35 :  63
35 :  62
Initializing...
maxdom : 35
D->valSize : 1225
Solving...
currentSize : 15 <-- 0.020827 s
currentSize : 17 <-- 0.020905 s
currentSize : 18 <-- 0.021171 s
currentSize : 19 <-- 0.024142 s
currentSize : 20 <-- 0.046219 s
currentSize : 21 <-- 0.195075 s
currentSize : 22 <-- 0.478912 s
currentSize : 23 <-- 0.570087 s
currentSize : 24 <-- 10.337948 s

maxsize : 24
nodes : 4095638.000000
filtered : 158347026.000000
CCGP filtered : 82975100.000000
CCGT filtered : 61885048.000000
time : 108.777779
