Parameters: GAD=1 vflib=1 dir=0 label=0 lowerbound=1 fileNameGp=../graphsdb/mcs50/bvg/b03/mcs50_b03_s35.A13 fileNameGt=../graphsdb/mcs50/bvg/b03/mcs50_b03_s35.B13
Reading graphs...
35 :  52
35 :  52
Initializing...
maxdom : 35
D->valSize : 1225
Solving...
currentSize : 14 <-- 0.020973 s
currentSize : 16 <-- 0.021168 s
currentSize : 17 <-- 0.021231 s
currentSize : 18 <-- 0.021348 s
currentSize : 19 <-- 0.021436 s
currentSize : 20 <-- 0.022460 s
currentSize : 21 <-- 0.022969 s
currentSize : 22 <-- 0.023068 s
currentSize : 23 <-- 0.023554 s
currentSize : 24 <-- 0.025320 s
currentSize : 25 <-- 0.043404 s
currentSize : 26 <-- 5.327755 s

maxsize : 26
nodes : 2206799.000000
filtered : 102112055.000000
CCGP filtered : 54242022.000000
CCGT filtered : 26108628.000000
time : 99.423820
