Parameters: GAD=1 vflib=1 dir=0 label=0 lowerbound=1 fileNameGp=../graphsdb/mcs50/bvg/b03m/mcs50_b03m_s35.A69 fileNameGt=../graphsdb/mcs50/bvg/b03m/mcs50_b03m_s35.B69
Reading graphs...
35 :  51
35 :  49
Initializing...
maxdom : 35
D->valSize : 1225
Solving...
currentSize : 14 <-- 0.037463 s
currentSize : 15 <-- 0.037540 s
currentSize : 16 <-- 0.037725 s
currentSize : 17 <-- 0.038070 s
currentSize : 18 <-- 0.038349 s
currentSize : 19 <-- 0.047341 s
currentSize : 20 <-- 0.064358 s
currentSize : 21 <-- 0.064746 s
currentSize : 22 <-- 0.120519 s
currentSize : 23 <-- 0.287102 s
currentSize : 24 <-- 1.797847 s
currentSize : 25 <-- 121.976967 s

maxsize : 25
nodes : 7119957.000000
filtered : 250153667.000000
CCGP filtered : 120009435.000000
CCGT filtered : 105972878.000000
time : 198.407928
