Parameters: GAD=1 vflib=1 dir=0 label=0 lowerbound=1 fileNameGp=../graphsdb/mcs50/bvg/b09/mcs50_b09_s35.A04 fileNameGt=../graphsdb/mcs50/bvg/b09/mcs50_b09_s35.B04
Reading graphs...
35 :  151
35 :  154
Initializing...
maxdom : 35
D->valSize : 1225
Solving...
currentSize : 11 <-- 0.031415 s
currentSize : 13 <-- 0.031581 s
currentSize : 14 <-- 0.032068 s
currentSize : 15 <-- 0.036574 s
currentSize : 16 <-- 2.156702 s
currentSize : 17 <-- 9.707643 s
currentSize : 18 <-- 134.676498 s
currentSize : 19 <-- 2172.897705 s
currentSize : 20 <-- 2363.997803 s

maxsize : 20
nodes : 218326522.000000
filtered : 5149730819.000000
CCGP filtered : 59327540.000000
CCGT filtered : 94283751.000000
time : 2763.421143
