Parameters: GAD=1 vflib=1 dir=0 label=0 lowerbound=1 fileNameGp=../graphsdb/mcs50/bvg/b03m/mcs50_b03m_s35.A56 fileNameGt=../graphsdb/mcs50/bvg/b03m/mcs50_b03m_s35.B56
Reading graphs...
35 :  52
35 :  52
Initializing...
maxdom : 35
D->valSize : 1225
Solving...
currentSize : 13 <-- 0.036479 s
currentSize : 16 <-- 0.036669 s
currentSize : 17 <-- 0.037467 s
currentSize : 18 <-- 0.040223 s
currentSize : 19 <-- 0.072817 s
currentSize : 20 <-- 0.099949 s
currentSize : 21 <-- 0.100129 s
currentSize : 22 <-- 0.122232 s
currentSize : 23 <-- 0.428803 s
currentSize : 24 <-- 8.143893 s
currentSize : 25 <-- 108.928284 s

maxsize : 25
nodes : 5524161.000000
filtered : 193734044.000000
CCGP filtered : 91566859.000000
CCGT filtered : 57169962.000000
time : 149.802032
