Parameters: GAD=1 vflib=1 dir=0 label=0 lowerbound=1 fileNameGp=../graphsdb/mcs50/m4D/m4Dr2/mcs50_m4Dr2_s30.A85 fileNameGt=../graphsdb/mcs50/m4D/m4Dr2/mcs50_m4Dr2_s30.B85
Reading graphs...
30 :  60
30 :  59
Initializing...
maxdom : 30
D->valSize : 900
Solving...
currentSize : 12 <-- 0.011480 s
currentSize : 14 <-- 0.011589 s
currentSize : 15 <-- 0.011651 s
currentSize : 16 <-- 0.013696 s
currentSize : 17 <-- 0.023864 s
currentSize : 18 <-- 0.176196 s
currentSize : 19 <-- 0.227568 s
currentSize : 20 <-- 0.283150 s
currentSize : 21 <-- 2.836441 s

maxsize : 21
nodes : 680396.000000
filtered : 22727113.000000
CCGP filtered : 10793849.000000
CCGT filtered : 5816600.000000
time : 12.506009
