Parameters: GAD=1 vflib=1 dir=0 label=0 lowerbound=1 fileNameGp=../graphsdb/mcs50/bvg/b09/mcs50_b09_s35.A86 fileNameGt=../graphsdb/mcs50/bvg/b09/mcs50_b09_s35.B86
Reading graphs...
35 :  153
35 :  153
Initializing...
maxdom : 35
D->valSize : 1225
Solving...
currentSize : 8 <-- 0.031391 s
currentSize : 9 <-- 0.031447 s
currentSize : 11 <-- 0.031471 s
currentSize : 12 <-- 0.031916 s
currentSize : 13 <-- 0.032182 s
currentSize : 14 <-- 0.033964 s
currentSize : 15 <-- 0.039842 s
currentSize : 16 <-- 0.102099 s
currentSize : 17 <-- 1.602221 s
currentSize : 18 <-- 6.750553 s
currentSize : 19 <-- 9.719658 s

maxsize : 19
nodes : 107514896.000000
filtered : 3120423721.000000
CCGP filtered : 29610719.000000
CCGT filtered : 34935904.000000
time : 1528.142822
