Parameters: GAD=1 vflib=1 dir=0 label=0 lowerbound=1 fileNameGp=../graphsdb/mcs50/m4D/m4Dr2/mcs50_m4Dr2_s35.A31 fileNameGt=../graphsdb/mcs50/m4D/m4Dr2/mcs50_m4Dr2_s35.B31
Reading graphs...
35 :  69
35 :  70
Initializing...
maxdom : 35
D->valSize : 1225
Solving...
currentSize : 4 <-- 0.020586 s
currentSize : 16 <-- 0.020754 s
currentSize : 17 <-- 0.020940 s
currentSize : 18 <-- 0.021067 s
currentSize : 19 <-- 0.023522 s
currentSize : 20 <-- 0.023631 s
currentSize : 21 <-- 0.035538 s
currentSize : 22 <-- 0.478921 s
currentSize : 23 <-- 3.480741 s

maxsize : 23
nodes : 43225740.000000
filtered : 1487456661.000000
CCGP filtered : 341244351.000000
CCGT filtered : 243687629.000000
time : 963.885498
