Parameters: GAD=1 vflib=1 dir=0 label=0 lowerbound=1 fileNameGp=../graphsdb/mcs50/m4D/m4Dr4/mcs50_m4Dr4_s35.A53 fileNameGt=../graphsdb/mcs50/m4D/m4Dr4/mcs50_m4Dr4_s35.B53
Reading graphs...
35 :  75
35 :  74
Initializing...
maxdom : 35
D->valSize : 1225
Solving...
currentSize : 14 <-- 0.036216 s
currentSize : 15 <-- 0.036389 s
currentSize : 16 <-- 0.036745 s
currentSize : 17 <-- 0.037482 s
currentSize : 18 <-- 0.044744 s
currentSize : 19 <-- 0.046251 s
currentSize : 20 <-- 0.052793 s
currentSize : 21 <-- 0.055827 s
currentSize : 22 <-- 0.082111 s
currentSize : 23 <-- 22.303429 s

maxsize : 23
nodes : 46322589.000000
filtered : 1684656768.000000
CCGP filtered : 315467694.000000
CCGT filtered : 199658579.000000
time : 1045.662598
