Parameters: GAD=1 vflib=1 dir=0 label=0 lowerbound=1 fileNameGp=../graphsdb/mcs50/m4D/m4Dr6/mcs50_m4Dr6_s35.A95 fileNameGt=../graphsdb/mcs50/m4D/m4Dr6/mcs50_m4Dr6_s35.B95
Reading graphs...
35 :  82
35 :  80
Initializing...
maxdom : 35
D->valSize : 1225
Solving...
currentSize : 14 <-- 0.019853 s
currentSize : 15 <-- 0.021180 s
currentSize : 16 <-- 0.021330 s
currentSize : 17 <-- 0.028320 s
currentSize : 18 <-- 0.412463 s
currentSize : 20 <-- 0.415818 s
currentSize : 21 <-- 1.815240 s
currentSize : 22 <-- 19.517809 s
currentSize : 23 <-- 100.342171 s

maxsize : 23
nodes : 24825952.000000
filtered : 909142871.000000
CCGP filtered : 123628623.000000
CCGT filtered : 64060280.000000
time : 482.793823
