Parameters: GAD=1 vflib=1 dir=0 label=0 lowerbound=1 fileNameGp=../graphsdb/mcs50/bvg/b03/mcs50_b03_s35.A44 fileNameGt=../graphsdb/mcs50/bvg/b03/mcs50_b03_s35.B44
Reading graphs...
35 :  52
35 :  52
Initializing...
maxdom : 35
D->valSize : 1225
Solving...
currentSize : 15 <-- 0.020964 s
currentSize : 17 <-- 0.021098 s
currentSize : 18 <-- 0.021262 s
currentSize : 19 <-- 0.021466 s
currentSize : 20 <-- 0.021725 s
currentSize : 21 <-- 0.035165 s
currentSize : 22 <-- 0.091991 s
currentSize : 23 <-- 1.170196 s
currentSize : 24 <-- 1.305856 s
currentSize : 25 <-- 5.662137 s
currentSize : 26 <-- 5.664084 s

maxsize : 26
nodes : 1252126.000000
filtered : 52010455.000000
CCGP filtered : 27844411.000000
CCGT filtered : 16445522.000000
time : 30.502693
