Parameters: GAD=1 vflib=1 dir=0 label=0 lowerbound=1 fileNameGp=../graphsdb/mcs50/m4D/m4Dr4/mcs50_m4Dr4_s30.A45 fileNameGt=../graphsdb/mcs50/m4D/m4Dr4/mcs50_m4Dr4_s30.B45
Reading graphs...
30 :  65
30 :  65
Initializing...
maxdom : 30
D->valSize : 900
Solving...
currentSize : 11 <-- 0.019098 s
currentSize : 12 <-- 0.019471 s
currentSize : 13 <-- 0.020095 s
currentSize : 14 <-- 0.023349 s
currentSize : 15 <-- 0.023909 s
currentSize : 16 <-- 0.047642 s
currentSize : 17 <-- 0.238197 s
currentSize : 18 <-- 0.239860 s
currentSize : 19 <-- 2.113576 s

maxsize : 19
nodes : 2602667.000000
filtered : 78521485.000000
CCGP filtered : 24443545.000000
CCGT filtered : 15810327.000000
time : 48.222305
