Parameters: GAD=1 vflib=1 dir=0 label=0 lowerbound=1 fileNameGp=../graphsdb/mcs50/m4D/m4Dr4/mcs50_m4Dr4_s35.A14 fileNameGt=../graphsdb/mcs50/m4D/m4Dr4/mcs50_m4Dr4_s35.B14
Reading graphs...
35 :  76
35 :  73
Initializing...
maxdom : 35
D->valSize : 1225
Solving...
currentSize : 6 <-- 0.035606 s
currentSize : 14 <-- 0.035812 s
currentSize : 15 <-- 0.035886 s
currentSize : 16 <-- 0.036070 s
currentSize : 17 <-- 0.037121 s
currentSize : 18 <-- 0.038395 s
currentSize : 19 <-- 0.039516 s
currentSize : 20 <-- 0.051903 s
currentSize : 21 <-- 1.043915 s
currentSize : 22 <-- 19.891268 s

maxsize : 22
nodes : 50525855.000000
filtered : 1719361492.000000
CCGP filtered : 457271210.000000
CCGT filtered : 327603487.000000
time : 1026.199219
