Parameters: GAD=1 vflib=1 dir=0 label=0 lowerbound=1 fileNameGp=../graphsdb/mcs50/m4D/m4Dr2/mcs50_m4Dr2_s30.A92 fileNameGt=../graphsdb/mcs50/m4D/m4Dr2/mcs50_m4Dr2_s30.B92
Reading graphs...
30 :  59
30 :  61
Initializing...
maxdom : 30
D->valSize : 900
Solving...
currentSize : 11 <-- 0.010868 s
currentSize : 13 <-- 0.010922 s
currentSize : 14 <-- 0.011882 s
currentSize : 15 <-- 0.016009 s
currentSize : 16 <-- 0.020804 s
currentSize : 17 <-- 0.020861 s
currentSize : 18 <-- 0.029530 s
currentSize : 19 <-- 0.116901 s
currentSize : 20 <-- 1.538048 s

maxsize : 20
nodes : 2215614.000000
filtered : 67822398.000000
CCGP filtered : 13542145.000000
CCGT filtered : 10399383.000000
time : 40.722408
