Parameters: GAD=1 vflib=1 dir=0 label=0 lowerbound=1 fileNameGp=../graphsdb/mcs50/bvg/b06/mcs50_b06_s35.A08 fileNameGt=../graphsdb/mcs50/bvg/b06/mcs50_b06_s35.B08
Reading graphs...
35 :  105
35 :  104
Initializing...
maxdom : 35
D->valSize : 1225
Solving...
currentSize : 13 <-- 0.019604 s
currentSize : 14 <-- 0.019818 s
currentSize : 15 <-- 0.020503 s
currentSize : 16 <-- 0.022030 s
currentSize : 17 <-- 0.022237 s
currentSize : 18 <-- 0.023225 s
currentSize : 19 <-- 0.034668 s
currentSize : 20 <-- 16.638075 s
currentSize : 21 <-- 112.031563 s

maxsize : 21
nodes : 135577114.000000
filtered : 4672670139.000000
CCGP filtered : 256949784.000000
CCGT filtered : 249073595.000000
time : 2325.048096
