Parameters: GAD=1 vflib=1 dir=0 label=0 lowerbound=1 fileNameGp=../graphsdb/mcs50/m4D/m4Dr2/mcs50_m4Dr2_s30.A60 fileNameGt=../graphsdb/mcs50/m4D/m4Dr2/mcs50_m4Dr2_s30.B60
Reading graphs...
30 :  59
30 :  59
Initializing...
maxdom : 30
D->valSize : 900
Solving...
currentSize : 9 <-- 0.010971 s
currentSize : 10 <-- 0.011048 s
currentSize : 12 <-- 0.011348 s
currentSize : 13 <-- 0.012161 s
currentSize : 14 <-- 0.012246 s
currentSize : 15 <-- 0.013338 s
currentSize : 16 <-- 0.019454 s
currentSize : 17 <-- 0.028691 s
currentSize : 18 <-- 0.029006 s
currentSize : 19 <-- 0.837231 s
currentSize : 20 <-- 5.091654 s
currentSize : 21 <-- 30.580198 s

maxsize : 21
nodes : 1648336.000000
filtered : 54945632.000000
CCGP filtered : 24416919.000000
CCGT filtered : 12525660.000000
time : 37.715359
