Parameters: GAD=1 vflib=1 dir=0 label=0 lowerbound=1 fileNameGp=../graphsdb/mcs50/bvg/b03/mcs50_b03_s25.A16 fileNameGt=../graphsdb/mcs50/bvg/b03/mcs50_b03_s25.B16
Reading graphs...
25 :  37
25 :  36
Initializing...
maxdom : 25
D->valSize : 625
Solving...
currentSize : 9 <-- 0.005499 s
currentSize : 11 <-- 0.005538 s
currentSize : 12 <-- 0.005713 s
currentSize : 13 <-- 0.006025 s
currentSize : 14 <-- 0.008636 s
currentSize : 15 <-- 0.009659 s
currentSize : 16 <-- 0.030095 s
currentSize : 17 <-- 0.134845 s
currentSize : 18 <-- 1.307724 s

maxsize : 18
nodes : 202657.000000
filtered : 5048070.000000
CCGP filtered : 2934575.000000
CCGT filtered : 1592407.000000
time : 2.510694
