Parameters: GAD=1 vflib=1 dir=0 label=0 lowerbound=1 fileNameGp=../graphsdb/mcs50/m4D/m4Dr2/mcs50_m4Dr2_s30.A01 fileNameGt=../graphsdb/mcs50/m4D/m4Dr2/mcs50_m4Dr2_s30.B01
Reading graphs...
30 :  60
30 :  59
Initializing...
maxdom : 30
D->valSize : 900
Solving...
currentSize : 11 <-- 0.010840 s
currentSize : 14 <-- 0.010913 s
currentSize : 15 <-- 0.011176 s
currentSize : 16 <-- 0.012377 s
currentSize : 17 <-- 0.014160 s
currentSize : 18 <-- 0.070331 s
currentSize : 19 <-- 0.714190 s
currentSize : 20 <-- 0.982341 s
currentSize : 21 <-- 8.137577 s

maxsize : 21
nodes : 1218137.000000
filtered : 43467381.000000
CCGP filtered : 11560927.000000
CCGT filtered : 9741029.000000
time : 26.324080
