Parameters: GAD=1 vflib=1 dir=0 label=0 lowerbound=1 fileNameGp=../graphsdb/mcs50/rand/r005/mcs50_r005_s35.A12 fileNameGt=../graphsdb/mcs50/rand/r005/mcs50_r005_s35.B12
Reading graphs...
35 :  61
35 :  62
Initializing...
maxdom : 35
D->valSize : 1225
Solving...
currentSize : 15 <-- 0.024896 s
currentSize : 16 <-- 0.026202 s
currentSize : 17 <-- 0.026507 s
currentSize : 18 <-- 0.032422 s
currentSize : 19 <-- 0.039681 s
currentSize : 20 <-- 0.049981 s
currentSize : 21 <-- 0.087202 s
currentSize : 22 <-- 1.650587 s
currentSize : 23 <-- 28.758289 s
currentSize : 24 <-- 138.545639 s
currentSize : 25 <-- 412.722778 s

maxsize : 25
nodes : 17038276.000000
filtered : 627422619.000000
CCGP filtered : 162591685.000000
CCGT filtered : 109072314.000000
time : 437.848572
