Parameters: GAD=1 vflib=1 dir=0 label=0 lowerbound=1 fileNameGp=../graphsdb/mcs50/m4D/m4Dr6/mcs50_m4Dr6_s30.A17 fileNameGt=../graphsdb/mcs50/m4D/m4Dr6/mcs50_m4Dr6_s30.B17
Reading graphs...
30 :  67
30 :  67
Initializing...
maxdom : 30
D->valSize : 900
Solving...
currentSize : 6 <-- 0.010728 s
currentSize : 10 <-- 0.010848 s
currentSize : 11 <-- 0.010871 s
currentSize : 12 <-- 0.010922 s
currentSize : 13 <-- 0.011172 s
currentSize : 14 <-- 0.011282 s
currentSize : 15 <-- 0.012841 s
currentSize : 16 <-- 0.059479 s
currentSize : 17 <-- 0.754833 s
currentSize : 18 <-- 3.287143 s
currentSize : 19 <-- 9.149087 s

maxsize : 19
nodes : 3885536.000000
filtered : 115030889.000000
CCGP filtered : 21654596.000000
CCGT filtered : 20753803.000000
time : 69.032639
