Parameters: GAD=1 vflib=1 dir=0 label=0 lowerbound=1 fileNameGp=../graphsdb/mcs50/rand/r005/mcs50_r005_s30.A46 fileNameGt=../graphsdb/mcs50/rand/r005/mcs50_r005_s30.B46
Reading graphs...
30 :  47
30 :  47
Initializing...
maxdom : 30
D->valSize : 900
Solving...
currentSize : 9 <-- 0.011495 s
currentSize : 14 <-- 0.011947 s
currentSize : 15 <-- 0.012200 s
currentSize : 16 <-- 0.012804 s
currentSize : 17 <-- 0.016089 s
currentSize : 18 <-- 0.017664 s
currentSize : 19 <-- 0.022768 s
currentSize : 20 <-- 0.106811 s
currentSize : 21 <-- 0.602502 s
currentSize : 22 <-- 1.469270 s

maxsize : 22
nodes : 479981.000000
filtered : 16904405.000000
CCGP filtered : 5906914.000000
CCGT filtered : 3038404.000000
time : 14.783570
