Parameters: GAD=1 vflib=1 dir=0 label=0 lowerbound=1 fileNameGp=../graphsdb/mcs50/m4D/m4Dr4/mcs50_m4Dr4_s30.A41 fileNameGt=../graphsdb/mcs50/m4D/m4Dr4/mcs50_m4Dr4_s30.B41
Reading graphs...
30 :  65
30 :  63
Initializing...
maxdom : 30
D->valSize : 900
Solving...
currentSize : 11 <-- 0.019009 s
currentSize : 13 <-- 0.019178 s
currentSize : 14 <-- 0.019308 s
currentSize : 15 <-- 0.019367 s
currentSize : 16 <-- 0.048541 s
currentSize : 17 <-- 0.075971 s
currentSize : 18 <-- 0.151191 s
currentSize : 19 <-- 1.342012 s
currentSize : 20 <-- 12.460789 s

maxsize : 20
nodes : 2674147.000000
filtered : 85179639.000000
CCGP filtered : 14330794.000000
CCGT filtered : 9340624.000000
time : 41.198959
