Parameters: GAD=1 vflib=1 dir=0 label=0 lowerbound=1 fileNameGp=../graphsdb/mcs50/m4D/m4Dr4/mcs50_m4Dr4_s30.A55 fileNameGt=../graphsdb/mcs50/m4D/m4Dr4/mcs50_m4Dr4_s30.B55
Reading graphs...
30 :  66
30 :  66
Initializing...
maxdom : 30
D->valSize : 900
Solving...
currentSize : 11 <-- 0.018921 s
currentSize : 12 <-- 0.019135 s
currentSize : 13 <-- 0.019290 s
currentSize : 14 <-- 0.019502 s
currentSize : 16 <-- 0.023834 s
currentSize : 17 <-- 0.023931 s
currentSize : 18 <-- 0.143282 s
currentSize : 19 <-- 1.404543 s
currentSize : 20 <-- 10.543351 s

maxsize : 20
nodes : 3682426.000000
filtered : 120309615.000000
CCGP filtered : 13354939.000000
CCGT filtered : 15737646.000000
time : 62.580898
