Parameters: GAD=1 vflib=1 dir=0 label=0 lowerbound=1 fileNameGp=../graphsdb/mcs50/m2D/m2Dr6/mcs50_m2Dr6_s30.A04 fileNameGt=../graphsdb/mcs50/m2D/m2Dr6/mcs50_m2Dr6_s30.B04
Reading graphs...
30 :  64
30 :  64
Initializing...
maxdom : 30
D->valSize : 900
Solving...
currentSize : 10 <-- 0.018812 s
currentSize : 11 <-- 0.019386 s
currentSize : 12 <-- 0.019603 s
currentSize : 13 <-- 0.019873 s
currentSize : 14 <-- 0.024841 s
currentSize : 15 <-- 0.025773 s
currentSize : 16 <-- 0.034579 s
currentSize : 17 <-- 0.063670 s
currentSize : 18 <-- 0.362105 s
currentSize : 19 <-- 4.238893 s
currentSize : 20 <-- 27.050642 s

maxsize : 20
nodes : 4154109.000000
filtered : 132239606.000000
CCGP filtered : 17270835.000000
CCGT filtered : 8907102.000000
time : 67.291344
