Parameters: GAD=1 vflib=1 dir=0 label=0 lowerbound=1 fileNameGp=../graphsdb/mcs50/rand/r005/mcs50_r005_s35.A62 fileNameGt=../graphsdb/mcs50/rand/r005/mcs50_r005_s35.B62
Reading graphs...
35 :  61
35 :  60
Initializing...
maxdom : 35
D->valSize : 1225
Solving...
currentSize : 15 <-- 0.020697 s
currentSize : 16 <-- 0.021493 s
currentSize : 17 <-- 0.021658 s
currentSize : 18 <-- 0.029127 s
currentSize : 19 <-- 0.119040 s
currentSize : 20 <-- 0.120065 s
currentSize : 21 <-- 0.365076 s
currentSize : 22 <-- 2.830890 s
currentSize : 23 <-- 22.708092 s
currentSize : 24 <-- 78.910553 s

maxsize : 24
nodes : 15765023.000000
filtered : 596863747.000000
CCGP filtered : 138293155.000000
CCGT filtered : 84524336.000000
time : 361.182953
