Parameters: GAD=1 vflib=1 dir=0 label=0 lowerbound=1 fileNameGp=../graphsdb/mcs50/m4D/m4Dr4/mcs50_m4Dr4_s35.A17 fileNameGt=../graphsdb/mcs50/m4D/m4Dr4/mcs50_m4Dr4_s35.B17
Reading graphs...
35 :  73
35 :  72
Initializing...
maxdom : 35
D->valSize : 1225
Solving...
currentSize : 10 <-- 0.020501 s
currentSize : 11 <-- 0.020542 s
currentSize : 12 <-- 0.020995 s
currentSize : 13 <-- 0.021217 s
currentSize : 14 <-- 0.021824 s
currentSize : 15 <-- 0.022137 s
currentSize : 16 <-- 0.025085 s
currentSize : 17 <-- 0.026138 s
currentSize : 18 <-- 0.034777 s
currentSize : 19 <-- 0.037524 s
currentSize : 20 <-- 0.121442 s
currentSize : 21 <-- 0.225719 s
currentSize : 22 <-- 4.295741 s
currentSize : 23 <-- 22.570024 s
currentSize : 24 <-- 268.537170 s

maxsize : 24
nodes : 16263212.000000
filtered : 660079986.000000
CCGP filtered : 191705011.000000
CCGT filtered : 105164237.000000
time : 388.832458
