Parameters: GAD=1 vflib=1 dir=0 label=0 lowerbound=1 fileNameGp=../graphsdb/mcs50/m4D/m4D/mcs50_m4D_s35.A66 fileNameGt=../graphsdb/mcs50/m4D/m4D/mcs50_m4D_s35.B66
Reading graphs...
35 :  63
35 :  62
Initializing...
maxdom : 35
D->valSize : 1225
Solving...
currentSize : 11 <-- 0.020751 s
currentSize : 14 <-- 0.020957 s
currentSize : 16 <-- 0.020986 s
currentSize : 17 <-- 0.021145 s
currentSize : 18 <-- 0.021988 s
currentSize : 19 <-- 0.036311 s
currentSize : 20 <-- 0.037896 s
currentSize : 21 <-- 0.088166 s
currentSize : 22 <-- 0.990870 s
currentSize : 23 <-- 1.037440 s
currentSize : 25 <-- 8.985018 s

maxsize : 25
nodes : 2206054.000000
filtered : 99716200.000000
CCGP filtered : 30813493.000000
CCGT filtered : 32129968.000000
time : 70.285522
