Parameters: GAD=1 vflib=1 dir=0 label=0 lowerbound=1 fileNameGp=../graphsdb/mcs50/bvg/b06m/mcs50_b06m_s30.A31 fileNameGt=../graphsdb/mcs50/bvg/b06m/mcs50_b06m_s30.B31
Reading graphs...
30 :  87
30 :  88
Initializing...
maxdom : 30
D->valSize : 900
Solving...
currentSize : 11 <-- 0.010164 s
currentSize : 12 <-- 0.011163 s
currentSize : 13 <-- 0.011423 s
currentSize : 14 <-- 0.011969 s
currentSize : 15 <-- 0.023175 s
currentSize : 16 <-- 0.070063 s
currentSize : 17 <-- 0.119596 s
currentSize : 18 <-- 6.815801 s
currentSize : 19 <-- 60.981873 s

maxsize : 19
nodes : 8698148.000000
filtered : 264084462.000000
CCGP filtered : 15428649.000000
CCGT filtered : 8128041.000000
time : 114.588959
