Parameters: GAD=1 vflib=1 dir=0 label=0 lowerbound=1 fileNameGp=../graphsdb/mcs50/bvg/b03m/mcs50_b03m_s25.A86 fileNameGt=../graphsdb/mcs50/bvg/b03m/mcs50_b03m_s25.B86
Reading graphs...
25 :  37
25 :  37
Initializing...
maxdom : 25
D->valSize : 625
Solving...
currentSize : 9 <-- 0.009227 s
currentSize : 11 <-- 0.009271 s
currentSize : 13 <-- 0.009385 s
currentSize : 14 <-- 0.009554 s
currentSize : 15 <-- 0.011723 s
currentSize : 16 <-- 0.016447 s
currentSize : 17 <-- 0.052630 s
currentSize : 18 <-- 0.113902 s
currentSize : 19 <-- 0.562872 s

maxsize : 19
nodes : 47291.000000
filtered : 1423614.000000
CCGP filtered : 357532.000000
CCGT filtered : 244470.000000
time : 0.928001
