Parameters: GAD=1 vflib=1 dir=0 label=0 lowerbound=1 fileNameGp=../graphsdb/mcs50/m4D/m4Dr4/mcs50_m4Dr4_s30.A22 fileNameGt=../graphsdb/mcs50/m4D/m4Dr4/mcs50_m4Dr4_s30.B22
Reading graphs...
30 :  65
30 :  65
Initializing...
maxdom : 30
D->valSize : 900
Solving...
currentSize : 10 <-- 0.010519 s
currentSize : 12 <-- 0.010551 s
currentSize : 13 <-- 0.010858 s
currentSize : 15 <-- 0.012336 s
currentSize : 16 <-- 0.012477 s
currentSize : 17 <-- 0.066397 s
currentSize : 18 <-- 0.092664 s
currentSize : 19 <-- 0.624049 s
currentSize : 20 <-- 1.132900 s

maxsize : 20
nodes : 3275615.000000
filtered : 102984762.000000
CCGP filtered : 17601506.000000
CCGT filtered : 8952260.000000
time : 68.121651
