Parameters: GAD=1 vflib=1 dir=0 label=0 lowerbound=1 fileNameGp=../graphsdb/mcs50/m4D/m4Dr2/mcs50_m4Dr2_s35.A58 fileNameGt=../graphsdb/mcs50/m4D/m4Dr2/mcs50_m4Dr2_s35.B58
Reading graphs...
35 :  70
35 :  69
Initializing...
maxdom : 35
D->valSize : 1225
Solving...
currentSize : 9 <-- 0.020254 s
currentSize : 12 <-- 0.020355 s
currentSize : 13 <-- 0.020388 s
currentSize : 14 <-- 0.020498 s
currentSize : 15 <-- 0.021347 s
currentSize : 16 <-- 0.022361 s
currentSize : 17 <-- 0.022571 s
currentSize : 18 <-- 0.025878 s
currentSize : 19 <-- 0.026004 s
currentSize : 20 <-- 0.027378 s
currentSize : 21 <-- 0.030974 s
currentSize : 22 <-- 0.724044 s
currentSize : 23 <-- 2.445602 s
currentSize : 24 <-- 61.183952 s
currentSize : 25 <-- 62.692024 s

maxsize : 25
nodes : 6199904.000000
filtered : 258900065.000000
CCGP filtered : 91061756.000000
CCGT filtered : 56036707.000000
time : 187.577972
