Parameters: GAD=1 vflib=1 dir=0 label=0 lowerbound=1 fileNameGp=../graphsdb/mcs50/bvg/b03m/mcs50_b03m_s30.A81 fileNameGt=../graphsdb/mcs50/bvg/b03m/mcs50_b03m_s30.B81
Reading graphs...
30 :  45
30 :  45
Initializing...
maxdom : 30
D->valSize : 900
Solving...
currentSize : 11 <-- 0.011004 s
currentSize : 12 <-- 0.011204 s
currentSize : 13 <-- 0.011369 s
currentSize : 16 <-- 0.011590 s
currentSize : 17 <-- 0.012428 s
currentSize : 18 <-- 0.012705 s
currentSize : 19 <-- 2.296011 s
currentSize : 20 <-- 4.383288 s
currentSize : 21 <-- 8.602663 s
currentSize : 22 <-- 12.824110 s

maxsize : 22
nodes : 794882.000000
filtered : 23386058.000000
CCGP filtered : 9005132.000000
CCGT filtered : 6033211.000000
time : 18.567978
