Parameters: GAD=1 vflib=1 dir=0 label=0 lowerbound=1 fileNameGp=../graphsdb/mcs50/bvg/b03/mcs50_b03_s35.A86 fileNameGt=../graphsdb/mcs50/bvg/b03/mcs50_b03_s35.B86
Reading graphs...
35 :  51
35 :  52
Initializing...
maxdom : 35
D->valSize : 1225
Solving...
currentSize : 16 <-- 0.021672 s
currentSize : 17 <-- 0.021751 s
currentSize : 18 <-- 0.021803 s
currentSize : 19 <-- 0.021880 s
currentSize : 20 <-- 0.023491 s
currentSize : 21 <-- 0.028163 s
currentSize : 22 <-- 0.032763 s
currentSize : 23 <-- 0.033634 s
currentSize : 24 <-- 1.908442 s
currentSize : 25 <-- 26.414196 s
currentSize : 26 <-- 66.829468 s

maxsize : 26
nodes : 4833202.000000
filtered : 185687252.000000
CCGP filtered : 72148787.000000
CCGT filtered : 41539762.000000
time : 147.647980
