Parameters: GAD=1 vflib=1 dir=0 label=0 lowerbound=1 fileNameGp=../graphsdb/mcs50/rand/r005/mcs50_r005_s25.A70 fileNameGt=../graphsdb/mcs50/rand/r005/mcs50_r005_s25.B70
Reading graphs...
25 :  35
25 :  34
Initializing...
maxdom : 25
D->valSize : 625
Solving...
currentSize : 10 <-- 0.005657 s
currentSize : 11 <-- 0.005923 s
currentSize : 12 <-- 0.006189 s
currentSize : 13 <-- 0.007780 s
currentSize : 14 <-- 0.010058 s
currentSize : 15 <-- 0.025097 s
currentSize : 16 <-- 0.028214 s
currentSize : 17 <-- 0.077034 s
currentSize : 18 <-- 0.347427 s

maxsize : 18
nodes : 63019.000000
filtered : 1512763.000000
CCGP filtered : 656442.000000
CCGT filtered : 490767.000000
time : 0.968351
