Parameters: GAD=1 vflib=1 dir=0 label=0 lowerbound=1 fileNameGp=../graphsdb/mcs50/bvg/b06m/mcs50_b06m_s35.A59 fileNameGt=../graphsdb/mcs50/bvg/b06m/mcs50_b06m_s35.B59
Reading graphs...
35 :  103
35 :  101
Initializing...
maxdom : 35
D->valSize : 1225
Solving...
currentSize : 13 <-- 0.019446 s
currentSize : 14 <-- 0.019569 s
currentSize : 15 <-- 0.019605 s
currentSize : 16 <-- 0.020947 s
currentSize : 17 <-- 0.054884 s
currentSize : 18 <-- 0.798474 s
currentSize : 19 <-- 1.413159 s
currentSize : 20 <-- 9.041228 s
currentSize : 21 <-- 827.616943 s

maxsize : 21
nodes : 167295828.000000
filtered : 5300657161.000000
CCGP filtered : 365990408.000000
CCGT filtered : 230137772.000000
time : 2858.088867
