Parameters: GAD=1 vflib=1 dir=0 label=0 lowerbound=1 fileNameGp=../graphsdb/mcs50/rand/r005/mcs50_r005_s30.A26 fileNameGt=../graphsdb/mcs50/rand/r005/mcs50_r005_s30.B26
Reading graphs...
30 :  46
30 :  47
Initializing...
maxdom : 30
D->valSize : 900
Solving...
currentSize : 12 <-- 0.011779 s
currentSize : 14 <-- 0.011854 s
currentSize : 15 <-- 0.012142 s
currentSize : 16 <-- 0.012849 s
currentSize : 17 <-- 0.013052 s
currentSize : 18 <-- 0.013439 s
currentSize : 19 <-- 0.013865 s
currentSize : 20 <-- 0.085307 s
currentSize : 21 <-- 0.086389 s
currentSize : 22 <-- 9.352815 s

maxsize : 22
nodes : 909250.000000
filtered : 29339167.000000
CCGP filtered : 6633919.000000
CCGT filtered : 4846306.000000
time : 22.812679
