Parameters: GAD=1 vflib=1 dir=0 label=0 lowerbound=1 fileNameGp=../graphsdb/mcs50/bvg/b03m/mcs50_b03m_s30.A06 fileNameGt=../graphsdb/mcs50/bvg/b03m/mcs50_b03m_s30.B06
Reading graphs...
30 :  44
30 :  42
Initializing...
maxdom : 30
D->valSize : 900
Solving...
currentSize : 10 <-- 0.011307 s
currentSize : 11 <-- 0.011341 s
currentSize : 12 <-- 0.011360 s
currentSize : 15 <-- 0.011486 s
currentSize : 16 <-- 0.022688 s
currentSize : 17 <-- 0.030597 s
currentSize : 18 <-- 0.117275 s
currentSize : 19 <-- 0.208961 s
currentSize : 20 <-- 1.608066 s
currentSize : 21 <-- 1.851282 s
currentSize : 22 <-- 2.776749 s

maxsize : 22
nodes : 404832.000000
filtered : 10840870.000000
CCGP filtered : 6632456.000000
CCGT filtered : 5855106.000000
time : 6.473827
