Parameters: GAD=1 vflib=1 dir=0 label=0 lowerbound=1 fileNameGp=../graphsdb/mcs50/bvg/b03m/mcs50_b03m_s30.A03 fileNameGt=../graphsdb/mcs50/bvg/b03m/mcs50_b03m_s30.B03
Reading graphs...
30 :  43
30 :  44
Initializing...
maxdom : 30
D->valSize : 900
Solving...
currentSize : 9 <-- 0.019487 s
currentSize : 13 <-- 0.019595 s
currentSize : 15 <-- 0.023455 s
currentSize : 17 <-- 0.024321 s
currentSize : 18 <-- 0.041002 s
currentSize : 19 <-- 0.080439 s
currentSize : 20 <-- 0.592021 s
currentSize : 21 <-- 1.015682 s
currentSize : 22 <-- 1.896102 s

maxsize : 22
nodes : 313722.000000
filtered : 9959966.000000
CCGP filtered : 4758483.000000
CCGT filtered : 2826845.000000
time : 8.178878
