Parameters: GAD=1 vflib=1 dir=0 label=0 lowerbound=1 fileNameGp=../graphsdb/mcs50/m2D/m2D/mcs50_m2D_s30.A24 fileNameGt=../graphsdb/mcs50/m2D/m2D/mcs50_m2D_s30.B24
Reading graphs...
30 :  49
30 :  48
Initializing...
maxdom : 30
D->valSize : 900
Solving...
currentSize : 14 <-- 0.011032 s
currentSize : 15 <-- 0.011108 s
currentSize : 16 <-- 0.011273 s
currentSize : 17 <-- 0.011330 s
currentSize : 18 <-- 0.013187 s
currentSize : 19 <-- 0.013622 s
currentSize : 20 <-- 0.014071 s
currentSize : 21 <-- 0.549212 s
currentSize : 22 <-- 14.078242 s

maxsize : 22
nodes : 1224763.000000
filtered : 39040095.000000
CCGP filtered : 12805390.000000
CCGT filtered : 7456861.000000
time : 24.867409
