Parameters: GAD=1 vflib=1 dir=0 label=0 lowerbound=1 fileNameGp=../graphsdb/mcs50/bvg/b09/mcs50_b09_s35.A09 fileNameGt=../graphsdb/mcs50/bvg/b09/mcs50_b09_s35.B09
Reading graphs...
35 :  155
35 :  151
Initializing...
maxdom : 35
D->valSize : 1225
Solving...
currentSize : 11 <-- 0.018166 s
currentSize : 13 <-- 0.018283 s
currentSize : 14 <-- 0.018655 s
currentSize : 15 <-- 0.048217 s
currentSize : 16 <-- 0.719979 s
currentSize : 17 <-- 2.650310 s
currentSize : 18 <-- 6.729732 s
currentSize : 19 <-- 129.795242 s
currentSize : 20 <-- 129.820404 s

maxsize : 20
nodes : 56147129.000000
filtered : 1709170603.000000
CCGP filtered : 10135547.000000
CCGT filtered : 25416557.000000
time : 793.762085
