Parameters: GAD=1 vflib=1 dir=0 label=0 lowerbound=1 fileNameGp=../graphsdb/mcs50/m4D/m4D/mcs50_m4D_s35.A84 fileNameGt=../graphsdb/mcs50/m4D/m4D/mcs50_m4D_s35.B84
Reading graphs...
35 :  62
35 :  63
Initializing...
maxdom : 35
D->valSize : 1225
Solving...
currentSize : 13 <-- 0.020632 s
currentSize : 14 <-- 0.020728 s
currentSize : 17 <-- 0.020807 s
currentSize : 18 <-- 0.020880 s
currentSize : 19 <-- 0.023333 s
currentSize : 20 <-- 0.024362 s
currentSize : 21 <-- 0.060772 s
currentSize : 22 <-- 0.545068 s
currentSize : 23 <-- 0.805667 s
currentSize : 24 <-- 1.325218 s

maxsize : 24
nodes : 4833404.000000
filtered : 191231503.000000
CCGP filtered : 88678891.000000
CCGT filtered : 51675114.000000
time : 150.276886
