Parameters: GAD=1 vflib=1 dir=0 label=0 lowerbound=1 fileNameGp=../graphsdb/mcs50/bvg/b03m/mcs50_b03m_s35.A01 fileNameGt=../graphsdb/mcs50/bvg/b03m/mcs50_b03m_s35.B01
Reading graphs...
35 :  50
35 :  51
Initializing...
maxdom : 35
D->valSize : 1225
Solving...
currentSize : 8 <-- 0.021244 s
currentSize : 9 <-- 0.021294 s
currentSize : 16 <-- 0.021401 s
currentSize : 17 <-- 0.021804 s
currentSize : 18 <-- 0.022222 s
currentSize : 19 <-- 0.024980 s
currentSize : 20 <-- 0.027530 s
currentSize : 21 <-- 0.027805 s
currentSize : 22 <-- 0.068182 s
currentSize : 23 <-- 0.118632 s
currentSize : 24 <-- 2.190037 s
currentSize : 25 <-- 3.859301 s

maxsize : 25
nodes : 4340518.000000
filtered : 163086269.000000
CCGP filtered : 121738320.000000
CCGT filtered : 64727497.000000
time : 121.321442
