Parameters: GAD=1 vflib=1 dir=0 label=0 lowerbound=1 fileNameGp=../graphsdb/mcs50/m4D/m4Dr4/mcs50_m4Dr4_s30.A24 fileNameGt=../graphsdb/mcs50/m4D/m4Dr4/mcs50_m4Dr4_s30.B24
Reading graphs...
30 :  66
30 :  66
Initializing...
maxdom : 30
D->valSize : 900
Solving...
currentSize : 12 <-- 0.010741 s
currentSize : 13 <-- 0.010888 s
currentSize : 14 <-- 0.010958 s
currentSize : 15 <-- 0.011707 s
currentSize : 16 <-- 0.014559 s
currentSize : 17 <-- 0.017136 s
currentSize : 18 <-- 0.321179 s
currentSize : 19 <-- 3.176132 s
currentSize : 20 <-- 41.907841 s

maxsize : 20
nodes : 4282239.000000
filtered : 128317311.000000
CCGP filtered : 23734313.000000
CCGT filtered : 8751419.000000
time : 71.938904
