Parameters: GAD=1 vflib=1 dir=0 label=0 lowerbound=1 fileNameGp=../graphsdb/mcs50/m4D/m4Dr4/mcs50_m4Dr4_s35.A62 fileNameGt=../graphsdb/mcs50/m4D/m4Dr4/mcs50_m4Dr4_s35.B62
Reading graphs...
35 :  76
35 :  75
Initializing...
maxdom : 35
D->valSize : 1225
Solving...
currentSize : 15 <-- 0.035368 s
currentSize : 16 <-- 0.035587 s
currentSize : 17 <-- 0.035932 s
currentSize : 18 <-- 0.036039 s
currentSize : 19 <-- 0.039858 s
currentSize : 20 <-- 0.041159 s
currentSize : 21 <-- 0.048450 s
currentSize : 22 <-- 0.278776 s
currentSize : 23 <-- 0.988245 s

maxsize : 23
nodes : 33509656.000000
filtered : 1256443981.000000
CCGP filtered : 265635604.000000
CCGT filtered : 121772689.000000
time : 734.945801
