Parameters: GAD=1 vflib=1 dir=0 label=0 lowerbound=1 fileNameGp=../graphsdb/mcs50/m4D/m4D/mcs50_m4D_s30.A77 fileNameGt=../graphsdb/mcs50/m4D/m4D/mcs50_m4D_s30.B77
Reading graphs...
30 :  55
30 :  55
Initializing...
maxdom : 30
D->valSize : 900
Solving...
currentSize : 12 <-- 0.011062 s
currentSize : 13 <-- 0.011192 s
currentSize : 14 <-- 0.011394 s
currentSize : 15 <-- 0.011571 s
currentSize : 16 <-- 0.014315 s
currentSize : 17 <-- 0.016644 s
currentSize : 18 <-- 0.022258 s
currentSize : 19 <-- 0.022335 s
currentSize : 20 <-- 0.130294 s
currentSize : 21 <-- 0.231465 s
currentSize : 22 <-- 2.395277 s

maxsize : 22
nodes : 359181.000000
filtered : 13967981.000000
CCGP filtered : 5224577.000000
CCGT filtered : 1836040.000000
time : 7.981860
