Parameters: GAD=1 vflib=1 dir=0 label=0 lowerbound=1 fileNameGp=../graphsdb/mcs50/rand/r005/mcs50_r005_s35.A98 fileNameGt=../graphsdb/mcs50/rand/r005/mcs50_r005_s35.B98
Reading graphs...
35 :  59
35 :  61
Initializing...
maxdom : 35
D->valSize : 1225
Solving...
currentSize : 16 <-- 0.020782 s
currentSize : 17 <-- 0.020826 s
currentSize : 18 <-- 0.021041 s
currentSize : 19 <-- 0.021219 s
currentSize : 20 <-- 0.036699 s
currentSize : 21 <-- 0.478474 s
currentSize : 22 <-- 1.758189 s
currentSize : 23 <-- 1.915421 s
currentSize : 24 <-- 16.334290 s
currentSize : 25 <-- 109.629913 s

maxsize : 25
nodes : 11587616.000000
filtered : 447157393.000000
CCGP filtered : 97406044.000000
CCGT filtered : 66769535.000000
time : 301.684174
