Parameters: GAD=1 vflib=1 dir=0 label=0 lowerbound=1 fileNameGp=../graphsdb/mcs50/bvg/b06/mcs50_b06_s30.A89 fileNameGt=../graphsdb/mcs50/bvg/b06/mcs50_b06_s30.B89
Reading graphs...
30 :  85
30 :  88
Initializing...
maxdom : 30
D->valSize : 900
Solving...
currentSize : 9 <-- 0.010285 s
currentSize : 10 <-- 0.010330 s
currentSize : 12 <-- 0.010422 s
currentSize : 13 <-- 0.010566 s
currentSize : 14 <-- 0.010714 s
currentSize : 15 <-- 0.058452 s
currentSize : 16 <-- 0.119517 s
currentSize : 17 <-- 0.741521 s
currentSize : 18 <-- 7.542626 s
currentSize : 19 <-- 56.659000 s

maxsize : 19
nodes : 6470507.000000
filtered : 189110032.000000
CCGP filtered : 10622016.000000
CCGT filtered : 11880334.000000
time : 90.858498
