Parameters: GAD=1 vflib=1 dir=0 label=0 lowerbound=1 fileNameGp=../graphsdb/mcs50/m4D/m4Dr4/mcs50_m4Dr4_s35.A54 fileNameGt=../graphsdb/mcs50/m4D/m4Dr4/mcs50_m4Dr4_s35.B54
Reading graphs...
35 :  76
35 :  75
Initializing...
maxdom : 35
D->valSize : 1225
Solving...
currentSize : 15 <-- 0.019969 s
currentSize : 16 <-- 0.020099 s
currentSize : 17 <-- 0.020163 s
currentSize : 18 <-- 0.020476 s
currentSize : 19 <-- 0.020663 s
currentSize : 20 <-- 0.069566 s
currentSize : 21 <-- 0.220905 s
currentSize : 22 <-- 0.226011 s
currentSize : 23 <-- 8.338974 s

maxsize : 23
nodes : 30991855.000000
filtered : 1140045185.000000
CCGP filtered : 232498970.000000
CCGT filtered : 122774298.000000
time : 687.375488
