Parameters: GAD=1 vflib=1 dir=0 label=0 lowerbound=1 fileNameGp=../graphsdb/mcs50/rand/r005/mcs50_r005_s25.A97 fileNameGt=../graphsdb/mcs50/rand/r005/mcs50_r005_s25.B97
Reading graphs...
25 :  35
25 :  35
Initializing...
maxdom : 25
D->valSize : 625
Solving...
currentSize : 5 <-- 0.009275 s
currentSize : 11 <-- 0.009448 s
currentSize : 12 <-- 0.009575 s
currentSize : 13 <-- 0.010193 s
currentSize : 14 <-- 0.010686 s
currentSize : 15 <-- 0.014535 s
currentSize : 16 <-- 0.015186 s
currentSize : 17 <-- 0.029831 s
currentSize : 18 <-- 0.355528 s

maxsize : 18
nodes : 119721.000000
filtered : 3013191.000000
CCGP filtered : 1415341.000000
CCGT filtered : 1212619.000000
time : 2.330024
