Parameters: GAD=1 vflib=1 dir=0 label=0 lowerbound=1 fileNameGp=../graphsdb/mcs50/bvg/b03m/mcs50_b03m_s35.A07 fileNameGt=../graphsdb/mcs50/bvg/b03m/mcs50_b03m_s35.B07
Reading graphs...
35 :  52
35 :  52
Initializing...
maxdom : 35
D->valSize : 1225
Solving...
currentSize : 15 <-- 0.020911 s
currentSize : 16 <-- 0.020958 s
currentSize : 17 <-- 0.021096 s
currentSize : 18 <-- 0.025546 s
currentSize : 19 <-- 0.032787 s
currentSize : 20 <-- 0.050339 s
currentSize : 21 <-- 0.050814 s
currentSize : 22 <-- 0.324606 s
currentSize : 23 <-- 2.189404 s
currentSize : 24 <-- 6.637458 s
currentSize : 25 <-- 37.549809 s

maxsize : 25
nodes : 4775552.000000
filtered : 165711702.000000
CCGP filtered : 81429311.000000
CCGT filtered : 54392933.000000
time : 108.096832
