Parameters: GAD=1 vflib=1 dir=0 label=0 lowerbound=1 fileNameGp=../graphsdb/mcs50/bvg/b03/mcs50_b03_s30.A42 fileNameGt=../graphsdb/mcs50/bvg/b03/mcs50_b03_s30.B42
Reading graphs...
30 :  45
30 :  45
Initializing...
maxdom : 30
D->valSize : 900
Solving...
currentSize : 12 <-- 0.016144 s
currentSize : 13 <-- 0.016191 s
currentSize : 14 <-- 0.016273 s
currentSize : 15 <-- 0.018311 s
currentSize : 16 <-- 0.018579 s
currentSize : 17 <-- 0.018801 s
currentSize : 18 <-- 0.019079 s
currentSize : 19 <-- 0.210382 s
currentSize : 20 <-- 0.522168 s
currentSize : 21 <-- 1.936580 s

maxsize : 21
nodes : 957942.000000
filtered : 30068135.000000
CCGP filtered : 15566596.000000
CCGT filtered : 9181752.000000
time : 19.175577
