Parameters: GAD=1 vflib=1 dir=0 label=0 lowerbound=1 fileNameGp=../graphsdb/mcs50/bvg/b06/mcs50_b06_s35.A25 fileNameGt=../graphsdb/mcs50/bvg/b06/mcs50_b06_s35.B25
Reading graphs...
35 :  102
35 :  105
Initializing...
maxdom : 35
D->valSize : 1225
Solving...
currentSize : 14 <-- 0.019572 s
currentSize : 15 <-- 0.019860 s
currentSize : 16 <-- 0.019932 s
currentSize : 17 <-- 0.020551 s
currentSize : 18 <-- 0.089900 s
currentSize : 19 <-- 0.101893 s
currentSize : 20 <-- 8.111099 s
currentSize : 21 <-- 10.401507 s
currentSize : 22 <-- 97.857300 s
currentSize : 23 <-- 171.220978 s

maxsize : 23
nodes : 18640668.000000
filtered : 741631176.000000
CCGP filtered : 50347622.000000
CCGT filtered : 37106657.000000
time : 340.926819
