Parameters: GAD=1 vflib=1 dir=0 label=0 lowerbound=1 fileNameGp=../graphsdb/mcs50/m4D/m4Dr6/mcs50_m4Dr6_s35.A14 fileNameGt=../graphsdb/mcs50/m4D/m4Dr6/mcs50_m4Dr6_s35.B14
Reading graphs...
35 :  83
35 :  82
Initializing...
maxdom : 35
D->valSize : 1225
Solving...
currentSize : 14 <-- 0.020616 s
currentSize : 15 <-- 0.020869 s
currentSize : 16 <-- 0.021302 s
currentSize : 17 <-- 0.027314 s
currentSize : 18 <-- 0.102141 s
currentSize : 19 <-- 0.106371 s
currentSize : 20 <-- 0.353091 s
currentSize : 21 <-- 7.062835 s
currentSize : 22 <-- 8.870984 s
currentSize : 23 <-- 54.384911 s

maxsize : 23
nodes : 27242388.000000
filtered : 1134756956.000000
CCGP filtered : 187403342.000000
CCGT filtered : 115170826.000000
time : 575.446777
