Parameters: GAD=1 vflib=1 dir=0 label=0 lowerbound=1 fileNameGp=../graphsdb/mcs50/m4D/m4Dr2/mcs50_m4Dr2_s30.A61 fileNameGt=../graphsdb/mcs50/m4D/m4Dr2/mcs50_m4Dr2_s30.B61
Reading graphs...
30 :  61
30 :  59
Initializing...
maxdom : 30
D->valSize : 900
Solving...
currentSize : 9 <-- 0.019220 s
currentSize : 13 <-- 0.019629 s
currentSize : 14 <-- 0.019994 s
currentSize : 15 <-- 0.023399 s
currentSize : 16 <-- 0.026656 s
currentSize : 17 <-- 0.040154 s
currentSize : 18 <-- 0.211481 s
currentSize : 19 <-- 0.243712 s
currentSize : 20 <-- 4.286279 s
currentSize : 21 <-- 5.103175 s

maxsize : 21
nodes : 690996.000000
filtered : 24436549.000000
CCGP filtered : 8054876.000000
CCGT filtered : 4128503.000000
time : 13.461521
