Parameters: GAD=1 vflib=1 dir=0 label=0 lowerbound=1 fileNameGp=../graphsdb/mcs50/m2D/m2Dr4/mcs50_m2Dr4_s30.A01 fileNameGt=../graphsdb/mcs50/m2D/m2Dr4/mcs50_m2Dr4_s30.B01
Reading graphs...
30 :  61
30 :  57
Initializing...
maxdom : 30
D->valSize : 900
Solving...
currentSize : 13 <-- 0.019008 s
currentSize : 14 <-- 0.019057 s
currentSize : 15 <-- 0.019144 s
currentSize : 16 <-- 0.019568 s
currentSize : 17 <-- 0.034250 s
currentSize : 18 <-- 0.056842 s
currentSize : 19 <-- 0.099946 s
currentSize : 20 <-- 0.546096 s
currentSize : 21 <-- 30.453056 s

maxsize : 21
nodes : 2679963.000000
filtered : 89437301.000000
CCGP filtered : 11008853.000000
CCGT filtered : 8780701.000000
time : 48.363522
