Parameters: GAD=1 vflib=1 dir=0 label=0 lowerbound=1 fileNameGp=../graphsdb/mcs50/bvg/b03m/mcs50_b03m_s35.A18 fileNameGt=../graphsdb/mcs50/bvg/b03m/mcs50_b03m_s35.B18
Reading graphs...
35 :  52
35 :  52
Initializing...
maxdom : 35
D->valSize : 1225
Solving...
currentSize : 8 <-- 0.036812 s
currentSize : 9 <-- 0.037078 s
currentSize : 13 <-- 0.037264 s
currentSize : 14 <-- 0.037383 s
currentSize : 15 <-- 0.038010 s
currentSize : 18 <-- 0.057240 s
currentSize : 19 <-- 0.105681 s
currentSize : 20 <-- 0.202294 s
currentSize : 21 <-- 0.652216 s
currentSize : 22 <-- 1.041087 s
currentSize : 23 <-- 2.175302 s
currentSize : 24 <-- 214.060287 s

maxsize : 24
nodes : 15785598.000000
filtered : 429391124.000000
CCGP filtered : 400225135.000000
CCGT filtered : 179124353.000000
time : 307.662842
