Parameters: GAD=1 vflib=1 dir=0 label=0 lowerbound=1 fileNameGp=../graphsdb/mcs50/m4D/m4D/mcs50_m4D_s30.A04 fileNameGt=../graphsdb/mcs50/m4D/m4D/mcs50_m4D_s30.B04
Reading graphs...
30 :  55
30 :  55
Initializing...
maxdom : 30
D->valSize : 900
Solving...
currentSize : 14 <-- 0.011137 s
currentSize : 15 <-- 0.011256 s
currentSize : 16 <-- 0.011607 s
currentSize : 17 <-- 0.012596 s
currentSize : 18 <-- 0.041109 s
currentSize : 19 <-- 0.055980 s
currentSize : 20 <-- 0.061495 s
currentSize : 21 <-- 0.096252 s
currentSize : 22 <-- 4.343019 s

maxsize : 22
nodes : 479306.000000
filtered : 16965789.000000
CCGP filtered : 5545646.000000
CCGT filtered : 4336513.000000
time : 11.791893
