Parameters: GAD=1 vflib=1 dir=0 label=0 lowerbound=1 fileNameGp=../graphsdb/mcs50/m4D/m4D/mcs50_m4D_s30.A31 fileNameGt=../graphsdb/mcs50/m4D/m4D/mcs50_m4D_s30.B31
Reading graphs...
30 :  55
30 :  55
Initializing...
maxdom : 30
D->valSize : 900
Solving...
currentSize : 9 <-- 0.010926 s
currentSize : 10 <-- 0.011012 s
currentSize : 13 <-- 0.011156 s
currentSize : 15 <-- 0.019555 s
currentSize : 16 <-- 0.021745 s
currentSize : 17 <-- 0.077313 s
currentSize : 18 <-- 0.080391 s
currentSize : 19 <-- 0.089508 s
currentSize : 20 <-- 1.406032 s
currentSize : 21 <-- 1.406552 s
currentSize : 22 <-- 2.467293 s

maxsize : 22
nodes : 240259.000000
filtered : 7153299.000000
CCGP filtered : 5609035.000000
CCGT filtered : 3351625.000000
time : 4.361624
