Parameters: GAD=1 vflib=1 dir=0 label=0 lowerbound=1 fileNameGp=../graphsdb/mcs50/bvg/b03/mcs50_b03_s35.A50 fileNameGt=../graphsdb/mcs50/bvg/b03/mcs50_b03_s35.B50
Reading graphs...
35 :  52
35 :  52
Initializing...
maxdom : 35
D->valSize : 1225
Solving...
currentSize : 11 <-- 0.021102 s
currentSize : 12 <-- 0.021209 s
currentSize : 13 <-- 0.021241 s
currentSize : 14 <-- 0.021281 s
currentSize : 19 <-- 0.021396 s
currentSize : 20 <-- 0.021715 s
currentSize : 21 <-- 0.178636 s
currentSize : 22 <-- 1.260639 s
currentSize : 23 <-- 2.546178 s
currentSize : 24 <-- 8.734100 s
currentSize : 25 <-- 10.317594 s

maxsize : 25
nodes : 5244154.000000
filtered : 193721514.000000
CCGP filtered : 86148038.000000
CCGT filtered : 52122187.000000
time : 144.978378
