Parameters: GAD=1 vflib=1 dir=0 label=0 lowerbound=1 fileNameGp=../graphsdb/mcs50/rand/r005/mcs50_r005_s35.A73 fileNameGt=../graphsdb/mcs50/rand/r005/mcs50_r005_s35.B73
Reading graphs...
35 :  59
35 :  61
Initializing...
maxdom : 35
D->valSize : 1225
Solving...
currentSize : 14 <-- 0.036844 s
currentSize : 15 <-- 0.036987 s
currentSize : 16 <-- 0.037327 s
currentSize : 17 <-- 0.037379 s
currentSize : 18 <-- 0.038322 s
currentSize : 19 <-- 0.049187 s
currentSize : 20 <-- 0.063421 s
currentSize : 21 <-- 0.117790 s
currentSize : 22 <-- 1.964948 s
currentSize : 23 <-- 16.836632 s
currentSize : 24 <-- 236.380157 s

maxsize : 24
nodes : 20154070.000000
filtered : 700319717.000000
CCGP filtered : 256371778.000000
CCGT filtered : 226602528.000000
time : 519.487732
