Parameters: GAD=1 vflib=1 dir=0 label=0 lowerbound=1 fileNameGp=../graphsdb/mcs50/bvg/b09/mcs50_b09_s35.A34 fileNameGt=../graphsdb/mcs50/bvg/b09/mcs50_b09_s35.B34
Reading graphs...
35 :  155
35 :  151
Initializing...
maxdom : 35
D->valSize : 1225
Solving...
currentSize : 12 <-- 0.032122 s
currentSize : 13 <-- 0.032293 s
currentSize : 14 <-- 0.032687 s
currentSize : 15 <-- 0.049231 s
currentSize : 16 <-- 0.235717 s
currentSize : 17 <-- 0.849730 s
currentSize : 18 <-- 90.774475 s
currentSize : 19 <-- 191.495300 s
currentSize : 20 <-- 712.961426 s

maxsize : 20
nodes : 75614723.000000
filtered : 2406244247.000000
CCGP filtered : 54595647.000000
CCGT filtered : 44541321.000000
time : 1023.551208
