Parameters: GAD=1 vflib=1 dir=0 label=0 lowerbound=1 fileNameGp=../graphsdb/mcs50/m4D/m4Dr4/mcs50_m4Dr4_s30.A04 fileNameGt=../graphsdb/mcs50/m4D/m4Dr4/mcs50_m4Dr4_s30.B04
Reading graphs...
30 :  65
30 :  66
Initializing...
maxdom : 30
D->valSize : 900
Solving...
currentSize : 11 <-- 0.019015 s
currentSize : 12 <-- 0.019261 s
currentSize : 14 <-- 0.019432 s
currentSize : 15 <-- 0.019695 s
currentSize : 16 <-- 0.020400 s
currentSize : 17 <-- 0.032264 s
currentSize : 18 <-- 0.294291 s
currentSize : 19 <-- 2.868683 s
currentSize : 20 <-- 9.648717 s

maxsize : 20
nodes : 2680531.000000
filtered : 86877298.000000
CCGP filtered : 15472307.000000
CCGT filtered : 11185660.000000
time : 39.911495
