Parameters: GAD=1 vflib=1 dir=0 label=0 lowerbound=1 fileNameGp=../graphsdb/mcs50/bvg/b03/mcs50_b03_s30.A09 fileNameGt=../graphsdb/mcs50/bvg/b03/mcs50_b03_s30.B09
Reading graphs...
30 :  44
30 :  45
Initializing...
maxdom : 30
D->valSize : 900
Solving...
currentSize : 10 <-- 0.011188 s
currentSize : 11 <-- 0.011237 s
currentSize : 14 <-- 0.011310 s
currentSize : 15 <-- 0.011518 s
currentSize : 16 <-- 0.011646 s
currentSize : 17 <-- 0.012333 s
currentSize : 18 <-- 0.019733 s
currentSize : 19 <-- 0.021605 s
currentSize : 20 <-- 0.022301 s
currentSize : 21 <-- 0.058756 s
currentSize : 22 <-- 8.917745 s

maxsize : 22
nodes : 1143646.000000
filtered : 36434816.000000
CCGP filtered : 14742607.000000
CCGT filtered : 9194382.000000
time : 24.258327
