Parameters: GAD=1 vflib=1 dir=0 label=0 lowerbound=1 fileNameGp=../graphsdb/mcs50/m4D/m4D/mcs50_m4D_s35.A74 fileNameGt=../graphsdb/mcs50/m4D/m4D/mcs50_m4D_s35.B74
Reading graphs...
35 :  63
35 :  63
Initializing...
maxdom : 35
D->valSize : 1225
Solving...
currentSize : 15 <-- 0.036817 s
currentSize : 16 <-- 0.037119 s
currentSize : 17 <-- 0.037423 s
currentSize : 18 <-- 0.037538 s
currentSize : 19 <-- 0.039143 s
currentSize : 20 <-- 0.039962 s
currentSize : 21 <-- 0.043773 s
currentSize : 22 <-- 0.113476 s
currentSize : 23 <-- 1.288866 s
currentSize : 24 <-- 19.309006 s

maxsize : 24
nodes : 5875115.000000
filtered : 230560148.000000
CCGP filtered : 127453495.000000
CCGT filtered : 68387601.000000
time : 165.777771
