Parameters: GAD=1 vflib=1 dir=0 label=0 lowerbound=1 fileNameGp=../graphsdb/mcs50/m4D/m4Dr2/mcs50_m4Dr2_s30.A55 fileNameGt=../graphsdb/mcs50/m4D/m4Dr2/mcs50_m4Dr2_s30.B55
Reading graphs...
30 :  60
30 :  60
Initializing...
maxdom : 30
D->valSize : 900
Solving...
currentSize : 12 <-- 0.010785 s
currentSize : 13 <-- 0.010821 s
currentSize : 14 <-- 0.010884 s
currentSize : 15 <-- 0.011278 s
currentSize : 16 <-- 0.017719 s
currentSize : 17 <-- 0.018277 s
currentSize : 18 <-- 0.023135 s
currentSize : 19 <-- 0.066477 s
currentSize : 20 <-- 11.380374 s
currentSize : 21 <-- 26.977196 s

maxsize : 21
nodes : 1740794.000000
filtered : 51177621.000000
CCGP filtered : 23509161.000000
CCGT filtered : 15955817.000000
time : 34.199711
