Parameters: GAD=1 vflib=1 dir=0 label=0 lowerbound=1 fileNameGp=../graphsdb/mcs50/m2D/m2D/mcs50_m2D_s30.A12 fileNameGt=../graphsdb/mcs50/m2D/m2D/mcs50_m2D_s30.B12
Reading graphs...
30 :  48
30 :  48
Initializing...
maxdom : 30
D->valSize : 900
Solving...
currentSize : 12 <-- 0.019481 s
currentSize : 13 <-- 0.019629 s
currentSize : 14 <-- 0.019706 s
currentSize : 15 <-- 0.021790 s
currentSize : 17 <-- 0.022748 s
currentSize : 18 <-- 0.024007 s
currentSize : 19 <-- 0.026087 s
currentSize : 20 <-- 0.156325 s
currentSize : 21 <-- 2.058124 s

maxsize : 21
nodes : 1781720.000000
filtered : 56063367.000000
CCGP filtered : 31761572.000000
CCGT filtered : 15610526.000000
time : 28.809120
