Parameters: GAD=1 vflib=1 dir=0 label=0 lowerbound=1 fileNameGp=../graphsdb/mcs50/m4D/m4Dr2/mcs50_m4Dr2_s35.A20 fileNameGt=../graphsdb/mcs50/m4D/m4Dr2/mcs50_m4Dr2_s35.B20
Reading graphs...
35 :  70
35 :  70
Initializing...
maxdom : 35
D->valSize : 1225
Solving...
currentSize : 16 <-- 0.021371 s
currentSize : 17 <-- 0.021482 s
currentSize : 18 <-- 0.021571 s
currentSize : 19 <-- 0.024313 s
currentSize : 20 <-- 0.212745 s
currentSize : 21 <-- 0.212889 s
currentSize : 22 <-- 0.969363 s
currentSize : 23 <-- 30.244759 s
currentSize : 24 <-- 160.786041 s

maxsize : 24
nodes : 19534150.000000
filtered : 731835218.000000
CCGP filtered : 174410632.000000
CCGT filtered : 104929830.000000
time : 447.656433
