Parameters: GAD=1 vflib=1 dir=0 label=0 lowerbound=1 fileNameGp=../graphsdb/mcs50/m4D/m4Dr2/mcs50_m4Dr2_s30.A66 fileNameGt=../graphsdb/mcs50/m4D/m4Dr2/mcs50_m4Dr2_s30.B66
Reading graphs...
30 :  60
30 :  59
Initializing...
maxdom : 30
D->valSize : 900
Solving...
currentSize : 7 <-- 0.019093 s
currentSize : 11 <-- 0.019166 s
currentSize : 12 <-- 0.019349 s
currentSize : 15 <-- 0.019378 s
currentSize : 16 <-- 0.020465 s
currentSize : 17 <-- 0.021008 s
currentSize : 18 <-- 0.023311 s
currentSize : 19 <-- 0.249834 s
currentSize : 20 <-- 0.994575 s

maxsize : 20
nodes : 1206480.000000
filtered : 40301435.000000
CCGP filtered : 12291057.000000
CCGT filtered : 11082077.000000
time : 22.536037
