Parameters: GAD=1 vflib=1 dir=0 label=0 lowerbound=1 fileNameGp=../graphsdb/mcs50/m4D/m4Dr2/mcs50_m4Dr2_s35.A80 fileNameGt=../graphsdb/mcs50/m4D/m4Dr2/mcs50_m4Dr2_s35.B80
Reading graphs...
35 :  69
35 :  68
Initializing...
maxdom : 35
D->valSize : 1225
Solving...
currentSize : 13 <-- 0.020780 s
currentSize : 14 <-- 0.020835 s
currentSize : 15 <-- 0.020881 s
currentSize : 16 <-- 0.021992 s
currentSize : 17 <-- 0.022049 s
currentSize : 18 <-- 0.030719 s
currentSize : 19 <-- 0.051200 s
currentSize : 20 <-- 0.222319 s
currentSize : 21 <-- 1.456018 s
currentSize : 22 <-- 2.128028 s
currentSize : 23 <-- 11.369865 s
currentSize : 24 <-- 17.856760 s

maxsize : 24
nodes : 4664984.000000
filtered : 178600390.000000
CCGP filtered : 43926088.000000
CCGT filtered : 30785855.000000
time : 117.014748
