Parameters: GAD=1 vflib=1 dir=0 label=0 lowerbound=1 fileNameGp=../graphsdb/mcs50/bvg/b03m/mcs50_b03m_s25.A99 fileNameGt=../graphsdb/mcs50/bvg/b03m/mcs50_b03m_s25.B99
Reading graphs...
25 :  37
25 :  37
Initializing...
maxdom : 25
D->valSize : 625
Solving...
currentSize : 3 <-- 0.005285 s
currentSize : 4 <-- 0.005363 s
currentSize : 9 <-- 0.005413 s
currentSize : 12 <-- 0.005584 s
currentSize : 13 <-- 0.005883 s
currentSize : 14 <-- 0.007560 s
currentSize : 15 <-- 0.027084 s
currentSize : 16 <-- 0.029191 s
currentSize : 17 <-- 0.056422 s
currentSize : 18 <-- 0.139438 s

maxsize : 18
nodes : 63437.000000
filtered : 1764623.000000
CCGP filtered : 968439.000000
CCGT filtered : 591497.000000
time : 1.086676
