Parameters: GAD=1 vflib=1 dir=0 label=0 lowerbound=1 fileNameGp=../graphsdb/mcs50/m4D/m4D/mcs50_m4D_s35.A15 fileNameGt=../graphsdb/mcs50/m4D/m4D/mcs50_m4D_s35.B15
Reading graphs...
35 :  63
35 :  62
Initializing...
maxdom : 35
D->valSize : 1225
Solving...
currentSize : 16 <-- 0.036368 s
currentSize : 17 <-- 0.043376 s
currentSize : 18 <-- 0.076071 s
currentSize : 19 <-- 0.517185 s
currentSize : 20 <-- 1.336389 s
currentSize : 21 <-- 1.788132 s
currentSize : 22 <-- 3.626168 s
currentSize : 23 <-- 8.113551 s
currentSize : 24 <-- 27.281649 s

maxsize : 24
nodes : 4644200.000000
filtered : 162433731.000000
CCGP filtered : 100669618.000000
CCGT filtered : 59647766.000000
time : 103.210968
