Parameters: GAD=1 vflib=1 dir=0 label=0 lowerbound=1 fileNameGp=../graphsdb/mcs50/m2D/m2D/mcs50_m2D_s20.A76 fileNameGt=../graphsdb/mcs50/m2D/m2D/mcs50_m2D_s20.B76
Reading graphs...
20 :  31
20 :  31
Initializing...
maxdom : 20
D->valSize : 400
Solving...
currentSize : 8 <-- 0.003843 s
currentSize : 9 <-- 0.003883 s
currentSize : 10 <-- 0.003915 s
currentSize : 11 <-- 0.004001 s
currentSize : 12 <-- 0.005507 s
currentSize : 13 <-- 0.006023 s
currentSize : 14 <-- 0.006471 s
currentSize : 15 <-- 0.008018 s
currentSize : 16 <-- 0.064712 s

maxsize : 16
nodes : 6319.000000
filtered : 169903.000000
CCGP filtered : 59534.000000
CCGT filtered : 19672.000000
time : 0.122579
