Parameters: GAD=1 vflib=1 dir=0 label=0 lowerbound=1 fileNameGp=../graphsdb/mcs50/m2D/m2Dr4/mcs50_m2Dr4_s30.A42 fileNameGt=../graphsdb/mcs50/m2D/m2Dr4/mcs50_m2Dr4_s30.B42
Reading graphs...
30 :  61
30 :  60
Initializing...
maxdom : 30
D->valSize : 900
Solving...
currentSize : 11 <-- 0.010789 s
currentSize : 12 <-- 0.010850 s
currentSize : 13 <-- 0.010874 s
currentSize : 14 <-- 0.012789 s
currentSize : 15 <-- 0.012948 s
currentSize : 16 <-- 0.018968 s
currentSize : 17 <-- 0.032802 s
currentSize : 18 <-- 0.052203 s
currentSize : 19 <-- 0.192586 s
currentSize : 20 <-- 9.791259 s

maxsize : 20
nodes : 3221019.000000
filtered : 108306778.000000
CCGP filtered : 20853302.000000
CCGT filtered : 16639753.000000
time : 49.114811
