Parameters: GAD=1 vflib=1 dir=0 label=0 lowerbound=1 fileNameGp=../graphsdb/mcs50/m4D/m4Dr4/mcs50_m4Dr4_s35.A90 fileNameGt=../graphsdb/mcs50/m4D/m4Dr4/mcs50_m4Dr4_s35.B90
Reading graphs...
35 :  76
35 :  75
Initializing...
maxdom : 35
D->valSize : 1225
Solving...
currentSize : 16 <-- 0.025278 s
currentSize : 17 <-- 0.025774 s
currentSize : 18 <-- 0.026068 s
currentSize : 19 <-- 0.027276 s
currentSize : 20 <-- 0.033789 s
currentSize : 21 <-- 0.034406 s
currentSize : 22 <-- 0.100141 s
currentSize : 23 <-- 4.224361 s
currentSize : 24 <-- 103.371750 s

maxsize : 24
nodes : 30783540.000000
filtered : 1220062015.000000
CCGP filtered : 139182536.000000
CCGT filtered : 102268458.000000
time : 710.078552
