Parameters: GAD=1 vflib=1 dir=0 label=0 lowerbound=1 fileNameGp=../graphsdb/mcs50/bvg/b03/mcs50_b03_s30.A13 fileNameGt=../graphsdb/mcs50/bvg/b03/mcs50_b03_s30.B13
Reading graphs...
30 :  43
30 :  45
Initializing...
maxdom : 30
D->valSize : 900
Solving...
currentSize : 11 <-- 0.019554 s
currentSize : 12 <-- 0.019679 s
currentSize : 13 <-- 0.019799 s
currentSize : 14 <-- 0.019960 s
currentSize : 15 <-- 0.020237 s
currentSize : 17 <-- 0.020964 s
currentSize : 18 <-- 0.022640 s
currentSize : 19 <-- 0.023320 s
currentSize : 20 <-- 0.026042 s
currentSize : 21 <-- 0.026949 s
currentSize : 22 <-- 1.156569 s

maxsize : 22
nodes : 378643.000000
filtered : 12436753.000000
CCGP filtered : 8351190.000000
CCGT filtered : 1856165.000000
time : 8.491064
