Parameters: GAD=1 vflib=1 dir=0 label=0 lowerbound=1 fileNameGp=../graphsdb/mcs50/bvg/b03/mcs50_b03_s35.A64 fileNameGt=../graphsdb/mcs50/bvg/b03/mcs50_b03_s35.B64
Reading graphs...
35 :  52
35 :  52
Initializing...
maxdom : 35
D->valSize : 1225
Solving...
currentSize : 16 <-- 0.021110 s
currentSize : 17 <-- 0.021159 s
currentSize : 18 <-- 0.021528 s
currentSize : 20 <-- 0.024473 s
currentSize : 21 <-- 0.024535 s
currentSize : 22 <-- 0.034604 s
currentSize : 23 <-- 0.514402 s
currentSize : 24 <-- 4.312236 s
currentSize : 25 <-- 33.890747 s

maxsize : 25
nodes : 5851715.000000
filtered : 229556318.000000
CCGP filtered : 115984201.000000
CCGT filtered : 73246903.000000
time : 182.425095
