Parameters: GAD=1 vflib=1 dir=0 label=0 lowerbound=1 fileNameGp=../graphsdb/mcs50/bvg/b06/mcs50_b06_s35.A38 fileNameGt=../graphsdb/mcs50/bvg/b06/mcs50_b06_s35.B38
Reading graphs...
35 :  102
35 :  103
Initializing...
maxdom : 35
D->valSize : 1225
Solving...
currentSize : 14 <-- 0.019278 s
currentSize : 15 <-- 0.019406 s
currentSize : 16 <-- 0.019505 s
currentSize : 17 <-- 0.019671 s
currentSize : 18 <-- 0.020699 s
currentSize : 19 <-- 0.404788 s
currentSize : 20 <-- 6.845855 s
currentSize : 21 <-- 31.797819 s
currentSize : 22 <-- 238.610489 s

maxsize : 22
nodes : 31174097.000000
filtered : 1176190105.000000
CCGP filtered : 69055359.000000
CCGT filtered : 71519071.000000
time : 639.968079
