Parameters: GAD=1 vflib=1 dir=0 label=0 lowerbound=1 fileNameGp=../graphsdb/mcs50/bvg/b03/mcs50_b03_s35.A85 fileNameGt=../graphsdb/mcs50/bvg/b03/mcs50_b03_s35.B85
Reading graphs...
35 :  52
35 :  52
Initializing...
maxdom : 35
D->valSize : 1225
Solving...
currentSize : 17 <-- 0.021158 s
currentSize : 18 <-- 0.021281 s
currentSize : 19 <-- 0.021397 s
currentSize : 20 <-- 0.022105 s
currentSize : 21 <-- 0.022237 s
currentSize : 22 <-- 0.037862 s
currentSize : 23 <-- 0.145067 s
currentSize : 24 <-- 2.589125 s
currentSize : 25 <-- 9.961242 s

maxsize : 25
nodes : 7988385.000000
filtered : 319793360.000000
CCGP filtered : 140467510.000000
CCGT filtered : 59429929.000000
time : 263.398560
