Parameters: GAD=1 vflib=1 dir=0 label=0 lowerbound=1 fileNameGp=../graphsdb/mcs50/bvg/b06m/mcs50_b06m_s35.A57 fileNameGt=../graphsdb/mcs50/bvg/b06m/mcs50_b06m_s35.B57
Reading graphs...
35 :  102
35 :  102
Initializing...
maxdom : 35
D->valSize : 1225
Solving...
currentSize : 13 <-- 0.019324 s
currentSize : 14 <-- 0.019373 s
currentSize : 15 <-- 0.019519 s
currentSize : 16 <-- 0.019840 s
currentSize : 17 <-- 0.020433 s
currentSize : 18 <-- 0.288976 s
currentSize : 19 <-- 3.750089 s
currentSize : 20 <-- 116.215881 s
currentSize : 21 <-- 2081.259033 s

maxsize : 21
nodes : 203377937.000000
filtered : 5982509891.000000
CCGP filtered : 251997023.000000
CCGT filtered : 560904866.000000
time : 3127.068115
