Parameters: GAD=1 vflib=1 dir=0 label=0 lowerbound=1 fileNameGp=../graphsdb/mcs50/m4D/m4Dr6/mcs50_m4Dr6_s35.A70 fileNameGt=../graphsdb/mcs50/m4D/m4Dr6/mcs50_m4Dr6_s35.B70
Reading graphs...
35 :  82
35 :  82
Initializing...
maxdom : 35
D->valSize : 1225
Solving...
currentSize : 14 <-- 0.019761 s
currentSize : 15 <-- 0.019928 s
currentSize : 16 <-- 0.024573 s
currentSize : 17 <-- 0.035881 s
currentSize : 18 <-- 0.052968 s
currentSize : 19 <-- 0.538870 s
currentSize : 20 <-- 2.944750 s
currentSize : 21 <-- 2.952303 s
currentSize : 22 <-- 39.934902 s
currentSize : 23 <-- 120.214355 s

maxsize : 23
nodes : 28103305.000000
filtered : 1010940035.000000
CCGP filtered : 81379367.000000
CCGT filtered : 79266659.000000
time : 555.466309
