Parameters: GAD=1 vflib=1 dir=0 label=0 lowerbound=1 fileNameGp=../graphsdb/mcs50/bvg/b03m/mcs50_b03m_s30.A02 fileNameGt=../graphsdb/mcs50/bvg/b03m/mcs50_b03m_s30.B02
Reading graphs...
30 :  44
30 :  44
Initializing...
maxdom : 30
D->valSize : 900
Solving...
currentSize : 9 <-- 0.019731 s
currentSize : 11 <-- 0.019854 s
currentSize : 12 <-- 0.019924 s
currentSize : 13 <-- 0.020343 s
currentSize : 14 <-- 0.020627 s
currentSize : 15 <-- 0.021037 s
currentSize : 16 <-- 0.021129 s
currentSize : 18 <-- 0.021508 s
currentSize : 19 <-- 0.135787 s
currentSize : 20 <-- 0.203566 s
currentSize : 21 <-- 0.414618 s
currentSize : 22 <-- 0.647638 s

maxsize : 22
nodes : 325346.000000
filtered : 12472675.000000
CCGP filtered : 5399833.000000
CCGT filtered : 4795682.000000
time : 9.466258
