Parameters: GAD=1 vflib=1 dir=0 label=0 lowerbound=1 fileNameGp=../graphsdb/mcs50/bvg/b03m/mcs50_b03m_s35.A62 fileNameGt=../graphsdb/mcs50/bvg/b03m/mcs50_b03m_s35.B62
Reading graphs...
35 :  50
35 :  52
Initializing...
maxdom : 35
D->valSize : 1225
Solving...
currentSize : 14 <-- 0.037509 s
currentSize : 15 <-- 0.037984 s
currentSize : 16 <-- 0.040108 s
currentSize : 17 <-- 0.042222 s
currentSize : 18 <-- 0.043339 s
currentSize : 19 <-- 0.089509 s
currentSize : 20 <-- 0.191659 s
currentSize : 21 <-- 0.191746 s
currentSize : 22 <-- 0.191854 s
currentSize : 23 <-- 0.616522 s
currentSize : 24 <-- 6.913823 s
currentSize : 26 <-- 16.043125 s

maxsize : 26
nodes : 1511279.000000
filtered : 60784073.000000
CCGP filtered : 39611146.000000
CCGT filtered : 15952941.000000
time : 56.807598
