Parameters: GAD=1 vflib=1 dir=0 label=0 lowerbound=1 fileNameGp=../graphsdb/mcs50/bvg/b03/mcs50_b03_s30.A55 fileNameGt=../graphsdb/mcs50/bvg/b03/mcs50_b03_s30.B55
Reading graphs...
30 :  44
30 :  44
Initializing...
maxdom : 30
D->valSize : 900
Solving...
currentSize : 9 <-- 0.019911 s
currentSize : 10 <-- 0.019967 s
currentSize : 11 <-- 0.020084 s
currentSize : 17 <-- 0.020227 s
currentSize : 18 <-- 0.020524 s
currentSize : 19 <-- 0.027535 s
currentSize : 20 <-- 0.357263 s
currentSize : 21 <-- 2.679014 s
currentSize : 23 <-- 3.674398 s

maxsize : 23
nodes : 318919.000000
filtered : 9462659.000000
CCGP filtered : 5264864.000000
CCGT filtered : 3430903.000000
time : 6.764131
