Parameters: GAD=1 vflib=1 dir=0 label=0 lowerbound=1 fileNameGp=../graphsdb/mcs50/bvg/b06m/mcs50_b06m_s25.A65 fileNameGt=../graphsdb/mcs50/bvg/b06m/mcs50_b06m_s25.B65
Reading graphs...
25 :  70
25 :  71
Initializing...
maxdom : 25
D->valSize : 625
Solving...
currentSize : 7 <-- 0.004783 s
currentSize : 9 <-- 0.004823 s
currentSize : 10 <-- 0.004854 s
currentSize : 11 <-- 0.005078 s
currentSize : 12 <-- 0.005703 s
currentSize : 13 <-- 0.012742 s
currentSize : 14 <-- 0.021810 s
currentSize : 15 <-- 0.284025 s
currentSize : 16 <-- 2.874050 s

maxsize : 16
nodes : 665928.000000
filtered : 16630178.000000
CCGP filtered : 881064.000000
CCGT filtered : 540811.000000
time : 7.773007
