Parameters: GAD=1 vflib=1 dir=0 label=0 lowerbound=1 fileNameGp=../graphsdb/mcs50/bvg/b03/mcs50_b03_s35.A25 fileNameGt=../graphsdb/mcs50/bvg/b03/mcs50_b03_s35.B25
Reading graphs...
35 :  52
35 :  52
Initializing...
maxdom : 35
D->valSize : 1225
Solving...
currentSize : 16 <-- 0.021056 s
currentSize : 17 <-- 0.021886 s
currentSize : 18 <-- 0.042122 s
currentSize : 19 <-- 0.045292 s
currentSize : 20 <-- 0.238509 s
currentSize : 21 <-- 0.357102 s
currentSize : 22 <-- 1.520990 s
currentSize : 23 <-- 2.167748 s
currentSize : 24 <-- 2.283178 s
currentSize : 25 <-- 74.533623 s

maxsize : 25
nodes : 6491829.000000
filtered : 244474503.000000
CCGP filtered : 106770455.000000
CCGT filtered : 79417515.000000
time : 182.135559
