Parameters: GAD=1 vflib=1 dir=0 label=0 lowerbound=1 fileNameGp=../graphsdb/mcs50/bvg/b09/mcs50_b09_s30.A84 fileNameGt=../graphsdb/mcs50/bvg/b09/mcs50_b09_s30.B84
Reading graphs...
30 :  129
30 :  129
Initializing...
maxdom : 30
D->valSize : 900
Solving...
currentSize : 9 <-- 0.017025 s
currentSize : 10 <-- 0.017242 s
currentSize : 11 <-- 0.017351 s
currentSize : 12 <-- 0.018579 s
currentSize : 13 <-- 0.077770 s
currentSize : 14 <-- 0.607161 s
currentSize : 15 <-- 1.028527 s
currentSize : 16 <-- 8.427661 s
currentSize : 17 <-- 24.259430 s

maxsize : 17
nodes : 9172602.000000
filtered : 234664090.000000
CCGP filtered : 3385513.000000
CCGT filtered : 4690219.000000
time : 104.601517
