Parameters: GAD=1 vflib=1 dir=0 label=0 lowerbound=1 fileNameGp=../graphsdb/mcs50/m4D/m4D/mcs50_m4D_s35.A04 fileNameGt=../graphsdb/mcs50/m4D/m4D/mcs50_m4D_s35.B04
Reading graphs...
35 :  63
35 :  63
Initializing...
maxdom : 35
D->valSize : 1225
Solving...
currentSize : 7 <-- 0.020508 s
currentSize : 12 <-- 0.020672 s
currentSize : 14 <-- 0.020705 s
currentSize : 15 <-- 0.020905 s
currentSize : 16 <-- 0.021120 s
currentSize : 17 <-- 0.023208 s
currentSize : 18 <-- 0.026489 s
currentSize : 19 <-- 0.044972 s
currentSize : 20 <-- 0.209949 s
currentSize : 21 <-- 0.528260 s
currentSize : 22 <-- 0.894312 s
currentSize : 23 <-- 1.603307 s
currentSize : 24 <-- 2.629150 s
currentSize : 25 <-- 15.197993 s

maxsize : 25
nodes : 3029550.000000
filtered : 126383848.000000
CCGP filtered : 54830939.000000
CCGT filtered : 30436226.000000
time : 99.077309
