Parameters: GAD=1 vflib=1 dir=0 label=0 lowerbound=1 fileNameGp=../graphsdb/mcs50/m2D/m2D/mcs50_m2D_s30.A78 fileNameGt=../graphsdb/mcs50/m2D/m2D/mcs50_m2D_s30.B78
Reading graphs...
30 :  49
30 :  48
Initializing...
maxdom : 30
D->valSize : 900
Solving...
currentSize : 10 <-- 0.011044 s
currentSize : 14 <-- 0.011215 s
currentSize : 16 <-- 0.011695 s
currentSize : 17 <-- 0.011714 s
currentSize : 18 <-- 0.017988 s
currentSize : 19 <-- 0.109614 s
currentSize : 20 <-- 0.699889 s
currentSize : 21 <-- 4.709529 s
currentSize : 22 <-- 15.410057 s

maxsize : 22
nodes : 1036926.000000
filtered : 31346268.000000
CCGP filtered : 7865433.000000
CCGT filtered : 5771317.000000
time : 25.111803
