Parameters: GAD=1 vflib=1 dir=0 label=0 lowerbound=1 fileNameGp=../graphsdb/mcs50/bvg/b06/mcs50_b06_s35.A02 fileNameGt=../graphsdb/mcs50/bvg/b06/mcs50_b06_s35.B02
Reading graphs...
35 :  104
35 :  102
Initializing...
maxdom : 35
D->valSize : 1225
Solving...
currentSize : 10 <-- 0.033796 s
currentSize : 11 <-- 0.033852 s
currentSize : 12 <-- 0.033945 s
currentSize : 13 <-- 0.034391 s
currentSize : 14 <-- 0.034426 s
currentSize : 15 <-- 0.035533 s
currentSize : 16 <-- 0.036270 s
currentSize : 17 <-- 0.065728 s
currentSize : 18 <-- 0.256569 s
currentSize : 19 <-- 0.350820 s
currentSize : 20 <-- 22.359325 s
currentSize : 21 <-- 119.945038 s
currentSize : 22 <-- 266.577271 s
currentSize : 23 <-- 374.976715 s

maxsize : 23
nodes : 35060746.000000
filtered : 1236146469.000000
CCGP filtered : 43801489.000000
CCGT filtered : 48543183.000000
time : 618.041687
