Parameters: GAD=1 vflib=1 dir=0 label=0 lowerbound=1 fileNameGp=../graphsdb/mcs50/m4D/m4D/mcs50_m4D_s30.A09 fileNameGt=../graphsdb/mcs50/m4D/m4D/mcs50_m4D_s30.B09
Reading graphs...
30 :  55
30 :  55
Initializing...
maxdom : 30
D->valSize : 900
Solving...
currentSize : 8 <-- 0.019451 s
currentSize : 9 <-- 0.019773 s
currentSize : 14 <-- 0.021768 s
currentSize : 15 <-- 0.022474 s
currentSize : 16 <-- 0.045026 s
currentSize : 17 <-- 0.045863 s
currentSize : 18 <-- 0.050932 s
currentSize : 19 <-- 0.085745 s
currentSize : 20 <-- 0.091142 s
currentSize : 21 <-- 2.030392 s

maxsize : 21
nodes : 422540.000000
filtered : 15794904.000000
CCGP filtered : 7090003.000000
CCGT filtered : 5496202.000000
time : 8.796905
