Parameters: GAD=1 vflib=1 dir=0 label=0 lowerbound=1 fileNameGp=../graphsdb/mcs50/rand/r005/mcs50_r005_s35.A21 fileNameGt=../graphsdb/mcs50/rand/r005/mcs50_r005_s35.B21
Reading graphs...
35 :  62
35 :  61
Initializing...
maxdom : 35
D->valSize : 1225
Solving...
currentSize : 15 <-- 0.037005 s
currentSize : 16 <-- 0.037123 s
currentSize : 18 <-- 0.037295 s
currentSize : 19 <-- 0.039046 s
currentSize : 20 <-- 0.076145 s
currentSize : 21 <-- 0.652870 s
currentSize : 22 <-- 1.933519 s
currentSize : 23 <-- 16.118702 s
currentSize : 24 <-- 177.696716 s

maxsize : 24
nodes : 19128787.000000
filtered : 725074540.000000
CCGP filtered : 155715474.000000
CCGT filtered : 145613428.000000
time : 509.791046
