Parameters: GAD=1 vflib=1 dir=0 label=0 lowerbound=1 fileNameGp=../graphsdb/mcs50/m4D/m4Dr2/mcs50_m4Dr2_s30.A86 fileNameGt=../graphsdb/mcs50/m4D/m4Dr2/mcs50_m4Dr2_s30.B86
Reading graphs...
30 :  60
30 :  61
Initializing...
maxdom : 30
D->valSize : 900
Solving...
currentSize : 9 <-- 0.010735 s
currentSize : 11 <-- 0.010959 s
currentSize : 12 <-- 0.011169 s
currentSize : 13 <-- 0.011766 s
currentSize : 14 <-- 0.013414 s
currentSize : 15 <-- 0.015503 s
currentSize : 16 <-- 0.023665 s
currentSize : 17 <-- 0.031556 s
currentSize : 18 <-- 0.038517 s
currentSize : 19 <-- 0.136276 s
currentSize : 20 <-- 1.356695 s
currentSize : 21 <-- 3.698443 s

maxsize : 21
nodes : 1591800.000000
filtered : 56556979.000000
CCGP filtered : 13712326.000000
CCGT filtered : 9246006.000000
time : 35.565273
