Parameters: GAD=1 vflib=1 dir=0 label=0 lowerbound=1 fileNameGp=../graphsdb/mcs50/bvg/b06/mcs50_b06_s35.A83 fileNameGt=../graphsdb/mcs50/bvg/b06/mcs50_b06_s35.B83
Reading graphs...
35 :  105
35 :  104
Initializing...
maxdom : 35
D->valSize : 1225
Solving...
currentSize : 12 <-- 0.019504 s
currentSize : 14 <-- 0.019692 s
currentSize : 15 <-- 0.022819 s
currentSize : 16 <-- 0.026650 s
currentSize : 17 <-- 0.027521 s
currentSize : 18 <-- 0.030285 s
currentSize : 19 <-- 0.111634 s
currentSize : 20 <-- 2.649640 s
currentSize : 21 <-- 381.492706 s

maxsize : 21
nodes : 112525611.000000
filtered : 3940569856.000000
CCGP filtered : 287235068.000000
CCGT filtered : 181860265.000000
time : 1890.470703
