Parameters: GAD=1 vflib=1 dir=0 label=0 lowerbound=1 fileNameGp=../graphsdb/mcs50/m2D/m2Dr6/mcs50_m2Dr6_s30.A44 fileNameGt=../graphsdb/mcs50/m2D/m2Dr6/mcs50_m2Dr6_s30.B44
Reading graphs...
30 :  67
30 :  67
Initializing...
maxdom : 30
D->valSize : 900
Solving...
currentSize : 12 <-- 0.018871 s
currentSize : 13 <-- 0.019076 s
currentSize : 14 <-- 0.019297 s
currentSize : 15 <-- 0.019479 s
currentSize : 16 <-- 0.022631 s
currentSize : 17 <-- 0.026298 s
currentSize : 18 <-- 0.746091 s
currentSize : 19 <-- 8.657588 s
currentSize : 20 <-- 24.161272 s

maxsize : 20
nodes : 4838637.000000
filtered : 140022133.000000
CCGP filtered : 10097554.000000
CCGT filtered : 6899441.000000
time : 80.270241
