Parameters: GAD=1 vflib=1 dir=0 label=0 lowerbound=1 fileNameGp=../graphsdb/mcs50/rand/r005/mcs50_r005_s35.A64 fileNameGt=../graphsdb/mcs50/rand/r005/mcs50_r005_s35.B64
Reading graphs...
35 :  61
35 :  62
Initializing...
maxdom : 35
D->valSize : 1225
Solving...
currentSize : 10 <-- 0.025310 s
currentSize : 12 <-- 0.025389 s
currentSize : 13 <-- 0.025488 s
currentSize : 16 <-- 0.025758 s
currentSize : 17 <-- 0.026816 s
currentSize : 18 <-- 0.037211 s
currentSize : 19 <-- 0.193538 s
currentSize : 20 <-- 0.361044 s
currentSize : 22 <-- 2.477496 s
currentSize : 23 <-- 10.075132 s

maxsize : 23
nodes : 28244242.000000
filtered : 968895266.000000
CCGP filtered : 393750909.000000
CCGT filtered : 288684568.000000
time : 610.863586
