Parameters: GAD=1 vflib=1 dir=0 label=0 lowerbound=1 fileNameGp=../graphsdb/mcs50/m4D/m4Dr4/mcs50_m4Dr4_s35.A11 fileNameGt=../graphsdb/mcs50/m4D/m4Dr4/mcs50_m4Dr4_s35.B11
Reading graphs...
35 :  73
35 :  74
Initializing...
maxdom : 35
D->valSize : 1225
Solving...
currentSize : 15 <-- 0.035677 s
currentSize : 16 <-- 0.036074 s
currentSize : 17 <-- 0.036466 s
currentSize : 18 <-- 0.041208 s
currentSize : 19 <-- 0.077924 s
currentSize : 20 <-- 0.087927 s
currentSize : 21 <-- 0.421101 s
currentSize : 22 <-- 2.045661 s
currentSize : 23 <-- 75.802147 s

maxsize : 23
nodes : 25269631.000000
filtered : 934743832.000000
CCGP filtered : 248032541.000000
CCGT filtered : 141150555.000000
time : 556.014465
