Parameters: GAD=1 vflib=1 dir=0 label=0 lowerbound=1 fileNameGp=../graphsdb/mcs50/m4D/m4Dr6/mcs50_m4Dr6_s35.A86 fileNameGt=../graphsdb/mcs50/m4D/m4Dr6/mcs50_m4Dr6_s35.B86
Reading graphs...
35 :  84
35 :  81
Initializing...
maxdom : 35
D->valSize : 1225
Solving...
currentSize : 12 <-- 0.035499 s
currentSize : 13 <-- 0.035630 s
currentSize : 16 <-- 0.035948 s
currentSize : 17 <-- 0.037374 s
currentSize : 18 <-- 0.038230 s
currentSize : 19 <-- 0.143792 s
currentSize : 20 <-- 0.494420 s
currentSize : 21 <-- 3.296207 s
currentSize : 22 <-- 5.926057 s
currentSize : 23 <-- 97.741440 s

maxsize : 23
nodes : 46820027.000000
filtered : 1729086560.000000
CCGP filtered : 246077550.000000
CCGT filtered : 78638836.000000
time : 1107.983398
