Parameters: GAD=1 vflib=1 dir=0 label=0 lowerbound=1 fileNameGp=../graphsdb/mcs50/bvg/b03/mcs50_b03_s30.A47 fileNameGt=../graphsdb/mcs50/bvg/b03/mcs50_b03_s30.B47
Reading graphs...
30 :  45
30 :  45
Initializing...
maxdom : 30
D->valSize : 900
Solving...
currentSize : 14 <-- 0.011069 s
currentSize : 15 <-- 0.011193 s
currentSize : 16 <-- 0.011361 s
currentSize : 17 <-- 0.011794 s
currentSize : 18 <-- 0.040434 s
currentSize : 19 <-- 0.050166 s
currentSize : 20 <-- 0.166035 s
currentSize : 21 <-- 0.193238 s
currentSize : 22 <-- 9.194673 s

maxsize : 22
nodes : 748118.000000
filtered : 25145205.000000
CCGP filtered : 9156748.000000
CCGT filtered : 3862186.000000
time : 16.345476
