Parameters: GAD=1 vflib=1 dir=0 label=0 lowerbound=1 fileNameGp=../graphsdb/mcs50/bvg/b03/mcs50_b03_s35.A23 fileNameGt=../graphsdb/mcs50/bvg/b03/mcs50_b03_s35.B23
Reading graphs...
35 :  52
35 :  52
Initializing...
maxdom : 35
D->valSize : 1225
Solving...
currentSize : 17 <-- 0.021168 s
currentSize : 18 <-- 0.021269 s
currentSize : 19 <-- 0.021304 s
currentSize : 20 <-- 0.023331 s
currentSize : 21 <-- 0.037072 s
currentSize : 22 <-- 0.037312 s
currentSize : 23 <-- 0.037542 s
currentSize : 24 <-- 0.151907 s
currentSize : 25 <-- 4.304894 s
currentSize : 26 <-- 44.399952 s

maxsize : 26
nodes : 2570672.000000
filtered : 95999356.000000
CCGP filtered : 52847117.000000
CCGT filtered : 24067311.000000
time : 74.713646
