Parameters: GAD=1 vflib=1 dir=0 label=0 lowerbound=1 fileNameGp=../graphsdb/mcs50/bvg/b03m/mcs50_b03m_s30.A93 fileNameGt=../graphsdb/mcs50/bvg/b03m/mcs50_b03m_s30.B93
Reading graphs...
30 :  45
30 :  45
Initializing...
maxdom : 30
D->valSize : 900
Solving...
currentSize : 9 <-- 0.011402 s
currentSize : 11 <-- 0.011460 s
currentSize : 12 <-- 0.011671 s
currentSize : 15 <-- 0.011714 s
currentSize : 16 <-- 0.013225 s
currentSize : 17 <-- 0.025080 s
currentSize : 18 <-- 0.082526 s
currentSize : 20 <-- 0.083999 s
currentSize : 21 <-- 2.646723 s
currentSize : 22 <-- 8.726493 s

maxsize : 22
nodes : 752659.000000
filtered : 23340571.000000
CCGP filtered : 17239538.000000
CCGT filtered : 11574392.000000
time : 12.455594
