Parameters: GAD=1 vflib=1 dir=0 label=0 lowerbound=1 fileNameGp=../graphsdb/mcs50/rand/r005/mcs50_r005_s35.A31 fileNameGt=../graphsdb/mcs50/rand/r005/mcs50_r005_s35.B31
Reading graphs...
35 :  61
35 :  61
Initializing...
maxdom : 35
D->valSize : 1225
Solving...
currentSize : 16 <-- 0.020865 s
currentSize : 17 <-- 0.020950 s
currentSize : 18 <-- 0.021423 s
currentSize : 19 <-- 0.044897 s
currentSize : 20 <-- 0.045618 s
currentSize : 21 <-- 0.045853 s
currentSize : 22 <-- 0.062687 s
currentSize : 23 <-- 0.092366 s
currentSize : 24 <-- 36.736439 s
currentSize : 25 <-- 39.696869 s

maxsize : 25
nodes : 9347917.000000
filtered : 347044577.000000
CCGP filtered : 51997815.000000
CCGT filtered : 34450466.000000
time : 196.570724
