Parameters: GAD=1 vflib=1 dir=0 label=0 lowerbound=1 fileNameGp=../graphsdb/mcs50/m2D/m2Dr4/mcs50_m2Dr4_s30.A10 fileNameGt=../graphsdb/mcs50/m2D/m2Dr4/mcs50_m2Dr4_s30.B10
Reading graphs...
30 :  60
30 :  60
Initializing...
maxdom : 30
D->valSize : 900
Solving...
currentSize : 11 <-- 0.010580 s
currentSize : 13 <-- 0.010617 s
currentSize : 14 <-- 0.010694 s
currentSize : 15 <-- 0.010788 s
currentSize : 16 <-- 0.017497 s
currentSize : 17 <-- 0.019781 s
currentSize : 18 <-- 0.041729 s
currentSize : 19 <-- 0.082074 s
currentSize : 20 <-- 8.911588 s

maxsize : 20
nodes : 3306646.000000
filtered : 97307919.000000
CCGP filtered : 14984075.000000
CCGT filtered : 11254678.000000
time : 60.068577
