Parameters: GAD=1 vflib=1 dir=0 label=0 lowerbound=1 fileNameGp=../graphsdb/mcs50/m4D/m4D/mcs50_m4D_s35.A88 fileNameGt=../graphsdb/mcs50/m4D/m4D/mcs50_m4D_s35.B88
Reading graphs...
35 :  62
35 :  62
Initializing...
maxdom : 35
D->valSize : 1225
Solving...
currentSize : 17 <-- 0.036692 s
currentSize : 18 <-- 0.036813 s
currentSize : 19 <-- 0.037251 s
currentSize : 20 <-- 0.079714 s
currentSize : 21 <-- 0.100934 s
currentSize : 22 <-- 0.446129 s
currentSize : 23 <-- 2.209043 s
currentSize : 24 <-- 2.270770 s
currentSize : 25 <-- 15.956191 s

maxsize : 25
nodes : 2684119.000000
filtered : 111126336.000000
CCGP filtered : 74236178.000000
CCGT filtered : 32560897.000000
time : 100.605247
