Parameters: GAD=1 vflib=1 dir=0 label=0 lowerbound=1 fileNameGp=../graphsdb/mcs70/bvg/b09/mcs70_b09_s30.A60 fileNameGt=../graphsdb/mcs70/bvg/b09/mcs70_b09_s30.B60
Reading graphs...
30 :  131
30 :  134
Initializing...
maxdom : 30
D->valSize : 900
Solving...
currentSize : 10 <-- 0.010023 s
currentSize : 11 <-- 0.010225 s
currentSize : 12 <-- 0.010417 s
currentSize : 13 <-- 0.010719 s
currentSize : 14 <-- 0.011029 s
currentSize : 15 <-- 0.156452 s
currentSize : 16 <-- 0.197704 s
currentSize : 17 <-- 0.198446 s
currentSize : 20 <-- 0.497005 s
currentSize : 21 <-- 1.288268 s

maxsize : 21
nodes : 478688.000000
filtered : 19530139.000000
CCGP filtered : 36179.000000
CCGT filtered : 291476.000000
time : 6.492747
