Parameters: GAD=1 vflib=1 dir=0 label=0 lowerbound=1 fileNameGp=../graphsdb/mcs70/bvg/b03m/mcs70_b03m_s35.A55 fileNameGt=../graphsdb/mcs70/bvg/b03m/mcs70_b03m_s35.B55
Reading graphs...
35 :  52
35 :  52
Initializing...
maxdom : 35
D->valSize : 1225
Solving...
currentSize : 18 <-- 0.036646 s
currentSize : 20 <-- 0.036824 s
currentSize : 21 <-- 0.038276 s
currentSize : 22 <-- 0.078963 s
currentSize : 23 <-- 0.740017 s
currentSize : 24 <-- 3.538881 s
currentSize : 25 <-- 5.199822 s
currentSize : 26 <-- 10.196596 s
currentSize : 27 <-- 11.939848 s

maxsize : 27
nodes : 1296444.000000
filtered : 54270679.000000
CCGP filtered : 30374297.000000
CCGT filtered : 12254799.000000
time : 58.026276
