Parameters: GAD=1 vflib=1 dir=0 label=0 lowerbound=1 fileNameGp=../graphsdb/mcs70/bvg/b03m/mcs70_b03m_s20.A97 fileNameGt=../graphsdb/mcs70/bvg/b03m/mcs70_b03m_s20.B97
Reading graphs...
20 :  28
20 :  28
Initializing...
maxdom : 20
D->valSize : 400
Solving...
currentSize : 7 <-- 0.002263 s
currentSize : 8 <-- 0.002293 s
currentSize : 10 <-- 0.002333 s
currentSize : 11 <-- 0.002428 s
currentSize : 12 <-- 0.002840 s
currentSize : 13 <-- 0.003192 s
currentSize : 14 <-- 0.009297 s
currentSize : 15 <-- 0.041473 s
currentSize : 16 <-- 0.086917 s

maxsize : 16
nodes : 10531.000000
filtered : 235260.000000
CCGP filtered : 81294.000000
CCGT filtered : 48111.000000
time : 0.140889
