Parameters: GAD=1 vflib=1 dir=0 label=0 lowerbound=1 fileNameGp=../graphsdb/mcs70/m2D/m2Dr4/mcs70_m2Dr4_s35.A27 fileNameGt=../graphsdb/mcs70/m2D/m2Dr4/mcs70_m2Dr4_s35.B27
Reading graphs...
35 :  70
35 :  70
Initializing...
maxdom : 35
D->valSize : 1225
Solving...
currentSize : 17 <-- 0.035955 s
currentSize : 18 <-- 0.036132 s
currentSize : 19 <-- 0.036452 s
currentSize : 20 <-- 0.037581 s
currentSize : 21 <-- 0.038108 s
currentSize : 22 <-- 0.056561 s
currentSize : 23 <-- 13.616854 s
currentSize : 24 <-- 138.234924 s
currentSize : 25 <-- 138.295807 s

maxsize : 25
nodes : 15051525.000000
filtered : 623915057.000000
CCGP filtered : 59337625.000000
CCGT filtered : 51463135.000000
time : 411.033081
