Parameters: GAD=1 vflib=1 dir=0 label=0 lowerbound=1 fileNameGp=../graphsdb/mcs70/m3D/m3Dr4/mcs70_m3Dr4_s35.A69 fileNameGt=../graphsdb/mcs70/m3D/m3Dr4/mcs70_m3Dr4_s35.B69
Reading graphs...
35 :  85
35 :  84
Initializing...
maxdom : 35
D->valSize : 1225
Solving...
currentSize : 16 <-- 0.020058 s
currentSize : 17 <-- 0.020381 s
currentSize : 18 <-- 0.021116 s
currentSize : 19 <-- 0.030564 s
currentSize : 20 <-- 0.254427 s
currentSize : 21 <-- 0.547549 s
currentSize : 22 <-- 293.922058 s
currentSize : 23 <-- 772.461365 s
currentSize : 27 <-- 847.454041 s

maxsize : 27
nodes : 47856560.000000
filtered : 1405051794.000000
CCGP filtered : 88236297.000000
CCGT filtered : 71193209.000000
time : 869.290649
