Parameters: GAD=1 vflib=1 dir=0 label=0 lowerbound=1 fileNameGp=../graphsdb/mcs70/rand/r01/mcs70_r01_s35.A77 fileNameGt=../graphsdb/mcs70/rand/r01/mcs70_r01_s35.B77
Reading graphs...
35 :  110
35 :  111
Initializing...
maxdom : 35
D->valSize : 1225
Solving...
currentSize : 12 <-- 0.019020 s
currentSize : 13 <-- 0.019152 s
currentSize : 14 <-- 0.019737 s
currentSize : 15 <-- 0.020979 s
currentSize : 16 <-- 0.023594 s
currentSize : 17 <-- 0.027437 s
currentSize : 18 <-- 0.067317 s
currentSize : 19 <-- 0.172452 s
currentSize : 20 <-- 81.700127 s
currentSize : 21 <-- 692.082947 s
currentSize : 22 <-- 1209.929932 s
currentSize : 24 <-- 1338.671265 s

maxsize : 24
nodes : 93163912.000000
filtered : 2804774922.000000
CCGP filtered : 97054993.000000
CCGT filtered : 103934863.000000
time : 1385.091431
