Parameters: GAD=1 vflib=1 dir=0 label=0 lowerbound=1 fileNameGp=../graphsdb/mcs70/bvg/b09/mcs70_b09_s30.A28 fileNameGt=../graphsdb/mcs70/bvg/b09/mcs70_b09_s30.B28
Reading graphs...
30 :  134
30 :  134
Initializing...
maxdom : 30
D->valSize : 900
Solving...
currentSize : 9 <-- 0.009996 s
currentSize : 10 <-- 0.010161 s
currentSize : 11 <-- 0.012242 s
currentSize : 12 <-- 0.017683 s
currentSize : 13 <-- 0.025495 s
currentSize : 14 <-- 0.095303 s
currentSize : 15 <-- 1.871148 s
currentSize : 16 <-- 72.275475 s
currentSize : 17 <-- 72.276497 s
currentSize : 18 <-- 82.785400 s
currentSize : 19 <-- 83.004944 s
currentSize : 20 <-- 84.286163 s
currentSize : 21 <-- 86.386055 s

maxsize : 21
nodes : 8612142.000000
filtered : 155427831.000000
CCGP filtered : 1874297.000000
CCGT filtered : 1681006.000000
time : 90.567909
