Parameters: GAD=1 vflib=1 dir=0 label=0 lowerbound=1 fileNameGp=../graphsdb/mcs70/bvg/b09/mcs70_b09_s30.A92 fileNameGt=../graphsdb/mcs70/bvg/b09/mcs70_b09_s30.B92
Reading graphs...
30 :  133
30 :  132
Initializing...
maxdom : 30
D->valSize : 900
Solving...
currentSize : 11 <-- 0.009694 s
currentSize : 12 <-- 0.011649 s
currentSize : 13 <-- 0.024789 s
currentSize : 14 <-- 0.099078 s
currentSize : 15 <-- 0.264226 s
currentSize : 16 <-- 0.317135 s
currentSize : 17 <-- 0.317258 s
currentSize : 18 <-- 0.560253 s
currentSize : 19 <-- 0.575585 s
currentSize : 20 <-- 1.161851 s
currentSize : 21 <-- 1.317876 s

maxsize : 21
nodes : 401750.000000
filtered : 16761591.000000
CCGP filtered : 48956.000000
CCGT filtered : 208022.000000
time : 5.710232
