Parameters: GAD=1 vflib=1 dir=0 label=0 lowerbound=1 fileNameGp=../graphsdb/mcs70/bvg/b09m/mcs70_b09m_s35.A37 fileNameGt=../graphsdb/mcs70/bvg/b09m/mcs70_b09m_s35.B37
Reading graphs...
35 :  151
35 :  152
Initializing...
maxdom : 35
D->valSize : 1225
Solving...
currentSize : 11 <-- 0.031633 s
currentSize : 12 <-- 0.031774 s
currentSize : 13 <-- 0.032103 s
currentSize : 14 <-- 0.045175 s
currentSize : 15 <-- 0.075256 s
currentSize : 16 <-- 0.902735 s
currentSize : 17 <-- 4.887859 s
currentSize : 18 <-- 12.180686 s
currentSize : 19 <-- 12.180744 s
currentSize : 20 <-- 12.181185 s
currentSize : 24 <-- 12.529830 s

maxsize : 24
nodes : 2775622.000000
filtered : 116891573.000000
CCGP filtered : 1762242.000000
CCGT filtered : 2249319.000000
time : 44.583492
