Parameters: GAD=1 vflib=1 dir=0 label=0 lowerbound=1 fileNameGp=../graphsdb/mcs70/rand/r01/mcs70_r01_s35.A48 fileNameGt=../graphsdb/mcs70/rand/r01/mcs70_r01_s35.B48
Reading graphs...
35 :  115
35 :  113
Initializing...
maxdom : 35
D->valSize : 1225
Solving...
currentSize : 14 <-- 0.020315 s
currentSize : 15 <-- 0.020862 s
currentSize : 16 <-- 0.031164 s
currentSize : 17 <-- 0.065341 s
currentSize : 18 <-- 5.539294 s
currentSize : 19 <-- 11.839138 s
currentSize : 20 <-- 136.870071 s
currentSize : 21 <-- 1876.287720 s
currentSize : 23 <-- 1876.303101 s
currentSize : 24 <-- 1876.591187 s

maxsize : 24
nodes : 127702687.000000
filtered : 3670435233.000000
CCGP filtered : 98447044.000000
CCGT filtered : 151442445.000000
time : 1937.726807
