Parameters: GAD=1 vflib=1 dir=0 label=0 lowerbound=1 fileNameGp=../graphsdb/mcs70/bvg/b06m/mcs70_b06m_s30.A86 fileNameGt=../graphsdb/mcs70/bvg/b06m/mcs70_b06m_s30.B86
Reading graphs...
30 :  89
30 :  87
Initializing...
maxdom : 30
D->valSize : 900
Solving...
currentSize : 11 <-- 0.018151 s
currentSize : 13 <-- 0.018246 s
currentSize : 14 <-- 0.018433 s
currentSize : 15 <-- 0.018701 s
currentSize : 16 <-- 0.085264 s
currentSize : 17 <-- 0.542154 s
currentSize : 18 <-- 0.712124 s
currentSize : 20 <-- 5.931612 s
currentSize : 21 <-- 11.516434 s

maxsize : 21
nodes : 962634.000000
filtered : 33922127.000000
CCGP filtered : 2942320.000000
CCGT filtered : 1490367.000000
time : 14.036092
