Parameters: GAD=1 vflib=1 dir=0 label=0 lowerbound=1 fileNameGp=../graphsdb/mcs70/bvg/b09/mcs70_b09_s25.A04 fileNameGt=../graphsdb/mcs70/bvg/b09/mcs70_b09_s25.B04
Reading graphs...
25 :  110
25 :  108
Initializing...
maxdom : 25
D->valSize : 625
Solving...
currentSize : 9 <-- 0.004563 s
currentSize : 10 <-- 0.004652 s
currentSize : 11 <-- 0.004848 s
currentSize : 12 <-- 0.006870 s
currentSize : 13 <-- 0.015697 s
currentSize : 14 <-- 0.019354 s
currentSize : 16 <-- 0.039946 s
currentSize : 17 <-- 0.076641 s
currentSize : 18 <-- 0.284464 s

maxsize : 18
nodes : 122381.000000
filtered : 3537664.000000
CCGP filtered : 3212.000000
CCGT filtered : 4413.000000
time : 1.278817
