Parameters: GAD=1 vflib=1 dir=0 label=0 lowerbound=1 fileNameGp=../graphsdb/mcs70/bvg/b06/mcs70_b06_s35.A07 fileNameGt=../graphsdb/mcs70/bvg/b06/mcs70_b06_s35.B07
Reading graphs...
35 :  105
35 :  102
Initializing...
maxdom : 35
D->valSize : 1225
Solving...
currentSize : 13 <-- 0.033230 s
currentSize : 14 <-- 0.033425 s
currentSize : 15 <-- 0.034914 s
currentSize : 16 <-- 0.037895 s
currentSize : 17 <-- 0.043311 s
currentSize : 18 <-- 0.093150 s
currentSize : 19 <-- 0.303233 s
currentSize : 20 <-- 0.303929 s
currentSize : 21 <-- 0.567224 s
currentSize : 22 <-- 1.087336 s
currentSize : 23 <-- 5.737593 s
currentSize : 24 <-- 6.795518 s
currentSize : 25 <-- 6.873656 s
currentSize : 26 <-- 19.038420 s

maxsize : 26
nodes : 1862078.000000
filtered : 89087255.000000
CCGP filtered : 1606603.000000
CCGT filtered : 2098171.000000
time : 46.815632
