Parameters: GAD=1 vflib=1 dir=0 label=0 lowerbound=1 fileNameGp=../graphsdb/mcs70/rand/r01/mcs70_r01_s30.A52 fileNameGt=../graphsdb/mcs70/rand/r01/mcs70_r01_s30.B52
Reading graphs...
30 :  80
30 :  80
Initializing...
maxdom : 30
D->valSize : 900
Solving...
currentSize : 11 <-- 0.018032 s
currentSize : 12 <-- 0.018294 s
currentSize : 13 <-- 0.018528 s
currentSize : 14 <-- 0.020474 s
currentSize : 15 <-- 0.060265 s
currentSize : 16 <-- 0.077109 s
currentSize : 17 <-- 1.106323 s
currentSize : 18 <-- 1.106628 s
currentSize : 19 <-- 128.984695 s
currentSize : 21 <-- 147.072327 s

maxsize : 21
nodes : 11603941.000000
filtered : 308573884.000000
CCGP filtered : 16174711.000000
CCGT filtered : 11669420.000000
time : 153.757050
