Parameters: GAD=1 vflib=1 dir=0 label=0 lowerbound=1 fileNameGp=../graphsdb/mcs70/bvg/b09m/mcs70_b09m_s35.A43 fileNameGt=../graphsdb/mcs70/bvg/b09m/mcs70_b09m_s35.B43
Reading graphs...
35 :  148
35 :  147
Initializing...
maxdom : 35
D->valSize : 1225
Solving...
currentSize : 11 <-- 0.018066 s
currentSize : 12 <-- 0.018131 s
currentSize : 13 <-- 0.018526 s
currentSize : 14 <-- 0.018712 s
currentSize : 15 <-- 0.049854 s
currentSize : 16 <-- 0.104333 s
currentSize : 17 <-- 0.426729 s
currentSize : 18 <-- 548.927307 s
currentSize : 20 <-- 548.927490 s
currentSize : 22 <-- 633.149109 s
currentSize : 24 <-- 633.149353 s

maxsize : 24
nodes : 54189118.000000
filtered : 1189399850.000000
CCGP filtered : 20015588.000000
CCGT filtered : 19533325.000000
time : 681.044739
