Parameters: GAD=1 vflib=1 dir=0 label=0 lowerbound=1 fileNameGp=../graphsdb/mcs70/bvg/b06m/mcs70_b06m_s30.A25 fileNameGt=../graphsdb/mcs70/bvg/b06m/mcs70_b06m_s30.B25
Reading graphs...
30 :  85
30 :  86
Initializing...
maxdom : 30
D->valSize : 900
Solving...
currentSize : 11 <-- 0.010229 s
currentSize : 12 <-- 0.010417 s
currentSize : 13 <-- 0.010619 s
currentSize : 14 <-- 0.010999 s
currentSize : 15 <-- 0.011353 s
currentSize : 16 <-- 0.011552 s
currentSize : 17 <-- 0.786923 s
currentSize : 19 <-- 0.817161 s
currentSize : 20 <-- 17.069380 s
currentSize : 21 <-- 17.069489 s

maxsize : 21
nodes : 1677197.000000
filtered : 60314972.000000
CCGP filtered : 2727509.000000
CCGT filtered : 2326879.000000
time : 26.341980
