Parameters: GAD=1 vflib=1 dir=0 label=0 lowerbound=1 fileNameGp=../graphsdb/mcs70/bvg/b06m/mcs70_b06m_s30.A80 fileNameGt=../graphsdb/mcs70/bvg/b06m/mcs70_b06m_s30.B80
Reading graphs...
30 :  87
30 :  86
Initializing...
maxdom : 30
D->valSize : 900
Solving...
currentSize : 9 <-- 0.018114 s
currentSize : 10 <-- 0.018182 s
currentSize : 11 <-- 0.018326 s
currentSize : 12 <-- 0.018537 s
currentSize : 13 <-- 0.019932 s
currentSize : 14 <-- 0.020661 s
currentSize : 15 <-- 0.067576 s
currentSize : 16 <-- 0.108784 s
currentSize : 17 <-- 0.179879 s
currentSize : 18 <-- 7.889944 s
currentSize : 19 <-- 7.907223 s
currentSize : 20 <-- 11.384232 s
currentSize : 21 <-- 11.384528 s
currentSize : 22 <-- 11.387258 s
currentSize : 23 <-- 11.387641 s

maxsize : 23
nodes : 996009.000000
filtered : 28193608.000000
CCGP filtered : 1693615.000000
CCGT filtered : 1579626.000000
time : 13.204742
