Parameters: GAD=1 vflib=1 dir=0 label=0 lowerbound=1 fileNameGp=../graphsdb/mcs70/rand/r02/mcs70_r02_s35.A19 fileNameGt=../graphsdb/mcs70/rand/r02/mcs70_r02_s35.B19
Reading graphs...
35 :  214
35 :  215
Initializing...
maxdom : 35
D->valSize : 1225
Solving...
currentSize : 12 <-- 0.017293 s
currentSize : 13 <-- 0.021712 s
currentSize : 14 <-- 2.286791 s
currentSize : 15 <-- 213.842911 s
currentSize : 16 <-- 273.214508 s
currentSize : 17 <-- 273.214722 s
currentSize : 18 <-- 290.935822 s
currentSize : 20 <-- 290.936005 s
currentSize : 24 <-- 357.225403 s

maxsize : 24
nodes : 34319505.000000
filtered : 566134338.000000
CCGP filtered : 563702.000000
CCGT filtered : 551814.000000
time : 402.735901
