Parameters: GAD=1 vflib=1 dir=0 label=0 lowerbound=1 fileNameGp=../graphsdb/mcs70/bvg/b06m/mcs70_b06m_s30.A65 fileNameGt=../graphsdb/mcs70/bvg/b06m/mcs70_b06m_s30.B65
Reading graphs...
30 :  89
30 :  89
Initializing...
maxdom : 30
D->valSize : 900
Solving...
currentSize : 12 <-- 0.018052 s
currentSize : 13 <-- 0.018488 s
currentSize : 14 <-- 0.021161 s
currentSize : 15 <-- 0.032478 s
currentSize : 16 <-- 0.059116 s
currentSize : 17 <-- 0.636509 s
currentSize : 18 <-- 90.034241 s
currentSize : 19 <-- 110.785515 s
currentSize : 21 <-- 111.013741 s

maxsize : 21
nodes : 10769167.000000
filtered : 264666149.000000
CCGP filtered : 16215671.000000
CCGT filtered : 10576844.000000
time : 120.673988
