Parameters: GAD=1 vflib=1 dir=0 label=0 lowerbound=1 fileNameGp=../graphsdb/mcs70/m2D/m2Dr2/mcs70_m2Dr2_s25.A62 fileNameGt=../graphsdb/mcs70/m2D/m2Dr2/mcs70_m2Dr2_s25.B62
Reading graphs...
25 :  45
25 :  44
Initializing...
maxdom : 25
D->valSize : 625
Solving...
currentSize : 10 <-- 0.005233 s
currentSize : 11 <-- 0.005276 s
currentSize : 12 <-- 0.005307 s
currentSize : 13 <-- 0.005363 s
currentSize : 14 <-- 0.005437 s
currentSize : 15 <-- 0.006846 s
currentSize : 16 <-- 0.011734 s
currentSize : 17 <-- 0.015956 s
currentSize : 18 <-- 2.323066 s

maxsize : 18
nodes : 333310.000000
filtered : 8814937.000000
CCGP filtered : 2424790.000000
CCGT filtered : 1012553.000000
time : 5.586522
