Parameters: GAD=1 vflib=1 dir=0 label=0 lowerbound=1 fileNameGp=../graphsdb/mcs70/bvg/b03m/mcs70_b03m_s35.A03 fileNameGt=../graphsdb/mcs70/bvg/b03m/mcs70_b03m_s35.B03
Reading graphs...
35 :  52
35 :  52
Initializing...
maxdom : 35
D->valSize : 1225
Solving...
currentSize : 17 <-- 0.037386 s
currentSize : 19 <-- 0.037484 s
currentSize : 20 <-- 0.046580 s
currentSize : 21 <-- 0.098672 s
currentSize : 22 <-- 0.342226 s
currentSize : 23 <-- 0.415780 s
currentSize : 24 <-- 10.322098 s
currentSize : 25 <-- 43.952431 s
currentSize : 26 <-- 58.615959 s

maxsize : 26
nodes : 4636192.000000
filtered : 171016590.000000
CCGP filtered : 125747610.000000
CCGT filtered : 74385016.000000
time : 155.865967
