Parameters: GAD=1 vflib=1 dir=0 label=0 lowerbound=1 fileNameGp=../graphsdb/mcs70/bvg/b06/mcs70_b06_s35.A84 fileNameGt=../graphsdb/mcs70/bvg/b06/mcs70_b06_s35.B84
Reading graphs...
35 :  104
35 :  103
Initializing...
maxdom : 35
D->valSize : 1225
Solving...
currentSize : 17 <-- 0.019094 s
currentSize : 18 <-- 0.019297 s
currentSize : 19 <-- 0.020693 s
currentSize : 20 <-- 0.026103 s
currentSize : 21 <-- 0.042337 s
currentSize : 22 <-- 0.045561 s
currentSize : 23 <-- 0.046581 s
currentSize : 24 <-- 0.048451 s
currentSize : 25 <-- 37.060665 s

maxsize : 25
nodes : 4946630.000000
filtered : 249930343.000000
CCGP filtered : 10830406.000000
CCGT filtered : 4648635.000000
time : 133.580643
