Parameters: GAD=1 vflib=1 dir=0 label=0 lowerbound=1 fileNameGp=../graphsdb/mcs70/bvg/b06m/mcs70_b06m_s30.A87 fileNameGt=../graphsdb/mcs70/bvg/b06m/mcs70_b06m_s30.B87
Reading graphs...
30 :  88
30 :  88
Initializing...
maxdom : 30
D->valSize : 900
Solving...
currentSize : 11 <-- 0.010268 s
currentSize : 13 <-- 0.010345 s
currentSize : 14 <-- 0.010864 s
currentSize : 15 <-- 0.015205 s
currentSize : 16 <-- 0.138935 s
currentSize : 17 <-- 2.753155 s
currentSize : 18 <-- 26.006737 s
currentSize : 20 <-- 77.271194 s
currentSize : 21 <-- 77.271362 s

maxsize : 21
nodes : 6774999.000000
filtered : 174009712.000000
CCGP filtered : 5455648.000000
CCGT filtered : 7742861.000000
time : 91.232048
