Parameters: GAD=1 vflib=1 dir=0 label=0 lowerbound=1 fileNameGp=../graphsdb/mcs70/m3D/m3Dr6/mcs70_m3Dr6_s35.A60 fileNameGt=../graphsdb/mcs70/m3D/m3Dr6/mcs70_m3Dr6_s35.B60
Reading graphs...
35 :  88
35 :  88
Initializing...
maxdom : 35
D->valSize : 1225
Solving...
currentSize : 12 <-- 0.034261 s
currentSize : 16 <-- 0.034544 s
currentSize : 17 <-- 0.034604 s
currentSize : 19 <-- 0.038318 s
currentSize : 20 <-- 0.346734 s
currentSize : 21 <-- 7.143471 s
currentSize : 22 <-- 100.064865 s
currentSize : 23 <-- 100.346779 s
currentSize : 27 <-- 100.351440 s

maxsize : 27
nodes : 7605330.000000
filtered : 222470504.000000
CCGP filtered : 18949351.000000
CCGT filtered : 20103722.000000
time : 117.199654
