Parameters: GAD=1 vflib=1 dir=0 label=0 lowerbound=1 fileNameGp=../graphsdb/mcs70/rand/r005/mcs70_r005_s20.A90 fileNameGt=../graphsdb/mcs70/rand/r005/mcs70_r005_s20.B90
Reading graphs...
20 :  23
20 :  23
Initializing...
maxdom : 20
D->valSize : 400
Solving...
currentSize : 8 <-- 0.002416 s
currentSize : 10 <-- 0.002477 s
currentSize : 11 <-- 0.002548 s
currentSize : 12 <-- 0.003084 s
currentSize : 13 <-- 0.003206 s
currentSize : 14 <-- 0.003355 s
currentSize : 15 <-- 0.003723 s
currentSize : 16 <-- 0.009234 s
currentSize : 17 <-- 0.011304 s

maxsize : 17
nodes : 1132.000000
filtered : 31566.000000
CCGP filtered : 15298.000000
CCGT filtered : 7690.000000
time : 0.028062
