Parameters: GAD=1 vflib=1 dir=0 label=0 lowerbound=1 fileNameGp=../graphsdb/mcs70/m2D/m2Dr2/mcs70_m2Dr2_s35.A03 fileNameGt=../graphsdb/mcs70/m2D/m2Dr2/mcs70_m2Dr2_s35.B03
Reading graphs...
35 :  65
35 :  65
Initializing...
maxdom : 35
D->valSize : 1225
Solving...
currentSize : 17 <-- 0.036112 s
currentSize : 18 <-- 0.036770 s
currentSize : 19 <-- 0.037009 s
currentSize : 20 <-- 0.105989 s
currentSize : 21 <-- 0.752582 s
currentSize : 22 <-- 0.754225 s
currentSize : 23 <-- 2.354920 s
currentSize : 24 <-- 94.132011 s
currentSize : 25 <-- 312.469543 s
currentSize : 26 <-- 312.470703 s
currentSize : 27 <-- 312.471161 s
currentSize : 28 <-- 312.471283 s

maxsize : 28
nodes : 12902556.000000
filtered : 451516406.000000
CCGP filtered : 93150324.000000
CCGT filtered : 53293490.000000
time : 323.904236
