Parameters: GAD=1 vflib=1 dir=0 label=0 lowerbound=1 fileNameGp=../graphsdb/mcs70/m2D/m2Dr6/m2Dr6/mcs70_m2Dr6_s35.A88 fileNameGt=../graphsdb/mcs70/m2D/m2Dr6/m2Dr6/mcs70_m2Dr6_s35.B88
Reading graphs...
35 :  78
35 :  77
Initializing...
maxdom : 35
D->valSize : 1225
Solving...
currentSize : 14 <-- 0.035202 s
currentSize : 17 <-- 0.035341 s
currentSize : 18 <-- 0.035948 s
currentSize : 19 <-- 0.039393 s
currentSize : 20 <-- 0.040612 s
currentSize : 21 <-- 1.007506 s
currentSize : 22 <-- 4.031528 s
currentSize : 23 <-- 45.098900 s
currentSize : 24 <-- 363.809174 s
currentSize : 25 <-- 364.895142 s

maxsize : 25
nodes : 24808308.000000
filtered : 949725718.000000
CCGP filtered : 76553255.000000
CCGT filtered : 66676826.000000
time : 475.248230
