Parameters: GAD=1 vflib=1 dir=0 label=0 lowerbound=1 fileNameGp=../graphsdb/mcs70/bvg/b06/mcs70_b06_s35.A49 fileNameGt=../graphsdb/mcs70/bvg/b06/mcs70_b06_s35.B49
Reading graphs...
35 :  105
35 :  105
Initializing...
maxdom : 35
D->valSize : 1225
Solving...
currentSize : 13 <-- 0.019225 s
currentSize : 14 <-- 0.019271 s
currentSize : 16 <-- 0.019347 s
currentSize : 17 <-- 0.020114 s
currentSize : 18 <-- 0.020260 s
currentSize : 19 <-- 0.022788 s
currentSize : 20 <-- 0.175206 s
currentSize : 21 <-- 0.376162 s
currentSize : 22 <-- 0.400055 s
currentSize : 23 <-- 0.440121 s
currentSize : 24 <-- 0.471825 s
currentSize : 25 <-- 1.186015 s
currentSize : 26 <-- 3.493079 s

maxsize : 26
nodes : 1093337.000000
filtered : 62105398.000000
CCGP filtered : 1839871.000000
CCGT filtered : 212724.000000
time : 31.647470
