Parameters: GAD=1 vflib=1 dir=0 label=0 lowerbound=1 fileNameGp=../graphsdb/mcs70/m2D/m2Dr4/mcs70_m2Dr4_s35.A06 fileNameGt=../graphsdb/mcs70/m2D/m2Dr4/mcs70_m2Dr4_s35.B06
Reading graphs...
35 :  70
35 :  71
Initializing...
maxdom : 35
D->valSize : 1225
Solving...
currentSize : 16 <-- 0.036311 s
currentSize : 18 <-- 0.036485 s
currentSize : 19 <-- 0.037265 s
currentSize : 20 <-- 0.040246 s
currentSize : 21 <-- 0.045947 s
currentSize : 22 <-- 0.853942 s
currentSize : 23 <-- 1.620583 s
currentSize : 24 <-- 29.955208 s
currentSize : 25 <-- 30.049412 s

maxsize : 25
nodes : 21449065.000000
filtered : 924276484.000000
CCGP filtered : 71436758.000000
CCGT filtered : 39978194.000000
time : 600.032776
