Parameters: GAD=1 vflib=1 dir=0 label=0 lowerbound=1 fileNameGp=../graphsdb/mcs70/bvg/b09m/mcs70_b09m_s35.A04 fileNameGt=../graphsdb/mcs70/bvg/b09m/mcs70_b09m_s35.B04
Reading graphs...
35 :  153
35 :  153
Initializing...
maxdom : 35
D->valSize : 1225
Solving...
currentSize : 12 <-- 0.031918 s
currentSize : 13 <-- 0.032159 s
currentSize : 14 <-- 0.052057 s
currentSize : 15 <-- 0.234325 s
currentSize : 16 <-- 0.570644 s
currentSize : 17 <-- 6.451098 s
currentSize : 18 <-- 74.773209 s
currentSize : 20 <-- 388.028564 s
currentSize : 21 <-- 388.028778 s
currentSize : 23 <-- 388.032104 s
currentSize : 24 <-- 388.032318 s

maxsize : 24
nodes : 33497676.000000
filtered : 822327272.000000
CCGP filtered : 7776414.000000
CCGT filtered : 24349328.000000
time : 436.626251
