Parameters: GAD=1 vflib=1 dir=0 label=0 lowerbound=1 fileNameGp=../graphsdb/mcs70/bvg/b09/mcs70_b09_s35.A84 fileNameGt=../graphsdb/mcs70/bvg/b09/mcs70_b09_s35.B84
Reading graphs...
35 :  154
35 :  153
Initializing...
maxdom : 35
D->valSize : 1225
Solving...
currentSize : 15 <-- 0.031870 s
currentSize : 16 <-- 0.032136 s
currentSize : 17 <-- 0.037135 s
currentSize : 18 <-- 0.208427 s
currentSize : 19 <-- 0.226479 s
currentSize : 20 <-- 1.780209 s
currentSize : 21 <-- 1.912639 s
currentSize : 24 <-- 1.912777 s
currentSize : 25 <-- 5.144000 s

maxsize : 25
nodes : 2069274.000000
filtered : 90739277.000000
CCGP filtered : 210697.000000
CCGT filtered : 391227.000000
time : 33.322300
