Parameters: GAD=1 vflib=1 dir=0 label=0 lowerbound=1 fileNameGp=../graphsdb/mcs70/bvg/b09m/mcs70_b09m_s30.A03 fileNameGt=../graphsdb/mcs70/bvg/b09m/mcs70_b09m_s30.B03
Reading graphs...
30 :  128
30 :  126
Initializing...
maxdom : 30
D->valSize : 900
Solving...
currentSize : 9 <-- 0.009660 s
currentSize : 10 <-- 0.009824 s
currentSize : 11 <-- 0.010499 s
currentSize : 12 <-- 0.014964 s
currentSize : 13 <-- 0.032990 s
currentSize : 14 <-- 0.090148 s
currentSize : 15 <-- 2.836679 s
currentSize : 17 <-- 18.377752 s
currentSize : 18 <-- 18.378342 s
currentSize : 21 <-- 26.332453 s

maxsize : 21
nodes : 2745184.000000
filtered : 59768133.000000
CCGP filtered : 640044.000000
CCGT filtered : 3279488.000000
time : 31.277819
