Parameters: GAD=1 vflib=1 dir=0 label=0 lowerbound=1 fileNameGp=../graphsdb/mcs70/bvg/b09m/mcs70_b09m_s35.A35 fileNameGt=../graphsdb/mcs70/bvg/b09m/mcs70_b09m_s35.B35
Reading graphs...
35 :  149
35 :  150
Initializing...
maxdom : 35
D->valSize : 1225
Solving...
currentSize : 11 <-- 0.019007 s
currentSize : 12 <-- 0.019066 s
currentSize : 13 <-- 0.019215 s
currentSize : 14 <-- 0.019544 s
currentSize : 15 <-- 0.021374 s
currentSize : 16 <-- 0.028859 s
currentSize : 17 <-- 0.561116 s
currentSize : 18 <-- 39.611248 s
currentSize : 19 <-- 686.075867 s
currentSize : 24 <-- 715.713806 s

maxsize : 24
nodes : 58839456.000000
filtered : 1413970737.000000
CCGP filtered : 19047858.000000
CCGT filtered : 36830094.000000
time : 751.421021
