Parameters: GAD=1 vflib=1 dir=0 label=0 lowerbound=1 fileNameGp=../graphsdb/mcs70/m3D/m3Dr2/mcs70_m3Dr2_s35.A49 fileNameGt=../graphsdb/mcs70/m3D/m3Dr2/mcs70_m3Dr2_s35.B49
Reading graphs...
35 :  78
35 :  77
Initializing...
maxdom : 35
D->valSize : 1225
Solving...
currentSize : 14 <-- 0.020143 s
currentSize : 15 <-- 0.020185 s
currentSize : 17 <-- 0.020234 s
currentSize : 18 <-- 0.020517 s
currentSize : 19 <-- 0.020699 s
currentSize : 20 <-- 0.024477 s
currentSize : 21 <-- 0.062482 s
currentSize : 22 <-- 43.569031 s
currentSize : 23 <-- 108.551125 s
currentSize : 24 <-- 111.471596 s
currentSize : 25 <-- 141.258102 s
currentSize : 26 <-- 143.112656 s
currentSize : 27 <-- 169.792206 s

maxsize : 27
nodes : 11345552.000000
filtered : 355211220.000000
CCGP filtered : 19323392.000000
CCGT filtered : 26754587.000000
time : 197.312653
