Parameters: GAD=1 vflib=1 dir=0 label=0 lowerbound=1 fileNameGp=../graphsdb/mcs70/m2D/m2Dr2/mcs70_m2Dr2_s35.A38 fileNameGt=../graphsdb/mcs70/m2D/m2Dr2/mcs70_m2Dr2_s35.B38
Reading graphs...
35 :  64
35 :  63
Initializing...
maxdom : 35
D->valSize : 1225
Solving...
currentSize : 17 <-- 0.036807 s
currentSize : 18 <-- 0.036868 s
currentSize : 20 <-- 0.042076 s
currentSize : 21 <-- 0.081693 s
currentSize : 22 <-- 0.096724 s
currentSize : 23 <-- 0.248986 s
currentSize : 24 <-- 0.564230 s
currentSize : 25 <-- 26.007839 s
currentSize : 26 <-- 203.332947 s
currentSize : 27 <-- 203.343887 s

maxsize : 27
nodes : 8586452.000000
filtered : 342891192.000000
CCGP filtered : 66394008.000000
CCGT filtered : 23787363.000000
time : 230.231674
