Parameters: GAD=1 vflib=1 dir=0 label=0 lowerbound=1 fileNameGp=../graphsdb/mcs70/m3D/m3Dr6/mcs70_m3Dr6_s35.A40 fileNameGt=../graphsdb/mcs70/m3D/m3Dr6/mcs70_m3Dr6_s35.B40
Reading graphs...
35 :  91
35 :  90
Initializing...
maxdom : 35
D->valSize : 1225
Solving...
currentSize : 15 <-- 0.035113 s
currentSize : 16 <-- 0.037158 s
currentSize : 17 <-- 0.037379 s
currentSize : 18 <-- 0.042560 s
currentSize : 19 <-- 0.064321 s
currentSize : 20 <-- 1.526777 s
currentSize : 21 <-- 63.960808 s
currentSize : 22 <-- 103.426292 s
currentSize : 23 <-- 147.491302 s
currentSize : 26 <-- 340.916138 s
currentSize : 27 <-- 340.924866 s

maxsize : 27
nodes : 25246997.000000
filtered : 809832949.000000
CCGP filtered : 22355972.000000
CCGT filtered : 18456579.000000
time : 358.463348
