Parameters: GAD=1 vflib=1 dir=0 label=0 lowerbound=1 fileNameGp=../graphsdb/mcs70/m2D/m2Dr6/m2Dr6/mcs70_m2Dr6_s35.A36 fileNameGt=../graphsdb/mcs70/m2D/m2Dr6/m2Dr6/mcs70_m2Dr6_s35.B36
Reading graphs...
35 :  79
35 :  78
Initializing...
maxdom : 35
D->valSize : 1225
Solving...
currentSize : 15 <-- 0.020248 s
currentSize : 17 <-- 0.020386 s
currentSize : 18 <-- 0.020839 s
currentSize : 19 <-- 0.023839 s
currentSize : 20 <-- 0.026458 s
currentSize : 21 <-- 0.043304 s
currentSize : 22 <-- 0.834684 s
currentSize : 23 <-- 202.738373 s
currentSize : 24 <-- 333.495453 s
currentSize : 26 <-- 495.282837 s

maxsize : 26
nodes : 28825233.000000
filtered : 1029707648.000000
CCGP filtered : 98887935.000000
CCGT filtered : 70309288.000000
time : 559.210693
