Parameters: GAD=1 vflib=1 dir=0 label=0 lowerbound=1 fileNameGp=../graphsdb/mcs70/rand/r005/mcs70_r005_s35.A48 fileNameGt=../graphsdb/mcs70/rand/r005/mcs70_r005_s35.B48
Reading graphs...
35 :  58
35 :  58
Initializing...
maxdom : 35
D->valSize : 1225
Solving...
currentSize : 13 <-- 0.037035 s
currentSize : 14 <-- 0.038837 s
currentSize : 16 <-- 0.039807 s
currentSize : 17 <-- 0.122219 s
currentSize : 18 <-- 0.122333 s
currentSize : 20 <-- 0.122417 s
currentSize : 21 <-- 0.494010 s
currentSize : 22 <-- 0.825289 s
currentSize : 23 <-- 10.313050 s
currentSize : 24 <-- 22.448660 s
currentSize : 25 <-- 28.815195 s
currentSize : 26 <-- 152.933762 s

maxsize : 26
nodes : 4147824.000000
filtered : 170045724.000000
CCGP filtered : 61168077.000000
CCGT filtered : 48095187.000000
time : 165.563278
