Parameters: GAD=1 vflib=1 dir=0 label=0 lowerbound=1 fileNameGp=../graphsdb/mcs70/m3D/m3Dr4/mcs70_m3Dr4_s35.A36 fileNameGt=../graphsdb/mcs70/m3D/m3Dr4/mcs70_m3Dr4_s35.B36
Reading graphs...
35 :  85
35 :  86
Initializing...
maxdom : 35
D->valSize : 1225
Solving...
currentSize : 16 <-- 0.019922 s
currentSize : 17 <-- 0.020680 s
currentSize : 18 <-- 0.026218 s
currentSize : 19 <-- 0.046023 s
currentSize : 20 <-- 0.478270 s
currentSize : 21 <-- 4.653809 s
currentSize : 22 <-- 362.420074 s
currentSize : 24 <-- 623.718140 s
currentSize : 27 <-- 699.775818 s

maxsize : 27
nodes : 46331791.000000
filtered : 1399990229.000000
CCGP filtered : 106993031.000000
CCGT filtered : 88319111.000000
time : 712.399292
