Parameters: GAD=1 vflib=1 dir=0 label=0 lowerbound=1 fileNameGp=../graphsdb/mcs70/bvg/b06/mcs70_b06_s30.A30 fileNameGt=../graphsdb/mcs70/bvg/b06/mcs70_b06_s30.B30
Reading graphs...
30 :  90
30 :  89
Initializing...
maxdom : 30
D->valSize : 900
Solving...
currentSize : 13 <-- 0.018066 s
currentSize : 14 <-- 0.018309 s
currentSize : 15 <-- 0.020884 s
currentSize : 16 <-- 0.021922 s
currentSize : 17 <-- 0.022010 s
currentSize : 18 <-- 0.024194 s
currentSize : 19 <-- 0.029618 s
currentSize : 21 <-- 0.046434 s
currentSize : 22 <-- 0.106618 s
currentSize : 23 <-- 0.331510 s

maxsize : 23
nodes : 138362.000000
filtered : 6794618.000000
CCGP filtered : 108607.000000
CCGT filtered : 33155.000000
time : 3.045378
