Parameters: GAD=1 vflib=1 dir=0 label=0 lowerbound=1 fileNameGp=../graphsdb/mcs70/rand/r02/mcs70_r02_s35.A07 fileNameGt=../graphsdb/mcs70/rand/r02/mcs70_r02_s35.B07
Reading graphs...
35 :  215
35 :  214
Initializing...
maxdom : 35
D->valSize : 1225
Solving...
currentSize : 8 <-- 0.017557 s
currentSize : 10 <-- 0.017599 s
currentSize : 11 <-- 0.017926 s
currentSize : 12 <-- 0.020815 s
currentSize : 13 <-- 0.029330 s
currentSize : 14 <-- 0.068430 s
currentSize : 15 <-- 3.614831 s
currentSize : 16 <-- 2110.749268 s
currentSize : 24 <-- 2503.718506 s

maxsize : 24
nodes : 212140781.000000
filtered : 2836027509.000000
CCGP filtered : 848935.000000
CCGT filtered : 5786906.000000
time : 2537.420654
