Parameters: GAD=1 vflib=1 dir=0 label=0 lowerbound=1 fileNameGp=../graphsdb/mcs70/bvg/b09m/mcs70_b09m_s30.A55 fileNameGt=../graphsdb/mcs70/bvg/b09m/mcs70_b09m_s30.B55
Reading graphs...
30 :  129
30 :  130
Initializing...
maxdom : 30
D->valSize : 900
Solving...
currentSize : 10 <-- 0.016482 s
currentSize : 11 <-- 0.016611 s
currentSize : 12 <-- 0.017144 s
currentSize : 13 <-- 0.017596 s
currentSize : 14 <-- 0.018659 s
currentSize : 15 <-- 0.073178 s
currentSize : 16 <-- 37.884583 s
currentSize : 17 <-- 41.803082 s
currentSize : 19 <-- 75.701355 s
currentSize : 20 <-- 75.703682 s

maxsize : 20
nodes : 7995126.000000
filtered : 179741351.000000
CCGP filtered : 2120514.000000
CCGT filtered : 3364762.000000
time : 82.070320
