Parameters: GAD=1 vflib=1 dir=0 label=0 lowerbound=1 fileNameGp=../graphsdb/mcs70/m3D/m3Dr4/mcs70_m3Dr4_s35.A73 fileNameGt=../graphsdb/mcs70/m3D/m3Dr4/mcs70_m3Dr4_s35.B73
Reading graphs...
35 :  86
35 :  84
Initializing...
maxdom : 35
D->valSize : 1225
Solving...
currentSize : 17 <-- 0.035122 s
currentSize : 18 <-- 0.035295 s
currentSize : 19 <-- 0.037646 s
currentSize : 20 <-- 0.037985 s
currentSize : 21 <-- 0.039286 s
currentSize : 22 <-- 13.705460 s
currentSize : 23 <-- 249.610901 s
currentSize : 24 <-- 311.394287 s
currentSize : 26 <-- 544.693848 s
currentSize : 27 <-- 544.694092 s

maxsize : 27
nodes : 38047118.000000
filtered : 1256564139.000000
CCGP filtered : 36673643.000000
CCGT filtered : 49726875.000000
time : 555.222839
