Parameters: GAD=1 vflib=1 dir=0 label=0 lowerbound=1 fileNameGp=../graphsdb/mcs70/rand/r01/mcs70_r01_s30.A23 fileNameGt=../graphsdb/mcs70/rand/r01/mcs70_r01_s30.B23
Reading graphs...
30 :  85
30 :  81
Initializing...
maxdom : 30
D->valSize : 900
Solving...
currentSize : 13 <-- 0.018113 s
currentSize : 14 <-- 0.018262 s
currentSize : 15 <-- 0.018961 s
currentSize : 16 <-- 0.066490 s
currentSize : 17 <-- 0.688450 s
currentSize : 18 <-- 12.449216 s
currentSize : 19 <-- 222.816772 s
currentSize : 20 <-- 254.290970 s
currentSize : 21 <-- 254.291153 s

maxsize : 21
nodes : 21254866.000000
filtered : 549315820.000000
CCGP filtered : 25419262.000000
CCGT filtered : 16711155.000000
time : 255.999039
