Parameters: GAD=1 vflib=1 dir=0 label=0 lowerbound=1 fileNameGp=../graphsdb/mcs70/m2D/m2D/mcs70_m2D_s35.A63 fileNameGt=../graphsdb/mcs70/m2D/m2D/mcs70_m2D_s35.B63
Reading graphs...
35 :  57
35 :  58
Initializing...
maxdom : 35
D->valSize : 1225
Solving...
currentSize : 16 <-- 0.020660 s
currentSize : 19 <-- 0.020714 s
currentSize : 20 <-- 0.021315 s
currentSize : 21 <-- 0.022546 s
currentSize : 22 <-- 0.025523 s
currentSize : 23 <-- 0.198358 s
currentSize : 24 <-- 0.246374 s
currentSize : 25 <-- 6.703250 s
currentSize : 26 <-- 19.472141 s

maxsize : 26
nodes : 4081385.000000
filtered : 187720454.000000
CCGP filtered : 67237552.000000
CCGT filtered : 19059690.000000
time : 154.549881
