Parameters: GAD=1 vflib=1 dir=0 label=0 lowerbound=1 fileNameGp=../graphsdb/mcs70/bvg/b03m/mcs70_b03m_s35.A50 fileNameGt=../graphsdb/mcs70/bvg/b03m/mcs70_b03m_s35.B50
Reading graphs...
35 :  51
35 :  51
Initializing...
maxdom : 35
D->valSize : 1225
Solving...
currentSize : 19 <-- 0.037372 s
currentSize : 20 <-- 0.038797 s
currentSize : 21 <-- 0.040960 s
currentSize : 22 <-- 0.049670 s
currentSize : 23 <-- 0.219334 s
currentSize : 24 <-- 0.390278 s
currentSize : 25 <-- 6.602304 s
currentSize : 26 <-- 6.622168 s
currentSize : 27 <-- 58.745213 s

maxsize : 27
nodes : 2117674.000000
filtered : 86710515.000000
CCGP filtered : 43556428.000000
CCGT filtered : 29065507.000000
time : 79.530022
