Parameters: GAD=1 vflib=1 dir=0 label=0 lowerbound=1 fileNameGp=../graphsdb/mcs70/bvg/b09/mcs70_b09_s30.A84 fileNameGt=../graphsdb/mcs70/bvg/b09/mcs70_b09_s30.B84
Reading graphs...
30 :  130
30 :  134
Initializing...
maxdom : 30
D->valSize : 900
Solving...
currentSize : 11 <-- 0.016404 s
currentSize : 12 <-- 0.016540 s
currentSize : 13 <-- 0.016770 s
currentSize : 14 <-- 0.024639 s
currentSize : 15 <-- 0.036813 s
currentSize : 17 <-- 0.044648 s
currentSize : 18 <-- 0.085156 s
currentSize : 19 <-- 0.158474 s
currentSize : 20 <-- 0.158628 s
currentSize : 21 <-- 0.530598 s

maxsize : 21
nodes : 574640.000000
filtered : 22131001.000000
CCGP filtered : 22133.000000
CCGT filtered : 16215.000000
time : 8.140178
