Parameters: GAD=1 vflib=1 dir=0 label=0 lowerbound=1 fileNameGp=../graphsdb/mcs70/m2D/m2D/mcs70_m2D_s35.A93 fileNameGt=../graphsdb/mcs70/m2D/m2D/mcs70_m2D_s35.B93
Reading graphs...
35 :  58
35 :  57
Initializing...
maxdom : 35
D->valSize : 1225
Solving...
currentSize : 17 <-- 0.020848 s
currentSize : 18 <-- 0.020987 s
currentSize : 19 <-- 0.021267 s
currentSize : 20 <-- 0.028883 s
currentSize : 21 <-- 0.032620 s
currentSize : 22 <-- 0.032683 s
currentSize : 23 <-- 0.119189 s
currentSize : 24 <-- 1.335245 s
currentSize : 25 <-- 42.731449 s
currentSize : 26 <-- 47.217899 s

maxsize : 26
nodes : 6186331.000000
filtered : 259003962.000000
CCGP filtered : 97625352.000000
CCGT filtered : 43601252.000000
time : 147.150177
