Parameters: GAD=1 vflib=1 dir=0 label=0 lowerbound=1 fileNameGp=../graphsdb/mcs70/bvg/b09m/mcs70_b09m_s35.A17 fileNameGt=../graphsdb/mcs70/bvg/b09m/mcs70_b09m_s35.B17
Reading graphs...
35 :  151
35 :  151
Initializing...
maxdom : 35
D->valSize : 1225
Solving...
currentSize : 10 <-- 0.022617 s
currentSize : 11 <-- 0.022707 s
currentSize : 12 <-- 0.022884 s
currentSize : 13 <-- 0.023052 s
currentSize : 14 <-- 0.023340 s
currentSize : 15 <-- 0.025561 s
currentSize : 16 <-- 0.404958 s
currentSize : 17 <-- 9.369452 s
currentSize : 18 <-- 427.240234 s
currentSize : 19 <-- 428.077423 s
currentSize : 20 <-- 428.077606 s
currentSize : 24 <-- 428.078522 s

maxsize : 24
nodes : 38848010.000000
filtered : 824119042.000000
CCGP filtered : 13127934.000000
CCGT filtered : 21682251.000000
time : 481.256287
