Parameters: GAD=1 vflib=1 dir=0 label=0 lowerbound=1 fileNameGp=../graphsdb/mcs70/bvg/b09m/mcs70_b09m_s35.A50 fileNameGt=../graphsdb/mcs70/bvg/b09m/mcs70_b09m_s35.B50
Reading graphs...
35 :  153
35 :  154
Initializing...
maxdom : 35
D->valSize : 1225
Solving...
currentSize : 11 <-- 0.032107 s
currentSize : 12 <-- 0.032255 s
currentSize : 13 <-- 0.035698 s
currentSize : 14 <-- 0.086995 s
currentSize : 15 <-- 0.910010 s
currentSize : 16 <-- 6.140555 s
currentSize : 17 <-- 6.181526 s
currentSize : 18 <-- 83.507179 s
currentSize : 20 <-- 83.507484 s
currentSize : 23 <-- 83.528114 s
currentSize : 25 <-- 83.528320 s

maxsize : 25
nodes : 7651828.000000
filtered : 195527768.000000
CCGP filtered : 6483860.000000
CCGT filtered : 4906895.000000
time : 101.370209
