Parameters: GAD=1 vflib=1 dir=0 label=0 lowerbound=1 fileNameGp=../graphsdb/mcs70/m2D/m2Dr4/mcs70_m2Dr4_s35.A75 fileNameGt=../graphsdb/mcs70/m2D/m2Dr4/mcs70_m2Dr4_s35.B75
Reading graphs...
35 :  71
35 :  69
Initializing...
maxdom : 35
D->valSize : 1225
Solving...
currentSize : 17 <-- 0.020354 s
currentSize : 18 <-- 0.020986 s
currentSize : 19 <-- 0.021156 s
currentSize : 20 <-- 0.024467 s
currentSize : 21 <-- 0.050107 s
currentSize : 22 <-- 3.695854 s
currentSize : 23 <-- 72.876289 s
currentSize : 24 <-- 293.677521 s
currentSize : 25 <-- 510.064789 s
currentSize : 26 <-- 682.882019 s

maxsize : 26
nodes : 32212925.000000
filtered : 1177022572.000000
CCGP filtered : 131961818.000000
CCGT filtered : 93645220.000000
time : 782.666504
