Parameters: GAD=1 vflib=1 dir=0 label=0 lowerbound=1 fileNameGp=../graphsdb/mcs70/bvg/b09/mcs70_b09_s30.A46 fileNameGt=../graphsdb/mcs70/bvg/b09/mcs70_b09_s30.B46
Reading graphs...
30 :  134
30 :  133
Initializing...
maxdom : 30
D->valSize : 900
Solving...
currentSize : 11 <-- 0.009649 s
currentSize : 12 <-- 0.009985 s
currentSize : 13 <-- 0.014336 s
currentSize : 14 <-- 0.174547 s
currentSize : 15 <-- 0.230234 s
currentSize : 16 <-- 0.354709 s
currentSize : 17 <-- 0.507371 s
currentSize : 18 <-- 1.096569 s
currentSize : 19 <-- 1.538368 s
currentSize : 20 <-- 3.328766 s
currentSize : 21 <-- 9.941141 s

maxsize : 21
nodes : 856401.000000
filtered : 33851035.000000
CCGP filtered : 160658.000000
CCGT filtered : 83315.000000
time : 11.493407
