Parameters: GAD=1 vflib=1 dir=0 label=0 lowerbound=1 fileNameGp=../graphsdb/mcs70/rand/r02/mcs70_r02_s30.A85 fileNameGt=../graphsdb/mcs70/rand/r02/mcs70_r02_s30.B85
Reading graphs...
30 :  157
30 :  154
Initializing...
maxdom : 30
D->valSize : 900
Solving...
currentSize : 9 <-- 0.009449 s
currentSize : 10 <-- 0.009528 s
currentSize : 11 <-- 0.011185 s
currentSize : 12 <-- 0.011291 s
currentSize : 13 <-- 0.025981 s
currentSize : 14 <-- 0.158410 s
currentSize : 15 <-- 59.529373 s
currentSize : 16 <-- 106.799095 s
currentSize : 21 <-- 156.671783 s

maxsize : 21
nodes : 15534685.000000
filtered : 242049474.000000
CCGP filtered : 202117.000000
CCGT filtered : 426537.000000
time : 160.800964
