Parameters: GAD=1 vflib=1 dir=0 label=0 lowerbound=1 fileNameGp=../graphsdb/mcs70/bvg/b06/mcs70_b06_s30.A81 fileNameGt=../graphsdb/mcs70/bvg/b06/mcs70_b06_s30.B81
Reading graphs...
30 :  89
30 :  90
Initializing...
maxdom : 30
D->valSize : 900
Solving...
currentSize : 15 <-- 0.010355 s
currentSize : 16 <-- 0.011225 s
currentSize : 17 <-- 0.011369 s
currentSize : 18 <-- 0.019311 s
currentSize : 19 <-- 0.549061 s
currentSize : 20 <-- 0.600320 s
currentSize : 21 <-- 0.600604 s
currentSize : 22 <-- 5.859629 s
currentSize : 23 <-- 8.329177 s

maxsize : 23
nodes : 683422.000000
filtered : 23833894.000000
CCGP filtered : 800454.000000
CCGT filtered : 612566.000000
time : 10.380360
