Parameters: GAD=1 vflib=1 dir=0 label=0 lowerbound=1 fileNameGp=../graphsdb/mcs70/bvg/b03m/mcs70_b03m_s35.A10 fileNameGt=../graphsdb/mcs70/bvg/b03m/mcs70_b03m_s35.B10
Reading graphs...
35 :  52
35 :  52
Initializing...
maxdom : 35
D->valSize : 1225
Solving...
currentSize : 14 <-- 0.021387 s
currentSize : 16 <-- 0.023587 s
currentSize : 17 <-- 0.027035 s
currentSize : 21 <-- 0.027083 s
currentSize : 22 <-- 0.193227 s
currentSize : 23 <-- 3.983683 s
currentSize : 24 <-- 4.293534 s
currentSize : 25 <-- 4.294512 s
currentSize : 26 <-- 18.396364 s

maxsize : 26
nodes : 2098432.000000
filtered : 80083039.000000
CCGP filtered : 64166339.000000
CCGT filtered : 41903509.000000
time : 90.677216
