Parameters: GAD=1 vflib=1 dir=0 label=0 lowerbound=1 fileNameGp=../graphsdb/mcs70/m3D/m3D/mcs70_m3D_s35.A08 fileNameGt=../graphsdb/mcs70/m3D/m3D/mcs70_m3D_s35.B08
Reading graphs...
35 :  72
35 :  72
Initializing...
maxdom : 35
D->valSize : 1225
Solving...
currentSize : 16 <-- 0.036210 s
currentSize : 18 <-- 0.036269 s
currentSize : 19 <-- 0.036353 s
currentSize : 20 <-- 0.036573 s
currentSize : 21 <-- 0.041246 s
currentSize : 22 <-- 0.060115 s
currentSize : 23 <-- 0.074568 s
currentSize : 24 <-- 0.426802 s
currentSize : 25 <-- 2.503747 s
currentSize : 26 <-- 104.419647 s
currentSize : 27 <-- 161.997055 s
currentSize : 28 <-- 163.306961 s
currentSize : 29 <-- 166.862625 s

maxsize : 29
nodes : 8365933.000000
filtered : 330534094.000000
CCGP filtered : 18159580.000000
CCGT filtered : 12157873.000000
time : 170.745239
