Parameters: GAD=1 vflib=1 dir=0 label=0 lowerbound=1 fileNameGp=../graphsdb/mcs70/m2D/m2D/mcs70_m2D_s35.A38 fileNameGt=../graphsdb/mcs70/m2D/m2D/mcs70_m2D_s35.B38
Reading graphs...
35 :  58
35 :  58
Initializing...
maxdom : 35
D->valSize : 1225
Solving...
currentSize : 20 <-- 0.021365 s
currentSize : 21 <-- 0.021450 s
currentSize : 22 <-- 0.022026 s
currentSize : 23 <-- 0.023319 s
currentSize : 24 <-- 0.023931 s
currentSize : 25 <-- 11.217296 s
currentSize : 26 <-- 11.573834 s
currentSize : 27 <-- 41.138046 s
currentSize : 28 <-- 41.138279 s

maxsize : 28
nodes : 2223915.000000
filtered : 92363341.000000
CCGP filtered : 15719374.000000
CCGT filtered : 7860859.000000
time : 80.103752
