Parameters: GAD=1 vflib=1 dir=0 label=0 lowerbound=1 fileNameGp=../graphsdb/mcs70/m2D/m2D/mcs70_m2D_s35.A22 fileNameGt=../graphsdb/mcs70/m2D/m2D/mcs70_m2D_s35.B22
Reading graphs...
35 :  58
35 :  58
Initializing...
maxdom : 35
D->valSize : 1225
Solving...
currentSize : 17 <-- 0.020649 s
currentSize : 19 <-- 0.020686 s
currentSize : 21 <-- 0.022271 s
currentSize : 22 <-- 0.028926 s
currentSize : 23 <-- 0.061489 s
currentSize : 24 <-- 0.378444 s
currentSize : 25 <-- 4.563242 s
currentSize : 26 <-- 42.066662 s
currentSize : 27 <-- 171.760132 s

maxsize : 27
nodes : 5927712.000000
filtered : 245020802.000000
CCGP filtered : 40814944.000000
CCGT filtered : 18208045.000000
time : 198.505096
