Parameters: GAD=1 vflib=1 dir=0 label=0 lowerbound=1 fileNameGp=../graphsdb/mcs70/m3D/m3Dr4/mcs70_m3Dr4_s35.A27 fileNameGt=../graphsdb/mcs70/m3D/m3Dr4/mcs70_m3Dr4_s35.B27
Reading graphs...
35 :  83
35 :  84
Initializing...
maxdom : 35
D->valSize : 1225
Solving...
currentSize : 18 <-- 0.023979 s
currentSize : 19 <-- 0.024476 s
currentSize : 20 <-- 0.031992 s
currentSize : 21 <-- 0.365406 s
currentSize : 22 <-- 0.525153 s
currentSize : 23 <-- 156.308777 s
currentSize : 24 <-- 877.548828 s
currentSize : 25 <-- 877.549133 s
currentSize : 27 <-- 877.893677 s

maxsize : 27
nodes : 54781199.000000
filtered : 1700501134.000000
CCGP filtered : 71204748.000000
CCGT filtered : 38138735.000000
time : 899.718018
