Parameters: GAD=1 vflib=1 dir=0 label=0 lowerbound=1 fileNameGp=../graphsdb/mcs70/bvg/b09m/mcs70_b09m_s35.A89 fileNameGt=../graphsdb/mcs70/bvg/b09m/mcs70_b09m_s35.B89
Reading graphs...
35 :  146
35 :  150
Initializing...
maxdom : 35
D->valSize : 1225
Solving...
currentSize : 12 <-- 0.031767 s
currentSize : 13 <-- 0.032083 s
currentSize : 14 <-- 0.032636 s
currentSize : 15 <-- 0.033562 s
currentSize : 16 <-- 0.036332 s
currentSize : 17 <-- 0.508814 s
currentSize : 18 <-- 50.055710 s
currentSize : 19 <-- 153.562408 s
currentSize : 21 <-- 204.214279 s
currentSize : 22 <-- 400.527283 s
currentSize : 23 <-- 400.744354 s
currentSize : 24 <-- 424.919037 s

maxsize : 24
nodes : 31772964.000000
filtered : 982135647.000000
CCGP filtered : 11045397.000000
CCGT filtered : 8933325.000000
time : 438.661896
