Parameters: GAD=1 vflib=1 dir=0 label=0 lowerbound=1 fileNameGp=../graphsdb/mcs70/rand/r005/mcs70_r005_s30.A14 fileNameGt=../graphsdb/mcs70/rand/r005/mcs70_r005_s30.B14
Reading graphs...
30 :  40
30 :  41
Initializing...
maxdom : 30
D->valSize : 900
Solving...
currentSize : 12 <-- 0.011432 s
currentSize : 15 <-- 0.011519 s
currentSize : 16 <-- 0.011598 s
currentSize : 17 <-- 0.015844 s
currentSize : 18 <-- 0.016709 s
currentSize : 19 <-- 0.026795 s
currentSize : 20 <-- 0.043318 s
currentSize : 21 <-- 0.109260 s
currentSize : 22 <-- 0.146814 s

maxsize : 22
nodes : 566742.000000
filtered : 14838348.000000
CCGP filtered : 9066831.000000
CCGT filtered : 4147960.000000
time : 10.962205
