Parameters: GAD=1 vflib=1 dir=0 label=0 lowerbound=1 fileNameGp=../graphsdb/mcs70/bvg/b09/mcs70_b09_s30.A89 fileNameGt=../graphsdb/mcs70/bvg/b09/mcs70_b09_s30.B89
Reading graphs...
30 :  131
30 :  131
Initializing...
maxdom : 30
D->valSize : 900
Solving...
currentSize : 10 <-- 0.016754 s
currentSize : 11 <-- 0.016992 s
currentSize : 12 <-- 0.017352 s
currentSize : 13 <-- 0.017788 s
currentSize : 14 <-- 0.020544 s
currentSize : 15 <-- 0.021156 s
currentSize : 16 <-- 0.030386 s
currentSize : 18 <-- 0.129943 s
currentSize : 20 <-- 0.130370 s
currentSize : 21 <-- 0.564636 s

maxsize : 21
nodes : 662812.000000
filtered : 23400825.000000
CCGP filtered : 17818.000000
CCGT filtered : 19781.000000
time : 8.540403
