Parameters: GAD=1 vflib=1 dir=0 label=0 lowerbound=1 fileNameGp=../graphsdb/mcs70/m3D/m3Dr6/mcs70_m3Dr6_s35.A36 fileNameGt=../graphsdb/mcs70/m3D/m3Dr6/mcs70_m3Dr6_s35.B36
Reading graphs...
35 :  89
35 :  88
Initializing...
maxdom : 35
D->valSize : 1225
Solving...
currentSize : 13 <-- 0.019672 s
currentSize : 14 <-- 0.019792 s
currentSize : 15 <-- 0.021123 s
currentSize : 17 <-- 0.021374 s
currentSize : 18 <-- 0.021569 s
currentSize : 19 <-- 0.052386 s
currentSize : 20 <-- 0.223639 s
currentSize : 21 <-- 0.677416 s
currentSize : 22 <-- 185.640442 s
currentSize : 23 <-- 201.862564 s
currentSize : 24 <-- 201.898026 s
currentSize : 25 <-- 234.387802 s
currentSize : 26 <-- 234.388046 s
currentSize : 27 <-- 249.011459 s

maxsize : 27
nodes : 16593145.000000
filtered : 496375584.000000
CCGP filtered : 34336060.000000
CCGT filtered : 22564554.000000
time : 260.413208
