Parameters: GAD=1 vflib=1 dir=0 label=0 lowerbound=1 fileNameGp=../graphsdb/mcs70/m3D/m3Dr4/mcs70_m3Dr4_s35.A72 fileNameGt=../graphsdb/mcs70/m3D/m3Dr4/mcs70_m3Dr4_s35.B72
Reading graphs...
35 :  85
35 :  85
Initializing...
maxdom : 35
D->valSize : 1225
Solving...
currentSize : 16 <-- 0.034759 s
currentSize : 17 <-- 0.035396 s
currentSize : 19 <-- 0.038284 s
currentSize : 20 <-- 0.161423 s
currentSize : 21 <-- 0.262009 s
currentSize : 22 <-- 295.838959 s
currentSize : 23 <-- 295.923035 s
currentSize : 24 <-- 394.289001 s
currentSize : 25 <-- 394.716644 s
currentSize : 26 <-- 406.743622 s
currentSize : 28 <-- 406.755981 s

maxsize : 28
nodes : 23856954.000000
filtered : 755927586.000000
CCGP filtered : 56634256.000000
CCGT filtered : 38059863.000000
time : 411.532318
