Parameters: GAD=1 vflib=1 dir=0 label=0 lowerbound=1 fileNameGp=../graphsdb/mcs70/m3D/m3D/mcs70_m3D_s35.A16 fileNameGt=../graphsdb/mcs70/m3D/m3D/mcs70_m3D_s35.B16
Reading graphs...
35 :  72
35 :  72
Initializing...
maxdom : 35
D->valSize : 1225
Solving...
currentSize : 18 <-- 0.020385 s
currentSize : 19 <-- 0.027417 s
currentSize : 20 <-- 0.110736 s
currentSize : 21 <-- 0.676069 s
currentSize : 22 <-- 1.079621 s
currentSize : 23 <-- 1.217998 s
currentSize : 24 <-- 1.806707 s
currentSize : 25 <-- 2.107757 s
currentSize : 26 <-- 32.618824 s
currentSize : 27 <-- 100.778404 s
currentSize : 28 <-- 101.011879 s

maxsize : 28
nodes : 5020189.000000
filtered : 207896752.000000
CCGP filtered : 12300481.000000
CCGT filtered : 6326731.000000
time : 112.160156
