Parameters: GAD=1 vflib=1 dir=0 label=0 lowerbound=1 fileNameGp=../graphsdb/mcs70/m2D/m2Dr2/mcs70_m2Dr2_s35.A19 fileNameGt=../graphsdb/mcs70/m2D/m2Dr2/mcs70_m2Dr2_s35.B19
Reading graphs...
35 :  64
35 :  64
Initializing...
maxdom : 35
D->valSize : 1225
Solving...
currentSize : 17 <-- 0.020422 s
currentSize : 18 <-- 0.020475 s
currentSize : 19 <-- 0.020558 s
currentSize : 20 <-- 0.020883 s
currentSize : 21 <-- 0.032189 s
currentSize : 22 <-- 0.061718 s
currentSize : 23 <-- 0.137678 s
currentSize : 24 <-- 6.185980 s
currentSize : 25 <-- 36.989494 s
currentSize : 26 <-- 474.146088 s

maxsize : 26
nodes : 22359661.000000
filtered : 862178349.000000
CCGP filtered : 106321540.000000
CCGT filtered : 48451277.000000
time : 573.424011
