Parameters: GAD=1 vflib=1 dir=0 label=0 lowerbound=1 fileNameGp=../graphsdb/mcs70/rand/r01/mcs70_r01_s35.A58 fileNameGt=../graphsdb/mcs70/rand/r01/mcs70_r01_s35.B58
Reading graphs...
35 :  114
35 :  114
Initializing...
maxdom : 35
D->valSize : 1225
Solving...
currentSize : 13 <-- 0.018996 s
currentSize : 14 <-- 0.019104 s
currentSize : 15 <-- 0.025865 s
currentSize : 16 <-- 0.032275 s
currentSize : 17 <-- 0.080908 s
currentSize : 18 <-- 2.040220 s
currentSize : 19 <-- 4.598396 s
currentSize : 20 <-- 40.226677 s
currentSize : 24 <-- 2375.380371 s

maxsize : 24
nodes : 171966911.000000
filtered : 4681813978.000000
CCGP filtered : 91970465.000000
CCGT filtered : 133525692.000000
time : 2477.528809
