Parameters: GAD=1 vflib=1 dir=0 label=0 lowerbound=1 fileNameGp=../graphsdb/mcs70/m2D/m2Dr4/mcs70_m2Dr4_s35.A61 fileNameGt=../graphsdb/mcs70/m2D/m2Dr4/mcs70_m2Dr4_s35.B61
Reading graphs...
35 :  72
35 :  72
Initializing...
maxdom : 35
D->valSize : 1225
Solving...
currentSize : 15 <-- 0.020534 s
currentSize : 16 <-- 0.020717 s
currentSize : 17 <-- 0.021261 s
currentSize : 19 <-- 0.031056 s
currentSize : 20 <-- 0.031977 s
currentSize : 21 <-- 4.243256 s
currentSize : 22 <-- 4.431118 s
currentSize : 23 <-- 277.137054 s
currentSize : 24 <-- 567.352234 s
currentSize : 25 <-- 602.280762 s
currentSize : 26 <-- 602.286255 s

maxsize : 26
nodes : 32357865.000000
filtered : 1056973662.000000
CCGP filtered : 165310290.000000
CCGT filtered : 131190295.000000
time : 631.148804
