Parameters: GAD=1 vflib=1 dir=0 label=0 lowerbound=1 fileNameGp=../graphsdb/mcs70/bvg/b03/mcs70_b03_s35.A80 fileNameGt=../graphsdb/mcs70/bvg/b03/mcs70_b03_s35.B80
Reading graphs...
35 :  52
35 :  52
Initializing...
maxdom : 35
D->valSize : 1225
Solving...
currentSize : 15 <-- 0.021175 s
currentSize : 17 <-- 0.022506 s
currentSize : 18 <-- 0.022557 s
currentSize : 19 <-- 0.022622 s
currentSize : 20 <-- 0.022941 s
currentSize : 21 <-- 0.044063 s
currentSize : 23 <-- 0.258425 s
currentSize : 24 <-- 0.323713 s
currentSize : 25 <-- 2.034281 s
currentSize : 26 <-- 3.149698 s
currentSize : 27 <-- 3.358834 s
currentSize : 28 <-- 8.075581 s

maxsize : 28
nodes : 773902.000000
filtered : 35723433.000000
CCGP filtered : 13336931.000000
CCGT filtered : 6638958.000000
time : 43.051846
