Parameters: GAD=1 vflib=1 dir=0 label=0 lowerbound=1 fileNameGp=../graphsdb/mcs70/m3D/m3Dr6/mcs70_m3Dr6_s35.A78 fileNameGt=../graphsdb/mcs70/m3D/m3Dr6/mcs70_m3Dr6_s35.B78
Reading graphs...
35 :  90
35 :  89
Initializing...
maxdom : 35
D->valSize : 1225
Solving...
currentSize : 16 <-- 0.034649 s
currentSize : 17 <-- 0.035597 s
currentSize : 18 <-- 0.041480 s
currentSize : 19 <-- 0.095746 s
currentSize : 20 <-- 0.631735 s
currentSize : 21 <-- 1.110733 s
currentSize : 22 <-- 1.965617 s
currentSize : 23 <-- 3.037278 s
currentSize : 27 <-- 42.263481 s

maxsize : 27
nodes : 3390967.000000
filtered : 133458669.000000
CCGP filtered : 3650294.000000
CCGT filtered : 6054226.000000
time : 57.356743
