Parameters: GAD=1 vflib=1 dir=0 label=0 lowerbound=1 fileNameGp=../graphsdb/mcs70/bvg/b03/mcs70_b03_s30.A52 fileNameGt=../graphsdb/mcs70/bvg/b03/mcs70_b03_s30.B52
Reading graphs...
30 :  45
30 :  45
Initializing...
maxdom : 30
D->valSize : 900
Solving...
currentSize : 11 <-- 0.011175 s
currentSize : 15 <-- 0.011242 s
currentSize : 16 <-- 0.011272 s
currentSize : 18 <-- 0.011285 s
currentSize : 19 <-- 0.013699 s
currentSize : 21 <-- 0.014648 s
currentSize : 23 <-- 0.018710 s
currentSize : 24 <-- 0.558267 s
currentSize : 25 <-- 1.740289 s

maxsize : 25
nodes : 48191.000000
filtered : 2498790.000000
CCGP filtered : 553839.000000
CCGT filtered : 194756.000000
time : 2.993457
