Parameters: GAD=1 vflib=1 dir=0 label=0 lowerbound=1 fileNameGp=../graphsdb/mcs70/rand/r02/mcs70_r02_s35.A27 fileNameGt=../graphsdb/mcs70/rand/r02/mcs70_r02_s35.B27
Reading graphs...
35 :  219
35 :  215
Initializing...
maxdom : 35
D->valSize : 1225
Solving...
currentSize : 10 <-- 0.017424 s
currentSize : 11 <-- 0.017567 s
currentSize : 12 <-- 0.017756 s
currentSize : 13 <-- 0.027989 s
currentSize : 14 <-- 1.221810 s
currentSize : 15 <-- 23.184792 s
currentSize : 16 <-- 231.964249 s
currentSize : 17 <-- 677.339478 s
currentSize : 18 <-- 683.423096 s
currentSize : 24 <-- 684.426392 s

maxsize : 24
nodes : 59871582.000000
filtered : 959859342.000000
CCGP filtered : 654627.000000
CCGT filtered : 2101154.000000
time : 710.666138
