Parameters: GAD=1 vflib=1 dir=0 label=0 lowerbound=1 fileNameGp=../graphsdb/mcs70/bvg/b09/mcs70_b09_s35.A79 fileNameGt=../graphsdb/mcs70/bvg/b09/mcs70_b09_s35.B79
Reading graphs...
35 :  155
35 :  156
Initializing...
maxdom : 35
D->valSize : 1225
Solving...
currentSize : 14 <-- 0.018453 s
currentSize : 15 <-- 0.018558 s
currentSize : 16 <-- 0.026384 s
currentSize : 17 <-- 0.074988 s
currentSize : 18 <-- 0.367488 s
currentSize : 19 <-- 0.768206 s
currentSize : 20 <-- 1.090849 s
currentSize : 21 <-- 2.734433 s
currentSize : 22 <-- 8.828899 s
currentSize : 23 <-- 10.513867 s
currentSize : 24 <-- 12.346048 s

maxsize : 24
nodes : 3972486.000000
filtered : 173342542.000000
CCGP filtered : 443302.000000
CCGT filtered : 261931.000000
time : 64.425758
