Parameters: GAD=1 vflib=1 dir=0 label=0 lowerbound=1 fileNameGp=../graphsdb/mcs70/bvg/b09m/mcs70_b09m_s35.A80 fileNameGt=../graphsdb/mcs70/bvg/b09m/mcs70_b09m_s35.B80
Reading graphs...
35 :  152
35 :  152
Initializing...
maxdom : 35
D->valSize : 1225
Solving...
currentSize : 13 <-- 0.018355 s
currentSize : 14 <-- 0.018795 s
currentSize : 15 <-- 0.019119 s
currentSize : 16 <-- 0.541620 s
currentSize : 17 <-- 1.836982 s
currentSize : 18 <-- 53.069775 s
currentSize : 19 <-- 113.891663 s
currentSize : 20 <-- 113.891800 s
currentSize : 21 <-- 113.892426 s
currentSize : 24 <-- 113.944328 s

maxsize : 24
nodes : 11710170.000000
filtered : 314687660.000000
CCGP filtered : 6503383.000000
CCGT filtered : 6479538.000000
time : 151.926559
