Parameters: GAD=1 vflib=1 dir=0 label=0 lowerbound=1 fileNameGp=../graphsdb/mcs70/m3D/m3Dr4/mcs70_m3Dr4_s35.A09 fileNameGt=../graphsdb/mcs70/m3D/m3Dr4/mcs70_m3Dr4_s35.B09
Reading graphs...
35 :  84
35 :  85
Initializing...
maxdom : 35
D->valSize : 1225
Solving...
currentSize : 14 <-- 0.020251 s
currentSize : 15 <-- 0.020391 s
currentSize : 16 <-- 0.020727 s
currentSize : 17 <-- 0.023830 s
currentSize : 18 <-- 0.044139 s
currentSize : 19 <-- 0.337868 s
currentSize : 20 <-- 1.042462 s
currentSize : 21 <-- 13.091378 s
currentSize : 22 <-- 50.485561 s
currentSize : 23 <-- 289.554077 s
currentSize : 24 <-- 343.122955 s
currentSize : 25 <-- 429.637177 s
currentSize : 27 <-- 438.490875 s

maxsize : 27
nodes : 31489518.000000
filtered : 1031025314.000000
CCGP filtered : 76629766.000000
CCGT filtered : 35884013.000000
time : 463.504822
