Parameters: GAD=1 vflib=1 dir=0 label=0 lowerbound=1 fileNameGp=../graphsdb/mcs70/bvg/b03/mcs70_b03_s25.A44 fileNameGt=../graphsdb/mcs70/bvg/b03/mcs70_b03_s25.B44
Reading graphs...
25 :  37
25 :  37
Initializing...
maxdom : 25
D->valSize : 625
Solving...
currentSize : 7 <-- 0.009209 s
currentSize : 12 <-- 0.009424 s
currentSize : 13 <-- 0.009659 s
currentSize : 14 <-- 0.010075 s
currentSize : 15 <-- 0.011516 s
currentSize : 16 <-- 0.015636 s
currentSize : 17 <-- 0.064385 s
currentSize : 18 <-- 0.217396 s
currentSize : 19 <-- 0.268456 s
currentSize : 20 <-- 0.475180 s

maxsize : 20
nodes : 52057.000000
filtered : 1374895.000000
CCGP filtered : 428822.000000
CCGT filtered : 237626.000000
time : 0.872163
