Parameters: GAD=1 vflib=1 dir=0 label=0 lowerbound=1 fileNameGp=../graphsdb/mcs70/bvg/b06m/mcs70_b06m_s35.A33 fileNameGt=../graphsdb/mcs70/bvg/b06m/mcs70_b06m_s35.B33
Reading graphs...
35 :  101
35 :  101
Initializing...
maxdom : 35
D->valSize : 1225
Solving...
currentSize : 13 <-- 0.019463 s
currentSize : 14 <-- 0.019548 s
currentSize : 15 <-- 0.019877 s
currentSize : 16 <-- 0.023834 s
currentSize : 17 <-- 0.032142 s
currentSize : 18 <-- 0.086649 s
currentSize : 19 <-- 0.197153 s
currentSize : 20 <-- 11.305623 s
currentSize : 21 <-- 20.425295 s
currentSize : 22 <-- 79.896652 s
currentSize : 24 <-- 199.169785 s

maxsize : 24
nodes : 17317010.000000
filtered : 730711619.000000
CCGP filtered : 47380904.000000
CCGT filtered : 32410133.000000
time : 324.686310
