Parameters: GAD=1 vflib=1 dir=0 label=0 lowerbound=1 fileNameGp=../graphsdb/mcs70/bvg/b03m/mcs70_b03m_s30.A71 fileNameGt=../graphsdb/mcs70/bvg/b03m/mcs70_b03m_s30.B71
Reading graphs...
30 :  45
30 :  45
Initializing...
maxdom : 30
D->valSize : 900
Solving...
currentSize : 15 <-- 0.011302 s
currentSize : 16 <-- 0.011362 s
currentSize : 17 <-- 0.011506 s
currentSize : 18 <-- 0.015971 s
currentSize : 19 <-- 0.032053 s
currentSize : 20 <-- 0.252777 s
currentSize : 21 <-- 1.448780 s
currentSize : 22 <-- 9.634314 s
currentSize : 23 <-- 9.675477 s

maxsize : 23
nodes : 748261.000000
filtered : 22568870.000000
CCGP filtered : 11049860.000000
CCGT filtered : 5484781.000000
time : 15.817313
