Parameters: GAD=1 vflib=1 dir=0 label=0 lowerbound=1 fileNameGp=../graphsdb/mcs70/m2D/m2Dr4/mcs70_m2Dr4_s35.A83 fileNameGt=../graphsdb/mcs70/m2D/m2Dr4/mcs70_m2Dr4_s35.B83
Reading graphs...
35 :  72
35 :  70
Initializing...
maxdom : 35
D->valSize : 1225
Solving...
currentSize : 15 <-- 0.020242 s
currentSize : 16 <-- 0.020353 s
currentSize : 17 <-- 0.020496 s
currentSize : 18 <-- 0.029184 s
currentSize : 19 <-- 0.048218 s
currentSize : 20 <-- 0.161235 s
currentSize : 21 <-- 0.568087 s
currentSize : 22 <-- 63.019867 s
currentSize : 23 <-- 321.103882 s
currentSize : 24 <-- 408.853821 s
currentSize : 26 <-- 530.326965 s

maxsize : 26
nodes : 28969902.000000
filtered : 991997516.000000
CCGP filtered : 131853288.000000
CCGT filtered : 145375438.000000
time : 588.032837
