Parameters: GAD=1 vflib=1 dir=0 label=0 lowerbound=1 fileNameGp=../graphsdb/mcs70/m2D/m2Dr6/m2Dr6/mcs70_m2Dr6_s35.A86 fileNameGt=../graphsdb/mcs70/m2D/m2Dr6/m2Dr6/mcs70_m2Dr6_s35.B86
Reading graphs...
35 :  76
35 :  76
Initializing...
maxdom : 35
D->valSize : 1225
Solving...
currentSize : 17 <-- 0.020102 s
currentSize : 18 <-- 0.020280 s
currentSize : 19 <-- 0.020556 s
currentSize : 20 <-- 0.021929 s
currentSize : 21 <-- 0.121051 s
currentSize : 22 <-- 3.473507 s
currentSize : 23 <-- 54.846348 s
currentSize : 25 <-- 68.061829 s
currentSize : 26 <-- 83.648811 s
currentSize : 27 <-- 134.216309 s

maxsize : 27
nodes : 7998772.000000
filtered : 284170022.000000
CCGP filtered : 17803156.000000
CCGT filtered : 12964743.000000
time : 143.627533
