Parameters: GAD=1 vflib=1 dir=0 label=0 lowerbound=1 fileNameGp=../graphsdb/mcs70/m2D/m2Dr6/m2Dr6/mcs70_m2Dr6_s35.A12 fileNameGt=../graphsdb/mcs70/m2D/m2Dr6/m2Dr6/mcs70_m2Dr6_s35.B12
Reading graphs...
35 :  78
35 :  74
Initializing...
maxdom : 35
D->valSize : 1225
Solving...
currentSize : 11 <-- 0.021185 s
currentSize : 14 <-- 0.021329 s
currentSize : 15 <-- 0.021701 s
currentSize : 16 <-- 0.022003 s
currentSize : 17 <-- 0.023700 s
currentSize : 18 <-- 0.027751 s
currentSize : 19 <-- 0.046396 s
currentSize : 20 <-- 2.019536 s
currentSize : 21 <-- 11.392825 s
currentSize : 22 <-- 45.420391 s
currentSize : 23 <-- 70.029106 s
currentSize : 24 <-- 72.926575 s
currentSize : 25 <-- 72.926857 s

maxsize : 25
nodes : 10632265.000000
filtered : 444583261.000000
CCGP filtered : 48776619.000000
CCGT filtered : 19422484.000000
time : 236.468491
