Parameters: GAD=1 vflib=1 dir=0 label=0 lowerbound=1 fileNameGp=../graphsdb/mcs70/bvg/b06m/mcs70_b06m_s30.A09 fileNameGt=../graphsdb/mcs70/bvg/b06m/mcs70_b06m_s30.B09
Reading graphs...
30 :  87
30 :  88
Initializing...
maxdom : 30
D->valSize : 900
Solving...
currentSize : 11 <-- 0.017943 s
currentSize : 12 <-- 0.018001 s
currentSize : 13 <-- 0.018614 s
currentSize : 14 <-- 0.020257 s
currentSize : 15 <-- 0.021848 s
currentSize : 16 <-- 0.193482 s
currentSize : 17 <-- 0.374140 s
currentSize : 18 <-- 0.613065 s
currentSize : 19 <-- 0.700356 s
currentSize : 22 <-- 0.873114 s

maxsize : 22
nodes : 292333.000000
filtered : 12800212.000000
CCGP filtered : 371106.000000
CCGT filtered : 74703.000000
time : 5.571262
