Parameters: GAD=1 vflib=1 dir=0 label=0 lowerbound=1 fileNameGp=../graphsdb/mcs70/m2D/m2Dr6/m2Dr6/mcs70_m2Dr6_s35.A65 fileNameGt=../graphsdb/mcs70/m2D/m2Dr6/m2Dr6/mcs70_m2Dr6_s35.B65
Reading graphs...
35 :  79
35 :  75
Initializing...
maxdom : 35
D->valSize : 1225
Solving...
currentSize : 9 <-- 0.024334 s
currentSize : 13 <-- 0.024423 s
currentSize : 14 <-- 0.024535 s
currentSize : 15 <-- 0.024856 s
currentSize : 16 <-- 0.027094 s
currentSize : 17 <-- 0.027930 s
currentSize : 18 <-- 0.028082 s
currentSize : 19 <-- 0.059679 s
currentSize : 20 <-- 0.279427 s
currentSize : 21 <-- 2.329418 s
currentSize : 22 <-- 21.609924 s
currentSize : 23 <-- 37.602165 s
currentSize : 25 <-- 542.059814 s

maxsize : 25
nodes : 40229963.000000
filtered : 1355314048.000000
CCGP filtered : 53415644.000000
CCGT filtered : 87347313.000000
time : 759.005066
