Parameters: GAD=1 vflib=1 dir=0 label=0 lowerbound=1 fileNameGp=../graphsdb/mcs70/bvg/b03/mcs70_b03_s30.A99 fileNameGt=../graphsdb/mcs70/bvg/b03/mcs70_b03_s30.B99
Reading graphs...
30 :  45
30 :  45
Initializing...
maxdom : 30
D->valSize : 900
Solving...
currentSize : 11 <-- 0.011293 s
currentSize : 16 <-- 0.011494 s
currentSize : 17 <-- 0.011589 s
currentSize : 18 <-- 0.012017 s
currentSize : 19 <-- 0.019002 s
currentSize : 20 <-- 0.142246 s
currentSize : 21 <-- 0.241548 s
currentSize : 22 <-- 0.290613 s
currentSize : 23 <-- 0.700099 s

maxsize : 23
nodes : 389760.000000
filtered : 15106206.000000
CCGP filtered : 5384941.000000
CCGT filtered : 3405935.000000
time : 13.065564
