Parameters: GAD=1 vflib=1 dir=0 label=0 lowerbound=1 fileNameGp=../graphsdb/mcs70/m3D/m3Dr2/mcs70_m3Dr2_s35.A95 fileNameGt=../graphsdb/mcs70/m3D/m3Dr2/mcs70_m3Dr2_s35.B95
Reading graphs...
35 :  79
35 :  79
Initializing...
maxdom : 35
D->valSize : 1225
Solving...
currentSize : 16 <-- 0.020157 s
currentSize : 17 <-- 0.020264 s
currentSize : 18 <-- 0.038083 s
currentSize : 19 <-- 0.038339 s
currentSize : 20 <-- 0.056191 s
currentSize : 21 <-- 0.195630 s
currentSize : 22 <-- 1.776795 s
currentSize : 23 <-- 29.920828 s
currentSize : 24 <-- 143.030197 s
currentSize : 25 <-- 143.031174 s
currentSize : 27 <-- 143.040894 s

maxsize : 27
nodes : 8981721.000000
filtered : 328613508.000000
CCGP filtered : 25918529.000000
CCGT filtered : 15409816.000000
time : 163.728729
