Parameters: GAD=1 vflib=1 dir=0 label=0 lowerbound=1 fileNameGp=../graphsdb/mcs70/bvg/b09m/mcs70_b09m_s35.A86 fileNameGt=../graphsdb/mcs70/bvg/b09m/mcs70_b09m_s35.B86
Reading graphs...
35 :  149
35 :  145
Initializing...
maxdom : 35
D->valSize : 1225
Solving...
currentSize : 11 <-- 0.032247 s
currentSize : 12 <-- 0.032466 s
currentSize : 13 <-- 0.032607 s
currentSize : 14 <-- 0.032795 s
currentSize : 15 <-- 0.049614 s
currentSize : 16 <-- 3.092818 s
currentSize : 17 <-- 12.007150 s
currentSize : 18 <-- 945.873840 s
currentSize : 19 <-- 945.876465 s
currentSize : 20 <-- 975.262329 s
currentSize : 24 <-- 975.263672 s

maxsize : 24
nodes : 82332747.000000
filtered : 1665156790.000000
CCGP filtered : 56741829.000000
CCGT filtered : 66367057.000000
time : 1009.185486
