Parameters: GAD=1 vflib=1 dir=0 label=0 lowerbound=1 fileNameGp=../graphsdb/mcs70/bvg/b09/mcs70_b09_s35.A67 fileNameGt=../graphsdb/mcs70/bvg/b09/mcs70_b09_s35.B67
Reading graphs...
35 :  156
35 :  156
Initializing...
maxdom : 35
D->valSize : 1225
Solving...
currentSize : 12 <-- 0.031389 s
currentSize : 13 <-- 0.036556 s
currentSize : 14 <-- 0.038074 s
currentSize : 15 <-- 0.221770 s
currentSize : 16 <-- 0.363908 s
currentSize : 17 <-- 1.228753 s
currentSize : 22 <-- 3.696807 s
currentSize : 24 <-- 3.697132 s
currentSize : 25 <-- 11.993359 s

maxsize : 25
nodes : 2291938.000000
filtered : 99484668.000000
CCGP filtered : 366209.000000
CCGT filtered : 255024.000000
time : 36.994408
