Parameters: GAD=1 vflib=1 dir=0 label=0 lowerbound=1 fileNameGp=../graphsdb/mcs70/rand/r01/mcs70_r01_s30.A27 fileNameGt=../graphsdb/mcs70/rand/r01/mcs70_r01_s30.B27
Reading graphs...
30 :  83
30 :  82
Initializing...
maxdom : 30
D->valSize : 900
Solving...
currentSize : 10 <-- 0.010268 s
currentSize : 11 <-- 0.010326 s
currentSize : 12 <-- 0.010410 s
currentSize : 13 <-- 0.010457 s
currentSize : 14 <-- 0.011147 s
currentSize : 15 <-- 0.015823 s
currentSize : 16 <-- 0.153825 s
currentSize : 17 <-- 0.474636 s
currentSize : 18 <-- 56.025841 s
currentSize : 19 <-- 56.025909 s
currentSize : 21 <-- 57.531815 s

maxsize : 21
nodes : 6079089.000000
filtered : 138851327.000000
CCGP filtered : 10372463.000000
CCGT filtered : 11372659.000000
time : 66.291847
