Parameters: GAD=1 vflib=1 dir=0 label=0 lowerbound=1 fileNameGp=../graphsdb/mcs70/bvg/b06m/mcs70_b06m_s35.A81 fileNameGt=../graphsdb/mcs70/bvg/b06m/mcs70_b06m_s35.B81
Reading graphs...
35 :  102
35 :  103
Initializing...
maxdom : 35
D->valSize : 1225
Solving...
currentSize : 15 <-- 0.019336 s
currentSize : 16 <-- 0.024224 s
currentSize : 17 <-- 0.048691 s
currentSize : 18 <-- 0.073356 s
currentSize : 19 <-- 0.289961 s
currentSize : 20 <-- 3.558286 s
currentSize : 21 <-- 67.962257 s
currentSize : 22 <-- 68.901428 s
currentSize : 23 <-- 70.166817 s
currentSize : 24 <-- 137.672699 s
currentSize : 25 <-- 137.835999 s

maxsize : 25
nodes : 8913102.000000
filtered : 350159435.000000
CCGP filtered : 28424556.000000
CCGT filtered : 25920537.000000
time : 166.182053
