Parameters: GAD=1 vflib=1 dir=0 label=0 lowerbound=1 fileNameGp=../graphsdb/mcs70/m2D/m2Dr6/m2Dr6/mcs70_m2Dr6_s35.A38 fileNameGt=../graphsdb/mcs70/m2D/m2Dr6/m2Dr6/mcs70_m2Dr6_s35.B38
Reading graphs...
35 :  78
35 :  76
Initializing...
maxdom : 35
D->valSize : 1225
Solving...
currentSize : 14 <-- 0.020578 s
currentSize : 15 <-- 0.020699 s
currentSize : 16 <-- 0.020752 s
currentSize : 17 <-- 0.023413 s
currentSize : 18 <-- 0.024089 s
currentSize : 19 <-- 0.123345 s
currentSize : 20 <-- 0.127896 s
currentSize : 21 <-- 2.297390 s
currentSize : 22 <-- 4.750442 s
currentSize : 23 <-- 307.109283 s
currentSize : 25 <-- 548.053040 s

maxsize : 25
nodes : 32754104.000000
filtered : 1102740968.000000
CCGP filtered : 177158509.000000
CCGT filtered : 120978070.000000
time : 599.527405
