Parameters: GAD=1 vflib=1 dir=0 label=0 lowerbound=1 fileNameGp=../graphsdb/mcs70/bvg/b06/mcs70_b06_s30.A97 fileNameGt=../graphsdb/mcs70/bvg/b06/mcs70_b06_s30.B97
Reading graphs...
30 :  90
30 :  90
Initializing...
maxdom : 30
D->valSize : 900
Solving...
currentSize : 14 <-- 0.017935 s
currentSize : 15 <-- 0.018414 s
currentSize : 16 <-- 0.019654 s
currentSize : 17 <-- 0.027882 s
currentSize : 18 <-- 0.051380 s
currentSize : 19 <-- 0.387030 s
currentSize : 20 <-- 0.616735 s
currentSize : 21 <-- 0.662143 s
currentSize : 22 <-- 0.686999 s

maxsize : 22
nodes : 433862.000000
filtered : 16291411.000000
CCGP filtered : 472808.000000
CCGT filtered : 209301.000000
time : 8.823473
