Parameters: GAD=1 vflib=1 dir=0 label=0 lowerbound=1 fileNameGp=../graphsdb/mcs70/bvg/b09/mcs70_b09_s35.A59 fileNameGt=../graphsdb/mcs70/bvg/b09/mcs70_b09_s35.B59
Reading graphs...
35 :  152
35 :  155
Initializing...
maxdom : 35
D->valSize : 1225
Solving...
currentSize : 12 <-- 0.032032 s
currentSize : 13 <-- 0.032547 s
currentSize : 14 <-- 0.033053 s
currentSize : 15 <-- 0.036824 s
currentSize : 16 <-- 0.057189 s
currentSize : 17 <-- 0.057485 s
currentSize : 18 <-- 0.059275 s
currentSize : 19 <-- 0.309392 s
currentSize : 23 <-- 1.307196 s
currentSize : 24 <-- 1.307468 s
currentSize : 26 <-- 3.056693 s

maxsize : 26
nodes : 826921.000000
filtered : 43197229.000000
CCGP filtered : 85962.000000
CCGT filtered : 44556.000000
time : 14.898797
