Parameters: GAD=1 vflib=1 dir=0 label=0 lowerbound=1 fileNameGp=../graphsdb/mcs70/bvg/b06m/mcs70_b06m_s30.A27 fileNameGt=../graphsdb/mcs70/bvg/b06m/mcs70_b06m_s30.B27
Reading graphs...
30 :  86
30 :  87
Initializing...
maxdom : 30
D->valSize : 900
Solving...
currentSize : 13 <-- 0.010281 s
currentSize : 14 <-- 0.010859 s
currentSize : 15 <-- 0.011002 s
currentSize : 16 <-- 0.017604 s
currentSize : 17 <-- 0.237933 s
currentSize : 18 <-- 3.468119 s
currentSize : 19 <-- 21.490395 s
currentSize : 20 <-- 22.718952 s
currentSize : 21 <-- 22.719095 s
currentSize : 22 <-- 24.375246 s

maxsize : 22
nodes : 2076477.000000
filtered : 65773140.000000
CCGP filtered : 5860700.000000
CCGT filtered : 6040228.000000
time : 26.441477
