Parameters: GAD=1 vflib=1 dir=0 label=0 lowerbound=1 fileNameGp=../graphsdb/mcs70/rand/r01/mcs70_r01_s30.A05 fileNameGt=../graphsdb/mcs70/rand/r01/mcs70_r01_s30.B05
Reading graphs...
30 :  80
30 :  82
Initializing...
maxdom : 30
D->valSize : 900
Solving...
currentSize : 11 <-- 0.010304 s
currentSize : 12 <-- 0.010376 s
currentSize : 14 <-- 0.011235 s
currentSize : 15 <-- 0.016534 s
currentSize : 16 <-- 0.027032 s
currentSize : 17 <-- 0.216289 s
currentSize : 18 <-- 3.061370 s
currentSize : 19 <-- 22.760164 s
currentSize : 20 <-- 22.760258 s
currentSize : 21 <-- 22.762117 s

maxsize : 21
nodes : 2200778.000000
filtered : 69871511.000000
CCGP filtered : 4638527.000000
CCGT filtered : 3705127.000000
time : 29.250032
