Parameters: GAD=1 vflib=1 dir=0 label=0 lowerbound=1 fileNameGp=../graphsdb/mcs70/m2D/m2Dr4/mcs70_m2Dr4_s35.A86 fileNameGt=../graphsdb/mcs70/m2D/m2Dr4/mcs70_m2Dr4_s35.B86
Reading graphs...
35 :  71
35 :  71
Initializing...
maxdom : 35
D->valSize : 1225
Solving...
currentSize : 14 <-- 0.020265 s
currentSize : 15 <-- 0.020401 s
currentSize : 16 <-- 0.020516 s
currentSize : 17 <-- 0.020614 s
currentSize : 18 <-- 0.023330 s
currentSize : 19 <-- 0.024401 s
currentSize : 20 <-- 0.029860 s
currentSize : 21 <-- 0.714732 s
currentSize : 22 <-- 1.225013 s
currentSize : 23 <-- 14.584887 s
currentSize : 24 <-- 202.923264 s
currentSize : 25 <-- 418.632996 s

maxsize : 25
nodes : 25702970.000000
filtered : 971448587.000000
CCGP filtered : 105236638.000000
CCGT filtered : 106775763.000000
time : 489.282257
