Parameters: GAD=1 vflib=1 dir=0 label=0 lowerbound=1 fileNameGp=../graphsdb/mcs70/bvg/b03m/mcs70_b03m_s35.A09 fileNameGt=../graphsdb/mcs70/bvg/b03m/mcs70_b03m_s35.B09
Reading graphs...
35 :  51
35 :  51
Initializing...
maxdom : 35
D->valSize : 1225
Solving...
currentSize : 18 <-- 0.020952 s
currentSize : 20 <-- 0.021255 s
currentSize : 21 <-- 0.023798 s
currentSize : 22 <-- 0.023897 s
currentSize : 23 <-- 0.146797 s
currentSize : 24 <-- 2.748603 s
currentSize : 25 <-- 7.373643 s
currentSize : 26 <-- 7.409873 s
currentSize : 27 <-- 7.600802 s

maxsize : 27
nodes : 753170.000000
filtered : 29814345.000000
CCGP filtered : 17782103.000000
CCGT filtered : 12744197.000000
time : 22.484243
