Parameters: GAD=1 vflib=1 dir=0 label=0 lowerbound=1 fileNameGp=../graphsdb/mcs70/bvg/b06m/mcs70_b06m_s35.A45 fileNameGt=../graphsdb/mcs70/bvg/b06m/mcs70_b06m_s35.B45
Reading graphs...
35 :  102
35 :  103
Initializing...
maxdom : 35
D->valSize : 1225
Solving...
currentSize : 15 <-- 0.033661 s
currentSize : 16 <-- 0.034370 s
currentSize : 17 <-- 0.035333 s
currentSize : 18 <-- 0.037353 s
currentSize : 19 <-- 0.291602 s
currentSize : 20 <-- 1.135105 s
currentSize : 21 <-- 47.410385 s
currentSize : 22 <-- 67.037361 s
currentSize : 23 <-- 67.037598 s
currentSize : 25 <-- 145.224548 s

maxsize : 25
nodes : 8257240.000000
filtered : 342771610.000000
CCGP filtered : 24661734.000000
CCGT filtered : 16837981.000000
time : 179.223602
