Parameters: GAD=1 vflib=1 dir=0 label=0 lowerbound=1 fileNameGp=../graphsdb/mcs70/m4D/m4Dr4/mcs70_m4Dr4_s25.A79 fileNameGt=../graphsdb/mcs70/m4D/m4Dr4/mcs70_m4Dr4_s25.B79
Reading graphs...
25 :  55
25 :  54
Initializing...
maxdom : 25
D->valSize : 625
Solving...
currentSize : 5 <-- 0.008810 s
currentSize : 9 <-- 0.008959 s
currentSize : 11 <-- 0.008988 s
currentSize : 12 <-- 0.009310 s
currentSize : 13 <-- 0.009857 s
currentSize : 14 <-- 0.011560 s
currentSize : 15 <-- 0.021292 s
currentSize : 16 <-- 0.035062 s
currentSize : 17 <-- 0.258223 s
currentSize : 18 <-- 1.181127 s

maxsize : 18
nodes : 89480.000000
filtered : 3014173.000000
CCGP filtered : 474630.000000
CCGT filtered : 480586.000000
time : 1.834395
