Parameters: GAD=1 vflib=1 dir=0 label=0 lowerbound=1 fileNameGp=../graphsdb/mcs70/m2D/m2D/mcs70_m2D_s35.A86 fileNameGt=../graphsdb/mcs70/m2D/m2D/mcs70_m2D_s35.B86
Reading graphs...
35 :  58
35 :  57
Initializing...
maxdom : 35
D->valSize : 1225
Solving...
currentSize : 15 <-- 0.024084 s
currentSize : 19 <-- 0.024139 s
currentSize : 21 <-- 0.024635 s
currentSize : 22 <-- 0.031427 s
currentSize : 23 <-- 0.062003 s
currentSize : 24 <-- 0.064309 s
currentSize : 25 <-- 4.934300 s
currentSize : 26 <-- 24.509497 s
currentSize : 27 <-- 25.247145 s
currentSize : 28 <-- 29.460398 s

maxsize : 28
nodes : 1381377.000000
filtered : 52941001.000000
CCGP filtered : 16088494.000000
CCGT filtered : 8066248.000000
time : 50.140682
