Parameters: GAD=1 vflib=1 dir=0 label=0 lowerbound=1 fileNameGp=../graphsdb/mcs70/m2D/m2Dr6/m2Dr6/mcs70_m2Dr6_s35.A63 fileNameGt=../graphsdb/mcs70/m2D/m2Dr6/m2Dr6/mcs70_m2Dr6_s35.B63
Reading graphs...
35 :  78
35 :  78
Initializing...
maxdom : 35
D->valSize : 1225
Solving...
currentSize : 14 <-- 0.035341 s
currentSize : 15 <-- 0.035524 s
currentSize : 16 <-- 0.037445 s
currentSize : 17 <-- 0.037764 s
currentSize : 18 <-- 0.073189 s
currentSize : 19 <-- 0.256180 s
currentSize : 20 <-- 4.159211 s
currentSize : 21 <-- 6.953021 s
currentSize : 22 <-- 56.741241 s
currentSize : 23 <-- 644.055237 s
currentSize : 24 <-- 644.055542 s
currentSize : 25 <-- 645.055603 s

maxsize : 25
nodes : 48094984.000000
filtered : 1445344140.000000
CCGP filtered : 133698210.000000
CCGT filtered : 115984467.000000
time : 823.843018
