Parameters: GAD=1 vflib=1 dir=0 label=0 lowerbound=1 fileNameGp=../graphsdb/mcs70/rand/r005/mcs70_r005_s30.A54 fileNameGt=../graphsdb/mcs70/rand/r005/mcs70_r005_s30.B54
Reading graphs...
30 :  41
30 :  42
Initializing...
maxdom : 30
D->valSize : 900
Solving...
currentSize : 14 <-- 0.011296 s
currentSize : 15 <-- 0.011512 s
currentSize : 16 <-- 0.014365 s
currentSize : 18 <-- 0.030188 s
currentSize : 19 <-- 0.030256 s
currentSize : 20 <-- 0.030558 s
currentSize : 21 <-- 0.451858 s
currentSize : 22 <-- 1.360522 s
currentSize : 23 <-- 1.366722 s

maxsize : 23
nodes : 192725.000000
filtered : 5970051.000000
CCGP filtered : 3572893.000000
CCGT filtered : 2661622.000000
time : 4.298302
