Parameters: GAD=1 vflib=1 dir=0 label=0 lowerbound=1 fileNameGp=../graphsdb/mcs70/bvg/b03m/mcs70_b03m_s35.A24 fileNameGt=../graphsdb/mcs70/bvg/b03m/mcs70_b03m_s35.B24
Reading graphs...
35 :  52
35 :  52
Initializing...
maxdom : 35
D->valSize : 1225
Solving...
currentSize : 16 <-- 0.037086 s
currentSize : 17 <-- 0.037143 s
currentSize : 18 <-- 0.037374 s
currentSize : 19 <-- 0.044708 s
currentSize : 20 <-- 0.048572 s
currentSize : 21 <-- 0.069074 s
currentSize : 22 <-- 1.498223 s
currentSize : 23 <-- 2.389142 s
currentSize : 24 <-- 8.988777 s
currentSize : 25 <-- 42.938164 s
currentSize : 27 <-- 88.287308 s

maxsize : 27
nodes : 4336797.000000
filtered : 137771762.000000
CCGP filtered : 97660184.000000
CCGT filtered : 47880570.000000
time : 115.586075
