Parameters: GAD=1 vflib=1 dir=0 label=0 lowerbound=1 fileNameGp=../graphsdb/mcs70/bvg/b06m/mcs70_b06m_s35.A00 fileNameGt=../graphsdb/mcs70/bvg/b06m/mcs70_b06m_s35.B00
Reading graphs...
35 :  102
35 :  101
Initializing...
maxdom : 35
D->valSize : 1225
Solving...
currentSize : 11 <-- 0.019563 s
currentSize : 13 <-- 0.019599 s
currentSize : 14 <-- 0.019686 s
currentSize : 15 <-- 0.020457 s
currentSize : 16 <-- 0.043318 s
currentSize : 17 <-- 0.076706 s
currentSize : 18 <-- 0.188180 s
currentSize : 19 <-- 0.917122 s
currentSize : 20 <-- 10.845736 s
currentSize : 21 <-- 551.082581 s
currentSize : 22 <-- 574.691956 s
currentSize : 23 <-- 574.692139 s
currentSize : 24 <-- 622.085938 s
currentSize : 26 <-- 636.378418 s

maxsize : 26
nodes : 37006457.000000
filtered : 1158853240.000000
CCGP filtered : 99968454.000000
CCGT filtered : 89555266.000000
time : 657.198547
