Parameters: GAD=1 vflib=1 dir=0 label=0 lowerbound=1 fileNameGp=../graphsdb/mcs70/bvg/b06/mcs70_b06_s30.A29 fileNameGt=../graphsdb/mcs70/bvg/b06/mcs70_b06_s30.B29
Reading graphs...
30 :  89
30 :  88
Initializing...
maxdom : 30
D->valSize : 900
Solving...
currentSize : 15 <-- 0.010177 s
currentSize : 16 <-- 0.011401 s
currentSize : 17 <-- 0.013404 s
currentSize : 18 <-- 0.015768 s
currentSize : 19 <-- 0.028359 s
currentSize : 20 <-- 0.041147 s
currentSize : 21 <-- 0.074382 s
currentSize : 22 <-- 1.248514 s
currentSize : 23 <-- 1.640533 s

maxsize : 23
nodes : 220245.000000
filtered : 9234883.000000
CCGP filtered : 454742.000000
CCGT filtered : 134948.000000
time : 4.288115
