Parameters: GAD=1 vflib=1 dir=0 label=0 lowerbound=1 fileNameGp=../graphsdb/mcs70/rand/r01/mcs70_r01_s35.A33 fileNameGt=../graphsdb/mcs70/rand/r01/mcs70_r01_s35.B33
Reading graphs...
35 :  113
35 :  112
Initializing...
maxdom : 35
D->valSize : 1225
Solving...
currentSize : 12 <-- 0.019006 s
currentSize : 14 <-- 0.019052 s
currentSize : 15 <-- 0.019236 s
currentSize : 16 <-- 0.019452 s
currentSize : 17 <-- 0.022018 s
currentSize : 18 <-- 0.565445 s
currentSize : 19 <-- 5.672722 s
currentSize : 20 <-- 74.062683 s
currentSize : 21 <-- 1491.027710 s
currentSize : 23 <-- 1491.245361 s
currentSize : 24 <-- 1491.606812 s

maxsize : 24
nodes : 119460988.000000
filtered : 3359421732.000000
CCGP filtered : 101473370.000000
CCGT filtered : 85565318.000000
time : 1602.456177
