Parameters: GAD=1 vflib=1 dir=0 label=0 lowerbound=1 fileNameGp=../graphsdb/mcs70/bvg/b09m/mcs70_b09m_s35.A93 fileNameGt=../graphsdb/mcs70/bvg/b09m/mcs70_b09m_s35.B93
Reading graphs...
35 :  149
35 :  150
Initializing...
maxdom : 35
D->valSize : 1225
Solving...
currentSize : 11 <-- 0.023378 s
currentSize : 12 <-- 0.023467 s
currentSize : 13 <-- 0.025444 s
currentSize : 15 <-- 0.027532 s
currentSize : 16 <-- 0.175558 s
currentSize : 17 <-- 3.044649 s
currentSize : 18 <-- 39.361984 s
currentSize : 19 <-- 100.380386 s
currentSize : 21 <-- 271.101990 s
currentSize : 22 <-- 271.102112 s
currentSize : 24 <-- 271.102325 s

maxsize : 24
nodes : 24299001.000000
filtered : 651021549.000000
CCGP filtered : 3132940.000000
CCGT filtered : 11508438.000000
time : 319.777924
