Parameters: GAD=1 vflib=1 dir=0 label=0 lowerbound=1 fileNameGp=../graphsdb/mcs70/rand/r005/mcs70_r005_s20.A15 fileNameGt=../graphsdb/mcs70/rand/r005/mcs70_r005_s20.B15
Reading graphs...
20 :  23
20 :  23
Initializing...
maxdom : 20
D->valSize : 400
Solving...
currentSize : 6 <-- 0.002321 s
currentSize : 7 <-- 0.002343 s
currentSize : 8 <-- 0.002372 s
currentSize : 9 <-- 0.002473 s
currentSize : 10 <-- 0.002511 s
currentSize : 11 <-- 0.003073 s
currentSize : 12 <-- 0.005519 s
currentSize : 13 <-- 0.010067 s
currentSize : 14 <-- 0.022025 s
currentSize : 15 <-- 0.034464 s

maxsize : 15
nodes : 5400.000000
filtered : 111058.000000
CCGP filtered : 102770.000000
CCGT filtered : 88071.000000
time : 0.076541
