Parameters: GAD=1 vflib=1 dir=0 label=0 lowerbound=1 fileNameGp=../graphsdb/mcs70/m2D/m2Dr2/mcs70_m2Dr2_s35.A64 fileNameGt=../graphsdb/mcs70/m2D/m2Dr2/mcs70_m2Dr2_s35.B64
Reading graphs...
35 :  65
35 :  63
Initializing...
maxdom : 35
D->valSize : 1225
Solving...
currentSize : 14 <-- 0.020818 s
currentSize : 15 <-- 0.020869 s
currentSize : 19 <-- 0.020992 s
currentSize : 20 <-- 0.021087 s
currentSize : 21 <-- 0.411239 s
currentSize : 22 <-- 0.711978 s
currentSize : 23 <-- 17.308132 s
currentSize : 24 <-- 80.585114 s
currentSize : 25 <-- 432.664398 s
currentSize : 27 <-- 432.928284 s

maxsize : 27
nodes : 24033263.000000
filtered : 824116349.000000
CCGP filtered : 153939519.000000
CCGT filtered : 118446621.000000
time : 470.676422
