Parameters: GAD=1 vflib=1 dir=0 label=0 lowerbound=1 fileNameGp=../graphsdb/mcs70/m3D/m3D/mcs70_m3D_s35.A50 fileNameGt=../graphsdb/mcs70/m3D/m3D/mcs70_m3D_s35.B50
Reading graphs...
35 :  72
35 :  72
Initializing...
maxdom : 35
D->valSize : 1225
Solving...
currentSize : 17 <-- 0.036143 s
currentSize : 18 <-- 0.036357 s
currentSize : 19 <-- 0.037954 s
currentSize : 20 <-- 0.135197 s
currentSize : 21 <-- 0.139512 s
currentSize : 22 <-- 0.268653 s
currentSize : 23 <-- 11.021775 s
currentSize : 24 <-- 34.602097 s
currentSize : 25 <-- 43.420521 s
currentSize : 27 <-- 45.354912 s
currentSize : 28 <-- 45.905334 s

maxsize : 28
nodes : 3339762.000000
filtered : 109604000.000000
CCGP filtered : 10120463.000000
CCGT filtered : 6459343.000000
time : 62.265766
