Parameters: GAD=1 vflib=1 dir=0 label=0 lowerbound=1 fileNameGp=../graphsdb/mcs70/m3D/m3Dr2/mcs70_m3Dr2_s35.A99 fileNameGt=../graphsdb/mcs70/m3D/m3Dr2/mcs70_m3Dr2_s35.B99
Reading graphs...
35 :  79
35 :  78
Initializing...
maxdom : 35
D->valSize : 1225
Solving...
currentSize : 13 <-- 0.020251 s
currentSize : 15 <-- 0.020293 s
currentSize : 18 <-- 0.020387 s
currentSize : 20 <-- 0.022577 s
currentSize : 21 <-- 0.036053 s
currentSize : 22 <-- 0.036208 s
currentSize : 23 <-- 22.720568 s
currentSize : 24 <-- 51.873264 s
currentSize : 27 <-- 243.884064 s

maxsize : 27
nodes : 14216475.000000
filtered : 520674529.000000
CCGP filtered : 32279104.000000
CCGT filtered : 32598617.000000
time : 253.936844
