Parameters: GAD=1 vflib=1 dir=0 label=0 lowerbound=1 fileNameGp=../graphsdb/mcs70/m3D/m3Dr4/mcs70_m3Dr4_s35.A10 fileNameGt=../graphsdb/mcs70/m3D/m3Dr4/mcs70_m3Dr4_s35.B10
Reading graphs...
35 :  84
35 :  85
Initializing...
maxdom : 35
D->valSize : 1225
Solving...
currentSize : 14 <-- 0.034663 s
currentSize : 15 <-- 0.034854 s
currentSize : 16 <-- 0.035522 s
currentSize : 17 <-- 0.037095 s
currentSize : 18 <-- 0.038230 s
currentSize : 19 <-- 0.054945 s
currentSize : 21 <-- 0.173892 s
currentSize : 22 <-- 10.355184 s
currentSize : 23 <-- 38.107113 s
currentSize : 24 <-- 38.107273 s
currentSize : 25 <-- 147.656036 s
currentSize : 27 <-- 147.660934 s

maxsize : 27
nodes : 9360771.000000
filtered : 359842206.000000
CCGP filtered : 14894598.000000
CCGT filtered : 11161066.000000
time : 172.302261
