Parameters: GAD=1 vflib=1 dir=0 label=0 lowerbound=1 fileNameGp=../graphsdb/mcs70/m3D/m3Dr2/mcs70_m3Dr2_s35.A27 fileNameGt=../graphsdb/mcs70/m3D/m3Dr2/mcs70_m3Dr2_s35.B27
Reading graphs...
35 :  79
35 :  79
Initializing...
maxdom : 35
D->valSize : 1225
Solving...
currentSize : 13 <-- 0.020099 s
currentSize : 14 <-- 0.020303 s
currentSize : 16 <-- 0.020426 s
currentSize : 17 <-- 0.021885 s
currentSize : 18 <-- 0.022776 s
currentSize : 19 <-- 0.076606 s
currentSize : 20 <-- 0.240833 s
currentSize : 21 <-- 1.749672 s
currentSize : 22 <-- 10.768538 s
currentSize : 23 <-- 1159.346558 s
currentSize : 24 <-- 1446.082520 s
currentSize : 27 <-- 1450.792358 s

maxsize : 27
nodes : 99147093.000000
filtered : 2765146569.000000
CCGP filtered : 169869639.000000
CCGT filtered : 151535148.000000
time : 1495.311768
