Parameters: GAD=1 vflib=1 dir=0 label=0 lowerbound=1 fileNameGp=../graphsdb/mcs70/bvg/b03m/mcs70_b03m_s30.A79 fileNameGt=../graphsdb/mcs70/bvg/b03m/mcs70_b03m_s30.B79
Reading graphs...
30 :  44
30 :  45
Initializing...
maxdom : 30
D->valSize : 900
Solving...
currentSize : 11 <-- 0.019644 s
currentSize : 14 <-- 0.019715 s
currentSize : 15 <-- 0.020452 s
currentSize : 16 <-- 0.020891 s
currentSize : 17 <-- 0.021042 s
currentSize : 18 <-- 0.021331 s
currentSize : 19 <-- 0.021528 s
currentSize : 20 <-- 0.247445 s
currentSize : 21 <-- 0.258692 s
currentSize : 22 <-- 2.290678 s
currentSize : 23 <-- 2.769451 s

maxsize : 23
nodes : 337384.000000
filtered : 12178998.000000
CCGP filtered : 5031702.000000
CCGT filtered : 2554939.000000
time : 10.633578
