Parameters: GAD=1 vflib=1 dir=0 label=0 lowerbound=1 fileNameGp=../graphsdb/mcs70/rand/r005/mcs70_r005_s25.A85 fileNameGt=../graphsdb/mcs70/rand/r005/mcs70_r005_s25.B85
Reading graphs...
25 :  33
25 :  33
Initializing...
maxdom : 25
D->valSize : 625
Solving...
currentSize : 10 <-- 0.005932 s
currentSize : 11 <-- 0.006189 s
currentSize : 13 <-- 0.007489 s
currentSize : 14 <-- 0.007737 s
currentSize : 15 <-- 0.007958 s
currentSize : 16 <-- 0.008703 s
currentSize : 17 <-- 0.008821 s
currentSize : 18 <-- 0.032903 s
currentSize : 19 <-- 1.003692 s

maxsize : 19
nodes : 55444.000000
filtered : 1639811.000000
CCGP filtered : 784874.000000
CCGT filtered : 504567.000000
time : 1.581046
