Parameters: GAD=1 vflib=1 dir=0 label=0 lowerbound=1 fileNameGp=../graphsdb/mcs70/bvg/b09/mcs70_b09_s30.A14 fileNameGt=../graphsdb/mcs70/bvg/b09/mcs70_b09_s30.B14
Reading graphs...
30 :  134
30 :  134
Initializing...
maxdom : 30
D->valSize : 900
Solving...
currentSize : 9 <-- 0.016369 s
currentSize : 10 <-- 0.017028 s
currentSize : 11 <-- 0.017916 s
currentSize : 12 <-- 0.030213 s
currentSize : 13 <-- 0.036453 s
currentSize : 14 <-- 0.048327 s
currentSize : 15 <-- 0.294318 s
currentSize : 17 <-- 0.516217 s
currentSize : 18 <-- 0.581406 s
currentSize : 19 <-- 0.581507 s
currentSize : 20 <-- 0.581622 s
currentSize : 21 <-- 1.882360 s

maxsize : 21
nodes : 666250.000000
filtered : 22477884.000000
CCGP filtered : 6558.000000
CCGT filtered : 10071.000000
time : 8.556093
