Parameters: GAD=1 vflib=1 dir=0 label=0 lowerbound=1 fileNameGp=../graphsdb/mcs70/rand/r01/mcs70_r01_s35.A00 fileNameGt=../graphsdb/mcs70/rand/r01/mcs70_r01_s35.B00
Reading graphs...
35 :  114
35 :  113
Initializing...
maxdom : 35
D->valSize : 1225
Solving...
currentSize : 16 <-- 0.019576 s
currentSize : 17 <-- 0.020045 s
currentSize : 18 <-- 0.056725 s
currentSize : 19 <-- 0.770207 s
currentSize : 20 <-- 101.077278 s
currentSize : 21 <-- 759.021912 s
currentSize : 22 <-- 815.082153 s
currentSize : 23 <-- 815.082397 s
currentSize : 24 <-- 815.082703 s

maxsize : 24
nodes : 62856654.000000
filtered : 1777723580.000000
CCGP filtered : 53447992.000000
CCGT filtered : 66844775.000000
time : 889.392090
