Parameters: GAD=1 vflib=1 dir=0 label=0 lowerbound=1 fileNameGp=../graphsdb/mcs70/bvg/b09/mcs70_b09_s35.A68 fileNameGt=../graphsdb/mcs70/bvg/b09/mcs70_b09_s35.B68
Reading graphs...
35 :  157
35 :  156
Initializing...
maxdom : 35
D->valSize : 1225
Solving...
currentSize : 13 <-- 0.018104 s
currentSize : 14 <-- 0.022742 s
currentSize : 15 <-- 0.246907 s
currentSize : 16 <-- 1.505221 s
currentSize : 17 <-- 10.276285 s
currentSize : 18 <-- 19.922670 s
currentSize : 19 <-- 26.348871 s
currentSize : 20 <-- 26.898640 s
currentSize : 21 <-- 27.363024 s
currentSize : 22 <-- 27.363400 s
currentSize : 23 <-- 27.511696 s
currentSize : 24 <-- 27.512268 s
currentSize : 25 <-- 27.631624 s

maxsize : 25
nodes : 3467694.000000
filtered : 100852832.000000
CCGP filtered : 1053962.000000
CCGT filtered : 978194.000000
time : 48.134533
