Parameters: GAD=1 vflib=1 dir=0 label=0 lowerbound=1 fileNameGp=../graphsdb/mcs70/bvg/b09m/mcs70_b09m_s30.A11 fileNameGt=../graphsdb/mcs70/bvg/b09m/mcs70_b09m_s30.B11
Reading graphs...
30 :  131
30 :  128
Initializing...
maxdom : 30
D->valSize : 900
Solving...
currentSize : 10 <-- 0.016742 s
currentSize : 11 <-- 0.016878 s
currentSize : 12 <-- 0.017807 s
currentSize : 13 <-- 0.033183 s
currentSize : 14 <-- 0.084481 s
currentSize : 15 <-- 0.957097 s
currentSize : 16 <-- 3.677863 s
currentSize : 17 <-- 10.888062 s
currentSize : 20 <-- 23.256807 s

maxsize : 20
nodes : 2879786.000000
filtered : 74086673.000000
CCGP filtered : 212866.000000
CCGT filtered : 414047.000000
time : 34.046089
