Parameters: GAD=1 vflib=1 dir=0 label=0 lowerbound=1 fileNameGp=../graphsdb/mcs70/m2D/m2Dr2/mcs70_m2Dr2_s35.A11 fileNameGt=../graphsdb/mcs70/m2D/m2Dr2/mcs70_m2Dr2_s35.B11
Reading graphs...
35 :  65
35 :  64
Initializing...
maxdom : 35
D->valSize : 1225
Solving...
currentSize : 11 <-- 0.020430 s
currentSize : 15 <-- 0.020643 s
currentSize : 18 <-- 0.020736 s
currentSize : 19 <-- 0.021407 s
currentSize : 20 <-- 0.021892 s
currentSize : 21 <-- 0.050206 s
currentSize : 22 <-- 0.203838 s
currentSize : 23 <-- 7.464648 s
currentSize : 24 <-- 19.082232 s
currentSize : 25 <-- 163.851822 s
currentSize : 26 <-- 163.852020 s
currentSize : 27 <-- 163.870041 s

maxsize : 27
nodes : 5941266.000000
filtered : 232576912.000000
CCGP filtered : 60069218.000000
CCGT filtered : 35410760.000000
time : 193.483215
