Parameters: GAD=1 vflib=1 dir=0 label=0 lowerbound=1 fileNameGp=../graphsdb/mcs70/rand/r02/mcs70_r02_s30.A53 fileNameGt=../graphsdb/mcs70/rand/r02/mcs70_r02_s30.B53
Reading graphs...
30 :  155
30 :  155
Initializing...
maxdom : 30
D->valSize : 900
Solving...
currentSize : 10 <-- 0.014336 s
currentSize : 11 <-- 0.014496 s
currentSize : 12 <-- 0.015442 s
currentSize : 13 <-- 0.051574 s
currentSize : 14 <-- 8.283282 s
currentSize : 15 <-- 36.190880 s
currentSize : 16 <-- 44.590755 s
currentSize : 17 <-- 44.590836 s
currentSize : 21 <-- 45.124592 s

maxsize : 21
nodes : 5066215.000000
filtered : 76837253.000000
CCGP filtered : 208738.000000
CCGT filtered : 368091.000000
time : 52.599228
