Parameters: GAD=1 vflib=1 dir=0 label=0 lowerbound=1 fileNameGp=../graphsdb/mcs70/m3D/m3Dr4/mcs70_m3Dr4_s35.A76 fileNameGt=../graphsdb/mcs70/m3D/m3Dr4/mcs70_m3Dr4_s35.B76
Reading graphs...
35 :  85
35 :  84
Initializing...
maxdom : 35
D->valSize : 1225
Solving...
currentSize : 18 <-- 0.019790 s
currentSize : 19 <-- 0.019933 s
currentSize : 20 <-- 0.020509 s
currentSize : 21 <-- 0.047943 s
currentSize : 22 <-- 45.726826 s
currentSize : 23 <-- 312.363647 s
currentSize : 24 <-- 356.534821 s
currentSize : 26 <-- 394.831573 s
currentSize : 28 <-- 394.831787 s

maxsize : 28
nodes : 25734047.000000
filtered : 811935763.000000
CCGP filtered : 43114321.000000
CCGT filtered : 38142191.000000
time : 404.011658
