Parameters: GAD=1 vflib=1 dir=0 label=0 lowerbound=1 fileNameGp=../graphsdb/mcs70/bvg/b09/mcs70_b09_s35.A85 fileNameGt=../graphsdb/mcs70/bvg/b09/mcs70_b09_s35.B85
Reading graphs...
35 :  155
35 :  156
Initializing...
maxdom : 35
D->valSize : 1225
Solving...
currentSize : 12 <-- 0.018243 s
currentSize : 14 <-- 0.018331 s
currentSize : 15 <-- 0.018801 s
currentSize : 16 <-- 0.019712 s
currentSize : 17 <-- 0.093301 s
currentSize : 18 <-- 0.395538 s
currentSize : 19 <-- 0.395942 s
currentSize : 20 <-- 0.484256 s
currentSize : 21 <-- 0.486851 s
currentSize : 22 <-- 2.750418 s
currentSize : 23 <-- 5.418243 s
currentSize : 24 <-- 43.155506 s

maxsize : 24
nodes : 5130668.000000
filtered : 227174731.000000
CCGP filtered : 296602.000000
CCGT filtered : 489521.000000
time : 82.949364
