Parameters: GAD=1 vflib=1 dir=0 label=0 lowerbound=1 fileNameGp=../graphsdb/mcs70/bvg/b06/mcs70_b06_s35.A69 fileNameGt=../graphsdb/mcs70/bvg/b06/mcs70_b06_s35.B69
Reading graphs...
35 :  104
35 :  104
Initializing...
maxdom : 35
D->valSize : 1225
Solving...
currentSize : 17 <-- 0.019768 s
currentSize : 18 <-- 0.019842 s
currentSize : 19 <-- 0.065981 s
currentSize : 20 <-- 0.081166 s
currentSize : 21 <-- 0.142651 s
currentSize : 22 <-- 3.263785 s
currentSize : 23 <-- 5.233493 s
currentSize : 24 <-- 36.878643 s
currentSize : 25 <-- 45.141964 s
currentSize : 26 <-- 72.500000 s

maxsize : 26
nodes : 3400632.000000
filtered : 159578353.000000
CCGP filtered : 7164215.000000
CCGT filtered : 4898930.000000
time : 91.913002
