Parameters: GAD=1 vflib=1 dir=0 label=0 lowerbound=1 fileNameGp=../graphsdb/mcs70/bvg/b03/mcs70_b03_s25.A41 fileNameGt=../graphsdb/mcs70/bvg/b03/mcs70_b03_s25.B41
Reading graphs...
25 :  36
25 :  37
Initializing...
maxdom : 25
D->valSize : 625
Solving...
currentSize : 10 <-- 0.005261 s
currentSize : 12 <-- 0.005290 s
currentSize : 13 <-- 0.005360 s
currentSize : 14 <-- 0.006913 s
currentSize : 15 <-- 0.007581 s
currentSize : 16 <-- 0.021697 s
currentSize : 17 <-- 0.022290 s
currentSize : 18 <-- 0.166969 s
currentSize : 19 <-- 0.169820 s
currentSize : 20 <-- 0.462646 s

maxsize : 20
nodes : 45824.000000
filtered : 1333941.000000
CCGP filtered : 276169.000000
CCGT filtered : 205482.000000
time : 1.007492
