Parameters: GAD=1 vflib=1 dir=0 label=0 lowerbound=1 fileNameGp=../graphsdb/mcs70/bvg/b09m/mcs70_b09m_s35.A34 fileNameGt=../graphsdb/mcs70/bvg/b09m/mcs70_b09m_s35.B34
Reading graphs...
35 :  153
35 :  152
Initializing...
maxdom : 35
D->valSize : 1225
Solving...
currentSize : 11 <-- 0.018311 s
currentSize : 12 <-- 0.018410 s
currentSize : 13 <-- 0.018664 s
currentSize : 14 <-- 0.018981 s
currentSize : 15 <-- 0.020843 s
currentSize : 16 <-- 2.931676 s
currentSize : 17 <-- 4.951657 s
currentSize : 18 <-- 842.651001 s
currentSize : 24 <-- 842.651245 s

maxsize : 24
nodes : 68880448.000000
filtered : 1422515920.000000
CCGP filtered : 26519984.000000
CCGT filtered : 55552011.000000
time : 871.902527
