Parameters: GAD=1 vflib=1 dir=0 label=0 lowerbound=1 fileNameGp=../graphsdb/mcs70/bvg/b06/mcs70_b06_s35.A82 fileNameGt=../graphsdb/mcs70/bvg/b06/mcs70_b06_s35.B82
Reading graphs...
35 :  105
35 :  105
Initializing...
maxdom : 35
D->valSize : 1225
Solving...
currentSize : 13 <-- 0.019184 s
currentSize : 18 <-- 0.019284 s
currentSize : 19 <-- 0.025041 s
currentSize : 20 <-- 0.079886 s
currentSize : 21 <-- 6.153741 s
currentSize : 22 <-- 6.153790 s
currentSize : 23 <-- 6.490250 s
currentSize : 24 <-- 6.490466 s
currentSize : 25 <-- 6.493386 s
currentSize : 26 <-- 44.625168 s

maxsize : 26
nodes : 2755456.000000
filtered : 126403904.000000
CCGP filtered : 6727196.000000
CCGT filtered : 3297170.000000
time : 60.685959
