Parameters: GAD=1 vflib=1 dir=0 label=0 lowerbound=1 fileNameGp=../graphsdb/mcs70/m3D/m3D/mcs70_m3D_s35.A69 fileNameGt=../graphsdb/mcs70/m3D/m3D/mcs70_m3D_s35.B69
Reading graphs...
35 :  72
35 :  72
Initializing...
maxdom : 35
D->valSize : 1225
Solving...
currentSize : 17 <-- 0.025025 s
currentSize : 18 <-- 0.025176 s
currentSize : 19 <-- 0.025662 s
currentSize : 20 <-- 0.031041 s
currentSize : 21 <-- 0.173921 s
currentSize : 22 <-- 0.556660 s
currentSize : 23 <-- 0.972224 s
currentSize : 24 <-- 1.763321 s
currentSize : 25 <-- 1.873159 s
currentSize : 26 <-- 2.459416 s
currentSize : 27 <-- 2.830770 s
currentSize : 28 <-- 3.052055 s
currentSize : 29 <-- 8.452866 s
currentSize : 30 <-- 11.067315 s

maxsize : 30
nodes : 514877.000000
filtered : 23840323.000000
CCGP filtered : 721392.000000
CCGT filtered : 614443.000000
time : 12.062592
