Parameters: GAD=1 vflib=1 dir=0 label=0 lowerbound=1 fileNameGp=../graphsdb/mcs70/rand/r005/mcs70_r005_s30.A19 fileNameGt=../graphsdb/mcs70/rand/r005/mcs70_r005_s30.B19
Reading graphs...
30 :  42
30 :  42
Initializing...
maxdom : 30
D->valSize : 900
Solving...
currentSize : 13 <-- 0.019926 s
currentSize : 14 <-- 0.020099 s
currentSize : 15 <-- 0.020159 s
currentSize : 16 <-- 0.020216 s
currentSize : 17 <-- 0.025834 s
currentSize : 18 <-- 0.078217 s
currentSize : 19 <-- 0.145272 s
currentSize : 20 <-- 0.232111 s
currentSize : 21 <-- 0.260845 s
currentSize : 23 <-- 1.159320 s

maxsize : 23
nodes : 200783.000000
filtered : 6635558.000000
CCGP filtered : 3693382.000000
CCGT filtered : 3496412.000000
time : 5.576444
