Parameters: GAD=1 vflib=1 dir=0 label=0 lowerbound=1 fileNameGp=../graphsdb/mcs70/rand/r005/mcs70_r005_s35.A05 fileNameGt=../graphsdb/mcs70/rand/r005/mcs70_r005_s35.B05
Reading graphs...
35 :  58
35 :  58
Initializing...
maxdom : 35
D->valSize : 1225
Solving...
currentSize : 15 <-- 0.020768 s
currentSize : 16 <-- 0.020842 s
currentSize : 17 <-- 0.023706 s
currentSize : 18 <-- 0.024929 s
currentSize : 19 <-- 0.031081 s
currentSize : 20 <-- 0.138984 s
currentSize : 21 <-- 0.498948 s
currentSize : 22 <-- 0.499869 s
currentSize : 23 <-- 0.500391 s
currentSize : 24 <-- 0.515590 s
currentSize : 25 <-- 0.605021 s
currentSize : 26 <-- 81.833130 s

maxsize : 26
nodes : 2436001.000000
filtered : 108148819.000000
CCGP filtered : 44245389.000000
CCGT filtered : 23829847.000000
time : 104.746284
