Parameters: GAD=1 vflib=1 dir=0 label=0 lowerbound=1 fileNameGp=../graphsdb/mcs70/m2D/m2Dr4/mcs70_m2Dr4_s35.A90 fileNameGt=../graphsdb/mcs70/m2D/m2Dr4/mcs70_m2Dr4_s35.B90
Reading graphs...
35 :  72
35 :  71
Initializing...
maxdom : 35
D->valSize : 1225
Solving...
currentSize : 13 <-- 0.036875 s
currentSize : 15 <-- 0.036960 s
currentSize : 16 <-- 0.037033 s
currentSize : 20 <-- 0.037133 s
currentSize : 21 <-- 0.162380 s
currentSize : 22 <-- 0.585828 s
currentSize : 23 <-- 3.170502 s
currentSize : 24 <-- 54.871811 s
currentSize : 27 <-- 129.505234 s

maxsize : 27
nodes : 6421457.000000
filtered : 248327285.000000
CCGP filtered : 44535239.000000
CCGT filtered : 23454501.000000
time : 144.033463
