Parameters: GAD=1 vflib=1 dir=0 label=0 lowerbound=1 fileNameGp=../graphsdb/mcs70/m2D/m2Dr4/mcs70_m2Dr4_s35.A01 fileNameGt=../graphsdb/mcs70/m2D/m2Dr4/mcs70_m2Dr4_s35.B01
Reading graphs...
35 :  71
35 :  69
Initializing...
maxdom : 35
D->valSize : 1225
Solving...
currentSize : 15 <-- 0.020645 s
currentSize : 16 <-- 0.020814 s
currentSize : 17 <-- 0.021304 s
currentSize : 18 <-- 0.024672 s
currentSize : 19 <-- 0.095551 s
currentSize : 20 <-- 0.101606 s
currentSize : 21 <-- 0.101732 s
currentSize : 22 <-- 0.102088 s
currentSize : 23 <-- 35.515678 s
currentSize : 24 <-- 73.915215 s
currentSize : 27 <-- 74.588013 s

maxsize : 27
nodes : 4537422.000000
filtered : 159837658.000000
CCGP filtered : 16048537.000000
CCGT filtered : 21731283.000000
time : 94.276375
