Parameters: GAD=1 vflib=1 dir=0 label=0 lowerbound=1 fileNameGp=../graphsdb/mcs70/m4D/m4D/mcs70_m4D_s25.A73 fileNameGt=../graphsdb/mcs70/m4D/m4D/mcs70_m4D_s25.B73
Reading graphs...
25 :  47
25 :  46
Initializing...
maxdom : 25
D->valSize : 625
Solving...
currentSize : 7 <-- 0.005143 s
currentSize : 8 <-- 0.005338 s
currentSize : 11 <-- 0.005628 s
currentSize : 13 <-- 0.007888 s
currentSize : 14 <-- 0.009544 s
currentSize : 15 <-- 0.023899 s
currentSize : 16 <-- 0.026032 s
currentSize : 17 <-- 0.026735 s
currentSize : 18 <-- 0.072088 s
currentSize : 19 <-- 0.111895 s

maxsize : 19
nodes : 18895.000000
filtered : 620967.000000
CCGP filtered : 312956.000000
CCGT filtered : 79489.000000
time : 0.294466
