Parameters: GAD=1 vflib=1 dir=0 label=0 lowerbound=1 fileNameGp=../graphsdb/mcs70/m3D/m3Dr6/mcs70_m3Dr6_s35.A73 fileNameGt=../graphsdb/mcs70/m3D/m3Dr6/mcs70_m3Dr6_s35.B73
Reading graphs...
35 :  91
35 :  88
Initializing...
maxdom : 35
D->valSize : 1225
Solving...
currentSize : 17 <-- 0.019785 s
currentSize : 18 <-- 0.019867 s
currentSize : 19 <-- 0.020069 s
currentSize : 20 <-- 0.021454 s
currentSize : 21 <-- 12.959133 s
currentSize : 22 <-- 131.261810 s
currentSize : 23 <-- 569.837585 s
currentSize : 26 <-- 569.839111 s
currentSize : 27 <-- 591.729797 s

maxsize : 27
nodes : 38678382.000000
filtered : 1189250278.000000
CCGP filtered : 59084632.000000
CCGT filtered : 55523586.000000
time : 603.890564
