Parameters: GAD=1 vflib=1 dir=0 label=0 lowerbound=1 fileNameGp=../graphsdb/mcs70/m3D/m3Dr6/mcs70_m3Dr6_s35.A96 fileNameGt=../graphsdb/mcs70/m3D/m3Dr6/mcs70_m3Dr6_s35.B96
Reading graphs...
35 :  92
35 :  92
Initializing...
maxdom : 35
D->valSize : 1225
Solving...
currentSize : 14 <-- 0.019739 s
currentSize : 15 <-- 0.019826 s
currentSize : 16 <-- 0.020008 s
currentSize : 17 <-- 0.021428 s
currentSize : 18 <-- 0.025321 s
currentSize : 19 <-- 0.025508 s
currentSize : 20 <-- 0.759547 s
currentSize : 21 <-- 28.038893 s
currentSize : 22 <-- 359.502594 s
currentSize : 23 <-- 558.002808 s
currentSize : 24 <-- 558.002991 s
currentSize : 26 <-- 558.003540 s
currentSize : 27 <-- 558.003723 s

maxsize : 27
nodes : 37546267.000000
filtered : 1090803303.000000
CCGP filtered : 49464090.000000
CCGT filtered : 41433709.000000
time : 577.363892
