Parameters: GAD=1 vflib=1 dir=0 label=0 lowerbound=1 fileNameGp=../graphsdb/mcs70/bvg/b03/mcs70_b03_s30.A76 fileNameGt=../graphsdb/mcs70/bvg/b03/mcs70_b03_s30.B76
Reading graphs...
30 :  45
30 :  45
Initializing...
maxdom : 30
D->valSize : 900
Solving...
currentSize : 12 <-- 0.019840 s
currentSize : 13 <-- 0.019914 s
currentSize : 15 <-- 0.020036 s
currentSize : 16 <-- 0.020934 s
currentSize : 17 <-- 0.020979 s
currentSize : 18 <-- 0.022218 s
currentSize : 19 <-- 0.022742 s
currentSize : 20 <-- 0.033130 s
currentSize : 21 <-- 0.038232 s
currentSize : 22 <-- 0.373790 s
currentSize : 23 <-- 0.447681 s

maxsize : 23
nodes : 552503.000000
filtered : 20924974.000000
CCGP filtered : 8012523.000000
CCGT filtered : 3462546.000000
time : 20.296659
