Parameters: GAD=1 vflib=1 dir=0 label=0 lowerbound=1 fileNameGp=../graphsdb/mcs70/rand/r02/mcs70_r02_s30.A73 fileNameGt=../graphsdb/mcs70/rand/r02/mcs70_r02_s30.B73
Reading graphs...
30 :  153
30 :  154
Initializing...
maxdom : 30
D->valSize : 900
Solving...
currentSize : 9 <-- 0.009499 s
currentSize : 10 <-- 0.009693 s
currentSize : 11 <-- 0.010277 s
currentSize : 12 <-- 0.011049 s
currentSize : 13 <-- 0.012296 s
currentSize : 14 <-- 1.134230 s
currentSize : 15 <-- 262.375885 s
currentSize : 16 <-- 262.375977 s
currentSize : 21 <-- 262.394836 s

maxsize : 21
nodes : 26604457.000000
filtered : 333882703.000000
CCGP filtered : 398190.000000
CCGT filtered : 613050.000000
time : 267.202881
