Parameters: GAD=1 vflib=1 dir=0 label=0 lowerbound=1 fileNameGp=../graphsdb/mcs70/m3D/m3Dr2/mcs70_m3Dr2_s35.A76 fileNameGt=../graphsdb/mcs70/m3D/m3Dr2/mcs70_m3Dr2_s35.B76
Reading graphs...
35 :  79
35 :  79
Initializing...
maxdom : 35
D->valSize : 1225
Solving...
currentSize : 17 <-- 0.019888 s
currentSize : 18 <-- 0.026125 s
currentSize : 19 <-- 0.030517 s
currentSize : 20 <-- 0.030873 s
currentSize : 21 <-- 0.080614 s
currentSize : 22 <-- 0.757839 s
currentSize : 23 <-- 0.957420 s
currentSize : 24 <-- 81.456367 s
currentSize : 25 <-- 165.465393 s
currentSize : 26 <-- 190.758179 s
currentSize : 27 <-- 190.759644 s
currentSize : 28 <-- 190.759842 s

maxsize : 28
nodes : 11468442.000000
filtered : 426737447.000000
CCGP filtered : 23433972.000000
CCGT filtered : 23132827.000000
time : 198.309464
