Parameters: GAD=1 vflib=1 dir=0 label=0 lowerbound=1 fileNameGp=../graphsdb/mcs70/m2D/m2Dr2/mcs70_m2Dr2_s35.A97 fileNameGt=../graphsdb/mcs70/m2D/m2Dr2/mcs70_m2Dr2_s35.B97
Reading graphs...
35 :  63
35 :  64
Initializing...
maxdom : 35
D->valSize : 1225
Solving...
currentSize : 18 <-- 0.036488 s
currentSize : 19 <-- 0.036916 s
currentSize : 20 <-- 0.048954 s
currentSize : 21 <-- 0.049218 s
currentSize : 22 <-- 0.556541 s
currentSize : 23 <-- 2.502191 s
currentSize : 24 <-- 23.294418 s
currentSize : 25 <-- 114.802299 s
currentSize : 26 <-- 114.802979 s

maxsize : 26
nodes : 6340313.000000
filtered : 248933206.000000
CCGP filtered : 82106432.000000
CCGT filtered : 24590730.000000
time : 197.999466
