Parameters: GAD=1 vflib=1 dir=0 label=0 lowerbound=1 fileNameGp=../graphsdb/mcs70/m3D/m3Dr2/mcs70_m3Dr2_s35.A93 fileNameGt=../graphsdb/mcs70/m3D/m3Dr2/mcs70_m3Dr2_s35.B93
Reading graphs...
35 :  78
35 :  77
Initializing...
maxdom : 35
D->valSize : 1225
Solving...
currentSize : 18 <-- 0.020039 s
currentSize : 19 <-- 0.020413 s
currentSize : 20 <-- 0.023716 s
currentSize : 21 <-- 0.077116 s
currentSize : 22 <-- 7.608882 s
currentSize : 23 <-- 9.555234 s
currentSize : 24 <-- 129.017181 s
currentSize : 26 <-- 131.147079 s
currentSize : 27 <-- 134.288483 s

maxsize : 27
nodes : 8016119.000000
filtered : 298842095.000000
CCGP filtered : 17978275.000000
CCGT filtered : 15008614.000000
time : 160.871002
