Parameters: GAD=1 vflib=1 dir=0 label=0 lowerbound=1 fileNameGp=../graphsdb/mcs70/m2D/m2D/mcs70_m2D_s35.A55 fileNameGt=../graphsdb/mcs70/m2D/m2D/mcs70_m2D_s35.B55
Reading graphs...
35 :  57
35 :  58
Initializing...
maxdom : 35
D->valSize : 1225
Solving...
currentSize : 19 <-- 0.020666 s
currentSize : 20 <-- 0.023422 s
currentSize : 21 <-- 0.036185 s
currentSize : 22 <-- 0.040305 s
currentSize : 23 <-- 0.199972 s
currentSize : 24 <-- 1.045063 s
currentSize : 25 <-- 9.136311 s
currentSize : 27 <-- 85.048851 s
currentSize : 28 <-- 85.055824 s

maxsize : 28
nodes : 3843318.000000
filtered : 143926926.000000
CCGP filtered : 46843300.000000
CCGT filtered : 20501935.000000
time : 107.620979
