Parameters: GAD=1 vflib=1 dir=0 label=0 lowerbound=1 fileNameGp=../graphsdb/mcs70/m3D/m3Dr4/mcs70_m3Dr4_s35.A16 fileNameGt=../graphsdb/mcs70/m3D/m3Dr4/mcs70_m3Dr4_s35.B16
Reading graphs...
35 :  84
35 :  82
Initializing...
maxdom : 35
D->valSize : 1225
Solving...
currentSize : 16 <-- 0.034989 s
currentSize : 17 <-- 0.035116 s
currentSize : 19 <-- 0.036460 s
currentSize : 20 <-- 0.071534 s
currentSize : 21 <-- 0.207496 s
currentSize : 22 <-- 7.629178 s
currentSize : 23 <-- 103.456573 s
currentSize : 24 <-- 120.653397 s
currentSize : 28 <-- 238.508560 s

maxsize : 28
nodes : 12529314.000000
filtered : 450423989.000000
CCGP filtered : 26620975.000000
CCGT filtered : 13136313.000000
time : 249.492828
