Parameters: GAD=1 vflib=1 dir=0 label=0 lowerbound=1 fileNameGp=../graphsdb/mcs70/m3D/m3Dr2/mcs70_m3Dr2_s35.A59 fileNameGt=../graphsdb/mcs70/m3D/m3Dr2/mcs70_m3Dr2_s35.B59
Reading graphs...
35 :  78
35 :  78
Initializing...
maxdom : 35
D->valSize : 1225
Solving...
currentSize : 16 <-- 0.035373 s
currentSize : 17 <-- 0.035567 s
currentSize : 18 <-- 0.036314 s
currentSize : 19 <-- 0.042655 s
currentSize : 20 <-- 0.056828 s
currentSize : 21 <-- 0.130366 s
currentSize : 22 <-- 1.791509 s
currentSize : 23 <-- 1111.223389 s
currentSize : 24 <-- 1443.920044 s
currentSize : 25 <-- 1699.936646 s
currentSize : 26 <-- 1705.959961 s
currentSize : 27 <-- 1706.016113 s

maxsize : 27
nodes : 114480936.000000
filtered : 3265414200.000000
CCGP filtered : 156171743.000000
CCGT filtered : 105260699.000000
time : 1742.489136
