Parameters: GAD=1 vflib=1 dir=0 label=0 lowerbound=1 fileNameGp=../graphsdb/mcs70/m2D/m2Dr6/m2Dr6/mcs70_m2Dr6_s35.A40 fileNameGt=../graphsdb/mcs70/m2D/m2Dr6/m2Dr6/mcs70_m2Dr6_s35.B40
Reading graphs...
35 :  77
35 :  73
Initializing...
maxdom : 35
D->valSize : 1225
Solving...
currentSize : 16 <-- 0.020453 s
currentSize : 17 <-- 0.020494 s
currentSize : 18 <-- 0.020519 s
currentSize : 19 <-- 0.020945 s
currentSize : 20 <-- 0.067937 s
currentSize : 21 <-- 0.263085 s
currentSize : 22 <-- 6.996634 s
currentSize : 23 <-- 121.231812 s
currentSize : 24 <-- 223.187744 s
currentSize : 26 <-- 404.594330 s

maxsize : 26
nodes : 23564013.000000
filtered : 840490401.000000
CCGP filtered : 108341415.000000
CCGT filtered : 61463438.000000
time : 426.739838
