Parameters: GAD=1 vflib=1 dir=0 label=0 lowerbound=1 fileNameGp=../graphsdb/mcs70/rand/r01/mcs70_r01_s30.A26 fileNameGt=../graphsdb/mcs70/rand/r01/mcs70_r01_s30.B26
Reading graphs...
30 :  81
30 :  84
Initializing...
maxdom : 30
D->valSize : 900
Solving...
currentSize : 10 <-- 0.017969 s
currentSize : 11 <-- 0.018126 s
currentSize : 13 <-- 0.018203 s
currentSize : 14 <-- 0.019827 s
currentSize : 15 <-- 0.021540 s
currentSize : 16 <-- 0.031774 s
currentSize : 17 <-- 0.939031 s
currentSize : 18 <-- 4.149332 s
currentSize : 20 <-- 10.552851 s
currentSize : 21 <-- 19.623987 s

maxsize : 21
nodes : 1972821.000000
filtered : 65062469.000000
CCGP filtered : 2631233.000000
CCGT filtered : 3552682.000000
time : 28.583052
