Parameters: GAD=1 vflib=1 dir=0 label=0 lowerbound=1 fileNameGp=../graphsdb/mcs70/rand/r005/mcs70_r005_s30.A01 fileNameGt=../graphsdb/mcs70/rand/r005/mcs70_r005_s30.B01
Reading graphs...
30 :  42
30 :  42
Initializing...
maxdom : 30
D->valSize : 900
Solving...
currentSize : 15 <-- 0.011403 s
currentSize : 16 <-- 0.011477 s
currentSize : 17 <-- 0.034205 s
currentSize : 18 <-- 0.034554 s
currentSize : 19 <-- 0.038121 s
currentSize : 20 <-- 0.109066 s
currentSize : 21 <-- 0.875985 s
currentSize : 22 <-- 3.394858 s
currentSize : 23 <-- 3.876693 s

maxsize : 23
nodes : 395141.000000
filtered : 12661258.000000
CCGP filtered : 6646148.000000
CCGT filtered : 5579237.000000
time : 9.203796
