Parameters: GAD=1 vflib=1 dir=0 label=0 lowerbound=1 fileNameGp=../graphsdb/mcs70/m4D/m4D/mcs70_m4D_s25.A07 fileNameGt=../graphsdb/mcs70/m4D/m4D/mcs70_m4D_s25.B07
Reading graphs...
25 :  46
25 :  46
Initializing...
maxdom : 25
D->valSize : 625
Solving...
currentSize : 8 <-- 0.005249 s
currentSize : 9 <-- 0.005425 s
currentSize : 10 <-- 0.005450 s
currentSize : 11 <-- 0.005498 s
currentSize : 12 <-- 0.005567 s
currentSize : 13 <-- 0.005702 s
currentSize : 14 <-- 0.005857 s
currentSize : 15 <-- 0.005992 s
currentSize : 16 <-- 0.082793 s
currentSize : 17 <-- 0.093422 s
currentSize : 18 <-- 0.106957 s
currentSize : 19 <-- 0.149187 s

maxsize : 19
nodes : 42582.000000
filtered : 1460444.000000
CCGP filtered : 706306.000000
CCGT filtered : 239275.000000
time : 0.785544
