Parameters: GAD=1 vflib=1 dir=0 label=0 lowerbound=1 fileNameGp=../graphsdb/mcs70/rand/r005/mcs70_r005_s35.A38 fileNameGt=../graphsdb/mcs70/rand/r005/mcs70_r005_s35.B38
Reading graphs...
35 :  56
35 :  56
Initializing...
maxdom : 35
D->valSize : 1225
Solving...
currentSize : 14 <-- 0.036947 s
currentSize : 15 <-- 0.037200 s
currentSize : 16 <-- 0.037449 s
currentSize : 17 <-- 0.038356 s
currentSize : 18 <-- 0.049495 s
currentSize : 20 <-- 0.049620 s
currentSize : 21 <-- 0.094050 s
currentSize : 22 <-- 0.126435 s
currentSize : 23 <-- 0.187902 s
currentSize : 24 <-- 0.402338 s
currentSize : 25 <-- 15.070563 s
currentSize : 26 <-- 44.450348 s

maxsize : 26
nodes : 3830115.000000
filtered : 141138574.000000
CCGP filtered : 70994243.000000
CCGT filtered : 16418337.000000
time : 86.568336
