Parameters: GAD=1 vflib=1 dir=0 label=0 lowerbound=1 fileNameGp=../graphsdb/mcs70/m3D/m3Dr6/mcs70_m3Dr6_s35.A18 fileNameGt=../graphsdb/mcs70/m3D/m3Dr6/mcs70_m3Dr6_s35.B18
Reading graphs...
35 :  90
35 :  91
Initializing...
maxdom : 35
D->valSize : 1225
Solving...
currentSize : 14 <-- 0.034644 s
currentSize : 15 <-- 0.034738 s
currentSize : 16 <-- 0.034920 s
currentSize : 17 <-- 0.042424 s
currentSize : 18 <-- 0.054304 s
currentSize : 19 <-- 0.745063 s
currentSize : 20 <-- 10.333231 s
currentSize : 21 <-- 33.216160 s
currentSize : 22 <-- 281.146423 s
currentSize : 23 <-- 281.546967 s
currentSize : 25 <-- 281.608185 s
currentSize : 27 <-- 281.608307 s
currentSize : 28 <-- 281.610657 s

maxsize : 28
nodes : 21469275.000000
filtered : 566395120.000000
CCGP filtered : 24094758.000000
CCGT filtered : 36576187.000000
time : 287.294647
