Parameters: GAD=1 vflib=1 dir=0 label=0 lowerbound=1 fileNameGp=../graphsdb/mcs70/bvg/b09/mcs70_b09_s35.A91 fileNameGt=../graphsdb/mcs70/bvg/b09/mcs70_b09_s35.B91
Reading graphs...
35 :  153
35 :  156
Initializing...
maxdom : 35
D->valSize : 1225
Solving...
currentSize : 13 <-- 0.018295 s
currentSize : 15 <-- 0.018399 s
currentSize : 16 <-- 0.022370 s
currentSize : 17 <-- 0.325427 s
currentSize : 18 <-- 0.446969 s
currentSize : 19 <-- 0.618177 s
currentSize : 20 <-- 0.663189 s
currentSize : 23 <-- 1.360214 s
currentSize : 24 <-- 1.361257 s
currentSize : 25 <-- 19.329544 s

maxsize : 25
nodes : 2478892.000000
filtered : 104591561.000000
CCGP filtered : 554445.000000
CCGT filtered : 123570.000000
time : 40.073406
