Parameters: GAD=1 vflib=1 dir=0 label=0 lowerbound=1 fileNameGp=../graphsdb/mcs70/m3D/m3Dr6/mcs70_m3Dr6_s35.A71 fileNameGt=../graphsdb/mcs70/m3D/m3Dr6/mcs70_m3Dr6_s35.B71
Reading graphs...
35 :  92
35 :  91
Initializing...
maxdom : 35
D->valSize : 1225
Solving...
currentSize : 13 <-- 0.019640 s
currentSize : 15 <-- 0.019706 s
currentSize : 16 <-- 0.019794 s
currentSize : 17 <-- 0.021711 s
currentSize : 18 <-- 0.023405 s
currentSize : 19 <-- 0.037253 s
currentSize : 20 <-- 0.798727 s
currentSize : 21 <-- 35.491562 s
currentSize : 22 <-- 363.633331 s
currentSize : 23 <-- 492.116974 s
currentSize : 24 <-- 499.487946 s
currentSize : 25 <-- 499.488129 s
currentSize : 26 <-- 500.273468 s
currentSize : 27 <-- 500.273987 s

maxsize : 27
nodes : 37404576.000000
filtered : 1129902061.000000
CCGP filtered : 62312381.000000
CCGT filtered : 50877754.000000
time : 514.114624
