Parameters: GAD=1 vflib=1 dir=0 label=0 lowerbound=1 fileNameGp=../graphsdb/mcs70/bvg/b03m/mcs70_b03m_s35.A56 fileNameGt=../graphsdb/mcs70/bvg/b03m/mcs70_b03m_s35.B56
Reading graphs...
35 :  52
35 :  51
Initializing...
maxdom : 35
D->valSize : 1225
Solving...
currentSize : 15 <-- 0.022074 s
currentSize : 17 <-- 0.022224 s
currentSize : 19 <-- 0.022494 s
currentSize : 20 <-- 0.024143 s
currentSize : 21 <-- 0.026297 s
currentSize : 22 <-- 0.044488 s
currentSize : 23 <-- 0.187032 s
currentSize : 24 <-- 0.521833 s
currentSize : 25 <-- 7.283472 s

maxsize : 25
nodes : 9503289.000000
filtered : 350493738.000000
CCGP filtered : 168260083.000000
CCGT filtered : 96506629.000000
time : 268.687958
