Parameters: GAD=1 vflib=1 dir=0 label=0 lowerbound=1 fileNameGp=../graphsdb/mcs70/m4D/m4D/mcs70_m4D_s25.A06 fileNameGt=../graphsdb/mcs70/m4D/m4D/mcs70_m4D_s25.B06
Reading graphs...
25 :  46
25 :  47
Initializing...
maxdom : 25
D->valSize : 625
Solving...
currentSize : 11 <-- 0.009028 s
currentSize : 12 <-- 0.009163 s
currentSize : 13 <-- 0.009258 s
currentSize : 14 <-- 0.009330 s
currentSize : 15 <-- 0.009550 s
currentSize : 16 <-- 0.021151 s
currentSize : 17 <-- 0.082135 s
currentSize : 18 <-- 0.131119 s
currentSize : 19 <-- 0.208962 s

maxsize : 19
nodes : 33412.000000
filtered : 982496.000000
CCGP filtered : 365480.000000
CCGT filtered : 763236.000000
time : 0.704913
