Parameters: GAD=1 vflib=1 dir=0 label=0 lowerbound=1 fileNameGp=../graphsdb/mcs70/bvg/b09/mcs70_b09_s30.A88 fileNameGt=../graphsdb/mcs70/bvg/b09/mcs70_b09_s30.B88
Reading graphs...
30 :  133
30 :  131
Initializing...
maxdom : 30
D->valSize : 900
Solving...
currentSize : 12 <-- 0.016494 s
currentSize : 13 <-- 0.016706 s
currentSize : 14 <-- 0.019489 s
currentSize : 15 <-- 0.021047 s
currentSize : 16 <-- 0.051471 s
currentSize : 17 <-- 0.059370 s
currentSize : 18 <-- 0.323439 s
currentSize : 19 <-- 0.362476 s
currentSize : 20 <-- 9.117574 s

maxsize : 20
nodes : 1381193.000000
filtered : 47434353.000000
CCGP filtered : 153928.000000
CCGT filtered : 388688.000000
time : 17.710939
