Parameters: GAD=1 vflib=1 dir=0 label=0 lowerbound=1 fileNameGp=../graphsdb/mcs70/m4D/m4Dr2/mcs70_m4Dr2_s25.A57 fileNameGt=../graphsdb/mcs70/m4D/m4Dr2/mcs70_m4Dr2_s25.B57
Reading graphs...
25 :  51
25 :  51
Initializing...
maxdom : 25
D->valSize : 625
Solving...
currentSize : 7 <-- 0.005051 s
currentSize : 9 <-- 0.005075 s
currentSize : 11 <-- 0.005153 s
currentSize : 12 <-- 0.005713 s
currentSize : 13 <-- 0.007001 s
currentSize : 14 <-- 0.026306 s
currentSize : 15 <-- 0.035677 s
currentSize : 16 <-- 0.129432 s
currentSize : 17 <-- 0.465269 s

maxsize : 17
nodes : 282776.000000
filtered : 7215463.000000
CCGP filtered : 2457307.000000
CCGT filtered : 1209107.000000
time : 4.592959
