Parameters: GAD=1 vflib=1 dir=0 label=0 lowerbound=1 fileNameGp=../graphsdb/mcs70/m2D/m2Dr4/mcs70_m2Dr4_s35.A08 fileNameGt=../graphsdb/mcs70/m2D/m2Dr4/mcs70_m2Dr4_s35.B08
Reading graphs...
35 :  72
35 :  71
Initializing...
maxdom : 35
D->valSize : 1225
Solving...
currentSize : 16 <-- 0.024500 s
currentSize : 19 <-- 0.024623 s
currentSize : 20 <-- 0.026499 s
currentSize : 21 <-- 0.132886 s
currentSize : 22 <-- 1.507895 s
currentSize : 23 <-- 4.915406 s
currentSize : 24 <-- 9.090048 s
currentSize : 25 <-- 70.695557 s
currentSize : 27 <-- 70.696251 s

maxsize : 27
nodes : 3923793.000000
filtered : 171579171.000000
CCGP filtered : 16180140.000000
CCGT filtered : 15837769.000000
time : 110.848862
