Parameters: GAD=1 vflib=1 dir=0 label=0 lowerbound=1 fileNameGp=../graphsdb/mcs70/bvg/b03m/mcs70_b03m_s25.A16 fileNameGt=../graphsdb/mcs70/bvg/b03m/mcs70_b03m_s25.B16
Reading graphs...
25 :  37
25 :  37
Initializing...
maxdom : 25
D->valSize : 625
Solving...
currentSize : 10 <-- 0.005349 s
currentSize : 11 <-- 0.005541 s
currentSize : 12 <-- 0.005604 s
currentSize : 13 <-- 0.005621 s
currentSize : 14 <-- 0.005736 s
currentSize : 15 <-- 0.005804 s
currentSize : 16 <-- 0.008484 s
currentSize : 17 <-- 0.008743 s
currentSize : 18 <-- 0.045194 s

maxsize : 18
nodes : 122306.000000
filtered : 3387503.000000
CCGP filtered : 1477139.000000
CCGT filtered : 883716.000000
time : 2.333553
