Parameters: GAD=1 vflib=1 dir=0 label=0 lowerbound=1 fileNameGp=../graphsdb/mcs70/m3D/m3Dr4/mcs70_m3Dr4_s35.A47 fileNameGt=../graphsdb/mcs70/m3D/m3Dr4/mcs70_m3Dr4_s35.B47
Reading graphs...
35 :  86
35 :  83
Initializing...
maxdom : 35
D->valSize : 1225
Solving...
currentSize : 12 <-- 0.035202 s
currentSize : 14 <-- 0.035253 s
currentSize : 15 <-- 0.035446 s
currentSize : 17 <-- 0.035628 s
currentSize : 18 <-- 0.038334 s
currentSize : 19 <-- 0.040758 s
currentSize : 20 <-- 0.464275 s
currentSize : 21 <-- 6.342150 s
currentSize : 22 <-- 22.094769 s
currentSize : 23 <-- 295.683136 s
currentSize : 24 <-- 327.441956 s
currentSize : 25 <-- 328.047546 s
currentSize : 28 <-- 399.619446 s

maxsize : 28
nodes : 24065639.000000
filtered : 800044477.000000
CCGP filtered : 35941322.000000
CCGT filtered : 28942894.000000
time : 405.099945
