Parameters: GAD=1 vflib=1 dir=0 label=0 lowerbound=1 fileNameGp=../graphsdb/mcs70/m2D/m2D/mcs70_m2D_s35.A33 fileNameGt=../graphsdb/mcs70/m2D/m2D/mcs70_m2D_s35.B33
Reading graphs...
35 :  58
35 :  58
Initializing...
maxdom : 35
D->valSize : 1225
Solving...
currentSize : 17 <-- 0.020785 s
currentSize : 18 <-- 0.020882 s
currentSize : 19 <-- 0.021196 s
currentSize : 20 <-- 0.022428 s
currentSize : 21 <-- 0.026794 s
currentSize : 22 <-- 0.028495 s
currentSize : 23 <-- 0.035396 s
currentSize : 24 <-- 0.785811 s
currentSize : 25 <-- 1.375738 s
currentSize : 26 <-- 8.252489 s
currentSize : 27 <-- 10.408259 s
currentSize : 28 <-- 10.913143 s

maxsize : 28
nodes : 781449.000000
filtered : 40357516.000000
CCGP filtered : 7521122.000000
CCGT filtered : 2754623.000000
time : 32.180271
