Parameters: GAD=1 vflib=1 dir=0 label=0 lowerbound=1 fileNameGp=../graphsdb/mcs70/m3D/m3Dr6/mcs70_m3Dr6_s35.A84 fileNameGt=../graphsdb/mcs70/m3D/m3Dr6/mcs70_m3Dr6_s35.B84
Reading graphs...
35 :  90
35 :  91
Initializing...
maxdom : 35
D->valSize : 1225
Solving...
currentSize : 10 <-- 0.019598 s
currentSize : 13 <-- 0.019636 s
currentSize : 14 <-- 0.019732 s
currentSize : 15 <-- 0.019803 s
currentSize : 16 <-- 0.023682 s
currentSize : 17 <-- 0.025262 s
currentSize : 18 <-- 0.071103 s
currentSize : 19 <-- 0.624148 s
currentSize : 20 <-- 1.586791 s
currentSize : 21 <-- 11.267639 s
currentSize : 22 <-- 57.179401 s
currentSize : 23 <-- 57.179775 s
currentSize : 24 <-- 57.179928 s
currentSize : 28 <-- 151.555023 s

maxsize : 28
nodes : 9496490.000000
filtered : 327310559.000000
CCGP filtered : 16921907.000000
CCGT filtered : 13257310.000000
time : 157.166153
