Parameters: GAD=1 vflib=1 dir=0 label=0 lowerbound=1 fileNameGp=../graphsdb/mcs70/rand/r01/mcs70_r01_s25.A36 fileNameGt=../graphsdb/mcs70/rand/r01/mcs70_r01_s25.B36
Reading graphs...
25 :  58
25 :  57
Initializing...
maxdom : 25
D->valSize : 625
Solving...
currentSize : 8 <-- 0.005023 s
currentSize : 9 <-- 0.005077 s
currentSize : 10 <-- 0.005307 s
currentSize : 11 <-- 0.005385 s
currentSize : 12 <-- 0.005484 s
currentSize : 13 <-- 0.006341 s
currentSize : 14 <-- 0.013232 s
currentSize : 15 <-- 0.043521 s
currentSize : 16 <-- 0.519766 s
currentSize : 17 <-- 1.652286 s

maxsize : 17
nodes : 460760.000000
filtered : 13183335.000000
CCGP filtered : 962248.000000
CCGT filtered : 521681.000000
time : 5.855832
