Parameters: GAD=1 vflib=1 dir=0 label=0 lowerbound=1 fileNameGp=../graphsdb/mcs70/bvg/b09/mcs70_b09_s30.A57 fileNameGt=../graphsdb/mcs70/bvg/b09/mcs70_b09_s30.B57
Reading graphs...
30 :  133
30 :  135
Initializing...
maxdom : 30
D->valSize : 900
Solving...
currentSize : 9 <-- 0.009493 s
currentSize : 10 <-- 0.009545 s
currentSize : 11 <-- 0.009591 s
currentSize : 12 <-- 0.009674 s
currentSize : 13 <-- 0.009833 s
currentSize : 14 <-- 0.011297 s
currentSize : 15 <-- 0.149589 s
currentSize : 17 <-- 0.709108 s
currentSize : 18 <-- 0.949265 s
currentSize : 20 <-- 0.949388 s
currentSize : 21 <-- 1.331893 s

maxsize : 21
nodes : 518670.000000
filtered : 19188899.000000
CCGP filtered : 94108.000000
CCGT filtered : 123374.000000
time : 6.932955
