Parameters: GAD=1 vflib=1 dir=0 label=0 lowerbound=1 fileNameGp=../graphsdb/mcs70/rand/r01/mcs70_r01_s30.A58 fileNameGt=../graphsdb/mcs70/rand/r01/mcs70_r01_s30.B58
Reading graphs...
30 :  81
30 :  80
Initializing...
maxdom : 30
D->valSize : 900
Solving...
currentSize : 12 <-- 0.010457 s
currentSize : 14 <-- 0.010579 s
currentSize : 15 <-- 0.012333 s
currentSize : 16 <-- 0.037089 s
currentSize : 17 <-- 0.265596 s
currentSize : 18 <-- 1.713550 s
currentSize : 19 <-- 39.666264 s
currentSize : 20 <-- 52.784519 s
currentSize : 21 <-- 64.169113 s

maxsize : 21
nodes : 4799956.000000
filtered : 142944608.000000
CCGP filtered : 10778179.000000
CCGT filtered : 8078390.000000
time : 71.552650
