Parameters: GAD=1 vflib=1 dir=0 label=0 lowerbound=1 fileNameGp=../graphsdb/mcs70/bvg/b03/mcs70_b03_s35.A30 fileNameGt=../graphsdb/mcs70/bvg/b03/mcs70_b03_s35.B30
Reading graphs...
35 :  51
35 :  52
Initializing...
maxdom : 35
D->valSize : 1225
Solving...
currentSize : 20 <-- 0.021177 s
currentSize : 21 <-- 0.021501 s
currentSize : 22 <-- 0.022857 s
currentSize : 23 <-- 0.024676 s
currentSize : 24 <-- 0.106886 s
currentSize : 25 <-- 2.392923 s
currentSize : 26 <-- 4.235895 s
currentSize : 27 <-- 8.350857 s
currentSize : 28 <-- 9.354271 s
currentSize : 29 <-- 12.744011 s

maxsize : 29
nodes : 568230.000000
filtered : 23908896.000000
CCGP filtered : 11609721.000000
CCGT filtered : 5759529.000000
time : 18.718414
