Parameters: GAD=1 vflib=1 dir=0 label=0 lowerbound=1 fileNameGp=../graphsdb/mcs70/m2D/m2D/mcs70_m2D_s35.A13 fileNameGt=../graphsdb/mcs70/m2D/m2D/mcs70_m2D_s35.B13
Reading graphs...
35 :  58
35 :  56
Initializing...
maxdom : 35
D->valSize : 1225
Solving...
currentSize : 20 <-- 0.021466 s
currentSize : 21 <-- 0.021607 s
currentSize : 22 <-- 0.023553 s
currentSize : 23 <-- 0.025744 s
currentSize : 24 <-- 0.038068 s
currentSize : 25 <-- 1.590751 s
currentSize : 26 <-- 23.415567 s
currentSize : 27 <-- 23.482107 s
currentSize : 28 <-- 69.384773 s

maxsize : 28
nodes : 2704378.000000
filtered : 115180743.000000
CCGP filtered : 35485089.000000
CCGT filtered : 15558158.000000
time : 80.864006
