Parameters: GAD=1 vflib=1 dir=0 label=0 lowerbound=1 fileNameGp=../graphsdb/mcs70/rand/r005/mcs70_r005_s30.A73 fileNameGt=../graphsdb/mcs70/rand/r005/mcs70_r005_s30.B73
Reading graphs...
30 :  41
30 :  40
Initializing...
maxdom : 30
D->valSize : 900
Solving...
currentSize : 9 <-- 0.011296 s
currentSize : 16 <-- 0.011380 s
currentSize : 17 <-- 0.015848 s
currentSize : 18 <-- 0.033385 s
currentSize : 19 <-- 0.184363 s
currentSize : 20 <-- 0.223263 s
currentSize : 21 <-- 0.224321 s
currentSize : 22 <-- 0.454095 s
currentSize : 23 <-- 1.401466 s

maxsize : 23
nodes : 141763.000000
filtered : 4597013.000000
CCGP filtered : 2132389.000000
CCGT filtered : 1202097.000000
time : 3.154091
