Parameters: GAD=1 vflib=1 dir=0 label=0 lowerbound=1 fileNameGp=../graphsdb/mcs70/m3D/m3D/mcs70_m3D_s35.A41 fileNameGt=../graphsdb/mcs70/m3D/m3D/mcs70_m3D_s35.B41
Reading graphs...
35 :  72
35 :  72
Initializing...
maxdom : 35
D->valSize : 1225
Solving...
currentSize : 17 <-- 0.035753 s
currentSize : 18 <-- 0.035942 s
currentSize : 19 <-- 0.036608 s
currentSize : 21 <-- 0.037508 s
currentSize : 22 <-- 0.045445 s
currentSize : 23 <-- 0.061125 s
currentSize : 24 <-- 0.697553 s
currentSize : 25 <-- 7.892248 s
currentSize : 26 <-- 28.152369 s
currentSize : 27 <-- 37.337807 s
currentSize : 28 <-- 51.737968 s

maxsize : 28
nodes : 2634099.000000
filtered : 109522801.000000
CCGP filtered : 4593436.000000
CCGT filtered : 2690004.000000
time : 59.912624
