Parameters: GAD=1 vflib=1 dir=0 label=0 lowerbound=1 fileNameGp=../graphsdb/mcs70/m3D/m3Dr2/mcs70_m3Dr2_s35.A44 fileNameGt=../graphsdb/mcs70/m3D/m3Dr2/mcs70_m3Dr2_s35.B44
Reading graphs...
35 :  79
35 :  79
Initializing...
maxdom : 35
D->valSize : 1225
Solving...
currentSize : 9 <-- 0.019920 s
currentSize : 16 <-- 0.020000 s
currentSize : 17 <-- 0.020033 s
currentSize : 18 <-- 0.020455 s
currentSize : 19 <-- 0.039154 s
currentSize : 20 <-- 0.585307 s
currentSize : 21 <-- 2.979470 s
currentSize : 22 <-- 9.521519 s
currentSize : 23 <-- 28.351564 s
currentSize : 24 <-- 152.498444 s
currentSize : 25 <-- 155.800583 s
currentSize : 26 <-- 156.296768 s
currentSize : 27 <-- 156.297012 s

maxsize : 27
nodes : 11153169.000000
filtered : 365058256.000000
CCGP filtered : 11854184.000000
CCGT filtered : 17965789.000000
time : 196.487961
