Parameters: GAD=1 vflib=1 dir=0 label=0 lowerbound=1 fileNameGp=../graphsdb/mcs70/bvg/b06/mcs70_b06_s35.A89 fileNameGt=../graphsdb/mcs70/bvg/b06/mcs70_b06_s35.B89
Reading graphs...
35 :  103
35 :  105
Initializing...
maxdom : 35
D->valSize : 1225
Solving...
currentSize : 11 <-- 0.034214 s
currentSize : 12 <-- 0.034290 s
currentSize : 13 <-- 0.034358 s
currentSize : 14 <-- 0.034778 s
currentSize : 15 <-- 0.035011 s
currentSize : 16 <-- 0.037344 s
currentSize : 17 <-- 0.041178 s
currentSize : 18 <-- 0.256481 s
currentSize : 19 <-- 0.398082 s
currentSize : 20 <-- 1.571853 s
currentSize : 21 <-- 1.652501 s
currentSize : 22 <-- 1.779900 s
currentSize : 23 <-- 2.410958 s
currentSize : 24 <-- 18.395851 s
currentSize : 25 <-- 91.396240 s
currentSize : 26 <-- 102.996078 s

maxsize : 26
nodes : 5564575.000000
filtered : 242769862.000000
CCGP filtered : 13275481.000000
CCGT filtered : 6108288.000000
time : 117.470291
