Parameters: GAD=1 vflib=1 dir=0 label=0 lowerbound=1 fileNameGp=../graphsdb/mcs70/bvg/b03m/mcs70_b03m_s35.A66 fileNameGt=../graphsdb/mcs70/bvg/b03m/mcs70_b03m_s35.B66
Reading graphs...
35 :  52
35 :  52
Initializing...
maxdom : 35
D->valSize : 1225
Solving...
currentSize : 8 <-- 0.020769 s
currentSize : 9 <-- 0.020824 s
currentSize : 14 <-- 0.020882 s
currentSize : 18 <-- 0.020986 s
currentSize : 19 <-- 0.021226 s
currentSize : 20 <-- 0.021324 s
currentSize : 21 <-- 0.022052 s
currentSize : 22 <-- 0.485661 s
currentSize : 23 <-- 1.028184 s
currentSize : 24 <-- 1.030948 s
currentSize : 25 <-- 3.925492 s
currentSize : 26 <-- 25.922586 s
currentSize : 27 <-- 26.118876 s
currentSize : 28 <-- 26.119265 s

maxsize : 28
nodes : 1018139.000000
filtered : 37307752.000000
CCGP filtered : 31782517.000000
CCGT filtered : 21364381.000000
time : 39.064568
