Parameters: GAD=1 vflib=1 dir=0 label=0 lowerbound=1 fileNameGp=../graphsdb/mcs70/bvg/b06/mcs70_b06_s35.A75 fileNameGt=../graphsdb/mcs70/bvg/b06/mcs70_b06_s35.B75
Reading graphs...
35 :  103
35 :  105
Initializing...
maxdom : 35
D->valSize : 1225
Solving...
currentSize : 15 <-- 0.019196 s
currentSize : 16 <-- 0.021025 s
currentSize : 17 <-- 0.023512 s
currentSize : 18 <-- 0.091211 s
currentSize : 19 <-- 0.533879 s
currentSize : 20 <-- 0.534167 s
currentSize : 21 <-- 1.335153 s
currentSize : 22 <-- 9.195281 s
currentSize : 23 <-- 9.452667 s
currentSize : 24 <-- 9.819106 s
currentSize : 25 <-- 12.185796 s
currentSize : 26 <-- 21.320791 s

maxsize : 26
nodes : 1682624.000000
filtered : 73030398.000000
CCGP filtered : 3360995.000000
CCGT filtered : 3708538.000000
time : 39.180367
