Parameters: GAD=1 vflib=1 dir=0 label=0 lowerbound=1 fileNameGp=../graphsdb/mcs70/m4D/m4Dr2/mcs70_m4Dr2_s25.A51 fileNameGt=../graphsdb/mcs70/m4D/m4Dr2/mcs70_m4Dr2_s25.B51
Reading graphs...
25 :  52
25 :  52
Initializing...
maxdom : 25
D->valSize : 625
Solving...
currentSize : 9 <-- 0.005183 s
currentSize : 10 <-- 0.005245 s
currentSize : 11 <-- 0.005402 s
currentSize : 12 <-- 0.005573 s
currentSize : 13 <-- 0.006011 s
currentSize : 14 <-- 0.006522 s
currentSize : 15 <-- 0.009821 s
currentSize : 16 <-- 0.010585 s
currentSize : 17 <-- 0.018313 s
currentSize : 18 <-- 0.023359 s

maxsize : 18
nodes : 43054.000000
filtered : 1655784.000000
CCGP filtered : 252229.000000
CCGT filtered : 152773.000000
time : 0.811353
