Parameters: GAD=1 vflib=1 dir=0 label=0 lowerbound=1 fileNameGp=../graphsdb/mcs70/m3D/m3Dr6/mcs70_m3Dr6_s35.A47 fileNameGt=../graphsdb/mcs70/m3D/m3Dr6/mcs70_m3Dr6_s35.B47
Reading graphs...
35 :  92
35 :  90
Initializing...
maxdom : 35
D->valSize : 1225
Solving...
currentSize : 13 <-- 0.024818 s
currentSize : 14 <-- 0.024928 s
currentSize : 15 <-- 0.025072 s
currentSize : 16 <-- 0.025243 s
currentSize : 17 <-- 0.025488 s
currentSize : 18 <-- 0.027461 s
currentSize : 19 <-- 0.336982 s
currentSize : 20 <-- 2.069853 s
currentSize : 21 <-- 56.124325 s
currentSize : 22 <-- 1511.492920 s
currentSize : 24 <-- 1649.771484 s
currentSize : 27 <-- 1654.437500 s
currentSize : 28 <-- 1654.437744 s

maxsize : 28
nodes : 111779498.000000
filtered : 3136623087.000000
CCGP filtered : 117520032.000000
CCGT filtered : 149276313.000000
time : 1662.897095
