Parameters: GAD=1 vflib=1 dir=0 label=0 lowerbound=1 fileNameGp=../graphsdb/mcs70/m4D/m4Dr2/mcs70_m4Dr2_s25.A21 fileNameGt=../graphsdb/mcs70/m4D/m4Dr2/mcs70_m4Dr2_s25.B21
Reading graphs...
25 :  51
25 :  51
Initializing...
maxdom : 25
D->valSize : 625
Solving...
currentSize : 11 <-- 0.005044 s
currentSize : 12 <-- 0.005131 s
currentSize : 13 <-- 0.005415 s
currentSize : 14 <-- 0.012642 s
currentSize : 15 <-- 0.013696 s
currentSize : 16 <-- 0.127877 s
currentSize : 17 <-- 0.282499 s
currentSize : 18 <-- 0.484095 s
currentSize : 19 <-- 0.494326 s

maxsize : 19
nodes : 61739.000000
filtered : 1877524.000000
CCGP filtered : 337981.000000
CCGT filtered : 231438.000000
time : 0.967081
