Parameters: GAD=1 vflib=1 dir=0 label=0 lowerbound=1 fileNameGp=../graphsdb/mcs70/m2D/m2Dr6/m2Dr6/mcs70_m2Dr6_s35.A98 fileNameGt=../graphsdb/mcs70/m2D/m2Dr6/m2Dr6/mcs70_m2Dr6_s35.B98
Reading graphs...
35 :  77
35 :  75
Initializing...
maxdom : 35
D->valSize : 1225
Solving...
currentSize : 15 <-- 0.035831 s
currentSize : 16 <-- 0.035993 s
currentSize : 17 <-- 0.039383 s
currentSize : 18 <-- 0.052774 s
currentSize : 19 <-- 0.060088 s
currentSize : 20 <-- 0.108573 s
currentSize : 21 <-- 0.168688 s
currentSize : 22 <-- 37.355721 s
currentSize : 23 <-- 37.822533 s
currentSize : 24 <-- 773.614563 s
currentSize : 26 <-- 773.615906 s

maxsize : 26
nodes : 38012046.000000
filtered : 1338212273.000000
CCGP filtered : 178494257.000000
CCGT filtered : 62365126.000000
time : 819.168945
