Parameters: GAD=1 vflib=1 dir=0 label=0 lowerbound=1 fileNameGp=../graphsdb/mcs70/m3D/m3Dr4/mcs70_m3Dr4_s35.A43 fileNameGt=../graphsdb/mcs70/m3D/m3Dr4/mcs70_m3Dr4_s35.B43
Reading graphs...
35 :  85
35 :  86
Initializing...
maxdom : 35
D->valSize : 1225
Solving...
currentSize : 16 <-- 0.019799 s
currentSize : 17 <-- 0.019870 s
currentSize : 18 <-- 0.020064 s
currentSize : 19 <-- 0.032766 s
currentSize : 20 <-- 0.110150 s
currentSize : 21 <-- 0.179805 s
currentSize : 22 <-- 141.289139 s
currentSize : 24 <-- 587.902466 s
currentSize : 25 <-- 587.904114 s
currentSize : 27 <-- 616.139587 s

maxsize : 27
nodes : 45354967.000000
filtered : 1272663013.000000
CCGP filtered : 68664333.000000
CCGT filtered : 64286943.000000
time : 637.127502
