Parameters: GAD=1 vflib=1 dir=0 label=0 lowerbound=1 fileNameGp=../graphsdb/mcs70/m2D/m2Dr4/mcs70_m2Dr4_s35.A49 fileNameGt=../graphsdb/mcs70/m2D/m2Dr4/mcs70_m2Dr4_s35.B49
Reading graphs...
35 :  71
35 :  69
Initializing...
maxdom : 35
D->valSize : 1225
Solving...
currentSize : 17 <-- 0.036507 s
currentSize : 18 <-- 0.036674 s
currentSize : 19 <-- 0.037637 s
currentSize : 20 <-- 0.064292 s
currentSize : 21 <-- 3.764364 s
currentSize : 22 <-- 50.362934 s
currentSize : 23 <-- 101.572327 s
currentSize : 24 <-- 339.260101 s
currentSize : 26 <-- 339.589325 s

maxsize : 26
nodes : 26990250.000000
filtered : 861536277.000000
CCGP filtered : 39748165.000000
CCGT filtered : 63488051.000000
time : 462.286682
