Parameters: GAD=1 vflib=1 dir=0 label=0 lowerbound=1 fileNameGp=../graphsdb/mcs70/rand/r02/mcs70_r02_s35.A14 fileNameGt=../graphsdb/mcs70/rand/r02/mcs70_r02_s35.B14
Reading graphs...
35 :  214
35 :  213
Initializing...
maxdom : 35
D->valSize : 1225
Solving...
currentSize : 11 <-- 0.030388 s
currentSize : 12 <-- 0.030536 s
currentSize : 13 <-- 0.056583 s
currentSize : 14 <-- 0.061323 s
currentSize : 15 <-- 11.095371 s
currentSize : 17 <-- 409.990906 s
currentSize : 18 <-- 462.860931 s
currentSize : 20 <-- 1176.735352 s
currentSize : 24 <-- 1177.290161 s

maxsize : 24
nodes : 98710594.000000
filtered : 1849565719.000000
CCGP filtered : 2110546.000000
CCGT filtered : 5886292.000000
time : 1201.216309
