Parameters: GAD=1 vflib=1 dir=0 label=0 lowerbound=1 fileNameGp=../graphsdb/mcs70/bvg/b06/mcs70_b06_s30.A09 fileNameGt=../graphsdb/mcs70/bvg/b06/mcs70_b06_s30.B09
Reading graphs...
30 :  90
30 :  90
Initializing...
maxdom : 30
D->valSize : 900
Solving...
currentSize : 13 <-- 0.010109 s
currentSize : 14 <-- 0.010266 s
currentSize : 15 <-- 0.017009 s
currentSize : 16 <-- 0.023799 s
currentSize : 17 <-- 0.031411 s
currentSize : 19 <-- 0.076874 s
currentSize : 20 <-- 0.077035 s
currentSize : 21 <-- 0.194532 s
currentSize : 22 <-- 0.956879 s

maxsize : 22
nodes : 527071.000000
filtered : 20663225.000000
CCGP filtered : 580943.000000
CCGT filtered : 460171.000000
time : 10.402330
