Parameters: GAD=1 vflib=1 dir=0 label=0 lowerbound=1 fileNameGp=../graphsdb/mcs70/m3D/m3Dr2/mcs70_m3Dr2_s35.A16 fileNameGt=../graphsdb/mcs70/m3D/m3Dr2/mcs70_m3Dr2_s35.B16
Reading graphs...
35 :  78
35 :  77
Initializing...
maxdom : 35
D->valSize : 1225
Solving...
currentSize : 16 <-- 0.020745 s
currentSize : 17 <-- 0.021043 s
currentSize : 18 <-- 0.028750 s
currentSize : 19 <-- 0.028931 s
currentSize : 20 <-- 1.124310 s
currentSize : 21 <-- 2.574592 s
currentSize : 22 <-- 3.618126 s
currentSize : 23 <-- 13.811236 s
currentSize : 24 <-- 88.213135 s
currentSize : 25 <-- 120.616455 s
currentSize : 26 <-- 160.802216 s
currentSize : 27 <-- 160.802399 s

maxsize : 27
nodes : 9109670.000000
filtered : 340229153.000000
CCGP filtered : 17699024.000000
CCGT filtered : 11813709.000000
time : 195.598740
