Parameters: GAD=1 vflib=1 dir=0 label=0 lowerbound=1 fileNameGp=../graphsdb/mcs70/bvg/b06/mcs70_b06_s35.A97 fileNameGt=../graphsdb/mcs70/bvg/b06/mcs70_b06_s35.B97
Reading graphs...
35 :  104
35 :  105
Initializing...
maxdom : 35
D->valSize : 1225
Solving...
currentSize : 16 <-- 0.024473 s
currentSize : 17 <-- 0.024598 s
currentSize : 18 <-- 0.066078 s
currentSize : 19 <-- 0.098659 s
currentSize : 20 <-- 2.301658 s
currentSize : 21 <-- 12.417613 s
currentSize : 23 <-- 13.465487 s
currentSize : 24 <-- 19.546947 s
currentSize : 26 <-- 24.981030 s

maxsize : 26
nodes : 2361647.000000
filtered : 97372057.000000
CCGP filtered : 4782003.000000
CCGT filtered : 3036008.000000
time : 55.672295
