Parameters: GAD=1 vflib=1 dir=0 label=0 lowerbound=1 fileNameGp=../graphsdb/mcs70/bvg/b06m/mcs70_b06m_s35.A53 fileNameGt=../graphsdb/mcs70/bvg/b06m/mcs70_b06m_s35.B53
Reading graphs...
35 :  102
35 :  103
Initializing...
maxdom : 35
D->valSize : 1225
Solving...
currentSize : 13 <-- 0.019337 s
currentSize : 14 <-- 0.019381 s
currentSize : 15 <-- 0.019496 s
currentSize : 16 <-- 0.020456 s
currentSize : 17 <-- 0.021376 s
currentSize : 18 <-- 0.029058 s
currentSize : 19 <-- 8.291143 s
currentSize : 20 <-- 111.499825 s
currentSize : 23 <-- 134.347214 s
currentSize : 24 <-- 134.347351 s

maxsize : 24
nodes : 15614430.000000
filtered : 506266041.000000
CCGP filtered : 40154114.000000
CCGT filtered : 14670775.000000
time : 282.146301
