Parameters: GAD=1 vflib=1 dir=0 label=0 lowerbound=1 fileNameGp=../graphsdb/mcs70/m4D/m4D/mcs70_m4D_s25.A34 fileNameGt=../graphsdb/mcs70/m4D/m4D/mcs70_m4D_s25.B34
Reading graphs...
25 :  47
25 :  47
Initializing...
maxdom : 25
D->valSize : 625
Solving...
currentSize : 11 <-- 0.005118 s
currentSize : 12 <-- 0.005289 s
currentSize : 13 <-- 0.005458 s
currentSize : 14 <-- 0.007586 s
currentSize : 15 <-- 0.015139 s
currentSize : 16 <-- 0.265813 s
currentSize : 17 <-- 0.390177 s
currentSize : 18 <-- 0.840900 s
currentSize : 19 <-- 0.840978 s

maxsize : 19
nodes : 90495.000000
filtered : 2466178.000000
CCGP filtered : 1109328.000000
CCGT filtered : 586303.000000
time : 1.259302
