Parameters: GAD=1 vflib=1 dir=0 label=0 lowerbound=1 fileNameGp=../graphsdb/mcs70/m4D/m4Dr6/mcs70_m4Dr6_s25.A69 fileNameGt=../graphsdb/mcs70/m4D/m4Dr6/mcs70_m4Dr6_s25.B69
Reading graphs...
25 :  59
25 :  57
Initializing...
maxdom : 25
D->valSize : 625
Solving...
currentSize : 10 <-- 0.005304 s
currentSize : 11 <-- 0.005389 s
currentSize : 12 <-- 0.005521 s
currentSize : 13 <-- 0.005828 s
currentSize : 14 <-- 0.007790 s
currentSize : 15 <-- 0.008164 s
currentSize : 16 <-- 0.035357 s
currentSize : 17 <-- 3.003389 s
currentSize : 18 <-- 3.639551 s

maxsize : 18
nodes : 302113.000000
filtered : 7780850.000000
CCGP filtered : 718438.000000
CCGT filtered : 428524.000000
time : 4.631133
