Parameters: GAD=1 vflib=1 dir=0 label=0 lowerbound=1 fileNameGp=../graphsdb/mcs70/bvg/b09/mcs70_b09_s35.A65 fileNameGt=../graphsdb/mcs70/bvg/b09/mcs70_b09_s35.B65
Reading graphs...
35 :  153
35 :  156
Initializing...
maxdom : 35
D->valSize : 1225
Solving...
currentSize : 11 <-- 0.017711 s
currentSize : 12 <-- 0.017868 s
currentSize : 13 <-- 0.033690 s
currentSize : 14 <-- 0.054590 s
currentSize : 15 <-- 0.126741 s
currentSize : 19 <-- 0.620012 s
currentSize : 20 <-- 0.620132 s
currentSize : 22 <-- 0.621398 s
currentSize : 24 <-- 0.621549 s
currentSize : 25 <-- 19.064159 s

maxsize : 25
nodes : 2446159.000000
filtered : 108904209.000000
CCGP filtered : 245057.000000
CCGT filtered : 416853.000000
time : 39.281258
