Parameters: GAD=1 vflib=1 dir=0 label=0 lowerbound=1 fileNameGp=../graphsdb/mcs70/bvg/b03/mcs70_b03_s35.A56 fileNameGt=../graphsdb/mcs70/bvg/b03/mcs70_b03_s35.B56
Reading graphs...
35 :  52
35 :  52
Initializing...
maxdom : 35
D->valSize : 1225
Solving...
currentSize : 14 <-- 0.037413 s
currentSize : 15 <-- 0.038184 s
currentSize : 17 <-- 0.038915 s
currentSize : 18 <-- 0.038972 s
currentSize : 19 <-- 0.039623 s
currentSize : 20 <-- 0.047194 s
currentSize : 21 <-- 0.050556 s
currentSize : 22 <-- 0.080271 s
currentSize : 23 <-- 0.080402 s
currentSize : 24 <-- 0.119416 s
currentSize : 25 <-- 1.087213 s
currentSize : 26 <-- 2.453651 s
currentSize : 27 <-- 2.456432 s
currentSize : 28 <-- 28.127136 s

maxsize : 28
nodes : 860415.000000
filtered : 45474335.000000
CCGP filtered : 15272934.000000
CCGT filtered : 5556036.000000
time : 60.800083
