Parameters: GAD=1 vflib=1 dir=0 label=0 lowerbound=1 fileNameGp=../graphsdb/mcs70/m4D/m4Dr2/mcs70_m4Dr2_s25.A89 fileNameGt=../graphsdb/mcs70/m4D/m4Dr2/mcs70_m4Dr2_s25.B89
Reading graphs...
25 :  51
25 :  52
Initializing...
maxdom : 25
D->valSize : 625
Solving...
currentSize : 5 <-- 0.004968 s
currentSize : 7 <-- 0.005013 s
currentSize : 8 <-- 0.005076 s
currentSize : 9 <-- 0.006767 s
currentSize : 10 <-- 0.006990 s
currentSize : 11 <-- 0.007281 s
currentSize : 12 <-- 0.011594 s
currentSize : 13 <-- 0.015325 s
currentSize : 14 <-- 0.015676 s
currentSize : 15 <-- 0.049765 s
currentSize : 16 <-- 0.279509 s
currentSize : 17 <-- 0.280070 s

maxsize : 17
nodes : 126979.000000
filtered : 3593387.000000
CCGP filtered : 1769464.000000
CCGT filtered : 834984.000000
time : 1.761965
