Parameters: GAD=1 vflib=1 dir=0 label=0 lowerbound=1 fileNameGp=../graphsdb/mcs70/bvg/b09/mcs70_b09_s35.A94 fileNameGt=../graphsdb/mcs70/bvg/b09/mcs70_b09_s35.B94
Reading graphs...
35 :  153
35 :  155
Initializing...
maxdom : 35
D->valSize : 1225
Solving...
currentSize : 12 <-- 0.017842 s
currentSize : 13 <-- 0.017912 s
currentSize : 14 <-- 0.018481 s
currentSize : 16 <-- 0.018798 s
currentSize : 17 <-- 2.457073 s
currentSize : 18 <-- 8.406775 s
currentSize : 20 <-- 11.369693 s
currentSize : 22 <-- 11.429016 s
currentSize : 23 <-- 11.429181 s
currentSize : 24 <-- 11.429372 s

maxsize : 24
nodes : 4039816.000000
filtered : 153123662.000000
CCGP filtered : 1761184.000000
CCGT filtered : 1397947.000000
time : 60.189594
