Parameters: GAD=1 vflib=1 dir=0 label=0 lowerbound=1 fileNameGp=../graphsdb/mcs70/rand/r02/mcs70_r02_s30.A95 fileNameGt=../graphsdb/mcs70/rand/r02/mcs70_r02_s30.B95
Reading graphs...
30 :  152
30 :  159
Initializing...
maxdom : 30
D->valSize : 900
Solving...
currentSize : 10 <-- 0.016417 s
currentSize : 11 <-- 0.016743 s
currentSize : 12 <-- 0.024853 s
currentSize : 13 <-- 0.044684 s
currentSize : 14 <-- 0.059506 s
currentSize : 15 <-- 0.071628 s
currentSize : 17 <-- 134.904602 s
currentSize : 18 <-- 145.329697 s
currentSize : 21 <-- 148.783356 s

maxsize : 21
nodes : 14428815.000000
filtered : 221323378.000000
CCGP filtered : 209017.000000
CCGT filtered : 1418084.000000
time : 152.912903
