Parameters: GAD=1 vflib=1 dir=0 label=0 lowerbound=1 fileNameGp=../graphsdb/mcs70/m3D/m3Dr6/mcs70_m3Dr6_s35.A13 fileNameGt=../graphsdb/mcs70/m3D/m3Dr6/mcs70_m3Dr6_s35.B13
Reading graphs...
35 :  92
35 :  92
Initializing...
maxdom : 35
D->valSize : 1225
Solving...
currentSize : 16 <-- 0.024021 s
currentSize : 17 <-- 0.024072 s
currentSize : 18 <-- 0.024148 s
currentSize : 19 <-- 0.024293 s
currentSize : 20 <-- 0.434324 s
currentSize : 21 <-- 1.114600 s
currentSize : 22 <-- 4.249337 s
currentSize : 23 <-- 23.268721 s
currentSize : 24 <-- 48.753361 s
currentSize : 25 <-- 48.753601 s
currentSize : 27 <-- 48.753902 s

maxsize : 27
nodes : 3236206.000000
filtered : 127972151.000000
CCGP filtered : 4921964.000000
CCGT filtered : 4003303.000000
time : 60.851875
