Parameters: GAD=1 vflib=1 dir=0 label=0 lowerbound=1 fileNameGp=../graphsdb/mcs70/bvg/b03m/mcs70_b03m_s30.A10 fileNameGt=../graphsdb/mcs70/bvg/b03m/mcs70_b03m_s30.B10
Reading graphs...
30 :  45
30 :  45
Initializing...
maxdom : 30
D->valSize : 900
Solving...
currentSize : 14 <-- 0.011105 s
currentSize : 15 <-- 0.011143 s
currentSize : 16 <-- 0.011164 s
currentSize : 17 <-- 0.011608 s
currentSize : 18 <-- 0.011646 s
currentSize : 19 <-- 0.138283 s
currentSize : 20 <-- 0.343809 s
currentSize : 21 <-- 1.312974 s
currentSize : 22 <-- 1.823438 s
currentSize : 23 <-- 1.921008 s

maxsize : 23
nodes : 305395.000000
filtered : 10940508.000000
CCGP filtered : 4200379.000000
CCGT filtered : 2505917.000000
time : 8.086022
