Parameters: GAD=1 vflib=1 dir=0 label=0 lowerbound=1 fileNameGp=../graphsdb/mcs70/bvg/b09m/mcs70_b09m_s35.A00 fileNameGt=../graphsdb/mcs70/bvg/b09m/mcs70_b09m_s35.B00
Reading graphs...
35 :  153
35 :  154
Initializing...
maxdom : 35
D->valSize : 1225
Solving...
currentSize : 13 <-- 0.031718 s
currentSize : 14 <-- 0.032082 s
currentSize : 15 <-- 0.034548 s
currentSize : 16 <-- 0.034647 s
currentSize : 17 <-- 0.283261 s
currentSize : 18 <-- 264.262054 s
currentSize : 19 <-- 476.400024 s
currentSize : 20 <-- 517.191956 s
currentSize : 22 <-- 538.908752 s
currentSize : 24 <-- 659.158264 s

maxsize : 24
nodes : 54964019.000000
filtered : 1367430028.000000
CCGP filtered : 17819206.000000
CCGT filtered : 13355210.000000
time : 674.172913
