Parameters: GAD=1 vflib=1 dir=0 label=0 lowerbound=1 fileNameGp=../graphsdb/mcs70/rand/r02/mcs70_r02_s35.A42 fileNameGt=../graphsdb/mcs70/rand/r02/mcs70_r02_s35.B42
Reading graphs...
35 :  215
35 :  211
Initializing...
maxdom : 35
D->valSize : 1225
Solving...
currentSize : 11 <-- 0.030208 s
currentSize : 12 <-- 0.030462 s
currentSize : 13 <-- 0.032613 s
currentSize : 14 <-- 0.290770 s
currentSize : 15 <-- 132.576477 s
currentSize : 16 <-- 193.260269 s
currentSize : 17 <-- 193.453796 s
currentSize : 18 <-- 193.470749 s
currentSize : 19 <-- 350.031921 s
currentSize : 20 <-- 350.317719 s
currentSize : 21 <-- 350.345795 s
currentSize : 24 <-- 350.346252 s

maxsize : 24
nodes : 31359772.000000
filtered : 561573280.000000
CCGP filtered : 597498.000000
CCGT filtered : 1665275.000000
time : 388.452545
