Parameters: GAD=1 vflib=1 dir=0 label=0 lowerbound=1 fileNameGp=../graphsdb/mcs70/m2D/m2Dr4/mcs70_m2Dr4_s35.A40 fileNameGt=../graphsdb/mcs70/m2D/m2Dr4/mcs70_m2Dr4_s35.B40
Reading graphs...
35 :  71
35 :  70
Initializing...
maxdom : 35
D->valSize : 1225
Solving...
currentSize : 14 <-- 0.020392 s
currentSize : 16 <-- 0.020434 s
currentSize : 17 <-- 0.020518 s
currentSize : 18 <-- 0.025330 s
currentSize : 19 <-- 0.031346 s
currentSize : 20 <-- 0.462022 s
currentSize : 21 <-- 2.045490 s
currentSize : 22 <-- 23.975901 s
currentSize : 23 <-- 62.856674 s
currentSize : 24 <-- 212.890945 s
currentSize : 25 <-- 467.834167 s

maxsize : 25
nodes : 27005700.000000
filtered : 973224329.000000
CCGP filtered : 160233445.000000
CCGT filtered : 111449445.000000
time : 539.240784
