Parameters: GAD=1 vflib=1 dir=0 label=0 lowerbound=1 fileNameGp=../graphsdb/mcs70/m2D/m2D/mcs70_m2D_s35.A36 fileNameGt=../graphsdb/mcs70/m2D/m2D/mcs70_m2D_s35.B36
Reading graphs...
35 :  58
35 :  58
Initializing...
maxdom : 35
D->valSize : 1225
Solving...
currentSize : 17 <-- 0.021465 s
currentSize : 19 <-- 0.021534 s
currentSize : 20 <-- 0.021726 s
currentSize : 21 <-- 0.021928 s
currentSize : 22 <-- 0.023195 s
currentSize : 23 <-- 0.076607 s
currentSize : 24 <-- 0.140840 s
currentSize : 25 <-- 0.393156 s
currentSize : 26 <-- 55.526432 s
currentSize : 27 <-- 56.315212 s
currentSize : 28 <-- 56.320168 s

maxsize : 28
nodes : 2968601.000000
filtered : 112930863.000000
CCGP filtered : 35777934.000000
CCGT filtered : 14183872.000000
time : 74.632416
