Parameters: GAD=1 vflib=1 dir=0 label=0 lowerbound=1 fileNameGp=../graphsdb/mcs70/bvg/b03/mcs70_b03_s35.A98 fileNameGt=../graphsdb/mcs70/bvg/b03/mcs70_b03_s35.B98
Reading graphs...
35 :  52
35 :  52
Initializing...
maxdom : 35
D->valSize : 1225
Solving...
currentSize : 17 <-- 0.026204 s
currentSize : 21 <-- 0.026282 s
currentSize : 22 <-- 0.026321 s
currentSize : 23 <-- 0.026595 s
currentSize : 24 <-- 0.032215 s
currentSize : 25 <-- 0.684393 s
currentSize : 26 <-- 1.274371 s
currentSize : 27 <-- 11.483726 s
currentSize : 28 <-- 11.551509 s

maxsize : 28
nodes : 671756.000000
filtered : 33148379.000000
CCGP filtered : 10264962.000000
CCGT filtered : 3106796.000000
time : 42.212906
