Parameters: GAD=1 vflib=1 dir=0 label=0 lowerbound=1 fileNameGp=../graphsdb/mcs70/bvg/b06m/mcs70_b06m_s30.A03 fileNameGt=../graphsdb/mcs70/bvg/b06m/mcs70_b06m_s30.B03
Reading graphs...
30 :  89
30 :  87
Initializing...
maxdom : 30
D->valSize : 900
Solving...
currentSize : 12 <-- 0.018050 s
currentSize : 13 <-- 0.018236 s
currentSize : 14 <-- 0.018720 s
currentSize : 15 <-- 0.043650 s
currentSize : 16 <-- 0.839514 s
currentSize : 17 <-- 0.887891 s
currentSize : 18 <-- 3.489849 s
currentSize : 19 <-- 12.780054 s
currentSize : 20 <-- 12.780340 s
currentSize : 21 <-- 12.780923 s

maxsize : 21
nodes : 1586025.000000
filtered : 51558429.000000
CCGP filtered : 1833643.000000
CCGT filtered : 2120109.000000
time : 24.447092
