Parameters: GAD=1 vflib=1 dir=0 label=0 lowerbound=1 fileNameGp=../graphsdb/mcs70/bvg/b06/mcs70_b06_s35.A53 fileNameGt=../graphsdb/mcs70/bvg/b06/mcs70_b06_s35.B53
Reading graphs...
35 :  105
35 :  105
Initializing...
maxdom : 35
D->valSize : 1225
Solving...
currentSize : 14 <-- 0.019172 s
currentSize : 15 <-- 0.019209 s
currentSize : 16 <-- 0.025479 s
currentSize : 17 <-- 0.036787 s
currentSize : 18 <-- 0.043398 s
currentSize : 19 <-- 0.601128 s
currentSize : 20 <-- 8.372172 s
currentSize : 21 <-- 8.372675 s
currentSize : 22 <-- 11.626623 s
currentSize : 23 <-- 20.990479 s
currentSize : 24 <-- 21.642796 s
currentSize : 26 <-- 28.221176 s
currentSize : 27 <-- 28.221432 s

maxsize : 27
nodes : 2025470.000000
filtered : 74723677.000000
CCGP filtered : 6695768.000000
CCGT filtered : 3885542.000000
time : 40.729221
