Parameters: GAD=1 vflib=1 dir=0 label=0 lowerbound=1 fileNameGp=../graphsdb/mcs70/m2D/m2Dr4/mcs70_m2Dr4_s35.A80 fileNameGt=../graphsdb/mcs70/m2D/m2Dr4/mcs70_m2Dr4_s35.B80
Reading graphs...
35 :  72
35 :  71
Initializing...
maxdom : 35
D->valSize : 1225
Solving...
currentSize : 14 <-- 0.021214 s
currentSize : 16 <-- 0.021467 s
currentSize : 17 <-- 0.022789 s
currentSize : 18 <-- 0.023991 s
currentSize : 19 <-- 0.026418 s
currentSize : 20 <-- 0.207836 s
currentSize : 21 <-- 0.324326 s
currentSize : 22 <-- 5.780039 s
currentSize : 23 <-- 140.783295 s
currentSize : 24 <-- 1384.241699 s
currentSize : 25 <-- 1431.295288 s

maxsize : 25
nodes : 93848826.000000
filtered : 3061713209.000000
CCGP filtered : 369579413.000000
CCGT filtered : 242154775.000000
time : 1582.105347
