Parameters: GAD=1 vflib=1 dir=0 label=0 lowerbound=1 fileNameGp=../graphsdb/mcs70/bvg/b09/mcs70_b09_s30.A26 fileNameGt=../graphsdb/mcs70/bvg/b09/mcs70_b09_s30.B26
Reading graphs...
30 :  134
30 :  132
Initializing...
maxdom : 30
D->valSize : 900
Solving...
currentSize : 11 <-- 0.009637 s
currentSize : 12 <-- 0.009746 s
currentSize : 13 <-- 0.011151 s
currentSize : 14 <-- 0.015424 s
currentSize : 15 <-- 0.021540 s
currentSize : 16 <-- 0.030892 s
currentSize : 17 <-- 1.207458 s
currentSize : 19 <-- 1.412968 s
currentSize : 20 <-- 1.414410 s
currentSize : 21 <-- 1.704662 s

maxsize : 21
nodes : 501730.000000
filtered : 18241906.000000
CCGP filtered : 44187.000000
CCGT filtered : 270342.000000
time : 6.578892
