Parameters: GAD=1 vflib=1 dir=0 label=0 lowerbound=1 fileNameGp=../graphsdb/mcs70/rand/r02/mcs70_r02_s25.A50 fileNameGt=../graphsdb/mcs70/rand/r02/mcs70_r02_s25.B50
Reading graphs...
25 :  110
25 :  107
Initializing...
maxdom : 25
D->valSize : 625
Solving...
currentSize : 8 <-- 0.007835 s
currentSize : 9 <-- 0.007910 s
currentSize : 10 <-- 0.008137 s
currentSize : 11 <-- 0.008393 s
currentSize : 12 <-- 0.014561 s
currentSize : 13 <-- 0.122165 s
currentSize : 14 <-- 6.535573 s
currentSize : 16 <-- 6.572521 s
currentSize : 17 <-- 6.573628 s

maxsize : 17
nodes : 848626.000000
filtered : 13360863.000000
CCGP filtered : 38547.000000
CCGT filtered : 51916.000000
time : 7.713148
