Parameters: GAD=1 vflib=1 dir=0 label=0 lowerbound=1 fileNameGp=../graphsdb/mcs70/rand/r02/mcs70_r02_s30.A11 fileNameGt=../graphsdb/mcs70/rand/r02/mcs70_r02_s30.B11
Reading graphs...
30 :  154
30 :  152
Initializing...
maxdom : 30
D->valSize : 900
Solving...
currentSize : 9 <-- 0.009468 s
currentSize : 10 <-- 0.009514 s
currentSize : 11 <-- 0.009680 s
currentSize : 12 <-- 0.009790 s
currentSize : 13 <-- 0.023261 s
currentSize : 14 <-- 4.694505 s
currentSize : 15 <-- 18.823812 s
currentSize : 17 <-- 34.645763 s
currentSize : 21 <-- 36.709888 s

maxsize : 21
nodes : 4205124.000000
filtered : 67783862.000000
CCGP filtered : 45020.000000
CCGT filtered : 183514.000000
time : 43.991631
