Parameters: GAD=1 vflib=1 dir=0 label=0 lowerbound=1 fileNameGp=../graphsdb/mcs70/m3D/m3Dr6/mcs70_m3Dr6_s35.A39 fileNameGt=../graphsdb/mcs70/m3D/m3Dr6/mcs70_m3Dr6_s35.B39
Reading graphs...
35 :  92
35 :  90
Initializing...
maxdom : 35
D->valSize : 1225
Solving...
currentSize : 15 <-- 0.035265 s
currentSize : 16 <-- 0.035316 s
currentSize : 18 <-- 0.035906 s
currentSize : 19 <-- 0.054676 s
currentSize : 20 <-- 0.152799 s
currentSize : 21 <-- 44.630314 s
currentSize : 22 <-- 223.907104 s
currentSize : 23 <-- 223.907257 s
currentSize : 24 <-- 282.544006 s
currentSize : 28 <-- 284.617065 s

maxsize : 28
nodes : 21640666.000000
filtered : 606646486.000000
CCGP filtered : 19722596.000000
CCGT filtered : 38665661.000000
time : 294.394043
