Parameters: GAD=1 vflib=1 dir=0 label=0 lowerbound=1 fileNameGp=../graphsdb/mcs70/rand/r02/mcs70_r02_s35.A44 fileNameGt=../graphsdb/mcs70/rand/r02/mcs70_r02_s35.B44
Reading graphs...
35 :  210
35 :  210
Initializing...
maxdom : 35
D->valSize : 1225
Solving...
currentSize : 10 <-- 0.018151 s
currentSize : 11 <-- 0.018211 s
currentSize : 12 <-- 0.023060 s
currentSize : 13 <-- 0.054842 s
currentSize : 14 <-- 1.632201 s
currentSize : 15 <-- 80.134819 s
currentSize : 16 <-- 411.449249 s
currentSize : 17 <-- 2309.998535 s
currentSize : 18 <-- 2411.964111 s
currentSize : 19 <-- 2564.695801 s
currentSize : 24 <-- 2589.426270 s

maxsize : 24
nodes : 213309980.000000
filtered : 3154466786.000000
CCGP filtered : 1893349.000000
CCGT filtered : 3998041.000000
time : 2617.131592
