Parameters: GAD=1 vflib=1 dir=0 label=0 lowerbound=1 fileNameGp=../graphsdb/mcs70/bvg/b06m/mcs70_b06m_s30.A20 fileNameGt=../graphsdb/mcs70/bvg/b06m/mcs70_b06m_s30.B20
Reading graphs...
30 :  87
30 :  86
Initializing...
maxdom : 30
D->valSize : 900
Solving...
currentSize : 9 <-- 0.010187 s
currentSize : 11 <-- 0.010300 s
currentSize : 12 <-- 0.010754 s
currentSize : 13 <-- 0.010916 s
currentSize : 14 <-- 0.011309 s
currentSize : 15 <-- 0.019732 s
currentSize : 16 <-- 0.048548 s
currentSize : 17 <-- 0.082421 s
currentSize : 18 <-- 19.243916 s
currentSize : 22 <-- 19.321880 s

maxsize : 22
nodes : 1757459.000000
filtered : 45779667.000000
CCGP filtered : 4616672.000000
CCGT filtered : 3161154.000000
time : 23.019209
