Parameters: GAD=1 vflib=1 dir=0 label=0 lowerbound=1 fileNameGp=../graphsdb/mcs70/bvg/b06/mcs70_b06_s25.A37 fileNameGt=../graphsdb/mcs70/bvg/b06/mcs70_b06_s25.B37
Reading graphs...
25 :  74
25 :  74
Initializing...
maxdom : 25
D->valSize : 625
Solving...
currentSize : 10 <-- 0.004774 s
currentSize : 11 <-- 0.004852 s
currentSize : 12 <-- 0.005065 s
currentSize : 13 <-- 0.005349 s
currentSize : 14 <-- 0.008669 s
currentSize : 15 <-- 0.041880 s
currentSize : 16 <-- 0.576025 s
currentSize : 17 <-- 1.003293 s
currentSize : 18 <-- 1.841059 s

maxsize : 18
nodes : 212401.000000
filtered : 5539326.000000
CCGP filtered : 253207.000000
CCGT filtered : 141236.000000
time : 2.473718
