Parameters: GAD=1 vflib=1 dir=0 label=0 lowerbound=1 fileNameGp=../graphsdb/mcs70/bvg/b06/mcs70_b06_s35.A78 fileNameGt=../graphsdb/mcs70/bvg/b06/mcs70_b06_s35.B78
Reading graphs...
35 :  104
35 :  105
Initializing...
maxdom : 35
D->valSize : 1225
Solving...
currentSize : 14 <-- 0.033908 s
currentSize : 16 <-- 0.033978 s
currentSize : 17 <-- 0.034944 s
currentSize : 18 <-- 0.356968 s
currentSize : 19 <-- 0.528584 s
currentSize : 20 <-- 1.836386 s
currentSize : 21 <-- 1.839152 s
currentSize : 22 <-- 2.419821 s
currentSize : 23 <-- 4.400192 s
currentSize : 24 <-- 81.735268 s
currentSize : 25 <-- 185.060303 s
currentSize : 26 <-- 212.082779 s

maxsize : 26
nodes : 11056803.000000
filtered : 456569065.000000
CCGP filtered : 22833480.000000
CCGT filtered : 7030933.000000
time : 237.458054
