Parameters: GAD=1 vflib=1 dir=0 label=0 lowerbound=1 fileNameGp=../graphsdb/mcs70/bvg/b06m/mcs70_b06m_s25.A35 fileNameGt=../graphsdb/mcs70/bvg/b06m/mcs70_b06m_s25.B35
Reading graphs...
25 :  71
25 :  71
Initializing...
maxdom : 25
D->valSize : 625
Solving...
currentSize : 8 <-- 0.004757 s
currentSize : 9 <-- 0.004793 s
currentSize : 11 <-- 0.004852 s
currentSize : 12 <-- 0.009033 s
currentSize : 13 <-- 0.012281 s
currentSize : 14 <-- 0.177865 s
currentSize : 15 <-- 2.659478 s
currentSize : 17 <-- 5.748149 s
currentSize : 18 <-- 5.996679 s

maxsize : 18
nodes : 606393.000000
filtered : 12882714.000000
CCGP filtered : 636888.000000
CCGT filtered : 741073.000000
time : 6.453848
