Parameters: GAD=1 vflib=1 dir=0 label=0 lowerbound=1 fileNameGp=../graphsdb/mcs70/bvg/b06m/mcs70_b06m_s30.A41 fileNameGt=../graphsdb/mcs70/bvg/b06m/mcs70_b06m_s30.B41
Reading graphs...
30 :  87
30 :  86
Initializing...
maxdom : 30
D->valSize : 900
Solving...
currentSize : 12 <-- 0.010279 s
currentSize : 13 <-- 0.010395 s
currentSize : 14 <-- 0.012616 s
currentSize : 15 <-- 0.013457 s
currentSize : 16 <-- 0.013576 s
currentSize : 17 <-- 0.930279 s
currentSize : 18 <-- 17.059122 s
currentSize : 19 <-- 60.215298 s
currentSize : 21 <-- 60.215351 s

maxsize : 21
nodes : 4616391.000000
filtered : 126243090.000000
CCGP filtered : 7951641.000000
CCGT filtered : 5974385.000000
time : 67.331810
