Parameters: GAD=1 vflib=1 dir=0 label=0 lowerbound=1 fileNameGp=../graphsdb/mcs70/m2D/m2Dr6/m2Dr6/mcs70_m2Dr6_s35.A90 fileNameGt=../graphsdb/mcs70/m2D/m2Dr6/m2Dr6/mcs70_m2Dr6_s35.B90
Reading graphs...
35 :  79
35 :  76
Initializing...
maxdom : 35
D->valSize : 1225
Solving...
currentSize : 16 <-- 0.035163 s
currentSize : 17 <-- 0.036577 s
currentSize : 18 <-- 0.078266 s
currentSize : 19 <-- 0.078580 s
currentSize : 20 <-- 0.086744 s
currentSize : 21 <-- 3.222318 s
currentSize : 22 <-- 34.472366 s
currentSize : 23 <-- 104.413078 s
currentSize : 24 <-- 136.879684 s
currentSize : 26 <-- 136.880234 s

maxsize : 26
nodes : 9889295.000000
filtered : 340932700.000000
CCGP filtered : 30184650.000000
CCGT filtered : 21971865.000000
time : 184.300491
