Parameters: GAD=1 vflib=1 dir=0 label=0 lowerbound=1 fileNameGp=../graphsdb/mcs70/rand/r005/mcs70_r005_s30.A63 fileNameGt=../graphsdb/mcs70/rand/r005/mcs70_r005_s30.B63
Reading graphs...
30 :  41
30 :  41
Initializing...
maxdom : 30
D->valSize : 900
Solving...
currentSize : 12 <-- 0.011461 s
currentSize : 14 <-- 0.011549 s
currentSize : 15 <-- 0.011740 s
currentSize : 16 <-- 0.012916 s
currentSize : 17 <-- 0.013388 s
currentSize : 18 <-- 0.043489 s
currentSize : 19 <-- 0.043654 s
currentSize : 20 <-- 0.138238 s
currentSize : 21 <-- 0.140367 s
currentSize : 22 <-- 1.407135 s

maxsize : 22
nodes : 417173.000000
filtered : 11812346.000000
CCGP filtered : 6054382.000000
CCGT filtered : 2575565.000000
time : 6.149931
