Parameters: GAD=1 vflib=1 dir=0 label=0 lowerbound=1 fileNameGp=../graphsdb/mcs70/m3D/m3Dr6/mcs70_m3Dr6_s35.A63 fileNameGt=../graphsdb/mcs70/m3D/m3Dr6/mcs70_m3Dr6_s35.B63
Reading graphs...
35 :  91
35 :  88
Initializing...
maxdom : 35
D->valSize : 1225
Solving...
currentSize : 13 <-- 0.035200 s
currentSize : 14 <-- 0.035264 s
currentSize : 15 <-- 0.035393 s
currentSize : 16 <-- 0.035532 s
currentSize : 17 <-- 0.035683 s
currentSize : 18 <-- 0.036131 s
currentSize : 19 <-- 0.082511 s
currentSize : 20 <-- 0.393968 s
currentSize : 21 <-- 19.904364 s
currentSize : 22 <-- 153.797913 s
currentSize : 23 <-- 349.945679 s
currentSize : 27 <-- 393.889404 s

maxsize : 27
nodes : 28580652.000000
filtered : 832326540.000000
CCGP filtered : 15458930.000000
CCGT filtered : 37653475.000000
time : 408.949524
