Parameters: GAD=1 vflib=1 dir=0 label=0 lowerbound=1 fileNameGp=../graphsdb/mcs70/bvg/b09/mcs70_b09_s35.A49 fileNameGt=../graphsdb/mcs70/bvg/b09/mcs70_b09_s35.B49
Reading graphs...
35 :  156
35 :  154
Initializing...
maxdom : 35
D->valSize : 1225
Solving...
currentSize : 11 <-- 0.018320 s
currentSize : 12 <-- 0.018401 s
currentSize : 15 <-- 0.018710 s
currentSize : 16 <-- 0.019637 s
currentSize : 17 <-- 0.088477 s
currentSize : 18 <-- 0.088659 s
currentSize : 19 <-- 0.356115 s
currentSize : 20 <-- 0.356661 s
currentSize : 21 <-- 1.197119 s
currentSize : 23 <-- 1.987224 s
currentSize : 24 <-- 1.987568 s
currentSize : 25 <-- 3.703810 s

maxsize : 25
nodes : 1678832.000000
filtered : 80352519.000000
CCGP filtered : 50700.000000
CCGT filtered : 284527.000000
time : 28.341494
