Parameters: GAD=1 vflib=1 dir=0 label=0 lowerbound=1 fileNameGp=../graphsdb/mcs70/rand/r01/mcs70_r01_s30.A80 fileNameGt=../graphsdb/mcs70/rand/r01/mcs70_r01_s30.B80
Reading graphs...
30 :  83
30 :  85
Initializing...
maxdom : 30
D->valSize : 900
Solving...
currentSize : 9 <-- 0.018208 s
currentSize : 11 <-- 0.018273 s
currentSize : 12 <-- 0.018444 s
currentSize : 13 <-- 0.021539 s
currentSize : 14 <-- 0.022988 s
currentSize : 15 <-- 0.025756 s
currentSize : 16 <-- 0.032516 s
currentSize : 17 <-- 0.260397 s
currentSize : 20 <-- 8.113972 s
currentSize : 21 <-- 8.114065 s

maxsize : 21
nodes : 1571993.000000
filtered : 51970924.000000
CCGP filtered : 2503715.000000
CCGT filtered : 2613331.000000
time : 21.645712
