Parameters: GAD=1 vflib=1 dir=0 label=0 lowerbound=1 fileNameGp=../graphsdb/mcs70/bvg/b06/mcs70_b06_s35.A01 fileNameGt=../graphsdb/mcs70/bvg/b06/mcs70_b06_s35.B01
Reading graphs...
35 :  104
35 :  105
Initializing...
maxdom : 35
D->valSize : 1225
Solving...
currentSize : 17 <-- 0.033632 s
currentSize : 18 <-- 0.034365 s
currentSize : 19 <-- 0.034789 s
currentSize : 20 <-- 0.039633 s
currentSize : 21 <-- 0.040347 s
currentSize : 23 <-- 0.089236 s
currentSize : 24 <-- 3.703482 s
currentSize : 25 <-- 6.110859 s
currentSize : 26 <-- 44.734028 s

maxsize : 26
nodes : 3103603.000000
filtered : 155479514.000000
CCGP filtered : 8673794.000000
CCGT filtered : 3098036.000000
time : 78.348129
