Parameters: GAD=1 vflib=1 dir=0 label=0 lowerbound=1 fileNameGp=../graphsdb/mcs70/m2D/m2Dr6/m2Dr6/mcs70_m2Dr6_s35.A80 fileNameGt=../graphsdb/mcs70/m2D/m2Dr6/m2Dr6/mcs70_m2Dr6_s35.B80
Reading graphs...
35 :  76
35 :  76
Initializing...
maxdom : 35
D->valSize : 1225
Solving...
currentSize : 14 <-- 0.035987 s
currentSize : 15 <-- 0.036240 s
currentSize : 16 <-- 0.037753 s
currentSize : 17 <-- 0.037911 s
currentSize : 18 <-- 0.038331 s
currentSize : 19 <-- 0.038464 s
currentSize : 20 <-- 0.054938 s
currentSize : 21 <-- 0.088954 s
currentSize : 22 <-- 0.303659 s
currentSize : 23 <-- 2.025187 s
currentSize : 24 <-- 36.274544 s
currentSize : 25 <-- 324.844025 s

maxsize : 25
nodes : 14412105.000000
filtered : 622985095.000000
CCGP filtered : 68316998.000000
CCGT filtered : 46444768.000000
time : 362.232910
