Parameters: GAD=1 vflib=1 dir=0 label=0 lowerbound=1 fileNameGp=../graphsdb/mcs70/m2D/m2Dr6/m2Dr6/mcs70_m2Dr6_s35.A64 fileNameGt=../graphsdb/mcs70/m2D/m2Dr6/m2Dr6/mcs70_m2Dr6_s35.B64
Reading graphs...
35 :  76
35 :  76
Initializing...
maxdom : 35
D->valSize : 1225
Solving...
currentSize : 16 <-- 0.035391 s
currentSize : 17 <-- 0.035671 s
currentSize : 18 <-- 0.036489 s
currentSize : 19 <-- 0.037385 s
currentSize : 20 <-- 0.037772 s
currentSize : 21 <-- 0.124681 s
currentSize : 22 <-- 0.594268 s
currentSize : 23 <-- 334.149994 s
currentSize : 25 <-- 335.847412 s

maxsize : 25
nodes : 26242545.000000
filtered : 945303350.000000
CCGP filtered : 121416931.000000
CCGT filtered : 87320028.000000
time : 513.623840
