Parameters: GAD=1 vflib=1 dir=0 label=0 lowerbound=1 fileNameGp=../graphsdb/mcs70/bvg/b09m/mcs70_b09m_s35.A06 fileNameGt=../graphsdb/mcs70/bvg/b09m/mcs70_b09m_s35.B06
Reading graphs...
35 :  152
35 :  154
Initializing...
maxdom : 35
D->valSize : 1225
Solving...
currentSize : 11 <-- 0.018273 s
currentSize : 12 <-- 0.018333 s
currentSize : 13 <-- 0.018549 s
currentSize : 14 <-- 0.022248 s
currentSize : 15 <-- 0.022325 s
currentSize : 16 <-- 0.188772 s
currentSize : 17 <-- 86.561218 s
currentSize : 18 <-- 440.987640 s
currentSize : 21 <-- 441.002045 s
currentSize : 23 <-- 441.016235 s
currentSize : 24 <-- 441.016327 s

maxsize : 24
nodes : 40136880.000000
filtered : 856247161.000000
CCGP filtered : 18529597.000000
CCGT filtered : 26228295.000000
time : 486.055237
