Parameters: GAD=1 vflib=1 dir=0 label=0 lowerbound=1 fileNameGp=../graphsdb/mcs70/m3D/m3Dr4/mcs70_m3Dr4_s35.A35 fileNameGt=../graphsdb/mcs70/m3D/m3Dr4/mcs70_m3Dr4_s35.B35
Reading graphs...
35 :  85
35 :  85
Initializing...
maxdom : 35
D->valSize : 1225
Solving...
currentSize : 16 <-- 0.020137 s
currentSize : 17 <-- 0.020193 s
currentSize : 18 <-- 0.020673 s
currentSize : 19 <-- 0.021262 s
currentSize : 20 <-- 0.078171 s
currentSize : 21 <-- 6.188207 s
currentSize : 22 <-- 90.772667 s
currentSize : 23 <-- 344.183868 s
currentSize : 24 <-- 344.185760 s
currentSize : 26 <-- 344.186218 s
currentSize : 27 <-- 374.592438 s

maxsize : 27
nodes : 25528064.000000
filtered : 748547350.000000
CCGP filtered : 39467069.000000
CCGT filtered : 25221867.000000
time : 386.137970
