Parameters: GAD=1 vflib=1 dir=0 label=0 lowerbound=1 fileNameGp=../graphsdb/mcs70/bvg/b03m/mcs70_b03m_s35.A57 fileNameGt=../graphsdb/mcs70/bvg/b03m/mcs70_b03m_s35.B57
Reading graphs...
35 :  51
35 :  51
Initializing...
maxdom : 35
D->valSize : 1225
Solving...
currentSize : 15 <-- 0.021201 s
currentSize : 16 <-- 0.021250 s
currentSize : 17 <-- 0.021393 s
currentSize : 18 <-- 0.021647 s
currentSize : 19 <-- 0.021902 s
currentSize : 20 <-- 0.022118 s
currentSize : 21 <-- 0.042099 s
currentSize : 22 <-- 0.098141 s
currentSize : 23 <-- 0.634181 s
currentSize : 24 <-- 1.841651 s
currentSize : 25 <-- 85.579697 s

maxsize : 25
nodes : 9027620.000000
filtered : 309542060.000000
CCGP filtered : 214110498.000000
CCGT filtered : 118386758.000000
time : 276.744141
