Parameters: GAD=1 vflib=1 dir=0 label=0 lowerbound=1 fileNameGp=../graphsdb/mcs70/bvg/b09/mcs70_b09_s30.A77 fileNameGt=../graphsdb/mcs70/bvg/b09/mcs70_b09_s30.B77
Reading graphs...
30 :  132
30 :  132
Initializing...
maxdom : 30
D->valSize : 900
Solving...
currentSize : 10 <-- 0.009591 s
currentSize : 11 <-- 0.009702 s
currentSize : 12 <-- 0.010034 s
currentSize : 13 <-- 0.010337 s
currentSize : 14 <-- 0.010593 s
currentSize : 15 <-- 0.057641 s
currentSize : 16 <-- 0.452580 s
currentSize : 17 <-- 0.452796 s
currentSize : 19 <-- 0.452928 s
currentSize : 20 <-- 0.454265 s
currentSize : 21 <-- 2.702923 s

maxsize : 21
nodes : 535609.000000
filtered : 20673745.000000
CCGP filtered : 73949.000000
CCGT filtered : 357278.000000
time : 7.551991
