Parameters: GAD=1 vflib=1 dir=0 label=0 lowerbound=1 fileNameGp=../graphsdb/mcs70/rand/r005/mcs70_r005_s30.A96 fileNameGt=../graphsdb/mcs70/rand/r005/mcs70_r005_s30.B96
Reading graphs...
30 :  42
30 :  41
Initializing...
maxdom : 30
D->valSize : 900
Solving...
currentSize : 10 <-- 0.011579 s
currentSize : 12 <-- 0.011650 s
currentSize : 13 <-- 0.012186 s
currentSize : 15 <-- 0.012204 s
currentSize : 16 <-- 0.019661 s
currentSize : 17 <-- 0.035602 s
currentSize : 18 <-- 0.035706 s
currentSize : 19 <-- 0.036674 s
currentSize : 20 <-- 0.037062 s
currentSize : 21 <-- 0.040794 s
currentSize : 22 <-- 0.337686 s
currentSize : 23 <-- 0.815677 s

maxsize : 23
nodes : 89548.000000
filtered : 3144911.000000
CCGP filtered : 1688525.000000
CCGT filtered : 1048058.000000
time : 1.904898
