Parameters: GAD=1 vflib=1 dir=0 label=0 lowerbound=1 fileNameGp=../graphsdb/mcs70/bvg/b06m/mcs70_b06m_s35.A17 fileNameGt=../graphsdb/mcs70/bvg/b06m/mcs70_b06m_s35.B17
Reading graphs...
35 :  104
35 :  104
Initializing...
maxdom : 35
D->valSize : 1225
Solving...
currentSize : 15 <-- 0.019260 s
currentSize : 16 <-- 0.019316 s
currentSize : 17 <-- 0.034024 s
currentSize : 18 <-- 0.137769 s
currentSize : 19 <-- 2.211301 s
currentSize : 20 <-- 31.111364 s
currentSize : 21 <-- 99.615166 s
currentSize : 22 <-- 260.927704 s
currentSize : 23 <-- 260.932312 s
currentSize : 24 <-- 330.201599 s

maxsize : 24
nodes : 23959378.000000
filtered : 865112881.000000
CCGP filtered : 58915607.000000
CCGT filtered : 54981920.000000
time : 421.290070
