Parameters: GAD=1 vflib=1 dir=0 label=0 lowerbound=1 fileNameGp=../graphsdb/mcs70/bvg/b09/mcs70_b09_s30.A96 fileNameGt=../graphsdb/mcs70/bvg/b09/mcs70_b09_s30.B96
Reading graphs...
30 :  134
30 :  135
Initializing...
maxdom : 30
D->valSize : 900
Solving...
currentSize : 9 <-- 0.009365 s
currentSize : 10 <-- 0.009480 s
currentSize : 11 <-- 0.009878 s
currentSize : 12 <-- 0.010019 s
currentSize : 13 <-- 0.024358 s
currentSize : 14 <-- 0.547549 s
currentSize : 15 <-- 2.292368 s
currentSize : 16 <-- 7.733118 s
currentSize : 17 <-- 8.087727 s
currentSize : 19 <-- 8.188070 s
currentSize : 20 <-- 8.188280 s
currentSize : 21 <-- 8.204980 s

maxsize : 21
nodes : 1437137.000000
filtered : 35804722.000000
CCGP filtered : 107509.000000
CCGT filtered : 230683.000000
time : 16.692190
