Parameters: GAD=1 vflib=1 dir=0 label=0 lowerbound=1 fileNameGp=../graphsdb/mcs70/m3D/m3Dr4/mcs70_m3Dr4_s35.A58 fileNameGt=../graphsdb/mcs70/m3D/m3Dr4/mcs70_m3Dr4_s35.B58
Reading graphs...
35 :  83
35 :  84
Initializing...
maxdom : 35
D->valSize : 1225
Solving...
currentSize : 15 <-- 0.035088 s
currentSize : 16 <-- 0.036249 s
currentSize : 17 <-- 0.037071 s
currentSize : 18 <-- 0.044221 s
currentSize : 19 <-- 0.090267 s
currentSize : 20 <-- 0.343071 s
currentSize : 21 <-- 1.741951 s
currentSize : 22 <-- 159.355667 s
currentSize : 23 <-- 209.541962 s
currentSize : 24 <-- 223.419235 s
currentSize : 25 <-- 260.792969 s
currentSize : 27 <-- 341.762329 s

maxsize : 27
nodes : 20461455.000000
filtered : 676676293.000000
CCGP filtered : 44952904.000000
CCGT filtered : 19133847.000000
time : 354.246094
