Parameters: GAD=1 vflib=1 dir=0 label=0 lowerbound=1 fileNameGp=../graphsdb/mcs70/bvg/b03m/mcs70_b03m_s35.A41 fileNameGt=../graphsdb/mcs70/bvg/b03m/mcs70_b03m_s35.B41
Reading graphs...
35 :  52
35 :  51
Initializing...
maxdom : 35
D->valSize : 1225
Solving...
currentSize : 14 <-- 0.021313 s
currentSize : 16 <-- 0.021478 s
currentSize : 18 <-- 0.022142 s
currentSize : 19 <-- 0.033861 s
currentSize : 20 <-- 0.036112 s
currentSize : 21 <-- 0.036211 s
currentSize : 23 <-- 0.041075 s
currentSize : 24 <-- 0.211765 s
currentSize : 25 <-- 9.159110 s
currentSize : 26 <-- 87.295769 s
currentSize : 27 <-- 87.360741 s

maxsize : 27
nodes : 3550699.000000
filtered : 133547180.000000
CCGP filtered : 71279895.000000
CCGT filtered : 41690823.000000
time : 105.492386
