Parameters: GAD=1 vflib=1 dir=0 label=0 lowerbound=1 fileNameGp=../graphsdb/mcs70/rand/r02/mcs70_r02_s35.A30 fileNameGt=../graphsdb/mcs70/rand/r02/mcs70_r02_s35.B30
Reading graphs...
35 :  211
35 :  211
Initializing...
maxdom : 35
D->valSize : 1225
Solving...
currentSize : 12 <-- 0.017300 s
currentSize : 13 <-- 0.020300 s
currentSize : 14 <-- 0.022216 s
currentSize : 15 <-- 0.411090 s
currentSize : 16 <-- 144.871170 s
currentSize : 17 <-- 2042.593994 s
currentSize : 19 <-- 2129.103271 s
currentSize : 21 <-- 2137.235596 s
currentSize : 24 <-- 2315.989258 s

maxsize : 24
nodes : 197174710.000000
filtered : 2823540600.000000
CCGP filtered : 630756.000000
CCGT filtered : 1380542.000000
time : 2337.377441
