Parameters: GAD=1 vflib=1 dir=0 label=0 lowerbound=1 fileNameGp=../graphsdb/mcs70/rand/r01/mcs70_r01_s30.A67 fileNameGt=../graphsdb/mcs70/rand/r01/mcs70_r01_s30.B67
Reading graphs...
30 :  80
30 :  81
Initializing...
maxdom : 30
D->valSize : 900
Solving...
currentSize : 12 <-- 0.018383 s
currentSize : 13 <-- 0.018471 s
currentSize : 14 <-- 0.018602 s
currentSize : 15 <-- 0.018735 s
currentSize : 16 <-- 0.021704 s
currentSize : 17 <-- 0.611003 s
currentSize : 18 <-- 19.490932 s
currentSize : 19 <-- 38.748138 s
currentSize : 21 <-- 96.283272 s

maxsize : 21
nodes : 8141110.000000
filtered : 222332693.000000
CCGP filtered : 10187275.000000
CCGT filtered : 10034611.000000
time : 105.166168
