Parameters: GAD=1 vflib=1 dir=0 label=0 lowerbound=1 fileNameGp=../graphsdb/mcs70/m3D/m3Dr4/mcs70_m3Dr4_s35.A12 fileNameGt=../graphsdb/mcs70/m3D/m3Dr4/mcs70_m3Dr4_s35.B12
Reading graphs...
35 :  82
35 :  84
Initializing...
maxdom : 35
D->valSize : 1225
Solving...
currentSize : 16 <-- 0.020864 s
currentSize : 17 <-- 0.020994 s
currentSize : 18 <-- 0.021195 s
currentSize : 19 <-- 0.024261 s
currentSize : 20 <-- 0.191633 s
currentSize : 21 <-- 0.228711 s
currentSize : 22 <-- 27.104649 s
currentSize : 24 <-- 595.447754 s
currentSize : 27 <-- 634.166626 s

maxsize : 27
nodes : 38098143.000000
filtered : 1225383867.000000
CCGP filtered : 78662277.000000
CCGT filtered : 38294639.000000
time : 651.874634
