Parameters: GAD=1 vflib=1 dir=0 label=0 lowerbound=1 fileNameGp=../graphsdb/mcs70/rand/r02/mcs70_r02_s30.A69 fileNameGt=../graphsdb/mcs70/rand/r02/mcs70_r02_s30.B69
Reading graphs...
30 :  164
30 :  163
Initializing...
maxdom : 30
D->valSize : 900
Solving...
currentSize : 10 <-- 0.009276 s
currentSize : 11 <-- 0.010509 s
currentSize : 12 <-- 0.013531 s
currentSize : 13 <-- 0.049769 s
currentSize : 14 <-- 1.235473 s
currentSize : 15 <-- 18.949356 s
currentSize : 16 <-- 18.949509 s
currentSize : 20 <-- 61.811741 s
currentSize : 21 <-- 61.811977 s

maxsize : 21
nodes : 6160307.000000
filtered : 104677324.000000
CCGP filtered : 82567.000000
CCGT filtered : 88063.000000
time : 66.872726
