Parameters: GAD=1 vflib=1 dir=0 label=0 lowerbound=1 fileNameGp=../graphsdb/mcs70/bvg/b06/mcs70_b06_s30.A95 fileNameGt=../graphsdb/mcs70/bvg/b06/mcs70_b06_s30.B95
Reading graphs...
30 :  89
30 :  89
Initializing...
maxdom : 30
D->valSize : 900
Solving...
currentSize : 12 <-- 0.010220 s
currentSize : 13 <-- 0.010422 s
currentSize : 14 <-- 0.011810 s
currentSize : 15 <-- 0.013614 s
currentSize : 16 <-- 0.107143 s
currentSize : 17 <-- 0.167222 s
currentSize : 18 <-- 0.167324 s
currentSize : 20 <-- 0.452640 s
currentSize : 22 <-- 0.453889 s
currentSize : 23 <-- 1.532082 s

maxsize : 23
nodes : 188971.000000
filtered : 7659434.000000
CCGP filtered : 203139.000000
CCGT filtered : 203183.000000
time : 3.682045
