Parameters: GAD=1 vflib=1 dir=0 label=0 lowerbound=1 fileNameGp=../graphsdb/mcs70/rand/r005/mcs70_r005_s35.A09 fileNameGt=../graphsdb/mcs70/rand/r005/mcs70_r005_s35.B09
Reading graphs...
35 :  58
35 :  57
Initializing...
maxdom : 35
D->valSize : 1225
Solving...
currentSize : 16 <-- 0.036260 s
currentSize : 18 <-- 0.036453 s
currentSize : 19 <-- 0.036727 s
currentSize : 20 <-- 0.037811 s
currentSize : 21 <-- 0.189218 s
currentSize : 22 <-- 1.636383 s
currentSize : 23 <-- 5.948519 s
currentSize : 24 <-- 6.092889 s
currentSize : 25 <-- 7.985092 s

maxsize : 25
nodes : 9853976.000000
filtered : 383909115.000000
CCGP filtered : 59282775.000000
CCGT filtered : 89187080.000000
time : 276.461517
