Parameters: GAD=1 vflib=1 dir=0 label=0 lowerbound=1 fileNameGp=../graphsdb/mcs70/bvg/b09/mcs70_b09_s35.A71 fileNameGt=../graphsdb/mcs70/bvg/b09/mcs70_b09_s35.B71
Reading graphs...
35 :  151
35 :  157
Initializing...
maxdom : 35
D->valSize : 1225
Solving...
currentSize : 10 <-- 0.017843 s
currentSize : 13 <-- 0.017898 s
currentSize : 14 <-- 0.021392 s
currentSize : 15 <-- 0.029235 s
currentSize : 16 <-- 0.082547 s
currentSize : 17 <-- 0.110206 s
currentSize : 18 <-- 3.479590 s
currentSize : 20 <-- 3.782030 s
currentSize : 21 <-- 3.782154 s
currentSize : 22 <-- 4.013490 s
currentSize : 23 <-- 4.022696 s
currentSize : 24 <-- 4.023874 s
currentSize : 25 <-- 6.094989 s

maxsize : 25
nodes : 1931273.000000
filtered : 86144444.000000
CCGP filtered : 293093.000000
CCGT filtered : 164195.000000
time : 31.541168
