Parameters: GAD=1 vflib=1 dir=0 label=0 lowerbound=1 fileNameGp=../graphsdb/mcs70/bvg/b03/mcs70_b03_s35.A86 fileNameGt=../graphsdb/mcs70/bvg/b03/mcs70_b03_s35.B86
Reading graphs...
35 :  52
35 :  52
Initializing...
maxdom : 35
D->valSize : 1225
Solving...
currentSize : 15 <-- 0.020981 s
currentSize : 19 <-- 0.021036 s
currentSize : 20 <-- 0.021102 s
currentSize : 21 <-- 0.021435 s
currentSize : 22 <-- 0.022372 s
currentSize : 23 <-- 0.030887 s
currentSize : 24 <-- 0.079607 s
currentSize : 25 <-- 0.328095 s
currentSize : 26 <-- 9.724072 s
currentSize : 27 <-- 37.987980 s

maxsize : 27
nodes : 2049365.000000
filtered : 84473912.000000
CCGP filtered : 45901459.000000
CCGT filtered : 23301236.000000
time : 79.644356
