Parameters: GAD=1 vflib=1 dir=0 label=0 lowerbound=1 fileNameGp=../graphsdb/mcs70/bvg/b03m/mcs70_b03m_s35.A79 fileNameGt=../graphsdb/mcs70/bvg/b03m/mcs70_b03m_s35.B79
Reading graphs...
35 :  50
35 :  51
Initializing...
maxdom : 35
D->valSize : 1225
Solving...
currentSize : 17 <-- 0.036891 s
currentSize : 18 <-- 0.037019 s
currentSize : 19 <-- 0.037280 s
currentSize : 20 <-- 0.037760 s
currentSize : 21 <-- 0.066029 s
currentSize : 22 <-- 0.078566 s
currentSize : 23 <-- 0.080052 s
currentSize : 24 <-- 1.367942 s
currentSize : 25 <-- 2.842184 s
currentSize : 26 <-- 20.999908 s

maxsize : 26
nodes : 2293744.000000
filtered : 97200576.000000
CCGP filtered : 65097805.000000
CCGT filtered : 39641665.000000
time : 122.979294
