Parameters: GAD=1 vflib=1 dir=0 label=0 lowerbound=1 fileNameGp=../graphsdb/mcs70/bvg/b06m/mcs70_b06m_s35.A73 fileNameGt=../graphsdb/mcs70/bvg/b06m/mcs70_b06m_s35.B73
Reading graphs...
35 :  101
35 :  102
Initializing...
maxdom : 35
D->valSize : 1225
Solving...
currentSize : 14 <-- 0.019259 s
currentSize : 15 <-- 0.019296 s
currentSize : 17 <-- 0.019433 s
currentSize : 18 <-- 0.190068 s
currentSize : 19 <-- 2.111914 s
currentSize : 20 <-- 32.451828 s
currentSize : 21 <-- 474.485077 s
currentSize : 22 <-- 503.512970 s
currentSize : 24 <-- 555.689636 s

maxsize : 24
nodes : 38917287.000000
filtered : 1323359559.000000
CCGP filtered : 106335789.000000
CCGT filtered : 76063274.000000
time : 664.325684
