Parameters: GAD=1 vflib=1 dir=0 label=0 lowerbound=1 fileNameGp=../graphsdb/mcs70/m4D/m4Dr4/mcs70_m4Dr4_s25.A82 fileNameGt=../graphsdb/mcs70/m4D/m4Dr4/mcs70_m4Dr4_s25.B82
Reading graphs...
25 :  55
25 :  54
Initializing...
maxdom : 25
D->valSize : 625
Solving...
currentSize : 9 <-- 0.004978 s
currentSize : 10 <-- 0.005069 s
currentSize : 11 <-- 0.005126 s
currentSize : 12 <-- 0.005386 s
currentSize : 13 <-- 0.010113 s
currentSize : 14 <-- 0.012073 s
currentSize : 15 <-- 0.016612 s
currentSize : 16 <-- 0.066149 s
currentSize : 17 <-- 0.392268 s

maxsize : 17
nodes : 308357.000000
filtered : 8672107.000000
CCGP filtered : 992745.000000
CCGT filtered : 748850.000000
time : 3.822193
