Parameters: GAD=1 vflib=1 dir=0 label=0 lowerbound=1 fileNameGp=../graphsdb/mcs70/m2D/m2Dr6/m2Dr6/mcs70_m2Dr6_s35.A78 fileNameGt=../graphsdb/mcs70/m2D/m2Dr6/m2Dr6/mcs70_m2Dr6_s35.B78
Reading graphs...
35 :  74
35 :  75
Initializing...
maxdom : 35
D->valSize : 1225
Solving...
currentSize : 16 <-- 0.024391 s
currentSize : 17 <-- 0.024800 s
currentSize : 18 <-- 0.027552 s
currentSize : 19 <-- 0.028393 s
currentSize : 20 <-- 0.028604 s
currentSize : 21 <-- 0.041767 s
currentSize : 22 <-- 0.223702 s
currentSize : 23 <-- 0.556369 s
currentSize : 24 <-- 281.330688 s
currentSize : 25 <-- 281.970184 s

maxsize : 25
nodes : 20778773.000000
filtered : 768233527.000000
CCGP filtered : 93084500.000000
CCGT filtered : 98950562.000000
time : 445.407501
