Parameters: GAD=1 vflib=1 dir=0 label=0 lowerbound=1 fileNameGp=../graphsdb/mcs70/m3D/m3Dr4/mcs70_m3Dr4_s35.A41 fileNameGt=../graphsdb/mcs70/m3D/m3Dr4/mcs70_m3Dr4_s35.B41
Reading graphs...
35 :  85
35 :  86
Initializing...
maxdom : 35
D->valSize : 1225
Solving...
currentSize : 15 <-- 0.020092 s
currentSize : 17 <-- 0.020151 s
currentSize : 18 <-- 0.024857 s
currentSize : 19 <-- 0.093501 s
currentSize : 20 <-- 0.106119 s
currentSize : 21 <-- 1.783929 s
currentSize : 22 <-- 19.003424 s
currentSize : 23 <-- 25.552197 s
currentSize : 26 <-- 36.476650 s
currentSize : 28 <-- 36.477360 s

maxsize : 28
nodes : 2998265.000000
filtered : 91554836.000000
CCGP filtered : 5903224.000000
CCGT filtered : 6773741.000000
time : 44.663361
