Parameters: GAD=1 vflib=1 dir=0 label=0 lowerbound=1 fileNameGp=../graphsdb/mcs70/m4D/m4Dr2/mcs70_m4Dr2_s25.A86 fileNameGt=../graphsdb/mcs70/m4D/m4Dr2/mcs70_m4Dr2_s25.B86
Reading graphs...
25 :  51
25 :  50
Initializing...
maxdom : 25
D->valSize : 625
Solving...
currentSize : 8 <-- 0.005074 s
currentSize : 9 <-- 0.005217 s
currentSize : 10 <-- 0.005505 s
currentSize : 12 <-- 0.005583 s
currentSize : 13 <-- 0.005729 s
currentSize : 14 <-- 0.026669 s
currentSize : 15 <-- 0.044334 s
currentSize : 16 <-- 0.063870 s
currentSize : 17 <-- 0.285427 s

maxsize : 17
nodes : 136250.000000
filtered : 3596010.000000
CCGP filtered : 1592976.000000
CCGT filtered : 1023126.000000
time : 1.583993
