Parameters: GAD=1 vflib=1 dir=0 label=0 lowerbound=1 fileNameGp=../graphsdb/mcs70/bvg/b09m/mcs70_b09m_s35.A33 fileNameGt=../graphsdb/mcs70/bvg/b09m/mcs70_b09m_s35.B33
Reading graphs...
35 :  149
35 :  147
Initializing...
maxdom : 35
D->valSize : 1225
Solving...
currentSize : 11 <-- 0.023941 s
currentSize : 12 <-- 0.023988 s
currentSize : 13 <-- 0.024629 s
currentSize : 14 <-- 0.025470 s
currentSize : 15 <-- 0.050369 s
currentSize : 16 <-- 0.164028 s
currentSize : 17 <-- 22.989895 s
currentSize : 18 <-- 163.702118 s
currentSize : 19 <-- 163.853058 s
currentSize : 21 <-- 170.793381 s
currentSize : 24 <-- 170.793564 s

maxsize : 24
nodes : 15794485.000000
filtered : 383785364.000000
CCGP filtered : 10588241.000000
CCGT filtered : 16565543.000000
time : 206.063095
