Parameters: GAD=1 vflib=1 dir=0 label=0 lowerbound=1 fileNameGp=../graphsdb/mcs70/rand/r02/mcs70_r02_s35.A74 fileNameGt=../graphsdb/mcs70/rand/r02/mcs70_r02_s35.B74
Reading graphs...
35 :  212
35 :  217
Initializing...
maxdom : 35
D->valSize : 1225
Solving...
currentSize : 11 <-- 0.017239 s
currentSize : 12 <-- 0.017383 s
currentSize : 13 <-- 0.017555 s
currentSize : 14 <-- 0.198015 s
currentSize : 15 <-- 56.374401 s
currentSize : 16 <-- 773.909668 s
currentSize : 17 <-- 774.263245 s
currentSize : 19 <-- 871.162537 s
currentSize : 20 <-- 977.742065 s
currentSize : 24 <-- 977.742310 s

maxsize : 24
nodes : 84111250.000000
filtered : 1255937189.000000
CCGP filtered : 1573011.000000
CCGT filtered : 4705665.000000
time : 1007.607727
