Parameters: GAD=1 vflib=1 dir=0 label=0 lowerbound=1 fileNameGp=../graphsdb/mcs70/rand/r005/mcs70_r005_s30.A38 fileNameGt=../graphsdb/mcs70/rand/r005/mcs70_r005_s30.B38
Reading graphs...
30 :  42
30 :  42
Initializing...
maxdom : 30
D->valSize : 900
Solving...
currentSize : 14 <-- 0.011144 s
currentSize : 15 <-- 0.011647 s
currentSize : 16 <-- 0.011894 s
currentSize : 17 <-- 0.013698 s
currentSize : 18 <-- 0.014017 s
currentSize : 19 <-- 0.218621 s
currentSize : 20 <-- 0.222670 s
currentSize : 21 <-- 0.305483 s
currentSize : 22 <-- 0.311853 s
currentSize : 23 <-- 0.322534 s

maxsize : 23
nodes : 64840.000000
filtered : 2187371.000000
CCGP filtered : 1035363.000000
CCGT filtered : 503375.000000
time : 1.354007
