Parameters: GAD=1 vflib=1 dir=0 label=0 lowerbound=1 fileNameGp=../graphsdb/mcs70/m3D/m3D/mcs70_m3D_s35.A10 fileNameGt=../graphsdb/mcs70/m3D/m3D/mcs70_m3D_s35.B10
Reading graphs...
35 :  72
35 :  72
Initializing...
maxdom : 35
D->valSize : 1225
Solving...
currentSize : 16 <-- 0.020049 s
currentSize : 17 <-- 0.020159 s
currentSize : 18 <-- 0.020256 s
currentSize : 19 <-- 0.021074 s
currentSize : 20 <-- 0.025177 s
currentSize : 21 <-- 0.025395 s
currentSize : 22 <-- 1.046107 s
currentSize : 24 <-- 3.694654 s
currentSize : 25 <-- 12.455678 s
currentSize : 26 <-- 14.487325 s
currentSize : 27 <-- 30.100817 s
currentSize : 28 <-- 31.441984 s

maxsize : 28
nodes : 2147121.000000
filtered : 89381020.000000
CCGP filtered : 3946039.000000
CCGT filtered : 1478342.000000
time : 48.770653
