Parameters: GAD=1 vflib=1 dir=0 label=0 lowerbound=1 fileNameGp=../graphsdb/mcs70/rand/r01/mcs70_r01_s30.A29 fileNameGt=../graphsdb/mcs70/rand/r01/mcs70_r01_s30.B29
Reading graphs...
30 :  80
30 :  81
Initializing...
maxdom : 30
D->valSize : 900
Solving...
currentSize : 13 <-- 0.018336 s
currentSize : 14 <-- 0.018406 s
currentSize : 15 <-- 0.030847 s
currentSize : 16 <-- 0.113282 s
currentSize : 17 <-- 0.392283 s
currentSize : 18 <-- 0.582915 s
currentSize : 19 <-- 1.370718 s
currentSize : 20 <-- 33.041504 s
currentSize : 21 <-- 35.801842 s

maxsize : 21
nodes : 2836317.000000
filtered : 97481488.000000
CCGP filtered : 6079554.000000
CCGT filtered : 3287571.000000
time : 44.621376
