Parameters: GAD=1 vflib=1 dir=0 label=0 lowerbound=1 fileNameGp=../graphsdb/mcs70/m2D/m2D/mcs70_m2D_s25.A93 fileNameGt=../graphsdb/mcs70/m2D/m2D/mcs70_m2D_s25.B93
Reading graphs...
25 :  40
25 :  40
Initializing...
maxdom : 25
D->valSize : 625
Solving...
currentSize : 11 <-- 0.005190 s
currentSize : 12 <-- 0.005265 s
currentSize : 13 <-- 0.005391 s
currentSize : 14 <-- 0.005478 s
currentSize : 15 <-- 0.006216 s
currentSize : 16 <-- 0.014269 s
currentSize : 17 <-- 0.856472 s
currentSize : 18 <-- 1.532494 s
currentSize : 19 <-- 2.369732 s

maxsize : 19
nodes : 208683.000000
filtered : 4886658.000000
CCGP filtered : 1350209.000000
CCGT filtered : 803347.000000
time : 3.056201
