Parameters: GAD=1 vflib=1 dir=0 label=0 lowerbound=1 fileNameGp=../graphsdb/mcs70/bvg/b06m/mcs70_b06m_s30.A10 fileNameGt=../graphsdb/mcs70/bvg/b06m/mcs70_b06m_s30.B10
Reading graphs...
30 :  87
30 :  88
Initializing...
maxdom : 30
D->valSize : 900
Solving...
currentSize : 12 <-- 0.010131 s
currentSize : 13 <-- 0.010384 s
currentSize : 14 <-- 0.011156 s
currentSize : 15 <-- 0.027909 s
currentSize : 16 <-- 0.167447 s
currentSize : 17 <-- 1.811930 s
currentSize : 18 <-- 10.428301 s
currentSize : 20 <-- 23.854048 s
currentSize : 22 <-- 33.594448 s

maxsize : 22
nodes : 2461502.000000
filtered : 72814928.000000
CCGP filtered : 4070537.000000
CCGT filtered : 2991597.000000
time : 36.995251
