Parameters: GAD=1 vflib=1 dir=0 label=0 lowerbound=1 fileNameGp=../graphsdb/mcs70/rand/r01/mcs70_r01_s30.A12 fileNameGt=../graphsdb/mcs70/rand/r01/mcs70_r01_s30.B12
Reading graphs...
30 :  82
30 :  83
Initializing...
maxdom : 30
D->valSize : 900
Solving...
currentSize : 9 <-- 0.010405 s
currentSize : 10 <-- 0.010458 s
currentSize : 11 <-- 0.010495 s
currentSize : 12 <-- 0.010643 s
currentSize : 13 <-- 0.011036 s
currentSize : 14 <-- 0.011624 s
currentSize : 16 <-- 0.014662 s
currentSize : 17 <-- 0.036121 s
currentSize : 18 <-- 4.527787 s
currentSize : 19 <-- 71.635666 s
currentSize : 20 <-- 109.622543 s
currentSize : 21 <-- 109.693192 s

maxsize : 21
nodes : 9122756.000000
filtered : 241095259.000000
CCGP filtered : 5638735.000000
CCGT filtered : 9377776.000000
time : 116.487335
