Parameters: GAD=1 vflib=1 dir=0 label=0 lowerbound=1 fileNameGp=../graphsdb/mcs70/m2D/m2D/mcs70_m2D_s35.A30 fileNameGt=../graphsdb/mcs70/m2D/m2D/mcs70_m2D_s35.B30
Reading graphs...
35 :  58
35 :  57
Initializing...
maxdom : 35
D->valSize : 1225
Solving...
currentSize : 18 <-- 0.025814 s
currentSize : 19 <-- 0.026025 s
currentSize : 20 <-- 0.026264 s
currentSize : 21 <-- 0.032555 s
currentSize : 22 <-- 0.046994 s
currentSize : 23 <-- 0.051226 s
currentSize : 24 <-- 2.443396 s
currentSize : 25 <-- 14.117604 s
currentSize : 26 <-- 14.578960 s
currentSize : 27 <-- 38.939827 s

maxsize : 27
nodes : 2385173.000000
filtered : 104453527.000000
CCGP filtered : 24119569.000000
CCGT filtered : 13076403.000000
time : 94.772278
