Parameters: GAD=1 vflib=1 dir=0 label=0 lowerbound=1 fileNameGp=../graphsdb/mcs70/m3D/m3Dr2/mcs70_m3Dr2_s35.A34 fileNameGt=../graphsdb/mcs70/m3D/m3Dr2/mcs70_m3Dr2_s35.B34
Reading graphs...
35 :  79
35 :  78
Initializing...
maxdom : 35
D->valSize : 1225
Solving...
currentSize : 17 <-- 0.024173 s
currentSize : 18 <-- 0.024664 s
currentSize : 19 <-- 0.068336 s
currentSize : 20 <-- 0.071588 s
currentSize : 21 <-- 0.467843 s
currentSize : 22 <-- 0.716514 s
currentSize : 23 <-- 3.436300 s
currentSize : 24 <-- 382.467743 s
currentSize : 25 <-- 382.467926 s
currentSize : 27 <-- 382.725250 s

maxsize : 27
nodes : 22771722.000000
filtered : 771953086.000000
CCGP filtered : 51473042.000000
CCGT filtered : 28800259.000000
time : 425.015625
