Parameters: GAD=1 vflib=1 dir=0 label=0 lowerbound=1 fileNameGp=../graphsdb/mcs70/bvg/b03m/mcs70_b03m_s35.A72 fileNameGt=../graphsdb/mcs70/bvg/b03m/mcs70_b03m_s35.B72
Reading graphs...
35 :  51
35 :  51
Initializing...
maxdom : 35
D->valSize : 1225
Solving...
currentSize : 11 <-- 0.020999 s
currentSize : 14 <-- 0.021085 s
currentSize : 18 <-- 0.021444 s
currentSize : 19 <-- 0.021581 s
currentSize : 20 <-- 0.024599 s
currentSize : 21 <-- 0.081463 s
currentSize : 22 <-- 0.310423 s
currentSize : 23 <-- 0.342340 s
currentSize : 24 <-- 0.536713 s
currentSize : 25 <-- 1.220474 s
currentSize : 26 <-- 10.397640 s

maxsize : 26
nodes : 2319036.000000
filtered : 94070707.000000
CCGP filtered : 61730441.000000
CCGT filtered : 30240788.000000
time : 80.342583
