Parameters: GAD=1 vflib=1 dir=0 label=0 lowerbound=1 fileNameGp=../graphsdb/mcs70/rand/r02/mcs70_r02_s30.A29 fileNameGt=../graphsdb/mcs70/rand/r02/mcs70_r02_s30.B29
Reading graphs...
30 :  155
30 :  150
Initializing...
maxdom : 30
D->valSize : 900
Solving...
currentSize : 9 <-- 0.016422 s
currentSize : 10 <-- 0.016585 s
currentSize : 11 <-- 0.017347 s
currentSize : 12 <-- 0.027527 s
currentSize : 13 <-- 0.055241 s
currentSize : 14 <-- 2.294486 s
currentSize : 15 <-- 34.088184 s
currentSize : 16 <-- 58.724491 s
currentSize : 18 <-- 70.716721 s
currentSize : 21 <-- 79.870125 s

maxsize : 21
nodes : 8152611.000000
filtered : 139542286.000000
CCGP filtered : 271057.000000
CCGT filtered : 382934.000000
time : 84.608246
