Parameters: GAD=1 vflib=1 dir=0 label=0 lowerbound=1 fileNameGp=../graphsdb/mcs70/rand/r02/mcs70_r02_s35.A47 fileNameGt=../graphsdb/mcs70/rand/r02/mcs70_r02_s35.B47
Reading graphs...
35 :  214
35 :  215
Initializing...
maxdom : 35
D->valSize : 1225
Solving...
currentSize : 10 <-- 0.018021 s
currentSize : 11 <-- 0.018531 s
currentSize : 12 <-- 0.018991 s
currentSize : 13 <-- 0.019470 s
currentSize : 14 <-- 0.310888 s
currentSize : 15 <-- 85.123070 s
currentSize : 16 <-- 139.254761 s
currentSize : 18 <-- 897.857605 s
currentSize : 20 <-- 901.368164 s
currentSize : 21 <-- 1120.790039 s
currentSize : 24 <-- 1120.790283 s

maxsize : 24
nodes : 94075075.000000
filtered : 1497490088.000000
CCGP filtered : 746892.000000
CCGT filtered : 1596796.000000
time : 1148.589355
