Parameters: GAD=1 vflib=1 dir=0 label=0 lowerbound=1 fileNameGp=../graphsdb/mcs90/bvg/b06m/mcs90_b06m_s30.A99 fileNameGt=../graphsdb/mcs90/bvg/b06m/mcs90_b06m_s30.B99
Reading graphs...
30 :  87
30 :  87
Initializing...
maxdom : 30
D->valSize : 900
Solving...
currentSize : 14 <-- 0.017950 s
currentSize : 15 <-- 0.018021 s
currentSize : 16 <-- 0.055076 s
currentSize : 17 <-- 0.196018 s
currentSize : 18 <-- 3.561308 s
currentSize : 19 <-- 7.112112 s
currentSize : 20 <-- 7.112705 s
currentSize : 23 <-- 9.666800 s
currentSize : 26 <-- 11.421520 s
currentSize : 27 <-- 11.421904 s

maxsize : 27
nodes : 909238.000000
filtered : 24414309.000000
CCGP filtered : 902075.000000
CCGT filtered : 236108.000000
time : 11.473046
