Parameters: GAD=1 vflib=1 dir=0 label=0 lowerbound=1 fileNameGp=../graphsdb/mcs90/rand/r02/mcs90_r02_s35.A89 fileNameGt=../graphsdb/mcs90/rand/r02/mcs90_r02_s35.B89
Reading graphs...
35 :  214
35 :  216
Initializing...
maxdom : 35
D->valSize : 1225
Solving...
currentSize : 12 <-- 0.029676 s
currentSize : 13 <-- 0.033874 s
currentSize : 14 <-- 0.105021 s
currentSize : 15 <-- 0.796988 s
currentSize : 17 <-- 0.800129 s
currentSize : 18 <-- 0.894625 s
currentSize : 21 <-- 0.899413 s
currentSize : 25 <-- 1.032111 s
currentSize : 31 <-- 2.533138 s

maxsize : 31
nodes : 173248.000000
filtered : 7120755.000000
CCGP filtered : 6059.000000
CCGT filtered : 2061.000000
time : 2.662362
