Parameters: GAD=1 vflib=1 dir=0 label=0 lowerbound=1 fileNameGp=../graphsdb/mcs90/rand/r005/mcs90_r005_s30.A88 fileNameGt=../graphsdb/mcs90/rand/r005/mcs90_r005_s30.B88
Reading graphs...
30 :  42
30 :  42
Initializing...
maxdom : 30
D->valSize : 900
Solving...
currentSize : 11 <-- 0.011377 s
currentSize : 13 <-- 0.011715 s
currentSize : 14 <-- 0.011919 s
currentSize : 15 <-- 0.014769 s
currentSize : 16 <-- 0.040626 s
currentSize : 17 <-- 0.052473 s
currentSize : 18 <-- 0.313291 s
currentSize : 19 <-- 0.313474 s
currentSize : 20 <-- 0.340783 s
currentSize : 21 <-- 0.465873 s
currentSize : 23 <-- 0.547798 s
currentSize : 24 <-- 0.548013 s
currentSize : 28 <-- 0.548152 s

maxsize : 28
nodes : 51272.000000
filtered : 849390.000000
CCGP filtered : 608160.000000
CCGT filtered : 207645.000000
time : 0.569524
