Parameters: GAD=1 vflib=1 dir=0 label=0 lowerbound=1 fileNameGp=../graphsdb/mcs90/m3D/m3Dr4/mcs90_m3Dr4_s30.A42 fileNameGt=../graphsdb/mcs90/m3D/m3Dr4/mcs90_m3Dr4_s30.B42
Reading graphs...
30 :  72
30 :  72
Initializing...
maxdom : 30
D->valSize : 900
Solving...
currentSize : 14 <-- 0.010581 s
currentSize : 15 <-- 0.011108 s
currentSize : 16 <-- 0.022521 s
currentSize : 17 <-- 0.037477 s
currentSize : 18 <-- 0.056649 s
currentSize : 19 <-- 1.540936 s
currentSize : 20 <-- 13.487184 s
currentSize : 22 <-- 14.793477 s
currentSize : 27 <-- 16.129086 s

maxsize : 27
nodes : 1399700.000000
filtered : 31951410.000000
CCGP filtered : 1025027.000000
CCGT filtered : 791185.000000
time : 16.193874
