Parameters: GAD=1 vflib=1 dir=0 label=0 lowerbound=1 fileNameGp=../graphsdb/mcs90/bvg/b06m/mcs90_b06m_s35.A96 fileNameGt=../graphsdb/mcs90/bvg/b06m/mcs90_b06m_s35.B96
Reading graphs...
35 :  102
35 :  102
Initializing...
maxdom : 35
D->valSize : 1225
Solving...
currentSize : 14 <-- 0.019253 s
currentSize : 16 <-- 0.019409 s
currentSize : 17 <-- 0.019853 s
currentSize : 18 <-- 0.025069 s
currentSize : 19 <-- 0.045449 s
currentSize : 20 <-- 0.422091 s
currentSize : 21 <-- 0.653594 s
currentSize : 22 <-- 0.736110 s
currentSize : 23 <-- 1.034703 s
currentSize : 24 <-- 1.126855 s
currentSize : 25 <-- 1.419828 s
currentSize : 26 <-- 1.420422 s
currentSize : 31 <-- 1.424577 s

maxsize : 31
nodes : 96495.000000
filtered : 3399558.000000
CCGP filtered : 291831.000000
CCGT filtered : 201155.000000
time : 1.879871
