Parameters: GAD=1 vflib=1 dir=0 label=0 lowerbound=1 fileNameGp=../graphsdb/mcs90/m2D/m2Dr6/mcs90_m2Dr6_s30.A86 fileNameGt=../graphsdb/mcs90/m2D/m2Dr6/mcs90_m2Dr6_s30.B86
Reading graphs...
30 :  67
30 :  64
Initializing...
maxdom : 30
D->valSize : 900
Solving...
currentSize : 15 <-- 0.018811 s
currentSize : 16 <-- 0.018886 s
currentSize : 17 <-- 0.026660 s
currentSize : 18 <-- 0.027742 s
currentSize : 19 <-- 0.977330 s
currentSize : 20 <-- 2.107086 s
currentSize : 22 <-- 2.111740 s
currentSize : 23 <-- 2.112344 s
currentSize : 24 <-- 3.208075 s
currentSize : 25 <-- 3.208244 s

maxsize : 25
nodes : 238919.000000
filtered : 6987135.000000
CCGP filtered : 464530.000000
CCGT filtered : 265609.000000
time : 3.786530
