Parameters: GAD=1 vflib=1 dir=0 label=0 lowerbound=1 fileNameGp=../graphsdb/mcs90/m2D/m2Dr4/mcs90_m2Dr4_s30.A13 fileNameGt=../graphsdb/mcs90/m2D/m2Dr4/mcs90_m2Dr4_s30.B13
Reading graphs...
30 :  61
30 :  61
Initializing...
maxdom : 30
D->valSize : 900
Solving...
currentSize : 9 <-- 0.010496 s
currentSize : 13 <-- 0.010543 s
currentSize : 14 <-- 0.010964 s
currentSize : 15 <-- 0.012128 s
currentSize : 16 <-- 0.012225 s
currentSize : 17 <-- 0.017255 s
currentSize : 18 <-- 0.027483 s
currentSize : 19 <-- 0.895435 s
currentSize : 20 <-- 1.089917 s
currentSize : 21 <-- 19.780396 s
currentSize : 22 <-- 20.004845 s
currentSize : 25 <-- 20.006792 s

maxsize : 25
nodes : 1504726.000000
filtered : 39897460.000000
CCGP filtered : 4361782.000000
CCGT filtered : 3027215.000000
time : 20.973415
