Parameters: GAD=1 vflib=1 dir=0 label=0 lowerbound=1 fileNameGp=../graphsdb/mcs90/bvg/b06m/mcs90_b06m_s30.A08 fileNameGt=../graphsdb/mcs90/bvg/b06m/mcs90_b06m_s30.B08
Reading graphs...
30 :  87
30 :  87
Initializing...
maxdom : 30
D->valSize : 900
Solving...
currentSize : 12 <-- 0.017946 s
currentSize : 14 <-- 0.018339 s
currentSize : 15 <-- 0.020209 s
currentSize : 16 <-- 0.049879 s
currentSize : 17 <-- 0.166480 s
currentSize : 18 <-- 2.334422 s
currentSize : 19 <-- 7.492366 s
currentSize : 20 <-- 31.910051 s
currentSize : 25 <-- 33.672585 s
currentSize : 27 <-- 33.672695 s

maxsize : 27
nodes : 2358779.000000
filtered : 73052062.000000
CCGP filtered : 3471700.000000
CCGT filtered : 2104336.000000
time : 33.743744
