Parameters: GAD=1 vflib=1 dir=0 label=0 lowerbound=1 fileNameGp=../graphsdb/mcs90/bvg/b06m/mcs90_b06m_s35.A97 fileNameGt=../graphsdb/mcs90/bvg/b06m/mcs90_b06m_s35.B97
Reading graphs...
35 :  103
35 :  101
Initializing...
maxdom : 35
D->valSize : 1225
Solving...
currentSize : 13 <-- 0.024402 s
currentSize : 15 <-- 0.026004 s
currentSize : 16 <-- 0.031426 s
currentSize : 17 <-- 0.031646 s
currentSize : 18 <-- 0.112882 s
currentSize : 19 <-- 0.503125 s
currentSize : 21 <-- 2.017765 s
currentSize : 22 <-- 2.106759 s
currentSize : 23 <-- 8.614801 s
currentSize : 25 <-- 8.924715 s
currentSize : 26 <-- 9.572469 s
currentSize : 27 <-- 9.654587 s
currentSize : 31 <-- 9.674439 s

maxsize : 31
nodes : 568008.000000
filtered : 20718111.000000
CCGP filtered : 2175183.000000
CCGT filtered : 1226655.000000
time : 9.959442
