Parameters: GAD=1 vflib=1 dir=0 label=0 lowerbound=1 fileNameGp=../graphsdb/mcs90/m2D/m2Dr4/mcs90_m2Dr4_s30.A14 fileNameGt=../graphsdb/mcs90/m2D/m2Dr4/mcs90_m2Dr4_s30.B14
Reading graphs...
30 :  61
30 :  61
Initializing...
maxdom : 30
D->valSize : 900
Solving...
currentSize : 13 <-- 0.018762 s
currentSize : 14 <-- 0.019602 s
currentSize : 15 <-- 0.019756 s
currentSize : 16 <-- 0.020102 s
currentSize : 17 <-- 0.021895 s
currentSize : 18 <-- 0.059531 s
currentSize : 19 <-- 0.073157 s
currentSize : 20 <-- 0.623506 s
currentSize : 21 <-- 2.334607 s
currentSize : 22 <-- 2.702622 s
currentSize : 23 <-- 3.608033 s
currentSize : 25 <-- 4.151935 s

maxsize : 25
nodes : 258739.000000
filtered : 8678951.000000
CCGP filtered : 1525892.000000
CCGT filtered : 806275.000000
time : 4.520598
