Parameters: GAD=1 vflib=1 dir=0 label=0 lowerbound=1 fileNameGp=../graphsdb/mcs90/bvg/b03/mcs90_b03_s35.A23 fileNameGt=../graphsdb/mcs90/bvg/b03/mcs90_b03_s35.B23
Reading graphs...
35 :  52
35 :  52
Initializing...
maxdom : 35
D->valSize : 1225
Solving...
currentSize : 13 <-- 0.022260 s
currentSize : 23 <-- 0.022346 s
currentSize : 24 <-- 0.022653 s
currentSize : 25 <-- 0.023107 s
currentSize : 26 <-- 0.025327 s
currentSize : 27 <-- 0.066988 s
currentSize : 28 <-- 0.077645 s
currentSize : 30 <-- 0.239139 s
currentSize : 31 <-- 0.361678 s
currentSize : 32 <-- 0.376606 s

maxsize : 32
nodes : 12339.000000
filtered : 800571.000000
CCGP filtered : 132362.000000
CCGT filtered : 89407.000000
time : 1.205168
