Parameters: GAD=1 vflib=1 dir=0 label=0 lowerbound=1 fileNameGp=../graphsdb/mcs90/bvg/b06m/mcs90_b06m_s30.A61 fileNameGt=../graphsdb/mcs90/bvg/b06m/mcs90_b06m_s30.B61
Reading graphs...
30 :  89
30 :  89
Initializing...
maxdom : 30
D->valSize : 900
Solving...
currentSize : 13 <-- 0.017865 s
currentSize : 14 <-- 0.018975 s
currentSize : 15 <-- 0.025273 s
currentSize : 16 <-- 0.080287 s
currentSize : 17 <-- 1.424664 s
currentSize : 18 <-- 30.332306 s
currentSize : 19 <-- 32.305470 s
currentSize : 20 <-- 32.501556 s
currentSize : 22 <-- 35.894299 s
currentSize : 24 <-- 37.056671 s
currentSize : 27 <-- 37.064610 s

maxsize : 27
nodes : 2878605.000000
filtered : 71739704.000000
CCGP filtered : 5224558.000000
CCGT filtered : 2237071.000000
time : 37.111469
