Parameters: GAD=1 vflib=1 dir=0 label=0 lowerbound=1 fileNameGp=../graphsdb/mcs90/m3D/m3Dr2/mcs90_m3Dr2_s30.A60 fileNameGt=../graphsdb/mcs90/m3D/m3Dr2/mcs90_m3Dr2_s30.B60
Reading graphs...
30 :  67
30 :  66
Initializing...
maxdom : 30
D->valSize : 900
Solving...
currentSize : 15 <-- 0.011428 s
currentSize : 16 <-- 0.012315 s
currentSize : 17 <-- 0.012386 s
currentSize : 18 <-- 0.025517 s
currentSize : 19 <-- 0.103880 s
currentSize : 20 <-- 0.624374 s
currentSize : 21 <-- 17.426241 s
currentSize : 22 <-- 23.481684 s
currentSize : 23 <-- 29.155235 s
currentSize : 24 <-- 33.463463 s
currentSize : 27 <-- 33.986282 s

maxsize : 27
nodes : 2165337.000000
filtered : 63910932.000000
CCGP filtered : 2047794.000000
CCGT filtered : 693549.000000
time : 34.010635
