Parameters: GAD=1 vflib=1 dir=0 label=0 lowerbound=1 fileNameGp=../graphsdb/mcs90/m3D/m3Dr6/mcs90_m3Dr6_s30.A25 fileNameGt=../graphsdb/mcs90/m3D/m3Dr6/mcs90_m3Dr6_s30.B25
Reading graphs...
30 :  79
30 :  76
Initializing...
maxdom : 30
D->valSize : 900
Solving...
currentSize : 13 <-- 0.015052 s
currentSize : 14 <-- 0.015523 s
currentSize : 15 <-- 0.018001 s
currentSize : 16 <-- 0.019506 s
currentSize : 17 <-- 0.137807 s
currentSize : 18 <-- 0.521108 s
currentSize : 19 <-- 12.934455 s
currentSize : 20 <-- 14.116826 s
currentSize : 21 <-- 26.911907 s
currentSize : 23 <-- 31.626436 s
currentSize : 27 <-- 31.685255 s

maxsize : 27
nodes : 2958521.000000
filtered : 65063208.000000
CCGP filtered : 787412.000000
CCGT filtered : 1747218.000000
time : 31.793076
