Parameters: GAD=1 vflib=1 dir=0 label=0 lowerbound=1 fileNameGp=../graphsdb/mcs90/rand/r005/mcs90_r005_s30.A42 fileNameGt=../graphsdb/mcs90/rand/r005/mcs90_r005_s30.B42
Reading graphs...
30 :  42
30 :  42
Initializing...
maxdom : 30
D->valSize : 900
Solving...
currentSize : 15 <-- 0.011402 s
currentSize : 17 <-- 0.011451 s
currentSize : 18 <-- 0.016352 s
currentSize : 19 <-- 0.074948 s
currentSize : 20 <-- 0.103643 s
currentSize : 21 <-- 0.545302 s
currentSize : 22 <-- 0.914620 s
currentSize : 23 <-- 1.018070 s
currentSize : 24 <-- 1.599389 s
currentSize : 25 <-- 1.599640 s
currentSize : 26 <-- 1.654265 s
currentSize : 27 <-- 1.654674 s

maxsize : 27
nodes : 93736.000000
filtered : 2538437.000000
CCGP filtered : 1151117.000000
CCGT filtered : 631225.000000
time : 1.792199
