Parameters: GAD=1 vflib=1 dir=0 label=0 lowerbound=1 fileNameGp=../graphsdb/mcs90/rand/r005/mcs90_r005_s25.A11 fileNameGt=../graphsdb/mcs90/rand/r005/mcs90_r005_s25.B11
Reading graphs...
25 :  29
25 :  29
Initializing...
maxdom : 25
D->valSize : 625
Solving...
currentSize : 9 <-- 0.005527 s
currentSize : 11 <-- 0.005570 s
currentSize : 12 <-- 0.005620 s
currentSize : 13 <-- 0.005743 s
currentSize : 14 <-- 0.005827 s
currentSize : 16 <-- 0.006159 s
currentSize : 17 <-- 0.007838 s
currentSize : 19 <-- 0.007874 s
currentSize : 21 <-- 0.010502 s
currentSize : 22 <-- 0.067249 s

maxsize : 22
nodes : 2853.000000
filtered : 112578.000000
CCGP filtered : 90346.000000
CCGT filtered : 50317.000000
time : 0.098763
