Parameters: GAD=1 vflib=1 dir=0 label=0 lowerbound=1 fileNameGp=../graphsdb/mcs90/rand/r01/mcs90_r01_s30.A38 fileNameGt=../graphsdb/mcs90/rand/r01/mcs90_r01_s30.B38
Reading graphs...
30 :  84
30 :  84
Initializing...
maxdom : 30
D->valSize : 900
Solving...
currentSize : 13 <-- 0.010120 s
currentSize : 14 <-- 0.010651 s
currentSize : 15 <-- 0.010831 s
currentSize : 16 <-- 0.012567 s
currentSize : 17 <-- 0.013860 s
currentSize : 18 <-- 0.137415 s
currentSize : 19 <-- 9.023142 s
currentSize : 21 <-- 9.039000 s
currentSize : 22 <-- 9.041172 s
currentSize : 24 <-- 9.065180 s
currentSize : 27 <-- 9.065389 s

maxsize : 27
nodes : 761923.000000
filtered : 17723576.000000
CCGP filtered : 503329.000000
CCGT filtered : 710534.000000
time : 9.112585
