Parameters: GAD=1 vflib=1 dir=0 label=0 lowerbound=1 fileNameGp=../graphsdb/mcs90/bvg/b06m/mcs90_b06m_s30.A58 fileNameGt=../graphsdb/mcs90/bvg/b06m/mcs90_b06m_s30.B58
Reading graphs...
30 :  86
30 :  88
Initializing...
maxdom : 30
D->valSize : 900
Solving...
currentSize : 11 <-- 0.017781 s
currentSize : 12 <-- 0.018616 s
currentSize : 13 <-- 0.018962 s
currentSize : 14 <-- 0.019100 s
currentSize : 15 <-- 0.024444 s
currentSize : 16 <-- 0.040401 s
currentSize : 17 <-- 0.336051 s
currentSize : 18 <-- 11.150229 s
currentSize : 19 <-- 11.150353 s
currentSize : 20 <-- 13.337267 s
currentSize : 22 <-- 13.356557 s
currentSize : 23 <-- 14.077827 s
currentSize : 27 <-- 14.077942 s

maxsize : 27
nodes : 1128751.000000
filtered : 28846101.000000
CCGP filtered : 3693570.000000
CCGT filtered : 1909239.000000
time : 14.166988
