Parameters: GAD=1 vflib=1 dir=0 label=0 lowerbound=1 fileNameGp=../graphsdb/mcs90/bvg/b06m/mcs90_b06m_s35.A89 fileNameGt=../graphsdb/mcs90/bvg/b06m/mcs90_b06m_s35.B89
Reading graphs...
35 :  102
35 :  102
Initializing...
maxdom : 35
D->valSize : 1225
Solving...
currentSize : 15 <-- 0.019626 s
currentSize : 16 <-- 0.019821 s
currentSize : 17 <-- 0.020683 s
currentSize : 18 <-- 0.021271 s
currentSize : 19 <-- 0.021767 s
currentSize : 20 <-- 0.193430 s
currentSize : 21 <-- 89.104202 s
currentSize : 22 <-- 279.092529 s
currentSize : 23 <-- 281.211853 s
currentSize : 24 <-- 301.301178 s
currentSize : 26 <-- 301.477783 s
currentSize : 31 <-- 301.610657 s

maxsize : 31
nodes : 17275658.000000
filtered : 544458654.000000
CCGP filtered : 65118058.000000
CCGT filtered : 28318760.000000
time : 301.991241
