Parameters: GAD=1 vflib=1 dir=0 label=0 lowerbound=1 fileNameGp=../graphsdb/mcs90/rand/r005/mcs90_r005_s35.A60 fileNameGt=../graphsdb/mcs90/rand/r005/mcs90_r005_s35.B60
Reading graphs...
35 :  58
35 :  58
Initializing...
maxdom : 35
D->valSize : 1225
Solving...
currentSize : 17 <-- 0.020693 s
currentSize : 18 <-- 0.020891 s
currentSize : 19 <-- 0.021308 s
currentSize : 20 <-- 0.021487 s
currentSize : 21 <-- 0.022174 s
currentSize : 22 <-- 0.091941 s
currentSize : 23 <-- 1.429480 s
currentSize : 24 <-- 4.579947 s
currentSize : 25 <-- 4.580059 s
currentSize : 26 <-- 8.842511 s
currentSize : 27 <-- 10.573444 s
currentSize : 29 <-- 11.548149 s
currentSize : 31 <-- 11.549376 s

maxsize : 31
nodes : 512453.000000
filtered : 16365484.000000
CCGP filtered : 8976572.000000
CCGT filtered : 5199247.000000
time : 11.911743
