Parameters: GAD=1 vflib=1 dir=0 label=0 lowerbound=1 fileNameGp=../graphsdb/mcs90/bvg/b03m/mcs90_b03m_s35.A55 fileNameGt=../graphsdb/mcs90/bvg/b03m/mcs90_b03m_s35.B55
Reading graphs...
35 :  52
35 :  52
Initializing...
maxdom : 35
D->valSize : 1225
Solving...
currentSize : 17 <-- 0.020913 s
currentSize : 18 <-- 0.021000 s
currentSize : 19 <-- 0.021417 s
currentSize : 20 <-- 0.024275 s
currentSize : 21 <-- 0.024357 s
currentSize : 22 <-- 0.024540 s
currentSize : 23 <-- 0.032206 s
currentSize : 24 <-- 0.100226 s
currentSize : 25 <-- 1.489512 s
currentSize : 27 <-- 5.551849 s
currentSize : 28 <-- 6.517202 s
currentSize : 30 <-- 12.803874 s

maxsize : 30
nodes : 435351.000000
filtered : 17163822.000000
CCGP filtered : 12728826.000000
CCGT filtered : 4480539.000000
time : 13.413525
