Parameters: GAD=1 vflib=1 dir=0 label=0 lowerbound=1 fileNameGp=../graphsdb/mcs90/m2D/m2Dr2/mcs90_m2Dr2_s30.A13 fileNameGt=../graphsdb/mcs90/m2D/m2Dr2/mcs90_m2Dr2_s30.B13
Reading graphs...
30 :  55
30 :  53
Initializing...
maxdom : 30
D->valSize : 900
Solving...
currentSize : 13 <-- 0.019285 s
currentSize : 15 <-- 0.019553 s
currentSize : 17 <-- 0.020784 s
currentSize : 18 <-- 0.021930 s
currentSize : 19 <-- 0.081165 s
currentSize : 20 <-- 0.466098 s
currentSize : 21 <-- 0.589687 s
currentSize : 22 <-- 0.762313 s
currentSize : 23 <-- 0.872979 s
currentSize : 25 <-- 6.113503 s

maxsize : 25
nodes : 235925.000000
filtered : 9194959.000000
CCGP filtered : 738982.000000
CCGT filtered : 209492.000000
time : 6.949995
