Parameters: GAD=1 vflib=1 dir=0 label=0 lowerbound=1 fileNameGp=../graphsdb/mcs90/bvg/b09m/mcs90_b09m_s25.A52 fileNameGt=../graphsdb/mcs90/bvg/b09m/mcs90_b09m_s25.B52
Reading graphs...
25 :  107
25 :  107
Initializing...
maxdom : 25
D->valSize : 625
Solving...
currentSize : 8 <-- 0.004704 s
currentSize : 9 <-- 0.004744 s
currentSize : 10 <-- 0.005211 s
currentSize : 11 <-- 0.005346 s
currentSize : 12 <-- 0.022024 s
currentSize : 13 <-- 0.082439 s
currentSize : 16 <-- 0.088533 s
currentSize : 19 <-- 0.851112 s
currentSize : 22 <-- 0.853075 s

maxsize : 22
nodes : 67377.000000
filtered : 1584301.000000
CCGP filtered : 5915.000000
CCGT filtered : 4094.000000
time : 0.882082
