Parameters: GAD=1 vflib=1 dir=0 label=0 lowerbound=1 fileNameGp=../graphsdb/mcs90/bvg/b09/mcs90_b09_s30.A69 fileNameGt=../graphsdb/mcs90/bvg/b09/mcs90_b09_s30.B69
Reading graphs...
30 :  134
30 :  135
Initializing...
maxdom : 30
D->valSize : 900
Solving...
currentSize : 12 <-- 0.009460 s
currentSize : 13 <-- 0.009611 s
currentSize : 14 <-- 0.009715 s
currentSize : 15 <-- 0.009945 s
currentSize : 16 <-- 0.010455 s
currentSize : 18 <-- 0.010933 s
currentSize : 19 <-- 0.011473 s
currentSize : 20 <-- 0.011618 s
currentSize : 22 <-- 0.043791 s
currentSize : 26 <-- 0.044040 s

maxsize : 26
nodes : 12599.000000
filtered : 876599.000000
CCGP filtered : 364.000000
CCGT filtered : 29.000000
time : 0.294875
