Parameters: GAD=1 vflib=1 dir=0 label=0 lowerbound=1 fileNameGp=../graphsdb/mcs90/rand/r005/mcs90_r005_s35.A29 fileNameGt=../graphsdb/mcs90/rand/r005/mcs90_r005_s35.B29
Reading graphs...
35 :  58
35 :  58
Initializing...
maxdom : 35
D->valSize : 1225
Solving...
currentSize : 18 <-- 0.020751 s
currentSize : 19 <-- 0.020805 s
currentSize : 20 <-- 0.021436 s
currentSize : 21 <-- 0.029333 s
currentSize : 22 <-- 0.040275 s
currentSize : 23 <-- 0.055168 s
currentSize : 24 <-- 0.993058 s
currentSize : 25 <-- 11.989824 s
currentSize : 26 <-- 12.021573 s
currentSize : 28 <-- 15.709334 s
currentSize : 29 <-- 15.709720 s
currentSize : 31 <-- 15.709888 s

maxsize : 31
nodes : 592240.000000
filtered : 19795106.000000
CCGP filtered : 5863811.000000
CCGT filtered : 3588780.000000
time : 16.069748
