Parameters: GAD=1 vflib=1 dir=0 label=0 lowerbound=1 fileNameGp=../graphsdb/mcs90/m3D/m3Dr4/mcs90_m3Dr4_s30.A43 fileNameGt=../graphsdb/mcs90/m3D/m3Dr4/mcs90_m3Dr4_s30.B43
Reading graphs...
30 :  72
30 :  71
Initializing...
maxdom : 30
D->valSize : 900
Solving...
currentSize : 13 <-- 0.010868 s
currentSize : 14 <-- 0.010976 s
currentSize : 15 <-- 0.011124 s
currentSize : 16 <-- 0.011323 s
currentSize : 17 <-- 0.020272 s
currentSize : 18 <-- 0.022005 s
currentSize : 19 <-- 0.748780 s
currentSize : 21 <-- 1.492499 s
currentSize : 22 <-- 5.084886 s
currentSize : 23 <-- 7.521918 s
currentSize : 27 <-- 8.843917 s

maxsize : 27
nodes : 638839.000000
filtered : 20014372.000000
CCGP filtered : 255869.000000
CCGT filtered : 330973.000000
time : 8.869286
