Parameters: GAD=1 vflib=1 dir=0 label=0 lowerbound=1 fileNameGp=../graphsdb/mcs90/bvg/b03m/mcs90_b03m_s35.A76 fileNameGt=../graphsdb/mcs90/bvg/b03m/mcs90_b03m_s35.B76
Reading graphs...
35 :  52
35 :  52
Initializing...
maxdom : 35
D->valSize : 1225
Solving...
currentSize : 13 <-- 0.036549 s
currentSize : 15 <-- 0.036604 s
currentSize : 16 <-- 0.036814 s
currentSize : 19 <-- 0.037498 s
currentSize : 21 <-- 0.037558 s
currentSize : 22 <-- 0.037780 s
currentSize : 23 <-- 0.038055 s
currentSize : 24 <-- 1.220235 s
currentSize : 25 <-- 2.392844 s
currentSize : 26 <-- 5.361639 s
currentSize : 27 <-- 5.361688 s
currentSize : 28 <-- 13.887044 s
currentSize : 29 <-- 24.684332 s
currentSize : 30 <-- 24.684540 s

maxsize : 30
nodes : 652562.000000
filtered : 26619583.000000
CCGP filtered : 13371709.000000
CCGT filtered : 8373305.000000
time : 25.667423
