Parameters: GAD=1 vflib=1 dir=0 label=0 lowerbound=1 fileNameGp=../graphsdb/mcs90/rand/r005/mcs90_r005_s30.A65 fileNameGt=../graphsdb/mcs90/rand/r005/mcs90_r005_s30.B65
Reading graphs...
30 :  41
30 :  41
Initializing...
maxdom : 30
D->valSize : 900
Solving...
currentSize : 13 <-- 0.020107 s
currentSize : 14 <-- 0.020299 s
currentSize : 15 <-- 0.020436 s
currentSize : 16 <-- 0.020625 s
currentSize : 17 <-- 0.020828 s
currentSize : 18 <-- 0.020971 s
currentSize : 19 <-- 0.024077 s
currentSize : 20 <-- 0.027002 s
currentSize : 21 <-- 0.029412 s
currentSize : 22 <-- 0.520342 s
currentSize : 23 <-- 0.571590 s
currentSize : 24 <-- 0.599815 s
currentSize : 25 <-- 0.599911 s
currentSize : 26 <-- 0.607420 s
currentSize : 27 <-- 0.648115 s

maxsize : 27
nodes : 51294.000000
filtered : 1295180.000000
CCGP filtered : 290339.000000
CCGT filtered : 290081.000000
time : 0.661037
