Parameters: GAD=1 vflib=1 dir=0 label=0 lowerbound=1 fileNameGp=../graphsdb/mcs90/rand/r005/mcs90_r005_s30.A52 fileNameGt=../graphsdb/mcs90/rand/r005/mcs90_r005_s30.B52
Reading graphs...
30 :  42
30 :  42
Initializing...
maxdom : 30
D->valSize : 900
Solving...
currentSize : 17 <-- 0.011141 s
currentSize : 18 <-- 0.012430 s
currentSize : 19 <-- 0.012511 s
currentSize : 20 <-- 0.013184 s
currentSize : 21 <-- 0.016937 s
currentSize : 22 <-- 0.017227 s
currentSize : 23 <-- 0.021599 s
currentSize : 24 <-- 0.311995 s
currentSize : 27 <-- 0.615355 s

maxsize : 27
nodes : 29675.000000
filtered : 1009643.000000
CCGP filtered : 332848.000000
CCGT filtered : 163399.000000
time : 0.656698
