Parameters: GAD=1 vflib=1 dir=0 label=0 lowerbound=1 fileNameGp=../graphsdb/mcs90/rand/r01/mcs90_r01_s25.A16 fileNameGt=../graphsdb/mcs90/rand/r01/mcs90_r01_s25.B16
Reading graphs...
25 :  56
25 :  56
Initializing...
maxdom : 25
D->valSize : 625
Solving...
currentSize : 8 <-- 0.005353 s
currentSize : 10 <-- 0.005535 s
currentSize : 11 <-- 0.005717 s
currentSize : 12 <-- 0.006339 s
currentSize : 13 <-- 0.006390 s
currentSize : 14 <-- 0.015204 s
currentSize : 15 <-- 0.018673 s
currentSize : 16 <-- 0.077294 s
currentSize : 17 <-- 0.090432 s
currentSize : 20 <-- 0.090812 s
currentSize : 22 <-- 0.114332 s

maxsize : 22
nodes : 11149.000000
filtered : 276144.000000
CCGP filtered : 21355.000000
CCGT filtered : 15263.000000
time : 0.151414
