Parameters: GAD=1 vflib=1 dir=0 label=0 lowerbound=1 fileNameGp=../graphsdb/mcs90/rand/r02/mcs90_r02_s30.A78 fileNameGt=../graphsdb/mcs90/rand/r02/mcs90_r02_s30.B78
Reading graphs...
30 :  154
30 :  148
Initializing...
maxdom : 30
D->valSize : 900
Solving...
currentSize : 10 <-- 0.009462 s
currentSize : 11 <-- 0.010149 s
currentSize : 12 <-- 0.011315 s
currentSize : 13 <-- 0.237667 s
currentSize : 14 <-- 1.027682 s
currentSize : 16 <-- 5.478060 s
currentSize : 18 <-- 5.882175 s
currentSize : 19 <-- 6.560857 s
currentSize : 20 <-- 12.425594 s
currentSize : 27 <-- 12.544272 s

maxsize : 27
nodes : 1151308.000000
filtered : 24241099.000000
CCGP filtered : 29987.000000
CCGT filtered : 36110.000000
time : 12.582870
