Parameters: GAD=1 vflib=1 dir=0 label=0 lowerbound=1 fileNameGp=../graphsdb/mcs90/m3D/m3Dr6/mcs90_m3Dr6_s30.A77 fileNameGt=../graphsdb/mcs90/m3D/m3Dr6/mcs90_m3Dr6_s30.B77
Reading graphs...
30 :  78
30 :  76
Initializing...
maxdom : 30
D->valSize : 900
Solving...
currentSize : 14 <-- 0.010351 s
currentSize : 15 <-- 0.010390 s
currentSize : 16 <-- 0.011141 s
currentSize : 17 <-- 0.017550 s
currentSize : 18 <-- 0.594731 s
currentSize : 19 <-- 1.409353 s
currentSize : 20 <-- 1.410339 s
currentSize : 21 <-- 1.410473 s
currentSize : 22 <-- 2.748213 s
currentSize : 26 <-- 2.784929 s
currentSize : 27 <-- 2.785097 s

maxsize : 27
nodes : 236506.000000
filtered : 5272967.000000
CCGP filtered : 136658.000000
CCGT filtered : 114944.000000
time : 2.845822
