Parameters: GAD=1 vflib=1 dir=0 label=0 lowerbound=1 fileNameGp=../graphsdb/mcs90/m2D/m2Dr6/mcs90_m2Dr6_s30.A00 fileNameGt=../graphsdb/mcs90/m2D/m2Dr6/mcs90_m2Dr6_s30.B00
Reading graphs...
30 :  67
30 :  66
Initializing...
maxdom : 30
D->valSize : 900
Solving...
currentSize : 11 <-- 0.010752 s
currentSize : 12 <-- 0.010895 s
currentSize : 13 <-- 0.010970 s
currentSize : 14 <-- 0.011490 s
currentSize : 15 <-- 0.012164 s
currentSize : 16 <-- 0.013217 s
currentSize : 17 <-- 0.033412 s
currentSize : 18 <-- 0.078645 s
currentSize : 19 <-- 0.141470 s
currentSize : 21 <-- 2.003088 s
currentSize : 22 <-- 3.937192 s
currentSize : 23 <-- 4.505013 s
currentSize : 25 <-- 4.505497 s

maxsize : 25
nodes : 348274.000000
filtered : 10167617.000000
CCGP filtered : 976338.000000
CCGT filtered : 590282.000000
time : 5.060160
