Parameters: GAD=1 vflib=1 dir=0 label=0 lowerbound=1 fileNameGp=../graphsdb/mcs90/bvg/b09m/mcs90_b09m_s35.A80 fileNameGt=../graphsdb/mcs90/bvg/b09m/mcs90_b09m_s35.B80
Reading graphs...
35 :  150
35 :  149
Initializing...
maxdom : 35
D->valSize : 1225
Solving...
currentSize : 12 <-- 0.018537 s
currentSize : 13 <-- 0.018598 s
currentSize : 14 <-- 0.019889 s
currentSize : 15 <-- 0.038941 s
currentSize : 16 <-- 0.059830 s
currentSize : 17 <-- 14.218362 s
currentSize : 19 <-- 15.033051 s
currentSize : 22 <-- 81.669449 s
currentSize : 23 <-- 81.748192 s
currentSize : 24 <-- 82.074905 s
currentSize : 30 <-- 82.129929 s

maxsize : 30
nodes : 6389468.000000
filtered : 163523442.000000
CCGP filtered : 2852680.000000
CCGT filtered : 1265491.000000
time : 83.022781
