Parameters: GAD=1 vflib=1 dir=0 label=0 lowerbound=1 fileNameGp=../graphsdb/mcs90/rand/r01/mcs90_r01_s30.A13 fileNameGt=../graphsdb/mcs90/rand/r01/mcs90_r01_s30.B13
Reading graphs...
30 :  81
30 :  81
Initializing...
maxdom : 30
D->valSize : 900
Solving...
currentSize : 13 <-- 0.015335 s
currentSize : 14 <-- 0.015566 s
currentSize : 15 <-- 0.021483 s
currentSize : 16 <-- 0.046694 s
currentSize : 17 <-- 0.245049 s
currentSize : 18 <-- 2.574217 s
currentSize : 19 <-- 10.320512 s
currentSize : 20 <-- 10.326873 s
currentSize : 21 <-- 11.317854 s
currentSize : 22 <-- 11.699278 s
currentSize : 27 <-- 11.699472 s

maxsize : 27
nodes : 983142.000000
filtered : 22207502.000000
CCGP filtered : 846275.000000
CCGT filtered : 824701.000000
time : 11.753366
