Parameters: GAD=1 vflib=1 dir=0 label=0 lowerbound=1 fileNameGp=../graphsdb/mcs90/bvg/b09m/mcs90_b09m_s30.A18 fileNameGt=../graphsdb/mcs90/bvg/b09m/mcs90_b09m_s30.B18
Reading graphs...
30 :  129
30 :  129
Initializing...
maxdom : 30
D->valSize : 900
Solving...
currentSize : 9 <-- 0.009636 s
currentSize : 10 <-- 0.009676 s
currentSize : 11 <-- 0.009792 s
currentSize : 12 <-- 0.011267 s
currentSize : 13 <-- 0.022938 s
currentSize : 14 <-- 0.120822 s
currentSize : 15 <-- 2.160085 s
currentSize : 18 <-- 13.764623 s
currentSize : 19 <-- 13.951350 s
currentSize : 26 <-- 13.969408 s

maxsize : 26
nodes : 1393480.000000
filtered : 20468382.000000
CCGP filtered : 295837.000000
CCGT filtered : 93100.000000
time : 14.152340
