Parameters: GAD=1 vflib=1 dir=0 label=0 lowerbound=1 fileNameGp=../graphsdb/mcs90/m3D/m3D/mcs90_m3D_s30.A39 fileNameGt=../graphsdb/mcs90/m3D/m3D/mcs90_m3D_s30.B39
Reading graphs...
30 :  61
30 :  61
Initializing...
maxdom : 30
D->valSize : 900
Solving...
currentSize : 16 <-- 0.010742 s
currentSize : 17 <-- 0.010918 s
currentSize : 18 <-- 0.011229 s
currentSize : 19 <-- 0.020372 s
currentSize : 20 <-- 0.040153 s
currentSize : 21 <-- 0.040197 s
currentSize : 22 <-- 0.068204 s
currentSize : 23 <-- 0.068892 s
currentSize : 27 <-- 0.075226 s

maxsize : 27
nodes : 14446.000000
filtered : 609858.000000
CCGP filtered : 8298.000000
CCGT filtered : 2604.000000
time : 0.441915
