Parameters: GAD=1 vflib=1 dir=0 label=0 lowerbound=1 fileNameGp=../graphsdb/mcs90/bvg/b06m/mcs90_b06m_s30.A75 fileNameGt=../graphsdb/mcs90/bvg/b06m/mcs90_b06m_s30.B75
Reading graphs...
30 :  89
30 :  89
Initializing...
maxdom : 30
D->valSize : 900
Solving...
currentSize : 13 <-- 0.010138 s
currentSize : 14 <-- 0.010175 s
currentSize : 15 <-- 0.010375 s
currentSize : 16 <-- 0.115933 s
currentSize : 17 <-- 0.756195 s
currentSize : 18 <-- 1.621994 s
currentSize : 20 <-- 2.391940 s
currentSize : 21 <-- 2.543797 s
currentSize : 22 <-- 2.851524 s
currentSize : 24 <-- 2.851595 s
currentSize : 27 <-- 2.851689 s

maxsize : 27
nodes : 211332.000000
filtered : 5305719.000000
CCGP filtered : 357835.000000
CCGT filtered : 234300.000000
time : 2.950811
