Parameters: GAD=1 vflib=1 dir=0 label=0 lowerbound=1 fileNameGp=../graphsdb/mcs90/bvg/b03m/mcs90_b03m_s35.A30 fileNameGt=../graphsdb/mcs90/bvg/b03m/mcs90_b03m_s35.B30
Reading graphs...
35 :  52
35 :  52
Initializing...
maxdom : 35
D->valSize : 1225
Solving...
currentSize : 17 <-- 0.021465 s
currentSize : 19 <-- 0.021646 s
currentSize : 21 <-- 0.023864 s
currentSize : 22 <-- 0.045780 s
currentSize : 23 <-- 0.075175 s
currentSize : 24 <-- 0.141701 s
currentSize : 25 <-- 0.143630 s
currentSize : 26 <-- 0.167377 s
currentSize : 27 <-- 1.575329 s
currentSize : 28 <-- 19.323586 s
currentSize : 30 <-- 19.323795 s

maxsize : 30
nodes : 319943.000000
filtered : 15106335.000000
CCGP filtered : 7692540.000000
CCGT filtered : 2149168.000000
time : 20.751228
