Parameters: GAD=1 vflib=1 dir=0 label=0 lowerbound=1 fileNameGp=../graphsdb/mcs90/rand/r01/mcs90_r01_s30.A48 fileNameGt=../graphsdb/mcs90/rand/r01/mcs90_r01_s30.B48
Reading graphs...
30 :  79
30 :  79
Initializing...
maxdom : 30
D->valSize : 900
Solving...
currentSize : 14 <-- 0.010428 s
currentSize : 15 <-- 0.010794 s
currentSize : 16 <-- 0.010908 s
currentSize : 17 <-- 0.086341 s
currentSize : 18 <-- 0.094220 s
currentSize : 19 <-- 0.467235 s
currentSize : 20 <-- 0.946836 s
currentSize : 21 <-- 3.516900 s
currentSize : 22 <-- 3.520383 s
currentSize : 23 <-- 4.125384 s
currentSize : 27 <-- 4.416981 s

maxsize : 27
nodes : 327229.000000
filtered : 10702250.000000
CCGP filtered : 360386.000000
CCGT filtered : 89088.000000
time : 4.455941
