Parameters: GAD=1 vflib=1 dir=0 label=0 lowerbound=1 fileNameGp=../graphsdb/mcs90/bvg/b09m/mcs90_b09m_s30.A34 fileNameGt=../graphsdb/mcs90/bvg/b09m/mcs90_b09m_s30.B34
Reading graphs...
30 :  129
30 :  131
Initializing...
maxdom : 30
D->valSize : 900
Solving...
currentSize : 11 <-- 0.009632 s
currentSize : 12 <-- 0.011898 s
currentSize : 13 <-- 0.019721 s
currentSize : 14 <-- 0.075043 s
currentSize : 15 <-- 3.536000 s
currentSize : 17 <-- 5.954749 s
currentSize : 20 <-- 11.296704 s
currentSize : 21 <-- 11.402869 s
currentSize : 26 <-- 11.430163 s

maxsize : 26
nodes : 1126272.000000
filtered : 22406316.000000
CCGP filtered : 284015.000000
CCGT filtered : 274958.000000
time : 11.552118
