Parameters: GAD=1 vflib=1 dir=0 label=0 lowerbound=1 fileNameGp=../graphsdb/mcs90/rand/r02/mcs90_r02_s30.A00 fileNameGt=../graphsdb/mcs90/rand/r02/mcs90_r02_s30.B00
Reading graphs...
30 :  159
30 :  158
Initializing...
maxdom : 30
D->valSize : 900
Solving...
currentSize : 10 <-- 0.009464 s
currentSize : 11 <-- 0.009502 s
currentSize : 12 <-- 0.009871 s
currentSize : 13 <-- 0.026617 s
currentSize : 14 <-- 1.188716 s
currentSize : 16 <-- 3.529146 s
currentSize : 18 <-- 3.529282 s
currentSize : 20 <-- 3.580767 s
currentSize : 27 <-- 5.437577 s

maxsize : 27
nodes : 517800.000000
filtered : 9070378.000000
CCGP filtered : 6667.000000
CCGT filtered : 16863.000000
time : 5.489592
