Parameters: GAD=1 vflib=1 dir=0 label=0 lowerbound=1 fileNameGp=../graphsdb/mcs90/bvg/b09m/mcs90_b09m_s25.A43 fileNameGt=../graphsdb/mcs90/bvg/b09m/mcs90_b09m_s25.B43
Reading graphs...
25 :  107
25 :  105
Initializing...
maxdom : 25
D->valSize : 625
Solving...
currentSize : 9 <-- 0.004495 s
currentSize : 10 <-- 0.004635 s
currentSize : 11 <-- 0.010507 s
currentSize : 12 <-- 0.078744 s
currentSize : 13 <-- 0.111999 s
currentSize : 14 <-- 0.826173 s
currentSize : 15 <-- 1.186241 s
currentSize : 17 <-- 1.187739 s
currentSize : 22 <-- 1.187936 s

maxsize : 22
nodes : 137973.000000
filtered : 2019932.000000
CCGP filtered : 9576.000000
CCGT filtered : 20420.000000
time : 1.237442
