Parameters: GAD=1 vflib=1 dir=0 label=0 lowerbound=1 fileNameGp=../graphsdb/mcs90/bvg/b03m/mcs90_b03m_s25.A95 fileNameGt=../graphsdb/mcs90/bvg/b03m/mcs90_b03m_s25.B95
Reading graphs...
25 :  37
25 :  37
Initializing...
maxdom : 25
D->valSize : 625
Solving...
currentSize : 8 <-- 0.005267 s
currentSize : 14 <-- 0.005335 s
currentSize : 15 <-- 0.005592 s
currentSize : 16 <-- 0.007308 s
currentSize : 18 <-- 0.009918 s
currentSize : 19 <-- 0.009948 s
currentSize : 20 <-- 0.049764 s
currentSize : 21 <-- 0.069231 s
currentSize : 23 <-- 0.072596 s

maxsize : 23
nodes : 4781.000000
filtered : 136902.000000
CCGP filtered : 25749.000000
CCGT filtered : 42141.000000
time : 0.105577
