Parameters: GAD=1 vflib=1 dir=0 label=0 lowerbound=1 fileNameGp=../graphsdb/mcs90/bvg/b03m/mcs90_b03m_s25.A15 fileNameGt=../graphsdb/mcs90/bvg/b03m/mcs90_b03m_s25.B15
Reading graphs...
25 :  37
25 :  37
Initializing...
maxdom : 25
D->valSize : 625
Solving...
currentSize : 10 <-- 0.005557 s
currentSize : 14 <-- 0.005627 s
currentSize : 15 <-- 0.005684 s
currentSize : 16 <-- 0.005752 s
currentSize : 17 <-- 0.005912 s
currentSize : 18 <-- 0.006132 s
currentSize : 19 <-- 0.017596 s
currentSize : 20 <-- 0.481122 s
currentSize : 21 <-- 0.484123 s
currentSize : 22 <-- 0.484188 s

maxsize : 22
nodes : 23237.000000
filtered : 646177.000000
CCGP filtered : 284476.000000
CCGT filtered : 135170.000000
time : 0.539829
