Parameters: GAD=1 vflib=1 dir=0 label=0 lowerbound=1 fileNameGp=../graphsdb/mcs90/bvg/b06m/mcs90_b06m_s35.A94 fileNameGt=../graphsdb/mcs90/bvg/b06m/mcs90_b06m_s35.B94
Reading graphs...
35 :  105
35 :  105
Initializing...
maxdom : 35
D->valSize : 1225
Solving...
currentSize : 15 <-- 0.033503 s
currentSize : 16 <-- 0.033732 s
currentSize : 17 <-- 0.034420 s
currentSize : 18 <-- 0.154914 s
currentSize : 19 <-- 0.452798 s
currentSize : 20 <-- 1.371005 s
currentSize : 21 <-- 110.296738 s
currentSize : 22 <-- 112.201904 s
currentSize : 23 <-- 112.214554 s
currentSize : 24 <-- 112.353714 s
currentSize : 25 <-- 112.408546 s
currentSize : 27 <-- 112.408737 s
currentSize : 28 <-- 112.409470 s
currentSize : 31 <-- 112.409767 s

maxsize : 31
nodes : 6568275.000000
filtered : 193134484.000000
CCGP filtered : 7047950.000000
CCGT filtered : 3946431.000000
time : 112.634262
