Parameters: GAD=1 vflib=1 dir=0 label=0 lowerbound=1 fileNameGp=../graphsdb/mcs90/rand/r005/mcs90_r005_s30.A64 fileNameGt=../graphsdb/mcs90/rand/r005/mcs90_r005_s30.B64
Reading graphs...
30 :  42
30 :  42
Initializing...
maxdom : 30
D->valSize : 900
Solving...
currentSize : 14 <-- 0.016464 s
currentSize : 16 <-- 0.016538 s
currentSize : 17 <-- 0.016615 s
currentSize : 18 <-- 0.016742 s
currentSize : 19 <-- 0.017217 s
currentSize : 20 <-- 0.018789 s
currentSize : 21 <-- 0.022256 s
currentSize : 22 <-- 0.107079 s
currentSize : 23 <-- 0.306612 s
currentSize : 25 <-- 0.619087 s
currentSize : 28 <-- 0.619115 s

maxsize : 28
nodes : 33114.000000
filtered : 1023679.000000
CCGP filtered : 433387.000000
CCGT filtered : 300234.000000
time : 0.648135
