Parameters: GAD=1 vflib=1 dir=0 label=0 lowerbound=1 fileNameGp=../graphsdb/mcs90/bvg/b06/mcs90_b06_s35.A88 fileNameGt=../graphsdb/mcs90/bvg/b06/mcs90_b06_s35.B88
Reading graphs...
35 :  105
35 :  105
Initializing...
maxdom : 35
D->valSize : 1225
Solving...
currentSize : 20 <-- 0.033807 s
currentSize : 21 <-- 0.034001 s
currentSize : 22 <-- 0.034240 s
currentSize : 23 <-- 0.034579 s
currentSize : 24 <-- 0.077572 s
currentSize : 25 <-- 0.135818 s
currentSize : 26 <-- 0.499512 s
currentSize : 27 <-- 15.920684 s
currentSize : 28 <-- 18.551008 s
currentSize : 29 <-- 18.932287 s
currentSize : 31 <-- 18.946297 s

maxsize : 31
nodes : 731675.000000
filtered : 33049354.000000
CCGP filtered : 738217.000000
CCGT filtered : 1008870.000000
time : 19.567987
