Parameters: GAD=1 vflib=1 dir=0 label=0 lowerbound=1 fileNameGp=../graphsdb/mcs90/bvg/b06m/mcs90_b06m_s25.A16 fileNameGt=../graphsdb/mcs90/bvg/b06m/mcs90_b06m_s25.B16
Reading graphs...
25 :  73
25 :  72
Initializing...
maxdom : 25
D->valSize : 625
Solving...
currentSize : 10 <-- 0.004795 s
currentSize : 11 <-- 0.004886 s
currentSize : 12 <-- 0.005092 s
currentSize : 13 <-- 0.005716 s
currentSize : 14 <-- 0.029814 s
currentSize : 15 <-- 0.034713 s
currentSize : 16 <-- 0.840353 s
currentSize : 17 <-- 0.964557 s
currentSize : 19 <-- 0.989000 s
currentSize : 22 <-- 0.989069 s

maxsize : 22
nodes : 99257.000000
filtered : 2139154.000000
CCGP filtered : 93514.000000
CCGT filtered : 104060.000000
time : 1.028760
