Parameters: GAD=1 vflib=1 dir=0 label=0 lowerbound=1 fileNameGp=../graphsdb/mcs90/rand/r005/mcs90_r005_s30.A58 fileNameGt=../graphsdb/mcs90/rand/r005/mcs90_r005_s30.B58
Reading graphs...
30 :  42
30 :  42
Initializing...
maxdom : 30
D->valSize : 900
Solving...
currentSize : 11 <-- 0.011383 s
currentSize : 14 <-- 0.011437 s
currentSize : 15 <-- 0.011516 s
currentSize : 16 <-- 0.012059 s
currentSize : 19 <-- 0.012501 s
currentSize : 20 <-- 0.012557 s
currentSize : 21 <-- 0.023559 s
currentSize : 22 <-- 0.102029 s
currentSize : 23 <-- 0.224831 s
currentSize : 24 <-- 0.276640 s
currentSize : 25 <-- 0.276671 s
currentSize : 27 <-- 0.312426 s

maxsize : 27
nodes : 16996.000000
filtered : 449839.000000
CCGP filtered : 136358.000000
CCGT filtered : 57237.000000
time : 0.449618
