Parameters: GAD=1 vflib=1 dir=0 label=0 lowerbound=1 fileNameGp=../graphsdb/mcs90/bvg/b06m/mcs90_b06m_s35.A03 fileNameGt=../graphsdb/mcs90/bvg/b06m/mcs90_b06m_s35.B03
Reading graphs...
35 :  104
35 :  103
Initializing...
maxdom : 35
D->valSize : 1225
Solving...
currentSize : 15 <-- 0.019167 s
currentSize : 16 <-- 0.019944 s
currentSize : 17 <-- 0.023646 s
currentSize : 18 <-- 0.036288 s
currentSize : 19 <-- 0.205938 s
currentSize : 20 <-- 28.675926 s
currentSize : 21 <-- 51.210949 s
currentSize : 22 <-- 101.719406 s
currentSize : 23 <-- 175.934692 s
currentSize : 24 <-- 175.935196 s
currentSize : 26 <-- 196.483826 s
currentSize : 27 <-- 199.345871 s
currentSize : 31 <-- 199.383362 s

maxsize : 31
nodes : 9975172.000000
filtered : 351525702.000000
CCGP filtered : 27068954.000000
CCGT filtered : 14154470.000000
time : 199.625214
