Parameters: GAD=1 vflib=1 dir=0 label=0 lowerbound=1 fileNameGp=../graphsdb/mcs90/rand/r02/mcs90_r02_s35.A94 fileNameGt=../graphsdb/mcs90/rand/r02/mcs90_r02_s35.B94
Reading graphs...
35 :  214
35 :  213
Initializing...
maxdom : 35
D->valSize : 1225
Solving...
currentSize : 10 <-- 0.018146 s
currentSize : 11 <-- 0.018330 s
currentSize : 12 <-- 0.018517 s
currentSize : 13 <-- 0.019422 s
currentSize : 14 <-- 0.103990 s
currentSize : 15 <-- 9.167083 s
currentSize : 16 <-- 16.597879 s
currentSize : 17 <-- 36.005184 s
currentSize : 18 <-- 59.220074 s
currentSize : 19 <-- 64.396332 s
currentSize : 22 <-- 74.416893 s
currentSize : 31 <-- 93.903336 s

maxsize : 31
nodes : 7516499.000000
filtered : 138917476.000000
CCGP filtered : 39901.000000
CCGT filtered : 44956.000000
time : 94.187408
