Parameters: GAD=1 vflib=1 dir=0 label=0 lowerbound=1 fileNameGp=../graphsdb/mcs90/bvg/b06m/mcs90_b06m_s30.A43 fileNameGt=../graphsdb/mcs90/bvg/b06m/mcs90_b06m_s30.B43
Reading graphs...
30 :  88
30 :  88
Initializing...
maxdom : 30
D->valSize : 900
Solving...
currentSize : 13 <-- 0.010074 s
currentSize : 14 <-- 0.010182 s
currentSize : 15 <-- 0.012082 s
currentSize : 16 <-- 0.014925 s
currentSize : 17 <-- 0.287632 s
currentSize : 18 <-- 2.298421 s
currentSize : 19 <-- 13.226624 s
currentSize : 21 <-- 13.226949 s
currentSize : 23 <-- 13.538539 s
currentSize : 27 <-- 13.625877 s

maxsize : 27
nodes : 1025386.000000
filtered : 25908618.000000
CCGP filtered : 1611529.000000
CCGT filtered : 969258.000000
time : 13.679067
