Parameters: GAD=1 vflib=1 dir=0 label=0 lowerbound=1 fileNameGp=../graphsdb/mcs90/bvg/b09/mcs90_b09_s35.A81 fileNameGt=../graphsdb/mcs90/bvg/b09/mcs90_b09_s35.B81
Reading graphs...
35 :  157
35 :  155
Initializing...
maxdom : 35
D->valSize : 1225
Solving...
currentSize : 12 <-- 0.023344 s
currentSize : 13 <-- 0.023470 s
currentSize : 14 <-- 0.028016 s
currentSize : 15 <-- 0.029956 s
currentSize : 16 <-- 0.032130 s
currentSize : 17 <-- 0.033546 s
currentSize : 18 <-- 0.115493 s
currentSize : 22 <-- 0.541997 s
currentSize : 24 <-- 0.542154 s
currentSize : 26 <-- 0.637247 s
currentSize : 27 <-- 0.732847 s
currentSize : 29 <-- 0.733074 s
currentSize : 30 <-- 0.733432 s

maxsize : 30
nodes : 110512.000000
filtered : 4863055.000000
CCGP filtered : 10394.000000
CCGT filtered : 21804.000000
time : 1.912179
