Parameters: GAD=1 vflib=1 dir=0 label=0 lowerbound=1 fileNameGp=../graphsdb/mcs90/bvg/b06m/mcs90_b06m_s25.A03 fileNameGt=../graphsdb/mcs90/bvg/b06m/mcs90_b06m_s25.B03
Reading graphs...
25 :  73
25 :  72
Initializing...
maxdom : 25
D->valSize : 625
Solving...
currentSize : 9 <-- 0.004756 s
currentSize : 11 <-- 0.004824 s
currentSize : 12 <-- 0.005027 s
currentSize : 13 <-- 0.005081 s
currentSize : 14 <-- 0.006615 s
currentSize : 15 <-- 0.801414 s
currentSize : 16 <-- 1.410433 s
currentSize : 17 <-- 1.412459 s
currentSize : 22 <-- 1.421096 s

maxsize : 22
nodes : 129737.000000
filtered : 2427759.000000
CCGP filtered : 95400.000000
CCGT filtered : 137588.000000
time : 1.466039
