Parameters: GAD=1 vflib=1 dir=0 label=0 lowerbound=1 fileNameGp=../graphsdb/mcs90/bvg/b03m/mcs90_b03m_s35.A64 fileNameGt=../graphsdb/mcs90/bvg/b03m/mcs90_b03m_s35.B64
Reading graphs...
35 :  52
35 :  52
Initializing...
maxdom : 35
D->valSize : 1225
Solving...
currentSize : 15 <-- 0.036515 s
currentSize : 16 <-- 0.036692 s
currentSize : 19 <-- 0.036829 s
currentSize : 20 <-- 0.036999 s
currentSize : 21 <-- 0.067277 s
currentSize : 22 <-- 0.067342 s
currentSize : 23 <-- 0.123074 s
currentSize : 24 <-- 0.388228 s
currentSize : 25 <-- 1.056042 s
currentSize : 26 <-- 8.069490 s
currentSize : 28 <-- 24.491264 s
currentSize : 30 <-- 24.492542 s

maxsize : 30
nodes : 799096.000000
filtered : 30041803.000000
CCGP filtered : 20346121.000000
CCGT filtered : 13765971.000000
time : 26.204475
