Parameters: GAD=1 vflib=1 dir=0 label=0 lowerbound=1 fileNameGp=../graphsdb/mcs90/rand/r005/mcs90_r005_s35.A65 fileNameGt=../graphsdb/mcs90/rand/r005/mcs90_r005_s35.B65
Reading graphs...
35 :  58
35 :  58
Initializing...
maxdom : 35
D->valSize : 1225
Solving...
currentSize : 18 <-- 0.036825 s
currentSize : 19 <-- 0.037059 s
currentSize : 20 <-- 0.037189 s
currentSize : 21 <-- 0.177669 s
currentSize : 22 <-- 0.472604 s
currentSize : 23 <-- 1.740117 s
currentSize : 25 <-- 3.110339 s
currentSize : 26 <-- 4.787736 s
currentSize : 29 <-- 4.994462 s
currentSize : 31 <-- 4.997097 s

maxsize : 31
nodes : 286589.000000
filtered : 7692504.000000
CCGP filtered : 873285.000000
CCGT filtered : 884747.000000
time : 5.282228
