Parameters: GAD=1 vflib=1 dir=0 label=0 lowerbound=1 fileNameGp=../graphsdb/mcs90/bvg/b06m/mcs90_b06m_s35.A37 fileNameGt=../graphsdb/mcs90/bvg/b06m/mcs90_b06m_s35.B37
Reading graphs...
35 :  103
35 :  103
Initializing...
maxdom : 35
D->valSize : 1225
Solving...
currentSize : 14 <-- 0.023434 s
currentSize : 15 <-- 0.023551 s
currentSize : 16 <-- 0.024019 s
currentSize : 18 <-- 0.037777 s
currentSize : 19 <-- 0.055558 s
currentSize : 20 <-- 8.633592 s
currentSize : 21 <-- 21.451168 s
currentSize : 22 <-- 30.928881 s
currentSize : 23 <-- 128.468262 s
currentSize : 27 <-- 128.495422 s
currentSize : 31 <-- 128.799484 s

maxsize : 31
nodes : 5903407.000000
filtered : 212399831.000000
CCGP filtered : 13259714.000000
CCGT filtered : 8709417.000000
time : 129.192123
