Parameters: GAD=1 vflib=1 dir=0 label=0 lowerbound=1 fileNameGp=../graphsdb/mcs90/rand/r02/mcs90_r02_s35.A58 fileNameGt=../graphsdb/mcs90/rand/r02/mcs90_r02_s35.B58
Reading graphs...
35 :  212
35 :  214
Initializing...
maxdom : 35
D->valSize : 1225
Solving...
currentSize : 10 <-- 0.017301 s
currentSize : 11 <-- 0.017408 s
currentSize : 12 <-- 0.019558 s
currentSize : 13 <-- 0.022420 s
currentSize : 14 <-- 0.558299 s
currentSize : 15 <-- 1.245701 s
currentSize : 16 <-- 1.864314 s
currentSize : 17 <-- 30.882849 s
currentSize : 18 <-- 30.883047 s
currentSize : 19 <-- 40.269905 s
currentSize : 20 <-- 60.148304 s
currentSize : 23 <-- 103.470062 s
currentSize : 31 <-- 106.649796 s

maxsize : 31
nodes : 8116506.000000
filtered : 182918188.000000
CCGP filtered : 54304.000000
CCGT filtered : 319253.000000
time : 106.827469
