Parameters: GAD=1 vflib=1 dir=0 label=0 lowerbound=1 fileNameGp=../graphsdb/mcs90/rand/r02/mcs90_r02_s35.A67 fileNameGt=../graphsdb/mcs90/rand/r02/mcs90_r02_s35.B67
Reading graphs...
35 :  212
35 :  214
Initializing...
maxdom : 35
D->valSize : 1225
Solving...
currentSize : 9 <-- 0.022473 s
currentSize : 10 <-- 0.022564 s
currentSize : 11 <-- 0.022701 s
currentSize : 12 <-- 0.023473 s
currentSize : 13 <-- 0.034132 s
currentSize : 14 <-- 0.461195 s
currentSize : 15 <-- 8.363401 s
currentSize : 16 <-- 8.562382 s
currentSize : 17 <-- 8.564603 s
currentSize : 19 <-- 53.479584 s
currentSize : 20 <-- 84.742447 s
currentSize : 22 <-- 90.146446 s
currentSize : 31 <-- 109.301590 s

maxsize : 31
nodes : 8495141.000000
filtered : 179853596.000000
CCGP filtered : 74694.000000
CCGT filtered : 226612.000000
time : 109.476944
