Parameters: GAD=1 vflib=1 dir=0 label=0 lowerbound=1 fileNameGp=../graphsdb/mcs90/bvg/b06/mcs90_b06_s35.A97 fileNameGt=../graphsdb/mcs90/bvg/b06/mcs90_b06_s35.B97
Reading graphs...
35 :  105
35 :  104
Initializing...
maxdom : 35
D->valSize : 1225
Solving...
currentSize : 20 <-- 0.023833 s
currentSize : 21 <-- 0.023979 s
currentSize : 22 <-- 0.024428 s
currentSize : 23 <-- 0.030462 s
currentSize : 24 <-- 0.062166 s
currentSize : 25 <-- 0.097573 s
currentSize : 26 <-- 0.410969 s
currentSize : 27 <-- 0.455882 s
currentSize : 28 <-- 0.508138 s
currentSize : 29 <-- 0.508179 s
currentSize : 31 <-- 1.590490 s

maxsize : 31
nodes : 90688.000000
filtered : 3665133.000000
CCGP filtered : 41926.000000
CCGT filtered : 35968.000000
time : 2.208481
