Parameters: GAD=1 vflib=1 dir=0 label=0 lowerbound=1 fileNameGp=../graphsdb/mcs90/rand/r01/mcs90_r01_s35.A36 fileNameGt=../graphsdb/mcs90/rand/r01/mcs90_r01_s35.B36
Reading graphs...
35 :  113
35 :  112
Initializing...
maxdom : 35
D->valSize : 1225
Solving...
currentSize : 17 <-- 0.033913 s
currentSize : 18 <-- 0.121156 s
currentSize : 19 <-- 2.192728 s
currentSize : 21 <-- 178.261581 s
currentSize : 22 <-- 334.163269 s
currentSize : 24 <-- 335.966431 s
currentSize : 25 <-- 341.420593 s
currentSize : 26 <-- 369.073883 s
currentSize : 28 <-- 370.050171 s
currentSize : 29 <-- 370.064178 s
currentSize : 31 <-- 370.067780 s

maxsize : 31
nodes : 27397739.000000
filtered : 745758844.000000
CCGP filtered : 10735088.000000
CCGT filtered : 14776237.000000
time : 370.233551
