Parameters: GAD=1 vflib=1 dir=0 label=0 lowerbound=1 fileNameGp=../graphsdb/mcs90/bvg/b09/mcs90_b09_s35.A10 fileNameGt=../graphsdb/mcs90/bvg/b09/mcs90_b09_s35.B10
Reading graphs...
35 :  157
35 :  157
Initializing...
maxdom : 35
D->valSize : 1225
Solving...
currentSize : 15 <-- 0.018071 s
currentSize : 16 <-- 0.058908 s
currentSize : 17 <-- 0.082626 s
currentSize : 18 <-- 0.210761 s
currentSize : 19 <-- 0.258829 s
currentSize : 20 <-- 0.259181 s
currentSize : 21 <-- 0.259325 s
currentSize : 22 <-- 0.260139 s
currentSize : 23 <-- 0.260380 s
currentSize : 24 <-- 0.261717 s
currentSize : 25 <-- 0.261957 s
currentSize : 27 <-- 0.285246 s
currentSize : 28 <-- 0.285466 s
currentSize : 30 <-- 0.733834 s

maxsize : 30
nodes : 61581.000000
filtered : 3690544.000000
CCGP filtered : 15742.000000
CCGT filtered : 10013.000000
time : 1.304909
