Parameters: GAD=1 vflib=1 dir=0 label=0 lowerbound=1 fileNameGp=../graphsdb/mcs90/bvg/b09/mcs90_b09_s35.A76 fileNameGt=../graphsdb/mcs90/bvg/b09/mcs90_b09_s35.B76
Reading graphs...
35 :  157
35 :  157
Initializing...
maxdom : 35
D->valSize : 1225
Solving...
currentSize : 15 <-- 0.032003 s
currentSize : 16 <-- 0.032336 s
currentSize : 18 <-- 0.032881 s
currentSize : 19 <-- 0.220227 s
currentSize : 20 <-- 0.448498 s
currentSize : 21 <-- 0.449939 s
currentSize : 22 <-- 0.520727 s
currentSize : 25 <-- 0.522087 s
currentSize : 26 <-- 0.530698 s
currentSize : 27 <-- 0.597220 s
currentSize : 30 <-- 0.597700 s

maxsize : 30
nodes : 75004.000000
filtered : 3476935.000000
CCGP filtered : 243.000000
CCGT filtered : 3963.000000
time : 1.502145
