Parameters: GAD=1 vflib=1 dir=0 label=0 lowerbound=1 fileNameGp=../graphsdb/mcs90/rand/r005/mcs90_r005_s35.A33 fileNameGt=../graphsdb/mcs90/rand/r005/mcs90_r005_s35.B33
Reading graphs...
35 :  58
35 :  57
Initializing...
maxdom : 35
D->valSize : 1225
Solving...
currentSize : 18 <-- 0.021362 s
currentSize : 19 <-- 0.022101 s
currentSize : 20 <-- 0.116959 s
currentSize : 21 <-- 0.129069 s
currentSize : 22 <-- 0.386524 s
currentSize : 23 <-- 1.273942 s
currentSize : 24 <-- 3.374412 s
currentSize : 25 <-- 40.042759 s
currentSize : 26 <-- 54.131287 s
currentSize : 28 <-- 82.392982 s
currentSize : 31 <-- 82.469482 s

maxsize : 31
nodes : 2890492.000000
filtered : 105828673.000000
CCGP filtered : 18725901.000000
CCGT filtered : 13409142.000000
time : 82.845741
