Parameters: GAD=1 vflib=1 dir=0 label=0 lowerbound=1 fileNameGp=../graphsdb/mcs90/m3D/m3Dr6/mcs90_m3Dr6_s30.A56 fileNameGt=../graphsdb/mcs90/m3D/m3Dr6/mcs90_m3Dr6_s30.B56
Reading graphs...
30 :  74
30 :  73
Initializing...
maxdom : 30
D->valSize : 900
Solving...
currentSize : 15 <-- 0.018612 s
currentSize : 16 <-- 0.020095 s
currentSize : 17 <-- 0.023661 s
currentSize : 18 <-- 0.073168 s
currentSize : 19 <-- 22.995111 s
currentSize : 21 <-- 26.489424 s
currentSize : 22 <-- 37.388535 s
currentSize : 23 <-- 42.698795 s
currentSize : 27 <-- 42.779530 s

maxsize : 27
nodes : 3550817.000000
filtered : 92852970.000000
CCGP filtered : 3076826.000000
CCGT filtered : 2005604.000000
time : 42.836979
