Parameters: GAD=1 vflib=1 dir=0 label=0 lowerbound=1 fileNameGp=../graphsdb/mcs90/rand/r02/mcs90_r02_s35.A37 fileNameGt=../graphsdb/mcs90/rand/r02/mcs90_r02_s35.B37
Reading graphs...
35 :  212
35 :  209
Initializing...
maxdom : 35
D->valSize : 1225
Solving...
currentSize : 9 <-- 0.029818 s
currentSize : 10 <-- 0.029912 s
currentSize : 11 <-- 0.029979 s
currentSize : 12 <-- 0.030361 s
currentSize : 13 <-- 0.034638 s
currentSize : 15 <-- 0.042029 s
currentSize : 16 <-- 62.897327 s
currentSize : 18 <-- 134.953918 s
currentSize : 19 <-- 155.677109 s
currentSize : 20 <-- 155.677322 s
currentSize : 31 <-- 208.143539 s

maxsize : 31
nodes : 17175568.000000
filtered : 310393942.000000
CCGP filtered : 117435.000000
CCGT filtered : 497483.000000
time : 208.331772
