Parameters: GAD=1 vflib=1 dir=0 label=0 lowerbound=1 fileNameGp=../graphsdb/mcs90/rand/r02/mcs90_r02_s35.A74 fileNameGt=../graphsdb/mcs90/rand/r02/mcs90_r02_s35.B74
Reading graphs...
35 :  218
35 :  218
Initializing...
maxdom : 35
D->valSize : 1225
Solving...
currentSize : 10 <-- 0.029460 s
currentSize : 11 <-- 0.029645 s
currentSize : 12 <-- 0.030377 s
currentSize : 13 <-- 0.038300 s
currentSize : 14 <-- 1.460892 s
currentSize : 16 <-- 54.923756 s
currentSize : 17 <-- 73.357246 s
currentSize : 20 <-- 74.955719 s
currentSize : 22 <-- 116.708221 s
currentSize : 31 <-- 116.714432 s

maxsize : 31
nodes : 9748859.000000
filtered : 156307294.000000
CCGP filtered : 52523.000000
CCGT filtered : 208852.000000
time : 116.914070
