Parameters: GAD=1 vflib=1 dir=0 label=0 lowerbound=1 fileNameGp=../graphsdb/mcs90/rand/r005/mcs90_r005_s20.A03 fileNameGt=../graphsdb/mcs90/rand/r005/mcs90_r005_s20.B03
Reading graphs...
20 :  21
20 :  21
Initializing...
maxdom : 20
D->valSize : 400
Solving...
currentSize : 6 <-- 0.002376 s
currentSize : 8 <-- 0.002435 s
currentSize : 10 <-- 0.002460 s
currentSize : 11 <-- 0.002552 s
currentSize : 12 <-- 0.002852 s
currentSize : 13 <-- 0.002950 s
currentSize : 14 <-- 0.003633 s
currentSize : 16 <-- 0.006074 s
currentSize : 18 <-- 0.006119 s

maxsize : 18
nodes : 515.000000
filtered : 17893.000000
CCGP filtered : 10924.000000
CCGT filtered : 4029.000000
time : 0.019841
