Parameters: GAD=1 vflib=1 dir=0 label=0 lowerbound=1 fileNameGp=../graphsdb/mcs90/bvg/b06m/mcs90_b06m_s35.A74 fileNameGt=../graphsdb/mcs90/bvg/b06m/mcs90_b06m_s35.B74
Reading graphs...
35 :  104
35 :  104
Initializing...
maxdom : 35
D->valSize : 1225
Solving...
currentSize : 14 <-- 0.019928 s
currentSize : 16 <-- 0.019976 s
currentSize : 17 <-- 0.020862 s
currentSize : 18 <-- 0.028258 s
currentSize : 19 <-- 0.138835 s
currentSize : 20 <-- 7.378398 s
currentSize : 21 <-- 7.379296 s
currentSize : 22 <-- 7.542477 s
currentSize : 23 <-- 7.565619 s
currentSize : 27 <-- 7.741098 s
currentSize : 31 <-- 7.806110 s

maxsize : 31
nodes : 623518.000000
filtered : 13503322.000000
CCGP filtered : 1070367.000000
CCGT filtered : 707890.000000
time : 8.154337
