Parameters: GAD=1 vflib=1 dir=0 label=0 lowerbound=1 fileNameGp=../graphsdb/mcs90/rand/r005/mcs90_r005_s30.A91 fileNameGt=../graphsdb/mcs90/rand/r005/mcs90_r005_s30.B91
Reading graphs...
30 :  42
30 :  42
Initializing...
maxdom : 30
D->valSize : 900
Solving...
currentSize : 18 <-- 0.011403 s
currentSize : 19 <-- 0.012227 s
currentSize : 20 <-- 0.012656 s
currentSize : 21 <-- 0.018112 s
currentSize : 22 <-- 0.247703 s
currentSize : 23 <-- 1.938874 s
currentSize : 24 <-- 1.939298 s
currentSize : 25 <-- 2.435612 s
currentSize : 26 <-- 2.591157 s
currentSize : 27 <-- 2.670130 s

maxsize : 27
nodes : 97216.000000
filtered : 3151573.000000
CCGP filtered : 1511210.000000
CCGT filtered : 625279.000000
time : 2.752452
