Parameters: GAD=1 vflib=1 dir=0 label=0 lowerbound=1 fileNameGp=../graphsdb/mcs90/bvg/b09/mcs90_b09_s35.A13 fileNameGt=../graphsdb/mcs90/bvg/b09/mcs90_b09_s35.B13
Reading graphs...
35 :  156
35 :  156
Initializing...
maxdom : 35
D->valSize : 1225
Solving...
currentSize : 14 <-- 0.018259 s
currentSize : 15 <-- 0.018388 s
currentSize : 16 <-- 0.024874 s
currentSize : 17 <-- 0.029112 s
currentSize : 18 <-- 0.033261 s
currentSize : 19 <-- 0.035234 s
currentSize : 20 <-- 0.037342 s
currentSize : 21 <-- 0.037438 s
currentSize : 22 <-- 0.104456 s
currentSize : 23 <-- 0.322285 s
currentSize : 26 <-- 0.325517 s
currentSize : 27 <-- 0.400830 s
currentSize : 30 <-- 0.401271 s

maxsize : 30
nodes : 65714.000000
filtered : 3479216.000000
CCGP filtered : 11074.000000
CCGT filtered : 1933.000000
time : 1.283182
