Parameters: GAD=1 vflib=1 dir=0 label=0 lowerbound=1 fileNameGp=../graphsdb/mcs90/bvg/b09/mcs90_b09_s35.A29 fileNameGt=../graphsdb/mcs90/bvg/b09/mcs90_b09_s35.B29
Reading graphs...
35 :  157
35 :  155
Initializing...
maxdom : 35
D->valSize : 1225
Solving...
currentSize : 12 <-- 0.018302 s
currentSize : 13 <-- 0.018373 s
currentSize : 14 <-- 0.018506 s
currentSize : 16 <-- 0.019200 s
currentSize : 17 <-- 0.019874 s
currentSize : 18 <-- 0.181666 s
currentSize : 19 <-- 0.215670 s
currentSize : 20 <-- 0.216807 s
currentSize : 22 <-- 0.217159 s
currentSize : 23 <-- 0.527477 s
currentSize : 26 <-- 0.527682 s
currentSize : 28 <-- 0.713327 s
currentSize : 30 <-- 0.713829 s

maxsize : 30
nodes : 95100.000000
filtered : 4622772.000000
CCGP filtered : 3030.000000
CCGT filtered : 4738.000000
time : 1.911765
