Parameters: GAD=1 vflib=1 dir=0 label=0 lowerbound=1 fileNameGp=../graphsdb/mcs90/m3D/m3Dr4/mcs90_m3Dr4_s30.A37 fileNameGt=../graphsdb/mcs90/m3D/m3Dr4/mcs90_m3Dr4_s30.B37
Reading graphs...
30 :  73
30 :  72
Initializing...
maxdom : 30
D->valSize : 900
Solving...
currentSize : 12 <-- 0.010641 s
currentSize : 14 <-- 0.010746 s
currentSize : 15 <-- 0.011576 s
currentSize : 16 <-- 0.024277 s
currentSize : 17 <-- 0.042091 s
currentSize : 18 <-- 0.085234 s
currentSize : 19 <-- 1.962034 s
currentSize : 20 <-- 9.973461 s
currentSize : 21 <-- 11.835084 s
currentSize : 23 <-- 12.419402 s
currentSize : 24 <-- 12.946474 s
currentSize : 25 <-- 14.156733 s
currentSize : 27 <-- 14.291373 s

maxsize : 27
nodes : 1204274.000000
filtered : 30048294.000000
CCGP filtered : 791215.000000
CCGT filtered : 463555.000000
time : 14.292336
