Parameters: GAD=1 vflib=1 dir=0 label=0 lowerbound=1 fileNameGp=../graphsdb/mcs90/bvg/b06m/mcs90_b06m_s35.A11 fileNameGt=../graphsdb/mcs90/bvg/b06m/mcs90_b06m_s35.B11
Reading graphs...
35 :  101
35 :  100
Initializing...
maxdom : 35
D->valSize : 1225
Solving...
currentSize : 13 <-- 0.025223 s
currentSize : 15 <-- 0.025601 s
currentSize : 16 <-- 0.025896 s
currentSize : 17 <-- 0.030952 s
currentSize : 18 <-- 0.034301 s
currentSize : 19 <-- 0.055559 s
currentSize : 20 <-- 0.120887 s
currentSize : 21 <-- 15.210306 s
currentSize : 22 <-- 112.118401 s
currentSize : 23 <-- 118.607262 s
currentSize : 24 <-- 123.004471 s
currentSize : 25 <-- 160.952118 s
currentSize : 27 <-- 160.978531 s
currentSize : 28 <-- 160.978607 s
currentSize : 31 <-- 162.132080 s

maxsize : 31
nodes : 8160006.000000
filtered : 288952627.000000
CCGP filtered : 28110633.000000
CCGT filtered : 18357148.000000
time : 162.257156
