Parameters: GAD=1 vflib=1 dir=0 label=0 lowerbound=1 fileNameGp=../graphsdb/mcs90/bvg/b09/mcs90_b09_s25.A29 fileNameGt=../graphsdb/mcs90/bvg/b09/mcs90_b09_s25.B29
Reading graphs...
25 :  112
25 :  112
Initializing...
maxdom : 25
D->valSize : 625
Solving...
currentSize : 7 <-- 0.004480 s
currentSize : 8 <-- 0.004515 s
currentSize : 10 <-- 0.004633 s
currentSize : 11 <-- 0.004979 s
currentSize : 12 <-- 0.010213 s
currentSize : 13 <-- 0.011880 s
currentSize : 14 <-- 0.012122 s
currentSize : 15 <-- 0.016740 s
currentSize : 17 <-- 0.017167 s
currentSize : 20 <-- 0.017902 s
currentSize : 22 <-- 0.033863 s

maxsize : 22
nodes : 3890.000000
filtered : 178201.000000
CCGP filtered : 2.000000
CCGT filtered : 8.000000
time : 0.066387
