Parameters: GAD=1 vflib=1 dir=0 label=0 lowerbound=1 fileNameGp=../graphsdb/mcs90/bvg/b09/mcs90_b09_s30.A71 fileNameGt=../graphsdb/mcs90/bvg/b09/mcs90_b09_s30.B71
Reading graphs...
30 :  134
30 :  134
Initializing...
maxdom : 30
D->valSize : 900
Solving...
currentSize : 12 <-- 0.009563 s
currentSize : 13 <-- 0.010494 s
currentSize : 15 <-- 0.023087 s
currentSize : 16 <-- 0.041126 s
currentSize : 17 <-- 0.071263 s
currentSize : 19 <-- 0.075896 s
currentSize : 21 <-- 0.085739 s
currentSize : 22 <-- 0.085955 s
currentSize : 26 <-- 0.106922 s

maxsize : 26
nodes : 16918.000000
filtered : 826298.000000
CCGP filtered : 1025.000000
CCGT filtered : 824.000000
time : 0.320241
