Parameters: GAD=1 vflib=1 dir=0 label=0 lowerbound=1 fileNameGp=../graphsdb/mcs90/m2D/m2Dr2/mcs90_m2Dr2_s30.A52 fileNameGt=../graphsdb/mcs90/m2D/m2Dr2/mcs90_m2Dr2_s30.B52
Reading graphs...
30 :  55
30 :  55
Initializing...
maxdom : 30
D->valSize : 900
Solving...
currentSize : 16 <-- 0.011026 s
currentSize : 17 <-- 0.011126 s
currentSize : 18 <-- 0.011545 s
currentSize : 19 <-- 0.012069 s
currentSize : 20 <-- 0.019218 s
currentSize : 21 <-- 1.834768 s
currentSize : 22 <-- 4.659121 s
currentSize : 23 <-- 4.981656 s
currentSize : 25 <-- 11.454894 s

maxsize : 25
nodes : 549668.000000
filtered : 18674488.000000
CCGP filtered : 2982966.000000
CCGT filtered : 1001276.000000
time : 12.206723
