Parameters: GAD=1 vflib=1 dir=0 label=0 lowerbound=1 fileNameGp=../graphsdb/mcs90/rand/r005/mcs90_r005_s35.A84 fileNameGt=../graphsdb/mcs90/rand/r005/mcs90_r005_s35.B84
Reading graphs...
35 :  57
35 :  58
Initializing...
maxdom : 35
D->valSize : 1225
Solving...
currentSize : 17 <-- 0.020800 s
currentSize : 18 <-- 0.021629 s
currentSize : 19 <-- 0.021826 s
currentSize : 20 <-- 0.083502 s
currentSize : 21 <-- 0.091097 s
currentSize : 22 <-- 0.675412 s
currentSize : 23 <-- 1.989253 s
currentSize : 24 <-- 5.982473 s
currentSize : 26 <-- 6.096071 s
currentSize : 27 <-- 9.160239 s
currentSize : 28 <-- 10.106792 s
currentSize : 30 <-- 10.708178 s
currentSize : 31 <-- 11.054565 s

maxsize : 31
nodes : 432871.000000
filtered : 15081290.000000
CCGP filtered : 6523010.000000
CCGT filtered : 3517495.000000
time : 11.258339
