Parameters: GAD=1 vflib=1 dir=0 label=0 lowerbound=1 fileNameGp=../graphsdb/mcs90/bvg/b06/mcs90_b06_s35.A94 fileNameGt=../graphsdb/mcs90/bvg/b06/mcs90_b06_s35.B94
Reading graphs...
35 :  105
35 :  105
Initializing...
maxdom : 35
D->valSize : 1225
Solving...
currentSize : 15 <-- 0.023616 s
currentSize : 18 <-- 0.023680 s
currentSize : 19 <-- 0.023744 s
currentSize : 20 <-- 0.023922 s
currentSize : 21 <-- 0.024088 s
currentSize : 22 <-- 0.029297 s
currentSize : 23 <-- 0.032599 s
currentSize : 24 <-- 0.032654 s
currentSize : 28 <-- 0.043813 s
currentSize : 29 <-- 0.044068 s
currentSize : 31 <-- 0.047809 s
currentSize : 32 <-- 0.087287 s

maxsize : 32
nodes : 7231.000000
filtered : 407349.000000
CCGP filtered : 2613.000000
CCGT filtered : 1000.000000
time : 0.464586
