Parameters: GAD=1 vflib=1 dir=0 label=0 lowerbound=1 fileNameGp=../graphsdb/mcs90/bvg/b09m/mcs90_b09m_s35.A64 fileNameGt=../graphsdb/mcs90/bvg/b09m/mcs90_b09m_s35.B64
Reading graphs...
35 :  151
35 :  152
Initializing...
maxdom : 35
D->valSize : 1225
Solving...
currentSize : 12 <-- 0.018930 s
currentSize : 13 <-- 0.019391 s
currentSize : 14 <-- 0.019440 s
currentSize : 15 <-- 0.045956 s
currentSize : 16 <-- 0.066258 s
currentSize : 17 <-- 0.295155 s
currentSize : 18 <-- 2.560911 s
currentSize : 19 <-- 2.841752 s
currentSize : 20 <-- 3.359036 s
currentSize : 21 <-- 4.440755 s
currentSize : 23 <-- 4.498498 s
currentSize : 26 <-- 4.500461 s
currentSize : 28 <-- 4.502399 s
currentSize : 29 <-- 4.963487 s
currentSize : 30 <-- 4.963869 s

maxsize : 30
nodes : 420874.000000
filtered : 10354869.000000
CCGP filtered : 34621.000000
CCGT filtered : 61140.000000
time : 5.341738
