Parameters: GAD=1 vflib=1 dir=0 label=0 lowerbound=1 fileNameGp=../graphsdb/mcs90/rand/r005/mcs90_r005_s30.A77 fileNameGt=../graphsdb/mcs90/rand/r005/mcs90_r005_s30.B77
Reading graphs...
30 :  42
30 :  42
Initializing...
maxdom : 30
D->valSize : 900
Solving...
currentSize : 14 <-- 0.011279 s
currentSize : 16 <-- 0.011427 s
currentSize : 17 <-- 0.011546 s
currentSize : 18 <-- 0.012937 s
currentSize : 19 <-- 0.018574 s
currentSize : 20 <-- 0.045283 s
currentSize : 21 <-- 0.207270 s
currentSize : 23 <-- 0.302552 s
currentSize : 24 <-- 0.781287 s
currentSize : 26 <-- 0.781968 s
currentSize : 27 <-- 0.784505 s

maxsize : 27
nodes : 47153.000000
filtered : 1346956.000000
CCGP filtered : 574686.000000
CCGT filtered : 664627.000000
time : 0.856187
