Parameters: GAD=1 vflib=1 dir=0 label=0 lowerbound=1 fileNameGp=../graphsdb/mcs90/rand/r02/mcs90_r02_s35.A72 fileNameGt=../graphsdb/mcs90/rand/r02/mcs90_r02_s35.B72
Reading graphs...
35 :  211
35 :  211
Initializing...
maxdom : 35
D->valSize : 1225
Solving...
currentSize : 10 <-- 0.017584 s
currentSize : 11 <-- 0.017714 s
currentSize : 12 <-- 0.018827 s
currentSize : 13 <-- 0.025880 s
currentSize : 14 <-- 0.203453 s
currentSize : 15 <-- 0.669778 s
currentSize : 16 <-- 2.119405 s
currentSize : 17 <-- 2.810558 s
currentSize : 21 <-- 3.646742 s
currentSize : 25 <-- 11.553759 s
currentSize : 27 <-- 12.613378 s
currentSize : 31 <-- 12.613663 s

maxsize : 31
nodes : 937924.000000
filtered : 28565826.000000
CCGP filtered : 7805.000000
CCGT filtered : 5159.000000
time : 12.736401
