Parameters: GAD=1 vflib=1 dir=0 label=0 lowerbound=1 fileNameGp=../graphsdb/mcs90/m3D/m3Dr2/mcs90_m3Dr2_s30.A33 fileNameGt=../graphsdb/mcs90/m3D/m3Dr2/mcs90_m3Dr2_s30.B33
Reading graphs...
30 :  67
30 :  67
Initializing...
maxdom : 30
D->valSize : 900
Solving...
currentSize : 12 <-- 0.018703 s
currentSize : 13 <-- 0.018929 s
currentSize : 14 <-- 0.019203 s
currentSize : 15 <-- 0.019724 s
currentSize : 16 <-- 0.022145 s
currentSize : 17 <-- 0.022906 s
currentSize : 18 <-- 0.039342 s
currentSize : 19 <-- 0.076269 s
currentSize : 20 <-- 1.993598 s
currentSize : 21 <-- 4.062340 s
currentSize : 22 <-- 4.190366 s
currentSize : 23 <-- 6.016002 s
currentSize : 27 <-- 6.032506 s

maxsize : 27
nodes : 429977.000000
filtered : 10879508.000000
CCGP filtered : 389981.000000
CCGT filtered : 262598.000000
time : 6.183052
