Parameters: GAD=1 vflib=1 dir=0 label=0 lowerbound=1 fileNameGp=../graphsdb/mcs90/m2D/m2Dr2/mcs90_m2Dr2_s30.A60 fileNameGt=../graphsdb/mcs90/m2D/m2Dr2/mcs90_m2Dr2_s30.B60
Reading graphs...
30 :  54
30 :  55
Initializing...
maxdom : 30
D->valSize : 900
Solving...
currentSize : 13 <-- 0.019371 s
currentSize : 14 <-- 0.019436 s
currentSize : 15 <-- 0.019550 s
currentSize : 16 <-- 0.019666 s
currentSize : 17 <-- 0.020260 s
currentSize : 18 <-- 0.025245 s
currentSize : 19 <-- 0.034780 s
currentSize : 20 <-- 0.425601 s
currentSize : 21 <-- 0.425907 s
currentSize : 22 <-- 2.030994 s
currentSize : 23 <-- 8.574993 s
currentSize : 25 <-- 10.143179 s

maxsize : 25
nodes : 539865.000000
filtered : 19325770.000000
CCGP filtered : 3139967.000000
CCGT filtered : 729776.000000
time : 10.494669
