Parameters: GAD=1 vflib=1 dir=0 label=0 lowerbound=1 fileNameGp=../graphsdb/mcs90/rand/r01/mcs90_r01_s30.A98 fileNameGt=../graphsdb/mcs90/rand/r01/mcs90_r01_s30.B98
Reading graphs...
30 :  80
30 :  83
Initializing...
maxdom : 30
D->valSize : 900
Solving...
currentSize : 10 <-- 0.011471 s
currentSize : 11 <-- 0.011907 s
currentSize : 12 <-- 0.012409 s
currentSize : 13 <-- 0.012522 s
currentSize : 14 <-- 0.020018 s
currentSize : 15 <-- 0.029592 s
currentSize : 16 <-- 0.032430 s
currentSize : 17 <-- 0.055509 s
currentSize : 18 <-- 1.316047 s
currentSize : 19 <-- 5.277660 s
currentSize : 20 <-- 5.804596 s
currentSize : 21 <-- 6.037344 s
currentSize : 22 <-- 6.945973 s
currentSize : 27 <-- 6.946515 s

maxsize : 27
nodes : 598655.000000
filtered : 12917552.000000
CCGP filtered : 674377.000000
CCGT filtered : 871887.000000
time : 6.994209
