Parameters: GAD=1 vflib=1 dir=0 label=0 lowerbound=1 fileNameGp=../graphsdb/mcs90/m3D/m3Dr4/mcs90_m3Dr4_s30.A55 fileNameGt=../graphsdb/mcs90/m3D/m3Dr4/mcs90_m3Dr4_s30.B55
Reading graphs...
30 :  73
30 :  72
Initializing...
maxdom : 30
D->valSize : 900
Solving...
currentSize : 14 <-- 0.018342 s
currentSize : 16 <-- 0.018433 s
currentSize : 17 <-- 0.021267 s
currentSize : 18 <-- 0.022006 s
currentSize : 19 <-- 0.439141 s
currentSize : 20 <-- 5.709054 s
currentSize : 21 <-- 9.156619 s
currentSize : 23 <-- 10.380665 s
currentSize : 24 <-- 10.380795 s
currentSize : 27 <-- 10.417205 s

maxsize : 27
nodes : 757187.000000
filtered : 21234971.000000
CCGP filtered : 964318.000000
CCGT filtered : 678528.000000
time : 10.497938
