Parameters: GAD=1 vflib=1 dir=0 label=0 lowerbound=1 fileNameGp=../graphsdb/mcs90/rand/r005/mcs90_r005_s35.A47 fileNameGt=../graphsdb/mcs90/rand/r005/mcs90_r005_s35.B47
Reading graphs...
35 :  57
35 :  57
Initializing...
maxdom : 35
D->valSize : 1225
Solving...
currentSize : 16 <-- 0.025715 s
currentSize : 17 <-- 0.026632 s
currentSize : 19 <-- 0.026923 s
currentSize : 20 <-- 0.052633 s
currentSize : 21 <-- 0.926881 s
currentSize : 22 <-- 26.593988 s
currentSize : 23 <-- 27.617220 s
currentSize : 24 <-- 36.150135 s
currentSize : 25 <-- 36.232437 s
currentSize : 26 <-- 36.582199 s
currentSize : 27 <-- 51.169739 s
currentSize : 28 <-- 51.243732 s
currentSize : 29 <-- 51.243771 s
currentSize : 30 <-- 51.247643 s
currentSize : 31 <-- 51.247681 s

maxsize : 31
nodes : 3215498.000000
filtered : 57812747.000000
CCGP filtered : 19622202.000000
CCGT filtered : 29402385.000000
time : 51.438976
