Parameters: GAD=1 vflib=1 dir=0 label=0 lowerbound=1 fileNameGp=../graphsdb/mcs90/bvg/b06m/mcs90_b06m_s35.A70 fileNameGt=../graphsdb/mcs90/bvg/b06m/mcs90_b06m_s35.B70
Reading graphs...
35 :  101
35 :  101
Initializing...
maxdom : 35
D->valSize : 1225
Solving...
currentSize : 16 <-- 0.034154 s
currentSize : 17 <-- 0.037237 s
currentSize : 18 <-- 0.038569 s
currentSize : 19 <-- 0.038754 s
currentSize : 20 <-- 1.023237 s
currentSize : 21 <-- 50.894157 s
currentSize : 23 <-- 140.574966 s
currentSize : 26 <-- 140.581787 s
currentSize : 27 <-- 140.583572 s
currentSize : 31 <-- 140.593948 s

maxsize : 31
nodes : 7680749.000000
filtered : 242839573.000000
CCGP filtered : 34066927.000000
CCGT filtered : 10127441.000000
time : 141.075500
