Parameters: GAD=1 vflib=1 dir=0 label=0 lowerbound=1 fileNameGp=../graphsdb/mcs90/rand/r005/mcs90_r005_s35.A08 fileNameGt=../graphsdb/mcs90/rand/r005/mcs90_r005_s35.B08
Reading graphs...
35 :  58
35 :  57
Initializing...
maxdom : 35
D->valSize : 1225
Solving...
currentSize : 16 <-- 0.020646 s
currentSize : 17 <-- 0.020968 s
currentSize : 18 <-- 0.023837 s
currentSize : 19 <-- 0.033732 s
currentSize : 20 <-- 0.059509 s
currentSize : 22 <-- 0.083745 s
currentSize : 23 <-- 0.415953 s
currentSize : 24 <-- 0.509157 s
currentSize : 25 <-- 10.753232 s
currentSize : 28 <-- 10.795081 s
currentSize : 31 <-- 10.795167 s

maxsize : 31
nodes : 513915.000000
filtered : 19082262.000000
CCGP filtered : 5017551.000000
CCGT filtered : 4713565.000000
time : 11.105003
