Parameters: GAD=1 vflib=1 dir=0 label=0 lowerbound=1 fileNameGp=../graphsdb/mcs90/m3D/m3D/mcs90_m3D_s30.A59 fileNameGt=../graphsdb/mcs90/m3D/m3D/mcs90_m3D_s30.B59
Reading graphs...
30 :  61
30 :  61
Initializing...
maxdom : 30
D->valSize : 900
Solving...
currentSize : 15 <-- 0.010669 s
currentSize : 16 <-- 0.010762 s
currentSize : 17 <-- 0.011345 s
currentSize : 18 <-- 0.011676 s
currentSize : 20 <-- 0.021697 s
currentSize : 21 <-- 0.035162 s
currentSize : 22 <-- 0.081331 s
currentSize : 25 <-- 0.101170 s
currentSize : 27 <-- 0.238370 s

maxsize : 27
nodes : 19561.000000
filtered : 739770.000000
CCGP filtered : 3809.000000
CCGT filtered : 2384.000000
time : 0.460775
