Parameters: GAD=1 vflib=1 dir=0 label=0 lowerbound=1 fileNameGp=../graphsdb/mcs90/bvg/b06m/mcs90_b06m_s30.A60 fileNameGt=../graphsdb/mcs90/bvg/b06m/mcs90_b06m_s30.B60
Reading graphs...
30 :  88
30 :  88
Initializing...
maxdom : 30
D->valSize : 900
Solving...
currentSize : 13 <-- 0.010186 s
currentSize : 14 <-- 0.010275 s
currentSize : 15 <-- 0.010479 s
currentSize : 16 <-- 0.060686 s
currentSize : 17 <-- 1.918851 s
currentSize : 19 <-- 3.813166 s
currentSize : 20 <-- 14.547505 s
currentSize : 21 <-- 14.548040 s
currentSize : 22 <-- 14.881973 s
currentSize : 23 <-- 14.882206 s
currentSize : 27 <-- 14.891683 s

maxsize : 27
nodes : 1113489.000000
filtered : 32428342.000000
CCGP filtered : 1400702.000000
CCGT filtered : 749769.000000
time : 14.996873
