Parameters: GAD=1 vflib=1 dir=0 label=0 lowerbound=1 fileNameGp=../graphsdb/mcs90/bvg/b03m/mcs90_b03m_s30.A02 fileNameGt=../graphsdb/mcs90/bvg/b03m/mcs90_b03m_s30.B02
Reading graphs...
30 :  45
30 :  45
Initializing...
maxdom : 30
D->valSize : 900
Solving...
currentSize : 13 <-- 0.019359 s
currentSize : 14 <-- 0.020252 s
currentSize : 17 <-- 0.020287 s
currentSize : 18 <-- 0.027422 s
currentSize : 19 <-- 0.054825 s
currentSize : 20 <-- 0.062992 s
currentSize : 21 <-- 0.070069 s
currentSize : 22 <-- 0.553489 s
currentSize : 23 <-- 1.899387 s
currentSize : 24 <-- 5.615072 s
currentSize : 25 <-- 5.615204 s
currentSize : 26 <-- 5.615336 s
currentSize : 27 <-- 6.091780 s

maxsize : 27
nodes : 215260.000000
filtered : 7157155.000000
CCGP filtered : 2639653.000000
CCGT filtered : 1171140.000000
time : 6.171187
