Parameters: GAD=1 vflib=1 dir=0 label=0 lowerbound=1 fileNameGp=../graphsdb/mcs90/bvg/b03m/mcs90_b03m_s30.A34 fileNameGt=../graphsdb/mcs90/bvg/b03m/mcs90_b03m_s30.B34
Reading graphs...
30 :  44
30 :  45
Initializing...
maxdom : 30
D->valSize : 900
Solving...
currentSize : 13 <-- 0.011078 s
currentSize : 16 <-- 0.011153 s
currentSize : 17 <-- 0.011766 s
currentSize : 18 <-- 0.014004 s
currentSize : 19 <-- 0.014205 s
currentSize : 20 <-- 0.014233 s
currentSize : 21 <-- 0.107045 s
currentSize : 22 <-- 0.259679 s
currentSize : 23 <-- 0.260468 s
currentSize : 26 <-- 2.695321 s

maxsize : 26
nodes : 140201.000000
filtered : 4853908.000000
CCGP filtered : 2631775.000000
CCGT filtered : 895978.000000
time : 3.397105
