Parameters: GAD=1 vflib=1 dir=0 label=0 lowerbound=1 fileNameGp=../graphsdb/mcs90/rand/r02/mcs90_r02_s35.A54 fileNameGt=../graphsdb/mcs90/rand/r02/mcs90_r02_s35.B54
Reading graphs...
35 :  211
35 :  213
Initializing...
maxdom : 35
D->valSize : 1225
Solving...
currentSize : 9 <-- 0.030040 s
currentSize : 10 <-- 0.030200 s
currentSize : 11 <-- 0.030831 s
currentSize : 12 <-- 0.034470 s
currentSize : 13 <-- 0.046774 s
currentSize : 14 <-- 1.047050 s
currentSize : 15 <-- 3.857871 s
currentSize : 16 <-- 4.002272 s
currentSize : 17 <-- 43.099331 s
currentSize : 18 <-- 45.502777 s
currentSize : 19 <-- 45.856804 s
currentSize : 20 <-- 67.248428 s
currentSize : 21 <-- 67.250038 s
currentSize : 24 <-- 67.250389 s
currentSize : 31 <-- 67.254120 s

maxsize : 31
nodes : 5528795.000000
filtered : 99364868.000000
CCGP filtered : 110842.000000
CCGT filtered : 156797.000000
time : 67.408417
