Parameters: GAD=1 vflib=1 dir=0 label=0 lowerbound=1 fileNameGp=../graphsdb/mcs90/rand/r02/mcs90_r02_s35.A21 fileNameGt=../graphsdb/mcs90/rand/r02/mcs90_r02_s35.B21
Reading graphs...
35 :  217
35 :  215
Initializing...
maxdom : 35
D->valSize : 1225
Solving...
currentSize : 10 <-- 0.017165 s
currentSize : 11 <-- 0.017410 s
currentSize : 13 <-- 0.018412 s
currentSize : 14 <-- 1.297745 s
currentSize : 15 <-- 36.046589 s
currentSize : 17 <-- 102.196609 s
currentSize : 19 <-- 123.022789 s
currentSize : 20 <-- 123.025566 s
currentSize : 21 <-- 150.751495 s
currentSize : 23 <-- 184.826401 s
currentSize : 31 <-- 202.797943 s

maxsize : 31
nodes : 15954647.000000
filtered : 289566512.000000
CCGP filtered : 105141.000000
CCGT filtered : 250699.000000
time : 202.919205
