Parameters: GAD=1 vflib=1 dir=0 label=0 lowerbound=1 fileNameGp=../graphsdb/mcs90/rand/r005/mcs90_r005_s25.A85 fileNameGt=../graphsdb/mcs90/rand/r005/mcs90_r005_s25.B85
Reading graphs...
25 :  29
25 :  29
Initializing...
maxdom : 25
D->valSize : 625
Solving...
currentSize : 3 <-- 0.005433 s
currentSize : 4 <-- 0.005487 s
currentSize : 8 <-- 0.005531 s
currentSize : 12 <-- 0.005598 s
currentSize : 15 <-- 0.005652 s
currentSize : 16 <-- 0.005950 s
currentSize : 18 <-- 0.006308 s
currentSize : 20 <-- 0.006344 s
currentSize : 22 <-- 0.006625 s

maxsize : 22
nodes : 1006.000000
filtered : 51106.000000
CCGP filtered : 16276.000000
CCGT filtered : 8590.000000
time : 0.029616
