Parameters: GAD=1 vflib=1 dir=0 label=0 lowerbound=1 fileNameGp=../graphsdb/mcs90/m2D/m2Dr2/mcs90_m2Dr2_s30.A20 fileNameGt=../graphsdb/mcs90/m2D/m2Dr2/mcs90_m2Dr2_s30.B20
Reading graphs...
30 :  55
30 :  55
Initializing...
maxdom : 30
D->valSize : 900
Solving...
currentSize : 14 <-- 0.010937 s
currentSize : 15 <-- 0.011108 s
currentSize : 16 <-- 0.011340 s
currentSize : 17 <-- 0.018197 s
currentSize : 18 <-- 0.022013 s
currentSize : 19 <-- 0.181063 s
currentSize : 22 <-- 1.854298 s
currentSize : 23 <-- 1.866136 s
currentSize : 25 <-- 1.894580 s

maxsize : 25
nodes : 161917.000000
filtered : 4238061.000000
CCGP filtered : 1138552.000000
CCGT filtered : 916912.000000
time : 3.179414
