Parameters: GAD=1 vflib=1 dir=0 label=0 lowerbound=1 fileNameGp=../graphsdb/mcs90/bvg/b09m/mcs90_b09m_s35.A54 fileNameGt=../graphsdb/mcs90/bvg/b09m/mcs90_b09m_s35.B54
Reading graphs...
35 :  153
35 :  153
Initializing...
maxdom : 35
D->valSize : 1225
Solving...
currentSize : 11 <-- 0.023757 s
currentSize : 13 <-- 0.024153 s
currentSize : 14 <-- 0.024621 s
currentSize : 15 <-- 0.031911 s
currentSize : 16 <-- 0.042605 s
currentSize : 17 <-- 1.062018 s
currentSize : 18 <-- 75.453712 s
currentSize : 19 <-- 197.237198 s
currentSize : 21 <-- 258.298920 s
currentSize : 24 <-- 260.133270 s
currentSize : 25 <-- 266.857605 s
currentSize : 27 <-- 267.347992 s
currentSize : 30 <-- 267.351044 s

maxsize : 30
nodes : 20300067.000000
filtered : 517850414.000000
CCGP filtered : 7475050.000000
CCGT filtered : 7727593.000000
time : 267.732513
