Parameters: GAD=1 vflib=1 dir=0 label=0 lowerbound=1 fileNameGp=../graphsdb/mcs90/bvg/b03m/mcs90_b03m_s20.A74 fileNameGt=../graphsdb/mcs90/bvg/b03m/mcs90_b03m_s20.B74
Reading graphs...
20 :  30
20 :  30
Initializing...
maxdom : 20
D->valSize : 400
Solving...
currentSize : 8 <-- 0.002468 s
currentSize : 10 <-- 0.002535 s
currentSize : 11 <-- 0.002558 s
currentSize : 12 <-- 0.003617 s
currentSize : 13 <-- 0.005057 s
currentSize : 14 <-- 0.011942 s
currentSize : 15 <-- 0.037003 s
currentSize : 17 <-- 0.055330 s
currentSize : 18 <-- 0.055632 s

maxsize : 18
nodes : 6770.000000
filtered : 116157.000000
CCGP filtered : 67990.000000
CCGT filtered : 47343.000000
time : 0.062668
