Parameters: GAD=1 vflib=1 dir=0 label=0 lowerbound=1 fileNameGp=../graphsdb/mcs90/m2D/m2Dr6/mcs90_m2Dr6_s30.A26 fileNameGt=../graphsdb/mcs90/m2D/m2Dr6/mcs90_m2Dr6_s30.B26
Reading graphs...
30 :  64
30 :  63
Initializing...
maxdom : 30
D->valSize : 900
Solving...
currentSize : 13 <-- 0.010627 s
currentSize : 14 <-- 0.010759 s
currentSize : 15 <-- 0.011426 s
currentSize : 16 <-- 0.012578 s
currentSize : 17 <-- 0.012915 s
currentSize : 18 <-- 0.014426 s
currentSize : 19 <-- 0.413238 s
currentSize : 20 <-- 0.421988 s
currentSize : 21 <-- 5.269551 s
currentSize : 25 <-- 5.440022 s

maxsize : 25
nodes : 486995.000000
filtered : 12790870.000000
CCGP filtered : 788175.000000
CCGT filtered : 847086.000000
time : 6.286086
