Parameters: GAD=1 vflib=1 dir=0 label=0 lowerbound=1 fileNameGp=../graphsdb/mcs90/rand/r005/mcs90_r005_s30.A98 fileNameGt=../graphsdb/mcs90/rand/r005/mcs90_r005_s30.B98
Reading graphs...
30 :  42
30 :  42
Initializing...
maxdom : 30
D->valSize : 900
Solving...
currentSize : 14 <-- 0.016523 s
currentSize : 16 <-- 0.016630 s
currentSize : 17 <-- 0.017009 s
currentSize : 18 <-- 0.019882 s
currentSize : 19 <-- 0.075497 s
currentSize : 20 <-- 0.089605 s
currentSize : 21 <-- 0.449244 s
currentSize : 22 <-- 0.449340 s
currentSize : 23 <-- 0.673958 s
currentSize : 24 <-- 0.674709 s
currentSize : 26 <-- 0.676132 s
currentSize : 27 <-- 0.676153 s

maxsize : 27
nodes : 47950.000000
filtered : 1154846.000000
CCGP filtered : 581251.000000
CCGT filtered : 336077.000000
time : 0.728323
