Parameters: GAD=1 vflib=1 dir=0 label=0 lowerbound=1 fileNameGp=../graphsdb/mcs90/rand/r01/mcs90_r01_s35.A87 fileNameGt=../graphsdb/mcs90/rand/r01/mcs90_r01_s35.B87
Reading graphs...
35 :  113
35 :  111
Initializing...
maxdom : 35
D->valSize : 1225
Solving...
currentSize : 15 <-- 0.018948 s
currentSize : 16 <-- 0.021957 s
currentSize : 17 <-- 0.022004 s
currentSize : 18 <-- 0.724357 s
currentSize : 19 <-- 1.063352 s
currentSize : 20 <-- 3.425273 s
currentSize : 21 <-- 25.962254 s
currentSize : 23 <-- 31.068436 s
currentSize : 25 <-- 31.076193 s
currentSize : 26 <-- 31.835217 s
currentSize : 31 <-- 38.163105 s

maxsize : 31
nodes : 2651986.000000
filtered : 82563008.000000
CCGP filtered : 2135202.000000
CCGT filtered : 1086019.000000
time : 38.410088
