Parameters: GAD=1 vflib=1 dir=0 label=0 lowerbound=1 fileNameGp=../graphsdb/mcs90/bvg/b09/mcs90_b09_s30.A34 fileNameGt=../graphsdb/mcs90/bvg/b09/mcs90_b09_s30.B34
Reading graphs...
30 :  135
30 :  133
Initializing...
maxdom : 30
D->valSize : 900
Solving...
currentSize : 9 <-- 0.009611 s
currentSize : 11 <-- 0.009661 s
currentSize : 14 <-- 0.010692 s
currentSize : 15 <-- 0.010862 s
currentSize : 16 <-- 0.011895 s
currentSize : 18 <-- 0.016262 s
currentSize : 19 <-- 0.028778 s
currentSize : 21 <-- 0.033080 s
currentSize : 23 <-- 0.044660 s
currentSize : 26 <-- 0.074571 s

maxsize : 26
nodes : 14269.000000
filtered : 860611.000000
CCGP filtered : 0.000000
CCGT filtered : 513.000000
time : 0.397003
