Parameters: GAD=1 vflib=1 dir=0 label=0 lowerbound=1 fileNameGp=../graphsdb/mcs90/m3D/m3Dr6/mcs90_m3Dr6_s30.A78 fileNameGt=../graphsdb/mcs90/m3D/m3Dr6/mcs90_m3Dr6_s30.B78
Reading graphs...
30 :  78
30 :  77
Initializing...
maxdom : 30
D->valSize : 900
Solving...
currentSize : 14 <-- 0.010350 s
currentSize : 15 <-- 0.010456 s
currentSize : 16 <-- 0.010545 s
currentSize : 17 <-- 0.031874 s
currentSize : 18 <-- 0.917122 s
currentSize : 19 <-- 24.879684 s
currentSize : 20 <-- 50.378674 s
currentSize : 21 <-- 50.378708 s
currentSize : 22 <-- 50.387630 s
currentSize : 23 <-- 50.387672 s
currentSize : 27 <-- 50.403648 s

maxsize : 27
nodes : 4273056.000000
filtered : 107894584.000000
CCGP filtered : 4451822.000000
CCGT filtered : 2500711.000000
time : 50.523003
