Parameters: GAD=1 vflib=1 dir=0 label=0 lowerbound=1 fileNameGp=../graphsdb/mcs90/rand/r01/mcs90_r01_s20.A49 fileNameGt=../graphsdb/mcs90/rand/r01/mcs90_r01_s20.B49
Reading graphs...
20 :  37
20 :  36
Initializing...
maxdom : 20
D->valSize : 400
Solving...
currentSize : 9 <-- 0.002256 s
currentSize : 10 <-- 0.002297 s
currentSize : 11 <-- 0.002379 s
currentSize : 12 <-- 0.002795 s
currentSize : 13 <-- 0.002908 s
currentSize : 14 <-- 0.005896 s
currentSize : 15 <-- 0.007223 s
currentSize : 16 <-- 0.008067 s
currentSize : 18 <-- 0.008235 s

maxsize : 18
nodes : 1120.000000
filtered : 20801.000000
CCGP filtered : 2105.000000
CCGT filtered : 409.000000
time : 0.016274
