Parameters: GAD=1 vflib=1 dir=0 label=0 lowerbound=1 fileNameGp=../graphsdb/mcs90/rand/r01/mcs90_r01_s25.A08 fileNameGt=../graphsdb/mcs90/rand/r01/mcs90_r01_s25.B08
Reading graphs...
25 :  56
25 :  57
Initializing...
maxdom : 25
D->valSize : 625
Solving...
currentSize : 9 <-- 0.005152 s
currentSize : 10 <-- 0.005207 s
currentSize : 12 <-- 0.005685 s
currentSize : 13 <-- 0.005740 s
currentSize : 14 <-- 0.059871 s
currentSize : 15 <-- 0.311492 s
currentSize : 16 <-- 0.779561 s
currentSize : 17 <-- 1.348534 s
currentSize : 18 <-- 1.348604 s
currentSize : 19 <-- 1.365381 s
currentSize : 21 <-- 1.365544 s
currentSize : 22 <-- 1.365634 s

maxsize : 22
nodes : 122159.000000
filtered : 2554470.000000
CCGP filtered : 272147.000000
CCGT filtered : 360708.000000
time : 1.392192
