Parameters: GAD=1 vflib=1 dir=0 label=0 lowerbound=1 fileNameGp=../graphsdb/mcs90/bvg/b06m/mcs90_b06m_s30.A80 fileNameGt=../graphsdb/mcs90/bvg/b06m/mcs90_b06m_s30.B80
Reading graphs...
30 :  89
30 :  89
Initializing...
maxdom : 30
D->valSize : 900
Solving...
currentSize : 15 <-- 0.018147 s
currentSize : 16 <-- 0.018738 s
currentSize : 17 <-- 0.021240 s
currentSize : 18 <-- 0.220420 s
currentSize : 19 <-- 4.219204 s
currentSize : 20 <-- 4.355121 s
currentSize : 21 <-- 6.232830 s
currentSize : 22 <-- 6.556619 s
currentSize : 27 <-- 6.559486 s

maxsize : 27
nodes : 467923.000000
filtered : 13748872.000000
CCGP filtered : 680083.000000
CCGT filtered : 358603.000000
time : 6.645177
