Parameters: GAD=1 vflib=1 dir=0 label=0 lowerbound=1 fileNameGp=../graphsdb/mcs90/bvg/b03m/mcs90_b03m_s25.A63 fileNameGt=../graphsdb/mcs90/bvg/b03m/mcs90_b03m_s25.B63
Reading graphs...
25 :  37
25 :  37
Initializing...
maxdom : 25
D->valSize : 625
Solving...
currentSize : 9 <-- 0.005337 s
currentSize : 10 <-- 0.005405 s
currentSize : 13 <-- 0.005441 s
currentSize : 14 <-- 0.005522 s
currentSize : 15 <-- 0.005714 s
currentSize : 16 <-- 0.006208 s
currentSize : 17 <-- 0.014232 s
currentSize : 18 <-- 0.015753 s
currentSize : 20 <-- 0.311571 s
currentSize : 21 <-- 0.312576 s
currentSize : 22 <-- 0.315787 s

maxsize : 22
nodes : 25758.000000
filtered : 586623.000000
CCGP filtered : 442664.000000
CCGT filtered : 211265.000000
time : 0.369188
