Parameters: GAD=1 vflib=1 dir=0 label=0 lowerbound=1 fileNameGp=../graphsdb/mcs90/rand/r02/mcs90_r02_s30.A45 fileNameGt=../graphsdb/mcs90/rand/r02/mcs90_r02_s30.B45
Reading graphs...
30 :  159
30 :  157
Initializing...
maxdom : 30
D->valSize : 900
Solving...
currentSize : 9 <-- 0.009322 s
currentSize : 11 <-- 0.009422 s
currentSize : 12 <-- 0.009572 s
currentSize : 13 <-- 0.235440 s
currentSize : 14 <-- 5.296107 s
currentSize : 15 <-- 24.283829 s
currentSize : 16 <-- 25.310921 s
currentSize : 18 <-- 28.597240 s
currentSize : 27 <-- 28.597895 s

maxsize : 27
nodes : 2933961.000000
filtered : 30785905.000000
CCGP filtered : 13674.000000
CCGT filtered : 27427.000000
time : 28.655664
