Parameters: GAD=1 vflib=1 dir=0 label=0 lowerbound=1 fileNameGp=../graphsdb/mcs90/m3D/m3Dr2/mcs90_m3Dr2_s30.A93 fileNameGt=../graphsdb/mcs90/m3D/m3Dr2/mcs90_m3Dr2_s30.B93
Reading graphs...
30 :  67
30 :  66
Initializing...
maxdom : 30
D->valSize : 900
Solving...
currentSize : 15 <-- 0.010656 s
currentSize : 16 <-- 0.010807 s
currentSize : 17 <-- 0.011885 s
currentSize : 18 <-- 0.023825 s
currentSize : 19 <-- 0.039279 s
currentSize : 20 <-- 7.527425 s
currentSize : 21 <-- 40.617805 s
currentSize : 22 <-- 40.754646 s
currentSize : 24 <-- 41.572407 s
currentSize : 25 <-- 42.054398 s
currentSize : 27 <-- 42.525707 s

maxsize : 27
nodes : 3061216.000000
filtered : 78993504.000000
CCGP filtered : 3687245.000000
CCGT filtered : 1657367.000000
time : 42.547829
