Parameters: GAD=1 vflib=1 dir=0 label=0 lowerbound=1 fileNameGp=../graphsdb/mcs90/bvg/b06m/mcs90_b06m_s30.A13 fileNameGt=../graphsdb/mcs90/bvg/b06m/mcs90_b06m_s30.B13
Reading graphs...
30 :  86
30 :  86
Initializing...
maxdom : 30
D->valSize : 900
Solving...
currentSize : 14 <-- 0.017996 s
currentSize : 15 <-- 0.018175 s
currentSize : 16 <-- 0.023882 s
currentSize : 17 <-- 0.100088 s
currentSize : 18 <-- 0.101035 s
currentSize : 19 <-- 0.104400 s
currentSize : 20 <-- 0.104453 s
currentSize : 21 <-- 0.104551 s
currentSize : 23 <-- 0.119561 s
currentSize : 24 <-- 0.130592 s
currentSize : 27 <-- 0.141924 s

maxsize : 27
nodes : 8919.000000
filtered : 244614.000000
CCGP filtered : 4630.000000
CCGT filtered : 4989.000000
time : 0.253246
