Parameters: GAD=1 vflib=1 dir=0 label=0 lowerbound=1 fileNameGp=../graphsdb/mcs90/rand/r005/mcs90_r005_s20.A40 fileNameGt=../graphsdb/mcs90/rand/r005/mcs90_r005_s20.B40
Reading graphs...
20 :  21
20 :  21
Initializing...
maxdom : 20
D->valSize : 400
Solving...
currentSize : 10 <-- 0.002712 s
currentSize : 11 <-- 0.003880 s
currentSize : 12 <-- 0.006767 s
currentSize : 13 <-- 0.011851 s
currentSize : 14 <-- 0.011985 s
currentSize : 15 <-- 0.012255 s
currentSize : 16 <-- 0.012924 s
currentSize : 17 <-- 0.013031 s
currentSize : 18 <-- 0.013117 s

maxsize : 18
nodes : 1883.000000
filtered : 28217.000000
CCGP filtered : 29805.000000
CCGT filtered : 4302.000000
time : 0.020067
