Parameters: GAD=1 vflib=1 dir=0 label=0 lowerbound=1 fileNameGp=../graphsdb/mcs90/bvg/b03m/mcs90_b03m_s35.A19 fileNameGt=../graphsdb/mcs90/bvg/b03m/mcs90_b03m_s35.B19
Reading graphs...
35 :  52
35 :  52
Initializing...
maxdom : 35
D->valSize : 1225
Solving...
currentSize : 15 <-- 0.021103 s
currentSize : 17 <-- 0.021181 s
currentSize : 18 <-- 0.021244 s
currentSize : 20 <-- 0.021512 s
currentSize : 22 <-- 0.021757 s
currentSize : 23 <-- 0.024459 s
currentSize : 24 <-- 0.032321 s
currentSize : 25 <-- 0.034145 s
currentSize : 26 <-- 0.081818 s
currentSize : 27 <-- 9.335231 s
currentSize : 28 <-- 9.597610 s
currentSize : 30 <-- 9.600788 s

maxsize : 30
nodes : 376445.000000
filtered : 14203107.000000
CCGP filtered : 5510865.000000
CCGT filtered : 2583835.000000
time : 12.299276
