Parameters: GAD=1 vflib=1 dir=0 label=0 lowerbound=1 fileNameGp=../graphsdb/mcs90/rand/r01/mcs90_r01_s25.A66 fileNameGt=../graphsdb/mcs90/rand/r01/mcs90_r01_s25.B66
Reading graphs...
25 :  58
25 :  57
Initializing...
maxdom : 25
D->valSize : 625
Solving...
currentSize : 9 <-- 0.004978 s
currentSize : 11 <-- 0.005036 s
currentSize : 12 <-- 0.005077 s
currentSize : 13 <-- 0.005308 s
currentSize : 14 <-- 0.007254 s
currentSize : 15 <-- 0.007352 s
currentSize : 16 <-- 3.756346 s
currentSize : 17 <-- 5.564260 s
currentSize : 22 <-- 7.052146 s

maxsize : 22
nodes : 627430.000000
filtered : 11227118.000000
CCGP filtered : 440264.000000
CCGT filtered : 667941.000000
time : 7.075676
