Parameters: GAD=1 vflib=1 dir=0 label=0 lowerbound=1 fileNameGp=../graphsdb/mcs90/bvg/b03m/mcs90_b03m_s30.A43 fileNameGt=../graphsdb/mcs90/bvg/b03m/mcs90_b03m_s30.B43
Reading graphs...
30 :  44
30 :  43
Initializing...
maxdom : 30
D->valSize : 900
Solving...
currentSize : 12 <-- 0.011285 s
currentSize : 13 <-- 0.011371 s
currentSize : 14 <-- 0.011439 s
currentSize : 15 <-- 0.012155 s
currentSize : 16 <-- 0.013957 s
currentSize : 17 <-- 0.014550 s
currentSize : 18 <-- 0.014949 s
currentSize : 19 <-- 0.015493 s
currentSize : 21 <-- 0.016430 s
currentSize : 22 <-- 0.032164 s
currentSize : 23 <-- 0.053309 s
currentSize : 24 <-- 0.746823 s
currentSize : 26 <-- 0.791070 s

maxsize : 26
nodes : 30185.000000
filtered : 1328017.000000
CCGP filtered : 296343.000000
CCGT filtered : 154594.000000
time : 1.414212
