Parameters: GAD=1 vflib=1 dir=0 label=0 lowerbound=1 fileNameGp=../graphsdb/mcs90/m2D/m2Dr2/mcs90_m2Dr2_s30.A73 fileNameGt=../graphsdb/mcs90/m2D/m2Dr2/mcs90_m2Dr2_s30.B73
Reading graphs...
30 :  55
30 :  55
Initializing...
maxdom : 30
D->valSize : 900
Solving...
currentSize : 14 <-- 0.019228 s
currentSize : 16 <-- 0.019847 s
currentSize : 17 <-- 0.020129 s
currentSize : 18 <-- 0.020595 s
currentSize : 19 <-- 0.048800 s
currentSize : 20 <-- 0.984450 s
currentSize : 21 <-- 3.481489 s
currentSize : 22 <-- 6.099196 s
currentSize : 24 <-- 6.816837 s
currentSize : 25 <-- 6.816983 s

maxsize : 25
nodes : 426473.000000
filtered : 11021993.000000
CCGP filtered : 2218457.000000
CCGT filtered : 910126.000000
time : 7.693947
