Parameters: GAD=1 vflib=1 dir=0 label=0 lowerbound=1 fileNameGp=../graphsdb/mcs90/rand/r005/mcs90_r005_s30.A90 fileNameGt=../graphsdb/mcs90/rand/r005/mcs90_r005_s30.B90
Reading graphs...
30 :  42
30 :  41
Initializing...
maxdom : 30
D->valSize : 900
Solving...
currentSize : 14 <-- 0.019603 s
currentSize : 15 <-- 0.019720 s
currentSize : 16 <-- 0.023022 s
currentSize : 17 <-- 0.029720 s
currentSize : 18 <-- 0.029762 s
currentSize : 19 <-- 0.141724 s
currentSize : 20 <-- 0.246982 s
currentSize : 21 <-- 0.290666 s
currentSize : 22 <-- 0.608434 s
currentSize : 24 <-- 0.842290 s
currentSize : 25 <-- 0.842634 s
currentSize : 26 <-- 0.843784 s
currentSize : 27 <-- 0.844095 s

maxsize : 27
nodes : 54325.000000
filtered : 1450039.000000
CCGP filtered : 670827.000000
CCGT filtered : 553691.000000
time : 0.928292
