Parameters: GAD=1 vflib=1 dir=0 label=0 lowerbound=1 fileNameGp=../graphsdb/mcs90/bvg/b03m/mcs90_b03m_s30.A38 fileNameGt=../graphsdb/mcs90/bvg/b03m/mcs90_b03m_s30.B38
Reading graphs...
30 :  45
30 :  45
Initializing...
maxdom : 30
D->valSize : 900
Solving...
currentSize : 10 <-- 0.011130 s
currentSize : 13 <-- 0.011203 s
currentSize : 16 <-- 0.011299 s
currentSize : 18 <-- 0.011506 s
currentSize : 19 <-- 0.012078 s
currentSize : 20 <-- 0.012279 s
currentSize : 21 <-- 0.013828 s
currentSize : 22 <-- 0.014776 s
currentSize : 23 <-- 0.068802 s
currentSize : 24 <-- 0.654199 s
currentSize : 25 <-- 1.278597 s
currentSize : 26 <-- 1.921532 s

maxsize : 26
nodes : 49098.000000
filtered : 2123972.000000
CCGP filtered : 1409999.000000
CCGT filtered : 331398.000000
time : 2.136379
