Parameters: GAD=1 vflib=1 dir=0 label=0 lowerbound=1 fileNameGp=../graphsdb/mcs90/bvg/b09/mcs90_b09_s35.A46 fileNameGt=../graphsdb/mcs90/bvg/b09/mcs90_b09_s35.B46
Reading graphs...
35 :  157
35 :  157
Initializing...
maxdom : 35
D->valSize : 1225
Solving...
currentSize : 15 <-- 0.017981 s
currentSize : 16 <-- 0.018724 s
currentSize : 17 <-- 0.027400 s
currentSize : 18 <-- 0.033393 s
currentSize : 19 <-- 0.345412 s
currentSize : 20 <-- 0.346092 s
currentSize : 21 <-- 0.346403 s
currentSize : 22 <-- 0.346594 s
currentSize : 23 <-- 0.347486 s
currentSize : 24 <-- 0.348526 s
currentSize : 26 <-- 0.348691 s
currentSize : 30 <-- 0.385207 s
currentSize : 31 <-- 0.631234 s

maxsize : 31
nodes : 55698.000000
filtered : 2384730.000000
CCGP filtered : 6421.000000
CCGT filtered : 9990.000000
time : 1.075271
