Parameters: GAD=1 vflib=1 dir=0 label=0 lowerbound=1 fileNameGp=../graphsdb/mcs90/rand/r005/mcs90_r005_s35.A51 fileNameGt=../graphsdb/mcs90/rand/r005/mcs90_r005_s35.B51
Reading graphs...
35 :  58
35 :  58
Initializing...
maxdom : 35
D->valSize : 1225
Solving...
currentSize : 18 <-- 0.020916 s
currentSize : 19 <-- 0.056612 s
currentSize : 20 <-- 0.085620 s
currentSize : 21 <-- 0.362681 s
currentSize : 22 <-- 1.444405 s
currentSize : 23 <-- 1.779586 s
currentSize : 24 <-- 5.909536 s
currentSize : 25 <-- 23.806707 s
currentSize : 27 <-- 23.807447 s
currentSize : 28 <-- 23.807705 s
currentSize : 29 <-- 24.785492 s
currentSize : 31 <-- 24.785713 s

maxsize : 31
nodes : 1304048.000000
filtered : 41874828.000000
CCGP filtered : 14370276.000000
CCGT filtered : 10801829.000000
time : 25.128460
