Parameters: GAD=1 vflib=1 dir=0 label=0 lowerbound=1 fileNameGp=../graphsdb/mcs90/m2D/m2Dr6/mcs90_m2Dr6_s30.A85 fileNameGt=../graphsdb/mcs90/m2D/m2Dr6/mcs90_m2Dr6_s30.B85
Reading graphs...
30 :  66
30 :  66
Initializing...
maxdom : 30
D->valSize : 900
Solving...
currentSize : 12 <-- 0.010527 s
currentSize : 13 <-- 0.010566 s
currentSize : 15 <-- 0.010627 s
currentSize : 17 <-- 0.023223 s
currentSize : 18 <-- 0.061324 s
currentSize : 19 <-- 12.621075 s
currentSize : 20 <-- 18.465984 s
currentSize : 21 <-- 22.688030 s
currentSize : 22 <-- 22.775879 s
currentSize : 25 <-- 22.781620 s

maxsize : 25
nodes : 1888036.000000
filtered : 42564734.000000
CCGP filtered : 4019019.000000
CCGT filtered : 3238522.000000
time : 23.642591
