Parameters: GAD=1 vflib=1 dir=0 label=0 lowerbound=1 fileNameGp=../graphsdb/mcs90/rand/r02/mcs90_r02_s35.A76 fileNameGt=../graphsdb/mcs90/rand/r02/mcs90_r02_s35.B76
Reading graphs...
35 :  210
35 :  214
Initializing...
maxdom : 35
D->valSize : 1225
Solving...
currentSize : 11 <-- 0.018175 s
currentSize : 12 <-- 0.018332 s
currentSize : 13 <-- 0.042684 s
currentSize : 14 <-- 0.122522 s
currentSize : 15 <-- 36.786327 s
currentSize : 16 <-- 40.640518 s
currentSize : 19 <-- 124.779488 s
currentSize : 23 <-- 270.441437 s
currentSize : 31 <-- 274.663086 s

maxsize : 31
nodes : 22448771.000000
filtered : 390734020.000000
CCGP filtered : 48970.000000
CCGT filtered : 98905.000000
time : 274.914917
