Parameters: GAD=1 vflib=1 dir=0 label=0 lowerbound=1 fileNameGp=../graphsdb/mcs90/rand/r01/mcs90_r01_s30.A82 fileNameGt=../graphsdb/mcs90/rand/r01/mcs90_r01_s30.B82
Reading graphs...
30 :  81
30 :  80
Initializing...
maxdom : 30
D->valSize : 900
Solving...
currentSize : 14 <-- 0.010454 s
currentSize : 15 <-- 0.011297 s
currentSize : 16 <-- 0.015616 s
currentSize : 17 <-- 0.063321 s
currentSize : 18 <-- 0.111008 s
currentSize : 19 <-- 8.152957 s
currentSize : 20 <-- 10.305001 s
currentSize : 21 <-- 10.305391 s
currentSize : 22 <-- 10.306816 s
currentSize : 27 <-- 10.330322 s

maxsize : 27
nodes : 899028.000000
filtered : 20786060.000000
CCGP filtered : 785501.000000
CCGT filtered : 879235.000000
time : 10.407751
