Parameters: GAD=1 vflib=1 dir=0 label=0 lowerbound=1 fileNameGp=../graphsdb/mcs90/rand/r005/mcs90_r005_s30.A23 fileNameGt=../graphsdb/mcs90/rand/r005/mcs90_r005_s30.B23
Reading graphs...
30 :  42
30 :  42
Initializing...
maxdom : 30
D->valSize : 900
Solving...
currentSize : 12 <-- 0.019625 s
currentSize : 13 <-- 0.019795 s
currentSize : 14 <-- 0.019973 s
currentSize : 15 <-- 0.020885 s
currentSize : 16 <-- 0.021494 s
currentSize : 17 <-- 0.021714 s
currentSize : 18 <-- 0.032298 s
currentSize : 19 <-- 0.032382 s
currentSize : 20 <-- 0.041227 s
currentSize : 21 <-- 0.041418 s
currentSize : 22 <-- 0.370079 s
currentSize : 23 <-- 0.397338 s
currentSize : 24 <-- 0.761674 s
currentSize : 25 <-- 0.762000 s
currentSize : 26 <-- 0.805392 s
currentSize : 27 <-- 0.805415 s

maxsize : 27
nodes : 43530.000000
filtered : 1247371.000000
CCGP filtered : 978803.000000
CCGT filtered : 595221.000000
time : 0.965113
