Parameters: GAD=1 vflib=1 dir=0 label=0 lowerbound=1 fileNameGp=../graphsdb/mcs90/rand/r01/mcs90_r01_s25.A26 fileNameGt=../graphsdb/mcs90/rand/r01/mcs90_r01_s25.B26
Reading graphs...
25 :  55
25 :  55
Initializing...
maxdom : 25
D->valSize : 625
Solving...
currentSize : 10 <-- 0.008788 s
currentSize : 11 <-- 0.008921 s
currentSize : 12 <-- 0.009234 s
currentSize : 14 <-- 0.009754 s
currentSize : 15 <-- 0.130419 s
currentSize : 16 <-- 1.503993 s
currentSize : 17 <-- 1.602688 s
currentSize : 19 <-- 1.781280 s
currentSize : 22 <-- 1.789642 s

maxsize : 22
nodes : 152046.000000
filtered : 2619780.000000
CCGP filtered : 269051.000000
CCGT filtered : 141446.000000
time : 1.807702
