Parameters: GAD=1 vflib=1 dir=0 label=0 lowerbound=1 fileNameGp=../graphsdb/mcs90/m3D/m3D/mcs90_m3D_s30.A08 fileNameGt=../graphsdb/mcs90/m3D/m3D/mcs90_m3D_s30.B08
Reading graphs...
30 :  61
30 :  61
Initializing...
maxdom : 30
D->valSize : 900
Solving...
currentSize : 14 <-- 0.011003 s
currentSize : 16 <-- 0.011051 s
currentSize : 17 <-- 0.013128 s
currentSize : 18 <-- 0.014798 s
currentSize : 19 <-- 0.014902 s
currentSize : 20 <-- 0.040007 s
currentSize : 21 <-- 0.594891 s
currentSize : 22 <-- 0.610189 s
currentSize : 24 <-- 0.654866 s
currentSize : 25 <-- 0.654937 s
currentSize : 27 <-- 0.669408 s
currentSize : 28 <-- 0.669750 s

maxsize : 28
nodes : 57178.000000
filtered : 1282450.000000
CCGP filtered : 30384.000000
CCGT filtered : 33073.000000
time : 0.707730
