Parameters: GAD=1 vflib=1 dir=0 label=0 lowerbound=1 fileNameGp=../graphsdb/mcs90/bvg/b06m/mcs90_b06m_s25.A82 fileNameGt=../graphsdb/mcs90/bvg/b06m/mcs90_b06m_s25.B82
Reading graphs...
25 :  71
25 :  72
Initializing...
maxdom : 25
D->valSize : 625
Solving...
currentSize : 10 <-- 0.004841 s
currentSize : 11 <-- 0.004898 s
currentSize : 12 <-- 0.004985 s
currentSize : 13 <-- 0.005976 s
currentSize : 14 <-- 0.016876 s
currentSize : 15 <-- 0.022523 s
currentSize : 16 <-- 0.343443 s
currentSize : 18 <-- 0.610576 s
currentSize : 20 <-- 0.685631 s
currentSize : 22 <-- 0.685719 s

maxsize : 22
nodes : 52676.000000
filtered : 1338511.000000
CCGP filtered : 78298.000000
CCGT filtered : 56758.000000
time : 0.711843
