Parameters: GAD=1 vflib=1 dir=0 label=0 lowerbound=1 fileNameGp=../graphsdb/mcs90/m2D/m2Dr6/mcs90_m2Dr6_s30.A52 fileNameGt=../graphsdb/mcs90/m2D/m2Dr6/mcs90_m2Dr6_s30.B52
Reading graphs...
30 :  65
30 :  63
Initializing...
maxdom : 30
D->valSize : 900
Solving...
currentSize : 14 <-- 0.018755 s
currentSize : 15 <-- 0.018941 s
currentSize : 16 <-- 0.020179 s
currentSize : 17 <-- 0.023516 s
currentSize : 18 <-- 0.092621 s
currentSize : 19 <-- 0.452103 s
currentSize : 20 <-- 6.557505 s
currentSize : 21 <-- 14.015396 s
currentSize : 22 <-- 15.063696 s
currentSize : 25 <-- 15.065801 s

maxsize : 25
nodes : 988370.000000
filtered : 27403920.000000
CCGP filtered : 2242702.000000
CCGT filtered : 1458052.000000
time : 15.715102
