Parameters: GAD=1 vflib=1 dir=0 label=0 lowerbound=1 fileNameGp=../graphsdb/mcs90/bvg/b03m/mcs90_b03m_s35.A27 fileNameGt=../graphsdb/mcs90/bvg/b03m/mcs90_b03m_s35.B27
Reading graphs...
35 :  52
35 :  52
Initializing...
maxdom : 35
D->valSize : 1225
Solving...
currentSize : 19 <-- 0.036894 s
currentSize : 20 <-- 0.043673 s
currentSize : 21 <-- 0.045459 s
currentSize : 22 <-- 0.051883 s
currentSize : 23 <-- 0.062178 s
currentSize : 24 <-- 0.078461 s
currentSize : 25 <-- 0.271092 s
currentSize : 26 <-- 28.514856 s
currentSize : 27 <-- 40.328583 s
currentSize : 28 <-- 46.750633 s
currentSize : 30 <-- 46.830669 s

maxsize : 30
nodes : 1509392.000000
filtered : 54673716.000000
CCGP filtered : 32081240.000000
CCGT filtered : 23008158.000000
time : 49.514359
