Parameters: GAD=1 vflib=1 dir=0 label=0 lowerbound=1 fileNameGp=../graphsdb/mcs90/bvg/b06m/mcs90_b06m_s35.A14 fileNameGt=../graphsdb/mcs90/bvg/b06m/mcs90_b06m_s35.B14
Reading graphs...
35 :  105
35 :  105
Initializing...
maxdom : 35
D->valSize : 1225
Solving...
currentSize : 15 <-- 0.019197 s
currentSize : 16 <-- 0.019532 s
currentSize : 17 <-- 0.019862 s
currentSize : 18 <-- 0.022884 s
currentSize : 19 <-- 0.185351 s
currentSize : 20 <-- 2.150330 s
currentSize : 22 <-- 2.640704 s
currentSize : 23 <-- 2.729909 s
currentSize : 24 <-- 3.094640 s
currentSize : 25 <-- 3.830949 s
currentSize : 26 <-- 4.471802 s
currentSize : 28 <-- 4.584482 s
currentSize : 31 <-- 4.607158 s

maxsize : 31
nodes : 257394.000000
filtered : 9056592.000000
CCGP filtered : 564260.000000
CCGT filtered : 381234.000000
time : 4.918037
