Parameters: GAD=1 vflib=1 dir=0 label=0 lowerbound=1 fileNameGp=../graphsdb/mcs90/m3D/m3Dr4/mcs90_m3Dr4_s30.A83 fileNameGt=../graphsdb/mcs90/m3D/m3Dr4/mcs90_m3Dr4_s30.B83
Reading graphs...
30 :  71
30 :  72
Initializing...
maxdom : 30
D->valSize : 900
Solving...
currentSize : 16 <-- 0.015649 s
currentSize : 17 <-- 0.015739 s
currentSize : 18 <-- 0.059660 s
currentSize : 19 <-- 1.001794 s
currentSize : 20 <-- 11.036502 s
currentSize : 21 <-- 25.940546 s
currentSize : 22 <-- 28.264463 s
currentSize : 23 <-- 28.956312 s
currentSize : 27 <-- 29.402887 s

maxsize : 27
nodes : 2153970.000000
filtered : 61740565.000000
CCGP filtered : 3041463.000000
CCGT filtered : 1311193.000000
time : 29.508820
