Parameters: GAD=1 vflib=1 dir=0 label=0 lowerbound=1 fileNameGp=../graphsdb/mcs90/bvg/b03m/mcs90_b03m_s35.A20 fileNameGt=../graphsdb/mcs90/bvg/b03m/mcs90_b03m_s35.B20
Reading graphs...
35 :  52
35 :  52
Initializing...
maxdom : 35
D->valSize : 1225
Solving...
currentSize : 15 <-- 0.021115 s
currentSize : 18 <-- 0.021172 s
currentSize : 19 <-- 0.022324 s
currentSize : 20 <-- 0.022703 s
currentSize : 21 <-- 0.023404 s
currentSize : 22 <-- 0.024264 s
currentSize : 23 <-- 0.034651 s
currentSize : 24 <-- 0.056546 s
currentSize : 25 <-- 0.063586 s
currentSize : 26 <-- 63.225578 s
currentSize : 27 <-- 134.105316 s
currentSize : 28 <-- 173.588196 s
currentSize : 29 <-- 173.801605 s
currentSize : 31 <-- 173.801926 s

maxsize : 31
nodes : 5404259.000000
filtered : 188195473.000000
CCGP filtered : 116819325.000000
CCGT filtered : 42540533.000000
time : 174.207794
