Parameters: GAD=1 vflib=1 dir=0 label=0 lowerbound=1 fileNameGp=../graphsdb/mcs90/bvg/b09m/mcs90_b09m_s35.A55 fileNameGt=../graphsdb/mcs90/bvg/b09m/mcs90_b09m_s35.B55
Reading graphs...
35 :  152
35 :  151
Initializing...
maxdom : 35
D->valSize : 1225
Solving...
currentSize : 10 <-- 0.023631 s
currentSize : 11 <-- 0.023679 s
currentSize : 12 <-- 0.023743 s
currentSize : 13 <-- 0.023970 s
currentSize : 14 <-- 0.024136 s
currentSize : 15 <-- 0.029419 s
currentSize : 16 <-- 0.054816 s
currentSize : 17 <-- 1.084764 s
currentSize : 18 <-- 1.514584 s
currentSize : 19 <-- 1.743829 s
currentSize : 20 <-- 1.798493 s
currentSize : 21 <-- 2.302349 s
currentSize : 23 <-- 2.303988 s
currentSize : 30 <-- 8.258950 s

maxsize : 30
nodes : 598669.000000
filtered : 24214979.000000
CCGP filtered : 136602.000000
CCGT filtered : 132138.000000
time : 8.685203
