Parameters: GAD=1 vflib=1 dir=0 label=0 lowerbound=1 fileNameGp=../graphsdb/mcs90/m4D/m4Dr2/mcs90_m4Dr2_s20.A45 fileNameGt=../graphsdb/mcs90/m4D/m4Dr2/mcs90_m4Dr2_s20.B45
Reading graphs...
20 :  41
20 :  40
Initializing...
maxdom : 20
D->valSize : 400
Solving...
currentSize : 9 <-- 0.002172 s
currentSize : 10 <-- 0.002270 s
currentSize : 11 <-- 0.002332 s
currentSize : 12 <-- 0.002609 s
currentSize : 13 <-- 0.013389 s
currentSize : 14 <-- 0.015115 s
currentSize : 15 <-- 0.035514 s
currentSize : 16 <-- 0.042539 s
currentSize : 17 <-- 0.051166 s

maxsize : 17
nodes : 5122.000000
filtered : 108913.000000
CCGP filtered : 11456.000000
CCGT filtered : 14150.000000
time : 0.063818
