Parameters: GAD=1 vflib=1 dir=0 label=0 lowerbound=1 fileNameGp=../graphsdb/mcs90/rand/r02/mcs90_r02_s30.A88 fileNameGt=../graphsdb/mcs90/rand/r02/mcs90_r02_s30.B88
Reading graphs...
30 :  158
30 :  159
Initializing...
maxdom : 30
D->valSize : 900
Solving...
currentSize : 9 <-- 0.009383 s
currentSize : 10 <-- 0.009672 s
currentSize : 11 <-- 0.010090 s
currentSize : 12 <-- 0.012407 s
currentSize : 13 <-- 0.207788 s
currentSize : 15 <-- 1.047340 s
currentSize : 16 <-- 1.054258 s
currentSize : 19 <-- 13.190248 s
currentSize : 27 <-- 13.259743 s

maxsize : 27
nodes : 1275031.000000
filtered : 19719713.000000
CCGP filtered : 7325.000000
CCGT filtered : 15736.000000
time : 13.294465
