Parameters: GAD=1 vflib=1 dir=0 label=0 lowerbound=1 fileNameGp=../graphsdb/mcs90/bvg/b03m/mcs90_b03m_s25.A49 fileNameGt=../graphsdb/mcs90/bvg/b03m/mcs90_b03m_s25.B49
Reading graphs...
25 :  37
25 :  37
Initializing...
maxdom : 25
D->valSize : 625
Solving...
currentSize : 14 <-- 0.005270 s
currentSize : 15 <-- 0.005375 s
currentSize : 16 <-- 0.005510 s
currentSize : 17 <-- 0.006741 s
currentSize : 18 <-- 0.012188 s
currentSize : 19 <-- 0.046255 s
currentSize : 20 <-- 0.071115 s
currentSize : 21 <-- 0.072369 s
currentSize : 22 <-- 0.082671 s

maxsize : 22
nodes : 7003.000000
filtered : 206238.000000
CCGP filtered : 130324.000000
CCGT filtered : 29230.000000
time : 0.186402
