Parameters: GAD=1 vflib=1 dir=0 label=0 lowerbound=1 fileNameGp=../graphsdb/mcs90/rand/r005/mcs90_r005_s30.A15 fileNameGt=../graphsdb/mcs90/rand/r005/mcs90_r005_s30.B15
Reading graphs...
30 :  42
30 :  41
Initializing...
maxdom : 30
D->valSize : 900
Solving...
currentSize : 12 <-- 0.011396 s
currentSize : 14 <-- 0.011469 s
currentSize : 15 <-- 0.011542 s
currentSize : 16 <-- 0.011682 s
currentSize : 17 <-- 0.013946 s
currentSize : 18 <-- 0.016740 s
currentSize : 19 <-- 0.051595 s
currentSize : 20 <-- 0.067654 s
currentSize : 22 <-- 0.163055 s
currentSize : 23 <-- 0.348503 s
currentSize : 24 <-- 1.239987 s
currentSize : 27 <-- 1.268597 s

maxsize : 27
nodes : 54977.000000
filtered : 1860658.000000
CCGP filtered : 812259.000000
CCGT filtered : 482275.000000
time : 1.362834
