Parameters: GAD=1 vflib=1 dir=0 label=0 lowerbound=1 fileNameGp=../graphsdb/mcs90/m3D/m3Dr4/mcs90_m3Dr4_s30.A01 fileNameGt=../graphsdb/mcs90/m3D/m3Dr4/mcs90_m3Dr4_s30.B01
Reading graphs...
30 :  71
30 :  72
Initializing...
maxdom : 30
D->valSize : 900
Solving...
currentSize : 15 <-- 0.010602 s
currentSize : 16 <-- 0.010710 s
currentSize : 17 <-- 0.010863 s
currentSize : 18 <-- 0.228136 s
currentSize : 20 <-- 3.243840 s
currentSize : 21 <-- 5.600385 s
currentSize : 22 <-- 5.673965 s
currentSize : 23 <-- 11.010998 s
currentSize : 24 <-- 11.017144 s
currentSize : 25 <-- 11.424000 s
currentSize : 27 <-- 11.424091 s

maxsize : 27
nodes : 744611.000000
filtered : 21989684.000000
CCGP filtered : 844671.000000
CCGT filtered : 387929.000000
time : 11.536826
