Parameters: GAD=1 vflib=1 dir=0 label=0 lowerbound=1 fileNameGp=../graphsdb/mcs90/bvg/b03m/mcs90_b03m_s30.A62 fileNameGt=../graphsdb/mcs90/bvg/b03m/mcs90_b03m_s30.B62
Reading graphs...
30 :  45
30 :  45
Initializing...
maxdom : 30
D->valSize : 900
Solving...
currentSize : 12 <-- 0.011134 s
currentSize : 16 <-- 0.011438 s
currentSize : 18 <-- 0.032007 s
currentSize : 19 <-- 0.036061 s
currentSize : 20 <-- 0.142408 s
currentSize : 21 <-- 0.243527 s
currentSize : 22 <-- 1.693995 s
currentSize : 23 <-- 2.120941 s
currentSize : 24 <-- 2.225895 s
currentSize : 25 <-- 2.290876 s
currentSize : 26 <-- 2.298590 s
currentSize : 27 <-- 2.298624 s

maxsize : 27
nodes : 113153.000000
filtered : 2746855.000000
CCGP filtered : 2461494.000000
CCGT filtered : 1074818.000000
time : 2.458712
