Parameters: GAD=1 vflib=1 dir=0 label=0 lowerbound=1 fileNameGp=../graphsdb/mcs90/bvg/b09m/mcs90_b09m_s35.A90 fileNameGt=../graphsdb/mcs90/bvg/b09m/mcs90_b09m_s35.B90
Reading graphs...
35 :  152
35 :  154
Initializing...
maxdom : 35
D->valSize : 1225
Solving...
currentSize : 11 <-- 0.023330 s
currentSize : 12 <-- 0.023735 s
currentSize : 13 <-- 0.024544 s
currentSize : 14 <-- 0.034631 s
currentSize : 15 <-- 0.578007 s
currentSize : 16 <-- 2.456294 s
currentSize : 17 <-- 10.172893 s
currentSize : 18 <-- 301.572845 s
currentSize : 21 <-- 363.836273 s
currentSize : 22 <-- 383.612366 s
currentSize : 23 <-- 396.561157 s
currentSize : 26 <-- 401.590881 s
currentSize : 30 <-- 401.591644 s

maxsize : 30
nodes : 33517570.000000
filtered : 667824436.000000
CCGP filtered : 11585676.000000
CCGT filtered : 5596700.000000
time : 402.139954
