Parameters: GAD=1 vflib=1 dir=0 label=0 lowerbound=1 fileNameGp=../graphsdb/mcs90/rand/r01/mcs90_r01_s35.A15 fileNameGt=../graphsdb/mcs90/rand/r01/mcs90_r01_s35.B15
Reading graphs...
35 :  112
35 :  112
Initializing...
maxdom : 35
D->valSize : 1225
Solving...
currentSize : 13 <-- 0.018986 s
currentSize : 14 <-- 0.019293 s
currentSize : 15 <-- 0.019493 s
currentSize : 16 <-- 0.019721 s
currentSize : 17 <-- 0.037582 s
currentSize : 18 <-- 0.044437 s
currentSize : 19 <-- 1.981639 s
currentSize : 20 <-- 38.530140 s
currentSize : 22 <-- 67.461739 s
currentSize : 24 <-- 79.020508 s
currentSize : 25 <-- 79.020561 s
currentSize : 26 <-- 83.734619 s
currentSize : 28 <-- 83.852562 s
currentSize : 31 <-- 83.852730 s

maxsize : 31
nodes : 5701076.000000
filtered : 169307592.000000
CCGP filtered : 7890039.000000
CCGT filtered : 8606626.000000
time : 84.124939
