Parameters: GAD=1 vflib=1 dir=0 label=0 lowerbound=1 fileNameGp=../graphsdb/mcs90/m3D/m3Dr4/mcs90_m3Dr4_s30.A89 fileNameGt=../graphsdb/mcs90/m3D/m3Dr4/mcs90_m3Dr4_s30.B89
Reading graphs...
30 :  71
30 :  70
Initializing...
maxdom : 30
D->valSize : 900
Solving...
currentSize : 9 <-- 0.014989 s
currentSize : 11 <-- 0.015122 s
currentSize : 12 <-- 0.015153 s
currentSize : 13 <-- 0.015459 s
currentSize : 14 <-- 0.015903 s
currentSize : 15 <-- 0.018525 s
currentSize : 16 <-- 0.020103 s
currentSize : 17 <-- 0.025558 s
currentSize : 18 <-- 0.072923 s
currentSize : 19 <-- 0.109724 s
currentSize : 20 <-- 1.070754 s
currentSize : 21 <-- 3.088040 s
currentSize : 22 <-- 4.184697 s
currentSize : 23 <-- 4.933524 s
currentSize : 27 <-- 5.092721 s

maxsize : 27
nodes : 402894.000000
filtered : 11053253.000000
CCGP filtered : 381899.000000
CCGT filtered : 143466.000000
time : 5.185487
