Parameters: GAD=1 vflib=1 dir=0 label=0 lowerbound=1 fileNameGp=../graphsdb/mcs90/m2D/m2Dr6/mcs90_m2Dr6_s30.A74 fileNameGt=../graphsdb/mcs90/m2D/m2Dr6/mcs90_m2Dr6_s30.B74
Reading graphs...
30 :  66
30 :  64
Initializing...
maxdom : 30
D->valSize : 900
Solving...
currentSize : 11 <-- 0.019000 s
currentSize : 13 <-- 0.019192 s
currentSize : 14 <-- 0.019274 s
currentSize : 15 <-- 0.019422 s
currentSize : 16 <-- 0.019662 s
currentSize : 17 <-- 0.019955 s
currentSize : 18 <-- 0.039106 s
currentSize : 19 <-- 0.531243 s
currentSize : 20 <-- 21.431343 s
currentSize : 21 <-- 23.775326 s
currentSize : 22 <-- 32.952572 s
currentSize : 25 <-- 32.952759 s

maxsize : 25
nodes : 2007335.000000
filtered : 54901226.000000
CCGP filtered : 4418175.000000
CCGT filtered : 3017236.000000
time : 33.750561
