Parameters: GAD=1 vflib=1 dir=0 label=0 lowerbound=1 fileNameGp=../graphsdb/mcs90/rand/r01/mcs90_r01_s25.A51 fileNameGt=../graphsdb/mcs90/rand/r01/mcs90_r01_s25.B51
Reading graphs...
25 :  57
25 :  56
Initializing...
maxdom : 25
D->valSize : 625
Solving...
currentSize : 13 <-- 0.005054 s
currentSize : 14 <-- 0.008230 s
currentSize : 15 <-- 0.033621 s
currentSize : 16 <-- 0.216949 s
currentSize : 17 <-- 3.561552 s
currentSize : 18 <-- 3.928826 s
currentSize : 19 <-- 4.550385 s
currentSize : 20 <-- 4.816071 s
currentSize : 22 <-- 4.829671 s

maxsize : 22
nodes : 388255.000000
filtered : 7995511.000000
CCGP filtered : 242759.000000
CCGT filtered : 277619.000000
time : 4.846024
