Parameters: GAD=1 vflib=1 dir=0 label=0 lowerbound=1 fileNameGp=../graphsdb/mcs90/bvg/b09m/mcs90_b09m_s35.A14 fileNameGt=../graphsdb/mcs90/bvg/b09m/mcs90_b09m_s35.B14
Reading graphs...
35 :  152
35 :  153
Initializing...
maxdom : 35
D->valSize : 1225
Solving...
currentSize : 12 <-- 0.017977 s
currentSize : 13 <-- 0.018046 s
currentSize : 14 <-- 0.019250 s
currentSize : 15 <-- 0.060404 s
currentSize : 16 <-- 0.258966 s
currentSize : 17 <-- 2.472090 s
currentSize : 18 <-- 12.056703 s
currentSize : 19 <-- 20.561440 s
currentSize : 20 <-- 31.025290 s
currentSize : 21 <-- 31.026821 s
currentSize : 22 <-- 47.785080 s
currentSize : 23 <-- 56.099361 s
currentSize : 26 <-- 65.591698 s
currentSize : 28 <-- 65.721870 s
currentSize : 30 <-- 65.722069 s

maxsize : 30
nodes : 4906641.000000
filtered : 154787233.000000
CCGP filtered : 1805280.000000
CCGT filtered : 2009248.000000
time : 65.947891
