Parameters: GAD=1 vflib=1 dir=0 label=0 lowerbound=1 fileNameGp=../graphsdb/mcs90/rand/r02/mcs90_r02_s30.A11 fileNameGt=../graphsdb/mcs90/rand/r02/mcs90_r02_s30.B11
Reading graphs...
30 :  154
30 :  155
Initializing...
maxdom : 30
D->valSize : 900
Solving...
currentSize : 9 <-- 0.016508 s
currentSize : 10 <-- 0.016801 s
currentSize : 11 <-- 0.017436 s
currentSize : 12 <-- 0.022015 s
currentSize : 13 <-- 0.067615 s
currentSize : 14 <-- 1.502550 s
currentSize : 15 <-- 1.506171 s
currentSize : 16 <-- 2.812330 s
currentSize : 18 <-- 2.812473 s
currentSize : 19 <-- 3.440900 s
currentSize : 20 <-- 8.350197 s
currentSize : 27 <-- 8.374922 s

maxsize : 27
nodes : 745535.000000
filtered : 18464244.000000
CCGP filtered : 14465.000000
CCGT filtered : 22501.000000
time : 8.408809
