Parameters: GAD=1 vflib=1 dir=0 label=0 lowerbound=1 fileNameGp=../graphsdb/mcs90/m2D/m2Dr6/mcs90_m2Dr6_s30.A40 fileNameGt=../graphsdb/mcs90/m2D/m2Dr6/mcs90_m2Dr6_s30.B40
Reading graphs...
30 :  64
30 :  66
Initializing...
maxdom : 30
D->valSize : 900
Solving...
currentSize : 13 <-- 0.019021 s
currentSize : 15 <-- 0.019063 s
currentSize : 16 <-- 0.021898 s
currentSize : 17 <-- 0.027504 s
currentSize : 18 <-- 0.493343 s
currentSize : 19 <-- 1.372701 s
currentSize : 20 <-- 5.971592 s
currentSize : 21 <-- 7.401384 s
currentSize : 25 <-- 7.486372 s

maxsize : 25
nodes : 515752.000000
filtered : 14312031.000000
CCGP filtered : 2018321.000000
CCGT filtered : 1032211.000000
time : 8.158888
