Parameters: GAD=1 vflib=1 dir=0 label=0 lowerbound=1 fileNameGp=../graphsdb/mcs90/bvg/b06m/mcs90_b06m_s35.A52 fileNameGt=../graphsdb/mcs90/bvg/b06m/mcs90_b06m_s35.B52
Reading graphs...
35 :  103
35 :  103
Initializing...
maxdom : 35
D->valSize : 1225
Solving...
currentSize : 14 <-- 0.019347 s
currentSize : 15 <-- 0.019441 s
currentSize : 16 <-- 0.019928 s
currentSize : 17 <-- 0.039302 s
currentSize : 18 <-- 0.043287 s
currentSize : 19 <-- 0.465681 s
currentSize : 20 <-- 6.408549 s
currentSize : 21 <-- 177.325867 s
currentSize : 22 <-- 178.365402 s
currentSize : 24 <-- 187.324463 s
currentSize : 26 <-- 194.962540 s
currentSize : 31 <-- 195.102997 s

maxsize : 31
nodes : 12136046.000000
filtered : 364782490.000000
CCGP filtered : 39663379.000000
CCGT filtered : 12841965.000000
time : 195.358841
