Parameters: GAD=1 vflib=1 dir=0 label=0 lowerbound=1 fileNameGp=../graphsdb/mcs90/bvg/b06m/mcs90_b06m_s30.A77 fileNameGt=../graphsdb/mcs90/bvg/b06m/mcs90_b06m_s30.B77
Reading graphs...
30 :  89
30 :  88
Initializing...
maxdom : 30
D->valSize : 900
Solving...
currentSize : 10 <-- 0.017677 s
currentSize : 12 <-- 0.017744 s
currentSize : 13 <-- 0.017805 s
currentSize : 14 <-- 0.019095 s
currentSize : 15 <-- 0.052132 s
currentSize : 16 <-- 0.065886 s
currentSize : 17 <-- 1.327952 s
currentSize : 18 <-- 1.538746 s
currentSize : 19 <-- 3.597247 s
currentSize : 20 <-- 5.513654 s
currentSize : 22 <-- 5.822376 s
currentSize : 27 <-- 5.869482 s

maxsize : 27
nodes : 522858.000000
filtered : 11666997.000000
CCGP filtered : 284682.000000
CCGT filtered : 238919.000000
time : 5.910290
