Parameters: GAD=1 vflib=1 dir=0 label=0 lowerbound=1 fileNameGp=../graphsdb/mcs90/rand/r02/mcs90_r02_s30.A10 fileNameGt=../graphsdb/mcs90/rand/r02/mcs90_r02_s30.B10
Reading graphs...
30 :  162
30 :  161
Initializing...
maxdom : 30
D->valSize : 900
Solving...
currentSize : 10 <-- 0.009296 s
currentSize : 11 <-- 0.009437 s
currentSize : 12 <-- 0.011784 s
currentSize : 13 <-- 0.111631 s
currentSize : 14 <-- 1.598710 s
currentSize : 15 <-- 26.628567 s
currentSize : 16 <-- 44.937752 s
currentSize : 17 <-- 55.271622 s
currentSize : 19 <-- 55.594944 s
currentSize : 27 <-- 55.595127 s

maxsize : 27
nodes : 5379706.000000
filtered : 75915358.000000
CCGP filtered : 79312.000000
CCGT filtered : 130467.000000
time : 55.623432
