Parameters: GAD=1 vflib=1 dir=0 label=0 lowerbound=1 fileNameGp=../graphsdb/mcs90/bvg/b03/mcs90_b03_s35.A53 fileNameGt=../graphsdb/mcs90/bvg/b03/mcs90_b03_s35.B53
Reading graphs...
35 :  52
35 :  52
Initializing...
maxdom : 35
D->valSize : 1225
Solving...
currentSize : 20 <-- 0.021117 s
currentSize : 21 <-- 0.021858 s
currentSize : 22 <-- 0.022323 s
currentSize : 23 <-- 0.023023 s
currentSize : 24 <-- 0.026007 s
currentSize : 25 <-- 0.027128 s
currentSize : 26 <-- 0.028181 s
currentSize : 27 <-- 0.030600 s
currentSize : 28 <-- 0.051428 s
currentSize : 29 <-- 0.114935 s
currentSize : 30 <-- 0.115050 s
currentSize : 31 <-- 0.115213 s

maxsize : 31
nodes : 25399.000000
filtered : 2179826.000000
CCGP filtered : 125820.000000
CCGT filtered : 42061.000000
time : 3.619111
