Parameters: GAD=1 vflib=1 dir=0 label=0 lowerbound=1 fileNameGp=../graphsdb/mcs90/bvg/b06m/mcs90_b06m_s30.A39 fileNameGt=../graphsdb/mcs90/bvg/b06m/mcs90_b06m_s30.B39
Reading graphs...
30 :  87
30 :  87
Initializing...
maxdom : 30
D->valSize : 900
Solving...
currentSize : 13 <-- 0.017759 s
currentSize : 14 <-- 0.018118 s
currentSize : 15 <-- 0.018390 s
currentSize : 16 <-- 0.029432 s
currentSize : 17 <-- 0.406411 s
currentSize : 18 <-- 0.765974 s
currentSize : 19 <-- 2.291801 s
currentSize : 20 <-- 4.063676 s
currentSize : 21 <-- 4.064310 s
currentSize : 23 <-- 4.481787 s
currentSize : 27 <-- 4.528743 s

maxsize : 27
nodes : 300065.000000
filtered : 8142286.000000
CCGP filtered : 459821.000000
CCGT filtered : 333455.000000
time : 4.641944
