Parameters: GAD=1 vflib=1 dir=0 label=0 lowerbound=1 fileNameGp=../graphsdb/mcs90/m2D/m2D/mcs90_m2D_s30.A38 fileNameGt=../graphsdb/mcs90/m2D/m2D/mcs90_m2D_s30.B38
Reading graphs...
30 :  49
30 :  49
Initializing...
maxdom : 30
D->valSize : 900
Solving...
currentSize : 13 <-- 0.019515 s
currentSize : 17 <-- 0.019594 s
currentSize : 18 <-- 0.019825 s
currentSize : 19 <-- 0.021621 s
currentSize : 20 <-- 0.023078 s
currentSize : 21 <-- 0.397797 s
currentSize : 22 <-- 0.398339 s
currentSize : 23 <-- 1.285991 s
currentSize : 25 <-- 1.725806 s
currentSize : 26 <-- 1.935225 s

maxsize : 26
nodes : 120089.000000
filtered : 3886823.000000
CCGP filtered : 606177.000000
CCGT filtered : 316465.000000
time : 2.830897
