Parameters: GAD=1 vflib=1 dir=0 label=0 lowerbound=1 fileNameGp=../graphsdb/mcs90/bvg/b09/mcs90_b09_s35.A68 fileNameGt=../graphsdb/mcs90/bvg/b09/mcs90_b09_s35.B68
Reading graphs...
35 :  156
35 :  157
Initializing...
maxdom : 35
D->valSize : 1225
Solving...
currentSize : 13 <-- 0.018648 s
currentSize : 14 <-- 0.018771 s
currentSize : 15 <-- 0.018937 s
currentSize : 16 <-- 0.046920 s
currentSize : 17 <-- 0.077356 s
currentSize : 18 <-- 0.093980 s
currentSize : 19 <-- 2.389162 s
currentSize : 20 <-- 8.258782 s
currentSize : 21 <-- 8.258905 s
currentSize : 22 <-- 8.259012 s
currentSize : 23 <-- 8.259440 s
currentSize : 26 <-- 8.262929 s
currentSize : 30 <-- 8.263761 s

maxsize : 30
nodes : 761139.000000
filtered : 18867808.000000
CCGP filtered : 48361.000000
CCGT filtered : 226940.000000
time : 9.495958
