Parameters: GAD=1 vflib=1 dir=0 label=0 lowerbound=1 fileNameGp=../graphsdb/mcs90/m2D/m2Dr4/mcs90_m2Dr4_s30.A26 fileNameGt=../graphsdb/mcs90/m2D/m2Dr4/mcs90_m2Dr4_s30.B26
Reading graphs...
30 :  60
30 :  61
Initializing...
maxdom : 30
D->valSize : 900
Solving...
currentSize : 13 <-- 0.011117 s
currentSize : 14 <-- 0.011174 s
currentSize : 16 <-- 0.011507 s
currentSize : 17 <-- 0.013466 s
currentSize : 18 <-- 0.038002 s
currentSize : 19 <-- 0.283418 s
currentSize : 20 <-- 11.672671 s
currentSize : 21 <-- 21.084200 s
currentSize : 25 <-- 21.226252 s

maxsize : 25
nodes : 1745119.000000
filtered : 41555420.000000
CCGP filtered : 4639455.000000
CCGT filtered : 3951828.000000
time : 21.910477
