Parameters: GAD=1 vflib=1 dir=0 label=0 lowerbound=1 fileNameGp=../graphsdb/mcs90/rand/r01/mcs90_r01_s30.A31 fileNameGt=../graphsdb/mcs90/rand/r01/mcs90_r01_s30.B31
Reading graphs...
30 :  82
30 :  82
Initializing...
maxdom : 30
D->valSize : 900
Solving...
currentSize : 14 <-- 0.018178 s
currentSize : 15 <-- 0.018304 s
currentSize : 16 <-- 0.020025 s
currentSize : 17 <-- 0.076972 s
currentSize : 18 <-- 2.934619 s
currentSize : 19 <-- 10.831052 s
currentSize : 20 <-- 10.942478 s
currentSize : 22 <-- 10.962558 s
currentSize : 27 <-- 11.016738 s

maxsize : 27
nodes : 939623.000000
filtered : 21070049.000000
CCGP filtered : 1185807.000000
CCGT filtered : 1733772.000000
time : 11.109153
