Parameters: GAD=1 vflib=1 dir=0 label=0 lowerbound=1 fileNameGp=../graphsdb/mcs90/bvg/b09/mcs90_b09_s35.A80 fileNameGt=../graphsdb/mcs90/bvg/b09/mcs90_b09_s35.B80
Reading graphs...
35 :  157
35 :  157
Initializing...
maxdom : 35
D->valSize : 1225
Solving...
currentSize : 14 <-- 0.031699 s
currentSize : 15 <-- 0.031969 s
currentSize : 18 <-- 0.032293 s
currentSize : 20 <-- 0.032835 s
currentSize : 21 <-- 0.034023 s
currentSize : 22 <-- 0.037587 s
currentSize : 23 <-- 0.039052 s
currentSize : 24 <-- 0.039529 s
currentSize : 26 <-- 0.154562 s
currentSize : 30 <-- 0.174858 s

maxsize : 30
nodes : 60419.000000
filtered : 4044766.000000
CCGP filtered : 264.000000
CCGT filtered : 3381.000000
time : 1.400720
