Parameters: GAD=1 vflib=1 dir=0 label=0 lowerbound=1 fileNameGp=../graphsdb/mcs90/m3D/m3Dr2/mcs90_m3Dr2_s30.A38 fileNameGt=../graphsdb/mcs90/m3D/m3Dr2/mcs90_m3Dr2_s30.B38
Reading graphs...
30 :  67
30 :  67
Initializing...
maxdom : 30
D->valSize : 900
Solving...
currentSize : 14 <-- 0.010685 s
currentSize : 17 <-- 0.010732 s
currentSize : 18 <-- 0.067742 s
currentSize : 19 <-- 0.147179 s
currentSize : 20 <-- 0.417121 s
currentSize : 21 <-- 1.887800 s
currentSize : 22 <-- 4.235724 s
currentSize : 23 <-- 4.243621 s
currentSize : 24 <-- 4.248102 s
currentSize : 27 <-- 5.138136 s

maxsize : 27
nodes : 376230.000000
filtered : 11209483.000000
CCGP filtered : 497145.000000
CCGT filtered : 212927.000000
time : 5.241266
