Parameters: GAD=1 vflib=1 dir=0 label=0 lowerbound=1 fileNameGp=../graphsdb/mcs90/bvg/b09m/mcs90_b09m_s35.A92 fileNameGt=../graphsdb/mcs90/bvg/b09m/mcs90_b09m_s35.B92
Reading graphs...
35 :  152
35 :  152
Initializing...
maxdom : 35
D->valSize : 1225
Solving...
currentSize : 13 <-- 0.023337 s
currentSize : 14 <-- 0.031980 s
currentSize : 15 <-- 0.037984 s
currentSize : 16 <-- 0.128225 s
currentSize : 17 <-- 0.128463 s
currentSize : 18 <-- 8.378074 s
currentSize : 21 <-- 74.048615 s
currentSize : 24 <-- 74.076279 s
currentSize : 30 <-- 74.185379 s

maxsize : 30
nodes : 6120287.000000
filtered : 154342463.000000
CCGP filtered : 2993179.000000
CCGT filtered : 2741772.000000
time : 74.660835
