Parameters: GAD=1 vflib=1 dir=0 label=0 lowerbound=1 fileNameGp=../graphsdb/mcs90/m2D/m2Dr6/mcs90_m2Dr6_s30.A79 fileNameGt=../graphsdb/mcs90/m2D/m2Dr6/mcs90_m2Dr6_s30.B79
Reading graphs...
30 :  65
30 :  64
Initializing...
maxdom : 30
D->valSize : 900
Solving...
currentSize : 13 <-- 0.019095 s
currentSize : 14 <-- 0.019242 s
currentSize : 16 <-- 0.019445 s
currentSize : 17 <-- 0.019838 s
currentSize : 18 <-- 0.250020 s
currentSize : 19 <-- 0.846335 s
currentSize : 20 <-- 15.739834 s
currentSize : 21 <-- 20.575207 s
currentSize : 22 <-- 22.061880 s
currentSize : 25 <-- 28.251043 s

maxsize : 25
nodes : 1733853.000000
filtered : 49240581.000000
CCGP filtered : 4381943.000000
CCGT filtered : 3136602.000000
time : 28.466940
