Parameters: GAD=1 vflib=1 dir=0 label=0 lowerbound=1 fileNameGp=../graphsdb/mcs90/rand/r005/mcs90_r005_s35.A10 fileNameGt=../graphsdb/mcs90/rand/r005/mcs90_r005_s35.B10
Reading graphs...
35 :  56
35 :  57
Initializing...
maxdom : 35
D->valSize : 1225
Solving...
currentSize : 15 <-- 0.037032 s
currentSize : 17 <-- 0.071498 s
currentSize : 18 <-- 0.163236 s
currentSize : 19 <-- 0.176663 s
currentSize : 20 <-- 0.226488 s
currentSize : 21 <-- 0.236424 s
currentSize : 22 <-- 0.489776 s
currentSize : 23 <-- 11.556248 s
currentSize : 24 <-- 56.820824 s
currentSize : 25 <-- 56.824123 s
currentSize : 26 <-- 66.433350 s
currentSize : 27 <-- 66.522087 s
currentSize : 28 <-- 68.399475 s
currentSize : 29 <-- 68.527496 s
currentSize : 30 <-- 68.814331 s
currentSize : 31 <-- 68.814720 s

maxsize : 31
nodes : 4188544.000000
filtered : 117618767.000000
CCGP filtered : 70081738.000000
CCGT filtered : 61873205.000000
time : 69.043129
