Parameters: GAD=1 vflib=1 dir=0 label=0 lowerbound=1 fileNameGp=../graphsdb/mcs90/bvg/b06m/mcs90_b06m_s25.A01 fileNameGt=../graphsdb/mcs90/bvg/b06m/mcs90_b06m_s25.B01
Reading graphs...
25 :  75
25 :  75
Initializing...
maxdom : 25
D->valSize : 625
Solving...
currentSize : 11 <-- 0.004815 s
currentSize : 12 <-- 0.004914 s
currentSize : 13 <-- 0.005163 s
currentSize : 14 <-- 0.261970 s
currentSize : 15 <-- 0.694536 s
currentSize : 17 <-- 2.573294 s
currentSize : 18 <-- 2.673704 s
currentSize : 19 <-- 3.111052 s
currentSize : 22 <-- 3.172598 s

maxsize : 22
nodes : 275138.000000
filtered : 5734876.000000
CCGP filtered : 190406.000000
CCGT filtered : 132330.000000
time : 3.186266
