Parameters: GAD=1 vflib=1 dir=0 label=0 lowerbound=1 fileNameGp=../graphsdb/mcs90/rand/r005/mcs90_r005_s25.A69 fileNameGt=../graphsdb/mcs90/rand/r005/mcs90_r005_s25.B69
Reading graphs...
25 :  29
25 :  29
Initializing...
maxdom : 25
D->valSize : 625
Solving...
currentSize : 13 <-- 0.005755 s
currentSize : 14 <-- 0.008229 s
currentSize : 15 <-- 0.008946 s
currentSize : 16 <-- 0.018453 s
currentSize : 17 <-- 0.018563 s
currentSize : 18 <-- 0.076636 s
currentSize : 19 <-- 0.076853 s
currentSize : 21 <-- 0.086628 s
currentSize : 22 <-- 0.086839 s

maxsize : 22
nodes : 7830.000000
filtered : 197989.000000
CCGP filtered : 81053.000000
CCGT filtered : 73460.000000
time : 0.131742
