Parameters: GAD=1 vflib=1 dir=0 label=0 lowerbound=1 fileNameGp=../graphsdb/mcs90/rand/r02/mcs90_r02_s25.A25 fileNameGt=../graphsdb/mcs90/rand/r02/mcs90_r02_s25.B25
Reading graphs...
25 :  107
25 :  105
Initializing...
maxdom : 25
D->valSize : 625
Solving...
currentSize : 9 <-- 0.007928 s
currentSize : 10 <-- 0.008121 s
currentSize : 11 <-- 0.010255 s
currentSize : 12 <-- 0.019124 s
currentSize : 13 <-- 0.217542 s
currentSize : 14 <-- 3.138710 s
currentSize : 15 <-- 3.171744 s
currentSize : 16 <-- 3.697942 s
currentSize : 18 <-- 3.718720 s
currentSize : 22 <-- 3.721561 s

maxsize : 22
nodes : 356592.000000
filtered : 4687763.000000
CCGP filtered : 10197.000000
CCGT filtered : 28809.000000
time : 3.748991
