Parameters: GAD=1 vflib=1 dir=0 label=0 lowerbound=1 fileNameGp=../graphsdb/mcs90/bvg/b06/mcs90_b06_s35.A28 fileNameGt=../graphsdb/mcs90/bvg/b06/mcs90_b06_s35.B28
Reading graphs...
35 :  105
35 :  105
Initializing...
maxdom : 35
D->valSize : 1225
Solving...
currentSize : 18 <-- 0.019369 s
currentSize : 19 <-- 0.019607 s
currentSize : 20 <-- 0.020506 s
currentSize : 21 <-- 0.021471 s
currentSize : 22 <-- 0.021793 s
currentSize : 23 <-- 0.022085 s
currentSize : 24 <-- 0.022661 s
currentSize : 27 <-- 0.024306 s
currentSize : 28 <-- 0.031791 s
currentSize : 29 <-- 0.032030 s
currentSize : 31 <-- 0.073782 s
currentSize : 32 <-- 0.126891 s

maxsize : 32
nodes : 7692.000000
filtered : 503593.000000
CCGP filtered : 731.000000
CCGT filtered : 3848.000000
time : 0.454722
