Parameters: GAD=1 vflib=1 dir=0 label=0 lowerbound=1 fileNameGp=../graphsdb/mcs90/m2D/m2Dr4/mcs90_m2Dr4_s30.A15 fileNameGt=../graphsdb/mcs90/m2D/m2Dr4/mcs90_m2Dr4_s30.B15
Reading graphs...
30 :  61
30 :  61
Initializing...
maxdom : 30
D->valSize : 900
Solving...
currentSize : 15 <-- 0.019195 s
currentSize : 16 <-- 0.019346 s
currentSize : 17 <-- 0.116973 s
currentSize : 19 <-- 0.523502 s
currentSize : 20 <-- 29.682756 s
currentSize : 21 <-- 42.404575 s
currentSize : 22 <-- 42.628811 s
currentSize : 23 <-- 42.629185 s
currentSize : 26 <-- 42.759033 s

maxsize : 26
nodes : 3418215.000000
filtered : 78603307.000000
CCGP filtered : 6507141.000000
CCGT filtered : 6259210.000000
time : 43.038326
