Parameters: GAD=1 vflib=1 dir=0 label=0 lowerbound=1 fileNameGp=../graphsdb/mcs90/m2D/m2Dr4/mcs90_m2Dr4_s30.A66 fileNameGt=../graphsdb/mcs90/m2D/m2Dr4/mcs90_m2Dr4_s30.B66
Reading graphs...
30 :  59
30 :  58
Initializing...
maxdom : 30
D->valSize : 900
Solving...
currentSize : 17 <-- 0.010701 s
currentSize : 18 <-- 0.010737 s
currentSize : 19 <-- 0.010779 s
currentSize : 20 <-- 0.011393 s
currentSize : 21 <-- 0.744778 s
currentSize : 22 <-- 1.729264 s
currentSize : 23 <-- 3.220320 s
currentSize : 24 <-- 3.358973 s
currentSize : 25 <-- 3.377727 s

maxsize : 25
nodes : 246957.000000
filtered : 8380112.000000
CCGP filtered : 897547.000000
CCGT filtered : 258925.000000
time : 4.172675
