Parameters: GAD=1 vflib=1 dir=0 label=0 lowerbound=1 fileNameGp=../graphsdb/mcs90/bvg/b03/mcs90_b03_s35.A46 fileNameGt=../graphsdb/mcs90/bvg/b03/mcs90_b03_s35.B46
Reading graphs...
35 :  52
35 :  52
Initializing...
maxdom : 35
D->valSize : 1225
Solving...
currentSize : 22 <-- 0.021777 s
currentSize : 23 <-- 0.021843 s
currentSize : 24 <-- 0.021970 s
currentSize : 25 <-- 0.022208 s
currentSize : 26 <-- 0.022830 s
currentSize : 28 <-- 0.044240 s
currentSize : 29 <-- 0.101535 s
currentSize : 30 <-- 0.504109 s
currentSize : 31 <-- 0.915886 s

maxsize : 31
nodes : 24014.000000
filtered : 1675529.000000
CCGP filtered : 191336.000000
CCGT filtered : 32011.000000
time : 3.381361
