Parameters: GAD=1 vflib=1 dir=0 label=0 lowerbound=1 fileNameGp=../graphsdb/mcs90/rand/r02/mcs90_r02_s35.A18 fileNameGt=../graphsdb/mcs90/rand/r02/mcs90_r02_s35.B18
Reading graphs...
35 :  217
35 :  221
Initializing...
maxdom : 35
D->valSize : 1225
Solving...
currentSize : 11 <-- 0.030161 s
currentSize : 12 <-- 0.030913 s
currentSize : 13 <-- 0.126364 s
currentSize : 14 <-- 0.751748 s
currentSize : 15 <-- 0.751839 s
currentSize : 16 <-- 300.824463 s
currentSize : 18 <-- 300.824707 s
currentSize : 21 <-- 300.890350 s
currentSize : 31 <-- 305.129059 s

maxsize : 31
nodes : 26030559.000000
filtered : 293910826.000000
CCGP filtered : 240151.000000
CCGT filtered : 760836.000000
time : 305.391785
