Parameters: GAD=1 vflib=1 dir=0 label=0 lowerbound=1 fileNameGp=../graphsdb/mcs90/bvg/b06m/mcs90_b06m_s20.A92 fileNameGt=../graphsdb/mcs90/bvg/b06m/mcs90_b06m_s20.B92
Reading graphs...
20 :  59
20 :  59
Initializing...
maxdom : 20
D->valSize : 400
Solving...
currentSize : 7 <-- 0.002288 s
currentSize : 9 <-- 0.002359 s
currentSize : 10 <-- 0.002497 s
currentSize : 11 <-- 0.002692 s
currentSize : 12 <-- 0.002749 s
currentSize : 13 <-- 0.020339 s
currentSize : 15 <-- 0.031509 s
currentSize : 16 <-- 0.031865 s
currentSize : 18 <-- 0.041573 s

maxsize : 18
nodes : 4909.000000
filtered : 98642.000000
CCGP filtered : 2406.000000
CCGT filtered : 1570.000000
time : 0.046889
