Parameters: GAD=1 vflib=1 dir=0 label=0 lowerbound=1 fileNameGp=../graphsdb/mcs90/m2D/m2Dr4/mcs90_m2Dr4_s30.A29 fileNameGt=../graphsdb/mcs90/m2D/m2Dr4/mcs90_m2Dr4_s30.B29
Reading graphs...
30 :  60
30 :  59
Initializing...
maxdom : 30
D->valSize : 900
Solving...
currentSize : 13 <-- 0.018921 s
currentSize : 15 <-- 0.019007 s
currentSize : 16 <-- 0.019113 s
currentSize : 17 <-- 0.019964 s
currentSize : 18 <-- 0.023356 s
currentSize : 19 <-- 0.076900 s
currentSize : 20 <-- 0.104821 s
currentSize : 21 <-- 1.419530 s
currentSize : 23 <-- 6.704348 s
currentSize : 24 <-- 6.704398 s
currentSize : 25 <-- 6.704511 s

maxsize : 25
nodes : 408848.000000
filtered : 13062204.000000
CCGP filtered : 2083005.000000
CCGT filtered : 686508.000000
time : 7.383677
