Parameters: GAD=1 vflib=1 dir=0 label=0 lowerbound=1 fileNameGp=../graphsdb/mcs90/bvg/b06/mcs90_b06_s35.A12 fileNameGt=../graphsdb/mcs90/bvg/b06/mcs90_b06_s35.B12
Reading graphs...
35 :  105
35 :  105
Initializing...
maxdom : 35
D->valSize : 1225
Solving...
currentSize : 21 <-- 0.024218 s
currentSize : 22 <-- 0.024456 s
currentSize : 23 <-- 0.024817 s
currentSize : 24 <-- 0.026708 s
currentSize : 25 <-- 0.030698 s
currentSize : 26 <-- 0.044200 s
currentSize : 27 <-- 0.044530 s
currentSize : 28 <-- 0.051127 s
currentSize : 29 <-- 0.051361 s
currentSize : 31 <-- 0.064280 s
currentSize : 32 <-- 0.157083 s

maxsize : 32
nodes : 6179.000000
filtered : 495353.000000
CCGP filtered : 4671.000000
CCGT filtered : 739.000000
time : 0.506380
