Parameters: GAD=1 vflib=1 dir=0 label=0 lowerbound=1 fileNameGp=../graphsdb/mcs90/m2D/m2Dr6/mcs90_m2Dr6_s30.A46 fileNameGt=../graphsdb/mcs90/m2D/m2Dr6/mcs90_m2Dr6_s30.B46
Reading graphs...
30 :  66
30 :  65
Initializing...
maxdom : 30
D->valSize : 900
Solving...
currentSize : 14 <-- 0.018828 s
currentSize : 15 <-- 0.018918 s
currentSize : 16 <-- 0.019455 s
currentSize : 17 <-- 0.019791 s
currentSize : 18 <-- 0.020872 s
currentSize : 19 <-- 0.046469 s
currentSize : 21 <-- 0.151517 s
currentSize : 23 <-- 0.508050 s
currentSize : 25 <-- 0.508171 s

maxsize : 25
nodes : 45276.000000
filtered : 2227047.000000
CCGP filtered : 128091.000000
CCGT filtered : 36051.000000
time : 1.175976
