Parameters: GAD=1 vflib=1 dir=0 label=0 lowerbound=1 fileNameGp=../graphsdb/mcs90/m2D/m2Dr2/mcs90_m2Dr2_s30.A87 fileNameGt=../graphsdb/mcs90/m2D/m2Dr2/mcs90_m2Dr2_s30.B87
Reading graphs...
30 :  55
30 :  55
Initializing...
maxdom : 30
D->valSize : 900
Solving...
currentSize : 15 <-- 0.019263 s
currentSize : 16 <-- 0.019505 s
currentSize : 17 <-- 0.030985 s
currentSize : 18 <-- 0.032948 s
currentSize : 19 <-- 0.388504 s
currentSize : 20 <-- 3.297097 s
currentSize : 21 <-- 9.763365 s
currentSize : 23 <-- 21.974749 s
currentSize : 24 <-- 21.977360 s
currentSize : 25 <-- 21.977457 s

maxsize : 25
nodes : 1483113.000000
filtered : 39289358.000000
CCGP filtered : 4682770.000000
CCGT filtered : 3160069.000000
time : 23.217501
