Parameters: GAD=1 vflib=1 dir=0 label=0 lowerbound=1 fileNameGp=../graphsdb/mcs90/bvg/b06m/mcs90_b06m_s35.A54 fileNameGt=../graphsdb/mcs90/bvg/b06m/mcs90_b06m_s35.B54
Reading graphs...
35 :  103
35 :  103
Initializing...
maxdom : 35
D->valSize : 1225
Solving...
currentSize : 18 <-- 0.019266 s
currentSize : 19 <-- 0.019457 s
currentSize : 20 <-- 0.069007 s
currentSize : 21 <-- 5.177966 s
currentSize : 22 <-- 11.269011 s
currentSize : 23 <-- 11.348380 s
currentSize : 25 <-- 11.754618 s
currentSize : 26 <-- 11.990844 s
currentSize : 31 <-- 13.659014 s

maxsize : 31
nodes : 779378.000000
filtered : 25812768.000000
CCGP filtered : 1756970.000000
CCGT filtered : 1136062.000000
time : 13.926307
