Parameters: GAD=1 vflib=1 dir=0 label=0 lowerbound=1 fileNameGp=../graphsdb/mcs90/bvg/b03m/mcs90_b03m_s20.A07 fileNameGt=../graphsdb/mcs90/bvg/b03m/mcs90_b03m_s20.B07
Reading graphs...
20 :  30
20 :  30
Initializing...
maxdom : 20
D->valSize : 400
Solving...
currentSize : 10 <-- 0.002342 s
currentSize : 11 <-- 0.002391 s
currentSize : 12 <-- 0.002475 s
currentSize : 13 <-- 0.002669 s
currentSize : 14 <-- 0.002781 s
currentSize : 15 <-- 0.004463 s
currentSize : 16 <-- 0.027741 s
currentSize : 17 <-- 0.068466 s
currentSize : 18 <-- 0.068704 s

maxsize : 18
nodes : 4904.000000
filtered : 119677.000000
CCGP filtered : 18727.000000
CCGT filtered : 7487.000000
time : 0.076122
