Parameters: GAD=1 vflib=1 dir=0 label=0 lowerbound=1 fileNameGp=../graphsdb/mcs90/rand/r01/mcs90_r01_s30.A85 fileNameGt=../graphsdb/mcs90/rand/r01/mcs90_r01_s30.B85
Reading graphs...
30 :  84
30 :  84
Initializing...
maxdom : 30
D->valSize : 900
Solving...
currentSize : 12 <-- 0.010218 s
currentSize : 14 <-- 0.010295 s
currentSize : 15 <-- 0.016433 s
currentSize : 16 <-- 0.028098 s
currentSize : 17 <-- 0.400017 s
currentSize : 18 <-- 2.414884 s
currentSize : 19 <-- 19.744623 s
currentSize : 20 <-- 19.860792 s
currentSize : 27 <-- 19.942884 s

maxsize : 27
nodes : 1663945.000000
filtered : 39057790.000000
CCGP filtered : 1584888.000000
CCGT filtered : 1343416.000000
time : 20.021139
