Parameters: GAD=1 vflib=1 dir=0 label=0 lowerbound=1 fileNameGp=../graphsdb/mcs90/m3D/m3Dr4/mcs90_m3Dr4_s30.A22 fileNameGt=../graphsdb/mcs90/m3D/m3Dr4/mcs90_m3Dr4_s30.B22
Reading graphs...
30 :  70
30 :  70
Initializing...
maxdom : 30
D->valSize : 900
Solving...
currentSize : 15 <-- 0.011131 s
currentSize : 16 <-- 0.011263 s
currentSize : 17 <-- 0.014098 s
currentSize : 18 <-- 0.080836 s
currentSize : 19 <-- 0.088030 s
currentSize : 20 <-- 0.168414 s
currentSize : 21 <-- 0.192777 s
currentSize : 22 <-- 0.393231 s
currentSize : 23 <-- 0.863642 s
currentSize : 27 <-- 2.557056 s

maxsize : 27
nodes : 127847.000000
filtered : 4621401.000000
CCGP filtered : 80156.000000
CCGT filtered : 36769.000000
time : 2.609372
