Parameters: GAD=1 vflib=1 dir=0 label=0 lowerbound=1 fileNameGp=../graphsdb/mcs90/bvg/b03m/mcs90_b03m_s25.A90 fileNameGt=../graphsdb/mcs90/bvg/b03m/mcs90_b03m_s25.B90
Reading graphs...
25 :  37
25 :  37
Initializing...
maxdom : 25
D->valSize : 625
Solving...
currentSize : 9 <-- 0.005347 s
currentSize : 12 <-- 0.005414 s
currentSize : 13 <-- 0.005739 s
currentSize : 14 <-- 0.006042 s
currentSize : 15 <-- 0.006162 s
currentSize : 16 <-- 0.010840 s
currentSize : 17 <-- 0.027698 s
currentSize : 18 <-- 0.045559 s
currentSize : 19 <-- 0.122244 s
currentSize : 20 <-- 0.125847 s
currentSize : 21 <-- 0.127575 s
currentSize : 22 <-- 0.127854 s
currentSize : 23 <-- 0.128006 s

maxsize : 23
nodes : 10803.000000
filtered : 232629.000000
CCGP filtered : 155379.000000
CCGT filtered : 39144.000000
time : 0.139046
