Parameters: GAD=1 vflib=1 dir=0 label=0 lowerbound=1 fileNameGp=../graphsdb/mcs90/bvg/b09m/mcs90_b09m_s35.A81 fileNameGt=../graphsdb/mcs90/bvg/b09m/mcs90_b09m_s35.B81
Reading graphs...
35 :  153
35 :  155
Initializing...
maxdom : 35
D->valSize : 1225
Solving...
currentSize : 13 <-- 0.031905 s
currentSize : 14 <-- 0.032301 s
currentSize : 15 <-- 0.049153 s
currentSize : 16 <-- 0.362527 s
currentSize : 17 <-- 8.576158 s
currentSize : 20 <-- 57.622131 s
currentSize : 22 <-- 61.147526 s
currentSize : 26 <-- 76.687660 s
currentSize : 30 <-- 76.687881 s

maxsize : 30
nodes : 6089383.000000
filtered : 140212570.000000
CCGP filtered : 2223264.000000
CCGT filtered : 2205013.000000
time : 77.300011
