Parameters: GAD=1 vflib=1 dir=0 label=0 lowerbound=1 fileNameGp=../graphsdb/mcs90/bvg/b06m/mcs90_b06m_s25.A81 fileNameGt=../graphsdb/mcs90/bvg/b06m/mcs90_b06m_s25.B81
Reading graphs...
25 :  73
25 :  73
Initializing...
maxdom : 25
D->valSize : 625
Solving...
currentSize : 11 <-- 0.008483 s
currentSize : 12 <-- 0.008600 s
currentSize : 13 <-- 0.009992 s
currentSize : 14 <-- 0.016581 s
currentSize : 15 <-- 0.117055 s
currentSize : 16 <-- 0.119627 s
currentSize : 17 <-- 1.400912 s
currentSize : 18 <-- 1.416103 s
currentSize : 22 <-- 1.497780 s

maxsize : 22
nodes : 107240.000000
filtered : 2859338.000000
CCGP filtered : 230292.000000
CCGT filtered : 108056.000000
time : 1.556438
