Parameters: GAD=1 vflib=1 dir=0 label=0 lowerbound=1 fileNameGp=../graphsdb/mcs90/bvg/b06m/mcs90_b06m_s30.A44 fileNameGt=../graphsdb/mcs90/bvg/b06m/mcs90_b06m_s30.B44
Reading graphs...
30 :  88
30 :  89
Initializing...
maxdom : 30
D->valSize : 900
Solving...
currentSize : 11 <-- 0.010118 s
currentSize : 14 <-- 0.010193 s
currentSize : 15 <-- 0.010389 s
currentSize : 16 <-- 0.014582 s
currentSize : 17 <-- 0.016700 s
currentSize : 18 <-- 0.661105 s
currentSize : 19 <-- 0.919092 s
currentSize : 21 <-- 0.920151 s
currentSize : 23 <-- 2.552102 s
currentSize : 24 <-- 2.934360 s
currentSize : 27 <-- 2.935121 s

maxsize : 27
nodes : 164580.000000
filtered : 5967878.000000
CCGP filtered : 327029.000000
CCGT filtered : 69564.000000
time : 3.009267
