Parameters: GAD=1 vflib=1 dir=0 label=0 lowerbound=1 fileNameGp=../graphsdb/mcs90/bvg/b06/mcs90_b06_s30.A37 fileNameGt=../graphsdb/mcs90/bvg/b06/mcs90_b06_s30.B37
Reading graphs...
30 :  90
30 :  90
Initializing...
maxdom : 30
D->valSize : 900
Solving...
currentSize : 13 <-- 0.018010 s
currentSize : 14 <-- 0.018089 s
currentSize : 17 <-- 0.018141 s
currentSize : 18 <-- 0.019678 s
currentSize : 19 <-- 0.033540 s
currentSize : 20 <-- 0.043186 s
currentSize : 21 <-- 0.043564 s
currentSize : 22 <-- 0.050371 s
currentSize : 23 <-- 0.050624 s
currentSize : 24 <-- 0.060527 s
currentSize : 25 <-- 0.060698 s
currentSize : 27 <-- 0.061686 s

maxsize : 27
nodes : 7164.000000
filtered : 329151.000000
CCGP filtered : 2145.000000
CCGT filtered : 70.000000
time : 0.290540
