Parameters: GAD=1 vflib=1 dir=0 label=0 lowerbound=1 fileNameGp=../graphsdb/mcs90/rand/r005/mcs90_r005_s25.A94 fileNameGt=../graphsdb/mcs90/rand/r005/mcs90_r005_s25.B94
Reading graphs...
25 :  29
25 :  29
Initializing...
maxdom : 25
D->valSize : 625
Solving...
currentSize : 13 <-- 0.005513 s
currentSize : 15 <-- 0.005557 s
currentSize : 16 <-- 0.005618 s
currentSize : 17 <-- 0.015594 s
currentSize : 18 <-- 0.021072 s
currentSize : 19 <-- 0.102158 s
currentSize : 20 <-- 0.102554 s
currentSize : 21 <-- 0.102706 s
currentSize : 22 <-- 0.102941 s

maxsize : 22
nodes : 7831.000000
filtered : 145118.000000
CCGP filtered : 108125.000000
CCGT filtered : 57320.000000
time : 0.118850
