Parameters: GAD=1 vflib=1 dir=0 label=0 lowerbound=1 fileNameGp=../graphsdb/mcs90/m4D/m4D/mcs90_m4D_s20.A58 fileNameGt=../graphsdb/mcs90/m4D/m4D/mcs90_m4D_s20.B58
Reading graphs...
20 :  37
20 :  37
Initializing...
maxdom : 20
D->valSize : 400
Solving...
currentSize : 4 <-- 0.002199 s
currentSize : 5 <-- 0.002229 s
currentSize : 6 <-- 0.002289 s
currentSize : 7 <-- 0.002349 s
currentSize : 8 <-- 0.002618 s
currentSize : 10 <-- 0.005404 s
currentSize : 11 <-- 0.006570 s
currentSize : 13 <-- 0.008866 s
currentSize : 15 <-- 0.008920 s
currentSize : 16 <-- 0.009208 s
currentSize : 17 <-- 0.010087 s

maxsize : 17
nodes : 1656.000000
filtered : 42436.000000
CCGP filtered : 20295.000000
CCGT filtered : 12584.000000
time : 0.019857
