Parameters: GAD=1 vflib=1 dir=0 label=0 lowerbound=1 fileNameGp=../graphsdb/mcs90/bvg/b09/mcs90_b09_s25.A02 fileNameGt=../graphsdb/mcs90/bvg/b09/mcs90_b09_s25.B02
Reading graphs...
25 :  111
25 :  112
Initializing...
maxdom : 25
D->valSize : 625
Solving...
currentSize : 10 <-- 0.004533 s
currentSize : 11 <-- 0.004606 s
currentSize : 12 <-- 0.005431 s
currentSize : 13 <-- 0.007902 s
currentSize : 14 <-- 0.008539 s
currentSize : 15 <-- 0.014827 s
currentSize : 17 <-- 0.023226 s
currentSize : 19 <-- 0.067398 s
currentSize : 22 <-- 0.162022 s

maxsize : 22
nodes : 16194.000000
filtered : 617092.000000
CCGP filtered : 909.000000
CCGT filtered : 318.000000
time : 0.201567
