Parameters: GAD=1 vflib=1 dir=0 label=0 lowerbound=1 fileNameGp=../graphsdb/mcs90/bvg/b06m/mcs90_b06m_s25.A69 fileNameGt=../graphsdb/mcs90/bvg/b06m/mcs90_b06m_s25.B69
Reading graphs...
25 :  73
25 :  73
Initializing...
maxdom : 25
D->valSize : 625
Solving...
currentSize : 11 <-- 0.004756 s
currentSize : 12 <-- 0.004824 s
currentSize : 13 <-- 0.006729 s
currentSize : 14 <-- 0.010602 s
currentSize : 15 <-- 0.070342 s
currentSize : 16 <-- 1.317256 s
currentSize : 17 <-- 1.323927 s
currentSize : 18 <-- 1.347496 s
currentSize : 19 <-- 1.443066 s
currentSize : 22 <-- 1.450676 s

maxsize : 22
nodes : 150772.000000
filtered : 3505082.000000
CCGP filtered : 150853.000000
CCGT filtered : 119351.000000
time : 1.481329
