Parameters: GAD=1 vflib=1 dir=0 label=0 lowerbound=1 fileNameGp=../graphsdb/mcs90/m2D/m2Dr4/mcs90_m2Dr4_s30.A45 fileNameGt=../graphsdb/mcs90/m2D/m2Dr4/mcs90_m2Dr4_s30.B45
Reading graphs...
30 :  60
30 :  60
Initializing...
maxdom : 30
D->valSize : 900
Solving...
currentSize : 8 <-- 0.011180 s
currentSize : 10 <-- 0.011248 s
currentSize : 13 <-- 0.011279 s
currentSize : 14 <-- 0.011919 s
currentSize : 15 <-- 0.013129 s
currentSize : 16 <-- 0.016752 s
currentSize : 17 <-- 0.017193 s
currentSize : 18 <-- 0.146497 s
currentSize : 19 <-- 0.793457 s
currentSize : 20 <-- 5.428301 s
currentSize : 21 <-- 43.099625 s
currentSize : 22 <-- 67.467590 s
currentSize : 23 <-- 69.544479 s
currentSize : 24 <-- 70.031029 s
currentSize : 25 <-- 70.037178 s

maxsize : 25
nodes : 4681898.000000
filtered : 132852109.000000
CCGP filtered : 18186324.000000
CCGT filtered : 14979848.000000
time : 70.479851
