Parameters: GAD=1 vflib=1 dir=0 label=0 lowerbound=1 fileNameGp=../graphsdb/mcs90/bvg/b03/mcs90_b03_s35.A98 fileNameGt=../graphsdb/mcs90/bvg/b03/mcs90_b03_s35.B98
Reading graphs...
35 :  51
35 :  52
Initializing...
maxdom : 35
D->valSize : 1225
Solving...
currentSize : 13 <-- 0.020860 s
currentSize : 23 <-- 0.020969 s
currentSize : 24 <-- 0.021005 s
currentSize : 25 <-- 0.021245 s
currentSize : 26 <-- 0.032432 s
currentSize : 27 <-- 0.047462 s
currentSize : 28 <-- 0.095661 s
currentSize : 30 <-- 0.100250 s
currentSize : 31 <-- 0.100570 s
currentSize : 32 <-- 1.087518 s

maxsize : 32
nodes : 13842.000000
filtered : 965975.000000
CCGP filtered : 94440.000000
CCGT filtered : 39031.000000
time : 1.482852
