Parameters: GAD=1 vflib=1 dir=0 label=0 lowerbound=1 fileNameGp=../graphsdb/mcs90/m3D/m3Dr4/mcs90_m3Dr4_s30.A04 fileNameGt=../graphsdb/mcs90/m3D/m3Dr4/mcs90_m3Dr4_s30.B04
Reading graphs...
30 :  73
30 :  73
Initializing...
maxdom : 30
D->valSize : 900
Solving...
currentSize : 9 <-- 0.010399 s
currentSize : 10 <-- 0.010443 s
currentSize : 11 <-- 0.010508 s
currentSize : 13 <-- 0.010746 s
currentSize : 14 <-- 0.010874 s
currentSize : 15 <-- 0.010943 s
currentSize : 16 <-- 0.012970 s
currentSize : 17 <-- 0.014409 s
currentSize : 18 <-- 0.434209 s
currentSize : 19 <-- 1.439928 s
currentSize : 20 <-- 5.621560 s
currentSize : 21 <-- 12.481733 s
currentSize : 22 <-- 12.510956 s
currentSize : 23 <-- 12.512274 s
currentSize : 25 <-- 12.661645 s
currentSize : 27 <-- 12.918292 s

maxsize : 27
nodes : 1001697.000000
filtered : 26377116.000000
CCGP filtered : 888413.000000
CCGT filtered : 412624.000000
time : 12.939226
