Parameters: GAD=1 vflib=1 dir=0 label=0 lowerbound=1 fileNameGp=../graphsdb/mcs90/rand/r02/mcs90_r02_s35.A49 fileNameGt=../graphsdb/mcs90/rand/r02/mcs90_r02_s35.B49
Reading graphs...
35 :  211
35 :  207
Initializing...
maxdom : 35
D->valSize : 1225
Solving...
currentSize : 9 <-- 0.022131 s
currentSize : 10 <-- 0.022255 s
currentSize : 11 <-- 0.022537 s
currentSize : 12 <-- 0.024005 s
currentSize : 13 <-- 0.029121 s
currentSize : 14 <-- 0.076625 s
currentSize : 15 <-- 23.461281 s
currentSize : 17 <-- 23.462349 s
currentSize : 20 <-- 23.573164 s
currentSize : 21 <-- 36.144936 s
currentSize : 22 <-- 42.564465 s
currentSize : 31 <-- 46.448967 s

maxsize : 31
nodes : 3836620.000000
filtered : 70781742.000000
CCGP filtered : 42190.000000
CCGT filtered : 154622.000000
time : 46.610352
