Parameters: GAD=1 vflib=1 dir=0 label=0 lowerbound=1 fileNameGp=../graphsdb/mcs90/rand/r005/mcs90_r005_s35.A01 fileNameGt=../graphsdb/mcs90/rand/r005/mcs90_r005_s35.B01
Reading graphs...
35 :  57
35 :  57
Initializing...
maxdom : 35
D->valSize : 1225
Solving...
currentSize : 15 <-- 0.036164 s
currentSize : 17 <-- 0.036334 s
currentSize : 18 <-- 0.041909 s
currentSize : 19 <-- 0.052423 s
currentSize : 20 <-- 0.093012 s
currentSize : 21 <-- 8.463750 s
currentSize : 22 <-- 45.140995 s
currentSize : 23 <-- 46.470528 s
currentSize : 24 <-- 46.680866 s
currentSize : 25 <-- 47.359936 s
currentSize : 26 <-- 51.601871 s
currentSize : 27 <-- 51.602207 s
currentSize : 28 <-- 51.602875 s
currentSize : 29 <-- 51.602982 s
currentSize : 30 <-- 51.616440 s
currentSize : 31 <-- 52.398296 s

maxsize : 31
nodes : 3515989.000000
filtered : 89293093.000000
CCGP filtered : 60315620.000000
CCGT filtered : 60727730.000000
time : 52.656296
