Parameters: GAD=1 vflib=1 dir=0 label=0 lowerbound=1 fileNameGp=../graphsdb/mcs90/bvg/b03m/mcs90_b03m_s35.A44 fileNameGt=../graphsdb/mcs90/bvg/b03m/mcs90_b03m_s35.B44
Reading graphs...
35 :  52
35 :  52
Initializing...
maxdom : 35
D->valSize : 1225
Solving...
currentSize : 12 <-- 0.021531 s
currentSize : 15 <-- 0.021651 s
currentSize : 18 <-- 0.021742 s
currentSize : 21 <-- 0.021998 s
currentSize : 22 <-- 0.022862 s
currentSize : 23 <-- 0.023356 s
currentSize : 24 <-- 0.048704 s
currentSize : 25 <-- 0.052809 s
currentSize : 26 <-- 6.812907 s
currentSize : 27 <-- 10.017446 s
currentSize : 28 <-- 10.576824 s
currentSize : 29 <-- 11.247425 s
currentSize : 30 <-- 11.689737 s
currentSize : 31 <-- 12.982406 s

maxsize : 31
nodes : 440548.000000
filtered : 14692568.000000
CCGP filtered : 9792816.000000
CCGT filtered : 3780917.000000
time : 13.033420
