Parameters: GAD=1 vflib=1 dir=0 label=0 lowerbound=1 fileNameGp=../graphsdb/mcs90/bvg/b03/mcs90_b03_s35.A43 fileNameGt=../graphsdb/mcs90/bvg/b03/mcs90_b03_s35.B43
Reading graphs...
35 :  52
35 :  52
Initializing...
maxdom : 35
D->valSize : 1225
Solving...
currentSize : 24 <-- 0.021043 s
currentSize : 25 <-- 0.021216 s
currentSize : 26 <-- 0.025439 s
currentSize : 27 <-- 0.025730 s
currentSize : 28 <-- 0.066694 s
currentSize : 29 <-- 0.131278 s
currentSize : 30 <-- 0.197370 s
currentSize : 31 <-- 0.246046 s
currentSize : 32 <-- 0.637276 s
currentSize : 33 <-- 0.919775 s

maxsize : 33
nodes : 11642.000000
filtered : 881903.000000
CCGP filtered : 75219.000000
CCGT filtered : 36545.000000
time : 0.955108
