Parameters: GAD=1 vflib=1 dir=0 label=0 lowerbound=1 fileNameGp=../graphsdb/mcs90/bvg/b06m/mcs90_b06m_s35.A39 fileNameGt=../graphsdb/mcs90/bvg/b06m/mcs90_b06m_s35.B39
Reading graphs...
35 :  105
35 :  105
Initializing...
maxdom : 35
D->valSize : 1225
Solving...
currentSize : 15 <-- 0.034168 s
currentSize : 17 <-- 0.034359 s
currentSize : 18 <-- 0.035143 s
currentSize : 19 <-- 0.227281 s
currentSize : 20 <-- 0.891106 s
currentSize : 21 <-- 20.237827 s
currentSize : 22 <-- 55.658737 s
currentSize : 24 <-- 57.150681 s
currentSize : 26 <-- 58.710106 s
currentSize : 27 <-- 61.170681 s
currentSize : 28 <-- 61.180016 s
currentSize : 31 <-- 62.275204 s

maxsize : 31
nodes : 4118253.000000
filtered : 121160537.000000
CCGP filtered : 12332577.000000
CCGT filtered : 8559751.000000
time : 62.466366
