Parameters: GAD=1 vflib=1 dir=0 label=0 lowerbound=1 fileNameGp=../graphsdb/mcs90/bvg/b09m/mcs90_b09m_s35.A19 fileNameGt=../graphsdb/mcs90/bvg/b09m/mcs90_b09m_s35.B19
Reading graphs...
35 :  150
35 :  149
Initializing...
maxdom : 35
D->valSize : 1225
Solving...
currentSize : 11 <-- 0.018791 s
currentSize : 12 <-- 0.018865 s
currentSize : 13 <-- 0.018967 s
currentSize : 14 <-- 0.019758 s
currentSize : 16 <-- 0.183360 s
currentSize : 17 <-- 1.219127 s
currentSize : 18 <-- 3.442346 s
currentSize : 20 <-- 3.444793 s
currentSize : 21 <-- 14.245580 s
currentSize : 22 <-- 46.776211 s
currentSize : 27 <-- 49.537846 s
currentSize : 30 <-- 49.539307 s

maxsize : 30
nodes : 3614180.000000
filtered : 123493091.000000
CCGP filtered : 614221.000000
CCGT filtered : 1531525.000000
time : 49.988747
