Parameters: GAD=1 vflib=1 dir=0 label=0 lowerbound=1 fileNameGp=../graphsdb/mcs90/rand/r02/mcs90_r02_s35.A39 fileNameGt=../graphsdb/mcs90/rand/r02/mcs90_r02_s35.B39
Reading graphs...
35 :  215
35 :  213
Initializing...
maxdom : 35
D->valSize : 1225
Solving...
currentSize : 11 <-- 0.029744 s
currentSize : 12 <-- 0.030037 s
currentSize : 13 <-- 0.034258 s
currentSize : 14 <-- 0.446941 s
currentSize : 15 <-- 11.492079 s
currentSize : 17 <-- 31.848274 s
currentSize : 19 <-- 40.543728 s
currentSize : 20 <-- 40.579979 s
currentSize : 21 <-- 45.976452 s
currentSize : 23 <-- 53.472626 s
currentSize : 31 <-- 55.966999 s

maxsize : 31
nodes : 4638250.000000
filtered : 83520120.000000
CCGP filtered : 120133.000000
CCGT filtered : 412614.000000
time : 56.085831
