Parameters: GAD=1 vflib=1 dir=0 label=0 lowerbound=1 fileNameGp=../graphsdb/mcs90/m2D/m2Dr6/mcs90_m2Dr6_s30.A06 fileNameGt=../graphsdb/mcs90/m2D/m2Dr6/mcs90_m2Dr6_s30.B06
Reading graphs...
30 :  65
30 :  64
Initializing...
maxdom : 30
D->valSize : 900
Solving...
currentSize : 14 <-- 0.018634 s
currentSize : 15 <-- 0.018977 s
currentSize : 16 <-- 0.019895 s
currentSize : 17 <-- 0.024863 s
currentSize : 18 <-- 0.036670 s
currentSize : 19 <-- 0.945669 s
currentSize : 20 <-- 13.586127 s
currentSize : 21 <-- 14.325351 s
currentSize : 23 <-- 14.769660 s
currentSize : 25 <-- 16.391714 s

maxsize : 25
nodes : 1224132.000000
filtered : 31432472.000000
CCGP filtered : 5454084.000000
CCGT filtered : 2561334.000000
time : 16.752092
