Parameters: GAD=1 vflib=1 dir=0 label=0 lowerbound=1 fileNameGp=../graphsdb/mcs90/m2D/m2Dr2/mcs90_m2Dr2_s30.A19 fileNameGt=../graphsdb/mcs90/m2D/m2Dr2/mcs90_m2Dr2_s30.B19
Reading graphs...
30 :  54
30 :  54
Initializing...
maxdom : 30
D->valSize : 900
Solving...
currentSize : 16 <-- 0.019085 s
currentSize : 18 <-- 0.019333 s
currentSize : 19 <-- 0.021750 s
currentSize : 20 <-- 0.022698 s
currentSize : 21 <-- 0.029011 s
currentSize : 22 <-- 0.206853 s
currentSize : 23 <-- 3.416237 s
currentSize : 24 <-- 3.922932 s
currentSize : 25 <-- 3.923097 s

maxsize : 25
nodes : 231075.000000
filtered : 8187072.000000
CCGP filtered : 1678363.000000
CCGT filtered : 659209.000000
time : 4.579932
