Parameters: GAD=1 vflib=1 dir=0 label=0 lowerbound=1 fileNameGp=../graphsdb/mcs90/bvg/b09m/mcs90_b09m_s35.A02 fileNameGt=../graphsdb/mcs90/bvg/b09m/mcs90_b09m_s35.B02
Reading graphs...
35 :  149
35 :  151
Initializing...
maxdom : 35
D->valSize : 1225
Solving...
currentSize : 12 <-- 0.032368 s
currentSize : 13 <-- 0.032697 s
currentSize : 14 <-- 0.033206 s
currentSize : 15 <-- 0.034556 s
currentSize : 16 <-- 0.070041 s
currentSize : 17 <-- 42.860447 s
currentSize : 18 <-- 249.612915 s
currentSize : 20 <-- 290.123413 s
currentSize : 22 <-- 320.114929 s
currentSize : 23 <-- 378.522858 s
currentSize : 30 <-- 378.539612 s

maxsize : 30
nodes : 29778965.000000
filtered : 684829263.000000
CCGP filtered : 12249769.000000
CCGT filtered : 8993551.000000
time : 379.067566
