Parameters: GAD=1 vflib=1 dir=0 label=0 lowerbound=1 fileNameGp=../graphsdb/mcs90/rand/r005/mcs90_r005_s35.A26 fileNameGt=../graphsdb/mcs90/rand/r005/mcs90_r005_s35.B26
Reading graphs...
35 :  58
35 :  57
Initializing...
maxdom : 35
D->valSize : 1225
Solving...
currentSize : 18 <-- 0.025256 s
currentSize : 19 <-- 0.025504 s
currentSize : 20 <-- 0.025900 s
currentSize : 21 <-- 0.069722 s
currentSize : 22 <-- 0.150300 s
currentSize : 23 <-- 0.352866 s
currentSize : 24 <-- 2.219860 s
currentSize : 25 <-- 14.382366 s
currentSize : 26 <-- 24.471041 s
currentSize : 27 <-- 25.435928 s
currentSize : 31 <-- 25.436085 s

maxsize : 31
nodes : 1237468.000000
filtered : 39225053.000000
CCGP filtered : 13834184.000000
CCGT filtered : 9293122.000000
time : 25.972820
