Parameters: GAD=1 vflib=1 dir=0 label=0 lowerbound=1 fileNameGp=../graphsdb/mcs90/bvg/b09m/mcs90_b09m_s25.A36 fileNameGt=../graphsdb/mcs90/bvg/b09m/mcs90_b09m_s25.B36
Reading graphs...
25 :  108
25 :  107
Initializing...
maxdom : 25
D->valSize : 625
Solving...
currentSize : 9 <-- 0.004632 s
currentSize : 10 <-- 0.004825 s
currentSize : 11 <-- 0.008372 s
currentSize : 12 <-- 0.019432 s
currentSize : 13 <-- 0.169564 s
currentSize : 14 <-- 0.193750 s
currentSize : 16 <-- 0.204545 s
currentSize : 17 <-- 0.790831 s
currentSize : 22 <-- 1.164574 s

maxsize : 22
nodes : 84405.000000
filtered : 1802136.000000
CCGP filtered : 5273.000000
CCGT filtered : 6314.000000
time : 1.192799
