Parameters: GAD=1 vflib=1 dir=0 label=0 lowerbound=1 fileNameGp=../graphsdb/mcs90/bvg/b03m/mcs90_b03m_s20.A92 fileNameGt=../graphsdb/mcs90/bvg/b03m/mcs90_b03m_s20.B92
Reading graphs...
20 :  30
20 :  30
Initializing...
maxdom : 20
D->valSize : 400
Solving...
currentSize : 6 <-- 0.002384 s
currentSize : 9 <-- 0.002460 s
currentSize : 10 <-- 0.002678 s
currentSize : 11 <-- 0.003086 s
currentSize : 12 <-- 0.003388 s
currentSize : 13 <-- 0.009391 s
currentSize : 14 <-- 0.016725 s
currentSize : 15 <-- 0.030286 s
currentSize : 16 <-- 0.030429 s
currentSize : 17 <-- 0.030527 s
currentSize : 18 <-- 0.035477 s

maxsize : 18
nodes : 4150.000000
filtered : 74612.000000
CCGP filtered : 35684.000000
CCGT filtered : 16754.000000
time : 0.044257
