Parameters: GAD=1 vflib=1 dir=0 label=0 lowerbound=1 fileNameGp=../graphsdb/mcs90/rand/r02/mcs90_r02_s35.A28 fileNameGt=../graphsdb/mcs90/rand/r02/mcs90_r02_s35.B28
Reading graphs...
35 :  218
35 :  217
Initializing...
maxdom : 35
D->valSize : 1225
Solving...
currentSize : 10 <-- 0.030217 s
currentSize : 11 <-- 0.030597 s
currentSize : 12 <-- 0.039646 s
currentSize : 13 <-- 0.072651 s
currentSize : 14 <-- 1.827496 s
currentSize : 15 <-- 21.878229 s
currentSize : 16 <-- 48.008457 s
currentSize : 17 <-- 51.797459 s
currentSize : 20 <-- 220.540848 s
currentSize : 31 <-- 220.541107 s

maxsize : 31
nodes : 18034511.000000
filtered : 263287216.000000
CCGP filtered : 58422.000000
CCGT filtered : 173463.000000
time : 220.823013
