Parameters: GAD=1 vflib=1 dir=0 label=0 lowerbound=1 fileNameGp=../graphsdb/mcs90/rand/r005/mcs90_r005_s30.A34 fileNameGt=../graphsdb/mcs90/rand/r005/mcs90_r005_s30.B34
Reading graphs...
30 :  42
30 :  42
Initializing...
maxdom : 30
D->valSize : 900
Solving...
currentSize : 14 <-- 0.011430 s
currentSize : 15 <-- 0.011758 s
currentSize : 16 <-- 0.011816 s
currentSize : 17 <-- 0.012006 s
currentSize : 18 <-- 0.015147 s
currentSize : 19 <-- 0.017618 s
currentSize : 20 <-- 0.030559 s
currentSize : 21 <-- 0.201810 s
currentSize : 22 <-- 0.202984 s
currentSize : 23 <-- 0.207146 s
currentSize : 24 <-- 0.210086 s
currentSize : 25 <-- 0.784091 s
currentSize : 27 <-- 0.837327 s

maxsize : 27
nodes : 27585.000000
filtered : 1117469.000000
CCGP filtered : 582472.000000
CCGT filtered : 345282.000000
time : 0.850615
