Parameters: GAD=1 vflib=1 dir=0 label=0 lowerbound=1 fileNameGp=../graphsdb/mcs90/m3D/m3Dr4/mcs90_m3Dr4_s30.A31 fileNameGt=../graphsdb/mcs90/m3D/m3Dr4/mcs90_m3Dr4_s30.B31
Reading graphs...
30 :  73
30 :  73
Initializing...
maxdom : 30
D->valSize : 900
Solving...
currentSize : 14 <-- 0.010727 s
currentSize : 15 <-- 0.010906 s
currentSize : 16 <-- 0.011025 s
currentSize : 17 <-- 0.011435 s
currentSize : 18 <-- 0.293936 s
currentSize : 19 <-- 0.316721 s
currentSize : 20 <-- 2.232755 s
currentSize : 21 <-- 4.794935 s
currentSize : 22 <-- 4.795141 s
currentSize : 23 <-- 6.247440 s
currentSize : 27 <-- 6.890109 s

maxsize : 27
nodes : 361430.000000
filtered : 12357667.000000
CCGP filtered : 477058.000000
CCGT filtered : 233938.000000
time : 6.946579
