Parameters: GAD=1 vflib=1 dir=0 label=0 lowerbound=1 fileNameGp=../graphsdb/mcs90/m3D/m3Dr6/mcs90_m3Dr6_s30.A84 fileNameGt=../graphsdb/mcs90/m3D/m3Dr6/mcs90_m3Dr6_s30.B84
Reading graphs...
30 :  77
30 :  76
Initializing...
maxdom : 30
D->valSize : 900
Solving...
currentSize : 13 <-- 0.010397 s
currentSize : 15 <-- 0.010513 s
currentSize : 16 <-- 0.011429 s
currentSize : 17 <-- 0.029310 s
currentSize : 18 <-- 0.056857 s
currentSize : 19 <-- 0.384450 s
currentSize : 21 <-- 8.825933 s
currentSize : 22 <-- 9.303573 s
currentSize : 23 <-- 10.558599 s
currentSize : 26 <-- 11.112281 s
currentSize : 27 <-- 11.113404 s

maxsize : 27
nodes : 765432.000000
filtered : 21138469.000000
CCGP filtered : 393066.000000
CCGT filtered : 331565.000000
time : 11.185123
