Parameters: GAD=1 vflib=1 dir=0 label=0 lowerbound=1 fileNameGp=../graphsdb/mcs90/rand/r01/mcs90_r01_s25.A84 fileNameGt=../graphsdb/mcs90/rand/r01/mcs90_r01_s25.B84
Reading graphs...
25 :  53
25 :  53
Initializing...
maxdom : 25
D->valSize : 625
Solving...
currentSize : 11 <-- 0.004992 s
currentSize : 12 <-- 0.005054 s
currentSize : 13 <-- 0.005120 s
currentSize : 14 <-- 0.005341 s
currentSize : 15 <-- 0.006382 s
currentSize : 16 <-- 0.018612 s
currentSize : 17 <-- 0.171530 s
currentSize : 19 <-- 1.471827 s
currentSize : 21 <-- 1.478296 s
currentSize : 22 <-- 1.482118 s

maxsize : 22
nodes : 125225.000000
filtered : 3053239.000000
CCGP filtered : 199701.000000
CCGT filtered : 131562.000000
time : 1.520141
