Parameters: GAD=1 vflib=1 dir=0 label=0 lowerbound=1 fileNameGp=../graphsdb/mcs90/m3D/m3Dr6/mcs90_m3Dr6_s30.A26 fileNameGt=../graphsdb/mcs90/m3D/m3Dr6/mcs90_m3Dr6_s30.B26
Reading graphs...
30 :  79
30 :  78
Initializing...
maxdom : 30
D->valSize : 900
Solving...
currentSize : 13 <-- 0.010479 s
currentSize : 14 <-- 0.010517 s
currentSize : 15 <-- 0.010608 s
currentSize : 16 <-- 0.012560 s
currentSize : 17 <-- 0.016810 s
currentSize : 18 <-- 0.246138 s
currentSize : 19 <-- 0.729379 s
currentSize : 20 <-- 2.149088 s
currentSize : 21 <-- 2.325549 s
currentSize : 22 <-- 2.332060 s
currentSize : 24 <-- 2.332204 s
currentSize : 25 <-- 2.658678 s
currentSize : 27 <-- 2.658842 s

maxsize : 27
nodes : 237391.000000
filtered : 5255099.000000
CCGP filtered : 95958.000000
CCGT filtered : 54008.000000
time : 2.715130
