Parameters: GAD=1 vflib=1 dir=0 label=0 lowerbound=1 fileNameGp=../graphsdb/mcs90/rand/r01/mcs90_r01_s20.A75 fileNameGt=../graphsdb/mcs90/rand/r01/mcs90_r01_s20.B75
Reading graphs...
20 :  36
20 :  36
Initializing...
maxdom : 20
D->valSize : 400
Solving...
currentSize : 9 <-- 0.002168 s
currentSize : 10 <-- 0.002237 s
currentSize : 11 <-- 0.002278 s
currentSize : 12 <-- 0.002370 s
currentSize : 13 <-- 0.005426 s
currentSize : 14 <-- 0.006875 s
currentSize : 15 <-- 0.038039 s
currentSize : 16 <-- 0.039803 s
currentSize : 18 <-- 0.048709 s

maxsize : 18
nodes : 6400.000000
filtered : 111175.000000
CCGP filtered : 13084.000000
CCGT filtered : 3475.000000
time : 0.052931
