Parameters: GAD=1 vflib=1 dir=0 label=0 lowerbound=1 fileNameGp=../graphsdb/mcs90/m2D/m2Dr6/mcs90_m2Dr6_s30.A08 fileNameGt=../graphsdb/mcs90/m2D/m2Dr6/mcs90_m2Dr6_s30.B08
Reading graphs...
30 :  66
30 :  66
Initializing...
maxdom : 30
D->valSize : 900
Solving...
currentSize : 14 <-- 0.010754 s
currentSize : 15 <-- 0.010859 s
currentSize : 16 <-- 0.011174 s
currentSize : 17 <-- 0.012111 s
currentSize : 18 <-- 0.016340 s
currentSize : 19 <-- 0.016598 s
currentSize : 20 <-- 2.128248 s
currentSize : 24 <-- 3.607111 s
currentSize : 25 <-- 3.607204 s

maxsize : 25
nodes : 278695.000000
filtered : 7662380.000000
CCGP filtered : 708944.000000
CCGT filtered : 528280.000000
time : 4.164602
