Parameters: GAD=1 vflib=1 dir=0 label=0 lowerbound=1 fileNameGp=../graphsdb/mcs90/bvg/b06/mcs90_b06_s25.A62 fileNameGt=../graphsdb/mcs90/bvg/b06/mcs90_b06_s25.B62
Reading graphs...
25 :  74
25 :  75
Initializing...
maxdom : 25
D->valSize : 625
Solving...
currentSize : 11 <-- 0.004790 s
currentSize : 12 <-- 0.004853 s
currentSize : 13 <-- 0.004916 s
currentSize : 14 <-- 0.005013 s
currentSize : 15 <-- 0.005690 s
currentSize : 16 <-- 0.006488 s
currentSize : 17 <-- 0.007732 s
currentSize : 18 <-- 0.007921 s
currentSize : 20 <-- 0.012003 s
currentSize : 22 <-- 0.012459 s
currentSize : 23 <-- 0.022255 s

maxsize : 23
nodes : 1694.000000
filtered : 63710.000000
CCGP filtered : 302.000000
CCGT filtered : 157.000000
time : 0.045200
