Parameters: GAD=1 vflib=1 dir=0 label=0 lowerbound=1 fileNameGp=../graphsdb/mcs90/bvg/b06/mcs90_b06_s35.A67 fileNameGt=../graphsdb/mcs90/bvg/b06/mcs90_b06_s35.B67
Reading graphs...
35 :  105
35 :  105
Initializing...
maxdom : 35
D->valSize : 1225
Solving...
currentSize : 20 <-- 0.019296 s
currentSize : 21 <-- 0.019487 s
currentSize : 22 <-- 0.019796 s
currentSize : 23 <-- 0.020064 s
currentSize : 24 <-- 0.028680 s
currentSize : 25 <-- 0.028913 s
currentSize : 26 <-- 0.030812 s
currentSize : 27 <-- 0.032591 s
currentSize : 29 <-- 0.078140 s
currentSize : 31 <-- 0.107737 s
currentSize : 32 <-- 0.169531 s

maxsize : 32
nodes : 9568.000000
filtered : 618344.000000
CCGP filtered : 4630.000000
CCGT filtered : 2827.000000
time : 0.528951
