Parameters: GAD=1 vflib=1 dir=0 label=0 lowerbound=1 fileNameGp=../graphsdb/mcs90/rand/r02/mcs90_r02_s35.A15 fileNameGt=../graphsdb/mcs90/rand/r02/mcs90_r02_s35.B15
Reading graphs...
35 :  208
35 :  211
Initializing...
maxdom : 35
D->valSize : 1225
Solving...
currentSize : 10 <-- 0.017301 s
currentSize : 11 <-- 0.017878 s
currentSize : 12 <-- 0.019738 s
currentSize : 13 <-- 0.022474 s
currentSize : 14 <-- 0.275397 s
currentSize : 15 <-- 29.600328 s
currentSize : 19 <-- 57.037830 s
currentSize : 21 <-- 132.990906 s
currentSize : 22 <-- 133.333130 s
currentSize : 31 <-- 133.334122 s

maxsize : 31
nodes : 10743045.000000
filtered : 172546427.000000
CCGP filtered : 182106.000000
CCGT filtered : 187908.000000
time : 133.513077
