Parameters: GAD=1 vflib=1 dir=0 label=0 lowerbound=1 fileNameGp=../graphsdb/mcs90/bvg/b09m/mcs90_b09m_s35.A67 fileNameGt=../graphsdb/mcs90/bvg/b09m/mcs90_b09m_s35.B67
Reading graphs...
35 :  153
35 :  153
Initializing...
maxdom : 35
D->valSize : 1225
Solving...
currentSize : 12 <-- 0.018321 s
currentSize : 13 <-- 0.018410 s
currentSize : 14 <-- 0.018587 s
currentSize : 15 <-- 0.025138 s
currentSize : 16 <-- 0.128945 s
currentSize : 17 <-- 0.265545 s
currentSize : 18 <-- 112.080605 s
currentSize : 19 <-- 112.080772 s
currentSize : 23 <-- 124.230858 s
currentSize : 24 <-- 128.650772 s
currentSize : 30 <-- 131.224838 s

maxsize : 30
nodes : 11200992.000000
filtered : 235219880.000000
CCGP filtered : 2125032.000000
CCGT filtered : 5240994.000000
time : 131.759888
