Parameters: GAD=1 vflib=1 dir=0 label=0 lowerbound=1 fileNameGp=../graphsdb/mcs90/bvg/b09m/mcs90_b09m_s30.A29 fileNameGt=../graphsdb/mcs90/bvg/b09m/mcs90_b09m_s30.B29
Reading graphs...
30 :  130
30 :  128
Initializing...
maxdom : 30
D->valSize : 900
Solving...
currentSize : 12 <-- 0.016854 s
currentSize : 14 <-- 0.019893 s
currentSize : 15 <-- 22.928677 s
currentSize : 18 <-- 59.066704 s
currentSize : 19 <-- 59.067749 s
currentSize : 20 <-- 61.161983 s
currentSize : 21 <-- 64.307693 s
currentSize : 22 <-- 65.947113 s
currentSize : 26 <-- 65.947937 s

maxsize : 26
nodes : 6764163.000000
filtered : 109414464.000000
CCGP filtered : 699964.000000
CCGT filtered : 1382996.000000
time : 66.081955
