Parameters: GAD=1 vflib=1 dir=0 label=0 lowerbound=1 fileNameGp=../graphsdb/mcs90/bvg/b06m/mcs90_b06m_s35.A76 fileNameGt=../graphsdb/mcs90/bvg/b06m/mcs90_b06m_s35.B76
Reading graphs...
35 :  102
35 :  102
Initializing...
maxdom : 35
D->valSize : 1225
Solving...
currentSize : 15 <-- 0.034407 s
currentSize : 16 <-- 0.034707 s
currentSize : 17 <-- 0.037962 s
currentSize : 18 <-- 0.060561 s
currentSize : 19 <-- 0.137261 s
currentSize : 22 <-- 0.893222 s
currentSize : 23 <-- 1.397050 s
currentSize : 24 <-- 1.437855 s
currentSize : 25 <-- 1.811294 s
currentSize : 27 <-- 1.812832 s
currentSize : 28 <-- 1.830129 s
currentSize : 31 <-- 1.831896 s

maxsize : 31
nodes : 129610.000000
filtered : 3926304.000000
CCGP filtered : 185173.000000
CCGT filtered : 114891.000000
time : 2.210108
