Parameters: GAD=1 vflib=1 dir=0 label=0 lowerbound=1 fileNameGp=../graphsdb/mcs90/bvg/b06m/mcs90_b06m_s30.A02 fileNameGt=../graphsdb/mcs90/bvg/b06m/mcs90_b06m_s30.B02
Reading graphs...
30 :  87
30 :  87
Initializing...
maxdom : 30
D->valSize : 900
Solving...
currentSize : 12 <-- 0.010155 s
currentSize : 13 <-- 0.010279 s
currentSize : 14 <-- 0.011086 s
currentSize : 15 <-- 0.011664 s
currentSize : 16 <-- 0.021407 s
currentSize : 17 <-- 0.030243 s
currentSize : 18 <-- 0.104174 s
currentSize : 19 <-- 0.121842 s
currentSize : 20 <-- 2.718315 s
currentSize : 21 <-- 2.747120 s
currentSize : 22 <-- 4.208373 s
currentSize : 23 <-- 4.677133 s
currentSize : 27 <-- 4.959853 s

maxsize : 27
nodes : 281428.000000
filtered : 10360772.000000
CCGP filtered : 599945.000000
CCGT filtered : 246806.000000
time : 5.049002
