Parameters: GAD=1 vflib=1 dir=0 label=0 lowerbound=1 fileNameGp=../graphsdb/mcs90/bvg/b06m/mcs90_b06m_s35.A69 fileNameGt=../graphsdb/mcs90/bvg/b06m/mcs90_b06m_s35.B69
Reading graphs...
35 :  102
35 :  101
Initializing...
maxdom : 35
D->valSize : 1225
Solving...
currentSize : 15 <-- 0.034373 s
currentSize : 16 <-- 0.034526 s
currentSize : 17 <-- 0.034751 s
currentSize : 18 <-- 0.124667 s
currentSize : 19 <-- 0.681030 s
currentSize : 20 <-- 6.004570 s
currentSize : 21 <-- 8.306178 s
currentSize : 22 <-- 41.196980 s
currentSize : 23 <-- 62.691078 s
currentSize : 24 <-- 74.456375 s
currentSize : 25 <-- 74.478798 s
currentSize : 26 <-- 75.029549 s
currentSize : 27 <-- 75.043594 s
currentSize : 31 <-- 75.143028 s

maxsize : 31
nodes : 4875633.000000
filtered : 150972519.000000
CCGP filtered : 17954756.000000
CCGT filtered : 8693434.000000
time : 75.399155
