Parameters: GAD=1 vflib=1 dir=0 label=0 lowerbound=1 fileNameGp=../graphsdb/mcs90/rand/r02/mcs90_r02_s35.A78 fileNameGt=../graphsdb/mcs90/rand/r02/mcs90_r02_s35.B78
Reading graphs...
35 :  212
35 :  211
Initializing...
maxdom : 35
D->valSize : 1225
Solving...
currentSize : 12 <-- 0.030048 s
currentSize : 13 <-- 0.030322 s
currentSize : 14 <-- 0.716974 s
currentSize : 15 <-- 28.021635 s
currentSize : 16 <-- 92.112221 s
currentSize : 17 <-- 95.118690 s
currentSize : 19 <-- 96.079597 s
currentSize : 20 <-- 96.081802 s
currentSize : 21 <-- 107.163208 s
currentSize : 31 <-- 126.050468 s

maxsize : 31
nodes : 10772130.000000
filtered : 157204002.000000
CCGP filtered : 235940.000000
CCGT filtered : 485393.000000
time : 126.216713
