Parameters: GAD=1 vflib=1 dir=0 label=0 lowerbound=1 fileNameGp=../graphsdb/mcs90/rand/r02/mcs90_r02_s30.A81 fileNameGt=../graphsdb/mcs90/rand/r02/mcs90_r02_s30.B81
Reading graphs...
30 :  160
30 :  159
Initializing...
maxdom : 30
D->valSize : 900
Solving...
currentSize : 10 <-- 0.016179 s
currentSize : 11 <-- 0.017341 s
currentSize : 12 <-- 0.032223 s
currentSize : 13 <-- 0.207879 s
currentSize : 14 <-- 6.092217 s
currentSize : 15 <-- 30.138004 s
currentSize : 17 <-- 34.131123 s
currentSize : 18 <-- 51.021225 s
currentSize : 27 <-- 51.031216 s

maxsize : 27
nodes : 5059909.000000
filtered : 67779956.000000
CCGP filtered : 50930.000000
CCGT filtered : 56215.000000
time : 51.074768
