Parameters: GAD=1 vflib=1 dir=0 label=0 lowerbound=1 fileNameGp=../graphsdb/mcs90/rand/r01/mcs90_r01_s25.A35 fileNameGt=../graphsdb/mcs90/rand/r01/mcs90_r01_s25.B35
Reading graphs...
25 :  58
25 :  58
Initializing...
maxdom : 25
D->valSize : 625
Solving...
currentSize : 9 <-- 0.006719 s
currentSize : 10 <-- 0.006792 s
currentSize : 11 <-- 0.006859 s
currentSize : 12 <-- 0.007063 s
currentSize : 13 <-- 0.007427 s
currentSize : 14 <-- 0.008354 s
currentSize : 15 <-- 0.174681 s
currentSize : 16 <-- 0.191868 s
currentSize : 17 <-- 0.774662 s
currentSize : 22 <-- 0.925847 s

maxsize : 22
nodes : 87555.000000
filtered : 1935703.000000
CCGP filtered : 209131.000000
CCGT filtered : 141575.000000
time : 0.938358
