Parameters: GAD=1 vflib=1 dir=0 label=0 lowerbound=1 fileNameGp=../graphsdb/mcs90/bvg/b06m/mcs90_b06m_s35.A49 fileNameGt=../graphsdb/mcs90/bvg/b06m/mcs90_b06m_s35.B49
Reading graphs...
35 :  103
35 :  103
Initializing...
maxdom : 35
D->valSize : 1225
Solving...
currentSize : 13 <-- 0.019933 s
currentSize : 15 <-- 0.019993 s
currentSize : 16 <-- 0.020513 s
currentSize : 17 <-- 0.027199 s
currentSize : 18 <-- 0.600006 s
currentSize : 19 <-- 1.199506 s
currentSize : 20 <-- 9.539945 s
currentSize : 21 <-- 59.241684 s
currentSize : 23 <-- 91.069206 s
currentSize : 25 <-- 126.708435 s
currentSize : 26 <-- 127.761887 s
currentSize : 31 <-- 130.190857 s

maxsize : 31
nodes : 7639101.000000
filtered : 245137575.000000
CCGP filtered : 18109772.000000
CCGT filtered : 9317724.000000
time : 130.471603
