Parameters: GAD=1 vflib=1 dir=0 label=0 lowerbound=1 fileNameGp=../graphsdb/mcs90/m2D/m2D/mcs90_m2D_s30.A49 fileNameGt=../graphsdb/mcs90/m2D/m2D/mcs90_m2D_s30.B49
Reading graphs...
30 :  49
30 :  48
Initializing...
maxdom : 30
D->valSize : 900
Solving...
currentSize : 14 <-- 0.010903 s
currentSize : 15 <-- 0.011083 s
currentSize : 16 <-- 0.011241 s
currentSize : 17 <-- 0.011401 s
currentSize : 18 <-- 0.012939 s
currentSize : 19 <-- 0.012994 s
currentSize : 20 <-- 0.029493 s
currentSize : 21 <-- 0.078723 s
currentSize : 24 <-- 0.386711 s
currentSize : 25 <-- 0.539775 s
currentSize : 26 <-- 0.721856 s

maxsize : 26
nodes : 40770.000000
filtered : 1556325.000000
CCGP filtered : 287935.000000
CCGT filtered : 143736.000000
time : 1.272382
