Parameters: GAD=1 vflib=1 dir=0 label=0 lowerbound=1 fileNameGp=../graphsdb/mcs90/bvg/b06m/mcs90_b06m_s30.A31 fileNameGt=../graphsdb/mcs90/bvg/b06m/mcs90_b06m_s30.B31
Reading graphs...
30 :  88
30 :  87
Initializing...
maxdom : 30
D->valSize : 900
Solving...
currentSize : 10 <-- 0.010134 s
currentSize : 11 <-- 0.010290 s
currentSize : 12 <-- 0.010443 s
currentSize : 13 <-- 0.010729 s
currentSize : 14 <-- 0.011025 s
currentSize : 15 <-- 0.013118 s
currentSize : 16 <-- 0.023734 s
currentSize : 18 <-- 0.332355 s
currentSize : 19 <-- 5.602118 s
currentSize : 20 <-- 5.604630 s
currentSize : 22 <-- 5.972668 s
currentSize : 23 <-- 5.972893 s
currentSize : 27 <-- 6.336254 s

maxsize : 27
nodes : 479733.000000
filtered : 14169817.000000
CCGP filtered : 1233720.000000
CCGT filtered : 605734.000000
time : 6.416168
