Parameters: GAD=1 vflib=1 dir=0 label=0 lowerbound=1 fileNameGp=../graphsdb/mcs90/bvg/b09/mcs90_b09_s35.A86 fileNameGt=../graphsdb/mcs90/bvg/b09/mcs90_b09_s35.B86
Reading graphs...
35 :  157
35 :  156
Initializing...
maxdom : 35
D->valSize : 1225
Solving...
currentSize : 13 <-- 0.018167 s
currentSize : 15 <-- 0.018237 s
currentSize : 16 <-- 0.018636 s
currentSize : 17 <-- 0.020314 s
currentSize : 18 <-- 2.354548 s
currentSize : 20 <-- 2.355909 s
currentSize : 21 <-- 2.356384 s
currentSize : 23 <-- 2.362975 s
currentSize : 24 <-- 2.365204 s
currentSize : 25 <-- 2.365431 s
currentSize : 26 <-- 2.365808 s
currentSize : 30 <-- 2.376237 s

maxsize : 30
nodes : 262759.000000
filtered : 7494950.000000
CCGP filtered : 25509.000000
CCGT filtered : 79607.000000
time : 3.648892
