Parameters: GAD=1 vflib=1 dir=0 label=0 lowerbound=1 fileNameGp=../graphsdb/mcs90/bvg/b06m/mcs90_b06m_s35.A02 fileNameGt=../graphsdb/mcs90/bvg/b06m/mcs90_b06m_s35.B02
Reading graphs...
35 :  103
35 :  103
Initializing...
maxdom : 35
D->valSize : 1225
Solving...
currentSize : 14 <-- 0.019087 s
currentSize : 15 <-- 0.019403 s
currentSize : 16 <-- 0.021520 s
currentSize : 17 <-- 0.051631 s
currentSize : 18 <-- 0.363198 s
currentSize : 19 <-- 0.663469 s
currentSize : 20 <-- 40.203999 s
currentSize : 21 <-- 90.279129 s
currentSize : 22 <-- 122.536781 s
currentSize : 23 <-- 149.089813 s
currentSize : 25 <-- 149.163269 s
currentSize : 27 <-- 149.647079 s
currentSize : 29 <-- 150.151657 s
currentSize : 31 <-- 150.894882 s

maxsize : 31
nodes : 10086782.000000
filtered : 294922244.000000
CCGP filtered : 27912654.000000
CCGT filtered : 22116785.000000
time : 151.058563
