Parameters: GAD=1 vflib=1 dir=0 label=0 lowerbound=1 fileNameGp=../graphsdb/mcs90/m4D/m4Dr4/mcs90_m4Dr4_s20.A33 fileNameGt=../graphsdb/mcs90/m4D/m4Dr4/mcs90_m4Dr4_s20.B33
Reading graphs...
20 :  43
20 :  42
Initializing...
maxdom : 20
D->valSize : 400
Solving...
currentSize : 5 <-- 0.002152 s
currentSize : 6 <-- 0.002185 s
currentSize : 10 <-- 0.002749 s
currentSize : 11 <-- 0.002840 s
currentSize : 12 <-- 0.003216 s
currentSize : 13 <-- 0.006487 s
currentSize : 14 <-- 0.011275 s
currentSize : 15 <-- 0.015805 s
currentSize : 16 <-- 0.022595 s

maxsize : 16
nodes : 3279.000000
filtered : 107126.000000
CCGP filtered : 14580.000000
CCGT filtered : 19000.000000
time : 0.042976
