Parameters: GAD=1 vflib=1 dir=0 label=0 lowerbound=1 fileNameGp=../graphsdb/mcs90/rand/r01/mcs90_r01_s35.A85 fileNameGt=../graphsdb/mcs90/rand/r01/mcs90_r01_s35.B85
Reading graphs...
35 :  116
35 :  116
Initializing...
maxdom : 35
D->valSize : 1225
Solving...
currentSize : 14 <-- 0.018954 s
currentSize : 15 <-- 0.019449 s
currentSize : 16 <-- 0.020743 s
currentSize : 17 <-- 0.099032 s
currentSize : 18 <-- 1.026827 s
currentSize : 19 <-- 8.285029 s
currentSize : 20 <-- 81.420944 s
currentSize : 21 <-- 83.005363 s
currentSize : 22 <-- 90.136055 s
currentSize : 23 <-- 90.136429 s
currentSize : 26 <-- 91.193222 s
currentSize : 27 <-- 91.193520 s
currentSize : 31 <-- 91.201416 s

maxsize : 31
nodes : 6437920.000000
filtered : 165658732.000000
CCGP filtered : 8818096.000000
CCGT filtered : 11017303.000000
time : 91.392944
