Parameters: GAD=1 vflib=1 dir=0 label=0 lowerbound=1 fileNameGp=../graphsdb/mcs90/m3D/m3Dr4/mcs90_m3Dr4_s30.A33 fileNameGt=../graphsdb/mcs90/m3D/m3Dr4/mcs90_m3Dr4_s30.B33
Reading graphs...
30 :  73
30 :  73
Initializing...
maxdom : 30
D->valSize : 900
Solving...
currentSize : 14 <-- 0.018608 s
currentSize : 15 <-- 0.018733 s
currentSize : 16 <-- 0.018879 s
currentSize : 17 <-- 0.019755 s
currentSize : 18 <-- 0.464361 s
currentSize : 19 <-- 1.925705 s
currentSize : 20 <-- 4.212410 s
currentSize : 21 <-- 7.943514 s
currentSize : 22 <-- 9.000130 s
currentSize : 23 <-- 9.000329 s
currentSize : 26 <-- 9.704578 s
currentSize : 27 <-- 9.704681 s

maxsize : 27
nodes : 631783.000000
filtered : 18318988.000000
CCGP filtered : 761006.000000
CCGT filtered : 239238.000000
time : 9.781461
