Parameters: GAD=1 vflib=1 dir=0 label=0 lowerbound=1 fileNameGp=../graphsdb/mcs90/m2D/m2Dr2/mcs90_m2Dr2_s30.A11 fileNameGt=../graphsdb/mcs90/m2D/m2Dr2/mcs90_m2Dr2_s30.B11
Reading graphs...
30 :  54
30 :  54
Initializing...
maxdom : 30
D->valSize : 900
Solving...
currentSize : 13 <-- 0.019250 s
currentSize : 17 <-- 0.019317 s
currentSize : 18 <-- 0.026307 s
currentSize : 19 <-- 0.097780 s
currentSize : 20 <-- 0.120189 s
currentSize : 21 <-- 0.272202 s
currentSize : 22 <-- 6.505518 s
currentSize : 23 <-- 18.436148 s
currentSize : 24 <-- 18.720161 s
currentSize : 25 <-- 18.720228 s

maxsize : 25
nodes : 799797.000000
filtered : 26297083.000000
CCGP filtered : 3523213.000000
CCGT filtered : 2910323.000000
time : 19.759607
