Parameters: GAD=1 vflib=1 dir=0 label=0 lowerbound=1 fileNameGp=../graphsdb/mcs90/rand/r02/mcs90_r02_s20.A75 fileNameGt=../graphsdb/mcs90/rand/r02/mcs90_r02_s20.B75
Reading graphs...
20 :  68
20 :  67
Initializing...
maxdom : 20
D->valSize : 400
Solving...
currentSize : 7 <-- 0.002007 s
currentSize : 8 <-- 0.002049 s
currentSize : 9 <-- 0.002186 s
currentSize : 10 <-- 0.003078 s
currentSize : 11 <-- 0.008609 s
currentSize : 12 <-- 0.086203 s
currentSize : 13 <-- 0.219197 s
currentSize : 15 <-- 0.220730 s
currentSize : 18 <-- 0.220808 s

maxsize : 18
nodes : 32118.000000
filtered : 431604.000000
CCGP filtered : 2547.000000
CCGT filtered : 1046.000000
time : 0.225323
