Parameters: GAD=1 vflib=1 dir=0 label=0 lowerbound=1 fileNameGp=../graphsdb/mcs90/rand/r02/mcs90_r02_s25.A21 fileNameGt=../graphsdb/mcs90/rand/r02/mcs90_r02_s25.B21
Reading graphs...
25 :  109
25 :  105
Initializing...
maxdom : 25
D->valSize : 625
Solving...
currentSize : 7 <-- 0.005513 s
currentSize : 8 <-- 0.005564 s
currentSize : 9 <-- 0.005694 s
currentSize : 10 <-- 0.005791 s
currentSize : 11 <-- 0.007148 s
currentSize : 12 <-- 0.041069 s
currentSize : 13 <-- 2.083850 s
currentSize : 14 <-- 4.157421 s
currentSize : 16 <-- 4.158424 s
currentSize : 17 <-- 4.269066 s
currentSize : 22 <-- 4.269637 s

maxsize : 22
nodes : 395844.000000
filtered : 5093774.000000
CCGP filtered : 50702.000000
CCGT filtered : 47232.000000
time : 4.305931
