Parameters: GAD=1 vflib=1 dir=0 label=0 lowerbound=1 fileNameGp=../graphsdb/mcs90/m4D/m4Dr2/mcs90_m4Dr2_s20.A99 fileNameGt=../graphsdb/mcs90/m4D/m4Dr2/mcs90_m4Dr2_s20.B99
Reading graphs...
20 :  41
20 :  40
Initializing...
maxdom : 20
D->valSize : 400
Solving...
currentSize : 9 <-- 0.002215 s
currentSize : 10 <-- 0.002245 s
currentSize : 11 <-- 0.002538 s
currentSize : 12 <-- 0.003339 s
currentSize : 13 <-- 0.003422 s
currentSize : 14 <-- 0.013879 s
currentSize : 15 <-- 0.013922 s
currentSize : 16 <-- 0.013972 s
currentSize : 17 <-- 0.014013 s

maxsize : 17
nodes : 1888.000000
filtered : 56939.000000
CCGP filtered : 16348.000000
CCGT filtered : 2906.000000
time : 0.028180
