Parameters: GAD=1 vflib=1 dir=0 label=0 lowerbound=1 fileNameGp=../graphsdb/mcs90/bvg/b09m/mcs90_b09m_s30.A58 fileNameGt=../graphsdb/mcs90/bvg/b09m/mcs90_b09m_s30.B58
Reading graphs...
30 :  128
30 :  127
Initializing...
maxdom : 30
D->valSize : 900
Solving...
currentSize : 11 <-- 0.009688 s
currentSize : 12 <-- 0.013488 s
currentSize : 13 <-- 0.025557 s
currentSize : 14 <-- 0.031270 s
currentSize : 15 <-- 0.046461 s
currentSize : 17 <-- 23.206833 s
currentSize : 18 <-- 27.523327 s
currentSize : 19 <-- 28.086235 s
currentSize : 26 <-- 29.532063 s

maxsize : 26
nodes : 2853154.000000
filtered : 50317349.000000
CCGP filtered : 531794.000000
CCGT filtered : 587918.000000
time : 29.671486
