Parameters: GAD=1 vflib=1 dir=0 label=0 lowerbound=1 fileNameGp=../graphsdb/mcs90/rand/r02/mcs90_r02_s35.A56 fileNameGt=../graphsdb/mcs90/rand/r02/mcs90_r02_s35.B56
Reading graphs...
35 :  214
35 :  209
Initializing...
maxdom : 35
D->valSize : 1225
Solving...
currentSize : 9 <-- 0.029699 s
currentSize : 10 <-- 0.029810 s
currentSize : 11 <-- 0.030017 s
currentSize : 13 <-- 0.044486 s
currentSize : 14 <-- 1.661006 s
currentSize : 15 <-- 12.085345 s
currentSize : 16 <-- 12.085618 s
currentSize : 19 <-- 12.086117 s
currentSize : 21 <-- 12.086514 s
currentSize : 22 <-- 20.885508 s
currentSize : 23 <-- 21.001713 s
currentSize : 31 <-- 21.043736 s

maxsize : 31
nodes : 1739538.000000
filtered : 30472154.000000
CCGP filtered : 27219.000000
CCGT filtered : 37950.000000
time : 21.403339
