Parameters: GAD=1 vflib=1 dir=0 label=0 lowerbound=1 fileNameGp=../graphsdb/mcs90/bvg/b06/mcs90_b06_s25.A60 fileNameGt=../graphsdb/mcs90/bvg/b06/mcs90_b06_s25.B60
Reading graphs...
25 :  75
25 :  75
Initializing...
maxdom : 25
D->valSize : 625
Solving...
currentSize : 11 <-- 0.004774 s
currentSize : 12 <-- 0.004801 s
currentSize : 13 <-- 0.005373 s
currentSize : 14 <-- 0.005463 s
currentSize : 15 <-- 0.006699 s
currentSize : 16 <-- 0.010961 s
currentSize : 17 <-- 0.012686 s
currentSize : 18 <-- 0.014983 s
currentSize : 21 <-- 0.015402 s
currentSize : 22 <-- 0.036308 s

maxsize : 22
nodes : 4122.000000
filtered : 165312.000000
CCGP filtered : 1315.000000
CCGT filtered : 51.000000
time : 0.073212
