Parameters: GAD=1 vflib=1 dir=0 label=0 lowerbound=1 fileNameGp=../graphsdb/mcs90/rand/r02/mcs90_r02_s35.A80 fileNameGt=../graphsdb/mcs90/rand/r02/mcs90_r02_s35.B80
Reading graphs...
35 :  216
35 :  213
Initializing...
maxdom : 35
D->valSize : 1225
Solving...
currentSize : 10 <-- 0.021808 s
currentSize : 11 <-- 0.021884 s
currentSize : 12 <-- 0.021988 s
currentSize : 13 <-- 0.027246 s
currentSize : 14 <-- 0.159561 s
currentSize : 17 <-- 70.768944 s
currentSize : 19 <-- 154.810257 s
currentSize : 20 <-- 210.851883 s
currentSize : 21 <-- 285.290375 s
currentSize : 22 <-- 306.038025 s
currentSize : 31 <-- 351.139801 s

maxsize : 31
nodes : 26781014.000000
filtered : 563962065.000000
CCGP filtered : 378496.000000
CCGT filtered : 758224.000000
time : 351.196899
