Parameters: GAD=1 vflib=1 dir=0 label=0 lowerbound=1 fileNameGp=../graphsdb/mcs90/bvg/b06m/mcs90_b06m_s25.A91 fileNameGt=../graphsdb/mcs90/bvg/b06m/mcs90_b06m_s25.B91
Reading graphs...
25 :  72
25 :  72
Initializing...
maxdom : 25
D->valSize : 625
Solving...
currentSize : 7 <-- 0.004761 s
currentSize : 8 <-- 0.004815 s
currentSize : 10 <-- 0.004910 s
currentSize : 11 <-- 0.005633 s
currentSize : 12 <-- 0.005660 s
currentSize : 13 <-- 0.008139 s
currentSize : 14 <-- 0.333170 s
currentSize : 15 <-- 0.675891 s
currentSize : 16 <-- 0.738705 s
currentSize : 17 <-- 0.739104 s
currentSize : 18 <-- 0.740811 s
currentSize : 20 <-- 1.085626 s
currentSize : 22 <-- 1.088832 s

maxsize : 22
nodes : 82360.000000
filtered : 1986960.000000
CCGP filtered : 212116.000000
CCGT filtered : 98456.000000
time : 1.109540
