Parameters: GAD=1 vflib=1 dir=0 label=0 lowerbound=1 fileNameGp=../graphsdb/mcs90/m2D/m2Dr6/mcs90_m2Dr6_s30.A71 fileNameGt=../graphsdb/mcs90/m2D/m2Dr6/mcs90_m2Dr6_s30.B71
Reading graphs...
30 :  65
30 :  64
Initializing...
maxdom : 30
D->valSize : 900
Solving...
currentSize : 15 <-- 0.010693 s
currentSize : 16 <-- 0.011049 s
currentSize : 17 <-- 0.012783 s
currentSize : 18 <-- 0.047913 s
currentSize : 19 <-- 0.266140 s
currentSize : 20 <-- 0.327805 s
currentSize : 21 <-- 3.607455 s
currentSize : 22 <-- 3.782594 s
currentSize : 24 <-- 3.783510 s
currentSize : 25 <-- 3.783749 s

maxsize : 25
nodes : 257129.000000
filtered : 8698246.000000
CCGP filtered : 455409.000000
CCGT filtered : 370113.000000
time : 4.674539
