Parameters: GAD=1 vflib=1 dir=0 label=0 lowerbound=1 fileNameGp=../graphsdb/mcs90/rand/r005/mcs90_r005_s25.A75 fileNameGt=../graphsdb/mcs90/rand/r005/mcs90_r005_s25.B75
Reading graphs...
25 :  29
25 :  29
Initializing...
maxdom : 25
D->valSize : 625
Solving...
currentSize : 8 <-- 0.005521 s
currentSize : 9 <-- 0.005661 s
currentSize : 10 <-- 0.005692 s
currentSize : 11 <-- 0.006196 s
currentSize : 12 <-- 0.011089 s
currentSize : 14 <-- 0.011409 s
currentSize : 15 <-- 0.011471 s
currentSize : 16 <-- 0.018633 s
currentSize : 17 <-- 0.041066 s
currentSize : 18 <-- 0.041621 s
currentSize : 21 <-- 0.113571 s
currentSize : 22 <-- 0.115162 s

maxsize : 22
nodes : 11756.000000
filtered : 206698.000000
CCGP filtered : 166438.000000
CCGT filtered : 81407.000000
time : 0.134097
