Parameters: GAD=1 vflib=1 dir=0 label=0 lowerbound=1 fileNameGp=../graphsdb/mcs90/rand/r02/mcs90_r02_s30.A31 fileNameGt=../graphsdb/mcs90/rand/r02/mcs90_r02_s30.B31
Reading graphs...
30 :  155
30 :  157
Initializing...
maxdom : 30
D->valSize : 900
Solving...
currentSize : 9 <-- 0.009390 s
currentSize : 10 <-- 0.009526 s
currentSize : 11 <-- 0.010024 s
currentSize : 12 <-- 0.015732 s
currentSize : 13 <-- 0.401476 s
currentSize : 14 <-- 0.507365 s
currentSize : 15 <-- 2.005064 s
currentSize : 17 <-- 8.132481 s
currentSize : 20 <-- 11.572135 s
currentSize : 27 <-- 12.670916 s

maxsize : 27
nodes : 1205125.000000
filtered : 19276951.000000
CCGP filtered : 59637.000000
CCGT filtered : 64746.000000
time : 12.696727
