Parameters: GAD=1 vflib=1 dir=0 label=0 lowerbound=1 fileNameGp=../graphsdb/mcs90/m2D/m2Dr2/mcs90_m2Dr2_s30.A77 fileNameGt=../graphsdb/mcs90/m2D/m2Dr2/mcs90_m2Dr2_s30.B77
Reading graphs...
30 :  55
30 :  55
Initializing...
maxdom : 30
D->valSize : 900
Solving...
currentSize : 16 <-- 0.011176 s
currentSize : 17 <-- 0.011314 s
currentSize : 18 <-- 0.011815 s
currentSize : 19 <-- 0.038665 s
currentSize : 20 <-- 0.045111 s
currentSize : 21 <-- 1.919212 s
currentSize : 22 <-- 24.837292 s
currentSize : 23 <-- 34.533566 s
currentSize : 24 <-- 35.390682 s
currentSize : 25 <-- 35.399426 s

maxsize : 25
nodes : 1680710.000000
filtered : 54624665.000000
CCGP filtered : 7779544.000000
CCGT filtered : 3527595.000000
time : 36.125824
