Parameters: GAD=1 vflib=1 dir=0 label=0 lowerbound=1 fileNameGp=../graphsdb/mcs90/bvg/b09m/mcs90_b09m_s35.A78 fileNameGt=../graphsdb/mcs90/bvg/b09m/mcs90_b09m_s35.B78
Reading graphs...
35 :  152
35 :  151
Initializing...
maxdom : 35
D->valSize : 1225
Solving...
currentSize : 13 <-- 0.023099 s
currentSize : 14 <-- 0.023200 s
currentSize : 15 <-- 0.023496 s
currentSize : 16 <-- 0.077594 s
currentSize : 17 <-- 2.948610 s
currentSize : 18 <-- 170.047363 s
currentSize : 19 <-- 170.051819 s
currentSize : 20 <-- 170.051971 s
currentSize : 22 <-- 170.052155 s
currentSize : 25 <-- 183.011215 s
currentSize : 28 <-- 189.624588 s
currentSize : 30 <-- 189.625168 s

maxsize : 30
nodes : 16424416.000000
filtered : 351421324.000000
CCGP filtered : 3551981.000000
CCGT filtered : 7415449.000000
time : 190.165771
