Parameters: GAD=1 vflib=1 dir=0 label=0 lowerbound=1 fileNameGp=../graphsdb/mcs90/bvg/b06/mcs90_b06_s30.A81 fileNameGt=../graphsdb/mcs90/bvg/b06/mcs90_b06_s30.B81
Reading graphs...
30 :  90
30 :  90
Initializing...
maxdom : 30
D->valSize : 900
Solving...
currentSize : 16 <-- 0.010393 s
currentSize : 17 <-- 0.010463 s
currentSize : 18 <-- 0.010586 s
currentSize : 20 <-- 0.010805 s
currentSize : 21 <-- 0.012110 s
currentSize : 22 <-- 0.012488 s
currentSize : 23 <-- 0.012782 s
currentSize : 25 <-- 0.023617 s
currentSize : 27 <-- 0.029985 s

maxsize : 27
nodes : 3496.000000
filtered : 241892.000000
CCGP filtered : 641.000000
CCGT filtered : 0.000000
time : 0.239635
