Parameters: GAD=1 vflib=1 dir=0 label=0 lowerbound=1 fileNameGp=../graphsdb/mcs90/bvg/b03m/mcs90_b03m_s35.A38 fileNameGt=../graphsdb/mcs90/bvg/b03m/mcs90_b03m_s35.B38
Reading graphs...
35 :  52
35 :  52
Initializing...
maxdom : 35
D->valSize : 1225
Solving...
currentSize : 18 <-- 0.021068 s
currentSize : 19 <-- 0.021260 s
currentSize : 20 <-- 0.021295 s
currentSize : 21 <-- 0.026926 s
currentSize : 23 <-- 0.038242 s
currentSize : 24 <-- 0.142562 s
currentSize : 25 <-- 1.052289 s
currentSize : 26 <-- 12.549608 s
currentSize : 28 <-- 12.917886 s
currentSize : 30 <-- 13.022072 s

maxsize : 30
nodes : 467786.000000
filtered : 15386615.000000
CCGP filtered : 11140977.000000
CCGT filtered : 5778848.000000
time : 15.467529
