Parameters: GAD=1 vflib=1 dir=0 label=0 lowerbound=1 fileNameGp=../graphsdb/mcs90/m3D/m3Dr6/mcs90_m3Dr6_s30.A50 fileNameGt=../graphsdb/mcs90/m3D/m3Dr6/mcs90_m3Dr6_s30.B50
Reading graphs...
30 :  78
30 :  76
Initializing...
maxdom : 30
D->valSize : 900
Solving...
currentSize : 14 <-- 0.010407 s
currentSize : 15 <-- 0.010630 s
currentSize : 16 <-- 0.010846 s
currentSize : 17 <-- 0.080438 s
currentSize : 19 <-- 0.210825 s
currentSize : 21 <-- 0.312797 s
currentSize : 23 <-- 0.313861 s
currentSize : 24 <-- 1.464434 s
currentSize : 27 <-- 2.326609 s

maxsize : 27
nodes : 163998.000000
filtered : 6869933.000000
CCGP filtered : 49778.000000
CCGT filtered : 17265.000000
time : 2.374754
