Parameters: GAD=1 vflib=1 dir=0 label=0 lowerbound=1 fileNameGp=../graphsdb/mcs90/m2D/m2Dr4/mcs90_m2Dr4_s30.A50 fileNameGt=../graphsdb/mcs90/m2D/m2Dr4/mcs90_m2Dr4_s30.B50
Reading graphs...
30 :  60
30 :  60
Initializing...
maxdom : 30
D->valSize : 900
Solving...
currentSize : 13 <-- 0.019048 s
currentSize : 16 <-- 0.019112 s
currentSize : 17 <-- 0.019320 s
currentSize : 18 <-- 0.021609 s
currentSize : 19 <-- 0.079012 s
currentSize : 20 <-- 0.856123 s
currentSize : 21 <-- 0.865908 s
currentSize : 22 <-- 0.982426 s
currentSize : 25 <-- 0.982845 s

maxsize : 25
nodes : 87218.000000
filtered : 3324341.000000
CCGP filtered : 277920.000000
CCGT filtered : 107450.000000
time : 1.926198
