Parameters: GAD=1 vflib=1 dir=0 label=0 lowerbound=1 fileNameGp=../graphsdb/mcs90/rand/r01/mcs90_r01_s35.A51 fileNameGt=../graphsdb/mcs90/rand/r01/mcs90_r01_s35.B51
Reading graphs...
35 :  110
35 :  109
Initializing...
maxdom : 35
D->valSize : 1225
Solving...
currentSize : 15 <-- 0.034016 s
currentSize : 16 <-- 0.036324 s
currentSize : 17 <-- 0.055200 s
currentSize : 18 <-- 0.077232 s
currentSize : 19 <-- 0.216344 s
currentSize : 20 <-- 0.359741 s
currentSize : 21 <-- 3.401554 s
currentSize : 22 <-- 3.838433 s
currentSize : 23 <-- 7.143295 s
currentSize : 24 <-- 20.323168 s
currentSize : 26 <-- 24.205196 s
currentSize : 31 <-- 24.234173 s

maxsize : 31
nodes : 1388017.000000
filtered : 57784826.000000
CCGP filtered : 1515556.000000
CCGT filtered : 920594.000000
time : 24.485376
