Parameters: GAD=1 vflib=1 dir=0 label=0 lowerbound=1 fileNameGp=../graphsdb/mcs90/m3D/m3D/mcs90_m3D_s30.A92 fileNameGt=../graphsdb/mcs90/m3D/m3D/mcs90_m3D_s30.B92
Reading graphs...
30 :  61
30 :  61
Initializing...
maxdom : 30
D->valSize : 900
Solving...
currentSize : 18 <-- 0.010750 s
currentSize : 19 <-- 0.010868 s
currentSize : 20 <-- 0.031496 s
currentSize : 21 <-- 0.046153 s
currentSize : 22 <-- 0.101354 s
currentSize : 23 <-- 1.434151 s
currentSize : 24 <-- 1.513189 s
currentSize : 25 <-- 3.002313 s
currentSize : 27 <-- 3.349197 s

maxsize : 27
nodes : 179471.000000
filtered : 6662005.000000
CCGP filtered : 171662.000000
CCGT filtered : 38383.000000
time : 3.460088
