Parameters: GAD=1 vflib=1 dir=0 label=0 lowerbound=1 fileNameGp=../graphsdb/mcs90/bvg/b09/mcs90_b09_s30.A68 fileNameGt=../graphsdb/mcs90/bvg/b09/mcs90_b09_s30.B68
Reading graphs...
30 :  134
30 :  134
Initializing...
maxdom : 30
D->valSize : 900
Solving...
currentSize : 11 <-- 0.009459 s
currentSize : 12 <-- 0.009634 s
currentSize : 13 <-- 0.010105 s
currentSize : 14 <-- 0.011421 s
currentSize : 15 <-- 0.017506 s
currentSize : 16 <-- 0.017701 s
currentSize : 17 <-- 0.018074 s
currentSize : 18 <-- 0.038002 s
currentSize : 19 <-- 0.059815 s
currentSize : 22 <-- 0.060013 s
currentSize : 26 <-- 0.079268 s

maxsize : 26
nodes : 20348.000000
filtered : 969847.000000
CCGP filtered : 573.000000
CCGT filtered : 730.000000
time : 0.339914
