Parameters: GAD=1 vflib=1 dir=0 label=0 lowerbound=1 fileNameGp=../graphsdb/mcs90/rand/r01/mcs90_r01_s25.A10 fileNameGt=../graphsdb/mcs90/rand/r01/mcs90_r01_s25.B10
Reading graphs...
25 :  55
25 :  57
Initializing...
maxdom : 25
D->valSize : 625
Solving...
currentSize : 13 <-- 0.009056 s
currentSize : 14 <-- 0.009272 s
currentSize : 15 <-- 0.039625 s
currentSize : 16 <-- 0.054766 s
currentSize : 18 <-- 0.728164 s
currentSize : 19 <-- 0.728854 s
currentSize : 20 <-- 0.730070 s
currentSize : 21 <-- 0.730220 s
currentSize : 22 <-- 0.730306 s

maxsize : 22
nodes : 55366.000000
filtered : 1136472.000000
CCGP filtered : 111082.000000
CCGT filtered : 113942.000000
time : 0.757639
