Parameters: GAD=1 vflib=1 dir=0 label=0 lowerbound=1 fileNameGp=../graphsdb/mcs90/bvg/b03m/mcs90_b03m_s30.A81 fileNameGt=../graphsdb/mcs90/bvg/b03m/mcs90_b03m_s30.B81
Reading graphs...
30 :  45
30 :  45
Initializing...
maxdom : 30
D->valSize : 900
Solving...
currentSize : 17 <-- 0.011341 s
currentSize : 18 <-- 0.011479 s
currentSize : 19 <-- 0.011605 s
currentSize : 20 <-- 0.013214 s
currentSize : 21 <-- 0.098716 s
currentSize : 22 <-- 0.195993 s
currentSize : 23 <-- 0.196109 s
currentSize : 24 <-- 0.919163 s
currentSize : 26 <-- 0.922645 s
currentSize : 28 <-- 1.046686 s

maxsize : 28
nodes : 25118.000000
filtered : 1097809.000000
CCGP filtered : 168134.000000
CCGT filtered : 56286.000000
time : 1.047150
