Parameters: GAD=1 vflib=1 dir=0 label=0 lowerbound=1 fileNameGp=../graphsdb/mcs90/bvg/b03m/mcs90_b03m_s30.A96 fileNameGt=../graphsdb/mcs90/bvg/b03m/mcs90_b03m_s30.B96
Reading graphs...
30 :  45
30 :  45
Initializing...
maxdom : 30
D->valSize : 900
Solving...
currentSize : 16 <-- 0.019493 s
currentSize : 17 <-- 0.019553 s
currentSize : 18 <-- 0.019624 s
currentSize : 19 <-- 0.019741 s
currentSize : 20 <-- 0.021751 s
currentSize : 21 <-- 0.038529 s
currentSize : 22 <-- 0.083306 s
currentSize : 23 <-- 1.262868 s
currentSize : 25 <-- 2.293367 s
currentSize : 26 <-- 2.302792 s

maxsize : 26
nodes : 85719.000000
filtered : 3233306.000000
CCGP filtered : 1077072.000000
CCGT filtered : 333475.000000
time : 2.886591
