Parameters: GAD=1 vflib=1 dir=0 label=0 lowerbound=1 fileNameGp=../graphsdb/mcs90/bvg/b09m/mcs90_b09m_s30.A89 fileNameGt=../graphsdb/mcs90/bvg/b09m/mcs90_b09m_s30.B89
Reading graphs...
30 :  127
30 :  128
Initializing...
maxdom : 30
D->valSize : 900
Solving...
currentSize : 11 <-- 0.016765 s
currentSize : 12 <-- 0.016988 s
currentSize : 13 <-- 0.017375 s
currentSize : 14 <-- 0.034227 s
currentSize : 15 <-- 0.398225 s
currentSize : 16 <-- 0.548394 s
currentSize : 17 <-- 0.644838 s
currentSize : 18 <-- 4.999648 s
currentSize : 21 <-- 5.410907 s
currentSize : 22 <-- 5.821822 s
currentSize : 26 <-- 6.914512 s

maxsize : 26
nodes : 600299.000000
filtered : 16667518.000000
CCGP filtered : 84924.000000
CCGT filtered : 11651.000000
time : 7.008048
