Parameters: GAD=1 vflib=1 dir=0 label=0 lowerbound=1 fileNameGp=../graphsdb/mcs90/m3D/m3Dr6/mcs90_m3Dr6_s30.A68 fileNameGt=../graphsdb/mcs90/m3D/m3Dr6/mcs90_m3Dr6_s30.B68
Reading graphs...
30 :  75
30 :  74
Initializing...
maxdom : 30
D->valSize : 900
Solving...
currentSize : 14 <-- 0.018085 s
currentSize : 15 <-- 0.018541 s
currentSize : 16 <-- 0.019343 s
currentSize : 17 <-- 0.032538 s
currentSize : 18 <-- 0.741111 s
currentSize : 19 <-- 1.691831 s
currentSize : 20 <-- 1.710078 s
currentSize : 22 <-- 25.259111 s
currentSize : 23 <-- 25.813929 s
currentSize : 25 <-- 25.815523 s
currentSize : 27 <-- 25.815603 s

maxsize : 27
nodes : 1796512.000000
filtered : 53110747.000000
CCGP filtered : 1579699.000000
CCGT filtered : 1655849.000000
time : 25.902044
