Parameters: GAD=1 vflib=1 dir=0 label=0 lowerbound=1 fileNameGp=../graphsdb/mcs90/bvg/b03m/mcs90_b03m_s35.A92 fileNameGt=../graphsdb/mcs90/bvg/b03m/mcs90_b03m_s35.B92
Reading graphs...
35 :  51
35 :  51
Initializing...
maxdom : 35
D->valSize : 1225
Solving...
currentSize : 13 <-- 0.036693 s
currentSize : 14 <-- 0.036775 s
currentSize : 17 <-- 0.037214 s
currentSize : 21 <-- 0.038109 s
currentSize : 22 <-- 0.043432 s
currentSize : 23 <-- 0.043620 s
currentSize : 24 <-- 0.088975 s
currentSize : 25 <-- 3.741183 s
currentSize : 26 <-- 3.773651 s
currentSize : 28 <-- 5.494007 s
currentSize : 29 <-- 5.494228 s
currentSize : 30 <-- 5.494534 s

maxsize : 30
nodes : 210988.000000
filtered : 6445910.000000
CCGP filtered : 4963377.000000
CCGT filtered : 2814290.000000
time : 8.678694
