Parameters: GAD=1 vflib=1 dir=0 label=0 lowerbound=1 fileNameGp=../graphsdb/mcs90/rand/r01/mcs90_r01_s35.A96 fileNameGt=../graphsdb/mcs90/rand/r01/mcs90_r01_s35.B96
Reading graphs...
35 :  113
35 :  112
Initializing...
maxdom : 35
D->valSize : 1225
Solving...
currentSize : 14 <-- 0.019250 s
currentSize : 15 <-- 0.019494 s
currentSize : 16 <-- 0.019778 s
currentSize : 17 <-- 0.042366 s
currentSize : 18 <-- 0.090770 s
currentSize : 19 <-- 8.149780 s
currentSize : 20 <-- 16.915148 s
currentSize : 21 <-- 17.362623 s
currentSize : 22 <-- 17.446184 s
currentSize : 23 <-- 17.446276 s
currentSize : 25 <-- 17.484859 s
currentSize : 27 <-- 28.449987 s
currentSize : 31 <-- 28.452423 s

maxsize : 31
nodes : 2069232.000000
filtered : 57336336.000000
CCGP filtered : 1443931.000000
CCGT filtered : 1674101.000000
time : 28.587267
