Parameters: GAD=1 vflib=1 dir=0 label=0 lowerbound=1 fileNameGp=../graphsdb/mcs90/bvg/b03m/mcs90_b03m_s30.A91 fileNameGt=../graphsdb/mcs90/bvg/b03m/mcs90_b03m_s30.B91
Reading graphs...
30 :  44
30 :  44
Initializing...
maxdom : 30
D->valSize : 900
Solving...
currentSize : 8 <-- 0.019615 s
currentSize : 18 <-- 0.019729 s
currentSize : 19 <-- 0.024020 s
currentSize : 20 <-- 0.264273 s
currentSize : 21 <-- 0.401891 s
currentSize : 22 <-- 0.443927 s
currentSize : 23 <-- 1.031551 s
currentSize : 24 <-- 1.031696 s
currentSize : 26 <-- 1.034382 s
currentSize : 27 <-- 1.046708 s

maxsize : 27
nodes : 62609.000000
filtered : 1619425.000000
CCGP filtered : 777604.000000
CCGT filtered : 603241.000000
time : 1.236689
