Parameters: GAD=1 vflib=1 dir=0 label=0 lowerbound=1 fileNameGp=../graphsdb/mcs90/rand/r01/mcs90_r01_s35.A56 fileNameGt=../graphsdb/mcs90/rand/r01/mcs90_r01_s35.B56
Reading graphs...
35 :  115
35 :  112
Initializing...
maxdom : 35
D->valSize : 1225
Solving...
currentSize : 14 <-- 0.024117 s
currentSize : 16 <-- 0.024684 s
currentSize : 17 <-- 0.046339 s
currentSize : 18 <-- 0.129257 s
currentSize : 19 <-- 3.089619 s
currentSize : 20 <-- 3.206767 s
currentSize : 21 <-- 3.566403 s
currentSize : 22 <-- 4.689640 s
currentSize : 23 <-- 70.360153 s
currentSize : 24 <-- 72.860519 s
currentSize : 26 <-- 75.163567 s
currentSize : 31 <-- 76.400063 s

maxsize : 31
nodes : 5266351.000000
filtered : 184874357.000000
CCGP filtered : 3101970.000000
CCGT filtered : 5364193.000000
time : 76.593864
