Parameters: GAD=1 vflib=1 dir=0 label=0 lowerbound=1 fileNameGp=../graphsdb/mcs90/rand/r02/mcs90_r02_s25.A13 fileNameGt=../graphsdb/mcs90/rand/r02/mcs90_r02_s25.B13
Reading graphs...
25 :  108
25 :  108
Initializing...
maxdom : 25
D->valSize : 625
Solving...
currentSize : 9 <-- 0.008054 s
currentSize : 10 <-- 0.008319 s
currentSize : 11 <-- 0.008597 s
currentSize : 12 <-- 0.039869 s
currentSize : 14 <-- 0.205289 s
currentSize : 15 <-- 0.774389 s
currentSize : 17 <-- 1.104728 s
currentSize : 20 <-- 1.108562 s
currentSize : 22 <-- 1.109906 s

maxsize : 22
nodes : 105100.000000
filtered : 1579666.000000
CCGP filtered : 2971.000000
CCGT filtered : 1746.000000
time : 1.146524
