Parameters: GAD=1 vflib=1 dir=0 label=0 lowerbound=1 fileNameGp=../graphsdb/mcs90/bvg/b06m/mcs90_b06m_s30.A62 fileNameGt=../graphsdb/mcs90/bvg/b06m/mcs90_b06m_s30.B62
Reading graphs...
30 :  88
30 :  87
Initializing...
maxdom : 30
D->valSize : 900
Solving...
currentSize : 11 <-- 0.010071 s
currentSize : 15 <-- 0.010107 s
currentSize : 16 <-- 0.010846 s
currentSize : 17 <-- 0.021799 s
currentSize : 18 <-- 0.155097 s
currentSize : 19 <-- 0.826179 s
currentSize : 20 <-- 1.459618 s
currentSize : 21 <-- 1.463959 s
currentSize : 27 <-- 1.631613 s

maxsize : 27
nodes : 127877.000000
filtered : 3809342.000000
CCGP filtered : 403329.000000
CCGT filtered : 168005.000000
time : 1.701309
