Parameters: GAD=1 vflib=1 dir=0 label=0 lowerbound=1 fileNameGp=../graphsdb/mcs90/rand/r01/mcs90_r01_s35.A84 fileNameGt=../graphsdb/mcs90/rand/r01/mcs90_r01_s35.B84
Reading graphs...
35 :  111
35 :  111
Initializing...
maxdom : 35
D->valSize : 1225
Solving...
currentSize : 15 <-- 0.019507 s
currentSize : 16 <-- 0.019597 s
currentSize : 17 <-- 0.022330 s
currentSize : 18 <-- 0.043159 s
currentSize : 19 <-- 0.047732 s
currentSize : 20 <-- 82.519417 s
currentSize : 21 <-- 226.057404 s
currentSize : 22 <-- 350.178497 s
currentSize : 23 <-- 350.220062 s
currentSize : 25 <-- 350.256989 s
currentSize : 26 <-- 350.404266 s
currentSize : 31 <-- 350.405121 s

maxsize : 31
nodes : 24245230.000000
filtered : 633700639.000000
CCGP filtered : 19031166.000000
CCGT filtered : 33213255.000000
time : 350.741486
