Parameters: GAD=1 vflib=1 dir=0 label=0 lowerbound=1 fileNameGp=../graphsdb/mcs90/bvg/b03/mcs90_b03_s30.A83 fileNameGt=../graphsdb/mcs90/bvg/b03/mcs90_b03_s30.B83
Reading graphs...
30 :  45
30 :  45
Initializing...
maxdom : 30
D->valSize : 900
Solving...
currentSize : 19 <-- 0.015834 s
currentSize : 20 <-- 0.016175 s
currentSize : 21 <-- 0.017004 s
currentSize : 22 <-- 0.017120 s
currentSize : 23 <-- 0.017837 s
currentSize : 24 <-- 0.019895 s
currentSize : 25 <-- 0.020385 s
currentSize : 26 <-- 0.024528 s
currentSize : 27 <-- 0.025729 s

maxsize : 27
nodes : 5615.000000
filtered : 398794.000000
CCGP filtered : 4618.000000
CCGT filtered : 2556.000000
time : 0.526529
