Parameters: GAD=1 vflib=1 dir=0 label=0 lowerbound=1 fileNameGp=../graphsdb/mcs90/rand/r01/mcs90_r01_s30.A94 fileNameGt=../graphsdb/mcs90/rand/r01/mcs90_r01_s30.B94
Reading graphs...
30 :  83
30 :  83
Initializing...
maxdom : 30
D->valSize : 900
Solving...
currentSize : 12 <-- 0.018259 s
currentSize : 13 <-- 0.018937 s
currentSize : 14 <-- 0.019342 s
currentSize : 15 <-- 0.021592 s
currentSize : 16 <-- 0.023908 s
currentSize : 17 <-- 0.051219 s
currentSize : 18 <-- 0.167531 s
currentSize : 19 <-- 37.666100 s
currentSize : 21 <-- 37.667385 s
currentSize : 27 <-- 37.732002 s

maxsize : 27
nodes : 3235574.000000
filtered : 73308611.000000
CCGP filtered : 2047930.000000
CCGT filtered : 1687772.000000
time : 37.770275
