Parameters: GAD=1 vflib=1 dir=0 label=0 lowerbound=1 fileNameGp=../graphsdb/mcs90/bvg/b03m/mcs90_b03m_s25.A00 fileNameGt=../graphsdb/mcs90/bvg/b03m/mcs90_b03m_s25.B00
Reading graphs...
25 :  36
25 :  36
Initializing...
maxdom : 25
D->valSize : 625
Solving...
currentSize : 10 <-- 0.005917 s
currentSize : 13 <-- 0.005951 s
currentSize : 15 <-- 0.006123 s
currentSize : 16 <-- 0.006161 s
currentSize : 17 <-- 0.006685 s
currentSize : 18 <-- 0.061674 s
currentSize : 19 <-- 0.126326 s
currentSize : 20 <-- 0.182390 s
currentSize : 21 <-- 0.183621 s
currentSize : 23 <-- 0.186785 s

maxsize : 23
nodes : 13885.000000
filtered : 310531.000000
CCGP filtered : 248758.000000
CCGT filtered : 62409.000000
time : 0.208302
