Parameters: GAD=1 vflib=1 dir=0 label=0 lowerbound=1 fileNameGp=../graphsdb/mcs90/bvg/b06/mcs90_b06_s35.A38 fileNameGt=../graphsdb/mcs90/bvg/b06/mcs90_b06_s35.B38
Reading graphs...
35 :  105
35 :  105
Initializing...
maxdom : 35
D->valSize : 1225
Solving...
currentSize : 19 <-- 0.024443 s
currentSize : 20 <-- 0.024614 s
currentSize : 24 <-- 0.024709 s
currentSize : 25 <-- 0.025899 s
currentSize : 26 <-- 0.026154 s
currentSize : 27 <-- 0.028184 s
currentSize : 28 <-- 0.029707 s
currentSize : 29 <-- 0.031632 s
currentSize : 31 <-- 0.040840 s
currentSize : 32 <-- 0.413819 s

maxsize : 32
nodes : 11142.000000
filtered : 820709.000000
CCGP filtered : 616.000000
CCGT filtered : 68.000000
time : 0.695655
