Parameters: GAD=1 vflib=1 dir=0 label=0 lowerbound=1 fileNameGp=../graphsdb/mcs90/rand/r02/mcs90_r02_s35.A38 fileNameGt=../graphsdb/mcs90/rand/r02/mcs90_r02_s35.B38
Reading graphs...
35 :  219
35 :  218
Initializing...
maxdom : 35
D->valSize : 1225
Solving...
currentSize : 10 <-- 0.017338 s
currentSize : 11 <-- 0.017654 s
currentSize : 12 <-- 0.018922 s
currentSize : 13 <-- 0.019397 s
currentSize : 14 <-- 0.083972 s
currentSize : 15 <-- 1.692212 s
currentSize : 16 <-- 6.090762 s
currentSize : 17 <-- 16.731277 s
currentSize : 19 <-- 121.011269 s
currentSize : 21 <-- 127.505508 s
currentSize : 23 <-- 154.670029 s
currentSize : 31 <-- 154.670425 s

maxsize : 31
nodes : 12314817.000000
filtered : 238687004.000000
CCGP filtered : 39285.000000
CCGT filtered : 69366.000000
time : 154.831680
