Parameters: GAD=1 vflib=1 dir=0 label=0 lowerbound=1 fileNameGp=../graphsdb/mcs90/bvg/b09m/mcs90_b09m_s20.A91 fileNameGt=../graphsdb/mcs90/bvg/b09m/mcs90_b09m_s20.B91
Reading graphs...
20 :  86
20 :  87
Initializing...
maxdom : 20
D->valSize : 400
Solving...
currentSize : 7 <-- 0.002015 s
currentSize : 8 <-- 0.002069 s
currentSize : 9 <-- 0.002134 s
currentSize : 10 <-- 0.002443 s
currentSize : 11 <-- 0.009193 s
currentSize : 12 <-- 0.025602 s
currentSize : 13 <-- 0.090093 s
currentSize : 14 <-- 0.090271 s
currentSize : 18 <-- 0.114095 s

maxsize : 18
nodes : 15402.000000
filtered : 226894.000000
CCGP filtered : 5.000000
CCGT filtered : 29.000000
time : 0.117276
