Parameters: GAD=1 vflib=1 dir=0 label=0 lowerbound=1 fileNameGp=../graphsdb/mcs90/rand/r02/mcs90_r02_s30.A69 fileNameGt=../graphsdb/mcs90/rand/r02/mcs90_r02_s30.B69
Reading graphs...
30 :  160
30 :  160
Initializing...
maxdom : 30
D->valSize : 900
Solving...
currentSize : 9 <-- 0.016451 s
currentSize : 10 <-- 0.016568 s
currentSize : 11 <-- 0.016875 s
currentSize : 12 <-- 0.022174 s
currentSize : 13 <-- 0.207699 s
currentSize : 14 <-- 35.727859 s
currentSize : 15 <-- 48.675560 s
currentSize : 16 <-- 48.699665 s
currentSize : 17 <-- 61.337170 s
currentSize : 18 <-- 63.443024 s
currentSize : 27 <-- 63.443245 s

maxsize : 27
nodes : 6523877.000000
filtered : 74042086.000000
CCGP filtered : 57705.000000
CCGT filtered : 103858.000000
time : 63.494846
