Parameters: GAD=1 vflib=1 dir=0 label=0 lowerbound=1 fileNameGp=../graphsdb/mcs90/m2D/m2Dr4/mcs90_m2Dr4_s30.A62 fileNameGt=../graphsdb/mcs90/m2D/m2Dr4/mcs90_m2Dr4_s30.B62
Reading graphs...
30 :  59
30 :  59
Initializing...
maxdom : 30
D->valSize : 900
Solving...
currentSize : 14 <-- 0.010797 s
currentSize : 15 <-- 0.010829 s
currentSize : 17 <-- 0.011072 s
currentSize : 18 <-- 0.011567 s
currentSize : 19 <-- 0.065970 s
currentSize : 20 <-- 0.144565 s
currentSize : 21 <-- 4.430992 s
currentSize : 22 <-- 4.451218 s
currentSize : 25 <-- 4.456056 s

maxsize : 25
nodes : 348094.000000
filtered : 9648216.000000
CCGP filtered : 939594.000000
CCGT filtered : 488935.000000
time : 5.199752
