Parameters: GAD=1 vflib=1 dir=0 label=0 lowerbound=1 fileNameGp=../graphsdb/mcs90/rand/r005/mcs90_r005_s25.A43 fileNameGt=../graphsdb/mcs90/rand/r005/mcs90_r005_s25.B43
Reading graphs...
25 :  28
25 :  29
Initializing...
maxdom : 25
D->valSize : 625
Solving...
currentSize : 7 <-- 0.005502 s
currentSize : 10 <-- 0.005598 s
currentSize : 11 <-- 0.005623 s
currentSize : 12 <-- 0.005643 s
currentSize : 14 <-- 0.005698 s
currentSize : 15 <-- 0.006241 s
currentSize : 16 <-- 0.036408 s
currentSize : 17 <-- 0.049582 s
currentSize : 18 <-- 0.062999 s
currentSize : 19 <-- 0.077918 s
currentSize : 20 <-- 0.262902 s
currentSize : 21 <-- 0.263016 s
currentSize : 22 <-- 0.273100 s

maxsize : 22
nodes : 20681.000000
filtered : 456450.000000
CCGP filtered : 141739.000000
CCGT filtered : 34039.000000
time : 0.292785
