Parameters: GAD=1 vflib=1 dir=0 label=0 lowerbound=1 fileNameGp=../graphsdb/mcs90/bvg/b06/mcs90_b06_s30.A86 fileNameGt=../graphsdb/mcs90/bvg/b06/mcs90_b06_s30.B86
Reading graphs...
30 :  90
30 :  90
Initializing...
maxdom : 30
D->valSize : 900
Solving...
currentSize : 15 <-- 0.018007 s
currentSize : 16 <-- 0.018411 s
currentSize : 17 <-- 0.020895 s
currentSize : 18 <-- 0.023840 s
currentSize : 19 <-- 0.024741 s
currentSize : 20 <-- 0.025041 s
currentSize : 21 <-- 0.026403 s
currentSize : 22 <-- 0.026708 s
currentSize : 23 <-- 0.027079 s
currentSize : 24 <-- 0.030013 s
currentSize : 25 <-- 0.030217 s
currentSize : 27 <-- 0.037282 s

maxsize : 27
nodes : 5613.000000
filtered : 286417.000000
CCGP filtered : 300.000000
CCGT filtered : 51.000000
time : 0.235695
