Parameters: GAD=1 vflib=1 dir=0 label=0 lowerbound=1 fileNameGp=../graphsdb/mcs90/m3D/m3Dr2/mcs90_m3Dr2_s30.A27 fileNameGt=../graphsdb/mcs90/m3D/m3Dr2/mcs90_m3Dr2_s30.B27
Reading graphs...
30 :  67
30 :  67
Initializing...
maxdom : 30
D->valSize : 900
Solving...
currentSize : 15 <-- 0.015153 s
currentSize : 16 <-- 0.015643 s
currentSize : 17 <-- 0.023128 s
currentSize : 18 <-- 0.040843 s
currentSize : 19 <-- 0.383901 s
currentSize : 20 <-- 0.398846 s
currentSize : 21 <-- 4.578719 s
currentSize : 23 <-- 5.243732 s
currentSize : 27 <-- 5.252271 s

maxsize : 27
nodes : 353029.000000
filtered : 8732887.000000
CCGP filtered : 337769.000000
CCGT filtered : 89397.000000
time : 5.423167
