Parameters: GAD=1 vflib=1 dir=0 label=0 lowerbound=1 fileNameGp=../graphsdb/mcs90/rand/r01/mcs90_r01_s35.A71 fileNameGt=../graphsdb/mcs90/rand/r01/mcs90_r01_s35.B71
Reading graphs...
35 :  110
35 :  111
Initializing...
maxdom : 35
D->valSize : 1225
Solving...
currentSize : 14 <-- 0.019507 s
currentSize : 15 <-- 0.020292 s
currentSize : 16 <-- 0.030296 s
currentSize : 17 <-- 0.032418 s
currentSize : 18 <-- 0.052401 s
currentSize : 19 <-- 1.122642 s
currentSize : 20 <-- 65.997223 s
currentSize : 25 <-- 153.148743 s
currentSize : 26 <-- 153.516937 s
currentSize : 27 <-- 153.567184 s
currentSize : 31 <-- 155.069275 s

maxsize : 31
nodes : 12371020.000000
filtered : 296707891.000000
CCGP filtered : 6800449.000000
CCGT filtered : 11204254.000000
time : 155.341782
