Parameters: GAD=1 vflib=1 dir=0 label=0 lowerbound=1 fileNameGp=../graphsdb/mcs90/bvg/b06m/mcs90_b06m_s30.A20 fileNameGt=../graphsdb/mcs90/bvg/b06m/mcs90_b06m_s30.B20
Reading graphs...
30 :  87
30 :  86
Initializing...
maxdom : 30
D->valSize : 900
Solving...
currentSize : 11 <-- 0.018113 s
currentSize : 12 <-- 0.018235 s
currentSize : 13 <-- 0.018432 s
currentSize : 14 <-- 0.020092 s
currentSize : 15 <-- 0.020280 s
currentSize : 16 <-- 0.054169 s
currentSize : 17 <-- 0.061433 s
currentSize : 18 <-- 0.415944 s
currentSize : 19 <-- 0.437466 s
currentSize : 21 <-- 4.977417 s
currentSize : 22 <-- 5.168834 s
currentSize : 23 <-- 5.169990 s
currentSize : 27 <-- 5.205524 s

maxsize : 27
nodes : 393944.000000
filtered : 12809774.000000
CCGP filtered : 953488.000000
CCGT filtered : 697949.000000
time : 5.272871
