Parameters: GAD=1 vflib=1 dir=0 label=0 lowerbound=1 fileNameGp=../graphsdb/mcs90/bvg/b06m/mcs90_b06m_s25.A40 fileNameGt=../graphsdb/mcs90/bvg/b06m/mcs90_b06m_s25.B40
Reading graphs...
25 :  75
25 :  75
Initializing...
maxdom : 25
D->valSize : 625
Solving...
currentSize : 8 <-- 0.004807 s
currentSize : 11 <-- 0.004904 s
currentSize : 12 <-- 0.005064 s
currentSize : 13 <-- 0.006456 s
currentSize : 14 <-- 0.106951 s
currentSize : 15 <-- 0.397414 s
currentSize : 16 <-- 0.648850 s
currentSize : 17 <-- 0.648954 s
currentSize : 22 <-- 0.687756 s

maxsize : 22
nodes : 65431.000000
filtered : 1322045.000000
CCGP filtered : 109879.000000
CCGT filtered : 18115.000000
time : 0.721326
