Parameters: GAD=1 vflib=1 dir=0 label=0 lowerbound=1 fileNameGp=../graphsdb/mcs90/bvg/b03/mcs90_b03_s30.A65 fileNameGt=../graphsdb/mcs90/bvg/b03/mcs90_b03_s30.B65
Reading graphs...
30 :  45
30 :  45
Initializing...
maxdom : 30
D->valSize : 900
Solving...
currentSize : 20 <-- 0.011054 s
currentSize : 21 <-- 0.011207 s
currentSize : 22 <-- 0.012536 s
currentSize : 23 <-- 0.012704 s
currentSize : 24 <-- 0.013243 s
currentSize : 25 <-- 0.050477 s
currentSize : 26 <-- 0.076085 s
currentSize : 27 <-- 0.503327 s
currentSize : 28 <-- 0.537087 s

maxsize : 28
nodes : 9606.000000
filtered : 498665.000000
CCGP filtered : 40399.000000
CCGT filtered : 6973.000000
time : 0.692890
