Parameters: GAD=1 vflib=1 dir=0 label=0 lowerbound=1 fileNameGp=../graphsdb/mcs90/bvg/b03m/mcs90_b03m_s25.A50 fileNameGt=../graphsdb/mcs90/bvg/b03m/mcs90_b03m_s25.B50
Reading graphs...
25 :  37
25 :  36
Initializing...
maxdom : 25
D->valSize : 625
Solving...
currentSize : 12 <-- 0.005322 s
currentSize : 13 <-- 0.005736 s
currentSize : 15 <-- 0.005763 s
currentSize : 16 <-- 0.006622 s
currentSize : 17 <-- 0.024664 s
currentSize : 18 <-- 0.024733 s
currentSize : 19 <-- 0.167567 s
currentSize : 20 <-- 0.168277 s
currentSize : 22 <-- 0.170993 s

maxsize : 22
nodes : 14208.000000
filtered : 362685.000000
CCGP filtered : 173455.000000
CCGT filtered : 115335.000000
time : 0.293809
