Parameters: GAD=1 vflib=1 dir=0 label=0 lowerbound=1 fileNameGp=../graphsdb/mcs90/m4D/m4Dr4/mcs90_m4Dr4_s20.A29 fileNameGt=../graphsdb/mcs90/m4D/m4Dr4/mcs90_m4Dr4_s20.B29
Reading graphs...
20 :  45
20 :  43
Initializing...
maxdom : 20
D->valSize : 400
Solving...
currentSize : 8 <-- 0.002561 s
currentSize : 9 <-- 0.002794 s
currentSize : 10 <-- 0.002925 s
currentSize : 11 <-- 0.003920 s
currentSize : 12 <-- 0.008114 s
currentSize : 13 <-- 0.027236 s
currentSize : 14 <-- 0.084658 s
currentSize : 15 <-- 0.153132 s
currentSize : 16 <-- 0.153549 s

maxsize : 16
nodes : 17099.000000
filtered : 378593.000000
CCGP filtered : 137318.000000
CCGT filtered : 73280.000000
time : 0.168299
