Parameters: GAD=1 vflib=1 dir=0 label=0 lowerbound=1 fileNameGp=../graphsdb/mcs90/m2D/m2Dr4/mcs90_m2Dr4_s30.A80 fileNameGt=../graphsdb/mcs90/m2D/m2Dr4/mcs90_m2Dr4_s30.B80
Reading graphs...
30 :  61
30 :  60
Initializing...
maxdom : 30
D->valSize : 900
Solving...
currentSize : 12 <-- 0.010967 s
currentSize : 14 <-- 0.011103 s
currentSize : 15 <-- 0.011753 s
currentSize : 16 <-- 0.011949 s
currentSize : 17 <-- 0.014340 s
currentSize : 18 <-- 0.023303 s
currentSize : 19 <-- 0.025082 s
currentSize : 20 <-- 0.028190 s
currentSize : 21 <-- 14.729195 s
currentSize : 25 <-- 22.867847 s

maxsize : 25
nodes : 1239099.000000
filtered : 36964524.000000
CCGP filtered : 4063099.000000
CCGT filtered : 4496974.000000
time : 23.432768
