Parameters: GAD=1 vflib=1 dir=0 label=0 lowerbound=1 fileNameGp=../graphsdb/mcs90/bvg/b09m/mcs90_b09m_s20.A13 fileNameGt=../graphsdb/mcs90/bvg/b09m/mcs90_b09m_s20.B13
Reading graphs...
20 :  87
20 :  87
Initializing...
maxdom : 20
D->valSize : 400
Solving...
currentSize : 7 <-- 0.002031 s
currentSize : 8 <-- 0.002080 s
currentSize : 9 <-- 0.002128 s
currentSize : 10 <-- 0.002357 s
currentSize : 11 <-- 0.007272 s
currentSize : 12 <-- 0.009674 s
currentSize : 13 <-- 0.031911 s
currentSize : 14 <-- 0.151799 s
currentSize : 18 <-- 0.177461 s

maxsize : 18
nodes : 22854.000000
filtered : 454967.000000
CCGP filtered : 845.000000
CCGT filtered : 94.000000
time : 0.179495
