Parameters: GAD=1 vflib=1 dir=0 label=0 lowerbound=1 fileNameGp=../graphsdb/mcs90/rand/r02/mcs90_r02_s25.A77 fileNameGt=../graphsdb/mcs90/rand/r02/mcs90_r02_s25.B77
Reading graphs...
25 :  108
25 :  108
Initializing...
maxdom : 25
D->valSize : 625
Solving...
currentSize : 9 <-- 0.007857 s
currentSize : 10 <-- 0.007968 s
currentSize : 11 <-- 0.008296 s
currentSize : 12 <-- 0.024403 s
currentSize : 13 <-- 0.618826 s
currentSize : 14 <-- 2.576193 s
currentSize : 15 <-- 2.607951 s
currentSize : 18 <-- 2.608642 s
currentSize : 22 <-- 2.608916 s

maxsize : 22
nodes : 267240.000000
filtered : 3201737.000000
CCGP filtered : 2470.000000
CCGT filtered : 16951.000000
time : 2.639601
