Parameters: GAD=1 vflib=1 dir=0 label=0 lowerbound=1 fileNameGp=../graphsdb/mcs90/bvg/b03m/mcs90_b03m_s25.A18 fileNameGt=../graphsdb/mcs90/bvg/b03m/mcs90_b03m_s25.B18
Reading graphs...
25 :  36
25 :  36
Initializing...
maxdom : 25
D->valSize : 625
Solving...
currentSize : 9 <-- 0.005441 s
currentSize : 13 <-- 0.005490 s
currentSize : 14 <-- 0.006247 s
currentSize : 15 <-- 0.008139 s
currentSize : 16 <-- 0.010398 s
currentSize : 17 <-- 0.020998 s
currentSize : 18 <-- 0.038949 s
currentSize : 21 <-- 0.148460 s
currentSize : 22 <-- 0.148581 s

maxsize : 22
nodes : 11875.000000
filtered : 291344.000000
CCGP filtered : 132279.000000
CCGT filtered : 77151.000000
time : 0.242834
