Parameters: GAD=1 vflib=1 dir=0 label=0 lowerbound=1 fileNameGp=../graphsdb/mcs90/bvg/b06m/mcs90_b06m_s25.A21 fileNameGt=../graphsdb/mcs90/bvg/b06m/mcs90_b06m_s25.B21
Reading graphs...
25 :  73
25 :  73
Initializing...
maxdom : 25
D->valSize : 625
Solving...
currentSize : 10 <-- 0.008510 s
currentSize : 11 <-- 0.008550 s
currentSize : 12 <-- 0.008731 s
currentSize : 13 <-- 0.024208 s
currentSize : 14 <-- 0.088357 s
currentSize : 15 <-- 0.105260 s
currentSize : 16 <-- 0.111149 s
currentSize : 17 <-- 0.148954 s
currentSize : 18 <-- 0.151678 s
currentSize : 22 <-- 0.153002 s

maxsize : 22
nodes : 12799.000000
filtered : 199128.000000
CCGP filtered : 4246.000000
CCGT filtered : 1860.000000
time : 0.191661
