Parameters: GAD=1 vflib=1 dir=0 label=0 lowerbound=1 fileNameGp=../graphsdb/mcs90/bvg/b09m/mcs90_b09m_s30.A26 fileNameGt=../graphsdb/mcs90/bvg/b09m/mcs90_b09m_s30.B26
Reading graphs...
30 :  128
30 :  129
Initializing...
maxdom : 30
D->valSize : 900
Solving...
currentSize : 12 <-- 0.010049 s
currentSize : 13 <-- 0.010160 s
currentSize : 14 <-- 0.015965 s
currentSize : 15 <-- 0.029962 s
currentSize : 17 <-- 0.099421 s
currentSize : 18 <-- 0.099585 s
currentSize : 19 <-- 1.266354 s
currentSize : 22 <-- 1.277918 s
currentSize : 26 <-- 1.280131 s

maxsize : 26
nodes : 102434.000000
filtered : 3372681.000000
CCGP filtered : 23857.000000
CCGT filtered : 31834.000000
time : 1.467003
