Parameters: GAD=1 vflib=1 dir=0 label=0 lowerbound=1 fileNameGp=../graphsdb/mcs90/bvg/b09/mcs90_b09_s30.A89 fileNameGt=../graphsdb/mcs90/bvg/b09/mcs90_b09_s30.B89
Reading graphs...
30 :  135
30 :  135
Initializing...
maxdom : 30
D->valSize : 900
Solving...
currentSize : 10 <-- 0.009482 s
currentSize : 11 <-- 0.010522 s
currentSize : 12 <-- 0.017105 s
currentSize : 13 <-- 0.066108 s
currentSize : 14 <-- 0.203266 s
currentSize : 15 <-- 0.213139 s
currentSize : 16 <-- 0.216815 s
currentSize : 17 <-- 0.217839 s
currentSize : 18 <-- 0.238887 s
currentSize : 20 <-- 0.353388 s
currentSize : 22 <-- 0.353555 s
currentSize : 26 <-- 0.354013 s

maxsize : 26
nodes : 43233.000000
filtered : 1374252.000000
CCGP filtered : 7025.000000
CCGT filtered : 13575.000000
time : 0.701293
