Parameters: GAD=1 vflib=1 dir=0 label=0 lowerbound=1 fileNameGp=../graphsdb/mcs90/bvg/b06m/mcs90_b06m_s30.A93 fileNameGt=../graphsdb/mcs90/bvg/b06m/mcs90_b06m_s30.B93
Reading graphs...
30 :  89
30 :  89
Initializing...
maxdom : 30
D->valSize : 900
Solving...
currentSize : 12 <-- 0.010271 s
currentSize : 13 <-- 0.010410 s
currentSize : 14 <-- 0.010594 s
currentSize : 15 <-- 0.012548 s
currentSize : 16 <-- 0.059829 s
currentSize : 17 <-- 0.271598 s
currentSize : 18 <-- 2.624514 s
currentSize : 19 <-- 5.169484 s
currentSize : 27 <-- 8.729668 s

maxsize : 27
nodes : 638833.000000
filtered : 17505312.000000
CCGP filtered : 1188075.000000
CCGT filtered : 864679.000000
time : 8.803869
