Parameters: GAD=1 vflib=1 dir=0 label=0 lowerbound=1 fileNameGp=../graphsdb/mcs90/m2D/m2D/mcs90_m2D_s20.A08 fileNameGt=../graphsdb/mcs90/m2D/m2D/mcs90_m2D_s20.B08
Reading graphs...
20 :  31
20 :  31
Initializing...
maxdom : 20
D->valSize : 400
Solving...
currentSize : 9 <-- 0.003929 s
currentSize : 10 <-- 0.003976 s
currentSize : 11 <-- 0.004200 s
currentSize : 12 <-- 0.004377 s
currentSize : 13 <-- 0.005963 s
currentSize : 14 <-- 0.006104 s
currentSize : 15 <-- 0.019795 s
currentSize : 16 <-- 0.026749 s
currentSize : 17 <-- 0.028212 s

maxsize : 17
nodes : 3433.000000
filtered : 85093.000000
CCGP filtered : 7825.000000
CCGT filtered : 3424.000000
time : 0.050424
