Parameters: GAD=1 vflib=1 dir=0 label=0 lowerbound=1 fileNameGp=../graphsdb/mcs90/rand/r01/mcs90_r01_s35.A73 fileNameGt=../graphsdb/mcs90/rand/r01/mcs90_r01_s35.B73
Reading graphs...
35 :  115
35 :  112
Initializing...
maxdom : 35
D->valSize : 1225
Solving...
currentSize : 13 <-- 0.033736 s
currentSize : 15 <-- 0.033960 s
currentSize : 17 <-- 0.039267 s
currentSize : 18 <-- 0.137832 s
currentSize : 20 <-- 0.138210 s
currentSize : 21 <-- 0.139533 s
currentSize : 22 <-- 0.458212 s
currentSize : 23 <-- 0.495074 s
currentSize : 27 <-- 0.724182 s
currentSize : 31 <-- 0.738573 s

maxsize : 31
nodes : 54320.000000
filtered : 1937244.000000
CCGP filtered : 32010.000000
CCGT filtered : 40562.000000
time : 0.922983
