Parameters: GAD=1 vflib=1 dir=0 label=0 lowerbound=1 fileNameGp=../graphsdb/mcs90/rand/r02/mcs90_r02_s30.A41 fileNameGt=../graphsdb/mcs90/rand/r02/mcs90_r02_s30.B41
Reading graphs...
30 :  157
30 :  156
Initializing...
maxdom : 30
D->valSize : 900
Solving...
currentSize : 10 <-- 0.009579 s
currentSize : 11 <-- 0.009674 s
currentSize : 12 <-- 0.011703 s
currentSize : 13 <-- 0.011981 s
currentSize : 14 <-- 6.873666 s
currentSize : 15 <-- 16.684727 s
currentSize : 17 <-- 16.705601 s
currentSize : 18 <-- 19.793909 s
currentSize : 19 <-- 19.794909 s
currentSize : 21 <-- 20.675840 s
currentSize : 27 <-- 20.676588 s

maxsize : 27
nodes : 1994254.000000
filtered : 25311095.000000
CCGP filtered : 28839.000000
CCGT filtered : 37995.000000
time : 20.730223
