Parameters: GAD=1 vflib=1 dir=0 label=0 lowerbound=1 fileNameGp=../graphsdb/mcs90/bvg/b06m/mcs90_b06m_s35.A18 fileNameGt=../graphsdb/mcs90/bvg/b06m/mcs90_b06m_s35.B18
Reading graphs...
35 :  104
35 :  104
Initializing...
maxdom : 35
D->valSize : 1225
Solving...
currentSize : 12 <-- 0.034043 s
currentSize : 14 <-- 0.034247 s
currentSize : 15 <-- 0.035213 s
currentSize : 16 <-- 0.036770 s
currentSize : 17 <-- 0.053286 s
currentSize : 18 <-- 0.080575 s
currentSize : 19 <-- 0.080997 s
currentSize : 20 <-- 7.260451 s
currentSize : 23 <-- 25.084190 s
currentSize : 25 <-- 27.922995 s
currentSize : 29 <-- 28.416237 s
currentSize : 31 <-- 28.418097 s

maxsize : 31
nodes : 1662043.000000
filtered : 50509607.000000
CCGP filtered : 5137964.000000
CCGT filtered : 2514522.000000
time : 28.630531
