Parameters: GAD=1 vflib=1 dir=0 label=0 lowerbound=1 fileNameGp=../graphsdb/mcs90/rand/r02/mcs90_r02_s35.A32 fileNameGt=../graphsdb/mcs90/rand/r02/mcs90_r02_s35.B32
Reading graphs...
35 :  214
35 :  216
Initializing...
maxdom : 35
D->valSize : 1225
Solving...
currentSize : 11 <-- 0.017501 s
currentSize : 12 <-- 0.017687 s
currentSize : 13 <-- 0.093487 s
currentSize : 14 <-- 0.173116 s
currentSize : 15 <-- 8.149742 s
currentSize : 16 <-- 156.401978 s
currentSize : 19 <-- 189.908997 s
currentSize : 20 <-- 203.316666 s
currentSize : 21 <-- 287.731934 s
currentSize : 27 <-- 313.918213 s
currentSize : 31 <-- 313.924133 s

maxsize : 31
nodes : 25547404.000000
filtered : 411193174.000000
CCGP filtered : 69218.000000
CCGT filtered : 128129.000000
time : 314.141479
