Parameters: GAD=1 vflib=1 dir=0 label=0 lowerbound=1 fileNameGp=../graphsdb/mcs90/rand/r02/mcs90_r02_s35.A50 fileNameGt=../graphsdb/mcs90/rand/r02/mcs90_r02_s35.B50
Reading graphs...
35 :  212
35 :  213
Initializing...
maxdom : 35
D->valSize : 1225
Solving...
currentSize : 12 <-- 0.017970 s
currentSize : 13 <-- 0.022921 s
currentSize : 14 <-- 0.086122 s
currentSize : 15 <-- 7.439799 s
currentSize : 16 <-- 55.887398 s
currentSize : 17 <-- 74.088165 s
currentSize : 19 <-- 82.234322 s
currentSize : 20 <-- 88.293571 s
currentSize : 31 <-- 119.844353 s

maxsize : 31
nodes : 9910519.000000
filtered : 153776253.000000
CCGP filtered : 64050.000000
CCGT filtered : 204988.000000
time : 120.043335
