Parameters: GAD=1 vflib=1 dir=0 label=0 lowerbound=1 fileNameGp=../graphsdb/mcs90/rand/r01/mcs90_r01_s35.A26 fileNameGt=../graphsdb/mcs90/rand/r01/mcs90_r01_s35.B26
Reading graphs...
35 :  112
35 :  111
Initializing...
maxdom : 35
D->valSize : 1225
Solving...
currentSize : 13 <-- 0.019070 s
currentSize : 14 <-- 0.027463 s
currentSize : 15 <-- 0.027534 s
currentSize : 16 <-- 0.071131 s
currentSize : 17 <-- 0.077065 s
currentSize : 18 <-- 0.582787 s
currentSize : 19 <-- 2.452463 s
currentSize : 20 <-- 6.796762 s
currentSize : 21 <-- 6.796899 s
currentSize : 22 <-- 6.797149 s
currentSize : 27 <-- 13.908389 s
currentSize : 31 <-- 18.234669 s

maxsize : 31
nodes : 1178037.000000
filtered : 43773789.000000
CCGP filtered : 1592698.000000
CCGT filtered : 1142084.000000
time : 18.334080
