Parameters: GAD=1 vflib=1 dir=0 label=0 lowerbound=1 fileNameGp=../graphsdb/mcs90/bvg/b06/mcs90_b06_s35.A25 fileNameGt=../graphsdb/mcs90/bvg/b06/mcs90_b06_s35.B25
Reading graphs...
35 :  105
35 :  105
Initializing...
maxdom : 35
D->valSize : 1225
Solving...
currentSize : 18 <-- 0.019947 s
currentSize : 19 <-- 0.020173 s
currentSize : 22 <-- 0.020496 s
currentSize : 23 <-- 0.029515 s
currentSize : 24 <-- 0.029633 s
currentSize : 25 <-- 0.030653 s
currentSize : 26 <-- 0.031460 s
currentSize : 27 <-- 0.032064 s
currentSize : 28 <-- 0.032739 s
currentSize : 29 <-- 0.033437 s
currentSize : 31 <-- 0.051006 s

maxsize : 31
nodes : 12300.000000
filtered : 885352.000000
CCGP filtered : 1964.000000
CCGT filtered : 9134.000000
time : 1.088035
