Parameters: GAD=1 vflib=1 dir=0 label=0 lowerbound=1 fileNameGp=../graphsdb/mcs90/bvg/b06m/mcs90_b06m_s30.A42 fileNameGt=../graphsdb/mcs90/bvg/b06m/mcs90_b06m_s30.B42
Reading graphs...
30 :  89
30 :  89
Initializing...
maxdom : 30
D->valSize : 900
Solving...
currentSize : 13 <-- 0.017914 s
currentSize : 14 <-- 0.018283 s
currentSize : 15 <-- 0.019440 s
currentSize : 16 <-- 0.047821 s
currentSize : 17 <-- 0.199760 s
currentSize : 20 <-- 0.270042 s
currentSize : 21 <-- 0.292320 s
currentSize : 23 <-- 0.341002 s
currentSize : 27 <-- 0.852429 s

maxsize : 27
nodes : 41244.000000
filtered : 1762445.000000
CCGP filtered : 56944.000000
CCGT filtered : 37173.000000
time : 0.911245
