Parameters: GAD=1 vflib=1 dir=0 label=0 lowerbound=1 fileNameGp=../graphsdb/mcs90/bvg/b06m/mcs90_b06m_s35.A82 fileNameGt=../graphsdb/mcs90/bvg/b06m/mcs90_b06m_s35.B82
Reading graphs...
35 :  104
35 :  105
Initializing...
maxdom : 35
D->valSize : 1225
Solving...
currentSize : 15 <-- 0.019133 s
currentSize : 16 <-- 0.019288 s
currentSize : 17 <-- 0.019499 s
currentSize : 18 <-- 0.019742 s
currentSize : 19 <-- 0.021105 s
currentSize : 20 <-- 6.775979 s
currentSize : 21 <-- 18.532871 s
currentSize : 22 <-- 52.253395 s
currentSize : 23 <-- 69.723221 s
currentSize : 24 <-- 70.423706 s
currentSize : 25 <-- 71.818634 s
currentSize : 31 <-- 75.313614 s

maxsize : 31
nodes : 4048423.000000
filtered : 136327200.000000
CCGP filtered : 13047506.000000
CCGT filtered : 6334938.000000
time : 75.663025
