Parameters: GAD=1 vflib=1 dir=0 label=0 lowerbound=1 fileNameGp=../graphsdb/mcs90/rand/r02/mcs90_r02_s30.A37 fileNameGt=../graphsdb/mcs90/rand/r02/mcs90_r02_s30.B37
Reading graphs...
30 :  155
30 :  160
Initializing...
maxdom : 30
D->valSize : 900
Solving...
currentSize : 10 <-- 0.016392 s
currentSize : 11 <-- 0.017012 s
currentSize : 12 <-- 0.021945 s
currentSize : 13 <-- 0.123230 s
currentSize : 14 <-- 0.457294 s
currentSize : 15 <-- 51.573994 s
currentSize : 16 <-- 52.737141 s
currentSize : 17 <-- 58.972828 s
currentSize : 19 <-- 62.422714 s
currentSize : 23 <-- 62.870392 s
currentSize : 27 <-- 62.878403 s

maxsize : 27
nodes : 6111604.000000
filtered : 80920623.000000
CCGP filtered : 176364.000000
CCGT filtered : 290689.000000
time : 62.901424
