Parameters: GAD=1 vflib=1 dir=0 label=0 lowerbound=1 fileNameGp=../graphsdb/mcs90/rand/r02/mcs90_r02_s35.A45 fileNameGt=../graphsdb/mcs90/rand/r02/mcs90_r02_s35.B45
Reading graphs...
35 :  204
35 :  207
Initializing...
maxdom : 35
D->valSize : 1225
Solving...
currentSize : 9 <-- 0.029797 s
currentSize : 10 <-- 0.029885 s
currentSize : 11 <-- 0.030482 s
currentSize : 12 <-- 0.031534 s
currentSize : 13 <-- 0.038428 s
currentSize : 14 <-- 0.108566 s
currentSize : 15 <-- 89.931328 s
currentSize : 16 <-- 143.546585 s
currentSize : 17 <-- 155.454498 s
currentSize : 20 <-- 174.541092 s
currentSize : 22 <-- 176.049606 s
currentSize : 23 <-- 176.099152 s
currentSize : 25 <-- 176.143539 s
currentSize : 31 <-- 176.178207 s

maxsize : 31
nodes : 15825732.000000
filtered : 191928686.000000
CCGP filtered : 213136.000000
CCGT filtered : 366513.000000
time : 176.373795
