Parameters: GAD=1 vflib=1 dir=0 label=0 lowerbound=1 fileNameGp=../graphsdb/mcs90/bvg/b06m/mcs90_b06m_s20.A45 fileNameGt=../graphsdb/mcs90/bvg/b06m/mcs90_b06m_s20.B45
Reading graphs...
20 :  60
20 :  59
Initializing...
maxdom : 20
D->valSize : 400
Solving...
currentSize : 8 <-- 0.001987 s
currentSize : 9 <-- 0.002069 s
currentSize : 10 <-- 0.002171 s
currentSize : 11 <-- 0.006528 s
currentSize : 12 <-- 0.016260 s
currentSize : 13 <-- 0.016378 s
currentSize : 14 <-- 0.016466 s
currentSize : 15 <-- 0.087215 s
currentSize : 16 <-- 0.087473 s
currentSize : 18 <-- 0.089891 s

maxsize : 18
nodes : 10948.000000
filtered : 223700.000000
CCGP filtered : 3236.000000
CCGT filtered : 5052.000000
time : 0.094280
