Parameters: GAD=1 vflib=1 dir=0 label=0 lowerbound=1 fileNameGp=../graphsdb/mcs90/m2D/m2Dr4/mcs90_m2Dr4_s30.A79 fileNameGt=../graphsdb/mcs90/m2D/m2Dr4/mcs90_m2Dr4_s30.B79
Reading graphs...
30 :  60
30 :  58
Initializing...
maxdom : 30
D->valSize : 900
Solving...
currentSize : 15 <-- 0.018991 s
currentSize : 16 <-- 0.019280 s
currentSize : 17 <-- 0.019599 s
currentSize : 18 <-- 0.020778 s
currentSize : 20 <-- 0.021906 s
currentSize : 21 <-- 0.022267 s
currentSize : 22 <-- 13.503511 s
currentSize : 23 <-- 16.268494 s
currentSize : 25 <-- 16.268721 s

maxsize : 25
nodes : 779962.000000
filtered : 26994705.000000
CCGP filtered : 2083989.000000
CCGT filtered : 1646756.000000
time : 17.035240
