Parameters: GAD=1 vflib=1 dir=0 label=0 lowerbound=1 fileNameGp=../graphsdb/mcs90/m3D/m3Dr4/mcs90_m3Dr4_s30.A47 fileNameGt=../graphsdb/mcs90/m3D/m3Dr4/mcs90_m3Dr4_s30.B47
Reading graphs...
30 :  73
30 :  73
Initializing...
maxdom : 30
D->valSize : 900
Solving...
currentSize : 14 <-- 0.010588 s
currentSize : 15 <-- 0.010672 s
currentSize : 16 <-- 0.010937 s
currentSize : 17 <-- 0.019251 s
currentSize : 18 <-- 0.037973 s
currentSize : 19 <-- 2.409062 s
currentSize : 20 <-- 20.886282 s
currentSize : 21 <-- 44.911068 s
currentSize : 22 <-- 50.574699 s
currentSize : 23 <-- 51.250427 s
currentSize : 27 <-- 52.219044 s

maxsize : 27
nodes : 4318165.000000
filtered : 113915084.000000
CCGP filtered : 3219919.000000
CCGT filtered : 1448613.000000
time : 52.266727
