Parameters: GAD=1 vflib=1 dir=0 label=0 lowerbound=1 fileNameGp=../graphsdb/mcs90/bvg/b06m/mcs90_b06m_s30.A01 fileNameGt=../graphsdb/mcs90/bvg/b06m/mcs90_b06m_s30.B01
Reading graphs...
30 :  88
30 :  88
Initializing...
maxdom : 30
D->valSize : 900
Solving...
currentSize : 12 <-- 0.010171 s
currentSize : 14 <-- 0.010243 s
currentSize : 15 <-- 0.010294 s
currentSize : 16 <-- 0.011250 s
currentSize : 17 <-- 0.011301 s
currentSize : 18 <-- 0.068335 s
currentSize : 19 <-- 0.997980 s
currentSize : 20 <-- 1.057514 s
currentSize : 22 <-- 3.276513 s
currentSize : 25 <-- 3.802371 s
currentSize : 27 <-- 3.802641 s

maxsize : 27
nodes : 248643.000000
filtered : 9023265.000000
CCGP filtered : 559254.000000
CCGT filtered : 238195.000000
time : 3.888757
