Parameters: GAD=1 vflib=1 dir=0 label=0 lowerbound=1 fileNameGp=../graphsdb/mcs90/bvg/b06m/mcs90_b06m_s35.A09 fileNameGt=../graphsdb/mcs90/bvg/b06m/mcs90_b06m_s35.B09
Reading graphs...
35 :  104
35 :  103
Initializing...
maxdom : 35
D->valSize : 1225
Solving...
currentSize : 13 <-- 0.033557 s
currentSize : 14 <-- 0.033622 s
currentSize : 15 <-- 0.033826 s
currentSize : 16 <-- 0.034234 s
currentSize : 17 <-- 0.036895 s
currentSize : 18 <-- 0.050738 s
currentSize : 19 <-- 0.272584 s
currentSize : 20 <-- 51.089130 s
currentSize : 21 <-- 203.315750 s
currentSize : 22 <-- 288.817169 s
currentSize : 31 <-- 289.348907 s

maxsize : 31
nodes : 17587252.000000
filtered : 504254158.000000
CCGP filtered : 38595272.000000
CCGT filtered : 23299304.000000
time : 289.726196
