Parameters: GAD=1 vflib=1 dir=0 label=0 lowerbound=1 fileNameGp=../graphsdb/mcs10/rand/r005/mcs10_r005_s30.A85 fileNameGt=../graphsdb/mcs10/rand/r005/mcs10_r005_s30.B85
Reading graphs...
30 :  45
30 :  45
Initializing...
maxdom : 30
D->valSize : 900
Solving...
Blb : 2 (clique : 16)
currentSize : 16 <-- 0.011271 s
currentSize : 18 <-- 0.011392 s
currentSize : 19 <-- 0.011433 s
currentSize : 20 <-- 0.012043 s
currentSize : 21 <-- 0.015722 s
currentSize : 22 <-- 1.879974 s
currentSize : 23 <-- 3.286765 s

maxsize : 23
nodes : 3887820.000000
filtered : 255595777.000000
time : 287.300446
