Parameters: GAD=1 vflib=1 dir=0 label=0 lowerbound=1 fileNameGp=../graphsdb/mcs10/rand/r01/mcs10_r01_s35.A25 fileNameGt=../graphsdb/mcs10/rand/r01/mcs10_r01_s35.B25
Reading graphs...
35 :  112
35 :  113
Initializing...
maxdom : 35
D->valSize : 1225
Solving...
Blb : 2 (clique : 15)
currentSize : 15 <-- 0.019244 s
currentSize : 16 <-- 0.021539 s
currentSize : 17 <-- 0.024163 s
currentSize : 18 <-- 0.648589 s
currentSize : 19 <-- 15.224707 s
currentSize : 20 <-- 226.123657 s

TIMEOUT
maxsize : 20
nodes : 386004841.000000
filtered : 11283128627.000000
time : 3600.000000
