Parameters: GAD=1 vflib=1 dir=0 label=0 lowerbound=1 fileNameGp=../graphsdb/mcs10/rand/r01/mcs10_r01_s25.A39 fileNameGt=../graphsdb/mcs10/rand/r01/mcs10_r01_s25.B39
Reading graphs...
25 :  59
25 :  56
Initializing...
maxdom : 25
D->valSize : 625
Solving...
Blb : 2 (clique : 13)
currentSize : 13 <-- 0.005298 s
currentSize : 14 <-- 0.010213 s
currentSize : 15 <-- 0.057053 s
currentSize : 16 <-- 1.506670 s
currentSize : 17 <-- 5.109693 s

maxsize : 17
nodes : 832931.000000
filtered : 25523225.000000
time : 9.851029
