Parameters: GAD=1 vflib=1 dir=0 label=0 lowerbound=1 fileNameGp=../graphsdb/mcs10/rand/r02/mcs10_r02_s35.A94 fileNameGt=../graphsdb/mcs10/rand/r02/mcs10_r02_s35.B94
Reading graphs...
35 :  220
35 :  211
Initializing...
maxdom : 35
D->valSize : 1225
Solving...
Blb : 2 (clique : 10)
currentSize : 10 <-- 0.028538 s
currentSize : 11 <-- 0.028655 s
currentSize : 12 <-- 0.028751 s
currentSize : 13 <-- 0.029854 s
currentSize : 14 <-- 0.055748 s
currentSize : 15 <-- 93.957016 s
currentSize : 16 <-- 1934.057251 s

maxsize : 16
nodes : 750588236.000000
filtered : 11155936518.000000
time : 3452.781738
