Parameters: GAD=1 vflib=1 dir=0 label=0 lowerbound=1 fileNameGp=../graphsdb/mcs10/rand/r01/mcs10_r01_s20.A02 fileNameGt=../graphsdb/mcs10/rand/r01/mcs10_r01_s20.B02
Reading graphs...
20 :  38
20 :  38
Initializing...
maxdom : 20
D->valSize : 400
Solving...
Blb : 2 (clique : 10)
currentSize : 10 <-- 0.002286 s
currentSize : 11 <-- 0.002722 s
currentSize : 12 <-- 0.002757 s
currentSize : 13 <-- 0.002944 s
currentSize : 14 <-- 0.206176 s

maxsize : 14
nodes : 70196.000000
filtered : 1460645.000000
time : 0.623559
