Parameters: GAD=1 vflib=1 dir=0 label=0 lowerbound=1 fileNameGp=../graphsdb/mcs10/rand/r005/mcs10_r005_s35.A86 fileNameGt=../graphsdb/mcs10/rand/r005/mcs10_r005_s35.B86
Reading graphs...
35 :  60
35 :  60
Initializing...
maxdom : 35
D->valSize : 1225
Solving...
Blb : 2 (clique : 19)
currentSize : 19 <-- 0.020969 s
currentSize : 21 <-- 0.021145 s
currentSize : 22 <-- 0.023957 s
currentSize : 23 <-- 0.041116 s
currentSize : 24 <-- 1.689942 s
currentSize : 25 <-- 15.655083 s

TIMEOUT
maxsize : 25
nodes : 57323521.000000
filtered : 3502342178.000000
time : 3600.000000
