Parameters: GAD=1 vflib=1 dir=0 label=0 lowerbound=1 fileNameGp=../graphsdb/mcs10/rand/r01/mcs10_r01_s30.A64 fileNameGt=../graphsdb/mcs10/rand/r01/mcs10_r01_s30.B64
Reading graphs...
30 :  82
30 :  86
Initializing...
maxdom : 30
D->valSize : 900
Solving...
Blb : 2 (clique : 15)
currentSize : 15 <-- 0.018347 s
currentSize : 16 <-- 0.018575 s
currentSize : 17 <-- 0.059030 s
currentSize : 18 <-- 1.877897 s
currentSize : 19 <-- 170.692123 s

maxsize : 19
nodes : 28101462.000000
filtered : 979092499.000000
time : 351.429749
