Parameters: GAD=1 vflib=1 dir=0 label=0 lowerbound=1 fileNameGp=../graphsdb/mcs10/rand/r01/mcs10_r01_s25.A37 fileNameGt=../graphsdb/mcs10/rand/r01/mcs10_r01_s25.B37
Reading graphs...
25 :  59
25 :  59
Initializing...
maxdom : 25
D->valSize : 625
Solving...
Blb : 2 (clique : 12)
currentSize : 12 <-- 0.008926 s
currentSize : 13 <-- 0.009475 s
currentSize : 14 <-- 0.009952 s
currentSize : 15 <-- 0.018064 s
currentSize : 16 <-- 0.202495 s

maxsize : 16
nodes : 1724939.000000
filtered : 44805659.000000
time : 18.314444
