Parameters: GAD=1 vflib=1 dir=0 label=0 lowerbound=1 fileNameGp=../graphsdb/mcs10/rand/r005/mcs10_r005_s30.A62 fileNameGt=../graphsdb/mcs10/rand/r005/mcs10_r005_s30.B62
Reading graphs...
30 :  45
30 :  43
Initializing...
maxdom : 30
D->valSize : 900
Solving...
Blb : 2 (clique : 17)
currentSize : 17 <-- 0.011126 s
currentSize : 19 <-- 0.011253 s
currentSize : 20 <-- 0.013720 s
currentSize : 21 <-- 0.015014 s
currentSize : 22 <-- 2.602878 s
currentSize : 23 <-- 521.893127 s

maxsize : 23
nodes : 10694729.000000
filtered : 672007173.000000
time : 670.688232
