Parameters: GAD=1 vflib=1 dir=0 label=0 lowerbound=1 fileNameGp=../graphsdb/mcs10/rand/r005/mcs10_r005_s30.A54 fileNameGt=../graphsdb/mcs10/rand/r005/mcs10_r005_s30.B54
Reading graphs...
30 :  39
30 :  44
Initializing...
maxdom : 30
D->valSize : 900
Solving...
Blb : 2 (clique : 17)
currentSize : 17 <-- 0.011517 s
currentSize : 18 <-- 0.011812 s
currentSize : 19 <-- 0.012033 s
currentSize : 20 <-- 0.012118 s
currentSize : 21 <-- 0.016435 s
currentSize : 22 <-- 0.539517 s
currentSize : 23 <-- 3.166180 s

maxsize : 23
nodes : 12243368.000000
filtered : 776578079.000000
time : 760.156860
