Parameters: GAD=1 vflib=1 dir=0 label=0 lowerbound=1 fileNameGp=../graphsdb/mcs10/rand/r01/mcs10_r01_s35.A70 fileNameGt=../graphsdb/mcs10/rand/r01/mcs10_r01_s35.B70
Reading graphs...
35 :  115
35 :  115
Initializing...
maxdom : 35
D->valSize : 1225
Solving...
Blb : 2 (clique : 14)
currentSize : 14 <-- 0.033790 s
currentSize : 15 <-- 0.034055 s
currentSize : 16 <-- 0.035577 s
currentSize : 17 <-- 0.036194 s
currentSize : 18 <-- 0.037492 s
currentSize : 19 <-- 0.392201 s
currentSize : 20 <-- 387.690002 s

TIMEOUT
maxsize : 20
nodes : 394967296.000000
filtered : 11144536585.000000
time : 3600.000000
