Parameters: GAD=1 vflib=1 dir=0 label=0 lowerbound=1 fileNameGp=../graphsdb/mcs10/rand/r005/mcs10_r005_s35.A95 fileNameGt=../graphsdb/mcs10/rand/r005/mcs10_r005_s35.B95
Reading graphs...
35 :  60
35 :  60
Initializing...
maxdom : 35
D->valSize : 1225
Solving...
Blb : 2 (clique : 20)
currentSize : 20 <-- 0.020947 s
currentSize : 21 <-- 0.021775 s
currentSize : 22 <-- 0.025272 s
currentSize : 23 <-- 0.025840 s
currentSize : 24 <-- 3.014766 s
currentSize : 25 <-- 54.882019 s
currentSize : 26 <-- 2174.217773 s

TIMEOUT
maxsize : 26
nodes : 71642869.000000
filtered : 5647297269.000000
time : 3600.000000
