Parameters: GAD=1 vflib=1 dir=0 label=0 lowerbound=1 fileNameGp=../graphsdb/mcs10/rand/r005/mcs10_r005_s30.A22 fileNameGt=../graphsdb/mcs10/rand/r005/mcs10_r005_s30.B22
Reading graphs...
30 :  44
30 :  42
Initializing...
maxdom : 30
D->valSize : 900
Solving...
Blb : 2 (clique : 19)
currentSize : 19 <-- 0.020153 s
currentSize : 20 <-- 0.020424 s
currentSize : 21 <-- 0.041777 s
currentSize : 22 <-- 0.058541 s
currentSize : 23 <-- 0.081395 s

maxsize : 23
nodes : 1651904.000000
filtered : 104224085.000000
time : 154.309250
