Parameters: GAD=1 vflib=1 dir=0 label=0 lowerbound=1 fileNameGp=../graphsdb/mcs10/rand/r01/mcs10_r01_s35.A17 fileNameGt=../graphsdb/mcs10/rand/r01/mcs10_r01_s35.B17
Reading graphs...
35 :  114
35 :  119
Initializing...
maxdom : 35
D->valSize : 1225
Solving...
Blb : 2 (clique : 15)
currentSize : 15 <-- 0.019014 s
currentSize : 16 <-- 0.019495 s
currentSize : 17 <-- 0.019896 s
currentSize : 18 <-- 0.027020 s
currentSize : 19 <-- 0.189942 s
currentSize : 20 <-- 430.072205 s

TIMEOUT
maxsize : 20
nodes : 343147215.000000
filtered : 10677712003.000000
time : 3600.000000
