Parameters: GAD=1 vflib=1 dir=0 label=0 lowerbound=1 fileNameGp=../graphsdb/mcs10/rand/r01/mcs10_r01_s25.A17 fileNameGt=../graphsdb/mcs10/rand/r01/mcs10_r01_s25.B17
Reading graphs...
25 :  56
25 :  60
Initializing...
maxdom : 25
D->valSize : 625
Solving...
Blb : 2 (clique : 13)
currentSize : 13 <-- 0.008977 s
currentSize : 14 <-- 0.009190 s
currentSize : 15 <-- 0.036115 s
currentSize : 16 <-- 0.118267 s
currentSize : 17 <-- 13.238202 s

maxsize : 17
nodes : 1691772.000000
filtered : 45423933.000000
time : 15.448144
