Parameters: GAD=1 vflib=1 dir=0 label=0 lowerbound=1 fileNameGp=../graphsdb/mcs10/rand/r02/mcs10_r02_s35.A87 fileNameGt=../graphsdb/mcs10/rand/r02/mcs10_r02_s35.B87
Reading graphs...
35 :  216
35 :  221
Initializing...
maxdom : 35
D->valSize : 1225
Solving...
Blb : 5 (clique : 10)
currentSize : 10 <-- 0.021806 s
currentSize : 12 <-- 0.021940 s
currentSize : 13 <-- 0.024942 s
currentSize : 14 <-- 0.204000 s
currentSize : 15 <-- 33.561565 s
currentSize : 16 <-- 457.299988 s

maxsize : 16
nodes : 678905865.000000
filtered : 10753824308.000000
time : 3132.337891
