Parameters: GAD=1 vflib=1 dir=0 label=0 lowerbound=1 fileNameGp=../graphsdb/mcs10/rand/r005/mcs10_r005_s35.A31 fileNameGt=../graphsdb/mcs10/rand/r005/mcs10_r005_s35.B31
Reading graphs...
35 :  59
35 :  60
Initializing...
maxdom : 35
D->valSize : 1225
Solving...
Blb : 2 (clique : 20)
currentSize : 20 <-- 0.022395 s
currentSize : 21 <-- 0.022587 s
currentSize : 22 <-- 0.022682 s
currentSize : 23 <-- 0.022984 s
currentSize : 24 <-- 0.065675 s
currentSize : 25 <-- 0.671032 s
currentSize : 26 <-- 55.764984 s

TIMEOUT
maxsize : 26
nodes : 30492236.000000
filtered : 2470470052.000000
time : 3600.000000
