Parameters: GAD=1 vflib=1 dir=0 label=0 lowerbound=1 fileNameGp=../graphsdb/mcs10/rand/r005/mcs10_r005_s30.A05 fileNameGt=../graphsdb/mcs10/rand/r005/mcs10_r005_s30.B05
Reading graphs...
30 :  44
30 :  45
Initializing...
maxdom : 30
D->valSize : 900
Solving...
Blb : 5 (clique : 19)
currentSize : 19 <-- 0.011344 s
currentSize : 20 <-- 0.012503 s
currentSize : 21 <-- 0.040708 s
currentSize : 22 <-- 0.231696 s
currentSize : 23 <-- 5.954847 s

maxsize : 23
nodes : 4102937.000000
filtered : 272636955.000000
time : 316.789001
