Parameters: GAD=1 vflib=1 dir=0 label=0 lowerbound=1 fileNameGp=../graphsdb/mcs10/rand/r01/mcs10_r01_s25.A22 fileNameGt=../graphsdb/mcs10/rand/r01/mcs10_r01_s25.B22
Reading graphs...
25 :  58
25 :  59
Initializing...
maxdom : 25
D->valSize : 625
Solving...
Blb : 3 (clique : 12)
currentSize : 12 <-- 0.005420 s
currentSize : 13 <-- 0.005503 s
currentSize : 14 <-- 0.005784 s
currentSize : 15 <-- 0.005818 s
currentSize : 16 <-- 0.084445 s
currentSize : 17 <-- 8.899387 s

maxsize : 17
nodes : 1536137.000000
filtered : 44653150.000000
time : 16.300570
