Parameters: GAD=1 vflib=1 dir=0 label=0 lowerbound=1 fileNameGp=../graphsdb/mcs10/rand/r01/mcs10_r01_s25.A58 fileNameGt=../graphsdb/mcs10/rand/r01/mcs10_r01_s25.B58
Reading graphs...
25 :  56
25 :  57
Initializing...
maxdom : 25
D->valSize : 625
Solving...
Blb : 2 (clique : 13)
currentSize : 13 <-- 0.008846 s
currentSize : 14 <-- 0.009013 s
currentSize : 15 <-- 0.009296 s
currentSize : 16 <-- 0.737834 s
currentSize : 17 <-- 5.526154 s

maxsize : 17
nodes : 1510058.000000
filtered : 47369083.000000
time : 19.808229
