Parameters: GAD=1 vflib=1 dir=0 label=0 lowerbound=1 fileNameGp=../graphsdb/mcs10/rand/r005/mcs10_r005_s30.A89 fileNameGt=../graphsdb/mcs10/rand/r005/mcs10_r005_s30.B89
Reading graphs...
30 :  45
30 :  45
Initializing...
maxdom : 30
D->valSize : 900
Solving...
Blb : 2 (clique : 19)
currentSize : 19 <-- 0.011289 s
currentSize : 20 <-- 0.011514 s
currentSize : 21 <-- 0.949943 s
currentSize : 22 <-- 1.116720 s
currentSize : 23 <-- 26.651430 s

maxsize : 23
nodes : 1695011.000000
filtered : 102732885.000000
time : 82.943169
