Parameters: GAD=1 vflib=1 dir=0 label=0 lowerbound=1 fileNameGp=../graphsdb/mcs10/rand/r005/mcs10_r005_s35.A78 fileNameGt=../graphsdb/mcs10/rand/r005/mcs10_r005_s35.B78
Reading graphs...
35 :  60
35 :  59
Initializing...
maxdom : 35
D->valSize : 1225
Solving...
Blb : 2 (clique : 20)
currentSize : 20 <-- 0.021183 s
currentSize : 21 <-- 0.021475 s
currentSize : 22 <-- 0.021633 s
currentSize : 23 <-- 0.035962 s
currentSize : 24 <-- 0.175290 s
currentSize : 25 <-- 84.967064 s
currentSize : 26 <-- 3147.133545 s

TIMEOUT
maxsize : 26
nodes : 113837755.000000
filtered : 7332505341.000000
time : 3600.000000
