Parameters: GAD=1 vflib=1 dir=0 label=0 lowerbound=1 fileNameGp=../graphsdb/mcs10/rand/r01/mcs10_r01_s30.A44 fileNameGt=../graphsdb/mcs10/rand/r01/mcs10_r01_s30.B44
Reading graphs...
30 :  83
30 :  85
Initializing...
maxdom : 30
D->valSize : 900
Solving...
Blb : 2 (clique : 15)
currentSize : 15 <-- 0.010300 s
currentSize : 16 <-- 0.126906 s
currentSize : 17 <-- 0.251518 s
currentSize : 18 <-- 5.651990 s
currentSize : 19 <-- 426.732178 s

maxsize : 19
nodes : 41931282.000000
filtered : 1205357921.000000
time : 482.247711
