Parameters: GAD=1 vflib=1 dir=0 label=0 lowerbound=1 fileNameGp=../graphsdb/mcs10/rand/r01/mcs10_r01_s30.A66 fileNameGt=../graphsdb/mcs10/rand/r01/mcs10_r01_s30.B66
Reading graphs...
30 :  82
30 :  81
Initializing...
maxdom : 30
D->valSize : 900
Solving...
Blb : 2 (clique : 15)
currentSize : 15 <-- 0.011235 s
currentSize : 16 <-- 0.011679 s
currentSize : 17 <-- 0.041109 s
currentSize : 18 <-- 0.614616 s
currentSize : 19 <-- 63.007298 s

maxsize : 19
nodes : 19522279.000000
filtered : 745194441.000000
time : 294.818634
