Parameters: GAD=1 vflib=1 dir=0 label=0 lowerbound=1 fileNameGp=../graphsdb/mcs10/rand/r005/mcs10_r005_s35.A50 fileNameGt=../graphsdb/mcs10/rand/r005/mcs10_r005_s35.B50
Reading graphs...
35 :  61
35 :  59
Initializing...
maxdom : 35
D->valSize : 1225
Solving...
Blb : 2 (clique : 20)
currentSize : 20 <-- 0.020677 s
currentSize : 21 <-- 0.020937 s
currentSize : 22 <-- 0.032519 s
currentSize : 23 <-- 0.058357 s
currentSize : 24 <-- 0.163259 s
currentSize : 25 <-- 1.429314 s
currentSize : 26 <-- 523.859497 s

maxsize : 26
nodes : 78812686.000000
filtered : 4733569948.000000
time : 3283.821289
