Parameters: GAD=1 vflib=1 dir=0 label=0 lowerbound=1 fileNameGp=../graphsdb/mcs10/rand/r005/mcs10_r005_s35.A85 fileNameGt=../graphsdb/mcs10/rand/r005/mcs10_r005_s35.B85
Reading graphs...
35 :  59
35 :  61
Initializing...
maxdom : 35
D->valSize : 1225
Solving...
Blb : 2 (clique : 20)
currentSize : 20 <-- 0.021042 s
currentSize : 21 <-- 0.021241 s
currentSize : 22 <-- 0.023509 s
currentSize : 23 <-- 0.023902 s
currentSize : 24 <-- 0.024537 s
currentSize : 25 <-- 86.960114 s
currentSize : 26 <-- 118.792236 s

maxsize : 26
nodes : 27931304.000000
filtered : 2201987147.000000
time : 2356.976807
