Parameters: GAD=1 vflib=1 dir=0 label=0 lowerbound=1 fileNameGp=../graphsdb/mcs10/rand/r005/mcs10_r005_s25.A07 fileNameGt=../graphsdb/mcs10/rand/r005/mcs10_r005_s25.B07
Reading graphs...
25 :  31
25 :  31
Initializing...
maxdom : 25
D->valSize : 625
Solving...
Blb : 3 (clique : 17)
currentSize : 17 <-- 0.005545 s
currentSize : 18 <-- 0.382035 s
currentSize : 19 <-- 0.701127 s
currentSize : 20 <-- 1.127461 s
currentSize : 21 <-- 1.415415 s

maxsize : 21
nodes : 245526.000000
filtered : 2760485.000000
time : 1.683411
