Parameters: GAD=1 vflib=1 dir=0 label=0 lowerbound=1 fileNameGp=../graphsdb/mcs10/rand/r01/mcs10_r01_s20.A76 fileNameGt=../graphsdb/mcs10/rand/r01/mcs10_r01_s20.B76
Reading graphs...
20 :  38
20 :  38
Initializing...
maxdom : 20
D->valSize : 400
Solving...
Blb : 5 (clique : 11)
currentSize : 11 <-- 0.003894 s
currentSize : 12 <-- 0.004081 s
currentSize : 13 <-- 0.010976 s
currentSize : 14 <-- 0.018324 s
currentSize : 15 <-- 0.217937 s

maxsize : 15
nodes : 27144.000000
filtered : 884133.000000
time : 0.371507
