Parameters: GAD=1 vflib=1 dir=0 label=0 lowerbound=1 fileNameGp=../graphsdb/mcs10/rand/r01/mcs10_r01_s25.A19 fileNameGt=../graphsdb/mcs10/rand/r01/mcs10_r01_s25.B19
Reading graphs...
25 :  59
25 :  60
Initializing...
maxdom : 25
D->valSize : 625
Solving...
Blb : 2 (clique : 13)
currentSize : 13 <-- 0.008785 s
currentSize : 14 <-- 0.008957 s
currentSize : 15 <-- 0.011190 s
currentSize : 16 <-- 0.030022 s
currentSize : 17 <-- 3.348986 s

maxsize : 17
nodes : 766291.000000
filtered : 24443908.000000
time : 9.884264
