Parameters: GAD=1 vflib=1 dir=0 label=0 lowerbound=1 fileNameGp=../graphsdb/mcs10/rand/r02/mcs10_r02_s30.A73 fileNameGt=../graphsdb/mcs10/rand/r02/mcs10_r02_s30.B73
Reading graphs...
30 :  154
30 :  155
Initializing...
maxdom : 30
D->valSize : 900
Solving...
Blb : 2 (clique : 10)
currentSize : 10 <-- 0.009601 s
currentSize : 11 <-- 0.009704 s
currentSize : 12 <-- 0.009738 s
currentSize : 13 <-- 0.083479 s
currentSize : 14 <-- 5.295266 s
currentSize : 15 <-- 117.979523 s

maxsize : 15
nodes : 67356744.000000
filtered : 1067560476.000000
time : 303.980530
