Parameters: GAD=1 vflib=1 dir=0 label=0 lowerbound=1 fileNameGp=../graphsdb/mcs10/rand/r01/mcs10_r01_s25.A09 fileNameGt=../graphsdb/mcs10/rand/r01/mcs10_r01_s25.B09
Reading graphs...
25 :  60
25 :  57
Initializing...
maxdom : 25
D->valSize : 625
Solving...
Blb : 2 (clique : 11)
currentSize : 11 <-- 0.005085 s
currentSize : 13 <-- 0.005157 s
currentSize : 14 <-- 0.006487 s
currentSize : 15 <-- 0.077312 s
currentSize : 16 <-- 0.152847 s

maxsize : 16
nodes : 1988328.000000
filtered : 57990007.000000
time : 21.154472
