Parameters: GAD=1 vflib=1 dir=0 label=0 lowerbound=1 fileNameGp=../graphsdb/mcs10/rand/r01/mcs10_r01_s35.A19 fileNameGt=../graphsdb/mcs10/rand/r01/mcs10_r01_s35.B19
Reading graphs...
35 :  119
35 :  119
Initializing...
maxdom : 35
D->valSize : 1225
Solving...
Blb : 2 (clique : 14)
currentSize : 14 <-- 0.019006 s
currentSize : 15 <-- 0.019160 s
currentSize : 16 <-- 0.019341 s
currentSize : 17 <-- 0.021192 s
currentSize : 18 <-- 0.031630 s
currentSize : 19 <-- 0.344274 s

TIMEOUT
maxsize : 19
nodes : 362129788.000000
filtered : 10300409878.000000
time : 3600.000000
