Parameters: GAD=1 vflib=1 dir=0 label=0 lowerbound=1 fileNameGp=../graphsdb/mcs10/rand/r01/mcs10_r01_s30.A57 fileNameGt=../graphsdb/mcs10/rand/r01/mcs10_r01_s30.B57
Reading graphs...
30 :  87
30 :  86
Initializing...
maxdom : 30
D->valSize : 900
Solving...
Blb : 5 (clique : 13)
currentSize : 13 <-- 0.010395 s
currentSize : 14 <-- 0.010515 s
currentSize : 15 <-- 0.010578 s
currentSize : 16 <-- 0.012126 s
currentSize : 17 <-- 0.012799 s
currentSize : 18 <-- 144.649109 s

maxsize : 18
nodes : 59920658.000000
filtered : 1618664196.000000
time : 598.516418
