Parameters: GAD=1 vflib=1 dir=0 label=0 lowerbound=1 fileNameGp=../graphsdb/mcs10/rand/r01/mcs10_r01_s35.A57 fileNameGt=../graphsdb/mcs10/rand/r01/mcs10_r01_s35.B57
Reading graphs...
35 :  112
35 :  113
Initializing...
maxdom : 35
D->valSize : 1225
Solving...
Blb : 2 (clique : 14)
currentSize : 14 <-- 0.019136 s
currentSize : 16 <-- 0.019282 s
currentSize : 17 <-- 0.019427 s
currentSize : 18 <-- 0.097670 s
currentSize : 19 <-- 1.383966 s
currentSize : 20 <-- 194.714737 s

TIMEOUT
maxsize : 20
nodes : 343711708.000000
filtered : 10475814555.000000
time : 3600.000000
