Parameters: GAD=1 vflib=1 dir=0 label=0 lowerbound=1 fileNameGp=../graphsdb/mcs10/rand/r005/mcs10_r005_s30.A67 fileNameGt=../graphsdb/mcs10/rand/r005/mcs10_r005_s30.B67
Reading graphs...
30 :  43
30 :  43
Initializing...
maxdom : 30
D->valSize : 900
Solving...
Blb : 3 (clique : 17)
currentSize : 17 <-- 0.011192 s
currentSize : 18 <-- 0.014991 s
currentSize : 19 <-- 0.015569 s
currentSize : 20 <-- 0.018833 s
currentSize : 21 <-- 0.039933 s
currentSize : 22 <-- 0.042503 s
currentSize : 23 <-- 63.677402 s

maxsize : 23
nodes : 3897123.000000
filtered : 227360285.000000
time : 147.354996
