Parameters: GAD=1 vflib=1 dir=0 label=0 lowerbound=1 fileNameGp=../graphsdb/mcs10/rand/r005/mcs10_r005_s25.A82 fileNameGt=../graphsdb/mcs10/rand/r005/mcs10_r005_s25.B82
Reading graphs...
25 :  30
25 :  30
Initializing...
maxdom : 25
D->valSize : 625
Solving...
Blb : 2 (clique : 16)
currentSize : 16 <-- 0.009792 s
currentSize : 17 <-- 0.252684 s
currentSize : 18 <-- 0.346532 s
currentSize : 19 <-- 0.998984 s
currentSize : 20 <-- 1.000121 s
currentSize : 21 <-- 11.934524 s

maxsize : 21
nodes : 397904.000000
filtered : 18065105.000000
time : 13.456973
