Parameters: GAD=1 vflib=1 dir=0 label=0 lowerbound=1 fileNameGp=../graphsdb/mcs10/rand/r01/mcs10_r01_s35.A81 fileNameGt=../graphsdb/mcs10/rand/r01/mcs10_r01_s35.B81
Reading graphs...
35 :  112
35 :  116
Initializing...
maxdom : 35
D->valSize : 1225
Solving...
Blb : 2 (clique : 15)
currentSize : 15 <-- 0.019235 s
currentSize : 16 <-- 0.019806 s
currentSize : 17 <-- 0.020280 s
currentSize : 18 <-- 0.099324 s
currentSize : 19 <-- 1.097789 s
currentSize : 20 <-- 19.100243 s

TIMEOUT
maxsize : 20
nodes : 265074576.000000
filtered : 8849492211.000000
time : 3600.000000
