Parameters: GAD=1 vflib=1 dir=0 label=0 lowerbound=1 fileNameGp=../graphsdb/mcs10/rand/r02/mcs10_r02_s20.A13 fileNameGt=../graphsdb/mcs10/rand/r02/mcs10_r02_s20.B13
Reading graphs...
20 :  68
20 :  73
Initializing...
maxdom : 20
D->valSize : 400
Solving...
Blb : 2 (clique : 8)
currentSize : 8 <-- 0.002095 s
currentSize : 9 <-- 0.002167 s
currentSize : 10 <-- 0.003196 s
currentSize : 11 <-- 0.025395 s
currentSize : 12 <-- 0.529681 s

maxsize : 12
nodes : 237417.000000
filtered : 3326909.000000
time : 0.952457
