Parameters: GAD=1 vflib=1 dir=0 label=0 lowerbound=1 fileNameGp=../graphsdb/mcs10/rand/r01/mcs10_r01_s30.A51 fileNameGt=../graphsdb/mcs10/rand/r01/mcs10_r01_s30.B51
Reading graphs...
30 :  82
30 :  87
Initializing...
maxdom : 30
D->valSize : 900
Solving...
Blb : 2 (clique : 15)
currentSize : 15 <-- 0.010880 s
currentSize : 16 <-- 0.016286 s
currentSize : 17 <-- 0.018245 s
currentSize : 18 <-- 2.411640 s
currentSize : 19 <-- 137.571503 s

maxsize : 19
nodes : 22730897.000000
filtered : 573356229.000000
time : 205.163071
