Parameters: GAD=1 vflib=1 dir=0 label=0 lowerbound=1 fileNameGp=../graphsdb/mcs10/rand/r005/mcs10_r005_s35.A89 fileNameGt=../graphsdb/mcs10/rand/r005/mcs10_r005_s35.B89
Reading graphs...
35 :  61
35 :  59
Initializing...
maxdom : 35
D->valSize : 1225
Solving...
Blb : 2 (clique : 19)
currentSize : 19 <-- 0.021065 s
currentSize : 20 <-- 0.021258 s
currentSize : 21 <-- 0.021400 s
currentSize : 22 <-- 0.045277 s
currentSize : 23 <-- 0.134994 s
currentSize : 24 <-- 0.138185 s
currentSize : 25 <-- 178.475220 s
currentSize : 26 <-- 1593.526855 s

maxsize : 26
nodes : 40408759.000000
filtered : 2894133439.000000
time : 2945.965088
