Parameters: GAD=1 vflib=1 dir=0 label=0 lowerbound=1 fileNameGp=../graphsdb/mcs10/rand/r005/mcs10_r005_s35.A54 fileNameGt=../graphsdb/mcs10/rand/r005/mcs10_r005_s35.B54
Reading graphs...
35 :  61
35 :  60
Initializing...
maxdom : 35
D->valSize : 1225
Solving...
Blb : 2 (clique : 21)
currentSize : 21 <-- 0.021007 s
currentSize : 22 <-- 0.021438 s
currentSize : 23 <-- 1.572702 s
currentSize : 24 <-- 14.339617 s
currentSize : 25 <-- 14.974547 s
currentSize : 26 <-- 3353.298096 s

TIMEOUT
maxsize : 26
nodes : 66306143.000000
filtered : 4479233964.000000
time : 3600.000000
