Parameters: GAD=1 vflib=1 dir=0 label=0 lowerbound=1 fileNameGp=../graphsdb/mcs10/rand/r02/mcs10_r02_s35.A10 fileNameGt=../graphsdb/mcs10/rand/r02/mcs10_r02_s35.B10
Reading graphs...
35 :  211
35 :  219
Initializing...
maxdom : 35
D->valSize : 1225
Solving...
Blb : 2 (clique : 11)
currentSize : 11 <-- 0.017581 s
currentSize : 12 <-- 0.017895 s
currentSize : 13 <-- 0.028434 s
currentSize : 14 <-- 0.091718 s
currentSize : 15 <-- 37.121559 s
currentSize : 16 <-- 622.876770 s

maxsize : 16
nodes : 649093787.000000
filtered : 10328658909.000000
time : 3012.908447
