Parameters: GAD=1 vflib=1 dir=0 label=0 lowerbound=1 fileNameGp=../graphsdb/mcs10/rand/r01/mcs10_r01_s30.A23 fileNameGt=../graphsdb/mcs10/rand/r01/mcs10_r01_s30.B23
Reading graphs...
30 :  85
30 :  86
Initializing...
maxdom : 30
D->valSize : 900
Solving...
Blb : 2 (clique : 13)
currentSize : 13 <-- 0.010558 s
currentSize : 14 <-- 0.010694 s
currentSize : 15 <-- 0.010951 s
currentSize : 16 <-- 0.022467 s
currentSize : 17 <-- 0.037412 s
currentSize : 18 <-- 0.178429 s
currentSize : 19 <-- 2.816788 s

maxsize : 19
nodes : 11897225.000000
filtered : 430243620.000000
time : 155.809753
