Parameters: GAD=1 vflib=1 dir=0 label=0 lowerbound=1 fileNameGp=../graphsdb/mcs10/rand/r01/mcs10_r01_s35.A33 fileNameGt=../graphsdb/mcs10/rand/r01/mcs10_r01_s35.B33
Reading graphs...
35 :  113
35 :  117
Initializing...
maxdom : 35
D->valSize : 1225
Solving...
Blb : 2 (clique : 14)
currentSize : 14 <-- 0.019235 s
currentSize : 16 <-- 0.019375 s
currentSize : 17 <-- 0.019806 s
currentSize : 18 <-- 0.023147 s
currentSize : 19 <-- 0.101506 s
currentSize : 20 <-- 507.244629 s

TIMEOUT
maxsize : 20
nodes : 337109873.000000
filtered : 10606571517.000000
time : 3600.000000
