Parameters: GAD=1 vflib=1 dir=0 label=0 lowerbound=1 fileNameGp=../graphsdb/mcs10/rand/r01/mcs10_r01_s25.A27 fileNameGt=../graphsdb/mcs10/rand/r01/mcs10_r01_s25.B27
Reading graphs...
25 :  59
25 :  58
Initializing...
maxdom : 25
D->valSize : 625
Solving...
Blb : 2 (clique : 12)
currentSize : 12 <-- 0.008984 s
currentSize : 13 <-- 0.009309 s
currentSize : 14 <-- 0.010646 s
currentSize : 15 <-- 0.020034 s
currentSize : 16 <-- 0.273603 s

maxsize : 16
nodes : 2987778.000000
filtered : 92113030.000000
time : 30.577328
