Parameters: GAD=1 vflib=1 dir=0 label=0 lowerbound=1 fileNameGp=../graphsdb/mcs10/rand/r01/mcs10_r01_s25.A97 fileNameGt=../graphsdb/mcs10/rand/r01/mcs10_r01_s25.B97
Reading graphs...
25 :  56
25 :  60
Initializing...
maxdom : 25
D->valSize : 625
Solving...
Blb : 5 (clique : 12)
currentSize : 12 <-- 0.005163 s
currentSize : 13 <-- 0.005323 s
currentSize : 14 <-- 0.005517 s
currentSize : 15 <-- 0.042096 s
currentSize : 16 <-- 0.077760 s
currentSize : 17 <-- 4.680693 s

maxsize : 17
nodes : 1261166.000000
filtered : 33958379.000000
time : 14.024784
