Parameters: GAD=1 vflib=1 dir=0 label=0 lowerbound=1 fileNameGp=../graphsdb/mcs10/rand/r01/mcs10_r01_s35.A16 fileNameGt=../graphsdb/mcs10/rand/r01/mcs10_r01_s35.B16
Reading graphs...
35 :  109
35 :  116
Initializing...
maxdom : 35
D->valSize : 1225
Solving...
Blb : 2 (clique : 14)
currentSize : 14 <-- 0.019194 s
currentSize : 15 <-- 0.019598 s
currentSize : 16 <-- 0.021086 s
currentSize : 17 <-- 0.022806 s
currentSize : 18 <-- 0.070601 s
currentSize : 19 <-- 3.865332 s
currentSize : 20 <-- 16.425232 s

TIMEOUT
maxsize : 20
nodes : 279861093.000000
filtered : 8624565046.000000
time : 3600.000000
