Parameters: GAD=1 vflib=1 dir=0 label=0 lowerbound=1 fileNameGp=../graphsdb/mcs10/rand/r01/mcs10_r01_s25.A54 fileNameGt=../graphsdb/mcs10/rand/r01/mcs10_r01_s25.B54
Reading graphs...
25 :  59
25 :  60
Initializing...
maxdom : 25
D->valSize : 625
Solving...
Blb : 2 (clique : 12)
currentSize : 12 <-- 0.008947 s
currentSize : 13 <-- 0.009099 s
currentSize : 14 <-- 0.009206 s
currentSize : 15 <-- 0.009652 s
currentSize : 16 <-- 1.871168 s

maxsize : 16
nodes : 1918057.000000
filtered : 49860847.000000
time : 19.090576
