Parameters: GAD=1 vflib=1 dir=0 label=0 lowerbound=1 fileNameGp=../graphsdb/mcs10/rand/r005/mcs10_r005_s35.A37 fileNameGt=../graphsdb/mcs10/rand/r005/mcs10_r005_s35.B37
Reading graphs...
35 :  60
35 :  59
Initializing...
maxdom : 35
D->valSize : 1225
Solving...
Blb : 2 (clique : 20)
currentSize : 20 <-- 0.021377 s
currentSize : 21 <-- 0.021684 s
currentSize : 22 <-- 0.023772 s
currentSize : 23 <-- 0.037032 s
currentSize : 24 <-- 2.781744 s
currentSize : 25 <-- 22.959372 s

TIMEOUT
maxsize : 25
nodes : 53215895.000000
filtered : 3720673222.000000
time : 3600.000488
