Parameters: GAD=1 vflib=1 dir=0 label=0 lowerbound=1 fileNameGp=../graphsdb/mcs10/rand/r02/mcs10_r02_s25.A30 fileNameGt=../graphsdb/mcs10/rand/r02/mcs10_r02_s25.B30
Reading graphs...
25 :  108
25 :  107
Initializing...
maxdom : 25
D->valSize : 625
Solving...
Blb : 2 (clique : 9)
currentSize : 9 <-- 0.004737 s
currentSize : 10 <-- 0.004815 s
currentSize : 11 <-- 0.005960 s
currentSize : 12 <-- 0.006882 s
currentSize : 13 <-- 0.250706 s

maxsize : 13
nodes : 4842120.000000
filtered : 75332361.000000
time : 21.422436
