Parameters: GAD=1 vflib=1 dir=0 label=0 lowerbound=1 fileNameGp=../graphsdb/mcs10/rand/r02/mcs10_r02_s30.A19 fileNameGt=../graphsdb/mcs10/rand/r02/mcs10_r02_s30.B19
Reading graphs...
30 :  159
30 :  155
Initializing...
maxdom : 30
D->valSize : 900
Solving...
Blb : 2 (clique : 10)
currentSize : 10 <-- 0.009353 s
currentSize : 11 <-- 0.009457 s
currentSize : 12 <-- 0.011355 s
currentSize : 13 <-- 0.031983 s
currentSize : 14 <-- 0.353958 s
currentSize : 15 <-- 98.452866 s

maxsize : 15
nodes : 55340974.000000
filtered : 896595175.000000
time : 250.519791
