Parameters: GAD=1 vflib=1 dir=0 label=0 lowerbound=1 fileNameGp=../graphsdb/mcs10/rand/r02/mcs10_r02_s30.A23 fileNameGt=../graphsdb/mcs10/rand/r02/mcs10_r02_s30.B23
Reading graphs...
30 :  167
30 :  161
Initializing...
maxdom : 30
D->valSize : 900
Solving...
Blb : 2 (clique : 10)
currentSize : 10 <-- 0.009678 s
currentSize : 11 <-- 0.009801 s
currentSize : 12 <-- 0.010632 s
currentSize : 13 <-- 0.017300 s
currentSize : 14 <-- 23.061386 s

maxsize : 14
nodes : 104158778.000000
filtered : 1440585251.000000
time : 438.460510
