Parameters: GAD=1 vflib=1 dir=0 label=0 lowerbound=1 fileNameGp=../graphsdb/mcs10/rand/r01/mcs10_r01_s30.A25 fileNameGt=../graphsdb/mcs10/rand/r01/mcs10_r01_s30.B25
Reading graphs...
30 :  87
30 :  88
Initializing...
maxdom : 30
D->valSize : 900
Solving...
Blb : 2 (clique : 12)
currentSize : 12 <-- 0.010265 s
currentSize : 14 <-- 0.010366 s
currentSize : 15 <-- 0.010448 s
currentSize : 16 <-- 0.012834 s
currentSize : 17 <-- 1.139749 s
currentSize : 18 <-- 20.011345 s

maxsize : 18
nodes : 42035826.000000
filtered : 1228081736.000000
time : 481.601837
