Parameters: GAD=1 vflib=1 dir=0 label=0 lowerbound=1 fileNameGp=../graphsdb/mcs10/rand/r005/mcs10_r005_s30.A30 fileNameGt=../graphsdb/mcs10/rand/r005/mcs10_r005_s30.B30
Reading graphs...
30 :  44
30 :  45
Initializing...
maxdom : 30
D->valSize : 900
Solving...
Blb : 2 (clique : 19)
currentSize : 19 <-- 0.013033 s
currentSize : 20 <-- 0.034400 s
currentSize : 21 <-- 0.376072 s
currentSize : 22 <-- 2.515360 s
currentSize : 23 <-- 3.019555 s

maxsize : 23
nodes : 2528245.000000
filtered : 168644560.000000
time : 221.200943
