Parameters: GAD=1 vflib=1 dir=0 label=0 lowerbound=1 fileNameGp=../graphsdb/mcs10/rand/r02/mcs10_r02_s35.A34 fileNameGt=../graphsdb/mcs10/rand/r02/mcs10_r02_s35.B34
Reading graphs...
35 :  213
35 :  218
Initializing...
maxdom : 35
D->valSize : 1225
Solving...
Blb : 2 (clique : 11)
currentSize : 11 <-- 0.018323 s
currentSize : 12 <-- 0.019218 s
currentSize : 13 <-- 0.021166 s
currentSize : 14 <-- 0.186905 s
currentSize : 15 <-- 46.400314 s
currentSize : 16 <-- 1216.842041 s

maxsize : 16
nodes : 796460692.000000
filtered : 11968688822.000000
time : 3513.126221
