Parameters: GAD=1 vflib=1 dir=0 label=0 lowerbound=1 fileNameGp=../graphsdb/mcs10/rand/r005/mcs10_r005_s30.A06 fileNameGt=../graphsdb/mcs10/rand/r005/mcs10_r005_s30.B06
Reading graphs...
30 :  44
30 :  45
Initializing...
maxdom : 30
D->valSize : 900
Solving...
Blb : 2 (clique : 18)
currentSize : 18 <-- 0.011380 s
currentSize : 19 <-- 0.011665 s
currentSize : 20 <-- 0.019250 s
currentSize : 21 <-- 0.111776 s
currentSize : 22 <-- 3.914208 s

maxsize : 22
nodes : 4997404.000000
filtered : 255910172.000000
time : 200.486542
