Parameters: GAD=1 vflib=1 dir=0 label=0 lowerbound=1 fileNameGp=../graphsdb/mcs10/rand/r005/mcs10_r005_s25.A97 fileNameGt=../graphsdb/mcs10/rand/r005/mcs10_r005_s25.B97
Reading graphs...
25 :  30
25 :  31
Initializing...
maxdom : 25
D->valSize : 625
Solving...
Blb : 2 (clique : 16)
currentSize : 16 <-- 0.009853 s
currentSize : 17 <-- 0.012637 s
currentSize : 18 <-- 0.012797 s
currentSize : 19 <-- 0.040759 s
currentSize : 20 <-- 0.055165 s

maxsize : 20
nodes : 171418.000000
filtered : 9644699.000000
time : 7.352639
