Parameters: GAD=1 vflib=1 dir=0 label=0 lowerbound=1 fileNameGp=../graphsdb/mcs10/rand/r01/mcs10_r01_s25.A12 fileNameGt=../graphsdb/mcs10/rand/r01/mcs10_r01_s25.B12
Reading graphs...
25 :  59
25 :  58
Initializing...
maxdom : 25
D->valSize : 625
Solving...
Blb : 2 (clique : 12)
currentSize : 12 <-- 0.008854 s
currentSize : 13 <-- 0.008973 s
currentSize : 14 <-- 0.009035 s
currentSize : 15 <-- 0.011664 s
currentSize : 16 <-- 0.226691 s
currentSize : 17 <-- 10.268890 s

maxsize : 17
nodes : 1080261.000000
filtered : 35693380.000000
time : 12.865971
