Parameters: GAD=1 vflib=1 dir=0 label=0 lowerbound=1 fileNameGp=../graphsdb/mcs10/rand/r005/mcs10_r005_s25.A24 fileNameGt=../graphsdb/mcs10/rand/r005/mcs10_r005_s25.B24
Reading graphs...
25 :  31
25 :  31
Initializing...
maxdom : 25
D->valSize : 625
Solving...
Blb : 2 (clique : 16)
currentSize : 16 <-- 0.009689 s
currentSize : 17 <-- 0.024893 s
currentSize : 18 <-- 1.501811 s
currentSize : 19 <-- 1.669988 s
currentSize : 20 <-- 110.038147 s

maxsize : 20
nodes : 5182195.000000
filtered : 216019029.000000
time : 115.790741
