Parameters: GAD=1 vflib=1 dir=0 label=0 lowerbound=1 fileNameGp=../graphsdb/mcs10/rand/r01/mcs10_r01_s30.A39 fileNameGt=../graphsdb/mcs10/rand/r01/mcs10_r01_s30.B39
Reading graphs...
30 :  85
30 :  83
Initializing...
maxdom : 30
D->valSize : 900
Solving...
Blb : 2 (clique : 15)
currentSize : 15 <-- 0.010397 s
currentSize : 16 <-- 0.036356 s
currentSize : 17 <-- 0.136453 s
currentSize : 18 <-- 8.161473 s
currentSize : 19 <-- 151.380737 s

maxsize : 19
nodes : 20567417.000000
filtered : 768980754.000000
time : 310.872284
