Parameters: GAD=1 vflib=1 dir=0 label=0 lowerbound=1 fileNameGp=../graphsdb/mcs10/rand/r01/mcs10_r01_s30.A78 fileNameGt=../graphsdb/mcs10/rand/r01/mcs10_r01_s30.B78
Reading graphs...
30 :  87
30 :  84
Initializing...
maxdom : 30
D->valSize : 900
Solving...
Blb : 2 (clique : 13)
currentSize : 13 <-- 0.010628 s
currentSize : 14 <-- 0.010805 s
currentSize : 15 <-- 0.010910 s
currentSize : 16 <-- 0.012293 s
currentSize : 17 <-- 0.087448 s
currentSize : 18 <-- 1.389429 s
currentSize : 19 <-- 287.538940 s

maxsize : 19
nodes : 38769146.000000
filtered : 1310962234.000000
time : 383.613373
