Parameters: GAD=1 vflib=1 dir=0 label=0 lowerbound=1 fileNameGp=../graphsdb/mcs10/rand/r01/mcs10_r01_s30.A14 fileNameGt=../graphsdb/mcs10/rand/r01/mcs10_r01_s30.B14
Reading graphs...
30 :  84
30 :  86
Initializing...
maxdom : 30
D->valSize : 900
Solving...
Blb : 2 (clique : 14)
currentSize : 14 <-- 0.010431 s
currentSize : 16 <-- 0.010541 s
currentSize : 17 <-- 0.010652 s
currentSize : 18 <-- 0.480449 s
currentSize : 19 <-- 104.563278 s

maxsize : 19
nodes : 32621490.000000
filtered : 1168746360.000000
time : 421.404510
