Parameters: GAD=1 vflib=1 dir=0 label=0 lowerbound=1 fileNameGp=../graphsdb/mcs10/rand/r01/mcs10_r01_s25.A41 fileNameGt=../graphsdb/mcs10/rand/r01/mcs10_r01_s25.B41
Reading graphs...
25 :  61
25 :  57
Initializing...
maxdom : 25
D->valSize : 625
Solving...
Blb : 2 (clique : 12)
currentSize : 12 <-- 0.009824 s
currentSize : 13 <-- 0.009928 s
currentSize : 14 <-- 0.010099 s
currentSize : 15 <-- 0.041785 s
currentSize : 16 <-- 0.251545 s
currentSize : 17 <-- 8.974247 s

maxsize : 17
nodes : 1283615.000000
filtered : 36823534.000000
time : 14.364740
