Parameters: GAD=1 vflib=1 dir=0 label=0 lowerbound=1 fileNameGp=../graphsdb/mcs10/rand/r005/mcs10_r005_s25.A78 fileNameGt=../graphsdb/mcs10/rand/r005/mcs10_r005_s25.B78
Reading graphs...
25 :  30
25 :  30
Initializing...
maxdom : 25
D->valSize : 625
Solving...
Blb : 2 (clique : 17)
currentSize : 17 <-- 0.009870 s
currentSize : 18 <-- 0.010035 s
currentSize : 19 <-- 0.015939 s
currentSize : 20 <-- 0.064787 s
currentSize : 21 <-- 1.785579 s

maxsize : 21
nodes : 65196.000000
filtered : 3736685.000000
time : 2.806614
