Parameters: GAD=1 vflib=1 dir=0 label=0 lowerbound=1 fileNameGp=../graphsdb/mcs10/rand/r01/mcs10_r01_s35.A54 fileNameGt=../graphsdb/mcs10/rand/r01/mcs10_r01_s35.B54
Reading graphs...
35 :  117
35 :  112
Initializing...
maxdom : 35
D->valSize : 1225
Solving...
Blb : 2 (clique : 15)
currentSize : 15 <-- 0.019232 s
currentSize : 16 <-- 0.019453 s
currentSize : 17 <-- 0.020692 s
currentSize : 18 <-- 0.075372 s
currentSize : 19 <-- 0.190210 s
currentSize : 20 <-- 52.313488 s

TIMEOUT
maxsize : 20
nodes : 368280377.000000
filtered : 11342672050.000000
time : 3600.000000
