Parameters: GAD=1 vflib=1 dir=0 label=0 lowerbound=1 fileNameGp=../graphsdb/mcs10/rand/r005/mcs10_r005_s25.A10 fileNameGt=../graphsdb/mcs10/rand/r005/mcs10_r005_s25.B10
Reading graphs...
25 :  31
25 :  30
Initializing...
maxdom : 25
D->valSize : 625
Solving...
Blb : 3 (clique : 16)
currentSize : 16 <-- 0.009734 s
currentSize : 17 <-- 0.009938 s
currentSize : 18 <-- 0.013154 s
currentSize : 19 <-- 0.300882 s
currentSize : 20 <-- 0.572162 s

maxsize : 20
nodes : 570845.000000
filtered : 30716587.000000
time : 24.820536
