Parameters: GAD=1 vflib=1 dir=0 label=0 lowerbound=1 fileNameGp=../graphsdb/mcs10/rand/r01/mcs10_r01_s35.A69 fileNameGt=../graphsdb/mcs10/rand/r01/mcs10_r01_s35.B69
Reading graphs...
35 :  112
35 :  115
Initializing...
maxdom : 35
D->valSize : 1225
Solving...
Blb : 5 (clique : 15)
currentSize : 15 <-- 0.033845 s
currentSize : 16 <-- 0.034104 s
currentSize : 17 <-- 0.034609 s
currentSize : 18 <-- 0.219934 s
currentSize : 19 <-- 1.613544 s
currentSize : 20 <-- 367.468964 s

TIMEOUT
maxsize : 20
nodes : 337638016.000000
filtered : 10599078702.000000
time : 3600.000000
