Parameters: GAD=1 vflib=1 dir=0 label=0 lowerbound=1 fileNameGp=../graphsdb/mcs10/rand/r01/mcs10_r01_s35.A59 fileNameGt=../graphsdb/mcs10/rand/r01/mcs10_r01_s35.B59
Reading graphs...
35 :  116
35 :  117
Initializing...
maxdom : 35
D->valSize : 1225
Solving...
Blb : 5 (clique : 14)
currentSize : 14 <-- 0.018988 s
currentSize : 15 <-- 0.019266 s
currentSize : 16 <-- 0.020482 s
currentSize : 17 <-- 0.104576 s
currentSize : 18 <-- 0.336407 s
currentSize : 19 <-- 1.394847 s
currentSize : 20 <-- 149.712021 s

TIMEOUT
maxsize : 20
nodes : 351510447.000000
filtered : 11278769208.000000
time : 3600.000000
