Parameters: GAD=1 vflib=1 dir=0 label=0 lowerbound=1 fileNameGp=../graphsdb/mcs10/rand/r005/mcs10_r005_s25.A57 fileNameGt=../graphsdb/mcs10/rand/r005/mcs10_r005_s25.B57
Reading graphs...
25 :  31
25 :  30
Initializing...
maxdom : 25
D->valSize : 625
Solving...
Blb : 2 (clique : 15)
currentSize : 15 <-- 0.009805 s
currentSize : 16 <-- 0.010183 s
currentSize : 17 <-- 0.010735 s
currentSize : 18 <-- 0.011734 s
currentSize : 19 <-- 0.041091 s
currentSize : 20 <-- 0.336252 s
currentSize : 21 <-- 3.499226 s

maxsize : 21
nodes : 176532.000000
filtered : 9873102.000000
time : 6.528362
