Parameters: GAD=1 vflib=1 dir=0 label=0 lowerbound=1 fileNameGp=../graphsdb/mcs10/rand/r01/mcs10_r01_s35.A13 fileNameGt=../graphsdb/mcs10/rand/r01/mcs10_r01_s35.B13
Reading graphs...
35 :  120
35 :  115
Initializing...
maxdom : 35
D->valSize : 1225
Solving...
Blb : 2 (clique : 15)
currentSize : 15 <-- 0.018971 s
currentSize : 16 <-- 0.019296 s
currentSize : 17 <-- 0.035290 s
currentSize : 18 <-- 0.205448 s
currentSize : 19 <-- 19.160536 s
currentSize : 20 <-- 1543.359863 s

TIMEOUT
maxsize : 20
nodes : 349925666.000000
filtered : 10364451917.000000
time : 3600.000000
