Parameters: GAD=1 vflib=1 dir=0 label=0 lowerbound=1 fileNameGp=../graphsdb/mcs10/rand/r005/mcs10_r005_s35.A27 fileNameGt=../graphsdb/mcs10/rand/r005/mcs10_r005_s35.B27
Reading graphs...
35 :  59
35 :  60
Initializing...
maxdom : 35
D->valSize : 1225
Solving...
Blb : 2 (clique : 21)
currentSize : 21 <-- 0.020930 s
currentSize : 22 <-- 0.021306 s
currentSize : 23 <-- 0.051939 s
currentSize : 24 <-- 0.053653 s
currentSize : 25 <-- 0.337670 s
currentSize : 26 <-- 1179.939697 s

TIMEOUT
maxsize : 26
nodes : 37954820.000000
filtered : 2799123037.000000
time : 3600.000244
