Parameters: GAD=1 vflib=1 dir=0 label=0 lowerbound=1 fileNameGp=../graphsdb/mcs10/rand/r005/mcs10_r005_s35.A38 fileNameGt=../graphsdb/mcs10/rand/r005/mcs10_r005_s35.B38
Reading graphs...
35 :  61
35 :  59
Initializing...
maxdom : 35
D->valSize : 1225
Solving...
Blb : 2 (clique : 20)
currentSize : 20 <-- 0.020235 s
currentSize : 21 <-- 0.028309 s
currentSize : 22 <-- 0.028385 s
currentSize : 23 <-- 0.030766 s
currentSize : 24 <-- 0.039623 s
currentSize : 25 <-- 0.065479 s

TIMEOUT
maxsize : 25
nodes : 79992066.000000
filtered : 5160330109.000000
time : 3600.000000
