Parameters: GAD=1 vflib=1 dir=0 label=0 lowerbound=1 fileNameGp=../graphsdb/mcs10/rand/r005/mcs10_r005_s25.A65 fileNameGt=../graphsdb/mcs10/rand/r005/mcs10_r005_s25.B65
Reading graphs...
25 :  31
25 :  31
Initializing...
maxdom : 25
D->valSize : 625
Solving...
Blb : 2 (clique : 16)
currentSize : 16 <-- 0.009853 s
currentSize : 17 <-- 0.011881 s
currentSize : 18 <-- 0.016392 s
currentSize : 19 <-- 0.024110 s
currentSize : 20 <-- 6.458375 s

maxsize : 20
nodes : 435067.000000
filtered : 23379555.000000
time : 13.846281
