Parameters: GAD=1 vflib=1 dir=0 label=0 lowerbound=1 fileNameGp=../graphsdb/mcs10/rand/r02/mcs10_r02_s30.A37 fileNameGt=../graphsdb/mcs10/rand/r02/mcs10_r02_s30.B37
Reading graphs...
30 :  157
30 :  155
Initializing...
maxdom : 30
D->valSize : 900
Solving...
Blb : 2 (clique : 9)
currentSize : 9 <-- 0.009348 s
currentSize : 10 <-- 0.009468 s
currentSize : 11 <-- 0.009843 s
currentSize : 12 <-- 0.010048 s
currentSize : 13 <-- 0.172381 s
currentSize : 14 <-- 3.385101 s
currentSize : 15 <-- 93.282707 s

maxsize : 15
nodes : 56665465.000000
filtered : 855743222.000000
time : 253.587738
