Parameters: GAD=1 vflib=1 dir=0 label=0 lowerbound=1 fileNameGp=../graphsdb/mcs10/rand/r01/mcs10_r01_s35.A35 fileNameGt=../graphsdb/mcs10/rand/r01/mcs10_r01_s35.B35
Reading graphs...
35 :  113
35 :  117
Initializing...
maxdom : 35
D->valSize : 1225
Solving...
Blb : 2 (clique : 13)
currentSize : 13 <-- 0.019074 s
currentSize : 14 <-- 0.019227 s
currentSize : 15 <-- 0.019312 s
currentSize : 16 <-- 0.019454 s
currentSize : 17 <-- 0.023800 s
currentSize : 18 <-- 0.055204 s
currentSize : 19 <-- 25.989105 s

TIMEOUT
maxsize : 19
nodes : 463037465.000000
filtered : 11415974207.000000
time : 3600.000000
