Parameters: GAD=1 vflib=1 dir=0 label=0 lowerbound=1 fileNameGp=../graphsdb/mcs10/rand/r005/mcs10_r005_s35.A03 fileNameGt=../graphsdb/mcs10/rand/r005/mcs10_r005_s35.B03
Reading graphs...
35 :  61
35 :  60
Initializing...
maxdom : 35
D->valSize : 1225
Solving...
Blb : 2 (clique : 20)
currentSize : 20 <-- 0.020623 s
currentSize : 21 <-- 0.020830 s
currentSize : 22 <-- 0.020974 s
currentSize : 23 <-- 0.031297 s
currentSize : 24 <-- 2.733387 s
currentSize : 25 <-- 2.758549 s

TIMEOUT
maxsize : 25
nodes : 83587811.000000
filtered : 5520386675.000000
time : 3600.000000
