Parameters: GAD=1 vflib=1 dir=0 label=0 lowerbound=1 fileNameGp=../graphsdb/mcs10/rand/r01/mcs10_r01_s35.A29 fileNameGt=../graphsdb/mcs10/rand/r01/mcs10_r01_s35.B29
Reading graphs...
35 :  117
35 :  117
Initializing...
maxdom : 35
D->valSize : 1225
Solving...
Blb : 2 (clique : 15)
currentSize : 15 <-- 0.019010 s
currentSize : 16 <-- 0.019600 s
currentSize : 17 <-- 0.042568 s
currentSize : 18 <-- 0.054081 s
currentSize : 19 <-- 2.696971 s
currentSize : 20 <-- 306.512329 s

TIMEOUT
maxsize : 20
nodes : 318178110.000000
filtered : 10306228304.000000
time : 3600.000244
