Parameters: GAD=1 vflib=1 dir=0 label=0 lowerbound=1 fileNameGp=../graphsdb/mcs10/rand/r005/mcs10_r005_s25.A49 fileNameGt=../graphsdb/mcs10/rand/r005/mcs10_r005_s25.B49
Reading graphs...
25 :  31
25 :  31
Initializing...
maxdom : 25
D->valSize : 625
Solving...
Blb : 2 (clique : 16)
currentSize : 16 <-- 0.009836 s
currentSize : 17 <-- 0.011532 s
currentSize : 18 <-- 0.027197 s
currentSize : 19 <-- 0.094187 s
currentSize : 20 <-- 1.091684 s

maxsize : 20
nodes : 452791.000000
filtered : 23870088.000000
time : 12.659510
