Parameters: GAD=1 vflib=1 dir=0 label=0 lowerbound=1 fileNameGp=../graphsdb/mcs10/rand/r01/mcs10_r01_s30.A48 fileNameGt=../graphsdb/mcs10/rand/r01/mcs10_r01_s30.B48
Reading graphs...
30 :  85
30 :  84
Initializing...
maxdom : 30
D->valSize : 900
Solving...
Blb : 2 (clique : 14)
currentSize : 14 <-- 0.014700 s
currentSize : 15 <-- 0.014819 s
currentSize : 16 <-- 0.020520 s
currentSize : 17 <-- 0.034930 s
currentSize : 18 <-- 5.480994 s
currentSize : 19 <-- 167.171646 s

maxsize : 19
nodes : 30885798.000000
filtered : 940951727.000000
time : 311.371613
