Parameters: GAD=1 vflib=1 dir=0 label=0 lowerbound=1 fileNameGp=../graphsdb/mcs10/rand/r01/mcs10_r01_s30.A26 fileNameGt=../graphsdb/mcs10/rand/r01/mcs10_r01_s30.B26
Reading graphs...
30 :  86
30 :  87
Initializing...
maxdom : 30
D->valSize : 900
Solving...
Blb : 5 (clique : 13)
currentSize : 13 <-- 0.010336 s
currentSize : 14 <-- 0.010445 s
currentSize : 15 <-- 0.011332 s
currentSize : 16 <-- 0.012273 s
currentSize : 17 <-- 0.012301 s
currentSize : 18 <-- 55.169731 s

maxsize : 18
nodes : 53312732.000000
filtered : 1676460008.000000
time : 567.082092
