Parameters: GAD=1 vflib=1 dir=0 label=0 lowerbound=1 fileNameGp=../graphsdb/mcs10/rand/r02/mcs10_r02_s30.A35 fileNameGt=../graphsdb/mcs10/rand/r02/mcs10_r02_s30.B35
Reading graphs...
30 :  150
30 :  159
Initializing...
maxdom : 30
D->valSize : 900
Solving...
Blb : 2 (clique : 10)
currentSize : 10 <-- 0.016468 s
currentSize : 11 <-- 0.016667 s
currentSize : 12 <-- 0.016700 s
currentSize : 13 <-- 0.020789 s
currentSize : 14 <-- 0.169103 s

maxsize : 14
nodes : 138074083.000000
filtered : 1893699233.000000
time : 578.368530
