Parameters: GAD=1 vflib=1 dir=0 label=0 lowerbound=1 fileNameGp=../graphsdb/mcs10/rand/r02/mcs10_r02_s35.A59 fileNameGt=../graphsdb/mcs10/rand/r02/mcs10_r02_s35.B59
Reading graphs...
35 :  215
35 :  214
Initializing...
maxdom : 35
D->valSize : 1225
Solving...
Blb : 5 (clique : 11)
currentSize : 11 <-- 0.017641 s
currentSize : 12 <-- 0.018028 s
currentSize : 13 <-- 0.018575 s
currentSize : 14 <-- 0.190674 s
currentSize : 15 <-- 0.246206 s
currentSize : 16 <-- 2003.356934 s

TIMEOUT
maxsize : 16
nodes : 812127481.000000
filtered : 11629111769.000000
time : 3600.000000
