Parameters: GAD=1 vflib=1 dir=0 label=0 lowerbound=1 fileNameGp=../graphsdb/mcs30/bvg/b03m/mcs30_b03m_s25.A70 fileNameGt=../graphsdb/mcs30/bvg/b03m/mcs30_b03m_s25.B70
Reading graphs...
25 :  37
25 :  37
Initializing...
maxdom : 25
D->valSize : 625
Solving...
Blb : 2 (clique : 15)
currentSize : 15 <-- 0.005751 s
currentSize : 16 <-- 0.005894 s
currentSize : 17 <-- 0.006111 s
currentSize : 18 <-- 0.009761 s
currentSize : 19 <-- 5.827596 s

maxsize : 19
nodes : 404721.000000
filtered : 17644006.000000
time : 11.695245
