Parameters: GAD=1 vflib=1 dir=0 label=0 lowerbound=1 fileNameGp=../graphsdb/mcs30/bvg/b06m/mcs30_b06m_s25.A32 fileNameGt=../graphsdb/mcs30/bvg/b06m/mcs30_b06m_s25.B32
Reading graphs...
25 :  71
25 :  66
Initializing...
maxdom : 25
D->valSize : 625
Solving...
Blb : 2 (clique : 10)
currentSize : 10 <-- 0.004995 s
currentSize : 13 <-- 0.005073 s
currentSize : 14 <-- 0.005104 s
currentSize : 15 <-- 0.016238 s
currentSize : 16 <-- 8.889427 s

maxsize : 16
nodes : 2195938.000000
filtered : 65885511.000000
time : 19.095165
