Parameters: GAD=1 vflib=1 dir=0 label=0 lowerbound=1 fileNameGp=../graphsdb/mcs30/rand/r005/mcs30_r005_s30.A21 fileNameGt=../graphsdb/mcs30/rand/r005/mcs30_r005_s30.B21
Reading graphs...
30 :  48
30 :  46
Initializing...
maxdom : 30
D->valSize : 900
Solving...
Blb : 2 (clique : 19)
currentSize : 19 <-- 0.011358 s
currentSize : 20 <-- 0.407581 s
currentSize : 21 <-- 0.620352 s
currentSize : 22 <-- 6.065232 s
currentSize : 23 <-- 10.548545 s

maxsize : 23
nodes : 1940950.000000
filtered : 110038196.000000
time : 120.467194
