Parameters: GAD=1 vflib=1 dir=0 label=0 lowerbound=1 fileNameGp=../graphsdb/mcs30/rand/r01/mcs30_r01_s35.A84 fileNameGt=../graphsdb/mcs30/rand/r01/mcs30_r01_s35.B84
Reading graphs...
35 :  113
35 :  114
Initializing...
maxdom : 35
D->valSize : 1225
Solving...
Blb : 5 (clique : 14)
currentSize : 14 <-- 0.019486 s
currentSize : 15 <-- 0.019633 s
currentSize : 16 <-- 0.019811 s
currentSize : 17 <-- 0.019957 s
currentSize : 18 <-- 0.096106 s
currentSize : 19 <-- 0.380041 s
currentSize : 20 <-- 517.241150 s

TIMEOUT
maxsize : 20
nodes : 265782120.000000
filtered : 9615390763.000000
time : 3600.000000
