Parameters: GAD=1 vflib=1 dir=0 label=0 lowerbound=1 fileNameGp=../graphsdb/mcs30/bvg/b03m/mcs30_b03m_s25.A11 fileNameGt=../graphsdb/mcs30/bvg/b03m/mcs30_b03m_s25.B11
Reading graphs...
25 :  35
25 :  36
Initializing...
maxdom : 25
D->valSize : 625
Solving...
Blb : 2 (clique : 15)
currentSize : 15 <-- 0.005377 s
currentSize : 16 <-- 0.005468 s
currentSize : 17 <-- 0.005800 s
currentSize : 18 <-- 0.007192 s
currentSize : 19 <-- 2.656094 s

maxsize : 19
nodes : 561156.000000
filtered : 25679658.000000
time : 19.029884
