Parameters: GAD=1 vflib=1 dir=0 label=0 lowerbound=1 fileNameGp=../graphsdb/mcs30/m3D/m3Dr6/mcs30_m3Dr6_s30.A73 fileNameGt=../graphsdb/mcs30/m3D/m3Dr6/mcs30_m3Dr6_s30.B73
Reading graphs...
30 :  75
30 :  71
Initializing...
maxdom : 30
D->valSize : 900
Solving...
Blb : 2 (clique : 15)
currentSize : 15 <-- 0.010545 s
currentSize : 16 <-- 0.010720 s
currentSize : 17 <-- 0.029891 s
currentSize : 18 <-- 0.210305 s
currentSize : 19 <-- 16.232370 s

maxsize : 19
nodes : 24940175.000000
filtered : 827217768.000000
time : 346.924042
