Parameters: GAD=1 vflib=1 dir=0 label=0 lowerbound=1 fileNameGp=../graphsdb/mcs30/bvg/b06/mcs30_b06_s35.A21 fileNameGt=../graphsdb/mcs30/bvg/b06/mcs30_b06_s35.B21
Reading graphs...
35 :  101
35 :  102
Initializing...
maxdom : 35
D->valSize : 1225
Solving...
Blb : 2 (clique : 16)
currentSize : 16 <-- 0.034963 s
currentSize : 17 <-- 0.035470 s
currentSize : 18 <-- 0.035576 s
currentSize : 19 <-- 0.040572 s
currentSize : 20 <-- 6.199005 s
currentSize : 21 <-- 6.824075 s
currentSize : 22 <-- 2541.944092 s

TIMEOUT
maxsize : 22
nodes : 221621811.000000
filtered : 9572198689.000000
time : 3600.000000
