Parameters: GAD=1 vflib=1 dir=0 label=0 lowerbound=1 fileNameGp=../graphsdb/mcs30/bvg/b09m/mcs30_b09m_s35.A49 fileNameGt=../graphsdb/mcs30/bvg/b09m/mcs30_b09m_s35.B49
Reading graphs...
35 :  141
35 :  147
Initializing...
maxdom : 35
D->valSize : 1225
Solving...
Blb : 2 (clique : 14)
currentSize : 14 <-- 0.018860 s
currentSize : 15 <-- 0.019028 s
currentSize : 16 <-- 0.023659 s
currentSize : 17 <-- 0.042222 s
currentSize : 18 <-- 1.944345 s
currentSize : 19 <-- 648.749756 s

maxsize : 19
nodes : 287713070.000000
filtered : 10147239854.000000
time : 3117.981201
