Parameters: GAD=1 vflib=1 dir=0 label=0 lowerbound=1 fileNameGp=../graphsdb/mcs30/rand/r02/mcs30_r02_s35.A35 fileNameGt=../graphsdb/mcs30/rand/r02/mcs30_r02_s35.B35
Reading graphs...
35 :  217
35 :  215
Initializing...
maxdom : 35
D->valSize : 1225
Solving...
Blb : 2 (clique : 11)
currentSize : 11 <-- 0.017677 s
currentSize : 12 <-- 0.017817 s
currentSize : 13 <-- 0.019425 s
currentSize : 14 <-- 0.349066 s
currentSize : 15 <-- 1.785968 s
currentSize : 16 <-- 3334.567139 s

TIMEOUT
maxsize : 16
nodes : 838427248.000000
filtered : 11478037912.000000
time : 3600.000000
