Parameters: GAD=1 vflib=1 dir=0 label=0 lowerbound=1 fileNameGp=../graphsdb/mcs30/m3D/m3Dr4/mcs30_m3Dr4_s25.A49 fileNameGt=../graphsdb/mcs30/m3D/m3Dr4/mcs30_m3Dr4_s25.B49
Reading graphs...
25 :  57
25 :  57
Initializing...
maxdom : 25
D->valSize : 625
Solving...
Blb : 2 (clique : 13)
currentSize : 13 <-- 0.008118 s
currentSize : 14 <-- 0.008235 s
currentSize : 15 <-- 0.012143 s
currentSize : 16 <-- 0.058050 s
currentSize : 17 <-- 2.219512 s

maxsize : 17
nodes : 741408.000000
filtered : 25897617.000000
time : 10.999799
