Parameters: GAD=1 vflib=1 dir=0 label=0 lowerbound=1 fileNameGp=../graphsdb/mcs30/bvg/b09/mcs30_b09_s35.A99 fileNameGt=../graphsdb/mcs30/bvg/b09/mcs30_b09_s35.B99
Reading graphs...
35 :  153
35 :  155
Initializing...
maxdom : 35
D->valSize : 1225
Solving...
Blb : 2 (clique : 14)
currentSize : 14 <-- 0.018495 s
currentSize : 15 <-- 0.027346 s
currentSize : 16 <-- 0.140209 s
currentSize : 17 <-- 0.978885 s
currentSize : 18 <-- 1.612547 s
currentSize : 19 <-- 1.739633 s
currentSize : 20 <-- 978.542725 s

maxsize : 20
nodes : 136347914.000000
filtered : 4228475604.000000
time : 1272.966187
