Parameters: GAD=1 vflib=1 dir=0 label=0 lowerbound=1 fileNameGp=../graphsdb/mcs30/bvg/b06/mcs30_b06_s35.A14 fileNameGt=../graphsdb/mcs30/bvg/b06/mcs30_b06_s35.B14
Reading graphs...
35 :  101
35 :  103
Initializing...
maxdom : 35
D->valSize : 1225
Solving...
Blb : 5 (clique : 15)
currentSize : 15 <-- 0.019769 s
currentSize : 17 <-- 0.019978 s
currentSize : 18 <-- 0.020286 s
currentSize : 19 <-- 0.020335 s
currentSize : 20 <-- 0.023548 s
currentSize : 21 <-- 16.016504 s
currentSize : 22 <-- 716.253662 s

TIMEOUT
maxsize : 22
nodes : 157310588.000000
filtered : 8340327568.000000
time : 3600.000000
