Parameters: GAD=1 vflib=1 dir=0 label=0 lowerbound=1 fileNameGp=../graphsdb/mcs30/rand/r005/mcs30_r005_s30.A41 fileNameGt=../graphsdb/mcs30/rand/r005/mcs30_r005_s30.B41
Reading graphs...
30 :  48
30 :  48
Initializing...
maxdom : 30
D->valSize : 900
Solving...
Blb : 2 (clique : 18)
currentSize : 18 <-- 0.011540 s
currentSize : 19 <-- 0.073437 s
currentSize : 20 <-- 0.142167 s
currentSize : 21 <-- 10.503735 s
currentSize : 22 <-- 11.511734 s

maxsize : 22
nodes : 13830724.000000
filtered : 787868531.000000
time : 565.903320
