Parameters: GAD=1 vflib=1 dir=0 label=0 lowerbound=1 fileNameGp=../graphsdb/mcs30/m2D/m2D/mcs30_m2D_s30.A72 fileNameGt=../graphsdb/mcs30/m2D/m2D/mcs30_m2D_s30.B72
Reading graphs...
30 :  48
30 :  48
Initializing...
maxdom : 30
D->valSize : 900
Solving...
Blb : 2 (clique : 18)
currentSize : 18 <-- 0.011325 s
currentSize : 19 <-- 0.015930 s
currentSize : 20 <-- 0.058076 s
currentSize : 21 <-- 0.060676 s
currentSize : 22 <-- 6.519944 s
currentSize : 23 <-- 94.693726 s

maxsize : 23
nodes : 5034178.000000
filtered : 284057566.000000
time : 199.876160
