Parameters: GAD=1 vflib=1 dir=0 label=0 lowerbound=1 fileNameGp=../graphsdb/mcs30/bvg/b09/mcs30_b09_s35.A97 fileNameGt=../graphsdb/mcs30/bvg/b09/mcs30_b09_s35.B97
Reading graphs...
35 :  154
35 :  152
Initializing...
maxdom : 35
D->valSize : 1225
Solving...
Blb : 2 (clique : 14)
currentSize : 14 <-- 0.018688 s
currentSize : 15 <-- 0.023785 s
currentSize : 16 <-- 0.067482 s
currentSize : 17 <-- 0.774561 s
currentSize : 18 <-- 2.248869 s
currentSize : 19 <-- 9.335353 s
currentSize : 20 <-- 261.985168 s

maxsize : 20
nodes : 111539525.000000
filtered : 3747115151.000000
time : 1129.614746
