Parameters: GAD=1 vflib=1 dir=0 label=0 lowerbound=1 fileNameGp=../graphsdb/mcs30/bvg/b06m/mcs30_b06m_s30.A28 fileNameGt=../graphsdb/mcs30/bvg/b06m/mcs30_b06m_s30.B28
Reading graphs...
30 :  83
30 :  84
Initializing...
maxdom : 30
D->valSize : 900
Solving...
Blb : 2 (clique : 15)
currentSize : 15 <-- 0.010683 s
currentSize : 16 <-- 0.083151 s
currentSize : 17 <-- 0.159635 s
currentSize : 18 <-- 3.717366 s
currentSize : 19 <-- 367.642426 s

maxsize : 19
nodes : 29480963.000000
filtered : 1112796363.000000
time : 488.404663
