Parameters: GAD=1 vflib=1 dir=0 label=0 lowerbound=1 fileNameGp=../graphsdb/mcs30/bvg/b03m/mcs30_b03m_s25.A83 fileNameGt=../graphsdb/mcs30/bvg/b03m/mcs30_b03m_s25.B83
Reading graphs...
25 :  36
25 :  35
Initializing...
maxdom : 25
D->valSize : 625
Solving...
Blb : 2 (clique : 15)
currentSize : 15 <-- 0.005601 s
currentSize : 16 <-- 0.005703 s
currentSize : 17 <-- 0.005774 s
currentSize : 18 <-- 0.015113 s
currentSize : 19 <-- 0.042871 s

maxsize : 19
nodes : 602086.000000
filtered : 30360943.000000
time : 15.386314
