Parameters: GAD=1 vflib=1 dir=0 label=0 lowerbound=1 fileNameGp=../graphsdb/mcs30/rand/r01/mcs30_r01_s30.A51 fileNameGt=../graphsdb/mcs30/rand/r01/mcs30_r01_s30.B51
Reading graphs...
30 :  83
30 :  79
Initializing...
maxdom : 30
D->valSize : 900
Solving...
Blb : 2 (clique : 15)
currentSize : 15 <-- 0.010562 s
currentSize : 16 <-- 0.011956 s
currentSize : 17 <-- 0.012055 s
currentSize : 18 <-- 0.066380 s
currentSize : 19 <-- 18.679352 s

maxsize : 19
nodes : 21747116.000000
filtered : 767481284.000000
time : 258.599182
