Parameters: GAD=1 vflib=1 dir=0 label=0 lowerbound=1 fileNameGp=../graphsdb/mcs30/bvg/b03m/mcs30_b03m_s30.A44 fileNameGt=../graphsdb/mcs30/bvg/b03m/mcs30_b03m_s30.B44
Reading graphs...
30 :  43
30 :  43
Initializing...
maxdom : 30
D->valSize : 900
Solving...
Blb : 2 (clique : 19)
currentSize : 19 <-- 0.011363 s
currentSize : 20 <-- 0.024305 s
currentSize : 21 <-- 0.096572 s
currentSize : 22 <-- 0.101776 s
currentSize : 23 <-- 3.228419 s

maxsize : 23
nodes : 1691951.000000
filtered : 115423835.000000
time : 119.409912
