Parameters: GAD=1 vflib=1 dir=0 label=0 lowerbound=1 fileNameGp=../graphsdb/mcs30/m2D/m2Dr6/mcs30_m2Dr6_s30.A78 fileNameGt=../graphsdb/mcs30/m2D/m2Dr6/mcs30_m2Dr6_s30.B78
Reading graphs...
30 :  64
30 :  64
Initializing...
maxdom : 30
D->valSize : 900
Solving...
Blb : 5 (clique : 16)
currentSize : 16 <-- 0.011841 s
currentSize : 17 <-- 0.012455 s
currentSize : 18 <-- 0.014945 s
currentSize : 19 <-- 0.017151 s
currentSize : 20 <-- 0.120733 s
currentSize : 21 <-- 217.065216 s

maxsize : 21
nodes : 18498875.000000
filtered : 905599894.000000
time : 551.937012
