Parameters: GAD=1 vflib=1 dir=0 label=0 lowerbound=1 fileNameGp=../graphsdb/mcs30/bvg/b03/mcs30_b03_s35.A35 fileNameGt=../graphsdb/mcs30/bvg/b03/mcs30_b03_s35.B35
Reading graphs...
35 :  52
35 :  51
Initializing...
maxdom : 35
D->valSize : 1225
Solving...
Blb : 2 (clique : 21)
currentSize : 21 <-- 0.021329 s
currentSize : 22 <-- 0.021555 s
currentSize : 23 <-- 0.023146 s
currentSize : 24 <-- 0.094123 s
currentSize : 25 <-- 0.220914 s
currentSize : 26 <-- 126.292839 s

TIMEOUT
maxsize : 26
nodes : 50767746.000000
filtered : 3633279370.000000
time : 3600.000977
