Parameters: GAD=1 vflib=1 dir=0 label=0 lowerbound=1 fileNameGp=../graphsdb/mcs30/m2D/m2Dr6/mcs30_m2Dr6_s30.A60 fileNameGt=../graphsdb/mcs30/m2D/m2Dr6/mcs30_m2Dr6_s30.B60
Reading graphs...
30 :  64
30 :  64
Initializing...
maxdom : 30
D->valSize : 900
Solving...
Blb : 3 (clique : 16)
currentSize : 16 <-- 0.019177 s
currentSize : 17 <-- 0.019407 s
currentSize : 18 <-- 0.021785 s
currentSize : 19 <-- 0.037217 s
currentSize : 20 <-- 0.037329 s
currentSize : 21 <-- 51.156052 s

maxsize : 21
nodes : 7105187.000000
filtered : 304107728.000000
time : 176.716324
