Parameters: GAD=1 vflib=1 dir=0 label=0 lowerbound=1 fileNameGp=../graphsdb/mcs30/rand/r01/mcs30_r01_s30.A82 fileNameGt=../graphsdb/mcs30/rand/r01/mcs30_r01_s30.B82
Reading graphs...
30 :  82
30 :  88
Initializing...
maxdom : 30
D->valSize : 900
Solving...
Blb : 2 (clique : 14)
currentSize : 14 <-- 0.011127 s
currentSize : 15 <-- 0.011257 s
currentSize : 16 <-- 0.011874 s
currentSize : 17 <-- 0.012284 s
currentSize : 18 <-- 0.156603 s
currentSize : 19 <-- 247.245422 s

maxsize : 19
nodes : 32984990.000000
filtered : 1009272208.000000
time : 389.647797
