Parameters: GAD=1 vflib=1 dir=0 label=0 lowerbound=1 fileNameGp=../graphsdb/mcs30/bvg/b09m/mcs30_b09m_s35.A87 fileNameGt=../graphsdb/mcs30/bvg/b09m/mcs30_b09m_s35.B87
Reading graphs...
35 :  141
35 :  142
Initializing...
maxdom : 35
D->valSize : 1225
Solving...
Blb : 2 (clique : 14)
currentSize : 14 <-- 0.032158 s
currentSize : 15 <-- 0.032446 s
currentSize : 16 <-- 0.038932 s
currentSize : 17 <-- 1.258560 s
currentSize : 18 <-- 16.663942 s
currentSize : 19 <-- 1079.673096 s

maxsize : 19
nodes : 307264099.000000
filtered : 10346313996.000000
time : 3310.049561
