Parameters: GAD=1 vflib=1 dir=0 label=0 lowerbound=1 fileNameGp=../graphsdb/mcs30/rand/r02/mcs30_r02_s35.A02 fileNameGt=../graphsdb/mcs30/rand/r02/mcs30_r02_s35.B02
Reading graphs...
35 :  207
35 :  214
Initializing...
maxdom : 35
D->valSize : 1225
Solving...
Blb : 2 (clique : 11)
currentSize : 11 <-- 0.030458 s
currentSize : 12 <-- 0.030652 s
currentSize : 13 <-- 0.030755 s
currentSize : 14 <-- 0.050577 s
currentSize : 15 <-- 2.845282 s
currentSize : 16 <-- 74.317627 s

maxsize : 16
nodes : 651646649.000000
filtered : 11707129009.000000
time : 3226.773926
