Parameters: GAD=1 vflib=1 dir=0 label=0 lowerbound=1 fileNameGp=../graphsdb/mcs30/bvg/b09/mcs30_b09_s35.A47 fileNameGt=../graphsdb/mcs30/bvg/b09/mcs30_b09_s35.B47
Reading graphs...
35 :  151
35 :  148
Initializing...
maxdom : 35
D->valSize : 1225
Solving...
Blb : 5 (clique : 14)
currentSize : 14 <-- 0.018497 s
currentSize : 15 <-- 0.077715 s
currentSize : 16 <-- 0.257652 s
currentSize : 17 <-- 0.401201 s
currentSize : 18 <-- 1.846939 s
currentSize : 19 <-- 7.219651 s
currentSize : 20 <-- 108.876404 s

TIMEOUT
maxsize : 20
nodes : 333450592.000000
filtered : 9675186529.000000
time : 3600.000000
