Parameters: GAD=1 vflib=1 dir=0 label=0 lowerbound=1 fileNameGp=../graphsdb/mcs30/bvg/b06m/mcs30_b06m_s25.A39 fileNameGt=../graphsdb/mcs30/bvg/b06m/mcs30_b06m_s25.B39
Reading graphs...
25 :  72
25 :  69
Initializing...
maxdom : 25
D->valSize : 625
Solving...
Blb : 3 (clique : 12)
currentSize : 12 <-- 0.005082 s
currentSize : 13 <-- 0.005812 s
currentSize : 14 <-- 0.006713 s
currentSize : 15 <-- 0.017268 s
currentSize : 16 <-- 0.612461 s

maxsize : 16
nodes : 668268.000000
filtered : 17600955.000000
time : 6.077657
