Parameters: GAD=1 vflib=1 dir=0 label=0 lowerbound=1 fileNameGp=../graphsdb/mcs30/rand/r005/mcs30_r005_s35.A85 fileNameGt=../graphsdb/mcs30/rand/r005/mcs30_r005_s35.B85
Reading graphs...
35 :  63
35 :  62
Initializing...
maxdom : 35
D->valSize : 1225
Solving...
Blb : 2 (clique : 21)
currentSize : 21 <-- 0.036888 s
currentSize : 22 <-- 0.042760 s
currentSize : 23 <-- 0.043616 s
currentSize : 24 <-- 0.221752 s
currentSize : 25 <-- 3.264302 s
currentSize : 26 <-- 4.785211 s

TIMEOUT
maxsize : 26
nodes : 57399250.000000
filtered : 3934720022.000000
time : 3600.000488
