Parameters: GAD=1 vflib=1 dir=0 label=0 lowerbound=1 fileNameGp=../graphsdb/mcs30/bvg/b09m/mcs30_b09m_s35.A41 fileNameGt=../graphsdb/mcs30/bvg/b09m/mcs30_b09m_s35.B41
Reading graphs...
35 :  145
35 :  143
Initializing...
maxdom : 35
D->valSize : 1225
Solving...
Blb : 2 (clique : 15)
currentSize : 15 <-- 0.018682 s
currentSize : 16 <-- 0.026314 s
currentSize : 17 <-- 0.662815 s
currentSize : 18 <-- 36.453667 s
currentSize : 19 <-- 39.336037 s

maxsize : 19
nodes : 258910170.000000
filtered : 8704382860.000000
time : 2499.096680
