Parameters: GAD=1 vflib=1 dir=0 label=0 lowerbound=1 fileNameGp=../graphsdb/mcs30/m2D/m2Dr6/mcs30_m2Dr6_s30.A61 fileNameGt=../graphsdb/mcs30/m2D/m2Dr6/mcs30_m2Dr6_s30.B61
Reading graphs...
30 :  66
30 :  61
Initializing...
maxdom : 30
D->valSize : 900
Solving...
Blb : 2 (clique : 17)
currentSize : 17 <-- 0.010963 s
currentSize : 18 <-- 0.184070 s
currentSize : 19 <-- 0.367686 s
currentSize : 20 <-- 7.020965 s
currentSize : 21 <-- 8.952932 s

maxsize : 21
nodes : 1916070.000000
filtered : 96938509.000000
time : 86.887497
