Parameters: GAD=1 vflib=1 dir=0 label=0 lowerbound=1 fileNameGp=../graphsdb/mcs30/m2D/m2D/mcs30_m2D_s30.A28 fileNameGt=../graphsdb/mcs30/m2D/m2D/mcs30_m2D_s30.B28
Reading graphs...
30 :  48
30 :  49
Initializing...
maxdom : 30
D->valSize : 900
Solving...
Blb : 2 (clique : 18)
currentSize : 18 <-- 0.011617 s
currentSize : 19 <-- 0.013221 s
currentSize : 20 <-- 3.256136 s
currentSize : 21 <-- 27.439425 s
currentSize : 22 <-- 27.439468 s

maxsize : 22
nodes : 45730376.000000
filtered : 2630296625.000000
time : 1570.041016
