Parameters: GAD=1 vflib=1 dir=0 label=0 lowerbound=1 fileNameGp=../graphsdb/mcs30/m2D/m2D/mcs30_m2D_s30.A19 fileNameGt=../graphsdb/mcs30/m2D/m2D/mcs30_m2D_s30.B19
Reading graphs...
30 :  49
30 :  48
Initializing...
maxdom : 30
D->valSize : 900
Solving...
Blb : 2 (clique : 17)
currentSize : 17 <-- 0.011245 s
currentSize : 18 <-- 0.012485 s
currentSize : 19 <-- 0.014031 s
currentSize : 20 <-- 0.019608 s
currentSize : 21 <-- 0.795546 s
currentSize : 22 <-- 3.146812 s
currentSize : 23 <-- 304.430023 s

maxsize : 23
nodes : 8977717.000000
filtered : 432776312.000000
time : 312.950409
