Parameters: GAD=1 vflib=1 dir=0 label=0 lowerbound=1 fileNameGp=../graphsdb/mcs30/bvg/b06/mcs30_b06_s35.A30 fileNameGt=../graphsdb/mcs30/bvg/b06/mcs30_b06_s35.B30
Reading graphs...
35 :  101
35 :  103
Initializing...
maxdom : 35
D->valSize : 1225
Solving...
Blb : 2 (clique : 15)
currentSize : 15 <-- 0.020059 s
currentSize : 17 <-- 0.020206 s
currentSize : 18 <-- 0.020231 s
currentSize : 19 <-- 0.039161 s
currentSize : 20 <-- 3.804734 s
currentSize : 21 <-- 87.145103 s

TIMEOUT
maxsize : 21
nodes : 185489485.000000
filtered : 7025654297.000000
time : 3600.000000
