Parameters: GAD=1 vflib=1 dir=0 label=0 lowerbound=1 fileNameGp=../graphsdb/mcs30/bvg/b03/mcs30_b03_s25.A63 fileNameGt=../graphsdb/mcs30/bvg/b03/mcs30_b03_s25.B63
Reading graphs...
25 :  36
25 :  35
Initializing...
maxdom : 25
D->valSize : 625
Solving...
Blb : 2 (clique : 15)
currentSize : 15 <-- 0.009665 s
currentSize : 16 <-- 0.009809 s
currentSize : 17 <-- 0.010018 s
currentSize : 18 <-- 0.010684 s
currentSize : 19 <-- 0.386002 s

maxsize : 19
nodes : 170678.000000
filtered : 7654436.000000
time : 4.088607
