Parameters: GAD=1 vflib=1 dir=0 label=0 lowerbound=1 fileNameGp=../graphsdb/mcs30/m3D/m3D/mcs30_m3D_s30.A49 fileNameGt=../graphsdb/mcs30/m3D/m3D/mcs30_m3D_s30.B49
Reading graphs...
30 :  59
30 :  59
Initializing...
maxdom : 30
D->valSize : 900
Solving...
Blb : 2 (clique : 16)
currentSize : 16 <-- 0.019432 s
currentSize : 17 <-- 0.019682 s
currentSize : 18 <-- 0.020830 s
currentSize : 19 <-- 0.021368 s
currentSize : 20 <-- 0.023389 s
currentSize : 21 <-- 54.369480 s

maxsize : 21
nodes : 18158908.000000
filtered : 869622534.000000
time : 434.738831
