Parameters: GAD=1 vflib=1 dir=0 label=0 lowerbound=1 fileNameGp=../graphsdb/mcs30/bvg/b06m/mcs30_b06m_s35.A60 fileNameGt=../graphsdb/mcs30/bvg/b06m/mcs30_b06m_s35.B60
Reading graphs...
35 :  101
35 :  101
Initializing...
maxdom : 35
D->valSize : 1225
Solving...
Blb : 2 (clique : 15)
currentSize : 15 <-- 0.019958 s
currentSize : 17 <-- 0.020106 s
currentSize : 18 <-- 0.020463 s
currentSize : 19 <-- 0.020697 s
currentSize : 20 <-- 0.022225 s
currentSize : 21 <-- 0.089839 s
currentSize : 22 <-- 149.503860 s

TIMEOUT
maxsize : 22
nodes : 189631082.000000
filtered : 9595122244.000000
time : 3600.000000
