Parameters: GAD=1 vflib=1 dir=0 label=0 lowerbound=1 fileNameGp=../graphsdb/mcs30/m2D/m2Dr4/mcs30_m2Dr4_s30.A89 fileNameGt=../graphsdb/mcs30/m2D/m2Dr4/mcs30_m2Dr4_s30.B89
Reading graphs...
30 :  59
30 :  60
Initializing...
maxdom : 30
D->valSize : 900
Solving...
Blb : 2 (clique : 16)
currentSize : 16 <-- 0.011059 s
currentSize : 17 <-- 0.011651 s
currentSize : 18 <-- 0.011871 s
currentSize : 19 <-- 0.012043 s
currentSize : 20 <-- 3.809704 s
currentSize : 21 <-- 5.448015 s

maxsize : 21
nodes : 14339086.000000
filtered : 747183218.000000
time : 458.960297
