Parameters: GAD=1 vflib=1 dir=0 label=0 lowerbound=1 fileNameGp=../graphsdb/mcs30/bvg/b06/mcs30_b06_s30.A82 fileNameGt=../graphsdb/mcs30/bvg/b06/mcs30_b06_s30.B82
Reading graphs...
30 :  87
30 :  90
Initializing...
maxdom : 30
D->valSize : 900
Solving...
Blb : 2 (clique : 14)
currentSize : 14 <-- 0.018185 s
currentSize : 15 <-- 0.018386 s
currentSize : 16 <-- 0.019053 s
currentSize : 17 <-- 0.075029 s
currentSize : 18 <-- 0.279876 s

maxsize : 18
nodes : 29008496.000000
filtered : 1119111964.000000
time : 481.459015
