Parameters: GAD=1 vflib=1 dir=0 label=0 lowerbound=1 fileNameGp=../graphsdb/mcs30/bvg/b06m/mcs30_b06m_s35.A37 fileNameGt=../graphsdb/mcs30/bvg/b06m/mcs30_b06m_s35.B37
Reading graphs...
35 :  102
35 :  102
Initializing...
maxdom : 35
D->valSize : 1225
Solving...
Blb : 2 (clique : 16)
currentSize : 16 <-- 0.019873 s
currentSize : 17 <-- 0.020407 s
currentSize : 18 <-- 0.021180 s
currentSize : 19 <-- 0.044847 s
currentSize : 20 <-- 9.578924 s
currentSize : 21 <-- 514.088074 s

TIMEOUT
maxsize : 21
nodes : 201060010.000000
filtered : 8605620107.000000
time : 3600.000000
