Parameters: GAD=1 vflib=1 dir=0 label=0 lowerbound=1 fileNameGp=../graphsdb/mcs30/m2D/m2Dr4/mcs30_m2Dr4_s30.A39 fileNameGt=../graphsdb/mcs30/m2D/m2Dr4/mcs30_m2Dr4_s30.B39
Reading graphs...
30 :  60
30 :  60
Initializing...
maxdom : 30
D->valSize : 900
Solving...
Blb : 2 (clique : 17)
currentSize : 17 <-- 0.010906 s
currentSize : 18 <-- 0.045088 s
currentSize : 19 <-- 0.201057 s
currentSize : 20 <-- 0.268022 s
currentSize : 21 <-- 350.677307 s

maxsize : 21
nodes : 23968977.000000
filtered : 1209160310.000000
time : 699.202942
