Parameters: GAD=1 vflib=1 dir=0 label=0 lowerbound=1 fileNameGp=../graphsdb/mcs30/bvg/b03m/mcs30_b03m_s35.A61 fileNameGt=../graphsdb/mcs30/bvg/b03m/mcs30_b03m_s35.B61
Reading graphs...
35 :  52
35 :  52
Initializing...
maxdom : 35
D->valSize : 1225
Solving...
Blb : 5 (clique : 20)
currentSize : 20 <-- 0.037852 s
currentSize : 22 <-- 0.038109 s
currentSize : 23 <-- 0.052659 s
currentSize : 24 <-- 0.067146 s
currentSize : 25 <-- 0.980792 s
currentSize : 26 <-- 23.515631 s
currentSize : 27 <-- 109.263527 s

TIMEOUT
maxsize : 27
nodes : 42891905.000000
filtered : 3484679398.000000
time : 3600.000732
