Parameters: GAD=1 vflib=1 dir=0 label=0 lowerbound=1 fileNameGp=../graphsdb/mcs30/bvg/b06/mcs30_b06_s35.A49 fileNameGt=../graphsdb/mcs30/bvg/b06/mcs30_b06_s35.B49
Reading graphs...
35 :  100
35 :  102
Initializing...
maxdom : 35
D->valSize : 1225
Solving...
Blb : 2 (clique : 16)
currentSize : 16 <-- 0.019972 s
currentSize : 17 <-- 0.020123 s
currentSize : 18 <-- 0.023413 s
currentSize : 19 <-- 0.024589 s
currentSize : 20 <-- 0.038752 s
currentSize : 21 <-- 1.310272 s
currentSize : 22 <-- 190.628662 s

maxsize : 22
nodes : 85469608.000000
filtered : 3984406376.000000
time : 2398.964600
