Parameters: GAD=1 vflib=1 dir=0 label=0 lowerbound=1 fileNameGp=../graphsdb/mcs30/rand/r005/mcs30_r005_s35.A89 fileNameGt=../graphsdb/mcs30/rand/r005/mcs30_r005_s35.B89
Reading graphs...
35 :  64
35 :  63
Initializing...
maxdom : 35
D->valSize : 1225
Solving...
Blb : 2 (clique : 20)
currentSize : 20 <-- 0.021024 s
currentSize : 21 <-- 0.021996 s
currentSize : 22 <-- 0.025901 s
currentSize : 23 <-- 0.251445 s
currentSize : 24 <-- 2.847719 s
currentSize : 25 <-- 10.132225 s
currentSize : 26 <-- 2374.723877 s

TIMEOUT
maxsize : 26
nodes : 43897120.000000
filtered : 2885856131.000000
time : 3600.000000
