Parameters: GAD=1 vflib=1 dir=0 label=0 lowerbound=1 fileNameGp=../graphsdb/mcs30/m3D/m3Dr4/mcs30_m3Dr4_s30.A24 fileNameGt=../graphsdb/mcs30/m3D/m3Dr4/mcs30_m3Dr4_s30.B24
Reading graphs...
30 :  68
30 :  71
Initializing...
maxdom : 30
D->valSize : 900
Solving...
Blb : 2 (clique : 15)
currentSize : 15 <-- 0.019149 s
currentSize : 16 <-- 0.019862 s
currentSize : 17 <-- 0.020010 s
currentSize : 18 <-- 0.027800 s
currentSize : 19 <-- 0.529797 s
currentSize : 20 <-- 249.806396 s

maxsize : 20
nodes : 20828478.000000
filtered : 787299856.000000
time : 380.708832
