Parameters: GAD=1 vflib=1 dir=0 label=0 lowerbound=1 fileNameGp=../graphsdb/mcs30/bvg/b09/mcs30_b09_s35.A30 fileNameGt=../graphsdb/mcs30/bvg/b09/mcs30_b09_s35.B30
Reading graphs...
35 :  151
35 :  153
Initializing...
maxdom : 35
D->valSize : 1225
Solving...
Blb : 3 (clique : 15)
currentSize : 15 <-- 0.018232 s
currentSize : 16 <-- 0.029709 s
currentSize : 17 <-- 0.253769 s
currentSize : 18 <-- 1.438900 s
currentSize : 19 <-- 169.403366 s
currentSize : 20 <-- 613.828247 s

maxsize : 20
nodes : 127729356.000000
filtered : 4404566399.000000
time : 1362.651855
