Parameters: GAD=1 vflib=1 dir=0 label=0 lowerbound=1 fileNameGp=../graphsdb/mcs30/rand/r005/mcs30_r005_s30.A48 fileNameGt=../graphsdb/mcs30/rand/r005/mcs30_r005_s30.B48
Reading graphs...
30 :  47
30 :  48
Initializing...
maxdom : 30
D->valSize : 900
Solving...
Blb : 5 (clique : 17)
currentSize : 17 <-- 0.011579 s
currentSize : 18 <-- 0.011759 s
currentSize : 19 <-- 0.013627 s
currentSize : 20 <-- 0.084873 s
currentSize : 21 <-- 0.565833 s
currentSize : 22 <-- 3.214096 s

maxsize : 22
nodes : 4915575.000000
filtered : 247071206.000000
time : 220.961075
