Parameters: GAD=1 vflib=1 dir=0 label=0 lowerbound=1 fileNameGp=../graphsdb/mcs30/rand/r005/mcs30_r005_s35.A65 fileNameGt=../graphsdb/mcs30/rand/r005/mcs30_r005_s35.B65
Reading graphs...
35 :  61
35 :  64
Initializing...
maxdom : 35
D->valSize : 1225
Solving...
Blb : 2 (clique : 20)
currentSize : 20 <-- 0.020780 s
currentSize : 21 <-- 0.020966 s
currentSize : 22 <-- 0.021003 s
currentSize : 23 <-- 0.026085 s
currentSize : 24 <-- 0.866282 s
currentSize : 25 <-- 5.683980 s
currentSize : 26 <-- 694.621826 s

maxsize : 26
nodes : 22358363.000000
filtered : 1572791936.000000
time : 1661.703491
