Parameters: GAD=1 vflib=1 dir=0 label=0 lowerbound=1 fileNameGp=../graphsdb/mcs30/bvg/b03/mcs30_b03_s35.A74 fileNameGt=../graphsdb/mcs30/bvg/b03/mcs30_b03_s35.B74
Reading graphs...
35 :  51
35 :  52
Initializing...
maxdom : 35
D->valSize : 1225
Solving...
Blb : 2 (clique : 23)
currentSize : 23 <-- 0.021385 s
currentSize : 24 <-- 0.023315 s
currentSize : 25 <-- 0.518855 s
currentSize : 26 <-- 24.458693 s
currentSize : 27 <-- 366.644562 s

maxsize : 27
nodes : 18972166.000000
filtered : 1477985081.000000
time : 2228.211182
