Parameters: GAD=1 vflib=1 dir=0 label=0 lowerbound=1 fileNameGp=../graphsdb/mcs30/rand/r01/mcs30_r01_s35.A50 fileNameGt=../graphsdb/mcs30/rand/r01/mcs30_r01_s35.B50
Reading graphs...
35 :  115
35 :  112
Initializing...
maxdom : 35
D->valSize : 1225
Solving...
Blb : 2 (clique : 14)
currentSize : 14 <-- 0.034104 s
currentSize : 15 <-- 0.034405 s
currentSize : 16 <-- 0.035736 s
currentSize : 17 <-- 0.036313 s
currentSize : 18 <-- 0.050304 s
currentSize : 19 <-- 1.012401 s
currentSize : 20 <-- 627.122009 s

TIMEOUT
maxsize : 20
nodes : 279398856.000000
filtered : 9234017706.000000
time : 3600.000000
