Parameters: GAD=1 vflib=1 dir=0 label=0 lowerbound=1 fileNameGp=../graphsdb/mcs30/rand/r02/mcs30_r02_s30.A81 fileNameGt=../graphsdb/mcs30/rand/r02/mcs30_r02_s30.B81
Reading graphs...
30 :  152
30 :  159
Initializing...
maxdom : 30
D->valSize : 900
Solving...
Blb : 2 (clique : 10)
currentSize : 10 <-- 0.016616 s
currentSize : 11 <-- 0.016788 s
currentSize : 12 <-- 0.017984 s
currentSize : 13 <-- 0.022402 s
currentSize : 14 <-- 1.091971 s

maxsize : 14
nodes : 118022572.000000
filtered : 1612781428.000000
time : 503.978180
