Parameters: GAD=1 vflib=1 dir=0 label=0 lowerbound=1 fileNameGp=../graphsdb/mcs30/bvg/b06m/mcs30_b06m_s25.A00 fileNameGt=../graphsdb/mcs30/bvg/b06m/mcs30_b06m_s25.B00
Reading graphs...
25 :  67
25 :  70
Initializing...
maxdom : 25
D->valSize : 625
Solving...
Blb : 2 (clique : 12)
currentSize : 12 <-- 0.008641 s
currentSize : 13 <-- 0.026291 s
currentSize : 14 <-- 0.189294 s
currentSize : 15 <-- 0.396704 s
currentSize : 16 <-- 2.067975 s

maxsize : 16
nodes : 1213806.000000
filtered : 33860549.000000
time : 11.611718
