Parameters: GAD=1 vflib=1 dir=0 label=0 lowerbound=1 fileNameGp=../graphsdb/mcs30/bvg/b03m/mcs30_b03m_s25.A93 fileNameGt=../graphsdb/mcs30/bvg/b03m/mcs30_b03m_s25.B93
Reading graphs...
25 :  36
25 :  36
Initializing...
maxdom : 25
D->valSize : 625
Solving...
Blb : 2 (clique : 16)
currentSize : 16 <-- 0.009694 s
currentSize : 17 <-- 0.010581 s
currentSize : 18 <-- 0.014122 s
currentSize : 19 <-- 0.271573 s
currentSize : 20 <-- 7.692193 s

maxsize : 20
nodes : 308936.000000
filtered : 15043997.000000
time : 9.071753
