Parameters: GAD=1 vflib=1 dir=0 label=0 lowerbound=1 fileNameGp=../graphsdb/mcs30/m3D/m3Dr2/mcs30_m3Dr2_s25.A65 fileNameGt=../graphsdb/mcs30/m3D/m3Dr2/mcs30_m3Dr2_s25.B65
Reading graphs...
25 :  52
25 :  54
Initializing...
maxdom : 25
D->valSize : 625
Solving...
Blb : 2 (clique : 13)
currentSize : 13 <-- 0.009168 s
currentSize : 14 <-- 0.009295 s
currentSize : 15 <-- 0.010000 s
currentSize : 16 <-- 0.015161 s
currentSize : 17 <-- 0.183801 s

maxsize : 17
nodes : 964291.000000
filtered : 30845231.000000
time : 13.644087
