Parameters: GAD=1 vflib=1 dir=0 label=0 lowerbound=1 fileNameGp=../graphsdb/mcs30/m3D/m3Dr2/mcs30_m3Dr2_s30.A32 fileNameGt=../graphsdb/mcs30/m3D/m3Dr2/mcs30_m3Dr2_s30.B32
Reading graphs...
30 :  66
30 :  65
Initializing...
maxdom : 30
D->valSize : 900
Solving...
Blb : 5 (clique : 16)
currentSize : 16 <-- 0.019236 s
currentSize : 17 <-- 0.022832 s
currentSize : 18 <-- 0.034962 s
currentSize : 19 <-- 0.882768 s
currentSize : 20 <-- 18.798235 s

maxsize : 20
nodes : 15386616.000000
filtered : 653212151.000000
time : 319.205322
