Parameters: GAD=1 vflib=1 dir=0 label=0 lowerbound=1 fileNameGp=../graphsdb/mcs30/bvg/b06/mcs30_b06_s35.A24 fileNameGt=../graphsdb/mcs30/bvg/b06/mcs30_b06_s35.B24
Reading graphs...
35 :  103
35 :  103
Initializing...
maxdom : 35
D->valSize : 1225
Solving...
Blb : 2 (clique : 14)
currentSize : 14 <-- 0.019790 s
currentSize : 17 <-- 0.019943 s
currentSize : 18 <-- 0.020016 s
currentSize : 19 <-- 0.020150 s
currentSize : 20 <-- 0.077574 s
currentSize : 21 <-- 307.617462 s
currentSize : 22 <-- 2551.703613 s

TIMEOUT
maxsize : 22
nodes : 165503526.000000
filtered : 8462827672.000000
time : 3600.000000
