Parameters: GAD=1 vflib=1 dir=0 label=0 lowerbound=1 fileNameGp=../graphsdb/mcs30/m3D/m3Dr4/mcs30_m3Dr4_s25.A18 fileNameGt=../graphsdb/mcs30/m3D/m3Dr4/mcs30_m3Dr4_s25.B18
Reading graphs...
25 :  55
25 :  54
Initializing...
maxdom : 25
D->valSize : 625
Solving...
Blb : 2 (clique : 13)
currentSize : 13 <-- 0.005217 s
currentSize : 14 <-- 0.006024 s
currentSize : 15 <-- 0.006397 s
currentSize : 16 <-- 0.206695 s
currentSize : 17 <-- 13.220030 s

maxsize : 17
nodes : 1781845.000000
filtered : 44073692.000000
time : 19.548836
