Parameters: GAD=1 vflib=1 dir=0 label=0 lowerbound=1 fileNameGp=../graphsdb/mcs30/bvg/b06m/mcs30_b06m_s35.A38 fileNameGt=../graphsdb/mcs30/bvg/b06m/mcs30_b06m_s35.B38
Reading graphs...
35 :  104
35 :  102
Initializing...
maxdom : 35
D->valSize : 1225
Solving...
Blb : 2 (clique : 15)
currentSize : 15 <-- 0.034403 s
currentSize : 17 <-- 0.034658 s
currentSize : 18 <-- 0.035910 s
currentSize : 19 <-- 0.089447 s
currentSize : 20 <-- 0.797221 s
currentSize : 21 <-- 6.846583 s

TIMEOUT
maxsize : 21
nodes : 194573472.000000
filtered : 8663575891.000000
time : 3600.000000
