Parameters: GAD=1 vflib=1 dir=0 label=0 lowerbound=1 fileNameGp=../graphsdb/mcs30/bvg/b03/mcs30_b03_s35.A96 fileNameGt=../graphsdb/mcs30/bvg/b03/mcs30_b03_s35.B96
Reading graphs...
35 :  51
35 :  52
Initializing...
maxdom : 35
D->valSize : 1225
Solving...
Blb : 2 (clique : 22)
currentSize : 22 <-- 0.026968 s
currentSize : 23 <-- 0.031220 s
currentSize : 24 <-- 0.032082 s
currentSize : 25 <-- 0.140455 s
currentSize : 26 <-- 125.730553 s
currentSize : 27 <-- 253.467422 s
currentSize : 28 <-- 2254.229248 s

maxsize : 28
nodes : 25249667.000000
filtered : 2069432652.000000
time : 2717.301514
