Parameters: GAD=1 vflib=1 dir=0 label=0 lowerbound=1 fileNameGp=../graphsdb/mcs30/m2D/m2Dr4/mcs30_m2Dr4_s30.A90 fileNameGt=../graphsdb/mcs30/m2D/m2Dr4/mcs30_m2Dr4_s30.B90
Reading graphs...
30 :  59
30 :  58
Initializing...
maxdom : 30
D->valSize : 900
Solving...
Blb : 2 (clique : 17)
currentSize : 17 <-- 0.011385 s
currentSize : 18 <-- 0.017510 s
currentSize : 19 <-- 0.026723 s
currentSize : 20 <-- 0.074062 s
currentSize : 21 <-- 529.237305 s

maxsize : 21
nodes : 35204831.000000
filtered : 1529086409.000000
time : 840.998291
