Parameters: GAD=1 vflib=1 dir=0 label=0 lowerbound=1 fileNameGp=../graphsdb/mcs30/rand/r02/mcs30_r02_s35.A39 fileNameGt=../graphsdb/mcs30/rand/r02/mcs30_r02_s35.B39
Reading graphs...
35 :  216
35 :  208
Initializing...
maxdom : 35
D->valSize : 1225
Solving...
Blb : 3 (clique : 11)
currentSize : 11 <-- 0.017445 s
currentSize : 12 <-- 0.017794 s
currentSize : 13 <-- 0.022449 s
currentSize : 14 <-- 0.608568 s
currentSize : 15 <-- 20.710888 s
currentSize : 16 <-- 428.859222 s

maxsize : 16
nodes : 713589636.000000
filtered : 11337632208.000000
time : 3344.224365
