Parameters: GAD=1 vflib=1 dir=0 label=0 lowerbound=1 fileNameGp=../graphsdb/mcs30/rand/r005/mcs30_r005_s30.A96 fileNameGt=../graphsdb/mcs30/rand/r005/mcs30_r005_s30.B96
Reading graphs...
30 :  48
30 :  48
Initializing...
maxdom : 30
D->valSize : 900
Solving...
Blb : 2 (clique : 18)
currentSize : 18 <-- 0.019976 s
currentSize : 19 <-- 0.033135 s
currentSize : 20 <-- 0.086462 s
currentSize : 21 <-- 0.109843 s
currentSize : 22 <-- 1.017964 s
currentSize : 23 <-- 1.385670 s

maxsize : 23
nodes : 1524630.000000
filtered : 90770907.000000
time : 85.735191
