Parameters: GAD=1 vflib=1 dir=0 label=0 lowerbound=1 fileNameGp=../graphsdb/mcs30/m3D/m3Dr6/mcs30_m3Dr6_s30.A29 fileNameGt=../graphsdb/mcs30/m3D/m3Dr6/mcs30_m3Dr6_s30.B29
Reading graphs...
30 :  74
30 :  74
Initializing...
maxdom : 30
D->valSize : 900
Solving...
Blb : 2 (clique : 14)
currentSize : 14 <-- 0.011129 s
currentSize : 15 <-- 0.011286 s
currentSize : 16 <-- 0.013914 s
currentSize : 17 <-- 0.024297 s
currentSize : 18 <-- 1.302517 s
currentSize : 19 <-- 13.779561 s

maxsize : 19
nodes : 27058097.000000
filtered : 892882838.000000
time : 463.888550
