Parameters: GAD=1 vflib=1 dir=0 label=0 lowerbound=1 fileNameGp=../graphsdb/mcs30/bvg/b03/mcs30_b03_s35.A37 fileNameGt=../graphsdb/mcs30/bvg/b03/mcs30_b03_s35.B37
Reading graphs...
35 :  52
35 :  52
Initializing...
maxdom : 35
D->valSize : 1225
Solving...
Blb : 2 (clique : 21)
currentSize : 21 <-- 0.037679 s
currentSize : 22 <-- 0.039123 s
currentSize : 23 <-- 3.504755 s
currentSize : 24 <-- 3.680619 s
currentSize : 25 <-- 4.081364 s
currentSize : 26 <-- 5.385893 s
currentSize : 27 <-- 6.983222 s

maxsize : 27
nodes : 8482767.000000
filtered : 552104468.000000
time : 531.685486
