Parameters: GAD=1 vflib=1 dir=0 label=0 lowerbound=1 fileNameGp=../graphsdb/mcs30/bvg/b03m/mcs30_b03m_s35.A94 fileNameGt=../graphsdb/mcs30/bvg/b03m/mcs30_b03m_s35.B94
Reading graphs...
35 :  52
35 :  51
Initializing...
maxdom : 35
D->valSize : 1225
Solving...
Blb : 2 (clique : 22)
currentSize : 22 <-- 0.021348 s
currentSize : 23 <-- 0.023023 s
currentSize : 24 <-- 0.055539 s
currentSize : 25 <-- 0.096043 s
currentSize : 26 <-- 1.396420 s
currentSize : 27 <-- 457.201508 s

TIMEOUT
maxsize : 27
nodes : 35261429.000000
filtered : 2768515018.000000
time : 3600.000488
