Parameters: GAD=1 vflib=1 dir=0 label=0 lowerbound=1 fileNameGp=../graphsdb/mcs30/bvg/b06m/mcs30_b06m_s30.A77 fileNameGt=../graphsdb/mcs30/bvg/b06m/mcs30_b06m_s30.B77
Reading graphs...
30 :  85
30 :  87
Initializing...
maxdom : 30
D->valSize : 900
Solving...
Blb : 2 (clique : 15)
currentSize : 15 <-- 0.010340 s
currentSize : 16 <-- 0.010458 s
currentSize : 17 <-- 0.031333 s
currentSize : 18 <-- 1.083112 s
currentSize : 19 <-- 6.054539 s

maxsize : 19
nodes : 6320755.000000
filtered : 242134239.000000
time : 91.628593
