Parameters: GAD=1 vflib=1 dir=0 label=0 lowerbound=1 fileNameGp=../graphsdb/mcs30/rand/r01/mcs30_r01_s35.A52 fileNameGt=../graphsdb/mcs30/rand/r01/mcs30_r01_s35.B52
Reading graphs...
35 :  111
35 :  115
Initializing...
maxdom : 35
D->valSize : 1225
Solving...
Blb : 2 (clique : 15)
currentSize : 15 <-- 0.033897 s
currentSize : 16 <-- 0.034223 s
currentSize : 17 <-- 0.036407 s
currentSize : 18 <-- 0.057938 s
currentSize : 19 <-- 0.255372 s
currentSize : 20 <-- 84.078499 s

TIMEOUT
maxsize : 20
nodes : 346798055.000000
filtered : 10125952817.000000
time : 3600.000000
