Parameters: GAD=1 vflib=1 dir=0 label=0 lowerbound=1 fileNameGp=../graphsdb/mcs30/rand/r02/mcs30_r02_s25.A29 fileNameGt=../graphsdb/mcs30/rand/r02/mcs30_r02_s25.B29
Reading graphs...
25 :  108
25 :  109
Initializing...
maxdom : 25
D->valSize : 625
Solving...
Blb : 2 (clique : 9)
currentSize : 9 <-- 0.004754 s
currentSize : 10 <-- 0.004862 s
currentSize : 11 <-- 0.006055 s
currentSize : 12 <-- 0.015363 s
currentSize : 13 <-- 0.795157 s
currentSize : 14 <-- 8.172446 s

maxsize : 14
nodes : 3960802.000000
filtered : 59494303.000000
time : 17.222303
