Parameters: GAD=1 vflib=1 dir=0 label=0 lowerbound=1 fileNameGp=../graphsdb/mcs30/m3D/m3D/mcs30_m3D_s25.A47 fileNameGt=../graphsdb/mcs30/m3D/m3D/mcs30_m3D_s25.B47
Reading graphs...
25 :  49
25 :  47
Initializing...
maxdom : 25
D->valSize : 625
Solving...
Blb : 2 (clique : 13)
currentSize : 13 <-- 0.009202 s
currentSize : 14 <-- 0.009333 s
currentSize : 15 <-- 0.016871 s
currentSize : 16 <-- 0.089617 s
currentSize : 17 <-- 0.623775 s

maxsize : 17
nodes : 1004625.000000
filtered : 30013313.000000
time : 19.943148
