Parameters: GAD=1 vflib=1 dir=0 label=0 lowerbound=1 fileNameGp=../graphsdb/mcs30/m2D/m2Dr6/mcs30_m2Dr6_s30.A04 fileNameGt=../graphsdb/mcs30/m2D/m2Dr6/mcs30_m2Dr6_s30.B04
Reading graphs...
30 :  66
30 :  64
Initializing...
maxdom : 30
D->valSize : 900
Solving...
Blb : 5 (clique : 16)
currentSize : 16 <-- 0.010861 s
currentSize : 17 <-- 0.011150 s
currentSize : 18 <-- 0.014801 s
currentSize : 19 <-- 0.027949 s
currentSize : 20 <-- 0.096966 s

maxsize : 20
nodes : 11618744.000000
filtered : 515546237.000000
time : 305.605347
