Parameters: GAD=1 vflib=1 dir=0 label=0 lowerbound=1 fileNameGp=../graphsdb/mcs30/bvg/b06/mcs30_b06_s30.A38 fileNameGt=../graphsdb/mcs30/bvg/b06/mcs30_b06_s30.B38
Reading graphs...
30 :  88
30 :  85
Initializing...
maxdom : 30
D->valSize : 900
Solving...
Blb : 3 (clique : 14)
currentSize : 14 <-- 0.018307 s
currentSize : 15 <-- 0.018499 s
currentSize : 16 <-- 0.018617 s
currentSize : 17 <-- 0.019218 s
currentSize : 18 <-- 11.439349 s
currentSize : 19 <-- 52.235210 s

maxsize : 19
nodes : 8900197.000000
filtered : 319357843.000000
time : 133.452988
