Parameters: GAD=1 vflib=1 dir=0 label=0 lowerbound=1 fileNameGp=../graphsdb/mcs30/bvg/b06m/mcs30_b06m_s30.A19 fileNameGt=../graphsdb/mcs30/bvg/b06m/mcs30_b06m_s30.B19
Reading graphs...
30 :  88
30 :  86
Initializing...
maxdom : 30
D->valSize : 900
Solving...
Blb : 2 (clique : 13)
currentSize : 13 <-- 0.018328 s
currentSize : 14 <-- 0.018504 s
currentSize : 15 <-- 0.018640 s
currentSize : 16 <-- 0.028163 s
currentSize : 17 <-- 0.141891 s
currentSize : 18 <-- 7.784058 s

maxsize : 18
nodes : 32912259.000000
filtered : 1092056134.000000
time : 402.133148
