Parameters: GAD=1 vflib=1 dir=0 label=0 lowerbound=1 fileNameGp=../graphsdb/mcs30/m3D/m3D/mcs30_m3D_s25.A83 fileNameGt=../graphsdb/mcs30/m3D/m3D/mcs30_m3D_s25.B83
Reading graphs...
25 :  47
25 :  48
Initializing...
maxdom : 25
D->valSize : 625
Solving...
Blb : 2 (clique : 14)
currentSize : 14 <-- 0.005207 s
currentSize : 15 <-- 0.005306 s
currentSize : 16 <-- 0.005430 s
currentSize : 17 <-- 0.005902 s
currentSize : 18 <-- 18.976088 s

maxsize : 18
nodes : 1114290.000000
filtered : 37545224.000000
time : 21.162823
