Parameters: GAD=1 vflib=1 dir=0 label=0 lowerbound=1 fileNameGp=../graphsdb/mcs30/m2D/m2Dr4/mcs30_m2Dr4_s30.A59 fileNameGt=../graphsdb/mcs30/m2D/m2Dr4/mcs30_m2Dr4_s30.B59
Reading graphs...
30 :  61
30 :  59
Initializing...
maxdom : 30
D->valSize : 900
Solving...
Blb : 2 (clique : 16)
currentSize : 16 <-- 0.019182 s
currentSize : 17 <-- 0.019506 s
currentSize : 18 <-- 0.024617 s
currentSize : 19 <-- 0.066089 s
currentSize : 20 <-- 1.251692 s
currentSize : 21 <-- 2.250552 s

maxsize : 21
nodes : 6386733.000000
filtered : 279110222.000000
time : 168.847427
