Parameters: GAD=1 vflib=1 dir=0 label=0 lowerbound=1 fileNameGp=../graphsdb/mcs30/bvg/b09/mcs30_b09_s35.A49 fileNameGt=../graphsdb/mcs30/bvg/b09/mcs30_b09_s35.B49
Reading graphs...
35 :  153
35 :  151
Initializing...
maxdom : 35
D->valSize : 1225
Solving...
Blb : 5 (clique : 14)
currentSize : 14 <-- 0.018822 s
currentSize : 15 <-- 0.019847 s
currentSize : 16 <-- 0.154505 s
currentSize : 17 <-- 0.328225 s
currentSize : 18 <-- 0.334018 s
currentSize : 19 <-- 0.369693 s
currentSize : 20 <-- 260.624176 s

maxsize : 20
nodes : 117982433.000000
filtered : 4478330890.000000
time : 1374.134155
