Parameters: GAD=1 vflib=1 dir=0 label=0 lowerbound=1 fileNameGp=../graphsdb/mcs30/bvg/b06m/mcs30_b06m_s30.A44 fileNameGt=../graphsdb/mcs30/bvg/b06m/mcs30_b06m_s30.B44
Reading graphs...
30 :  84
30 :  85
Initializing...
maxdom : 30
D->valSize : 900
Solving...
Blb : 2 (clique : 14)
currentSize : 14 <-- 0.018354 s
currentSize : 15 <-- 0.018983 s
currentSize : 16 <-- 0.026162 s
currentSize : 17 <-- 0.158846 s
currentSize : 18 <-- 3.349627 s
currentSize : 19 <-- 325.782043 s

maxsize : 19
nodes : 25545105.000000
filtered : 765010680.000000
time : 346.496216
