Parameters: GAD=1 vflib=1 dir=0 label=0 lowerbound=1 fileNameGp=../graphsdb/mcs30/bvg/b03m/mcs30_b03m_s35.A95 fileNameGt=../graphsdb/mcs30/bvg/b03m/mcs30_b03m_s35.B95
Reading graphs...
35 :  51
35 :  51
Initializing...
maxdom : 35
D->valSize : 1225
Solving...
Blb : 2 (clique : 21)
currentSize : 21 <-- 0.021314 s
currentSize : 22 <-- 0.021533 s
currentSize : 23 <-- 0.021700 s
currentSize : 24 <-- 0.022117 s
currentSize : 25 <-- 0.120146 s
currentSize : 26 <-- 0.355761 s
currentSize : 27 <-- 2.459923 s

TIMEOUT
maxsize : 27
nodes : 42834931.000000
filtered : 3045985080.000000
time : 3600.000000
