Parameters: GAD=1 vflib=1 dir=0 label=0 lowerbound=1 fileNameGp=../graphsdb/mcs30/bvg/b06/mcs30_b06_s25.A79 fileNameGt=../graphsdb/mcs30/bvg/b06/mcs30_b06_s25.B79
Reading graphs...
25 :  71
25 :  74
Initializing...
maxdom : 25
D->valSize : 625
Solving...
Blb : 2 (clique : 12)
currentSize : 12 <-- 0.008603 s
currentSize : 13 <-- 0.009653 s
currentSize : 14 <-- 0.045771 s
currentSize : 15 <-- 0.831352 s
currentSize : 16 <-- 1.230859 s

maxsize : 16
nodes : 761663.000000
filtered : 24311082.000000
time : 7.652610
