Parameters: GAD=1 vflib=1 dir=0 label=0 lowerbound=1 fileNameGp=../graphsdb/mcs30/rand/r02/mcs30_r02_s20.A72 fileNameGt=../graphsdb/mcs30/rand/r02/mcs30_r02_s20.B72
Reading graphs...
20 :  68
20 :  66
Initializing...
maxdom : 20
D->valSize : 400
Solving...
Blb : 2 (clique : 8)
currentSize : 8 <-- 0.003507 s
currentSize : 9 <-- 0.003663 s
currentSize : 10 <-- 0.003813 s
currentSize : 11 <-- 0.005339 s
currentSize : 12 <-- 0.682206 s

maxsize : 12
nodes : 245254.000000
filtered : 3856768.000000
time : 1.061418
