Parameters: GAD=1 vflib=1 dir=0 label=0 lowerbound=1 fileNameGp=../graphsdb/mcs30/rand/r02/mcs30_r02_s35.A49 fileNameGt=../graphsdb/mcs30/rand/r02/mcs30_r02_s35.B49
Reading graphs...
35 :  209
35 :  210
Initializing...
maxdom : 35
D->valSize : 1225
Solving...
Blb : 2 (clique : 10)
currentSize : 10 <-- 0.029971 s
currentSize : 11 <-- 0.030165 s
currentSize : 12 <-- 0.030411 s
currentSize : 13 <-- 0.030767 s
currentSize : 14 <-- 0.198925 s
currentSize : 15 <-- 5.457856 s
currentSize : 16 <-- 549.942261 s

maxsize : 16
nodes : 701863876.000000
filtered : 11007744161.000000
time : 3282.270020
