Parameters: GAD=1 vflib=1 dir=0 label=0 lowerbound=1 fileNameGp=../graphsdb/mcs30/bvg/b06/mcs30_b06_s35.A87 fileNameGt=../graphsdb/mcs30/bvg/b06/mcs30_b06_s35.B87
Reading graphs...
35 :  101
35 :  103
Initializing...
maxdom : 35
D->valSize : 1225
Solving...
Blb : 2 (clique : 17)
currentSize : 17 <-- 0.034643 s
currentSize : 18 <-- 0.045018 s
currentSize : 19 <-- 0.383829 s
currentSize : 20 <-- 0.504656 s
currentSize : 21 <-- 20.547348 s
currentSize : 22 <-- 880.650269 s

TIMEOUT
maxsize : 22
nodes : 148378816.000000
filtered : 7883691109.000000
time : 3600.000244
