Parameters: GAD=1 vflib=1 dir=0 label=0 lowerbound=1 fileNameGp=../graphsdb/mcs30/bvg/b03/mcs30_b03_s25.A18 fileNameGt=../graphsdb/mcs30/bvg/b03/mcs30_b03_s25.B18
Reading graphs...
25 :  36
25 :  36
Initializing...
maxdom : 25
D->valSize : 625
Solving...
Blb : 5 (clique : 16)
currentSize : 16 <-- 0.005650 s
currentSize : 17 <-- 0.005896 s
currentSize : 18 <-- 0.007148 s
currentSize : 19 <-- 0.014382 s
currentSize : 20 <-- 0.021851 s

maxsize : 20
nodes : 78452.000000
filtered : 5390418.000000
time : 4.626498
