Parameters: GAD=1 vflib=1 dir=0 label=0 lowerbound=1 fileNameGp=../graphsdb/mcs30/bvg/b09m/mcs30_b09m_s35.A89 fileNameGt=../graphsdb/mcs30/bvg/b09m/mcs30_b09m_s35.B89
Reading graphs...
35 :  146
35 :  143
Initializing...
maxdom : 35
D->valSize : 1225
Solving...
Blb : 2 (clique : 14)
currentSize : 14 <-- 0.032259 s
currentSize : 15 <-- 0.032654 s
currentSize : 16 <-- 0.033443 s
currentSize : 17 <-- 3.727567 s
currentSize : 18 <-- 3.906411 s
currentSize : 19 <-- 231.335724 s

maxsize : 19
nodes : 312801584.000000
filtered : 10042780244.000000
time : 3036.501709
