Parameters: GAD=1 vflib=1 dir=0 label=0 lowerbound=1 fileNameGp=../graphsdb/mcs30/m3D/m3Dr2/mcs30_m3Dr2_s25.A47 fileNameGt=../graphsdb/mcs30/m3D/m3Dr2/mcs30_m3Dr2_s25.B47
Reading graphs...
25 :  54
25 :  52
Initializing...
maxdom : 25
D->valSize : 625
Solving...
Blb : 2 (clique : 12)
currentSize : 12 <-- 0.005479 s
currentSize : 14 <-- 0.005558 s
currentSize : 15 <-- 0.026421 s
currentSize : 16 <-- 0.040394 s
currentSize : 17 <-- 0.388983 s

maxsize : 17
nodes : 794899.000000
filtered : 27167674.000000
time : 13.299311
