Parameters: GAD=1 vflib=1 dir=0 label=0 lowerbound=1 fileNameGp=../graphsdb/mcs30/rand/r02/mcs30_r02_s30.A83 fileNameGt=../graphsdb/mcs30/rand/r02/mcs30_r02_s30.B83
Reading graphs...
30 :  149
30 :  159
Initializing...
maxdom : 30
D->valSize : 900
Solving...
Blb : 2 (clique : 10)
currentSize : 10 <-- 0.016028 s
currentSize : 11 <-- 0.016340 s
currentSize : 12 <-- 0.016544 s
currentSize : 13 <-- 0.035764 s
currentSize : 14 <-- 5.948021 s
currentSize : 15 <-- 192.862427 s

maxsize : 15
nodes : 81369560.000000
filtered : 1151747926.000000
time : 354.466248
