Parameters: GAD=1 vflib=1 dir=0 label=0 lowerbound=1 fileNameGp=../graphsdb/mcs30/bvg/b09/mcs30_b09_s35.A18 fileNameGt=../graphsdb/mcs30/bvg/b09/mcs30_b09_s35.B18
Reading graphs...
35 :  147
35 :  151
Initializing...
maxdom : 35
D->valSize : 1225
Solving...
Blb : 2 (clique : 14)
currentSize : 14 <-- 0.023299 s
currentSize : 15 <-- 0.026688 s
currentSize : 16 <-- 0.028725 s
currentSize : 17 <-- 0.029684 s
currentSize : 18 <-- 0.032025 s
currentSize : 19 <-- 9.262347 s
currentSize : 20 <-- 238.416153 s

maxsize : 20
nodes : 181234502.000000
filtered : 7206360142.000000
time : 1790.270508
