Parameters: GAD=1 vflib=1 dir=0 label=0 lowerbound=1 fileNameGp=../graphsdb/mcs30/m3D/m3Dr6/mcs30_m3Dr6_s30.A95 fileNameGt=../graphsdb/mcs30/m3D/m3Dr6/mcs30_m3Dr6_s30.B95
Reading graphs...
30 :  78
30 :  76
Initializing...
maxdom : 30
D->valSize : 900
Solving...
Blb : 2 (clique : 14)
currentSize : 14 <-- 0.010581 s
currentSize : 15 <-- 0.010716 s
currentSize : 16 <-- 0.011197 s
currentSize : 17 <-- 0.023876 s
currentSize : 18 <-- 0.888915 s
currentSize : 19 <-- 16.028065 s

maxsize : 19
nodes : 29132875.000000
filtered : 1032024991.000000
time : 365.583771
