Parameters: GAD=1 vflib=1 dir=0 label=0 lowerbound=1 fileNameGp=../graphsdb/mcs30/m3D/m3Dr6/mcs30_m3Dr6_s25.A35 fileNameGt=../graphsdb/mcs30/m3D/m3Dr6/mcs30_m3Dr6_s25.B35
Reading graphs...
25 :  61
25 :  63
Initializing...
maxdom : 25
D->valSize : 625
Solving...
Blb : 2 (clique : 12)
currentSize : 12 <-- 0.005429 s
currentSize : 13 <-- 0.005503 s
currentSize : 14 <-- 0.005522 s
currentSize : 15 <-- 0.044774 s
currentSize : 16 <-- 2.837555 s

maxsize : 16
nodes : 1851589.000000
filtered : 51616996.000000
time : 20.096230
