Parameters: GAD=1 vflib=1 dir=0 label=0 lowerbound=1 fileNameGp=../graphsdb/mcs30/m3D/m3D/mcs30_m3D_s25.A84 fileNameGt=../graphsdb/mcs30/m3D/m3D/mcs30_m3D_s25.B84
Reading graphs...
25 :  48
25 :  49
Initializing...
maxdom : 25
D->valSize : 625
Solving...
Blb : 5 (clique : 13)
currentSize : 13 <-- 0.009291 s
currentSize : 14 <-- 0.010720 s
currentSize : 15 <-- 0.024399 s
currentSize : 16 <-- 0.086677 s
currentSize : 17 <-- 0.146058 s
currentSize : 18 <-- 5.006429 s

maxsize : 18
nodes : 854723.000000
filtered : 36687127.000000
time : 18.015522
