Parameters: GAD=1 vflib=1 dir=0 label=0 lowerbound=1 fileNameGp=../graphsdb/mcs30/rand/r005/mcs30_r005_s35.A08 fileNameGt=../graphsdb/mcs30/rand/r005/mcs30_r005_s35.B08
Reading graphs...
35 :  64
35 :  62
Initializing...
maxdom : 35
D->valSize : 1225
Solving...
Blb : 2 (clique : 19)
currentSize : 19 <-- 0.021076 s
currentSize : 20 <-- 0.021421 s
currentSize : 21 <-- 0.024272 s
currentSize : 22 <-- 0.039950 s
currentSize : 23 <-- 0.221194 s
currentSize : 24 <-- 1.881910 s
currentSize : 25 <-- 19.053211 s
currentSize : 26 <-- 1162.196167 s

maxsize : 26
nodes : 54178760.000000
filtered : 3576950330.000000
time : 3384.798096
