Parameters: GAD=1 vflib=1 dir=0 label=0 lowerbound=1 fileNameGp=../graphsdb/mcs30/rand/r005/mcs30_r005_s30.A89 fileNameGt=../graphsdb/mcs30/rand/r005/mcs30_r005_s30.B89
Reading graphs...
30 :  47
30 :  47
Initializing...
maxdom : 30
D->valSize : 900
Solving...
Blb : 2 (clique : 19)
currentSize : 19 <-- 0.015494 s
currentSize : 20 <-- 0.027872 s
currentSize : 21 <-- 0.247392 s
currentSize : 22 <-- 26.388338 s
currentSize : 23 <-- 201.003632 s

maxsize : 23
nodes : 5983771.000000
filtered : 387067783.000000
time : 330.665771
