Parameters: GAD=1 vflib=1 dir=0 label=0 lowerbound=1 fileNameGp=../graphsdb/mcs30/bvg/b03/mcs30_b03_s15.A77 fileNameGt=../graphsdb/mcs30/bvg/b03/mcs30_b03_s15.B77
Reading graphs...
15 :  22
15 :  22
Initializing...
maxdom : 15
D->valSize : 225
Solving...
Blb : 2 (clique : 8)
currentSize : 8 <-- 0.000890 s
currentSize : 9 <-- 0.000942 s
currentSize : 10 <-- 0.000978 s
currentSize : 11 <-- 0.001297 s
currentSize : 12 <-- 0.007496 s

maxsize : 12
nodes : 913.000000
filtered : 21542.000000
time : 0.008603
