Parameters: GAD=1 vflib=1 dir=0 label=0 lowerbound=1 fileNameGp=../graphsdb/mcs30/bvg/b06m/mcs30_b06m_s35.A92 fileNameGt=../graphsdb/mcs30/bvg/b06m/mcs30_b06m_s35.B92
Reading graphs...
35 :  99
35 :  100
Initializing...
maxdom : 35
D->valSize : 1225
Solving...
Blb : 2 (clique : 16)
currentSize : 16 <-- 0.019610 s
currentSize : 17 <-- 0.019762 s
currentSize : 18 <-- 0.024200 s
currentSize : 19 <-- 0.024230 s
currentSize : 20 <-- 0.427825 s
currentSize : 21 <-- 502.296295 s

TIMEOUT
maxsize : 21
nodes : 160308165.000000
filtered : 7234934699.000000
time : 3600.000244
