Parameters: GAD=1 vflib=1 dir=0 label=0 lowerbound=1 fileNameGp=../graphsdb/mcs30/bvg/b06m/mcs30_b06m_s30.A38 fileNameGt=../graphsdb/mcs30/bvg/b06m/mcs30_b06m_s30.B38
Reading graphs...
30 :  86
30 :  85
Initializing...
maxdom : 30
D->valSize : 900
Solving...
Blb : 3 (clique : 14)
currentSize : 14 <-- 0.010303 s
currentSize : 15 <-- 0.010855 s
currentSize : 16 <-- 0.018773 s
currentSize : 17 <-- 0.138311 s
currentSize : 18 <-- 0.535874 s

maxsize : 18
nodes : 28080721.000000
filtered : 1056458245.000000
time : 370.902802
