Parameters: GAD=1 vflib=1 dir=0 label=0 lowerbound=1 fileNameGp=../graphsdb/mcs30/bvg/b03/mcs30_b03_s30.A44 fileNameGt=../graphsdb/mcs30/bvg/b03/mcs30_b03_s30.B44
Reading graphs...
30 :  45
30 :  45
Initializing...
maxdom : 30
D->valSize : 900
Solving...
Blb : 2 (clique : 18)
currentSize : 18 <-- 0.012394 s
currentSize : 19 <-- 0.012523 s
currentSize : 20 <-- 0.012600 s
currentSize : 21 <-- 0.012935 s
currentSize : 22 <-- 0.671222 s
currentSize : 23 <-- 0.679598 s

maxsize : 23
nodes : 1335944.000000
filtered : 83677158.000000
time : 104.391975
