Parameters: GAD=1 vflib=1 dir=0 label=0 lowerbound=1 fileNameGp=../graphsdb/mcs30/bvg/b06/mcs30_b06_s30.A95 fileNameGt=../graphsdb/mcs30/bvg/b06/mcs30_b06_s30.B95
Reading graphs...
30 :  87
30 :  83
Initializing...
maxdom : 30
D->valSize : 900
Solving...
Blb : 2 (clique : 14)
currentSize : 14 <-- 0.018428 s
currentSize : 15 <-- 0.018617 s
currentSize : 16 <-- 0.019065 s
currentSize : 17 <-- 0.019929 s
currentSize : 18 <-- 0.116782 s
currentSize : 19 <-- 96.944786 s

maxsize : 19
nodes : 31852900.000000
filtered : 1381256363.000000
time : 418.741028
