Parameters: GAD=1 vflib=1 dir=0 label=0 lowerbound=1 fileNameGp=../graphsdb/mcs30/bvg/b03m/mcs30_b03m_s30.A64 fileNameGt=../graphsdb/mcs30/bvg/b03m/mcs30_b03m_s30.B64
Reading graphs...
30 :  44
30 :  44
Initializing...
maxdom : 30
D->valSize : 900
Solving...
Blb : 2 (clique : 18)
currentSize : 18 <-- 0.011697 s
currentSize : 19 <-- 0.011897 s
currentSize : 20 <-- 0.012324 s
currentSize : 21 <-- 0.012706 s
currentSize : 22 <-- 0.067061 s
currentSize : 23 <-- 0.589917 s
currentSize : 24 <-- 7.952279 s

maxsize : 24
nodes : 290971.000000
filtered : 19257925.000000
time : 15.272610
