Parameters: GAD=1 vflib=1 dir=0 label=0 lowerbound=1 fileNameGp=../graphsdb/mcs30/m3D/m3Dr2/mcs30_m3Dr2_s25.A41 fileNameGt=../graphsdb/mcs30/m3D/m3Dr2/mcs30_m3Dr2_s25.B41
Reading graphs...
25 :  53
25 :  54
Initializing...
maxdom : 25
D->valSize : 625
Solving...
Blb : 2 (clique : 13)
currentSize : 13 <-- 0.009198 s
currentSize : 14 <-- 0.009363 s
currentSize : 15 <-- 0.009412 s
currentSize : 16 <-- 0.026692 s
currentSize : 17 <-- 0.056851 s

maxsize : 17
nodes : 493833.000000
filtered : 17138686.000000
time : 7.660676
