Parameters: GAD=1 vflib=1 dir=0 label=0 lowerbound=1 fileNameGp=../graphsdb/mcs30/m3D/m3Dr4/mcs30_m3Dr4_s30.A23 fileNameGt=../graphsdb/mcs30/m3D/m3Dr4/mcs30_m3Dr4_s30.B23
Reading graphs...
30 :  69
30 :  71
Initializing...
maxdom : 30
D->valSize : 900
Solving...
Blb : 2 (clique : 16)
currentSize : 16 <-- 0.015242 s
currentSize : 17 <-- 0.015437 s
currentSize : 18 <-- 0.080361 s
currentSize : 19 <-- 1.803816 s
currentSize : 20 <-- 524.338501 s

maxsize : 20
nodes : 40079191.000000
filtered : 1466192553.000000
time : 694.347595
