Parameters: GAD=1 vflib=1 dir=0 label=0 lowerbound=1 fileNameGp=../graphsdb/mcs30/bvg/b03/mcs30_b03_s30.A51 fileNameGt=../graphsdb/mcs30/bvg/b03/mcs30_b03_s30.B51
Reading graphs...
30 :  45
30 :  44
Initializing...
maxdom : 30
D->valSize : 900
Solving...
Blb : 2 (clique : 18)
currentSize : 18 <-- 0.016809 s
currentSize : 19 <-- 0.016956 s
currentSize : 20 <-- 0.017272 s
currentSize : 21 <-- 0.053155 s
currentSize : 22 <-- 0.103100 s
currentSize : 23 <-- 0.895826 s

maxsize : 23
nodes : 7571466.000000
filtered : 545321830.000000
time : 305.030579
