Parameters: GAD=1 vflib=1 dir=0 label=0 lowerbound=1 fileNameGp=../graphsdb/mcs30/m2D/m2Dr6/mcs30_m2Dr6_s30.A21 fileNameGt=../graphsdb/mcs30/m2D/m2Dr6/mcs30_m2Dr6_s30.B21
Reading graphs...
30 :  64
30 :  64
Initializing...
maxdom : 30
D->valSize : 900
Solving...
Blb : 2 (clique : 16)
currentSize : 16 <-- 0.015828 s
currentSize : 17 <-- 0.017836 s
currentSize : 18 <-- 0.035339 s
currentSize : 19 <-- 1.351472 s
currentSize : 20 <-- 2.174389 s

maxsize : 20
nodes : 25081658.000000
filtered : 1101165480.000000
time : 677.417114
