Parameters: GAD=1 vflib=1 dir=0 label=0 lowerbound=1 fileNameGp=../graphsdb/mcs30/bvg/b03/mcs30_b03_s25.A10 fileNameGt=../graphsdb/mcs30/bvg/b03/mcs30_b03_s25.B10
Reading graphs...
25 :  37
25 :  37
Initializing...
maxdom : 25
D->valSize : 625
Solving...
Blb : 2 (clique : 16)
currentSize : 16 <-- 0.009504 s
currentSize : 17 <-- 0.009949 s
currentSize : 18 <-- 0.106794 s
currentSize : 19 <-- 0.288756 s
currentSize : 20 <-- 1.492948 s

maxsize : 20
nodes : 81271.000000
filtered : 4141038.000000
time : 4.049408
