Parameters: GAD=1 vflib=1 dir=0 label=0 lowerbound=1 fileNameGp=../graphsdb/mcs30/rand/r02/mcs30_r02_s25.A22 fileNameGt=../graphsdb/mcs30/rand/r02/mcs30_r02_s25.B22
Reading graphs...
25 :  110
25 :  110
Initializing...
maxdom : 25
D->valSize : 625
Solving...
Blb : 2 (clique : 9)
currentSize : 9 <-- 0.004697 s
currentSize : 10 <-- 0.004788 s
currentSize : 11 <-- 0.005993 s
currentSize : 12 <-- 0.007991 s
currentSize : 13 <-- 5.305308 s

maxsize : 13
nodes : 7377305.000000
filtered : 95697774.000000
time : 29.431232
