Parameters: GAD=1 vflib=1 dir=0 label=0 lowerbound=1 fileNameGp=../graphsdb/mcs30/m3D/m3Dr6/mcs30_m3Dr6_s25.A62 fileNameGt=../graphsdb/mcs30/m3D/m3Dr6/mcs30_m3Dr6_s25.B62
Reading graphs...
25 :  57
25 :  60
Initializing...
maxdom : 25
D->valSize : 625
Solving...
Blb : 2 (clique : 13)
currentSize : 13 <-- 0.009053 s
currentSize : 14 <-- 0.009265 s
currentSize : 15 <-- 0.013581 s
currentSize : 16 <-- 0.035096 s
currentSize : 17 <-- 0.547221 s

maxsize : 17
nodes : 463457.000000
filtered : 16086708.000000
time : 6.043396
