Parameters: GAD=1 vflib=1 dir=0 label=0 lowerbound=1 fileNameGp=../graphsdb/mcs30/bvg/b03m/mcs30_b03m_s30.A01 fileNameGt=../graphsdb/mcs30/bvg/b03m/mcs30_b03m_s30.B01
Reading graphs...
30 :  44
30 :  45
Initializing...
maxdom : 30
D->valSize : 900
Solving...
Blb : 2 (clique : 19)
currentSize : 19 <-- 0.020070 s
currentSize : 20 <-- 0.184423 s
currentSize : 21 <-- 0.220363 s
currentSize : 22 <-- 0.221312 s
currentSize : 23 <-- 2.132385 s

maxsize : 23
nodes : 5229607.000000
filtered : 395105185.000000
time : 462.870667
