Parameters: GAD=1 vflib=1 dir=0 label=0 lowerbound=1 fileNameGp=../graphsdb/mcs30/bvg/b09m/mcs30_b09m_s35.A17 fileNameGt=../graphsdb/mcs30/bvg/b09m/mcs30_b09m_s35.B17
Reading graphs...
35 :  145
35 :  147
Initializing...
maxdom : 35
D->valSize : 1225
Solving...
Blb : 2 (clique : 12)
currentSize : 12 <-- 0.023940 s
currentSize : 13 <-- 0.024153 s
currentSize : 14 <-- 0.024531 s
currentSize : 15 <-- 0.029478 s
currentSize : 16 <-- 0.061667 s
currentSize : 17 <-- 1.051739 s
currentSize : 18 <-- 104.893799 s
currentSize : 19 <-- 2006.939575 s

TIMEOUT
maxsize : 19
nodes : 418682180.000000
filtered : 12690196631.000000
time : 3600.000000
