Parameters: GAD=1 vflib=1 dir=0 label=0 lowerbound=1 fileNameGp=../graphsdb/mcs30/rand/r01/mcs30_r01_s30.A10 fileNameGt=../graphsdb/mcs30/rand/r01/mcs30_r01_s30.B10
Reading graphs...
30 :  87
30 :  88
Initializing...
maxdom : 30
D->valSize : 900
Solving...
Blb : 2 (clique : 13)
currentSize : 13 <-- 0.018209 s
currentSize : 14 <-- 0.018513 s
currentSize : 15 <-- 0.019694 s
currentSize : 16 <-- 0.020795 s
currentSize : 17 <-- 0.032279 s
currentSize : 18 <-- 34.927788 s

maxsize : 18
nodes : 47000420.000000
filtered : 1381131336.000000
time : 424.684479
