Parameters: GAD=1 vflib=1 dir=0 label=0 lowerbound=1 fileNameGp=../graphsdb/mcs30/m3D/m3Dr6/mcs30_m3Dr6_s25.A88 fileNameGt=../graphsdb/mcs30/m3D/m3Dr6/mcs30_m3Dr6_s25.B88
Reading graphs...
25 :  58
25 :  61
Initializing...
maxdom : 25
D->valSize : 625
Solving...
Blb : 2 (clique : 13)
currentSize : 13 <-- 0.007684 s
currentSize : 14 <-- 0.007792 s
currentSize : 15 <-- 0.007933 s
currentSize : 16 <-- 0.014206 s
currentSize : 17 <-- 6.193327 s

maxsize : 17
nodes : 1610650.000000
filtered : 46473255.000000
time : 15.314469
