Parameters: GAD=1 vflib=1 dir=0 label=0 lowerbound=1 fileNameGp=../graphsdb/mcs30/m3D/m3Dr6/mcs30_m3Dr6_s25.A70 fileNameGt=../graphsdb/mcs30/m3D/m3Dr6/mcs30_m3Dr6_s25.B70
Reading graphs...
25 :  59
25 :  60
Initializing...
maxdom : 25
D->valSize : 625
Solving...
Blb : 2 (clique : 12)
currentSize : 12 <-- 0.008885 s
currentSize : 13 <-- 0.009018 s
currentSize : 14 <-- 0.009083 s
currentSize : 15 <-- 0.009583 s
currentSize : 16 <-- 0.926557 s
currentSize : 17 <-- 17.287519 s

maxsize : 17
nodes : 2116175.000000
filtered : 55969045.000000
time : 19.945753
