Parameters: GAD=1 vflib=1 dir=0 label=0 lowerbound=1 fileNameGp=../graphsdb/mcs30/bvg/b06m/mcs30_b06m_s35.A26 fileNameGt=../graphsdb/mcs30/bvg/b06m/mcs30_b06m_s35.B26
Reading graphs...
35 :  98
35 :  103
Initializing...
maxdom : 35
D->valSize : 1225
Solving...
Blb : 2 (clique : 16)
currentSize : 16 <-- 0.019697 s
currentSize : 18 <-- 0.019860 s
currentSize : 19 <-- 0.021649 s
currentSize : 20 <-- 0.298728 s
currentSize : 21 <-- 19.419701 s
currentSize : 22 <-- 1328.319458 s

TIMEOUT
maxsize : 22
nodes : 147070738.000000
filtered : 8533990552.000000
time : 3600.000488
