Parameters: GAD=1 vflib=1 dir=0 label=0 lowerbound=1 fileNameGp=../graphsdb/mcs30/bvg/b09/mcs30_b09_s35.A96 fileNameGt=../graphsdb/mcs30/bvg/b09/mcs30_b09_s35.B96
Reading graphs...
35 :  151
35 :  154
Initializing...
maxdom : 35
D->valSize : 1225
Solving...
Blb : 2 (clique : 13)
currentSize : 13 <-- 0.018433 s
currentSize : 14 <-- 0.018593 s
currentSize : 15 <-- 0.018898 s
currentSize : 16 <-- 0.047808 s
currentSize : 17 <-- 0.345652 s
currentSize : 18 <-- 0.381465 s
currentSize : 19 <-- 15.740900 s
currentSize : 20 <-- 787.767700 s

maxsize : 20
nodes : 148181994.000000
filtered : 5850041666.000000
time : 1711.220215
