Parameters: GAD=1 vflib=1 dir=0 label=0 lowerbound=1 fileNameGp=../graphsdb/mcs30/m3D/m3Dr6/mcs30_m3Dr6_s25.A28 fileNameGt=../graphsdb/mcs30/m3D/m3Dr6/mcs30_m3Dr6_s25.B28
Reading graphs...
25 :  60
25 :  59
Initializing...
maxdom : 25
D->valSize : 625
Solving...
Blb : 2 (clique : 11)
currentSize : 11 <-- 0.005095 s
currentSize : 12 <-- 0.005180 s
currentSize : 13 <-- 0.005244 s
currentSize : 14 <-- 0.005454 s
currentSize : 15 <-- 0.005706 s
currentSize : 16 <-- 0.076853 s

maxsize : 16
nodes : 1371853.000000
filtered : 41771449.000000
time : 16.751444
