Parameters: GAD=1 vflib=1 dir=0 label=0 lowerbound=1 fileNameGp=../graphsdb/mcs30/bvg/b03m/mcs30_b03m_s35.A30 fileNameGt=../graphsdb/mcs30/bvg/b03m/mcs30_b03m_s35.B30
Reading graphs...
35 :  50
35 :  49
Initializing...
maxdom : 35
D->valSize : 1225
Solving...
Blb : 2 (clique : 22)
currentSize : 22 <-- 0.021406 s
currentSize : 23 <-- 0.021934 s
currentSize : 24 <-- 0.025485 s
currentSize : 25 <-- 2.706340 s
currentSize : 26 <-- 5.842908 s
currentSize : 27 <-- 6.206119 s

TIMEOUT
maxsize : 27
nodes : 52875321.000000
filtered : 4135902376.000000
time : 3600.000000
