Parameters: GAD=1 vflib=1 dir=0 label=0 lowerbound=1 fileNameGp=../graphsdb/mcs30/bvg/b03/mcs30_b03_s35.A77 fileNameGt=../graphsdb/mcs30/bvg/b03/mcs30_b03_s35.B77
Reading graphs...
35 :  52
35 :  52
Initializing...
maxdom : 35
D->valSize : 1225
Solving...
Blb : 2 (clique : 20)
currentSize : 20 <-- 0.021236 s
currentSize : 22 <-- 0.021407 s
currentSize : 23 <-- 0.021476 s
currentSize : 24 <-- 0.024497 s
currentSize : 25 <-- 0.337028 s
currentSize : 26 <-- 0.717953 s
currentSize : 27 <-- 864.574890 s

TIMEOUT
maxsize : 27
nodes : 31194461.000000
filtered : 2629118901.000000
time : 3600.000977
