Parameters: GAD=1 vflib=1 dir=0 label=0 lowerbound=1 fileNameGp=../graphsdb/mcs30/rand/r02/mcs30_r02_s30.A74 fileNameGt=../graphsdb/mcs30/rand/r02/mcs30_r02_s30.B74
Reading graphs...
30 :  159
30 :  153
Initializing...
maxdom : 30
D->valSize : 900
Solving...
Blb : 2 (clique : 9)
currentSize : 9 <-- 0.009399 s
currentSize : 10 <-- 0.009496 s
currentSize : 11 <-- 0.009573 s
currentSize : 12 <-- 0.015666 s
currentSize : 13 <-- 0.139864 s
currentSize : 14 <-- 20.410252 s
currentSize : 15 <-- 40.735703 s

maxsize : 15
nodes : 51733251.000000
filtered : 772998248.000000
time : 235.720749
