Parameters: GAD=1 vflib=1 dir=0 label=0 lowerbound=1 fileNameGp=../graphsdb/mcs30/bvg/b03/mcs30_b03_s25.A71 fileNameGt=../graphsdb/mcs30/bvg/b03/mcs30_b03_s25.B71
Reading graphs...
25 :  37
25 :  36
Initializing...
maxdom : 25
D->valSize : 625
Solving...
Blb : 2 (clique : 15)
currentSize : 15 <-- 0.009679 s
currentSize : 16 <-- 0.009827 s
currentSize : 17 <-- 0.009933 s
currentSize : 18 <-- 0.010520 s
currentSize : 19 <-- 0.127482 s
currentSize : 20 <-- 3.620560 s

maxsize : 20
nodes : 150484.000000
filtered : 7418682.000000
time : 5.115018
