Parameters: GAD=1 vflib=1 dir=0 label=0 lowerbound=1 fileNameGp=../graphsdb/mcs30/bvg/b03/mcs30_b03_s25.A23 fileNameGt=../graphsdb/mcs30/bvg/b03/mcs30_b03_s25.B23
Reading graphs...
25 :  36
25 :  37
Initializing...
maxdom : 25
D->valSize : 625
Solving...
Blb : 2 (clique : 15)
currentSize : 15 <-- 0.005473 s
currentSize : 16 <-- 0.005681 s
currentSize : 17 <-- 0.005738 s
currentSize : 18 <-- 0.009551 s
currentSize : 19 <-- 0.018128 s

maxsize : 19
nodes : 729059.000000
filtered : 39973903.000000
time : 24.805304
