Parameters: GAD=1 vflib=1 dir=0 label=0 lowerbound=1 fileNameGp=../graphsdb/mcs30/rand/r02/mcs30_r02_s35.A62 fileNameGt=../graphsdb/mcs30/rand/r02/mcs30_r02_s35.B62
Reading graphs...
35 :  208
35 :  214
Initializing...
maxdom : 35
D->valSize : 1225
Solving...
Blb : 2 (clique : 10)
currentSize : 10 <-- 0.018009 s
currentSize : 11 <-- 0.018145 s
currentSize : 12 <-- 0.018262 s
currentSize : 13 <-- 0.018427 s
currentSize : 14 <-- 0.028560 s
currentSize : 15 <-- 7.710274 s
currentSize : 16 <-- 3327.706543 s

TIMEOUT
maxsize : 16
nodes : 825997697.000000
filtered : 11458027516.000000
time : 3600.000000
