Parameters: GAD=1 vflib=1 dir=0 label=0 lowerbound=1 fileNameGp=../graphsdb/mcs30/rand/r005/mcs30_r005_s35.A61 fileNameGt=../graphsdb/mcs30/rand/r005/mcs30_r005_s35.B61
Reading graphs...
35 :  64
35 :  62
Initializing...
maxdom : 35
D->valSize : 1225
Solving...
Blb : 2 (clique : 18)
currentSize : 18 <-- 0.037023 s
currentSize : 20 <-- 0.037288 s
currentSize : 21 <-- 0.037621 s
currentSize : 22 <-- 0.037829 s
currentSize : 23 <-- 0.074168 s
currentSize : 24 <-- 0.176574 s
currentSize : 25 <-- 20.656471 s

TIMEOUT
maxsize : 25
nodes : 78282941.000000
filtered : 5418892093.000000
time : 3600.000000
