Parameters: GAD=1 vflib=1 dir=0 label=0 lowerbound=1 fileNameGp=../graphsdb/mcs30/rand/r005/mcs30_r005_s30.A27 fileNameGt=../graphsdb/mcs30/rand/r005/mcs30_r005_s30.B27
Reading graphs...
30 :  47
30 :  48
Initializing...
maxdom : 30
D->valSize : 900
Solving...
Blb : 3 (clique : 18)
currentSize : 18 <-- 0.020086 s
currentSize : 19 <-- 0.020308 s
currentSize : 20 <-- 0.021435 s
currentSize : 21 <-- 0.077367 s
currentSize : 22 <-- 2.304749 s
currentSize : 23 <-- 106.089188 s

maxsize : 23
nodes : 3031991.000000
filtered : 185500522.000000
time : 148.723495
