Parameters: GAD=1 vflib=1 dir=0 label=0 lowerbound=1 fileNameGp=../graphsdb/mcs30/bvg/b03m/mcs30_b03m_s25.A31 fileNameGt=../graphsdb/mcs30/bvg/b03m/mcs30_b03m_s25.B31
Reading graphs...
25 :  36
25 :  36
Initializing...
maxdom : 25
D->valSize : 625
Solving...
Blb : 2 (clique : 15)
currentSize : 15 <-- 0.005554 s
currentSize : 16 <-- 0.005687 s
currentSize : 17 <-- 0.005736 s
currentSize : 18 <-- 0.007806 s
currentSize : 19 <-- 0.096038 s

maxsize : 19
nodes : 115494.000000
filtered : 5244479.000000
time : 3.861918
