Parameters: GAD=1 vflib=1 dir=0 label=0 lowerbound=1 fileNameGp=../graphsdb/mcs30/bvg/b09m/mcs30_b09m_s35.A52 fileNameGt=../graphsdb/mcs30/bvg/b09m/mcs30_b09m_s35.B52
Reading graphs...
35 :  144
35 :  141
Initializing...
maxdom : 35
D->valSize : 1225
Solving...
Blb : 2 (clique : 12)
currentSize : 12 <-- 0.032535 s
currentSize : 14 <-- 0.032729 s
currentSize : 15 <-- 0.033794 s
currentSize : 16 <-- 0.042252 s
currentSize : 17 <-- 0.055166 s
currentSize : 18 <-- 3.110110 s
currentSize : 19 <-- 30.488503 s

maxsize : 19
nodes : 237076797.000000
filtered : 8118564438.000000
time : 2488.781738
