Parameters: GAD=1 vflib=1 dir=0 label=0 lowerbound=1 fileNameGp=../graphsdb/mcs30/rand/r005/mcs30_r005_s30.A05 fileNameGt=../graphsdb/mcs30/rand/r005/mcs30_r005_s30.B05
Reading graphs...
30 :  48
30 :  47
Initializing...
maxdom : 30
D->valSize : 900
Solving...
Blb : 2 (clique : 16)
currentSize : 16 <-- 0.020068 s
currentSize : 17 <-- 0.020261 s
currentSize : 18 <-- 0.020388 s
currentSize : 19 <-- 0.020597 s
currentSize : 20 <-- 0.032291 s
currentSize : 21 <-- 0.052685 s
currentSize : 22 <-- 2.614490 s
currentSize : 23 <-- 105.978462 s

maxsize : 23
nodes : 3455433.000000
filtered : 216412681.000000
time : 208.105164
