Parameters: GAD=1 vflib=1 dir=0 label=0 lowerbound=1 fileNameGp=../graphsdb/mcs30/bvg/b06m/mcs30_b06m_s35.A95 fileNameGt=../graphsdb/mcs30/bvg/b06m/mcs30_b06m_s35.B95
Reading graphs...
35 :  102
35 :  100
Initializing...
maxdom : 35
D->valSize : 1225
Solving...
Blb : 2 (clique : 14)
currentSize : 14 <-- 0.019506 s
currentSize : 15 <-- 0.019671 s
currentSize : 16 <-- 0.019755 s
currentSize : 17 <-- 0.019861 s
currentSize : 18 <-- 0.020485 s
currentSize : 19 <-- 0.020595 s
currentSize : 20 <-- 0.143123 s
currentSize : 21 <-- 51.685413 s
currentSize : 22 <-- 249.089584 s

maxsize : 22
nodes : 90627445.000000
filtered : 4425180300.000000
time : 2039.769165
