Parameters: GAD=1 vflib=1 dir=0 label=0 lowerbound=1 fileNameGp=../graphsdb/mcs30/bvg/b06m/mcs30_b06m_s35.A45 fileNameGt=../graphsdb/mcs30/bvg/b06m/mcs30_b06m_s35.B45
Reading graphs...
35 :  102
35 :  103
Initializing...
maxdom : 35
D->valSize : 1225
Solving...
Blb : 5 (clique : 16)
currentSize : 16 <-- 0.033635 s
currentSize : 17 <-- 0.033887 s
currentSize : 18 <-- 0.033974 s
currentSize : 19 <-- 0.038292 s
currentSize : 20 <-- 0.316583 s
currentSize : 21 <-- 5.606384 s

TIMEOUT
maxsize : 21
nodes : 221820746.000000
filtered : 8983426473.000000
time : 3600.000000
