Parameters: GAD=1 vflib=1 dir=0 label=0 lowerbound=1 fileNameGp=../graphsdb/mcs30/rand/r01/mcs30_r01_s35.A17 fileNameGt=../graphsdb/mcs30/rand/r01/mcs30_r01_s35.B17
Reading graphs...
35 :  116
35 :  112
Initializing...
maxdom : 35
D->valSize : 1225
Solving...
Blb : 2 (clique : 14)
currentSize : 14 <-- 0.019170 s
currentSize : 15 <-- 0.019350 s
currentSize : 16 <-- 0.019829 s
currentSize : 17 <-- 0.024496 s
currentSize : 18 <-- 0.063890 s
currentSize : 19 <-- 0.113346 s
currentSize : 20 <-- 189.659714 s

TIMEOUT
maxsize : 20
nodes : 294621761.000000
filtered : 10606011577.000000
time : 3600.000244
