Parameters: GAD=1 vflib=1 dir=0 label=0 lowerbound=1 fileNameGp=../graphsdb/mcs30/bvg/b06/mcs30_b06_s30.A70 fileNameGt=../graphsdb/mcs30/bvg/b06/mcs30_b06_s30.B70
Reading graphs...
30 :  89
30 :  85
Initializing...
maxdom : 30
D->valSize : 900
Solving...
Blb : 2 (clique : 14)
currentSize : 14 <-- 0.010329 s
currentSize : 15 <-- 0.010458 s
currentSize : 16 <-- 0.015885 s
currentSize : 17 <-- 0.056381 s
currentSize : 18 <-- 7.309169 s
currentSize : 19 <-- 93.647942 s

maxsize : 19
nodes : 10104193.000000
filtered : 393060410.000000
time : 190.219101
