Parameters: GAD=1 vflib=1 dir=0 label=0 lowerbound=1 fileNameGp=../graphsdb/mcs30/bvg/b06/mcs30_b06_s30.A36 fileNameGt=../graphsdb/mcs30/bvg/b06/mcs30_b06_s30.B36
Reading graphs...
30 :  87
30 :  87
Initializing...
maxdom : 30
D->valSize : 900
Solving...
Blb : 2 (clique : 14)
currentSize : 14 <-- 0.010589 s
currentSize : 15 <-- 0.011781 s
currentSize : 16 <-- 0.012669 s
currentSize : 17 <-- 0.039608 s
currentSize : 18 <-- 4.050460 s

maxsize : 18
nodes : 30452990.000000
filtered : 1069413370.000000
time : 388.798584
