Parameters: GAD=1 vflib=1 dir=0 label=0 lowerbound=1 fileNameGp=../graphsdb/mcs30/bvg/b03m/mcs30_b03m_s35.A81 fileNameGt=../graphsdb/mcs30/bvg/b03m/mcs30_b03m_s35.B81
Reading graphs...
35 :  51
35 :  52
Initializing...
maxdom : 35
D->valSize : 1225
Solving...
Blb : 2 (clique : 22)
currentSize : 22 <-- 0.026677 s
currentSize : 23 <-- 0.027029 s
currentSize : 24 <-- 0.027278 s
currentSize : 25 <-- 0.028035 s
currentSize : 26 <-- 0.071952 s
currentSize : 27 <-- 214.456161 s

maxsize : 27
nodes : 32956751.000000
filtered : 2413561170.000000
time : 2993.877930
