Parameters: GAD=1 vflib=1 dir=0 label=0 lowerbound=1 fileNameGp=../graphsdb/mcs30/m3D/m3Dr4/mcs30_m3Dr4_s25.A43 fileNameGt=../graphsdb/mcs30/m3D/m3Dr4/mcs30_m3Dr4_s25.B43
Reading graphs...
25 :  56
25 :  58
Initializing...
maxdom : 25
D->valSize : 625
Solving...
Blb : 2 (clique : 13)
currentSize : 13 <-- 0.005291 s
currentSize : 14 <-- 0.005398 s
currentSize : 15 <-- 0.006015 s
currentSize : 16 <-- 0.038912 s
currentSize : 17 <-- 13.992947 s

maxsize : 17
nodes : 1930578.000000
filtered : 70719521.000000
time : 24.441393
