Parameters: GAD=1 vflib=1 dir=0 label=0 lowerbound=1 fileNameGp=../graphsdb/mcs30/rand/r005/mcs30_r005_s25.A97 fileNameGt=../graphsdb/mcs30/rand/r005/mcs30_r005_s25.B97
Reading graphs...
25 :  33
25 :  33
Initializing...
maxdom : 25
D->valSize : 625
Solving...
Blb : 5 (clique : 16)
currentSize : 16 <-- 0.009693 s
currentSize : 17 <-- 0.010774 s
currentSize : 18 <-- 0.019107 s
currentSize : 19 <-- 0.027407 s
currentSize : 20 <-- 0.122456 s

maxsize : 20
nodes : 129330.000000
filtered : 9613486.000000
time : 3.721625
