Parameters: GAD=1 vflib=1 dir=0 label=0 lowerbound=1 fileNameGp=../graphsdb/mcs30/rand/r005/mcs30_r005_s35.A99 fileNameGt=../graphsdb/mcs30/rand/r005/mcs30_r005_s35.B99
Reading graphs...
35 :  61
35 :  63
Initializing...
maxdom : 35
D->valSize : 1225
Solving...
Blb : 2 (clique : 21)
currentSize : 21 <-- 0.036810 s
currentSize : 22 <-- 0.049339 s
currentSize : 23 <-- 1.190458 s
currentSize : 24 <-- 2.502982 s
currentSize : 25 <-- 4.682307 s
currentSize : 26 <-- 56.409748 s

maxsize : 26
nodes : 20108146.000000
filtered : 1434323274.000000
time : 1604.994385
