Parameters: GAD=1 vflib=1 dir=0 label=0 lowerbound=1 fileNameGp=../graphsdb/mcs30/bvg/b03/mcs30_b03_s25.A78 fileNameGt=../graphsdb/mcs30/bvg/b03/mcs30_b03_s25.B78
Reading graphs...
25 :  37
25 :  37
Initializing...
maxdom : 25
D->valSize : 625
Solving...
Blb : 2 (clique : 16)
currentSize : 16 <-- 0.005789 s
currentSize : 17 <-- 0.006702 s
currentSize : 18 <-- 0.036260 s
currentSize : 19 <-- 0.391558 s
currentSize : 20 <-- 3.147556 s

maxsize : 20
nodes : 208460.000000
filtered : 10780262.000000
time : 5.223843
