Parameters: GAD=1 vflib=1 dir=0 label=0 lowerbound=1 fileNameGp=../graphsdb/mcs30/m2D/m2Dr4/mcs30_m2Dr4_s30.A27 fileNameGt=../graphsdb/mcs30/m2D/m2Dr4/mcs30_m2Dr4_s30.B27
Reading graphs...
30 :  60
30 :  59
Initializing...
maxdom : 30
D->valSize : 900
Solving...
Blb : 2 (clique : 16)
currentSize : 16 <-- 0.019448 s
currentSize : 17 <-- 0.019663 s
currentSize : 18 <-- 0.020066 s
currentSize : 19 <-- 0.102951 s
currentSize : 20 <-- 0.379340 s
currentSize : 21 <-- 30.689341 s

maxsize : 21
nodes : 20414087.000000
filtered : 973724576.000000
time : 495.790131
