Parameters: GAD=1 vflib=1 dir=0 label=0 lowerbound=1 fileNameGp=../graphsdb/mcs30/bvg/b09m/mcs30_b09m_s35.A96 fileNameGt=../graphsdb/mcs30/bvg/b09m/mcs30_b09m_s35.B96
Reading graphs...
35 :  148
35 :  146
Initializing...
maxdom : 35
D->valSize : 1225
Solving...
Blb : 3 (clique : 14)
currentSize : 14 <-- 0.019104 s
currentSize : 15 <-- 0.020549 s
currentSize : 16 <-- 0.036149 s
currentSize : 17 <-- 0.109440 s
currentSize : 18 <-- 0.473064 s
currentSize : 19 <-- 69.857925 s

maxsize : 19
nodes : 217203906.000000
filtered : 6378714049.000000
time : 2022.116699
