Parameters: GAD=1 vflib=1 dir=0 label=0 lowerbound=1 fileNameGp=../graphsdb/mcs30/bvg/b06/mcs30_b06_s35.A18 fileNameGt=../graphsdb/mcs30/bvg/b06/mcs30_b06_s35.B18
Reading graphs...
35 :  102
35 :  104
Initializing...
maxdom : 35
D->valSize : 1225
Solving...
Blb : 2 (clique : 18)
currentSize : 18 <-- 0.020187 s
currentSize : 19 <-- 0.020495 s
currentSize : 20 <-- 0.020705 s
currentSize : 21 <-- 0.022766 s
currentSize : 22 <-- 655.805969 s

maxsize : 22
nodes : 108335480.000000
filtered : 5300026798.000000
time : 2718.028564
