Parameters: GAD=1 vflib=1 dir=0 label=0 lowerbound=1 fileNameGp=../graphsdb/mcs30/rand/r02/mcs30_r02_s25.A30 fileNameGt=../graphsdb/mcs30/rand/r02/mcs30_r02_s25.B30
Reading graphs...
25 :  109
25 :  104
Initializing...
maxdom : 25
D->valSize : 625
Solving...
Blb : 3 (clique : 10)
currentSize : 10 <-- 0.004602 s
currentSize : 11 <-- 0.005151 s
currentSize : 12 <-- 0.007102 s
currentSize : 13 <-- 0.418076 s
currentSize : 14 <-- 5.329253 s

maxsize : 14
nodes : 3571945.000000
filtered : 58172676.000000
time : 16.128954
