Parameters: GAD=1 vflib=1 dir=0 label=0 lowerbound=1 fileNameGp=../graphsdb/mcs30/m2D/m2Dr2/mcs30_m2Dr2_s30.A96 fileNameGt=../graphsdb/mcs30/m2D/m2Dr2/mcs30_m2Dr2_s30.B96
Reading graphs...
30 :  55
30 :  55
Initializing...
maxdom : 30
D->valSize : 900
Solving...
Blb : 2 (clique : 16)
currentSize : 16 <-- 0.011371 s
currentSize : 18 <-- 0.011507 s
currentSize : 19 <-- 0.014887 s
currentSize : 20 <-- 0.034244 s
currentSize : 21 <-- 0.272541 s
currentSize : 22 <-- 873.403625 s

maxsize : 22
nodes : 35828660.000000
filtered : 1970856839.000000
time : 1398.755371
