Parameters: GAD=1 vflib=1 dir=0 label=0 lowerbound=1 fileNameGp=../graphsdb/mcs30/bvg/b03m/mcs30_b03m_s30.A73 fileNameGt=../graphsdb/mcs30/bvg/b03m/mcs30_b03m_s30.B73
Reading graphs...
30 :  45
30 :  42
Initializing...
maxdom : 30
D->valSize : 900
Solving...
Blb : 2 (clique : 19)
currentSize : 19 <-- 0.011639 s
currentSize : 20 <-- 0.011790 s
currentSize : 21 <-- 0.013483 s
currentSize : 22 <-- 2.846698 s
currentSize : 23 <-- 22.913303 s

maxsize : 23
nodes : 2980445.000000
filtered : 181800938.000000
time : 111.203110
