Parameters: GAD=1 vflib=1 dir=0 label=0 lowerbound=1 fileNameGp=../graphsdb/mcs30/m2D/m2D/mcs30_m2D_s30.A22 fileNameGt=../graphsdb/mcs30/m2D/m2D/mcs30_m2D_s30.B22
Reading graphs...
30 :  49
30 :  49
Initializing...
maxdom : 30
D->valSize : 900
Solving...
Blb : 5 (clique : 18)
currentSize : 18 <-- 0.011367 s
currentSize : 19 <-- 0.014322 s
currentSize : 20 <-- 0.044426 s
currentSize : 21 <-- 0.093350 s
currentSize : 22 <-- 76.792145 s

maxsize : 22
nodes : 12673580.000000
filtered : 885152759.000000
time : 815.434814
