Parameters: GAD=1 vflib=1 dir=0 label=0 lowerbound=1 fileNameGp=../graphsdb/mcs30/rand/r02/mcs30_r02_s30.A54 fileNameGt=../graphsdb/mcs30/rand/r02/mcs30_r02_s30.B54
Reading graphs...
30 :  152
30 :  154
Initializing...
maxdom : 30
D->valSize : 900
Solving...
Blb : 2 (clique : 10)
currentSize : 10 <-- 0.016149 s
currentSize : 11 <-- 0.016291 s
currentSize : 12 <-- 0.017168 s
currentSize : 13 <-- 0.103211 s
currentSize : 14 <-- 0.340052 s

maxsize : 14
nodes : 125454400.000000
filtered : 1799216399.000000
time : 540.878784
