Parameters: GAD=1 vflib=1 dir=0 label=0 lowerbound=1 fileNameGp=../graphsdb/mcs30/m2D/m2D/mcs30_m2D_s30.A94 fileNameGt=../graphsdb/mcs30/m2D/m2D/mcs30_m2D_s30.B94
Reading graphs...
30 :  48
30 :  48
Initializing...
maxdom : 30
D->valSize : 900
Solving...
Blb : 5 (clique : 17)
currentSize : 17 <-- 0.020179 s
currentSize : 18 <-- 0.020397 s
currentSize : 19 <-- 0.020565 s
currentSize : 20 <-- 0.021121 s
currentSize : 21 <-- 0.091895 s
currentSize : 22 <-- 5.819163 s

maxsize : 22
nodes : 11629736.000000
filtered : 610097344.000000
time : 470.020630
