Parameters: GAD=1 vflib=1 dir=0 label=0 lowerbound=1 fileNameGp=../graphsdb/mcs30/m3D/m3D/mcs30_m3D_s30.A00 fileNameGt=../graphsdb/mcs30/m3D/m3D/mcs30_m3D_s30.B00
Reading graphs...
30 :  60
30 :  61
Initializing...
maxdom : 30
D->valSize : 900
Solving...
Blb : 2 (clique : 17)
currentSize : 17 <-- 0.011308 s
currentSize : 18 <-- 0.011644 s
currentSize : 19 <-- 0.039997 s
currentSize : 20 <-- 0.432268 s
currentSize : 21 <-- 1.813532 s

maxsize : 21
nodes : 8734208.000000
filtered : 395671975.000000
time : 253.260056
