Parameters: GAD=1 vflib=1 dir=0 label=0 lowerbound=1 fileNameGp=../graphsdb/mcs30/rand/r005/mcs30_r005_s30.A02 fileNameGt=../graphsdb/mcs30/rand/r005/mcs30_r005_s30.B02
Reading graphs...
30 :  47
30 :  47
Initializing...
maxdom : 30
D->valSize : 900
Solving...
Blb : 3 (clique : 19)
currentSize : 19 <-- 0.019986 s
currentSize : 20 <-- 0.020211 s
currentSize : 21 <-- 0.314067 s
currentSize : 22 <-- 16.167107 s
currentSize : 23 <-- 73.309174 s

maxsize : 23
nodes : 3767943.000000
filtered : 222166919.000000
time : 167.548340
