Parameters: GAD=1 vflib=1 dir=0 label=0 lowerbound=1 fileNameGp=../graphsdb/mcs30/rand/r01/mcs30_r01_s25.A02 fileNameGt=../graphsdb/mcs30/rand/r01/mcs30_r01_s25.B02
Reading graphs...
25 :  60
25 :  57
Initializing...
maxdom : 25
D->valSize : 625
Solving...
Blb : 2 (clique : 12)
currentSize : 12 <-- 0.005124 s
currentSize : 13 <-- 0.005288 s
currentSize : 14 <-- 0.006206 s
currentSize : 15 <-- 0.083049 s
currentSize : 16 <-- 0.104851 s
currentSize : 17 <-- 10.864469 s

maxsize : 17
nodes : 1164862.000000
filtered : 31855229.000000
time : 14.789991
