Parameters: GAD=1 vflib=1 dir=0 label=0 lowerbound=1 fileNameGp=../graphsdb/mcs30/m3D/m3Dr2/mcs30_m3Dr2_s30.A63 fileNameGt=../graphsdb/mcs30/m3D/m3Dr2/mcs30_m3Dr2_s30.B63
Reading graphs...
30 :  63
30 :  65
Initializing...
maxdom : 30
D->valSize : 900
Solving...
Blb : 2 (clique : 16)
currentSize : 16 <-- 0.019427 s
currentSize : 17 <-- 0.019737 s
currentSize : 18 <-- 0.063566 s
currentSize : 19 <-- 0.206819 s
currentSize : 20 <-- 68.130013 s

maxsize : 20
nodes : 33392983.000000
filtered : 1341163959.000000
time : 685.354126
