Parameters: GAD=1 vflib=1 dir=0 label=0 lowerbound=1 fileNameGp=../graphsdb/mcs30/rand/r005/mcs30_r005_s30.A26 fileNameGt=../graphsdb/mcs30/rand/r005/mcs30_r005_s30.B26
Reading graphs...
30 :  46
30 :  48
Initializing...
maxdom : 30
D->valSize : 900
Solving...
Blb : 2 (clique : 18)
currentSize : 18 <-- 0.020145 s
currentSize : 19 <-- 0.020343 s
currentSize : 20 <-- 0.029438 s
currentSize : 21 <-- 0.040357 s
currentSize : 22 <-- 0.085090 s
currentSize : 23 <-- 3.317938 s
currentSize : 24 <-- 57.592327 s

maxsize : 24
nodes : 1186258.000000
filtered : 79329560.000000
time : 65.497505
