Parameters: GAD=1 vflib=1 dir=0 label=0 lowerbound=1 fileNameGp=../graphsdb/mcs30/bvg/b03/mcs30_b03_s35.A98 fileNameGt=../graphsdb/mcs30/bvg/b03/mcs30_b03_s35.B98
Reading graphs...
35 :  52
35 :  51
Initializing...
maxdom : 35
D->valSize : 1225
Solving...
Blb : 2 (clique : 22)
currentSize : 22 <-- 0.021235 s
currentSize : 23 <-- 0.021548 s
currentSize : 24 <-- 0.030081 s
currentSize : 25 <-- 1.394454 s
currentSize : 26 <-- 5.288989 s
currentSize : 27 <-- 455.285614 s

TIMEOUT
maxsize : 27
nodes : 33816694.000000
filtered : 3192875303.000000
time : 3600.000244
