Parameters: GAD=1 vflib=1 dir=0 label=0 lowerbound=1 fileNameGp=../graphsdb/mcs30/m2D/m2Dr4/mcs30_m2Dr4_s30.A96 fileNameGt=../graphsdb/mcs30/m2D/m2Dr4/mcs30_m2Dr4_s30.B96
Reading graphs...
30 :  59
30 :  58
Initializing...
maxdom : 30
D->valSize : 900
Solving...
Blb : 2 (clique : 16)
currentSize : 16 <-- 0.019457 s
currentSize : 17 <-- 0.020355 s
currentSize : 18 <-- 0.022059 s
currentSize : 19 <-- 0.025322 s
currentSize : 20 <-- 1.907783 s
currentSize : 21 <-- 14.849453 s
currentSize : 22 <-- 122.286667 s

maxsize : 22
nodes : 4830670.000000
filtered : 216352055.000000
time : 148.249283
