Parameters: GAD=1 vflib=1 dir=0 label=0 lowerbound=1 fileNameGp=../graphsdb/mcs30/bvg/b03/mcs30_b03_s30.A24 fileNameGt=../graphsdb/mcs30/bvg/b03/mcs30_b03_s30.B24
Reading graphs...
30 :  45
30 :  44
Initializing...
maxdom : 30
D->valSize : 900
Solving...
Blb : 2 (clique : 20)
currentSize : 20 <-- 0.020367 s
currentSize : 21 <-- 0.859039 s
currentSize : 22 <-- 35.205708 s
currentSize : 23 <-- 44.279083 s
currentSize : 24 <-- 205.660019 s

maxsize : 24
nodes : 3655335.000000
filtered : 215413505.000000
time : 208.925354
