Parameters: GAD=1 vflib=1 dir=0 label=0 lowerbound=1 fileNameGp=../graphsdb/mcs30/m3D/m3D/mcs30_m3D_s30.A59 fileNameGt=../graphsdb/mcs30/m3D/m3D/mcs30_m3D_s30.B59
Reading graphs...
30 :  59
30 :  57
Initializing...
maxdom : 30
D->valSize : 900
Solving...
Blb : 2 (clique : 16)
currentSize : 16 <-- 0.019511 s
currentSize : 17 <-- 0.020213 s
currentSize : 18 <-- 0.026513 s
currentSize : 19 <-- 0.150634 s
currentSize : 20 <-- 1.923992 s
currentSize : 21 <-- 33.307644 s

maxsize : 21
nodes : 9773933.000000
filtered : 456412800.000000
time : 245.646652
