Parameters: GAD=1 vflib=1 dir=0 label=0 lowerbound=1 fileNameGp=../graphsdb/mcs30/m3D/m3Dr2/mcs30_m3Dr2_s30.A49 fileNameGt=../graphsdb/mcs30/m3D/m3Dr2/mcs30_m3Dr2_s30.B49
Reading graphs...
30 :  67
30 :  63
Initializing...
maxdom : 30
D->valSize : 900
Solving...
Blb : 2 (clique : 16)
currentSize : 16 <-- 0.011525 s
currentSize : 17 <-- 0.011664 s
currentSize : 18 <-- 0.018320 s
currentSize : 19 <-- 0.739933 s
currentSize : 20 <-- 1.365622 s

maxsize : 20
nodes : 14862246.000000
filtered : 627124938.000000
time : 360.995544
