Parameters: GAD=1 vflib=1 dir=0 label=0 lowerbound=1 fileNameGp=../graphsdb/mcs30/bvg/b06m/mcs30_b06m_s30.A55 fileNameGt=../graphsdb/mcs30/bvg/b06m/mcs30_b06m_s30.B55
Reading graphs...
30 :  86
30 :  83
Initializing...
maxdom : 30
D->valSize : 900
Solving...
Blb : 2 (clique : 13)
currentSize : 13 <-- 0.010613 s
currentSize : 14 <-- 0.010732 s
currentSize : 15 <-- 0.010752 s
currentSize : 16 <-- 0.010952 s
currentSize : 17 <-- 0.011211 s
currentSize : 18 <-- 0.018591 s
currentSize : 19 <-- 0.018950 s

maxsize : 19
nodes : 11109181.000000
filtered : 463679972.000000
time : 172.212357
