Parameters: GAD=1 vflib=1 dir=0 label=0 lowerbound=1 fileNameGp=../graphsdb/mcs30/bvg/b09/mcs30_b09_s35.A43 fileNameGt=../graphsdb/mcs30/bvg/b09/mcs30_b09_s35.B43
Reading graphs...
35 :  154
35 :  152
Initializing...
maxdom : 35
D->valSize : 1225
Solving...
Blb : 3 (clique : 15)
currentSize : 15 <-- 0.018377 s
currentSize : 16 <-- 0.021722 s
currentSize : 17 <-- 0.047122 s
currentSize : 18 <-- 0.138248 s
currentSize : 19 <-- 20.242012 s
currentSize : 20 <-- 740.228333 s

maxsize : 20
nodes : 203036056.000000
filtered : 7534149863.000000
time : 1986.610962
