Parameters: GAD=1 vflib=1 dir=0 label=0 lowerbound=1 fileNameGp=../graphsdb/mcs30/bvg/b06/mcs30_b06_s25.A55 fileNameGt=../graphsdb/mcs30/bvg/b06/mcs30_b06_s25.B55
Reading graphs...
25 :  71
25 :  71
Initializing...
maxdom : 25
D->valSize : 625
Solving...
Blb : 2 (clique : 12)
currentSize : 12 <-- 0.005102 s
currentSize : 13 <-- 0.006428 s
currentSize : 14 <-- 0.013689 s
currentSize : 15 <-- 0.051846 s
currentSize : 16 <-- 2.777604 s

maxsize : 16
nodes : 1190365.000000
filtered : 40049791.000000
time : 12.471751
