Parameters: GAD=1 vflib=1 dir=0 label=0 lowerbound=1 fileNameGp=../graphsdb/mcs30/rand/r01/mcs30_r01_s25.A52 fileNameGt=../graphsdb/mcs30/rand/r01/mcs30_r01_s25.B52
Reading graphs...
25 :  60
25 :  60
Initializing...
maxdom : 25
D->valSize : 625
Solving...
Blb : 2 (clique : 12)
currentSize : 12 <-- 0.005279 s
currentSize : 13 <-- 0.005365 s
currentSize : 14 <-- 0.005389 s
currentSize : 15 <-- 0.016126 s
currentSize : 16 <-- 0.035461 s
currentSize : 17 <-- 1.851818 s

maxsize : 17
nodes : 488884.000000
filtered : 14711531.000000
time : 6.380456
