Parameters: GAD=1 vflib=1 dir=0 label=0 lowerbound=1 fileNameGp=../graphsdb/mcs30/bvg/b09m/mcs30_b09m_s35.A93 fileNameGt=../graphsdb/mcs30/bvg/b09m/mcs30_b09m_s35.B93
Reading graphs...
35 :  141
35 :  143
Initializing...
maxdom : 35
D->valSize : 1225
Solving...
Blb : 2 (clique : 14)
currentSize : 14 <-- 0.032317 s
currentSize : 15 <-- 0.051529 s
currentSize : 16 <-- 0.318132 s
currentSize : 17 <-- 5.325104 s
currentSize : 18 <-- 9.460757 s
currentSize : 19 <-- 593.985657 s

maxsize : 19
nodes : 354253046.000000
filtered : 10730301565.000000
time : 3274.967529
