Parameters: GAD=1 vflib=1 dir=0 label=0 lowerbound=1 fileNameGp=../graphsdb/mcs30/m3D/m3D/mcs30_m3D_s25.A15 fileNameGt=../graphsdb/mcs30/m3D/m3D/mcs30_m3D_s25.B15
Reading graphs...
25 :  47
25 :  48
Initializing...
maxdom : 25
D->valSize : 625
Solving...
Blb : 2 (clique : 14)
currentSize : 14 <-- 0.009206 s
currentSize : 15 <-- 0.012614 s
currentSize : 16 <-- 0.025200 s
currentSize : 17 <-- 0.097316 s
currentSize : 18 <-- 2.338772 s

maxsize : 18
nodes : 457018.000000
filtered : 17550986.000000
time : 8.638009
