Parameters: GAD=1 vflib=1 dir=0 label=0 lowerbound=1 fileNameGp=../graphsdb/mcs30/bvg/b09m/mcs30_b09m_s35.A20 fileNameGt=../graphsdb/mcs30/bvg/b09m/mcs30_b09m_s35.B20
Reading graphs...
35 :  142
35 :  145
Initializing...
maxdom : 35
D->valSize : 1225
Solving...
Blb : 2 (clique : 14)
currentSize : 14 <-- 0.018507 s
currentSize : 15 <-- 0.019382 s
currentSize : 16 <-- 0.020834 s
currentSize : 17 <-- 0.040692 s
currentSize : 18 <-- 2.701603 s
currentSize : 19 <-- 156.477478 s

maxsize : 19
nodes : 313355084.000000
filtered : 11097711772.000000
time : 3237.999268
