Parameters: GAD=1 vflib=1 dir=0 label=0 lowerbound=1 fileNameGp=../graphsdb/mcs30/rand/r01/mcs30_r01_s20.A26 fileNameGt=../graphsdb/mcs30/rand/r01/mcs30_r01_s20.B26
Reading graphs...
20 :  40
20 :  39
Initializing...
maxdom : 20
D->valSize : 400
Solving...
Blb : 2 (clique : 10)
currentSize : 10 <-- 0.003844 s
currentSize : 11 <-- 0.003929 s
currentSize : 12 <-- 0.004969 s
currentSize : 13 <-- 0.027485 s
currentSize : 14 <-- 0.460694 s

maxsize : 14
nodes : 77733.000000
filtered : 1658352.000000
time : 0.805663
