Parameters: GAD=1 vflib=1 dir=0 label=0 lowerbound=1 fileNameGp=../graphsdb/mcs30/bvg/b03m/mcs30_b03m_s30.A00 fileNameGt=../graphsdb/mcs30/bvg/b03m/mcs30_b03m_s30.B00
Reading graphs...
30 :  44
30 :  45
Initializing...
maxdom : 30
D->valSize : 900
Solving...
Blb : 2 (clique : 19)
currentSize : 19 <-- 0.020216 s
currentSize : 20 <-- 0.022758 s
currentSize : 21 <-- 0.028202 s
currentSize : 22 <-- 0.132617 s
currentSize : 23 <-- 7.727607 s

maxsize : 23
nodes : 2501837.000000
filtered : 199922916.000000
time : 199.775574
