Parameters: GAD=1 vflib=1 dir=0 label=0 lowerbound=1 fileNameGp=../graphsdb/mcs30/rand/r01/mcs30_r01_s30.A86 fileNameGt=../graphsdb/mcs30/rand/r01/mcs30_r01_s30.B86
Reading graphs...
30 :  80
30 :  86
Initializing...
maxdom : 30
D->valSize : 900
Solving...
Blb : 2 (clique : 14)
currentSize : 14 <-- 0.018525 s
currentSize : 15 <-- 0.022541 s
currentSize : 16 <-- 0.029137 s
currentSize : 17 <-- 0.037821 s
currentSize : 18 <-- 20.502560 s

maxsize : 18
nodes : 79763937.000000
filtered : 2537469712.000000
time : 826.636597
