Parameters: GAD=1 vflib=1 dir=0 label=0 lowerbound=1 fileNameGp=../graphsdb/mcs30/m2D/m2D/mcs30_m2D_s30.A57 fileNameGt=../graphsdb/mcs30/m2D/m2D/mcs30_m2D_s30.B57
Reading graphs...
30 :  49
30 :  48
Initializing...
maxdom : 30
D->valSize : 900
Solving...
Blb : 2 (clique : 17)
currentSize : 17 <-- 0.020037 s
currentSize : 18 <-- 0.020396 s
currentSize : 19 <-- 0.021080 s
currentSize : 20 <-- 0.022514 s
currentSize : 21 <-- 0.026538 s
currentSize : 22 <-- 0.898325 s
currentSize : 23 <-- 582.313660 s

maxsize : 23
nodes : 18176666.000000
filtered : 1098883949.000000
time : 742.514099
