Parameters: GAD=1 vflib=1 dir=0 label=0 lowerbound=1 fileNameGp=../graphsdb/mcs30/m3D/m3D/mcs30_m3D_s30.A22 fileNameGt=../graphsdb/mcs30/m3D/m3D/mcs30_m3D_s30.B22
Reading graphs...
30 :  60
30 :  60
Initializing...
maxdom : 30
D->valSize : 900
Solving...
Blb : 5 (clique : 17)
currentSize : 17 <-- 0.019603 s
currentSize : 18 <-- 0.020098 s
currentSize : 19 <-- 0.022132 s
currentSize : 20 <-- 0.113049 s
currentSize : 21 <-- 402.354553 s

maxsize : 21
nodes : 33420285.000000
filtered : 1578834119.000000
time : 884.974426
