Parameters: GAD=1 vflib=1 dir=0 label=0 lowerbound=1 fileNameGp=../graphsdb/mcs30/m2D/m2Dr6/mcs30_m2Dr6_s30.A12 fileNameGt=../graphsdb/mcs30/m2D/m2Dr6/mcs30_m2Dr6_s30.B12
Reading graphs...
30 :  66
30 :  66
Initializing...
maxdom : 30
D->valSize : 900
Solving...
Blb : 2 (clique : 15)
currentSize : 15 <-- 0.010970 s
currentSize : 17 <-- 0.011086 s
currentSize : 18 <-- 0.011440 s
currentSize : 19 <-- 0.019090 s
currentSize : 20 <-- 0.453459 s

maxsize : 20
nodes : 14403482.000000
filtered : 637977290.000000
time : 442.045288
