Parameters: GAD=1 vflib=1 dir=0 label=0 lowerbound=1 fileNameGp=../graphsdb/mcs30/bvg/b03m/mcs30_b03m_s20.A42 fileNameGt=../graphsdb/mcs30/bvg/b03m/mcs30_b03m_s20.B42
Reading graphs...
20 :  30
20 :  30
Initializing...
maxdom : 20
D->valSize : 400
Solving...
Blb : 5 (clique : 12)
currentSize : 12 <-- 0.003993 s
currentSize : 13 <-- 0.004190 s
currentSize : 14 <-- 0.004382 s
currentSize : 15 <-- 0.074845 s
currentSize : 16 <-- 0.480618 s

maxsize : 16
nodes : 25793.000000
filtered : 842171.000000
time : 0.501486
