Parameters: GAD=1 vflib=1 dir=0 label=0 lowerbound=1 fileNameGp=../graphsdb/mcs30/m2D/m2Dr4/mcs30_m2Dr4_s30.A99 fileNameGt=../graphsdb/mcs30/m2D/m2Dr4/mcs30_m2Dr4_s30.B99
Reading graphs...
30 :  60
30 :  60
Initializing...
maxdom : 30
D->valSize : 900
Solving...
Blb : 2 (clique : 16)
currentSize : 16 <-- 0.019455 s
currentSize : 17 <-- 0.019901 s
currentSize : 18 <-- 0.039901 s
currentSize : 19 <-- 0.077892 s
currentSize : 20 <-- 1.158245 s
currentSize : 21 <-- 70.700150 s

maxsize : 21
nodes : 7994567.000000
filtered : 323904814.000000
time : 161.712814
