Parameters: GAD=1 vflib=1 dir=0 label=0 lowerbound=1 fileNameGp=../graphsdb/mcs30/m2D/m2Dr4/mcs30_m2Dr4_s30.A85 fileNameGt=../graphsdb/mcs30/m2D/m2Dr4/mcs30_m2Dr4_s30.B85
Reading graphs...
30 :  60
30 :  60
Initializing...
maxdom : 30
D->valSize : 900
Solving...
Blb : 5 (clique : 15)
currentSize : 15 <-- 0.011042 s
currentSize : 16 <-- 0.011162 s
currentSize : 17 <-- 0.011406 s
currentSize : 18 <-- 0.015682 s
currentSize : 19 <-- 0.202024 s
currentSize : 20 <-- 5.280045 s
currentSize : 21 <-- 46.605419 s

maxsize : 21
nodes : 5801142.000000
filtered : 225751659.000000
time : 169.781891
