Parameters: GAD=1 vflib=1 dir=0 label=0 lowerbound=1 fileNameGp=../graphsdb/mcs30/bvg/b06m/mcs30_b06m_s35.A29 fileNameGt=../graphsdb/mcs30/bvg/b06m/mcs30_b06m_s35.B29
Reading graphs...
35 :  96
35 :  97
Initializing...
maxdom : 35
D->valSize : 1225
Solving...
Blb : 2 (clique : 15)
currentSize : 15 <-- 0.034831 s
currentSize : 16 <-- 0.035076 s
currentSize : 17 <-- 0.035245 s
currentSize : 18 <-- 0.035562 s
currentSize : 19 <-- 0.052889 s
currentSize : 20 <-- 0.102567 s
currentSize : 21 <-- 0.829965 s
currentSize : 22 <-- 936.870117 s

TIMEOUT
maxsize : 22
nodes : 172538905.000000
filtered : 7481151434.000000
time : 3600.000244
