Parameters: GAD=1 vflib=1 dir=0 label=0 lowerbound=1 fileNameGp=../graphsdb/mcs30/bvg/b06/mcs30_b06_s25.A99 fileNameGt=../graphsdb/mcs30/bvg/b06/mcs30_b06_s25.B99
Reading graphs...
25 :  72
25 :  72
Initializing...
maxdom : 25
D->valSize : 625
Solving...
Blb : 2 (clique : 12)
currentSize : 12 <-- 0.006441 s
currentSize : 13 <-- 0.006527 s
currentSize : 14 <-- 0.050426 s
currentSize : 15 <-- 0.992550 s
currentSize : 16 <-- 1.815378 s

maxsize : 16
nodes : 705249.000000
filtered : 22996678.000000
time : 7.964555
