Parameters: GAD=1 vflib=1 dir=0 label=0 lowerbound=1 fileNameGp=../graphsdb/mcs30/rand/r01/mcs30_r01_s30.A81 fileNameGt=../graphsdb/mcs30/rand/r01/mcs30_r01_s30.B81
Reading graphs...
30 :  82
30 :  85
Initializing...
maxdom : 30
D->valSize : 900
Solving...
Blb : 2 (clique : 13)
currentSize : 13 <-- 0.018509 s
currentSize : 14 <-- 0.018672 s
currentSize : 15 <-- 0.018719 s
currentSize : 16 <-- 0.023884 s
currentSize : 17 <-- 0.238507 s
currentSize : 18 <-- 1.463595 s
currentSize : 19 <-- 15.016155 s

maxsize : 19
nodes : 18529234.000000
filtered : 599565281.000000
time : 207.940826
