Parameters: GAD=1 vflib=1 dir=0 label=0 lowerbound=1 fileNameGp=../graphsdb/mcs30/m3D/m3D/mcs30_m3D_s30.A27 fileNameGt=../graphsdb/mcs30/m3D/m3D/mcs30_m3D_s30.B27
Reading graphs...
30 :  59
30 :  61
Initializing...
maxdom : 30
D->valSize : 900
Solving...
Blb : 2 (clique : 17)
currentSize : 17 <-- 0.019479 s
currentSize : 18 <-- 0.020069 s
currentSize : 19 <-- 0.022605 s
currentSize : 20 <-- 0.035026 s
currentSize : 21 <-- 50.738384 s

maxsize : 21
nodes : 16852033.000000
filtered : 790258777.000000
time : 482.841400
