Parameters: GAD=1 vflib=1 dir=0 label=0 lowerbound=1 fileNameGp=../graphsdb/mcs30/rand/r01/mcs30_r01_s30.A73 fileNameGt=../graphsdb/mcs30/rand/r01/mcs30_r01_s30.B73
Reading graphs...
30 :  85
30 :  85
Initializing...
maxdom : 30
D->valSize : 900
Solving...
Blb : 2 (clique : 14)
currentSize : 14 <-- 0.010601 s
currentSize : 15 <-- 0.010884 s
currentSize : 16 <-- 0.021819 s
currentSize : 17 <-- 0.468466 s
currentSize : 18 <-- 3.960042 s

maxsize : 18
nodes : 48840087.000000
filtered : 1542749444.000000
time : 611.057129
