Parameters: GAD=1 vflib=1 dir=0 label=0 lowerbound=1 fileNameGp=../graphsdb/mcs30/bvg/b09/mcs30_b09_s35.A00 fileNameGt=../graphsdb/mcs30/bvg/b09/mcs30_b09_s35.B00
Reading graphs...
35 :  152
35 :  150
Initializing...
maxdom : 35
D->valSize : 1225
Solving...
Blb : 2 (clique : 13)
currentSize : 13 <-- 0.018516 s
currentSize : 14 <-- 0.020220 s
currentSize : 15 <-- 0.020599 s
currentSize : 16 <-- 0.054676 s
currentSize : 17 <-- 6.665772 s
currentSize : 18 <-- 6.666401 s
currentSize : 19 <-- 11.036873 s

maxsize : 19
nodes : 264330515.000000
filtered : 8176019483.000000
time : 2566.428955
