Parameters: GAD=1 vflib=1 dir=0 label=0 lowerbound=1 fileNameGp=../graphsdb/mcs30/rand/r01/mcs30_r01_s25.A45 fileNameGt=../graphsdb/mcs30/rand/r01/mcs30_r01_s25.B45
Reading graphs...
25 :  59
25 :  59
Initializing...
maxdom : 25
D->valSize : 625
Solving...
Blb : 2 (clique : 12)
currentSize : 12 <-- 0.005011 s
currentSize : 13 <-- 0.005224 s
currentSize : 14 <-- 0.005271 s
currentSize : 15 <-- 0.015734 s
currentSize : 16 <-- 0.250171 s

maxsize : 16
nodes : 2404362.000000
filtered : 63142895.000000
time : 21.773731
