Parameters: GAD=1 vflib=1 dir=0 label=0 lowerbound=1 fileNameGp=../graphsdb/mcs30/bvg/b06/mcs30_b06_s30.A49 fileNameGt=../graphsdb/mcs30/bvg/b06/mcs30_b06_s30.B49
Reading graphs...
30 :  88
30 :  87
Initializing...
maxdom : 30
D->valSize : 900
Solving...
Blb : 2 (clique : 14)
currentSize : 14 <-- 0.018270 s
currentSize : 15 <-- 0.018573 s
currentSize : 16 <-- 0.038355 s
currentSize : 17 <-- 0.176449 s
currentSize : 18 <-- 0.836557 s
currentSize : 19 <-- 54.921703 s

maxsize : 19
nodes : 11490738.000000
filtered : 437998406.000000
time : 150.925644
