Parameters: GAD=1 vflib=1 dir=0 label=0 lowerbound=1 fileNameGp=../graphsdb/mcs30/bvg/b06/mcs30_b06_s35.A32 fileNameGt=../graphsdb/mcs30/bvg/b06/mcs30_b06_s35.B32
Reading graphs...
35 :  101
35 :  104
Initializing...
maxdom : 35
D->valSize : 1225
Solving...
Blb : 2 (clique : 17)
currentSize : 17 <-- 0.034376 s
currentSize : 18 <-- 0.034706 s
currentSize : 19 <-- 0.189711 s
currentSize : 20 <-- 0.686638 s
currentSize : 21 <-- 4.736048 s
currentSize : 22 <-- 37.597065 s

maxsize : 22
nodes : 85444586.000000
filtered : 3923108304.000000
time : 1649.905518
