Parameters: GAD=1 vflib=1 dir=0 label=0 lowerbound=1 fileNameGp=../graphsdb/mcs30/rand/r01/mcs30_r01_s30.A12 fileNameGt=../graphsdb/mcs30/rand/r01/mcs30_r01_s30.B12
Reading graphs...
30 :  86
30 :  86
Initializing...
maxdom : 30
D->valSize : 900
Solving...
Blb : 2 (clique : 14)
currentSize : 14 <-- 0.018455 s
currentSize : 15 <-- 0.043031 s
currentSize : 16 <-- 0.043150 s
currentSize : 17 <-- 0.048414 s
currentSize : 18 <-- 0.473851 s
currentSize : 19 <-- 32.134686 s

maxsize : 19
nodes : 8907471.000000
filtered : 312249086.000000
time : 117.871399
