Parameters: GAD=1 vflib=1 dir=0 label=0 lowerbound=1 fileNameGp=../graphsdb/mcs30/rand/r02/mcs30_r02_s25.A92 fileNameGt=../graphsdb/mcs30/rand/r02/mcs30_r02_s25.B92
Reading graphs...
25 :  109
25 :  108
Initializing...
maxdom : 25
D->valSize : 625
Solving...
Blb : 2 (clique : 9)
currentSize : 9 <-- 0.009070 s
currentSize : 10 <-- 0.009233 s
currentSize : 11 <-- 0.009294 s
currentSize : 12 <-- 0.014781 s
currentSize : 13 <-- 0.370571 s

maxsize : 13
nodes : 5506457.000000
filtered : 79758825.000000
time : 23.577875
