Parameters: GAD=1 vflib=1 dir=0 label=0 lowerbound=1 fileNameGp=../graphsdb/mcs30/bvg/b09/mcs30_b09_s35.A67 fileNameGt=../graphsdb/mcs30/bvg/b09/mcs30_b09_s35.B67
Reading graphs...
35 :  153
35 :  154
Initializing...
maxdom : 35
D->valSize : 1225
Solving...
Blb : 2 (clique : 13)
currentSize : 13 <-- 0.032326 s
currentSize : 14 <-- 0.034574 s
currentSize : 15 <-- 0.078153 s
currentSize : 16 <-- 0.081155 s
currentSize : 17 <-- 0.629131 s
currentSize : 18 <-- 12.406815 s
currentSize : 19 <-- 101.030533 s

maxsize : 19
nodes : 173719542.000000
filtered : 5332678728.000000
time : 1501.993042
