Parameters: GAD=1 vflib=1 dir=0 label=0 lowerbound=1 fileNameGp=../graphsdb/mcs30/bvg/b09/mcs30_b09_s35.A31 fileNameGt=../graphsdb/mcs30/bvg/b09/mcs30_b09_s35.B31
Reading graphs...
35 :  148
35 :  153
Initializing...
maxdom : 35
D->valSize : 1225
Solving...
Blb : 2 (clique : 15)
currentSize : 15 <-- 0.018429 s
currentSize : 16 <-- 0.019026 s
currentSize : 17 <-- 2.679975 s
currentSize : 18 <-- 2.680704 s
currentSize : 19 <-- 2.722310 s
currentSize : 20 <-- 153.494370 s

maxsize : 20
nodes : 150775962.000000
filtered : 5082991333.000000
time : 1469.466919
