Parameters: GAD=1 vflib=1 dir=0 label=0 lowerbound=1 fileNameGp=../graphsdb/mcs30/m3D/m3Dr4/mcs30_m3Dr4_s30.A77 fileNameGt=../graphsdb/mcs30/m3D/m3Dr4/mcs30_m3Dr4_s30.B77
Reading graphs...
30 :  71
30 :  72
Initializing...
maxdom : 30
D->valSize : 900
Solving...
Blb : 2 (clique : 13)
currentSize : 13 <-- 0.018919 s
currentSize : 14 <-- 0.019087 s
currentSize : 15 <-- 0.019411 s
currentSize : 16 <-- 0.019684 s
currentSize : 17 <-- 0.030823 s
currentSize : 18 <-- 0.067946 s
currentSize : 19 <-- 1.603618 s
currentSize : 20 <-- 81.038315 s

maxsize : 20
nodes : 16076504.000000
filtered : 546423915.000000
time : 253.290176
