Parameters: GAD=1 vflib=1 dir=0 label=0 lowerbound=1 fileNameGp=../graphsdb/mcs30/rand/r02/mcs30_r02_s35.A77 fileNameGt=../graphsdb/mcs30/rand/r02/mcs30_r02_s35.B77
Reading graphs...
35 :  216
35 :  217
Initializing...
maxdom : 35
D->valSize : 1225
Solving...
Blb : 3 (clique : 10)
currentSize : 10 <-- 0.017814 s
currentSize : 12 <-- 0.017940 s
currentSize : 13 <-- 0.021500 s
currentSize : 14 <-- 0.406965 s
currentSize : 15 <-- 6.078115 s
currentSize : 16 <-- 2515.951660 s

TIMEOUT
maxsize : 16
nodes : 826809019.000000
filtered : 12060552164.000000
time : 3600.000000
