Parameters: GAD=1 vflib=1 dir=0 label=0 lowerbound=1 fileNameGp=../graphsdb/mcs30/bvg/b06/mcs30_b06_s25.A20 fileNameGt=../graphsdb/mcs30/bvg/b06/mcs30_b06_s25.B20
Reading graphs...
25 :  72
25 :  68
Initializing...
maxdom : 25
D->valSize : 625
Solving...
Blb : 2 (clique : 12)
currentSize : 12 <-- 0.008588 s
currentSize : 13 <-- 0.008948 s
currentSize : 14 <-- 0.031490 s
currentSize : 15 <-- 0.046527 s
currentSize : 16 <-- 0.111975 s

maxsize : 16
nodes : 488207.000000
filtered : 19333943.000000
time : 6.634676
