Parameters: GAD=1 vflib=1 dir=0 label=0 lowerbound=1 fileNameGp=../graphsdb/mcs30/m2D/m2Dr2/mcs30_m2Dr2_s30.A70 fileNameGt=../graphsdb/mcs30/m2D/m2Dr2/mcs30_m2Dr2_s30.B70
Reading graphs...
30 :  54
30 :  54
Initializing...
maxdom : 30
D->valSize : 900
Solving...
Blb : 2 (clique : 17)
currentSize : 17 <-- 0.011031 s
currentSize : 18 <-- 0.011163 s
currentSize : 19 <-- 0.012410 s
currentSize : 20 <-- 0.123122 s
currentSize : 21 <-- 2.024065 s
currentSize : 22 <-- 41.536156 s

maxsize : 22
nodes : 7526425.000000
filtered : 410367522.000000
time : 299.983246
