Parameters: GAD=1 vflib=1 dir=0 label=0 lowerbound=1 fileNameGp=../graphsdb/mcs30/bvg/b03/mcs30_b03_s35.A24 fileNameGt=../graphsdb/mcs30/bvg/b03/mcs30_b03_s35.B24
Reading graphs...
35 :  51
35 :  52
Initializing...
maxdom : 35
D->valSize : 1225
Solving...
Blb : 5 (clique : 20)
currentSize : 20 <-- 0.025485 s
currentSize : 21 <-- 0.025753 s
currentSize : 22 <-- 0.036567 s
currentSize : 23 <-- 0.050850 s
currentSize : 24 <-- 0.051050 s
currentSize : 25 <-- 0.121131 s
currentSize : 26 <-- 0.200492 s

TIMEOUT
maxsize : 26
nodes : 37209034.000000
filtered : 2829684396.000000
time : 3600.000488
