Parameters: GAD=1 vflib=1 dir=0 label=0 lowerbound=1 fileNameGp=../graphsdb/mcs30/bvg/b03m/mcs30_b03m_s30.A66 fileNameGt=../graphsdb/mcs30/bvg/b03m/mcs30_b03m_s30.B66
Reading graphs...
30 :  45
30 :  44
Initializing...
maxdom : 30
D->valSize : 900
Solving...
Blb : 2 (clique : 18)
currentSize : 18 <-- 0.011413 s
currentSize : 20 <-- 0.032289 s
currentSize : 21 <-- 0.032305 s
currentSize : 22 <-- 0.472503 s
currentSize : 23 <-- 1.095392 s

maxsize : 23
nodes : 15889269.000000
filtered : 1186331859.000000
time : 701.556030
