Parameters: GAD=1 vflib=1 dir=0 label=0 lowerbound=1 fileNameGp=../graphsdb/mcs30/bvg/b09m/mcs30_b09m_s35.A06 fileNameGt=../graphsdb/mcs30/bvg/b09m/mcs30_b09m_s35.B06
Reading graphs...
35 :  142
35 :  148
Initializing...
maxdom : 35
D->valSize : 1225
Solving...
Blb : 2 (clique : 13)
currentSize : 13 <-- 0.032552 s
currentSize : 14 <-- 0.032759 s
currentSize : 15 <-- 0.033098 s
currentSize : 16 <-- 0.084248 s
currentSize : 17 <-- 0.837011 s
currentSize : 18 <-- 5.076064 s

TIMEOUT
maxsize : 18
nodes : 438812930.000000
filtered : 12771530802.000000
time : 3600.000000
