Parameters: GAD=1 vflib=1 dir=0 label=0 lowerbound=1 fileNameGp=../graphsdb/mcs30/bvg/b09/mcs30_b09_s35.A11 fileNameGt=../graphsdb/mcs30/bvg/b09/mcs30_b09_s35.B11
Reading graphs...
35 :  151
35 :  152
Initializing...
maxdom : 35
D->valSize : 1225
Solving...
Blb : 2 (clique : 13)
currentSize : 13 <-- 0.023551 s
currentSize : 14 <-- 0.023814 s
currentSize : 15 <-- 0.025348 s
currentSize : 16 <-- 0.031212 s
currentSize : 18 <-- 3.018972 s
currentSize : 19 <-- 3.418779 s
currentSize : 20 <-- 315.343567 s

maxsize : 20
nodes : 153415218.000000
filtered : 4767890686.000000
time : 1652.168823
