Parameters: GAD=1 vflib=1 dir=0 label=0 lowerbound=1 fileNameGp=../graphsdb/mcs30/rand/r01/mcs30_r01_s25.A91 fileNameGt=../graphsdb/mcs30/rand/r01/mcs30_r01_s25.B91
Reading graphs...
25 :  62
25 :  58
Initializing...
maxdom : 25
D->valSize : 625
Solving...
Blb : 2 (clique : 12)
currentSize : 12 <-- 0.005134 s
currentSize : 13 <-- 0.005242 s
currentSize : 14 <-- 0.007641 s
currentSize : 15 <-- 0.024894 s
currentSize : 16 <-- 0.048303 s

maxsize : 16
nodes : 2412955.000000
filtered : 67524175.000000
time : 25.184481
