Parameters: GAD=1 vflib=1 dir=0 label=0 lowerbound=1 fileNameGp=../graphsdb/mcs30/bvg/b03m/mcs30_b03m_s35.A51 fileNameGt=../graphsdb/mcs30/bvg/b03m/mcs30_b03m_s35.B51
Reading graphs...
35 :  52
35 :  52
Initializing...
maxdom : 35
D->valSize : 1225
Solving...
Blb : 2 (clique : 20)
currentSize : 20 <-- 0.037987 s
currentSize : 21 <-- 0.038323 s
currentSize : 22 <-- 0.039396 s
currentSize : 23 <-- 0.040121 s
currentSize : 24 <-- 0.045219 s
currentSize : 25 <-- 0.104160 s
currentSize : 26 <-- 0.323380 s
currentSize : 27 <-- 173.466400 s

maxsize : 27
nodes : 9471444.000000
filtered : 812473404.000000
time : 1103.198608
