Parameters: GAD=1 vflib=1 dir=0 label=0 lowerbound=1 fileNameGp=../graphsdb/mcs30/m3D/m3Dr2/mcs30_m3Dr2_s25.A67 fileNameGt=../graphsdb/mcs30/m3D/m3Dr2/mcs30_m3Dr2_s25.B67
Reading graphs...
25 :  52
25 :  54
Initializing...
maxdom : 25
D->valSize : 625
Solving...
Blb : 5 (clique : 13)
currentSize : 13 <-- 0.005200 s
currentSize : 14 <-- 0.005308 s
currentSize : 15 <-- 0.005387 s
currentSize : 16 <-- 0.028064 s
currentSize : 17 <-- 0.466808 s

maxsize : 17
nodes : 704298.000000
filtered : 22724890.000000
time : 10.945955
