Parameters: GAD=1 vflib=1 dir=0 label=0 lowerbound=1 fileNameGp=../graphsdb/mcs30/rand/r01/mcs30_r01_s35.A74 fileNameGt=../graphsdb/mcs30/rand/r01/mcs30_r01_s35.B74
Reading graphs...
35 :  111
35 :  114
Initializing...
maxdom : 35
D->valSize : 1225
Solving...
Blb : 2 (clique : 15)
currentSize : 15 <-- 0.024317 s
currentSize : 16 <-- 0.024563 s
currentSize : 17 <-- 0.039875 s
currentSize : 18 <-- 0.078337 s
currentSize : 19 <-- 0.230909 s
currentSize : 20 <-- 20.379868 s

TIMEOUT
maxsize : 20
nodes : 324281652.000000
filtered : 9763203523.000000
time : 3600.000000
