Parameters: GAD=1 vflib=1 dir=0 label=0 lowerbound=1 fileNameGp=../graphsdb/mcs30/m2D/m2Dr4/mcs30_m2Dr4_s30.A04 fileNameGt=../graphsdb/mcs30/m2D/m2Dr4/mcs30_m2Dr4_s30.B04
Reading graphs...
30 :  61
30 :  60
Initializing...
maxdom : 30
D->valSize : 900
Solving...
Blb : 5 (clique : 17)
currentSize : 17 <-- 0.011116 s
currentSize : 18 <-- 0.013169 s
currentSize : 19 <-- 0.105771 s
currentSize : 20 <-- 0.183903 s
currentSize : 21 <-- 3.673187 s

maxsize : 21
nodes : 5344300.000000
filtered : 272092712.000000
time : 153.916183
