Parameters: GAD=1 vflib=1 dir=0 label=0 lowerbound=1 fileNameGp=../graphsdb/mcs30/rand/r02/mcs30_r02_s25.A31 fileNameGt=../graphsdb/mcs30/rand/r02/mcs30_r02_s25.B31
Reading graphs...
25 :  110
25 :  107
Initializing...
maxdom : 25
D->valSize : 625
Solving...
Blb : 3 (clique : 9)
currentSize : 9 <-- 0.007937 s
currentSize : 10 <-- 0.008346 s
currentSize : 11 <-- 0.009467 s
currentSize : 12 <-- 0.011935 s
currentSize : 13 <-- 0.113552 s

maxsize : 13
nodes : 5139028.000000
filtered : 70864620.000000
time : 21.716440
