Parameters: GAD=1 vflib=1 dir=0 label=0 lowerbound=1 fileNameGp=../graphsdb/mcs30/bvg/b03/mcs30_b03_s30.A35 fileNameGt=../graphsdb/mcs30/bvg/b03/mcs30_b03_s30.B35
Reading graphs...
30 :  45
30 :  45
Initializing...
maxdom : 30
D->valSize : 900
Solving...
Blb : 3 (clique : 18)
currentSize : 18 <-- 0.011400 s
currentSize : 20 <-- 0.011542 s
currentSize : 21 <-- 0.011707 s
currentSize : 22 <-- 0.036248 s
currentSize : 23 <-- 0.501652 s
currentSize : 24 <-- 0.509372 s

maxsize : 24
nodes : 605252.000000
filtered : 42602361.000000
time : 49.340759
