Parameters: GAD=1 vflib=1 dir=0 label=0 lowerbound=1 fileNameGp=../graphsdb/mcs30/bvg/b06/mcs30_b06_s35.A23 fileNameGt=../graphsdb/mcs30/bvg/b06/mcs30_b06_s35.B23
Reading graphs...
35 :  104
35 :  101
Initializing...
maxdom : 35
D->valSize : 1225
Solving...
Blb : 2 (clique : 15)
currentSize : 15 <-- 0.024707 s
currentSize : 16 <-- 0.025139 s
currentSize : 17 <-- 0.026746 s
currentSize : 18 <-- 0.034399 s
currentSize : 19 <-- 0.039552 s
currentSize : 20 <-- 3.202844 s
currentSize : 21 <-- 38.088711 s

TIMEOUT
maxsize : 21
nodes : 257612845.000000
filtered : 9725288925.000000
time : 3600.000000
