Parameters: GAD=1 vflib=1 dir=0 label=0 lowerbound=1 fileNameGp=../graphsdb/mcs30/rand/r02/mcs30_r02_s35.A59 fileNameGt=../graphsdb/mcs30/rand/r02/mcs30_r02_s35.B59
Reading graphs...
35 :  211
35 :  213
Initializing...
maxdom : 35
D->valSize : 1225
Solving...
Blb : 3 (clique : 11)
currentSize : 11 <-- 0.017432 s
currentSize : 12 <-- 0.017641 s
currentSize : 13 <-- 0.043281 s
currentSize : 14 <-- 0.105484 s
currentSize : 15 <-- 3.720133 s
currentSize : 16 <-- 450.965485 s

maxsize : 16
nodes : 621230663.000000
filtered : 10639123793.000000
time : 2938.392578
