Parameters: GAD=1 vflib=1 dir=0 label=0 lowerbound=1 fileNameGp=../graphsdb/mcs30/bvg/b03/mcs30_b03_s35.A69 fileNameGt=../graphsdb/mcs30/bvg/b03/mcs30_b03_s35.B69
Reading graphs...
35 :  52
35 :  52
Initializing...
maxdom : 35
D->valSize : 1225
Solving...
Blb : 2 (clique : 21)
currentSize : 21 <-- 0.037095 s
currentSize : 22 <-- 0.037375 s
currentSize : 23 <-- 0.037434 s
currentSize : 24 <-- 0.038300 s
currentSize : 25 <-- 0.161431 s
currentSize : 26 <-- 0.175285 s
currentSize : 27 <-- 0.302476 s

TIMEOUT
maxsize : 27
nodes : 22864174.000000
filtered : 1953893873.000000
time : 3600.000000
