Parameters: GAD=1 vflib=1 dir=0 label=0 lowerbound=1 fileNameGp=../graphsdb/mcs30/m2D/m2Dr4/mcs30_m2Dr4_s30.A67 fileNameGt=../graphsdb/mcs30/m2D/m2Dr4/mcs30_m2Dr4_s30.B67
Reading graphs...
30 :  59
30 :  59
Initializing...
maxdom : 30
D->valSize : 900
Solving...
Blb : 2 (clique : 17)
currentSize : 17 <-- 0.019666 s
currentSize : 18 <-- 0.020083 s
currentSize : 19 <-- 0.023131 s
currentSize : 20 <-- 0.458772 s
currentSize : 21 <-- 3.885711 s

maxsize : 21
nodes : 10634159.000000
filtered : 555788452.000000
time : 332.531067
