Parameters: GAD=1 vflib=1 dir=0 label=0 lowerbound=1 fileNameGp=../graphsdb/mcs30/bvg/b03/mcs30_b03_s35.A18 fileNameGt=../graphsdb/mcs30/bvg/b03/mcs30_b03_s35.B18
Reading graphs...
35 :  52
35 :  51
Initializing...
maxdom : 35
D->valSize : 1225
Solving...
Blb : 5 (clique : 20)
currentSize : 20 <-- 0.036470 s
currentSize : 21 <-- 0.037051 s
currentSize : 22 <-- 0.038012 s
currentSize : 23 <-- 0.040984 s
currentSize : 24 <-- 0.055300 s
currentSize : 25 <-- 0.059026 s
currentSize : 26 <-- 0.711260 s
currentSize : 27 <-- 169.187881 s

TIMEOUT
maxsize : 27
nodes : 30956480.000000
filtered : 2392387818.000000
time : 3600.000488
