Parameters: GAD=1 vflib=1 dir=0 label=0 lowerbound=1 fileNameGp=../graphsdb/mcs30/bvg/b03m/mcs30_b03m_s25.A59 fileNameGt=../graphsdb/mcs30/bvg/b03m/mcs30_b03m_s25.B59
Reading graphs...
25 :  37
25 :  36
Initializing...
maxdom : 25
D->valSize : 625
Solving...
Blb : 2 (clique : 14)
currentSize : 14 <-- 0.005706 s
currentSize : 16 <-- 0.005790 s
currentSize : 17 <-- 0.012202 s
currentSize : 18 <-- 0.018840 s
currentSize : 19 <-- 0.036621 s
currentSize : 20 <-- 1.052927 s

maxsize : 20
nodes : 74091.000000
filtered : 2836430.000000
time : 2.219740
