Parameters: GAD=1 vflib=1 dir=0 label=0 lowerbound=1 fileNameGp=../graphsdb/mcs30/rand/r01/mcs30_r01_s25.A40 fileNameGt=../graphsdb/mcs30/rand/r01/mcs30_r01_s25.B40
Reading graphs...
25 :  62
25 :  62
Initializing...
maxdom : 25
D->valSize : 625
Solving...
Blb : 2 (clique : 12)
currentSize : 12 <-- 0.008830 s
currentSize : 13 <-- 0.009182 s
currentSize : 14 <-- 0.010604 s
currentSize : 15 <-- 0.012122 s
currentSize : 16 <-- 0.285498 s

maxsize : 16
nodes : 1968711.000000
filtered : 55829429.000000
time : 19.016523
