Parameters: GAD=1 vflib=1 dir=0 label=0 lowerbound=1 fileNameGp=../graphsdb/mcs30/m3D/m3Dr4/mcs30_m3Dr4_s25.A74 fileNameGt=../graphsdb/mcs30/m3D/m3Dr4/mcs30_m3Dr4_s25.B74
Reading graphs...
25 :  56
25 :  58
Initializing...
maxdom : 25
D->valSize : 625
Solving...
Blb : 3 (clique : 12)
currentSize : 12 <-- 0.008888 s
currentSize : 13 <-- 0.009009 s
currentSize : 14 <-- 0.009080 s
currentSize : 15 <-- 0.045478 s
currentSize : 16 <-- 0.210848 s
currentSize : 17 <-- 5.927093 s

maxsize : 17
nodes : 1047917.000000
filtered : 32490841.000000
time : 11.170343
