Parameters: GAD=1 vflib=1 dir=0 label=0 lowerbound=1 fileNameGp=../graphsdb/mcs30/bvg/b06m/mcs30_b06m_s35.A20 fileNameGt=../graphsdb/mcs30/bvg/b06m/mcs30_b06m_s35.B20
Reading graphs...
35 :  100
35 :  102
Initializing...
maxdom : 35
D->valSize : 1225
Solving...
Blb : 2 (clique : 16)
currentSize : 16 <-- 0.020193 s
currentSize : 17 <-- 0.025158 s
currentSize : 18 <-- 0.040575 s
currentSize : 19 <-- 0.142613 s
currentSize : 20 <-- 0.446266 s
currentSize : 21 <-- 15.559477 s

TIMEOUT
maxsize : 21
nodes : 165446895.000000
filtered : 7120702839.000000
time : 3600.000244
