Parameters: GAD=1 vflib=1 dir=0 label=0 lowerbound=1 fileNameGp=../graphsdb/mcs30/rand/r005/mcs30_r005_s35.A17 fileNameGt=../graphsdb/mcs30/rand/r005/mcs30_r005_s35.B17
Reading graphs...
35 :  62
35 :  64
Initializing...
maxdom : 35
D->valSize : 1225
Solving...
Blb : 5 (clique : 20)
currentSize : 20 <-- 0.025159 s
currentSize : 21 <-- 0.025354 s
currentSize : 22 <-- 0.025608 s
currentSize : 23 <-- 0.032860 s
currentSize : 24 <-- 0.033745 s
currentSize : 25 <-- 16.595173 s

TIMEOUT
maxsize : 25
nodes : 60088167.000000
filtered : 3764912252.000000
time : 3600.000000
