Parameters: GAD=1 vflib=1 dir=0 label=0 lowerbound=1 fileNameGp=../graphsdb/mcs30/bvg/b06/mcs30_b06_s25.A13 fileNameGt=../graphsdb/mcs30/bvg/b06/mcs30_b06_s25.B13
Reading graphs...
25 :  73
25 :  73
Initializing...
maxdom : 25
D->valSize : 625
Solving...
Blb : 2 (clique : 12)
currentSize : 12 <-- 0.008553 s
currentSize : 13 <-- 0.008966 s
currentSize : 14 <-- 0.009844 s
currentSize : 15 <-- 0.092317 s
currentSize : 16 <-- 1.140776 s

maxsize : 16
nodes : 903220.000000
filtered : 36004698.000000
time : 11.151687
