Parameters: GAD=1 vflib=1 dir=0 label=0 lowerbound=1 fileNameGp=../graphsdb/mcs30/m3D/m3Dr4/mcs30_m3Dr4_s25.A48 fileNameGt=../graphsdb/mcs30/m3D/m3Dr4/mcs30_m3Dr4_s25.B48
Reading graphs...
25 :  56
25 :  56
Initializing...
maxdom : 25
D->valSize : 625
Solving...
Blb : 2 (clique : 13)
currentSize : 13 <-- 0.009047 s
currentSize : 14 <-- 0.009186 s
currentSize : 15 <-- 0.009447 s
currentSize : 16 <-- 0.012485 s
currentSize : 17 <-- 1.711981 s

maxsize : 17
nodes : 434477.000000
filtered : 15155516.000000
time : 7.595024
