Parameters: GAD=1 vflib=1 dir=0 label=0 lowerbound=1 fileNameGp=../graphsdb/mcs30/m3D/m3Dr4/mcs30_m3Dr4_s25.A64 fileNameGt=../graphsdb/mcs30/m3D/m3Dr4/mcs30_m3Dr4_s25.B64
Reading graphs...
25 :  58
25 :  56
Initializing...
maxdom : 25
D->valSize : 625
Solving...
Blb : 2 (clique : 12)
currentSize : 12 <-- 0.008983 s
currentSize : 13 <-- 0.009152 s
currentSize : 14 <-- 0.011613 s
currentSize : 15 <-- 0.094143 s
currentSize : 16 <-- 0.207057 s

maxsize : 16
nodes : 2446277.000000
filtered : 84519059.000000
time : 27.671698
