Parameters: GAD=1 vflib=1 dir=0 label=0 lowerbound=1 fileNameGp=../graphsdb/mcs30/rand/r02/mcs30_r02_s30.A05 fileNameGt=../graphsdb/mcs30/rand/r02/mcs30_r02_s30.B05
Reading graphs...
30 :  152
30 :  148
Initializing...
maxdom : 30
D->valSize : 900
Solving...
Blb : 2 (clique : 10)
currentSize : 10 <-- 0.016723 s
currentSize : 11 <-- 0.016950 s
currentSize : 12 <-- 0.017814 s
currentSize : 13 <-- 0.060528 s
currentSize : 14 <-- 0.203174 s

maxsize : 14
nodes : 169301509.000000
filtered : 2264088961.000000
time : 699.452820
