Parameters: GAD=1 vflib=1 dir=0 label=0 lowerbound=1 fileNameGp=../graphsdb/mcs30/rand/r005/mcs30_r005_s30.A76 fileNameGt=../graphsdb/mcs30/rand/r005/mcs30_r005_s30.B76
Reading graphs...
30 :  47
30 :  48
Initializing...
maxdom : 30
D->valSize : 900
Solving...
Blb : 2 (clique : 17)
currentSize : 17 <-- 0.011393 s
currentSize : 18 <-- 0.011524 s
currentSize : 19 <-- 0.011540 s
currentSize : 20 <-- 0.011586 s
currentSize : 21 <-- 0.011712 s
currentSize : 22 <-- 0.137607 s

maxsize : 22
nodes : 20276439.000000
filtered : 1108929412.000000
time : 1001.235718
