Parameters: GAD=1 vflib=1 dir=0 label=0 lowerbound=1 fileNameGp=../graphsdb/mcs30/m2D/m2D/mcs30_m2D_s30.A20 fileNameGt=../graphsdb/mcs30/m2D/m2D/mcs30_m2D_s30.B20
Reading graphs...
30 :  49
30 :  49
Initializing...
maxdom : 30
D->valSize : 900
Solving...
Blb : 2 (clique : 19)
currentSize : 19 <-- 0.011373 s
currentSize : 20 <-- 0.018079 s
currentSize : 21 <-- 9.802475 s
currentSize : 22 <-- 11.101149 s
currentSize : 23 <-- 11.252627 s

maxsize : 23
nodes : 10723866.000000
filtered : 777937936.000000
time : 633.487976
