Parameters: GAD=1 vflib=1 dir=0 label=0 lowerbound=1 fileNameGp=../graphsdb/mcs30/m2D/m2Dr2/mcs30_m2Dr2_s30.A30 fileNameGt=../graphsdb/mcs30/m2D/m2Dr2/mcs30_m2Dr2_s30.B30
Reading graphs...
30 :  54
30 :  52
Initializing...
maxdom : 30
D->valSize : 900
Solving...
Blb : 2 (clique : 16)
currentSize : 16 <-- 0.011248 s
currentSize : 17 <-- 0.011376 s
currentSize : 18 <-- 0.011501 s
currentSize : 19 <-- 0.012012 s
currentSize : 20 <-- 0.019723 s
currentSize : 21 <-- 0.140793 s
currentSize : 22 <-- 18.296141 s

maxsize : 22
nodes : 7256644.000000
filtered : 406541834.000000
time : 232.166809
