Parameters: GAD=1 vflib=1 dir=0 label=0 lowerbound=1 fileNameGp=../graphsdb/mcs30/bvg/b06/mcs30_b06_s30.A25 fileNameGt=../graphsdb/mcs30/bvg/b06/mcs30_b06_s30.B25
Reading graphs...
30 :  87
30 :  88
Initializing...
maxdom : 30
D->valSize : 900
Solving...
Blb : 2 (clique : 14)
currentSize : 14 <-- 0.015859 s
currentSize : 15 <-- 0.015987 s
currentSize : 16 <-- 0.016663 s
currentSize : 17 <-- 0.026080 s
currentSize : 18 <-- 0.264789 s

maxsize : 18
nodes : 26747894.000000
filtered : 1021738264.000000
time : 375.655273
