Parameters: GAD=1 vflib=1 dir=0 label=0 lowerbound=1 fileNameGp=../graphsdb/mcs30/bvg/b06m/mcs30_b06m_s30.A12 fileNameGt=../graphsdb/mcs30/bvg/b06m/mcs30_b06m_s30.B12
Reading graphs...
30 :  85
30 :  85
Initializing...
maxdom : 30
D->valSize : 900
Solving...
Blb : 2 (clique : 13)
currentSize : 13 <-- 0.010516 s
currentSize : 15 <-- 0.010643 s
currentSize : 16 <-- 0.017675 s
currentSize : 17 <-- 0.094105 s
currentSize : 18 <-- 1.570730 s

maxsize : 18
nodes : 42969364.000000
filtered : 1457983364.000000
time : 528.817932
