Parameters: GAD=1 vflib=1 dir=0 label=0 lowerbound=1 fileNameGp=../graphsdb/mcs30/bvg/b09m/mcs30_b09m_s35.A58 fileNameGt=../graphsdb/mcs30/bvg/b09m/mcs30_b09m_s35.B58
Reading graphs...
35 :  142
35 :  145
Initializing...
maxdom : 35
D->valSize : 1225
Solving...
Blb : 2 (clique : 13)
currentSize : 13 <-- 0.018763 s
currentSize : 14 <-- 0.019055 s
currentSize : 15 <-- 0.019129 s
currentSize : 16 <-- 0.019727 s
currentSize : 17 <-- 0.022265 s
currentSize : 18 <-- 28.953993 s
currentSize : 19 <-- 346.706909 s

maxsize : 19
nodes : 281503903.000000
filtered : 9451067460.000000
time : 2832.579590
