Parameters: GAD=1 vflib=1 dir=0 label=0 lowerbound=1 fileNameGp=../graphsdb/mcs30/bvg/b06/mcs30_b06_s25.A09 fileNameGt=../graphsdb/mcs30/bvg/b06/mcs30_b06_s25.B09
Reading graphs...
25 :  72
25 :  72
Initializing...
maxdom : 25
D->valSize : 625
Solving...
Blb : 2 (clique : 13)
currentSize : 13 <-- 0.008516 s
currentSize : 14 <-- 0.055172 s
currentSize : 15 <-- 0.179348 s
currentSize : 16 <-- 0.382842 s
currentSize : 17 <-- 1.122528 s

maxsize : 17
nodes : 355153.000000
filtered : 11991087.000000
time : 3.789599
