Parameters: GAD=1 vflib=1 dir=0 label=0 lowerbound=1 fileNameGp=../graphsdb/mcs30/bvg/b06m/mcs30_b06m_s30.A65 fileNameGt=../graphsdb/mcs30/bvg/b06m/mcs30_b06m_s30.B65
Reading graphs...
30 :  86
30 :  82
Initializing...
maxdom : 30
D->valSize : 900
Solving...
Blb : 2 (clique : 14)
currentSize : 14 <-- 0.016551 s
currentSize : 16 <-- 0.016669 s
currentSize : 17 <-- 0.022141 s
currentSize : 18 <-- 0.455267 s
currentSize : 19 <-- 158.914978 s

maxsize : 19
nodes : 18305758.000000
filtered : 652275900.000000
time : 267.569580
