Parameters: GAD=1 vflib=1 dir=0 label=0 lowerbound=1 fileNameGp=../graphsdb/mcs30/bvg/b06m/mcs30_b06m_s30.A36 fileNameGt=../graphsdb/mcs30/bvg/b06m/mcs30_b06m_s30.B36
Reading graphs...
30 :  86
30 :  84
Initializing...
maxdom : 30
D->valSize : 900
Solving...
Blb : 2 (clique : 13)
currentSize : 13 <-- 0.010406 s
currentSize : 14 <-- 0.010521 s
currentSize : 15 <-- 0.010619 s
currentSize : 16 <-- 0.011401 s
currentSize : 18 <-- 0.011611 s

maxsize : 18
nodes : 43504457.000000
filtered : 1440959789.000000
time : 587.406555
