Parameters: GAD=1 vflib=1 dir=0 label=0 lowerbound=1 fileNameGp=../graphsdb/mcs30/m2D/m2D/mcs30_m2D_s30.A15 fileNameGt=../graphsdb/mcs30/m2D/m2D/mcs30_m2D_s30.B15
Reading graphs...
30 :  49
30 :  48
Initializing...
maxdom : 30
D->valSize : 900
Solving...
Blb : 2 (clique : 18)
currentSize : 18 <-- 0.020024 s
currentSize : 20 <-- 0.021061 s
currentSize : 21 <-- 0.035556 s
currentSize : 22 <-- 1.105928 s
currentSize : 23 <-- 149.528442 s

maxsize : 23
nodes : 5157323.000000
filtered : 290360743.000000
time : 274.424988
