Parameters: GAD=1 vflib=1 dir=0 label=0 lowerbound=1 fileNameGp=../graphsdb/mcs30/bvg/b03/mcs30_b03_s35.A84 fileNameGt=../graphsdb/mcs30/bvg/b03/mcs30_b03_s35.B84
Reading graphs...
35 :  51
35 :  51
Initializing...
maxdom : 35
D->valSize : 1225
Solving...
Blb : 2 (clique : 23)
currentSize : 23 <-- 0.021194 s
currentSize : 24 <-- 0.022110 s
currentSize : 25 <-- 0.047939 s
currentSize : 26 <-- 0.151531 s
currentSize : 27 <-- 5.701497 s
currentSize : 28 <-- 341.799500 s

maxsize : 28
nodes : 7090632.000000
filtered : 811657203.000000
time : 1046.239258
