Parameters: GAD=1 vflib=1 dir=0 label=0 lowerbound=1 fileNameGp=../graphsdb/mcs30/bvg/b06m/mcs30_b06m_s35.A01 fileNameGt=../graphsdb/mcs30/bvg/b06m/mcs30_b06m_s35.B01
Reading graphs...
35 :  101
35 :  100
Initializing...
maxdom : 35
D->valSize : 1225
Solving...
Blb : 2 (clique : 16)
currentSize : 16 <-- 0.024863 s
currentSize : 17 <-- 0.027677 s
currentSize : 18 <-- 0.032310 s
currentSize : 19 <-- 0.109162 s
currentSize : 20 <-- 36.315941 s
currentSize : 21 <-- 2695.757812 s

TIMEOUT
maxsize : 21
nodes : 181733670.000000
filtered : 6479392139.000000
time : 3600.000000
