Parameters: GAD=1 vflib=1 dir=0 label=0 lowerbound=1 fileNameGp=../graphsdb/mcs30/bvg/b03m/mcs30_b03m_s30.A42 fileNameGt=../graphsdb/mcs30/bvg/b03m/mcs30_b03m_s30.B42
Reading graphs...
30 :  45
30 :  45
Initializing...
maxdom : 30
D->valSize : 900
Solving...
Blb : 2 (clique : 18)
currentSize : 18 <-- 0.019714 s
currentSize : 19 <-- 0.019945 s
currentSize : 20 <-- 0.020132 s
currentSize : 21 <-- 0.051984 s
currentSize : 22 <-- 1.046300 s
currentSize : 23 <-- 9.291451 s

maxsize : 23
nodes : 3883641.000000
filtered : 247300534.000000
time : 241.872818
