Parameters: GAD=1 vflib=1 dir=0 label=0 lowerbound=1 fileNameGp=../graphsdb/mcs30/rand/r005/mcs30_r005_s35.A22 fileNameGt=../graphsdb/mcs30/rand/r005/mcs30_r005_s35.B22
Reading graphs...
35 :  64
35 :  64
Initializing...
maxdom : 35
D->valSize : 1225
Solving...
Blb : 2 (clique : 20)
currentSize : 20 <-- 0.036755 s
currentSize : 21 <-- 0.038419 s
currentSize : 22 <-- 0.038817 s
currentSize : 23 <-- 0.048841 s
currentSize : 24 <-- 36.026562 s
currentSize : 25 <-- 204.995346 s

TIMEOUT
maxsize : 25
nodes : 96455721.000000
filtered : 7248941743.000000
time : 3600.000000
