Parameters: GAD=1 vflib=1 dir=0 label=0 lowerbound=1 fileNameGp=../graphsdb/mcs30/rand/r005/mcs30_r005_s25.A58 fileNameGt=../graphsdb/mcs30/rand/r005/mcs30_r005_s25.B58
Reading graphs...
25 :  34
25 :  33
Initializing...
maxdom : 25
D->valSize : 625
Solving...
Blb : 2 (clique : 16)
currentSize : 16 <-- 0.005480 s
currentSize : 17 <-- 0.005614 s
currentSize : 18 <-- 0.005712 s
currentSize : 19 <-- 0.006278 s
currentSize : 20 <-- 0.647680 s

maxsize : 20
nodes : 53457.000000
filtered : 3027744.000000
time : 1.927044
