Parameters: GAD=1 vflib=1 dir=0 label=0 lowerbound=1 fileNameGp=../graphsdb/mcs30/bvg/b03m/mcs30_b03m_s35.A59 fileNameGt=../graphsdb/mcs30/bvg/b03m/mcs30_b03m_s35.B59
Reading graphs...
35 :  52
35 :  52
Initializing...
maxdom : 35
D->valSize : 1225
Solving...
Blb : 2 (clique : 22)
currentSize : 22 <-- 0.037044 s
currentSize : 23 <-- 0.037894 s
currentSize : 24 <-- 0.095749 s
currentSize : 25 <-- 0.144849 s
currentSize : 26 <-- 0.264256 s
currentSize : 27 <-- 4.400034 s

maxsize : 27
nodes : 33024526.000000
filtered : 2387579626.000000
time : 3019.675049
