Parameters: GAD=1 vflib=1 dir=0 label=0 lowerbound=1 fileNameGp=../graphsdb/mcs30/bvg/b03m/mcs30_b03m_s35.A50 fileNameGt=../graphsdb/mcs30/bvg/b03m/mcs30_b03m_s35.B50
Reading graphs...
35 :  51
35 :  51
Initializing...
maxdom : 35
D->valSize : 1225
Solving...
Blb : 2 (clique : 21)
currentSize : 21 <-- 0.027115 s
currentSize : 22 <-- 0.027332 s
currentSize : 23 <-- 0.035924 s
currentSize : 24 <-- 0.036665 s
currentSize : 25 <-- 0.044111 s
currentSize : 26 <-- 0.068420 s
currentSize : 27 <-- 172.678131 s

TIMEOUT
maxsize : 27
nodes : 39337470.000000
filtered : 3355542175.000000
time : 3600.000000
