Parameters: GAD=1 vflib=1 dir=0 label=0 lowerbound=1 fileNameGp=../graphsdb/mcs30/bvg/b06/mcs30_b06_s30.A59 fileNameGt=../graphsdb/mcs30/bvg/b06/mcs30_b06_s30.B59
Reading graphs...
30 :  86
30 :  88
Initializing...
maxdom : 30
D->valSize : 900
Solving...
Blb : 2 (clique : 14)
currentSize : 14 <-- 0.018114 s
currentSize : 15 <-- 0.019059 s
currentSize : 16 <-- 0.023023 s
currentSize : 17 <-- 0.093821 s
currentSize : 18 <-- 0.901769 s

maxsize : 18
nodes : 21153962.000000
filtered : 754644108.000000
time : 327.651550
