Parameters: GAD=1 vflib=1 dir=0 label=0 lowerbound=1 fileNameGp=../graphsdb/mcs30/bvg/b03m/mcs30_b03m_s25.A92 fileNameGt=../graphsdb/mcs30/bvg/b03m/mcs30_b03m_s25.B92
Reading graphs...
25 :  37
25 :  36
Initializing...
maxdom : 25
D->valSize : 625
Solving...
Blb : 2 (clique : 15)
currentSize : 15 <-- 0.009430 s
currentSize : 16 <-- 0.009956 s
currentSize : 17 <-- 0.022949 s
currentSize : 18 <-- 0.045350 s
currentSize : 19 <-- 10.829192 s

maxsize : 19
nodes : 917516.000000
filtered : 42506019.000000
time : 19.684547
