Parameters: GAD=1 vflib=1 dir=0 label=0 lowerbound=1 fileNameGp=../graphsdb/mcs30/m2D/m2Dr4/mcs30_m2Dr4_s30.A78 fileNameGt=../graphsdb/mcs30/m2D/m2Dr4/mcs30_m2Dr4_s30.B78
Reading graphs...
30 :  60
30 :  60
Initializing...
maxdom : 30
D->valSize : 900
Solving...
Blb : 2 (clique : 17)
currentSize : 17 <-- 0.011036 s
currentSize : 18 <-- 0.037308 s
currentSize : 19 <-- 0.037827 s
currentSize : 20 <-- 0.260408 s
currentSize : 21 <-- 294.057892 s

maxsize : 21
nodes : 17992638.000000
filtered : 979511816.000000
time : 608.315796
