Parameters: GAD=1 vflib=1 dir=0 label=0 lowerbound=1 fileNameGp=../graphsdb/mcs30/bvg/b06/mcs30_b06_s35.A48 fileNameGt=../graphsdb/mcs30/bvg/b06/mcs30_b06_s35.B48
Reading graphs...
35 :  103
35 :  103
Initializing...
maxdom : 35
D->valSize : 1225
Solving...
Blb : 2 (clique : 15)
currentSize : 15 <-- 0.019943 s
currentSize : 16 <-- 0.020107 s
currentSize : 17 <-- 0.020221 s
currentSize : 18 <-- 0.021368 s
currentSize : 19 <-- 0.199696 s
currentSize : 20 <-- 2.500745 s
currentSize : 21 <-- 47.125439 s

TIMEOUT
maxsize : 21
nodes : 173894211.000000
filtered : 7182944568.000000
time : 3600.000000
