Parameters: GAD=1 vflib=1 dir=0 label=0 lowerbound=1 fileNameGp=../graphsdb/mcs30/bvg/b06/mcs30_b06_s25.A37 fileNameGt=../graphsdb/mcs30/bvg/b06/mcs30_b06_s25.B37
Reading graphs...
25 :  72
25 :  74
Initializing...
maxdom : 25
D->valSize : 625
Solving...
Blb : 3 (clique : 12)
currentSize : 12 <-- 0.008507 s
currentSize : 13 <-- 0.009750 s
currentSize : 14 <-- 0.017236 s
currentSize : 15 <-- 0.148562 s
currentSize : 16 <-- 2.301954 s

maxsize : 16
nodes : 765839.000000
filtered : 20623383.000000
time : 6.449716
