Parameters: GAD=1 vflib=1 dir=0 label=0 lowerbound=1 fileNameGp=../graphsdb/mcs30/m2D/m2Dr2/mcs30_m2Dr2_s30.A91 fileNameGt=../graphsdb/mcs30/m2D/m2Dr2/mcs30_m2Dr2_s30.B91
Reading graphs...
30 :  52
30 :  52
Initializing...
maxdom : 30
D->valSize : 900
Solving...
Blb : 2 (clique : 18)
currentSize : 18 <-- 0.019744 s
currentSize : 19 <-- 0.019987 s
currentSize : 20 <-- 0.025893 s
currentSize : 21 <-- 0.059639 s
currentSize : 22 <-- 13.592567 s

maxsize : 22
nodes : 1942928.000000
filtered : 90541989.000000
time : 63.276505
