Parameters: GAD=1 vflib=1 dir=0 label=0 lowerbound=1 fileNameGp=../graphsdb/mcs30/m3D/m3Dr4/mcs30_m3Dr4_s30.A64 fileNameGt=../graphsdb/mcs30/m3D/m3Dr4/mcs30_m3Dr4_s30.B64
Reading graphs...
30 :  68
30 :  68
Initializing...
maxdom : 30
D->valSize : 900
Solving...
Blb : 2 (clique : 16)
currentSize : 16 <-- 0.019147 s
currentSize : 17 <-- 0.034341 s
currentSize : 18 <-- 0.035158 s
currentSize : 19 <-- 0.035255 s
currentSize : 20 <-- 199.767242 s

maxsize : 20
nodes : 25637903.000000
filtered : 1311585331.000000
time : 652.107910
