Parameters: GAD=1 vflib=1 dir=0 label=0 lowerbound=1 fileNameGp=../graphsdb/mcs30/rand/r005/mcs30_r005_s35.A10 fileNameGt=../graphsdb/mcs30/rand/r005/mcs30_r005_s35.B10
Reading graphs...
35 :  63
35 :  61
Initializing...
maxdom : 35
D->valSize : 1225
Solving...
Blb : 2 (clique : 19)
currentSize : 19 <-- 0.020726 s
currentSize : 20 <-- 0.021858 s
currentSize : 21 <-- 0.028695 s
currentSize : 22 <-- 0.065012 s
currentSize : 23 <-- 0.118232 s
currentSize : 24 <-- 0.654063 s
currentSize : 25 <-- 17.455679 s
currentSize : 26 <-- 2001.893677 s

maxsize : 26
nodes : 49691878.000000
filtered : 3216009511.000000
time : 3391.831787
