Parameters: GAD=1 vflib=1 dir=0 label=0 lowerbound=1 fileNameGp=../graphsdb/mcs30/bvg/b03m/mcs30_b03m_s35.A37 fileNameGt=../graphsdb/mcs30/bvg/b03m/mcs30_b03m_s35.B37
Reading graphs...
35 :  51
35 :  51
Initializing...
maxdom : 35
D->valSize : 1225
Solving...
Blb : 2 (clique : 21)
currentSize : 21 <-- 0.022053 s
currentSize : 22 <-- 0.022286 s
currentSize : 23 <-- 0.023406 s
currentSize : 24 <-- 2.191027 s
currentSize : 25 <-- 2.265738 s
currentSize : 26 <-- 4.612822 s

TIMEOUT
maxsize : 26
nodes : 84685760.000000
filtered : 6411288139.000000
time : 3600.000000
