Parameters: GAD=1 vflib=1 dir=0 label=0 lowerbound=1 fileNameGp=../graphsdb/mcs30/m2D/m2Dr6/mcs30_m2Dr6_s30.A55 fileNameGt=../graphsdb/mcs30/m2D/m2Dr6/mcs30_m2Dr6_s30.B55
Reading graphs...
30 :  60
30 :  61
Initializing...
maxdom : 30
D->valSize : 900
Solving...
Blb : 5 (clique : 17)
currentSize : 17 <-- 0.015396 s
currentSize : 18 <-- 0.031713 s
currentSize : 19 <-- 0.098381 s
currentSize : 20 <-- 1.878003 s
currentSize : 21 <-- 8.753911 s

maxsize : 21
nodes : 10317188.000000
filtered : 607491859.000000
time : 303.711548
