Parameters: GAD=1 vflib=1 dir=0 label=0 lowerbound=1 fileNameGp=../graphsdb/mcs30/bvg/b03m/mcs30_b03m_s30.A05 fileNameGt=../graphsdb/mcs30/bvg/b03m/mcs30_b03m_s30.B05
Reading graphs...
30 :  45
30 :  45
Initializing...
maxdom : 30
D->valSize : 900
Solving...
Blb : 2 (clique : 18)
currentSize : 18 <-- 0.011437 s
currentSize : 19 <-- 0.011611 s
currentSize : 20 <-- 0.011801 s
currentSize : 21 <-- 0.013036 s
currentSize : 22 <-- 0.028332 s
currentSize : 23 <-- 37.255844 s

maxsize : 23
nodes : 4389096.000000
filtered : 255697965.000000
time : 241.702209
