Parameters: GAD=1 vflib=1 dir=0 label=0 lowerbound=1 fileNameGp=../graphsdb/mcs30/bvg/b06m/mcs30_b06m_s30.A91 fileNameGt=../graphsdb/mcs30/bvg/b06m/mcs30_b06m_s30.B91
Reading graphs...
30 :  84
30 :  82
Initializing...
maxdom : 30
D->valSize : 900
Solving...
Blb : 2 (clique : 14)
currentSize : 14 <-- 0.018259 s
currentSize : 15 <-- 0.018466 s
currentSize : 16 <-- 0.019786 s
currentSize : 17 <-- 0.057521 s
currentSize : 18 <-- 0.377516 s
currentSize : 19 <-- 23.277880 s

maxsize : 19
nodes : 11994168.000000
filtered : 481827151.000000
time : 208.363602
