Parameters: GAD=1 vflib=1 dir=0 label=0 lowerbound=1 fileNameGp=../graphsdb/mcs30/m3D/m3D/mcs30_m3D_s25.A78 fileNameGt=../graphsdb/mcs30/m3D/m3D/mcs30_m3D_s25.B78
Reading graphs...
25 :  47
25 :  49
Initializing...
maxdom : 25
D->valSize : 625
Solving...
Blb : 2 (clique : 14)
currentSize : 14 <-- 0.005308 s
currentSize : 15 <-- 0.005448 s
currentSize : 16 <-- 0.026363 s
currentSize : 17 <-- 0.113539 s
currentSize : 18 <-- 20.958405 s

maxsize : 18
nodes : 1491058.000000
filtered : 46102269.000000
time : 25.149309
