Parameters: GAD=1 vflib=1 dir=0 label=0 lowerbound=1 fileNameGp=../graphsdb/mcs30/rand/r005/mcs30_r005_s35.A25 fileNameGt=../graphsdb/mcs30/rand/r005/mcs30_r005_s35.B25
Reading graphs...
35 :  63
35 :  64
Initializing...
maxdom : 35
D->valSize : 1225
Solving...
Blb : 2 (clique : 20)
currentSize : 20 <-- 0.020895 s
currentSize : 21 <-- 0.023465 s
currentSize : 22 <-- 0.225444 s
currentSize : 23 <-- 2.168497 s
currentSize : 24 <-- 22.640385 s
currentSize : 25 <-- 1232.744141 s

TIMEOUT
maxsize : 25
nodes : 57650420.000000
filtered : 3609771249.000000
time : 3600.000000
