Parameters: GAD=1 vflib=1 dir=0 label=0 lowerbound=1 fileNameGp=../graphsdb/mcs30/bvg/b06/mcs30_b06_s30.A69 fileNameGt=../graphsdb/mcs30/bvg/b06/mcs30_b06_s30.B69
Reading graphs...
30 :  88
30 :  89
Initializing...
maxdom : 30
D->valSize : 900
Solving...
Blb : 2 (clique : 15)
currentSize : 15 <-- 0.017982 s
currentSize : 16 <-- 0.089331 s
currentSize : 17 <-- 0.105043 s
currentSize : 18 <-- 46.641479 s
currentSize : 19 <-- 84.189629 s

maxsize : 19
nodes : 13503604.000000
filtered : 485473312.000000
time : 180.278275
