Parameters: GAD=1 vflib=1 dir=0 label=0 lowerbound=1 fileNameGp=../graphsdb/mcs30/m3D/m3Dr4/mcs30_m3Dr4_s25.A75 fileNameGt=../graphsdb/mcs30/m3D/m3Dr4/mcs30_m3Dr4_s25.B75
Reading graphs...
25 :  57
25 :  56
Initializing...
maxdom : 25
D->valSize : 625
Solving...
Blb : 2 (clique : 12)
currentSize : 12 <-- 0.005398 s
currentSize : 13 <-- 0.005479 s
currentSize : 14 <-- 0.005588 s
currentSize : 15 <-- 0.006628 s
currentSize : 16 <-- 0.061417 s
currentSize : 17 <-- 1.698247 s

maxsize : 17
nodes : 776870.000000
filtered : 22343132.000000
time : 9.185298
