Parameters: GAD=1 vflib=1 dir=0 label=0 lowerbound=1 fileNameGp=../graphsdb/mcs30/rand/r02/mcs30_r02_s25.A62 fileNameGt=../graphsdb/mcs30/rand/r02/mcs30_r02_s25.B62
Reading graphs...
25 :  111
25 :  106
Initializing...
maxdom : 25
D->valSize : 625
Solving...
Blb : 2 (clique : 9)
currentSize : 9 <-- 0.004778 s
currentSize : 10 <-- 0.004951 s
currentSize : 11 <-- 0.005153 s
currentSize : 12 <-- 0.013602 s
currentSize : 13 <-- 0.547582 s

maxsize : 13
nodes : 5607553.000000
filtered : 86058157.000000
time : 23.682629
