Parameters: GAD=1 vflib=1 dir=0 label=0 lowerbound=1 fileNameGp=../graphsdb/mcs30/rand/r005/mcs30_r005_s25.A18 fileNameGt=../graphsdb/mcs30/rand/r005/mcs30_r005_s25.B18
Reading graphs...
25 :  34
25 :  34
Initializing...
maxdom : 25
D->valSize : 625
Solving...
Blb : 2 (clique : 15)
currentSize : 15 <-- 0.009692 s
currentSize : 16 <-- 0.009868 s
currentSize : 17 <-- 0.013424 s
currentSize : 18 <-- 0.015775 s
currentSize : 19 <-- 0.065958 s
currentSize : 20 <-- 20.055372 s

maxsize : 20
nodes : 598007.000000
filtered : 25592369.000000
time : 20.277840
