Parameters: GAD=1 vflib=1 dir=0 label=0 lowerbound=1 fileNameGp=../graphsdb/mcs30/bvg/b06m/mcs30_b06m_s25.A73 fileNameGt=../graphsdb/mcs30/bvg/b06m/mcs30_b06m_s25.B73
Reading graphs...
25 :  71
25 :  69
Initializing...
maxdom : 25
D->valSize : 625
Solving...
Blb : 2 (clique : 11)
currentSize : 11 <-- 0.004953 s
currentSize : 12 <-- 0.005035 s
currentSize : 13 <-- 0.007661 s
currentSize : 14 <-- 0.018888 s
currentSize : 15 <-- 0.019752 s
currentSize : 16 <-- 1.723989 s

maxsize : 16
nodes : 793206.000000
filtered : 21532218.000000
time : 7.552957
