Parameters: GAD=1 vflib=1 dir=0 label=0 lowerbound=1 fileNameGp=../graphsdb/mcs30/rand/r01/mcs30_r01_s30.A62 fileNameGt=../graphsdb/mcs30/rand/r01/mcs30_r01_s30.B62
Reading graphs...
30 :  83
30 :  84
Initializing...
maxdom : 30
D->valSize : 900
Solving...
Blb : 2 (clique : 14)
currentSize : 14 <-- 0.010470 s
currentSize : 15 <-- 0.013470 s
currentSize : 16 <-- 0.016561 s
currentSize : 17 <-- 0.171466 s
currentSize : 18 <-- 4.354914 s

maxsize : 18
nodes : 29245457.000000
filtered : 890129100.000000
time : 357.235779
