Parameters: GAD=1 vflib=1 dir=0 label=0 lowerbound=1 fileNameGp=../graphsdb/mcs30/bvg/b06m/mcs30_b06m_s35.A63 fileNameGt=../graphsdb/mcs30/bvg/b06m/mcs30_b06m_s35.B63
Reading graphs...
35 :  99
35 :  101
Initializing...
maxdom : 35
D->valSize : 1225
Solving...
Blb : 2 (clique : 15)
currentSize : 15 <-- 0.033855 s
currentSize : 17 <-- 0.034071 s
currentSize : 18 <-- 0.034138 s
currentSize : 19 <-- 0.040863 s
currentSize : 20 <-- 0.052877 s
currentSize : 21 <-- 6.965643 s
currentSize : 22 <-- 194.690948 s

maxsize : 22
nodes : 110033377.000000
filtered : 5156627993.000000
time : 2403.139404
