Parameters: GAD=1 vflib=1 dir=0 label=0 lowerbound=1 fileNameGp=../graphsdb/mcs30/m3D/m3Dr6/mcs30_m3Dr6_s25.A36 fileNameGt=../graphsdb/mcs30/m3D/m3Dr6/mcs30_m3Dr6_s25.B36
Reading graphs...
25 :  62
25 :  61
Initializing...
maxdom : 25
D->valSize : 625
Solving...
Blb : 2 (clique : 12)
currentSize : 12 <-- 0.008853 s
currentSize : 13 <-- 0.009035 s
currentSize : 14 <-- 0.009169 s
currentSize : 15 <-- 0.012945 s
currentSize : 16 <-- 1.415996 s

maxsize : 16
nodes : 1939628.000000
filtered : 52210596.000000
time : 17.521025
