Parameters: GAD=1 vflib=1 dir=0 label=0 lowerbound=1 fileNameGp=../graphsdb/mcs30/rand/r02/mcs30_r02_s20.A31 fileNameGt=../graphsdb/mcs30/rand/r02/mcs30_r02_s20.B31
Reading graphs...
20 :  67
20 :  71
Initializing...
maxdom : 20
D->valSize : 400
Solving...
Blb : 2 (clique : 8)
currentSize : 8 <-- 0.003558 s
currentSize : 9 <-- 0.003634 s
currentSize : 10 <-- 0.003700 s
currentSize : 11 <-- 0.005146 s
currentSize : 12 <-- 0.088896 s

maxsize : 12
nodes : 157476.000000
filtered : 2622869.000000
time : 0.725630
