Parameters: GAD=1 vflib=1 dir=0 label=0 lowerbound=1 fileNameGp=../graphsdb/mcs30/bvg/b09m/mcs30_b09m_s35.A71 fileNameGt=../graphsdb/mcs30/bvg/b09m/mcs30_b09m_s35.B71
Reading graphs...
35 :  143
35 :  143
Initializing...
maxdom : 35
D->valSize : 1225
Solving...
Blb : 2 (clique : 13)
currentSize : 13 <-- 0.029134 s
currentSize : 14 <-- 0.029280 s
currentSize : 15 <-- 0.037593 s
currentSize : 16 <-- 0.045611 s
currentSize : 17 <-- 0.518775 s
currentSize : 18 <-- 27.664185 s
currentSize : 19 <-- 335.912933 s

maxsize : 19
nodes : 252613653.000000
filtered : 8996969393.000000
time : 2646.718018
