Parameters: GAD=1 vflib=1 dir=0 label=0 lowerbound=1 fileNameGp=../graphsdb/mcs30/m3D/m3Dr2/mcs30_m3Dr2_s25.A90 fileNameGt=../graphsdb/mcs30/m3D/m3Dr2/mcs30_m3Dr2_s25.B90
Reading graphs...
25 :  52
25 :  52
Initializing...
maxdom : 25
D->valSize : 625
Solving...
Blb : 2 (clique : 12)
currentSize : 12 <-- 0.005240 s
currentSize : 13 <-- 0.005379 s
currentSize : 14 <-- 0.005502 s
currentSize : 15 <-- 0.005648 s
currentSize : 16 <-- 0.008448 s
currentSize : 17 <-- 3.434195 s

maxsize : 17
nodes : 2043099.000000
filtered : 61112525.000000
time : 27.781351
