Parameters: GAD=1 vflib=1 dir=0 label=0 lowerbound=1 fileNameGp=../graphsdb/mcs30/bvg/b06m/mcs30_b06m_s25.A18 fileNameGt=../graphsdb/mcs30/bvg/b06m/mcs30_b06m_s25.B18
Reading graphs...
25 :  70
25 :  70
Initializing...
maxdom : 25
D->valSize : 625
Solving...
Blb : 2 (clique : 11)
currentSize : 11 <-- 0.006796 s
currentSize : 12 <-- 0.006891 s
currentSize : 13 <-- 0.007674 s
currentSize : 14 <-- 0.122264 s
currentSize : 15 <-- 0.503663 s

maxsize : 15
nodes : 3042529.000000
filtered : 73200452.000000
time : 21.555042
