Parameters: GAD=1 vflib=1 dir=0 label=0 lowerbound=1 fileNameGp=../graphsdb/mcs30/bvg/b06m/mcs30_b06m_s35.A90 fileNameGt=../graphsdb/mcs30/bvg/b06m/mcs30_b06m_s35.B90
Reading graphs...
35 :  100
35 :  101
Initializing...
maxdom : 35
D->valSize : 1225
Solving...
Blb : 2 (clique : 16)
currentSize : 16 <-- 0.022508 s
currentSize : 17 <-- 0.024243 s
currentSize : 18 <-- 0.024998 s
currentSize : 19 <-- 0.026524 s
currentSize : 20 <-- 0.762983 s
currentSize : 21 <-- 21.296995 s
currentSize : 22 <-- 1445.671021 s

TIMEOUT
maxsize : 22
nodes : 213101555.000000
filtered : 9850045624.000000
time : 3600.000000
