Parameters: GAD=1 vflib=1 dir=0 label=0 lowerbound=1 fileNameGp=../graphsdb/mcs30/rand/r01/mcs30_r01_s25.A44 fileNameGt=../graphsdb/mcs30/rand/r01/mcs30_r01_s25.B44
Reading graphs...
25 :  58
25 :  61
Initializing...
maxdom : 25
D->valSize : 625
Solving...
Blb : 2 (clique : 12)
currentSize : 12 <-- 0.005051 s
currentSize : 13 <-- 0.005760 s
currentSize : 14 <-- 0.008862 s
currentSize : 15 <-- 0.022713 s
currentSize : 16 <-- 0.246025 s
currentSize : 17 <-- 16.542166 s

maxsize : 17
nodes : 1709432.000000
filtered : 50678241.000000
time : 21.233959
