Parameters: GAD=1 vflib=1 dir=0 label=0 lowerbound=1 fileNameGp=../graphsdb/mcs30/m3D/m3Dr6/mcs30_m3Dr6_s25.A59 fileNameGt=../graphsdb/mcs30/m3D/m3Dr6/mcs30_m3Dr6_s25.B59
Reading graphs...
25 :  61
25 :  61
Initializing...
maxdom : 25
D->valSize : 625
Solving...
Blb : 2 (clique : 12)
currentSize : 12 <-- 0.008758 s
currentSize : 13 <-- 0.009068 s
currentSize : 14 <-- 0.019677 s
currentSize : 15 <-- 0.065957 s
currentSize : 16 <-- 0.264755 s

maxsize : 16
nodes : 1463805.000000
filtered : 44064995.000000
time : 17.671764
