Parameters: GAD=1 vflib=1 dir=0 label=0 lowerbound=1 fileNameGp=../graphsdb/mcs30/bvg/b09/mcs30_b09_s35.A13 fileNameGt=../graphsdb/mcs30/bvg/b09/mcs30_b09_s35.B13
Reading graphs...
35 :  150
35 :  147
Initializing...
maxdom : 35
D->valSize : 1225
Solving...
Blb : 2 (clique : 13)
currentSize : 13 <-- 0.018740 s
currentSize : 14 <-- 0.018876 s
currentSize : 15 <-- 0.020279 s
currentSize : 16 <-- 0.020558 s
currentSize : 17 <-- 2.714263 s
currentSize : 18 <-- 93.553421 s
currentSize : 19 <-- 100.094078 s
currentSize : 20 <-- 1061.136963 s

maxsize : 20
nodes : 208393493.000000
filtered : 7109031385.000000
time : 2353.474121
