Parameters: GAD=1 vflib=1 dir=0 label=0 lowerbound=1 fileNameGp=../graphsdb/mcs30/bvg/b06/mcs30_b06_s35.A35 fileNameGt=../graphsdb/mcs30/bvg/b06/mcs30_b06_s35.B35
Reading graphs...
35 :  102
35 :  102
Initializing...
maxdom : 35
D->valSize : 1225
Solving...
Blb : 2 (clique : 16)
currentSize : 16 <-- 0.019922 s
currentSize : 17 <-- 0.021016 s
currentSize : 18 <-- 0.021666 s
currentSize : 19 <-- 0.040655 s
currentSize : 20 <-- 0.198278 s
currentSize : 21 <-- 5.439985 s
currentSize : 22 <-- 283.149445 s

maxsize : 22
nodes : 145967255.000000
filtered : 8143418765.000000
time : 3481.816895
