Parameters: GAD=1 vflib=1 dir=0 label=0 lowerbound=1 fileNameGp=../graphsdb/mcs30/bvg/b06/mcs30_b06_s30.A67 fileNameGt=../graphsdb/mcs30/bvg/b06/mcs30_b06_s30.B67
Reading graphs...
30 :  87
30 :  88
Initializing...
maxdom : 30
D->valSize : 900
Solving...
Blb : 2 (clique : 14)
currentSize : 14 <-- 0.018440 s
currentSize : 15 <-- 0.018640 s
currentSize : 16 <-- 0.018861 s
currentSize : 17 <-- 0.047892 s
currentSize : 18 <-- 23.767233 s
currentSize : 19 <-- 106.899712 s

maxsize : 19
nodes : 15526331.000000
filtered : 503231263.000000
time : 193.209702
