Parameters: GAD=1 vflib=1 dir=0 label=0 lowerbound=1 fileNameGp=../graphsdb/mcs30/m3D/m3Dr6/mcs30_m3Dr6_s30.A77 fileNameGt=../graphsdb/mcs30/m3D/m3Dr6/mcs30_m3Dr6_s30.B77
Reading graphs...
30 :  74
30 :  73
Initializing...
maxdom : 30
D->valSize : 900
Solving...
Blb : 2 (clique : 15)
currentSize : 15 <-- 0.018848 s
currentSize : 16 <-- 0.019075 s
currentSize : 17 <-- 0.026758 s
currentSize : 18 <-- 0.027760 s
currentSize : 19 <-- 0.569148 s
currentSize : 20 <-- 79.808563 s

maxsize : 20
nodes : 18815253.000000
filtered : 907107813.000000
time : 300.759827
