Parameters: GAD=1 vflib=1 dir=0 label=0 lowerbound=1 fileNameGp=../graphsdb/mcs30/rand/r005/mcs30_r005_s25.A69 fileNameGt=../graphsdb/mcs30/rand/r005/mcs30_r005_s25.B69
Reading graphs...
25 :  34
25 :  33
Initializing...
maxdom : 25
D->valSize : 625
Solving...
Blb : 2 (clique : 15)
currentSize : 15 <-- 0.009746 s
currentSize : 16 <-- 0.011583 s
currentSize : 17 <-- 0.012592 s
currentSize : 18 <-- 0.023410 s
currentSize : 19 <-- 0.191639 s

maxsize : 19
nodes : 1009896.000000
filtered : 49654190.000000
time : 29.107336
