Parameters: GAD=1 vflib=1 dir=0 label=0 lowerbound=1 fileNameGp=../graphsdb/mcs30/m2D/m2Dr2/mcs30_m2Dr2_s30.A49 fileNameGt=../graphsdb/mcs30/m2D/m2Dr2/mcs30_m2Dr2_s30.B49
Reading graphs...
30 :  54
30 :  54
Initializing...
maxdom : 30
D->valSize : 900
Solving...
Blb : 2 (clique : 18)
currentSize : 18 <-- 0.011072 s
currentSize : 19 <-- 0.014749 s
currentSize : 20 <-- 0.018344 s
currentSize : 21 <-- 0.475408 s
currentSize : 22 <-- 3.712501 s

maxsize : 22
nodes : 2943393.000000
filtered : 144405248.000000
time : 89.324188
