Parameters: GAD=1 vflib=1 dir=0 label=0 lowerbound=1 fileNameGp=../graphsdb/mcs30/rand/r005/mcs30_r005_s25.A51 fileNameGt=../graphsdb/mcs30/rand/r005/mcs30_r005_s25.B51
Reading graphs...
25 :  34
25 :  33
Initializing...
maxdom : 25
D->valSize : 625
Solving...
Blb : 2 (clique : 14)
currentSize : 14 <-- 0.009700 s
currentSize : 15 <-- 0.009882 s
currentSize : 16 <-- 0.009934 s
currentSize : 17 <-- 0.010382 s
currentSize : 18 <-- 0.026886 s
currentSize : 19 <-- 0.033691 s
currentSize : 20 <-- 3.336686 s

maxsize : 20
nodes : 285225.000000
filtered : 15524214.000000
time : 8.954596
