Parameters: GAD=1 vflib=1 dir=0 label=0 lowerbound=1 fileNameGp=../graphsdb/mcs30/bvg/b06/mcs30_b06_s30.A85 fileNameGt=../graphsdb/mcs30/bvg/b06/mcs30_b06_s30.B85
Reading graphs...
30 :  85
30 :  88
Initializing...
maxdom : 30
D->valSize : 900
Solving...
Blb : 3 (clique : 15)
currentSize : 15 <-- 0.011892 s
currentSize : 16 <-- 0.022138 s
currentSize : 17 <-- 0.073833 s
currentSize : 18 <-- 0.189737 s
currentSize : 19 <-- 204.050873 s

maxsize : 19
nodes : 19837672.000000
filtered : 736383534.000000
time : 241.111465
