Parameters: GAD=1 vflib=1 dir=0 label=0 lowerbound=1 fileNameGp=../graphsdb/mcs30/rand/r005/mcs30_r005_s30.A12 fileNameGt=../graphsdb/mcs30/rand/r005/mcs30_r005_s30.B12
Reading graphs...
30 :  46
30 :  47
Initializing...
maxdom : 30
D->valSize : 900
Solving...
Blb : 3 (clique : 18)
currentSize : 18 <-- 0.011567 s
currentSize : 19 <-- 0.012441 s
currentSize : 20 <-- 0.034696 s
currentSize : 21 <-- 0.192876 s
currentSize : 22 <-- 11.294864 s
currentSize : 23 <-- 24.429523 s

maxsize : 23
nodes : 2578502.000000
filtered : 143203858.000000
time : 140.199738
