Parameters: GAD=1 vflib=1 dir=0 label=0 lowerbound=1 fileNameGp=../graphsdb/mcs30/bvg/b03/mcs30_b03_s30.A41 fileNameGt=../graphsdb/mcs30/bvg/b03/mcs30_b03_s30.B41
Reading graphs...
30 :  44
30 :  45
Initializing...
maxdom : 30
D->valSize : 900
Solving...
Blb : 2 (clique : 18)
currentSize : 18 <-- 0.011664 s
currentSize : 19 <-- 0.011807 s
currentSize : 20 <-- 0.012037 s
currentSize : 21 <-- 0.014976 s
currentSize : 22 <-- 0.117816 s
currentSize : 23 <-- 233.784058 s

maxsize : 23
nodes : 10655909.000000
filtered : 580533743.000000
time : 423.614624
