Parameters: GAD=1 vflib=1 dir=0 label=0 lowerbound=1 fileNameGp=../graphsdb/mcs30/rand/r02/mcs30_r02_s30.A46 fileNameGt=../graphsdb/mcs30/rand/r02/mcs30_r02_s30.B46
Reading graphs...
30 :  155
30 :  149
Initializing...
maxdom : 30
D->valSize : 900
Solving...
Blb : 2 (clique : 11)
currentSize : 11 <-- 0.009388 s
currentSize : 12 <-- 0.009695 s
currentSize : 13 <-- 0.010071 s
currentSize : 14 <-- 0.676762 s
currentSize : 15 <-- 356.495148 s

maxsize : 15
nodes : 90190316.000000
filtered : 1313437604.000000
time : 404.241974
