Parameters: GAD=1 vflib=1 dir=0 label=0 lowerbound=1 fileNameGp=../graphsdb/mcs30/m2D/m2Dr4/mcs30_m2Dr4_s30.A68 fileNameGt=../graphsdb/mcs30/m2D/m2Dr4/mcs30_m2Dr4_s30.B68
Reading graphs...
30 :  57
30 :  59
Initializing...
maxdom : 30
D->valSize : 900
Solving...
Blb : 5 (clique : 17)
currentSize : 17 <-- 0.011121 s
currentSize : 18 <-- 0.011364 s
currentSize : 19 <-- 0.016240 s
currentSize : 20 <-- 0.180178 s
currentSize : 21 <-- 0.369927 s

maxsize : 21
nodes : 9042287.000000
filtered : 392273797.000000
time : 231.175873
