Parameters: GAD=1 vflib=1 dir=0 label=0 lowerbound=1 fileNameGp=../graphsdb/mcs30/rand/r01/mcs30_r01_s25.A82 fileNameGt=../graphsdb/mcs30/rand/r01/mcs30_r01_s25.B82
Reading graphs...
25 :  62
25 :  55
Initializing...
maxdom : 25
D->valSize : 625
Solving...
Blb : 2 (clique : 12)
currentSize : 12 <-- 0.005116 s
currentSize : 13 <-- 0.005204 s
currentSize : 14 <-- 0.005272 s
currentSize : 15 <-- 0.005294 s
currentSize : 16 <-- 0.127873 s

maxsize : 16
nodes : 2001989.000000
filtered : 64367074.000000
time : 22.962135
