Parameters: GAD=1 vflib=1 dir=0 label=0 lowerbound=1 fileNameGp=../graphsdb/mcs30/bvg/b09/mcs30_b09_s35.A84 fileNameGt=../graphsdb/mcs30/bvg/b09/mcs30_b09_s35.B84
Reading graphs...
35 :  152
35 :  149
Initializing...
maxdom : 35
D->valSize : 1225
Solving...
Blb : 3 (clique : 14)
currentSize : 14 <-- 0.018680 s
currentSize : 15 <-- 0.019251 s
currentSize : 16 <-- 0.032266 s
currentSize : 17 <-- 0.495703 s
currentSize : 18 <-- 0.591980 s
currentSize : 19 <-- 0.929648 s
currentSize : 20 <-- 778.495605 s

maxsize : 20
nodes : 172822584.000000
filtered : 5620690570.000000
time : 1808.690308
