Parameters: GAD=1 vflib=1 dir=0 label=0 lowerbound=1 fileNameGp=../graphsdb/mcs30/bvg/b06m/mcs30_b06m_s30.A40 fileNameGt=../graphsdb/mcs30/bvg/b06m/mcs30_b06m_s30.B40
Reading graphs...
30 :  85
30 :  87
Initializing...
maxdom : 30
D->valSize : 900
Solving...
Blb : 2 (clique : 13)
currentSize : 13 <-- 0.010427 s
currentSize : 15 <-- 0.010539 s
currentSize : 16 <-- 0.010585 s
currentSize : 17 <-- 0.010631 s
currentSize : 18 <-- 0.056765 s

maxsize : 18
nodes : 52702429.000000
filtered : 1575635821.000000
time : 591.018555
