Parameters: GAD=1 vflib=1 dir=0 label=0 lowerbound=1 fileNameGp=../graphsdb/mcs30/bvg/b06m/mcs30_b06m_s30.A45 fileNameGt=../graphsdb/mcs30/bvg/b06m/mcs30_b06m_s30.B45
Reading graphs...
30 :  88
30 :  87
Initializing...
maxdom : 30
D->valSize : 900
Solving...
Blb : 2 (clique : 12)
currentSize : 12 <-- 0.018056 s
currentSize : 13 <-- 0.018311 s
currentSize : 14 <-- 0.018432 s
currentSize : 15 <-- 0.022405 s
currentSize : 16 <-- 0.081063 s
currentSize : 17 <-- 1.828171 s
currentSize : 18 <-- 2.691856 s
currentSize : 19 <-- 91.008995 s

maxsize : 19
nodes : 10522790.000000
filtered : 370435507.000000
time : 157.961777
