Parameters: GAD=1 vflib=1 dir=0 label=0 lowerbound=1 fileNameGp=../graphsdb/mcs30/rand/r005/mcs30_r005_s30.A88 fileNameGt=../graphsdb/mcs30/rand/r005/mcs30_r005_s30.B88
Reading graphs...
30 :  47
30 :  45
Initializing...
maxdom : 30
D->valSize : 900
Solving...
Blb : 2 (clique : 18)
currentSize : 18 <-- 0.020134 s
currentSize : 19 <-- 0.022769 s
currentSize : 20 <-- 0.030884 s
currentSize : 21 <-- 0.035626 s
currentSize : 22 <-- 0.300350 s
currentSize : 23 <-- 292.205688 s

maxsize : 23
nodes : 4852582.000000
filtered : 292190364.000000
time : 325.174927
