Parameters: GAD=1 vflib=1 dir=0 label=0 lowerbound=1 fileNameGp=../graphsdb/mcs30/m3D/m3Dr4/mcs30_m3Dr4_s30.A26 fileNameGt=../graphsdb/mcs30/m3D/m3Dr4/mcs30_m3Dr4_s30.B26
Reading graphs...
30 :  71
30 :  71
Initializing...
maxdom : 30
D->valSize : 900
Solving...
Blb : 2 (clique : 14)
currentSize : 14 <-- 0.010669 s
currentSize : 15 <-- 0.010786 s
currentSize : 16 <-- 0.012977 s
currentSize : 17 <-- 0.014740 s
currentSize : 18 <-- 0.092204 s
currentSize : 19 <-- 0.322010 s
currentSize : 20 <-- 66.919159 s

maxsize : 20
nodes : 9309194.000000
filtered : 317137817.000000
time : 142.311401
