Parameters: GAD=1 vflib=1 dir=0 label=0 lowerbound=1 fileNameGp=../graphsdb/mcs30/rand/r01/mcs30_r01_s25.A98 fileNameGt=../graphsdb/mcs30/rand/r01/mcs30_r01_s25.B98
Reading graphs...
25 :  60
25 :  57
Initializing...
maxdom : 25
D->valSize : 625
Solving...
Blb : 2 (clique : 13)
currentSize : 13 <-- 0.005192 s
currentSize : 14 <-- 0.005277 s
currentSize : 15 <-- 0.005341 s
currentSize : 16 <-- 0.016064 s
currentSize : 17 <-- 5.422439 s

maxsize : 17
nodes : 1042832.000000
filtered : 27560772.000000
time : 11.699489
