Parameters: GAD=1 vflib=1 dir=0 label=0 lowerbound=1 fileNameGp=../graphsdb/mcs30/rand/r02/mcs30_r02_s35.A98 fileNameGt=../graphsdb/mcs30/rand/r02/mcs30_r02_s35.B98
Reading graphs...
35 :  211
35 :  211
Initializing...
maxdom : 35
D->valSize : 1225
Solving...
Blb : 2 (clique : 10)
currentSize : 10 <-- 0.017559 s
currentSize : 11 <-- 0.017685 s
currentSize : 12 <-- 0.017774 s
currentSize : 13 <-- 0.035145 s
currentSize : 14 <-- 0.075299 s
currentSize : 15 <-- 0.352909 s
currentSize : 16 <-- 1558.352295 s

TIMEOUT
maxsize : 16
nodes : 805845783.000000
filtered : 12247972746.000000
time : 3600.000000
