Parameters: GAD=1 vflib=1 dir=0 label=0 lowerbound=1 fileNameGp=../graphsdb/mcs30/m2D/m2D/mcs30_m2D_s30.A74 fileNameGt=../graphsdb/mcs30/m2D/m2D/mcs30_m2D_s30.B74
Reading graphs...
30 :  49
30 :  48
Initializing...
maxdom : 30
D->valSize : 900
Solving...
Blb : 2 (clique : 18)
currentSize : 18 <-- 0.020218 s
currentSize : 19 <-- 0.020504 s
currentSize : 20 <-- 0.021623 s
currentSize : 21 <-- 0.266594 s
currentSize : 22 <-- 30.515640 s
currentSize : 23 <-- 258.013397 s

maxsize : 23
nodes : 11012373.000000
filtered : 598014534.000000
time : 302.598816
