Parameters: GAD=1 vflib=1 dir=0 label=0 lowerbound=1 fileNameGp=../graphsdb/mcs30/m3D/m3D/mcs30_m3D_s25.A04 fileNameGt=../graphsdb/mcs30/m3D/m3D/mcs30_m3D_s25.B04
Reading graphs...
25 :  47
25 :  48
Initializing...
maxdom : 25
D->valSize : 625
Solving...
Blb : 2 (clique : 14)
currentSize : 14 <-- 0.005200 s
currentSize : 15 <-- 0.005300 s
currentSize : 16 <-- 0.005825 s
currentSize : 17 <-- 0.506858 s
currentSize : 18 <-- 5.423261 s

maxsize : 18
nodes : 1471826.000000
filtered : 61212891.000000
time : 25.343340
