Parameters: GAD=1 vflib=1 dir=0 label=0 lowerbound=1 fileNameGp=../graphsdb/mcs30/m3D/m3Dr6/mcs30_m3Dr6_s25.A82 fileNameGt=../graphsdb/mcs30/m3D/m3Dr6/mcs30_m3Dr6_s25.B82
Reading graphs...
25 :  59
25 :  60
Initializing...
maxdom : 25
D->valSize : 625
Solving...
Blb : 2 (clique : 12)
currentSize : 12 <-- 0.008865 s
currentSize : 14 <-- 0.008985 s
currentSize : 15 <-- 0.009633 s
currentSize : 16 <-- 0.321095 s
currentSize : 17 <-- 5.541502 s

maxsize : 17
nodes : 868658.000000
filtered : 24281221.000000
time : 8.317227
