Parameters: GAD=1 vflib=1 dir=0 label=0 lowerbound=1 fileNameGp=../graphsdb/mcs30/bvg/b03m/mcs30_b03m_s35.A71 fileNameGt=../graphsdb/mcs30/bvg/b03m/mcs30_b03m_s35.B71
Reading graphs...
35 :  51
35 :  52
Initializing...
maxdom : 35
D->valSize : 1225
Solving...
Blb : 2 (clique : 20)
currentSize : 20 <-- 0.036776 s
currentSize : 21 <-- 0.037066 s
currentSize : 22 <-- 0.037500 s
currentSize : 23 <-- 0.104645 s
currentSize : 24 <-- 0.127911 s
currentSize : 25 <-- 0.132412 s
currentSize : 26 <-- 88.810898 s

TIMEOUT
maxsize : 26
nodes : 34162209.000000
filtered : 2811037862.000000
time : 3600.000244
