Parameters: GAD=1 vflib=1 dir=0 label=0 lowerbound=1 fileNameGp=../graphsdb/mcs30/m2D/m2Dr4/mcs30_m2Dr4_s30.A12 fileNameGt=../graphsdb/mcs30/m2D/m2Dr4/mcs30_m2Dr4_s30.B12
Reading graphs...
30 :  60
30 :  58
Initializing...
maxdom : 30
D->valSize : 900
Solving...
Blb : 3 (clique : 16)
currentSize : 16 <-- 0.010958 s
currentSize : 17 <-- 0.011153 s
currentSize : 18 <-- 0.052270 s
currentSize : 19 <-- 0.476975 s
currentSize : 20 <-- 0.614966 s
currentSize : 21 <-- 67.957214 s

maxsize : 21
nodes : 6358524.000000
filtered : 308965821.000000
time : 196.405121
