Parameters: GAD=1 vflib=1 dir=0 label=0 lowerbound=1 fileNameGp=../graphsdb/mcs30/rand/r005/mcs30_r005_s30.A95 fileNameGt=../graphsdb/mcs30/rand/r005/mcs30_r005_s30.B95
Reading graphs...
30 :  46
30 :  48
Initializing...
maxdom : 30
D->valSize : 900
Solving...
Blb : 2 (clique : 17)
currentSize : 17 <-- 0.019954 s
currentSize : 19 <-- 0.020155 s
currentSize : 20 <-- 0.020266 s
currentSize : 21 <-- 0.024832 s
currentSize : 22 <-- 0.053926 s
currentSize : 23 <-- 0.350504 s

maxsize : 23
nodes : 1244834.000000
filtered : 81250133.000000
time : 64.722168
