Parameters: GAD=1 vflib=1 dir=0 label=0 lowerbound=1 fileNameGp=../graphsdb/mcs30/rand/r02/mcs30_r02_s30.A14 fileNameGt=../graphsdb/mcs30/rand/r02/mcs30_r02_s30.B14
Reading graphs...
30 :  159
30 :  156
Initializing...
maxdom : 30
D->valSize : 900
Solving...
Blb : 3 (clique : 10)
currentSize : 10 <-- 0.009355 s
currentSize : 11 <-- 0.009612 s
currentSize : 12 <-- 0.011950 s
currentSize : 13 <-- 0.034302 s
currentSize : 14 <-- 5.105308 s
currentSize : 15 <-- 38.632198 s

maxsize : 15
nodes : 52113174.000000
filtered : 840323284.000000
time : 241.417038
