Parameters: GAD=1 vflib=1 dir=0 label=0 lowerbound=1 fileNameGp=../graphsdb/mcs30/bvg/b09m/mcs30_b09m_s35.A46 fileNameGt=../graphsdb/mcs30/bvg/b09m/mcs30_b09m_s35.B46
Reading graphs...
35 :  146
35 :  145
Initializing...
maxdom : 35
D->valSize : 1225
Solving...
Blb : 2 (clique : 13)
currentSize : 13 <-- 0.018692 s
currentSize : 14 <-- 0.018853 s
currentSize : 15 <-- 0.019561 s
currentSize : 16 <-- 0.037516 s
currentSize : 17 <-- 1.330997 s
currentSize : 18 <-- 47.908176 s

TIMEOUT
maxsize : 18
nodes : 472931501.000000
filtered : 12238699309.000000
time : 3600.000000
