Parameters: GAD=1 vflib=1 dir=0 label=0 lowerbound=1 fileNameGp=../graphsdb/mcs30/m3D/m3D/mcs30_m3D_s30.A08 fileNameGt=../graphsdb/mcs30/m3D/m3D/mcs30_m3D_s30.B08
Reading graphs...
30 :  59
30 :  61
Initializing...
maxdom : 30
D->valSize : 900
Solving...
Blb : 2 (clique : 17)
currentSize : 17 <-- 0.011120 s
currentSize : 18 <-- 0.012189 s
currentSize : 19 <-- 0.013514 s
currentSize : 20 <-- 0.028446 s
currentSize : 21 <-- 0.267062 s

maxsize : 21
nodes : 28242910.000000
filtered : 1355290090.000000
time : 610.160889
