Parameters: GAD=1 vflib=1 dir=0 label=0 lowerbound=1 fileNameGp=../graphsdb/mcs30/rand/r005/mcs30_r005_s25.A31 fileNameGt=../graphsdb/mcs30/rand/r005/mcs30_r005_s25.B31
Reading graphs...
25 :  33
25 :  34
Initializing...
maxdom : 25
D->valSize : 625
Solving...
Blb : 2 (clique : 14)
currentSize : 14 <-- 0.009781 s
currentSize : 15 <-- 0.010044 s
currentSize : 16 <-- 0.010684 s
currentSize : 17 <-- 0.016280 s
currentSize : 18 <-- 0.361931 s
currentSize : 19 <-- 2.061286 s
currentSize : 20 <-- 42.611786 s

maxsize : 20
nodes : 1430118.000000
filtered : 50571456.000000
time : 46.243130
