Parameters: GAD=1 vflib=1 dir=0 label=0 lowerbound=1 fileNameGp=../graphsdb/mcs30/m2D/m2Dr4/mcs30_m2Dr4_s30.A10 fileNameGt=../graphsdb/mcs30/m2D/m2Dr4/mcs30_m2Dr4_s30.B10
Reading graphs...
30 :  60
30 :  57
Initializing...
maxdom : 30
D->valSize : 900
Solving...
Blb : 2 (clique : 15)
currentSize : 15 <-- 0.019511 s
currentSize : 16 <-- 0.019705 s
currentSize : 17 <-- 0.020819 s
currentSize : 18 <-- 0.033336 s
currentSize : 19 <-- 0.578627 s
currentSize : 20 <-- 21.900488 s
currentSize : 21 <-- 114.039055 s

maxsize : 21
nodes : 10484523.000000
filtered : 461941206.000000
time : 334.748474
