Parameters: GAD=1 vflib=1 dir=0 label=0 lowerbound=1 fileNameGp=../graphsdb/mcs30/bvg/b06/mcs30_b06_s25.A57 fileNameGt=../graphsdb/mcs30/bvg/b06/mcs30_b06_s25.B57
Reading graphs...
25 :  74
25 :  73
Initializing...
maxdom : 25
D->valSize : 625
Solving...
Blb : 5 (clique : 12)
currentSize : 12 <-- 0.008424 s
currentSize : 13 <-- 0.009858 s
currentSize : 14 <-- 0.011448 s
currentSize : 15 <-- 0.781252 s
currentSize : 16 <-- 2.275049 s

maxsize : 16
nodes : 776243.000000
filtered : 23602954.000000
time : 6.735521
