Parameters: GAD=1 vflib=1 dir=0 label=0 lowerbound=1 fileNameGp=../graphsdb/mcs30/bvg/b09/mcs30_b09_s35.A09 fileNameGt=../graphsdb/mcs30/bvg/b09/mcs30_b09_s35.B09
Reading graphs...
35 :  154
35 :  147
Initializing...
maxdom : 35
D->valSize : 1225
Solving...
Blb : 2 (clique : 14)
currentSize : 14 <-- 0.032023 s
currentSize : 15 <-- 0.032384 s
currentSize : 16 <-- 0.292219 s
currentSize : 17 <-- 0.298851 s
currentSize : 18 <-- 0.331762 s
currentSize : 19 <-- 0.350954 s
currentSize : 20 <-- 17.661947 s

maxsize : 20
nodes : 128138832.000000
filtered : 4796589164.000000
time : 1655.643433
