Parameters: GAD=1 vflib=1 dir=0 label=0 lowerbound=1 fileNameGp=../graphsdb/mcs30/bvg/b03m/mcs30_b03m_s30.A24 fileNameGt=../graphsdb/mcs30/bvg/b03m/mcs30_b03m_s30.B24
Reading graphs...
30 :  45
30 :  45
Initializing...
maxdom : 30
D->valSize : 900
Solving...
Blb : 5 (clique : 18)
currentSize : 18 <-- 0.011300 s
currentSize : 19 <-- 0.011678 s
currentSize : 20 <-- 0.023831 s
currentSize : 21 <-- 0.038453 s
currentSize : 22 <-- 0.116223 s
currentSize : 23 <-- 69.557030 s

maxsize : 23
nodes : 4491516.000000
filtered : 321432802.000000
time : 380.792236
