Parameters: GAD=1 vflib=1 dir=0 label=0 lowerbound=1 fileNameGp=../graphsdb/mcs30/bvg/b06m/mcs30_b06m_s30.A69 fileNameGt=../graphsdb/mcs30/bvg/b06m/mcs30_b06m_s30.B69
Reading graphs...
30 :  85
30 :  84
Initializing...
maxdom : 30
D->valSize : 900
Solving...
Blb : 2 (clique : 14)
currentSize : 14 <-- 0.010578 s
currentSize : 15 <-- 0.010725 s
currentSize : 16 <-- 0.010819 s
currentSize : 17 <-- 0.153158 s
currentSize : 18 <-- 0.721522 s

maxsize : 18
nodes : 32809998.000000
filtered : 1115388569.000000
time : 438.415710
