Parameters: GAD=1 vflib=1 dir=0 label=0 lowerbound=1 fileNameGp=../graphsdb/mcs30/bvg/b03/mcs30_b03_s25.A00 fileNameGt=../graphsdb/mcs30/bvg/b03/mcs30_b03_s25.B00
Reading graphs...
25 :  37
25 :  37
Initializing...
maxdom : 25
D->valSize : 625
Solving...
Blb : 2 (clique : 15)
currentSize : 15 <-- 0.005431 s
currentSize : 16 <-- 0.006724 s
currentSize : 17 <-- 0.310296 s
currentSize : 18 <-- 0.316271 s
currentSize : 19 <-- 5.449587 s

maxsize : 19
nodes : 614493.000000
filtered : 15128479.000000
time : 11.656961
