Parameters: GAD=1 vflib=1 dir=0 label=0 lowerbound=1 fileNameGp=../graphsdb/mcs30/rand/r01/mcs30_r01_s25.A12 fileNameGt=../graphsdb/mcs30/rand/r01/mcs30_r01_s25.B12
Reading graphs...
25 :  60
25 :  57
Initializing...
maxdom : 25
D->valSize : 625
Solving...
Blb : 2 (clique : 11)
currentSize : 11 <-- 0.008925 s
currentSize : 13 <-- 0.009045 s
currentSize : 14 <-- 0.009074 s
currentSize : 15 <-- 0.035929 s
currentSize : 16 <-- 0.173978 s

maxsize : 16
nodes : 3339964.000000
filtered : 89168112.000000
time : 28.267879
