Parameters: GAD=1 vflib=1 dir=0 label=0 lowerbound=1 fileNameGp=../graphsdb/mcs30/m2D/m2Dr2/mcs30_m2Dr2_s30.A79 fileNameGt=../graphsdb/mcs30/m2D/m2Dr2/mcs30_m2Dr2_s30.B79
Reading graphs...
30 :  55
30 :  54
Initializing...
maxdom : 30
D->valSize : 900
Solving...
Blb : 2 (clique : 16)
currentSize : 16 <-- 0.011211 s
currentSize : 17 <-- 0.011377 s
currentSize : 18 <-- 0.024516 s
currentSize : 19 <-- 0.057507 s
currentSize : 20 <-- 0.150087 s
currentSize : 21 <-- 0.503411 s
currentSize : 22 <-- 39.958431 s

maxsize : 22
nodes : 5261374.000000
filtered : 211279913.000000
time : 123.309265
