Parameters: GAD=1 vflib=1 dir=0 label=0 lowerbound=1 fileNameGp=../graphsdb/mcs30/bvg/b06m/mcs30_b06m_s30.A47 fileNameGt=../graphsdb/mcs30/bvg/b06m/mcs30_b06m_s30.B47
Reading graphs...
30 :  86
30 :  87
Initializing...
maxdom : 30
D->valSize : 900
Solving...
Blb : 2 (clique : 14)
currentSize : 14 <-- 0.010422 s
currentSize : 15 <-- 0.012397 s
currentSize : 16 <-- 0.033246 s
currentSize : 17 <-- 0.177458 s
currentSize : 18 <-- 4.748858 s

maxsize : 18
nodes : 26092082.000000
filtered : 865318371.000000
time : 358.559357
