Parameters: GAD=1 vflib=1 dir=0 label=0 lowerbound=1 fileNameGp=../graphsdb/mcs30/m2D/m2Dr6/mcs30_m2Dr6_s30.A90 fileNameGt=../graphsdb/mcs30/m2D/m2Dr6/mcs30_m2Dr6_s30.B90
Reading graphs...
30 :  66
30 :  64
Initializing...
maxdom : 30
D->valSize : 900
Solving...
Blb : 2 (clique : 16)
currentSize : 16 <-- 0.019268 s
currentSize : 17 <-- 0.019492 s
currentSize : 18 <-- 0.025037 s
currentSize : 19 <-- 0.034333 s
currentSize : 20 <-- 45.979328 s

maxsize : 20
nodes : 20803093.000000
filtered : 864230545.000000
time : 549.611206
