Parameters: GAD=1 vflib=1 dir=0 label=0 lowerbound=1 fileNameGp=../graphsdb/mcs30/bvg/b06m/mcs30_b06m_s30.A86 fileNameGt=../graphsdb/mcs30/bvg/b06m/mcs30_b06m_s30.B86
Reading graphs...
30 :  86
30 :  85
Initializing...
maxdom : 30
D->valSize : 900
Solving...
Blb : 2 (clique : 14)
currentSize : 14 <-- 0.010334 s
currentSize : 15 <-- 0.010466 s
currentSize : 16 <-- 0.012828 s
currentSize : 17 <-- 0.124135 s
currentSize : 18 <-- 0.580344 s
currentSize : 19 <-- 220.463364 s

maxsize : 19
nodes : 39413739.000000
filtered : 1533227363.000000
time : 491.399353
