Parameters: GAD=1 vflib=1 dir=0 label=0 lowerbound=1 fileNameGp=../graphsdb/mcs30/bvg/b06/mcs30_b06_s25.A59 fileNameGt=../graphsdb/mcs30/bvg/b06/mcs30_b06_s25.B59
Reading graphs...
25 :  73
25 :  70
Initializing...
maxdom : 25
D->valSize : 625
Solving...
Blb : 2 (clique : 12)
currentSize : 12 <-- 0.005009 s
currentSize : 13 <-- 0.005272 s
currentSize : 14 <-- 0.005504 s
currentSize : 15 <-- 0.005848 s
currentSize : 16 <-- 0.930949 s

maxsize : 16
nodes : 539182.000000
filtered : 13561627.000000
time : 5.285815
