Parameters: GAD=1 vflib=1 dir=0 label=0 lowerbound=1 fileNameGp=../graphsdb/mcs30/bvg/b06m/mcs30_b06m_s30.A84 fileNameGt=../graphsdb/mcs30/bvg/b06m/mcs30_b06m_s30.B84
Reading graphs...
30 :  87
30 :  87
Initializing...
maxdom : 30
D->valSize : 900
Solving...
Blb : 2 (clique : 14)
currentSize : 14 <-- 0.010816 s
currentSize : 15 <-- 0.010946 s
currentSize : 16 <-- 0.011126 s
currentSize : 17 <-- 0.147419 s
currentSize : 18 <-- 1.437222 s

maxsize : 18
nodes : 54424454.000000
filtered : 2401705183.000000
time : 752.142090
