Parameters: GAD=1 vflib=1 dir=0 label=0 lowerbound=1 fileNameGp=../graphsdb/mcs30/m3D/m3Dr2/mcs30_m3Dr2_s30.A65 fileNameGt=../graphsdb/mcs30/m3D/m3Dr2/mcs30_m3Dr2_s30.B65
Reading graphs...
30 :  65
30 :  64
Initializing...
maxdom : 30
D->valSize : 900
Solving...
Blb : 2 (clique : 15)
currentSize : 15 <-- 0.011367 s
currentSize : 16 <-- 0.011498 s
currentSize : 17 <-- 0.012035 s
currentSize : 18 <-- 0.036285 s
currentSize : 19 <-- 0.108835 s
currentSize : 20 <-- 0.261853 s

maxsize : 20
nodes : 38147990.000000
filtered : 1587787962.000000
time : 783.846619
