Parameters: GAD=1 vflib=1 dir=0 label=0 lowerbound=1 fileNameGp=../graphsdb/mcs30/m3D/m3Dr2/mcs30_m3Dr2_s30.A34 fileNameGt=../graphsdb/mcs30/m3D/m3Dr2/mcs30_m3Dr2_s30.B34
Reading graphs...
30 :  66
30 :  67
Initializing...
maxdom : 30
D->valSize : 900
Solving...
Blb : 2 (clique : 16)
currentSize : 16 <-- 0.010970 s
currentSize : 17 <-- 0.011171 s
currentSize : 18 <-- 0.012202 s
currentSize : 19 <-- 0.076649 s
currentSize : 20 <-- 0.249741 s

maxsize : 20
nodes : 14252769.000000
filtered : 579476466.000000
time : 299.391449
