Parameters: GAD=1 vflib=1 dir=0 label=0 lowerbound=1 fileNameGp=../graphsdb/mcs30/m2D/m2D/mcs30_m2D_s30.A46 fileNameGt=../graphsdb/mcs30/m2D/m2D/mcs30_m2D_s30.B46
Reading graphs...
30 :  49
30 :  49
Initializing...
maxdom : 30
D->valSize : 900
Solving...
Blb : 2 (clique : 14)
currentSize : 14 <-- 0.011201 s
currentSize : 15 <-- 0.011326 s
currentSize : 16 <-- 0.011391 s
currentSize : 17 <-- 0.011563 s
currentSize : 18 <-- 0.011640 s
currentSize : 19 <-- 0.025666 s
currentSize : 20 <-- 0.138352 s
currentSize : 21 <-- 0.714994 s
currentSize : 22 <-- 74.048187 s

maxsize : 22
nodes : 7446897.000000
filtered : 380286867.000000
time : 309.724640
