Parameters: GAD=1 vflib=1 dir=0 label=0 lowerbound=1 fileNameGp=../graphsdb/mcs30/rand/r01/mcs30_r01_s35.A68 fileNameGt=../graphsdb/mcs30/rand/r01/mcs30_r01_s35.B68
Reading graphs...
35 :  116
35 :  111
Initializing...
maxdom : 35
D->valSize : 1225
Solving...
Blb : 2 (clique : 14)
currentSize : 14 <-- 0.033845 s
currentSize : 16 <-- 0.034052 s
currentSize : 17 <-- 0.035240 s
currentSize : 18 <-- 0.102207 s
currentSize : 19 <-- 0.939325 s
currentSize : 20 <-- 46.643616 s

TIMEOUT
maxsize : 20
nodes : 336480097.000000
filtered : 10667834518.000000
time : 3600.000000
