Parameters: GAD=1 vflib=1 dir=0 label=0 lowerbound=1 fileNameGp=../graphsdb/mcs30/rand/r005/mcs30_r005_s30.A51 fileNameGt=../graphsdb/mcs30/rand/r005/mcs30_r005_s30.B51
Reading graphs...
30 :  48
30 :  47
Initializing...
maxdom : 30
D->valSize : 900
Solving...
Blb : 2 (clique : 16)
currentSize : 16 <-- 0.011844 s
currentSize : 17 <-- 0.012000 s
currentSize : 18 <-- 0.014717 s
currentSize : 19 <-- 0.115052 s
currentSize : 20 <-- 0.116987 s
currentSize : 21 <-- 0.416635 s
currentSize : 22 <-- 6.060553 s
currentSize : 23 <-- 17.413824 s

maxsize : 23
nodes : 10428519.000000
filtered : 814531345.000000
time : 474.873718
