Parameters: GAD=1 vflib=1 dir=0 label=0 lowerbound=1 fileNameGp=../graphsdb/mcs30/bvg/b03m/mcs30_b03m_s20.A67 fileNameGt=../graphsdb/mcs30/bvg/b03m/mcs30_b03m_s20.B67
Reading graphs...
20 :  29
20 :  29
Initializing...
maxdom : 20
D->valSize : 400
Solving...
Blb : 2 (clique : 12)
currentSize : 12 <-- 0.004057 s
currentSize : 13 <-- 0.004182 s
currentSize : 14 <-- 0.005565 s
currentSize : 15 <-- 0.005739 s
currentSize : 16 <-- 0.012552 s

maxsize : 16
nodes : 6223.000000
filtered : 300669.000000
time : 0.159935
