Parameters: GAD=1 vflib=1 dir=0 label=0 lowerbound=1 fileNameGp=../graphsdb/mcs30/bvg/b06/mcs30_b06_s35.A46 fileNameGt=../graphsdb/mcs30/bvg/b06/mcs30_b06_s35.B46
Reading graphs...
35 :  102
35 :  99
Initializing...
maxdom : 35
D->valSize : 1225
Solving...
Blb : 2 (clique : 18)
currentSize : 18 <-- 0.034961 s
currentSize : 19 <-- 0.035449 s
currentSize : 20 <-- 0.496775 s
currentSize : 21 <-- 52.117146 s
currentSize : 22 <-- 377.241241 s

maxsize : 22
nodes : 131366717.000000
filtered : 6433379942.000000
time : 3275.165527
