Parameters: GAD=1 vflib=1 dir=0 label=0 lowerbound=1 fileNameGp=../graphsdb/mcs30/m3D/m3Dr2/mcs30_m3Dr2_s30.A72 fileNameGt=../graphsdb/mcs30/m3D/m3Dr2/mcs30_m3Dr2_s30.B72
Reading graphs...
30 :  67
30 :  66
Initializing...
maxdom : 30
D->valSize : 900
Solving...
Blb : 2 (clique : 16)
currentSize : 16 <-- 0.019126 s
currentSize : 17 <-- 0.059136 s
currentSize : 18 <-- 0.060995 s
currentSize : 19 <-- 0.467630 s
currentSize : 20 <-- 2.408920 s
currentSize : 21 <-- 41.117935 s

maxsize : 21
nodes : 4246467.000000
filtered : 186422133.000000
time : 89.189232
