Parameters: GAD=1 vflib=1 dir=0 label=0 lowerbound=1 fileNameGp=../graphsdb/mcs30/rand/r02/mcs30_r02_s30.A70 fileNameGt=../graphsdb/mcs30/rand/r02/mcs30_r02_s30.B70
Reading graphs...
30 :  154
30 :  156
Initializing...
maxdom : 30
D->valSize : 900
Solving...
Blb : 2 (clique : 11)
currentSize : 11 <-- 0.016307 s
currentSize : 12 <-- 0.016884 s
currentSize : 13 <-- 0.026420 s
currentSize : 14 <-- 2.494982 s
currentSize : 15 <-- 211.007782 s

maxsize : 15
nodes : 80497369.000000
filtered : 1105824582.000000
time : 344.854706
