Parameters: GAD=1 vflib=1 dir=0 label=0 lowerbound=1 fileNameGp=../graphsdb/mcs30/m3D/m3Dr2/mcs30_m3Dr2_s25.A11 fileNameGt=../graphsdb/mcs30/m3D/m3Dr2/mcs30_m3Dr2_s25.B11
Reading graphs...
25 :  53
25 :  51
Initializing...
maxdom : 25
D->valSize : 625
Solving...
Blb : 2 (clique : 13)
currentSize : 13 <-- 0.005611 s
currentSize : 14 <-- 0.005706 s
currentSize : 15 <-- 0.005750 s
currentSize : 16 <-- 0.005859 s
currentSize : 17 <-- 0.012736 s

maxsize : 17
nodes : 1651971.000000
filtered : 61287059.000000
time : 20.500244
