Parameters: GAD=1 vflib=1 dir=0 label=0 lowerbound=1 fileNameGp=../graphsdb/mcs30/m3D/m3D/mcs30_m3D_s25.A94 fileNameGt=../graphsdb/mcs30/m3D/m3D/mcs30_m3D_s25.B94
Reading graphs...
25 :  45
25 :  48
Initializing...
maxdom : 25
D->valSize : 625
Solving...
Blb : 5 (clique : 14)
currentSize : 14 <-- 0.005434 s
currentSize : 15 <-- 0.005534 s
currentSize : 16 <-- 0.006627 s
currentSize : 17 <-- 0.166425 s
currentSize : 18 <-- 1.488315 s

maxsize : 18
nodes : 522414.000000
filtered : 17471863.000000
time : 8.954240
