Parameters: GAD=1 vflib=1 dir=0 label=0 lowerbound=1 fileNameGp=../graphsdb/mcs30/m3D/m3Dr6/mcs30_m3Dr6_s25.A98 fileNameGt=../graphsdb/mcs30/m3D/m3Dr6/mcs30_m3Dr6_s25.B98
Reading graphs...
25 :  59
25 :  58
Initializing...
maxdom : 25
D->valSize : 625
Solving...
Blb : 2 (clique : 13)
currentSize : 13 <-- 0.005096 s
currentSize : 14 <-- 0.005392 s
currentSize : 15 <-- 0.005845 s
currentSize : 16 <-- 0.615215 s
currentSize : 17 <-- 1.477987 s

maxsize : 17
nodes : 596737.000000
filtered : 20197309.000000
time : 7.877220
