Parameters: GAD=1 vflib=1 dir=0 label=0 lowerbound=1 fileNameGp=../graphsdb/mcs30/bvg/b06/mcs30_b06_s35.A10 fileNameGt=../graphsdb/mcs30/bvg/b06/mcs30_b06_s35.B10
Reading graphs...
35 :  105
35 :  103
Initializing...
maxdom : 35
D->valSize : 1225
Solving...
Blb : 2 (clique : 15)
currentSize : 15 <-- 0.020069 s
currentSize : 16 <-- 0.020222 s
currentSize : 17 <-- 0.021113 s
currentSize : 18 <-- 0.027614 s
currentSize : 19 <-- 0.285881 s
currentSize : 20 <-- 9.378669 s
currentSize : 21 <-- 30.511570 s
currentSize : 22 <-- 2854.602051 s

TIMEOUT
maxsize : 22
nodes : 192478437.000000
filtered : 8453344635.000000
time : 3600.000488
