Parameters: GAD=1 vflib=1 dir=0 label=0 lowerbound=1 fileNameGp=../graphsdb/mcs30/m3D/m3Dr4/mcs30_m3Dr4_s25.A61 fileNameGt=../graphsdb/mcs30/m3D/m3Dr4/mcs30_m3Dr4_s25.B61
Reading graphs...
25 :  56
25 :  53
Initializing...
maxdom : 25
D->valSize : 625
Solving...
Blb : 2 (clique : 12)
currentSize : 12 <-- 0.005467 s
currentSize : 13 <-- 0.005556 s
currentSize : 14 <-- 0.005603 s
currentSize : 15 <-- 0.006207 s
currentSize : 16 <-- 0.118673 s
currentSize : 17 <-- 0.808958 s

maxsize : 17
nodes : 795032.000000
filtered : 26211302.000000
time : 10.976031
