Parameters: GAD=1 vflib=1 dir=0 label=0 lowerbound=1 fileNameGp=../graphsdb/mcs30/m2D/m2Dr2/mcs30_m2Dr2_s30.A93 fileNameGt=../graphsdb/mcs30/m2D/m2Dr2/mcs30_m2Dr2_s30.B93
Reading graphs...
30 :  54
30 :  53
Initializing...
maxdom : 30
D->valSize : 900
Solving...
Blb : 2 (clique : 17)
currentSize : 17 <-- 0.012223 s
currentSize : 19 <-- 0.012462 s
currentSize : 20 <-- 0.040342 s
currentSize : 21 <-- 0.061720 s
currentSize : 22 <-- 0.210403 s

maxsize : 22
nodes : 2197074.000000
filtered : 119890119.000000
time : 89.890228
