Parameters: GAD=1 vflib=1 dir=0 label=0 lowerbound=1 fileNameGp=../graphsdb/mcs30/bvg/b06/mcs30_b06_s35.A64 fileNameGt=../graphsdb/mcs30/bvg/b06/mcs30_b06_s35.B64
Reading graphs...
35 :  105
35 :  102
Initializing...
maxdom : 35
D->valSize : 1225
Solving...
Blb : 2 (clique : 16)
currentSize : 16 <-- 0.019415 s
currentSize : 17 <-- 0.019633 s
currentSize : 18 <-- 0.019777 s
currentSize : 19 <-- 0.071122 s
currentSize : 20 <-- 0.844798 s
currentSize : 21 <-- 7.837019 s

TIMEOUT
maxsize : 21
nodes : 140545618.000000
filtered : 6519061487.000000
time : 3600.000244
