Parameters: GAD=1 vflib=1 dir=0 label=0 lowerbound=1 fileNameGp=../graphsdb/mcs30/bvg/b03/mcs30_b03_s25.A82 fileNameGt=../graphsdb/mcs30/bvg/b03/mcs30_b03_s25.B82
Reading graphs...
25 :  37
25 :  37
Initializing...
maxdom : 25
D->valSize : 625
Solving...
Blb : 2 (clique : 14)
currentSize : 14 <-- 0.009623 s
currentSize : 15 <-- 0.009768 s
currentSize : 16 <-- 0.009844 s
currentSize : 17 <-- 0.093168 s
currentSize : 18 <-- 5.636211 s

maxsize : 18
nodes : 2220228.000000
filtered : 100870498.000000
time : 59.176270
