Parameters: GAD=1 vflib=1 dir=0 label=0 lowerbound=1 fileNameGp=../graphsdb/mcs30/rand/r01/mcs30_r01_s30.A78 fileNameGt=../graphsdb/mcs30/rand/r01/mcs30_r01_s30.B78
Reading graphs...
30 :  83
30 :  86
Initializing...
maxdom : 30
D->valSize : 900
Solving...
Blb : 2 (clique : 14)
currentSize : 14 <-- 0.015001 s
currentSize : 15 <-- 0.015127 s
currentSize : 16 <-- 0.015804 s
currentSize : 17 <-- 0.048591 s
currentSize : 18 <-- 9.845825 s

maxsize : 18
nodes : 66844871.000000
filtered : 2094159877.000000
time : 744.579468
