Parameters: GAD=1 vflib=1 dir=0 label=0 lowerbound=1 fileNameGp=../graphsdb/mcs30/m3D/m3D/mcs30_m3D_s30.A94 fileNameGt=../graphsdb/mcs30/m3D/m3D/mcs30_m3D_s30.B94
Reading graphs...
30 :  59
30 :  58
Initializing...
maxdom : 30
D->valSize : 900
Solving...
Blb : 2 (clique : 16)
currentSize : 16 <-- 0.011275 s
currentSize : 17 <-- 0.011447 s
currentSize : 18 <-- 0.012740 s
currentSize : 19 <-- 0.013642 s
currentSize : 20 <-- 0.102363 s
currentSize : 21 <-- 18.188889 s

maxsize : 21
nodes : 25098383.000000
filtered : 1331944881.000000
time : 762.783936
