Parameters: GAD=1 vflib=1 dir=0 label=0 lowerbound=1 fileNameGp=../graphsdb/mcs30/rand/r02/mcs30_r02_s30.A75 fileNameGt=../graphsdb/mcs30/rand/r02/mcs30_r02_s30.B75
Reading graphs...
30 :  153
30 :  150
Initializing...
maxdom : 30
D->valSize : 900
Solving...
Blb : 2 (clique : 10)
currentSize : 10 <-- 0.014361 s
currentSize : 12 <-- 0.014469 s
currentSize : 13 <-- 0.024658 s
currentSize : 14 <-- 0.943151 s
currentSize : 15 <-- 67.166046 s

maxsize : 15
nodes : 62789253.000000
filtered : 1022306879.000000
time : 291.543732
