Parameters: GAD=1 vflib=1 dir=0 label=0 lowerbound=1 fileNameGp=../graphsdb/mcs30/bvg/b03/mcs30_b03_s35.A79 fileNameGt=../graphsdb/mcs30/bvg/b03/mcs30_b03_s35.B79
Reading graphs...
35 :  52
35 :  52
Initializing...
maxdom : 35
D->valSize : 1225
Solving...
Blb : 2 (clique : 21)
currentSize : 21 <-- 0.037852 s
currentSize : 22 <-- 0.039511 s
currentSize : 23 <-- 0.040097 s
currentSize : 24 <-- 2.294754 s
currentSize : 25 <-- 2.810946 s
currentSize : 26 <-- 13.907004 s
currentSize : 27 <-- 16.576466 s

maxsize : 27
nodes : 8651393.000000
filtered : 579478226.000000
time : 592.370361
