Parameters: GAD=1 vflib=1 dir=0 label=0 lowerbound=1 fileNameGp=../graphsdb/mcs30/rand/r02/mcs30_r02_s35.A88 fileNameGt=../graphsdb/mcs30/rand/r02/mcs30_r02_s35.B88
Reading graphs...
35 :  212
35 :  212
Initializing...
maxdom : 35
D->valSize : 1225
Solving...
Blb : 2 (clique : 11)
currentSize : 11 <-- 0.017660 s
currentSize : 12 <-- 0.017806 s
currentSize : 13 <-- 0.018079 s
currentSize : 14 <-- 0.018921 s
currentSize : 15 <-- 0.458807 s
currentSize : 16 <-- 616.859985 s

TIMEOUT
maxsize : 16
nodes : 793538752.000000
filtered : 12409956341.000000
time : 3600.000000
