Parameters: GAD=1 vflib=1 dir=0 label=0 lowerbound=1 fileNameGp=../graphsdb/mcs30/rand/r005/mcs30_r005_s25.A63 fileNameGt=../graphsdb/mcs30/rand/r005/mcs30_r005_s25.B63
Reading graphs...
25 :  34
25 :  33
Initializing...
maxdom : 25
D->valSize : 625
Solving...
Blb : 2 (clique : 16)
currentSize : 16 <-- 0.009679 s
currentSize : 17 <-- 0.009961 s
currentSize : 18 <-- 0.010366 s
currentSize : 19 <-- 0.034648 s
currentSize : 20 <-- 1.129883 s

maxsize : 20
nodes : 54207.000000
filtered : 2883452.000000
time : 3.213031
