Parameters: GAD=1 vflib=1 dir=0 label=0 lowerbound=1 fileNameGp=../graphsdb/mcs30/bvg/b03/mcs30_b03_s30.A93 fileNameGt=../graphsdb/mcs30/bvg/b03/mcs30_b03_s30.B93
Reading graphs...
30 :  45
30 :  45
Initializing...
maxdom : 30
D->valSize : 900
Solving...
Blb : 2 (clique : 19)
currentSize : 19 <-- 0.011637 s
currentSize : 20 <-- 0.033802 s
currentSize : 21 <-- 0.036184 s
currentSize : 22 <-- 0.552882 s
currentSize : 23 <-- 3.435018 s

maxsize : 23
nodes : 1157092.000000
filtered : 67692050.000000
time : 85.813042
