Parameters: GAD=1 vflib=1 dir=0 label=0 lowerbound=1 fileNameGp=../graphsdb/mcs30/m3D/m3Dr2/mcs30_m3Dr2_s30.A18 fileNameGt=../graphsdb/mcs30/m3D/m3Dr2/mcs30_m3Dr2_s30.B18
Reading graphs...
30 :  65
30 :  62
Initializing...
maxdom : 30
D->valSize : 900
Solving...
Blb : 2 (clique : 15)
currentSize : 15 <-- 0.011267 s
currentSize : 16 <-- 0.011407 s
currentSize : 17 <-- 0.011440 s
currentSize : 18 <-- 0.011718 s
currentSize : 19 <-- 0.340406 s
currentSize : 20 <-- 226.732910 s

maxsize : 20
nodes : 43157277.000000
filtered : 1658177542.000000
time : 928.663452
