Parameters: GAD=1 vflib=1 dir=0 label=0 lowerbound=1 fileNameGp=../graphsdb/mcs30/m2D/m2D/mcs30_m2D_s30.A91 fileNameGt=../graphsdb/mcs30/m2D/m2D/mcs30_m2D_s30.B91
Reading graphs...
30 :  49
30 :  49
Initializing...
maxdom : 30
D->valSize : 900
Solving...
Blb : 2 (clique : 19)
currentSize : 19 <-- 0.020064 s
currentSize : 20 <-- 0.020504 s
currentSize : 21 <-- 0.020544 s
currentSize : 22 <-- 0.135842 s
currentSize : 23 <-- 14.112500 s

maxsize : 23
nodes : 1038757.000000
filtered : 58776124.000000
time : 56.543034
