Parameters: GAD=1 vflib=1 dir=0 label=0 lowerbound=1 fileNameGp=../graphsdb/mcs30/rand/r01/mcs30_r01_s30.A47 fileNameGt=../graphsdb/mcs30/rand/r01/mcs30_r01_s30.B47
Reading graphs...
30 :  82
30 :  83
Initializing...
maxdom : 30
D->valSize : 900
Solving...
Blb : 2 (clique : 15)
currentSize : 15 <-- 0.011132 s
currentSize : 16 <-- 0.022188 s
currentSize : 17 <-- 0.035277 s
currentSize : 18 <-- 0.522319 s
currentSize : 19 <-- 126.571404 s

maxsize : 19
nodes : 37030031.000000
filtered : 1234842990.000000
time : 379.343414
