Parameters: GAD=1 vflib=1 dir=0 label=0 lowerbound=1 fileNameGp=../graphsdb/mcs30/bvg/b03m/mcs30_b03m_s20.A86 fileNameGt=../graphsdb/mcs30/bvg/b03m/mcs30_b03m_s20.B86
Reading graphs...
20 :  30
20 :  30
Initializing...
maxdom : 20
D->valSize : 400
Solving...
Blb : 2 (clique : 11)
currentSize : 11 <-- 0.002326 s
currentSize : 12 <-- 0.002393 s
currentSize : 13 <-- 0.002406 s
currentSize : 14 <-- 0.002721 s
currentSize : 15 <-- 0.079125 s

maxsize : 15
nodes : 68143.000000
filtered : 2538767.000000
time : 0.660425
