Parameters: GAD=1 vflib=1 dir=0 label=0 lowerbound=1 fileNameGp=../graphsdb/mcs30/bvg/b06/mcs30_b06_s25.A48 fileNameGt=../graphsdb/mcs30/bvg/b06/mcs30_b06_s25.B48
Reading graphs...
25 :  75
25 :  70
Initializing...
maxdom : 25
D->valSize : 625
Solving...
Blb : 3 (clique : 12)
currentSize : 12 <-- 0.005044 s
currentSize : 13 <-- 0.011386 s
currentSize : 14 <-- 0.011988 s
currentSize : 15 <-- 0.150805 s
currentSize : 16 <-- 1.580498 s

maxsize : 16
nodes : 1087322.000000
filtered : 34437943.000000
time : 10.612719
