Parameters: GAD=1 vflib=1 dir=0 label=0 lowerbound=1 fileNameGp=../graphsdb/mcs30/m2D/m2Dr4/mcs30_m2Dr4_s30.A21 fileNameGt=../graphsdb/mcs30/m2D/m2Dr4/mcs30_m2Dr4_s30.B21
Reading graphs...
30 :  57
30 :  58
Initializing...
maxdom : 30
D->valSize : 900
Solving...
Blb : 2 (clique : 16)
currentSize : 16 <-- 0.011606 s
currentSize : 17 <-- 0.011728 s
currentSize : 18 <-- 0.015896 s
currentSize : 19 <-- 0.147830 s
currentSize : 20 <-- 7.330713 s
currentSize : 21 <-- 14.278374 s

maxsize : 21
nodes : 9397707.000000
filtered : 471003656.000000
time : 350.408936
