Parameters: GAD=1 vflib=1 dir=0 label=0 lowerbound=1 fileNameGp=../graphsdb/mcs30/bvg/b03m/mcs30_b03m_s25.A36 fileNameGt=../graphsdb/mcs30/bvg/b03m/mcs30_b03m_s25.B36
Reading graphs...
25 :  37
25 :  36
Initializing...
maxdom : 25
D->valSize : 625
Solving...
Blb : 2 (clique : 14)
currentSize : 14 <-- 0.005485 s
currentSize : 15 <-- 0.005670 s
currentSize : 16 <-- 0.182469 s
currentSize : 17 <-- 0.182519 s
currentSize : 18 <-- 0.183938 s
currentSize : 19 <-- 0.413065 s

maxsize : 19
nodes : 862284.000000
filtered : 47728960.000000
time : 30.062960
