Parameters: GAD=1 vflib=1 dir=0 label=0 lowerbound=1 fileNameGp=../graphsdb/mcs30/rand/r005/mcs30_r005_s25.A03 fileNameGt=../graphsdb/mcs30/rand/r005/mcs30_r005_s25.B03
Reading graphs...
25 :  34
25 :  34
Initializing...
maxdom : 25
D->valSize : 625
Solving...
Blb : 2 (clique : 14)
currentSize : 14 <-- 0.009650 s
currentSize : 17 <-- 0.009805 s
currentSize : 18 <-- 0.009913 s
currentSize : 19 <-- 0.010079 s
currentSize : 20 <-- 3.832777 s

maxsize : 20
nodes : 227229.000000
filtered : 10718087.000000
time : 6.950528
