Parameters: GAD=1 vflib=1 dir=0 label=0 lowerbound=1 fileNameGp=../graphsdb/mcs30/bvg/b06/mcs30_b06_s30.A42 fileNameGt=../graphsdb/mcs30/bvg/b06/mcs30_b06_s30.B42
Reading graphs...
30 :  88
30 :  88
Initializing...
maxdom : 30
D->valSize : 900
Solving...
Blb : 2 (clique : 14)
currentSize : 14 <-- 0.018090 s
currentSize : 15 <-- 0.025940 s
currentSize : 16 <-- 0.047143 s
currentSize : 17 <-- 0.589109 s
currentSize : 18 <-- 0.981581 s
currentSize : 19 <-- 8.854684 s

maxsize : 19
nodes : 10803248.000000
filtered : 454660019.000000
time : 163.665176
