Parameters: GAD=1 vflib=1 dir=0 label=0 lowerbound=1 fileNameGp=../graphsdb/mcs30/rand/r02/mcs30_r02_s35.A86 fileNameGt=../graphsdb/mcs30/rand/r02/mcs30_r02_s35.B86
Reading graphs...
35 :  210
35 :  202
Initializing...
maxdom : 35
D->valSize : 1225
Solving...
Blb : 5 (clique : 11)
currentSize : 11 <-- 0.022580 s
currentSize : 12 <-- 0.022733 s
currentSize : 13 <-- 0.026313 s
currentSize : 14 <-- 0.161948 s
currentSize : 15 <-- 0.277685 s
currentSize : 16 <-- 485.541595 s

TIMEOUT
maxsize : 16
nodes : 765957376.000000
filtered : 12280328662.000000
time : 3600.000000
