Parameters: GAD=1 vflib=1 dir=0 label=0 lowerbound=1 fileNameGp=../graphsdb/mcs30/bvg/b03/mcs30_b03_s35.A45 fileNameGt=../graphsdb/mcs30/bvg/b03/mcs30_b03_s35.B45
Reading graphs...
35 :  52
35 :  51
Initializing...
maxdom : 35
D->valSize : 1225
Solving...
Blb : 2 (clique : 22)
currentSize : 22 <-- 0.021635 s
currentSize : 23 <-- 0.191045 s
currentSize : 24 <-- 0.275074 s
currentSize : 25 <-- 7.084589 s
currentSize : 26 <-- 30.277693 s
currentSize : 27 <-- 983.028198 s

TIMEOUT
maxsize : 27
nodes : 38718168.000000
filtered : 3136425929.000000
time : 3600.000000
