Parameters: GAD=1 vflib=1 dir=0 label=0 lowerbound=1 fileNameGp=../graphsdb/mcs30/bvg/b09/mcs30_b09_s35.A85 fileNameGt=../graphsdb/mcs30/bvg/b09/mcs30_b09_s35.B85
Reading graphs...
35 :  150
35 :  150
Initializing...
maxdom : 35
D->valSize : 1225
Solving...
Blb : 2 (clique : 15)
currentSize : 15 <-- 0.018263 s
currentSize : 16 <-- 0.108702 s
currentSize : 17 <-- 1.219015 s
currentSize : 18 <-- 1.228163 s
currentSize : 19 <-- 1.385918 s
currentSize : 20 <-- 13.918318 s

maxsize : 20
nodes : 112792796.000000
filtered : 3688772498.000000
time : 1186.933838
