Parameters: GAD=1 vflib=1 dir=0 label=0 lowerbound=1 fileNameGp=../graphsdb/mcs30/m3D/m3D/mcs30_m3D_s30.A56 fileNameGt=../graphsdb/mcs30/m3D/m3D/mcs30_m3D_s30.B56
Reading graphs...
30 :  61
30 :  59
Initializing...
maxdom : 30
D->valSize : 900
Solving...
Blb : 2 (clique : 17)
currentSize : 17 <-- 0.010964 s
currentSize : 18 <-- 0.011211 s
currentSize : 19 <-- 0.011348 s
currentSize : 20 <-- 1.560347 s
currentSize : 21 <-- 36.302753 s

maxsize : 21
nodes : 6498548.000000
filtered : 259239345.000000
time : 144.947372
