Parameters: GAD=1 vflib=1 dir=0 label=0 lowerbound=1 fileNameGp=../graphsdb/mcs30/m3D/m3Dr2/mcs30_m3Dr2_s30.A54 fileNameGt=../graphsdb/mcs30/m3D/m3Dr2/mcs30_m3Dr2_s30.B54
Reading graphs...
30 :  63
30 :  64
Initializing...
maxdom : 30
D->valSize : 900
Solving...
Blb : 2 (clique : 15)
currentSize : 15 <-- 0.011128 s
currentSize : 16 <-- 0.011248 s
currentSize : 17 <-- 0.011333 s
currentSize : 18 <-- 0.011477 s
currentSize : 19 <-- 2.457440 s
currentSize : 20 <-- 15.253610 s

maxsize : 20
nodes : 14807956.000000
filtered : 565397773.000000
time : 322.328217
