Parameters: GAD=1 vflib=1 dir=0 label=0 lowerbound=1 fileNameGp=../graphsdb/mcs30/bvg/b09/mcs30_b09_s35.A63 fileNameGt=../graphsdb/mcs30/bvg/b09/mcs30_b09_s35.B63
Reading graphs...
35 :  153
35 :  149
Initializing...
maxdom : 35
D->valSize : 1225
Solving...
Blb : 3 (clique : 14)
currentSize : 14 <-- 0.018795 s
currentSize : 15 <-- 0.021231 s
currentSize : 16 <-- 0.025126 s
currentSize : 17 <-- 0.080912 s
currentSize : 18 <-- 0.681672 s
currentSize : 19 <-- 1.655254 s
currentSize : 20 <-- 566.706421 s

maxsize : 20
nodes : 118525353.000000
filtered : 4522252343.000000
time : 1342.913208
