Parameters: GAD=1 vflib=1 dir=0 label=0 lowerbound=1 fileNameGp=../graphsdb/mcs30/rand/r005/mcs30_r005_s35.A77 fileNameGt=../graphsdb/mcs30/rand/r005/mcs30_r005_s35.B77
Reading graphs...
35 :  63
35 :  64
Initializing...
maxdom : 35
D->valSize : 1225
Solving...
Blb : 2 (clique : 20)
currentSize : 20 <-- 0.021235 s
currentSize : 21 <-- 0.021458 s
currentSize : 22 <-- 0.022431 s
currentSize : 23 <-- 0.682787 s
currentSize : 24 <-- 0.700679 s
currentSize : 25 <-- 2219.754150 s

TIMEOUT
maxsize : 25
nodes : 76445213.000000
filtered : 4792809426.000000
time : 3600.000000
