Parameters: GAD=1 vflib=1 dir=0 label=0 lowerbound=1 fileNameGp=../graphsdb/mcs30/bvg/b03m/mcs30_b03m_s35.A70 fileNameGt=../graphsdb/mcs30/bvg/b03m/mcs30_b03m_s35.B70
Reading graphs...
35 :  52
35 :  51
Initializing...
maxdom : 35
D->valSize : 1225
Solving...
Blb : 2 (clique : 21)
currentSize : 21 <-- 0.021807 s
currentSize : 22 <-- 0.022020 s
currentSize : 23 <-- 0.022112 s
currentSize : 24 <-- 0.022364 s
currentSize : 25 <-- 0.023522 s
currentSize : 26 <-- 19.736799 s
currentSize : 27 <-- 24.359844 s

TIMEOUT
maxsize : 27
nodes : 38687500.000000
filtered : 3210670790.000000
time : 3600.000244
