Parameters: GAD=1 vflib=1 dir=0 label=0 lowerbound=1 fileNameGp=../graphsdb/mcs30/m3D/m3Dr6/mcs30_m3Dr6_s30.A23 fileNameGt=../graphsdb/mcs30/m3D/m3Dr6/mcs30_m3Dr6_s30.B23
Reading graphs...
30 :  77
30 :  75
Initializing...
maxdom : 30
D->valSize : 900
Solving...
Blb : 2 (clique : 15)
currentSize : 15 <-- 0.018676 s
currentSize : 16 <-- 0.019083 s
currentSize : 17 <-- 0.044378 s
currentSize : 18 <-- 0.070982 s
currentSize : 19 <-- 17.642586 s

maxsize : 19
nodes : 22798075.000000
filtered : 789826851.000000
time : 366.613159
