Parameters: GAD=1 vflib=1 dir=0 label=0 lowerbound=1 fileNameGp=../graphsdb/mcs30/bvg/b06/mcs30_b06_s25.A04 fileNameGt=../graphsdb/mcs30/bvg/b06/mcs30_b06_s25.B04
Reading graphs...
25 :  70
25 :  73
Initializing...
maxdom : 25
D->valSize : 625
Solving...
Blb : 5 (clique : 12)
currentSize : 12 <-- 0.005012 s
currentSize : 13 <-- 0.005170 s
currentSize : 14 <-- 0.010984 s
currentSize : 15 <-- 0.049937 s
currentSize : 16 <-- 5.713954 s

maxsize : 16
nodes : 1273556.000000
filtered : 31278268.000000
time : 10.996197
