Parameters: GAD=1 vflib=1 dir=0 label=0 lowerbound=1 fileNameGp=../graphsdb/mcs30/m3D/m3Dr4/mcs30_m3Dr4_s30.A83 fileNameGt=../graphsdb/mcs30/m3D/m3Dr4/mcs30_m3Dr4_s30.B83
Reading graphs...
30 :  70
30 :  70
Initializing...
maxdom : 30
D->valSize : 900
Solving...
Blb : 2 (clique : 16)
currentSize : 16 <-- 0.018804 s
currentSize : 17 <-- 0.025902 s
currentSize : 18 <-- 0.131254 s
currentSize : 19 <-- 1.584440 s
currentSize : 20 <-- 20.296940 s

maxsize : 20
nodes : 8525189.000000
filtered : 377843977.000000
time : 180.970749
