Parameters: GAD=1 vflib=1 dir=0 label=0 lowerbound=1 fileNameGp=../graphsdb/mcs30/bvg/b06m/mcs30_b06m_s35.A11 fileNameGt=../graphsdb/mcs30/bvg/b06m/mcs30_b06m_s35.B11
Reading graphs...
35 :  102
35 :  100
Initializing...
maxdom : 35
D->valSize : 1225
Solving...
Blb : 2 (clique : 15)
currentSize : 15 <-- 0.020045 s
currentSize : 17 <-- 0.020266 s
currentSize : 18 <-- 0.021470 s
currentSize : 19 <-- 0.140462 s
currentSize : 20 <-- 6.153342 s
currentSize : 21 <-- 124.843781 s

TIMEOUT
maxsize : 21
nodes : 214614657.000000
filtered : 9443353529.000000
time : 3600.000000
