Parameters: GAD=1 vflib=1 dir=0 label=0 lowerbound=1 fileNameGp=../graphsdb/mcs30/rand/r01/mcs30_r01_s30.A56 fileNameGt=../graphsdb/mcs30/rand/r01/mcs30_r01_s30.B56
Reading graphs...
30 :  82
30 :  87
Initializing...
maxdom : 30
D->valSize : 900
Solving...
Blb : 2 (clique : 13)
currentSize : 13 <-- 0.018293 s
currentSize : 14 <-- 0.018545 s
currentSize : 15 <-- 0.018972 s
currentSize : 16 <-- 0.055992 s
currentSize : 17 <-- 0.073498 s
currentSize : 18 <-- 4.952005 s
currentSize : 19 <-- 303.342010 s

maxsize : 19
nodes : 40723521.000000
filtered : 1128053969.000000
time : 403.052856
