Parameters: GAD=1 vflib=1 dir=0 label=0 lowerbound=1 fileNameGp=../graphsdb/mcs30/m3D/m3Dr4/mcs30_m3Dr4_s30.A74 fileNameGt=../graphsdb/mcs30/m3D/m3Dr4/mcs30_m3Dr4_s30.B74
Reading graphs...
30 :  70
30 :  71
Initializing...
maxdom : 30
D->valSize : 900
Solving...
Blb : 2 (clique : 16)
currentSize : 16 <-- 0.019073 s
currentSize : 17 <-- 0.025647 s
currentSize : 18 <-- 0.040056 s
currentSize : 19 <-- 0.981132 s
currentSize : 20 <-- 216.043625 s

maxsize : 20
nodes : 31838124.000000
filtered : 1133223254.000000
time : 524.663574
