Parameters: GAD=1 vflib=1 dir=0 label=0 lowerbound=1 fileNameGp=../graphsdb/mcs30/rand/r01/mcs30_r01_s35.A82 fileNameGt=../graphsdb/mcs30/rand/r01/mcs30_r01_s35.B82
Reading graphs...
35 :  116
35 :  114
Initializing...
maxdom : 35
D->valSize : 1225
Solving...
Blb : 2 (clique : 15)
currentSize : 15 <-- 0.019225 s
currentSize : 16 <-- 0.019377 s
currentSize : 17 <-- 0.019784 s
currentSize : 18 <-- 0.027111 s
currentSize : 19 <-- 4.843285 s
currentSize : 20 <-- 565.206299 s

TIMEOUT
maxsize : 20
nodes : 333232759.000000
filtered : 10726840527.000000
time : 3600.000000
