Parameters: GAD=1 vflib=1 dir=0 label=0 lowerbound=1 fileNameGp=../graphsdb/mcs30/bvg/b06m/mcs30_b06m_s35.A02 fileNameGt=../graphsdb/mcs30/bvg/b06m/mcs30_b06m_s35.B02
Reading graphs...
35 :  104
35 :  102
Initializing...
maxdom : 35
D->valSize : 1225
Solving...
Blb : 2 (clique : 16)
currentSize : 16 <-- 0.019817 s
currentSize : 17 <-- 0.022575 s
currentSize : 18 <-- 0.022997 s
currentSize : 19 <-- 11.394736 s
currentSize : 20 <-- 11.691502 s
currentSize : 21 <-- 17.573488 s

TIMEOUT
maxsize : 21
nodes : 232335142.000000
filtered : 9105414154.000000
time : 3600.000000
