Parameters: GAD=1 vflib=1 dir=0 label=0 lowerbound=1 fileNameGp=../graphsdb/mcs30/rand/r01/mcs30_r01_s35.A03 fileNameGt=../graphsdb/mcs30/rand/r01/mcs30_r01_s35.B03
Reading graphs...
35 :  113
35 :  114
Initializing...
maxdom : 35
D->valSize : 1225
Solving...
Blb : 2 (clique : 14)
currentSize : 14 <-- 0.019255 s
currentSize : 15 <-- 0.019900 s
currentSize : 16 <-- 0.024016 s
currentSize : 17 <-- 0.042706 s
currentSize : 18 <-- 0.426608 s
currentSize : 19 <-- 1.453802 s
currentSize : 20 <-- 988.211792 s

TIMEOUT
maxsize : 20
nodes : 425190320.000000
filtered : 11281446480.000000
time : 3600.000000
