Parameters: GAD=1 vflib=1 dir=0 label=0 lowerbound=1 fileNameGp=../graphsdb/mcs30/bvg/b09/mcs30_b09_s35.A98 fileNameGt=../graphsdb/mcs30/bvg/b09/mcs30_b09_s35.B98
Reading graphs...
35 :  153
35 :  152
Initializing...
maxdom : 35
D->valSize : 1225
Solving...
Blb : 5 (clique : 14)
currentSize : 14 <-- 0.019182 s
currentSize : 15 <-- 0.021633 s
currentSize : 16 <-- 0.064712 s
currentSize : 17 <-- 1.373390 s
currentSize : 18 <-- 2.291447 s
currentSize : 19 <-- 2.792891 s
currentSize : 20 <-- 1322.209961 s

maxsize : 20
nodes : 225246637.000000
filtered : 6620980096.000000
time : 2024.249756
