Parameters: GAD=1 vflib=1 dir=0 label=0 lowerbound=1 fileNameGp=../graphsdb/mcs30/m3D/m3D/mcs30_m3D_s25.A58 fileNameGt=../graphsdb/mcs30/m3D/m3D/mcs30_m3D_s25.B58
Reading graphs...
25 :  47
25 :  48
Initializing...
maxdom : 25
D->valSize : 625
Solving...
Blb : 3 (clique : 14)
currentSize : 14 <-- 0.005467 s
currentSize : 15 <-- 0.006832 s
currentSize : 16 <-- 0.020872 s
currentSize : 17 <-- 0.042583 s
currentSize : 18 <-- 1.523759 s

maxsize : 18
nodes : 311583.000000
filtered : 11863065.000000
time : 6.369640
