Parameters: GAD=1 vflib=1 dir=0 label=0 lowerbound=1 fileNameGp=../graphsdb/mcs50/rand/r01/mcs50_r01_s20.A64 fileNameGt=../graphsdb/mcs50/rand/r01/mcs50_r01_s20.B64
Reading graphs...
20 :  37
20 :  37
Initializing...
maxdom : 20
D->valSize : 400
Solving...
Blb : 2 (clique : 10)
currentSize : 10 <-- 0.002238 s
currentSize : 11 <-- 0.002299 s
currentSize : 12 <-- 0.002543 s
currentSize : 13 <-- 0.003861 s
currentSize : 14 <-- 0.033807 s
currentSize : 15 <-- 0.503321 s

maxsize : 15
nodes : 38957.000000
filtered : 1131617.000000
time : 0.563652
