Parameters: GAD=1 vflib=1 dir=0 label=0 lowerbound=1 fileNameGp=../graphsdb/mcs50/m2D/m2D/mcs50_m2D_s30.A19 fileNameGt=../graphsdb/mcs50/m2D/m2D/mcs50_m2D_s30.B19
Reading graphs...
30 :  48
30 :  47
Initializing...
maxdom : 30
D->valSize : 900
Solving...
Blb : 2 (clique : 18)
currentSize : 18 <-- 0.019642 s
currentSize : 19 <-- 0.020234 s
currentSize : 20 <-- 0.021351 s
currentSize : 21 <-- 0.079184 s
currentSize : 22 <-- 0.422047 s
currentSize : 23 <-- 182.230301 s

maxsize : 23
nodes : 8105235.000000
filtered : 445385827.000000
time : 238.892166
