Parameters: GAD=1 vflib=1 dir=0 label=0 lowerbound=1 fileNameGp=../graphsdb/mcs50/bvg/b06/mcs50_b06_s35.A09 fileNameGt=../graphsdb/mcs50/bvg/b06/mcs50_b06_s35.B09
Reading graphs...
35 :  105
35 :  104
Initializing...
maxdom : 35
D->valSize : 1225
Solving...
Blb : 2 (clique : 15)
currentSize : 15 <-- 0.033927 s
currentSize : 18 <-- 0.034163 s
currentSize : 19 <-- 0.034989 s
currentSize : 20 <-- 1.571295 s
currentSize : 21 <-- 94.458794 s
currentSize : 22 <-- 1193.329224 s

TIMEOUT
maxsize : 22
nodes : 226366468.000000
filtered : 10346883408.000000
time : 3600.000000
