Parameters: GAD=1 vflib=1 dir=0 label=0 lowerbound=1 fileNameGp=../graphsdb/mcs50/rand/r005/mcs50_r005_s25.A29 fileNameGt=../graphsdb/mcs50/rand/r005/mcs50_r005_s25.B29
Reading graphs...
25 :  35
25 :  35
Initializing...
maxdom : 25
D->valSize : 625
Solving...
Blb : 2 (clique : 15)
currentSize : 15 <-- 0.009633 s
currentSize : 16 <-- 0.009796 s
currentSize : 17 <-- 0.009957 s
currentSize : 18 <-- 0.057854 s
currentSize : 19 <-- 1.365029 s

maxsize : 19
nodes : 910874.000000
filtered : 44693266.000000
time : 26.328348
