Parameters: GAD=1 vflib=1 dir=0 label=0 lowerbound=1 fileNameGp=../graphsdb/mcs50/rand/r02/mcs50_r02_s25.A92 fileNameGt=../graphsdb/mcs50/rand/r02/mcs50_r02_s25.B92
Reading graphs...
25 :  110
25 :  110
Initializing...
maxdom : 25
D->valSize : 625
Solving...
Blb : 2 (clique : 10)
currentSize : 10 <-- 0.007812 s
currentSize : 11 <-- 0.010763 s
currentSize : 12 <-- 0.023087 s
currentSize : 13 <-- 0.425005 s
currentSize : 14 <-- 6.919054 s

maxsize : 14
nodes : 2537540.000000
filtered : 46189941.000000
time : 12.089957
