Parameters: GAD=1 vflib=1 dir=0 label=0 lowerbound=1 fileNameGp=../graphsdb/mcs50/m2D/m2Dr4/mcs50_m2Dr4_s30.A19 fileNameGt=../graphsdb/mcs50/m2D/m2Dr4/mcs50_m2Dr4_s30.B19
Reading graphs...
30 :  61
30 :  60
Initializing...
maxdom : 30
D->valSize : 900
Solving...
Blb : 2 (clique : 17)
currentSize : 17 <-- 0.011349 s
currentSize : 18 <-- 0.011649 s
currentSize : 19 <-- 0.022101 s
currentSize : 20 <-- 0.063225 s
currentSize : 21 <-- 87.857468 s

maxsize : 21
nodes : 16542818.000000
filtered : 771717233.000000
time : 441.977661
