Parameters: GAD=1 vflib=1 dir=0 label=0 lowerbound=1 fileNameGp=../graphsdb/mcs50/m4D/m4Dr2/mcs50_m4Dr2_s30.A93 fileNameGt=../graphsdb/mcs50/m4D/m4Dr2/mcs50_m4Dr2_s30.B93
Reading graphs...
30 :  61
30 :  61
Initializing...
maxdom : 30
D->valSize : 900
Solving...
Blb : 5 (clique : 15)
currentSize : 15 <-- 0.011781 s
currentSize : 16 <-- 0.011925 s
currentSize : 17 <-- 0.012153 s
currentSize : 18 <-- 0.013469 s
currentSize : 19 <-- 0.028230 s
currentSize : 20 <-- 0.067723 s
currentSize : 21 <-- 11.167219 s

maxsize : 21
nodes : 6840022.000000
filtered : 350700228.000000
time : 239.201660
