Parameters: GAD=1 vflib=1 dir=0 label=0 lowerbound=1 fileNameGp=../graphsdb/mcs50/bvg/b03/mcs50_b03_s25.A19 fileNameGt=../graphsdb/mcs50/bvg/b03/mcs50_b03_s25.B19
Reading graphs...
25 :  37
25 :  37
Initializing...
maxdom : 25
D->valSize : 625
Solving...
Blb : 2 (clique : 15)
currentSize : 15 <-- 0.005533 s
currentSize : 16 <-- 0.005642 s
currentSize : 17 <-- 0.007132 s
currentSize : 18 <-- 0.011554 s
currentSize : 19 <-- 2.858494 s

maxsize : 19
nodes : 318447.000000
filtered : 14516998.000000
time : 9.808703
