Parameters: GAD=1 vflib=1 dir=0 label=0 lowerbound=1 fileNameGp=../graphsdb/mcs50/m4D/m4D/mcs50_m4D_s30.A96 fileNameGt=../graphsdb/mcs50/m4D/m4D/mcs50_m4D_s30.B96
Reading graphs...
30 :  55
30 :  55
Initializing...
maxdom : 30
D->valSize : 900
Solving...
Blb : 2 (clique : 19)
currentSize : 19 <-- 0.011184 s
currentSize : 20 <-- 0.038251 s
currentSize : 21 <-- 0.168826 s
currentSize : 22 <-- 0.804759 s
currentSize : 23 <-- 32.924419 s

maxsize : 23
nodes : 2434027.000000
filtered : 166500621.000000
time : 106.254013
