Parameters: GAD=1 vflib=1 dir=0 label=0 lowerbound=1 fileNameGp=../graphsdb/mcs50/rand/r005/mcs50_r005_s35.A37 fileNameGt=../graphsdb/mcs50/rand/r005/mcs50_r005_s35.B37
Reading graphs...
35 :  62
35 :  61
Initializing...
maxdom : 35
D->valSize : 1225
Solving...
Blb : 2 (clique : 19)
currentSize : 19 <-- 0.021160 s
currentSize : 21 <-- 0.021330 s
currentSize : 22 <-- 0.021376 s
currentSize : 23 <-- 0.026242 s
currentSize : 24 <-- 0.106504 s
currentSize : 25 <-- 3.831453 s
currentSize : 26 <-- 421.308105 s

TIMEOUT
maxsize : 26
nodes : 72453980.000000
filtered : 4958159256.000000
time : 3600.000000
