Parameters: GAD=1 vflib=1 dir=0 label=0 lowerbound=1 fileNameGp=../graphsdb/mcs50/rand/r005/mcs50_r005_s35.A45 fileNameGt=../graphsdb/mcs50/rand/r005/mcs50_r005_s35.B45
Reading graphs...
35 :  61
35 :  61
Initializing...
maxdom : 35
D->valSize : 1225
Solving...
Blb : 2 (clique : 21)
currentSize : 21 <-- 0.020974 s
currentSize : 22 <-- 0.021175 s
currentSize : 23 <-- 0.022561 s
currentSize : 24 <-- 0.145602 s
currentSize : 25 <-- 64.981789 s
currentSize : 26 <-- 925.468811 s

TIMEOUT
maxsize : 26
nodes : 48673492.000000
filtered : 3846203938.000000
time : 3600.000000
