Parameters: GAD=1 vflib=1 dir=0 label=0 lowerbound=1 fileNameGp=../graphsdb/mcs50/m4D/m4Dr6/mcs50_m4Dr6_s30.A05 fileNameGt=../graphsdb/mcs50/m4D/m4Dr6/mcs50_m4Dr6_s30.B05
Reading graphs...
30 :  73
30 :  71
Initializing...
maxdom : 30
D->valSize : 900
Solving...
Blb : 2 (clique : 14)
currentSize : 14 <-- 0.011154 s
currentSize : 15 <-- 0.011828 s
currentSize : 16 <-- 0.017115 s
currentSize : 17 <-- 0.022542 s
currentSize : 18 <-- 0.333884 s
currentSize : 19 <-- 13.591042 s
currentSize : 20 <-- 271.740601 s

maxsize : 20
nodes : 31397549.000000
filtered : 1743191551.000000
time : 640.402222
