Parameters: GAD=1 vflib=1 dir=0 label=0 lowerbound=1 fileNameGp=../graphsdb/mcs50/bvg/b03/mcs50_b03_s30.A35 fileNameGt=../graphsdb/mcs50/bvg/b03/mcs50_b03_s30.B35
Reading graphs...
30 :  43
30 :  45
Initializing...
maxdom : 30
D->valSize : 900
Solving...
Blb : 2 (clique : 17)
currentSize : 17 <-- 0.020255 s
currentSize : 18 <-- 0.020910 s
currentSize : 19 <-- 0.021064 s
currentSize : 20 <-- 0.028625 s
currentSize : 21 <-- 0.038847 s
currentSize : 22 <-- 0.742308 s
currentSize : 23 <-- 32.435177 s

maxsize : 23
nodes : 2519953.000000
filtered : 163761714.000000
time : 208.873123
