Parameters: GAD=1 vflib=1 dir=0 label=0 lowerbound=1 fileNameGp=../graphsdb/mcs50/m4D/m4D/mcs50_m4D_s30.A46 fileNameGt=../graphsdb/mcs50/m4D/m4D/mcs50_m4D_s30.B46
Reading graphs...
30 :  55
30 :  55
Initializing...
maxdom : 30
D->valSize : 900
Solving...
Blb : 5 (clique : 17)
currentSize : 17 <-- 0.011350 s
currentSize : 18 <-- 0.011488 s
currentSize : 19 <-- 0.011518 s
currentSize : 20 <-- 0.011569 s
currentSize : 21 <-- 0.013924 s
currentSize : 22 <-- 9.959720 s

maxsize : 22
nodes : 3382990.000000
filtered : 217507633.000000
time : 170.776382
