Parameters: GAD=1 vflib=1 dir=0 label=0 lowerbound=1 fileNameGp=../graphsdb/mcs50/rand/r02/mcs50_r02_s30.A13 fileNameGt=../graphsdb/mcs50/rand/r02/mcs50_r02_s30.B13
Reading graphs...
30 :  154
30 :  152
Initializing...
maxdom : 30
D->valSize : 900
Solving...
Blb : 2 (clique : 10)
currentSize : 10 <-- 0.009473 s
currentSize : 11 <-- 0.009569 s
currentSize : 12 <-- 0.014483 s
currentSize : 13 <-- 0.028825 s
currentSize : 14 <-- 0.946203 s
currentSize : 15 <-- 118.271858 s

maxsize : 15
nodes : 71821907.000000
filtered : 1133102545.000000
time : 324.557953
