Parameters: GAD=1 vflib=1 dir=0 label=0 lowerbound=1 fileNameGp=../graphsdb/mcs50/m2D/m2Dr4/mcs50_m2Dr4_s30.A76 fileNameGt=../graphsdb/mcs50/m2D/m2Dr4/mcs50_m2Dr4_s30.B76
Reading graphs...
30 :  59
30 :  60
Initializing...
maxdom : 30
D->valSize : 900
Solving...
Blb : 2 (clique : 16)
currentSize : 16 <-- 0.011181 s
currentSize : 17 <-- 0.011312 s
currentSize : 18 <-- 0.013232 s
currentSize : 19 <-- 0.027534 s
currentSize : 20 <-- 0.768278 s
currentSize : 21 <-- 3.190988 s

maxsize : 21
nodes : 10240504.000000
filtered : 441374955.000000
time : 243.007370
