Parameters: GAD=1 vflib=1 dir=0 label=0 lowerbound=1 fileNameGp=../graphsdb/mcs50/bvg/b06/mcs50_b06_s35.A12 fileNameGt=../graphsdb/mcs50/bvg/b06/mcs50_b06_s35.B12
Reading graphs...
35 :  104
35 :  103
Initializing...
maxdom : 35
D->valSize : 1225
Solving...
Blb : 2 (clique : 17)
currentSize : 17 <-- 0.020065 s
currentSize : 18 <-- 0.020447 s
currentSize : 19 <-- 0.058815 s
currentSize : 20 <-- 0.146697 s
currentSize : 21 <-- 0.531724 s
currentSize : 22 <-- 68.081100 s
currentSize : 23 <-- 133.662003 s

maxsize : 23
nodes : 37095830.000000
filtered : 2015326100.000000
time : 825.842834
