Parameters: GAD=1 vflib=1 dir=0 label=0 lowerbound=1 fileNameGp=../graphsdb/mcs50/m4D/m4D/mcs50_m4D_s35.A89 fileNameGt=../graphsdb/mcs50/m4D/m4D/mcs50_m4D_s35.B89
Reading graphs...
35 :  62
35 :  63
Initializing...
maxdom : 35
D->valSize : 1225
Solving...
Blb : 3 (clique : 20)
currentSize : 20 <-- 0.037150 s
currentSize : 23 <-- 0.037417 s
currentSize : 24 <-- 0.064968 s
currentSize : 25 <-- 0.188286 s
currentSize : 26 <-- 0.293294 s
currentSize : 27 <-- 1327.611084 s

maxsize : 27
nodes : 28564254.000000
filtered : 2018025892.000000
time : 1412.126221
