Parameters: GAD=1 vflib=1 dir=0 label=0 lowerbound=1 fileNameGp=../graphsdb/mcs50/bvg/b03/mcs50_b03_s35.A08 fileNameGt=../graphsdb/mcs50/bvg/b03/mcs50_b03_s35.B08
Reading graphs...
35 :  51
35 :  51
Initializing...
maxdom : 35
D->valSize : 1225
Solving...
Blb : 2 (clique : 22)
currentSize : 22 <-- 0.021483 s
currentSize : 24 <-- 0.021673 s
currentSize : 25 <-- 0.021737 s
currentSize : 26 <-- 0.025872 s
currentSize : 27 <-- 2466.716553 s

maxsize : 27
nodes : 51593517.000000
filtered : 3767658885.000000
time : 3428.022217
