Parameters: GAD=1 vflib=1 dir=0 label=0 lowerbound=1 fileNameGp=../graphsdb/mcs50/m4D/m4D/mcs50_m4D_s35.A29 fileNameGt=../graphsdb/mcs50/m4D/m4D/mcs50_m4D_s35.B29
Reading graphs...
35 :  63
35 :  63
Initializing...
maxdom : 35
D->valSize : 1225
Solving...
Blb : 2 (clique : 21)
currentSize : 21 <-- 0.021077 s
currentSize : 22 <-- 0.021806 s
currentSize : 23 <-- 0.511737 s
currentSize : 24 <-- 0.542668 s
currentSize : 25 <-- 10.414062 s
currentSize : 26 <-- 143.217484 s

maxsize : 26
nodes : 26654309.000000
filtered : 2088772784.000000
time : 2750.682373
