Parameters: GAD=1 vflib=1 dir=0 label=0 lowerbound=1 fileNameGp=../graphsdb/mcs50/m4D/m4Dr6/mcs50_m4Dr6_s30.A47 fileNameGt=../graphsdb/mcs50/m4D/m4Dr6/mcs50_m4Dr6_s30.B47
Reading graphs...
30 :  69
30 :  68
Initializing...
maxdom : 30
D->valSize : 900
Solving...
Blb : 2 (clique : 16)
currentSize : 16 <-- 0.018868 s
currentSize : 17 <-- 0.019059 s
currentSize : 18 <-- 0.023134 s
currentSize : 19 <-- 0.137677 s
currentSize : 20 <-- 0.894122 s

maxsize : 20
nodes : 9759641.000000
filtered : 400472393.000000
time : 215.938644
