Parameters: GAD=1 vflib=1 dir=0 label=0 lowerbound=1 fileNameGp=../graphsdb/mcs50/bvg/b06/mcs50_b06_s35.A98 fileNameGt=../graphsdb/mcs50/bvg/b06/mcs50_b06_s35.B98
Reading graphs...
35 :  104
35 :  103
Initializing...
maxdom : 35
D->valSize : 1225
Solving...
Blb : 5 (clique : 17)
currentSize : 17 <-- 0.019853 s
currentSize : 18 <-- 0.022060 s
currentSize : 19 <-- 0.046421 s
currentSize : 20 <-- 0.246741 s
currentSize : 21 <-- 1.028461 s
currentSize : 22 <-- 16.188850 s

maxsize : 22
nodes : 80810742.000000
filtered : 4233567996.000000
time : 2136.778076
