Parameters: GAD=1 vflib=1 dir=0 label=0 lowerbound=1 fileNameGp=../graphsdb/mcs50/m3D/m3Dr2/mcs50_m3Dr2_s20.A24 fileNameGt=../graphsdb/mcs50/m3D/m3Dr2/mcs50_m3Dr2_s20.B24
Reading graphs...
20 :  41
20 :  41
Initializing...
maxdom : 20
D->valSize : 400
Solving...
Blb : 3 (clique : 10)
currentSize : 10 <-- 0.002258 s
currentSize : 11 <-- 0.002333 s
currentSize : 12 <-- 0.002549 s
currentSize : 13 <-- 0.030098 s
currentSize : 14 <-- 0.057660 s

maxsize : 14
nodes : 50327.000000
filtered : 1332945.000000
time : 0.474653
