Parameters: GAD=1 vflib=1 dir=0 label=0 lowerbound=1 fileNameGp=../graphsdb/mcs50/m4D/m4Dr4/mcs50_m4Dr4_s30.A52 fileNameGt=../graphsdb/mcs50/m4D/m4Dr4/mcs50_m4Dr4_s30.B52
Reading graphs...
30 :  67
30 :  66
Initializing...
maxdom : 30
D->valSize : 900
Solving...
Blb : 2 (clique : 15)
currentSize : 15 <-- 0.010992 s
currentSize : 18 <-- 0.011112 s
currentSize : 19 <-- 0.011181 s
currentSize : 20 <-- 0.071043 s
currentSize : 21 <-- 73.070312 s

maxsize : 21
nodes : 6556948.000000
filtered : 312692838.000000
time : 147.710785
