Parameters: GAD=1 vflib=1 dir=0 label=0 lowerbound=1 fileNameGp=../graphsdb/mcs50/bvg/b06/mcs50_b06_s30.A33 fileNameGt=../graphsdb/mcs50/bvg/b06/mcs50_b06_s30.B33
Reading graphs...
30 :  86
30 :  87
Initializing...
maxdom : 30
D->valSize : 900
Solving...
Blb : 3 (clique : 15)
currentSize : 15 <-- 0.018451 s
currentSize : 16 <-- 0.019750 s
currentSize : 17 <-- 0.023265 s
currentSize : 18 <-- 0.023649 s
currentSize : 19 <-- 0.351686 s
currentSize : 20 <-- 7.157014 s

maxsize : 20
nodes : 3398251.000000
filtered : 131733986.000000
time : 53.022312
