Parameters: GAD=1 vflib=1 dir=0 label=0 lowerbound=1 fileNameGp=../graphsdb/mcs50/rand/r02/mcs50_r02_s35.A27 fileNameGt=../graphsdb/mcs50/rand/r02/mcs50_r02_s35.B27
Reading graphs...
35 :  207
35 :  209
Initializing...
maxdom : 35
D->valSize : 1225
Solving...
Blb : 2 (clique : 10)
currentSize : 10 <-- 0.017992 s
currentSize : 11 <-- 0.018144 s
currentSize : 12 <-- 0.018310 s
currentSize : 13 <-- 0.018455 s
currentSize : 14 <-- 0.043178 s
currentSize : 15 <-- 0.687569 s
currentSize : 16 <-- 1603.139771 s
currentSize : 17 <-- 1980.850342 s

maxsize : 17
nodes : 612616590.000000
filtered : 10062750579.000000
time : 2901.489258
