Parameters: GAD=1 vflib=1 dir=0 label=0 lowerbound=1 fileNameGp=../graphsdb/mcs50/bvg/b03m/mcs50_b03m_s35.A57 fileNameGt=../graphsdb/mcs50/bvg/b03m/mcs50_b03m_s35.B57
Reading graphs...
35 :  51
35 :  52
Initializing...
maxdom : 35
D->valSize : 1225
Solving...
Blb : 2 (clique : 23)
currentSize : 23 <-- 0.021579 s
currentSize : 24 <-- 0.202573 s
currentSize : 25 <-- 5.797190 s
currentSize : 26 <-- 6.890029 s
currentSize : 27 <-- 346.693451 s

maxsize : 27
nodes : 14482688.000000
filtered : 1134908045.000000
time : 1265.608521
