Parameters: GAD=1 vflib=1 dir=0 label=0 lowerbound=1 fileNameGp=../graphsdb/mcs50/m3D/m3Dr4/mcs50_m3Dr4_s20.A77 fileNameGt=../graphsdb/mcs50/m3D/m3Dr4/mcs50_m3Dr4_s20.B77
Reading graphs...
20 :  43
20 :  39
Initializing...
maxdom : 20
D->valSize : 400
Solving...
Blb : 2 (clique : 10)
currentSize : 10 <-- 0.002237 s
currentSize : 11 <-- 0.002296 s
currentSize : 12 <-- 0.002680 s
currentSize : 13 <-- 0.015693 s
currentSize : 14 <-- 0.351748 s

maxsize : 14
nodes : 113362.000000
filtered : 2154883.000000
time : 0.820420
