Parameters: GAD=1 vflib=1 dir=0 label=0 lowerbound=1 fileNameGp=../graphsdb/mcs50/bvg/b09/mcs50_b09_s25.A87 fileNameGt=../graphsdb/mcs50/bvg/b09/mcs50_b09_s25.B87
Reading graphs...
25 :  111
25 :  111
Initializing...
maxdom : 25
D->valSize : 625
Solving...
Blb : 2 (clique : 9)
currentSize : 9 <-- 0.007915 s
currentSize : 10 <-- 0.008023 s
currentSize : 11 <-- 0.008465 s
currentSize : 12 <-- 0.008570 s
currentSize : 13 <-- 0.144060 s
currentSize : 14 <-- 0.216284 s

maxsize : 14
nodes : 1301552.000000
filtered : 29366343.000000
time : 7.605488
