Parameters: GAD=1 vflib=1 dir=0 label=0 lowerbound=1 fileNameGp=../graphsdb/mcs50/m2D/m2Dr4/mcs50_m2Dr4_s30.A85 fileNameGt=../graphsdb/mcs50/m2D/m2Dr4/mcs50_m2Dr4_s30.B85
Reading graphs...
30 :  58
30 :  58
Initializing...
maxdom : 30
D->valSize : 900
Solving...
Blb : 2 (clique : 16)
currentSize : 16 <-- 0.011160 s
currentSize : 17 <-- 0.012022 s
currentSize : 18 <-- 0.066121 s
currentSize : 19 <-- 0.431093 s
currentSize : 20 <-- 0.535958 s
currentSize : 21 <-- 13.594818 s

maxsize : 21
nodes : 7233406.000000
filtered : 348145598.000000
time : 271.616760
