Parameters: GAD=1 vflib=1 dir=0 label=0 lowerbound=1 fileNameGp=../graphsdb/mcs50/bvg/b06/mcs50_b06_s30.A42 fileNameGt=../graphsdb/mcs50/bvg/b06/mcs50_b06_s30.B42
Reading graphs...
30 :  90
30 :  88
Initializing...
maxdom : 30
D->valSize : 900
Solving...
Blb : 2 (clique : 14)
currentSize : 14 <-- 0.010374 s
currentSize : 15 <-- 0.010486 s
currentSize : 16 <-- 0.018226 s
currentSize : 17 <-- 0.191709 s
currentSize : 18 <-- 1.871222 s
currentSize : 19 <-- 4.242527 s
currentSize : 20 <-- 25.864519 s

maxsize : 20
nodes : 5065424.000000
filtered : 187912081.000000
time : 74.547935
