Parameters: GAD=1 vflib=1 dir=0 label=0 lowerbound=1 fileNameGp=../graphsdb/mcs50/bvg/b03/mcs50_b03_s20.A99 fileNameGt=../graphsdb/mcs50/bvg/b03/mcs50_b03_s20.B99
Reading graphs...
20 :  30
20 :  30
Initializing...
maxdom : 20
D->valSize : 400
Solving...
Blb : 2 (clique : 12)
currentSize : 12 <-- 0.002364 s
currentSize : 13 <-- 0.002426 s
currentSize : 14 <-- 0.002844 s
currentSize : 15 <-- 0.051019 s
currentSize : 16 <-- 0.100936 s

maxsize : 16
nodes : 15689.000000
filtered : 347719.000000
time : 0.166748
