Parameters: GAD=1 vflib=1 dir=0 label=0 lowerbound=1 fileNameGp=../graphsdb/mcs50/rand/r02/mcs50_r02_s35.A91 fileNameGt=../graphsdb/mcs50/rand/r02/mcs50_r02_s35.B91
Reading graphs...
35 :  212
35 :  212
Initializing...
maxdom : 35
D->valSize : 1225
Solving...
Blb : 2 (clique : 10)
currentSize : 10 <-- 0.017910 s
currentSize : 11 <-- 0.018094 s
currentSize : 12 <-- 0.018580 s
currentSize : 13 <-- 0.027143 s
currentSize : 14 <-- 0.064732 s
currentSize : 15 <-- 36.260212 s
currentSize : 16 <-- 1149.726562 s
currentSize : 17 <-- 2897.022461 s

maxsize : 17
nodes : 662295150.000000
filtered : 10348753206.000000
time : 3082.053711
