Parameters: GAD=1 vflib=1 dir=0 label=0 lowerbound=1 fileNameGp=../graphsdb/mcs50/rand/r02/mcs50_r02_s35.A47 fileNameGt=../graphsdb/mcs50/rand/r02/mcs50_r02_s35.B47
Reading graphs...
35 :  209
35 :  213
Initializing...
maxdom : 35
D->valSize : 1225
Solving...
Blb : 5 (clique : 11)
currentSize : 11 <-- 0.017900 s
currentSize : 12 <-- 0.018052 s
currentSize : 13 <-- 0.020239 s
currentSize : 14 <-- 0.146833 s
currentSize : 15 <-- 8.374025 s
currentSize : 17 <-- 303.639709 s

maxsize : 17
nodes : 380850758.000000
filtered : 6969915947.000000
time : 1878.005493
