Parameters: GAD=1 vflib=1 dir=0 label=0 lowerbound=1 fileNameGp=../graphsdb/mcs50/rand/r02/mcs50_r02_s35.A19 fileNameGt=../graphsdb/mcs50/rand/r02/mcs50_r02_s35.B19
Reading graphs...
35 :  214
35 :  209
Initializing...
maxdom : 35
D->valSize : 1225
Solving...
Blb : 2 (clique : 11)
currentSize : 11 <-- 0.022502 s
currentSize : 12 <-- 0.023056 s
currentSize : 13 <-- 0.023130 s
currentSize : 14 <-- 0.076332 s
currentSize : 15 <-- 3.939021 s
currentSize : 16 <-- 453.526703 s
currentSize : 17 <-- 969.738708 s

maxsize : 17
nodes : 440225714.000000
filtered : 7796792455.000000
time : 2144.531494
