Parameters: GAD=1 vflib=1 dir=0 label=0 lowerbound=1 fileNameGp=../graphsdb/mcs50/m3D/m3Dr4/mcs50_m3Dr4_s20.A45 fileNameGt=../graphsdb/mcs50/m3D/m3Dr4/mcs50_m3Dr4_s20.B45
Reading graphs...
20 :  43
20 :  42
Initializing...
maxdom : 20
D->valSize : 400
Solving...
Blb : 2 (clique : 10)
currentSize : 10 <-- 0.002277 s
currentSize : 11 <-- 0.002339 s
currentSize : 12 <-- 0.002372 s
currentSize : 13 <-- 0.003820 s
currentSize : 14 <-- 0.456403 s

maxsize : 14
nodes : 95174.000000
filtered : 1945466.000000
time : 0.650175
