Parameters: GAD=1 vflib=1 dir=0 label=0 lowerbound=1 fileNameGp=../graphsdb/mcs50/bvg/b06/mcs50_b06_s35.A04 fileNameGt=../graphsdb/mcs50/bvg/b06/mcs50_b06_s35.B04
Reading graphs...
35 :  104
35 :  105
Initializing...
maxdom : 35
D->valSize : 1225
Solving...
Blb : 2 (clique : 15)
currentSize : 15 <-- 0.020155 s
currentSize : 16 <-- 0.020495 s
currentSize : 17 <-- 0.022679 s
currentSize : 18 <-- 0.027514 s
currentSize : 19 <-- 0.029291 s
currentSize : 20 <-- 5.960511 s
currentSize : 21 <-- 555.416748 s
currentSize : 22 <-- 2829.044434 s

TIMEOUT
maxsize : 22
nodes : 197913222.000000
filtered : 8682430210.000000
time : 3600.000000
