Parameters: GAD=1 vflib=1 dir=0 label=0 lowerbound=1 fileNameGp=../graphsdb/mcs50/bvg/b06/mcs50_b06_s25.A50 fileNameGt=../graphsdb/mcs50/bvg/b06/mcs50_b06_s25.B50
Reading graphs...
25 :  74
25 :  73
Initializing...
maxdom : 25
D->valSize : 625
Solving...
Blb : 2 (clique : 12)
currentSize : 12 <-- 0.008440 s
currentSize : 13 <-- 0.008565 s
currentSize : 14 <-- 0.008822 s
currentSize : 15 <-- 0.064973 s
currentSize : 16 <-- 0.113692 s

maxsize : 16
nodes : 488243.000000
filtered : 15044029.000000
time : 4.930753
