Parameters: GAD=1 vflib=1 dir=0 label=0 lowerbound=1 fileNameGp=../graphsdb/mcs50/bvg/b09/mcs50_b09_s25.A31 fileNameGt=../graphsdb/mcs50/bvg/b09/mcs50_b09_s25.B31
Reading graphs...
25 :  107
25 :  107
Initializing...
maxdom : 25
D->valSize : 625
Solving...
Blb : 2 (clique : 10)
currentSize : 10 <-- 0.004879 s
currentSize : 11 <-- 0.004988 s
currentSize : 12 <-- 0.005096 s
currentSize : 13 <-- 0.009811 s
currentSize : 14 <-- 0.087966 s
currentSize : 15 <-- 5.493947 s

maxsize : 15
nodes : 1186545.000000
filtered : 26325597.000000
time : 6.711085
