Parameters: GAD=1 vflib=1 dir=0 label=0 lowerbound=1 fileNameGp=../graphsdb/mcs50/m4D/m4Dr6/mcs50_m4Dr6_s35.A51 fileNameGt=../graphsdb/mcs50/m4D/m4Dr6/mcs50_m4Dr6_s35.B51
Reading graphs...
35 :  83
35 :  81
Initializing...
maxdom : 35
D->valSize : 1225
Solving...
Blb : 2 (clique : 18)
currentSize : 18 <-- 0.035943 s
currentSize : 19 <-- 0.036210 s
currentSize : 20 <-- 0.060220 s
currentSize : 21 <-- 0.393668 s
currentSize : 22 <-- 0.397784 s
currentSize : 23 <-- 37.186440 s
currentSize : 24 <-- 983.846924 s

maxsize : 24
nodes : 42752434.000000
filtered : 2145371012.000000
time : 1543.013062
