Parameters: GAD=1 vflib=1 dir=0 label=0 lowerbound=1 fileNameGp=../graphsdb/mcs50/rand/r005/mcs50_r005_s35.A19 fileNameGt=../graphsdb/mcs50/rand/r005/mcs50_r005_s35.B19
Reading graphs...
35 :  61
35 :  62
Initializing...
maxdom : 35
D->valSize : 1225
Solving...
Blb : 2 (clique : 20)
currentSize : 20 <-- 0.037321 s
currentSize : 21 <-- 0.037603 s
currentSize : 22 <-- 0.038323 s
currentSize : 23 <-- 0.049810 s
currentSize : 24 <-- 0.056335 s
currentSize : 25 <-- 201.253265 s

TIMEOUT
maxsize : 25
nodes : 59191342.000000
filtered : 4571679889.000000
time : 3600.000488
