Parameters: GAD=1 vflib=1 dir=0 label=0 lowerbound=1 fileNameGp=../graphsdb/mcs50/m2D/m2Dr2/mcs50_m2Dr2_s20.A10 fileNameGt=../graphsdb/mcs50/m2D/m2Dr2/mcs50_m2Dr2_s20.B10
Reading graphs...
20 :  35
20 :  34
Initializing...
maxdom : 20
D->valSize : 400
Solving...
Blb : 2 (clique : 10)
currentSize : 10 <-- 0.003917 s
currentSize : 11 <-- 0.004009 s
currentSize : 12 <-- 0.004057 s
currentSize : 13 <-- 0.007035 s
currentSize : 14 <-- 0.183501 s

maxsize : 14
nodes : 63165.000000
filtered : 1855122.000000
time : 0.696364
