Parameters: GAD=1 vflib=1 dir=0 label=0 lowerbound=1 fileNameGp=../graphsdb/mcs50/bvg/b09m/mcs50_b09m_s35.A01 fileNameGt=../graphsdb/mcs50/bvg/b09m/mcs50_b09m_s35.B01
Reading graphs...
35 :  147
35 :  148
Initializing...
maxdom : 35
D->valSize : 1225
Solving...
Blb : 2 (clique : 13)
currentSize : 13 <-- 0.018840 s
currentSize : 14 <-- 0.019183 s
currentSize : 15 <-- 0.019660 s
currentSize : 16 <-- 0.031669 s
currentSize : 17 <-- 0.053167 s
currentSize : 18 <-- 0.620074 s
currentSize : 19 <-- 326.771332 s

maxsize : 19
nodes : 225647865.000000
filtered : 7550266538.000000
time : 2268.017090
