Parameters: GAD=1 vflib=1 dir=0 label=0 lowerbound=1 fileNameGp=../graphsdb/mcs50/m4D/m4Dr6/mcs50_m4Dr6_s30.A85 fileNameGt=../graphsdb/mcs50/m4D/m4Dr6/mcs50_m4Dr6_s30.B85
Reading graphs...
30 :  71
30 :  70
Initializing...
maxdom : 30
D->valSize : 900
Solving...
Blb : 2 (clique : 14)
currentSize : 14 <-- 0.018935 s
currentSize : 16 <-- 0.019192 s
currentSize : 17 <-- 0.024140 s
currentSize : 18 <-- 0.033560 s
currentSize : 19 <-- 0.041130 s
currentSize : 20 <-- 1.758515 s

maxsize : 20
nodes : 15429508.000000
filtered : 651346676.000000
time : 272.792206
