Parameters: GAD=1 vflib=1 dir=0 label=0 lowerbound=1 fileNameGp=../graphsdb/mcs50/m4D/m4Dr2/mcs50_m4Dr2_s30.A65 fileNameGt=../graphsdb/mcs50/m4D/m4Dr2/mcs50_m4Dr2_s30.B65
Reading graphs...
30 :  61
30 :  60
Initializing...
maxdom : 30
D->valSize : 900
Solving...
Blb : 2 (clique : 16)
currentSize : 16 <-- 0.011375 s
currentSize : 17 <-- 0.011541 s
currentSize : 18 <-- 0.011744 s
currentSize : 19 <-- 0.012010 s
currentSize : 20 <-- 0.122907 s
currentSize : 21 <-- 0.336503 s
currentSize : 22 <-- 103.553963 s

maxsize : 22
nodes : 6855955.000000
filtered : 384362106.000000
time : 244.557175
