Parameters: GAD=1 vflib=1 dir=0 label=0 lowerbound=1 fileNameGp=../graphsdb/mcs50/m4D/m4Dr4/mcs50_m4Dr4_s30.A39 fileNameGt=../graphsdb/mcs50/m4D/m4Dr4/mcs50_m4Dr4_s30.B39
Reading graphs...
30 :  67
30 :  67
Initializing...
maxdom : 30
D->valSize : 900
Solving...
Blb : 2 (clique : 15)
currentSize : 15 <-- 0.019134 s
currentSize : 16 <-- 0.019783 s
currentSize : 17 <-- 0.020921 s
currentSize : 18 <-- 0.041479 s
currentSize : 19 <-- 0.097689 s
currentSize : 20 <-- 17.394564 s

maxsize : 20
nodes : 7986500.000000
filtered : 290537355.000000
time : 161.266037
