Parameters: GAD=1 vflib=1 dir=0 label=0 lowerbound=1 fileNameGp=../graphsdb/mcs50/bvg/b06m/mcs50_b06m_s30.A07 fileNameGt=../graphsdb/mcs50/bvg/b06m/mcs50_b06m_s30.B07
Reading graphs...
30 :  85
30 :  86
Initializing...
maxdom : 30
D->valSize : 900
Solving...
Blb : 2 (clique : 13)
currentSize : 13 <-- 0.018194 s
currentSize : 14 <-- 0.018352 s
currentSize : 15 <-- 0.018502 s
currentSize : 16 <-- 0.019860 s
currentSize : 17 <-- 0.254341 s
currentSize : 18 <-- 1.055810 s
currentSize : 19 <-- 80.104851 s

maxsize : 19
nodes : 12208303.000000
filtered : 383405532.000000
time : 143.442581
