Parameters: GAD=1 vflib=1 dir=0 label=0 lowerbound=1 fileNameGp=../graphsdb/mcs50/bvg/b06m/mcs50_b06m_s30.A43 fileNameGt=../graphsdb/mcs50/bvg/b06m/mcs50_b06m_s30.B43
Reading graphs...
30 :  86
30 :  85
Initializing...
maxdom : 30
D->valSize : 900
Solving...
Blb : 2 (clique : 13)
currentSize : 13 <-- 0.010407 s
currentSize : 14 <-- 0.010559 s
currentSize : 15 <-- 0.010722 s
currentSize : 16 <-- 0.011034 s
currentSize : 17 <-- 0.018529 s
currentSize : 18 <-- 0.020512 s
currentSize : 19 <-- 45.847054 s

maxsize : 19
nodes : 11482244.000000
filtered : 396742765.000000
time : 156.519684
