Parameters: GAD=1 vflib=1 dir=0 label=0 lowerbound=1 fileNameGp=../graphsdb/mcs50/bvg/b06/mcs50_b06_s20.A67 fileNameGt=../graphsdb/mcs50/bvg/b06/mcs50_b06_s20.B67
Reading graphs...
20 :  57
20 :  59
Initializing...
maxdom : 20
D->valSize : 400
Solving...
Blb : 2 (clique : 9)
currentSize : 9 <-- 0.002149 s
currentSize : 10 <-- 0.002206 s
currentSize : 11 <-- 0.002443 s
currentSize : 12 <-- 0.004507 s
currentSize : 13 <-- 0.092447 s
currentSize : 14 <-- 0.093910 s

maxsize : 14
nodes : 36405.000000
filtered : 776839.000000
time : 0.217102
