Parameters: GAD=1 vflib=1 dir=0 label=0 lowerbound=1 fileNameGp=../graphsdb/mcs50/bvg/b03/mcs50_b03_s35.A20 fileNameGt=../graphsdb/mcs50/bvg/b03/mcs50_b03_s35.B20
Reading graphs...
35 :  52
35 :  52
Initializing...
maxdom : 35
D->valSize : 1225
Solving...
Blb : 2 (clique : 22)
currentSize : 22 <-- 0.037086 s
currentSize : 23 <-- 0.042264 s
currentSize : 24 <-- 0.044129 s
currentSize : 25 <-- 0.193015 s
currentSize : 26 <-- 0.407987 s
currentSize : 27 <-- 86.036926 s

maxsize : 27
nodes : 26311612.000000
filtered : 1904894713.000000
time : 2621.281494
