Parameters: GAD=1 vflib=1 dir=0 label=0 lowerbound=1 fileNameGp=../graphsdb/mcs50/bvg/b06/mcs50_b06_s25.A35 fileNameGt=../graphsdb/mcs50/bvg/b06/mcs50_b06_s25.B35
Reading graphs...
25 :  75
25 :  72
Initializing...
maxdom : 25
D->valSize : 625
Solving...
Blb : 3 (clique : 12)
currentSize : 12 <-- 0.008439 s
currentSize : 13 <-- 0.008568 s
currentSize : 14 <-- 0.009283 s
currentSize : 15 <-- 0.234028 s
currentSize : 16 <-- 0.433930 s

maxsize : 16
nodes : 1029775.000000
filtered : 28892033.000000
time : 7.472533
