Parameters: GAD=1 vflib=1 dir=0 label=0 lowerbound=1 fileNameGp=../graphsdb/mcs50/rand/r01/mcs50_r01_s25.A15 fileNameGt=../graphsdb/mcs50/rand/r01/mcs50_r01_s25.B15
Reading graphs...
25 :  55
25 :  55
Initializing...
maxdom : 25
D->valSize : 625
Solving...
Blb : 2 (clique : 12)
currentSize : 12 <-- 0.005642 s
currentSize : 13 <-- 0.005727 s
currentSize : 14 <-- 0.005753 s
currentSize : 15 <-- 0.006494 s
currentSize : 16 <-- 0.104558 s
currentSize : 17 <-- 4.154461 s
currentSize : 18 <-- 4.683321 s

maxsize : 18
nodes : 657077.000000
filtered : 17390820.000000
time : 7.628309
