Parameters: GAD=1 vflib=1 dir=0 label=0 lowerbound=1 fileNameGp=../graphsdb/mcs50/bvg/b09/mcs50_b09_s30.A82 fileNameGt=../graphsdb/mcs50/bvg/b09/mcs50_b09_s30.B82
Reading graphs...
30 :  135
30 :  130
Initializing...
maxdom : 30
D->valSize : 900
Solving...
Blb : 3 (clique : 12)
currentSize : 12 <-- 0.017012 s
currentSize : 13 <-- 0.018916 s
currentSize : 14 <-- 0.064930 s
currentSize : 15 <-- 1.113351 s
currentSize : 16 <-- 5.430911 s
currentSize : 17 <-- 45.497040 s

maxsize : 17
nodes : 13908630.000000
filtered : 384361389.000000
time : 96.517090
