Parameters: GAD=1 vflib=1 dir=0 label=0 lowerbound=1 fileNameGp=../graphsdb/mcs50/bvg/b06/mcs50_b06_s25.A32 fileNameGt=../graphsdb/mcs50/bvg/b06/mcs50_b06_s25.B32
Reading graphs...
25 :  74
25 :  75
Initializing...
maxdom : 25
D->valSize : 625
Solving...
Blb : 5 (clique : 10)
currentSize : 10 <-- 0.005026 s
currentSize : 11 <-- 0.005138 s
currentSize : 12 <-- 0.017129 s
currentSize : 13 <-- 0.056010 s
currentSize : 14 <-- 0.606757 s
currentSize : 15 <-- 6.520119 s
currentSize : 16 <-- 6.724130 s

maxsize : 16
nodes : 1811486.000000
filtered : 40453941.000000
time : 11.208071
