Parameters: GAD=1 vflib=1 dir=0 label=0 lowerbound=1 fileNameGp=../graphsdb/mcs50/rand/r02/mcs50_r02_s35.A17 fileNameGt=../graphsdb/mcs50/rand/r02/mcs50_r02_s35.B17
Reading graphs...
35 :  208
35 :  216
Initializing...
maxdom : 35
D->valSize : 1225
Solving...
Blb : 2 (clique : 11)
currentSize : 11 <-- 0.017510 s
currentSize : 12 <-- 0.021416 s
currentSize : 13 <-- 0.040185 s
currentSize : 14 <-- 0.541867 s
currentSize : 15 <-- 1.623366 s
currentSize : 16 <-- 1789.098633 s
currentSize : 17 <-- 1789.098633 s

maxsize : 17
nodes : 691982138.000000
filtered : 10779920988.000000
time : 3157.229492
