Parameters: GAD=1 vflib=1 dir=0 label=0 lowerbound=1 fileNameGp=../graphsdb/mcs50/bvg/b06m/mcs50_b06m_s35.A54 fileNameGt=../graphsdb/mcs50/bvg/b06m/mcs50_b06m_s35.B54
Reading graphs...
35 :  103
35 :  103
Initializing...
maxdom : 35
D->valSize : 1225
Solving...
Blb : 2 (clique : 15)
currentSize : 15 <-- 0.034642 s
currentSize : 16 <-- 0.035311 s
currentSize : 17 <-- 0.038055 s
currentSize : 18 <-- 0.059419 s
currentSize : 19 <-- 0.521757 s
currentSize : 20 <-- 1.317468 s
currentSize : 21 <-- 34.391762 s
currentSize : 22 <-- 35.861805 s

TIMEOUT
maxsize : 22
nodes : 158366685.000000
filtered : 8078163291.000000
time : 3600.000488
