Parameters: GAD=1 vflib=1 dir=0 label=0 lowerbound=1 fileNameGp=../graphsdb/mcs50/rand/r005/mcs50_r005_s30.A10 fileNameGt=../graphsdb/mcs50/rand/r005/mcs50_r005_s30.B10
Reading graphs...
30 :  46
30 :  47
Initializing...
maxdom : 30
D->valSize : 900
Solving...
Blb : 2 (clique : 18)
currentSize : 18 <-- 0.020203 s
currentSize : 19 <-- 0.020542 s
currentSize : 20 <-- 0.040610 s
currentSize : 21 <-- 0.541642 s
currentSize : 22 <-- 5.115185 s
currentSize : 23 <-- 33.108833 s

maxsize : 23
nodes : 9161204.000000
filtered : 580575866.000000
time : 461.912476
