Parameters: GAD=1 vflib=1 dir=0 label=0 lowerbound=1 fileNameGp=../graphsdb/mcs50/rand/r02/mcs50_r02_s35.A07 fileNameGt=../graphsdb/mcs50/rand/r02/mcs50_r02_s35.B07
Reading graphs...
35 :  218
35 :  214
Initializing...
maxdom : 35
D->valSize : 1225
Solving...
Blb : 5 (clique : 11)
currentSize : 11 <-- 0.017643 s
currentSize : 12 <-- 0.017997 s
currentSize : 13 <-- 0.018925 s
currentSize : 14 <-- 0.226780 s
currentSize : 15 <-- 35.308193 s
currentSize : 17 <-- 659.947754 s

maxsize : 17
nodes : 464089044.000000
filtered : 8381737336.000000
time : 2275.347168
