Parameters: GAD=1 vflib=1 dir=0 label=0 lowerbound=1 fileNameGp=../graphsdb/mcs50/m4D/m4Dr6/mcs50_m4Dr6_s30.A38 fileNameGt=../graphsdb/mcs50/m4D/m4Dr6/mcs50_m4Dr6_s30.B38
Reading graphs...
30 :  70
30 :  69
Initializing...
maxdom : 30
D->valSize : 900
Solving...
Blb : 2 (clique : 15)
currentSize : 15 <-- 0.010749 s
currentSize : 16 <-- 0.010867 s
currentSize : 17 <-- 0.010885 s
currentSize : 18 <-- 0.019038 s
currentSize : 19 <-- 1.140681 s
currentSize : 20 <-- 27.488842 s

maxsize : 20
nodes : 16239995.000000
filtered : 716267177.000000
time : 372.378204
