Parameters: GAD=1 vflib=1 dir=0 label=0 lowerbound=1 fileNameGp=../graphsdb/mcs50/m4D/m4Dr6/mcs50_m4Dr6_s30.A24 fileNameGt=../graphsdb/mcs50/m4D/m4Dr6/mcs50_m4Dr6_s30.B24
Reading graphs...
30 :  73
30 :  71
Initializing...
maxdom : 30
D->valSize : 900
Solving...
Blb : 2 (clique : 15)
currentSize : 15 <-- 0.010861 s
currentSize : 16 <-- 0.010995 s
currentSize : 17 <-- 0.012797 s
currentSize : 18 <-- 0.027722 s
currentSize : 19 <-- 1.259056 s
currentSize : 20 <-- 62.300434 s
currentSize : 21 <-- 77.721519 s

maxsize : 21
nodes : 7024682.000000
filtered : 317679098.000000
time : 141.112228
