Parameters: GAD=1 vflib=1 dir=0 label=0 lowerbound=1 fileNameGp=../graphsdb/mcs50/rand/r005/mcs50_r005_s35.A75 fileNameGt=../graphsdb/mcs50/rand/r005/mcs50_r005_s35.B75
Reading graphs...
35 :  61
35 :  61
Initializing...
maxdom : 35
D->valSize : 1225
Solving...
Blb : 2 (clique : 19)
currentSize : 19 <-- 0.021072 s
currentSize : 21 <-- 0.021251 s
currentSize : 22 <-- 0.021305 s
currentSize : 23 <-- 0.021422 s
currentSize : 24 <-- 0.329755 s
currentSize : 25 <-- 0.523577 s

TIMEOUT
maxsize : 25
nodes : 54882083.000000
filtered : 3684817557.000000
time : 3600.000000
