Parameters: GAD=1 vflib=1 dir=0 label=0 lowerbound=1 fileNameGp=../graphsdb/mcs50/rand/r005/mcs50_r005_s30.A32 fileNameGt=../graphsdb/mcs50/rand/r005/mcs50_r005_s30.B32
Reading graphs...
30 :  46
30 :  44
Initializing...
maxdom : 30
D->valSize : 900
Solving...
Blb : 2 (clique : 15)
currentSize : 15 <-- 0.020000 s
currentSize : 18 <-- 0.020194 s
currentSize : 19 <-- 0.020220 s
currentSize : 20 <-- 0.020821 s
currentSize : 21 <-- 0.032585 s
currentSize : 22 <-- 0.040288 s
currentSize : 23 <-- 5.639756 s

maxsize : 23
nodes : 1883995.000000
filtered : 128535720.000000
time : 122.626358
