Parameters: GAD=1 vflib=1 dir=0 label=0 lowerbound=1 fileNameGp=../graphsdb/mcs50/m4D/m4Dr2/mcs50_m4Dr2_s30.A91 fileNameGt=../graphsdb/mcs50/m4D/m4Dr2/mcs50_m4Dr2_s30.B91
Reading graphs...
30 :  61
30 :  59
Initializing...
maxdom : 30
D->valSize : 900
Solving...
Blb : 2 (clique : 17)
currentSize : 17 <-- 0.011034 s
currentSize : 18 <-- 0.011781 s
currentSize : 19 <-- 0.012383 s
currentSize : 20 <-- 0.114618 s
currentSize : 21 <-- 0.148525 s
currentSize : 22 <-- 27.838137 s

maxsize : 22
nodes : 3530559.000000
filtered : 234569517.000000
time : 141.449173
