Parameters: GAD=1 vflib=1 dir=0 label=0 lowerbound=1 fileNameGp=../graphsdb/mcs50/bvg/b09/mcs50_b09_s30.A25 fileNameGt=../graphsdb/mcs50/bvg/b09/mcs50_b09_s30.B25
Reading graphs...
30 :  131
30 :  133
Initializing...
maxdom : 30
D->valSize : 900
Solving...
Blb : 2 (clique : 12)
currentSize : 12 <-- 0.016866 s
currentSize : 13 <-- 0.017383 s
currentSize : 14 <-- 0.116673 s
currentSize : 15 <-- 0.662590 s
currentSize : 16 <-- 8.984486 s
currentSize : 17 <-- 158.869644 s

maxsize : 17
nodes : 27904135.000000
filtered : 618840838.000000
time : 174.502258
