Parameters: GAD=1 vflib=1 dir=0 label=0 lowerbound=1 fileNameGp=../graphsdb/mcs50/m2D/m2Dr2/mcs50_m2Dr2_s20.A41 fileNameGt=../graphsdb/mcs50/m2D/m2Dr2/mcs50_m2Dr2_s20.B41
Reading graphs...
20 :  34
20 :  35
Initializing...
maxdom : 20
D->valSize : 400
Solving...
Blb : 2 (clique : 11)
currentSize : 11 <-- 0.003909 s
currentSize : 12 <-- 0.004009 s
currentSize : 13 <-- 0.004120 s
currentSize : 14 <-- 0.004723 s
currentSize : 15 <-- 0.240434 s

maxsize : 15
nodes : 31511.000000
filtered : 836731.000000
time : 0.453552
