Parameters: GAD=1 vflib=1 dir=0 label=0 lowerbound=1 fileNameGp=../graphsdb/mcs50/rand/r005/mcs50_r005_s25.A73 fileNameGt=../graphsdb/mcs50/rand/r005/mcs50_r005_s25.B73
Reading graphs...
25 :  35
25 :  35
Initializing...
maxdom : 25
D->valSize : 625
Solving...
Blb : 2 (clique : 15)
currentSize : 15 <-- 0.005600 s
currentSize : 16 <-- 0.005693 s
currentSize : 17 <-- 0.005727 s
currentSize : 18 <-- 0.008300 s
currentSize : 19 <-- 2.318691 s
currentSize : 20 <-- 9.355915 s

maxsize : 20
nodes : 393124.000000
filtered : 20701423.000000
time : 11.568056
