Parameters: GAD=1 vflib=1 dir=0 label=0 lowerbound=1 fileNameGp=../graphsdb/mcs50/m2D/m2Dr4/mcs50_m2Dr4_s30.A24 fileNameGt=../graphsdb/mcs50/m2D/m2Dr4/mcs50_m2Dr4_s30.B24
Reading graphs...
30 :  60
30 :  60
Initializing...
maxdom : 30
D->valSize : 900
Solving...
Blb : 2 (clique : 16)
currentSize : 16 <-- 0.010944 s
currentSize : 17 <-- 0.011084 s
currentSize : 18 <-- 0.015049 s
currentSize : 19 <-- 0.214770 s
currentSize : 20 <-- 10.101609 s
currentSize : 21 <-- 19.336559 s

maxsize : 21
nodes : 7136204.000000
filtered : 291860170.000000
time : 179.695038
