Parameters: GAD=1 vflib=1 dir=0 label=0 lowerbound=1 fileNameGp=../graphsdb/mcs50/bvg/b06m/mcs50_b06m_s35.A69 fileNameGt=../graphsdb/mcs50/bvg/b06m/mcs50_b06m_s35.B69
Reading graphs...
35 :  102
35 :  102
Initializing...
maxdom : 35
D->valSize : 1225
Solving...
Blb : 2 (clique : 17)
currentSize : 17 <-- 0.019597 s
currentSize : 18 <-- 0.019927 s
currentSize : 19 <-- 0.232186 s
currentSize : 20 <-- 0.260520 s
currentSize : 21 <-- 99.595390 s
currentSize : 22 <-- 1682.587402 s

TIMEOUT
maxsize : 22
nodes : 184998221.000000
filtered : 8274529846.000000
time : 3600.000244
