Parameters: GAD=1 vflib=1 dir=0 label=0 lowerbound=1 fileNameGp=../graphsdb/mcs50/m4D/m4D/mcs50_m4D_s35.A77 fileNameGt=../graphsdb/mcs50/m4D/m4D/mcs50_m4D_s35.B77
Reading graphs...
35 :  63
35 :  62
Initializing...
maxdom : 35
D->valSize : 1225
Solving...
Blb : 5 (clique : 20)
currentSize : 20 <-- 0.020822 s
currentSize : 21 <-- 0.021045 s
currentSize : 22 <-- 0.039906 s
currentSize : 23 <-- 0.042671 s
currentSize : 24 <-- 0.083219 s
currentSize : 25 <-- 0.095984 s
currentSize : 26 <-- 3.134987 s

TIMEOUT
maxsize : 26
nodes : 52355186.000000
filtered : 4764400568.000000
time : 3600.000000
