Parameters: GAD=1 vflib=1 dir=0 label=0 lowerbound=1 fileNameGp=../graphsdb/mcs50/m4D/m4D/mcs50_m4D_s30.A69 fileNameGt=../graphsdb/mcs50/m4D/m4D/mcs50_m4D_s30.B69
Reading graphs...
30 :  55
30 :  55
Initializing...
maxdom : 30
D->valSize : 900
Solving...
Blb : 2 (clique : 16)
currentSize : 16 <-- 0.011173 s
currentSize : 17 <-- 0.011309 s
currentSize : 18 <-- 0.011367 s
currentSize : 19 <-- 0.011708 s
currentSize : 20 <-- 0.017588 s
currentSize : 21 <-- 0.023472 s
currentSize : 22 <-- 1.664425 s
currentSize : 23 <-- 39.137562 s

maxsize : 23
nodes : 2353698.000000
filtered : 149921184.000000
time : 111.108246
