Parameters: GAD=1 vflib=1 dir=0 label=0 lowerbound=1 fileNameGp=../graphsdb/mcs50/bvg/b09/mcs50_b09_s35.A15 fileNameGt=../graphsdb/mcs50/bvg/b09/mcs50_b09_s35.B15
Reading graphs...
35 :  155
35 :  153
Initializing...
maxdom : 35
D->valSize : 1225
Solving...
Blb : 2 (clique : 13)
currentSize : 13 <-- 0.031878 s
currentSize : 14 <-- 0.035155 s
currentSize : 15 <-- 0.088616 s
currentSize : 16 <-- 0.780756 s
currentSize : 17 <-- 5.114947 s
currentSize : 18 <-- 61.097500 s
currentSize : 19 <-- 98.344254 s
currentSize : 20 <-- 98.344765 s
currentSize : 21 <-- 128.901474 s

maxsize : 21
nodes : 44549647.000000
filtered : 1764339806.000000
time : 467.675354
