Parameters: GAD=1 vflib=1 dir=0 label=0 lowerbound=1 fileNameGp=../graphsdb/mcs50/bvg/b03/mcs50_b03_s35.A56 fileNameGt=../graphsdb/mcs50/bvg/b03/mcs50_b03_s35.B56
Reading graphs...
35 :  52
35 :  52
Initializing...
maxdom : 35
D->valSize : 1225
Solving...
Blb : 2 (clique : 23)
currentSize : 23 <-- 0.021287 s
currentSize : 24 <-- 0.038285 s
currentSize : 25 <-- 0.493804 s
currentSize : 26 <-- 24.729280 s
currentSize : 27 <-- 44.845982 s

maxsize : 27
nodes : 27968093.000000
filtered : 2193911041.000000
time : 2709.421387
