Parameters: GAD=1 vflib=1 dir=0 label=0 lowerbound=1 fileNameGp=../graphsdb/mcs50/rand/r005/mcs50_r005_s20.A18 fileNameGt=../graphsdb/mcs50/rand/r005/mcs50_r005_s20.B18
Reading graphs...
20 :  23
20 :  24
Initializing...
maxdom : 20
D->valSize : 400
Solving...
Blb : 2 (clique : 13)
currentSize : 13 <-- 0.002366 s
currentSize : 14 <-- 0.002436 s
currentSize : 15 <-- 0.002468 s
currentSize : 16 <-- 0.002613 s
currentSize : 17 <-- 0.005457 s

maxsize : 17
nodes : 3390.000000
filtered : 154241.000000
time : 0.154102
