Parameters: GAD=1 vflib=1 dir=0 label=0 lowerbound=1 fileNameGp=../graphsdb/mcs50/m4D/m4Dr6/mcs50_m4Dr6_s35.A16 fileNameGt=../graphsdb/mcs50/m4D/m4Dr6/mcs50_m4Dr6_s35.B16
Reading graphs...
35 :  76
35 :  80
Initializing...
maxdom : 35
D->valSize : 1225
Solving...
Blb : 5 (clique : 18)
currentSize : 18 <-- 0.036143 s
currentSize : 19 <-- 0.036466 s
currentSize : 20 <-- 0.038754 s
currentSize : 21 <-- 0.102082 s
currentSize : 22 <-- 0.186964 s
currentSize : 23 <-- 268.038422 s
currentSize : 24 <-- 862.083069 s

TIMEOUT
maxsize : 24
nodes : 79612456.000000
filtered : 4915431188.000000
time : 3600.000488
