Parameters: GAD=1 vflib=1 dir=0 label=0 lowerbound=1 fileNameGp=../graphsdb/mcs50/bvg/b03/mcs50_b03_s35.A72 fileNameGt=../graphsdb/mcs50/bvg/b03/mcs50_b03_s35.B72
Reading graphs...
35 :  52
35 :  52
Initializing...
maxdom : 35
D->valSize : 1225
Solving...
Blb : 2 (clique : 20)
currentSize : 20 <-- 0.022201 s
currentSize : 21 <-- 0.023123 s
currentSize : 22 <-- 0.023376 s
currentSize : 23 <-- 0.027853 s
currentSize : 24 <-- 0.032823 s
currentSize : 25 <-- 0.049743 s
currentSize : 26 <-- 0.054467 s
currentSize : 27 <-- 9.921229 s

TIMEOUT
maxsize : 27
nodes : 51996669.000000
filtered : 3927753474.000000
time : 3600.000000
