Parameters: GAD=1 vflib=1 dir=0 label=0 lowerbound=1 fileNameGp=../graphsdb/mcs50/bvg/b09m/mcs50_b09m_s30.A56 fileNameGt=../graphsdb/mcs50/bvg/b09m/mcs50_b09m_s30.B56
Reading graphs...
30 :  125
30 :  125
Initializing...
maxdom : 30
D->valSize : 900
Solving...
Blb : 2 (clique : 12)
currentSize : 12 <-- 0.009917 s
currentSize : 13 <-- 0.011063 s
currentSize : 14 <-- 0.060603 s
currentSize : 15 <-- 0.105727 s
currentSize : 16 <-- 24.660091 s

maxsize : 16
nodes : 39109563.000000
filtered : 879231200.000000
time : 256.277924
