Parameters: GAD=1 vflib=1 dir=0 label=0 lowerbound=1 fileNameGp=../graphsdb/mcs50/rand/r01/mcs50_r01_s35.A91 fileNameGt=../graphsdb/mcs50/rand/r01/mcs50_r01_s35.B91
Reading graphs...
35 :  112
35 :  110
Initializing...
maxdom : 35
D->valSize : 1225
Solving...
Blb : 2 (clique : 15)
currentSize : 15 <-- 0.019571 s
currentSize : 16 <-- 0.019882 s
currentSize : 17 <-- 0.021679 s
currentSize : 18 <-- 0.097930 s
currentSize : 19 <-- 5.146098 s
currentSize : 20 <-- 97.298332 s
currentSize : 21 <-- 347.508484 s

maxsize : 21
nodes : 236797454.000000
filtered : 8044501858.000000
time : 2866.925537
