Parameters: GAD=1 vflib=1 dir=0 label=0 lowerbound=1 fileNameGp=../graphsdb/mcs50/m4D/m4Dr2/mcs50_m4Dr2_s35.A52 fileNameGt=../graphsdb/mcs50/m4D/m4Dr2/mcs50_m4Dr2_s35.B52
Reading graphs...
35 :  68
35 :  69
Initializing...
maxdom : 35
D->valSize : 1225
Solving...
Blb : 2 (clique : 19)
currentSize : 19 <-- 0.021383 s
currentSize : 20 <-- 0.021568 s
currentSize : 21 <-- 0.026867 s
currentSize : 22 <-- 0.067470 s
currentSize : 23 <-- 0.257253 s
currentSize : 24 <-- 7.999196 s

TIMEOUT
maxsize : 24
nodes : 79161593.000000
filtered : 5016678110.000000
time : 3600.000488
