Parameters: GAD=1 vflib=1 dir=0 label=0 lowerbound=1 fileNameGp=../graphsdb/mcs50/m2D/m2Dr6/mcs50_m2Dr6_s20.A49 fileNameGt=../graphsdb/mcs50/m2D/m2Dr6/mcs50_m2Dr6_s20.B49
Reading graphs...
20 :  41
20 :  39
Initializing...
maxdom : 20
D->valSize : 400
Solving...
Blb : 2 (clique : 10)
currentSize : 10 <-- 0.002229 s
currentSize : 11 <-- 0.002291 s
currentSize : 12 <-- 0.002520 s
currentSize : 13 <-- 0.003239 s
currentSize : 14 <-- 0.215069 s

maxsize : 14
nodes : 80577.000000
filtered : 1990453.000000
time : 0.705707
