Parameters: GAD=1 vflib=1 dir=0 label=0 lowerbound=1 fileNameGp=../graphsdb/mcs50/m4D/m4Dr2/mcs50_m4Dr2_s35.A27 fileNameGt=../graphsdb/mcs50/m4D/m4Dr2/mcs50_m4Dr2_s35.B27
Reading graphs...
35 :  69
35 :  69
Initializing...
maxdom : 35
D->valSize : 1225
Solving...
Blb : 2 (clique : 18)
currentSize : 18 <-- 0.021164 s
currentSize : 19 <-- 0.021345 s
currentSize : 20 <-- 0.021399 s
currentSize : 22 <-- 0.021468 s
currentSize : 23 <-- 0.030189 s
currentSize : 24 <-- 0.030828 s
currentSize : 25 <-- 0.239033 s

TIMEOUT
maxsize : 25
nodes : 77557057.000000
filtered : 5325342577.000000
time : 3600.000000
