Parameters: GAD=1 vflib=1 dir=0 label=0 lowerbound=1 fileNameGp=../graphsdb/mcs50/rand/r01/mcs50_r01_s35.A45 fileNameGt=../graphsdb/mcs50/rand/r01/mcs50_r01_s35.B45
Reading graphs...
35 :  115
35 :  114
Initializing...
maxdom : 35
D->valSize : 1225
Solving...
Blb : 2 (clique : 16)
currentSize : 16 <-- 0.033483 s
currentSize : 17 <-- 0.034859 s
currentSize : 18 <-- 0.064300 s
currentSize : 19 <-- 0.604932 s
currentSize : 20 <-- 14.256988 s
currentSize : 21 <-- 1713.564941 s

TIMEOUT
maxsize : 21
nodes : 305551278.000000
filtered : 11462090712.000000
time : 3600.000000
