Parameters: GAD=1 vflib=1 dir=0 label=0 lowerbound=1 fileNameGp=../graphsdb/mcs50/bvg/b06m/mcs50_b06m_s30.A32 fileNameGt=../graphsdb/mcs50/bvg/b06m/mcs50_b06m_s30.B32
Reading graphs...
30 :  86
30 :  86
Initializing...
maxdom : 30
D->valSize : 900
Solving...
Blb : 2 (clique : 15)
currentSize : 15 <-- 0.018387 s
currentSize : 16 <-- 0.022894 s
currentSize : 17 <-- 0.028423 s
currentSize : 18 <-- 0.089937 s
currentSize : 19 <-- 124.638954 s

maxsize : 19
nodes : 18204480.000000
filtered : 757111349.000000
time : 289.929321
