Parameters: GAD=1 vflib=1 dir=0 label=0 lowerbound=1 fileNameGp=../graphsdb/mcs50/bvg/b09m/mcs50_b09m_s35.A27 fileNameGt=../graphsdb/mcs50/bvg/b09m/mcs50_b09m_s35.B27
Reading graphs...
35 :  145
35 :  145
Initializing...
maxdom : 35
D->valSize : 1225
Solving...
Blb : 2 (clique : 12)
currentSize : 12 <-- 0.018761 s
currentSize : 13 <-- 0.019044 s
currentSize : 14 <-- 0.019591 s
currentSize : 15 <-- 0.022756 s
currentSize : 16 <-- 0.039563 s
currentSize : 17 <-- 3.787962 s
currentSize : 18 <-- 14.356468 s

TIMEOUT
maxsize : 18
nodes : 453606663.000000
filtered : 12228497166.000000
time : 3600.000000
