Parameters: GAD=1 vflib=1 dir=0 label=0 lowerbound=1 fileNameGp=../graphsdb/mcs50/bvg/b03m/mcs50_b03m_s35.A46 fileNameGt=../graphsdb/mcs50/bvg/b03m/mcs50_b03m_s35.B46
Reading graphs...
35 :  51
35 :  51
Initializing...
maxdom : 35
D->valSize : 1225
Solving...
Blb : 2 (clique : 22)
currentSize : 22 <-- 0.021398 s
currentSize : 23 <-- 0.022508 s
currentSize : 24 <-- 0.688835 s
currentSize : 25 <-- 1.891837 s
currentSize : 26 <-- 36.202839 s
currentSize : 27 <-- 282.716919 s
currentSize : 28 <-- 854.882446 s

maxsize : 28
nodes : 12765596.000000
filtered : 1120765517.000000
time : 1312.262329
