Parameters: GAD=1 vflib=1 dir=0 label=0 lowerbound=1 fileNameGp=../graphsdb/mcs50/bvg/b03/mcs50_b03_s30.A93 fileNameGt=../graphsdb/mcs50/bvg/b03/mcs50_b03_s30.B93
Reading graphs...
30 :  45
30 :  45
Initializing...
maxdom : 30
D->valSize : 900
Solving...
Blb : 5 (clique : 18)
currentSize : 18 <-- 0.011899 s
currentSize : 19 <-- 0.012327 s
currentSize : 20 <-- 0.014914 s
currentSize : 21 <-- 0.024870 s
currentSize : 22 <-- 3.119376 s
currentSize : 23 <-- 4.344778 s

maxsize : 23
nodes : 1111211.000000
filtered : 73568397.000000
time : 82.584892
