Parameters: GAD=1 vflib=1 dir=0 label=0 lowerbound=1 fileNameGp=../graphsdb/mcs50/bvg/b09/mcs50_b09_s30.A57 fileNameGt=../graphsdb/mcs50/bvg/b09/mcs50_b09_s30.B57
Reading graphs...
30 :  129
30 :  130
Initializing...
maxdom : 30
D->valSize : 900
Solving...
Blb : 2 (clique : 13)
currentSize : 13 <-- 0.009857 s
currentSize : 14 <-- 0.010859 s
currentSize : 15 <-- 0.061800 s
currentSize : 16 <-- 0.253339 s
currentSize : 17 <-- 13.866048 s

maxsize : 17
nodes : 10730240.000000
filtered : 292294680.000000
time : 73.401077
