Parameters: GAD=1 vflib=1 dir=0 label=0 lowerbound=1 fileNameGp=../graphsdb/mcs50/rand/r01/mcs50_r01_s35.A37 fileNameGt=../graphsdb/mcs50/rand/r01/mcs50_r01_s35.B37
Reading graphs...
35 :  113
35 :  112
Initializing...
maxdom : 35
D->valSize : 1225
Solving...
Blb : 2 (clique : 15)
currentSize : 15 <-- 0.034191 s
currentSize : 16 <-- 0.034774 s
currentSize : 17 <-- 0.039138 s
currentSize : 18 <-- 0.059260 s
currentSize : 19 <-- 0.059280 s
currentSize : 20 <-- 11.581639 s

TIMEOUT
maxsize : 20
nodes : 363457401.000000
filtered : 10970052141.000000
time : 3600.000000
