Parameters: GAD=1 vflib=1 dir=0 label=0 lowerbound=1 fileNameGp=../graphsdb/mcs50/m2D/m2Dr4/mcs50_m2Dr4_s20.A85 fileNameGt=../graphsdb/mcs50/m2D/m2Dr4/mcs50_m2Dr4_s20.B85
Reading graphs...
20 :  38
20 :  39
Initializing...
maxdom : 20
D->valSize : 400
Solving...
Blb : 2 (clique : 10)
currentSize : 10 <-- 0.002280 s
currentSize : 11 <-- 0.002338 s
currentSize : 12 <-- 0.002436 s
currentSize : 13 <-- 0.010817 s
currentSize : 14 <-- 0.826047 s

maxsize : 14
nodes : 123365.000000
filtered : 2489495.000000
time : 1.242204
