Parameters: GAD=1 vflib=1 dir=0 label=0 lowerbound=1 fileNameGp=../graphsdb/mcs50/m2D/m2Dr6/mcs50_m2Dr6_s30.A48 fileNameGt=../graphsdb/mcs50/m2D/m2Dr6/mcs50_m2Dr6_s30.B48
Reading graphs...
30 :  65
30 :  64
Initializing...
maxdom : 30
D->valSize : 900
Solving...
Blb : 2 (clique : 15)
currentSize : 15 <-- 0.019130 s
currentSize : 16 <-- 0.019347 s
currentSize : 17 <-- 0.026525 s
currentSize : 18 <-- 0.075146 s
currentSize : 19 <-- 0.157368 s
currentSize : 20 <-- 19.020103 s
currentSize : 21 <-- 119.525948 s

maxsize : 21
nodes : 7386131.000000
filtered : 286419823.000000
time : 160.598297
