Parameters: GAD=1 vflib=1 dir=0 label=0 lowerbound=1 fileNameGp=../graphsdb/mcs50/bvg/b06/mcs50_b06_s35.A33 fileNameGt=../graphsdb/mcs50/bvg/b06/mcs50_b06_s35.B33
Reading graphs...
35 :  104
35 :  105
Initializing...
maxdom : 35
D->valSize : 1225
Solving...
Blb : 2 (clique : 15)
currentSize : 15 <-- 0.019487 s
currentSize : 16 <-- 0.019677 s
currentSize : 17 <-- 0.021571 s
currentSize : 18 <-- 0.024711 s
currentSize : 19 <-- 0.167524 s
currentSize : 20 <-- 1.293479 s
currentSize : 21 <-- 20.324757 s
currentSize : 22 <-- 279.124298 s

TIMEOUT
maxsize : 22
nodes : 126113578.000000
filtered : 7360590578.000000
time : 3600.000488
