Parameters: GAD=1 vflib=1 dir=0 label=0 lowerbound=1 fileNameGp=../graphsdb/mcs50/m4D/m4D/mcs50_m4D_s30.A51 fileNameGt=../graphsdb/mcs50/m4D/m4D/mcs50_m4D_s30.B51
Reading graphs...
30 :  55
30 :  55
Initializing...
maxdom : 30
D->valSize : 900
Solving...
Blb : 5 (clique : 17)
currentSize : 17 <-- 0.011346 s
currentSize : 18 <-- 0.125288 s
currentSize : 19 <-- 0.411353 s
currentSize : 20 <-- 0.557848 s
currentSize : 21 <-- 7.564808 s
currentSize : 22 <-- 61.022236 s

maxsize : 22
nodes : 4242053.000000
filtered : 221680148.000000
time : 115.797409
