Parameters: GAD=1 vflib=1 dir=0 label=0 lowerbound=1 fileNameGp=../graphsdb/mcs50/rand/r01/mcs50_r01_s35.A90 fileNameGt=../graphsdb/mcs50/rand/r01/mcs50_r01_s35.B90
Reading graphs...
35 :  113
35 :  112
Initializing...
maxdom : 35
D->valSize : 1225
Solving...
Blb : 2 (clique : 15)
currentSize : 15 <-- 0.024104 s
currentSize : 16 <-- 0.024283 s
currentSize : 17 <-- 0.024321 s
currentSize : 18 <-- 0.048663 s
currentSize : 19 <-- 0.105348 s
currentSize : 20 <-- 815.720093 s

TIMEOUT
maxsize : 20
nodes : 342108112.000000
filtered : 10266264410.000000
time : 3600.000000
