Parameters: GAD=1 vflib=1 dir=0 label=0 lowerbound=1 fileNameGp=../graphsdb/mcs50/bvg/b09m/mcs50_b09m_s25.A39 fileNameGt=../graphsdb/mcs50/bvg/b09m/mcs50_b09m_s25.B39
Reading graphs...
25 :  104
25 :  106
Initializing...
maxdom : 25
D->valSize : 625
Solving...
Blb : 2 (clique : 9)
currentSize : 9 <-- 0.007938 s
currentSize : 10 <-- 0.008059 s
currentSize : 11 <-- 0.008623 s
currentSize : 12 <-- 0.039247 s
currentSize : 13 <-- 0.046116 s
currentSize : 14 <-- 2.429634 s

maxsize : 14
nodes : 2115730.000000
filtered : 39214545.000000
time : 10.972149
