Parameters: GAD=1 vflib=1 dir=0 label=0 lowerbound=1 fileNameGp=../graphsdb/mcs50/m4D/m4D/mcs50_m4D_s35.A81 fileNameGt=../graphsdb/mcs50/m4D/m4D/mcs50_m4D_s35.B81
Reading graphs...
35 :  63
35 :  63
Initializing...
maxdom : 35
D->valSize : 1225
Solving...
Blb : 2 (clique : 20)
currentSize : 20 <-- 0.021165 s
currentSize : 21 <-- 0.025342 s
currentSize : 22 <-- 0.048217 s
currentSize : 23 <-- 0.508237 s
currentSize : 24 <-- 0.508934 s
currentSize : 25 <-- 0.876704 s
currentSize : 26 <-- 1536.246582 s

TIMEOUT
maxsize : 26
nodes : 45892427.000000
filtered : 3214572394.000000
time : 3600.000732
