Parameters: GAD=1 vflib=1 dir=0 label=0 lowerbound=1 fileNameGp=../graphsdb/mcs50/rand/r01/mcs50_r01_s35.A35 fileNameGt=../graphsdb/mcs50/rand/r01/mcs50_r01_s35.B35
Reading graphs...
35 :  110
35 :  111
Initializing...
maxdom : 35
D->valSize : 1225
Solving...
Blb : 2 (clique : 14)
currentSize : 14 <-- 0.034058 s
currentSize : 15 <-- 0.034274 s
currentSize : 16 <-- 0.034970 s
currentSize : 17 <-- 0.036656 s
currentSize : 18 <-- 0.070378 s
currentSize : 19 <-- 1.275206 s
currentSize : 20 <-- 18.608297 s

TIMEOUT
maxsize : 20
nodes : 295719247.000000
filtered : 10409129041.000000
time : 3600.000000
