Parameters: GAD=1 vflib=1 dir=0 label=0 lowerbound=1 fileNameGp=../graphsdb/mcs50/m2D/m2Dr4/mcs50_m2Dr4_s30.A48 fileNameGt=../graphsdb/mcs50/m2D/m2Dr4/mcs50_m2Dr4_s30.B48
Reading graphs...
30 :  61
30 :  60
Initializing...
maxdom : 30
D->valSize : 900
Solving...
Blb : 2 (clique : 14)
currentSize : 14 <-- 0.011002 s
currentSize : 16 <-- 0.011112 s
currentSize : 17 <-- 0.015278 s
currentSize : 18 <-- 0.033885 s
currentSize : 19 <-- 0.053915 s
currentSize : 20 <-- 0.633608 s
currentSize : 21 <-- 33.872089 s

maxsize : 21
nodes : 4122478.000000
filtered : 194560102.000000
time : 135.538162
