Parameters: GAD=1 vflib=1 dir=0 label=0 lowerbound=1 fileNameGp=../graphsdb/mcs50/m4D/m4Dr2/mcs50_m4Dr2_s35.A17 fileNameGt=../graphsdb/mcs50/m4D/m4Dr2/mcs50_m4Dr2_s35.B17
Reading graphs...
35 :  70
35 :  70
Initializing...
maxdom : 35
D->valSize : 1225
Solving...
Blb : 3 (clique : 18)
currentSize : 18 <-- 0.036451 s
currentSize : 19 <-- 0.036796 s
currentSize : 20 <-- 0.036882 s
currentSize : 21 <-- 0.038201 s
currentSize : 22 <-- 0.317290 s
currentSize : 23 <-- 0.899116 s
currentSize : 24 <-- 25.836061 s

TIMEOUT
maxsize : 24
nodes : 114902630.000000
filtered : 6426245198.000000
time : 3600.000244
