Parameters: GAD=1 vflib=1 dir=0 label=0 lowerbound=1 fileNameGp=../graphsdb/mcs50/bvg/b06/mcs50_b06_s30.A15 fileNameGt=../graphsdb/mcs50/bvg/b06/mcs50_b06_s30.B15
Reading graphs...
30 :  90
30 :  88
Initializing...
maxdom : 30
D->valSize : 900
Solving...
Blb : 2 (clique : 13)
currentSize : 13 <-- 0.018209 s
currentSize : 14 <-- 0.018372 s
currentSize : 15 <-- 0.018409 s
currentSize : 16 <-- 0.018495 s
currentSize : 17 <-- 0.071459 s
currentSize : 18 <-- 0.300957 s
currentSize : 19 <-- 21.496197 s

maxsize : 19
nodes : 7581022.000000
filtered : 254622975.000000
time : 93.953835
