Parameters: GAD=1 vflib=1 dir=0 label=0 lowerbound=1 fileNameGp=../graphsdb/mcs50/m4D/m4D/mcs50_m4D_s35.A38 fileNameGt=../graphsdb/mcs50/m4D/m4D/mcs50_m4D_s35.B38
Reading graphs...
35 :  62
35 :  63
Initializing...
maxdom : 35
D->valSize : 1225
Solving...
Blb : 2 (clique : 20)
currentSize : 20 <-- 0.037499 s
currentSize : 21 <-- 0.037826 s
currentSize : 22 <-- 0.198140 s
currentSize : 23 <-- 0.198780 s
currentSize : 24 <-- 0.726101 s
currentSize : 25 <-- 3.524772 s
currentSize : 26 <-- 19.108236 s

TIMEOUT
maxsize : 26
nodes : 65080110.000000
filtered : 5549662770.000000
time : 3600.000488
