Parameters: GAD=1 vflib=1 dir=0 label=0 lowerbound=1 fileNameGp=../graphsdb/mcs50/bvg/b09/mcs50_b09_s35.A84 fileNameGt=../graphsdb/mcs50/bvg/b09/mcs50_b09_s35.B84
Reading graphs...
35 :  153
35 :  153
Initializing...
maxdom : 35
D->valSize : 1225
Solving...
Blb : 2 (clique : 13)
currentSize : 13 <-- 0.019112 s
currentSize : 14 <-- 0.019298 s
currentSize : 15 <-- 0.019641 s
currentSize : 16 <-- 0.042769 s
currentSize : 17 <-- 0.139610 s
currentSize : 18 <-- 10.828580 s
currentSize : 19 <-- 330.612122 s

maxsize : 19
nodes : 209580921.000000
filtered : 7214161694.000000
time : 2071.429932
