Parameters: GAD=1 vflib=1 dir=0 label=0 lowerbound=1 fileNameGp=../graphsdb/mcs50/rand/r005/mcs50_r005_s35.A77 fileNameGt=../graphsdb/mcs50/rand/r005/mcs50_r005_s35.B77
Reading graphs...
35 :  62
35 :  60
Initializing...
maxdom : 35
D->valSize : 1225
Solving...
Blb : 2 (clique : 21)
currentSize : 21 <-- 0.021149 s
currentSize : 22 <-- 0.090487 s
currentSize : 23 <-- 0.096025 s
currentSize : 24 <-- 2.723787 s
currentSize : 25 <-- 3.249007 s
currentSize : 26 <-- 2372.978516 s

TIMEOUT
maxsize : 26
nodes : 48431949.000000
filtered : 3537903482.000000
time : 3600.000000
