Parameters: GAD=1 vflib=1 dir=0 label=0 lowerbound=1 fileNameGp=../graphsdb/mcs50/rand/r005/mcs50_r005_s30.A37 fileNameGt=../graphsdb/mcs50/rand/r005/mcs50_r005_s30.B37
Reading graphs...
30 :  46
30 :  46
Initializing...
maxdom : 30
D->valSize : 900
Solving...
Blb : 2 (clique : 18)
currentSize : 18 <-- 0.011595 s
currentSize : 19 <-- 0.011906 s
currentSize : 20 <-- 0.012144 s
currentSize : 21 <-- 0.017691 s
currentSize : 22 <-- 0.081257 s
currentSize : 23 <-- 178.411255 s

maxsize : 23
nodes : 4773803.000000
filtered : 261034418.000000
time : 276.285095
