Parameters: GAD=1 vflib=1 dir=0 label=0 lowerbound=1 fileNameGp=../graphsdb/mcs50/rand/r02/mcs50_r02_s30.A71 fileNameGt=../graphsdb/mcs50/rand/r02/mcs50_r02_s30.B71
Reading graphs...
30 :  153
30 :  151
Initializing...
maxdom : 30
D->valSize : 900
Solving...
Blb : 3 (clique : 10)
currentSize : 10 <-- 0.009481 s
currentSize : 12 <-- 0.009573 s
currentSize : 13 <-- 0.037518 s
currentSize : 14 <-- 0.103197 s
currentSize : 15 <-- 69.979591 s

maxsize : 15
nodes : 52031139.000000
filtered : 807903064.000000
time : 240.856750
