Parameters: GAD=1 vflib=1 dir=0 label=0 lowerbound=1 fileNameGp=../graphsdb/mcs50/rand/r02/mcs50_r02_s35.A97 fileNameGt=../graphsdb/mcs50/rand/r02/mcs50_r02_s35.B97
Reading graphs...
35 :  206
35 :  206
Initializing...
maxdom : 35
D->valSize : 1225
Solving...
Blb : 2 (clique : 11)
currentSize : 11 <-- 0.030408 s
currentSize : 12 <-- 0.030923 s
currentSize : 13 <-- 0.036122 s
currentSize : 14 <-- 0.150927 s
currentSize : 15 <-- 0.178051 s
currentSize : 17 <-- 71.473694 s

maxsize : 17
nodes : 388950009.000000
filtered : 7136940951.000000
time : 1933.287598
