Parameters: GAD=1 vflib=1 dir=0 label=0 lowerbound=1 fileNameGp=../graphsdb/mcs50/bvg/b09m/mcs50_b09m_s35.A12 fileNameGt=../graphsdb/mcs50/bvg/b09m/mcs50_b09m_s35.B12
Reading graphs...
35 :  149
35 :  149
Initializing...
maxdom : 35
D->valSize : 1225
Solving...
Blb : 2 (clique : 12)
currentSize : 12 <-- 0.023835 s
currentSize : 13 <-- 0.023968 s
currentSize : 14 <-- 0.023979 s
currentSize : 15 <-- 0.024004 s
currentSize : 16 <-- 0.037686 s
currentSize : 17 <-- 2.091093 s
currentSize : 18 <-- 32.467541 s
currentSize : 19 <-- 125.083496 s

maxsize : 19
nodes : 306883979.000000
filtered : 9471303545.000000
time : 2776.211426
