Parameters: GAD=1 vflib=1 dir=0 label=0 lowerbound=1 fileNameGp=../graphsdb/mcs50/rand/r005/mcs50_r005_s25.A77 fileNameGt=../graphsdb/mcs50/rand/r005/mcs50_r005_s25.B77
Reading graphs...
25 :  34
25 :  35
Initializing...
maxdom : 25
D->valSize : 625
Solving...
Blb : 2 (clique : 15)
currentSize : 15 <-- 0.005659 s
currentSize : 16 <-- 0.005977 s
currentSize : 17 <-- 0.010082 s
currentSize : 18 <-- 0.010641 s
currentSize : 19 <-- 0.379851 s

maxsize : 19
nodes : 489638.000000
filtered : 24707594.000000
time : 19.293690
