Parameters: GAD=1 vflib=1 dir=0 label=0 lowerbound=1 fileNameGp=../graphsdb/mcs50/rand/r02/mcs50_r02_s30.A39 fileNameGt=../graphsdb/mcs50/rand/r02/mcs50_r02_s30.B39
Reading graphs...
30 :  153
30 :  147
Initializing...
maxdom : 30
D->valSize : 900
Solving...
Blb : 2 (clique : 9)
currentSize : 9 <-- 0.009495 s
currentSize : 11 <-- 0.009588 s
currentSize : 12 <-- 0.011309 s
currentSize : 13 <-- 0.017912 s
currentSize : 14 <-- 0.725033 s
currentSize : 15 <-- 44.810684 s

maxsize : 15
nodes : 61985506.000000
filtered : 1041727786.000000
time : 295.128754
