Parameters: GAD=1 vflib=1 dir=0 label=0 lowerbound=1 fileNameGp=../graphsdb/mcs50/m3D/m3D/mcs50_m3D_s20.A85 fileNameGt=../graphsdb/mcs50/m3D/m3D/mcs50_m3D_s20.B85
Reading graphs...
20 :  35
20 :  37
Initializing...
maxdom : 20
D->valSize : 400
Solving...
Blb : 2 (clique : 11)
currentSize : 11 <-- 0.002255 s
currentSize : 12 <-- 0.002335 s
currentSize : 13 <-- 0.006335 s
currentSize : 14 <-- 0.009322 s
currentSize : 15 <-- 0.273038 s

maxsize : 15
nodes : 31132.000000
filtered : 823925.000000
time : 0.378476
