Parameters: GAD=1 vflib=1 dir=0 label=0 lowerbound=1 fileNameGp=../graphsdb/mcs50/m2D/m2Dr6/mcs50_m2Dr6_s20.A26 fileNameGt=../graphsdb/mcs50/m2D/m2Dr6/mcs50_m2Dr6_s20.B26
Reading graphs...
20 :  39
20 :  38
Initializing...
maxdom : 20
D->valSize : 400
Solving...
Blb : 2 (clique : 10)
currentSize : 10 <-- 0.002231 s
currentSize : 11 <-- 0.002301 s
currentSize : 12 <-- 0.002352 s
currentSize : 13 <-- 0.003301 s
currentSize : 14 <-- 0.007947 s

maxsize : 14
nodes : 83331.000000
filtered : 1926242.000000
time : 0.684543
