Parameters: GAD=1 vflib=1 dir=0 label=0 lowerbound=1 fileNameGp=../graphsdb/mcs50/m4D/m4Dr2/mcs50_m4Dr2_s30.A39 fileNameGt=../graphsdb/mcs50/m4D/m4Dr2/mcs50_m4Dr2_s30.B39
Reading graphs...
30 :  61
30 :  61
Initializing...
maxdom : 30
D->valSize : 900
Solving...
Blb : 2 (clique : 16)
currentSize : 16 <-- 0.011066 s
currentSize : 17 <-- 0.011334 s
currentSize : 18 <-- 0.013348 s
currentSize : 19 <-- 0.021643 s
currentSize : 20 <-- 0.038308 s
currentSize : 21 <-- 0.245553 s

maxsize : 21
nodes : 4475069.000000
filtered : 230783891.000000
time : 188.190338
