Parameters: GAD=1 vflib=1 dir=0 label=0 lowerbound=1 fileNameGp=../graphsdb/mcs50/bvg/b06/mcs50_b06_s35.A00 fileNameGt=../graphsdb/mcs50/bvg/b06/mcs50_b06_s35.B00
Reading graphs...
35 :  103
35 :  101
Initializing...
maxdom : 35
D->valSize : 1225
Solving...
Blb : 2 (clique : 16)
currentSize : 16 <-- 0.019823 s
currentSize : 17 <-- 0.020605 s
currentSize : 18 <-- 0.021270 s
currentSize : 19 <-- 0.025851 s
currentSize : 20 <-- 0.148719 s
currentSize : 21 <-- 0.643603 s
currentSize : 22 <-- 6.040586 s

maxsize : 22
nodes : 136980113.000000
filtered : 7432188442.000000
time : 3512.102051
