Parameters: GAD=1 vflib=1 dir=0 label=0 lowerbound=1 fileNameGp=../graphsdb/mcs50/m4D/m4Dr2/mcs50_m4Dr2_s30.A02 fileNameGt=../graphsdb/mcs50/m4D/m4Dr2/mcs50_m4Dr2_s30.B02
Reading graphs...
30 :  60
30 :  58
Initializing...
maxdom : 30
D->valSize : 900
Solving...
Blb : 2 (clique : 17)
currentSize : 17 <-- 0.011445 s
currentSize : 18 <-- 0.011582 s
currentSize : 19 <-- 0.011745 s
currentSize : 20 <-- 0.012222 s
currentSize : 21 <-- 0.127884 s

maxsize : 21
nodes : 29417194.000000
filtered : 1555843804.000000
time : 691.350037
