Parameters: GAD=1 vflib=1 dir=0 label=0 lowerbound=1 fileNameGp=../graphsdb/mcs50/m2D/m2Dr4/mcs50_m2Dr4_s30.A01 fileNameGt=../graphsdb/mcs50/m2D/m2Dr4/mcs50_m2Dr4_s30.B01
Reading graphs...
30 :  61
30 :  57
Initializing...
maxdom : 30
D->valSize : 900
Solving...
Blb : 2 (clique : 16)
currentSize : 16 <-- 0.019481 s
currentSize : 17 <-- 0.019692 s
currentSize : 18 <-- 0.019866 s
currentSize : 19 <-- 0.065334 s
currentSize : 20 <-- 0.333419 s
currentSize : 21 <-- 1.223923 s

maxsize : 21
nodes : 10075572.000000
filtered : 528494527.000000
time : 314.010986
