Parameters: GAD=1 vflib=1 dir=0 label=0 lowerbound=1 fileNameGp=../graphsdb/mcs50/bvg/b09m/mcs50_b09m_s20.A14 fileNameGt=../graphsdb/mcs50/bvg/b09m/mcs50_b09m_s20.B14
Reading graphs...
20 :  78
20 :  79
Initializing...
maxdom : 20
D->valSize : 400
Solving...
Blb : 2 (clique : 8)
currentSize : 8 <-- 0.002235 s
currentSize : 9 <-- 0.002337 s
currentSize : 10 <-- 0.002940 s
currentSize : 11 <-- 0.017574 s
currentSize : 12 <-- 0.091120 s

maxsize : 12
nodes : 117048.000000
filtered : 1888437.000000
time : 0.511819
