Parameters: GAD=1 vflib=1 dir=0 label=0 lowerbound=1 fileNameGp=../graphsdb/mcs50/m4D/m4Dr2/mcs50_m4Dr2_s35.A12 fileNameGt=../graphsdb/mcs50/m4D/m4Dr2/mcs50_m4Dr2_s35.B12
Reading graphs...
35 :  70
35 :  70
Initializing...
maxdom : 35
D->valSize : 1225
Solving...
Blb : 2 (clique : 19)
currentSize : 19 <-- 0.024911 s
currentSize : 20 <-- 0.036637 s
currentSize : 21 <-- 0.042293 s
currentSize : 22 <-- 0.049418 s
currentSize : 23 <-- 0.130509 s
currentSize : 24 <-- 32.145027 s
currentSize : 25 <-- 65.096687 s

TIMEOUT
maxsize : 25
nodes : 55978529.000000
filtered : 4469436409.000000
time : 3600.000000
