Parameters: GAD=1 vflib=1 dir=0 label=0 lowerbound=1 fileNameGp=../graphsdb/mcs50/bvg/b06/mcs50_b06_s30.A75 fileNameGt=../graphsdb/mcs50/bvg/b06/mcs50_b06_s30.B75
Reading graphs...
30 :  88
30 :  88
Initializing...
maxdom : 30
D->valSize : 900
Solving...
Blb : 2 (clique : 15)
currentSize : 15 <-- 0.018304 s
currentSize : 16 <-- 0.030209 s
currentSize : 17 <-- 0.057830 s
currentSize : 18 <-- 0.422526 s
currentSize : 19 <-- 18.686760 s

maxsize : 19
nodes : 13357786.000000
filtered : 556853182.000000
time : 187.048538
