Parameters: GAD=1 vflib=1 dir=0 label=0 lowerbound=1 fileNameGp=../graphsdb/mcs50/m4D/m4Dr2/mcs50_m4Dr2_s35.A29 fileNameGt=../graphsdb/mcs50/m4D/m4Dr2/mcs50_m4Dr2_s35.B29
Reading graphs...
35 :  70
35 :  69
Initializing...
maxdom : 35
D->valSize : 1225
Solving...
Blb : 2 (clique : 21)
currentSize : 21 <-- 0.021535 s
currentSize : 22 <-- 0.022863 s
currentSize : 23 <-- 0.028650 s
currentSize : 24 <-- 0.110501 s
currentSize : 25 <-- 648.139648 s
currentSize : 26 <-- 1024.835693 s

maxsize : 26
nodes : 28672587.000000
filtered : 2429079280.000000
time : 2009.671753
