Parameters: GAD=1 vflib=1 dir=0 label=0 lowerbound=1 fileNameGp=../graphsdb/mcs50/bvg/b03/mcs50_b03_s30.A27 fileNameGt=../graphsdb/mcs50/bvg/b03/mcs50_b03_s30.B27
Reading graphs...
30 :  45
30 :  45
Initializing...
maxdom : 30
D->valSize : 900
Solving...
Blb : 2 (clique : 18)
currentSize : 18 <-- 0.011750 s
currentSize : 19 <-- 0.011928 s
currentSize : 20 <-- 0.012056 s
currentSize : 21 <-- 0.016043 s
currentSize : 22 <-- 0.035554 s
currentSize : 23 <-- 2.218958 s

maxsize : 23
nodes : 1942643.000000
filtered : 149093169.000000
time : 169.827087
