Parameters: GAD=1 vflib=1 dir=0 label=0 lowerbound=1 fileNameGp=../graphsdb/mcs50/bvg/b06/mcs50_b06_s30.A10 fileNameGt=../graphsdb/mcs50/bvg/b06/mcs50_b06_s30.B10
Reading graphs...
30 :  89
30 :  88
Initializing...
maxdom : 30
D->valSize : 900
Solving...
Blb : 2 (clique : 14)
currentSize : 14 <-- 0.018367 s
currentSize : 15 <-- 0.019442 s
currentSize : 16 <-- 0.022500 s
currentSize : 17 <-- 0.048583 s
currentSize : 18 <-- 6.655159 s
currentSize : 19 <-- 7.051143 s
currentSize : 20 <-- 72.334480 s

maxsize : 20
nodes : 11350286.000000
filtered : 423837169.000000
time : 139.425125
