Parameters: GAD=1 vflib=1 dir=0 label=0 lowerbound=1 fileNameGp=../graphsdb/mcs50/bvg/b09/mcs50_b09_s35.A03 fileNameGt=../graphsdb/mcs50/bvg/b09/mcs50_b09_s35.B03
Reading graphs...
35 :  150
35 :  156
Initializing...
maxdom : 35
D->valSize : 1225
Solving...
Blb : 5 (clique : 15)
currentSize : 15 <-- 0.019093 s
currentSize : 16 <-- 0.042694 s
currentSize : 17 <-- 0.640531 s
currentSize : 18 <-- 9.906809 s
currentSize : 19 <-- 25.841299 s

maxsize : 19
nodes : 142392184.000000
filtered : 4370824136.000000
time : 1282.484741
