Parameters: GAD=1 vflib=1 dir=0 label=0 lowerbound=1 fileNameGp=../graphsdb/mcs50/bvg/b06m/mcs50_b06m_s25.A31 fileNameGt=../graphsdb/mcs50/bvg/b06m/mcs50_b06m_s25.B31
Reading graphs...
25 :  73
25 :  73
Initializing...
maxdom : 25
D->valSize : 625
Solving...
Blb : 2 (clique : 11)
currentSize : 11 <-- 0.008860 s
currentSize : 12 <-- 0.008993 s
currentSize : 13 <-- 0.009195 s
currentSize : 14 <-- 0.009383 s
currentSize : 15 <-- 0.061912 s

maxsize : 15
nodes : 3822637.000000
filtered : 99675552.000000
time : 26.990618
