Parameters: GAD=1 vflib=1 dir=0 label=0 lowerbound=1 fileNameGp=../graphsdb/mcs50/m4D/m4Dr6/mcs50_m4Dr6_s35.A21 fileNameGt=../graphsdb/mcs50/m4D/m4Dr6/mcs50_m4Dr6_s35.B21
Reading graphs...
35 :  82
35 :  82
Initializing...
maxdom : 35
D->valSize : 1225
Solving...
Blb : 2 (clique : 18)
currentSize : 18 <-- 0.020275 s
currentSize : 19 <-- 0.020430 s
currentSize : 20 <-- 0.021585 s
currentSize : 21 <-- 0.258424 s
currentSize : 22 <-- 0.518931 s
currentSize : 23 <-- 0.519252 s
currentSize : 24 <-- 793.779785 s

TIMEOUT
maxsize : 24
nodes : 70140257.000000
filtered : 4751241775.000000
time : 3600.000244
