Parameters: GAD=1 vflib=1 dir=0 label=0 lowerbound=1 fileNameGp=../graphsdb/mcs50/rand/r01/mcs50_r01_s30.A39 fileNameGt=../graphsdb/mcs50/rand/r01/mcs50_r01_s30.B39
Reading graphs...
30 :  82
30 :  81
Initializing...
maxdom : 30
D->valSize : 900
Solving...
Blb : 2 (clique : 14)
currentSize : 14 <-- 0.018576 s
currentSize : 16 <-- 0.018747 s
currentSize : 17 <-- 0.018787 s
currentSize : 18 <-- 0.283687 s
currentSize : 19 <-- 32.033863 s

maxsize : 19
nodes : 31619729.000000
filtered : 1099326464.000000
time : 368.772766
