Parameters: GAD=1 vflib=1 dir=0 label=0 lowerbound=1 fileNameGp=../graphsdb/mcs50/m2D/m2Dr2/mcs50_m2Dr2_s20.A88 fileNameGt=../graphsdb/mcs50/m2D/m2Dr2/mcs50_m2Dr2_s20.B88
Reading graphs...
20 :  35
20 :  34
Initializing...
maxdom : 20
D->valSize : 400
Solving...
Blb : 2 (clique : 11)
currentSize : 11 <-- 0.003882 s
currentSize : 12 <-- 0.004079 s
currentSize : 13 <-- 0.004170 s
currentSize : 14 <-- 0.012242 s
currentSize : 15 <-- 0.279053 s

maxsize : 15
nodes : 39346.000000
filtered : 1235934.000000
time : 0.494312
