Parameters: GAD=1 vflib=1 dir=0 label=0 lowerbound=1 fileNameGp=../graphsdb/mcs50/bvg/b03m/mcs50_b03m_s30.A08 fileNameGt=../graphsdb/mcs50/bvg/b03m/mcs50_b03m_s30.B08
Reading graphs...
30 :  45
30 :  45
Initializing...
maxdom : 30
D->valSize : 900
Solving...
Blb : 2 (clique : 19)
currentSize : 19 <-- 0.019521 s
currentSize : 20 <-- 0.619154 s
currentSize : 21 <-- 2.646730 s
currentSize : 22 <-- 8.143789 s
currentSize : 23 <-- 23.673424 s

maxsize : 23
nodes : 1716241.000000
filtered : 90347907.000000
time : 86.543167
