Parameters: GAD=1 vflib=1 dir=0 label=0 lowerbound=1 fileNameGp=../graphsdb/mcs50/m4D/m4Dr6/mcs50_m4Dr6_s30.A74 fileNameGt=../graphsdb/mcs50/m4D/m4Dr6/mcs50_m4Dr6_s30.B74
Reading graphs...
30 :  70
30 :  69
Initializing...
maxdom : 30
D->valSize : 900
Solving...
Blb : 2 (clique : 15)
currentSize : 15 <-- 0.010979 s
currentSize : 16 <-- 0.011106 s
currentSize : 17 <-- 0.014581 s
currentSize : 18 <-- 0.028551 s
currentSize : 19 <-- 0.032816 s
currentSize : 20 <-- 28.695601 s
currentSize : 21 <-- 57.330769 s

maxsize : 21
nodes : 5534340.000000
filtered : 254727190.000000
time : 132.676132
