Parameters: GAD=1 vflib=1 dir=0 label=0 lowerbound=1 fileNameGp=../graphsdb/mcs50/rand/r01/mcs50_r01_s25.A35 fileNameGt=../graphsdb/mcs50/rand/r01/mcs50_r01_s25.B35
Reading graphs...
25 :  58
25 :  54
Initializing...
maxdom : 25
D->valSize : 625
Solving...
Blb : 2 (clique : 12)
currentSize : 12 <-- 0.009036 s
currentSize : 13 <-- 0.009234 s
currentSize : 14 <-- 0.009755 s
currentSize : 15 <-- 0.018908 s
currentSize : 16 <-- 0.941519 s
currentSize : 17 <-- 3.455011 s

maxsize : 17
nodes : 892173.000000
filtered : 26816628.000000
time : 12.378642
