Parameters: GAD=1 vflib=1 dir=0 label=0 lowerbound=1 fileNameGp=../graphsdb/mcs50/rand/r01/mcs50_r01_s25.A10 fileNameGt=../graphsdb/mcs50/rand/r01/mcs50_r01_s25.B10
Reading graphs...
25 :  55
25 :  57
Initializing...
maxdom : 25
D->valSize : 625
Solving...
Blb : 2 (clique : 13)
currentSize : 13 <-- 0.008974 s
currentSize : 14 <-- 0.009132 s
currentSize : 15 <-- 0.013838 s
currentSize : 16 <-- 0.087227 s
currentSize : 17 <-- 8.603484 s

maxsize : 17
nodes : 2094304.000000
filtered : 60226844.000000
time : 21.491619
