Parameters: GAD=1 vflib=1 dir=0 label=0 lowerbound=1 fileNameGp=../graphsdb/mcs50/bvg/b09m/mcs50_b09m_s30.A64 fileNameGt=../graphsdb/mcs50/bvg/b09m/mcs50_b09m_s30.B64
Reading graphs...
30 :  127
30 :  128
Initializing...
maxdom : 30
D->valSize : 900
Solving...
Blb : 2 (clique : 12)
currentSize : 12 <-- 0.016995 s
currentSize : 13 <-- 0.017250 s
currentSize : 14 <-- 0.017822 s
currentSize : 15 <-- 0.111083 s
currentSize : 16 <-- 4.221235 s

maxsize : 16
nodes : 26337514.000000
filtered : 646220450.000000
time : 181.446869
