Parameters: GAD=1 vflib=1 dir=0 label=0 lowerbound=1 fileNameGp=../graphsdb/mcs50/m4D/m4Dr2/mcs50_m4Dr2_s35.A53 fileNameGt=../graphsdb/mcs50/m4D/m4Dr2/mcs50_m4Dr2_s35.B53
Reading graphs...
35 :  69
35 :  68
Initializing...
maxdom : 35
D->valSize : 1225
Solving...
Blb : 2 (clique : 17)
currentSize : 17 <-- 0.036621 s
currentSize : 18 <-- 0.042818 s
currentSize : 19 <-- 0.049866 s
currentSize : 20 <-- 0.062241 s
currentSize : 21 <-- 0.081143 s
currentSize : 22 <-- 0.103538 s
currentSize : 23 <-- 4.336472 s
currentSize : 24 <-- 27.059908 s
currentSize : 25 <-- 80.845802 s

maxsize : 25
nodes : 29697297.000000
filtered : 2055944528.000000
time : 2022.311401
