Parameters: GAD=1 vflib=1 dir=0 label=0 lowerbound=1 fileNameGp=../graphsdb/mcs50/bvg/b09m/mcs50_b09m_s35.A42 fileNameGt=../graphsdb/mcs50/bvg/b09m/mcs50_b09m_s35.B42
Reading graphs...
35 :  150
35 :  147
Initializing...
maxdom : 35
D->valSize : 1225
Solving...
Blb : 2 (clique : 14)
currentSize : 14 <-- 0.018736 s
currentSize : 15 <-- 0.019126 s
currentSize : 16 <-- 0.036494 s
currentSize : 17 <-- 0.127614 s
currentSize : 18 <-- 3.755211 s
currentSize : 19 <-- 2825.286865 s

TIMEOUT
maxsize : 19
nodes : 453006229.000000
filtered : 14713446614.000000
time : 3600.000000
