Parameters: GAD=1 vflib=1 dir=0 label=0 lowerbound=1 fileNameGp=../graphsdb/mcs50/bvg/b06/mcs50_b06_s35.A62 fileNameGt=../graphsdb/mcs50/bvg/b06/mcs50_b06_s35.B62
Reading graphs...
35 :  102
35 :  105
Initializing...
maxdom : 35
D->valSize : 1225
Solving...
Blb : 2 (clique : 18)
currentSize : 18 <-- 0.034495 s
currentSize : 20 <-- 0.034742 s
currentSize : 21 <-- 0.035417 s
currentSize : 22 <-- 0.035449 s
currentSize : 23 <-- 0.035502 s
currentSize : 24 <-- 0.035660 s

maxsize : 24
nodes : 12113544.000000
filtered : 743286646.000000
time : 350.240265
