Parameters: GAD=1 vflib=1 dir=0 label=0 lowerbound=1 fileNameGp=../graphsdb/mcs50/bvg/b06m/mcs50_b06m_s35.A96 fileNameGt=../graphsdb/mcs50/bvg/b06m/mcs50_b06m_s35.B96
Reading graphs...
35 :  102
35 :  101
Initializing...
maxdom : 35
D->valSize : 1225
Solving...
Blb : 2 (clique : 16)
currentSize : 16 <-- 0.019763 s
currentSize : 17 <-- 0.020047 s
currentSize : 18 <-- 0.021418 s
currentSize : 19 <-- 0.025200 s
currentSize : 20 <-- 0.083093 s
currentSize : 21 <-- 5.718492 s
currentSize : 22 <-- 334.297058 s

maxsize : 22
nodes : 93020767.000000
filtered : 4472785814.000000
time : 2410.604248
