Parameters: GAD=1 vflib=1 dir=0 label=0 lowerbound=1 fileNameGp=../graphsdb/mcs50/bvg/b06m/mcs50_b06m_s35.A10 fileNameGt=../graphsdb/mcs50/bvg/b06m/mcs50_b06m_s35.B10
Reading graphs...
35 :  100
35 :  102
Initializing...
maxdom : 35
D->valSize : 1225
Solving...
Blb : 2 (clique : 16)
currentSize : 16 <-- 0.019567 s
currentSize : 17 <-- 0.019788 s
currentSize : 18 <-- 0.020328 s
currentSize : 19 <-- 0.030434 s
currentSize : 20 <-- 0.175759 s
currentSize : 21 <-- 1.817702 s
currentSize : 22 <-- 2044.658203 s

TIMEOUT
maxsize : 22
nodes : 224676039.000000
filtered : 9383640884.000000
time : 3600.000244
