Parameters: GAD=1 vflib=1 dir=0 label=0 lowerbound=1 fileNameGp=../graphsdb/mcs50/bvg/b03m/mcs50_b03m_s25.A51 fileNameGt=../graphsdb/mcs50/bvg/b03m/mcs50_b03m_s25.B51
Reading graphs...
25 :  37
25 :  36
Initializing...
maxdom : 25
D->valSize : 625
Solving...
Blb : 2 (clique : 14)
currentSize : 14 <-- 0.005770 s
currentSize : 16 <-- 0.005919 s
currentSize : 17 <-- 0.011705 s
currentSize : 18 <-- 0.154571 s
currentSize : 19 <-- 4.405028 s

maxsize : 19
nodes : 362292.000000
filtered : 17860391.000000
time : 12.323564
