Parameters: GAD=1 vflib=1 dir=0 label=0 lowerbound=1 fileNameGp=../graphsdb/mcs50/bvg/b03m/mcs50_b03m_s35.A93 fileNameGt=../graphsdb/mcs50/bvg/b03m/mcs50_b03m_s35.B93
Reading graphs...
35 :  50
35 :  50
Initializing...
maxdom : 35
D->valSize : 1225
Solving...
Blb : 2 (clique : 23)
currentSize : 23 <-- 0.021648 s
currentSize : 24 <-- 0.102075 s
currentSize : 25 <-- 0.120211 s
currentSize : 26 <-- 4.289669 s
currentSize : 27 <-- 9.823746 s

maxsize : 27
nodes : 23282429.000000
filtered : 1987515876.000000
time : 2337.393066
