Parameters: GAD=1 vflib=1 dir=0 label=0 lowerbound=1 fileNameGp=../graphsdb/mcs50/bvg/b09/mcs50_b09_s25.A90 fileNameGt=../graphsdb/mcs50/bvg/b09/mcs50_b09_s25.B90
Reading graphs...
25 :  107
25 :  104
Initializing...
maxdom : 25
D->valSize : 625
Solving...
Blb : 2 (clique : 10)
currentSize : 10 <-- 0.007976 s
currentSize : 11 <-- 0.008298 s
currentSize : 12 <-- 0.009782 s
currentSize : 13 <-- 0.051489 s
currentSize : 14 <-- 0.069659 s
currentSize : 15 <-- 7.126545 s

maxsize : 15
nodes : 1408440.000000
filtered : 33804516.000000
time : 8.274803
