Parameters: GAD=1 vflib=1 dir=0 label=0 lowerbound=1 fileNameGp=../graphsdb/mcs50/m4D/m4D/mcs50_m4D_s35.A98 fileNameGt=../graphsdb/mcs50/m4D/m4D/mcs50_m4D_s35.B98
Reading graphs...
35 :  63
35 :  62
Initializing...
maxdom : 35
D->valSize : 1225
Solving...
Blb : 2 (clique : 19)
currentSize : 19 <-- 0.020950 s
currentSize : 20 <-- 0.021140 s
currentSize : 21 <-- 0.021166 s
currentSize : 22 <-- 0.021408 s
currentSize : 23 <-- 0.456772 s
currentSize : 24 <-- 1.209596 s
currentSize : 25 <-- 2.973994 s
currentSize : 26 <-- 22.950245 s

TIMEOUT
maxsize : 26
nodes : 59681595.000000
filtered : 5268983712.000000
time : 3600.000488
