Parameters: GAD=1 vflib=1 dir=0 label=0 lowerbound=1 fileNameGp=../graphsdb/mcs50/bvg/b03/mcs50_b03_s30.A92 fileNameGt=../graphsdb/mcs50/bvg/b03/mcs50_b03_s30.B92
Reading graphs...
30 :  45
30 :  45
Initializing...
maxdom : 30
D->valSize : 900
Solving...
Blb : 2 (clique : 19)
currentSize : 19 <-- 0.019884 s
currentSize : 20 <-- 0.040900 s
currentSize : 21 <-- 0.048395 s
currentSize : 22 <-- 0.048542 s
currentSize : 23 <-- 0.124010 s

maxsize : 23
nodes : 1319237.000000
filtered : 83067194.000000
time : 58.379848
