Parameters: GAD=1 vflib=1 dir=0 label=0 lowerbound=1 fileNameGp=../graphsdb/mcs50/bvg/b06m/mcs50_b06m_s35.A30 fileNameGt=../graphsdb/mcs50/bvg/b06m/mcs50_b06m_s35.B30
Reading graphs...
35 :  101
35 :  102
Initializing...
maxdom : 35
D->valSize : 1225
Solving...
Blb : 2 (clique : 16)
currentSize : 16 <-- 0.020369 s
currentSize : 17 <-- 0.020861 s
currentSize : 18 <-- 0.025181 s
currentSize : 19 <-- 0.285541 s
currentSize : 20 <-- 0.615036 s
currentSize : 21 <-- 31.375221 s

TIMEOUT
maxsize : 21
nodes : 196877692.000000
filtered : 8464077393.000000
time : 3600.000000
