Parameters: GAD=1 vflib=1 dir=0 label=0 lowerbound=1 fileNameGp=../graphsdb/mcs50/bvg/b09/mcs50_b09_s35.A11 fileNameGt=../graphsdb/mcs50/bvg/b09/mcs50_b09_s35.B11
Reading graphs...
35 :  156
35 :  153
Initializing...
maxdom : 35
D->valSize : 1225
Solving...
Blb : 2 (clique : 14)
currentSize : 14 <-- 0.018743 s
currentSize : 15 <-- 0.019357 s
currentSize : 16 <-- 0.026750 s
currentSize : 17 <-- 1.403812 s
currentSize : 18 <-- 2.969376 s
currentSize : 19 <-- 6.016120 s
currentSize : 20 <-- 160.594391 s

maxsize : 20
nodes : 82265849.000000
filtered : 2766212276.000000
time : 731.991821
