Parameters: GAD=1 vflib=1 dir=0 label=0 lowerbound=1 fileNameGp=../graphsdb/mcs50/rand/r02/mcs50_r02_s35.A44 fileNameGt=../graphsdb/mcs50/rand/r02/mcs50_r02_s35.B44
Reading graphs...
35 :  215
35 :  213
Initializing...
maxdom : 35
D->valSize : 1225
Solving...
Blb : 5 (clique : 11)
currentSize : 11 <-- 0.017495 s
currentSize : 12 <-- 0.018061 s
currentSize : 13 <-- 0.018905 s
currentSize : 14 <-- 0.177364 s
currentSize : 15 <-- 17.266691 s
currentSize : 16 <-- 410.745789 s
currentSize : 17 <-- 410.746002 s

maxsize : 17
nodes : 353990176.000000
filtered : 6430492753.000000
time : 1753.885254
