Parameters: GAD=1 vflib=1 dir=0 label=0 lowerbound=1 fileNameGp=../graphsdb/mcs50/m4D/m4D/mcs50_m4D_s30.A82 fileNameGt=../graphsdb/mcs50/m4D/m4D/mcs50_m4D_s30.B82
Reading graphs...
30 :  54
30 :  54
Initializing...
maxdom : 30
D->valSize : 900
Solving...
Blb : 2 (clique : 16)
currentSize : 16 <-- 0.011250 s
currentSize : 17 <-- 0.011424 s
currentSize : 18 <-- 0.011460 s
currentSize : 19 <-- 0.011534 s
currentSize : 20 <-- 0.033603 s
currentSize : 21 <-- 0.039789 s
currentSize : 22 <-- 0.582439 s

maxsize : 22
nodes : 7152393.000000
filtered : 429260409.000000
time : 342.248383
