Parameters: GAD=1 vflib=1 dir=0 label=0 lowerbound=1 fileNameGp=../graphsdb/mcs50/rand/r02/mcs50_r02_s35.A83 fileNameGt=../graphsdb/mcs50/rand/r02/mcs50_r02_s35.B83
Reading graphs...
35 :  209
35 :  208
Initializing...
maxdom : 35
D->valSize : 1225
Solving...
Blb : 2 (clique : 11)
currentSize : 11 <-- 0.030761 s
currentSize : 12 <-- 0.030958 s
currentSize : 13 <-- 0.038826 s
currentSize : 14 <-- 0.825010 s
currentSize : 15 <-- 8.357868 s
currentSize : 16 <-- 1971.059692 s
currentSize : 17 <-- 1971.059814 s

maxsize : 17
nodes : 799334943.000000
filtered : 11394826082.000000
time : 3563.727051
