Parameters: GAD=1 vflib=1 dir=0 label=0 lowerbound=1 fileNameGp=../graphsdb/mcs50/m4D/m4D/mcs50_m4D_s30.A72 fileNameGt=../graphsdb/mcs50/m4D/m4D/mcs50_m4D_s30.B72
Reading graphs...
30 :  55
30 :  55
Initializing...
maxdom : 30
D->valSize : 900
Solving...
Blb : 2 (clique : 18)
currentSize : 18 <-- 0.019634 s
currentSize : 19 <-- 0.019935 s
currentSize : 20 <-- 0.086421 s
currentSize : 21 <-- 0.087711 s
currentSize : 22 <-- 1.975197 s

maxsize : 22
nodes : 4611278.000000
filtered : 254738176.000000
time : 135.163696
