Parameters: GAD=1 vflib=1 dir=0 label=0 lowerbound=1 fileNameGp=../graphsdb/mcs50/m4D/m4Dr6/mcs50_m4Dr6_s35.A85 fileNameGt=../graphsdb/mcs50/m4D/m4Dr6/mcs50_m4Dr6_s35.B85
Reading graphs...
35 :  82
35 :  80
Initializing...
maxdom : 35
D->valSize : 1225
Solving...
Blb : 2 (clique : 18)
currentSize : 18 <-- 0.020692 s
currentSize : 19 <-- 0.020869 s
currentSize : 20 <-- 0.022260 s
currentSize : 21 <-- 0.041282 s
currentSize : 22 <-- 0.136998 s
currentSize : 23 <-- 128.754837 s
currentSize : 24 <-- 209.869507 s

maxsize : 24
nodes : 102653926.000000
filtered : 6745399876.000000
time : 3566.705811
