Parameters: GAD=1 vflib=1 dir=0 label=0 lowerbound=1 fileNameGp=../graphsdb/mcs50/bvg/b06/mcs50_b06_s30.A81 fileNameGt=../graphsdb/mcs50/bvg/b06/mcs50_b06_s30.B81
Reading graphs...
30 :  89
30 :  87
Initializing...
maxdom : 30
D->valSize : 900
Solving...
Blb : 2 (clique : 13)
currentSize : 13 <-- 0.018057 s
currentSize : 14 <-- 0.020866 s
currentSize : 15 <-- 0.021126 s
currentSize : 16 <-- 0.022563 s
currentSize : 17 <-- 0.080109 s
currentSize : 18 <-- 0.088489 s
currentSize : 19 <-- 17.321518 s

maxsize : 19
nodes : 12970525.000000
filtered : 523407150.000000
time : 177.869675
