Parameters: GAD=1 vflib=1 dir=0 label=0 lowerbound=1 fileNameGp=../graphsdb/mcs50/m4D/m4D/mcs50_m4D_s35.A23 fileNameGt=../graphsdb/mcs50/m4D/m4D/mcs50_m4D_s35.B23
Reading graphs...
35 :  63
35 :  63
Initializing...
maxdom : 35
D->valSize : 1225
Solving...
Blb : 2 (clique : 21)
currentSize : 21 <-- 0.020842 s
currentSize : 22 <-- 0.021041 s
currentSize : 23 <-- 0.021068 s
currentSize : 24 <-- 0.021124 s
currentSize : 25 <-- 0.022021 s
currentSize : 26 <-- 1.016721 s

TIMEOUT
maxsize : 26
nodes : 52472193.000000
filtered : 4402601694.000000
time : 3600.000488
