Parameters: GAD=1 vflib=1 dir=0 label=0 lowerbound=1 fileNameGp=../graphsdb/mcs50/rand/r005/mcs50_r005_s35.A51 fileNameGt=../graphsdb/mcs50/rand/r005/mcs50_r005_s35.B51
Reading graphs...
35 :  61
35 :  60
Initializing...
maxdom : 35
D->valSize : 1225
Solving...
Blb : 2 (clique : 20)
currentSize : 20 <-- 0.021176 s
currentSize : 21 <-- 0.021379 s
currentSize : 22 <-- 0.021602 s
currentSize : 23 <-- 0.119290 s
currentSize : 24 <-- 0.207032 s
currentSize : 25 <-- 39.375465 s
currentSize : 26 <-- 173.760757 s

maxsize : 26
nodes : 28299865.000000
filtered : 2202883864.000000
time : 2635.365967
