Parameters: GAD=1 vflib=1 dir=0 label=0 lowerbound=1 fileNameGp=../graphsdb/mcs50/bvg/b09m/mcs50_b09m_s35.A00 fileNameGt=../graphsdb/mcs50/bvg/b09m/mcs50_b09m_s35.B00
Reading graphs...
35 :  147
35 :  145
Initializing...
maxdom : 35
D->valSize : 1225
Solving...
Blb : 2 (clique : 13)
currentSize : 13 <-- 0.018856 s
currentSize : 14 <-- 0.021620 s
currentSize : 15 <-- 0.030298 s
currentSize : 16 <-- 0.061950 s
currentSize : 17 <-- 3.463531 s
currentSize : 18 <-- 15.258924 s
currentSize : 19 <-- 141.202591 s

maxsize : 19
nodes : 231213173.000000
filtered : 7182573983.000000
time : 2258.999512
