Parameters: GAD=1 vflib=1 dir=0 label=0 lowerbound=1 fileNameGp=../graphsdb/mcs50/m2D/m2Dr6/mcs50_m2Dr6_s30.A40 fileNameGt=../graphsdb/mcs50/m2D/m2Dr6/mcs50_m2Dr6_s30.B40
Reading graphs...
30 :  67
30 :  65
Initializing...
maxdom : 30
D->valSize : 900
Solving...
Blb : 2 (clique : 15)
currentSize : 15 <-- 0.010895 s
currentSize : 16 <-- 0.011030 s
currentSize : 17 <-- 0.011529 s
currentSize : 18 <-- 0.016091 s
currentSize : 19 <-- 0.089416 s
currentSize : 20 <-- 1.957107 s

maxsize : 20
nodes : 8911012.000000
filtered : 381643131.000000
time : 187.554489
