Parameters: GAD=1 vflib=1 dir=0 label=0 lowerbound=1 fileNameGp=../graphsdb/mcs50/m2D/m2Dr6/mcs50_m2Dr6_s30.A66 fileNameGt=../graphsdb/mcs50/m2D/m2Dr6/mcs50_m2Dr6_s30.B66
Reading graphs...
30 :  66
30 :  64
Initializing...
maxdom : 30
D->valSize : 900
Solving...
Blb : 2 (clique : 15)
currentSize : 15 <-- 0.019224 s
currentSize : 16 <-- 0.019499 s
currentSize : 17 <-- 0.019827 s
currentSize : 18 <-- 0.020611 s
currentSize : 19 <-- 0.074146 s
currentSize : 20 <-- 0.771269 s

maxsize : 20
nodes : 16981408.000000
filtered : 699371979.000000
time : 351.122803
