Parameters: GAD=1 vflib=1 dir=0 label=0 lowerbound=1 fileNameGp=../graphsdb/mcs50/bvg/b06/mcs50_b06_s30.A16 fileNameGt=../graphsdb/mcs50/bvg/b06/mcs50_b06_s30.B16
Reading graphs...
30 :  87
30 :  89
Initializing...
maxdom : 30
D->valSize : 900
Solving...
Blb : 2 (clique : 14)
currentSize : 14 <-- 0.018412 s
currentSize : 15 <-- 0.019055 s
currentSize : 16 <-- 0.041823 s
currentSize : 17 <-- 0.044056 s
currentSize : 18 <-- 0.546726 s
currentSize : 19 <-- 84.250748 s

maxsize : 19
nodes : 19079846.000000
filtered : 665586163.000000
time : 214.600388
