Parameters: GAD=1 vflib=1 dir=0 label=0 lowerbound=1 fileNameGp=../graphsdb/mcs50/rand/r005/mcs50_r005_s35.A73 fileNameGt=../graphsdb/mcs50/rand/r005/mcs50_r005_s35.B73
Reading graphs...
35 :  59
35 :  61
Initializing...
maxdom : 35
D->valSize : 1225
Solving...
Blb : 2 (clique : 18)
currentSize : 18 <-- 0.025551 s
currentSize : 19 <-- 0.025743 s
currentSize : 20 <-- 0.027423 s
currentSize : 21 <-- 0.027720 s
currentSize : 22 <-- 0.028515 s
currentSize : 23 <-- 0.044721 s
currentSize : 24 <-- 5.285193 s
currentSize : 25 <-- 12.885652 s
currentSize : 26 <-- 1749.693848 s

TIMEOUT
maxsize : 26
nodes : 32007777.000000
filtered : 2429706038.000000
time : 3600.000244
