Parameters: GAD=1 vflib=1 dir=0 label=0 lowerbound=1 fileNameGp=../graphsdb/mcs50/m2D/m2D/mcs50_m2D_s30.A65 fileNameGt=../graphsdb/mcs50/m2D/m2D/mcs50_m2D_s30.B65
Reading graphs...
30 :  49
30 :  49
Initializing...
maxdom : 30
D->valSize : 900
Solving...
Blb : 2 (clique : 16)
currentSize : 16 <-- 0.011237 s
currentSize : 17 <-- 0.012894 s
currentSize : 18 <-- 0.029241 s
currentSize : 19 <-- 0.034838 s
currentSize : 20 <-- 0.255718 s
currentSize : 21 <-- 0.287851 s
currentSize : 22 <-- 1.714645 s
currentSize : 23 <-- 228.929230 s

maxsize : 23
nodes : 5535141.000000
filtered : 376081844.000000
time : 275.633301
