Parameters: GAD=1 vflib=1 dir=0 label=0 lowerbound=1 fileNameGp=../graphsdb/mcs50/bvg/b06/mcs50_b06_s35.A56 fileNameGt=../graphsdb/mcs50/bvg/b06/mcs50_b06_s35.B56
Reading graphs...
35 :  103
35 :  103
Initializing...
maxdom : 35
D->valSize : 1225
Solving...
Blb : 2 (clique : 17)
currentSize : 17 <-- 0.019580 s
currentSize : 19 <-- 0.019739 s
currentSize : 20 <-- 0.019902 s
currentSize : 21 <-- 0.487753 s
currentSize : 22 <-- 150.261871 s

maxsize : 22
nodes : 92932848.000000
filtered : 4626286692.000000
time : 2099.086426
