Parameters: GAD=1 vflib=1 dir=0 label=0 lowerbound=1 fileNameGp=../graphsdb/mcs50/m4D/m4Dr6/mcs50_m4Dr6_s35.A93 fileNameGt=../graphsdb/mcs50/m4D/m4Dr6/mcs50_m4Dr6_s35.B93
Reading graphs...
35 :  83
35 :  83
Initializing...
maxdom : 35
D->valSize : 1225
Solving...
Blb : 2 (clique : 18)
currentSize : 18 <-- 0.035632 s
currentSize : 19 <-- 0.036825 s
currentSize : 20 <-- 0.059013 s
currentSize : 21 <-- 0.103087 s
currentSize : 22 <-- 0.129028 s
currentSize : 23 <-- 4.889188 s

maxsize : 23
nodes : 104750749.000000
filtered : 5636944771.000000
time : 3593.821289
