Parameters: GAD=1 vflib=1 dir=0 label=0 lowerbound=1 fileNameGp=../graphsdb/mcs50/bvg/b06m/mcs50_b06m_s35.A05 fileNameGt=../graphsdb/mcs50/bvg/b06m/mcs50_b06m_s35.B05
Reading graphs...
35 :  98
35 :  99
Initializing...
maxdom : 35
D->valSize : 1225
Solving...
Blb : 2 (clique : 17)
currentSize : 17 <-- 0.019767 s
currentSize : 18 <-- 0.019986 s
currentSize : 19 <-- 0.046984 s
currentSize : 20 <-- 0.160139 s
currentSize : 21 <-- 19.025921 s
currentSize : 22 <-- 34.208752 s

maxsize : 22
nodes : 162325125.000000
filtered : 7830791303.000000
time : 3573.630859
