Parameters: GAD=1 vflib=1 dir=0 label=0 lowerbound=1 fileNameGp=../graphsdb/mcs50/bvg/b09/mcs50_b09_s25.A07 fileNameGt=../graphsdb/mcs50/bvg/b09/mcs50_b09_s25.B07
Reading graphs...
25 :  108
25 :  108
Initializing...
maxdom : 25
D->valSize : 625
Solving...
Blb : 2 (clique : 9)
currentSize : 9 <-- 0.004796 s
currentSize : 10 <-- 0.004957 s
currentSize : 11 <-- 0.005292 s
currentSize : 12 <-- 0.006064 s
currentSize : 13 <-- 0.006161 s
currentSize : 14 <-- 0.438513 s

maxsize : 14
nodes : 1472808.000000
filtered : 33581626.000000
time : 8.369406
