Parameters: GAD=1 vflib=1 dir=0 label=0 lowerbound=1 fileNameGp=../graphsdb/mcs50/rand/r01/mcs50_r01_s25.A42 fileNameGt=../graphsdb/mcs50/rand/r01/mcs50_r01_s25.B42
Reading graphs...
25 :  56
25 :  54
Initializing...
maxdom : 25
D->valSize : 625
Solving...
Blb : 2 (clique : 12)
currentSize : 12 <-- 0.009084 s
currentSize : 13 <-- 0.009217 s
currentSize : 14 <-- 0.009362 s
currentSize : 15 <-- 0.013303 s
currentSize : 16 <-- 0.060759 s
currentSize : 17 <-- 0.134950 s

maxsize : 17
nodes : 1101707.000000
filtered : 33744512.000000
time : 14.556750
