Parameters: GAD=1 vflib=1 dir=0 label=0 lowerbound=1 fileNameGp=../graphsdb/mcs50/m4D/m4D/mcs50_m4D_s30.A37 fileNameGt=../graphsdb/mcs50/m4D/m4D/mcs50_m4D_s30.B37
Reading graphs...
30 :  55
30 :  55
Initializing...
maxdom : 30
D->valSize : 900
Solving...
Blb : 2 (clique : 18)
currentSize : 18 <-- 0.011427 s
currentSize : 19 <-- 0.011623 s
currentSize : 20 <-- 0.012504 s
currentSize : 21 <-- 0.519159 s
currentSize : 22 <-- 37.322189 s

maxsize : 22
nodes : 11603504.000000
filtered : 748631252.000000
time : 469.821777
