Parameters: GAD=1 vflib=1 dir=0 label=0 lowerbound=1 fileNameGp=../graphsdb/mcs50/m4D/m4Dr6/mcs50_m4Dr6_s30.A18 fileNameGt=../graphsdb/mcs50/m4D/m4Dr6/mcs50_m4Dr6_s30.B18
Reading graphs...
30 :  72
30 :  69
Initializing...
maxdom : 30
D->valSize : 900
Solving...
Blb : 2 (clique : 15)
currentSize : 15 <-- 0.018984 s
currentSize : 16 <-- 0.019409 s
currentSize : 17 <-- 0.035752 s
currentSize : 18 <-- 0.242285 s
currentSize : 19 <-- 6.535761 s
currentSize : 20 <-- 30.990446 s

maxsize : 20
nodes : 15360920.000000
filtered : 723727882.000000
time : 379.126007
