Parameters: GAD=1 vflib=1 dir=0 label=0 lowerbound=1 fileNameGp=../graphsdb/mcs50/bvg/b03/mcs50_b03_s30.A47 fileNameGt=../graphsdb/mcs50/bvg/b03/mcs50_b03_s30.B47
Reading graphs...
30 :  45
30 :  45
Initializing...
maxdom : 30
D->valSize : 900
Solving...
Blb : 2 (clique : 17)
currentSize : 17 <-- 0.011223 s
currentSize : 20 <-- 0.011349 s
currentSize : 21 <-- 0.012063 s
currentSize : 22 <-- 0.012384 s
currentSize : 23 <-- 8.066065 s

maxsize : 23
nodes : 3605563.000000
filtered : 220879680.000000
time : 177.330032
