Parameters: GAD=1 vflib=1 dir=0 label=0 lowerbound=1 fileNameGp=../graphsdb/mcs50/m4D/m4D/mcs50_m4D_s35.A01 fileNameGt=../graphsdb/mcs50/m4D/m4D/mcs50_m4D_s35.B01
Reading graphs...
35 :  63
35 :  62
Initializing...
maxdom : 35
D->valSize : 1225
Solving...
Blb : 2 (clique : 19)
currentSize : 19 <-- 0.036366 s
currentSize : 21 <-- 0.036638 s
currentSize : 22 <-- 0.040726 s
currentSize : 23 <-- 0.171889 s
currentSize : 24 <-- 66.931114 s
currentSize : 25 <-- 157.380844 s
currentSize : 26 <-- 986.500610 s

TIMEOUT
maxsize : 26
nodes : 72449488.000000
filtered : 4729684815.000000
time : 3600.000000
