Parameters: GAD=1 vflib=1 dir=0 label=0 lowerbound=1 fileNameGp=../graphsdb/mcs50/rand/r005/mcs50_r005_s30.A44 fileNameGt=../graphsdb/mcs50/rand/r005/mcs50_r005_s30.B44
Reading graphs...
30 :  45
30 :  47
Initializing...
maxdom : 30
D->valSize : 900
Solving...
Blb : 2 (clique : 19)
currentSize : 19 <-- 0.020145 s
currentSize : 20 <-- 0.020775 s
currentSize : 21 <-- 0.997853 s
currentSize : 22 <-- 3.513355 s
currentSize : 23 <-- 4.182630 s

maxsize : 23
nodes : 2878929.000000
filtered : 199657480.000000
time : 230.255173
