Parameters: GAD=1 vflib=1 dir=0 label=0 lowerbound=1 fileNameGp=../graphsdb/mcs50/bvg/b03/mcs50_b03_s35.A74 fileNameGt=../graphsdb/mcs50/bvg/b03/mcs50_b03_s35.B74
Reading graphs...
35 :  52
35 :  52
Initializing...
maxdom : 35
D->valSize : 1225
Solving...
Blb : 2 (clique : 20)
currentSize : 20 <-- 0.022256 s
currentSize : 21 <-- 0.022439 s
currentSize : 22 <-- 0.022505 s
currentSize : 23 <-- 0.026722 s
currentSize : 24 <-- 0.036087 s
currentSize : 25 <-- 0.157688 s
currentSize : 26 <-- 0.626137 s
currentSize : 27 <-- 354.356354 s

maxsize : 27
nodes : 30275217.000000
filtered : 2564759457.000000
time : 2430.236328
