Parameters: GAD=1 vflib=1 dir=0 label=0 lowerbound=1 fileNameGp=../graphsdb/mcs50/bvg/b06m/mcs50_b06m_s20.A98 fileNameGt=../graphsdb/mcs50/bvg/b06m/mcs50_b06m_s20.B98
Reading graphs...
20 :  55
20 :  53
Initializing...
maxdom : 20
D->valSize : 400
Solving...
Blb : 5 (clique : 9)
currentSize : 9 <-- 0.002290 s
currentSize : 10 <-- 0.002372 s
currentSize : 11 <-- 0.002648 s
currentSize : 12 <-- 0.004550 s
currentSize : 13 <-- 0.174879 s

maxsize : 13
nodes : 76810.000000
filtered : 1300958.000000
time : 0.424124
