Parameters: GAD=1 vflib=1 dir=0 label=0 lowerbound=1 fileNameGp=../graphsdb/mcs50/m2D/m2Dr6/mcs50_m2Dr6_s30.A91 fileNameGt=../graphsdb/mcs50/m2D/m2Dr6/mcs50_m2Dr6_s30.B91
Reading graphs...
30 :  66
30 :  63
Initializing...
maxdom : 30
D->valSize : 900
Solving...
Blb : 2 (clique : 15)
currentSize : 15 <-- 0.011812 s
currentSize : 16 <-- 0.011995 s
currentSize : 17 <-- 0.012075 s
currentSize : 18 <-- 0.012170 s
currentSize : 19 <-- 0.065970 s
currentSize : 20 <-- 14.914672 s

maxsize : 20
nodes : 26686682.000000
filtered : 1187339363.000000
time : 625.707275
