Parameters: GAD=1 vflib=1 dir=0 label=0 lowerbound=1 fileNameGp=../graphsdb/mcs50/bvg/b06/mcs50_b06_s25.A05 fileNameGt=../graphsdb/mcs50/bvg/b06/mcs50_b06_s25.B05
Reading graphs...
25 :  75
25 :  75
Initializing...
maxdom : 25
D->valSize : 625
Solving...
Blb : 2 (clique : 11)
currentSize : 11 <-- 0.008479 s
currentSize : 12 <-- 0.008658 s
currentSize : 13 <-- 0.008814 s
currentSize : 14 <-- 0.011888 s
currentSize : 15 <-- 0.668222 s
currentSize : 16 <-- 13.054868 s

maxsize : 16
nodes : 2119984.000000
filtered : 48515120.000000
time : 15.229884
