Parameters: GAD=1 vflib=1 dir=0 label=0 lowerbound=1 fileNameGp=../graphsdb/mcs50/rand/r02/mcs50_r02_s35.A95 fileNameGt=../graphsdb/mcs50/rand/r02/mcs50_r02_s35.B95
Reading graphs...
35 :  201
35 :  205
Initializing...
maxdom : 35
D->valSize : 1225
Solving...
Blb : 2 (clique : 12)
currentSize : 12 <-- 0.022284 s
currentSize : 13 <-- 0.025947 s
currentSize : 14 <-- 0.098028 s
currentSize : 15 <-- 9.579222 s
currentSize : 16 <-- 772.915222 s
currentSize : 17 <-- 2503.661621 s

TIMEOUT
maxsize : 17
nodes : 774361473.000000
filtered : 12476395999.000000
time : 3600.000000
