Parameters: GAD=1 vflib=1 dir=0 label=0 lowerbound=1 fileNameGp=../graphsdb/mcs50/bvg/b03/mcs50_b03_s30.A25 fileNameGt=../graphsdb/mcs50/bvg/b03/mcs50_b03_s30.B25
Reading graphs...
30 :  45
30 :  45
Initializing...
maxdom : 30
D->valSize : 900
Solving...
Blb : 2 (clique : 18)
currentSize : 18 <-- 0.020214 s
currentSize : 19 <-- 0.020651 s
currentSize : 20 <-- 0.037320 s
currentSize : 21 <-- 0.062299 s
currentSize : 22 <-- 17.361446 s
currentSize : 23 <-- 351.496521 s

maxsize : 23
nodes : 13453066.000000
filtered : 847852592.000000
time : 620.048645
