Parameters: GAD=1 vflib=1 dir=0 label=0 lowerbound=1 fileNameGp=../graphsdb/mcs50/bvg/b03m/mcs50_b03m_s35.A05 fileNameGt=../graphsdb/mcs50/bvg/b03m/mcs50_b03m_s35.B05
Reading graphs...
35 :  51
35 :  51
Initializing...
maxdom : 35
D->valSize : 1225
Solving...
Blb : 2 (clique : 22)
currentSize : 22 <-- 0.021636 s
currentSize : 23 <-- 0.021850 s
currentSize : 24 <-- 0.032379 s
currentSize : 25 <-- 0.424943 s
currentSize : 26 <-- 1.239583 s
currentSize : 27 <-- 23.769505 s
currentSize : 28 <-- 331.787689 s

maxsize : 28
nodes : 3744649.000000
filtered : 323881151.000000
time : 633.897156
