Parameters: GAD=1 vflib=1 dir=0 label=0 lowerbound=1 fileNameGp=../graphsdb/mcs50/m4D/m4D/mcs50_m4D_s35.A68 fileNameGt=../graphsdb/mcs50/m4D/m4D/mcs50_m4D_s35.B68
Reading graphs...
35 :  63
35 :  62
Initializing...
maxdom : 35
D->valSize : 1225
Solving...
Blb : 2 (clique : 19)
currentSize : 19 <-- 0.021150 s
currentSize : 20 <-- 0.021901 s
currentSize : 21 <-- 0.022069 s
currentSize : 22 <-- 0.022549 s
currentSize : 23 <-- 0.022605 s
currentSize : 24 <-- 0.263374 s
currentSize : 25 <-- 0.616216 s
currentSize : 26 <-- 2.491769 s

maxsize : 26
nodes : 23449327.000000
filtered : 1941075222.000000
time : 1707.947998
