Parameters: GAD=1 vflib=1 dir=0 label=0 lowerbound=1 fileNameGp=../graphsdb/mcs50/bvg/b03/mcs50_b03_s30.A73 fileNameGt=../graphsdb/mcs50/bvg/b03/mcs50_b03_s30.B73
Reading graphs...
30 :  45
30 :  45
Initializing...
maxdom : 30
D->valSize : 900
Solving...
Blb : 2 (clique : 19)
currentSize : 19 <-- 0.011469 s
currentSize : 20 <-- 0.012178 s
currentSize : 21 <-- 1.310790 s
currentSize : 22 <-- 4.247540 s
currentSize : 23 <-- 279.895874 s

maxsize : 23
nodes : 23812678.000000
filtered : 1357333027.000000
time : 1000.506226
