Parameters: GAD=1 vflib=1 dir=0 label=0 lowerbound=1 fileNameGp=../graphsdb/mcs50/bvg/b09m/mcs50_b09m_s25.A06 fileNameGt=../graphsdb/mcs50/bvg/b09m/mcs50_b09m_s25.B06
Reading graphs...
25 :  105
25 :  103
Initializing...
maxdom : 25
D->valSize : 625
Solving...
Blb : 2 (clique : 11)
currentSize : 11 <-- 0.004648 s
currentSize : 12 <-- 0.004951 s
currentSize : 13 <-- 0.113996 s
currentSize : 14 <-- 0.274274 s
currentSize : 15 <-- 0.302761 s

maxsize : 15
nodes : 744973.000000
filtered : 18788870.000000
time : 4.479464
