Parameters: GAD=1 vflib=1 dir=0 label=0 lowerbound=1 fileNameGp=../graphsdb/mcs50/m2D/m2Dr6/mcs50_m2Dr6_s30.A21 fileNameGt=../graphsdb/mcs50/m2D/m2Dr6/mcs50_m2Dr6_s30.B21
Reading graphs...
30 :  66
30 :  63
Initializing...
maxdom : 30
D->valSize : 900
Solving...
Blb : 2 (clique : 15)
currentSize : 15 <-- 0.010986 s
currentSize : 16 <-- 0.014079 s
currentSize : 17 <-- 0.018826 s
currentSize : 18 <-- 0.061140 s
currentSize : 19 <-- 0.084049 s
currentSize : 20 <-- 0.845970 s

maxsize : 20
nodes : 32876487.000000
filtered : 1472095829.000000
time : 778.284119
