Parameters: GAD=1 vflib=1 dir=0 label=0 lowerbound=1 fileNameGp=../graphsdb/mcs50/m4D/m4Dr4/mcs50_m4Dr4_s35.A28 fileNameGt=../graphsdb/mcs50/m4D/m4Dr4/mcs50_m4Dr4_s35.B28
Reading graphs...
35 :  75
35 :  76
Initializing...
maxdom : 35
D->valSize : 1225
Solving...
Blb : 2 (clique : 18)
currentSize : 18 <-- 0.020836 s
currentSize : 19 <-- 0.021096 s
currentSize : 20 <-- 0.021351 s
currentSize : 21 <-- 0.030245 s
currentSize : 22 <-- 0.281549 s
currentSize : 23 <-- 0.395389 s
currentSize : 24 <-- 664.881592 s

TIMEOUT
maxsize : 24
nodes : 92817940.000000
filtered : 5591189592.000000
time : 3600.000000
