Parameters: GAD=1 vflib=1 dir=0 label=0 lowerbound=1 fileNameGp=../graphsdb/mcs50/bvg/b03/mcs50_b03_s25.A70 fileNameGt=../graphsdb/mcs50/bvg/b03/mcs50_b03_s25.B70
Reading graphs...
25 :  37
25 :  37
Initializing...
maxdom : 25
D->valSize : 625
Solving...
Blb : 2 (clique : 16)
currentSize : 16 <-- 0.009636 s
currentSize : 17 <-- 0.009947 s
currentSize : 18 <-- 0.010888 s
currentSize : 19 <-- 0.530385 s
currentSize : 20 <-- 0.533153 s

maxsize : 20
nodes : 65169.000000
filtered : 2514177.000000
time : 1.380575
