Parameters: GAD=1 vflib=1 dir=0 label=0 lowerbound=1 fileNameGp=../graphsdb/mcs50/m4D/m4Dr4/mcs50_m4Dr4_s35.A55 fileNameGt=../graphsdb/mcs50/m4D/m4Dr4/mcs50_m4Dr4_s35.B55
Reading graphs...
35 :  75
35 :  74
Initializing...
maxdom : 35
D->valSize : 1225
Solving...
Blb : 2 (clique : 19)
currentSize : 19 <-- 0.025673 s
currentSize : 20 <-- 0.025873 s
currentSize : 21 <-- 0.026325 s
currentSize : 22 <-- 0.080683 s
currentSize : 23 <-- 0.135758 s
currentSize : 24 <-- 38.013996 s

TIMEOUT
maxsize : 24
nodes : 93379696.000000
filtered : 5647417546.000000
time : 3600.000488
