Parameters: GAD=1 vflib=1 dir=0 label=0 lowerbound=1 fileNameGp=../graphsdb/mcs50/bvg/b09/mcs50_b09_s35.A31 fileNameGt=../graphsdb/mcs50/bvg/b09/mcs50_b09_s35.B31
Reading graphs...
35 :  154
35 :  154
Initializing...
maxdom : 35
D->valSize : 1225
Solving...
Blb : 2 (clique : 14)
currentSize : 14 <-- 0.018319 s
currentSize : 15 <-- 0.018460 s
currentSize : 16 <-- 0.018496 s
currentSize : 17 <-- 0.018817 s
currentSize : 18 <-- 0.019024 s
currentSize : 19 <-- 1.148872 s
currentSize : 20 <-- 73.772957 s

maxsize : 20
nodes : 54587005.000000
filtered : 1749893381.000000
time : 487.446014
