Parameters: GAD=1 vflib=1 dir=0 label=0 lowerbound=1 fileNameGp=../graphsdb/mcs50/bvg/b09/mcs50_b09_s35.A66 fileNameGt=../graphsdb/mcs50/bvg/b09/mcs50_b09_s35.B66
Reading graphs...
35 :  154
35 :  156
Initializing...
maxdom : 35
D->valSize : 1225
Solving...
Blb : 2 (clique : 14)
currentSize : 14 <-- 0.018482 s
currentSize : 15 <-- 0.019175 s
currentSize : 16 <-- 0.022611 s
currentSize : 17 <-- 0.267442 s
currentSize : 18 <-- 0.268159 s
currentSize : 19 <-- 0.268202 s

maxsize : 19
nodes : 121292530.000000
filtered : 3866203950.000000
time : 1075.193726
