Parameters: GAD=1 vflib=1 dir=0 label=0 lowerbound=1 fileNameGp=../graphsdb/mcs50/rand/r01/mcs50_r01_s25.A01 fileNameGt=../graphsdb/mcs50/rand/r01/mcs50_r01_s25.B01
Reading graphs...
25 :  57
25 :  55
Initializing...
maxdom : 25
D->valSize : 625
Solving...
Blb : 5 (clique : 12)
currentSize : 12 <-- 0.009008 s
currentSize : 13 <-- 0.009138 s
currentSize : 14 <-- 0.009189 s
currentSize : 15 <-- 0.027981 s
currentSize : 16 <-- 2.277195 s

maxsize : 16
nodes : 3176324.000000
filtered : 94758166.000000
time : 36.819485
