Parameters: GAD=1 vflib=1 dir=0 label=0 lowerbound=1 fileNameGp=../graphsdb/mcs50/bvg/b06m/mcs50_b06m_s30.A24 fileNameGt=../graphsdb/mcs50/bvg/b06m/mcs50_b06m_s30.B24
Reading graphs...
30 :  86
30 :  87
Initializing...
maxdom : 30
D->valSize : 900
Solving...
Blb : 2 (clique : 13)
currentSize : 13 <-- 0.018281 s
currentSize : 14 <-- 0.018454 s
currentSize : 15 <-- 0.019249 s
currentSize : 16 <-- 0.033380 s
currentSize : 17 <-- 0.223459 s
currentSize : 18 <-- 2.010444 s

maxsize : 18
nodes : 52957199.000000
filtered : 1831743373.000000
time : 582.052551
