Parameters: GAD=1 vflib=1 dir=0 label=0 lowerbound=1 fileNameGp=../graphsdb/mcs50/rand/r01/mcs50_r01_s30.A68 fileNameGt=../graphsdb/mcs50/rand/r01/mcs50_r01_s30.B68
Reading graphs...
30 :  83
30 :  82
Initializing...
maxdom : 30
D->valSize : 900
Solving...
Blb : 2 (clique : 14)
currentSize : 14 <-- 0.010524 s
currentSize : 15 <-- 0.011030 s
currentSize : 16 <-- 0.016467 s
currentSize : 17 <-- 0.020547 s
currentSize : 18 <-- 1.497601 s
currentSize : 19 <-- 17.552496 s

maxsize : 19
nodes : 26131067.000000
filtered : 937762546.000000
time : 332.082703
