Parameters: GAD=1 vflib=1 dir=0 label=0 lowerbound=1 fileNameGp=../graphsdb/mcs50/bvg/b06/mcs50_b06_s25.A52 fileNameGt=../graphsdb/mcs50/bvg/b06/mcs50_b06_s25.B52
Reading graphs...
25 :  75
25 :  72
Initializing...
maxdom : 25
D->valSize : 625
Solving...
Blb : 3 (clique : 12)
currentSize : 12 <-- 0.004903 s
currentSize : 13 <-- 0.004990 s
currentSize : 14 <-- 0.005469 s
currentSize : 15 <-- 0.228001 s
currentSize : 16 <-- 1.414128 s

maxsize : 16
nodes : 860505.000000
filtered : 22748846.000000
time : 7.164168
