Parameters: GAD=1 vflib=1 dir=0 label=0 lowerbound=1 fileNameGp=../graphsdb/mcs50/bvg/b09/mcs50_b09_s35.A25 fileNameGt=../graphsdb/mcs50/bvg/b09/mcs50_b09_s35.B25
Reading graphs...
35 :  153
35 :  154
Initializing...
maxdom : 35
D->valSize : 1225
Solving...
Blb : 2 (clique : 14)
currentSize : 14 <-- 0.018771 s
currentSize : 15 <-- 0.020263 s
currentSize : 16 <-- 0.195047 s
currentSize : 17 <-- 9.675253 s
currentSize : 18 <-- 736.046509 s
currentSize : 19 <-- 872.760010 s
currentSize : 20 <-- 1000.140442 s

maxsize : 20
nodes : 193814742.000000
filtered : 4861104543.000000
time : 1346.170166
