Parameters: GAD=1 vflib=1 dir=0 label=0 lowerbound=1 fileNameGp=../graphsdb/mcs50/bvg/b03m/mcs50_b03m_s25.A31 fileNameGt=../graphsdb/mcs50/bvg/b03m/mcs50_b03m_s25.B31
Reading graphs...
25 :  37
25 :  37
Initializing...
maxdom : 25
D->valSize : 625
Solving...
Blb : 2 (clique : 14)
currentSize : 14 <-- 0.009568 s
currentSize : 16 <-- 0.009729 s
currentSize : 17 <-- 0.010392 s
currentSize : 18 <-- 0.019622 s
currentSize : 19 <-- 0.207030 s
currentSize : 20 <-- 0.327172 s

maxsize : 20
nodes : 45292.000000
filtered : 1971996.000000
time : 1.289888
