Parameters: GAD=1 vflib=1 dir=0 label=0 lowerbound=1 fileNameGp=../graphsdb/mcs50/rand/r01/mcs50_r01_s30.A51 fileNameGt=../graphsdb/mcs50/rand/r01/mcs50_r01_s30.B51
Reading graphs...
30 :  83
30 :  84
Initializing...
maxdom : 30
D->valSize : 900
Solving...
Blb : 2 (clique : 13)
currentSize : 13 <-- 0.018394 s
currentSize : 14 <-- 0.018612 s
currentSize : 15 <-- 0.019958 s
currentSize : 16 <-- 0.036785 s
currentSize : 17 <-- 0.119255 s
currentSize : 18 <-- 0.997585 s

maxsize : 18
nodes : 34269873.000000
filtered : 1089307410.000000
time : 487.337952
