Parameters: GAD=1 vflib=1 dir=0 label=0 lowerbound=1 fileNameGp=../graphsdb/mcs50/rand/r01/mcs50_r01_s25.A43 fileNameGt=../graphsdb/mcs50/rand/r01/mcs50_r01_s25.B43
Reading graphs...
25 :  59
25 :  57
Initializing...
maxdom : 25
D->valSize : 625
Solving...
Blb : 2 (clique : 12)
currentSize : 12 <-- 0.009077 s
currentSize : 13 <-- 0.009203 s
currentSize : 14 <-- 0.009243 s
currentSize : 15 <-- 0.009809 s
currentSize : 16 <-- 0.089473 s

maxsize : 16
nodes : 5864952.000000
filtered : 153582595.000000
time : 55.650337
