Parameters: GAD=1 vflib=1 dir=0 label=0 lowerbound=1 fileNameGp=../graphsdb/mcs50/bvg/b09m/mcs50_b09m_s25.A93 fileNameGt=../graphsdb/mcs50/bvg/b09m/mcs50_b09m_s25.B93
Reading graphs...
25 :  101
25 :  104
Initializing...
maxdom : 25
D->valSize : 625
Solving...
Blb : 3 (clique : 10)
currentSize : 10 <-- 0.007985 s
currentSize : 11 <-- 0.008239 s
currentSize : 12 <-- 0.015916 s
currentSize : 13 <-- 0.221947 s
currentSize : 14 <-- 1.159365 s
currentSize : 15 <-- 1.159834 s

maxsize : 15
nodes : 878183.000000
filtered : 18102455.000000
time : 4.635851
