Parameters: GAD=1 vflib=1 dir=0 label=0 lowerbound=1 fileNameGp=../graphsdb/mcs50/m2D/m2Dr6/mcs50_m2Dr6_s30.A99 fileNameGt=../graphsdb/mcs50/m2D/m2Dr6/mcs50_m2Dr6_s30.B99
Reading graphs...
30 :  64
30 :  63
Initializing...
maxdom : 30
D->valSize : 900
Solving...
Blb : 2 (clique : 16)
currentSize : 16 <-- 0.010899 s
currentSize : 17 <-- 0.011268 s
currentSize : 19 <-- 0.011593 s
currentSize : 20 <-- 3.806540 s
currentSize : 21 <-- 42.058186 s

maxsize : 21
nodes : 6721765.000000
filtered : 365245380.000000
time : 190.962967
