Parameters: GAD=1 vflib=1 dir=0 label=0 lowerbound=1 fileNameGp=../graphsdb/mcs50/bvg/b09/mcs50_b09_s35.A73 fileNameGt=../graphsdb/mcs50/bvg/b09/mcs50_b09_s35.B73
Reading graphs...
35 :  155
35 :  154
Initializing...
maxdom : 35
D->valSize : 1225
Solving...
Blb : 2 (clique : 13)
currentSize : 13 <-- 0.032256 s
currentSize : 15 <-- 0.032451 s
currentSize : 16 <-- 0.227053 s
currentSize : 17 <-- 0.437776 s
currentSize : 18 <-- 0.542524 s
currentSize : 19 <-- 23.298340 s
currentSize : 20 <-- 59.552200 s

maxsize : 20
nodes : 55587385.000000
filtered : 1876008818.000000
time : 506.438965
