Parameters: GAD=1 vflib=1 dir=0 label=0 lowerbound=1 fileNameGp=../graphsdb/mcs50/bvg/b03/mcs50_b03_s30.A39 fileNameGt=../graphsdb/mcs50/bvg/b03/mcs50_b03_s30.B39
Reading graphs...
30 :  45
30 :  44
Initializing...
maxdom : 30
D->valSize : 900
Solving...
Blb : 2 (clique : 17)
currentSize : 17 <-- 0.011475 s
currentSize : 18 <-- 0.011617 s
currentSize : 19 <-- 0.012189 s
currentSize : 20 <-- 0.072037 s
currentSize : 21 <-- 3.488589 s
currentSize : 22 <-- 16.261364 s
currentSize : 23 <-- 22.255764 s

maxsize : 23
nodes : 1587718.000000
filtered : 88640881.000000
time : 73.121185
