Parameters: GAD=1 vflib=1 dir=0 label=0 lowerbound=1 fileNameGp=../graphsdb/mcs50/bvg/b06/mcs50_b06_s20.A42 fileNameGt=../graphsdb/mcs50/bvg/b06/mcs50_b06_s20.B42
Reading graphs...
20 :  59
20 :  58
Initializing...
maxdom : 20
D->valSize : 400
Solving...
Blb : 2 (clique : 9)
currentSize : 9 <-- 0.003622 s
currentSize : 10 <-- 0.003848 s
currentSize : 11 <-- 0.007197 s
currentSize : 12 <-- 0.082380 s
currentSize : 13 <-- 0.140050 s
currentSize : 14 <-- 0.142474 s

maxsize : 14
nodes : 33394.000000
filtered : 752916.000000
time : 0.306353
