Parameters: GAD=1 vflib=1 dir=0 label=0 lowerbound=1 fileNameGp=../graphsdb/mcs50/rand/r01/mcs50_r01_s35.A11 fileNameGt=../graphsdb/mcs50/rand/r01/mcs50_r01_s35.B11
Reading graphs...
35 :  114
35 :  109
Initializing...
maxdom : 35
D->valSize : 1225
Solving...
Blb : 2 (clique : 14)
currentSize : 14 <-- 0.019736 s
currentSize : 15 <-- 0.019887 s
currentSize : 16 <-- 0.020029 s
currentSize : 17 <-- 0.020488 s
currentSize : 18 <-- 0.084564 s
currentSize : 19 <-- 0.195419 s
currentSize : 20 <-- 150.317764 s

TIMEOUT
maxsize : 20
nodes : 335968205.000000
filtered : 10682251864.000000
time : 3600.000000
