Parameters: GAD=1 vflib=1 dir=0 label=0 lowerbound=1 fileNameGp=../graphsdb/mcs50/m4D/m4Dr4/mcs50_m4Dr4_s30.A05 fileNameGt=../graphsdb/mcs50/m4D/m4Dr4/mcs50_m4Dr4_s30.B05
Reading graphs...
30 :  66
30 :  63
Initializing...
maxdom : 30
D->valSize : 900
Solving...
Blb : 2 (clique : 15)
currentSize : 15 <-- 0.011181 s
currentSize : 16 <-- 0.011312 s
currentSize : 17 <-- 0.011438 s
currentSize : 18 <-- 0.012993 s
currentSize : 19 <-- 0.018387 s
currentSize : 20 <-- 2.059095 s
currentSize : 21 <-- 11.315166 s

maxsize : 21
nodes : 3092643.000000
filtered : 156840079.000000
time : 83.915016
