Parameters: GAD=1 vflib=1 dir=0 label=0 lowerbound=1 fileNameGp=../graphsdb/mcs50/m2D/m2Dr6/mcs50_m2Dr6_s30.A51 fileNameGt=../graphsdb/mcs50/m2D/m2Dr6/mcs50_m2Dr6_s30.B51
Reading graphs...
30 :  66
30 :  66
Initializing...
maxdom : 30
D->valSize : 900
Solving...
Blb : 2 (clique : 15)
currentSize : 15 <-- 0.019020 s
currentSize : 16 <-- 0.019225 s
currentSize : 17 <-- 0.019983 s
currentSize : 18 <-- 0.050506 s
currentSize : 19 <-- 0.050768 s
currentSize : 20 <-- 25.854382 s

maxsize : 20
nodes : 20446850.000000
filtered : 901475352.000000
time : 578.951050
