Parameters: GAD=1 vflib=1 dir=0 label=0 lowerbound=1 fileNameGp=../graphsdb/mcs50/bvg/b03/mcs50_b03_s25.A98 fileNameGt=../graphsdb/mcs50/bvg/b03/mcs50_b03_s25.B98
Reading graphs...
25 :  37
25 :  37
Initializing...
maxdom : 25
D->valSize : 625
Solving...
Blb : 2 (clique : 15)
currentSize : 15 <-- 0.005641 s
currentSize : 16 <-- 0.005748 s
currentSize : 17 <-- 0.008029 s
currentSize : 18 <-- 0.056125 s
currentSize : 19 <-- 5.788572 s

maxsize : 19
nodes : 1379320.000000
filtered : 63763381.000000
time : 27.368130
