Parameters: GAD=1 vflib=1 dir=0 label=0 lowerbound=1 fileNameGp=../graphsdb/mcs50/m4D/m4Dr4/mcs50_m4Dr4_s35.A12 fileNameGt=../graphsdb/mcs50/m4D/m4Dr4/mcs50_m4Dr4_s35.B12
Reading graphs...
35 :  76
35 :  75
Initializing...
maxdom : 35
D->valSize : 1225
Solving...
Blb : 2 (clique : 19)
currentSize : 19 <-- 0.036133 s
currentSize : 20 <-- 0.036754 s
currentSize : 21 <-- 0.040541 s
currentSize : 22 <-- 0.980267 s
currentSize : 23 <-- 3.359299 s
currentSize : 24 <-- 107.805298 s

TIMEOUT
maxsize : 24
nodes : 71423768.000000
filtered : 4922360280.000000
time : 3600.000000
