Parameters: GAD=1 vflib=1 dir=0 label=0 lowerbound=1 fileNameGp=../graphsdb/mcs50/bvg/b06m/mcs50_b06m_s30.A71 fileNameGt=../graphsdb/mcs50/bvg/b06m/mcs50_b06m_s30.B71
Reading graphs...
30 :  84
30 :  87
Initializing...
maxdom : 30
D->valSize : 900
Solving...
Blb : 2 (clique : 15)
currentSize : 15 <-- 0.018304 s
currentSize : 16 <-- 0.023338 s
currentSize : 17 <-- 0.130169 s
currentSize : 18 <-- 0.438017 s
currentSize : 19 <-- 10.651711 s

maxsize : 19
nodes : 9033107.000000
filtered : 325523137.000000
time : 125.834167
