Parameters: GAD=1 vflib=1 dir=0 label=0 lowerbound=1 fileNameGp=../graphsdb/mcs50/rand/r005/mcs50_r005_s25.A23 fileNameGt=../graphsdb/mcs50/rand/r005/mcs50_r005_s25.B23
Reading graphs...
25 :  35
25 :  35
Initializing...
maxdom : 25
D->valSize : 625
Solving...
Blb : 2 (clique : 15)
currentSize : 15 <-- 0.005597 s
currentSize : 16 <-- 0.006016 s
currentSize : 17 <-- 0.006068 s
currentSize : 18 <-- 0.008043 s
currentSize : 19 <-- 0.223541 s

maxsize : 19
nodes : 363202.000000
filtered : 15369924.000000
time : 12.454830
