Parameters: GAD=1 vflib=1 dir=0 label=0 lowerbound=1 fileNameGp=../graphsdb/mcs50/rand/r02/mcs50_r02_s25.A93 fileNameGt=../graphsdb/mcs50/rand/r02/mcs50_r02_s25.B93
Reading graphs...
25 :  105
25 :  104
Initializing...
maxdom : 25
D->valSize : 625
Solving...
Blb : 5 (clique : 9)
currentSize : 9 <-- 0.004723 s
currentSize : 10 <-- 0.004807 s
currentSize : 11 <-- 0.004840 s
currentSize : 12 <-- 0.045272 s
currentSize : 13 <-- 0.053867 s

maxsize : 13
nodes : 8167848.000000
filtered : 113501135.000000
time : 34.368149
