Parameters: GAD=1 vflib=1 dir=0 label=0 lowerbound=1 fileNameGp=../graphsdb/mcs50/bvg/b09m/mcs50_b09m_s35.A67 fileNameGt=../graphsdb/mcs50/bvg/b09m/mcs50_b09m_s35.B67
Reading graphs...
35 :  151
35 :  148
Initializing...
maxdom : 35
D->valSize : 1225
Solving...
Blb : 2 (clique : 13)
currentSize : 13 <-- 0.018747 s
currentSize : 14 <-- 0.019220 s
currentSize : 15 <-- 0.023437 s
currentSize : 16 <-- 0.057443 s
currentSize : 17 <-- 0.593170 s
currentSize : 18 <-- 101.439270 s
currentSize : 19 <-- 2521.922119 s

TIMEOUT
maxsize : 19
nodes : 409241391.000000
filtered : 12931359619.000000
time : 3600.000000
