Parameters: GAD=1 vflib=1 dir=0 label=0 lowerbound=1 fileNameGp=../graphsdb/mcs50/bvg/b09m/mcs50_b09m_s30.A25 fileNameGt=../graphsdb/mcs50/bvg/b09m/mcs50_b09m_s30.B25
Reading graphs...
30 :  127
30 :  124
Initializing...
maxdom : 30
D->valSize : 900
Solving...
Blb : 2 (clique : 11)
currentSize : 11 <-- 0.009992 s
currentSize : 12 <-- 0.010172 s
currentSize : 13 <-- 0.012072 s
currentSize : 14 <-- 0.023642 s
currentSize : 15 <-- 0.131346 s
currentSize : 16 <-- 23.919798 s

maxsize : 16
nodes : 45020302.000000
filtered : 1062156130.000000
time : 281.883789
