Parameters: GAD=1 vflib=1 dir=0 label=0 lowerbound=1 fileNameGp=../graphsdb/mcs50/m4D/m4Dr4/mcs50_m4Dr4_s30.A91 fileNameGt=../graphsdb/mcs50/m4D/m4Dr4/mcs50_m4Dr4_s30.B91
Reading graphs...
30 :  67
30 :  67
Initializing...
maxdom : 30
D->valSize : 900
Solving...
Blb : 2 (clique : 16)
currentSize : 16 <-- 0.019066 s
currentSize : 17 <-- 0.153594 s
currentSize : 18 <-- 0.200993 s
currentSize : 19 <-- 0.201122 s
currentSize : 20 <-- 0.253823 s
currentSize : 21 <-- 11.566653 s

maxsize : 21
nodes : 7097489.000000
filtered : 344472364.000000
time : 140.600800
