Parameters: GAD=1 vflib=1 dir=0 label=0 lowerbound=1 fileNameGp=../graphsdb/mcs50/bvg/b06m/mcs50_b06m_s30.A26 fileNameGt=../graphsdb/mcs50/bvg/b06m/mcs50_b06m_s30.B26
Reading graphs...
30 :  86
30 :  87
Initializing...
maxdom : 30
D->valSize : 900
Solving...
Blb : 2 (clique : 14)
currentSize : 14 <-- 0.010372 s
currentSize : 15 <-- 0.010505 s
currentSize : 16 <-- 0.014616 s
currentSize : 17 <-- 0.036687 s
currentSize : 18 <-- 2.813958 s

maxsize : 18
nodes : 56844361.000000
filtered : 1867998295.000000
time : 666.767883
