Parameters: GAD=1 vflib=1 dir=0 label=0 lowerbound=1 fileNameGp=../graphsdb/mcs50/rand/r005/mcs50_r005_s20.A98 fileNameGt=../graphsdb/mcs50/rand/r005/mcs50_r005_s20.B98
Reading graphs...
20 :  24
20 :  24
Initializing...
maxdom : 20
D->valSize : 400
Solving...
Blb : 2 (clique : 11)
currentSize : 11 <-- 0.002405 s
currentSize : 13 <-- 0.002467 s
currentSize : 14 <-- 0.002642 s
currentSize : 15 <-- 0.003162 s
currentSize : 16 <-- 0.017268 s

maxsize : 16
nodes : 9517.000000
filtered : 397840.000000
time : 0.241521
