Parameters: GAD=1 vflib=1 dir=0 label=0 lowerbound=1 fileNameGp=../graphsdb/mcs50/bvg/b06/mcs50_b06_s15.A13 fileNameGt=../graphsdb/mcs50/bvg/b06/mcs50_b06_s15.B13
Reading graphs...
15 :  43
15 :  41
Initializing...
maxdom : 15
D->valSize : 225
Solving...
Blb : 2 (clique : 7)
currentSize : 7 <-- 0.000983 s
currentSize : 8 <-- 0.001069 s
currentSize : 9 <-- 0.002209 s
currentSize : 10 <-- 0.003263 s
currentSize : 11 <-- 0.003357 s

maxsize : 11
nodes : 1629.000000
filtered : 36937.000000
time : 0.011441
