Parameters: GAD=1 vflib=1 dir=0 label=0 lowerbound=1 fileNameGp=../graphsdb/mcs50/bvg/b03m/mcs50_b03m_s25.A06 fileNameGt=../graphsdb/mcs50/bvg/b03m/mcs50_b03m_s25.B06
Reading graphs...
25 :  36
25 :  37
Initializing...
maxdom : 25
D->valSize : 625
Solving...
Blb : 2 (clique : 15)
currentSize : 15 <-- 0.005487 s
currentSize : 16 <-- 0.005580 s
currentSize : 17 <-- 0.009612 s
currentSize : 18 <-- 0.035053 s
currentSize : 19 <-- 0.257464 s

maxsize : 19
nodes : 271369.000000
filtered : 13348466.000000
time : 6.525605
