Parameters: GAD=1 vflib=1 dir=0 label=0 lowerbound=1 fileNameGp=../graphsdb/mcs50/bvg/b09/mcs50_b09_s35.A69 fileNameGt=../graphsdb/mcs50/bvg/b09/mcs50_b09_s35.B69
Reading graphs...
35 :  150
35 :  155
Initializing...
maxdom : 35
D->valSize : 1225
Solving...
Blb : 2 (clique : 15)
currentSize : 15 <-- 0.023883 s
currentSize : 16 <-- 0.027080 s
currentSize : 17 <-- 0.180969 s
currentSize : 18 <-- 1.419311 s
currentSize : 19 <-- 1.801620 s

maxsize : 19
nodes : 225299144.000000
filtered : 7759811781.000000
time : 2204.743164
