Parameters: GAD=1 vflib=1 dir=0 label=0 lowerbound=1 fileNameGp=../graphsdb/mcs50/bvg/b06/mcs50_b06_s35.A50 fileNameGt=../graphsdb/mcs50/bvg/b06/mcs50_b06_s35.B50
Reading graphs...
35 :  104
35 :  104
Initializing...
maxdom : 35
D->valSize : 1225
Solving...
Blb : 2 (clique : 15)
currentSize : 15 <-- 0.019413 s
currentSize : 16 <-- 0.022562 s
currentSize : 17 <-- 0.023601 s
currentSize : 18 <-- 0.026913 s
currentSize : 19 <-- 0.771668 s
currentSize : 20 <-- 14.777060 s
currentSize : 21 <-- 18.328020 s
currentSize : 22 <-- 264.168610 s

maxsize : 22
nodes : 207254175.000000
filtered : 9791222656.000000
time : 3532.492188
