Parameters: GAD=1 vflib=1 dir=0 label=0 lowerbound=1 fileNameGp=../graphsdb/mcs50/bvg/b06/mcs50_b06_s30.A76 fileNameGt=../graphsdb/mcs50/bvg/b06/mcs50_b06_s30.B76
Reading graphs...
30 :  87
30 :  88
Initializing...
maxdom : 30
D->valSize : 900
Solving...
Blb : 5 (clique : 14)
currentSize : 14 <-- 0.010416 s
currentSize : 15 <-- 0.010734 s
currentSize : 17 <-- 0.012027 s
currentSize : 18 <-- 2.724030 s
currentSize : 19 <-- 5.319087 s

maxsize : 19
nodes : 8855382.000000
filtered : 316440357.000000
time : 115.092949
