Parameters: GAD=1 vflib=1 dir=0 label=0 lowerbound=1 fileNameGp=../graphsdb/mcs50/bvg/b03/mcs50_b03_s30.A68 fileNameGt=../graphsdb/mcs50/bvg/b03/mcs50_b03_s30.B68
Reading graphs...
30 :  45
30 :  45
Initializing...
maxdom : 30
D->valSize : 900
Solving...
Blb : 2 (clique : 17)
currentSize : 17 <-- 0.019688 s
currentSize : 18 <-- 0.019890 s
currentSize : 19 <-- 0.022523 s
currentSize : 20 <-- 0.039744 s
currentSize : 21 <-- 0.119637 s
currentSize : 22 <-- 0.941255 s
currentSize : 23 <-- 3.808388 s
currentSize : 24 <-- 178.709946 s

maxsize : 24
nodes : 3180627.000000
filtered : 201385050.000000
time : 191.096100
