Parameters: GAD=1 vflib=1 dir=0 label=0 lowerbound=1 fileNameGp=../graphsdb/mcs50/bvg/b09m/mcs50_b09m_s35.A57 fileNameGt=../graphsdb/mcs50/bvg/b09m/mcs50_b09m_s35.B57
Reading graphs...
35 :  151
35 :  150
Initializing...
maxdom : 35
D->valSize : 1225
Solving...
Blb : 2 (clique : 14)
currentSize : 14 <-- 0.032361 s
currentSize : 16 <-- 0.032560 s
currentSize : 17 <-- 0.150856 s
currentSize : 18 <-- 13.401645 s
currentSize : 19 <-- 15.237277 s

maxsize : 19
nodes : 240913568.000000
filtered : 7276167548.000000
time : 2063.788330
