Parameters: GAD=1 vflib=1 dir=0 label=0 lowerbound=1 fileNameGp=../graphsdb/mcs50/bvg/b06/mcs50_b06_s35.A22 fileNameGt=../graphsdb/mcs50/bvg/b06/mcs50_b06_s35.B22
Reading graphs...
35 :  103
35 :  103
Initializing...
maxdom : 35
D->valSize : 1225
Solving...
Blb : 2 (clique : 16)
currentSize : 16 <-- 0.019747 s
currentSize : 17 <-- 0.020145 s
currentSize : 18 <-- 0.020249 s
currentSize : 19 <-- 0.027630 s
currentSize : 20 <-- 0.066718 s
currentSize : 21 <-- 12.451268 s
currentSize : 22 <-- 894.272827 s

TIMEOUT
maxsize : 22
nodes : 241091569.000000
filtered : 12062388187.000000
time : 3600.000000
