Parameters: GAD=1 vflib=1 dir=0 label=0 lowerbound=1 fileNameGp=../graphsdb/mcs50/m4D/m4Dr4/mcs50_m4Dr4_s30.A85 fileNameGt=../graphsdb/mcs50/m4D/m4Dr4/mcs50_m4Dr4_s30.B85
Reading graphs...
30 :  65
30 :  63
Initializing...
maxdom : 30
D->valSize : 900
Solving...
Blb : 5 (clique : 17)
currentSize : 17 <-- 0.010728 s
currentSize : 18 <-- 0.012873 s
currentSize : 19 <-- 0.063394 s
currentSize : 20 <-- 1.062248 s
currentSize : 21 <-- 5.171807 s

maxsize : 21
nodes : 5252932.000000
filtered : 258791809.000000
time : 144.358948
