Parameters: GAD=1 vflib=1 dir=0 label=0 lowerbound=1 fileNameGp=../graphsdb/mcs50/bvg/b03/mcs50_b03_s20.A44 fileNameGt=../graphsdb/mcs50/bvg/b03/mcs50_b03_s20.B44
Reading graphs...
20 :  30
20 :  30
Initializing...
maxdom : 20
D->valSize : 400
Solving...
Blb : 2 (clique : 11)
currentSize : 11 <-- 0.002441 s
currentSize : 12 <-- 0.002506 s
currentSize : 13 <-- 0.002589 s
currentSize : 14 <-- 0.004833 s
currentSize : 15 <-- 0.020880 s

maxsize : 15
nodes : 41615.000000
filtered : 1007278.000000
time : 0.503834
