Parameters: GAD=1 vflib=1 dir=0 label=0 lowerbound=1 fileNameGp=../graphsdb/mcs50/m4D/m4Dr2/mcs50_m4Dr2_s35.A89 fileNameGt=../graphsdb/mcs50/m4D/m4Dr2/mcs50_m4Dr2_s35.B89
Reading graphs...
35 :  69
35 :  68
Initializing...
maxdom : 35
D->valSize : 1225
Solving...
Blb : 2 (clique : 21)
currentSize : 21 <-- 0.020888 s
currentSize : 22 <-- 0.021733 s
currentSize : 23 <-- 1.473715 s
currentSize : 24 <-- 2.774275 s
currentSize : 25 <-- 3.610479 s

maxsize : 25
nodes : 37072539.000000
filtered : 2934878624.000000
time : 2135.054688
