Parameters: GAD=1 vflib=1 dir=0 label=0 lowerbound=1 fileNameGp=../graphsdb/mcs50/bvg/b06/mcs50_b06_s20.A87 fileNameGt=../graphsdb/mcs50/bvg/b06/mcs50_b06_s20.B87
Reading graphs...
20 :  57
20 :  58
Initializing...
maxdom : 20
D->valSize : 400
Solving...
Blb : 2 (clique : 9)
currentSize : 9 <-- 0.003658 s
currentSize : 10 <-- 0.003758 s
currentSize : 11 <-- 0.003901 s
currentSize : 12 <-- 0.005163 s
currentSize : 13 <-- 0.168813 s
currentSize : 14 <-- 0.332457 s

maxsize : 14
nodes : 53470.000000
filtered : 1352373.000000
time : 0.444406
