Parameters: GAD=1 vflib=1 dir=0 label=0 lowerbound=1 fileNameGp=../graphsdb/mcs50/rand/r02/mcs50_r02_s35.A40 fileNameGt=../graphsdb/mcs50/rand/r02/mcs50_r02_s35.B40
Reading graphs...
35 :  219
35 :  213
Initializing...
maxdom : 35
D->valSize : 1225
Solving...
Blb : 2 (clique : 10)
currentSize : 10 <-- 0.021996 s
currentSize : 11 <-- 0.022126 s
currentSize : 12 <-- 0.022167 s
currentSize : 13 <-- 0.030087 s
currentSize : 14 <-- 0.052465 s
currentSize : 15 <-- 8.275477 s
currentSize : 16 <-- 743.157288 s
currentSize : 17 <-- 1595.954956 s

maxsize : 17
nodes : 576940949.000000
filtered : 8754457704.000000
time : 2587.066162
