Parameters: GAD=1 vflib=1 dir=0 label=0 lowerbound=1 fileNameGp=../graphsdb/mcs50/m4D/m4Dr4/mcs50_m4Dr4_s30.A94 fileNameGt=../graphsdb/mcs50/m4D/m4Dr4/mcs50_m4Dr4_s30.B94
Reading graphs...
30 :  66
30 :  64
Initializing...
maxdom : 30
D->valSize : 900
Solving...
Blb : 2 (clique : 16)
currentSize : 16 <-- 0.011022 s
currentSize : 17 <-- 0.011151 s
currentSize : 18 <-- 0.011974 s
currentSize : 19 <-- 0.058094 s
currentSize : 20 <-- 0.480795 s
currentSize : 21 <-- 5.601786 s

maxsize : 21
nodes : 2879659.000000
filtered : 158986054.000000
time : 105.918404
