Parameters: GAD=1 vflib=1 dir=0 label=0 lowerbound=1 fileNameGp=../graphsdb/mcs50/rand/r005/mcs50_r005_s35.A90 fileNameGt=../graphsdb/mcs50/rand/r005/mcs50_r005_s35.B90
Reading graphs...
35 :  59
35 :  61
Initializing...
maxdom : 35
D->valSize : 1225
Solving...
Blb : 2 (clique : 19)
currentSize : 19 <-- 0.021044 s
currentSize : 20 <-- 0.021214 s
currentSize : 21 <-- 0.023670 s
currentSize : 22 <-- 0.027007 s
currentSize : 23 <-- 0.384801 s
currentSize : 24 <-- 1.682916 s
currentSize : 25 <-- 77.652031 s
currentSize : 26 <-- 84.981827 s

TIMEOUT
maxsize : 26
nodes : 44117993.000000
filtered : 3157045939.000000
time : 3600.000000
