Parameters: GAD=1 vflib=1 dir=0 label=0 lowerbound=1 fileNameGp=../graphsdb/mcs50/bvg/b09/mcs50_b09_s35.A91 fileNameGt=../graphsdb/mcs50/bvg/b09/mcs50_b09_s35.B91
Reading graphs...
35 :  155
35 :  154
Initializing...
maxdom : 35
D->valSize : 1225
Solving...
Blb : 2 (clique : 13)
currentSize : 13 <-- 0.032133 s
currentSize : 14 <-- 0.032337 s
currentSize : 15 <-- 0.032751 s
currentSize : 16 <-- 0.067504 s
currentSize : 17 <-- 1.944865 s
currentSize : 18 <-- 76.742958 s
currentSize : 19 <-- 3031.872070 s

maxsize : 19
nodes : 453661296.000000
filtered : 11759185226.000000
time : 3500.221924
