Parameters: GAD=1 vflib=1 dir=0 label=0 lowerbound=1 fileNameGp=../graphsdb/mcs50/m4D/m4Dr6/mcs50_m4Dr6_s35.A30 fileNameGt=../graphsdb/mcs50/m4D/m4Dr6/mcs50_m4Dr6_s35.B30
Reading graphs...
35 :  81
35 :  78
Initializing...
maxdom : 35
D->valSize : 1225
Solving...
Blb : 2 (clique : 17)
currentSize : 17 <-- 0.020243 s
currentSize : 20 <-- 0.020409 s
currentSize : 21 <-- 0.020677 s
currentSize : 22 <-- 17.107023 s
currentSize : 23 <-- 17.176155 s
currentSize : 24 <-- 27.745157 s

TIMEOUT
maxsize : 24
nodes : 92385464.000000
filtered : 6574900886.000000
time : 3600.000000
