Parameters: GAD=1 vflib=1 dir=0 label=0 lowerbound=1 fileNameGp=../graphsdb/mcs50/bvg/b06m/mcs50_b06m_s30.A34 fileNameGt=../graphsdb/mcs50/bvg/b06m/mcs50_b06m_s30.B34
Reading graphs...
30 :  90
30 :  89
Initializing...
maxdom : 30
D->valSize : 900
Solving...
Blb : 2 (clique : 13)
currentSize : 13 <-- 0.018046 s
currentSize : 14 <-- 0.018212 s
currentSize : 15 <-- 0.018346 s
currentSize : 16 <-- 0.034959 s
currentSize : 17 <-- 0.079608 s
currentSize : 18 <-- 2.198383 s

maxsize : 18
nodes : 46962798.000000
filtered : 1587601754.000000
time : 578.833984
