Parameters: GAD=1 vflib=1 dir=0 label=0 lowerbound=1 fileNameGp=../graphsdb/mcs50/rand/r005/mcs50_r005_s25.A43 fileNameGt=../graphsdb/mcs50/rand/r005/mcs50_r005_s25.B43
Reading graphs...
25 :  35
25 :  35
Initializing...
maxdom : 25
D->valSize : 625
Solving...
Blb : 5 (clique : 16)
currentSize : 16 <-- 0.009673 s
currentSize : 17 <-- 0.009942 s
currentSize : 18 <-- 0.012522 s
currentSize : 19 <-- 0.013650 s
currentSize : 20 <-- 0.142760 s

maxsize : 20
nodes : 153553.000000
filtered : 9406470.000000
time : 6.301581
