Parameters: GAD=1 vflib=1 dir=0 label=0 lowerbound=1 fileNameGp=../graphsdb/mcs50/bvg/b09/mcs50_b09_s30.A69 fileNameGt=../graphsdb/mcs50/bvg/b09/mcs50_b09_s30.B69
Reading graphs...
30 :  130
30 :  129
Initializing...
maxdom : 30
D->valSize : 900
Solving...
Blb : 2 (clique : 11)
currentSize : 11 <-- 0.016998 s
currentSize : 12 <-- 0.017178 s
currentSize : 13 <-- 0.017284 s
currentSize : 14 <-- 0.018998 s
currentSize : 15 <-- 0.620628 s
currentSize : 16 <-- 0.877133 s
currentSize : 17 <-- 18.551800 s

maxsize : 17
nodes : 14116761.000000
filtered : 307304261.000000
time : 83.488792
