Parameters: GAD=1 vflib=1 dir=0 label=0 lowerbound=1 fileNameGp=../graphsdb/mcs50/bvg/b06/mcs50_b06_s30.A59 fileNameGt=../graphsdb/mcs50/bvg/b06/mcs50_b06_s30.B59
Reading graphs...
30 :  89
30 :  89
Initializing...
maxdom : 30
D->valSize : 900
Solving...
Blb : 2 (clique : 15)
currentSize : 15 <-- 0.010536 s
currentSize : 16 <-- 0.016092 s
currentSize : 17 <-- 0.016354 s
currentSize : 18 <-- 0.084934 s
currentSize : 19 <-- 0.221456 s
currentSize : 20 <-- 2.275362 s

maxsize : 20
nodes : 4685407.000000
filtered : 222715487.000000
time : 70.297493
