Parameters: GAD=1 vflib=1 dir=0 label=0 lowerbound=1 fileNameGp=../graphsdb/mcs50/bvg/b06/mcs50_b06_s30.A23 fileNameGt=../graphsdb/mcs50/bvg/b06/mcs50_b06_s30.B23
Reading graphs...
30 :  88
30 :  90
Initializing...
maxdom : 30
D->valSize : 900
Solving...
Blb : 2 (clique : 15)
currentSize : 15 <-- 0.018105 s
currentSize : 16 <-- 0.021611 s
currentSize : 17 <-- 0.063200 s
currentSize : 18 <-- 1.650588 s
currentSize : 19 <-- 149.531326 s

maxsize : 19
nodes : 20695081.000000
filtered : 709011557.000000
time : 265.179657
