Parameters: GAD=1 vflib=1 dir=0 label=0 lowerbound=1 fileNameGp=../graphsdb/mcs50/bvg/b06/mcs50_b06_s35.A81 fileNameGt=../graphsdb/mcs50/bvg/b06/mcs50_b06_s35.B81
Reading graphs...
35 :  103
35 :  103
Initializing...
maxdom : 35
D->valSize : 1225
Solving...
Blb : 2 (clique : 16)
currentSize : 16 <-- 0.019624 s
currentSize : 17 <-- 0.019789 s
currentSize : 18 <-- 0.024461 s
currentSize : 19 <-- 0.032167 s
currentSize : 20 <-- 0.054263 s
currentSize : 21 <-- 1.028195 s
currentSize : 22 <-- 904.531677 s
currentSize : 23 <-- 2773.311279 s

maxsize : 23
nodes : 150370092.000000
filtered : 7757956000.000000
time : 3538.510254
