Parameters: GAD=1 vflib=1 dir=0 label=0 lowerbound=1 fileNameGp=../graphsdb/mcs50/m4D/m4Dr6/mcs50_m4Dr6_s35.A40 fileNameGt=../graphsdb/mcs50/m4D/m4Dr6/mcs50_m4Dr6_s35.B40
Reading graphs...
35 :  82
35 :  82
Initializing...
maxdom : 35
D->valSize : 1225
Solving...
Blb : 2 (clique : 18)
currentSize : 18 <-- 0.020403 s
currentSize : 19 <-- 0.020973 s
currentSize : 20 <-- 0.021622 s
currentSize : 21 <-- 0.023638 s
currentSize : 22 <-- 0.106298 s
currentSize : 23 <-- 1.116693 s
currentSize : 24 <-- 1955.368774 s

TIMEOUT
maxsize : 24
nodes : 95913321.000000
filtered : 5246421152.000000
time : 3600.000000
