Parameters: GAD=1 vflib=1 dir=0 label=0 lowerbound=1 fileNameGp=../graphsdb/mcs50/m4D/m4Dr6/mcs50_m4Dr6_s30.A94 fileNameGt=../graphsdb/mcs50/m4D/m4Dr6/mcs50_m4Dr6_s30.B94
Reading graphs...
30 :  71
30 :  68
Initializing...
maxdom : 30
D->valSize : 900
Solving...
Blb : 2 (clique : 16)
currentSize : 16 <-- 0.010766 s
currentSize : 17 <-- 0.013089 s
currentSize : 18 <-- 0.280549 s
currentSize : 19 <-- 0.737040 s
currentSize : 20 <-- 17.631891 s

maxsize : 20
nodes : 9315008.000000
filtered : 409874744.000000
time : 238.593521
