Parameters: GAD=1 vflib=1 dir=0 label=0 lowerbound=1 fileNameGp=../graphsdb/mcs50/rand/r02/mcs50_r02_s35.A71 fileNameGt=../graphsdb/mcs50/rand/r02/mcs50_r02_s35.B71
Reading graphs...
35 :  215
35 :  208
Initializing...
maxdom : 35
D->valSize : 1225
Solving...
Blb : 2 (clique : 11)
currentSize : 11 <-- 0.017711 s
currentSize : 12 <-- 0.017855 s
currentSize : 13 <-- 0.020324 s
currentSize : 14 <-- 0.083314 s
currentSize : 15 <-- 9.424309 s
currentSize : 17 <-- 1354.657715 s

maxsize : 17
nodes : 599148932.000000
filtered : 10159923154.000000
time : 2795.823975
