Parameters: GAD=1 vflib=1 dir=0 label=0 lowerbound=1 fileNameGp=../graphsdb/mcs50/bvg/b06/mcs50_b06_s35.A52 fileNameGt=../graphsdb/mcs50/bvg/b06/mcs50_b06_s35.B52
Reading graphs...
35 :  101
35 :  104
Initializing...
maxdom : 35
D->valSize : 1225
Solving...
Blb : 2 (clique : 18)
currentSize : 18 <-- 0.024511 s
currentSize : 19 <-- 0.024675 s
currentSize : 20 <-- 0.025834 s
currentSize : 21 <-- 0.063326 s
currentSize : 22 <-- 26.836424 s
currentSize : 23 <-- 26.836864 s

maxsize : 23
nodes : 28745771.000000
filtered : 1633166852.000000
time : 750.806885
