Parameters: GAD=1 vflib=1 dir=0 label=0 lowerbound=1 fileNameGp=../graphsdb/mcs50/bvg/b03m/mcs50_b03m_s30.A33 fileNameGt=../graphsdb/mcs50/bvg/b03m/mcs50_b03m_s30.B33
Reading graphs...
30 :  45
30 :  45
Initializing...
maxdom : 30
D->valSize : 900
Solving...
Blb : 2 (clique : 18)
currentSize : 18 <-- 0.020224 s
currentSize : 19 <-- 0.020490 s
currentSize : 20 <-- 0.020772 s
currentSize : 21 <-- 0.021278 s
currentSize : 22 <-- 0.025944 s
currentSize : 23 <-- 7.888271 s

maxsize : 23
nodes : 3013092.000000
filtered : 194193635.000000
time : 230.805618
