Parameters: GAD=1 vflib=1 dir=0 label=0 lowerbound=1 fileNameGp=../graphsdb/mcs50/m4D/m4Dr4/mcs50_m4Dr4_s35.A14 fileNameGt=../graphsdb/mcs50/m4D/m4Dr4/mcs50_m4Dr4_s35.B14
Reading graphs...
35 :  76
35 :  73
Initializing...
maxdom : 35
D->valSize : 1225
Solving...
Blb : 2 (clique : 19)
currentSize : 19 <-- 0.021025 s
currentSize : 20 <-- 0.023248 s
currentSize : 21 <-- 0.190002 s
currentSize : 22 <-- 0.307847 s
currentSize : 23 <-- 169.988525 s
currentSize : 24 <-- 828.141724 s

TIMEOUT
maxsize : 24
nodes : 75173931.000000
filtered : 4675629703.000000
time : 3600.000000
