Parameters: GAD=1 vflib=1 dir=0 label=0 lowerbound=1 fileNameGp=../graphsdb/mcs50/bvg/b09m/mcs50_b09m_s30.A11 fileNameGt=../graphsdb/mcs50/bvg/b09m/mcs50_b09m_s30.B11
Reading graphs...
30 :  125
30 :  126
Initializing...
maxdom : 30
D->valSize : 900
Solving...
Blb : 2 (clique : 12)
currentSize : 12 <-- 0.009790 s
currentSize : 13 <-- 0.009902 s
currentSize : 14 <-- 0.010000 s
currentSize : 15 <-- 0.011518 s
currentSize : 16 <-- 14.954778 s

maxsize : 16
nodes : 46172589.000000
filtered : 1041575382.000000
time : 277.254974
