Parameters: GAD=1 vflib=1 dir=0 label=0 lowerbound=1 fileNameGp=../graphsdb/mcs50/m2D/m2Dr2/mcs50_m2Dr2_s20.A64 fileNameGt=../graphsdb/mcs50/m2D/m2Dr2/mcs50_m2Dr2_s20.B64
Reading graphs...
20 :  33
20 :  33
Initializing...
maxdom : 20
D->valSize : 400
Solving...
Blb : 2 (clique : 11)
currentSize : 11 <-- 0.003978 s
currentSize : 12 <-- 0.004114 s
currentSize : 13 <-- 0.004242 s
currentSize : 14 <-- 0.004660 s
currentSize : 15 <-- 0.393159 s

maxsize : 15
nodes : 46545.000000
filtered : 1504228.000000
time : 0.695601
