Parameters: GAD=1 vflib=1 dir=0 label=0 lowerbound=1 fileNameGp=../graphsdb/mcs50/rand/r02/mcs50_r02_s20.A06 fileNameGt=../graphsdb/mcs50/rand/r02/mcs50_r02_s20.B06
Reading graphs...
20 :  70
20 :  69
Initializing...
maxdom : 20
D->valSize : 400
Solving...
Blb : 2 (clique : 8)
currentSize : 8 <-- 0.003875 s
currentSize : 9 <-- 0.003963 s
currentSize : 10 <-- 0.005444 s
currentSize : 11 <-- 0.026616 s
currentSize : 12 <-- 0.528723 s

maxsize : 12
nodes : 253748.000000
filtered : 3649004.000000
time : 1.038480
