Parameters: GAD=1 vflib=1 dir=0 label=0 lowerbound=1 fileNameGp=../graphsdb/mcs50/bvg/b09m/mcs50_b09m_s35.A80 fileNameGt=../graphsdb/mcs50/bvg/b09m/mcs50_b09m_s35.B80
Reading graphs...
35 :  150
35 :  148
Initializing...
maxdom : 35
D->valSize : 1225
Solving...
Blb : 2 (clique : 13)
currentSize : 13 <-- 0.018535 s
currentSize : 14 <-- 0.018946 s
currentSize : 15 <-- 0.032149 s
currentSize : 16 <-- 0.078288 s
currentSize : 17 <-- 0.478663 s
currentSize : 18 <-- 154.496246 s
currentSize : 19 <-- 217.357620 s

maxsize : 19
nodes : 217217454.000000
filtered : 6041425522.000000
time : 1911.754028
