Parameters: GAD=1 vflib=1 dir=0 label=0 lowerbound=1 fileNameGp=../graphsdb/mcs50/m4D/m4Dr6/mcs50_m4Dr6_s35.A91 fileNameGt=../graphsdb/mcs50/m4D/m4Dr6/mcs50_m4Dr6_s35.B91
Reading graphs...
35 :  83
35 :  83
Initializing...
maxdom : 35
D->valSize : 1225
Solving...
Blb : 2 (clique : 17)
currentSize : 17 <-- 0.025317 s
currentSize : 18 <-- 0.025639 s
currentSize : 19 <-- 0.025980 s
currentSize : 20 <-- 0.026046 s
currentSize : 21 <-- 0.065760 s
currentSize : 22 <-- 0.683508 s
currentSize : 23 <-- 58.474346 s

TIMEOUT
maxsize : 23
nodes : 171430462.000000
filtered : 7679517041.000000
time : 3600.000000
