Parameters: GAD=1 vflib=1 dir=0 label=0 lowerbound=1 fileNameGp=../graphsdb/mcs50/bvg/b03/mcs50_b03_s35.A12 fileNameGt=../graphsdb/mcs50/bvg/b03/mcs50_b03_s35.B12
Reading graphs...
35 :  52
35 :  52
Initializing...
maxdom : 35
D->valSize : 1225
Solving...
Blb : 2 (clique : 22)
currentSize : 22 <-- 0.036736 s
currentSize : 23 <-- 0.037056 s
currentSize : 24 <-- 0.330785 s
currentSize : 25 <-- 0.373319 s
currentSize : 26 <-- 8.683707 s
currentSize : 27 <-- 27.988008 s

maxsize : 27
nodes : 13898855.000000
filtered : 1156825366.000000
time : 1364.085205
