Parameters: GAD=1 vflib=1 dir=0 label=0 lowerbound=1 fileNameGp=../graphsdb/mcs50/bvg/b03/mcs50_b03_s25.A87 fileNameGt=../graphsdb/mcs50/bvg/b03/mcs50_b03_s25.B87
Reading graphs...
25 :  37
25 :  36
Initializing...
maxdom : 25
D->valSize : 625
Solving...
Blb : 2 (clique : 16)
currentSize : 16 <-- 0.005510 s
currentSize : 17 <-- 0.005843 s
currentSize : 18 <-- 0.010904 s
currentSize : 19 <-- 0.204084 s
currentSize : 20 <-- 0.341648 s

maxsize : 20
nodes : 65477.000000
filtered : 2527572.000000
time : 2.318269
