Parameters: GAD=1 vflib=1 dir=0 label=0 lowerbound=1 fileNameGp=../graphsdb/mcs50/rand/r01/mcs50_r01_s30.A14 fileNameGt=../graphsdb/mcs50/rand/r01/mcs50_r01_s30.B14
Reading graphs...
30 :  81
30 :  82
Initializing...
maxdom : 30
D->valSize : 900
Solving...
Blb : 2 (clique : 13)
currentSize : 13 <-- 0.010622 s
currentSize : 14 <-- 0.010738 s
currentSize : 15 <-- 0.011089 s
currentSize : 16 <-- 0.011697 s
currentSize : 17 <-- 0.011924 s
currentSize : 18 <-- 0.561115 s
currentSize : 19 <-- 155.768311 s

maxsize : 19
nodes : 43590214.000000
filtered : 1478114833.000000
time : 510.066772
