Parameters: GAD=1 vflib=1 dir=0 label=0 lowerbound=1 fileNameGp=../graphsdb/mcs50/bvg/b03m/mcs50_b03m_s20.A93 fileNameGt=../graphsdb/mcs50/bvg/b03m/mcs50_b03m_s20.B93
Reading graphs...
20 :  30
20 :  30
Initializing...
maxdom : 20
D->valSize : 400
Solving...
Blb : 2 (clique : 11)
currentSize : 11 <-- 0.004039 s
currentSize : 12 <-- 0.004149 s
currentSize : 13 <-- 0.004248 s
currentSize : 14 <-- 0.013520 s
currentSize : 15 <-- 0.020340 s

maxsize : 15
nodes : 17337.000000
filtered : 521137.000000
time : 0.381817
