Parameters: GAD=1 vflib=1 dir=0 label=0 lowerbound=1 fileNameGp=../graphsdb/mcs50/m4D/m4Dr2/mcs50_m4Dr2_s35.A47 fileNameGt=../graphsdb/mcs50/m4D/m4Dr2/mcs50_m4Dr2_s35.B47
Reading graphs...
35 :  69
35 :  68
Initializing...
maxdom : 35
D->valSize : 1225
Solving...
Blb : 2 (clique : 19)
currentSize : 19 <-- 0.020778 s
currentSize : 20 <-- 0.021121 s
currentSize : 21 <-- 0.021954 s
currentSize : 22 <-- 0.022402 s
currentSize : 23 <-- 0.057637 s
currentSize : 24 <-- 0.525499 s
currentSize : 25 <-- 413.721558 s
currentSize : 26 <-- 780.823730 s

maxsize : 26
nodes : 59745889.000000
filtered : 4684672100.000000
time : 3253.602539
