Parameters: GAD=1 vflib=1 dir=0 label=0 lowerbound=1 fileNameGp=../graphsdb/mcs50/bvg/b09/mcs50_b09_s35.A97 fileNameGt=../graphsdb/mcs50/bvg/b09/mcs50_b09_s35.B97
Reading graphs...
35 :  153
35 :  154
Initializing...
maxdom : 35
D->valSize : 1225
Solving...
Blb : 2 (clique : 13)
currentSize : 13 <-- 0.032478 s
currentSize : 14 <-- 0.032756 s
currentSize : 15 <-- 0.033281 s
currentSize : 16 <-- 0.043380 s
currentSize : 17 <-- 0.085510 s
currentSize : 18 <-- 0.382287 s
currentSize : 19 <-- 2.225426 s
currentSize : 20 <-- 16.419371 s

maxsize : 20
nodes : 78013681.000000
filtered : 3177682191.000000
time : 805.324280
