Parameters: GAD=1 vflib=1 dir=0 label=0 lowerbound=1 fileNameGp=../graphsdb/mcs50/bvg/b09m/mcs50_b09m_s30.A62 fileNameGt=../graphsdb/mcs50/bvg/b09m/mcs50_b09m_s30.B62
Reading graphs...
30 :  128
30 :  124
Initializing...
maxdom : 30
D->valSize : 900
Solving...
Blb : 2 (clique : 12)
currentSize : 12 <-- 0.009771 s
currentSize : 13 <-- 0.012809 s
currentSize : 14 <-- 0.050400 s
currentSize : 15 <-- 0.147697 s
currentSize : 16 <-- 0.157360 s

maxsize : 16
nodes : 22650315.000000
filtered : 493832243.000000
time : 142.906265
