Parameters: GAD=1 vflib=1 dir=0 label=0 lowerbound=1 fileNameGp=../graphsdb/mcs50/m3D/m3D/mcs50_m3D_s20.A70 fileNameGt=../graphsdb/mcs50/m3D/m3D/mcs50_m3D_s20.B70
Reading graphs...
20 :  35
20 :  37
Initializing...
maxdom : 20
D->valSize : 400
Solving...
Blb : 2 (clique : 11)
currentSize : 11 <-- 0.002431 s
currentSize : 12 <-- 0.002570 s
currentSize : 13 <-- 0.002648 s
currentSize : 14 <-- 0.003549 s
currentSize : 15 <-- 0.329687 s

maxsize : 15
nodes : 49700.000000
filtered : 1426020.000000
time : 0.489348
