Parameters: GAD=1 vflib=1 dir=0 label=0 lowerbound=1 fileNameGp=../graphsdb/mcs50/rand/r01/mcs50_r01_s30.A47 fileNameGt=../graphsdb/mcs50/rand/r01/mcs50_r01_s30.B47
Reading graphs...
30 :  82
30 :  85
Initializing...
maxdom : 30
D->valSize : 900
Solving...
Blb : 2 (clique : 13)
currentSize : 13 <-- 0.018843 s
currentSize : 15 <-- 0.019016 s
currentSize : 16 <-- 0.020926 s
currentSize : 17 <-- 0.036660 s
currentSize : 18 <-- 1.034367 s
currentSize : 19 <-- 226.778259 s

maxsize : 19
nodes : 37676612.000000
filtered : 1240969122.000000
time : 472.879913
