Parameters: GAD=1 vflib=1 dir=0 label=0 lowerbound=1 fileNameGp=../graphsdb/mcs50/bvg/b09m/mcs50_b09m_s25.A43 fileNameGt=../graphsdb/mcs50/bvg/b09m/mcs50_b09m_s25.B43
Reading graphs...
25 :  100
25 :  102
Initializing...
maxdom : 25
D->valSize : 625
Solving...
Blb : 2 (clique : 10)
currentSize : 10 <-- 0.008004 s
currentSize : 11 <-- 0.008112 s
currentSize : 12 <-- 0.009744 s
currentSize : 13 <-- 0.019414 s
currentSize : 14 <-- 1.116125 s

maxsize : 14
nodes : 1891837.000000
filtered : 35445275.000000
time : 10.091443
