Parameters: GAD=1 vflib=1 dir=0 label=0 lowerbound=1 fileNameGp=../graphsdb/mcs50/bvg/b06m/mcs50_b06m_s30.A47 fileNameGt=../graphsdb/mcs50/bvg/b06m/mcs50_b06m_s30.B47
Reading graphs...
30 :  87
30 :  86
Initializing...
maxdom : 30
D->valSize : 900
Solving...
Blb : 2 (clique : 14)
currentSize : 14 <-- 0.010633 s
currentSize : 15 <-- 0.011939 s
currentSize : 16 <-- 0.021254 s
currentSize : 17 <-- 0.169913 s
currentSize : 18 <-- 7.571869 s
currentSize : 19 <-- 34.841042 s

maxsize : 19
nodes : 15687510.000000
filtered : 598213851.000000
time : 197.591827
