Parameters: GAD=1 vflib=1 dir=0 label=0 lowerbound=1 fileNameGp=../graphsdb/mcs50/bvg/b06/mcs50_b06_s35.A20 fileNameGt=../graphsdb/mcs50/bvg/b06/mcs50_b06_s35.B20
Reading graphs...
35 :  105
35 :  104
Initializing...
maxdom : 35
D->valSize : 1225
Solving...
Blb : 2 (clique : 17)
currentSize : 17 <-- 0.019678 s
currentSize : 18 <-- 0.019883 s
currentSize : 19 <-- 0.022137 s
currentSize : 20 <-- 0.579896 s
currentSize : 21 <-- 2.026334 s
currentSize : 22 <-- 54.440281 s

maxsize : 22
nodes : 159884954.000000
filtered : 7608688209.000000
time : 2743.528564
