Parameters: GAD=1 vflib=1 dir=0 label=0 lowerbound=1 fileNameGp=../graphsdb/mcs50/m4D/m4Dr6/mcs50_m4Dr6_s30.A19 fileNameGt=../graphsdb/mcs50/m4D/m4Dr6/mcs50_m4Dr6_s30.B19
Reading graphs...
30 :  69
30 :  70
Initializing...
maxdom : 30
D->valSize : 900
Solving...
Blb : 2 (clique : 15)
currentSize : 15 <-- 0.018994 s
currentSize : 16 <-- 0.037842 s
currentSize : 17 <-- 0.040603 s
currentSize : 18 <-- 0.123688 s
currentSize : 19 <-- 0.619036 s
currentSize : 20 <-- 5.428997 s
currentSize : 21 <-- 324.859436 s

maxsize : 21
nodes : 21999011.000000
filtered : 1013476622.000000
time : 417.998505
