Parameters: GAD=1 vflib=1 dir=0 label=0 lowerbound=1 fileNameGp=../graphsdb/mcs50/bvg/b09m/mcs50_b09m_s25.A85 fileNameGt=../graphsdb/mcs50/bvg/b09m/mcs50_b09m_s25.B85
Reading graphs...
25 :  107
25 :  106
Initializing...
maxdom : 25
D->valSize : 625
Solving...
Blb : 2 (clique : 10)
currentSize : 10 <-- 0.004776 s
currentSize : 11 <-- 0.004856 s
currentSize : 12 <-- 0.017014 s
currentSize : 13 <-- 0.266013 s
currentSize : 14 <-- 0.991802 s

maxsize : 14
nodes : 1954547.000000
filtered : 39071597.000000
time : 9.955371
