Parameters: GAD=1 vflib=1 dir=0 label=0 lowerbound=1 fileNameGp=../graphsdb/mcs50/rand/r01/mcs50_r01_s30.A27 fileNameGt=../graphsdb/mcs50/rand/r01/mcs50_r01_s30.B27
Reading graphs...
30 :  81
30 :  82
Initializing...
maxdom : 30
D->valSize : 900
Solving...
Blb : 2 (clique : 13)
currentSize : 13 <-- 0.018678 s
currentSize : 14 <-- 0.018860 s
currentSize : 15 <-- 0.019234 s
currentSize : 16 <-- 0.029470 s
currentSize : 17 <-- 0.031414 s
currentSize : 18 <-- 0.031624 s
currentSize : 19 <-- 163.705093 s

maxsize : 19
nodes : 25759465.000000
filtered : 968740683.000000
time : 399.311066
