Parameters: GAD=1 vflib=1 dir=0 label=0 lowerbound=1 fileNameGp=../graphsdb/mcs50/bvg/b09/mcs50_b09_s35.A83 fileNameGt=../graphsdb/mcs50/bvg/b09/mcs50_b09_s35.B83
Reading graphs...
35 :  149
35 :  150
Initializing...
maxdom : 35
D->valSize : 1225
Solving...
Blb : 2 (clique : 13)
currentSize : 13 <-- 0.018406 s
currentSize : 14 <-- 0.018539 s
currentSize : 15 <-- 0.018567 s
currentSize : 16 <-- 0.021314 s
currentSize : 17 <-- 4.519883 s
currentSize : 18 <-- 82.211029 s
currentSize : 19 <-- 438.350586 s
currentSize : 20 <-- 842.076477 s

maxsize : 20
nodes : 168091113.000000
filtered : 4875175535.000000
time : 1358.023438
