Parameters: GAD=1 vflib=1 dir=0 label=0 lowerbound=1 fileNameGp=../graphsdb/mcs50/bvg/b03m/mcs50_b03m_s35.A91 fileNameGt=../graphsdb/mcs50/bvg/b03m/mcs50_b03m_s35.B91
Reading graphs...
35 :  50
35 :  50
Initializing...
maxdom : 35
D->valSize : 1225
Solving...
Blb : 2 (clique : 23)
currentSize : 23 <-- 0.022413 s
currentSize : 24 <-- 0.034540 s
currentSize : 25 <-- 0.110542 s
currentSize : 26 <-- 1.105030 s
currentSize : 27 <-- 13.329081 s

maxsize : 27
nodes : 36612732.000000
filtered : 2775288845.000000
time : 3393.173096
