Parameters: GAD=1 vflib=1 dir=0 label=0 lowerbound=1 fileNameGp=../graphsdb/mcs50/rand/r01/mcs50_r01_s30.A03 fileNameGt=../graphsdb/mcs50/rand/r01/mcs50_r01_s30.B03
Reading graphs...
30 :  82
30 :  83
Initializing...
maxdom : 30
D->valSize : 900
Solving...
Blb : 2 (clique : 14)
currentSize : 14 <-- 0.010820 s
currentSize : 15 <-- 0.011345 s
currentSize : 16 <-- 0.012781 s
currentSize : 17 <-- 0.130232 s
currentSize : 18 <-- 0.293784 s
currentSize : 19 <-- 252.388718 s

maxsize : 19
nodes : 46565472.000000
filtered : 1688872333.000000
time : 567.167725
