Parameters: GAD=1 vflib=1 dir=0 label=0 lowerbound=1 fileNameGp=../graphsdb/mcs50/m2D/m2Dr2/mcs50_m2Dr2_s20.A89 fileNameGt=../graphsdb/mcs50/m2D/m2Dr2/mcs50_m2Dr2_s20.B89
Reading graphs...
20 :  35
20 :  34
Initializing...
maxdom : 20
D->valSize : 400
Solving...
Blb : 2 (clique : 11)
currentSize : 11 <-- 0.002306 s
currentSize : 12 <-- 0.002929 s
currentSize : 13 <-- 0.003272 s
currentSize : 14 <-- 0.005953 s
currentSize : 15 <-- 0.479795 s

maxsize : 15
nodes : 57570.000000
filtered : 1607401.000000
time : 1.004700
