Parameters: GAD=1 vflib=1 dir=0 label=0 lowerbound=1 fileNameGp=../graphsdb/mcs50/m4D/m4D/mcs50_m4D_s30.A91 fileNameGt=../graphsdb/mcs50/m4D/m4D/mcs50_m4D_s30.B91
Reading graphs...
30 :  54
30 :  54
Initializing...
maxdom : 30
D->valSize : 900
Solving...
Blb : 2 (clique : 15)
currentSize : 15 <-- 0.019635 s
currentSize : 17 <-- 0.019822 s
currentSize : 18 <-- 0.020041 s
currentSize : 19 <-- 0.020655 s
currentSize : 20 <-- 0.026307 s
currentSize : 21 <-- 2.941022 s
currentSize : 22 <-- 219.684204 s

maxsize : 22
nodes : 12723340.000000
filtered : 657048876.000000
time : 382.686127
