Parameters: GAD=1 vflib=1 dir=0 label=0 lowerbound=1 fileNameGp=../graphsdb/mcs50/bvg/b06/mcs50_b06_s35.A35 fileNameGt=../graphsdb/mcs50/bvg/b06/mcs50_b06_s35.B35
Reading graphs...
35 :  104
35 :  102
Initializing...
maxdom : 35
D->valSize : 1225
Solving...
Blb : 2 (clique : 16)
currentSize : 16 <-- 0.024724 s
currentSize : 17 <-- 0.024891 s
currentSize : 18 <-- 0.031082 s
currentSize : 19 <-- 0.040252 s
currentSize : 20 <-- 7.604229 s
currentSize : 21 <-- 436.482422 s

TIMEOUT
maxsize : 21
nodes : 176415397.000000
filtered : 8127959884.000000
time : 3600.000000
