Parameters: GAD=1 vflib=1 dir=0 label=0 lowerbound=1 fileNameGp=../graphsdb/mcs50/rand/r005/mcs50_r005_s30.A43 fileNameGt=../graphsdb/mcs50/rand/r005/mcs50_r005_s30.B43
Reading graphs...
30 :  46
30 :  46
Initializing...
maxdom : 30
D->valSize : 900
Solving...
Blb : 2 (clique : 18)
currentSize : 18 <-- 0.011473 s
currentSize : 19 <-- 0.012536 s
currentSize : 20 <-- 0.012886 s
currentSize : 21 <-- 6.765744 s
currentSize : 22 <-- 10.492583 s

maxsize : 22
nodes : 44391999.000000
filtered : 2607514464.000000
time : 1929.155640
