Parameters: GAD=1 vflib=1 dir=0 label=0 lowerbound=1 fileNameGp=../graphsdb/mcs50/rand/r02/mcs50_r02_s30.A33 fileNameGt=../graphsdb/mcs50/rand/r02/mcs50_r02_s30.B33
Reading graphs...
30 :  153
30 :  154
Initializing...
maxdom : 30
D->valSize : 900
Solving...
Blb : 2 (clique : 11)
currentSize : 11 <-- 0.016244 s
currentSize : 12 <-- 0.016541 s
currentSize : 13 <-- 0.061426 s
currentSize : 14 <-- 1.494406 s
currentSize : 15 <-- 66.035179 s

maxsize : 15
nodes : 50058802.000000
filtered : 812069241.000000
time : 234.932602
