Parameters: GAD=1 vflib=1 dir=0 label=0 lowerbound=1 fileNameGp=../graphsdb/mcs50/bvg/b09m/mcs50_b09m_s25.A25 fileNameGt=../graphsdb/mcs50/bvg/b09m/mcs50_b09m_s25.B25
Reading graphs...
25 :  103
25 :  102
Initializing...
maxdom : 25
D->valSize : 625
Solving...
Blb : 3 (clique : 10)
currentSize : 10 <-- 0.007859 s
currentSize : 11 <-- 0.008019 s
currentSize : 12 <-- 0.008436 s
currentSize : 13 <-- 0.012805 s
currentSize : 14 <-- 1.171764 s

maxsize : 14
nodes : 1487676.000000
filtered : 33719205.000000
time : 8.288423
