Parameters: GAD=1 vflib=1 dir=0 label=0 lowerbound=1 fileNameGp=../graphsdb/mcs50/bvg/b06/mcs50_b06_s30.A28 fileNameGt=../graphsdb/mcs50/bvg/b06/mcs50_b06_s30.B28
Reading graphs...
30 :  88
30 :  86
Initializing...
maxdom : 30
D->valSize : 900
Solving...
Blb : 5 (clique : 14)
currentSize : 14 <-- 0.010322 s
currentSize : 15 <-- 0.017458 s
currentSize : 16 <-- 0.026771 s
currentSize : 17 <-- 0.132400 s
currentSize : 18 <-- 1.162147 s
currentSize : 19 <-- 2.876816 s

maxsize : 19
nodes : 11764686.000000
filtered : 445966698.000000
time : 159.144272
