Parameters: GAD=1 vflib=1 dir=0 label=0 lowerbound=1 fileNameGp=../graphsdb/mcs50/bvg/b06/mcs50_b06_s35.A76 fileNameGt=../graphsdb/mcs50/bvg/b06/mcs50_b06_s35.B76
Reading graphs...
35 :  102
35 :  103
Initializing...
maxdom : 35
D->valSize : 1225
Solving...
Blb : 2 (clique : 16)
currentSize : 16 <-- 0.019598 s
currentSize : 17 <-- 0.019782 s
currentSize : 18 <-- 0.038626 s
currentSize : 19 <-- 0.098033 s
currentSize : 20 <-- 0.393275 s
currentSize : 21 <-- 10.716320 s
currentSize : 22 <-- 226.617737 s
currentSize : 23 <-- 796.675476 s

maxsize : 23
nodes : 70797005.000000
filtered : 3327575889.000000
time : 1432.937988
