Parameters: GAD=1 vflib=1 dir=0 label=0 lowerbound=1 fileNameGp=../graphsdb/mcs50/rand/r005/mcs50_r005_s25.A51 fileNameGt=../graphsdb/mcs50/rand/r005/mcs50_r005_s25.B51
Reading graphs...
25 :  35
25 :  35
Initializing...
maxdom : 25
D->valSize : 625
Solving...
Blb : 5 (clique : 16)
currentSize : 16 <-- 0.005667 s
currentSize : 17 <-- 0.008862 s
currentSize : 18 <-- 0.070808 s
currentSize : 19 <-- 1.432963 s
currentSize : 20 <-- 3.691929 s

maxsize : 20
nodes : 149730.000000
filtered : 6086815.000000
time : 4.873236
