Parameters: GAD=1 vflib=1 dir=0 label=0 lowerbound=1 fileNameGp=../graphsdb/mcs50/rand/r01/mcs50_r01_s30.A49 fileNameGt=../graphsdb/mcs50/rand/r01/mcs50_r01_s30.B49
Reading graphs...
30 :  82
30 :  82
Initializing...
maxdom : 30
D->valSize : 900
Solving...
Blb : 2 (clique : 15)
currentSize : 15 <-- 0.010549 s
currentSize : 16 <-- 0.011688 s
currentSize : 17 <-- 0.061178 s
currentSize : 18 <-- 2.784217 s
currentSize : 19 <-- 130.939728 s

maxsize : 19
nodes : 33885018.000000
filtered : 1141760557.000000
time : 414.078613
