Parameters: GAD=1 vflib=1 dir=0 label=0 lowerbound=1 fileNameGp=../graphsdb/mcs50/m2D/m2Dr4/mcs50_m2Dr4_s30.A11 fileNameGt=../graphsdb/mcs50/m2D/m2Dr4/mcs50_m2Dr4_s30.B11
Reading graphs...
30 :  61
30 :  61
Initializing...
maxdom : 30
D->valSize : 900
Solving...
Blb : 2 (clique : 16)
currentSize : 16 <-- 0.015330 s
currentSize : 17 <-- 0.020691 s
currentSize : 18 <-- 0.026010 s
currentSize : 19 <-- 0.030125 s
currentSize : 20 <-- 1.083424 s
currentSize : 21 <-- 296.055267 s

maxsize : 21
nodes : 16559652.000000
filtered : 749008646.000000
time : 402.038696
