Parameters: GAD=1 vflib=1 dir=0 label=0 lowerbound=1 fileNameGp=../graphsdb/mcs50/rand/r005/mcs50_r005_s25.A01 fileNameGt=../graphsdb/mcs50/rand/r005/mcs50_r005_s25.B01
Reading graphs...
25 :  34
25 :  35
Initializing...
maxdom : 25
D->valSize : 625
Solving...
Blb : 2 (clique : 15)
currentSize : 15 <-- 0.009672 s
currentSize : 16 <-- 0.010069 s
currentSize : 17 <-- 0.023376 s
currentSize : 18 <-- 0.031700 s
currentSize : 19 <-- 0.056649 s
currentSize : 20 <-- 11.154918 s

maxsize : 20
nodes : 448845.000000
filtered : 21135237.000000
time : 16.841387
