Parameters: GAD=1 vflib=1 dir=0 label=0 lowerbound=1 fileNameGp=../graphsdb/mcs50/bvg/b06m/mcs50_b06m_s30.A30 fileNameGt=../graphsdb/mcs50/bvg/b06m/mcs50_b06m_s30.B30
Reading graphs...
30 :  88
30 :  88
Initializing...
maxdom : 30
D->valSize : 900
Solving...
Blb : 2 (clique : 15)
currentSize : 15 <-- 0.011043 s
currentSize : 16 <-- 0.011222 s
currentSize : 17 <-- 0.012234 s
currentSize : 18 <-- 0.998001 s
currentSize : 19 <-- 3.786624 s

maxsize : 19
nodes : 10639945.000000
filtered : 493563545.000000
time : 168.410721
