Parameters: GAD=1 vflib=1 dir=0 label=0 lowerbound=1 fileNameGp=../graphsdb/mcs50/bvg/b03/mcs50_b03_s25.A84 fileNameGt=../graphsdb/mcs50/bvg/b03/mcs50_b03_s25.B84
Reading graphs...
25 :  37
25 :  37
Initializing...
maxdom : 25
D->valSize : 625
Solving...
Blb : 2 (clique : 14)
currentSize : 14 <-- 0.005594 s
currentSize : 15 <-- 0.005687 s
currentSize : 16 <-- 0.006769 s
currentSize : 17 <-- 0.014979 s
currentSize : 18 <-- 0.015336 s
currentSize : 19 <-- 1.374103 s
currentSize : 20 <-- 5.932680 s

maxsize : 20
nodes : 347631.000000
filtered : 14999803.000000
time : 7.840890
