Parameters: GAD=1 vflib=1 dir=0 label=0 lowerbound=1 fileNameGp=../graphsdb/mcs50/bvg/b03m/mcs50_b03m_s25.A66 fileNameGt=../graphsdb/mcs50/bvg/b03m/mcs50_b03m_s25.B66
Reading graphs...
25 :  37
25 :  36
Initializing...
maxdom : 25
D->valSize : 625
Solving...
Blb : 5 (clique : 14)
currentSize : 14 <-- 0.005731 s
currentSize : 15 <-- 0.005826 s
currentSize : 16 <-- 0.007087 s
currentSize : 17 <-- 0.007578 s
currentSize : 18 <-- 0.018849 s
currentSize : 19 <-- 0.037237 s

maxsize : 19
nodes : 206418.000000
filtered : 10180419.000000
time : 7.219770
