Parameters: GAD=1 vflib=1 dir=0 label=0 lowerbound=1 fileNameGp=../graphsdb/mcs50/m2D/m2Dr4/mcs50_m2Dr4_s30.A41 fileNameGt=../graphsdb/mcs50/m2D/m2Dr4/mcs50_m2Dr4_s30.B41
Reading graphs...
30 :  61
30 :  60
Initializing...
maxdom : 30
D->valSize : 900
Solving...
Blb : 2 (clique : 17)
currentSize : 17 <-- 0.011023 s
currentSize : 18 <-- 0.011190 s
currentSize : 19 <-- 0.011427 s
currentSize : 20 <-- 0.296445 s
currentSize : 21 <-- 320.210205 s

maxsize : 21
nodes : 22691848.000000
filtered : 945929906.000000
time : 475.571625
