Parameters: GAD=1 vflib=1 dir=0 label=0 lowerbound=1 fileNameGp=../graphsdb/mcs50/m4D/m4Dr2/mcs50_m4Dr2_s35.A62 fileNameGt=../graphsdb/mcs50/m4D/m4Dr2/mcs50_m4Dr2_s35.B62
Reading graphs...
35 :  69
35 :  69
Initializing...
maxdom : 35
D->valSize : 1225
Solving...
Blb : 2 (clique : 20)
currentSize : 20 <-- 0.020775 s
currentSize : 21 <-- 0.021066 s
currentSize : 22 <-- 0.022234 s
currentSize : 23 <-- 0.063772 s
currentSize : 24 <-- 2.308246 s
currentSize : 25 <-- 1892.630859 s

TIMEOUT
maxsize : 25
nodes : 107937961.000000
filtered : 6377584961.000000
time : 3600.000000
