Parameters: GAD=1 vflib=1 dir=0 label=0 lowerbound=1 fileNameGp=../graphsdb/mcs50/rand/r02/mcs50_r02_s30.A42 fileNameGt=../graphsdb/mcs50/rand/r02/mcs50_r02_s30.B42
Reading graphs...
30 :  151
30 :  155
Initializing...
maxdom : 30
D->valSize : 900
Solving...
Blb : 2 (clique : 10)
currentSize : 10 <-- 0.009476 s
currentSize : 11 <-- 0.009673 s
currentSize : 12 <-- 0.009762 s
currentSize : 13 <-- 0.116997 s
currentSize : 14 <-- 1.742517 s
currentSize : 15 <-- 40.675575 s

maxsize : 15
nodes : 57492074.000000
filtered : 919400631.000000
time : 262.487244
