Parameters: GAD=1 vflib=1 dir=0 label=0 lowerbound=1 fileNameGp=../graphsdb/mcs50/m3D/m3Dr6/mcs50_m3Dr6_s20.A36 fileNameGt=../graphsdb/mcs50/m3D/m3Dr6/mcs50_m3Dr6_s20.B36
Reading graphs...
20 :  45
20 :  47
Initializing...
maxdom : 20
D->valSize : 400
Solving...
Blb : 2 (clique : 10)
currentSize : 10 <-- 0.002294 s
currentSize : 11 <-- 0.002440 s
currentSize : 12 <-- 0.004355 s
currentSize : 13 <-- 0.007036 s
currentSize : 14 <-- 0.214631 s

maxsize : 14
nodes : 65336.000000
filtered : 1245327.000000
time : 0.449065
