Parameters: GAD=1 vflib=1 dir=0 label=0 lowerbound=1 fileNameGp=../graphsdb/mcs50/bvg/b03m/mcs50_b03m_s20.A78 fileNameGt=../graphsdb/mcs50/bvg/b03m/mcs50_b03m_s20.B78
Reading graphs...
20 :  28
20 :  29
Initializing...
maxdom : 20
D->valSize : 400
Solving...
Blb : 2 (clique : 12)
currentSize : 12 <-- 0.004062 s
currentSize : 13 <-- 0.045742 s
currentSize : 14 <-- 0.047109 s
currentSize : 15 <-- 0.054650 s
currentSize : 16 <-- 0.122197 s

maxsize : 16
nodes : 15562.000000
filtered : 253420.000000
time : 0.216512
