Parameters: GAD=1 vflib=1 dir=0 label=0 lowerbound=1 fileNameGp=../graphsdb/mcs50/m2D/m2Dr6/mcs50_m2Dr6_s30.A90 fileNameGt=../graphsdb/mcs50/m2D/m2Dr6/mcs50_m2Dr6_s30.B90
Reading graphs...
30 :  66
30 :  63
Initializing...
maxdom : 30
D->valSize : 900
Solving...
Blb : 2 (clique : 15)
currentSize : 15 <-- 0.010925 s
currentSize : 17 <-- 0.011042 s
currentSize : 18 <-- 0.011221 s
currentSize : 19 <-- 0.091055 s
currentSize : 20 <-- 49.882599 s
currentSize : 21 <-- 196.893890 s

maxsize : 21
nodes : 15926788.000000
filtered : 527938210.000000
time : 240.330750
