Parameters: GAD=1 vflib=1 dir=0 label=0 lowerbound=1 fileNameGp=../graphsdb/mcs50/bvg/b09/mcs50_b09_s25.A83 fileNameGt=../graphsdb/mcs50/bvg/b09/mcs50_b09_s25.B83
Reading graphs...
25 :  108
25 :  110
Initializing...
maxdom : 25
D->valSize : 625
Solving...
Blb : 2 (clique : 11)
currentSize : 11 <-- 0.004989 s
currentSize : 12 <-- 0.005133 s
currentSize : 13 <-- 0.018427 s
currentSize : 14 <-- 0.141653 s
currentSize : 15 <-- 5.463177 s

maxsize : 15
nodes : 1252292.000000
filtered : 27397303.000000
time : 6.679093
