Parameters: GAD=1 vflib=1 dir=0 label=0 lowerbound=1 fileNameGp=../graphsdb/mcs50/bvg/b06/mcs50_b06_s30.A40 fileNameGt=../graphsdb/mcs50/bvg/b06/mcs50_b06_s30.B40
Reading graphs...
30 :  86
30 :  89
Initializing...
maxdom : 30
D->valSize : 900
Solving...
Blb : 2 (clique : 14)
currentSize : 14 <-- 0.010437 s
currentSize : 15 <-- 0.010564 s
currentSize : 16 <-- 0.010694 s
currentSize : 17 <-- 0.010868 s
currentSize : 18 <-- 0.425977 s
currentSize : 19 <-- 43.209713 s

maxsize : 19
nodes : 11690516.000000
filtered : 450774441.000000
time : 172.084610
