Parameters: GAD=1 vflib=1 dir=0 label=0 lowerbound=1 fileNameGp=../graphsdb/mcs50/m3D/m3Dr6/mcs50_m3Dr6_s20.A43 fileNameGt=../graphsdb/mcs50/m3D/m3Dr6/mcs50_m3Dr6_s20.B43
Reading graphs...
20 :  46
20 :  44
Initializing...
maxdom : 20
D->valSize : 400
Solving...
Blb : 2 (clique : 10)
currentSize : 10 <-- 0.002177 s
currentSize : 11 <-- 0.002310 s
currentSize : 12 <-- 0.002416 s
currentSize : 13 <-- 0.004878 s
currentSize : 14 <-- 0.112588 s

maxsize : 14
nodes : 53757.000000
filtered : 1192740.000000
time : 0.439735
