Parameters: GAD=1 vflib=1 dir=0 label=0 lowerbound=1 fileNameGp=../graphsdb/mcs50/m4D/m4Dr6/mcs50_m4Dr6_s30.A08 fileNameGt=../graphsdb/mcs50/m4D/m4Dr6/mcs50_m4Dr6_s30.B08
Reading graphs...
30 :  70
30 :  69
Initializing...
maxdom : 30
D->valSize : 900
Solving...
Blb : 2 (clique : 14)
currentSize : 14 <-- 0.019053 s
currentSize : 16 <-- 0.019226 s
currentSize : 17 <-- 0.019437 s
currentSize : 18 <-- 0.162566 s
currentSize : 19 <-- 0.527545 s
currentSize : 20 <-- 0.948618 s

maxsize : 20
nodes : 20132931.000000
filtered : 1094382448.000000
time : 439.431763
