Parameters: GAD=1 vflib=1 dir=0 label=0 lowerbound=1 fileNameGp=../graphsdb/mcs50/rand/r005/mcs50_r005_s35.A74 fileNameGt=../graphsdb/mcs50/rand/r005/mcs50_r005_s35.B74
Reading graphs...
35 :  61
35 :  61
Initializing...
maxdom : 35
D->valSize : 1225
Solving...
Blb : 5 (clique : 20)
currentSize : 20 <-- 0.021914 s
currentSize : 21 <-- 0.035295 s
currentSize : 22 <-- 0.381689 s
currentSize : 23 <-- 0.694231 s
currentSize : 24 <-- 0.700205 s
currentSize : 25 <-- 67.101433 s
currentSize : 26 <-- 2196.379639 s

TIMEOUT
maxsize : 26
nodes : 40434080.000000
filtered : 2813210419.000000
time : 3600.000000
