Parameters: GAD=1 vflib=1 dir=0 label=0 lowerbound=1 fileNameGp=../graphsdb/mcs50/bvg/b06/mcs50_b06_s25.A85 fileNameGt=../graphsdb/mcs50/bvg/b06/mcs50_b06_s25.B85
Reading graphs...
25 :  72
25 :  75
Initializing...
maxdom : 25
D->valSize : 625
Solving...
Blb : 2 (clique : 11)
currentSize : 11 <-- 0.008486 s
currentSize : 12 <-- 0.008624 s
currentSize : 13 <-- 0.008850 s
currentSize : 14 <-- 0.012546 s
currentSize : 15 <-- 1.613164 s
currentSize : 16 <-- 20.193924 s

maxsize : 16
nodes : 3230581.000000
filtered : 74123207.000000
time : 20.781761
