Parameters: GAD=1 vflib=1 dir=0 label=0 lowerbound=1 fileNameGp=../graphsdb/mcs50/rand/r01/mcs50_r01_s25.A08 fileNameGt=../graphsdb/mcs50/rand/r01/mcs50_r01_s25.B08
Reading graphs...
25 :  56
25 :  55
Initializing...
maxdom : 25
D->valSize : 625
Solving...
Blb : 5 (clique : 13)
currentSize : 13 <-- 0.005128 s
currentSize : 14 <-- 0.005861 s
currentSize : 15 <-- 0.009594 s
currentSize : 16 <-- 0.113218 s
currentSize : 17 <-- 6.041201 s

maxsize : 17
nodes : 1016002.000000
filtered : 33587019.000000
time : 13.721269
