Parameters: GAD=1 vflib=1 dir=0 label=0 lowerbound=1 fileNameGp=../graphsdb/mcs50/rand/r02/mcs50_r02_s35.A90 fileNameGt=../graphsdb/mcs50/rand/r02/mcs50_r02_s35.B90
Reading graphs...
35 :  219
35 :  213
Initializing...
maxdom : 35
D->valSize : 1225
Solving...
Blb : 2 (clique : 12)
currentSize : 12 <-- 0.017517 s
currentSize : 13 <-- 0.019681 s
currentSize : 14 <-- 0.074000 s
currentSize : 15 <-- 17.644829 s
currentSize : 16 <-- 146.193710 s
currentSize : 17 <-- 1480.877197 s

maxsize : 17
nodes : 493380334.000000
filtered : 7847353142.000000
time : 2266.465820
