Parameters: GAD=1 vflib=1 dir=0 label=0 lowerbound=1 fileNameGp=../graphsdb/mcs50/m2D/m2Dr2/mcs50_m2Dr2_s30.A28 fileNameGt=../graphsdb/mcs50/m2D/m2Dr2/mcs50_m2Dr2_s30.B28
Reading graphs...
30 :  55
30 :  55
Initializing...
maxdom : 30
D->valSize : 900
Solving...
Blb : 2 (clique : 16)
currentSize : 16 <-- 0.019522 s
currentSize : 17 <-- 0.019725 s
currentSize : 18 <-- 0.020816 s
currentSize : 19 <-- 0.020944 s
currentSize : 20 <-- 0.023506 s
currentSize : 21 <-- 0.030681 s
currentSize : 22 <-- 21.093016 s

maxsize : 22
nodes : 3160534.000000
filtered : 176315812.000000
time : 92.132904
