Parameters: GAD=1 vflib=1 dir=0 label=0 lowerbound=1 fileNameGp=../graphsdb/mcs50/m2D/m2Dr6/mcs50_m2Dr6_s30.A47 fileNameGt=../graphsdb/mcs50/m2D/m2Dr6/mcs50_m2Dr6_s30.B47
Reading graphs...
30 :  66
30 :  64
Initializing...
maxdom : 30
D->valSize : 900
Solving...
Blb : 2 (clique : 15)
currentSize : 15 <-- 0.018917 s
currentSize : 16 <-- 0.019359 s
currentSize : 17 <-- 0.019498 s
currentSize : 18 <-- 0.020311 s
currentSize : 19 <-- 0.027897 s
currentSize : 20 <-- 49.636768 s

maxsize : 20
nodes : 19459102.000000
filtered : 799313738.000000
time : 418.561188
