Parameters: GAD=1 vflib=1 dir=0 label=0 lowerbound=1 fileNameGp=../graphsdb/mcs50/rand/r01/mcs50_r01_s35.A06 fileNameGt=../graphsdb/mcs50/rand/r01/mcs50_r01_s35.B06
Reading graphs...
35 :  112
35 :  110
Initializing...
maxdom : 35
D->valSize : 1225
Solving...
Blb : 2 (clique : 15)
currentSize : 15 <-- 0.034200 s
currentSize : 16 <-- 0.034416 s
currentSize : 17 <-- 0.035230 s
currentSize : 18 <-- 0.064147 s
currentSize : 19 <-- 0.252384 s
currentSize : 20 <-- 4.021122 s

TIMEOUT
maxsize : 20
nodes : 265559928.000000
filtered : 9293996648.000000
time : 3600.000000
