Parameters: GAD=1 vflib=1 dir=0 label=0 lowerbound=1 fileNameGp=../graphsdb/mcs50/m4D/m4Dr2/mcs50_m4Dr2_s35.A35 fileNameGt=../graphsdb/mcs50/m4D/m4Dr2/mcs50_m4Dr2_s35.B35
Reading graphs...
35 :  68
35 :  69
Initializing...
maxdom : 35
D->valSize : 1225
Solving...
Blb : 5 (clique : 20)
currentSize : 20 <-- 0.036930 s
currentSize : 21 <-- 0.037794 s
currentSize : 22 <-- 0.039689 s
currentSize : 23 <-- 1.298057 s
currentSize : 24 <-- 88.171616 s
currentSize : 25 <-- 343.181946 s

TIMEOUT
maxsize : 25
nodes : 57929722.000000
filtered : 3933251397.000000
time : 3600.000000
