Parameters: GAD=1 vflib=1 dir=0 label=0 lowerbound=1 fileNameGp=../graphsdb/mcs50/m2D/m2Dr2/mcs50_m2Dr2_s20.A87 fileNameGt=../graphsdb/mcs50/m2D/m2Dr2/mcs50_m2Dr2_s20.B87
Reading graphs...
20 :  35
20 :  34
Initializing...
maxdom : 20
D->valSize : 400
Solving...
Blb : 2 (clique : 11)
currentSize : 11 <-- 0.002435 s
currentSize : 12 <-- 0.002501 s
currentSize : 13 <-- 0.002658 s
currentSize : 14 <-- 0.037382 s
currentSize : 15 <-- 0.135093 s

maxsize : 15
nodes : 49560.000000
filtered : 1265403.000000
time : 0.536220
