Parameters: GAD=1 vflib=1 dir=0 label=0 lowerbound=1 fileNameGp=../graphsdb/mcs50/rand/r02/mcs50_r02_s35.A82 fileNameGt=../graphsdb/mcs50/rand/r02/mcs50_r02_s35.B82
Reading graphs...
35 :  212
35 :  215
Initializing...
maxdom : 35
D->valSize : 1225
Solving...
Blb : 2 (clique : 12)
currentSize : 12 <-- 0.017671 s
currentSize : 13 <-- 0.021319 s
currentSize : 14 <-- 0.321397 s
currentSize : 15 <-- 10.310057 s
currentSize : 16 <-- 1350.246704 s
currentSize : 17 <-- 1350.246826 s

maxsize : 17
nodes : 631661891.000000
filtered : 9762266211.000000
time : 2864.885254
