Parameters: GAD=1 vflib=1 dir=0 label=0 lowerbound=1 fileNameGp=../graphsdb/mcs50/bvg/b09m/mcs50_b09m_s30.A84 fileNameGt=../graphsdb/mcs50/bvg/b09m/mcs50_b09m_s30.B84
Reading graphs...
30 :  127
30 :  130
Initializing...
maxdom : 30
D->valSize : 900
Solving...
Blb : 2 (clique : 11)
currentSize : 11 <-- 0.009808 s
currentSize : 12 <-- 0.009936 s
currentSize : 13 <-- 0.010231 s
currentSize : 14 <-- 0.011611 s
currentSize : 15 <-- 0.013217 s
currentSize : 16 <-- 274.203613 s

maxsize : 16
nodes : 53096300.000000
filtered : 1041780027.000000
time : 305.265717
