Parameters: GAD=1 vflib=1 dir=0 label=0 lowerbound=1 fileNameGp=../graphsdb/mcs50/m3D/m3D/mcs50_m3D_s20.A10 fileNameGt=../graphsdb/mcs50/m3D/m3D/mcs50_m3D_s20.B10
Reading graphs...
20 :  36
20 :  36
Initializing...
maxdom : 20
D->valSize : 400
Solving...
Blb : 2 (clique : 11)
currentSize : 11 <-- 0.002265 s
currentSize : 12 <-- 0.002334 s
currentSize : 13 <-- 0.003211 s
currentSize : 14 <-- 0.004148 s
currentSize : 15 <-- 0.362437 s

maxsize : 15
nodes : 55109.000000
filtered : 1304148.000000
time : 0.595739
