Parameters: GAD=1 vflib=1 dir=0 label=0 lowerbound=1 fileNameGp=../graphsdb/mcs50/m2D/m2Dr4/mcs50_m2Dr4_s30.A42 fileNameGt=../graphsdb/mcs50/m2D/m2Dr4/mcs50_m2Dr4_s30.B42
Reading graphs...
30 :  61
30 :  60
Initializing...
maxdom : 30
D->valSize : 900
Solving...
Blb : 2 (clique : 16)
currentSize : 16 <-- 0.019365 s
currentSize : 17 <-- 0.019618 s
currentSize : 18 <-- 0.020234 s
currentSize : 19 <-- 0.027235 s
currentSize : 20 <-- 0.029463 s
currentSize : 21 <-- 18.867140 s

maxsize : 21
nodes : 6610420.000000
filtered : 362256310.000000
time : 228.107773
