Parameters: GAD=1 vflib=1 dir=0 label=0 lowerbound=1 fileNameGp=../graphsdb/mcs50/m3D/m3Dr4/mcs50_m3Dr4_s20.A85 fileNameGt=../graphsdb/mcs50/m3D/m3Dr4/mcs50_m3Dr4_s20.B85
Reading graphs...
20 :  43
20 :  43
Initializing...
maxdom : 20
D->valSize : 400
Solving...
Blb : 2 (clique : 10)
currentSize : 10 <-- 0.003746 s
currentSize : 11 <-- 0.003835 s
currentSize : 12 <-- 0.004609 s
currentSize : 13 <-- 0.091634 s
currentSize : 14 <-- 0.307503 s

maxsize : 14
nodes : 70904.000000
filtered : 1279593.000000
time : 0.541090
