Parameters: GAD=1 vflib=1 dir=0 label=0 lowerbound=1 fileNameGp=../graphsdb/mcs50/bvg/b09m/mcs50_b09m_s25.A57 fileNameGt=../graphsdb/mcs50/bvg/b09m/mcs50_b09m_s25.B57
Reading graphs...
25 :  98
25 :  103
Initializing...
maxdom : 25
D->valSize : 625
Solving...
Blb : 2 (clique : 10)
currentSize : 10 <-- 0.008076 s
currentSize : 11 <-- 0.010515 s
currentSize : 12 <-- 0.017317 s
currentSize : 13 <-- 0.027089 s
currentSize : 14 <-- 3.721868 s

maxsize : 14
nodes : 2654953.000000
filtered : 50260402.000000
time : 13.516394
