Parameters: GAD=1 vflib=1 dir=0 label=0 lowerbound=1 fileNameGp=../graphsdb/mcs50/bvg/b09m/mcs50_b09m_s25.A94 fileNameGt=../graphsdb/mcs50/bvg/b09m/mcs50_b09m_s25.B94
Reading graphs...
25 :  103
25 :  101
Initializing...
maxdom : 25
D->valSize : 625
Solving...
Blb : 2 (clique : 10)
currentSize : 10 <-- 0.004710 s
currentSize : 11 <-- 0.004804 s
currentSize : 12 <-- 0.008580 s
currentSize : 13 <-- 0.009751 s
currentSize : 14 <-- 0.132009 s

maxsize : 14
nodes : 1825264.000000
filtered : 34587176.000000
time : 9.508892
