Parameters: GAD=1 vflib=1 dir=0 label=0 lowerbound=1 fileNameGp=../graphsdb/mcs50/m2D/m2Dr6/mcs50_m2Dr6_s30.A59 fileNameGt=../graphsdb/mcs50/m2D/m2Dr6/mcs50_m2Dr6_s30.B59
Reading graphs...
30 :  64
30 :  62
Initializing...
maxdom : 30
D->valSize : 900
Solving...
Blb : 2 (clique : 16)
currentSize : 16 <-- 0.011072 s
currentSize : 17 <-- 0.011222 s
currentSize : 18 <-- 0.012465 s
currentSize : 19 <-- 0.015990 s
currentSize : 20 <-- 0.039595 s
currentSize : 21 <-- 142.328903 s

maxsize : 21
nodes : 14676765.000000
filtered : 665249739.000000
time : 313.884918
