Parameters: GAD=1 vflib=1 dir=0 label=0 lowerbound=1 fileNameGp=../graphsdb/mcs50/bvg/b09/mcs50_b09_s30.A20 fileNameGt=../graphsdb/mcs50/bvg/b09/mcs50_b09_s30.B20
Reading graphs...
30 :  131
30 :  130
Initializing...
maxdom : 30
D->valSize : 900
Solving...
Blb : 2 (clique : 11)
currentSize : 11 <-- 0.009824 s
currentSize : 12 <-- 0.010088 s
currentSize : 13 <-- 0.013698 s
currentSize : 14 <-- 0.065110 s
currentSize : 15 <-- 0.402844 s
currentSize : 16 <-- 0.428462 s
currentSize : 17 <-- 23.868755 s

maxsize : 17
nodes : 13539546.000000
filtered : 358126293.000000
time : 91.100952
