Parameters: GAD=1 vflib=1 dir=0 label=0 lowerbound=1 fileNameGp=../graphsdb/mcs50/bvg/b03m/mcs50_b03m_s30.A62 fileNameGt=../graphsdb/mcs50/bvg/b03m/mcs50_b03m_s30.B62
Reading graphs...
30 :  44
30 :  44
Initializing...
maxdom : 30
D->valSize : 900
Solving...
Blb : 2 (clique : 17)
currentSize : 17 <-- 0.011479 s
currentSize : 18 <-- 0.011630 s
currentSize : 19 <-- 0.012060 s
currentSize : 20 <-- 0.015235 s
currentSize : 21 <-- 0.024886 s
currentSize : 22 <-- 0.184897 s
currentSize : 23 <-- 10.966928 s

maxsize : 23
nodes : 3277221.000000
filtered : 206264223.000000
time : 155.299728
