Parameters: GAD=1 vflib=1 dir=0 label=0 lowerbound=1 fileNameGp=../graphsdb/mcs50/bvg/b03/mcs50_b03_s35.A55 fileNameGt=../graphsdb/mcs50/bvg/b03/mcs50_b03_s35.B55
Reading graphs...
35 :  52
35 :  52
Initializing...
maxdom : 35
D->valSize : 1225
Solving...
Blb : 2 (clique : 22)
currentSize : 22 <-- 0.021218 s
currentSize : 23 <-- 0.021457 s
currentSize : 24 <-- 0.023349 s
currentSize : 25 <-- 0.025560 s
currentSize : 26 <-- 0.027109 s
currentSize : 27 <-- 1.644871 s
currentSize : 28 <-- 1205.308105 s

maxsize : 28
nodes : 20547489.000000
filtered : 1549432738.000000
time : 1381.126221
