Parameters: GAD=1 vflib=1 dir=0 label=0 lowerbound=1 fileNameGp=../graphsdb/mcs50/m4D/m4D/mcs50_m4D_s35.A46 fileNameGt=../graphsdb/mcs50/m4D/m4D/mcs50_m4D_s35.B46
Reading graphs...
35 :  63
35 :  63
Initializing...
maxdom : 35
D->valSize : 1225
Solving...
Blb : 2 (clique : 19)
currentSize : 19 <-- 0.021234 s
currentSize : 20 <-- 0.021427 s
currentSize : 21 <-- 0.025074 s
currentSize : 22 <-- 0.034988 s
currentSize : 23 <-- 0.128736 s
currentSize : 24 <-- 17.934444 s
currentSize : 25 <-- 52.229626 s
currentSize : 26 <-- 128.036331 s

maxsize : 26
nodes : 45674216.000000
filtered : 3719136150.000000
time : 2950.523193
