Parameters: GAD=1 vflib=1 dir=0 label=0 lowerbound=1 fileNameGp=../graphsdb/mcs50/rand/r005/mcs50_r005_s35.A40 fileNameGt=../graphsdb/mcs50/rand/r005/mcs50_r005_s35.B40
Reading graphs...
35 :  62
35 :  61
Initializing...
maxdom : 35
D->valSize : 1225
Solving...
Blb : 2 (clique : 19)
currentSize : 19 <-- 0.021310 s
currentSize : 20 <-- 0.021499 s
currentSize : 21 <-- 0.021551 s
currentSize : 22 <-- 0.021887 s
currentSize : 23 <-- 0.024737 s
currentSize : 24 <-- 0.597772 s
currentSize : 25 <-- 8.242766 s
currentSize : 26 <-- 1040.570679 s

TIMEOUT
maxsize : 26
nodes : 45517983.000000
filtered : 3318758714.000000
time : 3600.000000
