Parameters: GAD=1 vflib=1 dir=0 label=0 lowerbound=1 fileNameGp=../graphsdb/mcs50/bvg/b09/mcs50_b09_s30.A14 fileNameGt=../graphsdb/mcs50/bvg/b09/mcs50_b09_s30.B14
Reading graphs...
30 :  130
30 :  130
Initializing...
maxdom : 30
D->valSize : 900
Solving...
Blb : 2 (clique : 11)
currentSize : 11 <-- 0.010956 s
currentSize : 12 <-- 0.011073 s
currentSize : 13 <-- 0.011129 s
currentSize : 14 <-- 0.013758 s
currentSize : 15 <-- 0.045437 s
currentSize : 16 <-- 0.591764 s
currentSize : 17 <-- 37.243153 s

maxsize : 17
nodes : 15194750.000000
filtered : 393474962.000000
time : 105.517609
