Parameters: GAD=1 vflib=1 dir=0 label=0 lowerbound=1 fileNameGp=../graphsdb/mcs50/bvg/b09m/mcs50_b09m_s35.A63 fileNameGt=../graphsdb/mcs50/bvg/b09m/mcs50_b09m_s35.B63
Reading graphs...
35 :  150
35 :  151
Initializing...
maxdom : 35
D->valSize : 1225
Solving...
Blb : 2 (clique : 14)
currentSize : 14 <-- 0.024040 s
currentSize : 15 <-- 0.029134 s
currentSize : 16 <-- 0.064971 s
currentSize : 17 <-- 0.774626 s
currentSize : 18 <-- 4.069306 s
currentSize : 19 <-- 33.928761 s

maxsize : 19
nodes : 213843553.000000
filtered : 7202094056.000000
time : 1953.596680
