Parameters: GAD=1 vflib=1 dir=0 label=0 lowerbound=1 fileNameGp=../graphsdb/mcs50/bvg/b06m/mcs50_b06m_s35.A83 fileNameGt=../graphsdb/mcs50/bvg/b06m/mcs50_b06m_s35.B83
Reading graphs...
35 :  102
35 :  103
Initializing...
maxdom : 35
D->valSize : 1225
Solving...
Blb : 2 (clique : 16)
currentSize : 16 <-- 0.019828 s
currentSize : 17 <-- 0.020062 s
currentSize : 18 <-- 0.020302 s
currentSize : 19 <-- 0.054318 s
currentSize : 20 <-- 0.302999 s
currentSize : 21 <-- 59.709660 s

TIMEOUT
maxsize : 21
nodes : 183379861.000000
filtered : 7401226369.000000
time : 3600.000000
