Parameters: GAD=1 vflib=1 dir=0 label=0 lowerbound=1 fileNameGp=../graphsdb/mcs50/bvg/b03/mcs50_b03_s30.A74 fileNameGt=../graphsdb/mcs50/bvg/b03/mcs50_b03_s30.B74
Reading graphs...
30 :  45
30 :  45
Initializing...
maxdom : 30
D->valSize : 900
Solving...
Blb : 2 (clique : 19)
currentSize : 19 <-- 0.011503 s
currentSize : 20 <-- 0.039416 s
currentSize : 21 <-- 0.062181 s
currentSize : 22 <-- 0.662350 s
currentSize : 23 <-- 224.736099 s

maxsize : 23
nodes : 6733314.000000
filtered : 450950984.000000
time : 439.019684
