Parameters: GAD=1 vflib=1 dir=0 label=0 lowerbound=1 fileNameGp=../graphsdb/mcs50/bvg/b06/mcs50_b06_s30.A87 fileNameGt=../graphsdb/mcs50/bvg/b06/mcs50_b06_s30.B87
Reading graphs...
30 :  87
30 :  89
Initializing...
maxdom : 30
D->valSize : 900
Solving...
Blb : 3 (clique : 15)
currentSize : 15 <-- 0.010308 s
currentSize : 16 <-- 0.017255 s
currentSize : 17 <-- 0.120796 s
currentSize : 18 <-- 0.765943 s
currentSize : 19 <-- 14.321425 s

maxsize : 19
nodes : 11449832.000000
filtered : 445056013.000000
time : 160.021500
