Parameters: GAD=1 vflib=1 dir=0 label=0 lowerbound=1 fileNameGp=../graphsdb/mcs50/bvg/b06m/mcs50_b06m_s30.A39 fileNameGt=../graphsdb/mcs50/bvg/b06m/mcs50_b06m_s30.B39
Reading graphs...
30 :  86
30 :  87
Initializing...
maxdom : 30
D->valSize : 900
Solving...
Blb : 2 (clique : 13)
currentSize : 13 <-- 0.010344 s
currentSize : 14 <-- 0.010481 s
currentSize : 15 <-- 0.013654 s
currentSize : 16 <-- 0.050990 s
currentSize : 17 <-- 0.214437 s
currentSize : 18 <-- 8.248316 s
currentSize : 19 <-- 127.926765 s

maxsize : 19
nodes : 16893928.000000
filtered : 549031323.000000
time : 229.578186
