Parameters: GAD=1 vflib=1 dir=0 label=0 lowerbound=1 fileNameGp=../graphsdb/mcs50/bvg/b06/mcs50_b06_s35.A64 fileNameGt=../graphsdb/mcs50/bvg/b06/mcs50_b06_s35.B64
Reading graphs...
35 :  103
35 :  103
Initializing...
maxdom : 35
D->valSize : 1225
Solving...
Blb : 3 (clique : 16)
currentSize : 16 <-- 0.020543 s
currentSize : 17 <-- 0.020955 s
currentSize : 18 <-- 0.034579 s
currentSize : 19 <-- 0.076424 s
currentSize : 20 <-- 0.175914 s
currentSize : 21 <-- 6.182696 s
currentSize : 22 <-- 134.498856 s
currentSize : 23 <-- 1873.270752 s

maxsize : 23
nodes : 112310846.000000
filtered : 5237984126.000000
time : 2054.693359
