Parameters: GAD=1 vflib=1 dir=0 label=0 lowerbound=1 fileNameGp=../graphsdb/mcs50/m2D/m2Dr6/mcs50_m2Dr6_s30.A58 fileNameGt=../graphsdb/mcs50/m2D/m2Dr6/mcs50_m2Dr6_s30.B58
Reading graphs...
30 :  66
30 :  65
Initializing...
maxdom : 30
D->valSize : 900
Solving...
Blb : 2 (clique : 16)
currentSize : 16 <-- 0.011038 s
currentSize : 17 <-- 0.011168 s
currentSize : 18 <-- 0.011247 s
currentSize : 19 <-- 0.011354 s
currentSize : 20 <-- 0.185580 s
currentSize : 21 <-- 1113.613525 s

maxsize : 21
nodes : 71216711.000000
filtered : 3076699522.000000
time : 1268.546143
