Parameters: GAD=1 vflib=1 dir=0 label=0 lowerbound=1 fileNameGp=../graphsdb/mcs50/bvg/b03/mcs50_b03_s35.A65 fileNameGt=../graphsdb/mcs50/bvg/b03/mcs50_b03_s35.B65
Reading graphs...
35 :  52
35 :  52
Initializing...
maxdom : 35
D->valSize : 1225
Solving...
Blb : 2 (clique : 22)
currentSize : 22 <-- 0.037847 s
currentSize : 23 <-- 0.040353 s
currentSize : 24 <-- 0.042433 s
currentSize : 25 <-- 0.057480 s
currentSize : 26 <-- 1.022961 s
currentSize : 27 <-- 376.734955 s

maxsize : 27
nodes : 32685041.000000
filtered : 2551568535.000000
time : 3265.795898
