Parameters: GAD=1 vflib=1 dir=0 label=0 lowerbound=1 fileNameGp=../graphsdb/mcs50/bvg/b09m/mcs50_b09m_s25.A08 fileNameGt=../graphsdb/mcs50/bvg/b09m/mcs50_b09m_s25.B08
Reading graphs...
25 :  102
25 :  103
Initializing...
maxdom : 25
D->valSize : 625
Solving...
Blb : 2 (clique : 10)
currentSize : 10 <-- 0.004625 s
currentSize : 11 <-- 0.008131 s
currentSize : 12 <-- 0.011712 s
currentSize : 13 <-- 0.089243 s
currentSize : 14 <-- 1.086496 s

maxsize : 14
nodes : 1942967.000000
filtered : 36925245.000000
time : 10.004282
