Parameters: GAD=1 vflib=1 dir=0 label=0 lowerbound=1 fileNameGp=../graphsdb/mcs50/bvg/b03m/mcs50_b03m_s35.A44 fileNameGt=../graphsdb/mcs50/bvg/b03m/mcs50_b03m_s35.B44
Reading graphs...
35 :  52
35 :  52
Initializing...
maxdom : 35
D->valSize : 1225
Solving...
Blb : 2 (clique : 22)
currentSize : 22 <-- 0.027149 s
currentSize : 23 <-- 0.171143 s
currentSize : 24 <-- 0.628606 s
currentSize : 25 <-- 15.063133 s
currentSize : 26 <-- 457.523560 s
currentSize : 27 <-- 518.322937 s
currentSize : 28 <-- 2424.088623 s

maxsize : 28
nodes : 27268688.000000
filtered : 2336576947.000000
time : 3014.924805
