Parameters: GAD=1 vflib=1 dir=0 label=0 lowerbound=1 fileNameGp=../graphsdb/mcs50/bvg/b09/mcs50_b09_s25.A86 fileNameGt=../graphsdb/mcs50/bvg/b09/mcs50_b09_s25.B86
Reading graphs...
25 :  107
25 :  106
Initializing...
maxdom : 25
D->valSize : 625
Solving...
Blb : 2 (clique : 10)
currentSize : 10 <-- 0.008024 s
currentSize : 11 <-- 0.008165 s
currentSize : 12 <-- 0.020609 s
currentSize : 13 <-- 0.025456 s
currentSize : 14 <-- 0.181551 s
currentSize : 15 <-- 3.261274 s

maxsize : 15
nodes : 870294.000000
filtered : 20538114.000000
time : 5.250709
