Parameters: GAD=1 vflib=1 dir=0 label=0 lowerbound=1 fileNameGp=../graphsdb/mcs50/bvg/b09m/mcs50_b09m_s35.A56 fileNameGt=../graphsdb/mcs50/bvg/b09m/mcs50_b09m_s35.B56
Reading graphs...
35 :  147
35 :  145
Initializing...
maxdom : 35
D->valSize : 1225
Solving...
Blb : 2 (clique : 13)
currentSize : 13 <-- 0.019451 s
currentSize : 14 <-- 0.019618 s
currentSize : 15 <-- 0.019653 s
currentSize : 16 <-- 0.037841 s
currentSize : 17 <-- 0.330794 s
currentSize : 18 <-- 116.199516 s
currentSize : 19 <-- 549.227356 s

maxsize : 19
nodes : 329704370.000000
filtered : 10926129622.000000
time : 3165.500732
