Parameters: GAD=1 vflib=1 dir=0 label=0 lowerbound=1 fileNameGp=../graphsdb/mcs50/bvg/b06/mcs50_b06_s35.A96 fileNameGt=../graphsdb/mcs50/bvg/b06/mcs50_b06_s35.B96
Reading graphs...
35 :  102
35 :  102
Initializing...
maxdom : 35
D->valSize : 1225
Solving...
Blb : 2 (clique : 15)
currentSize : 15 <-- 0.025019 s
currentSize : 17 <-- 0.025159 s
currentSize : 18 <-- 0.025191 s
currentSize : 19 <-- 0.025864 s
currentSize : 20 <-- 0.025924 s
currentSize : 21 <-- 0.026061 s
currentSize : 22 <-- 0.027074 s

TIMEOUT
maxsize : 22
nodes : 124968380.000000
filtered : 6418632229.000000
time : 3600.000244
