Parameters: GAD=1 vflib=1 dir=0 label=0 lowerbound=1 fileNameGp=../graphsdb/mcs50/bvg/b06m/mcs50_b06m_s35.A29 fileNameGt=../graphsdb/mcs50/bvg/b06m/mcs50_b06m_s35.B29
Reading graphs...
35 :  100
35 :  98
Initializing...
maxdom : 35
D->valSize : 1225
Solving...
Blb : 2 (clique : 17)
currentSize : 17 <-- 0.034981 s
currentSize : 18 <-- 0.037033 s
currentSize : 19 <-- 0.043613 s
currentSize : 20 <-- 1.680207 s
currentSize : 21 <-- 33.718517 s
currentSize : 22 <-- 1633.398682 s

maxsize : 22
nodes : 170663051.000000
filtered : 7575500313.000000
time : 3427.646484
