Parameters: GAD=1 vflib=1 dir=0 label=0 lowerbound=1 fileNameGp=../graphsdb/mcs50/m3D/m3Dr4/mcs50_m3Dr4_s20.A54 fileNameGt=../graphsdb/mcs50/m3D/m3Dr4/mcs50_m3Dr4_s20.B54
Reading graphs...
20 :  44
20 :  40
Initializing...
maxdom : 20
D->valSize : 400
Solving...
Blb : 2 (clique : 10)
currentSize : 10 <-- 0.002255 s
currentSize : 11 <-- 0.002319 s
currentSize : 12 <-- 0.002378 s
currentSize : 13 <-- 0.003364 s
currentSize : 14 <-- 0.549636 s

maxsize : 14
nodes : 104056.000000
filtered : 2252658.000000
time : 0.772931
