Parameters: GAD=1 vflib=1 dir=0 label=0 lowerbound=1 fileNameGp=../graphsdb/mcs50/bvg/b06m/mcs50_b06m_s30.A69 fileNameGt=../graphsdb/mcs50/bvg/b06m/mcs50_b06m_s30.B69
Reading graphs...
30 :  86
30 :  87
Initializing...
maxdom : 30
D->valSize : 900
Solving...
Blb : 2 (clique : 14)
currentSize : 14 <-- 0.018168 s
currentSize : 15 <-- 0.020211 s
currentSize : 16 <-- 0.022652 s
currentSize : 17 <-- 0.038766 s
currentSize : 18 <-- 0.565593 s

maxsize : 18
nodes : 50728624.000000
filtered : 1697872963.000000
time : 588.620911
