Parameters: GAD=1 vflib=1 dir=0 label=0 lowerbound=1 fileNameGp=../graphsdb/mcs50/m4D/m4Dr2/mcs50_m4Dr2_s35.A67 fileNameGt=../graphsdb/mcs50/m4D/m4Dr2/mcs50_m4Dr2_s35.B67
Reading graphs...
35 :  68
35 :  69
Initializing...
maxdom : 35
D->valSize : 1225
Solving...
Blb : 2 (clique : 19)
currentSize : 19 <-- 0.036452 s
currentSize : 21 <-- 0.036704 s
currentSize : 22 <-- 0.036824 s
currentSize : 23 <-- 0.119180 s
currentSize : 24 <-- 0.825863 s
currentSize : 25 <-- 507.552551 s

TIMEOUT
maxsize : 25
nodes : 51229401.000000
filtered : 3156372445.000000
time : 3600.000488
