Parameters: GAD=1 vflib=1 dir=0 label=0 lowerbound=1 fileNameGp=../graphsdb/mcs50/m2D/m2D/mcs50_m2D_s30.A49 fileNameGt=../graphsdb/mcs50/m2D/m2D/mcs50_m2D_s30.B49
Reading graphs...
30 :  49
30 :  49
Initializing...
maxdom : 30
D->valSize : 900
Solving...
Blb : 2 (clique : 17)
currentSize : 17 <-- 0.019608 s
currentSize : 18 <-- 0.019832 s
currentSize : 19 <-- 0.019940 s
currentSize : 20 <-- 0.024628 s
currentSize : 21 <-- 0.509160 s
currentSize : 22 <-- 109.079178 s

maxsize : 22
nodes : 13553826.000000
filtered : 704283538.000000
time : 498.507599
