Parameters: GAD=1 vflib=1 dir=0 label=0 lowerbound=1 fileNameGp=../graphsdb/mcs50/bvg/b09m/mcs50_b09m_s30.A58 fileNameGt=../graphsdb/mcs50/bvg/b09m/mcs50_b09m_s30.B58
Reading graphs...
30 :  126
30 :  126
Initializing...
maxdom : 30
D->valSize : 900
Solving...
Blb : 5 (clique : 12)
currentSize : 12 <-- 0.016059 s
currentSize : 13 <-- 0.016931 s
currentSize : 14 <-- 0.040806 s
currentSize : 15 <-- 0.072814 s
currentSize : 16 <-- 4.799629 s

maxsize : 16
nodes : 27730126.000000
filtered : 573249623.000000
time : 165.589066
