Parameters: GAD=1 vflib=1 dir=0 label=0 lowerbound=1 fileNameGp=../graphsdb/mcs50/bvg/b09m/mcs50_b09m_s20.A67 fileNameGt=../graphsdb/mcs50/bvg/b09m/mcs50_b09m_s20.B67
Reading graphs...
20 :  80
20 :  80
Initializing...
maxdom : 20
D->valSize : 400
Solving...
Blb : 3 (clique : 8)
currentSize : 8 <-- 0.003472 s
currentSize : 9 <-- 0.003575 s
currentSize : 10 <-- 0.004327 s
currentSize : 11 <-- 0.018691 s
currentSize : 12 <-- 0.184145 s

maxsize : 12
nodes : 135568.000000
filtered : 2380611.000000
time : 0.730699
