Parameters: GAD=1 vflib=1 dir=0 label=0 lowerbound=1 fileNameGp=../graphsdb/mcs50/rand/r01/mcs50_r01_s30.A82 fileNameGt=../graphsdb/mcs50/rand/r01/mcs50_r01_s30.B82
Reading graphs...
30 :  83
30 :  84
Initializing...
maxdom : 30
D->valSize : 900
Solving...
Blb : 2 (clique : 14)
currentSize : 14 <-- 0.010568 s
currentSize : 15 <-- 0.010706 s
currentSize : 16 <-- 0.011058 s
currentSize : 17 <-- 0.012376 s
currentSize : 18 <-- 0.021033 s
currentSize : 19 <-- 29.110960 s

maxsize : 19
nodes : 12724524.000000
filtered : 456481626.000000
time : 186.690247
