Parameters: GAD=1 vflib=1 dir=0 label=0 lowerbound=1 fileNameGp=../graphsdb/mcs50/m4D/m4Dr4/mcs50_m4Dr4_s30.A28 fileNameGt=../graphsdb/mcs50/m4D/m4Dr4/mcs50_m4Dr4_s30.B28
Reading graphs...
30 :  66
30 :  66
Initializing...
maxdom : 30
D->valSize : 900
Solving...
Blb : 2 (clique : 17)
currentSize : 17 <-- 0.019196 s
currentSize : 18 <-- 0.024597 s
currentSize : 19 <-- 0.149015 s
currentSize : 20 <-- 0.841921 s
currentSize : 21 <-- 187.211761 s

maxsize : 21
nodes : 8681316.000000
filtered : 479963625.000000
time : 296.152405
