Parameters: GAD=1 vflib=1 dir=0 label=0 lowerbound=1 fileNameGp=../graphsdb/mcs50/bvg/b06m/mcs50_b06m_s35.A01 fileNameGt=../graphsdb/mcs50/bvg/b06m/mcs50_b06m_s35.B01
Reading graphs...
35 :  98
35 :  101
Initializing...
maxdom : 35
D->valSize : 1225
Solving...
Blb : 5 (clique : 16)
currentSize : 16 <-- 0.019612 s
currentSize : 17 <-- 0.022934 s
currentSize : 18 <-- 0.062764 s
currentSize : 19 <-- 0.194139 s
currentSize : 20 <-- 10.823301 s
currentSize : 21 <-- 47.803516 s
currentSize : 22 <-- 50.510586 s

TIMEOUT
maxsize : 22
nodes : 174447417.000000
filtered : 8748006188.000000
time : 3600.000000
