Parameters: GAD=1 vflib=1 dir=0 label=0 lowerbound=1 fileNameGp=../graphsdb/mcs50/bvg/b06/mcs50_b06_s35.A21 fileNameGt=../graphsdb/mcs50/bvg/b06/mcs50_b06_s35.B21
Reading graphs...
35 :  103
35 :  104
Initializing...
maxdom : 35
D->valSize : 1225
Solving...
Blb : 2 (clique : 17)
currentSize : 17 <-- 0.019794 s
currentSize : 18 <-- 0.020135 s
currentSize : 19 <-- 0.327549 s
currentSize : 20 <-- 0.405255 s
currentSize : 21 <-- 11.650388 s
currentSize : 22 <-- 230.781342 s

maxsize : 22
nodes : 88866735.000000
filtered : 4279802883.000000
time : 1943.214355
