Parameters: GAD=1 vflib=1 dir=0 label=0 lowerbound=1 fileNameGp=../graphsdb/mcs50/rand/r005/mcs50_r005_s35.A35 fileNameGt=../graphsdb/mcs50/rand/r005/mcs50_r005_s35.B35
Reading graphs...
35 :  61
35 :  62
Initializing...
maxdom : 35
D->valSize : 1225
Solving...
Blb : 2 (clique : 21)
currentSize : 21 <-- 0.025106 s
currentSize : 22 <-- 0.025920 s
currentSize : 23 <-- 0.055544 s
currentSize : 24 <-- 0.059874 s
currentSize : 25 <-- 12.651337 s
currentSize : 26 <-- 1521.465576 s

maxsize : 26
nodes : 49858953.000000
filtered : 2873868465.000000
time : 2323.534424
