Parameters: GAD=1 vflib=1 dir=0 label=0 lowerbound=1 fileNameGp=../graphsdb/mcs50/rand/r005/mcs50_r005_s30.A46 fileNameGt=../graphsdb/mcs50/rand/r005/mcs50_r005_s30.B46
Reading graphs...
30 :  47
30 :  47
Initializing...
maxdom : 30
D->valSize : 900
Solving...
Blb : 2 (clique : 18)
currentSize : 18 <-- 0.020050 s
currentSize : 19 <-- 0.020345 s
currentSize : 20 <-- 0.020539 s
currentSize : 21 <-- 0.054413 s
currentSize : 22 <-- 0.331858 s
currentSize : 23 <-- 85.508110 s

maxsize : 23
nodes : 4553302.000000
filtered : 265454756.000000
time : 244.156097
