Parameters: GAD=1 vflib=1 dir=0 label=0 lowerbound=1 fileNameGp=../graphsdb/mcs50/rand/r02/mcs50_r02_s35.A73 fileNameGt=../graphsdb/mcs50/rand/r02/mcs50_r02_s35.B73
Reading graphs...
35 :  208
35 :  208
Initializing...
maxdom : 35
D->valSize : 1225
Solving...
Blb : 2 (clique : 11)
currentSize : 11 <-- 0.018093 s
currentSize : 12 <-- 0.018235 s
currentSize : 13 <-- 0.023915 s
currentSize : 14 <-- 0.091543 s
currentSize : 15 <-- 1.519117 s
currentSize : 17 <-- 353.917175 s

maxsize : 17
nodes : 387433863.000000
filtered : 7253365874.000000
time : 1982.006104
