Parameters: GAD=1 vflib=1 dir=0 label=0 lowerbound=1 fileNameGp=../graphsdb/mcs50/rand/r02/mcs50_r02_s35.A92 fileNameGt=../graphsdb/mcs50/rand/r02/mcs50_r02_s35.B92
Reading graphs...
35 :  211
35 :  207
Initializing...
maxdom : 35
D->valSize : 1225
Solving...
Blb : 2 (clique : 11)
currentSize : 11 <-- 0.017793 s
currentSize : 12 <-- 0.017997 s
currentSize : 13 <-- 0.029138 s
currentSize : 14 <-- 0.597358 s
currentSize : 15 <-- 0.600700 s
currentSize : 17 <-- 1780.625244 s

maxsize : 17
nodes : 738527949.000000
filtered : 10980813177.000000
time : 3363.411133
