Parameters: GAD=1 vflib=1 dir=0 label=0 lowerbound=1 fileNameGp=../graphsdb/mcs50/bvg/b06m/mcs50_b06m_s30.A02 fileNameGt=../graphsdb/mcs50/bvg/b06m/mcs50_b06m_s30.B02
Reading graphs...
30 :  88
30 :  87
Initializing...
maxdom : 30
D->valSize : 900
Solving...
Blb : 2 (clique : 13)
currentSize : 13 <-- 0.010399 s
currentSize : 14 <-- 0.010521 s
currentSize : 15 <-- 0.016258 s
currentSize : 16 <-- 0.020547 s
currentSize : 17 <-- 0.438228 s
currentSize : 18 <-- 0.464500 s

maxsize : 18
nodes : 17093015.000000
filtered : 596989735.000000
time : 253.560318
