Parameters: GAD=1 vflib=1 dir=0 label=0 lowerbound=1 fileNameGp=../graphsdb/mcs50/bvg/b03m/mcs50_b03m_s30.A92 fileNameGt=../graphsdb/mcs50/bvg/b03m/mcs50_b03m_s30.B92
Reading graphs...
30 :  44
30 :  44
Initializing...
maxdom : 30
D->valSize : 900
Solving...
Blb : 2 (clique : 18)
currentSize : 18 <-- 0.011727 s
currentSize : 19 <-- 0.012356 s
currentSize : 20 <-- 0.012475 s
currentSize : 21 <-- 0.014030 s
currentSize : 22 <-- 0.016247 s
currentSize : 23 <-- 46.396374 s

maxsize : 23
nodes : 16671707.000000
filtered : 1078007674.000000
time : 803.325500
