Parameters: GAD=1 vflib=1 dir=0 label=0 lowerbound=1 fileNameGp=../graphsdb/mcs50/m4D/m4Dr2/mcs50_m4Dr2_s35.A34 fileNameGt=../graphsdb/mcs50/m4D/m4Dr2/mcs50_m4Dr2_s35.B34
Reading graphs...
35 :  69
35 :  69
Initializing...
maxdom : 35
D->valSize : 1225
Solving...
Blb : 2 (clique : 20)
currentSize : 20 <-- 0.020937 s
currentSize : 21 <-- 0.021167 s
currentSize : 22 <-- 0.021240 s
currentSize : 23 <-- 0.021802 s
currentSize : 24 <-- 0.452061 s
currentSize : 25 <-- 25.671980 s

TIMEOUT
maxsize : 25
nodes : 68454788.000000
filtered : 4695195121.000000
time : 3600.000488
