Parameters: GAD=1 vflib=1 dir=0 label=0 lowerbound=1 fileNameGp=../graphsdb/mcs50/m4D/m4D/mcs50_m4D_s35.A90 fileNameGt=../graphsdb/mcs50/m4D/m4D/mcs50_m4D_s35.B90
Reading graphs...
35 :  63
35 :  63
Initializing...
maxdom : 35
D->valSize : 1225
Solving...
Blb : 2 (clique : 19)
currentSize : 19 <-- 0.036831 s
currentSize : 20 <-- 0.037100 s
currentSize : 21 <-- 0.037135 s
currentSize : 22 <-- 0.037372 s
currentSize : 23 <-- 0.037432 s
currentSize : 24 <-- 0.037691 s
currentSize : 25 <-- 0.540343 s
currentSize : 26 <-- 3.077520 s

maxsize : 26
nodes : 13794718.000000
filtered : 1130466148.000000
time : 1847.608154
