Parameters: GAD=1 vflib=1 dir=0 label=0 lowerbound=1 fileNameGp=../graphsdb/mcs50/bvg/b09/mcs50_b09_s30.A89 fileNameGt=../graphsdb/mcs50/bvg/b09/mcs50_b09_s30.B89
Reading graphs...
30 :  130
30 :  132
Initializing...
maxdom : 30
D->valSize : 900
Solving...
Blb : 3 (clique : 11)
currentSize : 11 <-- 0.009763 s
currentSize : 12 <-- 0.009995 s
currentSize : 13 <-- 0.010592 s
currentSize : 14 <-- 0.294829 s
currentSize : 15 <-- 0.529430 s
currentSize : 16 <-- 0.537511 s
currentSize : 17 <-- 77.483849 s

maxsize : 17
nodes : 17748848.000000
filtered : 373865243.000000
time : 106.976288
