Parameters: GAD=1 vflib=1 dir=0 label=0 lowerbound=1 fileNameGp=../graphsdb/mcs50/bvg/b09m/mcs50_b09m_s25.A71 fileNameGt=../graphsdb/mcs50/bvg/b09m/mcs50_b09m_s25.B71
Reading graphs...
25 :  105
25 :  107
Initializing...
maxdom : 25
D->valSize : 625
Solving...
Blb : 2 (clique : 11)
currentSize : 11 <-- 0.008004 s
currentSize : 12 <-- 0.008263 s
currentSize : 13 <-- 0.008500 s
currentSize : 14 <-- 0.010486 s
currentSize : 15 <-- 4.290564 s

maxsize : 15
nodes : 1010513.000000
filtered : 23306851.000000
time : 6.037485
