Parameters: GAD=1 vflib=1 dir=0 label=0 lowerbound=1 fileNameGp=../graphsdb/mcs50/m4D/m4Dr2/mcs50_m4Dr2_s30.A79 fileNameGt=../graphsdb/mcs50/m4D/m4Dr2/mcs50_m4Dr2_s30.B79
Reading graphs...
30 :  61
30 :  60
Initializing...
maxdom : 30
D->valSize : 900
Solving...
Blb : 2 (clique : 15)
currentSize : 15 <-- 0.019463 s
currentSize : 16 <-- 0.019737 s
currentSize : 17 <-- 0.020108 s
currentSize : 18 <-- 0.119943 s
currentSize : 19 <-- 0.303108 s
currentSize : 20 <-- 0.307420 s
currentSize : 21 <-- 1.419972 s

maxsize : 21
nodes : 50917225.000000
filtered : 2936743694.000000
time : 1287.214111
