Parameters: GAD=1 vflib=1 dir=0 label=0 lowerbound=1 fileNameGp=../graphsdb/mcs50/bvg/b03/mcs50_b03_s30.A48 fileNameGt=../graphsdb/mcs50/bvg/b03/mcs50_b03_s30.B48
Reading graphs...
30 :  45
30 :  45
Initializing...
maxdom : 30
D->valSize : 900
Solving...
Blb : 3 (clique : 17)
currentSize : 17 <-- 0.011697 s
currentSize : 19 <-- 0.011836 s
currentSize : 20 <-- 0.012679 s
currentSize : 21 <-- 0.012980 s
currentSize : 22 <-- 0.059165 s
currentSize : 23 <-- 24.857321 s

maxsize : 23
nodes : 3597709.000000
filtered : 221767447.000000
time : 120.291275
