Parameters: GAD=1 vflib=1 dir=0 label=0 lowerbound=1 fileNameGp=../graphsdb/mcs50/rand/r01/mcs50_r01_s35.A93 fileNameGt=../graphsdb/mcs50/rand/r01/mcs50_r01_s35.B93
Reading graphs...
35 :  113
35 :  114
Initializing...
maxdom : 35
D->valSize : 1225
Solving...
Blb : 5 (clique : 14)
currentSize : 14 <-- 0.019238 s
currentSize : 15 <-- 0.019404 s
currentSize : 16 <-- 0.020020 s
currentSize : 17 <-- 0.020063 s
currentSize : 18 <-- 0.044466 s
currentSize : 19 <-- 9.585374 s
currentSize : 20 <-- 31.092571 s

TIMEOUT
maxsize : 20
nodes : 334944452.000000
filtered : 10215939862.000000
time : 3600.000000
