Parameters: GAD=1 vflib=1 dir=0 label=0 lowerbound=1 fileNameGp=../graphsdb/mcs50/bvg/b03/mcs50_b03_s25.A09 fileNameGt=../graphsdb/mcs50/bvg/b03/mcs50_b03_s25.B09
Reading graphs...
25 :  37
25 :  36
Initializing...
maxdom : 25
D->valSize : 625
Solving...
Blb : 2 (clique : 14)
currentSize : 14 <-- 0.005652 s
currentSize : 15 <-- 0.005742 s
currentSize : 16 <-- 0.005852 s
currentSize : 17 <-- 0.028037 s
currentSize : 18 <-- 0.031423 s
currentSize : 19 <-- 0.091211 s

maxsize : 19
nodes : 280137.000000
filtered : 13869583.000000
time : 9.146963
