Parameters: GAD=1 vflib=1 dir=0 label=0 lowerbound=1 fileNameGp=../graphsdb/mcs50/m4D/m4Dr2/mcs50_m4Dr2_s35.A66 fileNameGt=../graphsdb/mcs50/m4D/m4Dr2/mcs50_m4Dr2_s35.B66
Reading graphs...
35 :  70
35 :  70
Initializing...
maxdom : 35
D->valSize : 1225
Solving...
Blb : 2 (clique : 20)
currentSize : 20 <-- 0.021181 s
currentSize : 21 <-- 0.021430 s
currentSize : 22 <-- 0.046945 s
currentSize : 23 <-- 0.122599 s
currentSize : 24 <-- 1.501854 s
currentSize : 25 <-- 94.039818 s
currentSize : 26 <-- 452.095642 s

maxsize : 26
nodes : 31770744.000000
filtered : 2366335549.000000
time : 1414.214844
