Parameters: GAD=1 vflib=1 dir=0 label=0 lowerbound=1 fileNameGp=../graphsdb/mcs50/m4D/m4D/mcs50_m4D_s35.A66 fileNameGt=../graphsdb/mcs50/m4D/m4D/mcs50_m4D_s35.B66
Reading graphs...
35 :  63
35 :  62
Initializing...
maxdom : 35
D->valSize : 1225
Solving...
Blb : 2 (clique : 21)
currentSize : 21 <-- 0.020838 s
currentSize : 22 <-- 0.021136 s
currentSize : 23 <-- 0.024098 s
currentSize : 24 <-- 0.269357 s
currentSize : 25 <-- 0.457830 s
currentSize : 26 <-- 0.599780 s

maxsize : 26
nodes : 42864147.000000
filtered : 3632418219.000000
time : 2676.321045
