Parameters: GAD=1 vflib=1 dir=0 label=0 lowerbound=1 fileNameGp=../graphsdb/mcs50/m4D/m4D/mcs50_m4D_s35.A21 fileNameGt=../graphsdb/mcs50/m4D/m4D/mcs50_m4D_s35.B21
Reading graphs...
35 :  62
35 :  63
Initializing...
maxdom : 35
D->valSize : 1225
Solving...
Blb : 2 (clique : 19)
currentSize : 19 <-- 0.020998 s
currentSize : 20 <-- 0.021560 s
currentSize : 21 <-- 0.247270 s
currentSize : 22 <-- 3.075876 s
currentSize : 23 <-- 3.116033 s
currentSize : 24 <-- 3.218503 s
currentSize : 25 <-- 4.213007 s
currentSize : 26 <-- 51.398003 s

TIMEOUT
maxsize : 26
nodes : 53906068.000000
filtered : 4454890875.000000
time : 3600.000244
