Parameters: GAD=1 vflib=1 dir=0 label=0 lowerbound=1 fileNameGp=../graphsdb/mcs50/rand/r02/mcs50_r02_s25.A33 fileNameGt=../graphsdb/mcs50/rand/r02/mcs50_r02_s25.B33
Reading graphs...
25 :  106
25 :  109
Initializing...
maxdom : 25
D->valSize : 625
Solving...
Blb : 2 (clique : 8)
currentSize : 8 <-- 0.004719 s
currentSize : 10 <-- 0.004785 s
currentSize : 11 <-- 0.005424 s
currentSize : 12 <-- 0.021713 s
currentSize : 13 <-- 0.186040 s

maxsize : 13
nodes : 5630513.000000
filtered : 79345897.000000
time : 23.817484
