Parameters: GAD=1 vflib=1 dir=0 label=0 lowerbound=1 fileNameGp=../graphsdb/mcs50/bvg/b03m/mcs50_b03m_s35.A82 fileNameGt=../graphsdb/mcs50/bvg/b03m/mcs50_b03m_s35.B82
Reading graphs...
35 :  51
35 :  51
Initializing...
maxdom : 35
D->valSize : 1225
Solving...
Blb : 2 (clique : 19)
currentSize : 19 <-- 0.021566 s
currentSize : 20 <-- 0.021807 s
currentSize : 21 <-- 0.021954 s
currentSize : 22 <-- 0.022294 s
currentSize : 23 <-- 0.025370 s
currentSize : 24 <-- 0.065014 s
currentSize : 25 <-- 0.799941 s
currentSize : 26 <-- 29.746218 s
currentSize : 27 <-- 3075.683105 s

TIMEOUT
maxsize : 27
nodes : 58613357.000000
filtered : 4036934488.000000
time : 3600.000000
