Parameters: GAD=1 vflib=1 dir=0 label=0 lowerbound=1 fileNameGp=../graphsdb/mcs50/rand/r01/mcs50_r01_s25.A72 fileNameGt=../graphsdb/mcs50/rand/r01/mcs50_r01_s25.B72
Reading graphs...
25 :  57
25 :  56
Initializing...
maxdom : 25
D->valSize : 625
Solving...
Blb : 2 (clique : 13)
currentSize : 13 <-- 0.005112 s
currentSize : 14 <-- 0.005209 s
currentSize : 15 <-- 0.005364 s
currentSize : 16 <-- 0.016062 s
currentSize : 17 <-- 3.442058 s

maxsize : 17
nodes : 1196067.000000
filtered : 41428691.000000
time : 16.102436
