Parameters: GAD=1 vflib=1 dir=0 label=0 lowerbound=1 fileNameGp=../graphsdb/mcs50/bvg/b09/mcs50_b09_s35.A13 fileNameGt=../graphsdb/mcs50/bvg/b09/mcs50_b09_s35.B13
Reading graphs...
35 :  156
35 :  152
Initializing...
maxdom : 35
D->valSize : 1225
Solving...
Blb : 5 (clique : 13)
currentSize : 13 <-- 0.031920 s
currentSize : 14 <-- 0.032199 s
currentSize : 16 <-- 0.038716 s
currentSize : 17 <-- 0.043156 s
currentSize : 18 <-- 0.043632 s
currentSize : 19 <-- 3.324521 s

maxsize : 19
nodes : 101444950.000000
filtered : 3176393148.000000
time : 914.383301
