Parameters: GAD=1 vflib=1 dir=0 label=0 lowerbound=1 fileNameGp=../graphsdb/mcs50/rand/r01/mcs50_r01_s35.A68 fileNameGt=../graphsdb/mcs50/rand/r01/mcs50_r01_s35.B68
Reading graphs...
35 :  114
35 :  110
Initializing...
maxdom : 35
D->valSize : 1225
Solving...
Blb : 2 (clique : 15)
currentSize : 15 <-- 0.019266 s
currentSize : 16 <-- 0.019451 s
currentSize : 17 <-- 0.019595 s
currentSize : 18 <-- 0.020012 s
currentSize : 19 <-- 0.023330 s
currentSize : 20 <-- 1.028029 s
currentSize : 21 <-- 811.358337 s

TIMEOUT
maxsize : 21
nodes : 229452330.000000
filtered : 9902458968.000000
time : 3600.000000
