Parameters: GAD=1 vflib=1 dir=0 label=0 lowerbound=1 fileNameGp=../graphsdb/mcs50/m2D/m2Dr4/mcs50_m2Dr4_s20.A58 fileNameGt=../graphsdb/mcs50/m2D/m2Dr4/mcs50_m2Dr4_s20.B58
Reading graphs...
20 :  37
20 :  35
Initializing...
maxdom : 20
D->valSize : 400
Solving...
Blb : 2 (clique : 10)
currentSize : 10 <-- 0.002327 s
currentSize : 12 <-- 0.002385 s
currentSize : 13 <-- 0.002494 s
currentSize : 14 <-- 0.004728 s
currentSize : 15 <-- 0.579665 s

maxsize : 15
nodes : 73603.000000
filtered : 1701668.000000
time : 0.730621
