Parameters: GAD=1 vflib=1 dir=0 label=0 lowerbound=1 fileNameGp=../graphsdb/mcs50/m2D/m2Dr2/mcs50_m2Dr2_s20.A13 fileNameGt=../graphsdb/mcs50/m2D/m2Dr2/mcs50_m2Dr2_s20.B13
Reading graphs...
20 :  34
20 :  34
Initializing...
maxdom : 20
D->valSize : 400
Solving...
Blb : 2 (clique : 11)
currentSize : 11 <-- 0.002330 s
currentSize : 12 <-- 0.002390 s
currentSize : 13 <-- 0.002549 s
currentSize : 14 <-- 0.003534 s
currentSize : 15 <-- 0.028570 s

maxsize : 15
nodes : 20619.000000
filtered : 683413.000000
time : 0.350059
