Parameters: GAD=1 vflib=1 dir=0 label=0 lowerbound=1 fileNameGp=../graphsdb/mcs50/m2D/m2D/mcs50_m2D_s20.A16 fileNameGt=../graphsdb/mcs50/m2D/m2D/mcs50_m2D_s20.B16
Reading graphs...
20 :  31
20 :  31
Initializing...
maxdom : 20
D->valSize : 400
Solving...
Blb : 2 (clique : 11)
currentSize : 11 <-- 0.002435 s
currentSize : 12 <-- 0.002550 s
currentSize : 13 <-- 0.002736 s
currentSize : 14 <-- 0.005086 s
currentSize : 15 <-- 0.009544 s

maxsize : 15
nodes : 9953.000000
filtered : 313146.000000
time : 0.157593
