Parameters: GAD=1 vflib=1 dir=0 label=0 lowerbound=1 fileNameGp=../graphsdb/mcs50/rand/r02/mcs50_r02_s35.A51 fileNameGt=../graphsdb/mcs50/rand/r02/mcs50_r02_s35.B51
Reading graphs...
35 :  219
35 :  208
Initializing...
maxdom : 35
D->valSize : 1225
Solving...
Blb : 2 (clique : 12)
currentSize : 12 <-- 0.030431 s
currentSize : 13 <-- 0.034626 s
currentSize : 14 <-- 0.038080 s
currentSize : 15 <-- 10.581315 s
currentSize : 17 <-- 251.330307 s

maxsize : 17
nodes : 346093738.000000
filtered : 6465964004.000000
time : 1709.899414
