Parameters: GAD=1 vflib=1 dir=0 label=0 lowerbound=1 fileNameGp=../graphsdb/mcs50/m2D/m2D/mcs50_m2D_s20.A25 fileNameGt=../graphsdb/mcs50/m2D/m2D/mcs50_m2D_s20.B25
Reading graphs...
20 :  30
20 :  31
Initializing...
maxdom : 20
D->valSize : 400
Solving...
Blb : 2 (clique : 11)
currentSize : 11 <-- 0.002375 s
currentSize : 12 <-- 0.002440 s
currentSize : 13 <-- 0.002488 s
currentSize : 14 <-- 0.003016 s
currentSize : 15 <-- 0.020852 s

maxsize : 15
nodes : 16723.000000
filtered : 433054.000000
time : 0.189523
