Parameters: GAD=1 vflib=1 dir=0 label=0 lowerbound=1 fileNameGp=../graphsdb/mcs50/rand/r01/mcs50_r01_s25.A14 fileNameGt=../graphsdb/mcs50/rand/r01/mcs50_r01_s25.B14
Reading graphs...
25 :  56
25 :  56
Initializing...
maxdom : 25
D->valSize : 625
Solving...
Blb : 2 (clique : 13)
currentSize : 13 <-- 0.009050 s
currentSize : 14 <-- 0.009184 s
currentSize : 15 <-- 0.009252 s
currentSize : 16 <-- 1.249208 s
currentSize : 17 <-- 4.374791 s

maxsize : 17
nodes : 971457.000000
filtered : 30645904.000000
time : 10.423777
