Parameters: GAD=1 vflib=1 dir=0 label=0 lowerbound=1 fileNameGp=../graphsdb/mcs50/bvg/b03m/mcs50_b03m_s35.A00 fileNameGt=../graphsdb/mcs50/bvg/b03m/mcs50_b03m_s35.B00
Reading graphs...
35 :  50
35 :  51
Initializing...
maxdom : 35
D->valSize : 1225
Solving...
Blb : 5 (clique : 20)
currentSize : 20 <-- 0.021712 s
currentSize : 21 <-- 0.021911 s
currentSize : 22 <-- 0.022061 s
currentSize : 23 <-- 0.022568 s
currentSize : 24 <-- 0.028191 s
currentSize : 25 <-- 0.034610 s
currentSize : 26 <-- 0.405289 s
currentSize : 27 <-- 4.712236 s
currentSize : 28 <-- 677.096741 s

maxsize : 28
nodes : 13275695.000000
filtered : 1165136570.000000
time : 1076.996582
