Parameters: GAD=1 vflib=1 dir=0 label=0 lowerbound=1 fileNameGp=../graphsdb/mcs50/bvg/b09/mcs50_b09_s25.A09 fileNameGt=../graphsdb/mcs50/bvg/b09/mcs50_b09_s25.B09
Reading graphs...
25 :  110
25 :  110
Initializing...
maxdom : 25
D->valSize : 625
Solving...
Blb : 2 (clique : 10)
currentSize : 10 <-- 0.007933 s
currentSize : 11 <-- 0.008705 s
currentSize : 12 <-- 0.009303 s
currentSize : 13 <-- 0.009390 s
currentSize : 14 <-- 0.037851 s
currentSize : 15 <-- 0.083897 s

maxsize : 15
nodes : 663649.000000
filtered : 16487438.000000
time : 4.038563
