Parameters: GAD=1 vflib=1 dir=0 label=0 lowerbound=1 fileNameGp=../graphsdb/mcs50/bvg/b03m/mcs50_b03m_s30.A29 fileNameGt=../graphsdb/mcs50/bvg/b03m/mcs50_b03m_s30.B29
Reading graphs...
30 :  45
30 :  45
Initializing...
maxdom : 30
D->valSize : 900
Solving...
Blb : 3 (clique : 19)
currentSize : 19 <-- 0.011885 s
currentSize : 20 <-- 0.012134 s
currentSize : 21 <-- 0.038753 s
currentSize : 22 <-- 0.060670 s
currentSize : 23 <-- 3.001106 s

maxsize : 23
nodes : 1326340.000000
filtered : 87298150.000000
time : 68.828079
