Parameters: GAD=1 vflib=1 dir=0 label=0 lowerbound=1 fileNameGp=../graphsdb/mcs50/m2D/m2Dr2/mcs50_m2Dr2_s30.A22 fileNameGt=../graphsdb/mcs50/m2D/m2Dr2/mcs50_m2Dr2_s30.B22
Reading graphs...
30 :  55
30 :  55
Initializing...
maxdom : 30
D->valSize : 900
Solving...
Blb : 2 (clique : 16)
currentSize : 16 <-- 0.019312 s
currentSize : 17 <-- 0.019500 s
currentSize : 18 <-- 0.019527 s
currentSize : 19 <-- 0.019827 s
currentSize : 20 <-- 0.022091 s
currentSize : 21 <-- 2.072594 s
currentSize : 22 <-- 53.704758 s

maxsize : 22
nodes : 4404637.000000
filtered : 200685699.000000
time : 136.282806
