Parameters: GAD=1 vflib=1 dir=0 label=0 lowerbound=1 fileNameGp=../graphsdb/mcs50/bvg/b06/mcs50_b06_s20.A35 fileNameGt=../graphsdb/mcs50/bvg/b06/mcs50_b06_s20.B35
Reading graphs...
20 :  58
20 :  60
Initializing...
maxdom : 20
D->valSize : 400
Solving...
Blb : 2 (clique : 9)
currentSize : 9 <-- 0.002401 s
currentSize : 10 <-- 0.002469 s
currentSize : 11 <-- 0.002494 s
currentSize : 12 <-- 0.015201 s
currentSize : 13 <-- 0.312016 s

maxsize : 13
nodes : 116645.000000
filtered : 2063311.000000
time : 0.564874
