Parameters: GAD=1 vflib=1 dir=0 label=0 lowerbound=1 fileNameGp=../graphsdb/mcs50/rand/r01/mcs50_r01_s30.A96 fileNameGt=../graphsdb/mcs50/rand/r01/mcs50_r01_s30.B96
Reading graphs...
30 :  83
30 :  81
Initializing...
maxdom : 30
D->valSize : 900
Solving...
Blb : 2 (clique : 14)
currentSize : 14 <-- 0.018770 s
currentSize : 16 <-- 0.018940 s
currentSize : 17 <-- 0.042473 s
currentSize : 18 <-- 0.679792 s
currentSize : 19 <-- 175.202805 s

maxsize : 19
nodes : 38780427.000000
filtered : 1444029583.000000
time : 502.841156
