Parameters: GAD=1 vflib=1 dir=0 label=0 lowerbound=1 fileNameGp=../graphsdb/mcs50/bvg/b06m/mcs50_b06m_s35.A28 fileNameGt=../graphsdb/mcs50/bvg/b06m/mcs50_b06m_s35.B28
Reading graphs...
35 :  102
35 :  101
Initializing...
maxdom : 35
D->valSize : 1225
Solving...
Blb : 2 (clique : 16)
currentSize : 16 <-- 0.025647 s
currentSize : 17 <-- 0.039261 s
currentSize : 18 <-- 0.051195 s
currentSize : 19 <-- 0.261121 s
currentSize : 20 <-- 4.815719 s
currentSize : 21 <-- 86.746689 s

TIMEOUT
maxsize : 21
nodes : 259019935.000000
filtered : 10782005254.000000
time : 3600.000000
