Parameters: GAD=1 vflib=1 dir=0 label=0 lowerbound=1 fileNameGp=../graphsdb/mcs50/m4D/m4Dr6/mcs50_m4Dr6_s35.A34 fileNameGt=../graphsdb/mcs50/m4D/m4Dr6/mcs50_m4Dr6_s35.B34
Reading graphs...
35 :  83
35 :  83
Initializing...
maxdom : 35
D->valSize : 1225
Solving...
Blb : 2 (clique : 18)
currentSize : 18 <-- 0.020290 s
currentSize : 19 <-- 0.020569 s
currentSize : 20 <-- 0.020584 s
currentSize : 21 <-- 0.221550 s
currentSize : 22 <-- 3.723757 s
currentSize : 23 <-- 21.540846 s

TIMEOUT
maxsize : 23
nodes : 123708287.000000
filtered : 6447151857.000000
time : 3600.000000
