Parameters: GAD=1 vflib=1 dir=0 label=0 lowerbound=1 fileNameGp=../graphsdb/mcs50/m2D/m2Dr2/mcs50_m2Dr2_s20.A34 fileNameGt=../graphsdb/mcs50/m2D/m2Dr2/mcs50_m2Dr2_s20.B34
Reading graphs...
20 :  35
20 :  34
Initializing...
maxdom : 20
D->valSize : 400
Solving...
Blb : 2 (clique : 11)
currentSize : 11 <-- 0.003953 s
currentSize : 12 <-- 0.004372 s
currentSize : 13 <-- 0.006194 s
currentSize : 14 <-- 0.040898 s
currentSize : 15 <-- 0.540826 s

maxsize : 15
nodes : 45382.000000
filtered : 1138673.000000
time : 0.663945
