Parameters: GAD=1 vflib=1 dir=0 label=0 lowerbound=1 fileNameGp=../graphsdb/mcs50/bvg/b06/mcs50_b06_s20.A19 fileNameGt=../graphsdb/mcs50/bvg/b06/mcs50_b06_s20.B19
Reading graphs...
20 :  59
20 :  60
Initializing...
maxdom : 20
D->valSize : 400
Solving...
Blb : 2 (clique : 9)
currentSize : 9 <-- 0.003557 s
currentSize : 10 <-- 0.003645 s
currentSize : 11 <-- 0.003707 s
currentSize : 12 <-- 0.004744 s
currentSize : 13 <-- 0.015074 s

maxsize : 13
nodes : 56077.000000
filtered : 1291567.000000
time : 0.500904
