Parameters: GAD=1 vflib=1 dir=0 label=0 lowerbound=1 fileNameGp=../graphsdb/mcs50/m4D/m4D/mcs50_m4D_s30.A03 fileNameGt=../graphsdb/mcs50/m4D/m4D/mcs50_m4D_s30.B03
Reading graphs...
30 :  55
30 :  54
Initializing...
maxdom : 30
D->valSize : 900
Solving...
Blb : 2 (clique : 18)
currentSize : 18 <-- 0.011188 s
currentSize : 19 <-- 0.032834 s
currentSize : 20 <-- 0.034447 s
currentSize : 21 <-- 11.810418 s
currentSize : 22 <-- 19.188128 s

maxsize : 22
nodes : 22981826.000000
filtered : 1672296045.000000
time : 779.808228
