Parameters: GAD=1 vflib=1 dir=0 label=0 lowerbound=1 fileNameGp=../graphsdb/mcs50/rand/r005/mcs50_r005_s25.A39 fileNameGt=../graphsdb/mcs50/rand/r005/mcs50_r005_s25.B39
Reading graphs...
25 :  35
25 :  35
Initializing...
maxdom : 25
D->valSize : 625
Solving...
Blb : 2 (clique : 16)
currentSize : 16 <-- 0.005573 s
currentSize : 17 <-- 0.005674 s
currentSize : 18 <-- 0.005747 s
currentSize : 19 <-- 0.006562 s
currentSize : 20 <-- 0.963288 s

maxsize : 20
nodes : 56792.000000
filtered : 2623980.000000
time : 2.856246
