Parameters: GAD=1 vflib=1 dir=0 label=0 lowerbound=1 fileNameGp=../graphsdb/mcs50/bvg/b06/mcs50_b06_s35.A27 fileNameGt=../graphsdb/mcs50/bvg/b06/mcs50_b06_s35.B27
Reading graphs...
35 :  104
35 :  105
Initializing...
maxdom : 35
D->valSize : 1225
Solving...
Blb : 2 (clique : 15)
currentSize : 15 <-- 0.019816 s
currentSize : 16 <-- 0.019980 s
currentSize : 17 <-- 0.020328 s
currentSize : 18 <-- 0.028566 s
currentSize : 19 <-- 0.137475 s
currentSize : 20 <-- 0.859082 s
currentSize : 21 <-- 1.362451 s
currentSize : 22 <-- 6.330272 s

TIMEOUT
maxsize : 22
nodes : 150453200.000000
filtered : 8123592965.000000
time : 3600.000000
