Parameters: GAD=1 vflib=1 dir=0 label=0 lowerbound=1 fileNameGp=../graphsdb/mcs50/m4D/m4D/mcs50_m4D_s35.A74 fileNameGt=../graphsdb/mcs50/m4D/m4D/mcs50_m4D_s35.B74
Reading graphs...
35 :  63
35 :  63
Initializing...
maxdom : 35
D->valSize : 1225
Solving...
Blb : 2 (clique : 21)
currentSize : 21 <-- 0.020981 s
currentSize : 22 <-- 0.040687 s
currentSize : 23 <-- 0.051427 s
currentSize : 24 <-- 49.100449 s
currentSize : 25 <-- 57.423367 s
currentSize : 26 <-- 259.942261 s

TIMEOUT
maxsize : 26
nodes : 28597956.000000
filtered : 2379760253.000000
time : 3600.000488
