Parameters: GAD=1 vflib=1 dir=0 label=0 lowerbound=1 fileNameGp=../graphsdb/mcs50/bvg/b09m/mcs50_b09m_s20.A30 fileNameGt=../graphsdb/mcs50/bvg/b09m/mcs50_b09m_s20.B30
Reading graphs...
20 :  83
20 :  80
Initializing...
maxdom : 20
D->valSize : 400
Solving...
Blb : 2 (clique : 8)
currentSize : 8 <-- 0.002011 s
currentSize : 9 <-- 0.002067 s
currentSize : 10 <-- 0.002123 s
currentSize : 11 <-- 0.002829 s
currentSize : 12 <-- 0.042896 s

maxsize : 12
nodes : 88890.000000
filtered : 1690509.000000
time : 0.414308
