Parameters: GAD=1 vflib=1 dir=0 label=0 lowerbound=1 fileNameGp=../graphsdb/mcs50/bvg/b09/mcs50_b09_s35.A38 fileNameGt=../graphsdb/mcs50/bvg/b09/mcs50_b09_s35.B38
Reading graphs...
35 :  154
35 :  153
Initializing...
maxdom : 35
D->valSize : 1225
Solving...
Blb : 2 (clique : 13)
currentSize : 13 <-- 0.031591 s
currentSize : 14 <-- 0.031967 s
currentSize : 15 <-- 0.033104 s
currentSize : 16 <-- 0.100313 s
currentSize : 17 <-- 0.872936 s
currentSize : 18 <-- 4.863116 s
currentSize : 19 <-- 4.863446 s
currentSize : 20 <-- 34.521187 s

maxsize : 20
nodes : 53977989.000000
filtered : 1858286198.000000
time : 557.084229
