Parameters: GAD=1 vflib=1 dir=0 label=0 lowerbound=1 fileNameGp=../graphsdb/mcs50/rand/r02/mcs50_r02_s20.A93 fileNameGt=../graphsdb/mcs50/rand/r02/mcs50_r02_s20.B93
Reading graphs...
20 :  68
20 :  69
Initializing...
maxdom : 20
D->valSize : 400
Solving...
Blb : 2 (clique : 8)
currentSize : 8 <-- 0.002295 s
currentSize : 9 <-- 0.002356 s
currentSize : 10 <-- 0.002381 s
currentSize : 11 <-- 0.005427 s
currentSize : 12 <-- 0.344419 s

maxsize : 12
nodes : 221869.000000
filtered : 3230427.000000
time : 0.936706
