Parameters: GAD=1 vflib=1 dir=0 label=0 lowerbound=1 fileNameGp=../graphsdb/mcs50/bvg/b09m/mcs50_b09m_s20.A93 fileNameGt=../graphsdb/mcs50/bvg/b09m/mcs50_b09m_s20.B93
Reading graphs...
20 :  79
20 :  80
Initializing...
maxdom : 20
D->valSize : 400
Solving...
Blb : 2 (clique : 8)
currentSize : 8 <-- 0.002000 s
currentSize : 9 <-- 0.002056 s
currentSize : 10 <-- 0.002111 s
currentSize : 11 <-- 0.003489 s
currentSize : 12 <-- 0.037280 s

maxsize : 12
nodes : 97850.000000
filtered : 1821731.000000
time : 0.444814
