Parameters: GAD=1 vflib=1 dir=0 label=0 lowerbound=1 fileNameGp=../graphsdb/mcs50/m3D/m3Dr6/mcs50_m3Dr6_s20.A61 fileNameGt=../graphsdb/mcs50/m3D/m3Dr6/mcs50_m3Dr6_s20.B61
Reading graphs...
20 :  44
20 :  45
Initializing...
maxdom : 20
D->valSize : 400
Solving...
Blb : 2 (clique : 10)
currentSize : 10 <-- 0.003756 s
currentSize : 11 <-- 0.003845 s
currentSize : 12 <-- 0.003929 s
currentSize : 13 <-- 0.004724 s
currentSize : 14 <-- 0.200053 s

maxsize : 14
nodes : 72249.000000
filtered : 1640749.000000
time : 0.525631
