Parameters: GAD=1 vflib=1 dir=0 label=0 lowerbound=1 fileNameGp=../graphsdb/mcs50/bvg/b09/mcs50_b09_s30.A29 fileNameGt=../graphsdb/mcs50/bvg/b09/mcs50_b09_s30.B29
Reading graphs...
30 :  131
30 :  133
Initializing...
maxdom : 30
D->valSize : 900
Solving...
Blb : 5 (clique : 12)
currentSize : 12 <-- 0.009834 s
currentSize : 13 <-- 0.028532 s
currentSize : 14 <-- 0.043724 s
currentSize : 15 <-- 0.200752 s
currentSize : 16 <-- 0.214443 s
currentSize : 17 <-- 4.945096 s

maxsize : 17
nodes : 11629433.000000
filtered : 335621511.000000
time : 85.024811
