Parameters: GAD=1 vflib=1 dir=0 label=0 lowerbound=1 fileNameGp=../graphsdb/mcs50/rand/r01/mcs50_r01_s35.A84 fileNameGt=../graphsdb/mcs50/rand/r01/mcs50_r01_s35.B84
Reading graphs...
35 :  116
35 :  109
Initializing...
maxdom : 35
D->valSize : 1225
Solving...
Blb : 2 (clique : 15)
currentSize : 15 <-- 0.034098 s
currentSize : 16 <-- 0.034353 s
currentSize : 17 <-- 0.034948 s
currentSize : 18 <-- 0.121043 s
currentSize : 19 <-- 3.204840 s
currentSize : 20 <-- 9.228381 s

TIMEOUT
maxsize : 20
nodes : 316181225.000000
filtered : 10849462019.000000
time : 3600.000000
