Parameters: GAD=1 vflib=1 dir=0 label=0 lowerbound=1 fileNameGp=../graphsdb/mcs50/m4D/m4D/mcs50_m4D_s30.A12 fileNameGt=../graphsdb/mcs50/m4D/m4D/mcs50_m4D_s30.B12
Reading graphs...
30 :  54
30 :  55
Initializing...
maxdom : 30
D->valSize : 900
Solving...
Blb : 2 (clique : 18)
currentSize : 18 <-- 0.011443 s
currentSize : 19 <-- 0.012016 s
currentSize : 20 <-- 0.012296 s
currentSize : 21 <-- 0.032822 s
currentSize : 22 <-- 0.458343 s

maxsize : 22
nodes : 11887645.000000
filtered : 771660256.000000
time : 759.516052
