Parameters: GAD=1 vflib=1 dir=0 label=0 lowerbound=1 fileNameGp=../graphsdb/mcs50/m2D/m2Dr2/mcs50_m2Dr2_s30.A76 fileNameGt=../graphsdb/mcs50/m2D/m2Dr2/mcs50_m2Dr2_s30.B76
Reading graphs...
30 :  54
30 :  53
Initializing...
maxdom : 30
D->valSize : 900
Solving...
Blb : 2 (clique : 18)
currentSize : 18 <-- 0.015767 s
currentSize : 19 <-- 0.022679 s
currentSize : 20 <-- 0.086738 s
currentSize : 21 <-- 0.181817 s
currentSize : 22 <-- 55.813332 s

maxsize : 22
nodes : 3612864.000000
filtered : 179253826.000000
time : 133.583405
