Parameters: GAD=1 vflib=1 dir=0 label=0 lowerbound=1 fileNameGp=../graphsdb/mcs50/rand/r02/mcs50_r02_s35.A20 fileNameGt=../graphsdb/mcs50/rand/r02/mcs50_r02_s35.B20
Reading graphs...
35 :  220
35 :  215
Initializing...
maxdom : 35
D->valSize : 1225
Solving...
Blb : 2 (clique : 11)
currentSize : 11 <-- 0.029783 s
currentSize : 12 <-- 0.029984 s
currentSize : 13 <-- 0.065075 s
currentSize : 14 <-- 0.082430 s
currentSize : 15 <-- 86.345978 s
currentSize : 17 <-- 2102.652832 s

maxsize : 17
nodes : 682387094.000000
filtered : 10129279975.000000
time : 3058.399170
