Parameters: GAD=1 vflib=1 dir=0 label=0 lowerbound=1 fileNameGp=../graphsdb/mcs50/rand/r02/mcs50_r02_s30.A68 fileNameGt=../graphsdb/mcs50/rand/r02/mcs50_r02_s30.B68
Reading graphs...
30 :  162
30 :  158
Initializing...
maxdom : 30
D->valSize : 900
Solving...
Blb : 2 (clique : 10)
currentSize : 10 <-- 0.009483 s
currentSize : 11 <-- 0.009592 s
currentSize : 12 <-- 0.009997 s
currentSize : 13 <-- 0.011270 s
currentSize : 14 <-- 0.588866 s
currentSize : 15 <-- 119.199516 s

maxsize : 15
nodes : 69239380.000000
filtered : 1048169774.000000
time : 301.506714
