Parameters: GAD=1 vflib=1 dir=0 label=0 lowerbound=1 fileNameGp=../graphsdb/mcs50/bvg/b09m/mcs50_b09m_s35.A40 fileNameGt=../graphsdb/mcs50/bvg/b09m/mcs50_b09m_s35.B40
Reading graphs...
35 :  150
35 :  147
Initializing...
maxdom : 35
D->valSize : 1225
Solving...
Blb : 2 (clique : 13)
currentSize : 13 <-- 0.032191 s
currentSize : 14 <-- 0.032452 s
currentSize : 15 <-- 0.032562 s
currentSize : 16 <-- 0.035245 s
currentSize : 17 <-- 1.859614 s
currentSize : 18 <-- 6.163589 s

TIMEOUT
maxsize : 18
nodes : 438901270.000000
filtered : 13179019508.000000
time : 3600.000000
