Parameters: GAD=1 vflib=1 dir=0 label=0 lowerbound=1 fileNameGp=../graphsdb/mcs50/bvg/b06m/mcs50_b06m_s30.A04 fileNameGt=../graphsdb/mcs50/bvg/b06m/mcs50_b06m_s30.B04
Reading graphs...
30 :  86
30 :  88
Initializing...
maxdom : 30
D->valSize : 900
Solving...
Blb : 2 (clique : 13)
currentSize : 13 <-- 0.010408 s
currentSize : 14 <-- 0.010533 s
currentSize : 15 <-- 0.010990 s
currentSize : 16 <-- 0.016013 s
currentSize : 17 <-- 0.016692 s
currentSize : 18 <-- 0.503314 s
currentSize : 19 <-- 325.058044 s

maxsize : 19
nodes : 30640378.000000
filtered : 978892942.000000
time : 363.214203
