Parameters: GAD=1 vflib=1 dir=0 label=0 lowerbound=1 fileNameGp=../graphsdb/mcs50/bvg/b03/mcs50_b03_s30.A09 fileNameGt=../graphsdb/mcs50/bvg/b03/mcs50_b03_s30.B09
Reading graphs...
30 :  44
30 :  45
Initializing...
maxdom : 30
D->valSize : 900
Solving...
Blb : 2 (clique : 19)
currentSize : 19 <-- 0.019778 s
currentSize : 20 <-- 0.020220 s
currentSize : 21 <-- 0.471594 s
currentSize : 22 <-- 15.564829 s
currentSize : 23 <-- 21.617355 s

maxsize : 23
nodes : 4785045.000000
filtered : 289352460.000000
time : 228.495483
