Parameters: GAD=1 vflib=1 dir=0 label=0 lowerbound=1 fileNameGp=../graphsdb/mcs50/bvg/b06/mcs50_b06_s35.A68 fileNameGt=../graphsdb/mcs50/bvg/b06/mcs50_b06_s35.B68
Reading graphs...
35 :  103
35 :  105
Initializing...
maxdom : 35
D->valSize : 1225
Solving...
Blb : 3 (clique : 15)
currentSize : 15 <-- 0.034702 s
currentSize : 16 <-- 0.034932 s
currentSize : 17 <-- 0.036072 s
currentSize : 18 <-- 0.036552 s
currentSize : 19 <-- 0.037965 s
currentSize : 20 <-- 2.765078 s
currentSize : 21 <-- 13.645755 s
currentSize : 22 <-- 19.252584 s

maxsize : 22
nodes : 140934605.000000
filtered : 6485772246.000000
time : 2963.919922
