Parameters: GAD=1 vflib=1 dir=0 label=0 lowerbound=1 fileNameGp=../graphsdb/mcs50/bvg/b06m/mcs50_b06m_s35.A31 fileNameGt=../graphsdb/mcs50/bvg/b06m/mcs50_b06m_s35.B31
Reading graphs...
35 :  103
35 :  102
Initializing...
maxdom : 35
D->valSize : 1225
Solving...
Blb : 5 (clique : 16)
currentSize : 16 <-- 0.019643 s
currentSize : 17 <-- 0.019819 s
currentSize : 18 <-- 0.019876 s
currentSize : 19 <-- 0.021741 s
currentSize : 20 <-- 0.596460 s
currentSize : 21 <-- 96.890129 s

TIMEOUT
maxsize : 21
nodes : 226269762.000000
filtered : 9229707337.000000
time : 3600.000000
