Parameters: GAD=1 vflib=1 dir=0 label=0 lowerbound=1 fileNameGp=../graphsdb/mcs50/rand/r02/mcs50_r02_s35.A15 fileNameGt=../graphsdb/mcs50/rand/r02/mcs50_r02_s35.B15
Reading graphs...
35 :  212
35 :  209
Initializing...
maxdom : 35
D->valSize : 1225
Solving...
Blb : 2 (clique : 11)
currentSize : 11 <-- 0.017484 s
currentSize : 12 <-- 0.017840 s
currentSize : 13 <-- 0.020061 s
currentSize : 14 <-- 0.221654 s
currentSize : 15 <-- 3.183261 s
currentSize : 17 <-- 2401.607910 s

maxsize : 17
nodes : 801643448.000000
filtered : 11855933666.000000
time : 3553.791260
