Parameters: GAD=1 vflib=1 dir=0 label=0 lowerbound=1 fileNameGp=../graphsdb/mcs50/bvg/b03m/mcs50_b03m_s30.A56 fileNameGt=../graphsdb/mcs50/bvg/b03m/mcs50_b03m_s30.B56
Reading graphs...
30 :  45
30 :  45
Initializing...
maxdom : 30
D->valSize : 900
Solving...
Blb : 2 (clique : 19)
currentSize : 19 <-- 0.011535 s
currentSize : 20 <-- 0.040795 s
currentSize : 21 <-- 0.134206 s
currentSize : 22 <-- 0.681940 s
currentSize : 23 <-- 828.225159 s

maxsize : 23
nodes : 43519622.000000
filtered : 2321459341.000000
time : 1888.126343
