Parameters: GAD=1 vflib=1 dir=0 label=0 lowerbound=1 fileNameGp=../graphsdb/mcs50/bvg/b03m/mcs50_b03m_s30.A79 fileNameGt=../graphsdb/mcs50/bvg/b03m/mcs50_b03m_s30.B79
Reading graphs...
30 :  44
30 :  44
Initializing...
maxdom : 30
D->valSize : 900
Solving...
Blb : 5 (clique : 18)
currentSize : 18 <-- 0.020212 s
currentSize : 19 <-- 0.385053 s
currentSize : 20 <-- 0.482627 s
currentSize : 21 <-- 0.690648 s
currentSize : 22 <-- 1.080323 s
currentSize : 23 <-- 3.371733 s
currentSize : 24 <-- 6.559587 s

maxsize : 24
nodes : 556351.000000
filtered : 33654365.000000
time : 35.326710
