Parameters: GAD=1 vflib=1 dir=0 label=0 lowerbound=1 fileNameGp=../graphsdb/mcs50/m2D/m2D/mcs50_m2D_s30.A57 fileNameGt=../graphsdb/mcs50/m2D/m2D/mcs50_m2D_s30.B57
Reading graphs...
30 :  49
30 :  49
Initializing...
maxdom : 30
D->valSize : 900
Solving...
Blb : 2 (clique : 18)
currentSize : 18 <-- 0.019972 s
currentSize : 19 <-- 0.020239 s
currentSize : 20 <-- 0.020406 s
currentSize : 21 <-- 0.020738 s
currentSize : 22 <-- 0.911341 s
currentSize : 23 <-- 1.382988 s

maxsize : 23
nodes : 6390686.000000
filtered : 353419406.000000
time : 241.944199
