Parameters: GAD=1 vflib=1 dir=0 label=0 lowerbound=1 fileNameGp=../graphsdb/mcs50/bvg/b09/mcs50_b09_s35.A05 fileNameGt=../graphsdb/mcs50/bvg/b09/mcs50_b09_s35.B05
Reading graphs...
35 :  155
35 :  153
Initializing...
maxdom : 35
D->valSize : 1225
Solving...
Blb : 2 (clique : 13)
currentSize : 13 <-- 0.022935 s
currentSize : 14 <-- 0.023101 s
currentSize : 15 <-- 0.023142 s
currentSize : 16 <-- 0.023331 s
currentSize : 17 <-- 0.025784 s
currentSize : 18 <-- 0.312620 s
currentSize : 19 <-- 37.173481 s

maxsize : 19
nodes : 234926258.000000
filtered : 8746641722.000000
time : 2020.762939
