Parameters: GAD=1 vflib=1 dir=0 label=0 lowerbound=1 fileNameGp=../graphsdb/mcs50/m2D/m2Dr2/mcs50_m2Dr2_s30.A75 fileNameGt=../graphsdb/mcs50/m2D/m2Dr2/mcs50_m2Dr2_s30.B75
Reading graphs...
30 :  53
30 :  52
Initializing...
maxdom : 30
D->valSize : 900
Solving...
Blb : 2 (clique : 17)
currentSize : 17 <-- 0.011675 s
currentSize : 18 <-- 0.011888 s
currentSize : 19 <-- 0.014705 s
currentSize : 20 <-- 0.082641 s
currentSize : 21 <-- 2.385850 s
currentSize : 22 <-- 29.640509 s

maxsize : 22
nodes : 2713115.000000
filtered : 147662558.000000
time : 117.756203
