Parameters: GAD=1 vflib=1 dir=0 label=0 lowerbound=1 fileNameGp=../graphsdb/mcs50/rand/r005/mcs50_r005_s30.A78 fileNameGt=../graphsdb/mcs50/rand/r005/mcs50_r005_s30.B78
Reading graphs...
30 :  47
30 :  47
Initializing...
maxdom : 30
D->valSize : 900
Solving...
Blb : 2 (clique : 19)
currentSize : 19 <-- 0.015744 s
currentSize : 20 <-- 0.016078 s
currentSize : 21 <-- 0.018728 s
currentSize : 22 <-- 0.029809 s
currentSize : 23 <-- 4.290772 s

maxsize : 23
nodes : 1194663.000000
filtered : 79887487.000000
time : 71.937012
