Parameters: GAD=1 vflib=1 dir=0 label=0 lowerbound=1 fileNameGp=../graphsdb/mcs50/bvg/b06/mcs50_b06_s25.A46 fileNameGt=../graphsdb/mcs50/bvg/b06/mcs50_b06_s25.B46
Reading graphs...
25 :  73
25 :  75
Initializing...
maxdom : 25
D->valSize : 625
Solving...
Blb : 2 (clique : 12)
currentSize : 12 <-- 0.005392 s
currentSize : 13 <-- 0.005483 s
currentSize : 14 <-- 0.006491 s
currentSize : 15 <-- 0.075215 s
currentSize : 16 <-- 0.307519 s

maxsize : 16
nodes : 625743.000000
filtered : 16365415.000000
time : 5.290050
