Parameters: GAD=1 vflib=1 dir=0 label=0 lowerbound=1 fileNameGp=../graphsdb/mcs50/bvg/b03m/mcs50_b03m_s30.A77 fileNameGt=../graphsdb/mcs50/bvg/b03m/mcs50_b03m_s30.B77
Reading graphs...
30 :  43
30 :  45
Initializing...
maxdom : 30
D->valSize : 900
Solving...
Blb : 5 (clique : 18)
currentSize : 18 <-- 0.011832 s
currentSize : 19 <-- 0.011979 s
currentSize : 20 <-- 0.012212 s
currentSize : 21 <-- 0.012373 s
currentSize : 22 <-- 3.041180 s
currentSize : 23 <-- 4.296774 s
currentSize : 24 <-- 223.227997 s

maxsize : 24
nodes : 5698587.000000
filtered : 412042485.000000
time : 309.920013
