Parameters: GAD=1 vflib=1 dir=0 label=0 lowerbound=1 fileNameGp=../graphsdb/mcs50/bvg/b03m/mcs50_b03m_s30.A63 fileNameGt=../graphsdb/mcs50/bvg/b03m/mcs50_b03m_s30.B63
Reading graphs...
30 :  44
30 :  44
Initializing...
maxdom : 30
D->valSize : 900
Solving...
Blb : 2 (clique : 17)
currentSize : 17 <-- 0.011757 s
currentSize : 18 <-- 0.011885 s
currentSize : 19 <-- 0.012040 s
currentSize : 20 <-- 0.012990 s
currentSize : 21 <-- 0.145378 s
currentSize : 22 <-- 0.790381 s
currentSize : 23 <-- 13.319431 s

maxsize : 23
nodes : 12118292.000000
filtered : 895499621.000000
time : 663.256042
