Parameters: GAD=1 vflib=1 dir=0 label=0 lowerbound=1 fileNameGp=../graphsdb/mcs50/bvg/b06/mcs50_b06_s25.A28 fileNameGt=../graphsdb/mcs50/bvg/b06/mcs50_b06_s25.B28
Reading graphs...
25 :  74
25 :  75
Initializing...
maxdom : 25
D->valSize : 625
Solving...
Blb : 2 (clique : 11)
currentSize : 11 <-- 0.008547 s
currentSize : 12 <-- 0.008661 s
currentSize : 13 <-- 0.008870 s
currentSize : 14 <-- 0.039506 s
currentSize : 15 <-- 0.043644 s
currentSize : 16 <-- 13.939824 s
currentSize : 17 <-- 14.423657 s

maxsize : 17
nodes : 1909572.000000
filtered : 48907876.000000
time : 14.516475
