Parameters: GAD=1 vflib=1 dir=0 label=0 lowerbound=1 fileNameGp=../graphsdb/mcs50/rand/r01/mcs50_r01_s30.A44 fileNameGt=../graphsdb/mcs50/rand/r01/mcs50_r01_s30.B44
Reading graphs...
30 :  84
30 :  85
Initializing...
maxdom : 30
D->valSize : 900
Solving...
Blb : 2 (clique : 13)
currentSize : 13 <-- 0.018578 s
currentSize : 14 <-- 0.018750 s
currentSize : 15 <-- 0.018783 s
currentSize : 16 <-- 0.018812 s
currentSize : 17 <-- 0.026682 s
currentSize : 18 <-- 68.945709 s

maxsize : 18
nodes : 60895268.000000
filtered : 1826506542.000000
time : 681.656433
