Parameters: GAD=1 vflib=1 dir=0 label=0 lowerbound=1 fileNameGp=../graphsdb/mcs50/bvg/b06/mcs50_b06_s30.A69 fileNameGt=../graphsdb/mcs50/bvg/b06/mcs50_b06_s30.B69
Reading graphs...
30 :  88
30 :  89
Initializing...
maxdom : 30
D->valSize : 900
Solving...
Blb : 2 (clique : 15)
currentSize : 15 <-- 0.010601 s
currentSize : 16 <-- 0.011873 s
currentSize : 17 <-- 0.012491 s
currentSize : 18 <-- 1.973348 s
currentSize : 19 <-- 141.232086 s

maxsize : 19
nodes : 17168103.000000
filtered : 615703402.000000
time : 253.313492
