Parameters: GAD=1 vflib=1 dir=0 label=0 lowerbound=1 fileNameGp=../graphsdb/mcs50/bvg/b09/mcs50_b09_s30.A47 fileNameGt=../graphsdb/mcs50/bvg/b09/mcs50_b09_s30.B47
Reading graphs...
30 :  133
30 :  132
Initializing...
maxdom : 30
D->valSize : 900
Solving...
Blb : 2 (clique : 12)
currentSize : 12 <-- 0.016865 s
currentSize : 13 <-- 0.019941 s
currentSize : 14 <-- 0.040561 s
currentSize : 15 <-- 0.242693 s
currentSize : 16 <-- 18.567450 s

maxsize : 16
nodes : 31816013.000000
filtered : 711452376.000000
time : 192.975601
