Parameters: GAD=1 vflib=1 dir=0 label=0 lowerbound=1 fileNameGp=../graphsdb/mcs50/m2D/m2Dr2/mcs50_m2Dr2_s30.A06 fileNameGt=../graphsdb/mcs50/m2D/m2Dr2/mcs50_m2Dr2_s30.B06
Reading graphs...
30 :  54
30 :  53
Initializing...
maxdom : 30
D->valSize : 900
Solving...
Blb : 2 (clique : 18)
currentSize : 18 <-- 0.011642 s
currentSize : 19 <-- 0.011829 s
currentSize : 20 <-- 0.029268 s
currentSize : 21 <-- 0.043730 s
currentSize : 22 <-- 786.541809 s

maxsize : 22
nodes : 65206101.000000
filtered : 3159510235.000000
time : 1292.806396
