Parameters: GAD=1 vflib=1 dir=0 label=0 lowerbound=1 fileNameGp=../graphsdb/mcs50/m4D/m4D/mcs50_m4D_s30.A41 fileNameGt=../graphsdb/mcs50/m4D/m4D/mcs50_m4D_s30.B41
Reading graphs...
30 :  54
30 :  55
Initializing...
maxdom : 30
D->valSize : 900
Solving...
Blb : 2 (clique : 15)
currentSize : 15 <-- 0.019677 s
currentSize : 16 <-- 0.019855 s
currentSize : 17 <-- 0.020182 s
currentSize : 18 <-- 0.021395 s
currentSize : 19 <-- 0.023578 s
currentSize : 20 <-- 0.782737 s
currentSize : 21 <-- 1.734262 s
currentSize : 22 <-- 13.927997 s

maxsize : 22
nodes : 5832453.000000
filtered : 335763612.000000
time : 280.602753
