Parameters: GAD=1 vflib=1 dir=0 label=0 lowerbound=1 fileNameGp=../graphsdb/mcs50/m4D/m4Dr4/mcs50_m4Dr4_s30.A59 fileNameGt=../graphsdb/mcs50/m4D/m4Dr4/mcs50_m4Dr4_s30.B59
Reading graphs...
30 :  65
30 :  65
Initializing...
maxdom : 30
D->valSize : 900
Solving...
Blb : 5 (clique : 18)
currentSize : 18 <-- 0.010843 s
currentSize : 19 <-- 0.010972 s
currentSize : 20 <-- 0.011406 s
currentSize : 21 <-- 0.101934 s
currentSize : 22 <-- 0.161719 s

maxsize : 22
nodes : 617116.000000
filtered : 34140059.000000
time : 22.981344
