Parameters: GAD=1 vflib=1 dir=0 label=0 lowerbound=1 fileNameGp=../graphsdb/mcs50/rand/r005/mcs50_r005_s30.A29 fileNameGt=../graphsdb/mcs50/rand/r005/mcs50_r005_s30.B29
Reading graphs...
30 :  46
30 :  46
Initializing...
maxdom : 30
D->valSize : 900
Solving...
Blb : 2 (clique : 17)
currentSize : 17 <-- 0.019902 s
currentSize : 19 <-- 0.020108 s
currentSize : 20 <-- 0.020169 s
currentSize : 21 <-- 0.020381 s
currentSize : 22 <-- 0.038173 s
currentSize : 23 <-- 48.645931 s

maxsize : 23
nodes : 2761081.000000
filtered : 161448565.000000
time : 135.011566
