Parameters: GAD=1 vflib=1 dir=0 label=0 lowerbound=1 fileNameGp=../graphsdb/mcs50/rand/r01/mcs50_r01_s35.A28 fileNameGt=../graphsdb/mcs50/rand/r01/mcs50_r01_s35.B28
Reading graphs...
35 :  112
35 :  111
Initializing...
maxdom : 35
D->valSize : 1225
Solving...
Blb : 2 (clique : 15)
currentSize : 15 <-- 0.020050 s
currentSize : 16 <-- 0.020235 s
currentSize : 17 <-- 0.021160 s
currentSize : 18 <-- 0.028787 s
currentSize : 19 <-- 3.449861 s
currentSize : 20 <-- 152.196747 s

TIMEOUT
maxsize : 20
nodes : 357220339.000000
filtered : 11322980117.000000
time : 3600.000000
