Parameters: GAD=1 vflib=1 dir=0 label=0 lowerbound=1 fileNameGp=../graphsdb/mcs50/rand/r02/mcs50_r02_s35.A56 fileNameGt=../graphsdb/mcs50/rand/r02/mcs50_r02_s35.B56
Reading graphs...
35 :  207
35 :  216
Initializing...
maxdom : 35
D->valSize : 1225
Solving...
Blb : 2 (clique : 11)
currentSize : 11 <-- 0.029758 s
currentSize : 12 <-- 0.030555 s
currentSize : 13 <-- 0.030793 s
currentSize : 14 <-- 0.066705 s
currentSize : 15 <-- 0.506216 s
currentSize : 17 <-- 672.030273 s

maxsize : 17
nodes : 465455830.000000
filtered : 8459661231.000000
time : 2262.455811
