Parameters: GAD=1 vflib=1 dir=0 label=0 lowerbound=1 fileNameGp=../graphsdb/mcs50/bvg/b09/mcs50_b09_s30.A16 fileNameGt=../graphsdb/mcs50/bvg/b09/mcs50_b09_s30.B16
Reading graphs...
30 :  134
30 :  133
Initializing...
maxdom : 30
D->valSize : 900
Solving...
Blb : 2 (clique : 12)
currentSize : 12 <-- 0.016946 s
currentSize : 13 <-- 0.018282 s
currentSize : 14 <-- 0.054412 s
currentSize : 15 <-- 0.054530 s
currentSize : 16 <-- 0.247566 s
currentSize : 17 <-- 3.281710 s

maxsize : 17
nodes : 10444878.000000
filtered : 295978426.000000
time : 75.083702
