Parameters: GAD=1 vflib=1 dir=0 label=0 lowerbound=1 fileNameGp=../graphsdb/mcs50/bvg/b03m/mcs50_b03m_s20.A55 fileNameGt=../graphsdb/mcs50/bvg/b03m/mcs50_b03m_s20.B55
Reading graphs...
20 :  29
20 :  29
Initializing...
maxdom : 20
D->valSize : 400
Solving...
Blb : 2 (clique : 12)
currentSize : 12 <-- 0.004033 s
currentSize : 13 <-- 0.004354 s
currentSize : 14 <-- 0.004570 s
currentSize : 15 <-- 0.010670 s
currentSize : 16 <-- 0.083859 s

maxsize : 16
nodes : 13804.000000
filtered : 559226.000000
time : 0.356943
