Parameters: GAD=1 vflib=1 dir=0 label=0 lowerbound=1 fileNameGp=../graphsdb/mcs50/bvg/b03m/mcs50_b03m_s25.A56 fileNameGt=../graphsdb/mcs50/bvg/b03m/mcs50_b03m_s25.B56
Reading graphs...
25 :  36
25 :  37
Initializing...
maxdom : 25
D->valSize : 625
Solving...
Blb : 2 (clique : 15)
currentSize : 15 <-- 0.005525 s
currentSize : 16 <-- 0.006663 s
currentSize : 17 <-- 0.023274 s
currentSize : 18 <-- 0.083265 s
currentSize : 19 <-- 6.634798 s

maxsize : 19
nodes : 628889.000000
filtered : 26775853.000000
time : 18.882950
