Parameters: GAD=1 vflib=1 dir=0 label=0 lowerbound=1 fileNameGp=../graphsdb/mcs50/m4D/m4D/mcs50_m4D_s35.A26 fileNameGt=../graphsdb/mcs50/m4D/m4D/mcs50_m4D_s35.B26
Reading graphs...
35 :  63
35 :  63
Initializing...
maxdom : 35
D->valSize : 1225
Solving...
Blb : 2 (clique : 20)
currentSize : 20 <-- 0.021461 s
currentSize : 21 <-- 0.022879 s
currentSize : 22 <-- 0.023191 s
currentSize : 23 <-- 1.521629 s
currentSize : 24 <-- 1.750886 s
currentSize : 25 <-- 4.992282 s
currentSize : 26 <-- 1051.759277 s
currentSize : 27 <-- 1087.774170 s

maxsize : 27
nodes : 22166559.000000
filtered : 1423017252.000000
time : 1358.315674
