Parameters: GAD=1 vflib=1 dir=0 label=0 lowerbound=1 fileNameGp=../graphsdb/mcs50/bvg/b03m/mcs50_b03m_s25.A14 fileNameGt=../graphsdb/mcs50/bvg/b03m/mcs50_b03m_s25.B14
Reading graphs...
25 :  35
25 :  36
Initializing...
maxdom : 25
D->valSize : 625
Solving...
Blb : 2 (clique : 15)
currentSize : 15 <-- 0.005581 s
currentSize : 16 <-- 0.005691 s
currentSize : 17 <-- 0.005754 s
currentSize : 18 <-- 0.075359 s
currentSize : 19 <-- 0.560165 s

maxsize : 19
nodes : 167217.000000
filtered : 7397835.000000
time : 5.459422
