Parameters: GAD=1 vflib=1 dir=0 label=0 lowerbound=1 fileNameGp=../graphsdb/mcs50/rand/r005/mcs50_r005_s30.A47 fileNameGt=../graphsdb/mcs50/rand/r005/mcs50_r005_s30.B47
Reading graphs...
30 :  47
30 :  47
Initializing...
maxdom : 30
D->valSize : 900
Solving...
Blb : 2 (clique : 17)
currentSize : 17 <-- 0.020349 s
currentSize : 18 <-- 0.020568 s
currentSize : 19 <-- 0.020648 s
currentSize : 20 <-- 0.027629 s
currentSize : 21 <-- 0.517521 s
currentSize : 22 <-- 50.619904 s
currentSize : 23 <-- 542.579651 s

maxsize : 23
nodes : 13112513.000000
filtered : 676292439.000000
time : 600.292114
