Parameters: GAD=1 vflib=1 dir=0 label=0 lowerbound=1 fileNameGp=../graphsdb/mcs50/bvg/b03/mcs50_b03_s25.A69 fileNameGt=../graphsdb/mcs50/bvg/b03/mcs50_b03_s25.B69
Reading graphs...
25 :  37
25 :  37
Initializing...
maxdom : 25
D->valSize : 625
Solving...
Blb : 2 (clique : 16)
currentSize : 16 <-- 0.009560 s
currentSize : 17 <-- 0.024305 s
currentSize : 18 <-- 0.205183 s
currentSize : 19 <-- 0.648079 s
currentSize : 20 <-- 1.439673 s

maxsize : 20
nodes : 97373.000000
filtered : 3239371.000000
time : 2.431655
