Parameters: GAD=1 vflib=1 dir=0 label=0 lowerbound=1 fileNameGp=../graphsdb/mcs50/bvg/b09m/mcs50_b09m_s35.A29 fileNameGt=../graphsdb/mcs50/bvg/b09m/mcs50_b09m_s35.B29
Reading graphs...
35 :  147
35 :  148
Initializing...
maxdom : 35
D->valSize : 1225
Solving...
Blb : 2 (clique : 14)
currentSize : 14 <-- 0.032496 s
currentSize : 15 <-- 0.037458 s
currentSize : 16 <-- 0.060296 s
currentSize : 17 <-- 0.316459 s
currentSize : 18 <-- 4.690933 s
currentSize : 19 <-- 8.600329 s

maxsize : 19
nodes : 222810646.000000
filtered : 7481044187.000000
time : 2118.509521
