Parameters: GAD=1 vflib=1 dir=0 label=0 lowerbound=1 fileNameGp=../graphsdb/mcs50/m4D/m4D/mcs50_m4D_s30.A22 fileNameGt=../graphsdb/mcs50/m4D/m4D/mcs50_m4D_s30.B22
Reading graphs...
30 :  55
30 :  55
Initializing...
maxdom : 30
D->valSize : 900
Solving...
Blb : 2 (clique : 16)
currentSize : 16 <-- 0.017002 s
currentSize : 17 <-- 0.017237 s
currentSize : 18 <-- 0.022882 s
currentSize : 19 <-- 0.042112 s
currentSize : 20 <-- 0.047330 s
currentSize : 21 <-- 0.107662 s
currentSize : 22 <-- 114.124969 s
currentSize : 23 <-- 515.929565 s

maxsize : 23
nodes : 15810404.000000
filtered : 836859664.000000
time : 530.738647
