Parameters: GAD=1 vflib=1 dir=0 label=0 lowerbound=1 fileNameGp=../graphsdb/mcs50/m2D/m2Dr4/mcs50_m2Dr4_s30.A93 fileNameGt=../graphsdb/mcs50/m2D/m2Dr4/mcs50_m2Dr4_s30.B93
Reading graphs...
30 :  61
30 :  59
Initializing...
maxdom : 30
D->valSize : 900
Solving...
Blb : 2 (clique : 18)
currentSize : 18 <-- 0.015773 s
currentSize : 19 <-- 0.150548 s
currentSize : 20 <-- 5.159444 s
currentSize : 21 <-- 5.200836 s
currentSize : 22 <-- 64.210274 s

maxsize : 22
nodes : 3497645.000000
filtered : 193976970.000000
time : 121.464790
