Parameters: GAD=1 vflib=1 dir=0 label=0 lowerbound=1 fileNameGp=../graphsdb/mcs50/bvg/b09m/mcs50_b09m_s35.A09 fileNameGt=../graphsdb/mcs50/bvg/b09m/mcs50_b09m_s35.B09
Reading graphs...
35 :  147
35 :  146
Initializing...
maxdom : 35
D->valSize : 1225
Solving...
Blb : 2 (clique : 14)
currentSize : 14 <-- 0.018709 s
currentSize : 15 <-- 0.018852 s
currentSize : 16 <-- 0.019495 s
currentSize : 17 <-- 0.255108 s
currentSize : 18 <-- 31.885300 s
currentSize : 19 <-- 89.184853 s

maxsize : 19
nodes : 268091329.000000
filtered : 8296180621.000000
time : 2474.614258
