Parameters: GAD=1 vflib=1 dir=0 label=0 lowerbound=1 fileNameGp=../graphsdb/mcs50/m2D/m2D/mcs50_m2D_s30.A98 fileNameGt=../graphsdb/mcs50/m2D/m2D/mcs50_m2D_s30.B98
Reading graphs...
30 :  48
30 :  49
Initializing...
maxdom : 30
D->valSize : 900
Solving...
Blb : 2 (clique : 17)
currentSize : 17 <-- 0.011332 s
currentSize : 18 <-- 0.011457 s
currentSize : 19 <-- 0.011471 s
currentSize : 20 <-- 0.011522 s
currentSize : 21 <-- 0.132144 s
currentSize : 22 <-- 169.138428 s

maxsize : 22
nodes : 14334567.000000
filtered : 746059806.000000
time : 503.690125
