Parameters: GAD=1 vflib=1 dir=0 label=0 lowerbound=1 fileNameGp=../graphsdb/mcs50/bvg/b06/mcs50_b06_s35.A70 fileNameGt=../graphsdb/mcs50/bvg/b06/mcs50_b06_s35.B70
Reading graphs...
35 :  102
35 :  104
Initializing...
maxdom : 35
D->valSize : 1225
Solving...
Blb : 2 (clique : 15)
currentSize : 15 <-- 0.020631 s
currentSize : 16 <-- 0.020795 s
currentSize : 17 <-- 0.020859 s
currentSize : 18 <-- 0.021161 s
currentSize : 19 <-- 0.022751 s
currentSize : 20 <-- 0.411800 s
currentSize : 21 <-- 56.941174 s
currentSize : 22 <-- 1241.928833 s

TIMEOUT
maxsize : 22
nodes : 212952050.000000
filtered : 9288803992.000000
time : 3600.000000
