Parameters: GAD=1 vflib=1 dir=0 label=0 lowerbound=1 fileNameGp=../graphsdb/mcs50/bvg/b03/mcs50_b03_s25.A54 fileNameGt=../graphsdb/mcs50/bvg/b03/mcs50_b03_s25.B54
Reading graphs...
25 :  37
25 :  37
Initializing...
maxdom : 25
D->valSize : 625
Solving...
Blb : 2 (clique : 14)
currentSize : 14 <-- 0.009579 s
currentSize : 15 <-- 0.009859 s
currentSize : 16 <-- 0.009916 s
currentSize : 17 <-- 0.022502 s
currentSize : 18 <-- 0.022741 s
currentSize : 19 <-- 1.271951 s

maxsize : 19
nodes : 476198.000000
filtered : 18182142.000000
time : 12.235040
