Parameters: GAD=1 vflib=1 dir=0 label=0 lowerbound=1 fileNameGp=../graphsdb/mcs50/bvg/b09/mcs50_b09_s35.A95 fileNameGt=../graphsdb/mcs50/bvg/b09/mcs50_b09_s35.B95
Reading graphs...
35 :  155
35 :  154
Initializing...
maxdom : 35
D->valSize : 1225
Solving...
Blb : 5 (clique : 14)
currentSize : 14 <-- 0.018633 s
currentSize : 15 <-- 0.018773 s
currentSize : 16 <-- 0.057927 s
currentSize : 18 <-- 1.741557 s
currentSize : 19 <-- 1603.024780 s
currentSize : 20 <-- 1956.266235 s

maxsize : 20
nodes : 288106011.000000
filtered : 9783337910.000000
time : 2464.505859
