Parameters: GAD=1 vflib=1 dir=0 label=0 lowerbound=1 fileNameGp=../graphsdb/mcs50/rand/r005/mcs50_r005_s20.A75 fileNameGt=../graphsdb/mcs50/rand/r005/mcs50_r005_s20.B75
Reading graphs...
20 :  24
20 :  24
Initializing...
maxdom : 20
D->valSize : 400
Solving...
Blb : 2 (clique : 12)
currentSize : 12 <-- 0.002473 s
currentSize : 13 <-- 0.002564 s
currentSize : 14 <-- 0.002672 s
currentSize : 15 <-- 0.003716 s
currentSize : 16 <-- 0.095401 s

maxsize : 16
nodes : 20230.000000
filtered : 697187.000000
time : 0.436664
