Parameters: GAD=1 vflib=1 dir=0 label=0 lowerbound=1 fileNameGp=../graphsdb/mcs50/bvg/b06m/mcs50_b06m_s30.A83 fileNameGt=../graphsdb/mcs50/bvg/b06m/mcs50_b06m_s30.B83
Reading graphs...
30 :  85
30 :  85
Initializing...
maxdom : 30
D->valSize : 900
Solving...
Blb : 2 (clique : 14)
currentSize : 14 <-- 0.010732 s
currentSize : 15 <-- 0.010857 s
currentSize : 16 <-- 0.011177 s
currentSize : 17 <-- 0.013414 s
currentSize : 18 <-- 0.229373 s

maxsize : 18
nodes : 80236373.000000
filtered : 2817397662.000000
time : 876.215149
