Parameters: GAD=1 vflib=1 dir=0 label=0 lowerbound=1 fileNameGp=../graphsdb/mcs50/bvg/b03m/mcs50_b03m_s35.A55 fileNameGt=../graphsdb/mcs50/bvg/b03m/mcs50_b03m_s35.B55
Reading graphs...
35 :  52
35 :  52
Initializing...
maxdom : 35
D->valSize : 1225
Solving...
Blb : 2 (clique : 20)
currentSize : 20 <-- 0.037048 s
currentSize : 21 <-- 0.037473 s
currentSize : 22 <-- 0.037584 s
currentSize : 23 <-- 0.038453 s
currentSize : 24 <-- 1.414031 s
currentSize : 25 <-- 42.122349 s
currentSize : 26 <-- 321.436798 s
currentSize : 27 <-- 3564.251953 s

TIMEOUT
maxsize : 27
nodes : 34841073.000000
filtered : 2382577050.000000
time : 3600.000000
