Parameters: GAD=1 vflib=1 dir=0 label=0 lowerbound=1 fileNameGp=../graphsdb/mcs50/bvg/b09m/mcs50_b09m_s30.A79 fileNameGt=../graphsdb/mcs50/bvg/b09m/mcs50_b09m_s30.B79
Reading graphs...
30 :  127
30 :  130
Initializing...
maxdom : 30
D->valSize : 900
Solving...
Blb : 2 (clique : 12)
currentSize : 12 <-- 0.009861 s
currentSize : 13 <-- 0.010677 s
currentSize : 14 <-- 0.037144 s
currentSize : 15 <-- 0.958532 s
currentSize : 16 <-- 13.458194 s

maxsize : 16
nodes : 28854641.000000
filtered : 682596405.000000
time : 185.579285
