Parameters: GAD=1 vflib=1 dir=0 label=0 lowerbound=1 fileNameGp=../graphsdb/mcs50/rand/r02/mcs50_r02_s20.A83 fileNameGt=../graphsdb/mcs50/rand/r02/mcs50_r02_s20.B83
Reading graphs...
20 :  70
20 :  69
Initializing...
maxdom : 20
D->valSize : 400
Solving...
Blb : 2 (clique : 8)
currentSize : 8 <-- 0.002101 s
currentSize : 9 <-- 0.002163 s
currentSize : 10 <-- 0.002340 s
currentSize : 11 <-- 0.005627 s
currentSize : 12 <-- 0.460304 s

maxsize : 12
nodes : 246684.000000
filtered : 3423088.000000
time : 1.033385
