Parameters: GAD=1 vflib=1 dir=0 label=0 lowerbound=1 fileNameGp=../graphsdb/mcs50/m4D/m4Dr4/mcs50_m4Dr4_s30.A33 fileNameGt=../graphsdb/mcs50/m4D/m4Dr4/mcs50_m4Dr4_s30.B33
Reading graphs...
30 :  67
30 :  65
Initializing...
maxdom : 30
D->valSize : 900
Solving...
Blb : 2 (clique : 16)
currentSize : 16 <-- 0.010873 s
currentSize : 17 <-- 0.011049 s
currentSize : 18 <-- 0.011109 s
currentSize : 19 <-- 0.052641 s
currentSize : 20 <-- 18.974163 s
currentSize : 21 <-- 46.312714 s
currentSize : 22 <-- 67.939453 s

maxsize : 22
nodes : 4571097.000000
filtered : 245150389.000000
time : 95.039536
