Parameters: GAD=1 vflib=1 dir=0 label=0 lowerbound=1 fileNameGp=../graphsdb/mcs50/rand/r005/mcs50_r005_s30.A70 fileNameGt=../graphsdb/mcs50/rand/r005/mcs50_r005_s30.B70
Reading graphs...
30 :  46
30 :  46
Initializing...
maxdom : 30
D->valSize : 900
Solving...
Blb : 2 (clique : 19)
currentSize : 19 <-- 0.011437 s
currentSize : 20 <-- 0.015235 s
currentSize : 21 <-- 0.049408 s
currentSize : 22 <-- 0.205571 s
currentSize : 23 <-- 95.745407 s

maxsize : 23
nodes : 4188688.000000
filtered : 243228581.000000
time : 200.199722
