Parameters: GAD=1 vflib=1 dir=0 label=0 lowerbound=1 fileNameGp=../graphsdb/mcs50/bvg/b06/mcs50_b06_s25.A96 fileNameGt=../graphsdb/mcs50/bvg/b06/mcs50_b06_s25.B96
Reading graphs...
25 :  74
25 :  75
Initializing...
maxdom : 25
D->valSize : 625
Solving...
Blb : 2 (clique : 11)
currentSize : 11 <-- 0.008429 s
currentSize : 12 <-- 0.008552 s
currentSize : 13 <-- 0.008676 s
currentSize : 14 <-- 0.011399 s
currentSize : 15 <-- 1.153303 s
currentSize : 16 <-- 1.510681 s

maxsize : 16
nodes : 826306.000000
filtered : 19811714.000000
time : 5.932656
