Parameters: GAD=1 vflib=1 dir=0 label=0 lowerbound=1 fileNameGp=../graphsdb/mcs50/rand/r02/mcs50_r02_s25.A25 fileNameGt=../graphsdb/mcs50/rand/r02/mcs50_r02_s25.B25
Reading graphs...
25 :  108
25 :  106
Initializing...
maxdom : 25
D->valSize : 625
Solving...
Blb : 2 (clique : 9)
currentSize : 9 <-- 0.004774 s
currentSize : 10 <-- 0.004845 s
currentSize : 11 <-- 0.004864 s
currentSize : 12 <-- 0.009601 s
currentSize : 13 <-- 0.068908 s

maxsize : 13
nodes : 5991213.000000
filtered : 91245667.000000
time : 25.704311
