Parameters: GAD=1 vflib=1 dir=0 label=0 lowerbound=1 fileNameGp=../graphsdb/mcs50/m2D/m2Dr4/mcs50_m2Dr4_s30.A54 fileNameGt=../graphsdb/mcs50/m2D/m2Dr4/mcs50_m2Dr4_s30.B54
Reading graphs...
30 :  57
30 :  57
Initializing...
maxdom : 30
D->valSize : 900
Solving...
Blb : 2 (clique : 17)
currentSize : 17 <-- 0.011511 s
currentSize : 18 <-- 0.011843 s
currentSize : 19 <-- 0.019785 s
currentSize : 20 <-- 0.468276 s
currentSize : 21 <-- 0.838292 s

maxsize : 21
nodes : 29304571.000000
filtered : 1702591619.000000
time : 1071.327026
