Parameters: GAD=1 vflib=1 dir=0 label=0 lowerbound=1 fileNameGp=../graphsdb/mcs50/bvg/b09m/mcs50_b09m_s30.A91 fileNameGt=../graphsdb/mcs50/bvg/b09m/mcs50_b09m_s30.B91
Reading graphs...
30 :  125
30 :  128
Initializing...
maxdom : 30
D->valSize : 900
Solving...
Blb : 2 (clique : 12)
currentSize : 12 <-- 0.009971 s
currentSize : 13 <-- 0.010931 s
currentSize : 14 <-- 0.011000 s
currentSize : 15 <-- 0.016263 s
currentSize : 16 <-- 1.193931 s

maxsize : 16
nodes : 38575492.000000
filtered : 992362732.000000
time : 270.214325
