Parameters: GAD=1 vflib=1 dir=0 label=0 lowerbound=1 fileNameGp=../graphsdb/mcs50/bvg/b03m/mcs50_b03m_s35.A36 fileNameGt=../graphsdb/mcs50/bvg/b03m/mcs50_b03m_s35.B36
Reading graphs...
35 :  52
35 :  52
Initializing...
maxdom : 35
D->valSize : 1225
Solving...
Blb : 2 (clique : 22)
currentSize : 22 <-- 0.021667 s
currentSize : 23 <-- 0.021926 s
currentSize : 24 <-- 0.157955 s
currentSize : 25 <-- 0.220041 s
currentSize : 26 <-- 0.682361 s
currentSize : 27 <-- 296.297211 s
currentSize : 28 <-- 1391.726074 s

maxsize : 28
nodes : 15883724.000000
filtered : 1393824154.000000
time : 1581.347534
