Parameters: GAD=1 vflib=1 dir=0 label=0 lowerbound=1 fileNameGp=../graphsdb/mcs50/bvg/b03m/mcs50_b03m_s30.A84 fileNameGt=../graphsdb/mcs50/bvg/b03m/mcs50_b03m_s30.B84
Reading graphs...
30 :  43
30 :  44
Initializing...
maxdom : 30
D->valSize : 900
Solving...
Blb : 2 (clique : 18)
currentSize : 18 <-- 0.020407 s
currentSize : 19 <-- 0.020634 s
currentSize : 20 <-- 0.020695 s
currentSize : 21 <-- 0.025603 s
currentSize : 22 <-- 8.958368 s
currentSize : 23 <-- 182.395111 s

maxsize : 23
nodes : 7622948.000000
filtered : 475614818.000000
time : 332.630463
