Parameters: GAD=1 vflib=1 dir=0 label=0 lowerbound=1 fileNameGp=../graphsdb/mcs50/m4D/m4Dr6/mcs50_m4Dr6_s35.A13 fileNameGt=../graphsdb/mcs50/m4D/m4Dr6/mcs50_m4Dr6_s35.B13
Reading graphs...
35 :  83
35 :  82
Initializing...
maxdom : 35
D->valSize : 1225
Solving...
Blb : 2 (clique : 16)
currentSize : 16 <-- 0.035577 s
currentSize : 17 <-- 0.035830 s
currentSize : 18 <-- 0.036188 s
currentSize : 19 <-- 0.263945 s
currentSize : 20 <-- 0.337456 s
currentSize : 21 <-- 0.347751 s
currentSize : 22 <-- 0.781236 s
currentSize : 23 <-- 44.274654 s

TIMEOUT
maxsize : 23
nodes : 90512370.000000
filtered : 5470710659.000000
time : 3600.000000
