Parameters: GAD=1 vflib=1 dir=0 label=0 lowerbound=1 fileNameGp=../graphsdb/mcs50/rand/r02/mcs50_r02_s20.A57 fileNameGt=../graphsdb/mcs50/rand/r02/mcs50_r02_s20.B57
Reading graphs...
20 :  69
20 :  69
Initializing...
maxdom : 20
D->valSize : 400
Solving...
Blb : 2 (clique : 8)
currentSize : 8 <-- 0.002041 s
currentSize : 9 <-- 0.002108 s
currentSize : 10 <-- 0.002151 s
currentSize : 11 <-- 0.006863 s
currentSize : 12 <-- 0.137126 s

maxsize : 12
nodes : 195572.000000
filtered : 3096743.000000
time : 0.814101
