Parameters: GAD=1 vflib=1 dir=0 label=0 lowerbound=1 fileNameGp=../graphsdb/mcs50/m4D/m4Dr2/mcs50_m4Dr2_s35.A18 fileNameGt=../graphsdb/mcs50/m4D/m4Dr2/mcs50_m4Dr2_s35.B18
Reading graphs...
35 :  70
35 :  68
Initializing...
maxdom : 35
D->valSize : 1225
Solving...
Blb : 2 (clique : 19)
currentSize : 19 <-- 0.025320 s
currentSize : 20 <-- 0.027699 s
currentSize : 21 <-- 0.038436 s
currentSize : 22 <-- 0.110357 s
currentSize : 23 <-- 0.776382 s
currentSize : 24 <-- 11.237004 s
currentSize : 25 <-- 364.938965 s

TIMEOUT
maxsize : 25
nodes : 53002227.000000
filtered : 3566236168.000000
time : 3600.000244
