Parameters: GAD=1 vflib=1 dir=0 label=0 lowerbound=1 fileNameGp=../graphsdb/mcs50/bvg/b06/mcs50_b06_s35.A95 fileNameGt=../graphsdb/mcs50/bvg/b06/mcs50_b06_s35.B95
Reading graphs...
35 :  103
35 :  101
Initializing...
maxdom : 35
D->valSize : 1225
Solving...
Blb : 5 (clique : 16)
currentSize : 16 <-- 0.020146 s
currentSize : 17 <-- 0.020555 s
currentSize : 18 <-- 0.020919 s
currentSize : 19 <-- 0.094203 s
currentSize : 20 <-- 0.440923 s
currentSize : 21 <-- 35.050991 s
currentSize : 22 <-- 550.535889 s

TIMEOUT
maxsize : 22
nodes : 158643103.000000
filtered : 7820225626.000000
time : 3600.000000
