Parameters: GAD=1 vflib=1 dir=0 label=0 lowerbound=1 fileNameGp=../graphsdb/mcs50/m4D/m4Dr2/mcs50_m4Dr2_s30.A08 fileNameGt=../graphsdb/mcs50/m4D/m4Dr2/mcs50_m4Dr2_s30.B08
Reading graphs...
30 :  60
30 :  60
Initializing...
maxdom : 30
D->valSize : 900
Solving...
Blb : 2 (clique : 15)
currentSize : 15 <-- 0.019495 s
currentSize : 16 <-- 0.019790 s
currentSize : 17 <-- 0.020562 s
currentSize : 18 <-- 0.024354 s
currentSize : 19 <-- 0.055249 s
currentSize : 20 <-- 1.290456 s
currentSize : 21 <-- 33.890232 s
currentSize : 22 <-- 40.581638 s

maxsize : 22
nodes : 2500196.000000
filtered : 92997764.000000
time : 69.951569
