Parameters: GAD=1 vflib=1 dir=0 label=0 lowerbound=1 fileNameGp=../graphsdb/mcs50/bvg/b03m/mcs50_b03m_s35.A97 fileNameGt=../graphsdb/mcs50/bvg/b03m/mcs50_b03m_s35.B97
Reading graphs...
35 :  50
35 :  51
Initializing...
maxdom : 35
D->valSize : 1225
Solving...
Blb : 2 (clique : 22)
currentSize : 22 <-- 0.038393 s
currentSize : 23 <-- 0.047386 s
currentSize : 24 <-- 0.087976 s
currentSize : 25 <-- 1.951343 s
currentSize : 26 <-- 37.576000 s
currentSize : 27 <-- 37.655544 s

TIMEOUT
maxsize : 27
nodes : 31505478.000000
filtered : 2497303655.000000
time : 3600.000732
