Parameters: GAD=1 vflib=1 dir=0 label=0 lowerbound=1 fileNameGp=../graphsdb/mcs50/bvg/b03/mcs50_b03_s25.A43 fileNameGt=../graphsdb/mcs50/bvg/b03/mcs50_b03_s25.B43
Reading graphs...
25 :  36
25 :  37
Initializing...
maxdom : 25
D->valSize : 625
Solving...
Blb : 2 (clique : 15)
currentSize : 15 <-- 0.009556 s
currentSize : 17 <-- 0.009693 s
currentSize : 18 <-- 0.011382 s
currentSize : 19 <-- 0.033908 s
currentSize : 20 <-- 0.096117 s

maxsize : 20
nodes : 48552.000000
filtered : 2316548.000000
time : 1.604847
