Parameters: GAD=1 vflib=1 dir=0 label=0 lowerbound=1 fileNameGp=../graphsdb/mcs50/m4D/m4Dr4/mcs50_m4Dr4_s35.A33 fileNameGt=../graphsdb/mcs50/m4D/m4Dr4/mcs50_m4Dr4_s35.B33
Reading graphs...
35 :  75
35 :  74
Initializing...
maxdom : 35
D->valSize : 1225
Solving...
Blb : 2 (clique : 17)
currentSize : 17 <-- 0.020557 s
currentSize : 18 <-- 0.020788 s
currentSize : 19 <-- 0.021603 s
currentSize : 20 <-- 0.022751 s
currentSize : 21 <-- 0.126197 s
currentSize : 22 <-- 0.413361 s
currentSize : 23 <-- 27.363691 s
currentSize : 24 <-- 28.397512 s

TIMEOUT
maxsize : 24
nodes : 57961147.000000
filtered : 4022457158.000000
time : 3600.000244
