Parameters: GAD=1 vflib=1 dir=0 label=0 lowerbound=1 fileNameGp=../graphsdb/mcs50/bvg/b09m/mcs50_b09m_s30.A98 fileNameGt=../graphsdb/mcs50/bvg/b09m/mcs50_b09m_s30.B98
Reading graphs...
30 :  125
30 :  124
Initializing...
maxdom : 30
D->valSize : 900
Solving...
Blb : 5 (clique : 12)
currentSize : 12 <-- 0.009859 s
currentSize : 13 <-- 0.011613 s
currentSize : 14 <-- 0.222356 s
currentSize : 15 <-- 1.212801 s
currentSize : 16 <-- 42.585106 s

maxsize : 16
nodes : 34649325.000000
filtered : 829457749.000000
time : 248.722473
