Parameters: GAD=1 vflib=1 dir=0 label=0 lowerbound=1 fileNameGp=../graphsdb/mcs50/bvg/b03/mcs50_b03_s25.A11 fileNameGt=../graphsdb/mcs50/bvg/b03/mcs50_b03_s25.B11
Reading graphs...
25 :  37
25 :  37
Initializing...
maxdom : 25
D->valSize : 625
Solving...
Blb : 2 (clique : 15)
currentSize : 15 <-- 0.009545 s
currentSize : 16 <-- 0.009734 s
currentSize : 17 <-- 0.010850 s
currentSize : 18 <-- 0.016118 s
currentSize : 19 <-- 4.663110 s

maxsize : 19
nodes : 346370.000000
filtered : 13452829.000000
time : 9.222606
