Parameters: GAD=1 vflib=1 dir=0 label=0 lowerbound=1 fileNameGp=../graphsdb/mcs50/bvg/b06m/mcs50_b06m_s25.A39 fileNameGt=../graphsdb/mcs50/bvg/b06m/mcs50_b06m_s25.B39
Reading graphs...
25 :  73
25 :  71
Initializing...
maxdom : 25
D->valSize : 625
Solving...
Blb : 3 (clique : 12)
currentSize : 12 <-- 0.008516 s
currentSize : 13 <-- 0.008633 s
currentSize : 14 <-- 0.009832 s
currentSize : 15 <-- 0.016712 s
currentSize : 16 <-- 4.591970 s

maxsize : 16
nodes : 1032691.000000
filtered : 28482149.000000
time : 10.438134
