Parameters: GAD=1 vflib=1 dir=0 label=0 lowerbound=1 fileNameGp=../graphsdb/mcs50/m2D/m2Dr2/mcs50_m2Dr2_s30.A65 fileNameGt=../graphsdb/mcs50/m2D/m2Dr2/mcs50_m2Dr2_s30.B65
Reading graphs...
30 :  55
30 :  55
Initializing...
maxdom : 30
D->valSize : 900
Solving...
Blb : 2 (clique : 18)
currentSize : 18 <-- 0.019768 s
currentSize : 19 <-- 0.050973 s
currentSize : 20 <-- 1.125839 s
currentSize : 21 <-- 1.243189 s
currentSize : 22 <-- 8.366871 s

maxsize : 22
nodes : 2126922.000000
filtered : 99024349.000000
time : 73.964478
