Parameters: GAD=1 vflib=1 dir=0 label=0 lowerbound=1 fileNameGp=../graphsdb/mcs50/rand/r01/mcs50_r01_s30.A57 fileNameGt=../graphsdb/mcs50/rand/r01/mcs50_r01_s30.B57
Reading graphs...
30 :  84
30 :  83
Initializing...
maxdom : 30
D->valSize : 900
Solving...
Blb : 2 (clique : 15)
currentSize : 15 <-- 0.018544 s
currentSize : 16 <-- 0.018947 s
currentSize : 17 <-- 0.023309 s
currentSize : 18 <-- 0.386985 s
currentSize : 19 <-- 0.694573 s

maxsize : 19
nodes : 21458868.000000
filtered : 879551341.000000
time : 307.535431
