Parameters: GAD=1 vflib=1 dir=0 label=0 lowerbound=1 fileNameGp=../graphsdb/mcs50/bvg/b06/mcs50_b06_s35.A18 fileNameGt=../graphsdb/mcs50/bvg/b06/mcs50_b06_s35.B18
Reading graphs...
35 :  104
35 :  103
Initializing...
maxdom : 35
D->valSize : 1225
Solving...
Blb : 3 (clique : 16)
currentSize : 16 <-- 0.020214 s
currentSize : 17 <-- 0.020367 s
currentSize : 18 <-- 0.021506 s
currentSize : 19 <-- 0.059598 s
currentSize : 20 <-- 1.244798 s
currentSize : 21 <-- 3.643441 s
currentSize : 22 <-- 1531.967163 s

TIMEOUT
maxsize : 22
nodes : 147114726.000000
filtered : 7793941572.000000
time : 3600.000000
