Parameters: GAD=1 vflib=1 dir=0 label=0 lowerbound=1 fileNameGp=../graphsdb/mcs50/m4D/m4Dr2/mcs50_m4Dr2_s30.A10 fileNameGt=../graphsdb/mcs50/m4D/m4Dr2/mcs50_m4Dr2_s30.B10
Reading graphs...
30 :  59
30 :  60
Initializing...
maxdom : 30
D->valSize : 900
Solving...
Blb : 2 (clique : 15)
currentSize : 15 <-- 0.011817 s
currentSize : 17 <-- 0.011952 s
currentSize : 18 <-- 0.012130 s
currentSize : 19 <-- 0.020302 s
currentSize : 20 <-- 8.088792 s
currentSize : 21 <-- 8.474269 s
currentSize : 22 <-- 105.198288 s

maxsize : 22
nodes : 6534812.000000
filtered : 403039732.000000
time : 241.653458
