Parameters: GAD=1 vflib=1 dir=0 label=0 lowerbound=1 fileNameGp=../graphsdb/mcs50/rand/r01/mcs50_r01_s30.A54 fileNameGt=../graphsdb/mcs50/rand/r01/mcs50_r01_s30.B54
Reading graphs...
30 :  81
30 :  85
Initializing...
maxdom : 30
D->valSize : 900
Solving...
Blb : 2 (clique : 13)
currentSize : 13 <-- 0.010712 s
currentSize : 15 <-- 0.010825 s
currentSize : 16 <-- 0.010998 s
currentSize : 17 <-- 0.051419 s
currentSize : 18 <-- 2.332886 s

maxsize : 18
nodes : 66868939.000000
filtered : 2041057728.000000
time : 729.787964
