Parameters: GAD=1 vflib=1 dir=0 label=0 lowerbound=1 fileNameGp=../graphsdb/mcs50/m4D/m4Dr2/mcs50_m4Dr2_s30.A81 fileNameGt=../graphsdb/mcs50/m4D/m4Dr2/mcs50_m4Dr2_s30.B81
Reading graphs...
30 :  60
30 :  59
Initializing...
maxdom : 30
D->valSize : 900
Solving...
Blb : 2 (clique : 17)
currentSize : 17 <-- 0.011114 s
currentSize : 18 <-- 0.011339 s
currentSize : 19 <-- 0.014047 s
currentSize : 20 <-- 0.020527 s
currentSize : 21 <-- 1.611622 s
currentSize : 22 <-- 18.499388 s

maxsize : 22
nodes : 2918106.000000
filtered : 176172676.000000
time : 92.291229
