Parameters: GAD=1 vflib=1 dir=0 label=0 lowerbound=1 fileNameGp=../graphsdb/mcs50/bvg/b09/mcs50_b09_s30.A39 fileNameGt=../graphsdb/mcs50/bvg/b09/mcs50_b09_s30.B39
Reading graphs...
30 :  131
30 :  128
Initializing...
maxdom : 30
D->valSize : 900
Solving...
Blb : 2 (clique : 12)
currentSize : 12 <-- 0.009887 s
currentSize : 13 <-- 0.010144 s
currentSize : 14 <-- 0.010846 s
currentSize : 15 <-- 0.171922 s
currentSize : 16 <-- 0.211135 s
currentSize : 17 <-- 1.835594 s

maxsize : 17
nodes : 8795853.000000
filtered : 241089120.000000
time : 62.748520
