Parameters: GAD=1 vflib=1 dir=0 label=0 lowerbound=1 fileNameGp=../graphsdb/mcs50/bvg/b03/mcs50_b03_s35.A81 fileNameGt=../graphsdb/mcs50/bvg/b03/mcs50_b03_s35.B81
Reading graphs...
35 :  52
35 :  52
Initializing...
maxdom : 35
D->valSize : 1225
Solving...
Blb : 2 (clique : 22)
currentSize : 22 <-- 0.026131 s
currentSize : 23 <-- 0.028258 s
currentSize : 24 <-- 0.658803 s
currentSize : 25 <-- 8.122083 s
currentSize : 26 <-- 11.382833 s
currentSize : 27 <-- 108.972015 s

maxsize : 27
nodes : 12602958.000000
filtered : 967861283.000000
time : 888.337708
