Parameters: GAD=1 vflib=1 dir=0 label=0 lowerbound=1 fileNameGp=../graphsdb/mcs50/m2D/m2D/mcs50_m2D_s30.A40 fileNameGt=../graphsdb/mcs50/m2D/m2D/mcs50_m2D_s30.B40
Reading graphs...
30 :  48
30 :  49
Initializing...
maxdom : 30
D->valSize : 900
Solving...
Blb : 5 (clique : 18)
currentSize : 18 <-- 0.019951 s
currentSize : 19 <-- 0.097920 s
currentSize : 20 <-- 0.542201 s
currentSize : 21 <-- 0.619975 s
currentSize : 22 <-- 5.178583 s

maxsize : 22
nodes : 6407984.000000
filtered : 360481912.000000
time : 371.556702
