Parameters: GAD=1 vflib=1 dir=0 label=0 lowerbound=1 fileNameGp=../graphsdb/mcs50/bvg/b06m/mcs50_b06m_s30.A59 fileNameGt=../graphsdb/mcs50/bvg/b06m/mcs50_b06m_s30.B59
Reading graphs...
30 :  82
30 :  84
Initializing...
maxdom : 30
D->valSize : 900
Solving...
Blb : 2 (clique : 15)
currentSize : 15 <-- 0.018476 s
currentSize : 16 <-- 0.040921 s
currentSize : 17 <-- 0.050317 s
currentSize : 18 <-- 0.982408 s
currentSize : 19 <-- 1.051584 s

maxsize : 19
nodes : 9708663.000000
filtered : 367186559.000000
time : 154.309311
