Parameters: GAD=1 vflib=1 dir=0 label=0 lowerbound=1 fileNameGp=../graphsdb/mcs50/bvg/b03m/mcs50_b03m_s25.A24 fileNameGt=../graphsdb/mcs50/bvg/b03m/mcs50_b03m_s25.B24
Reading graphs...
25 :  37
25 :  37
Initializing...
maxdom : 25
D->valSize : 625
Solving...
Blb : 2 (clique : 15)
currentSize : 15 <-- 0.009618 s
currentSize : 16 <-- 0.009785 s
currentSize : 17 <-- 0.009856 s
currentSize : 18 <-- 0.112278 s
currentSize : 19 <-- 0.249235 s
currentSize : 20 <-- 13.210184 s

maxsize : 20
nodes : 456512.000000
filtered : 22763618.000000
time : 14.146807
