Parameters: GAD=1 vflib=1 dir=0 label=0 lowerbound=1 fileNameGp=../graphsdb/mcs50/bvg/b09m/mcs50_b09m_s25.A70 fileNameGt=../graphsdb/mcs50/bvg/b09m/mcs50_b09m_s25.B70
Reading graphs...
25 :  102
25 :  107
Initializing...
maxdom : 25
D->valSize : 625
Solving...
Blb : 3 (clique : 10)
currentSize : 10 <-- 0.004680 s
currentSize : 11 <-- 0.004854 s
currentSize : 12 <-- 0.007920 s
currentSize : 13 <-- 0.032788 s
currentSize : 14 <-- 0.362039 s

maxsize : 14
nodes : 1840941.000000
filtered : 33286644.000000
time : 9.582324
