Parameters: GAD=1 vflib=1 dir=0 label=0 lowerbound=1 fileNameGp=../graphsdb/mcs50/bvg/b06/mcs50_b06_s30.A86 fileNameGt=../graphsdb/mcs50/bvg/b06/mcs50_b06_s30.B86
Reading graphs...
30 :  89
30 :  88
Initializing...
maxdom : 30
D->valSize : 900
Solving...
Blb : 2 (clique : 14)
currentSize : 14 <-- 0.010334 s
currentSize : 15 <-- 0.010453 s
currentSize : 17 <-- 0.010500 s
currentSize : 18 <-- 0.010514 s
currentSize : 19 <-- 4.835560 s
currentSize : 20 <-- 4.835601 s

maxsize : 20
nodes : 2540902.000000
filtered : 107268917.000000
time : 43.121628
