Parameters: GAD=1 vflib=1 dir=0 label=0 lowerbound=1 fileNameGp=../graphsdb/mcs50/m4D/m4Dr2/mcs50_m4Dr2_s30.A31 fileNameGt=../graphsdb/mcs50/m4D/m4Dr2/mcs50_m4Dr2_s30.B31
Reading graphs...
30 :  60
30 :  61
Initializing...
maxdom : 30
D->valSize : 900
Solving...
Blb : 2 (clique : 16)
currentSize : 16 <-- 0.019508 s
currentSize : 17 <-- 0.068273 s
currentSize : 18 <-- 0.071753 s
currentSize : 19 <-- 1.791144 s
currentSize : 20 <-- 2.102106 s
currentSize : 21 <-- 2.276626 s
currentSize : 22 <-- 2.885339 s

maxsize : 22
nodes : 2847646.000000
filtered : 150701664.000000
time : 81.681694
