Parameters: GAD=1 vflib=1 dir=0 label=0 lowerbound=1 fileNameGp=../graphsdb/mcs50/m4D/m4Dr2/mcs50_m4Dr2_s35.A81 fileNameGt=../graphsdb/mcs50/m4D/m4Dr2/mcs50_m4Dr2_s35.B81
Reading graphs...
35 :  66
35 :  67
Initializing...
maxdom : 35
D->valSize : 1225
Solving...
Blb : 2 (clique : 20)
currentSize : 20 <-- 0.025085 s
currentSize : 21 <-- 0.025303 s
currentSize : 22 <-- 0.043572 s
currentSize : 23 <-- 0.544377 s
currentSize : 24 <-- 1.273798 s
currentSize : 25 <-- 2.429778 s
currentSize : 26 <-- 4.284853 s

maxsize : 26
nodes : 21691487.000000
filtered : 1636303684.000000
time : 1110.974487
