Parameters: GAD=1 vflib=1 dir=0 label=0 lowerbound=1 fileNameGp=../graphsdb/mcs50/rand/r02/mcs50_r02_s30.A02 fileNameGt=../graphsdb/mcs50/rand/r02/mcs50_r02_s30.B02
Reading graphs...
30 :  157
30 :  157
Initializing...
maxdom : 30
D->valSize : 900
Solving...
Blb : 5 (clique : 10)
currentSize : 10 <-- 0.016492 s
currentSize : 11 <-- 0.016641 s
currentSize : 12 <-- 0.016953 s
currentSize : 13 <-- 0.030254 s
currentSize : 14 <-- 0.717542 s
currentSize : 15 <-- 47.445980 s

maxsize : 15
nodes : 45887631.000000
filtered : 741695877.000000
time : 210.669952
