Parameters: GAD=1 vflib=1 dir=0 label=0 lowerbound=1 fileNameGp=../graphsdb/mcs50/m4D/m4D/mcs50_m4D_s30.A66 fileNameGt=../graphsdb/mcs50/m4D/m4D/mcs50_m4D_s30.B66
Reading graphs...
30 :  55
30 :  55
Initializing...
maxdom : 30
D->valSize : 900
Solving...
Blb : 2 (clique : 18)
currentSize : 18 <-- 0.019870 s
currentSize : 19 <-- 0.067324 s
currentSize : 20 <-- 0.076272 s
currentSize : 21 <-- 0.778936 s
currentSize : 22 <-- 41.312584 s

maxsize : 22
nodes : 5195835.000000
filtered : 256012285.000000
time : 237.307007
