Parameters: GAD=1 vflib=1 dir=0 label=0 lowerbound=1 fileNameGp=../graphsdb/mcs50/bvg/b06/mcs50_b06_s35.A46 fileNameGt=../graphsdb/mcs50/bvg/b06/mcs50_b06_s35.B46
Reading graphs...
35 :  104
35 :  104
Initializing...
maxdom : 35
D->valSize : 1225
Solving...
Blb : 2 (clique : 16)
currentSize : 16 <-- 0.019582 s
currentSize : 17 <-- 0.019805 s
currentSize : 18 <-- 0.019851 s
currentSize : 19 <-- 0.019889 s
currentSize : 20 <-- 0.025832 s
currentSize : 21 <-- 17.816860 s
currentSize : 22 <-- 28.870909 s

TIMEOUT
maxsize : 22
nodes : 156601702.000000
filtered : 8460595912.000000
time : 3600.000244
