Parameters: GAD=1 vflib=1 dir=0 label=0 lowerbound=1 fileNameGp=../graphsdb/mcs50/rand/r02/mcs50_r02_s30.A07 fileNameGt=../graphsdb/mcs50/rand/r02/mcs50_r02_s30.B07
Reading graphs...
30 :  155
30 :  155
Initializing...
maxdom : 30
D->valSize : 900
Solving...
Blb : 2 (clique : 11)
currentSize : 11 <-- 0.016251 s
currentSize : 12 <-- 0.018153 s
currentSize : 13 <-- 0.043643 s
currentSize : 14 <-- 1.391185 s
currentSize : 15 <-- 46.798908 s

maxsize : 15
nodes : 59659269.000000
filtered : 986160637.000000
time : 273.946747
