Parameters: GAD=1 vflib=1 dir=0 label=0 lowerbound=1 fileNameGp=../graphsdb/mcs50/bvg/b03/mcs50_b03_s30.A34 fileNameGt=../graphsdb/mcs50/bvg/b03/mcs50_b03_s30.B34
Reading graphs...
30 :  45
30 :  45
Initializing...
maxdom : 30
D->valSize : 900
Solving...
Blb : 2 (clique : 17)
currentSize : 17 <-- 0.020068 s
currentSize : 18 <-- 0.020294 s
currentSize : 20 <-- 0.020585 s
currentSize : 21 <-- 0.271337 s
currentSize : 22 <-- 0.406584 s
currentSize : 23 <-- 0.450764 s
currentSize : 24 <-- 20.307192 s

maxsize : 24
nodes : 501355.000000
filtered : 30115575.000000
time : 32.036022
