Parameters: GAD=1 vflib=1 dir=0 label=0 lowerbound=1 fileNameGp=../graphsdb/mcs50/rand/r01/mcs50_r01_s30.A18 fileNameGt=../graphsdb/mcs50/rand/r01/mcs50_r01_s30.B18
Reading graphs...
30 :  81
30 :  81
Initializing...
maxdom : 30
D->valSize : 900
Solving...
Blb : 2 (clique : 15)
currentSize : 15 <-- 0.018605 s
currentSize : 16 <-- 0.020465 s
currentSize : 17 <-- 0.988303 s
currentSize : 18 <-- 7.811727 s
currentSize : 19 <-- 64.478157 s

maxsize : 19
nodes : 26178210.000000
filtered : 825627659.000000
time : 300.891357
