Parameters: GAD=1 vflib=1 dir=0 label=0 lowerbound=1 fileNameGp=../graphsdb/mcs50/bvg/b09/mcs50_b09_s35.A42 fileNameGt=../graphsdb/mcs50/bvg/b09/mcs50_b09_s35.B42
Reading graphs...
35 :  149
35 :  152
Initializing...
maxdom : 35
D->valSize : 1225
Solving...
Blb : 2 (clique : 13)
currentSize : 13 <-- 0.018467 s
currentSize : 14 <-- 0.018619 s
currentSize : 15 <-- 0.020408 s
currentSize : 16 <-- 0.060560 s
currentSize : 17 <-- 0.075743 s
currentSize : 18 <-- 1.531962 s
currentSize : 19 <-- 3.399545 s
currentSize : 20 <-- 3.399602 s

maxsize : 20
nodes : 60798626.000000
filtered : 2133693698.000000
time : 599.903748
