Parameters: GAD=1 vflib=1 dir=0 label=0 lowerbound=1 fileNameGp=../graphsdb/mcs50/m4D/m4D/mcs50_m4D_s30.A29 fileNameGt=../graphsdb/mcs50/m4D/m4D/mcs50_m4D_s30.B29
Reading graphs...
30 :  55
30 :  54
Initializing...
maxdom : 30
D->valSize : 900
Solving...
Blb : 2 (clique : 19)
currentSize : 19 <-- 0.019739 s
currentSize : 20 <-- 0.020015 s
currentSize : 21 <-- 0.068102 s
currentSize : 22 <-- 0.490336 s
currentSize : 23 <-- 0.582171 s

maxsize : 23
nodes : 1706403.000000
filtered : 111870801.000000
time : 98.191574
