Parameters: GAD=1 vflib=1 dir=0 label=0 lowerbound=1 fileNameGp=../graphsdb/mcs50/m4D/m4Dr4/mcs50_m4Dr4_s35.A30 fileNameGt=../graphsdb/mcs50/m4D/m4Dr4/mcs50_m4Dr4_s35.B30
Reading graphs...
35 :  74
35 :  75
Initializing...
maxdom : 35
D->valSize : 1225
Solving...
Blb : 2 (clique : 17)
currentSize : 17 <-- 0.020532 s
currentSize : 19 <-- 0.020692 s
currentSize : 20 <-- 0.020736 s
currentSize : 21 <-- 0.022839 s
currentSize : 22 <-- 0.128444 s
currentSize : 23 <-- 0.128499 s
currentSize : 24 <-- 66.215477 s

TIMEOUT
maxsize : 24
nodes : 78727274.000000
filtered : 4396226192.000000
time : 3600.000488
