Parameters: GAD=1 vflib=1 dir=0 label=0 lowerbound=1 fileNameGp=../graphsdb/mcs70/m3D/m3D/mcs70_m3D_s35.A93 fileNameGt=../graphsdb/mcs70/m3D/m3D/mcs70_m3D_s35.B93
Reading graphs...
35 :  72
35 :  72
Initializing...
maxdom : 35
D->valSize : 1225
Solving...
Blb : 3 (clique : 18)
currentSize : 18 <-- 0.020520 s
currentSize : 20 <-- 0.020685 s
currentSize : 21 <-- 0.021888 s
currentSize : 22 <-- 0.086808 s
currentSize : 23 <-- 48.314331 s
currentSize : 24 <-- 54.527046 s
currentSize : 25 <-- 67.077919 s
currentSize : 26 <-- 104.368179 s
currentSize : 27 <-- 122.413795 s
currentSize : 28 <-- 122.539223 s

maxsize : 28
nodes : 7042365.000000
filtered : 277125589.000000
time : 145.724960
