Parameters: GAD=1 vflib=1 dir=0 label=0 lowerbound=1 fileNameGp=../graphsdb/mcs70/rand/r005/mcs70_r005_s20.A09 fileNameGt=../graphsdb/mcs70/rand/r005/mcs70_r005_s20.B09
Reading graphs...
20 :  23
20 :  23
Initializing...
maxdom : 20
D->valSize : 400
Solving...
Blb : 3 (clique : 12)
currentSize : 12 <-- 0.002442 s
currentSize : 13 <-- 0.002553 s
currentSize : 14 <-- 0.002613 s
currentSize : 15 <-- 0.002882 s
currentSize : 16 <-- 3.464214 s

maxsize : 16
nodes : 330130.000000
filtered : 10471443.000000
time : 4.695910
