Parameters: GAD=1 vflib=1 dir=0 label=0 lowerbound=1 fileNameGp=../graphsdb/mcs70/rand/r02/mcs70_r02_s30.A47 fileNameGt=../graphsdb/mcs70/rand/r02/mcs70_r02_s30.B47
Reading graphs...
30 :  157
30 :  153
Initializing...
maxdom : 30
D->valSize : 900
Solving...
Blb : 5 (clique : 11)
currentSize : 11 <-- 0.009708 s
currentSize : 12 <-- 0.010679 s
currentSize : 13 <-- 0.010951 s
currentSize : 14 <-- 2.872781 s
currentSize : 15 <-- 9.912881 s
currentSize : 17 <-- 10.687689 s
currentSize : 21 <-- 10.779100 s

maxsize : 21
nodes : 3157476.000000
filtered : 58393261.000000
time : 15.430251
