Parameters: GAD=1 vflib=1 dir=0 label=0 lowerbound=1 fileNameGp=../graphsdb/mcs70/m2D/m2D/mcs70_m2D_s35.A66 fileNameGt=../graphsdb/mcs70/m2D/m2D/mcs70_m2D_s35.B66
Reading graphs...
35 :  58
35 :  58
Initializing...
maxdom : 35
D->valSize : 1225
Solving...
Blb : 2 (clique : 22)
currentSize : 22 <-- 0.037544 s
currentSize : 23 <-- 0.042515 s
currentSize : 24 <-- 0.043945 s
currentSize : 25 <-- 3.274812 s
currentSize : 26 <-- 926.181213 s
currentSize : 27 <-- 1277.139038 s

maxsize : 27
nodes : 35418725.000000
filtered : 2486651163.000000
time : 2999.678467
