Parameters: GAD=1 vflib=1 dir=0 label=0 lowerbound=1 fileNameGp=../graphsdb/mcs70/bvg/b06m/mcs70_b06m_s20.A98 fileNameGt=../graphsdb/mcs70/bvg/b06m/mcs70_b06m_s20.B98
Reading graphs...
20 :  56
20 :  58
Initializing...
maxdom : 20
D->valSize : 400
Solving...
Blb : 3 (clique : 11)
currentSize : 11 <-- 0.002292 s
currentSize : 12 <-- 0.002706 s
currentSize : 13 <-- 0.158669 s
currentSize : 14 <-- 0.231336 s
currentSize : 15 <-- 0.231874 s

maxsize : 15
nodes : 48612.000000
filtered : 927693.000000
time : 0.283398
