Parameters: GAD=1 vflib=1 dir=0 label=0 lowerbound=1 fileNameGp=../graphsdb/mcs70/bvg/b03m/mcs70_b03m_s30.A60 fileNameGt=../graphsdb/mcs70/bvg/b03m/mcs70_b03m_s30.B60
Reading graphs...
30 :  44
30 :  44
Initializing...
maxdom : 30
D->valSize : 900
Solving...
Blb : 2 (clique : 18)
currentSize : 18 <-- 0.020261 s
currentSize : 19 <-- 0.020487 s
currentSize : 20 <-- 0.020727 s
currentSize : 21 <-- 0.021316 s
currentSize : 22 <-- 0.025781 s
currentSize : 23 <-- 0.240705 s
currentSize : 24 <-- 40.807281 s
currentSize : 25 <-- 40.807495 s

maxsize : 25
nodes : 876474.000000
filtered : 62212876.000000
time : 45.954231
