Parameters: GAD=1 vflib=1 dir=0 label=0 lowerbound=1 fileNameGp=../graphsdb/mcs70/m2D/m2Dr6/m2Dr6/mcs70_m2Dr6_s25.A07 fileNameGt=../graphsdb/mcs70/m2D/m2Dr6/m2Dr6/mcs70_m2Dr6_s25.B07
Reading graphs...
25 :  55
25 :  54
Initializing...
maxdom : 25
D->valSize : 625
Solving...
Blb : 2 (clique : 12)
currentSize : 12 <-- 0.009018 s
currentSize : 13 <-- 0.009160 s
currentSize : 14 <-- 0.009333 s
currentSize : 15 <-- 0.009700 s
currentSize : 16 <-- 0.010253 s
currentSize : 17 <-- 1.281341 s

maxsize : 17
nodes : 1070231.000000
filtered : 32608748.000000
time : 13.994194
