Parameters: GAD=1 vflib=1 dir=0 label=0 lowerbound=1 fileNameGp=../graphsdb/mcs70/bvg/b09m/mcs70_b09m_s25.A74 fileNameGt=../graphsdb/mcs70/bvg/b09m/mcs70_b09m_s25.B74
Reading graphs...
25 :  107
25 :  109
Initializing...
maxdom : 25
D->valSize : 625
Solving...
Blb : 2 (clique : 11)
currentSize : 11 <-- 0.004776 s
currentSize : 12 <-- 0.004968 s
currentSize : 13 <-- 0.005485 s
currentSize : 14 <-- 0.327799 s
currentSize : 15 <-- 2.016094 s
currentSize : 16 <-- 6.200405 s

maxsize : 16
nodes : 1229723.000000
filtered : 27927934.000000
time : 6.611060
