Parameters: GAD=1 vflib=1 dir=0 label=0 lowerbound=1 fileNameGp=../graphsdb/mcs70/rand/r005/mcs70_r005_s30.A02 fileNameGt=../graphsdb/mcs70/rand/r005/mcs70_r005_s30.B02
Reading graphs...
30 :  41
30 :  41
Initializing...
maxdom : 30
D->valSize : 900
Solving...
Blb : 2 (clique : 19)
currentSize : 19 <-- 0.012167 s
currentSize : 20 <-- 0.013165 s
currentSize : 21 <-- 0.014166 s
currentSize : 22 <-- 0.140510 s
currentSize : 23 <-- 0.146336 s
currentSize : 24 <-- 1636.994629 s

maxsize : 24
nodes : 38033215.000000
filtered : 2281586563.000000
time : 1760.971191
