Parameters: GAD=1 vflib=1 dir=0 label=0 lowerbound=1 fileNameGp=../graphsdb/mcs70/m3D/m3D/mcs70_m3D_s35.A40 fileNameGt=../graphsdb/mcs70/m3D/m3D/mcs70_m3D_s35.B40
Reading graphs...
35 :  72
35 :  72
Initializing...
maxdom : 35
D->valSize : 1225
Solving...
Blb : 2 (clique : 22)
currentSize : 22 <-- 0.036538 s
currentSize : 23 <-- 0.275168 s
currentSize : 24 <-- 8.445450 s
currentSize : 25 <-- 23.303999 s
currentSize : 27 <-- 75.265053 s
currentSize : 28 <-- 75.712135 s
currentSize : 29 <-- 87.040466 s

maxsize : 29
nodes : 2637742.000000
filtered : 139644551.000000
time : 98.726791
