Parameters: GAD=1 vflib=1 dir=0 label=0 lowerbound=1 fileNameGp=../graphsdb/mcs70/m3D/m3D/mcs70_m3D_s35.A46 fileNameGt=../graphsdb/mcs70/m3D/m3D/mcs70_m3D_s35.B46
Reading graphs...
35 :  72
35 :  72
Initializing...
maxdom : 35
D->valSize : 1225
Solving...
Blb : 2 (clique : 20)
currentSize : 20 <-- 0.020952 s
currentSize : 21 <-- 0.021183 s
currentSize : 22 <-- 0.021819 s
currentSize : 23 <-- 6.840802 s
currentSize : 24 <-- 29.780668 s
currentSize : 25 <-- 34.199615 s
currentSize : 26 <-- 155.582794 s
currentSize : 27 <-- 516.809875 s

maxsize : 27
nodes : 22495182.000000
filtered : 1335919003.000000
time : 685.607361
