Parameters: GAD=1 vflib=1 dir=0 label=0 lowerbound=1 fileNameGp=../graphsdb/mcs70/rand/r01/mcs70_r01_s25.A30 fileNameGt=../graphsdb/mcs70/rand/r01/mcs70_r01_s25.B30
Reading graphs...
25 :  57
25 :  58
Initializing...
maxdom : 25
D->valSize : 625
Solving...
Blb : 3 (clique : 12)
currentSize : 12 <-- 0.005200 s
currentSize : 13 <-- 0.005316 s
currentSize : 14 <-- 0.005400 s
currentSize : 15 <-- 0.006717 s
currentSize : 16 <-- 0.006758 s
currentSize : 17 <-- 0.038752 s

maxsize : 17
nodes : 781226.000000
filtered : 25479025.000000
time : 10.814256
