Parameters: GAD=1 vflib=1 dir=0 label=0 lowerbound=1 fileNameGp=../graphsdb/mcs70/m3D/m3Dr2/mcs70_m3Dr2_s35.A60 fileNameGt=../graphsdb/mcs70/m3D/m3Dr2/mcs70_m3Dr2_s35.B60
Reading graphs...
35 :  79
35 :  79
Initializing...
maxdom : 35
D->valSize : 1225
Solving...
Blb : 2 (clique : 19)
currentSize : 19 <-- 0.035900 s
currentSize : 20 <-- 0.075109 s
currentSize : 21 <-- 0.078596 s
currentSize : 22 <-- 4.213884 s
currentSize : 23 <-- 40.645237 s
currentSize : 24 <-- 166.493774 s
currentSize : 25 <-- 166.512115 s
currentSize : 27 <-- 166.512161 s

maxsize : 27
nodes : 13922049.000000
filtered : 604101699.000000
time : 231.543671
