Parameters: GAD=1 vflib=1 dir=0 label=0 lowerbound=1 fileNameGp=../graphsdb/mcs70/rand/r02/mcs70_r02_s35.A47 fileNameGt=../graphsdb/mcs70/rand/r02/mcs70_r02_s35.B47
Reading graphs...
35 :  214
35 :  215
Initializing...
maxdom : 35
D->valSize : 1225
Solving...
Blb : 2 (clique : 11)
currentSize : 11 <-- 0.030594 s
currentSize : 12 <-- 0.030786 s
currentSize : 13 <-- 0.034872 s
currentSize : 14 <-- 0.083669 s
currentSize : 15 <-- 11.229746 s
currentSize : 16 <-- 216.029633 s
currentSize : 17 <-- 368.242218 s
currentSize : 18 <-- 419.164551 s
currentSize : 20 <-- 420.515320 s
currentSize : 21 <-- 512.849915 s
currentSize : 24 <-- 512.849976 s

maxsize : 24
nodes : 116132809.000000
filtered : 1772839639.000000
time : 529.166565
