Parameters: GAD=1 vflib=1 dir=0 label=0 lowerbound=1 fileNameGp=../graphsdb/mcs70/bvg/b09m/mcs70_b09m_s25.A89 fileNameGt=../graphsdb/mcs70/bvg/b09m/mcs70_b09m_s25.B89
Reading graphs...
25 :  108
25 :  107
Initializing...
maxdom : 25
D->valSize : 625
Solving...
Blb : 2 (clique : 10)
currentSize : 10 <-- 0.007950 s
currentSize : 11 <-- 0.008082 s
currentSize : 12 <-- 0.009181 s
currentSize : 13 <-- 0.066163 s
currentSize : 15 <-- 0.147935 s
currentSize : 16 <-- 0.148046 s

maxsize : 16
nodes : 387282.000000
filtered : 9822859.000000
time : 2.380939
