Parameters: GAD=1 vflib=1 dir=0 label=0 lowerbound=1 fileNameGp=../graphsdb/mcs70/bvg/b03/mcs70_b03_s25.A90 fileNameGt=../graphsdb/mcs70/bvg/b03/mcs70_b03_s25.B90
Reading graphs...
25 :  37
25 :  37
Initializing...
maxdom : 25
D->valSize : 625
Solving...
Blb : 2 (clique : 16)
currentSize : 16 <-- 0.005697 s
currentSize : 17 <-- 0.008421 s
currentSize : 18 <-- 0.036513 s
currentSize : 19 <-- 0.062975 s
currentSize : 20 <-- 1.030908 s

maxsize : 20
nodes : 75401.000000
filtered : 2953584.000000
time : 2.618883
