Parameters: GAD=1 vflib=1 dir=0 label=0 lowerbound=1 fileNameGp=../graphsdb/mcs70/m2D/m2Dr4/mcs70_m2Dr4_s25.A49 fileNameGt=../graphsdb/mcs70/m2D/m2Dr4/mcs70_m2Dr4_s25.B49
Reading graphs...
25 :  50
25 :  47
Initializing...
maxdom : 25
D->valSize : 625
Solving...
Blb : 2 (clique : 13)
currentSize : 13 <-- 0.005523 s
currentSize : 14 <-- 0.005718 s
currentSize : 15 <-- 0.005800 s
currentSize : 16 <-- 0.007403 s
currentSize : 17 <-- 0.182771 s
currentSize : 18 <-- 3.061365 s

maxsize : 18
nodes : 550486.000000
filtered : 18043669.000000
time : 7.620963
