Parameters: GAD=1 vflib=1 dir=0 label=0 lowerbound=1 fileNameGp=../graphsdb/mcs70/m3D/m3Dr4/mcs70_m3Dr4_s35.A86 fileNameGt=../graphsdb/mcs70/m3D/m3Dr4/mcs70_m3Dr4_s35.B86
Reading graphs...
35 :  83
35 :  84
Initializing...
maxdom : 35
D->valSize : 1225
Solving...
Blb : 2 (clique : 18)
currentSize : 18 <-- 0.025415 s
currentSize : 19 <-- 0.025792 s
currentSize : 20 <-- 0.026770 s
currentSize : 21 <-- 0.031273 s
currentSize : 22 <-- 2.193805 s
currentSize : 23 <-- 15.592498 s
currentSize : 24 <-- 2604.334229 s
currentSize : 25 <-- 2604.334473 s
currentSize : 26 <-- 2605.184570 s
currentSize : 27 <-- 2605.184570 s

maxsize : 27
nodes : 146288121.000000
filtered : 6103173913.000000
time : 2629.553223
