Parameters: GAD=1 vflib=1 dir=0 label=0 lowerbound=1 fileNameGp=../graphsdb/mcs70/bvg/b09/mcs70_b09_s30.A49 fileNameGt=../graphsdb/mcs70/bvg/b09/mcs70_b09_s30.B49
Reading graphs...
30 :  133
30 :  133
Initializing...
maxdom : 30
D->valSize : 900
Solving...
Blb : 3 (clique : 12)
currentSize : 12 <-- 0.009647 s
currentSize : 13 <-- 0.013566 s
currentSize : 14 <-- 0.015601 s
currentSize : 15 <-- 0.023471 s
currentSize : 18 <-- 0.164515 s
currentSize : 19 <-- 0.172257 s
currentSize : 20 <-- 0.178914 s
currentSize : 21 <-- 1.348695 s

maxsize : 21
nodes : 755817.000000
filtered : 31587782.000000
time : 7.230390
