Parameters: GAD=1 vflib=1 dir=0 label=0 lowerbound=1 fileNameGp=../graphsdb/mcs70/m3D/m3Dr4/mcs70_m3Dr4_s35.A54 fileNameGt=../graphsdb/mcs70/m3D/m3Dr4/mcs70_m3Dr4_s35.B54
Reading graphs...
35 :  86
35 :  85
Initializing...
maxdom : 35
D->valSize : 1225
Solving...
Blb : 5 (clique : 17)
currentSize : 17 <-- 0.035627 s
currentSize : 18 <-- 0.035962 s
currentSize : 19 <-- 0.037689 s
currentSize : 20 <-- 0.095258 s
currentSize : 21 <-- 0.522087 s
currentSize : 22 <-- 131.335663 s
currentSize : 25 <-- 3249.892334 s
currentSize : 27 <-- 3249.892822 s

maxsize : 27
nodes : 139406765.000000
filtered : 5817868406.000000
time : 3296.806641
