Parameters: GAD=1 vflib=1 dir=0 label=0 lowerbound=1 fileNameGp=../graphsdb/mcs70/bvg/b06/mcs70_b06_s35.A01 fileNameGt=../graphsdb/mcs70/bvg/b06/mcs70_b06_s35.B01
Reading graphs...
35 :  104
35 :  105
Initializing...
maxdom : 35
D->valSize : 1225
Solving...
Blb : 2 (clique : 18)
currentSize : 18 <-- 0.019937 s
currentSize : 19 <-- 0.020287 s
currentSize : 20 <-- 1.538654 s
currentSize : 21 <-- 1.863382 s
currentSize : 22 <-- 4.296690 s
currentSize : 24 <-- 4.296946 s
currentSize : 25 <-- 4.296969 s
currentSize : 26 <-- 4.387633 s

maxsize : 26
nodes : 2601503.000000
filtered : 154692311.000000
time : 70.333374
