Parameters: GAD=1 vflib=1 dir=0 label=0 lowerbound=1 fileNameGp=../graphsdb/mcs70/m3D/m3Dr2/mcs70_m3Dr2_s35.A12 fileNameGt=../graphsdb/mcs70/m3D/m3Dr2/mcs70_m3Dr2_s35.B12
Reading graphs...
35 :  79
35 :  78
Initializing...
maxdom : 35
D->valSize : 1225
Solving...
Blb : 2 (clique : 17)
currentSize : 17 <-- 0.020474 s
currentSize : 21 <-- 0.020638 s
currentSize : 22 <-- 0.024395 s
currentSize : 23 <-- 0.039173 s
currentSize : 24 <-- 7.976292 s
currentSize : 25 <-- 8.275098 s
currentSize : 27 <-- 40.112614 s

maxsize : 27
nodes : 3818949.000000
filtered : 202023784.000000
time : 94.814674
