Parameters: GAD=1 vflib=1 dir=0 label=0 lowerbound=1 fileNameGp=../graphsdb/mcs70/m2D/m2Dr4/mcs70_m2Dr4_s25.A23 fileNameGt=../graphsdb/mcs70/m2D/m2Dr4/mcs70_m2Dr4_s25.B23
Reading graphs...
25 :  48
25 :  48
Initializing...
maxdom : 25
D->valSize : 625
Solving...
Blb : 2 (clique : 13)
currentSize : 13 <-- 0.005247 s
currentSize : 14 <-- 0.005345 s
currentSize : 15 <-- 0.005584 s
currentSize : 16 <-- 0.006252 s
currentSize : 17 <-- 0.097851 s

maxsize : 17
nodes : 1742058.000000
filtered : 51250474.000000
time : 24.773796
