Parameters: GAD=1 vflib=1 dir=0 label=0 lowerbound=1 fileNameGp=../graphsdb/mcs70/m2D/m2Dr6/m2Dr6/mcs70_m2Dr6_s25.A15 fileNameGt=../graphsdb/mcs70/m2D/m2Dr6/m2Dr6/mcs70_m2Dr6_s25.B15
Reading graphs...
25 :  52
25 :  51
Initializing...
maxdom : 25
D->valSize : 625
Solving...
Blb : 2 (clique : 13)
currentSize : 13 <-- 0.005182 s
currentSize : 14 <-- 0.005297 s
currentSize : 15 <-- 0.005363 s
currentSize : 16 <-- 0.005674 s
currentSize : 17 <-- 0.157832 s
currentSize : 18 <-- 0.403947 s

maxsize : 18
nodes : 423401.000000
filtered : 17925116.000000
time : 6.631725
