Parameters: GAD=1 vflib=1 dir=0 label=0 lowerbound=1 fileNameGp=../graphsdb/mcs70/rand/r02/mcs70_r02_s25.A70 fileNameGt=../graphsdb/mcs70/rand/r02/mcs70_r02_s25.B70
Reading graphs...
25 :  102
25 :  108
Initializing...
maxdom : 25
D->valSize : 625
Solving...
Blb : 5 (clique : 11)
currentSize : 11 <-- 0.007960 s
currentSize : 12 <-- 0.011171 s
currentSize : 13 <-- 0.087292 s
currentSize : 14 <-- 0.128392 s
currentSize : 17 <-- 0.154004 s

maxsize : 17
nodes : 254910.000000
filtered : 7569916.000000
time : 1.615703
