Parameters: GAD=1 vflib=1 dir=0 label=0 lowerbound=1 fileNameGp=../graphsdb/mcs70/bvg/b09m/mcs70_b09m_s35.A97 fileNameGt=../graphsdb/mcs70/bvg/b09m/mcs70_b09m_s35.B97
Reading graphs...
35 :  152
35 :  153
Initializing...
maxdom : 35
D->valSize : 1225
Solving...
Blb : 2 (clique : 15)
currentSize : 15 <-- 0.018490 s
currentSize : 16 <-- 0.064618 s
currentSize : 17 <-- 1.179659 s
currentSize : 18 <-- 258.981110 s
currentSize : 19 <-- 433.706299 s
currentSize : 21 <-- 457.297119 s
currentSize : 22 <-- 457.838013 s
currentSize : 24 <-- 457.838043 s

maxsize : 24
nodes : 64627770.000000
filtered : 1585411168.000000
time : 492.508209
