Parameters: GAD=1 vflib=1 dir=0 label=0 lowerbound=1 fileNameGp=../graphsdb/mcs70/rand/r005/mcs70_r005_s25.A29 fileNameGt=../graphsdb/mcs70/rand/r005/mcs70_r005_s25.B29
Reading graphs...
25 :  33
25 :  33
Initializing...
maxdom : 25
D->valSize : 625
Solving...
Blb : 2 (clique : 16)
currentSize : 16 <-- 0.005830 s
currentSize : 17 <-- 0.005932 s
currentSize : 18 <-- 0.005983 s
currentSize : 19 <-- 0.009128 s
currentSize : 20 <-- 0.242292 s

maxsize : 20
nodes : 215760.000000
filtered : 12101220.000000
time : 10.692185
