Parameters: GAD=1 vflib=1 dir=0 label=0 lowerbound=1 fileNameGp=../graphsdb/mcs70/m3D/m3Dr4/mcs70_m3Dr4_s35.A61 fileNameGt=../graphsdb/mcs70/m3D/m3Dr4/mcs70_m3Dr4_s35.B61
Reading graphs...
35 :  84
35 :  82
Initializing...
maxdom : 35
D->valSize : 1225
Solving...
Blb : 2 (clique : 18)
currentSize : 18 <-- 0.035659 s
currentSize : 19 <-- 0.071511 s
currentSize : 20 <-- 0.143299 s
currentSize : 21 <-- 0.701995 s
currentSize : 22 <-- 0.789324 s
currentSize : 23 <-- 84.849319 s
currentSize : 24 <-- 85.289497 s
currentSize : 25 <-- 85.289513 s
currentSize : 27 <-- 133.381531 s

maxsize : 27
nodes : 6629768.000000
filtered : 307033498.000000
time : 174.193878
