Parameters: GAD=1 vflib=1 dir=0 label=0 lowerbound=1 fileNameGp=../graphsdb/mcs70/m3D/m3Dr2/mcs70_m3Dr2_s35.A96 fileNameGt=../graphsdb/mcs70/m3D/m3Dr2/mcs70_m3Dr2_s35.B96
Reading graphs...
35 :  78
35 :  78
Initializing...
maxdom : 35
D->valSize : 1225
Solving...
Blb : 2 (clique : 18)
currentSize : 18 <-- 0.021060 s
currentSize : 19 <-- 0.021245 s
currentSize : 20 <-- 0.021578 s
currentSize : 21 <-- 0.047524 s
currentSize : 22 <-- 0.093633 s
currentSize : 23 <-- 127.072823 s
currentSize : 24 <-- 335.857819 s
currentSize : 25 <-- 448.894470 s
currentSize : 27 <-- 750.418030 s

maxsize : 27
nodes : 37181555.000000
filtered : 1881246070.000000
time : 846.446167
