Parameters: GAD=1 vflib=1 dir=0 label=0 lowerbound=1 fileNameGp=../graphsdb/mcs70/m2D/m2Dr6/m2Dr6/mcs70_m2Dr6_s35.A15 fileNameGt=../graphsdb/mcs70/m2D/m2Dr6/m2Dr6/mcs70_m2Dr6_s35.B15
Reading graphs...
35 :  79
35 :  78
Initializing...
maxdom : 35
D->valSize : 1225
Solving...
Blb : 2 (clique : 18)
currentSize : 18 <-- 0.020778 s
currentSize : 20 <-- 0.020943 s
currentSize : 21 <-- 0.025719 s
currentSize : 22 <-- 0.069834 s
currentSize : 23 <-- 26.757790 s
currentSize : 24 <-- 492.824371 s
currentSize : 25 <-- 1696.822021 s

maxsize : 25
nodes : 72638096.000000
filtered : 4170761065.000000
time : 2266.923096
