Parameters: GAD=1 vflib=1 dir=0 label=0 lowerbound=1 fileNameGp=../graphsdb/mcs70/m4D/m4Dr4/mcs70_m4Dr4_s25.A63 fileNameGt=../graphsdb/mcs70/m4D/m4Dr4/mcs70_m4Dr4_s25.B63
Reading graphs...
25 :  54
25 :  54
Initializing...
maxdom : 25
D->valSize : 625
Solving...
Blb : 2 (clique : 12)
currentSize : 12 <-- 0.005421 s
currentSize : 13 <-- 0.005507 s
currentSize : 14 <-- 0.005697 s
currentSize : 15 <-- 0.005756 s
currentSize : 16 <-- 0.081496 s
currentSize : 18 <-- 0.203926 s

maxsize : 18
nodes : 153960.000000
filtered : 6217540.000000
time : 3.413785
