Parameters: GAD=1 vflib=1 dir=0 label=0 lowerbound=1 fileNameGp=../graphsdb/mcs70/rand/r02/mcs70_r02_s35.A16 fileNameGt=../graphsdb/mcs70/rand/r02/mcs70_r02_s35.B16
Reading graphs...
35 :  210
35 :  209
Initializing...
maxdom : 35
D->valSize : 1225
Solving...
Blb : 2 (clique : 11)
currentSize : 11 <-- 0.030586 s
currentSize : 12 <-- 0.030792 s
currentSize : 13 <-- 0.031079 s
currentSize : 14 <-- 0.038242 s
currentSize : 15 <-- 0.333094 s
currentSize : 16 <-- 0.337760 s
currentSize : 17 <-- 11.574374 s
currentSize : 24 <-- 20.484915 s

maxsize : 24
nodes : 6830012.000000
filtered : 195787902.000000
time : 43.770592
