Parameters: GAD=1 vflib=1 dir=0 label=0 lowerbound=1 fileNameGp=../graphsdb/mcs70/bvg/b03m/mcs70_b03m_s30.A76 fileNameGt=../graphsdb/mcs70/bvg/b03m/mcs70_b03m_s30.B76
Reading graphs...
30 :  45
30 :  45
Initializing...
maxdom : 30
D->valSize : 900
Solving...
Blb : 5 (clique : 17)
currentSize : 17 <-- 0.017933 s
currentSize : 18 <-- 0.018093 s
currentSize : 19 <-- 0.018200 s
currentSize : 20 <-- 0.018879 s
currentSize : 21 <-- 0.021788 s
currentSize : 22 <-- 1.710998 s
currentSize : 23 <-- 4.888691 s

maxsize : 23
nodes : 4221810.000000
filtered : 244128241.000000
time : 139.951004
