Parameters: GAD=1 vflib=1 dir=0 label=0 lowerbound=1 fileNameGp=../graphsdb/mcs70/m4D/m4D/mcs70_m4D_s25.A65 fileNameGt=../graphsdb/mcs70/m4D/m4D/mcs70_m4D_s25.B65
Reading graphs...
25 :  47
25 :  46
Initializing...
maxdom : 25
D->valSize : 625
Solving...
Blb : 2 (clique : 15)
currentSize : 15 <-- 0.005295 s
currentSize : 16 <-- 0.005396 s
currentSize : 17 <-- 0.006959 s
currentSize : 18 <-- 0.158141 s
currentSize : 19 <-- 3.058243 s

maxsize : 19
nodes : 210208.000000
filtered : 8482049.000000
time : 4.112477
