Parameters: GAD=1 vflib=1 dir=0 label=0 lowerbound=1 fileNameGp=../graphsdb/mcs70/rand/r01/mcs70_r01_s30.A70 fileNameGt=../graphsdb/mcs70/rand/r01/mcs70_r01_s30.B70
Reading graphs...
30 :  85
30 :  85
Initializing...
maxdom : 30
D->valSize : 900
Solving...
Blb : 2 (clique : 16)
currentSize : 16 <-- 0.010913 s
currentSize : 17 <-- 0.014586 s
currentSize : 18 <-- 0.147768 s
currentSize : 19 <-- 44.283543 s
currentSize : 20 <-- 172.208603 s
currentSize : 21 <-- 172.208679 s

maxsize : 21
nodes : 14396082.000000
filtered : 535898253.000000
time : 184.747955
