Parameters: GAD=1 vflib=1 dir=0 label=0 lowerbound=1 fileNameGp=../graphsdb/mcs70/rand/r02/mcs70_r02_s30.A91 fileNameGt=../graphsdb/mcs70/rand/r02/mcs70_r02_s30.B91
Reading graphs...
30 :  151
30 :  159
Initializing...
maxdom : 30
D->valSize : 900
Solving...
Blb : 2 (clique : 10)
currentSize : 10 <-- 0.016079 s
currentSize : 11 <-- 0.016214 s
currentSize : 12 <-- 0.016755 s
currentSize : 13 <-- 0.019531 s
currentSize : 14 <-- 0.597646 s
currentSize : 15 <-- 1.076672 s
currentSize : 19 <-- 1.433977 s
currentSize : 21 <-- 1.434246 s

maxsize : 21
nodes : 675862.000000
filtered : 18392508.000000
time : 4.455215
