Parameters: GAD=1 vflib=1 dir=0 label=0 lowerbound=1 fileNameGp=../graphsdb/mcs70/bvg/b09m/mcs70_b09m_s30.A80 fileNameGt=../graphsdb/mcs70/bvg/b09m/mcs70_b09m_s30.B80
Reading graphs...
30 :  129
30 :  130
Initializing...
maxdom : 30
D->valSize : 900
Solving...
Blb : 2 (clique : 12)
currentSize : 12 <-- 0.009656 s
currentSize : 13 <-- 0.009848 s
currentSize : 14 <-- 0.012058 s
currentSize : 15 <-- 0.022714 s
currentSize : 16 <-- 11.405178 s
currentSize : 18 <-- 13.901570 s
currentSize : 19 <-- 13.901610 s
currentSize : 20 <-- 13.901633 s

maxsize : 20
nodes : 3536759.000000
filtered : 87188455.000000
time : 21.242378
