Parameters: GAD=1 vflib=1 dir=0 label=0 lowerbound=1 fileNameGp=../graphsdb/mcs70/bvg/b06m/mcs70_b06m_s35.A64 fileNameGt=../graphsdb/mcs70/bvg/b06m/mcs70_b06m_s35.B64
Reading graphs...
35 :  104
35 :  103
Initializing...
maxdom : 35
D->valSize : 1225
Solving...
Blb : 2 (clique : 16)
currentSize : 16 <-- 0.019725 s
currentSize : 17 <-- 0.020193 s
currentSize : 18 <-- 0.026290 s
currentSize : 19 <-- 0.027837 s
currentSize : 20 <-- 0.051119 s
currentSize : 21 <-- 155.982880 s
currentSize : 22 <-- 386.119385 s
currentSize : 23 <-- 467.731842 s
currentSize : 24 <-- 1066.649780 s

maxsize : 24
nodes : 70170102.000000
filtered : 3131929106.000000
time : 1126.994995
