Parameters: GAD=1 vflib=1 dir=0 label=0 lowerbound=1 fileNameGp=../graphsdb/mcs70/bvg/b03m/mcs70_b03m_s35.A96 fileNameGt=../graphsdb/mcs70/bvg/b03m/mcs70_b03m_s35.B96
Reading graphs...
35 :  51
35 :  51
Initializing...
maxdom : 35
D->valSize : 1225
Solving...
Blb : 2 (clique : 23)
currentSize : 23 <-- 0.037968 s
currentSize : 24 <-- 0.046798 s
currentSize : 25 <-- 0.254438 s
currentSize : 26 <-- 0.366677 s
currentSize : 27 <-- 1001.274597 s
currentSize : 28 <-- 1711.906372 s

maxsize : 28
nodes : 26590023.000000
filtered : 2175829296.000000
time : 2210.149414
