Parameters: GAD=1 vflib=1 dir=0 label=0 lowerbound=1 fileNameGp=../graphsdb/mcs70/bvg/b09/mcs70_b09_s35.A46 fileNameGt=../graphsdb/mcs70/bvg/b09/mcs70_b09_s35.B46
Reading graphs...
35 :  155
35 :  156
Initializing...
maxdom : 35
D->valSize : 1225
Solving...
Blb : 5 (clique : 13)
currentSize : 13 <-- 0.018568 s
currentSize : 14 <-- 0.018752 s
currentSize : 15 <-- 0.029999 s
currentSize : 16 <-- 0.035877 s
currentSize : 17 <-- 0.036503 s
currentSize : 18 <-- 0.187768 s
currentSize : 19 <-- 0.196763 s
currentSize : 21 <-- 0.427662 s
currentSize : 22 <-- 0.427728 s
currentSize : 23 <-- 0.488400 s
currentSize : 24 <-- 0.579735 s
currentSize : 25 <-- 1.760414 s

maxsize : 25
nodes : 1756601.000000
filtered : 96655006.000000
time : 22.198669
