Parameters: GAD=1 vflib=1 dir=0 label=0 lowerbound=1 fileNameGp=../graphsdb/mcs70/bvg/b06m/mcs70_b06m_s25.A89 fileNameGt=../graphsdb/mcs70/bvg/b06m/mcs70_b06m_s25.B89
Reading graphs...
25 :  74
25 :  74
Initializing...
maxdom : 25
D->valSize : 625
Solving...
Blb : 2 (clique : 11)
currentSize : 11 <-- 0.005211 s
currentSize : 12 <-- 0.005301 s
currentSize : 13 <-- 0.005593 s
currentSize : 14 <-- 0.011131 s
currentSize : 15 <-- 0.104414 s
currentSize : 17 <-- 2.766859 s

maxsize : 17
nodes : 526186.000000
filtered : 13435089.000000
time : 4.268346
