Parameters: GAD=1 vflib=1 dir=0 label=0 lowerbound=1 fileNameGp=../graphsdb/mcs70/bvg/b09m/mcs70_b09m_s25.A28 fileNameGt=../graphsdb/mcs70/bvg/b09m/mcs70_b09m_s25.B28
Reading graphs...
25 :  107
25 :  108
Initializing...
maxdom : 25
D->valSize : 625
Solving...
Blb : 5 (clique : 10)
currentSize : 10 <-- 0.007994 s
currentSize : 11 <-- 0.008218 s
currentSize : 12 <-- 0.008304 s
currentSize : 13 <-- 0.017302 s
currentSize : 14 <-- 0.028083 s
currentSize : 16 <-- 0.032838 s

maxsize : 16
nodes : 314567.000000
filtered : 9002837.000000
time : 2.117385
