Parameters: GAD=1 vflib=1 dir=0 label=0 lowerbound=1 fileNameGp=../graphsdb/mcs70/m2D/m2Dr2/mcs70_m2Dr2_s35.A45 fileNameGt=../graphsdb/mcs70/m2D/m2Dr2/mcs70_m2Dr2_s35.B45
Reading graphs...
35 :  64
35 :  64
Initializing...
maxdom : 35
D->valSize : 1225
Solving...
Blb : 2 (clique : 18)
currentSize : 18 <-- 0.037385 s
currentSize : 20 <-- 0.037637 s
currentSize : 21 <-- 0.044043 s
currentSize : 22 <-- 0.058794 s
currentSize : 23 <-- 0.068609 s
currentSize : 24 <-- 0.213770 s
currentSize : 25 <-- 0.239587 s
currentSize : 26 <-- 59.584625 s

maxsize : 26
nodes : 26363882.000000
filtered : 1863553683.000000
time : 1557.905273
