Parameters: GAD=1 vflib=1 dir=0 label=0 lowerbound=1 fileNameGp=../graphsdb/mcs70/m3D/m3Dr4/mcs70_m3Dr4_s35.A08 fileNameGt=../graphsdb/mcs70/m3D/m3Dr4/mcs70_m3Dr4_s35.B08
Reading graphs...
35 :  86
35 :  86
Initializing...
maxdom : 35
D->valSize : 1225
Solving...
Blb : 2 (clique : 16)
currentSize : 16 <-- 0.020537 s
currentSize : 19 <-- 0.020684 s
currentSize : 20 <-- 0.020712 s
currentSize : 21 <-- 0.020796 s
currentSize : 22 <-- 0.422440 s
currentSize : 23 <-- 505.736237 s
currentSize : 24 <-- 505.738617 s
currentSize : 25 <-- 505.739105 s
currentSize : 28 <-- 505.739136 s

maxsize : 28
nodes : 25123893.000000
filtered : 1165235267.000000
time : 518.692627
