Parameters: GAD=1 vflib=1 dir=0 label=0 lowerbound=1 fileNameGp=../graphsdb/mcs70/m4D/m4Dr6/mcs70_m4Dr6_s25.A63 fileNameGt=../graphsdb/mcs70/m4D/m4Dr6/mcs70_m4Dr6_s25.B63
Reading graphs...
25 :  61
25 :  60
Initializing...
maxdom : 25
D->valSize : 625
Solving...
Blb : 2 (clique : 12)
currentSize : 12 <-- 0.008810 s
currentSize : 13 <-- 0.009063 s
currentSize : 14 <-- 0.009106 s
currentSize : 15 <-- 0.009437 s
currentSize : 16 <-- 0.047431 s
currentSize : 17 <-- 0.670219 s
currentSize : 18 <-- 1.767913 s

maxsize : 18
nodes : 302693.000000
filtered : 10618615.000000
time : 3.640000
