Parameters: GAD=1 vflib=1 dir=0 label=0 lowerbound=1 fileNameGp=../graphsdb/mcs70/m3D/m3Dr2/mcs70_m3Dr2_s35.A78 fileNameGt=../graphsdb/mcs70/m3D/m3Dr2/mcs70_m3Dr2_s35.B78
Reading graphs...
35 :  79
35 :  79
Initializing...
maxdom : 35
D->valSize : 1225
Solving...
Blb : 2 (clique : 17)
currentSize : 17 <-- 0.020380 s
currentSize : 20 <-- 0.020549 s
currentSize : 21 <-- 0.021490 s
currentSize : 22 <-- 0.058478 s
currentSize : 23 <-- 3.635927 s
currentSize : 25 <-- 8.294688 s
currentSize : 26 <-- 8.294813 s
currentSize : 28 <-- 8.294840 s

maxsize : 28
nodes : 941684.000000
filtered : 51628731.000000
time : 26.529516
