Parameters: GAD=1 vflib=1 dir=0 label=0 lowerbound=1 fileNameGp=../graphsdb/mcs70/bvg/b03m/mcs70_b03m_s35.A08 fileNameGt=../graphsdb/mcs70/bvg/b03m/mcs70_b03m_s35.B08
Reading graphs...
35 :  51
35 :  50
Initializing...
maxdom : 35
D->valSize : 1225
Solving...
Blb : 2 (clique : 21)
currentSize : 21 <-- 0.038078 s
currentSize : 22 <-- 0.040540 s
currentSize : 23 <-- 0.040756 s
currentSize : 24 <-- 0.086577 s
currentSize : 25 <-- 0.534120 s
currentSize : 26 <-- 19.669012 s
currentSize : 27 <-- 42.242096 s

maxsize : 27
nodes : 21842592.000000
filtered : 1646191193.000000
time : 2753.246582
