Parameters: GAD=1 vflib=1 dir=0 label=0 lowerbound=1 fileNameGp=../graphsdb/mcs70/bvg/b09m/mcs70_b09m_s30.A96 fileNameGt=../graphsdb/mcs70/bvg/b09m/mcs70_b09m_s30.B96
Reading graphs...
30 :  129
30 :  130
Initializing...
maxdom : 30
D->valSize : 900
Solving...
Blb : 2 (clique : 12)
currentSize : 12 <-- 0.009782 s
currentSize : 13 <-- 0.009899 s
currentSize : 14 <-- 0.012063 s
currentSize : 15 <-- 0.035188 s
currentSize : 16 <-- 3.968752 s
currentSize : 17 <-- 6.238812 s
currentSize : 18 <-- 62.374649 s
currentSize : 19 <-- 62.374786 s
currentSize : 20 <-- 72.920120 s

maxsize : 20
nodes : 11944653.000000
filtered : 321538615.000000
time : 75.610321
