Parameters: GAD=1 vflib=1 dir=0 label=0 lowerbound=1 fileNameGp=../graphsdb/mcs70/m3D/m3Dr6/mcs70_m3Dr6_s35.A56 fileNameGt=../graphsdb/mcs70/m3D/m3Dr6/mcs70_m3Dr6_s35.B56
Reading graphs...
35 :  93
35 :  91
Initializing...
maxdom : 35
D->valSize : 1225
Solving...
Blb : 2 (clique : 17)
currentSize : 17 <-- 0.019953 s
currentSize : 18 <-- 0.020831 s
currentSize : 19 <-- 0.026575 s
currentSize : 20 <-- 0.116309 s
currentSize : 21 <-- 17.738092 s
currentSize : 22 <-- 155.067154 s
currentSize : 24 <-- 155.632538 s
currentSize : 27 <-- 163.938446 s

maxsize : 27
nodes : 14932272.000000
filtered : 498672635.000000
time : 183.865768
