Parameters: GAD=1 vflib=1 dir=0 label=0 lowerbound=1 fileNameGp=../graphsdb/mcs70/m2D/m2Dr2/mcs70_m2Dr2_s35.A16 fileNameGt=../graphsdb/mcs70/m2D/m2Dr2/mcs70_m2Dr2_s35.B16
Reading graphs...
35 :  65
35 :  65
Initializing...
maxdom : 35
D->valSize : 1225
Solving...
Blb : 2 (clique : 20)
currentSize : 20 <-- 0.036691 s
currentSize : 21 <-- 0.037000 s
currentSize : 22 <-- 0.037093 s
currentSize : 23 <-- 0.037229 s
currentSize : 24 <-- 11.421570 s
currentSize : 25 <-- 1902.266479 s
currentSize : 26 <-- 1902.267334 s

maxsize : 26
nodes : 67307815.000000
filtered : 3898900824.000000
time : 3503.710449
