Parameters: GAD=1 vflib=1 dir=0 label=0 lowerbound=1 fileNameGp=../graphsdb/mcs70/m2D/m2D/mcs70_m2D_s35.A55 fileNameGt=../graphsdb/mcs70/m2D/m2D/mcs70_m2D_s35.B55
Reading graphs...
35 :  57
35 :  58
Initializing...
maxdom : 35
D->valSize : 1225
Solving...
Blb : 2 (clique : 21)
currentSize : 21 <-- 0.021105 s
currentSize : 22 <-- 0.021370 s
currentSize : 23 <-- 0.044860 s
currentSize : 24 <-- 0.054634 s
currentSize : 25 <-- 0.092622 s
currentSize : 26 <-- 60.921864 s
currentSize : 27 <-- 437.983429 s
currentSize : 28 <-- 439.058777 s

maxsize : 28
nodes : 13885487.000000
filtered : 939755231.000000
time : 755.673401
