Parameters: GAD=1 vflib=1 dir=0 label=0 lowerbound=1 fileNameGp=../graphsdb/mcs70/m2D/m2Dr4/mcs70_m2Dr4_s25.A00 fileNameGt=../graphsdb/mcs70/m2D/m2Dr4/mcs70_m2Dr4_s25.B00
Reading graphs...
25 :  48
25 :  48
Initializing...
maxdom : 25
D->valSize : 625
Solving...
Blb : 2 (clique : 12)
currentSize : 12 <-- 0.005461 s
currentSize : 15 <-- 0.005544 s
currentSize : 16 <-- 0.011243 s
currentSize : 17 <-- 0.024270 s
currentSize : 18 <-- 0.881513 s

maxsize : 18
nodes : 422585.000000
filtered : 16041716.000000
time : 10.282850
