Parameters: GAD=1 vflib=1 dir=0 label=0 lowerbound=1 fileNameGp=../graphsdb/mcs70/rand/r02/mcs70_r02_s25.A88 fileNameGt=../graphsdb/mcs70/rand/r02/mcs70_r02_s25.B88
Reading graphs...
25 :  109
25 :  107
Initializing...
maxdom : 25
D->valSize : 625
Solving...
Blb : 2 (clique : 11)
currentSize : 11 <-- 0.007871 s
currentSize : 12 <-- 0.014094 s
currentSize : 13 <-- 1.154723 s
currentSize : 14 <-- 4.519503 s
currentSize : 17 <-- 4.519552 s

maxsize : 17
nodes : 1465742.000000
filtered : 20158454.000000
time : 5.989922
