Parameters: GAD=1 vflib=1 dir=0 label=0 lowerbound=1 fileNameGp=../graphsdb/mcs70/bvg/b03/mcs70_b03_s35.A14 fileNameGt=../graphsdb/mcs70/bvg/b03/mcs70_b03_s35.B14
Reading graphs...
35 :  52
35 :  52
Initializing...
maxdom : 35
D->valSize : 1225
Solving...
Blb : 2 (clique : 21)
currentSize : 21 <-- 0.021773 s
currentSize : 22 <-- 0.023029 s
currentSize : 23 <-- 0.106548 s
currentSize : 24 <-- 0.255082 s
currentSize : 25 <-- 0.298502 s
currentSize : 26 <-- 5.890444 s
currentSize : 27 <-- 91.588440 s
currentSize : 28 <-- 649.871765 s

maxsize : 28
nodes : 17416280.000000
filtered : 1466291126.000000
time : 1512.928711
