Parameters: GAD=1 vflib=1 dir=0 label=0 lowerbound=1 fileNameGp=../graphsdb/mcs70/m2D/m2D/mcs70_m2D_s25.A98 fileNameGt=../graphsdb/mcs70/m2D/m2D/mcs70_m2D_s25.B98
Reading graphs...
25 :  40
25 :  40
Initializing...
maxdom : 25
D->valSize : 625
Solving...
Blb : 2 (clique : 15)
currentSize : 15 <-- 0.005536 s
currentSize : 16 <-- 0.005667 s
currentSize : 17 <-- 0.011180 s
currentSize : 18 <-- 0.049039 s
currentSize : 19 <-- 0.412500 s

maxsize : 19
nodes : 331036.000000
filtered : 13602820.000000
time : 9.626403
