Parameters: GAD=1 vflib=1 dir=0 label=0 lowerbound=1 fileNameGp=../graphsdb/mcs70/bvg/b03/mcs70_b03_s30.A80 fileNameGt=../graphsdb/mcs70/bvg/b03/mcs70_b03_s30.B80
Reading graphs...
30 :  45
30 :  45
Initializing...
maxdom : 30
D->valSize : 900
Solving...
Blb : 2 (clique : 19)
currentSize : 19 <-- 0.011471 s
currentSize : 20 <-- 0.011621 s
currentSize : 21 <-- 0.011684 s
currentSize : 22 <-- 0.452794 s
currentSize : 23 <-- 1.073077 s
currentSize : 24 <-- 66.107964 s

maxsize : 24
nodes : 1567418.000000
filtered : 107816775.000000
time : 87.140404
