Parameters: GAD=1 vflib=1 dir=0 label=0 lowerbound=1 fileNameGp=../graphsdb/mcs70/bvg/b06m/mcs70_b06m_s20.A82 fileNameGt=../graphsdb/mcs70/bvg/b06m/mcs70_b06m_s20.B82
Reading graphs...
20 :  56
20 :  56
Initializing...
maxdom : 20
D->valSize : 400
Solving...
Blb : 2 (clique : 10)
currentSize : 10 <-- 0.002169 s
currentSize : 11 <-- 0.002292 s
currentSize : 12 <-- 0.002330 s
currentSize : 13 <-- 0.013364 s
currentSize : 14 <-- 0.050685 s

maxsize : 14
nodes : 25567.000000
filtered : 662139.000000
time : 0.181092
