Parameters: GAD=1 vflib=1 dir=0 label=0 lowerbound=1 fileNameGp=../graphsdb/mcs70/rand/r01/mcs70_r01_s25.A58 fileNameGt=../graphsdb/mcs70/rand/r01/mcs70_r01_s25.B58
Reading graphs...
25 :  56
25 :  54
Initializing...
maxdom : 25
D->valSize : 625
Solving...
Blb : 2 (clique : 13)
currentSize : 13 <-- 0.009036 s
currentSize : 14 <-- 0.009599 s
currentSize : 15 <-- 0.009675 s
currentSize : 16 <-- 0.016142 s
currentSize : 17 <-- 8.543233 s

maxsize : 17
nodes : 1517978.000000
filtered : 43834356.000000
time : 16.423761
