Parameters: GAD=1 vflib=1 dir=0 label=0 lowerbound=1 fileNameGp=../graphsdb/mcs70/bvg/b06m/mcs70_b06m_s35.A84 fileNameGt=../graphsdb/mcs70/bvg/b06m/mcs70_b06m_s35.B84
Reading graphs...
35 :  105
35 :  105
Initializing...
maxdom : 35
D->valSize : 1225
Solving...
Blb : 2 (clique : 17)
currentSize : 17 <-- 0.020031 s
currentSize : 18 <-- 0.078524 s
currentSize : 19 <-- 0.199699 s
currentSize : 20 <-- 4.251056 s
currentSize : 21 <-- 1295.674438 s
currentSize : 24 <-- 1562.509155 s

maxsize : 24
nodes : 112869415.000000
filtered : 4850430178.000000
time : 1771.701660
