Parameters: GAD=1 vflib=1 dir=0 label=0 lowerbound=1 fileNameGp=../graphsdb/mcs70/rand/r02/mcs70_r02_s25.A00 fileNameGt=../graphsdb/mcs70/rand/r02/mcs70_r02_s25.B00
Reading graphs...
25 :  102
25 :  102
Initializing...
maxdom : 25
D->valSize : 625
Solving...
Blb : 2 (clique : 9)
currentSize : 9 <-- 0.004628 s
currentSize : 10 <-- 0.004711 s
currentSize : 11 <-- 0.004753 s
currentSize : 12 <-- 0.009602 s
currentSize : 13 <-- 0.499969 s
currentSize : 14 <-- 6.732745 s
currentSize : 16 <-- 8.761409 s
currentSize : 17 <-- 8.761485 s

maxsize : 17
nodes : 2308471.000000
filtered : 31715883.000000
time : 10.056673
