Parameters: GAD=1 vflib=1 dir=0 label=0 lowerbound=1 fileNameGp=../graphsdb/mcs70/m2D/m2Dr6/m2Dr6/mcs70_m2Dr6_s35.A88 fileNameGt=../graphsdb/mcs70/m2D/m2Dr6/m2Dr6/mcs70_m2Dr6_s35.B88
Reading graphs...
35 :  78
35 :  77
Initializing...
maxdom : 35
D->valSize : 1225
Solving...
Blb : 2 (clique : 17)
currentSize : 17 <-- 0.021302 s
currentSize : 18 <-- 0.021476 s
currentSize : 19 <-- 0.021497 s
currentSize : 20 <-- 0.021558 s
currentSize : 21 <-- 0.042218 s
currentSize : 22 <-- 4.742227 s
currentSize : 23 <-- 122.484772 s
currentSize : 24 <-- 2144.658447 s
currentSize : 25 <-- 2150.667480 s
currentSize : 26 <-- 2150.667725 s

maxsize : 26
nodes : 81214200.000000
filtered : 4665995840.000000
time : 2542.468262
