Parameters: GAD=1 vflib=1 dir=0 label=0 lowerbound=1 fileNameGp=../graphsdb/mcs70/m2D/m2Dr2/mcs70_m2Dr2_s35.A92 fileNameGt=../graphsdb/mcs70/m2D/m2Dr2/mcs70_m2Dr2_s35.B92
Reading graphs...
35 :  65
35 :  65
Initializing...
maxdom : 35
D->valSize : 1225
Solving...
Blb : 2 (clique : 19)
currentSize : 19 <-- 0.021224 s
currentSize : 20 <-- 0.024618 s
currentSize : 21 <-- 0.025139 s
currentSize : 22 <-- 0.056359 s
currentSize : 23 <-- 0.070087 s
currentSize : 24 <-- 26.822536 s
currentSize : 25 <-- 438.632843 s
currentSize : 26 <-- 1679.620239 s

TIMEOUT
maxsize : 26
nodes : 103433372.000000
filtered : 6253386379.000000
time : 3600.000000
