Parameters: GAD=1 vflib=1 dir=0 label=0 lowerbound=1 fileNameGp=../graphsdb/mcs70/m4D/m4Dr2/mcs70_m4Dr2_s25.A18 fileNameGt=../graphsdb/mcs70/m4D/m4Dr2/mcs70_m4Dr2_s25.B18
Reading graphs...
25 :  52
25 :  52
Initializing...
maxdom : 25
D->valSize : 625
Solving...
Blb : 2 (clique : 14)
currentSize : 14 <-- 0.009163 s
currentSize : 15 <-- 0.010131 s
currentSize : 16 <-- 0.019699 s
currentSize : 17 <-- 0.591176 s
currentSize : 18 <-- 1.073617 s

maxsize : 18
nodes : 218457.000000
filtered : 7625469.000000
time : 4.335807
