Parameters: GAD=1 vflib=1 dir=0 label=0 lowerbound=1 fileNameGp=../graphsdb/mcs70/bvg/b03m/mcs70_b03m_s35.A34 fileNameGt=../graphsdb/mcs70/bvg/b03m/mcs70_b03m_s35.B34
Reading graphs...
35 :  51
35 :  51
Initializing...
maxdom : 35
D->valSize : 1225
Solving...
Blb : 2 (clique : 21)
currentSize : 21 <-- 0.021219 s
currentSize : 22 <-- 0.021416 s
currentSize : 23 <-- 0.028100 s
currentSize : 24 <-- 0.090515 s
currentSize : 25 <-- 5.156563 s
currentSize : 26 <-- 16.043877 s
currentSize : 27 <-- 76.596252 s
currentSize : 28 <-- 76.596451 s

maxsize : 28
nodes : 3746320.000000
filtered : 312845628.000000
time : 461.930481
