Parameters: GAD=1 vflib=1 dir=0 label=0 lowerbound=1 fileNameGp=../graphsdb/mcs70/rand/r02/mcs70_r02_s30.A80 fileNameGt=../graphsdb/mcs70/rand/r02/mcs70_r02_s30.B80
Reading graphs...
30 :  151
30 :  154
Initializing...
maxdom : 30
D->valSize : 900
Solving...
Blb : 2 (clique : 9)
currentSize : 9 <-- 0.009503 s
currentSize : 11 <-- 0.009598 s
currentSize : 12 <-- 0.010570 s
currentSize : 13 <-- 0.041621 s
currentSize : 14 <-- 0.336373 s
currentSize : 15 <-- 5.807979 s
currentSize : 16 <-- 33.308983 s
currentSize : 18 <-- 41.796478 s
currentSize : 21 <-- 43.925831 s

maxsize : 21
nodes : 9553684.000000
filtered : 177602520.000000
time : 47.053532
