Parameters: GAD=1 vflib=1 dir=0 label=0 lowerbound=1 fileNameGp=../graphsdb/mcs70/m3D/m3Dr2/mcs70_m3Dr2_s35.A62 fileNameGt=../graphsdb/mcs70/m3D/m3Dr2/mcs70_m3Dr2_s35.B62
Reading graphs...
35 :  78
35 :  77
Initializing...
maxdom : 35
D->valSize : 1225
Solving...
Blb : 2 (clique : 17)
currentSize : 17 <-- 0.020600 s
currentSize : 18 <-- 0.020767 s
currentSize : 19 <-- 0.021002 s
currentSize : 20 <-- 0.022670 s
currentSize : 21 <-- 0.024098 s
currentSize : 22 <-- 3.143574 s
currentSize : 23 <-- 50.763081 s
currentSize : 25 <-- 103.897102 s
currentSize : 26 <-- 104.128815 s
currentSize : 28 <-- 104.556023 s

maxsize : 28
nodes : 10015341.000000
filtered : 296168831.000000
time : 118.429131
