Parameters: GAD=1 vflib=1 dir=0 label=0 lowerbound=1 fileNameGp=../graphsdb/mcs70/rand/r02/mcs70_r02_s25.A15 fileNameGt=../graphsdb/mcs70/rand/r02/mcs70_r02_s25.B15
Reading graphs...
25 :  107
25 :  110
Initializing...
maxdom : 25
D->valSize : 625
Solving...
Blb : 2 (clique : 9)
currentSize : 9 <-- 0.004569 s
currentSize : 10 <-- 0.004658 s
currentSize : 11 <-- 0.004984 s
currentSize : 12 <-- 0.019192 s
currentSize : 13 <-- 0.226860 s
currentSize : 14 <-- 2.386394 s
currentSize : 16 <-- 3.141029 s
currentSize : 17 <-- 3.141305 s

maxsize : 17
nodes : 950303.000000
filtered : 16510356.000000
time : 4.248397
