Parameters: GAD=1 vflib=1 dir=0 label=0 lowerbound=1 fileNameGp=../graphsdb/mcs70/bvg/b06m/mcs70_b06m_s25.A45 fileNameGt=../graphsdb/mcs70/bvg/b06m/mcs70_b06m_s25.B45
Reading graphs...
25 :  70
25 :  68
Initializing...
maxdom : 25
D->valSize : 625
Solving...
Blb : 2 (clique : 12)
currentSize : 12 <-- 0.004972 s
currentSize : 13 <-- 0.005071 s
currentSize : 14 <-- 0.005188 s
currentSize : 15 <-- 0.010702 s
currentSize : 16 <-- 10.081122 s
currentSize : 17 <-- 10.946992 s

maxsize : 17
nodes : 1436065.000000
filtered : 41373527.000000
time : 13.638491
