Parameters: GAD=1 vflib=1 dir=0 label=0 lowerbound=1 fileNameGp=../graphsdb/mcs70/bvg/b06/mcs70_b06_s35.A70 fileNameGt=../graphsdb/mcs70/bvg/b06/mcs70_b06_s35.B70
Reading graphs...
35 :  105
35 :  105
Initializing...
maxdom : 35
D->valSize : 1225
Solving...
Blb : 2 (clique : 18)
currentSize : 18 <-- 0.034543 s
currentSize : 19 <-- 0.034828 s
currentSize : 20 <-- 0.035799 s
currentSize : 21 <-- 0.048399 s
currentSize : 22 <-- 0.048560 s
currentSize : 23 <-- 0.053003 s
currentSize : 24 <-- 3.117734 s
currentSize : 25 <-- 24.225168 s

maxsize : 25
nodes : 7246993.000000
filtered : 397862602.000000
time : 191.349731
