Parameters: GAD=1 vflib=1 dir=0 label=0 lowerbound=1 fileNameGp=../graphsdb/mcs70/bvg/b09/mcs70_b09_s25.A76 fileNameGt=../graphsdb/mcs70/bvg/b09/mcs70_b09_s25.B76
Reading graphs...
25 :  111
25 :  106
Initializing...
maxdom : 25
D->valSize : 625
Solving...
Blb : 5 (clique : 10)
currentSize : 10 <-- 0.004584 s
currentSize : 11 <-- 0.004941 s
currentSize : 13 <-- 0.016481 s
currentSize : 14 <-- 0.055374 s
currentSize : 15 <-- 0.055435 s
currentSize : 16 <-- 0.056324 s
currentSize : 17 <-- 0.152159 s

maxsize : 17
nodes : 166342.000000
filtered : 4713398.000000
time : 1.068996
