Parameters: GAD=1 vflib=1 dir=0 label=0 lowerbound=1 fileNameGp=../graphsdb/mcs70/m2D/m2Dr2/mcs70_m2Dr2_s35.A00 fileNameGt=../graphsdb/mcs70/m2D/m2Dr2/mcs70_m2Dr2_s35.B00
Reading graphs...
35 :  64
35 :  61
Initializing...
maxdom : 35
D->valSize : 1225
Solving...
Blb : 2 (clique : 20)
currentSize : 20 <-- 0.037434 s
currentSize : 21 <-- 0.037736 s
currentSize : 22 <-- 0.037765 s
currentSize : 23 <-- 0.037819 s
currentSize : 24 <-- 0.039115 s
currentSize : 25 <-- 0.143228 s
currentSize : 26 <-- 91.360489 s

maxsize : 26
nodes : 60511562.000000
filtered : 3971709945.000000
time : 2550.045166
