Parameters: GAD=1 vflib=1 dir=0 label=0 lowerbound=1 fileNameGp=../graphsdb/mcs70/m4D/m4Dr4/mcs70_m4Dr4_s25.A13 fileNameGt=../graphsdb/mcs70/m4D/m4Dr4/mcs70_m4Dr4_s25.B13
Reading graphs...
25 :  56
25 :  55
Initializing...
maxdom : 25
D->valSize : 625
Solving...
Blb : 5 (clique : 14)
currentSize : 14 <-- 0.005373 s
currentSize : 15 <-- 0.005575 s
currentSize : 16 <-- 0.046560 s
currentSize : 17 <-- 0.830908 s
currentSize : 18 <-- 6.906725 s
currentSize : 19 <-- 7.225045 s

maxsize : 19
nodes : 576596.000000
filtered : 19784758.000000
time : 7.657384
