Parameters: GAD=1 vflib=1 dir=0 label=0 lowerbound=1 fileNameGp=../graphsdb/mcs70/m2D/m2Dr2/mcs70_m2Dr2_s25.A90 fileNameGt=../graphsdb/mcs70/m2D/m2Dr2/mcs70_m2Dr2_s25.B90
Reading graphs...
25 :  44
25 :  45
Initializing...
maxdom : 25
D->valSize : 625
Solving...
Blb : 2 (clique : 14)
currentSize : 14 <-- 0.009412 s
currentSize : 15 <-- 0.009578 s
currentSize : 16 <-- 0.009790 s
currentSize : 17 <-- 0.010473 s
currentSize : 18 <-- 0.260427 s

maxsize : 18
nodes : 411048.000000
filtered : 16880183.000000
time : 7.106251
