Parameters: GAD=1 vflib=1 dir=0 label=0 lowerbound=1 fileNameGp=../graphsdb/mcs70/bvg/b09/mcs70_b09_s30.A77 fileNameGt=../graphsdb/mcs70/bvg/b09/mcs70_b09_s30.B77
Reading graphs...
30 :  132
30 :  132
Initializing...
maxdom : 30
D->valSize : 900
Solving...
Blb : 2 (clique : 11)
currentSize : 11 <-- 0.016782 s
currentSize : 12 <-- 0.016938 s
currentSize : 13 <-- 0.016989 s
currentSize : 14 <-- 0.017344 s
currentSize : 15 <-- 0.045729 s
currentSize : 16 <-- 0.193563 s
currentSize : 18 <-- 0.312700 s
currentSize : 19 <-- 0.312866 s
currentSize : 20 <-- 0.313131 s
currentSize : 21 <-- 1.173037 s

maxsize : 21
nodes : 584789.000000
filtered : 22990414.000000
time : 5.226783
