Parameters: GAD=1 vflib=1 dir=0 label=0 lowerbound=1 fileNameGp=../graphsdb/mcs70/bvg/b03/mcs70_b03_s35.A17 fileNameGt=../graphsdb/mcs70/bvg/b03/mcs70_b03_s35.B17
Reading graphs...
35 :  51
35 :  52
Initializing...
maxdom : 35
D->valSize : 1225
Solving...
Blb : 2 (clique : 22)
currentSize : 22 <-- 0.021912 s
currentSize : 23 <-- 0.023941 s
currentSize : 24 <-- 0.024047 s
currentSize : 25 <-- 0.034034 s
currentSize : 26 <-- 0.037142 s
currentSize : 27 <-- 71.822670 s
currentSize : 28 <-- 147.150665 s
currentSize : 29 <-- 270.073700 s

maxsize : 29
nodes : 3745552.000000
filtered : 279068624.000000
time : 346.130707
