Parameters: GAD=1 vflib=1 dir=0 label=0 lowerbound=1 fileNameGp=../graphsdb/mcs70/m2D/m2Dr2/mcs70_m2Dr2_s35.A15 fileNameGt=../graphsdb/mcs70/m2D/m2Dr2/mcs70_m2Dr2_s35.B15
Reading graphs...
35 :  65
35 :  65
Initializing...
maxdom : 35
D->valSize : 1225
Solving...
Blb : 2 (clique : 19)
currentSize : 19 <-- 0.020897 s
currentSize : 20 <-- 0.021205 s
currentSize : 21 <-- 0.084708 s
currentSize : 22 <-- 0.202687 s
currentSize : 23 <-- 0.406547 s
currentSize : 24 <-- 4.773368 s
currentSize : 25 <-- 300.830933 s
currentSize : 26 <-- 475.354492 s

maxsize : 26
nodes : 24170327.000000
filtered : 1411121569.000000
time : 1324.150391
