Parameters: GAD=1 vflib=1 dir=0 label=0 lowerbound=1 fileNameGp=../graphsdb/mcs70/m2D/m2Dr4/mcs70_m2Dr4_s35.A76 fileNameGt=../graphsdb/mcs70/m2D/m2Dr4/mcs70_m2Dr4_s35.B76
Reading graphs...
35 :  71
35 :  71
Initializing...
maxdom : 35
D->valSize : 1225
Solving...
Blb : 2 (clique : 21)
currentSize : 21 <-- 0.020713 s
currentSize : 22 <-- 7.399515 s
currentSize : 23 <-- 32.261917 s
currentSize : 24 <-- 37.528572 s
currentSize : 25 <-- 312.799255 s
currentSize : 26 <-- 312.801697 s
currentSize : 27 <-- 312.802155 s

maxsize : 27
nodes : 12311997.000000
filtered : 567028209.000000
time : 403.383789
