Parameters: GAD=1 vflib=1 dir=0 label=0 lowerbound=1 fileNameGp=../graphsdb/mcs70/bvg/b09m/mcs70_b09m_s30.A16 fileNameGt=../graphsdb/mcs70/bvg/b09m/mcs70_b09m_s30.B16
Reading graphs...
30 :  131
30 :  133
Initializing...
maxdom : 30
D->valSize : 900
Solving...
Blb : 2 (clique : 11)
currentSize : 11 <-- 0.009862 s
currentSize : 13 <-- 0.010112 s
currentSize : 14 <-- 0.146100 s
currentSize : 15 <-- 1.836760 s
currentSize : 16 <-- 10.348903 s
currentSize : 17 <-- 10.349870 s
currentSize : 19 <-- 10.349902 s
currentSize : 20 <-- 10.349975 s

maxsize : 20
nodes : 3096668.000000
filtered : 62694966.000000
time : 17.205948
