Parameters: GAD=1 vflib=1 dir=0 label=0 lowerbound=1 fileNameGp=../graphsdb/mcs70/bvg/b09m/mcs70_b09m_s35.A91 fileNameGt=../graphsdb/mcs70/bvg/b09m/mcs70_b09m_s35.B91
Reading graphs...
35 :  151
35 :  152
Initializing...
maxdom : 35
D->valSize : 1225
Solving...
Blb : 2 (clique : 16)
currentSize : 16 <-- 0.032185 s
currentSize : 17 <-- 1.543554 s
currentSize : 18 <-- 17.812422 s
currentSize : 19 <-- 48.728409 s
currentSize : 20 <-- 52.968063 s
currentSize : 21 <-- 67.047966 s
currentSize : 22 <-- 76.771469 s
currentSize : 23 <-- 88.948189 s
currentSize : 24 <-- 170.185745 s

maxsize : 24
nodes : 19009405.000000
filtered : 772111200.000000
time : 179.141968
