Parameters: GAD=1 vflib=1 dir=0 label=0 lowerbound=1 fileNameGp=../graphsdb/mcs70/rand/r01/mcs70_r01_s25.A39 fileNameGt=../graphsdb/mcs70/rand/r01/mcs70_r01_s25.B39
Reading graphs...
25 :  55
25 :  54
Initializing...
maxdom : 25
D->valSize : 625
Solving...
Blb : 2 (clique : 13)
currentSize : 13 <-- 0.009062 s
currentSize : 14 <-- 0.009277 s
currentSize : 15 <-- 0.009785 s
currentSize : 16 <-- 0.094058 s
currentSize : 17 <-- 1.770516 s
currentSize : 18 <-- 2.951348 s

maxsize : 18
nodes : 432400.000000
filtered : 14516492.000000
time : 5.711479
