Parameters: GAD=1 vflib=1 dir=0 label=0 lowerbound=1 fileNameGp=../graphsdb/mcs70/bvg/b06m/mcs70_b06m_s25.A85 fileNameGt=../graphsdb/mcs70/bvg/b06m/mcs70_b06m_s25.B85
Reading graphs...
25 :  70
25 :  70
Initializing...
maxdom : 25
D->valSize : 625
Solving...
Blb : 2 (clique : 12)
currentSize : 12 <-- 0.008536 s
currentSize : 13 <-- 0.008726 s
currentSize : 14 <-- 0.025976 s
currentSize : 15 <-- 0.215992 s
currentSize : 17 <-- 2.842635 s

maxsize : 17
nodes : 598948.000000
filtered : 13649469.000000
time : 4.895962
