Parameters: GAD=1 vflib=1 dir=0 label=0 lowerbound=1 fileNameGp=../graphsdb/mcs70/bvg/b09/mcs70_b09_s35.A83 fileNameGt=../graphsdb/mcs70/bvg/b09/mcs70_b09_s35.B83
Reading graphs...
35 :  155
35 :  152
Initializing...
maxdom : 35
D->valSize : 1225
Solving...
Blb : 5 (clique : 13)
currentSize : 13 <-- 0.019151 s
currentSize : 14 <-- 0.019315 s
currentSize : 15 <-- 0.019750 s
currentSize : 16 <-- 0.020989 s
currentSize : 17 <-- 0.211567 s
currentSize : 19 <-- 3.189818 s
currentSize : 20 <-- 3.332658 s
currentSize : 21 <-- 3.334802 s
currentSize : 22 <-- 3.520040 s
currentSize : 23 <-- 32.485554 s
currentSize : 24 <-- 51.334259 s
currentSize : 25 <-- 51.864220 s

maxsize : 25
nodes : 5803699.000000
filtered : 257925328.000000
time : 63.670227
