Parameters: GAD=1 vflib=1 dir=0 label=0 lowerbound=1 fileNameGp=../graphsdb/mcs70/bvg/b03/mcs70_b03_s25.A93 fileNameGt=../graphsdb/mcs70/bvg/b03/mcs70_b03_s25.B93
Reading graphs...
25 :  37
25 :  37
Initializing...
maxdom : 25
D->valSize : 625
Solving...
Blb : 2 (clique : 15)
currentSize : 15 <-- 0.009614 s
currentSize : 17 <-- 0.009756 s
currentSize : 18 <-- 0.009794 s
currentSize : 19 <-- 0.217755 s
currentSize : 20 <-- 2.226469 s

maxsize : 20
nodes : 132126.000000
filtered : 5706036.000000
time : 4.182471
