Parameters: GAD=1 vflib=1 dir=0 label=0 lowerbound=1 fileNameGp=../graphsdb/mcs70/rand/r005/mcs70_r005_s35.A78 fileNameGt=../graphsdb/mcs70/rand/r005/mcs70_r005_s35.B78
Reading graphs...
35 :  56
35 :  58
Initializing...
maxdom : 35
D->valSize : 1225
Solving...
Blb : 2 (clique : 20)
currentSize : 20 <-- 0.021012 s
currentSize : 21 <-- 0.021211 s
currentSize : 22 <-- 0.021705 s
currentSize : 23 <-- 0.028307 s
currentSize : 24 <-- 1.192402 s
currentSize : 25 <-- 26.765312 s

TIMEOUT
maxsize : 25
nodes : 60324658.000000
filtered : 3592671903.000000
time : 3600.000488
