Parameters: GAD=1 vflib=1 dir=0 label=0 lowerbound=1 fileNameGp=../graphsdb/mcs70/bvg/b06m/mcs70_b06m_s25.A96 fileNameGt=../graphsdb/mcs70/bvg/b06m/mcs70_b06m_s25.B96
Reading graphs...
25 :  74
25 :  74
Initializing...
maxdom : 25
D->valSize : 625
Solving...
Blb : 2 (clique : 11)
currentSize : 11 <-- 0.004973 s
currentSize : 12 <-- 0.005070 s
currentSize : 13 <-- 0.005107 s
currentSize : 14 <-- 0.007363 s
currentSize : 15 <-- 0.007414 s
currentSize : 17 <-- 2.590891 s

maxsize : 17
nodes : 604239.000000
filtered : 13860901.000000
time : 4.234778
