Parameters: GAD=1 vflib=1 dir=0 label=0 lowerbound=1 fileNameGp=../graphsdb/mcs70/bvg/b06/mcs70_b06_s30.A48 fileNameGt=../graphsdb/mcs70/bvg/b06/mcs70_b06_s30.B48
Reading graphs...
30 :  88
30 :  88
Initializing...
maxdom : 30
D->valSize : 900
Solving...
Blb : 2 (clique : 15)
currentSize : 15 <-- 0.010191 s
currentSize : 16 <-- 0.010315 s
currentSize : 17 <-- 0.010381 s
currentSize : 18 <-- 0.010552 s
currentSize : 19 <-- 0.010743 s
currentSize : 20 <-- 0.347799 s
currentSize : 21 <-- 0.366552 s
currentSize : 22 <-- 3.580286 s
currentSize : 23 <-- 5.140115 s

maxsize : 23
nodes : 450679.000000
filtered : 18747401.000000
time : 7.040089
