Parameters: GAD=1 vflib=1 dir=0 label=0 lowerbound=1 fileNameGp=../graphsdb/mcs70/m2D/m2Dr6/m2Dr6/mcs70_m2Dr6_s25.A88 fileNameGt=../graphsdb/mcs70/m2D/m2Dr6/m2Dr6/mcs70_m2Dr6_s25.B88
Reading graphs...
25 :  55
25 :  52
Initializing...
maxdom : 25
D->valSize : 625
Solving...
Blb : 2 (clique : 11)
currentSize : 11 <-- 0.005393 s
currentSize : 12 <-- 0.005468 s
currentSize : 13 <-- 0.005620 s
currentSize : 14 <-- 0.006252 s
currentSize : 15 <-- 0.013522 s
currentSize : 16 <-- 0.076812 s
currentSize : 17 <-- 0.314339 s
currentSize : 18 <-- 0.985472 s

maxsize : 18
nodes : 282914.000000
filtered : 11009197.000000
time : 5.024808
