Parameters: GAD=1 vflib=1 dir=0 label=0 lowerbound=1 fileNameGp=../graphsdb/mcs70/m3D/m3Dr6/mcs70_m3Dr6_s35.A99 fileNameGt=../graphsdb/mcs70/m3D/m3Dr6/mcs70_m3Dr6_s35.B99
Reading graphs...
35 :  93
35 :  93
Initializing...
maxdom : 35
D->valSize : 1225
Solving...
Blb : 2 (clique : 17)
currentSize : 17 <-- 0.024377 s
currentSize : 18 <-- 0.025066 s
currentSize : 19 <-- 0.036942 s
currentSize : 20 <-- 0.460900 s
currentSize : 21 <-- 1.115180 s
currentSize : 22 <-- 1007.933228 s
currentSize : 23 <-- 1058.420288 s
currentSize : 28 <-- 1220.159668 s

maxsize : 28
nodes : 99950508.000000
filtered : 3214410603.000000
time : 1228.960083
