Parameters: GAD=1 vflib=1 dir=0 label=0 lowerbound=1 fileNameGp=../graphsdb/mcs70/bvg/b03m/mcs70_b03m_s25.A80 fileNameGt=../graphsdb/mcs70/bvg/b03m/mcs70_b03m_s25.B80
Reading graphs...
25 :  37
25 :  37
Initializing...
maxdom : 25
D->valSize : 625
Solving...
Blb : 2 (clique : 15)
currentSize : 15 <-- 0.009643 s
currentSize : 16 <-- 0.015539 s
currentSize : 17 <-- 0.048908 s
currentSize : 18 <-- 0.064568 s
currentSize : 19 <-- 0.069177 s
currentSize : 20 <-- 0.321318 s

maxsize : 20
nodes : 29055.000000
filtered : 1582625.000000
time : 1.118092
