Parameters: GAD=1 vflib=1 dir=0 label=0 lowerbound=1 fileNameGp=../graphsdb/mcs70/bvg/b06/mcs70_b06_s30.A71 fileNameGt=../graphsdb/mcs70/bvg/b06/mcs70_b06_s30.B71
Reading graphs...
30 :  90
30 :  88
Initializing...
maxdom : 30
D->valSize : 900
Solving...
Blb : 2 (clique : 14)
currentSize : 14 <-- 0.010393 s
currentSize : 15 <-- 0.010521 s
currentSize : 16 <-- 0.012567 s
currentSize : 17 <-- 0.021855 s
currentSize : 18 <-- 0.212336 s
currentSize : 19 <-- 0.233243 s
currentSize : 20 <-- 0.323786 s
currentSize : 21 <-- 0.380400 s
currentSize : 22 <-- 0.380450 s

maxsize : 22
nodes : 483168.000000
filtered : 19634883.000000
time : 7.889033
