Parameters: GAD=1 vflib=1 dir=0 label=0 lowerbound=1 fileNameGp=../graphsdb/mcs70/m2D/m2Dr4/mcs70_m2Dr4_s35.A45 fileNameGt=../graphsdb/mcs70/m2D/m2Dr4/mcs70_m2Dr4_s35.B45
Reading graphs...
35 :  71
35 :  72
Initializing...
maxdom : 35
D->valSize : 1225
Solving...
Blb : 2 (clique : 19)
currentSize : 19 <-- 0.021140 s
currentSize : 20 <-- 0.021557 s
currentSize : 21 <-- 0.021830 s
currentSize : 22 <-- 0.162191 s
currentSize : 23 <-- 1.289532 s
currentSize : 24 <-- 437.548492 s
currentSize : 25 <-- 776.239014 s

maxsize : 25
nodes : 73287437.000000
filtered : 3621096059.000000
time : 2251.064697
