Parameters: GAD=1 vflib=1 dir=0 label=0 lowerbound=1 fileNameGp=../graphsdb/mcs70/bvg/b03/mcs70_b03_s35.A13 fileNameGt=../graphsdb/mcs70/bvg/b03/mcs70_b03_s35.B13
Reading graphs...
35 :  52
35 :  52
Initializing...
maxdom : 35
D->valSize : 1225
Solving...
Blb : 2 (clique : 24)
currentSize : 24 <-- 0.037122 s
currentSize : 25 <-- 0.037757 s
currentSize : 26 <-- 0.095225 s
currentSize : 27 <-- 78.460205 s
currentSize : 28 <-- 354.254120 s

maxsize : 28
nodes : 9025911.000000
filtered : 680305606.000000
time : 787.073975
