Parameters: GAD=1 vflib=1 dir=0 label=0 lowerbound=1 fileNameGp=../graphsdb/mcs70/bvg/b03m/mcs70_b03m_s35.A17 fileNameGt=../graphsdb/mcs70/bvg/b03m/mcs70_b03m_s35.B17
Reading graphs...
35 :  50
35 :  50
Initializing...
maxdom : 35
D->valSize : 1225
Solving...
Blb : 2 (clique : 19)
currentSize : 19 <-- 0.037862 s
currentSize : 20 <-- 0.038159 s
currentSize : 21 <-- 0.038229 s
currentSize : 22 <-- 0.038276 s
currentSize : 23 <-- 0.039507 s
currentSize : 24 <-- 0.039616 s
currentSize : 25 <-- 0.134908 s
currentSize : 26 <-- 0.467703 s
currentSize : 27 <-- 655.916565 s

TIMEOUT
maxsize : 27
nodes : 28138507.000000
filtered : 2232498045.000000
time : 3600.000244
