Parameters: GAD=1 vflib=1 dir=0 label=0 lowerbound=1 fileNameGp=../graphsdb/mcs70/rand/r01/mcs70_r01_s25.A29 fileNameGt=../graphsdb/mcs70/rand/r01/mcs70_r01_s25.B29
Reading graphs...
25 :  56
25 :  56
Initializing...
maxdom : 25
D->valSize : 625
Solving...
Blb : 2 (clique : 13)
currentSize : 13 <-- 0.005240 s
currentSize : 14 <-- 0.006506 s
currentSize : 15 <-- 0.039491 s
currentSize : 16 <-- 0.068605 s
currentSize : 17 <-- 0.181959 s
currentSize : 18 <-- 1.064157 s

maxsize : 18
nodes : 254675.000000
filtered : 9446576.000000
time : 4.111297
