Parameters: GAD=1 vflib=1 dir=0 label=0 lowerbound=1 fileNameGp=../graphsdb/mcs70/m2D/m2Dr2/mcs70_m2Dr2_s35.A67 fileNameGt=../graphsdb/mcs70/m2D/m2Dr2/mcs70_m2Dr2_s35.B67
Reading graphs...
35 :  65
35 :  63
Initializing...
maxdom : 35
D->valSize : 1225
Solving...
Blb : 2 (clique : 20)
currentSize : 20 <-- 0.021133 s
currentSize : 21 <-- 0.021320 s
currentSize : 22 <-- 0.021428 s
currentSize : 23 <-- 0.261140 s
currentSize : 24 <-- 21.197901 s
currentSize : 25 <-- 197.103317 s

TIMEOUT
maxsize : 25
nodes : 76949059.000000
filtered : 4868087716.000000
time : 3600.000732
