Parameters: GAD=1 vflib=1 dir=0 label=0 lowerbound=1 fileNameGp=../graphsdb/mcs70/bvg/b06m/mcs70_b06m_s30.A76 fileNameGt=../graphsdb/mcs70/bvg/b06m/mcs70_b06m_s30.B76
Reading graphs...
30 :  88
30 :  89
Initializing...
maxdom : 30
D->valSize : 900
Solving...
Blb : 5 (clique : 13)
currentSize : 13 <-- 0.010295 s
currentSize : 14 <-- 0.010431 s
currentSize : 15 <-- 0.010779 s
currentSize : 16 <-- 0.010818 s
currentSize : 17 <-- 0.013839 s
currentSize : 18 <-- 1.747550 s
currentSize : 19 <-- 120.261009 s
currentSize : 20 <-- 142.356293 s
currentSize : 21 <-- 142.356323 s

maxsize : 21
nodes : 13834501.000000
filtered : 477548469.000000
time : 150.499847
