Parameters: GAD=1 vflib=1 dir=0 label=0 lowerbound=1 fileNameGp=../graphsdb/mcs70/bvg/b03/mcs70_b03_s30.A55 fileNameGt=../graphsdb/mcs70/bvg/b03/mcs70_b03_s30.B55
Reading graphs...
30 :  45
30 :  45
Initializing...
maxdom : 30
D->valSize : 900
Solving...
Blb : 5 (clique : 19)
currentSize : 19 <-- 0.011528 s
currentSize : 20 <-- 0.011959 s
currentSize : 21 <-- 0.015709 s
currentSize : 22 <-- 0.393261 s
currentSize : 23 <-- 0.803242 s
currentSize : 24 <-- 93.032951 s
currentSize : 25 <-- 108.747147 s

maxsize : 25
nodes : 2339837.000000
filtered : 139072346.000000
time : 111.016991
