Parameters: GAD=1 vflib=1 dir=0 label=0 lowerbound=1 fileNameGp=../graphsdb/mcs70/m4D/m4D/mcs70_m4D_s25.A99 fileNameGt=../graphsdb/mcs70/m4D/m4D/mcs70_m4D_s25.B99
Reading graphs...
25 :  46
25 :  47
Initializing...
maxdom : 25
D->valSize : 625
Solving...
Blb : 5 (clique : 15)
currentSize : 15 <-- 0.009268 s
currentSize : 16 <-- 0.019010 s
currentSize : 17 <-- 0.031178 s
currentSize : 18 <-- 0.031230 s
currentSize : 19 <-- 0.031491 s
currentSize : 20 <-- 1.742807 s

maxsize : 20
nodes : 81868.000000
filtered : 3857833.000000
time : 2.379264
