Parameters: GAD=1 vflib=1 dir=0 label=0 lowerbound=1 fileNameGp=../graphsdb/mcs70/m4D/m4Dr6/mcs70_m4Dr6_s25.A66 fileNameGt=../graphsdb/mcs70/m4D/m4Dr6/mcs70_m4Dr6_s25.B66
Reading graphs...
25 :  58
25 :  58
Initializing...
maxdom : 25
D->valSize : 625
Solving...
Blb : 2 (clique : 11)
currentSize : 11 <-- 0.008927 s
currentSize : 13 <-- 0.009048 s
currentSize : 14 <-- 0.009912 s
currentSize : 15 <-- 0.020234 s
currentSize : 16 <-- 0.157128 s
currentSize : 17 <-- 5.679928 s

maxsize : 17
nodes : 862186.000000
filtered : 33408892.000000
time : 11.291330
