Parameters: GAD=1 vflib=1 dir=0 label=0 lowerbound=1 fileNameGp=../graphsdb/mcs70/m3D/m3D/mcs70_m3D_s35.A81 fileNameGt=../graphsdb/mcs70/m3D/m3D/mcs70_m3D_s35.B81
Reading graphs...
35 :  71
35 :  72
Initializing...
maxdom : 35
D->valSize : 1225
Solving...
Blb : 2 (clique : 19)
currentSize : 19 <-- 0.036628 s
currentSize : 20 <-- 0.036893 s
currentSize : 21 <-- 0.036934 s
currentSize : 22 <-- 0.046851 s
currentSize : 23 <-- 0.197589 s
currentSize : 24 <-- 116.760818 s
currentSize : 25 <-- 119.411949 s
currentSize : 26 <-- 133.606415 s
currentSize : 27 <-- 151.494370 s
currentSize : 28 <-- 151.555878 s

maxsize : 28
nodes : 10611060.000000
filtered : 499046234.000000
time : 219.393616
