Parameters: GAD=1 vflib=1 dir=0 label=0 lowerbound=1 fileNameGp=../graphsdb/mcs70/m4D/m4Dr2/mcs70_m4Dr2_s25.A53 fileNameGt=../graphsdb/mcs70/m4D/m4Dr2/mcs70_m4Dr2_s25.B53
Reading graphs...
25 :  51
25 :  50
Initializing...
maxdom : 25
D->valSize : 625
Solving...
Blb : 2 (clique : 13)
currentSize : 13 <-- 0.009155 s
currentSize : 14 <-- 0.009450 s
currentSize : 15 <-- 0.009598 s
currentSize : 16 <-- 0.010281 s
currentSize : 17 <-- 0.014481 s
currentSize : 18 <-- 0.014766 s
currentSize : 19 <-- 4.500990 s

maxsize : 19
nodes : 268632.000000
filtered : 10606642.000000
time : 5.071248
