Parameters: GAD=1 vflib=1 dir=0 label=0 lowerbound=1 fileNameGp=../graphsdb/mcs70/rand/r02/mcs70_r02_s35.A08 fileNameGt=../graphsdb/mcs70/rand/r02/mcs70_r02_s35.B08
Reading graphs...
35 :  209
35 :  209
Initializing...
maxdom : 35
D->valSize : 1225
Solving...
Blb : 2 (clique : 10)
currentSize : 10 <-- 0.023104 s
currentSize : 11 <-- 0.023325 s
currentSize : 12 <-- 0.023627 s
currentSize : 13 <-- 0.023748 s
currentSize : 14 <-- 0.064352 s
currentSize : 15 <-- 0.269504 s
currentSize : 16 <-- 1122.975220 s
currentSize : 19 <-- 1123.080566 s
currentSize : 24 <-- 1185.508057 s

maxsize : 24
nodes : 289427372.000000
filtered : 3658102102.000000
time : 1207.362793
