Parameters: GAD=1 vflib=1 dir=0 label=0 lowerbound=1 fileNameGp=../graphsdb/mcs70/bvg/b09m/mcs70_b09m_s20.A77 fileNameGt=../graphsdb/mcs70/bvg/b09m/mcs70_b09m_s20.B77
Reading graphs...
20 :  84
20 :  84
Initializing...
maxdom : 20
D->valSize : 400
Solving...
Blb : 5 (clique : 9)
currentSize : 9 <-- 0.002037 s
currentSize : 10 <-- 0.003267 s
currentSize : 11 <-- 0.004307 s
currentSize : 12 <-- 0.006042 s
currentSize : 14 <-- 0.045437 s

maxsize : 14
nodes : 34707.000000
filtered : 738136.000000
time : 0.169914
