Parameters: GAD=1 vflib=1 dir=0 label=0 lowerbound=1 fileNameGp=../graphsdb/mcs70/m2D/m2Dr6/m2Dr6/mcs70_m2Dr6_s35.A46 fileNameGt=../graphsdb/mcs70/m2D/m2Dr6/m2Dr6/mcs70_m2Dr6_s35.B46
Reading graphs...
35 :  77
35 :  76
Initializing...
maxdom : 35
D->valSize : 1225
Solving...
Blb : 2 (clique : 19)
currentSize : 19 <-- 0.020606 s
currentSize : 20 <-- 0.020960 s
currentSize : 21 <-- 0.055505 s
currentSize : 22 <-- 0.239802 s
currentSize : 23 <-- 210.100754 s
currentSize : 24 <-- 303.452362 s
currentSize : 25 <-- 983.974487 s
currentSize : 26 <-- 984.128662 s

maxsize : 26
nodes : 43714035.000000
filtered : 2373004760.000000
time : 1346.750366
