Parameters: GAD=1 vflib=1 dir=0 label=0 lowerbound=1 fileNameGp=../graphsdb/mcs70/m2D/m2Dr2/mcs70_m2Dr2_s35.A71 fileNameGt=../graphsdb/mcs70/m2D/m2Dr2/mcs70_m2Dr2_s35.B71
Reading graphs...
35 :  64
35 :  65
Initializing...
maxdom : 35
D->valSize : 1225
Solving...
Blb : 2 (clique : 19)
currentSize : 19 <-- 0.021151 s
currentSize : 20 <-- 0.030396 s
currentSize : 21 <-- 0.066422 s
currentSize : 22 <-- 0.138547 s
currentSize : 23 <-- 2.667433 s
currentSize : 24 <-- 5.063217 s
currentSize : 25 <-- 34.147976 s
currentSize : 26 <-- 439.974976 s

maxsize : 26
nodes : 20524152.000000
filtered : 1430804022.000000
time : 1476.400635
