Parameters: GAD=1 vflib=1 dir=0 label=0 lowerbound=1 fileNameGp=../graphsdb/mcs70/rand/r01/mcs70_r01_s20.A02 fileNameGt=../graphsdb/mcs70/rand/r01/mcs70_r01_s20.B02
Reading graphs...
20 :  37
20 :  35
Initializing...
maxdom : 20
D->valSize : 400
Solving...
Blb : 2 (clique : 11)
currentSize : 11 <-- 0.003935 s
currentSize : 12 <-- 0.004039 s
currentSize : 13 <-- 0.004076 s
currentSize : 14 <-- 0.146056 s
currentSize : 15 <-- 0.650709 s

maxsize : 15
nodes : 91317.000000
filtered : 2226040.000000
time : 0.679393
