Parameters: GAD=1 vflib=1 dir=0 label=0 lowerbound=1 fileNameGp=../graphsdb/mcs70/m2D/m2Dr6/m2Dr6/mcs70_m2Dr6_s25.A98 fileNameGt=../graphsdb/mcs70/m2D/m2Dr6/m2Dr6/mcs70_m2Dr6_s25.B98
Reading graphs...
25 :  54
25 :  54
Initializing...
maxdom : 25
D->valSize : 625
Solving...
Blb : 2 (clique : 13)
currentSize : 13 <-- 0.005224 s
currentSize : 14 <-- 0.005357 s
currentSize : 15 <-- 0.012211 s
currentSize : 16 <-- 0.017625 s
currentSize : 17 <-- 0.400627 s

maxsize : 17
nodes : 965946.000000
filtered : 33895507.000000
time : 14.045246
