Parameters: GAD=1 vflib=1 dir=0 label=0 lowerbound=1 fileNameGp=../graphsdb/mcs70/m4D/m4Dr2/mcs70_m4Dr2_s25.A69 fileNameGt=../graphsdb/mcs70/m4D/m4Dr2/mcs70_m4Dr2_s25.B69
Reading graphs...
25 :  52
25 :  52
Initializing...
maxdom : 25
D->valSize : 625
Solving...
Blb : 2 (clique : 14)
currentSize : 14 <-- 0.009162 s
currentSize : 15 <-- 0.010373 s
currentSize : 16 <-- 0.014173 s
currentSize : 17 <-- 0.132773 s
currentSize : 18 <-- 15.491388 s

maxsize : 18
nodes : 1116057.000000
filtered : 48306032.000000
time : 19.895403
