Parameters: GAD=1 vflib=1 dir=0 label=0 lowerbound=1 fileNameGp=../graphsdb/mcs70/bvg/b06/mcs70_b06_s25.A53 fileNameGt=../graphsdb/mcs70/bvg/b06/mcs70_b06_s25.B53
Reading graphs...
25 :  75
25 :  75
Initializing...
maxdom : 25
D->valSize : 625
Solving...
Blb : 2 (clique : 14)
currentSize : 14 <-- 0.004891 s
currentSize : 15 <-- 0.084612 s
currentSize : 16 <-- 0.134570 s
currentSize : 17 <-- 0.462679 s
currentSize : 18 <-- 0.673876 s

maxsize : 18
nodes : 184094.000000
filtered : 6232608.000000
time : 1.890170
