Parameters: GAD=1 vflib=1 dir=0 label=0 lowerbound=1 fileNameGp=../graphsdb/mcs70/bvg/b03m/mcs70_b03m_s30.A47 fileNameGt=../graphsdb/mcs70/bvg/b03m/mcs70_b03m_s30.B47
Reading graphs...
30 :  45
30 :  45
Initializing...
maxdom : 30
D->valSize : 900
Solving...
Blb : 5 (clique : 18)
currentSize : 18 <-- 0.020153 s
currentSize : 19 <-- 0.041205 s
currentSize : 20 <-- 0.308088 s
currentSize : 21 <-- 1.391809 s
currentSize : 22 <-- 1.627684 s
currentSize : 23 <-- 5.761792 s
currentSize : 24 <-- 16.105434 s

maxsize : 24
nodes : 793933.000000
filtered : 59711311.000000
time : 57.091248
