Parameters: GAD=1 vflib=1 dir=0 label=0 lowerbound=1 fileNameGp=../graphsdb/mcs70/m3D/m3Dr2/mcs70_m3Dr2_s35.A77 fileNameGt=../graphsdb/mcs70/m3D/m3Dr2/mcs70_m3Dr2_s35.B77
Reading graphs...
35 :  79
35 :  78
Initializing...
maxdom : 35
D->valSize : 1225
Solving...
Blb : 2 (clique : 20)
currentSize : 20 <-- 0.020492 s
currentSize : 21 <-- 0.020905 s
currentSize : 22 <-- 0.025010 s
currentSize : 23 <-- 26.379166 s
currentSize : 24 <-- 999.888855 s
currentSize : 25 <-- 999.888916 s
currentSize : 27 <-- 1155.014282 s

maxsize : 27
nodes : 43058985.000000
filtered : 2335203219.000000
time : 1202.491699
