Parameters: GAD=1 vflib=1 dir=0 label=0 lowerbound=1 fileNameGp=../graphsdb/mcs70/m4D/m4Dr2/mcs70_m4Dr2_s25.A62 fileNameGt=../graphsdb/mcs70/m4D/m4Dr2/mcs70_m4Dr2_s25.B62
Reading graphs...
25 :  50
25 :  50
Initializing...
maxdom : 25
D->valSize : 625
Solving...
Blb : 2 (clique : 15)
currentSize : 15 <-- 0.009256 s
currentSize : 16 <-- 0.016062 s
currentSize : 17 <-- 0.032857 s
currentSize : 18 <-- 1.025869 s
currentSize : 19 <-- 2.395488 s

maxsize : 19
nodes : 217476.000000
filtered : 9016922.000000
time : 4.773983
