Parameters: GAD=1 vflib=1 dir=0 label=0 lowerbound=1 fileNameGp=../graphsdb/mcs70/m3D/m3Dr6/mcs70_m3Dr6_s35.A62 fileNameGt=../graphsdb/mcs70/m3D/m3Dr6/mcs70_m3Dr6_s35.B62
Reading graphs...
35 :  90
35 :  89
Initializing...
maxdom : 35
D->valSize : 1225
Solving...
Blb : 2 (clique : 16)
currentSize : 16 <-- 0.019970 s
currentSize : 17 <-- 0.020128 s
currentSize : 18 <-- 0.020240 s
currentSize : 19 <-- 0.020383 s
currentSize : 20 <-- 0.027697 s
currentSize : 21 <-- 0.040246 s
currentSize : 22 <-- 92.317360 s
currentSize : 23 <-- 160.786011 s
currentSize : 24 <-- 943.949829 s
currentSize : 25 <-- 947.670349 s
currentSize : 26 <-- 947.670410 s
currentSize : 27 <-- 947.670593 s

maxsize : 27
nodes : 71576439.000000
filtered : 2884272658.000000
time : 985.658203
