Parameters: GAD=1 vflib=1 dir=0 label=0 lowerbound=1 fileNameGp=../graphsdb/mcs70/bvg/b09/mcs70_b09_s30.A46 fileNameGt=../graphsdb/mcs70/bvg/b09/mcs70_b09_s30.B46
Reading graphs...
30 :  134
30 :  133
Initializing...
maxdom : 30
D->valSize : 900
Solving...
Blb : 5 (clique : 12)
currentSize : 12 <-- 0.009692 s
currentSize : 13 <-- 0.010427 s
currentSize : 14 <-- 0.094078 s
currentSize : 15 <-- 0.312291 s
currentSize : 16 <-- 0.337066 s
currentSize : 17 <-- 0.438859 s
currentSize : 18 <-- 0.843695 s
currentSize : 19 <-- 1.109122 s
currentSize : 20 <-- 2.304280 s
currentSize : 21 <-- 7.331293 s

maxsize : 21
nodes : 942076.000000
filtered : 37692938.000000
time : 8.524242
