Parameters: GAD=1 vflib=1 dir=0 label=0 lowerbound=1 fileNameGp=../graphsdb/mcs70/m3D/m3Dr6/mcs70_m3Dr6_s35.A39 fileNameGt=../graphsdb/mcs70/m3D/m3Dr6/mcs70_m3Dr6_s35.B39
Reading graphs...
35 :  92
35 :  90
Initializing...
maxdom : 35
D->valSize : 1225
Solving...
Blb : 2 (clique : 18)
currentSize : 18 <-- 0.020205 s
currentSize : 19 <-- 0.022359 s
currentSize : 20 <-- 0.029362 s
currentSize : 21 <-- 10.549553 s
currentSize : 22 <-- 848.579590 s
currentSize : 23 <-- 916.586426 s
currentSize : 24 <-- 917.208252 s
currentSize : 28 <-- 996.461548 s

maxsize : 28
nodes : 87986546.000000
filtered : 2814526028.000000
time : 1006.592285
