Parameters: GAD=1 vflib=1 dir=0 label=0 lowerbound=1 fileNameGp=../graphsdb/mcs70/m2D/m2D/mcs70_m2D_s35.A41 fileNameGt=../graphsdb/mcs70/m2D/m2D/mcs70_m2D_s35.B41
Reading graphs...
35 :  58
35 :  58
Initializing...
maxdom : 35
D->valSize : 1225
Solving...
Blb : 2 (clique : 19)
currentSize : 19 <-- 0.021721 s
currentSize : 20 <-- 0.021906 s
currentSize : 21 <-- 0.021935 s
currentSize : 22 <-- 0.028094 s
currentSize : 23 <-- 0.055963 s
currentSize : 24 <-- 2.262652 s
currentSize : 25 <-- 14.641765 s
currentSize : 26 <-- 69.497437 s
currentSize : 27 <-- 286.738190 s
currentSize : 28 <-- 293.386261 s

maxsize : 28
nodes : 9171044.000000
filtered : 691957268.000000
time : 781.638428
