Parameters: GAD=1 vflib=1 dir=0 label=0 lowerbound=1 fileNameGp=../graphsdb/mcs70/rand/r005/mcs70_r005_s35.A59 fileNameGt=../graphsdb/mcs70/rand/r005/mcs70_r005_s35.B59
Reading graphs...
35 :  57
35 :  58
Initializing...
maxdom : 35
D->valSize : 1225
Solving...
Blb : 2 (clique : 21)
currentSize : 21 <-- 0.021205 s
currentSize : 22 <-- 0.055812 s
currentSize : 23 <-- 0.061132 s
currentSize : 24 <-- 1.063334 s
currentSize : 25 <-- 139.163437 s
currentSize : 26 <-- 215.729050 s

TIMEOUT
maxsize : 26
nodes : 48611059.000000
filtered : 3711795285.000000
time : 3600.000488
