Parameters: GAD=1 vflib=1 dir=0 label=0 lowerbound=1 fileNameGp=../graphsdb/mcs70/bvg/b03/mcs70_b03_s20.A18 fileNameGt=../graphsdb/mcs70/bvg/b03/mcs70_b03_s20.B18
Reading graphs...
20 :  29
20 :  30
Initializing...
maxdom : 20
D->valSize : 400
Solving...
Blb : 2 (clique : 13)
currentSize : 13 <-- 0.003947 s
currentSize : 14 <-- 0.004059 s
currentSize : 15 <-- 0.006314 s
currentSize : 16 <-- 0.074461 s
currentSize : 17 <-- 0.088734 s

maxsize : 17
nodes : 7094.000000
filtered : 212919.000000
time : 0.123573
