Parameters: GAD=1 vflib=1 dir=0 label=0 lowerbound=1 fileNameGp=../graphsdb/mcs70/bvg/b06m/mcs70_b06m_s30.A20 fileNameGt=../graphsdb/mcs70/bvg/b06m/mcs70_b06m_s30.B20
Reading graphs...
30 :  87
30 :  86
Initializing...
maxdom : 30
D->valSize : 900
Solving...
Blb : 2 (clique : 13)
currentSize : 13 <-- 0.010622 s
currentSize : 15 <-- 0.010726 s
currentSize : 16 <-- 0.011689 s
currentSize : 17 <-- 0.021176 s
currentSize : 18 <-- 0.087588 s
currentSize : 19 <-- 18.572186 s
currentSize : 20 <-- 18.572287 s
currentSize : 22 <-- 18.572315 s

maxsize : 22
nodes : 1633402.000000
filtered : 66272290.000000
time : 25.717623
