Parameters: GAD=1 vflib=1 dir=0 label=0 lowerbound=1 fileNameGp=../graphsdb/mcs70/m3D/m3D/mcs70_m3D_s35.A08 fileNameGt=../graphsdb/mcs70/m3D/m3D/mcs70_m3D_s35.B08
Reading graphs...
35 :  72
35 :  72
Initializing...
maxdom : 35
D->valSize : 1225
Solving...
Blb : 2 (clique : 20)
currentSize : 20 <-- 0.025691 s
currentSize : 21 <-- 0.027426 s
currentSize : 22 <-- 0.029925 s
currentSize : 23 <-- 0.528141 s
currentSize : 24 <-- 1.352865 s
currentSize : 25 <-- 1.526593 s
currentSize : 26 <-- 1.623321 s
currentSize : 27 <-- 258.212555 s
currentSize : 28 <-- 279.715393 s
currentSize : 29 <-- 289.471375 s

maxsize : 29
nodes : 9926427.000000
filtered : 533119706.000000
time : 293.456085
