Parameters: GAD=1 vflib=1 dir=0 label=0 lowerbound=1 fileNameGp=../graphsdb/mcs70/rand/r005/mcs70_r005_s30.A26 fileNameGt=../graphsdb/mcs70/rand/r005/mcs70_r005_s30.B26
Reading graphs...
30 :  42
30 :  42
Initializing...
maxdom : 30
D->valSize : 900
Solving...
Blb : 2 (clique : 20)
currentSize : 20 <-- 0.011529 s
currentSize : 21 <-- 0.359747 s
currentSize : 22 <-- 0.556876 s
currentSize : 23 <-- 1.065577 s
currentSize : 24 <-- 31.792408 s

maxsize : 24
nodes : 972637.000000
filtered : 62972102.000000
time : 81.825378
