Parameters: GAD=1 vflib=1 dir=0 label=0 lowerbound=1 fileNameGp=../graphsdb/mcs70/m3D/m3D/mcs70_m3D_s35.A24 fileNameGt=../graphsdb/mcs70/m3D/m3D/mcs70_m3D_s35.B24
Reading graphs...
35 :  72
35 :  72
Initializing...
maxdom : 35
D->valSize : 1225
Solving...
Blb : 2 (clique : 20)
currentSize : 20 <-- 0.026557 s
currentSize : 21 <-- 0.026779 s
currentSize : 22 <-- 0.026977 s
currentSize : 23 <-- 0.204234 s
currentSize : 25 <-- 6.102021 s
currentSize : 26 <-- 6.123282 s
currentSize : 27 <-- 15.175730 s
currentSize : 28 <-- 15.426994 s
currentSize : 29 <-- 24.638893 s

maxsize : 29
nodes : 1461958.000000
filtered : 64462338.000000
time : 37.209316
