Parameters: GAD=1 vflib=1 dir=0 label=0 lowerbound=1 fileNameGp=../graphsdb/mcs70/bvg/b03/mcs70_b03_s25.A75 fileNameGt=../graphsdb/mcs70/bvg/b03/mcs70_b03_s25.B75
Reading graphs...
25 :  37
25 :  37
Initializing...
maxdom : 25
D->valSize : 625
Solving...
Blb : 5 (clique : 15)
currentSize : 15 <-- 0.009572 s
currentSize : 16 <-- 0.009771 s
currentSize : 17 <-- 0.010011 s
currentSize : 18 <-- 0.020977 s
currentSize : 19 <-- 0.303281 s
currentSize : 20 <-- 2.022182 s

maxsize : 20
nodes : 138645.000000
filtered : 6042334.000000
time : 5.023936
