Parameters: GAD=1 vflib=1 dir=0 label=0 lowerbound=1 fileNameGp=../graphsdb/mcs70/bvg/b09m/mcs70_b09m_s35.A59 fileNameGt=../graphsdb/mcs70/bvg/b09m/mcs70_b09m_s35.B59
Reading graphs...
35 :  151
35 :  150
Initializing...
maxdom : 35
D->valSize : 1225
Solving...
Blb : 2 (clique : 12)
currentSize : 12 <-- 0.031813 s
currentSize : 13 <-- 0.032102 s
currentSize : 14 <-- 0.032156 s
currentSize : 15 <-- 0.033406 s
currentSize : 16 <-- 0.036059 s
currentSize : 17 <-- 0.047994 s
currentSize : 18 <-- 17.766651 s
currentSize : 19 <-- 111.344765 s
currentSize : 21 <-- 145.327560 s
currentSize : 25 <-- 145.327652 s

maxsize : 25
nodes : 26761823.000000
filtered : 592316009.000000
time : 160.069504
