Parameters: GAD=1 vflib=1 dir=0 label=0 lowerbound=1 fileNameGp=../graphsdb/mcs70/bvg/b09m/mcs70_b09m_s35.A80 fileNameGt=../graphsdb/mcs70/bvg/b09m/mcs70_b09m_s35.B80
Reading graphs...
35 :  152
35 :  152
Initializing...
maxdom : 35
D->valSize : 1225
Solving...
Blb : 2 (clique : 13)
currentSize : 13 <-- 0.019621 s
currentSize : 14 <-- 0.019779 s
currentSize : 15 <-- 0.023256 s
currentSize : 16 <-- 0.150978 s
currentSize : 17 <-- 0.201763 s
currentSize : 18 <-- 10.410361 s
currentSize : 19 <-- 10.410815 s
currentSize : 20 <-- 37.738148 s
currentSize : 21 <-- 37.738388 s
currentSize : 24 <-- 37.764446 s

maxsize : 24
nodes : 8077275.000000
filtered : 276989726.000000
time : 69.168953
