Parameters: GAD=1 vflib=1 dir=0 label=0 lowerbound=1 fileNameGp=../graphsdb/mcs70/bvg/b09/mcs70_b09_s25.A33 fileNameGt=../graphsdb/mcs70/bvg/b09/mcs70_b09_s25.B33
Reading graphs...
25 :  110
25 :  111
Initializing...
maxdom : 25
D->valSize : 625
Solving...
Blb : 3 (clique : 11)
currentSize : 11 <-- 0.007886 s
currentSize : 12 <-- 0.014114 s
currentSize : 13 <-- 0.076778 s
currentSize : 14 <-- 1.226393 s
currentSize : 15 <-- 2.954226 s
currentSize : 16 <-- 2.962888 s

maxsize : 16
nodes : 933552.000000
filtered : 16721312.000000
time : 4.695909
