Parameters: GAD=1 vflib=1 dir=0 label=0 lowerbound=1 fileNameGp=../graphsdb/mcs70/m2D/m2D/mcs70_m2D_s25.A00 fileNameGt=../graphsdb/mcs70/m2D/m2D/mcs70_m2D_s25.B00
Reading graphs...
25 :  39
25 :  40
Initializing...
maxdom : 25
D->valSize : 625
Solving...
Blb : 2 (clique : 14)
currentSize : 14 <-- 0.009454 s
currentSize : 15 <-- 0.009604 s
currentSize : 16 <-- 0.009697 s
currentSize : 17 <-- 0.042371 s
currentSize : 18 <-- 0.351191 s
currentSize : 19 <-- 1.183902 s

maxsize : 19
nodes : 182937.000000
filtered : 8435644.000000
time : 6.933615
