Parameters: GAD=1 vflib=1 dir=0 label=0 lowerbound=1 fileNameGp=../graphsdb/mcs70/m3D/m3Dr2/mcs70_m3Dr2_s35.A01 fileNameGt=../graphsdb/mcs70/m3D/m3Dr2/mcs70_m3Dr2_s35.B01
Reading graphs...
35 :  79
35 :  78
Initializing...
maxdom : 35
D->valSize : 1225
Solving...
Blb : 2 (clique : 17)
currentSize : 17 <-- 0.020342 s
currentSize : 19 <-- 0.020497 s
currentSize : 20 <-- 0.020632 s
currentSize : 21 <-- 0.020727 s
currentSize : 22 <-- 2.006295 s
currentSize : 23 <-- 5.008001 s
currentSize : 24 <-- 280.406769 s
currentSize : 25 <-- 519.416565 s
currentSize : 26 <-- 1041.721802 s
currentSize : 28 <-- 1135.483643 s

maxsize : 28
nodes : 50240828.000000
filtered : 2317973553.000000
time : 1142.390381
