Parameters: GAD=1 vflib=1 dir=0 label=0 lowerbound=1 fileNameGp=../graphsdb/mcs70/rand/r02/mcs70_r02_s25.A19 fileNameGt=../graphsdb/mcs70/rand/r02/mcs70_r02_s25.B19
Reading graphs...
25 :  99
25 :  105
Initializing...
maxdom : 25
D->valSize : 625
Solving...
Blb : 2 (clique : 9)
currentSize : 9 <-- 0.007894 s
currentSize : 10 <-- 0.008002 s
currentSize : 11 <-- 0.009573 s
currentSize : 12 <-- 0.039305 s
currentSize : 13 <-- 0.278691 s
currentSize : 14 <-- 1.081293 s
currentSize : 16 <-- 1.122354 s
currentSize : 17 <-- 1.150158 s

maxsize : 17
nodes : 496159.000000
filtered : 9527280.000000
time : 2.518975
