Parameters: GAD=1 vflib=1 dir=0 label=0 lowerbound=1 fileNameGp=../graphsdb/mcs70/bvg/b06m/mcs70_b06m_s35.A32 fileNameGt=../graphsdb/mcs70/bvg/b06m/mcs70_b06m_s35.B32
Reading graphs...
35 :  103
35 :  103
Initializing...
maxdom : 35
D->valSize : 1225
Solving...
Blb : 2 (clique : 15)
currentSize : 15 <-- 0.034559 s
currentSize : 16 <-- 0.035226 s
currentSize : 17 <-- 0.037120 s
currentSize : 18 <-- 0.117287 s
currentSize : 19 <-- 0.411323 s
currentSize : 20 <-- 6.636093 s
currentSize : 21 <-- 159.037918 s
currentSize : 22 <-- 416.110809 s
currentSize : 24 <-- 416.112000 s
currentSize : 25 <-- 416.120819 s

maxsize : 25
nodes : 40823194.000000
filtered : 1394109518.000000
time : 496.091217
