Parameters: GAD=1 vflib=1 dir=0 label=0 lowerbound=1 fileNameGp=../graphsdb/mcs70/rand/r01/mcs70_r01_s30.A08 fileNameGt=../graphsdb/mcs70/rand/r01/mcs70_r01_s30.B08
Reading graphs...
30 :  83
30 :  84
Initializing...
maxdom : 30
D->valSize : 900
Solving...
Blb : 2 (clique : 13)
currentSize : 13 <-- 0.010478 s
currentSize : 14 <-- 0.011013 s
currentSize : 15 <-- 0.011902 s
currentSize : 16 <-- 0.014623 s
currentSize : 17 <-- 0.026753 s
currentSize : 18 <-- 0.219231 s
currentSize : 19 <-- 23.568396 s
currentSize : 20 <-- 59.288872 s
currentSize : 21 <-- 59.483879 s

maxsize : 21
nodes : 6194640.000000
filtered : 207590731.000000
time : 81.823341
