Parameters: GAD=1 vflib=1 dir=0 label=0 lowerbound=1 fileNameGp=../graphsdb/mcs70/m2D/m2Dr2/mcs70_m2Dr2_s35.A51 fileNameGt=../graphsdb/mcs70/m2D/m2Dr2/mcs70_m2Dr2_s35.B51
Reading graphs...
35 :  64
35 :  63
Initializing...
maxdom : 35
D->valSize : 1225
Solving...
Blb : 2 (clique : 20)
currentSize : 20 <-- 0.036962 s
currentSize : 21 <-- 0.037246 s
currentSize : 22 <-- 0.037294 s
currentSize : 23 <-- 0.086078 s
currentSize : 24 <-- 229.438705 s
currentSize : 25 <-- 233.052628 s

TIMEOUT
maxsize : 25
nodes : 108676524.000000
filtered : 7454262102.000000
time : 3600.000000
