Parameters: GAD=1 vflib=1 dir=0 label=0 lowerbound=1 fileNameGp=../graphsdb/mcs70/bvg/b06/mcs70_b06_s35.A58 fileNameGt=../graphsdb/mcs70/bvg/b06/mcs70_b06_s35.B58
Reading graphs...
35 :  104
35 :  104
Initializing...
maxdom : 35
D->valSize : 1225
Solving...
Blb : 2 (clique : 17)
currentSize : 17 <-- 0.034649 s
currentSize : 19 <-- 0.034891 s
currentSize : 20 <-- 0.034941 s
currentSize : 21 <-- 0.041228 s
currentSize : 22 <-- 0.073354 s
currentSize : 23 <-- 0.174724 s
currentSize : 24 <-- 0.411578 s
currentSize : 25 <-- 0.812594 s
currentSize : 26 <-- 8.586453 s

maxsize : 26
nodes : 1916334.000000
filtered : 109070464.000000
time : 52.453358
