Parameters: GAD=1 vflib=1 dir=0 label=0 lowerbound=1 fileNameGp=../graphsdb/mcs70/bvg/b09/mcs70_b09_s35.A92 fileNameGt=../graphsdb/mcs70/bvg/b09/mcs70_b09_s35.B92
Reading graphs...
35 :  155
35 :  157
Initializing...
maxdom : 35
D->valSize : 1225
Solving...
Blb : 2 (clique : 16)
currentSize : 16 <-- 0.018477 s
currentSize : 17 <-- 0.177227 s
currentSize : 18 <-- 0.230118 s
currentSize : 20 <-- 0.265907 s
currentSize : 21 <-- 0.266594 s
currentSize : 22 <-- 0.858377 s
currentSize : 24 <-- 0.858458 s

maxsize : 24
nodes : 3254399.000000
filtered : 153110582.000000
time : 37.204090
