Parameters: GAD=1 vflib=1 dir=0 label=0 lowerbound=1 fileNameGp=../graphsdb/mcs70/bvg/b03/mcs70_b03_s35.A36 fileNameGt=../graphsdb/mcs70/bvg/b03/mcs70_b03_s35.B36
Reading graphs...
35 :  51
35 :  52
Initializing...
maxdom : 35
D->valSize : 1225
Solving...
Blb : 2 (clique : 24)
currentSize : 24 <-- 0.021423 s
currentSize : 25 <-- 0.029082 s
currentSize : 26 <-- 0.036866 s
currentSize : 27 <-- 170.138092 s
currentSize : 28 <-- 297.168640 s
currentSize : 29 <-- 323.766541 s

maxsize : 29
nodes : 5396595.000000
filtered : 358871029.000000
time : 398.882355
