Parameters: GAD=1 vflib=1 dir=0 label=0 lowerbound=1 fileNameGp=../graphsdb/mcs70/bvg/b09m/mcs70_b09m_s35.A42 fileNameGt=../graphsdb/mcs70/bvg/b09m/mcs70_b09m_s35.B42
Reading graphs...
35 :  153
35 :  152
Initializing...
maxdom : 35
D->valSize : 1225
Solving...
Blb : 2 (clique : 14)
currentSize : 14 <-- 0.032121 s
currentSize : 15 <-- 0.035872 s
currentSize : 16 <-- 0.060984 s
currentSize : 17 <-- 0.948150 s
currentSize : 18 <-- 123.631271 s
currentSize : 21 <-- 326.351471 s
currentSize : 22 <-- 349.604736 s
currentSize : 24 <-- 349.604828 s

maxsize : 24
nodes : 54829504.000000
filtered : 1376886931.000000
time : 373.098816
