Parameters: GAD=1 vflib=1 dir=0 label=0 lowerbound=1 fileNameGp=../graphsdb/mcs70/bvg/b06m/mcs70_b06m_s30.A38 fileNameGt=../graphsdb/mcs70/bvg/b06m/mcs70_b06m_s30.B38
Reading graphs...
30 :  87
30 :  88
Initializing...
maxdom : 30
D->valSize : 900
Solving...
Blb : 2 (clique : 14)
currentSize : 14 <-- 0.010379 s
currentSize : 15 <-- 0.011725 s
currentSize : 16 <-- 0.026047 s
currentSize : 17 <-- 0.040157 s
currentSize : 18 <-- 2.435053 s
currentSize : 20 <-- 5.919272 s
currentSize : 22 <-- 5.923081 s

maxsize : 22
nodes : 855179.000000
filtered : 32427880.000000
time : 11.251045
