Parameters: GAD=1 vflib=1 dir=0 label=0 lowerbound=1 fileNameGp=../graphsdb/mcs70/m4D/m4Dr2/mcs70_m4Dr2_s25.A22 fileNameGt=../graphsdb/mcs70/m4D/m4Dr2/mcs70_m4Dr2_s25.B22
Reading graphs...
25 :  51
25 :  51
Initializing...
maxdom : 25
D->valSize : 625
Solving...
Blb : 2 (clique : 13)
currentSize : 13 <-- 0.009177 s
currentSize : 14 <-- 0.016322 s
currentSize : 15 <-- 0.075382 s
currentSize : 16 <-- 0.075437 s
currentSize : 17 <-- 0.076087 s
currentSize : 18 <-- 0.145596 s

maxsize : 18
nodes : 223127.000000
filtered : 11307451.000000
time : 6.512187
