Parameters: GAD=1 vflib=1 dir=0 label=0 lowerbound=1 fileNameGp=../graphsdb/mcs70/bvg/b03/mcs70_b03_s35.A38 fileNameGt=../graphsdb/mcs70/bvg/b03/mcs70_b03_s35.B38
Reading graphs...
35 :  52
35 :  52
Initializing...
maxdom : 35
D->valSize : 1225
Solving...
Blb : 2 (clique : 22)
currentSize : 22 <-- 0.021581 s
currentSize : 23 <-- 0.021844 s
currentSize : 24 <-- 0.030646 s
currentSize : 25 <-- 0.535798 s
currentSize : 26 <-- 1.094409 s
currentSize : 27 <-- 205.903809 s
currentSize : 28 <-- 493.775055 s

maxsize : 28
nodes : 16354930.000000
filtered : 1264068965.000000
time : 1600.278687
