Parameters: GAD=1 vflib=1 dir=0 label=0 lowerbound=1 fileNameGp=../graphsdb/mcs70/m3D/m3Dr2/mcs70_m3Dr2_s35.A02 fileNameGt=../graphsdb/mcs70/m3D/m3Dr2/mcs70_m3Dr2_s35.B02
Reading graphs...
35 :  79
35 :  79
Initializing...
maxdom : 35
D->valSize : 1225
Solving...
Blb : 2 (clique : 18)
currentSize : 18 <-- 0.021617 s
currentSize : 19 <-- 0.021924 s
currentSize : 20 <-- 0.022834 s
currentSize : 21 <-- 0.047341 s
currentSize : 22 <-- 0.120110 s
currentSize : 23 <-- 81.999298 s
currentSize : 24 <-- 184.112793 s
currentSize : 25 <-- 682.798035 s
currentSize : 28 <-- 695.897827 s

maxsize : 28
nodes : 28340795.000000
filtered : 1205973848.000000
time : 713.354980
