Parameters: GAD=1 vflib=1 dir=0 label=0 lowerbound=1 fileNameGp=../graphsdb/mcs70/rand/r02/mcs70_r02_s35.A11 fileNameGt=../graphsdb/mcs70/rand/r02/mcs70_r02_s35.B11
Reading graphs...
35 :  210
35 :  210
Initializing...
maxdom : 35
D->valSize : 1225
Solving...
Blb : 2 (clique : 12)
currentSize : 12 <-- 0.029567 s
currentSize : 13 <-- 0.030539 s
currentSize : 14 <-- 0.064889 s
currentSize : 15 <-- 0.629932 s
currentSize : 16 <-- 12.321894 s
currentSize : 17 <-- 74.526184 s
currentSize : 20 <-- 158.461823 s
currentSize : 24 <-- 171.784561 s

maxsize : 24
nodes : 35467987.000000
filtered : 723339463.000000
time : 192.125046
