Parameters: GAD=1 vflib=1 dir=0 label=0 lowerbound=1 fileNameGp=../graphsdb/mcs70/bvg/b03/mcs70_b03_s25.A84 fileNameGt=../graphsdb/mcs70/bvg/b03/mcs70_b03_s25.B84
Reading graphs...
25 :  37
25 :  37
Initializing...
maxdom : 25
D->valSize : 625
Solving...
Blb : 2 (clique : 15)
currentSize : 15 <-- 0.005622 s
currentSize : 16 <-- 0.005715 s
currentSize : 17 <-- 0.005784 s
currentSize : 18 <-- 0.008891 s
currentSize : 19 <-- 0.153737 s
currentSize : 20 <-- 0.512544 s

maxsize : 20
nodes : 80128.000000
filtered : 3095960.000000
time : 2.214163
