Parameters: GAD=1 vflib=1 dir=0 label=0 lowerbound=1 fileNameGp=../graphsdb/mcs70/rand/r02/mcs70_r02_s35.A61 fileNameGt=../graphsdb/mcs70/rand/r02/mcs70_r02_s35.B61
Reading graphs...
35 :  212
35 :  214
Initializing...
maxdom : 35
D->valSize : 1225
Solving...
Blb : 2 (clique : 10)
currentSize : 10 <-- 0.017684 s
currentSize : 11 <-- 0.017809 s
currentSize : 12 <-- 0.017920 s
currentSize : 13 <-- 0.024856 s
currentSize : 14 <-- 0.030612 s
currentSize : 15 <-- 18.059113 s
currentSize : 16 <-- 56.952408 s
currentSize : 17 <-- 59.108074 s
currentSize : 18 <-- 59.108143 s
currentSize : 20 <-- 61.528336 s
currentSize : 24 <-- 62.512856 s

maxsize : 24
nodes : 17370016.000000
filtered : 303784545.000000
time : 86.851311
