Parameters: GAD=1 vflib=1 dir=0 label=0 lowerbound=1 fileNameGp=../graphsdb/mcs70/rand/r01/mcs70_r01_s35.A54 fileNameGt=../graphsdb/mcs70/rand/r01/mcs70_r01_s35.B54
Reading graphs...
35 :  112
35 :  110
Initializing...
maxdom : 35
D->valSize : 1225
Solving...
Blb : 2 (clique : 16)
currentSize : 16 <-- 0.019488 s
currentSize : 17 <-- 0.020286 s
currentSize : 18 <-- 0.048633 s
currentSize : 19 <-- 0.091826 s
currentSize : 20 <-- 43.953728 s
currentSize : 21 <-- 142.076050 s
currentSize : 24 <-- 758.051331 s

maxsize : 24
nodes : 65194970.000000
filtered : 2782462761.000000
time : 971.038086
