Parameters: GAD=1 vflib=1 dir=0 label=0 lowerbound=1 fileNameGp=../graphsdb/mcs70/bvg/b09m/mcs70_b09m_s25.A12 fileNameGt=../graphsdb/mcs70/bvg/b09m/mcs70_b09m_s25.B12
Reading graphs...
25 :  103
25 :  106
Initializing...
maxdom : 25
D->valSize : 625
Solving...
Blb : 2 (clique : 10)
currentSize : 10 <-- 0.004624 s
currentSize : 12 <-- 0.004783 s
currentSize : 13 <-- 0.009242 s
currentSize : 14 <-- 0.090407 s
currentSize : 16 <-- 0.742890 s

maxsize : 16
nodes : 381159.000000
filtered : 10136884.000000
time : 2.324526
