Parameters: GAD=1 vflib=1 dir=0 label=0 lowerbound=1 fileNameGp=../graphsdb/mcs70/bvg/b06/mcs70_b06_s25.A72 fileNameGt=../graphsdb/mcs70/bvg/b06/mcs70_b06_s25.B72
Reading graphs...
25 :  74
25 :  74
Initializing...
maxdom : 25
D->valSize : 625
Solving...
Blb : 3 (clique : 12)
currentSize : 12 <-- 0.004913 s
currentSize : 13 <-- 0.007590 s
currentSize : 14 <-- 0.012627 s
currentSize : 15 <-- 0.013863 s
currentSize : 16 <-- 0.118916 s
currentSize : 18 <-- 0.136268 s

maxsize : 18
nodes : 135071.000000
filtered : 4022304.000000
time : 1.306227
