Parameters: GAD=1 vflib=1 dir=0 label=0 lowerbound=1 fileNameGp=../graphsdb/mcs70/bvg/b06/mcs70_b06_s20.A52 fileNameGt=../graphsdb/mcs70/bvg/b06/mcs70_b06_s20.B52
Reading graphs...
20 :  60
20 :  60
Initializing...
maxdom : 20
D->valSize : 400
Solving...
Blb : 3 (clique : 11)
currentSize : 11 <-- 0.003537 s
currentSize : 12 <-- 0.010231 s
currentSize : 13 <-- 0.020612 s
currentSize : 14 <-- 0.022032 s
currentSize : 15 <-- 0.037610 s

maxsize : 15
nodes : 14676.000000
filtered : 357247.000000
time : 0.136887
