Parameters: GAD=1 vflib=1 dir=0 label=0 lowerbound=1 fileNameGp=../graphsdb/mcs70/bvg/b09/mcs70_b09_s30.A82 fileNameGt=../graphsdb/mcs70/bvg/b09/mcs70_b09_s30.B82
Reading graphs...
30 :  132
30 :  133
Initializing...
maxdom : 30
D->valSize : 900
Solving...
Blb : 2 (clique : 12)
currentSize : 12 <-- 0.010115 s
currentSize : 13 <-- 0.010261 s
currentSize : 14 <-- 0.015678 s
currentSize : 16 <-- 0.257295 s
currentSize : 17 <-- 0.313878 s
currentSize : 18 <-- 0.390499 s
currentSize : 19 <-- 1.504804 s
currentSize : 20 <-- 1.510912 s
currentSize : 21 <-- 1.814667 s

maxsize : 21
nodes : 647484.000000
filtered : 27838421.000000
time : 6.065773
