Parameters: GAD=1 vflib=1 dir=0 label=0 lowerbound=1 fileNameGp=../graphsdb/mcs70/bvg/b09m/mcs70_b09m_s35.A14 fileNameGt=../graphsdb/mcs70/bvg/b09m/mcs70_b09m_s35.B14
Reading graphs...
35 :  153
35 :  153
Initializing...
maxdom : 35
D->valSize : 1225
Solving...
Blb : 2 (clique : 13)
currentSize : 13 <-- 0.018432 s
currentSize : 14 <-- 0.019038 s
currentSize : 15 <-- 0.101641 s
currentSize : 16 <-- 0.104613 s
currentSize : 17 <-- 1.011843 s
currentSize : 18 <-- 233.893784 s
currentSize : 23 <-- 468.346130 s
currentSize : 24 <-- 468.346313 s

maxsize : 24
nodes : 73137793.000000
filtered : 1666229131.000000
time : 500.104889
