Parameters: GAD=1 vflib=1 dir=0 label=0 lowerbound=1 fileNameGp=../graphsdb/mcs70/bvg/b03m/mcs70_b03m_s25.A99 fileNameGt=../graphsdb/mcs70/bvg/b03m/mcs70_b03m_s25.B99
Reading graphs...
25 :  37
25 :  37
Initializing...
maxdom : 25
D->valSize : 625
Solving...
Blb : 2 (clique : 15)
currentSize : 15 <-- 0.009565 s
currentSize : 16 <-- 0.009758 s
currentSize : 17 <-- 0.046850 s
currentSize : 18 <-- 0.053640 s
currentSize : 19 <-- 0.346568 s

maxsize : 19
nodes : 147633.000000
filtered : 6481356.000000
time : 4.300308
