Parameters: GAD=1 vflib=1 dir=0 label=0 lowerbound=1 fileNameGp=../graphsdb/mcs70/bvg/b09/mcs70_b09_s25.A44 fileNameGt=../graphsdb/mcs70/bvg/b09/mcs70_b09_s25.B44
Reading graphs...
25 :  109
25 :  108
Initializing...
maxdom : 25
D->valSize : 625
Solving...
Blb : 3 (clique : 12)
currentSize : 12 <-- 0.007853 s
currentSize : 13 <-- 0.088558 s
currentSize : 15 <-- 0.139429 s
currentSize : 16 <-- 0.139476 s
currentSize : 17 <-- 0.773032 s

maxsize : 17
nodes : 263980.000000
filtered : 6268025.000000
time : 1.515693
