Parameters: GAD=1 vflib=1 dir=0 label=0 lowerbound=1 fileNameGp=../graphsdb/mcs70/bvg/b09/mcs70_b09_s20.A30 fileNameGt=../graphsdb/mcs70/bvg/b09/mcs70_b09_s20.B30
Reading graphs...
20 :  89
20 :  90
Initializing...
maxdom : 20
D->valSize : 400
Solving...
Blb : 2 (clique : 9)
currentSize : 9 <-- 0.002009 s
currentSize : 10 <-- 0.002145 s
currentSize : 11 <-- 0.002186 s
currentSize : 12 <-- 0.004660 s
currentSize : 15 <-- 0.004929 s

maxsize : 15
nodes : 9302.000000
filtered : 279115.000000
time : 0.063181
