Parameters: GAD=1 vflib=1 dir=0 label=0 lowerbound=1 fileNameGp=../graphsdb/mcs70/m2D/m2D/mcs70_m2D_s35.A49 fileNameGt=../graphsdb/mcs70/m2D/m2D/mcs70_m2D_s35.B49
Reading graphs...
35 :  58
35 :  58
Initializing...
maxdom : 35
D->valSize : 1225
Solving...
Blb : 2 (clique : 20)
currentSize : 20 <-- 0.021486 s
currentSize : 21 <-- 0.021688 s
currentSize : 22 <-- 0.025645 s
currentSize : 23 <-- 0.027894 s
currentSize : 24 <-- 0.578814 s
currentSize : 25 <-- 15.505753 s
currentSize : 26 <-- 59.681347 s
currentSize : 27 <-- 320.168884 s

maxsize : 27
nodes : 14307181.000000
filtered : 924247497.000000
time : 781.099731
