Parameters: GAD=1 vflib=1 dir=0 label=0 lowerbound=1 fileNameGp=../graphsdb/mcs70/rand/r02/mcs70_r02_s25.A77 fileNameGt=../graphsdb/mcs70/rand/r02/mcs70_r02_s25.B77
Reading graphs...
25 :  103
25 :  111
Initializing...
maxdom : 25
D->valSize : 625
Solving...
Blb : 3 (clique : 10)
currentSize : 10 <-- 0.007896 s
currentSize : 11 <-- 0.008804 s
currentSize : 12 <-- 0.019556 s
currentSize : 13 <-- 0.191684 s
currentSize : 17 <-- 3.370258 s

maxsize : 17
nodes : 1032758.000000
filtered : 17452801.000000
time : 4.637310
