Parameters: GAD=1 vflib=1 dir=0 label=0 lowerbound=1 fileNameGp=../graphsdb/mcs70/m3D/m3D/mcs70_m3D_s35.A30 fileNameGt=../graphsdb/mcs70/m3D/m3D/mcs70_m3D_s35.B30
Reading graphs...
35 :  72
35 :  72
Initializing...
maxdom : 35
D->valSize : 1225
Solving...
Blb : 2 (clique : 20)
currentSize : 20 <-- 0.021858 s
currentSize : 23 <-- 0.022032 s
currentSize : 26 <-- 0.023761 s
currentSize : 27 <-- 0.085793 s
currentSize : 28 <-- 0.435881 s

maxsize : 28
nodes : 1396187.000000
filtered : 72508112.000000
time : 38.652279
