Parameters: GAD=1 vflib=1 dir=0 label=0 lowerbound=1 fileNameGp=../graphsdb/mcs70/bvg/b03/mcs70_b03_s25.A09 fileNameGt=../graphsdb/mcs70/bvg/b03/mcs70_b03_s25.B09
Reading graphs...
25 :  37
25 :  37
Initializing...
maxdom : 25
D->valSize : 625
Solving...
Blb : 2 (clique : 13)
currentSize : 13 <-- 0.009289 s
currentSize : 14 <-- 0.009474 s
currentSize : 15 <-- 0.010809 s
currentSize : 16 <-- 0.013406 s
currentSize : 18 <-- 0.014239 s
currentSize : 19 <-- 0.467656 s
currentSize : 20 <-- 2.357763 s

maxsize : 20
nodes : 128148.000000
filtered : 6127653.000000
time : 3.602498
