Parameters: GAD=1 vflib=1 dir=0 label=0 lowerbound=1 fileNameGp=../graphsdb/mcs70/bvg/b09m/mcs70_b09m_s20.A17 fileNameGt=../graphsdb/mcs70/bvg/b09m/mcs70_b09m_s20.B17
Reading graphs...
20 :  84
20 :  85
Initializing...
maxdom : 20
D->valSize : 400
Solving...
Blb : 2 (clique : 8)
currentSize : 8 <-- 0.001971 s
currentSize : 9 <-- 0.002034 s
currentSize : 10 <-- 0.002582 s
currentSize : 11 <-- 0.008356 s
currentSize : 12 <-- 0.008439 s
currentSize : 14 <-- 0.054098 s

maxsize : 14
nodes : 31432.000000
filtered : 673243.000000
time : 0.152706
