Parameters: GAD=1 vflib=1 dir=0 label=0 lowerbound=1 fileNameGp=../graphsdb/mcs70/rand/r02/mcs70_r02_s30.A26 fileNameGt=../graphsdb/mcs70/rand/r02/mcs70_r02_s30.B26
Reading graphs...
30 :  158
30 :  162
Initializing...
maxdom : 30
D->valSize : 900
Solving...
Blb : 3 (clique : 10)
currentSize : 10 <-- 0.016127 s
currentSize : 11 <-- 0.016763 s
currentSize : 12 <-- 0.017473 s
currentSize : 13 <-- 0.018231 s
currentSize : 14 <-- 2.335971 s
currentSize : 15 <-- 21.358257 s
currentSize : 16 <-- 55.742119 s
currentSize : 17 <-- 57.861240 s
currentSize : 21 <-- 65.017349 s

maxsize : 21
nodes : 15391282.000000
filtered : 238683761.000000
time : 68.292854
