Parameters: GAD=1 vflib=1 dir=0 label=0 lowerbound=1 fileNameGp=../graphsdb/mcs70/bvg/b03m/mcs70_b03m_s25.A46 fileNameGt=../graphsdb/mcs70/bvg/b03m/mcs70_b03m_s25.B46
Reading graphs...
25 :  36
25 :  36
Initializing...
maxdom : 25
D->valSize : 625
Solving...
Blb : 5 (clique : 16)
currentSize : 16 <-- 0.010444 s
currentSize : 17 <-- 0.011366 s
currentSize : 18 <-- 0.019763 s
currentSize : 19 <-- 1.310925 s
currentSize : 20 <-- 1.779194 s

maxsize : 20
nodes : 135955.000000
filtered : 5491077.000000
time : 4.763766
