Parameters: GAD=1 vflib=1 dir=0 label=0 lowerbound=1 fileNameGp=../graphsdb/mcs70/bvg/b03/mcs70_b03_s25.A77 fileNameGt=../graphsdb/mcs70/bvg/b03/mcs70_b03_s25.B77
Reading graphs...
25 :  36
25 :  37
Initializing...
maxdom : 25
D->valSize : 625
Solving...
Blb : 2 (clique : 16)
currentSize : 16 <-- 0.009597 s
currentSize : 17 <-- 0.009834 s
currentSize : 18 <-- 0.011136 s
currentSize : 19 <-- 0.151879 s
currentSize : 20 <-- 14.605892 s

maxsize : 20
nodes : 768086.000000
filtered : 28417508.000000
time : 18.852135
