Parameters: GAD=1 vflib=1 dir=0 label=0 lowerbound=1 fileNameGp=../graphsdb/mcs70/rand/r02/mcs70_r02_s35.A58 fileNameGt=../graphsdb/mcs70/rand/r02/mcs70_r02_s35.B58
Reading graphs...
35 :  213
35 :  208
Initializing...
maxdom : 35
D->valSize : 1225
Solving...
Blb : 2 (clique : 10)
currentSize : 10 <-- 0.020846 s
currentSize : 11 <-- 0.020979 s
currentSize : 12 <-- 0.021168 s
currentSize : 13 <-- 0.030739 s
currentSize : 14 <-- 0.275612 s
currentSize : 16 <-- 5.775729 s
currentSize : 18 <-- 33.047031 s
currentSize : 19 <-- 33.370823 s
currentSize : 24 <-- 33.371082 s

maxsize : 24
nodes : 9390584.000000
filtered : 219915873.000000
time : 54.526535
