Parameters: GAD=1 vflib=1 dir=0 label=0 lowerbound=1 fileNameGp=../graphsdb/mcs70/bvg/b09m/mcs70_b09m_s30.A39 fileNameGt=../graphsdb/mcs70/bvg/b09m/mcs70_b09m_s30.B39
Reading graphs...
30 :  131
30 :  127
Initializing...
maxdom : 30
D->valSize : 900
Solving...
Blb : 2 (clique : 11)
currentSize : 11 <-- 0.009749 s
currentSize : 12 <-- 0.009866 s
currentSize : 13 <-- 0.010656 s
currentSize : 14 <-- 0.013202 s
currentSize : 15 <-- 0.662524 s
currentSize : 18 <-- 13.794532 s
currentSize : 19 <-- 13.794800 s
currentSize : 20 <-- 20.507519 s

maxsize : 20
nodes : 4073745.000000
filtered : 105401958.000000
time : 26.319675
