Parameters: GAD=1 vflib=1 dir=0 label=0 lowerbound=1 fileNameGp=../graphsdb/mcs70/bvg/b09/mcs70_b09_s25.A38 fileNameGt=../graphsdb/mcs70/bvg/b09/mcs70_b09_s25.B38
Reading graphs...
25 :  110
25 :  110
Initializing...
maxdom : 25
D->valSize : 625
Solving...
Blb : 2 (clique : 10)
currentSize : 10 <-- 0.004631 s
currentSize : 11 <-- 0.005591 s
currentSize : 12 <-- 0.009113 s
currentSize : 13 <-- 0.024018 s
currentSize : 14 <-- 0.030313 s
currentSize : 15 <-- 0.034515 s
currentSize : 16 <-- 0.034552 s

maxsize : 16
nodes : 496375.000000
filtered : 11022618.000000
time : 2.630775
