Parameters: GAD=1 vflib=1 dir=0 label=0 lowerbound=1 fileNameGp=../graphsdb/mcs70/bvg/b03m/mcs70_b03m_s30.A99 fileNameGt=../graphsdb/mcs70/bvg/b03m/mcs70_b03m_s30.B99
Reading graphs...
30 :  45
30 :  45
Initializing...
maxdom : 30
D->valSize : 900
Solving...
Blb : 2 (clique : 18)
currentSize : 18 <-- 0.011683 s
currentSize : 19 <-- 0.011836 s
currentSize : 20 <-- 0.011952 s
currentSize : 21 <-- 0.012264 s
currentSize : 22 <-- 0.033321 s
currentSize : 23 <-- 8.927780 s

maxsize : 23
nodes : 1600457.000000
filtered : 108503745.000000
time : 115.712288
