Parameters: GAD=1 vflib=1 dir=0 label=0 lowerbound=1 fileNameGp=../graphsdb/mcs70/rand/r02/mcs70_r02_s30.A65 fileNameGt=../graphsdb/mcs70/rand/r02/mcs70_r02_s30.B65
Reading graphs...
30 :  153
30 :  154
Initializing...
maxdom : 30
D->valSize : 900
Solving...
Blb : 2 (clique : 11)
currentSize : 11 <-- 0.009427 s
currentSize : 12 <-- 0.018973 s
currentSize : 13 <-- 0.069343 s
currentSize : 14 <-- 1.348967 s
currentSize : 15 <-- 18.643576 s
currentSize : 16 <-- 18.645218 s
currentSize : 21 <-- 18.645376 s

maxsize : 21
nodes : 5274711.000000
filtered : 71452602.000000
time : 22.904364
