Parameters: GAD=1 vflib=1 dir=0 label=0 lowerbound=1 fileNameGp=../graphsdb/mcs70/bvg/b09m/mcs70_b09m_s25.A88 fileNameGt=../graphsdb/mcs70/bvg/b09m/mcs70_b09m_s25.B88
Reading graphs...
25 :  106
25 :  107
Initializing...
maxdom : 25
D->valSize : 625
Solving...
Blb : 2 (clique : 10)
currentSize : 10 <-- 0.004711 s
currentSize : 11 <-- 0.006952 s
currentSize : 12 <-- 0.014306 s
currentSize : 13 <-- 0.119729 s
currentSize : 14 <-- 0.609605 s
currentSize : 15 <-- 1.700598 s
currentSize : 16 <-- 1.700637 s

maxsize : 16
nodes : 773520.000000
filtered : 14490211.000000
time : 3.815177
