Parameters: GAD=1 vflib=1 dir=0 label=0 lowerbound=1 fileNameGp=../graphsdb/mcs70/bvg/b06/mcs70_b06_s25.A29 fileNameGt=../graphsdb/mcs70/bvg/b06/mcs70_b06_s25.B29
Reading graphs...
25 :  74
25 :  75
Initializing...
maxdom : 25
D->valSize : 625
Solving...
Blb : 3 (clique : 15)
currentSize : 15 <-- 0.005538 s
currentSize : 16 <-- 0.015829 s
currentSize : 17 <-- 0.051684 s
currentSize : 18 <-- 0.051743 s
currentSize : 19 <-- 0.098411 s

maxsize : 19
nodes : 59958.000000
filtered : 1903453.000000
time : 0.644199
