Parameters: GAD=1 vflib=1 dir=0 label=0 lowerbound=1 fileNameGp=../graphsdb/mcs70/rand/r02/mcs70_r02_s35.A80 fileNameGt=../graphsdb/mcs70/rand/r02/mcs70_r02_s35.B80
Reading graphs...
35 :  216
35 :  212
Initializing...
maxdom : 35
D->valSize : 1225
Solving...
Blb : 2 (clique : 11)
currentSize : 11 <-- 0.018057 s
currentSize : 12 <-- 0.018236 s
currentSize : 13 <-- 0.029836 s
currentSize : 14 <-- 0.763485 s
currentSize : 15 <-- 12.643690 s
currentSize : 16 <-- 178.982040 s
currentSize : 17 <-- 179.362274 s
currentSize : 20 <-- 390.256470 s
currentSize : 24 <-- 477.952057 s

maxsize : 24
nodes : 99543183.000000
filtered : 1791041963.000000
time : 486.971649
