Parameters: GAD=1 vflib=1 dir=0 label=0 lowerbound=1 fileNameGp=../graphsdb/mcs70/bvg/b09m/mcs70_b09m_s35.A52 fileNameGt=../graphsdb/mcs70/bvg/b09m/mcs70_b09m_s35.B52
Reading graphs...
35 :  151
35 :  150
Initializing...
maxdom : 35
D->valSize : 1225
Solving...
Blb : 2 (clique : 15)
currentSize : 15 <-- 0.018944 s
currentSize : 16 <-- 0.027443 s
currentSize : 17 <-- 0.119433 s
currentSize : 18 <-- 54.603992 s
currentSize : 19 <-- 73.048195 s
currentSize : 21 <-- 73.092987 s
currentSize : 23 <-- 79.582779 s
currentSize : 24 <-- 155.688950 s

maxsize : 24
nodes : 22145693.000000
filtered : 745098485.000000
time : 177.811905
