Parameters: GAD=1 vflib=1 dir=0 label=0 lowerbound=1 fileNameGp=../graphsdb/mcs70/m2D/m2Dr2/mcs70_m2Dr2_s25.A74 fileNameGt=../graphsdb/mcs70/m2D/m2Dr2/mcs70_m2Dr2_s25.B74
Reading graphs...
25 :  45
25 :  44
Initializing...
maxdom : 25
D->valSize : 625
Solving...
Blb : 2 (clique : 14)
currentSize : 14 <-- 0.009206 s
currentSize : 15 <-- 0.010252 s
currentSize : 16 <-- 0.015288 s
currentSize : 17 <-- 0.016394 s
currentSize : 18 <-- 0.172781 s

maxsize : 18
nodes : 1107598.000000
filtered : 46827286.000000
time : 30.007290
