Parameters: GAD=1 vflib=1 dir=0 label=0 lowerbound=1 fileNameGp=../graphsdb/mcs70/bvg/b03m/mcs70_b03m_s35.A10 fileNameGt=../graphsdb/mcs70/bvg/b03m/mcs70_b03m_s35.B10
Reading graphs...
35 :  52
35 :  52
Initializing...
maxdom : 35
D->valSize : 1225
Solving...
Blb : 2 (clique : 22)
currentSize : 22 <-- 0.021493 s
currentSize : 23 <-- 0.021691 s
currentSize : 24 <-- 0.021900 s
currentSize : 25 <-- 0.023545 s
currentSize : 26 <-- 0.373004 s
currentSize : 27 <-- 1250.427246 s

maxsize : 27
nodes : 44977393.000000
filtered : 3249047670.000000
time : 3489.620850
