Parameters: GAD=1 vflib=1 dir=0 label=0 lowerbound=1 fileNameGp=../graphsdb/mcs70/m3D/m3Dr6/mcs70_m3Dr6_s35.A59 fileNameGt=../graphsdb/mcs70/m3D/m3Dr6/mcs70_m3Dr6_s35.B59
Reading graphs...
35 :  91
35 :  90
Initializing...
maxdom : 35
D->valSize : 1225
Solving...
Blb : 2 (clique : 16)
currentSize : 16 <-- 0.019873 s
currentSize : 17 <-- 0.020108 s
currentSize : 18 <-- 0.020590 s
currentSize : 19 <-- 0.024863 s
currentSize : 20 <-- 0.118828 s
currentSize : 21 <-- 13.620025 s
currentSize : 22 <-- 695.038757 s
currentSize : 23 <-- 749.747009 s
currentSize : 24 <-- 749.747070 s
currentSize : 25 <-- 1120.141724 s
currentSize : 26 <-- 1130.033569 s
currentSize : 27 <-- 1155.486450 s

maxsize : 27
nodes : 48719316.000000
filtered : 2361399617.000000
time : 1165.044678
