Parameters: GAD=1 vflib=1 dir=0 label=0 lowerbound=1 fileNameGp=../graphsdb/mcs70/bvg/b06m/mcs70_b06m_s35.A62 fileNameGt=../graphsdb/mcs70/bvg/b06m/mcs70_b06m_s35.B62
Reading graphs...
35 :  102
35 :  101
Initializing...
maxdom : 35
D->valSize : 1225
Solving...
Blb : 2 (clique : 16)
currentSize : 16 <-- 0.024878 s
currentSize : 17 <-- 0.025080 s
currentSize : 18 <-- 0.025133 s
currentSize : 19 <-- 0.027233 s
currentSize : 20 <-- 0.417418 s
currentSize : 21 <-- 8.459182 s
currentSize : 22 <-- 2200.880127 s
currentSize : 23 <-- 2200.880127 s
currentSize : 24 <-- 2206.321289 s

maxsize : 24
nodes : 137746201.000000
filtered : 7305939706.000000
time : 2636.673584
