Parameters: GAD=1 vflib=1 dir=0 label=0 lowerbound=1 fileNameGp=../graphsdb/mcs70/bvg/b09/mcs70_b09_s30.A63 fileNameGt=../graphsdb/mcs70/bvg/b09/mcs70_b09_s30.B63
Reading graphs...
30 :  132
30 :  134
Initializing...
maxdom : 30
D->valSize : 900
Solving...
Blb : 2 (clique : 12)
currentSize : 12 <-- 0.009766 s
currentSize : 13 <-- 0.009867 s
currentSize : 14 <-- 0.010110 s
currentSize : 15 <-- 0.010388 s
currentSize : 16 <-- 0.011990 s
currentSize : 17 <-- 0.026872 s
currentSize : 18 <-- 0.114803 s
currentSize : 19 <-- 0.114991 s
currentSize : 20 <-- 0.115102 s
currentSize : 21 <-- 1.428945 s

maxsize : 21
nodes : 689837.000000
filtered : 24162923.000000
time : 5.322119
