Parameters: GAD=1 vflib=1 dir=0 label=0 lowerbound=1 fileNameGp=../graphsdb/mcs70/rand/r01/mcs70_r01_s35.A78 fileNameGt=../graphsdb/mcs70/rand/r01/mcs70_r01_s35.B78
Reading graphs...
35 :  114
35 :  115
Initializing...
maxdom : 35
D->valSize : 1225
Solving...
Blb : 2 (clique : 15)
currentSize : 15 <-- 0.024609 s
currentSize : 16 <-- 0.024838 s
currentSize : 17 <-- 0.026065 s
currentSize : 18 <-- 0.030682 s
currentSize : 19 <-- 0.229862 s
currentSize : 20 <-- 318.968262 s
currentSize : 24 <-- 732.839722 s

maxsize : 24
nodes : 95069965.000000
filtered : 2810499952.000000
time : 898.293091
