Parameters: GAD=1 vflib=1 dir=0 label=0 lowerbound=1 fileNameGp=../graphsdb/mcs70/m2D/m2Dr6/m2Dr6/mcs70_m2Dr6_s35.A35 fileNameGt=../graphsdb/mcs70/m2D/m2Dr6/m2Dr6/mcs70_m2Dr6_s35.B35
Reading graphs...
35 :  79
35 :  78
Initializing...
maxdom : 35
D->valSize : 1225
Solving...
Blb : 2 (clique : 18)
currentSize : 18 <-- 0.036096 s
currentSize : 19 <-- 0.039518 s
currentSize : 20 <-- 0.043395 s
currentSize : 21 <-- 0.305022 s
currentSize : 22 <-- 4.480599 s
currentSize : 23 <-- 388.165375 s
currentSize : 24 <-- 587.310852 s
currentSize : 25 <-- 588.753235 s

maxsize : 25
nodes : 49166108.000000
filtered : 2561680084.000000
time : 1328.961182
