Parameters: GAD=1 vflib=1 dir=0 label=0 lowerbound=1 fileNameGp=../graphsdb/mcs70/bvg/b06/mcs70_b06_s30.A69 fileNameGt=../graphsdb/mcs70/bvg/b06/mcs70_b06_s30.B69
Reading graphs...
30 :  89
30 :  89
Initializing...
maxdom : 30
D->valSize : 900
Solving...
Blb : 2 (clique : 15)
currentSize : 15 <-- 0.010281 s
currentSize : 16 <-- 0.011721 s
currentSize : 18 <-- 0.021481 s
currentSize : 20 <-- 0.021515 s
currentSize : 21 <-- 0.170619 s
currentSize : 22 <-- 0.252049 s
currentSize : 23 <-- 3.716465 s

maxsize : 23
nodes : 288805.000000
filtered : 13049695.000000
time : 5.767134
