Parameters: GAD=1 vflib=1 dir=0 label=0 lowerbound=1 fileNameGp=../graphsdb/mcs70/bvg/b09/mcs70_b09_s25.A04 fileNameGt=../graphsdb/mcs70/bvg/b09/mcs70_b09_s25.B04
Reading graphs...
25 :  110
25 :  108
Initializing...
maxdom : 25
D->valSize : 625
Solving...
Blb : 2 (clique : 10)
currentSize : 10 <-- 0.004600 s
currentSize : 11 <-- 0.004684 s
currentSize : 12 <-- 0.004771 s
currentSize : 13 <-- 0.005407 s
currentSize : 14 <-- 0.007065 s
currentSize : 15 <-- 0.010455 s
currentSize : 16 <-- 0.026543 s
currentSize : 17 <-- 0.026638 s
currentSize : 18 <-- 0.036146 s

maxsize : 18
nodes : 110259.000000
filtered : 3343053.000000
time : 0.688251
