Parameters: GAD=1 vflib=1 dir=0 label=0 lowerbound=1 fileNameGp=../graphsdb/mcs70/bvg/b09m/mcs70_b09m_s30.A73 fileNameGt=../graphsdb/mcs70/bvg/b09m/mcs70_b09m_s30.B73
Reading graphs...
30 :  129
30 :  132
Initializing...
maxdom : 30
D->valSize : 900
Solving...
Blb : 2 (clique : 12)
currentSize : 12 <-- 0.009956 s
currentSize : 13 <-- 0.011189 s
currentSize : 14 <-- 0.034763 s
currentSize : 15 <-- 1.188233 s
currentSize : 16 <-- 74.454803 s
currentSize : 18 <-- 75.309860 s
currentSize : 19 <-- 75.309898 s
currentSize : 20 <-- 75.310043 s

maxsize : 20
nodes : 17679363.000000
filtered : 277908085.000000
time : 83.405289
