Parameters: GAD=1 vflib=1 dir=0 label=0 lowerbound=1 fileNameGp=../graphsdb/mcs70/rand/r02/mcs70_r02_s35.A75 fileNameGt=../graphsdb/mcs70/rand/r02/mcs70_r02_s35.B75
Reading graphs...
35 :  210
35 :  219
Initializing...
maxdom : 35
D->valSize : 1225
Solving...
Blb : 2 (clique : 11)
currentSize : 11 <-- 0.029425 s
currentSize : 12 <-- 0.029818 s
currentSize : 13 <-- 0.037201 s
currentSize : 14 <-- 0.135232 s
currentSize : 15 <-- 2.572767 s
currentSize : 16 <-- 265.954376 s
currentSize : 17 <-- 268.770813 s
currentSize : 18 <-- 268.880554 s
currentSize : 24 <-- 268.946472 s

maxsize : 24
nodes : 64186255.000000
filtered : 944949813.000000
time : 290.980713
