Parameters: GAD=1 vflib=1 dir=0 label=0 lowerbound=1 fileNameGp=../graphsdb/mcs70/bvg/b06/mcs70_b06_s30.A19 fileNameGt=../graphsdb/mcs70/bvg/b06/mcs70_b06_s30.B19
Reading graphs...
30 :  90
30 :  89
Initializing...
maxdom : 30
D->valSize : 900
Solving...
Blb : 2 (clique : 18)
currentSize : 18 <-- 0.018418 s
currentSize : 20 <-- 0.018629 s
currentSize : 21 <-- 0.021537 s
currentSize : 22 <-- 0.021594 s
currentSize : 23 <-- 1.180748 s

maxsize : 23
nodes : 269092.000000
filtered : 11266798.000000
time : 4.516551
