Parameters: GAD=1 vflib=1 dir=0 label=0 lowerbound=1 fileNameGp=../graphsdb/mcs70/bvg/b09m/mcs70_b09m_s30.A72 fileNameGt=../graphsdb/mcs70/bvg/b09m/mcs70_b09m_s30.B72
Reading graphs...
30 :  129
30 :  130
Initializing...
maxdom : 30
D->valSize : 900
Solving...
Blb : 2 (clique : 12)
currentSize : 12 <-- 0.016928 s
currentSize : 13 <-- 0.017631 s
currentSize : 14 <-- 0.027647 s
currentSize : 15 <-- 0.088692 s
currentSize : 16 <-- 35.808960 s
currentSize : 19 <-- 37.686539 s
currentSize : 20 <-- 37.686657 s

maxsize : 20
nodes : 7828817.000000
filtered : 148804231.000000
time : 43.733360
