Parameters: GAD=1 vflib=1 dir=0 label=0 lowerbound=1 fileNameGp=../graphsdb/mcs70/m2D/m2Dr6/m2Dr6/mcs70_m2Dr6_s35.A07 fileNameGt=../graphsdb/mcs70/m2D/m2Dr6/m2Dr6/mcs70_m2Dr6_s35.B07
Reading graphs...
35 :  74
35 :  76
Initializing...
maxdom : 35
D->valSize : 1225
Solving...
Blb : 2 (clique : 19)
currentSize : 19 <-- 0.021307 s
currentSize : 20 <-- 0.021670 s
currentSize : 21 <-- 0.022636 s
currentSize : 22 <-- 0.345900 s
currentSize : 23 <-- 81.506180 s
currentSize : 24 <-- 966.807129 s
currentSize : 25 <-- 967.343018 s
currentSize : 26 <-- 967.343079 s

maxsize : 26
nodes : 55443147.000000
filtered : 2567670756.000000
time : 1326.141724
