Parameters: GAD=1 vflib=1 dir=0 label=0 lowerbound=1 fileNameGp=../graphsdb/mcs70/m3D/m3Dr2/mcs70_m3Dr2_s35.A00 fileNameGt=../graphsdb/mcs70/m3D/m3Dr2/mcs70_m3Dr2_s35.B00
Reading graphs...
35 :  79
35 :  79
Initializing...
maxdom : 35
D->valSize : 1225
Solving...
Blb : 2 (clique : 17)
currentSize : 17 <-- 0.036168 s
currentSize : 19 <-- 0.036435 s
currentSize : 20 <-- 0.036469 s
currentSize : 21 <-- 0.044768 s
currentSize : 22 <-- 0.224329 s
currentSize : 23 <-- 56.046642 s
currentSize : 24 <-- 60.324543 s
currentSize : 25 <-- 668.637756 s
currentSize : 28 <-- 697.956787 s

maxsize : 28
nodes : 33062400.000000
filtered : 1516041666.000000
time : 710.359619
