Parameters: GAD=1 vflib=1 dir=0 label=0 lowerbound=1 fileNameGp=../graphsdb/mcs70/bvg/b09/mcs70_b09_s35.A72 fileNameGt=../graphsdb/mcs70/bvg/b09/mcs70_b09_s35.B72
Reading graphs...
35 :  156
35 :  154
Initializing...
maxdom : 35
D->valSize : 1225
Solving...
Blb : 5 (clique : 13)
currentSize : 13 <-- 0.018151 s
currentSize : 14 <-- 0.018293 s
currentSize : 16 <-- 0.018322 s
currentSize : 17 <-- 0.018669 s
currentSize : 18 <-- 0.251519 s
currentSize : 19 <-- 0.310844 s
currentSize : 20 <-- 0.491289 s
currentSize : 22 <-- 0.621197 s
currentSize : 23 <-- 0.621270 s
currentSize : 24 <-- 6.956046 s
currentSize : 25 <-- 6.956155 s

maxsize : 25
nodes : 2228574.000000
filtered : 122409465.000000
time : 28.481094
