Parameters: GAD=1 vflib=1 dir=0 label=0 lowerbound=1 fileNameGp=../graphsdb/mcs70/rand/r02/mcs70_r02_s30.A89 fileNameGt=../graphsdb/mcs70/rand/r02/mcs70_r02_s30.B89
Reading graphs...
30 :  158
30 :  156
Initializing...
maxdom : 30
D->valSize : 900
Solving...
Blb : 2 (clique : 10)
currentSize : 10 <-- 0.016299 s
currentSize : 11 <-- 0.016886 s
currentSize : 12 <-- 0.017593 s
currentSize : 13 <-- 0.084134 s
currentSize : 14 <-- 2.694390 s
currentSize : 15 <-- 10.728425 s
currentSize : 16 <-- 44.030678 s
currentSize : 19 <-- 59.310665 s
currentSize : 21 <-- 59.311859 s

maxsize : 21
nodes : 13953713.000000
filtered : 216228284.000000
time : 61.965561
