Parameters: GAD=1 vflib=1 dir=0 label=0 lowerbound=1 fileNameGp=../graphsdb/mcs70/m3D/m3Dr4/mcs70_m3Dr4_s35.A70 fileNameGt=../graphsdb/mcs70/m3D/m3Dr4/mcs70_m3Dr4_s35.B70
Reading graphs...
35 :  85
35 :  86
Initializing...
maxdom : 35
D->valSize : 1225
Solving...
Blb : 2 (clique : 17)
currentSize : 17 <-- 0.020411 s
currentSize : 18 <-- 0.020575 s
currentSize : 19 <-- 0.022025 s
currentSize : 20 <-- 0.060401 s
currentSize : 21 <-- 0.107877 s
currentSize : 22 <-- 7.286792 s
currentSize : 23 <-- 2799.600342 s
currentSize : 24 <-- 2799.647461 s
currentSize : 27 <-- 2799.653809 s

maxsize : 27
nodes : 134836168.000000
filtered : 5812148194.000000
time : 2852.173828
