Parameters: GAD=1 vflib=1 dir=0 label=0 lowerbound=1 fileNameGp=../graphsdb/mcs70/bvg/b06m/mcs70_b06m_s35.A23 fileNameGt=../graphsdb/mcs70/bvg/b06m/mcs70_b06m_s35.B23
Reading graphs...
35 :  104
35 :  104
Initializing...
maxdom : 35
D->valSize : 1225
Solving...
Blb : 2 (clique : 15)
currentSize : 15 <-- 0.019968 s
currentSize : 16 <-- 0.020479 s
currentSize : 17 <-- 0.022449 s
currentSize : 18 <-- 0.045409 s
currentSize : 19 <-- 0.062284 s
currentSize : 20 <-- 1.677874 s
currentSize : 21 <-- 20.743452 s
currentSize : 22 <-- 383.472809 s
currentSize : 23 <-- 383.473236 s
currentSize : 25 <-- 384.406281 s

maxsize : 25
nodes : 25589455.000000
filtered : 1129205622.000000
time : 472.050781
