Parameters: GAD=1 vflib=1 dir=0 label=0 lowerbound=1 fileNameGp=../graphsdb/mcs70/m2D/m2D/mcs70_m2D_s35.A64 fileNameGt=../graphsdb/mcs70/m2D/m2D/mcs70_m2D_s35.B64
Reading graphs...
35 :  57
35 :  58
Initializing...
maxdom : 35
D->valSize : 1225
Solving...
Blb : 2 (clique : 21)
currentSize : 21 <-- 0.037560 s
currentSize : 22 <-- 0.067719 s
currentSize : 23 <-- 0.286023 s
currentSize : 24 <-- 1.477504 s
currentSize : 25 <-- 3.376683 s
currentSize : 26 <-- 7.355937 s
currentSize : 27 <-- 19.038534 s

maxsize : 27
nodes : 11941005.000000
filtered : 858107383.000000
time : 961.910278
