Parameters: GAD=1 vflib=1 dir=0 label=0 lowerbound=1 fileNameGp=../graphsdb/mcs70/bvg/b09/mcs70_b09_s25.A95 fileNameGt=../graphsdb/mcs70/bvg/b09/mcs70_b09_s25.B95
Reading graphs...
25 :  110
25 :  111
Initializing...
maxdom : 25
D->valSize : 625
Solving...
Blb : 2 (clique : 10)
currentSize : 10 <-- 0.007885 s
currentSize : 11 <-- 0.008573 s
currentSize : 12 <-- 0.008602 s
currentSize : 13 <-- 0.041070 s
currentSize : 14 <-- 0.041327 s
currentSize : 16 <-- 0.049333 s
currentSize : 17 <-- 0.057892 s

maxsize : 17
nodes : 213997.000000
filtered : 5671549.000000
time : 1.204512
