Parameters: GAD=1 vflib=1 dir=0 label=0 lowerbound=1 fileNameGp=../graphsdb/mcs70/rand/r005/mcs70_r005_s35.A74 fileNameGt=../graphsdb/mcs70/rand/r005/mcs70_r005_s35.B74
Reading graphs...
35 :  58
35 :  58
Initializing...
maxdom : 35
D->valSize : 1225
Solving...
Blb : 2 (clique : 20)
currentSize : 20 <-- 0.021143 s
currentSize : 21 <-- 0.021668 s
currentSize : 22 <-- 0.021759 s
currentSize : 23 <-- 0.023543 s
currentSize : 24 <-- 0.062094 s
currentSize : 25 <-- 0.229429 s
currentSize : 26 <-- 68.696526 s

TIMEOUT
maxsize : 26
nodes : 60040890.000000
filtered : 3960225056.000000
time : 3600.000488
