Parameters: GAD=1 vflib=1 dir=0 label=0 lowerbound=1 fileNameGp=../graphsdb/mcs70/bvg/b09/mcs70_b09_s30.A89 fileNameGt=../graphsdb/mcs70/bvg/b09/mcs70_b09_s30.B89
Reading graphs...
30 :  131
30 :  131
Initializing...
maxdom : 30
D->valSize : 900
Solving...
Blb : 2 (clique : 15)
currentSize : 15 <-- 0.009633 s
currentSize : 16 <-- 0.015989 s
currentSize : 17 <-- 0.016802 s
currentSize : 18 <-- 0.071857 s
currentSize : 21 <-- 0.115526 s

maxsize : 21
nodes : 685104.000000
filtered : 24835063.000000
time : 5.426373
