Parameters: GAD=1 vflib=1 dir=0 label=0 lowerbound=1 fileNameGp=../graphsdb/mcs70/rand/r02/mcs70_r02_s35.A45 fileNameGt=../graphsdb/mcs70/rand/r02/mcs70_r02_s35.B45
Reading graphs...
35 :  218
35 :  216
Initializing...
maxdom : 35
D->valSize : 1225
Solving...
Blb : 2 (clique : 11)
currentSize : 11 <-- 0.017924 s
currentSize : 12 <-- 0.018073 s
currentSize : 13 <-- 0.018552 s
currentSize : 14 <-- 0.022449 s
currentSize : 16 <-- 7.755590 s
currentSize : 18 <-- 432.541351 s
currentSize : 20 <-- 687.840088 s
currentSize : 24 <-- 687.846130 s

maxsize : 24
nodes : 152825690.000000
filtered : 2581488201.000000
time : 701.572021
