Parameters: GAD=1 vflib=1 dir=0 label=0 lowerbound=1 fileNameGp=../graphsdb/mcs70/m2D/m2D/mcs70_m2D_s35.A04 fileNameGt=../graphsdb/mcs70/m2D/m2D/mcs70_m2D_s35.B04
Reading graphs...
35 :  58
35 :  58
Initializing...
maxdom : 35
D->valSize : 1225
Solving...
Blb : 2 (clique : 21)
currentSize : 21 <-- 0.026741 s
currentSize : 24 <-- 0.026931 s
currentSize : 25 <-- 2.591478 s
currentSize : 26 <-- 30.765228 s
currentSize : 27 <-- 188.479446 s

maxsize : 27
nodes : 11005509.000000
filtered : 661623351.000000
time : 639.550720
