Parameters: GAD=1 vflib=1 dir=0 label=0 lowerbound=1 fileNameGp=../graphsdb/mcs70/m4D/m4Dr6/mcs70_m4Dr6_s25.A36 fileNameGt=../graphsdb/mcs70/m4D/m4Dr6/mcs70_m4Dr6_s25.B36
Reading graphs...
25 :  58
25 :  59
Initializing...
maxdom : 25
D->valSize : 625
Solving...
Blb : 5 (clique : 13)
currentSize : 13 <-- 0.005167 s
currentSize : 14 <-- 0.005364 s
currentSize : 15 <-- 0.036500 s
currentSize : 16 <-- 0.149958 s
currentSize : 17 <-- 0.688834 s
currentSize : 19 <-- 1.018664 s

maxsize : 19
nodes : 102271.000000
filtered : 3822312.000000
time : 1.683257
