Parameters: GAD=1 vflib=1 dir=0 label=0 lowerbound=1 fileNameGp=../graphsdb/mcs70/bvg/b03/mcs70_b03_s30.A45 fileNameGt=../graphsdb/mcs70/bvg/b03/mcs70_b03_s30.B45
Reading graphs...
30 :  44
30 :  45
Initializing...
maxdom : 30
D->valSize : 900
Solving...
Blb : 5 (clique : 17)
currentSize : 17 <-- 0.011423 s
currentSize : 18 <-- 0.011580 s
currentSize : 19 <-- 0.011665 s
currentSize : 20 <-- 0.011785 s
currentSize : 21 <-- 0.011977 s
currentSize : 22 <-- 0.046693 s
currentSize : 23 <-- 23.184668 s
currentSize : 24 <-- 101.711525 s

maxsize : 24
nodes : 3037332.000000
filtered : 168696017.000000
time : 111.925339
