Parameters: GAD=1 vflib=1 dir=0 label=0 lowerbound=1 fileNameGp=../graphsdb/mcs70/bvg/b06m/mcs70_b06m_s30.A09 fileNameGt=../graphsdb/mcs70/bvg/b06m/mcs70_b06m_s30.B09
Reading graphs...
30 :  87
30 :  88
Initializing...
maxdom : 30
D->valSize : 900
Solving...
Blb : 2 (clique : 13)
currentSize : 13 <-- 0.010410 s
currentSize : 14 <-- 0.012820 s
currentSize : 15 <-- 0.026089 s
currentSize : 16 <-- 0.028708 s
currentSize : 17 <-- 0.628654 s
currentSize : 18 <-- 1.744718 s
currentSize : 19 <-- 6.436793 s
currentSize : 22 <-- 6.513711 s

maxsize : 22
nodes : 1101382.000000
filtered : 35082674.000000
time : 11.887322
