Parameters: GAD=1 vflib=1 dir=0 label=0 lowerbound=1 fileNameGp=../graphsdb/mcs70/m2D/m2Dr6/m2Dr6/mcs70_m2Dr6_s25.A47 fileNameGt=../graphsdb/mcs70/m2D/m2Dr6/m2Dr6/mcs70_m2Dr6_s25.B47
Reading graphs...
25 :  53
25 :  52
Initializing...
maxdom : 25
D->valSize : 625
Solving...
Blb : 2 (clique : 13)
currentSize : 13 <-- 0.009103 s
currentSize : 14 <-- 0.009315 s
currentSize : 15 <-- 0.012032 s
currentSize : 16 <-- 0.020754 s
currentSize : 17 <-- 0.832069 s

maxsize : 17
nodes : 1441484.000000
filtered : 47347940.000000
time : 18.544872
