Parameters: GAD=1 vflib=1 dir=0 label=0 lowerbound=1 fileNameGp=../graphsdb/mcs70/rand/r01/mcs70_r01_s20.A86 fileNameGt=../graphsdb/mcs70/rand/r01/mcs70_r01_s20.B86
Reading graphs...
20 :  36
20 :  36
Initializing...
maxdom : 20
D->valSize : 400
Solving...
Blb : 2 (clique : 10)
currentSize : 10 <-- 0.002293 s
currentSize : 12 <-- 0.002350 s
currentSize : 13 <-- 0.006028 s
currentSize : 14 <-- 0.009767 s
currentSize : 15 <-- 0.083226 s

maxsize : 15
nodes : 23473.000000
filtered : 564545.000000
time : 0.239120
