Parameters: GAD=1 vflib=1 dir=0 label=0 lowerbound=1 fileNameGp=../graphsdb/mcs70/rand/r02/mcs70_r02_s25.A37 fileNameGt=../graphsdb/mcs70/rand/r02/mcs70_r02_s25.B37
Reading graphs...
25 :  111
25 :  105
Initializing...
maxdom : 25
D->valSize : 625
Solving...
Blb : 5 (clique : 10)
currentSize : 10 <-- 0.008446 s
currentSize : 11 <-- 0.012579 s
currentSize : 12 <-- 0.015137 s
currentSize : 13 <-- 0.976958 s
currentSize : 14 <-- 1.138840 s
currentSize : 17 <-- 4.065314 s

maxsize : 17
nodes : 935980.000000
filtered : 17105416.000000
time : 4.764252
