Parameters: GAD=1 vflib=1 dir=0 label=0 lowerbound=1 fileNameGp=../graphsdb/mcs70/m3D/m3Dr4/mcs70_m3Dr4_s35.A80 fileNameGt=../graphsdb/mcs70/m3D/m3Dr4/mcs70_m3Dr4_s35.B80
Reading graphs...
35 :  86
35 :  86
Initializing...
maxdom : 35
D->valSize : 1225
Solving...
Blb : 2 (clique : 17)
currentSize : 17 <-- 0.020213 s
currentSize : 18 <-- 0.020384 s
currentSize : 19 <-- 0.020414 s
currentSize : 20 <-- 0.022363 s
currentSize : 21 <-- 0.041012 s
currentSize : 22 <-- 5.402370 s
currentSize : 23 <-- 75.753265 s
currentSize : 24 <-- 321.050110 s
currentSize : 26 <-- 324.237122 s
currentSize : 27 <-- 324.237152 s

maxsize : 27
nodes : 18899693.000000
filtered : 815790545.000000
time : 371.409454
