Parameters: GAD=1 vflib=1 dir=0 label=0 lowerbound=1 fileNameGp=../graphsdb/mcs70/bvg/b06/mcs70_b06_s30.A62 fileNameGt=../graphsdb/mcs70/bvg/b06/mcs70_b06_s30.B62
Reading graphs...
30 :  90
30 :  89
Initializing...
maxdom : 30
D->valSize : 900
Solving...
Blb : 2 (clique : 14)
currentSize : 14 <-- 0.017942 s
currentSize : 15 <-- 0.018195 s
currentSize : 16 <-- 0.026446 s
currentSize : 17 <-- 0.085431 s
currentSize : 18 <-- 0.085583 s
currentSize : 19 <-- 0.648084 s
currentSize : 20 <-- 1.156278 s
currentSize : 21 <-- 1.742642 s
currentSize : 22 <-- 2.413210 s

maxsize : 22
nodes : 978993.000000
filtered : 42830146.000000
time : 15.260825
