Parameters: GAD=1 vflib=1 dir=0 label=0 lowerbound=1 fileNameGp=../graphsdb/mcs70/bvg/b06m/mcs70_b06m_s25.A82 fileNameGt=../graphsdb/mcs70/bvg/b06m/mcs70_b06m_s25.B82
Reading graphs...
25 :  72
25 :  73
Initializing...
maxdom : 25
D->valSize : 625
Solving...
Blb : 5 (clique : 12)
currentSize : 12 <-- 0.004914 s
currentSize : 13 <-- 0.005005 s
currentSize : 14 <-- 0.005258 s
currentSize : 15 <-- 0.011428 s
currentSize : 16 <-- 0.463937 s
currentSize : 17 <-- 1.250681 s

maxsize : 17
nodes : 298638.000000
filtered : 11631924.000000
time : 3.691644
