Parameters: GAD=1 vflib=1 dir=0 label=0 lowerbound=1 fileNameGp=../graphsdb/mcs70/bvg/b03/mcs70_b03_s30.A19 fileNameGt=../graphsdb/mcs70/bvg/b03/mcs70_b03_s30.B19
Reading graphs...
30 :  45
30 :  45
Initializing...
maxdom : 30
D->valSize : 900
Solving...
Blb : 2 (clique : 19)
currentSize : 19 <-- 0.011443 s
currentSize : 20 <-- 0.018611 s
currentSize : 21 <-- 0.147727 s
currentSize : 22 <-- 0.205332 s
currentSize : 23 <-- 0.377890 s
currentSize : 24 <-- 6.479256 s
currentSize : 25 <-- 9.627844 s

maxsize : 25
nodes : 245750.000000
filtered : 15750496.000000
time : 13.190280
