Parameters: GAD=1 vflib=1 dir=0 label=0 lowerbound=1 fileNameGp=../graphsdb/mcs70/m2D/m2Dr2/mcs70_m2Dr2_s35.A17 fileNameGt=../graphsdb/mcs70/m2D/m2Dr2/mcs70_m2Dr2_s35.B17
Reading graphs...
35 :  65
35 :  64
Initializing...
maxdom : 35
D->valSize : 1225
Solving...
Blb : 2 (clique : 21)
currentSize : 21 <-- 0.021076 s
currentSize : 22 <-- 0.051575 s
currentSize : 23 <-- 0.445146 s
currentSize : 24 <-- 0.547321 s
currentSize : 25 <-- 33.817921 s
currentSize : 26 <-- 63.966862 s

maxsize : 26
nodes : 15564420.000000
filtered : 909931110.000000
time : 836.213623
