Parameters: GAD=1 vflib=1 dir=0 label=0 lowerbound=1 fileNameGp=../graphsdb/mcs70/bvg/b06/mcs70_b06_s20.A86 fileNameGt=../graphsdb/mcs70/bvg/b06/mcs70_b06_s20.B86
Reading graphs...
20 :  60
20 :  60
Initializing...
maxdom : 20
D->valSize : 400
Solving...
Blb : 2 (clique : 11)
currentSize : 11 <-- 0.002121 s
currentSize : 12 <-- 0.002588 s
currentSize : 13 <-- 0.003526 s
currentSize : 14 <-- 0.005587 s
currentSize : 15 <-- 0.005631 s

maxsize : 15
nodes : 13801.000000
filtered : 352809.000000
time : 0.091575
