Parameters: GAD=1 vflib=1 dir=0 label=0 lowerbound=1 fileNameGp=../graphsdb/mcs70/rand/r01/mcs70_r01_s15.A65 fileNameGt=../graphsdb/mcs70/rand/r01/mcs70_r01_s15.B65
Reading graphs...
15 :  20
15 :  21
Initializing...
maxdom : 15
D->valSize : 225
Solving...
Blb : 2 (clique : 9)
currentSize : 9 <-- 0.000916 s
currentSize : 10 <-- 0.000952 s
currentSize : 11 <-- 0.000986 s
currentSize : 12 <-- 0.001807 s
currentSize : 13 <-- 0.004871 s

maxsize : 13
nodes : 656.000000
filtered : 17556.000000
time : 0.006827
