Parameters: GAD=1 vflib=1 dir=0 label=0 lowerbound=1 fileNameGp=../graphsdb/mcs70/bvg/b03/mcs70_b03_s20.A44 fileNameGt=../graphsdb/mcs70/bvg/b03/mcs70_b03_s20.B44
Reading graphs...
20 :  30
20 :  30
Initializing...
maxdom : 20
D->valSize : 400
Solving...
Blb : 2 (clique : 12)
currentSize : 12 <-- 0.003976 s
currentSize : 13 <-- 0.004145 s
currentSize : 14 <-- 0.004606 s
currentSize : 15 <-- 0.006128 s
currentSize : 16 <-- 0.291965 s

maxsize : 16
nodes : 23947.000000
filtered : 784123.000000
time : 0.404356
