Parameters: GAD=1 vflib=1 dir=0 label=0 lowerbound=1 fileNameGp=../graphsdb/mcs70/m2D/m2Dr6/m2Dr6/mcs70_m2Dr6_s35.A83 fileNameGt=../graphsdb/mcs70/m2D/m2Dr6/m2Dr6/mcs70_m2Dr6_s35.B83
Reading graphs...
35 :  77
35 :  74
Initializing...
maxdom : 35
D->valSize : 1225
Solving...
Blb : 2 (clique : 18)
currentSize : 18 <-- 0.020560 s
currentSize : 19 <-- 0.020738 s
currentSize : 20 <-- 0.021094 s
currentSize : 21 <-- 0.031049 s
currentSize : 22 <-- 0.057283 s
currentSize : 23 <-- 7.873343 s
currentSize : 25 <-- 26.323282 s
currentSize : 26 <-- 26.323896 s

maxsize : 26
nodes : 6291844.000000
filtered : 294492531.000000
time : 155.124252
