Parameters: GAD=1 vflib=1 dir=0 label=0 lowerbound=1 fileNameGp=../graphsdb/mcs70/rand/r01/mcs70_r01_s30.A64 fileNameGt=../graphsdb/mcs70/rand/r01/mcs70_r01_s30.B64
Reading graphs...
30 :  82
30 :  79
Initializing...
maxdom : 30
D->valSize : 900
Solving...
Blb : 2 (clique : 13)
currentSize : 13 <-- 0.018585 s
currentSize : 14 <-- 0.019131 s
currentSize : 15 <-- 0.019627 s
currentSize : 16 <-- 0.024997 s
currentSize : 17 <-- 0.118954 s
currentSize : 18 <-- 0.742350 s
currentSize : 21 <-- 148.326187 s

maxsize : 21
nodes : 12175814.000000
filtered : 407261181.000000
time : 173.531174
