Parameters: GAD=1 vflib=1 dir=0 label=0 lowerbound=1 fileNameGp=../graphsdb/mcs70/m3D/m3D/mcs70_m3D_s35.A98 fileNameGt=../graphsdb/mcs70/m3D/m3D/mcs70_m3D_s35.B98
Reading graphs...
35 :  72
35 :  72
Initializing...
maxdom : 35
D->valSize : 1225
Solving...
Blb : 2 (clique : 18)
currentSize : 18 <-- 0.020784 s
currentSize : 19 <-- 0.021063 s
currentSize : 20 <-- 0.021147 s
currentSize : 21 <-- 0.024196 s
currentSize : 22 <-- 0.037678 s
currentSize : 23 <-- 0.594001 s
currentSize : 24 <-- 1.759943 s
currentSize : 25 <-- 6.051920 s
currentSize : 26 <-- 17.889032 s
currentSize : 27 <-- 23.605900 s
currentSize : 29 <-- 23.758026 s

maxsize : 29
nodes : 1237766.000000
filtered : 65476918.000000
time : 38.015396
