Parameters: GAD=1 vflib=1 dir=0 label=0 lowerbound=1 fileNameGp=../graphsdb/mcs70/m2D/m2D/mcs70_m2D_s35.A11 fileNameGt=../graphsdb/mcs70/m2D/m2D/mcs70_m2D_s35.B11
Reading graphs...
35 :  57
35 :  58
Initializing...
maxdom : 35
D->valSize : 1225
Solving...
Blb : 2 (clique : 22)
currentSize : 22 <-- 0.021286 s
currentSize : 23 <-- 0.645386 s
currentSize : 24 <-- 0.645512 s
currentSize : 25 <-- 1.806189 s
currentSize : 26 <-- 7.192390 s
currentSize : 29 <-- 912.710083 s

maxsize : 29
nodes : 16457192.000000
filtered : 1154213463.000000
time : 983.507568
