Parameters: GAD=1 vflib=1 dir=0 label=0 lowerbound=1 fileNameGp=../graphsdb/mcs70/rand/r01/mcs70_r01_s35.A47 fileNameGt=../graphsdb/mcs70/rand/r01/mcs70_r01_s35.B47
Reading graphs...
35 :  110
35 :  115
Initializing...
maxdom : 35
D->valSize : 1225
Solving...
Blb : 2 (clique : 14)
currentSize : 14 <-- 0.024343 s
currentSize : 15 <-- 0.025058 s
currentSize : 16 <-- 0.025101 s
currentSize : 17 <-- 0.027173 s
currentSize : 18 <-- 0.089475 s
currentSize : 19 <-- 7.754018 s
currentSize : 20 <-- 55.354416 s
currentSize : 21 <-- 572.389160 s
currentSize : 24 <-- 579.498962 s

maxsize : 24
nodes : 69985245.000000
filtered : 2174020549.000000
time : 775.586914
