Parameters: GAD=1 vflib=1 dir=0 label=0 lowerbound=1 fileNameGp=../graphsdb/mcs70/m2D/m2Dr4/mcs70_m2Dr4_s35.A44 fileNameGt=../graphsdb/mcs70/m2D/m2Dr4/mcs70_m2Dr4_s35.B44
Reading graphs...
35 :  72
35 :  69
Initializing...
maxdom : 35
D->valSize : 1225
Solving...
Blb : 2 (clique : 19)
currentSize : 19 <-- 0.020608 s
currentSize : 20 <-- 0.020852 s
currentSize : 21 <-- 0.042980 s
currentSize : 22 <-- 0.123477 s
currentSize : 23 <-- 0.199869 s
currentSize : 24 <-- 706.013977 s

TIMEOUT
maxsize : 24
nodes : 91379674.000000
filtered : 5798996764.000000
time : 3600.000000
