Parameters: GAD=1 vflib=1 dir=0 label=0 lowerbound=1 fileNameGp=../graphsdb/mcs70/bvg/b06/mcs70_b06_s35.A20 fileNameGt=../graphsdb/mcs70/bvg/b06/mcs70_b06_s35.B20
Reading graphs...
35 :  103
35 :  104
Initializing...
maxdom : 35
D->valSize : 1225
Solving...
Blb : 2 (clique : 16)
currentSize : 16 <-- 0.019626 s
currentSize : 17 <-- 0.019796 s
currentSize : 18 <-- 0.019961 s
currentSize : 19 <-- 0.022624 s
currentSize : 20 <-- 0.102695 s
currentSize : 21 <-- 0.103566 s
currentSize : 22 <-- 0.103729 s
currentSize : 23 <-- 0.828984 s
currentSize : 24 <-- 2.823248 s
currentSize : 25 <-- 2.823320 s
currentSize : 26 <-- 8.321977 s

maxsize : 26
nodes : 1834144.000000
filtered : 103789619.000000
time : 51.298874
