Parameters: GAD=1 vflib=1 dir=0 label=0 lowerbound=1 fileNameGp=../graphsdb/mcs70/bvg/b06m/mcs70_b06m_s30.A80 fileNameGt=../graphsdb/mcs70/bvg/b06m/mcs70_b06m_s30.B80
Reading graphs...
30 :  87
30 :  86
Initializing...
maxdom : 30
D->valSize : 900
Solving...
Blb : 2 (clique : 13)
currentSize : 13 <-- 0.010468 s
currentSize : 14 <-- 0.010605 s
currentSize : 15 <-- 0.010678 s
currentSize : 16 <-- 0.013519 s
currentSize : 17 <-- 0.031124 s
currentSize : 18 <-- 0.046513 s
currentSize : 19 <-- 0.915692 s
currentSize : 22 <-- 4.690380 s
currentSize : 23 <-- 4.690571 s

maxsize : 23
nodes : 470923.000000
filtered : 19672299.000000
time : 6.528306
