Parameters: GAD=1 vflib=1 dir=0 label=0 lowerbound=1 fileNameGp=../graphsdb/mcs70/m4D/m4Dr4/mcs70_m4Dr4_s25.A35 fileNameGt=../graphsdb/mcs70/m4D/m4Dr4/mcs70_m4Dr4_s25.B35
Reading graphs...
25 :  56
25 :  56
Initializing...
maxdom : 25
D->valSize : 625
Solving...
Blb : 2 (clique : 13)
currentSize : 13 <-- 0.005227 s
currentSize : 15 <-- 0.005315 s
currentSize : 16 <-- 0.005400 s
currentSize : 17 <-- 0.005904 s
currentSize : 18 <-- 1.491331 s

maxsize : 18
nodes : 142830.000000
filtered : 7194235.000000
time : 2.815571
