Parameters: GAD=1 vflib=1 dir=0 label=0 lowerbound=1 fileNameGp=../graphsdb/mcs70/m4D/m4D/mcs70_m4D_s25.A30 fileNameGt=../graphsdb/mcs70/m4D/m4D/mcs70_m4D_s25.B30
Reading graphs...
25 :  46
25 :  47
Initializing...
maxdom : 25
D->valSize : 625
Solving...
Blb : 5 (clique : 15)
currentSize : 15 <-- 0.009293 s
currentSize : 16 <-- 0.009962 s
currentSize : 17 <-- 0.023895 s
currentSize : 18 <-- 0.024093 s
currentSize : 19 <-- 0.024126 s
currentSize : 20 <-- 0.334699 s

maxsize : 20
nodes : 28555.000000
filtered : 1276725.000000
time : 0.822272
