Parameters: GAD=1 vflib=1 dir=0 label=0 lowerbound=1 fileNameGp=../graphsdb/mcs70/rand/r02/mcs70_r02_s35.A05 fileNameGt=../graphsdb/mcs70/rand/r02/mcs70_r02_s35.B05
Reading graphs...
35 :  208
35 :  214
Initializing...
maxdom : 35
D->valSize : 1225
Solving...
Blb : 2 (clique : 11)
currentSize : 11 <-- 0.030377 s
currentSize : 12 <-- 0.031280 s
currentSize : 13 <-- 0.036202 s
currentSize : 14 <-- 0.036256 s
currentSize : 15 <-- 4.555950 s
currentSize : 16 <-- 441.365448 s
currentSize : 18 <-- 444.814819 s
currentSize : 24 <-- 551.451294 s

maxsize : 24
nodes : 126022202.000000
filtered : 1879331976.000000
time : 570.418396
