Parameters: GAD=1 vflib=1 dir=0 label=0 lowerbound=1 fileNameGp=../graphsdb/mcs70/rand/r01/mcs70_r01_s35.A69 fileNameGt=../graphsdb/mcs70/rand/r01/mcs70_r01_s35.B69
Reading graphs...
35 :  112
35 :  113
Initializing...
maxdom : 35
D->valSize : 1225
Solving...
Blb : 2 (clique : 14)
currentSize : 14 <-- 0.019266 s
currentSize : 15 <-- 0.019663 s
currentSize : 16 <-- 0.022265 s
currentSize : 17 <-- 0.028099 s
currentSize : 18 <-- 0.112485 s
currentSize : 19 <-- 0.136246 s
currentSize : 20 <-- 131.107315 s
currentSize : 21 <-- 139.436279 s
currentSize : 24 <-- 140.516556 s

maxsize : 24
nodes : 23028288.000000
filtered : 790409646.000000
time : 283.066071
