Parameters: GAD=1 vflib=1 dir=0 label=0 lowerbound=1 fileNameGp=../graphsdb/mcs70/m3D/m3Dr6/mcs70_m3Dr6_s35.A15 fileNameGt=../graphsdb/mcs70/m3D/m3Dr6/mcs70_m3Dr6_s35.B15
Reading graphs...
35 :  91
35 :  89
Initializing...
maxdom : 35
D->valSize : 1225
Solving...
Blb : 2 (clique : 18)
currentSize : 18 <-- 0.020626 s
currentSize : 19 <-- 0.020804 s
currentSize : 20 <-- 0.067520 s
currentSize : 21 <-- 0.083774 s
currentSize : 22 <-- 10.666056 s
currentSize : 23 <-- 493.830444 s
currentSize : 24 <-- 894.286926 s
currentSize : 27 <-- 894.287170 s

maxsize : 27
nodes : 50287740.000000
filtered : 2056640386.000000
time : 926.169067
