Parameters: GAD=1 vflib=1 dir=0 label=0 lowerbound=1 fileNameGp=../graphsdb/mcs70/m4D/m4Dr2/mcs70_m4Dr2_s25.A39 fileNameGt=../graphsdb/mcs70/m4D/m4Dr2/mcs70_m4Dr2_s25.B39
Reading graphs...
25 :  52
25 :  52
Initializing...
maxdom : 25
D->valSize : 625
Solving...
Blb : 2 (clique : 14)
currentSize : 14 <-- 0.005139 s
currentSize : 15 <-- 0.006009 s
currentSize : 16 <-- 0.006089 s
currentSize : 17 <-- 0.007006 s
currentSize : 18 <-- 0.066546 s

maxsize : 18
nodes : 161989.000000
filtered : 7377388.000000
time : 3.704705
