Parameters: GAD=1 vflib=1 dir=0 label=0 lowerbound=1 fileNameGp=../graphsdb/mcs70/bvg/b09m/mcs70_b09m_s20.A83 fileNameGt=../graphsdb/mcs70/bvg/b09m/mcs70_b09m_s20.B83
Reading graphs...
20 :  84
20 :  84
Initializing...
maxdom : 20
D->valSize : 400
Solving...
Blb : 2 (clique : 8)
currentSize : 8 <-- 0.002002 s
currentSize : 9 <-- 0.002068 s
currentSize : 10 <-- 0.002175 s
currentSize : 11 <-- 0.002594 s
currentSize : 14 <-- 0.010047 s

maxsize : 14
nodes : 19085.000000
filtered : 532370.000000
time : 0.112182
