Parameters: GAD=1 vflib=1 dir=0 label=0 lowerbound=1 fileNameGp=../graphsdb/mcs70/bvg/b06m/mcs70_b06m_s25.A91 fileNameGt=../graphsdb/mcs70/bvg/b06m/mcs70_b06m_s25.B91
Reading graphs...
25 :  73
25 :  73
Initializing...
maxdom : 25
D->valSize : 625
Solving...
Blb : 5 (clique : 12)
currentSize : 12 <-- 0.008620 s
currentSize : 13 <-- 0.008849 s
currentSize : 14 <-- 0.008910 s
currentSize : 15 <-- 0.071352 s
currentSize : 17 <-- 0.472024 s

maxsize : 17
nodes : 288358.000000
filtered : 7879105.000000
time : 2.561264
