Parameters: GAD=1 vflib=1 dir=0 label=0 lowerbound=1 fileNameGp=../graphsdb/mcs70/bvg/b06/mcs70_b06_s25.A82 fileNameGt=../graphsdb/mcs70/bvg/b06/mcs70_b06_s25.B82
Reading graphs...
25 :  75
25 :  74
Initializing...
maxdom : 25
D->valSize : 625
Solving...
Blb : 5 (clique : 13)
currentSize : 13 <-- 0.008639 s
currentSize : 14 <-- 0.010086 s
currentSize : 15 <-- 0.023297 s
currentSize : 16 <-- 5.293017 s
currentSize : 17 <-- 5.476314 s
currentSize : 18 <-- 6.021868 s
currentSize : 19 <-- 6.028303 s

maxsize : 19
nodes : 841874.000000
filtered : 19147142.000000
time : 6.265376
