Parameters: GAD=1 vflib=1 dir=0 label=0 lowerbound=1 fileNameGp=../graphsdb/mcs70/bvg/b09/mcs70_b09_s25.A22 fileNameGt=../graphsdb/mcs70/bvg/b09/mcs70_b09_s25.B22
Reading graphs...
25 :  110
25 :  108
Initializing...
maxdom : 25
D->valSize : 625
Solving...
Blb : 2 (clique : 11)
currentSize : 11 <-- 0.008112 s
currentSize : 12 <-- 0.008985 s
currentSize : 14 <-- 0.010526 s
currentSize : 16 <-- 0.010701 s
currentSize : 17 <-- 0.605946 s

maxsize : 17
nodes : 230078.000000
filtered : 6698614.000000
time : 1.534041
