Parameters: GAD=1 vflib=1 dir=0 label=0 lowerbound=1 fileNameGp=../graphsdb/mcs70/bvg/b06m/mcs70_b06m_s20.A88 fileNameGt=../graphsdb/mcs70/bvg/b06m/mcs70_b06m_s20.B88
Reading graphs...
20 :  56
20 :  57
Initializing...
maxdom : 20
D->valSize : 400
Solving...
Blb : 2 (clique : 9)
currentSize : 9 <-- 0.002153 s
currentSize : 10 <-- 0.002256 s
currentSize : 11 <-- 0.002291 s
currentSize : 12 <-- 0.009411 s
currentSize : 13 <-- 0.037329 s
currentSize : 15 <-- 0.268387 s

maxsize : 15
nodes : 51658.000000
filtered : 1241068.000000
time : 0.310536
