Parameters: GAD=1 vflib=1 dir=0 label=0 lowerbound=1 fileNameGp=../graphsdb/mcs70/m2D/m2D/mcs70_m2D_s25.A63 fileNameGt=../graphsdb/mcs70/m2D/m2D/mcs70_m2D_s25.B63
Reading graphs...
25 :  40
25 :  40
Initializing...
maxdom : 25
D->valSize : 625
Solving...
Blb : 2 (clique : 14)
currentSize : 14 <-- 0.005490 s
currentSize : 15 <-- 0.005582 s
currentSize : 16 <-- 0.005638 s
currentSize : 17 <-- 0.006005 s
currentSize : 18 <-- 0.082238 s
currentSize : 19 <-- 2.928045 s

maxsize : 19
nodes : 542061.000000
filtered : 19553573.000000
time : 8.734309
