Parameters: GAD=1 vflib=1 dir=0 label=0 lowerbound=1 fileNameGp=../graphsdb/mcs70/bvg/b03/mcs70_b03_s35.A73 fileNameGt=../graphsdb/mcs70/bvg/b03/mcs70_b03_s35.B73
Reading graphs...
35 :  52
35 :  52
Initializing...
maxdom : 35
D->valSize : 1225
Solving...
Blb : 2 (clique : 21)
currentSize : 21 <-- 0.037828 s
currentSize : 22 <-- 0.038377 s
currentSize : 23 <-- 0.038412 s
currentSize : 24 <-- 0.041343 s
currentSize : 25 <-- 0.163495 s
currentSize : 26 <-- 5.274514 s
currentSize : 27 <-- 475.870972 s
currentSize : 28 <-- 505.932709 s

maxsize : 28
nodes : 18752745.000000
filtered : 1257070928.000000
time : 1149.940552
