Parameters: GAD=1 vflib=1 dir=0 label=0 lowerbound=1 fileNameGp=../graphsdb/mcs70/m2D/m2Dr4/mcs70_m2Dr4_s35.A97 fileNameGt=../graphsdb/mcs70/m2D/m2Dr4/mcs70_m2Dr4_s35.B97
Reading graphs...
35 :  72
35 :  71
Initializing...
maxdom : 35
D->valSize : 1225
Solving...
Blb : 2 (clique : 19)
currentSize : 19 <-- 0.020553 s
currentSize : 20 <-- 0.021348 s
currentSize : 21 <-- 0.026240 s
currentSize : 22 <-- 0.087035 s
currentSize : 23 <-- 3.390056 s
currentSize : 24 <-- 1752.875244 s

TIMEOUT
maxsize : 24
nodes : 112613866.000000
filtered : 6492722258.000000
time : 3600.000000
