Parameters: GAD=1 vflib=1 dir=0 label=0 lowerbound=1 fileNameGp=../graphsdb/mcs70/m3D/m3Dr4/mcs70_m3Dr4_s35.A72 fileNameGt=../graphsdb/mcs70/m3D/m3Dr4/mcs70_m3Dr4_s35.B72
Reading graphs...
35 :  85
35 :  85
Initializing...
maxdom : 35
D->valSize : 1225
Solving...
Blb : 5 (clique : 17)
currentSize : 17 <-- 0.021074 s
currentSize : 18 <-- 0.021259 s
currentSize : 19 <-- 0.021833 s
currentSize : 20 <-- 0.028130 s
currentSize : 21 <-- 0.220584 s
currentSize : 22 <-- 9.532942 s
currentSize : 23 <-- 71.940224 s
currentSize : 24 <-- 349.035736 s
currentSize : 25 <-- 519.427246 s
currentSize : 26 <-- 524.349609 s
currentSize : 28 <-- 524.413086 s

maxsize : 28
nodes : 22366319.000000
filtered : 1078636787.000000
time : 535.255676
