Parameters: GAD=1 vflib=1 dir=0 label=0 lowerbound=1 fileNameGp=../graphsdb/mcs70/bvg/b09m/mcs70_b09m_s35.A48 fileNameGt=../graphsdb/mcs70/bvg/b09m/mcs70_b09m_s35.B48
Reading graphs...
35 :  150
35 :  152
Initializing...
maxdom : 35
D->valSize : 1225
Solving...
Blb : 2 (clique : 13)
currentSize : 13 <-- 0.031455 s
currentSize : 14 <-- 0.032027 s
currentSize : 15 <-- 0.033813 s
currentSize : 16 <-- 0.052634 s
currentSize : 17 <-- 3.777602 s
currentSize : 18 <-- 25.894339 s
currentSize : 23 <-- 205.523453 s
currentSize : 24 <-- 205.523499 s

maxsize : 24
nodes : 36587944.000000
filtered : 865354562.000000
time : 233.699097
