Parameters: GAD=1 vflib=1 dir=0 label=0 lowerbound=1 fileNameGp=../graphsdb/mcs70/rand/r01/mcs70_r01_s20.A84 fileNameGt=../graphsdb/mcs70/rand/r01/mcs70_r01_s20.B84
Reading graphs...
20 :  34
20 :  36
Initializing...
maxdom : 20
D->valSize : 400
Solving...
Blb : 2 (clique : 11)
currentSize : 11 <-- 0.003943 s
currentSize : 12 <-- 0.004541 s
currentSize : 13 <-- 0.004681 s
currentSize : 14 <-- 0.036104 s
currentSize : 15 <-- 0.442361 s

maxsize : 15
nodes : 35429.000000
filtered : 875175.000000
time : 0.605721
