Parameters: GAD=1 vflib=1 dir=0 label=0 lowerbound=1 fileNameGp=../graphsdb/mcs70/m4D/m4Dr2/mcs70_m4Dr2_s25.A26 fileNameGt=../graphsdb/mcs70/m4D/m4Dr2/mcs70_m4Dr2_s25.B26
Reading graphs...
25 :  51
25 :  51
Initializing...
maxdom : 25
D->valSize : 625
Solving...
Blb : 5 (clique : 14)
currentSize : 14 <-- 0.005260 s
currentSize : 15 <-- 0.005400 s
currentSize : 16 <-- 0.006310 s
currentSize : 17 <-- 0.016385 s
currentSize : 18 <-- 0.028169 s

maxsize : 18
nodes : 183238.000000
filtered : 7570706.000000
time : 3.958354
