Parameters: GAD=1 vflib=1 dir=0 label=0 lowerbound=1 fileNameGp=../graphsdb/mcs70/m2D/m2Dr6/m2Dr6/mcs70_m2Dr6_s25.A97 fileNameGt=../graphsdb/mcs70/m2D/m2Dr6/m2Dr6/mcs70_m2Dr6_s25.B97
Reading graphs...
25 :  54
25 :  53
Initializing...
maxdom : 25
D->valSize : 625
Solving...
Blb : 2 (clique : 13)
currentSize : 13 <-- 0.005357 s
currentSize : 14 <-- 0.006370 s
currentSize : 15 <-- 0.006379 s
currentSize : 16 <-- 0.091086 s
currentSize : 17 <-- 5.550697 s

maxsize : 17
nodes : 1278428.000000
filtered : 37263855.000000
time : 16.984753
