Parameters: GAD=1 vflib=1 dir=0 label=0 lowerbound=1 fileNameGp=../graphsdb/mcs70/rand/r01/mcs70_r01_s35.A88 fileNameGt=../graphsdb/mcs70/rand/r01/mcs70_r01_s35.B88
Reading graphs...
35 :  113
35 :  113
Initializing...
maxdom : 35
D->valSize : 1225
Solving...
Blb : 2 (clique : 14)
currentSize : 14 <-- 0.019356 s
currentSize : 15 <-- 0.019549 s
currentSize : 16 <-- 0.019625 s
currentSize : 17 <-- 0.022364 s
currentSize : 18 <-- 0.026735 s
currentSize : 19 <-- 1.017970 s
currentSize : 20 <-- 24.155436 s
currentSize : 21 <-- 216.440262 s
currentSize : 22 <-- 832.489868 s
currentSize : 23 <-- 832.489929 s
currentSize : 24 <-- 832.489990 s

maxsize : 24
nodes : 68797882.000000
filtered : 2351316371.000000
time : 941.202026
