Parameters: GAD=1 vflib=1 dir=0 label=0 lowerbound=1 fileNameGp=../graphsdb/mcs70/m3D/m3D/mcs70_m3D_s35.A90 fileNameGt=../graphsdb/mcs70/m3D/m3D/mcs70_m3D_s35.B90
Reading graphs...
35 :  71
35 :  72
Initializing...
maxdom : 35
D->valSize : 1225
Solving...
Blb : 2 (clique : 21)
currentSize : 21 <-- 0.036529 s
currentSize : 22 <-- 0.082900 s
currentSize : 23 <-- 1.266093 s
currentSize : 24 <-- 2.086344 s
currentSize : 25 <-- 12.432577 s
currentSize : 26 <-- 185.825958 s
currentSize : 27 <-- 217.511826 s
currentSize : 28 <-- 279.022705 s
currentSize : 29 <-- 283.789246 s

maxsize : 29
nodes : 9558543.000000
filtered : 486814847.000000
time : 288.727295
