Parameters: GAD=1 vflib=1 dir=0 label=0 lowerbound=1 fileNameGp=../graphsdb/mcs70/m4D/m4Dr6/mcs70_m4Dr6_s25.A45 fileNameGt=../graphsdb/mcs70/m4D/m4Dr6/mcs70_m4Dr6_s25.B45
Reading graphs...
25 :  62
25 :  58
Initializing...
maxdom : 25
D->valSize : 625
Solving...
Blb : 2 (clique : 12)
currentSize : 12 <-- 0.005135 s
currentSize : 13 <-- 0.007698 s
currentSize : 14 <-- 0.008377 s
currentSize : 15 <-- 0.008404 s
currentSize : 16 <-- 0.088239 s
currentSize : 17 <-- 1.459524 s

maxsize : 17
nodes : 325452.000000
filtered : 13606235.000000
time : 6.109010
