Parameters: GAD=1 vflib=1 dir=0 label=0 lowerbound=1 fileNameGp=../graphsdb/mcs70/m4D/m4D/mcs70_m4D_s25.A18 fileNameGt=../graphsdb/mcs70/m4D/m4D/mcs70_m4D_s25.B18
Reading graphs...
25 :  47
25 :  47
Initializing...
maxdom : 25
D->valSize : 625
Solving...
Blb : 2 (clique : 14)
currentSize : 14 <-- 0.009311 s
currentSize : 15 <-- 0.012414 s
currentSize : 16 <-- 0.017957 s
currentSize : 17 <-- 0.029899 s
currentSize : 18 <-- 0.054624 s
currentSize : 19 <-- 0.405993 s

maxsize : 19
nodes : 99036.000000
filtered : 5036955.000000
time : 2.884474
