Parameters: GAD=1 vflib=1 dir=0 label=0 lowerbound=1 fileNameGp=../graphsdb/mcs70/bvg/b03m/mcs70_b03m_s35.A86 fileNameGt=../graphsdb/mcs70/bvg/b03m/mcs70_b03m_s35.B86
Reading graphs...
35 :  51
35 :  51
Initializing...
maxdom : 35
D->valSize : 1225
Solving...
Blb : 2 (clique : 23)
currentSize : 23 <-- 0.021761 s
currentSize : 24 <-- 0.024931 s
currentSize : 25 <-- 0.030181 s
currentSize : 26 <-- 0.364741 s
currentSize : 27 <-- 179.979492 s
currentSize : 28 <-- 299.929596 s

maxsize : 28
nodes : 5534423.000000
filtered : 408661687.000000
time : 551.578613
