Parameters: GAD=1 vflib=1 dir=0 label=0 lowerbound=1 fileNameGp=../graphsdb/mcs70/bvg/b06m/mcs70_b06m_s30.A78 fileNameGt=../graphsdb/mcs70/bvg/b06m/mcs70_b06m_s30.B78
Reading graphs...
30 :  88
30 :  88
Initializing...
maxdom : 30
D->valSize : 900
Solving...
Blb : 2 (clique : 15)
currentSize : 15 <-- 0.010304 s
currentSize : 16 <-- 0.048214 s
currentSize : 17 <-- 0.117344 s
currentSize : 18 <-- 2.885163 s
currentSize : 19 <-- 53.746906 s
currentSize : 21 <-- 58.073143 s

maxsize : 21
nodes : 5186434.000000
filtered : 215501758.000000
time : 72.695198
