Parameters: GAD=1 vflib=1 dir=0 label=0 lowerbound=1 fileNameGp=../graphsdb/mcs70/m4D/m4Dr2/mcs70_m4Dr2_s25.A49 fileNameGt=../graphsdb/mcs70/m4D/m4Dr2/mcs70_m4Dr2_s25.B49
Reading graphs...
25 :  49
25 :  51
Initializing...
maxdom : 25
D->valSize : 625
Solving...
Blb : 2 (clique : 14)
currentSize : 14 <-- 0.009328 s
currentSize : 15 <-- 0.009559 s
currentSize : 16 <-- 0.009904 s
currentSize : 17 <-- 0.010130 s
currentSize : 18 <-- 0.053346 s
currentSize : 19 <-- 0.290389 s

maxsize : 19
nodes : 79456.000000
filtered : 3756667.000000
time : 2.028790
