Parameters: GAD=1 vflib=1 dir=0 label=0 lowerbound=1 fileNameGp=../graphsdb/mcs70/bvg/b03/mcs70_b03_s35.A37 fileNameGt=../graphsdb/mcs70/bvg/b03/mcs70_b03_s35.B37
Reading graphs...
35 :  52
35 :  51
Initializing...
maxdom : 35
D->valSize : 1225
Solving...
Blb : 2 (clique : 24)
currentSize : 24 <-- 0.038227 s
currentSize : 25 <-- 0.039149 s
currentSize : 26 <-- 0.039594 s
currentSize : 27 <-- 0.047547 s
currentSize : 28 <-- 0.185238 s
currentSize : 29 <-- 0.190737 s

maxsize : 29
nodes : 611984.000000
filtered : 58682871.000000
time : 80.296867
