Parameters: GAD=1 vflib=1 dir=0 label=0 lowerbound=1 fileNameGp=../graphsdb/mcs70/rand/r02/mcs70_r02_s35.A38 fileNameGt=../graphsdb/mcs70/rand/r02/mcs70_r02_s35.B38
Reading graphs...
35 :  218
35 :  213
Initializing...
maxdom : 35
D->valSize : 1225
Solving...
Blb : 5 (clique : 11)
currentSize : 11 <-- 0.017563 s
currentSize : 12 <-- 0.017756 s
currentSize : 13 <-- 0.019661 s
currentSize : 14 <-- 0.019705 s
currentSize : 15 <-- 40.247894 s
currentSize : 16 <-- 203.753555 s
currentSize : 17 <-- 206.260010 s
currentSize : 19 <-- 206.378342 s
currentSize : 21 <-- 206.440521 s
currentSize : 24 <-- 206.442947 s

maxsize : 24
nodes : 51979079.000000
filtered : 692761881.000000
time : 227.501541
