Parameters: GAD=1 vflib=1 dir=0 label=0 lowerbound=1 fileNameGp=../graphsdb/mcs70/rand/r005/mcs70_r005_s25.A70 fileNameGt=../graphsdb/mcs70/rand/r005/mcs70_r005_s25.B70
Reading graphs...
25 :  33
25 :  33
Initializing...
maxdom : 25
D->valSize : 625
Solving...
Blb : 2 (clique : 16)
currentSize : 16 <-- 0.005593 s
currentSize : 17 <-- 0.006114 s
currentSize : 18 <-- 0.006883 s
currentSize : 19 <-- 0.291630 s
currentSize : 20 <-- 1.605978 s

maxsize : 20
nodes : 1465122.000000
filtered : 68633891.000000
time : 40.145176
