Parameters: GAD=1 vflib=1 dir=0 label=0 lowerbound=1 fileNameGp=../graphsdb/mcs70/rand/r02/mcs70_r02_s30.A37 fileNameGt=../graphsdb/mcs70/rand/r02/mcs70_r02_s30.B37
Reading graphs...
30 :  162
30 :  160
Initializing...
maxdom : 30
D->valSize : 900
Solving...
Blb : 3 (clique : 10)
currentSize : 10 <-- 0.009301 s
currentSize : 11 <-- 0.009417 s
currentSize : 12 <-- 0.015135 s
currentSize : 13 <-- 0.118059 s
currentSize : 14 <-- 0.754569 s
currentSize : 15 <-- 58.189079 s
currentSize : 18 <-- 58.434566 s
currentSize : 21 <-- 58.485920 s

maxsize : 21
nodes : 14747525.000000
filtered : 203954759.000000
time : 61.517403
