Parameters: GAD=1 vflib=1 dir=0 label=0 lowerbound=1 fileNameGp=../graphsdb/mcs70/rand/r02/mcs70_r02_s30.A87 fileNameGt=../graphsdb/mcs70/rand/r02/mcs70_r02_s30.B87
Reading graphs...
30 :  157
30 :  159
Initializing...
maxdom : 30
D->valSize : 900
Solving...
Blb : 2 (clique : 11)
currentSize : 11 <-- 0.009348 s
currentSize : 12 <-- 0.014260 s
currentSize : 13 <-- 0.038205 s
currentSize : 14 <-- 0.129885 s
currentSize : 15 <-- 5.593386 s
currentSize : 16 <-- 54.681900 s
currentSize : 21 <-- 59.355556 s

maxsize : 21
nodes : 13411658.000000
filtered : 217960665.000000
time : 61.772781
