Parameters: GAD=1 vflib=1 dir=0 label=0 lowerbound=1 fileNameGp=../graphsdb/mcs70/m2D/m2Dr2/mcs70_m2Dr2_s35.A43 fileNameGt=../graphsdb/mcs70/m2D/m2Dr2/mcs70_m2Dr2_s35.B43
Reading graphs...
35 :  65
35 :  63
Initializing...
maxdom : 35
D->valSize : 1225
Solving...
Blb : 2 (clique : 19)
currentSize : 19 <-- 0.020938 s
currentSize : 20 <-- 0.021165 s
currentSize : 21 <-- 0.021273 s
currentSize : 22 <-- 0.023586 s
currentSize : 23 <-- 0.106958 s
currentSize : 24 <-- 0.169253 s
currentSize : 25 <-- 25.927055 s
currentSize : 26 <-- 181.589279 s
currentSize : 27 <-- 1417.041382 s

maxsize : 27
nodes : 50107175.000000
filtered : 3505183158.000000
time : 1725.650024
