Parameters: GAD=1 vflib=1 dir=0 label=0 lowerbound=1 fileNameGp=../graphsdb/mcs70/rand/r005/mcs70_r005_s30.A80 fileNameGt=../graphsdb/mcs70/rand/r005/mcs70_r005_s30.B80
Reading graphs...
30 :  41
30 :  42
Initializing...
maxdom : 30
D->valSize : 900
Solving...
Blb : 2 (clique : 18)
currentSize : 18 <-- 0.020194 s
currentSize : 20 <-- 0.020401 s
currentSize : 21 <-- 0.020495 s
currentSize : 22 <-- 0.069553 s
currentSize : 23 <-- 2.965796 s

maxsize : 23
nodes : 4009540.000000
filtered : 249673284.000000
time : 243.024460
