Parameters: GAD=1 vflib=1 dir=0 label=0 lowerbound=1 fileNameGp=../graphsdb/mcs70/rand/r02/mcs70_r02_s35.A64 fileNameGt=../graphsdb/mcs70/rand/r02/mcs70_r02_s35.B64
Reading graphs...
35 :  220
35 :  216
Initializing...
maxdom : 35
D->valSize : 1225
Solving...
Blb : 2 (clique : 11)
currentSize : 11 <-- 0.022572 s
currentSize : 12 <-- 0.023865 s
currentSize : 13 <-- 0.084730 s
currentSize : 14 <-- 0.104394 s
currentSize : 15 <-- 20.721367 s
currentSize : 17 <-- 246.773193 s
currentSize : 18 <-- 591.866211 s
currentSize : 24 <-- 591.867310 s

maxsize : 24
nodes : 138356900.000000
filtered : 2024489222.000000
time : 604.066345
