Parameters: GAD=1 vflib=1 dir=0 label=0 lowerbound=1 fileNameGp=../graphsdb/mcs70/rand/r01/mcs70_r01_s25.A15 fileNameGt=../graphsdb/mcs70/rand/r01/mcs70_r01_s25.B15
Reading graphs...
25 :  57
25 :  56
Initializing...
maxdom : 25
D->valSize : 625
Solving...
Blb : 2 (clique : 13)
currentSize : 13 <-- 0.005208 s
currentSize : 14 <-- 0.005307 s
currentSize : 15 <-- 0.005629 s
currentSize : 16 <-- 0.029641 s
currentSize : 17 <-- 9.350299 s

maxsize : 17
nodes : 1566263.000000
filtered : 46202977.000000
time : 18.757765
