Parameters: GAD=1 vflib=1 dir=0 label=0 lowerbound=1 fileNameGp=../graphsdb/mcs70/m2D/m2Dr4/mcs70_m2Dr4_s35.A08 fileNameGt=../graphsdb/mcs70/m2D/m2Dr4/mcs70_m2Dr4_s35.B08
Reading graphs...
35 :  72
35 :  71
Initializing...
maxdom : 35
D->valSize : 1225
Solving...
Blb : 2 (clique : 19)
currentSize : 19 <-- 0.020392 s
currentSize : 20 <-- 0.020790 s
currentSize : 21 <-- 0.020933 s
currentSize : 22 <-- 0.032737 s
currentSize : 23 <-- 23.004004 s
currentSize : 24 <-- 502.140778 s
currentSize : 25 <-- 804.634888 s
currentSize : 27 <-- 804.635254 s

maxsize : 27
nodes : 21935322.000000
filtered : 1179930231.000000
time : 902.801880
