Parameters: GAD=1 vflib=1 dir=0 label=0 lowerbound=1 fileNameGp=../graphsdb/mcs70/bvg/b09m/mcs70_b09m_s35.A82 fileNameGt=../graphsdb/mcs70/bvg/b09m/mcs70_b09m_s35.B82
Reading graphs...
35 :  149
35 :  149
Initializing...
maxdom : 35
D->valSize : 1225
Solving...
Blb : 2 (clique : 13)
currentSize : 13 <-- 0.018358 s
currentSize : 14 <-- 0.018488 s
currentSize : 15 <-- 0.019809 s
currentSize : 16 <-- 0.033260 s
currentSize : 17 <-- 0.806110 s
currentSize : 18 <-- 1.413072 s
currentSize : 19 <-- 1.413310 s
currentSize : 20 <-- 4.220174 s
currentSize : 21 <-- 4.220217 s
currentSize : 24 <-- 4.220812 s

maxsize : 24
nodes : 3386789.000000
filtered : 172566723.000000
time : 41.675022
