Parameters: GAD=1 vflib=1 dir=0 label=0 lowerbound=1 fileNameGp=../graphsdb/mcs70/bvg/b09m/mcs70_b09m_s25.A22 fileNameGt=../graphsdb/mcs70/bvg/b09m/mcs70_b09m_s25.B22
Reading graphs...
25 :  105
25 :  105
Initializing...
maxdom : 25
D->valSize : 625
Solving...
Blb : 2 (clique : 10)
currentSize : 10 <-- 0.009703 s
currentSize : 11 <-- 0.009842 s
currentSize : 12 <-- 0.010736 s
currentSize : 13 <-- 0.144437 s
currentSize : 15 <-- 1.355803 s
currentSize : 16 <-- 1.409076 s

maxsize : 16
nodes : 661098.000000
filtered : 13679738.000000
time : 3.577173
