Parameters: GAD=1 vflib=1 dir=0 label=0 lowerbound=1 fileNameGp=../graphsdb/mcs70/bvg/b09/mcs70_b09_s35.A25 fileNameGt=../graphsdb/mcs70/bvg/b09/mcs70_b09_s35.B25
Reading graphs...
35 :  154
35 :  154
Initializing...
maxdom : 35
D->valSize : 1225
Solving...
Blb : 2 (clique : 15)
currentSize : 15 <-- 0.031847 s
currentSize : 16 <-- 0.040621 s
currentSize : 17 <-- 0.092417 s
currentSize : 18 <-- 0.092469 s
currentSize : 19 <-- 0.092565 s
currentSize : 21 <-- 0.092616 s
currentSize : 22 <-- 0.092779 s
currentSize : 23 <-- 0.092918 s
currentSize : 24 <-- 0.093145 s
currentSize : 25 <-- 0.859685 s
currentSize : 26 <-- 0.960144 s

maxsize : 26
nodes : 781433.000000
filtered : 43686381.000000
time : 10.783605
