Parameters: GAD=1 vflib=1 dir=0 label=0 lowerbound=1 fileNameGp=../graphsdb/mcs70/m2D/m2Dr4/mcs70_m2Dr4_s25.A04 fileNameGt=../graphsdb/mcs70/m2D/m2Dr4/mcs70_m2Dr4_s25.B04
Reading graphs...
25 :  50
25 :  50
Initializing...
maxdom : 25
D->valSize : 625
Solving...
Blb : 2 (clique : 13)
currentSize : 13 <-- 0.005900 s
currentSize : 15 <-- 0.005979 s
currentSize : 16 <-- 0.007858 s
currentSize : 17 <-- 0.812605 s
currentSize : 18 <-- 0.912384 s

maxsize : 18
nodes : 320168.000000
filtered : 9639886.000000
time : 5.282008
