Parameters: GAD=1 vflib=1 dir=0 label=0 lowerbound=1 fileNameGp=../graphsdb/mcs70/m3D/m3D/mcs70_m3D_s35.A58 fileNameGt=../graphsdb/mcs70/m3D/m3D/mcs70_m3D_s35.B58
Reading graphs...
35 :  71
35 :  71
Initializing...
maxdom : 35
D->valSize : 1225
Solving...
Blb : 2 (clique : 19)
currentSize : 19 <-- 0.020591 s
currentSize : 20 <-- 0.020791 s
currentSize : 21 <-- 0.022081 s
currentSize : 22 <-- 0.033490 s
currentSize : 23 <-- 0.150338 s
currentSize : 24 <-- 55.528111 s
currentSize : 25 <-- 196.904541 s
currentSize : 26 <-- 265.726562 s
currentSize : 27 <-- 267.061798 s
currentSize : 28 <-- 323.723297 s

maxsize : 28
nodes : 10331911.000000
filtered : 561520589.000000
time : 362.994720
