Parameters: GAD=1 vflib=1 dir=0 label=0 lowerbound=1 fileNameGp=../graphsdb/mcs70/rand/r005/mcs70_r005_s30.A14 fileNameGt=../graphsdb/mcs70/rand/r005/mcs70_r005_s30.B14
Reading graphs...
30 :  40
30 :  41
Initializing...
maxdom : 30
D->valSize : 900
Solving...
Blb : 2 (clique : 20)
currentSize : 20 <-- 0.020414 s
currentSize : 21 <-- 2.473714 s
currentSize : 22 <-- 6.803778 s
currentSize : 23 <-- 9.055755 s
currentSize : 24 <-- 120.222099 s

maxsize : 24
nodes : 3462505.000000
filtered : 208955163.000000
time : 192.070190
