Parameters: GAD=1 vflib=1 dir=0 label=0 lowerbound=1 fileNameGp=../graphsdb/mcs70/m3D/m3Dr4/mcs70_m3Dr4_s35.A34 fileNameGt=../graphsdb/mcs70/m3D/m3Dr4/mcs70_m3Dr4_s35.B34
Reading graphs...
35 :  86
35 :  85
Initializing...
maxdom : 35
D->valSize : 1225
Solving...
Blb : 2 (clique : 18)
currentSize : 18 <-- 0.020074 s
currentSize : 19 <-- 0.020299 s
currentSize : 20 <-- 0.021265 s
currentSize : 21 <-- 0.033313 s
currentSize : 22 <-- 189.666977 s
currentSize : 23 <-- 481.020905 s
currentSize : 24 <-- 481.157471 s
currentSize : 26 <-- 517.751709 s
currentSize : 28 <-- 518.313232 s

maxsize : 28
nodes : 43319942.000000
filtered : 1319337420.000000
time : 528.085510
