Parameters: GAD=1 vflib=1 dir=0 label=0 lowerbound=1 fileNameGp=../graphsdb/mcs70/m2D/m2Dr4/mcs70_m2Dr4_s35.A77 fileNameGt=../graphsdb/mcs70/m2D/m2Dr4/mcs70_m2Dr4_s35.B77
Reading graphs...
35 :  68
35 :  69
Initializing...
maxdom : 35
D->valSize : 1225
Solving...
Blb : 5 (clique : 19)
currentSize : 19 <-- 0.020905 s
currentSize : 20 <-- 0.021175 s
currentSize : 21 <-- 0.021675 s
currentSize : 22 <-- 0.110173 s
currentSize : 23 <-- 0.142666 s
currentSize : 24 <-- 59.365379 s
currentSize : 25 <-- 290.466278 s
currentSize : 26 <-- 2126.292236 s

maxsize : 26
nodes : 78765018.000000
filtered : 4881958044.000000
time : 3051.061768
