Parameters: GAD=1 vflib=1 dir=0 label=0 lowerbound=1 fileNameGp=../graphsdb/mcs70/m2D/m2D/mcs70_m2D_s25.A92 fileNameGt=../graphsdb/mcs70/m2D/m2D/mcs70_m2D_s25.B92
Reading graphs...
25 :  40
25 :  39
Initializing...
maxdom : 25
D->valSize : 625
Solving...
Blb : 2 (clique : 15)
currentSize : 15 <-- 0.009518 s
currentSize : 16 <-- 0.009654 s
currentSize : 17 <-- 0.016593 s
currentSize : 18 <-- 0.036839 s
currentSize : 19 <-- 2.503398 s

maxsize : 19
nodes : 317233.000000
filtered : 13402675.000000
time : 7.572555
