Parameters: GAD=1 vflib=1 dir=0 label=0 lowerbound=1 fileNameGp=../graphsdb/mcs70/rand/r005/mcs70_r005_s25.A08 fileNameGt=../graphsdb/mcs70/rand/r005/mcs70_r005_s25.B08
Reading graphs...
25 :  32
25 :  33
Initializing...
maxdom : 25
D->valSize : 625
Solving...
Blb : 5 (clique : 15)
currentSize : 15 <-- 0.005547 s
currentSize : 16 <-- 0.005669 s
currentSize : 17 <-- 0.005702 s
currentSize : 18 <-- 0.044643 s
currentSize : 19 <-- 0.396576 s
currentSize : 20 <-- 9.729833 s

maxsize : 20
nodes : 329977.000000
filtered : 16458513.000000
time : 11.863355
