Parameters: GAD=1 vflib=1 dir=0 label=0 lowerbound=1 fileNameGp=../graphsdb/mcs70/m3D/m3Dr6/mcs70_m3Dr6_s35.A75 fileNameGt=../graphsdb/mcs70/m3D/m3Dr6/mcs70_m3Dr6_s35.B75
Reading graphs...
35 :  91
35 :  91
Initializing...
maxdom : 35
D->valSize : 1225
Solving...
Blb : 2 (clique : 18)
currentSize : 18 <-- 0.019941 s
currentSize : 19 <-- 0.059539 s
currentSize : 20 <-- 0.616732 s
currentSize : 21 <-- 14.949207 s
currentSize : 22 <-- 491.578522 s
currentSize : 23 <-- 711.123535 s
currentSize : 25 <-- 756.921875 s
currentSize : 26 <-- 757.000305 s
currentSize : 27 <-- 796.901978 s

maxsize : 27
nodes : 50204335.000000
filtered : 1798968103.000000
time : 817.268799
