Parameters: GAD=1 vflib=1 dir=0 label=0 lowerbound=1 fileNameGp=../graphsdb/mcs70/m3D/m3Dr6/mcs70_m3Dr6_s35.A44 fileNameGt=../graphsdb/mcs70/m3D/m3Dr6/mcs70_m3Dr6_s35.B44
Reading graphs...
35 :  89
35 :  86
Initializing...
maxdom : 35
D->valSize : 1225
Solving...
Blb : 2 (clique : 17)
currentSize : 17 <-- 0.020109 s
currentSize : 18 <-- 0.020503 s
currentSize : 19 <-- 0.020777 s
currentSize : 20 <-- 0.023256 s
currentSize : 21 <-- 4.082414 s
currentSize : 22 <-- 186.459503 s
currentSize : 24 <-- 2204.162354 s
currentSize : 27 <-- 2369.870850 s

maxsize : 27
nodes : 132629361.000000
filtered : 5564896156.000000
time : 2390.936035
