Parameters: GAD=1 vflib=1 dir=0 label=0 lowerbound=1 fileNameGp=../graphsdb/mcs70/m2D/m2Dr4/mcs70_m2Dr4_s25.A67 fileNameGt=../graphsdb/mcs70/m2D/m2Dr4/mcs70_m2Dr4_s25.B67
Reading graphs...
25 :  50
25 :  50
Initializing...
maxdom : 25
D->valSize : 625
Solving...
Blb : 5 (clique : 13)
currentSize : 13 <-- 0.005300 s
currentSize : 14 <-- 0.005425 s
currentSize : 15 <-- 0.005758 s
currentSize : 16 <-- 0.021596 s
currentSize : 17 <-- 0.256029 s
currentSize : 18 <-- 6.593982 s

maxsize : 18
nodes : 768091.000000
filtered : 23165842.000000
time : 11.410317
