Parameters: GAD=1 vflib=1 dir=0 label=0 lowerbound=1 fileNameGp=../graphsdb/mcs70/rand/r005/mcs70_r005_s35.A73 fileNameGt=../graphsdb/mcs70/rand/r005/mcs70_r005_s35.B73
Reading graphs...
35 :  57
35 :  58
Initializing...
maxdom : 35
D->valSize : 1225
Solving...
Blb : 2 (clique : 21)
currentSize : 21 <-- 0.021160 s
currentSize : 22 <-- 0.027502 s
currentSize : 23 <-- 0.077333 s
currentSize : 24 <-- 0.501528 s
currentSize : 25 <-- 9.666442 s
currentSize : 26 <-- 13.095318 s
currentSize : 27 <-- 2919.593750 s

maxsize : 27
nodes : 36610259.000000
filtered : 2384886875.000000
time : 2993.995117
