Parameters: GAD=1 vflib=1 dir=0 label=0 lowerbound=1 fileNameGp=../graphsdb/mcs70/m4D/m4Dr2/mcs70_m4Dr2_s25.A51 fileNameGt=../graphsdb/mcs70/m4D/m4Dr2/mcs70_m4Dr2_s25.B51
Reading graphs...
25 :  52
25 :  52
Initializing...
maxdom : 25
D->valSize : 625
Solving...
Blb : 5 (clique : 14)
currentSize : 14 <-- 0.005392 s
currentSize : 15 <-- 0.006287 s
currentSize : 16 <-- 0.006394 s
currentSize : 17 <-- 0.196892 s
currentSize : 18 <-- 0.216611 s

maxsize : 18
nodes : 198710.000000
filtered : 9115400.000000
time : 4.639889
