Parameters: GAD=1 vflib=1 dir=0 label=0 lowerbound=1 fileNameGp=../graphsdb/mcs70/m4D/m4Dr4/mcs70_m4Dr4_s25.A39 fileNameGt=../graphsdb/mcs70/m4D/m4Dr4/mcs70_m4Dr4_s25.B39
Reading graphs...
25 :  56
25 :  53
Initializing...
maxdom : 25
D->valSize : 625
Solving...
Blb : 5 (clique : 14)
currentSize : 14 <-- 0.005158 s
currentSize : 15 <-- 0.005718 s
currentSize : 16 <-- 0.006559 s
currentSize : 17 <-- 0.260514 s
currentSize : 18 <-- 0.613219 s

maxsize : 18
nodes : 163482.000000
filtered : 6860927.000000
time : 2.732156
