Parameters: GAD=1 vflib=1 dir=0 label=0 lowerbound=1 fileNameGp=../graphsdb/mcs70/bvg/b09/mcs70_b09_s30.A30 fileNameGt=../graphsdb/mcs70/bvg/b09/mcs70_b09_s30.B30
Reading graphs...
30 :  133
30 :  131
Initializing...
maxdom : 30
D->valSize : 900
Solving...
Blb : 3 (clique : 11)
currentSize : 11 <-- 0.016992 s
currentSize : 12 <-- 0.017415 s
currentSize : 13 <-- 0.017617 s
currentSize : 14 <-- 0.124690 s
currentSize : 15 <-- 0.154561 s
currentSize : 16 <-- 0.154733 s
currentSize : 17 <-- 0.154945 s
currentSize : 19 <-- 0.155345 s
currentSize : 20 <-- 0.155402 s
currentSize : 21 <-- 0.338525 s

maxsize : 21
nodes : 531335.000000
filtered : 20570030.000000
time : 4.675532
