Parameters: GAD=1 vflib=1 dir=0 label=0 lowerbound=1 fileNameGp=../graphsdb/mcs70/m2D/m2Dr4/mcs70_m2Dr4_s35.A19 fileNameGt=../graphsdb/mcs70/m2D/m2Dr4/mcs70_m2Dr4_s35.B19
Reading graphs...
35 :  71
35 :  71
Initializing...
maxdom : 35
D->valSize : 1225
Solving...
Blb : 2 (clique : 21)
currentSize : 21 <-- 0.020651 s
currentSize : 22 <-- 0.195246 s
currentSize : 23 <-- 1.761870 s
currentSize : 24 <-- 136.703995 s
currentSize : 25 <-- 400.728210 s
currentSize : 26 <-- 530.679260 s

maxsize : 26
nodes : 25527460.000000
filtered : 1570117650.000000
time : 1032.516968
