Parameters: GAD=1 vflib=1 dir=0 label=0 lowerbound=1 fileNameGp=../graphsdb/mcs70/bvg/b09m/mcs70_b09m_s35.A21 fileNameGt=../graphsdb/mcs70/bvg/b09m/mcs70_b09m_s35.B21
Reading graphs...
35 :  149
35 :  150
Initializing...
maxdom : 35
D->valSize : 1225
Solving...
Blb : 2 (clique : 14)
currentSize : 14 <-- 0.032393 s
currentSize : 15 <-- 0.032607 s
currentSize : 17 <-- 0.035346 s
currentSize : 18 <-- 0.035474 s
currentSize : 19 <-- 0.035970 s
currentSize : 20 <-- 0.049705 s
currentSize : 21 <-- 0.049800 s
currentSize : 22 <-- 40.827465 s
currentSize : 23 <-- 40.827583 s
currentSize : 24 <-- 40.827641 s

maxsize : 24
nodes : 7498813.000000
filtered : 372614580.000000
time : 88.429489
