Parameters: GAD=1 vflib=1 dir=0 label=0 lowerbound=1 fileNameGp=../graphsdb/mcs70/bvg/b06/mcs70_b06_s30.A25 fileNameGt=../graphsdb/mcs70/bvg/b06/mcs70_b06_s30.B25
Reading graphs...
30 :  90
30 :  90
Initializing...
maxdom : 30
D->valSize : 900
Solving...
Blb : 2 (clique : 14)
currentSize : 14 <-- 0.010192 s
currentSize : 15 <-- 0.012084 s
currentSize : 16 <-- 0.123305 s
currentSize : 17 <-- 0.394020 s
currentSize : 18 <-- 2.544217 s
currentSize : 19 <-- 51.218582 s
currentSize : 20 <-- 57.520908 s
currentSize : 21 <-- 60.185574 s
currentSize : 22 <-- 64.314407 s
currentSize : 23 <-- 66.730026 s

maxsize : 23
nodes : 4972462.000000
filtered : 182102980.000000
time : 67.534332
