Parameters: GAD=1 vflib=1 dir=0 label=0 lowerbound=1 fileNameGp=../graphsdb/mcs70/bvg/b09/mcs70_b09_s25.A96 fileNameGt=../graphsdb/mcs70/bvg/b09/mcs70_b09_s25.B96
Reading graphs...
25 :  112
25 :  111
Initializing...
maxdom : 25
D->valSize : 625
Solving...
Blb : 2 (clique : 11)
currentSize : 11 <-- 0.004604 s
currentSize : 12 <-- 0.005504 s
currentSize : 13 <-- 0.005521 s
currentSize : 15 <-- 0.030377 s
currentSize : 16 <-- 0.030401 s
currentSize : 17 <-- 0.696237 s

maxsize : 17
nodes : 312207.000000
filtered : 7399549.000000
time : 1.690274
