Parameters: GAD=1 vflib=1 dir=0 label=0 lowerbound=1 fileNameGp=../graphsdb/mcs70/bvg/b03/mcs70_b03_s30.A67 fileNameGt=../graphsdb/mcs70/bvg/b03/mcs70_b03_s30.B67
Reading graphs...
30 :  45
30 :  44
Initializing...
maxdom : 30
D->valSize : 900
Solving...
Blb : 2 (clique : 19)
currentSize : 19 <-- 0.012010 s
currentSize : 20 <-- 0.012248 s
currentSize : 22 <-- 0.012284 s
currentSize : 23 <-- 0.012547 s
currentSize : 24 <-- 0.490140 s

maxsize : 24
nodes : 369119.000000
filtered : 22715903.000000
time : 23.296766
