Parameters: GAD=1 vflib=1 dir=0 label=0 lowerbound=1 fileNameGp=../graphsdb/mcs70/rand/r02/mcs70_r02_s30.A19 fileNameGt=../graphsdb/mcs70/rand/r02/mcs70_r02_s30.B19
Reading graphs...
30 :  157
30 :  154
Initializing...
maxdom : 30
D->valSize : 900
Solving...
Blb : 5 (clique : 10)
currentSize : 10 <-- 0.016544 s
currentSize : 11 <-- 0.016701 s
currentSize : 12 <-- 0.017725 s
currentSize : 13 <-- 0.110469 s
currentSize : 17 <-- 1.446502 s
currentSize : 18 <-- 1.446555 s
currentSize : 21 <-- 1.553102 s

maxsize : 21
nodes : 1000102.000000
filtered : 29936817.000000
time : 6.676754
