Parameters: GAD=1 vflib=1 dir=0 label=0 lowerbound=1 fileNameGp=../graphsdb/mcs70/bvg/b09/mcs70_b09_s25.A90 fileNameGt=../graphsdb/mcs70/bvg/b09/mcs70_b09_s25.B90
Reading graphs...
25 :  108
25 :  109
Initializing...
maxdom : 25
D->valSize : 625
Solving...
Blb : 2 (clique : 9)
currentSize : 9 <-- 0.004641 s
currentSize : 11 <-- 0.004819 s
currentSize : 12 <-- 0.047273 s
currentSize : 13 <-- 0.359109 s
currentSize : 14 <-- 0.810534 s
currentSize : 15 <-- 1.168870 s
currentSize : 16 <-- 1.723798 s
currentSize : 17 <-- 2.096788 s

maxsize : 17
nodes : 538398.000000
filtered : 11316452.000000
time : 2.761128
