Parameters: GAD=1 vflib=1 dir=0 label=0 lowerbound=1 fileNameGp=../graphsdb/mcs70/bvg/b03/mcs70_b03_s25.A50 fileNameGt=../graphsdb/mcs70/bvg/b03/mcs70_b03_s25.B50
Reading graphs...
25 :  37
25 :  37
Initializing...
maxdom : 25
D->valSize : 625
Solving...
Blb : 2 (clique : 15)
currentSize : 15 <-- 0.008721 s
currentSize : 16 <-- 0.008836 s
currentSize : 17 <-- 0.010368 s
currentSize : 18 <-- 0.043411 s
currentSize : 19 <-- 0.124963 s
currentSize : 20 <-- 0.339086 s

maxsize : 20
nodes : 67733.000000
filtered : 3025879.000000
time : 2.390810
