Parameters: GAD=1 vflib=1 dir=0 label=0 lowerbound=1 fileNameGp=../graphsdb/mcs70/bvg/b09/mcs70_b09_s20.A18 fileNameGt=../graphsdb/mcs70/bvg/b09/mcs70_b09_s20.B18
Reading graphs...
20 :  87
20 :  90
Initializing...
maxdom : 20
D->valSize : 400
Solving...
Blb : 2 (clique : 9)
currentSize : 9 <-- 0.002031 s
currentSize : 10 <-- 0.003379 s
currentSize : 12 <-- 0.004197 s
currentSize : 13 <-- 0.004261 s
currentSize : 14 <-- 0.004985 s

maxsize : 14
nodes : 27931.000000
filtered : 635566.000000
time : 0.142924
