Parameters: GAD=1 vflib=1 dir=0 label=0 lowerbound=1 fileNameGp=../graphsdb/mcs70/bvg/b06/mcs70_b06_s20.A13 fileNameGt=../graphsdb/mcs70/bvg/b06/mcs70_b06_s20.B13
Reading graphs...
20 :  60
20 :  57
Initializing...
maxdom : 20
D->valSize : 400
Solving...
Blb : 2 (clique : 9)
currentSize : 9 <-- 0.003615 s
currentSize : 10 <-- 0.003897 s
currentSize : 11 <-- 0.004673 s
currentSize : 12 <-- 0.007640 s
currentSize : 13 <-- 0.032198 s
currentSize : 14 <-- 0.032873 s
currentSize : 15 <-- 0.069537 s

maxsize : 15
nodes : 16686.000000
filtered : 446576.000000
time : 0.192731
