Parameters: GAD=1 vflib=1 dir=0 label=0 lowerbound=1 fileNameGp=../graphsdb/mcs70/bvg/b03m/mcs70_b03m_s25.A91 fileNameGt=../graphsdb/mcs70/bvg/b03m/mcs70_b03m_s25.B91
Reading graphs...
25 :  35
25 :  35
Initializing...
maxdom : 25
D->valSize : 625
Solving...
Blb : 2 (clique : 15)
currentSize : 15 <-- 0.009617 s
currentSize : 16 <-- 0.009786 s
currentSize : 17 <-- 0.009913 s
currentSize : 18 <-- 0.023596 s
currentSize : 19 <-- 0.051329 s

maxsize : 19
nodes : 670855.000000
filtered : 33038535.000000
time : 16.704863
