Parameters: GAD=1 vflib=1 dir=0 label=0 lowerbound=1 fileNameGp=../graphsdb/mcs70/bvg/b03m/mcs70_b03m_s30.A66 fileNameGt=../graphsdb/mcs70/bvg/b03m/mcs70_b03m_s30.B66
Reading graphs...
30 :  44
30 :  44
Initializing...
maxdom : 30
D->valSize : 900
Solving...
Blb : 2 (clique : 17)
currentSize : 17 <-- 0.019671 s
currentSize : 18 <-- 0.019886 s
currentSize : 19 <-- 0.020036 s
currentSize : 20 <-- 0.021696 s
currentSize : 21 <-- 0.043435 s
currentSize : 22 <-- 6.951382 s
currentSize : 23 <-- 11.373834 s

maxsize : 23
nodes : 4786132.000000
filtered : 299688153.000000
time : 303.060974
