Parameters: GAD=1 vflib=1 dir=0 label=0 lowerbound=1 fileNameGp=../graphsdb/mcs70/rand/r02/mcs70_r02_s30.A68 fileNameGt=../graphsdb/mcs70/rand/r02/mcs70_r02_s30.B68
Reading graphs...
30 :  162
30 :  160
Initializing...
maxdom : 30
D->valSize : 900
Solving...
Blb : 2 (clique : 11)
currentSize : 11 <-- 0.016380 s
currentSize : 12 <-- 0.017444 s
currentSize : 13 <-- 0.052334 s
currentSize : 15 <-- 0.797670 s
currentSize : 16 <-- 11.300543 s
currentSize : 17 <-- 36.183289 s
currentSize : 18 <-- 36.197384 s
currentSize : 21 <-- 36.201096 s

maxsize : 21
nodes : 8629832.000000
filtered : 147203033.000000
time : 39.489449
