Parameters: GAD=1 vflib=1 dir=0 label=0 lowerbound=1 fileNameGp=../graphsdb/mcs70/m3D/m3Dr6/mcs70_m3Dr6_s35.A36 fileNameGt=../graphsdb/mcs70/m3D/m3Dr6/mcs70_m3Dr6_s35.B36
Reading graphs...
35 :  89
35 :  88
Initializing...
maxdom : 35
D->valSize : 1225
Solving...
Blb : 5 (clique : 17)
currentSize : 17 <-- 0.020126 s
currentSize : 18 <-- 0.020495 s
currentSize : 19 <-- 0.020848 s
currentSize : 20 <-- 0.021614 s
currentSize : 21 <-- 0.509209 s
currentSize : 22 <-- 3.557502 s
currentSize : 23 <-- 432.280243 s
currentSize : 24 <-- 433.387512 s
currentSize : 25 <-- 433.387787 s
currentSize : 26 <-- 433.387878 s
currentSize : 27 <-- 584.527771 s

maxsize : 27
nodes : 26217772.000000
filtered : 1303614936.000000
time : 596.080505
