Parameters: GAD=1 vflib=1 dir=0 label=0 lowerbound=1 fileNameGp=../graphsdb/mcs70/m2D/m2Dr6/m2Dr6/mcs70_m2Dr6_s25.A94 fileNameGt=../graphsdb/mcs70/m2D/m2Dr6/m2Dr6/mcs70_m2Dr6_s25.B94
Reading graphs...
25 :  55
25 :  54
Initializing...
maxdom : 25
D->valSize : 625
Solving...
Blb : 2 (clique : 13)
currentSize : 13 <-- 0.005402 s
currentSize : 14 <-- 0.005888 s
currentSize : 15 <-- 0.007158 s
currentSize : 16 <-- 0.149495 s
currentSize : 17 <-- 3.027030 s

maxsize : 17
nodes : 1637019.000000
filtered : 53573708.000000
time : 22.358540
