Parameters: GAD=1 vflib=1 dir=0 label=0 lowerbound=1 fileNameGp=../graphsdb/mcs70/m3D/m3Dr2/mcs70_m3Dr2_s35.A14 fileNameGt=../graphsdb/mcs70/m3D/m3Dr2/mcs70_m3Dr2_s35.B14
Reading graphs...
35 :  76
35 :  77
Initializing...
maxdom : 35
D->valSize : 1225
Solving...
Blb : 2 (clique : 17)
currentSize : 17 <-- 0.036088 s
currentSize : 18 <-- 0.036328 s
currentSize : 19 <-- 0.036622 s
currentSize : 20 <-- 0.043665 s
currentSize : 21 <-- 0.085758 s
currentSize : 22 <-- 2.906207 s
currentSize : 23 <-- 50.853989 s
currentSize : 24 <-- 772.471619 s
currentSize : 25 <-- 1053.428223 s
currentSize : 27 <-- 1254.550781 s

maxsize : 27
nodes : 75197899.000000
filtered : 2894197025.000000
time : 1279.045288
