Parameters: GAD=1 vflib=1 dir=0 label=0 lowerbound=1 fileNameGp=../graphsdb/mcs70/rand/r005/mcs70_r005_s30.A20 fileNameGt=../graphsdb/mcs70/rand/r005/mcs70_r005_s30.B20
Reading graphs...
30 :  40
30 :  41
Initializing...
maxdom : 30
D->valSize : 900
Solving...
Blb : 2 (clique : 19)
currentSize : 19 <-- 0.011766 s
currentSize : 20 <-- 0.031713 s
currentSize : 21 <-- 0.032737 s
currentSize : 22 <-- 0.033385 s
currentSize : 23 <-- 0.050933 s

maxsize : 23
nodes : 31489029.000000
filtered : 2151735081.000000
time : 1823.197144
