Parameters: GAD=1 vflib=1 dir=0 label=0 lowerbound=1 fileNameGp=../graphsdb/mcs70/m2D/m2Dr6/m2Dr6/mcs70_m2Dr6_s35.A29 fileNameGt=../graphsdb/mcs70/m2D/m2Dr6/m2Dr6/mcs70_m2Dr6_s35.B29
Reading graphs...
35 :  77
35 :  78
Initializing...
maxdom : 35
D->valSize : 1225
Solving...
Blb : 2 (clique : 17)
currentSize : 17 <-- 0.021304 s
currentSize : 19 <-- 0.021458 s
currentSize : 20 <-- 0.021521 s
currentSize : 21 <-- 0.022275 s
currentSize : 22 <-- 0.026248 s
currentSize : 23 <-- 111.071663 s
currentSize : 24 <-- 863.533447 s
currentSize : 26 <-- 889.184631 s

maxsize : 26
nodes : 43596107.000000
filtered : 1908059241.000000
time : 1019.501953
