Parameters: GAD=1 vflib=1 dir=0 label=0 lowerbound=1 fileNameGp=../graphsdb/mcs70/bvg/b03/mcs70_b03_s20.A37 fileNameGt=../graphsdb/mcs70/bvg/b03/mcs70_b03_s20.B37
Reading graphs...
20 :  30
20 :  30
Initializing...
maxdom : 20
D->valSize : 400
Solving...
Blb : 2 (clique : 12)
currentSize : 12 <-- 0.002396 s
currentSize : 13 <-- 0.002460 s
currentSize : 14 <-- 0.002483 s
currentSize : 16 <-- 0.002769 s
currentSize : 17 <-- 0.005171 s

maxsize : 17
nodes : 2175.000000
filtered : 80638.000000
time : 0.045761
