Parameters: GAD=1 vflib=1 dir=0 label=0 lowerbound=1 fileNameGp=../graphsdb/mcs70/m3D/m3Dr2/mcs70_m3Dr2_s35.A75 fileNameGt=../graphsdb/mcs70/m3D/m3Dr2/mcs70_m3Dr2_s35.B75
Reading graphs...
35 :  79
35 :  79
Initializing...
maxdom : 35
D->valSize : 1225
Solving...
Blb : 2 (clique : 20)
currentSize : 20 <-- 0.020979 s
currentSize : 21 <-- 0.024345 s
currentSize : 22 <-- 0.692398 s
currentSize : 23 <-- 18.100227 s
currentSize : 24 <-- 22.473969 s
currentSize : 25 <-- 395.104248 s
currentSize : 26 <-- 395.104309 s
currentSize : 27 <-- 395.104370 s

maxsize : 27
nodes : 25209766.000000
filtered : 1106428682.000000
time : 448.412415
