Parameters: GAD=1 vflib=1 dir=0 label=0 lowerbound=1 fileNameGp=../graphsdb/mcs70/rand/r02/mcs70_r02_s35.A53 fileNameGt=../graphsdb/mcs70/rand/r02/mcs70_r02_s35.B53
Reading graphs...
35 :  213
35 :  212
Initializing...
maxdom : 35
D->valSize : 1225
Solving...
Blb : 2 (clique : 11)
currentSize : 11 <-- 0.030371 s
currentSize : 12 <-- 0.031385 s
currentSize : 13 <-- 0.031709 s
currentSize : 14 <-- 0.742637 s
currentSize : 15 <-- 36.058033 s
currentSize : 16 <-- 71.590355 s
currentSize : 17 <-- 71.627617 s
currentSize : 19 <-- 71.657417 s
currentSize : 24 <-- 71.657455 s

maxsize : 24
nodes : 20010440.000000
filtered : 305295258.000000
time : 92.649643
