Parameters: GAD=1 vflib=1 dir=0 label=0 lowerbound=1 fileNameGp=../graphsdb/mcs70/rand/r01/mcs70_r01_s30.A56 fileNameGt=../graphsdb/mcs70/rand/r01/mcs70_r01_s30.B56
Reading graphs...
30 :  84
30 :  82
Initializing...
maxdom : 30
D->valSize : 900
Solving...
Blb : 5 (clique : 14)
currentSize : 14 <-- 0.018436 s
currentSize : 15 <-- 0.018724 s
currentSize : 16 <-- 0.019706 s
currentSize : 17 <-- 0.019872 s
currentSize : 18 <-- 0.248590 s
currentSize : 19 <-- 4.953669 s
currentSize : 21 <-- 4.953761 s

maxsize : 21
nodes : 2800319.000000
filtered : 103781732.000000
time : 35.002438
