Parameters: GAD=1 vflib=1 dir=0 label=0 lowerbound=1 fileNameGp=../graphsdb/mcs70/m4D/m4Dr6/mcs70_m4Dr6_s25.A59 fileNameGt=../graphsdb/mcs70/m4D/m4Dr6/mcs70_m4Dr6_s25.B59
Reading graphs...
25 :  60
25 :  60
Initializing...
maxdom : 25
D->valSize : 625
Solving...
Blb : 2 (clique : 12)
currentSize : 12 <-- 0.005392 s
currentSize : 13 <-- 0.005527 s
currentSize : 14 <-- 0.005638 s
currentSize : 15 <-- 0.009721 s
currentSize : 16 <-- 0.020525 s
currentSize : 17 <-- 0.621295 s

maxsize : 17
nodes : 535793.000000
filtered : 17970318.000000
time : 8.082612
