Parameters: GAD=1 vflib=1 dir=0 label=0 lowerbound=1 fileNameGp=../graphsdb/mcs70/bvg/b03m/mcs70_b03m_s35.A64 fileNameGt=../graphsdb/mcs70/bvg/b03m/mcs70_b03m_s35.B64
Reading graphs...
35 :  52
35 :  52
Initializing...
maxdom : 35
D->valSize : 1225
Solving...
Blb : 2 (clique : 21)
currentSize : 21 <-- 0.037401 s
currentSize : 23 <-- 0.037697 s
currentSize : 24 <-- 0.039257 s
currentSize : 25 <-- 0.051758 s
currentSize : 26 <-- 7.307384 s
currentSize : 27 <-- 8.134543 s

maxsize : 27
nodes : 19736771.000000
filtered : 1511299112.000000
time : 1640.831665
