Parameters: GAD=1 vflib=1 dir=0 label=0 lowerbound=1 fileNameGp=../graphsdb/mcs70/m4D/m4D/mcs70_m4D_s25.A53 fileNameGt=../graphsdb/mcs70/m4D/m4D/mcs70_m4D_s25.B53
Reading graphs...
25 :  47
25 :  47
Initializing...
maxdom : 25
D->valSize : 625
Solving...
Blb : 2 (clique : 13)
currentSize : 13 <-- 0.005314 s
currentSize : 14 <-- 0.005406 s
currentSize : 15 <-- 0.005469 s
currentSize : 16 <-- 0.036175 s
currentSize : 17 <-- 0.054200 s
currentSize : 18 <-- 0.068831 s
currentSize : 19 <-- 0.427776 s

maxsize : 19
nodes : 140970.000000
filtered : 6175735.000000
time : 2.818272
