Parameters: GAD=1 vflib=1 dir=0 label=0 lowerbound=1 fileNameGp=../graphsdb/mcs70/bvg/b03m/mcs70_b03m_s35.A54 fileNameGt=../graphsdb/mcs70/bvg/b03m/mcs70_b03m_s35.B54
Reading graphs...
35 :  52
35 :  52
Initializing...
maxdom : 35
D->valSize : 1225
Solving...
Blb : 2 (clique : 24)
currentSize : 24 <-- 0.038040 s
currentSize : 25 <-- 0.102815 s
currentSize : 26 <-- 10.387486 s
currentSize : 27 <-- 35.231731 s
currentSize : 28 <-- 36.602993 s
currentSize : 29 <-- 74.525894 s

maxsize : 29
nodes : 1934704.000000
filtered : 150962107.000000
time : 205.070145
