Parameters: GAD=1 vflib=1 dir=0 label=0 lowerbound=1 fileNameGp=../graphsdb/mcs70/m2D/m2Dr6/m2Dr6/mcs70_m2Dr6_s35.A76 fileNameGt=../graphsdb/mcs70/m2D/m2Dr6/m2Dr6/mcs70_m2Dr6_s35.B76
Reading graphs...
35 :  78
35 :  75
Initializing...
maxdom : 35
D->valSize : 1225
Solving...
Blb : 2 (clique : 18)
currentSize : 18 <-- 0.020665 s
currentSize : 19 <-- 0.020840 s
currentSize : 20 <-- 0.020858 s
currentSize : 21 <-- 0.027493 s
currentSize : 22 <-- 0.055153 s
currentSize : 23 <-- 5.474265 s
currentSize : 24 <-- 1148.285400 s
currentSize : 25 <-- 2245.819580 s
currentSize : 26 <-- 2245.819824 s

maxsize : 26
nodes : 83767545.000000
filtered : 4909404330.000000
time : 2673.296143
