Parameters: GAD=1 vflib=1 dir=0 label=0 lowerbound=1 fileNameGp=../graphsdb/mcs70/bvg/b06m/mcs70_b06m_s30.A66 fileNameGt=../graphsdb/mcs70/bvg/b06m/mcs70_b06m_s30.B66
Reading graphs...
30 :  87
30 :  86
Initializing...
maxdom : 30
D->valSize : 900
Solving...
Blb : 2 (clique : 14)
currentSize : 14 <-- 0.010405 s
currentSize : 15 <-- 0.012333 s
currentSize : 16 <-- 0.016492 s
currentSize : 17 <-- 1.532529 s
currentSize : 18 <-- 9.635089 s
currentSize : 19 <-- 167.289795 s
currentSize : 21 <-- 181.375595 s

maxsize : 21
nodes : 13994336.000000
filtered : 507482604.000000
time : 188.351654
