Parameters: GAD=1 vflib=1 dir=0 label=0 lowerbound=1 fileNameGp=../graphsdb/mcs70/bvg/b09/mcs70_b09_s35.A89 fileNameGt=../graphsdb/mcs70/bvg/b09/mcs70_b09_s35.B89
Reading graphs...
35 :  156
35 :  157
Initializing...
maxdom : 35
D->valSize : 1225
Solving...
Blb : 2 (clique : 14)
currentSize : 14 <-- 0.018228 s
currentSize : 15 <-- 0.018381 s
currentSize : 16 <-- 0.035864 s
currentSize : 17 <-- 0.068691 s
currentSize : 18 <-- 0.069403 s
currentSize : 20 <-- 0.071740 s
currentSize : 21 <-- 0.892611 s
currentSize : 24 <-- 0.938960 s
currentSize : 25 <-- 6.136086 s

maxsize : 25
nodes : 2655743.000000
filtered : 119661872.000000
time : 27.850744
