Parameters: GAD=1 vflib=1 dir=0 label=0 lowerbound=1 fileNameGp=../graphsdb/mcs70/bvg/b06m/mcs70_b06m_s30.A07 fileNameGt=../graphsdb/mcs70/bvg/b06m/mcs70_b06m_s30.B07
Reading graphs...
30 :  90
30 :  89
Initializing...
maxdom : 30
D->valSize : 900
Solving...
Blb : 2 (clique : 14)
currentSize : 14 <-- 0.010330 s
currentSize : 15 <-- 0.010524 s
currentSize : 16 <-- 0.012225 s
currentSize : 17 <-- 0.013748 s
currentSize : 18 <-- 40.574516 s
currentSize : 19 <-- 42.168636 s
currentSize : 20 <-- 42.447819 s
currentSize : 21 <-- 48.812065 s

maxsize : 21
nodes : 5795661.000000
filtered : 178415957.000000
time : 63.881306
