Parameters: GAD=1 vflib=1 dir=0 label=0 lowerbound=1 fileNameGp=../graphsdb/mcs70/bvg/b06/mcs70_b06_s20.A78 fileNameGt=../graphsdb/mcs70/bvg/b06/mcs70_b06_s20.B78
Reading graphs...
20 :  60
20 :  60
Initializing...
maxdom : 20
D->valSize : 400
Solving...
Blb : 2 (clique : 9)
currentSize : 9 <-- 0.002096 s
currentSize : 10 <-- 0.002230 s
currentSize : 11 <-- 0.002363 s
currentSize : 12 <-- 0.006094 s
currentSize : 13 <-- 0.006302 s
currentSize : 15 <-- 0.009330 s

maxsize : 15
nodes : 15130.000000
filtered : 347995.000000
time : 0.102687
