Parameters: GAD=1 vflib=1 dir=0 label=0 lowerbound=1 fileNameGp=../graphsdb/mcs70/m2D/m2Dr4/mcs70_m2Dr4_s25.A94 fileNameGt=../graphsdb/mcs70/m2D/m2Dr4/mcs70_m2Dr4_s25.B94
Reading graphs...
25 :  49
25 :  48
Initializing...
maxdom : 25
D->valSize : 625
Solving...
Blb : 2 (clique : 13)
currentSize : 13 <-- 0.005230 s
currentSize : 14 <-- 0.005464 s
currentSize : 15 <-- 0.006608 s
currentSize : 16 <-- 0.019795 s
currentSize : 17 <-- 0.037443 s
currentSize : 18 <-- 15.368018 s

maxsize : 18
nodes : 1041050.000000
filtered : 33244292.000000
time : 17.613239
