Parameters: GAD=1 vflib=1 dir=0 label=0 lowerbound=1 fileNameGp=../graphsdb/mcs70/bvg/b09/mcs70_b09_s35.A05 fileNameGt=../graphsdb/mcs70/bvg/b09/mcs70_b09_s35.B05
Reading graphs...
35 :  154
35 :  155
Initializing...
maxdom : 35
D->valSize : 1225
Solving...
Blb : 2 (clique : 14)
currentSize : 14 <-- 0.032213 s
currentSize : 15 <-- 0.036650 s
currentSize : 16 <-- 0.037395 s
currentSize : 17 <-- 0.039207 s
currentSize : 18 <-- 1.941465 s
currentSize : 19 <-- 2.418001 s
currentSize : 20 <-- 2.418042 s
currentSize : 21 <-- 2.939556 s
currentSize : 22 <-- 2.939693 s
currentSize : 24 <-- 2.939752 s

maxsize : 24
nodes : 4464093.000000
filtered : 206680640.000000
time : 49.156792
