Parameters: GAD=1 vflib=1 dir=0 label=0 lowerbound=1 fileNameGp=../graphsdb/mcs70/m4D/m4Dr4/mcs70_m4Dr4_s25.A20 fileNameGt=../graphsdb/mcs70/m4D/m4Dr4/mcs70_m4Dr4_s25.B20
Reading graphs...
25 :  56
25 :  54
Initializing...
maxdom : 25
D->valSize : 625
Solving...
Blb : 2 (clique : 13)
currentSize : 13 <-- 0.005137 s
currentSize : 14 <-- 0.005251 s
currentSize : 15 <-- 0.005458 s
currentSize : 16 <-- 0.007873 s
currentSize : 17 <-- 0.057542 s

maxsize : 17
nodes : 512954.000000
filtered : 19695325.000000
time : 9.889292
