Parameters: GAD=1 vflib=1 dir=0 label=0 lowerbound=1 fileNameGp=../graphsdb/mcs70/m3D/m3Dr6/mcs70_m3Dr6_s35.A46 fileNameGt=../graphsdb/mcs70/m3D/m3Dr6/mcs70_m3Dr6_s35.B46
Reading graphs...
35 :  90
35 :  89
Initializing...
maxdom : 35
D->valSize : 1225
Solving...
Blb : 2 (clique : 18)
currentSize : 18 <-- 0.020221 s
currentSize : 19 <-- 0.020529 s
currentSize : 20 <-- 0.020872 s
currentSize : 21 <-- 0.229518 s
currentSize : 22 <-- 334.408325 s
currentSize : 23 <-- 446.446289 s
currentSize : 24 <-- 1092.467163 s
currentSize : 25 <-- 1415.939941 s
currentSize : 27 <-- 1531.443115 s

maxsize : 27
nodes : 79843961.000000
filtered : 3672261489.000000
time : 1569.898926
