Parameters: GAD=1 vflib=1 dir=0 label=0 lowerbound=1 fileNameGp=../graphsdb/mcs70/rand/r02/mcs70_r02_s30.A93 fileNameGt=../graphsdb/mcs70/rand/r02/mcs70_r02_s30.B93
Reading graphs...
30 :  156
30 :  154
Initializing...
maxdom : 30
D->valSize : 900
Solving...
Blb : 2 (clique : 11)
currentSize : 11 <-- 0.009542 s
currentSize : 12 <-- 0.023866 s
currentSize : 13 <-- 0.196103 s
currentSize : 14 <-- 0.757866 s
currentSize : 15 <-- 25.110600 s
currentSize : 16 <-- 25.113804 s
currentSize : 21 <-- 25.113916 s

maxsize : 21
nodes : 6895317.000000
filtered : 99909098.000000
time : 29.613724
