Parameters: GAD=1 vflib=1 dir=0 label=0 lowerbound=1 fileNameGp=../graphsdb/mcs70/rand/r01/mcs70_r01_s30.A41 fileNameGt=../graphsdb/mcs70/rand/r01/mcs70_r01_s30.B41
Reading graphs...
30 :  83
30 :  83
Initializing...
maxdom : 30
D->valSize : 900
Solving...
Blb : 2 (clique : 14)
currentSize : 14 <-- 0.010415 s
currentSize : 15 <-- 0.010562 s
currentSize : 16 <-- 0.010743 s
currentSize : 17 <-- 0.011169 s
currentSize : 18 <-- 14.820858 s
currentSize : 19 <-- 39.317513 s
currentSize : 21 <-- 92.714699 s

maxsize : 21
nodes : 9733733.000000
filtered : 280498298.000000
time : 106.979294
