Parameters: GAD=1 vflib=1 dir=0 label=0 lowerbound=1 fileNameGp=../graphsdb/mcs70/m4D/m4Dr4/mcs70_m4Dr4_s25.A23 fileNameGt=../graphsdb/mcs70/m4D/m4Dr4/mcs70_m4Dr4_s25.B23
Reading graphs...
25 :  56
25 :  56
Initializing...
maxdom : 25
D->valSize : 625
Solving...
Blb : 2 (clique : 12)
currentSize : 12 <-- 0.009059 s
currentSize : 14 <-- 0.009189 s
currentSize : 15 <-- 0.009665 s
currentSize : 16 <-- 0.014798 s
currentSize : 17 <-- 1.728656 s
currentSize : 18 <-- 2.105482 s

maxsize : 18
nodes : 386718.000000
filtered : 15053922.000000
time : 5.260656
