Parameters: GAD=1 vflib=1 dir=0 label=0 lowerbound=1 fileNameGp=../graphsdb/mcs70/rand/r01/mcs70_r01_s35.A61 fileNameGt=../graphsdb/mcs70/rand/r01/mcs70_r01_s35.B61
Reading graphs...
35 :  110
35 :  112
Initializing...
maxdom : 35
D->valSize : 1225
Solving...
Blb : 2 (clique : 16)
currentSize : 16 <-- 0.033927 s
currentSize : 17 <-- 0.034175 s
currentSize : 18 <-- 0.108313 s
currentSize : 19 <-- 0.217780 s
currentSize : 20 <-- 90.648750 s
currentSize : 21 <-- 326.778809 s
currentSize : 24 <-- 331.915161 s

maxsize : 24
nodes : 53024048.000000
filtered : 1960978353.000000
time : 583.980530
