Parameters: GAD=1 vflib=1 dir=0 label=0 lowerbound=1 fileNameGp=../graphsdb/mcs70/bvg/b06/mcs70_b06_s25.A47 fileNameGt=../graphsdb/mcs70/bvg/b06/mcs70_b06_s25.B47
Reading graphs...
25 :  74
25 :  74
Initializing...
maxdom : 25
D->valSize : 625
Solving...
Blb : 2 (clique : 13)
currentSize : 13 <-- 0.008540 s
currentSize : 14 <-- 0.011276 s
currentSize : 15 <-- 0.059096 s
currentSize : 16 <-- 0.059544 s
currentSize : 17 <-- 0.060402 s
currentSize : 18 <-- 0.060774 s

maxsize : 18
nodes : 128197.000000
filtered : 3950076.000000
time : 1.266234
