Parameters: GAD=1 vflib=1 dir=0 label=0 lowerbound=1 fileNameGp=../graphsdb/mcs70/bvg/b09m/mcs70_b09m_s25.A36 fileNameGt=../graphsdb/mcs70/bvg/b09m/mcs70_b09m_s25.B36
Reading graphs...
25 :  105
25 :  105
Initializing...
maxdom : 25
D->valSize : 625
Solving...
Blb : 2 (clique : 10)
currentSize : 10 <-- 0.008021 s
currentSize : 11 <-- 0.008142 s
currentSize : 12 <-- 0.009125 s
currentSize : 13 <-- 0.015362 s
currentSize : 14 <-- 1.004770 s
currentSize : 16 <-- 1.953443 s

maxsize : 16
nodes : 752701.000000
filtered : 14517169.000000
time : 4.036027
