Parameters: GAD=1 vflib=1 dir=0 label=0 lowerbound=1 fileNameGp=../graphsdb/mcs70/bvg/b09/mcs70_b09_s35.A57 fileNameGt=../graphsdb/mcs70/bvg/b09/mcs70_b09_s35.B57
Reading graphs...
35 :  153
35 :  157
Initializing...
maxdom : 35
D->valSize : 1225
Solving...
Blb : 5 (clique : 13)
currentSize : 13 <-- 0.032036 s
currentSize : 14 <-- 0.033877 s
currentSize : 15 <-- 0.045184 s
currentSize : 16 <-- 0.049937 s
currentSize : 17 <-- 0.095230 s
currentSize : 18 <-- 0.121167 s
currentSize : 19 <-- 0.134477 s
currentSize : 22 <-- 0.475777 s
currentSize : 23 <-- 0.475902 s
currentSize : 24 <-- 0.476006 s

maxsize : 24
nodes : 3515575.000000
filtered : 153630108.000000
time : 36.008224
