Parameters: GAD=1 vflib=1 dir=0 label=0 lowerbound=1 fileNameGp=../graphsdb/mcs70/rand/r01/mcs70_r01_s35.A16 fileNameGt=../graphsdb/mcs70/rand/r01/mcs70_r01_s35.B16
Reading graphs...
35 :  112
35 :  110
Initializing...
maxdom : 35
D->valSize : 1225
Solving...
Blb : 2 (clique : 14)
currentSize : 14 <-- 0.034352 s
currentSize : 15 <-- 0.034598 s
currentSize : 16 <-- 0.034658 s
currentSize : 17 <-- 0.052997 s
currentSize : 18 <-- 0.224858 s
currentSize : 19 <-- 4.042407 s
currentSize : 20 <-- 44.382828 s
currentSize : 21 <-- 948.147461 s
currentSize : 22 <-- 948.202026 s
currentSize : 24 <-- 948.350403 s

maxsize : 24
nodes : 88427810.000000
filtered : 3137595606.000000
time : 1108.455811
