Parameters: GAD=1 vflib=1 dir=0 label=0 lowerbound=1 fileNameGp=../graphsdb/mcs70/m4D/m4Dr4/mcs70_m4Dr4_s25.A73 fileNameGt=../graphsdb/mcs70/m4D/m4Dr4/mcs70_m4Dr4_s25.B73
Reading graphs...
25 :  55
25 :  56
Initializing...
maxdom : 25
D->valSize : 625
Solving...
Blb : 2 (clique : 14)
currentSize : 14 <-- 0.005164 s
currentSize : 15 <-- 0.006418 s
currentSize : 16 <-- 0.010400 s
currentSize : 17 <-- 0.035091 s
currentSize : 18 <-- 0.644336 s

maxsize : 18
nodes : 170437.000000
filtered : 6400086.000000
time : 2.945911
