Parameters: GAD=1 vflib=1 dir=0 label=0 lowerbound=1 fileNameGp=../graphsdb/mcs70/bvg/b06m/mcs70_b06m_s35.A29 fileNameGt=../graphsdb/mcs70/bvg/b06m/mcs70_b06m_s35.B29
Reading graphs...
35 :  102
35 :  103
Initializing...
maxdom : 35
D->valSize : 1225
Solving...
Blb : 2 (clique : 14)
currentSize : 14 <-- 0.025362 s
currentSize : 15 <-- 0.025510 s
currentSize : 16 <-- 0.025631 s
currentSize : 17 <-- 0.028170 s
currentSize : 18 <-- 0.046386 s
currentSize : 19 <-- 0.141087 s
currentSize : 20 <-- 2.230177 s
currentSize : 21 <-- 4.491142 s
currentSize : 22 <-- 24.831797 s
currentSize : 24 <-- 24.832125 s

maxsize : 24
nodes : 18765443.000000
filtered : 1230147232.000000
time : 497.977356
