Parameters: GAD=1 vflib=1 dir=0 label=0 lowerbound=1 fileNameGp=../graphsdb/mcs70/rand/r01/mcs70_r01_s25.A64 fileNameGt=../graphsdb/mcs70/rand/r01/mcs70_r01_s25.B64
Reading graphs...
25 :  56
25 :  55
Initializing...
maxdom : 25
D->valSize : 625
Solving...
Blb : 2 (clique : 13)
currentSize : 13 <-- 0.005231 s
currentSize : 14 <-- 0.005425 s
currentSize : 15 <-- 0.005817 s
currentSize : 16 <-- 0.012168 s
currentSize : 17 <-- 0.207591 s

maxsize : 17
nodes : 656221.000000
filtered : 24038583.000000
time : 8.713464
