Parameters: GAD=1 vflib=1 dir=0 label=0 lowerbound=1 fileNameGp=../graphsdb/mcs70/rand/r02/mcs70_r02_s30.A63 fileNameGt=../graphsdb/mcs70/rand/r02/mcs70_r02_s30.B63
Reading graphs...
30 :  157
30 :  159
Initializing...
maxdom : 30
D->valSize : 900
Solving...
Blb : 2 (clique : 9)
currentSize : 9 <-- 0.016610 s
currentSize : 10 <-- 0.016758 s
currentSize : 11 <-- 0.017078 s
currentSize : 12 <-- 0.017658 s
currentSize : 13 <-- 0.019380 s
currentSize : 14 <-- 1.465161 s
currentSize : 15 <-- 3.199510 s
currentSize : 16 <-- 19.240360 s
currentSize : 21 <-- 29.174280 s

maxsize : 21
nodes : 6936675.000000
filtered : 116105474.000000
time : 31.520573
