Parameters: GAD=1 vflib=1 dir=0 label=0 lowerbound=1 fileNameGp=../graphsdb/mcs70/bvg/b03m/mcs70_b03m_s30.A21 fileNameGt=../graphsdb/mcs70/bvg/b03m/mcs70_b03m_s30.B21
Reading graphs...
30 :  43
30 :  45
Initializing...
maxdom : 30
D->valSize : 900
Solving...
Blb : 2 (clique : 18)
currentSize : 18 <-- 0.011394 s
currentSize : 19 <-- 0.012408 s
currentSize : 20 <-- 0.034488 s
currentSize : 21 <-- 0.046675 s
currentSize : 22 <-- 0.310607 s
currentSize : 23 <-- 0.766629 s

maxsize : 23
nodes : 2516791.000000
filtered : 158256666.000000
time : 153.811798
