Parameters: GAD=1 vflib=1 dir=0 label=0 lowerbound=1 fileNameGp=../graphsdb/mcs70/rand/r01/mcs70_r01_s35.A79 fileNameGt=../graphsdb/mcs70/rand/r01/mcs70_r01_s35.B79
Reading graphs...
35 :  115
35 :  111
Initializing...
maxdom : 35
D->valSize : 1225
Solving...
Blb : 2 (clique : 15)
currentSize : 15 <-- 0.034026 s
currentSize : 17 <-- 0.034466 s
currentSize : 18 <-- 0.039746 s
currentSize : 19 <-- 0.484611 s
currentSize : 20 <-- 3.894293 s
currentSize : 21 <-- 747.299072 s
currentSize : 22 <-- 748.863831 s
currentSize : 23 <-- 749.172302 s
currentSize : 24 <-- 749.176514 s

maxsize : 24
nodes : 56445624.000000
filtered : 2012982751.000000
time : 842.798401
