Parameters: GAD=1 vflib=1 dir=0 label=0 lowerbound=1 fileNameGp=../graphsdb/mcs70/rand/r02/mcs70_r02_s25.A55 fileNameGt=../graphsdb/mcs70/rand/r02/mcs70_r02_s25.B55
Reading graphs...
25 :  106
25 :  105
Initializing...
maxdom : 25
D->valSize : 625
Solving...
Blb : 5 (clique : 11)
currentSize : 11 <-- 0.007956 s
currentSize : 12 <-- 0.009358 s
currentSize : 13 <-- 0.819335 s
currentSize : 14 <-- 5.824406 s
currentSize : 17 <-- 7.698774 s

maxsize : 17
nodes : 1978251.000000
filtered : 31215014.000000
time : 8.687860
