Parameters: GAD=1 vflib=1 dir=0 label=0 lowerbound=1 fileNameGp=../graphsdb/mcs70/bvg/b03m/mcs70_b03m_s35.A30 fileNameGt=../graphsdb/mcs70/bvg/b03m/mcs70_b03m_s35.B30
Reading graphs...
35 :  49
35 :  50
Initializing...
maxdom : 35
D->valSize : 1225
Solving...
Blb : 2 (clique : 24)
currentSize : 24 <-- 0.037228 s
currentSize : 25 <-- 0.042415 s
currentSize : 26 <-- 7.092451 s
currentSize : 27 <-- 41.434349 s
currentSize : 28 <-- 525.753174 s

maxsize : 28
nodes : 22059599.000000
filtered : 1975741378.000000
time : 2463.506836
