Parameters: GAD=1 vflib=1 dir=0 label=0 lowerbound=1 fileNameGp=../graphsdb/mcs70/bvg/b09/mcs70_b09_s30.A26 fileNameGt=../graphsdb/mcs70/bvg/b09/mcs70_b09_s30.B26
Reading graphs...
30 :  134
30 :  132
Initializing...
maxdom : 30
D->valSize : 900
Solving...
Blb : 3 (clique : 13)
currentSize : 13 <-- 0.009616 s
currentSize : 14 <-- 0.018957 s
currentSize : 15 <-- 0.265589 s
currentSize : 16 <-- 1.647858 s
currentSize : 21 <-- 1.975070 s

maxsize : 21
nodes : 892463.000000
filtered : 25185364.000000
time : 6.032205
