Parameters: GAD=1 vflib=1 dir=0 label=0 lowerbound=1 fileNameGp=../graphsdb/mcs70/m2D/m2D/mcs70_m2D_s35.A57 fileNameGt=../graphsdb/mcs70/m2D/m2D/mcs70_m2D_s35.B57
Reading graphs...
35 :  58
35 :  58
Initializing...
maxdom : 35
D->valSize : 1225
Solving...
Blb : 2 (clique : 21)
currentSize : 21 <-- 0.021176 s
currentSize : 22 <-- 0.021815 s
currentSize : 23 <-- 0.136656 s
currentSize : 24 <-- 184.935028 s
currentSize : 25 <-- 203.129639 s
currentSize : 26 <-- 288.060883 s
currentSize : 27 <-- 2725.316162 s

TIMEOUT
maxsize : 27
nodes : 44404647.000000
filtered : 3528267184.000000
time : 3600.000488
