Parameters: GAD=1 vflib=1 dir=0 label=0 lowerbound=1 fileNameGp=../graphsdb/mcs70/m2D/m2Dr6/m2Dr6/mcs70_m2Dr6_s25.A02 fileNameGt=../graphsdb/mcs70/m2D/m2Dr6/m2Dr6/mcs70_m2Dr6_s25.B02
Reading graphs...
25 :  52
25 :  51
Initializing...
maxdom : 25
D->valSize : 625
Solving...
Blb : 3 (clique : 13)
currentSize : 13 <-- 0.009182 s
currentSize : 14 <-- 0.009715 s
currentSize : 15 <-- 0.039049 s
currentSize : 16 <-- 0.043714 s
currentSize : 17 <-- 3.125690 s

maxsize : 17
nodes : 1771669.000000
filtered : 54947339.000000
time : 25.969500
