Parameters: GAD=1 vflib=1 dir=0 label=0 lowerbound=1 fileNameGp=../graphsdb/mcs70/bvg/b09/mcs70_b09_s35.A81 fileNameGt=../graphsdb/mcs70/bvg/b09/mcs70_b09_s35.B81
Reading graphs...
35 :  156
35 :  153
Initializing...
maxdom : 35
D->valSize : 1225
Solving...
Blb : 2 (clique : 14)
currentSize : 14 <-- 0.032359 s
currentSize : 15 <-- 0.032917 s
currentSize : 16 <-- 0.051330 s
currentSize : 17 <-- 0.158888 s
currentSize : 18 <-- 0.383245 s
currentSize : 19 <-- 0.665822 s
currentSize : 20 <-- 0.671094 s
currentSize : 21 <-- 0.671192 s
currentSize : 22 <-- 4.619713 s
currentSize : 23 <-- 5.725021 s
currentSize : 24 <-- 6.497999 s
currentSize : 25 <-- 6.498136 s

maxsize : 25
nodes : 2935479.000000
filtered : 147663689.000000
time : 33.762180
