Parameters: GAD=1 vflib=1 dir=0 label=0 lowerbound=1 fileNameGp=../graphsdb/mcs70/bvg/b09m/mcs70_b09m_s35.A60 fileNameGt=../graphsdb/mcs70/bvg/b09m/mcs70_b09m_s35.B60
Reading graphs...
35 :  150
35 :  151
Initializing...
maxdom : 35
D->valSize : 1225
Solving...
Blb : 2 (clique : 13)
currentSize : 13 <-- 0.018580 s
currentSize : 14 <-- 0.018912 s
currentSize : 15 <-- 0.023138 s
currentSize : 16 <-- 0.025170 s
currentSize : 17 <-- 3.415729 s
currentSize : 18 <-- 30.594154 s
currentSize : 19 <-- 68.944664 s
currentSize : 20 <-- 107.996368 s
currentSize : 21 <-- 148.661789 s
currentSize : 22 <-- 390.295593 s
currentSize : 24 <-- 390.295654 s

maxsize : 24
nodes : 44352107.000000
filtered : 1555179502.000000
time : 407.547485
