Parameters: GAD=1 vflib=1 dir=0 label=0 lowerbound=1 fileNameGp=../graphsdb/mcs70/m2D/m2Dr6/m2Dr6/mcs70_m2Dr6_s35.A44 fileNameGt=../graphsdb/mcs70/m2D/m2Dr6/m2Dr6/mcs70_m2Dr6_s35.B44
Reading graphs...
35 :  77
35 :  75
Initializing...
maxdom : 35
D->valSize : 1225
Solving...
Blb : 2 (clique : 18)
currentSize : 18 <-- 0.029473 s
currentSize : 19 <-- 0.029838 s
currentSize : 20 <-- 0.036610 s
currentSize : 21 <-- 0.506742 s
currentSize : 22 <-- 0.558215 s
currentSize : 23 <-- 64.975632 s
currentSize : 24 <-- 338.660706 s
currentSize : 25 <-- 1448.500610 s

maxsize : 25
nodes : 89624725.000000
filtered : 5282284859.000000
time : 3157.034180
