Parameters: GAD=1 vflib=1 dir=0 label=0 lowerbound=1 fileNameGp=../graphsdb/mcs70/rand/r01/mcs70_r01_s35.A37 fileNameGt=../graphsdb/mcs70/rand/r01/mcs70_r01_s35.B37
Reading graphs...
35 :  114
35 :  115
Initializing...
maxdom : 35
D->valSize : 1225
Solving...
Blb : 2 (clique : 14)
currentSize : 14 <-- 0.023999 s
currentSize : 15 <-- 0.024262 s
currentSize : 16 <-- 0.024303 s
currentSize : 17 <-- 0.070148 s
currentSize : 18 <-- 0.144691 s
currentSize : 19 <-- 1.506239 s
currentSize : 20 <-- 286.066528 s
currentSize : 21 <-- 286.066589 s
currentSize : 22 <-- 1277.967529 s
currentSize : 24 <-- 1277.967773 s

maxsize : 24
nodes : 127519671.000000
filtered : 4072744432.000000
time : 1354.799316
