Parameters: GAD=1 vflib=1 dir=0 label=0 lowerbound=1 fileNameGp=../graphsdb/mcs70/rand/r01/mcs70_r01_s30.A69 fileNameGt=../graphsdb/mcs70/rand/r01/mcs70_r01_s30.B69
Reading graphs...
30 :  79
30 :  81
Initializing...
maxdom : 30
D->valSize : 900
Solving...
Blb : 2 (clique : 13)
currentSize : 13 <-- 0.010714 s
currentSize : 14 <-- 0.010841 s
currentSize : 15 <-- 0.010876 s
currentSize : 16 <-- 0.016531 s
currentSize : 17 <-- 0.595276 s
currentSize : 18 <-- 4.259038 s
currentSize : 19 <-- 8.833137 s
currentSize : 20 <-- 8.883987 s
currentSize : 21 <-- 8.964710 s

maxsize : 21
nodes : 2319026.000000
filtered : 76249154.000000
time : 29.684317
