Parameters: GAD=1 vflib=1 dir=0 label=0 lowerbound=1 fileNameGp=../graphsdb/mcs70/bvg/b09/mcs70_b09_s30.A62 fileNameGt=../graphsdb/mcs70/bvg/b09/mcs70_b09_s30.B62
Reading graphs...
30 :  135
30 :  133
Initializing...
maxdom : 30
D->valSize : 900
Solving...
Blb : 2 (clique : 11)
currentSize : 11 <-- 0.009578 s
currentSize : 12 <-- 0.009694 s
currentSize : 13 <-- 0.010955 s
currentSize : 14 <-- 0.011103 s
currentSize : 15 <-- 0.284482 s
currentSize : 16 <-- 1.081350 s
currentSize : 17 <-- 1.113222 s
currentSize : 20 <-- 1.219995 s
currentSize : 21 <-- 1.476711 s

maxsize : 21
nodes : 685242.000000
filtered : 22796417.000000
time : 5.402985
