Parameters: GAD=1 vflib=1 dir=0 label=0 lowerbound=1 fileNameGp=../graphsdb/mcs70/m2D/m2Dr2/mcs70_m2Dr2_s35.A90 fileNameGt=../graphsdb/mcs70/m2D/m2Dr2/mcs70_m2Dr2_s35.B90
Reading graphs...
35 :  65
35 :  65
Initializing...
maxdom : 35
D->valSize : 1225
Solving...
Blb : 2 (clique : 20)
currentSize : 20 <-- 0.021280 s
currentSize : 21 <-- 0.021512 s
currentSize : 22 <-- 0.027461 s
currentSize : 23 <-- 0.159581 s
currentSize : 24 <-- 9.840722 s
currentSize : 25 <-- 267.886536 s
currentSize : 26 <-- 984.973328 s

maxsize : 26
nodes : 55331293.000000
filtered : 3154181222.000000
time : 2740.142334
