Parameters: GAD=1 vflib=1 dir=0 label=0 lowerbound=1 fileNameGp=../graphsdb/mcs70/m2D/m2Dr4/mcs70_m2Dr4_s35.A03 fileNameGt=../graphsdb/mcs70/m2D/m2Dr4/mcs70_m2Dr4_s35.B03
Reading graphs...
35 :  71
35 :  69
Initializing...
maxdom : 35
D->valSize : 1225
Solving...
Blb : 2 (clique : 20)
currentSize : 20 <-- 0.036758 s
currentSize : 21 <-- 0.037060 s
currentSize : 22 <-- 0.040622 s
currentSize : 23 <-- 0.040661 s
currentSize : 24 <-- 258.964478 s
currentSize : 25 <-- 1950.135498 s

TIMEOUT
maxsize : 25
nodes : 92589600.000000
filtered : 4918112477.000000
time : 3600.000244
