Parameters: GAD=1 vflib=1 dir=0 label=0 lowerbound=1 fileNameGp=../graphsdb/mcs70/rand/r005/mcs70_r005_s20.A18 fileNameGt=../graphsdb/mcs70/rand/r005/mcs70_r005_s20.B18
Reading graphs...
20 :  23
20 :  22
Initializing...
maxdom : 20
D->valSize : 400
Solving...
Blb : 5 (clique : 13)
currentSize : 13 <-- 0.002462 s
currentSize : 14 <-- 0.002787 s
currentSize : 15 <-- 0.008455 s
currentSize : 16 <-- 0.026302 s
currentSize : 17 <-- 0.079646 s

maxsize : 17
nodes : 5788.000000
filtered : 240547.000000
time : 0.135374
