Parameters: GAD=1 vflib=1 dir=0 label=0 lowerbound=1 fileNameGp=../graphsdb/mcs70/bvg/b09m/mcs70_b09m_s25.A24 fileNameGt=../graphsdb/mcs70/bvg/b09m/mcs70_b09m_s25.B24
Reading graphs...
25 :  106
25 :  104
Initializing...
maxdom : 25
D->valSize : 625
Solving...
Blb : 2 (clique : 13)
currentSize : 13 <-- 0.004639 s
currentSize : 14 <-- 0.023015 s
currentSize : 15 <-- 0.023313 s
currentSize : 16 <-- 0.023339 s
currentSize : 17 <-- 0.024138 s

maxsize : 17
nodes : 154821.000000
filtered : 4970375.000000
time : 1.191456
