Parameters: GAD=1 vflib=1 dir=0 label=0 lowerbound=1 fileNameGp=../graphsdb/mcs70/rand/r005/mcs70_r005_s35.A44 fileNameGt=../graphsdb/mcs70/rand/r005/mcs70_r005_s35.B44
Reading graphs...
35 :  57
35 :  56
Initializing...
maxdom : 35
D->valSize : 1225
Solving...
Blb : 2 (clique : 20)
currentSize : 20 <-- 0.020965 s
currentSize : 21 <-- 0.021138 s
currentSize : 22 <-- 0.021167 s
currentSize : 23 <-- 0.070323 s
currentSize : 24 <-- 0.087115 s
currentSize : 25 <-- 0.112154 s
currentSize : 26 <-- 15.083990 s

TIMEOUT
maxsize : 26
nodes : 25238350.000000
filtered : 1820126330.000000
time : 3600.000000
