Parameters: GAD=1 vflib=1 dir=0 label=0 lowerbound=1 fileNameGp=../graphsdb/mcs70/rand/r005/mcs70_r005_s30.A24 fileNameGt=../graphsdb/mcs70/rand/r005/mcs70_r005_s30.B24
Reading graphs...
30 :  42
30 :  42
Initializing...
maxdom : 30
D->valSize : 900
Solving...
Blb : 2 (clique : 19)
currentSize : 19 <-- 0.020300 s
currentSize : 20 <-- 0.020699 s
currentSize : 21 <-- 0.020907 s
currentSize : 22 <-- 0.486051 s
currentSize : 23 <-- 8.730117 s
currentSize : 24 <-- 22.271364 s

maxsize : 24
nodes : 935954.000000
filtered : 55327333.000000
time : 63.083588
