Parameters: GAD=1 vflib=1 dir=0 label=0 lowerbound=1 fileNameGp=../graphsdb/mcs70/bvg/b03/mcs70_b03_s35.A65 fileNameGt=../graphsdb/mcs70/bvg/b03/mcs70_b03_s35.B65
Reading graphs...
35 :  52
35 :  51
Initializing...
maxdom : 35
D->valSize : 1225
Solving...
Blb : 2 (clique : 22)
currentSize : 22 <-- 0.037744 s
currentSize : 23 <-- 0.038074 s
currentSize : 24 <-- 0.038464 s
currentSize : 25 <-- 1.197775 s
currentSize : 26 <-- 1.206600 s
currentSize : 27 <-- 33.128963 s
currentSize : 28 <-- 326.427002 s

maxsize : 28
nodes : 9042312.000000
filtered : 691796364.000000
time : 769.001709
