Parameters: GAD=1 vflib=1 dir=0 label=0 lowerbound=1 fileNameGp=../graphsdb/mcs70/m2D/m2Dr6/m2Dr6/mcs70_m2Dr6_s25.A00 fileNameGt=../graphsdb/mcs70/m2D/m2Dr6/m2Dr6/mcs70_m2Dr6_s25.B00
Reading graphs...
25 :  52
25 :  52
Initializing...
maxdom : 25
D->valSize : 625
Solving...
Blb : 2 (clique : 13)
currentSize : 13 <-- 0.005352 s
currentSize : 14 <-- 0.005865 s
currentSize : 15 <-- 0.015400 s
currentSize : 16 <-- 0.061015 s
currentSize : 17 <-- 0.727560 s

maxsize : 17
nodes : 1339216.000000
filtered : 34686649.000000
time : 15.384109
