Parameters: GAD=1 vflib=1 dir=0 label=0 lowerbound=1 fileNameGp=../graphsdb/mcs70/m3D/m3Dr6/mcs70_m3Dr6_s35.A01 fileNameGt=../graphsdb/mcs70/m3D/m3Dr6/mcs70_m3Dr6_s35.B01
Reading graphs...
35 :  90
35 :  90
Initializing...
maxdom : 35
D->valSize : 1225
Solving...
Blb : 2 (clique : 17)
currentSize : 17 <-- 0.035435 s
currentSize : 18 <-- 0.035740 s
currentSize : 19 <-- 0.044318 s
currentSize : 20 <-- 0.275044 s
currentSize : 21 <-- 2.598614 s
currentSize : 22 <-- 77.803375 s
currentSize : 23 <-- 77.811539 s
currentSize : 24 <-- 78.624184 s
currentSize : 26 <-- 78.624611 s
currentSize : 27 <-- 170.841660 s

maxsize : 27
nodes : 11432242.000000
filtered : 476360133.000000
time : 183.764786
