Parameters: GAD=1 vflib=1 dir=0 label=0 lowerbound=1 fileNameGp=../graphsdb/mcs70/bvg/b06m/mcs70_b06m_s30.A25 fileNameGt=../graphsdb/mcs70/bvg/b06m/mcs70_b06m_s30.B25
Reading graphs...
30 :  85
30 :  86
Initializing...
maxdom : 30
D->valSize : 900
Solving...
Blb : 2 (clique : 13)
currentSize : 13 <-- 0.010457 s
currentSize : 14 <-- 0.010574 s
currentSize : 15 <-- 0.011493 s
currentSize : 16 <-- 0.027477 s
currentSize : 17 <-- 0.069925 s
currentSize : 18 <-- 1.815819 s
currentSize : 19 <-- 10.943971 s
currentSize : 20 <-- 36.698513 s
currentSize : 21 <-- 36.698566 s

maxsize : 21
nodes : 3499125.000000
filtered : 130662881.000000
time : 46.226715
