Parameters: GAD=1 vflib=1 dir=0 label=0 lowerbound=1 fileNameGp=../graphsdb/mcs70/bvg/b03/mcs70_b03_s30.A12 fileNameGt=../graphsdb/mcs70/bvg/b03/mcs70_b03_s30.B12
Reading graphs...
30 :  45
30 :  45
Initializing...
maxdom : 30
D->valSize : 900
Solving...
Blb : 2 (clique : 17)
currentSize : 17 <-- 0.011702 s
currentSize : 20 <-- 0.011833 s
currentSize : 21 <-- 0.012050 s
currentSize : 22 <-- 0.012155 s
currentSize : 23 <-- 17.718174 s
currentSize : 24 <-- 19.803728 s

maxsize : 24
nodes : 860278.000000
filtered : 50117729.000000
time : 49.237312
