Parameters: GAD=1 vflib=1 dir=0 label=0 lowerbound=1 fileNameGp=../graphsdb/mcs70/rand/r02/mcs70_r02_s30.A18 fileNameGt=../graphsdb/mcs70/rand/r02/mcs70_r02_s30.B18
Reading graphs...
30 :  162
30 :  159
Initializing...
maxdom : 30
D->valSize : 900
Solving...
Blb : 2 (clique : 12)
currentSize : 12 <-- 0.014092 s
currentSize : 13 <-- 0.022608 s
currentSize : 14 <-- 4.472413 s
currentSize : 15 <-- 10.581723 s
currentSize : 16 <-- 36.553150 s
currentSize : 17 <-- 36.553257 s
currentSize : 21 <-- 36.553585 s

maxsize : 21
nodes : 9348658.000000
filtered : 141131753.000000
time : 40.637913
