Parameters: GAD=1 vflib=1 dir=0 label=0 lowerbound=1 fileNameGp=../graphsdb/mcs70/bvg/b03m/mcs70_b03m_s35.A14 fileNameGt=../graphsdb/mcs70/bvg/b03m/mcs70_b03m_s35.B14
Reading graphs...
35 :  52
35 :  52
Initializing...
maxdom : 35
D->valSize : 1225
Solving...
Blb : 2 (clique : 23)
currentSize : 23 <-- 0.021644 s
currentSize : 24 <-- 0.022978 s
currentSize : 25 <-- 0.025908 s
currentSize : 26 <-- 0.399710 s
currentSize : 27 <-- 261.594574 s
currentSize : 28 <-- 2836.859375 s

TIMEOUT
maxsize : 28
nodes : 58433269.000000
filtered : 4339591230.000000
time : 3600.000244
