Parameters: GAD=1 vflib=1 dir=0 label=0 lowerbound=1 fileNameGp=../graphsdb/mcs70/rand/r01/mcs70_r01_s35.A45 fileNameGt=../graphsdb/mcs70/rand/r01/mcs70_r01_s35.B45
Reading graphs...
35 :  113
35 :  112
Initializing...
maxdom : 35
D->valSize : 1225
Solving...
Blb : 5 (clique : 16)
currentSize : 16 <-- 0.019328 s
currentSize : 17 <-- 0.019718 s
currentSize : 18 <-- 0.020193 s
currentSize : 19 <-- 0.042637 s
currentSize : 20 <-- 10.511552 s
currentSize : 21 <-- 343.325226 s
currentSize : 22 <-- 1207.976318 s
currentSize : 23 <-- 1208.009155 s
currentSize : 24 <-- 1590.965210 s

maxsize : 24
nodes : 128094675.000000
filtered : 5485269619.000000
time : 1708.931641
