Parameters: GAD=1 vflib=1 dir=0 label=0 lowerbound=1 fileNameGp=../graphsdb/mcs70/rand/r02/mcs70_r02_s30.A83 fileNameGt=../graphsdb/mcs70/rand/r02/mcs70_r02_s30.B83
Reading graphs...
30 :  159
30 :  156
Initializing...
maxdom : 30
D->valSize : 900
Solving...
Blb : 5 (clique : 11)
currentSize : 11 <-- 0.009808 s
currentSize : 12 <-- 0.010455 s
currentSize : 13 <-- 0.037321 s
currentSize : 14 <-- 1.242583 s
currentSize : 15 <-- 32.631443 s
currentSize : 17 <-- 36.166672 s
currentSize : 21 <-- 49.871304 s

maxsize : 21
nodes : 12092258.000000
filtered : 178831717.000000
time : 52.573505
