Parameters: GAD=1 vflib=1 dir=0 label=0 lowerbound=1 fileNameGp=../graphsdb/mcs70/rand/r01/mcs70_r01_s30.A99 fileNameGt=../graphsdb/mcs70/rand/r01/mcs70_r01_s30.B99
Reading graphs...
30 :  82
30 :  78
Initializing...
maxdom : 30
D->valSize : 900
Solving...
Blb : 2 (clique : 16)
currentSize : 16 <-- 0.018528 s
currentSize : 17 <-- 0.023632 s
currentSize : 18 <-- 4.247729 s
currentSize : 19 <-- 4.247812 s
currentSize : 21 <-- 21.276140 s

maxsize : 21
nodes : 3956692.000000
filtered : 135382575.000000
time : 46.932400
