Parameters: GAD=1 vflib=1 dir=0 label=0 lowerbound=1 fileNameGp=../graphsdb/mcs70/bvg/b09m/mcs70_b09m_s30.A08 fileNameGt=../graphsdb/mcs70/bvg/b09m/mcs70_b09m_s30.B08
Reading graphs...
30 :  131
30 :  132
Initializing...
maxdom : 30
D->valSize : 900
Solving...
Blb : 2 (clique : 10)
currentSize : 10 <-- 0.017101 s
currentSize : 11 <-- 0.017371 s
currentSize : 12 <-- 0.017684 s
currentSize : 13 <-- 0.039338 s
currentSize : 14 <-- 0.187954 s
currentSize : 15 <-- 0.510332 s
currentSize : 16 <-- 0.927662 s
currentSize : 17 <-- 4.961446 s
currentSize : 20 <-- 5.014058 s

maxsize : 20
nodes : 1711882.000000
filtered : 46147766.000000
time : 11.294480
