Parameters: GAD=1 vflib=1 dir=0 label=0 lowerbound=1 fileNameGp=../graphsdb/mcs70/bvg/b06m/mcs70_b06m_s35.A92 fileNameGt=../graphsdb/mcs70/bvg/b06m/mcs70_b06m_s35.B92
Reading graphs...
35 :  101
35 :  100
Initializing...
maxdom : 35
D->valSize : 1225
Solving...
Blb : 2 (clique : 16)
currentSize : 16 <-- 0.019656 s
currentSize : 17 <-- 0.019827 s
currentSize : 18 <-- 0.020044 s
currentSize : 19 <-- 0.025980 s
currentSize : 20 <-- 0.062984 s
currentSize : 21 <-- 0.711714 s
currentSize : 22 <-- 108.759987 s
currentSize : 23 <-- 419.473816 s
currentSize : 24 <-- 837.062988 s
currentSize : 25 <-- 870.046265 s

maxsize : 25
nodes : 36032750.000000
filtered : 2092663309.000000
time : 937.071472
