Parameters: GAD=1 vflib=1 dir=0 label=0 lowerbound=1 fileNameGp=../graphsdb/mcs70/bvg/b09/mcs70_b09_s25.A35 fileNameGt=../graphsdb/mcs70/bvg/b09/mcs70_b09_s25.B35
Reading graphs...
25 :  110
25 :  112
Initializing...
maxdom : 25
D->valSize : 625
Solving...
Blb : 2 (clique : 10)
currentSize : 10 <-- 0.004811 s
currentSize : 11 <-- 0.005105 s
currentSize : 12 <-- 0.019523 s
currentSize : 13 <-- 0.412656 s
currentSize : 14 <-- 5.399164 s
currentSize : 15 <-- 5.499823 s
currentSize : 16 <-- 6.349061 s
currentSize : 17 <-- 6.349124 s

maxsize : 17
nodes : 1563509.000000
filtered : 23689029.000000
time : 7.037099
