Parameters: GAD=1 vflib=1 dir=0 label=0 lowerbound=1 fileNameGp=../graphsdb/mcs70/bvg/b03m/mcs70_b03m_s20.A39 fileNameGt=../graphsdb/mcs70/bvg/b03m/mcs70_b03m_s20.B39
Reading graphs...
20 :  29
20 :  30
Initializing...
maxdom : 20
D->valSize : 400
Solving...
Blb : 2 (clique : 11)
currentSize : 11 <-- 0.004021 s
currentSize : 12 <-- 0.004570 s
currentSize : 13 <-- 0.004636 s
currentSize : 14 <-- 0.011949 s
currentSize : 15 <-- 0.017070 s
currentSize : 16 <-- 0.188494 s

maxsize : 16
nodes : 12885.000000
filtered : 384233.000000
time : 0.321203
