Parameters: GAD=1 vflib=1 dir=0 label=0 lowerbound=1 fileNameGp=../graphsdb/mcs70/bvg/b03/mcs70_b03_s35.A58 fileNameGt=../graphsdb/mcs70/bvg/b03/mcs70_b03_s35.B58
Reading graphs...
35 :  52
35 :  51
Initializing...
maxdom : 35
D->valSize : 1225
Solving...
Blb : 2 (clique : 21)
currentSize : 21 <-- 0.021462 s
currentSize : 22 <-- 0.021691 s
currentSize : 23 <-- 0.023866 s
currentSize : 24 <-- 0.434859 s
currentSize : 25 <-- 0.620081 s
currentSize : 26 <-- 0.794481 s
currentSize : 27 <-- 67.730637 s
currentSize : 28 <-- 79.651299 s
currentSize : 29 <-- 104.657715 s

maxsize : 29
nodes : 2796464.000000
filtered : 202315801.000000
time : 195.743881
