Parameters: GAD=1 vflib=1 dir=0 label=0 lowerbound=1 fileNameGp=../graphsdb/mcs70/m2D/m2Dr6/m2Dr6/mcs70_m2Dr6_s25.A11 fileNameGt=../graphsdb/mcs70/m2D/m2Dr6/m2Dr6/mcs70_m2Dr6_s25.B11
Reading graphs...
25 :  53
25 :  52
Initializing...
maxdom : 25
D->valSize : 625
Solving...
Blb : 2 (clique : 13)
currentSize : 13 <-- 0.009113 s
currentSize : 14 <-- 0.009947 s
currentSize : 15 <-- 0.022168 s
currentSize : 16 <-- 0.196062 s
currentSize : 17 <-- 0.980430 s

maxsize : 17
nodes : 945272.000000
filtered : 32717102.000000
time : 15.711919
