Parameters: GAD=1 vflib=1 dir=0 label=0 lowerbound=1 fileNameGp=../graphsdb/mcs70/bvg/b03/mcs70_b03_s35.A78 fileNameGt=../graphsdb/mcs70/bvg/b03/mcs70_b03_s35.B78
Reading graphs...
35 :  52
35 :  52
Initializing...
maxdom : 35
D->valSize : 1225
Solving...
Blb : 2 (clique : 21)
currentSize : 21 <-- 0.022185 s
currentSize : 24 <-- 0.022382 s
currentSize : 25 <-- 0.022403 s
currentSize : 26 <-- 0.671108 s
currentSize : 27 <-- 11.858224 s
currentSize : 28 <-- 890.220825 s

maxsize : 28
nodes : 20063187.000000
filtered : 1436871532.000000
time : 1412.835083
