Parameters: GAD=1 vflib=1 dir=0 label=0 lowerbound=1 fileNameGp=../graphsdb/mcs70/m4D/m4Dr4/mcs70_m4Dr4_s25.A55 fileNameGt=../graphsdb/mcs70/m4D/m4Dr4/mcs70_m4Dr4_s25.B55
Reading graphs...
25 :  57
25 :  55
Initializing...
maxdom : 25
D->valSize : 625
Solving...
Blb : 2 (clique : 12)
currentSize : 12 <-- 0.005076 s
currentSize : 13 <-- 0.005163 s
currentSize : 14 <-- 0.005276 s
currentSize : 15 <-- 0.007128 s
currentSize : 16 <-- 0.010626 s
currentSize : 17 <-- 5.357908 s

maxsize : 17
nodes : 1905572.000000
filtered : 86310903.000000
time : 28.341831
