Parameters: GAD=1 vflib=1 dir=0 label=0 lowerbound=1 fileNameGp=../graphsdb/mcs70/rand/r005/mcs70_r005_s30.A85 fileNameGt=../graphsdb/mcs70/rand/r005/mcs70_r005_s30.B85
Reading graphs...
30 :  42
30 :  41
Initializing...
maxdom : 30
D->valSize : 900
Solving...
Blb : 2 (clique : 19)
currentSize : 19 <-- 0.020380 s
currentSize : 20 <-- 0.020890 s
currentSize : 21 <-- 0.086847 s
currentSize : 22 <-- 0.093422 s
currentSize : 23 <-- 0.093689 s
currentSize : 24 <-- 0.411535 s
currentSize : 25 <-- 0.412687 s

maxsize : 25
nodes : 81651.000000
filtered : 5861072.000000
time : 6.155416
