Parameters: GAD=1 vflib=1 dir=0 label=0 lowerbound=1 fileNameGp=../graphsdb/mcs70/rand/r005/mcs70_r005_s35.A39 fileNameGt=../graphsdb/mcs70/rand/r005/mcs70_r005_s35.B39
Reading graphs...
35 :  58
35 :  57
Initializing...
maxdom : 35
D->valSize : 1225
Solving...
Blb : 2 (clique : 20)
currentSize : 20 <-- 0.037572 s
currentSize : 21 <-- 0.038030 s
currentSize : 22 <-- 0.038428 s
currentSize : 23 <-- 0.068036 s
currentSize : 24 <-- 2.593938 s
currentSize : 25 <-- 3.571476 s
currentSize : 26 <-- 51.331585 s

TIMEOUT
maxsize : 26
nodes : 47393228.000000
filtered : 3506190150.000000
time : 3600.000244
