Parameters: GAD=1 vflib=1 dir=0 label=0 lowerbound=1 fileNameGp=../graphsdb/mcs70/bvg/b06/mcs70_b06_s35.A47 fileNameGt=../graphsdb/mcs70/bvg/b06/mcs70_b06_s35.B47
Reading graphs...
35 :  105
35 :  105
Initializing...
maxdom : 35
D->valSize : 1225
Solving...
Blb : 2 (clique : 16)
currentSize : 16 <-- 0.034605 s
currentSize : 17 <-- 0.036723 s
currentSize : 18 <-- 0.044705 s
currentSize : 19 <-- 0.073421 s
currentSize : 20 <-- 0.121515 s
currentSize : 21 <-- 6.942232 s
currentSize : 22 <-- 10.252568 s
currentSize : 23 <-- 26.185625 s
currentSize : 24 <-- 26.476652 s
currentSize : 25 <-- 83.540504 s
currentSize : 26 <-- 166.754929 s

maxsize : 26
nodes : 7424539.000000
filtered : 372960613.000000
time : 192.184189
