Parameters: GAD=1 vflib=1 dir=0 label=0 lowerbound=1 fileNameGp=../graphsdb/mcs70/bvg/b09m/mcs70_b09m_s25.A60 fileNameGt=../graphsdb/mcs70/bvg/b09m/mcs70_b09m_s25.B60
Reading graphs...
25 :  101
25 :  101
Initializing...
maxdom : 25
D->valSize : 625
Solving...
Blb : 2 (clique : 10)
currentSize : 10 <-- 0.004976 s
currentSize : 11 <-- 0.005201 s
currentSize : 12 <-- 0.006576 s
currentSize : 13 <-- 0.043247 s
currentSize : 14 <-- 0.104782 s
currentSize : 15 <-- 2.829164 s
currentSize : 16 <-- 2.870496 s

maxsize : 16
nodes : 1015712.000000
filtered : 18544378.000000
time : 5.291761
