Parameters: GAD=1 vflib=1 dir=0 label=0 lowerbound=1 fileNameGp=../graphsdb/mcs70/m2D/m2Dr4/mcs70_m2Dr4_s25.A32 fileNameGt=../graphsdb/mcs70/m2D/m2Dr4/mcs70_m2Dr4_s25.B32
Reading graphs...
25 :  47
25 :  47
Initializing...
maxdom : 25
D->valSize : 625
Solving...
Blb : 5 (clique : 14)
currentSize : 14 <-- 0.005311 s
currentSize : 15 <-- 0.006702 s
currentSize : 16 <-- 0.020277 s
currentSize : 17 <-- 0.044061 s
currentSize : 18 <-- 2.076499 s

maxsize : 18
nodes : 572117.000000
filtered : 18340054.000000
time : 8.446791
