Parameters: GAD=1 vflib=1 dir=0 label=0 lowerbound=1 fileNameGp=../graphsdb/mcs70/bvg/b09/mcs70_b09_s35.A69 fileNameGt=../graphsdb/mcs70/bvg/b09/mcs70_b09_s35.B69
Reading graphs...
35 :  156
35 :  156
Initializing...
maxdom : 35
D->valSize : 1225
Solving...
Blb : 2 (clique : 13)
currentSize : 13 <-- 0.023130 s
currentSize : 15 <-- 0.023266 s
currentSize : 16 <-- 0.023300 s
currentSize : 17 <-- 0.023358 s
currentSize : 18 <-- 0.023446 s
currentSize : 19 <-- 0.023680 s
currentSize : 22 <-- 0.028458 s
currentSize : 24 <-- 0.028482 s
currentSize : 25 <-- 0.759431 s

maxsize : 25
nodes : 2046564.000000
filtered : 95639253.000000
time : 21.521309
