Parameters: GAD=1 vflib=1 dir=0 label=0 lowerbound=1 fileNameGp=../graphsdb/mcs70/rand/r02/mcs70_r02_s25.A95 fileNameGt=../graphsdb/mcs70/rand/r02/mcs70_r02_s25.B95
Reading graphs...
25 :  111
25 :  107
Initializing...
maxdom : 25
D->valSize : 625
Solving...
Blb : 2 (clique : 9)
currentSize : 9 <-- 0.007793 s
currentSize : 10 <-- 0.007940 s
currentSize : 11 <-- 0.008199 s
currentSize : 12 <-- 0.011064 s
currentSize : 13 <-- 0.512090 s
currentSize : 14 <-- 3.827976 s
currentSize : 17 <-- 3.858433 s

maxsize : 17
nodes : 1003279.000000
filtered : 15275587.000000
time : 4.754807
