Parameters: GAD=1 vflib=1 dir=0 label=0 lowerbound=1 fileNameGp=../graphsdb/mcs70/bvg/b09/mcs70_b09_s35.A23 fileNameGt=../graphsdb/mcs70/bvg/b09/mcs70_b09_s35.B23
Reading graphs...
35 :  155
35 :  155
Initializing...
maxdom : 35
D->valSize : 1225
Solving...
Blb : 2 (clique : 13)
currentSize : 13 <-- 0.024293 s
currentSize : 14 <-- 0.024499 s
currentSize : 15 <-- 0.029071 s
currentSize : 16 <-- 0.254316 s
currentSize : 17 <-- 3.485102 s
currentSize : 18 <-- 5.043335 s
currentSize : 20 <-- 31.627586 s
currentSize : 21 <-- 32.033276 s
currentSize : 22 <-- 72.128677 s
currentSize : 23 <-- 89.775673 s
currentSize : 24 <-- 93.531670 s
currentSize : 25 <-- 94.359055 s

maxsize : 25
nodes : 13559972.000000
filtered : 449946142.000000
time : 105.563187
