Parameters: GAD=1 vflib=1 dir=0 label=0 lowerbound=1 fileNameGp=../graphsdb/mcs70/bvg/b06/mcs70_b06_s35.A49 fileNameGt=../graphsdb/mcs70/bvg/b06/mcs70_b06_s35.B49
Reading graphs...
35 :  105
35 :  105
Initializing...
maxdom : 35
D->valSize : 1225
Solving...
Blb : 3 (clique : 15)
currentSize : 15 <-- 0.019515 s
currentSize : 16 <-- 0.019674 s
currentSize : 17 <-- 0.019880 s
currentSize : 18 <-- 0.023063 s
currentSize : 19 <-- 0.145639 s
currentSize : 20 <-- 0.150877 s
currentSize : 21 <-- 0.616356 s
currentSize : 22 <-- 0.710584 s
currentSize : 23 <-- 0.921174 s
currentSize : 24 <-- 2.139292 s
currentSize : 25 <-- 4.334065 s
currentSize : 26 <-- 20.120808 s

maxsize : 26
nodes : 2810399.000000
filtered : 182528743.000000
time : 78.130287
