Parameters: GAD=1 vflib=1 dir=0 label=0 lowerbound=1 fileNameGp=../graphsdb/mcs70/bvg/b03/mcs70_b03_s20.A42 fileNameGt=../graphsdb/mcs70/bvg/b03/mcs70_b03_s20.B42
Reading graphs...
20 :  30
20 :  30
Initializing...
maxdom : 20
D->valSize : 400
Solving...
Blb : 2 (clique : 13)
currentSize : 13 <-- 0.002339 s
currentSize : 14 <-- 0.002867 s
currentSize : 15 <-- 0.005920 s
currentSize : 17 <-- 0.038879 s
currentSize : 18 <-- 0.039928 s

maxsize : 18
nodes : 5014.000000
filtered : 97961.000000
time : 0.045048
