Parameters: GAD=1 vflib=1 dir=0 label=0 lowerbound=1 fileNameGp=../graphsdb/mcs70/bvg/b09m/mcs70_b09m_s25.A96 fileNameGt=../graphsdb/mcs70/bvg/b09m/mcs70_b09m_s25.B96
Reading graphs...
25 :  104
25 :  102
Initializing...
maxdom : 25
D->valSize : 625
Solving...
Blb : 2 (clique : 10)
currentSize : 10 <-- 0.008012 s
currentSize : 11 <-- 0.008350 s
currentSize : 12 <-- 0.009408 s
currentSize : 13 <-- 0.104022 s
currentSize : 14 <-- 0.795783 s
currentSize : 16 <-- 0.798396 s

maxsize : 16
nodes : 552311.000000
filtered : 11186163.000000
time : 2.873864
