Parameters: GAD=1 vflib=1 dir=0 label=0 lowerbound=1 fileNameGp=../graphsdb/mcs70/bvg/b09/mcs70_b09_s25.A89 fileNameGt=../graphsdb/mcs70/bvg/b09/mcs70_b09_s25.B89
Reading graphs...
25 :  111
25 :  111
Initializing...
maxdom : 25
D->valSize : 625
Solving...
Blb : 5 (clique : 11)
currentSize : 11 <-- 0.007963 s
currentSize : 12 <-- 0.015744 s
currentSize : 13 <-- 0.050893 s
currentSize : 14 <-- 0.082140 s
currentSize : 16 <-- 0.082212 s
currentSize : 17 <-- 0.637943 s

maxsize : 17
nodes : 289005.000000
filtered : 6747207.000000
time : 1.703167
