Parameters: GAD=1 vflib=1 dir=0 label=0 lowerbound=1 fileNameGp=../graphsdb/mcs70/bvg/b09/mcs70_b09_s35.A18 fileNameGt=../graphsdb/mcs70/bvg/b09/mcs70_b09_s35.B18
Reading graphs...
35 :  153
35 :  155
Initializing...
maxdom : 35
D->valSize : 1225
Solving...
Blb : 2 (clique : 14)
currentSize : 14 <-- 0.018202 s
currentSize : 19 <-- 0.018338 s
currentSize : 21 <-- 0.018577 s
currentSize : 22 <-- 0.018589 s
currentSize : 23 <-- 0.019382 s
currentSize : 24 <-- 0.020094 s
currentSize : 25 <-- 9.959575 s

maxsize : 25
nodes : 2263762.000000
filtered : 104996970.000000
time : 24.626240
