Parameters: GAD=1 vflib=1 dir=0 label=0 lowerbound=1 fileNameGp=../graphsdb/mcs70/m3D/m3Dr6/mcs70_m3Dr6_s35.A58 fileNameGt=../graphsdb/mcs70/m3D/m3Dr6/mcs70_m3Dr6_s35.B58
Reading graphs...
35 :  88
35 :  88
Initializing...
maxdom : 35
D->valSize : 1225
Solving...
Blb : 5 (clique : 18)
currentSize : 18 <-- 0.020797 s
currentSize : 19 <-- 0.023548 s
currentSize : 20 <-- 0.107887 s
currentSize : 21 <-- 1.338960 s
currentSize : 22 <-- 7.146369 s
currentSize : 23 <-- 139.554871 s
currentSize : 25 <-- 139.563614 s
currentSize : 26 <-- 139.563858 s
currentSize : 27 <-- 155.847839 s

maxsize : 27
nodes : 13928674.000000
filtered : 577520301.000000
time : 211.185822
