Parameters: GAD=1 vflib=1 dir=0 label=0 lowerbound=1 fileNameGp=../graphsdb/mcs70/bvg/b09m/mcs70_b09m_s30.A30 fileNameGt=../graphsdb/mcs70/bvg/b09m/mcs70_b09m_s30.B30
Reading graphs...
30 :  129
30 :  127
Initializing...
maxdom : 30
D->valSize : 900
Solving...
Blb : 2 (clique : 11)
currentSize : 11 <-- 0.017033 s
currentSize : 12 <-- 0.017195 s
currentSize : 13 <-- 0.017372 s
currentSize : 14 <-- 0.020072 s
currentSize : 15 <-- 1.778582 s
currentSize : 16 <-- 10.432274 s
currentSize : 18 <-- 18.714647 s
currentSize : 20 <-- 39.849094 s

maxsize : 20
nodes : 7015397.000000
filtered : 188284690.000000
time : 45.492256
