Parameters: GAD=1 vflib=1 dir=0 label=0 lowerbound=1 fileNameGp=../graphsdb/mcs70/bvg/b09/mcs70_b09_s35.A73 fileNameGt=../graphsdb/mcs70/bvg/b09/mcs70_b09_s35.B73
Reading graphs...
35 :  155
35 :  155
Initializing...
maxdom : 35
D->valSize : 1225
Solving...
Blb : 2 (clique : 13)
currentSize : 13 <-- 0.018592 s
currentSize : 14 <-- 0.019174 s
currentSize : 15 <-- 0.019875 s
currentSize : 16 <-- 0.052950 s
currentSize : 18 <-- 0.061888 s
currentSize : 19 <-- 1.223817 s
currentSize : 20 <-- 1.223872 s
currentSize : 21 <-- 1.260554 s
currentSize : 24 <-- 1.889488 s
currentSize : 25 <-- 6.585116 s

maxsize : 25
nodes : 2664825.000000
filtered : 110838797.000000
time : 27.159340
