Parameters: GAD=1 vflib=1 dir=0 label=0 lowerbound=1 fileNameGp=../graphsdb/mcs70/bvg/b06/mcs70_b06_s30.A38 fileNameGt=../graphsdb/mcs70/bvg/b06/mcs70_b06_s30.B38
Reading graphs...
30 :  89
30 :  90
Initializing...
maxdom : 30
D->valSize : 900
Solving...
Blb : 2 (clique : 14)
currentSize : 14 <-- 0.010223 s
currentSize : 15 <-- 0.010653 s
currentSize : 16 <-- 0.012150 s
currentSize : 17 <-- 0.012495 s
currentSize : 18 <-- 0.015752 s
currentSize : 19 <-- 0.030754 s
currentSize : 20 <-- 0.108632 s
currentSize : 21 <-- 0.118415 s
currentSize : 22 <-- 0.181453 s

maxsize : 22
nodes : 448397.000000
filtered : 20063290.000000
time : 9.284307
