Parameters: GAD=1 vflib=1 dir=0 label=0 lowerbound=1 fileNameGp=../graphsdb/mcs70/m2D/m2Dr4/mcs70_m2Dr4_s35.A62 fileNameGt=../graphsdb/mcs70/m2D/m2Dr4/mcs70_m2Dr4_s35.B62
Reading graphs...
35 :  72
35 :  71
Initializing...
maxdom : 35
D->valSize : 1225
Solving...
Blb : 2 (clique : 18)
currentSize : 18 <-- 0.020990 s
currentSize : 20 <-- 0.021158 s
currentSize : 21 <-- 0.021254 s
currentSize : 22 <-- 0.024881 s
currentSize : 23 <-- 0.833365 s
currentSize : 24 <-- 12.867556 s
currentSize : 25 <-- 2505.091553 s

TIMEOUT
maxsize : 25
nodes : 128733113.000000
filtered : 6532453297.000000
time : 3600.000000
