Parameters: GAD=1 vflib=1 dir=0 label=0 lowerbound=1 fileNameGp=../graphsdb/mcs70/m3D/m3Dr6/mcs70_m3Dr6_s35.A23 fileNameGt=../graphsdb/mcs70/m3D/m3Dr6/mcs70_m3Dr6_s35.B23
Reading graphs...
35 :  92
35 :  90
Initializing...
maxdom : 35
D->valSize : 1225
Solving...
Blb : 2 (clique : 15)
currentSize : 15 <-- 0.035093 s
currentSize : 16 <-- 0.035352 s
currentSize : 17 <-- 0.035487 s
currentSize : 18 <-- 0.035704 s
currentSize : 19 <-- 0.075147 s
currentSize : 20 <-- 0.084865 s
currentSize : 21 <-- 0.229950 s
currentSize : 22 <-- 44.613567 s
currentSize : 23 <-- 179.485870 s
currentSize : 27 <-- 195.631012 s

maxsize : 27
nodes : 13391828.000000
filtered : 476829657.000000
time : 211.679031
