Parameters: GAD=1 vflib=1 dir=0 label=0 lowerbound=1 fileNameGp=../graphsdb/mcs70/rand/r02/mcs70_r02_s25.A03 fileNameGt=../graphsdb/mcs70/rand/r02/mcs70_r02_s25.B03
Reading graphs...
25 :  110
25 :  104
Initializing...
maxdom : 25
D->valSize : 625
Solving...
Blb : 2 (clique : 10)
currentSize : 10 <-- 0.004734 s
currentSize : 11 <-- 0.005274 s
currentSize : 12 <-- 0.005662 s
currentSize : 13 <-- 0.264591 s
currentSize : 14 <-- 4.600306 s
currentSize : 17 <-- 4.613832 s

maxsize : 17
nodes : 1347245.000000
filtered : 19300385.000000
time : 5.649833
