Parameters: GAD=1 vflib=1 dir=0 label=0 lowerbound=1 fileNameGp=../graphsdb/mcs70/m2D/m2Dr4/mcs70_m2Dr4_s35.A65 fileNameGt=../graphsdb/mcs70/m2D/m2Dr4/mcs70_m2Dr4_s35.B65
Reading graphs...
35 :  71
35 :  71
Initializing...
maxdom : 35
D->valSize : 1225
Solving...
Blb : 2 (clique : 19)
currentSize : 19 <-- 0.020650 s
currentSize : 20 <-- 0.021342 s
currentSize : 21 <-- 0.022756 s
currentSize : 22 <-- 0.035979 s
currentSize : 23 <-- 13.037083 s
currentSize : 24 <-- 56.850765 s
currentSize : 25 <-- 106.995323 s

TIMEOUT
maxsize : 25
nodes : 60769050.000000
filtered : 3288145545.000000
time : 3600.000488
