Parameters: GAD=1 vflib=1 dir=0 label=0 lowerbound=1 fileNameGp=../graphsdb/mcs70/rand/r005/mcs70_r005_s25.A99 fileNameGt=../graphsdb/mcs70/rand/r005/mcs70_r005_s25.B99
Reading graphs...
25 :  33
25 :  33
Initializing...
maxdom : 25
D->valSize : 625
Solving...
Blb : 5 (clique : 16)
currentSize : 16 <-- 0.009801 s
currentSize : 17 <-- 0.436212 s
currentSize : 18 <-- 0.442515 s
currentSize : 19 <-- 0.519420 s
currentSize : 20 <-- 3.473370 s

maxsize : 20
nodes : 274138.000000
filtered : 13498229.000000
time : 8.582545
