Parameters: GAD=1 vflib=1 dir=0 label=0 lowerbound=1 fileNameGp=../graphsdb/mcs70/m3D/m3D/mcs70_m3D_s35.A63 fileNameGt=../graphsdb/mcs70/m3D/m3D/mcs70_m3D_s35.B63
Reading graphs...
35 :  72
35 :  72
Initializing...
maxdom : 35
D->valSize : 1225
Solving...
Blb : 2 (clique : 19)
currentSize : 19 <-- 0.020809 s
currentSize : 20 <-- 0.020973 s
currentSize : 21 <-- 0.022075 s
currentSize : 22 <-- 0.286856 s
currentSize : 23 <-- 0.392747 s
currentSize : 24 <-- 0.932438 s
currentSize : 25 <-- 49.740086 s
currentSize : 26 <-- 75.456459 s
currentSize : 27 <-- 75.456581 s
currentSize : 28 <-- 81.260124 s

maxsize : 28
nodes : 4139122.000000
filtered : 199745233.000000
time : 107.103256
