Parameters: GAD=1 vflib=1 dir=0 label=0 lowerbound=1 fileNameGp=../graphsdb/mcs70/bvg/b09m/mcs70_b09m_s30.A46 fileNameGt=../graphsdb/mcs70/bvg/b09m/mcs70_b09m_s30.B46
Reading graphs...
30 :  132
30 :  129
Initializing...
maxdom : 30
D->valSize : 900
Solving...
Blb : 2 (clique : 11)
currentSize : 11 <-- 0.009633 s
currentSize : 12 <-- 0.009758 s
currentSize : 13 <-- 0.009902 s
currentSize : 14 <-- 0.024043 s
currentSize : 15 <-- 1.323141 s
currentSize : 16 <-- 12.786635 s
currentSize : 18 <-- 22.719357 s
currentSize : 19 <-- 22.719425 s
currentSize : 20 <-- 22.730677 s
currentSize : 21 <-- 22.730892 s

maxsize : 21
nodes : 4406864.000000
filtered : 100120177.000000
time : 26.919275
