Parameters: GAD=1 vflib=1 dir=0 label=0 lowerbound=1 fileNameGp=../graphsdb/mcs70/bvg/b09/mcs70_b09_s30.A75 fileNameGt=../graphsdb/mcs70/bvg/b09/mcs70_b09_s30.B75
Reading graphs...
30 :  134
30 :  134
Initializing...
maxdom : 30
D->valSize : 900
Solving...
Blb : 2 (clique : 12)
currentSize : 12 <-- 0.009683 s
currentSize : 13 <-- 0.009788 s
currentSize : 14 <-- 0.013462 s
currentSize : 15 <-- 0.016101 s
currentSize : 17 <-- 0.017102 s
currentSize : 20 <-- 0.040127 s
currentSize : 21 <-- 7.675767 s

maxsize : 21
nodes : 970041.000000
filtered : 45577471.000000
time : 8.915862
