Parameters: GAD=1 vflib=1 dir=0 label=0 lowerbound=1 fileNameGp=../graphsdb/mcs70/m2D/m2Dr4/mcs70_m2Dr4_s35.A42 fileNameGt=../graphsdb/mcs70/m2D/m2Dr4/mcs70_m2Dr4_s35.B42
Reading graphs...
35 :  70
35 :  68
Initializing...
maxdom : 35
D->valSize : 1225
Solving...
Blb : 2 (clique : 20)
currentSize : 20 <-- 0.020920 s
currentSize : 21 <-- 0.021413 s
currentSize : 22 <-- 0.028864 s
currentSize : 23 <-- 50.730907 s
currentSize : 24 <-- 65.699013 s
currentSize : 25 <-- 748.491699 s
currentSize : 26 <-- 748.491882 s

maxsize : 26
nodes : 26600076.000000
filtered : 1414777918.000000
time : 1282.716309
