Parameters: GAD=1 vflib=1 dir=0 label=0 lowerbound=1 fileNameGp=../graphsdb/mcs70/rand/r02/mcs70_r02_s30.A58 fileNameGt=../graphsdb/mcs70/rand/r02/mcs70_r02_s30.B58
Reading graphs...
30 :  151
30 :  155
Initializing...
maxdom : 30
D->valSize : 900
Solving...
Blb : 2 (clique : 10)
currentSize : 10 <-- 0.016283 s
currentSize : 11 <-- 0.016431 s
currentSize : 12 <-- 0.019574 s
currentSize : 13 <-- 0.082403 s
currentSize : 14 <-- 0.257848 s
currentSize : 15 <-- 50.531357 s
currentSize : 17 <-- 73.701927 s
currentSize : 21 <-- 79.073051 s

maxsize : 21
nodes : 18914179.000000
filtered : 286787726.000000
time : 82.636452
