Parameters: GAD=1 vflib=1 dir=0 label=0 lowerbound=1 fileNameGp=../graphsdb/mcs70/m3D/m3Dr2/mcs70_m3Dr2_s35.A31 fileNameGt=../graphsdb/mcs70/m3D/m3Dr2/mcs70_m3Dr2_s35.B31
Reading graphs...
35 :  79
35 :  78
Initializing...
maxdom : 35
D->valSize : 1225
Solving...
Blb : 2 (clique : 19)
currentSize : 19 <-- 0.036173 s
currentSize : 20 <-- 0.041378 s
currentSize : 21 <-- 0.300489 s
currentSize : 22 <-- 0.741563 s
currentSize : 23 <-- 18.568329 s
currentSize : 24 <-- 1363.475464 s
currentSize : 26 <-- 1791.162231 s
currentSize : 27 <-- 1791.162354 s

maxsize : 27
nodes : 84068698.000000
filtered : 3735209200.000000
time : 1832.593262
