Parameters: GAD=1 vflib=1 dir=0 label=0 lowerbound=1 fileNameGp=../graphsdb/mcs70/bvg/b06m/mcs70_b06m_s35.A24 fileNameGt=../graphsdb/mcs70/bvg/b06m/mcs70_b06m_s35.B24
Reading graphs...
35 :  104
35 :  105
Initializing...
maxdom : 35
D->valSize : 1225
Solving...
Blb : 5 (clique : 16)
currentSize : 16 <-- 0.019689 s
currentSize : 17 <-- 0.020151 s
currentSize : 18 <-- 0.021201 s
currentSize : 19 <-- 0.762156 s
currentSize : 20 <-- 33.981647 s
currentSize : 21 <-- 567.675476 s
currentSize : 24 <-- 1504.081665 s

maxsize : 24
nodes : 120464264.000000
filtered : 4375813426.000000
time : 1698.298218
