Parameters: GAD=1 vflib=1 dir=0 label=0 lowerbound=1 fileNameGp=../graphsdb/mcs70/bvg/b09m/mcs70_b09m_s35.A17 fileNameGt=../graphsdb/mcs70/bvg/b09m/mcs70_b09m_s35.B17
Reading graphs...
35 :  151
35 :  151
Initializing...
maxdom : 35
D->valSize : 1225
Solving...
Blb : 2 (clique : 14)
currentSize : 14 <-- 0.031852 s
currentSize : 15 <-- 0.037834 s
currentSize : 16 <-- 0.168745 s
currentSize : 17 <-- 5.207182 s
currentSize : 18 <-- 173.580429 s
currentSize : 19 <-- 513.967041 s
currentSize : 20 <-- 556.456421 s
currentSize : 24 <-- 556.456787 s

maxsize : 24
nodes : 89377756.000000
filtered : 2059090179.000000
time : 589.287354
