Parameters: GAD=1 vflib=1 dir=0 label=0 lowerbound=1 fileNameGp=../graphsdb/mcs70/bvg/b09/mcs70_b09_s30.A16 fileNameGt=../graphsdb/mcs70/bvg/b09/mcs70_b09_s30.B16
Reading graphs...
30 :  134
30 :  135
Initializing...
maxdom : 30
D->valSize : 900
Solving...
Blb : 2 (clique : 11)
currentSize : 11 <-- 0.016891 s
currentSize : 12 <-- 0.017105 s
currentSize : 13 <-- 0.019659 s
currentSize : 14 <-- 0.030596 s
currentSize : 16 <-- 0.239924 s
currentSize : 17 <-- 0.240023 s
currentSize : 18 <-- 0.324828 s
currentSize : 20 <-- 0.362946 s
currentSize : 21 <-- 0.619816 s

maxsize : 21
nodes : 741684.000000
filtered : 26299213.000000
time : 5.866297
