Parameters: GAD=1 vflib=1 dir=0 label=0 lowerbound=1 fileNameGp=../graphsdb/mcs70/bvg/b06/mcs70_b06_s30.A06 fileNameGt=../graphsdb/mcs70/bvg/b06/mcs70_b06_s30.B06
Reading graphs...
30 :  89
30 :  88
Initializing...
maxdom : 30
D->valSize : 900
Solving...
Blb : 2 (clique : 13)
currentSize : 13 <-- 0.018232 s
currentSize : 14 <-- 0.018417 s
currentSize : 15 <-- 0.018493 s
currentSize : 16 <-- 0.020352 s
currentSize : 17 <-- 0.031192 s
currentSize : 18 <-- 0.037213 s
currentSize : 19 <-- 1.558882 s
currentSize : 20 <-- 1.564637 s
currentSize : 21 <-- 1.786296 s
currentSize : 22 <-- 1.854607 s
currentSize : 23 <-- 2.272097 s

maxsize : 23
nodes : 390410.000000
filtered : 14660072.000000
time : 4.833796
