Parameters: GAD=1 vflib=1 dir=0 label=0 lowerbound=1 fileNameGp=../graphsdb/mcs70/rand/r02/mcs70_r02_s25.A94 fileNameGt=../graphsdb/mcs70/rand/r02/mcs70_r02_s25.B94
Reading graphs...
25 :  109
25 :  109
Initializing...
maxdom : 25
D->valSize : 625
Solving...
Blb : 2 (clique : 10)
currentSize : 10 <-- 0.007826 s
currentSize : 11 <-- 0.009103 s
currentSize : 12 <-- 0.015069 s
currentSize : 13 <-- 0.185418 s
currentSize : 14 <-- 0.673629 s
currentSize : 17 <-- 0.724897 s

maxsize : 17
nodes : 409794.000000
filtered : 9278977.000000
time : 2.365242
