Parameters: GAD=1 vflib=1 dir=0 label=0 lowerbound=1 fileNameGp=../graphsdb/mcs70/m4D/m4Dr4/mcs70_m4Dr4_s25.A85 fileNameGt=../graphsdb/mcs70/m4D/m4Dr4/mcs70_m4Dr4_s25.B85
Reading graphs...
25 :  55
25 :  55
Initializing...
maxdom : 25
D->valSize : 625
Solving...
Blb : 2 (clique : 12)
currentSize : 12 <-- 0.005281 s
currentSize : 13 <-- 0.005373 s
currentSize : 14 <-- 0.005718 s
currentSize : 15 <-- 0.006175 s
currentSize : 16 <-- 0.009195 s
currentSize : 17 <-- 0.561162 s
currentSize : 18 <-- 1.639878 s

maxsize : 18
nodes : 265314.000000
filtered : 8913426.000000
time : 4.297941
