Parameters: GAD=1 vflib=1 dir=0 label=0 lowerbound=1 fileNameGp=../graphsdb/mcs70/m2D/m2Dr4/mcs70_m2Dr4_s25.A29 fileNameGt=../graphsdb/mcs70/m2D/m2Dr4/mcs70_m2Dr4_s25.B29
Reading graphs...
25 :  48
25 :  48
Initializing...
maxdom : 25
D->valSize : 625
Solving...
Blb : 2 (clique : 13)
currentSize : 13 <-- 0.009264 s
currentSize : 14 <-- 0.009399 s
currentSize : 15 <-- 0.009442 s
currentSize : 16 <-- 0.014000 s
currentSize : 17 <-- 0.237938 s
currentSize : 18 <-- 20.652020 s

maxsize : 18
nodes : 1757681.000000
filtered : 57162437.000000
time : 23.993635
