Parameters: GAD=1 vflib=1 dir=0 label=0 lowerbound=1 fileNameGp=../graphsdb/mcs70/bvg/b09/mcs70_b09_s30.A09 fileNameGt=../graphsdb/mcs70/bvg/b09/mcs70_b09_s30.B09
Reading graphs...
30 :  132
30 :  133
Initializing...
maxdom : 30
D->valSize : 900
Solving...
Blb : 3 (clique : 14)
currentSize : 14 <-- 0.017030 s
currentSize : 15 <-- 0.356935 s
currentSize : 17 <-- 0.372029 s
currentSize : 18 <-- 0.372563 s
currentSize : 19 <-- 0.372867 s
currentSize : 20 <-- 0.372973 s
currentSize : 21 <-- 0.518207 s

maxsize : 21
nodes : 632551.000000
filtered : 22188928.000000
time : 4.821724
