Parameters: GAD=1 vflib=1 dir=0 label=0 lowerbound=1 fileNameGp=../graphsdb/mcs70/bvg/b09m/mcs70_b09m_s20.A46 fileNameGt=../graphsdb/mcs70/bvg/b09m/mcs70_b09m_s20.B46
Reading graphs...
20 :  82
20 :  82
Initializing...
maxdom : 20
D->valSize : 400
Solving...
Blb : 2 (clique : 9)
currentSize : 9 <-- 0.002137 s
currentSize : 10 <-- 0.002285 s
currentSize : 11 <-- 0.003376 s
currentSize : 12 <-- 0.003697 s
currentSize : 13 <-- 0.004071 s
currentSize : 14 <-- 0.004099 s

maxsize : 14
nodes : 23184.000000
filtered : 593771.000000
time : 0.123423
