Parameters: GAD=1 vflib=1 dir=0 label=0 lowerbound=1 fileNameGp=../graphsdb/mcs70/bvg/b06m/mcs70_b06m_s30.A63 fileNameGt=../graphsdb/mcs70/bvg/b06m/mcs70_b06m_s30.B63
Reading graphs...
30 :  88
30 :  88
Initializing...
maxdom : 30
D->valSize : 900
Solving...
Blb : 2 (clique : 12)
currentSize : 12 <-- 0.010557 s
currentSize : 13 <-- 0.010745 s
currentSize : 14 <-- 0.010895 s
currentSize : 15 <-- 0.012826 s
currentSize : 16 <-- 0.034079 s
currentSize : 17 <-- 0.322034 s
currentSize : 18 <-- 0.371381 s
currentSize : 19 <-- 48.813160 s
currentSize : 21 <-- 49.514526 s

maxsize : 21
nodes : 5814061.000000
filtered : 203173962.000000
time : 61.514683
