Parameters: GAD=1 vflib=1 dir=0 label=0 lowerbound=1 fileNameGp=../graphsdb/mcs70/rand/r01/mcs70_r01_s25.A31 fileNameGt=../graphsdb/mcs70/rand/r01/mcs70_r01_s25.B31
Reading graphs...
25 :  56
25 :  56
Initializing...
maxdom : 25
D->valSize : 625
Solving...
Blb : 2 (clique : 13)
currentSize : 13 <-- 0.009062 s
currentSize : 14 <-- 0.009186 s
currentSize : 15 <-- 0.009230 s
currentSize : 16 <-- 0.009288 s
currentSize : 17 <-- 0.786575 s

maxsize : 17
nodes : 1054882.000000
filtered : 40252602.000000
time : 18.605589
