Parameters: GAD=1 vflib=1 dir=0 label=0 lowerbound=1 fileNameGp=../graphsdb/mcs70/m3D/m3Dr6/mcs70_m3Dr6_s35.A87 fileNameGt=../graphsdb/mcs70/m3D/m3Dr6/mcs70_m3Dr6_s35.B87
Reading graphs...
35 :  89
35 :  88
Initializing...
maxdom : 35
D->valSize : 1225
Solving...
Blb : 2 (clique : 19)
currentSize : 19 <-- 0.020585 s
currentSize : 20 <-- 0.027748 s
currentSize : 21 <-- 0.916471 s
currentSize : 22 <-- 90.578133 s
currentSize : 23 <-- 141.781967 s
currentSize : 24 <-- 285.129120 s
currentSize : 25 <-- 285.855316 s
currentSize : 27 <-- 285.855377 s

maxsize : 27
nodes : 23264031.000000
filtered : 767778932.000000
time : 314.131805
