Parameters: GAD=1 vflib=1 dir=0 label=0 lowerbound=1 fileNameGp=../graphsdb/mcs70/rand/r005/mcs70_r005_s25.A58 fileNameGt=../graphsdb/mcs70/rand/r005/mcs70_r005_s25.B58
Reading graphs...
25 :  32
25 :  33
Initializing...
maxdom : 25
D->valSize : 625
Solving...
Blb : 2 (clique : 15)
currentSize : 15 <-- 0.009740 s
currentSize : 16 <-- 0.010317 s
currentSize : 17 <-- 0.012251 s
currentSize : 18 <-- 0.115167 s
currentSize : 19 <-- 0.816528 s

maxsize : 19
nodes : 5241661.000000
filtered : 248128422.000000
time : 131.108566
