Parameters: GAD=1 vflib=1 dir=0 label=0 lowerbound=1 fileNameGp=../graphsdb/mcs70/m2D/m2Dr4/mcs70_m2Dr4_s25.A61 fileNameGt=../graphsdb/mcs70/m2D/m2Dr4/mcs70_m2Dr4_s25.B61
Reading graphs...
25 :  48
25 :  48
Initializing...
maxdom : 25
D->valSize : 625
Solving...
Blb : 2 (clique : 14)
currentSize : 14 <-- 0.009148 s
currentSize : 15 <-- 0.013628 s
currentSize : 16 <-- 0.013860 s
currentSize : 17 <-- 0.761491 s
currentSize : 18 <-- 3.910996 s

maxsize : 18
nodes : 788135.000000
filtered : 29074141.000000
time : 12.848067
