Parameters: GAD=1 vflib=1 dir=0 label=0 lowerbound=1 fileNameGp=../graphsdb/mcs70/m2D/m2Dr6/m2Dr6/mcs70_m2Dr6_s25.A57 fileNameGt=../graphsdb/mcs70/m2D/m2Dr6/m2Dr6/mcs70_m2Dr6_s25.B57
Reading graphs...
25 :  54
25 :  53
Initializing...
maxdom : 25
D->valSize : 625
Solving...
Blb : 2 (clique : 13)
currentSize : 13 <-- 0.008961 s
currentSize : 14 <-- 0.010020 s
currentSize : 15 <-- 0.012268 s
currentSize : 16 <-- 0.213763 s
currentSize : 17 <-- 1.153310 s

maxsize : 17
nodes : 992817.000000
filtered : 27510436.000000
time : 14.204536
