Parameters: GAD=1 vflib=1 dir=0 label=0 lowerbound=1 fileNameGp=../graphsdb/mcs70/bvg/b06m/mcs70_b06m_s35.A45 fileNameGt=../graphsdb/mcs70/bvg/b06m/mcs70_b06m_s35.B45
Reading graphs...
35 :  102
35 :  103
Initializing...
maxdom : 35
D->valSize : 1225
Solving...
Blb : 2 (clique : 15)
currentSize : 15 <-- 0.034444 s
currentSize : 16 <-- 0.034738 s
currentSize : 17 <-- 0.043362 s
currentSize : 18 <-- 0.051734 s
currentSize : 19 <-- 0.071169 s
currentSize : 20 <-- 0.570088 s
currentSize : 21 <-- 23.968626 s
currentSize : 22 <-- 120.144234 s
currentSize : 23 <-- 121.300613 s
currentSize : 24 <-- 135.390503 s
currentSize : 25 <-- 135.631073 s

maxsize : 25
nodes : 9778908.000000
filtered : 474349726.000000
time : 197.584274
