Parameters: GAD=1 vflib=1 dir=0 label=0 lowerbound=1 fileNameGp=../graphsdb/mcs70/m4D/m4Dr6/mcs70_m4Dr6_s25.A85 fileNameGt=../graphsdb/mcs70/m4D/m4Dr6/mcs70_m4Dr6_s25.B85
Reading graphs...
25 :  58
25 :  58
Initializing...
maxdom : 25
D->valSize : 625
Solving...
Blb : 2 (clique : 11)
currentSize : 11 <-- 0.008813 s
currentSize : 13 <-- 0.008958 s
currentSize : 14 <-- 0.009055 s
currentSize : 15 <-- 0.009216 s
currentSize : 16 <-- 0.009373 s
currentSize : 18 <-- 0.102854 s

maxsize : 18
nodes : 127706.000000
filtered : 5018855.000000
time : 2.172650
