Parameters: GAD=1 vflib=1 dir=0 label=0 lowerbound=1 fileNameGp=../graphsdb/mcs70/bvg/b09/mcs70_b09_s25.A00 fileNameGt=../graphsdb/mcs70/bvg/b09/mcs70_b09_s25.B00
Reading graphs...
25 :  111
25 :  111
Initializing...
maxdom : 25
D->valSize : 625
Solving...
Blb : 2 (clique : 10)
currentSize : 10 <-- 0.004641 s
currentSize : 11 <-- 0.004724 s
currentSize : 12 <-- 0.004884 s
currentSize : 13 <-- 0.103194 s
currentSize : 14 <-- 0.105748 s
currentSize : 15 <-- 0.153263 s
currentSize : 16 <-- 0.280639 s
currentSize : 17 <-- 1.402490 s

maxsize : 17
nodes : 342460.000000
filtered : 9607592.000000
time : 2.028027
