Parameters: GAD=1 vflib=1 dir=0 label=0 lowerbound=1 fileNameGp=../graphsdb/mcs70/bvg/b09m/mcs70_b09m_s35.A38 fileNameGt=../graphsdb/mcs70/bvg/b09m/mcs70_b09m_s35.B38
Reading graphs...
35 :  147
35 :  148
Initializing...
maxdom : 35
D->valSize : 1225
Solving...
Blb : 2 (clique : 15)
currentSize : 15 <-- 0.032606 s
currentSize : 16 <-- 0.079434 s
currentSize : 17 <-- 1.147481 s
currentSize : 18 <-- 267.330688 s
currentSize : 19 <-- 523.500793 s
currentSize : 20 <-- 526.471008 s
currentSize : 22 <-- 560.853516 s
currentSize : 24 <-- 560.853638 s

maxsize : 24
nodes : 98781144.000000
filtered : 2154958354.000000
time : 591.713013
