Parameters: GAD=1 vflib=1 dir=0 label=0 lowerbound=1 fileNameGp=../graphsdb/mcs70/bvg/b03m/mcs70_b03m_s25.A92 fileNameGt=../graphsdb/mcs70/bvg/b03m/mcs70_b03m_s25.B92
Reading graphs...
25 :  37
25 :  37
Initializing...
maxdom : 25
D->valSize : 625
Solving...
Blb : 2 (clique : 16)
currentSize : 16 <-- 0.009545 s
currentSize : 17 <-- 0.009725 s
currentSize : 18 <-- 0.014758 s
currentSize : 19 <-- 0.841789 s
currentSize : 20 <-- 13.656653 s

maxsize : 20
nodes : 613974.000000
filtered : 31890126.000000
time : 14.627473
