Parameters: GAD=1 vflib=1 dir=0 label=0 lowerbound=1 fileNameGp=../graphsdb/mcs70/m2D/m2Dr4/mcs70_m2Dr4_s25.A92 fileNameGt=../graphsdb/mcs70/m2D/m2Dr4/mcs70_m2Dr4_s25.B92
Reading graphs...
25 :  50
25 :  48
Initializing...
maxdom : 25
D->valSize : 625
Solving...
Blb : 5 (clique : 13)
currentSize : 13 <-- 0.009183 s
currentSize : 14 <-- 0.010466 s
currentSize : 15 <-- 0.012751 s
currentSize : 16 <-- 0.016454 s
currentSize : 17 <-- 0.049903 s
currentSize : 18 <-- 3.771022 s

maxsize : 18
nodes : 673156.000000
filtered : 19092526.000000
time : 7.808757
