Parameters: GAD=1 vflib=1 dir=0 label=0 lowerbound=1 fileNameGp=../graphsdb/mcs70/m3D/m3Dr6/mcs70_m3Dr6_s35.A09 fileNameGt=../graphsdb/mcs70/m3D/m3Dr6/mcs70_m3Dr6_s35.B09
Reading graphs...
35 :  92
35 :  91
Initializing...
maxdom : 35
D->valSize : 1225
Solving...
Blb : 2 (clique : 18)
currentSize : 18 <-- 0.034809 s
currentSize : 19 <-- 0.044906 s
currentSize : 20 <-- 0.048986 s
currentSize : 21 <-- 0.123528 s
currentSize : 23 <-- 0.162497 s
currentSize : 25 <-- 0.295885 s
currentSize : 26 <-- 0.295960 s
currentSize : 27 <-- 0.296055 s

maxsize : 27
nodes : 591531.000000
filtered : 38769129.000000
time : 15.592502
