Parameters: GAD=1 vflib=1 dir=0 label=0 lowerbound=1 fileNameGp=../graphsdb/mcs70/rand/r01/mcs70_r01_s25.A24 fileNameGt=../graphsdb/mcs70/rand/r01/mcs70_r01_s25.B24
Reading graphs...
25 :  58
25 :  58
Initializing...
maxdom : 25
D->valSize : 625
Solving...
Blb : 2 (clique : 12)
currentSize : 12 <-- 0.008926 s
currentSize : 13 <-- 0.009058 s
currentSize : 14 <-- 0.009193 s
currentSize : 15 <-- 0.012595 s
currentSize : 16 <-- 0.014293 s
currentSize : 17 <-- 5.654384 s

maxsize : 17
nodes : 943042.000000
filtered : 28933621.000000
time : 9.694821
