Parameters: GAD=1 vflib=1 dir=0 label=0 lowerbound=1 fileNameGp=../graphsdb/mcs70/bvg/b06/mcs70_b06_s35.A06 fileNameGt=../graphsdb/mcs70/bvg/b06/mcs70_b06_s35.B06
Reading graphs...
35 :  104
35 :  104
Initializing...
maxdom : 35
D->valSize : 1225
Solving...
Blb : 2 (clique : 16)
currentSize : 16 <-- 0.019443 s
currentSize : 17 <-- 0.021964 s
currentSize : 18 <-- 0.026645 s
currentSize : 19 <-- 0.070549 s
currentSize : 20 <-- 0.741111 s
currentSize : 21 <-- 7.977973 s
currentSize : 22 <-- 18.453779 s
currentSize : 23 <-- 18.464682 s
currentSize : 24 <-- 18.644396 s
currentSize : 25 <-- 108.471619 s
currentSize : 26 <-- 109.749100 s

maxsize : 26
nodes : 5954450.000000
filtered : 332990946.000000
time : 162.282410
