Parameters: GAD=1 vflib=1 dir=0 label=0 lowerbound=1 fileNameGp=../graphsdb/mcs70/rand/r01/mcs70_r01_s30.A34 fileNameGt=../graphsdb/mcs70/rand/r01/mcs70_r01_s30.B34
Reading graphs...
30 :  83
30 :  79
Initializing...
maxdom : 30
D->valSize : 900
Solving...
Blb : 2 (clique : 14)
currentSize : 14 <-- 0.010391 s
currentSize : 15 <-- 0.010627 s
currentSize : 16 <-- 0.015126 s
currentSize : 17 <-- 0.064508 s
currentSize : 18 <-- 0.284546 s
currentSize : 19 <-- 3.762864 s
currentSize : 21 <-- 4.474031 s

maxsize : 21
nodes : 1715485.000000
filtered : 64798304.000000
time : 29.972975
