Parameters: GAD=1 vflib=1 dir=0 label=0 lowerbound=1 fileNameGp=../graphsdb/mcs70/bvg/b06m/mcs70_b06m_s35.A11 fileNameGt=../graphsdb/mcs70/bvg/b06m/mcs70_b06m_s35.B11
Reading graphs...
35 :  102
35 :  102
Initializing...
maxdom : 35
D->valSize : 1225
Solving...
Blb : 2 (clique : 16)
currentSize : 16 <-- 0.019696 s
currentSize : 17 <-- 0.090829 s
currentSize : 18 <-- 0.453680 s
currentSize : 19 <-- 1.068373 s
currentSize : 20 <-- 15.466598 s
currentSize : 21 <-- 49.160294 s
currentSize : 22 <-- 52.831921 s
currentSize : 23 <-- 401.608246 s
currentSize : 24 <-- 401.625977 s

maxsize : 24
nodes : 28587759.000000
filtered : 1400359927.000000
time : 628.194092
