Parameters: GAD=1 vflib=1 dir=0 label=0 lowerbound=1 fileNameGp=../graphsdb/mcs70/m3D/m3Dr6/mcs70_m3Dr6_s35.A70 fileNameGt=../graphsdb/mcs70/m3D/m3Dr6/mcs70_m3Dr6_s35.B70
Reading graphs...
35 :  93
35 :  92
Initializing...
maxdom : 35
D->valSize : 1225
Solving...
Blb : 2 (clique : 17)
currentSize : 17 <-- 0.020129 s
currentSize : 18 <-- 0.020323 s
currentSize : 19 <-- 0.134973 s
currentSize : 20 <-- 0.285766 s
currentSize : 21 <-- 1.123104 s
currentSize : 24 <-- 10.779081 s
currentSize : 27 <-- 10.779148 s

maxsize : 27
nodes : 2217470.000000
filtered : 85367938.000000
time : 29.413015
