Parameters: GAD=1 vflib=1 dir=0 label=0 lowerbound=1 fileNameGp=../graphsdb/mcs70/m4D/m4D/mcs70_m4D_s25.A67 fileNameGt=../graphsdb/mcs70/m4D/m4D/mcs70_m4D_s25.B67
Reading graphs...
25 :  47
25 :  47
Initializing...
maxdom : 25
D->valSize : 625
Solving...
Blb : 2 (clique : 14)
currentSize : 14 <-- 0.005482 s
currentSize : 15 <-- 0.005609 s
currentSize : 16 <-- 0.025854 s
currentSize : 17 <-- 0.026627 s
currentSize : 18 <-- 0.028326 s
currentSize : 19 <-- 0.031469 s

maxsize : 19
nodes : 103037.000000
filtered : 4595756.000000
time : 2.678196
