Parameters: GAD=1 vflib=1 dir=0 label=0 lowerbound=1 fileNameGp=../graphsdb/mcs70/bvg/b06m/mcs70_b06m_s25.A24 fileNameGt=../graphsdb/mcs70/bvg/b06m/mcs70_b06m_s25.B24
Reading graphs...
25 :  74
25 :  75
Initializing...
maxdom : 25
D->valSize : 625
Solving...
Blb : 2 (clique : 13)
currentSize : 13 <-- 0.008605 s
currentSize : 14 <-- 0.022035 s
currentSize : 15 <-- 0.038485 s
currentSize : 17 <-- 0.327669 s
currentSize : 18 <-- 0.327726 s

maxsize : 18
nodes : 132428.000000
filtered : 4723187.000000
time : 1.461936
