Parameters: GAD=1 vflib=1 dir=0 label=0 lowerbound=1 fileNameGp=../graphsdb/mcs70/bvg/b03/mcs70_b03_s25.A62 fileNameGt=../graphsdb/mcs70/bvg/b03/mcs70_b03_s25.B62
Reading graphs...
25 :  37
25 :  37
Initializing...
maxdom : 25
D->valSize : 625
Solving...
Blb : 2 (clique : 15)
currentSize : 15 <-- 0.009463 s
currentSize : 16 <-- 0.009657 s
currentSize : 17 <-- 0.010241 s
currentSize : 18 <-- 0.011343 s
currentSize : 19 <-- 0.387207 s
currentSize : 20 <-- 1.297405 s

maxsize : 20
nodes : 86064.000000
filtered : 3662011.000000
time : 2.959791
