Parameters: GAD=1 vflib=1 dir=0 label=0 lowerbound=1 fileNameGp=../graphsdb/mcs70/rand/r005/mcs70_r005_s25.A87 fileNameGt=../graphsdb/mcs70/rand/r005/mcs70_r005_s25.B87
Reading graphs...
25 :  33
25 :  33
Initializing...
maxdom : 25
D->valSize : 625
Solving...
Blb : 2 (clique : 15)
currentSize : 15 <-- 0.005821 s
currentSize : 16 <-- 0.005922 s
currentSize : 17 <-- 0.005950 s
currentSize : 18 <-- 0.094156 s
currentSize : 19 <-- 0.582199 s
currentSize : 20 <-- 4.087530 s

maxsize : 20
nodes : 187430.000000
filtered : 7485543.000000
time : 5.693798
