Parameters: GAD=1 vflib=1 dir=0 label=0 lowerbound=1 fileNameGp=../graphsdb/mcs70/m3D/m3D/mcs70_m3D_s35.A01 fileNameGt=../graphsdb/mcs70/m3D/m3D/mcs70_m3D_s35.B01
Reading graphs...
35 :  72
35 :  72
Initializing...
maxdom : 35
D->valSize : 1225
Solving...
Blb : 2 (clique : 21)
currentSize : 21 <-- 0.020838 s
currentSize : 22 <-- 0.022498 s
currentSize : 23 <-- 0.027899 s
currentSize : 24 <-- 0.416433 s
currentSize : 25 <-- 15.535189 s
currentSize : 27 <-- 15.536426 s
currentSize : 28 <-- 15.560378 s

maxsize : 28
nodes : 2056354.000000
filtered : 100944689.000000
time : 53.707733
