Parameters: GAD=1 vflib=1 dir=0 label=0 lowerbound=1 fileNameGp=../graphsdb/mcs70/m4D/m4Dr2/mcs70_m4Dr2_s25.A37 fileNameGt=../graphsdb/mcs70/m4D/m4Dr2/mcs70_m4Dr2_s25.B37
Reading graphs...
25 :  51
25 :  51
Initializing...
maxdom : 25
D->valSize : 625
Solving...
Blb : 2 (clique : 14)
currentSize : 14 <-- 0.005337 s
currentSize : 15 <-- 0.008532 s
currentSize : 16 <-- 0.009692 s
currentSize : 17 <-- 0.618948 s
currentSize : 18 <-- 3.811717 s
currentSize : 19 <-- 5.775119 s

maxsize : 19
nodes : 457490.000000
filtered : 15911502.000000
time : 6.707849
