Parameters: GAD=1 vflib=1 dir=0 label=0 lowerbound=1 fileNameGp=../graphsdb/mcs70/m2D/m2Dr4/mcs70_m2Dr4_s25.A41 fileNameGt=../graphsdb/mcs70/m2D/m2Dr4/mcs70_m2Dr4_s25.B41
Reading graphs...
25 :  49
25 :  50
Initializing...
maxdom : 25
D->valSize : 625
Solving...
Blb : 2 (clique : 13)
currentSize : 13 <-- 0.005463 s
currentSize : 14 <-- 0.005552 s
currentSize : 15 <-- 0.006924 s
currentSize : 16 <-- 0.046142 s
currentSize : 17 <-- 0.056912 s
currentSize : 18 <-- 1.122304 s

maxsize : 18
nodes : 473918.000000
filtered : 17589454.000000
time : 7.387922
