Parameters: GAD=1 vflib=1 dir=0 label=0 lowerbound=1 fileNameGp=../graphsdb/mcs70/bvg/b03m/mcs70_b03m_s35.A69 fileNameGt=../graphsdb/mcs70/bvg/b03m/mcs70_b03m_s35.B69
Reading graphs...
35 :  51
35 :  51
Initializing...
maxdom : 35
D->valSize : 1225
Solving...
Blb : 2 (clique : 22)
currentSize : 22 <-- 0.021713 s
currentSize : 23 <-- 0.021974 s
currentSize : 24 <-- 0.022257 s
currentSize : 25 <-- 0.023079 s
currentSize : 26 <-- 1.157813 s
currentSize : 27 <-- 834.390137 s
currentSize : 28 <-- 2709.412354 s

maxsize : 28
nodes : 29858227.000000
filtered : 2328298831.000000
time : 2931.366211
