Parameters: GAD=1 vflib=1 dir=0 label=0 lowerbound=1 fileNameGp=../graphsdb/mcs70/bvg/b03/mcs70_b03_s25.A57 fileNameGt=../graphsdb/mcs70/bvg/b03/mcs70_b03_s25.B57
Reading graphs...
25 :  37
25 :  36
Initializing...
maxdom : 25
D->valSize : 625
Solving...
Blb : 2 (clique : 15)
currentSize : 15 <-- 0.005504 s
currentSize : 16 <-- 0.005656 s
currentSize : 17 <-- 0.014494 s
currentSize : 18 <-- 0.015363 s
currentSize : 19 <-- 0.184042 s
currentSize : 20 <-- 0.184117 s
currentSize : 21 <-- 0.425735 s

maxsize : 21
nodes : 32215.000000
filtered : 1386421.000000
time : 0.830228
