Parameters: GAD=1 vflib=1 dir=0 label=0 lowerbound=1 fileNameGp=../graphsdb/mcs70/rand/r02/mcs70_r02_s25.A63 fileNameGt=../graphsdb/mcs70/rand/r02/mcs70_r02_s25.B63
Reading graphs...
25 :  106
25 :  100
Initializing...
maxdom : 25
D->valSize : 625
Solving...
Blb : 2 (clique : 9)
currentSize : 9 <-- 0.007861 s
currentSize : 10 <-- 0.007967 s
currentSize : 11 <-- 0.007984 s
currentSize : 12 <-- 0.008791 s
currentSize : 13 <-- 0.032281 s
currentSize : 15 <-- 10.156017 s
currentSize : 17 <-- 10.156085 s

maxsize : 17
nodes : 2735783.000000
filtered : 40122608.000000
time : 11.762513
