Parameters: GAD=1 vflib=1 dir=0 label=0 lowerbound=1 fileNameGp=../graphsdb/mcs70/m4D/m4Dr4/mcs70_m4Dr4_s25.A47 fileNameGt=../graphsdb/mcs70/m4D/m4Dr4/mcs70_m4Dr4_s25.B47
Reading graphs...
25 :  57
25 :  55
Initializing...
maxdom : 25
D->valSize : 625
Solving...
Blb : 2 (clique : 11)
currentSize : 11 <-- 0.005203 s
currentSize : 12 <-- 0.005289 s
currentSize : 13 <-- 0.005396 s
currentSize : 14 <-- 0.007711 s
currentSize : 15 <-- 0.029553 s
currentSize : 16 <-- 0.062424 s
currentSize : 17 <-- 0.184278 s
currentSize : 18 <-- 1.620734 s

maxsize : 18
nodes : 360017.000000
filtered : 15177455.000000
time : 4.647531
