Parameters: GAD=1 vflib=1 dir=0 label=0 lowerbound=1 fileNameGp=../graphsdb/mcs70/bvg/b06m/mcs70_b06m_s30.A57 fileNameGt=../graphsdb/mcs70/bvg/b06m/mcs70_b06m_s30.B57
Reading graphs...
30 :  89
30 :  90
Initializing...
maxdom : 30
D->valSize : 900
Solving...
Blb : 2 (clique : 14)
currentSize : 14 <-- 0.010453 s
currentSize : 15 <-- 0.011261 s
currentSize : 16 <-- 0.011341 s
currentSize : 17 <-- 0.046851 s
currentSize : 18 <-- 7.426393 s
currentSize : 19 <-- 8.722603 s
currentSize : 20 <-- 17.588396 s
currentSize : 21 <-- 17.594795 s

maxsize : 21
nodes : 2370718.000000
filtered : 86763606.000000
time : 31.540920
