Parameters: GAD=1 vflib=1 dir=0 label=0 lowerbound=1 fileNameGp=../graphsdb/mcs70/bvg/b09/mcs70_b09_s25.A56 fileNameGt=../graphsdb/mcs70/bvg/b09/mcs70_b09_s25.B56
Reading graphs...
25 :  109
25 :  108
Initializing...
maxdom : 25
D->valSize : 625
Solving...
Blb : 2 (clique : 11)
currentSize : 11 <-- 0.004617 s
currentSize : 12 <-- 0.017223 s
currentSize : 13 <-- 0.024117 s
currentSize : 14 <-- 0.031888 s
currentSize : 16 <-- 0.039931 s
currentSize : 17 <-- 0.101075 s

maxsize : 17
nodes : 206874.000000
filtered : 5551257.000000
time : 1.300320
