Parameters: GAD=1 vflib=1 dir=0 label=0 lowerbound=1 fileNameGp=../graphsdb/mcs70/m4D/m4Dr2/mcs70_m4Dr2_s25.A65 fileNameGt=../graphsdb/mcs70/m4D/m4Dr2/mcs70_m4Dr2_s25.B65
Reading graphs...
25 :  51
25 :  52
Initializing...
maxdom : 25
D->valSize : 625
Solving...
Blb : 2 (clique : 15)
currentSize : 15 <-- 0.005541 s
currentSize : 16 <-- 0.028961 s
currentSize : 17 <-- 0.087101 s
currentSize : 18 <-- 2.202334 s
currentSize : 19 <-- 2.324091 s

maxsize : 19
nodes : 182120.000000
filtered : 8613851.000000
time : 4.020891
