Parameters: GAD=1 vflib=1 dir=0 label=0 lowerbound=1 fileNameGp=../graphsdb/mcs70/m2D/m2Dr4/mcs70_m2Dr4_s25.A36 fileNameGt=../graphsdb/mcs70/m2D/m2Dr4/mcs70_m2Dr4_s25.B36
Reading graphs...
25 :  49
25 :  50
Initializing...
maxdom : 25
D->valSize : 625
Solving...
Blb : 2 (clique : 13)
currentSize : 13 <-- 0.005294 s
currentSize : 14 <-- 0.005533 s
currentSize : 15 <-- 0.005835 s
currentSize : 16 <-- 0.080281 s
currentSize : 17 <-- 0.830656 s
currentSize : 18 <-- 0.830728 s

maxsize : 18
nodes : 318734.000000
filtered : 10433274.000000
time : 6.078533
