Parameters: GAD=1 vflib=1 dir=0 label=0 lowerbound=1 fileNameGp=../graphsdb/mcs70/bvg/b03/mcs70_b03_s25.A71 fileNameGt=../graphsdb/mcs70/bvg/b03/mcs70_b03_s25.B71
Reading graphs...
25 :  37
25 :  37
Initializing...
maxdom : 25
D->valSize : 625
Solving...
Blb : 2 (clique : 15)
currentSize : 15 <-- 0.005423 s
currentSize : 16 <-- 0.005524 s
currentSize : 17 <-- 0.005868 s
currentSize : 18 <-- 0.042945 s
currentSize : 19 <-- 1.104017 s
currentSize : 20 <-- 7.900508 s

maxsize : 20
nodes : 389897.000000
filtered : 16884400.000000
time : 9.620839
