Parameters: GAD=1 vflib=1 dir=0 label=0 lowerbound=1 fileNameGp=../graphsdb/mcs70/m2D/m2Dr2/mcs70_m2Dr2_s25.A72 fileNameGt=../graphsdb/mcs70/m2D/m2Dr2/mcs70_m2Dr2_s25.B72
Reading graphs...
25 :  45
25 :  44
Initializing...
maxdom : 25
D->valSize : 625
Solving...
Blb : 2 (clique : 14)
currentSize : 14 <-- 0.005487 s
currentSize : 15 <-- 0.005635 s
currentSize : 16 <-- 0.005773 s
currentSize : 17 <-- 0.006001 s
currentSize : 18 <-- 0.992415 s

maxsize : 18
nodes : 554167.000000
filtered : 23233715.000000
time : 14.679520
