Parameters: GAD=1 vflib=1 dir=0 label=0 lowerbound=1 fileNameGp=../graphsdb/mcs70/m2D/m2Dr6/m2Dr6/mcs70_m2Dr6_s35.A90 fileNameGt=../graphsdb/mcs70/m2D/m2Dr6/m2Dr6/mcs70_m2Dr6_s35.B90
Reading graphs...
35 :  79
35 :  76
Initializing...
maxdom : 35
D->valSize : 1225
Solving...
Blb : 2 (clique : 18)
currentSize : 18 <-- 0.021001 s
currentSize : 19 <-- 0.021691 s
currentSize : 20 <-- 0.093627 s
currentSize : 21 <-- 0.094289 s
currentSize : 22 <-- 0.918526 s
currentSize : 23 <-- 3.614108 s
currentSize : 24 <-- 1041.937012 s
currentSize : 26 <-- 1047.129883 s

maxsize : 26
nodes : 45810482.000000
filtered : 2147423768.000000
time : 1163.589844
