Parameters: GAD=1 vflib=1 dir=0 label=0 lowerbound=1 fileNameGp=../graphsdb/mcs70/bvg/b06/mcs70_b06_s25.A27 fileNameGt=../graphsdb/mcs70/bvg/b06/mcs70_b06_s25.B27
Reading graphs...
25 :  74
25 :  75
Initializing...
maxdom : 25
D->valSize : 625
Solving...
Blb : 2 (clique : 13)
currentSize : 13 <-- 0.009396 s
currentSize : 14 <-- 0.010798 s
currentSize : 16 <-- 0.010954 s
currentSize : 18 <-- 0.011345 s
currentSize : 19 <-- 0.025552 s

maxsize : 19
nodes : 44032.000000
filtered : 1784691.000000
time : 0.643446
