Parameters: GAD=1 vflib=1 dir=0 label=0 lowerbound=1 fileNameGp=../graphsdb/mcs70/m3D/m3Dr2/mcs70_m3Dr2_s35.A76 fileNameGt=../graphsdb/mcs70/m3D/m3Dr2/mcs70_m3Dr2_s35.B76
Reading graphs...
35 :  79
35 :  79
Initializing...
maxdom : 35
D->valSize : 1225
Solving...
Blb : 2 (clique : 18)
currentSize : 18 <-- 0.035905 s
currentSize : 19 <-- 0.036489 s
currentSize : 20 <-- 0.036636 s
currentSize : 21 <-- 0.214189 s
currentSize : 22 <-- 1.326989 s
currentSize : 23 <-- 47.203640 s
currentSize : 24 <-- 885.137146 s
currentSize : 25 <-- 1093.443359 s
currentSize : 26 <-- 1129.755615 s
currentSize : 27 <-- 1129.756714 s
currentSize : 28 <-- 1129.756714 s

maxsize : 28
nodes : 55862744.000000
filtered : 2722102536.000000
time : 1148.508179
