Parameters: GAD=1 vflib=1 dir=0 label=0 lowerbound=1 fileNameGp=../graphsdb/mcs70/rand/r01/mcs70_r01_s30.A90 fileNameGt=../graphsdb/mcs70/rand/r01/mcs70_r01_s30.B90
Reading graphs...
30 :  82
30 :  83
Initializing...
maxdom : 30
D->valSize : 900
Solving...
Blb : 2 (clique : 14)
currentSize : 14 <-- 0.010927 s
currentSize : 15 <-- 0.011145 s
currentSize : 16 <-- 0.012374 s
currentSize : 17 <-- 0.339773 s
currentSize : 18 <-- 11.648029 s
currentSize : 19 <-- 40.507248 s
currentSize : 21 <-- 43.947098 s

maxsize : 21
nodes : 9337535.000000
filtered : 236674232.000000
time : 78.985687
