Parameters: GAD=1 vflib=1 dir=0 label=0 lowerbound=1 fileNameGp=../graphsdb/mcs70/bvg/b06m/mcs70_b06m_s25.A39 fileNameGt=../graphsdb/mcs70/bvg/b06m/mcs70_b06m_s25.B39
Reading graphs...
25 :  70
25 :  69
Initializing...
maxdom : 25
D->valSize : 625
Solving...
Blb : 2 (clique : 11)
currentSize : 11 <-- 0.008566 s
currentSize : 12 <-- 0.008686 s
currentSize : 13 <-- 0.008820 s
currentSize : 14 <-- 0.012444 s
currentSize : 15 <-- 0.035395 s
currentSize : 17 <-- 0.547900 s

maxsize : 17
nodes : 320503.000000
filtered : 10044323.000000
time : 3.312086
