Parameters: GAD=1 vflib=1 dir=0 label=0 lowerbound=1 fileNameGp=../graphsdb/mcs70/bvg/b03/mcs70_b03_s35.A86 fileNameGt=../graphsdb/mcs70/bvg/b03/mcs70_b03_s35.B86
Reading graphs...
35 :  52
35 :  52
Initializing...
maxdom : 35
D->valSize : 1225
Solving...
Blb : 2 (clique : 20)
currentSize : 20 <-- 0.027266 s
currentSize : 21 <-- 0.027470 s
currentSize : 22 <-- 0.027540 s
currentSize : 23 <-- 0.027678 s
currentSize : 25 <-- 0.027722 s
currentSize : 26 <-- 37.778290 s
currentSize : 27 <-- 106.393806 s
currentSize : 28 <-- 590.993225 s
currentSize : 29 <-- 639.180542 s

maxsize : 29
nodes : 10877066.000000
filtered : 774717057.000000
time : 705.561401
