Parameters: GAD=1 vflib=1 dir=0 label=0 lowerbound=1 fileNameGp=../graphsdb/mcs70/m2D/m2D/mcs70_m2D_s35.A54 fileNameGt=../graphsdb/mcs70/m2D/m2D/mcs70_m2D_s35.B54
Reading graphs...
35 :  58
35 :  58
Initializing...
maxdom : 35
D->valSize : 1225
Solving...
Blb : 2 (clique : 22)
currentSize : 22 <-- 0.037783 s
currentSize : 23 <-- 0.458563 s
currentSize : 24 <-- 1.132160 s
currentSize : 25 <-- 28.436592 s
currentSize : 26 <-- 66.130806 s
currentSize : 27 <-- 1955.928711 s

TIMEOUT
maxsize : 27
nodes : 38810344.000000
filtered : 3121166453.000000
time : 3600.000732
