Parameters: GAD=1 vflib=1 dir=0 label=0 lowerbound=1 fileNameGp=../graphsdb/mcs70/bvg/b06/mcs70_b06_s25.A80 fileNameGt=../graphsdb/mcs70/bvg/b06/mcs70_b06_s25.B80
Reading graphs...
25 :  75
25 :  73
Initializing...
maxdom : 25
D->valSize : 625
Solving...
Blb : 2 (clique : 12)
currentSize : 12 <-- 0.004846 s
currentSize : 13 <-- 0.005781 s
currentSize : 14 <-- 0.006586 s
currentSize : 15 <-- 0.011035 s
currentSize : 16 <-- 0.041430 s
currentSize : 17 <-- 0.061294 s
currentSize : 18 <-- 0.505619 s

maxsize : 18
nodes : 157105.000000
filtered : 4808515.000000
time : 1.810765
