Parameters: GAD=1 vflib=1 dir=0 label=0 lowerbound=1 fileNameGp=../graphsdb/mcs70/bvg/b06m/mcs70_b06m_s30.A72 fileNameGt=../graphsdb/mcs70/bvg/b06m/mcs70_b06m_s30.B72
Reading graphs...
30 :  86
30 :  87
Initializing...
maxdom : 30
D->valSize : 900
Solving...
Blb : 3 (clique : 12)
currentSize : 12 <-- 0.011088 s
currentSize : 14 <-- 0.011195 s
currentSize : 15 <-- 0.013571 s
currentSize : 16 <-- 0.017392 s
currentSize : 17 <-- 0.079648 s
currentSize : 18 <-- 0.488357 s
currentSize : 20 <-- 68.871239 s
currentSize : 21 <-- 68.871315 s

maxsize : 21
nodes : 6603142.000000
filtered : 251696453.000000
time : 90.553551
