Parameters: GAD=1 vflib=1 dir=0 label=0 lowerbound=1 fileNameGp=../graphsdb/mcs70/bvg/b09m/mcs70_b09m_s20.A28 fileNameGt=../graphsdb/mcs70/bvg/b09m/mcs70_b09m_s20.B28
Reading graphs...
20 :  85
20 :  84
Initializing...
maxdom : 20
D->valSize : 400
Solving...
Blb : 2 (clique : 9)
currentSize : 9 <-- 0.002104 s
currentSize : 10 <-- 0.002589 s
currentSize : 11 <-- 0.017693 s
currentSize : 12 <-- 0.173357 s
currentSize : 14 <-- 0.314345 s

maxsize : 14
nodes : 96448.000000
filtered : 1346613.000000
time : 0.370090
