Parameters: GAD=1 vflib=1 dir=0 label=0 lowerbound=1 fileNameGp=../graphsdb/mcs70/rand/r01/mcs70_r01_s30.A06 fileNameGt=../graphsdb/mcs70/rand/r01/mcs70_r01_s30.B06
Reading graphs...
30 :  83
30 :  81
Initializing...
maxdom : 30
D->valSize : 900
Solving...
Blb : 2 (clique : 14)
currentSize : 14 <-- 0.018346 s
currentSize : 15 <-- 0.019661 s
currentSize : 16 <-- 0.026464 s
currentSize : 17 <-- 0.088057 s
currentSize : 18 <-- 1.107405 s
currentSize : 19 <-- 16.863861 s
currentSize : 21 <-- 35.662868 s

maxsize : 21
nodes : 5516475.000000
filtered : 241324230.000000
time : 73.938789
