Parameters: GAD=1 vflib=1 dir=0 label=0 lowerbound=1 fileNameGp=../graphsdb/mcs70/rand/r02/mcs70_r02_s30.A74 fileNameGt=../graphsdb/mcs70/rand/r02/mcs70_r02_s30.B74
Reading graphs...
30 :  155
30 :  158
Initializing...
maxdom : 30
D->valSize : 900
Solving...
Blb : 2 (clique : 9)
currentSize : 9 <-- 0.016439 s
currentSize : 11 <-- 0.016578 s
currentSize : 12 <-- 0.022586 s
currentSize : 13 <-- 0.073673 s
currentSize : 14 <-- 2.339629 s
currentSize : 16 <-- 16.305235 s
currentSize : 21 <-- 72.493668 s

maxsize : 21
nodes : 16048082.000000
filtered : 284991342.000000
time : 74.944305
