Parameters: GAD=1 vflib=1 dir=0 label=0 lowerbound=1 fileNameGp=../graphsdb/mcs70/bvg/b03/mcs70_b03_s30.A42 fileNameGt=../graphsdb/mcs70/bvg/b03/mcs70_b03_s30.B42
Reading graphs...
30 :  45
30 :  45
Initializing...
maxdom : 30
D->valSize : 900
Solving...
Blb : 2 (clique : 19)
currentSize : 19 <-- 0.020185 s
currentSize : 20 <-- 0.020808 s
currentSize : 21 <-- 0.142199 s
currentSize : 22 <-- 0.142850 s
currentSize : 23 <-- 3.118205 s
currentSize : 24 <-- 8.669878 s
currentSize : 25 <-- 10.208426 s

maxsize : 25
nodes : 247145.000000
filtered : 14490750.000000
time : 14.454471
