Parameters: GAD=1 vflib=1 dir=0 label=0 lowerbound=1 fileNameGp=../graphsdb/mcs70/rand/r01/mcs70_r01_s25.A93 fileNameGt=../graphsdb/mcs70/rand/r01/mcs70_r01_s25.B93
Reading graphs...
25 :  56
25 :  54
Initializing...
maxdom : 25
D->valSize : 625
Solving...
Blb : 2 (clique : 14)
currentSize : 14 <-- 0.009026 s
currentSize : 15 <-- 0.012859 s
currentSize : 16 <-- 0.066252 s
currentSize : 17 <-- 0.202697 s
currentSize : 18 <-- 0.691851 s

maxsize : 18
nodes : 196272.000000
filtered : 7691544.000000
time : 3.180590
