Parameters: GAD=1 vflib=1 dir=0 label=0 lowerbound=1 fileNameGp=../graphsdb/mcs70/bvg/b06m/mcs70_b06m_s20.A17 fileNameGt=../graphsdb/mcs70/bvg/b06m/mcs70_b06m_s20.B17
Reading graphs...
20 :  57
20 :  58
Initializing...
maxdom : 20
D->valSize : 400
Solving...
Blb : 2 (clique : 9)
currentSize : 9 <-- 0.002085 s
currentSize : 10 <-- 0.002205 s
currentSize : 11 <-- 0.002393 s
currentSize : 12 <-- 0.002633 s
currentSize : 13 <-- 0.022307 s
currentSize : 14 <-- 0.046319 s

maxsize : 14
nodes : 25927.000000
filtered : 678341.000000
time : 0.203001
