Parameters: GAD=1 vflib=1 dir=0 label=0 lowerbound=1 fileNameGp=../graphsdb/mcs70/m4D/m4D/mcs70_m4D_s25.A01 fileNameGt=../graphsdb/mcs70/m4D/m4D/mcs70_m4D_s25.B01
Reading graphs...
25 :  47
25 :  47
Initializing...
maxdom : 25
D->valSize : 625
Solving...
Blb : 2 (clique : 15)
currentSize : 15 <-- 0.009224 s
currentSize : 16 <-- 0.009489 s
currentSize : 17 <-- 0.017491 s
currentSize : 18 <-- 0.017970 s
currentSize : 19 <-- 1.240592 s

maxsize : 19
nodes : 110104.000000
filtered : 4957488.000000
time : 3.421007
