Parameters: GAD=1 vflib=1 dir=0 label=0 lowerbound=1 fileNameGp=../graphsdb/mcs70/rand/r01/mcs70_r01_s30.A19 fileNameGt=../graphsdb/mcs70/rand/r01/mcs70_r01_s30.B19
Reading graphs...
30 :  82
30 :  82
Initializing...
maxdom : 30
D->valSize : 900
Solving...
Blb : 2 (clique : 16)
currentSize : 16 <-- 0.010895 s
currentSize : 17 <-- 0.011429 s
currentSize : 18 <-- 0.149351 s
currentSize : 19 <-- 142.924011 s
currentSize : 20 <-- 152.506134 s
currentSize : 21 <-- 152.506149 s

maxsize : 21
nodes : 14522844.000000
filtered : 411993716.000000
time : 165.052307
