Parameters: GAD=1 vflib=1 dir=0 label=0 lowerbound=1 fileNameGp=../graphsdb/mcs70/rand/r02/mcs70_r02_s30.A50 fileNameGt=../graphsdb/mcs70/rand/r02/mcs70_r02_s30.B50
Reading graphs...
30 :  150
30 :  155
Initializing...
maxdom : 30
D->valSize : 900
Solving...
Blb : 3 (clique : 12)
currentSize : 12 <-- 0.009471 s
currentSize : 13 <-- 0.174948 s
currentSize : 14 <-- 2.952308 s
currentSize : 15 <-- 19.392452 s
currentSize : 16 <-- 54.573193 s
currentSize : 21 <-- 55.005447 s

maxsize : 21
nodes : 13690798.000000
filtered : 198640287.000000
time : 58.757477
