Parameters: GAD=1 vflib=1 dir=0 label=0 lowerbound=1 fileNameGp=../graphsdb/mcs70/rand/r005/mcs70_r005_s35.A51 fileNameGt=../graphsdb/mcs70/rand/r005/mcs70_r005_s35.B51
Reading graphs...
35 :  58
35 :  57
Initializing...
maxdom : 35
D->valSize : 1225
Solving...
Blb : 2 (clique : 19)
currentSize : 19 <-- 0.021569 s
currentSize : 20 <-- 0.021755 s
currentSize : 21 <-- 0.024570 s
currentSize : 22 <-- 0.052555 s
currentSize : 23 <-- 0.173206 s
currentSize : 24 <-- 0.396038 s
currentSize : 25 <-- 1.161480 s
currentSize : 26 <-- 90.166756 s

TIMEOUT
maxsize : 26
nodes : 53823984.000000
filtered : 4276549430.000000
time : 3600.000244
