Parameters: GAD=1 vflib=1 dir=0 label=0 lowerbound=1 fileNameGp=../graphsdb/mcs70/m2D/m2Dr2/mcs70_m2Dr2_s35.A08 fileNameGt=../graphsdb/mcs70/m2D/m2Dr2/mcs70_m2Dr2_s35.B08
Reading graphs...
35 :  65
35 :  64
Initializing...
maxdom : 35
D->valSize : 1225
Solving...
Blb : 2 (clique : 19)
currentSize : 19 <-- 0.021923 s
currentSize : 20 <-- 0.022104 s
currentSize : 21 <-- 0.026258 s
currentSize : 22 <-- 0.032612 s
currentSize : 23 <-- 0.296288 s
currentSize : 24 <-- 4.701501 s
currentSize : 25 <-- 8.265337 s
currentSize : 26 <-- 840.637512 s

maxsize : 26
nodes : 49597969.000000
filtered : 3660197007.000000
time : 2801.057129
