Parameters: GAD=1 vflib=1 dir=0 label=0 lowerbound=1 fileNameGp=../graphsdb/mcs70/m4D/m4Dr6/mcs70_m4Dr6_s25.A89 fileNameGt=../graphsdb/mcs70/m4D/m4Dr6/mcs70_m4Dr6_s25.B89
Reading graphs...
25 :  60
25 :  58
Initializing...
maxdom : 25
D->valSize : 625
Solving...
Blb : 3 (clique : 13)
currentSize : 13 <-- 0.008932 s
currentSize : 14 <-- 0.012953 s
currentSize : 15 <-- 0.050832 s
currentSize : 16 <-- 0.428638 s
currentSize : 17 <-- 2.343641 s

maxsize : 17
nodes : 759557.000000
filtered : 25061297.000000
time : 9.911457
