Parameters: GAD=1 vflib=1 dir=0 label=0 lowerbound=1 fileNameGp=../graphsdb/mcs70/rand/r01/mcs70_r01_s30.A55 fileNameGt=../graphsdb/mcs70/rand/r01/mcs70_r01_s30.B55
Reading graphs...
30 :  84
30 :  82
Initializing...
maxdom : 30
D->valSize : 900
Solving...
Blb : 2 (clique : 13)
currentSize : 13 <-- 0.018567 s
currentSize : 14 <-- 0.018887 s
currentSize : 15 <-- 0.019653 s
currentSize : 16 <-- 0.020554 s
currentSize : 17 <-- 0.039804 s
currentSize : 18 <-- 0.202852 s
currentSize : 19 <-- 22.574778 s
currentSize : 21 <-- 109.978523 s

maxsize : 21
nodes : 8197298.000000
filtered : 287389186.000000
time : 120.515678
