Parameters: GAD=1 vflib=1 dir=0 label=0 lowerbound=1 fileNameGp=../graphsdb/mcs70/rand/r02/mcs70_r02_s30.A77 fileNameGt=../graphsdb/mcs70/rand/r02/mcs70_r02_s30.B77
Reading graphs...
30 :  153
30 :  150
Initializing...
maxdom : 30
D->valSize : 900
Solving...
Blb : 2 (clique : 10)
currentSize : 10 <-- 0.009465 s
currentSize : 11 <-- 0.009569 s
currentSize : 12 <-- 0.009691 s
currentSize : 13 <-- 0.014522 s
currentSize : 14 <-- 0.282626 s
currentSize : 15 <-- 0.412446 s
currentSize : 16 <-- 6.029993 s
currentSize : 21 <-- 6.944837 s

maxsize : 21
nodes : 1605257.000000
filtered : 37981366.000000
time : 9.449396
