Parameters: GAD=1 vflib=1 dir=0 label=0 lowerbound=1 fileNameGp=../graphsdb/mcs70/bvg/b06m/mcs70_b06m_s30.A35 fileNameGt=../graphsdb/mcs70/bvg/b06m/mcs70_b06m_s30.B35
Reading graphs...
30 :  88
30 :  88
Initializing...
maxdom : 30
D->valSize : 900
Solving...
Blb : 2 (clique : 13)
currentSize : 13 <-- 0.010437 s
currentSize : 14 <-- 0.010555 s
currentSize : 15 <-- 0.010724 s
currentSize : 16 <-- 0.012139 s
currentSize : 17 <-- 0.347981 s
currentSize : 18 <-- 3.307167 s
currentSize : 19 <-- 10.539147 s
currentSize : 20 <-- 10.539240 s
currentSize : 21 <-- 10.539312 s

maxsize : 21
nodes : 1868179.000000
filtered : 69153101.000000
time : 22.934181
