Parameters: GAD=1 vflib=1 dir=0 label=0 lowerbound=1 fileNameGp=../graphsdb/mcs70/m3D/m3D/mcs70_m3D_s35.A13 fileNameGt=../graphsdb/mcs70/m3D/m3D/mcs70_m3D_s35.B13
Reading graphs...
35 :  72
35 :  72
Initializing...
maxdom : 35
D->valSize : 1225
Solving...
Blb : 2 (clique : 21)
currentSize : 21 <-- 0.020873 s
currentSize : 22 <-- 0.021063 s
currentSize : 23 <-- 0.026915 s
currentSize : 24 <-- 0.327463 s
currentSize : 25 <-- 0.376121 s
currentSize : 26 <-- 3.289629 s
currentSize : 27 <-- 3.289696 s
currentSize : 28 <-- 3.841674 s

maxsize : 28
nodes : 1128876.000000
filtered : 64831084.000000
time : 31.637589
