Parameters: GAD=1 vflib=1 dir=0 label=0 lowerbound=1 fileNameGp=../graphsdb/mcs70/rand/r005/mcs70_r005_s35.A53 fileNameGt=../graphsdb/mcs70/rand/r005/mcs70_r005_s35.B53
Reading graphs...
35 :  56
35 :  55
Initializing...
maxdom : 35
D->valSize : 1225
Solving...
Blb : 2 (clique : 21)
currentSize : 21 <-- 0.037586 s
currentSize : 22 <-- 0.038321 s
currentSize : 23 <-- 0.041158 s
currentSize : 24 <-- 0.053452 s
currentSize : 25 <-- 0.104252 s
currentSize : 26 <-- 15.834170 s
currentSize : 27 <-- 816.178894 s

maxsize : 27
nodes : 14353585.000000
filtered : 1101002822.000000
time : 1461.580444
