Parameters: GAD=1 vflib=1 dir=0 label=0 lowerbound=1 fileNameGp=../graphsdb/mcs70/bvg/b09m/mcs70_b09m_s25.A55 fileNameGt=../graphsdb/mcs70/bvg/b09m/mcs70_b09m_s25.B55
Reading graphs...
25 :  104
25 :  103
Initializing...
maxdom : 25
D->valSize : 625
Solving...
Blb : 5 (clique : 11)
currentSize : 11 <-- 0.004903 s
currentSize : 12 <-- 0.005607 s
currentSize : 13 <-- 0.010643 s
currentSize : 14 <-- 0.425315 s
currentSize : 15 <-- 6.464994 s
currentSize : 16 <-- 6.465070 s

maxsize : 16
nodes : 1505771.000000
filtered : 28972547.000000
time : 7.532649
