Parameters: GAD=1 vflib=1 dir=0 label=0 lowerbound=1 fileNameGp=../graphsdb/mcs70/bvg/b06m/mcs70_b06m_s20.A77 fileNameGt=../graphsdb/mcs70/bvg/b06m/mcs70_b06m_s20.B77
Reading graphs...
20 :  55
20 :  54
Initializing...
maxdom : 20
D->valSize : 400
Solving...
Blb : 5 (clique : 10)
currentSize : 10 <-- 0.002129 s
currentSize : 11 <-- 0.002351 s
currentSize : 12 <-- 0.010627 s
currentSize : 13 <-- 0.107383 s
currentSize : 14 <-- 0.117883 s

maxsize : 14
nodes : 49761.000000
filtered : 937730.000000
time : 0.283002
