Parameters: GAD=1 vflib=1 dir=0 label=0 lowerbound=1 fileNameGp=../graphsdb/mcs70/rand/r01/mcs70_r01_s30.A72 fileNameGt=../graphsdb/mcs70/rand/r01/mcs70_r01_s30.B72
Reading graphs...
30 :  80
30 :  80
Initializing...
maxdom : 30
D->valSize : 900
Solving...
Blb : 2 (clique : 15)
currentSize : 15 <-- 0.018517 s
currentSize : 16 <-- 0.045837 s
currentSize : 17 <-- 0.089403 s
currentSize : 18 <-- 0.093776 s
currentSize : 19 <-- 28.524572 s
currentSize : 20 <-- 71.461143 s
currentSize : 21 <-- 71.461227 s

maxsize : 21
nodes : 7085339.000000
filtered : 261974730.000000
time : 95.759750
