Parameters: GAD=1 vflib=1 dir=0 label=0 lowerbound=1 fileNameGp=../graphsdb/mcs70/m2D/m2Dr4/mcs70_m2Dr4_s35.A24 fileNameGt=../graphsdb/mcs70/m2D/m2Dr4/mcs70_m2Dr4_s35.B24
Reading graphs...
35 :  71
35 :  71
Initializing...
maxdom : 35
D->valSize : 1225
Solving...
Blb : 2 (clique : 19)
currentSize : 19 <-- 0.036478 s
currentSize : 20 <-- 0.036758 s
currentSize : 21 <-- 0.036817 s
currentSize : 22 <-- 0.040831 s
currentSize : 23 <-- 0.237967 s
currentSize : 24 <-- 62.721256 s
currentSize : 25 <-- 2035.776245 s

TIMEOUT
maxsize : 25
nodes : 105912680.000000
filtered : 5676348114.000000
time : 3600.000000
