Parameters: GAD=1 vflib=1 dir=0 label=0 lowerbound=1 fileNameGp=../graphsdb/mcs70/m3D/m3D/mcs70_m3D_s35.A19 fileNameGt=../graphsdb/mcs70/m3D/m3D/mcs70_m3D_s35.B19
Reading graphs...
35 :  72
35 :  72
Initializing...
maxdom : 35
D->valSize : 1225
Solving...
Blb : 2 (clique : 18)
currentSize : 18 <-- 0.036877 s
currentSize : 20 <-- 0.037132 s
currentSize : 21 <-- 0.037284 s
currentSize : 22 <-- 0.038602 s
currentSize : 23 <-- 0.066895 s
currentSize : 24 <-- 0.066936 s
currentSize : 25 <-- 0.135136 s
currentSize : 26 <-- 0.135180 s
currentSize : 27 <-- 0.135292 s
currentSize : 28 <-- 0.457717 s

maxsize : 28
nodes : 977315.000000
filtered : 65276355.000000
time : 42.702084
