Parameters: GAD=1 vflib=1 dir=0 label=0 lowerbound=1 fileNameGp=../graphsdb/mcs70/rand/r01/mcs70_r01_s25.A88 fileNameGt=../graphsdb/mcs70/rand/r01/mcs70_r01_s25.B88
Reading graphs...
25 :  54
25 :  52
Initializing...
maxdom : 25
D->valSize : 625
Solving...
Blb : 2 (clique : 13)
currentSize : 13 <-- 0.005542 s
currentSize : 15 <-- 0.005638 s
currentSize : 16 <-- 0.066229 s
currentSize : 17 <-- 5.410174 s
currentSize : 18 <-- 10.812441 s

maxsize : 18
nodes : 1036086.000000
filtered : 45928323.000000
time : 12.917582
