Parameters: GAD=1 vflib=1 dir=0 label=0 lowerbound=1 fileNameGp=../graphsdb/mcs70/rand/r005/mcs70_r005_s30.A45 fileNameGt=../graphsdb/mcs70/rand/r005/mcs70_r005_s30.B45
Reading graphs...
30 :  42
30 :  41
Initializing...
maxdom : 30
D->valSize : 900
Solving...
Blb : 2 (clique : 19)
currentSize : 19 <-- 0.020504 s
currentSize : 20 <-- 0.021008 s
currentSize : 21 <-- 0.220165 s
currentSize : 22 <-- 2.717836 s
currentSize : 23 <-- 3.722578 s
currentSize : 24 <-- 12.820377 s

maxsize : 24
nodes : 509238.000000
filtered : 29896254.000000
time : 28.642616
