Parameters: GAD=1 vflib=1 dir=0 label=0 lowerbound=1 fileNameGp=../graphsdb/mcs70/bvg/b03/mcs70_b03_s35.A95 fileNameGt=../graphsdb/mcs70/bvg/b03/mcs70_b03_s35.B95
Reading graphs...
35 :  52
35 :  52
Initializing...
maxdom : 35
D->valSize : 1225
Solving...
Blb : 2 (clique : 23)
currentSize : 23 <-- 0.038154 s
currentSize : 24 <-- 0.038728 s
currentSize : 25 <-- 0.038919 s
currentSize : 26 <-- 0.061627 s
currentSize : 27 <-- 22.095722 s
currentSize : 28 <-- 856.100952 s

maxsize : 28
nodes : 23774312.000000
filtered : 1977504975.000000
time : 2123.938232
