Parameters: GAD=1 vflib=1 dir=0 label=0 lowerbound=1 fileNameGp=../graphsdb/mcs70/bvg/b09m/mcs70_b09m_s30.A99 fileNameGt=../graphsdb/mcs70/bvg/b09m/mcs70_b09m_s30.B99
Reading graphs...
30 :  130
30 :  129
Initializing...
maxdom : 30
D->valSize : 900
Solving...
Blb : 2 (clique : 12)
currentSize : 12 <-- 0.009835 s
currentSize : 13 <-- 0.009993 s
currentSize : 14 <-- 0.010080 s
currentSize : 15 <-- 0.083726 s
currentSize : 16 <-- 3.607536 s
currentSize : 20 <-- 3.929237 s

maxsize : 20
nodes : 1394311.000000
filtered : 43843393.000000
time : 11.112673
