Parameters: GAD=1 vflib=1 dir=0 label=0 lowerbound=1 fileNameGp=../graphsdb/mcs70/m4D/m4D/mcs70_m4D_s25.A81 fileNameGt=../graphsdb/mcs70/m4D/m4D/mcs70_m4D_s25.B81
Reading graphs...
25 :  47
25 :  47
Initializing...
maxdom : 25
D->valSize : 625
Solving...
Blb : 2 (clique : 15)
currentSize : 15 <-- 0.005386 s
currentSize : 16 <-- 0.005479 s
currentSize : 17 <-- 0.005994 s
currentSize : 18 <-- 0.065512 s
currentSize : 19 <-- 1.937303 s

maxsize : 19
nodes : 177010.000000
filtered : 7098284.000000
time : 2.969345
