Parameters: GAD=1 vflib=1 dir=0 label=0 lowerbound=1 fileNameGp=../graphsdb/mcs70/m2D/m2D/mcs70_m2D_s35.A90 fileNameGt=../graphsdb/mcs70/m2D/m2D/mcs70_m2D_s35.B90
Reading graphs...
35 :  58
35 :  58
Initializing...
maxdom : 35
D->valSize : 1225
Solving...
Blb : 2 (clique : 21)
currentSize : 21 <-- 0.021448 s
currentSize : 22 <-- 0.021645 s
currentSize : 23 <-- 0.022229 s
currentSize : 24 <-- 0.023482 s
currentSize : 25 <-- 0.025423 s
currentSize : 26 <-- 90.027031 s

TIMEOUT
maxsize : 26
nodes : 89192533.000000
filtered : 5531505316.000000
time : 3600.000000
