Parameters: GAD=1 vflib=1 dir=0 label=0 lowerbound=1 fileNameGp=../graphsdb/mcs70/rand/r005/mcs70_r005_s35.A66 fileNameGt=../graphsdb/mcs70/rand/r005/mcs70_r005_s35.B66
Reading graphs...
35 :  58
35 :  57
Initializing...
maxdom : 35
D->valSize : 1225
Solving...
Blb : 2 (clique : 21)
currentSize : 21 <-- 0.021024 s
currentSize : 22 <-- 0.021219 s
currentSize : 23 <-- 0.021534 s
currentSize : 24 <-- 0.035740 s
currentSize : 25 <-- 2.373082 s
currentSize : 26 <-- 28.795473 s

TIMEOUT
maxsize : 26
nodes : 52804529.000000
filtered : 4178500814.000000
time : 3600.000488
