Parameters: GAD=1 vflib=1 dir=0 label=0 lowerbound=1 fileNameGp=../graphsdb/mcs70/m3D/m3D/mcs70_m3D_s35.A43 fileNameGt=../graphsdb/mcs70/m3D/m3D/mcs70_m3D_s35.B43
Reading graphs...
35 :  72
35 :  71
Initializing...
maxdom : 35
D->valSize : 1225
Solving...
Blb : 2 (clique : 20)
currentSize : 20 <-- 0.020674 s
currentSize : 21 <-- 0.020880 s
currentSize : 22 <-- 0.023639 s
currentSize : 23 <-- 4.320063 s
currentSize : 24 <-- 91.954178 s
currentSize : 25 <-- 352.529999 s
currentSize : 26 <-- 524.618408 s
currentSize : 27 <-- 687.241394 s
currentSize : 28 <-- 730.999390 s
currentSize : 29 <-- 731.006042 s

maxsize : 29
nodes : 32145368.000000
filtered : 1348790858.000000
time : 735.233459
