Parameters: GAD=1 vflib=1 dir=0 label=0 lowerbound=1 fileNameGp=../graphsdb/mcs70/m2D/m2Dr6/m2Dr6/mcs70_m2Dr6_s35.A99 fileNameGt=../graphsdb/mcs70/m2D/m2Dr6/m2Dr6/mcs70_m2Dr6_s35.B99
Reading graphs...
35 :  79
35 :  76
Initializing...
maxdom : 35
D->valSize : 1225
Solving...
Blb : 2 (clique : 18)
currentSize : 18 <-- 0.020728 s
currentSize : 19 <-- 0.020988 s
currentSize : 20 <-- 0.027921 s
currentSize : 21 <-- 0.028622 s
currentSize : 22 <-- 0.301581 s
currentSize : 23 <-- 106.971901 s
currentSize : 24 <-- 497.103699 s
currentSize : 25 <-- 1100.236816 s
currentSize : 26 <-- 1764.744751 s

maxsize : 26
nodes : 49897201.000000
filtered : 2694359727.000000
time : 1823.496338
