Parameters: GAD=1 vflib=1 dir=0 label=0 lowerbound=1 fileNameGp=../graphsdb/mcs70/m3D/m3Dr2/mcs70_m3Dr2_s35.A63 fileNameGt=../graphsdb/mcs70/m3D/m3Dr2/mcs70_m3Dr2_s35.B63
Reading graphs...
35 :  78
35 :  77
Initializing...
maxdom : 35
D->valSize : 1225
Solving...
Blb : 2 (clique : 19)
currentSize : 19 <-- 0.036259 s
currentSize : 20 <-- 0.036799 s
currentSize : 21 <-- 0.075061 s
currentSize : 22 <-- 0.085473 s
currentSize : 23 <-- 7.092285 s
currentSize : 24 <-- 7.092893 s
currentSize : 26 <-- 560.532410 s
currentSize : 27 <-- 560.532471 s

maxsize : 27
nodes : 30263915.000000
filtered : 1373499756.000000
time : 599.853638
