Parameters: GAD=1 vflib=1 dir=0 label=0 lowerbound=1 fileNameGp=../graphsdb/mcs70/rand/r02/mcs70_r02_s35.A49 fileNameGt=../graphsdb/mcs70/rand/r02/mcs70_r02_s35.B49
Reading graphs...
35 :  209
35 :  210
Initializing...
maxdom : 35
D->valSize : 1225
Solving...
Blb : 5 (clique : 12)
currentSize : 12 <-- 0.030878 s
currentSize : 13 <-- 0.034720 s
currentSize : 14 <-- 0.304380 s
currentSize : 15 <-- 12.061822 s
currentSize : 16 <-- 68.013229 s
currentSize : 17 <-- 70.719810 s
currentSize : 24 <-- 72.717926 s

maxsize : 24
nodes : 19622865.000000
filtered : 310785278.000000
time : 94.656288
