Parameters: GAD=1 vflib=1 dir=0 label=0 lowerbound=1 fileNameGp=../graphsdb/mcs70/bvg/b09/mcs70_b09_s30.A10 fileNameGt=../graphsdb/mcs70/bvg/b09/mcs70_b09_s30.B10
Reading graphs...
30 :  134
30 :  132
Initializing...
maxdom : 30
D->valSize : 900
Solving...
Blb : 5 (clique : 11)
currentSize : 11 <-- 0.017015 s
currentSize : 12 <-- 0.017251 s
currentSize : 13 <-- 0.017342 s
currentSize : 14 <-- 0.017464 s
currentSize : 15 <-- 0.119831 s
currentSize : 16 <-- 0.186469 s
currentSize : 17 <-- 0.186938 s
currentSize : 18 <-- 0.240354 s
currentSize : 20 <-- 0.241015 s
currentSize : 21 <-- 0.559213 s

maxsize : 21
nodes : 634826.000000
filtered : 23072703.000000
time : 5.137311
