Parameters: GAD=1 vflib=1 dir=0 label=0 lowerbound=1 fileNameGp=../graphsdb/mcs70/m3D/m3D/mcs70_m3D_s35.A69 fileNameGt=../graphsdb/mcs70/m3D/m3D/mcs70_m3D_s35.B69
Reading graphs...
35 :  72
35 :  72
Initializing...
maxdom : 35
D->valSize : 1225
Solving...
Blb : 2 (clique : 18)
currentSize : 18 <-- 0.036525 s
currentSize : 20 <-- 0.036788 s
currentSize : 21 <-- 0.041574 s
currentSize : 22 <-- 0.101604 s
currentSize : 23 <-- 15.200495 s
currentSize : 24 <-- 24.892040 s
currentSize : 25 <-- 167.585098 s
currentSize : 26 <-- 188.666031 s
currentSize : 27 <-- 188.798447 s
currentSize : 28 <-- 188.890533 s
currentSize : 29 <-- 196.657883 s
currentSize : 30 <-- 201.659012 s

maxsize : 30
nodes : 7835833.000000
filtered : 342504349.000000
time : 202.624268
