Parameters: GAD=1 vflib=1 dir=0 label=0 lowerbound=1 fileNameGp=../graphsdb/mcs70/m3D/m3Dr2/mcs70_m3Dr2_s35.A18 fileNameGt=../graphsdb/mcs70/m3D/m3Dr2/mcs70_m3Dr2_s35.B18
Reading graphs...
35 :  78
35 :  79
Initializing...
maxdom : 35
D->valSize : 1225
Solving...
Blb : 2 (clique : 17)
currentSize : 17 <-- 0.020332 s
currentSize : 18 <-- 0.020532 s
currentSize : 19 <-- 0.020609 s
currentSize : 20 <-- 0.041064 s
currentSize : 21 <-- 0.262841 s
currentSize : 22 <-- 0.265717 s
currentSize : 23 <-- 2.179576 s
currentSize : 24 <-- 155.393509 s
currentSize : 25 <-- 1279.297852 s
currentSize : 27 <-- 1279.322876 s

maxsize : 27
nodes : 46065070.000000
filtered : 2365517781.000000
time : 1333.328491
