Parameters: GAD=1 vflib=1 dir=0 label=0 lowerbound=1 fileNameGp=../graphsdb/mcs70/rand/r02/mcs70_r02_s25.A11 fileNameGt=../graphsdb/mcs70/rand/r02/mcs70_r02_s25.B11
Reading graphs...
25 :  106
25 :  109
Initializing...
maxdom : 25
D->valSize : 625
Solving...
Blb : 5 (clique : 11)
currentSize : 11 <-- 0.004774 s
currentSize : 12 <-- 0.013233 s
currentSize : 13 <-- 0.297948 s
currentSize : 14 <-- 4.746510 s
currentSize : 15 <-- 5.182758 s
currentSize : 16 <-- 5.182808 s
currentSize : 17 <-- 5.182858 s

maxsize : 17
nodes : 1364780.000000
filtered : 21979569.000000
time : 6.236920
