Parameters: GAD=1 vflib=1 dir=0 label=0 lowerbound=1 fileNameGp=../graphsdb/mcs70/rand/r01/mcs70_r01_s25.A52 fileNameGt=../graphsdb/mcs70/rand/r01/mcs70_r01_s25.B52
Reading graphs...
25 :  58
25 :  58
Initializing...
maxdom : 25
D->valSize : 625
Solving...
Blb : 2 (clique : 12)
currentSize : 12 <-- 0.008980 s
currentSize : 13 <-- 0.009217 s
currentSize : 14 <-- 0.009287 s
currentSize : 15 <-- 0.016698 s
currentSize : 16 <-- 0.140492 s
currentSize : 17 <-- 5.582352 s

maxsize : 17
nodes : 1230860.000000
filtered : 42016251.000000
time : 16.202513
