Parameters: GAD=1 vflib=1 dir=0 label=0 lowerbound=1 fileNameGp=../graphsdb/mcs70/m2D/m2D/mcs70_m2D_s35.A13 fileNameGt=../graphsdb/mcs70/m2D/m2D/mcs70_m2D_s35.B13
Reading graphs...
35 :  58
35 :  56
Initializing...
maxdom : 35
D->valSize : 1225
Solving...
Blb : 2 (clique : 23)
currentSize : 23 <-- 0.021344 s
currentSize : 24 <-- 0.024378 s
currentSize : 25 <-- 0.025054 s
currentSize : 26 <-- 60.521271 s
currentSize : 27 <-- 670.447205 s
currentSize : 28 <-- 971.321289 s

maxsize : 28
nodes : 23084768.000000
filtered : 1574322735.000000
time : 1051.967285
