Parameters: GAD=1 vflib=1 dir=0 label=0 lowerbound=1 fileNameGp=../graphsdb/mcs70/bvg/b09/mcs70_b09_s25.A64 fileNameGt=../graphsdb/mcs70/bvg/b09/mcs70_b09_s25.B64
Reading graphs...
25 :  111
25 :  111
Initializing...
maxdom : 25
D->valSize : 625
Solving...
Blb : 2 (clique : 10)
currentSize : 10 <-- 0.004706 s
currentSize : 12 <-- 0.004776 s
currentSize : 13 <-- 0.012381 s
currentSize : 14 <-- 0.025410 s
currentSize : 15 <-- 0.025444 s
currentSize : 16 <-- 0.025514 s
currentSize : 17 <-- 0.040707 s

maxsize : 17
nodes : 249569.000000
filtered : 6722995.000000
time : 1.593083
