Parameters: GAD=1 vflib=1 dir=0 label=0 lowerbound=1 fileNameGp=../graphsdb/mcs70/bvg/b06m/mcs70_b06m_s30.A71 fileNameGt=../graphsdb/mcs70/bvg/b06m/mcs70_b06m_s30.B71
Reading graphs...
30 :  88
30 :  86
Initializing...
maxdom : 30
D->valSize : 900
Solving...
Blb : 2 (clique : 14)
currentSize : 14 <-- 0.016833 s
currentSize : 15 <-- 0.016987 s
currentSize : 16 <-- 0.022211 s
currentSize : 17 <-- 0.044157 s
currentSize : 18 <-- 2.002782 s
currentSize : 21 <-- 24.837223 s

maxsize : 21
nodes : 2826408.000000
filtered : 105860976.000000
time : 39.858059
