Parameters: GAD=1 vflib=1 dir=0 label=0 lowerbound=1 fileNameGp=../graphsdb/mcs70/bvg/b03m/mcs70_b03m_s35.A52 fileNameGt=../graphsdb/mcs70/bvg/b03m/mcs70_b03m_s35.B52
Reading graphs...
35 :  51
35 :  50
Initializing...
maxdom : 35
D->valSize : 1225
Solving...
Blb : 2 (clique : 21)
currentSize : 21 <-- 0.038168 s
currentSize : 22 <-- 0.041522 s
currentSize : 23 <-- 0.048955 s
currentSize : 24 <-- 0.054207 s
currentSize : 25 <-- 0.691960 s
currentSize : 26 <-- 0.899726 s
currentSize : 27 <-- 40.892506 s

maxsize : 27
nodes : 16718723.000000
filtered : 1425120494.000000
time : 2032.454102
