Parameters: GAD=1 vflib=1 dir=0 label=0 lowerbound=1 fileNameGp=../graphsdb/mcs70/m3D/m3Dr2/mcs70_m3Dr2_s35.A08 fileNameGt=../graphsdb/mcs70/m3D/m3Dr2/mcs70_m3Dr2_s35.B08
Reading graphs...
35 :  78
35 :  79
Initializing...
maxdom : 35
D->valSize : 1225
Solving...
Blb : 2 (clique : 16)
currentSize : 16 <-- 0.036209 s
currentSize : 18 <-- 0.036451 s
currentSize : 19 <-- 0.043543 s
currentSize : 20 <-- 0.044520 s
currentSize : 21 <-- 0.164389 s
currentSize : 22 <-- 0.370631 s
currentSize : 23 <-- 489.121399 s
currentSize : 24 <-- 503.806305 s
currentSize : 25 <-- 616.493591 s
currentSize : 26 <-- 701.566833 s
currentSize : 27 <-- 701.566895 s

maxsize : 27
nodes : 37465951.000000
filtered : 1573513818.000000
time : 773.176819
