Parameters: GAD=1 vflib=1 dir=0 label=0 lowerbound=1 fileNameGp=../graphsdb/mcs70/m3D/m3Dr6/mcs70_m3Dr6_s35.A17 fileNameGt=../graphsdb/mcs70/m3D/m3Dr6/mcs70_m3Dr6_s35.B17
Reading graphs...
35 :  93
35 :  92
Initializing...
maxdom : 35
D->valSize : 1225
Solving...
Blb : 2 (clique : 16)
currentSize : 16 <-- 0.019732 s
currentSize : 17 <-- 0.020127 s
currentSize : 18 <-- 0.025108 s
currentSize : 19 <-- 0.025262 s
currentSize : 20 <-- 0.037944 s
currentSize : 21 <-- 5.271508 s
currentSize : 22 <-- 640.878418 s
currentSize : 23 <-- 692.642151 s
currentSize : 25 <-- 723.577881 s
currentSize : 27 <-- 830.732483 s

maxsize : 27
nodes : 52793622.000000
filtered : 2141261514.000000
time : 842.393127
