Parameters: GAD=1 vflib=1 dir=0 label=0 lowerbound=1 fileNameGp=../graphsdb/mcs70/bvg/b06/mcs70_b06_s35.A46 fileNameGt=../graphsdb/mcs70/bvg/b06/mcs70_b06_s35.B46
Reading graphs...
35 :  103
35 :  103
Initializing...
maxdom : 35
D->valSize : 1225
Solving...
Blb : 2 (clique : 18)
currentSize : 18 <-- 0.024756 s
currentSize : 19 <-- 0.026104 s
currentSize : 20 <-- 0.094927 s
currentSize : 21 <-- 0.431984 s
currentSize : 22 <-- 0.432367 s
currentSize : 23 <-- 2.288788 s
currentSize : 24 <-- 6.841715 s
currentSize : 25 <-- 14.754185 s
currentSize : 26 <-- 27.527128 s

maxsize : 26
nodes : 2740819.000000
filtered : 147525388.000000
time : 65.274689
