Parameters: GAD=1 vflib=1 dir=0 label=0 lowerbound=1 fileNameGp=../graphsdb/mcs70/bvg/b09m/mcs70_b09m_s30.A36 fileNameGt=../graphsdb/mcs70/bvg/b09m/mcs70_b09m_s30.B36
Reading graphs...
30 :  130
30 :  126
Initializing...
maxdom : 30
D->valSize : 900
Solving...
Blb : 2 (clique : 12)
currentSize : 12 <-- 0.009762 s
currentSize : 13 <-- 0.011672 s
currentSize : 14 <-- 0.019480 s
currentSize : 15 <-- 0.732346 s
currentSize : 16 <-- 24.546801 s
currentSize : 17 <-- 24.557800 s
currentSize : 19 <-- 24.558924 s
currentSize : 20 <-- 24.585527 s

maxsize : 20
nodes : 6396002.000000
filtered : 120594211.000000
time : 32.903568
