Parameters: GAD=1 vflib=1 dir=0 label=0 lowerbound=1 fileNameGp=../graphsdb/mcs70/bvg/b06/mcs70_b06_s35.A16 fileNameGt=../graphsdb/mcs70/bvg/b06/mcs70_b06_s35.B16
Reading graphs...
35 :  104
35 :  104
Initializing...
maxdom : 35
D->valSize : 1225
Solving...
Blb : 2 (clique : 16)
currentSize : 16 <-- 0.024176 s
currentSize : 17 <-- 0.024579 s
currentSize : 18 <-- 0.024754 s
currentSize : 19 <-- 0.028953 s
currentSize : 20 <-- 0.164606 s
currentSize : 22 <-- 3.617491 s
currentSize : 23 <-- 3.931568 s
currentSize : 24 <-- 14.534512 s
currentSize : 25 <-- 14.900591 s
currentSize : 26 <-- 16.538784 s
currentSize : 27 <-- 32.354542 s

maxsize : 27
nodes : 2061977.000000
filtered : 98600243.000000
time : 47.410305
