Parameters: GAD=1 vflib=1 dir=0 label=0 lowerbound=1 fileNameGp=../graphsdb/mcs70/bvg/b03/mcs70_b03_s35.A47 fileNameGt=../graphsdb/mcs70/bvg/b03/mcs70_b03_s35.B47
Reading graphs...
35 :  52
35 :  52
Initializing...
maxdom : 35
D->valSize : 1225
Solving...
Blb : 2 (clique : 25)
currentSize : 25 <-- 0.021430 s
currentSize : 26 <-- 0.159012 s
currentSize : 27 <-- 0.260381 s
currentSize : 28 <-- 591.758911 s
currentSize : 29 <-- 710.250488 s

maxsize : 29
nodes : 8563192.000000
filtered : 628521442.000000
time : 773.388123
