Parameters: GAD=1 vflib=1 dir=0 label=0 lowerbound=1 fileNameGp=../graphsdb/mcs70/m2D/m2Dr4/mcs70_m2Dr4_s25.A57 fileNameGt=../graphsdb/mcs70/m2D/m2Dr4/mcs70_m2Dr4_s25.B57
Reading graphs...
25 :  49
25 :  48
Initializing...
maxdom : 25
D->valSize : 625
Solving...
Blb : 5 (clique : 14)
currentSize : 14 <-- 0.005445 s
currentSize : 15 <-- 0.005607 s
currentSize : 16 <-- 0.007275 s
currentSize : 17 <-- 0.011917 s
currentSize : 18 <-- 0.023630 s

maxsize : 18
nodes : 241527.000000
filtered : 9655647.000000
time : 4.749268
