Parameters: GAD=1 vflib=1 dir=0 label=0 lowerbound=1 fileNameGp=../graphsdb/mcs70/bvg/b09/mcs70_b09_s35.A79 fileNameGt=../graphsdb/mcs70/bvg/b09/mcs70_b09_s35.B79
Reading graphs...
35 :  155
35 :  156
Initializing...
maxdom : 35
D->valSize : 1225
Solving...
Blb : 2 (clique : 14)
currentSize : 14 <-- 0.018389 s
currentSize : 15 <-- 0.018545 s
currentSize : 16 <-- 0.022729 s
currentSize : 17 <-- 0.042901 s
currentSize : 18 <-- 0.045479 s
currentSize : 19 <-- 0.286244 s
currentSize : 20 <-- 0.462092 s
currentSize : 21 <-- 1.406177 s
currentSize : 22 <-- 5.126336 s
currentSize : 23 <-- 6.351152 s
currentSize : 24 <-- 10.681580 s

maxsize : 24
nodes : 4308856.000000
filtered : 195678405.000000
time : 47.173992
