Parameters: GAD=1 vflib=1 dir=0 label=0 lowerbound=1 fileNameGp=../graphsdb/mcs70/rand/r01/mcs70_r01_s25.A13 fileNameGt=../graphsdb/mcs70/rand/r01/mcs70_r01_s25.B13
Reading graphs...
25 :  59
25 :  56
Initializing...
maxdom : 25
D->valSize : 625
Solving...
Blb : 2 (clique : 13)
currentSize : 13 <-- 0.005137 s
currentSize : 14 <-- 0.005311 s
currentSize : 15 <-- 0.007206 s
currentSize : 16 <-- 0.015736 s
currentSize : 17 <-- 1.815945 s

maxsize : 17
nodes : 658367.000000
filtered : 20765642.000000
time : 8.577428
