Parameters: GAD=1 vflib=1 dir=0 label=0 lowerbound=1 fileNameGp=../graphsdb/mcs70/bvg/b09m/mcs70_b09m_s30.A12 fileNameGt=../graphsdb/mcs70/bvg/b09m/mcs70_b09m_s30.B12
Reading graphs...
30 :  129
30 :  130
Initializing...
maxdom : 30
D->valSize : 900
Solving...
Blb : 2 (clique : 11)
currentSize : 11 <-- 0.017126 s
currentSize : 12 <-- 0.017285 s
currentSize : 13 <-- 0.017355 s
currentSize : 14 <-- 0.018721 s
currentSize : 15 <-- 0.042088 s
currentSize : 16 <-- 27.445309 s
currentSize : 20 <-- 51.628983 s

maxsize : 20
nodes : 9728834.000000
filtered : 213133315.000000
time : 58.249897
