Parameters: GAD=1 vflib=1 dir=0 label=0 lowerbound=1 fileNameGp=../graphsdb/mcs70/bvg/b09m/mcs70_b09m_s20.A48 fileNameGt=../graphsdb/mcs70/bvg/b09m/mcs70_b09m_s20.B48
Reading graphs...
20 :  81
20 :  80
Initializing...
maxdom : 20
D->valSize : 400
Solving...
Blb : 5 (clique : 10)
currentSize : 10 <-- 0.002004 s
currentSize : 11 <-- 0.004584 s
currentSize : 12 <-- 0.007280 s
currentSize : 13 <-- 0.128047 s
currentSize : 14 <-- 0.129446 s

maxsize : 14
nodes : 54719.000000
filtered : 950329.000000
time : 0.232333
