Parameters: GAD=1 vflib=1 dir=0 label=0 lowerbound=1 fileNameGp=../graphsdb/mcs70/rand/r01/mcs70_r01_s25.A34 fileNameGt=../graphsdb/mcs70/rand/r01/mcs70_r01_s25.B34
Reading graphs...
25 :  58
25 :  58
Initializing...
maxdom : 25
D->valSize : 625
Solving...
Blb : 2 (clique : 12)
currentSize : 12 <-- 0.005214 s
currentSize : 13 <-- 0.005306 s
currentSize : 14 <-- 0.005325 s
currentSize : 15 <-- 0.007684 s
currentSize : 16 <-- 0.055138 s
currentSize : 17 <-- 1.035708 s

maxsize : 17
nodes : 541393.000000
filtered : 20606403.000000
time : 8.996392
