Parameters: GAD=1 vflib=1 dir=0 label=0 lowerbound=1 fileNameGp=../graphsdb/mcs70/m2D/m2D/mcs70_m2D_s25.A21 fileNameGt=../graphsdb/mcs70/m2D/m2D/mcs70_m2D_s25.B21
Reading graphs...
25 :  40
25 :  40
Initializing...
maxdom : 25
D->valSize : 625
Solving...
Blb : 2 (clique : 14)
currentSize : 14 <-- 0.009563 s
currentSize : 15 <-- 0.009754 s
currentSize : 16 <-- 0.010391 s
currentSize : 17 <-- 0.027371 s
currentSize : 18 <-- 0.228244 s
currentSize : 19 <-- 3.394665 s

maxsize : 19
nodes : 734621.000000
filtered : 27711548.000000
time : 14.667105
