Parameters: GAD=1 vflib=1 dir=0 label=0 lowerbound=1 fileNameGp=../graphsdb/mcs70/m3D/m3Dr6/mcs70_m3Dr6_s35.A60 fileNameGt=../graphsdb/mcs70/m3D/m3Dr6/mcs70_m3Dr6_s35.B60
Reading graphs...
35 :  88
35 :  88
Initializing...
maxdom : 35
D->valSize : 1225
Solving...
Blb : 2 (clique : 17)
currentSize : 17 <-- 0.035298 s
currentSize : 18 <-- 0.036103 s
currentSize : 19 <-- 0.044195 s
currentSize : 20 <-- 0.048783 s
currentSize : 21 <-- 0.137063 s
currentSize : 22 <-- 81.261398 s
currentSize : 23 <-- 214.150452 s
currentSize : 24 <-- 214.150726 s
currentSize : 27 <-- 214.151703 s

maxsize : 27
nodes : 11935533.000000
filtered : 483318509.000000
time : 240.401123
