Parameters: GAD=1 vflib=1 dir=0 label=0 lowerbound=1 fileNameGp=../graphsdb/mcs70/rand/r01/mcs70_r01_s35.A34 fileNameGt=../graphsdb/mcs70/rand/r01/mcs70_r01_s35.B34
Reading graphs...
35 :  111
35 :  109
Initializing...
maxdom : 35
D->valSize : 1225
Solving...
Blb : 5 (clique : 16)
currentSize : 16 <-- 0.033784 s
currentSize : 17 <-- 0.043110 s
currentSize : 18 <-- 0.051054 s
currentSize : 19 <-- 1.876983 s
currentSize : 20 <-- 3.186902 s
currentSize : 21 <-- 5.380697 s
currentSize : 23 <-- 5.382045 s
currentSize : 24 <-- 5.382095 s

maxsize : 24
nodes : 7444216.000000
filtered : 381864765.000000
time : 135.365921
