Parameters: GAD=1 vflib=1 dir=0 label=0 lowerbound=1 fileNameGp=../graphsdb/mcs70/m2D/m2Dr2/mcs70_m2Dr2_s25.A70 fileNameGt=../graphsdb/mcs70/m2D/m2Dr2/mcs70_m2Dr2_s25.B70
Reading graphs...
25 :  45
25 :  44
Initializing...
maxdom : 25
D->valSize : 625
Solving...
Blb : 2 (clique : 14)
currentSize : 14 <-- 0.009389 s
currentSize : 15 <-- 0.009653 s
currentSize : 16 <-- 0.010217 s
currentSize : 17 <-- 0.030549 s
currentSize : 18 <-- 0.045401 s

maxsize : 18
nodes : 982936.000000
filtered : 41482870.000000
time : 23.694492
