Parameters: GAD=1 vflib=1 dir=0 label=0 lowerbound=1 fileNameGp=../graphsdb/mcs70/bvg/b03/mcs70_b03_s35.A18 fileNameGt=../graphsdb/mcs70/bvg/b03/mcs70_b03_s35.B18
Reading graphs...
35 :  52
35 :  52
Initializing...
maxdom : 35
D->valSize : 1225
Solving...
Blb : 2 (clique : 21)
currentSize : 21 <-- 0.021429 s
currentSize : 25 <-- 0.021625 s
currentSize : 26 <-- 0.036472 s
currentSize : 27 <-- 312.957397 s
currentSize : 28 <-- 806.240356 s

maxsize : 28
nodes : 16119416.000000
filtered : 1184601794.000000
time : 1180.499878
