Parameters: GAD=1 vflib=1 dir=0 label=0 lowerbound=1 fileNameGp=../graphsdb/mcs70/m2D/m2Dr6/m2Dr6/mcs70_m2Dr6_s35.A93 fileNameGt=../graphsdb/mcs70/m2D/m2Dr6/m2Dr6/mcs70_m2Dr6_s35.B93
Reading graphs...
35 :  77
35 :  78
Initializing...
maxdom : 35
D->valSize : 1225
Solving...
Blb : 2 (clique : 19)
currentSize : 19 <-- 0.020267 s
currentSize : 20 <-- 0.020508 s
currentSize : 21 <-- 0.035176 s
currentSize : 22 <-- 0.980666 s
currentSize : 23 <-- 24.001846 s
currentSize : 24 <-- 3547.062744 s
currentSize : 25 <-- 3547.062744 s

TIMEOUT
maxsize : 25
nodes : 121483196.000000
filtered : 5945411927.000000
time : 3600.000244
