Parameters: GAD=1 vflib=1 dir=0 label=0 lowerbound=1 fileNameGp=../graphsdb/mcs70/m4D/m4Dr4/mcs70_m4Dr4_s25.A61 fileNameGt=../graphsdb/mcs70/m4D/m4Dr4/mcs70_m4Dr4_s25.B61
Reading graphs...
25 :  54
25 :  55
Initializing...
maxdom : 25
D->valSize : 625
Solving...
Blb : 2 (clique : 14)
currentSize : 14 <-- 0.009144 s
currentSize : 15 <-- 0.010452 s
currentSize : 16 <-- 0.028193 s
currentSize : 17 <-- 0.187857 s
currentSize : 18 <-- 1.024532 s
currentSize : 19 <-- 1.691029 s

maxsize : 19
nodes : 136433.000000
filtered : 5099203.000000
time : 2.219125
