Parameters: GAD=1 vflib=1 dir=0 label=0 lowerbound=1 fileNameGp=../graphsdb/mcs70/rand/r02/mcs70_r02_s20.A00 fileNameGt=../graphsdb/mcs70/rand/r02/mcs70_r02_s20.B00
Reading graphs...
20 :  70
20 :  69
Initializing...
maxdom : 20
D->valSize : 400
Solving...
Blb : 3 (clique : 9)
currentSize : 9 <-- 0.002160 s
currentSize : 10 <-- 0.002395 s
currentSize : 11 <-- 0.006563 s
currentSize : 12 <-- 0.026325 s
currentSize : 13 <-- 0.046406 s
currentSize : 14 <-- 0.075477 s

maxsize : 14
nodes : 38691.000000
filtered : 887924.000000
time : 0.212592
