Parameters: GAD=1 vflib=1 dir=0 label=0 lowerbound=1 fileNameGp=../graphsdb/mcs70/bvg/b03m/mcs70_b03m_s30.A20 fileNameGt=../graphsdb/mcs70/bvg/b03m/mcs70_b03m_s30.B20
Reading graphs...
30 :  45
30 :  45
Initializing...
maxdom : 30
D->valSize : 900
Solving...
Blb : 5 (clique : 17)
currentSize : 17 <-- 0.011559 s
currentSize : 18 <-- 0.011768 s
currentSize : 19 <-- 0.013021 s
currentSize : 20 <-- 0.267986 s
currentSize : 21 <-- 1.526396 s
currentSize : 22 <-- 2.346750 s
currentSize : 23 <-- 50.503662 s

maxsize : 23
nodes : 22139318.000000
filtered : 1366570526.000000
time : 707.755066
