Parameters: GAD=1 vflib=1 dir=0 label=0 lowerbound=1 fileNameGp=../graphsdb/mcs70/bvg/b09m/mcs70_b09m_s30.A52 fileNameGt=../graphsdb/mcs70/bvg/b09m/mcs70_b09m_s30.B52
Reading graphs...
30 :  127
30 :  126
Initializing...
maxdom : 30
D->valSize : 900
Solving...
Blb : 2 (clique : 11)
currentSize : 11 <-- 0.009845 s
currentSize : 12 <-- 0.009962 s
currentSize : 13 <-- 0.010178 s
currentSize : 14 <-- 0.022125 s
currentSize : 15 <-- 1.575561 s
currentSize : 16 <-- 8.412565 s
currentSize : 17 <-- 8.413113 s
currentSize : 18 <-- 17.122196 s
currentSize : 21 <-- 17.127716 s

maxsize : 21
nodes : 3838469.000000
filtered : 78617573.000000
time : 21.352587
