Parameters: GAD=1 vflib=1 dir=0 label=0 lowerbound=1 fileNameGp=../graphsdb/mcs70/m3D/m3Dr2/mcs70_m3Dr2_s35.A90 fileNameGt=../graphsdb/mcs70/m3D/m3Dr2/mcs70_m3Dr2_s35.B90
Reading graphs...
35 :  79
35 :  79
Initializing...
maxdom : 35
D->valSize : 1225
Solving...
Blb : 2 (clique : 17)
currentSize : 17 <-- 0.020806 s
currentSize : 19 <-- 0.020977 s
currentSize : 20 <-- 0.021993 s
currentSize : 21 <-- 0.027066 s
currentSize : 22 <-- 0.465507 s
currentSize : 23 <-- 10.991361 s
currentSize : 24 <-- 55.698833 s
currentSize : 25 <-- 72.487869 s
currentSize : 26 <-- 472.694244 s
currentSize : 27 <-- 703.743958 s

maxsize : 27
nodes : 37323710.000000
filtered : 1737072051.000000
time : 733.108582
