Parameters: GAD=1 vflib=1 dir=0 label=0 lowerbound=1 fileNameGp=../graphsdb/mcs70/rand/r02/mcs70_r02_s35.A28 fileNameGt=../graphsdb/mcs70/rand/r02/mcs70_r02_s35.B28
Reading graphs...
35 :  214
35 :  214
Initializing...
maxdom : 35
D->valSize : 1225
Solving...
Blb : 3 (clique : 10)
currentSize : 10 <-- 0.029513 s
currentSize : 11 <-- 0.029725 s
currentSize : 12 <-- 0.029852 s
currentSize : 13 <-- 0.036835 s
currentSize : 14 <-- 0.133639 s
currentSize : 15 <-- 30.752851 s
currentSize : 16 <-- 171.074265 s
currentSize : 17 <-- 176.141052 s
currentSize : 18 <-- 180.188675 s
currentSize : 20 <-- 182.093658 s
currentSize : 24 <-- 264.043823 s

maxsize : 24
nodes : 58024794.000000
filtered : 977624005.000000
time : 280.849030
