Parameters: GAD=1 vflib=1 dir=0 label=0 lowerbound=1 fileNameGp=../graphsdb/mcs70/bvg/b03m/mcs70_b03m_s25.A04 fileNameGt=../graphsdb/mcs70/bvg/b03m/mcs70_b03m_s25.B04
Reading graphs...
25 :  36
25 :  36
Initializing...
maxdom : 25
D->valSize : 625
Solving...
Blb : 2 (clique : 15)
currentSize : 15 <-- 0.005666 s
currentSize : 16 <-- 0.005878 s
currentSize : 17 <-- 0.006379 s
currentSize : 18 <-- 0.054526 s
currentSize : 19 <-- 2.054741 s
currentSize : 20 <-- 4.355259 s

maxsize : 20
nodes : 174124.000000
filtered : 8449593.000000
time : 6.715098
