Parameters: GAD=1 vflib=1 dir=0 label=0 lowerbound=1 fileNameGp=../graphsdb/mcs70/bvg/b03/mcs70_b03_s30.A11 fileNameGt=../graphsdb/mcs70/bvg/b03/mcs70_b03_s30.B11
Reading graphs...
30 :  45
30 :  45
Initializing...
maxdom : 30
D->valSize : 900
Solving...
Blb : 2 (clique : 19)
currentSize : 19 <-- 0.011557 s
currentSize : 20 <-- 0.011722 s
currentSize : 21 <-- 0.012351 s
currentSize : 22 <-- 0.023957 s
currentSize : 23 <-- 0.224075 s
currentSize : 24 <-- 30.649677 s

maxsize : 24
nodes : 1078309.000000
filtered : 67192039.000000
time : 59.254932
