Parameters: GAD=1 vflib=1 dir=0 label=0 lowerbound=1 fileNameGp=../graphsdb/mcs70/bvg/b03/mcs70_b03_s30.A76 fileNameGt=../graphsdb/mcs70/bvg/b03/mcs70_b03_s30.B76
Reading graphs...
30 :  45
30 :  45
Initializing...
maxdom : 30
D->valSize : 900
Solving...
Blb : 2 (clique : 18)
currentSize : 18 <-- 0.011594 s
currentSize : 19 <-- 0.011729 s
currentSize : 20 <-- 0.011752 s
currentSize : 21 <-- 0.013666 s
currentSize : 22 <-- 2.629399 s
currentSize : 23 <-- 4.249852 s
currentSize : 24 <-- 5.222400 s

maxsize : 24
nodes : 545214.000000
filtered : 30557270.000000
time : 34.022423
