Parameters: GAD=1 vflib=1 dir=0 label=0 lowerbound=1 fileNameGp=../graphsdb/mcs70/rand/r01/mcs70_r01_s35.A05 fileNameGt=../graphsdb/mcs70/rand/r01/mcs70_r01_s35.B05
Reading graphs...
35 :  112
35 :  110
Initializing...
maxdom : 35
D->valSize : 1225
Solving...
Blb : 2 (clique : 14)
currentSize : 14 <-- 0.019595 s
currentSize : 16 <-- 0.019782 s
currentSize : 17 <-- 0.020139 s
currentSize : 18 <-- 0.021968 s
currentSize : 19 <-- 0.224488 s
currentSize : 20 <-- 241.647110 s
currentSize : 21 <-- 1117.393921 s
currentSize : 22 <-- 1142.043335 s
currentSize : 24 <-- 1367.290161 s

maxsize : 24
nodes : 126583757.000000
filtered : 4072320191.000000
time : 1484.204468
