Parameters: GAD=1 vflib=1 dir=0 label=0 lowerbound=1 fileNameGp=../graphsdb/mcs70/m3D/m3Dr4/mcs70_m3Dr4_s35.A31 fileNameGt=../graphsdb/mcs70/m3D/m3Dr4/mcs70_m3Dr4_s35.B31
Reading graphs...
35 :  86
35 :  86
Initializing...
maxdom : 35
D->valSize : 1225
Solving...
Blb : 2 (clique : 17)
currentSize : 17 <-- 0.020198 s
currentSize : 18 <-- 0.023768 s
currentSize : 19 <-- 0.025768 s
currentSize : 20 <-- 0.093446 s
currentSize : 21 <-- 2.932358 s
currentSize : 22 <-- 9.008819 s
currentSize : 23 <-- 13.619348 s
currentSize : 25 <-- 13.627455 s
currentSize : 27 <-- 64.603218 s

maxsize : 27
nodes : 4062086.000000
filtered : 213258315.000000
time : 95.903923
