Parameters: GAD=1 vflib=1 dir=0 label=0 lowerbound=1 fileNameGp=../graphsdb/mcs70/bvg/b06/mcs70_b06_s30.A00 fileNameGt=../graphsdb/mcs70/bvg/b06/mcs70_b06_s30.B00
Reading graphs...
30 :  89
30 :  89
Initializing...
maxdom : 30
D->valSize : 900
Solving...
Blb : 2 (clique : 14)
currentSize : 14 <-- 0.010616 s
currentSize : 15 <-- 0.010784 s
currentSize : 16 <-- 0.010815 s
currentSize : 17 <-- 0.011047 s
currentSize : 18 <-- 0.013088 s
currentSize : 19 <-- 0.013099 s
currentSize : 21 <-- 0.014793 s
currentSize : 22 <-- 5.611732 s
currentSize : 23 <-- 11.506545 s

maxsize : 23
nodes : 631479.000000
filtered : 26354377.000000
time : 13.226547
