Parameters: GAD=1 vflib=1 dir=0 label=0 lowerbound=1 fileNameGp=../graphsdb/mcs70/bvg/b03m/mcs70_b03m_s30.A83 fileNameGt=../graphsdb/mcs70/bvg/b03m/mcs70_b03m_s30.B83
Reading graphs...
30 :  44
30 :  44
Initializing...
maxdom : 30
D->valSize : 900
Solving...
Blb : 2 (clique : 18)
currentSize : 18 <-- 0.020229 s
currentSize : 20 <-- 0.020443 s
currentSize : 21 <-- 0.020465 s
currentSize : 22 <-- 0.046210 s
currentSize : 23 <-- 0.057123 s

maxsize : 23
nodes : 1843196.000000
filtered : 105083972.000000
time : 88.960480
