Parameters: GAD=1 vflib=1 dir=0 label=0 lowerbound=1 fileNameGp=../graphsdb/mcs70/m2D/m2Dr4/mcs70_m2Dr4_s35.A48 fileNameGt=../graphsdb/mcs70/m2D/m2Dr4/mcs70_m2Dr4_s35.B48
Reading graphs...
35 :  71
35 :  70
Initializing...
maxdom : 35
D->valSize : 1225
Solving...
Blb : 2 (clique : 19)
currentSize : 19 <-- 0.020743 s
currentSize : 20 <-- 0.021779 s
currentSize : 21 <-- 0.032674 s
currentSize : 22 <-- 0.039018 s
currentSize : 23 <-- 0.181771 s
currentSize : 24 <-- 303.678284 s
currentSize : 25 <-- 499.013580 s

TIMEOUT
maxsize : 25
nodes : 78856865.000000
filtered : 4940121517.000000
time : 3600.000000
