Parameters: GAD=1 vflib=1 dir=0 label=0 lowerbound=1 fileNameGp=../graphsdb/mcs70/bvg/b09m/mcs70_b09m_s20.A16 fileNameGt=../graphsdb/mcs70/bvg/b09m/mcs70_b09m_s20.B16
Reading graphs...
20 :  86
20 :  85
Initializing...
maxdom : 20
D->valSize : 400
Solving...
Blb : 2 (clique : 8)
currentSize : 8 <-- 0.001949 s
currentSize : 9 <-- 0.001996 s
currentSize : 10 <-- 0.002257 s
currentSize : 11 <-- 0.006416 s
currentSize : 12 <-- 0.064270 s
currentSize : 14 <-- 0.084440 s

maxsize : 14
nodes : 35002.000000
filtered : 695547.000000
time : 0.157814
