Parameters: GAD=1 vflib=1 dir=0 label=0 lowerbound=1 fileNameGp=../graphsdb/mcs70/m2D/m2Dr4/mcs70_m2Dr4_s35.A09 fileNameGt=../graphsdb/mcs70/m2D/m2Dr4/mcs70_m2Dr4_s35.B09
Reading graphs...
35 :  72
35 :  71
Initializing...
maxdom : 35
D->valSize : 1225
Solving...
Blb : 2 (clique : 19)
currentSize : 19 <-- 0.020745 s
currentSize : 21 <-- 0.020914 s
currentSize : 22 <-- 0.022146 s
currentSize : 23 <-- 3.648461 s
currentSize : 24 <-- 53.913815 s
currentSize : 25 <-- 3379.297363 s
currentSize : 26 <-- 3591.125244 s

TIMEOUT
maxsize : 26
nodes : 87780833.000000
filtered : 5384421394.000000
time : 3600.000000
