Parameters: GAD=1 vflib=1 dir=0 label=0 lowerbound=1 fileNameGp=../graphsdb/mcs70/bvg/b09/mcs70_b09_s25.A47 fileNameGt=../graphsdb/mcs70/bvg/b09/mcs70_b09_s25.B47
Reading graphs...
25 :  109
25 :  110
Initializing...
maxdom : 25
D->valSize : 625
Solving...
Blb : 3 (clique : 10)
currentSize : 10 <-- 0.004624 s
currentSize : 11 <-- 0.004821 s
currentSize : 12 <-- 0.011287 s
currentSize : 13 <-- 0.526599 s
currentSize : 14 <-- 0.581197 s
currentSize : 15 <-- 0.586677 s
currentSize : 16 <-- 0.738798 s
currentSize : 17 <-- 0.765763 s

maxsize : 17
nodes : 306925.000000
filtered : 7334034.000000
time : 1.769165
