Parameters: GAD=1 vflib=1 dir=0 label=0 lowerbound=1 fileNameGp=../graphsdb/mcs70/m3D/m3Dr2/mcs70_m3Dr2_s35.A03 fileNameGt=../graphsdb/mcs70/m3D/m3Dr2/mcs70_m3Dr2_s35.B03
Reading graphs...
35 :  79
35 :  77
Initializing...
maxdom : 35
D->valSize : 1225
Solving...
Blb : 2 (clique : 17)
currentSize : 17 <-- 0.020313 s
currentSize : 18 <-- 0.020476 s
currentSize : 19 <-- 0.022082 s
currentSize : 20 <-- 0.042641 s
currentSize : 21 <-- 0.198702 s
currentSize : 22 <-- 2.552179 s
currentSize : 23 <-- 15.739911 s
currentSize : 24 <-- 15.835482 s
currentSize : 25 <-- 15.844257 s
currentSize : 28 <-- 131.152924 s

maxsize : 28
nodes : 7509089.000000
filtered : 322840016.000000
time : 145.111679
