Parameters: GAD=1 vflib=1 dir=0 label=0 lowerbound=1 fileNameGp=../graphsdb/mcs70/m3D/m3Dr4/mcs70_m3Dr4_s35.A57 fileNameGt=../graphsdb/mcs70/m3D/m3Dr4/mcs70_m3Dr4_s35.B57
Reading graphs...
35 :  85
35 :  83
Initializing...
maxdom : 35
D->valSize : 1225
Solving...
Blb : 5 (clique : 17)
currentSize : 17 <-- 0.035606 s
currentSize : 18 <-- 0.036135 s
currentSize : 19 <-- 0.040659 s
currentSize : 20 <-- 0.105712 s
currentSize : 21 <-- 1.172801 s
currentSize : 22 <-- 213.401932 s
currentSize : 23 <-- 1059.045532 s
currentSize : 24 <-- 1059.072144 s
currentSize : 25 <-- 1079.461914 s
currentSize : 27 <-- 1079.462769 s

maxsize : 27
nodes : 87530296.000000
filtered : 2947948171.000000
time : 1113.122681
