Parameters: GAD=1 vflib=1 dir=0 label=0 lowerbound=1 fileNameGp=../graphsdb/mcs70/bvg/b09m/mcs70_b09m_s35.A83 fileNameGt=../graphsdb/mcs70/bvg/b09m/mcs70_b09m_s35.B83
Reading graphs...
35 :  147
35 :  150
Initializing...
maxdom : 35
D->valSize : 1225
Solving...
Blb : 2 (clique : 13)
currentSize : 13 <-- 0.032276 s
currentSize : 14 <-- 0.032535 s
currentSize : 15 <-- 0.033996 s
currentSize : 16 <-- 0.035371 s
currentSize : 17 <-- 1.030597 s
currentSize : 18 <-- 5.910580 s
currentSize : 19 <-- 106.044525 s
currentSize : 20 <-- 162.964828 s
currentSize : 21 <-- 162.993561 s
currentSize : 22 <-- 163.085297 s
currentSize : 23 <-- 223.474518 s
currentSize : 24 <-- 248.963837 s

maxsize : 24
nodes : 30809247.000000
filtered : 1012796729.000000
time : 270.352722
