Parameters: GAD=1 vflib=1 dir=0 label=0 lowerbound=1 fileNameGp=../graphsdb/mcs70/bvg/b03/mcs70_b03_s25.A32 fileNameGt=../graphsdb/mcs70/bvg/b03/mcs70_b03_s25.B32
Reading graphs...
25 :  37
25 :  37
Initializing...
maxdom : 25
D->valSize : 625
Solving...
Blb : 2 (clique : 13)
currentSize : 13 <-- 0.009372 s
currentSize : 16 <-- 0.009503 s
currentSize : 17 <-- 0.009796 s
currentSize : 18 <-- 0.011241 s
currentSize : 19 <-- 0.543740 s
currentSize : 20 <-- 2.578279 s

maxsize : 20
nodes : 156017.000000
filtered : 6224579.000000
time : 3.916446
