Parameters: GAD=1 vflib=1 dir=0 label=0 lowerbound=1 fileNameGp=../graphsdb/mcs70/bvg/b03m/mcs70_b03m_s25.A71 fileNameGt=../graphsdb/mcs70/bvg/b03m/mcs70_b03m_s25.B71
Reading graphs...
25 :  37
25 :  37
Initializing...
maxdom : 25
D->valSize : 625
Solving...
Blb : 2 (clique : 16)
currentSize : 16 <-- 0.009618 s
currentSize : 17 <-- 0.009784 s
currentSize : 18 <-- 0.080252 s
currentSize : 19 <-- 0.182175 s
currentSize : 20 <-- 0.206429 s

maxsize : 20
nodes : 62554.000000
filtered : 2910920.000000
time : 2.269689
