Parameters: GAD=1 vflib=1 dir=0 label=0 lowerbound=1 fileNameGp=../graphsdb/mcs70/bvg/b06/mcs70_b06_s30.A12 fileNameGt=../graphsdb/mcs70/bvg/b06/mcs70_b06_s30.B12
Reading graphs...
30 :  90
30 :  88
Initializing...
maxdom : 30
D->valSize : 900
Solving...
Blb : 2 (clique : 15)
currentSize : 15 <-- 0.010482 s
currentSize : 16 <-- 0.010661 s
currentSize : 17 <-- 0.035151 s
currentSize : 18 <-- 0.077569 s
currentSize : 19 <-- 0.399245 s
currentSize : 20 <-- 0.416633 s
currentSize : 21 <-- 0.426370 s
currentSize : 22 <-- 6.439478 s

maxsize : 22
nodes : 676908.000000
filtered : 29170521.000000
time : 11.794085
