Parameters: GAD=1 vflib=1 dir=0 label=0 lowerbound=1 fileNameGp=../graphsdb/mcs70/bvg/b09m/mcs70_b09m_s35.A79 fileNameGt=../graphsdb/mcs70/bvg/b09m/mcs70_b09m_s35.B79
Reading graphs...
35 :  152
35 :  152
Initializing...
maxdom : 35
D->valSize : 1225
Solving...
Blb : 2 (clique : 18)
currentSize : 18 <-- 0.032359 s
currentSize : 19 <-- 87.388977 s
currentSize : 20 <-- 87.389130 s
currentSize : 22 <-- 87.389168 s
currentSize : 24 <-- 87.389206 s

maxsize : 24
nodes : 14439504.000000
filtered : 455601877.000000
time : 123.285431
