Parameters: GAD=1 vflib=1 dir=0 label=0 lowerbound=1 fileNameGp=../graphsdb/mcs70/bvg/b06m/mcs70_b06m_s35.A33 fileNameGt=../graphsdb/mcs70/bvg/b06m/mcs70_b06m_s35.B33
Reading graphs...
35 :  101
35 :  101
Initializing...
maxdom : 35
D->valSize : 1225
Solving...
Blb : 2 (clique : 16)
currentSize : 16 <-- 0.020073 s
currentSize : 18 <-- 0.020231 s
currentSize : 19 <-- 0.020249 s
currentSize : 20 <-- 0.021441 s
currentSize : 21 <-- 36.839970 s
currentSize : 22 <-- 301.143250 s
currentSize : 24 <-- 690.899292 s

maxsize : 24
nodes : 44164308.000000
filtered : 2332765542.000000
time : 975.147034
