Parameters: GAD=1 vflib=1 dir=0 label=0 lowerbound=1 fileNameGp=../graphsdb/mcs70/bvg/b03/mcs70_b03_s30.A66 fileNameGt=../graphsdb/mcs70/bvg/b03/mcs70_b03_s30.B66
Reading graphs...
30 :  45
30 :  45
Initializing...
maxdom : 30
D->valSize : 900
Solving...
Blb : 2 (clique : 20)
currentSize : 20 <-- 0.011435 s
currentSize : 21 <-- 0.049115 s
currentSize : 22 <-- 0.172380 s
currentSize : 23 <-- 0.291321 s
currentSize : 24 <-- 33.673466 s

maxsize : 24
nodes : 1379328.000000
filtered : 81205478.000000
time : 75.774841
