Parameters: GAD=1 vflib=1 dir=0 label=0 lowerbound=1 fileNameGp=../graphsdb/mcs70/bvg/b09m/mcs70_b09m_s30.A34 fileNameGt=../graphsdb/mcs70/bvg/b09m/mcs70_b09m_s30.B34
Reading graphs...
30 :  132
30 :  131
Initializing...
maxdom : 30
D->valSize : 900
Solving...
Blb : 3 (clique : 12)
currentSize : 12 <-- 0.016852 s
currentSize : 13 <-- 0.017632 s
currentSize : 14 <-- 0.040735 s
currentSize : 15 <-- 6.228715 s
currentSize : 16 <-- 13.676420 s
currentSize : 20 <-- 40.928715 s

maxsize : 20
nodes : 9893388.000000
filtered : 172973983.000000
time : 47.615337
