Parameters: GAD=1 vflib=1 dir=0 label=0 lowerbound=1 fileNameGp=../graphsdb/mcs70/bvg/b03/mcs70_b03_s30.A82 fileNameGt=../graphsdb/mcs70/bvg/b03/mcs70_b03_s30.B82
Reading graphs...
30 :  45
30 :  45
Initializing...
maxdom : 30
D->valSize : 900
Solving...
Blb : 2 (clique : 19)
currentSize : 19 <-- 0.011440 s
currentSize : 20 <-- 0.011640 s
currentSize : 21 <-- 0.015768 s
currentSize : 22 <-- 0.346659 s
currentSize : 23 <-- 2.868098 s
currentSize : 24 <-- 29.213524 s

maxsize : 24
nodes : 1135402.000000
filtered : 65690025.000000
time : 65.196609
