Parameters: GAD=1 vflib=1 dir=0 label=0 lowerbound=1 fileNameGp=../graphsdb/mcs70/bvg/b06/mcs70_b06_s30.A55 fileNameGt=../graphsdb/mcs70/bvg/b06/mcs70_b06_s30.B55
Reading graphs...
30 :  90
30 :  90
Initializing...
maxdom : 30
D->valSize : 900
Solving...
Blb : 2 (clique : 15)
currentSize : 15 <-- 0.010417 s
currentSize : 16 <-- 0.013135 s
currentSize : 17 <-- 0.034361 s
currentSize : 18 <-- 0.077877 s
currentSize : 19 <-- 0.096374 s
currentSize : 21 <-- 0.096546 s
currentSize : 22 <-- 0.259356 s
currentSize : 23 <-- 1.426374 s

maxsize : 23
nodes : 224937.000000
filtered : 9815706.000000
time : 4.406240
