Parameters: GAD=1 vflib=1 dir=0 label=0 lowerbound=1 fileNameGp=../graphsdb/mcs70/bvg/b03m/mcs70_b03m_s35.A97 fileNameGt=../graphsdb/mcs70/bvg/b03m/mcs70_b03m_s35.B97
Reading graphs...
35 :  52
35 :  52
Initializing...
maxdom : 35
D->valSize : 1225
Solving...
Blb : 2 (clique : 24)
currentSize : 24 <-- 0.021329 s
currentSize : 25 <-- 0.056755 s
currentSize : 26 <-- 0.491981 s
currentSize : 27 <-- 86.750389 s
currentSize : 28 <-- 358.711212 s

maxsize : 28
nodes : 6907855.000000
filtered : 567175337.000000
time : 798.311707
