Parameters: GAD=1 vflib=1 dir=0 label=0 lowerbound=1 fileNameGp=../graphsdb/mcs70/bvg/b03m/mcs70_b03m_s25.A21 fileNameGt=../graphsdb/mcs70/bvg/b03m/mcs70_b03m_s25.B21
Reading graphs...
25 :  37
25 :  37
Initializing...
maxdom : 25
D->valSize : 625
Solving...
Blb : 2 (clique : 16)
currentSize : 16 <-- 0.009673 s
currentSize : 17 <-- 0.012745 s
currentSize : 18 <-- 0.028928 s
currentSize : 19 <-- 1.386727 s
currentSize : 20 <-- 1.779161 s

maxsize : 20
nodes : 89978.000000
filtered : 4196006.000000
time : 3.017970
