Parameters: GAD=1 vflib=1 dir=0 label=0 lowerbound=1 fileNameGp=../graphsdb/mcs70/rand/r02/mcs70_r02_s35.A89 fileNameGt=../graphsdb/mcs70/rand/r02/mcs70_r02_s35.B89
Reading graphs...
35 :  202
35 :  211
Initializing...
maxdom : 35
D->valSize : 1225
Solving...
Blb : 5 (clique : 12)
currentSize : 12 <-- 0.030112 s
currentSize : 13 <-- 0.031350 s
currentSize : 14 <-- 0.066949 s
currentSize : 15 <-- 0.988030 s
currentSize : 16 <-- 34.944107 s
currentSize : 17 <-- 262.882507 s
currentSize : 18 <-- 312.580750 s
currentSize : 24 <-- 370.351532 s

maxsize : 24
nodes : 73074024.000000
filtered : 1481476761.000000
time : 386.628540
