Parameters: GAD=1 vflib=1 dir=0 label=0 lowerbound=1 fileNameGp=../graphsdb/mcs70/rand/r02/mcs70_r02_s30.A73 fileNameGt=../graphsdb/mcs70/rand/r02/mcs70_r02_s30.B73
Reading graphs...
30 :  153
30 :  154
Initializing...
maxdom : 30
D->valSize : 900
Solving...
Blb : 3 (clique : 11)
currentSize : 11 <-- 0.016467 s
currentSize : 12 <-- 0.019202 s
currentSize : 13 <-- 0.029986 s
currentSize : 14 <-- 0.644751 s
currentSize : 15 <-- 108.991447 s
currentSize : 16 <-- 109.068901 s
currentSize : 21 <-- 109.076187 s

maxsize : 21
nodes : 27084025.000000
filtered : 342873589.000000
time : 112.205528
