Parameters: GAD=1 vflib=1 dir=0 label=0 lowerbound=1 fileNameGp=../graphsdb/mcs70/bvg/b06m/mcs70_b06m_s35.A98 fileNameGt=../graphsdb/mcs70/bvg/b06m/mcs70_b06m_s35.B98
Reading graphs...
35 :  104
35 :  104
Initializing...
maxdom : 35
D->valSize : 1225
Solving...
Blb : 2 (clique : 16)
currentSize : 16 <-- 0.020339 s
currentSize : 17 <-- 0.020508 s
currentSize : 18 <-- 0.023419 s
currentSize : 19 <-- 0.437225 s
currentSize : 20 <-- 1.687405 s
currentSize : 21 <-- 2.927125 s
currentSize : 22 <-- 13.945305 s
currentSize : 23 <-- 30.717819 s
currentSize : 24 <-- 31.070074 s
currentSize : 25 <-- 278.755005 s

maxsize : 25
nodes : 18926221.000000
filtered : 998090153.000000
time : 310.061646
