Parameters: GAD=1 vflib=1 dir=0 label=0 lowerbound=1 fileNameGp=../graphsdb/mcs70/m2D/m2D/mcs70_m2D_s25.A51 fileNameGt=../graphsdb/mcs70/m2D/m2D/mcs70_m2D_s25.B51
Reading graphs...
25 :  40
25 :  40
Initializing...
maxdom : 25
D->valSize : 625
Solving...
Blb : 2 (clique : 15)
currentSize : 15 <-- 0.009549 s
currentSize : 16 <-- 0.009757 s
currentSize : 17 <-- 0.009781 s
currentSize : 18 <-- 0.009914 s
currentSize : 19 <-- 0.230703 s

maxsize : 19
nodes : 196110.000000
filtered : 8598065.000000
time : 4.904041
