Parameters: GAD=1 vflib=1 dir=0 label=0 lowerbound=1 fileNameGp=../graphsdb/mcs70/rand/r02/mcs70_r02_s35.A44 fileNameGt=../graphsdb/mcs70/rand/r02/mcs70_r02_s35.B44
Reading graphs...
35 :  210
35 :  210
Initializing...
maxdom : 35
D->valSize : 1225
Solving...
Blb : 2 (clique : 10)
currentSize : 10 <-- 0.017670 s
currentSize : 11 <-- 0.017798 s
currentSize : 12 <-- 0.018101 s
currentSize : 13 <-- 0.029131 s
currentSize : 14 <-- 0.270520 s
currentSize : 15 <-- 27.774664 s
currentSize : 16 <-- 143.950165 s
currentSize : 17 <-- 836.824158 s
currentSize : 18 <-- 872.871704 s
currentSize : 19 <-- 920.062622 s
currentSize : 24 <-- 920.786011 s

maxsize : 24
nodes : 209793203.000000
filtered : 3071756104.000000
time : 938.537903
