Parameters: GAD=1 vflib=1 dir=0 label=0 lowerbound=1 fileNameGp=../graphsdb/mcs70/m3D/m3D/mcs70_m3D_s35.A35 fileNameGt=../graphsdb/mcs70/m3D/m3D/mcs70_m3D_s35.B35
Reading graphs...
35 :  71
35 :  70
Initializing...
maxdom : 35
D->valSize : 1225
Solving...
Blb : 2 (clique : 24)
currentSize : 24 <-- 0.020548 s
currentSize : 25 <-- 8.750322 s
currentSize : 26 <-- 15.299262 s
currentSize : 27 <-- 19.945263 s
currentSize : 28 <-- 19.988417 s
currentSize : 29 <-- 21.207376 s

maxsize : 29
nodes : 1264362.000000
filtered : 55122957.000000
time : 28.901493
