Parameters: GAD=1 vflib=1 dir=0 label=0 lowerbound=1 fileNameGp=../graphsdb/mcs70/m2D/m2Dr2/mcs70_m2Dr2_s35.A12 fileNameGt=../graphsdb/mcs70/m2D/m2Dr2/mcs70_m2Dr2_s35.B12
Reading graphs...
35 :  64
35 :  64
Initializing...
maxdom : 35
D->valSize : 1225
Solving...
Blb : 2 (clique : 20)
currentSize : 20 <-- 0.036621 s
currentSize : 21 <-- 0.038319 s
currentSize : 22 <-- 0.048010 s
currentSize : 23 <-- 0.344172 s
currentSize : 24 <-- 1.772538 s
currentSize : 25 <-- 145.901886 s
currentSize : 27 <-- 145.902847 s

maxsize : 27
nodes : 7025368.000000
filtered : 367184118.000000
time : 339.627869
