Parameters: GAD=1 vflib=1 dir=0 label=0 lowerbound=1 fileNameGp=../graphsdb/mcs70/m4D/m4Dr6/mcs70_m4Dr6_s25.A20 fileNameGt=../graphsdb/mcs70/m4D/m4Dr6/mcs70_m4Dr6_s25.B20
Reading graphs...
25 :  62
25 :  60
Initializing...
maxdom : 25
D->valSize : 625
Solving...
Blb : 2 (clique : 12)
currentSize : 12 <-- 0.008911 s
currentSize : 13 <-- 0.009032 s
currentSize : 14 <-- 0.009050 s
currentSize : 15 <-- 0.009642 s
currentSize : 16 <-- 0.012229 s
currentSize : 17 <-- 0.060075 s
currentSize : 18 <-- 0.455430 s

maxsize : 18
nodes : 128850.000000
filtered : 5998182.000000
time : 1.822068
