Parameters: GAD=1 vflib=1 dir=0 label=0 lowerbound=1 fileNameGp=../graphsdb/mcs70/rand/r005/mcs70_r005_s35.A65 fileNameGt=../graphsdb/mcs70/rand/r005/mcs70_r005_s35.B65
Reading graphs...
35 :  57
35 :  58
Initializing...
maxdom : 35
D->valSize : 1225
Solving...
Blb : 5 (clique : 20)
currentSize : 20 <-- 0.021255 s
currentSize : 21 <-- 0.021466 s
currentSize : 22 <-- 0.022338 s
currentSize : 23 <-- 0.022557 s
currentSize : 24 <-- 1.979324 s
currentSize : 25 <-- 19.481348 s
currentSize : 26 <-- 515.640320 s

TIMEOUT
maxsize : 26
nodes : 45615323.000000
filtered : 2730323109.000000
time : 3600.000244
