Parameters: GAD=1 vflib=1 dir=0 label=0 lowerbound=1 fileNameGp=../graphsdb/mcs70/bvg/b03/mcs70_b03_s30.A98 fileNameGt=../graphsdb/mcs70/bvg/b03/mcs70_b03_s30.B98
Reading graphs...
30 :  45
30 :  45
Initializing...
maxdom : 30
D->valSize : 900
Solving...
Blb : 2 (clique : 19)
currentSize : 19 <-- 0.011600 s
currentSize : 20 <-- 0.011927 s
currentSize : 21 <-- 0.015913 s
currentSize : 22 <-- 2.997232 s
currentSize : 23 <-- 7.045079 s

maxsize : 23
nodes : 2589617.000000
filtered : 147275915.000000
time : 136.640747
