Parameters: GAD=1 vflib=1 dir=0 label=0 lowerbound=1 fileNameGp=../graphsdb/mcs70/m4D/m4Dr2/mcs70_m4Dr2_s25.A50 fileNameGt=../graphsdb/mcs70/m4D/m4Dr2/mcs70_m4Dr2_s25.B50
Reading graphs...
25 :  52
25 :  52
Initializing...
maxdom : 25
D->valSize : 625
Solving...
Blb : 5 (clique : 14)
currentSize : 14 <-- 0.009195 s
currentSize : 15 <-- 0.011449 s
currentSize : 16 <-- 0.036306 s
currentSize : 17 <-- 0.068684 s
currentSize : 18 <-- 0.114100 s

maxsize : 18
nodes : 145692.000000
filtered : 6175606.000000
time : 3.216271
