Parameters: GAD=1 vflib=1 dir=0 label=0 lowerbound=1 fileNameGp=../graphsdb/mcs70/bvg/b03m/mcs70_b03m_s30.A62 fileNameGt=../graphsdb/mcs70/bvg/b03m/mcs70_b03m_s30.B62
Reading graphs...
30 :  45
30 :  45
Initializing...
maxdom : 30
D->valSize : 900
Solving...
Blb : 2 (clique : 18)
currentSize : 18 <-- 0.011363 s
currentSize : 20 <-- 0.011494 s
currentSize : 21 <-- 0.011557 s
currentSize : 22 <-- 0.023452 s
currentSize : 23 <-- 0.038824 s
currentSize : 24 <-- 235.012360 s

maxsize : 24
nodes : 3544224.000000
filtered : 248176941.000000
time : 257.597382
