Parameters: GAD=1 vflib=1 dir=0 label=0 lowerbound=1 fileNameGp=../graphsdb/mcs70/rand/r02/mcs70_r02_s35.A13 fileNameGt=../graphsdb/mcs70/rand/r02/mcs70_r02_s35.B13
Reading graphs...
35 :  213
35 :  210
Initializing...
maxdom : 35
D->valSize : 1225
Solving...
Blb : 3 (clique : 11)
currentSize : 11 <-- 0.030276 s
currentSize : 12 <-- 0.030694 s
currentSize : 14 <-- 0.044184 s
currentSize : 15 <-- 7.187382 s
currentSize : 17 <-- 359.331665 s
currentSize : 18 <-- 362.962250 s
currentSize : 24 <-- 364.625366 s

maxsize : 24
nodes : 88764365.000000
filtered : 1147003391.000000
time : 382.029633
