Parameters: GAD=1 vflib=1 dir=0 label=0 lowerbound=1 fileNameGp=../graphsdb/mcs70/m2D/m2Dr4/mcs70_m2Dr4_s35.A71 fileNameGt=../graphsdb/mcs70/m2D/m2Dr4/mcs70_m2Dr4_s35.B71
Reading graphs...
35 :  71
35 :  69
Initializing...
maxdom : 35
D->valSize : 1225
Solving...
Blb : 2 (clique : 19)
currentSize : 19 <-- 0.025063 s
currentSize : 21 <-- 0.025241 s
currentSize : 22 <-- 0.025291 s
currentSize : 23 <-- 12.002033 s
currentSize : 24 <-- 43.823078 s
currentSize : 25 <-- 805.304443 s

maxsize : 25
nodes : 51141913.000000
filtered : 3147705102.000000
time : 1968.701172
