Parameters: GAD=1 vflib=1 dir=0 label=0 lowerbound=1 fileNameGp=../graphsdb/mcs70/m3D/m3D/mcs70_m3D_s35.A21 fileNameGt=../graphsdb/mcs70/m3D/m3D/mcs70_m3D_s35.B21
Reading graphs...
35 :  72
35 :  72
Initializing...
maxdom : 35
D->valSize : 1225
Solving...
Blb : 2 (clique : 21)
currentSize : 21 <-- 0.026116 s
currentSize : 23 <-- 0.026396 s
currentSize : 25 <-- 0.027284 s
currentSize : 26 <-- 0.028300 s
currentSize : 27 <-- 0.028326 s
currentSize : 28 <-- 0.793632 s
currentSize : 29 <-- 5.381650 s

maxsize : 29
nodes : 754681.000000
filtered : 38317605.000000
time : 15.830561
