Parameters: GAD=1 vflib=1 dir=0 label=0 lowerbound=1 fileNameGp=../graphsdb/mcs70/rand/r005/mcs70_r005_s35.A27 fileNameGt=../graphsdb/mcs70/rand/r005/mcs70_r005_s35.B27
Reading graphs...
35 :  58
35 :  57
Initializing...
maxdom : 35
D->valSize : 1225
Solving...
Blb : 2 (clique : 18)
currentSize : 18 <-- 0.025841 s
currentSize : 19 <-- 0.026364 s
currentSize : 20 <-- 0.038438 s
currentSize : 21 <-- 0.039753 s
currentSize : 22 <-- 0.051312 s
currentSize : 23 <-- 0.066215 s
currentSize : 24 <-- 0.209825 s
currentSize : 25 <-- 0.476535 s
currentSize : 26 <-- 15.836226 s
currentSize : 27 <-- 15.837111 s

maxsize : 27
nodes : 6009011.000000
filtered : 497630530.000000
time : 380.381866
