Parameters: GAD=1 vflib=1 dir=0 label=0 lowerbound=1 fileNameGp=../graphsdb/mcs70/bvg/b06/mcs70_b06_s20.A53 fileNameGt=../graphsdb/mcs70/bvg/b06/mcs70_b06_s20.B53
Reading graphs...
20 :  59
20 :  58
Initializing...
maxdom : 20
D->valSize : 400
Solving...
Blb : 2 (clique : 10)
currentSize : 10 <-- 0.002235 s
currentSize : 11 <-- 0.002898 s
currentSize : 12 <-- 0.005893 s
currentSize : 13 <-- 0.019562 s
currentSize : 14 <-- 0.022117 s
currentSize : 15 <-- 0.050749 s

maxsize : 15
nodes : 17829.000000
filtered : 477213.000000
time : 0.150767
