Parameters: GAD=1 vflib=1 dir=0 label=0 lowerbound=1 fileNameGp=../graphsdb/mcs70/m3D/m3D/mcs70_m3D_s35.A39 fileNameGt=../graphsdb/mcs70/m3D/m3D/mcs70_m3D_s35.B39
Reading graphs...
35 :  71
35 :  72
Initializing...
maxdom : 35
D->valSize : 1225
Solving...
Blb : 2 (clique : 18)
currentSize : 18 <-- 0.020476 s
currentSize : 19 <-- 0.020641 s
currentSize : 20 <-- 0.020698 s
currentSize : 21 <-- 0.020756 s
currentSize : 22 <-- 0.042637 s
currentSize : 23 <-- 0.277779 s
currentSize : 24 <-- 1.904410 s
currentSize : 25 <-- 4.977788 s
currentSize : 26 <-- 4.977871 s
currentSize : 27 <-- 4.977961 s
currentSize : 28 <-- 5.119467 s

maxsize : 28
nodes : 1787707.000000
filtered : 86677404.000000
time : 57.396957
