Parameters: GAD=1 vflib=1 dir=0 label=0 lowerbound=1 fileNameGp=../graphsdb/mcs70/bvg/b06/mcs70_b06_s20.A70 fileNameGt=../graphsdb/mcs70/bvg/b06/mcs70_b06_s20.B70
Reading graphs...
20 :  58
20 :  59
Initializing...
maxdom : 20
D->valSize : 400
Solving...
Blb : 2 (clique : 10)
currentSize : 10 <-- 0.002422 s
currentSize : 11 <-- 0.002586 s
currentSize : 12 <-- 0.006580 s
currentSize : 13 <-- 0.008020 s
currentSize : 14 <-- 0.008332 s
currentSize : 15 <-- 0.127043 s

maxsize : 15
nodes : 23798.000000
filtered : 598471.000000
time : 0.160508
