Parameters: GAD=1 vflib=1 dir=0 label=0 lowerbound=1 fileNameGp=../graphsdb/mcs70/m3D/m3Dr4/mcs70_m3Dr4_s35.A12 fileNameGt=../graphsdb/mcs70/m3D/m3Dr4/mcs70_m3Dr4_s35.B12
Reading graphs...
35 :  82
35 :  84
Initializing...
maxdom : 35
D->valSize : 1225
Solving...
Blb : 2 (clique : 18)
currentSize : 18 <-- 0.024640 s
currentSize : 19 <-- 0.060823 s
currentSize : 20 <-- 0.321960 s
currentSize : 21 <-- 2.003602 s
currentSize : 22 <-- 5.077046 s
currentSize : 23 <-- 1752.013916 s
currentSize : 25 <-- 2601.948242 s
currentSize : 27 <-- 2608.503418 s

maxsize : 27
nodes : 141011776.000000
filtered : 5830246412.000000
time : 2638.394775
