Parameters: GAD=1 vflib=1 dir=0 label=0 lowerbound=1 fileNameGp=../graphsdb/mcs70/bvg/b03/mcs70_b03_s35.A33 fileNameGt=../graphsdb/mcs70/bvg/b03/mcs70_b03_s35.B33
Reading graphs...
35 :  52
35 :  52
Initializing...
maxdom : 35
D->valSize : 1225
Solving...
Blb : 2 (clique : 20)
currentSize : 20 <-- 0.026639 s
currentSize : 21 <-- 0.026851 s
currentSize : 22 <-- 0.026916 s
currentSize : 23 <-- 0.027116 s
currentSize : 24 <-- 0.028516 s
currentSize : 25 <-- 0.028551 s
currentSize : 26 <-- 0.720716 s
currentSize : 27 <-- 4.941705 s
currentSize : 28 <-- 58.562912 s
currentSize : 29 <-- 87.274094 s

maxsize : 29
nodes : 5553493.000000
filtered : 456209995.000000
time : 621.334045
