Parameters: GAD=1 vflib=1 dir=0 label=0 lowerbound=1 fileNameGp=../graphsdb/mcs70/bvg/b09m/mcs70_b09m_s25.A19 fileNameGt=../graphsdb/mcs70/bvg/b09m/mcs70_b09m_s25.B19
Reading graphs...
25 :  104
25 :  104
Initializing...
maxdom : 25
D->valSize : 625
Solving...
Blb : 2 (clique : 10)
currentSize : 10 <-- 0.007864 s
currentSize : 11 <-- 0.007988 s
currentSize : 12 <-- 0.011989 s
currentSize : 13 <-- 0.015941 s
currentSize : 14 <-- 0.073595 s
currentSize : 16 <-- 0.119029 s

maxsize : 16
nodes : 395191.000000
filtered : 10664656.000000
time : 2.360988
