Parameters: GAD=1 vflib=1 dir=0 label=0 lowerbound=1 fileNameGp=../graphsdb/mcs70/bvg/b09m/mcs70_b09m_s35.A81 fileNameGt=../graphsdb/mcs70/bvg/b09m/mcs70_b09m_s35.B81
Reading graphs...
35 :  152
35 :  154
Initializing...
maxdom : 35
D->valSize : 1225
Solving...
Blb : 2 (clique : 14)
currentSize : 14 <-- 0.018451 s
currentSize : 15 <-- 0.019550 s
currentSize : 16 <-- 0.025662 s
currentSize : 17 <-- 0.037245 s
currentSize : 18 <-- 22.676123 s
currentSize : 19 <-- 91.945717 s
currentSize : 20 <-- 154.991837 s
currentSize : 21 <-- 159.676178 s
currentSize : 22 <-- 159.676224 s
currentSize : 23 <-- 231.327515 s
currentSize : 24 <-- 231.327591 s

maxsize : 24
nodes : 31163144.000000
filtered : 989634906.000000
time : 255.943756
