Parameters: GAD=1 vflib=1 dir=0 label=0 lowerbound=1 fileNameGp=../graphsdb/mcs70/m4D/m4D/mcs70_m4D_s25.A63 fileNameGt=../graphsdb/mcs70/m4D/m4D/mcs70_m4D_s25.B63
Reading graphs...
25 :  47
25 :  47
Initializing...
maxdom : 25
D->valSize : 625
Solving...
Blb : 2 (clique : 14)
currentSize : 14 <-- 0.005409 s
currentSize : 15 <-- 0.005496 s
currentSize : 16 <-- 0.007440 s
currentSize : 17 <-- 0.010784 s
currentSize : 18 <-- 0.129419 s
currentSize : 19 <-- 3.452813 s

maxsize : 19
nodes : 246068.000000
filtered : 8901070.000000
time : 5.029548
