Parameters: GAD=1 vflib=1 dir=0 label=0 lowerbound=1 fileNameGp=../graphsdb/mcs70/m2D/m2D/mcs70_m2D_s35.A00 fileNameGt=../graphsdb/mcs70/m2D/m2D/mcs70_m2D_s35.B00
Reading graphs...
35 :  57
35 :  58
Initializing...
maxdom : 35
D->valSize : 1225
Solving...
Blb : 2 (clique : 21)
currentSize : 21 <-- 0.021039 s
currentSize : 22 <-- 0.021226 s
currentSize : 23 <-- 0.028809 s
currentSize : 24 <-- 1.487014 s
currentSize : 25 <-- 10.708921 s
currentSize : 26 <-- 24.246693 s
currentSize : 27 <-- 55.178528 s
currentSize : 28 <-- 55.178577 s

maxsize : 28
nodes : 2567991.000000
filtered : 185543573.000000
time : 255.915039
