Parameters: GAD=1 vflib=1 dir=0 label=0 lowerbound=1 fileNameGp=../graphsdb/mcs70/rand/r02/mcs70_r02_s30.A41 fileNameGt=../graphsdb/mcs70/rand/r02/mcs70_r02_s30.B41
Reading graphs...
30 :  150
30 :  154
Initializing...
maxdom : 30
D->valSize : 900
Solving...
Blb : 2 (clique : 11)
currentSize : 11 <-- 0.009487 s
currentSize : 12 <-- 0.009650 s
currentSize : 13 <-- 0.012783 s
currentSize : 14 <-- 0.411438 s
currentSize : 15 <-- 27.814585 s
currentSize : 16 <-- 88.517220 s
currentSize : 19 <-- 92.000107 s
currentSize : 21 <-- 94.197754 s

maxsize : 21
nodes : 22010565.000000
filtered : 337481125.000000
time : 96.751808
