Parameters: GAD=1 vflib=1 dir=0 label=0 lowerbound=1 fileNameGp=../graphsdb/mcs70/m3D/m3D/mcs70_m3D_s35.A96 fileNameGt=../graphsdb/mcs70/m3D/m3D/mcs70_m3D_s35.B96
Reading graphs...
35 :  72
35 :  72
Initializing...
maxdom : 35
D->valSize : 1225
Solving...
Blb : 2 (clique : 19)
currentSize : 19 <-- 0.021953 s
currentSize : 20 <-- 0.022121 s
currentSize : 21 <-- 0.022150 s
currentSize : 22 <-- 0.022734 s
currentSize : 23 <-- 0.025460 s
currentSize : 24 <-- 0.028793 s
currentSize : 25 <-- 16.160921 s
currentSize : 26 <-- 43.397629 s
currentSize : 27 <-- 66.397186 s
currentSize : 28 <-- 66.532799 s

maxsize : 28
nodes : 5101580.000000
filtered : 240802454.000000
time : 115.178284
