Parameters: GAD=1 vflib=1 dir=0 label=0 lowerbound=1 fileNameGp=../graphsdb/mcs70/m2D/m2D/mcs70_m2D_s35.A24 fileNameGt=../graphsdb/mcs70/m2D/m2D/mcs70_m2D_s35.B24
Reading graphs...
35 :  58
35 :  58
Initializing...
maxdom : 35
D->valSize : 1225
Solving...
Blb : 2 (clique : 22)
currentSize : 22 <-- 0.021098 s
currentSize : 23 <-- 0.046149 s
currentSize : 24 <-- 0.047268 s
currentSize : 25 <-- 0.479609 s
currentSize : 26 <-- 1977.296143 s
currentSize : 27 <-- 2782.078613 s
currentSize : 28 <-- 2922.992432 s

maxsize : 28
nodes : 62119077.000000
filtered : 3768718973.000000
time : 3298.896240
