Parameters: GAD=1 vflib=1 dir=0 label=0 lowerbound=1 fileNameGp=../graphsdb/mcs70/bvg/b09/mcs70_b09_s30.A91 fileNameGt=../graphsdb/mcs70/bvg/b09/mcs70_b09_s30.B91
Reading graphs...
30 :  133
30 :  133
Initializing...
maxdom : 30
D->valSize : 900
Solving...
Blb : 5 (clique : 11)
currentSize : 11 <-- 0.009784 s
currentSize : 12 <-- 0.009932 s
currentSize : 13 <-- 0.010366 s
currentSize : 14 <-- 0.020815 s
currentSize : 15 <-- 0.196060 s
currentSize : 16 <-- 0.322716 s
currentSize : 17 <-- 0.325671 s
currentSize : 18 <-- 0.358693 s
currentSize : 19 <-- 0.377463 s
currentSize : 20 <-- 0.399663 s
currentSize : 21 <-- 0.983152 s

maxsize : 21
nodes : 673570.000000
filtered : 23498742.000000
time : 5.218226
