Parameters: GAD=1 vflib=1 dir=0 label=0 lowerbound=1 fileNameGp=../graphsdb/mcs70/bvg/b09/mcs70_b09_s25.A01 fileNameGt=../graphsdb/mcs70/bvg/b09/mcs70_b09_s25.B01
Reading graphs...
25 :  111
25 :  108
Initializing...
maxdom : 25
D->valSize : 625
Solving...
Blb : 2 (clique : 10)
currentSize : 10 <-- 0.004682 s
currentSize : 11 <-- 0.004763 s
currentSize : 12 <-- 0.004901 s
currentSize : 13 <-- 0.009927 s
currentSize : 14 <-- 0.122783 s
currentSize : 15 <-- 0.129218 s
currentSize : 16 <-- 0.200111 s
currentSize : 17 <-- 0.205797 s

maxsize : 17
nodes : 235833.000000
filtered : 6892650.000000
time : 1.543003
