Parameters: GAD=1 vflib=1 dir=0 label=0 lowerbound=1 fileNameGp=../graphsdb/mcs70/rand/r01/mcs70_r01_s30.A57 fileNameGt=../graphsdb/mcs70/rand/r01/mcs70_r01_s30.B57
Reading graphs...
30 :  80
30 :  77
Initializing...
maxdom : 30
D->valSize : 900
Solving...
Blb : 2 (clique : 15)
currentSize : 15 <-- 0.015503 s
currentSize : 17 <-- 0.015616 s
currentSize : 18 <-- 0.016766 s
currentSize : 20 <-- 0.046914 s
currentSize : 21 <-- 0.046941 s

maxsize : 21
nodes : 1678780.000000
filtered : 91873035.000000
time : 39.740517
