Parameters: GAD=1 vflib=1 dir=0 label=0 lowerbound=1 fileNameGp=../graphsdb/mcs70/bvg/b09/mcs70_b09_s25.A78 fileNameGt=../graphsdb/mcs70/bvg/b09/mcs70_b09_s25.B78
Reading graphs...
25 :  109
25 :  109
Initializing...
maxdom : 25
D->valSize : 625
Solving...
Blb : 2 (clique : 12)
currentSize : 12 <-- 0.007961 s
currentSize : 13 <-- 0.087104 s
currentSize : 14 <-- 0.100079 s
currentSize : 15 <-- 0.106422 s
currentSize : 16 <-- 0.866809 s

maxsize : 16
nodes : 437507.000000
filtered : 11263427.000000
time : 2.774404
