Parameters: GAD=1 vflib=1 dir=0 label=0 lowerbound=1 fileNameGp=../graphsdb/mcs70/bvg/b06/mcs70_b06_s30.A18 fileNameGt=../graphsdb/mcs70/bvg/b06/mcs70_b06_s30.B18
Reading graphs...
30 :  89
30 :  89
Initializing...
maxdom : 30
D->valSize : 900
Solving...
Blb : 2 (clique : 15)
currentSize : 15 <-- 0.018277 s
currentSize : 16 <-- 0.018454 s
currentSize : 17 <-- 0.024551 s
currentSize : 18 <-- 0.170392 s
currentSize : 19 <-- 0.170553 s
currentSize : 20 <-- 0.200943 s
currentSize : 21 <-- 0.345281 s
currentSize : 22 <-- 0.345454 s
currentSize : 23 <-- 1.107429 s

maxsize : 23
nodes : 216140.000000
filtered : 9863248.000000
time : 4.252781
