Parameters: GAD=1 vflib=1 dir=0 label=0 lowerbound=1 fileNameGp=../graphsdb/mcs70/bvg/b06/mcs70_b06_s25.A94 fileNameGt=../graphsdb/mcs70/bvg/b06/mcs70_b06_s25.B94
Reading graphs...
25 :  75
25 :  75
Initializing...
maxdom : 25
D->valSize : 625
Solving...
Blb : 3 (clique : 11)
currentSize : 11 <-- 0.008537 s
currentSize : 12 <-- 0.008668 s
currentSize : 13 <-- 0.008937 s
currentSize : 14 <-- 0.009004 s
currentSize : 15 <-- 0.039335 s
currentSize : 16 <-- 0.040662 s
currentSize : 17 <-- 0.133484 s
currentSize : 18 <-- 0.140714 s
currentSize : 19 <-- 0.231008 s

maxsize : 19
nodes : 54189.000000
filtered : 1832352.000000
time : 0.618125
