Parameters: GAD=1 vflib=1 dir=0 label=0 lowerbound=1 fileNameGp=../graphsdb/mcs70/bvg/b03m/mcs70_b03m_s30.A96 fileNameGt=../graphsdb/mcs70/bvg/b03m/mcs70_b03m_s30.B96
Reading graphs...
30 :  44
30 :  44
Initializing...
maxdom : 30
D->valSize : 900
Solving...
Blb : 5 (clique : 19)
currentSize : 19 <-- 0.011429 s
currentSize : 20 <-- 0.011578 s
currentSize : 21 <-- 0.015203 s
currentSize : 22 <-- 0.118930 s
currentSize : 23 <-- 1.278122 s

maxsize : 23
nodes : 2746353.000000
filtered : 188581980.000000
time : 157.385574
