Parameters: GAD=1 vflib=1 dir=0 label=0 lowerbound=1 fileNameGp=../graphsdb/mcs70/bvg/b09m/mcs70_b09m_s20.A40 fileNameGt=../graphsdb/mcs70/bvg/b09m/mcs70_b09m_s20.B40
Reading graphs...
20 :  82
20 :  84
Initializing...
maxdom : 20
D->valSize : 400
Solving...
Blb : 2 (clique : 9)
currentSize : 9 <-- 0.002082 s
currentSize : 10 <-- 0.002571 s
currentSize : 11 <-- 0.002749 s
currentSize : 12 <-- 0.181127 s
currentSize : 14 <-- 0.303363 s

maxsize : 14
nodes : 82886.000000
filtered : 1455992.000000
time : 0.356188
