Parameters: GAD=1 vflib=1 dir=0 label=0 lowerbound=1 fileNameGp=../graphsdb/mcs70/rand/r01/mcs70_r01_s30.A33 fileNameGt=../graphsdb/mcs70/rand/r01/mcs70_r01_s30.B33
Reading graphs...
30 :  80
30 :  82
Initializing...
maxdom : 30
D->valSize : 900
Solving...
Blb : 2 (clique : 15)
currentSize : 15 <-- 0.018655 s
currentSize : 16 <-- 0.018981 s
currentSize : 17 <-- 0.194935 s
currentSize : 18 <-- 0.569747 s
currentSize : 19 <-- 21.932064 s
currentSize : 21 <-- 63.700344 s

maxsize : 21
nodes : 6479012.000000
filtered : 225896562.000000
time : 85.720390
