Parameters: GAD=1 vflib=1 dir=0 label=0 lowerbound=1 fileNameGp=../graphsdb/mcs70/bvg/b09/mcs70_b09_s20.A57 fileNameGt=../graphsdb/mcs70/bvg/b09/mcs70_b09_s20.B57
Reading graphs...
20 :  90
20 :  87
Initializing...
maxdom : 20
D->valSize : 400
Solving...
Blb : 3 (clique : 10)
currentSize : 10 <-- 0.002022 s
currentSize : 11 <-- 0.003369 s
currentSize : 13 <-- 0.006520 s
currentSize : 14 <-- 0.006654 s
currentSize : 15 <-- 0.010419 s

maxsize : 15
nodes : 9387.000000
filtered : 247115.000000
time : 0.053548
