Parameters: GAD=1 vflib=1 dir=0 label=0 lowerbound=1 fileNameGp=../graphsdb/mcs70/m3D/m3Dr2/mcs70_m3Dr2_s35.A54 fileNameGt=../graphsdb/mcs70/m3D/m3Dr2/mcs70_m3Dr2_s35.B54
Reading graphs...
35 :  78
35 :  77
Initializing...
maxdom : 35
D->valSize : 1225
Solving...
Blb : 2 (clique : 18)
currentSize : 18 <-- 0.024904 s
currentSize : 19 <-- 0.025613 s
currentSize : 20 <-- 0.029479 s
currentSize : 21 <-- 0.118521 s
currentSize : 22 <-- 1.617845 s
currentSize : 23 <-- 968.727173 s
currentSize : 24 <-- 1287.574219 s
currentSize : 25 <-- 1562.788086 s
currentSize : 28 <-- 1565.077637 s

maxsize : 28
nodes : 58225808.000000
filtered : 2669979373.000000
time : 1602.522827
