Parameters: GAD=1 vflib=1 dir=0 label=0 lowerbound=1 fileNameGp=../graphsdb/mcs70/m4D/m4D/mcs70_m4D_s25.A89 fileNameGt=../graphsdb/mcs70/m4D/m4D/mcs70_m4D_s25.B89
Reading graphs...
25 :  47
25 :  47
Initializing...
maxdom : 25
D->valSize : 625
Solving...
Blb : 2 (clique : 15)
currentSize : 15 <-- 0.005488 s
currentSize : 16 <-- 0.008298 s
currentSize : 17 <-- 0.012359 s
currentSize : 18 <-- 0.036370 s
currentSize : 19 <-- 0.830530 s

maxsize : 19
nodes : 75275.000000
filtered : 2660153.000000
time : 1.995971
