Parameters: GAD=1 vflib=1 dir=0 label=0 lowerbound=1 fileNameGp=../graphsdb/mcs70/m3D/m3Dr6/mcs70_m3Dr6_s35.A05 fileNameGt=../graphsdb/mcs70/m3D/m3Dr6/mcs70_m3Dr6_s35.B05
Reading graphs...
35 :  91
35 :  89
Initializing...
maxdom : 35
D->valSize : 1225
Solving...
Blb : 2 (clique : 17)
currentSize : 17 <-- 0.020009 s
currentSize : 20 <-- 0.020165 s
currentSize : 21 <-- 0.382689 s
currentSize : 22 <-- 189.521942 s
currentSize : 24 <-- 220.470291 s
currentSize : 27 <-- 357.053436 s

maxsize : 27
nodes : 24873918.000000
filtered : 990256582.000000
time : 390.720184
