Parameters: GAD=1 vflib=1 dir=0 label=0 lowerbound=1 fileNameGp=../graphsdb/mcs70/rand/r01/mcs70_r01_s25.A23 fileNameGt=../graphsdb/mcs70/rand/r01/mcs70_r01_s25.B23
Reading graphs...
25 :  56
25 :  59
Initializing...
maxdom : 25
D->valSize : 625
Solving...
Blb : 2 (clique : 12)
currentSize : 12 <-- 0.005191 s
currentSize : 13 <-- 0.005300 s
currentSize : 14 <-- 0.005359 s
currentSize : 15 <-- 0.005738 s
currentSize : 16 <-- 0.023305 s
currentSize : 17 <-- 4.235910 s
currentSize : 18 <-- 5.900320 s

maxsize : 18
nodes : 621805.000000
filtered : 24981199.000000
time : 6.667147
