Parameters: GAD=1 vflib=1 dir=0 label=0 lowerbound=1 fileNameGp=../graphsdb/mcs70/m3D/m3Dr6/mcs70_m3Dr6_s35.A68 fileNameGt=../graphsdb/mcs70/m3D/m3Dr6/mcs70_m3Dr6_s35.B68
Reading graphs...
35 :  91
35 :  91
Initializing...
maxdom : 35
D->valSize : 1225
Solving...
Blb : 2 (clique : 18)
currentSize : 18 <-- 0.020011 s
currentSize : 19 <-- 0.025271 s
currentSize : 20 <-- 0.162224 s
currentSize : 21 <-- 0.227575 s
currentSize : 22 <-- 33.964012 s
currentSize : 25 <-- 1944.385498 s
currentSize : 27 <-- 1944.385620 s

maxsize : 27
nodes : 111640412.000000
filtered : 4240660824.000000
time : 1965.214844
