Parameters: GAD=1 vflib=1 dir=0 label=0 lowerbound=1 fileNameGp=../graphsdb/mcs70/m2D/m2Dr6/m2Dr6/mcs70_m2Dr6_s25.A90 fileNameGt=../graphsdb/mcs70/m2D/m2Dr6/m2Dr6/mcs70_m2Dr6_s25.B90
Reading graphs...
25 :  55
25 :  54
Initializing...
maxdom : 25
D->valSize : 625
Solving...
Blb : 2 (clique : 13)
currentSize : 13 <-- 0.005780 s
currentSize : 14 <-- 0.005886 s
currentSize : 15 <-- 0.006006 s
currentSize : 16 <-- 0.011495 s
currentSize : 17 <-- 0.397871 s

maxsize : 17
nodes : 1195497.000000
filtered : 37468786.000000
time : 13.442747
