Parameters: GAD=1 vflib=1 dir=0 label=0 lowerbound=1 fileNameGp=../graphsdb/mcs70/m2D/m2Dr2/mcs70_m2Dr2_s35.A13 fileNameGt=../graphsdb/mcs70/m2D/m2Dr2/mcs70_m2Dr2_s35.B13
Reading graphs...
35 :  64
35 :  63
Initializing...
maxdom : 35
D->valSize : 1225
Solving...
Blb : 2 (clique : 21)
currentSize : 21 <-- 0.021158 s
currentSize : 22 <-- 0.021481 s
currentSize : 23 <-- 0.107465 s
currentSize : 24 <-- 0.169701 s
currentSize : 25 <-- 51.983150 s
currentSize : 26 <-- 195.885269 s
currentSize : 27 <-- 195.885483 s

maxsize : 27
nodes : 12751306.000000
filtered : 813448147.000000
time : 715.526733
