Parameters: GAD=1 vflib=1 dir=0 label=0 lowerbound=1 fileNameGp=../graphsdb/mcs70/rand/r005/mcs70_r005_s35.A29 fileNameGt=../graphsdb/mcs70/rand/r005/mcs70_r005_s35.B29
Reading graphs...
35 :  58
35 :  57
Initializing...
maxdom : 35
D->valSize : 1225
Solving...
Blb : 2 (clique : 20)
currentSize : 20 <-- 0.021306 s
currentSize : 21 <-- 0.021487 s
currentSize : 22 <-- 0.021534 s
currentSize : 23 <-- 0.021867 s
currentSize : 24 <-- 0.026439 s
currentSize : 25 <-- 12.610361 s
currentSize : 26 <-- 395.953369 s

TIMEOUT
maxsize : 26
nodes : 40571602.000000
filtered : 2917147350.000000
time : 3600.000732
