Parameters: GAD=1 vflib=1 dir=0 label=0 lowerbound=1 fileNameGp=../graphsdb/mcs70/rand/r02/mcs70_r02_s25.A67 fileNameGt=../graphsdb/mcs70/rand/r02/mcs70_r02_s25.B67
Reading graphs...
25 :  107
25 :  104
Initializing...
maxdom : 25
D->valSize : 625
Solving...
Blb : 2 (clique : 11)
currentSize : 11 <-- 0.004829 s
currentSize : 12 <-- 0.008524 s
currentSize : 13 <-- 0.170802 s
currentSize : 14 <-- 0.202950 s
currentSize : 17 <-- 0.991698 s

maxsize : 17
nodes : 443065.000000
filtered : 8755571.000000
time : 2.241754
