Parameters: GAD=1 vflib=1 dir=0 label=0 lowerbound=1 fileNameGp=../graphsdb/mcs70/rand/r01/mcs70_r01_s30.A00 fileNameGt=../graphsdb/mcs70/rand/r01/mcs70_r01_s30.B00
Reading graphs...
30 :  83
30 :  82
Initializing...
maxdom : 30
D->valSize : 900
Solving...
Blb : 2 (clique : 13)
currentSize : 13 <-- 0.010641 s
currentSize : 14 <-- 0.010966 s
currentSize : 15 <-- 0.011391 s
currentSize : 16 <-- 0.026013 s
currentSize : 17 <-- 0.059104 s
currentSize : 18 <-- 0.078719 s
currentSize : 19 <-- 1.822442 s
currentSize : 20 <-- 120.601898 s
currentSize : 21 <-- 132.580643 s

maxsize : 21
nodes : 7693395.000000
filtered : 329365435.000000
time : 137.644257
