Parameters: GAD=1 vflib=1 dir=0 label=0 lowerbound=1 fileNameGp=../graphsdb/mcs70/bvg/b09/mcs70_b09_s25.A52 fileNameGt=../graphsdb/mcs70/bvg/b09/mcs70_b09_s25.B52
Reading graphs...
25 :  112
25 :  109
Initializing...
maxdom : 25
D->valSize : 625
Solving...
Blb : 2 (clique : 9)
currentSize : 9 <-- 0.007902 s
currentSize : 10 <-- 0.008012 s
currentSize : 11 <-- 0.008136 s
currentSize : 12 <-- 0.008763 s
currentSize : 13 <-- 0.019699 s
currentSize : 14 <-- 0.020369 s
currentSize : 15 <-- 0.020659 s
currentSize : 16 <-- 0.046312 s
currentSize : 17 <-- 0.077122 s

maxsize : 17
nodes : 141899.000000
filtered : 4571256.000000
time : 0.999208
