Parameters: GAD=1 vflib=1 dir=0 label=0 lowerbound=1 fileNameGp=../graphsdb/mcs70/bvg/b09m/mcs70_b09m_s35.A29 fileNameGt=../graphsdb/mcs70/bvg/b09m/mcs70_b09m_s35.B29
Reading graphs...
35 :  146
35 :  148
Initializing...
maxdom : 35
D->valSize : 1225
Solving...
Blb : 2 (clique : 13)
currentSize : 13 <-- 0.018517 s
currentSize : 14 <-- 0.018669 s
currentSize : 15 <-- 0.019596 s
currentSize : 16 <-- 0.021765 s
currentSize : 17 <-- 0.683577 s
currentSize : 18 <-- 5.939102 s
currentSize : 19 <-- 9.159487 s
currentSize : 20 <-- 47.973507 s
currentSize : 21 <-- 48.583481 s
currentSize : 22 <-- 124.059319 s
currentSize : 23 <-- 124.059357 s
currentSize : 24 <-- 124.121033 s
currentSize : 25 <-- 124.121063 s

maxsize : 25
nodes : 17326985.000000
filtered : 546757131.000000
time : 139.055969
