Parameters: GAD=1 vflib=1 dir=0 label=0 lowerbound=1 fileNameGp=../graphsdb/mcs70/rand/r02/mcs70_r02_s30.A43 fileNameGt=../graphsdb/mcs70/rand/r02/mcs70_r02_s30.B43
Reading graphs...
30 :  154
30 :  154
Initializing...
maxdom : 30
D->valSize : 900
Solving...
Blb : 2 (clique : 10)
currentSize : 10 <-- 0.009674 s
currentSize : 11 <-- 0.009821 s
currentSize : 12 <-- 0.010282 s
currentSize : 13 <-- 0.039031 s
currentSize : 14 <-- 1.492187 s
currentSize : 15 <-- 29.621510 s
currentSize : 16 <-- 29.965992 s
currentSize : 17 <-- 30.219368 s
currentSize : 21 <-- 30.223791 s

maxsize : 21
nodes : 7960505.000000
filtered : 107242156.000000
time : 33.519054
