Parameters: GAD=1 vflib=1 dir=0 label=0 lowerbound=1 fileNameGp=../graphsdb/mcs70/bvg/b06m/mcs70_b06m_s20.A42 fileNameGt=../graphsdb/mcs70/bvg/b06m/mcs70_b06m_s20.B42
Reading graphs...
20 :  59
20 :  59
Initializing...
maxdom : 20
D->valSize : 400
Solving...
Blb : 2 (clique : 9)
currentSize : 9 <-- 0.002167 s
currentSize : 10 <-- 0.002466 s
currentSize : 11 <-- 0.002792 s
currentSize : 12 <-- 0.013839 s
currentSize : 13 <-- 0.149751 s
currentSize : 15 <-- 0.419389 s

maxsize : 15
nodes : 82707.000000
filtered : 1811381.000000
time : 0.436040
