Parameters: GAD=1 vflib=1 dir=0 label=0 lowerbound=1 fileNameGp=../graphsdb/mcs70/rand/r01/mcs70_r01_s25.A51 fileNameGt=../graphsdb/mcs70/rand/r01/mcs70_r01_s25.B51
Reading graphs...
25 :  57
25 :  57
Initializing...
maxdom : 25
D->valSize : 625
Solving...
Blb : 2 (clique : 13)
currentSize : 13 <-- 0.008917 s
currentSize : 14 <-- 0.012206 s
currentSize : 15 <-- 0.055792 s
currentSize : 16 <-- 0.138405 s
currentSize : 17 <-- 0.153180 s
currentSize : 18 <-- 0.169634 s

maxsize : 18
nodes : 155923.000000
filtered : 6544632.000000
time : 2.636939
