Parameters: GAD=1 vflib=1 dir=0 label=0 lowerbound=1 fileNameGp=../graphsdb/mcs70/bvg/b06/mcs70_b06_s25.A92 fileNameGt=../graphsdb/mcs70/bvg/b06/mcs70_b06_s25.B92
Reading graphs...
25 :  75
25 :  75
Initializing...
maxdom : 25
D->valSize : 625
Solving...
Blb : 2 (clique : 12)
currentSize : 12 <-- 0.004952 s
currentSize : 13 <-- 0.005763 s
currentSize : 14 <-- 0.008110 s
currentSize : 15 <-- 0.020877 s
currentSize : 16 <-- 0.049739 s
currentSize : 17 <-- 0.118453 s
currentSize : 18 <-- 0.192874 s
currentSize : 19 <-- 0.193620 s

maxsize : 19
nodes : 59459.000000
filtered : 1984691.000000
time : 0.695845
