Parameters: GAD=1 vflib=1 dir=0 label=0 lowerbound=1 fileNameGp=../graphsdb/mcs70/bvg/b03m/mcs70_b03m_s30.A27 fileNameGt=../graphsdb/mcs70/bvg/b03m/mcs70_b03m_s30.B27
Reading graphs...
30 :  45
30 :  45
Initializing...
maxdom : 30
D->valSize : 900
Solving...
Blb : 3 (clique : 17)
currentSize : 17 <-- 0.011409 s
currentSize : 20 <-- 0.011534 s
currentSize : 21 <-- 0.011753 s
currentSize : 22 <-- 1.478733 s
currentSize : 23 <-- 4.938973 s

maxsize : 23
nodes : 6779725.000000
filtered : 397867542.000000
time : 380.654877
