Parameters: GAD=1 vflib=1 dir=0 label=0 lowerbound=1 fileNameGp=../graphsdb/mcs70/rand/r01/mcs70_r01_s35.A28 fileNameGt=../graphsdb/mcs70/rand/r01/mcs70_r01_s35.B28
Reading graphs...
35 :  111
35 :  114
Initializing...
maxdom : 35
D->valSize : 1225
Solving...
Blb : 5 (clique : 14)
currentSize : 14 <-- 0.019313 s
currentSize : 16 <-- 0.019455 s
currentSize : 17 <-- 0.019538 s
currentSize : 18 <-- 0.021997 s
currentSize : 19 <-- 0.183405 s
currentSize : 20 <-- 29.061041 s
currentSize : 21 <-- 658.867737 s
currentSize : 24 <-- 1584.708008 s

maxsize : 24
nodes : 163355727.000000
filtered : 5434263053.000000
time : 1718.786011
