Parameters: GAD=1 vflib=1 dir=0 label=0 lowerbound=1 fileNameGp=../graphsdb/mcs70/bvg/b06/mcs70_b06_s25.A88 fileNameGt=../graphsdb/mcs70/bvg/b06/mcs70_b06_s25.B88
Reading graphs...
25 :  74
25 :  73
Initializing...
maxdom : 25
D->valSize : 625
Solving...
Blb : 2 (clique : 13)
currentSize : 13 <-- 0.008678 s
currentSize : 14 <-- 0.009496 s
currentSize : 15 <-- 0.100994 s
currentSize : 16 <-- 0.131963 s
currentSize : 18 <-- 0.361754 s

maxsize : 18
nodes : 202588.000000
filtered : 6249441.000000
time : 1.965153
