Parameters: GAD=1 vflib=1 dir=0 label=0 lowerbound=1 fileNameGp=../graphsdb/mcs70/rand/r01/mcs70_r01_s30.A12 fileNameGt=../graphsdb/mcs70/rand/r01/mcs70_r01_s30.B12
Reading graphs...
30 :  82
30 :  83
Initializing...
maxdom : 30
D->valSize : 900
Solving...
Blb : 3 (clique : 14)
currentSize : 14 <-- 0.010608 s
currentSize : 15 <-- 0.010825 s
currentSize : 16 <-- 0.026936 s
currentSize : 17 <-- 0.163612 s
currentSize : 18 <-- 3.321351 s
currentSize : 19 <-- 55.098614 s
currentSize : 21 <-- 101.364220 s

maxsize : 21
nodes : 11338449.000000
filtered : 313295827.000000
time : 108.141762
