Parameters: GAD=1 vflib=1 dir=0 label=0 lowerbound=1 fileNameGp=../graphsdb/mcs70/bvg/b06/mcs70_b06_s30.A61 fileNameGt=../graphsdb/mcs70/bvg/b06/mcs70_b06_s30.B61
Reading graphs...
30 :  90
30 :  89
Initializing...
maxdom : 30
D->valSize : 900
Solving...
Blb : 2 (clique : 14)
currentSize : 14 <-- 0.010369 s
currentSize : 15 <-- 0.010692 s
currentSize : 16 <-- 0.014231 s
currentSize : 17 <-- 1.230030 s
currentSize : 18 <-- 1.230659 s
currentSize : 19 <-- 1.260189 s
currentSize : 20 <-- 1.323248 s
currentSize : 21 <-- 1.471542 s
currentSize : 22 <-- 1.536328 s
currentSize : 23 <-- 3.173708 s

maxsize : 23
nodes : 409668.000000
filtered : 14423593.000000
time : 5.763195
