Parameters: GAD=1 vflib=1 dir=0 label=0 lowerbound=1 fileNameGp=../graphsdb/mcs70/m2D/m2Dr6/m2Dr6/mcs70_m2Dr6_s35.A98 fileNameGt=../graphsdb/mcs70/m2D/m2Dr6/m2Dr6/mcs70_m2Dr6_s35.B98
Reading graphs...
35 :  77
35 :  75
Initializing...
maxdom : 35
D->valSize : 1225
Solving...
Blb : 2 (clique : 17)
currentSize : 17 <-- 0.020607 s
currentSize : 18 <-- 0.022970 s
currentSize : 19 <-- 0.031864 s
currentSize : 20 <-- 0.052309 s
currentSize : 21 <-- 0.116874 s
currentSize : 22 <-- 4.539892 s
currentSize : 23 <-- 70.526863 s

TIMEOUT
maxsize : 23
nodes : 103527997.000000
filtered : 5167687139.000000
time : 3600.000000
