Parameters: GAD=1 vflib=1 dir=0 label=0 lowerbound=1 fileNameGp=../graphsdb/mcs70/bvg/b06m/mcs70_b06m_s25.A94 fileNameGt=../graphsdb/mcs70/bvg/b06m/mcs70_b06m_s25.B94
Reading graphs...
25 :  70
25 :  70
Initializing...
maxdom : 25
D->valSize : 625
Solving...
Blb : 2 (clique : 12)
currentSize : 12 <-- 0.004995 s
currentSize : 13 <-- 0.005080 s
currentSize : 14 <-- 0.005098 s
currentSize : 15 <-- 0.016200 s
currentSize : 17 <-- 3.403364 s

maxsize : 17
nodes : 577634.000000
filtered : 15520288.000000
time : 5.198206
