Parameters: GAD=1 vflib=1 dir=0 label=0 lowerbound=1 fileNameGp=../graphsdb/mcs70/m2D/m2D/mcs70_m2D_s35.A42 fileNameGt=../graphsdb/mcs70/m2D/m2D/mcs70_m2D_s35.B42
Reading graphs...
35 :  58
35 :  58
Initializing...
maxdom : 35
D->valSize : 1225
Solving...
Blb : 2 (clique : 22)
currentSize : 22 <-- 0.036693 s
currentSize : 23 <-- 0.037125 s
currentSize : 24 <-- 0.381314 s
currentSize : 25 <-- 1.243853 s
currentSize : 26 <-- 348.166077 s
currentSize : 27 <-- 348.184174 s
currentSize : 28 <-- 350.383911 s

maxsize : 28
nodes : 10286126.000000
filtered : 655319063.000000
time : 519.655945
