Parameters: GAD=1 vflib=1 dir=0 label=0 lowerbound=1 fileNameGp=../graphsdb/mcs70/rand/r02/mcs70_r02_s35.A35 fileNameGt=../graphsdb/mcs70/rand/r02/mcs70_r02_s35.B35
Reading graphs...
35 :  219
35 :  213
Initializing...
maxdom : 35
D->valSize : 1225
Solving...
Blb : 2 (clique : 12)
currentSize : 12 <-- 0.030091 s
currentSize : 13 <-- 0.031158 s
currentSize : 14 <-- 0.510022 s
currentSize : 15 <-- 4.113240 s
currentSize : 17 <-- 141.759033 s
currentSize : 19 <-- 141.759232 s
currentSize : 24 <-- 141.759293 s

maxsize : 24
nodes : 35428246.000000
filtered : 578079166.000000
time : 164.892502
