Parameters: GAD=1 vflib=1 dir=0 label=0 lowerbound=1 fileNameGp=../graphsdb/mcs70/bvg/b09m/mcs70_b09m_s20.A23 fileNameGt=../graphsdb/mcs70/bvg/b09m/mcs70_b09m_s20.B23
Reading graphs...
20 :  84
20 :  84
Initializing...
maxdom : 20
D->valSize : 400
Solving...
Blb : 5 (clique : 9)
currentSize : 9 <-- 0.002111 s
currentSize : 10 <-- 0.003050 s
currentSize : 11 <-- 0.017917 s
currentSize : 12 <-- 0.084789 s
currentSize : 13 <-- 0.225629 s
currentSize : 14 <-- 0.225663 s

maxsize : 14
nodes : 78214.000000
filtered : 1164831.000000
time : 0.307468
