Parameters: GAD=1 vflib=1 dir=0 label=0 lowerbound=1 fileNameGp=../graphsdb/mcs70/m2D/m2Dr6/m2Dr6/mcs70_m2Dr6_s35.A20 fileNameGt=../graphsdb/mcs70/m2D/m2Dr6/m2Dr6/mcs70_m2Dr6_s35.B20
Reading graphs...
35 :  78
35 :  75
Initializing...
maxdom : 35
D->valSize : 1225
Solving...
Blb : 2 (clique : 16)
currentSize : 16 <-- 0.036176 s
currentSize : 17 <-- 0.036503 s
currentSize : 18 <-- 0.038733 s
currentSize : 19 <-- 0.150105 s
currentSize : 20 <-- 0.300176 s
currentSize : 21 <-- 0.730879 s
currentSize : 22 <-- 4.908172 s
currentSize : 23 <-- 31.811232 s
currentSize : 24 <-- 3184.648193 s
currentSize : 25 <-- 3184.670410 s

TIMEOUT
maxsize : 25
nodes : 116215759.000000
filtered : 5854738950.000000
time : 3600.000000
