Parameters: GAD=1 vflib=1 dir=0 label=0 lowerbound=1 fileNameGp=../graphsdb/mcs70/bvg/b09/mcs70_b09_s30.A37 fileNameGt=../graphsdb/mcs70/bvg/b09/mcs70_b09_s30.B37
Reading graphs...
30 :  133
30 :  134
Initializing...
maxdom : 30
D->valSize : 900
Solving...
Blb : 3 (clique : 11)
currentSize : 11 <-- 0.009559 s
currentSize : 12 <-- 0.009980 s
currentSize : 13 <-- 0.010174 s
currentSize : 14 <-- 0.023681 s
currentSize : 15 <-- 0.396928 s
currentSize : 17 <-- 0.398035 s
currentSize : 18 <-- 0.398057 s
currentSize : 19 <-- 2.593971 s
currentSize : 20 <-- 4.287173 s
currentSize : 21 <-- 8.748249 s

maxsize : 21
nodes : 1416947.000000
filtered : 50149685.000000
time : 10.708782
