Parameters: GAD=1 vflib=1 dir=0 label=0 lowerbound=1 fileNameGp=../graphsdb/mcs70/rand/r02/mcs70_r02_s35.A62 fileNameGt=../graphsdb/mcs70/rand/r02/mcs70_r02_s35.B62
Reading graphs...
35 :  211
35 :  207
Initializing...
maxdom : 35
D->valSize : 1225
Solving...
Blb : 2 (clique : 10)
currentSize : 10 <-- 0.018215 s
currentSize : 11 <-- 0.018341 s
currentSize : 12 <-- 0.018401 s
currentSize : 13 <-- 0.018749 s
currentSize : 14 <-- 0.035547 s
currentSize : 15 <-- 8.755370 s
currentSize : 16 <-- 257.637451 s
currentSize : 17 <-- 257.740662 s
currentSize : 18 <-- 314.718628 s
currentSize : 20 <-- 319.550690 s
currentSize : 24 <-- 389.791565 s

maxsize : 24
nodes : 87774327.000000
filtered : 1398012284.000000
time : 405.652832
