Parameters: GAD=1 vflib=1 dir=0 label=0 lowerbound=1 fileNameGp=../graphsdb/mcs70/m2D/m2D/mcs70_m2D_s25.A20 fileNameGt=../graphsdb/mcs70/m2D/m2D/mcs70_m2D_s25.B20
Reading graphs...
25 :  40
25 :  40
Initializing...
maxdom : 25
D->valSize : 625
Solving...
Blb : 2 (clique : 14)
currentSize : 14 <-- 0.009543 s
currentSize : 15 <-- 0.009994 s
currentSize : 16 <-- 0.032408 s
currentSize : 17 <-- 0.066088 s
currentSize : 18 <-- 0.883910 s
currentSize : 19 <-- 7.529459 s

maxsize : 19
nodes : 739514.000000
filtered : 25948423.000000
time : 14.551333
