Parameters: GAD=1 vflib=1 dir=0 label=0 lowerbound=1 fileNameGp=../graphsdb/mcs70/rand/r005/mcs70_r005_s30.A66 fileNameGt=../graphsdb/mcs70/rand/r005/mcs70_r005_s30.B66
Reading graphs...
30 :  42
30 :  41
Initializing...
maxdom : 30
D->valSize : 900
Solving...
Blb : 2 (clique : 19)
currentSize : 19 <-- 0.020496 s
currentSize : 20 <-- 0.021360 s
currentSize : 21 <-- 0.021969 s
currentSize : 22 <-- 0.027748 s
currentSize : 23 <-- 6.604174 s
currentSize : 24 <-- 972.696533 s

maxsize : 24
nodes : 11476813.000000
filtered : 800681039.000000
time : 992.591980
