Parameters: GAD=1 vflib=1 dir=0 label=0 lowerbound=1 fileNameGp=../graphsdb/mcs70/m3D/m3Dr4/mcs70_m3Dr4_s35.A40 fileNameGt=../graphsdb/mcs70/m3D/m3Dr4/mcs70_m3Dr4_s35.B40
Reading graphs...
35 :  85
35 :  85
Initializing...
maxdom : 35
D->valSize : 1225
Solving...
Blb : 2 (clique : 18)
currentSize : 18 <-- 0.020048 s
currentSize : 19 <-- 0.020311 s
currentSize : 20 <-- 0.021781 s
currentSize : 21 <-- 0.029408 s
currentSize : 22 <-- 5.038723 s
currentSize : 23 <-- 60.350529 s
currentSize : 24 <-- 120.360741 s
currentSize : 25 <-- 252.808746 s
currentSize : 27 <-- 258.740326 s

maxsize : 27
nodes : 17055727.000000
filtered : 786693895.000000
time : 296.488098
