Parameters: GAD=1 vflib=1 dir=0 label=0 lowerbound=1 fileNameGp=../graphsdb/mcs70/m4D/m4D/mcs70_m4D_s25.A64 fileNameGt=../graphsdb/mcs70/m4D/m4D/mcs70_m4D_s25.B64
Reading graphs...
25 :  47
25 :  46
Initializing...
maxdom : 25
D->valSize : 625
Solving...
Blb : 2 (clique : 14)
currentSize : 14 <-- 0.005248 s
currentSize : 15 <-- 0.005347 s
currentSize : 16 <-- 0.005456 s
currentSize : 17 <-- 0.005644 s
currentSize : 18 <-- 0.006700 s
currentSize : 19 <-- 0.007862 s

maxsize : 19
nodes : 252141.000000
filtered : 12515888.000000
time : 7.937981
