Parameters: GAD=1 vflib=1 dir=0 label=0 lowerbound=1 fileNameGp=../graphsdb/mcs70/bvg/b06m/mcs70_b06m_s25.A97 fileNameGt=../graphsdb/mcs70/bvg/b06m/mcs70_b06m_s25.B97
Reading graphs...
25 :  73
25 :  73
Initializing...
maxdom : 25
D->valSize : 625
Solving...
Blb : 2 (clique : 11)
currentSize : 11 <-- 0.005393 s
currentSize : 12 <-- 0.005473 s
currentSize : 13 <-- 0.005544 s
currentSize : 14 <-- 0.005581 s
currentSize : 15 <-- 0.398162 s
currentSize : 17 <-- 1.455557 s

maxsize : 17
nodes : 456305.000000
filtered : 10128432.000000
time : 3.177033
