Parameters: GAD=1 vflib=1 dir=0 label=0 lowerbound=1 fileNameGp=../graphsdb/mcs70/bvg/b09m/mcs70_b09m_s35.A35 fileNameGt=../graphsdb/mcs70/bvg/b09m/mcs70_b09m_s35.B35
Reading graphs...
35 :  149
35 :  150
Initializing...
maxdom : 35
D->valSize : 1225
Solving...
Blb : 2 (clique : 12)
currentSize : 12 <-- 0.018376 s
currentSize : 13 <-- 0.018668 s
currentSize : 14 <-- 0.021677 s
currentSize : 15 <-- 0.023649 s
currentSize : 16 <-- 0.062758 s
currentSize : 17 <-- 2.210629 s
currentSize : 18 <-- 24.459494 s
currentSize : 19 <-- 472.923615 s
currentSize : 23 <-- 529.774841 s
currentSize : 24 <-- 529.774902 s

maxsize : 24
nodes : 78772861.000000
filtered : 2005852201.000000
time : 555.183899
