Parameters: GAD=1 vflib=1 dir=0 label=0 lowerbound=1 fileNameGp=../graphsdb/mcs70/m2D/m2Dr2/mcs70_m2Dr2_s35.A03 fileNameGt=../graphsdb/mcs70/m2D/m2Dr2/mcs70_m2Dr2_s35.B03
Reading graphs...
35 :  65
35 :  65
Initializing...
maxdom : 35
D->valSize : 1225
Solving...
Blb : 2 (clique : 21)
currentSize : 21 <-- 0.025655 s
currentSize : 22 <-- 0.041389 s
currentSize : 23 <-- 0.234838 s
currentSize : 24 <-- 8.308443 s
currentSize : 25 <-- 327.066101 s
currentSize : 26 <-- 1005.458496 s
currentSize : 27 <-- 1005.458740 s
currentSize : 28 <-- 1005.458801 s

maxsize : 28
nodes : 18756252.000000
filtered : 1009237430.000000
time : 1033.144043
