Parameters: GAD=1 vflib=1 dir=0 label=0 lowerbound=1 fileNameGp=../graphsdb/mcs70/m2D/m2Dr6/m2Dr6/mcs70_m2Dr6_s25.A99 fileNameGt=../graphsdb/mcs70/m2D/m2Dr6/m2Dr6/mcs70_m2Dr6_s25.B99
Reading graphs...
25 :  53
25 :  52
Initializing...
maxdom : 25
D->valSize : 625
Solving...
Blb : 2 (clique : 12)
currentSize : 12 <-- 0.005229 s
currentSize : 14 <-- 0.005306 s
currentSize : 15 <-- 0.010501 s
currentSize : 16 <-- 0.035859 s
currentSize : 18 <-- 3.197221 s

maxsize : 18
nodes : 527088.000000
filtered : 15944669.000000
time : 6.223736
