Parameters: GAD=1 vflib=1 dir=0 label=0 lowerbound=1 fileNameGp=../graphsdb/mcs70/bvg/b09m/mcs70_b09m_s35.A26 fileNameGt=../graphsdb/mcs70/bvg/b09m/mcs70_b09m_s35.B26
Reading graphs...
35 :  150
35 :  151
Initializing...
maxdom : 35
D->valSize : 1225
Solving...
Blb : 2 (clique : 14)
currentSize : 14 <-- 0.032208 s
currentSize : 15 <-- 0.032715 s
currentSize : 16 <-- 0.338286 s
currentSize : 17 <-- 1.315128 s
currentSize : 18 <-- 33.306705 s
currentSize : 19 <-- 52.152802 s
currentSize : 20 <-- 52.328403 s
currentSize : 25 <-- 52.330540 s

maxsize : 25
nodes : 10027467.000000
filtered : 238839667.000000
time : 70.395638
