Parameters: GAD=1 vflib=1 dir=0 label=0 lowerbound=1 fileNameGp=../graphsdb/mcs70/bvg/b06/mcs70_b06_s20.A17 fileNameGt=../graphsdb/mcs70/bvg/b06/mcs70_b06_s20.B17
Reading graphs...
20 :  59
20 :  59
Initializing...
maxdom : 20
D->valSize : 400
Solving...
Blb : 2 (clique : 10)
currentSize : 10 <-- 0.003663 s
currentSize : 12 <-- 0.004953 s
currentSize : 13 <-- 0.005782 s
currentSize : 14 <-- 0.008767 s
currentSize : 15 <-- 0.009508 s

maxsize : 15
nodes : 12470.000000
filtered : 306499.000000
time : 0.126136
