Parameters: GAD=1 vflib=1 dir=0 label=0 lowerbound=1 fileNameGp=../graphsdb/mcs70/bvg/b09m/mcs70_b09m_s25.A13 fileNameGt=../graphsdb/mcs70/bvg/b09m/mcs70_b09m_s25.B13
Reading graphs...
25 :  104
25 :  103
Initializing...
maxdom : 25
D->valSize : 625
Solving...
Blb : 2 (clique : 11)
currentSize : 11 <-- 0.007928 s
currentSize : 12 <-- 0.009898 s
currentSize : 13 <-- 0.014877 s
currentSize : 14 <-- 1.817517 s
currentSize : 15 <-- 2.747878 s
currentSize : 17 <-- 2.747925 s

maxsize : 17
nodes : 756502.000000
filtered : 12685090.000000
time : 3.543030
