Parameters: GAD=1 vflib=1 dir=0 label=0 lowerbound=1 fileNameGp=../graphsdb/mcs70/m2D/m2D/mcs70_m2D_s25.A83 fileNameGt=../graphsdb/mcs70/m2D/m2D/mcs70_m2D_s25.B83
Reading graphs...
25 :  40
25 :  39
Initializing...
maxdom : 25
D->valSize : 625
Solving...
Blb : 2 (clique : 15)
currentSize : 15 <-- 0.009523 s
currentSize : 16 <-- 0.028832 s
currentSize : 17 <-- 0.036156 s
currentSize : 18 <-- 0.105947 s
currentSize : 19 <-- 0.293813 s

maxsize : 19
nodes : 206062.000000
filtered : 9089899.000000
time : 4.858497
