Parameters: GAD=1 vflib=1 dir=0 label=0 lowerbound=1 fileNameGp=../graphsdb/mcs70/m2D/m2Dr4/mcs70_m2Dr4_s35.A59 fileNameGt=../graphsdb/mcs70/m2D/m2Dr4/mcs70_m2Dr4_s35.B59
Reading graphs...
35 :  71
35 :  70
Initializing...
maxdom : 35
D->valSize : 1225
Solving...
Blb : 2 (clique : 17)
currentSize : 17 <-- 0.020745 s
currentSize : 18 <-- 0.020922 s
currentSize : 19 <-- 0.021015 s
currentSize : 20 <-- 0.021119 s
currentSize : 21 <-- 0.033652 s
currentSize : 22 <-- 0.123048 s
currentSize : 23 <-- 0.165894 s
currentSize : 24 <-- 34.781113 s
currentSize : 25 <-- 812.910461 s
currentSize : 26 <-- 1192.194336 s

maxsize : 26
nodes : 34636511.000000
filtered : 2027920941.000000
time : 1493.347412
