Parameters: GAD=1 vflib=1 dir=0 label=0 lowerbound=1 fileNameGp=../graphsdb/mcs70/bvg/b06m/mcs70_b06m_s35.A42 fileNameGt=../graphsdb/mcs70/bvg/b06m/mcs70_b06m_s35.B42
Reading graphs...
35 :  104
35 :  103
Initializing...
maxdom : 35
D->valSize : 1225
Solving...
Blb : 2 (clique : 16)
currentSize : 16 <-- 0.019547 s
currentSize : 17 <-- 0.021592 s
currentSize : 18 <-- 0.024255 s
currentSize : 19 <-- 0.078165 s
currentSize : 20 <-- 19.805496 s
currentSize : 21 <-- 921.598938 s
currentSize : 22 <-- 1123.065186 s
currentSize : 24 <-- 1463.106567 s
currentSize : 25 <-- 1463.106689 s

maxsize : 25
nodes : 86873292.000000
filtered : 3753292409.000000
time : 1527.091064
