Parameters: GAD=1 vflib=1 dir=0 label=0 lowerbound=1 fileNameGp=../graphsdb/mcs70/bvg/b09/mcs70_b09_s25.A53 fileNameGt=../graphsdb/mcs70/bvg/b09/mcs70_b09_s25.B53
Reading graphs...
25 :  110
25 :  109
Initializing...
maxdom : 25
D->valSize : 625
Solving...
Blb : 5 (clique : 10)
currentSize : 10 <-- 0.004642 s
currentSize : 11 <-- 0.004770 s
currentSize : 12 <-- 0.004838 s
currentSize : 13 <-- 0.043326 s
currentSize : 14 <-- 0.153852 s
currentSize : 15 <-- 0.163594 s
currentSize : 16 <-- 0.483838 s
currentSize : 17 <-- 1.331186 s

maxsize : 17
nodes : 286808.000000
filtered : 7871183.000000
time : 1.980119
