Parameters: GAD=1 vflib=1 dir=0 label=0 lowerbound=1 fileNameGp=../graphsdb/mcs70/m3D/m3D/mcs70_m3D_s35.A72 fileNameGt=../graphsdb/mcs70/m3D/m3D/mcs70_m3D_s35.B72
Reading graphs...
35 :  72
35 :  72
Initializing...
maxdom : 35
D->valSize : 1225
Solving...
Blb : 2 (clique : 19)
currentSize : 19 <-- 0.020826 s
currentSize : 20 <-- 0.021003 s
currentSize : 21 <-- 0.021187 s
currentSize : 22 <-- 0.022270 s
currentSize : 23 <-- 0.628147 s
currentSize : 24 <-- 3.012036 s
currentSize : 25 <-- 6.081998 s
currentSize : 27 <-- 6.801834 s
currentSize : 28 <-- 6.801894 s

maxsize : 28
nodes : 2058932.000000
filtered : 128745637.000000
time : 67.919228
