Parameters: GAD=1 vflib=1 dir=0 label=0 lowerbound=1 fileNameGp=../graphsdb/mcs70/bvg/b06m/mcs70_b06m_s20.A12 fileNameGt=../graphsdb/mcs70/bvg/b06m/mcs70_b06m_s20.B12
Reading graphs...
20 :  57
20 :  56
Initializing...
maxdom : 20
D->valSize : 400
Solving...
Blb : 5 (clique : 8)
currentSize : 8 <-- 0.002099 s
currentSize : 10 <-- 0.002148 s
currentSize : 11 <-- 0.002318 s
currentSize : 12 <-- 0.012111 s
currentSize : 14 <-- 0.076738 s

maxsize : 14
nodes : 42272.000000
filtered : 888478.000000
time : 0.230163
