Parameters: GAD=1 vflib=1 dir=0 label=0 lowerbound=1 fileNameGp=../graphsdb/mcs70/m4D/m4Dr4/mcs70_m4Dr4_s25.A68 fileNameGt=../graphsdb/mcs70/m4D/m4Dr4/mcs70_m4Dr4_s25.B68
Reading graphs...
25 :  57
25 :  55
Initializing...
maxdom : 25
D->valSize : 625
Solving...
Blb : 2 (clique : 12)
currentSize : 12 <-- 0.005286 s
currentSize : 14 <-- 0.005369 s
currentSize : 15 <-- 0.006410 s
currentSize : 16 <-- 0.012231 s
currentSize : 17 <-- 0.015745 s
currentSize : 18 <-- 1.399150 s

maxsize : 18
nodes : 139795.000000
filtered : 5039517.000000
time : 2.515920
