Parameters: GAD=1 vflib=1 dir=0 label=0 lowerbound=1 fileNameGp=../graphsdb/mcs70/rand/r01/mcs70_r01_s20.A77 fileNameGt=../graphsdb/mcs70/rand/r01/mcs70_r01_s20.B77
Reading graphs...
20 :  36
20 :  36
Initializing...
maxdom : 20
D->valSize : 400
Solving...
Blb : 2 (clique : 11)
currentSize : 11 <-- 0.002266 s
currentSize : 12 <-- 0.002338 s
currentSize : 13 <-- 0.004755 s
currentSize : 14 <-- 0.115630 s
currentSize : 15 <-- 0.208667 s

maxsize : 15
nodes : 41515.000000
filtered : 1244865.000000
time : 0.395899
