Parameters: GAD=1 vflib=1 dir=0 label=0 lowerbound=1 fileNameGp=../graphsdb/mcs70/bvg/b09m/mcs70_b09m_s35.A51 fileNameGt=../graphsdb/mcs70/bvg/b09m/mcs70_b09m_s35.B51
Reading graphs...
35 :  152
35 :  153
Initializing...
maxdom : 35
D->valSize : 1225
Solving...
Blb : 2 (clique : 13)
currentSize : 13 <-- 0.018481 s
currentSize : 14 <-- 0.019064 s
currentSize : 15 <-- 0.019234 s
currentSize : 16 <-- 0.038201 s
currentSize : 17 <-- 0.368086 s
currentSize : 18 <-- 35.065125 s
currentSize : 20 <-- 35.351974 s
currentSize : 22 <-- 87.289597 s
currentSize : 23 <-- 177.296707 s
currentSize : 24 <-- 177.297073 s

maxsize : 24
nodes : 23504962.000000
filtered : 822255061.000000
time : 198.696579
