Parameters: GAD=1 vflib=1 dir=0 label=0 lowerbound=1 fileNameGp=../graphsdb/mcs70/rand/r02/mcs70_r02_s25.A21 fileNameGt=../graphsdb/mcs70/rand/r02/mcs70_r02_s25.B21
Reading graphs...
25 :  110
25 :  107
Initializing...
maxdom : 25
D->valSize : 625
Solving...
Blb : 2 (clique : 10)
currentSize : 10 <-- 0.004791 s
currentSize : 11 <-- 0.004905 s
currentSize : 12 <-- 0.006249 s
currentSize : 13 <-- 1.131765 s
currentSize : 14 <-- 2.055568 s
currentSize : 17 <-- 2.056773 s

maxsize : 17
nodes : 827468.000000
filtered : 13454593.000000
time : 3.630308
