Parameters: GAD=1 vflib=1 dir=0 label=0 lowerbound=1 fileNameGp=../graphsdb/mcs70/bvg/b06/mcs70_b06_s35.A55 fileNameGt=../graphsdb/mcs70/bvg/b06/mcs70_b06_s35.B55
Reading graphs...
35 :  104
35 :  103
Initializing...
maxdom : 35
D->valSize : 1225
Solving...
Blb : 2 (clique : 20)
currentSize : 20 <-- 0.034723 s
currentSize : 21 <-- 0.555464 s
currentSize : 22 <-- 0.555584 s
currentSize : 23 <-- 1.201415 s
currentSize : 24 <-- 1.287372 s
currentSize : 25 <-- 1.622339 s
currentSize : 26 <-- 1.747683 s

maxsize : 26
nodes : 1652234.000000
filtered : 99050809.000000
time : 43.615150
