Parameters: GAD=1 vflib=1 dir=0 label=0 lowerbound=1 fileNameGp=../graphsdb/mcs70/m4D/m4Dr4/mcs70_m4Dr4_s25.A15 fileNameGt=../graphsdb/mcs70/m4D/m4Dr4/mcs70_m4Dr4_s25.B15
Reading graphs...
25 :  55
25 :  54
Initializing...
maxdom : 25
D->valSize : 625
Solving...
Blb : 2 (clique : 13)
currentSize : 13 <-- 0.009002 s
currentSize : 14 <-- 0.009221 s
currentSize : 15 <-- 0.010060 s
currentSize : 16 <-- 0.065395 s
currentSize : 17 <-- 0.643174 s
currentSize : 18 <-- 5.003039 s
currentSize : 19 <-- 6.839698 s

maxsize : 19
nodes : 413068.000000
filtered : 17262297.000000
time : 6.897882
