Parameters: GAD=1 vflib=1 dir=0 label=0 lowerbound=1 fileNameGp=../graphsdb/mcs70/bvg/b09m/mcs70_b09m_s30.A64 fileNameGt=../graphsdb/mcs70/bvg/b09m/mcs70_b09m_s30.B64
Reading graphs...
30 :  124
30 :  127
Initializing...
maxdom : 30
D->valSize : 900
Solving...
Blb : 2 (clique : 12)
currentSize : 12 <-- 0.009983 s
currentSize : 13 <-- 0.012758 s
currentSize : 14 <-- 0.027654 s
currentSize : 15 <-- 0.390622 s
currentSize : 16 <-- 0.630946 s
currentSize : 17 <-- 7.497563 s
currentSize : 18 <-- 7.497633 s
currentSize : 19 <-- 7.497702 s
currentSize : 20 <-- 7.503927 s

maxsize : 20
nodes : 2275406.000000
filtered : 63431325.000000
time : 15.748641
