Parameters: GAD=1 vflib=1 dir=0 label=0 lowerbound=1 fileNameGp=../graphsdb/mcs70/m3D/m3Dr4/mcs70_m3Dr4_s35.A41 fileNameGt=../graphsdb/mcs70/m3D/m3Dr4/mcs70_m3Dr4_s35.B41
Reading graphs...
35 :  85
35 :  86
Initializing...
maxdom : 35
D->valSize : 1225
Solving...
Blb : 2 (clique : 16)
currentSize : 16 <-- 0.020739 s
currentSize : 17 <-- 0.020894 s
currentSize : 18 <-- 0.020904 s
currentSize : 19 <-- 0.021151 s
currentSize : 20 <-- 0.021297 s
currentSize : 21 <-- 0.027297 s
currentSize : 22 <-- 0.840281 s
currentSize : 23 <-- 23.295448 s
currentSize : 24 <-- 135.594467 s
currentSize : 25 <-- 138.501419 s
currentSize : 28 <-- 138.802277 s

maxsize : 28
nodes : 7968841.000000
filtered : 352884341.000000
time : 151.957214
