Parameters: GAD=1 vflib=1 dir=0 label=0 lowerbound=1 fileNameGp=../graphsdb/mcs70/bvg/b09/mcs70_b09_s35.A97 fileNameGt=../graphsdb/mcs70/bvg/b09/mcs70_b09_s35.B97
Reading graphs...
35 :  154
35 :  154
Initializing...
maxdom : 35
D->valSize : 1225
Solving...
Blb : 3 (clique : 16)
currentSize : 16 <-- 0.019242 s
currentSize : 17 <-- 0.019414 s
currentSize : 18 <-- 0.020089 s
currentSize : 19 <-- 0.020654 s
currentSize : 20 <-- 0.022210 s
currentSize : 21 <-- 0.022791 s
currentSize : 22 <-- 0.683616 s
currentSize : 23 <-- 0.683722 s
currentSize : 24 <-- 0.684827 s
currentSize : 25 <-- 2.684786 s

maxsize : 25
nodes : 2146661.000000
filtered : 103387850.000000
time : 24.695066
