Parameters: GAD=1 vflib=1 dir=0 label=0 lowerbound=1 fileNameGp=../graphsdb/mcs70/m2D/m2D/mcs70_m2D_s35.A12 fileNameGt=../graphsdb/mcs70/m2D/m2D/mcs70_m2D_s35.B12
Reading graphs...
35 :  58
35 :  57
Initializing...
maxdom : 35
D->valSize : 1225
Solving...
Blb : 2 (clique : 19)
currentSize : 19 <-- 0.022052 s
currentSize : 22 <-- 0.022274 s
currentSize : 23 <-- 0.022342 s
currentSize : 24 <-- 0.023469 s
currentSize : 25 <-- 0.829414 s
currentSize : 26 <-- 45.116901 s
currentSize : 27 <-- 1429.830200 s

maxsize : 27
nodes : 46015149.000000
filtered : 3324114069.000000
time : 2398.083496
