Parameters: GAD=1 vflib=1 dir=0 label=0 lowerbound=1 fileNameGp=../graphsdb/mcs70/bvg/b03m/mcs70_b03m_s25.A23 fileNameGt=../graphsdb/mcs70/bvg/b03m/mcs70_b03m_s25.B23
Reading graphs...
25 :  36
25 :  36
Initializing...
maxdom : 25
D->valSize : 625
Solving...
Blb : 5 (clique : 15)
currentSize : 15 <-- 0.005604 s
currentSize : 16 <-- 0.005703 s
currentSize : 17 <-- 0.005741 s
currentSize : 18 <-- 0.023356 s
currentSize : 19 <-- 0.735625 s

maxsize : 19
nodes : 268401.000000
filtered : 10629571.000000
time : 7.270446
