Parameters: GAD=1 vflib=1 dir=0 label=0 lowerbound=1 fileNameGp=../graphsdb/mcs70/rand/r02/mcs70_r02_s35.A68 fileNameGt=../graphsdb/mcs70/rand/r02/mcs70_r02_s35.B68
Reading graphs...
35 :  215
35 :  216
Initializing...
maxdom : 35
D->valSize : 1225
Solving...
Blb : 2 (clique : 11)
currentSize : 11 <-- 0.017482 s
currentSize : 12 <-- 0.017614 s
currentSize : 13 <-- 0.018248 s
currentSize : 14 <-- 0.128281 s
currentSize : 15 <-- 5.928693 s
currentSize : 16 <-- 75.633476 s
currentSize : 19 <-- 75.879616 s
currentSize : 20 <-- 313.141541 s
currentSize : 24 <-- 332.032745 s

maxsize : 24
nodes : 63485640.000000
filtered : 1363045157.000000
time : 340.754333
