Parameters: GAD=1 vflib=1 dir=0 label=0 lowerbound=1 fileNameGp=../graphsdb/mcs70/bvg/b06/mcs70_b06_s25.A31 fileNameGt=../graphsdb/mcs70/bvg/b06/mcs70_b06_s25.B31
Reading graphs...
25 :  73
25 :  73
Initializing...
maxdom : 25
D->valSize : 625
Solving...
Blb : 3 (clique : 14)
currentSize : 14 <-- 0.005160 s
currentSize : 15 <-- 0.007289 s
currentSize : 16 <-- 0.019045 s
currentSize : 17 <-- 0.037501 s
currentSize : 18 <-- 0.356911 s

maxsize : 18
nodes : 137863.000000
filtered : 4410497.000000
time : 1.497900
