Parameters: GAD=1 vflib=1 dir=0 label=0 lowerbound=1 fileNameGp=../graphsdb/mcs70/m2D/m2Dr4/mcs70_m2Dr4_s35.A73 fileNameGt=../graphsdb/mcs70/m2D/m2Dr4/mcs70_m2Dr4_s35.B73
Reading graphs...
35 :  71
35 :  67
Initializing...
maxdom : 35
D->valSize : 1225
Solving...
Blb : 2 (clique : 18)
currentSize : 18 <-- 0.020535 s
currentSize : 19 <-- 0.020723 s
currentSize : 20 <-- 0.020747 s
currentSize : 21 <-- 0.020818 s
currentSize : 22 <-- 0.023170 s
currentSize : 23 <-- 0.084204 s
currentSize : 24 <-- 13.431845 s
currentSize : 25 <-- 459.807709 s
currentSize : 26 <-- 836.602722 s

maxsize : 26
nodes : 55192962.000000
filtered : 3294575959.000000
time : 1642.268311
