Parameters: GAD=1 vflib=1 dir=0 label=0 lowerbound=1 fileNameGp=../graphsdb/mcs90/m2D/m2D/mcs90_m2D_s30.A58 fileNameGt=../graphsdb/mcs90/m2D/m2D/mcs90_m2D_s30.B58
Reading graphs...
30 :  49
30 :  49
Initializing...
maxdom : 30
D->valSize : 900
Solving...
Blb : 2 (clique : 19)
currentSize : 19 <-- 0.011382 s
currentSize : 20 <-- 0.011566 s
currentSize : 21 <-- 0.011839 s
currentSize : 22 <-- 2.620240 s
currentSize : 24 <-- 3.280500 s
currentSize : 25 <-- 4.422798 s
currentSize : 26 <-- 4.454723 s

maxsize : 26
nodes : 235730.000000
filtered : 9517111.000000
time : 5.237360
