Parameters: GAD=1 vflib=1 dir=0 label=0 lowerbound=1 fileNameGp=../graphsdb/mcs90/rand/r02/mcs90_r02_s25.A25 fileNameGt=../graphsdb/mcs90/rand/r02/mcs90_r02_s25.B25
Reading graphs...
25 :  107
25 :  105
Initializing...
maxdom : 25
D->valSize : 625
Solving...
Blb : 5 (clique : 10)
currentSize : 10 <-- 0.004693 s
currentSize : 11 <-- 0.004845 s
currentSize : 12 <-- 0.010647 s
currentSize : 13 <-- 0.604327 s
currentSize : 14 <-- 1.012099 s
currentSize : 15 <-- 1.027737 s
currentSize : 16 <-- 1.528723 s
currentSize : 22 <-- 1.647800 s

maxsize : 22
nodes : 401168.000000
filtered : 5305003.000000
time : 1.670393
