Parameters: GAD=1 vflib=1 dir=0 label=0 lowerbound=1 fileNameGp=../graphsdb/mcs90/m2D/m2Dr2/mcs90_m2Dr2_s30.A22 fileNameGt=../graphsdb/mcs90/m2D/m2Dr2/mcs90_m2Dr2_s30.B22
Reading graphs...
30 :  54
30 :  52
Initializing...
maxdom : 30
D->valSize : 900
Solving...
Blb : 2 (clique : 18)
currentSize : 18 <-- 0.011167 s
currentSize : 20 <-- 0.011297 s
currentSize : 21 <-- 0.011554 s
currentSize : 22 <-- 2.749368 s
currentSize : 23 <-- 3.758578 s
currentSize : 26 <-- 3.924739 s

maxsize : 26
nodes : 203903.000000
filtered : 9120186.000000
time : 4.306727
