Parameters: GAD=1 vflib=1 dir=0 label=0 lowerbound=1 fileNameGp=../graphsdb/mcs90/bvg/b06m/mcs90_b06m_s15.A02 fileNameGt=../graphsdb/mcs90/bvg/b06m/mcs90_b06m_s15.B02
Reading graphs...
15 :  44
15 :  44
Initializing...
maxdom : 15
D->valSize : 225
Solving...
Blb : 2 (clique : 7)
currentSize : 7 <-- 0.000971 s
currentSize : 8 <-- 0.001089 s
currentSize : 9 <-- 0.003376 s
currentSize : 10 <-- 0.004704 s
currentSize : 11 <-- 0.007116 s
currentSize : 13 <-- 0.008566 s

maxsize : 13
nodes : 2250.000000
filtered : 29208.000000
time : 0.010047
