Parameters: GAD=1 vflib=1 dir=0 label=0 lowerbound=1 fileNameGp=../graphsdb/mcs90/m2D/m2Dr4/mcs90_m2Dr4_s30.A25 fileNameGt=../graphsdb/mcs90/m2D/m2Dr4/mcs90_m2Dr4_s30.B25
Reading graphs...
30 :  60
30 :  59
Initializing...
maxdom : 30
D->valSize : 900
Solving...
Blb : 2 (clique : 15)
currentSize : 15 <-- 0.011120 s
currentSize : 16 <-- 0.011243 s
currentSize : 17 <-- 0.011261 s
currentSize : 18 <-- 0.012634 s
currentSize : 19 <-- 0.030190 s
currentSize : 20 <-- 0.396939 s
currentSize : 21 <-- 36.189335 s
currentSize : 22 <-- 38.532627 s
currentSize : 25 <-- 38.540482 s

maxsize : 25
nodes : 2292812.000000
filtered : 71500197.000000
time : 39.554127
