Parameters: GAD=1 vflib=1 dir=0 label=0 lowerbound=1 fileNameGp=../graphsdb/mcs90/bvg/b03/mcs90_b03_s35.A63 fileNameGt=../graphsdb/mcs90/bvg/b03/mcs90_b03_s35.B63
Reading graphs...
35 :  52
35 :  52
Initializing...
maxdom : 35
D->valSize : 1225
Solving...
Blb : 2 (clique : 23)
currentSize : 23 <-- 0.021467 s
currentSize : 24 <-- 0.021661 s
currentSize : 25 <-- 0.021708 s
currentSize : 26 <-- 0.021776 s
currentSize : 27 <-- 0.039403 s
currentSize : 28 <-- 0.207956 s
currentSize : 29 <-- 0.264290 s
currentSize : 30 <-- 0.504213 s
currentSize : 31 <-- 0.606580 s
currentSize : 32 <-- 1.055269 s

maxsize : 32
nodes : 15091.000000
filtered : 1276477.000000
time : 1.937352
