Parameters: GAD=1 vflib=1 dir=0 label=0 lowerbound=1 fileNameGp=../graphsdb/mcs90/bvg/b06m/mcs90_b06m_s30.A41 fileNameGt=../graphsdb/mcs90/bvg/b06m/mcs90_b06m_s30.B41
Reading graphs...
30 :  89
30 :  89
Initializing...
maxdom : 30
D->valSize : 900
Solving...
Blb : 3 (clique : 17)
currentSize : 17 <-- 0.010302 s
currentSize : 18 <-- 0.286709 s
currentSize : 19 <-- 0.494168 s
currentSize : 20 <-- 0.512659 s
currentSize : 24 <-- 0.747805 s
currentSize : 27 <-- 0.809220 s

maxsize : 27
nodes : 73129.000000
filtered : 2629735.000000
time : 0.859816
