Parameters: GAD=1 vflib=1 dir=0 label=0 lowerbound=1 fileNameGp=../graphsdb/mcs90/rand/r005/mcs90_r005_s35.A21 fileNameGt=../graphsdb/mcs90/rand/r005/mcs90_r005_s35.B21
Reading graphs...
35 :  57
35 :  58
Initializing...
maxdom : 35
D->valSize : 1225
Solving...
Blb : 2 (clique : 21)
currentSize : 21 <-- 0.021364 s
currentSize : 22 <-- 0.021547 s
currentSize : 23 <-- 0.022375 s
currentSize : 24 <-- 0.026726 s
currentSize : 25 <-- 0.276164 s
currentSize : 26 <-- 0.948866 s
currentSize : 27 <-- 53.165363 s
currentSize : 29 <-- 53.730808 s
currentSize : 31 <-- 131.402222 s

maxsize : 31
nodes : 1083467.000000
filtered : 99321605.000000
time : 132.048340
