Parameters: GAD=1 vflib=1 dir=0 label=0 lowerbound=1 fileNameGp=../graphsdb/mcs90/rand/r02/mcs90_r02_s35.A40 fileNameGt=../graphsdb/mcs90/rand/r02/mcs90_r02_s35.B40
Reading graphs...
35 :  213
35 :  217
Initializing...
maxdom : 35
D->valSize : 1225
Solving...
Blb : 2 (clique : 11)
currentSize : 11 <-- 0.017262 s
currentSize : 12 <-- 0.017533 s
currentSize : 13 <-- 0.019426 s
currentSize : 14 <-- 0.042651 s
currentSize : 15 <-- 1.509721 s
currentSize : 16 <-- 25.045664 s
currentSize : 19 <-- 30.026909 s
currentSize : 22 <-- 43.394920 s
currentSize : 23 <-- 49.706074 s
currentSize : 24 <-- 53.934196 s
currentSize : 31 <-- 56.598591 s

maxsize : 31
nodes : 11266325.000000
filtered : 215504433.000000
time : 56.665421
