Parameters: GAD=1 vflib=1 dir=0 label=0 lowerbound=1 fileNameGp=../graphsdb/mcs90/m2D/m2Dr4/mcs90_m2Dr4_s30.A02 fileNameGt=../graphsdb/mcs90/m2D/m2Dr4/mcs90_m2Dr4_s30.B02
Reading graphs...
30 :  61
30 :  59
Initializing...
maxdom : 30
D->valSize : 900
Solving...
Blb : 2 (clique : 19)
currentSize : 19 <-- 0.011176 s
currentSize : 20 <-- 1.160386 s
currentSize : 21 <-- 33.559231 s
currentSize : 22 <-- 54.147095 s
currentSize : 23 <-- 54.147121 s
currentSize : 25 <-- 54.420120 s

maxsize : 25
nodes : 3495221.000000
filtered : 129934508.000000
time : 55.317211
