Parameters: GAD=1 vflib=1 dir=0 label=0 lowerbound=1 fileNameGp=../graphsdb/mcs90/bvg/b03m/mcs90_b03m_s25.A42 fileNameGt=../graphsdb/mcs90/bvg/b03m/mcs90_b03m_s25.B42
Reading graphs...
25 :  37
25 :  37
Initializing...
maxdom : 25
D->valSize : 625
Solving...
Blb : 5 (clique : 15)
currentSize : 15 <-- 0.009577 s
currentSize : 16 <-- 0.009909 s
currentSize : 17 <-- 0.010134 s
currentSize : 18 <-- 0.030776 s
currentSize : 19 <-- 0.089597 s
currentSize : 20 <-- 0.154044 s
currentSize : 22 <-- 0.343402 s

maxsize : 22
nodes : 12466.000000
filtered : 550378.000000
time : 0.417738
