Parameters: GAD=1 vflib=1 dir=0 label=0 lowerbound=1 fileNameGp=../graphsdb/mcs90/bvg/b09m/mcs90_b09m_s30.A92 fileNameGt=../graphsdb/mcs90/bvg/b09m/mcs90_b09m_s30.B92
Reading graphs...
30 :  132
30 :  133
Initializing...
maxdom : 30
D->valSize : 900
Solving...
Blb : 3 (clique : 12)
currentSize : 12 <-- 0.009670 s
currentSize : 14 <-- 0.010040 s
currentSize : 15 <-- 0.013837 s
currentSize : 16 <-- 0.035442 s
currentSize : 18 <-- 0.035480 s
currentSize : 26 <-- 0.059534 s

maxsize : 26
nodes : 18696.000000
filtered : 875987.000000
time : 0.245679
