Parameters: GAD=1 vflib=1 dir=0 label=0 lowerbound=1 fileNameGp=../graphsdb/mcs90/bvg/b09/mcs90_b09_s25.A80 fileNameGt=../graphsdb/mcs90/bvg/b09/mcs90_b09_s25.B80
Reading graphs...
25 :  112
25 :  112
Initializing...
maxdom : 25
D->valSize : 625
Solving...
Blb : 2 (clique : 12)
currentSize : 12 <-- 0.004632 s
currentSize : 13 <-- 0.005220 s
currentSize : 14 <-- 0.005635 s
currentSize : 15 <-- 0.006543 s
currentSize : 22 <-- 0.006872 s

maxsize : 22
nodes : 2801.000000
filtered : 191861.000000
time : 0.055328
