Parameters: GAD=1 vflib=1 dir=0 label=0 lowerbound=1 fileNameGp=../graphsdb/mcs90/bvg/b03m/mcs90_b03m_s25.A53 fileNameGt=../graphsdb/mcs90/bvg/b03m/mcs90_b03m_s25.B53
Reading graphs...
25 :  37
25 :  37
Initializing...
maxdom : 25
D->valSize : 625
Solving...
Blb : 2 (clique : 14)
currentSize : 14 <-- 0.009710 s
currentSize : 15 <-- 0.009861 s
currentSize : 16 <-- 0.009871 s
currentSize : 17 <-- 0.009911 s
currentSize : 18 <-- 0.014098 s
currentSize : 19 <-- 0.021259 s
currentSize : 20 <-- 0.115432 s
currentSize : 21 <-- 0.215297 s
currentSize : 22 <-- 0.790621 s

maxsize : 22
nodes : 19146.000000
filtered : 1057873.000000
time : 0.820141
