Parameters: GAD=1 vflib=1 dir=0 label=0 lowerbound=1 fileNameGp=../graphsdb/mcs90/rand/r005/mcs90_r005_s35.A02 fileNameGt=../graphsdb/mcs90/rand/r005/mcs90_r005_s35.B02
Reading graphs...
35 :  56
35 :  56
Initializing...
maxdom : 35
D->valSize : 1225
Solving...
Blb : 5 (clique : 20)
currentSize : 20 <-- 0.021138 s
currentSize : 21 <-- 0.021366 s
currentSize : 22 <-- 0.031213 s
currentSize : 23 <-- 0.166777 s
currentSize : 24 <-- 0.617418 s
currentSize : 25 <-- 57.906727 s
currentSize : 26 <-- 167.645554 s
currentSize : 27 <-- 2151.410645 s
currentSize : 28 <-- 2154.639160 s
currentSize : 29 <-- 2176.536865 s
currentSize : 31 <-- 2176.537109 s

maxsize : 31
nodes : 31886940.000000
filtered : 2525552110.000000
time : 2178.878174
