Parameters: GAD=1 vflib=1 dir=0 label=0 lowerbound=1 fileNameGp=../graphsdb/mcs90/m3D/m3Dr4/mcs90_m3Dr4_s30.A25 fileNameGt=../graphsdb/mcs90/m3D/m3Dr4/mcs90_m3Dr4_s30.B25
Reading graphs...
30 :  72
30 :  70
Initializing...
maxdom : 30
D->valSize : 900
Solving...
Blb : 2 (clique : 14)
currentSize : 14 <-- 0.015253 s
currentSize : 16 <-- 0.015367 s
currentSize : 17 <-- 0.015398 s
currentSize : 18 <-- 0.078264 s
currentSize : 19 <-- 0.078424 s
currentSize : 20 <-- 1.093749 s
currentSize : 21 <-- 1.100761 s
currentSize : 22 <-- 1.101080 s
currentSize : 23 <-- 1.232069 s
currentSize : 27 <-- 1.322078 s

maxsize : 27
nodes : 130252.000000
filtered : 3408382.000000
time : 1.459565
