Parameters: GAD=1 vflib=1 dir=0 label=0 lowerbound=1 fileNameGp=../graphsdb/mcs90/bvg/b09/mcs90_b09_s35.A74 fileNameGt=../graphsdb/mcs90/bvg/b09/mcs90_b09_s35.B74
Reading graphs...
35 :  157
35 :  157
Initializing...
maxdom : 35
D->valSize : 1225
Solving...
Blb : 2 (clique : 14)
currentSize : 14 <-- 0.019609 s
currentSize : 15 <-- 0.022405 s
currentSize : 16 <-- 0.396585 s
currentSize : 17 <-- 1.223655 s
currentSize : 23 <-- 2.422529 s
currentSize : 24 <-- 2.422574 s
currentSize : 26 <-- 2.422618 s
currentSize : 30 <-- 2.422672 s

maxsize : 30
nodes : 516131.000000
filtered : 10815744.000000
time : 3.437112
