Parameters: GAD=1 vflib=1 dir=0 label=0 lowerbound=1 fileNameGp=../graphsdb/mcs90/bvg/b06m/mcs90_b06m_s25.A98 fileNameGt=../graphsdb/mcs90/bvg/b06m/mcs90_b06m_s25.B98
Reading graphs...
25 :  72
25 :  73
Initializing...
maxdom : 25
D->valSize : 625
Solving...
Blb : 3 (clique : 13)
currentSize : 13 <-- 0.008610 s
currentSize : 14 <-- 0.008944 s
currentSize : 15 <-- 0.112432 s
currentSize : 16 <-- 0.563949 s
currentSize : 17 <-- 0.765357 s
currentSize : 18 <-- 0.819570 s
currentSize : 19 <-- 0.821087 s
currentSize : 22 <-- 0.822584 s

maxsize : 22
nodes : 100977.000000
filtered : 3165422.000000
time : 0.852065
