Parameters: GAD=1 vflib=1 dir=0 label=0 lowerbound=1 fileNameGp=../graphsdb/mcs90/m2D/m2Dr4/mcs90_m2Dr4_s20.A75 fileNameGt=../graphsdb/mcs90/m2D/m2Dr4/mcs90_m2Dr4_s20.B75
Reading graphs...
20 :  38
20 :  37
Initializing...
maxdom : 20
D->valSize : 400
Solving...
Blb : 2 (clique : 11)
currentSize : 11 <-- 0.002265 s
currentSize : 13 <-- 0.002329 s
currentSize : 14 <-- 0.005821 s
currentSize : 15 <-- 0.204193 s
currentSize : 16 <-- 0.220996 s

maxsize : 16
nodes : 28059.000000
filtered : 750920.000000
time : 0.243717
