Parameters: GAD=1 vflib=1 dir=0 label=0 lowerbound=1 fileNameGp=../graphsdb/mcs90/m2D/m2Dr6/mcs90_m2Dr6_s30.A90 fileNameGt=../graphsdb/mcs90/m2D/m2Dr6/mcs90_m2Dr6_s30.B90
Reading graphs...
30 :  67
30 :  65
Initializing...
maxdom : 30
D->valSize : 900
Solving...
Blb : 2 (clique : 14)
currentSize : 14 <-- 0.019005 s
currentSize : 15 <-- 0.019195 s
currentSize : 16 <-- 0.019258 s
currentSize : 17 <-- 0.024679 s
currentSize : 18 <-- 0.207827 s
currentSize : 19 <-- 8.598248 s
currentSize : 20 <-- 18.525860 s
currentSize : 23 <-- 27.262499 s
currentSize : 25 <-- 28.187220 s

maxsize : 25
nodes : 2856752.000000
filtered : 70595687.000000
time : 28.877230
