Parameters: GAD=1 vflib=1 dir=0 label=0 lowerbound=1 fileNameGp=../graphsdb/mcs90/m4D/m4Dr2/mcs90_m4Dr2_s20.A19 fileNameGt=../graphsdb/mcs90/m4D/m4Dr2/mcs90_m4Dr2_s20.B19
Reading graphs...
20 :  41
20 :  39
Initializing...
maxdom : 20
D->valSize : 400
Solving...
Blb : 2 (clique : 11)
currentSize : 11 <-- 0.002570 s
currentSize : 12 <-- 0.002685 s
currentSize : 14 <-- 0.002723 s
currentSize : 15 <-- 0.007985 s
currentSize : 16 <-- 0.094198 s

maxsize : 16
nodes : 8907.000000
filtered : 328903.000000
time : 0.111460
