Parameters: GAD=1 vflib=1 dir=0 label=0 lowerbound=1 fileNameGp=../graphsdb/mcs90/rand/r01/mcs90_r01_s20.A18 fileNameGt=../graphsdb/mcs90/rand/r01/mcs90_r01_s20.B18
Reading graphs...
20 :  36
20 :  35
Initializing...
maxdom : 20
D->valSize : 400
Solving...
Blb : 2 (clique : 13)
currentSize : 13 <-- 0.002360 s
currentSize : 14 <-- 0.026111 s
currentSize : 15 <-- 0.120486 s
currentSize : 16 <-- 0.120510 s
currentSize : 18 <-- 0.120530 s

maxsize : 18
nodes : 14821.000000
filtered : 304909.000000
time : 0.128626
