Parameters: GAD=1 vflib=1 dir=0 label=0 lowerbound=1 fileNameGp=../graphsdb/mcs90/bvg/b09m/mcs90_b09m_s35.A42 fileNameGt=../graphsdb/mcs90/bvg/b09m/mcs90_b09m_s35.B42
Reading graphs...
35 :  151
35 :  152
Initializing...
maxdom : 35
D->valSize : 1225
Solving...
Blb : 3 (clique : 13)
currentSize : 13 <-- 0.018613 s
currentSize : 14 <-- 0.021846 s
currentSize : 15 <-- 0.021939 s
currentSize : 16 <-- 0.200670 s
currentSize : 17 <-- 1.727891 s
currentSize : 18 <-- 77.750511 s
currentSize : 19 <-- 88.566010 s
currentSize : 20 <-- 110.560471 s
currentSize : 22 <-- 118.803246 s
currentSize : 27 <-- 123.449585 s
currentSize : 30 <-- 123.449745 s

maxsize : 30
nodes : 19210456.000000
filtered : 424576606.000000
time : 123.864281
