Parameters: GAD=1 vflib=1 dir=0 label=0 lowerbound=1 fileNameGp=../graphsdb/mcs90/bvg/b06/mcs90_b06_s20.A49 fileNameGt=../graphsdb/mcs90/bvg/b06/mcs90_b06_s20.B49
Reading graphs...
20 :  60
20 :  60
Initializing...
maxdom : 20
D->valSize : 400
Solving...
Blb : 3 (clique : 12)
currentSize : 12 <-- 0.002113 s
currentSize : 13 <-- 0.002211 s
currentSize : 14 <-- 0.002243 s
currentSize : 15 <-- 0.002656 s
currentSize : 16 <-- 0.002672 s
currentSize : 18 <-- 0.002883 s

maxsize : 18
nodes : 577.000000
filtered : 24820.000000
time : 0.011548
