Parameters: GAD=1 vflib=1 dir=0 label=0 lowerbound=1 fileNameGp=../graphsdb/mcs90/bvg/b06/mcs90_b06_s35.A49 fileNameGt=../graphsdb/mcs90/bvg/b06/mcs90_b06_s35.B49
Reading graphs...
35 :  104
35 :  104
Initializing...
maxdom : 35
D->valSize : 1225
Solving...
Blb : 2 (clique : 23)
currentSize : 23 <-- 0.020008 s
currentSize : 24 <-- 0.020254 s
currentSize : 25 <-- 0.020398 s
currentSize : 26 <-- 0.020731 s
currentSize : 27 <-- 0.021036 s
currentSize : 28 <-- 0.035402 s
currentSize : 31 <-- 0.076076 s

maxsize : 31
nodes : 14806.000000
filtered : 1085284.000000
time : 1.253870
