Parameters: GAD=1 vflib=1 dir=0 label=0 lowerbound=1 fileNameGp=../graphsdb/mcs90/bvg/b03m/mcs90_b03m_s30.A16 fileNameGt=../graphsdb/mcs90/bvg/b03m/mcs90_b03m_s30.B16
Reading graphs...
30 :  45
30 :  45
Initializing...
maxdom : 30
D->valSize : 900
Solving...
Blb : 2 (clique : 20)
currentSize : 20 <-- 0.020016 s
currentSize : 21 <-- 0.025329 s
currentSize : 22 <-- 0.036550 s
currentSize : 23 <-- 0.127207 s
currentSize : 24 <-- 9.561991 s
currentSize : 26 <-- 26.525820 s

maxsize : 26
nodes : 745725.000000
filtered : 44834409.000000
time : 27.279894
