Parameters: GAD=1 vflib=1 dir=0 label=0 lowerbound=1 fileNameGp=../graphsdb/mcs90/rand/r005/mcs90_r005_s25.A97 fileNameGt=../graphsdb/mcs90/rand/r005/mcs90_r005_s25.B97
Reading graphs...
25 :  29
25 :  29
Initializing...
maxdom : 25
D->valSize : 625
Solving...
Blb : 2 (clique : 16)
currentSize : 16 <-- 0.009873 s
currentSize : 17 <-- 0.010009 s
currentSize : 18 <-- 0.010058 s
currentSize : 19 <-- 0.010812 s
currentSize : 20 <-- 0.010887 s
currentSize : 21 <-- 0.012271 s
currentSize : 22 <-- 0.134847 s

maxsize : 22
nodes : 5348.000000
filtered : 244305.000000
time : 0.505441
