Parameters: GAD=1 vflib=1 dir=0 label=0 lowerbound=1 fileNameGp=../graphsdb/mcs90/rand/r01/mcs90_r01_s15.A01 fileNameGt=../graphsdb/mcs90/rand/r01/mcs90_r01_s15.B01
Reading graphs...
15 :  20
15 :  20
Initializing...
maxdom : 15
D->valSize : 225
Solving...
Blb : 2 (clique : 9)
currentSize : 9 <-- 0.001079 s
currentSize : 10 <-- 0.001393 s
currentSize : 11 <-- 0.001956 s
currentSize : 12 <-- 0.007078 s
currentSize : 13 <-- 0.011026 s

maxsize : 13
nodes : 1337.000000
filtered : 25634.000000
time : 0.011290
