Parameters: GAD=1 vflib=1 dir=0 label=0 lowerbound=1 fileNameGp=../graphsdb/mcs90/bvg/b06/mcs90_b06_s20.A63 fileNameGt=../graphsdb/mcs90/bvg/b06/mcs90_b06_s20.B63
Reading graphs...
20 :  59
20 :  59
Initializing...
maxdom : 20
D->valSize : 400
Solving...
Blb : 2 (clique : 12)
currentSize : 12 <-- 0.002154 s
currentSize : 13 <-- 0.002482 s
currentSize : 14 <-- 0.002538 s
currentSize : 15 <-- 0.002593 s
currentSize : 16 <-- 0.002608 s
currentSize : 18 <-- 0.002736 s

maxsize : 18
nodes : 683.000000
filtered : 28272.000000
time : 0.016333
