Parameters: GAD=1 vflib=1 dir=0 label=0 lowerbound=1 fileNameGp=../graphsdb/mcs90/bvg/b09m/mcs90_b09m_s20.A60 fileNameGt=../graphsdb/mcs90/bvg/b09m/mcs90_b09m_s20.B60
Reading graphs...
20 :  86
20 :  87
Initializing...
maxdom : 20
D->valSize : 400
Solving...
Blb : 2 (clique : 9)
currentSize : 9 <-- 0.001979 s
currentSize : 10 <-- 0.002136 s
currentSize : 12 <-- 0.002636 s
currentSize : 13 <-- 0.002782 s
currentSize : 14 <-- 0.004164 s
currentSize : 18 <-- 0.005247 s

maxsize : 18
nodes : 1035.000000
filtered : 27324.000000
time : 0.009085
