Parameters: GAD=1 vflib=1 dir=0 label=0 lowerbound=1 fileNameGp=../graphsdb/mcs90/m2D/m2Dr2/mcs90_m2Dr2_s20.A46 fileNameGt=../graphsdb/mcs90/m2D/m2Dr2/mcs90_m2Dr2_s20.B46
Reading graphs...
20 :  35
20 :  34
Initializing...
maxdom : 20
D->valSize : 400
Solving...
Blb : 3 (clique : 11)
currentSize : 11 <-- 0.002333 s
currentSize : 12 <-- 0.002514 s
currentSize : 13 <-- 0.002824 s
currentSize : 14 <-- 0.007477 s
currentSize : 15 <-- 0.096965 s
currentSize : 17 <-- 0.121668 s

maxsize : 17
nodes : 12664.000000
filtered : 291131.000000
time : 0.151120
