Parameters: GAD=1 vflib=1 dir=0 label=0 lowerbound=1 fileNameGp=../graphsdb/mcs90/bvg/b03m/mcs90_b03m_s25.A99 fileNameGt=../graphsdb/mcs90/bvg/b03m/mcs90_b03m_s25.B99
Reading graphs...
25 :  37
25 :  37
Initializing...
maxdom : 25
D->valSize : 625
Solving...
Blb : 2 (clique : 16)
currentSize : 16 <-- 0.009475 s
currentSize : 19 <-- 0.009611 s
currentSize : 20 <-- 0.010100 s
currentSize : 21 <-- 0.011773 s
currentSize : 23 <-- 0.011908 s

maxsize : 23
nodes : 319.000000
filtered : 15872.000000
time : 0.014586
