Parameters: GAD=1 vflib=1 dir=0 label=0 lowerbound=1 fileNameGp=../graphsdb/mcs90/bvg/b03/mcs90_b03_s20.A18 fileNameGt=../graphsdb/mcs90/bvg/b03/mcs90_b03_s20.B18
Reading graphs...
20 :  30
20 :  30
Initializing...
maxdom : 20
D->valSize : 400
Solving...
Blb : 5 (clique : 13)
currentSize : 13 <-- 0.003980 s
currentSize : 14 <-- 0.004083 s
currentSize : 15 <-- 0.004155 s
currentSize : 16 <-- 0.004258 s
currentSize : 17 <-- 0.004317 s
currentSize : 18 <-- 0.004892 s
currentSize : 19 <-- 0.004978 s

maxsize : 19
nodes : 241.000000
filtered : 5958.000000
time : 0.007254
