Parameters: GAD=1 vflib=1 dir=0 label=0 lowerbound=1 fileNameGp=../graphsdb/mcs90/m2D/m2D/mcs90_m2D_s20.A71 fileNameGt=../graphsdb/mcs90/m2D/m2D/mcs90_m2D_s20.B71
Reading graphs...
20 :  31
20 :  31
Initializing...
maxdom : 20
D->valSize : 400
Solving...
Blb : 2 (clique : 12)
currentSize : 12 <-- 0.002302 s
currentSize : 13 <-- 0.002382 s
currentSize : 14 <-- 0.002780 s
currentSize : 15 <-- 0.002898 s
currentSize : 16 <-- 0.019173 s
currentSize : 17 <-- 0.019862 s

maxsize : 17
nodes : 3909.000000
filtered : 112954.000000
time : 0.053207
