Parameters: GAD=1 vflib=1 dir=0 label=0 lowerbound=1 fileNameGp=../graphsdb/mcs90/rand/r005/mcs90_r005_s35.A96 fileNameGt=../graphsdb/mcs90/rand/r005/mcs90_r005_s35.B96
Reading graphs...
35 :  57
35 :  56
Initializing...
maxdom : 35
D->valSize : 1225
Solving...
Blb : 2 (clique : 22)
currentSize : 22 <-- 0.021395 s
currentSize : 23 <-- 0.022394 s
currentSize : 24 <-- 0.451238 s
currentSize : 25 <-- 58.645573 s
currentSize : 26 <-- 86.149071 s
currentSize : 27 <-- 89.789032 s
currentSize : 28 <-- 164.784775 s
currentSize : 31 <-- 165.362183 s

maxsize : 31
nodes : 3178513.000000
filtered : 188845736.000000
time : 166.168777
