Parameters: GAD=1 vflib=1 dir=0 label=0 lowerbound=1 fileNameGp=../graphsdb/mcs90/rand/r01/mcs90_r01_s35.A09 fileNameGt=../graphsdb/mcs90/rand/r01/mcs90_r01_s35.B09
Reading graphs...
35 :  115
35 :  115
Initializing...
maxdom : 35
D->valSize : 1225
Solving...
Blb : 2 (clique : 15)
currentSize : 15 <-- 0.019119 s
currentSize : 17 <-- 0.019258 s
currentSize : 18 <-- 0.035181 s
currentSize : 19 <-- 1.659428 s
currentSize : 20 <-- 12.014601 s
currentSize : 21 <-- 12.014724 s
currentSize : 22 <-- 12.033513 s
currentSize : 31 <-- 93.317459 s

maxsize : 31
nodes : 10144334.000000
filtered : 339877935.000000
time : 93.705391
