Parameters: GAD=1 vflib=1 dir=0 label=0 lowerbound=1 fileNameGp=../graphsdb/mcs90/bvg/b09/mcs90_b09_s25.A34 fileNameGt=../graphsdb/mcs90/bvg/b09/mcs90_b09_s25.B34
Reading graphs...
25 :  112
25 :  111
Initializing...
maxdom : 25
D->valSize : 625
Solving...
Blb : 2 (clique : 11)
currentSize : 11 <-- 0.004523 s
currentSize : 12 <-- 0.004655 s
currentSize : 13 <-- 0.004699 s
currentSize : 14 <-- 0.005014 s
currentSize : 15 <-- 0.005619 s
currentSize : 16 <-- 0.005962 s
currentSize : 18 <-- 0.008359 s
currentSize : 22 <-- 0.012084 s

maxsize : 22
nodes : 4105.000000
filtered : 201421.000000
time : 0.056885
