Parameters: GAD=1 vflib=1 dir=0 label=0 lowerbound=1 fileNameGp=../graphsdb/mcs90/m3D/m3Dr6/mcs90_m3Dr6_s30.A90 fileNameGt=../graphsdb/mcs90/m3D/m3Dr6/mcs90_m3Dr6_s30.B90
Reading graphs...
30 :  75
30 :  74
Initializing...
maxdom : 30
D->valSize : 900
Solving...
Blb : 2 (clique : 15)
currentSize : 15 <-- 0.010932 s
currentSize : 16 <-- 0.011054 s
currentSize : 17 <-- 0.011099 s
currentSize : 18 <-- 0.012942 s
currentSize : 19 <-- 1.948773 s
currentSize : 20 <-- 31.314575 s
currentSize : 21 <-- 31.392052 s
currentSize : 22 <-- 31.418644 s
currentSize : 23 <-- 33.269665 s
currentSize : 27 <-- 33.270859 s

maxsize : 27
nodes : 2455693.000000
filtered : 86829547.000000
time : 33.339417
