Parameters: GAD=1 vflib=1 dir=0 label=0 lowerbound=1 fileNameGp=../graphsdb/mcs90/bvg/b09/mcs90_b09_s30.A47 fileNameGt=../graphsdb/mcs90/bvg/b09/mcs90_b09_s30.B47
Reading graphs...
30 :  135
30 :  134
Initializing...
maxdom : 30
D->valSize : 900
Solving...
Blb : 3 (clique : 12)
currentSize : 12 <-- 0.009812 s
currentSize : 13 <-- 0.009933 s
currentSize : 15 <-- 0.010044 s
currentSize : 19 <-- 0.010133 s
currentSize : 20 <-- 0.010527 s
currentSize : 22 <-- 0.010626 s
currentSize : 26 <-- 0.023318 s

maxsize : 26
nodes : 17442.000000
filtered : 1048910.000000
time : 0.279146
