Parameters: GAD=1 vflib=1 dir=0 label=0 lowerbound=1 fileNameGp=../graphsdb/mcs90/m3D/m3Dr6/mcs90_m3Dr6_s30.A15 fileNameGt=../graphsdb/mcs90/m3D/m3Dr6/mcs90_m3Dr6_s30.B15
Reading graphs...
30 :  76
30 :  76
Initializing...
maxdom : 30
D->valSize : 900
Solving...
Blb : 2 (clique : 16)
currentSize : 16 <-- 0.018704 s
currentSize : 17 <-- 0.019060 s
currentSize : 18 <-- 0.794183 s
currentSize : 19 <-- 1.312814 s
currentSize : 20 <-- 5.792780 s
currentSize : 22 <-- 9.020888 s
currentSize : 23 <-- 10.544329 s
currentSize : 24 <-- 11.222532 s
currentSize : 27 <-- 13.204943 s

maxsize : 27
nodes : 1153414.000000
filtered : 36041247.000000
time : 13.248826
