Parameters: GAD=1 vflib=1 dir=0 label=0 lowerbound=1 fileNameGp=../graphsdb/mcs90/m2D/m2Dr2/mcs90_m2Dr2_s30.A43 fileNameGt=../graphsdb/mcs90/m2D/m2Dr2/mcs90_m2Dr2_s30.B43
Reading graphs...
30 :  53
30 :  52
Initializing...
maxdom : 30
D->valSize : 900
Solving...
Blb : 2 (clique : 19)
currentSize : 19 <-- 0.011214 s
currentSize : 20 <-- 0.012157 s
currentSize : 21 <-- 1.582069 s
currentSize : 22 <-- 13.713204 s
currentSize : 23 <-- 29.751146 s
currentSize : 25 <-- 30.475456 s

maxsize : 25
nodes : 1792581.000000
filtered : 78193870.000000
time : 34.119823
