Parameters: GAD=1 vflib=1 dir=0 label=0 lowerbound=1 fileNameGp=../graphsdb/mcs90/m3D/m3Dr6/mcs90_m3Dr6_s30.A09 fileNameGt=../graphsdb/mcs90/m3D/m3Dr6/mcs90_m3Dr6_s30.B09
Reading graphs...
30 :  76
30 :  76
Initializing...
maxdom : 30
D->valSize : 900
Solving...
Blb : 2 (clique : 14)
currentSize : 14 <-- 0.018558 s
currentSize : 15 <-- 0.018773 s
currentSize : 16 <-- 0.019316 s
currentSize : 17 <-- 0.040236 s
currentSize : 18 <-- 0.296222 s
currentSize : 19 <-- 0.565365 s
currentSize : 20 <-- 0.565628 s
currentSize : 23 <-- 2.371059 s
currentSize : 27 <-- 4.230584 s

maxsize : 27
nodes : 451343.000000
filtered : 13384908.000000
time : 4.306783
