Parameters: GAD=1 vflib=1 dir=0 label=0 lowerbound=1 fileNameGp=../graphsdb/mcs90/m2D/m2Dr6/mcs90_m2Dr6_s20.A92 fileNameGt=../graphsdb/mcs90/m2D/m2Dr6/mcs90_m2Dr6_s20.B92
Reading graphs...
20 :  40
20 :  37
Initializing...
maxdom : 20
D->valSize : 400
Solving...
Blb : 2 (clique : 11)
currentSize : 11 <-- 0.002238 s
currentSize : 12 <-- 0.002307 s
currentSize : 13 <-- 0.002392 s
currentSize : 14 <-- 0.004756 s
currentSize : 16 <-- 0.008917 s

maxsize : 16
nodes : 5190.000000
filtered : 177969.000000
time : 0.078262
