Parameters: GAD=1 vflib=1 dir=0 label=0 lowerbound=1 fileNameGp=../graphsdb/mcs90/m4D/m4D/mcs90_m4D_s20.A35 fileNameGt=../graphsdb/mcs90/m4D/m4D/mcs90_m4D_s20.B35
Reading graphs...
20 :  37
20 :  37
Initializing...
maxdom : 20
D->valSize : 400
Solving...
Blb : 2 (clique : 11)
currentSize : 11 <-- 0.002296 s
currentSize : 13 <-- 0.003107 s
currentSize : 14 <-- 0.010229 s
currentSize : 15 <-- 0.010805 s
currentSize : 16 <-- 0.020897 s

maxsize : 16
nodes : 7618.000000
filtered : 185260.000000
time : 0.094698
