Parameters: GAD=1 vflib=1 dir=0 label=0 lowerbound=1 fileNameGp=../graphsdb/mcs90/bvg/b06/mcs90_b06_s30.A87 fileNameGt=../graphsdb/mcs90/bvg/b06/mcs90_b06_s30.B87
Reading graphs...
30 :  90
30 :  90
Initializing...
maxdom : 30
D->valSize : 900
Solving...
Blb : 2 (clique : 18)
currentSize : 18 <-- 0.011124 s
currentSize : 22 <-- 0.011257 s
currentSize : 23 <-- 0.011641 s
currentSize : 24 <-- 0.011765 s
currentSize : 25 <-- 0.011855 s
currentSize : 27 <-- 0.011986 s

maxsize : 27
nodes : 4120.000000
filtered : 253935.000000
time : 0.197672
