Parameters: GAD=1 vflib=1 dir=0 label=0 lowerbound=1 fileNameGp=../graphsdb/mcs90/bvg/b09/mcs90_b09_s30.A25 fileNameGt=../graphsdb/mcs90/bvg/b09/mcs90_b09_s30.B25
Reading graphs...
30 :  134
30 :  135
Initializing...
maxdom : 30
D->valSize : 900
Solving...
Blb : 2 (clique : 13)
currentSize : 13 <-- 0.009709 s
currentSize : 18 <-- 0.009822 s
currentSize : 19 <-- 0.010146 s
currentSize : 20 <-- 0.010273 s
currentSize : 22 <-- 0.010346 s
currentSize : 24 <-- 0.024028 s
currentSize : 26 <-- 0.024117 s

maxsize : 26
nodes : 18229.000000
filtered : 1122589.000000
time : 0.325320
