Parameters: GAD=1 vflib=1 dir=0 label=0 lowerbound=1 fileNameGp=../graphsdb/mcs90/m4D/m4Dr2/mcs90_m4Dr2_s20.A70 fileNameGt=../graphsdb/mcs90/m4D/m4Dr2/mcs90_m4Dr2_s20.B70
Reading graphs...
20 :  41
20 :  40
Initializing...
maxdom : 20
D->valSize : 400
Solving...
Blb : 2 (clique : 11)
currentSize : 11 <-- 0.002239 s
currentSize : 12 <-- 0.002330 s
currentSize : 13 <-- 0.002408 s
currentSize : 14 <-- 0.003320 s
currentSize : 15 <-- 0.003359 s
currentSize : 16 <-- 0.134471 s

maxsize : 16
nodes : 12438.000000
filtered : 342129.000000
time : 0.165978
