Parameters: GAD=1 vflib=1 dir=0 label=0 lowerbound=1 fileNameGp=../graphsdb/mcs90/rand/r005/mcs90_r005_s35.A94 fileNameGt=../graphsdb/mcs90/rand/r005/mcs90_r005_s35.B94
Reading graphs...
35 :  57
35 :  57
Initializing...
maxdom : 35
D->valSize : 1225
Solving...
Blb : 2 (clique : 22)
currentSize : 22 <-- 0.021574 s
currentSize : 23 <-- 0.022752 s
currentSize : 24 <-- 0.025992 s
currentSize : 25 <-- 0.043120 s
currentSize : 26 <-- 56.492508 s
currentSize : 27 <-- 242.509949 s
currentSize : 28 <-- 438.778778 s
currentSize : 29 <-- 454.415649 s
currentSize : 31 <-- 454.424438 s

maxsize : 31
nodes : 6002894.000000
filtered : 441586608.000000
time : 455.096802
