Parameters: GAD=1 vflib=1 dir=0 label=0 lowerbound=1 fileNameGp=../graphsdb/mcs90/m4D/m4Dr6/mcs90_m4Dr6_s20.A92 fileNameGt=../graphsdb/mcs90/m4D/m4Dr6/mcs90_m4Dr6_s20.B92
Reading graphs...
20 :  46
20 :  44
Initializing...
maxdom : 20
D->valSize : 400
Solving...
Blb : 2 (clique : 11)
currentSize : 11 <-- 0.002424 s
currentSize : 12 <-- 0.002489 s
currentSize : 13 <-- 0.006556 s
currentSize : 15 <-- 0.009642 s
currentSize : 16 <-- 0.016328 s

maxsize : 16
nodes : 5613.000000
filtered : 164798.000000
time : 0.061634
