Parameters: GAD=1 vflib=1 dir=0 label=0 lowerbound=1 fileNameGp=../graphsdb/mcs90/bvg/b06/mcs90_b06_s35.A03 fileNameGt=../graphsdb/mcs90/bvg/b06/mcs90_b06_s35.B03
Reading graphs...
35 :  105
35 :  105
Initializing...
maxdom : 35
D->valSize : 1225
Solving...
Blb : 2 (clique : 17)
currentSize : 17 <-- 0.019190 s
currentSize : 18 <-- 0.019342 s
currentSize : 19 <-- 0.019370 s
currentSize : 20 <-- 0.026250 s
currentSize : 21 <-- 0.061671 s
currentSize : 22 <-- 0.126127 s
currentSize : 23 <-- 0.568749 s
currentSize : 24 <-- 1.903850 s
currentSize : 25 <-- 1.904334 s
currentSize : 26 <-- 1.906668 s
currentSize : 27 <-- 1.921034 s
currentSize : 28 <-- 1.923421 s
currentSize : 29 <-- 1.969353 s
currentSize : 31 <-- 1.976607 s

maxsize : 31
nodes : 115836.000000
filtered : 4645778.000000
time : 2.622457
