Parameters: GAD=1 vflib=1 dir=0 label=0 lowerbound=1 fileNameGp=../graphsdb/mcs90/bvg/b06m/mcs90_b06m_s25.A76 fileNameGt=../graphsdb/mcs90/bvg/b06m/mcs90_b06m_s25.B76
Reading graphs...
25 :  73
25 :  73
Initializing...
maxdom : 25
D->valSize : 625
Solving...
Blb : 5 (clique : 12)
currentSize : 12 <-- 0.004856 s
currentSize : 13 <-- 0.005307 s
currentSize : 14 <-- 0.007636 s
currentSize : 15 <-- 0.082091 s
currentSize : 18 <-- 0.082145 s
currentSize : 22 <-- 0.199421 s

maxsize : 22
nodes : 23909.000000
filtered : 697513.000000
time : 0.225890
