Parameters: GAD=1 vflib=1 dir=0 label=0 lowerbound=1 fileNameGp=../graphsdb/mcs90/m2D/m2Dr6/mcs90_m2Dr6_s30.A00 fileNameGt=../graphsdb/mcs90/m2D/m2Dr6/mcs90_m2Dr6_s30.B00
Reading graphs...
30 :  67
30 :  66
Initializing...
maxdom : 30
D->valSize : 900
Solving...
Blb : 2 (clique : 14)
currentSize : 14 <-- 0.010743 s
currentSize : 15 <-- 0.010864 s
currentSize : 16 <-- 0.010891 s
currentSize : 17 <-- 0.012320 s
currentSize : 18 <-- 0.023384 s
currentSize : 19 <-- 0.134914 s
currentSize : 20 <-- 6.379985 s
currentSize : 21 <-- 6.888983 s
currentSize : 22 <-- 15.685275 s
currentSize : 23 <-- 15.685302 s
currentSize : 25 <-- 15.685493 s

maxsize : 25
nodes : 1055840.000000
filtered : 37751562.000000
time : 16.441931
