Parameters: GAD=1 vflib=1 dir=0 label=0 lowerbound=1 fileNameGp=../graphsdb/mcs90/m2D/m2Dr6/mcs90_m2Dr6_s20.A00 fileNameGt=../graphsdb/mcs90/m2D/m2Dr6/mcs90_m2Dr6_s20.B00
Reading graphs...
20 :  43
20 :  43
Initializing...
maxdom : 20
D->valSize : 400
Solving...
Blb : 5 (clique : 11)
currentSize : 11 <-- 0.002200 s
currentSize : 12 <-- 0.002277 s
currentSize : 13 <-- 0.003864 s
currentSize : 14 <-- 0.029889 s
currentSize : 15 <-- 0.337742 s
currentSize : 16 <-- 0.337847 s

maxsize : 16
nodes : 51005.000000
filtered : 1213228.000000
time : 0.347901
