Parameters: GAD=1 vflib=1 dir=0 label=0 lowerbound=1 fileNameGp=../graphsdb/mcs90/m2D/m2Dr4/mcs90_m2Dr4_s30.A68 fileNameGt=../graphsdb/mcs90/m2D/m2Dr4/mcs90_m2Dr4_s30.B68
Reading graphs...
30 :  59
30 :  59
Initializing...
maxdom : 30
D->valSize : 900
Solving...
Blb : 2 (clique : 17)
currentSize : 17 <-- 0.011165 s
currentSize : 18 <-- 0.011893 s
currentSize : 19 <-- 0.011906 s
currentSize : 20 <-- 0.050753 s
currentSize : 21 <-- 12.444040 s
currentSize : 22 <-- 26.323198 s
currentSize : 23 <-- 36.884945 s
currentSize : 25 <-- 36.993679 s

maxsize : 25
nodes : 1903879.000000
filtered : 81169231.000000
time : 37.979824
