Parameters: GAD=1 vflib=1 dir=0 label=0 lowerbound=1 fileNameGp=../graphsdb/mcs90/rand/r02/mcs90_r02_s20.A68 fileNameGt=../graphsdb/mcs90/rand/r02/mcs90_r02_s20.B68
Reading graphs...
20 :  67
20 :  67
Initializing...
maxdom : 20
D->valSize : 400
Solving...
Blb : 2 (clique : 8)
currentSize : 8 <-- 0.002205 s
currentSize : 9 <-- 0.002310 s
currentSize : 10 <-- 0.002487 s
currentSize : 11 <-- 0.005233 s
currentSize : 12 <-- 0.005523 s
currentSize : 13 <-- 0.084942 s
currentSize : 18 <-- 0.088647 s

maxsize : 18
nodes : 23061.000000
filtered : 308862.000000
time : 0.089777
