Parameters: GAD=1 vflib=1 dir=0 label=0 lowerbound=1 fileNameGp=../graphsdb/mcs90/bvg/b09/mcs90_b09_s30.A48 fileNameGt=../graphsdb/mcs90/bvg/b09/mcs90_b09_s30.B48
Reading graphs...
30 :  135
30 :  133
Initializing...
maxdom : 30
D->valSize : 900
Solving...
Blb : 2 (clique : 12)
currentSize : 12 <-- 0.009588 s
currentSize : 13 <-- 0.010045 s
currentSize : 14 <-- 0.017563 s
currentSize : 15 <-- 0.017661 s
currentSize : 16 <-- 0.017816 s
currentSize : 17 <-- 0.018177 s
currentSize : 19 <-- 0.026513 s
currentSize : 20 <-- 0.034757 s
currentSize : 21 <-- 0.049606 s
currentSize : 22 <-- 0.073764 s
currentSize : 26 <-- 0.083746 s

maxsize : 26
nodes : 24199.000000
filtered : 1067958.000000
time : 0.296614
