Parameters: GAD=1 vflib=1 dir=0 label=0 lowerbound=1 fileNameGp=../graphsdb/mcs90/rand/r01/mcs90_r01_s20.A16 fileNameGt=../graphsdb/mcs90/rand/r01/mcs90_r01_s20.B16
Reading graphs...
20 :  33
20 :  35
Initializing...
maxdom : 20
D->valSize : 400
Solving...
Blb : 2 (clique : 11)
currentSize : 11 <-- 0.002261 s
currentSize : 13 <-- 0.002327 s
currentSize : 14 <-- 0.006359 s
currentSize : 15 <-- 0.009201 s
currentSize : 18 <-- 0.014482 s

maxsize : 18
nodes : 1509.000000
filtered : 41585.000000
time : 0.017369
