Parameters: GAD=1 vflib=1 dir=0 label=0 lowerbound=1 fileNameGp=../graphsdb/mcs90/rand/r01/mcs90_r01_s30.A70 fileNameGt=../graphsdb/mcs90/rand/r01/mcs90_r01_s30.B70
Reading graphs...
30 :  82
30 :  82
Initializing...
maxdom : 30
D->valSize : 900
Solving...
Blb : 2 (clique : 16)
currentSize : 16 <-- 0.010792 s
currentSize : 17 <-- 0.033660 s
currentSize : 18 <-- 1.720033 s
currentSize : 19 <-- 9.415328 s
currentSize : 20 <-- 9.718462 s
currentSize : 21 <-- 13.998464 s
currentSize : 23 <-- 14.000481 s
currentSize : 27 <-- 14.007195 s

maxsize : 27
nodes : 1125840.000000
filtered : 35941385.000000
time : 14.056163
