Parameters: GAD=1 vflib=1 dir=0 label=0 lowerbound=1 fileNameGp=../graphsdb/mcs90/rand/r02/mcs90_r02_s30.A00 fileNameGt=../graphsdb/mcs90/rand/r02/mcs90_r02_s30.B00
Reading graphs...
30 :  159
30 :  158
Initializing...
maxdom : 30
D->valSize : 900
Solving...
Blb : 2 (clique : 11)
currentSize : 11 <-- 0.016166 s
currentSize : 12 <-- 0.016836 s
currentSize : 13 <-- 0.021127 s
currentSize : 14 <-- 0.553135 s
currentSize : 16 <-- 0.554878 s
currentSize : 18 <-- 2.756834 s
currentSize : 20 <-- 2.782012 s
currentSize : 27 <-- 3.323156 s

maxsize : 27
nodes : 694203.000000
filtered : 12654168.000000
time : 3.373966
