Parameters: GAD=1 vflib=1 dir=0 label=0 lowerbound=1 fileNameGp=../graphsdb/mcs90/rand/r01/mcs90_r01_s30.A24 fileNameGt=../graphsdb/mcs90/rand/r01/mcs90_r01_s30.B24
Reading graphs...
30 :  81
30 :  81
Initializing...
maxdom : 30
D->valSize : 900
Solving...
Blb : 2 (clique : 14)
currentSize : 14 <-- 0.010426 s
currentSize : 15 <-- 0.010832 s
currentSize : 16 <-- 0.032530 s
currentSize : 17 <-- 0.083688 s
currentSize : 18 <-- 1.293553 s
currentSize : 19 <-- 1.646627 s
currentSize : 20 <-- 1.932619 s
currentSize : 21 <-- 10.172567 s
currentSize : 22 <-- 10.605424 s
currentSize : 27 <-- 10.799534 s

maxsize : 27
nodes : 842691.000000
filtered : 30200747.000000
time : 10.870298
