Parameters: GAD=1 vflib=1 dir=0 label=0 lowerbound=1 fileNameGp=../graphsdb/mcs90/bvg/b06m/mcs90_b06m_s25.A45 fileNameGt=../graphsdb/mcs90/bvg/b06m/mcs90_b06m_s25.B45
Reading graphs...
25 :  75
25 :  75
Initializing...
maxdom : 25
D->valSize : 625
Solving...
Blb : 2 (clique : 12)
currentSize : 12 <-- 0.004883 s
currentSize : 13 <-- 0.005068 s
currentSize : 14 <-- 0.005143 s
currentSize : 15 <-- 0.036732 s
currentSize : 17 <-- 0.800086 s
currentSize : 20 <-- 0.890543 s
currentSize : 22 <-- 0.992669 s

maxsize : 22
nodes : 125803.000000
filtered : 3778457.000000
time : 1.005026
