Parameters: GAD=1 vflib=1 dir=0 label=0 lowerbound=1 fileNameGp=../graphsdb/mcs90/bvg/b03m/mcs90_b03m_s25.A13 fileNameGt=../graphsdb/mcs90/bvg/b03m/mcs90_b03m_s25.B13
Reading graphs...
25 :  37
25 :  37
Initializing...
maxdom : 25
D->valSize : 625
Solving...
Blb : 2 (clique : 18)
currentSize : 18 <-- 0.005422 s
currentSize : 19 <-- 0.013527 s
currentSize : 20 <-- 0.013709 s
currentSize : 21 <-- 0.082818 s
currentSize : 23 <-- 0.162905 s

maxsize : 23
nodes : 5079.000000
filtered : 218410.000000
time : 0.186730
