Parameters: GAD=1 vflib=1 dir=0 label=0 lowerbound=1 fileNameGp=../graphsdb/mcs90/bvg/b06/mcs90_b06_s20.A22 fileNameGt=../graphsdb/mcs90/bvg/b06/mcs90_b06_s20.B22
Reading graphs...
20 :  60
20 :  60
Initializing...
maxdom : 20
D->valSize : 400
Solving...
Blb : 2 (clique : 12)
currentSize : 12 <-- 0.002204 s
currentSize : 13 <-- 0.002366 s
currentSize : 14 <-- 0.002399 s
currentSize : 15 <-- 0.002561 s
currentSize : 16 <-- 0.010873 s
currentSize : 17 <-- 0.010976 s
currentSize : 18 <-- 0.012515 s

maxsize : 18
nodes : 1774.000000
filtered : 57355.000000
time : 0.019421
