Parameters: GAD=1 vflib=1 dir=0 label=0 lowerbound=1 fileNameGp=../graphsdb/mcs90/rand/r02/mcs90_r02_s35.A91 fileNameGt=../graphsdb/mcs90/rand/r02/mcs90_r02_s35.B91
Reading graphs...
35 :  216
35 :  216
Initializing...
maxdom : 35
D->valSize : 1225
Solving...
Blb : 3 (clique : 11)
currentSize : 11 <-- 0.029551 s
currentSize : 12 <-- 0.029927 s
currentSize : 13 <-- 0.042523 s
currentSize : 14 <-- 0.059816 s
currentSize : 15 <-- 13.874339 s
currentSize : 16 <-- 61.402584 s
currentSize : 17 <-- 66.482117 s
currentSize : 20 <-- 73.351822 s
currentSize : 21 <-- 84.672226 s
currentSize : 22 <-- 84.974403 s
currentSize : 31 <-- 84.979675 s

maxsize : 31
nodes : 18027400.000000
filtered : 286933298.000000
time : 85.149323
