Parameters: GAD=1 vflib=1 dir=0 label=0 lowerbound=1 fileNameGp=../graphsdb/mcs90/bvg/b03m/mcs90_b03m_s25.A46 fileNameGt=../graphsdb/mcs90/bvg/b03m/mcs90_b03m_s25.B46
Reading graphs...
25 :  37
25 :  37
Initializing...
maxdom : 25
D->valSize : 625
Solving...
Blb : 2 (clique : 15)
currentSize : 15 <-- 0.005630 s
currentSize : 16 <-- 0.005773 s
currentSize : 17 <-- 0.005914 s
currentSize : 18 <-- 0.007382 s
currentSize : 19 <-- 0.095431 s
currentSize : 20 <-- 1.116488 s
currentSize : 22 <-- 1.276204 s

maxsize : 22
nodes : 44257.000000
filtered : 1728610.000000
time : 1.374076
