Parameters: GAD=1 vflib=1 dir=0 label=0 lowerbound=1 fileNameGp=../graphsdb/mcs90/bvg/b06m/mcs90_b06m_s30.A11 fileNameGt=../graphsdb/mcs90/bvg/b06m/mcs90_b06m_s30.B11
Reading graphs...
30 :  88
30 :  89
Initializing...
maxdom : 30
D->valSize : 900
Solving...
Blb : 3 (clique : 15)
currentSize : 15 <-- 0.010389 s
currentSize : 16 <-- 0.010701 s
currentSize : 17 <-- 0.415392 s
currentSize : 18 <-- 5.570793 s
currentSize : 19 <-- 15.544552 s
currentSize : 20 <-- 22.511196 s
currentSize : 22 <-- 22.652517 s
currentSize : 23 <-- 22.652697 s
currentSize : 27 <-- 22.659220 s

maxsize : 27
nodes : 2222926.000000
filtered : 73308706.000000
time : 22.714552
