Parameters: GAD=1 vflib=1 dir=0 label=0 lowerbound=1 fileNameGp=../graphsdb/mcs90/bvg/b09m/mcs90_b09m_s35.A90 fileNameGt=../graphsdb/mcs90/bvg/b09m/mcs90_b09m_s35.B90
Reading graphs...
35 :  152
35 :  154
Initializing...
maxdom : 35
D->valSize : 1225
Solving...
Blb : 2 (clique : 12)
currentSize : 12 <-- 0.018435 s
currentSize : 13 <-- 0.018566 s
currentSize : 14 <-- 0.018620 s
currentSize : 15 <-- 0.030142 s
currentSize : 16 <-- 0.117581 s
currentSize : 17 <-- 5.016462 s
currentSize : 20 <-- 88.587608 s
currentSize : 21 <-- 88.587646 s
currentSize : 22 <-- 99.881157 s
currentSize : 24 <-- 102.175331 s
currentSize : 26 <-- 102.175377 s
currentSize : 27 <-- 102.175690 s
currentSize : 30 <-- 102.175735 s

maxsize : 30
nodes : 17616764.000000
filtered : 344938243.000000
time : 102.773819
