Parameters: GAD=1 vflib=1 dir=0 label=0 lowerbound=1 fileNameGp=../graphsdb/mcs90/bvg/b06m/mcs90_b06m_s20.A99 fileNameGt=../graphsdb/mcs90/bvg/b06m/mcs90_b06m_s20.B99
Reading graphs...
20 :  58
20 :  58
Initializing...
maxdom : 20
D->valSize : 400
Solving...
Blb : 5 (clique : 10)
currentSize : 10 <-- 0.002205 s
currentSize : 11 <-- 0.002280 s
currentSize : 12 <-- 0.002708 s
currentSize : 13 <-- 0.007258 s
currentSize : 15 <-- 0.020349 s
currentSize : 18 <-- 0.040146 s

maxsize : 18
nodes : 6995.000000
filtered : 157955.000000
time : 0.044400
