Parameters: GAD=1 vflib=1 dir=0 label=0 lowerbound=1 fileNameGp=../graphsdb/mcs90/bvg/b03m/mcs90_b03m_s30.A54 fileNameGt=../graphsdb/mcs90/bvg/b03m/mcs90_b03m_s30.B54
Reading graphs...
30 :  45
30 :  45
Initializing...
maxdom : 30
D->valSize : 900
Solving...
Blb : 2 (clique : 18)
currentSize : 18 <-- 0.011524 s
currentSize : 19 <-- 0.012275 s
currentSize : 20 <-- 0.013746 s
currentSize : 21 <-- 0.273807 s
currentSize : 22 <-- 0.449803 s
currentSize : 23 <-- 46.004200 s
currentSize : 24 <-- 50.600758 s
currentSize : 25 <-- 58.551277 s
currentSize : 26 <-- 58.625954 s

maxsize : 26
nodes : 2077322.000000
filtered : 108582651.000000
time : 60.865376
