Parameters: GAD=1 vflib=1 dir=0 label=0 lowerbound=1 fileNameGp=../graphsdb/mcs90/rand/r02/mcs90_r02_s30.A37 fileNameGt=../graphsdb/mcs90/rand/r02/mcs90_r02_s30.B37
Reading graphs...
30 :  155
30 :  160
Initializing...
maxdom : 30
D->valSize : 900
Solving...
Blb : 2 (clique : 11)
currentSize : 11 <-- 0.009583 s
currentSize : 12 <-- 0.009710 s
currentSize : 13 <-- 0.042617 s
currentSize : 14 <-- 0.278325 s
currentSize : 15 <-- 7.490268 s
currentSize : 16 <-- 10.433891 s
currentSize : 17 <-- 13.410860 s
currentSize : 18 <-- 13.411096 s
currentSize : 19 <-- 13.421069 s
currentSize : 23 <-- 13.510103 s
currentSize : 27 <-- 13.515958 s

maxsize : 27
nodes : 3275040.000000
filtered : 44950733.000000
time : 13.547924
