Parameters: GAD=1 vflib=1 dir=0 label=0 lowerbound=1 fileNameGp=../graphsdb/mcs90/m2D/m2D/mcs90_m2D_s30.A20 fileNameGt=../graphsdb/mcs90/m2D/m2D/mcs90_m2D_s30.B20
Reading graphs...
30 :  49
30 :  49
Initializing...
maxdom : 30
D->valSize : 900
Solving...
Blb : 2 (clique : 18)
currentSize : 18 <-- 0.019458 s
currentSize : 19 <-- 0.020674 s
currentSize : 20 <-- 0.035842 s
currentSize : 21 <-- 0.044716 s
currentSize : 22 <-- 0.209832 s
currentSize : 23 <-- 0.782996 s
currentSize : 24 <-- 0.814222 s
currentSize : 26 <-- 0.814790 s

maxsize : 26
nodes : 30738.000000
filtered : 1543661.000000
time : 1.402579
