Parameters: GAD=1 vflib=1 dir=0 label=0 lowerbound=1 fileNameGp=../graphsdb/mcs90/bvg/b09/mcs90_b09_s20.A29 fileNameGt=../graphsdb/mcs90/bvg/b09/mcs90_b09_s20.B29
Reading graphs...
20 :  90
20 :  88
Initializing...
maxdom : 20
D->valSize : 400
Solving...
Blb : 3 (clique : 14)
currentSize : 14 <-- 0.002012 s
currentSize : 15 <-- 0.002650 s
currentSize : 16 <-- 0.002951 s
currentSize : 17 <-- 0.005015 s
currentSize : 19 <-- 0.005230 s

maxsize : 19
nodes : 452.000000
filtered : 24295.000000
time : 0.005555
