Parameters: GAD=1 vflib=1 dir=0 label=0 lowerbound=1 fileNameGp=../graphsdb/mcs90/m2D/m2Dr6/mcs90_m2Dr6_s20.A63 fileNameGt=../graphsdb/mcs90/m2D/m2Dr6/mcs90_m2Dr6_s20.B63
Reading graphs...
20 :  43
20 :  43
Initializing...
maxdom : 20
D->valSize : 400
Solving...
Blb : 2 (clique : 12)
currentSize : 12 <-- 0.002263 s
currentSize : 13 <-- 0.008860 s
currentSize : 14 <-- 0.022901 s
currentSize : 15 <-- 0.024257 s
currentSize : 17 <-- 0.047315 s

maxsize : 17
nodes : 6728.000000
filtered : 180785.000000
time : 0.059265
