Parameters: GAD=1 vflib=1 dir=0 label=0 lowerbound=1 fileNameGp=../graphsdb/mcs90/m4D/m4Dr4/mcs90_m4Dr4_s20.A42 fileNameGt=../graphsdb/mcs90/m4D/m4Dr4/mcs90_m4Dr4_s20.B42
Reading graphs...
20 :  45
20 :  44
Initializing...
maxdom : 20
D->valSize : 400
Solving...
Blb : 2 (clique : 10)
currentSize : 10 <-- 0.002237 s
currentSize : 11 <-- 0.003604 s
currentSize : 12 <-- 0.005073 s
currentSize : 13 <-- 0.005255 s
currentSize : 14 <-- 0.010541 s
currentSize : 16 <-- 0.016882 s

maxsize : 16
nodes : 4536.000000
filtered : 117278.000000
time : 0.044150
