Parameters: GAD=1 vflib=1 dir=0 label=0 lowerbound=1 fileNameGp=../graphsdb/mcs90/m2D/m2Dr6/mcs90_m2Dr6_s30.A30 fileNameGt=../graphsdb/mcs90/m2D/m2Dr6/mcs90_m2Dr6_s30.B30
Reading graphs...
30 :  66
30 :  65
Initializing...
maxdom : 30
D->valSize : 900
Solving...
Blb : 2 (clique : 14)
currentSize : 14 <-- 0.010792 s
currentSize : 16 <-- 0.010903 s
currentSize : 17 <-- 0.011243 s
currentSize : 18 <-- 0.016160 s
currentSize : 19 <-- 0.025628 s
currentSize : 20 <-- 0.265332 s
currentSize : 21 <-- 16.425232 s
currentSize : 22 <-- 24.014215 s
currentSize : 23 <-- 24.053152 s
currentSize : 25 <-- 24.053198 s

maxsize : 25
nodes : 1920769.000000
filtered : 64809907.000000
time : 24.855024
