Parameters: GAD=1 vflib=1 dir=0 label=0 lowerbound=1 fileNameGp=../graphsdb/mcs90/bvg/b06/mcs90_b06_s20.A30 fileNameGt=../graphsdb/mcs90/bvg/b06/mcs90_b06_s20.B30
Reading graphs...
20 :  60
20 :  60
Initializing...
maxdom : 20
D->valSize : 400
Solving...
Blb : 5 (clique : 11)
currentSize : 11 <-- 0.002126 s
currentSize : 12 <-- 0.002195 s
currentSize : 13 <-- 0.002207 s
currentSize : 14 <-- 0.002237 s
currentSize : 18 <-- 0.002357 s
currentSize : 19 <-- 0.010181 s

maxsize : 19
nodes : 506.000000
filtered : 20571.000000
time : 0.010285
