Parameters: GAD=1 vflib=1 dir=0 label=0 lowerbound=1 fileNameGp=../graphsdb/mcs90/rand/r005/mcs90_r005_s25.A83 fileNameGt=../graphsdb/mcs90/rand/r005/mcs90_r005_s25.B83
Reading graphs...
25 :  29
25 :  29
Initializing...
maxdom : 25
D->valSize : 625
Solving...
Blb : 2 (clique : 18)
currentSize : 18 <-- 0.009873 s
currentSize : 19 <-- 0.010766 s
currentSize : 20 <-- 0.384479 s
currentSize : 21 <-- 1.092794 s
currentSize : 22 <-- 1.093778 s

maxsize : 22
nodes : 31609.000000
filtered : 1588065.000000
time : 1.396478
