Parameters: GAD=1 vflib=1 dir=0 label=0 lowerbound=1 fileNameGp=../graphsdb/mcs90/bvg/b06m/mcs90_b06m_s35.A64 fileNameGt=../graphsdb/mcs90/bvg/b06m/mcs90_b06m_s35.B64
Reading graphs...
35 :  103
35 :  103
Initializing...
maxdom : 35
D->valSize : 1225
Solving...
Blb : 2 (clique : 15)
currentSize : 15 <-- 0.034139 s
currentSize : 16 <-- 0.034586 s
currentSize : 17 <-- 0.034988 s
currentSize : 18 <-- 0.154262 s
currentSize : 19 <-- 0.308079 s
currentSize : 20 <-- 2.343698 s
currentSize : 21 <-- 2.911691 s
currentSize : 22 <-- 3.484293 s
currentSize : 23 <-- 21.422523 s
currentSize : 24 <-- 21.955544 s
currentSize : 25 <-- 23.267153 s
currentSize : 28 <-- 27.115736 s
currentSize : 29 <-- 27.788824 s
currentSize : 31 <-- 27.794489 s

maxsize : 31
nodes : 1274411.000000
filtered : 62108926.000000
time : 28.075462
