Parameters: GAD=1 vflib=1 dir=0 label=0 lowerbound=1 fileNameGp=../graphsdb/mcs90/m2D/m2D/mcs90_m2D_s30.A92 fileNameGt=../graphsdb/mcs90/m2D/m2D/mcs90_m2D_s30.B92
Reading graphs...
30 :  49
30 :  49
Initializing...
maxdom : 30
D->valSize : 900
Solving...
Blb : 2 (clique : 19)
currentSize : 19 <-- 0.020193 s
currentSize : 20 <-- 0.020571 s
currentSize : 21 <-- 0.021558 s
currentSize : 22 <-- 0.181807 s
currentSize : 23 <-- 2.212135 s
currentSize : 24 <-- 12.543771 s
currentSize : 25 <-- 13.261560 s
currentSize : 26 <-- 13.582396 s

maxsize : 26
nodes : 314152.000000
filtered : 19248454.000000
time : 14.636927
