Parameters: GAD=1 vflib=1 dir=0 label=0 lowerbound=1 fileNameGp=../graphsdb/mcs90/bvg/b09/mcs90_b09_s30.A69 fileNameGt=../graphsdb/mcs90/bvg/b09/mcs90_b09_s30.B69
Reading graphs...
30 :  134
30 :  135
Initializing...
maxdom : 30
D->valSize : 900
Solving...
Blb : 3 (clique : 13)
currentSize : 13 <-- 0.009754 s
currentSize : 14 <-- 0.010352 s
currentSize : 15 <-- 0.019196 s
currentSize : 20 <-- 0.020427 s
currentSize : 22 <-- 0.020494 s
currentSize : 24 <-- 0.024480 s
currentSize : 26 <-- 0.024546 s

maxsize : 26
nodes : 12932.000000
filtered : 855510.000000
time : 0.243482
