Parameters: GAD=1 vflib=1 dir=0 label=0 lowerbound=1 fileNameGp=../graphsdb/mcs90/m3D/m3Dr6/mcs90_m3Dr6_s30.A13 fileNameGt=../graphsdb/mcs90/m3D/m3Dr6/mcs90_m3Dr6_s30.B13
Reading graphs...
30 :  77
30 :  75
Initializing...
maxdom : 30
D->valSize : 900
Solving...
Blb : 2 (clique : 16)
currentSize : 16 <-- 0.018390 s
currentSize : 17 <-- 0.018585 s
currentSize : 18 <-- 0.018636 s
currentSize : 19 <-- 0.018923 s
currentSize : 20 <-- 25.773043 s
currentSize : 22 <-- 25.903532 s
currentSize : 27 <-- 25.903589 s

maxsize : 27
nodes : 2666317.000000
filtered : 75396650.000000
time : 26.006941
