Parameters: GAD=1 vflib=1 dir=0 label=0 lowerbound=1 fileNameGp=../graphsdb/mcs90/bvg/b03/mcs90_b03_s35.A04 fileNameGt=../graphsdb/mcs90/bvg/b03/mcs90_b03_s35.B04
Reading graphs...
35 :  52
35 :  52
Initializing...
maxdom : 35
D->valSize : 1225
Solving...
Blb : 2 (clique : 22)
currentSize : 22 <-- 0.021425 s
currentSize : 26 <-- 0.021630 s
currentSize : 28 <-- 0.021639 s
currentSize : 29 <-- 1.204089 s
currentSize : 30 <-- 1.206523 s
currentSize : 31 <-- 1.227206 s

maxsize : 31
nodes : 61390.000000
filtered : 5133876.000000
time : 6.553361
