Parameters: GAD=1 vflib=1 dir=0 label=0 lowerbound=1 fileNameGp=../graphsdb/mcs90/bvg/b03m/mcs90_b03m_s30.A51 fileNameGt=../graphsdb/mcs90/bvg/b03m/mcs90_b03m_s30.B51
Reading graphs...
30 :  45
30 :  44
Initializing...
maxdom : 30
D->valSize : 900
Solving...
Blb : 2 (clique : 19)
currentSize : 19 <-- 0.011557 s
currentSize : 20 <-- 0.013681 s
currentSize : 21 <-- 0.049700 s
currentSize : 22 <-- 0.123886 s
currentSize : 23 <-- 1.003596 s
currentSize : 24 <-- 13.096304 s
currentSize : 26 <-- 15.000898 s

maxsize : 26
nodes : 227113.000000
filtered : 14523451.000000
time : 15.971937
