Parameters: GAD=1 vflib=1 dir=0 label=0 lowerbound=1 fileNameGp=../graphsdb/mcs90/m4D/m4Dr4/mcs90_m4Dr4_s20.A04 fileNameGt=../graphsdb/mcs90/m4D/m4Dr4/mcs90_m4Dr4_s20.B04
Reading graphs...
20 :  45
20 :  44
Initializing...
maxdom : 20
D->valSize : 400
Solving...
Blb : 3 (clique : 12)
currentSize : 12 <-- 0.002186 s
currentSize : 13 <-- 0.009548 s
currentSize : 14 <-- 0.009657 s
currentSize : 15 <-- 0.018167 s
currentSize : 16 <-- 0.020238 s
currentSize : 17 <-- 0.030964 s

maxsize : 17
nodes : 4666.000000
filtered : 142325.000000
time : 0.035914
