Parameters: GAD=1 vflib=1 dir=0 label=0 lowerbound=1 fileNameGp=../graphsdb/mcs90/m2D/m2Dr6/mcs90_m2Dr6_s30.A08 fileNameGt=../graphsdb/mcs90/m2D/m2Dr6/mcs90_m2Dr6_s30.B08
Reading graphs...
30 :  66
30 :  66
Initializing...
maxdom : 30
D->valSize : 900
Solving...
Blb : 2 (clique : 17)
currentSize : 17 <-- 0.010884 s
currentSize : 18 <-- 0.011024 s
currentSize : 19 <-- 0.011189 s
currentSize : 20 <-- 8.168815 s
currentSize : 21 <-- 18.036636 s
currentSize : 22 <-- 35.259365 s
currentSize : 23 <-- 35.259426 s
currentSize : 24 <-- 35.877232 s
currentSize : 25 <-- 35.877289 s

maxsize : 25
nodes : 2201422.000000
filtered : 76637707.000000
time : 36.739929
