Parameters: GAD=1 vflib=1 dir=0 label=0 lowerbound=1 fileNameGp=../graphsdb/mcs90/rand/r01/mcs90_r01_s35.A86 fileNameGt=../graphsdb/mcs90/rand/r01/mcs90_r01_s35.B86
Reading graphs...
35 :  117
35 :  116
Initializing...
maxdom : 35
D->valSize : 1225
Solving...
Blb : 2 (clique : 15)
currentSize : 15 <-- 0.033827 s
currentSize : 16 <-- 0.034113 s
currentSize : 17 <-- 0.034319 s
currentSize : 18 <-- 0.035487 s
currentSize : 19 <-- 0.429586 s
currentSize : 20 <-- 30.488525 s
currentSize : 21 <-- 120.283478 s
currentSize : 22 <-- 159.625504 s
currentSize : 23 <-- 161.316605 s
currentSize : 24 <-- 161.368896 s
currentSize : 25 <-- 167.844849 s
currentSize : 26 <-- 169.494751 s
currentSize : 31 <-- 171.889404 s

maxsize : 31
nodes : 11971743.000000
filtered : 446824149.000000
time : 172.056229
