Parameters: GAD=1 vflib=1 dir=0 label=0 lowerbound=1 fileNameGp=../graphsdb/mcs90/m3D/m3Dr4/mcs90_m3Dr4_s30.A29 fileNameGt=../graphsdb/mcs90/m3D/m3Dr4/mcs90_m3Dr4_s30.B29
Reading graphs...
30 :  73
30 :  73
Initializing...
maxdom : 30
D->valSize : 900
Solving...
Blb : 2 (clique : 15)
currentSize : 15 <-- 0.018650 s
currentSize : 16 <-- 0.018989 s
currentSize : 17 <-- 0.019276 s
currentSize : 18 <-- 0.031230 s
currentSize : 20 <-- 0.201716 s
currentSize : 21 <-- 0.339399 s
currentSize : 22 <-- 0.360899 s
currentSize : 27 <-- 0.367556 s

maxsize : 27
nodes : 64771.000000
filtered : 1223442.000000
time : 0.492292
