Parameters: GAD=1 vflib=1 dir=0 label=0 lowerbound=1 fileNameGp=../graphsdb/mcs90/m2D/m2Dr4/mcs90_m2Dr4_s20.A76 fileNameGt=../graphsdb/mcs90/m2D/m2Dr4/mcs90_m2Dr4_s20.B76
Reading graphs...
20 :  38
20 :  35
Initializing...
maxdom : 20
D->valSize : 400
Solving...
Blb : 2 (clique : 10)
currentSize : 10 <-- 0.002271 s
currentSize : 11 <-- 0.002366 s
currentSize : 12 <-- 0.002817 s
currentSize : 13 <-- 0.004339 s
currentSize : 14 <-- 0.115569 s
currentSize : 15 <-- 0.270271 s
currentSize : 16 <-- 0.298304 s
currentSize : 17 <-- 0.298855 s

maxsize : 17
nodes : 42691.000000
filtered : 728853.000000
time : 0.315286
