Parameters: GAD=1 vflib=1 dir=0 label=0 lowerbound=1 fileNameGp=../graphsdb/mcs90/bvg/b09/mcs90_b09_s35.A35 fileNameGt=../graphsdb/mcs90/bvg/b09/mcs90_b09_s35.B35
Reading graphs...
35 :  157
35 :  157
Initializing...
maxdom : 35
D->valSize : 1225
Solving...
Blb : 2 (clique : 15)
currentSize : 15 <-- 0.023410 s
currentSize : 16 <-- 0.071887 s
currentSize : 17 <-- 0.160332 s
currentSize : 19 <-- 0.179234 s
currentSize : 20 <-- 4.147622 s
currentSize : 22 <-- 4.147732 s
currentSize : 24 <-- 4.151999 s
currentSize : 25 <-- 4.159204 s
currentSize : 27 <-- 4.159258 s
currentSize : 30 <-- 4.159395 s

maxsize : 30
nodes : 773343.000000
filtered : 18963418.000000
time : 4.965693
