Parameters: GAD=1 vflib=1 dir=0 label=0 lowerbound=1 fileNameGp=../graphsdb/mcs90/rand/r02/mcs90_r02_s35.A07 fileNameGt=../graphsdb/mcs90/rand/r02/mcs90_r02_s35.B07
Reading graphs...
35 :  219
35 :  222
Initializing...
maxdom : 35
D->valSize : 1225
Solving...
Blb : 2 (clique : 11)
currentSize : 11 <-- 0.017355 s
currentSize : 12 <-- 0.018197 s
currentSize : 13 <-- 0.022882 s
currentSize : 14 <-- 0.558577 s
currentSize : 15 <-- 1.273947 s
currentSize : 17 <-- 1.469607 s
currentSize : 18 <-- 1.470627 s
currentSize : 20 <-- 1.471602 s
currentSize : 23 <-- 1.477023 s
currentSize : 31 <-- 1.477152 s

maxsize : 31
nodes : 403432.000000
filtered : 4631648.000000
time : 1.786349
