Parameters: GAD=1 vflib=1 dir=0 label=0 lowerbound=1 fileNameGp=../graphsdb/mcs90/bvg/b06m/mcs90_b06m_s25.A80 fileNameGt=../graphsdb/mcs90/bvg/b06m/mcs90_b06m_s25.B80
Reading graphs...
25 :  74
25 :  74
Initializing...
maxdom : 25
D->valSize : 625
Solving...
Blb : 2 (clique : 12)
currentSize : 12 <-- 0.005150 s
currentSize : 13 <-- 0.005249 s
currentSize : 14 <-- 0.005607 s
currentSize : 15 <-- 0.122763 s
currentSize : 16 <-- 0.845465 s
currentSize : 18 <-- 0.850961 s
currentSize : 19 <-- 1.003263 s
currentSize : 22 <-- 1.003291 s

maxsize : 22
nodes : 124851.000000
filtered : 3615022.000000
time : 1.033797
