Parameters: GAD=1 vflib=1 dir=0 label=0 lowerbound=1 fileNameGp=../graphsdb/mcs90/m2D/m2Dr4/mcs90_m2Dr4_s30.A94 fileNameGt=../graphsdb/mcs90/m2D/m2Dr4/mcs90_m2Dr4_s30.B94
Reading graphs...
30 :  61
30 :  60
Initializing...
maxdom : 30
D->valSize : 900
Solving...
Blb : 2 (clique : 15)
currentSize : 15 <-- 0.011007 s
currentSize : 16 <-- 0.011151 s
currentSize : 17 <-- 0.011363 s
currentSize : 18 <-- 0.011923 s
currentSize : 19 <-- 0.015578 s
currentSize : 20 <-- 3.386151 s
currentSize : 21 <-- 9.833396 s
currentSize : 22 <-- 29.600733 s
currentSize : 24 <-- 30.088079 s
currentSize : 25 <-- 30.210173 s

maxsize : 25
nodes : 1491517.000000
filtered : 64177422.000000
time : 31.561636
