Parameters: GAD=1 vflib=1 dir=0 label=0 lowerbound=1 fileNameGp=../graphsdb/mcs90/m2D/m2Dr2/mcs90_m2Dr2_s20.A38 fileNameGt=../graphsdb/mcs90/m2D/m2Dr2/mcs90_m2Dr2_s20.B38
Reading graphs...
20 :  34
20 :  33
Initializing...
maxdom : 20
D->valSize : 400
Solving...
Blb : 2 (clique : 11)
currentSize : 11 <-- 0.002389 s
currentSize : 12 <-- 0.002451 s
currentSize : 13 <-- 0.002477 s
currentSize : 14 <-- 0.002517 s
currentSize : 15 <-- 0.036592 s
currentSize : 16 <-- 0.217359 s
currentSize : 17 <-- 0.220136 s

maxsize : 17
nodes : 31765.000000
filtered : 656560.000000
time : 0.233096
