Parameters: GAD=1 vflib=1 dir=0 label=0 lowerbound=1 fileNameGp=../graphsdb/mcs90/rand/r01/mcs90_r01_s15.A59 fileNameGt=../graphsdb/mcs90/rand/r01/mcs90_r01_s15.B59
Reading graphs...
15 :  20
15 :  19
Initializing...
maxdom : 15
D->valSize : 225
Solving...
Blb : 2 (clique : 9)
currentSize : 9 <-- 0.001084 s
currentSize : 10 <-- 0.001218 s
currentSize : 11 <-- 0.001711 s
currentSize : 12 <-- 0.011697 s
currentSize : 13 <-- 0.015828 s

maxsize : 13
nodes : 1778.000000
filtered : 32032.000000
time : 0.016635
