Parameters: GAD=1 vflib=1 dir=0 label=0 lowerbound=1 fileNameGp=../graphsdb/mcs90/bvg/b06/mcs90_b06_s30.A92 fileNameGt=../graphsdb/mcs90/bvg/b06/mcs90_b06_s30.B92
Reading graphs...
30 :  90
30 :  90
Initializing...
maxdom : 30
D->valSize : 900
Solving...
Blb : 5 (clique : 17)
currentSize : 17 <-- 0.014583 s
currentSize : 20 <-- 0.014698 s
currentSize : 21 <-- 0.014734 s
currentSize : 22 <-- 0.024649 s
currentSize : 23 <-- 0.030007 s
currentSize : 24 <-- 0.030153 s
currentSize : 25 <-- 0.030181 s
currentSize : 27 <-- 0.033429 s
currentSize : 28 <-- 0.049496 s

maxsize : 28
nodes : 3117.000000
filtered : 142967.000000
time : 0.093401
