Parameters: GAD=1 vflib=1 dir=0 label=0 lowerbound=1 fileNameGp=../graphsdb/mcs90/bvg/b06/mcs90_b06_s35.A77 fileNameGt=../graphsdb/mcs90/bvg/b06/mcs90_b06_s35.B77
Reading graphs...
35 :  104
35 :  104
Initializing...
maxdom : 35
D->valSize : 1225
Solving...
Blb : 2 (clique : 23)
currentSize : 23 <-- 0.019568 s
currentSize : 26 <-- 0.243674 s
currentSize : 27 <-- 0.245621 s
currentSize : 28 <-- 0.278012 s
currentSize : 29 <-- 0.278156 s
currentSize : 30 <-- 0.294404 s
currentSize : 31 <-- 0.294880 s

maxsize : 31
nodes : 30125.000000
filtered : 1887815.000000
time : 1.155682
