Parameters: GAD=1 vflib=1 dir=0 label=0 lowerbound=1 fileNameGp=../graphsdb/mcs90/m2D/m2Dr2/mcs90_m2Dr2_s30.A09 fileNameGt=../graphsdb/mcs90/m2D/m2Dr2/mcs90_m2Dr2_s30.B09
Reading graphs...
30 :  54
30 :  54
Initializing...
maxdom : 30
D->valSize : 900
Solving...
Blb : 2 (clique : 17)
currentSize : 17 <-- 0.011188 s
currentSize : 18 <-- 0.011433 s
currentSize : 19 <-- 0.012030 s
currentSize : 20 <-- 0.031301 s
currentSize : 21 <-- 0.148394 s
currentSize : 22 <-- 64.390678 s
currentSize : 25 <-- 80.646500 s

maxsize : 25
nodes : 2833961.000000
filtered : 116134242.000000
time : 82.344322
