Parameters: GAD=1 vflib=1 dir=0 label=0 lowerbound=1 fileNameGp=../graphsdb/mcs90/rand/r01/mcs90_r01_s35.A27 fileNameGt=../graphsdb/mcs90/rand/r01/mcs90_r01_s35.B27
Reading graphs...
35 :  114
35 :  114
Initializing...
maxdom : 35
D->valSize : 1225
Solving...
Blb : 2 (clique : 14)
currentSize : 14 <-- 0.019257 s
currentSize : 15 <-- 0.019415 s
currentSize : 16 <-- 0.019475 s
currentSize : 17 <-- 0.024759 s
currentSize : 18 <-- 0.096324 s
currentSize : 19 <-- 4.579041 s
currentSize : 20 <-- 11.068825 s
currentSize : 21 <-- 11.069900 s
currentSize : 22 <-- 11.165513 s
currentSize : 25 <-- 11.895496 s
currentSize : 31 <-- 14.531516 s

maxsize : 31
nodes : 1722879.000000
filtered : 47301652.000000
time : 14.732909
