Parameters: GAD=1 vflib=1 dir=0 label=0 lowerbound=1 fileNameGp=../graphsdb/mcs90/m2D/m2Dr6/mcs90_m2Dr6_s20.A69 fileNameGt=../graphsdb/mcs90/m2D/m2Dr6/mcs90_m2Dr6_s20.B69
Reading graphs...
20 :  42
20 :  40
Initializing...
maxdom : 20
D->valSize : 400
Solving...
Blb : 2 (clique : 10)
currentSize : 10 <-- 0.002210 s
currentSize : 11 <-- 0.002277 s
currentSize : 12 <-- 0.002527 s
currentSize : 13 <-- 0.003301 s
currentSize : 14 <-- 0.131293 s
currentSize : 16 <-- 0.162239 s

maxsize : 16
nodes : 28937.000000
filtered : 551115.000000
time : 0.202386
