Parameters: GAD=1 vflib=1 dir=0 label=0 lowerbound=1 fileNameGp=../graphsdb/mcs90/bvg/b03m/mcs90_b03m_s35.A10 fileNameGt=../graphsdb/mcs90/bvg/b03m/mcs90_b03m_s35.B10
Reading graphs...
35 :  52
35 :  52
Initializing...
maxdom : 35
D->valSize : 1225
Solving...
Blb : 2 (clique : 22)
currentSize : 22 <-- 0.021336 s
currentSize : 23 <-- 0.025338 s
currentSize : 24 <-- 0.070272 s
currentSize : 25 <-- 1.611562 s
currentSize : 26 <-- 11.216126 s
currentSize : 27 <-- 38.099434 s
currentSize : 28 <-- 157.829361 s
currentSize : 29 <-- 157.829376 s
currentSize : 30 <-- 157.829468 s

maxsize : 30
nodes : 2174377.000000
filtered : 125400508.000000
time : 174.738007
