Parameters: GAD=1 vflib=1 dir=0 label=0 lowerbound=1 fileNameGp=../graphsdb/mcs90/bvg/b06/mcs90_b06_s25.A53 fileNameGt=../graphsdb/mcs90/bvg/b06/mcs90_b06_s25.B53
Reading graphs...
25 :  75
25 :  75
Initializing...
maxdom : 25
D->valSize : 625
Solving...
Blb : 5 (clique : 11)
currentSize : 11 <-- 0.004914 s
currentSize : 12 <-- 0.004999 s
currentSize : 13 <-- 0.005228 s
currentSize : 14 <-- 0.005731 s
currentSize : 16 <-- 0.012194 s
currentSize : 18 <-- 0.012223 s
currentSize : 19 <-- 0.012811 s
currentSize : 20 <-- 0.014170 s
currentSize : 21 <-- 0.056989 s
currentSize : 22 <-- 0.074804 s
currentSize : 23 <-- 0.085869 s

maxsize : 23
nodes : 7649.000000
filtered : 221678.000000
time : 0.096821
