Parameters: GAD=1 vflib=1 dir=0 label=0 lowerbound=1 fileNameGp=../graphsdb/mcs90/rand/r005/mcs90_r005_s30.A00 fileNameGt=../graphsdb/mcs90/rand/r005/mcs90_r005_s30.B00
Reading graphs...
30 :  41
30 :  42
Initializing...
maxdom : 30
D->valSize : 900
Solving...
Blb : 2 (clique : 19)
currentSize : 19 <-- 0.011512 s
currentSize : 20 <-- 0.011683 s
currentSize : 21 <-- 0.012092 s
currentSize : 22 <-- 0.133873 s
currentSize : 23 <-- 8.293932 s
currentSize : 24 <-- 15.878316 s
currentSize : 25 <-- 43.818653 s
currentSize : 26 <-- 43.819050 s
currentSize : 27 <-- 43.829193 s

maxsize : 27
nodes : 1128947.000000
filtered : 66599763.000000
time : 43.941013
