Parameters: GAD=1 vflib=1 dir=0 label=0 lowerbound=1 fileNameGp=../graphsdb/mcs90/m2D/m2Dr2/mcs90_m2Dr2_s30.A35 fileNameGt=../graphsdb/mcs90/m2D/m2Dr2/mcs90_m2Dr2_s30.B35
Reading graphs...
30 :  54
30 :  55
Initializing...
maxdom : 30
D->valSize : 900
Solving...
Blb : 2 (clique : 17)
currentSize : 17 <-- 0.019744 s
currentSize : 18 <-- 0.019952 s
currentSize : 20 <-- 0.020267 s
currentSize : 21 <-- 0.390747 s
currentSize : 22 <-- 21.177244 s
currentSize : 23 <-- 35.115044 s
currentSize : 24 <-- 35.115089 s
currentSize : 25 <-- 35.115112 s

maxsize : 25
nodes : 1101661.000000
filtered : 47907097.000000
time : 37.010441
