Parameters: GAD=1 vflib=1 dir=0 label=0 lowerbound=1 fileNameGp=../graphsdb/mcs90/rand/r02/mcs90_r02_s25.A85 fileNameGt=../graphsdb/mcs90/rand/r02/mcs90_r02_s25.B85
Reading graphs...
25 :  109
25 :  109
Initializing...
maxdom : 25
D->valSize : 625
Solving...
Blb : 5 (clique : 11)
currentSize : 11 <-- 0.004669 s
currentSize : 12 <-- 0.005113 s
currentSize : 13 <-- 0.112498 s
currentSize : 14 <-- 0.118647 s
currentSize : 22 <-- 0.428468 s

maxsize : 22
nodes : 90744.000000
filtered : 1721763.000000
time : 0.457151
