Parameters: GAD=1 vflib=1 dir=0 label=0 lowerbound=1 fileNameGp=../graphsdb/mcs90/m2D/m2D/mcs90_m2D_s30.A99 fileNameGt=../graphsdb/mcs90/m2D/m2D/mcs90_m2D_s30.B99
Reading graphs...
30 :  49
30 :  49
Initializing...
maxdom : 30
D->valSize : 900
Solving...
Blb : 2 (clique : 21)
currentSize : 21 <-- 0.020115 s
currentSize : 22 <-- 0.147588 s
currentSize : 23 <-- 1.257871 s
currentSize : 25 <-- 4.591083 s
currentSize : 26 <-- 9.719777 s

maxsize : 26
nodes : 228751.000000
filtered : 13103704.000000
time : 9.994041
