Parameters: GAD=1 vflib=1 dir=0 label=0 lowerbound=1 fileNameGp=../graphsdb/mcs90/bvg/b06/mcs90_b06_s15.A26 fileNameGt=../graphsdb/mcs90/bvg/b06/mcs90_b06_s15.B26
Reading graphs...
15 :  45
15 :  45
Initializing...
maxdom : 15
D->valSize : 225
Solving...
Blb : 5 (clique : 9)
currentSize : 9 <-- 0.000893 s
currentSize : 10 <-- 0.000988 s
currentSize : 12 <-- 0.001006 s
currentSize : 13 <-- 0.002178 s
currentSize : 14 <-- 0.002890 s

maxsize : 14
nodes : 270.000000
filtered : 7248.000000
time : 0.003017
