Parameters: GAD=1 vflib=1 dir=0 label=0 lowerbound=1 fileNameGp=../graphsdb/mcs90/bvg/b09m/mcs90_b09m_s30.A64 fileNameGt=../graphsdb/mcs90/bvg/b09m/mcs90_b09m_s30.B64
Reading graphs...
30 :  131
30 :  132
Initializing...
maxdom : 30
D->valSize : 900
Solving...
Blb : 2 (clique : 12)
currentSize : 12 <-- 0.015825 s
currentSize : 13 <-- 0.015989 s
currentSize : 14 <-- 0.024227 s
currentSize : 15 <-- 4.720171 s
currentSize : 16 <-- 12.104842 s
currentSize : 17 <-- 12.104930 s
currentSize : 19 <-- 12.513551 s
currentSize : 21 <-- 14.245234 s
currentSize : 22 <-- 15.205858 s
currentSize : 26 <-- 15.596965 s

maxsize : 26
nodes : 2998983.000000
filtered : 56747007.000000
time : 15.695424
