Parameters: GAD=1 vflib=1 dir=0 label=0 lowerbound=1 fileNameGp=../graphsdb/mcs90/rand/r01/mcs90_r01_s25.A07 fileNameGt=../graphsdb/mcs90/rand/r01/mcs90_r01_s25.B07
Reading graphs...
25 :  55
25 :  56
Initializing...
maxdom : 25
D->valSize : 625
Solving...
Blb : 2 (clique : 13)
currentSize : 13 <-- 0.005222 s
currentSize : 15 <-- 0.005355 s
currentSize : 16 <-- 0.014260 s
currentSize : 17 <-- 0.039210 s
currentSize : 19 <-- 0.858167 s
currentSize : 20 <-- 0.995672 s
currentSize : 22 <-- 1.168081 s

maxsize : 22
nodes : 124891.000000
filtered : 3566297.000000
time : 1.219457
