Parameters: GAD=1 vflib=1 dir=0 label=0 lowerbound=1 fileNameGp=../graphsdb/mcs90/bvg/b06/mcs90_b06_s20.A06 fileNameGt=../graphsdb/mcs90/bvg/b06/mcs90_b06_s20.B06
Reading graphs...
20 :  60
20 :  59
Initializing...
maxdom : 20
D->valSize : 400
Solving...
Blb : 5 (clique : 11)
currentSize : 11 <-- 0.002079 s
currentSize : 12 <-- 0.002165 s
currentSize : 13 <-- 0.002243 s
currentSize : 14 <-- 0.002287 s
currentSize : 15 <-- 0.002495 s
currentSize : 16 <-- 0.002509 s
currentSize : 18 <-- 0.002680 s

maxsize : 18
nodes : 692.000000
filtered : 29173.000000
time : 0.014874
