Parameters: GAD=1 vflib=1 dir=0 label=0 lowerbound=1 fileNameGp=../graphsdb/mcs90/m2D/m2Dr4/mcs90_m2Dr4_s30.A04 fileNameGt=../graphsdb/mcs90/m2D/m2Dr4/mcs90_m2Dr4_s30.B04
Reading graphs...
30 :  60
30 :  60
Initializing...
maxdom : 30
D->valSize : 900
Solving...
Blb : 2 (clique : 15)
currentSize : 15 <-- 0.019317 s
currentSize : 16 <-- 0.019567 s
currentSize : 17 <-- 0.019771 s
currentSize : 18 <-- 0.024494 s
currentSize : 19 <-- 0.063557 s
currentSize : 20 <-- 0.489157 s
currentSize : 21 <-- 23.743679 s
currentSize : 22 <-- 26.905724 s
currentSize : 23 <-- 35.152912 s
currentSize : 25 <-- 41.077736 s

maxsize : 25
nodes : 2122422.000000
filtered : 90411015.000000
time : 41.854725
