Parameters: GAD=1 vflib=1 dir=0 label=0 lowerbound=1 fileNameGp=../graphsdb/mcs90/bvg/b06/mcs90_b06_s35.A07 fileNameGt=../graphsdb/mcs90/bvg/b06/mcs90_b06_s35.B07
Reading graphs...
35 :  104
35 :  104
Initializing...
maxdom : 35
D->valSize : 1225
Solving...
Blb : 2 (clique : 24)
currentSize : 24 <-- 0.034436 s
currentSize : 25 <-- 0.040008 s
currentSize : 26 <-- 0.068876 s
currentSize : 28 <-- 0.080075 s
currentSize : 29 <-- 0.146467 s
currentSize : 30 <-- 0.159130 s
currentSize : 31 <-- 0.159334 s
currentSize : 32 <-- 0.397626 s

maxsize : 32
nodes : 13647.000000
filtered : 765102.000000
time : 0.663698
