Parameters: GAD=1 vflib=1 dir=0 label=0 lowerbound=1 fileNameGp=../graphsdb/mcs90/m4D/m4Dr4/mcs90_m4Dr4_s20.A78 fileNameGt=../graphsdb/mcs90/m4D/m4Dr4/mcs90_m4Dr4_s20.B78
Reading graphs...
20 :  44
20 :  43
Initializing...
maxdom : 20
D->valSize : 400
Solving...
Blb : 5 (clique : 10)
currentSize : 10 <-- 0.002264 s
currentSize : 11 <-- 0.002330 s
currentSize : 13 <-- 0.002391 s
currentSize : 14 <-- 0.010772 s
currentSize : 15 <-- 0.018701 s
currentSize : 16 <-- 0.022736 s

maxsize : 16
nodes : 4512.000000
filtered : 116572.000000
time : 0.038182
