Parameters: GAD=1 vflib=1 dir=0 label=0 lowerbound=1 fileNameGp=../graphsdb/mcs90/bvg/b09m/mcs90_b09m_s20.A71 fileNameGt=../graphsdb/mcs90/bvg/b09m/mcs90_b09m_s20.B71
Reading graphs...
20 :  84
20 :  82
Initializing...
maxdom : 20
D->valSize : 400
Solving...
Blb : 2 (clique : 9)
currentSize : 9 <-- 0.002141 s
currentSize : 10 <-- 0.007472 s
currentSize : 11 <-- 0.013068 s
currentSize : 12 <-- 0.104394 s
currentSize : 13 <-- 0.132234 s
currentSize : 18 <-- 0.155941 s

maxsize : 18
nodes : 41979.000000
filtered : 487736.000000
time : 0.162511
