Parameters: GAD=1 vflib=1 dir=0 label=0 lowerbound=1 fileNameGp=../graphsdb/mcs90/bvg/b06m/mcs90_b06m_s35.A49 fileNameGt=../graphsdb/mcs90/bvg/b06m/mcs90_b06m_s35.B49
Reading graphs...
35 :  103
35 :  103
Initializing...
maxdom : 35
D->valSize : 1225
Solving...
Blb : 2 (clique : 17)
currentSize : 17 <-- 0.019746 s
currentSize : 18 <-- 0.019935 s
currentSize : 19 <-- 0.021724 s
currentSize : 20 <-- 4.781990 s
currentSize : 21 <-- 62.233734 s
currentSize : 22 <-- 127.834641 s
currentSize : 23 <-- 155.218765 s
currentSize : 25 <-- 212.056183 s
currentSize : 26 <-- 252.939926 s
currentSize : 31 <-- 254.383194 s

maxsize : 31
nodes : 13745866.000000
filtered : 613251772.000000
time : 254.603302
