Parameters: GAD=1 vflib=1 dir=0 label=0 lowerbound=1 fileNameGp=../graphsdb/mcs90/bvg/b09m/mcs90_b09m_s25.A54 fileNameGt=../graphsdb/mcs90/bvg/b09m/mcs90_b09m_s25.B54
Reading graphs...
25 :  110
25 :  108
Initializing...
maxdom : 25
D->valSize : 625
Solving...
Blb : 5 (clique : 10)
currentSize : 10 <-- 0.008063 s
currentSize : 11 <-- 0.010766 s
currentSize : 12 <-- 0.044200 s
currentSize : 13 <-- 1.471755 s
currentSize : 14 <-- 1.490811 s
currentSize : 15 <-- 1.491189 s
currentSize : 22 <-- 1.500867 s

maxsize : 22
nodes : 377010.000000
filtered : 4553477.000000
time : 1.527444
