Parameters: GAD=1 vflib=1 dir=0 label=0 lowerbound=1 fileNameGp=../graphsdb/mcs90/bvg/b03m/mcs90_b03m_s20.A13 fileNameGt=../graphsdb/mcs90/bvg/b03m/mcs90_b03m_s20.B13
Reading graphs...
20 :  29
20 :  30
Initializing...
maxdom : 20
D->valSize : 400
Solving...
Blb : 2 (clique : 12)
currentSize : 12 <-- 0.002362 s
currentSize : 13 <-- 0.002422 s
currentSize : 14 <-- 0.002440 s
currentSize : 15 <-- 0.002471 s
currentSize : 16 <-- 0.002669 s
currentSize : 18 <-- 0.006131 s

maxsize : 18
nodes : 446.000000
filtered : 15660.000000
time : 0.012052
