Parameters: GAD=1 vflib=1 dir=0 label=0 lowerbound=1 fileNameGp=../graphsdb/mcs90/rand/r02/mcs90_r02_s35.A13 fileNameGt=../graphsdb/mcs90/rand/r02/mcs90_r02_s35.B13
Reading graphs...
35 :  206
35 :  208
Initializing...
maxdom : 35
D->valSize : 1225
Solving...
Blb : 2 (clique : 10)
currentSize : 10 <-- 0.018040 s
currentSize : 12 <-- 0.018156 s
currentSize : 13 <-- 0.018184 s
currentSize : 14 <-- 0.023875 s
currentSize : 15 <-- 5.608052 s
currentSize : 17 <-- 8.144171 s
currentSize : 21 <-- 137.400223 s
currentSize : 31 <-- 161.300568 s

maxsize : 31
nodes : 32992254.000000
filtered : 613897170.000000
time : 161.481552
