Parameters: GAD=1 vflib=1 dir=0 label=0 lowerbound=1 fileNameGp=../graphsdb/mcs90/m3D/m3D/mcs90_m3D_s30.A33 fileNameGt=../graphsdb/mcs90/m3D/m3D/mcs90_m3D_s30.B33
Reading graphs...
30 :  61
30 :  61
Initializing...
maxdom : 30
D->valSize : 900
Solving...
Blb : 2 (clique : 17)
currentSize : 17 <-- 0.010965 s
currentSize : 18 <-- 0.011107 s
currentSize : 19 <-- 0.011133 s
currentSize : 20 <-- 0.012528 s
currentSize : 21 <-- 0.030429 s
currentSize : 22 <-- 0.052504 s
currentSize : 23 <-- 0.052527 s
currentSize : 24 <-- 0.052585 s
currentSize : 25 <-- 0.059008 s
currentSize : 27 <-- 0.135025 s

maxsize : 27
nodes : 15587.000000
filtered : 630881.000000
time : 0.414888
