Parameters: GAD=1 vflib=1 dir=0 label=0 lowerbound=1 fileNameGp=../graphsdb/mcs90/bvg/b03m/mcs90_b03m_s35.A63 fileNameGt=../graphsdb/mcs90/bvg/b03m/mcs90_b03m_s35.B63
Reading graphs...
35 :  52
35 :  52
Initializing...
maxdom : 35
D->valSize : 1225
Solving...
Blb : 2 (clique : 22)
currentSize : 22 <-- 0.038293 s
currentSize : 24 <-- 0.038611 s
currentSize : 25 <-- 0.038770 s
currentSize : 26 <-- 0.038968 s
currentSize : 27 <-- 0.097446 s
currentSize : 28 <-- 5.818701 s
currentSize : 29 <-- 5.818802 s
currentSize : 31 <-- 6.390203 s

maxsize : 31
nodes : 71444.000000
filtered : 6101849.000000
time : 9.588544
