Parameters: GAD=1 vflib=1 dir=0 label=0 lowerbound=1 fileNameGp=../graphsdb/mcs90/bvg/b03m/mcs90_b03m_s30.A11 fileNameGt=../graphsdb/mcs90/bvg/b03m/mcs90_b03m_s30.B11
Reading graphs...
30 :  45
30 :  45
Initializing...
maxdom : 30
D->valSize : 900
Solving...
Blb : 2 (clique : 21)
currentSize : 21 <-- 0.019944 s
currentSize : 22 <-- 0.041548 s
currentSize : 23 <-- 1.228687 s
currentSize : 24 <-- 10.224818 s
currentSize : 25 <-- 10.225672 s
currentSize : 26 <-- 10.225720 s

maxsize : 26
nodes : 203189.000000
filtered : 9834661.000000
time : 10.965987
