Parameters: GAD=1 vflib=1 dir=0 label=0 lowerbound=1 fileNameGp=../graphsdb/mcs90/rand/r01/mcs90_r01_s25.A76 fileNameGt=../graphsdb/mcs90/rand/r01/mcs90_r01_s25.B76
Reading graphs...
25 :  56
25 :  55
Initializing...
maxdom : 25
D->valSize : 625
Solving...
Blb : 3 (clique : 14)
currentSize : 14 <-- 0.005108 s
currentSize : 15 <-- 0.005360 s
currentSize : 16 <-- 0.008738 s
currentSize : 17 <-- 0.057905 s
currentSize : 22 <-- 0.081368 s

maxsize : 22
nodes : 13638.000000
filtered : 311980.000000
time : 0.132830
