Parameters: GAD=1 vflib=1 dir=0 label=0 lowerbound=1 fileNameGp=../graphsdb/mcs90/bvg/b09/mcs90_b09_s25.A62 fileNameGt=../graphsdb/mcs90/bvg/b09/mcs90_b09_s25.B62
Reading graphs...
25 :  111
25 :  111
Initializing...
maxdom : 25
D->valSize : 625
Solving...
Blb : 2 (clique : 14)
currentSize : 14 <-- 0.004652 s
currentSize : 15 <-- 0.006240 s
currentSize : 16 <-- 0.006347 s
currentSize : 18 <-- 0.006433 s
currentSize : 22 <-- 0.014128 s

maxsize : 22
nodes : 5309.000000
filtered : 243995.000000
time : 0.065043
