Parameters: GAD=1 vflib=1 dir=0 label=0 lowerbound=1 fileNameGp=../graphsdb/mcs90/bvg/b06/mcs90_b06_s35.A72 fileNameGt=../graphsdb/mcs90/bvg/b06/mcs90_b06_s35.B72
Reading graphs...
35 :  105
35 :  105
Initializing...
maxdom : 35
D->valSize : 1225
Solving...
Blb : 2 (clique : 22)
currentSize : 22 <-- 0.034464 s
currentSize : 25 <-- 0.034998 s
currentSize : 26 <-- 0.035859 s
currentSize : 27 <-- 0.038345 s
currentSize : 28 <-- 0.047933 s
currentSize : 29 <-- 0.048140 s
currentSize : 31 <-- 0.105013 s
currentSize : 32 <-- 0.204873 s

maxsize : 32
nodes : 7920.000000
filtered : 530843.000000
time : 0.555007
