Parameters: GAD=1 vflib=1 dir=0 label=0 lowerbound=1 fileNameGp=../graphsdb/mcs90/rand/r02/mcs90_r02_s30.A75 fileNameGt=../graphsdb/mcs90/rand/r02/mcs90_r02_s30.B75
Reading graphs...
30 :  156
30 :  158
Initializing...
maxdom : 30
D->valSize : 900
Solving...
Blb : 3 (clique : 12)
currentSize : 12 <-- 0.014629 s
currentSize : 13 <-- 0.020712 s
currentSize : 14 <-- 0.043385 s
currentSize : 15 <-- 0.137653 s
currentSize : 16 <-- 0.137702 s
currentSize : 19 <-- 0.137943 s
currentSize : 27 <-- 0.138333 s

maxsize : 27
nodes : 35419.000000
filtered : 553610.000000
time : 0.177613
