Parameters: GAD=1 vflib=1 dir=0 label=0 lowerbound=1 fileNameGp=../graphsdb/mcs90/bvg/b06/mcs90_b06_s30.A89 fileNameGt=../graphsdb/mcs90/bvg/b06/mcs90_b06_s30.B89
Reading graphs...
30 :  90
30 :  90
Initializing...
maxdom : 30
D->valSize : 900
Solving...
Blb : 2 (clique : 15)
currentSize : 15 <-- 0.010421 s
currentSize : 16 <-- 0.011078 s
currentSize : 17 <-- 0.011589 s
currentSize : 18 <-- 0.012844 s
currentSize : 19 <-- 0.014446 s
currentSize : 20 <-- 0.030375 s
currentSize : 21 <-- 0.061215 s
currentSize : 25 <-- 0.061266 s
currentSize : 27 <-- 0.062658 s

maxsize : 27
nodes : 13862.000000
filtered : 389879.000000
time : 0.232392
