Parameters: GAD=1 vflib=1 dir=0 label=0 lowerbound=1 fileNameGp=../graphsdb/mcs90/bvg/b06m/mcs90_b06m_s20.A22 fileNameGt=../graphsdb/mcs90/bvg/b06m/mcs90_b06m_s20.B22
Reading graphs...
20 :  58
20 :  58
Initializing...
maxdom : 20
D->valSize : 400
Solving...
Blb : 5 (clique : 10)
currentSize : 10 <-- 0.002643 s
currentSize : 11 <-- 0.002922 s
currentSize : 12 <-- 0.003299 s
currentSize : 13 <-- 0.006060 s
currentSize : 14 <-- 0.007191 s
currentSize : 15 <-- 0.021238 s
currentSize : 18 <-- 0.021269 s

maxsize : 18
nodes : 3734.000000
filtered : 77105.000000
time : 0.027706
