Parameters: GAD=1 vflib=1 dir=0 label=0 lowerbound=1 fileNameGp=../graphsdb/mcs90/m4D/m4Dr6/mcs90_m4Dr6_s20.A99 fileNameGt=../graphsdb/mcs90/m4D/m4Dr6/mcs90_m4Dr6_s20.B99
Reading graphs...
20 :  48
20 :  48
Initializing...
maxdom : 20
D->valSize : 400
Solving...
Blb : 5 (clique : 10)
currentSize : 10 <-- 0.002363 s
currentSize : 11 <-- 0.002574 s
currentSize : 12 <-- 0.004174 s
currentSize : 13 <-- 0.008567 s
currentSize : 16 <-- 0.055235 s

maxsize : 16
nodes : 11345.000000
filtered : 276484.000000
time : 0.080487
