Parameters: GAD=1 vflib=1 dir=0 label=0 lowerbound=1 fileNameGp=../graphsdb/mcs90/m2D/m2Dr2/mcs90_m2Dr2_s20.A34 fileNameGt=../graphsdb/mcs90/m2D/m2Dr2/mcs90_m2Dr2_s20.B34
Reading graphs...
20 :  35
20 :  35
Initializing...
maxdom : 20
D->valSize : 400
Solving...
Blb : 2 (clique : 11)
currentSize : 11 <-- 0.002237 s
currentSize : 12 <-- 0.002300 s
currentSize : 13 <-- 0.002313 s
currentSize : 14 <-- 0.002733 s
currentSize : 15 <-- 0.003693 s
currentSize : 16 <-- 0.004145 s

maxsize : 16
nodes : 4813.000000
filtered : 156177.000000
time : 0.078069
