Parameters: GAD=1 vflib=1 dir=0 label=0 lowerbound=1 fileNameGp=../graphsdb/mcs90/m3D/m3Dr4/mcs90_m3Dr4_s30.A21 fileNameGt=../graphsdb/mcs90/m3D/m3Dr4/mcs90_m3Dr4_s30.B21
Reading graphs...
30 :  71
30 :  69
Initializing...
maxdom : 30
D->valSize : 900
Solving...
Blb : 2 (clique : 16)
currentSize : 16 <-- 0.015607 s
currentSize : 17 <-- 0.018514 s
currentSize : 18 <-- 0.018720 s
currentSize : 19 <-- 0.251614 s
currentSize : 20 <-- 0.765538 s
currentSize : 22 <-- 1.021056 s
currentSize : 23 <-- 1.041478 s
currentSize : 24 <-- 1.493022 s
currentSize : 26 <-- 1.495309 s
currentSize : 27 <-- 1.735575 s

maxsize : 27
nodes : 102684.000000
filtered : 3369537.000000
time : 1.786001
