Parameters: GAD=1 vflib=1 dir=0 label=0 lowerbound=1 fileNameGp=../graphsdb/mcs90/bvg/b09m/mcs90_b09m_s25.A74 fileNameGt=../graphsdb/mcs90/bvg/b09m/mcs90_b09m_s25.B74
Reading graphs...
25 :  109
25 :  109
Initializing...
maxdom : 25
D->valSize : 625
Solving...
Blb : 2 (clique : 11)
currentSize : 11 <-- 0.004603 s
currentSize : 12 <-- 0.018660 s
currentSize : 13 <-- 0.020198 s
currentSize : 14 <-- 0.921572 s
currentSize : 15 <-- 1.122899 s
currentSize : 17 <-- 1.639552 s
currentSize : 19 <-- 1.639575 s
currentSize : 22 <-- 1.639641 s

maxsize : 22
nodes : 329365.000000
filtered : 5307406.000000
time : 1.678950
