Parameters: GAD=1 vflib=1 dir=0 label=0 lowerbound=1 fileNameGp=../graphsdb/mcs90/m3D/m3Dr6/mcs90_m3Dr6_s30.A49 fileNameGt=../graphsdb/mcs90/m3D/m3Dr6/mcs90_m3Dr6_s30.B49
Reading graphs...
30 :  79
30 :  77
Initializing...
maxdom : 30
D->valSize : 900
Solving...
Blb : 2 (clique : 15)
currentSize : 15 <-- 0.018562 s
currentSize : 17 <-- 0.018736 s
currentSize : 18 <-- 0.593965 s
currentSize : 20 <-- 17.996769 s
currentSize : 21 <-- 19.535028 s
currentSize : 23 <-- 20.134501 s
currentSize : 27 <-- 20.139936 s

maxsize : 27
nodes : 2189070.000000
filtered : 63317665.000000
time : 20.260788
