Parameters: GAD=1 vflib=1 dir=0 label=0 lowerbound=1 fileNameGp=../graphsdb/mcs90/bvg/b06m/mcs90_b06m_s15.A55 fileNameGt=../graphsdb/mcs90/bvg/b06m/mcs90_b06m_s15.B55
Reading graphs...
15 :  44
15 :  44
Initializing...
maxdom : 15
D->valSize : 225
Solving...
Blb : 2 (clique : 7)
currentSize : 7 <-- 0.000891 s
currentSize : 9 <-- 0.000922 s
currentSize : 10 <-- 0.001725 s
currentSize : 11 <-- 0.005250 s
currentSize : 13 <-- 0.006608 s

maxsize : 13
nodes : 1661.000000
filtered : 25366.000000
time : 0.008182
