Parameters: GAD=1 vflib=1 dir=0 label=0 lowerbound=1 fileNameGp=../graphsdb/mcs90/bvg/b06m/mcs90_b06m_s30.A94 fileNameGt=../graphsdb/mcs90/bvg/b06m/mcs90_b06m_s30.B94
Reading graphs...
30 :  89
30 :  89
Initializing...
maxdom : 30
D->valSize : 900
Solving...
Blb : 2 (clique : 13)
currentSize : 13 <-- 0.010209 s
currentSize : 14 <-- 0.010523 s
currentSize : 15 <-- 0.011773 s
currentSize : 17 <-- 0.027505 s
currentSize : 18 <-- 0.029443 s
currentSize : 20 <-- 0.032767 s
currentSize : 21 <-- 0.033408 s
currentSize : 23 <-- 0.033618 s
currentSize : 27 <-- 0.213663 s

maxsize : 27
nodes : 12593.000000
filtered : 717639.000000
time : 0.295435
