Parameters: GAD=1 vflib=1 dir=0 label=0 lowerbound=1 fileNameGp=../graphsdb/mcs90/m4D/m4Dr4/mcs90_m4Dr4_s20.A58 fileNameGt=../graphsdb/mcs90/m4D/m4Dr4/mcs90_m4Dr4_s20.B58
Reading graphs...
20 :  43
20 :  43
Initializing...
maxdom : 20
D->valSize : 400
Solving...
Blb : 2 (clique : 11)
currentSize : 11 <-- 0.002110 s
currentSize : 12 <-- 0.002356 s
currentSize : 13 <-- 0.010376 s
currentSize : 14 <-- 0.018519 s
currentSize : 15 <-- 0.062749 s
currentSize : 16 <-- 0.065178 s

maxsize : 16
nodes : 8824.000000
filtered : 222650.000000
time : 0.089955
