Parameters: GAD=1 vflib=1 dir=0 label=0 lowerbound=1 fileNameGp=../graphsdb/mcs90/m2D/m2Dr2/mcs90_m2Dr2_s20.A81 fileNameGt=../graphsdb/mcs90/m2D/m2Dr2/mcs90_m2Dr2_s20.B81
Reading graphs...
20 :  34
20 :  34
Initializing...
maxdom : 20
D->valSize : 400
Solving...
Blb : 2 (clique : 11)
currentSize : 11 <-- 0.002310 s
currentSize : 12 <-- 0.002369 s
currentSize : 13 <-- 0.002584 s
currentSize : 14 <-- 0.003679 s
currentSize : 15 <-- 0.004582 s
currentSize : 16 <-- 0.004761 s

maxsize : 16
nodes : 6152.000000
filtered : 212376.000000
time : 0.069362
