Parameters: GAD=1 vflib=1 dir=0 label=0 lowerbound=1 fileNameGp=../graphsdb/mcs90/m3D/m3D/mcs90_m3D_s30.A25 fileNameGt=../graphsdb/mcs90/m3D/m3D/mcs90_m3D_s30.B25
Reading graphs...
30 :  61
30 :  61
Initializing...
maxdom : 30
D->valSize : 900
Solving...
Blb : 3 (clique : 19)
currentSize : 19 <-- 0.010960 s
currentSize : 21 <-- 0.011216 s
currentSize : 23 <-- 0.015928 s
currentSize : 25 <-- 0.015978 s
currentSize : 27 <-- 0.017072 s

maxsize : 27
nodes : 4843.000000
filtered : 322718.000000
time : 0.156446
