Parameters: GAD=1 vflib=1 dir=0 label=0 lowerbound=1 fileNameGp=../graphsdb/mcs90/m2D/m2Dr6/mcs90_m2Dr6_s20.A07 fileNameGt=../graphsdb/mcs90/m2D/m2Dr6/mcs90_m2Dr6_s20.B07
Reading graphs...
20 :  41
20 :  40
Initializing...
maxdom : 20
D->valSize : 400
Solving...
Blb : 2 (clique : 11)
currentSize : 11 <-- 0.002251 s
currentSize : 12 <-- 0.003388 s
currentSize : 13 <-- 0.005693 s
currentSize : 14 <-- 0.185312 s
currentSize : 16 <-- 0.196464 s

maxsize : 16
nodes : 33274.000000
filtered : 728387.000000
time : 0.232147
