Parameters: GAD=1 vflib=1 dir=0 label=0 lowerbound=1 fileNameGp=../graphsdb/mcs90/m2D/m2Dr4/mcs90_m2Dr4_s20.A96 fileNameGt=../graphsdb/mcs90/m2D/m2Dr4/mcs90_m2Dr4_s20.B96
Reading graphs...
20 :  38
20 :  39
Initializing...
maxdom : 20
D->valSize : 400
Solving...
Blb : 2 (clique : 11)
currentSize : 11 <-- 0.002441 s
currentSize : 13 <-- 0.002512 s
currentSize : 14 <-- 0.003129 s
currentSize : 15 <-- 0.007086 s
currentSize : 16 <-- 0.007179 s
currentSize : 17 <-- 0.008232 s

maxsize : 17
nodes : 1805.000000
filtered : 65159.000000
time : 0.028554
