Parameters: GAD=1 vflib=1 dir=0 label=0 lowerbound=1 fileNameGp=../graphsdb/mcs90/m2D/m2Dr4/mcs90_m2Dr4_s30.A18 fileNameGt=../graphsdb/mcs90/m2D/m2Dr4/mcs90_m2Dr4_s30.B18
Reading graphs...
30 :  61
30 :  60
Initializing...
maxdom : 30
D->valSize : 900
Solving...
Blb : 2 (clique : 17)
currentSize : 17 <-- 0.019381 s
currentSize : 19 <-- 0.019583 s
currentSize : 20 <-- 0.019610 s
currentSize : 21 <-- 0.019731 s
currentSize : 23 <-- 0.020152 s
currentSize : 24 <-- 0.020286 s
currentSize : 25 <-- 0.020331 s

maxsize : 25
nodes : 37350.000000
filtered : 2848008.000000
time : 1.573408
