Parameters: GAD=1 vflib=1 dir=0 label=0 lowerbound=1 fileNameGp=../graphsdb/mcs90/bvg/b09m/mcs90_b09m_s15.A75 fileNameGt=../graphsdb/mcs90/bvg/b09m/mcs90_b09m_s15.B75
Reading graphs...
15 :  62
15 :  61
Initializing...
maxdom : 15
D->valSize : 225
Solving...
Blb : 2 (clique : 8)
currentSize : 8 <-- 0.000969 s
currentSize : 9 <-- 0.001316 s
currentSize : 10 <-- 0.001355 s
currentSize : 11 <-- 0.006943 s
currentSize : 12 <-- 0.007014 s

maxsize : 12
nodes : 1750.000000
filtered : 32645.000000
time : 0.010190
