Parameters: GAD=1 vflib=1 dir=0 label=0 lowerbound=1 fileNameGp=../graphsdb/mcs90/rand/r01/mcs90_r01_s25.A25 fileNameGt=../graphsdb/mcs90/rand/r01/mcs90_r01_s25.B25
Reading graphs...
25 :  56
25 :  58
Initializing...
maxdom : 25
D->valSize : 625
Solving...
Blb : 2 (clique : 12)
currentSize : 12 <-- 0.005061 s
currentSize : 13 <-- 0.005176 s
currentSize : 14 <-- 0.005341 s
currentSize : 15 <-- 0.005354 s
currentSize : 16 <-- 0.034663 s
currentSize : 18 <-- 0.423786 s
currentSize : 19 <-- 0.423877 s
currentSize : 20 <-- 0.499939 s
currentSize : 22 <-- 0.653956 s

maxsize : 22
nodes : 69274.000000
filtered : 2280150.000000
time : 0.669755
