Parameters: GAD=1 vflib=1 dir=0 label=0 lowerbound=1 fileNameGp=../graphsdb/mcs90/m2D/m2Dr4/mcs90_m2Dr4_s30.A50 fileNameGt=../graphsdb/mcs90/m2D/m2Dr4/mcs90_m2Dr4_s30.B50
Reading graphs...
30 :  60
30 :  60
Initializing...
maxdom : 30
D->valSize : 900
Solving...
Blb : 2 (clique : 14)
currentSize : 14 <-- 0.011077 s
currentSize : 17 <-- 0.011197 s
currentSize : 18 <-- 0.011228 s
currentSize : 19 <-- 0.021625 s
currentSize : 20 <-- 0.098675 s
currentSize : 22 <-- 60.346325 s
currentSize : 23 <-- 66.753677 s
currentSize : 25 <-- 66.753792 s

maxsize : 25
nodes : 3484715.000000
filtered : 136006965.000000
time : 67.965233
