Parameters: GAD=1 vflib=1 dir=0 label=0 lowerbound=1 fileNameGp=../graphsdb/mcs90/bvg/b09/mcs90_b09_s35.A23 fileNameGt=../graphsdb/mcs90/bvg/b09/mcs90_b09_s35.B23
Reading graphs...
35 :  157
35 :  157
Initializing...
maxdom : 35
D->valSize : 1225
Solving...
Blb : 2 (clique : 15)
currentSize : 15 <-- 0.018419 s
currentSize : 16 <-- 0.018593 s
currentSize : 17 <-- 0.018860 s
currentSize : 19 <-- 0.018963 s
currentSize : 23 <-- 0.019969 s
currentSize : 26 <-- 0.020006 s
currentSize : 30 <-- 0.026286 s

maxsize : 30
nodes : 64633.000000
filtered : 4355027.000000
time : 1.020518
