Parameters: GAD=1 vflib=1 dir=0 label=0 lowerbound=1 fileNameGp=../graphsdb/mcs90/rand/r02/mcs90_r02_s35.A27 fileNameGt=../graphsdb/mcs90/rand/r02/mcs90_r02_s35.B27
Reading graphs...
35 :  207
35 :  202
Initializing...
maxdom : 35
D->valSize : 1225
Solving...
Blb : 3 (clique : 12)
currentSize : 12 <-- 0.022751 s
currentSize : 13 <-- 0.023124 s
currentSize : 14 <-- 0.031286 s
currentSize : 15 <-- 1.017128 s
currentSize : 17 <-- 14.290486 s
currentSize : 18 <-- 15.364149 s
currentSize : 21 <-- 19.384695 s
currentSize : 24 <-- 19.786160 s
currentSize : 31 <-- 20.238167 s

maxsize : 31
nodes : 4523986.000000
filtered : 64241381.000000
time : 20.379011
