Parameters: GAD=1 vflib=1 dir=0 label=0 lowerbound=1 fileNameGp=../graphsdb/mcs90/bvg/b06/mcs90_b06_s20.A50 fileNameGt=../graphsdb/mcs90/bvg/b06/mcs90_b06_s20.B50
Reading graphs...
20 :  60
20 :  60
Initializing...
maxdom : 20
D->valSize : 400
Solving...
Blb : 2 (clique : 12)
currentSize : 12 <-- 0.002127 s
currentSize : 13 <-- 0.002217 s
currentSize : 14 <-- 0.002272 s
currentSize : 15 <-- 0.002434 s
currentSize : 17 <-- 0.002839 s
currentSize : 18 <-- 0.004802 s

maxsize : 18
nodes : 684.000000
filtered : 29346.000000
time : 0.011274
