Parameters: GAD=1 vflib=1 dir=0 label=0 lowerbound=1 fileNameGp=../graphsdb/mcs90/m4D/m4Dr2/mcs90_m4Dr2_s20.A28 fileNameGt=../graphsdb/mcs90/m4D/m4Dr2/mcs90_m4Dr2_s20.B28
Reading graphs...
20 :  40
20 :  39
Initializing...
maxdom : 20
D->valSize : 400
Solving...
Blb : 2 (clique : 11)
currentSize : 11 <-- 0.002199 s
currentSize : 12 <-- 0.002676 s
currentSize : 14 <-- 0.002762 s
currentSize : 15 <-- 0.002873 s
currentSize : 16 <-- 0.047672 s

maxsize : 16
nodes : 8033.000000
filtered : 252092.000000
time : 0.069530
