Parameters: GAD=1 vflib=1 dir=0 label=0 lowerbound=1 fileNameGp=../graphsdb/mcs90/bvg/b06/mcs90_b06_s35.A81 fileNameGt=../graphsdb/mcs90/bvg/b06/mcs90_b06_s35.B81
Reading graphs...
35 :  105
35 :  105
Initializing...
maxdom : 35
D->valSize : 1225
Solving...
Blb : 2 (clique : 18)
currentSize : 18 <-- 0.019992 s
currentSize : 19 <-- 0.022079 s
currentSize : 20 <-- 0.025435 s
currentSize : 21 <-- 0.033421 s
currentSize : 22 <-- 0.033479 s
currentSize : 23 <-- 0.331000 s
currentSize : 24 <-- 0.354864 s
currentSize : 25 <-- 0.395944 s
currentSize : 26 <-- 0.403069 s
currentSize : 27 <-- 0.403200 s
currentSize : 29 <-- 0.461415 s
currentSize : 30 <-- 0.461551 s
currentSize : 31 <-- 0.461825 s

maxsize : 31
nodes : 81043.000000
filtered : 2482055.000000
time : 1.503458
