Parameters: GAD=1 vflib=1 dir=0 label=0 lowerbound=1 fileNameGp=../graphsdb/mcs90/m4D/m4D/mcs90_m4D_s20.A22 fileNameGt=../graphsdb/mcs90/m4D/m4D/mcs90_m4D_s20.B22
Reading graphs...
20 :  37
20 :  37
Initializing...
maxdom : 20
D->valSize : 400
Solving...
Blb : 2 (clique : 12)
currentSize : 12 <-- 0.002264 s
currentSize : 13 <-- 0.002533 s
currentSize : 14 <-- 0.005753 s
currentSize : 15 <-- 0.061926 s
currentSize : 16 <-- 0.069856 s
currentSize : 17 <-- 0.079381 s
currentSize : 18 <-- 0.079472 s

maxsize : 18
nodes : 5870.000000
filtered : 227338.000000
time : 0.079843
