Parameters: GAD=1 vflib=1 dir=0 label=0 lowerbound=1 fileNameGp=../graphsdb/mcs90/m3D/m3Dr4/mcs90_m3Dr4_s30.A60 fileNameGt=../graphsdb/mcs90/m3D/m3Dr4/mcs90_m3Dr4_s30.B60
Reading graphs...
30 :  73
30 :  72
Initializing...
maxdom : 30
D->valSize : 900
Solving...
Blb : 5 (clique : 14)
currentSize : 14 <-- 0.010929 s
currentSize : 17 <-- 0.011037 s
currentSize : 18 <-- 0.027673 s
currentSize : 19 <-- 2.720613 s
currentSize : 20 <-- 3.465156 s
currentSize : 22 <-- 9.285943 s
currentSize : 23 <-- 11.787190 s
currentSize : 25 <-- 11.787940 s
currentSize : 27 <-- 11.787969 s

maxsize : 27
nodes : 1327049.000000
filtered : 31423231.000000
time : 11.880950
