Parameters: GAD=1 vflib=1 dir=0 label=0 lowerbound=1 fileNameGp=../graphsdb/mcs90/bvg/b03/mcs90_b03_s35.A22 fileNameGt=../graphsdb/mcs90/bvg/b03/mcs90_b03_s35.B22
Reading graphs...
35 :  52
35 :  52
Initializing...
maxdom : 35
D->valSize : 1225
Solving...
Blb : 2 (clique : 25)
currentSize : 25 <-- 0.037783 s
currentSize : 26 <-- 0.126530 s
currentSize : 27 <-- 0.238289 s
currentSize : 28 <-- 0.544999 s
currentSize : 29 <-- 0.689294 s
currentSize : 30 <-- 2.454464 s
currentSize : 31 <-- 2.629994 s
currentSize : 32 <-- 4.144402 s

maxsize : 32
nodes : 52171.000000
filtered : 3415045.000000
time : 5.178237
