Parameters: GAD=1 vflib=1 dir=0 label=0 lowerbound=1 fileNameGp=../graphsdb/mcs90/rand/r01/mcs90_r01_s30.A41 fileNameGt=../graphsdb/mcs90/rand/r01/mcs90_r01_s30.B41
Reading graphs...
30 :  85
30 :  86
Initializing...
maxdom : 30
D->valSize : 900
Solving...
Blb : 2 (clique : 12)
currentSize : 12 <-- 0.010473 s
currentSize : 13 <-- 0.010581 s
currentSize : 14 <-- 0.010644 s
currentSize : 15 <-- 0.011397 s
currentSize : 16 <-- 0.012720 s
currentSize : 17 <-- 0.194530 s
currentSize : 18 <-- 4.762889 s
currentSize : 19 <-- 17.829464 s
currentSize : 22 <-- 19.929256 s
currentSize : 23 <-- 20.919262 s
currentSize : 27 <-- 20.977816 s

maxsize : 27
nodes : 3502351.000000
filtered : 80692516.000000
time : 21.038904
