Parameters: GAD=1 vflib=1 dir=0 label=0 lowerbound=1 fileNameGp=../graphsdb/mcs90/rand/r01/mcs90_r01_s25.A42 fileNameGt=../graphsdb/mcs90/rand/r01/mcs90_r01_s25.B42
Reading graphs...
25 :  54
25 :  55
Initializing...
maxdom : 25
D->valSize : 625
Solving...
Blb : 2 (clique : 14)
currentSize : 14 <-- 0.005132 s
currentSize : 15 <-- 0.010455 s
currentSize : 16 <-- 0.010947 s
currentSize : 17 <-- 0.145299 s
currentSize : 18 <-- 0.165772 s
currentSize : 20 <-- 0.488303 s
currentSize : 22 <-- 0.493638 s

maxsize : 22
nodes : 55064.000000
filtered : 1549166.000000
time : 0.531395
