Parameters: GAD=1 vflib=1 dir=0 label=0 lowerbound=1 fileNameGp=../graphsdb/mcs90/m2D/m2Dr6/mcs90_m2Dr6_s30.A98 fileNameGt=../graphsdb/mcs90/m2D/m2Dr6/mcs90_m2Dr6_s30.B98
Reading graphs...
30 :  65
30 :  65
Initializing...
maxdom : 30
D->valSize : 900
Solving...
Blb : 5 (clique : 17)
currentSize : 17 <-- 0.011133 s
currentSize : 18 <-- 0.020457 s
currentSize : 19 <-- 0.169810 s
currentSize : 20 <-- 6.957943 s
currentSize : 21 <-- 40.599377 s
currentSize : 25 <-- 61.478424 s

maxsize : 25
nodes : 3533542.000000
filtered : 127466938.000000
time : 62.213898
