Parameters: GAD=1 vflib=1 dir=0 label=0 lowerbound=1 fileNameGp=../graphsdb/mcs90/bvg/b06/mcs90_b06_s35.A44 fileNameGt=../graphsdb/mcs90/bvg/b06/mcs90_b06_s35.B44
Reading graphs...
35 :  105
35 :  104
Initializing...
maxdom : 35
D->valSize : 1225
Solving...
Blb : 2 (clique : 18)
currentSize : 18 <-- 0.019633 s
currentSize : 19 <-- 0.019819 s
currentSize : 20 <-- 0.019859 s
currentSize : 21 <-- 0.019976 s
currentSize : 22 <-- 0.020770 s
currentSize : 23 <-- 0.020792 s
currentSize : 24 <-- 0.020879 s
currentSize : 25 <-- 0.020972 s
currentSize : 26 <-- 0.021292 s
currentSize : 27 <-- 0.022021 s
currentSize : 28 <-- 0.029650 s
currentSize : 29 <-- 0.029753 s
currentSize : 31 <-- 0.030862 s

maxsize : 31
nodes : 27067.000000
filtered : 1419586.000000
time : 0.883867
