Parameters: GAD=1 vflib=1 dir=0 label=0 lowerbound=1 fileNameGp=../graphsdb/mcs90/bvg/b09m/mcs90_b09m_s25.A23 fileNameGt=../graphsdb/mcs90/bvg/b09m/mcs90_b09m_s25.B23
Reading graphs...
25 :  106
25 :  108
Initializing...
maxdom : 25
D->valSize : 625
Solving...
Blb : 5 (clique : 10)
currentSize : 10 <-- 0.004678 s
currentSize : 11 <-- 0.004768 s
currentSize : 12 <-- 0.022106 s
currentSize : 13 <-- 0.074772 s
currentSize : 14 <-- 1.488061 s
currentSize : 15 <-- 1.601221 s
currentSize : 17 <-- 1.603806 s
currentSize : 22 <-- 1.624149 s

maxsize : 22
nodes : 389584.000000
filtered : 5483734.000000
time : 1.659480
