Parameters: GAD=1 vflib=1 dir=0 label=0 lowerbound=1 fileNameGp=../graphsdb/mcs90/bvg/b06m/mcs90_b06m_s35.A43 fileNameGt=../graphsdb/mcs90/bvg/b06m/mcs90_b06m_s35.B43
Reading graphs...
35 :  103
35 :  103
Initializing...
maxdom : 35
D->valSize : 1225
Solving...
Blb : 2 (clique : 17)
currentSize : 17 <-- 0.034592 s
currentSize : 18 <-- 0.071524 s
currentSize : 19 <-- 2.931319 s
currentSize : 20 <-- 24.372444 s
currentSize : 21 <-- 29.451488 s
currentSize : 22 <-- 237.818130 s
currentSize : 23 <-- 237.982605 s
currentSize : 24 <-- 237.989502 s
currentSize : 25 <-- 239.364197 s
currentSize : 26 <-- 239.364594 s
currentSize : 27 <-- 244.972763 s
currentSize : 31 <-- 245.361847 s

maxsize : 31
nodes : 17593797.000000
filtered : 716005647.000000
time : 245.594345
