Parameters: GAD=1 vflib=1 dir=0 label=0 lowerbound=1 fileNameGp=../graphsdb/mcs90/bvg/b06/mcs90_b06_s35.A23 fileNameGt=../graphsdb/mcs90/bvg/b06/mcs90_b06_s35.B23
Reading graphs...
35 :  105
35 :  105
Initializing...
maxdom : 35
D->valSize : 1225
Solving...
Blb : 2 (clique : 19)
currentSize : 19 <-- 0.034465 s
currentSize : 20 <-- 0.035914 s
currentSize : 21 <-- 0.038466 s
currentSize : 22 <-- 0.047502 s
currentSize : 23 <-- 0.058912 s
currentSize : 24 <-- 0.065872 s
currentSize : 25 <-- 0.066428 s
currentSize : 26 <-- 0.066821 s
currentSize : 27 <-- 0.067360 s
currentSize : 29 <-- 0.081545 s
currentSize : 31 <-- 0.094650 s
currentSize : 32 <-- 0.251602 s

maxsize : 32
nodes : 13219.000000
filtered : 703835.000000
time : 0.646670
