Parameters: GAD=1 vflib=1 dir=0 label=0 lowerbound=1 fileNameGp=../graphsdb/mcs90/m2D/m2Dr2/mcs90_m2Dr2_s30.A44 fileNameGt=../graphsdb/mcs90/m2D/m2Dr2/mcs90_m2Dr2_s30.B44
Reading graphs...
30 :  55
30 :  54
Initializing...
maxdom : 30
D->valSize : 900
Solving...
Blb : 2 (clique : 19)
currentSize : 19 <-- 0.019707 s
currentSize : 20 <-- 0.025175 s
currentSize : 21 <-- 2.116178 s
currentSize : 22 <-- 3.504999 s
currentSize : 24 <-- 3.753026 s
currentSize : 25 <-- 11.797166 s

maxsize : 25
nodes : 381221.000000
filtered : 19137392.000000
time : 12.189885
