Parameters: GAD=1 vflib=1 dir=0 label=0 lowerbound=1 fileNameGp=../graphsdb/mcs90/rand/r02/mcs90_r02_s35.A23 fileNameGt=../graphsdb/mcs90/rand/r02/mcs90_r02_s35.B23
Reading graphs...
35 :  219
35 :  216
Initializing...
maxdom : 35
D->valSize : 1225
Solving...
Blb : 5 (clique : 11)
currentSize : 11 <-- 0.017276 s
currentSize : 12 <-- 0.017412 s
currentSize : 13 <-- 0.024068 s
currentSize : 14 <-- 0.057062 s
currentSize : 16 <-- 0.068536 s
currentSize : 18 <-- 0.436179 s
currentSize : 23 <-- 2.898723 s
currentSize : 31 <-- 3.732931 s

maxsize : 31
nodes : 739590.000000
filtered : 16424181.000000
time : 4.063346
