Parameters: GAD=1 vflib=1 dir=0 label=0 lowerbound=1 fileNameGp=../graphsdb/mcs90/m2D/m2D/mcs90_m2D_s20.A82 fileNameGt=../graphsdb/mcs90/m2D/m2D/mcs90_m2D_s20.B82
Reading graphs...
20 :  31
20 :  31
Initializing...
maxdom : 20
D->valSize : 400
Solving...
Blb : 2 (clique : 12)
currentSize : 12 <-- 0.002327 s
currentSize : 13 <-- 0.002404 s
currentSize : 14 <-- 0.003895 s
currentSize : 15 <-- 0.014026 s
currentSize : 16 <-- 0.020045 s
currentSize : 17 <-- 0.051119 s

maxsize : 17
nodes : 4782.000000
filtered : 133182.000000
time : 0.079224
