Parameters: GAD=1 vflib=1 dir=0 label=0 lowerbound=1 fileNameGp=../graphsdb/mcs90/m3D/m3D/mcs90_m3D_s30.A00 fileNameGt=../graphsdb/mcs90/m3D/m3D/mcs90_m3D_s30.B00
Reading graphs...
30 :  61
30 :  61
Initializing...
maxdom : 30
D->valSize : 900
Solving...
Blb : 2 (clique : 16)
currentSize : 16 <-- 0.019397 s
currentSize : 17 <-- 0.019587 s
currentSize : 18 <-- 0.019650 s
currentSize : 20 <-- 0.020277 s
currentSize : 21 <-- 0.020395 s
currentSize : 22 <-- 0.022190 s
currentSize : 23 <-- 0.178429 s
currentSize : 26 <-- 0.178937 s
currentSize : 27 <-- 0.179092 s

maxsize : 27
nodes : 23287.000000
filtered : 760388.000000
time : 0.445488
