Parameters: GAD=1 vflib=1 dir=0 label=0 lowerbound=1 fileNameGp=../graphsdb/mcs90/rand/r01/mcs90_r01_s35.A87 fileNameGt=../graphsdb/mcs90/rand/r01/mcs90_r01_s35.B87
Reading graphs...
35 :  113
35 :  111
Initializing...
maxdom : 35
D->valSize : 1225
Solving...
Blb : 2 (clique : 15)
currentSize : 15 <-- 0.019242 s
currentSize : 16 <-- 0.019396 s
currentSize : 17 <-- 0.019549 s
currentSize : 18 <-- 0.065350 s
currentSize : 19 <-- 0.185468 s
currentSize : 20 <-- 6.016881 s
currentSize : 21 <-- 10.993447 s
currentSize : 22 <-- 16.361309 s
currentSize : 23 <-- 21.758360 s
currentSize : 25 <-- 23.161016 s
currentSize : 26 <-- 25.144854 s
currentSize : 31 <-- 29.724726 s

maxsize : 31
nodes : 2732486.000000
filtered : 93203916.000000
time : 29.994736
