Parameters: GAD=1 vflib=1 dir=0 label=0 lowerbound=1 fileNameGp=../graphsdb/mcs90/bvg/b03/mcs90_b03_s35.A27 fileNameGt=../graphsdb/mcs90/bvg/b03/mcs90_b03_s35.B27
Reading graphs...
35 :  52
35 :  52
Initializing...
maxdom : 35
D->valSize : 1225
Solving...
Blb : 2 (clique : 26)
currentSize : 26 <-- 0.021838 s
currentSize : 27 <-- 0.357463 s
currentSize : 28 <-- 1.729083 s
currentSize : 29 <-- 2.458044 s
currentSize : 30 <-- 2.849795 s
currentSize : 31 <-- 2.989820 s
currentSize : 32 <-- 3.055217 s

maxsize : 32
nodes : 45689.000000
filtered : 3116267.000000
time : 4.620054
