Parameters: GAD=1 vflib=1 dir=0 label=0 lowerbound=1 fileNameGp=../graphsdb/mcs90/m2D/m2Dr2/mcs90_m2Dr2_s20.A49 fileNameGt=../graphsdb/mcs90/m2D/m2Dr2/mcs90_m2Dr2_s20.B49
Reading graphs...
20 :  35
20 :  35
Initializing...
maxdom : 20
D->valSize : 400
Solving...
Blb : 2 (clique : 12)
currentSize : 12 <-- 0.002333 s
currentSize : 13 <-- 0.002412 s
currentSize : 14 <-- 0.017427 s
currentSize : 15 <-- 0.028976 s
currentSize : 16 <-- 0.041757 s

maxsize : 16
nodes : 12916.000000
filtered : 337720.000000
time : 0.125291
