Parameters: GAD=1 vflib=1 dir=0 label=0 lowerbound=1 fileNameGp=../graphsdb/mcs90/rand/r02/mcs90_r02_s20.A85 fileNameGt=../graphsdb/mcs90/rand/r02/mcs90_r02_s20.B85
Reading graphs...
20 :  70
20 :  72
Initializing...
maxdom : 20
D->valSize : 400
Solving...
Blb : 2 (clique : 9)
currentSize : 9 <-- 0.002049 s
currentSize : 10 <-- 0.002507 s
currentSize : 11 <-- 0.003767 s
currentSize : 13 <-- 0.043730 s
currentSize : 18 <-- 0.050786 s

maxsize : 18
nodes : 13249.000000
filtered : 184662.000000
time : 0.055696
