Parameters: GAD=1 vflib=1 dir=0 label=0 lowerbound=1 fileNameGp=../graphsdb/mcs90/bvg/b06m/mcs90_b06m_s35.A88 fileNameGt=../graphsdb/mcs90/bvg/b06m/mcs90_b06m_s35.B88
Reading graphs...
35 :  103
35 :  102
Initializing...
maxdom : 35
D->valSize : 1225
Solving...
Blb : 2 (clique : 14)
currentSize : 14 <-- 0.034766 s
currentSize : 16 <-- 0.034991 s
currentSize : 17 <-- 0.035039 s
currentSize : 18 <-- 0.052947 s
currentSize : 19 <-- 0.281675 s
currentSize : 20 <-- 1.198769 s
currentSize : 21 <-- 6.835537 s
currentSize : 22 <-- 24.424101 s
currentSize : 23 <-- 92.010651 s
currentSize : 24 <-- 226.620529 s
currentSize : 25 <-- 239.757690 s
currentSize : 27 <-- 239.869431 s
currentSize : 31 <-- 243.142426 s

maxsize : 31
nodes : 11105781.000000
filtered : 543908451.000000
time : 243.330597
