Parameters: GAD=1 vflib=1 dir=0 label=0 lowerbound=1 fileNameGp=../graphsdb/mcs90/bvg/b03m/mcs90_b03m_s35.A74 fileNameGt=../graphsdb/mcs90/bvg/b03m/mcs90_b03m_s35.B74
Reading graphs...
35 :  52
35 :  52
Initializing...
maxdom : 35
D->valSize : 1225
Solving...
Blb : 2 (clique : 22)
currentSize : 22 <-- 0.021737 s
currentSize : 23 <-- 0.022418 s
currentSize : 24 <-- 1.212826 s
currentSize : 25 <-- 1.931237 s
currentSize : 26 <-- 4.478737 s
currentSize : 27 <-- 44.908745 s
currentSize : 28 <-- 192.435593 s
currentSize : 29 <-- 192.601547 s
currentSize : 30 <-- 220.926178 s
currentSize : 31 <-- 220.926300 s

maxsize : 31
nodes : 2387483.000000
filtered : 186829353.000000
time : 222.721268
