Parameters: GAD=1 vflib=1 dir=0 label=0 lowerbound=1 fileNameGp=../graphsdb/mcs90/m2D/m2Dr4/mcs90_m2Dr4_s30.A58 fileNameGt=../graphsdb/mcs90/m2D/m2Dr4/mcs90_m2Dr4_s30.B58
Reading graphs...
30 :  60
30 :  59
Initializing...
maxdom : 30
D->valSize : 900
Solving...
Blb : 2 (clique : 16)
currentSize : 16 <-- 0.019391 s
currentSize : 17 <-- 0.019673 s
currentSize : 18 <-- 0.020456 s
currentSize : 19 <-- 0.123679 s
currentSize : 20 <-- 0.385761 s
currentSize : 21 <-- 7.210827 s
currentSize : 22 <-- 48.282761 s
currentSize : 24 <-- 55.525772 s
currentSize : 25 <-- 55.525806 s

maxsize : 25
nodes : 2524808.000000
filtered : 116504564.000000
time : 56.538815
