Parameters: GAD=1 vflib=1 dir=0 label=0 lowerbound=1 fileNameGp=../graphsdb/mcs90/bvg/b09/mcs90_b09_s30.A86 fileNameGt=../graphsdb/mcs90/bvg/b09/mcs90_b09_s30.B86
Reading graphs...
30 :  132
30 :  133
Initializing...
maxdom : 30
D->valSize : 900
Solving...
Blb : 2 (clique : 19)
currentSize : 19 <-- 0.009640 s
currentSize : 20 <-- 0.020407 s
currentSize : 22 <-- 0.032755 s
currentSize : 26 <-- 0.036987 s
currentSize : 27 <-- 0.111880 s

maxsize : 27
nodes : 12002.000000
filtered : 691502.000000
time : 0.191418
