Parameters: GAD=1 vflib=1 dir=0 label=0 lowerbound=1 fileNameGp=../graphsdb/mcs90/rand/r02/mcs90_r02_s15.A02 fileNameGt=../graphsdb/mcs90/rand/r02/mcs90_r02_s15.B02
Reading graphs...
15 :  39
15 :  40
Initializing...
maxdom : 15
D->valSize : 225
Solving...
Blb : 2 (clique : 8)
currentSize : 8 <-- 0.001024 s
currentSize : 9 <-- 0.001630 s
currentSize : 10 <-- 0.002708 s
currentSize : 11 <-- 0.003180 s
currentSize : 13 <-- 0.003702 s

maxsize : 13
nodes : 717.000000
filtered : 11730.000000
time : 0.004569
