Parameters: GAD=1 vflib=1 dir=0 label=0 lowerbound=1 fileNameGp=../graphsdb/mcs90/bvg/b09m/mcs90_b09m_s30.A23 fileNameGt=../graphsdb/mcs90/bvg/b09m/mcs90_b09m_s30.B23
Reading graphs...
30 :  130
30 :  131
Initializing...
maxdom : 30
D->valSize : 900
Solving...
Blb : 2 (clique : 12)
currentSize : 12 <-- 0.009742 s
currentSize : 13 <-- 0.010079 s
currentSize : 14 <-- 0.013061 s
currentSize : 15 <-- 0.560811 s
currentSize : 16 <-- 3.915858 s
currentSize : 20 <-- 4.246563 s
currentSize : 26 <-- 4.632879 s

maxsize : 26
nodes : 851724.000000
filtered : 17355150.000000
time : 4.775515
