Parameters: GAD=1 vflib=1 dir=0 label=0 lowerbound=1 fileNameGp=../graphsdb/mcs90/rand/r01/mcs90_r01_s35.A06 fileNameGt=../graphsdb/mcs90/rand/r01/mcs90_r01_s35.B06
Reading graphs...
35 :  111
35 :  111
Initializing...
maxdom : 35
D->valSize : 1225
Solving...
Blb : 2 (clique : 15)
currentSize : 15 <-- 0.034061 s
currentSize : 16 <-- 0.034566 s
currentSize : 17 <-- 0.072273 s
currentSize : 18 <-- 0.212252 s
currentSize : 19 <-- 0.729732 s
currentSize : 20 <-- 9.096379 s
currentSize : 23 <-- 9.104150 s
currentSize : 24 <-- 19.284945 s
currentSize : 25 <-- 20.538889 s
currentSize : 26 <-- 21.426662 s
currentSize : 31 <-- 21.426735 s

maxsize : 31
nodes : 1909743.000000
filtered : 71744145.000000
time : 21.624176
