Parameters: GAD=1 vflib=1 dir=0 label=0 lowerbound=1 fileNameGp=../graphsdb/mcs90/rand/r02/mcs90_r02_s35.A61 fileNameGt=../graphsdb/mcs90/rand/r02/mcs90_r02_s35.B61
Reading graphs...
35 :  205
35 :  205
Initializing...
maxdom : 35
D->valSize : 1225
Solving...
Blb : 2 (clique : 12)
currentSize : 12 <-- 0.017337 s
currentSize : 13 <-- 0.018420 s
currentSize : 14 <-- 0.021123 s
currentSize : 15 <-- 0.189183 s
currentSize : 17 <-- 0.203851 s
currentSize : 19 <-- 0.203900 s
currentSize : 20 <-- 0.524881 s
currentSize : 21 <-- 0.691954 s
currentSize : 23 <-- 0.759328 s
currentSize : 31 <-- 0.773830 s

maxsize : 31
nodes : 164965.000000
filtered : 3486947.000000
time : 0.930308
