Parameters: GAD=1 vflib=1 dir=0 label=0 lowerbound=1 fileNameGp=../graphsdb/mcs90/bvg/b09m/mcs90_b09m_s15.A45 fileNameGt=../graphsdb/mcs90/bvg/b09m/mcs90_b09m_s15.B45
Reading graphs...
15 :  60
15 :  59
Initializing...
maxdom : 15
D->valSize : 225
Solving...
Blb : 2 (clique : 8)
currentSize : 8 <-- 0.000917 s
currentSize : 9 <-- 0.001036 s
currentSize : 10 <-- 0.001322 s
currentSize : 11 <-- 0.008319 s
currentSize : 12 <-- 0.008403 s

maxsize : 12
nodes : 1857.000000
filtered : 39661.000000
time : 0.010081
