Parameters: GAD=1 vflib=1 dir=0 label=0 lowerbound=1 fileNameGp=../graphsdb/mcs90/m3D/m3Dr6/mcs90_m3Dr6_s30.A43 fileNameGt=../graphsdb/mcs90/m3D/m3Dr6/mcs90_m3Dr6_s30.B43
Reading graphs...
30 :  75
30 :  73
Initializing...
maxdom : 30
D->valSize : 900
Solving...
Blb : 2 (clique : 14)
currentSize : 14 <-- 0.018712 s
currentSize : 16 <-- 0.018879 s
currentSize : 17 <-- 0.018955 s
currentSize : 18 <-- 0.018972 s
currentSize : 19 <-- 0.019809 s
currentSize : 20 <-- 0.021103 s
currentSize : 21 <-- 0.161851 s
currentSize : 27 <-- 7.287305 s

maxsize : 27
nodes : 600800.000000
filtered : 20867310.000000
time : 7.383913
