Parameters: GAD=1 vflib=1 dir=0 label=0 lowerbound=1 fileNameGp=../graphsdb/mcs90/rand/r005/mcs90_r005_s25.A65 fileNameGt=../graphsdb/mcs90/rand/r005/mcs90_r005_s25.B65
Reading graphs...
25 :  29
25 :  29
Initializing...
maxdom : 25
D->valSize : 625
Solving...
Blb : 2 (clique : 16)
currentSize : 16 <-- 0.007633 s
currentSize : 17 <-- 0.127571 s
currentSize : 18 <-- 0.304501 s
currentSize : 19 <-- 0.520863 s
currentSize : 20 <-- 0.539172 s
currentSize : 21 <-- 3.997325 s
currentSize : 22 <-- 4.726523 s

maxsize : 22
nodes : 149326.000000
filtered : 6502552.000000
time : 4.893514
