Parameters: GAD=1 vflib=1 dir=0 label=0 lowerbound=1 fileNameGp=../graphsdb/mcs90/bvg/b06m/mcs90_b06m_s15.A78 fileNameGt=../graphsdb/mcs90/bvg/b06m/mcs90_b06m_s15.B78
Reading graphs...
15 :  44
15 :  42
Initializing...
maxdom : 15
D->valSize : 225
Solving...
Blb : 3 (clique : 7)
currentSize : 7 <-- 0.000883 s
currentSize : 8 <-- 0.000942 s
currentSize : 9 <-- 0.001797 s
currentSize : 10 <-- 0.009970 s
currentSize : 13 <-- 0.015251 s

maxsize : 13
nodes : 4099.000000
filtered : 52578.000000
time : 0.016152
