Parameters: GAD=1 vflib=1 dir=0 label=0 lowerbound=1 fileNameGp=../graphsdb/mcs90/bvg/b06/mcs90_b06_s20.A46 fileNameGt=../graphsdb/mcs90/bvg/b06/mcs90_b06_s20.B46
Reading graphs...
20 :  60
20 :  59
Initializing...
maxdom : 20
D->valSize : 400
Solving...
Blb : 2 (clique : 12)
currentSize : 12 <-- 0.002138 s
currentSize : 13 <-- 0.002202 s
currentSize : 14 <-- 0.002231 s
currentSize : 15 <-- 0.002631 s
currentSize : 18 <-- 0.021098 s

maxsize : 18
nodes : 3241.000000
filtered : 97963.000000
time : 0.027519
