Parameters: GAD=1 vflib=1 dir=0 label=0 lowerbound=1 fileNameGp=../graphsdb/mcs90/rand/r005/mcs90_r005_s30.A77 fileNameGt=../graphsdb/mcs90/rand/r005/mcs90_r005_s30.B77
Reading graphs...
30 :  42
30 :  42
Initializing...
maxdom : 30
D->valSize : 900
Solving...
Blb : 2 (clique : 18)
currentSize : 18 <-- 0.020032 s
currentSize : 19 <-- 0.051139 s
currentSize : 20 <-- 0.113588 s
currentSize : 21 <-- 0.115826 s
currentSize : 22 <-- 0.356260 s
currentSize : 23 <-- 0.895724 s
currentSize : 24 <-- 14.016076 s
currentSize : 25 <-- 16.397852 s
currentSize : 26 <-- 16.866972 s
currentSize : 27 <-- 16.867373 s

maxsize : 27
nodes : 695424.000000
filtered : 41720607.000000
time : 16.985186
