Parameters: GAD=1 vflib=1 dir=0 label=0 lowerbound=1 fileNameGp=../graphsdb/mcs90/bvg/b09/mcs90_b09_s30.A66 fileNameGt=../graphsdb/mcs90/bvg/b09/mcs90_b09_s30.B66
Reading graphs...
30 :  134
30 :  134
Initializing...
maxdom : 30
D->valSize : 900
Solving...
Blb : 2 (clique : 13)
currentSize : 13 <-- 0.016899 s
currentSize : 14 <-- 0.017980 s
currentSize : 15 <-- 0.020161 s
currentSize : 16 <-- 0.021090 s
currentSize : 17 <-- 0.025147 s
currentSize : 18 <-- 0.025243 s
currentSize : 20 <-- 0.027335 s
currentSize : 23 <-- 0.028372 s
currentSize : 24 <-- 0.238795 s
currentSize : 26 <-- 0.314905 s

maxsize : 26
nodes : 23766.000000
filtered : 1564983.000000
time : 0.480940
