Parameters: GAD=1 vflib=1 dir=0 label=0 lowerbound=1 fileNameGp=../graphsdb/mcs90/bvg/b06m/mcs90_b06m_s35.A80 fileNameGt=../graphsdb/mcs90/bvg/b06m/mcs90_b06m_s35.B80
Reading graphs...
35 :  102
35 :  102
Initializing...
maxdom : 35
D->valSize : 1225
Solving...
Blb : 2 (clique : 22)
currentSize : 22 <-- 0.034349 s
currentSize : 23 <-- 11.035632 s
currentSize : 24 <-- 14.354030 s
currentSize : 27 <-- 14.357191 s
currentSize : 31 <-- 15.610823 s

maxsize : 31
nodes : 608035.000000
filtered : 32877962.000000
time : 15.886998
