Parameters: GAD=1 vflib=1 dir=0 label=0 lowerbound=1 fileNameGp=../graphsdb/mcs90/m3D/m3Dr6/mcs90_m3Dr6_s30.A10 fileNameGt=../graphsdb/mcs90/m3D/m3Dr6/mcs90_m3Dr6_s30.B10
Reading graphs...
30 :  75
30 :  73
Initializing...
maxdom : 30
D->valSize : 900
Solving...
Blb : 2 (clique : 15)
currentSize : 15 <-- 0.018763 s
currentSize : 16 <-- 0.019495 s
currentSize : 17 <-- 0.019545 s
currentSize : 18 <-- 0.029951 s
currentSize : 19 <-- 2.628662 s
currentSize : 20 <-- 12.690287 s
currentSize : 21 <-- 18.128323 s
currentSize : 27 <-- 21.149387 s

maxsize : 27
nodes : 1953498.000000
filtered : 61332334.000000
time : 21.262020
