Parameters: GAD=1 vflib=1 dir=0 label=0 lowerbound=1 fileNameGp=../graphsdb/mcs90/m2D/m2Dr2/mcs90_m2Dr2_s30.A57 fileNameGt=../graphsdb/mcs90/m2D/m2Dr2/mcs90_m2Dr2_s30.B57
Reading graphs...
30 :  55
30 :  55
Initializing...
maxdom : 30
D->valSize : 900
Solving...
Blb : 2 (clique : 16)
currentSize : 16 <-- 0.011175 s
currentSize : 18 <-- 0.011301 s
currentSize : 19 <-- 0.011334 s
currentSize : 20 <-- 0.030688 s
currentSize : 21 <-- 0.035910 s
currentSize : 22 <-- 12.386871 s
currentSize : 23 <-- 20.670692 s
currentSize : 24 <-- 20.671156 s
currentSize : 25 <-- 29.711773 s

maxsize : 25
nodes : 1084435.000000
filtered : 52291046.000000
time : 29.899240
