Parameters: GAD=1 vflib=1 dir=0 label=0 lowerbound=1 fileNameGp=../graphsdb/mcs90/bvg/b06/mcs90_b06_s30.A46 fileNameGt=../graphsdb/mcs90/bvg/b06/mcs90_b06_s30.B46
Reading graphs...
30 :  90
30 :  90
Initializing...
maxdom : 30
D->valSize : 900
Solving...
Blb : 2 (clique : 15)
currentSize : 15 <-- 0.015907 s
currentSize : 16 <-- 0.016110 s
currentSize : 17 <-- 0.025518 s
currentSize : 18 <-- 0.025913 s
currentSize : 19 <-- 0.026704 s
currentSize : 20 <-- 0.065603 s
currentSize : 21 <-- 0.065971 s
currentSize : 22 <-- 0.066147 s
currentSize : 23 <-- 0.066208 s
currentSize : 24 <-- 0.066888 s
currentSize : 25 <-- 0.066976 s
currentSize : 27 <-- 0.067273 s

maxsize : 27
nodes : 12307.000000
filtered : 474752.000000
time : 0.245011
