Parameters: GAD=1 vflib=1 dir=0 label=0 lowerbound=1 fileNameGp=../graphsdb/mcs90/bvg/b09m/mcs90_b09m_s25.A04 fileNameGt=../graphsdb/mcs90/bvg/b09m/mcs90_b09m_s25.B04
Reading graphs...
25 :  107
25 :  107
Initializing...
maxdom : 25
D->valSize : 625
Solving...
Blb : 5 (clique : 10)
currentSize : 10 <-- 0.004727 s
currentSize : 11 <-- 0.005205 s
currentSize : 12 <-- 0.005512 s
currentSize : 13 <-- 0.027758 s
currentSize : 14 <-- 0.144781 s
currentSize : 15 <-- 0.389646 s
currentSize : 22 <-- 0.754570 s

maxsize : 22
nodes : 149295.000000
filtered : 3059142.000000
time : 0.770549
