Parameters: GAD=1 vflib=1 dir=0 label=0 lowerbound=1 fileNameGp=../graphsdb/mcs90/rand/r005/mcs90_r005_s35.A12 fileNameGt=../graphsdb/mcs90/rand/r005/mcs90_r005_s35.B12
Reading graphs...
35 :  56
35 :  56
Initializing...
maxdom : 35
D->valSize : 1225
Solving...
Blb : 2 (clique : 22)
currentSize : 22 <-- 0.025895 s
currentSize : 23 <-- 0.026410 s
currentSize : 24 <-- 0.027959 s
currentSize : 25 <-- 0.242212 s
currentSize : 26 <-- 0.338090 s
currentSize : 27 <-- 44.432159 s
currentSize : 28 <-- 95.349167 s
currentSize : 29 <-- 122.815994 s
currentSize : 31 <-- 137.699158 s

maxsize : 31
nodes : 1609827.000000
filtered : 123069122.000000
time : 138.862350
