Parameters: GAD=1 vflib=1 dir=0 label=0 lowerbound=1 fileNameGp=../graphsdb/mcs90/bvg/b06m/mcs90_b06m_s35.A84 fileNameGt=../graphsdb/mcs90/bvg/b06m/mcs90_b06m_s35.B84
Reading graphs...
35 :  101
35 :  101
Initializing...
maxdom : 35
D->valSize : 1225
Solving...
Blb : 2 (clique : 17)
currentSize : 17 <-- 0.034443 s
currentSize : 18 <-- 0.072856 s
currentSize : 19 <-- 0.141809 s
currentSize : 20 <-- 1.648022 s
currentSize : 21 <-- 78.063705 s
currentSize : 22 <-- 78.107155 s
currentSize : 23 <-- 92.238472 s
currentSize : 24 <-- 117.777313 s
currentSize : 25 <-- 117.784019 s
currentSize : 27 <-- 118.590385 s
currentSize : 31 <-- 118.776207 s

maxsize : 31
nodes : 8583025.000000
filtered : 317121281.000000
time : 119.097374
