Parameters: GAD=1 vflib=1 dir=0 label=0 lowerbound=1 fileNameGp=../graphsdb/mcs90/bvg/b03/mcs90_b03_s25.A73 fileNameGt=../graphsdb/mcs90/bvg/b03/mcs90_b03_s25.B73
Reading graphs...
25 :  37
25 :  37
Initializing...
maxdom : 25
D->valSize : 625
Solving...
Blb : 2 (clique : 18)
currentSize : 18 <-- 0.005486 s
currentSize : 19 <-- 0.005627 s
currentSize : 20 <-- 0.005703 s
currentSize : 21 <-- 0.009314 s
currentSize : 22 <-- 0.009359 s
currentSize : 23 <-- 0.009529 s

maxsize : 23
nodes : 1490.000000
filtered : 73415.000000
time : 0.076788
