Parameters: GAD=1 vflib=1 dir=0 label=0 lowerbound=1 fileNameGp=../graphsdb/mcs90/bvg/b06m/mcs90_b06m_s25.A47 fileNameGt=../graphsdb/mcs90/bvg/b06m/mcs90_b06m_s25.B47
Reading graphs...
25 :  72
25 :  72
Initializing...
maxdom : 25
D->valSize : 625
Solving...
Blb : 2 (clique : 12)
currentSize : 12 <-- 0.005270 s
currentSize : 13 <-- 0.005363 s
currentSize : 14 <-- 0.005797 s
currentSize : 15 <-- 0.006030 s
currentSize : 16 <-- 0.050528 s
currentSize : 17 <-- 0.169543 s
currentSize : 21 <-- 0.209106 s
currentSize : 22 <-- 0.224029 s

maxsize : 22
nodes : 26033.000000
filtered : 710418.000000
time : 0.238212
