Parameters: GAD=1 vflib=1 dir=0 label=0 lowerbound=1 fileNameGp=../graphsdb/mcs90/rand/r01/mcs90_r01_s20.A82 fileNameGt=../graphsdb/mcs90/rand/r01/mcs90_r01_s20.B82
Reading graphs...
20 :  36
20 :  37
Initializing...
maxdom : 20
D->valSize : 400
Solving...
Blb : 3 (clique : 13)
currentSize : 13 <-- 0.002266 s
currentSize : 15 <-- 0.002367 s
currentSize : 16 <-- 0.002650 s
currentSize : 17 <-- 0.002992 s
currentSize : 18 <-- 0.003722 s

maxsize : 18
nodes : 449.000000
filtered : 17526.000000
time : 0.008793
