Parameters: GAD=1 vflib=1 dir=0 label=0 lowerbound=1 fileNameGp=../graphsdb/mcs90/bvg/b09/mcs90_b09_s30.A52 fileNameGt=../graphsdb/mcs90/bvg/b09/mcs90_b09_s30.B52
Reading graphs...
30 :  135
30 :  134
Initializing...
maxdom : 30
D->valSize : 900
Solving...
Blb : 3 (clique : 14)
currentSize : 14 <-- 0.009547 s
currentSize : 15 <-- 0.010374 s
currentSize : 16 <-- 0.011025 s
currentSize : 17 <-- 0.011058 s
currentSize : 18 <-- 0.011101 s
currentSize : 20 <-- 0.011352 s
currentSize : 22 <-- 0.011684 s
currentSize : 26 <-- 0.022540 s

maxsize : 26
nodes : 13642.000000
filtered : 974835.000000
time : 0.291482
