Parameters: GAD=1 vflib=1 dir=0 label=0 lowerbound=1 fileNameGp=../graphsdb/mcs90/bvg/b03m/mcs90_b03m_s20.A88 fileNameGt=../graphsdb/mcs90/bvg/b03m/mcs90_b03m_s20.B88
Reading graphs...
20 :  30
20 :  30
Initializing...
maxdom : 20
D->valSize : 400
Solving...
Blb : 2 (clique : 12)
currentSize : 12 <-- 0.002366 s
currentSize : 13 <-- 0.002518 s
currentSize : 14 <-- 0.005495 s
currentSize : 15 <-- 0.020766 s
currentSize : 17 <-- 0.054597 s
currentSize : 18 <-- 0.058157 s

maxsize : 18
nodes : 6988.000000
filtered : 160849.000000
time : 0.062501
