Parameters: GAD=1 vflib=1 dir=0 label=0 lowerbound=1 fileNameGp=../graphsdb/mcs90/rand/r005/mcs90_r005_s35.A82 fileNameGt=../graphsdb/mcs90/rand/r005/mcs90_r005_s35.B82
Reading graphs...
35 :  58
35 :  58
Initializing...
maxdom : 35
D->valSize : 1225
Solving...
Blb : 2 (clique : 20)
currentSize : 20 <-- 0.037506 s
currentSize : 21 <-- 0.037785 s
currentSize : 22 <-- 0.038080 s
currentSize : 23 <-- 0.054095 s
currentSize : 24 <-- 0.136714 s
currentSize : 25 <-- 1.683180 s
currentSize : 26 <-- 5.709037 s
currentSize : 27 <-- 6.149667 s
currentSize : 28 <-- 6.376147 s
currentSize : 29 <-- 6.380015 s
currentSize : 31 <-- 6.380098 s

maxsize : 31
nodes : 254386.000000
filtered : 12420803.000000
time : 11.656727
