Parameters: GAD=1 vflib=1 dir=0 label=0 lowerbound=1 fileNameGp=../graphsdb/mcs90/m3D/m3Dr6/mcs90_m3Dr6_s30.A79 fileNameGt=../graphsdb/mcs90/m3D/m3Dr6/mcs90_m3Dr6_s30.B79
Reading graphs...
30 :  78
30 :  78
Initializing...
maxdom : 30
D->valSize : 900
Solving...
Blb : 2 (clique : 15)
currentSize : 15 <-- 0.018289 s
currentSize : 16 <-- 0.021333 s
currentSize : 17 <-- 0.024998 s
currentSize : 18 <-- 0.196605 s
currentSize : 19 <-- 0.246972 s
currentSize : 21 <-- 0.249443 s
currentSize : 22 <-- 0.832849 s
currentSize : 25 <-- 2.497474 s
currentSize : 27 <-- 2.705924 s

maxsize : 27
nodes : 209535.000000
filtered : 8564423.000000
time : 2.756181
