Parameters: GAD=1 vflib=1 dir=0 label=0 lowerbound=1 fileNameGp=../graphsdb/mcs90/bvg/b09m/mcs90_b09m_s35.A87 fileNameGt=../graphsdb/mcs90/bvg/b09m/mcs90_b09m_s35.B87
Reading graphs...
35 :  149
35 :  148
Initializing...
maxdom : 35
D->valSize : 1225
Solving...
Blb : 2 (clique : 12)
currentSize : 12 <-- 0.032636 s
currentSize : 13 <-- 0.032856 s
currentSize : 15 <-- 0.032941 s
currentSize : 16 <-- 0.061388 s
currentSize : 17 <-- 0.209992 s
currentSize : 18 <-- 0.210223 s
currentSize : 19 <-- 8.811916 s
currentSize : 20 <-- 9.922475 s
currentSize : 23 <-- 9.922529 s
currentSize : 30 <-- 9.930336 s

maxsize : 30
nodes : 1752894.000000
filtered : 35033930.000000
time : 10.454047
