Parameters: GAD=1 vflib=1 dir=0 label=0 lowerbound=1 fileNameGp=../graphsdb/mcs90/bvg/b06m/mcs90_b06m_s25.A87 fileNameGt=../graphsdb/mcs90/bvg/b06m/mcs90_b06m_s25.B87
Reading graphs...
25 :  70
25 :  71
Initializing...
maxdom : 25
D->valSize : 625
Solving...
Blb : 2 (clique : 12)
currentSize : 12 <-- 0.004966 s
currentSize : 13 <-- 0.005404 s
currentSize : 14 <-- 0.007218 s
currentSize : 15 <-- 0.014834 s
currentSize : 16 <-- 0.107295 s
currentSize : 18 <-- 0.123564 s
currentSize : 19 <-- 0.164567 s
currentSize : 22 <-- 0.507878 s

maxsize : 22
nodes : 52124.000000
filtered : 1732674.000000
time : 0.534245
