Parameters: GAD=1 vflib=1 dir=0 label=0 lowerbound=1 fileNameGp=../graphsdb/mcs90/rand/r02/mcs90_r02_s35.A80 fileNameGt=../graphsdb/mcs90/rand/r02/mcs90_r02_s35.B80
Reading graphs...
35 :  216
35 :  213
Initializing...
maxdom : 35
D->valSize : 1225
Solving...
Blb : 3 (clique : 12)
currentSize : 12 <-- 0.017658 s
currentSize : 13 <-- 0.029265 s
currentSize : 14 <-- 0.180610 s
currentSize : 15 <-- 15.645207 s
currentSize : 16 <-- 64.752525 s
currentSize : 17 <-- 69.089188 s
currentSize : 19 <-- 72.496941 s
currentSize : 20 <-- 89.644386 s
currentSize : 21 <-- 130.598022 s
currentSize : 22 <-- 137.341888 s
currentSize : 31 <-- 158.433670 s

maxsize : 31
nodes : 31642882.000000
filtered : 610409714.000000
time : 158.494080
