Parameters: GAD=1 vflib=1 dir=0 label=0 lowerbound=1 fileNameGp=../graphsdb/mcs90/bvg/b06m/mcs90_b06m_s20.A94 fileNameGt=../graphsdb/mcs90/bvg/b06m/mcs90_b06m_s20.B94
Reading graphs...
20 :  57
20 :  57
Initializing...
maxdom : 20
D->valSize : 400
Solving...
Blb : 2 (clique : 10)
currentSize : 10 <-- 0.002110 s
currentSize : 12 <-- 0.003679 s
currentSize : 13 <-- 0.018136 s
currentSize : 14 <-- 0.058034 s
currentSize : 15 <-- 0.058378 s
currentSize : 16 <-- 0.072419 s
currentSize : 18 <-- 0.075845 s

maxsize : 18
nodes : 14148.000000
filtered : 281236.000000
time : 0.077183
