Parameters: GAD=1 vflib=1 dir=0 label=0 lowerbound=1 fileNameGp=../graphsdb/mcs90/m2D/m2Dr2/mcs90_m2Dr2_s20.A90 fileNameGt=../graphsdb/mcs90/m2D/m2Dr2/mcs90_m2Dr2_s20.B90
Reading graphs...
20 :  35
20 :  35
Initializing...
maxdom : 20
D->valSize : 400
Solving...
Blb : 5 (clique : 11)
currentSize : 11 <-- 0.002245 s
currentSize : 12 <-- 0.002302 s
currentSize : 13 <-- 0.002359 s
currentSize : 14 <-- 0.046544 s
currentSize : 15 <-- 0.085394 s
currentSize : 16 <-- 0.120636 s

maxsize : 16
nodes : 20303.000000
filtered : 399702.000000
time : 0.173097
