Parameters: GAD=1 vflib=1 dir=0 label=0 lowerbound=1 fileNameGp=../graphsdb/mcs90/rand/r02/mcs90_r02_s25.A70 fileNameGt=../graphsdb/mcs90/rand/r02/mcs90_r02_s25.B70
Reading graphs...
25 :  110
25 :  111
Initializing...
maxdom : 25
D->valSize : 625
Solving...
Blb : 3 (clique : 9)
currentSize : 9 <-- 0.004650 s
currentSize : 10 <-- 0.004735 s
currentSize : 11 <-- 0.004875 s
currentSize : 12 <-- 0.004936 s
currentSize : 13 <-- 0.009127 s
currentSize : 22 <-- 0.016007 s

maxsize : 22
nodes : 4351.000000
filtered : 154882.000000
time : 0.042232
