Parameters: GAD=1 vflib=1 dir=0 label=0 lowerbound=1 fileNameGp=../graphsdb/mcs90/rand/r01/mcs90_r01_s35.A58 fileNameGt=../graphsdb/mcs90/rand/r01/mcs90_r01_s35.B58
Reading graphs...
35 :  113
35 :  114
Initializing...
maxdom : 35
D->valSize : 1225
Solving...
Blb : 2 (clique : 15)
currentSize : 15 <-- 0.019247 s
currentSize : 19 <-- 0.019389 s
currentSize : 20 <-- 0.019427 s
currentSize : 21 <-- 0.019502 s
currentSize : 22 <-- 0.019560 s
currentSize : 26 <-- 0.019773 s
currentSize : 27 <-- 0.021966 s
currentSize : 31 <-- 0.057251 s

maxsize : 31
nodes : 10277.000000
filtered : 1100639.000000
time : 0.455114
