Parameters: GAD=1 vflib=1 dir=0 label=0 lowerbound=1 fileNameGp=../graphsdb/mcs90/bvg/b06/mcs90_b06_s35.A01 fileNameGt=../graphsdb/mcs90/bvg/b06/mcs90_b06_s35.B01
Reading graphs...
35 :  105
35 :  104
Initializing...
maxdom : 35
D->valSize : 1225
Solving...
Blb : 2 (clique : 16)
currentSize : 16 <-- 0.034282 s
currentSize : 17 <-- 0.034534 s
currentSize : 18 <-- 0.034592 s
currentSize : 19 <-- 0.034752 s
currentSize : 20 <-- 0.035620 s
currentSize : 21 <-- 0.036900 s
currentSize : 23 <-- 0.042612 s
currentSize : 24 <-- 0.053351 s
currentSize : 25 <-- 0.060667 s
currentSize : 27 <-- 0.069948 s
currentSize : 28 <-- 0.143220 s
currentSize : 29 <-- 0.143354 s
currentSize : 31 <-- 0.145021 s

maxsize : 31
nodes : 25181.000000
filtered : 1552303.000000
time : 1.479455
