Parameters: GAD=1 vflib=1 dir=0 label=0 lowerbound=1 fileNameGp=../graphsdb/mcs90/m3D/m3Dr4/mcs90_m3Dr4_s30.A14 fileNameGt=../graphsdb/mcs90/m3D/m3Dr4/mcs90_m3Dr4_s30.B14
Reading graphs...
30 :  71
30 :  71
Initializing...
maxdom : 30
D->valSize : 900
Solving...
Blb : 2 (clique : 16)
currentSize : 16 <-- 0.011002 s
currentSize : 17 <-- 0.011153 s
currentSize : 18 <-- 0.011193 s
currentSize : 19 <-- 0.012732 s
currentSize : 20 <-- 0.016331 s
currentSize : 21 <-- 0.024647 s
currentSize : 22 <-- 0.024823 s
currentSize : 24 <-- 0.040816 s
currentSize : 27 <-- 0.041028 s

maxsize : 27
nodes : 6491.000000
filtered : 326546.000000
time : 0.160117
