Parameters: GAD=1 vflib=1 dir=0 label=0 lowerbound=1 fileNameGp=../graphsdb/mcs90/bvg/b09m/mcs90_b09m_s25.A50 fileNameGt=../graphsdb/mcs90/bvg/b09m/mcs90_b09m_s25.B50
Reading graphs...
25 :  109
25 :  109
Initializing...
maxdom : 25
D->valSize : 625
Solving...
Blb : 2 (clique : 10)
currentSize : 10 <-- 0.007823 s
currentSize : 11 <-- 0.012198 s
currentSize : 12 <-- 0.043774 s
currentSize : 13 <-- 0.998673 s
currentSize : 15 <-- 1.329637 s
currentSize : 22 <-- 1.334909 s

maxsize : 22
nodes : 368857.000000
filtered : 3975751.000000
time : 1.357865
