Parameters: GAD=1 vflib=1 dir=0 label=0 lowerbound=1 fileNameGp=../graphsdb/mcs90/bvg/b09/mcs90_b09_s20.A45 fileNameGt=../graphsdb/mcs90/bvg/b09/mcs90_b09_s20.B45
Reading graphs...
20 :  90
20 :  90
Initializing...
maxdom : 20
D->valSize : 400
Solving...
Blb : 2 (clique : 11)
currentSize : 11 <-- 0.002016 s
currentSize : 12 <-- 0.002087 s
currentSize : 14 <-- 0.002142 s
currentSize : 16 <-- 0.002543 s
currentSize : 18 <-- 0.002603 s

maxsize : 18
nodes : 842.000000
filtered : 42069.000000
time : 0.013809
