Parameters: GAD=1 vflib=1 dir=0 label=0 lowerbound=1 fileNameGp=../graphsdb/mcs90/m2D/m2Dr2/mcs90_m2Dr2_s20.A96 fileNameGt=../graphsdb/mcs90/m2D/m2Dr2/mcs90_m2Dr2_s20.B96
Reading graphs...
20 :  35
20 :  35
Initializing...
maxdom : 20
D->valSize : 400
Solving...
Blb : 2 (clique : 11)
currentSize : 11 <-- 0.002245 s
currentSize : 12 <-- 0.002343 s
currentSize : 13 <-- 0.003170 s
currentSize : 14 <-- 0.013054 s
currentSize : 15 <-- 0.151979 s
currentSize : 16 <-- 0.247577 s

maxsize : 16
nodes : 24873.000000
filtered : 755711.000000
time : 0.298611
