Parameters: GAD=1 vflib=1 dir=0 label=0 lowerbound=1 fileNameGp=../graphsdb/mcs90/m2D/m2D/mcs90_m2D_s30.A89 fileNameGt=../graphsdb/mcs90/m2D/m2D/mcs90_m2D_s30.B89
Reading graphs...
30 :  48
30 :  49
Initializing...
maxdom : 30
D->valSize : 900
Solving...
Blb : 2 (clique : 18)
currentSize : 18 <-- 0.011898 s
currentSize : 20 <-- 0.012036 s
currentSize : 21 <-- 0.012084 s
currentSize : 22 <-- 0.015624 s
currentSize : 23 <-- 0.015844 s
currentSize : 24 <-- 0.898988 s
currentSize : 25 <-- 1.867542 s
currentSize : 26 <-- 1.896116 s

maxsize : 26
nodes : 96806.000000
filtered : 3926730.000000
time : 3.753770
