Parameters: GAD=1 vflib=1 dir=0 label=0 lowerbound=1 fileNameGp=../graphsdb/mcs90/m3D/m3D/mcs90_m3D_s30.A45 fileNameGt=../graphsdb/mcs90/m3D/m3D/mcs90_m3D_s30.B45
Reading graphs...
30 :  61
30 :  61
Initializing...
maxdom : 30
D->valSize : 900
Solving...
Blb : 2 (clique : 16)
currentSize : 16 <-- 0.011035 s
currentSize : 19 <-- 0.011157 s
currentSize : 20 <-- 0.011777 s
currentSize : 22 <-- 0.014560 s
currentSize : 25 <-- 0.015343 s
currentSize : 27 <-- 0.016369 s

maxsize : 27
nodes : 6136.000000
filtered : 457457.000000
time : 0.308466
