Parameters: GAD=1 vflib=1 dir=0 label=0 lowerbound=1 fileNameGp=../graphsdb/mcs90/rand/r01/mcs90_r01_s35.A08 fileNameGt=../graphsdb/mcs90/rand/r01/mcs90_r01_s35.B08
Reading graphs...
35 :  114
35 :  115
Initializing...
maxdom : 35
D->valSize : 1225
Solving...
Blb : 2 (clique : 13)
currentSize : 13 <-- 0.019683 s
currentSize : 15 <-- 0.019820 s
currentSize : 16 <-- 0.020053 s
currentSize : 17 <-- 0.020363 s
currentSize : 18 <-- 0.041040 s
currentSize : 19 <-- 10.882419 s
currentSize : 20 <-- 10.921178 s
currentSize : 21 <-- 11.133383 s
currentSize : 22 <-- 11.136658 s
currentSize : 24 <-- 11.383850 s
currentSize : 25 <-- 11.384033 s
currentSize : 26 <-- 13.219346 s
currentSize : 31 <-- 14.628691 s

maxsize : 31
nodes : 1650439.000000
filtered : 44657182.000000
time : 14.834863
