Parameters: GAD=1 vflib=1 dir=0 label=0 lowerbound=1 fileNameGp=../graphsdb/mcs90/bvg/b03m/mcs90_b03m_s20.A46 fileNameGt=../graphsdb/mcs90/bvg/b03m/mcs90_b03m_s20.B46
Reading graphs...
20 :  30
20 :  30
Initializing...
maxdom : 20
D->valSize : 400
Solving...
Blb : 2 (clique : 12)
currentSize : 12 <-- 0.002536 s
currentSize : 13 <-- 0.002624 s
currentSize : 14 <-- 0.002827 s
currentSize : 15 <-- 0.003369 s
currentSize : 16 <-- 0.034613 s
currentSize : 18 <-- 0.115702 s

maxsize : 18
nodes : 6324.000000
filtered : 175378.000000
time : 0.121441
