Parameters: GAD=1 vflib=1 dir=0 label=0 lowerbound=1 fileNameGp=../graphsdb/mcs90/m2D/m2Dr6/mcs90_m2Dr6_s30.A58 fileNameGt=../graphsdb/mcs90/m2D/m2Dr6/mcs90_m2Dr6_s30.B58
Reading graphs...
30 :  67
30 :  67
Initializing...
maxdom : 30
D->valSize : 900
Solving...
Blb : 2 (clique : 15)
currentSize : 15 <-- 0.011180 s
currentSize : 16 <-- 0.011326 s
currentSize : 17 <-- 0.011704 s
currentSize : 18 <-- 0.015929 s
currentSize : 19 <-- 0.731367 s
currentSize : 20 <-- 1.915765 s
currentSize : 21 <-- 11.588838 s
currentSize : 25 <-- 21.649483 s

maxsize : 25
nodes : 1224090.000000
filtered : 44012836.000000
time : 22.122698
