Parameters: GAD=1 vflib=1 dir=0 label=0 lowerbound=1 fileNameGp=../graphsdb/mcs90/bvg/b06m/mcs90_b06m_s35.A42 fileNameGt=../graphsdb/mcs90/bvg/b06m/mcs90_b06m_s35.B42
Reading graphs...
35 :  104
35 :  104
Initializing...
maxdom : 35
D->valSize : 1225
Solving...
Blb : 2 (clique : 14)
currentSize : 14 <-- 0.019404 s
currentSize : 16 <-- 0.019545 s
currentSize : 17 <-- 0.022180 s
currentSize : 18 <-- 0.024516 s
currentSize : 19 <-- 0.867290 s
currentSize : 20 <-- 6.117999 s
currentSize : 21 <-- 43.775032 s
currentSize : 22 <-- 115.484001 s
currentSize : 24 <-- 115.486443 s
currentSize : 25 <-- 115.486542 s
currentSize : 26 <-- 115.524849 s
currentSize : 31 <-- 115.524887 s

maxsize : 31
nodes : 6108273.000000
filtered : 244491850.000000
time : 115.839378
