Parameters: GAD=1 vflib=1 dir=0 label=0 lowerbound=1 fileNameGp=../graphsdb/mcs90/bvg/b06/mcs90_b06_s35.A57 fileNameGt=../graphsdb/mcs90/bvg/b06/mcs90_b06_s35.B57
Reading graphs...
35 :  105
35 :  105
Initializing...
maxdom : 35
D->valSize : 1225
Solving...
Blb : 2 (clique : 23)
currentSize : 23 <-- 0.019948 s
currentSize : 24 <-- 0.039969 s
currentSize : 25 <-- 0.040068 s
currentSize : 27 <-- 0.040173 s
currentSize : 28 <-- 0.049997 s
currentSize : 29 <-- 0.050139 s
currentSize : 31 <-- 0.068964 s

maxsize : 31
nodes : 20883.000000
filtered : 1302020.000000
time : 1.135657
