Parameters: GAD=1 vflib=1 dir=0 label=0 lowerbound=1 fileNameGp=../graphsdb/mcs90/bvg/b09m/mcs90_b09m_s35.A19 fileNameGt=../graphsdb/mcs90/bvg/b09m/mcs90_b09m_s35.B19
Reading graphs...
35 :  150
35 :  149
Initializing...
maxdom : 35
D->valSize : 1225
Solving...
Blb : 2 (clique : 11)
currentSize : 11 <-- 0.018421 s
currentSize : 12 <-- 0.018550 s
currentSize : 13 <-- 0.018570 s
currentSize : 14 <-- 0.018656 s
currentSize : 15 <-- 0.018869 s
currentSize : 16 <-- 0.023674 s
currentSize : 17 <-- 1.155322 s
currentSize : 18 <-- 3.362332 s
currentSize : 19 <-- 3.386659 s
currentSize : 20 <-- 4.513497 s
currentSize : 22 <-- 8.907935 s
currentSize : 27 <-- 28.013163 s
currentSize : 30 <-- 28.013792 s

maxsize : 30
nodes : 3249638.000000
filtered : 117653946.000000
time : 28.411715
