Parameters: GAD=1 vflib=1 dir=0 label=0 lowerbound=1 fileNameGp=../graphsdb/mcs90/rand/r02/mcs90_r02_s30.A61 fileNameGt=../graphsdb/mcs90/rand/r02/mcs90_r02_s30.B61
Reading graphs...
30 :  158
30 :  158
Initializing...
maxdom : 30
D->valSize : 900
Solving...
Blb : 2 (clique : 10)
currentSize : 10 <-- 0.016511 s
currentSize : 11 <-- 0.016753 s
currentSize : 12 <-- 0.020883 s
currentSize : 13 <-- 0.162828 s
currentSize : 15 <-- 0.865934 s
currentSize : 17 <-- 0.868630 s
currentSize : 20 <-- 1.407225 s
currentSize : 27 <-- 3.762079 s

maxsize : 27
nodes : 711186.000000
filtered : 16038741.000000
time : 3.807076
