Parameters: GAD=1 vflib=1 dir=0 label=0 lowerbound=1 fileNameGp=../graphsdb/mcs90/bvg/b03/mcs90_b03_s15.A21 fileNameGt=../graphsdb/mcs90/bvg/b03/mcs90_b03_s15.B21
Reading graphs...
15 :  22
15 :  22
Initializing...
maxdom : 15
D->valSize : 225
Solving...
Blb : 2 (clique : 10)
currentSize : 10 <-- 0.001096 s
currentSize : 11 <-- 0.001538 s
currentSize : 12 <-- 0.001843 s
currentSize : 13 <-- 0.002993 s
currentSize : 14 <-- 0.003073 s

maxsize : 14
nodes : 340.000000
filtered : 6332.000000
time : 0.004822
