Parameters: GAD=1 vflib=1 dir=0 label=0 lowerbound=1 fileNameGp=../graphsdb/mcs90/bvg/b03/mcs90_b03_s25.A86 fileNameGt=../graphsdb/mcs90/bvg/b03/mcs90_b03_s25.B86
Reading graphs...
25 :  37
25 :  37
Initializing...
maxdom : 25
D->valSize : 625
Solving...
Blb : 2 (clique : 18)
currentSize : 18 <-- 0.005368 s
currentSize : 19 <-- 0.006013 s
currentSize : 20 <-- 0.008954 s
currentSize : 21 <-- 0.029229 s
currentSize : 22 <-- 0.039651 s
currentSize : 23 <-- 0.136798 s

maxsize : 23
nodes : 5515.000000
filtered : 191699.000000
time : 0.141860
