Parameters: GAD=1 vflib=1 dir=0 label=0 lowerbound=1 fileNameGp=../graphsdb/mcs90/bvg/b06/mcs90_b06_s30.A24 fileNameGt=../graphsdb/mcs90/bvg/b06/mcs90_b06_s30.B24
Reading graphs...
30 :  90
30 :  90
Initializing...
maxdom : 30
D->valSize : 900
Solving...
Blb : 2 (clique : 16)
currentSize : 16 <-- 0.010511 s
currentSize : 22 <-- 0.010641 s
currentSize : 25 <-- 0.011076 s
currentSize : 27 <-- 0.013056 s
currentSize : 28 <-- 0.098412 s

maxsize : 28
nodes : 4908.000000
filtered : 213282.000000
time : 0.150546
