Parameters: GAD=1 vflib=1 dir=0 label=0 lowerbound=1 fileNameGp=../graphsdb/mcs90/bvg/b03/mcs90_b03_s35.A45 fileNameGt=../graphsdb/mcs90/bvg/b03/mcs90_b03_s35.B45
Reading graphs...
35 :  52
35 :  52
Initializing...
maxdom : 35
D->valSize : 1225
Solving...
Blb : 2 (clique : 25)
currentSize : 25 <-- 0.036762 s
currentSize : 26 <-- 0.040181 s
currentSize : 27 <-- 0.047492 s
currentSize : 28 <-- 0.051578 s
currentSize : 29 <-- 0.454181 s
currentSize : 30 <-- 0.455766 s
currentSize : 31 <-- 0.591976 s

maxsize : 31
nodes : 43781.000000
filtered : 3730905.000000
time : 5.845677
