Parameters: GAD=1 vflib=1 dir=0 label=0 lowerbound=1 fileNameGp=../graphsdb/mcs90/bvg/b06/mcs90_b06_s35.A62 fileNameGt=../graphsdb/mcs90/bvg/b06/mcs90_b06_s35.B62
Reading graphs...
35 :  104
35 :  105
Initializing...
maxdom : 35
D->valSize : 1225
Solving...
Blb : 2 (clique : 26)
currentSize : 26 <-- 0.019522 s
currentSize : 27 <-- 0.063971 s
currentSize : 28 <-- 0.133225 s
currentSize : 29 <-- 0.133408 s
currentSize : 31 <-- 0.134716 s

maxsize : 31
nodes : 11597.000000
filtered : 943770.000000
time : 0.752931
