Parameters: GAD=1 vflib=1 dir=0 label=0 lowerbound=1 fileNameGp=../graphsdb/mcs90/rand/r005/mcs90_r005_s35.A69 fileNameGt=../graphsdb/mcs90/rand/r005/mcs90_r005_s35.B69
Reading graphs...
35 :  57
35 :  58
Initializing...
maxdom : 35
D->valSize : 1225
Solving...
Blb : 2 (clique : 22)
currentSize : 22 <-- 0.037072 s
currentSize : 23 <-- 0.038122 s
currentSize : 24 <-- 0.067052 s
currentSize : 25 <-- 0.290312 s
currentSize : 26 <-- 10.280571 s
currentSize : 27 <-- 70.678162 s
currentSize : 28 <-- 70.937027 s
currentSize : 29 <-- 70.964195 s
currentSize : 31 <-- 70.969887 s

maxsize : 31
nodes : 1511582.000000
filtered : 72839678.000000
time : 71.643456
