Parameters: GAD=1 vflib=1 dir=0 label=0 lowerbound=1 fileNameGp=../graphsdb/mcs90/m2D/m2Dr4/mcs90_m2Dr4_s20.A49 fileNameGt=../graphsdb/mcs90/m2D/m2Dr4/mcs90_m2Dr4_s20.B49
Reading graphs...
20 :  37
20 :  37
Initializing...
maxdom : 20
D->valSize : 400
Solving...
Blb : 2 (clique : 11)
currentSize : 11 <-- 0.002214 s
currentSize : 13 <-- 0.002272 s
currentSize : 14 <-- 0.041179 s
currentSize : 15 <-- 0.065864 s
currentSize : 16 <-- 0.065882 s

maxsize : 16
nodes : 13521.000000
filtered : 328532.000000
time : 0.137753
