Parameters: GAD=1 vflib=1 dir=0 label=0 lowerbound=1 fileNameGp=../graphsdb/mcs90/m2D/m2Dr4/mcs90_m2Dr4_s30.A74 fileNameGt=../graphsdb/mcs90/m2D/m2Dr4/mcs90_m2Dr4_s30.B74
Reading graphs...
30 :  61
30 :  59
Initializing...
maxdom : 30
D->valSize : 900
Solving...
Blb : 2 (clique : 17)
currentSize : 17 <-- 0.019335 s
currentSize : 18 <-- 0.025725 s
currentSize : 19 <-- 0.083008 s
currentSize : 20 <-- 0.301018 s
currentSize : 22 <-- 2.391309 s
currentSize : 23 <-- 2.455919 s
currentSize : 24 <-- 2.455972 s
currentSize : 25 <-- 2.456048 s

maxsize : 25
nodes : 152808.000000
filtered : 6569866.000000
time : 3.790249
