Parameters: GAD=1 vflib=1 dir=0 label=0 lowerbound=1 fileNameGp=../graphsdb/mcs90/bvg/b03m/mcs90_b03m_s25.A05 fileNameGt=../graphsdb/mcs90/bvg/b03m/mcs90_b03m_s25.B05
Reading graphs...
25 :  37
25 :  37
Initializing...
maxdom : 25
D->valSize : 625
Solving...
Blb : 2 (clique : 15)
currentSize : 15 <-- 0.005432 s
currentSize : 16 <-- 0.005657 s
currentSize : 17 <-- 0.006074 s
currentSize : 18 <-- 0.006679 s
currentSize : 19 <-- 0.119956 s
currentSize : 20 <-- 0.502426 s
currentSize : 21 <-- 1.055295 s
currentSize : 22 <-- 1.248247 s

maxsize : 22
nodes : 35586.000000
filtered : 1663230.000000
time : 1.301019
