Parameters: GAD=1 vflib=1 dir=0 label=0 lowerbound=1 fileNameGp=../graphsdb/mcs90/bvg/b03/mcs90_b03_s35.A28 fileNameGt=../graphsdb/mcs90/bvg/b03/mcs90_b03_s35.B28
Reading graphs...
35 :  52
35 :  52
Initializing...
maxdom : 35
D->valSize : 1225
Solving...
Blb : 2 (clique : 24)
currentSize : 24 <-- 0.037648 s
currentSize : 26 <-- 0.037996 s
currentSize : 27 <-- 0.038596 s
currentSize : 28 <-- 0.264568 s
currentSize : 29 <-- 1.632809 s
currentSize : 30 <-- 1.633121 s
currentSize : 31 <-- 4.663049 s
currentSize : 32 <-- 6.520457 s

maxsize : 32
nodes : 77028.000000
filtered : 5796789.000000
time : 7.338727
