Parameters: GAD=1 vflib=1 dir=0 label=0 lowerbound=1 fileNameGp=../graphsdb/mcs90/rand/r01/mcs90_r01_s25.A89 fileNameGt=../graphsdb/mcs90/rand/r01/mcs90_r01_s25.B89
Reading graphs...
25 :  57
25 :  56
Initializing...
maxdom : 25
D->valSize : 625
Solving...
Blb : 2 (clique : 11)
currentSize : 11 <-- 0.009006 s
currentSize : 12 <-- 0.009184 s
currentSize : 13 <-- 0.009404 s
currentSize : 14 <-- 0.010151 s
currentSize : 15 <-- 0.028403 s
currentSize : 16 <-- 0.123193 s
currentSize : 17 <-- 2.415296 s
currentSize : 18 <-- 2.754758 s
currentSize : 20 <-- 2.785879 s
currentSize : 22 <-- 2.785930 s

maxsize : 22
nodes : 294532.000000
filtered : 7215692.000000
time : 2.801125
