Parameters: GAD=1 vflib=1 dir=0 label=0 lowerbound=1 fileNameGp=../graphsdb/mcs90/bvg/b09m/mcs90_b09m_s20.A54 fileNameGt=../graphsdb/mcs90/bvg/b09m/mcs90_b09m_s20.B54
Reading graphs...
20 :  86
20 :  87
Initializing...
maxdom : 20
D->valSize : 400
Solving...
Blb : 2 (clique : 8)
currentSize : 8 <-- 0.002295 s
currentSize : 9 <-- 0.002367 s
currentSize : 10 <-- 0.002411 s
currentSize : 12 <-- 0.006067 s
currentSize : 13 <-- 0.008300 s
currentSize : 18 <-- 0.008625 s

maxsize : 18
nodes : 1815.000000
filtered : 31681.000000
time : 0.012782
