Parameters: GAD=1 vflib=1 dir=0 label=0 lowerbound=1 fileNameGp=../graphsdb/mcs90/m4D/m4Dr6/mcs90_m4Dr6_s20.A42 fileNameGt=../graphsdb/mcs90/m4D/m4Dr6/mcs90_m4Dr6_s20.B42
Reading graphs...
20 :  47
20 :  48
Initializing...
maxdom : 20
D->valSize : 400
Solving...
Blb : 2 (clique : 11)
currentSize : 11 <-- 0.002199 s
currentSize : 12 <-- 0.002933 s
currentSize : 13 <-- 0.005171 s
currentSize : 14 <-- 0.007393 s
currentSize : 15 <-- 0.022806 s
currentSize : 16 <-- 0.027783 s

maxsize : 16
nodes : 5630.000000
filtered : 215421.000000
time : 0.064294
