Parameters: GAD=1 vflib=1 dir=0 label=0 lowerbound=1 fileNameGp=../graphsdb/mcs90/m3D/m3Dr6/mcs90_m3Dr6_s30.A29 fileNameGt=../graphsdb/mcs90/m3D/m3Dr6/mcs90_m3Dr6_s30.B29
Reading graphs...
30 :  78
30 :  76
Initializing...
maxdom : 30
D->valSize : 900
Solving...
Blb : 2 (clique : 14)
currentSize : 14 <-- 0.018467 s
currentSize : 15 <-- 0.019067 s
currentSize : 16 <-- 0.022558 s
currentSize : 17 <-- 0.022655 s
currentSize : 18 <-- 0.122427 s
currentSize : 19 <-- 0.945077 s
currentSize : 20 <-- 0.945202 s
currentSize : 21 <-- 0.993007 s
currentSize : 23 <-- 2.823442 s
currentSize : 25 <-- 2.898242 s
currentSize : 27 <-- 2.898277 s

maxsize : 27
nodes : 342090.000000
filtered : 8839828.000000
time : 2.975132
