Parameters: GAD=1 vflib=1 dir=0 label=0 lowerbound=1 fileNameGp=../graphsdb/mcs90/m3D/m3Dr2/mcs90_m3Dr2_s30.A42 fileNameGt=../graphsdb/mcs90/m3D/m3Dr2/mcs90_m3Dr2_s30.B42
Reading graphs...
30 :  67
30 :  67
Initializing...
maxdom : 30
D->valSize : 900
Solving...
Blb : 2 (clique : 16)
currentSize : 16 <-- 0.010893 s
currentSize : 17 <-- 0.011125 s
currentSize : 18 <-- 0.014391 s
currentSize : 19 <-- 0.134649 s
currentSize : 20 <-- 0.427585 s
currentSize : 21 <-- 0.486745 s
currentSize : 22 <-- 0.493545 s
currentSize : 23 <-- 2.048079 s
currentSize : 27 <-- 3.024031 s

maxsize : 27
nodes : 213595.000000
filtered : 7828527.000000
time : 3.148462
