Parameters: GAD=1 vflib=1 dir=0 label=0 lowerbound=1 fileNameGp=../graphsdb/mcs90/bvg/b09m/mcs90_b09m_s35.A81 fileNameGt=../graphsdb/mcs90/bvg/b09m/mcs90_b09m_s35.B81
Reading graphs...
35 :  153
35 :  155
Initializing...
maxdom : 35
D->valSize : 1225
Solving...
Blb : 2 (clique : 14)
currentSize : 14 <-- 0.032081 s
currentSize : 15 <-- 0.036525 s
currentSize : 16 <-- 0.123754 s
currentSize : 17 <-- 20.733919 s
currentSize : 18 <-- 97.275139 s
currentSize : 19 <-- 144.057343 s
currentSize : 20 <-- 144.058624 s
currentSize : 22 <-- 160.195709 s
currentSize : 26 <-- 160.509216 s
currentSize : 30 <-- 160.528580 s

maxsize : 30
nodes : 22702078.000000
filtered : 540010385.000000
time : 161.097855
