Parameters: GAD=1 vflib=1 dir=0 label=0 lowerbound=1 fileNameGp=../graphsdb/mcs90/rand/r01/mcs90_r01_s30.A27 fileNameGt=../graphsdb/mcs90/rand/r01/mcs90_r01_s30.B27
Reading graphs...
30 :  82
30 :  83
Initializing...
maxdom : 30
D->valSize : 900
Solving...
Blb : 2 (clique : 14)
currentSize : 14 <-- 0.010431 s
currentSize : 15 <-- 0.010548 s
currentSize : 16 <-- 0.010680 s
currentSize : 17 <-- 0.010721 s
currentSize : 18 <-- 0.011033 s
currentSize : 19 <-- 0.012078 s
currentSize : 20 <-- 0.013091 s
currentSize : 21 <-- 0.013548 s
currentSize : 22 <-- 0.014062 s
currentSize : 27 <-- 0.016732 s

maxsize : 27
nodes : 1857.000000
filtered : 114249.000000
time : 0.096260
