Parameters: GAD=1 vflib=1 dir=0 label=0 lowerbound=1 fileNameGp=../graphsdb/mcs90/rand/r005/mcs90_r005_s25.A80 fileNameGt=../graphsdb/mcs90/rand/r005/mcs90_r005_s25.B80
Reading graphs...
25 :  29
25 :  29
Initializing...
maxdom : 25
D->valSize : 625
Solving...
Blb : 3 (clique : 17)
currentSize : 17 <-- 0.009915 s
currentSize : 18 <-- 0.010108 s
currentSize : 19 <-- 0.018337 s
currentSize : 20 <-- 0.022701 s
currentSize : 21 <-- 0.024549 s
currentSize : 22 <-- 0.029296 s

maxsize : 22
nodes : 3173.000000
filtered : 184529.000000
time : 0.248425
