Parameters: GAD=1 vflib=1 dir=0 label=0 lowerbound=1 fileNameGp=../graphsdb/mcs90/bvg/b09/mcs90_b09_s25.A55 fileNameGt=../graphsdb/mcs90/bvg/b09/mcs90_b09_s25.B55
Reading graphs...
25 :  112
25 :  112
Initializing...
maxdom : 25
D->valSize : 625
Solving...
Blb : 2 (clique : 11)
currentSize : 11 <-- 0.004671 s
currentSize : 13 <-- 0.004747 s
currentSize : 14 <-- 0.004775 s
currentSize : 15 <-- 0.004931 s
currentSize : 18 <-- 0.004976 s
currentSize : 22 <-- 0.007216 s

maxsize : 22
nodes : 3735.000000
filtered : 233771.000000
time : 0.074993
