Parameters: GAD=1 vflib=1 dir=0 label=0 lowerbound=1 fileNameGp=../graphsdb/mcs90/bvg/b09m/mcs90_b09m_s30.A53 fileNameGt=../graphsdb/mcs90/bvg/b09m/mcs90_b09m_s30.B53
Reading graphs...
30 :  128
30 :  127
Initializing...
maxdom : 30
D->valSize : 900
Solving...
Blb : 2 (clique : 12)
currentSize : 12 <-- 0.009808 s
currentSize : 13 <-- 0.010226 s
currentSize : 14 <-- 0.012500 s
currentSize : 15 <-- 1.316321 s
currentSize : 16 <-- 4.135717 s
currentSize : 18 <-- 4.360787 s
currentSize : 19 <-- 5.629891 s
currentSize : 21 <-- 5.629938 s
currentSize : 26 <-- 5.761664 s

maxsize : 26
nodes : 1147331.000000
filtered : 21427192.000000
time : 5.928500
