Parameters: GAD=1 vflib=1 dir=0 label=0 lowerbound=1 fileNameGp=../graphsdb/mcs90/rand/r005/mcs90_r005_s30.A63 fileNameGt=../graphsdb/mcs90/rand/r005/mcs90_r005_s30.B63
Reading graphs...
30 :  41
30 :  41
Initializing...
maxdom : 30
D->valSize : 900
Solving...
Blb : 2 (clique : 18)
currentSize : 18 <-- 0.020207 s
currentSize : 19 <-- 0.020426 s
currentSize : 20 <-- 0.020713 s
currentSize : 21 <-- 0.020880 s
currentSize : 22 <-- 0.085748 s
currentSize : 23 <-- 0.244815 s
currentSize : 24 <-- 1.204893 s
currentSize : 25 <-- 1.205222 s
currentSize : 27 <-- 1.206930 s

maxsize : 27
nodes : 36001.000000
filtered : 1536969.000000
time : 1.403047
