Parameters: GAD=1 vflib=1 dir=0 label=0 lowerbound=1 fileNameGp=../graphsdb/mcs90/bvg/b09/mcs90_b09_s30.A17 fileNameGt=../graphsdb/mcs90/bvg/b09/mcs90_b09_s30.B17
Reading graphs...
30 :  134
30 :  135
Initializing...
maxdom : 30
D->valSize : 900
Solving...
Blb : 3 (clique : 14)
currentSize : 14 <-- 0.016846 s
currentSize : 15 <-- 0.017702 s
currentSize : 16 <-- 0.018377 s
currentSize : 17 <-- 0.018538 s
currentSize : 19 <-- 0.024987 s
currentSize : 20 <-- 0.027541 s
currentSize : 22 <-- 0.027641 s
currentSize : 26 <-- 0.045831 s

maxsize : 26
nodes : 16819.000000
filtered : 1030391.000000
time : 0.277915
