Parameters: GAD=1 vflib=1 dir=0 label=0 lowerbound=1 fileNameGp=../graphsdb/mcs90/bvg/b09m/mcs90_b09m_s25.A78 fileNameGt=../graphsdb/mcs90/bvg/b09m/mcs90_b09m_s25.B78
Reading graphs...
25 :  107
25 :  107
Initializing...
maxdom : 25
D->valSize : 625
Solving...
Blb : 5 (clique : 11)
currentSize : 11 <-- 0.007937 s
currentSize : 12 <-- 0.024635 s
currentSize : 13 <-- 0.063113 s
currentSize : 14 <-- 1.702419 s
currentSize : 16 <-- 1.702455 s
currentSize : 18 <-- 1.707077 s
currentSize : 22 <-- 1.839034 s

maxsize : 22
nodes : 427174.000000
filtered : 5996759.000000
time : 1.861827
