Parameters: GAD=1 vflib=1 dir=0 label=0 lowerbound=1 fileNameGp=../graphsdb/mcs90/m2D/m2D/mcs90_m2D_s30.A93 fileNameGt=../graphsdb/mcs90/m2D/m2D/mcs90_m2D_s30.B93
Reading graphs...
30 :  49
30 :  49
Initializing...
maxdom : 30
D->valSize : 900
Solving...
Blb : 2 (clique : 17)
currentSize : 17 <-- 0.011159 s
currentSize : 18 <-- 0.012039 s
currentSize : 19 <-- 0.012784 s
currentSize : 20 <-- 0.014448 s
currentSize : 21 <-- 0.155191 s
currentSize : 22 <-- 0.287940 s
currentSize : 23 <-- 19.343840 s
currentSize : 25 <-- 20.415949 s

maxsize : 25
nodes : 623191.000000
filtered : 31401846.000000
time : 24.067223
