Parameters: GAD=1 vflib=1 dir=0 label=0 lowerbound=1 fileNameGp=../graphsdb/mcs90/m4D/m4Dr2/mcs90_m4Dr2_s20.A65 fileNameGt=../graphsdb/mcs90/m4D/m4Dr2/mcs90_m4Dr2_s20.B65
Reading graphs...
20 :  40
20 :  40
Initializing...
maxdom : 20
D->valSize : 400
Solving...
Blb : 2 (clique : 11)
currentSize : 11 <-- 0.002194 s
currentSize : 12 <-- 0.002279 s
currentSize : 13 <-- 0.002493 s
currentSize : 15 <-- 0.005516 s
currentSize : 16 <-- 0.005844 s

maxsize : 16
nodes : 5498.000000
filtered : 237019.000000
time : 0.080919
