Parameters: GAD=1 vflib=1 dir=0 label=0 lowerbound=1 fileNameGp=../graphsdb/mcs90/bvg/b03/mcs90_b03_s30.A38 fileNameGt=../graphsdb/mcs90/bvg/b03/mcs90_b03_s30.B38
Reading graphs...
30 :  45
30 :  45
Initializing...
maxdom : 30
D->valSize : 900
Solving...
Blb : 2 (clique : 19)
currentSize : 19 <-- 0.011657 s
currentSize : 20 <-- 0.011873 s
currentSize : 21 <-- 0.012020 s
currentSize : 22 <-- 0.013827 s
currentSize : 23 <-- 0.015943 s
currentSize : 24 <-- 0.032594 s
currentSize : 26 <-- 0.237235 s
currentSize : 27 <-- 0.350125 s

maxsize : 27
nodes : 10863.000000
filtered : 670293.000000
time : 0.668551
