Parameters: GAD=1 vflib=1 dir=0 label=0 lowerbound=1 fileNameGp=../graphsdb/mcs90/rand/r02/mcs90_r02_s35.A51 fileNameGt=../graphsdb/mcs90/rand/r02/mcs90_r02_s35.B51
Reading graphs...
35 :  213
35 :  217
Initializing...
maxdom : 35
D->valSize : 1225
Solving...
Blb : 2 (clique : 11)
currentSize : 11 <-- 0.017553 s
currentSize : 12 <-- 0.018192 s
currentSize : 13 <-- 0.023309 s
currentSize : 14 <-- 0.195400 s
currentSize : 15 <-- 4.953750 s
currentSize : 16 <-- 4.955471 s
currentSize : 17 <-- 109.535187 s
currentSize : 18 <-- 109.601883 s
currentSize : 20 <-- 147.434464 s
currentSize : 31 <-- 172.644897 s

maxsize : 31
nodes : 38246166.000000
filtered : 600469324.000000
time : 172.863388
