Parameters: GAD=1 vflib=1 dir=0 label=0 lowerbound=1 fileNameGp=../graphsdb/mcs90/rand/r005/mcs90_r005_s30.A26 fileNameGt=../graphsdb/mcs90/rand/r005/mcs90_r005_s30.B26
Reading graphs...
30 :  42
30 :  42
Initializing...
maxdom : 30
D->valSize : 900
Solving...
Blb : 2 (clique : 21)
currentSize : 21 <-- 0.011448 s
currentSize : 22 <-- 0.050282 s
currentSize : 23 <-- 0.098189 s
currentSize : 24 <-- 2.055312 s
currentSize : 25 <-- 3.965361 s
currentSize : 27 <-- 4.497845 s

maxsize : 27
nodes : 75090.000000
filtered : 3845557.000000
time : 4.870769
