Parameters: GAD=1 vflib=1 dir=0 label=0 lowerbound=1 fileNameGp=../graphsdb/mcs90/bvg/b03m/mcs90_b03m_s25.A72 fileNameGt=../graphsdb/mcs90/bvg/b03m/mcs90_b03m_s25.B72
Reading graphs...
25 :  37
25 :  36
Initializing...
maxdom : 25
D->valSize : 625
Solving...
Blb : 3 (clique : 17)
currentSize : 17 <-- 0.009717 s
currentSize : 18 <-- 0.086588 s
currentSize : 19 <-- 0.262465 s
currentSize : 20 <-- 0.411481 s
currentSize : 22 <-- 1.122430 s

maxsize : 22
nodes : 34537.000000
filtered : 1658121.000000
time : 1.204984
