Parameters: GAD=1 vflib=1 dir=0 label=0 lowerbound=1 fileNameGp=../graphsdb/mcs90/bvg/b06/mcs90_b06_s30.A47 fileNameGt=../graphsdb/mcs90/bvg/b06/mcs90_b06_s30.B47
Reading graphs...
30 :  90
30 :  89
Initializing...
maxdom : 30
D->valSize : 900
Solving...
Blb : 2 (clique : 18)
currentSize : 18 <-- 0.010468 s
currentSize : 20 <-- 0.010680 s
currentSize : 21 <-- 0.011078 s
currentSize : 22 <-- 0.012536 s
currentSize : 23 <-- 0.012654 s
currentSize : 25 <-- 0.012906 s
currentSize : 27 <-- 0.013700 s

maxsize : 27
nodes : 4096.000000
filtered : 299562.000000
time : 0.208826
