Parameters: GAD=1 vflib=1 dir=0 label=0 lowerbound=1 fileNameGp=../graphsdb/mcs90/rand/r02/mcs90_r02_s25.A69 fileNameGt=../graphsdb/mcs90/rand/r02/mcs90_r02_s25.B69
Reading graphs...
25 :  108
25 :  107
Initializing...
maxdom : 25
D->valSize : 625
Solving...
Blb : 2 (clique : 9)
currentSize : 9 <-- 0.007781 s
currentSize : 10 <-- 0.007891 s
currentSize : 11 <-- 0.008034 s
currentSize : 12 <-- 0.020211 s
currentSize : 13 <-- 0.029890 s
currentSize : 14 <-- 0.089827 s
currentSize : 15 <-- 0.089976 s
currentSize : 16 <-- 0.090161 s
currentSize : 22 <-- 0.105852 s

maxsize : 22
nodes : 19505.000000
filtered : 331665.000000
time : 0.144014
