Parameters: GAD=1 vflib=1 dir=0 label=0 lowerbound=1 fileNameGp=../graphsdb/mcs90/rand/r01/mcs90_r01_s35.A42 fileNameGt=../graphsdb/mcs90/rand/r01/mcs90_r01_s35.B42
Reading graphs...
35 :  114
35 :  113
Initializing...
maxdom : 35
D->valSize : 1225
Solving...
Blb : 2 (clique : 15)
currentSize : 15 <-- 0.019104 s
currentSize : 16 <-- 0.019261 s
currentSize : 17 <-- 0.023079 s
currentSize : 18 <-- 0.075253 s
currentSize : 19 <-- 1.118298 s
currentSize : 20 <-- 6.253540 s
currentSize : 21 <-- 6.277420 s
currentSize : 22 <-- 7.259452 s
currentSize : 23 <-- 11.576206 s
currentSize : 24 <-- 24.351755 s
currentSize : 25 <-- 30.215401 s
currentSize : 26 <-- 31.027111 s
currentSize : 31 <-- 31.683056 s

maxsize : 31
nodes : 2668639.000000
filtered : 105885117.000000
time : 31.854084
