Parameters: GAD=1 vflib=1 dir=0 label=0 lowerbound=1 fileNameGp=../graphsdb/mcs90/m4D/m4Dr4/mcs90_m4Dr4_s20.A50 fileNameGt=../graphsdb/mcs90/m4D/m4Dr4/mcs90_m4Dr4_s20.B50
Reading graphs...
20 :  45
20 :  45
Initializing...
maxdom : 20
D->valSize : 400
Solving...
Blb : 2 (clique : 10)
currentSize : 10 <-- 0.002371 s
currentSize : 11 <-- 0.002471 s
currentSize : 12 <-- 0.002561 s
currentSize : 13 <-- 0.002648 s
currentSize : 14 <-- 0.003803 s
currentSize : 16 <-- 0.019298 s

maxsize : 16
nodes : 4350.000000
filtered : 133116.000000
time : 0.047070
