Parameters: GAD=1 vflib=1 dir=0 label=0 lowerbound=1 fileNameGp=../graphsdb/mcs90/bvg/b03m/mcs90_b03m_s35.A16 fileNameGt=../graphsdb/mcs90/bvg/b03m/mcs90_b03m_s35.B16
Reading graphs...
35 :  51
35 :  51
Initializing...
maxdom : 35
D->valSize : 1225
Solving...
Blb : 2 (clique : 22)
currentSize : 22 <-- 0.021604 s
currentSize : 23 <-- 0.037272 s
currentSize : 24 <-- 0.053017 s
currentSize : 25 <-- 0.141101 s
currentSize : 26 <-- 0.355620 s
currentSize : 27 <-- 9.061860 s
currentSize : 28 <-- 558.247681 s
currentSize : 31 <-- 558.248657 s

maxsize : 31
nodes : 5797707.000000
filtered : 437324664.000000
time : 559.587524
