Parameters: GAD=1 vflib=1 dir=0 label=0 lowerbound=1 fileNameGp=../graphsdb/mcs90/m2D/m2Dr2/mcs90_m2Dr2_s20.A03 fileNameGt=../graphsdb/mcs90/m2D/m2Dr2/mcs90_m2Dr2_s20.B03
Reading graphs...
20 :  35
20 :  35
Initializing...
maxdom : 20
D->valSize : 400
Solving...
Blb : 2 (clique : 12)
currentSize : 12 <-- 0.002597 s
currentSize : 13 <-- 0.005902 s
currentSize : 14 <-- 0.008486 s
currentSize : 15 <-- 0.026939 s
currentSize : 16 <-- 0.056274 s

maxsize : 16
nodes : 11137.000000
filtered : 300191.000000
time : 0.108424
