Parameters: GAD=1 vflib=1 dir=0 label=0 lowerbound=1 fileNameGp=../graphsdb/mcs90/bvg/b03m/mcs90_b03m_s35.A41 fileNameGt=../graphsdb/mcs90/bvg/b03m/mcs90_b03m_s35.B41
Reading graphs...
35 :  52
35 :  52
Initializing...
maxdom : 35
D->valSize : 1225
Solving...
Blb : 2 (clique : 22)
currentSize : 22 <-- 0.021470 s
currentSize : 23 <-- 0.021973 s
currentSize : 24 <-- 0.026081 s
currentSize : 25 <-- 0.307038 s
currentSize : 26 <-- 2.047437 s
currentSize : 27 <-- 1358.543457 s
currentSize : 28 <-- 1870.933960 s
currentSize : 29 <-- 1965.659546 s
currentSize : 30 <-- 1965.670776 s

maxsize : 30
nodes : 31849464.000000
filtered : 2267026163.000000
time : 1972.840820
