Parameters: GAD=1 vflib=1 dir=0 label=0 lowerbound=1 fileNameGp=../graphsdb/mcs90/rand/r01/mcs90_r01_s35.A75 fileNameGt=../graphsdb/mcs90/rand/r01/mcs90_r01_s35.B75
Reading graphs...
35 :  113
35 :  111
Initializing...
maxdom : 35
D->valSize : 1225
Solving...
Blb : 5 (clique : 17)
currentSize : 17 <-- 0.019411 s
currentSize : 18 <-- 0.037981 s
currentSize : 19 <-- 0.164168 s
currentSize : 20 <-- 0.191760 s
currentSize : 21 <-- 5.325684 s
currentSize : 22 <-- 7.634903 s
currentSize : 31 <-- 8.484503 s

maxsize : 31
nodes : 1012561.000000
filtered : 26217398.000000
time : 8.678691
