Parameters: GAD=1 vflib=1 dir=0 label=0 lowerbound=1 fileNameGp=../graphsdb/mcs90/m2D/m2Dr2/mcs90_m2Dr2_s30.A55 fileNameGt=../graphsdb/mcs90/m2D/m2Dr2/mcs90_m2Dr2_s30.B55
Reading graphs...
30 :  55
30 :  54
Initializing...
maxdom : 30
D->valSize : 900
Solving...
Blb : 5 (clique : 18)
currentSize : 18 <-- 0.011172 s
currentSize : 19 <-- 0.044679 s
currentSize : 20 <-- 0.056684 s
currentSize : 21 <-- 1.389378 s
currentSize : 22 <-- 1.422281 s
currentSize : 23 <-- 1.685949 s
currentSize : 25 <-- 3.106836 s

maxsize : 25
nodes : 214763.000000
filtered : 7987864.000000
time : 4.306292
