Parameters: GAD=1 vflib=1 dir=0 label=0 lowerbound=1 fileNameGp=../graphsdb/mcs90/rand/r005/mcs90_r005_s30.A29 fileNameGt=../graphsdb/mcs90/rand/r005/mcs90_r005_s30.B29
Reading graphs...
30 :  42
30 :  42
Initializing...
maxdom : 30
D->valSize : 900
Solving...
Blb : 2 (clique : 21)
currentSize : 21 <-- 0.020095 s
currentSize : 22 <-- 5.568946 s
currentSize : 23 <-- 9.886358 s
currentSize : 24 <-- 59.700527 s
currentSize : 25 <-- 59.709003 s
currentSize : 26 <-- 59.881004 s
currentSize : 27 <-- 59.885174 s

maxsize : 27
nodes : 2482332.000000
filtered : 122787723.000000
time : 60.199490
