Parameters: GAD=1 vflib=1 dir=0 label=0 lowerbound=1 fileNameGp=../graphsdb/mcs90/rand/r01/mcs90_r01_s20.A94 fileNameGt=../graphsdb/mcs90/rand/r01/mcs90_r01_s20.B94
Reading graphs...
20 :  34
20 :  34
Initializing...
maxdom : 20
D->valSize : 400
Solving...
Blb : 2 (clique : 11)
currentSize : 11 <-- 0.002324 s
currentSize : 12 <-- 0.002389 s
currentSize : 13 <-- 0.002418 s
currentSize : 14 <-- 0.002684 s
currentSize : 15 <-- 0.003118 s
currentSize : 18 <-- 0.108714 s

maxsize : 18
nodes : 9132.000000
filtered : 312328.000000
time : 0.112286
