Parameters: GAD=1 vflib=1 dir=0 label=0 lowerbound=1 fileNameGp=../graphsdb/mcs90/rand/r01/mcs90_r01_s30.A35 fileNameGt=../graphsdb/mcs90/rand/r01/mcs90_r01_s30.B35
Reading graphs...
30 :  81
30 :  82
Initializing...
maxdom : 30
D->valSize : 900
Solving...
Blb : 5 (clique : 17)
currentSize : 17 <-- 0.010511 s
currentSize : 18 <-- 0.054157 s
currentSize : 19 <-- 0.286223 s
currentSize : 21 <-- 0.305383 s
currentSize : 22 <-- 1.138793 s
currentSize : 23 <-- 1.689885 s
currentSize : 25 <-- 1.691050 s
currentSize : 27 <-- 1.711420 s

maxsize : 27
nodes : 92215.000000
filtered : 5212602.000000
time : 1.729574
