Parameters: GAD=1 vflib=1 dir=0 label=0 lowerbound=1 fileNameGp=../graphsdb/mcs90/bvg/b09m/mcs90_b09m_s35.A61 fileNameGt=../graphsdb/mcs90/bvg/b09m/mcs90_b09m_s35.B61
Reading graphs...
35 :  152
35 :  153
Initializing...
maxdom : 35
D->valSize : 1225
Solving...
Blb : 2 (clique : 12)
currentSize : 12 <-- 0.018327 s
currentSize : 13 <-- 0.018460 s
currentSize : 14 <-- 0.018505 s
currentSize : 15 <-- 0.021261 s
currentSize : 16 <-- 0.033586 s
currentSize : 17 <-- 1.318741 s
currentSize : 18 <-- 45.982792 s
currentSize : 19 <-- 47.034092 s
currentSize : 20 <-- 47.364590 s
currentSize : 21 <-- 49.152531 s
currentSize : 23 <-- 51.461529 s
currentSize : 24 <-- 65.813026 s
currentSize : 30 <-- 76.791862 s

maxsize : 30
nodes : 10236345.000000
filtered : 291634339.000000
time : 77.209641
