Parameters: GAD=1 vflib=1 dir=0 label=0 lowerbound=1 fileNameGp=../graphsdb/mcs90/bvg/b06m/mcs90_b06m_s15.A64 fileNameGt=../graphsdb/mcs90/bvg/b06m/mcs90_b06m_s15.B64
Reading graphs...
15 :  42
15 :  41
Initializing...
maxdom : 15
D->valSize : 225
Solving...
Blb : 2 (clique : 8)
currentSize : 8 <-- 0.000999 s
currentSize : 9 <-- 0.001232 s
currentSize : 10 <-- 0.001501 s
currentSize : 12 <-- 0.001826 s
currentSize : 13 <-- 0.001978 s

maxsize : 13
nodes : 562.000000
filtered : 11357.000000
time : 0.004641
