Parameters: GAD=1 vflib=1 dir=0 label=0 lowerbound=1 fileNameGp=../graphsdb/mcs90/bvg/b06/mcs90_b06_s35.A94 fileNameGt=../graphsdb/mcs90/bvg/b06/mcs90_b06_s35.B94
Reading graphs...
35 :  105
35 :  105
Initializing...
maxdom : 35
D->valSize : 1225
Solving...
Blb : 2 (clique : 17)
currentSize : 17 <-- 0.033509 s
currentSize : 18 <-- 0.033764 s
currentSize : 19 <-- 0.033814 s
currentSize : 20 <-- 0.058351 s
currentSize : 21 <-- 0.058436 s
currentSize : 22 <-- 0.066530 s
currentSize : 23 <-- 0.454657 s
currentSize : 24 <-- 0.455313 s
currentSize : 25 <-- 0.465366 s
currentSize : 26 <-- 0.481930 s
currentSize : 27 <-- 0.484004 s
currentSize : 30 <-- 0.553966 s
currentSize : 31 <-- 0.555533 s
currentSize : 32 <-- 0.597935 s

maxsize : 32
nodes : 34213.000000
filtered : 1630424.000000
time : 0.956948
