Parameters: GAD=1 vflib=1 dir=0 label=0 lowerbound=1 fileNameGp=../graphsdb/mcs90/m2D/m2Dr6/mcs90_m2Dr6_s20.A95 fileNameGt=../graphsdb/mcs90/m2D/m2Dr6/mcs90_m2Dr6_s20.B95
Reading graphs...
20 :  43
20 :  40
Initializing...
maxdom : 20
D->valSize : 400
Solving...
Blb : 2 (clique : 10)
currentSize : 10 <-- 0.002207 s
currentSize : 11 <-- 0.002278 s
currentSize : 12 <-- 0.002414 s
currentSize : 13 <-- 0.003273 s
currentSize : 14 <-- 0.194492 s
currentSize : 15 <-- 0.215034 s
currentSize : 17 <-- 0.215335 s

maxsize : 17
nodes : 26030.000000
filtered : 599075.000000
time : 0.229424
