Parameters: GAD=1 vflib=1 dir=0 label=0 lowerbound=1 fileNameGp=../graphsdb/mcs90/bvg/b09m/mcs90_b09m_s20.A75 fileNameGt=../graphsdb/mcs90/bvg/b09m/mcs90_b09m_s20.B75
Reading graphs...
20 :  81
20 :  82
Initializing...
maxdom : 20
D->valSize : 400
Solving...
Blb : 2 (clique : 10)
currentSize : 10 <-- 0.002027 s
currentSize : 11 <-- 0.006288 s
currentSize : 12 <-- 0.013093 s
currentSize : 14 <-- 0.027995 s
currentSize : 18 <-- 0.048265 s

maxsize : 18
nodes : 13095.000000
filtered : 200934.000000
time : 0.052801
