Parameters: GAD=1 vflib=1 dir=0 label=0 lowerbound=1 fileNameGp=../graphsdb/mcs90/bvg/b06m/mcs90_b06m_s35.A14 fileNameGt=../graphsdb/mcs90/bvg/b06m/mcs90_b06m_s35.B14
Reading graphs...
35 :  105
35 :  105
Initializing...
maxdom : 35
D->valSize : 1225
Solving...
Blb : 2 (clique : 16)
currentSize : 16 <-- 0.024526 s
currentSize : 17 <-- 0.024695 s
currentSize : 18 <-- 0.043240 s
currentSize : 19 <-- 0.061890 s
currentSize : 20 <-- 3.523363 s
currentSize : 21 <-- 5.817746 s
currentSize : 22 <-- 7.127452 s
currentSize : 23 <-- 16.647243 s
currentSize : 24 <-- 22.012320 s
currentSize : 25 <-- 23.374994 s
currentSize : 26 <-- 24.045197 s
currentSize : 31 <-- 24.046768 s

maxsize : 31
nodes : 1780836.000000
filtered : 75617462.000000
time : 24.336920
