Parameters: GAD=1 vflib=1 dir=0 label=0 lowerbound=1 fileNameGp=../graphsdb/mcs90/m3D/m3Dr6/mcs90_m3Dr6_s30.A83 fileNameGt=../graphsdb/mcs90/m3D/m3Dr6/mcs90_m3Dr6_s30.B83
Reading graphs...
30 :  76
30 :  74
Initializing...
maxdom : 30
D->valSize : 900
Solving...
Blb : 2 (clique : 16)
currentSize : 16 <-- 0.010582 s
currentSize : 17 <-- 0.010706 s
currentSize : 18 <-- 0.269527 s
currentSize : 19 <-- 2.571906 s
currentSize : 21 <-- 3.959801 s
currentSize : 22 <-- 20.293180 s
currentSize : 23 <-- 21.360760 s
currentSize : 25 <-- 21.361679 s
currentSize : 27 <-- 21.361744 s

maxsize : 27
nodes : 1306370.000000
filtered : 53498591.000000
time : 21.426332
