Parameters: GAD=1 vflib=1 dir=0 label=0 lowerbound=1 fileNameGp=../graphsdb/mcs90/bvg/b06/mcs90_b06_s30.A75 fileNameGt=../graphsdb/mcs90/bvg/b06/mcs90_b06_s30.B75
Reading graphs...
30 :  90
30 :  90
Initializing...
maxdom : 30
D->valSize : 900
Solving...
Blb : 2 (clique : 17)
currentSize : 17 <-- 0.015532 s
currentSize : 18 <-- 0.021096 s
currentSize : 19 <-- 0.029489 s
currentSize : 20 <-- 0.243851 s
currentSize : 21 <-- 0.243972 s
currentSize : 22 <-- 0.262117 s
currentSize : 23 <-- 0.280703 s
currentSize : 24 <-- 0.280849 s
currentSize : 25 <-- 0.280887 s
currentSize : 27 <-- 0.281174 s

maxsize : 27
nodes : 56721.000000
filtered : 1112454.000000
time : 0.467062
