Parameters: GAD=1 vflib=1 dir=0 label=0 lowerbound=1 fileNameGp=../graphsdb/mcs90/bvg/b09/mcs90_b09_s30.A62 fileNameGt=../graphsdb/mcs90/bvg/b09/mcs90_b09_s30.B62
Reading graphs...
30 :  134
30 :  134
Initializing...
maxdom : 30
D->valSize : 900
Solving...
Blb : 2 (clique : 14)
currentSize : 14 <-- 0.014936 s
currentSize : 15 <-- 0.020239 s
currentSize : 16 <-- 0.022218 s
currentSize : 17 <-- 0.022299 s
currentSize : 18 <-- 0.026927 s
currentSize : 19 <-- 0.056745 s
currentSize : 20 <-- 0.056822 s
currentSize : 22 <-- 0.066704 s
currentSize : 26 <-- 0.071697 s

maxsize : 26
nodes : 20963.000000
filtered : 1044357.000000
time : 0.266992
