Parameters: GAD=1 vflib=1 dir=0 label=0 lowerbound=1 fileNameGp=../graphsdb/mcs90/bvg/b09m/mcs90_b09m_s35.A49 fileNameGt=../graphsdb/mcs90/bvg/b09m/mcs90_b09m_s35.B49
Reading graphs...
35 :  152
35 :  152
Initializing...
maxdom : 35
D->valSize : 1225
Solving...
Blb : 2 (clique : 14)
currentSize : 14 <-- 0.031243 s
currentSize : 15 <-- 0.041407 s
currentSize : 16 <-- 0.210740 s
currentSize : 18 <-- 0.984203 s
currentSize : 19 <-- 0.984255 s
currentSize : 23 <-- 1.042517 s
currentSize : 25 <-- 1.047567 s
currentSize : 27 <-- 1.955479 s
currentSize : 30 <-- 4.058710 s

maxsize : 30
nodes : 392023.000000
filtered : 17456996.000000
time : 4.415174
