Parameters: GAD=1 vflib=1 dir=0 label=0 lowerbound=1 fileNameGp=../graphsdb/mcs90/bvg/b03m/mcs90_b03m_s35.A23 fileNameGt=../graphsdb/mcs90/bvg/b03m/mcs90_b03m_s35.B23
Reading graphs...
35 :  52
35 :  52
Initializing...
maxdom : 35
D->valSize : 1225
Solving...
Blb : 2 (clique : 21)
currentSize : 21 <-- 0.037311 s
currentSize : 22 <-- 0.037651 s
currentSize : 23 <-- 0.038272 s
currentSize : 24 <-- 0.040378 s
currentSize : 25 <-- 0.075582 s
currentSize : 26 <-- 0.376390 s
currentSize : 27 <-- 8.065709 s
currentSize : 28 <-- 27.570808 s
currentSize : 29 <-- 81.826515 s
currentSize : 30 <-- 81.866890 s

maxsize : 30
nodes : 1084739.000000
filtered : 73391570.000000
time : 87.855972
