Parameters: GAD=1 vflib=1 dir=0 label=0 lowerbound=1 fileNameGp=../graphsdb/mcs90/rand/r02/mcs90_r02_s35.A03 fileNameGt=../graphsdb/mcs90/rand/r02/mcs90_r02_s35.B03
Reading graphs...
35 :  216
35 :  216
Initializing...
maxdom : 35
D->valSize : 1225
Solving...
Blb : 5 (clique : 12)
currentSize : 12 <-- 0.029635 s
currentSize : 13 <-- 0.034570 s
currentSize : 14 <-- 0.088407 s
currentSize : 15 <-- 0.134957 s
currentSize : 16 <-- 0.182863 s
currentSize : 18 <-- 0.183047 s
currentSize : 19 <-- 0.354633 s
currentSize : 21 <-- 0.354903 s
currentSize : 31 <-- 0.355230 s

maxsize : 31
nodes : 84610.000000
filtered : 1867115.000000
time : 0.571527
