Parameters: GAD=1 vflib=1 dir=0 label=0 lowerbound=1 fileNameGp=../graphsdb/mcs90/bvg/b09m/mcs90_b09m_s35.A02 fileNameGt=../graphsdb/mcs90/bvg/b09m/mcs90_b09m_s35.B02
Reading graphs...
35 :  149
35 :  151
Initializing...
maxdom : 35
D->valSize : 1225
Solving...
Blb : 5 (clique : 14)
currentSize : 14 <-- 0.018468 s
currentSize : 15 <-- 0.019528 s
currentSize : 16 <-- 0.110744 s
currentSize : 17 <-- 4.891075 s
currentSize : 19 <-- 10.506357 s
currentSize : 22 <-- 54.742992 s
currentSize : 23 <-- 89.994926 s
currentSize : 30 <-- 89.998299 s

maxsize : 30
nodes : 12018215.000000
filtered : 361497629.000000
time : 90.505173
