Parameters: GAD=1 vflib=1 dir=0 label=0 lowerbound=1 fileNameGp=../graphsdb/mcs90/bvg/b03m/mcs90_b03m_s25.A49 fileNameGt=../graphsdb/mcs90/bvg/b03m/mcs90_b03m_s25.B49
Reading graphs...
25 :  37
25 :  37
Initializing...
maxdom : 25
D->valSize : 625
Solving...
Blb : 5 (clique : 17)
currentSize : 17 <-- 0.005531 s
currentSize : 18 <-- 0.006496 s
currentSize : 19 <-- 0.031424 s
currentSize : 20 <-- 0.039441 s
currentSize : 21 <-- 0.148846 s
currentSize : 22 <-- 0.224550 s

maxsize : 22
nodes : 7180.000000
filtered : 372796.000000
time : 0.317436
