Parameters: GAD=1 vflib=1 dir=0 label=0 lowerbound=1 fileNameGp=../graphsdb/mcs90/m3D/m3Dr6/mcs90_m3Dr6_s30.A80 fileNameGt=../graphsdb/mcs90/m3D/m3Dr6/mcs90_m3Dr6_s30.B80
Reading graphs...
30 :  79
30 :  77
Initializing...
maxdom : 30
D->valSize : 900
Solving...
Blb : 2 (clique : 16)
currentSize : 16 <-- 0.018551 s
currentSize : 17 <-- 0.596178 s
currentSize : 18 <-- 3.438852 s
currentSize : 19 <-- 3.785616 s
currentSize : 21 <-- 9.294618 s
currentSize : 25 <-- 9.627094 s
currentSize : 27 <-- 9.629415 s

maxsize : 27
nodes : 1258588.000000
filtered : 27284723.000000
time : 9.692315
