Parameters: GAD=1 vflib=1 dir=0 label=0 lowerbound=1 fileNameGp=../graphsdb/mcs90/bvg/b09m/mcs90_b09m_s30.A59 fileNameGt=../graphsdb/mcs90/bvg/b09m/mcs90_b09m_s30.B59
Reading graphs...
30 :  131
30 :  131
Initializing...
maxdom : 30
D->valSize : 900
Solving...
Blb : 2 (clique : 11)
currentSize : 11 <-- 0.009699 s
currentSize : 12 <-- 0.009971 s
currentSize : 13 <-- 0.016764 s
currentSize : 14 <-- 0.018036 s
currentSize : 15 <-- 0.573610 s
currentSize : 16 <-- 0.580610 s
currentSize : 17 <-- 0.696166 s
currentSize : 19 <-- 0.696288 s
currentSize : 21 <-- 0.711218 s
currentSize : 22 <-- 0.799041 s
currentSize : 26 <-- 0.799119 s

maxsize : 26
nodes : 168015.000000
filtered : 3422224.000000
time : 0.904518
