Parameters: GAD=1 vflib=1 dir=0 label=0 lowerbound=1 fileNameGp=../graphsdb/mcs90/bvg/b09m/mcs90_b09m_s25.A79 fileNameGt=../graphsdb/mcs90/bvg/b09m/mcs90_b09m_s25.B79
Reading graphs...
25 :  104
25 :  103
Initializing...
maxdom : 25
D->valSize : 625
Solving...
Blb : 2 (clique : 9)
currentSize : 9 <-- 0.004640 s
currentSize : 10 <-- 0.004719 s
currentSize : 11 <-- 0.004866 s
currentSize : 12 <-- 0.010330 s
currentSize : 13 <-- 0.065175 s
currentSize : 22 <-- 0.789643 s

maxsize : 22
nodes : 188766.000000
filtered : 2789921.000000
time : 0.819583
