Parameters: GAD=1 vflib=1 dir=0 label=0 lowerbound=1 fileNameGp=../graphsdb/mcs90/bvg/b09m/mcs90_b09m_s20.A44 fileNameGt=../graphsdb/mcs90/bvg/b09m/mcs90_b09m_s20.B44
Reading graphs...
20 :  88
20 :  88
Initializing...
maxdom : 20
D->valSize : 400
Solving...
Blb : 2 (clique : 10)
currentSize : 10 <-- 0.002025 s
currentSize : 11 <-- 0.015234 s
currentSize : 12 <-- 0.017024 s
currentSize : 13 <-- 0.017057 s
currentSize : 16 <-- 0.042369 s
currentSize : 18 <-- 0.042412 s

maxsize : 18
nodes : 12240.000000
filtered : 165863.000000
time : 0.047335
