Parameters: GAD=1 vflib=1 dir=0 label=0 lowerbound=1 fileNameGp=../graphsdb/mcs90/m4D/m4Dr4/mcs90_m4Dr4_s20.A91 fileNameGt=../graphsdb/mcs90/m4D/m4Dr4/mcs90_m4Dr4_s20.B91
Reading graphs...
20 :  45
20 :  43
Initializing...
maxdom : 20
D->valSize : 400
Solving...
Blb : 3 (clique : 11)
currentSize : 11 <-- 0.002234 s
currentSize : 12 <-- 0.010474 s
currentSize : 13 <-- 0.202826 s
currentSize : 14 <-- 0.210034 s
currentSize : 15 <-- 0.229606 s
currentSize : 16 <-- 0.237248 s

maxsize : 16
nodes : 47300.000000
filtered : 881270.000000
time : 0.277644
