Parameters: GAD=1 vflib=1 dir=0 label=0 lowerbound=1 fileNameGp=../graphsdb/mcs90/bvg/b03m/mcs90_b03m_s20.A04 fileNameGt=../graphsdb/mcs90/bvg/b03m/mcs90_b03m_s20.B04
Reading graphs...
20 :  28
20 :  28
Initializing...
maxdom : 20
D->valSize : 400
Solving...
Blb : 2 (clique : 13)
currentSize : 13 <-- 0.002369 s
currentSize : 14 <-- 0.002517 s
currentSize : 15 <-- 0.004815 s
currentSize : 16 <-- 0.229626 s
currentSize : 18 <-- 0.234160 s

maxsize : 18
nodes : 11653.000000
filtered : 337784.000000
time : 0.243546
