Parameters: GAD=1 vflib=1 dir=0 label=0 lowerbound=1 fileNameGp=../graphsdb/mcs90/m2D/m2Dr4/mcs90_m2Dr4_s30.A64 fileNameGt=../graphsdb/mcs90/m2D/m2Dr4/mcs90_m2Dr4_s30.B64
Reading graphs...
30 :  58
30 :  59
Initializing...
maxdom : 30
D->valSize : 900
Solving...
Blb : 2 (clique : 16)
currentSize : 16 <-- 0.015490 s
currentSize : 17 <-- 0.015625 s
currentSize : 18 <-- 0.015673 s
currentSize : 20 <-- 0.015759 s
currentSize : 21 <-- 0.018063 s
currentSize : 23 <-- 1.975619 s
currentSize : 25 <-- 2.032836 s

maxsize : 25
nodes : 169012.000000
filtered : 5984405.000000
time : 3.032159
