Parameters: GAD=1 vflib=1 dir=0 label=0 lowerbound=1 fileNameGp=../graphsdb/mcs90/bvg/b03/mcs90_b03_s35.A47 fileNameGt=../graphsdb/mcs90/bvg/b03/mcs90_b03_s35.B47
Reading graphs...
35 :  52
35 :  52
Initializing...
maxdom : 35
D->valSize : 1225
Solving...
Blb : 2 (clique : 28)
currentSize : 28 <-- 0.021729 s
currentSize : 29 <-- 7.317893 s
currentSize : 30 <-- 7.318010 s
currentSize : 31 <-- 8.497930 s
currentSize : 32 <-- 9.632438 s

maxsize : 32
nodes : 86280.000000
filtered : 6856895.000000
time : 10.242141
