Parameters: GAD=1 vflib=1 dir=0 label=0 lowerbound=1 fileNameGp=../graphsdb/mcs90/bvg/b03/mcs90_b03_s30.A95 fileNameGt=../graphsdb/mcs90/bvg/b03/mcs90_b03_s30.B95
Reading graphs...
30 :  45
30 :  45
Initializing...
maxdom : 30
D->valSize : 900
Solving...
Blb : 2 (clique : 22)
currentSize : 22 <-- 0.011675 s
currentSize : 24 <-- 0.162579 s
currentSize : 25 <-- 0.588893 s
currentSize : 26 <-- 0.588907 s
currentSize : 27 <-- 0.609024 s
currentSize : 28 <-- 0.773794 s

maxsize : 28
nodes : 24150.000000
filtered : 871124.000000
time : 0.844403
