Parameters: GAD=1 vflib=1 dir=0 label=0 lowerbound=1 fileNameGp=../graphsdb/mcs90/rand/r02/mcs90_r02_s35.A70 fileNameGt=../graphsdb/mcs90/rand/r02/mcs90_r02_s35.B70
Reading graphs...
35 :  221
35 :  220
Initializing...
maxdom : 35
D->valSize : 1225
Solving...
Blb : 5 (clique : 11)
currentSize : 11 <-- 0.018183 s
currentSize : 12 <-- 0.018617 s
currentSize : 13 <-- 0.032103 s
currentSize : 14 <-- 0.057847 s
currentSize : 15 <-- 12.240550 s
currentSize : 18 <-- 73.228493 s
currentSize : 22 <-- 98.707603 s
currentSize : 31 <-- 131.774872 s

maxsize : 31
nodes : 28139379.000000
filtered : 475061628.000000
time : 131.934784
