Parameters: GAD=1 vflib=1 dir=0 label=0 lowerbound=1 fileNameGp=../graphsdb/mcs90/m2D/m2Dr4/mcs90_m2Dr4_s30.A22 fileNameGt=../graphsdb/mcs90/m2D/m2Dr4/mcs90_m2Dr4_s30.B22
Reading graphs...
30 :  58
30 :  56
Initializing...
maxdom : 30
D->valSize : 900
Solving...
Blb : 2 (clique : 17)
currentSize : 17 <-- 0.015749 s
currentSize : 20 <-- 0.015883 s
currentSize : 21 <-- 0.053423 s
currentSize : 22 <-- 0.162774 s
currentSize : 25 <-- 0.259304 s

maxsize : 25
nodes : 46486.000000
filtered : 2628709.000000
time : 2.062703
