Parameters: GAD=1 vflib=1 dir=0 label=0 lowerbound=1 fileNameGp=../graphsdb/mcs90/bvg/b03/mcs90_b03_s35.A73 fileNameGt=../graphsdb/mcs90/bvg/b03/mcs90_b03_s35.B73
Reading graphs...
35 :  52
35 :  52
Initializing...
maxdom : 35
D->valSize : 1225
Solving...
Blb : 2 (clique : 28)
currentSize : 28 <-- 0.022416 s
currentSize : 29 <-- 2.035247 s
currentSize : 30 <-- 2.507576 s
currentSize : 31 <-- 3.020428 s
currentSize : 32 <-- 5.664675 s

maxsize : 32
nodes : 83016.000000
filtered : 5536370.000000
time : 6.180812
