Parameters: GAD=1 vflib=1 dir=0 label=0 lowerbound=1 fileNameGp=../graphsdb/mcs90/bvg/b09m/mcs90_b09m_s35.A70 fileNameGt=../graphsdb/mcs90/bvg/b09m/mcs90_b09m_s35.B70
Reading graphs...
35 :  152
35 :  152
Initializing...
maxdom : 35
D->valSize : 1225
Solving...
Blb : 5 (clique : 15)
currentSize : 15 <-- 0.018416 s
currentSize : 16 <-- 0.128133 s
currentSize : 17 <-- 2.539181 s
currentSize : 18 <-- 4.875160 s
currentSize : 30 <-- 126.051949 s

maxsize : 30
nodes : 16665275.000000
filtered : 435252955.000000
time : 126.644676
