Parameters: GAD=1 vflib=1 dir=0 label=0 lowerbound=1 fileNameGp=../graphsdb/mcs90/m2D/m2Dr2/mcs90_m2Dr2_s30.A37 fileNameGt=../graphsdb/mcs90/m2D/m2Dr2/mcs90_m2Dr2_s30.B37
Reading graphs...
30 :  55
30 :  55
Initializing...
maxdom : 30
D->valSize : 900
Solving...
Blb : 2 (clique : 16)
currentSize : 16 <-- 0.011041 s
currentSize : 19 <-- 0.011168 s
currentSize : 20 <-- 0.024136 s
currentSize : 21 <-- 0.024662 s
currentSize : 22 <-- 4.793143 s
currentSize : 23 <-- 27.167580 s
currentSize : 25 <-- 27.167616 s

maxsize : 25
nodes : 754978.000000
filtered : 37908203.000000
time : 29.293009
