Parameters: GAD=1 vflib=1 dir=0 label=0 lowerbound=1 fileNameGp=../graphsdb/mcs90/rand/r005/mcs90_r005_s20.A55 fileNameGt=../graphsdb/mcs90/rand/r005/mcs90_r005_s20.B55
Reading graphs...
20 :  21
20 :  21
Initializing...
maxdom : 20
D->valSize : 400
Solving...
Blb : 2 (clique : 13)
currentSize : 13 <-- 0.002684 s
currentSize : 14 <-- 0.002754 s
currentSize : 16 <-- 0.003007 s
currentSize : 17 <-- 0.005937 s
currentSize : 18 <-- 0.066579 s

maxsize : 18
nodes : 2856.000000
filtered : 126111.000000
time : 0.079090
