Parameters: GAD=1 vflib=1 dir=0 label=0 lowerbound=1 fileNameGp=../graphsdb/mcs90/m3D/m3Dr6/mcs90_m3Dr6_s30.A01 fileNameGt=../graphsdb/mcs90/m3D/m3Dr6/mcs90_m3Dr6_s30.B01
Reading graphs...
30 :  78
30 :  77
Initializing...
maxdom : 30
D->valSize : 900
Solving...
Blb : 2 (clique : 15)
currentSize : 15 <-- 0.010536 s
currentSize : 16 <-- 0.011104 s
currentSize : 17 <-- 0.012006 s
currentSize : 18 <-- 0.302260 s
currentSize : 19 <-- 2.457599 s
currentSize : 20 <-- 4.827648 s
currentSize : 21 <-- 15.196515 s
currentSize : 23 <-- 15.213224 s
currentSize : 24 <-- 15.215473 s
currentSize : 25 <-- 16.123766 s
currentSize : 27 <-- 16.380096 s

maxsize : 27
nodes : 1786594.000000
filtered : 53516293.000000
time : 16.412359
