Parameters: GAD=1 vflib=1 dir=0 label=0 lowerbound=1 fileNameGp=../graphsdb/mcs90/bvg/b03/mcs90_b03_s35.A95 fileNameGt=../graphsdb/mcs90/bvg/b03/mcs90_b03_s35.B95
Reading graphs...
35 :  52
35 :  52
Initializing...
maxdom : 35
D->valSize : 1225
Solving...
Blb : 2 (clique : 23)
currentSize : 23 <-- 0.021702 s
currentSize : 24 <-- 0.021925 s
currentSize : 25 <-- 0.022049 s
currentSize : 26 <-- 0.023851 s
currentSize : 27 <-- 0.326141 s
currentSize : 28 <-- 0.673005 s
currentSize : 29 <-- 0.938933 s
currentSize : 30 <-- 0.954082 s
currentSize : 31 <-- 1.292766 s
currentSize : 32 <-- 2.621292 s

maxsize : 32
nodes : 34710.000000
filtered : 2257776.000000
time : 3.036600
