Parameters: GAD=1 vflib=1 dir=0 label=0 lowerbound=1 fileNameGp=../graphsdb/mcs90/bvg/b03/mcs90_b03_s35.A93 fileNameGt=../graphsdb/mcs90/bvg/b03/mcs90_b03_s35.B93
Reading graphs...
35 :  52
35 :  52
Initializing...
maxdom : 35
D->valSize : 1225
Solving...
Blb : 2 (clique : 25)
currentSize : 25 <-- 0.021278 s
currentSize : 26 <-- 0.021591 s
currentSize : 27 <-- 0.024184 s
currentSize : 28 <-- 0.675921 s
currentSize : 29 <-- 1.451503 s
currentSize : 30 <-- 2.044955 s
currentSize : 31 <-- 2.825044 s
currentSize : 32 <-- 4.207540 s

maxsize : 32
nodes : 67681.000000
filtered : 4217361.000000
time : 5.412507
