Parameters: GAD=1 vflib=1 dir=0 label=0 lowerbound=1 fileNameGp=../graphsdb/mcs90/rand/r02/mcs90_r02_s25.A87 fileNameGt=../graphsdb/mcs90/rand/r02/mcs90_r02_s25.B87
Reading graphs...
25 :  107
25 :  107
Initializing...
maxdom : 25
D->valSize : 625
Solving...
Blb : 2 (clique : 9)
currentSize : 9 <-- 0.007964 s
currentSize : 12 <-- 0.008071 s
currentSize : 13 <-- 0.008541 s
currentSize : 15 <-- 0.008597 s
currentSize : 22 <-- 0.008921 s

maxsize : 22
nodes : 1629.000000
filtered : 140567.000000
time : 0.042392
