Parameters: GAD=1 vflib=1 dir=0 label=0 lowerbound=1 fileNameGp=../graphsdb/mcs90/bvg/b03/mcs90_b03_s35.A78 fileNameGt=../graphsdb/mcs90/bvg/b03/mcs90_b03_s35.B78
Reading graphs...
35 :  52
35 :  52
Initializing...
maxdom : 35
D->valSize : 1225
Solving...
Blb : 2 (clique : 27)
currentSize : 27 <-- 0.021686 s
currentSize : 28 <-- 0.065065 s
currentSize : 29 <-- 0.460443 s
currentSize : 30 <-- 1.980333 s
currentSize : 31 <-- 2.051110 s
currentSize : 32 <-- 3.288937 s

maxsize : 32
nodes : 34892.000000
filtered : 2807172.000000
time : 4.567647
