Parameters: GAD=1 vflib=1 dir=0 label=0 lowerbound=1 fileNameGp=../graphsdb/mcs90/m4D/m4D/mcs90_m4D_s20.A69 fileNameGt=../graphsdb/mcs90/m4D/m4D/mcs90_m4D_s20.B69
Reading graphs...
20 :  37
20 :  37
Initializing...
maxdom : 20
D->valSize : 400
Solving...
Blb : 3 (clique : 12)
currentSize : 12 <-- 0.002257 s
currentSize : 14 <-- 0.002550 s
currentSize : 15 <-- 0.017902 s
currentSize : 16 <-- 0.123241 s
currentSize : 17 <-- 0.142776 s

maxsize : 17
nodes : 14089.000000
filtered : 472267.000000
time : 0.149235
