Parameters: GAD=1 vflib=1 dir=0 label=0 lowerbound=1 fileNameGp=../graphsdb/mcs90/rand/r02/mcs90_r02_s30.A15 fileNameGt=../graphsdb/mcs90/rand/r02/mcs90_r02_s30.B15
Reading graphs...
30 :  162
30 :  161
Initializing...
maxdom : 30
D->valSize : 900
Solving...
Blb : 3 (clique : 13)
currentSize : 13 <-- 0.016391 s
currentSize : 14 <-- 0.250066 s
currentSize : 15 <-- 0.351097 s
currentSize : 16 <-- 7.137327 s
currentSize : 19 <-- 8.337412 s
currentSize : 27 <-- 10.054617 s

maxsize : 27
nodes : 2268079.000000
filtered : 36298061.000000
time : 10.107694
