Parameters: GAD=1 vflib=1 dir=0 label=0 lowerbound=1 fileNameGp=../graphsdb/mcs90/bvg/b03m/mcs90_b03m_s20.A33 fileNameGt=../graphsdb/mcs90/bvg/b03m/mcs90_b03m_s20.B33
Reading graphs...
20 :  29
20 :  29
Initializing...
maxdom : 20
D->valSize : 400
Solving...
Blb : 2 (clique : 12)
currentSize : 12 <-- 0.002256 s
currentSize : 13 <-- 0.002707 s
currentSize : 14 <-- 0.003267 s
currentSize : 15 <-- 0.004771 s
currentSize : 16 <-- 0.029112 s
currentSize : 17 <-- 0.041990 s
currentSize : 19 <-- 0.042013 s

maxsize : 19
nodes : 3049.000000
filtered : 82065.000000
time : 0.043173
