Parameters: GAD=1 vflib=1 dir=0 label=0 lowerbound=1 fileNameGp=../graphsdb/mcs90/bvg/b06m/mcs90_b06m_s25.A25 fileNameGt=../graphsdb/mcs90/bvg/b06m/mcs90_b06m_s25.B25
Reading graphs...
25 :  72
25 :  74
Initializing...
maxdom : 25
D->valSize : 625
Solving...
Blb : 2 (clique : 13)
currentSize : 13 <-- 0.008487 s
currentSize : 14 <-- 0.020241 s
currentSize : 15 <-- 0.025332 s
currentSize : 16 <-- 0.835119 s
currentSize : 21 <-- 1.553983 s
currentSize : 22 <-- 1.554028 s

maxsize : 22
nodes : 185309.000000
filtered : 4729615.000000
time : 1.585843
