Parameters: GAD=1 vflib=1 dir=0 label=0 lowerbound=1 fileNameGp=../graphsdb/mcs90/m2D/m2Dr2/mcs90_m2Dr2_s20.A13 fileNameGt=../graphsdb/mcs90/m2D/m2Dr2/mcs90_m2Dr2_s20.B13
Reading graphs...
20 :  35
20 :  35
Initializing...
maxdom : 20
D->valSize : 400
Solving...
Blb : 2 (clique : 12)
currentSize : 12 <-- 0.002592 s
currentSize : 13 <-- 0.003843 s
currentSize : 14 <-- 0.023227 s
currentSize : 15 <-- 0.028026 s
currentSize : 17 <-- 0.067151 s

maxsize : 17
nodes : 7661.000000
filtered : 212615.000000
time : 0.086813
