Parameters: GAD=1 vflib=1 dir=0 label=0 lowerbound=1 fileNameGp=../graphsdb/mcs90/m4D/m4Dr4/mcs90_m4Dr4_s20.A12 fileNameGt=../graphsdb/mcs90/m4D/m4Dr4/mcs90_m4Dr4_s20.B12
Reading graphs...
20 :  45
20 :  45
Initializing...
maxdom : 20
D->valSize : 400
Solving...
Blb : 5 (clique : 11)
currentSize : 11 <-- 0.002251 s
currentSize : 12 <-- 0.003015 s
currentSize : 13 <-- 0.004092 s
currentSize : 14 <-- 0.004345 s
currentSize : 15 <-- 0.005693 s
currentSize : 16 <-- 0.005741 s

maxsize : 16
nodes : 3985.000000
filtered : 133579.000000
time : 0.045245
