Parameters: GAD=1 vflib=1 dir=0 label=0 lowerbound=1 fileNameGp=../graphsdb/mcs90/bvg/b03m/mcs90_b03m_s25.A58 fileNameGt=../graphsdb/mcs90/bvg/b03m/mcs90_b03m_s25.B58
Reading graphs...
25 :  37
25 :  37
Initializing...
maxdom : 25
D->valSize : 625
Solving...
Blb : 2 (clique : 17)
currentSize : 17 <-- 0.008322 s
currentSize : 18 <-- 0.021791 s
currentSize : 19 <-- 3.617602 s
currentSize : 20 <-- 3.631873 s
currentSize : 21 <-- 3.781522 s
currentSize : 22 <-- 3.810834 s

maxsize : 22
nodes : 180611.000000
filtered : 7112149.000000
time : 3.877046
