Parameters: GAD=1 vflib=1 dir=0 label=0 lowerbound=1 fileNameGp=../graphsdb/mcs90/bvg/b03/mcs90_b03_s35.A20 fileNameGt=../graphsdb/mcs90/bvg/b03/mcs90_b03_s35.B20
Reading graphs...
35 :  52
35 :  52
Initializing...
maxdom : 35
D->valSize : 1225
Solving...
Blb : 2 (clique : 22)
currentSize : 22 <-- 0.037657 s
currentSize : 23 <-- 0.038459 s
currentSize : 24 <-- 0.039006 s
currentSize : 25 <-- 0.054906 s
currentSize : 26 <-- 0.418277 s
currentSize : 27 <-- 0.909801 s
currentSize : 29 <-- 1.517980 s
currentSize : 30 <-- 1.914341 s
currentSize : 31 <-- 1.914381 s
currentSize : 32 <-- 3.231946 s

maxsize : 32
nodes : 35913.000000
filtered : 2506875.000000
time : 4.085301
