Parameters: GAD=1 vflib=1 dir=0 label=0 lowerbound=1 fileNameGp=../graphsdb/mcs90/m4D/m4Dr2/mcs90_m4Dr2_s20.A80 fileNameGt=../graphsdb/mcs90/m4D/m4Dr2/mcs90_m4Dr2_s20.B80
Reading graphs...
20 :  40
20 :  40
Initializing...
maxdom : 20
D->valSize : 400
Solving...
Blb : 5 (clique : 11)
currentSize : 11 <-- 0.002459 s
currentSize : 12 <-- 0.002536 s
currentSize : 13 <-- 0.003308 s
currentSize : 14 <-- 0.003598 s
currentSize : 15 <-- 0.068804 s
currentSize : 17 <-- 0.068837 s

maxsize : 17
nodes : 8345.000000
filtered : 176929.000000
time : 0.081844
