Parameters: GAD=1 vflib=1 dir=0 label=0 lowerbound=1 fileNameGp=../graphsdb/mcs90/bvg/b03m/mcs90_b03m_s35.A56 fileNameGt=../graphsdb/mcs90/bvg/b03m/mcs90_b03m_s35.B56
Reading graphs...
35 :  51
35 :  51
Initializing...
maxdom : 35
D->valSize : 1225
Solving...
Blb : 2 (clique : 24)
currentSize : 24 <-- 0.038313 s
currentSize : 25 <-- 0.046839 s
currentSize : 26 <-- 0.060967 s
currentSize : 27 <-- 253.551590 s
currentSize : 28 <-- 257.294159 s
currentSize : 29 <-- 415.970642 s
currentSize : 30 <-- 415.972565 s

maxsize : 30
nodes : 5339104.000000
filtered : 352149193.000000
time : 442.270721
