Parameters: GAD=1 vflib=1 dir=0 label=0 lowerbound=1 fileNameGp=../graphsdb/mcs90/m3D/m3Dr6/mcs90_m3Dr6_s30.A14 fileNameGt=../graphsdb/mcs90/m3D/m3Dr6/mcs90_m3Dr6_s30.B14
Reading graphs...
30 :  77
30 :  77
Initializing...
maxdom : 30
D->valSize : 900
Solving...
Blb : 2 (clique : 15)
currentSize : 15 <-- 0.010461 s
currentSize : 16 <-- 0.011099 s
currentSize : 17 <-- 0.013965 s
currentSize : 18 <-- 0.080359 s
currentSize : 19 <-- 0.922838 s
currentSize : 21 <-- 1.060579 s
currentSize : 22 <-- 1.890841 s
currentSize : 26 <-- 1.897243 s
currentSize : 27 <-- 1.897288 s

maxsize : 27
nodes : 234740.000000
filtered : 5953776.000000
time : 2.024131
