Parameters: GAD=1 vflib=1 dir=0 label=0 lowerbound=1 fileNameGp=../graphsdb/mcs90/bvg/b06m/mcs90_b06m_s30.A24 fileNameGt=../graphsdb/mcs90/bvg/b06m/mcs90_b06m_s30.B24
Reading graphs...
30 :  89
30 :  89
Initializing...
maxdom : 30
D->valSize : 900
Solving...
Blb : 5 (clique : 14)
currentSize : 14 <-- 0.010552 s
currentSize : 15 <-- 0.016142 s
currentSize : 16 <-- 0.026940 s
currentSize : 17 <-- 0.046188 s
currentSize : 18 <-- 0.073942 s
currentSize : 19 <-- 0.074268 s
currentSize : 21 <-- 8.083565 s
currentSize : 23 <-- 8.083976 s
currentSize : 27 <-- 8.088915 s

maxsize : 27
nodes : 535302.000000
filtered : 19076112.000000
time : 8.177508
