Parameters: GAD=1 vflib=1 dir=0 label=0 lowerbound=1 fileNameGp=../graphsdb/mcs90/bvg/b06m/mcs90_b06m_s25.A72 fileNameGt=../graphsdb/mcs90/bvg/b06m/mcs90_b06m_s25.B72
Reading graphs...
25 :  75
25 :  75
Initializing...
maxdom : 25
D->valSize : 625
Solving...
Blb : 2 (clique : 13)
currentSize : 13 <-- 0.005027 s
currentSize : 14 <-- 0.005139 s
currentSize : 15 <-- 0.010349 s
currentSize : 16 <-- 0.412632 s
currentSize : 17 <-- 0.540944 s
currentSize : 18 <-- 0.541204 s
currentSize : 19 <-- 0.547079 s
currentSize : 22 <-- 0.548116 s

maxsize : 22
nodes : 70504.000000
filtered : 1938748.000000
time : 0.586767
