Parameters: GAD=1 vflib=1 dir=0 label=0 lowerbound=1 fileNameGp=../graphsdb/mcs90/bvg/b06m/mcs90_b06m_s35.A47 fileNameGt=../graphsdb/mcs90/bvg/b06m/mcs90_b06m_s35.B47
Reading graphs...
35 :  100
35 :  100
Initializing...
maxdom : 35
D->valSize : 1225
Solving...
Blb : 2 (clique : 17)
currentSize : 17 <-- 0.019616 s
currentSize : 18 <-- 0.034879 s
currentSize : 19 <-- 8.324205 s
currentSize : 20 <-- 8.706254 s
currentSize : 21 <-- 44.656841 s
currentSize : 22 <-- 50.336449 s
currentSize : 23 <-- 131.566620 s
currentSize : 24 <-- 131.567093 s
currentSize : 25 <-- 132.258621 s
currentSize : 26 <-- 139.918701 s
currentSize : 27 <-- 140.009201 s
currentSize : 31 <-- 140.009247 s

maxsize : 31
nodes : 9147143.000000
filtered : 341594096.000000
time : 140.324265
