Parameters: GAD=1 vflib=1 dir=0 label=0 lowerbound=1 fileNameGp=../graphsdb/mcs90/rand/r02/mcs90_r02_s25.A88 fileNameGt=../graphsdb/mcs90/rand/r02/mcs90_r02_s25.B88
Reading graphs...
25 :  108
25 :  110
Initializing...
maxdom : 25
D->valSize : 625
Solving...
Blb : 3 (clique : 11)
currentSize : 11 <-- 0.007920 s
currentSize : 12 <-- 0.008743 s
currentSize : 13 <-- 0.031041 s
currentSize : 15 <-- 0.048061 s
currentSize : 17 <-- 0.269790 s
currentSize : 22 <-- 0.356343 s

maxsize : 22
nodes : 62769.000000
filtered : 1288843.000000
time : 0.382772
