Parameters: GAD=1 vflib=1 dir=0 label=0 lowerbound=1 fileNameGp=../graphsdb/mcs90/rand/r02/mcs90_r02_s20.A81 fileNameGt=../graphsdb/mcs90/rand/r02/mcs90_r02_s20.B81
Reading graphs...
20 :  69
20 :  70
Initializing...
maxdom : 20
D->valSize : 400
Solving...
Blb : 2 (clique : 9)
currentSize : 9 <-- 0.002043 s
currentSize : 10 <-- 0.002217 s
currentSize : 11 <-- 0.007435 s
currentSize : 12 <-- 0.008851 s
currentSize : 13 <-- 0.008928 s
currentSize : 14 <-- 0.043277 s
currentSize : 18 <-- 0.043434 s

maxsize : 18
nodes : 11366.000000
filtered : 163340.000000
time : 0.046881
