Parameters: GAD=1 vflib=1 dir=0 label=0 lowerbound=1 fileNameGp=../graphsdb/mcs90/bvg/b03m/mcs90_b03m_s25.A57 fileNameGt=../graphsdb/mcs90/bvg/b03m/mcs90_b03m_s25.B57
Reading graphs...
25 :  37
25 :  37
Initializing...
maxdom : 25
D->valSize : 625
Solving...
Blb : 2 (clique : 17)
currentSize : 17 <-- 0.009674 s
currentSize : 18 <-- 0.019472 s
currentSize : 19 <-- 0.028546 s
currentSize : 20 <-- 0.152285 s
currentSize : 21 <-- 0.152374 s
currentSize : 22 <-- 0.161651 s

maxsize : 22
nodes : 7888.000000
filtered : 283095.000000
time : 0.291384
