Parameters: GAD=1 vflib=1 dir=0 label=0 lowerbound=1 fileNameGp=../graphsdb/mcs90/m4D/m4Dr4/mcs90_m4Dr4_s20.A14 fileNameGt=../graphsdb/mcs90/m4D/m4Dr4/mcs90_m4Dr4_s20.B14
Reading graphs...
20 :  43
20 :  42
Initializing...
maxdom : 20
D->valSize : 400
Solving...
Blb : 3 (clique : 11)
currentSize : 11 <-- 0.002247 s
currentSize : 12 <-- 0.006952 s
currentSize : 13 <-- 0.012815 s
currentSize : 14 <-- 0.025641 s
currentSize : 15 <-- 0.050992 s
currentSize : 16 <-- 0.144983 s

maxsize : 16
nodes : 16889.000000
filtered : 525878.000000
time : 0.161913
