Parameters: GAD=1 vflib=1 dir=0 label=0 lowerbound=1 fileNameGp=../graphsdb/mcs90/bvg/b09/mcs90_b09_s30.A80 fileNameGt=../graphsdb/mcs90/bvg/b09/mcs90_b09_s30.B80
Reading graphs...
30 :  135
30 :  135
Initializing...
maxdom : 30
D->valSize : 900
Solving...
Blb : 3 (clique : 17)
currentSize : 17 <-- 0.016853 s
currentSize : 18 <-- 0.233423 s
currentSize : 19 <-- 0.249567 s
currentSize : 20 <-- 0.249684 s
currentSize : 22 <-- 0.253597 s
currentSize : 26 <-- 0.256098 s

maxsize : 26
nodes : 43809.000000
filtered : 1492790.000000
time : 0.566628
