Parameters: GAD=1 vflib=1 dir=0 label=0 lowerbound=1 fileNameGp=../graphsdb/mcs90/rand/r005/mcs90_r005_s35.A33 fileNameGt=../graphsdb/mcs90/rand/r005/mcs90_r005_s35.B33
Reading graphs...
35 :  58
35 :  57
Initializing...
maxdom : 35
D->valSize : 1225
Solving...
Blb : 2 (clique : 19)
currentSize : 19 <-- 0.037264 s
currentSize : 23 <-- 0.037530 s
currentSize : 24 <-- 0.158404 s
currentSize : 25 <-- 0.458821 s
currentSize : 26 <-- 3.971000 s
currentSize : 27 <-- 184.744492 s
currentSize : 28 <-- 184.851257 s
currentSize : 29 <-- 184.851501 s
currentSize : 31 <-- 184.851593 s

maxsize : 31
nodes : 3015222.000000
filtered : 168551364.000000
time : 185.524506
