Parameters: GAD=1 vflib=1 dir=0 label=0 lowerbound=1 fileNameGp=../graphsdb/mcs90/bvg/b06m/mcs90_b06m_s35.A83 fileNameGt=../graphsdb/mcs90/bvg/b06m/mcs90_b06m_s35.B83
Reading graphs...
35 :  104
35 :  104
Initializing...
maxdom : 35
D->valSize : 1225
Solving...
Blb : 2 (clique : 16)
currentSize : 16 <-- 0.019783 s
currentSize : 17 <-- 0.019978 s
currentSize : 18 <-- 0.022782 s
currentSize : 19 <-- 0.024177 s
currentSize : 20 <-- 0.070284 s
currentSize : 21 <-- 0.070874 s
currentSize : 22 <-- 0.070920 s
currentSize : 24 <-- 0.316254 s
currentSize : 25 <-- 0.434456 s
currentSize : 28 <-- 0.438224 s
currentSize : 31 <-- 0.438251 s

maxsize : 31
nodes : 35254.000000
filtered : 1431395.000000
time : 0.717360
