Parameters: GAD=1 vflib=1 dir=0 label=0 lowerbound=1 fileNameGp=../graphsdb/mcs90/rand/r02/mcs90_r02_s35.A78 fileNameGt=../graphsdb/mcs90/rand/r02/mcs90_r02_s35.B78
Reading graphs...
35 :  212
35 :  211
Initializing...
maxdom : 35
D->valSize : 1225
Solving...
Blb : 2 (clique : 12)
currentSize : 12 <-- 0.029948 s
currentSize : 13 <-- 0.031612 s
currentSize : 14 <-- 0.087688 s
currentSize : 15 <-- 11.481568 s
currentSize : 16 <-- 34.718559 s
currentSize : 17 <-- 35.922871 s
currentSize : 19 <-- 36.312672 s
currentSize : 20 <-- 36.313480 s
currentSize : 21 <-- 43.911076 s
currentSize : 31 <-- 51.394833 s

maxsize : 31
nodes : 11256779.000000
filtered : 167567973.000000
time : 51.549637
