Parameters: GAD=1 vflib=1 dir=0 label=0 lowerbound=1 fileNameGp=../graphsdb/mcs90/rand/r01/mcs90_r01_s25.A92 fileNameGt=../graphsdb/mcs90/rand/r01/mcs90_r01_s25.B92
Reading graphs...
25 :  58
25 :  59
Initializing...
maxdom : 25
D->valSize : 625
Solving...
Blb : 2 (clique : 13)
currentSize : 13 <-- 0.005101 s
currentSize : 14 <-- 0.005275 s
currentSize : 15 <-- 0.005991 s
currentSize : 16 <-- 0.007014 s
currentSize : 17 <-- 0.304255 s
currentSize : 18 <-- 1.004176 s
currentSize : 19 <-- 1.004224 s
currentSize : 22 <-- 1.046220 s

maxsize : 22
nodes : 74592.000000
filtered : 2049035.000000
time : 1.076758
