Parameters: GAD=1 vflib=1 dir=0 label=0 lowerbound=1 fileNameGp=../graphsdb/mcs90/m3D/m3Dr2/mcs90_m3Dr2_s30.A80 fileNameGt=../graphsdb/mcs90/m3D/m3Dr2/mcs90_m3Dr2_s30.B80
Reading graphs...
30 :  66
30 :  66
Initializing...
maxdom : 30
D->valSize : 900
Solving...
Blb : 2 (clique : 18)
currentSize : 18 <-- 0.019223 s
currentSize : 19 <-- 0.020087 s
currentSize : 20 <-- 0.021373 s
currentSize : 21 <-- 0.021601 s
currentSize : 22 <-- 0.059843 s
currentSize : 23 <-- 3.540335 s
currentSize : 24 <-- 4.673056 s
currentSize : 27 <-- 4.673850 s

maxsize : 27
nodes : 361757.000000
filtered : 13171987.000000
time : 4.827882
