Parameters: GAD=1 vflib=1 dir=0 label=0 lowerbound=1 fileNameGp=../graphsdb/mcs90/bvg/b03m/mcs90_b03m_s30.A44 fileNameGt=../graphsdb/mcs90/bvg/b03m/mcs90_b03m_s30.B44
Reading graphs...
30 :  45
30 :  45
Initializing...
maxdom : 30
D->valSize : 900
Solving...
Blb : 2 (clique : 18)
currentSize : 18 <-- 0.020074 s
currentSize : 19 <-- 0.020410 s
currentSize : 20 <-- 0.020701 s
currentSize : 21 <-- 0.021250 s
currentSize : 22 <-- 0.127699 s
currentSize : 23 <-- 7.497502 s
currentSize : 24 <-- 13.491631 s
currentSize : 25 <-- 13.491806 s
currentSize : 26 <-- 13.492798 s
currentSize : 28 <-- 13.531544 s

maxsize : 28
nodes : 174224.000000
filtered : 9381382.000000
time : 13.625865
