Parameters: GAD=1 vflib=1 dir=0 label=0 lowerbound=1 fileNameGp=../graphsdb/mcs90/bvg/b09/mcs90_b09_s30.A76 fileNameGt=../graphsdb/mcs90/bvg/b09/mcs90_b09_s30.B76
Reading graphs...
30 :  134
30 :  134
Initializing...
maxdom : 30
D->valSize : 900
Solving...
Blb : 5 (clique : 13)
currentSize : 13 <-- 0.009671 s
currentSize : 14 <-- 0.013033 s
currentSize : 15 <-- 0.014321 s
currentSize : 16 <-- 0.059718 s
currentSize : 17 <-- 0.169254 s
currentSize : 19 <-- 0.169492 s
currentSize : 20 <-- 0.169615 s
currentSize : 22 <-- 0.169711 s
currentSize : 23 <-- 0.175564 s
currentSize : 26 <-- 0.175674 s

maxsize : 26
nodes : 46575.000000
filtered : 1426561.000000
time : 0.424645
