Parameters: GAD=1 vflib=1 dir=0 label=0 lowerbound=1 fileNameGp=../graphsdb/mcs90/bvg/b03/mcs90_b03_s35.A76 fileNameGt=../graphsdb/mcs90/bvg/b03/mcs90_b03_s35.B76
Reading graphs...
35 :  52
35 :  52
Initializing...
maxdom : 35
D->valSize : 1225
Solving...
Blb : 2 (clique : 22)
currentSize : 22 <-- 0.036765 s
currentSize : 28 <-- 0.037086 s
currentSize : 29 <-- 0.037153 s
currentSize : 30 <-- 0.328131 s
currentSize : 31 <-- 0.431796 s

maxsize : 31
nodes : 28612.000000
filtered : 2638118.000000
time : 4.427893
