Parameters: GAD=1 vflib=1 dir=0 label=0 lowerbound=1 fileNameGp=../graphsdb/mcs90/bvg/b06/mcs90_b06_s25.A98 fileNameGt=../graphsdb/mcs90/bvg/b06/mcs90_b06_s25.B98
Reading graphs...
25 :  74
25 :  75
Initializing...
maxdom : 25
D->valSize : 625
Solving...
Blb : 2 (clique : 13)
currentSize : 13 <-- 0.004915 s
currentSize : 16 <-- 0.004999 s
currentSize : 17 <-- 0.005054 s
currentSize : 18 <-- 0.005110 s
currentSize : 19 <-- 0.005233 s
currentSize : 20 <-- 0.006056 s
currentSize : 21 <-- 0.006965 s
currentSize : 22 <-- 0.007241 s
currentSize : 23 <-- 0.007585 s

maxsize : 23
nodes : 1178.000000
filtered : 56758.000000
time : 0.041799
