Parameters: GAD=1 vflib=1 dir=0 label=0 lowerbound=1 fileNameGp=../graphsdb/mcs90/bvg/b09/mcs90_b09_s25.A49 fileNameGt=../graphsdb/mcs90/bvg/b09/mcs90_b09_s25.B49
Reading graphs...
25 :  112
25 :  112
Initializing...
maxdom : 25
D->valSize : 625
Solving...
Blb : 5 (clique : 11)
currentSize : 11 <-- 0.004469 s
currentSize : 12 <-- 0.007049 s
currentSize : 13 <-- 0.011919 s
currentSize : 14 <-- 0.012575 s
currentSize : 15 <-- 0.013045 s
currentSize : 16 <-- 0.013373 s
currentSize : 18 <-- 0.016288 s
currentSize : 22 <-- 0.019201 s

maxsize : 22
nodes : 7048.000000
filtered : 280714.000000
time : 0.077226
