Parameters: GAD=1 vflib=1 dir=0 label=0 lowerbound=1 fileNameGp=../graphsdb/mcs90/rand/r02/mcs90_r02_s30.A86 fileNameGt=../graphsdb/mcs90/rand/r02/mcs90_r02_s30.B86
Reading graphs...
30 :  158
30 :  158
Initializing...
maxdom : 30
D->valSize : 900
Solving...
Blb : 2 (clique : 11)
currentSize : 11 <-- 0.016036 s
currentSize : 12 <-- 0.016595 s
currentSize : 13 <-- 0.108164 s
currentSize : 14 <-- 1.194844 s
currentSize : 15 <-- 1.402486 s
currentSize : 16 <-- 1.845630 s
currentSize : 17 <-- 2.592130 s
currentSize : 27 <-- 2.594663 s

maxsize : 27
nodes : 622864.000000
filtered : 7902453.000000
time : 2.634400
