Parameters: GAD=1 vflib=1 dir=0 label=0 lowerbound=1 fileNameGp=../graphsdb/mcs90/bvg/b03m/mcs90_b03m_s35.A54 fileNameGt=../graphsdb/mcs90/bvg/b03m/mcs90_b03m_s35.B54
Reading graphs...
35 :  52
35 :  52
Initializing...
maxdom : 35
D->valSize : 1225
Solving...
Blb : 2 (clique : 22)
currentSize : 22 <-- 0.036946 s
currentSize : 24 <-- 0.037240 s
currentSize : 25 <-- 0.037845 s
currentSize : 26 <-- 11.572602 s
currentSize : 27 <-- 28.582249 s
currentSize : 28 <-- 196.399414 s
currentSize : 29 <-- 234.905991 s
currentSize : 30 <-- 237.522476 s
currentSize : 31 <-- 238.662781 s

maxsize : 31
nodes : 5602708.000000
filtered : 370975321.000000
time : 241.681229
