Parameters: GAD=1 vflib=1 dir=0 label=0 lowerbound=1 fileNameGp=../graphsdb/mcs90/m2D/m2Dr4/mcs90_m2Dr4_s20.A45 fileNameGt=../graphsdb/mcs90/m2D/m2Dr4/mcs90_m2Dr4_s20.B45
Reading graphs...
20 :  37
20 :  37
Initializing...
maxdom : 20
D->valSize : 400
Solving...
Blb : 2 (clique : 10)
currentSize : 10 <-- 0.002264 s
currentSize : 11 <-- 0.002323 s
currentSize : 12 <-- 0.002351 s
currentSize : 13 <-- 0.002620 s
currentSize : 14 <-- 0.005016 s
currentSize : 15 <-- 0.082189 s
currentSize : 17 <-- 0.093253 s

maxsize : 17
nodes : 11530.000000
filtered : 355532.000000
time : 0.111941
