Parameters: GAD=1 vflib=1 dir=0 label=0 lowerbound=1 fileNameGp=../graphsdb/mcs90/rand/r01/mcs90_r01_s35.A70 fileNameGt=../graphsdb/mcs90/rand/r01/mcs90_r01_s35.B70
Reading graphs...
35 :  113
35 :  112
Initializing...
maxdom : 35
D->valSize : 1225
Solving...
Blb : 2 (clique : 17)
currentSize : 17 <-- 0.019349 s
currentSize : 18 <-- 0.024245 s
currentSize : 19 <-- 0.035928 s
currentSize : 20 <-- 15.661236 s
currentSize : 21 <-- 29.290739 s
currentSize : 22 <-- 36.850189 s
currentSize : 23 <-- 44.017288 s
currentSize : 25 <-- 44.017330 s
currentSize : 27 <-- 47.973183 s
currentSize : 29 <-- 51.211334 s
currentSize : 31 <-- 51.395092 s

maxsize : 31
nodes : 3712674.000000
filtered : 143192066.000000
time : 51.524479
