Parameters: GAD=1 vflib=1 dir=0 label=0 lowerbound=1 fileNameGp=../graphsdb/mcs90/m4D/m4Dr2/mcs90_m4Dr2_s20.A59 fileNameGt=../graphsdb/mcs90/m4D/m4Dr2/mcs90_m4Dr2_s20.B59
Reading graphs...
20 :  41
20 :  40
Initializing...
maxdom : 20
D->valSize : 400
Solving...
Blb : 2 (clique : 11)
currentSize : 11 <-- 0.002279 s
currentSize : 12 <-- 0.002396 s
currentSize : 13 <-- 0.003686 s
currentSize : 14 <-- 0.004171 s
currentSize : 15 <-- 0.004249 s
currentSize : 16 <-- 0.151552 s

maxsize : 16
nodes : 12477.000000
filtered : 419418.000000
time : 0.162423
