Parameters: GAD=1 vflib=1 dir=0 label=0 lowerbound=1 fileNameGp=../graphsdb/mcs90/bvg/b06/mcs90_b06_s20.A03 fileNameGt=../graphsdb/mcs90/bvg/b06/mcs90_b06_s20.B03
Reading graphs...
20 :  60
20 :  60
Initializing...
maxdom : 20
D->valSize : 400
Solving...
Blb : 2 (clique : 10)
currentSize : 10 <-- 0.002107 s
currentSize : 11 <-- 0.002228 s
currentSize : 13 <-- 0.002276 s
currentSize : 14 <-- 0.002292 s
currentSize : 16 <-- 0.002349 s
currentSize : 18 <-- 0.002418 s

maxsize : 18
nodes : 746.000000
filtered : 29241.000000
time : 0.013294
