Parameters: GAD=1 vflib=1 dir=0 label=0 lowerbound=1 fileNameGp=../graphsdb/mcs90/m3D/m3Dr2/mcs90_m3Dr2_s30.A02 fileNameGt=../graphsdb/mcs90/m3D/m3Dr2/mcs90_m3Dr2_s30.B02
Reading graphs...
30 :  67
30 :  66
Initializing...
maxdom : 30
D->valSize : 900
Solving...
Blb : 2 (clique : 17)
currentSize : 17 <-- 0.011173 s
currentSize : 18 <-- 0.121796 s
currentSize : 19 <-- 4.241062 s
currentSize : 20 <-- 8.314118 s
currentSize : 21 <-- 13.657784 s
currentSize : 22 <-- 13.868606 s
currentSize : 25 <-- 14.687110 s
currentSize : 27 <-- 14.743790 s

maxsize : 27
nodes : 2022005.000000
filtered : 41220083.000000
time : 14.858226
