Parameters: GAD=1 vflib=1 dir=0 label=0 lowerbound=1 fileNameGp=../graphsdb/mcs90/rand/r01/mcs90_r01_s35.A50 fileNameGt=../graphsdb/mcs90/rand/r01/mcs90_r01_s35.B50
Reading graphs...
35 :  115
35 :  116
Initializing...
maxdom : 35
D->valSize : 1225
Solving...
Blb : 2 (clique : 14)
currentSize : 14 <-- 0.033044 s
currentSize : 16 <-- 0.033256 s
currentSize : 17 <-- 0.033432 s
currentSize : 18 <-- 0.602136 s
currentSize : 19 <-- 4.030009 s
currentSize : 21 <-- 16.384375 s
currentSize : 22 <-- 16.451078 s
currentSize : 23 <-- 19.822092 s
currentSize : 26 <-- 20.035061 s
currentSize : 31 <-- 37.307709 s

maxsize : 31
nodes : 3937077.000000
filtered : 132232899.000000
time : 37.487514
