Parameters: GAD=1 vflib=1 dir=0 label=0 lowerbound=1 fileNameGp=../graphsdb/mcs90/bvg/b03m/mcs90_b03m_s25.A61 fileNameGt=../graphsdb/mcs90/bvg/b03m/mcs90_b03m_s25.B61
Reading graphs...
25 :  37
25 :  37
Initializing...
maxdom : 25
D->valSize : 625
Solving...
Blb : 2 (clique : 15)
currentSize : 15 <-- 0.007374 s
currentSize : 16 <-- 0.007929 s
currentSize : 17 <-- 0.008581 s
currentSize : 18 <-- 0.009347 s
currentSize : 19 <-- 0.078553 s
currentSize : 20 <-- 0.204451 s
currentSize : 21 <-- 1.321933 s
currentSize : 22 <-- 1.322025 s

maxsize : 22
nodes : 36188.000000
filtered : 1987705.000000
time : 1.372640
