Parameters: GAD=1 vflib=1 dir=0 label=0 lowerbound=1 fileNameGp=../graphsdb/mcs90/bvg/b06/mcs90_b06_s35.A38 fileNameGt=../graphsdb/mcs90/bvg/b06/mcs90_b06_s35.B38
Reading graphs...
35 :  105
35 :  105
Initializing...
maxdom : 35
D->valSize : 1225
Solving...
Blb : 2 (clique : 20)
currentSize : 20 <-- 0.027644 s
currentSize : 21 <-- 0.027921 s
currentSize : 24 <-- 0.028184 s
currentSize : 25 <-- 0.028584 s
currentSize : 26 <-- 0.028723 s
currentSize : 27 <-- 0.028850 s
currentSize : 28 <-- 0.029355 s
currentSize : 29 <-- 0.029468 s
currentSize : 31 <-- 0.074851 s
currentSize : 32 <-- 0.186691 s

maxsize : 32
nodes : 8306.000000
filtered : 638120.000000
time : 0.594577
