Parameters: GAD=1 vflib=1 dir=0 label=0 lowerbound=1 fileNameGp=../graphsdb/mcs90/rand/r01/mcs90_r01_s20.A11 fileNameGt=../graphsdb/mcs90/rand/r01/mcs90_r01_s20.B11
Reading graphs...
20 :  37
20 :  35
Initializing...
maxdom : 20
D->valSize : 400
Solving...
Blb : 2 (clique : 13)
currentSize : 13 <-- 0.002381 s
currentSize : 14 <-- 0.004709 s
currentSize : 15 <-- 0.007738 s
currentSize : 16 <-- 0.007819 s
currentSize : 17 <-- 0.007927 s
currentSize : 18 <-- 0.007976 s

maxsize : 18
nodes : 1545.000000
filtered : 26422.000000
time : 0.009556
