Parameters: GAD=1 vflib=1 dir=0 label=0 lowerbound=1 fileNameGp=../graphsdb/mcs90/bvg/b03m/mcs90_b03m_s20.A66 fileNameGt=../graphsdb/mcs90/bvg/b03m/mcs90_b03m_s20.B66
Reading graphs...
20 :  30
20 :  30
Initializing...
maxdom : 20
D->valSize : 400
Solving...
Blb : 2 (clique : 13)
currentSize : 13 <-- 0.002345 s
currentSize : 14 <-- 0.002596 s
currentSize : 15 <-- 0.004719 s
currentSize : 16 <-- 0.023727 s
currentSize : 18 <-- 0.073821 s

maxsize : 18
nodes : 4683.000000
filtered : 139752.000000
time : 0.083797
