Parameters: GAD=1 vflib=1 dir=0 label=0 lowerbound=1 fileNameGp=../graphsdb/mcs90/rand/r02/mcs90_r02_s35.A43 fileNameGt=../graphsdb/mcs90/rand/r02/mcs90_r02_s35.B43
Reading graphs...
35 :  215
35 :  213
Initializing...
maxdom : 35
D->valSize : 1225
Solving...
Blb : 3 (clique : 14)
currentSize : 14 <-- 0.017724 s
currentSize : 15 <-- 2.305875 s
currentSize : 16 <-- 2.390415 s
currentSize : 17 <-- 10.173863 s
currentSize : 21 <-- 12.416092 s
currentSize : 31 <-- 14.458118 s

maxsize : 31
nodes : 3246127.000000
filtered : 48340273.000000
time : 14.644440
