Parameters: GAD=1 vflib=1 dir=0 label=0 lowerbound=1 fileNameGp=../graphsdb/mcs90/rand/r02/mcs90_r02_s25.A10 fileNameGt=../graphsdb/mcs90/rand/r02/mcs90_r02_s25.B10
Reading graphs...
25 :  109
25 :  109
Initializing...
maxdom : 25
D->valSize : 625
Solving...
Blb : 2 (clique : 10)
currentSize : 10 <-- 0.004649 s
currentSize : 11 <-- 0.004843 s
currentSize : 12 <-- 0.005307 s
currentSize : 13 <-- 1.933513 s
currentSize : 14 <-- 2.914252 s
currentSize : 17 <-- 2.918245 s
currentSize : 22 <-- 2.919060 s

maxsize : 22
nodes : 786197.000000
filtered : 9021429.000000
time : 2.942996
