Parameters: GAD=1 vflib=1 dir=0 label=0 lowerbound=1 fileNameGp=../graphsdb/mcs90/bvg/b09/mcs90_b09_s30.A23 fileNameGt=../graphsdb/mcs90/bvg/b09/mcs90_b09_s30.B23
Reading graphs...
30 :  134
30 :  134
Initializing...
maxdom : 30
D->valSize : 900
Solving...
Blb : 2 (clique : 13)
currentSize : 13 <-- 0.009868 s
currentSize : 18 <-- 0.009975 s
currentSize : 19 <-- 0.010040 s
currentSize : 20 <-- 0.014190 s
currentSize : 25 <-- 0.047328 s
currentSize : 26 <-- 0.047569 s

maxsize : 26
nodes : 18694.000000
filtered : 1097119.000000
time : 0.290208
