Parameters: GAD=1 vflib=1 dir=0 label=0 lowerbound=1 fileNameGp=../graphsdb/mcs90/m2D/m2Dr4/mcs90_m2Dr4_s30.A03 fileNameGt=../graphsdb/mcs90/m2D/m2Dr4/mcs90_m2Dr4_s30.B03
Reading graphs...
30 :  59
30 :  59
Initializing...
maxdom : 30
D->valSize : 900
Solving...
Blb : 2 (clique : 18)
currentSize : 18 <-- 0.019329 s
currentSize : 19 <-- 0.026740 s
currentSize : 20 <-- 0.035506 s
currentSize : 21 <-- 5.516301 s
currentSize : 22 <-- 11.409757 s
currentSize : 23 <-- 14.600094 s
currentSize : 24 <-- 14.921833 s
currentSize : 25 <-- 16.062159 s

maxsize : 25
nodes : 757252.000000
filtered : 34629117.000000
time : 17.036783
