Parameters: GAD=1 vflib=1 dir=0 label=0 lowerbound=1 fileNameGp=../graphsdb/mcs90/bvg/b09m/mcs90_b09m_s30.A37 fileNameGt=../graphsdb/mcs90/bvg/b09m/mcs90_b09m_s30.B37
Reading graphs...
30 :  129
30 :  130
Initializing...
maxdom : 30
D->valSize : 900
Solving...
Blb : 2 (clique : 12)
currentSize : 12 <-- 0.010062 s
currentSize : 13 <-- 0.023984 s
currentSize : 14 <-- 0.039321 s
currentSize : 15 <-- 0.355025 s
currentSize : 16 <-- 1.731157 s
currentSize : 17 <-- 3.822858 s
currentSize : 18 <-- 4.831018 s
currentSize : 19 <-- 5.231693 s
currentSize : 26 <-- 5.587840 s

maxsize : 26
nodes : 1106290.000000
filtered : 21542471.000000
time : 5.712421
