Parameters: GAD=1 vflib=1 dir=0 label=0 lowerbound=1 fileNameGp=../graphsdb/mcs90/rand/r02/mcs90_r02_s30.A11 fileNameGt=../graphsdb/mcs90/rand/r02/mcs90_r02_s30.B11
Reading graphs...
30 :  154
30 :  155
Initializing...
maxdom : 30
D->valSize : 900
Solving...
Blb : 2 (clique : 11)
currentSize : 11 <-- 0.009573 s
currentSize : 12 <-- 0.012013 s
currentSize : 13 <-- 0.012634 s
currentSize : 14 <-- 0.929901 s
currentSize : 15 <-- 0.931146 s
currentSize : 16 <-- 1.442139 s
currentSize : 18 <-- 1.442182 s
currentSize : 19 <-- 1.762300 s
currentSize : 27 <-- 4.423401 s

maxsize : 27
nodes : 826174.000000
filtered : 19488899.000000
time : 4.454545
