Parameters: GAD=1 vflib=1 dir=0 label=0 lowerbound=1 fileNameGp=../graphsdb/mcs90/bvg/b09/mcs90_b09_s20.A24 fileNameGt=../graphsdb/mcs90/bvg/b09/mcs90_b09_s20.B24
Reading graphs...
20 :  89
20 :  89
Initializing...
maxdom : 20
D->valSize : 400
Solving...
Blb : 2 (clique : 11)
currentSize : 11 <-- 0.003397 s
currentSize : 12 <-- 0.003525 s
currentSize : 14 <-- 0.003589 s
currentSize : 16 <-- 0.003693 s
currentSize : 18 <-- 0.003809 s

maxsize : 18
nodes : 840.000000
filtered : 47578.000000
time : 0.025660
