Parameters: GAD=1 vflib=1 dir=0 label=0 lowerbound=1 fileNameGp=../graphsdb/mcs90/rand/r01/mcs90_r01_s20.A88 fileNameGt=../graphsdb/mcs90/rand/r01/mcs90_r01_s20.B88
Reading graphs...
20 :  36
20 :  36
Initializing...
maxdom : 20
D->valSize : 400
Solving...
Blb : 5 (clique : 13)
currentSize : 13 <-- 0.002297 s
currentSize : 14 <-- 0.002694 s
currentSize : 15 <-- 0.003347 s
currentSize : 16 <-- 0.004690 s
currentSize : 18 <-- 0.014321 s

maxsize : 18
nodes : 1171.000000
filtered : 43095.000000
time : 0.021851
