Parameters: GAD=1 vflib=1 dir=0 label=0 lowerbound=1 fileNameGp=../graphsdb/mcs90/bvg/b06m/mcs90_b06m_s35.A79 fileNameGt=../graphsdb/mcs90/bvg/b06m/mcs90_b06m_s35.B79
Reading graphs...
35 :  101
35 :  102
Initializing...
maxdom : 35
D->valSize : 1225
Solving...
Blb : 5 (clique : 15)
currentSize : 15 <-- 0.019828 s
currentSize : 16 <-- 0.019980 s
currentSize : 17 <-- 0.019995 s
currentSize : 18 <-- 0.020023 s
currentSize : 19 <-- 0.041907 s
currentSize : 20 <-- 1.891628 s
currentSize : 21 <-- 61.281509 s
currentSize : 22 <-- 210.071655 s
currentSize : 23 <-- 219.196609 s
currentSize : 24 <-- 219.196671 s
currentSize : 31 <-- 233.245865 s

maxsize : 31
nodes : 13905371.000000
filtered : 529336526.000000
time : 233.656982
