Parameters: GAD=1 vflib=1 dir=0 label=0 lowerbound=1 fileNameGp=../graphsdb/mcs90/bvg/b03m/mcs90_b03m_s20.A06 fileNameGt=../graphsdb/mcs90/bvg/b03m/mcs90_b03m_s20.B06
Reading graphs...
20 :  30
20 :  30
Initializing...
maxdom : 20
D->valSize : 400
Solving...
Blb : 2 (clique : 12)
currentSize : 12 <-- 0.002368 s
currentSize : 13 <-- 0.003023 s
currentSize : 14 <-- 0.018130 s
currentSize : 15 <-- 0.018490 s
currentSize : 16 <-- 0.040401 s
currentSize : 18 <-- 0.043121 s

maxsize : 18
nodes : 4028.000000
filtered : 95710.000000
time : 0.048658
