Parameters: GAD=1 vflib=1 dir=0 label=0 lowerbound=1 fileNameGp=../graphsdb/mcs90/bvg/b09/mcs90_b09_s30.A67 fileNameGt=../graphsdb/mcs90/bvg/b09/mcs90_b09_s30.B67
Reading graphs...
30 :  135
30 :  134
Initializing...
maxdom : 30
D->valSize : 900
Solving...
Blb : 3 (clique : 14)
currentSize : 14 <-- 0.009833 s
currentSize : 15 <-- 0.152019 s
currentSize : 16 <-- 0.199344 s
currentSize : 18 <-- 0.785653 s
currentSize : 20 <-- 0.786935 s
currentSize : 22 <-- 0.788759 s
currentSize : 26 <-- 0.792459 s
currentSize : 27 <-- 0.827589 s

maxsize : 27
nodes : 168037.000000
filtered : 3000451.000000
time : 0.924459
