Parameters: GAD=1 vflib=1 dir=0 label=0 lowerbound=1 fileNameGp=../graphsdb/mcs90/bvg/b09/mcs90_b09_s25.A39 fileNameGt=../graphsdb/mcs90/bvg/b09/mcs90_b09_s25.B39
Reading graphs...
25 :  112
25 :  112
Initializing...
maxdom : 25
D->valSize : 625
Solving...
Blb : 3 (clique : 11)
currentSize : 11 <-- 0.004573 s
currentSize : 12 <-- 0.004878 s
currentSize : 13 <-- 0.004953 s
currentSize : 14 <-- 0.004999 s
currentSize : 15 <-- 0.005306 s
currentSize : 16 <-- 0.005988 s
currentSize : 18 <-- 0.009122 s
currentSize : 22 <-- 0.011479 s

maxsize : 22
nodes : 5289.000000
filtered : 250838.000000
time : 0.074415
