Parameters: GAD=1 vflib=1 dir=0 label=0 lowerbound=1 fileNameGp=../graphsdb/mcs90/bvg/b06m/mcs90_b06m_s20.A88 fileNameGt=../graphsdb/mcs90/bvg/b06m/mcs90_b06m_s20.B88
Reading graphs...
20 :  57
20 :  58
Initializing...
maxdom : 20
D->valSize : 400
Solving...
Blb : 3 (clique : 11)
currentSize : 11 <-- 0.002089 s
currentSize : 12 <-- 0.017549 s
currentSize : 13 <-- 0.027630 s
currentSize : 14 <-- 0.068537 s
currentSize : 17 <-- 0.119034 s
currentSize : 18 <-- 0.119145 s

maxsize : 18
nodes : 23055.000000
filtered : 486976.000000
time : 0.123497
