Parameters: GAD=1 vflib=1 dir=0 label=0 lowerbound=1 fileNameGp=../graphsdb/mcs90/bvg/b06/mcs90_b06_s25.A50 fileNameGt=../graphsdb/mcs90/bvg/b06/mcs90_b06_s25.B50
Reading graphs...
25 :  75
25 :  74
Initializing...
maxdom : 25
D->valSize : 625
Solving...
Blb : 2 (clique : 15)
currentSize : 15 <-- 0.004900 s
currentSize : 16 <-- 0.013525 s
currentSize : 17 <-- 0.021076 s
currentSize : 18 <-- 0.021098 s
currentSize : 19 <-- 0.021121 s
currentSize : 20 <-- 0.025004 s
currentSize : 21 <-- 0.025675 s
currentSize : 22 <-- 0.025717 s
currentSize : 23 <-- 0.034128 s

maxsize : 23
nodes : 3961.000000
filtered : 133990.000000
time : 0.069613
