Parameters: GAD=1 vflib=1 dir=0 label=0 lowerbound=1 fileNameGp=../graphsdb/mcs90/bvg/b06m/mcs90_b06m_s30.A33 fileNameGt=../graphsdb/mcs90/bvg/b06m/mcs90_b06m_s30.B33
Reading graphs...
30 :  89
30 :  89
Initializing...
maxdom : 30
D->valSize : 900
Solving...
Blb : 2 (clique : 13)
currentSize : 13 <-- 0.010369 s
currentSize : 14 <-- 0.010501 s
currentSize : 15 <-- 0.010569 s
currentSize : 16 <-- 0.089239 s
currentSize : 17 <-- 0.251605 s
currentSize : 18 <-- 6.692254 s
currentSize : 19 <-- 8.507410 s
currentSize : 27 <-- 8.510708 s

maxsize : 27
nodes : 1008591.000000
filtered : 26308248.000000
time : 8.602676
