Parameters: GAD=1 vflib=1 dir=0 label=0 lowerbound=1 fileNameGp=../graphsdb/mcs90/bvg/b03m/mcs90_b03m_s35.A98 fileNameGt=../graphsdb/mcs90/bvg/b03m/mcs90_b03m_s35.B98
Reading graphs...
35 :  51
35 :  51
Initializing...
maxdom : 35
D->valSize : 1225
Solving...
Blb : 2 (clique : 23)
currentSize : 23 <-- 0.021749 s
currentSize : 24 <-- 0.034370 s
currentSize : 25 <-- 0.126088 s
currentSize : 26 <-- 0.497446 s
currentSize : 27 <-- 3.850105 s
currentSize : 28 <-- 5.097505 s
currentSize : 30 <-- 73.002403 s

maxsize : 30
nodes : 658099.000000
filtered : 52336270.000000
time : 95.256119
