Parameters: GAD=1 vflib=1 dir=0 label=0 lowerbound=1 fileNameGp=../graphsdb/mcs90/rand/r01/mcs90_r01_s25.A66 fileNameGt=../graphsdb/mcs90/rand/r01/mcs90_r01_s25.B66
Reading graphs...
25 :  58
25 :  57
Initializing...
maxdom : 25
D->valSize : 625
Solving...
Blb : 5 (clique : 13)
currentSize : 13 <-- 0.009039 s
currentSize : 14 <-- 0.010376 s
currentSize : 15 <-- 0.037317 s
currentSize : 16 <-- 0.919531 s
currentSize : 17 <-- 3.431143 s
currentSize : 22 <-- 4.286034 s

maxsize : 22
nodes : 624504.000000
filtered : 12650738.000000
time : 4.308748
