Parameters: GAD=1 vflib=1 dir=0 label=0 lowerbound=1 fileNameGp=../graphsdb/mcs90/m2D/m2Dr6/mcs90_m2Dr6_s30.A69 fileNameGt=../graphsdb/mcs90/m2D/m2Dr6/mcs90_m2Dr6_s30.B69
Reading graphs...
30 :  66
30 :  66
Initializing...
maxdom : 30
D->valSize : 900
Solving...
Blb : 2 (clique : 17)
currentSize : 17 <-- 0.011095 s
currentSize : 18 <-- 0.041999 s
currentSize : 19 <-- 0.126856 s
currentSize : 20 <-- 2.185172 s
currentSize : 21 <-- 22.543261 s
currentSize : 22 <-- 28.882336 s
currentSize : 25 <-- 35.966129 s

maxsize : 25
nodes : 1684068.000000
filtered : 73510981.000000
time : 36.433006
