Parameters: GAD=1 vflib=1 dir=0 label=0 lowerbound=1 fileNameGp=../graphsdb/mcs90/rand/r005/mcs90_r005_s30.A62 fileNameGt=../graphsdb/mcs90/rand/r005/mcs90_r005_s30.B62
Reading graphs...
30 :  41
30 :  41
Initializing...
maxdom : 30
D->valSize : 900
Solving...
Blb : 2 (clique : 21)
currentSize : 21 <-- 0.011475 s
currentSize : 22 <-- 0.027219 s
currentSize : 23 <-- 0.030046 s
currentSize : 24 <-- 0.310847 s
currentSize : 25 <-- 0.310960 s
currentSize : 26 <-- 0.310985 s
currentSize : 27 <-- 0.311014 s

maxsize : 27
nodes : 6811.000000
filtered : 380136.000000
time : 0.583384
