Parameters: GAD=1 vflib=1 dir=0 label=0 lowerbound=1 fileNameGp=../graphsdb/mcs90/bvg/b09/mcs90_b09_s35.A00 fileNameGt=../graphsdb/mcs90/bvg/b09/mcs90_b09_s35.B00
Reading graphs...
35 :  157
35 :  157
Initializing...
maxdom : 35
D->valSize : 1225
Solving...
Blb : 2 (clique : 14)
currentSize : 14 <-- 0.019402 s
currentSize : 15 <-- 0.039383 s
currentSize : 18 <-- 0.137958 s
currentSize : 19 <-- 0.138043 s
currentSize : 22 <-- 0.147800 s
currentSize : 24 <-- 0.186649 s
currentSize : 25 <-- 0.187787 s
currentSize : 26 <-- 0.187813 s
currentSize : 27 <-- 0.212168 s
currentSize : 30 <-- 0.212358 s

maxsize : 30
nodes : 74783.000000
filtered : 3655531.000000
time : 1.098205
