Parameters: GAD=1 vflib=1 dir=0 label=0 lowerbound=1 fileNameGp=../graphsdb/mcs90/rand/r02/mcs90_r02_s35.A74 fileNameGt=../graphsdb/mcs90/rand/r02/mcs90_r02_s35.B74
Reading graphs...
35 :  218
35 :  218
Initializing...
maxdom : 35
D->valSize : 1225
Solving...
Blb : 5 (clique : 14)
currentSize : 14 <-- 0.029327 s
currentSize : 16 <-- 19.111776 s
currentSize : 17 <-- 25.850969 s
currentSize : 20 <-- 26.479733 s
currentSize : 22 <-- 38.974422 s
currentSize : 31 <-- 40.093544 s

maxsize : 31
nodes : 8888950.000000
filtered : 135858622.000000
time : 40.277344
