Parameters: GAD=1 vflib=1 dir=0 label=0 lowerbound=1 fileNameGp=../graphsdb/mcs90/rand/r02/mcs90_r02_s25.A98 fileNameGt=../graphsdb/mcs90/rand/r02/mcs90_r02_s25.B98
Reading graphs...
25 :  110
25 :  106
Initializing...
maxdom : 25
D->valSize : 625
Solving...
Blb : 2 (clique : 10)
currentSize : 10 <-- 0.004667 s
currentSize : 11 <-- 0.004751 s
currentSize : 12 <-- 0.005271 s
currentSize : 14 <-- 0.017949 s
currentSize : 16 <-- 0.025630 s
currentSize : 17 <-- 0.180216 s
currentSize : 22 <-- 0.180445 s

maxsize : 22
nodes : 37515.000000
filtered : 824214.000000
time : 0.198907
