Parameters: GAD=1 vflib=1 dir=0 label=0 lowerbound=1 fileNameGp=../graphsdb/mcs90/m3D/m3Dr4/mcs90_m3Dr4_s30.A39 fileNameGt=../graphsdb/mcs90/m3D/m3Dr4/mcs90_m3Dr4_s30.B39
Reading graphs...
30 :  72
30 :  72
Initializing...
maxdom : 30
D->valSize : 900
Solving...
Blb : 2 (clique : 17)
currentSize : 17 <-- 0.018730 s
currentSize : 18 <-- 0.019792 s
currentSize : 20 <-- 0.022451 s
currentSize : 21 <-- 0.120346 s
currentSize : 22 <-- 0.120415 s
currentSize : 23 <-- 0.433710 s
currentSize : 24 <-- 0.433789 s
currentSize : 27 <-- 1.312801 s

maxsize : 27
nodes : 77509.000000
filtered : 3857182.000000
time : 1.367433
