Parameters: GAD=1 vflib=1 dir=0 label=0 lowerbound=1 fileNameGp=../graphsdb/mcs90/bvg/b03m/mcs90_b03m_s30.A26 fileNameGt=../graphsdb/mcs90/bvg/b03m/mcs90_b03m_s30.B26
Reading graphs...
30 :  44
30 :  44
Initializing...
maxdom : 30
D->valSize : 900
Solving...
Blb : 2 (clique : 19)
currentSize : 19 <-- 0.019730 s
currentSize : 20 <-- 0.028190 s
currentSize : 21 <-- 0.077402 s
currentSize : 22 <-- 0.288478 s
currentSize : 23 <-- 8.223487 s
currentSize : 24 <-- 9.641680 s
currentSize : 25 <-- 13.412076 s
currentSize : 26 <-- 13.465394 s

maxsize : 26
nodes : 433994.000000
filtered : 20858206.000000
time : 14.238745
