Parameters: GAD=1 vflib=1 dir=0 label=0 lowerbound=1 fileNameGp=../graphsdb/mcs90/m2D/m2Dr2/mcs90_m2Dr2_s20.A12 fileNameGt=../graphsdb/mcs90/m2D/m2Dr2/mcs90_m2Dr2_s20.B12
Reading graphs...
20 :  35
20 :  34
Initializing...
maxdom : 20
D->valSize : 400
Solving...
Blb : 3 (clique : 12)
currentSize : 12 <-- 0.002316 s
currentSize : 13 <-- 0.002677 s
currentSize : 14 <-- 0.003721 s
currentSize : 15 <-- 0.072048 s
currentSize : 16 <-- 0.079958 s

maxsize : 16
nodes : 12860.000000
filtered : 274783.000000
time : 0.111619
