Parameters: GAD=1 vflib=1 dir=0 label=0 lowerbound=1 fileNameGp=../graphsdb/mcs90/rand/r005/mcs90_r005_s35.A44 fileNameGt=../graphsdb/mcs90/rand/r005/mcs90_r005_s35.B44
Reading graphs...
35 :  56
35 :  56
Initializing...
maxdom : 35
D->valSize : 1225
Solving...
Blb : 2 (clique : 22)
currentSize : 22 <-- 0.021094 s
currentSize : 23 <-- 0.022406 s
currentSize : 24 <-- 0.197621 s
currentSize : 25 <-- 0.576347 s
currentSize : 26 <-- 10.927533 s
currentSize : 27 <-- 43.038837 s
currentSize : 28 <-- 459.561340 s
currentSize : 29 <-- 493.035034 s
currentSize : 30 <-- 522.695190 s
currentSize : 31 <-- 522.696716 s

maxsize : 31
nodes : 5192639.000000
filtered : 447035280.000000
time : 523.301514
