Parameters: GAD=1 vflib=1 dir=0 label=0 lowerbound=1 fileNameGp=../graphsdb/mcs90/bvg/b09m/mcs90_b09m_s35.A57 fileNameGt=../graphsdb/mcs90/bvg/b09m/mcs90_b09m_s35.B57
Reading graphs...
35 :  153
35 :  153
Initializing...
maxdom : 35
D->valSize : 1225
Solving...
Blb : 3 (clique : 13)
currentSize : 13 <-- 0.018355 s
currentSize : 14 <-- 0.018592 s
currentSize : 15 <-- 0.023051 s
currentSize : 16 <-- 0.037450 s
currentSize : 17 <-- 0.835053 s
currentSize : 18 <-- 166.221741 s
currentSize : 19 <-- 166.417679 s
currentSize : 25 <-- 167.870270 s
currentSize : 30 <-- 169.076462 s

maxsize : 30
nodes : 25531229.000000
filtered : 576410376.000000
time : 169.468903
