Parameters: GAD=1 vflib=1 dir=0 label=0 lowerbound=1 fileNameGp=../graphsdb/mcs90/rand/r005/mcs90_r005_s35.A34 fileNameGt=../graphsdb/mcs90/rand/r005/mcs90_r005_s35.B34
Reading graphs...
35 :  58
35 :  58
Initializing...
maxdom : 35
D->valSize : 1225
Solving...
Blb : 2 (clique : 22)
currentSize : 22 <-- 0.021669 s
currentSize : 23 <-- 0.022998 s
currentSize : 24 <-- 0.024620 s
currentSize : 25 <-- 25.181532 s
currentSize : 26 <-- 63.673267 s
currentSize : 27 <-- 86.498894 s
currentSize : 28 <-- 86.865356 s
currentSize : 29 <-- 86.971016 s
currentSize : 31 <-- 86.996864 s

maxsize : 31
nodes : 2468506.000000
filtered : 101532506.000000
time : 87.482437
