Parameters: GAD=1 vflib=1 dir=0 label=0 lowerbound=1 fileNameGp=../graphsdb/mcs90/rand/r02/mcs90_r02_s20.A84 fileNameGt=../graphsdb/mcs90/rand/r02/mcs90_r02_s20.B84
Reading graphs...
20 :  69
20 :  69
Initializing...
maxdom : 20
D->valSize : 400
Solving...
Blb : 3 (clique : 10)
currentSize : 10 <-- 0.002335 s
currentSize : 11 <-- 0.002628 s
currentSize : 12 <-- 0.004389 s
currentSize : 13 <-- 0.119963 s
currentSize : 15 <-- 0.127061 s
currentSize : 18 <-- 0.127199 s

maxsize : 18
nodes : 32695.000000
filtered : 506384.000000
time : 0.133144
