Parameters: GAD=1 vflib=1 dir=0 label=0 lowerbound=1 fileNameGp=../graphsdb/mcs90/m2D/m2Dr4/mcs90_m2Dr4_s30.A91 fileNameGt=../graphsdb/mcs90/m2D/m2Dr4/mcs90_m2Dr4_s30.B91
Reading graphs...
30 :  60
30 :  60
Initializing...
maxdom : 30
D->valSize : 900
Solving...
Blb : 2 (clique : 16)
currentSize : 16 <-- 0.010990 s
currentSize : 17 <-- 0.011938 s
currentSize : 18 <-- 0.029583 s
currentSize : 19 <-- 0.164294 s
currentSize : 20 <-- 5.109782 s
currentSize : 21 <-- 29.033524 s
currentSize : 24 <-- 39.535721 s
currentSize : 25 <-- 39.535763 s

maxsize : 25
nodes : 2307322.000000
filtered : 97892717.000000
time : 40.764297
