Parameters: GAD=1 vflib=1 dir=0 label=0 lowerbound=1 fileNameGp=../graphsdb/mcs90/rand/r01/mcs90_r01_s25.A03 fileNameGt=../graphsdb/mcs90/rand/r01/mcs90_r01_s25.B03
Reading graphs...
25 :  57
25 :  57
Initializing...
maxdom : 25
D->valSize : 625
Solving...
Blb : 2 (clique : 13)
currentSize : 13 <-- 0.005077 s
currentSize : 14 <-- 0.005171 s
currentSize : 15 <-- 0.005504 s
currentSize : 17 <-- 0.007482 s
currentSize : 18 <-- 0.097513 s
currentSize : 20 <-- 0.210268 s
currentSize : 22 <-- 0.270012 s

maxsize : 22
nodes : 22273.000000
filtered : 861120.000000
time : 0.298329
