Parameters: GAD=1 vflib=1 dir=0 label=0 lowerbound=1 fileNameGp=../graphsdb/mcs90/m2D/m2Dr6/mcs90_m2Dr6_s20.A88 fileNameGt=../graphsdb/mcs90/m2D/m2Dr6/mcs90_m2Dr6_s20.B88
Reading graphs...
20 :  43
20 :  41
Initializing...
maxdom : 20
D->valSize : 400
Solving...
Blb : 2 (clique : 12)
currentSize : 12 <-- 0.002203 s
currentSize : 13 <-- 0.002817 s
currentSize : 14 <-- 0.117113 s
currentSize : 15 <-- 0.232558 s
currentSize : 16 <-- 0.233587 s

maxsize : 16
nodes : 34584.000000
filtered : 760608.000000
time : 0.245996
