Parameters: GAD=1 vflib=1 dir=0 label=0 lowerbound=1 fileNameGp=../graphsdb/mcs90/rand/r005/mcs90_r005_s25.A47 fileNameGt=../graphsdb/mcs90/rand/r005/mcs90_r005_s25.B47
Reading graphs...
25 :  29
25 :  29
Initializing...
maxdom : 25
D->valSize : 625
Solving...
Blb : 5 (clique : 17)
currentSize : 17 <-- 0.009877 s
currentSize : 19 <-- 0.010043 s
currentSize : 20 <-- 0.018639 s
currentSize : 21 <-- 0.676601 s
currentSize : 22 <-- 0.720191 s

maxsize : 22
nodes : 25715.000000
filtered : 1401814.000000
time : 0.915473
