Parameters: GAD=1 vflib=1 dir=0 label=0 lowerbound=1 fileNameGp=../graphsdb/mcs90/rand/r005/mcs90_r005_s30.A87 fileNameGt=../graphsdb/mcs90/rand/r005/mcs90_r005_s30.B87
Reading graphs...
30 :  41
30 :  41
Initializing...
maxdom : 30
D->valSize : 900
Solving...
Blb : 3 (clique : 23)
currentSize : 23 <-- 0.020508 s
currentSize : 24 <-- 1.531446 s
currentSize : 25 <-- 2.692482 s
currentSize : 26 <-- 14.453287 s
currentSize : 27 <-- 14.453584 s

maxsize : 27
nodes : 251728.000000
filtered : 20694257.000000
time : 14.728395
