Parameters: GAD=1 vflib=1 dir=0 label=0 lowerbound=1 fileNameGp=../graphsdb/mcs90/m3D/m3Dr4/mcs90_m3Dr4_s30.A82 fileNameGt=../graphsdb/mcs90/m3D/m3Dr4/mcs90_m3Dr4_s30.B82
Reading graphs...
30 :  73
30 :  73
Initializing...
maxdom : 30
D->valSize : 900
Solving...
Blb : 3 (clique : 16)
currentSize : 16 <-- 0.016318 s
currentSize : 17 <-- 0.017045 s
currentSize : 18 <-- 0.141181 s
currentSize : 19 <-- 0.368333 s
currentSize : 20 <-- 0.941021 s
currentSize : 22 <-- 7.665399 s
currentSize : 23 <-- 7.726166 s
currentSize : 27 <-- 7.735560 s

maxsize : 27
nodes : 806486.000000
filtered : 24343409.000000
time : 7.830991
