Parameters: GAD=1 vflib=1 dir=0 label=0 lowerbound=1 fileNameGp=../graphsdb/mcs90/rand/r02/mcs90_r02_s15.A33 fileNameGt=../graphsdb/mcs90/rand/r02/mcs90_r02_s15.B33
Reading graphs...
15 :  33
15 :  35
Initializing...
maxdom : 15
D->valSize : 225
Solving...
Blb : 2 (clique : 8)
currentSize : 8 <-- 0.000935 s
currentSize : 9 <-- 0.001128 s
currentSize : 10 <-- 0.002533 s
currentSize : 11 <-- 0.008689 s
currentSize : 13 <-- 0.008724 s

maxsize : 13
nodes : 1662.000000
filtered : 29128.000000
time : 0.009700
