Parameters: GAD=1 vflib=1 dir=0 label=0 lowerbound=1 fileNameGp=../graphsdb/mcs90/bvg/b06m/mcs90_b06m_s30.A37 fileNameGt=../graphsdb/mcs90/bvg/b06m/mcs90_b06m_s30.B37
Reading graphs...
30 :  87
30 :  87
Initializing...
maxdom : 30
D->valSize : 900
Solving...
Blb : 2 (clique : 14)
currentSize : 14 <-- 0.010380 s
currentSize : 15 <-- 0.010498 s
currentSize : 16 <-- 0.018381 s
currentSize : 17 <-- 0.783086 s
currentSize : 18 <-- 2.084359 s
currentSize : 19 <-- 2.163319 s
currentSize : 20 <-- 2.659893 s
currentSize : 21 <-- 2.659925 s
currentSize : 23 <-- 2.891464 s
currentSize : 24 <-- 3.128741 s
currentSize : 25 <-- 3.131718 s
currentSize : 27 <-- 3.131793 s

maxsize : 27
nodes : 382074.000000
filtered : 10103137.000000
time : 3.213870
