Parameters: GAD=1 vflib=1 dir=0 label=0 lowerbound=1 fileNameGp=../graphsdb/mcs90/m3D/m3Dr2/mcs90_m3Dr2_s30.A76 fileNameGt=../graphsdb/mcs90/m3D/m3Dr2/mcs90_m3Dr2_s30.B76
Reading graphs...
30 :  67
30 :  67
Initializing...
maxdom : 30
D->valSize : 900
Solving...
Blb : 2 (clique : 16)
currentSize : 16 <-- 0.010713 s
currentSize : 17 <-- 0.010840 s
currentSize : 18 <-- 0.011328 s
currentSize : 19 <-- 0.012267 s
currentSize : 20 <-- 0.181760 s
currentSize : 21 <-- 0.181812 s
currentSize : 22 <-- 0.182451 s
currentSize : 23 <-- 0.190396 s
currentSize : 24 <-- 2.663435 s
currentSize : 25 <-- 3.204989 s
currentSize : 27 <-- 3.205044 s

maxsize : 27
nodes : 181536.000000
filtered : 8546928.000000
time : 3.261624
