Parameters: GAD=1 vflib=1 dir=0 label=0 lowerbound=1 fileNameGp=../graphsdb/mcs90/m3D/m3Dr2/mcs90_m3Dr2_s30.A89 fileNameGt=../graphsdb/mcs90/m3D/m3Dr2/mcs90_m3Dr2_s30.B89
Reading graphs...
30 :  67
30 :  65
Initializing...
maxdom : 30
D->valSize : 900
Solving...
Blb : 2 (clique : 15)
currentSize : 15 <-- 0.011244 s
currentSize : 18 <-- 0.011365 s
currentSize : 19 <-- 0.011428 s
currentSize : 20 <-- 1.026717 s
currentSize : 22 <-- 1.959722 s
currentSize : 23 <-- 4.863654 s
currentSize : 27 <-- 4.892519 s

maxsize : 27
nodes : 368010.000000
filtered : 12005783.000000
time : 5.017870
