Parameters: GAD=1 vflib=1 dir=0 label=0 lowerbound=1 fileNameGp=../graphsdb/mcs90/rand/r01/mcs90_r01_s30.A26 fileNameGt=../graphsdb/mcs90/rand/r01/mcs90_r01_s30.B26
Reading graphs...
30 :  82
30 :  82
Initializing...
maxdom : 30
D->valSize : 900
Solving...
Blb : 2 (clique : 17)
currentSize : 17 <-- 0.010386 s
currentSize : 18 <-- 0.014728 s
currentSize : 19 <-- 0.030819 s
currentSize : 21 <-- 0.031237 s
currentSize : 27 <-- 0.048957 s

maxsize : 27
nodes : 7661.000000
filtered : 282732.000000
time : 0.111201
