Parameters: GAD=1 vflib=1 dir=0 label=0 lowerbound=1 fileNameGp=../graphsdb/mcs90/m3D/m3Dr2/mcs90_m3Dr2_s30.A16 fileNameGt=../graphsdb/mcs90/m3D/m3Dr2/mcs90_m3Dr2_s30.B16
Reading graphs...
30 :  67
30 :  66
Initializing...
maxdom : 30
D->valSize : 900
Solving...
Blb : 2 (clique : 16)
currentSize : 16 <-- 0.011399 s
currentSize : 17 <-- 0.011595 s
currentSize : 18 <-- 0.015544 s
currentSize : 19 <-- 0.266805 s
currentSize : 20 <-- 0.324497 s
currentSize : 21 <-- 10.754516 s
currentSize : 23 <-- 10.787096 s
currentSize : 27 <-- 10.808164 s

maxsize : 27
nodes : 1111634.000000
filtered : 28613102.000000
time : 10.856581
