Parameters: GAD=1 vflib=1 dir=0 label=0 lowerbound=1 fileNameGp=../graphsdb/mcs90/rand/r005/mcs90_r005_s35.A23 fileNameGt=../graphsdb/mcs90/rand/r005/mcs90_r005_s35.B23
Reading graphs...
35 :  57
35 :  54
Initializing...
maxdom : 35
D->valSize : 1225
Solving...
Blb : 2 (clique : 21)
currentSize : 21 <-- 0.038061 s
currentSize : 22 <-- 0.038416 s
currentSize : 23 <-- 0.038801 s
currentSize : 24 <-- 0.118378 s
currentSize : 25 <-- 1.369776 s
currentSize : 26 <-- 5.681514 s
currentSize : 27 <-- 6.238034 s
currentSize : 28 <-- 7.743139 s
currentSize : 29 <-- 7.810099 s
currentSize : 31 <-- 7.810118 s

maxsize : 31
nodes : 229827.000000
filtered : 16344335.000000
time : 13.592522
