Parameters: GAD=1 vflib=1 dir=0 label=0 lowerbound=1 fileNameGp=../graphsdb/mcs90/rand/r01/mcs90_r01_s25.A20 fileNameGt=../graphsdb/mcs90/rand/r01/mcs90_r01_s25.B20
Reading graphs...
25 :  55
25 :  54
Initializing...
maxdom : 25
D->valSize : 625
Solving...
Blb : 2 (clique : 14)
currentSize : 14 <-- 0.009034 s
currentSize : 15 <-- 0.020255 s
currentSize : 16 <-- 0.029727 s
currentSize : 17 <-- 0.810607 s
currentSize : 18 <-- 2.085946 s
currentSize : 20 <-- 3.179996 s
currentSize : 22 <-- 3.180840 s

maxsize : 22
nodes : 336902.000000
filtered : 9179813.000000
time : 3.212205
