Parameters: GAD=1 vflib=1 dir=0 label=0 lowerbound=1 fileNameGp=../graphsdb/mcs90/bvg/b09m/mcs90_b09m_s30.A80 fileNameGt=../graphsdb/mcs90/bvg/b09m/mcs90_b09m_s30.B80
Reading graphs...
30 :  132
30 :  131
Initializing...
maxdom : 30
D->valSize : 900
Solving...
Blb : 2 (clique : 11)
currentSize : 11 <-- 0.009734 s
currentSize : 12 <-- 0.009848 s
currentSize : 13 <-- 0.011394 s
currentSize : 14 <-- 0.232252 s
currentSize : 15 <-- 1.527670 s
currentSize : 16 <-- 6.591439 s
currentSize : 17 <-- 6.592264 s
currentSize : 19 <-- 8.556182 s
currentSize : 20 <-- 10.619558 s
currentSize : 22 <-- 11.146567 s
currentSize : 26 <-- 11.146617 s

maxsize : 26
nodes : 1925671.000000
filtered : 39471490.000000
time : 11.254123
