Parameters: GAD=1 vflib=1 dir=0 label=0 lowerbound=1 fileNameGp=../graphsdb/mcs90/m2D/m2Dr6/mcs90_m2Dr6_s30.A09 fileNameGt=../graphsdb/mcs90/m2D/m2Dr6/mcs90_m2Dr6_s30.B09
Reading graphs...
30 :  67
30 :  66
Initializing...
maxdom : 30
D->valSize : 900
Solving...
Blb : 2 (clique : 15)
currentSize : 15 <-- 0.011164 s
currentSize : 16 <-- 0.011291 s
currentSize : 17 <-- 0.011330 s
currentSize : 18 <-- 0.036969 s
currentSize : 19 <-- 0.834555 s
currentSize : 20 <-- 5.201535 s
currentSize : 21 <-- 9.152377 s
currentSize : 22 <-- 26.616859 s
currentSize : 23 <-- 26.621878 s
currentSize : 24 <-- 26.945387 s
currentSize : 25 <-- 26.947592 s

maxsize : 25
nodes : 1678477.000000
filtered : 73974770.000000
time : 27.711584
