Parameters: GAD=1 vflib=1 dir=0 label=0 lowerbound=1 fileNameGp=../graphsdb/mcs90/bvg/b09m/mcs90_b09m_s20.A18 fileNameGt=../graphsdb/mcs90/bvg/b09m/mcs90_b09m_s20.B18
Reading graphs...
20 :  85
20 :  87
Initializing...
maxdom : 20
D->valSize : 400
Solving...
Blb : 3 (clique : 10)
currentSize : 10 <-- 0.002025 s
currentSize : 11 <-- 0.004290 s
currentSize : 12 <-- 0.005216 s
currentSize : 13 <-- 0.123481 s
currentSize : 18 <-- 0.123596 s

maxsize : 18
nodes : 36767.000000
filtered : 444978.000000
time : 0.128579
