Parameters: GAD=1 vflib=1 dir=0 label=0 lowerbound=1 fileNameGp=../graphsdb/mcs90/rand/r005/mcs90_r005_s35.A98 fileNameGt=../graphsdb/mcs90/rand/r005/mcs90_r005_s35.B98
Reading graphs...
35 :  57
35 :  56
Initializing...
maxdom : 35
D->valSize : 1225
Solving...
Blb : 2 (clique : 21)
currentSize : 21 <-- 0.020755 s
currentSize : 22 <-- 0.021096 s
currentSize : 23 <-- 0.244931 s
currentSize : 24 <-- 0.245418 s
currentSize : 25 <-- 0.250664 s
currentSize : 26 <-- 1.878803 s
currentSize : 27 <-- 4.430394 s
currentSize : 31 <-- 4.434247 s

maxsize : 31
nodes : 128042.000000
filtered : 7757564.000000
time : 6.125382
