Parameters: GAD=1 vflib=1 dir=0 label=0 lowerbound=1 fileNameGp=../graphsdb/mcs90/bvg/b06/mcs90_b06_s35.A98 fileNameGt=../graphsdb/mcs90/bvg/b06/mcs90_b06_s35.B98
Reading graphs...
35 :  105
35 :  104
Initializing...
maxdom : 35
D->valSize : 1225
Solving...
Blb : 2 (clique : 20)
currentSize : 20 <-- 0.021204 s
currentSize : 21 <-- 0.021544 s
currentSize : 22 <-- 0.022288 s
currentSize : 23 <-- 0.026699 s
currentSize : 24 <-- 0.049862 s
currentSize : 25 <-- 0.101444 s
currentSize : 26 <-- 0.114304 s
currentSize : 27 <-- 0.114988 s
currentSize : 29 <-- 0.233404 s
currentSize : 31 <-- 0.249428 s
currentSize : 32 <-- 0.284947 s

maxsize : 32
nodes : 15163.000000
filtered : 822407.000000
time : 0.722250
