Parameters: GAD=1 vflib=1 dir=0 label=0 lowerbound=1 fileNameGp=../graphsdb/mcs90/bvg/b06/mcs90_b06_s30.A86 fileNameGt=../graphsdb/mcs90/bvg/b06/mcs90_b06_s30.B86
Reading graphs...
30 :  90
30 :  90
Initializing...
maxdom : 30
D->valSize : 900
Solving...
Blb : 3 (clique : 17)
currentSize : 17 <-- 0.018047 s
currentSize : 18 <-- 0.018646 s
currentSize : 19 <-- 0.018805 s
currentSize : 21 <-- 0.018833 s
currentSize : 22 <-- 0.019145 s
currentSize : 23 <-- 0.019468 s
currentSize : 24 <-- 0.036106 s
currentSize : 25 <-- 0.038386 s
currentSize : 27 <-- 0.042151 s

maxsize : 27
nodes : 5264.000000
filtered : 297151.000000
time : 0.234149
