Parameters: GAD=1 vflib=1 dir=0 label=0 lowerbound=1 fileNameGp=../graphsdb/mcs90/rand/r02/mcs90_r02_s35.A38 fileNameGt=../graphsdb/mcs90/rand/r02/mcs90_r02_s35.B38
Reading graphs...
35 :  219
35 :  218
Initializing...
maxdom : 35
D->valSize : 1225
Solving...
Blb : 3 (clique : 12)
currentSize : 12 <-- 0.017589 s
currentSize : 13 <-- 0.032194 s
currentSize : 14 <-- 0.301396 s
currentSize : 15 <-- 3.596334 s
currentSize : 16 <-- 14.392992 s
currentSize : 17 <-- 16.644106 s
currentSize : 20 <-- 16.651518 s
currentSize : 21 <-- 31.472498 s
currentSize : 23 <-- 33.896156 s
currentSize : 31 <-- 33.896278 s

maxsize : 31
nodes : 7040177.000000
filtered : 129242024.000000
time : 34.064247
