Parameters: GAD=1 vflib=1 dir=0 label=0 lowerbound=1 fileNameGp=../graphsdb/mcs90/bvg/b09m/mcs90_b09m_s35.A20 fileNameGt=../graphsdb/mcs90/bvg/b09m/mcs90_b09m_s35.B20
Reading graphs...
35 :  149
35 :  148
Initializing...
maxdom : 35
D->valSize : 1225
Solving...
Blb : 2 (clique : 14)
currentSize : 14 <-- 0.018241 s
currentSize : 15 <-- 0.018428 s
currentSize : 16 <-- 0.059795 s
currentSize : 17 <-- 0.811209 s
currentSize : 18 <-- 2.751090 s
currentSize : 19 <-- 11.673003 s
currentSize : 20 <-- 21.787994 s
currentSize : 21 <-- 70.525536 s
currentSize : 22 <-- 70.543831 s
currentSize : 23 <-- 70.543999 s
currentSize : 25 <-- 70.544136 s
currentSize : 27 <-- 70.544334 s
currentSize : 30 <-- 70.551544 s
currentSize : 31 <-- 70.551773 s

maxsize : 31
nodes : 9191442.000000
filtered : 263025816.000000
time : 70.780815
