Parameters: GAD=1 vflib=1 dir=0 label=0 lowerbound=1 fileNameGp=../graphsdb/mcs90/rand/r005/mcs90_r005_s30.A11 fileNameGt=../graphsdb/mcs90/rand/r005/mcs90_r005_s30.B11
Reading graphs...
30 :  41
30 :  42
Initializing...
maxdom : 30
D->valSize : 900
Solving...
Blb : 2 (clique : 20)
currentSize : 20 <-- 0.011762 s
currentSize : 21 <-- 0.012037 s
currentSize : 22 <-- 0.012183 s
currentSize : 23 <-- 3.023506 s
currentSize : 24 <-- 6.349740 s
currentSize : 27 <-- 10.070713 s

maxsize : 27
nodes : 170394.000000
filtered : 9479976.000000
time : 10.369730
