Parameters: GAD=1 vflib=1 dir=0 label=0 lowerbound=1 fileNameGp=../graphsdb/mcs90/bvg/b03m/mcs90_b03m_s20.A45 fileNameGt=../graphsdb/mcs90/bvg/b03m/mcs90_b03m_s20.B45
Reading graphs...
20 :  30
20 :  30
Initializing...
maxdom : 20
D->valSize : 400
Solving...
Blb : 2 (clique : 13)
currentSize : 13 <-- 0.002368 s
currentSize : 14 <-- 0.002913 s
currentSize : 15 <-- 0.003812 s
currentSize : 16 <-- 0.018087 s
currentSize : 17 <-- 0.020590 s
currentSize : 18 <-- 0.020802 s

maxsize : 18
nodes : 1988.000000
filtered : 53889.000000
time : 0.031470
