Parameters: GAD=1 vflib=1 dir=0 label=0 lowerbound=1 fileNameGp=../graphsdb/mcs90/rand/r01/mcs90_r01_s25.A34 fileNameGt=../graphsdb/mcs90/rand/r01/mcs90_r01_s25.B34
Reading graphs...
25 :  56
25 :  58
Initializing...
maxdom : 25
D->valSize : 625
Solving...
Blb : 2 (clique : 14)
currentSize : 14 <-- 0.008911 s
currentSize : 15 <-- 0.011973 s
currentSize : 16 <-- 0.087408 s
currentSize : 17 <-- 1.924605 s
currentSize : 22 <-- 1.978908 s

maxsize : 22
nodes : 254627.000000
filtered : 5359680.000000
time : 2.013855
