Parameters: GAD=1 vflib=1 dir=0 label=0 lowerbound=1 fileNameGp=../graphsdb/mcs90/bvg/b09m/mcs90_b09m_s35.A34 fileNameGt=../graphsdb/mcs90/bvg/b09m/mcs90_b09m_s35.B34
Reading graphs...
35 :  154
35 :  154
Initializing...
maxdom : 35
D->valSize : 1225
Solving...
Blb : 5 (clique : 14)
currentSize : 14 <-- 0.023641 s
currentSize : 15 <-- 0.025972 s
currentSize : 16 <-- 0.034079 s
currentSize : 17 <-- 1.039455 s
currentSize : 20 <-- 104.331245 s
currentSize : 21 <-- 104.400726 s
currentSize : 25 <-- 104.423790 s
currentSize : 26 <-- 108.182945 s
currentSize : 30 <-- 108.183006 s

maxsize : 30
nodes : 17655080.000000
filtered : 399527102.000000
time : 108.608124
