Parameters: GAD=1 vflib=1 dir=0 label=0 lowerbound=1 fileNameGp=../graphsdb/mcs90/m4D/m4Dr4/mcs90_m4Dr4_s20.A81 fileNameGt=../graphsdb/mcs90/m4D/m4Dr4/mcs90_m4Dr4_s20.B81
Reading graphs...
20 :  45
20 :  45
Initializing...
maxdom : 20
D->valSize : 400
Solving...
Blb : 5 (clique : 11)
currentSize : 11 <-- 0.002207 s
currentSize : 12 <-- 0.002370 s
currentSize : 13 <-- 0.007854 s
currentSize : 14 <-- 0.277493 s
currentSize : 15 <-- 0.278413 s
currentSize : 16 <-- 0.278945 s

maxsize : 16
nodes : 47354.000000
filtered : 876800.000000
time : 0.314633
