Parameters: GAD=1 vflib=1 dir=0 label=0 lowerbound=1 fileNameGp=../graphsdb/mcs90/m2D/m2Dr2/mcs90_m2Dr2_s30.A21 fileNameGt=../graphsdb/mcs90/m2D/m2Dr2/mcs90_m2Dr2_s30.B21
Reading graphs...
30 :  54
30 :  52
Initializing...
maxdom : 30
D->valSize : 900
Solving...
Blb : 2 (clique : 17)
currentSize : 17 <-- 0.019894 s
currentSize : 19 <-- 0.020092 s
currentSize : 20 <-- 0.022740 s
currentSize : 21 <-- 0.411433 s
currentSize : 22 <-- 1.775898 s
currentSize : 23 <-- 17.521011 s
currentSize : 24 <-- 17.521162 s
currentSize : 25 <-- 17.521803 s

maxsize : 25
nodes : 782258.000000
filtered : 37284781.000000
time : 19.129099
