Parameters: GAD=1 vflib=1 dir=0 label=0 lowerbound=1 fileNameGp=../graphsdb/mcs90/bvg/b03/mcs90_b03_s30.A97 fileNameGt=../graphsdb/mcs90/bvg/b03/mcs90_b03_s30.B97
Reading graphs...
30 :  45
30 :  45
Initializing...
maxdom : 30
D->valSize : 900
Solving...
Blb : 2 (clique : 20)
currentSize : 20 <-- 0.011652 s
currentSize : 21 <-- 0.011806 s
currentSize : 22 <-- 0.011866 s
currentSize : 24 <-- 0.022824 s
currentSize : 25 <-- 0.344456 s
currentSize : 26 <-- 0.431221 s
currentSize : 27 <-- 0.529440 s

maxsize : 27
nodes : 12394.000000
filtered : 867768.000000
time : 1.153115
