Parameters: GAD=1 vflib=1 dir=0 label=0 lowerbound=1 fileNameGp=../graphsdb/mcs90/bvg/b09/mcs90_b09_s25.A52 fileNameGt=../graphsdb/mcs90/bvg/b09/mcs90_b09_s25.B52
Reading graphs...
25 :  111
25 :  112
Initializing...
maxdom : 25
D->valSize : 625
Solving...
Blb : 2 (clique : 17)
currentSize : 17 <-- 0.004746 s
currentSize : 18 <-- 0.006945 s
currentSize : 19 <-- 0.007018 s
currentSize : 21 <-- 0.007446 s
currentSize : 22 <-- 0.008127 s
currentSize : 23 <-- 0.014224 s

maxsize : 23
nodes : 1367.000000
filtered : 88517.000000
time : 0.035309
