Parameters: GAD=1 vflib=1 dir=0 label=0 lowerbound=1 fileNameGp=../graphsdb/mcs90/bvg/b03m/mcs90_b03m_s35.A04 fileNameGt=../graphsdb/mcs90/bvg/b03m/mcs90_b03m_s35.B04
Reading graphs...
35 :  51
35 :  51
Initializing...
maxdom : 35
D->valSize : 1225
Solving...
Blb : 2 (clique : 21)
currentSize : 21 <-- 0.022245 s
currentSize : 22 <-- 0.022444 s
currentSize : 23 <-- 0.022454 s
currentSize : 24 <-- 0.022638 s
currentSize : 25 <-- 0.023689 s
currentSize : 26 <-- 0.068170 s
currentSize : 27 <-- 0.505285 s
currentSize : 28 <-- 6.796044 s
currentSize : 29 <-- 311.469025 s
currentSize : 30 <-- 311.469086 s

maxsize : 30
nodes : 3368529.000000
filtered : 317734162.000000
time : 333.898834
