Parameters: GAD=1 vflib=1 dir=0 label=0 lowerbound=1 fileNameGp=../graphsdb/mcs90/bvg/b09/mcs90_b09_s30.A83 fileNameGt=../graphsdb/mcs90/bvg/b09/mcs90_b09_s30.B83
Reading graphs...
30 :  134
30 :  135
Initializing...
maxdom : 30
D->valSize : 900
Solving...
Blb : 5 (clique : 14)
currentSize : 14 <-- 0.009875 s
currentSize : 15 <-- 0.011812 s
currentSize : 16 <-- 0.011906 s
currentSize : 17 <-- 0.011970 s
currentSize : 18 <-- 0.016047 s
currentSize : 19 <-- 0.040888 s
currentSize : 20 <-- 0.040999 s
currentSize : 26 <-- 0.058830 s

maxsize : 26
nodes : 22197.000000
filtered : 1035773.000000
time : 0.273452
