Parameters: GAD=1 vflib=1 dir=0 label=0 lowerbound=1 fileNameGp=../graphsdb/mcs90/m2D/m2Dr2/mcs90_m2Dr2_s30.A99 fileNameGt=../graphsdb/mcs90/m2D/m2Dr2/mcs90_m2Dr2_s30.B99
Reading graphs...
30 :  53
30 :  54
Initializing...
maxdom : 30
D->valSize : 900
Solving...
Blb : 2 (clique : 18)
currentSize : 18 <-- 0.011454 s
currentSize : 19 <-- 0.011657 s
currentSize : 20 <-- 0.011881 s
currentSize : 21 <-- 0.146930 s
currentSize : 22 <-- 0.307514 s
currentSize : 23 <-- 56.340115 s
currentSize : 24 <-- 67.377281 s
currentSize : 25 <-- 71.782822 s

maxsize : 25
nodes : 1472287.000000
filtered : 79367541.000000
time : 72.167519
