Parameters: GAD=1 vflib=1 dir=0 label=0 lowerbound=1 fileNameGp=../graphsdb/mcs90/bvg/b06/mcs90_b06_s20.A58 fileNameGt=../graphsdb/mcs90/bvg/b06/mcs90_b06_s20.B58
Reading graphs...
20 :  60
20 :  60
Initializing...
maxdom : 20
D->valSize : 400
Solving...
Blb : 3 (clique : 12)
currentSize : 12 <-- 0.002188 s
currentSize : 13 <-- 0.002269 s
currentSize : 14 <-- 0.002326 s
currentSize : 15 <-- 0.002514 s
currentSize : 16 <-- 0.002529 s
currentSize : 18 <-- 0.002573 s

maxsize : 18
nodes : 765.000000
filtered : 33361.000000
time : 0.016180
