Parameters: GAD=1 vflib=1 dir=0 label=0 lowerbound=1 fileNameGp=../graphsdb/mcs90/bvg/b09/mcs90_b09_s25.A06 fileNameGt=../graphsdb/mcs90/bvg/b09/mcs90_b09_s25.B06
Reading graphs...
25 :  111
25 :  111
Initializing...
maxdom : 25
D->valSize : 625
Solving...
Blb : 3 (clique : 10)
currentSize : 10 <-- 0.004492 s
currentSize : 12 <-- 0.004824 s
currentSize : 13 <-- 0.004884 s
currentSize : 17 <-- 0.036443 s
currentSize : 19 <-- 0.036481 s
currentSize : 22 <-- 0.036539 s

maxsize : 22
nodes : 13380.000000
filtered : 342929.000000
time : 0.108724
