Parameters: GAD=1 vflib=1 dir=0 label=0 lowerbound=1 fileNameGp=../graphsdb/mcs90/rand/r01/mcs90_r01_s20.A14 fileNameGt=../graphsdb/mcs90/rand/r01/mcs90_r01_s20.B14
Reading graphs...
20 :  35
20 :  34
Initializing...
maxdom : 20
D->valSize : 400
Solving...
Blb : 2 (clique : 12)
currentSize : 12 <-- 0.002567 s
currentSize : 13 <-- 0.002663 s
currentSize : 14 <-- 0.002713 s
currentSize : 15 <-- 0.004314 s
currentSize : 16 <-- 0.005873 s
currentSize : 18 <-- 0.017485 s

maxsize : 18
nodes : 944.000000
filtered : 31020.000000
time : 0.023840
