Parameters: GAD=1 vflib=1 dir=0 label=0 lowerbound=1 fileNameGp=../graphsdb/mcs90/bvg/b03m/mcs90_b03m_s20.A82 fileNameGt=../graphsdb/mcs90/bvg/b03m/mcs90_b03m_s20.B82
Reading graphs...
20 :  30
20 :  30
Initializing...
maxdom : 20
D->valSize : 400
Solving...
Blb : 2 (clique : 12)
currentSize : 12 <-- 0.002314 s
currentSize : 13 <-- 0.004932 s
currentSize : 14 <-- 0.005102 s
currentSize : 15 <-- 0.005610 s
currentSize : 16 <-- 0.005974 s
currentSize : 17 <-- 0.006320 s
currentSize : 18 <-- 0.006355 s

maxsize : 18
nodes : 1122.000000
filtered : 27835.000000
time : 0.017802
