Parameters: GAD=1 vflib=1 dir=0 label=0 lowerbound=1 fileNameGp=../graphsdb/mcs90/bvg/b03/mcs90_b03_s15.A60 fileNameGt=../graphsdb/mcs90/bvg/b03/mcs90_b03_s15.B60
Reading graphs...
15 :  22
15 :  22
Initializing...
maxdom : 15
D->valSize : 225
Solving...
Blb : 2 (clique : 9)
currentSize : 9 <-- 0.000969 s
currentSize : 10 <-- 0.001028 s
currentSize : 11 <-- 0.001056 s
currentSize : 12 <-- 0.001147 s
currentSize : 13 <-- 0.002017 s

maxsize : 13
nodes : 650.000000
filtered : 12013.000000
time : 0.004844
