Parameters: GAD=1 vflib=1 dir=0 label=0 lowerbound=1 fileNameGp=../graphsdb/mcs90/bvg/b06m/mcs90_b06m_s35.A67 fileNameGt=../graphsdb/mcs90/bvg/b06m/mcs90_b06m_s35.B67
Reading graphs...
35 :  105
35 :  105
Initializing...
maxdom : 35
D->valSize : 1225
Solving...
Blb : 3 (clique : 16)
currentSize : 16 <-- 0.019601 s
currentSize : 17 <-- 0.019773 s
currentSize : 18 <-- 0.020986 s
currentSize : 19 <-- 0.024074 s
currentSize : 20 <-- 0.133810 s
currentSize : 21 <-- 0.136268 s
currentSize : 22 <-- 20.245432 s
currentSize : 23 <-- 20.287680 s
currentSize : 24 <-- 31.036922 s
currentSize : 25 <-- 85.960365 s
currentSize : 26 <-- 96.193710 s
currentSize : 27 <-- 98.826256 s
currentSize : 29 <-- 98.833565 s
currentSize : 31 <-- 98.893143 s

maxsize : 31
nodes : 4183696.000000
filtered : 238052551.000000
time : 99.121162
