Parameters: GAD=1 vflib=1 dir=0 label=0 lowerbound=1 fileNameGp=../graphsdb/mcs90/bvg/b03m/mcs90_b03m_s30.A04 fileNameGt=../graphsdb/mcs90/bvg/b03m/mcs90_b03m_s30.B04
Reading graphs...
30 :  44
30 :  44
Initializing...
maxdom : 30
D->valSize : 900
Solving...
Blb : 2 (clique : 21)
currentSize : 21 <-- 0.020237 s
currentSize : 22 <-- 1.761567 s
currentSize : 23 <-- 1.885467 s
currentSize : 25 <-- 1.885481 s
currentSize : 26 <-- 1.893468 s

maxsize : 26
nodes : 93351.000000
filtered : 2727395.000000
time : 2.914890
