Parameters: GAD=1 vflib=1 dir=0 label=0 lowerbound=1 fileNameGp=../graphsdb/mcs90/bvg/b06/mcs90_b06_s25.A25 fileNameGt=../graphsdb/mcs90/bvg/b06/mcs90_b06_s25.B25
Reading graphs...
25 :  75
25 :  75
Initializing...
maxdom : 25
D->valSize : 625
Solving...
Blb : 2 (clique : 13)
currentSize : 13 <-- 0.004893 s
currentSize : 17 <-- 0.004980 s
currentSize : 18 <-- 0.005010 s
currentSize : 20 <-- 0.005040 s
currentSize : 22 <-- 0.005421 s

maxsize : 22
nodes : 3295.000000
filtered : 130865.000000
time : 0.086766
