Parameters: GAD=1 vflib=1 dir=0 label=0 lowerbound=1 fileNameGp=../graphsdb/mcs90/bvg/b03m/mcs90_b03m_s30.A21 fileNameGt=../graphsdb/mcs90/bvg/b03m/mcs90_b03m_s30.B21
Reading graphs...
30 :  44
30 :  44
Initializing...
maxdom : 30
D->valSize : 900
Solving...
Blb : 2 (clique : 19)
currentSize : 19 <-- 0.011747 s
currentSize : 20 <-- 0.020009 s
currentSize : 21 <-- 0.034987 s
currentSize : 22 <-- 0.246014 s
currentSize : 23 <-- 11.106504 s
currentSize : 24 <-- 49.551071 s
currentSize : 25 <-- 52.592190 s
currentSize : 26 <-- 52.643471 s

maxsize : 26
nodes : 931436.000000
filtered : 48189864.000000
time : 53.310127
