Parameters: GAD=1 vflib=1 dir=0 label=0 lowerbound=1 fileNameGp=../graphsdb/mcs90/bvg/b06m/mcs90_b06m_s35.A08 fileNameGt=../graphsdb/mcs90/bvg/b06m/mcs90_b06m_s35.B08
Reading graphs...
35 :  103
35 :  102
Initializing...
maxdom : 35
D->valSize : 1225
Solving...
Blb : 3 (clique : 18)
currentSize : 18 <-- 0.019969 s
currentSize : 19 <-- 0.359493 s
currentSize : 20 <-- 5.862258 s
currentSize : 21 <-- 5.929708 s
currentSize : 23 <-- 6.078701 s
currentSize : 24 <-- 6.310643 s
currentSize : 25 <-- 13.779073 s
currentSize : 31 <-- 13.827540 s

maxsize : 31
nodes : 1022739.000000
filtered : 37679890.000000
time : 14.218631
