Parameters: GAD=1 vflib=1 dir=0 label=0 lowerbound=1 fileNameGp=../graphsdb/mcs90/bvg/b09m/mcs90_b09m_s25.A63 fileNameGt=../graphsdb/mcs90/bvg/b09m/mcs90_b09m_s25.B63
Reading graphs...
25 :  107
25 :  107
Initializing...
maxdom : 25
D->valSize : 625
Solving...
Blb : 2 (clique : 9)
currentSize : 9 <-- 0.004616 s
currentSize : 10 <-- 0.004723 s
currentSize : 11 <-- 0.004821 s
currentSize : 12 <-- 0.030911 s
currentSize : 13 <-- 0.083039 s
currentSize : 14 <-- 0.083188 s
currentSize : 16 <-- 0.907332 s
currentSize : 22 <-- 1.380875 s

maxsize : 22
nodes : 327368.000000
filtered : 5461159.000000
time : 1.406414
