Parameters: GAD=1 vflib=1 dir=0 label=0 lowerbound=1 fileNameGp=../graphsdb/mcs90/bvg/b09m/mcs90_b09m_s30.A45 fileNameGt=../graphsdb/mcs90/bvg/b09m/mcs90_b09m_s30.B45
Reading graphs...
30 :  129
30 :  129
Initializing...
maxdom : 30
D->valSize : 900
Solving...
Blb : 5 (clique : 12)
currentSize : 12 <-- 0.009562 s
currentSize : 13 <-- 0.012517 s
currentSize : 14 <-- 0.041365 s
currentSize : 15 <-- 0.053557 s
currentSize : 16 <-- 3.136864 s
currentSize : 17 <-- 3.919305 s
currentSize : 18 <-- 9.772178 s
currentSize : 19 <-- 9.781235 s
currentSize : 22 <-- 9.782503 s
currentSize : 23 <-- 9.790650 s
currentSize : 26 <-- 9.790683 s

maxsize : 26
nodes : 1734069.000000
filtered : 39040202.000000
time : 9.917661
