Parameters: GAD=1 vflib=1 dir=0 label=0 lowerbound=1 fileNameGp=../graphsdb/mcs90/bvg/b03/mcs90_b03_s30.A00 fileNameGt=../graphsdb/mcs90/bvg/b03/mcs90_b03_s30.B00
Reading graphs...
30 :  45
30 :  45
Initializing...
maxdom : 30
D->valSize : 900
Solving...
Blb : 2 (clique : 21)
currentSize : 21 <-- 0.019682 s
currentSize : 22 <-- 0.027596 s
currentSize : 23 <-- 0.223630 s
currentSize : 24 <-- 0.497388 s
currentSize : 25 <-- 0.510988 s
currentSize : 26 <-- 0.512603 s
currentSize : 27 <-- 0.514801 s

maxsize : 27
nodes : 22388.000000
filtered : 1185355.000000
time : 0.938715
