Parameters: GAD=1 vflib=1 dir=0 label=0 lowerbound=1 fileNameGp=../graphsdb/mcs90/m2D/m2Dr6/mcs90_m2Dr6_s30.A96 fileNameGt=../graphsdb/mcs90/m2D/m2Dr6/mcs90_m2Dr6_s30.B96
Reading graphs...
30 :  66
30 :  66
Initializing...
maxdom : 30
D->valSize : 900
Solving...
Blb : 2 (clique : 14)
currentSize : 14 <-- 0.019036 s
currentSize : 15 <-- 0.019214 s
currentSize : 16 <-- 0.019259 s
currentSize : 17 <-- 0.037266 s
currentSize : 18 <-- 0.137364 s
currentSize : 19 <-- 0.320416 s
currentSize : 20 <-- 2.944621 s
currentSize : 21 <-- 7.760438 s
currentSize : 25 <-- 10.888607 s

maxsize : 25
nodes : 875037.000000
filtered : 26654141.000000
time : 11.686896
