Parameters: GAD=1 vflib=1 dir=0 label=0 lowerbound=1 fileNameGp=../graphsdb/mcs90/rand/r01/mcs90_r01_s35.A80 fileNameGt=../graphsdb/mcs90/rand/r01/mcs90_r01_s35.B80
Reading graphs...
35 :  114
35 :  114
Initializing...
maxdom : 35
D->valSize : 1225
Solving...
Blb : 2 (clique : 13)
currentSize : 13 <-- 0.019072 s
currentSize : 14 <-- 0.019231 s
currentSize : 15 <-- 0.019255 s
currentSize : 16 <-- 0.019448 s
currentSize : 17 <-- 0.023067 s
currentSize : 18 <-- 0.431259 s
currentSize : 19 <-- 3.405386 s
currentSize : 21 <-- 3.899316 s
currentSize : 27 <-- 4.442903 s
currentSize : 31 <-- 4.477934 s

maxsize : 31
nodes : 596667.000000
filtered : 12668550.000000
time : 4.817123
