Parameters: GAD=1 vflib=1 dir=0 label=0 lowerbound=1 fileNameGp=../graphsdb/mcs90/bvg/b09/mcs90_b09_s25.A74 fileNameGt=../graphsdb/mcs90/bvg/b09/mcs90_b09_s25.B74
Reading graphs...
25 :  112
25 :  112
Initializing...
maxdom : 25
D->valSize : 625
Solving...
Blb : 3 (clique : 13)
currentSize : 13 <-- 0.004662 s
currentSize : 15 <-- 0.004768 s
currentSize : 16 <-- 0.012814 s
currentSize : 18 <-- 0.013659 s
currentSize : 19 <-- 0.148965 s
currentSize : 22 <-- 0.192123 s

maxsize : 22
nodes : 30582.000000
filtered : 1120523.000000
time : 0.235439
