Parameters: GAD=1 vflib=1 dir=0 label=0 lowerbound=1 fileNameGp=../graphsdb/mcs90/bvg/b03/mcs90_b03_s25.A60 fileNameGt=../graphsdb/mcs90/bvg/b03/mcs90_b03_s25.B60
Reading graphs...
25 :  37
25 :  37
Initializing...
maxdom : 25
D->valSize : 625
Solving...
Blb : 2 (clique : 19)
currentSize : 19 <-- 0.005410 s
currentSize : 20 <-- 0.005569 s
currentSize : 21 <-- 0.007521 s
currentSize : 22 <-- 0.007549 s
currentSize : 23 <-- 0.010412 s
currentSize : 24 <-- 0.045148 s

maxsize : 24
nodes : 831.000000
filtered : 49462.000000
time : 0.045873
