Parameters: GAD=1 vflib=1 dir=0 label=0 lowerbound=1 fileNameGp=../graphsdb/mcs90/m3D/m3Dr4/mcs90_m3Dr4_s30.A81 fileNameGt=../graphsdb/mcs90/m3D/m3Dr4/mcs90_m3Dr4_s30.B81
Reading graphs...
30 :  72
30 :  72
Initializing...
maxdom : 30
D->valSize : 900
Solving...
Blb : 2 (clique : 14)
currentSize : 14 <-- 0.018939 s
currentSize : 15 <-- 0.019136 s
currentSize : 16 <-- 0.019212 s
currentSize : 17 <-- 0.023448 s
currentSize : 18 <-- 0.026885 s
currentSize : 19 <-- 0.376834 s
currentSize : 20 <-- 6.514495 s
currentSize : 23 <-- 6.516441 s
currentSize : 27 <-- 6.540755 s

maxsize : 27
nodes : 824179.000000
filtered : 17901677.000000
time : 6.641870
