Parameters: GAD=1 vflib=1 dir=0 label=0 lowerbound=1 fileNameGp=../graphsdb/mcs90/bvg/b09m/mcs90_b09m_s35.A44 fileNameGt=../graphsdb/mcs90/bvg/b09m/mcs90_b09m_s35.B44
Reading graphs...
35 :  155
35 :  155
Initializing...
maxdom : 35
D->valSize : 1225
Solving...
Blb : 2 (clique : 14)
currentSize : 14 <-- 0.018116 s
currentSize : 15 <-- 0.018380 s
currentSize : 16 <-- 4.450696 s
currentSize : 17 <-- 4.454865 s
currentSize : 18 <-- 4.465699 s
currentSize : 20 <-- 4.466274 s
currentSize : 21 <-- 4.490961 s
currentSize : 24 <-- 17.621696 s
currentSize : 26 <-- 17.644720 s
currentSize : 30 <-- 17.644779 s

maxsize : 30
nodes : 2363382.000000
filtered : 74229668.000000
time : 18.224136
