Parameters: GAD=1 vflib=1 dir=0 label=0 lowerbound=1 fileNameGp=../graphsdb/mcs90/m3D/m3Dr2/mcs90_m3Dr2_s30.A09 fileNameGt=../graphsdb/mcs90/m3D/m3Dr2/mcs90_m3Dr2_s30.B09
Reading graphs...
30 :  67
30 :  67
Initializing...
maxdom : 30
D->valSize : 900
Solving...
Blb : 2 (clique : 16)
currentSize : 16 <-- 0.010710 s
currentSize : 17 <-- 0.012016 s
currentSize : 18 <-- 0.012553 s
currentSize : 19 <-- 0.018313 s
currentSize : 20 <-- 1.202974 s
currentSize : 21 <-- 3.494584 s
currentSize : 22 <-- 8.185593 s
currentSize : 23 <-- 8.237365 s
currentSize : 27 <-- 8.239204 s

maxsize : 27
nodes : 580194.000000
filtered : 19069230.000000
time : 8.352365
