Parameters: GAD=1 vflib=1 dir=0 label=0 lowerbound=1 fileNameGp=../graphsdb/mcs90/bvg/b06m/mcs90_b06m_s15.A23 fileNameGt=../graphsdb/mcs90/bvg/b06m/mcs90_b06m_s15.B23
Reading graphs...
15 :  43
15 :  43
Initializing...
maxdom : 15
D->valSize : 225
Solving...
Blb : 2 (clique : 7)
currentSize : 7 <-- 0.000893 s
currentSize : 8 <-- 0.000927 s
currentSize : 9 <-- 0.001005 s
currentSize : 12 <-- 0.001429 s
currentSize : 13 <-- 0.001523 s

maxsize : 13
nodes : 462.000000
filtered : 10486.000000
time : 0.003413
