Parameters: GAD=1 vflib=1 dir=0 label=0 lowerbound=1 fileNameGp=../graphsdb/mcs90/bvg/b06m/mcs90_b06m_s25.A10 fileNameGt=../graphsdb/mcs90/bvg/b06m/mcs90_b06m_s25.B10
Reading graphs...
25 :  72
25 :  72
Initializing...
maxdom : 25
D->valSize : 625
Solving...
Blb : 2 (clique : 13)
currentSize : 13 <-- 0.004911 s
currentSize : 14 <-- 0.012401 s
currentSize : 15 <-- 0.127348 s
currentSize : 16 <-- 0.158797 s
currentSize : 18 <-- 0.574709 s
currentSize : 22 <-- 0.654996 s

maxsize : 22
nodes : 73014.000000
filtered : 1924348.000000
time : 0.734238
