Parameters: GAD=1 vflib=1 dir=0 label=0 lowerbound=1 fileNameGp=../graphsdb/mcs90/m4D/m4Dr6/mcs90_m4Dr6_s20.A13 fileNameGt=../graphsdb/mcs90/m4D/m4Dr6/mcs90_m4Dr6_s20.B13
Reading graphs...
20 :  47
20 :  46
Initializing...
maxdom : 20
D->valSize : 400
Solving...
Blb : 2 (clique : 12)
currentSize : 12 <-- 0.002203 s
currentSize : 13 <-- 0.002316 s
currentSize : 14 <-- 0.002954 s
currentSize : 15 <-- 0.014155 s
currentSize : 16 <-- 0.014617 s

maxsize : 16
nodes : 3830.000000
filtered : 141956.000000
time : 0.054587
