Parameters: GAD=1 vflib=1 dir=0 label=0 lowerbound=1 fileNameGp=../graphsdb/mcs90/m2D/m2Dr2/mcs90_m2Dr2_s30.A89 fileNameGt=../graphsdb/mcs90/m2D/m2Dr2/mcs90_m2Dr2_s30.B89
Reading graphs...
30 :  55
30 :  55
Initializing...
maxdom : 30
D->valSize : 900
Solving...
Blb : 2 (clique : 17)
currentSize : 17 <-- 0.019272 s
currentSize : 18 <-- 0.019473 s
currentSize : 19 <-- 0.020102 s
currentSize : 20 <-- 0.067777 s
currentSize : 21 <-- 1.905369 s
currentSize : 22 <-- 10.207779 s
currentSize : 24 <-- 26.484400 s
currentSize : 25 <-- 26.485300 s

maxsize : 25
nodes : 876620.000000
filtered : 42796816.000000
time : 28.594639
