Parameters: GAD=1 vflib=1 dir=0 label=0 lowerbound=1 fileNameGp=../graphsdb/mcs90/bvg/b09m/mcs90_b09m_s25.A29 fileNameGt=../graphsdb/mcs90/bvg/b09m/mcs90_b09m_s25.B29
Reading graphs...
25 :  105
25 :  106
Initializing...
maxdom : 25
D->valSize : 625
Solving...
Blb : 2 (clique : 11)
currentSize : 11 <-- 0.004766 s
currentSize : 12 <-- 0.013539 s
currentSize : 13 <-- 0.048480 s
currentSize : 14 <-- 0.048502 s
currentSize : 15 <-- 0.049544 s
currentSize : 16 <-- 0.049633 s
currentSize : 19 <-- 0.049914 s
currentSize : 22 <-- 0.049950 s

maxsize : 22
nodes : 14451.000000
filtered : 320360.000000
time : 0.096496
