Parameters: GAD=1 vflib=1 dir=0 label=0 lowerbound=1 fileNameGp=../graphsdb/mcs90/bvg/b03/mcs90_b03_s25.A89 fileNameGt=../graphsdb/mcs90/bvg/b03/mcs90_b03_s25.B89
Reading graphs...
25 :  37
25 :  37
Initializing...
maxdom : 25
D->valSize : 625
Solving...
Blb : 2 (clique : 17)
currentSize : 17 <-- 0.005713 s
currentSize : 18 <-- 0.006317 s
currentSize : 19 <-- 0.017568 s
currentSize : 20 <-- 0.017721 s
currentSize : 22 <-- 0.020498 s
currentSize : 23 <-- 0.045986 s

maxsize : 23
nodes : 2693.000000
filtered : 124042.000000
time : 0.118912
