Parameters: GAD=1 vflib=1 dir=0 label=0 lowerbound=1 fileNameGp=../graphsdb/mcs90/bvg/b06m/mcs90_b06m_s35.A57 fileNameGt=../graphsdb/mcs90/bvg/b06m/mcs90_b06m_s35.B57
Reading graphs...
35 :  102
35 :  102
Initializing...
maxdom : 35
D->valSize : 1225
Solving...
Blb : 2 (clique : 15)
currentSize : 15 <-- 0.019600 s
currentSize : 16 <-- 0.019770 s
currentSize : 17 <-- 0.019877 s
currentSize : 18 <-- 0.020044 s
currentSize : 19 <-- 0.020108 s
currentSize : 20 <-- 0.330367 s
currentSize : 21 <-- 60.547871 s
currentSize : 22 <-- 63.163921 s
currentSize : 23 <-- 171.322723 s
currentSize : 24 <-- 193.781265 s
currentSize : 30 <-- 241.769180 s
currentSize : 31 <-- 241.769318 s

maxsize : 31
nodes : 10323897.000000
filtered : 491014624.000000
time : 242.000977
