Parameters: GAD=1 vflib=1 dir=0 label=0 lowerbound=1 fileNameGp=../graphsdb/mcs90/rand/r02/mcs90_r02_s15.A58 fileNameGt=../graphsdb/mcs90/rand/r02/mcs90_r02_s15.B58
Reading graphs...
15 :  35
15 :  35
Initializing...
maxdom : 15
D->valSize : 225
Solving...
Blb : 2 (clique : 8)
currentSize : 8 <-- 0.001119 s
currentSize : 9 <-- 0.001338 s
currentSize : 10 <-- 0.001374 s
currentSize : 11 <-- 0.007790 s
currentSize : 13 <-- 0.007841 s

maxsize : 13
nodes : 1813.000000
filtered : 24946.000000
time : 0.008560
