Parameters: GAD=1 vflib=1 dir=0 label=0 lowerbound=1 fileNameGp=../graphsdb/mcs90/bvg/b09/mcs90_b09_s30.A32 fileNameGt=../graphsdb/mcs90/bvg/b09/mcs90_b09_s30.B32
Reading graphs...
30 :  134
30 :  135
Initializing...
maxdom : 30
D->valSize : 900
Solving...
Blb : 2 (clique : 14)
currentSize : 14 <-- 0.016858 s
currentSize : 15 <-- 0.203031 s
currentSize : 16 <-- 0.265607 s
currentSize : 18 <-- 0.426520 s
currentSize : 19 <-- 0.426620 s
currentSize : 21 <-- 0.426763 s
currentSize : 22 <-- 0.426907 s
currentSize : 26 <-- 0.428846 s

maxsize : 26
nodes : 90143.000000
filtered : 2044380.000000
time : 0.671621
