Parameters: GAD=1 vflib=1 dir=0 label=0 lowerbound=1 fileNameGp=../graphsdb/mcs90/rand/r02/mcs90_r02_s35.A63 fileNameGt=../graphsdb/mcs90/rand/r02/mcs90_r02_s35.B63
Reading graphs...
35 :  218
35 :  215
Initializing...
maxdom : 35
D->valSize : 1225
Solving...
Blb : 3 (clique : 11)
currentSize : 11 <-- 0.029489 s
currentSize : 12 <-- 0.029951 s
currentSize : 13 <-- 0.033044 s
currentSize : 14 <-- 1.907974 s
currentSize : 15 <-- 8.478499 s
currentSize : 17 <-- 8.478977 s
currentSize : 21 <-- 42.456352 s
currentSize : 31 <-- 45.954762 s

maxsize : 31
nodes : 10224428.000000
filtered : 156276944.000000
time : 46.133953
