Parameters: GAD=1 vflib=1 dir=0 label=0 lowerbound=1 fileNameGp=../graphsdb/mcs90/bvg/b06m/mcs90_b06m_s35.A60 fileNameGt=../graphsdb/mcs90/bvg/b06m/mcs90_b06m_s35.B60
Reading graphs...
35 :  103
35 :  103
Initializing...
maxdom : 35
D->valSize : 1225
Solving...
Blb : 2 (clique : 16)
currentSize : 16 <-- 0.026250 s
currentSize : 17 <-- 0.027038 s
currentSize : 18 <-- 0.029093 s
currentSize : 19 <-- 0.107313 s
currentSize : 20 <-- 0.445728 s
currentSize : 21 <-- 1.734188 s
currentSize : 22 <-- 7.651747 s
currentSize : 23 <-- 13.269817 s
currentSize : 24 <-- 31.560276 s
currentSize : 25 <-- 135.396667 s
currentSize : 31 <-- 135.454468 s

maxsize : 31
nodes : 5670381.000000
filtered : 346681241.000000
time : 135.685989
