Parameters: GAD=1 vflib=1 dir=0 label=0 lowerbound=1 fileNameGp=../graphsdb/mcs90/bvg/b09/mcs90_b09_s35.A05 fileNameGt=../graphsdb/mcs90/bvg/b09/mcs90_b09_s35.B05
Reading graphs...
35 :  157
35 :  156
Initializing...
maxdom : 35
D->valSize : 1225
Solving...
Blb : 2 (clique : 13)
currentSize : 13 <-- 0.031788 s
currentSize : 15 <-- 0.031989 s
currentSize : 16 <-- 0.032706 s
currentSize : 17 <-- 0.034454 s
currentSize : 18 <-- 0.038307 s
currentSize : 19 <-- 0.159337 s
currentSize : 20 <-- 0.198618 s
currentSize : 21 <-- 0.242345 s
currentSize : 22 <-- 0.265876 s
currentSize : 24 <-- 0.287093 s
currentSize : 26 <-- 0.356002 s
currentSize : 30 <-- 0.385233 s

maxsize : 30
nodes : 83203.000000
filtered : 4142507.000000
time : 1.149291
