Parameters: GAD=1 vflib=1 dir=0 label=0 lowerbound=1 fileNameGp=../graphsdb/mcs90/m4D/m4Dr4/mcs90_m4Dr4_s20.A03 fileNameGt=../graphsdb/mcs90/m4D/m4Dr4/mcs90_m4Dr4_s20.B03
Reading graphs...
20 :  45
20 :  45
Initializing...
maxdom : 20
D->valSize : 400
Solving...
Blb : 2 (clique : 11)
currentSize : 11 <-- 0.002225 s
currentSize : 12 <-- 0.002424 s
currentSize : 13 <-- 0.005659 s
currentSize : 14 <-- 0.054299 s
currentSize : 15 <-- 0.087124 s
currentSize : 16 <-- 0.098726 s

maxsize : 16
nodes : 17818.000000
filtered : 482479.000000
time : 0.113556
