Parameters: GAD=1 vflib=1 dir=0 label=0 lowerbound=1 fileNameGp=../graphsdb/mcs90/m2D/m2D/mcs90_m2D_s20.A81 fileNameGt=../graphsdb/mcs90/m2D/m2D/mcs90_m2D_s20.B81
Reading graphs...
20 :  31
20 :  31
Initializing...
maxdom : 20
D->valSize : 400
Solving...
Blb : 2 (clique : 12)
currentSize : 12 <-- 0.002282 s
currentSize : 13 <-- 0.002350 s
currentSize : 14 <-- 0.002393 s
currentSize : 15 <-- 0.008390 s
currentSize : 16 <-- 0.013034 s
currentSize : 17 <-- 0.065510 s

maxsize : 17
nodes : 5507.000000
filtered : 192628.000000
time : 0.079932
