Parameters: GAD=1 vflib=1 dir=0 label=0 lowerbound=1 fileNameGp=../graphsdb/mcs90/bvg/b06/mcs90_b06_s20.A13 fileNameGt=../graphsdb/mcs90/bvg/b06/mcs90_b06_s20.B13
Reading graphs...
20 :  60
20 :  60
Initializing...
maxdom : 20
D->valSize : 400
Solving...
Blb : 3 (clique : 10)
currentSize : 10 <-- 0.002092 s
currentSize : 12 <-- 0.002144 s
currentSize : 13 <-- 0.002327 s
currentSize : 14 <-- 0.002933 s
currentSize : 15 <-- 0.002954 s
currentSize : 16 <-- 0.003107 s
currentSize : 18 <-- 0.003401 s

maxsize : 18
nodes : 910.000000
filtered : 31657.000000
time : 0.016316
