Parameters: GAD=1 vflib=1 dir=0 label=0 lowerbound=1 fileNameGp=../graphsdb/mcs90/bvg/b06m/mcs90_b06m_s35.A33 fileNameGt=../graphsdb/mcs90/bvg/b06m/mcs90_b06m_s35.B33
Reading graphs...
35 :  104
35 :  104
Initializing...
maxdom : 35
D->valSize : 1225
Solving...
Blb : 2 (clique : 17)
currentSize : 17 <-- 0.034516 s
currentSize : 18 <-- 0.034771 s
currentSize : 19 <-- 0.045700 s
currentSize : 20 <-- 7.231835 s
currentSize : 21 <-- 39.389809 s
currentSize : 22 <-- 71.659325 s
currentSize : 23 <-- 130.238251 s
currentSize : 24 <-- 130.238281 s
currentSize : 25 <-- 137.838379 s
currentSize : 26 <-- 137.838425 s
currentSize : 28 <-- 138.028839 s
currentSize : 31 <-- 138.098450 s

maxsize : 31
nodes : 8386383.000000
filtered : 390664900.000000
time : 138.470932
