Parameters: GAD=1 vflib=1 dir=0 label=0 lowerbound=1 fileNameGp=../graphsdb/mcs90/bvg/b06m/mcs90_b06m_s35.A93 fileNameGt=../graphsdb/mcs90/bvg/b06m/mcs90_b06m_s35.B93
Reading graphs...
35 :  103
35 :  103
Initializing...
maxdom : 35
D->valSize : 1225
Solving...
Blb : 2 (clique : 15)
currentSize : 15 <-- 0.033737 s
currentSize : 16 <-- 0.033978 s
currentSize : 17 <-- 0.034188 s
currentSize : 18 <-- 0.052296 s
currentSize : 19 <-- 0.117260 s
currentSize : 20 <-- 3.676871 s
currentSize : 21 <-- 9.512461 s
currentSize : 22 <-- 227.910706 s
currentSize : 24 <-- 228.170273 s
currentSize : 27 <-- 228.170334 s
currentSize : 31 <-- 228.170563 s

maxsize : 31
nodes : 14705352.000000
filtered : 639802387.000000
time : 228.477493
