Parameters: GAD=1 vflib=1 dir=0 label=0 lowerbound=1 fileNameGp=../graphsdb/mcs90/m2D/m2Dr6/mcs90_m2Dr6_s20.A58 fileNameGt=../graphsdb/mcs90/m2D/m2Dr6/mcs90_m2Dr6_s20.B58
Reading graphs...
20 :  40
20 :  41
Initializing...
maxdom : 20
D->valSize : 400
Solving...
Blb : 2 (clique : 11)
currentSize : 11 <-- 0.002306 s
currentSize : 12 <-- 0.002533 s
currentSize : 13 <-- 0.005592 s
currentSize : 14 <-- 0.015113 s
currentSize : 16 <-- 0.015144 s

maxsize : 16
nodes : 5203.000000
filtered : 146835.000000
time : 0.058655
