Parameters: GAD=1 vflib=1 dir=0 label=0 lowerbound=1 fileNameGp=../graphsdb/mcs90/bvg/b09/mcs90_b09_s35.A02 fileNameGt=../graphsdb/mcs90/bvg/b09/mcs90_b09_s35.B02
Reading graphs...
35 :  155
35 :  156
Initializing...
maxdom : 35
D->valSize : 1225
Solving...
Blb : 2 (clique : 20)
currentSize : 20 <-- 0.032039 s
currentSize : 21 <-- 0.094202 s
currentSize : 23 <-- 0.094239 s
currentSize : 26 <-- 0.094395 s
currentSize : 30 <-- 0.127047 s

maxsize : 30
nodes : 53854.000000
filtered : 3563957.000000
time : 1.088565
