Parameters: GAD=1 vflib=1 dir=0 label=0 lowerbound=1 fileNameGp=../graphsdb/mcs90/rand/r01/mcs90_r01_s35.A21 fileNameGt=../graphsdb/mcs90/rand/r01/mcs90_r01_s35.B21
Reading graphs...
35 :  108
35 :  109
Initializing...
maxdom : 35
D->valSize : 1225
Solving...
Blb : 2 (clique : 15)
currentSize : 15 <-- 0.019422 s
currentSize : 16 <-- 0.019785 s
currentSize : 17 <-- 0.021193 s
currentSize : 18 <-- 0.039744 s
currentSize : 19 <-- 0.905620 s
currentSize : 20 <-- 14.319826 s
currentSize : 21 <-- 125.506577 s
currentSize : 22 <-- 127.745674 s
currentSize : 23 <-- 139.982407 s
currentSize : 24 <-- 172.116821 s
currentSize : 25 <-- 172.128128 s
currentSize : 28 <-- 176.126938 s
currentSize : 31 <-- 176.127029 s

maxsize : 31
nodes : 15273331.000000
filtered : 497315777.000000
time : 176.364731
