Parameters: GAD=1 vflib=1 dir=0 label=0 lowerbound=1 fileNameGp=../graphsdb/mcs90/bvg/b09m/mcs90_b09m_s30.A40 fileNameGt=../graphsdb/mcs90/bvg/b09m/mcs90_b09m_s30.B40
Reading graphs...
30 :  132
30 :  131
Initializing...
maxdom : 30
D->valSize : 900
Solving...
Blb : 2 (clique : 11)
currentSize : 11 <-- 0.016815 s
currentSize : 12 <-- 0.017113 s
currentSize : 13 <-- 0.038965 s
currentSize : 14 <-- 0.131837 s
currentSize : 15 <-- 0.918386 s
currentSize : 16 <-- 0.963865 s
currentSize : 18 <-- 1.523119 s
currentSize : 19 <-- 1.523225 s
currentSize : 20 <-- 2.616282 s
currentSize : 21 <-- 5.372614 s
currentSize : 26 <-- 5.382098 s

maxsize : 26
nodes : 918283.000000
filtered : 24817499.000000
time : 5.482795
