Parameters: GAD=1 vflib=1 dir=0 label=0 lowerbound=1 fileNameGp=../graphsdb/mcs90/m3D/m3D/mcs90_m3D_s30.A32 fileNameGt=../graphsdb/mcs90/m3D/m3D/mcs90_m3D_s30.B32
Reading graphs...
30 :  61
30 :  61
Initializing...
maxdom : 30
D->valSize : 900
Solving...
Blb : 3 (clique : 19)
currentSize : 19 <-- 0.010926 s
currentSize : 20 <-- 0.018511 s
currentSize : 21 <-- 0.022468 s
currentSize : 22 <-- 0.025036 s
currentSize : 23 <-- 0.054569 s
currentSize : 24 <-- 0.085557 s
currentSize : 25 <-- 0.085711 s
currentSize : 27 <-- 0.152658 s

maxsize : 27
nodes : 13636.000000
filtered : 575768.000000
time : 0.281898
