Parameters: GAD=1 vflib=1 dir=0 label=0 lowerbound=1 fileNameGp=../graphsdb/mcs90/m4D/m4Dr6/mcs90_m4Dr6_s20.A38 fileNameGt=../graphsdb/mcs90/m4D/m4Dr6/mcs90_m4Dr6_s20.B38
Reading graphs...
20 :  48
20 :  47
Initializing...
maxdom : 20
D->valSize : 400
Solving...
Blb : 2 (clique : 11)
currentSize : 11 <-- 0.002205 s
currentSize : 12 <-- 0.002458 s
currentSize : 13 <-- 0.002755 s
currentSize : 14 <-- 0.329032 s
currentSize : 15 <-- 0.447424 s
currentSize : 16 <-- 0.455226 s

maxsize : 16
nodes : 64089.000000
filtered : 1606114.000000
time : 0.465247
