Parameters: GAD=1 vflib=1 dir=0 label=0 lowerbound=1 fileNameGp=../graphsdb/mcs90/bvg/b09m/mcs90_b09m_s30.A69 fileNameGt=../graphsdb/mcs90/bvg/b09m/mcs90_b09m_s30.B69
Reading graphs...
30 :  133
30 :  133
Initializing...
maxdom : 30
D->valSize : 900
Solving...
Blb : 2 (clique : 12)
currentSize : 12 <-- 0.016867 s
currentSize : 13 <-- 0.018118 s
currentSize : 14 <-- 0.111520 s
currentSize : 15 <-- 2.038364 s
currentSize : 16 <-- 4.320058 s
currentSize : 17 <-- 5.579649 s
currentSize : 19 <-- 10.106898 s
currentSize : 21 <-- 10.174321 s
currentSize : 26 <-- 10.174366 s

maxsize : 26
nodes : 1831488.000000
filtered : 36409677.000000
time : 10.302041
