Parameters: GAD=1 vflib=1 dir=0 label=0 lowerbound=1 fileNameGp=../graphsdb/mcs90/rand/r01/mcs90_r01_s30.A45 fileNameGt=../graphsdb/mcs90/rand/r01/mcs90_r01_s30.B45
Reading graphs...
30 :  81
30 :  80
Initializing...
maxdom : 30
D->valSize : 900
Solving...
Blb : 2 (clique : 13)
currentSize : 13 <-- 0.010557 s
currentSize : 15 <-- 0.010690 s
currentSize : 16 <-- 0.027100 s
currentSize : 17 <-- 0.036461 s
currentSize : 19 <-- 0.056661 s
currentSize : 20 <-- 0.066741 s
currentSize : 21 <-- 0.978608 s
currentSize : 22 <-- 3.482308 s
currentSize : 23 <-- 3.498448 s
currentSize : 24 <-- 3.498610 s
currentSize : 27 <-- 3.533325 s

maxsize : 27
nodes : 337687.000000
filtered : 12295753.000000
time : 3.575733
