Parameters: GAD=1 vflib=1 dir=0 label=0 lowerbound=1 fileNameGp=../graphsdb/mcs90/bvg/b09m/mcs90_b09m_s30.A10 fileNameGt=../graphsdb/mcs90/bvg/b09m/mcs90_b09m_s30.B10
Reading graphs...
30 :  130
30 :  131
Initializing...
maxdom : 30
D->valSize : 900
Solving...
Blb : 5 (clique : 11)
currentSize : 11 <-- 0.009535 s
currentSize : 12 <-- 0.009650 s
currentSize : 13 <-- 0.009838 s
currentSize : 14 <-- 0.152687 s
currentSize : 15 <-- 0.825737 s
currentSize : 16 <-- 12.400306 s
currentSize : 18 <-- 13.130991 s
currentSize : 20 <-- 13.860046 s
currentSize : 26 <-- 14.676841 s

maxsize : 26
nodes : 3011393.000000
filtered : 53344644.000000
time : 14.779906
