Parameters: GAD=1 vflib=1 dir=0 label=0 lowerbound=1 fileNameGp=../graphsdb/mcs90/bvg/b09m/mcs90_b09m_s20.A48 fileNameGt=../graphsdb/mcs90/bvg/b09m/mcs90_b09m_s20.B48
Reading graphs...
20 :  83
20 :  84
Initializing...
maxdom : 20
D->valSize : 400
Solving...
Blb : 2 (clique : 8)
currentSize : 8 <-- 0.002246 s
currentSize : 9 <-- 0.002295 s
currentSize : 10 <-- 0.003416 s
currentSize : 11 <-- 0.009079 s
currentSize : 13 <-- 0.009566 s
currentSize : 14 <-- 0.010133 s
currentSize : 18 <-- 0.051197 s

maxsize : 18
nodes : 12427.000000
filtered : 236799.000000
time : 0.056443
