Parameters: GAD=1 vflib=1 dir=0 label=0 lowerbound=1 fileNameGp=../graphsdb/mcs90/bvg/b06m/mcs90_b06m_s20.A51 fileNameGt=../graphsdb/mcs90/bvg/b06m/mcs90_b06m_s20.B51
Reading graphs...
20 :  57
20 :  57
Initializing...
maxdom : 20
D->valSize : 400
Solving...
Blb : 2 (clique : 10)
currentSize : 10 <-- 0.002123 s
currentSize : 11 <-- 0.004789 s
currentSize : 12 <-- 0.013015 s
currentSize : 13 <-- 0.037481 s
currentSize : 14 <-- 0.100791 s
currentSize : 16 <-- 0.127602 s
currentSize : 18 <-- 0.127779 s

maxsize : 18
nodes : 26090.000000
filtered : 449405.000000
time : 0.133021
