Parameters: GAD=1 vflib=1 dir=0 label=0 lowerbound=1 fileNameGp=../graphsdb/mcs90/bvg/b09/mcs90_b09_s30.A56 fileNameGt=../graphsdb/mcs90/bvg/b09/mcs90_b09_s30.B56
Reading graphs...
30 :  134
30 :  133
Initializing...
maxdom : 30
D->valSize : 900
Solving...
Blb : 2 (clique : 11)
currentSize : 11 <-- 0.009675 s
currentSize : 16 <-- 0.009777 s
currentSize : 17 <-- 0.009863 s
currentSize : 20 <-- 0.009909 s
currentSize : 21 <-- 0.010267 s
currentSize : 22 <-- 0.010430 s
currentSize : 26 <-- 0.027920 s

maxsize : 26
nodes : 15023.000000
filtered : 1038602.000000
time : 0.295448
