Parameters: GAD=1 vflib=1 dir=0 label=0 lowerbound=1 fileNameGp=../graphsdb/mcs90/bvg/b03m/mcs90_b03m_s25.A15 fileNameGt=../graphsdb/mcs90/bvg/b03m/mcs90_b03m_s25.B15
Reading graphs...
25 :  37
25 :  37
Initializing...
maxdom : 25
D->valSize : 625
Solving...
Blb : 2 (clique : 15)
currentSize : 15 <-- 0.005462 s
currentSize : 16 <-- 0.005571 s
currentSize : 17 <-- 0.005603 s
currentSize : 18 <-- 0.010555 s
currentSize : 19 <-- 1.146728 s
currentSize : 20 <-- 1.621353 s
currentSize : 21 <-- 1.685315 s
currentSize : 22 <-- 1.730243 s

maxsize : 22
nodes : 82555.000000
filtered : 3329027.000000
time : 1.826851
