Parameters: GAD=1 vflib=1 dir=0 label=0 lowerbound=1 fileNameGp=../graphsdb/mcs90/rand/r02/mcs90_r02_s30.A82 fileNameGt=../graphsdb/mcs90/rand/r02/mcs90_r02_s30.B82
Reading graphs...
30 :  160
30 :  158
Initializing...
maxdom : 30
D->valSize : 900
Solving...
Blb : 2 (clique : 12)
currentSize : 12 <-- 0.009813 s
currentSize : 13 <-- 0.009930 s
currentSize : 14 <-- 1.118847 s
currentSize : 15 <-- 1.150917 s
currentSize : 16 <-- 17.060236 s
currentSize : 17 <-- 18.295547 s
currentSize : 18 <-- 18.313572 s
currentSize : 21 <-- 18.313637 s
currentSize : 27 <-- 18.314735 s

maxsize : 27
nodes : 4354971.000000
filtered : 61266540.000000
time : 18.346132
