Parameters: GAD=1 vflib=1 dir=0 label=0 lowerbound=1 fileNameGp=../graphsdb/mcs90/bvg/b06m/mcs90_b06m_s30.A47 fileNameGt=../graphsdb/mcs90/bvg/b06m/mcs90_b06m_s30.B47
Reading graphs...
30 :  88
30 :  89
Initializing...
maxdom : 30
D->valSize : 900
Solving...
Blb : 2 (clique : 14)
currentSize : 14 <-- 0.010411 s
currentSize : 15 <-- 0.010559 s
currentSize : 16 <-- 0.011439 s
currentSize : 17 <-- 0.218205 s
currentSize : 18 <-- 8.354449 s
currentSize : 19 <-- 11.283131 s
currentSize : 21 <-- 11.284941 s
currentSize : 22 <-- 11.615512 s
currentSize : 27 <-- 11.615605 s

maxsize : 27
nodes : 1327551.000000
filtered : 36749895.000000
time : 11.671652
