Parameters: GAD=1 vflib=1 dir=0 label=0 lowerbound=1 fileNameGp=../graphsdb/mcs90/rand/r005/mcs90_r005_s35.A91 fileNameGt=../graphsdb/mcs90/rand/r005/mcs90_r005_s35.B91
Reading graphs...
35 :  58
35 :  58
Initializing...
maxdom : 35
D->valSize : 1225
Solving...
Blb : 2 (clique : 26)
currentSize : 26 <-- 0.021291 s
currentSize : 27 <-- 4.069634 s
currentSize : 28 <-- 6.447113 s
currentSize : 30 <-- 6.447189 s
currentSize : 31 <-- 6.447422 s

maxsize : 31
nodes : 110774.000000
filtered : 7013325.000000
time : 7.123434
