Parameters: GAD=1 vflib=1 dir=0 label=0 lowerbound=1 fileNameGp=../graphsdb/mcs90/m2D/m2Dr6/mcs90_m2Dr6_s30.A14 fileNameGt=../graphsdb/mcs90/m2D/m2Dr6/mcs90_m2Dr6_s30.B14
Reading graphs...
30 :  67
30 :  64
Initializing...
maxdom : 30
D->valSize : 900
Solving...
Blb : 2 (clique : 15)
currentSize : 15 <-- 0.011037 s
currentSize : 16 <-- 0.011184 s
currentSize : 17 <-- 0.012092 s
currentSize : 18 <-- 0.310184 s
currentSize : 19 <-- 3.922081 s
currentSize : 20 <-- 54.508450 s
currentSize : 21 <-- 71.044022 s
currentSize : 22 <-- 71.451630 s
currentSize : 25 <-- 71.451668 s

maxsize : 25
nodes : 6070110.000000
filtered : 172955576.000000
time : 72.158119
