Parameters: GAD=1 vflib=1 dir=0 label=0 lowerbound=1 fileNameGp=../graphsdb/mcs90/bvg/b09/mcs90_b09_s30.A45 fileNameGt=../graphsdb/mcs90/bvg/b09/mcs90_b09_s30.B45
Reading graphs...
30 :  134
30 :  133
Initializing...
maxdom : 30
D->valSize : 900
Solving...
Blb : 5 (clique : 16)
currentSize : 16 <-- 0.009757 s
currentSize : 18 <-- 0.011066 s
currentSize : 19 <-- 0.011763 s
currentSize : 20 <-- 0.012060 s
currentSize : 22 <-- 0.034926 s
currentSize : 23 <-- 0.128194 s
currentSize : 24 <-- 0.210773 s
currentSize : 26 <-- 0.291699 s

maxsize : 26
nodes : 26854.000000
filtered : 1601753.000000
time : 0.447932
