Parameters: GAD=1 vflib=1 dir=0 label=0 lowerbound=1 fileNameGp=../graphsdb/mcs90/rand/r01/mcs90_r01_s30.A71 fileNameGt=../graphsdb/mcs90/rand/r01/mcs90_r01_s30.B71
Reading graphs...
30 :  80
30 :  83
Initializing...
maxdom : 30
D->valSize : 900
Solving...
Blb : 2 (clique : 14)
currentSize : 14 <-- 0.010539 s
currentSize : 15 <-- 0.010653 s
currentSize : 16 <-- 0.016955 s
currentSize : 17 <-- 0.187459 s
currentSize : 18 <-- 0.243970 s
currentSize : 19 <-- 8.882718 s
currentSize : 22 <-- 13.309015 s
currentSize : 23 <-- 13.806785 s
currentSize : 25 <-- 13.806854 s
currentSize : 27 <-- 13.810889 s

maxsize : 27
nodes : 1708437.000000
filtered : 41272048.000000
time : 13.859059
