Parameters: GAD=1 vflib=1 dir=0 label=0 lowerbound=1 fileNameGp=../graphsdb/mcs90/bvg/b03m/mcs90_b03m_s30.A56 fileNameGt=../graphsdb/mcs90/bvg/b03m/mcs90_b03m_s30.B56
Reading graphs...
30 :  44
30 :  44
Initializing...
maxdom : 30
D->valSize : 900
Solving...
Blb : 2 (clique : 18)
currentSize : 18 <-- 0.020105 s
currentSize : 19 <-- 0.020334 s
currentSize : 20 <-- 0.020373 s
currentSize : 21 <-- 0.022143 s
currentSize : 22 <-- 0.033811 s
currentSize : 23 <-- 0.593581 s
currentSize : 24 <-- 2.765937 s
currentSize : 25 <-- 11.911562 s
currentSize : 26 <-- 11.918832 s

maxsize : 26
nodes : 186393.000000
filtered : 13468917.000000
time : 13.494517
