Parameters: GAD=1 vflib=1 dir=0 label=0 lowerbound=1 fileNameGp=../graphsdb/mcs90/bvg/b09/mcs90_b09_s35.A53 fileNameGt=../graphsdb/mcs90/bvg/b09/mcs90_b09_s35.B53
Reading graphs...
35 :  156
35 :  156
Initializing...
maxdom : 35
D->valSize : 1225
Solving...
Blb : 2 (clique : 14)
currentSize : 14 <-- 0.018310 s
currentSize : 15 <-- 0.018639 s
currentSize : 16 <-- 0.019611 s
currentSize : 17 <-- 0.033089 s
currentSize : 18 <-- 0.048829 s
currentSize : 19 <-- 0.048879 s
currentSize : 20 <-- 0.061963 s
currentSize : 21 <-- 0.107247 s
currentSize : 22 <-- 0.108340 s
currentSize : 23 <-- 0.108573 s
currentSize : 24 <-- 0.112840 s
currentSize : 25 <-- 0.117968 s
currentSize : 26 <-- 0.118019 s
currentSize : 27 <-- 0.127757 s
currentSize : 28 <-- 0.492412 s
currentSize : 29 <-- 0.762657 s
currentSize : 30 <-- 1.003474 s

maxsize : 30
nodes : 56054.000000
filtered : 4157278.000000
time : 1.304485
