Parameters: GAD=1 vflib=1 dir=0 label=0 lowerbound=1 fileNameGp=../graphsdb/mcs90/m2D/m2Dr6/mcs90_m2Dr6_s30.A33 fileNameGt=../graphsdb/mcs90/m2D/m2Dr6/mcs90_m2Dr6_s30.B33
Reading graphs...
30 :  64
30 :  64
Initializing...
maxdom : 30
D->valSize : 900
Solving...
Blb : 2 (clique : 16)
currentSize : 16 <-- 0.019209 s
currentSize : 17 <-- 0.019795 s
currentSize : 18 <-- 0.044627 s
currentSize : 19 <-- 0.085682 s
currentSize : 20 <-- 2.494406 s
currentSize : 21 <-- 41.604233 s
currentSize : 22 <-- 41.604321 s
currentSize : 23 <-- 43.543953 s
currentSize : 25 <-- 53.280121 s

maxsize : 25
nodes : 3004022.000000
filtered : 124838852.000000
time : 53.731579
