Parameters: GAD=1 vflib=1 dir=0 label=0 lowerbound=1 fileNameGp=../graphsdb/mcs90/bvg/b03m/mcs90_b03m_s25.A04 fileNameGt=../graphsdb/mcs90/bvg/b03m/mcs90_b03m_s25.B04
Reading graphs...
25 :  37
25 :  37
Initializing...
maxdom : 25
D->valSize : 625
Solving...
Blb : 5 (clique : 16)
currentSize : 16 <-- 0.005452 s
currentSize : 17 <-- 0.005607 s
currentSize : 18 <-- 0.006509 s
currentSize : 19 <-- 0.082818 s
currentSize : 20 <-- 0.969176 s
currentSize : 21 <-- 1.008508 s
currentSize : 22 <-- 1.115851 s

maxsize : 22
nodes : 54263.000000
filtered : 2404402.000000
time : 1.182359
