Parameters: GAD=1 vflib=1 dir=0 label=0 lowerbound=1 fileNameGp=../graphsdb/mcs90/rand/r02/mcs90_r02_s30.A94 fileNameGt=../graphsdb/mcs90/rand/r02/mcs90_r02_s30.B94
Reading graphs...
30 :  157
30 :  158
Initializing...
maxdom : 30
D->valSize : 900
Solving...
Blb : 2 (clique : 12)
currentSize : 12 <-- 0.009405 s
currentSize : 13 <-- 0.013927 s
currentSize : 14 <-- 0.014782 s
currentSize : 15 <-- 0.039128 s
currentSize : 18 <-- 5.302377 s
currentSize : 19 <-- 6.455197 s
currentSize : 27 <-- 7.020672 s

maxsize : 27
nodes : 1488663.000000
filtered : 26369636.000000
time : 7.054496
