Parameters: GAD=1 vflib=1 dir=0 label=0 lowerbound=1 fileNameGp=../graphsdb/mcs90/rand/r005/mcs90_r005_s25.A07 fileNameGt=../graphsdb/mcs90/rand/r005/mcs90_r005_s25.B07
Reading graphs...
25 :  28
25 :  29
Initializing...
maxdom : 25
D->valSize : 625
Solving...
Blb : 2 (clique : 17)
currentSize : 17 <-- 0.005674 s
currentSize : 18 <-- 0.006562 s
currentSize : 19 <-- 0.167017 s
currentSize : 20 <-- 0.554320 s
currentSize : 21 <-- 0.556240 s
currentSize : 22 <-- 1.052063 s

maxsize : 22
nodes : 56172.000000
filtered : 1868669.000000
time : 1.382096
