Parameters: GAD=1 vflib=1 dir=0 label=0 lowerbound=1 fileNameGp=../graphsdb/mcs90/m3D/m3Dr2/mcs90_m3Dr2_s30.A52 fileNameGt=../graphsdb/mcs90/m3D/m3Dr2/mcs90_m3Dr2_s30.B52
Reading graphs...
30 :  67
30 :  67
Initializing...
maxdom : 30
D->valSize : 900
Solving...
Blb : 2 (clique : 15)
currentSize : 15 <-- 0.019067 s
currentSize : 16 <-- 0.019363 s
currentSize : 17 <-- 0.020201 s
currentSize : 18 <-- 0.021591 s
currentSize : 19 <-- 0.029728 s
currentSize : 20 <-- 0.045516 s
currentSize : 21 <-- 0.183181 s
currentSize : 22 <-- 0.184227 s
currentSize : 23 <-- 0.184315 s
currentSize : 24 <-- 0.232516 s
currentSize : 27 <-- 0.343070 s

maxsize : 27
nodes : 22040.000000
filtered : 762726.000000
time : 0.557715
