Parameters: GAD=1 vflib=1 dir=0 label=0 lowerbound=1 fileNameGp=../graphsdb/mcs90/rand/r02/mcs90_r02_s20.A35 fileNameGt=../graphsdb/mcs90/rand/r02/mcs90_r02_s20.B35
Reading graphs...
20 :  68
20 :  69
Initializing...
maxdom : 20
D->valSize : 400
Solving...
Blb : 3 (clique : 10)
currentSize : 10 <-- 0.002047 s
currentSize : 11 <-- 0.002614 s
currentSize : 12 <-- 0.002747 s
currentSize : 13 <-- 0.025495 s
currentSize : 18 <-- 0.073180 s

maxsize : 18
nodes : 18918.000000
filtered : 278622.000000
time : 0.077364
