Parameters: GAD=1 vflib=1 dir=0 label=0 lowerbound=1 fileNameGp=../graphsdb/mcs90/bvg/b09/mcs90_b09_s30.A98 fileNameGt=../graphsdb/mcs90/bvg/b09/mcs90_b09_s30.B98
Reading graphs...
30 :  133
30 :  135
Initializing...
maxdom : 30
D->valSize : 900
Solving...
Blb : 2 (clique : 15)
currentSize : 15 <-- 0.014852 s
currentSize : 16 <-- 0.014973 s
currentSize : 18 <-- 0.015029 s
currentSize : 19 <-- 0.018743 s
currentSize : 20 <-- 0.018806 s
currentSize : 21 <-- 0.026551 s
currentSize : 22 <-- 0.026620 s
currentSize : 26 <-- 0.026676 s

maxsize : 26
nodes : 17204.000000
filtered : 1014606.000000
time : 0.240764
