Parameters: GAD=1 vflib=1 dir=0 label=0 lowerbound=1 fileNameGp=../graphsdb/mcs90/bvg/b03m/mcs90_b03m_s35.A50 fileNameGt=../graphsdb/mcs90/bvg/b03m/mcs90_b03m_s35.B50
Reading graphs...
35 :  51
35 :  51
Initializing...
maxdom : 35
D->valSize : 1225
Solving...
Blb : 2 (clique : 21)
currentSize : 21 <-- 0.021588 s
currentSize : 22 <-- 0.021773 s
currentSize : 23 <-- 0.021828 s
currentSize : 24 <-- 0.024146 s
currentSize : 25 <-- 0.472858 s
currentSize : 26 <-- 39.175396 s
currentSize : 27 <-- 274.342926 s
currentSize : 28 <-- 289.272919 s
currentSize : 29 <-- 340.869049 s
currentSize : 31 <-- 347.964905 s

maxsize : 31
nodes : 5448328.000000
filtered : 299101876.000000
time : 351.171509
