Parameters: GAD=1 vflib=1 dir=0 label=0 lowerbound=1 fileNameGp=../graphsdb/mcs90/rand/r005/mcs90_r005_s25.A32 fileNameGt=../graphsdb/mcs90/rand/r005/mcs90_r005_s25.B32
Reading graphs...
25 :  29
25 :  29
Initializing...
maxdom : 25
D->valSize : 625
Solving...
Blb : 2 (clique : 17)
currentSize : 17 <-- 0.008109 s
currentSize : 18 <-- 0.008287 s
currentSize : 19 <-- 0.008583 s
currentSize : 20 <-- 0.321151 s
currentSize : 21 <-- 0.746743 s
currentSize : 22 <-- 0.763679 s

maxsize : 22
nodes : 27690.000000
filtered : 1175092.000000
time : 0.940750
