Parameters: GAD=1 vflib=1 dir=0 label=0 lowerbound=1 fileNameGp=../graphsdb/mcs90/bvg/b03/mcs90_b03_s35.A88 fileNameGt=../graphsdb/mcs90/bvg/b03/mcs90_b03_s35.B88
Reading graphs...
35 :  52
35 :  52
Initializing...
maxdom : 35
D->valSize : 1225
Solving...
Blb : 2 (clique : 27)
currentSize : 27 <-- 0.037916 s
currentSize : 28 <-- 0.058396 s
currentSize : 29 <-- 0.117563 s
currentSize : 30 <-- 0.258959 s
currentSize : 31 <-- 2.566578 s

maxsize : 31
nodes : 33897.000000
filtered : 3490957.000000
time : 5.720516
