Parameters: GAD=1 vflib=1 dir=0 label=0 lowerbound=1 fileNameGp=../graphsdb/mcs90/bvg/b06m/mcs90_b06m_s30.A88 fileNameGt=../graphsdb/mcs90/bvg/b06m/mcs90_b06m_s30.B88
Reading graphs...
30 :  88
30 :  88
Initializing...
maxdom : 30
D->valSize : 900
Solving...
Blb : 2 (clique : 13)
currentSize : 13 <-- 0.010569 s
currentSize : 15 <-- 0.010685 s
currentSize : 17 <-- 0.010693 s
currentSize : 18 <-- 0.010792 s
currentSize : 22 <-- 0.010806 s
currentSize : 24 <-- 0.053992 s
currentSize : 27 <-- 0.055135 s

maxsize : 27
nodes : 4646.000000
filtered : 276518.000000
time : 0.153314
