Parameters: GAD=1 vflib=1 dir=0 label=0 lowerbound=1 fileNameGp=../graphsdb/mcs90/bvg/b03m/mcs90_b03m_s35.A14 fileNameGt=../graphsdb/mcs90/bvg/b03m/mcs90_b03m_s35.B14
Reading graphs...
35 :  51
35 :  51
Initializing...
maxdom : 35
D->valSize : 1225
Solving...
Blb : 2 (clique : 21)
currentSize : 21 <-- 0.026566 s
currentSize : 25 <-- 0.026765 s
currentSize : 26 <-- 0.027069 s
currentSize : 27 <-- 0.027113 s
currentSize : 29 <-- 0.028606 s
currentSize : 30 <-- 0.041608 s
currentSize : 31 <-- 0.041679 s

maxsize : 31
nodes : 32504.000000
filtered : 4407805.000000
time : 7.331473
