Parameters: GAD=1 vflib=1 dir=0 label=0 lowerbound=1 fileNameGp=../graphsdb/mcs90/bvg/b06m/mcs90_b06m_s30.A85 fileNameGt=../graphsdb/mcs90/bvg/b06m/mcs90_b06m_s30.B85
Reading graphs...
30 :  88
30 :  88
Initializing...
maxdom : 30
D->valSize : 900
Solving...
Blb : 2 (clique : 14)
currentSize : 14 <-- 0.010321 s
currentSize : 15 <-- 0.011926 s
currentSize : 16 <-- 0.012181 s
currentSize : 17 <-- 0.040363 s
currentSize : 18 <-- 0.176233 s
currentSize : 19 <-- 3.803457 s
currentSize : 20 <-- 4.313691 s
currentSize : 21 <-- 4.332544 s
currentSize : 22 <-- 4.969733 s
currentSize : 27 <-- 4.969816 s

maxsize : 27
nodes : 443671.000000
filtered : 14974962.000000
time : 5.042443
