Parameters: GAD=1 vflib=1 dir=0 label=0 lowerbound=1 fileNameGp=../graphsdb/mcs90/bvg/b09m/mcs90_b09m_s25.A61 fileNameGt=../graphsdb/mcs90/bvg/b09m/mcs90_b09m_s25.B61
Reading graphs...
25 :  107
25 :  107
Initializing...
maxdom : 25
D->valSize : 625
Solving...
Blb : 2 (clique : 9)
currentSize : 9 <-- 0.004772 s
currentSize : 10 <-- 0.005112 s
currentSize : 11 <-- 0.008644 s
currentSize : 12 <-- 0.009045 s
currentSize : 13 <-- 0.376384 s
currentSize : 15 <-- 0.634777 s
currentSize : 22 <-- 0.648177 s

maxsize : 22
nodes : 172747.000000
filtered : 1957083.000000
time : 0.671068
