Parameters: GAD=1 vflib=1 dir=0 label=0 lowerbound=1 fileNameGp=../graphsdb/mcs90/m3D/m3Dr4/mcs90_m3Dr4_s30.A70 fileNameGt=../graphsdb/mcs90/m3D/m3Dr4/mcs90_m3Dr4_s30.B70
Reading graphs...
30 :  69
30 :  70
Initializing...
maxdom : 30
D->valSize : 900
Solving...
Blb : 2 (clique : 14)
currentSize : 14 <-- 0.018947 s
currentSize : 16 <-- 0.019117 s
currentSize : 17 <-- 0.019154 s
currentSize : 18 <-- 0.022121 s
currentSize : 19 <-- 0.739911 s
currentSize : 20 <-- 1.374696 s
currentSize : 21 <-- 7.615485 s
currentSize : 22 <-- 7.615744 s
currentSize : 23 <-- 7.615897 s
currentSize : 27 <-- 11.041484 s

maxsize : 27
nodes : 931524.000000
filtered : 28698080.000000
time : 11.132344
