Parameters: GAD=1 vflib=1 dir=0 label=0 lowerbound=1 fileNameGp=../graphsdb/mcs90/m3D/m3Dr6/mcs90_m3Dr6_s30.A56 fileNameGt=../graphsdb/mcs90/m3D/m3Dr6/mcs90_m3Dr6_s30.B56
Reading graphs...
30 :  74
30 :  73
Initializing...
maxdom : 30
D->valSize : 900
Solving...
Blb : 2 (clique : 16)
currentSize : 16 <-- 0.010886 s
currentSize : 17 <-- 0.020176 s
currentSize : 18 <-- 0.447015 s
currentSize : 19 <-- 2.384517 s
currentSize : 20 <-- 3.944499 s
currentSize : 21 <-- 4.040768 s
currentSize : 22 <-- 13.243041 s
currentSize : 25 <-- 15.519353 s
currentSize : 27 <-- 15.697572 s

maxsize : 27
nodes : 1531350.000000
filtered : 48718385.000000
time : 15.752510
