Parameters: GAD=1 vflib=1 dir=0 label=0 lowerbound=1 fileNameGp=../graphsdb/mcs90/rand/r02/mcs90_r02_s25.A64 fileNameGt=../graphsdb/mcs90/rand/r02/mcs90_r02_s25.B64
Reading graphs...
25 :  105
25 :  107
Initializing...
maxdom : 25
D->valSize : 625
Solving...
Blb : 2 (clique : 9)
currentSize : 9 <-- 0.004704 s
currentSize : 10 <-- 0.004788 s
currentSize : 11 <-- 0.009119 s
currentSize : 12 <-- 0.022295 s
currentSize : 13 <-- 0.126615 s
currentSize : 14 <-- 3.640626 s
currentSize : 15 <-- 3.640856 s
currentSize : 18 <-- 3.747082 s
currentSize : 22 <-- 3.747110 s

maxsize : 22
nodes : 960289.000000
filtered : 11795541.000000
time : 3.774710
