Parameters: GAD=1 vflib=1 dir=0 label=0 lowerbound=1 fileNameGp=../graphsdb/mcs90/rand/r005/mcs90_r005_s30.A86 fileNameGt=../graphsdb/mcs90/rand/r005/mcs90_r005_s30.B86
Reading graphs...
30 :  42
30 :  42
Initializing...
maxdom : 30
D->valSize : 900
Solving...
Blb : 2 (clique : 20)
currentSize : 20 <-- 0.011885 s
currentSize : 21 <-- 0.012123 s
currentSize : 22 <-- 0.012343 s
currentSize : 23 <-- 1.460141 s
currentSize : 24 <-- 68.318481 s
currentSize : 25 <-- 96.168434 s
currentSize : 26 <-- 101.780174 s
currentSize : 27 <-- 101.930099 s

maxsize : 27
nodes : 1537934.000000
filtered : 108791712.000000
time : 101.966125
