Parameters: GAD=1 vflib=1 dir=0 label=0 lowerbound=1 fileNameGp=../graphsdb/mcs90/m2D/m2Dr6/mcs90_m2Dr6_s30.A23 fileNameGt=../graphsdb/mcs90/m2D/m2Dr6/mcs90_m2Dr6_s30.B23
Reading graphs...
30 :  66
30 :  66
Initializing...
maxdom : 30
D->valSize : 900
Solving...
Blb : 2 (clique : 15)
currentSize : 15 <-- 0.015418 s
currentSize : 16 <-- 0.015720 s
currentSize : 17 <-- 0.016087 s
currentSize : 18 <-- 0.016172 s
currentSize : 19 <-- 0.112657 s
currentSize : 20 <-- 3.634015 s
currentSize : 21 <-- 33.436977 s
currentSize : 22 <-- 65.498520 s
currentSize : 25 <-- 65.499252 s

maxsize : 25
nodes : 2913078.000000
filtered : 124998829.000000
time : 66.078758
