Parameters: GAD=1 vflib=1 dir=0 label=0 lowerbound=1 fileNameGp=../graphsdb/mcs90/m2D/m2Dr6/mcs90_m2Dr6_s20.A50 fileNameGt=../graphsdb/mcs90/m2D/m2Dr6/mcs90_m2Dr6_s20.B50
Reading graphs...
20 :  41
20 :  41
Initializing...
maxdom : 20
D->valSize : 400
Solving...
Blb : 2 (clique : 11)
currentSize : 11 <-- 0.002234 s
currentSize : 12 <-- 0.002327 s
currentSize : 13 <-- 0.009343 s
currentSize : 14 <-- 0.012642 s
currentSize : 15 <-- 0.031036 s
currentSize : 16 <-- 0.031048 s

maxsize : 16
nodes : 8418.000000
filtered : 220797.000000
time : 0.072743
