Parameters: GAD=1 vflib=1 dir=0 label=0 lowerbound=1 fileNameGp=../graphsdb/mcs90/bvg/b06m/mcs90_b06m_s25.A50 fileNameGt=../graphsdb/mcs90/bvg/b06m/mcs90_b06m_s25.B50
Reading graphs...
25 :  74
25 :  73
Initializing...
maxdom : 25
D->valSize : 625
Solving...
Blb : 5 (clique : 12)
currentSize : 12 <-- 0.008508 s
currentSize : 13 <-- 0.020943 s
currentSize : 14 <-- 0.032242 s
currentSize : 15 <-- 0.298899 s
currentSize : 16 <-- 0.526524 s
currentSize : 17 <-- 0.595344 s
currentSize : 19 <-- 0.595647 s
currentSize : 22 <-- 0.719020 s

maxsize : 22
nodes : 93867.000000
filtered : 2274962.000000
time : 0.750880
