Parameters: GAD=1 vflib=1 dir=0 label=0 lowerbound=1 fileNameGp=../graphsdb/mcs90/m4D/m4D/mcs90_m4D_s20.A92 fileNameGt=../graphsdb/mcs90/m4D/m4D/mcs90_m4D_s20.B92
Reading graphs...
20 :  37
20 :  37
Initializing...
maxdom : 20
D->valSize : 400
Solving...
Blb : 2 (clique : 12)
currentSize : 12 <-- 0.002528 s
currentSize : 13 <-- 0.002696 s
currentSize : 14 <-- 0.010944 s
currentSize : 16 <-- 0.014656 s
currentSize : 17 <-- 0.036560 s

maxsize : 17
nodes : 4544.000000
filtered : 137457.000000
time : 0.048603
