Parameters: GAD=1 vflib=1 dir=0 label=0 lowerbound=1 fileNameGp=../graphsdb/mcs90/rand/r005/mcs90_r005_s25.A94 fileNameGt=../graphsdb/mcs90/rand/r005/mcs90_r005_s25.B94
Reading graphs...
25 :  29
25 :  29
Initializing...
maxdom : 25
D->valSize : 625
Solving...
Blb : 2 (clique : 18)
currentSize : 18 <-- 0.009935 s
currentSize : 19 <-- 0.016066 s
currentSize : 20 <-- 1.830806 s
currentSize : 21 <-- 2.376733 s
currentSize : 22 <-- 2.376941 s

maxsize : 22
nodes : 76078.000000
filtered : 3293659.000000
time : 2.519221
