Parameters: GAD=1 vflib=1 dir=0 label=0 lowerbound=1 fileNameGp=../graphsdb/mcs90/bvg/b03/mcs90_b03_s30.A62 fileNameGt=../graphsdb/mcs90/bvg/b03/mcs90_b03_s30.B62
Reading graphs...
30 :  45
30 :  45
Initializing...
maxdom : 30
D->valSize : 900
Solving...
Blb : 2 (clique : 19)
currentSize : 19 <-- 0.011591 s
currentSize : 23 <-- 0.011743 s
currentSize : 24 <-- 0.011757 s
currentSize : 26 <-- 0.011774 s
currentSize : 27 <-- 0.425181 s

maxsize : 27
nodes : 11871.000000
filtered : 792991.000000
time : 0.825425
