Parameters: GAD=1 vflib=1 dir=0 label=0 lowerbound=1 fileNameGp=../graphsdb/mcs90/bvg/b09/mcs90_b09_s30.A16 fileNameGt=../graphsdb/mcs90/bvg/b09/mcs90_b09_s30.B16
Reading graphs...
30 :  133
30 :  135
Initializing...
maxdom : 30
D->valSize : 900
Solving...
Blb : 3 (clique : 12)
currentSize : 12 <-- 0.009801 s
currentSize : 13 <-- 0.009964 s
currentSize : 14 <-- 0.010522 s
currentSize : 15 <-- 0.011667 s
currentSize : 16 <-- 0.018143 s
currentSize : 17 <-- 0.018260 s
currentSize : 18 <-- 0.029288 s
currentSize : 19 <-- 0.029398 s
currentSize : 20 <-- 0.029477 s
currentSize : 21 <-- 0.029648 s
currentSize : 23 <-- 0.034622 s
currentSize : 26 <-- 0.356298 s

maxsize : 26
nodes : 35466.000000
filtered : 2111850.000000
time : 0.479930
