Parameters: GAD=1 vflib=1 dir=0 label=0 lowerbound=1 fileNameGp=../graphsdb/mcs90/m4D/m4Dr2/mcs90_m4Dr2_s20.A52 fileNameGt=../graphsdb/mcs90/m4D/m4Dr2/mcs90_m4Dr2_s20.B52
Reading graphs...
20 :  40
20 :  40
Initializing...
maxdom : 20
D->valSize : 400
Solving...
Blb : 2 (clique : 11)
currentSize : 11 <-- 0.002284 s
currentSize : 13 <-- 0.002339 s
currentSize : 14 <-- 0.002360 s
currentSize : 15 <-- 0.003328 s
currentSize : 16 <-- 0.006487 s
currentSize : 17 <-- 0.018703 s

maxsize : 17
nodes : 1982.000000
filtered : 65187.000000
time : 0.030310
