Parameters: GAD=1 vflib=1 dir=0 label=0 lowerbound=1 fileNameGp=../graphsdb/mcs90/bvg/b06/mcs90_b06_s15.A11 fileNameGt=../graphsdb/mcs90/bvg/b06/mcs90_b06_s15.B11
Reading graphs...
15 :  45
15 :  45
Initializing...
maxdom : 15
D->valSize : 225
Solving...
Blb : 2 (clique : 8)
currentSize : 8 <-- 0.000958 s
currentSize : 9 <-- 0.001074 s
currentSize : 10 <-- 0.001175 s
currentSize : 11 <-- 0.001218 s
currentSize : 12 <-- 0.001450 s
currentSize : 13 <-- 0.001498 s

maxsize : 13
nodes : 429.000000
filtered : 11542.000000
time : 0.004345
