Parameters: GAD=1 vflib=1 dir=0 label=0 lowerbound=1 fileNameGp=../graphsdb/mcs90/bvg/b06/mcs90_b06_s35.A64 fileNameGt=../graphsdb/mcs90/bvg/b06/mcs90_b06_s35.B64
Reading graphs...
35 :  105
35 :  105
Initializing...
maxdom : 35
D->valSize : 1225
Solving...
Blb : 2 (clique : 24)
currentSize : 24 <-- 0.020130 s
currentSize : 26 <-- 0.020330 s
currentSize : 27 <-- 0.020481 s
currentSize : 28 <-- 0.020549 s
currentSize : 29 <-- 0.020653 s
currentSize : 30 <-- 0.024779 s
currentSize : 31 <-- 0.026393 s

maxsize : 31
nodes : 14165.000000
filtered : 1107895.000000
time : 0.702559
