Parameters: GAD=1 vflib=1 dir=0 label=0 lowerbound=1 fileNameGp=../graphsdb/mcs90/m2D/m2Dr6/mcs90_m2Dr6_s30.A52 fileNameGt=../graphsdb/mcs90/m2D/m2Dr6/mcs90_m2Dr6_s30.B52
Reading graphs...
30 :  65
30 :  63
Initializing...
maxdom : 30
D->valSize : 900
Solving...
Blb : 2 (clique : 15)
currentSize : 15 <-- 0.015657 s
currentSize : 16 <-- 0.015851 s
currentSize : 17 <-- 0.016370 s
currentSize : 18 <-- 0.016870 s
currentSize : 19 <-- 0.339020 s
currentSize : 20 <-- 4.656530 s
currentSize : 21 <-- 20.399651 s
currentSize : 22 <-- 23.220251 s
currentSize : 25 <-- 23.221355 s

maxsize : 25
nodes : 1327151.000000
filtered : 45725109.000000
time : 23.863949
