Parameters: GAD=1 vflib=1 dir=0 label=0 lowerbound=1 fileNameGp=../graphsdb/mcs90/rand/r02/mcs90_r02_s30.A05 fileNameGt=../graphsdb/mcs90/rand/r02/mcs90_r02_s30.B05
Reading graphs...
30 :  155
30 :  156
Initializing...
maxdom : 30
D->valSize : 900
Solving...
Blb : 3 (clique : 11)
currentSize : 11 <-- 0.009442 s
currentSize : 12 <-- 0.009550 s
currentSize : 13 <-- 0.016421 s
currentSize : 14 <-- 0.853608 s
currentSize : 15 <-- 1.067300 s
currentSize : 16 <-- 1.119121 s
currentSize : 20 <-- 1.238898 s
currentSize : 21 <-- 1.338076 s
currentSize : 27 <-- 1.908434 s

maxsize : 27
nodes : 417657.000000
filtered : 6792535.000000
time : 1.935577
