Parameters: GAD=1 vflib=1 dir=0 label=0 lowerbound=1 fileNameGp=../graphsdb/mcs90/rand/r005/mcs90_r005_s35.A30 fileNameGt=../graphsdb/mcs90/rand/r005/mcs90_r005_s35.B30
Reading graphs...
35 :  58
35 :  58
Initializing...
maxdom : 35
D->valSize : 1225
Solving...
Blb : 2 (clique : 24)
currentSize : 24 <-- 0.037493 s
currentSize : 25 <-- 0.599619 s
currentSize : 26 <-- 16.694878 s
currentSize : 27 <-- 30.591986 s
currentSize : 28 <-- 32.401413 s
currentSize : 29 <-- 33.148418 s
currentSize : 30 <-- 36.595112 s
currentSize : 31 <-- 37.584759 s

maxsize : 31
nodes : 718249.000000
filtered : 40292412.000000
time : 38.239948
