Parameters: GAD=1 vflib=1 dir=0 label=0 lowerbound=1 fileNameGp=../graphsdb/mcs90/rand/r02/mcs90_r02_s25.A11 fileNameGt=../graphsdb/mcs90/rand/r02/mcs90_r02_s25.B11
Reading graphs...
25 :  106
25 :  105
Initializing...
maxdom : 25
D->valSize : 625
Solving...
Blb : 2 (clique : 13)
currentSize : 13 <-- 0.004623 s
currentSize : 15 <-- 0.055831 s
currentSize : 16 <-- 0.055928 s
currentSize : 17 <-- 0.443265 s
currentSize : 22 <-- 0.667017 s

maxsize : 22
nodes : 129983.000000
filtered : 2730893.000000
time : 0.701975
