Parameters: GAD=1 vflib=1 dir=0 label=0 lowerbound=1 fileNameGp=../graphsdb/mcs90/m3D/m3Dr2/mcs90_m3Dr2_s30.A96 fileNameGt=../graphsdb/mcs90/m3D/m3Dr2/mcs90_m3Dr2_s30.B96
Reading graphs...
30 :  67
30 :  67
Initializing...
maxdom : 30
D->valSize : 900
Solving...
Blb : 2 (clique : 13)
currentSize : 13 <-- 0.010636 s
currentSize : 16 <-- 0.010745 s
currentSize : 17 <-- 0.010773 s
currentSize : 18 <-- 0.010822 s
currentSize : 20 <-- 0.013310 s
currentSize : 21 <-- 0.085037 s
currentSize : 23 <-- 0.089162 s
currentSize : 24 <-- 0.100073 s
currentSize : 27 <-- 0.100455 s

maxsize : 27
nodes : 9905.000000
filtered : 353054.000000
time : 0.167284
