Parameters: GAD=1 vflib=1 dir=0 label=0 lowerbound=1 fileNameGp=../graphsdb/mcs90/bvg/b09m/mcs90_b09m_s20.A58 fileNameGt=../graphsdb/mcs90/bvg/b09m/mcs90_b09m_s20.B58
Reading graphs...
20 :  85
20 :  85
Initializing...
maxdom : 20
D->valSize : 400
Solving...
Blb : 3 (clique : 9)
currentSize : 9 <-- 0.002078 s
currentSize : 10 <-- 0.002547 s
currentSize : 11 <-- 0.009125 s
currentSize : 12 <-- 0.009513 s
currentSize : 13 <-- 0.016381 s
currentSize : 18 <-- 0.061179 s

maxsize : 18
nodes : 15672.000000
filtered : 252582.000000
time : 0.065568
