Parameters: GAD=1 vflib=1 dir=0 label=0 lowerbound=1 fileNameGp=../graphsdb/mcs90/m3D/m3Dr4/mcs90_m3Dr4_s30.A03 fileNameGt=../graphsdb/mcs90/m3D/m3Dr4/mcs90_m3Dr4_s30.B03
Reading graphs...
30 :  72
30 :  69
Initializing...
maxdom : 30
D->valSize : 900
Solving...
Blb : 3 (clique : 16)
currentSize : 16 <-- 0.018858 s
currentSize : 17 <-- 0.021821 s
currentSize : 18 <-- 0.155564 s
currentSize : 19 <-- 0.845906 s
currentSize : 22 <-- 1.665517 s
currentSize : 23 <-- 1.850689 s
currentSize : 24 <-- 3.458966 s
currentSize : 27 <-- 3.820529 s

maxsize : 27
nodes : 308386.000000
filtered : 10052757.000000
time : 3.937927
