Parameters: GAD=1 vflib=1 dir=0 label=0 lowerbound=1 fileNameGp=../graphsdb/mcs90/m4D/m4Dr6/mcs90_m4Dr6_s20.A26 fileNameGt=../graphsdb/mcs90/m4D/m4Dr6/mcs90_m4Dr6_s20.B26
Reading graphs...
20 :  47
20 :  44
Initializing...
maxdom : 20
D->valSize : 400
Solving...
Blb : 3 (clique : 12)
currentSize : 12 <-- 0.002233 s
currentSize : 13 <-- 0.002424 s
currentSize : 14 <-- 0.002529 s
currentSize : 15 <-- 0.056250 s
currentSize : 16 <-- 0.067876 s

maxsize : 16
nodes : 5856.000000
filtered : 202060.000000
time : 0.083541
