Parameters: GAD=1 vflib=1 dir=0 label=0 lowerbound=1 fileNameGp=../graphsdb/mcs90/bvg/b06m/mcs90_b06m_s35.A07 fileNameGt=../graphsdb/mcs90/bvg/b06m/mcs90_b06m_s35.B07
Reading graphs...
35 :  103
35 :  103
Initializing...
maxdom : 35
D->valSize : 1225
Solving...
Blb : 2 (clique : 16)
currentSize : 16 <-- 0.034637 s
currentSize : 17 <-- 0.035017 s
currentSize : 18 <-- 0.041082 s
currentSize : 19 <-- 0.060166 s
currentSize : 21 <-- 0.061827 s
currentSize : 22 <-- 0.071974 s
currentSize : 23 <-- 0.081604 s
currentSize : 28 <-- 0.087625 s
currentSize : 31 <-- 0.088978 s

maxsize : 31
nodes : 9570.000000
filtered : 511166.000000
time : 0.439915
