Parameters: GAD=1 vflib=1 dir=0 label=0 lowerbound=1 fileNameGp=../graphsdb/mcs90/bvg/b09/mcs90_b09_s30.A30 fileNameGt=../graphsdb/mcs90/bvg/b09/mcs90_b09_s30.B30
Reading graphs...
30 :  133
30 :  135
Initializing...
maxdom : 30
D->valSize : 900
Solving...
Blb : 2 (clique : 11)
currentSize : 11 <-- 0.009677 s
currentSize : 12 <-- 0.009913 s
currentSize : 13 <-- 0.011185 s
currentSize : 14 <-- 0.011943 s
currentSize : 15 <-- 0.016093 s
currentSize : 16 <-- 0.033242 s
currentSize : 20 <-- 0.033356 s
currentSize : 22 <-- 0.033417 s
currentSize : 26 <-- 0.039038 s

maxsize : 26
nodes : 23062.000000
filtered : 1164908.000000
time : 0.317580
