Parameters: GAD=1 vflib=1 dir=0 label=0 lowerbound=1 fileNameGp=../graphsdb/mcs90/m4D/m4D/mcs90_m4D_s20.A18 fileNameGt=../graphsdb/mcs90/m4D/m4D/mcs90_m4D_s20.B18
Reading graphs...
20 :  37
20 :  37
Initializing...
maxdom : 20
D->valSize : 400
Solving...
Blb : 5 (clique : 12)
currentSize : 12 <-- 0.002431 s
currentSize : 13 <-- 0.002631 s
currentSize : 14 <-- 0.002652 s
currentSize : 15 <-- 0.002685 s
currentSize : 16 <-- 0.003394 s
currentSize : 17 <-- 0.018701 s

maxsize : 17
nodes : 2314.000000
filtered : 79790.000000
time : 0.033565
