Parameters: GAD=1 vflib=1 dir=0 label=0 lowerbound=1 fileNameGp=../graphsdb/mcs90/rand/r02/mcs90_r02_s35.A26 fileNameGt=../graphsdb/mcs90/rand/r02/mcs90_r02_s35.B26
Reading graphs...
35 :  212
35 :  215
Initializing...
maxdom : 35
D->valSize : 1225
Solving...
Blb : 3 (clique : 10)
currentSize : 10 <-- 0.029470 s
currentSize : 12 <-- 0.029643 s
currentSize : 13 <-- 0.029754 s
currentSize : 14 <-- 0.517417 s
currentSize : 15 <-- 5.734200 s
currentSize : 17 <-- 55.059498 s
currentSize : 19 <-- 55.239399 s
currentSize : 22 <-- 55.387737 s
currentSize : 26 <-- 55.416889 s
currentSize : 31 <-- 55.416992 s

maxsize : 31
nodes : 13496957.000000
filtered : 158926639.000000
time : 55.703255
