Parameters: GAD=1 vflib=1 dir=0 label=0 lowerbound=1 fileNameGp=../graphsdb/mcs90/m3D/m3Dr4/mcs90_m3Dr4_s30.A80 fileNameGt=../graphsdb/mcs90/m3D/m3Dr4/mcs90_m3Dr4_s30.B80
Reading graphs...
30 :  71
30 :  71
Initializing...
maxdom : 30
D->valSize : 900
Solving...
Blb : 2 (clique : 15)
currentSize : 15 <-- 0.010860 s
currentSize : 16 <-- 0.011201 s
currentSize : 17 <-- 0.011737 s
currentSize : 18 <-- 0.155954 s
currentSize : 19 <-- 11.460007 s
currentSize : 20 <-- 22.665455 s
currentSize : 21 <-- 27.708229 s
currentSize : 22 <-- 32.569397 s
currentSize : 24 <-- 32.585476 s
currentSize : 25 <-- 32.911522 s
currentSize : 27 <-- 32.911552 s

maxsize : 27
nodes : 2655135.000000
filtered : 87302971.000000
time : 32.990841
