Parameters: GAD=1 vflib=1 dir=0 label=0 lowerbound=1 fileNameGp=../graphsdb/mcs90/bvg/b09/mcs90_b09_s30.A02 fileNameGt=../graphsdb/mcs90/bvg/b09/mcs90_b09_s30.B02
Reading graphs...
30 :  135
30 :  135
Initializing...
maxdom : 30
D->valSize : 900
Solving...
Blb : 2 (clique : 11)
currentSize : 11 <-- 0.009741 s
currentSize : 12 <-- 0.011414 s
currentSize : 13 <-- 0.011606 s
currentSize : 14 <-- 0.042638 s
currentSize : 15 <-- 0.128563 s
currentSize : 16 <-- 0.298000 s
currentSize : 18 <-- 0.298973 s
currentSize : 19 <-- 0.303420 s
currentSize : 20 <-- 0.303596 s
currentSize : 22 <-- 0.307119 s
currentSize : 26 <-- 0.317526 s

maxsize : 26
nodes : 77748.000000
filtered : 1830538.000000
time : 0.579000
