Parameters: GAD=1 vflib=1 dir=0 label=0 lowerbound=1 fileNameGp=../graphsdb/mcs90/m2D/m2D/mcs90_m2D_s20.A99 fileNameGt=../graphsdb/mcs90/m2D/m2D/mcs90_m2D_s20.B99
Reading graphs...
20 :  31
20 :  31
Initializing...
maxdom : 20
D->valSize : 400
Solving...
Blb : 2 (clique : 13)
currentSize : 13 <-- 0.002266 s
currentSize : 14 <-- 0.002779 s
currentSize : 15 <-- 0.025347 s
currentSize : 16 <-- 0.218799 s
currentSize : 17 <-- 0.228901 s

maxsize : 17
nodes : 17912.000000
filtered : 492063.000000
time : 0.234451
