Parameters: GAD=1 vflib=1 dir=0 label=0 lowerbound=1 fileNameGp=../graphsdb/mcs90/m2D/m2D/mcs90_m2D_s30.A21 fileNameGt=../graphsdb/mcs90/m2D/m2D/mcs90_m2D_s30.B21
Reading graphs...
30 :  49
30 :  47
Initializing...
maxdom : 30
D->valSize : 900
Solving...
Blb : 2 (clique : 19)
currentSize : 19 <-- 0.020220 s
currentSize : 20 <-- 0.021134 s
currentSize : 21 <-- 0.022059 s
currentSize : 22 <-- 0.200121 s
currentSize : 23 <-- 0.222562 s
currentSize : 24 <-- 0.599334 s
currentSize : 25 <-- 1.418470 s
currentSize : 26 <-- 2.350469 s

maxsize : 26
nodes : 55261.000000
filtered : 3917994.000000
time : 3.417003
