Parameters: GAD=1 vflib=1 dir=0 label=0 lowerbound=1 fileNameGp=../graphsdb/mcs90/rand/r01/mcs90_r01_s35.A36 fileNameGt=../graphsdb/mcs90/rand/r01/mcs90_r01_s35.B36
Reading graphs...
35 :  113
35 :  112
Initializing...
maxdom : 35
D->valSize : 1225
Solving...
Blb : 2 (clique : 17)
currentSize : 17 <-- 0.033833 s
currentSize : 18 <-- 0.324241 s
currentSize : 19 <-- 7.666046 s
currentSize : 21 <-- 153.774826 s
currentSize : 22 <-- 212.426346 s
currentSize : 24 <-- 214.119919 s
currentSize : 25 <-- 218.959915 s
currentSize : 26 <-- 243.090302 s
currentSize : 29 <-- 247.415878 s
currentSize : 31 <-- 247.418686 s

maxsize : 31
nodes : 28127719.000000
filtered : 777966364.000000
time : 247.545120
