Parameters: GAD=1 vflib=1 dir=0 label=0 lowerbound=1 fileNameGp=../graphsdb/mcs90/m2D/m2Dr2/mcs90_m2Dr2_s20.A85 fileNameGt=../graphsdb/mcs90/m2D/m2Dr2/mcs90_m2Dr2_s20.B85
Reading graphs...
20 :  33
20 :  34
Initializing...
maxdom : 20
D->valSize : 400
Solving...
Blb : 2 (clique : 11)
currentSize : 11 <-- 0.002319 s
currentSize : 12 <-- 0.002519 s
currentSize : 13 <-- 0.008616 s
currentSize : 14 <-- 0.009157 s
currentSize : 15 <-- 0.014317 s
currentSize : 16 <-- 0.016542 s

maxsize : 16
nodes : 8255.000000
filtered : 202052.000000
time : 0.096305
