Parameters: GAD=1 vflib=1 dir=0 label=0 lowerbound=1 fileNameGp=../graphsdb/mcs90/bvg/b03m/mcs90_b03m_s35.A75 fileNameGt=../graphsdb/mcs90/bvg/b03m/mcs90_b03m_s35.B75
Reading graphs...
35 :  52
35 :  52
Initializing...
maxdom : 35
D->valSize : 1225
Solving...
Blb : 5 (clique : 21)
currentSize : 21 <-- 0.022008 s
currentSize : 22 <-- 0.022368 s
currentSize : 23 <-- 0.024200 s
currentSize : 24 <-- 0.156919 s
currentSize : 25 <-- 0.172862 s
currentSize : 26 <-- 0.281185 s
currentSize : 27 <-- 0.987584 s
currentSize : 28 <-- 137.157669 s
currentSize : 29 <-- 239.188293 s
currentSize : 30 <-- 239.188370 s
currentSize : 31 <-- 261.760468 s

maxsize : 31
nodes : 2085892.000000
filtered : 165523631.000000
time : 263.166626
