Parameters: GAD=1 vflib=1 dir=0 label=0 lowerbound=1 fileNameGp=../graphsdb/mcs90/rand/r005/mcs90_r005_s35.A84 fileNameGt=../graphsdb/mcs90/rand/r005/mcs90_r005_s35.B84
Reading graphs...
35 :  57
35 :  58
Initializing...
maxdom : 35
D->valSize : 1225
Solving...
Blb : 2 (clique : 21)
currentSize : 21 <-- 0.037397 s
currentSize : 22 <-- 0.148467 s
currentSize : 23 <-- 0.357932 s
currentSize : 24 <-- 11.215614 s
currentSize : 25 <-- 56.903473 s
currentSize : 26 <-- 147.772202 s
currentSize : 27 <-- 311.006866 s
currentSize : 28 <-- 362.321564 s
currentSize : 29 <-- 379.264038 s
currentSize : 30 <-- 379.264069 s
currentSize : 31 <-- 381.640381 s

maxsize : 31
nodes : 5836365.000000
filtered : 335225883.000000
time : 381.897217
