Parameters: GAD=1 vflib=1 dir=0 label=0 lowerbound=1 fileNameGp=../graphsdb/mcs90/rand/r005/mcs90_r005_s30.A21 fileNameGt=../graphsdb/mcs90/rand/r005/mcs90_r005_s30.B21
Reading graphs...
30 :  41
30 :  41
Initializing...
maxdom : 30
D->valSize : 900
Solving...
Blb : 5 (clique : 20)
currentSize : 20 <-- 0.011355 s
currentSize : 21 <-- 0.143487 s
currentSize : 22 <-- 0.180870 s
currentSize : 23 <-- 0.263994 s
currentSize : 24 <-- 1.273332 s
currentSize : 25 <-- 1.408847 s
currentSize : 26 <-- 1.408962 s
currentSize : 27 <-- 1.408976 s

maxsize : 27
nodes : 89190.000000
filtered : 2184976.000000
time : 1.579713
