Parameters: GAD=1 vflib=1 dir=0 label=0 lowerbound=1 fileNameGp=../graphsdb/mcs90/rand/r02/mcs90_r02_s25.A44 fileNameGt=../graphsdb/mcs90/rand/r02/mcs90_r02_s25.B44
Reading graphs...
25 :  107
25 :  104
Initializing...
maxdom : 25
D->valSize : 625
Solving...
Blb : 2 (clique : 9)
currentSize : 9 <-- 0.004784 s
currentSize : 10 <-- 0.004869 s
currentSize : 11 <-- 0.005114 s
currentSize : 12 <-- 0.013475 s
currentSize : 13 <-- 0.712858 s
currentSize : 14 <-- 2.393525 s
currentSize : 17 <-- 2.475123 s
currentSize : 22 <-- 2.486948 s

maxsize : 22
nodes : 609005.000000
filtered : 7637519.000000
time : 2.517160
