Parameters: GAD=1 vflib=1 dir=0 label=0 lowerbound=1 fileNameGp=../graphsdb/mcs90/rand/r02/mcs90_r02_s35.A46 fileNameGt=../graphsdb/mcs90/rand/r02/mcs90_r02_s35.B46
Reading graphs...
35 :  216
35 :  218
Initializing...
maxdom : 35
D->valSize : 1225
Solving...
Blb : 2 (clique : 11)
currentSize : 11 <-- 0.029902 s
currentSize : 12 <-- 0.030106 s
currentSize : 13 <-- 0.032257 s
currentSize : 14 <-- 0.077977 s
currentSize : 15 <-- 3.134131 s
currentSize : 16 <-- 3.254532 s
currentSize : 17 <-- 5.868906 s
currentSize : 21 <-- 7.787366 s
currentSize : 22 <-- 19.970907 s
currentSize : 31 <-- 28.572956 s

maxsize : 31
nodes : 4666901.000000
filtered : 136943467.000000
time : 28.663399
