Parameters: GAD=1 vflib=1 dir=0 label=0 lowerbound=1 fileNameGp=../graphsdb/mcs90/rand/r01/mcs90_r01_s35.A88 fileNameGt=../graphsdb/mcs90/rand/r01/mcs90_r01_s35.B88
Reading graphs...
35 :  116
35 :  114
Initializing...
maxdom : 35
D->valSize : 1225
Solving...
Blb : 2 (clique : 14)
currentSize : 14 <-- 0.033124 s
currentSize : 16 <-- 0.033334 s
currentSize : 17 <-- 0.033633 s
currentSize : 18 <-- 0.235587 s
currentSize : 19 <-- 1.931599 s
currentSize : 20 <-- 3.080015 s
currentSize : 21 <-- 3.091068 s
currentSize : 22 <-- 5.422832 s
currentSize : 23 <-- 5.422879 s
currentSize : 25 <-- 59.844810 s
currentSize : 26 <-- 59.844933 s
currentSize : 27 <-- 61.490051 s
currentSize : 31 <-- 61.548111 s

maxsize : 31
nodes : 5495502.000000
filtered : 226704190.000000
time : 61.769737
