Parameters: GAD=1 vflib=1 dir=0 label=0 lowerbound=1 fileNameGp=../graphsdb/mcs90/bvg/b03/mcs90_b03_s35.A64 fileNameGt=../graphsdb/mcs90/bvg/b03/mcs90_b03_s35.B64
Reading graphs...
35 :  52
35 :  52
Initializing...
maxdom : 35
D->valSize : 1225
Solving...
Blb : 2 (clique : 24)
currentSize : 24 <-- 0.021431 s
currentSize : 25 <-- 0.021644 s
currentSize : 26 <-- 0.021662 s
currentSize : 27 <-- 0.022535 s
currentSize : 28 <-- 0.024054 s
currentSize : 29 <-- 0.408560 s
currentSize : 30 <-- 0.408578 s
currentSize : 31 <-- 4.426991 s
currentSize : 33 <-- 4.439745 s

maxsize : 33
nodes : 34754.000000
filtered : 2900598.000000
time : 4.772305
