Parameters: GAD=1 vflib=1 dir=0 label=0 lowerbound=1 fileNameGp=../graphsdb/mcs90/m3D/m3Dr2/mcs90_m3Dr2_s30.A39 fileNameGt=../graphsdb/mcs90/m3D/m3Dr2/mcs90_m3Dr2_s30.B39
Reading graphs...
30 :  66
30 :  67
Initializing...
maxdom : 30
D->valSize : 900
Solving...
Blb : 2 (clique : 17)
currentSize : 17 <-- 0.010825 s
currentSize : 18 <-- 0.011072 s
currentSize : 19 <-- 0.011381 s
currentSize : 22 <-- 0.011934 s
currentSize : 23 <-- 0.012106 s
currentSize : 27 <-- 0.032500 s

maxsize : 27
nodes : 5674.000000
filtered : 332317.000000
time : 0.138985
