Parameters: GAD=1 vflib=1 dir=0 label=0 lowerbound=1 fileNameGp=../graphsdb/mcs90/rand/r02/mcs90_r02_s25.A93 fileNameGt=../graphsdb/mcs90/rand/r02/mcs90_r02_s25.B93
Reading graphs...
25 :  114
25 :  111
Initializing...
maxdom : 25
D->valSize : 625
Solving...
Blb : 2 (clique : 10)
currentSize : 10 <-- 0.004590 s
currentSize : 11 <-- 0.004807 s
currentSize : 12 <-- 0.020914 s
currentSize : 13 <-- 0.037323 s
currentSize : 14 <-- 0.671252 s
currentSize : 16 <-- 0.829340 s
currentSize : 17 <-- 0.829532 s
currentSize : 18 <-- 0.970218 s
currentSize : 22 <-- 1.002118 s

maxsize : 22
nodes : 231505.000000
filtered : 3874024.000000
time : 1.017155
