Parameters: GAD=1 vflib=1 dir=0 label=0 lowerbound=1 fileNameGp=../graphsdb/mcs90/bvg/b06m/mcs90_b06m_s35.A96 fileNameGt=../graphsdb/mcs90/bvg/b06m/mcs90_b06m_s35.B96
Reading graphs...
35 :  102
35 :  102
Initializing...
maxdom : 35
D->valSize : 1225
Solving...
Blb : 2 (clique : 16)
currentSize : 16 <-- 0.034919 s
currentSize : 17 <-- 0.035194 s
currentSize : 18 <-- 0.037490 s
currentSize : 19 <-- 0.106999 s
currentSize : 20 <-- 0.532590 s
currentSize : 21 <-- 0.571602 s
currentSize : 22 <-- 1.056616 s
currentSize : 23 <-- 12.878682 s
currentSize : 25 <-- 301.250946 s
currentSize : 26 <-- 305.558197 s
currentSize : 31 <-- 305.571320 s

maxsize : 31
nodes : 14388708.000000
filtered : 862222364.000000
time : 305.932251
