Parameters: GAD=1 vflib=1 dir=0 label=0 lowerbound=1 fileNameGp=../graphsdb/mcs90/bvg/b09/mcs90_b09_s25.A77 fileNameGt=../graphsdb/mcs90/bvg/b09/mcs90_b09_s25.B77
Reading graphs...
25 :  111
25 :  112
Initializing...
maxdom : 25
D->valSize : 625
Solving...
Blb : 5 (clique : 11)
currentSize : 11 <-- 0.004537 s
currentSize : 12 <-- 0.004640 s
currentSize : 13 <-- 0.005952 s
currentSize : 14 <-- 0.007342 s
currentSize : 15 <-- 0.007403 s
currentSize : 18 <-- 0.007588 s
currentSize : 22 <-- 0.013689 s

maxsize : 22
nodes : 5700.000000
filtered : 265880.000000
time : 0.071701
