Parameters: GAD=1 vflib=1 dir=0 label=0 lowerbound=1 fileNameGp=../graphsdb/mcs90/bvg/b06m/mcs90_b06m_s30.A62 fileNameGt=../graphsdb/mcs90/bvg/b06m/mcs90_b06m_s30.B62
Reading graphs...
30 :  88
30 :  87
Initializing...
maxdom : 30
D->valSize : 900
Solving...
Blb : 3 (clique : 17)
currentSize : 17 <-- 0.018172 s
currentSize : 18 <-- 0.018444 s
currentSize : 19 <-- 0.018521 s
currentSize : 20 <-- 0.747505 s
currentSize : 27 <-- 0.858206 s

maxsize : 27
nodes : 71020.000000
filtered : 2708151.000000
time : 0.927954
