Parameters: GAD=1 vflib=1 dir=0 label=0 lowerbound=1 fileNameGp=../graphsdb/mcs90/bvg/b03m/mcs90_b03m_s30.A86 fileNameGt=../graphsdb/mcs90/bvg/b03m/mcs90_b03m_s30.B86
Reading graphs...
30 :  45
30 :  45
Initializing...
maxdom : 30
D->valSize : 900
Solving...
Blb : 2 (clique : 18)
currentSize : 18 <-- 0.011351 s
currentSize : 19 <-- 0.011520 s
currentSize : 20 <-- 0.011634 s
currentSize : 21 <-- 0.012326 s
currentSize : 22 <-- 0.796487 s
currentSize : 23 <-- 0.878256 s
currentSize : 24 <-- 1.676947 s
currentSize : 25 <-- 3.589962 s
currentSize : 26 <-- 4.135640 s

maxsize : 26
nodes : 88507.000000
filtered : 5692969.000000
time : 5.490419
