Parameters: GAD=1 vflib=1 dir=0 label=0 lowerbound=1 fileNameGp=../graphsdb/mcs90/bvg/b06/mcs90_b06_s30.A15 fileNameGt=../graphsdb/mcs90/bvg/b06/mcs90_b06_s30.B15
Reading graphs...
30 :  90
30 :  90
Initializing...
maxdom : 30
D->valSize : 900
Solving...
Blb : 2 (clique : 20)
currentSize : 20 <-- 0.010763 s
currentSize : 21 <-- 0.011027 s
currentSize : 22 <-- 0.011809 s
currentSize : 23 <-- 0.012185 s
currentSize : 24 <-- 0.018007 s
currentSize : 25 <-- 0.018114 s
currentSize : 27 <-- 0.025543 s

maxsize : 27
nodes : 4860.000000
filtered : 301822.000000
time : 0.211022
