Parameters: GAD=1 vflib=1 dir=0 label=0 lowerbound=1 fileNameGp=../graphsdb/mcs90/bvg/b09/mcs90_b09_s35.A01 fileNameGt=../graphsdb/mcs90/bvg/b09/mcs90_b09_s35.B01
Reading graphs...
35 :  155
35 :  155
Initializing...
maxdom : 35
D->valSize : 1225
Solving...
Blb : 5 (clique : 16)
currentSize : 16 <-- 0.018601 s
currentSize : 17 <-- 0.019422 s
currentSize : 18 <-- 0.021187 s
currentSize : 19 <-- 0.050734 s
currentSize : 20 <-- 0.050815 s
currentSize : 22 <-- 0.125021 s
currentSize : 23 <-- 0.179508 s
currentSize : 24 <-- 0.179644 s
currentSize : 26 <-- 0.180033 s
currentSize : 28 <-- 0.228059 s
currentSize : 30 <-- 0.228172 s

maxsize : 30
nodes : 89063.000000
filtered : 4910798.000000
time : 1.224640
