Parameters: GAD=1 vflib=1 dir=0 label=0 lowerbound=1 fileNameGp=../graphsdb/mcs90/m4D/m4Dr4/mcs90_m4Dr4_s20.A17 fileNameGt=../graphsdb/mcs90/m4D/m4Dr4/mcs90_m4Dr4_s20.B17
Reading graphs...
20 :  45
20 :  44
Initializing...
maxdom : 20
D->valSize : 400
Solving...
Blb : 2 (clique : 12)
currentSize : 12 <-- 0.002224 s
currentSize : 13 <-- 0.003741 s
currentSize : 14 <-- 0.035945 s
currentSize : 15 <-- 0.049637 s
currentSize : 16 <-- 0.049720 s

maxsize : 16
nodes : 8071.000000
filtered : 211378.000000
time : 0.077388
