Parameters: GAD=1 vflib=1 dir=0 label=0 lowerbound=1 fileNameGp=../graphsdb/mcs90/m4D/m4Dr4/mcs90_m4Dr4_s20.A90 fileNameGt=../graphsdb/mcs90/m4D/m4Dr4/mcs90_m4Dr4_s20.B90
Reading graphs...
20 :  44
20 :  43
Initializing...
maxdom : 20
D->valSize : 400
Solving...
Blb : 2 (clique : 12)
currentSize : 12 <-- 0.002291 s
currentSize : 13 <-- 0.004027 s
currentSize : 14 <-- 0.006735 s
currentSize : 15 <-- 0.055432 s
currentSize : 16 <-- 0.063643 s

maxsize : 16
nodes : 11393.000000
filtered : 287146.000000
time : 0.109180
