Parameters: GAD=1 vflib=1 dir=0 label=0 lowerbound=1 fileNameGp=../graphsdb/mcs90/rand/r01/mcs90_r01_s25.A26 fileNameGt=../graphsdb/mcs90/rand/r01/mcs90_r01_s25.B26
Reading graphs...
25 :  55
25 :  55
Initializing...
maxdom : 25
D->valSize : 625
Solving...
Blb : 2 (clique : 12)
currentSize : 12 <-- 0.008964 s
currentSize : 14 <-- 0.009081 s
currentSize : 15 <-- 0.012101 s
currentSize : 16 <-- 0.026723 s
currentSize : 17 <-- 0.079609 s
currentSize : 20 <-- 0.080048 s
currentSize : 22 <-- 0.082244 s

maxsize : 22
nodes : 8697.000000
filtered : 202294.000000
time : 0.116502
