Parameters: GAD=1 vflib=1 dir=0 label=0 lowerbound=1 fileNameGp=../graphsdb/mcs90/bvg/b09m/mcs90_b09m_s35.A45 fileNameGt=../graphsdb/mcs90/bvg/b09m/mcs90_b09m_s35.B45
Reading graphs...
35 :  148
35 :  148
Initializing...
maxdom : 35
D->valSize : 1225
Solving...
Blb : 2 (clique : 15)
currentSize : 15 <-- 0.018558 s
currentSize : 16 <-- 0.023717 s
currentSize : 17 <-- 0.574038 s
currentSize : 18 <-- 1.928449 s
currentSize : 19 <-- 2.082888 s
currentSize : 22 <-- 18.252836 s
currentSize : 24 <-- 21.017069 s
currentSize : 26 <-- 21.017908 s
currentSize : 30 <-- 21.024540 s

maxsize : 30
nodes : 3252199.000000
filtered : 85821643.000000
time : 21.595947
