Parameters: GAD=1 vflib=1 dir=0 label=0 lowerbound=1 fileNameGp=../graphsdb/mcs90/bvg/b09m/mcs90_b09m_s25.A88 fileNameGt=../graphsdb/mcs90/bvg/b09m/mcs90_b09m_s25.B88
Reading graphs...
25 :  106
25 :  105
Initializing...
maxdom : 25
D->valSize : 625
Solving...
Blb : 2 (clique : 11)
currentSize : 11 <-- 0.008064 s
currentSize : 12 <-- 0.070578 s
currentSize : 13 <-- 0.113277 s
currentSize : 15 <-- 0.322478 s
currentSize : 18 <-- 0.376866 s
currentSize : 22 <-- 0.526111 s

maxsize : 22
nodes : 121175.000000
filtered : 1930213.000000
time : 0.549238
