Parameters: GAD=1 vflib=1 dir=0 label=0 lowerbound=1 fileNameGp=../graphsdb/mcs90/bvg/b06/mcs90_b06_s25.A77 fileNameGt=../graphsdb/mcs90/bvg/b06/mcs90_b06_s25.B77
Reading graphs...
25 :  75
25 :  75
Initializing...
maxdom : 25
D->valSize : 625
Solving...
Blb : 5 (clique : 15)
currentSize : 15 <-- 0.004945 s
currentSize : 16 <-- 0.005044 s
currentSize : 19 <-- 0.006505 s
currentSize : 20 <-- 0.006574 s
currentSize : 22 <-- 0.006711 s

maxsize : 22
nodes : 3183.000000
filtered : 140820.000000
time : 0.093124
