Parameters: GAD=1 vflib=1 dir=0 label=0 lowerbound=1 fileNameGp=../graphsdb/mcs90/m2D/m2Dr4/mcs90_m2Dr4_s20.A67 fileNameGt=../graphsdb/mcs90/m2D/m2Dr4/mcs90_m2Dr4_s20.B67
Reading graphs...
20 :  38
20 :  38
Initializing...
maxdom : 20
D->valSize : 400
Solving...
Blb : 3 (clique : 12)
currentSize : 12 <-- 0.002222 s
currentSize : 13 <-- 0.002311 s
currentSize : 14 <-- 0.005732 s
currentSize : 15 <-- 0.036373 s
currentSize : 17 <-- 0.154117 s

maxsize : 17
nodes : 16772.000000
filtered : 453296.000000
time : 0.157813
