Parameters: GAD=1 vflib=1 dir=0 label=0 lowerbound=1 fileNameGp=../graphsdb/mcs90/m3D/m3Dr2/mcs90_m3Dr2_s30.A77 fileNameGt=../graphsdb/mcs90/m3D/m3Dr2/mcs90_m3Dr2_s30.B77
Reading graphs...
30 :  66
30 :  65
Initializing...
maxdom : 30
D->valSize : 900
Solving...
Blb : 2 (clique : 21)
currentSize : 21 <-- 0.019122 s
currentSize : 22 <-- 0.019460 s
currentSize : 23 <-- 0.277363 s
currentSize : 24 <-- 0.277459 s
currentSize : 27 <-- 2.078792 s

maxsize : 27
nodes : 90914.000000
filtered : 4263549.000000
time : 2.243026
