Parameters: GAD=1 vflib=1 dir=0 label=0 lowerbound=1 fileNameGp=../graphsdb/mcs90/bvg/b06m/mcs90_b06m_s30.A97 fileNameGt=../graphsdb/mcs90/bvg/b06m/mcs90_b06m_s30.B97
Reading graphs...
30 :  88
30 :  89
Initializing...
maxdom : 30
D->valSize : 900
Solving...
Blb : 3 (clique : 14)
currentSize : 14 <-- 0.010269 s
currentSize : 15 <-- 0.015861 s
currentSize : 16 <-- 0.027881 s
currentSize : 17 <-- 0.039257 s
currentSize : 18 <-- 0.212427 s
currentSize : 19 <-- 1.264225 s
currentSize : 20 <-- 2.108799 s
currentSize : 21 <-- 10.607269 s
currentSize : 23 <-- 10.608973 s
currentSize : 27 <-- 10.760879 s

maxsize : 27
nodes : 695825.000000
filtered : 29274620.000000
time : 10.858038
