Parameters: GAD=1 vflib=1 dir=0 label=0 lowerbound=1 fileNameGp=../graphsdb/mcs90/rand/r02/mcs90_r02_s15.A16 fileNameGt=../graphsdb/mcs90/rand/r02/mcs90_r02_s15.B16
Reading graphs...
15 :  37
15 :  36
Initializing...
maxdom : 15
D->valSize : 225
Solving...
Blb : 2 (clique : 8)
currentSize : 8 <-- 0.000911 s
currentSize : 9 <-- 0.000951 s
currentSize : 10 <-- 0.001551 s
currentSize : 12 <-- 0.001728 s
currentSize : 13 <-- 0.001764 s

maxsize : 13
nodes : 473.000000
filtered : 9460.000000
time : 0.003213
