Parameters: GAD=1 vflib=1 dir=0 label=0 lowerbound=1 fileNameGp=../graphsdb/mcs90/m2D/m2Dr4/mcs90_m2Dr4_s30.A71 fileNameGt=../graphsdb/mcs90/m2D/m2Dr4/mcs90_m2Dr4_s30.B71
Reading graphs...
30 :  60
30 :  58
Initializing...
maxdom : 30
D->valSize : 900
Solving...
Blb : 2 (clique : 15)
currentSize : 15 <-- 0.019124 s
currentSize : 16 <-- 0.019347 s
currentSize : 17 <-- 0.021712 s
currentSize : 18 <-- 0.088874 s
currentSize : 19 <-- 0.356854 s
currentSize : 20 <-- 6.594373 s
currentSize : 21 <-- 21.622021 s
currentSize : 22 <-- 31.655155 s
currentSize : 23 <-- 31.852121 s
currentSize : 25 <-- 31.852152 s

maxsize : 25
nodes : 1823108.000000
filtered : 58499038.000000
time : 32.960457
