Parameters: GAD=1 vflib=1 dir=0 label=0 lowerbound=1 fileNameGp=../graphsdb/mcs90/m3D/m3Dr4/mcs90_m3Dr4_s30.A66 fileNameGt=../graphsdb/mcs90/m3D/m3Dr4/mcs90_m3Dr4_s30.B66
Reading graphs...
30 :  72
30 :  69
Initializing...
maxdom : 30
D->valSize : 900
Solving...
Blb : 2 (clique : 16)
currentSize : 16 <-- 0.010876 s
currentSize : 17 <-- 0.011096 s
currentSize : 18 <-- 0.011321 s
currentSize : 19 <-- 0.052703 s
currentSize : 20 <-- 1.287117 s
currentSize : 22 <-- 7.592345 s
currentSize : 24 <-- 9.248793 s
currentSize : 27 <-- 9.249713 s

maxsize : 27
nodes : 845749.000000
filtered : 27781676.000000
time : 9.310208
