Parameters: GAD=1 vflib=1 dir=0 label=0 lowerbound=1 fileNameGp=../graphsdb/mcs90/bvg/b09m/mcs90_b09m_s30.A81 fileNameGt=../graphsdb/mcs90/bvg/b09m/mcs90_b09m_s30.B81
Reading graphs...
30 :  130
30 :  127
Initializing...
maxdom : 30
D->valSize : 900
Solving...
Blb : 2 (clique : 12)
currentSize : 12 <-- 0.016668 s
currentSize : 13 <-- 0.016833 s
currentSize : 14 <-- 0.158162 s
currentSize : 15 <-- 3.694809 s
currentSize : 16 <-- 7.409018 s
currentSize : 17 <-- 12.160915 s
currentSize : 20 <-- 12.161387 s
currentSize : 21 <-- 13.520639 s
currentSize : 24 <-- 13.521975 s
currentSize : 26 <-- 13.522029 s

maxsize : 26
nodes : 2694996.000000
filtered : 47027794.000000
time : 13.664933
