Parameters: GAD=1 vflib=1 dir=0 label=0 lowerbound=1 fileNameGp=../graphsdb/mcs90/rand/r02/mcs90_r02_s25.A67 fileNameGt=../graphsdb/mcs90/rand/r02/mcs90_r02_s25.B67
Reading graphs...
25 :  110
25 :  109
Initializing...
maxdom : 25
D->valSize : 625
Solving...
Blb : 2 (clique : 10)
currentSize : 10 <-- 0.004610 s
currentSize : 12 <-- 0.004748 s
currentSize : 13 <-- 0.216048 s
currentSize : 14 <-- 0.240543 s
currentSize : 17 <-- 0.240558 s
currentSize : 22 <-- 0.357849 s

maxsize : 22
nodes : 77868.000000
filtered : 1255545.000000
time : 0.377894
