Parameters: GAD=1 vflib=1 dir=0 label=0 lowerbound=1 fileNameGp=../graphsdb/mcs90/bvg/b03/mcs90_b03_s30.A61 fileNameGt=../graphsdb/mcs90/bvg/b03/mcs90_b03_s30.B61
Reading graphs...
30 :  45
30 :  45
Initializing...
maxdom : 30
D->valSize : 900
Solving...
Blb : 2 (clique : 20)
currentSize : 20 <-- 0.011379 s
currentSize : 21 <-- 0.011561 s
currentSize : 22 <-- 0.011607 s
currentSize : 23 <-- 0.011649 s
currentSize : 24 <-- 0.012096 s
currentSize : 25 <-- 0.022980 s
currentSize : 27 <-- 0.026610 s

maxsize : 27
nodes : 3525.000000
filtered : 270142.000000
time : 0.374601
