Parameters: GAD=1 vflib=1 dir=0 label=0 lowerbound=1 fileNameGp=../graphsdb/mcs90/bvg/b09m/mcs90_b09m_s15.A26 fileNameGt=../graphsdb/mcs90/bvg/b09m/mcs90_b09m_s15.B26
Reading graphs...
15 :  58
15 :  59
Initializing...
maxdom : 15
D->valSize : 225
Solving...
Blb : 2 (clique : 8)
currentSize : 8 <-- 0.000960 s
currentSize : 9 <-- 0.001015 s
currentSize : 10 <-- 0.001204 s
currentSize : 11 <-- 0.003193 s
currentSize : 12 <-- 0.003687 s

maxsize : 12
nodes : 931.000000
filtered : 23022.000000
time : 0.007051
