Parameters: GAD=1 vflib=1 dir=0 label=0 lowerbound=1 fileNameGp=../graphsdb/mcs90/rand/r01/mcs90_r01_s35.A71 fileNameGt=../graphsdb/mcs90/rand/r01/mcs90_r01_s35.B71
Reading graphs...
35 :  110
35 :  111
Initializing...
maxdom : 35
D->valSize : 1225
Solving...
Blb : 2 (clique : 17)
currentSize : 17 <-- 0.033974 s
currentSize : 18 <-- 0.124258 s
currentSize : 19 <-- 2.060257 s
currentSize : 20 <-- 6.995415 s
currentSize : 21 <-- 26.836811 s
currentSize : 22 <-- 29.659023 s
currentSize : 24 <-- 32.744503 s
currentSize : 26 <-- 35.265831 s
currentSize : 27 <-- 36.355618 s
currentSize : 28 <-- 36.754131 s
currentSize : 31 <-- 37.536617 s

maxsize : 31
nodes : 3498503.000000
filtered : 112352625.000000
time : 37.801804
