Parameters: GAD=1 vflib=1 dir=0 label=0 lowerbound=1 fileNameGp=../graphsdb/mcs90/bvg/b06m/mcs90_b06m_s15.A81 fileNameGt=../graphsdb/mcs90/bvg/b06m/mcs90_b06m_s15.B81
Reading graphs...
15 :  44
15 :  44
Initializing...
maxdom : 15
D->valSize : 225
Solving...
Blb : 2 (clique : 8)
currentSize : 8 <-- 0.000884 s
currentSize : 9 <-- 0.000928 s
currentSize : 10 <-- 0.008282 s
currentSize : 11 <-- 0.009278 s
currentSize : 13 <-- 0.012723 s

maxsize : 13
nodes : 3980.000000
filtered : 45606.000000
time : 0.013394
