Parameters: GAD=1 vflib=1 dir=0 label=0 lowerbound=1 fileNameGp=../graphsdb/mcs90/m3D/m3Dr2/mcs90_m3Dr2_s30.A20 fileNameGt=../graphsdb/mcs90/m3D/m3Dr2/mcs90_m3Dr2_s30.B20
Reading graphs...
30 :  67
30 :  67
Initializing...
maxdom : 30
D->valSize : 900
Solving...
Blb : 2 (clique : 16)
currentSize : 16 <-- 0.010963 s
currentSize : 18 <-- 0.011086 s
currentSize : 19 <-- 0.011215 s
currentSize : 20 <-- 0.022886 s
currentSize : 21 <-- 0.211028 s
currentSize : 22 <-- 0.450496 s
currentSize : 23 <-- 0.450623 s
currentSize : 24 <-- 1.067732 s
currentSize : 25 <-- 1.418039 s
currentSize : 27 <-- 1.681535 s

maxsize : 27
nodes : 83252.000000
filtered : 3789467.000000
time : 1.736579
