Parameters: GAD=1 vflib=1 dir=0 label=0 lowerbound=1 fileNameGp=../graphsdb/mcs90/rand/r02/mcs90_r02_s25.A97 fileNameGt=../graphsdb/mcs90/rand/r02/mcs90_r02_s25.B97
Reading graphs...
25 :  111
25 :  113
Initializing...
maxdom : 25
D->valSize : 625
Solving...
Blb : 2 (clique : 10)
currentSize : 10 <-- 0.007843 s
currentSize : 11 <-- 0.009218 s
currentSize : 12 <-- 0.013213 s
currentSize : 14 <-- 0.062709 s
currentSize : 15 <-- 0.062841 s
currentSize : 16 <-- 0.385520 s
currentSize : 22 <-- 0.388743 s

maxsize : 22
nodes : 85652.000000
filtered : 1420461.000000
time : 0.407749
