Parameters: GAD=1 vflib=1 dir=0 label=0 lowerbound=1 fileNameGp=../graphsdb/mcs90/bvg/b03m/mcs90_b03m_s30.A65 fileNameGt=../graphsdb/mcs90/bvg/b03m/mcs90_b03m_s30.B65
Reading graphs...
30 :  45
30 :  45
Initializing...
maxdom : 30
D->valSize : 900
Solving...
Blb : 2 (clique : 20)
currentSize : 20 <-- 0.017180 s
currentSize : 21 <-- 0.028497 s
currentSize : 22 <-- 0.040674 s
currentSize : 23 <-- 0.416763 s
currentSize : 24 <-- 37.096573 s
currentSize : 25 <-- 51.967949 s
currentSize : 26 <-- 52.517330 s

maxsize : 26
nodes : 876061.000000
filtered : 53632289.000000
time : 53.324017
