Parameters: GAD=1 vflib=1 dir=0 label=0 lowerbound=1 fileNameGp=../graphsdb/mcs90/m2D/m2Dr6/mcs90_m2Dr6_s20.A47 fileNameGt=../graphsdb/mcs90/m2D/m2Dr6/mcs90_m2Dr6_s20.B47
Reading graphs...
20 :  40
20 :  39
Initializing...
maxdom : 20
D->valSize : 400
Solving...
Blb : 5 (clique : 10)
currentSize : 10 <-- 0.002224 s
currentSize : 11 <-- 0.002289 s
currentSize : 12 <-- 0.002329 s
currentSize : 13 <-- 0.002406 s
currentSize : 14 <-- 0.034010 s
currentSize : 15 <-- 0.118334 s
currentSize : 16 <-- 0.118390 s

maxsize : 16
nodes : 27322.000000
filtered : 502365.000000
time : 0.164975
