Parameters: GAD=1 vflib=1 dir=0 label=0 lowerbound=1 fileNameGp=../graphsdb/mcs90/m3D/m3Dr6/mcs90_m3Dr6_s30.A18 fileNameGt=../graphsdb/mcs90/m3D/m3Dr6/mcs90_m3Dr6_s30.B18
Reading graphs...
30 :  76
30 :  74
Initializing...
maxdom : 30
D->valSize : 900
Solving...
Blb : 2 (clique : 15)
currentSize : 15 <-- 0.010383 s
currentSize : 16 <-- 0.011947 s
currentSize : 17 <-- 0.020637 s
currentSize : 18 <-- 0.061245 s
currentSize : 19 <-- 0.280578 s
currentSize : 20 <-- 0.293309 s
currentSize : 21 <-- 0.297473 s
currentSize : 22 <-- 0.382378 s
currentSize : 23 <-- 0.387495 s
currentSize : 27 <-- 0.387529 s

maxsize : 27
nodes : 61951.000000
filtered : 1401131.000000
time : 0.503219
