Parameters: GAD=1 vflib=1 dir=0 label=0 lowerbound=1 fileNameGp=../graphsdb/mcs90/m3D/m3Dr6/mcs90_m3Dr6_s30.A32 fileNameGt=../graphsdb/mcs90/m3D/m3Dr6/mcs90_m3Dr6_s30.B32
Reading graphs...
30 :  75
30 :  72
Initializing...
maxdom : 30
D->valSize : 900
Solving...
Blb : 2 (clique : 14)
currentSize : 14 <-- 0.010917 s
currentSize : 15 <-- 0.011029 s
currentSize : 16 <-- 0.011096 s
currentSize : 17 <-- 0.012160 s
currentSize : 18 <-- 0.017584 s
currentSize : 19 <-- 0.886576 s
currentSize : 20 <-- 23.093496 s
currentSize : 22 <-- 23.124380 s
currentSize : 23 <-- 28.009241 s
currentSize : 27 <-- 31.091667 s

maxsize : 27
nodes : 2452415.000000
filtered : 78365334.000000
time : 31.145348
