Parameters: GAD=1 vflib=1 dir=0 label=0 lowerbound=1 fileNameGp=../graphsdb/mcs90/bvg/b06m/mcs90_b06m_s30.A27 fileNameGt=../graphsdb/mcs90/bvg/b06m/mcs90_b06m_s30.B27
Reading graphs...
30 :  86
30 :  87
Initializing...
maxdom : 30
D->valSize : 900
Solving...
Blb : 2 (clique : 14)
currentSize : 14 <-- 0.010459 s
currentSize : 15 <-- 0.019968 s
currentSize : 16 <-- 0.021274 s
currentSize : 17 <-- 0.847519 s
currentSize : 18 <-- 7.875190 s
currentSize : 19 <-- 22.087507 s
currentSize : 20 <-- 22.088278 s
currentSize : 21 <-- 22.089081 s
currentSize : 22 <-- 22.097893 s
currentSize : 25 <-- 22.100864 s
currentSize : 27 <-- 22.100914 s

maxsize : 27
nodes : 1522708.000000
filtered : 51124135.000000
time : 22.190256
