Parameters: GAD=1 vflib=1 dir=0 label=0 lowerbound=1 fileNameGp=../graphsdb/mcs90/bvg/b03m/mcs90_b03m_s30.A74 fileNameGt=../graphsdb/mcs90/bvg/b03m/mcs90_b03m_s30.B74
Reading graphs...
30 :  45
30 :  45
Initializing...
maxdom : 30
D->valSize : 900
Solving...
Blb : 2 (clique : 18)
currentSize : 18 <-- 0.011685 s
currentSize : 19 <-- 0.011842 s
currentSize : 20 <-- 0.012231 s
currentSize : 21 <-- 0.096929 s
currentSize : 22 <-- 0.371149 s
currentSize : 23 <-- 2.633484 s
currentSize : 24 <-- 14.633990 s
currentSize : 25 <-- 15.143944 s
currentSize : 27 <-- 15.144123 s

maxsize : 27
nodes : 307837.000000
filtered : 18498594.000000
time : 15.382880
