Parameters: GAD=1 vflib=1 dir=0 label=0 lowerbound=1 fileNameGp=../graphsdb/mcs90/bvg/b06m/mcs90_b06m_s30.A55 fileNameGt=../graphsdb/mcs90/bvg/b06m/mcs90_b06m_s30.B55
Reading graphs...
30 :  86
30 :  86
Initializing...
maxdom : 30
D->valSize : 900
Solving...
Blb : 2 (clique : 13)
currentSize : 13 <-- 0.010562 s
currentSize : 14 <-- 0.010691 s
currentSize : 15 <-- 0.010732 s
currentSize : 16 <-- 0.015068 s
currentSize : 17 <-- 0.099024 s
currentSize : 20 <-- 0.118895 s
currentSize : 21 <-- 0.731470 s
currentSize : 23 <-- 0.731793 s
currentSize : 25 <-- 1.782628 s
currentSize : 27 <-- 1.843108 s

maxsize : 27
nodes : 100053.000000
filtered : 4879578.000000
time : 1.882136
