Parameters: GAD=1 vflib=1 dir=0 label=0 lowerbound=1 fileNameGp=../graphsdb/mcs90/m3D/m3Dr2/mcs90_m3Dr2_s30.A68 fileNameGt=../graphsdb/mcs90/m3D/m3Dr2/mcs90_m3Dr2_s30.B68
Reading graphs...
30 :  66
30 :  66
Initializing...
maxdom : 30
D->valSize : 900
Solving...
Blb : 2 (clique : 18)
currentSize : 18 <-- 0.010883 s
currentSize : 19 <-- 0.011020 s
currentSize : 20 <-- 0.031321 s
currentSize : 21 <-- 0.047914 s
currentSize : 22 <-- 0.055385 s
currentSize : 23 <-- 0.244994 s
currentSize : 27 <-- 2.054527 s

maxsize : 27
nodes : 105982.000000
filtered : 4754281.000000
time : 2.126076
