Parameters: GAD=1 vflib=1 dir=0 label=0 lowerbound=1 fileNameGp=../graphsdb/mcs90/bvg/b06m/mcs90_b06m_s20.A90 fileNameGt=../graphsdb/mcs90/bvg/b06m/mcs90_b06m_s20.B90
Reading graphs...
20 :  58
20 :  57
Initializing...
maxdom : 20
D->valSize : 400
Solving...
Blb : 5 (clique : 10)
currentSize : 10 <-- 0.002132 s
currentSize : 11 <-- 0.002475 s
currentSize : 12 <-- 0.003253 s
currentSize : 13 <-- 0.016539 s
currentSize : 16 <-- 0.069618 s
currentSize : 18 <-- 0.069747 s

maxsize : 18
nodes : 11581.000000
filtered : 256754.000000
time : 0.075549
