Parameters: GAD=1 vflib=1 dir=0 label=0 lowerbound=1 fileNameGp=../graphsdb/mcs90/m2D/m2Dr2/mcs90_m2Dr2_s30.A72 fileNameGt=../graphsdb/mcs90/m2D/m2Dr2/mcs90_m2Dr2_s30.B72
Reading graphs...
30 :  55
30 :  55
Initializing...
maxdom : 30
D->valSize : 900
Solving...
Blb : 2 (clique : 16)
currentSize : 16 <-- 0.011820 s
currentSize : 19 <-- 0.011942 s
currentSize : 20 <-- 0.034000 s
currentSize : 21 <-- 2.358651 s
currentSize : 22 <-- 9.608261 s
currentSize : 25 <-- 13.902818 s

maxsize : 25
nodes : 565146.000000
filtered : 22119757.000000
time : 15.308171
