Parameters: GAD=1 vflib=1 dir=0 label=0 lowerbound=1 fileNameGp=../graphsdb/mcs90/bvg/b09/mcs90_b09_s35.A33 fileNameGt=../graphsdb/mcs90/bvg/b09/mcs90_b09_s35.B33
Reading graphs...
35 :  157
35 :  157
Initializing...
maxdom : 35
D->valSize : 1225
Solving...
Blb : 2 (clique : 17)
currentSize : 17 <-- 0.032020 s
currentSize : 18 <-- 0.073330 s
currentSize : 19 <-- 0.094651 s
currentSize : 20 <-- 0.096940 s
currentSize : 21 <-- 0.119422 s
currentSize : 22 <-- 0.128384 s
currentSize : 23 <-- 0.130074 s
currentSize : 24 <-- 0.131826 s
currentSize : 25 <-- 0.184003 s
currentSize : 26 <-- 0.184187 s
currentSize : 27 <-- 0.212518 s
currentSize : 30 <-- 0.212656 s

maxsize : 30
nodes : 67648.000000
filtered : 4088895.000000
time : 1.166910
