Parameters: GAD=1 vflib=1 dir=0 label=0 lowerbound=1 fileNameGp=../graphsdb/mcs90/bvg/b09/mcs90_b09_s35.A77 fileNameGt=../graphsdb/mcs90/bvg/b09/mcs90_b09_s35.B77
Reading graphs...
35 :  157
35 :  157
Initializing...
maxdom : 35
D->valSize : 1225
Solving...
Blb : 2 (clique : 17)
currentSize : 17 <-- 0.018416 s
currentSize : 18 <-- 0.050027 s
currentSize : 19 <-- 0.057440 s
currentSize : 22 <-- 0.058458 s
currentSize : 24 <-- 0.152990 s
currentSize : 26 <-- 0.153050 s
currentSize : 28 <-- 0.182333 s
currentSize : 30 <-- 0.182417 s

maxsize : 30
nodes : 61041.000000
filtered : 4072058.000000
time : 1.125043
