Parameters: GAD=1 vflib=1 dir=0 label=0 lowerbound=1 fileNameGp=../graphsdb/mcs90/m2D/m2Dr6/mcs90_m2Dr6_s20.A90 fileNameGt=../graphsdb/mcs90/m2D/m2Dr6/mcs90_m2Dr6_s20.B90
Reading graphs...
20 :  42
20 :  39
Initializing...
maxdom : 20
D->valSize : 400
Solving...
Blb : 5 (clique : 11)
currentSize : 11 <-- 0.002205 s
currentSize : 12 <-- 0.002298 s
currentSize : 13 <-- 0.002765 s
currentSize : 14 <-- 0.092056 s
currentSize : 16 <-- 0.115786 s

maxsize : 16
nodes : 16601.000000
filtered : 436406.000000
time : 0.166397
