Parameters: GAD=1 vflib=1 dir=0 label=0 lowerbound=1 fileNameGp=../graphsdb/mcs90/m3D/m3Dr2/mcs90_m3Dr2_s30.A38 fileNameGt=../graphsdb/mcs90/m3D/m3Dr2/mcs90_m3Dr2_s30.B38
Reading graphs...
30 :  67
30 :  67
Initializing...
maxdom : 30
D->valSize : 900
Solving...
Blb : 2 (clique : 15)
currentSize : 15 <-- 0.011064 s
currentSize : 16 <-- 0.011195 s
currentSize : 17 <-- 0.011256 s
currentSize : 18 <-- 0.011293 s
currentSize : 19 <-- 0.151833 s
currentSize : 20 <-- 0.401989 s
currentSize : 21 <-- 7.687493 s
currentSize : 22 <-- 14.496864 s
currentSize : 23 <-- 18.984257 s
currentSize : 24 <-- 19.013662 s
currentSize : 27 <-- 19.745520 s

maxsize : 27
nodes : 1168641.000000
filtered : 46343817.000000
time : 19.843626
