Parameters: GAD=1 vflib=1 dir=0 label=0 lowerbound=1 fileNameGp=../graphsdb/mcs90/rand/r005/mcs90_r005_s25.A78 fileNameGt=../graphsdb/mcs90/rand/r005/mcs90_r005_s25.B78
Reading graphs...
25 :  27
25 :  28
Initializing...
maxdom : 25
D->valSize : 625
Solving...
Blb : 2 (clique : 16)
currentSize : 16 <-- 0.010066 s
currentSize : 17 <-- 0.010225 s
currentSize : 18 <-- 0.011654 s
currentSize : 19 <-- 0.021408 s
currentSize : 20 <-- 0.034150 s
currentSize : 21 <-- 0.941531 s
currentSize : 22 <-- 0.967151 s

maxsize : 22
nodes : 33799.000000
filtered : 819713.000000
time : 1.085190
