Parameters: GAD=1 vflib=1 dir=0 label=0 lowerbound=1 fileNameGp=../graphsdb/mcs90/m3D/m3Dr4/mcs90_m3Dr4_s30.A22 fileNameGt=../graphsdb/mcs90/m3D/m3Dr4/mcs90_m3Dr4_s30.B22
Reading graphs...
30 :  70
30 :  70
Initializing...
maxdom : 30
D->valSize : 900
Solving...
Blb : 2 (clique : 15)
currentSize : 15 <-- 0.010695 s
currentSize : 16 <-- 0.010845 s
currentSize : 17 <-- 0.011055 s
currentSize : 18 <-- 0.027388 s
currentSize : 19 <-- 0.041685 s
currentSize : 20 <-- 0.227496 s
currentSize : 21 <-- 1.030239 s
currentSize : 22 <-- 3.037635 s
currentSize : 23 <-- 3.430686 s
currentSize : 27 <-- 4.086641 s

maxsize : 27
nodes : 226880.000000
filtered : 8988223.000000
time : 4.144464
