Parameters: GAD=1 vflib=1 dir=0 label=0 lowerbound=1 fileNameGp=../graphsdb/mcs10/rand/r005/mcs10_r005_s30.A87 fileNameGt=../graphsdb/mcs10/rand/r005/mcs10_r005_s30.B87
Reading graphs...
30 :  44
30 :  45
Initializing...
maxdom : 30
D->valSize : 900
Solving...
Blb : 2 (clique : 19)
currentSize : 19 <-- 0.011538 s
currentSize : 20 <-- 0.011781 s
currentSize : 21 <-- 0.093645 s
currentSize : 22 <-- 0.127848 s
currentSize : 23 <-- 47.047024 s

maxsize : 23
nodes : 14549375.000000
filtered : 501084304.000000
time : 79.000641
