Parameters: GAD=1 vflib=1 dir=0 label=0 lowerbound=1 fileNameGp=../graphsdb/mcs10/rand/r005/mcs10_r005_s20.A66 fileNameGt=../graphsdb/mcs10/rand/r005/mcs10_r005_s20.B66
Reading graphs...
20 :  20
20 :  20
Initializing...
maxdom : 20
D->valSize : 400
Solving...
Blb : 2 (clique : 13)
currentSize : 13 <-- 0.002497 s
currentSize : 14 <-- 0.003479 s
currentSize : 15 <-- 0.015599 s
currentSize : 16 <-- 0.022906 s
currentSize : 17 <-- 0.023226 s
currentSize : 18 <-- 0.023241 s

maxsize : 18
nodes : 14477.000000
filtered : 104910.000000
time : 0.026339
