Parameters: GAD=1 vflib=1 dir=0 label=0 lowerbound=1 fileNameGp=../graphsdb/mcs10/rand/r01/mcs10_r01_s25.A62 fileNameGt=../graphsdb/mcs10/rand/r01/mcs10_r01_s25.B62
Reading graphs...
25 :  60
25 :  58
Initializing...
maxdom : 25
D->valSize : 625
Solving...
Blb : 2 (clique : 13)
currentSize : 13 <-- 0.005222 s
currentSize : 14 <-- 0.007095 s
currentSize : 15 <-- 0.010026 s
currentSize : 16 <-- 0.012403 s
currentSize : 17 <-- 4.146444 s

maxsize : 17
nodes : 1514940.000000
filtered : 37697557.000000
time : 6.335262
