Parameters: GAD=1 vflib=1 dir=0 label=0 lowerbound=1 fileNameGp=../graphsdb/mcs10/rand/r005/mcs10_r005_s30.A57 fileNameGt=../graphsdb/mcs10/rand/r005/mcs10_r005_s30.B57
Reading graphs...
30 :  43
30 :  44
Initializing...
maxdom : 30
D->valSize : 900
Solving...
Blb : 2 (clique : 18)
currentSize : 18 <-- 0.011388 s
currentSize : 19 <-- 0.012598 s
currentSize : 20 <-- 0.022280 s
currentSize : 21 <-- 0.022360 s
currentSize : 22 <-- 0.180443 s
currentSize : 23 <-- 1.187566 s

maxsize : 23
nodes : 17755881.000000
filtered : 640133258.000000
time : 106.309326
