Parameters: GAD=1 vflib=1 dir=0 label=0 lowerbound=1 fileNameGp=../graphsdb/mcs10/rand/r02/mcs10_r02_s35.A08 fileNameGt=../graphsdb/mcs10/rand/r02/mcs10_r02_s35.B08
Reading graphs...
35 :  217
35 :  219
Initializing...
maxdom : 35
D->valSize : 1225
Solving...
Blb : 2 (clique : 10)
currentSize : 10 <-- 0.017611 s
currentSize : 11 <-- 0.017772 s
currentSize : 12 <-- 0.017925 s
currentSize : 13 <-- 0.030102 s
currentSize : 14 <-- 0.137589 s
currentSize : 15 <-- 50.465446 s

TIMEOUT
maxsize : 15
nodes : 1001268456.000000
filtered : 11569161542.000000
time : 3600.000000
