Parameters: GAD=1 vflib=1 dir=0 label=0 lowerbound=1 fileNameGp=../graphsdb/mcs10/rand/r01/mcs10_r01_s30.A92 fileNameGt=../graphsdb/mcs10/rand/r01/mcs10_r01_s30.B92
Reading graphs...
30 :  82
30 :  88
Initializing...
maxdom : 30
D->valSize : 900
Solving...
Blb : 5 (clique : 13)
currentSize : 13 <-- 0.010536 s
currentSize : 14 <-- 0.010637 s
currentSize : 15 <-- 0.010652 s
currentSize : 16 <-- 0.048439 s
currentSize : 17 <-- 0.217155 s
currentSize : 18 <-- 2.113785 s
currentSize : 19 <-- 59.629303 s

maxsize : 19
nodes : 30752574.000000
filtered : 783812542.000000
time : 138.616272
