Parameters: GAD=1 vflib=1 dir=0 label=0 lowerbound=1 fileNameGp=../graphsdb/mcs10/rand/r005/mcs10_r005_s35.A07 fileNameGt=../graphsdb/mcs10/rand/r005/mcs10_r005_s35.B07
Reading graphs...
35 :  61
35 :  60
Initializing...
maxdom : 35
D->valSize : 1225
Solving...
Blb : 2 (clique : 19)
currentSize : 19 <-- 0.020924 s
currentSize : 21 <-- 0.023799 s
currentSize : 22 <-- 0.032506 s
currentSize : 23 <-- 0.064863 s
currentSize : 24 <-- 3.966103 s
currentSize : 25 <-- 69.360001 s

maxsize : 25
nodes : 521139567.000000
filtered : 24812985998.000000
time : 3558.305176
