Parameters: GAD=1 vflib=1 dir=0 label=0 lowerbound=1 fileNameGp=../graphsdb/mcs10/rand/r01/mcs10_r01_s30.A36 fileNameGt=../graphsdb/mcs10/rand/r01/mcs10_r01_s30.B36
Reading graphs...
30 :  87
30 :  86
Initializing...
maxdom : 30
D->valSize : 900
Solving...
Blb : 2 (clique : 13)
currentSize : 13 <-- 0.010313 s
currentSize : 15 <-- 0.010410 s
currentSize : 16 <-- 0.018635 s
currentSize : 17 <-- 0.022580 s
currentSize : 18 <-- 0.746892 s

maxsize : 18
nodes : 39275310.000000
filtered : 1027370415.000000
time : 180.768188
