Parameters: GAD=1 vflib=1 dir=0 label=0 lowerbound=1 fileNameGp=../graphsdb/mcs10/rand/r02/mcs10_r02_s35.A72 fileNameGt=../graphsdb/mcs10/rand/r02/mcs10_r02_s35.B72
Reading graphs...
35 :  217
35 :  218
Initializing...
maxdom : 35
D->valSize : 1225
Solving...
Blb : 2 (clique : 11)
currentSize : 11 <-- 0.029259 s
currentSize : 12 <-- 0.029564 s
currentSize : 13 <-- 0.029795 s
currentSize : 14 <-- 0.376042 s
currentSize : 15 <-- 5.729271 s
currentSize : 16 <-- 1778.083252 s

TIMEOUT
maxsize : 16
nodes : 980240369.000000
filtered : 12650971348.000000
time : 3600.000000
