Parameters: GAD=1 vflib=1 dir=0 label=0 lowerbound=1 fileNameGp=../graphsdb/mcs10/rand/r02/mcs10_r02_s35.A01 fileNameGt=../graphsdb/mcs10/rand/r02/mcs10_r02_s35.B01
Reading graphs...
35 :  206
35 :  212
Initializing...
maxdom : 35
D->valSize : 1225
Solving...
Blb : 2 (clique : 11)
currentSize : 11 <-- 0.017639 s
currentSize : 12 <-- 0.017774 s
currentSize : 13 <-- 0.017947 s
currentSize : 14 <-- 0.025052 s
currentSize : 15 <-- 7.660338 s
currentSize : 16 <-- 1208.784058 s

TIMEOUT
maxsize : 16
nodes : 940444517.000000
filtered : 13146293239.000000
time : 3600.000000
