Parameters: GAD=1 vflib=1 dir=0 label=0 lowerbound=1 fileNameGp=../graphsdb/mcs10/rand/r01/mcs10_r01_s35.A64 fileNameGt=../graphsdb/mcs10/rand/r01/mcs10_r01_s35.B64
Reading graphs...
35 :  119
35 :  117
Initializing...
maxdom : 35
D->valSize : 1225
Solving...
Blb : 2 (clique : 15)
currentSize : 15 <-- 0.019764 s
currentSize : 16 <-- 0.020309 s
currentSize : 17 <-- 0.022389 s
currentSize : 18 <-- 0.073702 s
currentSize : 19 <-- 0.763334 s
currentSize : 20 <-- 827.795959 s

TIMEOUT
maxsize : 20
nodes : 735807669.000000
filtered : 20707071695.000000
time : 3600.000000
