Parameters: GAD=1 vflib=1 dir=0 label=0 lowerbound=1 fileNameGp=../graphsdb/mcs10/rand/r01/mcs10_r01_s35.A07 fileNameGt=../graphsdb/mcs10/rand/r01/mcs10_r01_s35.B07
Reading graphs...
35 :  116
35 :  115
Initializing...
maxdom : 35
D->valSize : 1225
Solving...
Blb : 2 (clique : 15)
currentSize : 15 <-- 0.019332 s
currentSize : 16 <-- 0.019604 s
currentSize : 17 <-- 0.039975 s
currentSize : 18 <-- 0.185617 s
currentSize : 19 <-- 5.821084 s
currentSize : 20 <-- 2217.466553 s

TIMEOUT
maxsize : 20
nodes : 773253154.000000
filtered : 19713609185.000000
time : 3600.000000
