Parameters: GAD=1 vflib=1 dir=0 label=0 lowerbound=1 fileNameGp=../graphsdb/mcs10/rand/r005/mcs10_r005_s35.A83 fileNameGt=../graphsdb/mcs10/rand/r005/mcs10_r005_s35.B83
Reading graphs...
35 :  59
35 :  60
Initializing...
maxdom : 35
D->valSize : 1225
Solving...
Blb : 2 (clique : 20)
currentSize : 20 <-- 0.036878 s
currentSize : 21 <-- 0.037434 s
currentSize : 22 <-- 0.039589 s
currentSize : 23 <-- 0.241537 s
currentSize : 24 <-- 1.912977 s
currentSize : 25 <-- 2.502190 s
currentSize : 26 <-- 12.372876 s

maxsize : 26
nodes : 72093696.000000
filtered : 3284814225.000000
time : 507.848328
