Parameters: GAD=1 vflib=1 dir=0 label=0 lowerbound=1 fileNameGp=../graphsdb/mcs10/rand/r005/mcs10_r005_s35.A46 fileNameGt=../graphsdb/mcs10/rand/r005/mcs10_r005_s35.B46
Reading graphs...
35 :  60
35 :  60
Initializing...
maxdom : 35
D->valSize : 1225
Solving...
Blb : 2 (clique : 21)
currentSize : 21 <-- 0.021072 s
currentSize : 22 <-- 0.023586 s
currentSize : 23 <-- 0.035080 s
currentSize : 24 <-- 10.768769 s
currentSize : 25 <-- 13.607784 s
currentSize : 26 <-- 160.845093 s

maxsize : 26
nodes : 77072509.000000
filtered : 3958356695.000000
time : 561.497253
