Parameters: GAD=1 vflib=1 dir=0 label=0 lowerbound=1 fileNameGp=../graphsdb/mcs10/rand/r005/mcs10_r005_s30.A29 fileNameGt=../graphsdb/mcs10/rand/r005/mcs10_r005_s30.B29
Reading graphs...
30 :  45
30 :  44
Initializing...
maxdom : 30
D->valSize : 900
Solving...
Blb : 2 (clique : 16)
currentSize : 16 <-- 0.011475 s
currentSize : 17 <-- 0.011884 s
currentSize : 18 <-- 0.012138 s
currentSize : 19 <-- 0.012219 s
currentSize : 20 <-- 0.081862 s
currentSize : 21 <-- 1.168625 s
currentSize : 22 <-- 1.299415 s
currentSize : 23 <-- 13.450583 s

maxsize : 23
nodes : 5970931.000000
filtered : 219297695.000000
time : 33.430344
