Parameters: GAD=1 vflib=1 dir=0 label=0 lowerbound=1 fileNameGp=../graphsdb/mcs10/rand/r01/mcs10_r01_s25.A04 fileNameGt=../graphsdb/mcs10/rand/r01/mcs10_r01_s25.B04
Reading graphs...
25 :  58
25 :  60
Initializing...
maxdom : 25
D->valSize : 625
Solving...
Blb : 2 (clique : 12)
currentSize : 12 <-- 0.005135 s
currentSize : 13 <-- 0.005252 s
currentSize : 14 <-- 0.008456 s
currentSize : 15 <-- 0.045965 s
currentSize : 16 <-- 0.473051 s

maxsize : 16
nodes : 3403796.000000
filtered : 75901137.000000
time : 13.970100
