Parameters: GAD=1 vflib=1 dir=0 label=0 lowerbound=1 fileNameGp=../graphsdb/mcs10/rand/r005/mcs10_r005_s35.A38 fileNameGt=../graphsdb/mcs10/rand/r005/mcs10_r005_s35.B38
Reading graphs...
35 :  61
35 :  59
Initializing...
maxdom : 35
D->valSize : 1225
Solving...
Blb : 2 (clique : 20)
currentSize : 20 <-- 0.020963 s
currentSize : 21 <-- 0.045586 s
currentSize : 22 <-- 0.045673 s
currentSize : 23 <-- 0.048697 s
currentSize : 24 <-- 0.055470 s
currentSize : 25 <-- 0.070976 s

TIMEOUT
maxsize : 25
nodes : 522507915.000000
filtered : 24754648944.000000
time : 3600.000000
