Parameters: GAD=1 vflib=1 dir=0 label=0 lowerbound=1 fileNameGp=../graphsdb/mcs10/rand/r02/mcs10_r02_s25.A86 fileNameGt=../graphsdb/mcs10/rand/r02/mcs10_r02_s25.B86
Reading graphs...
25 :  114
25 :  109
Initializing...
maxdom : 25
D->valSize : 625
Solving...
Blb : 2 (clique : 9)
currentSize : 9 <-- 0.004694 s
currentSize : 10 <-- 0.004811 s
currentSize : 11 <-- 0.004980 s
currentSize : 12 <-- 0.020951 s
currentSize : 13 <-- 0.478001 s

maxsize : 13
nodes : 6347832.000000
filtered : 89540796.000000
time : 21.243908
