Parameters: GAD=1 vflib=1 dir=0 label=0 lowerbound=1 fileNameGp=../graphsdb/mcs10/rand/r02/mcs10_r02_s30.A16 fileNameGt=../graphsdb/mcs10/rand/r02/mcs10_r02_s30.B16
Reading graphs...
30 :  150
30 :  155
Initializing...
maxdom : 30
D->valSize : 900
Solving...
Blb : 2 (clique : 11)
currentSize : 11 <-- 0.009681 s
currentSize : 12 <-- 0.010941 s
currentSize : 13 <-- 0.017314 s
currentSize : 14 <-- 0.700125 s
currentSize : 15 <-- 48.871166 s

maxsize : 15
nodes : 73285253.000000
filtered : 1084393947.000000
time : 269.146973
