Parameters: GAD=1 vflib=1 dir=0 label=0 lowerbound=1 fileNameGp=../graphsdb/mcs10/rand/r01/mcs10_r01_s20.A36 fileNameGt=../graphsdb/mcs10/rand/r01/mcs10_r01_s20.B36
Reading graphs...
20 :  37
20 :  37
Initializing...
maxdom : 20
D->valSize : 400
Solving...
Blb : 2 (clique : 10)
currentSize : 10 <-- 0.003819 s
currentSize : 11 <-- 0.003930 s
currentSize : 12 <-- 0.005097 s
currentSize : 13 <-- 0.005242 s
currentSize : 14 <-- 0.474074 s

maxsize : 14
nodes : 213221.000000
filtered : 4200228.000000
time : 0.757510
