Parameters: GAD=1 vflib=1 dir=0 label=0 lowerbound=1 fileNameGp=../graphsdb/mcs10/rand/r005/mcs10_r005_s30.A97 fileNameGt=../graphsdb/mcs10/rand/r005/mcs10_r005_s30.B97
Reading graphs...
30 :  44
30 :  44
Initializing...
maxdom : 30
D->valSize : 900
Solving...
Blb : 2 (clique : 19)
currentSize : 19 <-- 0.011443 s
currentSize : 20 <-- 0.012921 s
currentSize : 21 <-- 0.013778 s
currentSize : 22 <-- 0.190736 s
currentSize : 23 <-- 0.321066 s

maxsize : 23
nodes : 59469638.000000
filtered : 2776501986.000000
time : 381.014191
