Parameters: GAD=1 vflib=1 dir=0 label=0 lowerbound=1 fileNameGp=../graphsdb/mcs10/rand/r005/mcs10_r005_s25.A43 fileNameGt=../graphsdb/mcs10/rand/r005/mcs10_r005_s25.B43
Reading graphs...
25 :  31
25 :  30
Initializing...
maxdom : 25
D->valSize : 625
Solving...
Blb : 2 (clique : 16)
currentSize : 16 <-- 0.005718 s
currentSize : 17 <-- 0.005822 s
currentSize : 18 <-- 0.025699 s
currentSize : 19 <-- 0.299534 s
currentSize : 20 <-- 0.441570 s

maxsize : 20
nodes : 1051725.000000
filtered : 31659533.000000
time : 4.872833
