Parameters: GAD=1 vflib=1 dir=0 label=0 lowerbound=1 fileNameGp=../graphsdb/mcs10/rand/r01/mcs10_r01_s25.A11 fileNameGt=../graphsdb/mcs10/rand/r01/mcs10_r01_s25.B11
Reading graphs...
25 :  60
25 :  58
Initializing...
maxdom : 25
D->valSize : 625
Solving...
Blb : 2 (clique : 13)
currentSize : 13 <-- 0.005288 s
currentSize : 14 <-- 0.005414 s
currentSize : 15 <-- 0.010624 s
currentSize : 16 <-- 0.244819 s
currentSize : 17 <-- 0.901513 s

maxsize : 17
nodes : 1272827.000000
filtered : 32581772.000000
time : 5.511048
