Parameters: GAD=1 vflib=1 dir=0 label=0 lowerbound=1 fileNameGp=../graphsdb/mcs10/rand/r005/mcs10_r005_s25.A71 fileNameGt=../graphsdb/mcs10/rand/r005/mcs10_r005_s25.B71
Reading graphs...
25 :  31
25 :  31
Initializing...
maxdom : 25
D->valSize : 625
Solving...
Blb : 2 (clique : 15)
currentSize : 15 <-- 0.005678 s
currentSize : 16 <-- 0.007059 s
currentSize : 17 <-- 0.007222 s
currentSize : 18 <-- 0.009350 s
currentSize : 19 <-- 0.832240 s
currentSize : 20 <-- 1.473956 s

maxsize : 20
nodes : 709446.000000
filtered : 26010577.000000
time : 3.886555
