Parameters: GAD=1 vflib=1 dir=0 label=0 lowerbound=1 fileNameGp=../graphsdb/mcs10/rand/r005/mcs10_r005_s30.A42 fileNameGt=../graphsdb/mcs10/rand/r005/mcs10_r005_s30.B42
Reading graphs...
30 :  44
30 :  44
Initializing...
maxdom : 30
D->valSize : 900
Solving...
Blb : 3 (clique : 18)
currentSize : 18 <-- 0.011389 s
currentSize : 20 <-- 0.011517 s
currentSize : 21 <-- 0.025383 s
currentSize : 22 <-- 0.045271 s
currentSize : 23 <-- 12.498948 s

maxsize : 23
nodes : 17000120.000000
filtered : 722068517.000000
time : 103.514160
