Parameters: GAD=1 vflib=1 dir=0 label=0 lowerbound=1 fileNameGp=../graphsdb/mcs10/rand/r01/mcs10_r01_s30.A55 fileNameGt=../graphsdb/mcs10/rand/r01/mcs10_r01_s30.B55
Reading graphs...
30 :  81
30 :  88
Initializing...
maxdom : 30
D->valSize : 900
Solving...
Blb : 2 (clique : 14)
currentSize : 14 <-- 0.018135 s
currentSize : 15 <-- 0.018419 s
currentSize : 16 <-- 0.028248 s
currentSize : 17 <-- 0.101677 s
currentSize : 18 <-- 96.245262 s

maxsize : 18
nodes : 73658704.000000
filtered : 2065178871.000000
time : 341.543213
