Parameters: GAD=1 vflib=1 dir=0 label=0 lowerbound=1 fileNameGp=../graphsdb/mcs10/rand/r01/mcs10_r01_s30.A48 fileNameGt=../graphsdb/mcs10/rand/r01/mcs10_r01_s30.B48
Reading graphs...
30 :  85
30 :  84
Initializing...
maxdom : 30
D->valSize : 900
Solving...
Blb : 2 (clique : 14)
currentSize : 14 <-- 0.010504 s
currentSize : 15 <-- 0.010617 s
currentSize : 16 <-- 0.017063 s
currentSize : 17 <-- 0.032246 s
currentSize : 18 <-- 4.057943 s
currentSize : 19 <-- 113.708473 s

maxsize : 19
nodes : 46151143.000000
filtered : 1184486079.000000
time : 207.415298
