Parameters: GAD=1 vflib=1 dir=0 label=0 lowerbound=1 fileNameGp=../graphsdb/mcs10/rand/r005/mcs10_r005_s30.A66 fileNameGt=../graphsdb/mcs10/rand/r005/mcs10_r005_s30.B66
Reading graphs...
30 :  44
30 :  45
Initializing...
maxdom : 30
D->valSize : 900
Solving...
Blb : 5 (clique : 18)
currentSize : 18 <-- 0.011490 s
currentSize : 19 <-- 0.011604 s
currentSize : 20 <-- 0.011629 s
currentSize : 21 <-- 0.011801 s
currentSize : 22 <-- 9.350639 s
currentSize : 23 <-- 19.927603 s

maxsize : 23
nodes : 16355200.000000
filtered : 618293016.000000
time : 95.323456
