Parameters: GAD=1 vflib=1 dir=0 label=0 lowerbound=1 fileNameGp=../graphsdb/mcs10/rand/r01/mcs10_r01_s35.A50 fileNameGt=../graphsdb/mcs10/rand/r01/mcs10_r01_s35.B50
Reading graphs...
35 :  116
35 :  115
Initializing...
maxdom : 35
D->valSize : 1225
Solving...
Blb : 2 (clique : 14)
currentSize : 14 <-- 0.019889 s
currentSize : 15 <-- 0.020069 s
currentSize : 16 <-- 0.020237 s
currentSize : 17 <-- 0.021092 s
currentSize : 18 <-- 0.021355 s
currentSize : 19 <-- 0.890969 s
currentSize : 20 <-- 1426.089355 s

TIMEOUT
maxsize : 20
nodes : 724389705.000000
filtered : 20896046178.000000
time : 3600.000000
