Parameters: GAD=1 vflib=1 dir=0 label=0 lowerbound=1 fileNameGp=../graphsdb/mcs10/rand/r01/mcs10_r01_s25.A46 fileNameGt=../graphsdb/mcs10/rand/r01/mcs10_r01_s25.B46
Reading graphs...
25 :  55
25 :  59
Initializing...
maxdom : 25
D->valSize : 625
Solving...
Blb : 2 (clique : 12)
currentSize : 12 <-- 0.005184 s
currentSize : 13 <-- 0.005275 s
currentSize : 14 <-- 0.005908 s
currentSize : 15 <-- 0.012611 s
currentSize : 16 <-- 0.308883 s
currentSize : 17 <-- 3.871645 s

maxsize : 17
nodes : 1888760.000000
filtered : 43148731.000000
time : 7.696391
