Parameters: GAD=1 vflib=1 dir=0 label=0 lowerbound=1 fileNameGp=../graphsdb/mcs10/rand/r01/mcs10_r01_s35.A52 fileNameGt=../graphsdb/mcs10/rand/r01/mcs10_r01_s35.B52
Reading graphs...
35 :  114
35 :  114
Initializing...
maxdom : 35
D->valSize : 1225
Solving...
Blb : 2 (clique : 15)
currentSize : 15 <-- 0.019619 s
currentSize : 16 <-- 0.019871 s
currentSize : 17 <-- 0.020247 s
currentSize : 18 <-- 0.064323 s
currentSize : 19 <-- 1.165044 s
currentSize : 20 <-- 15.557596 s

TIMEOUT
maxsize : 20
nodes : 694919417.000000
filtered : 22056887183.000000
time : 3600.000000
