Parameters: GAD=1 vflib=1 dir=0 label=0 lowerbound=1 fileNameGp=../graphsdb/mcs10/rand/r01/mcs10_r01_s25.A03 fileNameGt=../graphsdb/mcs10/rand/r01/mcs10_r01_s25.B03
Reading graphs...
25 :  57
25 :  60
Initializing...
maxdom : 25
D->valSize : 625
Solving...
Blb : 2 (clique : 13)
currentSize : 13 <-- 0.005145 s
currentSize : 14 <-- 0.005293 s
currentSize : 15 <-- 0.005772 s
currentSize : 16 <-- 0.092795 s
currentSize : 17 <-- 0.094222 s

maxsize : 17
nodes : 1033552.000000
filtered : 30975084.000000
time : 4.754255
