Parameters: GAD=1 vflib=1 dir=0 label=0 lowerbound=1 fileNameGp=../graphsdb/mcs10/rand/r02/mcs10_r02_s25.A30 fileNameGt=../graphsdb/mcs10/rand/r02/mcs10_r02_s25.B30
Reading graphs...
25 :  108
25 :  107
Initializing...
maxdom : 25
D->valSize : 625
Solving...
Blb : 2 (clique : 9)
currentSize : 9 <-- 0.004750 s
currentSize : 10 <-- 0.004816 s
currentSize : 11 <-- 0.006082 s
currentSize : 12 <-- 0.007148 s
currentSize : 13 <-- 0.271829 s

maxsize : 13
nodes : 6541572.000000
filtered : 89519027.000000
time : 20.873272
