Parameters: GAD=1 vflib=1 dir=0 label=0 lowerbound=1 fileNameGp=../graphsdb/mcs10/rand/r01/mcs10_r01_s30.A95 fileNameGt=../graphsdb/mcs10/rand/r01/mcs10_r01_s30.B95
Reading graphs...
30 :  84
30 :  86
Initializing...
maxdom : 30
D->valSize : 900
Solving...
Blb : 2 (clique : 13)
currentSize : 13 <-- 0.010730 s
currentSize : 14 <-- 0.011421 s
currentSize : 15 <-- 0.014130 s
currentSize : 16 <-- 0.022578 s
currentSize : 17 <-- 0.056229 s
currentSize : 18 <-- 14.301276 s

maxsize : 18
nodes : 56580853.000000
filtered : 1414354667.000000
time : 247.530624
