Parameters: GAD=1 vflib=1 dir=0 label=0 lowerbound=1 fileNameGp=../graphsdb/mcs10/rand/r01/mcs10_r01_s35.A32 fileNameGt=../graphsdb/mcs10/rand/r01/mcs10_r01_s35.B32
Reading graphs...
35 :  116
35 :  116
Initializing...
maxdom : 35
D->valSize : 1225
Solving...
Blb : 2 (clique : 15)
currentSize : 15 <-- 0.019181 s
currentSize : 16 <-- 0.019353 s
currentSize : 17 <-- 0.022020 s
currentSize : 18 <-- 0.060749 s
currentSize : 19 <-- 0.172174 s
currentSize : 20 <-- 4.964306 s

TIMEOUT
maxsize : 20
nodes : 712515541.000000
filtered : 20786371321.000000
time : 3600.000000
