Parameters: GAD=1 vflib=1 dir=0 label=0 lowerbound=1 fileNameGp=../graphsdb/mcs10/rand/r01/mcs10_r01_s30.A63 fileNameGt=../graphsdb/mcs10/rand/r01/mcs10_r01_s30.B63
Reading graphs...
30 :  84
30 :  86
Initializing...
maxdom : 30
D->valSize : 900
Solving...
Blb : 2 (clique : 13)
currentSize : 13 <-- 0.010562 s
currentSize : 14 <-- 0.010670 s
currentSize : 15 <-- 0.010984 s
currentSize : 16 <-- 0.012897 s
currentSize : 17 <-- 0.041419 s
currentSize : 18 <-- 0.719704 s

maxsize : 18
nodes : 88328352.000000
filtered : 2533966419.000000
time : 419.079224
