Parameters: GAD=1 vflib=1 dir=0 label=0 lowerbound=1 fileNameGp=../graphsdb/mcs10/rand/r01/mcs10_r01_s30.A78 fileNameGt=../graphsdb/mcs10/rand/r01/mcs10_r01_s30.B78
Reading graphs...
30 :  87
30 :  84
Initializing...
maxdom : 30
D->valSize : 900
Solving...
Blb : 2 (clique : 13)
currentSize : 13 <-- 0.010537 s
currentSize : 14 <-- 0.010714 s
currentSize : 15 <-- 0.010842 s
currentSize : 16 <-- 0.012414 s
currentSize : 17 <-- 0.082617 s
currentSize : 18 <-- 1.096870 s
currentSize : 19 <-- 214.144974 s

maxsize : 19
nodes : 56218103.000000
filtered : 1632295267.000000
time : 269.129761
