Parameters: GAD=1 vflib=1 dir=0 label=0 lowerbound=1 fileNameGp=../graphsdb/mcs10/rand/r005/mcs10_r005_s35.A21 fileNameGt=../graphsdb/mcs10/rand/r005/mcs10_r005_s35.B21
Reading graphs...
35 :  60
35 :  61
Initializing...
maxdom : 35
D->valSize : 1225
Solving...
Blb : 5 (clique : 20)
currentSize : 20 <-- 0.020974 s
currentSize : 21 <-- 0.025976 s
currentSize : 22 <-- 0.026872 s
currentSize : 23 <-- 0.202191 s
currentSize : 24 <-- 0.258431 s
currentSize : 25 <-- 7.323329 s
currentSize : 26 <-- 60.836987 s

maxsize : 26
nodes : 44142727.000000
filtered : 2133126541.000000
time : 320.667816
