Parameters: GAD=1 vflib=1 dir=0 label=0 lowerbound=1 fileNameGp=../graphsdb/mcs10/rand/r01/mcs10_r01_s20.A71 fileNameGt=../graphsdb/mcs10/rand/r01/mcs10_r01_s20.B71
Reading graphs...
20 :  36
20 :  37
Initializing...
maxdom : 20
D->valSize : 400
Solving...
Blb : 5 (clique : 10)
currentSize : 10 <-- 0.002297 s
currentSize : 11 <-- 0.002355 s
currentSize : 12 <-- 0.002365 s
currentSize : 13 <-- 0.002909 s
currentSize : 14 <-- 0.008079 s
currentSize : 15 <-- 0.149570 s

maxsize : 15
nodes : 50677.000000
filtered : 1293457.000000
time : 0.195150
