Parameters: GAD=1 vflib=1 dir=0 label=0 lowerbound=1 fileNameGp=../graphsdb/mcs10/rand/r02/mcs10_r02_s30.A28 fileNameGt=../graphsdb/mcs10/rand/r02/mcs10_r02_s30.B28
Reading graphs...
30 :  162
30 :  159
Initializing...
maxdom : 30
D->valSize : 900
Solving...
Blb : 2 (clique : 10)
currentSize : 10 <-- 0.009708 s
currentSize : 11 <-- 0.009837 s
currentSize : 12 <-- 0.023836 s
currentSize : 13 <-- 0.083344 s
currentSize : 14 <-- 1.279616 s

maxsize : 14
nodes : 124270520.000000
filtered : 1672094546.000000
time : 433.598022
