Parameters: GAD=1 vflib=1 dir=0 label=0 lowerbound=1 fileNameGp=../graphsdb/mcs10/rand/r02/mcs10_r02_s30.A47 fileNameGt=../graphsdb/mcs10/rand/r02/mcs10_r02_s30.B47
Reading graphs...
30 :  155
30 :  153
Initializing...
maxdom : 30
D->valSize : 900
Solving...
Blb : 2 (clique : 10)
currentSize : 10 <-- 0.009408 s
currentSize : 11 <-- 0.009559 s
currentSize : 12 <-- 0.011841 s
currentSize : 13 <-- 0.021046 s
currentSize : 14 <-- 3.556676 s
currentSize : 15 <-- 298.055725 s

maxsize : 15
nodes : 112368979.000000
filtered : 1458405663.000000
time : 387.328217
