Parameters: GAD=1 vflib=1 dir=0 label=0 lowerbound=1 fileNameGp=../graphsdb/mcs10/rand/r01/mcs10_r01_s20.A04 fileNameGt=../graphsdb/mcs10/rand/r01/mcs10_r01_s20.B04
Reading graphs...
20 :  37
20 :  36
Initializing...
maxdom : 20
D->valSize : 400
Solving...
Blb : 2 (clique : 11)
currentSize : 11 <-- 0.003864 s
currentSize : 12 <-- 0.004063 s
currentSize : 13 <-- 0.010877 s
currentSize : 14 <-- 0.024436 s
currentSize : 15 <-- 0.393969 s

maxsize : 15
nodes : 109632.000000
filtered : 2528294.000000
time : 0.470219
