Parameters: GAD=1 vflib=1 dir=0 label=0 lowerbound=1 fileNameGp=../graphsdb/mcs10/rand/r01/mcs10_r01_s35.A46 fileNameGt=../graphsdb/mcs10/rand/r01/mcs10_r01_s35.B46
Reading graphs...
35 :  112
35 :  114
Initializing...
maxdom : 35
D->valSize : 1225
Solving...
Blb : 2 (clique : 14)
currentSize : 14 <-- 0.033922 s
currentSize : 15 <-- 0.034145 s
currentSize : 16 <-- 0.035039 s
currentSize : 17 <-- 0.049082 s
currentSize : 18 <-- 0.075251 s
currentSize : 19 <-- 0.786286 s
currentSize : 20 <-- 25.770435 s

TIMEOUT
maxsize : 20
nodes : 726414463.000000
filtered : 20100526910.000000
time : 3600.000000
