Parameters: GAD=1 vflib=1 dir=0 label=0 lowerbound=1 fileNameGp=../graphsdb/mcs10/rand/r01/mcs10_r01_s25.A06 fileNameGt=../graphsdb/mcs10/rand/r01/mcs10_r01_s25.B06
Reading graphs...
25 :  58
25 :  60
Initializing...
maxdom : 25
D->valSize : 625
Solving...
Blb : 3 (clique : 12)
currentSize : 12 <-- 0.005220 s
currentSize : 13 <-- 0.005445 s
currentSize : 14 <-- 0.006056 s
currentSize : 15 <-- 0.009921 s
currentSize : 16 <-- 0.014000 s
currentSize : 17 <-- 2.455971 s

maxsize : 17
nodes : 1366552.000000
filtered : 36070514.000000
time : 5.783249
