Parameters: GAD=1 vflib=1 dir=0 label=0 lowerbound=1 fileNameGp=../graphsdb/mcs10/rand/r01/mcs10_r01_s25.A12 fileNameGt=../graphsdb/mcs10/rand/r01/mcs10_r01_s25.B12
Reading graphs...
25 :  59
25 :  58
Initializing...
maxdom : 25
D->valSize : 625
Solving...
Blb : 2 (clique : 12)
currentSize : 12 <-- 0.005148 s
currentSize : 13 <-- 0.005227 s
currentSize : 14 <-- 0.005252 s
currentSize : 15 <-- 0.007066 s
currentSize : 16 <-- 0.165729 s
currentSize : 17 <-- 5.945065 s

maxsize : 17
nodes : 1762074.000000
filtered : 46469457.000000
time : 7.326834
