Parameters: GAD=1 vflib=1 dir=0 label=0 lowerbound=1 fileNameGp=../graphsdb/mcs10/rand/r005/mcs10_r005_s35.A05 fileNameGt=../graphsdb/mcs10/rand/r005/mcs10_r005_s35.B05
Reading graphs...
35 :  61
35 :  59
Initializing...
maxdom : 35
D->valSize : 1225
Solving...
Blb : 2 (clique : 19)
currentSize : 19 <-- 0.020954 s
currentSize : 20 <-- 0.021130 s
currentSize : 21 <-- 0.021293 s
currentSize : 22 <-- 0.021418 s
currentSize : 23 <-- 0.021615 s
currentSize : 24 <-- 0.025374 s
currentSize : 25 <-- 0.107764 s
currentSize : 26 <-- 3.574823 s
currentSize : 27 <-- 120.842400 s

maxsize : 27
nodes : 20454090.000000
filtered : 994133267.000000
time : 153.435349
