Parameters: GAD=1 vflib=1 dir=0 label=0 lowerbound=1 fileNameGp=../graphsdb/mcs10/rand/r02/mcs10_r02_s30.A99 fileNameGt=../graphsdb/mcs10/rand/r02/mcs10_r02_s30.B99
Reading graphs...
30 :  159
30 :  156
Initializing...
maxdom : 30
D->valSize : 900
Solving...
Blb : 2 (clique : 9)
currentSize : 9 <-- 0.016026 s
currentSize : 11 <-- 0.016158 s
currentSize : 12 <-- 0.022628 s
currentSize : 13 <-- 0.078264 s
currentSize : 14 <-- 14.965668 s

maxsize : 14
nodes : 122111241.000000
filtered : 1552644566.000000
time : 417.222748
