Parameters: GAD=1 vflib=1 dir=0 label=0 lowerbound=1 fileNameGp=../graphsdb/mcs10/rand/r02/mcs10_r02_s30.A18 fileNameGt=../graphsdb/mcs10/rand/r02/mcs10_r02_s30.B18
Reading graphs...
30 :  154
30 :  163
Initializing...
maxdom : 30
D->valSize : 900
Solving...
Blb : 2 (clique : 9)
currentSize : 9 <-- 0.009639 s
currentSize : 10 <-- 0.009736 s
currentSize : 11 <-- 0.009764 s
currentSize : 12 <-- 0.010713 s
currentSize : 13 <-- 0.068617 s
currentSize : 14 <-- 1.573911 s

maxsize : 14
nodes : 126839381.000000
filtered : 1594732769.000000
time : 431.616241
