Parameters: GAD=1 vflib=1 dir=0 label=0 lowerbound=1 fileNameGp=../graphsdb/mcs10/rand/r005/mcs10_r005_s30.A71 fileNameGt=../graphsdb/mcs10/rand/r005/mcs10_r005_s30.B71
Reading graphs...
30 :  44
30 :  44
Initializing...
maxdom : 30
D->valSize : 900
Solving...
Blb : 2 (clique : 17)
currentSize : 17 <-- 0.011484 s
currentSize : 18 <-- 0.011621 s
currentSize : 19 <-- 0.011646 s
currentSize : 20 <-- 0.013159 s
currentSize : 21 <-- 0.027562 s
currentSize : 22 <-- 0.637553 s
currentSize : 23 <-- 33.031445 s
currentSize : 24 <-- 142.027115 s

maxsize : 24
nodes : 31163414.000000
filtered : 1367385528.000000
time : 187.597183
