Parameters: GAD=1 vflib=1 dir=0 label=0 lowerbound=1 fileNameGp=../graphsdb/mcs10/rand/r005/mcs10_r005_s25.A04 fileNameGt=../graphsdb/mcs10/rand/r005/mcs10_r005_s25.B04
Reading graphs...
25 :  31
25 :  31
Initializing...
maxdom : 25
D->valSize : 625
Solving...
Blb : 2 (clique : 16)
currentSize : 16 <-- 0.005689 s
currentSize : 17 <-- 0.005792 s
currentSize : 18 <-- 0.005812 s
currentSize : 19 <-- 0.025268 s
currentSize : 20 <-- 0.779290 s

maxsize : 20
nodes : 361801.000000
filtered : 10491721.000000
time : 1.707587
