Parameters: GAD=1 vflib=1 dir=0 label=0 lowerbound=1 fileNameGp=../graphsdb/mcs10/rand/r01/mcs10_r01_s30.A10 fileNameGt=../graphsdb/mcs10/rand/r01/mcs10_r01_s30.B10
Reading graphs...
30 :  87
30 :  86
Initializing...
maxdom : 30
D->valSize : 900
Solving...
Blb : 2 (clique : 13)
currentSize : 13 <-- 0.018221 s
currentSize : 14 <-- 0.018400 s
currentSize : 15 <-- 0.018699 s
currentSize : 16 <-- 0.026428 s
currentSize : 17 <-- 0.038606 s
currentSize : 18 <-- 63.472157 s

maxsize : 18
nodes : 70636674.000000
filtered : 1704862409.000000
time : 305.459137
