Parameters: GAD=1 vflib=1 dir=0 label=0 lowerbound=1 fileNameGp=../graphsdb/mcs10/rand/r01/mcs10_r01_s35.A00 fileNameGt=../graphsdb/mcs10/rand/r01/mcs10_r01_s35.B00
Reading graphs...
35 :  114
35 :  116
Initializing...
maxdom : 35
D->valSize : 1225
Solving...
Blb : 2 (clique : 13)
currentSize : 13 <-- 0.019075 s
currentSize : 14 <-- 0.019207 s
currentSize : 15 <-- 0.019293 s
currentSize : 16 <-- 0.019356 s
currentSize : 17 <-- 0.019732 s
currentSize : 18 <-- 0.020940 s
currentSize : 19 <-- 0.067388 s
currentSize : 20 <-- 23.221886 s
currentSize : 21 <-- 2109.445557 s

maxsize : 21
nodes : 531068255.000000
filtered : 17882009433.000000
time : 2883.323486
