Parameters: GAD=1 vflib=1 dir=0 label=0 lowerbound=1 fileNameGp=../graphsdb/mcs10/rand/r005/mcs10_r005_s35.A56 fileNameGt=../graphsdb/mcs10/rand/r005/mcs10_r005_s35.B56
Reading graphs...
35 :  60
35 :  60
Initializing...
maxdom : 35
D->valSize : 1225
Solving...
Blb : 2 (clique : 19)
currentSize : 19 <-- 0.024539 s
currentSize : 21 <-- 0.024704 s
currentSize : 22 <-- 0.024815 s
currentSize : 23 <-- 0.025208 s
currentSize : 24 <-- 2.999556 s
currentSize : 25 <-- 3.615914 s
currentSize : 26 <-- 24.982632 s

maxsize : 26
nodes : 51746457.000000
filtered : 2414618772.000000
time : 362.067169
