Parameters: GAD=1 vflib=1 dir=0 label=0 lowerbound=1 fileNameGp=../graphsdb/mcs10/rand/r02/mcs10_r02_s25.A55 fileNameGt=../graphsdb/mcs10/rand/r02/mcs10_r02_s25.B55
Reading graphs...
25 :  109
25 :  105
Initializing...
maxdom : 25
D->valSize : 625
Solving...
Blb : 2 (clique : 9)
currentSize : 9 <-- 0.008130 s
currentSize : 10 <-- 0.008260 s
currentSize : 11 <-- 0.008548 s
currentSize : 12 <-- 0.011486 s
currentSize : 13 <-- 1.250132 s

maxsize : 13
nodes : 10106836.000000
filtered : 122179406.000000
time : 31.623260
