Parameters: GAD=1 vflib=1 dir=0 label=0 lowerbound=1 fileNameGp=../graphsdb/mcs10/rand/r01/mcs10_r01_s25.A54 fileNameGt=../graphsdb/mcs10/rand/r01/mcs10_r01_s25.B54
Reading graphs...
25 :  59
25 :  60
Initializing...
maxdom : 25
D->valSize : 625
Solving...
Blb : 2 (clique : 12)
currentSize : 12 <-- 0.008744 s
currentSize : 13 <-- 0.008890 s
currentSize : 14 <-- 0.008956 s
currentSize : 15 <-- 0.009421 s
currentSize : 16 <-- 1.545397 s

maxsize : 16
nodes : 3085340.000000
filtered : 64283551.000000
time : 12.131945
