Parameters: GAD=1 vflib=1 dir=0 label=0 lowerbound=1 fileNameGp=../graphsdb/mcs10/rand/r02/mcs10_r02_s30.A51 fileNameGt=../graphsdb/mcs10/rand/r02/mcs10_r02_s30.B51
Reading graphs...
30 :  160
30 :  160
Initializing...
maxdom : 30
D->valSize : 900
Solving...
Blb : 2 (clique : 10)
currentSize : 10 <-- 0.009902 s
currentSize : 11 <-- 0.010238 s
currentSize : 12 <-- 0.023693 s
currentSize : 13 <-- 0.071452 s
currentSize : 14 <-- 2.064085 s
currentSize : 15 <-- 61.317635 s

maxsize : 15
nodes : 57949558.000000
filtered : 877108620.000000
time : 209.804855
