Parameters: GAD=1 vflib=1 dir=0 label=0 lowerbound=1 fileNameGp=../graphsdb/mcs10/rand/r005/mcs10_r005_s30.A24 fileNameGt=../graphsdb/mcs10/rand/r005/mcs10_r005_s30.B24
Reading graphs...
30 :  42
30 :  45
Initializing...
maxdom : 30
D->valSize : 900
Solving...
Blb : 3 (clique : 19)
currentSize : 19 <-- 0.011597 s
currentSize : 20 <-- 0.121092 s
currentSize : 21 <-- 0.218425 s
currentSize : 22 <-- 1.638956 s
currentSize : 23 <-- 1.974730 s

maxsize : 23
nodes : 8964986.000000
filtered : 353680653.000000
time : 53.119144
