Parameters: GAD=1 vflib=1 dir=0 label=0 lowerbound=1 fileNameGp=../graphsdb/mcs10/rand/r01/mcs10_r01_s30.A19 fileNameGt=../graphsdb/mcs10/rand/r01/mcs10_r01_s30.B19
Reading graphs...
30 :  88
30 :  85
Initializing...
maxdom : 30
D->valSize : 900
Solving...
Blb : 2 (clique : 14)
currentSize : 14 <-- 0.017951 s
currentSize : 15 <-- 0.018348 s
currentSize : 16 <-- 0.018633 s
currentSize : 17 <-- 0.100250 s
currentSize : 18 <-- 1.362612 s

maxsize : 18
nodes : 87115427.000000
filtered : 2647461263.000000
time : 419.338531
