Parameters: GAD=1 vflib=1 dir=0 label=0 lowerbound=1 fileNameGp=../graphsdb/mcs10/rand/r005/mcs10_r005_s35.A02 fileNameGt=../graphsdb/mcs10/rand/r005/mcs10_r005_s35.B02
Reading graphs...
35 :  60
35 :  60
Initializing...
maxdom : 35
D->valSize : 1225
Solving...
Blb : 2 (clique : 21)
currentSize : 21 <-- 0.020950 s
currentSize : 22 <-- 0.021130 s
currentSize : 23 <-- 0.021272 s
currentSize : 24 <-- 0.441773 s
currentSize : 25 <-- 1.500568 s
currentSize : 26 <-- 148.951233 s

maxsize : 26
nodes : 159622823.000000
filtered : 7570940521.000000
time : 1113.002197
