Parameters: GAD=1 vflib=1 dir=0 label=0 lowerbound=1 fileNameGp=../graphsdb/mcs10/rand/r005/mcs10_r005_s35.A29 fileNameGt=../graphsdb/mcs10/rand/r005/mcs10_r005_s35.B29
Reading graphs...
35 :  61
35 :  60
Initializing...
maxdom : 35
D->valSize : 1225
Solving...
Blb : 2 (clique : 19)
currentSize : 19 <-- 0.021328 s
currentSize : 21 <-- 0.021519 s
currentSize : 22 <-- 2.166442 s
currentSize : 23 <-- 2.205764 s
currentSize : 24 <-- 2.205864 s
currentSize : 25 <-- 9.302684 s
currentSize : 26 <-- 131.089233 s

maxsize : 26
nodes : 150249181.000000
filtered : 9867695427.000000
time : 1217.155762
