Parameters: GAD=1 vflib=1 dir=0 label=0 lowerbound=1 fileNameGp=../graphsdb/mcs10/rand/r005/mcs10_r005_s30.A50 fileNameGt=../graphsdb/mcs10/rand/r005/mcs10_r005_s30.B50
Reading graphs...
30 :  45
30 :  44
Initializing...
maxdom : 30
D->valSize : 900
Solving...
Blb : 2 (clique : 18)
currentSize : 18 <-- 0.011369 s
currentSize : 20 <-- 0.011503 s
currentSize : 21 <-- 0.011696 s
currentSize : 22 <-- 0.011764 s
currentSize : 23 <-- 0.019927 s

maxsize : 23
nodes : 7479336.000000
filtered : 268984331.000000
time : 43.001022
