Parameters: GAD=1 vflib=1 dir=0 label=0 lowerbound=1 fileNameGp=../graphsdb/mcs10/rand/r01/mcs10_r01_s35.A55 fileNameGt=../graphsdb/mcs10/rand/r01/mcs10_r01_s35.B55
Reading graphs...
35 :  115
35 :  114
Initializing...
maxdom : 35
D->valSize : 1225
Solving...
Blb : 2 (clique : 15)
currentSize : 15 <-- 0.033274 s
currentSize : 16 <-- 0.033824 s
currentSize : 17 <-- 0.049116 s
currentSize : 18 <-- 0.065861 s
currentSize : 19 <-- 8.614683 s
currentSize : 20 <-- 1189.933838 s

TIMEOUT
maxsize : 20
nodes : 774203215.000000
filtered : 18834220718.000000
time : 3600.000000
