Parameters: GAD=1 vflib=1 dir=0 label=0 lowerbound=1 fileNameGp=../graphsdb/mcs10/rand/r005/mcs10_r005_s35.A85 fileNameGt=../graphsdb/mcs10/rand/r005/mcs10_r005_s35.B85
Reading graphs...
35 :  59
35 :  61
Initializing...
maxdom : 35
D->valSize : 1225
Solving...
Blb : 2 (clique : 20)
currentSize : 20 <-- 0.021164 s
currentSize : 21 <-- 0.021345 s
currentSize : 22 <-- 0.026255 s
currentSize : 23 <-- 0.026683 s
currentSize : 24 <-- 0.027018 s
currentSize : 25 <-- 17.210749 s
currentSize : 26 <-- 23.098780 s

maxsize : 26
nodes : 58383691.000000
filtered : 2971032791.000000
time : 427.060455
