Parameters: GAD=1 vflib=1 dir=0 label=0 lowerbound=1 fileNameGp=../graphsdb/mcs10/rand/r02/mcs10_r02_s25.A95 fileNameGt=../graphsdb/mcs10/rand/r02/mcs10_r02_s25.B95
Reading graphs...
25 :  111
25 :  114
Initializing...
maxdom : 25
D->valSize : 625
Solving...
Blb : 2 (clique : 9)
currentSize : 9 <-- 0.004736 s
currentSize : 10 <-- 0.004821 s
currentSize : 11 <-- 0.007851 s
currentSize : 12 <-- 0.030344 s
currentSize : 13 <-- 0.335922 s

maxsize : 13
nodes : 7124069.000000
filtered : 90604368.000000
time : 22.261610
