Parameters: GAD=1 vflib=1 dir=0 label=0 lowerbound=1 fileNameGp=../graphsdb/mcs10/rand/r005/mcs10_r005_s35.A39 fileNameGt=../graphsdb/mcs10/rand/r005/mcs10_r005_s35.B39
Reading graphs...
35 :  59
35 :  60
Initializing...
maxdom : 35
D->valSize : 1225
Solving...
Blb : 2 (clique : 18)
currentSize : 18 <-- 0.021172 s
currentSize : 19 <-- 0.021340 s
currentSize : 20 <-- 0.022322 s
currentSize : 21 <-- 0.022935 s
currentSize : 22 <-- 0.046483 s
currentSize : 23 <-- 0.062920 s
currentSize : 24 <-- 0.202184 s
currentSize : 25 <-- 0.253523 s
currentSize : 26 <-- 192.826523 s

maxsize : 26
nodes : 88586386.000000
filtered : 3888351159.000000
time : 590.849915
