Parameters: GAD=1 vflib=1 dir=0 label=0 lowerbound=1 fileNameGp=../graphsdb/mcs10/rand/r01/mcs10_r01_s35.A92 fileNameGt=../graphsdb/mcs10/rand/r01/mcs10_r01_s35.B92
Reading graphs...
35 :  118
35 :  112
Initializing...
maxdom : 35
D->valSize : 1225
Solving...
Blb : 2 (clique : 15)
currentSize : 15 <-- 0.033181 s
currentSize : 16 <-- 0.034392 s
currentSize : 17 <-- 0.035726 s
currentSize : 18 <-- 0.058894 s
currentSize : 19 <-- 10.135863 s
currentSize : 20 <-- 273.203583 s
currentSize : 21 <-- 277.232391 s

maxsize : 21
nodes : 348104917.000000
filtered : 11507006186.000000
time : 1871.945068
