Parameters: GAD=1 vflib=1 dir=0 label=0 lowerbound=1 fileNameGp=../graphsdb/mcs10/rand/r005/mcs10_r005_s25.A21 fileNameGt=../graphsdb/mcs10/rand/r005/mcs10_r005_s25.B21
Reading graphs...
25 :  31
25 :  31
Initializing...
maxdom : 25
D->valSize : 625
Solving...
Blb : 2 (clique : 16)
currentSize : 16 <-- 0.005657 s
currentSize : 17 <-- 0.005754 s
currentSize : 18 <-- 0.005782 s
currentSize : 19 <-- 0.586712 s
currentSize : 20 <-- 0.587059 s

maxsize : 20
nodes : 1134509.000000
filtered : 36835502.000000
time : 5.212346
