Parameters: GAD=1 vflib=1 dir=0 label=0 lowerbound=1 fileNameGp=../graphsdb/mcs10/rand/r005/mcs10_r005_s30.A51 fileNameGt=../graphsdb/mcs10/rand/r005/mcs10_r005_s30.B51
Reading graphs...
30 :  44
30 :  43
Initializing...
maxdom : 30
D->valSize : 900
Solving...
Blb : 2 (clique : 19)
currentSize : 19 <-- 0.011367 s
currentSize : 20 <-- 0.011701 s
currentSize : 21 <-- 0.012659 s
currentSize : 22 <-- 0.019864 s
currentSize : 23 <-- 0.069117 s

maxsize : 23
nodes : 2559483.000000
filtered : 91723971.000000
time : 14.355825
