Parameters: GAD=1 vflib=1 dir=0 label=0 lowerbound=1 fileNameGp=../graphsdb/mcs10/rand/r01/mcs10_r01_s30.A94 fileNameGt=../graphsdb/mcs10/rand/r01/mcs10_r01_s30.B94
Reading graphs...
30 :  82
30 :  82
Initializing...
maxdom : 30
D->valSize : 900
Solving...
Blb : 2 (clique : 13)
currentSize : 13 <-- 0.015318 s
currentSize : 14 <-- 0.015464 s
currentSize : 15 <-- 0.015505 s
currentSize : 16 <-- 0.016358 s
currentSize : 17 <-- 0.019724 s
currentSize : 18 <-- 0.049737 s
currentSize : 19 <-- 27.632088 s

maxsize : 19
nodes : 29265762.000000
filtered : 841763850.000000
time : 140.860672
