Parameters: GAD=1 vflib=1 dir=0 label=0 lowerbound=1 fileNameGp=../graphsdb/mcs10/rand/r005/mcs10_r005_s25.A81 fileNameGt=../graphsdb/mcs10/rand/r005/mcs10_r005_s25.B81
Reading graphs...
25 :  31
25 :  31
Initializing...
maxdom : 25
D->valSize : 625
Solving...
Blb : 2 (clique : 16)
currentSize : 16 <-- 0.005748 s
currentSize : 17 <-- 0.006442 s
currentSize : 18 <-- 0.015815 s
currentSize : 19 <-- 5.182554 s
currentSize : 20 <-- 9.800452 s

maxsize : 20
nodes : 4061888.000000
filtered : 75326236.000000
time : 13.281296
