Parameters: GAD=1 vflib=1 dir=0 label=0 lowerbound=1 fileNameGp=../graphsdb/mcs10/rand/r005/mcs10_r005_s35.A43 fileNameGt=../graphsdb/mcs10/rand/r005/mcs10_r005_s35.B43
Reading graphs...
35 :  61
35 :  60
Initializing...
maxdom : 35
D->valSize : 1225
Solving...
Blb : 2 (clique : 18)
currentSize : 18 <-- 0.036629 s
currentSize : 19 <-- 0.036905 s
currentSize : 20 <-- 0.036930 s
currentSize : 21 <-- 0.036962 s
currentSize : 22 <-- 0.037091 s
currentSize : 23 <-- 0.044803 s
currentSize : 24 <-- 0.057611 s
currentSize : 25 <-- 865.364624 s

TIMEOUT
maxsize : 25
nodes : 539823833.000000
filtered : 26898132574.000000
time : 3600.000000
