Parameters: GAD=1 vflib=1 dir=0 label=0 lowerbound=1 fileNameGp=../graphsdb/mcs10/rand/r005/mcs10_r005_s35.A34 fileNameGt=../graphsdb/mcs10/rand/r005/mcs10_r005_s35.B34
Reading graphs...
35 :  58
35 :  60
Initializing...
maxdom : 35
D->valSize : 1225
Solving...
Blb : 2 (clique : 20)
currentSize : 20 <-- 0.021081 s
currentSize : 21 <-- 0.021274 s
currentSize : 22 <-- 0.041365 s
currentSize : 23 <-- 0.105692 s
currentSize : 24 <-- 0.286260 s
currentSize : 25 <-- 0.487643 s
currentSize : 26 <-- 317.616760 s

maxsize : 26
nodes : 327538211.000000
filtered : 17949000691.000000
time : 2579.233398
