Parameters: GAD=1 vflib=1 dir=0 label=0 lowerbound=1 fileNameGp=../graphsdb/mcs10/rand/r01/mcs10_r01_s30.A13 fileNameGt=../graphsdb/mcs10/rand/r01/mcs10_r01_s30.B13
Reading graphs...
30 :  85
30 :  85
Initializing...
maxdom : 30
D->valSize : 900
Solving...
Blb : 2 (clique : 14)
currentSize : 14 <-- 0.014918 s
currentSize : 15 <-- 0.015128 s
currentSize : 16 <-- 0.025177 s
currentSize : 17 <-- 0.252363 s
currentSize : 18 <-- 1.442503 s

maxsize : 18
nodes : 129851037.000000
filtered : 4078148672.000000
time : 627.592285
