Parameters: GAD=1 vflib=1 dir=0 label=0 lowerbound=1 fileNameGp=../graphsdb/mcs10/rand/r005/mcs10_r005_s30.A10 fileNameGt=../graphsdb/mcs10/rand/r005/mcs10_r005_s30.B10
Reading graphs...
30 :  45
30 :  45
Initializing...
maxdom : 30
D->valSize : 900
Solving...
Blb : 2 (clique : 18)
currentSize : 18 <-- 0.011437 s
currentSize : 20 <-- 0.011590 s
currentSize : 21 <-- 0.011624 s
currentSize : 22 <-- 0.013630 s
currentSize : 23 <-- 1.430709 s

maxsize : 23
nodes : 28297337.000000
filtered : 1290564589.000000
time : 184.531189
