Parameters: GAD=1 vflib=1 dir=0 label=0 lowerbound=1 fileNameGp=../graphsdb/mcs10/rand/r005/mcs10_r005_s35.A06 fileNameGt=../graphsdb/mcs10/rand/r005/mcs10_r005_s35.B06
Reading graphs...
35 :  60
35 :  61
Initializing...
maxdom : 35
D->valSize : 1225
Solving...
Blb : 2 (clique : 21)
currentSize : 21 <-- 0.021116 s
currentSize : 22 <-- 0.021333 s
currentSize : 23 <-- 0.022051 s
currentSize : 24 <-- 0.124684 s
currentSize : 25 <-- 1.029576 s
currentSize : 26 <-- 2534.587646 s

TIMEOUT
maxsize : 26
nodes : 510120161.000000
filtered : 23397010085.000000
time : 3600.000000
