Parameters: GAD=1 vflib=1 dir=0 label=0 lowerbound=1 fileNameGp=../graphsdb/mcs10/rand/r01/mcs10_r01_s35.A41 fileNameGt=../graphsdb/mcs10/rand/r01/mcs10_r01_s35.B41
Reading graphs...
35 :  115
35 :  117
Initializing...
maxdom : 35
D->valSize : 1225
Solving...
Blb : 2 (clique : 15)
currentSize : 15 <-- 0.024249 s
currentSize : 16 <-- 0.024406 s
currentSize : 17 <-- 0.025723 s
currentSize : 18 <-- 0.033560 s
currentSize : 19 <-- 2.307125 s
currentSize : 20 <-- 319.338684 s

TIMEOUT
maxsize : 20
nodes : 701131477.000000
filtered : 20655044838.000000
time : 3600.000000
