Parameters: GAD=1 vflib=1 dir=0 label=0 lowerbound=1 fileNameGp=../graphsdb/mcs10/rand/r01/mcs10_r01_s30.A17 fileNameGt=../graphsdb/mcs10/rand/r01/mcs10_r01_s30.B17
Reading graphs...
30 :  85
30 :  87
Initializing...
maxdom : 30
D->valSize : 900
Solving...
Blb : 2 (clique : 13)
currentSize : 13 <-- 0.018158 s
currentSize : 14 <-- 0.018328 s
currentSize : 15 <-- 0.020114 s
currentSize : 16 <-- 0.021794 s
currentSize : 17 <-- 0.535424 s
currentSize : 18 <-- 44.470287 s

maxsize : 18
nodes : 75728916.000000
filtered : 1812881874.000000
time : 324.548309
