Parameters: GAD=1 vflib=1 dir=0 label=0 lowerbound=1 fileNameGp=../graphsdb/mcs10/rand/r005/mcs10_r005_s30.A28 fileNameGt=../graphsdb/mcs10/rand/r005/mcs10_r005_s30.B28
Reading graphs...
30 :  44
30 :  44
Initializing...
maxdom : 30
D->valSize : 900
Solving...
Blb : 2 (clique : 19)
currentSize : 19 <-- 0.011248 s
currentSize : 20 <-- 0.337316 s
currentSize : 21 <-- 0.634186 s
currentSize : 22 <-- 1.327028 s
currentSize : 23 <-- 4.788554 s

maxsize : 23
nodes : 23756711.000000
filtered : 987988908.000000
time : 150.558502
