Parameters: GAD=1 vflib=1 dir=0 label=0 lowerbound=1 fileNameGp=../graphsdb/mcs10/rand/r02/mcs10_r02_s30.A87 fileNameGt=../graphsdb/mcs10/rand/r02/mcs10_r02_s30.B87
Reading graphs...
30 :  160
30 :  156
Initializing...
maxdom : 30
D->valSize : 900
Solving...
Blb : 2 (clique : 10)
currentSize : 10 <-- 0.009748 s
currentSize : 11 <-- 0.009847 s
currentSize : 12 <-- 0.009886 s
currentSize : 13 <-- 0.035359 s
currentSize : 14 <-- 2.206020 s
currentSize : 15 <-- 76.256294 s

maxsize : 15
nodes : 76902457.000000
filtered : 1089021551.000000
time : 270.151398
