Parameters: GAD=1 vflib=1 dir=0 label=0 lowerbound=1 fileNameGp=../graphsdb/mcs10/rand/r02/mcs10_r02_s25.A65 fileNameGt=../graphsdb/mcs10/rand/r02/mcs10_r02_s25.B65
Reading graphs...
25 :  109
25 :  111
Initializing...
maxdom : 25
D->valSize : 625
Solving...
Blb : 2 (clique : 9)
currentSize : 9 <-- 0.007877 s
currentSize : 10 <-- 0.008082 s
currentSize : 11 <-- 0.008756 s
currentSize : 12 <-- 0.010600 s
currentSize : 13 <-- 0.434521 s

maxsize : 13
nodes : 7054981.000000
filtered : 92446898.000000
time : 22.931299
