Parameters: GAD=1 vflib=1 dir=0 label=0 lowerbound=1 fileNameGp=../graphsdb/mcs10/rand/r005/mcs10_r005_s25.A19 fileNameGt=../graphsdb/mcs10/rand/r005/mcs10_r005_s25.B19
Reading graphs...
25 :  31
25 :  31
Initializing...
maxdom : 25
D->valSize : 625
Solving...
Blb : 2 (clique : 15)
currentSize : 15 <-- 0.005615 s
currentSize : 16 <-- 0.005739 s
currentSize : 17 <-- 0.005889 s
currentSize : 18 <-- 0.118350 s
currentSize : 19 <-- 0.120565 s
currentSize : 20 <-- 0.152563 s

maxsize : 20
nodes : 253684.000000
filtered : 9628158.000000
time : 1.313078
