Parameters: GAD=1 vflib=1 dir=0 label=0 lowerbound=1 fileNameGp=../graphsdb/mcs10/rand/r01/mcs10_r01_s20.A99 fileNameGt=../graphsdb/mcs10/rand/r01/mcs10_r01_s20.B99
Reading graphs...
20 :  37
20 :  39
Initializing...
maxdom : 20
D->valSize : 400
Solving...
Blb : 2 (clique : 11)
currentSize : 11 <-- 0.002343 s
currentSize : 12 <-- 0.002740 s
currentSize : 13 <-- 0.003441 s
currentSize : 14 <-- 0.012085 s
currentSize : 15 <-- 0.038038 s

maxsize : 15
nodes : 72274.000000
filtered : 1961973.000000
time : 0.393107
