Parameters: GAD=1 vflib=1 dir=0 label=0 lowerbound=1 fileNameGp=../graphsdb/mcs10/rand/r005/mcs10_r005_s30.A21 fileNameGt=../graphsdb/mcs10/rand/r005/mcs10_r005_s30.B21
Reading graphs...
30 :  44
30 :  45
Initializing...
maxdom : 30
D->valSize : 900
Solving...
Blb : 2 (clique : 18)
currentSize : 18 <-- 0.013171 s
currentSize : 19 <-- 0.014529 s
currentSize : 20 <-- 0.772804 s
currentSize : 21 <-- 2.062653 s
currentSize : 22 <-- 67.132919 s

maxsize : 22
nodes : 66122189.000000
filtered : 2563821272.000000
time : 356.384430
