Parameters: GAD=1 vflib=1 dir=0 label=0 lowerbound=1 fileNameGp=../graphsdb/mcs10/rand/r005/mcs10_r005_s25.A07 fileNameGt=../graphsdb/mcs10/rand/r005/mcs10_r005_s25.B07
Reading graphs...
25 :  31
25 :  31
Initializing...
maxdom : 25
D->valSize : 625
Solving...
Blb : 3 (clique : 17)
currentSize : 17 <-- 0.009585 s
currentSize : 18 <-- 0.286628 s
currentSize : 19 <-- 0.498933 s
currentSize : 20 <-- 0.599889 s
currentSize : 21 <-- 0.683089 s

maxsize : 21
nodes : 344166.000000
filtered : 3241640.000000
time : 0.753158
