Parameters: GAD=1 vflib=1 dir=0 label=0 lowerbound=1 fileNameGp=../graphsdb/mcs10/rand/r01/mcs10_r01_s25.A80 fileNameGt=../graphsdb/mcs10/rand/r01/mcs10_r01_s25.B80
Reading graphs...
25 :  59
25 :  60
Initializing...
maxdom : 25
D->valSize : 625
Solving...
Blb : 2 (clique : 11)
currentSize : 11 <-- 0.008807 s
currentSize : 13 <-- 0.008918 s
currentSize : 14 <-- 0.009649 s
currentSize : 15 <-- 0.020683 s
currentSize : 16 <-- 0.088656 s
currentSize : 17 <-- 0.576819 s

maxsize : 17
nodes : 841023.000000
filtered : 20505747.000000
time : 3.620349
