Parameters: GAD=1 vflib=1 dir=0 label=0 lowerbound=1 fileNameGp=../graphsdb/mcs10/rand/r01/mcs10_r01_s35.A31 fileNameGt=../graphsdb/mcs10/rand/r01/mcs10_r01_s35.B31
Reading graphs...
35 :  115
35 :  115
Initializing...
maxdom : 35
D->valSize : 1225
Solving...
Blb : 2 (clique : 16)
currentSize : 16 <-- 0.019359 s
currentSize : 17 <-- 0.020404 s
currentSize : 18 <-- 0.190904 s
currentSize : 19 <-- 1.959165 s
currentSize : 20 <-- 34.807415 s
currentSize : 21 <-- 607.409973 s

maxsize : 21
nodes : 337042559.000000
filtered : 11549135691.000000
time : 1897.034912
