Parameters: GAD=1 vflib=1 dir=0 label=0 lowerbound=1 fileNameGp=../graphsdb/mcs10/rand/r01/mcs10_r01_s35.A91 fileNameGt=../graphsdb/mcs10/rand/r01/mcs10_r01_s35.B91
Reading graphs...
35 :  113
35 :  116
Initializing...
maxdom : 35
D->valSize : 1225
Solving...
Blb : 2 (clique : 14)
currentSize : 14 <-- 0.019304 s
currentSize : 15 <-- 0.019780 s
currentSize : 16 <-- 0.019837 s
currentSize : 17 <-- 0.021163 s
currentSize : 18 <-- 0.106797 s
currentSize : 19 <-- 8.454506 s
currentSize : 20 <-- 1124.687988 s

TIMEOUT
maxsize : 20
nodes : 753489161.000000
filtered : 19632123387.000000
time : 3600.000000
