Parameters: GAD=1 vflib=1 dir=0 label=0 lowerbound=1 fileNameGp=../graphsdb/mcs10/rand/r005/mcs10_r005_s30.A22 fileNameGt=../graphsdb/mcs10/rand/r005/mcs10_r005_s30.B22
Reading graphs...
30 :  44
30 :  42
Initializing...
maxdom : 30
D->valSize : 900
Solving...
Blb : 2 (clique : 19)
currentSize : 19 <-- 0.011540 s
currentSize : 20 <-- 0.011716 s
currentSize : 21 <-- 0.018397 s
currentSize : 22 <-- 0.022956 s
currentSize : 23 <-- 0.027233 s

maxsize : 23
nodes : 3964994.000000
filtered : 154304429.000000
time : 23.605783
