Parameters: GAD=1 vflib=1 dir=0 label=0 lowerbound=1 fileNameGp=../graphsdb/mcs10/rand/r02/mcs10_r02_s30.A88 fileNameGt=../graphsdb/mcs10/rand/r02/mcs10_r02_s30.B88
Reading graphs...
30 :  154
30 :  163
Initializing...
maxdom : 30
D->valSize : 900
Solving...
Blb : 2 (clique : 10)
currentSize : 10 <-- 0.009629 s
currentSize : 11 <-- 0.009766 s
currentSize : 12 <-- 0.011173 s
currentSize : 13 <-- 0.020701 s
currentSize : 14 <-- 1.448155 s

maxsize : 14
nodes : 145114534.000000
filtered : 1797451843.000000
time : 493.631317
