Parameters: GAD=1 vflib=1 dir=0 label=0 lowerbound=1 fileNameGp=../graphsdb/mcs10/rand/r005/mcs10_r005_s35.A25 fileNameGt=../graphsdb/mcs10/rand/r005/mcs10_r005_s35.B25
Reading graphs...
35 :  60
35 :  61
Initializing...
maxdom : 35
D->valSize : 1225
Solving...
Blb : 2 (clique : 20)
currentSize : 20 <-- 0.020951 s
currentSize : 22 <-- 0.021129 s
currentSize : 23 <-- 0.021222 s
currentSize : 24 <-- 0.021990 s
currentSize : 25 <-- 0.022090 s
currentSize : 26 <-- 0.084978 s

maxsize : 26
nodes : 187878352.000000
filtered : 12008727847.000000
time : 1562.924438
