Parameters: GAD=1 vflib=1 dir=0 label=0 lowerbound=1 fileNameGp=../graphsdb/mcs10/rand/r01/mcs10_r01_s35.A99 fileNameGt=../graphsdb/mcs10/rand/r01/mcs10_r01_s35.B99
Reading graphs...
35 :  115
35 :  116
Initializing...
maxdom : 35
D->valSize : 1225
Solving...
Blb : 2 (clique : 14)
currentSize : 14 <-- 0.019484 s
currentSize : 15 <-- 0.019697 s
currentSize : 16 <-- 0.020279 s
currentSize : 17 <-- 0.021220 s
currentSize : 18 <-- 0.079544 s
currentSize : 19 <-- 1.559428 s
currentSize : 20 <-- 41.377937 s

TIMEOUT
maxsize : 20
nodes : 715728417.000000
filtered : 20964813333.000000
time : 3600.000000
