Parameters: GAD=1 vflib=1 dir=0 label=0 lowerbound=1 fileNameGp=../graphsdb/mcs10/rand/r01/mcs10_r01_s25.A85 fileNameGt=../graphsdb/mcs10/rand/r01/mcs10_r01_s25.B85
Reading graphs...
25 :  57
25 :  60
Initializing...
maxdom : 25
D->valSize : 625
Solving...
Blb : 5 (clique : 12)
currentSize : 12 <-- 0.008933 s
currentSize : 13 <-- 0.009219 s
currentSize : 14 <-- 0.011724 s
currentSize : 15 <-- 0.136471 s
currentSize : 16 <-- 1.052588 s

maxsize : 16
nodes : 4729834.000000
filtered : 112408821.000000
time : 19.589464
