Parameters: GAD=1 vflib=1 dir=0 label=0 lowerbound=1 fileNameGp=../graphsdb/mcs10/rand/r02/mcs10_r02_s30.A44 fileNameGt=../graphsdb/mcs10/rand/r02/mcs10_r02_s30.B44
Reading graphs...
30 :  162
30 :  161
Initializing...
maxdom : 30
D->valSize : 900
Solving...
Blb : 3 (clique : 10)
currentSize : 10 <-- 0.009700 s
currentSize : 11 <-- 0.010752 s
currentSize : 12 <-- 0.022197 s
currentSize : 13 <-- 0.062624 s
currentSize : 14 <-- 10.219534 s

maxsize : 14
nodes : 115759148.000000
filtered : 1484233788.000000
time : 396.420654
