Parameters: GAD=1 vflib=1 dir=0 label=0 lowerbound=1 fileNameGp=../graphsdb/mcs30/bvg/b03m/mcs30_b03m_s35.A01 fileNameGt=../graphsdb/mcs30/bvg/b03m/mcs30_b03m_s35.B01
Reading graphs...
35 :  52
35 :  52
Initializing...
maxdom : 35
D->valSize : 1225
Solving...
Blb : 2 (clique : 20)
currentSize : 20 <-- 0.036762 s
currentSize : 21 <-- 0.037015 s
currentSize : 22 <-- 0.037227 s
currentSize : 23 <-- 0.143657 s
currentSize : 24 <-- 3.801297 s
currentSize : 25 <-- 4.178640 s
currentSize : 26 <-- 8.138849 s
currentSize : 27 <-- 48.500931 s

maxsize : 27
nodes : 56321272.000000
filtered : 2848053844.000000
time : 411.934784
