Parameters: GAD=1 vflib=1 dir=0 label=0 lowerbound=1 fileNameGp=../graphsdb/mcs30/m2D/m2Dr4/mcs30_m2Dr4_s30.A01 fileNameGt=../graphsdb/mcs30/m2D/m2Dr4/mcs30_m2Dr4_s30.B01
Reading graphs...
30 :  57
30 :  57
Initializing...
maxdom : 30
D->valSize : 900
Solving...
Blb : 2 (clique : 17)
currentSize : 17 <-- 0.019284 s
currentSize : 18 <-- 0.019473 s
currentSize : 19 <-- 0.019564 s
currentSize : 20 <-- 0.029331 s
currentSize : 21 <-- 0.325466 s
currentSize : 22 <-- 62.299988 s

maxsize : 22
nodes : 14229428.000000
filtered : 547435455.000000
time : 77.633057
