Parameters: GAD=1 vflib=1 dir=0 label=0 lowerbound=1 fileNameGp=../graphsdb/mcs30/m3D/m3Dr2/mcs30_m3Dr2_s30.A21 fileNameGt=../graphsdb/mcs30/m3D/m3Dr2/mcs30_m3Dr2_s30.B21
Reading graphs...
30 :  65
30 :  64
Initializing...
maxdom : 30
D->valSize : 900
Solving...
Blb : 5 (clique : 15)
currentSize : 15 <-- 0.011047 s
currentSize : 16 <-- 0.011197 s
currentSize : 17 <-- 0.013005 s
currentSize : 18 <-- 0.022314 s
currentSize : 19 <-- 0.140602 s
currentSize : 20 <-- 0.159191 s
currentSize : 21 <-- 97.663506 s

maxsize : 21
nodes : 22514579.000000
filtered : 1101138704.000000
time : 139.266754
