Parameters: GAD=1 vflib=1 dir=0 label=0 lowerbound=1 fileNameGp=../graphsdb/mcs30/rand/r01/mcs30_r01_s35.A01 fileNameGt=../graphsdb/mcs30/rand/r01/mcs30_r01_s35.B01
Reading graphs...
35 :  113
35 :  110
Initializing...
maxdom : 35
D->valSize : 1225
Solving...
Blb : 5 (clique : 14)
currentSize : 14 <-- 0.020055 s
currentSize : 15 <-- 0.021310 s
currentSize : 16 <-- 0.024214 s
currentSize : 17 <-- 0.033629 s
currentSize : 18 <-- 0.082472 s
currentSize : 19 <-- 3.335745 s
currentSize : 20 <-- 12.140433 s
currentSize : 21 <-- 239.085602 s

maxsize : 21
nodes : 301837292.000000
filtered : 11280164922.000000
time : 1717.393799
