Parameters: GAD=1 vflib=1 dir=0 label=0 lowerbound=1 fileNameGp=../graphsdb/mcs30/bvg/b06m/mcs30_b06m_s25.A16 fileNameGt=../graphsdb/mcs30/bvg/b06m/mcs30_b06m_s25.B16
Reading graphs...
25 :  70
25 :  67
Initializing...
maxdom : 25
D->valSize : 625
Solving...
Blb : 2 (clique : 11)
currentSize : 11 <-- 0.008635 s
currentSize : 12 <-- 0.008779 s
currentSize : 13 <-- 0.009313 s
currentSize : 14 <-- 0.024301 s
currentSize : 15 <-- 0.183771 s

maxsize : 15
nodes : 3984854.000000
filtered : 82858086.000000
time : 14.798854
