Parameters: GAD=1 vflib=1 dir=0 label=0 lowerbound=1 fileNameGp=../graphsdb/mcs30/bvg/b06/mcs30_b06_s35.A70 fileNameGt=../graphsdb/mcs30/bvg/b06/mcs30_b06_s35.B70
Reading graphs...
35 :  102
35 :  104
Initializing...
maxdom : 35
D->valSize : 1225
Solving...
Blb : 2 (clique : 16)
currentSize : 16 <-- 0.019940 s
currentSize : 17 <-- 0.020091 s
currentSize : 18 <-- 0.020215 s
currentSize : 19 <-- 0.021766 s
currentSize : 20 <-- 0.350159 s
currentSize : 21 <-- 86.794098 s
currentSize : 22 <-- 2175.941895 s

TIMEOUT
maxsize : 22
nodes : 581622618.000000
filtered : 27057741339.000000
time : 3600.000000
