Parameters: GAD=1 vflib=1 dir=0 label=0 lowerbound=1 fileNameGp=../graphsdb/mcs30/bvg/b03m/mcs30_b03m_s30.A24 fileNameGt=../graphsdb/mcs30/bvg/b03m/mcs30_b03m_s30.B24
Reading graphs...
30 :  45
30 :  45
Initializing...
maxdom : 30
D->valSize : 900
Solving...
Blb : 5 (clique : 18)
currentSize : 18 <-- 0.011453 s
currentSize : 19 <-- 0.023323 s
currentSize : 20 <-- 0.065677 s
currentSize : 21 <-- 0.067921 s
currentSize : 22 <-- 0.091464 s
currentSize : 23 <-- 17.157745 s

maxsize : 23
nodes : 10728913.000000
filtered : 481419605.000000
time : 66.983299
