Parameters: GAD=1 vflib=1 dir=0 label=0 lowerbound=1 fileNameGp=../graphsdb/mcs30/rand/r01/mcs30_r01_s30.A15 fileNameGt=../graphsdb/mcs30/rand/r01/mcs30_r01_s30.B15
Reading graphs...
30 :  85
30 :  87
Initializing...
maxdom : 30
D->valSize : 900
Solving...
Blb : 5 (clique : 14)
currentSize : 14 <-- 0.010504 s
currentSize : 15 <-- 0.010617 s
currentSize : 16 <-- 0.013570 s
currentSize : 17 <-- 0.585939 s
currentSize : 18 <-- 13.776354 s
currentSize : 19 <-- 39.021423 s

maxsize : 19
nodes : 23711312.000000
filtered : 568367065.000000
time : 105.461929
