Parameters: GAD=1 vflib=1 dir=0 label=0 lowerbound=1 fileNameGp=../graphsdb/mcs30/rand/r01/mcs30_r01_s25.A80 fileNameGt=../graphsdb/mcs30/rand/r01/mcs30_r01_s25.B80
Reading graphs...
25 :  62
25 :  62
Initializing...
maxdom : 25
D->valSize : 625
Solving...
Blb : 2 (clique : 12)
currentSize : 12 <-- 0.008826 s
currentSize : 13 <-- 0.008945 s
currentSize : 14 <-- 0.010507 s
currentSize : 15 <-- 0.014084 s
currentSize : 16 <-- 0.989918 s

maxsize : 16
nodes : 2159278.000000
filtered : 51836100.000000
time : 8.659476
