Parameters: GAD=1 vflib=1 dir=0 label=0 lowerbound=1 fileNameGp=../graphsdb/mcs30/bvg/b03/mcs30_b03_s30.A72 fileNameGt=../graphsdb/mcs30/bvg/b03/mcs30_b03_s30.B72
Reading graphs...
30 :  44
30 :  45
Initializing...
maxdom : 30
D->valSize : 900
Solving...
Blb : 2 (clique : 18)
currentSize : 18 <-- 0.011584 s
currentSize : 19 <-- 0.012424 s
currentSize : 20 <-- 0.156292 s
currentSize : 21 <-- 0.224220 s
currentSize : 22 <-- 0.292044 s
currentSize : 23 <-- 101.180763 s

maxsize : 23
nodes : 25015351.000000
filtered : 931036004.000000
time : 138.620972
