Parameters: GAD=1 vflib=1 dir=0 label=0 lowerbound=1 fileNameGp=../graphsdb/mcs30/bvg/b03/mcs30_b03_s35.A70 fileNameGt=../graphsdb/mcs30/bvg/b03/mcs30_b03_s35.B70
Reading graphs...
35 :  52
35 :  51
Initializing...
maxdom : 35
D->valSize : 1225
Solving...
Blb : 5 (clique : 22)
currentSize : 22 <-- 0.036662 s
currentSize : 23 <-- 0.037047 s
currentSize : 24 <-- 0.046876 s
currentSize : 25 <-- 0.074498 s
currentSize : 26 <-- 1.299297 s
currentSize : 27 <-- 82.507545 s
currentSize : 28 <-- 87.968529 s

maxsize : 28
nodes : 23517807.000000
filtered : 1391667953.000000
time : 198.049347
