Parameters: GAD=1 vflib=1 dir=0 label=0 lowerbound=1 fileNameGp=../graphsdb/mcs30/bvg/b06m/mcs30_b06m_s30.A88 fileNameGt=../graphsdb/mcs30/bvg/b06m/mcs30_b06m_s30.B88
Reading graphs...
30 :  85
30 :  88
Initializing...
maxdom : 30
D->valSize : 900
Solving...
Blb : 2 (clique : 15)
currentSize : 15 <-- 0.010618 s
currentSize : 16 <-- 0.012250 s
currentSize : 17 <-- 0.018057 s
currentSize : 18 <-- 0.633698 s
currentSize : 19 <-- 73.572281 s

maxsize : 19
nodes : 24694111.000000
filtered : 767919684.000000
time : 122.688545
