Parameters: GAD=1 vflib=1 dir=0 label=0 lowerbound=1 fileNameGp=../graphsdb/mcs30/bvg/b06m/mcs30_b06m_s25.A86 fileNameGt=../graphsdb/mcs30/bvg/b06m/mcs30_b06m_s25.B86
Reading graphs...
25 :  70
25 :  68
Initializing...
maxdom : 25
D->valSize : 625
Solving...
Blb : 2 (clique : 11)
currentSize : 11 <-- 0.008571 s
currentSize : 12 <-- 0.008681 s
currentSize : 13 <-- 0.009094 s
currentSize : 14 <-- 0.009396 s
currentSize : 15 <-- 0.321831 s
currentSize : 16 <-- 0.648276 s

maxsize : 16
nodes : 1265325.000000
filtered : 32511263.000000
time : 5.312963
