Parameters: GAD=1 vflib=1 dir=0 label=0 lowerbound=1 fileNameGp=../graphsdb/mcs30/rand/r005/mcs30_r005_s35.A39 fileNameGt=../graphsdb/mcs30/rand/r005/mcs30_r005_s35.B39
Reading graphs...
35 :  63
35 :  63
Initializing...
maxdom : 35
D->valSize : 1225
Solving...
Blb : 2 (clique : 19)
currentSize : 19 <-- 0.020897 s
currentSize : 20 <-- 0.021958 s
currentSize : 21 <-- 0.022664 s
currentSize : 22 <-- 0.025839 s
currentSize : 23 <-- 0.068966 s
currentSize : 24 <-- 1.561469 s
currentSize : 25 <-- 6.266633 s
currentSize : 26 <-- 112.680183 s

maxsize : 26
nodes : 95360289.000000
filtered : 4913276507.000000
time : 732.915771
