Parameters: GAD=1 vflib=1 dir=0 label=0 lowerbound=1 fileNameGp=../graphsdb/mcs30/bvg/b03m/mcs30_b03m_s25.A92 fileNameGt=../graphsdb/mcs30/bvg/b03m/mcs30_b03m_s25.B92
Reading graphs...
25 :  37
25 :  36
Initializing...
maxdom : 25
D->valSize : 625
Solving...
Blb : 2 (clique : 15)
currentSize : 15 <-- 0.005838 s
currentSize : 16 <-- 0.006447 s
currentSize : 17 <-- 0.015337 s
currentSize : 18 <-- 0.036608 s
currentSize : 19 <-- 5.598927 s

maxsize : 19
nodes : 2186529.000000
filtered : 68150290.000000
time : 9.724477
