Parameters: GAD=1 vflib=1 dir=0 label=0 lowerbound=1 fileNameGp=../graphsdb/mcs30/bvg/b06/mcs30_b06_s25.A73 fileNameGt=../graphsdb/mcs30/bvg/b06/mcs30_b06_s25.B73
Reading graphs...
25 :  71
25 :  72
Initializing...
maxdom : 25
D->valSize : 625
Solving...
Blb : 3 (clique : 11)
currentSize : 11 <-- 0.008565 s
currentSize : 12 <-- 0.008681 s
currentSize : 13 <-- 0.009205 s
currentSize : 14 <-- 0.033627 s
currentSize : 15 <-- 0.040013 s
currentSize : 16 <-- 0.572335 s

maxsize : 16
nodes : 881157.000000
filtered : 23275148.000000
time : 3.763846
