Parameters: GAD=1 vflib=1 dir=0 label=0 lowerbound=1 fileNameGp=../graphsdb/mcs30/rand/r02/mcs30_r02_s25.A45 fileNameGt=../graphsdb/mcs30/rand/r02/mcs30_r02_s25.B45
Reading graphs...
25 :  103
25 :  104
Initializing...
maxdom : 25
D->valSize : 625
Solving...
Blb : 5 (clique : 10)
currentSize : 10 <-- 0.004968 s
currentSize : 11 <-- 0.005101 s
currentSize : 12 <-- 0.005694 s
currentSize : 13 <-- 0.011424 s
currentSize : 14 <-- 9.605409 s

maxsize : 14
nodes : 3664194.000000
filtered : 56561289.000000
time : 12.295953
