Parameters: GAD=1 vflib=1 dir=0 label=0 lowerbound=1 fileNameGp=../graphsdb/mcs30/m2D/m2Dr6/mcs30_m2Dr6_s30.A67 fileNameGt=../graphsdb/mcs30/m2D/m2Dr6/mcs30_m2Dr6_s30.B67
Reading graphs...
30 :  65
30 :  63
Initializing...
maxdom : 30
D->valSize : 900
Solving...
Blb : 2 (clique : 16)
currentSize : 16 <-- 0.011101 s
currentSize : 17 <-- 0.011664 s
currentSize : 18 <-- 0.027662 s
currentSize : 19 <-- 0.144733 s
currentSize : 20 <-- 4.941761 s

maxsize : 20
nodes : 69240258.000000
filtered : 2248339688.000000
time : 357.509613
