Parameters: GAD=1 vflib=1 dir=0 label=0 lowerbound=1 fileNameGp=../graphsdb/mcs30/bvg/b03/mcs30_b03_s30.A65 fileNameGt=../graphsdb/mcs30/bvg/b03/mcs30_b03_s30.B65
Reading graphs...
30 :  45
30 :  44
Initializing...
maxdom : 30
D->valSize : 900
Solving...
Blb : 2 (clique : 18)
currentSize : 18 <-- 0.012102 s
currentSize : 19 <-- 0.012262 s
currentSize : 20 <-- 0.057220 s
currentSize : 21 <-- 0.070088 s
currentSize : 22 <-- 0.899709 s
currentSize : 23 <-- 3.349826 s

maxsize : 23
nodes : 6851479.000000
filtered : 285673775.000000
time : 41.997852
