Parameters: GAD=1 vflib=1 dir=0 label=0 lowerbound=1 fileNameGp=../graphsdb/mcs30/bvg/b03m/mcs30_b03m_s35.A38 fileNameGt=../graphsdb/mcs30/bvg/b03m/mcs30_b03m_s35.B38
Reading graphs...
35 :  52
35 :  51
Initializing...
maxdom : 35
D->valSize : 1225
Solving...
Blb : 2 (clique : 22)
currentSize : 22 <-- 0.022081 s
currentSize : 24 <-- 0.022270 s
currentSize : 25 <-- 0.026200 s
currentSize : 26 <-- 108.239830 s
currentSize : 27 <-- 608.685852 s

maxsize : 27
nodes : 187368420.000000
filtered : 8655466193.000000
time : 1309.357910
