Parameters: GAD=1 vflib=1 dir=0 label=0 lowerbound=1 fileNameGp=../graphsdb/mcs30/m3D/m3D/mcs30_m3D_s30.A77 fileNameGt=../graphsdb/mcs30/m3D/m3D/mcs30_m3D_s30.B77
Reading graphs...
30 :  61
30 :  60
Initializing...
maxdom : 30
D->valSize : 900
Solving...
Blb : 2 (clique : 16)
currentSize : 16 <-- 0.019230 s
currentSize : 17 <-- 0.019721 s
currentSize : 18 <-- 0.019824 s
currentSize : 19 <-- 0.020382 s
currentSize : 20 <-- 0.112469 s
currentSize : 21 <-- 20.569511 s

maxsize : 21
nodes : 17822813.000000
filtered : 580311028.000000
time : 91.139839
