Parameters: GAD=1 vflib=1 dir=0 label=0 lowerbound=1 fileNameGp=../graphsdb/mcs30/bvg/b09m/mcs30_b09m_s35.A18 fileNameGt=../graphsdb/mcs30/bvg/b09m/mcs30_b09m_s35.B18
Reading graphs...
35 :  148
35 :  146
Initializing...
maxdom : 35
D->valSize : 1225
Solving...
Blb : 2 (clique : 13)
currentSize : 13 <-- 0.018918 s
currentSize : 14 <-- 0.019066 s
currentSize : 15 <-- 0.020057 s
currentSize : 16 <-- 0.116007 s
currentSize : 17 <-- 1.004710 s
currentSize : 18 <-- 8.392262 s
currentSize : 19 <-- 74.107231 s

maxsize : 19
nodes : 305226826.000000
filtered : 8867567697.000000
time : 1504.992554
