Parameters: GAD=1 vflib=1 dir=0 label=0 lowerbound=1 fileNameGp=../graphsdb/mcs30/bvg/b09/mcs30_b09_s35.A48 fileNameGt=../graphsdb/mcs30/bvg/b09/mcs30_b09_s35.B48
Reading graphs...
35 :  148
35 :  147
Initializing...
maxdom : 35
D->valSize : 1225
Solving...
Blb : 2 (clique : 14)
currentSize : 14 <-- 0.018358 s
currentSize : 15 <-- 0.020016 s
currentSize : 16 <-- 0.022808 s
currentSize : 17 <-- 0.024121 s
currentSize : 18 <-- 0.116703 s
currentSize : 19 <-- 3.251776 s
currentSize : 20 <-- 97.452438 s

maxsize : 20
nodes : 152982095.000000
filtered : 4188096840.000000
time : 748.219543
