Parameters: GAD=1 vflib=1 dir=0 label=0 lowerbound=1 fileNameGp=../graphsdb/mcs30/m3D/m3Dr4/mcs30_m3Dr4_s30.A16 fileNameGt=../graphsdb/mcs30/m3D/m3Dr4/mcs30_m3Dr4_s30.B16
Reading graphs...
30 :  72
30 :  68
Initializing...
maxdom : 30
D->valSize : 900
Solving...
Blb : 2 (clique : 14)
currentSize : 14 <-- 0.010770 s
currentSize : 15 <-- 0.010900 s
currentSize : 16 <-- 0.010936 s
currentSize : 17 <-- 0.011048 s
currentSize : 18 <-- 0.019898 s
currentSize : 19 <-- 0.353602 s
currentSize : 20 <-- 28.328039 s

maxsize : 20
nodes : 28567616.000000
filtered : 1018535476.000000
time : 150.970612
