Parameters: GAD=1 vflib=1 dir=0 label=0 lowerbound=1 fileNameGp=../graphsdb/mcs30/bvg/b09/mcs30_b09_s35.A91 fileNameGt=../graphsdb/mcs30/bvg/b09/mcs30_b09_s35.B91
Reading graphs...
35 :  152
35 :  146
Initializing...
maxdom : 35
D->valSize : 1225
Solving...
Blb : 2 (clique : 14)
currentSize : 14 <-- 0.032156 s
currentSize : 15 <-- 0.052985 s
currentSize : 16 <-- 0.162203 s
currentSize : 17 <-- 0.707489 s
currentSize : 18 <-- 1.006000 s
currentSize : 19 <-- 7.993492 s
currentSize : 20 <-- 290.560486 s

maxsize : 20
nodes : 145008014.000000
filtered : 4242438409.000000
time : 724.091980
