Parameters: GAD=1 vflib=1 dir=0 label=0 lowerbound=1 fileNameGp=../graphsdb/mcs30/rand/r02/mcs30_r02_s35.A02 fileNameGt=../graphsdb/mcs30/rand/r02/mcs30_r02_s35.B02
Reading graphs...
35 :  207
35 :  214
Initializing...
maxdom : 35
D->valSize : 1225
Solving...
Blb : 2 (clique : 11)
currentSize : 11 <-- 0.017400 s
currentSize : 12 <-- 0.017527 s
currentSize : 13 <-- 0.017580 s
currentSize : 14 <-- 0.032836 s
currentSize : 15 <-- 2.992022 s
currentSize : 16 <-- 75.618195 s

maxsize : 16
nodes : 765986585.000000
filtered : 13029301362.000000
time : 3126.528320
