Parameters: GAD=1 vflib=1 dir=0 label=0 lowerbound=1 fileNameGp=../graphsdb/mcs30/bvg/b09/mcs30_b09_s35.A68 fileNameGt=../graphsdb/mcs30/bvg/b09/mcs30_b09_s35.B68
Reading graphs...
35 :  153
35 :  152
Initializing...
maxdom : 35
D->valSize : 1225
Solving...
Blb : 5 (clique : 13)
currentSize : 13 <-- 0.018290 s
currentSize : 14 <-- 0.018547 s
currentSize : 15 <-- 0.018754 s
currentSize : 16 <-- 0.018793 s
currentSize : 17 <-- 0.075848 s
currentSize : 18 <-- 0.698536 s
currentSize : 19 <-- 7.061618 s
currentSize : 20 <-- 157.831329 s

maxsize : 20
nodes : 138633111.000000
filtered : 4802130916.000000
time : 758.561279
