Parameters: GAD=1 vflib=1 dir=0 label=0 lowerbound=1 fileNameGp=../graphsdb/mcs30/m2D/m2Dr6/mcs30_m2Dr6_s30.A90 fileNameGt=../graphsdb/mcs30/m2D/m2Dr6/mcs30_m2Dr6_s30.B90
Reading graphs...
30 :  66
30 :  64
Initializing...
maxdom : 30
D->valSize : 900
Solving...
Blb : 2 (clique : 16)
currentSize : 16 <-- 0.011032 s
currentSize : 17 <-- 0.011192 s
currentSize : 18 <-- 0.016411 s
currentSize : 19 <-- 0.022347 s
currentSize : 20 <-- 15.065722 s

maxsize : 20
nodes : 36204984.000000
filtered : 1082298994.000000
time : 177.797119
