Parameters: GAD=1 vflib=1 dir=0 label=0 lowerbound=1 fileNameGp=../graphsdb/mcs30/bvg/b03/mcs30_b03_s35.A77 fileNameGt=../graphsdb/mcs30/bvg/b03/mcs30_b03_s35.B77
Reading graphs...
35 :  52
35 :  52
Initializing...
maxdom : 35
D->valSize : 1225
Solving...
Blb : 2 (clique : 20)
currentSize : 20 <-- 0.022294 s
currentSize : 22 <-- 0.022463 s
currentSize : 23 <-- 0.022550 s
currentSize : 24 <-- 0.026100 s
currentSize : 25 <-- 0.102543 s
currentSize : 26 <-- 0.185864 s
currentSize : 27 <-- 140.202652 s

maxsize : 27
nodes : 102627812.000000
filtered : 5899240294.000000
time : 836.120605
