Parameters: GAD=1 vflib=1 dir=0 label=0 lowerbound=1 fileNameGp=../graphsdb/mcs30/bvg/b03m/mcs30_b03m_s25.A30 fileNameGt=../graphsdb/mcs30/bvg/b03m/mcs30_b03m_s25.B30
Reading graphs...
25 :  37
25 :  37
Initializing...
maxdom : 25
D->valSize : 625
Solving...
Blb : 2 (clique : 15)
currentSize : 15 <-- 0.005476 s
currentSize : 16 <-- 0.005579 s
currentSize : 17 <-- 0.091223 s
currentSize : 18 <-- 0.129158 s
currentSize : 19 <-- 0.815705 s

maxsize : 19
nodes : 627782.000000
filtered : 17967518.000000
time : 2.813819
