Parameters: GAD=1 vflib=1 dir=0 label=0 lowerbound=1 fileNameGp=../graphsdb/mcs30/bvg/b06m/mcs30_b06m_s30.A51 fileNameGt=../graphsdb/mcs30/bvg/b06m/mcs30_b06m_s30.B51
Reading graphs...
30 :  85
30 :  83
Initializing...
maxdom : 30
D->valSize : 900
Solving...
Blb : 3 (clique : 14)
currentSize : 14 <-- 0.010709 s
currentSize : 15 <-- 0.010934 s
currentSize : 16 <-- 0.012651 s
currentSize : 17 <-- 0.049373 s
currentSize : 18 <-- 0.145803 s
currentSize : 19 <-- 42.315685 s

maxsize : 19
nodes : 24980101.000000
filtered : 709885062.000000
time : 116.219185
