Parameters: GAD=1 vflib=1 dir=0 label=0 lowerbound=1 fileNameGp=../graphsdb/mcs30/bvg/b03m/mcs30_b03m_s20.A24 fileNameGt=../graphsdb/mcs30/bvg/b03m/mcs30_b03m_s20.B24
Reading graphs...
20 :  30
20 :  30
Initializing...
maxdom : 20
D->valSize : 400
Solving...
Blb : 2 (clique : 11)
currentSize : 11 <-- 0.003952 s
currentSize : 12 <-- 0.004049 s
currentSize : 13 <-- 0.006126 s
currentSize : 14 <-- 0.026190 s
currentSize : 15 <-- 0.153849 s

maxsize : 15
nodes : 102168.000000
filtered : 2202758.000000
time : 0.405299
