Parameters: GAD=1 vflib=1 dir=0 label=0 lowerbound=1 fileNameGp=../graphsdb/mcs30/bvg/b06/mcs30_b06_s30.A51 fileNameGt=../graphsdb/mcs30/bvg/b06/mcs30_b06_s30.B51
Reading graphs...
30 :  86
30 :  84
Initializing...
maxdom : 30
D->valSize : 900
Solving...
Blb : 2 (clique : 14)
currentSize : 14 <-- 0.010419 s
currentSize : 15 <-- 0.010533 s
currentSize : 16 <-- 0.010779 s
currentSize : 17 <-- 0.024656 s
currentSize : 18 <-- 0.146200 s
currentSize : 19 <-- 18.356472 s
currentSize : 20 <-- 81.244911 s

maxsize : 20
nodes : 17130596.000000
filtered : 646392829.000000
time : 88.830147
