Parameters: GAD=1 vflib=1 dir=0 label=0 lowerbound=1 fileNameGp=../graphsdb/mcs30/bvg/b03/mcs30_b03_s25.A68 fileNameGt=../graphsdb/mcs30/bvg/b03/mcs30_b03_s25.B68
Reading graphs...
25 :  37
25 :  37
Initializing...
maxdom : 25
D->valSize : 625
Solving...
Blb : 2 (clique : 15)
currentSize : 15 <-- 0.009634 s
currentSize : 16 <-- 0.009832 s
currentSize : 17 <-- 0.010004 s
currentSize : 18 <-- 0.010896 s
currentSize : 19 <-- 0.014233 s

maxsize : 19
nodes : 605277.000000
filtered : 20056864.000000
time : 2.939877
