Parameters: GAD=1 vflib=1 dir=0 label=0 lowerbound=1 fileNameGp=../graphsdb/mcs30/bvg/b03/mcs30_b03_s35.A28 fileNameGt=../graphsdb/mcs30/bvg/b03/mcs30_b03_s35.B28
Reading graphs...
35 :  52
35 :  51
Initializing...
maxdom : 35
D->valSize : 1225
Solving...
Blb : 2 (clique : 21)
currentSize : 21 <-- 0.021869 s
currentSize : 22 <-- 0.022363 s
currentSize : 23 <-- 0.022821 s
currentSize : 24 <-- 0.146056 s
currentSize : 25 <-- 0.147774 s
currentSize : 26 <-- 18.847195 s
currentSize : 27 <-- 850.725769 s

maxsize : 27
nodes : 281715483.000000
filtered : 14199492109.000000
time : 2080.124023
