Parameters: GAD=1 vflib=1 dir=0 label=0 lowerbound=1 fileNameGp=../graphsdb/mcs30/m2D/m2Dr4/mcs30_m2Dr4_s30.A18 fileNameGt=../graphsdb/mcs30/m2D/m2Dr4/mcs30_m2Dr4_s30.B18
Reading graphs...
30 :  59
30 :  59
Initializing...
maxdom : 30
D->valSize : 900
Solving...
Blb : 2 (clique : 17)
currentSize : 17 <-- 0.019028 s
currentSize : 18 <-- 0.019722 s
currentSize : 19 <-- 0.021900 s
currentSize : 20 <-- 0.150834 s
currentSize : 21 <-- 1.181503 s

maxsize : 21
nodes : 11935902.000000
filtered : 407585854.000000
time : 63.064854
