Parameters: GAD=1 vflib=1 dir=0 label=0 lowerbound=1 fileNameGp=../graphsdb/mcs30/bvg/b09/mcs30_b09_s35.A33 fileNameGt=../graphsdb/mcs30/bvg/b09/mcs30_b09_s35.B33
Reading graphs...
35 :  154
35 :  156
Initializing...
maxdom : 35
D->valSize : 1225
Solving...
Blb : 2 (clique : 14)
currentSize : 14 <-- 0.018512 s
currentSize : 15 <-- 0.018648 s
currentSize : 16 <-- 0.018667 s
currentSize : 17 <-- 0.018949 s
currentSize : 18 <-- 0.018994 s
currentSize : 19 <-- 0.432781 s
currentSize : 20 <-- 597.011597 s

maxsize : 20
nodes : 169384483.000000
filtered : 5301646914.000000
time : 876.602356
