Parameters: GAD=1 vflib=1 dir=0 label=0 lowerbound=1 fileNameGp=../graphsdb/mcs30/m2D/m2D/mcs30_m2D_s30.A20 fileNameGt=../graphsdb/mcs30/m2D/m2D/mcs30_m2D_s30.B20
Reading graphs...
30 :  49
30 :  49
Initializing...
maxdom : 30
D->valSize : 900
Solving...
Blb : 2 (clique : 19)
currentSize : 19 <-- 0.011527 s
currentSize : 20 <-- 0.015363 s
currentSize : 21 <-- 5.974278 s
currentSize : 22 <-- 6.500503 s
currentSize : 23 <-- 6.566128 s

maxsize : 23
nodes : 21886233.000000
filtered : 1064540659.000000
time : 145.277023
