Parameters: GAD=1 vflib=1 dir=0 label=0 lowerbound=1 fileNameGp=../graphsdb/mcs30/m3D/m3Dr2/mcs30_m3Dr2_s30.A41 fileNameGt=../graphsdb/mcs30/m3D/m3Dr2/mcs30_m3Dr2_s30.B41
Reading graphs...
30 :  66
30 :  63
Initializing...
maxdom : 30
D->valSize : 900
Solving...
Blb : 2 (clique : 15)
currentSize : 15 <-- 0.010877 s
currentSize : 16 <-- 0.011537 s
currentSize : 17 <-- 0.014191 s
currentSize : 18 <-- 0.019389 s
currentSize : 19 <-- 0.414224 s
currentSize : 20 <-- 1.731725 s
currentSize : 21 <-- 95.501373 s

maxsize : 21
nodes : 25758226.000000
filtered : 955060581.000000
time : 139.520126
