Parameters: GAD=1 vflib=1 dir=0 label=0 lowerbound=1 fileNameGp=../graphsdb/mcs30/rand/r01/mcs30_r01_s35.A53 fileNameGt=../graphsdb/mcs30/rand/r01/mcs30_r01_s35.B53
Reading graphs...
35 :  113
35 :  114
Initializing...
maxdom : 35
D->valSize : 1225
Solving...
Blb : 2 (clique : 14)
currentSize : 14 <-- 0.019614 s
currentSize : 16 <-- 0.019754 s
currentSize : 17 <-- 0.019783 s
currentSize : 18 <-- 0.019873 s
currentSize : 19 <-- 0.027431 s
currentSize : 20 <-- 6.425188 s
currentSize : 21 <-- 696.385437 s

maxsize : 21
nodes : 623369428.000000
filtered : 20056015841.000000
time : 3302.424316
