Parameters: GAD=1 vflib=1 dir=0 label=0 lowerbound=1 fileNameGp=../graphsdb/mcs30/bvg/b06m/mcs30_b06m_s30.A97 fileNameGt=../graphsdb/mcs30/bvg/b06m/mcs30_b06m_s30.B97
Reading graphs...
30 :  86
30 :  86
Initializing...
maxdom : 30
D->valSize : 900
Solving...
Blb : 3 (clique : 15)
currentSize : 15 <-- 0.010439 s
currentSize : 16 <-- 0.024013 s
currentSize : 17 <-- 0.285788 s
currentSize : 18 <-- 1.263265 s
currentSize : 19 <-- 1.433268 s

maxsize : 19
nodes : 14711112.000000
filtered : 458513137.000000
time : 72.490738
