Parameters: GAD=1 vflib=1 dir=0 label=0 lowerbound=1 fileNameGp=../graphsdb/mcs30/rand/r005/mcs30_r005_s30.A13 fileNameGt=../graphsdb/mcs30/rand/r005/mcs30_r005_s30.B13
Reading graphs...
30 :  46
30 :  47
Initializing...
maxdom : 30
D->valSize : 900
Solving...
Blb : 2 (clique : 17)
currentSize : 17 <-- 0.019702 s
currentSize : 18 <-- 0.019892 s
currentSize : 19 <-- 0.020064 s
currentSize : 20 <-- 0.022250 s
currentSize : 21 <-- 0.076701 s
currentSize : 22 <-- 0.753462 s
currentSize : 23 <-- 75.219643 s

maxsize : 23
nodes : 17046451.000000
filtered : 702058591.000000
time : 100.546379
