Parameters: GAD=1 vflib=1 dir=0 label=0 lowerbound=1 fileNameGp=../graphsdb/mcs30/m3D/m3Dr6/mcs30_m3Dr6_s25.A50 fileNameGt=../graphsdb/mcs30/m3D/m3Dr6/mcs30_m3Dr6_s25.B50
Reading graphs...
25 :  60
25 :  60
Initializing...
maxdom : 25
D->valSize : 625
Solving...
Blb : 2 (clique : 12)
currentSize : 12 <-- 0.005233 s
currentSize : 13 <-- 0.005464 s
currentSize : 14 <-- 0.005786 s
currentSize : 15 <-- 0.012156 s
currentSize : 16 <-- 0.457301 s

maxsize : 16
nodes : 3295597.000000
filtered : 68184462.000000
time : 12.709335
