Parameters: GAD=1 vflib=1 dir=0 label=0 lowerbound=1 fileNameGp=../graphsdb/mcs30/m2D/m2Dr4/mcs30_m2Dr4_s30.A21 fileNameGt=../graphsdb/mcs30/m2D/m2Dr4/mcs30_m2Dr4_s30.B21
Reading graphs...
30 :  57
30 :  58
Initializing...
maxdom : 30
D->valSize : 900
Solving...
Blb : 2 (clique : 16)
currentSize : 16 <-- 0.011115 s
currentSize : 17 <-- 0.011232 s
currentSize : 18 <-- 0.015098 s
currentSize : 19 <-- 0.095324 s
currentSize : 20 <-- 3.324702 s
currentSize : 21 <-- 6.244936 s

maxsize : 21
nodes : 16283095.000000
filtered : 599753223.000000
time : 89.127411
