Parameters: GAD=1 vflib=1 dir=0 label=0 lowerbound=1 fileNameGp=../graphsdb/mcs30/bvg/b09/mcs30_b09_s35.A76 fileNameGt=../graphsdb/mcs30/bvg/b09/mcs30_b09_s35.B76
Reading graphs...
35 :  147
35 :  150
Initializing...
maxdom : 35
D->valSize : 1225
Solving...
Blb : 3 (clique : 14)
currentSize : 14 <-- 0.018362 s
currentSize : 15 <-- 0.019358 s
currentSize : 16 <-- 0.081598 s
currentSize : 17 <-- 0.314199 s
currentSize : 18 <-- 1.002283 s
currentSize : 19 <-- 8.840851 s
currentSize : 20 <-- 244.016037 s

maxsize : 20
nodes : 222809863.000000
filtered : 7322612016.000000
time : 1185.325195
