Parameters: GAD=1 vflib=1 dir=0 label=0 lowerbound=1 fileNameGp=../graphsdb/mcs30/bvg/b06m/mcs30_b06m_s35.A72 fileNameGt=../graphsdb/mcs30/bvg/b06m/mcs30_b06m_s35.B72
Reading graphs...
35 :  97
35 :  98
Initializing...
maxdom : 35
D->valSize : 1225
Solving...
Blb : 5 (clique : 16)
currentSize : 16 <-- 0.019842 s
currentSize : 17 <-- 0.020130 s
currentSize : 18 <-- 0.022241 s
currentSize : 19 <-- 0.042988 s
currentSize : 20 <-- 0.962506 s
currentSize : 21 <-- 224.095505 s
currentSize : 22 <-- 1680.220703 s

maxsize : 22
nodes : 373497544.000000
filtered : 12935283516.000000
time : 2024.799805
