Parameters: GAD=1 vflib=1 dir=0 label=0 lowerbound=1 fileNameGp=../graphsdb/mcs30/rand/r02/mcs30_r02_s20.A61 fileNameGt=../graphsdb/mcs30/rand/r02/mcs30_r02_s20.B61
Reading graphs...
20 :  67
20 :  69
Initializing...
maxdom : 20
D->valSize : 400
Solving...
Blb : 2 (clique : 8)
currentSize : 8 <-- 0.003537 s
currentSize : 9 <-- 0.003673 s
currentSize : 10 <-- 0.004801 s
currentSize : 11 <-- 0.019454 s
currentSize : 12 <-- 1.233401 s

maxsize : 12
nodes : 620317.000000
filtered : 6176598.000000
time : 1.679940
