Parameters: GAD=1 vflib=1 dir=0 label=0 lowerbound=1 fileNameGp=../graphsdb/mcs30/m2D/m2Dr6/mcs30_m2Dr6_s30.A10 fileNameGt=../graphsdb/mcs30/m2D/m2Dr6/mcs30_m2Dr6_s30.B10
Reading graphs...
30 :  65
30 :  64
Initializing...
maxdom : 30
D->valSize : 900
Solving...
Blb : 2 (clique : 16)
currentSize : 16 <-- 0.010932 s
currentSize : 17 <-- 0.015849 s
currentSize : 18 <-- 0.019797 s
currentSize : 19 <-- 0.041472 s
currentSize : 20 <-- 1.037285 s

maxsize : 20
nodes : 32233182.000000
filtered : 1045340578.000000
time : 165.138672
