Parameters: GAD=1 vflib=1 dir=0 label=0 lowerbound=1 fileNameGp=../graphsdb/mcs30/bvg/b09/mcs30_b09_s35.A86 fileNameGt=../graphsdb/mcs30/bvg/b09/mcs30_b09_s35.B86
Reading graphs...
35 :  153
35 :  152
Initializing...
maxdom : 35
D->valSize : 1225
Solving...
Blb : 2 (clique : 14)
currentSize : 14 <-- 0.032122 s
currentSize : 15 <-- 0.033531 s
currentSize : 16 <-- 0.033711 s
currentSize : 17 <-- 5.250905 s
currentSize : 18 <-- 5.622946 s
currentSize : 19 <-- 5.654271 s
currentSize : 20 <-- 255.257217 s

maxsize : 20
nodes : 116210179.000000
filtered : 4147628480.000000
time : 640.899963
