Parameters: GAD=1 vflib=1 dir=0 label=0 lowerbound=1 fileNameGp=../graphsdb/mcs30/m2D/m2Dr4/mcs30_m2Dr4_s30.A28 fileNameGt=../graphsdb/mcs30/m2D/m2Dr4/mcs30_m2Dr4_s30.B28
Reading graphs...
30 :  59
30 :  59
Initializing...
maxdom : 30
D->valSize : 900
Solving...
Blb : 2 (clique : 15)
currentSize : 15 <-- 0.011177 s
currentSize : 16 <-- 0.011327 s
currentSize : 17 <-- 0.012756 s
currentSize : 18 <-- 0.029658 s
currentSize : 19 <-- 0.072786 s
currentSize : 20 <-- 1.949594 s
currentSize : 21 <-- 19.562170 s

maxsize : 21
nodes : 17744725.000000
filtered : 563167563.000000
time : 90.803307
