Parameters: GAD=1 vflib=1 dir=0 label=0 lowerbound=1 fileNameGp=../graphsdb/mcs30/bvg/b03m/mcs30_b03m_s25.A50 fileNameGt=../graphsdb/mcs30/bvg/b03m/mcs30_b03m_s25.B50
Reading graphs...
25 :  37
25 :  37
Initializing...
maxdom : 25
D->valSize : 625
Solving...
Blb : 5 (clique : 15)
currentSize : 15 <-- 0.009575 s
currentSize : 16 <-- 0.010589 s
currentSize : 17 <-- 0.016346 s
currentSize : 18 <-- 0.024471 s
currentSize : 19 <-- 0.025311 s
currentSize : 20 <-- 0.510457 s

maxsize : 20
nodes : 134172.000000
filtered : 4174401.000000
time : 0.764321
