Parameters: GAD=1 vflib=1 dir=0 label=0 lowerbound=1 fileNameGp=../graphsdb/mcs30/bvg/b06m/mcs30_b06m_s35.A96 fileNameGt=../graphsdb/mcs30/bvg/b06m/mcs30_b06m_s35.B96
Reading graphs...
35 :  100
35 :  101
Initializing...
maxdom : 35
D->valSize : 1225
Solving...
Blb : 2 (clique : 16)
currentSize : 16 <-- 0.034369 s
currentSize : 17 <-- 0.035083 s
currentSize : 18 <-- 0.035268 s
currentSize : 19 <-- 0.092507 s
currentSize : 20 <-- 0.220601 s
currentSize : 21 <-- 81.602905 s

TIMEOUT
maxsize : 21
nodes : 635753102.000000
filtered : 22751280785.000000
time : 3600.000000
