Parameters: GAD=1 vflib=1 dir=0 label=0 lowerbound=1 fileNameGp=../graphsdb/mcs30/bvg/b09/mcs30_b09_s35.A70 fileNameGt=../graphsdb/mcs30/bvg/b09/mcs30_b09_s35.B70
Reading graphs...
35 :  154
35 :  152
Initializing...
maxdom : 35
D->valSize : 1225
Solving...
Blb : 2 (clique : 15)
currentSize : 15 <-- 0.023147 s
currentSize : 16 <-- 0.062657 s
currentSize : 17 <-- 0.166973 s
currentSize : 18 <-- 2.198905 s
currentSize : 19 <-- 55.209328 s
currentSize : 20 <-- 972.490906 s

maxsize : 20
nodes : 245554258.000000
filtered : 7426411697.000000
time : 1240.064941
