Parameters: GAD=1 vflib=1 dir=0 label=0 lowerbound=1 fileNameGp=../graphsdb/mcs30/m2D/m2Dr2/mcs30_m2Dr2_s30.A44 fileNameGt=../graphsdb/mcs30/m2D/m2Dr2/mcs30_m2Dr2_s30.B44
Reading graphs...
30 :  52
30 :  53
Initializing...
maxdom : 30
D->valSize : 900
Solving...
Blb : 2 (clique : 17)
currentSize : 17 <-- 0.019367 s
currentSize : 18 <-- 0.019609 s
currentSize : 19 <-- 0.020208 s
currentSize : 20 <-- 0.034050 s
currentSize : 21 <-- 1.843112 s
currentSize : 22 <-- 316.485992 s

maxsize : 22
nodes : 82150694.000000
filtered : 2860294839.000000
time : 440.625671
