Parameters: GAD=1 vflib=1 dir=0 label=0 lowerbound=1 fileNameGp=../graphsdb/mcs30/bvg/b06/mcs30_b06_s35.A37 fileNameGt=../graphsdb/mcs30/bvg/b06/mcs30_b06_s35.B37
Reading graphs...
35 :  101
35 :  103
Initializing...
maxdom : 35
D->valSize : 1225
Solving...
Blb : 2 (clique : 17)
currentSize : 17 <-- 0.019652 s
currentSize : 18 <-- 0.019864 s
currentSize : 19 <-- 0.019924 s
currentSize : 20 <-- 0.048434 s
currentSize : 21 <-- 9.482395 s
currentSize : 22 <-- 1671.972168 s

maxsize : 22
nodes : 536128231.000000
filtered : 23498182515.000000
time : 3266.754639
