Parameters: GAD=1 vflib=1 dir=0 label=0 lowerbound=1 fileNameGp=../graphsdb/mcs30/m3D/m3Dr4/mcs30_m3Dr4_s30.A45 fileNameGt=../graphsdb/mcs30/m3D/m3Dr4/mcs30_m3Dr4_s30.B45
Reading graphs...
30 :  72
30 :  71
Initializing...
maxdom : 30
D->valSize : 900
Solving...
Blb : 2 (clique : 15)
currentSize : 15 <-- 0.011100 s
currentSize : 17 <-- 0.011223 s
currentSize : 18 <-- 0.011309 s
currentSize : 19 <-- 0.041385 s
currentSize : 20 <-- 6.063210 s

maxsize : 20
nodes : 15804127.000000
filtered : 539927991.000000
time : 82.427681
