Parameters: GAD=1 vflib=1 dir=0 label=0 lowerbound=1 fileNameGp=../graphsdb/mcs30/m3D/m3Dr4/mcs30_m3Dr4_s30.A84 fileNameGt=../graphsdb/mcs30/m3D/m3Dr4/mcs30_m3Dr4_s30.B84
Reading graphs...
30 :  70
30 :  72
Initializing...
maxdom : 30
D->valSize : 900
Solving...
Blb : 2 (clique : 14)
currentSize : 14 <-- 0.010765 s
currentSize : 17 <-- 0.010881 s
currentSize : 18 <-- 0.011713 s
currentSize : 19 <-- 2.806862 s
currentSize : 20 <-- 72.219330 s

maxsize : 20
nodes : 37668853.000000
filtered : 1238372857.000000
time : 197.022644
