Parameters: GAD=1 vflib=1 dir=0 label=0 lowerbound=1 fileNameGp=../graphsdb/mcs30/bvg/b06m/mcs30_b06m_s25.A21 fileNameGt=../graphsdb/mcs30/bvg/b06m/mcs30_b06m_s25.B21
Reading graphs...
25 :  68
25 :  68
Initializing...
maxdom : 25
D->valSize : 625
Solving...
Blb : 2 (clique : 12)
currentSize : 12 <-- 0.005044 s
currentSize : 13 <-- 0.007710 s
currentSize : 14 <-- 0.017618 s
currentSize : 15 <-- 0.021823 s
currentSize : 16 <-- 0.232797 s

maxsize : 16
nodes : 1237164.000000
filtered : 28823285.000000
time : 5.050894
