Parameters: GAD=1 vflib=1 dir=0 label=0 lowerbound=1 fileNameGp=../graphsdb/mcs30/bvg/b03m/mcs30_b03m_s25.A48 fileNameGt=../graphsdb/mcs30/bvg/b03m/mcs30_b03m_s25.B48
Reading graphs...
25 :  37
25 :  37
Initializing...
maxdom : 25
D->valSize : 625
Solving...
Blb : 2 (clique : 16)
currentSize : 16 <-- 0.005546 s
currentSize : 17 <-- 0.005638 s
currentSize : 18 <-- 0.006515 s
currentSize : 19 <-- 0.011414 s
currentSize : 20 <-- 0.033066 s

maxsize : 20
nodes : 133681.000000
filtered : 5369269.000000
time : 0.779042
