Parameters: GAD=1 vflib=1 dir=0 label=0 lowerbound=1 fileNameGp=../graphsdb/mcs30/m3D/m3D/mcs30_m3D_s30.A23 fileNameGt=../graphsdb/mcs30/m3D/m3D/mcs30_m3D_s30.B23
Reading graphs...
30 :  61
30 :  60
Initializing...
maxdom : 30
D->valSize : 900
Solving...
Blb : 2 (clique : 15)
currentSize : 15 <-- 0.010956 s
currentSize : 16 <-- 0.011246 s
currentSize : 17 <-- 0.011482 s
currentSize : 18 <-- 0.029007 s
currentSize : 19 <-- 0.039061 s
currentSize : 20 <-- 0.475212 s
currentSize : 21 <-- 2.384073 s

maxsize : 21
nodes : 16667944.000000
filtered : 629464230.000000
time : 92.433289
