Parameters: GAD=1 vflib=1 dir=0 label=0 lowerbound=1 fileNameGp=../graphsdb/mcs30/m3D/m3Dr2/mcs30_m3Dr2_s25.A61 fileNameGt=../graphsdb/mcs30/m3D/m3Dr2/mcs30_m3Dr2_s25.B61
Reading graphs...
25 :  51
25 :  53
Initializing...
maxdom : 25
D->valSize : 625
Solving...
Blb : 2 (clique : 12)
currentSize : 12 <-- 0.009059 s
currentSize : 13 <-- 0.009174 s
currentSize : 14 <-- 0.009943 s
currentSize : 15 <-- 0.011969 s
currentSize : 16 <-- 0.176010 s
currentSize : 17 <-- 1.431924 s

maxsize : 17
nodes : 2045439.000000
filtered : 53976277.000000
time : 8.994265
