Parameters: GAD=1 vflib=1 dir=0 label=0 lowerbound=1 fileNameGp=../graphsdb/mcs30/rand/r01/mcs30_r01_s35.A70 fileNameGt=../graphsdb/mcs30/rand/r01/mcs30_r01_s35.B70
Reading graphs...
35 :  111
35 :  114
Initializing...
maxdom : 35
D->valSize : 1225
Solving...
Blb : 2 (clique : 15)
currentSize : 15 <-- 0.019442 s
currentSize : 16 <-- 0.030160 s
currentSize : 17 <-- 0.032574 s
currentSize : 18 <-- 0.037025 s
currentSize : 19 <-- 1.645486 s
currentSize : 20 <-- 16.732456 s

TIMEOUT
maxsize : 20
nodes : 725096648.000000
filtered : 20716975027.000000
time : 3600.000000
