Parameters: GAD=1 vflib=1 dir=0 label=0 lowerbound=1 fileNameGp=../graphsdb/mcs30/bvg/b03/mcs30_b03_s30.A05 fileNameGt=../graphsdb/mcs30/bvg/b03/mcs30_b03_s30.B05
Reading graphs...
30 :  45
30 :  45
Initializing...
maxdom : 30
D->valSize : 900
Solving...
Blb : 2 (clique : 18)
currentSize : 18 <-- 0.016403 s
currentSize : 19 <-- 0.020970 s
currentSize : 20 <-- 0.350325 s
currentSize : 21 <-- 17.105042 s
currentSize : 22 <-- 17.677940 s
currentSize : 23 <-- 38.579266 s

maxsize : 23
nodes : 12985727.000000
filtered : 323379075.000000
time : 51.678753
