Parameters: GAD=1 vflib=1 dir=0 label=0 lowerbound=1 fileNameGp=../graphsdb/mcs30/bvg/b03/mcs30_b03_s35.A93 fileNameGt=../graphsdb/mcs30/bvg/b03/mcs30_b03_s35.B93
Reading graphs...
35 :  51
35 :  51
Initializing...
maxdom : 35
D->valSize : 1225
Solving...
Blb : 2 (clique : 22)
currentSize : 22 <-- 0.022087 s
currentSize : 23 <-- 0.034824 s
currentSize : 24 <-- 0.340721 s
currentSize : 25 <-- 0.490068 s
currentSize : 26 <-- 1.758511 s
currentSize : 27 <-- 3.262621 s

maxsize : 27
nodes : 110981828.000000
filtered : 5725562058.000000
time : 821.872498
