Parameters: GAD=1 vflib=1 dir=0 label=0 lowerbound=1 fileNameGp=../graphsdb/mcs30/bvg/b09/mcs30_b09_s35.A65 fileNameGt=../graphsdb/mcs30/bvg/b09/mcs30_b09_s35.B65
Reading graphs...
35 :  151
35 :  154
Initializing...
maxdom : 35
D->valSize : 1225
Solving...
Blb : 2 (clique : 14)
currentSize : 14 <-- 0.018316 s
currentSize : 15 <-- 0.060061 s
currentSize : 16 <-- 0.500212 s
currentSize : 17 <-- 0.502167 s
currentSize : 18 <-- 0.529752 s
currentSize : 19 <-- 2.346982 s
currentSize : 20 <-- 220.136169 s

maxsize : 20
nodes : 132174662.000000
filtered : 3524148614.000000
time : 648.002808
