Parameters: GAD=1 vflib=1 dir=0 label=0 lowerbound=1 fileNameGp=../graphsdb/mcs30/m2D/m2Dr6/mcs30_m2Dr6_s30.A08 fileNameGt=../graphsdb/mcs30/m2D/m2Dr6/mcs30_m2Dr6_s30.B08
Reading graphs...
30 :  66
30 :  66
Initializing...
maxdom : 30
D->valSize : 900
Solving...
Blb : 2 (clique : 16)
currentSize : 16 <-- 0.011004 s
currentSize : 17 <-- 0.011155 s
currentSize : 18 <-- 0.013437 s
currentSize : 19 <-- 0.047012 s
currentSize : 20 <-- 4.961649 s

maxsize : 20
nodes : 62969716.000000
filtered : 1925145350.000000
time : 309.385376
