Parameters: GAD=1 vflib=1 dir=0 label=0 lowerbound=1 fileNameGp=../graphsdb/mcs30/rand/r02/mcs30_r02_s20.A01 fileNameGt=../graphsdb/mcs30/rand/r02/mcs30_r02_s20.B01
Reading graphs...
20 :  69
20 :  68
Initializing...
maxdom : 20
D->valSize : 400
Solving...
Blb : 2 (clique : 8)
currentSize : 8 <-- 0.003506 s
currentSize : 9 <-- 0.003599 s
currentSize : 10 <-- 0.003636 s
currentSize : 11 <-- 0.026036 s
currentSize : 12 <-- 0.134965 s

maxsize : 12
nodes : 248597.000000
filtered : 3492831.000000
time : 0.737710
