Parameters: GAD=1 vflib=1 dir=0 label=0 lowerbound=1 fileNameGp=../graphsdb/mcs30/bvg/b09m/mcs30_b09m_s35.A62 fileNameGt=../graphsdb/mcs30/bvg/b09m/mcs30_b09m_s35.B62
Reading graphs...
35 :  145
35 :  142
Initializing...
maxdom : 35
D->valSize : 1225
Solving...
Blb : 2 (clique : 13)
currentSize : 13 <-- 0.018968 s
currentSize : 14 <-- 0.019141 s
currentSize : 15 <-- 0.019485 s
currentSize : 16 <-- 0.021990 s
currentSize : 17 <-- 1.176178 s
currentSize : 18 <-- 25.625193 s
currentSize : 19 <-- 400.261658 s

maxsize : 19
nodes : 360763642.000000
filtered : 10109365447.000000
time : 1772.531372
