Parameters: GAD=1 vflib=1 dir=0 label=0 lowerbound=1 fileNameGp=../graphsdb/mcs30/bvg/b03/mcs30_b03_s30.A43 fileNameGt=../graphsdb/mcs30/bvg/b03/mcs30_b03_s30.B43
Reading graphs...
30 :  45
30 :  45
Initializing...
maxdom : 30
D->valSize : 900
Solving...
Blb : 3 (clique : 19)
currentSize : 19 <-- 0.011655 s
currentSize : 20 <-- 0.044385 s
currentSize : 21 <-- 0.056118 s
currentSize : 22 <-- 0.086369 s
currentSize : 23 <-- 2.294096 s
currentSize : 24 <-- 5.681194 s

maxsize : 24
nodes : 1229968.000000
filtered : 46481641.000000
time : 7.532169
