Parameters: GAD=1 vflib=1 dir=0 label=0 lowerbound=1 fileNameGp=../graphsdb/mcs30/bvg/b06/mcs30_b06_s30.A70 fileNameGt=../graphsdb/mcs30/bvg/b06/mcs30_b06_s30.B70
Reading graphs...
30 :  89
30 :  85
Initializing...
maxdom : 30
D->valSize : 900
Solving...
Blb : 2 (clique : 14)
currentSize : 14 <-- 0.010482 s
currentSize : 15 <-- 0.010605 s
currentSize : 16 <-- 0.016098 s
currentSize : 17 <-- 0.054937 s
currentSize : 18 <-- 4.935106 s
currentSize : 19 <-- 42.992538 s

maxsize : 19
nodes : 15593763.000000
filtered : 483191157.000000
time : 77.626709
