Parameters: GAD=1 vflib=1 dir=0 label=0 lowerbound=1 fileNameGp=../graphsdb/mcs30/m2D/m2Dr4/mcs30_m2Dr4_s30.A20 fileNameGt=../graphsdb/mcs30/m2D/m2Dr4/mcs30_m2Dr4_s30.B20
Reading graphs...
30 :  60
30 :  60
Initializing...
maxdom : 30
D->valSize : 900
Solving...
Blb : 2 (clique : 17)
currentSize : 17 <-- 0.011239 s
currentSize : 18 <-- 0.015154 s
currentSize : 19 <-- 0.015355 s
currentSize : 20 <-- 0.145948 s
currentSize : 21 <-- 17.945404 s

maxsize : 21
nodes : 13151579.000000
filtered : 403451184.000000
time : 67.335777
