Parameters: GAD=1 vflib=1 dir=0 label=0 lowerbound=1 fileNameGp=../graphsdb/mcs30/rand/r01/mcs30_r01_s35.A38 fileNameGt=../graphsdb/mcs30/rand/r01/mcs30_r01_s35.B38
Reading graphs...
35 :  113
35 :  115
Initializing...
maxdom : 35
D->valSize : 1225
Solving...
Blb : 2 (clique : 15)
currentSize : 15 <-- 0.019884 s
currentSize : 16 <-- 0.022856 s
currentSize : 17 <-- 0.023084 s
currentSize : 18 <-- 0.079718 s
currentSize : 19 <-- 0.447306 s
currentSize : 20 <-- 79.415932 s

TIMEOUT
maxsize : 20
nodes : 683390501.000000
filtered : 21098655685.000000
time : 3600.000000
