Parameters: GAD=1 vflib=1 dir=0 label=0 lowerbound=1 fileNameGp=../graphsdb/mcs30/bvg/b03/mcs30_b03_s30.A17 fileNameGt=../graphsdb/mcs30/bvg/b03/mcs30_b03_s30.B17
Reading graphs...
30 :  45
30 :  45
Initializing...
maxdom : 30
D->valSize : 900
Solving...
Blb : 5 (clique : 18)
currentSize : 18 <-- 0.019962 s
currentSize : 19 <-- 0.020168 s
currentSize : 20 <-- 0.020487 s
currentSize : 21 <-- 0.056830 s
currentSize : 22 <-- 0.706092 s
currentSize : 23 <-- 14.542914 s

maxsize : 23
nodes : 7911562.000000
filtered : 309642824.000000
time : 45.837460
