Parameters: GAD=1 vflib=1 dir=0 label=0 lowerbound=1 fileNameGp=../graphsdb/mcs30/bvg/b09/mcs30_b09_s35.A26 fileNameGt=../graphsdb/mcs30/bvg/b09/mcs30_b09_s35.B26
Reading graphs...
35 :  150
35 :  151
Initializing...
maxdom : 35
D->valSize : 1225
Solving...
Blb : 2 (clique : 13)
currentSize : 13 <-- 0.019089 s
currentSize : 16 <-- 0.019233 s
currentSize : 17 <-- 0.023621 s
currentSize : 18 <-- 0.120060 s
currentSize : 19 <-- 0.410113 s
currentSize : 20 <-- 74.897728 s

maxsize : 20
nodes : 197631389.000000
filtered : 5746473878.000000
time : 994.260620
