Parameters: GAD=1 vflib=1 dir=0 label=0 lowerbound=1 fileNameGp=../graphsdb/mcs30/bvg/b06m/mcs30_b06m_s35.A12 fileNameGt=../graphsdb/mcs30/bvg/b06m/mcs30_b06m_s35.B12
Reading graphs...
35 :  101
35 :  103
Initializing...
maxdom : 35
D->valSize : 1225
Solving...
Blb : 2 (clique : 17)
currentSize : 17 <-- 0.019629 s
currentSize : 18 <-- 0.021653 s
currentSize : 19 <-- 0.022507 s
currentSize : 20 <-- 0.082452 s
currentSize : 21 <-- 1.008683 s
currentSize : 22 <-- 2468.596680 s

maxsize : 22
nodes : 471507179.000000
filtered : 17704160377.000000
time : 2668.262939
