Parameters: GAD=1 vflib=1 dir=0 label=0 lowerbound=1 fileNameGp=../graphsdb/mcs30/bvg/b06m/mcs30_b06m_s30.A11 fileNameGt=../graphsdb/mcs30/bvg/b06m/mcs30_b06m_s30.B11
Reading graphs...
30 :  84
30 :  83
Initializing...
maxdom : 30
D->valSize : 900
Solving...
Blb : 2 (clique : 15)
currentSize : 15 <-- 0.010345 s
currentSize : 16 <-- 0.010575 s
currentSize : 17 <-- 0.027921 s
currentSize : 18 <-- 0.167108 s
currentSize : 19 <-- 1.142541 s

maxsize : 19
nodes : 22144679.000000
filtered : 701607024.000000
time : 108.735046
