Parameters: GAD=1 vflib=1 dir=0 label=0 lowerbound=1 fileNameGp=../graphsdb/mcs30/m3D/m3Dr6/mcs30_m3Dr6_s25.A18 fileNameGt=../graphsdb/mcs30/m3D/m3Dr6/mcs30_m3Dr6_s25.B18
Reading graphs...
25 :  62
25 :  57
Initializing...
maxdom : 25
D->valSize : 625
Solving...
Blb : 2 (clique : 12)
currentSize : 12 <-- 0.008905 s
currentSize : 13 <-- 0.009803 s
currentSize : 14 <-- 0.009947 s
currentSize : 15 <-- 0.010912 s
currentSize : 16 <-- 0.107809 s

maxsize : 16
nodes : 1984670.000000
filtered : 42132013.000000
time : 7.708122
