Parameters: GAD=1 vflib=1 dir=0 label=0 lowerbound=1 fileNameGp=../graphsdb/mcs30/bvg/b06m/mcs30_b06m_s30.A33 fileNameGt=../graphsdb/mcs30/bvg/b06m/mcs30_b06m_s30.B33
Reading graphs...
30 :  84
30 :  87
Initializing...
maxdom : 30
D->valSize : 900
Solving...
Blb : 5 (clique : 14)
currentSize : 14 <-- 0.010497 s
currentSize : 15 <-- 0.010684 s
currentSize : 16 <-- 0.011066 s
currentSize : 17 <-- 0.013545 s
currentSize : 18 <-- 0.057192 s
currentSize : 19 <-- 1.508683 s

maxsize : 19
nodes : 16280664.000000
filtered : 570711103.000000
time : 86.283325
