Parameters: GAD=1 vflib=1 dir=0 label=0 lowerbound=1 fileNameGp=../graphsdb/mcs30/m3D/m3Dr4/mcs30_m3Dr4_s25.A34 fileNameGt=../graphsdb/mcs30/m3D/m3Dr4/mcs30_m3Dr4_s25.B34
Reading graphs...
25 :  58
25 :  59
Initializing...
maxdom : 25
D->valSize : 625
Solving...
Blb : 2 (clique : 13)
currentSize : 13 <-- 0.005132 s
currentSize : 14 <-- 0.006418 s
currentSize : 15 <-- 0.006444 s
currentSize : 16 <-- 0.006617 s
currentSize : 17 <-- 5.829275 s

maxsize : 17
nodes : 2019312.000000
filtered : 45654604.000000
time : 8.145950
