Parameters: GAD=1 vflib=1 dir=0 label=0 lowerbound=1 fileNameGp=../graphsdb/mcs30/m2D/m2D/mcs30_m2D_s30.A29 fileNameGt=../graphsdb/mcs30/m2D/m2D/mcs30_m2D_s30.B29
Reading graphs...
30 :  49
30 :  49
Initializing...
maxdom : 30
D->valSize : 900
Solving...
Blb : 2 (clique : 18)
currentSize : 18 <-- 0.011333 s
currentSize : 19 <-- 0.011699 s
currentSize : 20 <-- 0.013807 s
currentSize : 21 <-- 0.038922 s
currentSize : 22 <-- 2.474849 s

maxsize : 22
nodes : 20738593.000000
filtered : 803194348.000000
time : 117.295464
