Parameters: GAD=1 vflib=1 dir=0 label=0 lowerbound=1 fileNameGp=../graphsdb/mcs30/m3D/m3Dr2/mcs30_m3Dr2_s25.A82 fileNameGt=../graphsdb/mcs30/m3D/m3Dr2/mcs30_m3Dr2_s25.B82
Reading graphs...
25 :  53
25 :  52
Initializing...
maxdom : 25
D->valSize : 625
Solving...
Blb : 2 (clique : 12)
currentSize : 12 <-- 0.008964 s
currentSize : 14 <-- 0.009079 s
currentSize : 15 <-- 0.020830 s
currentSize : 16 <-- 0.132910 s
currentSize : 17 <-- 0.668295 s

maxsize : 17
nodes : 2076959.000000
filtered : 47389275.000000
time : 8.199787
