Parameters: GAD=1 vflib=1 dir=0 label=0 lowerbound=1 fileNameGp=../graphsdb/mcs30/rand/r005/mcs30_r005_s25.A47 fileNameGt=../graphsdb/mcs30/rand/r005/mcs30_r005_s25.B47
Reading graphs...
25 :  34
25 :  32
Initializing...
maxdom : 25
D->valSize : 625
Solving...
Blb : 2 (clique : 16)
currentSize : 16 <-- 0.005645 s
currentSize : 17 <-- 0.005935 s
currentSize : 18 <-- 0.006108 s
currentSize : 19 <-- 0.043419 s
currentSize : 20 <-- 0.439251 s

maxsize : 20
nodes : 275985.000000
filtered : 7777325.000000
time : 1.275676
