Parameters: GAD=1 vflib=1 dir=0 label=0 lowerbound=1 fileNameGp=../graphsdb/mcs30/rand/r005/mcs30_r005_s35.A13 fileNameGt=../graphsdb/mcs30/rand/r005/mcs30_r005_s35.B13
Reading graphs...
35 :  63
35 :  62
Initializing...
maxdom : 35
D->valSize : 1225
Solving...
Blb : 2 (clique : 21)
currentSize : 21 <-- 0.036807 s
currentSize : 22 <-- 0.037434 s
currentSize : 23 <-- 0.041164 s
currentSize : 24 <-- 0.073169 s
currentSize : 25 <-- 1.817917 s
currentSize : 26 <-- 62.228039 s

TIMEOUT
maxsize : 26
nodes : 466160209.000000
filtered : 24570131086.000000
time : 3600.000000
