Parameters: GAD=1 vflib=1 dir=0 label=0 lowerbound=1 fileNameGp=../graphsdb/mcs30/m2D/m2D/mcs30_m2D_s30.A71 fileNameGt=../graphsdb/mcs30/m2D/m2D/mcs30_m2D_s30.B71
Reading graphs...
30 :  48
30 :  49
Initializing...
maxdom : 30
D->valSize : 900
Solving...
Blb : 2 (clique : 16)
currentSize : 16 <-- 0.011469 s
currentSize : 17 <-- 0.011596 s
currentSize : 18 <-- 0.011615 s
currentSize : 19 <-- 0.012284 s
currentSize : 20 <-- 0.099553 s
currentSize : 21 <-- 2.578061 s
currentSize : 22 <-- 24.888231 s

maxsize : 22
nodes : 18810818.000000
filtered : 673873484.000000
time : 105.165939
