Parameters: GAD=1 vflib=1 dir=0 label=0 lowerbound=1 fileNameGp=../graphsdb/mcs30/m3D/m3Dr4/mcs30_m3Dr4_s30.A43 fileNameGt=../graphsdb/mcs30/m3D/m3Dr4/mcs30_m3Dr4_s30.B43
Reading graphs...
30 :  71
30 :  68
Initializing...
maxdom : 30
D->valSize : 900
Solving...
Blb : 2 (clique : 14)
currentSize : 14 <-- 0.015992 s
currentSize : 15 <-- 0.016109 s
currentSize : 16 <-- 0.016136 s
currentSize : 17 <-- 0.017237 s
currentSize : 18 <-- 0.023328 s
currentSize : 19 <-- 0.327542 s
currentSize : 20 <-- 93.724236 s

maxsize : 20
nodes : 39673638.000000
filtered : 1143707761.000000
time : 187.816895
