Parameters: GAD=1 vflib=1 dir=0 label=0 lowerbound=1 fileNameGp=../graphsdb/mcs30/m3D/m3Dr4/mcs30_m3Dr4_s30.A57 fileNameGt=../graphsdb/mcs30/m3D/m3Dr4/mcs30_m3Dr4_s30.B57
Reading graphs...
30 :  73
30 :  71
Initializing...
maxdom : 30
D->valSize : 900
Solving...
Blb : 2 (clique : 15)
currentSize : 15 <-- 0.010694 s
currentSize : 16 <-- 0.011152 s
currentSize : 17 <-- 0.013581 s
currentSize : 18 <-- 0.048873 s
currentSize : 19 <-- 0.692558 s

maxsize : 19
nodes : 71682456.000000
filtered : 2065938256.000000
time : 341.285919
