Parameters: GAD=1 vflib=1 dir=0 label=0 lowerbound=1 fileNameGp=../graphsdb/mcs30/m3D/m3D/mcs30_m3D_s25.A03 fileNameGt=../graphsdb/mcs30/m3D/m3D/mcs30_m3D_s25.B03
Reading graphs...
25 :  48
25 :  47
Initializing...
maxdom : 25
D->valSize : 625
Solving...
Blb : 2 (clique : 14)
currentSize : 14 <-- 0.005433 s
currentSize : 15 <-- 0.005559 s
currentSize : 16 <-- 0.005832 s
currentSize : 17 <-- 0.101502 s
currentSize : 18 <-- 0.434005 s

maxsize : 18
nodes : 795627.000000
filtered : 20456408.000000
time : 3.408157
