Parameters: GAD=1 vflib=1 dir=0 label=0 lowerbound=1 fileNameGp=../graphsdb/mcs30/bvg/b03m/mcs30_b03m_s25.A72 fileNameGt=../graphsdb/mcs30/bvg/b03m/mcs30_b03m_s25.B72
Reading graphs...
25 :  36
25 :  36
Initializing...
maxdom : 25
D->valSize : 625
Solving...
Blb : 3 (clique : 15)
currentSize : 15 <-- 0.009584 s
currentSize : 16 <-- 0.454948 s
currentSize : 17 <-- 0.481758 s
currentSize : 18 <-- 0.510817 s
currentSize : 19 <-- 4.559886 s

maxsize : 19
nodes : 2578451.000000
filtered : 82588625.000000
time : 11.831885
