Parameters: GAD=1 vflib=1 dir=0 label=0 lowerbound=1 fileNameGp=../graphsdb/mcs30/bvg/b06m/mcs30_b06m_s35.A85 fileNameGt=../graphsdb/mcs30/bvg/b06m/mcs30_b06m_s35.B85
Reading graphs...
35 :  105
35 :  103
Initializing...
maxdom : 35
D->valSize : 1225
Solving...
Blb : 3 (clique : 16)
currentSize : 16 <-- 0.019816 s
currentSize : 17 <-- 0.020140 s
currentSize : 18 <-- 0.021127 s
currentSize : 19 <-- 0.024897 s
currentSize : 20 <-- 0.300448 s
currentSize : 21 <-- 389.184448 s

TIMEOUT
maxsize : 21
nodes : 617797253.000000
filtered : 24026138762.000000
time : 3600.000000
