Parameters: GAD=1 vflib=1 dir=0 label=0 lowerbound=1 fileNameGp=../graphsdb/mcs30/m3D/m3Dr4/mcs30_m3Dr4_s30.A66 fileNameGt=../graphsdb/mcs30/m3D/m3Dr4/mcs30_m3Dr4_s30.B66
Reading graphs...
30 :  71
30 :  70
Initializing...
maxdom : 30
D->valSize : 900
Solving...
Blb : 2 (clique : 15)
currentSize : 15 <-- 0.018571 s
currentSize : 16 <-- 0.020551 s
currentSize : 17 <-- 0.027024 s
currentSize : 18 <-- 0.069768 s
currentSize : 19 <-- 0.811741 s
currentSize : 20 <-- 142.255142 s

maxsize : 20
nodes : 37508132.000000
filtered : 1056173220.000000
time : 180.069458
