Parameters: GAD=1 vflib=1 dir=0 label=0 lowerbound=1 fileNameGp=../graphsdb/mcs30/m3D/m3Dr2/mcs30_m3Dr2_s30.A62 fileNameGt=../graphsdb/mcs30/m3D/m3Dr2/mcs30_m3Dr2_s30.B62
Reading graphs...
30 :  66
30 :  66
Initializing...
maxdom : 30
D->valSize : 900
Solving...
Blb : 2 (clique : 15)
currentSize : 15 <-- 0.010797 s
currentSize : 16 <-- 0.010970 s
currentSize : 17 <-- 0.011056 s
currentSize : 18 <-- 0.012636 s
currentSize : 19 <-- 0.017491 s
currentSize : 20 <-- 8.270632 s

maxsize : 20
nodes : 33688828.000000
filtered : 952004849.000000
time : 161.390274
