Parameters: GAD=1 vflib=1 dir=0 label=0 lowerbound=1 fileNameGp=../graphsdb/mcs30/rand/r02/mcs30_r02_s20.A39 fileNameGt=../graphsdb/mcs30/rand/r02/mcs30_r02_s20.B39
Reading graphs...
20 :  71
20 :  69
Initializing...
maxdom : 20
D->valSize : 400
Solving...
Blb : 2 (clique : 8)
currentSize : 8 <-- 0.002311 s
currentSize : 9 <-- 0.002362 s
currentSize : 10 <-- 0.002504 s
currentSize : 11 <-- 0.002858 s
currentSize : 12 <-- 0.216813 s

maxsize : 12
nodes : 240763.000000
filtered : 3299143.000000
time : 0.763701
