Parameters: GAD=1 vflib=1 dir=0 label=0 lowerbound=1 fileNameGp=../graphsdb/mcs30/m2D/m2D/mcs30_m2D_s30.A07 fileNameGt=../graphsdb/mcs30/m2D/m2D/mcs30_m2D_s30.B07
Reading graphs...
30 :  48
30 :  49
Initializing...
maxdom : 30
D->valSize : 900
Solving...
Blb : 2 (clique : 18)
currentSize : 18 <-- 0.011317 s
currentSize : 19 <-- 0.011513 s
currentSize : 20 <-- 0.014523 s
currentSize : 21 <-- 0.055174 s
currentSize : 22 <-- 23.095402 s

maxsize : 22
nodes : 63537516.000000
filtered : 2714035872.000000
time : 386.267914
