Parameters: GAD=1 vflib=1 dir=0 label=0 lowerbound=1 fileNameGp=../graphsdb/mcs30/rand/r005/mcs30_r005_s30.A64 fileNameGt=../graphsdb/mcs30/rand/r005/mcs30_r005_s30.B64
Reading graphs...
30 :  44
30 :  48
Initializing...
maxdom : 30
D->valSize : 900
Solving...
Blb : 2 (clique : 18)
currentSize : 18 <-- 0.011403 s
currentSize : 19 <-- 0.011609 s
currentSize : 20 <-- 0.011705 s
currentSize : 21 <-- 0.833774 s
currentSize : 22 <-- 1.519269 s

maxsize : 22
nodes : 35385834.000000
filtered : 1223054457.000000
time : 192.541763
