Parameters: GAD=1 vflib=1 dir=0 label=0 lowerbound=1 fileNameGp=../graphsdb/mcs30/m3D/m3Dr4/mcs30_m3Dr4_s30.A88 fileNameGt=../graphsdb/mcs30/m3D/m3Dr4/mcs30_m3Dr4_s30.B88
Reading graphs...
30 :  70
30 :  70
Initializing...
maxdom : 30
D->valSize : 900
Solving...
Blb : 2 (clique : 16)
currentSize : 16 <-- 0.010663 s
currentSize : 17 <-- 0.011402 s
currentSize : 18 <-- 0.163390 s
currentSize : 19 <-- 6.261757 s
currentSize : 20 <-- 142.504623 s

maxsize : 20
nodes : 42473228.000000
filtered : 1206926598.000000
time : 199.325180
