Parameters: GAD=1 vflib=1 dir=0 label=0 lowerbound=1 fileNameGp=../graphsdb/mcs30/bvg/b03/mcs30_b03_s25.A22 fileNameGt=../graphsdb/mcs30/bvg/b03/mcs30_b03_s25.B22
Reading graphs...
25 :  37
25 :  37
Initializing...
maxdom : 25
D->valSize : 625
Solving...
Blb : 2 (clique : 15)
currentSize : 15 <-- 0.005499 s
currentSize : 16 <-- 0.005590 s
currentSize : 17 <-- 0.005645 s
currentSize : 18 <-- 0.008779 s
currentSize : 19 <-- 0.029646 s

maxsize : 19
nodes : 1711458.000000
filtered : 77408171.000000
time : 8.928058
