Parameters: GAD=1 vflib=1 dir=0 label=0 lowerbound=1 fileNameGp=../graphsdb/mcs30/bvg/b09m/mcs30_b09m_s35.A20 fileNameGt=../graphsdb/mcs30/bvg/b09m/mcs30_b09m_s35.B20
Reading graphs...
35 :  142
35 :  145
Initializing...
maxdom : 35
D->valSize : 1225
Solving...
Blb : 2 (clique : 14)
currentSize : 14 <-- 0.018675 s
currentSize : 15 <-- 0.019562 s
currentSize : 16 <-- 0.021200 s
currentSize : 17 <-- 0.042298 s
currentSize : 18 <-- 2.622975 s
currentSize : 19 <-- 116.514954 s

maxsize : 19
nodes : 414038292.000000
filtered : 13271928439.000000
time : 2160.472168
