Parameters: GAD=1 vflib=1 dir=0 label=0 lowerbound=1 fileNameGp=../graphsdb/mcs30/m2D/m2Dr4/mcs30_m2Dr4_s30.A88 fileNameGt=../graphsdb/mcs30/m2D/m2Dr4/mcs30_m2Dr4_s30.B88
Reading graphs...
30 :  61
30 :  60
Initializing...
maxdom : 30
D->valSize : 900
Solving...
Blb : 2 (clique : 16)
currentSize : 16 <-- 0.011317 s
currentSize : 17 <-- 0.023283 s
currentSize : 18 <-- 0.055311 s
currentSize : 19 <-- 0.079560 s
currentSize : 20 <-- 0.079719 s
currentSize : 21 <-- 1.422571 s

maxsize : 21
nodes : 14646969.000000
filtered : 564599853.000000
time : 84.526024
