Parameters: GAD=1 vflib=1 dir=0 label=0 lowerbound=1 fileNameGp=../graphsdb/mcs30/m3D/m3Dr2/mcs30_m3Dr2_s30.A06 fileNameGt=../graphsdb/mcs30/m3D/m3Dr2/mcs30_m3Dr2_s30.B06
Reading graphs...
30 :  66
30 :  63
Initializing...
maxdom : 30
D->valSize : 900
Solving...
Blb : 2 (clique : 16)
currentSize : 16 <-- 0.011035 s
currentSize : 17 <-- 0.028034 s
currentSize : 18 <-- 0.050472 s
currentSize : 19 <-- 0.377734 s
currentSize : 20 <-- 2.564691 s
currentSize : 21 <-- 38.856079 s

maxsize : 21
nodes : 14002258.000000
filtered : 407058009.000000
time : 68.294182
