Parameters: GAD=1 vflib=1 dir=0 label=0 lowerbound=1 fileNameGp=../graphsdb/mcs30/rand/r005/mcs30_r005_s25.A56 fileNameGt=../graphsdb/mcs30/rand/r005/mcs30_r005_s25.B56
Reading graphs...
25 :  34
25 :  34
Initializing...
maxdom : 25
D->valSize : 625
Solving...
Blb : 2 (clique : 16)
currentSize : 16 <-- 0.005887 s
currentSize : 17 <-- 0.005996 s
currentSize : 18 <-- 0.006053 s
currentSize : 19 <-- 0.006532 s
currentSize : 20 <-- 1.383766 s

maxsize : 20
nodes : 549449.000000
filtered : 18941429.000000
time : 2.911104
