Parameters: GAD=1 vflib=1 dir=0 label=0 lowerbound=1 fileNameGp=../graphsdb/mcs30/m2D/m2Dr2/mcs30_m2Dr2_s30.A69 fileNameGt=../graphsdb/mcs30/m2D/m2Dr2/mcs30_m2Dr2_s30.B69
Reading graphs...
30 :  54
30 :  54
Initializing...
maxdom : 30
D->valSize : 900
Solving...
Blb : 2 (clique : 18)
currentSize : 18 <-- 0.011217 s
currentSize : 19 <-- 0.018024 s
currentSize : 20 <-- 0.305840 s
currentSize : 21 <-- 0.382601 s
currentSize : 22 <-- 156.308517 s

maxsize : 22
nodes : 32369807.000000
filtered : 1289707212.000000
time : 180.036316
