Parameters: GAD=1 vflib=1 dir=0 label=0 lowerbound=1 fileNameGp=../graphsdb/mcs30/m3D/m3D/mcs30_m3D_s30.A81 fileNameGt=../graphsdb/mcs30/m3D/m3D/mcs30_m3D_s30.B81
Reading graphs...
30 :  59
30 :  61
Initializing...
maxdom : 30
D->valSize : 900
Solving...
Blb : 2 (clique : 14)
currentSize : 14 <-- 0.011032 s
currentSize : 18 <-- 0.011147 s
currentSize : 19 <-- 0.011184 s
currentSize : 20 <-- 0.056041 s
currentSize : 21 <-- 0.388975 s

maxsize : 21
nodes : 15421451.000000
filtered : 655020825.000000
time : 90.459991
