Parameters: GAD=1 vflib=1 dir=0 label=0 lowerbound=1 fileNameGp=../graphsdb/mcs30/m3D/m3Dr2/mcs30_m3Dr2_s30.A33 fileNameGt=../graphsdb/mcs30/m3D/m3Dr2/mcs30_m3Dr2_s30.B33
Reading graphs...
30 :  67
30 :  64
Initializing...
maxdom : 30
D->valSize : 900
Solving...
Blb : 2 (clique : 14)
currentSize : 14 <-- 0.010997 s
currentSize : 15 <-- 0.011110 s
currentSize : 17 <-- 0.011133 s
currentSize : 18 <-- 0.011259 s
currentSize : 19 <-- 0.011377 s
currentSize : 20 <-- 0.595218 s

maxsize : 20
nodes : 24777373.000000
filtered : 848043295.000000
time : 126.240356
