Parameters: GAD=1 vflib=1 dir=0 label=0 lowerbound=1 fileNameGp=../graphsdb/mcs30/m2D/m2Dr6/mcs30_m2Dr6_s30.A57 fileNameGt=../graphsdb/mcs30/m2D/m2Dr6/mcs30_m2Dr6_s30.B57
Reading graphs...
30 :  65
30 :  62
Initializing...
maxdom : 30
D->valSize : 900
Solving...
Blb : 2 (clique : 14)
currentSize : 14 <-- 0.011792 s
currentSize : 15 <-- 0.011944 s
currentSize : 16 <-- 0.012015 s
currentSize : 17 <-- 0.012754 s
currentSize : 18 <-- 0.015620 s
currentSize : 19 <-- 0.020638 s
currentSize : 20 <-- 0.243095 s
currentSize : 21 <-- 62.406288 s

maxsize : 21
nodes : 14900420.000000
filtered : 440859588.000000
time : 71.924591
