Parameters: GAD=1 vflib=1 dir=0 label=0 lowerbound=1 fileNameGp=../graphsdb/mcs30/m3D/m3Dr4/mcs30_m3Dr4_s30.A02 fileNameGt=../graphsdb/mcs30/m3D/m3Dr4/mcs30_m3Dr4_s30.B02
Reading graphs...
30 :  68
30 :  70
Initializing...
maxdom : 30
D->valSize : 900
Solving...
Blb : 2 (clique : 16)
currentSize : 16 <-- 0.010745 s
currentSize : 17 <-- 0.011101 s
currentSize : 18 <-- 0.012521 s
currentSize : 19 <-- 0.197158 s
currentSize : 20 <-- 76.911324 s

maxsize : 20
nodes : 41162425.000000
filtered : 1183614842.000000
time : 198.254303
