Parameters: GAD=1 vflib=1 dir=0 label=0 lowerbound=1 fileNameGp=../graphsdb/mcs30/bvg/b09m/mcs30_b09m_s35.A04 fileNameGt=../graphsdb/mcs30/bvg/b09m/mcs30_b09m_s35.B04
Reading graphs...
35 :  143
35 :  143
Initializing...
maxdom : 35
D->valSize : 1225
Solving...
Blb : 5 (clique : 13)
currentSize : 13 <-- 0.018754 s
currentSize : 14 <-- 0.018961 s
currentSize : 15 <-- 0.020249 s
currentSize : 16 <-- 0.033030 s
currentSize : 17 <-- 8.816382 s
currentSize : 18 <-- 226.768585 s

TIMEOUT
maxsize : 18
nodes : 778152042.000000
filtered : 19927495477.000000
time : 3600.000000
