Parameters: GAD=1 vflib=1 dir=0 label=0 lowerbound=1 fileNameGp=../graphsdb/mcs30/rand/r005/mcs30_r005_s30.A17 fileNameGt=../graphsdb/mcs30/rand/r005/mcs30_r005_s30.B17
Reading graphs...
30 :  48
30 :  48
Initializing...
maxdom : 30
D->valSize : 900
Solving...
Blb : 2 (clique : 18)
currentSize : 18 <-- 0.011334 s
currentSize : 19 <-- 0.011553 s
currentSize : 20 <-- 0.012058 s
currentSize : 21 <-- 0.013568 s
currentSize : 22 <-- 4.594351 s
currentSize : 23 <-- 16.844204 s

maxsize : 23
nodes : 5861496.000000
filtered : 260345127.000000
time : 37.483635
