Parameters: GAD=1 vflib=1 dir=0 label=0 lowerbound=1 fileNameGp=../graphsdb/mcs30/rand/r02/mcs30_r02_s35.A85 fileNameGt=../graphsdb/mcs30/rand/r02/mcs30_r02_s35.B85
Reading graphs...
35 :  219
35 :  219
Initializing...
maxdom : 35
D->valSize : 1225
Solving...
Blb : 2 (clique : 10)
currentSize : 10 <-- 0.022563 s
currentSize : 11 <-- 0.022692 s
currentSize : 12 <-- 0.022801 s
currentSize : 13 <-- 0.025847 s
currentSize : 14 <-- 0.041307 s
currentSize : 15 <-- 35.775360 s
currentSize : 16 <-- 795.885254 s

maxsize : 16
nodes : 920560688.000000
filtered : 13361059475.000000
time : 3550.831299
