Parameters: GAD=1 vflib=1 dir=0 label=0 lowerbound=1 fileNameGp=../graphsdb/mcs30/m3D/m3Dr4/mcs30_m3Dr4_s30.A00 fileNameGt=../graphsdb/mcs30/m3D/m3Dr4/mcs30_m3Dr4_s30.B00
Reading graphs...
30 :  70
30 :  70
Initializing...
maxdom : 30
D->valSize : 900
Solving...
Blb : 2 (clique : 16)
currentSize : 16 <-- 0.011427 s
currentSize : 17 <-- 0.011734 s
currentSize : 18 <-- 0.080459 s
currentSize : 19 <-- 0.407995 s
currentSize : 20 <-- 47.924969 s

maxsize : 20
nodes : 34989762.000000
filtered : 1154247625.000000
time : 180.521774
