Parameters: GAD=1 vflib=1 dir=0 label=0 lowerbound=1 fileNameGp=../graphsdb/mcs30/rand/r005/mcs30_r005_s35.A74 fileNameGt=../graphsdb/mcs30/rand/r005/mcs30_r005_s35.B74
Reading graphs...
35 :  64
35 :  63
Initializing...
maxdom : 35
D->valSize : 1225
Solving...
Blb : 2 (clique : 21)
currentSize : 21 <-- 0.021126 s
currentSize : 22 <-- 0.021300 s
currentSize : 23 <-- 0.715559 s
currentSize : 24 <-- 0.879797 s
currentSize : 25 <-- 1.709688 s

maxsize : 25
nodes : 180019711.000000
filtered : 7332353115.000000
time : 1131.352173
