Parameters: GAD=1 vflib=1 dir=0 label=0 lowerbound=1 fileNameGp=../graphsdb/mcs30/m3D/m3Dr4/mcs30_m3Dr4_s25.A37 fileNameGt=../graphsdb/mcs30/m3D/m3Dr4/mcs30_m3Dr4_s25.B37
Reading graphs...
25 :  57
25 :  56
Initializing...
maxdom : 25
D->valSize : 625
Solving...
Blb : 2 (clique : 13)
currentSize : 13 <-- 0.005666 s
currentSize : 14 <-- 0.022611 s
currentSize : 15 <-- 0.024694 s
currentSize : 16 <-- 0.024704 s
currentSize : 17 <-- 4.583803 s

maxsize : 17
nodes : 1873983.000000
filtered : 53618293.000000
time : 8.217087
