Parameters: GAD=1 vflib=1 dir=0 label=0 lowerbound=1 fileNameGp=../graphsdb/mcs30/bvg/b03m/mcs30_b03m_s35.A17 fileNameGt=../graphsdb/mcs30/bvg/b03m/mcs30_b03m_s35.B17
Reading graphs...
35 :  50
35 :  49
Initializing...
maxdom : 35
D->valSize : 1225
Solving...
Blb : 2 (clique : 21)
currentSize : 21 <-- 0.021823 s
currentSize : 23 <-- 0.022001 s
currentSize : 24 <-- 0.022623 s
currentSize : 25 <-- 0.028103 s
currentSize : 26 <-- 27.166384 s
currentSize : 27 <-- 617.508057 s

maxsize : 27
nodes : 124451072.000000
filtered : 5411101695.000000
time : 839.689209
