Parameters: GAD=1 vflib=1 dir=0 label=0 lowerbound=1 fileNameGp=../graphsdb/mcs30/bvg/b06/mcs30_b06_s25.A42 fileNameGt=../graphsdb/mcs30/bvg/b06/mcs30_b06_s25.B42
Reading graphs...
25 :  71
25 :  73
Initializing...
maxdom : 25
D->valSize : 625
Solving...
Blb : 5 (clique : 12)
currentSize : 12 <-- 0.005091 s
currentSize : 13 <-- 0.007850 s
currentSize : 14 <-- 0.008162 s
currentSize : 15 <-- 0.008188 s
currentSize : 16 <-- 0.927743 s

maxsize : 16
nodes : 1503692.000000
filtered : 39990937.000000
time : 6.232372
