Parameters: GAD=1 vflib=1 dir=0 label=0 lowerbound=1 fileNameGp=../graphsdb/mcs30/bvg/b03/mcs30_b03_s35.A13 fileNameGt=../graphsdb/mcs30/bvg/b03/mcs30_b03_s35.B13
Reading graphs...
35 :  51
35 :  52
Initializing...
maxdom : 35
D->valSize : 1225
Solving...
Blb : 2 (clique : 22)
currentSize : 22 <-- 0.036745 s
currentSize : 23 <-- 0.037292 s
currentSize : 24 <-- 0.267028 s
currentSize : 25 <-- 0.267203 s
currentSize : 26 <-- 0.778754 s
currentSize : 27 <-- 19.660795 s

maxsize : 27
nodes : 119519910.000000
filtered : 6045037102.000000
time : 940.333191
