Parameters: GAD=1 vflib=1 dir=0 label=0 lowerbound=1 fileNameGp=../graphsdb/mcs30/m3D/m3D/mcs30_m3D_s25.A92 fileNameGt=../graphsdb/mcs30/m3D/m3D/mcs30_m3D_s25.B92
Reading graphs...
25 :  47
25 :  46
Initializing...
maxdom : 25
D->valSize : 625
Solving...
Blb : 2 (clique : 14)
currentSize : 14 <-- 0.005612 s
currentSize : 15 <-- 0.005847 s
currentSize : 16 <-- 0.005871 s
currentSize : 17 <-- 0.018707 s
currentSize : 18 <-- 22.541435 s

maxsize : 18
nodes : 5890527.000000
filtered : 142556793.000000
time : 24.286043
