Parameters: GAD=1 vflib=1 dir=0 label=0 lowerbound=1 fileNameGp=../graphsdb/mcs30/m3D/m3D/mcs30_m3D_s30.A31 fileNameGt=../graphsdb/mcs30/m3D/m3D/mcs30_m3D_s30.B31
Reading graphs...
30 :  60
30 :  61
Initializing...
maxdom : 30
D->valSize : 900
Solving...
Blb : 2 (clique : 17)
currentSize : 17 <-- 0.010973 s
currentSize : 18 <-- 0.012321 s
currentSize : 19 <-- 0.020491 s
currentSize : 20 <-- 0.021315 s
currentSize : 21 <-- 9.413112 s

maxsize : 21
nodes : 15590205.000000
filtered : 648025783.000000
time : 90.380653
