Parameters: GAD=1 vflib=1 dir=0 label=0 lowerbound=1 fileNameGp=../graphsdb/mcs30/m2D/m2Dr2/mcs30_m2Dr2_s30.A23 fileNameGt=../graphsdb/mcs30/m2D/m2Dr2/mcs30_m2Dr2_s30.B23
Reading graphs...
30 :  52
30 :  53
Initializing...
maxdom : 30
D->valSize : 900
Solving...
Blb : 2 (clique : 18)
currentSize : 18 <-- 0.019634 s
currentSize : 19 <-- 0.019991 s
currentSize : 20 <-- 0.031756 s
currentSize : 21 <-- 0.739811 s
currentSize : 22 <-- 1.470579 s

maxsize : 22
nodes : 6493409.000000
filtered : 238197554.000000
time : 36.497200
