Parameters: GAD=1 vflib=1 dir=0 label=0 lowerbound=1 fileNameGp=../graphsdb/mcs30/bvg/b03m/mcs30_b03m_s30.A26 fileNameGt=../graphsdb/mcs30/bvg/b03m/mcs30_b03m_s30.B26
Reading graphs...
30 :  45
30 :  45
Initializing...
maxdom : 30
D->valSize : 900
Solving...
Blb : 2 (clique : 19)
currentSize : 19 <-- 0.011850 s
currentSize : 20 <-- 0.012669 s
currentSize : 21 <-- 0.021376 s
currentSize : 22 <-- 0.115289 s
currentSize : 23 <-- 5.154951 s

maxsize : 23
nodes : 4582493.000000
filtered : 197095843.000000
time : 28.687605
