Parameters: GAD=1 vflib=1 dir=0 label=0 lowerbound=1 fileNameGp=../graphsdb/mcs30/m3D/m3Dr4/mcs30_m3Dr4_s25.A96 fileNameGt=../graphsdb/mcs30/m3D/m3Dr4/mcs30_m3Dr4_s25.B96
Reading graphs...
25 :  57
25 :  56
Initializing...
maxdom : 25
D->valSize : 625
Solving...
Blb : 2 (clique : 12)
currentSize : 12 <-- 0.005190 s
currentSize : 13 <-- 0.005268 s
currentSize : 14 <-- 0.005307 s
currentSize : 15 <-- 0.005384 s
currentSize : 16 <-- 0.010604 s
currentSize : 17 <-- 0.585423 s

maxsize : 17
nodes : 1645414.000000
filtered : 41479997.000000
time : 6.734443
