Parameters: GAD=1 vflib=1 dir=0 label=0 lowerbound=1 fileNameGp=../graphsdb/mcs30/rand/r005/mcs30_r005_s35.A70 fileNameGt=../graphsdb/mcs30/rand/r005/mcs30_r005_s35.B70
Reading graphs...
35 :  63
35 :  61
Initializing...
maxdom : 35
D->valSize : 1225
Solving...
Blb : 2 (clique : 20)
currentSize : 20 <-- 0.021766 s
currentSize : 21 <-- 0.022086 s
currentSize : 22 <-- 0.035955 s
currentSize : 23 <-- 0.037290 s
currentSize : 24 <-- 4.683095 s
currentSize : 25 <-- 34.276855 s
currentSize : 26 <-- 209.019684 s

maxsize : 26
nodes : 134139263.000000
filtered : 7461567191.000000
time : 1034.584473
