Parameters: GAD=1 vflib=1 dir=0 label=0 lowerbound=1 fileNameGp=../graphsdb/mcs30/m2D/m2Dr6/mcs30_m2Dr6_s30.A98 fileNameGt=../graphsdb/mcs30/m2D/m2Dr6/mcs30_m2Dr6_s30.B98
Reading graphs...
30 :  62
30 :  65
Initializing...
maxdom : 30
D->valSize : 900
Solving...
Blb : 2 (clique : 16)
currentSize : 16 <-- 0.010805 s
currentSize : 18 <-- 0.010926 s
currentSize : 19 <-- 0.524856 s
currentSize : 20 <-- 1.440741 s
currentSize : 21 <-- 154.619324 s

maxsize : 21
nodes : 39607635.000000
filtered : 1487545078.000000
time : 222.357559
