Parameters: GAD=1 vflib=1 dir=0 label=0 lowerbound=1 fileNameGp=../graphsdb/mcs30/rand/r01/mcs30_r01_s35.A71 fileNameGt=../graphsdb/mcs30/rand/r01/mcs30_r01_s35.B71
Reading graphs...
35 :  118
35 :  110
Initializing...
maxdom : 35
D->valSize : 1225
Solving...
Blb : 2 (clique : 14)
currentSize : 14 <-- 0.019356 s
currentSize : 15 <-- 0.019520 s
currentSize : 17 <-- 0.019730 s
currentSize : 18 <-- 0.102366 s
currentSize : 19 <-- 0.180217 s
currentSize : 20 <-- 19.906925 s

TIMEOUT
maxsize : 20
nodes : 681724007.000000
filtered : 22886080933.000000
time : 3600.000000
