Parameters: GAD=1 vflib=1 dir=0 label=0 lowerbound=1 fileNameGp=../graphsdb/mcs30/m3D/m3D/mcs30_m3D_s25.A98 fileNameGt=../graphsdb/mcs30/m3D/m3D/mcs30_m3D_s25.B98
Reading graphs...
25 :  49
25 :  46
Initializing...
maxdom : 25
D->valSize : 625
Solving...
Blb : 2 (clique : 12)
currentSize : 12 <-- 0.005609 s
currentSize : 13 <-- 0.005692 s
currentSize : 14 <-- 0.005721 s
currentSize : 15 <-- 0.008377 s
currentSize : 16 <-- 0.009751 s
currentSize : 17 <-- 0.159963 s

maxsize : 17
nodes : 2847192.000000
filtered : 77902577.000000
time : 12.027596
