Parameters: GAD=1 vflib=1 dir=0 label=0 lowerbound=1 fileNameGp=../graphsdb/mcs30/rand/r01/mcs30_r01_s30.A77 fileNameGt=../graphsdb/mcs30/rand/r01/mcs30_r01_s30.B77
Reading graphs...
30 :  86
30 :  85
Initializing...
maxdom : 30
D->valSize : 900
Solving...
Blb : 5 (clique : 13)
currentSize : 13 <-- 0.010570 s
currentSize : 14 <-- 0.010688 s
currentSize : 15 <-- 0.010908 s
currentSize : 16 <-- 0.012947 s
currentSize : 17 <-- 0.059825 s
currentSize : 18 <-- 1.263322 s
currentSize : 19 <-- 219.091827 s

maxsize : 19
nodes : 51577559.000000
filtered : 1311162523.000000
time : 233.240753
