Parameters: GAD=1 vflib=1 dir=0 label=0 lowerbound=1 fileNameGp=../graphsdb/mcs30/rand/r01/mcs30_r01_s30.A87 fileNameGt=../graphsdb/mcs30/rand/r01/mcs30_r01_s30.B87
Reading graphs...
30 :  85
30 :  84
Initializing...
maxdom : 30
D->valSize : 900
Solving...
Blb : 2 (clique : 14)
currentSize : 14 <-- 0.010602 s
currentSize : 15 <-- 0.011158 s
currentSize : 16 <-- 0.013434 s
currentSize : 17 <-- 0.059242 s
currentSize : 18 <-- 2.843898 s

maxsize : 18
nodes : 83186686.000000
filtered : 2281753295.000000
time : 382.808350
