Parameters: GAD=1 vflib=1 dir=0 label=0 lowerbound=1 fileNameGp=../graphsdb/mcs30/bvg/b03m/mcs30_b03m_s30.A22 fileNameGt=../graphsdb/mcs30/bvg/b03m/mcs30_b03m_s30.B22
Reading graphs...
30 :  43
30 :  44
Initializing...
maxdom : 30
D->valSize : 900
Solving...
Blb : 2 (clique : 17)
currentSize : 17 <-- 0.019737 s
currentSize : 18 <-- 0.019936 s
currentSize : 19 <-- 0.020840 s
currentSize : 20 <-- 0.022036 s
currentSize : 21 <-- 0.022099 s
currentSize : 22 <-- 0.022205 s
currentSize : 23 <-- 21.190165 s

maxsize : 23
nodes : 7010485.000000
filtered : 235726928.000000
time : 37.855259
