Parameters: GAD=1 vflib=1 dir=0 label=0 lowerbound=1 fileNameGp=../graphsdb/mcs30/m2D/m2Dr4/mcs30_m2Dr4_s30.A61 fileNameGt=../graphsdb/mcs30/m2D/m2Dr4/mcs30_m2Dr4_s30.B61
Reading graphs...
30 :  58
30 :  57
Initializing...
maxdom : 30
D->valSize : 900
Solving...
Blb : 2 (clique : 16)
currentSize : 16 <-- 0.011049 s
currentSize : 17 <-- 0.011179 s
currentSize : 18 <-- 0.011563 s
currentSize : 19 <-- 0.011610 s
currentSize : 20 <-- 0.040113 s
currentSize : 21 <-- 101.685585 s

maxsize : 21
nodes : 81570519.000000
filtered : 2544986372.000000
time : 416.562866
