Parameters: GAD=1 vflib=1 dir=0 label=0 lowerbound=1 fileNameGp=../graphsdb/mcs30/bvg/b06/mcs30_b06_s35.A88 fileNameGt=../graphsdb/mcs30/bvg/b06/mcs30_b06_s35.B88
Reading graphs...
35 :  103
35 :  104
Initializing...
maxdom : 35
D->valSize : 1225
Solving...
Blb : 2 (clique : 18)
currentSize : 18 <-- 0.020043 s
currentSize : 19 <-- 0.022081 s
currentSize : 20 <-- 4.225913 s
currentSize : 21 <-- 63.484577 s
currentSize : 22 <-- 86.223473 s

maxsize : 22
nodes : 158999637.000000
filtered : 6651204129.000000
time : 952.121521
