Parameters: GAD=1 vflib=1 dir=0 label=0 lowerbound=1 fileNameGp=../graphsdb/mcs30/bvg/b06/mcs30_b06_s35.A06 fileNameGt=../graphsdb/mcs30/bvg/b06/mcs30_b06_s35.B06
Reading graphs...
35 :  105
35 :  104
Initializing...
maxdom : 35
D->valSize : 1225
Solving...
Blb : 2 (clique : 14)
currentSize : 14 <-- 0.019559 s
currentSize : 15 <-- 0.019696 s
currentSize : 16 <-- 0.019710 s
currentSize : 17 <-- 0.021218 s
currentSize : 18 <-- 0.025530 s
currentSize : 19 <-- 0.041236 s
currentSize : 20 <-- 1.466645 s
currentSize : 21 <-- 124.353844 s

maxsize : 21
nodes : 597174742.000000
filtered : 22075161445.000000
time : 3364.600342
