Parameters: GAD=1 vflib=1 dir=0 label=0 lowerbound=1 fileNameGp=../graphsdb/mcs30/bvg/b03m/mcs30_b03m_s35.A77 fileNameGt=../graphsdb/mcs30/bvg/b03m/mcs30_b03m_s35.B77
Reading graphs...
35 :  51
35 :  50
Initializing...
maxdom : 35
D->valSize : 1225
Solving...
Blb : 2 (clique : 23)
currentSize : 23 <-- 0.021649 s
currentSize : 24 <-- 0.024212 s
currentSize : 25 <-- 0.058710 s
currentSize : 26 <-- 4.233729 s
currentSize : 27 <-- 52.694050 s

maxsize : 27
nodes : 146054366.000000
filtered : 8183314246.000000
time : 1138.698608
