Parameters: GAD=1 vflib=1 dir=0 label=0 lowerbound=1 fileNameGp=../graphsdb/mcs30/rand/r005/mcs30_r005_s25.A24 fileNameGt=../graphsdb/mcs30/rand/r005/mcs30_r005_s25.B24
Reading graphs...
25 :  34
25 :  33
Initializing...
maxdom : 25
D->valSize : 625
Solving...
Blb : 2 (clique : 15)
currentSize : 15 <-- 0.005590 s
currentSize : 16 <-- 0.005752 s
currentSize : 17 <-- 0.006164 s
currentSize : 18 <-- 0.011689 s
currentSize : 19 <-- 0.023673 s
currentSize : 20 <-- 0.223907 s

maxsize : 20
nodes : 165693.000000
filtered : 4950283.000000
time : 0.784897
