Parameters: GAD=1 vflib=1 dir=0 label=0 lowerbound=1 fileNameGp=../graphsdb/mcs30/bvg/b09/mcs30_b09_s35.A25 fileNameGt=../graphsdb/mcs30/bvg/b09/mcs30_b09_s35.B25
Reading graphs...
35 :  152
35 :  151
Initializing...
maxdom : 35
D->valSize : 1225
Solving...
Blb : 3 (clique : 15)
currentSize : 15 <-- 0.031816 s
currentSize : 16 <-- 0.032039 s
currentSize : 17 <-- 0.032192 s
currentSize : 18 <-- 0.043135 s
currentSize : 19 <-- 2.809577 s

maxsize : 19
nodes : 268201889.000000
filtered : 8212488690.000000
time : 1361.347412
