Parameters: GAD=1 vflib=1 dir=0 label=0 lowerbound=1 fileNameGp=../graphsdb/mcs30/bvg/b09m/mcs30_b09m_s35.A59 fileNameGt=../graphsdb/mcs30/bvg/b09m/mcs30_b09m_s35.B59
Reading graphs...
35 :  142
35 :  146
Initializing...
maxdom : 35
D->valSize : 1225
Solving...
Blb : 2 (clique : 14)
currentSize : 14 <-- 0.018541 s
currentSize : 15 <-- 0.019179 s
currentSize : 16 <-- 0.021773 s
currentSize : 17 <-- 0.022822 s
currentSize : 18 <-- 3.383984 s
currentSize : 19 <-- 243.927887 s

maxsize : 19
nodes : 364724034.000000
filtered : 10795682876.000000
time : 1839.853149
