Parameters: GAD=1 vflib=1 dir=0 label=0 lowerbound=1 fileNameGp=../graphsdb/mcs30/bvg/b03/mcs30_b03_s30.A31 fileNameGt=../graphsdb/mcs30/bvg/b03/mcs30_b03_s30.B31
Reading graphs...
30 :  45
30 :  44
Initializing...
maxdom : 30
D->valSize : 900
Solving...
Blb : 2 (clique : 19)
currentSize : 19 <-- 0.019555 s
currentSize : 20 <-- 0.023278 s
currentSize : 21 <-- 0.024782 s
currentSize : 22 <-- 0.353783 s
currentSize : 23 <-- 3.420757 s

maxsize : 23
nodes : 4144830.000000
filtered : 178172562.000000
time : 26.003475
