Parameters: GAD=1 vflib=1 dir=0 label=0 lowerbound=1 fileNameGp=../graphsdb/mcs30/rand/r005/mcs30_r005_s35.A86 fileNameGt=../graphsdb/mcs30/rand/r005/mcs30_r005_s35.B86
Reading graphs...
35 :  62
35 :  62
Initializing...
maxdom : 35
D->valSize : 1225
Solving...
Blb : 2 (clique : 22)
currentSize : 22 <-- 0.020905 s
currentSize : 23 <-- 0.021270 s
currentSize : 24 <-- 0.098556 s
currentSize : 25 <-- 36.880154 s
currentSize : 26 <-- 37.048714 s

maxsize : 26
nodes : 161011280.000000
filtered : 8527098629.000000
time : 1243.335083
