Parameters: GAD=1 vflib=1 dir=0 label=0 lowerbound=1 fileNameGp=../graphsdb/mcs30/m3D/m3Dr2/mcs30_m3Dr2_s30.A13 fileNameGt=../graphsdb/mcs30/m3D/m3Dr2/mcs30_m3Dr2_s30.B13
Reading graphs...
30 :  67
30 :  66
Initializing...
maxdom : 30
D->valSize : 900
Solving...
Blb : 2 (clique : 15)
currentSize : 15 <-- 0.015854 s
currentSize : 16 <-- 0.015971 s
currentSize : 17 <-- 0.015996 s
currentSize : 18 <-- 0.016192 s
currentSize : 19 <-- 0.025762 s
currentSize : 20 <-- 0.354025 s
currentSize : 21 <-- 131.209473 s

maxsize : 21
nodes : 27662182.000000
filtered : 1045793757.000000
time : 153.438919
