Parameters: GAD=1 vflib=1 dir=0 label=0 lowerbound=1 fileNameGp=../graphsdb/mcs30/m2D/m2D/mcs30_m2D_s30.A64 fileNameGt=../graphsdb/mcs30/m2D/m2D/mcs30_m2D_s30.B64
Reading graphs...
30 :  48
30 :  49
Initializing...
maxdom : 30
D->valSize : 900
Solving...
Blb : 2 (clique : 17)
currentSize : 17 <-- 0.011392 s
currentSize : 18 <-- 0.019934 s
currentSize : 19 <-- 0.025709 s
currentSize : 20 <-- 0.031922 s
currentSize : 21 <-- 0.561183 s
currentSize : 22 <-- 8.944622 s
currentSize : 23 <-- 29.336004 s

maxsize : 23
nodes : 11538994.000000
filtered : 464011835.000000
time : 67.240540
