Parameters: GAD=1 vflib=1 dir=0 label=0 lowerbound=1 fileNameGp=../graphsdb/mcs30/m3D/m3D/mcs30_m3D_s25.A90 fileNameGt=../graphsdb/mcs30/m3D/m3D/mcs30_m3D_s25.B90
Reading graphs...
25 :  48
25 :  47
Initializing...
maxdom : 25
D->valSize : 625
Solving...
Blb : 2 (clique : 13)
currentSize : 13 <-- 0.009111 s
currentSize : 14 <-- 0.009271 s
currentSize : 15 <-- 0.010937 s
currentSize : 16 <-- 0.041668 s
currentSize : 17 <-- 0.226125 s
currentSize : 18 <-- 2.310806 s

maxsize : 18
nodes : 787941.000000
filtered : 18883489.000000
time : 3.393915
