Parameters: GAD=1 vflib=1 dir=0 label=0 lowerbound=1 fileNameGp=../graphsdb/mcs30/bvg/b06/mcs30_b06_s30.A34 fileNameGt=../graphsdb/mcs30/bvg/b06/mcs30_b06_s30.B34
Reading graphs...
30 :  86
30 :  89
Initializing...
maxdom : 30
D->valSize : 900
Solving...
Blb : 2 (clique : 14)
currentSize : 14 <-- 0.010495 s
currentSize : 15 <-- 0.012173 s
currentSize : 16 <-- 0.013856 s
currentSize : 17 <-- 0.015836 s
currentSize : 18 <-- 0.623892 s

maxsize : 18
nodes : 56833425.000000
filtered : 1771459005.000000
time : 273.189697
