Parameters: GAD=1 vflib=1 dir=0 label=0 lowerbound=1 fileNameGp=../graphsdb/mcs30/m3D/m3Dr2/mcs30_m3Dr2_s30.A95 fileNameGt=../graphsdb/mcs30/m3D/m3Dr2/mcs30_m3Dr2_s30.B95
Reading graphs...
30 :  65
30 :  65
Initializing...
maxdom : 30
D->valSize : 900
Solving...
Blb : 2 (clique : 16)
currentSize : 16 <-- 0.011001 s
currentSize : 17 <-- 0.011150 s
currentSize : 18 <-- 0.012633 s
currentSize : 19 <-- 0.013614 s
currentSize : 20 <-- 0.804575 s
currentSize : 21 <-- 29.356037 s

maxsize : 21
nodes : 8999319.000000
filtered : 288716884.000000
time : 45.209484
