Parameters: GAD=1 vflib=1 dir=0 label=0 lowerbound=1 fileNameGp=../graphsdb/mcs30/bvg/b03m/mcs30_b03m_s35.A66 fileNameGt=../graphsdb/mcs30/bvg/b03m/mcs30_b03m_s35.B66
Reading graphs...
35 :  51
35 :  51
Initializing...
maxdom : 35
D->valSize : 1225
Solving...
Blb : 2 (clique : 22)
currentSize : 22 <-- 0.037808 s
currentSize : 23 <-- 0.110363 s
currentSize : 24 <-- 0.129803 s
currentSize : 25 <-- 0.140859 s
currentSize : 26 <-- 0.692560 s
currentSize : 27 <-- 66.368324 s

TIMEOUT
maxsize : 27
nodes : 476102331.000000
filtered : 23148332958.000000
time : 3600.000000
