Parameters: GAD=1 vflib=1 dir=0 label=0 lowerbound=1 fileNameGp=../graphsdb/mcs30/m3D/m3Dr6/mcs30_m3Dr6_s25.A84 fileNameGt=../graphsdb/mcs30/m3D/m3Dr6/mcs30_m3Dr6_s25.B84
Reading graphs...
25 :  63
25 :  59
Initializing...
maxdom : 25
D->valSize : 625
Solving...
Blb : 3 (clique : 12)
currentSize : 12 <-- 0.008842 s
currentSize : 13 <-- 0.009004 s
currentSize : 14 <-- 0.009665 s
currentSize : 15 <-- 0.020373 s
currentSize : 16 <-- 0.025385 s

maxsize : 16
nodes : 2853984.000000
filtered : 73015844.000000
time : 11.815751
