Parameters: GAD=1 vflib=1 dir=0 label=0 lowerbound=1 fileNameGp=../graphsdb/mcs30/rand/r005/mcs30_r005_s35.A76 fileNameGt=../graphsdb/mcs30/rand/r005/mcs30_r005_s35.B76
Reading graphs...
35 :  62
35 :  61
Initializing...
maxdom : 35
D->valSize : 1225
Solving...
Blb : 3 (clique : 19)
currentSize : 19 <-- 0.036659 s
currentSize : 20 <-- 0.037793 s
currentSize : 21 <-- 0.038002 s
currentSize : 22 <-- 0.151986 s
currentSize : 23 <-- 0.324244 s
currentSize : 24 <-- 1.834417 s
currentSize : 25 <-- 6.306783 s
currentSize : 26 <-- 991.987061 s

maxsize : 26
nodes : 218667623.000000
filtered : 10223592958.000000
time : 1509.834106
