Parameters: GAD=1 vflib=1 dir=0 label=0 lowerbound=1 fileNameGp=../graphsdb/mcs30/m3D/m3Dr4/mcs30_m3Dr4_s30.A77 fileNameGt=../graphsdb/mcs30/m3D/m3Dr4/mcs30_m3Dr4_s30.B77
Reading graphs...
30 :  71
30 :  72
Initializing...
maxdom : 30
D->valSize : 900
Solving...
Blb : 2 (clique : 13)
currentSize : 13 <-- 0.010749 s
currentSize : 14 <-- 0.010853 s
currentSize : 15 <-- 0.012108 s
currentSize : 16 <-- 0.012390 s
currentSize : 17 <-- 0.021513 s
currentSize : 18 <-- 0.045383 s
currentSize : 19 <-- 1.161522 s
currentSize : 20 <-- 45.945423 s

maxsize : 20
nodes : 25948571.000000
filtered : 720154074.000000
time : 122.555023
