Parameters: GAD=1 vflib=1 dir=0 label=0 lowerbound=1 fileNameGp=../graphsdb/mcs30/rand/r005/mcs30_r005_s35.A23 fileNameGt=../graphsdb/mcs30/rand/r005/mcs30_r005_s35.B23
Reading graphs...
35 :  62
35 :  62
Initializing...
maxdom : 35
D->valSize : 1225
Solving...
Blb : 2 (clique : 20)
currentSize : 20 <-- 0.036797 s
currentSize : 22 <-- 0.037081 s
currentSize : 23 <-- 0.047182 s
currentSize : 24 <-- 0.512710 s
currentSize : 25 <-- 21.644421 s
currentSize : 26 <-- 3069.814697 s

maxsize : 26
nodes : 502303405.000000
filtered : 23845565471.000000
time : 3435.471924
