Parameters: GAD=1 vflib=1 dir=0 label=0 lowerbound=1 fileNameGp=../graphsdb/mcs30/m3D/m3Dr4/mcs30_m3Dr4_s30.A27 fileNameGt=../graphsdb/mcs30/m3D/m3Dr4/mcs30_m3Dr4_s30.B27
Reading graphs...
30 :  71
30 :  68
Initializing...
maxdom : 30
D->valSize : 900
Solving...
Blb : 2 (clique : 16)
currentSize : 16 <-- 0.011101 s
currentSize : 17 <-- 0.011537 s
currentSize : 18 <-- 0.096326 s
currentSize : 19 <-- 0.429061 s
currentSize : 20 <-- 7.704654 s

maxsize : 20
nodes : 17022850.000000
filtered : 603699431.000000
time : 90.611588
