Parameters: GAD=1 vflib=1 dir=0 label=0 lowerbound=1 fileNameGp=../graphsdb/mcs30/bvg/b03m/mcs30_b03m_s35.A96 fileNameGt=../graphsdb/mcs30/bvg/b03m/mcs30_b03m_s35.B96
Reading graphs...
35 :  52
35 :  52
Initializing...
maxdom : 35
D->valSize : 1225
Solving...
Blb : 2 (clique : 23)
currentSize : 23 <-- 0.021780 s
currentSize : 24 <-- 0.039134 s
currentSize : 25 <-- 2.449248 s
currentSize : 26 <-- 7.536017 s
currentSize : 27 <-- 73.125526 s
currentSize : 28 <-- 666.790222 s

maxsize : 28
nodes : 108409714.000000
filtered : 6911679303.000000
time : 914.118896
