Parameters: GAD=1 vflib=1 dir=0 label=0 lowerbound=1 fileNameGp=../graphsdb/mcs30/rand/r005/mcs30_r005_s30.A12 fileNameGt=../graphsdb/mcs30/rand/r005/mcs30_r005_s30.B12
Reading graphs...
30 :  46
30 :  47
Initializing...
maxdom : 30
D->valSize : 900
Solving...
Blb : 3 (clique : 18)
currentSize : 18 <-- 0.011420 s
currentSize : 19 <-- 0.012013 s
currentSize : 20 <-- 0.021467 s
currentSize : 21 <-- 0.068262 s
currentSize : 22 <-- 2.692934 s
currentSize : 23 <-- 7.265181 s

maxsize : 23
nodes : 5184712.000000
filtered : 193108240.000000
time : 30.037205
