Parameters: GAD=1 vflib=1 dir=0 label=0 lowerbound=1 fileNameGp=../graphsdb/mcs30/m3D/m3Dr6/mcs30_m3Dr6_s30.A53 fileNameGt=../graphsdb/mcs30/m3D/m3Dr6/mcs30_m3Dr6_s30.B53
Reading graphs...
30 :  76
30 :  77
Initializing...
maxdom : 30
D->valSize : 900
Solving...
Blb : 3 (clique : 15)
currentSize : 15 <-- 0.010673 s
currentSize : 16 <-- 0.015280 s
currentSize : 17 <-- 0.032657 s
currentSize : 18 <-- 0.231765 s
currentSize : 19 <-- 3.651528 s
currentSize : 20 <-- 65.453583 s

maxsize : 20
nodes : 21413657.000000
filtered : 832984722.000000
time : 119.313805
