Parameters: GAD=1 vflib=1 dir=0 label=0 lowerbound=1 fileNameGp=../graphsdb/mcs30/m3D/m3D/mcs30_m3D_s30.A80 fileNameGt=../graphsdb/mcs30/m3D/m3D/mcs30_m3D_s30.B80
Reading graphs...
30 :  59
30 :  60
Initializing...
maxdom : 30
D->valSize : 900
Solving...
Blb : 2 (clique : 14)
currentSize : 14 <-- 0.018890 s
currentSize : 15 <-- 0.019044 s
currentSize : 17 <-- 0.019341 s
currentSize : 18 <-- 0.019363 s
currentSize : 19 <-- 0.019553 s
currentSize : 20 <-- 0.199973 s
currentSize : 21 <-- 0.458379 s

maxsize : 21
nodes : 28283178.000000
filtered : 1016069890.000000
time : 156.961731
