Parameters: GAD=1 vflib=1 dir=0 label=0 lowerbound=1 fileNameGp=../graphsdb/mcs30/m3D/m3Dr6/mcs30_m3Dr6_s30.A34 fileNameGt=../graphsdb/mcs30/m3D/m3Dr6/mcs30_m3Dr6_s30.B34
Reading graphs...
30 :  73
30 :  71
Initializing...
maxdom : 30
D->valSize : 900
Solving...
Blb : 2 (clique : 14)
currentSize : 14 <-- 0.010913 s
currentSize : 15 <-- 0.011032 s
currentSize : 16 <-- 0.018408 s
currentSize : 17 <-- 0.048942 s
currentSize : 18 <-- 1.399336 s
currentSize : 19 <-- 39.691265 s

maxsize : 19
nodes : 65959128.000000
filtered : 1642765718.000000
time : 294.537140
