Parameters: GAD=1 vflib=1 dir=0 label=0 lowerbound=1 fileNameGp=../graphsdb/mcs30/rand/r005/mcs30_r005_s35.A97 fileNameGt=../graphsdb/mcs30/rand/r005/mcs30_r005_s35.B97
Reading graphs...
35 :  64
35 :  64
Initializing...
maxdom : 35
D->valSize : 1225
Solving...
Blb : 2 (clique : 21)
currentSize : 21 <-- 0.020816 s
currentSize : 22 <-- 0.109374 s
currentSize : 23 <-- 2.917237 s
currentSize : 24 <-- 7.021626 s
currentSize : 25 <-- 14.225299 s

maxsize : 25
nodes : 336822920.000000
filtered : 14954236319.000000
time : 2384.502197
