Parameters: GAD=1 vflib=1 dir=0 label=0 lowerbound=1 fileNameGp=../graphsdb/mcs30/bvg/b03/mcs30_b03_s30.A91 fileNameGt=../graphsdb/mcs30/bvg/b03/mcs30_b03_s30.B91
Reading graphs...
30 :  45
30 :  45
Initializing...
maxdom : 30
D->valSize : 900
Solving...
Blb : 2 (clique : 19)
currentSize : 19 <-- 0.019800 s
currentSize : 20 <-- 0.020040 s
currentSize : 21 <-- 0.020142 s
currentSize : 22 <-- 0.079054 s
currentSize : 23 <-- 0.808986 s

maxsize : 23
nodes : 13119660.000000
filtered : 565485815.000000
time : 84.292694
