Parameters: GAD=1 vflib=1 dir=0 label=0 lowerbound=1 fileNameGp=../graphsdb/mcs30/rand/r02/mcs30_r02_s35.A72 fileNameGt=../graphsdb/mcs30/rand/r02/mcs30_r02_s35.B72
Reading graphs...
35 :  209
35 :  209
Initializing...
maxdom : 35
D->valSize : 1225
Solving...
Blb : 5 (clique : 11)
currentSize : 11 <-- 0.029695 s
currentSize : 12 <-- 0.029934 s
currentSize : 13 <-- 0.031602 s
currentSize : 14 <-- 0.037267 s
currentSize : 15 <-- 3.456802 s
currentSize : 16 <-- 318.611572 s

TIMEOUT
maxsize : 16
nodes : 928219030.000000
filtered : 13609231717.000000
time : 3600.000000
