Parameters: GAD=1 vflib=1 dir=0 label=0 lowerbound=1 fileNameGp=../graphsdb/mcs30/rand/r005/mcs30_r005_s35.A55 fileNameGt=../graphsdb/mcs30/rand/r005/mcs30_r005_s35.B55
Reading graphs...
35 :  64
35 :  61
Initializing...
maxdom : 35
D->valSize : 1225
Solving...
Blb : 2 (clique : 19)
currentSize : 19 <-- 0.020897 s
currentSize : 20 <-- 0.021420 s
currentSize : 21 <-- 0.021458 s
currentSize : 22 <-- 0.022346 s
currentSize : 23 <-- 0.656281 s
currentSize : 24 <-- 0.991142 s
currentSize : 25 <-- 3.647712 s

maxsize : 25
nodes : 405774495.000000
filtered : 17902288463.000000
time : 2610.332764
