Parameters: GAD=1 vflib=1 dir=0 label=0 lowerbound=1 fileNameGp=../graphsdb/mcs30/m3D/m3D/mcs30_m3D_s30.A39 fileNameGt=../graphsdb/mcs30/m3D/m3D/mcs30_m3D_s30.B39
Reading graphs...
30 :  60
30 :  60
Initializing...
maxdom : 30
D->valSize : 900
Solving...
Blb : 2 (clique : 15)
currentSize : 15 <-- 0.016925 s
currentSize : 16 <-- 0.017146 s
currentSize : 17 <-- 0.017510 s
currentSize : 18 <-- 0.018043 s
currentSize : 19 <-- 0.034029 s
currentSize : 20 <-- 0.175140 s
currentSize : 21 <-- 137.565002 s

maxsize : 21
nodes : 37906972.000000
filtered : 1138512415.000000
time : 183.604172
