Parameters: GAD=1 vflib=1 dir=0 label=0 lowerbound=1 fileNameGp=../graphsdb/mcs30/bvg/b06/mcs30_b06_s30.A91 fileNameGt=../graphsdb/mcs30/bvg/b06/mcs30_b06_s30.B91
Reading graphs...
30 :  84
30 :  88
Initializing...
maxdom : 30
D->valSize : 900
Solving...
Blb : 2 (clique : 13)
currentSize : 13 <-- 0.010350 s
currentSize : 14 <-- 0.010483 s
currentSize : 15 <-- 0.011557 s
currentSize : 16 <-- 0.085298 s
currentSize : 17 <-- 0.130233 s
currentSize : 18 <-- 0.728847 s
currentSize : 19 <-- 9.578278 s

maxsize : 19
nodes : 14255712.000000
filtered : 487987271.000000
time : 74.101128
