Parameters: GAD=1 vflib=1 dir=0 label=0 lowerbound=1 fileNameGp=../graphsdb/mcs30/m3D/m3Dr6/mcs30_m3Dr6_s25.A75 fileNameGt=../graphsdb/mcs30/m3D/m3Dr6/mcs30_m3Dr6_s25.B75
Reading graphs...
25 :  61
25 :  61
Initializing...
maxdom : 25
D->valSize : 625
Solving...
Blb : 5 (clique : 12)
currentSize : 12 <-- 0.008888 s
currentSize : 13 <-- 0.010206 s
currentSize : 14 <-- 0.011374 s
currentSize : 15 <-- 0.050947 s
currentSize : 16 <-- 0.423796 s

maxsize : 16
nodes : 2900169.000000
filtered : 56563799.000000
time : 10.677708
