Parameters: GAD=1 vflib=1 dir=0 label=0 lowerbound=1 fileNameGp=../graphsdb/mcs30/rand/r02/mcs30_r02_s35.A97 fileNameGt=../graphsdb/mcs30/rand/r02/mcs30_r02_s35.B97
Reading graphs...
35 :  218
35 :  211
Initializing...
maxdom : 35
D->valSize : 1225
Solving...
Blb : 2 (clique : 11)
currentSize : 11 <-- 0.017818 s
currentSize : 12 <-- 0.017943 s
currentSize : 13 <-- 0.018263 s
currentSize : 14 <-- 0.028016 s
currentSize : 15 <-- 0.618156 s
currentSize : 16 <-- 437.180542 s

maxsize : 16
nodes : 874601436.000000
filtered : 13663367796.000000
time : 3436.580811
