Parameters: GAD=1 vflib=1 dir=0 label=0 lowerbound=1 fileNameGp=../graphsdb/mcs30/rand/r005/mcs30_r005_s35.A06 fileNameGt=../graphsdb/mcs30/rand/r005/mcs30_r005_s35.B06
Reading graphs...
35 :  62
35 :  63
Initializing...
maxdom : 35
D->valSize : 1225
Solving...
Blb : 5 (clique : 20)
currentSize : 20 <-- 0.021397 s
currentSize : 21 <-- 0.022571 s
currentSize : 22 <-- 0.022614 s
currentSize : 23 <-- 0.056103 s
currentSize : 24 <-- 0.738653 s
currentSize : 25 <-- 103.056725 s

TIMEOUT
maxsize : 25
nodes : 560498879.000000
filtered : 22997767329.000000
time : 3600.000000
