Parameters: GAD=1 vflib=1 dir=0 label=0 lowerbound=1 fileNameGp=../graphsdb/mcs30/m3D/m3Dr4/mcs30_m3Dr4_s30.A32 fileNameGt=../graphsdb/mcs30/m3D/m3Dr4/mcs30_m3Dr4_s30.B32
Reading graphs...
30 :  71
30 :  69
Initializing...
maxdom : 30
D->valSize : 900
Solving...
Blb : 2 (clique : 16)
currentSize : 16 <-- 0.010976 s
currentSize : 17 <-- 0.012404 s
currentSize : 18 <-- 0.236211 s
currentSize : 19 <-- 4.049052 s
currentSize : 20 <-- 104.902992 s

maxsize : 20
nodes : 33711200.000000
filtered : 871265428.000000
time : 154.029724
