Parameters: GAD=1 vflib=1 dir=0 label=0 lowerbound=1 fileNameGp=../graphsdb/mcs30/rand/r01/mcs30_r01_s25.A87 fileNameGt=../graphsdb/mcs30/rand/r01/mcs30_r01_s25.B87
Reading graphs...
25 :  61
25 :  57
Initializing...
maxdom : 25
D->valSize : 625
Solving...
Blb : 2 (clique : 12)
currentSize : 12 <-- 0.005168 s
currentSize : 13 <-- 0.005261 s
currentSize : 14 <-- 0.005315 s
currentSize : 15 <-- 0.059954 s
currentSize : 16 <-- 0.129246 s

maxsize : 16
nodes : 3634318.000000
filtered : 77647430.000000
time : 13.858017
