Parameters: GAD=1 vflib=1 dir=0 label=0 lowerbound=1 fileNameGp=../graphsdb/mcs30/m2D/m2Dr6/mcs30_m2Dr6_s30.A29 fileNameGt=../graphsdb/mcs30/m2D/m2Dr6/mcs30_m2Dr6_s30.B29
Reading graphs...
30 :  66
30 :  65
Initializing...
maxdom : 30
D->valSize : 900
Solving...
Blb : 2 (clique : 17)
currentSize : 17 <-- 0.018797 s
currentSize : 18 <-- 0.021419 s
currentSize : 19 <-- 0.040032 s
currentSize : 20 <-- 0.113189 s
currentSize : 21 <-- 0.237407 s

maxsize : 21
nodes : 6679751.000000
filtered : 233708808.000000
time : 36.918995
