Parameters: GAD=1 vflib=1 dir=0 label=0 lowerbound=1 fileNameGp=../graphsdb/mcs30/m2D/m2Dr4/mcs30_m2Dr4_s30.A56 fileNameGt=../graphsdb/mcs30/m2D/m2Dr4/mcs30_m2Dr4_s30.B56
Reading graphs...
30 :  59
30 :  58
Initializing...
maxdom : 30
D->valSize : 900
Solving...
Blb : 5 (clique : 16)
currentSize : 16 <-- 0.019172 s
currentSize : 17 <-- 0.019383 s
currentSize : 18 <-- 0.019893 s
currentSize : 19 <-- 0.024125 s
currentSize : 20 <-- 0.027495 s
currentSize : 21 <-- 2.550417 s
currentSize : 22 <-- 107.586510 s

maxsize : 22
nodes : 20838400.000000
filtered : 725437667.000000
time : 111.327766
