Parameters: GAD=1 vflib=1 dir=0 label=0 lowerbound=1 fileNameGp=../graphsdb/mcs30/rand/r02/mcs30_r02_s35.A81 fileNameGt=../graphsdb/mcs30/rand/r02/mcs30_r02_s35.B81
Reading graphs...
35 :  216
35 :  208
Initializing...
maxdom : 35
D->valSize : 1225
Solving...
Blb : 2 (clique : 11)
currentSize : 11 <-- 0.029541 s
currentSize : 12 <-- 0.031174 s
currentSize : 13 <-- 0.050281 s
currentSize : 14 <-- 0.087618 s
currentSize : 15 <-- 24.395592 s
currentSize : 16 <-- 2316.001221 s

TIMEOUT
maxsize : 16
nodes : 968723364.000000
filtered : 12599476835.000000
time : 3600.000000
