Parameters: GAD=1 vflib=1 dir=0 label=0 lowerbound=1 fileNameGp=../graphsdb/mcs30/rand/r01/mcs30_r01_s35.A23 fileNameGt=../graphsdb/mcs30/rand/r01/mcs30_r01_s35.B23
Reading graphs...
35 :  114
35 :  116
Initializing...
maxdom : 35
D->valSize : 1225
Solving...
Blb : 5 (clique : 15)
currentSize : 15 <-- 0.033533 s
currentSize : 16 <-- 0.035734 s
currentSize : 17 <-- 0.037159 s
currentSize : 18 <-- 0.044177 s
currentSize : 19 <-- 0.523586 s
currentSize : 20 <-- 59.104794 s

TIMEOUT
maxsize : 20
nodes : 730876932.000000
filtered : 20249619341.000000
time : 3600.000000
