Parameters: GAD=1 vflib=1 dir=0 label=0 lowerbound=1 fileNameGp=../graphsdb/mcs30/m3D/m3D/mcs30_m3D_s30.A84 fileNameGt=../graphsdb/mcs30/m3D/m3D/mcs30_m3D_s30.B84
Reading graphs...
30 :  60
30 :  60
Initializing...
maxdom : 30
D->valSize : 900
Solving...
Blb : 2 (clique : 17)
currentSize : 17 <-- 0.011024 s
currentSize : 18 <-- 0.011211 s
currentSize : 19 <-- 0.011481 s
currentSize : 20 <-- 0.428304 s
currentSize : 21 <-- 6.723926 s

maxsize : 21
nodes : 13621297.000000
filtered : 386726963.000000
time : 65.315735
