Parameters: GAD=1 vflib=1 dir=0 label=0 lowerbound=1 fileNameGp=../graphsdb/mcs30/bvg/b03/mcs30_b03_s25.A95 fileNameGt=../graphsdb/mcs30/bvg/b03/mcs30_b03_s25.B95
Reading graphs...
25 :  37
25 :  36
Initializing...
maxdom : 25
D->valSize : 625
Solving...
Blb : 5 (clique : 14)
currentSize : 14 <-- 0.005549 s
currentSize : 15 <-- 0.008070 s
currentSize : 16 <-- 0.586580 s
currentSize : 17 <-- 3.215601 s
currentSize : 18 <-- 4.915685 s
currentSize : 19 <-- 8.078283 s

maxsize : 19
nodes : 2897951.000000
filtered : 62642573.000000
time : 9.645400
