Parameters: GAD=1 vflib=1 dir=0 label=0 lowerbound=1 fileNameGp=../graphsdb/mcs30/m2D/m2D/mcs30_m2D_s30.A00 fileNameGt=../graphsdb/mcs30/m2D/m2D/mcs30_m2D_s30.B00
Reading graphs...
30 :  48
30 :  48
Initializing...
maxdom : 30
D->valSize : 900
Solving...
Blb : 2 (clique : 16)
currentSize : 16 <-- 0.011380 s
currentSize : 17 <-- 0.011508 s
currentSize : 18 <-- 0.011633 s
currentSize : 19 <-- 0.012165 s
currentSize : 20 <-- 0.013143 s
currentSize : 21 <-- 0.168787 s
currentSize : 22 <-- 1.063681 s

maxsize : 22
nodes : 19139334.000000
filtered : 718809561.000000
time : 105.294197
