Parameters: GAD=1 vflib=1 dir=0 label=0 lowerbound=1 fileNameGp=../graphsdb/mcs30/m3D/m3Dr4/mcs30_m3Dr4_s25.A83 fileNameGt=../graphsdb/mcs30/m3D/m3Dr4/mcs30_m3Dr4_s25.B83
Reading graphs...
25 :  59
25 :  57
Initializing...
maxdom : 25
D->valSize : 625
Solving...
Blb : 2 (clique : 12)
currentSize : 12 <-- 0.005168 s
currentSize : 13 <-- 0.005242 s
currentSize : 14 <-- 0.005282 s
currentSize : 15 <-- 0.005387 s
currentSize : 16 <-- 1.138909 s

maxsize : 16
nodes : 4363466.000000
filtered : 97928804.000000
time : 17.087921
