Parameters: GAD=1 vflib=1 dir=0 label=0 lowerbound=1 fileNameGp=../graphsdb/mcs30/m3D/m3Dr6/mcs30_m3Dr6_s25.A56 fileNameGt=../graphsdb/mcs30/m3D/m3Dr6/mcs30_m3Dr6_s25.B56
Reading graphs...
25 :  62
25 :  56
Initializing...
maxdom : 25
D->valSize : 625
Solving...
Blb : 2 (clique : 13)
currentSize : 13 <-- 0.005231 s
currentSize : 14 <-- 0.005629 s
currentSize : 15 <-- 0.013822 s
currentSize : 16 <-- 0.199624 s
currentSize : 17 <-- 3.629475 s

maxsize : 17
nodes : 1869288.000000
filtered : 43306197.000000
time : 7.551940
