Parameters: GAD=1 vflib=1 dir=0 label=0 lowerbound=1 fileNameGp=../graphsdb/mcs30/bvg/b03/mcs30_b03_s20.A81 fileNameGt=../graphsdb/mcs30/bvg/b03/mcs30_b03_s20.B81
Reading graphs...
20 :  30
20 :  30
Initializing...
maxdom : 20
D->valSize : 400
Solving...
Blb : 2 (clique : 12)
currentSize : 12 <-- 0.002462 s
currentSize : 13 <-- 0.002873 s
currentSize : 14 <-- 0.003038 s
currentSize : 15 <-- 0.126461 s
currentSize : 16 <-- 0.314278 s

maxsize : 16
nodes : 104399.000000
filtered : 2428983.000000
time : 0.381097
