Parameters: GAD=1 vflib=1 dir=0 label=0 lowerbound=1 fileNameGp=../graphsdb/mcs30/bvg/b06/mcs30_b06_s30.A35 fileNameGt=../graphsdb/mcs30/bvg/b06/mcs30_b06_s30.B35
Reading graphs...
30 :  88
30 :  88
Initializing...
maxdom : 30
D->valSize : 900
Solving...
Blb : 2 (clique : 15)
currentSize : 15 <-- 0.018181 s
currentSize : 16 <-- 0.045477 s
currentSize : 17 <-- 0.071905 s
currentSize : 18 <-- 0.093452 s
currentSize : 19 <-- 16.362705 s

maxsize : 19
nodes : 10838839.000000
filtered : 336399601.000000
time : 53.907768
