Parameters: GAD=1 vflib=1 dir=0 label=0 lowerbound=1 fileNameGp=../graphsdb/mcs30/rand/r01/mcs30_r01_s30.A82 fileNameGt=../graphsdb/mcs30/rand/r01/mcs30_r01_s30.B82
Reading graphs...
30 :  82
30 :  88
Initializing...
maxdom : 30
D->valSize : 900
Solving...
Blb : 2 (clique : 14)
currentSize : 14 <-- 0.010433 s
currentSize : 15 <-- 0.010601 s
currentSize : 16 <-- 0.011214 s
currentSize : 17 <-- 0.011549 s
currentSize : 18 <-- 0.104164 s
currentSize : 19 <-- 141.255981 s

maxsize : 19
nodes : 47575785.000000
filtered : 1231226183.000000
time : 219.472595
