Parameters: GAD=1 vflib=1 dir=0 label=0 lowerbound=1 fileNameGp=../graphsdb/mcs30/m3D/m3Dr4/mcs30_m3Dr4_s30.A34 fileNameGt=../graphsdb/mcs30/m3D/m3Dr4/mcs30_m3Dr4_s30.B34
Reading graphs...
30 :  73
30 :  72
Initializing...
maxdom : 30
D->valSize : 900
Solving...
Blb : 2 (clique : 15)
currentSize : 15 <-- 0.018588 s
currentSize : 16 <-- 0.018811 s
currentSize : 17 <-- 0.020109 s
currentSize : 18 <-- 0.024537 s
currentSize : 19 <-- 1.170024 s
currentSize : 20 <-- 32.966980 s

maxsize : 20
nodes : 16724895.000000
filtered : 569651427.000000
time : 85.833794
