Parameters: GAD=1 vflib=1 dir=0 label=0 lowerbound=1 fileNameGp=../graphsdb/mcs30/rand/r01/mcs30_r01_s35.A94 fileNameGt=../graphsdb/mcs30/rand/r01/mcs30_r01_s35.B94
Reading graphs...
35 :  113
35 :  115
Initializing...
maxdom : 35
D->valSize : 1225
Solving...
Blb : 2 (clique : 14)
currentSize : 14 <-- 0.020080 s
currentSize : 15 <-- 0.020283 s
currentSize : 16 <-- 0.020366 s
currentSize : 17 <-- 0.021051 s
currentSize : 18 <-- 0.049987 s
currentSize : 19 <-- 0.211068 s
currentSize : 20 <-- 4.233615 s
currentSize : 21 <-- 886.398010 s

maxsize : 21
nodes : 344415129.000000
filtered : 11041798685.000000
time : 1841.338257
