Parameters: GAD=1 vflib=1 dir=0 label=0 lowerbound=1 fileNameGp=../graphsdb/mcs30/bvg/b03/mcs30_b03_s35.A90 fileNameGt=../graphsdb/mcs30/bvg/b03/mcs30_b03_s35.B90
Reading graphs...
35 :  52
35 :  52
Initializing...
maxdom : 35
D->valSize : 1225
Solving...
Blb : 2 (clique : 23)
currentSize : 23 <-- 0.022151 s
currentSize : 24 <-- 0.027232 s
currentSize : 25 <-- 1.005133 s
currentSize : 26 <-- 1.678595 s
currentSize : 27 <-- 334.645966 s

maxsize : 27
nodes : 253525240.000000
filtered : 13099062903.000000
time : 1864.692871
