Parameters: GAD=1 vflib=1 dir=0 label=0 lowerbound=1 fileNameGp=../graphsdb/mcs30/rand/r01/mcs30_r01_s25.A17 fileNameGt=../graphsdb/mcs30/rand/r01/mcs30_r01_s25.B17
Reading graphs...
25 :  58
25 :  61
Initializing...
maxdom : 25
D->valSize : 625
Solving...
Blb : 2 (clique : 12)
currentSize : 12 <-- 0.005189 s
currentSize : 14 <-- 0.005269 s
currentSize : 15 <-- 0.005624 s
currentSize : 16 <-- 0.083418 s
currentSize : 17 <-- 1.194499 s

maxsize : 17
nodes : 811752.000000
filtered : 19416099.000000
time : 3.379287
