Parameters: GAD=1 vflib=1 dir=0 label=0 lowerbound=1 fileNameGp=../graphsdb/mcs30/bvg/b09m/mcs30_b09m_s35.A77 fileNameGt=../graphsdb/mcs30/bvg/b09m/mcs30_b09m_s35.B77
Reading graphs...
35 :  148
35 :  143
Initializing...
maxdom : 35
D->valSize : 1225
Solving...
Blb : 2 (clique : 13)
currentSize : 13 <-- 0.031927 s
currentSize : 14 <-- 0.032134 s
currentSize : 15 <-- 0.032459 s
currentSize : 16 <-- 0.050013 s
currentSize : 17 <-- 0.517176 s
currentSize : 18 <-- 116.021011 s
currentSize : 19 <-- 2822.654785 s

TIMEOUT
maxsize : 19
nodes : 765684191.000000
filtered : 19347979911.000000
time : 3600.000000
