Parameters: GAD=1 vflib=1 dir=0 label=0 lowerbound=1 fileNameGp=../graphsdb/mcs30/rand/r01/mcs30_r01_s25.A31 fileNameGt=../graphsdb/mcs30/rand/r01/mcs30_r01_s25.B31
Reading graphs...
25 :  60
25 :  60
Initializing...
maxdom : 25
D->valSize : 625
Solving...
Blb : 2 (clique : 12)
currentSize : 12 <-- 0.005285 s
currentSize : 13 <-- 0.005370 s
currentSize : 14 <-- 0.006845 s
currentSize : 15 <-- 0.054845 s
currentSize : 16 <-- 0.306970 s

maxsize : 16
nodes : 3815798.000000
filtered : 87126534.000000
time : 15.305446
