Parameters: GAD=1 vflib=1 dir=0 label=0 lowerbound=1 fileNameGp=../graphsdb/mcs30/m3D/m3Dr2/mcs30_m3Dr2_s25.A76 fileNameGt=../graphsdb/mcs30/m3D/m3Dr2/mcs30_m3Dr2_s25.B76
Reading graphs...
25 :  54
25 :  50
Initializing...
maxdom : 25
D->valSize : 625
Solving...
Blb : 2 (clique : 13)
currentSize : 13 <-- 0.009217 s
currentSize : 14 <-- 0.009415 s
currentSize : 15 <-- 0.014126 s
currentSize : 16 <-- 0.026295 s
currentSize : 17 <-- 0.034115 s

maxsize : 17
nodes : 1472191.000000
filtered : 41231596.000000
time : 6.422305
