Parameters: GAD=1 vflib=1 dir=0 label=0 lowerbound=1 fileNameGp=../graphsdb/mcs30/m3D/m3Dr2/mcs30_m3Dr2_s25.A58 fileNameGt=../graphsdb/mcs30/m3D/m3Dr2/mcs30_m3Dr2_s25.B58
Reading graphs...
25 :  52
25 :  52
Initializing...
maxdom : 25
D->valSize : 625
Solving...
Blb : 5 (clique : 12)
currentSize : 12 <-- 0.009004 s
currentSize : 13 <-- 0.009123 s
currentSize : 14 <-- 0.009494 s
currentSize : 15 <-- 0.011735 s
currentSize : 16 <-- 0.017064 s
currentSize : 17 <-- 0.488555 s

maxsize : 17
nodes : 1696128.000000
filtered : 36908710.000000
time : 6.877527
