Parameters: GAD=1 vflib=1 dir=0 label=0 lowerbound=1 fileNameGp=../graphsdb/mcs30/rand/r005/mcs30_r005_s35.A77 fileNameGt=../graphsdb/mcs30/rand/r005/mcs30_r005_s35.B77
Reading graphs...
35 :  63
35 :  64
Initializing...
maxdom : 35
D->valSize : 1225
Solving...
Blb : 2 (clique : 20)
currentSize : 20 <-- 0.020967 s
currentSize : 21 <-- 0.021198 s
currentSize : 22 <-- 0.022584 s
currentSize : 23 <-- 0.599601 s
currentSize : 24 <-- 0.614979 s
currentSize : 25 <-- 733.981628 s

maxsize : 25
nodes : 490403612.000000
filtered : 23460202116.000000
time : 3365.198730
