Parameters: GAD=1 vflib=1 dir=0 label=0 lowerbound=1 fileNameGp=../graphsdb/mcs30/rand/r005/mcs30_r005_s25.A02 fileNameGt=../graphsdb/mcs30/rand/r005/mcs30_r005_s25.B02
Reading graphs...
25 :  34
25 :  32
Initializing...
maxdom : 25
D->valSize : 625
Solving...
Blb : 2 (clique : 15)
currentSize : 15 <-- 0.009674 s
currentSize : 16 <-- 0.009813 s
currentSize : 17 <-- 0.010629 s
currentSize : 19 <-- 0.021183 s
currentSize : 20 <-- 0.356470 s

maxsize : 20
nodes : 139672.000000
filtered : 4852143.000000
time : 0.832828
