Parameters: GAD=1 vflib=1 dir=0 label=0 lowerbound=1 fileNameGp=../graphsdb/mcs30/m3D/m3Dr4/mcs30_m3Dr4_s25.A38 fileNameGt=../graphsdb/mcs30/m3D/m3Dr4/mcs30_m3Dr4_s25.B38
Reading graphs...
25 :  58
25 :  55
Initializing...
maxdom : 25
D->valSize : 625
Solving...
Blb : 2 (clique : 13)
currentSize : 13 <-- 0.005236 s
currentSize : 14 <-- 0.005383 s
currentSize : 15 <-- 0.008498 s
currentSize : 16 <-- 0.358912 s
currentSize : 17 <-- 0.502203 s

maxsize : 17
nodes : 1538517.000000
filtered : 36925383.000000
time : 6.275063
