Parameters: GAD=1 vflib=1 dir=0 label=0 lowerbound=1 fileNameGp=../graphsdb/mcs30/bvg/b03m/mcs30_b03m_s30.A80 fileNameGt=../graphsdb/mcs30/bvg/b03m/mcs30_b03m_s30.B80
Reading graphs...
30 :  44
30 :  44
Initializing...
maxdom : 30
D->valSize : 900
Solving...
Blb : 2 (clique : 19)
currentSize : 19 <-- 0.011450 s
currentSize : 20 <-- 0.013610 s
currentSize : 21 <-- 0.072079 s
currentSize : 22 <-- 0.164237 s
currentSize : 23 <-- 0.648792 s
currentSize : 24 <-- 7.489891 s

maxsize : 24
nodes : 3808749.000000
filtered : 170176325.000000
time : 25.318192
