Parameters: GAD=1 vflib=1 dir=0 label=0 lowerbound=1 fileNameGp=../graphsdb/mcs30/bvg/b03m/mcs30_b03m_s30.A48 fileNameGt=../graphsdb/mcs30/bvg/b03m/mcs30_b03m_s30.B48
Reading graphs...
30 :  44
30 :  45
Initializing...
maxdom : 30
D->valSize : 900
Solving...
Blb : 2 (clique : 17)
currentSize : 17 <-- 0.019894 s
currentSize : 18 <-- 0.032119 s
currentSize : 19 <-- 0.072909 s
currentSize : 20 <-- 0.154349 s
currentSize : 21 <-- 0.263121 s
currentSize : 22 <-- 1.414425 s
currentSize : 23 <-- 12.844928 s

maxsize : 23
nodes : 4596970.000000
filtered : 175648843.000000
time : 26.455236
