Parameters: GAD=1 vflib=1 dir=0 label=0 lowerbound=1 fileNameGp=../graphsdb/mcs30/rand/r02/mcs30_r02_s35.A39 fileNameGt=../graphsdb/mcs30/rand/r02/mcs30_r02_s35.B39
Reading graphs...
35 :  216
35 :  208
Initializing...
maxdom : 35
D->valSize : 1225
Solving...
Blb : 3 (clique : 11)
currentSize : 11 <-- 0.018073 s
currentSize : 12 <-- 0.018433 s
currentSize : 13 <-- 0.023801 s
currentSize : 14 <-- 0.708692 s
currentSize : 15 <-- 22.531923 s
currentSize : 16 <-- 450.950836 s

maxsize : 16
nodes : 877291036.000000
filtered : 12982279015.000000
time : 3364.874512
