Parameters: GAD=1 vflib=1 dir=0 label=0 lowerbound=1 fileNameGp=../graphsdb/mcs30/bvg/b06/mcs30_b06_s25.A39 fileNameGt=../graphsdb/mcs30/bvg/b06/mcs30_b06_s25.B39
Reading graphs...
25 :  72
25 :  73
Initializing...
maxdom : 25
D->valSize : 625
Solving...
Blb : 2 (clique : 12)
currentSize : 12 <-- 0.005027 s
currentSize : 13 <-- 0.005106 s
currentSize : 14 <-- 0.005664 s
currentSize : 15 <-- 0.008638 s
currentSize : 16 <-- 0.175830 s

maxsize : 16
nodes : 1021026.000000
filtered : 26604500.000000
time : 4.353113
