Parameters: GAD=1 vflib=1 dir=0 label=0 lowerbound=1 fileNameGp=../graphsdb/mcs30/bvg/b06m/mcs30_b06m_s25.A10 fileNameGt=../graphsdb/mcs30/bvg/b06m/mcs30_b06m_s25.B10
Reading graphs...
25 :  69
25 :  68
Initializing...
maxdom : 25
D->valSize : 625
Solving...
Blb : 2 (clique : 12)
currentSize : 12 <-- 0.005142 s
currentSize : 13 <-- 0.006055 s
currentSize : 14 <-- 0.023363 s
currentSize : 15 <-- 0.240101 s
currentSize : 16 <-- 0.497901 s

maxsize : 16
nodes : 1322086.000000
filtered : 34569141.000000
time : 5.583040
