Parameters: GAD=1 vflib=1 dir=0 label=0 lowerbound=1 fileNameGp=../graphsdb/mcs30/bvg/b03/mcs30_b03_s25.A15 fileNameGt=../graphsdb/mcs30/bvg/b03/mcs30_b03_s25.B15
Reading graphs...
25 :  37
25 :  36
Initializing...
maxdom : 25
D->valSize : 625
Solving...
Blb : 2 (clique : 16)
currentSize : 16 <-- 0.005562 s
currentSize : 17 <-- 0.005673 s
currentSize : 18 <-- 0.033903 s
currentSize : 19 <-- 0.053083 s
currentSize : 20 <-- 2.086432 s

maxsize : 20
nodes : 453899.000000
filtered : 15351604.000000
time : 2.184207
