Parameters: GAD=1 vflib=1 dir=0 label=0 lowerbound=1 fileNameGp=../graphsdb/mcs30/bvg/b03m/mcs30_b03m_s35.A78 fileNameGt=../graphsdb/mcs30/bvg/b03m/mcs30_b03m_s35.B78
Reading graphs...
35 :  52
35 :  52
Initializing...
maxdom : 35
D->valSize : 1225
Solving...
Blb : 2 (clique : 21)
currentSize : 21 <-- 0.021750 s
currentSize : 22 <-- 0.021942 s
currentSize : 23 <-- 0.023315 s
currentSize : 24 <-- 0.032442 s
currentSize : 25 <-- 0.032977 s
currentSize : 26 <-- 0.232474 s
currentSize : 27 <-- 20.197884 s

maxsize : 27
nodes : 39859613.000000
filtered : 2163652679.000000
time : 304.393280
