Parameters: GAD=1 vflib=1 dir=0 label=0 lowerbound=1 fileNameGp=../graphsdb/mcs30/m2D/m2Dr6/mcs30_m2Dr6_s30.A26 fileNameGt=../graphsdb/mcs30/m2D/m2Dr6/mcs30_m2Dr6_s30.B26
Reading graphs...
30 :  66
30 :  63
Initializing...
maxdom : 30
D->valSize : 900
Solving...
Blb : 2 (clique : 17)
currentSize : 17 <-- 0.011000 s
currentSize : 18 <-- 0.011387 s
currentSize : 19 <-- 0.011544 s
currentSize : 20 <-- 1.477842 s
currentSize : 21 <-- 22.026720 s

maxsize : 21
nodes : 23354995.000000
filtered : 922911891.000000
time : 130.573135
