Parameters: GAD=1 vflib=1 dir=0 label=0 lowerbound=1 fileNameGp=../graphsdb/mcs30/bvg/b06m/mcs30_b06m_s25.A56 fileNameGt=../graphsdb/mcs30/bvg/b06m/mcs30_b06m_s25.B56
Reading graphs...
25 :  68
25 :  71
Initializing...
maxdom : 25
D->valSize : 625
Solving...
Blb : 2 (clique : 12)
currentSize : 12 <-- 0.008643 s
currentSize : 13 <-- 0.008784 s
currentSize : 14 <-- 0.010068 s
currentSize : 15 <-- 0.027157 s
currentSize : 16 <-- 4.985039 s

maxsize : 16
nodes : 2574795.000000
filtered : 72540895.000000
time : 11.876633
