Parameters: GAD=1 vflib=1 dir=0 label=0 lowerbound=1 fileNameGp=../graphsdb/mcs30/bvg/b03m/mcs30_b03m_s35.A15 fileNameGt=../graphsdb/mcs30/bvg/b03m/mcs30_b03m_s35.B15
Reading graphs...
35 :  51
35 :  49
Initializing...
maxdom : 35
D->valSize : 1225
Solving...
Blb : 5 (clique : 21)
currentSize : 21 <-- 0.021612 s
currentSize : 22 <-- 0.021793 s
currentSize : 23 <-- 0.022071 s
currentSize : 24 <-- 0.022566 s
currentSize : 25 <-- 0.022703 s
currentSize : 26 <-- 0.023682 s
currentSize : 27 <-- 126.354767 s

maxsize : 27
nodes : 57303426.000000
filtered : 2671994751.000000
time : 404.083435
