Parameters: GAD=1 vflib=1 dir=0 label=0 lowerbound=1 fileNameGp=../graphsdb/mcs30/m3D/m3D/mcs30_m3D_s25.A42 fileNameGt=../graphsdb/mcs30/m3D/m3D/mcs30_m3D_s25.B42
Reading graphs...
25 :  48
25 :  49
Initializing...
maxdom : 25
D->valSize : 625
Solving...
Blb : 2 (clique : 14)
currentSize : 14 <-- 0.005352 s
currentSize : 15 <-- 0.005438 s
currentSize : 16 <-- 0.005451 s
currentSize : 17 <-- 0.007132 s
currentSize : 18 <-- 0.272234 s

maxsize : 18
nodes : 613474.000000
filtered : 19494825.000000
time : 3.072240
