Parameters: GAD=1 vflib=1 dir=0 label=0 lowerbound=1 fileNameGp=../graphsdb/mcs30/m3D/m3Dr4/mcs30_m3Dr4_s25.A21 fileNameGt=../graphsdb/mcs30/m3D/m3Dr4/mcs30_m3Dr4_s25.B21
Reading graphs...
25 :  59
25 :  56
Initializing...
maxdom : 25
D->valSize : 625
Solving...
Blb : 2 (clique : 14)
currentSize : 14 <-- 0.005355 s
currentSize : 15 <-- 0.005693 s
currentSize : 16 <-- 0.009444 s
currentSize : 17 <-- 0.964788 s
currentSize : 18 <-- 1.062318 s

maxsize : 18
nodes : 439633.000000
filtered : 12782919.000000
time : 1.963024
