Parameters: GAD=1 vflib=1 dir=0 label=0 lowerbound=1 fileNameGp=../graphsdb/mcs30/rand/r005/mcs30_r005_s35.A48 fileNameGt=../graphsdb/mcs30/rand/r005/mcs30_r005_s35.B48
Reading graphs...
35 :  63
35 :  62
Initializing...
maxdom : 35
D->valSize : 1225
Solving...
Blb : 2 (clique : 19)
currentSize : 19 <-- 0.026563 s
currentSize : 21 <-- 0.026725 s
currentSize : 22 <-- 0.027577 s
currentSize : 23 <-- 0.792706 s
currentSize : 24 <-- 3.881994 s
currentSize : 25 <-- 258.262848 s
currentSize : 26 <-- 1852.456177 s

maxsize : 26
nodes : 432920214.000000
filtered : 20767659869.000000
time : 3041.781250
