Parameters: GAD=1 vflib=1 dir=0 label=0 lowerbound=1 fileNameGp=../graphsdb/mcs30/rand/r005/mcs30_r005_s30.A82 fileNameGt=../graphsdb/mcs30/rand/r005/mcs30_r005_s30.B82
Reading graphs...
30 :  46
30 :  47
Initializing...
maxdom : 30
D->valSize : 900
Solving...
Blb : 2 (clique : 18)
currentSize : 18 <-- 0.011364 s
currentSize : 19 <-- 0.016111 s
currentSize : 20 <-- 0.018401 s
currentSize : 21 <-- 0.680494 s
currentSize : 22 <-- 0.687113 s
currentSize : 23 <-- 0.782763 s

maxsize : 23
nodes : 5133877.000000
filtered : 226718779.000000
time : 32.221699
