Parameters: GAD=1 vflib=1 dir=0 label=0 lowerbound=1 fileNameGp=../graphsdb/mcs30/bvg/b06m/mcs30_b06m_s30.A32 fileNameGt=../graphsdb/mcs30/bvg/b06m/mcs30_b06m_s30.B32
Reading graphs...
30 :  87
30 :  84
Initializing...
maxdom : 30
D->valSize : 900
Solving...
Blb : 2 (clique : 14)
currentSize : 14 <-- 0.010280 s
currentSize : 15 <-- 0.010562 s
currentSize : 16 <-- 0.029691 s
currentSize : 17 <-- 0.534140 s
currentSize : 18 <-- 1.016533 s

maxsize : 18
nodes : 50035087.000000
filtered : 1335159040.000000
time : 226.316254
