Parameters: GAD=1 vflib=1 dir=0 label=0 lowerbound=1 fileNameGp=../graphsdb/mcs30/rand/r005/mcs30_r005_s35.A20 fileNameGt=../graphsdb/mcs30/rand/r005/mcs30_r005_s35.B20
Reading graphs...
35 :  64
35 :  62
Initializing...
maxdom : 35
D->valSize : 1225
Solving...
Blb : 2 (clique : 19)
currentSize : 19 <-- 0.021351 s
currentSize : 21 <-- 0.021526 s
currentSize : 22 <-- 0.021547 s
currentSize : 23 <-- 0.021601 s
currentSize : 24 <-- 0.022370 s
currentSize : 25 <-- 1.518485 s

maxsize : 25
nodes : 468327292.000000
filtered : 17675000350.000000
time : 2866.899658
