Parameters: GAD=1 vflib=1 dir=0 label=0 lowerbound=1 fileNameGp=../graphsdb/mcs30/bvg/b09m/mcs30_b09m_s35.A19 fileNameGt=../graphsdb/mcs30/bvg/b09m/mcs30_b09m_s35.B19
Reading graphs...
35 :  138
35 :  142
Initializing...
maxdom : 35
D->valSize : 1225
Solving...
Blb : 3 (clique : 14)
currentSize : 14 <-- 0.018719 s
currentSize : 15 <-- 0.018872 s
currentSize : 16 <-- 0.035934 s
currentSize : 17 <-- 0.129793 s
currentSize : 18 <-- 9.689030 s
currentSize : 19 <-- 78.655540 s

maxsize : 19
nodes : 538037023.000000
filtered : 16159375916.000000
time : 2716.996826
