Parameters: GAD=1 vflib=1 dir=0 label=0 lowerbound=1 fileNameGp=../graphsdb/mcs30/rand/r005/mcs30_r005_s35.A90 fileNameGt=../graphsdb/mcs30/rand/r005/mcs30_r005_s35.B90
Reading graphs...
35 :  63
35 :  63
Initializing...
maxdom : 35
D->valSize : 1225
Solving...
Blb : 2 (clique : 20)
currentSize : 20 <-- 0.021301 s
currentSize : 21 <-- 0.022860 s
currentSize : 22 <-- 0.029572 s
currentSize : 23 <-- 0.039298 s
currentSize : 24 <-- 0.924581 s
currentSize : 25 <-- 7.195298 s
currentSize : 26 <-- 53.588352 s

maxsize : 26
nodes : 89560640.000000
filtered : 4725081856.000000
time : 672.955017
