Parameters: GAD=1 vflib=1 dir=0 label=0 lowerbound=1 fileNameGp=../graphsdb/mcs30/m3D/m3Dr4/mcs30_m3Dr4_s30.A15 fileNameGt=../graphsdb/mcs30/m3D/m3Dr4/mcs30_m3Dr4_s30.B15
Reading graphs...
30 :  70
30 :  71
Initializing...
maxdom : 30
D->valSize : 900
Solving...
Blb : 2 (clique : 14)
currentSize : 14 <-- 0.010655 s
currentSize : 15 <-- 0.010772 s
currentSize : 16 <-- 0.010830 s
currentSize : 18 <-- 0.013298 s
currentSize : 19 <-- 0.471641 s
currentSize : 20 <-- 1.721901 s

maxsize : 20
nodes : 24348596.000000
filtered : 927117393.000000
time : 136.162415
