Parameters: GAD=1 vflib=1 dir=0 label=0 lowerbound=1 fileNameGp=../graphsdb/mcs30/rand/r02/mcs30_r02_s35.A35 fileNameGt=../graphsdb/mcs30/rand/r02/mcs30_r02_s35.B35
Reading graphs...
35 :  217
35 :  215
Initializing...
maxdom : 35
D->valSize : 1225
Solving...
Blb : 2 (clique : 11)
currentSize : 11 <-- 0.029727 s
currentSize : 12 <-- 0.029915 s
currentSize : 13 <-- 0.032724 s
currentSize : 14 <-- 0.411688 s
currentSize : 15 <-- 1.956789 s
currentSize : 16 <-- 3407.024170 s

TIMEOUT
maxsize : 16
nodes : 960512717.000000
filtered : 12378871084.000000
time : 3600.000000
