Parameters: GAD=1 vflib=1 dir=0 label=0 lowerbound=1 fileNameGp=../graphsdb/mcs30/bvg/b09/mcs30_b09_s35.A43 fileNameGt=../graphsdb/mcs30/bvg/b09/mcs30_b09_s35.B43
Reading graphs...
35 :  154
35 :  152
Initializing...
maxdom : 35
D->valSize : 1225
Solving...
Blb : 3 (clique : 15)
currentSize : 15 <-- 0.018368 s
currentSize : 16 <-- 0.022206 s
currentSize : 17 <-- 0.048053 s
currentSize : 18 <-- 0.140013 s
currentSize : 19 <-- 17.498802 s
currentSize : 20 <-- 547.266357 s

maxsize : 20
nodes : 280092409.000000
filtered : 9274326932.000000
time : 1470.699829
