Parameters: GAD=1 vflib=1 dir=0 label=0 lowerbound=1 fileNameGp=../graphsdb/mcs30/m2D/m2D/mcs30_m2D_s30.A36 fileNameGt=../graphsdb/mcs30/m2D/m2D/mcs30_m2D_s30.B36
Reading graphs...
30 :  49
30 :  48
Initializing...
maxdom : 30
D->valSize : 900
Solving...
Blb : 2 (clique : 18)
currentSize : 18 <-- 0.011335 s
currentSize : 19 <-- 0.012325 s
currentSize : 20 <-- 0.014006 s
currentSize : 21 <-- 2.607551 s
currentSize : 22 <-- 19.156420 s

maxsize : 22
nodes : 21236029.000000
filtered : 740428146.000000
time : 114.924896
