Parameters: GAD=1 vflib=1 dir=0 label=0 lowerbound=1 fileNameGp=../graphsdb/mcs30/m2D/m2Dr4/mcs30_m2Dr4_s30.A24 fileNameGt=../graphsdb/mcs30/m2D/m2Dr4/mcs30_m2Dr4_s30.B24
Reading graphs...
30 :  60
30 :  58
Initializing...
maxdom : 30
D->valSize : 900
Solving...
Blb : 2 (clique : 16)
currentSize : 16 <-- 0.010978 s
currentSize : 17 <-- 0.011352 s
currentSize : 18 <-- 0.012187 s
currentSize : 19 <-- 0.021990 s
currentSize : 20 <-- 0.238364 s
currentSize : 21 <-- 0.920869 s

maxsize : 21
nodes : 11283679.000000
filtered : 389264524.000000
time : 60.909046
