Parameters: GAD=1 vflib=1 dir=0 label=0 lowerbound=1 fileNameGp=../graphsdb/mcs30/bvg/b06/mcs30_b06_s35.A86 fileNameGt=../graphsdb/mcs30/bvg/b06/mcs30_b06_s35.B86
Reading graphs...
35 :  103
35 :  104
Initializing...
maxdom : 35
D->valSize : 1225
Solving...
Blb : 2 (clique : 15)
currentSize : 15 <-- 0.019669 s
currentSize : 16 <-- 0.020833 s
currentSize : 17 <-- 0.021298 s
currentSize : 18 <-- 0.036007 s
currentSize : 19 <-- 0.061745 s
currentSize : 20 <-- 3.092461 s
currentSize : 21 <-- 11.548907 s
currentSize : 22 <-- 2861.313965 s

maxsize : 22
nodes : 532811834.000000
filtered : 21781672399.000000
time : 3179.256836
