Parameters: GAD=1 vflib=1 dir=0 label=0 lowerbound=1 fileNameGp=../graphsdb/mcs30/bvg/b03/mcs30_b03_s35.A56 fileNameGt=../graphsdb/mcs30/bvg/b03/mcs30_b03_s35.B56
Reading graphs...
35 :  51
35 :  51
Initializing...
maxdom : 35
D->valSize : 1225
Solving...
Blb : 2 (clique : 21)
currentSize : 21 <-- 0.025775 s
currentSize : 22 <-- 0.026179 s
currentSize : 23 <-- 0.026946 s
currentSize : 24 <-- 0.118060 s
currentSize : 25 <-- 1.967727 s
currentSize : 26 <-- 76.861053 s
currentSize : 27 <-- 1680.329712 s

TIMEOUT
maxsize : 27
nodes : 491020897.000000
filtered : 26444208548.000000
time : 3600.000000
