Parameters: GAD=1 vflib=1 dir=0 label=0 lowerbound=1 fileNameGp=../graphsdb/mcs30/m3D/m3D/mcs30_m3D_s30.A60 fileNameGt=../graphsdb/mcs30/m3D/m3D/mcs30_m3D_s30.B60
Reading graphs...
30 :  60
30 :  61
Initializing...
maxdom : 30
D->valSize : 900
Solving...
Blb : 5 (clique : 16)
currentSize : 16 <-- 0.010980 s
currentSize : 17 <-- 0.011109 s
currentSize : 18 <-- 0.160288 s
currentSize : 19 <-- 0.182614 s
currentSize : 20 <-- 3.489323 s
currentSize : 21 <-- 63.687672 s

maxsize : 21
nodes : 20818771.000000
filtered : 670534495.000000
time : 107.794563
