Parameters: GAD=1 vflib=1 dir=0 label=0 lowerbound=1 fileNameGp=../graphsdb/mcs30/bvg/b06m/mcs30_b06m_s35.A60 fileNameGt=../graphsdb/mcs30/bvg/b06m/mcs30_b06m_s35.B60
Reading graphs...
35 :  101
35 :  101
Initializing...
maxdom : 35
D->valSize : 1225
Solving...
Blb : 2 (clique : 15)
currentSize : 15 <-- 0.019590 s
currentSize : 17 <-- 0.019740 s
currentSize : 18 <-- 0.020081 s
currentSize : 19 <-- 0.020369 s
currentSize : 20 <-- 0.022117 s
currentSize : 21 <-- 0.076158 s
currentSize : 22 <-- 79.337021 s

maxsize : 22
nodes : 331780541.000000
filtered : 14542613428.000000
time : 2069.323975
