Parameters: GAD=1 vflib=1 dir=0 label=0 lowerbound=1 fileNameGp=../graphsdb/mcs30/rand/r02/mcs30_r02_s35.A67 fileNameGt=../graphsdb/mcs30/rand/r02/mcs30_r02_s35.B67
Reading graphs...
35 :  212
35 :  219
Initializing...
maxdom : 35
D->valSize : 1225
Solving...
Blb : 5 (clique : 11)
currentSize : 11 <-- 0.017877 s
currentSize : 12 <-- 0.018325 s
currentSize : 13 <-- 0.058080 s
currentSize : 14 <-- 0.190268 s
currentSize : 15 <-- 25.245470 s
currentSize : 16 <-- 2114.193115 s

TIMEOUT
maxsize : 16
nodes : 962529255.000000
filtered : 12720957435.000000
time : 3600.000000
