Parameters: GAD=1 vflib=1 dir=0 label=0 lowerbound=1 fileNameGp=../graphsdb/mcs30/rand/r005/mcs30_r005_s30.A78 fileNameGt=../graphsdb/mcs30/rand/r005/mcs30_r005_s30.B78
Reading graphs...
30 :  46
30 :  47
Initializing...
maxdom : 30
D->valSize : 900
Solving...
Blb : 2 (clique : 19)
currentSize : 19 <-- 0.020083 s
currentSize : 20 <-- 0.064343 s
currentSize : 21 <-- 0.558570 s
currentSize : 22 <-- 4.955705 s
currentSize : 23 <-- 787.920776 s

maxsize : 23
nodes : 145628017.000000
filtered : 5356284492.000000
time : 820.478210
