Parameters: GAD=1 vflib=1 dir=0 label=0 lowerbound=1 fileNameGp=../graphsdb/mcs30/bvg/b03/mcs30_b03_s35.A65 fileNameGt=../graphsdb/mcs30/bvg/b03/mcs30_b03_s35.B65
Reading graphs...
35 :  52
35 :  52
Initializing...
maxdom : 35
D->valSize : 1225
Solving...
Blb : 2 (clique : 23)
currentSize : 23 <-- 0.021481 s
currentSize : 24 <-- 0.051754 s
currentSize : 25 <-- 0.201893 s
currentSize : 26 <-- 0.301740 s
currentSize : 27 <-- 2.835881 s

maxsize : 27
nodes : 26944276.000000
filtered : 1192730653.000000
time : 190.561951
