Parameters: GAD=1 vflib=1 dir=0 label=0 lowerbound=1 fileNameGp=../graphsdb/mcs30/rand/r02/mcs30_r02_s30.A39 fileNameGt=../graphsdb/mcs30/rand/r02/mcs30_r02_s30.B39
Reading graphs...
30 :  154
30 :  150
Initializing...
maxdom : 30
D->valSize : 900
Solving...
Blb : 2 (clique : 10)
currentSize : 10 <-- 0.014102 s
currentSize : 11 <-- 0.014222 s
currentSize : 12 <-- 0.014247 s
currentSize : 13 <-- 0.018062 s
currentSize : 14 <-- 0.380806 s

maxsize : 14
nodes : 143847490.000000
filtered : 1922973481.000000
time : 498.362030
