Parameters: GAD=1 vflib=1 dir=0 label=0 lowerbound=1 fileNameGp=../graphsdb/mcs30/bvg/b03m/mcs30_b03m_s30.A53 fileNameGt=../graphsdb/mcs30/bvg/b03m/mcs30_b03m_s30.B53
Reading graphs...
30 :  44
30 :  44
Initializing...
maxdom : 30
D->valSize : 900
Solving...
Blb : 2 (clique : 19)
currentSize : 19 <-- 0.011573 s
currentSize : 20 <-- 0.014924 s
currentSize : 21 <-- 0.017417 s
currentSize : 22 <-- 0.024041 s
currentSize : 23 <-- 0.069459 s

maxsize : 23
nodes : 7583256.000000
filtered : 312638924.000000
time : 47.460648
