Parameters: GAD=1 vflib=1 dir=0 label=0 lowerbound=1 fileNameGp=../graphsdb/mcs30/m3D/m3D/mcs30_m3D_s30.A89 fileNameGt=../graphsdb/mcs30/m3D/m3D/mcs30_m3D_s30.B89
Reading graphs...
30 :  59
30 :  59
Initializing...
maxdom : 30
D->valSize : 900
Solving...
Blb : 2 (clique : 16)
currentSize : 16 <-- 0.019338 s
currentSize : 17 <-- 0.019555 s
currentSize : 18 <-- 0.022336 s
currentSize : 19 <-- 0.099352 s
currentSize : 20 <-- 0.651865 s
currentSize : 21 <-- 0.914344 s
currentSize : 22 <-- 188.906601 s

maxsize : 22
nodes : 31958220.000000
filtered : 1473625410.000000
time : 191.773941
