Parameters: GAD=1 vflib=1 dir=0 label=0 lowerbound=1 fileNameGp=../graphsdb/mcs30/bvg/b06/mcs30_b06_s35.A63 fileNameGt=../graphsdb/mcs30/bvg/b06/mcs30_b06_s35.B63
Reading graphs...
35 :  105
35 :  103
Initializing...
maxdom : 35
D->valSize : 1225
Solving...
Blb : 2 (clique : 16)
currentSize : 16 <-- 0.034067 s
currentSize : 17 <-- 0.036287 s
currentSize : 18 <-- 0.086912 s
currentSize : 19 <-- 0.805903 s
currentSize : 20 <-- 2.887452 s
currentSize : 21 <-- 141.123886 s
currentSize : 22 <-- 1668.301514 s

maxsize : 22
nodes : 368632981.000000
filtered : 13667917687.000000
time : 2091.676758
