Parameters: GAD=1 vflib=1 dir=0 label=0 lowerbound=1 fileNameGp=../graphsdb/mcs30/bvg/b06m/mcs30_b06m_s25.A38 fileNameGt=../graphsdb/mcs30/bvg/b06m/mcs30_b06m_s25.B38
Reading graphs...
25 :  68
25 :  70
Initializing...
maxdom : 25
D->valSize : 625
Solving...
Blb : 2 (clique : 12)
currentSize : 12 <-- 0.005101 s
currentSize : 13 <-- 0.005410 s
currentSize : 14 <-- 0.006673 s
currentSize : 15 <-- 0.050742 s
currentSize : 16 <-- 3.338180 s

maxsize : 16
nodes : 1697257.000000
filtered : 37480070.000000
time : 6.684053
