Parameters: GAD=1 vflib=1 dir=0 label=0 lowerbound=1 fileNameGp=../graphsdb/mcs30/bvg/b06m/mcs30_b06m_s30.A08 fileNameGt=../graphsdb/mcs30/bvg/b06m/mcs30_b06m_s30.B08
Reading graphs...
30 :  87
30 :  85
Initializing...
maxdom : 30
D->valSize : 900
Solving...
Blb : 2 (clique : 14)
currentSize : 14 <-- 0.010919 s
currentSize : 15 <-- 0.011206 s
currentSize : 16 <-- 0.012273 s
currentSize : 17 <-- 0.039850 s
currentSize : 18 <-- 0.672175 s
currentSize : 19 <-- 16.822975 s

maxsize : 19
nodes : 15338264.000000
filtered : 492952152.000000
time : 76.684349
