Parameters: GAD=1 vflib=1 dir=0 label=0 lowerbound=1 fileNameGp=../graphsdb/mcs30/bvg/b06m/mcs30_b06m_s25.A81 fileNameGt=../graphsdb/mcs30/bvg/b06m/mcs30_b06m_s25.B81
Reading graphs...
25 :  70
25 :  70
Initializing...
maxdom : 25
D->valSize : 625
Solving...
Blb : 2 (clique : 12)
currentSize : 12 <-- 0.008563 s
currentSize : 13 <-- 0.010489 s
currentSize : 14 <-- 0.011108 s
currentSize : 15 <-- 0.052226 s
currentSize : 16 <-- 5.689763 s

maxsize : 16
nodes : 2225732.000000
filtered : 55585057.000000
time : 9.186218
