Parameters: GAD=1 vflib=1 dir=0 label=0 lowerbound=1 fileNameGp=../graphsdb/mcs30/m2D/m2Dr4/mcs30_m2Dr4_s30.A54 fileNameGt=../graphsdb/mcs30/m2D/m2Dr4/mcs30_m2Dr4_s30.B54
Reading graphs...
30 :  60
30 :  58
Initializing...
maxdom : 30
D->valSize : 900
Solving...
Blb : 5 (clique : 16)
currentSize : 16 <-- 0.019466 s
currentSize : 17 <-- 0.020404 s
currentSize : 18 <-- 0.021812 s
currentSize : 19 <-- 0.288687 s
currentSize : 20 <-- 0.493305 s
currentSize : 21 <-- 3.604243 s

maxsize : 21
nodes : 27384379.000000
filtered : 1094797039.000000
time : 153.599136
