Parameters: GAD=1 vflib=1 dir=0 label=0 lowerbound=1 fileNameGp=../graphsdb/mcs30/bvg/b09m/mcs30_b09m_s35.A51 fileNameGt=../graphsdb/mcs30/bvg/b09m/mcs30_b09m_s35.B51
Reading graphs...
35 :  142
35 :  148
Initializing...
maxdom : 35
D->valSize : 1225
Solving...
Blb : 2 (clique : 14)
currentSize : 14 <-- 0.019495 s
currentSize : 15 <-- 0.019646 s
currentSize : 16 <-- 0.156843 s
currentSize : 17 <-- 0.507510 s
currentSize : 18 <-- 29.534203 s
currentSize : 19 <-- 2610.152344 s

TIMEOUT
maxsize : 19
nodes : 738661037.000000
filtered : 20675182402.000000
time : 3600.000000
