Parameters: GAD=1 vflib=1 dir=0 label=0 lowerbound=1 fileNameGp=../graphsdb/mcs30/m3D/m3Dr6/mcs30_m3Dr6_s25.A12 fileNameGt=../graphsdb/mcs30/m3D/m3Dr6/mcs30_m3Dr6_s25.B12
Reading graphs...
25 :  60
25 :  62
Initializing...
maxdom : 25
D->valSize : 625
Solving...
Blb : 2 (clique : 12)
currentSize : 12 <-- 0.005085 s
currentSize : 13 <-- 0.005670 s
currentSize : 14 <-- 0.006108 s
currentSize : 15 <-- 0.006559 s
currentSize : 16 <-- 0.161731 s

maxsize : 16
nodes : 3596721.000000
filtered : 77356257.000000
time : 13.968670
