Parameters: GAD=1 vflib=1 dir=0 label=0 lowerbound=1 fileNameGp=../graphsdb/mcs30/bvg/b03/mcs30_b03_s30.A98 fileNameGt=../graphsdb/mcs30/bvg/b03/mcs30_b03_s30.B98
Reading graphs...
30 :  45
30 :  45
Initializing...
maxdom : 30
D->valSize : 900
Solving...
Blb : 2 (clique : 19)
currentSize : 19 <-- 0.020052 s
currentSize : 20 <-- 0.024013 s
currentSize : 21 <-- 0.072140 s
currentSize : 22 <-- 0.786444 s
currentSize : 23 <-- 1.601687 s
currentSize : 24 <-- 2.709572 s

maxsize : 24
nodes : 814760.000000
filtered : 29589306.000000
time : 4.508176
