Parameters: GAD=1 vflib=1 dir=0 label=0 lowerbound=1 fileNameGp=../graphsdb/mcs30/m2D/m2Dr6/mcs30_m2Dr6_s30.A64 fileNameGt=../graphsdb/mcs30/m2D/m2Dr6/mcs30_m2Dr6_s30.B64
Reading graphs...
30 :  66
30 :  64
Initializing...
maxdom : 30
D->valSize : 900
Solving...
Blb : 2 (clique : 16)
currentSize : 16 <-- 0.018950 s
currentSize : 17 <-- 0.019875 s
currentSize : 18 <-- 0.020596 s
currentSize : 19 <-- 0.150478 s
currentSize : 20 <-- 0.915054 s
currentSize : 21 <-- 11.685395 s

maxsize : 21
nodes : 5956175.000000
filtered : 209083839.000000
time : 31.168022
