Parameters: GAD=1 vflib=1 dir=0 label=0 lowerbound=1 fileNameGp=../graphsdb/mcs30/rand/r01/mcs30_r01_s35.A02 fileNameGt=../graphsdb/mcs30/rand/r01/mcs30_r01_s35.B02
Reading graphs...
35 :  113
35 :  110
Initializing...
maxdom : 35
D->valSize : 1225
Solving...
Blb : 2 (clique : 14)
currentSize : 14 <-- 0.033954 s
currentSize : 16 <-- 0.034167 s
currentSize : 17 <-- 0.035653 s
currentSize : 18 <-- 0.121094 s
currentSize : 19 <-- 1.017190 s
currentSize : 20 <-- 24.521151 s

TIMEOUT
maxsize : 20
nodes : 727706243.000000
filtered : 21504442374.000000
time : 3600.000000
