Parameters: GAD=1 vflib=1 dir=0 label=0 lowerbound=1 fileNameGp=../graphsdb/mcs30/bvg/b03/mcs30_b03_s35.A47 fileNameGt=../graphsdb/mcs30/bvg/b03/mcs30_b03_s35.B47
Reading graphs...
35 :  51
35 :  52
Initializing...
maxdom : 35
D->valSize : 1225
Solving...
Blb : 2 (clique : 20)
currentSize : 20 <-- 0.026029 s
currentSize : 21 <-- 0.026721 s
currentSize : 22 <-- 0.026969 s
currentSize : 23 <-- 0.027637 s
currentSize : 24 <-- 0.162098 s
currentSize : 25 <-- 0.612176 s
currentSize : 26 <-- 0.875780 s
currentSize : 27 <-- 32.356586 s

maxsize : 27
nodes : 43690148.000000
filtered : 2117157540.000000
time : 325.278473
