Parameters: GAD=1 vflib=1 dir=0 label=0 lowerbound=1 fileNameGp=../graphsdb/mcs30/bvg/b03m/mcs30_b03m_s20.A07 fileNameGt=../graphsdb/mcs30/bvg/b03m/mcs30_b03m_s20.B07
Reading graphs...
20 :  30
20 :  28
Initializing...
maxdom : 20
D->valSize : 400
Solving...
Blb : 5 (clique : 12)
currentSize : 12 <-- 0.002417 s
currentSize : 13 <-- 0.002496 s
currentSize : 14 <-- 0.004149 s
currentSize : 15 <-- 0.007186 s
currentSize : 16 <-- 0.019417 s

maxsize : 16
nodes : 13433.000000
filtered : 327911.000000
time : 0.052773
