Parameters: GAD=1 vflib=1 dir=0 label=0 lowerbound=1 fileNameGp=../graphsdb/mcs30/bvg/b06/mcs30_b06_s25.A14 fileNameGt=../graphsdb/mcs30/bvg/b06/mcs30_b06_s25.B14
Reading graphs...
25 :  74
25 :  73
Initializing...
maxdom : 25
D->valSize : 625
Solving...
Blb : 2 (clique : 12)
currentSize : 12 <-- 0.004897 s
currentSize : 13 <-- 0.005367 s
currentSize : 14 <-- 0.038423 s
currentSize : 15 <-- 0.040471 s
currentSize : 16 <-- 1.209838 s

maxsize : 16
nodes : 944856.000000
filtered : 19802771.000000
time : 3.713142
