Parameters: GAD=1 vflib=1 dir=0 label=0 lowerbound=1 fileNameGp=../graphsdb/mcs30/rand/r005/mcs30_r005_s35.A34 fileNameGt=../graphsdb/mcs30/rand/r005/mcs30_r005_s35.B34
Reading graphs...
35 :  63
35 :  63
Initializing...
maxdom : 35
D->valSize : 1225
Solving...
Blb : 2 (clique : 19)
currentSize : 19 <-- 0.020908 s
currentSize : 20 <-- 0.021122 s
currentSize : 21 <-- 0.034870 s
currentSize : 22 <-- 0.036367 s
currentSize : 23 <-- 0.044566 s
currentSize : 24 <-- 0.047507 s
currentSize : 25 <-- 63.464630 s
currentSize : 26 <-- 855.957092 s

maxsize : 26
nodes : 160826912.000000
filtered : 7332814533.000000
time : 1063.295044
