Parameters: GAD=1 vflib=1 dir=0 label=0 lowerbound=1 fileNameGp=../graphsdb/mcs30/bvg/b06m/mcs30_b06m_s25.A58 fileNameGt=../graphsdb/mcs30/bvg/b06m/mcs30_b06m_s25.B58
Reading graphs...
25 :  69
25 :  71
Initializing...
maxdom : 25
D->valSize : 625
Solving...
Blb : 2 (clique : 12)
currentSize : 12 <-- 0.008776 s
currentSize : 13 <-- 0.008901 s
currentSize : 14 <-- 0.009431 s
currentSize : 15 <-- 0.009470 s
currentSize : 16 <-- 1.806905 s

maxsize : 16
nodes : 1262714.000000
filtered : 35369033.000000
time : 5.513162
