Parameters: GAD=1 vflib=1 dir=0 label=0 lowerbound=1 fileNameGp=../graphsdb/mcs30/rand/r01/mcs30_r01_s35.A33 fileNameGt=../graphsdb/mcs30/rand/r01/mcs30_r01_s35.B33
Reading graphs...
35 :  113
35 :  116
Initializing...
maxdom : 35
D->valSize : 1225
Solving...
Blb : 2 (clique : 14)
currentSize : 14 <-- 0.019253 s
currentSize : 15 <-- 0.019393 s
currentSize : 16 <-- 0.019591 s
currentSize : 18 <-- 0.020155 s
currentSize : 19 <-- 1.831181 s
currentSize : 20 <-- 26.909916 s
currentSize : 21 <-- 2921.750977 s

maxsize : 21
nodes : 602995241.000000
filtered : 19662380237.000000
time : 3124.691895
