Parameters: GAD=1 vflib=1 dir=0 label=0 lowerbound=1 fileNameGp=../graphsdb/mcs30/m2D/m2D/mcs30_m2D_s30.A52 fileNameGt=../graphsdb/mcs30/m2D/m2D/mcs30_m2D_s30.B52
Reading graphs...
30 :  49
30 :  49
Initializing...
maxdom : 30
D->valSize : 900
Solving...
Blb : 2 (clique : 17)
currentSize : 17 <-- 0.011387 s
currentSize : 19 <-- 0.018760 s
currentSize : 20 <-- 0.038655 s
currentSize : 21 <-- 0.087623 s
currentSize : 22 <-- 0.339791 s
currentSize : 23 <-- 8.903558 s

maxsize : 23
nodes : 3676912.000000
filtered : 113002286.000000
time : 19.037191
