Parameters: GAD=1 vflib=1 dir=0 label=0 lowerbound=1 fileNameGp=../graphsdb/mcs30/m3D/m3Dr6/mcs30_m3Dr6_s30.A06 fileNameGt=../graphsdb/mcs30/m3D/m3Dr6/mcs30_m3Dr6_s30.B06
Reading graphs...
30 :  77
30 :  77
Initializing...
maxdom : 30
D->valSize : 900
Solving...
Blb : 2 (clique : 14)
currentSize : 14 <-- 0.018411 s
currentSize : 15 <-- 0.018778 s
currentSize : 16 <-- 0.019408 s
currentSize : 17 <-- 0.031118 s
currentSize : 18 <-- 0.579094 s
currentSize : 19 <-- 8.445183 s

maxsize : 19
nodes : 35730465.000000
filtered : 960007963.000000
time : 163.394547
