Parameters: GAD=1 vflib=1 dir=0 label=0 lowerbound=1 fileNameGp=../graphsdb/mcs30/bvg/b06/mcs30_b06_s25.A07 fileNameGt=../graphsdb/mcs30/bvg/b06/mcs30_b06_s25.B07
Reading graphs...
25 :  73
25 :  72
Initializing...
maxdom : 25
D->valSize : 625
Solving...
Blb : 3 (clique : 12)
currentSize : 12 <-- 0.005034 s
currentSize : 13 <-- 0.005697 s
currentSize : 14 <-- 0.005994 s
currentSize : 15 <-- 0.006989 s
currentSize : 16 <-- 0.673997 s

maxsize : 16
nodes : 1130630.000000
filtered : 23391352.000000
time : 4.268887
