Parameters: GAD=1 vflib=1 dir=0 label=0 lowerbound=1 fileNameGp=../graphsdb/mcs30/bvg/b03/mcs30_b03_s25.A91 fileNameGt=../graphsdb/mcs30/bvg/b03/mcs30_b03_s25.B91
Reading graphs...
25 :  36
25 :  37
Initializing...
maxdom : 25
D->valSize : 625
Solving...
Blb : 5 (clique : 15)
currentSize : 15 <-- 0.005633 s
currentSize : 16 <-- 0.006931 s
currentSize : 17 <-- 0.006996 s
currentSize : 18 <-- 0.010448 s
currentSize : 19 <-- 0.014041 s
currentSize : 20 <-- 0.057414 s

maxsize : 20
nodes : 45732.000000
filtered : 1558651.000000
time : 0.238357
