Parameters: GAD=1 vflib=1 dir=0 label=0 lowerbound=1 fileNameGp=../graphsdb/mcs30/rand/r02/mcs30_r02_s20.A88 fileNameGt=../graphsdb/mcs30/rand/r02/mcs30_r02_s20.B88
Reading graphs...
20 :  68
20 :  69
Initializing...
maxdom : 20
D->valSize : 400
Solving...
Blb : 2 (clique : 8)
currentSize : 8 <-- 0.002201 s
currentSize : 9 <-- 0.002838 s
currentSize : 10 <-- 0.002885 s
currentSize : 11 <-- 0.003079 s
currentSize : 12 <-- 0.104131 s

maxsize : 12
nodes : 291096.000000
filtered : 3692776.000000
time : 0.987357
