Parameters: GAD=1 vflib=1 dir=0 label=0 lowerbound=1 fileNameGp=../graphsdb/mcs30/bvg/b06/mcs30_b06_s35.A26 fileNameGt=../graphsdb/mcs30/bvg/b06/mcs30_b06_s35.B26
Reading graphs...
35 :  103
35 :  102
Initializing...
maxdom : 35
D->valSize : 1225
Solving...
Blb : 3 (clique : 15)
currentSize : 15 <-- 0.019340 s
currentSize : 16 <-- 0.019518 s
currentSize : 17 <-- 0.022627 s
currentSize : 18 <-- 0.584242 s
currentSize : 19 <-- 2.631275 s
currentSize : 20 <-- 9.229215 s
currentSize : 21 <-- 173.315323 s

maxsize : 21
nodes : 368150508.000000
filtered : 13023834226.000000
time : 2005.031250
