Parameters: GAD=1 vflib=1 dir=0 label=0 lowerbound=1 fileNameGp=../graphsdb/mcs30/m3D/m3Dr2/mcs30_m3Dr2_s30.A78 fileNameGt=../graphsdb/mcs30/m3D/m3Dr2/mcs30_m3Dr2_s30.B78
Reading graphs...
30 :  64
30 :  63
Initializing...
maxdom : 30
D->valSize : 900
Solving...
Blb : 5 (clique : 16)
currentSize : 16 <-- 0.018979 s
currentSize : 17 <-- 0.019333 s
currentSize : 18 <-- 0.019463 s
currentSize : 19 <-- 0.023937 s
currentSize : 20 <-- 0.490329 s
currentSize : 21 <-- 163.473068 s

maxsize : 21
nodes : 36029652.000000
filtered : 1114127239.000000
time : 179.295380
