Parameters: GAD=1 vflib=1 dir=0 label=0 lowerbound=1 fileNameGp=../graphsdb/mcs30/bvg/b03/mcs30_b03_s30.A93 fileNameGt=../graphsdb/mcs30/bvg/b03/mcs30_b03_s30.B93
Reading graphs...
30 :  45
30 :  45
Initializing...
maxdom : 30
D->valSize : 900
Solving...
Blb : 2 (clique : 19)
currentSize : 19 <-- 0.011875 s
currentSize : 20 <-- 0.022244 s
currentSize : 21 <-- 0.024189 s
currentSize : 22 <-- 0.212221 s
currentSize : 23 <-- 1.016189 s

maxsize : 23
nodes : 2616660.000000
filtered : 95136175.000000
time : 15.727156
