Parameters: GAD=1 vflib=1 dir=0 label=0 lowerbound=1 fileNameGp=../graphsdb/mcs30/rand/r005/mcs30_r005_s30.A55 fileNameGt=../graphsdb/mcs30/rand/r005/mcs30_r005_s30.B55
Reading graphs...
30 :  48
30 :  47
Initializing...
maxdom : 30
D->valSize : 900
Solving...
Blb : 2 (clique : 17)
currentSize : 17 <-- 0.011361 s
currentSize : 18 <-- 0.013706 s
currentSize : 19 <-- 0.441375 s
currentSize : 20 <-- 0.960930 s
currentSize : 21 <-- 0.981175 s
currentSize : 22 <-- 1.332736 s
currentSize : 23 <-- 35.791275 s

maxsize : 23
nodes : 9263619.000000
filtered : 388605424.000000
time : 57.325680
