Parameters: GAD=1 vflib=1 dir=0 label=0 lowerbound=1 fileNameGp=../graphsdb/mcs30/bvg/b06m/mcs30_b06m_s30.A38 fileNameGt=../graphsdb/mcs30/bvg/b06m/mcs30_b06m_s30.B38
Reading graphs...
30 :  86
30 :  85
Initializing...
maxdom : 30
D->valSize : 900
Solving...
Blb : 3 (clique : 14)
currentSize : 14 <-- 0.011588 s
currentSize : 15 <-- 0.012216 s
currentSize : 16 <-- 0.019146 s
currentSize : 17 <-- 0.129019 s
currentSize : 18 <-- 0.483060 s

maxsize : 18
nodes : 45593580.000000
filtered : 1407582696.000000
time : 215.131790
