Parameters: GAD=1 vflib=1 dir=0 label=0 lowerbound=1 fileNameGp=../graphsdb/mcs30/rand/r005/mcs30_r005_s30.A32 fileNameGt=../graphsdb/mcs30/rand/r005/mcs30_r005_s30.B32
Reading graphs...
30 :  46
30 :  46
Initializing...
maxdom : 30
D->valSize : 900
Solving...
Blb : 2 (clique : 18)
currentSize : 18 <-- 0.011365 s
currentSize : 19 <-- 0.011495 s
currentSize : 20 <-- 0.011641 s
currentSize : 21 <-- 0.011853 s
currentSize : 22 <-- 1.957996 s
currentSize : 23 <-- 37.346169 s

maxsize : 23
nodes : 10077167.000000
filtered : 351612709.000000
time : 55.386509
