Parameters: GAD=1 vflib=1 dir=0 label=0 lowerbound=1 fileNameGp=../graphsdb/mcs30/bvg/b03/mcs30_b03_s35.A99 fileNameGt=../graphsdb/mcs30/bvg/b03/mcs30_b03_s35.B99
Reading graphs...
35 :  51
35 :  52
Initializing...
maxdom : 35
D->valSize : 1225
Solving...
Blb : 2 (clique : 21)
currentSize : 21 <-- 0.021751 s
currentSize : 22 <-- 0.021940 s
currentSize : 23 <-- 0.114922 s
currentSize : 24 <-- 0.623383 s
currentSize : 25 <-- 0.637598 s
currentSize : 26 <-- 62.040710 s
currentSize : 27 <-- 895.274414 s

maxsize : 27
nodes : 164131628.000000
filtered : 7032085334.000000
time : 1126.673096
