Parameters: GAD=1 vflib=1 dir=0 label=0 lowerbound=1 fileNameGp=../graphsdb/mcs30/rand/r005/mcs30_r005_s35.A68 fileNameGt=../graphsdb/mcs30/rand/r005/mcs30_r005_s35.B68
Reading graphs...
35 :  63
35 :  63
Initializing...
maxdom : 35
D->valSize : 1225
Solving...
Blb : 2 (clique : 20)
currentSize : 20 <-- 0.036804 s
currentSize : 21 <-- 0.037716 s
currentSize : 22 <-- 0.039142 s
currentSize : 23 <-- 0.383537 s
currentSize : 24 <-- 1.726121 s
currentSize : 25 <-- 95.933884 s

TIMEOUT
maxsize : 25
nodes : 563590646.000000
filtered : 23787480214.000000
time : 3600.000000
