Parameters: GAD=1 vflib=1 dir=0 label=0 lowerbound=1 fileNameGp=../graphsdb/mcs30/m2D/m2Dr4/mcs30_m2Dr4_s30.A03 fileNameGt=../graphsdb/mcs30/m2D/m2Dr4/mcs30_m2Dr4_s30.B03
Reading graphs...
30 :  58
30 :  59
Initializing...
maxdom : 30
D->valSize : 900
Solving...
Blb : 2 (clique : 17)
currentSize : 17 <-- 0.010974 s
currentSize : 18 <-- 0.011099 s
currentSize : 19 <-- 0.011178 s
currentSize : 20 <-- 0.062486 s
currentSize : 21 <-- 0.871502 s

maxsize : 21
nodes : 22237030.000000
filtered : 797732215.000000
time : 118.679092
