Parameters: GAD=1 vflib=1 dir=0 label=0 lowerbound=1 fileNameGp=../graphsdb/mcs30/bvg/b03/mcs30_b03_s30.A59 fileNameGt=../graphsdb/mcs30/bvg/b03/mcs30_b03_s30.B59
Reading graphs...
30 :  45
30 :  45
Initializing...
maxdom : 30
D->valSize : 900
Solving...
Blb : 2 (clique : 17)
currentSize : 17 <-- 0.019926 s
currentSize : 19 <-- 0.020193 s
currentSize : 20 <-- 0.020651 s
currentSize : 21 <-- 0.020722 s
currentSize : 22 <-- 0.345194 s
currentSize : 23 <-- 0.437238 s

maxsize : 23
nodes : 4417241.000000
filtered : 197377492.000000
time : 28.765312
