Parameters: GAD=1 vflib=1 dir=0 label=0 lowerbound=1 fileNameGp=../graphsdb/mcs30/bvg/b06m/mcs30_b06m_s35.A06 fileNameGt=../graphsdb/mcs30/bvg/b06m/mcs30_b06m_s35.B06
Reading graphs...
35 :  101
35 :  98
Initializing...
maxdom : 35
D->valSize : 1225
Solving...
Blb : 3 (clique : 16)
currentSize : 16 <-- 0.019895 s
currentSize : 17 <-- 0.020178 s
currentSize : 18 <-- 0.021924 s
currentSize : 19 <-- 0.027728 s
currentSize : 20 <-- 0.063066 s
currentSize : 21 <-- 0.614768 s
currentSize : 22 <-- 3434.581055 s

TIMEOUT
maxsize : 22
nodes : 685519405.000000
filtered : 22365492610.000000
time : 3600.000000
