Parameters: GAD=1 vflib=1 dir=0 label=0 lowerbound=1 fileNameGp=../graphsdb/mcs30/bvg/b03m/mcs30_b03m_s35.A85 fileNameGt=../graphsdb/mcs30/bvg/b03m/mcs30_b03m_s35.B85
Reading graphs...
35 :  50
35 :  52
Initializing...
maxdom : 35
D->valSize : 1225
Solving...
Blb : 2 (clique : 22)
currentSize : 22 <-- 0.021520 s
currentSize : 23 <-- 0.259476 s
currentSize : 24 <-- 7.756833 s
currentSize : 25 <-- 81.020973 s
currentSize : 26 <-- 81.021225 s
currentSize : 27 <-- 81.129204 s
currentSize : 28 <-- 316.971252 s

maxsize : 28
nodes : 70453149.000000
filtered : 3188845273.000000
time : 483.846222
