Parameters: GAD=1 vflib=1 dir=0 label=0 lowerbound=1 fileNameGp=../graphsdb/mcs30/m3D/m3Dr2/mcs30_m3Dr2_s30.A03 fileNameGt=../graphsdb/mcs30/m3D/m3Dr2/mcs30_m3Dr2_s30.B03
Reading graphs...
30 :  66
30 :  67
Initializing...
maxdom : 30
D->valSize : 900
Solving...
Blb : 2 (clique : 15)
currentSize : 15 <-- 0.019040 s
currentSize : 16 <-- 0.019344 s
currentSize : 17 <-- 0.020459 s
currentSize : 18 <-- 0.029658 s
currentSize : 19 <-- 0.115876 s
currentSize : 20 <-- 1.032230 s

maxsize : 20
nodes : 32292612.000000
filtered : 1146577241.000000
time : 173.414490
