Parameters: GAD=1 vflib=1 dir=0 label=0 lowerbound=1 fileNameGp=../graphsdb/mcs30/m3D/m3Dr2/mcs30_m3Dr2_s30.A55 fileNameGt=../graphsdb/mcs30/m3D/m3Dr2/mcs30_m3Dr2_s30.B55
Reading graphs...
30 :  65
30 :  67
Initializing...
maxdom : 30
D->valSize : 900
Solving...
Blb : 2 (clique : 17)
currentSize : 17 <-- 0.010846 s
currentSize : 18 <-- 0.012238 s
currentSize : 19 <-- 0.014149 s
currentSize : 20 <-- 0.227047 s
currentSize : 21 <-- 6.057288 s

maxsize : 21
nodes : 4014546.000000
filtered : 148300253.000000
time : 22.684858
