Parameters: GAD=1 vflib=1 dir=0 label=0 lowerbound=1 fileNameGp=../graphsdb/mcs30/bvg/b06m/mcs30_b06m_s30.A74 fileNameGt=../graphsdb/mcs30/bvg/b06m/mcs30_b06m_s30.B74
Reading graphs...
30 :  85
30 :  86
Initializing...
maxdom : 30
D->valSize : 900
Solving...
Blb : 2 (clique : 13)
currentSize : 13 <-- 0.017997 s
currentSize : 14 <-- 0.018526 s
currentSize : 15 <-- 0.018928 s
currentSize : 16 <-- 0.021374 s
currentSize : 17 <-- 0.051875 s
currentSize : 18 <-- 1.326494 s
currentSize : 19 <-- 26.482435 s

maxsize : 19
nodes : 16439692.000000
filtered : 524158124.000000
time : 80.770416
