Parameters: GAD=1 vflib=1 dir=0 label=0 lowerbound=1 fileNameGp=../graphsdb/mcs30/rand/r01/mcs30_r01_s20.A07 fileNameGt=../graphsdb/mcs30/rand/r01/mcs30_r01_s20.B07
Reading graphs...
20 :  37
20 :  39
Initializing...
maxdom : 20
D->valSize : 400
Solving...
Blb : 2 (clique : 10)
currentSize : 10 <-- 0.003872 s
currentSize : 11 <-- 0.003963 s
currentSize : 12 <-- 0.004044 s
currentSize : 13 <-- 0.004569 s
currentSize : 14 <-- 0.009212 s

maxsize : 14
nodes : 76213.000000
filtered : 2080287.000000
time : 0.315845
