Parameters: GAD=1 vflib=1 dir=0 label=0 lowerbound=1 fileNameGp=../graphsdb/mcs30/m3D/m3Dr4/mcs30_m3Dr4_s25.A69 fileNameGt=../graphsdb/mcs30/m3D/m3Dr4/mcs30_m3Dr4_s25.B69
Reading graphs...
25 :  58
25 :  56
Initializing...
maxdom : 25
D->valSize : 625
Solving...
Blb : 2 (clique : 12)
currentSize : 12 <-- 0.005229 s
currentSize : 14 <-- 0.005310 s
currentSize : 15 <-- 0.005436 s
currentSize : 16 <-- 0.024471 s
currentSize : 17 <-- 2.019041 s

maxsize : 17
nodes : 1439280.000000
filtered : 38727221.000000
time : 6.378675
