Parameters: GAD=1 vflib=1 dir=0 label=0 lowerbound=1 fileNameGp=../graphsdb/mcs30/rand/r01/mcs30_r01_s20.A46 fileNameGt=../graphsdb/mcs30/rand/r01/mcs30_r01_s20.B46
Reading graphs...
20 :  38
20 :  38
Initializing...
maxdom : 20
D->valSize : 400
Solving...
Blb : 2 (clique : 10)
currentSize : 10 <-- 0.002396 s
currentSize : 11 <-- 0.002457 s
currentSize : 12 <-- 0.002686 s
currentSize : 13 <-- 0.002809 s
currentSize : 14 <-- 0.618482 s

maxsize : 14
nodes : 208986.000000
filtered : 3535721.000000
time : 0.764367
