Parameters: GAD=1 vflib=1 dir=0 label=0 lowerbound=1 fileNameGp=../graphsdb/mcs30/rand/r005/mcs30_r005_s30.A97 fileNameGt=../graphsdb/mcs30/rand/r005/mcs30_r005_s30.B97
Reading graphs...
30 :  47
30 :  48
Initializing...
maxdom : 30
D->valSize : 900
Solving...
Blb : 2 (clique : 17)
currentSize : 17 <-- 0.011251 s
currentSize : 18 <-- 0.011405 s
currentSize : 19 <-- 0.013061 s
currentSize : 20 <-- 0.017348 s
currentSize : 21 <-- 0.054912 s
currentSize : 22 <-- 0.513804 s
currentSize : 23 <-- 9.566965 s

maxsize : 23
nodes : 6106655.000000
filtered : 305810411.000000
time : 39.866585
