Parameters: GAD=1 vflib=1 dir=0 label=0 lowerbound=1 fileNameGp=../graphsdb/mcs30/m3D/m3D/mcs30_m3D_s25.A71 fileNameGt=../graphsdb/mcs30/m3D/m3D/mcs30_m3D_s25.B71
Reading graphs...
25 :  44
25 :  48
Initializing...
maxdom : 25
D->valSize : 625
Solving...
Blb : 2 (clique : 12)
currentSize : 12 <-- 0.009135 s
currentSize : 14 <-- 0.009260 s
currentSize : 15 <-- 0.009273 s
currentSize : 16 <-- 0.009344 s
currentSize : 17 <-- 0.010516 s
currentSize : 18 <-- 0.010581 s

maxsize : 18
nodes : 1085565.000000
filtered : 36603191.000000
time : 5.435277
