Parameters: GAD=1 vflib=1 dir=0 label=0 lowerbound=1 fileNameGp=../graphsdb/mcs30/rand/r005/mcs30_r005_s35.A26 fileNameGt=../graphsdb/mcs30/rand/r005/mcs30_r005_s35.B26
Reading graphs...
35 :  64
35 :  64
Initializing...
maxdom : 35
D->valSize : 1225
Solving...
Blb : 2 (clique : 20)
currentSize : 20 <-- 0.020918 s
currentSize : 21 <-- 0.022445 s
currentSize : 22 <-- 0.036237 s
currentSize : 23 <-- 1.094466 s
currentSize : 24 <-- 7.773755 s
currentSize : 25 <-- 63.488312 s

TIMEOUT
maxsize : 25
nodes : 511152590.000000
filtered : 26064478981.000000
time : 3600.000000
