Parameters: GAD=1 vflib=1 dir=0 label=0 lowerbound=1 fileNameGp=../graphsdb/mcs30/rand/r005/mcs30_r005_s30.A06 fileNameGt=../graphsdb/mcs30/rand/r005/mcs30_r005_s30.B06
Reading graphs...
30 :  46
30 :  46
Initializing...
maxdom : 30
D->valSize : 900
Solving...
Blb : 2 (clique : 17)
currentSize : 17 <-- 0.012016 s
currentSize : 18 <-- 0.012180 s
currentSize : 19 <-- 0.013102 s
currentSize : 20 <-- 0.018335 s
currentSize : 21 <-- 0.281876 s
currentSize : 22 <-- 0.326434 s
currentSize : 23 <-- 894.132751 s

maxsize : 23
nodes : 186822387.000000
filtered : 8578094872.000000
time : 1100.582642
