Parameters: GAD=1 vflib=1 dir=0 label=0 lowerbound=1 fileNameGp=../graphsdb/mcs30/bvg/b06/mcs30_b06_s25.A56 fileNameGt=../graphsdb/mcs30/bvg/b06/mcs30_b06_s25.B56
Reading graphs...
25 :  74
25 :  74
Initializing...
maxdom : 25
D->valSize : 625
Solving...
Blb : 2 (clique : 12)
currentSize : 12 <-- 0.004966 s
currentSize : 13 <-- 0.005075 s
currentSize : 14 <-- 0.009381 s
currentSize : 15 <-- 0.206663 s
currentSize : 16 <-- 5.696379 s

maxsize : 16
nodes : 1750095.000000
filtered : 36780024.000000
time : 6.660371
