Parameters: GAD=1 vflib=1 dir=0 label=0 lowerbound=1 fileNameGp=../graphsdb/mcs30/m3D/m3Dr2/mcs30_m3Dr2_s30.A67 fileNameGt=../graphsdb/mcs30/m3D/m3Dr2/mcs30_m3Dr2_s30.B67
Reading graphs...
30 :  65
30 :  67
Initializing...
maxdom : 30
D->valSize : 900
Solving...
Blb : 2 (clique : 15)
currentSize : 15 <-- 0.018897 s
currentSize : 16 <-- 0.019082 s
currentSize : 17 <-- 0.019134 s
currentSize : 18 <-- 0.074414 s
currentSize : 19 <-- 0.104094 s
currentSize : 20 <-- 2.298218 s
currentSize : 21 <-- 5.606937 s

maxsize : 21
nodes : 7361767.000000
filtered : 264898296.000000
time : 40.577110
