Parameters: GAD=1 vflib=1 dir=0 label=0 lowerbound=1 fileNameGp=../graphsdb/mcs30/m3D/m3Dr4/mcs30_m3Dr4_s25.A05 fileNameGt=../graphsdb/mcs30/m3D/m3Dr4/mcs30_m3Dr4_s25.B05
Reading graphs...
25 :  59
25 :  59
Initializing...
maxdom : 25
D->valSize : 625
Solving...
Blb : 2 (clique : 12)
currentSize : 12 <-- 0.005223 s
currentSize : 13 <-- 0.005299 s
currentSize : 14 <-- 0.005833 s
currentSize : 15 <-- 0.006529 s
currentSize : 16 <-- 0.043283 s
currentSize : 17 <-- 2.267172 s

maxsize : 17
nodes : 1283812.000000
filtered : 32022815.000000
time : 5.464710
