Parameters: GAD=1 vflib=1 dir=0 label=0 lowerbound=1 fileNameGp=../graphsdb/mcs30/m2D/m2Dr2/mcs30_m2Dr2_s30.A15 fileNameGt=../graphsdb/mcs30/m2D/m2Dr2/mcs30_m2Dr2_s30.B15
Reading graphs...
30 :  53
30 :  53
Initializing...
maxdom : 30
D->valSize : 900
Solving...
Blb : 2 (clique : 15)
currentSize : 15 <-- 0.019505 s
currentSize : 16 <-- 0.019915 s
currentSize : 17 <-- 0.019998 s
currentSize : 18 <-- 0.025794 s
currentSize : 19 <-- 0.031080 s
currentSize : 20 <-- 0.488007 s
currentSize : 21 <-- 2.636820 s
currentSize : 22 <-- 34.363770 s

maxsize : 22
nodes : 12561739.000000
filtered : 471051510.000000
time : 68.373840
