Parameters: GAD=1 vflib=1 dir=0 label=0 lowerbound=1 fileNameGp=../graphsdb/mcs30/bvg/b06m/mcs30_b06m_s35.A91 fileNameGt=../graphsdb/mcs30/bvg/b06m/mcs30_b06m_s35.B91
Reading graphs...
35 :  102
35 :  101
Initializing...
maxdom : 35
D->valSize : 1225
Solving...
Blb : 2 (clique : 16)
currentSize : 16 <-- 0.034208 s
currentSize : 17 <-- 0.034780 s
currentSize : 18 <-- 0.183217 s
currentSize : 19 <-- 0.183465 s
currentSize : 20 <-- 1.631317 s
currentSize : 21 <-- 182.005035 s

maxsize : 21
nodes : 439921886.000000
filtered : 14550465782.000000
time : 2346.259766
