Parameters: GAD=1 vflib=1 dir=0 label=0 lowerbound=1 fileNameGp=../graphsdb/mcs30/bvg/b03m/mcs30_b03m_s35.A23 fileNameGt=../graphsdb/mcs30/bvg/b03m/mcs30_b03m_s35.B23
Reading graphs...
35 :  52
35 :  52
Initializing...
maxdom : 35
D->valSize : 1225
Solving...
Blb : 2 (clique : 23)
currentSize : 23 <-- 0.021324 s
currentSize : 24 <-- 0.052299 s
currentSize : 25 <-- 0.143759 s
currentSize : 26 <-- 5.447800 s
currentSize : 27 <-- 42.672165 s

maxsize : 27
nodes : 33505872.000000
filtered : 1531076454.000000
time : 233.467743
