Parameters: GAD=1 vflib=1 dir=0 label=0 lowerbound=1 fileNameGp=../graphsdb/mcs30/rand/r01/mcs30_r01_s35.A65 fileNameGt=../graphsdb/mcs30/rand/r01/mcs30_r01_s35.B65
Reading graphs...
35 :  114
35 :  116
Initializing...
maxdom : 35
D->valSize : 1225
Solving...
Blb : 2 (clique : 13)
currentSize : 13 <-- 0.033068 s
currentSize : 14 <-- 0.033261 s
currentSize : 15 <-- 0.033801 s
currentSize : 16 <-- 0.034039 s
currentSize : 17 <-- 0.036439 s
currentSize : 18 <-- 0.228009 s
currentSize : 19 <-- 31.863104 s
currentSize : 20 <-- 173.463318 s

TIMEOUT
maxsize : 20
nodes : 742973532.000000
filtered : 19918375813.000000
time : 3600.000000
