Parameters: GAD=1 vflib=1 dir=0 label=0 lowerbound=1 fileNameGp=../graphsdb/mcs30/rand/r01/mcs30_r01_s30.A25 fileNameGt=../graphsdb/mcs30/rand/r01/mcs30_r01_s30.B25
Reading graphs...
30 :  87
30 :  85
Initializing...
maxdom : 30
D->valSize : 900
Solving...
Blb : 5 (clique : 14)
currentSize : 14 <-- 0.010611 s
currentSize : 15 <-- 0.022279 s
currentSize : 16 <-- 0.174207 s
currentSize : 17 <-- 0.958574 s
currentSize : 18 <-- 27.278708 s

maxsize : 18
nodes : 63120624.000000
filtered : 1462630751.000000
time : 265.942780
