Parameters: GAD=1 vflib=1 dir=0 label=0 lowerbound=1 fileNameGp=../graphsdb/mcs30/rand/r005/mcs30_r005_s25.A07 fileNameGt=../graphsdb/mcs30/rand/r005/mcs30_r005_s25.B07
Reading graphs...
25 :  33
25 :  33
Initializing...
maxdom : 25
D->valSize : 625
Solving...
Blb : 2 (clique : 16)
currentSize : 16 <-- 0.005590 s
currentSize : 17 <-- 0.007478 s
currentSize : 18 <-- 0.037754 s
currentSize : 19 <-- 0.049429 s
currentSize : 20 <-- 2.113717 s

maxsize : 20
nodes : 621201.000000
filtered : 14036715.000000
time : 2.348902
