Parameters: GAD=1 vflib=1 dir=0 label=0 lowerbound=1 fileNameGp=../graphsdb/mcs30/m2D/m2Dr6/mcs30_m2Dr6_s30.A25 fileNameGt=../graphsdb/mcs30/m2D/m2Dr6/mcs30_m2Dr6_s30.B25
Reading graphs...
30 :  63
30 :  62
Initializing...
maxdom : 30
D->valSize : 900
Solving...
Blb : 2 (clique : 15)
currentSize : 15 <-- 0.019005 s
currentSize : 16 <-- 0.019299 s
currentSize : 17 <-- 0.019646 s
currentSize : 18 <-- 0.026525 s
currentSize : 19 <-- 0.126859 s
currentSize : 20 <-- 2.039907 s

maxsize : 20
nodes : 55278026.000000
filtered : 1832722669.000000
time : 277.548889
