Parameters: GAD=1 vflib=1 dir=0 label=0 lowerbound=1 fileNameGp=../graphsdb/mcs30/m2D/m2D/mcs30_m2D_s30.A75 fileNameGt=../graphsdb/mcs30/m2D/m2D/mcs30_m2D_s30.B75
Reading graphs...
30 :  49
30 :  49
Initializing...
maxdom : 30
D->valSize : 900
Solving...
Blb : 5 (clique : 16)
currentSize : 16 <-- 0.011238 s
currentSize : 17 <-- 0.011374 s
currentSize : 18 <-- 0.011664 s
currentSize : 19 <-- 0.012205 s
currentSize : 20 <-- 0.018984 s
currentSize : 21 <-- 0.262766 s
currentSize : 22 <-- 3.645319 s

maxsize : 22
nodes : 17465676.000000
filtered : 692123066.000000
time : 100.727966
