Parameters: GAD=1 vflib=1 dir=0 label=0 lowerbound=1 fileNameGp=../graphsdb/mcs30/rand/r005/mcs30_r005_s30.A96 fileNameGt=../graphsdb/mcs30/rand/r005/mcs30_r005_s30.B96
Reading graphs...
30 :  48
30 :  48
Initializing...
maxdom : 30
D->valSize : 900
Solving...
Blb : 2 (clique : 18)
currentSize : 18 <-- 0.012179 s
currentSize : 19 <-- 0.016832 s
currentSize : 20 <-- 0.033512 s
currentSize : 21 <-- 0.036705 s
currentSize : 22 <-- 0.410480 s
currentSize : 23 <-- 0.498278 s

maxsize : 23
nodes : 3009243.000000
filtered : 114326824.000000
time : 17.695208
