Parameters: GAD=1 vflib=1 dir=0 label=0 lowerbound=1 fileNameGp=../graphsdb/mcs30/m2D/m2Dr6/mcs30_m2Dr6_s30.A37 fileNameGt=../graphsdb/mcs30/m2D/m2Dr6/mcs30_m2Dr6_s30.B37
Reading graphs...
30 :  63
30 :  64
Initializing...
maxdom : 30
D->valSize : 900
Solving...
Blb : 2 (clique : 15)
currentSize : 15 <-- 0.010939 s
currentSize : 16 <-- 0.011239 s
currentSize : 17 <-- 0.011267 s
currentSize : 18 <-- 0.011383 s
currentSize : 19 <-- 0.023112 s
currentSize : 20 <-- 2.078514 s

maxsize : 20
nodes : 28432658.000000
filtered : 904691271.000000
time : 144.009537
