Parameters: GAD=1 vflib=1 dir=0 label=0 lowerbound=1 fileNameGp=../graphsdb/mcs30/bvg/b09/mcs30_b09_s35.A22 fileNameGt=../graphsdb/mcs30/bvg/b09/mcs30_b09_s35.B22
Reading graphs...
35 :  152
35 :  156
Initializing...
maxdom : 35
D->valSize : 1225
Solving...
Blb : 2 (clique : 14)
currentSize : 14 <-- 0.018302 s
currentSize : 15 <-- 0.018562 s
currentSize : 16 <-- 0.059009 s
currentSize : 17 <-- 3.088740 s
currentSize : 18 <-- 3.096062 s
currentSize : 19 <-- 3.960642 s
currentSize : 20 <-- 791.994873 s

maxsize : 20
nodes : 202568326.000000
filtered : 6379818421.000000
time : 1060.716797
