Parameters: GAD=1 vflib=1 dir=0 label=0 lowerbound=1 fileNameGp=../graphsdb/mcs30/bvg/b03/mcs30_b03_s30.A45 fileNameGt=../graphsdb/mcs30/bvg/b03/mcs30_b03_s30.B45
Reading graphs...
30 :  45
30 :  45
Initializing...
maxdom : 30
D->valSize : 900
Solving...
Blb : 2 (clique : 18)
currentSize : 18 <-- 0.011517 s
currentSize : 19 <-- 0.012833 s
currentSize : 20 <-- 0.017838 s
currentSize : 21 <-- 0.482484 s
currentSize : 22 <-- 1.755247 s
currentSize : 23 <-- 131.348526 s

maxsize : 23
nodes : 48691388.000000
filtered : 1783611127.000000
time : 267.271118
