Parameters: GAD=1 vflib=1 dir=0 label=0 lowerbound=1 fileNameGp=../graphsdb/mcs30/m2D/m2D/mcs30_m2D_s30.A60 fileNameGt=../graphsdb/mcs30/m2D/m2D/mcs30_m2D_s30.B60
Reading graphs...
30 :  47
30 :  49
Initializing...
maxdom : 30
D->valSize : 900
Solving...
Blb : 2 (clique : 18)
currentSize : 18 <-- 0.011440 s
currentSize : 19 <-- 0.018854 s
currentSize : 20 <-- 0.124421 s
currentSize : 21 <-- 0.457700 s
currentSize : 22 <-- 0.509639 s

maxsize : 22
nodes : 9591311.000000
filtered : 337747874.000000
time : 52.457245
