Parameters: GAD=1 vflib=1 dir=0 label=0 lowerbound=1 fileNameGp=../graphsdb/mcs30/bvg/b03/mcs30_b03_s25.A60 fileNameGt=../graphsdb/mcs30/bvg/b03/mcs30_b03_s25.B60
Reading graphs...
25 :  36
25 :  37
Initializing...
maxdom : 25
D->valSize : 625
Solving...
Blb : 2 (clique : 15)
currentSize : 15 <-- 0.009436 s
currentSize : 16 <-- 0.017395 s
currentSize : 17 <-- 0.036726 s
currentSize : 18 <-- 0.063618 s
currentSize : 19 <-- 0.135677 s
currentSize : 20 <-- 4.514987 s

maxsize : 20
nodes : 993259.000000
filtered : 32699821.000000
time : 5.274022
