Parameters: GAD=1 vflib=1 dir=0 label=0 lowerbound=1 fileNameGp=../graphsdb/mcs30/rand/r005/mcs30_r005_s25.A69 fileNameGt=../graphsdb/mcs30/rand/r005/mcs30_r005_s25.B69
Reading graphs...
25 :  34
25 :  33
Initializing...
maxdom : 25
D->valSize : 625
Solving...
Blb : 2 (clique : 15)
currentSize : 15 <-- 0.009582 s
currentSize : 16 <-- 0.011283 s
currentSize : 17 <-- 0.012900 s
currentSize : 18 <-- 0.027049 s
currentSize : 19 <-- 0.052398 s

maxsize : 19
nodes : 2189673.000000
filtered : 66195290.000000
time : 10.184129
