Parameters: GAD=1 vflib=1 dir=0 label=0 lowerbound=1 fileNameGp=../graphsdb/mcs30/m3D/m3Dr6/mcs30_m3Dr6_s30.A20 fileNameGt=../graphsdb/mcs30/m3D/m3Dr6/mcs30_m3Dr6_s30.B20
Reading graphs...
30 :  76
30 :  76
Initializing...
maxdom : 30
D->valSize : 900
Solving...
Blb : 3 (clique : 14)
currentSize : 14 <-- 0.010679 s
currentSize : 15 <-- 0.014255 s
currentSize : 16 <-- 0.014363 s
currentSize : 17 <-- 0.020947 s
currentSize : 18 <-- 0.178036 s
currentSize : 19 <-- 13.948224 s

maxsize : 19
nodes : 58301186.000000
filtered : 1802292007.000000
time : 288.627747
