Parameters: GAD=1 vflib=1 dir=0 label=0 lowerbound=1 fileNameGp=../graphsdb/mcs30/m3D/m3D/mcs30_m3D_s30.A10 fileNameGt=../graphsdb/mcs30/m3D/m3D/mcs30_m3D_s30.B10
Reading graphs...
30 :  59
30 :  61
Initializing...
maxdom : 30
D->valSize : 900
Solving...
Blb : 2 (clique : 16)
currentSize : 16 <-- 0.011081 s
currentSize : 17 <-- 0.011215 s
currentSize : 18 <-- 0.012809 s
currentSize : 19 <-- 0.094185 s
currentSize : 20 <-- 9.521184 s
currentSize : 21 <-- 366.825348 s

maxsize : 21
nodes : 84812418.000000
filtered : 2537650038.000000
time : 418.450409
