Parameters: GAD=1 vflib=1 dir=0 label=0 lowerbound=1 fileNameGp=../graphsdb/mcs30/m2D/m2Dr4/mcs30_m2Dr4_s30.A77 fileNameGt=../graphsdb/mcs30/m2D/m2Dr4/mcs30_m2Dr4_s30.B77
Reading graphs...
30 :  60
30 :  60
Initializing...
maxdom : 30
D->valSize : 900
Solving...
Blb : 2 (clique : 15)
currentSize : 15 <-- 0.011079 s
currentSize : 16 <-- 0.011246 s
currentSize : 17 <-- 0.011278 s
currentSize : 18 <-- 0.011343 s
currentSize : 19 <-- 0.011532 s
currentSize : 20 <-- 0.045804 s
currentSize : 21 <-- 0.159143 s

maxsize : 21
nodes : 11798680.000000
filtered : 446085193.000000
time : 64.242569
