Parameters: GAD=1 vflib=1 dir=0 label=0 lowerbound=1 fileNameGp=../graphsdb/mcs30/bvg/b03m/mcs30_b03m_s35.A59 fileNameGt=../graphsdb/mcs30/bvg/b03m/mcs30_b03m_s35.B59
Reading graphs...
35 :  52
35 :  52
Initializing...
maxdom : 35
D->valSize : 1225
Solving...
Blb : 2 (clique : 22)
currentSize : 22 <-- 0.036693 s
currentSize : 23 <-- 0.036998 s
currentSize : 24 <-- 0.083030 s
currentSize : 25 <-- 0.119624 s
currentSize : 26 <-- 0.173713 s
currentSize : 27 <-- 1.859746 s

maxsize : 27
nodes : 71214759.000000
filtered : 3429852831.000000
time : 521.309998
