Parameters: GAD=1 vflib=1 dir=0 label=0 lowerbound=1 fileNameGp=../graphsdb/mcs30/bvg/b06m/mcs30_b06m_s30.A28 fileNameGt=../graphsdb/mcs30/bvg/b06m/mcs30_b06m_s30.B28
Reading graphs...
30 :  83
30 :  84
Initializing...
maxdom : 30
D->valSize : 900
Solving...
Blb : 2 (clique : 15)
currentSize : 15 <-- 0.018488 s
currentSize : 16 <-- 0.100294 s
currentSize : 17 <-- 0.168770 s
currentSize : 18 <-- 2.791718 s
currentSize : 19 <-- 184.418900 s

maxsize : 19
nodes : 46782979.000000
filtered : 1434835229.000000
time : 227.841232
