Parameters: GAD=1 vflib=1 dir=0 label=0 lowerbound=1 fileNameGp=../graphsdb/mcs30/bvg/b03m/mcs30_b03m_s30.A47 fileNameGt=../graphsdb/mcs30/bvg/b03m/mcs30_b03m_s30.B47
Reading graphs...
30 :  44
30 :  44
Initializing...
maxdom : 30
D->valSize : 900
Solving...
Blb : 2 (clique : 18)
currentSize : 18 <-- 0.011451 s
currentSize : 19 <-- 0.014800 s
currentSize : 20 <-- 0.019094 s
currentSize : 21 <-- 0.212673 s
currentSize : 22 <-- 1.282336 s
currentSize : 23 <-- 1.704904 s

maxsize : 23
nodes : 11154827.000000
filtered : 452447688.000000
time : 66.592667
