Parameters: GAD=1 vflib=1 dir=0 label=0 lowerbound=1 fileNameGp=../graphsdb/mcs30/bvg/b06m/mcs30_b06m_s25.A69 fileNameGt=../graphsdb/mcs30/bvg/b06m/mcs30_b06m_s25.B69
Reading graphs...
25 :  70
25 :  72
Initializing...
maxdom : 25
D->valSize : 625
Solving...
Blb : 2 (clique : 12)
currentSize : 12 <-- 0.005001 s
currentSize : 13 <-- 0.008697 s
currentSize : 14 <-- 0.009090 s
currentSize : 15 <-- 0.249955 s
currentSize : 16 <-- 8.945283 s

maxsize : 16
nodes : 3069940.000000
filtered : 70451720.000000
time : 12.102975
