Parameters: GAD=1 vflib=1 dir=0 label=0 lowerbound=1 fileNameGp=../graphsdb/mcs30/m2D/m2Dr2/mcs30_m2Dr2_s30.A42 fileNameGt=../graphsdb/mcs30/m2D/m2Dr2/mcs30_m2Dr2_s30.B42
Reading graphs...
30 :  55
30 :  53
Initializing...
maxdom : 30
D->valSize : 900
Solving...
Blb : 2 (clique : 17)
currentSize : 17 <-- 0.011212 s
currentSize : 18 <-- 0.011346 s
currentSize : 19 <-- 0.012617 s
currentSize : 20 <-- 0.013957 s
currentSize : 21 <-- 0.095615 s
currentSize : 22 <-- 1.336323 s

maxsize : 22
nodes : 9294502.000000
filtered : 431523823.000000
time : 58.372852
