Parameters: GAD=1 vflib=1 dir=0 label=0 lowerbound=1 fileNameGp=../graphsdb/mcs30/bvg/b06/mcs30_b06_s30.A17 fileNameGt=../graphsdb/mcs30/bvg/b06/mcs30_b06_s30.B17
Reading graphs...
30 :  87
30 :  87
Initializing...
maxdom : 30
D->valSize : 900
Solving...
Blb : 2 (clique : 13)
currentSize : 13 <-- 0.010364 s
currentSize : 14 <-- 0.010478 s
currentSize : 15 <-- 0.027203 s
currentSize : 16 <-- 0.033552 s
currentSize : 17 <-- 0.095465 s
currentSize : 18 <-- 0.523878 s

maxsize : 18
nodes : 47173405.000000
filtered : 1534928279.000000
time : 227.859528
