Parameters: GAD=1 vflib=1 dir=0 label=0 lowerbound=1 fileNameGp=../graphsdb/mcs30/m3D/m3D/mcs30_m3D_s30.A61 fileNameGt=../graphsdb/mcs30/m3D/m3D/mcs30_m3D_s30.B61
Reading graphs...
30 :  61
30 :  58
Initializing...
maxdom : 30
D->valSize : 900
Solving...
Blb : 2 (clique : 16)
currentSize : 16 <-- 0.011438 s
currentSize : 17 <-- 0.011564 s
currentSize : 18 <-- 0.011648 s
currentSize : 19 <-- 0.031882 s
currentSize : 20 <-- 0.106297 s
currentSize : 21 <-- 7.365165 s

maxsize : 21
nodes : 18662115.000000
filtered : 709951117.000000
time : 106.597290
