Parameters: GAD=1 vflib=1 dir=0 label=0 lowerbound=1 fileNameGp=../graphsdb/mcs30/bvg/b06/mcs30_b06_s35.A47 fileNameGt=../graphsdb/mcs30/bvg/b06/mcs30_b06_s35.B47
Reading graphs...
35 :  101
35 :  105
Initializing...
maxdom : 35
D->valSize : 1225
Solving...
Blb : 5 (clique : 15)
currentSize : 15 <-- 0.020110 s
currentSize : 16 <-- 0.020247 s
currentSize : 17 <-- 0.020336 s
currentSize : 18 <-- 0.060891 s
currentSize : 19 <-- 0.119070 s
currentSize : 20 <-- 1.277579 s
currentSize : 21 <-- 76.309219 s
currentSize : 22 <-- 2349.177490 s

maxsize : 22
nodes : 496714524.000000
filtered : 18197082449.000000
time : 2765.173340
