Parameters: GAD=1 vflib=1 dir=0 label=0 lowerbound=1 fileNameGp=../graphsdb/mcs30/bvg/b09/mcs30_b09_s35.A03 fileNameGt=../graphsdb/mcs30/bvg/b09/mcs30_b09_s35.B03
Reading graphs...
35 :  149
35 :  150
Initializing...
maxdom : 35
D->valSize : 1225
Solving...
Blb : 2 (clique : 13)
currentSize : 13 <-- 0.018398 s
currentSize : 14 <-- 0.018549 s
currentSize : 15 <-- 0.018767 s
currentSize : 16 <-- 0.032548 s
currentSize : 17 <-- 0.049507 s
currentSize : 18 <-- 2.403869 s
currentSize : 19 <-- 3.429081 s
currentSize : 20 <-- 79.831360 s

maxsize : 20
nodes : 153844371.000000
filtered : 5132451391.000000
time : 827.606750
