Parameters: GAD=1 vflib=1 dir=0 label=0 lowerbound=1 fileNameGp=../graphsdb/mcs30/rand/r01/mcs30_r01_s20.A88 fileNameGt=../graphsdb/mcs30/rand/r01/mcs30_r01_s20.B88
Reading graphs...
20 :  36
20 :  37
Initializing...
maxdom : 20
D->valSize : 400
Solving...
Blb : 3 (clique : 11)
currentSize : 11 <-- 0.003953 s
currentSize : 12 <-- 0.004054 s
currentSize : 13 <-- 0.004323 s
currentSize : 14 <-- 0.012091 s
currentSize : 15 <-- 0.138074 s

maxsize : 15
nodes : 51227.000000
filtered : 1066167.000000
time : 0.216395
