Parameters: GAD=1 vflib=1 dir=0 label=0 lowerbound=1 fileNameGp=../graphsdb/mcs30/rand/r02/mcs30_r02_s30.A71 fileNameGt=../graphsdb/mcs30/rand/r02/mcs30_r02_s30.B71
Reading graphs...
30 :  158
30 :  156
Initializing...
maxdom : 30
D->valSize : 900
Solving...
Blb : 2 (clique : 11)
currentSize : 11 <-- 0.009608 s
currentSize : 12 <-- 0.009702 s
currentSize : 13 <-- 0.012508 s
currentSize : 14 <-- 0.368808 s
currentSize : 15 <-- 92.510239 s

maxsize : 15
nodes : 72606349.000000
filtered : 1028597883.000000
time : 260.592407
