Parameters: GAD=1 vflib=1 dir=0 label=0 lowerbound=1 fileNameGp=../graphsdb/mcs30/rand/r005/mcs30_r005_s30.A46 fileNameGt=../graphsdb/mcs30/rand/r005/mcs30_r005_s30.B46
Reading graphs...
30 :  47
30 :  48
Initializing...
maxdom : 30
D->valSize : 900
Solving...
Blb : 2 (clique : 17)
currentSize : 17 <-- 0.011726 s
currentSize : 18 <-- 0.011873 s
currentSize : 19 <-- 0.013141 s
currentSize : 20 <-- 0.033813 s
currentSize : 21 <-- 0.059019 s
currentSize : 22 <-- 9.056601 s
currentSize : 23 <-- 9.465514 s

maxsize : 23
nodes : 10690146.000000
filtered : 438163757.000000
time : 66.191017
