Parameters: GAD=1 vflib=1 dir=0 label=0 lowerbound=1 fileNameGp=../graphsdb/mcs30/bvg/b06/mcs30_b06_s25.A17 fileNameGt=../graphsdb/mcs30/bvg/b06/mcs30_b06_s25.B17
Reading graphs...
25 :  72
25 :  74
Initializing...
maxdom : 25
D->valSize : 625
Solving...
Blb : 2 (clique : 11)
currentSize : 11 <-- 0.004909 s
currentSize : 12 <-- 0.005072 s
currentSize : 13 <-- 0.005174 s
currentSize : 14 <-- 0.006213 s
currentSize : 15 <-- 0.008040 s
currentSize : 16 <-- 3.269152 s

maxsize : 16
nodes : 1602984.000000
filtered : 44870405.000000
time : 7.063130
