Parameters: GAD=1 vflib=1 dir=0 label=0 lowerbound=1 fileNameGp=../graphsdb/mcs30/bvg/b03m/mcs30_b03m_s35.A93 fileNameGt=../graphsdb/mcs30/bvg/b03m/mcs30_b03m_s35.B93
Reading graphs...
35 :  50
35 :  51
Initializing...
maxdom : 35
D->valSize : 1225
Solving...
Blb : 2 (clique : 20)
currentSize : 20 <-- 0.021666 s
currentSize : 21 <-- 0.023270 s
currentSize : 22 <-- 0.256841 s
currentSize : 23 <-- 0.625442 s
currentSize : 24 <-- 2.069880 s
currentSize : 25 <-- 3.887985 s
currentSize : 26 <-- 9.714740 s
currentSize : 27 <-- 15.597871 s

maxsize : 27
nodes : 149298391.000000
filtered : 7603685146.000000
time : 1134.660156
