Parameters: GAD=1 vflib=1 dir=0 label=0 lowerbound=1 fileNameGp=../graphsdb/mcs30/bvg/b03/mcs30_b03_s35.A80 fileNameGt=../graphsdb/mcs30/bvg/b03/mcs30_b03_s35.B80
Reading graphs...
35 :  52
35 :  52
Initializing...
maxdom : 35
D->valSize : 1225
Solving...
Blb : 5 (clique : 22)
currentSize : 22 <-- 0.026022 s
currentSize : 23 <-- 0.232361 s
currentSize : 24 <-- 0.918589 s
currentSize : 25 <-- 1.112629 s
currentSize : 26 <-- 3.287754 s
currentSize : 27 <-- 10.228885 s

maxsize : 27
nodes : 210770698.000000
filtered : 11314973447.000000
time : 1648.836426
