Parameters: GAD=1 vflib=1 dir=0 label=0 lowerbound=1 fileNameGp=../graphsdb/mcs30/rand/r005/mcs30_r005_s35.A03 fileNameGt=../graphsdb/mcs30/rand/r005/mcs30_r005_s35.B03
Reading graphs...
35 :  64
35 :  62
Initializing...
maxdom : 35
D->valSize : 1225
Solving...
Blb : 2 (clique : 19)
currentSize : 19 <-- 0.021036 s
currentSize : 20 <-- 0.022524 s
currentSize : 21 <-- 0.030998 s
currentSize : 22 <-- 0.569753 s
currentSize : 23 <-- 0.763309 s
currentSize : 24 <-- 2.165130 s
currentSize : 25 <-- 12.776502 s
currentSize : 26 <-- 161.651230 s

maxsize : 26
nodes : 136000408.000000
filtered : 8634049023.000000
time : 1081.176025
