Parameters: GAD=1 vflib=1 dir=0 label=0 lowerbound=1 fileNameGp=../graphsdb/mcs30/bvg/b09m/mcs30_b09m_s35.A96 fileNameGt=../graphsdb/mcs30/bvg/b09m/mcs30_b09m_s35.B96
Reading graphs...
35 :  148
35 :  146
Initializing...
maxdom : 35
D->valSize : 1225
Solving...
Blb : 3 (clique : 14)
currentSize : 14 <-- 0.032113 s
currentSize : 15 <-- 0.034355 s
currentSize : 16 <-- 0.060475 s
currentSize : 17 <-- 0.147205 s
currentSize : 18 <-- 0.546686 s
currentSize : 19 <-- 57.662704 s

maxsize : 19
nodes : 313796480.000000
filtered : 8181359672.000000
time : 1479.540039
