Parameters: GAD=1 vflib=1 dir=0 label=0 lowerbound=1 fileNameGp=../graphsdb/mcs30/rand/r005/mcs30_r005_s35.A00 fileNameGt=../graphsdb/mcs30/rand/r005/mcs30_r005_s35.B00
Reading graphs...
35 :  62
35 :  62
Initializing...
maxdom : 35
D->valSize : 1225
Solving...
Blb : 2 (clique : 19)
currentSize : 19 <-- 0.036555 s
currentSize : 20 <-- 0.036817 s
currentSize : 21 <-- 0.038045 s
currentSize : 22 <-- 0.039782 s
currentSize : 23 <-- 0.053325 s
currentSize : 24 <-- 0.058715 s
currentSize : 25 <-- 3.532271 s
currentSize : 26 <-- 294.948639 s

maxsize : 26
nodes : 102607326.000000
filtered : 5333984182.000000
time : 746.358215
