Parameters: GAD=1 vflib=1 dir=0 label=0 lowerbound=1 fileNameGp=../graphsdb/mcs30/m3D/m3Dr2/mcs30_m3Dr2_s25.A02 fileNameGt=../graphsdb/mcs30/m3D/m3Dr2/mcs30_m3Dr2_s25.B02
Reading graphs...
25 :  53
25 :  52
Initializing...
maxdom : 25
D->valSize : 625
Solving...
Blb : 2 (clique : 12)
currentSize : 12 <-- 0.005241 s
currentSize : 13 <-- 0.005390 s
currentSize : 14 <-- 0.005688 s
currentSize : 15 <-- 0.064048 s
currentSize : 16 <-- 0.064446 s
currentSize : 17 <-- 5.106119 s

maxsize : 17
nodes : 3275744.000000
filtered : 74416417.000000
time : 12.715613
