Parameters: GAD=1 vflib=1 dir=0 label=0 lowerbound=1 fileNameGp=../graphsdb/mcs30/bvg/b06m/mcs30_b06m_s30.A71 fileNameGt=../graphsdb/mcs30/bvg/b06m/mcs30_b06m_s30.B71
Reading graphs...
30 :  86
30 :  84
Initializing...
maxdom : 30
D->valSize : 900
Solving...
Blb : 2 (clique : 14)
currentSize : 14 <-- 0.010480 s
currentSize : 15 <-- 0.010786 s
currentSize : 16 <-- 0.015647 s
currentSize : 17 <-- 0.103729 s
currentSize : 18 <-- 2.448589 s
currentSize : 19 <-- 44.694904 s

maxsize : 19
nodes : 16688354.000000
filtered : 428671358.000000
time : 74.567802
