Parameters: GAD=1 vflib=1 dir=0 label=0 lowerbound=1 fileNameGp=../graphsdb/mcs30/rand/r02/mcs30_r02_s30.A68 fileNameGt=../graphsdb/mcs30/rand/r02/mcs30_r02_s30.B68
Reading graphs...
30 :  151
30 :  156
Initializing...
maxdom : 30
D->valSize : 900
Solving...
Blb : 2 (clique : 10)
currentSize : 10 <-- 0.009517 s
currentSize : 11 <-- 0.009681 s
currentSize : 12 <-- 0.010009 s
currentSize : 13 <-- 0.016390 s
currentSize : 14 <-- 0.140418 s
currentSize : 15 <-- 128.834076 s

maxsize : 15
nodes : 84783667.000000
filtered : 1311270875.000000
time : 309.980469
