Parameters: GAD=1 vflib=1 dir=0 label=0 lowerbound=1 fileNameGp=../graphsdb/mcs30/rand/r02/mcs30_r02_s35.A00 fileNameGt=../graphsdb/mcs30/rand/r02/mcs30_r02_s35.B00
Reading graphs...
35 :  209
35 :  214
Initializing...
maxdom : 35
D->valSize : 1225
Solving...
Blb : 2 (clique : 10)
currentSize : 10 <-- 0.017864 s
currentSize : 11 <-- 0.017980 s
currentSize : 12 <-- 0.018358 s
currentSize : 13 <-- 0.019506 s
currentSize : 14 <-- 0.054553 s
currentSize : 15 <-- 5.606647 s
currentSize : 16 <-- 767.651428 s

maxsize : 16
nodes : 837573141.000000
filtered : 12195504023.000000
time : 3229.128906
