Parameters: GAD=1 vflib=1 dir=0 label=0 lowerbound=1 fileNameGp=../graphsdb/mcs30/m2D/m2Dr2/mcs30_m2Dr2_s30.A47 fileNameGt=../graphsdb/mcs30/m2D/m2Dr2/mcs30_m2Dr2_s30.B47
Reading graphs...
30 :  54
30 :  53
Initializing...
maxdom : 30
D->valSize : 900
Solving...
Blb : 2 (clique : 16)
currentSize : 16 <-- 0.011206 s
currentSize : 17 <-- 0.011333 s
currentSize : 18 <-- 0.013139 s
currentSize : 19 <-- 0.023749 s
currentSize : 20 <-- 0.042553 s
currentSize : 21 <-- 0.061462 s
currentSize : 22 <-- 69.200829 s

maxsize : 22
nodes : 19241009.000000
filtered : 607031109.000000
time : 102.169441
