Parameters: GAD=1 vflib=1 dir=0 label=0 lowerbound=1 fileNameGp=../graphsdb/mcs30/bvg/b03m/mcs30_b03m_s25.A44 fileNameGt=../graphsdb/mcs30/bvg/b03m/mcs30_b03m_s25.B44
Reading graphs...
25 :  37
25 :  37
Initializing...
maxdom : 25
D->valSize : 625
Solving...
Blb : 2 (clique : 15)
currentSize : 15 <-- 0.005795 s
currentSize : 16 <-- 0.006032 s
currentSize : 17 <-- 0.074973 s
currentSize : 18 <-- 0.317374 s
currentSize : 19 <-- 13.536518 s

maxsize : 19
nodes : 3715628.000000
filtered : 94015539.000000
time : 14.639784
