Parameters: GAD=1 vflib=1 dir=0 label=0 lowerbound=1 fileNameGp=../graphsdb/mcs30/bvg/b03m/mcs30_b03m_s30.A45 fileNameGt=../graphsdb/mcs30/bvg/b03m/mcs30_b03m_s30.B45
Reading graphs...
30 :  45
30 :  45
Initializing...
maxdom : 30
D->valSize : 900
Solving...
Blb : 2 (clique : 19)
currentSize : 19 <-- 0.019482 s
currentSize : 20 <-- 0.098031 s
currentSize : 21 <-- 0.109976 s
currentSize : 22 <-- 0.148877 s
currentSize : 23 <-- 0.447313 s

maxsize : 23
nodes : 5598338.000000
filtered : 242051717.000000
time : 35.208000
