Parameters: GAD=1 vflib=1 dir=0 label=0 lowerbound=1 fileNameGp=../graphsdb/mcs30/rand/r01/mcs30_r01_s30.A75 fileNameGt=../graphsdb/mcs30/rand/r01/mcs30_r01_s30.B75
Reading graphs...
30 :  83
30 :  86
Initializing...
maxdom : 30
D->valSize : 900
Solving...
Blb : 2 (clique : 14)
currentSize : 14 <-- 0.010493 s
currentSize : 15 <-- 0.011376 s
currentSize : 16 <-- 0.024287 s
currentSize : 17 <-- 1.018744 s
currentSize : 18 <-- 34.974602 s

maxsize : 18
nodes : 89432649.000000
filtered : 2000123679.000000
time : 374.500885
