Parameters: GAD=1 vflib=1 dir=0 label=0 lowerbound=1 fileNameGp=../graphsdb/mcs30/m2D/m2Dr6/mcs30_m2Dr6_s30.A38 fileNameGt=../graphsdb/mcs30/m2D/m2Dr6/mcs30_m2Dr6_s30.B38
Reading graphs...
30 :  64
30 :  64
Initializing...
maxdom : 30
D->valSize : 900
Solving...
Blb : 2 (clique : 15)
currentSize : 15 <-- 0.010950 s
currentSize : 16 <-- 0.011120 s
currentSize : 17 <-- 0.011383 s
currentSize : 18 <-- 0.018617 s
currentSize : 19 <-- 0.171810 s
currentSize : 20 <-- 33.191196 s

maxsize : 20
nodes : 36775382.000000
filtered : 1142094028.000000
time : 178.662170
