Parameters: GAD=1 vflib=1 dir=0 label=0 lowerbound=1 fileNameGp=../graphsdb/mcs30/rand/r02/mcs30_r02_s35.A45 fileNameGt=../graphsdb/mcs30/rand/r02/mcs30_r02_s35.B45
Reading graphs...
35 :  212
35 :  214
Initializing...
maxdom : 35
D->valSize : 1225
Solving...
Blb : 2 (clique : 11)
currentSize : 11 <-- 0.017897 s
currentSize : 12 <-- 0.018025 s
currentSize : 13 <-- 0.019374 s
currentSize : 14 <-- 0.048212 s
currentSize : 15 <-- 0.426548 s
currentSize : 16 <-- 1512.293213 s

maxsize : 16
nodes : 855353677.000000
filtered : 12192905115.000000
time : 3218.504883
