Parameters: GAD=1 vflib=1 dir=0 label=0 lowerbound=1 fileNameGp=../graphsdb/mcs30/bvg/b03/mcs30_b03_s35.A27 fileNameGt=../graphsdb/mcs30/bvg/b03/mcs30_b03_s35.B27
Reading graphs...
35 :  51
35 :  52
Initializing...
maxdom : 35
D->valSize : 1225
Solving...
Blb : 2 (clique : 21)
currentSize : 21 <-- 0.021463 s
currentSize : 23 <-- 0.021642 s
currentSize : 24 <-- 0.028276 s
currentSize : 25 <-- 0.088966 s
currentSize : 26 <-- 0.313195 s
currentSize : 27 <-- 5.125894 s

maxsize : 27
nodes : 20451602.000000
filtered : 1047473384.000000
time : 155.359299
