Parameters: GAD=1 vflib=1 dir=0 label=0 lowerbound=1 fileNameGp=../graphsdb/mcs30/bvg/b03/mcs30_b03_s30.A38 fileNameGt=../graphsdb/mcs30/bvg/b03/mcs30_b03_s30.B38
Reading graphs...
30 :  45
30 :  45
Initializing...
maxdom : 30
D->valSize : 900
Solving...
Blb : 2 (clique : 19)
currentSize : 19 <-- 0.011363 s
currentSize : 20 <-- 0.011499 s
currentSize : 21 <-- 0.011522 s
currentSize : 22 <-- 0.284069 s
currentSize : 23 <-- 0.886775 s

maxsize : 23
nodes : 3814240.000000
filtered : 162688624.000000
time : 23.910856
