Parameters: GAD=1 vflib=1 dir=0 label=0 lowerbound=1 fileNameGp=../graphsdb/mcs30/m3D/m3Dr2/mcs30_m3Dr2_s30.A74 fileNameGt=../graphsdb/mcs30/m3D/m3Dr2/mcs30_m3Dr2_s30.B74
Reading graphs...
30 :  65
30 :  66
Initializing...
maxdom : 30
D->valSize : 900
Solving...
Blb : 2 (clique : 17)
currentSize : 17 <-- 0.010812 s
currentSize : 18 <-- 0.013116 s
currentSize : 19 <-- 0.025455 s
currentSize : 20 <-- 0.931314 s
currentSize : 21 <-- 52.475029 s

maxsize : 21
nodes : 15590908.000000
filtered : 469380553.000000
time : 78.147408
