Parameters: GAD=1 vflib=1 dir=0 label=0 lowerbound=1 fileNameGp=../graphsdb/mcs30/m3D/m3Dr4/mcs30_m3Dr4_s25.A91 fileNameGt=../graphsdb/mcs30/m3D/m3Dr4/mcs30_m3Dr4_s25.B91
Reading graphs...
25 :  57
25 :  57
Initializing...
maxdom : 25
D->valSize : 625
Solving...
Blb : 2 (clique : 13)
currentSize : 13 <-- 0.005160 s
currentSize : 14 <-- 0.005354 s
currentSize : 15 <-- 0.005925 s
currentSize : 16 <-- 0.043883 s
currentSize : 17 <-- 3.802618 s

maxsize : 17
nodes : 1683643.000000
filtered : 44876253.000000
time : 7.309918
