Parameters: GAD=1 vflib=1 dir=0 label=0 lowerbound=1 fileNameGp=../graphsdb/mcs30/bvg/b06m/mcs30_b06m_s35.A93 fileNameGt=../graphsdb/mcs30/bvg/b06m/mcs30_b06m_s35.B93
Reading graphs...
35 :  99
35 :  102
Initializing...
maxdom : 35
D->valSize : 1225
Solving...
Blb : 2 (clique : 16)
currentSize : 16 <-- 0.019713 s
currentSize : 17 <-- 0.020143 s
currentSize : 18 <-- 0.028203 s
currentSize : 19 <-- 0.035497 s
currentSize : 20 <-- 0.681023 s
currentSize : 21 <-- 29.404968 s
currentSize : 22 <-- 1479.971191 s

maxsize : 22
nodes : 517125511.000000
filtered : 18915309138.000000
time : 2951.736816
