Parameters: GAD=1 vflib=1 dir=0 label=0 lowerbound=1 fileNameGp=../graphsdb/mcs30/bvg/b06m/mcs30_b06m_s35.A58 fileNameGt=../graphsdb/mcs30/bvg/b06m/mcs30_b06m_s35.B58
Reading graphs...
35 :  101
35 :  102
Initializing...
maxdom : 35
D->valSize : 1225
Solving...
Blb : 2 (clique : 18)
currentSize : 18 <-- 0.019605 s
currentSize : 19 <-- 0.030877 s
currentSize : 20 <-- 0.457905 s
currentSize : 21 <-- 40.919655 s
currentSize : 22 <-- 1462.253662 s

maxsize : 22
nodes : 401896325.000000
filtered : 17319141029.000000
time : 2435.548340
