Parameters: GAD=1 vflib=1 dir=0 label=0 lowerbound=1 fileNameGp=../graphsdb/mcs30/bvg/b06/mcs30_b06_s35.A85 fileNameGt=../graphsdb/mcs30/bvg/b06/mcs30_b06_s35.B85
Reading graphs...
35 :  101
35 :  104
Initializing...
maxdom : 35
D->valSize : 1225
Solving...
Blb : 2 (clique : 16)
currentSize : 16 <-- 0.019881 s
currentSize : 17 <-- 0.020071 s
currentSize : 18 <-- 0.020113 s
currentSize : 19 <-- 0.021427 s
currentSize : 20 <-- 0.055931 s
currentSize : 21 <-- 0.564709 s
currentSize : 22 <-- 209.325073 s

maxsize : 22
nodes : 320217191.000000
filtered : 15408928795.000000
time : 2085.089844
