Parameters: GAD=1 vflib=1 dir=0 label=0 lowerbound=1 fileNameGp=../graphsdb/mcs30/bvg/b09m/mcs30_b09m_s35.A21 fileNameGt=../graphsdb/mcs30/bvg/b09m/mcs30_b09m_s35.B21
Reading graphs...
35 :  144
35 :  142
Initializing...
maxdom : 35
D->valSize : 1225
Solving...
Blb : 2 (clique : 14)
currentSize : 14 <-- 0.019077 s
currentSize : 15 <-- 0.019906 s
currentSize : 16 <-- 0.025429 s
currentSize : 17 <-- 0.583469 s
currentSize : 18 <-- 4.512963 s
currentSize : 19 <-- 23.879557 s

maxsize : 19
nodes : 370848120.000000
filtered : 10687880781.000000
time : 1865.287354
