Parameters: GAD=1 vflib=1 dir=0 label=0 lowerbound=1 fileNameGp=../graphsdb/mcs30/rand/r01/mcs30_r01_s35.A59 fileNameGt=../graphsdb/mcs30/rand/r01/mcs30_r01_s35.B59
Reading graphs...
35 :  112
35 :  113
Initializing...
maxdom : 35
D->valSize : 1225
Solving...
Blb : 2 (clique : 14)
currentSize : 14 <-- 0.019301 s
currentSize : 15 <-- 0.019463 s
currentSize : 16 <-- 0.020003 s
currentSize : 17 <-- 0.025082 s
currentSize : 18 <-- 0.089477 s
currentSize : 19 <-- 0.653509 s
currentSize : 20 <-- 6.075591 s

TIMEOUT
maxsize : 20
nodes : 680702471.000000
filtered : 22853049757.000000
time : 3600.000000
