Parameters: GAD=1 vflib=1 dir=0 label=0 lowerbound=1 fileNameGp=../graphsdb/mcs30/bvg/b06m/mcs30_b06m_s35.A02 fileNameGt=../graphsdb/mcs30/bvg/b06m/mcs30_b06m_s35.B02
Reading graphs...
35 :  104
35 :  102
Initializing...
maxdom : 35
D->valSize : 1225
Solving...
Blb : 2 (clique : 16)
currentSize : 16 <-- 0.034301 s
currentSize : 17 <-- 0.038910 s
currentSize : 18 <-- 0.039704 s
currentSize : 19 <-- 9.368674 s
currentSize : 20 <-- 9.674769 s
currentSize : 21 <-- 13.552275 s

maxsize : 21
nodes : 646936986.000000
filtered : 22009543467.000000
time : 3536.975586
