Parameters: GAD=1 vflib=1 dir=0 label=0 lowerbound=1 fileNameGp=../graphsdb/mcs30/rand/r02/mcs30_r02_s30.A89 fileNameGt=../graphsdb/mcs30/rand/r02/mcs30_r02_s30.B89
Reading graphs...
30 :  158
30 :  157
Initializing...
maxdom : 30
D->valSize : 900
Solving...
Blb : 5 (clique : 10)
currentSize : 10 <-- 0.009527 s
currentSize : 11 <-- 0.009642 s
currentSize : 12 <-- 0.009692 s
currentSize : 13 <-- 0.068484 s
currentSize : 14 <-- 1.421895 s

maxsize : 14
nodes : 139114798.000000
filtered : 1737034656.000000
time : 466.544952
