Parameters: GAD=1 vflib=1 dir=0 label=0 lowerbound=1 fileNameGp=../graphsdb/mcs30/m2D/m2D/mcs30_m2D_s30.A87 fileNameGt=../graphsdb/mcs30/m2D/m2D/mcs30_m2D_s30.B87
Reading graphs...
30 :  48
30 :  48
Initializing...
maxdom : 30
D->valSize : 900
Solving...
Blb : 2 (clique : 18)
currentSize : 18 <-- 0.017110 s
currentSize : 19 <-- 0.018012 s
currentSize : 20 <-- 0.024266 s
currentSize : 21 <-- 0.034415 s
currentSize : 22 <-- 0.213375 s
currentSize : 23 <-- 5.093920 s

maxsize : 23
nodes : 2659979.000000
filtered : 112428977.000000
time : 16.299650
