Parameters: GAD=1 vflib=1 dir=0 label=0 lowerbound=1 fileNameGp=../graphsdb/mcs30/m3D/m3Dr4/mcs30_m3Dr4_s25.A68 fileNameGt=../graphsdb/mcs30/m3D/m3Dr4/mcs30_m3Dr4_s25.B68
Reading graphs...
25 :  58
25 :  58
Initializing...
maxdom : 25
D->valSize : 625
Solving...
Blb : 5 (clique : 12)
currentSize : 12 <-- 0.005157 s
currentSize : 14 <-- 0.005236 s
currentSize : 15 <-- 0.005981 s
currentSize : 16 <-- 0.068303 s
currentSize : 17 <-- 4.876956 s

maxsize : 17
nodes : 1876111.000000
filtered : 41034694.000000
time : 7.464007
