Parameters: GAD=1 vflib=1 dir=0 label=0 lowerbound=1 fileNameGp=../graphsdb/mcs30/rand/r01/mcs30_r01_s15.A46 fileNameGt=../graphsdb/mcs30/rand/r01/mcs30_r01_s15.B46
Reading graphs...
15 :  23
15 :  22
Initializing...
maxdom : 15
D->valSize : 225
Solving...
Blb : 2 (clique : 8)
currentSize : 8 <-- 0.001524 s
currentSize : 9 <-- 0.001583 s
currentSize : 10 <-- 0.001891 s
currentSize : 11 <-- 0.003007 s
currentSize : 12 <-- 0.007885 s

maxsize : 12
nodes : 3116.000000
filtered : 39864.000000
time : 0.013745
