Parameters: GAD=1 vflib=1 dir=0 label=0 lowerbound=1 fileNameGp=../graphsdb/mcs30/bvg/b03/mcs30_b03_s25.A78 fileNameGt=../graphsdb/mcs30/bvg/b03/mcs30_b03_s25.B78
Reading graphs...
25 :  37
25 :  37
Initializing...
maxdom : 25
D->valSize : 625
Solving...
Blb : 2 (clique : 16)
currentSize : 16 <-- 0.009518 s
currentSize : 17 <-- 0.010495 s
currentSize : 18 <-- 0.023704 s
currentSize : 19 <-- 0.331880 s
currentSize : 20 <-- 1.233478 s

maxsize : 20
nodes : 373137.000000
filtered : 12717985.000000
time : 1.975857
