Parameters: GAD=1 vflib=1 dir=0 label=0 lowerbound=1 fileNameGp=../graphsdb/mcs30/bvg/b06/mcs30_b06_s30.A58 fileNameGt=../graphsdb/mcs30/bvg/b06/mcs30_b06_s30.B58
Reading graphs...
30 :  89
30 :  87
Initializing...
maxdom : 30
D->valSize : 900
Solving...
Blb : 2 (clique : 13)
currentSize : 13 <-- 0.017914 s
currentSize : 14 <-- 0.018242 s
currentSize : 15 <-- 0.024741 s
currentSize : 16 <-- 0.075094 s
currentSize : 17 <-- 0.704759 s
currentSize : 18 <-- 9.884912 s

maxsize : 18
nodes : 36805799.000000
filtered : 1023222002.000000
time : 168.755539
