Parameters: GAD=1 vflib=1 dir=0 label=0 lowerbound=1 fileNameGp=../graphsdb/mcs30/bvg/b09m/mcs30_b09m_s35.A02 fileNameGt=../graphsdb/mcs30/bvg/b09m/mcs30_b09m_s35.B02
Reading graphs...
35 :  148
35 :  145
Initializing...
maxdom : 35
D->valSize : 1225
Solving...
Blb : 2 (clique : 12)
currentSize : 12 <-- 0.019090 s
currentSize : 13 <-- 0.019234 s
currentSize : 14 <-- 0.019247 s
currentSize : 15 <-- 0.019808 s
currentSize : 16 <-- 0.111943 s
currentSize : 17 <-- 1.992902 s
currentSize : 18 <-- 26.461996 s
currentSize : 19 <-- 609.524963 s

maxsize : 19
nodes : 393887107.000000
filtered : 12134378666.000000
time : 1992.701538
