Parameters: GAD=1 vflib=1 dir=0 label=0 lowerbound=1 fileNameGp=../graphsdb/mcs30/bvg/b06m/mcs30_b06m_s35.A39 fileNameGt=../graphsdb/mcs30/bvg/b06m/mcs30_b06m_s35.B39
Reading graphs...
35 :  98
35 :  101
Initializing...
maxdom : 35
D->valSize : 1225
Solving...
Blb : 2 (clique : 15)
currentSize : 15 <-- 0.019561 s
currentSize : 16 <-- 0.019704 s
currentSize : 17 <-- 0.019806 s
currentSize : 18 <-- 0.020059 s
currentSize : 19 <-- 0.078130 s
currentSize : 20 <-- 1.646772 s
currentSize : 21 <-- 44.043648 s

TIMEOUT
maxsize : 21
nodes : 666800527.000000
filtered : 23320874813.000000
time : 3600.000000
