Parameters: GAD=1 vflib=1 dir=0 label=0 lowerbound=1 fileNameGp=../graphsdb/mcs30/bvg/b06/mcs30_b06_s30.A10 fileNameGt=../graphsdb/mcs30/bvg/b06/mcs30_b06_s30.B10
Reading graphs...
30 :  90
30 :  87
Initializing...
maxdom : 30
D->valSize : 900
Solving...
Blb : 2 (clique : 14)
currentSize : 14 <-- 0.010574 s
currentSize : 15 <-- 0.010688 s
currentSize : 16 <-- 0.012862 s
currentSize : 17 <-- 0.165488 s
currentSize : 18 <-- 1.097187 s

maxsize : 18
nodes : 36329674.000000
filtered : 974308572.000000
time : 160.989273
