Parameters: GAD=1 vflib=1 dir=0 label=0 lowerbound=1 fileNameGp=../graphsdb/mcs30/m3D/m3Dr6/mcs30_m3Dr6_s30.A26 fileNameGt=../graphsdb/mcs30/m3D/m3Dr6/mcs30_m3Dr6_s30.B26
Reading graphs...
30 :  77
30 :  73
Initializing...
maxdom : 30
D->valSize : 900
Solving...
Blb : 2 (clique : 14)
currentSize : 14 <-- 0.010734 s
currentSize : 15 <-- 0.010852 s
currentSize : 16 <-- 0.013458 s
currentSize : 17 <-- 0.017345 s
currentSize : 18 <-- 0.151809 s
currentSize : 19 <-- 0.151865 s

maxsize : 19
nodes : 81627319.000000
filtered : 2619353136.000000
time : 401.422546
