Parameters: GAD=1 vflib=1 dir=0 label=0 lowerbound=1 fileNameGp=../graphsdb/mcs30/m2D/m2D/mcs30_m2D_s30.A67 fileNameGt=../graphsdb/mcs30/m2D/m2D/mcs30_m2D_s30.B67
Reading graphs...
30 :  48
30 :  48
Initializing...
maxdom : 30
D->valSize : 900
Solving...
Blb : 2 (clique : 17)
currentSize : 17 <-- 0.011435 s
currentSize : 18 <-- 0.014862 s
currentSize : 19 <-- 0.016773 s
currentSize : 20 <-- 0.036440 s
currentSize : 21 <-- 0.158917 s
currentSize : 22 <-- 0.922795 s
currentSize : 23 <-- 18.709316 s

maxsize : 23
nodes : 6894255.000000
filtered : 347133213.000000
time : 44.282661
