Parameters: GAD=1 vflib=1 dir=0 label=0 lowerbound=1 fileNameGp=../graphsdb/mcs30/rand/r02/mcs30_r02_s30.A70 fileNameGt=../graphsdb/mcs30/rand/r02/mcs30_r02_s30.B70
Reading graphs...
30 :  154
30 :  156
Initializing...
maxdom : 30
D->valSize : 900
Solving...
Blb : 2 (clique : 11)
currentSize : 11 <-- 0.009522 s
currentSize : 12 <-- 0.009946 s
currentSize : 13 <-- 0.017460 s
currentSize : 14 <-- 2.649646 s
currentSize : 15 <-- 221.857590 s

maxsize : 15
nodes : 103111385.000000
filtered : 1294204322.000000
time : 348.955383
