Parameters: GAD=1 vflib=1 dir=0 label=0 lowerbound=1 fileNameGp=../graphsdb/mcs30/rand/r005/mcs30_r005_s35.A64 fileNameGt=../graphsdb/mcs30/rand/r005/mcs30_r005_s35.B64
Reading graphs...
35 :  63
35 :  64
Initializing...
maxdom : 35
D->valSize : 1225
Solving...
Blb : 2 (clique : 19)
currentSize : 19 <-- 0.036443 s
currentSize : 20 <-- 0.076844 s
currentSize : 21 <-- 0.193776 s
currentSize : 22 <-- 0.197705 s
currentSize : 23 <-- 0.259674 s
currentSize : 24 <-- 2.181262 s
currentSize : 25 <-- 10.785622 s
currentSize : 26 <-- 1611.006348 s

maxsize : 26
nodes : 246878710.000000
filtered : 11772361084.000000
time : 1665.864990
