Parameters: GAD=1 vflib=1 dir=0 label=0 lowerbound=1 fileNameGp=../graphsdb/mcs30/m2D/m2Dr2/mcs30_m2Dr2_s30.A97 fileNameGt=../graphsdb/mcs30/m2D/m2Dr2/mcs30_m2Dr2_s30.B97
Reading graphs...
30 :  54
30 :  55
Initializing...
maxdom : 30
D->valSize : 900
Solving...
Blb : 2 (clique : 19)
currentSize : 19 <-- 0.019646 s
currentSize : 20 <-- 0.023490 s
currentSize : 21 <-- 0.040918 s
currentSize : 22 <-- 0.330486 s
currentSize : 23 <-- 8.354744 s

maxsize : 23
nodes : 2527875.000000
filtered : 95893526.000000
time : 14.799119
