Parameters: GAD=1 vflib=1 dir=0 label=0 lowerbound=1 fileNameGp=../graphsdb/mcs30/m3D/m3Dr4/mcs30_m3Dr4_s30.A73 fileNameGt=../graphsdb/mcs30/m3D/m3Dr4/mcs30_m3Dr4_s30.B73
Reading graphs...
30 :  73
30 :  67
Initializing...
maxdom : 30
D->valSize : 900
Solving...
Blb : 2 (clique : 16)
currentSize : 16 <-- 0.011212 s
currentSize : 17 <-- 0.011332 s
currentSize : 18 <-- 0.018682 s
currentSize : 19 <-- 0.313030 s
currentSize : 20 <-- 53.842194 s

maxsize : 20
nodes : 25302629.000000
filtered : 731742764.000000
time : 118.783714
