Parameters: GAD=1 vflib=1 dir=0 label=0 lowerbound=1 fileNameGp=../graphsdb/mcs30/m3D/m3Dr4/mcs30_m3Dr4_s30.A99 fileNameGt=../graphsdb/mcs30/m3D/m3Dr4/mcs30_m3Dr4_s30.B99
Reading graphs...
30 :  73
30 :  73
Initializing...
maxdom : 30
D->valSize : 900
Solving...
Blb : 2 (clique : 14)
currentSize : 14 <-- 0.010713 s
currentSize : 15 <-- 0.010960 s
currentSize : 16 <-- 0.011107 s
currentSize : 17 <-- 0.014742 s
currentSize : 18 <-- 0.034161 s
currentSize : 19 <-- 0.965332 s
currentSize : 20 <-- 117.101357 s

maxsize : 20
nodes : 30872636.000000
filtered : 997485980.000000
time : 154.558044
