Parameters: GAD=1 vflib=1 dir=0 label=0 lowerbound=1 fileNameGp=../graphsdb/mcs30/m3D/m3Dr6/mcs30_m3Dr6_s30.A03 fileNameGt=../graphsdb/mcs30/m3D/m3Dr6/mcs30_m3Dr6_s30.B03
Reading graphs...
30 :  75
30 :  73
Initializing...
maxdom : 30
D->valSize : 900
Solving...
Blb : 2 (clique : 15)
currentSize : 15 <-- 0.018662 s
currentSize : 16 <-- 0.018942 s
currentSize : 17 <-- 0.019071 s
currentSize : 18 <-- 0.290911 s
currentSize : 19 <-- 2.652860 s

maxsize : 19
nodes : 30541117.000000
filtered : 852954902.000000
time : 142.919937
