Parameters: GAD=1 vflib=1 dir=0 label=0 lowerbound=1 fileNameGp=../graphsdb/mcs30/bvg/b03m/mcs30_b03m_s35.A47 fileNameGt=../graphsdb/mcs30/bvg/b03m/mcs30_b03m_s35.B47
Reading graphs...
35 :  51
35 :  51
Initializing...
maxdom : 35
D->valSize : 1225
Solving...
Blb : 2 (clique : 21)
currentSize : 21 <-- 0.027057 s
currentSize : 22 <-- 0.027279 s
currentSize : 23 <-- 0.038722 s
currentSize : 24 <-- 41.148560 s
currentSize : 25 <-- 66.452904 s
currentSize : 26 <-- 143.218369 s
currentSize : 27 <-- 364.106567 s
currentSize : 28 <-- 655.830383 s

maxsize : 28
nodes : 108601259.000000
filtered : 4619849969.000000
time : 681.942749
