Parameters: GAD=1 vflib=1 dir=0 label=0 lowerbound=1 fileNameGp=../graphsdb/mcs30/rand/r01/mcs30_r01_s30.A48 fileNameGt=../graphsdb/mcs30/rand/r01/mcs30_r01_s30.B48
Reading graphs...
30 :  83
30 :  86
Initializing...
maxdom : 30
D->valSize : 900
Solving...
Blb : 2 (clique : 14)
currentSize : 14 <-- 0.010598 s
currentSize : 15 <-- 0.011771 s
currentSize : 16 <-- 0.012457 s
currentSize : 17 <-- 0.184089 s
currentSize : 18 <-- 0.976304 s

maxsize : 18
nodes : 109197130.000000
filtered : 2920029911.000000
time : 499.715607
