Parameters: GAD=1 vflib=1 dir=0 label=0 lowerbound=1 fileNameGp=../graphsdb/mcs30/m3D/m3Dr2/mcs30_m3Dr2_s25.A89 fileNameGt=../graphsdb/mcs30/m3D/m3Dr2/mcs30_m3Dr2_s25.B89
Reading graphs...
25 :  51
25 :  50
Initializing...
maxdom : 25
D->valSize : 625
Solving...
Blb : 5 (clique : 14)
currentSize : 14 <-- 0.005416 s
currentSize : 15 <-- 0.006120 s
currentSize : 16 <-- 0.007114 s
currentSize : 17 <-- 0.035253 s
currentSize : 18 <-- 0.644342 s

maxsize : 18
nodes : 469555.000000
filtered : 14613669.000000
time : 2.138030
