Parameters: GAD=1 vflib=1 dir=0 label=0 lowerbound=1 fileNameGp=../graphsdb/mcs30/m3D/m3D/mcs30_m3D_s30.A15 fileNameGt=../graphsdb/mcs30/m3D/m3D/mcs30_m3D_s30.B15
Reading graphs...
30 :  61
30 :  59
Initializing...
maxdom : 30
D->valSize : 900
Solving...
Blb : 2 (clique : 16)
currentSize : 16 <-- 0.019250 s
currentSize : 17 <-- 0.019708 s
currentSize : 18 <-- 0.019931 s
currentSize : 19 <-- 0.027064 s
currentSize : 20 <-- 0.038909 s
currentSize : 21 <-- 52.291393 s

maxsize : 21
nodes : 22856102.000000
filtered : 684218899.000000
time : 112.041618
