Parameters: GAD=1 vflib=1 dir=0 label=0 lowerbound=1 fileNameGp=../graphsdb/mcs30/m2D/m2Dr6/mcs30_m2Dr6_s30.A15 fileNameGt=../graphsdb/mcs30/m2D/m2Dr6/mcs30_m2Dr6_s30.B15
Reading graphs...
30 :  65
30 :  66
Initializing...
maxdom : 30
D->valSize : 900
Solving...
Blb : 2 (clique : 17)
currentSize : 17 <-- 0.018740 s
currentSize : 18 <-- 0.020130 s
currentSize : 19 <-- 0.022505 s
currentSize : 20 <-- 0.978459 s
currentSize : 21 <-- 8.432571 s

maxsize : 21
nodes : 8385144.000000
filtered : 322992187.000000
time : 46.523849
