Parameters: GAD=1 vflib=1 dir=0 label=0 lowerbound=1 fileNameGp=../graphsdb/mcs30/m2D/m2Dr6/mcs30_m2Dr6_s30.A72 fileNameGt=../graphsdb/mcs30/m2D/m2Dr6/mcs30_m2Dr6_s30.B72
Reading graphs...
30 :  65
30 :  63
Initializing...
maxdom : 30
D->valSize : 900
Solving...
Blb : 2 (clique : 15)
currentSize : 15 <-- 0.018958 s
currentSize : 16 <-- 0.019138 s
currentSize : 17 <-- 0.019374 s
currentSize : 18 <-- 0.021734 s
currentSize : 19 <-- 0.162397 s
currentSize : 20 <-- 53.180000 s

maxsize : 20
nodes : 67637294.000000
filtered : 2275132920.000000
time : 344.206787
