Parameters: GAD=1 vflib=1 dir=0 label=0 lowerbound=1 fileNameGp=../graphsdb/mcs30/bvg/b06m/mcs30_b06m_s30.A17 fileNameGt=../graphsdb/mcs30/bvg/b06m/mcs30_b06m_s30.B17
Reading graphs...
30 :  86
30 :  87
Initializing...
maxdom : 30
D->valSize : 900
Solving...
Blb : 2 (clique : 14)
currentSize : 14 <-- 0.010314 s
currentSize : 15 <-- 0.010456 s
currentSize : 16 <-- 0.012306 s
currentSize : 17 <-- 0.181673 s
currentSize : 18 <-- 0.542525 s
currentSize : 19 <-- 13.039240 s

maxsize : 19
nodes : 13370230.000000
filtered : 430646070.000000
time : 66.863838
