Parameters: GAD=1 vflib=1 dir=0 label=0 lowerbound=1 fileNameGp=../graphsdb/mcs30/rand/r005/mcs30_r005_s35.A15 fileNameGt=../graphsdb/mcs30/rand/r005/mcs30_r005_s35.B15
Reading graphs...
35 :  61
35 :  60
Initializing...
maxdom : 35
D->valSize : 1225
Solving...
Blb : 2 (clique : 20)
currentSize : 20 <-- 0.036529 s
currentSize : 21 <-- 0.038360 s
currentSize : 22 <-- 0.040265 s
currentSize : 23 <-- 0.042029 s
currentSize : 24 <-- 0.054943 s
currentSize : 25 <-- 0.072315 s

TIMEOUT
maxsize : 25
nodes : 581975865.000000
filtered : 23390693743.000000
time : 3600.000000
