Parameters: GAD=1 vflib=1 dir=0 label=0 lowerbound=1 fileNameGp=../graphsdb/mcs30/rand/r02/mcs30_r02_s30.A62 fileNameGt=../graphsdb/mcs30/rand/r02/mcs30_r02_s30.B62
Reading graphs...
30 :  160
30 :  151
Initializing...
maxdom : 30
D->valSize : 900
Solving...
Blb : 2 (clique : 10)
currentSize : 10 <-- 0.016140 s
currentSize : 12 <-- 0.016289 s
currentSize : 13 <-- 0.020163 s
currentSize : 14 <-- 0.030080 s
currentSize : 15 <-- 43.703274 s

maxsize : 15
nodes : 68971692.000000
filtered : 1058751643.000000
time : 252.201309
