Parameters: GAD=1 vflib=1 dir=0 label=0 lowerbound=1 fileNameGp=../graphsdb/mcs30/bvg/b06m/mcs30_b06m_s35.A86 fileNameGt=../graphsdb/mcs30/bvg/b06m/mcs30_b06m_s35.B86
Reading graphs...
35 :  100
35 :  96
Initializing...
maxdom : 35
D->valSize : 1225
Solving...
Blb : 2 (clique : 17)
currentSize : 17 <-- 0.034573 s
currentSize : 18 <-- 0.034814 s
currentSize : 19 <-- 0.035973 s
currentSize : 20 <-- 0.189648 s
currentSize : 21 <-- 1.038996 s
currentSize : 22 <-- 274.426392 s

maxsize : 22
nodes : 394986660.000000
filtered : 16016817188.000000
time : 2382.945557
