Parameters: GAD=1 vflib=1 dir=0 label=0 lowerbound=1 fileNameGp=../graphsdb/mcs30/bvg/b09m/mcs30_b09m_s35.A13 fileNameGt=../graphsdb/mcs30/bvg/b09m/mcs30_b09m_s35.B13
Reading graphs...
35 :  145
35 :  149
Initializing...
maxdom : 35
D->valSize : 1225
Solving...
Blb : 2 (clique : 13)
currentSize : 13 <-- 0.019035 s
currentSize : 14 <-- 0.019168 s
currentSize : 15 <-- 0.026260 s
currentSize : 16 <-- 0.028603 s
currentSize : 17 <-- 0.644571 s
currentSize : 18 <-- 30.797108 s

TIMEOUT
maxsize : 18
nodes : 766032535.000000
filtered : 19826644546.000000
time : 3600.000000
