Parameters: GAD=1 vflib=1 dir=0 label=0 lowerbound=1 fileNameGp=../graphsdb/mcs30/bvg/b06/mcs30_b06_s30.A36 fileNameGt=../graphsdb/mcs30/bvg/b06/mcs30_b06_s30.B36
Reading graphs...
30 :  87
30 :  87
Initializing...
maxdom : 30
D->valSize : 900
Solving...
Blb : 2 (clique : 14)
currentSize : 14 <-- 0.018379 s
currentSize : 15 <-- 0.020082 s
currentSize : 16 <-- 0.020802 s
currentSize : 17 <-- 0.045642 s
currentSize : 18 <-- 2.549357 s

maxsize : 18
nodes : 46826946.000000
filtered : 1348334542.000000
time : 217.549942
