Parameters: GAD=1 vflib=1 dir=0 label=0 lowerbound=1 fileNameGp=../graphsdb/mcs30/bvg/b03/mcs30_b03_s15.A34 fileNameGt=../graphsdb/mcs30/bvg/b03/mcs30_b03_s15.B34
Reading graphs...
15 :  22
15 :  22
Initializing...
maxdom : 15
D->valSize : 225
Solving...
Blb : 2 (clique : 8)
currentSize : 8 <-- 0.000965 s
currentSize : 9 <-- 0.001004 s
currentSize : 10 <-- 0.001270 s
currentSize : 11 <-- 0.011806 s
currentSize : 12 <-- 0.013873 s

maxsize : 12
nodes : 6181.000000
filtered : 80772.000000
time : 0.016089
