Parameters: GAD=1 vflib=1 dir=0 label=0 lowerbound=1 fileNameGp=../graphsdb/mcs30/bvg/b06m/mcs30_b06m_s25.A02 fileNameGt=../graphsdb/mcs30/bvg/b06m/mcs30_b06m_s25.B02
Reading graphs...
25 :  67
25 :  70
Initializing...
maxdom : 25
D->valSize : 625
Solving...
Blb : 2 (clique : 11)
currentSize : 11 <-- 0.008633 s
currentSize : 12 <-- 0.008764 s
currentSize : 13 <-- 0.008819 s
currentSize : 14 <-- 0.009194 s
currentSize : 15 <-- 0.108200 s
currentSize : 16 <-- 8.213480 s

maxsize : 16
nodes : 2657262.000000
filtered : 58859831.000000
time : 10.717752
