Parameters: GAD=1 vflib=1 dir=0 label=0 lowerbound=1 fileNameGp=../graphsdb/mcs30/bvg/b03m/mcs30_b03m_s25.A97 fileNameGt=../graphsdb/mcs30/bvg/b03m/mcs30_b03m_s25.B97
Reading graphs...
25 :  36
25 :  37
Initializing...
maxdom : 25
D->valSize : 625
Solving...
Blb : 2 (clique : 15)
currentSize : 15 <-- 0.005528 s
currentSize : 16 <-- 0.005623 s
currentSize : 17 <-- 0.006976 s
currentSize : 18 <-- 0.022518 s
currentSize : 19 <-- 0.036063 s

maxsize : 19
nodes : 838319.000000
filtered : 26496541.000000
time : 4.018791
