Parameters: GAD=1 vflib=1 dir=0 label=0 lowerbound=1 fileNameGp=../graphsdb/mcs30/bvg/b09m/mcs30_b09m_s35.A22 fileNameGt=../graphsdb/mcs30/bvg/b09m/mcs30_b09m_s35.B22
Reading graphs...
35 :  145
35 :  140
Initializing...
maxdom : 35
D->valSize : 1225
Solving...
Blb : 3 (clique : 14)
currentSize : 14 <-- 0.019228 s
currentSize : 15 <-- 0.019407 s
currentSize : 16 <-- 0.020006 s
currentSize : 17 <-- 0.026444 s
currentSize : 18 <-- 9.283569 s
currentSize : 19 <-- 1867.592285 s

TIMEOUT
maxsize : 19
nodes : 737208839.000000
filtered : 20544489049.000000
time : 3600.000000
