Parameters: GAD=1 vflib=1 dir=0 label=0 lowerbound=1 fileNameGp=../graphsdb/mcs30/rand/r02/mcs30_r02_s30.A87 fileNameGt=../graphsdb/mcs30/rand/r02/mcs30_r02_s30.B87
Reading graphs...
30 :  156
30 :  153
Initializing...
maxdom : 30
D->valSize : 900
Solving...
Blb : 2 (clique : 10)
currentSize : 10 <-- 0.009527 s
currentSize : 11 <-- 0.009628 s
currentSize : 12 <-- 0.009908 s
currentSize : 13 <-- 0.027635 s
currentSize : 14 <-- 0.231560 s
currentSize : 15 <-- 53.138523 s

maxsize : 15
nodes : 55018966.000000
filtered : 817760187.000000
time : 198.098526
