Parameters: GAD=1 vflib=1 dir=0 label=0 lowerbound=1 fileNameGp=../graphsdb/mcs30/m3D/m3D/mcs30_m3D_s30.A33 fileNameGt=../graphsdb/mcs30/m3D/m3D/mcs30_m3D_s30.B33
Reading graphs...
30 :  60
30 :  61
Initializing...
maxdom : 30
D->valSize : 900
Solving...
Blb : 2 (clique : 17)
currentSize : 17 <-- 0.010985 s
currentSize : 18 <-- 0.011428 s
currentSize : 19 <-- 0.035591 s
currentSize : 20 <-- 0.103615 s
currentSize : 21 <-- 36.578587 s

maxsize : 21
nodes : 15326953.000000
filtered : 427346966.000000
time : 74.465157
