Parameters: GAD=1 vflib=1 dir=0 label=0 lowerbound=1 fileNameGp=../graphsdb/mcs30/bvg/b06m/mcs30_b06m_s30.A19 fileNameGt=../graphsdb/mcs30/bvg/b06m/mcs30_b06m_s30.B19
Reading graphs...
30 :  88
30 :  86
Initializing...
maxdom : 30
D->valSize : 900
Solving...
Blb : 2 (clique : 13)
currentSize : 13 <-- 0.018016 s
currentSize : 14 <-- 0.018182 s
currentSize : 15 <-- 0.018280 s
currentSize : 16 <-- 0.028057 s
currentSize : 17 <-- 0.164203 s
currentSize : 18 <-- 5.631303 s

maxsize : 18
nodes : 49720997.000000
filtered : 1382716246.000000
time : 229.934174
