Parameters: GAD=1 vflib=1 dir=0 label=0 lowerbound=1 fileNameGp=../graphsdb/mcs30/bvg/b06m/mcs30_b06m_s35.A14 fileNameGt=../graphsdb/mcs30/bvg/b06m/mcs30_b06m_s35.B14
Reading graphs...
35 :  100
35 :  101
Initializing...
maxdom : 35
D->valSize : 1225
Solving...
Blb : 2 (clique : 16)
currentSize : 16 <-- 0.019918 s
currentSize : 17 <-- 0.020066 s
currentSize : 18 <-- 0.020364 s
currentSize : 19 <-- 0.022584 s
currentSize : 20 <-- 1.673219 s
currentSize : 21 <-- 49.401924 s

TIMEOUT
maxsize : 21
nodes : 699732484.000000
filtered : 21888987539.000000
time : 3600.000000
