Parameters: GAD=1 vflib=1 dir=0 label=0 lowerbound=1 fileNameGp=../graphsdb/mcs30/bvg/b03m/mcs30_b03m_s30.A76 fileNameGt=../graphsdb/mcs30/bvg/b03m/mcs30_b03m_s30.B76
Reading graphs...
30 :  45
30 :  45
Initializing...
maxdom : 30
D->valSize : 900
Solving...
Blb : 2 (clique : 18)
currentSize : 18 <-- 0.011659 s
currentSize : 19 <-- 0.011816 s
currentSize : 20 <-- 0.011967 s
currentSize : 21 <-- 0.012830 s
currentSize : 22 <-- 0.021640 s
currentSize : 23 <-- 5.042525 s

maxsize : 23
nodes : 12269696.000000
filtered : 598343531.000000
time : 81.058098
