Parameters: GAD=1 vflib=1 dir=0 label=0 lowerbound=1 fileNameGp=../graphsdb/mcs30/bvg/b06/mcs30_b06_s25.A83 fileNameGt=../graphsdb/mcs30/bvg/b06/mcs30_b06_s25.B83
Reading graphs...
25 :  71
25 :  74
Initializing...
maxdom : 25
D->valSize : 625
Solving...
Blb : 2 (clique : 11)
currentSize : 11 <-- 0.008682 s
currentSize : 12 <-- 0.008801 s
currentSize : 13 <-- 0.008837 s
currentSize : 14 <-- 0.049896 s
currentSize : 15 <-- 0.707544 s
currentSize : 16 <-- 1.018061 s

maxsize : 16
nodes : 1175163.000000
filtered : 30163398.000000
time : 5.100507
