Parameters: GAD=1 vflib=1 dir=0 label=0 lowerbound=1 fileNameGp=../graphsdb/mcs30/rand/r01/mcs30_r01_s30.A41 fileNameGt=../graphsdb/mcs30/rand/r01/mcs30_r01_s30.B41
Reading graphs...
30 :  84
30 :  85
Initializing...
maxdom : 30
D->valSize : 900
Solving...
Blb : 2 (clique : 14)
currentSize : 14 <-- 0.018327 s
currentSize : 15 <-- 0.030808 s
currentSize : 16 <-- 0.037507 s
currentSize : 17 <-- 0.205090 s
currentSize : 18 <-- 1.296004 s
currentSize : 19 <-- 82.539001 s

maxsize : 19
nodes : 31319498.000000
filtered : 793892354.000000
time : 141.209137
