Parameters: GAD=1 vflib=1 dir=0 label=0 lowerbound=1 fileNameGp=../graphsdb/mcs30/bvg/b03/mcs30_b03_s30.A96 fileNameGt=../graphsdb/mcs30/bvg/b03/mcs30_b03_s30.B96
Reading graphs...
30 :  45
30 :  45
Initializing...
maxdom : 30
D->valSize : 900
Solving...
Blb : 2 (clique : 19)
currentSize : 19 <-- 0.020539 s
currentSize : 20 <-- 0.020683 s
currentSize : 21 <-- 0.164020 s
currentSize : 22 <-- 0.178889 s
currentSize : 23 <-- 32.178467 s

maxsize : 23
nodes : 13284242.000000
filtered : 548335390.000000
time : 82.731758
