Parameters: GAD=1 vflib=1 dir=0 label=0 lowerbound=1 fileNameGp=../graphsdb/mcs30/rand/r02/mcs30_r02_s30.A22 fileNameGt=../graphsdb/mcs30/rand/r02/mcs30_r02_s30.B22
Reading graphs...
30 :  152
30 :  157
Initializing...
maxdom : 30
D->valSize : 900
Solving...
Blb : 2 (clique : 10)
currentSize : 10 <-- 0.009709 s
currentSize : 11 <-- 0.010118 s
currentSize : 12 <-- 0.014879 s
currentSize : 13 <-- 0.024812 s
currentSize : 14 <-- 1.461989 s

maxsize : 14
nodes : 177335403.000000
filtered : 2156429891.000000
time : 596.927612
