Parameters: GAD=1 vflib=1 dir=0 label=0 lowerbound=1 fileNameGp=../graphsdb/mcs30/m3D/m3D/mcs30_m3D_s25.A53 fileNameGt=../graphsdb/mcs30/m3D/m3D/mcs30_m3D_s25.B53
Reading graphs...
25 :  46
25 :  46
Initializing...
maxdom : 25
D->valSize : 625
Solving...
Blb : 2 (clique : 14)
currentSize : 14 <-- 0.009210 s
currentSize : 15 <-- 0.010107 s
currentSize : 16 <-- 0.034753 s
currentSize : 17 <-- 0.172410 s
currentSize : 18 <-- 6.598265 s

maxsize : 18
nodes : 2571804.000000
filtered : 57347567.000000
time : 10.340815
