Parameters: GAD=1 vflib=1 dir=0 label=0 lowerbound=1 fileNameGp=../graphsdb/mcs30/m2D/m2Dr6/mcs30_m2Dr6_s30.A74 fileNameGt=../graphsdb/mcs30/m2D/m2Dr6/mcs30_m2Dr6_s30.B74
Reading graphs...
30 :  64
30 :  63
Initializing...
maxdom : 30
D->valSize : 900
Solving...
Blb : 2 (clique : 16)
currentSize : 16 <-- 0.010777 s
currentSize : 17 <-- 0.010901 s
currentSize : 18 <-- 0.010982 s
currentSize : 19 <-- 0.011769 s
currentSize : 20 <-- 0.135293 s

maxsize : 20
nodes : 42861277.000000
filtered : 1399858897.000000
time : 212.104004
