Parameters: GAD=1 vflib=1 dir=0 label=0 lowerbound=1 fileNameGp=../graphsdb/mcs30/m2D/m2D/mcs30_m2D_s30.A81 fileNameGt=../graphsdb/mcs30/m2D/m2D/mcs30_m2D_s30.B81
Reading graphs...
30 :  49
30 :  49
Initializing...
maxdom : 30
D->valSize : 900
Solving...
Blb : 2 (clique : 19)
currentSize : 19 <-- 0.011377 s
currentSize : 20 <-- 0.014681 s
currentSize : 21 <-- 0.030447 s
currentSize : 22 <-- 0.164332 s
currentSize : 23 <-- 7.326481 s

maxsize : 23
nodes : 1731360.000000
filtered : 62300551.000000
time : 9.672811
