Parameters: GAD=1 vflib=1 dir=0 label=0 lowerbound=1 fileNameGp=../graphsdb/mcs30/m3D/m3Dr4/mcs30_m3Dr4_s30.A60 fileNameGt=../graphsdb/mcs30/m3D/m3Dr4/mcs30_m3Dr4_s30.B60
Reading graphs...
30 :  72
30 :  72
Initializing...
maxdom : 30
D->valSize : 900
Solving...
Blb : 2 (clique : 14)
currentSize : 14 <-- 0.010821 s
currentSize : 15 <-- 0.012864 s
currentSize : 16 <-- 0.031078 s
currentSize : 17 <-- 0.062985 s
currentSize : 18 <-- 0.367259 s
currentSize : 19 <-- 6.915736 s
currentSize : 20 <-- 125.141731 s

maxsize : 20
nodes : 38258912.000000
filtered : 977188666.000000
time : 173.442673
