Parameters: GAD=1 vflib=1 dir=0 label=0 lowerbound=1 fileNameGp=../graphsdb/mcs30/rand/r005/mcs30_r005_s25.A04 fileNameGt=../graphsdb/mcs30/rand/r005/mcs30_r005_s25.B04
Reading graphs...
25 :  33
25 :  34
Initializing...
maxdom : 25
D->valSize : 625
Solving...
Blb : 2 (clique : 16)
currentSize : 16 <-- 0.009666 s
currentSize : 17 <-- 0.009852 s
currentSize : 18 <-- 0.010049 s
currentSize : 19 <-- 0.014403 s
currentSize : 20 <-- 2.520658 s

maxsize : 20
nodes : 877204.000000
filtered : 29278228.000000
time : 4.293324
