Parameters: GAD=1 vflib=1 dir=0 label=0 lowerbound=1 fileNameGp=../graphsdb/mcs30/rand/r02/mcs30_r02_s35.A58 fileNameGt=../graphsdb/mcs30/rand/r02/mcs30_r02_s35.B58
Reading graphs...
35 :  211
35 :  216
Initializing...
maxdom : 35
D->valSize : 1225
Solving...
Blb : 2 (clique : 11)
currentSize : 11 <-- 0.017779 s
currentSize : 12 <-- 0.018331 s
currentSize : 13 <-- 0.018458 s
currentSize : 14 <-- 0.161783 s
currentSize : 15 <-- 6.910990 s
currentSize : 16 <-- 1804.901733 s

TIMEOUT
maxsize : 16
nodes : 951625543.000000
filtered : 12905268692.000000
time : 3600.000000
