Parameters: GAD=1 vflib=1 dir=0 label=0 lowerbound=1 fileNameGp=../graphsdb/mcs30/bvg/b09/mcs30_b09_s35.A47 fileNameGt=../graphsdb/mcs30/bvg/b09/mcs30_b09_s35.B47
Reading graphs...
35 :  151
35 :  148
Initializing...
maxdom : 35
D->valSize : 1225
Solving...
Blb : 5 (clique : 14)
currentSize : 14 <-- 0.023557 s
currentSize : 15 <-- 0.090270 s
currentSize : 16 <-- 0.279654 s
currentSize : 17 <-- 0.426022 s
currentSize : 18 <-- 1.933479 s
currentSize : 19 <-- 6.872077 s
currentSize : 20 <-- 74.487389 s

maxsize : 20
nodes : 643140629.000000
filtered : 16272204118.000000
time : 3016.209961
