Parameters: GAD=1 vflib=1 dir=0 label=0 lowerbound=1 fileNameGp=../graphsdb/mcs30/bvg/b09/mcs30_b09_s35.A89 fileNameGt=../graphsdb/mcs30/bvg/b09/mcs30_b09_s35.B89
Reading graphs...
35 :  148
35 :  153
Initializing...
maxdom : 35
D->valSize : 1225
Solving...
Blb : 2 (clique : 12)
currentSize : 12 <-- 0.022664 s
currentSize : 14 <-- 0.022790 s
currentSize : 15 <-- 0.024081 s
currentSize : 16 <-- 0.049745 s
currentSize : 17 <-- 0.069322 s
currentSize : 18 <-- 0.069344 s
currentSize : 19 <-- 9.366125 s
currentSize : 20 <-- 329.809875 s

maxsize : 20
nodes : 170511642.000000
filtered : 5138810155.000000
time : 871.628784
