Parameters: GAD=1 vflib=1 dir=0 label=0 lowerbound=1 fileNameGp=../graphsdb/mcs30/m3D/m3Dr4/mcs30_m3Dr4_s25.A59 fileNameGt=../graphsdb/mcs30/m3D/m3Dr4/mcs30_m3Dr4_s25.B59
Reading graphs...
25 :  55
25 :  56
Initializing...
maxdom : 25
D->valSize : 625
Solving...
Blb : 2 (clique : 12)
currentSize : 12 <-- 0.008957 s
currentSize : 13 <-- 0.009083 s
currentSize : 14 <-- 0.010532 s
currentSize : 15 <-- 0.011407 s
currentSize : 16 <-- 0.156349 s
currentSize : 17 <-- 3.287026 s

maxsize : 17
nodes : 1874410.000000
filtered : 51128949.000000
time : 8.324849
