Parameters: GAD=1 vflib=1 dir=0 label=0 lowerbound=1 fileNameGp=../graphsdb/mcs30/bvg/b06/mcs30_b06_s30.A01 fileNameGt=../graphsdb/mcs30/bvg/b06/mcs30_b06_s30.B01
Reading graphs...
30 :  89
30 :  86
Initializing...
maxdom : 30
D->valSize : 900
Solving...
Blb : 2 (clique : 14)
currentSize : 14 <-- 0.010570 s
currentSize : 15 <-- 0.010705 s
currentSize : 16 <-- 0.012991 s
currentSize : 17 <-- 0.103905 s
currentSize : 18 <-- 26.927359 s
currentSize : 19 <-- 126.705154 s

maxsize : 19
nodes : 36316082.000000
filtered : 1110855108.000000
time : 171.925537
