Parameters: GAD=1 vflib=1 dir=0 label=0 lowerbound=1 fileNameGp=../graphsdb/mcs30/rand/r005/mcs30_r005_s30.A42 fileNameGt=../graphsdb/mcs30/rand/r005/mcs30_r005_s30.B42
Reading graphs...
30 :  48
30 :  47
Initializing...
maxdom : 30
D->valSize : 900
Solving...
Blb : 5 (clique : 16)
currentSize : 16 <-- 0.011931 s
currentSize : 18 <-- 0.012070 s
currentSize : 19 <-- 0.012182 s
currentSize : 20 <-- 0.012800 s
currentSize : 21 <-- 0.125520 s
currentSize : 22 <-- 0.225178 s

maxsize : 22
nodes : 29507996.000000
filtered : 1226825907.000000
time : 172.228378
