Parameters: GAD=1 vflib=1 dir=0 label=0 lowerbound=1 fileNameGp=../graphsdb/mcs30/rand/r01/mcs30_r01_s30.A09 fileNameGt=../graphsdb/mcs30/rand/r01/mcs30_r01_s30.B09
Reading graphs...
30 :  83
30 :  82
Initializing...
maxdom : 30
D->valSize : 900
Solving...
Blb : 2 (clique : 13)
currentSize : 13 <-- 0.010553 s
currentSize : 15 <-- 0.010663 s
currentSize : 16 <-- 0.011570 s
currentSize : 17 <-- 0.025705 s
currentSize : 18 <-- 14.320928 s

maxsize : 18
nodes : 92418138.000000
filtered : 2645162482.000000
time : 435.374115
