Parameters: GAD=1 vflib=1 dir=0 label=0 lowerbound=1 fileNameGp=../graphsdb/mcs30/m3D/m3Dr4/mcs30_m3Dr4_s30.A07 fileNameGt=../graphsdb/mcs30/m3D/m3Dr4/mcs30_m3Dr4_s30.B07
Reading graphs...
30 :  69
30 :  68
Initializing...
maxdom : 30
D->valSize : 900
Solving...
Blb : 3 (clique : 15)
currentSize : 15 <-- 0.010767 s
currentSize : 16 <-- 0.010899 s
currentSize : 17 <-- 0.010978 s
currentSize : 18 <-- 0.012502 s
currentSize : 19 <-- 0.092931 s
currentSize : 20 <-- 110.548378 s

maxsize : 20
nodes : 37707005.000000
filtered : 996742326.000000
time : 172.629990
