Parameters: GAD=1 vflib=1 dir=0 label=0 lowerbound=1 fileNameGp=../graphsdb/mcs30/m3D/m3Dr4/mcs30_m3Dr4_s25.A57 fileNameGt=../graphsdb/mcs30/m3D/m3Dr4/mcs30_m3Dr4_s25.B57
Reading graphs...
25 :  56
25 :  55
Initializing...
maxdom : 25
D->valSize : 625
Solving...
Blb : 2 (clique : 13)
currentSize : 13 <-- 0.009060 s
currentSize : 14 <-- 0.009187 s
currentSize : 15 <-- 0.009403 s
currentSize : 16 <-- 0.021386 s
currentSize : 17 <-- 3.896109 s

maxsize : 17
nodes : 2660586.000000
filtered : 67623858.000000
time : 11.180818
