Parameters: GAD=1 vflib=1 dir=0 label=0 lowerbound=1 fileNameGp=../graphsdb/mcs30/rand/r01/mcs30_r01_s30.A01 fileNameGt=../graphsdb/mcs30/rand/r01/mcs30_r01_s30.B01
Reading graphs...
30 :  85
30 :  84
Initializing...
maxdom : 30
D->valSize : 900
Solving...
Blb : 2 (clique : 15)
currentSize : 15 <-- 0.010750 s
currentSize : 16 <-- 0.011117 s
currentSize : 17 <-- 0.046913 s
currentSize : 18 <-- 4.863208 s
currentSize : 19 <-- 302.562714 s

maxsize : 19
nodes : 74694580.000000
filtered : 1832575243.000000
time : 328.408417
