Parameters: GAD=1 vflib=1 dir=0 label=0 lowerbound=1 fileNameGp=../graphsdb/mcs30/m3D/m3Dr4/mcs30_m3Dr4_s25.A45 fileNameGt=../graphsdb/mcs30/m3D/m3Dr4/mcs30_m3Dr4_s25.B45
Reading graphs...
25 :  54
25 :  57
Initializing...
maxdom : 25
D->valSize : 625
Solving...
Blb : 2 (clique : 12)
currentSize : 12 <-- 0.005189 s
currentSize : 13 <-- 0.005280 s
currentSize : 14 <-- 0.005301 s
currentSize : 15 <-- 0.006650 s
currentSize : 16 <-- 0.036655 s
currentSize : 17 <-- 0.826253 s

maxsize : 17
nodes : 1725772.000000
filtered : 41062594.000000
time : 7.189939
