Parameters: GAD=1 vflib=1 dir=0 label=0 lowerbound=1 fileNameGp=../graphsdb/mcs30/m3D/m3Dr4/mcs30_m3Dr4_s30.A06 fileNameGt=../graphsdb/mcs30/m3D/m3Dr4/mcs30_m3Dr4_s30.B06
Reading graphs...
30 :  72
30 :  68
Initializing...
maxdom : 30
D->valSize : 900
Solving...
Blb : 2 (clique : 14)
currentSize : 14 <-- 0.018907 s
currentSize : 15 <-- 0.026768 s
currentSize : 16 <-- 0.032856 s
currentSize : 17 <-- 0.124436 s
currentSize : 18 <-- 0.880173 s
currentSize : 19 <-- 10.341998 s

maxsize : 19
nodes : 38083867.000000
filtered : 1105941841.000000
time : 178.357346
