Parameters: GAD=1 vflib=1 dir=0 label=0 lowerbound=1 fileNameGp=../graphsdb/mcs30/rand/r005/mcs30_r005_s35.A17 fileNameGt=../graphsdb/mcs30/rand/r005/mcs30_r005_s35.B17
Reading graphs...
35 :  62
35 :  64
Initializing...
maxdom : 35
D->valSize : 1225
Solving...
Blb : 5 (clique : 20)
currentSize : 20 <-- 0.020969 s
currentSize : 21 <-- 0.021144 s
currentSize : 22 <-- 0.021288 s
currentSize : 23 <-- 0.027783 s
currentSize : 24 <-- 0.028179 s
currentSize : 25 <-- 4.855724 s

maxsize : 25
nodes : 140887196.000000
filtered : 6526742206.000000
time : 979.450867
