Parameters: GAD=1 vflib=1 dir=0 label=0 lowerbound=1 fileNameGp=../graphsdb/mcs30/rand/r02/mcs30_r02_s30.A84 fileNameGt=../graphsdb/mcs30/rand/r02/mcs30_r02_s30.B84
Reading graphs...
30 :  154
30 :  153
Initializing...
maxdom : 30
D->valSize : 900
Solving...
Blb : 2 (clique : 10)
currentSize : 10 <-- 0.009558 s
currentSize : 11 <-- 0.009665 s
currentSize : 12 <-- 0.010720 s
currentSize : 13 <-- 0.207627 s
currentSize : 14 <-- 2.985245 s
currentSize : 15 <-- 123.433144 s

maxsize : 15
nodes : 83414883.000000
filtered : 1209190282.000000
time : 298.224579
