Parameters: GAD=1 vflib=1 dir=0 label=0 lowerbound=1 fileNameGp=../graphsdb/mcs30/m2D/m2Dr2/mcs30_m2Dr2_s30.A89 fileNameGt=../graphsdb/mcs30/m2D/m2Dr2/mcs30_m2Dr2_s30.B89
Reading graphs...
30 :  55
30 :  55
Initializing...
maxdom : 30
D->valSize : 900
Solving...
Blb : 2 (clique : 18)
currentSize : 18 <-- 0.010983 s
currentSize : 19 <-- 0.011144 s
currentSize : 20 <-- 0.095777 s
currentSize : 21 <-- 0.442047 s
currentSize : 22 <-- 5.150386 s

maxsize : 22
nodes : 6425254.000000
filtered : 240158286.000000
time : 37.885887
