Parameters: GAD=1 vflib=1 dir=0 label=0 lowerbound=1 fileNameGp=../graphsdb/mcs30/bvg/b06/mcs30_b06_s35.A30 fileNameGt=../graphsdb/mcs30/bvg/b06/mcs30_b06_s35.B30
Reading graphs...
35 :  101
35 :  103
Initializing...
maxdom : 35
D->valSize : 1225
Solving...
Blb : 2 (clique : 15)
currentSize : 15 <-- 0.019539 s
currentSize : 17 <-- 0.019682 s
currentSize : 18 <-- 0.019700 s
currentSize : 19 <-- 0.039114 s
currentSize : 20 <-- 2.986011 s
currentSize : 21 <-- 42.980152 s

TIMEOUT
maxsize : 21
nodes : 676259294.000000
filtered : 20919541953.000000
time : 3600.000000
