Parameters: GAD=1 vflib=1 dir=0 label=0 lowerbound=1 fileNameGp=../graphsdb/mcs30/bvg/b06m/mcs30_b06m_s35.A46 fileNameGt=../graphsdb/mcs30/bvg/b06m/mcs30_b06m_s35.B46
Reading graphs...
35 :  100
35 :  100
Initializing...
maxdom : 35
D->valSize : 1225
Solving...
Blb : 2 (clique : 16)
currentSize : 16 <-- 0.034015 s
currentSize : 17 <-- 0.034595 s
currentSize : 18 <-- 0.034822 s
currentSize : 19 <-- 0.054709 s
currentSize : 20 <-- 0.319998 s
currentSize : 21 <-- 19.563448 s

TIMEOUT
maxsize : 21
nodes : 625152334.000000
filtered : 22984918733.000000
time : 3600.000000
