Parameters: GAD=1 vflib=1 dir=0 label=0 lowerbound=1 fileNameGp=../graphsdb/mcs30/m3D/m3D/mcs30_m3D_s25.A54 fileNameGt=../graphsdb/mcs30/m3D/m3D/mcs30_m3D_s25.B54
Reading graphs...
25 :  47
25 :  49
Initializing...
maxdom : 25
D->valSize : 625
Solving...
Blb : 2 (clique : 13)
currentSize : 13 <-- 0.009223 s
currentSize : 15 <-- 0.009352 s
currentSize : 16 <-- 0.009388 s
currentSize : 17 <-- 0.068397 s
currentSize : 18 <-- 2.559788 s

maxsize : 18
nodes : 1203380.000000
filtered : 36308917.000000
time : 5.705861
