Parameters: GAD=1 vflib=1 dir=0 label=0 lowerbound=1 fileNameGp=../graphsdb/mcs30/bvg/b03m/mcs30_b03m_s35.A12 fileNameGt=../graphsdb/mcs30/bvg/b03m/mcs30_b03m_s35.B12
Reading graphs...
35 :  52
35 :  52
Initializing...
maxdom : 35
D->valSize : 1225
Solving...
Blb : 2 (clique : 21)
currentSize : 21 <-- 0.021816 s
currentSize : 22 <-- 1.046978 s
currentSize : 23 <-- 7.441203 s
currentSize : 24 <-- 13.610564 s
currentSize : 25 <-- 14.509336 s
currentSize : 26 <-- 20.272116 s
currentSize : 27 <-- 105.130196 s

maxsize : 27
nodes : 288465084.000000
filtered : 15762176758.000000
time : 2294.057373
