Parameters: GAD=1 vflib=1 dir=0 label=0 lowerbound=1 fileNameGp=../graphsdb/mcs30/bvg/b06m/mcs30_b06m_s30.A18 fileNameGt=../graphsdb/mcs30/bvg/b06m/mcs30_b06m_s30.B18
Reading graphs...
30 :  82
30 :  83
Initializing...
maxdom : 30
D->valSize : 900
Solving...
Blb : 2 (clique : 14)
currentSize : 14 <-- 0.010405 s
currentSize : 15 <-- 0.011176 s
currentSize : 16 <-- 0.015236 s
currentSize : 17 <-- 1.030334 s
currentSize : 18 <-- 17.690557 s

maxsize : 18
nodes : 80812249.000000
filtered : 2099988795.000000
time : 354.350311
