Parameters: GAD=1 vflib=1 dir=0 label=0 lowerbound=1 fileNameGp=../graphsdb/mcs30/bvg/b03m/mcs30_b03m_s35.A10 fileNameGt=../graphsdb/mcs30/bvg/b03m/mcs30_b03m_s35.B10
Reading graphs...
35 :  51
35 :  52
Initializing...
maxdom : 35
D->valSize : 1225
Solving...
Blb : 2 (clique : 21)
currentSize : 21 <-- 0.021790 s
currentSize : 22 <-- 1.738502 s
currentSize : 23 <-- 2.039838 s
currentSize : 24 <-- 10.263160 s
currentSize : 25 <-- 10.463534 s
currentSize : 26 <-- 284.569824 s
currentSize : 27 <-- 1797.593140 s

maxsize : 27
nodes : 335612128.000000
filtered : 14823775679.000000
time : 2246.871094
