Parameters: GAD=1 vflib=1 dir=0 label=0 lowerbound=1 fileNameGp=../graphsdb/mcs30/m3D/m3Dr2/mcs30_m3Dr2_s25.A91 fileNameGt=../graphsdb/mcs30/m3D/m3Dr2/mcs30_m3Dr2_s25.B91
Reading graphs...
25 :  53
25 :  52
Initializing...
maxdom : 25
D->valSize : 625
Solving...
Blb : 2 (clique : 13)
currentSize : 13 <-- 0.009083 s
currentSize : 14 <-- 0.009789 s
currentSize : 15 <-- 0.009866 s
currentSize : 16 <-- 0.012749 s
currentSize : 17 <-- 0.105185 s

maxsize : 17
nodes : 976970.000000
filtered : 24899942.000000
time : 4.186092
