Parameters: GAD=1 vflib=1 dir=0 label=0 lowerbound=1 fileNameGp=../graphsdb/mcs30/rand/r01/mcs30_r01_s35.A22 fileNameGt=../graphsdb/mcs30/rand/r01/mcs30_r01_s35.B22
Reading graphs...
35 :  114
35 :  112
Initializing...
maxdom : 35
D->valSize : 1225
Solving...
Blb : 2 (clique : 14)
currentSize : 14 <-- 0.019525 s
currentSize : 15 <-- 0.019674 s
currentSize : 16 <-- 0.020056 s
currentSize : 17 <-- 0.024126 s
currentSize : 18 <-- 0.051313 s
currentSize : 19 <-- 0.052130 s
currentSize : 20 <-- 0.883511 s
currentSize : 21 <-- 6.317172 s

maxsize : 21
nodes : 303111047.000000
filtered : 9625798691.000000
time : 1619.873901
