Parameters: GAD=1 vflib=1 dir=0 label=0 lowerbound=1 fileNameGp=../graphsdb/mcs30/bvg/b03/mcs30_b03_s35.A95 fileNameGt=../graphsdb/mcs30/bvg/b03/mcs30_b03_s35.B95
Reading graphs...
35 :  52
35 :  51
Initializing...
maxdom : 35
D->valSize : 1225
Solving...
Blb : 2 (clique : 24)
currentSize : 24 <-- 0.027796 s
currentSize : 25 <-- 0.028115 s
currentSize : 26 <-- 0.142990 s
currentSize : 27 <-- 2.766172 s
currentSize : 28 <-- 70.842194 s

maxsize : 28
nodes : 13941978.000000
filtered : 683969453.000000
time : 103.526909
