Parameters: GAD=1 vflib=1 dir=0 label=0 lowerbound=1 fileNameGp=../graphsdb/mcs30/rand/r02/mcs30_r02_s30.A46 fileNameGt=../graphsdb/mcs30/rand/r02/mcs30_r02_s30.B46
Reading graphs...
30 :  155
30 :  149
Initializing...
maxdom : 30
D->valSize : 900
Solving...
Blb : 2 (clique : 11)
currentSize : 11 <-- 0.009608 s
currentSize : 12 <-- 0.009919 s
currentSize : 13 <-- 0.010311 s
currentSize : 14 <-- 0.719620 s
currentSize : 15 <-- 356.105560 s

maxsize : 15
nodes : 117515413.000000
filtered : 1538608512.000000
time : 399.984924
