Parameters: GAD=1 vflib=1 dir=0 label=0 lowerbound=1 fileNameGp=../graphsdb/mcs30/bvg/b06m/mcs30_b06m_s30.A53 fileNameGt=../graphsdb/mcs30/bvg/b06m/mcs30_b06m_s30.B53
Reading graphs...
30 :  85
30 :  86
Initializing...
maxdom : 30
D->valSize : 900
Solving...
Blb : 2 (clique : 14)
currentSize : 14 <-- 0.018148 s
currentSize : 15 <-- 0.020019 s
currentSize : 16 <-- 0.030187 s
currentSize : 17 <-- 0.135758 s
currentSize : 18 <-- 6.075961 s
currentSize : 19 <-- 14.906190 s

maxsize : 19
nodes : 24014548.000000
filtered : 725987126.000000
time : 118.365089
