Parameters: GAD=1 vflib=1 dir=0 label=0 lowerbound=1 fileNameGp=../graphsdb/mcs30/rand/r005/mcs30_r005_s35.A22 fileNameGt=../graphsdb/mcs30/rand/r005/mcs30_r005_s35.B22
Reading graphs...
35 :  64
35 :  64
Initializing...
maxdom : 35
D->valSize : 1225
Solving...
Blb : 2 (clique : 20)
currentSize : 20 <-- 0.036392 s
currentSize : 21 <-- 0.037968 s
currentSize : 22 <-- 0.039648 s
currentSize : 23 <-- 0.056557 s
currentSize : 24 <-- 19.488668 s
currentSize : 25 <-- 98.380638 s
currentSize : 26 <-- 1814.971924 s

TIMEOUT
maxsize : 26
nodes : 468129028.000000
filtered : 28674584898.000000
time : 3600.000000
