Parameters: GAD=1 vflib=1 dir=0 label=0 lowerbound=1 fileNameGp=../graphsdb/mcs30/bvg/b09/mcs30_b09_s35.A09 fileNameGt=../graphsdb/mcs30/bvg/b09/mcs30_b09_s35.B09
Reading graphs...
35 :  154
35 :  147
Initializing...
maxdom : 35
D->valSize : 1225
Solving...
Blb : 2 (clique : 14)
currentSize : 14 <-- 0.018420 s
currentSize : 15 <-- 0.018660 s
currentSize : 16 <-- 0.199336 s
currentSize : 17 <-- 0.203173 s
currentSize : 18 <-- 0.231846 s
currentSize : 19 <-- 0.247180 s
currentSize : 20 <-- 12.556379 s

maxsize : 20
nodes : 192266146.000000
filtered : 6147714022.000000
time : 994.415283
