Parameters: GAD=1 vflib=1 dir=0 label=0 lowerbound=1 fileNameGp=../graphsdb/mcs30/bvg/b03/mcs30_b03_s35.A58 fileNameGt=../graphsdb/mcs30/bvg/b03/mcs30_b03_s35.B58
Reading graphs...
35 :  51
35 :  52
Initializing...
maxdom : 35
D->valSize : 1225
Solving...
Blb : 2 (clique : 22)
currentSize : 22 <-- 0.021874 s
currentSize : 23 <-- 0.024434 s
currentSize : 24 <-- 0.029468 s
currentSize : 25 <-- 25.435593 s
currentSize : 26 <-- 29.268225 s
currentSize : 27 <-- 29.282295 s

maxsize : 27
nodes : 236084839.000000
filtered : 14509853734.000000
time : 1871.427612
