Parameters: GAD=1 vflib=1 dir=0 label=0 lowerbound=1 fileNameGp=../graphsdb/mcs30/bvg/b09m/mcs30_b09m_s35.A72 fileNameGt=../graphsdb/mcs30/bvg/b09m/mcs30_b09m_s35.B72
Reading graphs...
35 :  142
35 :  142
Initializing...
maxdom : 35
D->valSize : 1225
Solving...
Blb : 2 (clique : 13)
currentSize : 13 <-- 0.032036 s
currentSize : 14 <-- 0.032624 s
currentSize : 15 <-- 0.035761 s
currentSize : 16 <-- 0.095936 s
currentSize : 17 <-- 2.247797 s
currentSize : 18 <-- 14.909345 s
currentSize : 19 <-- 84.273895 s

maxsize : 19
nodes : 558678820.000000
filtered : 18491242952.000000
time : 2961.282471
