Parameters: GAD=1 vflib=1 dir=0 label=0 lowerbound=1 fileNameGp=../graphsdb/mcs30/bvg/b03m/mcs30_b03m_s35.A28 fileNameGt=../graphsdb/mcs30/bvg/b03m/mcs30_b03m_s35.B28
Reading graphs...
35 :  52
35 :  52
Initializing...
maxdom : 35
D->valSize : 1225
Solving...
Blb : 2 (clique : 23)
currentSize : 23 <-- 0.021418 s
currentSize : 24 <-- 1.624597 s
currentSize : 25 <-- 1.695866 s
currentSize : 26 <-- 3.343369 s
currentSize : 27 <-- 144.896606 s

maxsize : 27
nodes : 110316485.000000
filtered : 6262539084.000000
time : 876.580994
