Parameters: GAD=1 vflib=1 dir=0 label=0 lowerbound=1 fileNameGp=../graphsdb/mcs30/bvg/b03m/mcs30_b03m_s35.A75 fileNameGt=../graphsdb/mcs30/bvg/b03m/mcs30_b03m_s35.B75
Reading graphs...
35 :  52
35 :  52
Initializing...
maxdom : 35
D->valSize : 1225
Solving...
Blb : 3 (clique : 21)
currentSize : 21 <-- 0.036577 s
currentSize : 23 <-- 0.036870 s
currentSize : 24 <-- 0.050118 s
currentSize : 25 <-- 0.051444 s
currentSize : 26 <-- 0.053951 s
currentSize : 27 <-- 0.149902 s

maxsize : 27
nodes : 207562509.000000
filtered : 10586681992.000000
time : 1658.792236
