Parameters: GAD=1 vflib=1 dir=0 label=0 lowerbound=1 fileNameGp=../graphsdb/mcs30/m3D/m3Dr2/mcs30_m3Dr2_s25.A63 fileNameGt=../graphsdb/mcs30/m3D/m3Dr2/mcs30_m3Dr2_s25.B63
Reading graphs...
25 :  54
25 :  54
Initializing...
maxdom : 25
D->valSize : 625
Solving...
Blb : 2 (clique : 13)
currentSize : 13 <-- 0.005337 s
currentSize : 14 <-- 0.005451 s
currentSize : 15 <-- 0.005665 s
currentSize : 16 <-- 0.007052 s
currentSize : 17 <-- 0.201987 s

maxsize : 17
nodes : 1626345.000000
filtered : 42577107.000000
time : 7.091635
