Parameters: GAD=1 vflib=1 dir=0 label=0 lowerbound=1 fileNameGp=../graphsdb/mcs30/rand/r01/mcs30_r01_s20.A34 fileNameGt=../graphsdb/mcs30/rand/r01/mcs30_r01_s20.B34
Reading graphs...
20 :  40
20 :  39
Initializing...
maxdom : 20
D->valSize : 400
Solving...
Blb : 2 (clique : 10)
currentSize : 10 <-- 0.003804 s
currentSize : 11 <-- 0.003884 s
currentSize : 12 <-- 0.004408 s
currentSize : 13 <-- 0.010332 s
currentSize : 14 <-- 0.439289 s

maxsize : 14
nodes : 163827.000000
filtered : 2154362.000000
time : 0.573532
