Parameters: GAD=1 vflib=1 dir=0 label=0 lowerbound=1 fileNameGp=../graphsdb/mcs30/rand/r005/mcs30_r005_s30.A48 fileNameGt=../graphsdb/mcs30/rand/r005/mcs30_r005_s30.B48
Reading graphs...
30 :  47
30 :  48
Initializing...
maxdom : 30
D->valSize : 900
Solving...
Blb : 5 (clique : 17)
currentSize : 17 <-- 0.019697 s
currentSize : 18 <-- 0.020077 s
currentSize : 19 <-- 0.022817 s
currentSize : 20 <-- 0.080662 s
currentSize : 21 <-- 0.369644 s
currentSize : 22 <-- 1.246364 s

maxsize : 22
nodes : 10022809.000000
filtered : 338562109.000000
time : 54.677711
