Parameters: GAD=1 vflib=1 dir=0 label=0 lowerbound=1 fileNameGp=../graphsdb/mcs30/bvg/b03/mcs30_b03_s25.A51 fileNameGt=../graphsdb/mcs30/bvg/b03/mcs30_b03_s25.B51
Reading graphs...
25 :  37
25 :  37
Initializing...
maxdom : 25
D->valSize : 625
Solving...
Blb : 2 (clique : 15)
currentSize : 15 <-- 0.005843 s
currentSize : 16 <-- 0.005987 s
currentSize : 17 <-- 0.006169 s
currentSize : 18 <-- 0.034288 s
currentSize : 19 <-- 0.056195 s

maxsize : 19
nodes : 821784.000000
filtered : 31811707.000000
time : 4.238521
