Parameters: GAD=1 vflib=1 dir=0 label=0 lowerbound=1 fileNameGp=../graphsdb/mcs30/rand/r01/mcs30_r01_s30.A64 fileNameGt=../graphsdb/mcs30/rand/r01/mcs30_r01_s30.B64
Reading graphs...
30 :  86
30 :  86
Initializing...
maxdom : 30
D->valSize : 900
Solving...
Blb : 2 (clique : 14)
currentSize : 14 <-- 0.015385 s
currentSize : 15 <-- 0.015527 s
currentSize : 16 <-- 0.024227 s
currentSize : 17 <-- 0.115147 s
currentSize : 18 <-- 0.666778 s

maxsize : 18
nodes : 47749448.000000
filtered : 1196361372.000000
time : 209.846176
