Parameters: GAD=1 vflib=1 dir=0 label=0 lowerbound=1 fileNameGp=../graphsdb/mcs30/m3D/m3D/mcs30_m3D_s30.A63 fileNameGt=../graphsdb/mcs30/m3D/m3D/mcs30_m3D_s30.B63
Reading graphs...
30 :  61
30 :  60
Initializing...
maxdom : 30
D->valSize : 900
Solving...
Blb : 2 (clique : 15)
currentSize : 15 <-- 0.019002 s
currentSize : 17 <-- 0.019189 s
currentSize : 18 <-- 0.019202 s
currentSize : 19 <-- 0.021507 s
currentSize : 20 <-- 8.374236 s
currentSize : 21 <-- 53.411442 s
currentSize : 22 <-- 66.362427 s

maxsize : 22
nodes : 21283317.000000
filtered : 852651039.000000
time : 120.565987
