Parameters: GAD=1 vflib=1 dir=0 label=0 lowerbound=1 fileNameGp=../graphsdb/mcs30/bvg/b03/mcs30_b03_s25.A24 fileNameGt=../graphsdb/mcs30/bvg/b03/mcs30_b03_s25.B24
Reading graphs...
25 :  37
25 :  37
Initializing...
maxdom : 25
D->valSize : 625
Solving...
Blb : 3 (clique : 15)
currentSize : 15 <-- 0.005603 s
currentSize : 16 <-- 0.005791 s
currentSize : 17 <-- 0.005986 s
currentSize : 18 <-- 0.020648 s
currentSize : 19 <-- 0.563879 s

maxsize : 19
nodes : 1235496.000000
filtered : 51483222.000000
time : 6.566684
