Parameters: GAD=1 vflib=1 dir=0 label=0 lowerbound=1 fileNameGp=../graphsdb/mcs30/m3D/m3Dr2/mcs30_m3Dr2_s25.A41 fileNameGt=../graphsdb/mcs30/m3D/m3Dr2/mcs30_m3Dr2_s25.B41
Reading graphs...
25 :  53
25 :  54
Initializing...
maxdom : 25
D->valSize : 625
Solving...
Blb : 2 (clique : 13)
currentSize : 13 <-- 0.005260 s
currentSize : 14 <-- 0.005357 s
currentSize : 15 <-- 0.005382 s
currentSize : 16 <-- 0.016176 s
currentSize : 17 <-- 0.033158 s

maxsize : 17
nodes : 857639.000000
filtered : 22947924.000000
time : 3.781782
