Parameters: GAD=1 vflib=1 dir=0 label=0 lowerbound=1 fileNameGp=../graphsdb/mcs30/m2D/m2D/mcs30_m2D_s30.A94 fileNameGt=../graphsdb/mcs30/m2D/m2D/mcs30_m2D_s30.B94
Reading graphs...
30 :  48
30 :  48
Initializing...
maxdom : 30
D->valSize : 900
Solving...
Blb : 5 (clique : 17)
currentSize : 17 <-- 0.019853 s
currentSize : 18 <-- 0.020054 s
currentSize : 19 <-- 0.020302 s
currentSize : 20 <-- 0.021060 s
currentSize : 21 <-- 0.064191 s
currentSize : 22 <-- 2.267906 s

maxsize : 22
nodes : 22571711.000000
filtered : 791889253.000000
time : 125.577744
