Parameters: GAD=1 vflib=1 dir=0 label=0 lowerbound=1 fileNameGp=../graphsdb/mcs30/rand/r005/mcs30_r005_s25.A94 fileNameGt=../graphsdb/mcs30/rand/r005/mcs30_r005_s25.B94
Reading graphs...
25 :  34
25 :  34
Initializing...
maxdom : 25
D->valSize : 625
Solving...
Blb : 2 (clique : 15)
currentSize : 15 <-- 0.010518 s
currentSize : 16 <-- 0.011100 s
currentSize : 17 <-- 0.012122 s
currentSize : 18 <-- 0.012249 s
currentSize : 19 <-- 0.206266 s

maxsize : 19
nodes : 1272330.000000
filtered : 36870905.000000
time : 6.005668
