Parameters: GAD=1 vflib=1 dir=0 label=0 lowerbound=1 fileNameGp=../graphsdb/mcs30/bvg/b06/mcs30_b06_s25.A25 fileNameGt=../graphsdb/mcs30/bvg/b06/mcs30_b06_s25.B25
Reading graphs...
25 :  69
25 :  75
Initializing...
maxdom : 25
D->valSize : 625
Solving...
Blb : 2 (clique : 12)
currentSize : 12 <-- 0.005078 s
currentSize : 13 <-- 0.007783 s
currentSize : 14 <-- 0.019547 s
currentSize : 15 <-- 0.515859 s
currentSize : 16 <-- 1.237713 s

maxsize : 16
nodes : 1307072.000000
filtered : 27705676.000000
time : 5.175955
