Parameters: GAD=1 vflib=1 dir=0 label=0 lowerbound=1 fileNameGp=../graphsdb/mcs50/m4D/m4Dr4/mcs50_m4Dr4_s35.A95 fileNameGt=../graphsdb/mcs50/m4D/m4Dr4/mcs50_m4Dr4_s35.B95
Reading graphs...
35 :  76
35 :  75
Initializing...
maxdom : 35
D->valSize : 1225
Solving...
Blb : 2 (clique : 18)
currentSize : 18 <-- 0.020571 s
currentSize : 19 <-- 0.020754 s
currentSize : 20 <-- 0.059704 s
currentSize : 21 <-- 0.059767 s
currentSize : 22 <-- 0.060712 s
currentSize : 23 <-- 5.004636 s
currentSize : 24 <-- 65.702614 s

TIMEOUT
maxsize : 24
nodes : 537055611.000000
filtered : 25945129069.000000
time : 3600.000000
