Parameters: GAD=1 vflib=1 dir=0 label=0 lowerbound=1 fileNameGp=../graphsdb/mcs50/rand/r01/mcs50_r01_s35.A71 fileNameGt=../graphsdb/mcs50/rand/r01/mcs50_r01_s35.B71
Reading graphs...
35 :  113
35 :  115
Initializing...
maxdom : 35
D->valSize : 1225
Solving...
Blb : 2 (clique : 14)
currentSize : 14 <-- 0.019414 s
currentSize : 15 <-- 0.019571 s
currentSize : 16 <-- 0.019674 s
currentSize : 17 <-- 0.022534 s
currentSize : 18 <-- 0.191837 s
currentSize : 19 <-- 0.298597 s
currentSize : 20 <-- 0.998565 s
currentSize : 21 <-- 522.812744 s

maxsize : 21
nodes : 309964167.000000
filtered : 11501858091.000000
time : 1785.429688
