Parameters: GAD=1 vflib=1 dir=0 label=0 lowerbound=1 fileNameGp=../graphsdb/mcs50/bvg/b09/mcs50_b09_s30.A77 fileNameGt=../graphsdb/mcs50/bvg/b09/mcs50_b09_s30.B77
Reading graphs...
30 :  130
30 :  133
Initializing...
maxdom : 30
D->valSize : 900
Solving...
Blb : 2 (clique : 12)
currentSize : 12 <-- 0.016691 s
currentSize : 13 <-- 0.021586 s
currentSize : 14 <-- 0.040523 s
currentSize : 15 <-- 0.496847 s
currentSize : 17 <-- 0.776616 s

maxsize : 17
nodes : 13305052.000000
filtered : 301242972.000000
time : 58.167660
