Parameters: GAD=1 vflib=1 dir=0 label=0 lowerbound=1 fileNameGp=../graphsdb/mcs50/m4D/m4Dr6/mcs50_m4Dr6_s35.A96 fileNameGt=../graphsdb/mcs50/m4D/m4Dr6/mcs50_m4Dr6_s35.B96
Reading graphs...
35 :  81
35 :  81
Initializing...
maxdom : 35
D->valSize : 1225
Solving...
Blb : 2 (clique : 17)
currentSize : 17 <-- 0.020168 s
currentSize : 18 <-- 0.020313 s
currentSize : 19 <-- 0.020346 s
currentSize : 20 <-- 0.020841 s
currentSize : 21 <-- 0.026958 s
currentSize : 22 <-- 0.090147 s
currentSize : 23 <-- 0.099274 s
currentSize : 24 <-- 3.531923 s

maxsize : 24
nodes : 286890869.000000
filtered : 13583214637.000000
time : 1935.548462
