Parameters: GAD=1 vflib=1 dir=0 label=0 lowerbound=1 fileNameGp=../graphsdb/mcs50/m4D/m4D/mcs50_m4D_s35.A73 fileNameGt=../graphsdb/mcs50/m4D/m4D/mcs50_m4D_s35.B73
Reading graphs...
35 :  63
35 :  63
Initializing...
maxdom : 35
D->valSize : 1225
Solving...
Blb : 5 (clique : 20)
currentSize : 20 <-- 0.036754 s
currentSize : 21 <-- 0.037008 s
currentSize : 22 <-- 0.037844 s
currentSize : 23 <-- 0.055642 s
currentSize : 24 <-- 0.072442 s
currentSize : 25 <-- 2.212163 s
currentSize : 26 <-- 2008.539673 s

maxsize : 26
nodes : 331175810.000000
filtered : 17622091535.000000
time : 2337.114258
