Parameters: GAD=1 vflib=1 dir=0 label=0 lowerbound=1 fileNameGp=../graphsdb/mcs50/bvg/b06/mcs50_b06_s30.A53 fileNameGt=../graphsdb/mcs50/bvg/b06/mcs50_b06_s30.B53
Reading graphs...
30 :  88
30 :  90
Initializing...
maxdom : 30
D->valSize : 900
Solving...
Blb : 3 (clique : 14)
currentSize : 14 <-- 0.010405 s
currentSize : 15 <-- 0.010699 s
currentSize : 16 <-- 0.011049 s
currentSize : 17 <-- 0.076696 s
currentSize : 18 <-- 2.173586 s
currentSize : 19 <-- 2.175101 s
currentSize : 20 <-- 55.815063 s

maxsize : 20
nodes : 12900788.000000
filtered : 383261254.000000
time : 62.994011
