Parameters: GAD=1 vflib=1 dir=0 label=0 lowerbound=1 fileNameGp=../graphsdb/mcs50/rand/r005/mcs50_r005_s30.A62 fileNameGt=../graphsdb/mcs50/rand/r005/mcs50_r005_s30.B62
Reading graphs...
30 :  47
30 :  47
Initializing...
maxdom : 30
D->valSize : 900
Solving...
Blb : 5 (clique : 18)
currentSize : 18 <-- 0.011833 s
currentSize : 19 <-- 0.013176 s
currentSize : 20 <-- 0.102065 s
currentSize : 21 <-- 1.825152 s
currentSize : 22 <-- 2.337854 s

maxsize : 22
nodes : 31040583.000000
filtered : 1160092070.000000
time : 177.312683
