Parameters: GAD=1 vflib=1 dir=0 label=0 lowerbound=1 fileNameGp=../graphsdb/mcs50/bvg/b06/mcs50_b06_s25.A95 fileNameGt=../graphsdb/mcs50/bvg/b06/mcs50_b06_s25.B95
Reading graphs...
25 :  73
25 :  73
Initializing...
maxdom : 25
D->valSize : 625
Solving...
Blb : 5 (clique : 12)
currentSize : 12 <-- 0.004970 s
currentSize : 13 <-- 0.005326 s
currentSize : 14 <-- 0.008195 s
currentSize : 15 <-- 0.022523 s
currentSize : 16 <-- 0.926931 s

maxsize : 16
nodes : 1231322.000000
filtered : 30858454.000000
time : 5.176036
