Parameters: GAD=1 vflib=1 dir=0 label=0 lowerbound=1 fileNameGp=../graphsdb/mcs50/rand/r005/mcs50_r005_s30.A46 fileNameGt=../graphsdb/mcs50/rand/r005/mcs50_r005_s30.B46
Reading graphs...
30 :  47
30 :  47
Initializing...
maxdom : 30
D->valSize : 900
Solving...
Blb : 2 (clique : 18)
currentSize : 18 <-- 0.011634 s
currentSize : 19 <-- 0.011795 s
currentSize : 20 <-- 0.011919 s
currentSize : 21 <-- 0.029479 s
currentSize : 22 <-- 0.123439 s
currentSize : 23 <-- 20.899801 s

maxsize : 23
nodes : 9344037.000000
filtered : 360521935.000000
time : 54.744949
