Parameters: GAD=1 vflib=1 dir=0 label=0 lowerbound=1 fileNameGp=../graphsdb/mcs50/rand/r01/mcs50_r01_s25.A50 fileNameGt=../graphsdb/mcs50/rand/r01/mcs50_r01_s25.B50
Reading graphs...
25 :  57
25 :  56
Initializing...
maxdom : 25
D->valSize : 625
Solving...
Blb : 2 (clique : 12)
currentSize : 12 <-- 0.009067 s
currentSize : 13 <-- 0.009190 s
currentSize : 14 <-- 0.009214 s
currentSize : 15 <-- 0.044943 s
currentSize : 16 <-- 0.351411 s

maxsize : 16
nodes : 12946015.000000
filtered : 283488118.000000
time : 50.529537
