Parameters: GAD=1 vflib=1 dir=0 label=0 lowerbound=1 fileNameGp=../graphsdb/mcs50/m4D/m4Dr6/mcs50_m4Dr6_s30.A43 fileNameGt=../graphsdb/mcs50/m4D/m4Dr6/mcs50_m4Dr6_s30.B43
Reading graphs...
30 :  70
30 :  69
Initializing...
maxdom : 30
D->valSize : 900
Solving...
Blb : 2 (clique : 15)
currentSize : 15 <-- 0.010942 s
currentSize : 16 <-- 0.011058 s
currentSize : 17 <-- 0.011080 s
currentSize : 18 <-- 0.012118 s
currentSize : 19 <-- 0.022914 s
currentSize : 20 <-- 19.367273 s

maxsize : 20
nodes : 11871414.000000
filtered : 334590801.000000
time : 57.497768
