Parameters: GAD=1 vflib=1 dir=0 label=0 lowerbound=1 fileNameGp=../graphsdb/mcs50/m4D/m4Dr4/mcs50_m4Dr4_s30.A18 fileNameGt=../graphsdb/mcs50/m4D/m4Dr4/mcs50_m4Dr4_s30.B18
Reading graphs...
30 :  67
30 :  66
Initializing...
maxdom : 30
D->valSize : 900
Solving...
Blb : 2 (clique : 16)
currentSize : 16 <-- 0.010990 s
currentSize : 17 <-- 0.011203 s
currentSize : 18 <-- 0.011277 s
currentSize : 19 <-- 0.027983 s
currentSize : 20 <-- 0.042167 s
currentSize : 21 <-- 17.395514 s

maxsize : 21
nodes : 7627239.000000
filtered : 264283813.000000
time : 40.358295
