Parameters: GAD=1 vflib=1 dir=0 label=0 lowerbound=1 fileNameGp=../graphsdb/mcs50/m2D/m2Dr2/mcs50_m2Dr2_s30.A86 fileNameGt=../graphsdb/mcs50/m2D/m2Dr2/mcs50_m2Dr2_s30.B86
Reading graphs...
30 :  55
30 :  55
Initializing...
maxdom : 30
D->valSize : 900
Solving...
Blb : 2 (clique : 18)
currentSize : 18 <-- 0.011187 s
currentSize : 19 <-- 0.023263 s
currentSize : 20 <-- 0.059547 s
currentSize : 21 <-- 0.164525 s
currentSize : 22 <-- 18.092888 s

maxsize : 22
nodes : 7544180.000000
filtered : 247938476.000000
time : 39.673691
