Parameters: GAD=1 vflib=1 dir=0 label=0 lowerbound=1 fileNameGp=../graphsdb/mcs50/bvg/b09/mcs50_b09_s35.A54 fileNameGt=../graphsdb/mcs50/bvg/b09/mcs50_b09_s35.B54
Reading graphs...
35 :  155
35 :  152
Initializing...
maxdom : 35
D->valSize : 1225
Solving...
Blb : 5 (clique : 14)
currentSize : 14 <-- 0.031905 s
currentSize : 15 <-- 0.038730 s
currentSize : 16 <-- 0.146298 s
currentSize : 17 <-- 0.535126 s
currentSize : 18 <-- 5.838501 s
currentSize : 19 <-- 5.897213 s

maxsize : 19
nodes : 208976650.000000
filtered : 5913264250.000000
time : 1039.801758
