Parameters: GAD=1 vflib=1 dir=0 label=0 lowerbound=1 fileNameGp=../graphsdb/mcs50/m4D/m4D/mcs50_m4D_s30.A40 fileNameGt=../graphsdb/mcs50/m4D/m4D/mcs50_m4D_s30.B40
Reading graphs...
30 :  55
30 :  55
Initializing...
maxdom : 30
D->valSize : 900
Solving...
Blb : 2 (clique : 19)
currentSize : 19 <-- 0.011353 s
currentSize : 20 <-- 0.011587 s
currentSize : 21 <-- 0.011850 s
currentSize : 22 <-- 1.433986 s
currentSize : 23 <-- 9.097248 s

maxsize : 23
nodes : 2376142.000000
filtered : 106219445.000000
time : 14.669849
