Parameters: GAD=1 vflib=1 dir=0 label=0 lowerbound=1 fileNameGp=../graphsdb/mcs50/m4D/m4Dr2/mcs50_m4Dr2_s30.A47 fileNameGt=../graphsdb/mcs50/m4D/m4Dr2/mcs50_m4Dr2_s30.B47
Reading graphs...
30 :  58
30 :  60
Initializing...
maxdom : 30
D->valSize : 900
Solving...
Blb : 2 (clique : 16)
currentSize : 16 <-- 0.011035 s
currentSize : 17 <-- 0.011185 s
currentSize : 18 <-- 0.016911 s
currentSize : 19 <-- 0.022179 s
currentSize : 20 <-- 0.031066 s
currentSize : 21 <-- 0.265771 s
currentSize : 22 <-- 5.068658 s

maxsize : 22
nodes : 6090574.000000
filtered : 299819191.000000
time : 39.887226
