Parameters: GAD=1 vflib=1 dir=0 label=0 lowerbound=1 fileNameGp=../graphsdb/mcs50/bvg/b09/mcs50_b09_s30.A64 fileNameGt=../graphsdb/mcs50/bvg/b09/mcs50_b09_s30.B64
Reading graphs...
30 :  129
30 :  133
Initializing...
maxdom : 30
D->valSize : 900
Solving...
Blb : 2 (clique : 12)
currentSize : 12 <-- 0.016917 s
currentSize : 13 <-- 0.017067 s
currentSize : 14 <-- 0.018338 s
currentSize : 15 <-- 0.227977 s
currentSize : 16 <-- 21.808184 s

maxsize : 16
nodes : 34918260.000000
filtered : 664917171.000000
time : 139.950546
