Parameters: GAD=1 vflib=1 dir=0 label=0 lowerbound=1 fileNameGp=../graphsdb/mcs50/bvg/b03m/mcs50_b03m_s35.A09 fileNameGt=../graphsdb/mcs50/bvg/b03m/mcs50_b03m_s35.B09
Reading graphs...
35 :  52
35 :  52
Initializing...
maxdom : 35
D->valSize : 1225
Solving...
Blb : 2 (clique : 21)
currentSize : 21 <-- 0.021595 s
currentSize : 22 <-- 0.021772 s
currentSize : 23 <-- 0.021817 s
currentSize : 24 <-- 0.022016 s
currentSize : 25 <-- 0.167608 s
currentSize : 26 <-- 0.199326 s
currentSize : 27 <-- 2705.598877 s

TIMEOUT
maxsize : 27
nodes : 553593143.000000
filtered : 25594987978.000000
time : 3600.000000
