Parameters: GAD=1 vflib=1 dir=0 label=0 lowerbound=1 fileNameGp=../graphsdb/mcs50/rand/r005/mcs50_r005_s25.A41 fileNameGt=../graphsdb/mcs50/rand/r005/mcs50_r005_s25.B41
Reading graphs...
25 :  33
25 :  35
Initializing...
maxdom : 25
D->valSize : 625
Solving...
Blb : 2 (clique : 15)
currentSize : 15 <-- 0.008510 s
currentSize : 16 <-- 0.008740 s
currentSize : 17 <-- 0.009257 s
currentSize : 18 <-- 0.013142 s
currentSize : 19 <-- 0.037494 s
currentSize : 20 <-- 1.825763 s

maxsize : 20
nodes : 482216.000000
filtered : 13985805.000000
time : 2.358899
