Parameters: GAD=1 vflib=1 dir=0 label=0 lowerbound=1 fileNameGp=../graphsdb/mcs50/m2D/m2Dr2/mcs50_m2Dr2_s30.A22 fileNameGt=../graphsdb/mcs50/m2D/m2Dr2/mcs50_m2Dr2_s30.B22
Reading graphs...
30 :  55
30 :  55
Initializing...
maxdom : 30
D->valSize : 900
Solving...
Blb : 2 (clique : 16)
currentSize : 16 <-- 0.011170 s
currentSize : 17 <-- 0.011343 s
currentSize : 18 <-- 0.011364 s
currentSize : 19 <-- 0.011526 s
currentSize : 20 <-- 0.012886 s
currentSize : 21 <-- 0.989722 s
currentSize : 22 <-- 19.021139 s

maxsize : 22
nodes : 8009563.000000
filtered : 260650500.000000
time : 41.251904
