Parameters: GAD=1 vflib=1 dir=0 label=0 lowerbound=1 fileNameGp=../graphsdb/mcs50/rand/r005/mcs50_r005_s35.A33 fileNameGt=../graphsdb/mcs50/rand/r005/mcs50_r005_s35.B33
Reading graphs...
35 :  60
35 :  61
Initializing...
maxdom : 35
D->valSize : 1225
Solving...
Blb : 2 (clique : 21)
currentSize : 21 <-- 0.021208 s
currentSize : 22 <-- 0.033158 s
currentSize : 23 <-- 0.035398 s
currentSize : 24 <-- 0.082766 s
currentSize : 25 <-- 0.088805 s
currentSize : 26 <-- 49.074505 s

maxsize : 26
nodes : 71520812.000000
filtered : 3703979879.000000
time : 524.984070
