Parameters: GAD=1 vflib=1 dir=0 label=0 lowerbound=1 fileNameGp=../graphsdb/mcs50/m3D/m3Dr2/mcs50_m3Dr2_s20.A16 fileNameGt=../graphsdb/mcs50/m3D/m3Dr2/mcs50_m3Dr2_s20.B16
Reading graphs...
20 :  41
20 :  40
Initializing...
maxdom : 20
D->valSize : 400
Solving...
Blb : 2 (clique : 10)
currentSize : 10 <-- 0.002291 s
currentSize : 11 <-- 0.002348 s
currentSize : 12 <-- 0.002437 s
currentSize : 13 <-- 0.002675 s
currentSize : 14 <-- 0.202567 s

maxsize : 14
nodes : 115026.000000
filtered : 1633502.000000
time : 0.363121
