Parameters: GAD=1 vflib=1 dir=0 label=0 lowerbound=1 fileNameGp=../graphsdb/mcs50/bvg/b09/mcs50_b09_s25.A51 fileNameGt=../graphsdb/mcs50/bvg/b09/mcs50_b09_s25.B51
Reading graphs...
25 :  108
25 :  107
Initializing...
maxdom : 25
D->valSize : 625
Solving...
Blb : 2 (clique : 11)
currentSize : 11 <-- 0.008049 s
currentSize : 12 <-- 0.008171 s
currentSize : 13 <-- 0.011522 s
currentSize : 14 <-- 0.037337 s
currentSize : 15 <-- 0.839434 s

maxsize : 15
nodes : 1056146.000000
filtered : 22711062.000000
time : 4.206013
