Parameters: GAD=1 vflib=1 dir=0 label=0 lowerbound=1 fileNameGp=../graphsdb/mcs50/bvg/b06/mcs50_b06_s35.A08 fileNameGt=../graphsdb/mcs50/bvg/b06/mcs50_b06_s35.B08
Reading graphs...
35 :  105
35 :  104
Initializing...
maxdom : 35
D->valSize : 1225
Solving...
Blb : 2 (clique : 17)
currentSize : 17 <-- 0.019375 s
currentSize : 18 <-- 0.021187 s
currentSize : 19 <-- 0.024863 s
currentSize : 20 <-- 1.064935 s
currentSize : 21 <-- 10.120475 s
currentSize : 22 <-- 276.077759 s

maxsize : 22
nodes : 222279085.000000
filtered : 8803662175.000000
time : 1317.846069
