Parameters: GAD=1 vflib=1 dir=0 label=0 lowerbound=1 fileNameGp=../graphsdb/mcs50/rand/r01/mcs50_r01_s35.A92 fileNameGt=../graphsdb/mcs50/rand/r01/mcs50_r01_s35.B92
Reading graphs...
35 :  110
35 :  114
Initializing...
maxdom : 35
D->valSize : 1225
Solving...
Blb : 2 (clique : 15)
currentSize : 15 <-- 0.034209 s
currentSize : 16 <-- 0.034752 s
currentSize : 17 <-- 0.036357 s
currentSize : 18 <-- 0.049421 s
currentSize : 19 <-- 0.085807 s
currentSize : 20 <-- 4.712399 s

TIMEOUT
maxsize : 20
nodes : 695153756.000000
filtered : 20461199499.000000
time : 3600.000000
