Parameters: GAD=1 vflib=1 dir=0 label=0 lowerbound=1 fileNameGp=../graphsdb/mcs50/bvg/b03/mcs50_b03_s25.A80 fileNameGt=../graphsdb/mcs50/bvg/b03/mcs50_b03_s25.B80
Reading graphs...
25 :  37
25 :  37
Initializing...
maxdom : 25
D->valSize : 625
Solving...
Blb : 2 (clique : 15)
currentSize : 15 <-- 0.005382 s
currentSize : 16 <-- 0.005490 s
currentSize : 17 <-- 0.005980 s
currentSize : 18 <-- 0.019942 s
currentSize : 19 <-- 0.087716 s

maxsize : 19
nodes : 379759.000000
filtered : 9573130.000000
time : 1.622588
