Parameters: GAD=1 vflib=1 dir=0 label=0 lowerbound=1 fileNameGp=../graphsdb/mcs50/rand/r01/mcs50_r01_s35.A01 fileNameGt=../graphsdb/mcs50/rand/r01/mcs50_r01_s35.B01
Reading graphs...
35 :  111
35 :  110
Initializing...
maxdom : 35
D->valSize : 1225
Solving...
Blb : 2 (clique : 15)
currentSize : 15 <-- 0.019610 s
currentSize : 16 <-- 0.019779 s
currentSize : 17 <-- 0.020035 s
currentSize : 18 <-- 0.021250 s
currentSize : 19 <-- 0.775983 s
currentSize : 20 <-- 2.792585 s

TIMEOUT
maxsize : 20
nodes : 702581934.000000
filtered : 21939684310.000000
time : 3600.000000
