Parameters: GAD=1 vflib=1 dir=0 label=0 lowerbound=1 fileNameGp=../graphsdb/mcs50/bvg/b03m/mcs50_b03m_s30.A62 fileNameGt=../graphsdb/mcs50/bvg/b03m/mcs50_b03m_s30.B62
Reading graphs...
30 :  44
30 :  44
Initializing...
maxdom : 30
D->valSize : 900
Solving...
Blb : 2 (clique : 17)
currentSize : 17 <-- 0.011447 s
currentSize : 18 <-- 0.011604 s
currentSize : 19 <-- 0.012010 s
currentSize : 20 <-- 0.015047 s
currentSize : 21 <-- 0.022603 s
currentSize : 22 <-- 0.093468 s
currentSize : 23 <-- 2.764587 s

maxsize : 23
nodes : 6784777.000000
filtered : 254500050.000000
time : 39.375668
