Parameters: GAD=1 vflib=1 dir=0 label=0 lowerbound=1 fileNameGp=../graphsdb/mcs50/m4D/m4Dr2/mcs50_m4Dr2_s35.A12 fileNameGt=../graphsdb/mcs50/m4D/m4Dr2/mcs50_m4Dr2_s35.B12
Reading graphs...
35 :  70
35 :  70
Initializing...
maxdom : 35
D->valSize : 1225
Solving...
Blb : 2 (clique : 19)
currentSize : 19 <-- 0.025555 s
currentSize : 20 <-- 0.036917 s
currentSize : 21 <-- 0.044793 s
currentSize : 22 <-- 0.062427 s
currentSize : 23 <-- 0.099073 s
currentSize : 24 <-- 12.444640 s
currentSize : 25 <-- 23.100496 s

TIMEOUT
maxsize : 25
nodes : 499076707.000000
filtered : 27105832612.000000
time : 3600.000000
