Parameters: GAD=1 vflib=1 dir=0 label=0 lowerbound=1 fileNameGp=../graphsdb/mcs50/rand/r01/mcs50_r01_s35.A12 fileNameGt=../graphsdb/mcs50/rand/r01/mcs50_r01_s35.B12
Reading graphs...
35 :  111
35 :  112
Initializing...
maxdom : 35
D->valSize : 1225
Solving...
Blb : 2 (clique : 15)
currentSize : 15 <-- 0.019706 s
currentSize : 16 <-- 0.019879 s
currentSize : 17 <-- 0.020603 s
currentSize : 18 <-- 0.026453 s
currentSize : 19 <-- 0.101733 s
currentSize : 20 <-- 8.052645 s
currentSize : 21 <-- 28.610323 s

maxsize : 21
nodes : 527903512.000000
filtered : 16708601957.000000
time : 2792.068848
