Parameters: GAD=1 vflib=1 dir=0 label=0 lowerbound=1 fileNameGp=../graphsdb/mcs50/bvg/b06/mcs50_b06_s35.A19 fileNameGt=../graphsdb/mcs50/bvg/b06/mcs50_b06_s35.B19
Reading graphs...
35 :  104
35 :  103
Initializing...
maxdom : 35
D->valSize : 1225
Solving...
Blb : 2 (clique : 18)
currentSize : 18 <-- 0.019483 s
currentSize : 19 <-- 0.019636 s
currentSize : 20 <-- 0.019738 s
currentSize : 21 <-- 0.024004 s
currentSize : 22 <-- 8.098783 s
currentSize : 23 <-- 34.500183 s

maxsize : 23
nodes : 52371635.000000
filtered : 2200422636.000000
time : 327.755493
