Parameters: GAD=1 vflib=1 dir=0 label=0 lowerbound=1 fileNameGp=../graphsdb/mcs50/m4D/m4D/mcs50_m4D_s35.A51 fileNameGt=../graphsdb/mcs50/m4D/m4D/mcs50_m4D_s35.B51
Reading graphs...
35 :  62
35 :  63
Initializing...
maxdom : 35
D->valSize : 1225
Solving...
Blb : 2 (clique : 20)
currentSize : 20 <-- 0.021514 s
currentSize : 22 <-- 0.021679 s
currentSize : 23 <-- 0.021784 s
currentSize : 24 <-- 0.028183 s
currentSize : 25 <-- 0.084073 s
currentSize : 26 <-- 6.140747 s

maxsize : 26
nodes : 59466427.000000
filtered : 3434551137.000000
time : 455.824585
