Parameters: GAD=1 vflib=1 dir=0 label=0 lowerbound=1 fileNameGp=../graphsdb/mcs50/m2D/m2Dr2/mcs50_m2Dr2_s20.A17 fileNameGt=../graphsdb/mcs50/m2D/m2Dr2/mcs50_m2Dr2_s20.B17
Reading graphs...
20 :  33
20 :  34
Initializing...
maxdom : 20
D->valSize : 400
Solving...
Blb : 2 (clique : 11)
currentSize : 11 <-- 0.003977 s
currentSize : 12 <-- 0.004248 s
currentSize : 13 <-- 0.004274 s
currentSize : 14 <-- 0.023983 s
currentSize : 15 <-- 0.047695 s

maxsize : 15
nodes : 36243.000000
filtered : 737975.000000
time : 0.201365
