Parameters: GAD=1 vflib=1 dir=0 label=0 lowerbound=1 fileNameGp=../graphsdb/mcs50/bvg/b03m/mcs50_b03m_s25.A11 fileNameGt=../graphsdb/mcs50/bvg/b03m/mcs50_b03m_s25.B11
Reading graphs...
25 :  36
25 :  37
Initializing...
maxdom : 25
D->valSize : 625
Solving...
Blb : 3 (clique : 14)
currentSize : 14 <-- 0.009561 s
currentSize : 15 <-- 0.009709 s
currentSize : 16 <-- 0.009904 s
currentSize : 17 <-- 0.011399 s
currentSize : 18 <-- 0.038109 s
currentSize : 19 <-- 0.571678 s

maxsize : 19
nodes : 3753188.000000
filtered : 114056627.000000
time : 18.301861
