Parameters: GAD=1 vflib=1 dir=0 label=0 lowerbound=1 fileNameGp=../graphsdb/mcs50/m3D/m3Dr2/mcs50_m3Dr2_s20.A40 fileNameGt=../graphsdb/mcs50/m3D/m3Dr2/mcs50_m3Dr2_s20.B40
Reading graphs...
20 :  41
20 :  41
Initializing...
maxdom : 20
D->valSize : 400
Solving...
Blb : 2 (clique : 10)
currentSize : 10 <-- 0.003813 s
currentSize : 11 <-- 0.004569 s
currentSize : 12 <-- 0.004886 s
currentSize : 13 <-- 0.007465 s
currentSize : 14 <-- 0.191959 s

maxsize : 14
nodes : 134654.000000
filtered : 2091836.000000
time : 0.504525
