Parameters: GAD=1 vflib=1 dir=0 label=0 lowerbound=1 fileNameGp=../graphsdb/mcs50/bvg/b09m/mcs50_b09m_s35.A61 fileNameGt=../graphsdb/mcs50/bvg/b09m/mcs50_b09m_s35.B61
Reading graphs...
35 :  145
35 :  146
Initializing...
maxdom : 35
D->valSize : 1225
Solving...
Blb : 2 (clique : 15)
currentSize : 15 <-- 0.019223 s
currentSize : 16 <-- 0.044865 s
currentSize : 17 <-- 0.208182 s
currentSize : 18 <-- 12.526340 s
currentSize : 20 <-- 243.854599 s

maxsize : 20
nodes : 150034767.000000
filtered : 4001467524.000000
time : 737.981873
