Parameters: GAD=1 vflib=1 dir=0 label=0 lowerbound=1 fileNameGp=../graphsdb/mcs50/bvg/b03/mcs50_b03_s35.A21 fileNameGt=../graphsdb/mcs50/bvg/b03/mcs50_b03_s35.B21
Reading graphs...
35 :  52
35 :  52
Initializing...
maxdom : 35
D->valSize : 1225
Solving...
Blb : 5 (clique : 21)
currentSize : 21 <-- 0.021459 s
currentSize : 22 <-- 0.022374 s
currentSize : 23 <-- 0.028368 s
currentSize : 24 <-- 0.039367 s
currentSize : 25 <-- 0.363164 s
currentSize : 26 <-- 6.473845 s
currentSize : 27 <-- 17.168135 s

maxsize : 27
nodes : 42947954.000000
filtered : 2364759510.000000
time : 334.068756
