Parameters: GAD=1 vflib=1 dir=0 label=0 lowerbound=1 fileNameGp=../graphsdb/mcs50/m4D/m4D/mcs50_m4D_s35.A54 fileNameGt=../graphsdb/mcs50/m4D/m4D/mcs50_m4D_s35.B54
Reading graphs...
35 :  63
35 :  63
Initializing...
maxdom : 35
D->valSize : 1225
Solving...
Blb : 2 (clique : 18)
currentSize : 18 <-- 0.036817 s
currentSize : 21 <-- 0.037093 s
currentSize : 22 <-- 0.039768 s
currentSize : 23 <-- 2.417198 s
currentSize : 24 <-- 14.796926 s
currentSize : 25 <-- 1043.406738 s

TIMEOUT
maxsize : 25
nodes : 543086669.000000
filtered : 25230421190.000000
time : 3600.000000
