Parameters: GAD=1 vflib=1 dir=0 label=0 lowerbound=1 fileNameGp=../graphsdb/mcs50/m4D/m4Dr6/mcs50_m4Dr6_s35.A92 fileNameGt=../graphsdb/mcs50/m4D/m4Dr6/mcs50_m4Dr6_s35.B92
Reading graphs...
35 :  80
35 :  79
Initializing...
maxdom : 35
D->valSize : 1225
Solving...
Blb : 2 (clique : 18)
currentSize : 18 <-- 0.021382 s
currentSize : 19 <-- 0.021559 s
currentSize : 20 <-- 0.021578 s
currentSize : 21 <-- 0.031500 s
currentSize : 22 <-- 1.461908 s
currentSize : 23 <-- 5.299759 s
currentSize : 24 <-- 170.943466 s

maxsize : 24
nodes : 177012419.000000
filtered : 8590262654.000000
time : 1234.676636
