Parameters: GAD=1 vflib=1 dir=0 label=0 lowerbound=1 fileNameGp=../graphsdb/mcs50/m2D/m2Dr2/mcs50_m2Dr2_s30.A18 fileNameGt=../graphsdb/mcs50/m2D/m2Dr2/mcs50_m2Dr2_s30.B18
Reading graphs...
30 :  55
30 :  54
Initializing...
maxdom : 30
D->valSize : 900
Solving...
Blb : 2 (clique : 17)
currentSize : 17 <-- 0.019507 s
currentSize : 18 <-- 0.019694 s
currentSize : 19 <-- 0.020144 s
currentSize : 20 <-- 0.096981 s
currentSize : 21 <-- 0.189227 s
currentSize : 22 <-- 33.360973 s

maxsize : 22
nodes : 9685103.000000
filtered : 342660230.000000
time : 52.950817
