Parameters: GAD=1 vflib=1 dir=0 label=0 lowerbound=1 fileNameGp=../graphsdb/mcs50/bvg/b09m/mcs50_b09m_s25.A27 fileNameGt=../graphsdb/mcs50/bvg/b09m/mcs50_b09m_s25.B27
Reading graphs...
25 :  104
25 :  101
Initializing...
maxdom : 25
D->valSize : 625
Solving...
Blb : 2 (clique : 9)
currentSize : 9 <-- 0.007990 s
currentSize : 10 <-- 0.008092 s
currentSize : 11 <-- 0.008111 s
currentSize : 12 <-- 0.014643 s
currentSize : 13 <-- 0.054866 s
currentSize : 14 <-- 3.818785 s

maxsize : 14
nodes : 3432077.000000
filtered : 64898108.000000
time : 12.878770
