Parameters: GAD=1 vflib=1 dir=0 label=0 lowerbound=1 fileNameGp=../graphsdb/mcs50/rand/r01/mcs50_r01_s30.A73 fileNameGt=../graphsdb/mcs50/rand/r01/mcs50_r01_s30.B73
Reading graphs...
30 :  82
30 :  80
Initializing...
maxdom : 30
D->valSize : 900
Solving...
Blb : 2 (clique : 12)
currentSize : 12 <-- 0.010533 s
currentSize : 13 <-- 0.010646 s
currentSize : 14 <-- 0.010705 s
currentSize : 15 <-- 0.011438 s
currentSize : 16 <-- 0.016323 s
currentSize : 17 <-- 0.028382 s
currentSize : 18 <-- 0.299391 s
currentSize : 19 <-- 44.357273 s

maxsize : 19
nodes : 32703008.000000
filtered : 962099390.000000
time : 154.082108
