Parameters: GAD=1 vflib=1 dir=0 label=0 lowerbound=1 fileNameGp=../graphsdb/mcs50/bvg/b06m/mcs50_b06m_s35.A27 fileNameGt=../graphsdb/mcs50/bvg/b06m/mcs50_b06m_s35.B27
Reading graphs...
35 :  104
35 :  102
Initializing...
maxdom : 35
D->valSize : 1225
Solving...
Blb : 2 (clique : 15)
currentSize : 15 <-- 0.019998 s
currentSize : 17 <-- 0.020146 s
currentSize : 18 <-- 0.020361 s
currentSize : 19 <-- 0.031166 s
currentSize : 20 <-- 1.262710 s
currentSize : 21 <-- 38.211243 s

TIMEOUT
maxsize : 21
nodes : 665645053.000000
filtered : 22842663296.000000
time : 3600.000000
