Parameters: GAD=1 vflib=1 dir=0 label=0 lowerbound=1 fileNameGp=../graphsdb/mcs50/bvg/b06m/mcs50_b06m_s35.A10 fileNameGt=../graphsdb/mcs50/bvg/b06m/mcs50_b06m_s35.B10
Reading graphs...
35 :  100
35 :  102
Initializing...
maxdom : 35
D->valSize : 1225
Solving...
Blb : 2 (clique : 16)
currentSize : 16 <-- 0.025247 s
currentSize : 17 <-- 0.025617 s
currentSize : 18 <-- 0.026121 s
currentSize : 19 <-- 0.038675 s
currentSize : 20 <-- 0.153582 s
currentSize : 21 <-- 1.476978 s
currentSize : 22 <-- 1080.330322 s

maxsize : 22
nodes : 416796104.000000
filtered : 15566402848.000000
time : 2455.088867
