Parameters: GAD=1 vflib=1 dir=0 label=0 lowerbound=1 fileNameGp=../graphsdb/mcs50/m4D/m4D/mcs50_m4D_s30.A44 fileNameGt=../graphsdb/mcs50/m4D/m4D/mcs50_m4D_s30.B44
Reading graphs...
30 :  55
30 :  55
Initializing...
maxdom : 30
D->valSize : 900
Solving...
Blb : 2 (clique : 16)
currentSize : 16 <-- 0.011251 s
currentSize : 18 <-- 0.011374 s
currentSize : 19 <-- 6.284965 s
currentSize : 20 <-- 8.130781 s
currentSize : 21 <-- 8.166381 s
currentSize : 22 <-- 162.036865 s

maxsize : 22
nodes : 58474037.000000
filtered : 2465561404.000000
time : 348.186188
