Parameters: GAD=1 vflib=1 dir=0 label=0 lowerbound=1 fileNameGp=../graphsdb/mcs50/bvg/b06m/mcs50_b06m_s35.A02 fileNameGt=../graphsdb/mcs50/bvg/b06m/mcs50_b06m_s35.B02
Reading graphs...
35 :  98
35 :  98
Initializing...
maxdom : 35
D->valSize : 1225
Solving...
Blb : 2 (clique : 16)
currentSize : 16 <-- 0.019643 s
currentSize : 17 <-- 0.019995 s
currentSize : 18 <-- 0.020654 s
currentSize : 19 <-- 0.034746 s
currentSize : 20 <-- 0.507332 s
currentSize : 21 <-- 1.746643 s
currentSize : 22 <-- 44.440487 s

maxsize : 22
nodes : 339187347.000000
filtered : 12957307936.000000
time : 2006.597534
