Parameters: GAD=1 vflib=1 dir=0 label=0 lowerbound=1 fileNameGp=../graphsdb/mcs50/m4D/m4Dr6/mcs50_m4Dr6_s35.A48 fileNameGt=../graphsdb/mcs50/m4D/m4Dr6/mcs50_m4Dr6_s35.B48
Reading graphs...
35 :  83
35 :  81
Initializing...
maxdom : 35
D->valSize : 1225
Solving...
Blb : 2 (clique : 17)
currentSize : 17 <-- 0.020451 s
currentSize : 18 <-- 0.020625 s
currentSize : 19 <-- 0.020747 s
currentSize : 20 <-- 0.021135 s
currentSize : 21 <-- 0.061001 s
currentSize : 22 <-- 0.146773 s
currentSize : 23 <-- 6.683288 s
currentSize : 24 <-- 1437.322144 s

maxsize : 24
nodes : 286007408.000000
filtered : 12313787318.000000
time : 1756.303223
