Parameters: GAD=1 vflib=1 dir=0 label=0 lowerbound=1 fileNameGp=../graphsdb/mcs50/m4D/m4D/mcs50_m4D_s35.A57 fileNameGt=../graphsdb/mcs50/m4D/m4D/mcs50_m4D_s35.B57
Reading graphs...
35 :  63
35 :  63
Initializing...
maxdom : 35
D->valSize : 1225
Solving...
Blb : 2 (clique : 20)
currentSize : 20 <-- 0.036307 s
currentSize : 21 <-- 0.036608 s
currentSize : 22 <-- 0.038340 s
currentSize : 23 <-- 0.038831 s
currentSize : 24 <-- 0.133674 s
currentSize : 25 <-- 0.925481 s
currentSize : 26 <-- 115.399658 s

maxsize : 26
nodes : 48208254.000000
filtered : 2471415556.000000
time : 345.807068
