Parameters: GAD=1 vflib=1 dir=0 label=0 lowerbound=1 fileNameGp=../graphsdb/mcs50/m2D/m2Dr4/mcs50_m2Dr4_s30.A66 fileNameGt=../graphsdb/mcs50/m2D/m2Dr4/mcs50_m2Dr4_s30.B66
Reading graphs...
30 :  58
30 :  59
Initializing...
maxdom : 30
D->valSize : 900
Solving...
Blb : 2 (clique : 17)
currentSize : 17 <-- 0.011328 s
currentSize : 18 <-- 0.011464 s
currentSize : 19 <-- 0.011632 s
currentSize : 20 <-- 0.016408 s
currentSize : 21 <-- 5.372693 s

maxsize : 21
nodes : 29925248.000000
filtered : 1181914072.000000
time : 170.091553
