Parameters: GAD=1 vflib=1 dir=0 label=0 lowerbound=1 fileNameGp=../graphsdb/mcs50/bvg/b06/mcs50_b06_s25.A77 fileNameGt=../graphsdb/mcs50/bvg/b06/mcs50_b06_s25.B77
Reading graphs...
25 :  75
25 :  73
Initializing...
maxdom : 25
D->valSize : 625
Solving...
Blb : 3 (clique : 11)
currentSize : 11 <-- 0.008506 s
currentSize : 13 <-- 0.008616 s
currentSize : 14 <-- 0.008639 s
currentSize : 15 <-- 0.009018 s
currentSize : 16 <-- 0.339134 s

maxsize : 16
nodes : 734731.000000
filtered : 16898198.000000
time : 2.987829
