Parameters: GAD=1 vflib=1 dir=0 label=0 lowerbound=1 fileNameGp=../graphsdb/mcs50/rand/r005/mcs50_r005_s25.A29 fileNameGt=../graphsdb/mcs50/rand/r005/mcs50_r005_s25.B29
Reading graphs...
25 :  35
25 :  35
Initializing...
maxdom : 25
D->valSize : 625
Solving...
Blb : 2 (clique : 15)
currentSize : 15 <-- 0.009609 s
currentSize : 16 <-- 0.009711 s
currentSize : 17 <-- 0.009809 s
currentSize : 18 <-- 0.044553 s
currentSize : 19 <-- 0.668925 s

maxsize : 19
nodes : 2622885.000000
filtered : 81247131.000000
time : 11.716703
