Parameters: GAD=1 vflib=1 dir=0 label=0 lowerbound=1 fileNameGp=../graphsdb/mcs50/bvg/b03m/mcs50_b03m_s25.A55 fileNameGt=../graphsdb/mcs50/bvg/b03m/mcs50_b03m_s25.B55
Reading graphs...
25 :  37
25 :  37
Initializing...
maxdom : 25
D->valSize : 625
Solving...
Blb : 2 (clique : 14)
currentSize : 14 <-- 0.005547 s
currentSize : 15 <-- 0.005648 s
currentSize : 16 <-- 0.006379 s
currentSize : 17 <-- 0.017221 s
currentSize : 18 <-- 0.027600 s
currentSize : 19 <-- 0.215376 s

maxsize : 19
nodes : 677432.000000
filtered : 22852901.000000
time : 3.571782
