Parameters: GAD=1 vflib=1 dir=0 label=0 lowerbound=1 fileNameGp=../graphsdb/mcs50/m4D/m4Dr4/mcs50_m4Dr4_s30.A32 fileNameGt=../graphsdb/mcs50/m4D/m4Dr4/mcs50_m4Dr4_s30.B32
Reading graphs...
30 :  64
30 :  62
Initializing...
maxdom : 30
D->valSize : 900
Solving...
Blb : 2 (clique : 17)
currentSize : 17 <-- 0.011241 s
currentSize : 18 <-- 0.011412 s
currentSize : 19 <-- 0.013520 s
currentSize : 20 <-- 0.018999 s
currentSize : 21 <-- 1.166035 s

maxsize : 21
nodes : 48733093.000000
filtered : 2316385055.000000
time : 298.632172
