Parameters: GAD=1 vflib=1 dir=0 label=0 lowerbound=1 fileNameGp=../graphsdb/mcs50/bvg/b03m/mcs50_b03m_s35.A12 fileNameGt=../graphsdb/mcs50/bvg/b03m/mcs50_b03m_s35.B12
Reading graphs...
35 :  52
35 :  52
Initializing...
maxdom : 35
D->valSize : 1225
Solving...
Blb : 2 (clique : 22)
currentSize : 22 <-- 0.022149 s
currentSize : 23 <-- 0.023500 s
currentSize : 24 <-- 0.196337 s
currentSize : 25 <-- 0.753564 s
currentSize : 26 <-- 6.863861 s
currentSize : 27 <-- 21.942440 s

maxsize : 27
nodes : 323908743.000000
filtered : 17342114380.000000
time : 2666.644531
