Parameters: GAD=1 vflib=1 dir=0 label=0 lowerbound=1 fileNameGp=../graphsdb/mcs50/m4D/m4Dr6/mcs50_m4Dr6_s35.A66 fileNameGt=../graphsdb/mcs50/m4D/m4Dr6/mcs50_m4Dr6_s35.B66
Reading graphs...
35 :  83
35 :  83
Initializing...
maxdom : 35
D->valSize : 1225
Solving...
Blb : 2 (clique : 18)
currentSize : 18 <-- 0.035542 s
currentSize : 19 <-- 0.037891 s
currentSize : 20 <-- 0.054914 s
currentSize : 21 <-- 0.104952 s
currentSize : 22 <-- 0.104994 s
currentSize : 23 <-- 818.232971 s

TIMEOUT
maxsize : 23
nodes : 523973562.000000
filtered : 25508743606.000000
time : 3600.000000
