Parameters: GAD=1 vflib=1 dir=0 label=0 lowerbound=1 fileNameGp=../graphsdb/mcs50/m4D/m4Dr2/mcs50_m4Dr2_s35.A82 fileNameGt=../graphsdb/mcs50/m4D/m4Dr2/mcs50_m4Dr2_s35.B82
Reading graphs...
35 :  69
35 :  68
Initializing...
maxdom : 35
D->valSize : 1225
Solving...
Blb : 2 (clique : 21)
currentSize : 21 <-- 0.036032 s
currentSize : 22 <-- 0.038126 s
currentSize : 23 <-- 0.039323 s
currentSize : 24 <-- 0.111326 s
currentSize : 25 <-- 7.551578 s
currentSize : 26 <-- 405.372681 s

maxsize : 26
nodes : 105794507.000000
filtered : 7260640364.000000
time : 904.352051
