Parameters: GAD=1 vflib=1 dir=0 label=0 lowerbound=1 fileNameGp=../graphsdb/mcs50/m4D/m4Dr6/mcs50_m4Dr6_s35.A83 fileNameGt=../graphsdb/mcs50/m4D/m4Dr6/mcs50_m4Dr6_s35.B83
Reading graphs...
35 :  83
35 :  80
Initializing...
maxdom : 35
D->valSize : 1225
Solving...
Blb : 2 (clique : 17)
currentSize : 17 <-- 0.020264 s
currentSize : 18 <-- 0.025962 s
currentSize : 19 <-- 0.028173 s
currentSize : 20 <-- 0.029083 s
currentSize : 21 <-- 0.031377 s
currentSize : 22 <-- 0.503972 s
currentSize : 23 <-- 3.496671 s
currentSize : 24 <-- 160.241577 s

maxsize : 24
nodes : 139672382.000000
filtered : 6812551263.000000
time : 939.087097
