Parameters: GAD=1 vflib=1 dir=0 label=0 lowerbound=1 fileNameGp=../graphsdb/mcs50/m4D/m4D/mcs50_m4D_s35.A85 fileNameGt=../graphsdb/mcs50/m4D/m4D/mcs50_m4D_s35.B85
Reading graphs...
35 :  62
35 :  63
Initializing...
maxdom : 35
D->valSize : 1225
Solving...
Blb : 2 (clique : 22)
currentSize : 22 <-- 0.036774 s
currentSize : 23 <-- 0.121362 s
currentSize : 24 <-- 0.288464 s
currentSize : 25 <-- 1.920753 s
currentSize : 26 <-- 15.809527 s

maxsize : 26
nodes : 144914068.000000
filtered : 7195872638.000000
time : 1050.938965
