Parameters: GAD=1 vflib=1 dir=0 label=0 lowerbound=1 fileNameGp=../graphsdb/mcs50/m2D/m2Dr6/mcs50_m2Dr6_s30.A48 fileNameGt=../graphsdb/mcs50/m2D/m2Dr6/mcs50_m2Dr6_s30.B48
Reading graphs...
30 :  65
30 :  64
Initializing...
maxdom : 30
D->valSize : 900
Solving...
Blb : 2 (clique : 15)
currentSize : 15 <-- 0.011295 s
currentSize : 16 <-- 0.011437 s
currentSize : 17 <-- 0.014425 s
currentSize : 18 <-- 0.042343 s
currentSize : 19 <-- 0.111114 s
currentSize : 20 <-- 8.889441 s
currentSize : 21 <-- 50.040695 s

maxsize : 21
nodes : 13211012.000000
filtered : 383652661.000000
time : 65.810966
