Parameters: GAD=1 vflib=1 dir=0 label=0 lowerbound=1 fileNameGp=../graphsdb/mcs50/rand/r005/mcs50_r005_s30.A91 fileNameGt=../graphsdb/mcs50/rand/r005/mcs50_r005_s30.B91
Reading graphs...
30 :  47
30 :  47
Initializing...
maxdom : 30
D->valSize : 900
Solving...
Blb : 5 (clique : 18)
currentSize : 18 <-- 0.011265 s
currentSize : 19 <-- 0.014435 s
currentSize : 20 <-- 0.016055 s
currentSize : 21 <-- 0.031316 s
currentSize : 22 <-- 0.107909 s
currentSize : 23 <-- 0.959081 s

maxsize : 23
nodes : 1722493.000000
filtered : 62298180.000000
time : 10.022695
