Parameters: GAD=1 vflib=1 dir=0 label=0 lowerbound=1 fileNameGp=../graphsdb/mcs50/bvg/b06/mcs50_b06_s30.A05 fileNameGt=../graphsdb/mcs50/bvg/b06/mcs50_b06_s30.B05
Reading graphs...
30 :  86
30 :  90
Initializing...
maxdom : 30
D->valSize : 900
Solving...
Blb : 2 (clique : 13)
currentSize : 13 <-- 0.010522 s
currentSize : 14 <-- 0.010624 s
currentSize : 15 <-- 0.014811 s
currentSize : 16 <-- 0.084270 s
currentSize : 17 <-- 0.889760 s
currentSize : 18 <-- 1.115052 s
currentSize : 19 <-- 4.617301 s
currentSize : 20 <-- 48.255344 s

maxsize : 20
nodes : 12263684.000000
filtered : 424538863.000000
time : 64.865723
