Parameters: GAD=1 vflib=1 dir=0 label=0 lowerbound=1 fileNameGp=../graphsdb/mcs50/bvg/b06m/mcs50_b06m_s30.A06 fileNameGt=../graphsdb/mcs50/bvg/b06m/mcs50_b06m_s30.B06
Reading graphs...
30 :  87
30 :  86
Initializing...
maxdom : 30
D->valSize : 900
Solving...
Blb : 5 (clique : 14)
currentSize : 14 <-- 0.010400 s
currentSize : 15 <-- 0.010515 s
currentSize : 16 <-- 0.012227 s
currentSize : 17 <-- 0.058296 s
currentSize : 18 <-- 0.298509 s
currentSize : 19 <-- 50.640923 s

maxsize : 19
nodes : 27036943.000000
filtered : 1056181126.000000
time : 144.926453
