Parameters: GAD=1 vflib=1 dir=0 label=0 lowerbound=1 fileNameGp=../graphsdb/mcs50/bvg/b06/mcs50_b06_s35.A59 fileNameGt=../graphsdb/mcs50/bvg/b06/mcs50_b06_s35.B59
Reading graphs...
35 :  103
35 :  102
Initializing...
maxdom : 35
D->valSize : 1225
Solving...
Blb : 2 (clique : 15)
currentSize : 15 <-- 0.034691 s
currentSize : 16 <-- 0.034928 s
currentSize : 17 <-- 0.034967 s
currentSize : 18 <-- 0.035060 s
currentSize : 19 <-- 0.037176 s
currentSize : 20 <-- 0.753144 s
currentSize : 21 <-- 21.381088 s
currentSize : 22 <-- 80.565636 s
currentSize : 23 <-- 239.798233 s
currentSize : 24 <-- 328.869446 s

maxsize : 24
nodes : 83907728.000000
filtered : 3272390801.000000
time : 506.830750
