Parameters: GAD=1 vflib=1 dir=0 label=0 lowerbound=1 fileNameGp=../graphsdb/mcs50/rand/r02/mcs50_r02_s30.A70 fileNameGt=../graphsdb/mcs50/rand/r02/mcs50_r02_s30.B70
Reading graphs...
30 :  158
30 :  158
Initializing...
maxdom : 30
D->valSize : 900
Solving...
Blb : 2 (clique : 10)
currentSize : 10 <-- 0.009340 s
currentSize : 11 <-- 0.009438 s
currentSize : 12 <-- 0.011924 s
currentSize : 13 <-- 0.024648 s
currentSize : 14 <-- 0.564286 s
currentSize : 15 <-- 110.205521 s

maxsize : 15
nodes : 74436680.000000
filtered : 1057792043.000000
time : 262.692078
