Parameters: GAD=1 vflib=1 dir=0 label=0 lowerbound=1 fileNameGp=../graphsdb/mcs50/rand/r02/mcs50_r02_s30.A47 fileNameGt=../graphsdb/mcs50/rand/r02/mcs50_r02_s30.B47
Reading graphs...
30 :  157
30 :  153
Initializing...
maxdom : 30
D->valSize : 900
Solving...
Blb : 2 (clique : 10)
currentSize : 10 <-- 0.016662 s
currentSize : 11 <-- 0.016813 s
currentSize : 12 <-- 0.017728 s
currentSize : 13 <-- 0.055481 s
currentSize : 14 <-- 4.326055 s
currentSize : 15 <-- 7.496542 s

maxsize : 15
nodes : 64768385.000000
filtered : 953143378.000000
time : 231.968903
