Parameters: GAD=1 vflib=1 dir=0 label=0 lowerbound=1 fileNameGp=../graphsdb/mcs50/bvg/b06m/mcs50_b06m_s35.A53 fileNameGt=../graphsdb/mcs50/bvg/b06m/mcs50_b06m_s35.B53
Reading graphs...
35 :  100
35 :  103
Initializing...
maxdom : 35
D->valSize : 1225
Solving...
Blb : 5 (clique : 16)
currentSize : 16 <-- 0.019683 s
currentSize : 17 <-- 0.020799 s
currentSize : 18 <-- 0.066472 s
currentSize : 19 <-- 0.071561 s
currentSize : 20 <-- 0.366897 s
currentSize : 21 <-- 33.288788 s

TIMEOUT
maxsize : 21
nodes : 646963014.000000
filtered : 22590908156.000000
time : 3600.000000
