Parameters: GAD=1 vflib=1 dir=0 label=0 lowerbound=1 fileNameGp=../graphsdb/mcs50/rand/r02/mcs50_r02_s30.A11 fileNameGt=../graphsdb/mcs50/rand/r02/mcs50_r02_s30.B11
Reading graphs...
30 :  157
30 :  160
Initializing...
maxdom : 30
D->valSize : 900
Solving...
Blb : 2 (clique : 11)
currentSize : 11 <-- 0.009559 s
currentSize : 12 <-- 0.010200 s
currentSize : 13 <-- 0.049055 s
currentSize : 14 <-- 0.374610 s
currentSize : 15 <-- 118.450150 s

maxsize : 15
nodes : 84535592.000000
filtered : 1197844305.000000
time : 302.683777
