Parameters: GAD=1 vflib=1 dir=0 label=0 lowerbound=1 fileNameGp=../graphsdb/mcs50/bvg/b06/mcs50_b06_s25.A53 fileNameGt=../graphsdb/mcs50/bvg/b06/mcs50_b06_s25.B53
Reading graphs...
25 :  75
25 :  73
Initializing...
maxdom : 25
D->valSize : 625
Solving...
Blb : 2 (clique : 13)
currentSize : 13 <-- 0.009436 s
currentSize : 14 <-- 0.013311 s
currentSize : 15 <-- 0.031952 s
currentSize : 16 <-- 0.156378 s
currentSize : 17 <-- 0.666730 s

maxsize : 17
nodes : 411494.000000
filtered : 11271726.000000
time : 1.840181
