Parameters: GAD=1 vflib=1 dir=0 label=0 lowerbound=1 fileNameGp=../graphsdb/mcs50/rand/r005/mcs50_r005_s35.A97 fileNameGt=../graphsdb/mcs50/rand/r005/mcs50_r005_s35.B97
Reading graphs...
35 :  61
35 :  61
Initializing...
maxdom : 35
D->valSize : 1225
Solving...
Blb : 2 (clique : 20)
currentSize : 20 <-- 0.021203 s
currentSize : 21 <-- 0.024038 s
currentSize : 22 <-- 0.024653 s
currentSize : 23 <-- 0.041282 s
currentSize : 24 <-- 0.047311 s
currentSize : 25 <-- 0.703829 s
currentSize : 26 <-- 46.209072 s

maxsize : 26
nodes : 39959872.000000
filtered : 1732339815.000000
time : 271.463074
