Parameters: GAD=1 vflib=1 dir=0 label=0 lowerbound=1 fileNameGp=../graphsdb/mcs50/m3D/m3Dr6/mcs50_m3Dr6_s20.A51 fileNameGt=../graphsdb/mcs50/m3D/m3Dr6/mcs50_m3Dr6_s20.B51
Reading graphs...
20 :  47
20 :  45
Initializing...
maxdom : 20
D->valSize : 400
Solving...
Blb : 2 (clique : 10)
currentSize : 10 <-- 0.002248 s
currentSize : 11 <-- 0.002353 s
currentSize : 12 <-- 0.003854 s
currentSize : 13 <-- 0.006507 s
currentSize : 14 <-- 0.152861 s

maxsize : 14
nodes : 74380.000000
filtered : 1232353.000000
time : 0.259818
