Parameters: GAD=1 vflib=1 dir=0 label=0 lowerbound=1 fileNameGp=../graphsdb/mcs50/bvg/b03m/mcs50_b03m_s25.A99 fileNameGt=../graphsdb/mcs50/bvg/b03m/mcs50_b03m_s25.B99
Reading graphs...
25 :  37
25 :  37
Initializing...
maxdom : 25
D->valSize : 625
Solving...
Blb : 2 (clique : 14)
currentSize : 14 <-- 0.009569 s
currentSize : 15 <-- 0.014832 s
currentSize : 16 <-- 0.032045 s
currentSize : 17 <-- 0.033813 s
currentSize : 18 <-- 0.527914 s
currentSize : 19 <-- 3.038874 s

maxsize : 19
nodes : 2479854.000000
filtered : 78783030.000000
time : 11.922076
