Parameters: GAD=1 vflib=1 dir=0 label=0 lowerbound=1 fileNameGp=../graphsdb/mcs50/m2D/m2Dr4/mcs50_m2Dr4_s30.A70 fileNameGt=../graphsdb/mcs50/m2D/m2Dr4/mcs50_m2Dr4_s30.B70
Reading graphs...
30 :  60
30 :  60
Initializing...
maxdom : 30
D->valSize : 900
Solving...
Blb : 2 (clique : 16)
currentSize : 16 <-- 0.011071 s
currentSize : 17 <-- 0.011209 s
currentSize : 18 <-- 0.013193 s
currentSize : 19 <-- 0.013936 s
currentSize : 20 <-- 0.777459 s
currentSize : 21 <-- 8.394349 s

maxsize : 21
nodes : 11689262.000000
filtered : 367194943.000000
time : 60.595184
