Parameters: GAD=1 vflib=1 dir=0 label=0 lowerbound=1 fileNameGp=../graphsdb/mcs50/bvg/b09m/mcs50_b09m_s35.A38 fileNameGt=../graphsdb/mcs50/bvg/b09m/mcs50_b09m_s35.B38
Reading graphs...
35 :  153
35 :  150
Initializing...
maxdom : 35
D->valSize : 1225
Solving...
Blb : 5 (clique : 14)
currentSize : 14 <-- 0.018340 s
currentSize : 15 <-- 0.018670 s
currentSize : 16 <-- 0.019166 s
currentSize : 17 <-- 0.115920 s
currentSize : 18 <-- 191.055389 s
currentSize : 19 <-- 271.667084 s

maxsize : 19
nodes : 272200520.000000
filtered : 7591225036.000000
time : 1329.563965
