Parameters: GAD=1 vflib=1 dir=0 label=0 lowerbound=1 fileNameGp=../graphsdb/mcs50/bvg/b03/mcs50_b03_s35.A72 fileNameGt=../graphsdb/mcs50/bvg/b03/mcs50_b03_s35.B72
Reading graphs...
35 :  52
35 :  52
Initializing...
maxdom : 35
D->valSize : 1225
Solving...
Blb : 2 (clique : 20)
currentSize : 20 <-- 0.022011 s
currentSize : 21 <-- 0.024771 s
currentSize : 22 <-- 0.024922 s
currentSize : 23 <-- 0.028324 s
currentSize : 24 <-- 0.031848 s
currentSize : 25 <-- 0.042392 s
currentSize : 26 <-- 0.045187 s
currentSize : 27 <-- 1.816103 s

maxsize : 27
nodes : 116106201.000000
filtered : 6002230178.000000
time : 870.957275
