Parameters: GAD=1 vflib=1 dir=0 label=0 lowerbound=1 fileNameGp=../graphsdb/mcs50/m4D/m4D/mcs50_m4D_s35.A33 fileNameGt=../graphsdb/mcs50/m4D/m4D/mcs50_m4D_s35.B33
Reading graphs...
35 :  62
35 :  63
Initializing...
maxdom : 35
D->valSize : 1225
Solving...
Blb : 2 (clique : 21)
currentSize : 21 <-- 0.036502 s
currentSize : 22 <-- 0.751604 s
currentSize : 23 <-- 8.523887 s
currentSize : 24 <-- 9.046466 s
currentSize : 25 <-- 9.578802 s
currentSize : 26 <-- 111.521759 s
currentSize : 27 <-- 333.442474 s

maxsize : 27
nodes : 75463229.000000
filtered : 4339278453.000000
time : 601.714966
