Parameters: GAD=1 vflib=1 dir=0 label=0 lowerbound=1 fileNameGp=../graphsdb/mcs50/m3D/m3Dr2/mcs50_m3Dr2_s20.A93 fileNameGt=../graphsdb/mcs50/m3D/m3Dr2/mcs50_m3Dr2_s20.B93
Reading graphs...
20 :  40
20 :  40
Initializing...
maxdom : 20
D->valSize : 400
Solving...
Blb : 3 (clique : 10)
currentSize : 10 <-- 0.002329 s
currentSize : 11 <-- 0.002385 s
currentSize : 12 <-- 0.002545 s
currentSize : 13 <-- 0.002564 s
currentSize : 14 <-- 0.112259 s

maxsize : 14
nodes : 109137.000000
filtered : 1570433.000000
time : 0.333394
