Parameters: GAD=1 vflib=1 dir=0 label=0 lowerbound=1 fileNameGp=../graphsdb/mcs50/bvg/b09m/mcs50_b09m_s35.A87 fileNameGt=../graphsdb/mcs50/bvg/b09m/mcs50_b09m_s35.B87
Reading graphs...
35 :  149
35 :  149
Initializing...
maxdom : 35
D->valSize : 1225
Solving...
Blb : 2 (clique : 14)
currentSize : 14 <-- 0.018679 s
currentSize : 15 <-- 0.018878 s
currentSize : 16 <-- 0.035118 s
currentSize : 17 <-- 0.035859 s
currentSize : 18 <-- 21.666113 s
currentSize : 19 <-- 191.275131 s
currentSize : 20 <-- 192.165771 s

maxsize : 20
nodes : 125093873.000000
filtered : 3540902268.000000
time : 628.316650
