Parameters: GAD=1 vflib=1 dir=0 label=0 lowerbound=1 fileNameGp=../graphsdb/mcs50/m4D/m4Dr4/mcs50_m4Dr4_s35.A70 fileNameGt=../graphsdb/mcs50/m4D/m4Dr4/mcs50_m4Dr4_s35.B70
Reading graphs...
35 :  74
35 :  74
Initializing...
maxdom : 35
D->valSize : 1225
Solving...
Blb : 2 (clique : 19)
currentSize : 19 <-- 0.020695 s
currentSize : 20 <-- 0.022069 s
currentSize : 21 <-- 0.022372 s
currentSize : 22 <-- 0.292389 s
currentSize : 23 <-- 2.624174 s
currentSize : 24 <-- 2.789163 s
currentSize : 25 <-- 574.838745 s

TIMEOUT
maxsize : 25
nodes : 491068177.000000
filtered : 27055062607.000000
time : 3600.000000
