Parameters: GAD=1 vflib=1 dir=0 label=0 lowerbound=1 fileNameGp=../graphsdb/mcs50/m4D/m4Dr4/mcs50_m4Dr4_s30.A30 fileNameGt=../graphsdb/mcs50/m4D/m4Dr4/mcs50_m4Dr4_s30.B30
Reading graphs...
30 :  65
30 :  65
Initializing...
maxdom : 30
D->valSize : 900
Solving...
Blb : 2 (clique : 15)
currentSize : 15 <-- 0.011799 s
currentSize : 16 <-- 0.011961 s
currentSize : 17 <-- 0.012589 s
currentSize : 18 <-- 0.013321 s
currentSize : 19 <-- 0.020982 s
currentSize : 20 <-- 0.058859 s
currentSize : 21 <-- 6.486550 s

maxsize : 21
nodes : 11991238.000000
filtered : 510530910.000000
time : 70.966583
