Parameters: GAD=1 vflib=1 dir=0 label=0 lowerbound=1 fileNameGp=../graphsdb/mcs50/m2D/m2Dr2/mcs50_m2Dr2_s20.A41 fileNameGt=../graphsdb/mcs50/m2D/m2Dr2/mcs50_m2Dr2_s20.B41
Reading graphs...
20 :  34
20 :  35
Initializing...
maxdom : 20
D->valSize : 400
Solving...
Blb : 2 (clique : 11)
currentSize : 11 <-- 0.003989 s
currentSize : 12 <-- 0.004105 s
currentSize : 13 <-- 0.004234 s
currentSize : 14 <-- 0.004565 s
currentSize : 15 <-- 0.102994 s

maxsize : 15
nodes : 54355.000000
filtered : 1079160.000000
time : 0.194442
