Parameters: GAD=1 vflib=1 dir=0 label=0 lowerbound=1 fileNameGp=../graphsdb/mcs50/bvg/b06/mcs50_b06_s25.A47 fileNameGt=../graphsdb/mcs50/bvg/b06/mcs50_b06_s25.B47
Reading graphs...
25 :  74
25 :  74
Initializing...
maxdom : 25
D->valSize : 625
Solving...
Blb : 2 (clique : 11)
currentSize : 11 <-- 0.005007 s
currentSize : 12 <-- 0.005091 s
currentSize : 13 <-- 0.005150 s
currentSize : 14 <-- 0.006673 s
currentSize : 15 <-- 0.134503 s
currentSize : 16 <-- 1.363040 s

maxsize : 16
nodes : 1829402.000000
filtered : 57304697.000000
time : 8.383887
