Parameters: GAD=1 vflib=1 dir=0 label=0 lowerbound=1 fileNameGp=../graphsdb/mcs50/rand/r02/mcs50_r02_s35.A86 fileNameGt=../graphsdb/mcs50/rand/r02/mcs50_r02_s35.B86
Reading graphs...
35 :  207
35 :  213
Initializing...
maxdom : 35
D->valSize : 1225
Solving...
Blb : 3 (clique : 12)
currentSize : 12 <-- 0.018305 s
currentSize : 13 <-- 0.023419 s
currentSize : 14 <-- 0.073256 s
currentSize : 15 <-- 29.088779 s
currentSize : 17 <-- 1388.486328 s

maxsize : 17
nodes : 754636659.000000
filtered : 11652971316.000000
time : 2996.268555
