Parameters: GAD=1 vflib=1 dir=0 label=0 lowerbound=1 fileNameGp=../graphsdb/mcs50/bvg/b06/mcs50_b06_s35.A10 fileNameGt=../graphsdb/mcs50/bvg/b06/mcs50_b06_s35.B10
Reading graphs...
35 :  102
35 :  102
Initializing...
maxdom : 35
D->valSize : 1225
Solving...
Blb : 2 (clique : 15)
currentSize : 15 <-- 0.019377 s
currentSize : 17 <-- 0.019523 s
currentSize : 18 <-- 0.019623 s
currentSize : 19 <-- 0.071625 s
currentSize : 20 <-- 0.278064 s
currentSize : 21 <-- 0.428302 s
currentSize : 22 <-- 759.024475 s

maxsize : 22
nodes : 334331506.000000
filtered : 12119380610.000000
time : 1873.443115
