Parameters: GAD=1 vflib=1 dir=0 label=0 lowerbound=1 fileNameGp=../graphsdb/mcs50/rand/r02/mcs50_r02_s35.A68 fileNameGt=../graphsdb/mcs50/rand/r02/mcs50_r02_s35.B68
Reading graphs...
35 :  206
35 :  213
Initializing...
maxdom : 35
D->valSize : 1225
Solving...
Blb : 3 (clique : 11)
currentSize : 11 <-- 0.022698 s
currentSize : 12 <-- 0.023059 s
currentSize : 13 <-- 0.026930 s
currentSize : 14 <-- 0.062050 s
currentSize : 15 <-- 1.436578 s
currentSize : 16 <-- 493.746155 s
currentSize : 17 <-- 1027.367798 s

maxsize : 17
nodes : 551122182.000000
filtered : 9000691057.000000
time : 2200.994629
