Parameters: GAD=1 vflib=1 dir=0 label=0 lowerbound=1 fileNameGp=../graphsdb/mcs50/bvg/b06/mcs50_b06_s35.A33 fileNameGt=../graphsdb/mcs50/bvg/b06/mcs50_b06_s35.B33
Reading graphs...
35 :  104
35 :  105
Initializing...
maxdom : 35
D->valSize : 1225
Solving...
Blb : 2 (clique : 15)
currentSize : 15 <-- 0.034128 s
currentSize : 16 <-- 0.034375 s
currentSize : 17 <-- 0.036494 s
currentSize : 18 <-- 0.040078 s
currentSize : 19 <-- 0.170831 s
currentSize : 20 <-- 0.807668 s
currentSize : 21 <-- 9.627482 s
currentSize : 22 <-- 140.311768 s

maxsize : 22
nodes : 429901851.000000
filtered : 20247950277.000000
time : 2756.042725
