Parameters: GAD=1 vflib=1 dir=0 label=0 lowerbound=1 fileNameGp=../graphsdb/mcs50/bvg/b09m/mcs50_b09m_s35.A64 fileNameGt=../graphsdb/mcs50/bvg/b09m/mcs50_b09m_s35.B64
Reading graphs...
35 :  145
35 :  144
Initializing...
maxdom : 35
D->valSize : 1225
Solving...
Blb : 2 (clique : 14)
currentSize : 14 <-- 0.018672 s
currentSize : 15 <-- 0.019274 s
currentSize : 16 <-- 0.034566 s
currentSize : 17 <-- 0.098620 s
currentSize : 18 <-- 5.452591 s
currentSize : 19 <-- 272.720978 s

maxsize : 19
nodes : 370297942.000000
filtered : 9836348954.000000
time : 1782.540649
