Parameters: GAD=1 vflib=1 dir=0 label=0 lowerbound=1 fileNameGp=../graphsdb/mcs50/m3D/m3Dr2/mcs50_m3Dr2_s20.A45 fileNameGt=../graphsdb/mcs50/m3D/m3Dr2/mcs50_m3Dr2_s20.B45
Reading graphs...
20 :  39
20 :  40
Initializing...
maxdom : 20
D->valSize : 400
Solving...
Blb : 2 (clique : 10)
currentSize : 10 <-- 0.002347 s
currentSize : 11 <-- 0.002404 s
currentSize : 12 <-- 0.003460 s
currentSize : 13 <-- 0.008867 s
currentSize : 14 <-- 0.132218 s

maxsize : 14
nodes : 106608.000000
filtered : 1934500.000000
time : 0.357816
