Parameters: GAD=1 vflib=1 dir=0 label=0 lowerbound=1 fileNameGp=../graphsdb/mcs50/bvg/b09m/mcs50_b09m_s35.A96 fileNameGt=../graphsdb/mcs50/bvg/b09m/mcs50_b09m_s35.B96
Reading graphs...
35 :  151
35 :  151
Initializing...
maxdom : 35
D->valSize : 1225
Solving...
Blb : 2 (clique : 13)
currentSize : 13 <-- 0.018550 s
currentSize : 14 <-- 0.018714 s
currentSize : 15 <-- 0.020677 s
currentSize : 16 <-- 0.124603 s
currentSize : 17 <-- 2.556189 s
currentSize : 18 <-- 59.741833 s

maxsize : 18
nodes : 707343893.000000
filtered : 18068765926.000000
time : 3359.458008
