Parameters: GAD=1 vflib=1 dir=0 label=0 lowerbound=1 fileNameGp=../graphsdb/mcs50/bvg/b06/mcs50_b06_s25.A03 fileNameGt=../graphsdb/mcs50/bvg/b06/mcs50_b06_s25.B03
Reading graphs...
25 :  75
25 :  74
Initializing...
maxdom : 25
D->valSize : 625
Solving...
Blb : 2 (clique : 12)
currentSize : 12 <-- 0.008440 s
currentSize : 13 <-- 0.008834 s
currentSize : 14 <-- 0.016264 s
currentSize : 15 <-- 0.041849 s
currentSize : 16 <-- 3.705978 s

maxsize : 16
nodes : 2949973.000000
filtered : 64375485.000000
time : 11.484020
