Parameters: GAD=1 vflib=1 dir=0 label=0 lowerbound=1 fileNameGp=../graphsdb/mcs50/bvg/b06m/mcs50_b06m_s30.A74 fileNameGt=../graphsdb/mcs50/bvg/b06m/mcs50_b06m_s30.B74
Reading graphs...
30 :  85
30 :  88
Initializing...
maxdom : 30
D->valSize : 900
Solving...
Blb : 2 (clique : 14)
currentSize : 14 <-- 0.010494 s
currentSize : 15 <-- 0.010714 s
currentSize : 16 <-- 0.166885 s
currentSize : 17 <-- 0.272393 s
currentSize : 18 <-- 37.008240 s
currentSize : 19 <-- 114.365585 s

maxsize : 19
nodes : 37504840.000000
filtered : 1395519670.000000
time : 204.254272
