Parameters: GAD=1 vflib=1 dir=0 label=0 lowerbound=1 fileNameGp=../graphsdb/mcs50/rand/r02/mcs50_r02_s25.A14 fileNameGt=../graphsdb/mcs50/rand/r02/mcs50_r02_s25.B14
Reading graphs...
25 :  106
25 :  110
Initializing...
maxdom : 25
D->valSize : 625
Solving...
Blb : 2 (clique : 9)
currentSize : 9 <-- 0.007878 s
currentSize : 10 <-- 0.008006 s
currentSize : 11 <-- 0.008117 s
currentSize : 12 <-- 0.027952 s
currentSize : 13 <-- 3.233186 s

maxsize : 13
nodes : 8431684.000000
filtered : 103067603.000000
time : 26.433516
