Parameters: GAD=1 vflib=1 dir=0 label=0 lowerbound=1 fileNameGp=../graphsdb/mcs50/rand/r01/mcs50_r01_s35.A65 fileNameGt=../graphsdb/mcs50/rand/r01/mcs50_r01_s35.B65
Reading graphs...
35 :  109
35 :  113
Initializing...
maxdom : 35
D->valSize : 1225
Solving...
Blb : 2 (clique : 15)
currentSize : 15 <-- 0.024245 s
currentSize : 16 <-- 0.024387 s
currentSize : 17 <-- 0.041728 s
currentSize : 18 <-- 0.103024 s
currentSize : 19 <-- 1.450086 s
currentSize : 20 <-- 158.600174 s
currentSize : 21 <-- 350.017822 s

maxsize : 21
nodes : 481762021.000000
filtered : 16134038683.000000
time : 2645.390381
