Parameters: GAD=1 vflib=1 dir=0 label=0 lowerbound=1 fileNameGp=../graphsdb/mcs50/m4D/m4D/mcs50_m4D_s30.A52 fileNameGt=../graphsdb/mcs50/m4D/m4D/mcs50_m4D_s30.B52
Reading graphs...
30 :  55
30 :  55
Initializing...
maxdom : 30
D->valSize : 900
Solving...
Blb : 5 (clique : 17)
currentSize : 17 <-- 0.011528 s
currentSize : 18 <-- 0.011658 s
currentSize : 19 <-- 0.011694 s
currentSize : 20 <-- 2.368783 s
currentSize : 21 <-- 5.758002 s
currentSize : 22 <-- 5.984293 s

maxsize : 22
nodes : 11271950.000000
filtered : 442253896.000000
time : 62.760696
