Parameters: GAD=1 vflib=1 dir=0 label=0 lowerbound=1 fileNameGp=../graphsdb/mcs50/bvg/b03/mcs50_b03_s30.A76 fileNameGt=../graphsdb/mcs50/bvg/b03/mcs50_b03_s30.B76
Reading graphs...
30 :  45
30 :  45
Initializing...
maxdom : 30
D->valSize : 900
Solving...
Blb : 2 (clique : 19)
currentSize : 19 <-- 0.011582 s
currentSize : 20 <-- 0.029246 s
currentSize : 21 <-- 0.070940 s
currentSize : 22 <-- 0.243484 s
currentSize : 23 <-- 19.986988 s

maxsize : 23
nodes : 8358696.000000
filtered : 345466930.000000
time : 48.838264
