Parameters: GAD=1 vflib=1 dir=0 label=0 lowerbound=1 fileNameGp=../graphsdb/mcs50/bvg/b06/mcs50_b06_s30.A64 fileNameGt=../graphsdb/mcs50/bvg/b06/mcs50_b06_s30.B64
Reading graphs...
30 :  90
30 :  89
Initializing...
maxdom : 30
D->valSize : 900
Solving...
Blb : 2 (clique : 14)
currentSize : 14 <-- 0.017961 s
currentSize : 15 <-- 0.019721 s
currentSize : 16 <-- 0.020620 s
currentSize : 17 <-- 2.329557 s
currentSize : 18 <-- 10.278633 s
currentSize : 19 <-- 15.388291 s

maxsize : 19
nodes : 13650814.000000
filtered : 445830467.000000
time : 69.466972
