Parameters: GAD=1 vflib=1 dir=0 label=0 lowerbound=1 fileNameGp=../graphsdb/mcs50/rand/r01/mcs50_r01_s30.A47 fileNameGt=../graphsdb/mcs50/rand/r01/mcs50_r01_s30.B47
Reading graphs...
30 :  82
30 :  85
Initializing...
maxdom : 30
D->valSize : 900
Solving...
Blb : 2 (clique : 13)
currentSize : 13 <-- 0.010508 s
currentSize : 15 <-- 0.010656 s
currentSize : 16 <-- 0.012108 s
currentSize : 17 <-- 0.023140 s
currentSize : 18 <-- 0.859167 s
currentSize : 19 <-- 122.107147 s

maxsize : 19
nodes : 53733907.000000
filtered : 1513839357.000000
time : 252.445755
