Parameters: GAD=1 vflib=1 dir=0 label=0 lowerbound=1 fileNameGp=../graphsdb/mcs50/rand/r02/mcs50_r02_s35.A50 fileNameGt=../graphsdb/mcs50/rand/r02/mcs50_r02_s35.B50
Reading graphs...
35 :  215
35 :  212
Initializing...
maxdom : 35
D->valSize : 1225
Solving...
Blb : 2 (clique : 11)
currentSize : 11 <-- 0.017586 s
currentSize : 12 <-- 0.018753 s
currentSize : 13 <-- 0.020156 s
currentSize : 14 <-- 0.385350 s
currentSize : 15 <-- 5.048608 s
currentSize : 16 <-- 222.633118 s
currentSize : 17 <-- 2275.511719 s

maxsize : 17
nodes : 701716816.000000
filtered : 10727468111.000000
time : 2730.893066
