Parameters: GAD=1 vflib=1 dir=0 label=0 lowerbound=1 fileNameGp=../graphsdb/mcs50/m4D/m4Dr2/mcs50_m4Dr2_s30.A39 fileNameGt=../graphsdb/mcs50/m4D/m4Dr2/mcs50_m4Dr2_s30.B39
Reading graphs...
30 :  61
30 :  61
Initializing...
maxdom : 30
D->valSize : 900
Solving...
Blb : 2 (clique : 16)
currentSize : 16 <-- 0.011399 s
currentSize : 17 <-- 0.011616 s
currentSize : 18 <-- 0.013825 s
currentSize : 19 <-- 0.020882 s
currentSize : 20 <-- 0.051432 s
currentSize : 21 <-- 0.175368 s

maxsize : 21
nodes : 9315379.000000
filtered : 338451334.000000
time : 51.296192
