Parameters: GAD=1 vflib=1 dir=0 label=0 lowerbound=1 fileNameGp=../graphsdb/mcs50/rand/r005/mcs50_r005_s25.A30 fileNameGt=../graphsdb/mcs50/rand/r005/mcs50_r005_s25.B30
Reading graphs...
25 :  35
25 :  35
Initializing...
maxdom : 25
D->valSize : 625
Solving...
Blb : 2 (clique : 14)
currentSize : 14 <-- 0.005675 s
currentSize : 15 <-- 0.005766 s
currentSize : 16 <-- 0.005814 s
currentSize : 17 <-- 0.006014 s
currentSize : 18 <-- 0.008589 s
currentSize : 19 <-- 7.724703 s

maxsize : 19
nodes : 2975416.000000
filtered : 77255311.000000
time : 13.110266
