Parameters: GAD=1 vflib=1 dir=0 label=0 lowerbound=1 fileNameGp=../graphsdb/mcs50/bvg/b06m/mcs50_b06m_s35.A88 fileNameGt=../graphsdb/mcs50/bvg/b06m/mcs50_b06m_s35.B88
Reading graphs...
35 :  101
35 :  103
Initializing...
maxdom : 35
D->valSize : 1225
Solving...
Blb : 5 (clique : 16)
currentSize : 16 <-- 0.019413 s
currentSize : 17 <-- 0.019559 s
currentSize : 18 <-- 0.021103 s
currentSize : 19 <-- 0.088835 s
currentSize : 20 <-- 0.466329 s
currentSize : 21 <-- 4.890542 s
currentSize : 22 <-- 29.393232 s

maxsize : 22
nodes : 101618894.000000
filtered : 4033384733.000000
time : 616.742554
