Parameters: GAD=1 vflib=1 dir=0 label=0 lowerbound=1 fileNameGp=../graphsdb/mcs50/m4D/m4Dr6/mcs50_m4Dr6_s35.A80 fileNameGt=../graphsdb/mcs50/m4D/m4Dr6/mcs50_m4Dr6_s35.B80
Reading graphs...
35 :  77
35 :  80
Initializing...
maxdom : 35
D->valSize : 1225
Solving...
Blb : 5 (clique : 18)
currentSize : 18 <-- 0.024754 s
currentSize : 19 <-- 0.024929 s
currentSize : 20 <-- 0.025191 s
currentSize : 21 <-- 0.107696 s
currentSize : 22 <-- 0.510153 s
currentSize : 23 <-- 4.049420 s
currentSize : 24 <-- 1029.677124 s

maxsize : 24
nodes : 286099523.000000
filtered : 11940925905.000000
time : 1842.653931
