Parameters: GAD=1 vflib=1 dir=0 label=0 lowerbound=1 fileNameGp=../graphsdb/mcs50/bvg/b09/mcs50_b09_s35.A92 fileNameGt=../graphsdb/mcs50/bvg/b09/mcs50_b09_s35.B92
Reading graphs...
35 :  156
35 :  155
Initializing...
maxdom : 35
D->valSize : 1225
Solving...
Blb : 2 (clique : 13)
currentSize : 13 <-- 0.019135 s
currentSize : 14 <-- 0.019442 s
currentSize : 15 <-- 0.019974 s
currentSize : 16 <-- 0.020011 s
currentSize : 17 <-- 3.718287 s
currentSize : 18 <-- 7.189579 s
currentSize : 19 <-- 719.064758 s
currentSize : 20 <-- 848.790527 s

maxsize : 20
nodes : 227456566.000000
filtered : 5530138277.000000
time : 1054.063232
