Parameters: GAD=1 vflib=1 dir=0 label=0 lowerbound=1 fileNameGp=../graphsdb/mcs50/rand/r005/mcs50_r005_s25.A97 fileNameGt=../graphsdb/mcs50/rand/r005/mcs50_r005_s25.B97
Reading graphs...
25 :  35
25 :  35
Initializing...
maxdom : 25
D->valSize : 625
Solving...
Blb : 2 (clique : 16)
currentSize : 16 <-- 0.009554 s
currentSize : 17 <-- 0.009724 s
currentSize : 18 <-- 0.071026 s
currentSize : 19 <-- 2.259467 s
currentSize : 20 <-- 3.580486 s

maxsize : 20
nodes : 881351.000000
filtered : 25618935.000000
time : 4.181391
