Parameters: GAD=1 vflib=1 dir=0 label=0 lowerbound=1 fileNameGp=../graphsdb/mcs50/rand/r005/mcs50_r005_s25.A04 fileNameGt=../graphsdb/mcs50/rand/r005/mcs50_r005_s25.B04
Reading graphs...
25 :  34
25 :  35
Initializing...
maxdom : 25
D->valSize : 625
Solving...
Blb : 2 (clique : 14)
currentSize : 14 <-- 0.005532 s
currentSize : 15 <-- 0.005713 s
currentSize : 16 <-- 0.006269 s
currentSize : 17 <-- 0.007094 s
currentSize : 18 <-- 0.038352 s
currentSize : 19 <-- 1.194574 s

maxsize : 19
nodes : 925620.000000
filtered : 26885131.000000
time : 4.191733
