Parameters: GAD=1 vflib=1 dir=0 label=0 lowerbound=1 fileNameGp=../graphsdb/mcs50/bvg/b09m/mcs50_b09m_s35.A43 fileNameGt=../graphsdb/mcs50/bvg/b09m/mcs50_b09m_s35.B43
Reading graphs...
35 :  148
35 :  149
Initializing...
maxdom : 35
D->valSize : 1225
Solving...
Blb : 2 (clique : 12)
currentSize : 12 <-- 0.018516 s
currentSize : 13 <-- 0.018655 s
currentSize : 14 <-- 0.018846 s
currentSize : 15 <-- 0.019143 s
currentSize : 16 <-- 0.036412 s
currentSize : 17 <-- 0.499147 s
currentSize : 18 <-- 1.889215 s
currentSize : 19 <-- 1575.876587 s

maxsize : 19
nodes : 440301630.000000
filtered : 12321974635.000000
time : 2154.755615
