Parameters: GAD=1 vflib=1 dir=0 label=0 lowerbound=1 fileNameGp=../graphsdb/mcs50/rand/r01/mcs50_r01_s25.A55 fileNameGt=../graphsdb/mcs50/rand/r01/mcs50_r01_s25.B55
Reading graphs...
25 :  56
25 :  57
Initializing...
maxdom : 25
D->valSize : 625
Solving...
Blb : 2 (clique : 13)
currentSize : 13 <-- 0.005421 s
currentSize : 14 <-- 0.005514 s
currentSize : 15 <-- 0.005547 s
currentSize : 16 <-- 0.007867 s
currentSize : 17 <-- 4.936060 s

maxsize : 17
nodes : 1609717.000000
filtered : 36430565.000000
time : 6.895544
