Parameters: GAD=1 vflib=1 dir=0 label=0 lowerbound=1 fileNameGp=../graphsdb/mcs50/rand/r005/mcs50_r005_s35.A94 fileNameGt=../graphsdb/mcs50/rand/r005/mcs50_r005_s35.B94
Reading graphs...
35 :  60
35 :  62
Initializing...
maxdom : 35
D->valSize : 1225
Solving...
Blb : 2 (clique : 20)
currentSize : 20 <-- 0.037094 s
currentSize : 21 <-- 0.037377 s
currentSize : 22 <-- 0.037443 s
currentSize : 23 <-- 8.267637 s
currentSize : 24 <-- 19.188137 s
currentSize : 25 <-- 60.066170 s
currentSize : 26 <-- 759.371582 s

TIMEOUT
maxsize : 26
nodes : 452518885.000000
filtered : 26399156713.000000
time : 3600.000000
