Parameters: GAD=1 vflib=1 dir=0 label=0 lowerbound=1 fileNameGp=../graphsdb/mcs50/bvg/b06/mcs50_b06_s30.A09 fileNameGt=../graphsdb/mcs50/bvg/b06/mcs50_b06_s30.B09
Reading graphs...
30 :  90
30 :  89
Initializing...
maxdom : 30
D->valSize : 900
Solving...
Blb : 2 (clique : 14)
currentSize : 14 <-- 0.017941 s
currentSize : 15 <-- 0.018905 s
currentSize : 16 <-- 0.023866 s
currentSize : 17 <-- 0.033340 s
currentSize : 18 <-- 2.838785 s
currentSize : 19 <-- 5.988959 s
currentSize : 20 <-- 5.989069 s

maxsize : 20
nodes : 5053021.000000
filtered : 174227793.000000
time : 26.503609
