Parameters: GAD=1 vflib=1 dir=0 label=0 lowerbound=1 fileNameGp=../graphsdb/mcs50/bvg/b03m/mcs50_b03m_s25.A10 fileNameGt=../graphsdb/mcs50/bvg/b03m/mcs50_b03m_s25.B10
Reading graphs...
25 :  37
25 :  36
Initializing...
maxdom : 25
D->valSize : 625
Solving...
Blb : 2 (clique : 15)
currentSize : 15 <-- 0.005443 s
currentSize : 16 <-- 0.005535 s
currentSize : 17 <-- 0.029624 s
currentSize : 18 <-- 0.110221 s
currentSize : 19 <-- 0.443869 s

maxsize : 19
nodes : 1040103.000000
filtered : 32611570.000000
time : 4.786762
