Parameters: GAD=1 vflib=1 dir=0 label=0 lowerbound=1 fileNameGp=../graphsdb/mcs50/m4D/m4D/mcs50_m4D_s30.A74 fileNameGt=../graphsdb/mcs50/m4D/m4D/mcs50_m4D_s30.B74
Reading graphs...
30 :  55
30 :  53
Initializing...
maxdom : 30
D->valSize : 900
Solving...
Blb : 2 (clique : 18)
currentSize : 18 <-- 0.011340 s
currentSize : 19 <-- 0.011838 s
currentSize : 20 <-- 0.011857 s
currentSize : 21 <-- 0.012486 s
currentSize : 22 <-- 0.144295 s
currentSize : 23 <-- 3.201207 s

maxsize : 23
nodes : 2155390.000000
filtered : 106332097.000000
time : 14.503562
