Parameters: GAD=1 vflib=1 dir=0 label=0 lowerbound=1 fileNameGp=../graphsdb/mcs50/rand/r02/mcs50_r02_s30.A58 fileNameGt=../graphsdb/mcs50/rand/r02/mcs50_r02_s30.B58
Reading graphs...
30 :  150
30 :  156
Initializing...
maxdom : 30
D->valSize : 900
Solving...
Blb : 2 (clique : 11)
currentSize : 11 <-- 0.009561 s
currentSize : 12 <-- 0.010045 s
currentSize : 13 <-- 0.014529 s
currentSize : 14 <-- 0.593674 s
currentSize : 15 <-- 58.863625 s

maxsize : 15
nodes : 86956992.000000
filtered : 1258663146.000000
time : 314.250610
