Parameters: GAD=1 vflib=1 dir=0 label=0 lowerbound=1 fileNameGp=../graphsdb/mcs50/m4D/m4Dr2/mcs50_m4Dr2_s35.A73 fileNameGt=../graphsdb/mcs50/m4D/m4Dr2/mcs50_m4Dr2_s35.B73
Reading graphs...
35 :  70
35 :  69
Initializing...
maxdom : 35
D->valSize : 1225
Solving...
Blb : 2 (clique : 20)
currentSize : 20 <-- 0.020642 s
currentSize : 21 <-- 0.020815 s
currentSize : 22 <-- 0.020873 s
currentSize : 23 <-- 0.020989 s
currentSize : 24 <-- 0.531448 s
currentSize : 25 <-- 31.517637 s

maxsize : 25
nodes : 230856267.000000
filtered : 10099459563.000000
time : 1570.740356
