Parameters: GAD=1 vflib=1 dir=0 label=0 lowerbound=1 fileNameGp=../graphsdb/mcs50/m4D/m4Dr4/mcs50_m4Dr4_s35.A55 fileNameGt=../graphsdb/mcs50/m4D/m4Dr4/mcs50_m4Dr4_s35.B55
Reading graphs...
35 :  75
35 :  74
Initializing...
maxdom : 35
D->valSize : 1225
Solving...
Blb : 2 (clique : 19)
currentSize : 19 <-- 0.020869 s
currentSize : 20 <-- 0.021050 s
currentSize : 21 <-- 0.021370 s
currentSize : 22 <-- 0.057487 s
currentSize : 23 <-- 0.094080 s
currentSize : 24 <-- 18.416908 s

maxsize : 24
nodes : 520220389.000000
filtered : 23464996863.000000
time : 3464.600342
