Parameters: GAD=1 vflib=1 dir=0 label=0 lowerbound=1 fileNameGp=../graphsdb/mcs50/rand/r005/mcs50_r005_s30.A77 fileNameGt=../graphsdb/mcs50/rand/r005/mcs50_r005_s30.B77
Reading graphs...
30 :  46
30 :  46
Initializing...
maxdom : 30
D->valSize : 900
Solving...
Blb : 5 (clique : 17)
currentSize : 17 <-- 0.011385 s
currentSize : 18 <-- 0.011509 s
currentSize : 19 <-- 0.011571 s
currentSize : 20 <-- 0.012003 s
currentSize : 21 <-- 0.018675 s
currentSize : 22 <-- 1.251643 s
currentSize : 23 <-- 23.975828 s

maxsize : 23
nodes : 9280091.000000
filtered : 336158462.000000
time : 52.416752
