Parameters: GAD=1 vflib=1 dir=0 label=0 lowerbound=1 fileNameGp=../graphsdb/mcs50/m2D/m2Dr4/mcs50_m2Dr4_s30.A96 fileNameGt=../graphsdb/mcs50/m2D/m2Dr4/mcs50_m2Dr4_s30.B96
Reading graphs...
30 :  59
30 :  60
Initializing...
maxdom : 30
D->valSize : 900
Solving...
Blb : 2 (clique : 17)
currentSize : 17 <-- 0.011016 s
currentSize : 18 <-- 0.011479 s
currentSize : 19 <-- 0.015589 s
currentSize : 20 <-- 0.275617 s
currentSize : 21 <-- 0.853260 s
currentSize : 22 <-- 161.079742 s

maxsize : 22
nodes : 33400842.000000
filtered : 1363313355.000000
time : 193.230957
