Parameters: GAD=1 vflib=1 dir=0 label=0 lowerbound=1 fileNameGp=../graphsdb/mcs50/m3D/m3Dr6/mcs50_m3Dr6_s20.A80 fileNameGt=../graphsdb/mcs50/m3D/m3Dr6/mcs50_m3Dr6_s20.B80
Reading graphs...
20 :  45
20 :  43
Initializing...
maxdom : 20
D->valSize : 400
Solving...
Blb : 2 (clique : 10)
currentSize : 10 <-- 0.002341 s
currentSize : 11 <-- 0.002503 s
currentSize : 12 <-- 0.002640 s
currentSize : 13 <-- 0.015089 s
currentSize : 14 <-- 0.157264 s

maxsize : 14
nodes : 92851.000000
filtered : 2023053.000000
time : 0.327494
