Parameters: GAD=1 vflib=1 dir=0 label=0 lowerbound=1 fileNameGp=../graphsdb/mcs50/m4D/m4Dr6/mcs50_m4Dr6_s35.A91 fileNameGt=../graphsdb/mcs50/m4D/m4Dr6/mcs50_m4Dr6_s35.B91
Reading graphs...
35 :  83
35 :  83
Initializing...
maxdom : 35
D->valSize : 1225
Solving...
Blb : 2 (clique : 17)
currentSize : 17 <-- 0.020390 s
currentSize : 18 <-- 0.020866 s
currentSize : 19 <-- 0.021618 s
currentSize : 20 <-- 0.021693 s
currentSize : 21 <-- 0.064613 s
currentSize : 22 <-- 0.522425 s
currentSize : 23 <-- 33.372173 s

maxsize : 23
nodes : 433651437.000000
filtered : 15742876841.000000
time : 2459.963867
