Parameters: GAD=1 vflib=1 dir=0 label=0 lowerbound=1 fileNameGp=../graphsdb/mcs50/rand/r01/mcs50_r01_s35.A24 fileNameGt=../graphsdb/mcs50/rand/r01/mcs50_r01_s35.B24
Reading graphs...
35 :  113
35 :  113
Initializing...
maxdom : 35
D->valSize : 1225
Solving...
Blb : 2 (clique : 15)
currentSize : 15 <-- 0.019507 s
currentSize : 16 <-- 0.019638 s
currentSize : 17 <-- 0.020167 s
currentSize : 18 <-- 0.045546 s
currentSize : 19 <-- 1.045403 s
currentSize : 20 <-- 325.432617 s

TIMEOUT
maxsize : 20
nodes : 762625913.000000
filtered : 19231212589.000000
time : 3600.000000
