Parameters: GAD=1 vflib=1 dir=0 label=0 lowerbound=1 fileNameGp=../graphsdb/mcs50/m4D/m4D/mcs50_m4D_s35.A91 fileNameGt=../graphsdb/mcs50/m4D/m4D/mcs50_m4D_s35.B91
Reading graphs...
35 :  63
35 :  63
Initializing...
maxdom : 35
D->valSize : 1225
Solving...
Blb : 2 (clique : 20)
currentSize : 20 <-- 0.020799 s
currentSize : 21 <-- 0.021118 s
currentSize : 22 <-- 2.222100 s
currentSize : 23 <-- 2.281292 s
currentSize : 24 <-- 2.283180 s
currentSize : 25 <-- 2.831603 s
currentSize : 26 <-- 56.125256 s
currentSize : 27 <-- 205.050430 s

maxsize : 27
nodes : 35822754.000000
filtered : 1792048790.000000
time : 261.602966
