Parameters: GAD=1 vflib=1 dir=0 label=0 lowerbound=1 fileNameGp=../graphsdb/mcs50/m2D/m2Dr6/mcs50_m2Dr6_s30.A69 fileNameGt=../graphsdb/mcs50/m2D/m2Dr6/mcs50_m2Dr6_s30.B69
Reading graphs...
30 :  66
30 :  65
Initializing...
maxdom : 30
D->valSize : 900
Solving...
Blb : 2 (clique : 15)
currentSize : 15 <-- 0.010854 s
currentSize : 17 <-- 0.010972 s
currentSize : 18 <-- 0.016416 s
currentSize : 19 <-- 0.020284 s
currentSize : 20 <-- 1.183911 s

maxsize : 20
nodes : 41321491.000000
filtered : 1347885338.000000
time : 215.401840
