Parameters: GAD=1 vflib=1 dir=0 label=0 lowerbound=1 fileNameGp=../graphsdb/mcs50/m4D/m4D/mcs50_m4D_s35.A68 fileNameGt=../graphsdb/mcs50/m4D/m4D/mcs50_m4D_s35.B68
Reading graphs...
35 :  63
35 :  62
Initializing...
maxdom : 35
D->valSize : 1225
Solving...
Blb : 2 (clique : 19)
currentSize : 19 <-- 0.034539 s
currentSize : 20 <-- 0.035292 s
currentSize : 21 <-- 0.035406 s
currentSize : 22 <-- 0.035952 s
currentSize : 23 <-- 0.035969 s
currentSize : 24 <-- 0.150312 s
currentSize : 25 <-- 0.402982 s
currentSize : 26 <-- 1.004731 s

maxsize : 26
nodes : 50445038.000000
filtered : 2731293518.000000
time : 369.967560
