Parameters: GAD=1 vflib=1 dir=0 label=0 lowerbound=1 fileNameGp=../graphsdb/mcs50/bvg/b06m/mcs50_b06m_s30.A93 fileNameGt=../graphsdb/mcs50/bvg/b06m/mcs50_b06m_s30.B93
Reading graphs...
30 :  87
30 :  88
Initializing...
maxdom : 30
D->valSize : 900
Solving...
Blb : 2 (clique : 14)
currentSize : 14 <-- 0.010226 s
currentSize : 15 <-- 0.011053 s
currentSize : 16 <-- 0.012620 s
currentSize : 17 <-- 0.162449 s
currentSize : 18 <-- 2.883460 s
currentSize : 19 <-- 23.044828 s
currentSize : 20 <-- 88.850883 s

maxsize : 20
nodes : 18822823.000000
filtered : 584590178.000000
time : 93.656334
