Parameters: GAD=1 vflib=1 dir=0 label=0 lowerbound=1 fileNameGp=../graphsdb/mcs50/rand/r01/mcs50_r01_s25.A90 fileNameGt=../graphsdb/mcs50/rand/r01/mcs50_r01_s25.B90
Reading graphs...
25 :  57
25 :  58
Initializing...
maxdom : 25
D->valSize : 625
Solving...
Blb : 2 (clique : 13)
currentSize : 13 <-- 0.005283 s
currentSize : 14 <-- 0.005434 s
currentSize : 15 <-- 0.009433 s
currentSize : 16 <-- 0.130276 s
currentSize : 17 <-- 21.335640 s

maxsize : 17
nodes : 6027223.000000
filtered : 123629510.000000
time : 23.280720
