Parameters: GAD=1 vflib=1 dir=0 label=0 lowerbound=1 fileNameGp=../graphsdb/mcs50/m4D/m4D/mcs50_m4D_s35.A43 fileNameGt=../graphsdb/mcs50/m4D/m4D/mcs50_m4D_s35.B43
Reading graphs...
35 :  63
35 :  63
Initializing...
maxdom : 35
D->valSize : 1225
Solving...
Blb : 2 (clique : 20)
currentSize : 20 <-- 0.021499 s
currentSize : 21 <-- 23.040752 s
currentSize : 22 <-- 23.434908 s
currentSize : 23 <-- 23.558615 s
currentSize : 24 <-- 24.140640 s
currentSize : 25 <-- 356.939758 s

maxsize : 25
nodes : 377736032.000000
filtered : 17652408504.000000
time : 2487.105713
