Parameters: GAD=1 vflib=1 dir=0 label=0 lowerbound=1 fileNameGp=../graphsdb/mcs50/bvg/b09m/mcs50_b09m_s30.A91 fileNameGt=../graphsdb/mcs50/bvg/b09m/mcs50_b09m_s30.B91
Reading graphs...
30 :  125
30 :  128
Initializing...
maxdom : 30
D->valSize : 900
Solving...
Blb : 2 (clique : 12)
currentSize : 12 <-- 0.016842 s
currentSize : 13 <-- 0.018184 s
currentSize : 14 <-- 0.018286 s
currentSize : 15 <-- 0.027175 s
currentSize : 16 <-- 1.046337 s

maxsize : 16
nodes : 50047778.000000
filtered : 1161898612.000000
time : 212.738083
