Parameters: GAD=1 vflib=1 dir=0 label=0 lowerbound=1 fileNameGp=../graphsdb/mcs50/bvg/b03m/mcs50_b03m_s35.A32 fileNameGt=../graphsdb/mcs50/bvg/b03m/mcs50_b03m_s35.B32
Reading graphs...
35 :  52
35 :  52
Initializing...
maxdom : 35
D->valSize : 1225
Solving...
Blb : 2 (clique : 21)
currentSize : 21 <-- 0.022247 s
currentSize : 22 <-- 0.023909 s
currentSize : 23 <-- 0.023983 s
currentSize : 24 <-- 0.086449 s
currentSize : 25 <-- 1.351475 s
currentSize : 26 <-- 2.475415 s
currentSize : 27 <-- 521.165466 s

maxsize : 27
nodes : 155884467.000000
filtered : 7953355428.000000
time : 1164.027588
