Parameters: GAD=1 vflib=1 dir=0 label=0 lowerbound=1 fileNameGp=../graphsdb/mcs50/m4D/m4D/mcs50_m4D_s30.A30 fileNameGt=../graphsdb/mcs50/m4D/m4D/mcs50_m4D_s30.B30
Reading graphs...
30 :  54
30 :  55
Initializing...
maxdom : 30
D->valSize : 900
Solving...
Blb : 2 (clique : 17)
currentSize : 17 <-- 0.011188 s
currentSize : 18 <-- 0.011315 s
currentSize : 19 <-- 0.011624 s
currentSize : 20 <-- 0.038391 s
currentSize : 21 <-- 0.502789 s
currentSize : 22 <-- 85.700462 s

maxsize : 22
nodes : 51117085.000000
filtered : 2410573686.000000
time : 325.258881
