Parameters: GAD=1 vflib=1 dir=0 label=0 lowerbound=1 fileNameGp=../graphsdb/mcs50/bvg/b09/mcs50_b09_s20.A53 fileNameGt=../graphsdb/mcs50/bvg/b09/mcs50_b09_s20.B53
Reading graphs...
20 :  89
20 :  86
Initializing...
maxdom : 20
D->valSize : 400
Solving...
Blb : 2 (clique : 9)
currentSize : 9 <-- 0.002284 s
currentSize : 10 <-- 0.002516 s
currentSize : 11 <-- 0.002567 s
currentSize : 12 <-- 0.002725 s
currentSize : 13 <-- 0.012152 s

maxsize : 13
nodes : 33159.000000
filtered : 839570.000000
time : 0.133313
