Parameters: GAD=1 vflib=1 dir=0 label=0 lowerbound=1 fileNameGp=../graphsdb/mcs50/m2D/m2Dr6/mcs50_m2Dr6_s30.A63 fileNameGt=../graphsdb/mcs50/m2D/m2Dr6/mcs50_m2Dr6_s30.B63
Reading graphs...
30 :  66
30 :  65
Initializing...
maxdom : 30
D->valSize : 900
Solving...
Blb : 2 (clique : 16)
currentSize : 16 <-- 0.018787 s
currentSize : 17 <-- 0.021404 s
currentSize : 18 <-- 0.022487 s
currentSize : 19 <-- 0.024057 s
currentSize : 20 <-- 0.028476 s

maxsize : 20
nodes : 39932629.000000
filtered : 1488951810.000000
time : 215.794891
