Parameters: GAD=1 vflib=1 dir=0 label=0 lowerbound=1 fileNameGp=../graphsdb/mcs50/bvg/b03m/mcs50_b03m_s25.A04 fileNameGt=../graphsdb/mcs50/bvg/b03m/mcs50_b03m_s25.B04
Reading graphs...
25 :  36
25 :  36
Initializing...
maxdom : 25
D->valSize : 625
Solving...
Blb : 2 (clique : 15)
currentSize : 15 <-- 0.005672 s
currentSize : 16 <-- 0.005775 s
currentSize : 17 <-- 0.007281 s
currentSize : 18 <-- 0.007869 s
currentSize : 19 <-- 0.347887 s

maxsize : 19
nodes : 1007917.000000
filtered : 37639970.000000
time : 5.491597
