Parameters: GAD=1 vflib=1 dir=0 label=0 lowerbound=1 fileNameGp=../graphsdb/mcs50/m2D/m2Dr6/mcs50_m2Dr6_s30.A20 fileNameGt=../graphsdb/mcs50/m2D/m2Dr6/mcs50_m2Dr6_s30.B20
Reading graphs...
30 :  67
30 :  65
Initializing...
maxdom : 30
D->valSize : 900
Solving...
Blb : 2 (clique : 15)
currentSize : 15 <-- 0.018646 s
currentSize : 16 <-- 0.018825 s
currentSize : 17 <-- 0.019787 s
currentSize : 18 <-- 0.026795 s
currentSize : 19 <-- 0.075198 s
currentSize : 20 <-- 0.611493 s

maxsize : 20
nodes : 19118188.000000
filtered : 550281518.000000
time : 91.309486
