Parameters: GAD=1 vflib=1 dir=0 label=0 lowerbound=1 fileNameGp=../graphsdb/mcs50/m4D/m4Dr4/mcs50_m4Dr4_s35.A97 fileNameGt=../graphsdb/mcs50/m4D/m4Dr4/mcs50_m4Dr4_s35.B97
Reading graphs...
35 :  76
35 :  77
Initializing...
maxdom : 35
D->valSize : 1225
Solving...
Blb : 2 (clique : 17)
currentSize : 17 <-- 0.020597 s
currentSize : 18 <-- 0.021172 s
currentSize : 19 <-- 0.023797 s
currentSize : 20 <-- 0.035851 s
currentSize : 21 <-- 0.366992 s
currentSize : 22 <-- 0.392911 s
currentSize : 23 <-- 172.690201 s
currentSize : 24 <-- 317.620789 s
currentSize : 25 <-- 1664.128540 s

maxsize : 25
nodes : 281862585.000000
filtered : 12969796935.000000
time : 1856.976562
