Parameters: GAD=1 vflib=1 dir=0 label=0 lowerbound=1 fileNameGp=../graphsdb/mcs50/bvg/b06/mcs50_b06_s35.A79 fileNameGt=../graphsdb/mcs50/bvg/b06/mcs50_b06_s35.B79
Reading graphs...
35 :  102
35 :  105
Initializing...
maxdom : 35
D->valSize : 1225
Solving...
Blb : 5 (clique : 16)
currentSize : 16 <-- 0.020376 s
currentSize : 17 <-- 0.035752 s
currentSize : 18 <-- 0.042294 s
currentSize : 19 <-- 1.216424 s
currentSize : 20 <-- 11.975159 s
currentSize : 21 <-- 12.660615 s
currentSize : 22 <-- 80.810814 s

maxsize : 22
nodes : 269239095.000000
filtered : 12331924146.000000
time : 1708.606689
