Parameters: GAD=1 vflib=1 dir=0 label=0 lowerbound=1 fileNameGp=../graphsdb/mcs50/bvg/b06/mcs50_b06_s35.A35 fileNameGt=../graphsdb/mcs50/bvg/b06/mcs50_b06_s35.B35
Reading graphs...
35 :  104
35 :  102
Initializing...
maxdom : 35
D->valSize : 1225
Solving...
Blb : 2 (clique : 16)
currentSize : 16 <-- 0.033853 s
currentSize : 17 <-- 0.034084 s
currentSize : 18 <-- 0.046411 s
currentSize : 19 <-- 0.077830 s
currentSize : 20 <-- 4.968702 s
currentSize : 21 <-- 234.549133 s
currentSize : 22 <-- 1811.795166 s
currentSize : 23 <-- 3188.021729 s

maxsize : 23
nodes : 556944756.000000
filtered : 21967277967.000000
time : 3219.433838
