Parameters: GAD=1 vflib=1 dir=0 label=0 lowerbound=1 fileNameGp=../graphsdb/mcs50/m2D/m2D/mcs50_m2D_s30.A01 fileNameGt=../graphsdb/mcs50/m2D/m2D/mcs50_m2D_s30.B01
Reading graphs...
30 :  47
30 :  49
Initializing...
maxdom : 30
D->valSize : 900
Solving...
Blb : 2 (clique : 19)
currentSize : 19 <-- 0.011500 s
currentSize : 20 <-- 0.011737 s
currentSize : 21 <-- 0.011794 s
currentSize : 22 <-- 0.011906 s
currentSize : 23 <-- 15.122799 s

maxsize : 23
nodes : 5086039.000000
filtered : 215123947.000000
time : 31.586081
