Parameters: GAD=1 vflib=1 dir=0 label=0 lowerbound=1 fileNameGp=../graphsdb/mcs50/bvg/b09/mcs50_b09_s35.A01 fileNameGt=../graphsdb/mcs50/bvg/b09/mcs50_b09_s35.B01
Reading graphs...
35 :  152
35 :  152
Initializing...
maxdom : 35
D->valSize : 1225
Solving...
Blb : 2 (clique : 14)
currentSize : 14 <-- 0.018581 s
currentSize : 15 <-- 0.025929 s
currentSize : 16 <-- 0.026678 s
currentSize : 17 <-- 0.523282 s
currentSize : 18 <-- 4.982413 s
currentSize : 19 <-- 8.010586 s
currentSize : 21 <-- 8.624292 s

maxsize : 21
nodes : 36108255.000000
filtered : 1469731615.000000
time : 218.812622
