Parameters: GAD=1 vflib=1 dir=0 label=0 lowerbound=1 fileNameGp=../graphsdb/mcs50/m2D/m2D/mcs50_m2D_s30.A16 fileNameGt=../graphsdb/mcs50/m2D/m2D/mcs50_m2D_s30.B16
Reading graphs...
30 :  49
30 :  49
Initializing...
maxdom : 30
D->valSize : 900
Solving...
Blb : 2 (clique : 18)
currentSize : 18 <-- 0.011315 s
currentSize : 19 <-- 0.262602 s
currentSize : 20 <-- 0.391490 s
currentSize : 21 <-- 0.708237 s
currentSize : 22 <-- 2.630804 s

maxsize : 22
nodes : 18629800.000000
filtered : 625584638.000000
time : 98.468658
