Parameters: GAD=1 vflib=1 dir=0 label=0 lowerbound=1 fileNameGp=../graphsdb/mcs50/bvg/b06m/mcs50_b06m_s30.A76 fileNameGt=../graphsdb/mcs50/bvg/b06m/mcs50_b06m_s30.B76
Reading graphs...
30 :  83
30 :  86
Initializing...
maxdom : 30
D->valSize : 900
Solving...
Blb : 5 (clique : 15)
currentSize : 15 <-- 0.010349 s
currentSize : 16 <-- 0.010474 s
currentSize : 17 <-- 0.012737 s
currentSize : 18 <-- 0.289950 s
currentSize : 19 <-- 48.420376 s

maxsize : 19
nodes : 41964181.000000
filtered : 1403252211.000000
time : 213.188583
