Parameters: GAD=1 vflib=1 dir=0 label=0 lowerbound=1 fileNameGp=../graphsdb/mcs50/rand/r01/mcs50_r01_s30.A67 fileNameGt=../graphsdb/mcs50/rand/r01/mcs50_r01_s30.B67
Reading graphs...
30 :  78
30 :  83
Initializing...
maxdom : 30
D->valSize : 900
Solving...
Blb : 2 (clique : 15)
currentSize : 15 <-- 0.018609 s
currentSize : 16 <-- 0.032506 s
currentSize : 17 <-- 0.108821 s
currentSize : 18 <-- 1.273218 s
currentSize : 19 <-- 156.598618 s

maxsize : 19
nodes : 59049679.000000
filtered : 1592110854.000000
time : 276.880524
