Parameters: GAD=1 vflib=1 dir=0 label=0 lowerbound=1 fileNameGp=../graphsdb/mcs50/bvg/b06m/mcs50_b06m_s30.A59 fileNameGt=../graphsdb/mcs50/bvg/b06m/mcs50_b06m_s30.B59
Reading graphs...
30 :  82
30 :  84
Initializing...
maxdom : 30
D->valSize : 900
Solving...
Blb : 2 (clique : 15)
currentSize : 15 <-- 0.010588 s
currentSize : 16 <-- 0.026085 s
currentSize : 17 <-- 0.032252 s
currentSize : 18 <-- 0.732621 s
currentSize : 19 <-- 0.779234 s

maxsize : 19
nodes : 14684889.000000
filtered : 462634185.000000
time : 73.182571
