Parameters: GAD=1 vflib=1 dir=0 label=0 lowerbound=1 fileNameGp=../graphsdb/mcs50/m2D/m2Dr6/mcs50_m2Dr6_s20.A65 fileNameGt=../graphsdb/mcs50/m2D/m2Dr6/mcs50_m2Dr6_s20.B65
Reading graphs...
20 :  39
20 :  38
Initializing...
maxdom : 20
D->valSize : 400
Solving...
Blb : 3 (clique : 10)
currentSize : 10 <-- 0.002332 s
currentSize : 11 <-- 0.002393 s
currentSize : 12 <-- 0.002435 s
currentSize : 13 <-- 0.002499 s
currentSize : 14 <-- 0.015683 s

maxsize : 14
nodes : 106423.000000
filtered : 1769778.000000
time : 0.342793
