Parameters: GAD=1 vflib=1 dir=0 label=0 lowerbound=1 fileNameGp=../graphsdb/mcs50/bvg/b06/mcs50_b06_s20.A78 fileNameGt=../graphsdb/mcs50/bvg/b06/mcs50_b06_s20.B78
Reading graphs...
20 :  58
20 :  59
Initializing...
maxdom : 20
D->valSize : 400
Solving...
Blb : 2 (clique : 10)
currentSize : 10 <-- 0.002493 s
currentSize : 11 <-- 0.003776 s
currentSize : 12 <-- 0.004231 s
currentSize : 13 <-- 0.039860 s
currentSize : 14 <-- 0.185157 s

maxsize : 14
nodes : 64764.000000
filtered : 1246753.000000
time : 0.224372
