Parameters: GAD=1 vflib=1 dir=0 label=0 lowerbound=1 fileNameGp=../graphsdb/mcs50/m4D/m4Dr2/mcs50_m4Dr2_s35.A21 fileNameGt=../graphsdb/mcs50/m4D/m4Dr2/mcs50_m4Dr2_s35.B21
Reading graphs...
35 :  70
35 :  70
Initializing...
maxdom : 35
D->valSize : 1225
Solving...
Blb : 2 (clique : 18)
currentSize : 18 <-- 0.035720 s
currentSize : 19 <-- 0.035949 s
currentSize : 20 <-- 0.058279 s
currentSize : 21 <-- 0.115699 s
currentSize : 22 <-- 0.333253 s
currentSize : 23 <-- 3.229996 s
currentSize : 24 <-- 7.098296 s
currentSize : 25 <-- 191.275925 s

maxsize : 25
nodes : 296893125.000000
filtered : 15091761094.000000
time : 2231.234131
