Parameters: GAD=1 vflib=1 dir=0 label=0 lowerbound=1 fileNameGp=../graphsdb/mcs50/m3D/m3Dr2/mcs50_m3Dr2_s15.A72 fileNameGt=../graphsdb/mcs50/m3D/m3Dr2/mcs50_m3Dr2_s15.B72
Reading graphs...
15 :  29
15 :  29
Initializing...
maxdom : 15
D->valSize : 225
Solving...
Blb : 2 (clique : 7)
currentSize : 7 <-- 0.000944 s
currentSize : 8 <-- 0.000977 s
currentSize : 9 <-- 0.001028 s
currentSize : 10 <-- 0.002540 s
currentSize : 11 <-- 0.007667 s

maxsize : 11
nodes : 6483.000000
filtered : 69436.000000
time : 0.016413
