Parameters: GAD=1 vflib=1 dir=0 label=0 lowerbound=1 fileNameGp=../graphsdb/mcs50/bvg/b09m/mcs50_b09m_s25.A53 fileNameGt=../graphsdb/mcs50/bvg/b09m/mcs50_b09m_s25.B53
Reading graphs...
25 :  104
25 :  104
Initializing...
maxdom : 25
D->valSize : 625
Solving...
Blb : 2 (clique : 10)
currentSize : 10 <-- 0.007985 s
currentSize : 11 <-- 0.009771 s
currentSize : 12 <-- 0.020278 s
currentSize : 13 <-- 0.077591 s
currentSize : 14 <-- 0.773188 s

maxsize : 14
nodes : 2112336.000000
filtered : 37358085.000000
time : 7.407063
