Parameters: GAD=1 vflib=1 dir=0 label=0 lowerbound=1 fileNameGp=../graphsdb/mcs50/bvg/b06m/mcs50_b06m_s30.A58 fileNameGt=../graphsdb/mcs50/bvg/b06m/mcs50_b06m_s30.B58
Reading graphs...
30 :  89
30 :  89
Initializing...
maxdom : 30
D->valSize : 900
Solving...
Blb : 2 (clique : 14)
currentSize : 14 <-- 0.018036 s
currentSize : 15 <-- 0.019096 s
currentSize : 16 <-- 0.019893 s
currentSize : 17 <-- 0.128357 s
currentSize : 18 <-- 0.495583 s

maxsize : 18
nodes : 42009462.000000
filtered : 1182980112.000000
time : 194.662827
