Parameters: GAD=1 vflib=1 dir=0 label=0 lowerbound=1 fileNameGp=../graphsdb/mcs50/bvg/b09m/mcs50_b09m_s35.A07 fileNameGt=../graphsdb/mcs50/bvg/b09m/mcs50_b09m_s35.B07
Reading graphs...
35 :  148
35 :  148
Initializing...
maxdom : 35
D->valSize : 1225
Solving...
Blb : 5 (clique : 13)
currentSize : 13 <-- 0.018961 s
currentSize : 14 <-- 0.019154 s
currentSize : 15 <-- 0.019165 s
currentSize : 16 <-- 0.023353 s
currentSize : 17 <-- 0.657554 s
currentSize : 18 <-- 30.221495 s
currentSize : 19 <-- 404.909393 s

maxsize : 19
nodes : 337916126.000000
filtered : 9761454894.000000
time : 1696.232056
