Parameters: GAD=1 vflib=1 dir=0 label=0 lowerbound=1 fileNameGp=../graphsdb/mcs50/rand/r01/mcs50_r01_s30.A51 fileNameGt=../graphsdb/mcs50/rand/r01/mcs50_r01_s30.B51
Reading graphs...
30 :  83
30 :  84
Initializing...
maxdom : 30
D->valSize : 900
Solving...
Blb : 2 (clique : 13)
currentSize : 13 <-- 0.018275 s
currentSize : 14 <-- 0.018505 s
currentSize : 15 <-- 0.019942 s
currentSize : 16 <-- 0.037988 s
currentSize : 17 <-- 0.085226 s
currentSize : 18 <-- 0.677604 s

maxsize : 18
nodes : 51816416.000000
filtered : 1348707583.000000
time : 234.243637
