Parameters: GAD=1 vflib=1 dir=0 label=0 lowerbound=1 fileNameGp=../graphsdb/mcs50/bvg/b03/mcs50_b03_s35.A10 fileNameGt=../graphsdb/mcs50/bvg/b03/mcs50_b03_s35.B10
Reading graphs...
35 :  52
35 :  51
Initializing...
maxdom : 35
D->valSize : 1225
Solving...
Blb : 2 (clique : 21)
currentSize : 21 <-- 0.021446 s
currentSize : 22 <-- 0.021637 s
currentSize : 23 <-- 0.025468 s
currentSize : 24 <-- 0.027937 s
currentSize : 25 <-- 2.272606 s
currentSize : 26 <-- 2.710029 s
currentSize : 27 <-- 1942.640259 s

maxsize : 27
nodes : 352780485.000000
filtered : 15897289651.000000
time : 2419.252197
