Parameters: GAD=1 vflib=1 dir=0 label=0 lowerbound=1 fileNameGp=../graphsdb/mcs50/m2D/m2Dr2/mcs50_m2Dr2_s20.A40 fileNameGt=../graphsdb/mcs50/m2D/m2Dr2/mcs50_m2Dr2_s20.B40
Reading graphs...
20 :  35
20 :  35
Initializing...
maxdom : 20
D->valSize : 400
Solving...
Blb : 2 (clique : 10)
currentSize : 10 <-- 0.002368 s
currentSize : 11 <-- 0.002461 s
currentSize : 12 <-- 0.002509 s
currentSize : 13 <-- 0.005046 s
currentSize : 14 <-- 0.005447 s
currentSize : 15 <-- 0.146020 s

maxsize : 15
nodes : 45224.000000
filtered : 979875.000000
time : 0.243881
