Parameters: GAD=1 vflib=1 dir=0 label=0 lowerbound=1 fileNameGp=../graphsdb/mcs50/bvg/b06m/mcs50_b06m_s35.A31 fileNameGt=../graphsdb/mcs50/bvg/b06m/mcs50_b06m_s35.B31
Reading graphs...
35 :  103
35 :  102
Initializing...
maxdom : 35
D->valSize : 1225
Solving...
Blb : 5 (clique : 16)
currentSize : 16 <-- 0.034110 s
currentSize : 17 <-- 0.034362 s
currentSize : 18 <-- 0.034446 s
currentSize : 19 <-- 0.037728 s
currentSize : 20 <-- 0.571369 s
currentSize : 21 <-- 61.966671 s

TIMEOUT
maxsize : 21
nodes : 652597957.000000
filtered : 23333735633.000000
time : 3600.000000
