Parameters: GAD=1 vflib=1 dir=0 label=0 lowerbound=1 fileNameGp=../graphsdb/mcs50/rand/r02/mcs50_r02_s35.A54 fileNameGt=../graphsdb/mcs50/rand/r02/mcs50_r02_s35.B54
Reading graphs...
35 :  210
35 :  209
Initializing...
maxdom : 35
D->valSize : 1225
Solving...
Blb : 5 (clique : 11)
currentSize : 11 <-- 0.017756 s
currentSize : 12 <-- 0.018170 s
currentSize : 13 <-- 0.024985 s
currentSize : 14 <-- 0.055252 s
currentSize : 15 <-- 9.080855 s
currentSize : 16 <-- 1896.186279 s
currentSize : 17 <-- 1904.944580 s

maxsize : 17
nodes : 734785022.000000
filtered : 10816610763.000000
time : 2816.387207
