Parameters: GAD=1 vflib=1 dir=0 label=0 lowerbound=1 fileNameGp=../graphsdb/mcs50/rand/r01/mcs50_r01_s30.A42 fileNameGt=../graphsdb/mcs50/rand/r01/mcs50_r01_s30.B42
Reading graphs...
30 :  82
30 :  82
Initializing...
maxdom : 30
D->valSize : 900
Solving...
Blb : 2 (clique : 15)
currentSize : 15 <-- 0.018424 s
currentSize : 16 <-- 0.018602 s
currentSize : 17 <-- 0.019500 s
currentSize : 18 <-- 0.399901 s
currentSize : 19 <-- 100.337898 s

maxsize : 19
nodes : 37636408.000000
filtered : 1026349611.000000
time : 173.505600
