Parameters: GAD=1 vflib=1 dir=0 label=0 lowerbound=1 fileNameGp=../graphsdb/mcs50/bvg/b09/mcs50_b09_s35.A46 fileNameGt=../graphsdb/mcs50/bvg/b09/mcs50_b09_s35.B46
Reading graphs...
35 :  157
35 :  154
Initializing...
maxdom : 35
D->valSize : 1225
Solving...
Blb : 2 (clique : 13)
currentSize : 13 <-- 0.019017 s
currentSize : 14 <-- 0.019238 s
currentSize : 15 <-- 0.019444 s
currentSize : 16 <-- 0.110039 s
currentSize : 17 <-- 0.128794 s
currentSize : 18 <-- 5.712162 s
currentSize : 19 <-- 9.937081 s
currentSize : 20 <-- 111.437294 s

maxsize : 20
nodes : 90764508.000000
filtered : 3156826287.000000
time : 496.683960
