Parameters: GAD=1 vflib=1 dir=0 label=0 lowerbound=1 fileNameGp=../graphsdb/mcs50/bvg/b03/mcs50_b03_s35.A59 fileNameGt=../graphsdb/mcs50/bvg/b03/mcs50_b03_s35.B59
Reading graphs...
35 :  51
35 :  52
Initializing...
maxdom : 35
D->valSize : 1225
Solving...
Blb : 2 (clique : 21)
currentSize : 21 <-- 0.021643 s
currentSize : 22 <-- 0.173563 s
currentSize : 23 <-- 0.350666 s
currentSize : 24 <-- 0.353428 s
currentSize : 25 <-- 1.530005 s
currentSize : 26 <-- 23.505871 s
currentSize : 27 <-- 67.073509 s

maxsize : 27
nodes : 93913447.000000
filtered : 4341729316.000000
time : 689.782227
