Parameters: GAD=1 vflib=1 dir=0 label=0 lowerbound=1 fileNameGp=../graphsdb/mcs50/bvg/b09/mcs50_b09_s30.A91 fileNameGt=../graphsdb/mcs50/bvg/b09/mcs50_b09_s30.B91
Reading graphs...
30 :  131
30 :  130
Initializing...
maxdom : 30
D->valSize : 900
Solving...
Blb : 2 (clique : 11)
currentSize : 11 <-- 0.009861 s
currentSize : 12 <-- 0.010196 s
currentSize : 13 <-- 0.010365 s
currentSize : 14 <-- 0.012145 s
currentSize : 15 <-- 0.038580 s
currentSize : 16 <-- 1.140087 s

maxsize : 16
nodes : 41025973.000000
filtered : 906770438.000000
time : 170.727631
