Parameters: GAD=1 vflib=1 dir=0 label=0 lowerbound=1 fileNameGp=../graphsdb/mcs50/bvg/b09/mcs50_b09_s35.A27 fileNameGt=../graphsdb/mcs50/bvg/b09/mcs50_b09_s35.B27
Reading graphs...
35 :  153
35 :  154
Initializing...
maxdom : 35
D->valSize : 1225
Solving...
Blb : 2 (clique : 13)
currentSize : 13 <-- 0.018309 s
currentSize : 14 <-- 0.018615 s
currentSize : 15 <-- 0.025235 s
currentSize : 16 <-- 0.041037 s
currentSize : 17 <-- 0.084837 s
currentSize : 18 <-- 27.338900 s
currentSize : 19 <-- 41.300327 s
currentSize : 20 <-- 175.402374 s

maxsize : 20
nodes : 99582525.000000
filtered : 2754928890.000000
time : 494.636444
