Parameters: GAD=1 vflib=1 dir=0 label=0 lowerbound=1 fileNameGp=../graphsdb/mcs50/rand/r005/mcs50_r005_s25.A88 fileNameGt=../graphsdb/mcs50/rand/r005/mcs50_r005_s25.B88
Reading graphs...
25 :  35
25 :  34
Initializing...
maxdom : 25
D->valSize : 625
Solving...
Blb : 2 (clique : 15)
currentSize : 15 <-- 0.005747 s
currentSize : 16 <-- 0.005926 s
currentSize : 17 <-- 0.015764 s
currentSize : 18 <-- 0.306575 s
currentSize : 19 <-- 0.495601 s

maxsize : 19
nodes : 1871729.000000
filtered : 57407286.000000
time : 8.673737
