Parameters: GAD=1 vflib=1 dir=0 label=0 lowerbound=1 fileNameGp=../graphsdb/mcs50/m4D/m4Dr2/mcs50_m4Dr2_s30.A31 fileNameGt=../graphsdb/mcs50/m4D/m4Dr2/mcs50_m4Dr2_s30.B31
Reading graphs...
30 :  60
30 :  61
Initializing...
maxdom : 30
D->valSize : 900
Solving...
Blb : 2 (clique : 16)
currentSize : 16 <-- 0.011042 s
currentSize : 17 <-- 0.040289 s
currentSize : 18 <-- 0.043877 s
currentSize : 19 <-- 1.097566 s
currentSize : 20 <-- 1.331979 s
currentSize : 21 <-- 1.390704 s
currentSize : 22 <-- 1.555630 s

maxsize : 22
nodes : 4581877.000000
filtered : 187433567.000000
time : 27.084772
