Parameters: GAD=1 vflib=1 dir=0 label=0 lowerbound=1 fileNameGp=../graphsdb/mcs50/rand/r01/mcs50_r01_s30.A25 fileNameGt=../graphsdb/mcs50/rand/r01/mcs50_r01_s30.B25
Reading graphs...
30 :  86
30 :  82
Initializing...
maxdom : 30
D->valSize : 900
Solving...
Blb : 2 (clique : 13)
currentSize : 13 <-- 0.018344 s
currentSize : 14 <-- 0.018537 s
currentSize : 15 <-- 0.018596 s
currentSize : 16 <-- 0.021604 s
currentSize : 17 <-- 0.133230 s
currentSize : 18 <-- 15.548192 s

maxsize : 18
nodes : 88712992.000000
filtered : 2210911917.000000
time : 389.899750
