Parameters: GAD=1 vflib=1 dir=0 label=0 lowerbound=1 fileNameGp=../graphsdb/mcs50/bvg/b09/mcs50_b09_s30.A92 fileNameGt=../graphsdb/mcs50/bvg/b09/mcs50_b09_s30.B92
Reading graphs...
30 :  132
30 :  132
Initializing...
maxdom : 30
D->valSize : 900
Solving...
Blb : 2 (clique : 12)
currentSize : 12 <-- 0.016806 s
currentSize : 13 <-- 0.017269 s
currentSize : 14 <-- 0.019391 s
currentSize : 15 <-- 0.059917 s
currentSize : 16 <-- 1.604844 s
currentSize : 17 <-- 78.677841 s

maxsize : 17
nodes : 27014198.000000
filtered : 553448002.000000
time : 110.206978
