Parameters: GAD=1 vflib=1 dir=0 label=0 lowerbound=1 fileNameGp=../graphsdb/mcs50/bvg/b09m/mcs50_b09m_s30.A50 fileNameGt=../graphsdb/mcs50/bvg/b09m/mcs50_b09m_s30.B50
Reading graphs...
30 :  129
30 :  129
Initializing...
maxdom : 30
D->valSize : 900
Solving...
Blb : 2 (clique : 12)
currentSize : 12 <-- 0.009812 s
currentSize : 13 <-- 0.009938 s
currentSize : 14 <-- 0.022162 s
currentSize : 15 <-- 0.204695 s
currentSize : 16 <-- 3.674456 s

maxsize : 16
nodes : 30565709.000000
filtered : 626088806.000000
time : 123.549553
