Parameters: GAD=1 vflib=1 dir=0 label=0 lowerbound=1 fileNameGp=../graphsdb/mcs50/bvg/b09m/mcs50_b09m_s20.A80 fileNameGt=../graphsdb/mcs50/bvg/b09m/mcs50_b09m_s20.B80
Reading graphs...
20 :  76
20 :  79
Initializing...
maxdom : 20
D->valSize : 400
Solving...
Blb : 2 (clique : 8)
currentSize : 8 <-- 0.002074 s
currentSize : 9 <-- 0.002129 s
currentSize : 10 <-- 0.002137 s
currentSize : 11 <-- 0.005450 s
currentSize : 12 <-- 0.437282 s

maxsize : 12
nodes : 217851.000000
filtered : 3063992.000000
time : 0.712137
