Parameters: GAD=1 vflib=1 dir=0 label=0 lowerbound=1 fileNameGp=../graphsdb/mcs50/rand/r02/mcs50_r02_s35.A91 fileNameGt=../graphsdb/mcs50/rand/r02/mcs50_r02_s35.B91
Reading graphs...
35 :  212
35 :  212
Initializing...
maxdom : 35
D->valSize : 1225
Solving...
Blb : 2 (clique : 10)
currentSize : 10 <-- 0.017425 s
currentSize : 11 <-- 0.017632 s
currentSize : 12 <-- 0.018239 s
currentSize : 13 <-- 0.028668 s
currentSize : 14 <-- 0.073377 s
currentSize : 15 <-- 37.993191 s
currentSize : 16 <-- 1217.411865 s
currentSize : 17 <-- 2970.546875 s

maxsize : 17
nodes : 827450793.000000
filtered : 12000592618.000000
time : 3133.882812
