Parameters: GAD=1 vflib=1 dir=0 label=0 lowerbound=1 fileNameGp=../graphsdb/mcs50/bvg/b09/mcs50_b09_s30.A71 fileNameGt=../graphsdb/mcs50/bvg/b09/mcs50_b09_s30.B71
Reading graphs...
30 :  132
30 :  130
Initializing...
maxdom : 30
D->valSize : 900
Solving...
Blb : 2 (clique : 12)
currentSize : 12 <-- 0.009837 s
currentSize : 13 <-- 0.016337 s
currentSize : 14 <-- 0.029821 s
currentSize : 15 <-- 0.099828 s
currentSize : 16 <-- 0.698938 s
currentSize : 17 <-- 1.222618 s

maxsize : 17
nodes : 12188367.000000
filtered : 295987153.000000
time : 53.869499
