Parameters: GAD=1 vflib=1 dir=0 label=0 lowerbound=1 fileNameGp=../graphsdb/mcs50/bvg/b06/mcs50_b06_s25.A54 fileNameGt=../graphsdb/mcs50/bvg/b06/mcs50_b06_s25.B54
Reading graphs...
25 :  74
25 :  73
Initializing...
maxdom : 25
D->valSize : 625
Solving...
Blb : 2 (clique : 11)
currentSize : 11 <-- 0.005051 s
currentSize : 12 <-- 0.005546 s
currentSize : 13 <-- 0.006345 s
currentSize : 14 <-- 0.015989 s
currentSize : 15 <-- 0.281348 s
currentSize : 16 <-- 1.546217 s

maxsize : 16
nodes : 1342802.000000
filtered : 32329327.000000
time : 5.495493
