Parameters: GAD=1 vflib=1 dir=0 label=0 lowerbound=1 fileNameGp=../graphsdb/mcs50/m2D/m2D/mcs50_m2D_s30.A78 fileNameGt=../graphsdb/mcs50/m2D/m2D/mcs50_m2D_s30.B78
Reading graphs...
30 :  49
30 :  48
Initializing...
maxdom : 30
D->valSize : 900
Solving...
Blb : 5 (clique : 18)
currentSize : 18 <-- 0.019674 s
currentSize : 19 <-- 0.180819 s
currentSize : 20 <-- 0.189832 s
currentSize : 21 <-- 0.202636 s
currentSize : 22 <-- 3.132112 s
currentSize : 23 <-- 28.051666 s

maxsize : 23
nodes : 6789590.000000
filtered : 222686986.000000
time : 37.063873
