Parameters: GAD=1 vflib=1 dir=0 label=0 lowerbound=1 fileNameGp=../graphsdb/mcs50/m4D/m4Dr2/mcs50_m4Dr2_s35.A51 fileNameGt=../graphsdb/mcs50/m4D/m4Dr2/mcs50_m4Dr2_s35.B51
Reading graphs...
35 :  68
35 :  69
Initializing...
maxdom : 35
D->valSize : 1225
Solving...
Blb : 2 (clique : 19)
currentSize : 19 <-- 0.021146 s
currentSize : 20 <-- 0.021758 s
currentSize : 21 <-- 0.085328 s
currentSize : 22 <-- 0.094092 s
currentSize : 23 <-- 0.094919 s
currentSize : 24 <-- 5.991590 s
currentSize : 25 <-- 1745.812378 s

TIMEOUT
maxsize : 25
nodes : 483935528.000000
filtered : 29503679073.000000
time : 3600.000000
