Parameters: GAD=1 vflib=1 dir=0 label=0 lowerbound=1 fileNameGp=../graphsdb/mcs50/m2D/m2Dr6/mcs50_m2Dr6_s30.A75 fileNameGt=../graphsdb/mcs50/m2D/m2Dr6/mcs50_m2Dr6_s30.B75
Reading graphs...
30 :  67
30 :  66
Initializing...
maxdom : 30
D->valSize : 900
Solving...
Blb : 2 (clique : 16)
currentSize : 16 <-- 0.010797 s
currentSize : 17 <-- 0.011031 s
currentSize : 18 <-- 0.017864 s
currentSize : 19 <-- 0.037478 s
currentSize : 20 <-- 13.900608 s
currentSize : 21 <-- 58.400986 s

maxsize : 21
nodes : 19819022.000000
filtered : 740095434.000000
time : 110.710571
