Parameters: GAD=1 vflib=1 dir=0 label=0 lowerbound=1 fileNameGp=../graphsdb/mcs50/bvg/b06/mcs50_b06_s30.A15 fileNameGt=../graphsdb/mcs50/bvg/b06/mcs50_b06_s30.B15
Reading graphs...
30 :  90
30 :  88
Initializing...
maxdom : 30
D->valSize : 900
Solving...
Blb : 2 (clique : 13)
currentSize : 13 <-- 0.011138 s
currentSize : 14 <-- 0.011245 s
currentSize : 15 <-- 0.011264 s
currentSize : 16 <-- 0.011311 s
currentSize : 17 <-- 0.050192 s
currentSize : 18 <-- 0.220105 s
currentSize : 19 <-- 15.826250 s

maxsize : 19
nodes : 11772522.000000
filtered : 332822691.000000
time : 55.797066
