Parameters: GAD=1 vflib=1 dir=0 label=0 lowerbound=1 fileNameGp=../graphsdb/mcs50/rand/r005/mcs50_r005_s30.A52 fileNameGt=../graphsdb/mcs50/rand/r005/mcs50_r005_s30.B52
Reading graphs...
30 :  47
30 :  46
Initializing...
maxdom : 30
D->valSize : 900
Solving...
Blb : 2 (clique : 17)
currentSize : 17 <-- 0.012270 s
currentSize : 18 <-- 0.023636 s
currentSize : 19 <-- 0.081124 s
currentSize : 20 <-- 0.162634 s
currentSize : 21 <-- 0.182444 s
currentSize : 22 <-- 0.520711 s
currentSize : 23 <-- 28.039251 s

maxsize : 23
nodes : 7795745.000000
filtered : 319192734.000000
time : 45.375546
