Parameters: GAD=1 vflib=1 dir=0 label=0 lowerbound=1 fileNameGp=../graphsdb/mcs50/bvg/b09/mcs50_b09_s30.A49 fileNameGt=../graphsdb/mcs50/bvg/b09/mcs50_b09_s30.B49
Reading graphs...
30 :  132
30 :  131
Initializing...
maxdom : 30
D->valSize : 900
Solving...
Blb : 2 (clique : 12)
currentSize : 12 <-- 0.009880 s
currentSize : 13 <-- 0.010281 s
currentSize : 14 <-- 0.011300 s
currentSize : 15 <-- 0.011363 s
currentSize : 16 <-- 2.993684 s

maxsize : 16
nodes : 42596552.000000
filtered : 854724619.000000
time : 170.620636
