Parameters: GAD=1 vflib=1 dir=0 label=0 lowerbound=1 fileNameGp=../graphsdb/mcs50/m2D/m2D/mcs50_m2D_s30.A73 fileNameGt=../graphsdb/mcs50/m2D/m2D/mcs50_m2D_s30.B73
Reading graphs...
30 :  48
30 :  49
Initializing...
maxdom : 30
D->valSize : 900
Solving...
Blb : 2 (clique : 17)
currentSize : 17 <-- 0.019728 s
currentSize : 19 <-- 0.019928 s
currentSize : 20 <-- 0.020443 s
currentSize : 21 <-- 0.048120 s
currentSize : 22 <-- 10.394950 s

maxsize : 22
nodes : 247671976.000000
filtered : 9173943586.000000
time : 1463.864136
