Parameters: GAD=1 vflib=1 dir=0 label=0 lowerbound=1 fileNameGp=../graphsdb/mcs50/m2D/m2Dr4/mcs50_m2Dr4_s20.A39 fileNameGt=../graphsdb/mcs50/m2D/m2Dr4/mcs50_m2Dr4_s20.B39
Reading graphs...
20 :  37
20 :  37
Initializing...
maxdom : 20
D->valSize : 400
Solving...
Blb : 2 (clique : 10)
currentSize : 10 <-- 0.002295 s
currentSize : 11 <-- 0.002347 s
currentSize : 12 <-- 0.002356 s
currentSize : 13 <-- 0.002797 s
currentSize : 14 <-- 0.013510 s
currentSize : 15 <-- 0.205632 s

maxsize : 15
nodes : 75146.000000
filtered : 1294680.000000
time : 0.243228
