Parameters: GAD=1 vflib=1 dir=0 label=0 lowerbound=1 fileNameGp=../graphsdb/mcs50/bvg/b03/mcs50_b03_s30.A82 fileNameGt=../graphsdb/mcs50/bvg/b03/mcs50_b03_s30.B82
Reading graphs...
30 :  44
30 :  44
Initializing...
maxdom : 30
D->valSize : 900
Solving...
Blb : 2 (clique : 17)
currentSize : 17 <-- 0.016641 s
currentSize : 18 <-- 0.016779 s
currentSize : 19 <-- 0.016872 s
currentSize : 20 <-- 0.017318 s
currentSize : 21 <-- 0.020018 s
currentSize : 22 <-- 0.563692 s
currentSize : 23 <-- 3.904224 s

maxsize : 23
nodes : 4636536.000000
filtered : 181461954.000000
time : 26.596304
