Parameters: GAD=1 vflib=1 dir=0 label=0 lowerbound=1 fileNameGp=../graphsdb/mcs50/bvg/b09/mcs50_b09_s30.A15 fileNameGt=../graphsdb/mcs50/bvg/b09/mcs50_b09_s30.B15
Reading graphs...
30 :  132
30 :  134
Initializing...
maxdom : 30
D->valSize : 900
Solving...
Blb : 2 (clique : 11)
currentSize : 11 <-- 0.009794 s
currentSize : 12 <-- 0.010331 s
currentSize : 13 <-- 0.010413 s
currentSize : 14 <-- 0.038713 s
currentSize : 15 <-- 0.197420 s
currentSize : 16 <-- 11.712373 s
currentSize : 17 <-- 37.019928 s

maxsize : 17
nodes : 22590942.000000
filtered : 501720031.000000
time : 96.582153
