Parameters: GAD=1 vflib=1 dir=0 label=0 lowerbound=1 fileNameGp=../graphsdb/mcs50/m4D/m4Dr4/mcs50_m4Dr4_s35.A02 fileNameGt=../graphsdb/mcs50/m4D/m4Dr4/mcs50_m4Dr4_s35.B02
Reading graphs...
35 :  75
35 :  73
Initializing...
maxdom : 35
D->valSize : 1225
Solving...
Blb : 2 (clique : 20)
currentSize : 20 <-- 0.020927 s
currentSize : 21 <-- 0.021103 s
currentSize : 22 <-- 0.025856 s
currentSize : 23 <-- 0.312529 s
currentSize : 24 <-- 51.484016 s
currentSize : 25 <-- 1195.677856 s

maxsize : 25
nodes : 197551423.000000
filtered : 10305969999.000000
time : 1354.428589
