Parameters: GAD=1 vflib=1 dir=0 label=0 lowerbound=1 fileNameGp=../graphsdb/mcs50/rand/r005/mcs50_r005_s25.A65 fileNameGt=../graphsdb/mcs50/rand/r005/mcs50_r005_s25.B65
Reading graphs...
25 :  33
25 :  35
Initializing...
maxdom : 25
D->valSize : 625
Solving...
Blb : 2 (clique : 15)
currentSize : 15 <-- 0.005592 s
currentSize : 17 <-- 0.005690 s
currentSize : 18 <-- 0.005866 s
currentSize : 19 <-- 0.010395 s
currentSize : 20 <-- 2.734855 s

maxsize : 20
nodes : 653199.000000
filtered : 20684009.000000
time : 3.236533
