Parameters: GAD=1 vflib=1 dir=0 label=0 lowerbound=1 fileNameGp=../graphsdb/mcs50/rand/r01/mcs50_r01_s35.A06 fileNameGt=../graphsdb/mcs50/rand/r01/mcs50_r01_s35.B06
Reading graphs...
35 :  112
35 :  110
Initializing...
maxdom : 35
D->valSize : 1225
Solving...
Blb : 2 (clique : 15)
currentSize : 15 <-- 0.024440 s
currentSize : 16 <-- 0.024576 s
currentSize : 17 <-- 0.025167 s
currentSize : 18 <-- 0.050946 s
currentSize : 19 <-- 0.229402 s
currentSize : 20 <-- 3.012547 s

TIMEOUT
maxsize : 20
nodes : 708888303.000000
filtered : 21007410110.000000
time : 3600.000000
