Parameters: GAD=1 vflib=1 dir=0 label=0 lowerbound=1 fileNameGp=../graphsdb/mcs50/rand/r005/mcs50_r005_s35.A92 fileNameGt=../graphsdb/mcs50/rand/r005/mcs50_r005_s35.B92
Reading graphs...
35 :  61
35 :  61
Initializing...
maxdom : 35
D->valSize : 1225
Solving...
Blb : 2 (clique : 21)
currentSize : 21 <-- 0.021019 s
currentSize : 22 <-- 0.021889 s
currentSize : 23 <-- 0.025475 s
currentSize : 24 <-- 0.748520 s
currentSize : 25 <-- 1.806784 s
currentSize : 26 <-- 690.416565 s

maxsize : 26
nodes : 140715257.000000
filtered : 6304139786.000000
time : 955.094421
