Parameters: GAD=1 vflib=1 dir=0 label=0 lowerbound=1 fileNameGp=../graphsdb/mcs50/bvg/b03/mcs50_b03_s25.A30 fileNameGt=../graphsdb/mcs50/bvg/b03/mcs50_b03_s25.B30
Reading graphs...
25 :  37
25 :  37
Initializing...
maxdom : 25
D->valSize : 625
Solving...
Blb : 2 (clique : 15)
currentSize : 15 <-- 0.005507 s
currentSize : 16 <-- 0.005606 s
currentSize : 17 <-- 0.005651 s
currentSize : 18 <-- 0.013432 s
currentSize : 19 <-- 0.057920 s

maxsize : 19
nodes : 453783.000000
filtered : 14859489.000000
time : 2.188927
