Parameters: GAD=1 vflib=1 dir=0 label=0 lowerbound=1 fileNameGp=../graphsdb/mcs50/rand/r02/mcs50_r02_s30.A94 fileNameGt=../graphsdb/mcs50/rand/r02/mcs50_r02_s30.B94
Reading graphs...
30 :  153
30 :  156
Initializing...
maxdom : 30
D->valSize : 900
Solving...
Blb : 2 (clique : 11)
currentSize : 11 <-- 0.009633 s
currentSize : 12 <-- 0.011667 s
currentSize : 13 <-- 0.043062 s
currentSize : 14 <-- 16.714619 s
currentSize : 16 <-- 29.050236 s

maxsize : 16
nodes : 32942913.000000
filtered : 554168705.000000
time : 124.637634
