Parameters: GAD=1 vflib=1 dir=0 label=0 lowerbound=1 fileNameGp=../graphsdb/mcs50/bvg/b03m/mcs50_b03m_s25.A74 fileNameGt=../graphsdb/mcs50/bvg/b03m/mcs50_b03m_s25.B74
Reading graphs...
25 :  37
25 :  35
Initializing...
maxdom : 25
D->valSize : 625
Solving...
Blb : 3 (clique : 14)
currentSize : 14 <-- 0.010908 s
currentSize : 15 <-- 0.011002 s
currentSize : 16 <-- 0.011081 s
currentSize : 17 <-- 0.011233 s
currentSize : 18 <-- 0.011465 s
currentSize : 19 <-- 0.026430 s
currentSize : 20 <-- 0.807786 s

maxsize : 20
nodes : 244674.000000
filtered : 9212537.000000
time : 1.393579
