Parameters: GAD=1 vflib=1 dir=0 label=0 lowerbound=1 fileNameGp=../graphsdb/mcs50/m4D/m4Dr2/mcs50_m4Dr2_s30.A99 fileNameGt=../graphsdb/mcs50/m4D/m4Dr2/mcs50_m4Dr2_s30.B99
Reading graphs...
30 :  61
30 :  61
Initializing...
maxdom : 30
D->valSize : 900
Solving...
Blb : 2 (clique : 16)
currentSize : 16 <-- 0.015294 s
currentSize : 17 <-- 0.015421 s
currentSize : 18 <-- 0.015459 s
currentSize : 19 <-- 0.015893 s
currentSize : 20 <-- 0.018346 s
currentSize : 21 <-- 1.253950 s
currentSize : 22 <-- 1.302450 s

maxsize : 22
nodes : 1275195.000000
filtered : 50104978.000000
time : 7.399414
