Parameters: GAD=1 vflib=1 dir=0 label=0 lowerbound=1 fileNameGp=../graphsdb/mcs50/bvg/b06/mcs50_b06_s30.A86 fileNameGt=../graphsdb/mcs50/bvg/b06/mcs50_b06_s30.B86
Reading graphs...
30 :  89
30 :  88
Initializing...
maxdom : 30
D->valSize : 900
Solving...
Blb : 2 (clique : 14)
currentSize : 14 <-- 0.010614 s
currentSize : 15 <-- 0.010782 s
currentSize : 17 <-- 0.010856 s
currentSize : 18 <-- 0.010874 s
currentSize : 19 <-- 3.084840 s
currentSize : 20 <-- 3.084892 s

maxsize : 20
nodes : 3763609.000000
filtered : 136021411.000000
time : 20.467360
