Parameters: GAD=1 vflib=1 dir=0 label=0 lowerbound=1 fileNameGp=../graphsdb/mcs50/bvg/b09m/mcs50_b09m_s35.A34 fileNameGt=../graphsdb/mcs50/bvg/b09m/mcs50_b09m_s35.B34
Reading graphs...
35 :  148
35 :  146
Initializing...
maxdom : 35
D->valSize : 1225
Solving...
Blb : 2 (clique : 14)
currentSize : 14 <-- 0.018417 s
currentSize : 15 <-- 0.019332 s
currentSize : 16 <-- 0.019768 s
currentSize : 17 <-- 0.127888 s
currentSize : 18 <-- 16.450583 s
currentSize : 19 <-- 877.775330 s

maxsize : 19
nodes : 667302077.000000
filtered : 20452919639.000000
time : 3382.331299
