Parameters: GAD=1 vflib=1 dir=0 label=0 lowerbound=1 fileNameGp=../graphsdb/mcs50/m4D/m4Dr2/mcs50_m4Dr2_s30.A40 fileNameGt=../graphsdb/mcs50/m4D/m4Dr2/mcs50_m4Dr2_s30.B40
Reading graphs...
30 :  61
30 :  60
Initializing...
maxdom : 30
D->valSize : 900
Solving...
Blb : 2 (clique : 17)
currentSize : 17 <-- 0.011363 s
currentSize : 18 <-- 0.011851 s
currentSize : 19 <-- 0.012889 s
currentSize : 20 <-- 0.084455 s
currentSize : 21 <-- 1.915690 s
currentSize : 22 <-- 5.156012 s

maxsize : 22
nodes : 8994393.000000
filtered : 417997348.000000
time : 55.890774
