Parameters: GAD=1 vflib=1 dir=0 label=0 lowerbound=1 fileNameGp=../graphsdb/mcs50/rand/r01/mcs50_r01_s30.A75 fileNameGt=../graphsdb/mcs50/rand/r01/mcs50_r01_s30.B75
Reading graphs...
30 :  83
30 :  82
Initializing...
maxdom : 30
D->valSize : 900
Solving...
Blb : 2 (clique : 15)
currentSize : 15 <-- 0.010767 s
currentSize : 16 <-- 0.012727 s
currentSize : 17 <-- 0.020046 s
currentSize : 18 <-- 0.265945 s
currentSize : 19 <-- 2.366755 s

maxsize : 19
nodes : 39892215.000000
filtered : 1320911547.000000
time : 202.466843
