Parameters: GAD=1 vflib=1 dir=0 label=0 lowerbound=1 fileNameGp=../graphsdb/mcs50/bvg/b06m/mcs50_b06m_s30.A00 fileNameGt=../graphsdb/mcs50/bvg/b06m/mcs50_b06m_s30.B00
Reading graphs...
30 :  87
30 :  85
Initializing...
maxdom : 30
D->valSize : 900
Solving...
Blb : 2 (clique : 13)
currentSize : 13 <-- 0.010569 s
currentSize : 14 <-- 0.010681 s
currentSize : 15 <-- 0.011048 s
currentSize : 16 <-- 0.012508 s
currentSize : 17 <-- 0.039199 s
currentSize : 18 <-- 3.323373 s

maxsize : 18
nodes : 45930686.000000
filtered : 1420401295.000000
time : 217.629791
