Parameters: GAD=1 vflib=1 dir=0 label=0 lowerbound=1 fileNameGp=../graphsdb/mcs50/rand/r01/mcs50_r01_s25.A46 fileNameGt=../graphsdb/mcs50/rand/r01/mcs50_r01_s25.B46
Reading graphs...
25 :  57
25 :  58
Initializing...
maxdom : 25
D->valSize : 625
Solving...
Blb : 5 (clique : 12)
currentSize : 12 <-- 0.006141 s
currentSize : 13 <-- 0.006223 s
currentSize : 14 <-- 0.006281 s
currentSize : 15 <-- 0.011228 s
currentSize : 16 <-- 0.030761 s
currentSize : 17 <-- 0.243365 s

maxsize : 17
nodes : 1336606.000000
filtered : 40071925.000000
time : 6.183385
