Parameters: GAD=1 vflib=1 dir=0 label=0 lowerbound=1 fileNameGp=../graphsdb/mcs50/bvg/b06/mcs50_b06_s25.A78 fileNameGt=../graphsdb/mcs50/bvg/b06/mcs50_b06_s25.B78
Reading graphs...
25 :  73
25 :  75
Initializing...
maxdom : 25
D->valSize : 625
Solving...
Blb : 2 (clique : 11)
currentSize : 11 <-- 0.008632 s
currentSize : 12 <-- 0.008753 s
currentSize : 13 <-- 0.009056 s
currentSize : 14 <-- 0.012697 s
currentSize : 15 <-- 0.013684 s
currentSize : 16 <-- 1.359250 s

maxsize : 16
nodes : 1060914.000000
filtered : 24524234.000000
time : 4.388056
