Parameters: GAD=1 vflib=1 dir=0 label=0 lowerbound=1 fileNameGp=../graphsdb/mcs50/bvg/b06/mcs50_b06_s30.A96 fileNameGt=../graphsdb/mcs50/bvg/b06/mcs50_b06_s30.B96
Reading graphs...
30 :  88
30 :  90
Initializing...
maxdom : 30
D->valSize : 900
Solving...
Blb : 2 (clique : 14)
currentSize : 14 <-- 0.010396 s
currentSize : 15 <-- 0.010587 s
currentSize : 16 <-- 0.010805 s
currentSize : 17 <-- 0.018637 s
currentSize : 18 <-- 0.218821 s
currentSize : 19 <-- 60.906185 s

maxsize : 19
nodes : 24591410.000000
filtered : 686962596.000000
time : 115.540970
