Parameters: GAD=1 vflib=1 dir=0 label=0 lowerbound=1 fileNameGp=../graphsdb/mcs50/m4D/m4D/mcs50_m4D_s35.A37 fileNameGt=../graphsdb/mcs50/m4D/m4D/mcs50_m4D_s35.B37
Reading graphs...
35 :  63
35 :  63
Initializing...
maxdom : 35
D->valSize : 1225
Solving...
Blb : 2 (clique : 19)
currentSize : 19 <-- 0.036562 s
currentSize : 20 <-- 0.036891 s
currentSize : 21 <-- 0.037182 s
currentSize : 22 <-- 0.047146 s
currentSize : 23 <-- 0.066242 s
currentSize : 24 <-- 0.180313 s
currentSize : 25 <-- 11.767153 s
currentSize : 26 <-- 34.102577 s
currentSize : 27 <-- 293.185547 s

maxsize : 27
nodes : 39705727.000000
filtered : 2288413088.000000
time : 299.665436
