Parameters: GAD=1 vflib=1 dir=0 label=0 lowerbound=1 fileNameGp=../graphsdb/mcs50/m2D/m2Dr4/mcs50_m2Dr4_s30.A17 fileNameGt=../graphsdb/mcs50/m2D/m2Dr4/mcs50_m2Dr4_s30.B17
Reading graphs...
30 :  59
30 :  60
Initializing...
maxdom : 30
D->valSize : 900
Solving...
Blb : 2 (clique : 17)
currentSize : 17 <-- 0.011860 s
currentSize : 18 <-- 0.012010 s
currentSize : 19 <-- 0.014353 s
currentSize : 20 <-- 0.101546 s
currentSize : 21 <-- 0.102673 s

maxsize : 21
nodes : 12775229.000000
filtered : 512892712.000000
time : 73.154579
