Parameters: GAD=1 vflib=1 dir=0 label=0 lowerbound=1 fileNameGp=../graphsdb/mcs50/rand/r005/mcs50_r005_s35.A37 fileNameGt=../graphsdb/mcs50/rand/r005/mcs50_r005_s35.B37
Reading graphs...
35 :  62
35 :  61
Initializing...
maxdom : 35
D->valSize : 1225
Solving...
Blb : 2 (clique : 19)
currentSize : 19 <-- 0.036969 s
currentSize : 21 <-- 0.037241 s
currentSize : 22 <-- 0.037285 s
currentSize : 23 <-- 0.039580 s
currentSize : 24 <-- 0.191299 s
currentSize : 25 <-- 1.725957 s
currentSize : 26 <-- 135.582718 s

maxsize : 26
nodes : 138975415.000000
filtered : 6953774103.000000
time : 1026.835205
