Parameters: GAD=1 vflib=1 dir=0 label=0 lowerbound=1 fileNameGp=../graphsdb/mcs50/m2D/m2Dr4/mcs50_m2Dr4_s20.A94 fileNameGt=../graphsdb/mcs50/m2D/m2Dr4/mcs50_m2Dr4_s20.B94
Reading graphs...
20 :  37
20 :  38
Initializing...
maxdom : 20
D->valSize : 400
Solving...
Blb : 5 (clique : 10)
currentSize : 10 <-- 0.003920 s
currentSize : 11 <-- 0.004001 s
currentSize : 12 <-- 0.004122 s
currentSize : 13 <-- 0.023325 s
currentSize : 14 <-- 0.069606 s

maxsize : 14
nodes : 100233.000000
filtered : 1551976.000000
time : 0.432558
