Parameters: GAD=1 vflib=1 dir=0 label=0 lowerbound=1 fileNameGp=../graphsdb/mcs50/bvg/b09m/mcs50_b09m_s30.A77 fileNameGt=../graphsdb/mcs50/bvg/b09m/mcs50_b09m_s30.B77
Reading graphs...
30 :  124
30 :  127
Initializing...
maxdom : 30
D->valSize : 900
Solving...
Blb : 2 (clique : 11)
currentSize : 11 <-- 0.009877 s
currentSize : 12 <-- 0.010221 s
currentSize : 13 <-- 0.012220 s
currentSize : 14 <-- 0.016859 s
currentSize : 15 <-- 0.084003 s
currentSize : 16 <-- 0.722602 s

maxsize : 16
nodes : 39343237.000000
filtered : 883791138.000000
time : 166.008636
