Parameters: GAD=1 vflib=1 dir=0 label=0 lowerbound=1 fileNameGp=../graphsdb/mcs50/bvg/b06/mcs50_b06_s35.A61 fileNameGt=../graphsdb/mcs50/bvg/b06/mcs50_b06_s35.B61
Reading graphs...
35 :  105
35 :  101
Initializing...
maxdom : 35
D->valSize : 1225
Solving...
Blb : 5 (clique : 15)
currentSize : 15 <-- 0.019551 s
currentSize : 16 <-- 0.019705 s
currentSize : 17 <-- 0.019739 s
currentSize : 18 <-- 0.019775 s
currentSize : 19 <-- 0.026698 s
currentSize : 20 <-- 1.723750 s
currentSize : 21 <-- 16.819267 s
currentSize : 22 <-- 643.831909 s

maxsize : 22
nodes : 435396646.000000
filtered : 18749397443.000000
time : 2659.168945
