Parameters: GAD=1 vflib=1 dir=0 label=0 lowerbound=1 fileNameGp=../graphsdb/mcs50/bvg/b06/mcs50_b06_s25.A00 fileNameGt=../graphsdb/mcs50/bvg/b06/mcs50_b06_s25.B00
Reading graphs...
25 :  75
25 :  73
Initializing...
maxdom : 25
D->valSize : 625
Solving...
Blb : 2 (clique : 11)
currentSize : 11 <-- 0.008490 s
currentSize : 12 <-- 0.008600 s
currentSize : 13 <-- 0.010889 s
currentSize : 14 <-- 0.019500 s
currentSize : 15 <-- 0.021460 s
currentSize : 16 <-- 1.025785 s

maxsize : 16
nodes : 1217132.000000
filtered : 31233016.000000
time : 5.325437
