Parameters: GAD=1 vflib=1 dir=0 label=0 lowerbound=1 fileNameGp=../graphsdb/mcs50/bvg/b09m/mcs50_b09m_s30.A24 fileNameGt=../graphsdb/mcs50/bvg/b09m/mcs50_b09m_s30.B24
Reading graphs...
30 :  126
30 :  126
Initializing...
maxdom : 30
D->valSize : 900
Solving...
Blb : 2 (clique : 12)
currentSize : 12 <-- 0.009826 s
currentSize : 13 <-- 0.010510 s
currentSize : 14 <-- 0.011318 s
currentSize : 15 <-- 0.055234 s
currentSize : 16 <-- 60.275261 s

maxsize : 16
nodes : 65207674.000000
filtered : 1409587534.000000
time : 270.549286
