Parameters: GAD=1 vflib=1 dir=0 label=0 lowerbound=1 fileNameGp=../graphsdb/mcs50/m4D/m4Dr2/mcs50_m4Dr2_s30.A38 fileNameGt=../graphsdb/mcs50/m4D/m4Dr2/mcs50_m4Dr2_s30.B38
Reading graphs...
30 :  60
30 :  59
Initializing...
maxdom : 30
D->valSize : 900
Solving...
Blb : 2 (clique : 17)
currentSize : 17 <-- 0.010992 s
currentSize : 18 <-- 0.011131 s
currentSize : 19 <-- 0.017405 s
currentSize : 20 <-- 0.021295 s
currentSize : 21 <-- 0.108780 s
currentSize : 22 <-- 25.182720 s

maxsize : 22
nodes : 18258169.000000
filtered : 803049726.000000
time : 110.630737
