Parameters: GAD=1 vflib=1 dir=0 label=0 lowerbound=1 fileNameGp=../graphsdb/mcs50/rand/r01/mcs50_r01_s25.A74 fileNameGt=../graphsdb/mcs50/rand/r01/mcs50_r01_s25.B74
Reading graphs...
25 :  55
25 :  56
Initializing...
maxdom : 25
D->valSize : 625
Solving...
Blb : 2 (clique : 13)
currentSize : 13 <-- 0.009001 s
currentSize : 14 <-- 0.011725 s
currentSize : 15 <-- 0.015725 s
currentSize : 16 <-- 0.582264 s
currentSize : 17 <-- 3.048088 s

maxsize : 17
nodes : 1877451.000000
filtered : 44501043.000000
time : 7.687249
