Parameters: GAD=1 vflib=1 dir=0 label=0 lowerbound=1 fileNameGp=../graphsdb/mcs50/bvg/b03m/mcs50_b03m_s25.A09 fileNameGt=../graphsdb/mcs50/bvg/b03m/mcs50_b03m_s25.B09
Reading graphs...
25 :  36
25 :  36
Initializing...
maxdom : 25
D->valSize : 625
Solving...
Blb : 2 (clique : 16)
currentSize : 16 <-- 0.009495 s
currentSize : 17 <-- 0.011504 s
currentSize : 18 <-- 0.011917 s
currentSize : 19 <-- 0.147604 s
currentSize : 20 <-- 0.692997 s

maxsize : 20
nodes : 174612.000000
filtered : 4359694.000000
time : 0.906144
