Parameters: GAD=1 vflib=1 dir=0 label=0 lowerbound=1 fileNameGp=../graphsdb/mcs50/m2D/m2Dr4/mcs50_m2Dr4_s20.A15 fileNameGt=../graphsdb/mcs50/m2D/m2Dr4/mcs50_m2Dr4_s20.B15
Reading graphs...
20 :  39
20 :  38
Initializing...
maxdom : 20
D->valSize : 400
Solving...
Blb : 2 (clique : 10)
currentSize : 10 <-- 0.002358 s
currentSize : 11 <-- 0.002415 s
currentSize : 12 <-- 0.002993 s
currentSize : 13 <-- 0.003115 s
currentSize : 14 <-- 0.057415 s

maxsize : 14
nodes : 113020.000000
filtered : 2027172.000000
time : 0.373184
