Parameters: GAD=1 vflib=1 dir=0 label=0 lowerbound=1 fileNameGp=../graphsdb/mcs50/rand/r02/mcs50_r02_s35.A37 fileNameGt=../graphsdb/mcs50/rand/r02/mcs50_r02_s35.B37
Reading graphs...
35 :  211
35 :  218
Initializing...
maxdom : 35
D->valSize : 1225
Solving...
Blb : 2 (clique : 11)
currentSize : 11 <-- 0.029445 s
currentSize : 12 <-- 0.031284 s
currentSize : 13 <-- 0.053733 s
currentSize : 14 <-- 0.979802 s
currentSize : 15 <-- 0.979893 s
currentSize : 17 <-- 404.185883 s

maxsize : 17
nodes : 546396760.000000
filtered : 9022213992.000000
time : 2226.880859
