Parameters: GAD=1 vflib=1 dir=0 label=0 lowerbound=1 fileNameGp=../graphsdb/mcs50/rand/r01/mcs50_r01_s30.A83 fileNameGt=../graphsdb/mcs50/rand/r01/mcs50_r01_s30.B83
Reading graphs...
30 :  80
30 :  81
Initializing...
maxdom : 30
D->valSize : 900
Solving...
Blb : 2 (clique : 13)
currentSize : 13 <-- 0.010591 s
currentSize : 14 <-- 0.010719 s
currentSize : 15 <-- 0.010831 s
currentSize : 16 <-- 0.010994 s
currentSize : 17 <-- 0.011503 s
currentSize : 18 <-- 3.500754 s
currentSize : 19 <-- 41.006474 s

maxsize : 19
nodes : 37746584.000000
filtered : 1114198952.000000
time : 178.725510
