Parameters: GAD=1 vflib=1 dir=0 label=0 lowerbound=1 fileNameGp=../graphsdb/mcs50/m3D/m3Dr4/mcs50_m3Dr4_s20.A14 fileNameGt=../graphsdb/mcs50/m3D/m3Dr4/mcs50_m3Dr4_s20.B14
Reading graphs...
20 :  43
20 :  43
Initializing...
maxdom : 20
D->valSize : 400
Solving...
Blb : 2 (clique : 10)
currentSize : 10 <-- 0.002322 s
currentSize : 11 <-- 0.002385 s
currentSize : 12 <-- 0.004039 s
currentSize : 13 <-- 0.009915 s
currentSize : 14 <-- 0.347333 s

maxsize : 14
nodes : 139945.000000
filtered : 2696705.000000
time : 0.469631
