Parameters: GAD=1 vflib=1 dir=0 label=0 lowerbound=1 fileNameGp=../graphsdb/mcs50/m4D/m4Dr6/mcs50_m4Dr6_s35.A88 fileNameGt=../graphsdb/mcs50/m4D/m4Dr6/mcs50_m4Dr6_s35.B88
Reading graphs...
35 :  80
35 :  82
Initializing...
maxdom : 35
D->valSize : 1225
Solving...
Blb : 2 (clique : 18)
currentSize : 18 <-- 0.020583 s
currentSize : 19 <-- 0.020774 s
currentSize : 20 <-- 0.020853 s
currentSize : 21 <-- 0.021471 s
currentSize : 22 <-- 0.053131 s
currentSize : 23 <-- 0.953539 s
currentSize : 24 <-- 12.725797 s

maxsize : 24
nodes : 91704997.000000
filtered : 4118632695.000000
time : 612.454163
