Parameters: GAD=1 vflib=1 dir=0 label=0 lowerbound=1 fileNameGp=../graphsdb/mcs50/bvg/b06/mcs50_b06_s20.A94 fileNameGt=../graphsdb/mcs50/bvg/b06/mcs50_b06_s20.B94
Reading graphs...
20 :  59
20 :  60
Initializing...
maxdom : 20
D->valSize : 400
Solving...
Blb : 2 (clique : 9)
currentSize : 9 <-- 0.002338 s
currentSize : 10 <-- 0.002444 s
currentSize : 11 <-- 0.004753 s
currentSize : 12 <-- 0.006636 s
currentSize : 13 <-- 0.063099 s

maxsize : 13
nodes : 71548.000000
filtered : 1204177.000000
time : 0.238088
