Parameters: GAD=1 vflib=1 dir=0 label=0 lowerbound=1 fileNameGp=../graphsdb/mcs50/bvg/b03m/mcs50_b03m_s35.A26 fileNameGt=../graphsdb/mcs50/bvg/b03m/mcs50_b03m_s35.B26
Reading graphs...
35 :  52
35 :  52
Initializing...
maxdom : 35
D->valSize : 1225
Solving...
Blb : 2 (clique : 23)
currentSize : 23 <-- 0.021647 s
currentSize : 24 <-- 1.186694 s
currentSize : 25 <-- 1.270768 s
currentSize : 26 <-- 2.406466 s
currentSize : 27 <-- 760.765259 s

maxsize : 27
nodes : 232808515.000000
filtered : 12548709913.000000
time : 1795.491089
