Parameters: GAD=1 vflib=1 dir=0 label=0 lowerbound=1 fileNameGp=../graphsdb/mcs50/rand/r01/mcs50_r01_s25.A86 fileNameGt=../graphsdb/mcs50/rand/r01/mcs50_r01_s25.B86
Reading graphs...
25 :  58
25 :  56
Initializing...
maxdom : 25
D->valSize : 625
Solving...
Blb : 2 (clique : 12)
currentSize : 12 <-- 0.005331 s
currentSize : 13 <-- 0.005414 s
currentSize : 14 <-- 0.006165 s
currentSize : 15 <-- 0.008620 s
currentSize : 16 <-- 0.015485 s
currentSize : 17 <-- 2.008671 s

maxsize : 17
nodes : 2099794.000000
filtered : 54007259.000000
time : 8.783604
