Parameters: GAD=1 vflib=1 dir=0 label=0 lowerbound=1 fileNameGp=../graphsdb/mcs50/bvg/b09/mcs50_b09_s20.A47 fileNameGt=../graphsdb/mcs50/bvg/b09/mcs50_b09_s20.B47
Reading graphs...
20 :  86
20 :  90
Initializing...
maxdom : 20
D->valSize : 400
Solving...
Blb : 3 (clique : 10)
currentSize : 10 <-- 0.002184 s
currentSize : 11 <-- 0.002273 s
currentSize : 12 <-- 0.002367 s
currentSize : 13 <-- 0.007015 s
currentSize : 14 <-- 0.020412 s

maxsize : 14
nodes : 28544.000000
filtered : 606279.000000
time : 0.103413
