Parameters: GAD=1 vflib=1 dir=0 label=0 lowerbound=1 fileNameGp=../graphsdb/mcs50/m3D/m3Dr4/mcs50_m3Dr4_s20.A58 fileNameGt=../graphsdb/mcs50/m3D/m3Dr4/mcs50_m3Dr4_s20.B58
Reading graphs...
20 :  43
20 :  42
Initializing...
maxdom : 20
D->valSize : 400
Solving...
Blb : 3 (clique : 10)
currentSize : 10 <-- 0.003864 s
currentSize : 11 <-- 0.003941 s
currentSize : 12 <-- 0.004163 s
currentSize : 13 <-- 0.152011 s
currentSize : 14 <-- 0.315770 s

maxsize : 14
nodes : 141458.000000
filtered : 2061944.000000
time : 0.491172
