Parameters: GAD=1 vflib=1 dir=0 label=0 lowerbound=1 fileNameGp=../graphsdb/mcs50/m2D/m2Dr6/mcs50_m2Dr6_s30.A55 fileNameGt=../graphsdb/mcs50/m2D/m2Dr6/mcs50_m2Dr6_s30.B55
Reading graphs...
30 :  65
30 :  64
Initializing...
maxdom : 30
D->valSize : 900
Solving...
Blb : 2 (clique : 16)
currentSize : 16 <-- 0.010955 s
currentSize : 17 <-- 0.015777 s
currentSize : 18 <-- 0.016936 s
currentSize : 19 <-- 0.027579 s
currentSize : 20 <-- 0.176166 s

maxsize : 20
nodes : 31834205.000000
filtered : 1039836228.000000
time : 159.415390
