Parameters: GAD=1 vflib=1 dir=0 label=0 lowerbound=1 fileNameGp=../graphsdb/mcs50/bvg/b03/mcs50_b03_s35.A88 fileNameGt=../graphsdb/mcs50/bvg/b03/mcs50_b03_s35.B88
Reading graphs...
35 :  52
35 :  51
Initializing...
maxdom : 35
D->valSize : 1225
Solving...
Blb : 2 (clique : 19)
currentSize : 19 <-- 0.021386 s
currentSize : 20 <-- 0.021655 s
currentSize : 21 <-- 0.027276 s
currentSize : 22 <-- 0.133181 s
currentSize : 23 <-- 0.171817 s
currentSize : 24 <-- 0.241283 s
currentSize : 25 <-- 0.495880 s
currentSize : 26 <-- 1.282053 s
currentSize : 27 <-- 93.618927 s

maxsize : 27
nodes : 37119094.000000
filtered : 1774625069.000000
time : 259.948181
