Parameters: GAD=1 vflib=1 dir=0 label=0 lowerbound=1 fileNameGp=../graphsdb/mcs50/bvg/b03m/mcs50_b03m_s30.A15 fileNameGt=../graphsdb/mcs50/bvg/b03m/mcs50_b03m_s30.B15
Reading graphs...
30 :  45
30 :  45
Initializing...
maxdom : 30
D->valSize : 900
Solving...
Blb : 5 (clique : 19)
currentSize : 19 <-- 0.011540 s
currentSize : 20 <-- 0.040072 s
currentSize : 21 <-- 0.054355 s
currentSize : 22 <-- 0.166594 s
currentSize : 23 <-- 38.856506 s

maxsize : 23
nodes : 13293320.000000
filtered : 524593856.000000
time : 77.121201
