Parameters: GAD=1 vflib=1 dir=0 label=0 lowerbound=1 fileNameGp=../graphsdb/mcs50/bvg/b09m/mcs50_b09m_s30.A55 fileNameGt=../graphsdb/mcs50/bvg/b09m/mcs50_b09m_s30.B55
Reading graphs...
30 :  130
30 :  127
Initializing...
maxdom : 30
D->valSize : 900
Solving...
Blb : 2 (clique : 12)
currentSize : 12 <-- 0.009642 s
currentSize : 13 <-- 0.009862 s
currentSize : 14 <-- 0.017611 s
currentSize : 15 <-- 0.190208 s
currentSize : 16 <-- 16.119287 s
currentSize : 17 <-- 89.019829 s

maxsize : 17
nodes : 30785068.000000
filtered : 735523854.000000
time : 133.260574
