Parameters: GAD=1 vflib=1 dir=0 label=0 lowerbound=1 fileNameGp=../graphsdb/mcs50/rand/r005/mcs50_r005_s30.A30 fileNameGt=../graphsdb/mcs50/rand/r005/mcs50_r005_s30.B30
Reading graphs...
30 :  46
30 :  47
Initializing...
maxdom : 30
D->valSize : 900
Solving...
Blb : 2 (clique : 17)
currentSize : 17 <-- 0.019989 s
currentSize : 18 <-- 0.020212 s
currentSize : 19 <-- 0.020257 s
currentSize : 20 <-- 0.020874 s
currentSize : 21 <-- 1.988628 s
currentSize : 22 <-- 1.989346 s

maxsize : 22
nodes : 46358420.000000
filtered : 1728947365.000000
time : 264.905914
