Parameters: GAD=1 vflib=1 dir=0 label=0 lowerbound=1 fileNameGp=../graphsdb/mcs50/m4D/m4Dr6/mcs50_m4Dr6_s35.A09 fileNameGt=../graphsdb/mcs50/m4D/m4Dr6/mcs50_m4Dr6_s35.B09
Reading graphs...
35 :  83
35 :  82
Initializing...
maxdom : 35
D->valSize : 1225
Solving...
Blb : 2 (clique : 18)
currentSize : 18 <-- 0.020427 s
currentSize : 19 <-- 0.026913 s
currentSize : 20 <-- 0.065898 s
currentSize : 21 <-- 0.094698 s
currentSize : 22 <-- 0.162799 s
currentSize : 23 <-- 2.222007 s

TIMEOUT
maxsize : 23
nodes : 587871397.000000
filtered : 24820205020.000000
time : 3600.000000
