Parameters: GAD=1 vflib=1 dir=0 label=0 lowerbound=1 fileNameGp=../graphsdb/mcs50/m2D/m2Dr6/mcs50_m2Dr6_s30.A56 fileNameGt=../graphsdb/mcs50/m2D/m2Dr6/mcs50_m2Dr6_s30.B56
Reading graphs...
30 :  64
30 :  62
Initializing...
maxdom : 30
D->valSize : 900
Solving...
Blb : 2 (clique : 16)
currentSize : 16 <-- 0.010889 s
currentSize : 17 <-- 0.011022 s
currentSize : 18 <-- 0.011133 s
currentSize : 19 <-- 0.030152 s
currentSize : 20 <-- 0.327677 s
currentSize : 21 <-- 41.275593 s

maxsize : 21
nodes : 16901457.000000
filtered : 510359981.000000
time : 84.053154
