Parameters: GAD=1 vflib=1 dir=0 label=0 lowerbound=1 fileNameGp=../graphsdb/mcs50/rand/r01/mcs50_r01_s25.A12 fileNameGt=../graphsdb/mcs50/rand/r01/mcs50_r01_s25.B12
Reading graphs...
25 :  55
25 :  59
Initializing...
maxdom : 25
D->valSize : 625
Solving...
Blb : 2 (clique : 12)
currentSize : 12 <-- 0.005229 s
currentSize : 13 <-- 0.005367 s
currentSize : 14 <-- 0.005777 s
currentSize : 15 <-- 0.007402 s
currentSize : 16 <-- 2.179790 s

maxsize : 16
nodes : 4764535.000000
filtered : 107313553.000000
time : 19.391222
