Parameters: GAD=1 vflib=1 dir=0 label=0 lowerbound=1 fileNameGp=../graphsdb/mcs50/bvg/b03/mcs50_b03_s30.A56 fileNameGt=../graphsdb/mcs50/bvg/b03/mcs50_b03_s30.B56
Reading graphs...
30 :  45
30 :  45
Initializing...
maxdom : 30
D->valSize : 900
Solving...
Blb : 2 (clique : 18)
currentSize : 18 <-- 0.011719 s
currentSize : 19 <-- 0.014222 s
currentSize : 20 <-- 0.015860 s
currentSize : 21 <-- 0.080453 s
currentSize : 22 <-- 0.148725 s
currentSize : 23 <-- 10.872733 s

maxsize : 23
nodes : 4601591.000000
filtered : 167710400.000000
time : 25.433107
