Parameters: GAD=1 vflib=1 dir=0 label=0 lowerbound=1 fileNameGp=../graphsdb/mcs50/bvg/b06m/mcs50_b06m_s25.A70 fileNameGt=../graphsdb/mcs50/bvg/b06m/mcs50_b06m_s25.B70
Reading graphs...
25 :  72
25 :  74
Initializing...
maxdom : 25
D->valSize : 625
Solving...
Blb : 2 (clique : 11)
currentSize : 11 <-- 0.004984 s
currentSize : 12 <-- 0.005062 s
currentSize : 13 <-- 0.005225 s
currentSize : 14 <-- 0.005600 s
currentSize : 15 <-- 0.020644 s
currentSize : 16 <-- 0.049355 s

maxsize : 16
nodes : 804361.000000
filtered : 24139176.000000
time : 3.634871
