Parameters: GAD=1 vflib=1 dir=0 label=0 lowerbound=1 fileNameGp=../graphsdb/mcs50/bvg/b06/mcs50_b06_s25.A74 fileNameGt=../graphsdb/mcs50/bvg/b06/mcs50_b06_s25.B74
Reading graphs...
25 :  74
25 :  75
Initializing...
maxdom : 25
D->valSize : 625
Solving...
Blb : 5 (clique : 11)
currentSize : 11 <-- 0.008538 s
currentSize : 12 <-- 0.008900 s
currentSize : 13 <-- 0.009015 s
currentSize : 14 <-- 0.026813 s
currentSize : 15 <-- 0.053326 s
currentSize : 16 <-- 0.429482 s

maxsize : 16
nodes : 679381.000000
filtered : 15650154.000000
time : 2.757052
