Parameters: GAD=1 vflib=1 dir=0 label=0 lowerbound=1 fileNameGp=../graphsdb/mcs50/rand/r02/mcs50_r02_s35.A14 fileNameGt=../graphsdb/mcs50/rand/r02/mcs50_r02_s35.B14
Reading graphs...
35 :  212
35 :  214
Initializing...
maxdom : 35
D->valSize : 1225
Solving...
Blb : 2 (clique : 12)
currentSize : 12 <-- 0.017479 s
currentSize : 13 <-- 0.017601 s
currentSize : 14 <-- 0.033132 s
currentSize : 15 <-- 2.444682 s
currentSize : 16 <-- 1417.654175 s
currentSize : 17 <-- 2424.776855 s

maxsize : 17
nodes : 855320154.000000
filtered : 11800675388.000000
time : 3242.281006
