Parameters: GAD=1 vflib=1 dir=0 label=0 lowerbound=1 fileNameGp=../graphsdb/mcs50/bvg/b03/mcs50_b03_s30.A11 fileNameGt=../graphsdb/mcs50/bvg/b03/mcs50_b03_s30.B11
Reading graphs...
30 :  45
30 :  45
Initializing...
maxdom : 30
D->valSize : 900
Solving...
Blb : 2 (clique : 19)
currentSize : 19 <-- 0.011773 s
currentSize : 20 <-- 0.021722 s
currentSize : 21 <-- 0.105827 s
currentSize : 22 <-- 1.331513 s
currentSize : 23 <-- 1.619356 s

maxsize : 23
nodes : 10149788.000000
filtered : 408595696.000000
time : 62.287876
