Parameters: GAD=1 vflib=1 dir=0 label=0 lowerbound=1 fileNameGp=../graphsdb/mcs50/bvg/b09m/mcs50_b09m_s30.A58 fileNameGt=../graphsdb/mcs50/bvg/b09m/mcs50_b09m_s30.B58
Reading graphs...
30 :  126
30 :  126
Initializing...
maxdom : 30
D->valSize : 900
Solving...
Blb : 5 (clique : 12)
currentSize : 12 <-- 0.009788 s
currentSize : 13 <-- 0.010486 s
currentSize : 14 <-- 0.033188 s
currentSize : 15 <-- 0.066936 s
currentSize : 16 <-- 4.824687 s

maxsize : 16
nodes : 36537077.000000
filtered : 694466300.000000
time : 144.135483
