Parameters: GAD=1 vflib=1 dir=0 label=0 lowerbound=1 fileNameGp=../graphsdb/mcs50/m2D/m2Dr6/mcs50_m2Dr6_s30.A97 fileNameGt=../graphsdb/mcs50/m2D/m2Dr6/mcs50_m2Dr6_s30.B97
Reading graphs...
30 :  67
30 :  67
Initializing...
maxdom : 30
D->valSize : 900
Solving...
Blb : 2 (clique : 16)
currentSize : 16 <-- 0.016508 s
currentSize : 17 <-- 0.018106 s
currentSize : 18 <-- 0.019989 s
currentSize : 19 <-- 0.470493 s
currentSize : 20 <-- 4.202282 s

maxsize : 20
nodes : 28464521.000000
filtered : 905253758.000000
time : 142.543533
