Parameters: GAD=1 vflib=1 dir=0 label=0 lowerbound=1 fileNameGp=../graphsdb/mcs50/m4D/m4D/mcs50_m4D_s35.A20 fileNameGt=../graphsdb/mcs50/m4D/m4D/mcs50_m4D_s35.B20
Reading graphs...
35 :  63
35 :  63
Initializing...
maxdom : 35
D->valSize : 1225
Solving...
Blb : 2 (clique : 22)
currentSize : 22 <-- 0.021127 s
currentSize : 23 <-- 0.034436 s
currentSize : 24 <-- 0.038769 s
currentSize : 25 <-- 0.040324 s
currentSize : 26 <-- 1.138185 s

maxsize : 26
nodes : 106898184.000000
filtered : 5835724910.000000
time : 843.912476
