Parameters: GAD=1 vflib=1 dir=0 label=0 lowerbound=1 fileNameGp=../graphsdb/mcs50/rand/r01/mcs50_r01_s25.A07 fileNameGt=../graphsdb/mcs50/rand/r01/mcs50_r01_s25.B07
Reading graphs...
25 :  59
25 :  59
Initializing...
maxdom : 25
D->valSize : 625
Solving...
Blb : 5 (clique : 12)
currentSize : 12 <-- 0.008854 s
currentSize : 13 <-- 0.008980 s
currentSize : 14 <-- 0.011060 s
currentSize : 15 <-- 0.022169 s
currentSize : 16 <-- 0.231376 s

maxsize : 16
nodes : 3778103.000000
filtered : 88114806.000000
time : 15.287615
