Parameters: GAD=1 vflib=1 dir=0 label=0 lowerbound=1 fileNameGp=../graphsdb/mcs50/bvg/b09/mcs50_b09_s35.A10 fileNameGt=../graphsdb/mcs50/bvg/b09/mcs50_b09_s35.B10
Reading graphs...
35 :  154
35 :  155
Initializing...
maxdom : 35
D->valSize : 1225
Solving...
Blb : 3 (clique : 13)
currentSize : 13 <-- 0.023215 s
currentSize : 14 <-- 0.023426 s
currentSize : 15 <-- 0.023787 s
currentSize : 16 <-- 0.025778 s
currentSize : 17 <-- 1.757940 s
currentSize : 18 <-- 4.610500 s
currentSize : 19 <-- 97.320930 s

maxsize : 19
nodes : 224387211.000000
filtered : 6513137471.000000
time : 1132.441284
