Parameters: GAD=1 vflib=1 dir=0 label=0 lowerbound=1 fileNameGp=../graphsdb/mcs50/bvg/b09m/mcs50_b09m_s35.A13 fileNameGt=../graphsdb/mcs50/bvg/b09m/mcs50_b09m_s35.B13
Reading graphs...
35 :  150
35 :  147
Initializing...
maxdom : 35
D->valSize : 1225
Solving...
Blb : 5 (clique : 13)
currentSize : 13 <-- 0.024108 s
currentSize : 14 <-- 0.025023 s
currentSize : 15 <-- 0.028459 s
currentSize : 16 <-- 0.083188 s
currentSize : 17 <-- 0.223489 s
currentSize : 18 <-- 4.395906 s
currentSize : 19 <-- 87.221901 s

maxsize : 19
nodes : 210024362.000000
filtered : 5582306827.000000
time : 1006.329590
