Parameters: GAD=1 vflib=1 dir=0 label=0 lowerbound=1 fileNameGp=../graphsdb/mcs50/bvg/b06/mcs50_b06_s35.A02 fileNameGt=../graphsdb/mcs50/bvg/b06/mcs50_b06_s35.B02
Reading graphs...
35 :  104
35 :  102
Initializing...
maxdom : 35
D->valSize : 1225
Solving...
Blb : 2 (clique : 15)
currentSize : 15 <-- 0.024090 s
currentSize : 17 <-- 0.024236 s
currentSize : 18 <-- 0.024255 s
currentSize : 19 <-- 0.036871 s
currentSize : 20 <-- 0.040584 s
currentSize : 21 <-- 1.949109 s
currentSize : 22 <-- 172.053741 s
currentSize : 23 <-- 300.540070 s

maxsize : 23
nodes : 109266999.000000
filtered : 4500470369.000000
time : 662.802856
