Parameters: GAD=1 vflib=1 dir=0 label=0 lowerbound=1 fileNameGp=../graphsdb/mcs50/m4D/m4Dr4/mcs50_m4Dr4_s30.A60 fileNameGt=../graphsdb/mcs50/m4D/m4Dr4/mcs50_m4Dr4_s30.B60
Reading graphs...
30 :  67
30 :  64
Initializing...
maxdom : 30
D->valSize : 900
Solving...
Blb : 2 (clique : 15)
currentSize : 15 <-- 0.011375 s
currentSize : 16 <-- 0.011551 s
currentSize : 17 <-- 0.011612 s
currentSize : 18 <-- 0.014066 s
currentSize : 19 <-- 0.023623 s
currentSize : 20 <-- 0.790876 s
currentSize : 21 <-- 65.420448 s

maxsize : 21
nodes : 25611775.000000
filtered : 914359675.000000
time : 136.163589
