Parameters: GAD=1 vflib=1 dir=0 label=0 lowerbound=1 fileNameGp=../graphsdb/mcs50/bvg/b06/mcs50_b06_s20.A00 fileNameGt=../graphsdb/mcs50/bvg/b06/mcs50_b06_s20.B00
Reading graphs...
20 :  59
20 :  58
Initializing...
maxdom : 20
D->valSize : 400
Solving...
Blb : 3 (clique : 10)
currentSize : 10 <-- 0.002211 s
currentSize : 11 <-- 0.002458 s
currentSize : 12 <-- 0.005375 s
currentSize : 13 <-- 0.058875 s
currentSize : 14 <-- 0.094301 s

maxsize : 14
nodes : 55728.000000
filtered : 1246098.000000
time : 0.200439
