Parameters: GAD=1 vflib=1 dir=0 label=0 lowerbound=1 fileNameGp=../graphsdb/mcs50/bvg/b06m/mcs50_b06m_s35.A70 fileNameGt=../graphsdb/mcs50/bvg/b06m/mcs50_b06m_s35.B70
Reading graphs...
35 :  103
35 :  102
Initializing...
maxdom : 35
D->valSize : 1225
Solving...
Blb : 2 (clique : 14)
currentSize : 14 <-- 0.019856 s
currentSize : 15 <-- 0.020002 s
currentSize : 16 <-- 0.021821 s
currentSize : 17 <-- 0.021831 s
currentSize : 18 <-- 0.026593 s
currentSize : 19 <-- 0.781225 s
currentSize : 20 <-- 5.035800 s
currentSize : 21 <-- 103.953339 s
currentSize : 22 <-- 345.959381 s

maxsize : 22
nodes : 230151481.000000
filtered : 9745365946.000000
time : 1410.401367
