Parameters: GAD=1 vflib=1 dir=0 label=0 lowerbound=1 fileNameGp=../graphsdb/mcs50/m2D/m2Dr2/mcs50_m2Dr2_s30.A12 fileNameGt=../graphsdb/mcs50/m2D/m2Dr2/mcs50_m2Dr2_s30.B12
Reading graphs...
30 :  54
30 :  55
Initializing...
maxdom : 30
D->valSize : 900
Solving...
Blb : 2 (clique : 17)
currentSize : 17 <-- 0.011176 s
currentSize : 18 <-- 0.011324 s
currentSize : 19 <-- 0.011666 s
currentSize : 20 <-- 0.115834 s
currentSize : 21 <-- 0.383567 s
currentSize : 22 <-- 49.441025 s

maxsize : 22
nodes : 19617775.000000
filtered : 742843725.000000
time : 110.648048
