Parameters: GAD=1 vflib=1 dir=0 label=0 lowerbound=1 fileNameGp=../graphsdb/mcs50/m2D/m2Dr2/mcs50_m2Dr2_s20.A24 fileNameGt=../graphsdb/mcs50/m2D/m2Dr2/mcs50_m2Dr2_s20.B24
Reading graphs...
20 :  35
20 :  34
Initializing...
maxdom : 20
D->valSize : 400
Solving...
Blb : 3 (clique : 11)
currentSize : 11 <-- 0.002354 s
currentSize : 12 <-- 0.002411 s
currentSize : 13 <-- 0.002434 s
currentSize : 14 <-- 0.002925 s
currentSize : 15 <-- 0.291818 s

maxsize : 15
nodes : 110807.000000
filtered : 2271365.000000
time : 0.389571
