Parameters: GAD=1 vflib=1 dir=0 label=0 lowerbound=1 fileNameGp=../graphsdb/mcs50/rand/r005/mcs50_r005_s20.A85 fileNameGt=../graphsdb/mcs50/rand/r005/mcs50_r005_s20.B85
Reading graphs...
20 :  24
20 :  23
Initializing...
maxdom : 20
D->valSize : 400
Solving...
Blb : 2 (clique : 12)
currentSize : 12 <-- 0.002460 s
currentSize : 13 <-- 0.002524 s
currentSize : 14 <-- 0.002625 s
currentSize : 15 <-- 0.002699 s
currentSize : 16 <-- 0.002805 s
currentSize : 17 <-- 0.090585 s

maxsize : 17
nodes : 24209.000000
filtered : 516011.000000
time : 0.091787
