Parameters: GAD=1 vflib=1 dir=0 label=0 lowerbound=1 fileNameGp=../graphsdb/mcs50/bvg/b09/mcs50_b09_s30.A86 fileNameGt=../graphsdb/mcs50/bvg/b09/mcs50_b09_s30.B86
Reading graphs...
30 :  128
30 :  131
Initializing...
maxdom : 30
D->valSize : 900
Solving...
Blb : 2 (clique : 12)
currentSize : 12 <-- 0.016891 s
currentSize : 13 <-- 0.025557 s
currentSize : 14 <-- 0.078975 s
currentSize : 15 <-- 0.157302 s
currentSize : 16 <-- 0.669483 s
currentSize : 17 <-- 12.544208 s

maxsize : 17
nodes : 18741326.000000
filtered : 469813908.000000
time : 83.720360
