Parameters: GAD=1 vflib=1 dir=0 label=0 lowerbound=1 fileNameGp=../graphsdb/mcs50/m4D/m4Dr4/mcs50_m4Dr4_s30.A21 fileNameGt=../graphsdb/mcs50/m4D/m4Dr4/mcs50_m4Dr4_s30.B21
Reading graphs...
30 :  66
30 :  65
Initializing...
maxdom : 30
D->valSize : 900
Solving...
Blb : 2 (clique : 15)
currentSize : 15 <-- 0.011254 s
currentSize : 16 <-- 0.012222 s
currentSize : 17 <-- 0.012466 s
currentSize : 18 <-- 0.013154 s
currentSize : 19 <-- 0.024195 s
currentSize : 20 <-- 0.162343 s

maxsize : 20
nodes : 20272992.000000
filtered : 642269480.000000
time : 100.926788
