Parameters: GAD=1 vflib=1 dir=0 label=0 lowerbound=1 fileNameGp=../graphsdb/mcs50/bvg/b06m/mcs50_b06m_s35.A22 fileNameGt=../graphsdb/mcs50/bvg/b06m/mcs50_b06m_s35.B22
Reading graphs...
35 :  102
35 :  104
Initializing...
maxdom : 35
D->valSize : 1225
Solving...
Blb : 2 (clique : 16)
currentSize : 16 <-- 0.019629 s
currentSize : 17 <-- 0.020030 s
currentSize : 18 <-- 0.020456 s
currentSize : 19 <-- 0.033185 s
currentSize : 20 <-- 0.152906 s
currentSize : 21 <-- 22.395836 s
currentSize : 22 <-- 212.506546 s

maxsize : 22
nodes : 264707529.000000
filtered : 10787869140.000000
time : 1599.261353
