Parameters: GAD=1 vflib=1 dir=0 label=0 lowerbound=1 fileNameGp=../graphsdb/mcs50/bvg/b03/mcs50_b03_s25.A86 fileNameGt=../graphsdb/mcs50/bvg/b03/mcs50_b03_s25.B86
Reading graphs...
25 :  37
25 :  37
Initializing...
maxdom : 25
D->valSize : 625
Solving...
Blb : 2 (clique : 14)
currentSize : 14 <-- 0.009439 s
currentSize : 16 <-- 0.009577 s
currentSize : 17 <-- 0.048745 s
currentSize : 18 <-- 0.053028 s
currentSize : 19 <-- 0.389152 s

maxsize : 19
nodes : 560688.000000
filtered : 14201096.000000
time : 2.424513
