Parameters: GAD=1 vflib=1 dir=0 label=0 lowerbound=1 fileNameGp=../graphsdb/mcs50/m4D/m4Dr6/mcs50_m4Dr6_s35.A73 fileNameGt=../graphsdb/mcs50/m4D/m4Dr6/mcs50_m4Dr6_s35.B73
Reading graphs...
35 :  83
35 :  81
Initializing...
maxdom : 35
D->valSize : 1225
Solving...
Blb : 2 (clique : 17)
currentSize : 17 <-- 0.035440 s
currentSize : 18 <-- 0.035741 s
currentSize : 19 <-- 0.038017 s
currentSize : 20 <-- 0.052366 s
currentSize : 21 <-- 0.075696 s
currentSize : 22 <-- 0.599756 s
currentSize : 23 <-- 23.649893 s

TIMEOUT
maxsize : 23
nodes : 563603600.000000
filtered : 25025494988.000000
time : 3600.000000
