Parameters: GAD=1 vflib=1 dir=0 label=0 lowerbound=1 fileNameGp=../graphsdb/mcs50/bvg/b09m/mcs50_b09m_s35.A05 fileNameGt=../graphsdb/mcs50/bvg/b09m/mcs50_b09m_s35.B05
Reading graphs...
35 :  150
35 :  151
Initializing...
maxdom : 35
D->valSize : 1225
Solving...
Blb : 5 (clique : 13)
currentSize : 13 <-- 0.019040 s
currentSize : 14 <-- 0.019503 s
currentSize : 15 <-- 0.019862 s
currentSize : 16 <-- 0.023122 s
currentSize : 17 <-- 1.923664 s
currentSize : 18 <-- 51.859097 s

TIMEOUT
maxsize : 18
nodes : 784286805.000000
filtered : 18695161309.000000
time : 3600.000000
