Parameters: GAD=1 vflib=1 dir=0 label=0 lowerbound=1 fileNameGp=../graphsdb/mcs50/bvg/b06m/mcs50_b06m_s30.A81 fileNameGt=../graphsdb/mcs50/bvg/b06m/mcs50_b06m_s30.B81
Reading graphs...
30 :  87
30 :  87
Initializing...
maxdom : 30
D->valSize : 900
Solving...
Blb : 2 (clique : 14)
currentSize : 14 <-- 0.010343 s
currentSize : 15 <-- 0.012315 s
currentSize : 16 <-- 0.014113 s
currentSize : 17 <-- 0.022923 s
currentSize : 18 <-- 0.295001 s
currentSize : 19 <-- 117.163559 s

maxsize : 19
nodes : 41570447.000000
filtered : 1222183843.000000
time : 200.368515
