Parameters: GAD=1 vflib=1 dir=0 label=0 lowerbound=1 fileNameGp=../graphsdb/mcs50/bvg/b06m/mcs50_b06m_s25.A91 fileNameGt=../graphsdb/mcs50/bvg/b06m/mcs50_b06m_s25.B91
Reading graphs...
25 :  69
25 :  72
Initializing...
maxdom : 25
D->valSize : 625
Solving...
Blb : 2 (clique : 11)
currentSize : 11 <-- 0.008551 s
currentSize : 12 <-- 0.008660 s
currentSize : 13 <-- 0.009981 s
currentSize : 14 <-- 0.026562 s
currentSize : 15 <-- 0.527967 s

maxsize : 15
nodes : 3557056.000000
filtered : 73235382.000000
time : 13.736573
