Parameters: GAD=1 vflib=1 dir=0 label=0 lowerbound=1 fileNameGp=../graphsdb/mcs50/m4D/m4Dr4/mcs50_m4Dr4_s35.A63 fileNameGt=../graphsdb/mcs50/m4D/m4Dr4/mcs50_m4Dr4_s35.B63
Reading graphs...
35 :  77
35 :  75
Initializing...
maxdom : 35
D->valSize : 1225
Solving...
Blb : 3 (clique : 16)
currentSize : 16 <-- 0.024912 s
currentSize : 17 <-- 0.025066 s
currentSize : 18 <-- 0.025087 s
currentSize : 19 <-- 0.025502 s
currentSize : 20 <-- 0.025832 s
currentSize : 21 <-- 0.035783 s
currentSize : 22 <-- 0.308966 s
currentSize : 23 <-- 0.751156 s
currentSize : 24 <-- 0.771454 s

maxsize : 24
nodes : 482517746.000000
filtered : 22498223544.000000
time : 3225.868408
