Parameters: GAD=1 vflib=1 dir=0 label=0 lowerbound=1 fileNameGp=../graphsdb/mcs50/bvg/b09/mcs50_b09_s35.A47 fileNameGt=../graphsdb/mcs50/bvg/b09/mcs50_b09_s35.B47
Reading graphs...
35 :  153
35 :  151
Initializing...
maxdom : 35
D->valSize : 1225
Solving...
Blb : 2 (clique : 15)
currentSize : 15 <-- 0.018692 s
currentSize : 16 <-- 0.025841 s
currentSize : 17 <-- 0.630544 s
currentSize : 18 <-- 4.509350 s
currentSize : 19 <-- 13.745530 s
currentSize : 20 <-- 1063.727417 s

maxsize : 20
nodes : 302366220.000000
filtered : 9364246251.000000
time : 1547.630493
