Parameters: GAD=1 vflib=1 dir=0 label=0 lowerbound=1 fileNameGp=../graphsdb/mcs50/rand/r01/mcs50_r01_s20.A37 fileNameGt=../graphsdb/mcs50/rand/r01/mcs50_r01_s20.B37
Reading graphs...
20 :  36
20 :  38
Initializing...
maxdom : 20
D->valSize : 400
Solving...
Blb : 2 (clique : 10)
currentSize : 10 <-- 0.002365 s
currentSize : 11 <-- 0.002800 s
currentSize : 12 <-- 0.003302 s
currentSize : 13 <-- 0.017002 s
currentSize : 14 <-- 0.020513 s
currentSize : 15 <-- 0.038173 s

maxsize : 15
nodes : 32911.000000
filtered : 626157.000000
time : 0.114824
