Parameters: GAD=1 vflib=1 dir=0 label=0 lowerbound=1 fileNameGp=../graphsdb/mcs50/m4D/m4Dr6/mcs50_m4Dr6_s35.A24 fileNameGt=../graphsdb/mcs50/m4D/m4Dr6/mcs50_m4Dr6_s35.B24
Reading graphs...
35 :  81
35 :  80
Initializing...
maxdom : 35
D->valSize : 1225
Solving...
Blb : 2 (clique : 19)
currentSize : 19 <-- 0.020297 s
currentSize : 20 <-- 0.078427 s
currentSize : 21 <-- 0.082140 s
currentSize : 22 <-- 0.187868 s
currentSize : 23 <-- 0.429436 s
currentSize : 24 <-- 1690.853149 s

maxsize : 24
nodes : 370618988.000000
filtered : 16539352934.000000
time : 2337.477295
