Parameters: GAD=1 vflib=1 dir=0 label=0 lowerbound=1 fileNameGp=../graphsdb/mcs50/rand/r02/mcs50_r02_s35.A79 fileNameGt=../graphsdb/mcs50/rand/r02/mcs50_r02_s35.B79
Reading graphs...
35 :  210
35 :  216
Initializing...
maxdom : 35
D->valSize : 1225
Solving...
Blb : 2 (clique : 11)
currentSize : 11 <-- 0.018093 s
currentSize : 12 <-- 0.018556 s
currentSize : 13 <-- 0.020720 s
currentSize : 14 <-- 0.296084 s
currentSize : 15 <-- 0.906136 s
currentSize : 17 <-- 2037.120850 s

maxsize : 17
nodes : 779780196.000000
filtered : 11835301987.000000
time : 3060.505371
