Parameters: GAD=1 vflib=1 dir=0 label=0 lowerbound=1 fileNameGp=../graphsdb/mcs50/rand/r02/mcs50_r02_s25.A38 fileNameGt=../graphsdb/mcs50/rand/r02/mcs50_r02_s25.B38
Reading graphs...
25 :  106
25 :  105
Initializing...
maxdom : 25
D->valSize : 625
Solving...
Blb : 2 (clique : 10)
currentSize : 10 <-- 0.004951 s
currentSize : 11 <-- 0.005526 s
currentSize : 12 <-- 0.007150 s
currentSize : 13 <-- 0.148998 s
currentSize : 14 <-- 6.309910 s

maxsize : 14
nodes : 3867758.000000
filtered : 57530372.000000
time : 12.809859
