Parameters: GAD=1 vflib=1 dir=0 label=0 lowerbound=1 fileNameGp=../graphsdb/mcs50/m4D/m4Dr4/mcs50_m4Dr4_s35.A51 fileNameGt=../graphsdb/mcs50/m4D/m4Dr4/mcs50_m4Dr4_s35.B51
Reading graphs...
35 :  73
35 :  74
Initializing...
maxdom : 35
D->valSize : 1225
Solving...
Blb : 2 (clique : 20)
currentSize : 20 <-- 0.020875 s
currentSize : 21 <-- 0.022043 s
currentSize : 22 <-- 0.053513 s
currentSize : 23 <-- 0.282848 s
currentSize : 24 <-- 0.322461 s

maxsize : 24
nodes : 197309096.000000
filtered : 8724712554.000000
time : 1274.501465
