Parameters: GAD=1 vflib=1 dir=0 label=0 lowerbound=1 fileNameGp=../graphsdb/mcs50/rand/r005/mcs50_r005_s35.A05 fileNameGt=../graphsdb/mcs50/rand/r005/mcs50_r005_s35.B05
Reading graphs...
35 :  61
35 :  61
Initializing...
maxdom : 35
D->valSize : 1225
Solving...
Blb : 2 (clique : 19)
currentSize : 19 <-- 0.025534 s
currentSize : 20 <-- 0.025705 s
currentSize : 21 <-- 0.025721 s
currentSize : 22 <-- 0.025986 s
currentSize : 23 <-- 0.028855 s
currentSize : 24 <-- 0.099402 s
currentSize : 25 <-- 64.947411 s
currentSize : 26 <-- 593.918823 s

maxsize : 26
nodes : 176460536.000000
filtered : 7571370280.000000
time : 1176.776978
