Parameters: GAD=1 vflib=1 dir=0 label=0 lowerbound=1 fileNameGp=../graphsdb/mcs50/m2D/m2Dr4/mcs50_m2Dr4_s20.A42 fileNameGt=../graphsdb/mcs50/m2D/m2Dr4/mcs50_m2Dr4_s20.B42
Reading graphs...
20 :  37
20 :  38
Initializing...
maxdom : 20
D->valSize : 400
Solving...
Blb : 2 (clique : 11)
currentSize : 11 <-- 0.002381 s
currentSize : 12 <-- 0.002434 s
currentSize : 13 <-- 0.004732 s
currentSize : 14 <-- 0.025470 s
currentSize : 15 <-- 0.092858 s

maxsize : 15
nodes : 37311.000000
filtered : 653702.000000
time : 0.126447
