Parameters: GAD=1 vflib=1 dir=0 label=0 lowerbound=1 fileNameGp=../graphsdb/mcs50/rand/r02/mcs50_r02_s35.A28 fileNameGt=../graphsdb/mcs50/rand/r02/mcs50_r02_s35.B28
Reading graphs...
35 :  218
35 :  213
Initializing...
maxdom : 35
D->valSize : 1225
Solving...
Blb : 2 (clique : 12)
currentSize : 12 <-- 0.029878 s
currentSize : 13 <-- 0.037240 s
currentSize : 14 <-- 0.188628 s
currentSize : 15 <-- 9.964386 s
currentSize : 16 <-- 2515.111572 s
currentSize : 18 <-- 2523.277588 s

maxsize : 18
nodes : 790602638.000000
filtered : 10441863683.000000
time : 2940.067383
