Parameters: GAD=1 vflib=1 dir=0 label=0 lowerbound=1 fileNameGp=../graphsdb/mcs50/m2D/m2Dr4/mcs50_m2Dr4_s30.A44 fileNameGt=../graphsdb/mcs50/m2D/m2Dr4/mcs50_m2Dr4_s30.B44
Reading graphs...
30 :  59
30 :  57
Initializing...
maxdom : 30
D->valSize : 900
Solving...
Blb : 2 (clique : 16)
currentSize : 16 <-- 0.011717 s
currentSize : 17 <-- 0.011899 s
currentSize : 18 <-- 0.012037 s
currentSize : 19 <-- 0.105554 s
currentSize : 20 <-- 5.486805 s
currentSize : 21 <-- 41.651546 s

maxsize : 21
nodes : 41835244.000000
filtered : 1429184318.000000
time : 218.917145
