Parameters: GAD=1 vflib=1 dir=0 label=0 lowerbound=1 fileNameGp=../graphsdb/mcs50/bvg/b09m/mcs50_b09m_s35.A73 fileNameGt=../graphsdb/mcs50/bvg/b09m/mcs50_b09m_s35.B73
Reading graphs...
35 :  148
35 :  148
Initializing...
maxdom : 35
D->valSize : 1225
Solving...
Blb : 2 (clique : 13)
currentSize : 13 <-- 0.018359 s
currentSize : 15 <-- 0.018486 s
currentSize : 16 <-- 0.018723 s
currentSize : 17 <-- 0.018980 s
currentSize : 18 <-- 2.244464 s
currentSize : 19 <-- 25.150265 s

maxsize : 19
nodes : 242793480.000000
filtered : 7050725685.000000
time : 1225.071899
