Parameters: GAD=1 vflib=1 dir=0 label=0 lowerbound=1 fileNameGp=../graphsdb/mcs50/rand/r005/mcs50_r005_s25.A26 fileNameGt=../graphsdb/mcs50/rand/r005/mcs50_r005_s25.B26
Reading graphs...
25 :  35
25 :  35
Initializing...
maxdom : 25
D->valSize : 625
Solving...
Blb : 2 (clique : 15)
currentSize : 15 <-- 0.005536 s
currentSize : 16 <-- 0.005630 s
currentSize : 17 <-- 0.021617 s
currentSize : 18 <-- 0.107013 s
currentSize : 19 <-- 0.808670 s
currentSize : 20 <-- 1.225698 s

maxsize : 20
nodes : 328995.000000
filtered : 9085686.000000
time : 1.506471
