Parameters: GAD=1 vflib=1 dir=0 label=0 lowerbound=1 fileNameGp=../graphsdb/mcs50/rand/r005/mcs50_r005_s35.A85 fileNameGt=../graphsdb/mcs50/rand/r005/mcs50_r005_s35.B85
Reading graphs...
35 :  58
35 :  61
Initializing...
maxdom : 35
D->valSize : 1225
Solving...
Blb : 2 (clique : 21)
currentSize : 21 <-- 0.021343 s
currentSize : 22 <-- 0.120195 s
currentSize : 23 <-- 0.362090 s
currentSize : 24 <-- 0.632522 s
currentSize : 25 <-- 10.451556 s
currentSize : 26 <-- 1069.741943 s

maxsize : 26
nodes : 315393617.000000
filtered : 12396550013.000000
time : 2041.329102
