Parameters: GAD=1 vflib=1 dir=0 label=0 lowerbound=1 fileNameGp=../graphsdb/mcs50/bvg/b06/mcs50_b06_s35.A77 fileNameGt=../graphsdb/mcs50/bvg/b06/mcs50_b06_s35.B77
Reading graphs...
35 :  102
35 :  104
Initializing...
maxdom : 35
D->valSize : 1225
Solving...
Blb : 2 (clique : 15)
currentSize : 15 <-- 0.024795 s
currentSize : 16 <-- 0.024953 s
currentSize : 17 <-- 0.024973 s
currentSize : 18 <-- 0.025011 s
currentSize : 19 <-- 0.026382 s
currentSize : 20 <-- 0.029501 s
currentSize : 21 <-- 1.959998 s

TIMEOUT
maxsize : 21
nodes : 642970786.000000
filtered : 23023598682.000000
time : 3600.000000
