Parameters: GAD=1 vflib=1 dir=0 label=0 lowerbound=1 fileNameGp=../graphsdb/mcs50/bvg/b06/mcs50_b06_s35.A57 fileNameGt=../graphsdb/mcs50/bvg/b06/mcs50_b06_s35.B57
Reading graphs...
35 :  104
35 :  105
Initializing...
maxdom : 35
D->valSize : 1225
Solving...
Blb : 2 (clique : 15)
currentSize : 15 <-- 0.019995 s
currentSize : 16 <-- 0.020171 s
currentSize : 17 <-- 0.020201 s
currentSize : 18 <-- 0.020775 s
currentSize : 19 <-- 0.022955 s
currentSize : 20 <-- 1.011126 s
currentSize : 21 <-- 59.137157 s

TIMEOUT
maxsize : 21
nodes : 628514429.000000
filtered : 23219504912.000000
time : 3600.000000
