Parameters: GAD=1 vflib=1 dir=0 label=0 lowerbound=1 fileNameGp=../graphsdb/mcs50/m4D/m4Dr6/mcs50_m4Dr6_s35.A87 fileNameGt=../graphsdb/mcs50/m4D/m4Dr6/mcs50_m4Dr6_s35.B87
Reading graphs...
35 :  82
35 :  82
Initializing...
maxdom : 35
D->valSize : 1225
Solving...
Blb : 2 (clique : 19)
currentSize : 19 <-- 0.035527 s
currentSize : 20 <-- 0.122685 s
currentSize : 21 <-- 0.205132 s
currentSize : 22 <-- 2.702917 s
currentSize : 23 <-- 149.234055 s

maxsize : 23
nodes : 479688083.000000
filtered : 18080256005.000000
time : 2845.256104
