Parameters: GAD=1 vflib=1 dir=0 label=0 lowerbound=1 fileNameGp=../graphsdb/mcs50/m4D/m4Dr6/mcs50_m4Dr6_s35.A93 fileNameGt=../graphsdb/mcs50/m4D/m4Dr6/mcs50_m4Dr6_s35.B93
Reading graphs...
35 :  83
35 :  83
Initializing...
maxdom : 35
D->valSize : 1225
Solving...
Blb : 2 (clique : 18)
currentSize : 18 <-- 0.020454 s
currentSize : 19 <-- 0.021656 s
currentSize : 20 <-- 0.028393 s
currentSize : 21 <-- 0.046877 s
currentSize : 22 <-- 0.065048 s
currentSize : 23 <-- 2.214022 s

maxsize : 23
nodes : 188212005.000000
filtered : 7590988065.000000
time : 1132.334595
