Parameters: GAD=1 vflib=1 dir=0 label=0 lowerbound=1 fileNameGp=../graphsdb/mcs50/m2D/m2Dr4/mcs50_m2Dr4_s30.A76 fileNameGt=../graphsdb/mcs50/m2D/m2Dr4/mcs50_m2Dr4_s30.B76
Reading graphs...
30 :  59
30 :  60
Initializing...
maxdom : 30
D->valSize : 900
Solving...
Blb : 2 (clique : 16)
currentSize : 16 <-- 0.011333 s
currentSize : 17 <-- 0.011464 s
currentSize : 18 <-- 0.012878 s
currentSize : 19 <-- 0.026298 s
currentSize : 20 <-- 0.411858 s
currentSize : 21 <-- 1.657150 s

maxsize : 21
nodes : 17907107.000000
filtered : 582641946.000000
time : 93.082993
