Parameters: GAD=1 vflib=1 dir=0 label=0 lowerbound=1 fileNameGp=../graphsdb/mcs50/m2D/m2Dr6/mcs50_m2Dr6_s20.A49 fileNameGt=../graphsdb/mcs50/m2D/m2Dr6/mcs50_m2Dr6_s20.B49
Reading graphs...
20 :  41
20 :  39
Initializing...
maxdom : 20
D->valSize : 400
Solving...
Blb : 2 (clique : 10)
currentSize : 10 <-- 0.002359 s
currentSize : 11 <-- 0.002416 s
currentSize : 12 <-- 0.002766 s
currentSize : 13 <-- 0.003561 s
currentSize : 14 <-- 0.189923 s

maxsize : 14
nodes : 143888.000000
filtered : 2660436.000000
time : 0.509068
