Parameters: GAD=1 vflib=1 dir=0 label=0 lowerbound=1 fileNameGp=../graphsdb/mcs50/m3D/m3Dr6/mcs50_m3Dr6_s20.A61 fileNameGt=../graphsdb/mcs50/m3D/m3Dr6/mcs50_m3Dr6_s20.B61
Reading graphs...
20 :  44
20 :  45
Initializing...
maxdom : 20
D->valSize : 400
Solving...
Blb : 2 (clique : 10)
currentSize : 10 <-- 0.002445 s
currentSize : 11 <-- 0.002505 s
currentSize : 12 <-- 0.002555 s
currentSize : 13 <-- 0.003149 s
currentSize : 14 <-- 0.145365 s

maxsize : 14
nodes : 119046.000000
filtered : 2113393.000000
time : 0.413383
