Parameters: GAD=1 vflib=1 dir=0 label=0 lowerbound=1 fileNameGp=../graphsdb/mcs50/m2D/m2D/mcs50_m2D_s30.A82 fileNameGt=../graphsdb/mcs50/m2D/m2D/mcs50_m2D_s30.B82
Reading graphs...
30 :  49
30 :  49
Initializing...
maxdom : 30
D->valSize : 900
Solving...
Blb : 2 (clique : 17)
currentSize : 17 <-- 0.019808 s
currentSize : 18 <-- 0.020713 s
currentSize : 19 <-- 0.023040 s
currentSize : 20 <-- 0.046579 s
currentSize : 21 <-- 1.523872 s
currentSize : 22 <-- 4.147349 s

maxsize : 22
nodes : 43169411.000000
filtered : 1628421267.000000
time : 247.257568
