Parameters: GAD=1 vflib=1 dir=0 label=0 lowerbound=1 fileNameGp=../graphsdb/mcs50/m4D/m4Dr2/mcs50_m4Dr2_s35.A06 fileNameGt=../graphsdb/mcs50/m4D/m4Dr2/mcs50_m4Dr2_s35.B06
Reading graphs...
35 :  70
35 :  68
Initializing...
maxdom : 35
D->valSize : 1225
Solving...
Blb : 2 (clique : 18)
currentSize : 18 <-- 0.036063 s
currentSize : 19 <-- 0.036322 s
currentSize : 20 <-- 0.036430 s
currentSize : 21 <-- 0.038765 s
currentSize : 22 <-- 0.414738 s
currentSize : 23 <-- 2.404250 s
currentSize : 24 <-- 10.901886 s
currentSize : 25 <-- 13.027269 s

maxsize : 25
nodes : 122647091.000000
filtered : 6198283719.000000
time : 874.709167
