Parameters: GAD=1 vflib=1 dir=0 label=0 lowerbound=1 fileNameGp=../graphsdb/mcs50/bvg/b06/mcs50_b06_s35.A25 fileNameGt=../graphsdb/mcs50/bvg/b06/mcs50_b06_s35.B25
Reading graphs...
35 :  102
35 :  105
Initializing...
maxdom : 35
D->valSize : 1225
Solving...
Blb : 2 (clique : 17)
currentSize : 17 <-- 0.019782 s
currentSize : 18 <-- 0.020641 s
currentSize : 19 <-- 0.020747 s
currentSize : 20 <-- 0.052463 s
currentSize : 21 <-- 0.083510 s
currentSize : 22 <-- 0.545736 s
currentSize : 23 <-- 231.263779 s

maxsize : 23
nodes : 113860131.000000
filtered : 5563876871.000000
time : 776.386658
