Parameters: GAD=1 vflib=1 dir=0 label=0 lowerbound=1 fileNameGp=../graphsdb/mcs50/m2D/m2D/mcs50_m2D_s30.A88 fileNameGt=../graphsdb/mcs50/m2D/m2D/mcs50_m2D_s30.B88
Reading graphs...
30 :  49
30 :  49
Initializing...
maxdom : 30
D->valSize : 900
Solving...
Blb : 2 (clique : 17)
currentSize : 17 <-- 0.019691 s
currentSize : 18 <-- 0.019898 s
currentSize : 19 <-- 0.020383 s
currentSize : 20 <-- 0.020814 s
currentSize : 21 <-- 0.180858 s
currentSize : 22 <-- 7.787187 s

maxsize : 22
nodes : 35170691.000000
filtered : 1288810916.000000
time : 205.310944
