Parameters: GAD=1 vflib=1 dir=0 label=0 lowerbound=1 fileNameGp=../graphsdb/mcs50/m2D/m2D/mcs50_m2D_s30.A22 fileNameGt=../graphsdb/mcs50/m2D/m2D/mcs50_m2D_s30.B22
Reading graphs...
30 :  48
30 :  49
Initializing...
maxdom : 30
D->valSize : 900
Solving...
Blb : 2 (clique : 18)
currentSize : 18 <-- 0.011457 s
currentSize : 19 <-- 0.011600 s
currentSize : 20 <-- 0.011683 s
currentSize : 21 <-- 0.043251 s
currentSize : 22 <-- 1.066701 s

maxsize : 22
nodes : 32319927.000000
filtered : 1177036818.000000
time : 177.388214
