Parameters: GAD=1 vflib=1 dir=0 label=0 lowerbound=1 fileNameGp=../graphsdb/mcs50/m2D/m2Dr2/mcs50_m2Dr2_s30.A67 fileNameGt=../graphsdb/mcs50/m2D/m2Dr2/mcs50_m2Dr2_s30.B67
Reading graphs...
30 :  55
30 :  54
Initializing...
maxdom : 30
D->valSize : 900
Solving...
Blb : 2 (clique : 16)
currentSize : 16 <-- 0.011241 s
currentSize : 17 <-- 0.011362 s
currentSize : 18 <-- 0.011384 s
currentSize : 19 <-- 0.014507 s
currentSize : 20 <-- 0.021477 s
currentSize : 21 <-- 0.178225 s
currentSize : 22 <-- 1.037665 s

maxsize : 22
nodes : 5403563.000000
filtered : 206564449.000000
time : 31.063108
