Parameters: GAD=1 vflib=1 dir=0 label=0 lowerbound=1 fileNameGp=../graphsdb/mcs50/bvg/b03/mcs50_b03_s35.A96 fileNameGt=../graphsdb/mcs50/bvg/b03/mcs50_b03_s35.B96
Reading graphs...
35 :  52
35 :  51
Initializing...
maxdom : 35
D->valSize : 1225
Solving...
Blb : 2 (clique : 22)
currentSize : 22 <-- 0.021564 s
currentSize : 23 <-- 0.033567 s
currentSize : 24 <-- 10.561296 s
currentSize : 25 <-- 18.381508 s
currentSize : 26 <-- 19.949064 s
currentSize : 27 <-- 20.903105 s

maxsize : 27
nodes : 146903169.000000
filtered : 9302156408.000000
time : 1158.848267
