Parameters: GAD=1 vflib=1 dir=0 label=0 lowerbound=1 fileNameGp=../graphsdb/mcs50/m4D/m4Dr6/mcs50_m4Dr6_s35.A51 fileNameGt=../graphsdb/mcs50/m4D/m4Dr6/mcs50_m4Dr6_s35.B51
Reading graphs...
35 :  83
35 :  81
Initializing...
maxdom : 35
D->valSize : 1225
Solving...
Blb : 2 (clique : 18)
currentSize : 18 <-- 0.020352 s
currentSize : 19 <-- 0.020517 s
currentSize : 20 <-- 0.063699 s
currentSize : 21 <-- 0.262772 s
currentSize : 22 <-- 0.265688 s
currentSize : 23 <-- 16.432520 s
currentSize : 24 <-- 288.736481 s

maxsize : 24
nodes : 78406809.000000
filtered : 2859916428.000000
time : 459.304626
