Parameters: GAD=1 vflib=1 dir=0 label=0 lowerbound=1 fileNameGp=../graphsdb/mcs50/rand/r02/mcs50_r02_s30.A80 fileNameGt=../graphsdb/mcs50/rand/r02/mcs50_r02_s30.B80
Reading graphs...
30 :  155
30 :  154
Initializing...
maxdom : 30
D->valSize : 900
Solving...
Blb : 2 (clique : 11)
currentSize : 11 <-- 0.009520 s
currentSize : 12 <-- 0.010026 s
currentSize : 13 <-- 0.030912 s
currentSize : 14 <-- 1.001017 s
currentSize : 15 <-- 33.580761 s

maxsize : 15
nodes : 69997109.000000
filtered : 1049203533.000000
time : 254.254883
