Parameters: GAD=1 vflib=1 dir=0 label=0 lowerbound=1 fileNameGp=../graphsdb/mcs50/bvg/b09/mcs50_b09_s35.A20 fileNameGt=../graphsdb/mcs50/bvg/b09/mcs50_b09_s35.B20
Reading graphs...
35 :  154
35 :  154
Initializing...
maxdom : 35
D->valSize : 1225
Solving...
Blb : 2 (clique : 14)
currentSize : 14 <-- 0.031779 s
currentSize : 15 <-- 0.035641 s
currentSize : 16 <-- 0.147857 s
currentSize : 17 <-- 2.325906 s
currentSize : 18 <-- 3.033729 s
currentSize : 19 <-- 194.797760 s

maxsize : 19
nodes : 216856902.000000
filtered : 5614639216.000000
time : 1037.373169
