Parameters: GAD=1 vflib=1 dir=0 label=0 lowerbound=1 fileNameGp=../graphsdb/mcs50/m4D/m4D/mcs50_m4D_s35.A44 fileNameGt=../graphsdb/mcs50/m4D/m4D/mcs50_m4D_s35.B44
Reading graphs...
35 :  63
35 :  63
Initializing...
maxdom : 35
D->valSize : 1225
Solving...
Blb : 2 (clique : 22)
currentSize : 22 <-- 0.021262 s
currentSize : 23 <-- 0.022404 s
currentSize : 24 <-- 0.036071 s
currentSize : 25 <-- 39.012768 s
currentSize : 26 <-- 262.840576 s

maxsize : 26
nodes : 111796512.000000
filtered : 5452778219.000000
time : 802.727966
