Parameters: GAD=1 vflib=1 dir=0 label=0 lowerbound=1 fileNameGp=../graphsdb/mcs50/bvg/b09/mcs50_b09_s30.A19 fileNameGt=../graphsdb/mcs50/bvg/b09/mcs50_b09_s30.B19
Reading graphs...
30 :  129
30 :  130
Initializing...
maxdom : 30
D->valSize : 900
Solving...
Blb : 3 (clique : 13)
currentSize : 13 <-- 0.009784 s
currentSize : 14 <-- 0.019386 s
currentSize : 16 <-- 0.019450 s
currentSize : 17 <-- 0.340231 s
currentSize : 18 <-- 6.067931 s

maxsize : 18
nodes : 6641201.000000
filtered : 176625667.000000
time : 30.492483
