Parameters: GAD=1 vflib=1 dir=0 label=0 lowerbound=1 fileNameGp=../graphsdb/mcs50/m4D/m4Dr6/mcs50_m4Dr6_s35.A94 fileNameGt=../graphsdb/mcs50/m4D/m4Dr6/mcs50_m4Dr6_s35.B94
Reading graphs...
35 :  82
35 :  81
Initializing...
maxdom : 35
D->valSize : 1225
Solving...
Blb : 2 (clique : 17)
currentSize : 17 <-- 0.035502 s
currentSize : 18 <-- 0.035838 s
currentSize : 19 <-- 0.047588 s
currentSize : 20 <-- 0.050349 s
currentSize : 21 <-- 0.101295 s
currentSize : 22 <-- 0.361986 s
currentSize : 23 <-- 0.950181 s
currentSize : 24 <-- 603.003174 s

maxsize : 24
nodes : 165733363.000000
filtered : 7113720618.000000
time : 1054.836792
