Parameters: GAD=1 vflib=1 dir=0 label=0 lowerbound=1 fileNameGp=../graphsdb/mcs50/bvg/b09/mcs50_b09_s30.A53 fileNameGt=../graphsdb/mcs50/bvg/b09/mcs50_b09_s30.B53
Reading graphs...
30 :  130
30 :  126
Initializing...
maxdom : 30
D->valSize : 900
Solving...
Blb : 2 (clique : 11)
currentSize : 11 <-- 0.016947 s
currentSize : 13 <-- 0.017122 s
currentSize : 14 <-- 0.017296 s
currentSize : 15 <-- 0.256488 s
currentSize : 16 <-- 1.704843 s
currentSize : 17 <-- 2.640527 s
currentSize : 18 <-- 4.999379 s

maxsize : 18
nodes : 11023931.000000
filtered : 301731063.000000
time : 51.354359
