Parameters: GAD=1 vflib=1 dir=0 label=0 lowerbound=1 fileNameGp=../graphsdb/mcs50/m4D/m4Dr6/mcs50_m4Dr6_s30.A62 fileNameGt=../graphsdb/mcs50/m4D/m4Dr6/mcs50_m4Dr6_s30.B62
Reading graphs...
30 :  72
30 :  72
Initializing...
maxdom : 30
D->valSize : 900
Solving...
Blb : 2 (clique : 15)
currentSize : 15 <-- 0.018819 s
currentSize : 16 <-- 0.019001 s
currentSize : 17 <-- 0.024548 s
currentSize : 18 <-- 0.029539 s
currentSize : 19 <-- 0.467707 s
currentSize : 20 <-- 4.878935 s
currentSize : 21 <-- 5.372319 s

maxsize : 21
nodes : 3012533.000000
filtered : 95426458.000000
time : 15.354606
