Parameters: GAD=1 vflib=1 dir=0 label=0 lowerbound=1 fileNameGp=../graphsdb/mcs50/bvg/b06/mcs50_b06_s30.A35 fileNameGt=../graphsdb/mcs50/bvg/b06/mcs50_b06_s30.B35
Reading graphs...
30 :  89
30 :  88
Initializing...
maxdom : 30
D->valSize : 900
Solving...
Blb : 2 (clique : 14)
currentSize : 14 <-- 0.010667 s
currentSize : 15 <-- 0.019788 s
currentSize : 16 <-- 0.026201 s
currentSize : 17 <-- 0.060574 s
currentSize : 18 <-- 0.722109 s
currentSize : 19 <-- 5.566099 s

maxsize : 19
nodes : 13596533.000000
filtered : 422903978.000000
time : 66.044807
