Parameters: GAD=1 vflib=1 dir=0 label=0 lowerbound=1 fileNameGp=../graphsdb/mcs50/rand/r01/mcs50_r01_s35.A94 fileNameGt=../graphsdb/mcs50/rand/r01/mcs50_r01_s35.B94
Reading graphs...
35 :  115
35 :  114
Initializing...
maxdom : 35
D->valSize : 1225
Solving...
Blb : 2 (clique : 14)
currentSize : 14 <-- 0.033514 s
currentSize : 16 <-- 0.033730 s
currentSize : 17 <-- 0.036726 s
currentSize : 18 <-- 0.456637 s
currentSize : 19 <-- 1.387266 s
currentSize : 20 <-- 1.555013 s

TIMEOUT
maxsize : 20
nodes : 713258904.000000
filtered : 20905043219.000000
time : 3600.000000
