Parameters: GAD=1 vflib=1 dir=0 label=0 lowerbound=1 fileNameGp=../graphsdb/mcs50/m4D/m4D/mcs50_m4D_s30.A92 fileNameGt=../graphsdb/mcs50/m4D/m4D/mcs50_m4D_s30.B92
Reading graphs...
30 :  54
30 :  55
Initializing...
maxdom : 30
D->valSize : 900
Solving...
Blb : 2 (clique : 16)
currentSize : 16 <-- 0.011225 s
currentSize : 18 <-- 0.011350 s
currentSize : 19 <-- 0.011367 s
currentSize : 20 <-- 0.012212 s
currentSize : 21 <-- 0.014887 s
currentSize : 22 <-- 1.554508 s
currentSize : 23 <-- 17.720509 s

maxsize : 23
nodes : 4863378.000000
filtered : 219428347.000000
time : 29.619801
