Parameters: GAD=1 vflib=1 dir=0 label=0 lowerbound=1 fileNameGp=../graphsdb/mcs50/m3D/m3Dr2/mcs50_m3Dr2_s15.A84 fileNameGt=../graphsdb/mcs50/m3D/m3Dr2/mcs50_m3Dr2_s15.B84
Reading graphs...
15 :  27
15 :  28
Initializing...
maxdom : 15
D->valSize : 225
Solving...
Blb : 2 (clique : 8)
currentSize : 8 <-- 0.000914 s
currentSize : 9 <-- 0.000949 s
currentSize : 10 <-- 0.001214 s
currentSize : 11 <-- 0.002017 s
currentSize : 12 <-- 0.007753 s

maxsize : 12
nodes : 2797.000000
filtered : 43291.000000
time : 0.008797
