Parameters: GAD=1 vflib=1 dir=0 label=0 lowerbound=1 fileNameGp=../graphsdb/mcs50/m4D/m4D/mcs50_m4D_s35.A55 fileNameGt=../graphsdb/mcs50/m4D/m4D/mcs50_m4D_s35.B55
Reading graphs...
35 :  63
35 :  63
Initializing...
maxdom : 35
D->valSize : 1225
Solving...
Blb : 2 (clique : 21)
currentSize : 21 <-- 0.021639 s
currentSize : 22 <-- 0.021858 s
currentSize : 23 <-- 0.022963 s
currentSize : 24 <-- 0.028493 s
currentSize : 25 <-- 0.436642 s
currentSize : 26 <-- 420.548279 s

maxsize : 26
nodes : 114740761.000000
filtered : 5817981638.000000
time : 829.190002
