Parameters: GAD=1 vflib=1 dir=0 label=0 lowerbound=1 fileNameGp=../graphsdb/mcs50/bvg/b03/mcs50_b03_s30.A08 fileNameGt=../graphsdb/mcs50/bvg/b03/mcs50_b03_s30.B08
Reading graphs...
30 :  45
30 :  45
Initializing...
maxdom : 30
D->valSize : 900
Solving...
Blb : 2 (clique : 19)
currentSize : 19 <-- 0.011467 s
currentSize : 20 <-- 0.022421 s
currentSize : 21 <-- 0.060716 s
currentSize : 22 <-- 0.142354 s
currentSize : 23 <-- 9.708041 s

maxsize : 23
nodes : 7795930.000000
filtered : 263831638.000000
time : 42.747787
