Parameters: GAD=1 vflib=1 dir=0 label=0 lowerbound=1 fileNameGp=../graphsdb/mcs50/bvg/b09/mcs50_b09_s35.A09 fileNameGt=../graphsdb/mcs50/bvg/b09/mcs50_b09_s35.B09
Reading graphs...
35 :  155
35 :  151
Initializing...
maxdom : 35
D->valSize : 1225
Solving...
Blb : 2 (clique : 14)
currentSize : 14 <-- 0.031984 s
currentSize : 15 <-- 0.062211 s
currentSize : 16 <-- 0.078217 s
currentSize : 17 <-- 0.523656 s
currentSize : 19 <-- 2.499914 s
currentSize : 20 <-- 2.508315 s

maxsize : 20
nodes : 76201810.000000
filtered : 2498810754.000000
time : 408.054962
