Parameters: GAD=1 vflib=1 dir=0 label=0 lowerbound=1 fileNameGp=../graphsdb/mcs50/bvg/b06/mcs50_b06_s25.A19 fileNameGt=../graphsdb/mcs50/bvg/b06/mcs50_b06_s25.B19
Reading graphs...
25 :  72
25 :  73
Initializing...
maxdom : 25
D->valSize : 625
Solving...
Blb : 5 (clique : 11)
currentSize : 11 <-- 0.008491 s
currentSize : 13 <-- 0.008605 s
currentSize : 14 <-- 0.018925 s
currentSize : 15 <-- 0.087127 s
currentSize : 16 <-- 1.096408 s

maxsize : 16
nodes : 1757252.000000
filtered : 41963606.000000
time : 7.403745
