Parameters: GAD=1 vflib=1 dir=0 label=0 lowerbound=1 fileNameGp=../graphsdb/mcs50/bvg/b06/mcs50_b06_s25.A85 fileNameGt=../graphsdb/mcs50/bvg/b06/mcs50_b06_s25.B85
Reading graphs...
25 :  72
25 :  75
Initializing...
maxdom : 25
D->valSize : 625
Solving...
Blb : 2 (clique : 11)
currentSize : 11 <-- 0.005473 s
currentSize : 12 <-- 0.005573 s
currentSize : 13 <-- 0.005725 s
currentSize : 14 <-- 0.008484 s
currentSize : 15 <-- 1.346549 s
currentSize : 16 <-- 17.144188 s

maxsize : 16
nodes : 4775575.000000
filtered : 92298865.000000
time : 17.513006
