Parameters: GAD=1 vflib=1 dir=0 label=0 lowerbound=1 fileNameGp=../graphsdb/mcs50/bvg/b03/mcs50_b03_s35.A40 fileNameGt=../graphsdb/mcs50/bvg/b03/mcs50_b03_s35.B40
Reading graphs...
35 :  52
35 :  52
Initializing...
maxdom : 35
D->valSize : 1225
Solving...
Blb : 2 (clique : 20)
currentSize : 20 <-- 0.021552 s
currentSize : 21 <-- 0.021726 s
currentSize : 22 <-- 0.021855 s
currentSize : 23 <-- 0.052726 s
currentSize : 24 <-- 0.109706 s
currentSize : 25 <-- 0.267609 s
currentSize : 26 <-- 2.608970 s
currentSize : 27 <-- 20.912344 s

maxsize : 27
nodes : 89060266.000000
filtered : 6859518473.000000
time : 780.151855
