Parameters: GAD=1 vflib=1 dir=0 label=0 lowerbound=1 fileNameGp=../graphsdb/mcs50/bvg/b06m/mcs50_b06m_s35.A21 fileNameGt=../graphsdb/mcs50/bvg/b06m/mcs50_b06m_s35.B21
Reading graphs...
35 :  102
35 :  104
Initializing...
maxdom : 35
D->valSize : 1225
Solving...
Blb : 5 (clique : 16)
currentSize : 16 <-- 0.025154 s
currentSize : 17 <-- 0.025306 s
currentSize : 18 <-- 0.047222 s
currentSize : 19 <-- 0.192401 s
currentSize : 20 <-- 1.561427 s
currentSize : 21 <-- 12.245988 s
currentSize : 22 <-- 881.492371 s

maxsize : 22
nodes : 202514688.000000
filtered : 7442265783.000000
time : 1165.463989
