Parameters: GAD=1 vflib=1 dir=0 label=0 lowerbound=1 fileNameGp=../graphsdb/mcs50/m4D/m4Dr4/mcs50_m4Dr4_s30.A08 fileNameGt=../graphsdb/mcs50/m4D/m4Dr4/mcs50_m4Dr4_s30.B08
Reading graphs...
30 :  66
30 :  65
Initializing...
maxdom : 30
D->valSize : 900
Solving...
Blb : 5 (clique : 15)
currentSize : 15 <-- 0.011363 s
currentSize : 16 <-- 0.011527 s
currentSize : 17 <-- 0.011790 s
currentSize : 18 <-- 0.076443 s
currentSize : 19 <-- 0.248981 s
currentSize : 20 <-- 0.656709 s

maxsize : 20
nodes : 27866407.000000
filtered : 912937608.000000
time : 141.634186
