Parameters: GAD=1 vflib=1 dir=0 label=0 lowerbound=1 fileNameGp=../graphsdb/mcs50/bvg/b03/mcs50_b03_s30.A48 fileNameGt=../graphsdb/mcs50/bvg/b03/mcs50_b03_s30.B48
Reading graphs...
30 :  45
30 :  45
Initializing...
maxdom : 30
D->valSize : 900
Solving...
Blb : 3 (clique : 17)
currentSize : 17 <-- 0.019910 s
currentSize : 19 <-- 0.020130 s
currentSize : 20 <-- 0.032963 s
currentSize : 21 <-- 0.033440 s
currentSize : 22 <-- 0.180180 s
currentSize : 23 <-- 8.047215 s

maxsize : 23
nodes : 7172219.000000
filtered : 287765012.000000
time : 41.061928
