Parameters: GAD=1 vflib=1 dir=0 label=0 lowerbound=1 fileNameGp=../graphsdb/mcs50/m4D/m4Dr4/mcs50_m4Dr4_s30.A10 fileNameGt=../graphsdb/mcs50/m4D/m4Dr4/mcs50_m4Dr4_s30.B10
Reading graphs...
30 :  67
30 :  65
Initializing...
maxdom : 30
D->valSize : 900
Solving...
Blb : 5 (clique : 16)
currentSize : 16 <-- 0.011805 s
currentSize : 17 <-- 0.012039 s
currentSize : 18 <-- 0.012598 s
currentSize : 19 <-- 0.129852 s
currentSize : 20 <-- 2.880051 s
currentSize : 21 <-- 111.285507 s

maxsize : 21
nodes : 24632731.000000
filtered : 930812371.000000
time : 135.948807
