Parameters: GAD=1 vflib=1 dir=0 label=0 lowerbound=1 fileNameGp=../graphsdb/mcs50/bvg/b06/mcs50_b06_s35.A40 fileNameGt=../graphsdb/mcs50/bvg/b06/mcs50_b06_s35.B40
Reading graphs...
35 :  100
35 :  103
Initializing...
maxdom : 35
D->valSize : 1225
Solving...
Blb : 2 (clique : 18)
currentSize : 18 <-- 0.019615 s
currentSize : 19 <-- 1.082147 s
currentSize : 20 <-- 3.377089 s
currentSize : 21 <-- 19.397873 s
currentSize : 22 <-- 66.205872 s

maxsize : 22
nodes : 289792328.000000
filtered : 12571673199.000000
time : 1806.517090
