Parameters: GAD=1 vflib=1 dir=0 label=0 lowerbound=1 fileNameGp=../graphsdb/mcs50/m4D/m4Dr4/mcs50_m4Dr4_s30.A07 fileNameGt=../graphsdb/mcs50/m4D/m4Dr4/mcs50_m4Dr4_s30.B07
Reading graphs...
30 :  62
30 :  61
Initializing...
maxdom : 30
D->valSize : 900
Solving...
Blb : 2 (clique : 17)
currentSize : 17 <-- 0.019365 s
currentSize : 18 <-- 0.019782 s
currentSize : 19 <-- 0.021083 s
currentSize : 20 <-- 0.165683 s
currentSize : 21 <-- 0.982767 s

maxsize : 21
nodes : 24653755.000000
filtered : 1041754170.000000
time : 143.930084
