Parameters: GAD=1 vflib=1 dir=0 label=0 lowerbound=1 fileNameGp=../graphsdb/mcs50/m4D/m4Dr4/mcs50_m4Dr4_s30.A59 fileNameGt=../graphsdb/mcs50/m4D/m4Dr4/mcs50_m4Dr4_s30.B59
Reading graphs...
30 :  65
30 :  65
Initializing...
maxdom : 30
D->valSize : 900
Solving...
Blb : 5 (clique : 18)
currentSize : 18 <-- 0.019089 s
currentSize : 19 <-- 0.019279 s
currentSize : 20 <-- 0.020031 s
currentSize : 21 <-- 0.121831 s
currentSize : 22 <-- 0.168589 s

maxsize : 22
nodes : 1008241.000000
filtered : 43406042.000000
time : 6.353844
