Parameters: GAD=1 vflib=1 dir=0 label=0 lowerbound=1 fileNameGp=../graphsdb/mcs50/m2D/m2Dr6/mcs50_m2Dr6_s30.A41 fileNameGt=../graphsdb/mcs50/m2D/m2Dr6/mcs50_m2Dr6_s30.B41
Reading graphs...
30 :  66
30 :  65
Initializing...
maxdom : 30
D->valSize : 900
Solving...
Blb : 2 (clique : 14)
currentSize : 14 <-- 0.010860 s
currentSize : 15 <-- 0.011055 s
currentSize : 16 <-- 0.012083 s
currentSize : 17 <-- 0.040284 s
currentSize : 18 <-- 0.070627 s
currentSize : 19 <-- 0.072159 s
currentSize : 20 <-- 1.465289 s

maxsize : 20
nodes : 23691182.000000
filtered : 756609481.000000
time : 119.622627
