Parameters: GAD=1 vflib=1 dir=0 label=0 lowerbound=1 fileNameGp=../graphsdb/mcs50/m4D/m4Dr4/mcs50_m4Dr4_s30.A69 fileNameGt=../graphsdb/mcs50/m4D/m4Dr4/mcs50_m4Dr4_s30.B69
Reading graphs...
30 :  67
30 :  65
Initializing...
maxdom : 30
D->valSize : 900
Solving...
Blb : 2 (clique : 15)
currentSize : 15 <-- 0.010796 s
currentSize : 16 <-- 0.010925 s
currentSize : 17 <-- 0.013145 s
currentSize : 18 <-- 0.016894 s
currentSize : 19 <-- 0.063283 s
currentSize : 20 <-- 0.403696 s

maxsize : 20
nodes : 32364664.000000
filtered : 1137787631.000000
time : 167.203018
