Parameters: GAD=1 vflib=1 dir=0 label=0 lowerbound=1 fileNameGp=../graphsdb/mcs50/bvg/b09m/mcs50_b09m_s30.A73 fileNameGt=../graphsdb/mcs50/bvg/b09m/mcs50_b09m_s30.B73
Reading graphs...
30 :  127
30 :  123
Initializing...
maxdom : 30
D->valSize : 900
Solving...
Blb : 2 (clique : 12)
currentSize : 12 <-- 0.011243 s
currentSize : 13 <-- 0.011475 s
currentSize : 14 <-- 0.019852 s
currentSize : 15 <-- 0.214562 s
currentSize : 16 <-- 0.257904 s
currentSize : 17 <-- 0.285718 s

maxsize : 17
nodes : 13327799.000000
filtered : 319136636.000000
time : 57.539368
