Parameters: GAD=1 vflib=1 dir=0 label=0 lowerbound=1 fileNameGp=../graphsdb/mcs50/m3D/m3Dr4/mcs50_m3Dr4_s15.A58 fileNameGt=../graphsdb/mcs50/m3D/m3Dr4/mcs50_m3Dr4_s15.B58
Reading graphs...
15 :  30
15 :  30
Initializing...
maxdom : 15
D->valSize : 225
Solving...
Blb : 2 (clique : 7)
currentSize : 7 <-- 0.000914 s
currentSize : 8 <-- 0.000957 s
currentSize : 9 <-- 0.001030 s
currentSize : 10 <-- 0.001271 s
currentSize : 11 <-- 0.011521 s

maxsize : 11
nodes : 7465.000000
filtered : 88726.000000
time : 0.019838
