Parameters: GAD=1 vflib=1 dir=0 label=0 lowerbound=1 fileNameGp=../graphsdb/mcs50/m2D/m2Dr6/mcs50_m2Dr6_s30.A83 fileNameGt=../graphsdb/mcs50/m2D/m2Dr6/mcs50_m2Dr6_s30.B83
Reading graphs...
30 :  67
30 :  65
Initializing...
maxdom : 30
D->valSize : 900
Solving...
Blb : 5 (clique : 16)
currentSize : 16 <-- 0.010962 s
currentSize : 17 <-- 0.011122 s
currentSize : 18 <-- 0.023461 s
currentSize : 19 <-- 0.036751 s
currentSize : 20 <-- 0.118047 s
currentSize : 21 <-- 3.414602 s

maxsize : 21
nodes : 7657896.000000
filtered : 305892797.000000
time : 42.898312
