Parameters: GAD=1 vflib=1 dir=0 label=0 lowerbound=1 fileNameGp=../graphsdb/mcs50/rand/r005/mcs50_r005_s35.A24 fileNameGt=../graphsdb/mcs50/rand/r005/mcs50_r005_s35.B24
Reading graphs...
35 :  62
35 :  59
Initializing...
maxdom : 35
D->valSize : 1225
Solving...
Blb : 2 (clique : 20)
currentSize : 20 <-- 0.021207 s
currentSize : 21 <-- 0.021416 s
currentSize : 22 <-- 0.021565 s
currentSize : 23 <-- 0.471822 s
currentSize : 24 <-- 1.172373 s
currentSize : 25 <-- 28.493322 s
currentSize : 26 <-- 65.703796 s

maxsize : 26
nodes : 77158241.000000
filtered : 3607339291.000000
time : 541.102173
