Parameters: GAD=1 vflib=1 dir=0 label=0 lowerbound=1 fileNameGp=../graphsdb/mcs50/bvg/b03/mcs50_b03_s30.A81 fileNameGt=../graphsdb/mcs50/bvg/b03/mcs50_b03_s30.B81
Reading graphs...
30 :  45
30 :  45
Initializing...
maxdom : 30
D->valSize : 900
Solving...
Blb : 2 (clique : 19)
currentSize : 19 <-- 0.011394 s
currentSize : 20 <-- 0.011548 s
currentSize : 21 <-- 0.012949 s
currentSize : 22 <-- 0.054025 s
currentSize : 23 <-- 10.339448 s

maxsize : 23
nodes : 15897273.000000
filtered : 634290274.000000
time : 92.156555
