Parameters: GAD=1 vflib=1 dir=0 label=0 lowerbound=1 fileNameGp=../graphsdb/mcs50/m4D/m4Dr4/mcs50_m4Dr4_s30.A74 fileNameGt=../graphsdb/mcs50/m4D/m4Dr4/mcs50_m4Dr4_s30.B74
Reading graphs...
30 :  64
30 :  64
Initializing...
maxdom : 30
D->valSize : 900
Solving...
Blb : 2 (clique : 17)
currentSize : 17 <-- 0.011095 s
currentSize : 18 <-- 0.011243 s
currentSize : 19 <-- 0.011346 s
currentSize : 20 <-- 0.011855 s
currentSize : 21 <-- 0.019276 s

maxsize : 21
nodes : 20185066.000000
filtered : 930818913.000000
time : 120.328232
