Parameters: GAD=1 vflib=1 dir=0 label=0 lowerbound=1 fileNameGp=../graphsdb/mcs50/m2D/m2Dr2/mcs50_m2Dr2_s20.A22 fileNameGt=../graphsdb/mcs50/m2D/m2Dr2/mcs50_m2Dr2_s20.B22
Reading graphs...
20 :  35
20 :  34
Initializing...
maxdom : 20
D->valSize : 400
Solving...
Blb : 2 (clique : 11)
currentSize : 11 <-- 0.002360 s
currentSize : 12 <-- 0.002438 s
currentSize : 13 <-- 0.002721 s
currentSize : 14 <-- 0.013878 s
currentSize : 15 <-- 0.224814 s

maxsize : 15
nodes : 89993.000000
filtered : 1796908.000000
time : 0.304984
