Parameters: GAD=1 vflib=1 dir=0 label=0 lowerbound=1 fileNameGp=../graphsdb/mcs50/m4D/m4Dr2/mcs50_m4Dr2_s35.A85 fileNameGt=../graphsdb/mcs50/m4D/m4Dr2/mcs50_m4Dr2_s35.B85
Reading graphs...
35 :  69
35 :  69
Initializing...
maxdom : 35
D->valSize : 1225
Solving...
Blb : 2 (clique : 17)
currentSize : 17 <-- 0.020675 s
currentSize : 18 <-- 0.020847 s
currentSize : 19 <-- 0.021227 s
currentSize : 20 <-- 0.021955 s
currentSize : 21 <-- 0.022608 s
currentSize : 22 <-- 0.043367 s
currentSize : 23 <-- 0.093705 s
currentSize : 24 <-- 0.154376 s
currentSize : 25 <-- 249.273010 s

maxsize : 25
nodes : 169562743.000000
filtered : 8618986001.000000
time : 1205.737427
