Parameters: GAD=1 vflib=1 dir=0 label=0 lowerbound=1 fileNameGp=../graphsdb/mcs50/m2D/m2Dr2/mcs50_m2Dr2_s30.A83 fileNameGt=../graphsdb/mcs50/m2D/m2Dr2/mcs50_m2Dr2_s30.B83
Reading graphs...
30 :  55
30 :  52
Initializing...
maxdom : 30
D->valSize : 900
Solving...
Blb : 2 (clique : 18)
currentSize : 18 <-- 0.013608 s
currentSize : 19 <-- 0.073636 s
currentSize : 20 <-- 0.246502 s
currentSize : 21 <-- 4.167441 s
currentSize : 22 <-- 182.767990 s

maxsize : 22
nodes : 36032619.000000
filtered : 1456478298.000000
time : 199.120728
