Parameters: GAD=1 vflib=1 dir=0 label=0 lowerbound=1 fileNameGp=../graphsdb/mcs50/bvg/b09/mcs50_b09_s20.A10 fileNameGt=../graphsdb/mcs50/bvg/b09/mcs50_b09_s20.B10
Reading graphs...
20 :  85
20 :  86
Initializing...
maxdom : 20
D->valSize : 400
Solving...
Blb : 2 (clique : 10)
currentSize : 10 <-- 0.003527 s
currentSize : 11 <-- 0.003898 s
currentSize : 12 <-- 0.004200 s
currentSize : 13 <-- 0.005889 s
currentSize : 14 <-- 0.037101 s

maxsize : 14
nodes : 27761.000000
filtered : 578734.000000
time : 0.156771
