Parameters: GAD=1 vflib=1 dir=0 label=0 lowerbound=1 fileNameGp=../graphsdb/mcs50/m4D/m4D/mcs50_m4D_s30.A19 fileNameGt=../graphsdb/mcs50/m4D/m4D/mcs50_m4D_s30.B19
Reading graphs...
30 :  55
30 :  54
Initializing...
maxdom : 30
D->valSize : 900
Solving...
Blb : 2 (clique : 19)
currentSize : 19 <-- 0.011128 s
currentSize : 20 <-- 0.011283 s
currentSize : 21 <-- 0.013978 s
currentSize : 22 <-- 0.036420 s
currentSize : 23 <-- 0.169808 s

maxsize : 23
nodes : 1054351.000000
filtered : 51007740.000000
time : 7.141947
