Parameters: GAD=1 vflib=1 dir=0 label=0 lowerbound=1 fileNameGp=../graphsdb/mcs50/m2D/m2Dr4/mcs50_m2Dr4_s20.A25 fileNameGt=../graphsdb/mcs50/m2D/m2Dr4/mcs50_m2Dr4_s20.B25
Reading graphs...
20 :  37
20 :  39
Initializing...
maxdom : 20
D->valSize : 400
Solving...
Blb : 2 (clique : 11)
currentSize : 11 <-- 0.003904 s
currentSize : 12 <-- 0.004242 s
currentSize : 13 <-- 0.011937 s
currentSize : 14 <-- 0.030607 s
currentSize : 15 <-- 0.052778 s

maxsize : 15
nodes : 30766.000000
filtered : 677317.000000
time : 0.142925
