Parameters: GAD=1 vflib=1 dir=0 label=0 lowerbound=1 fileNameGp=../graphsdb/mcs50/m4D/m4Dr6/mcs50_m4Dr6_s35.A12 fileNameGt=../graphsdb/mcs50/m4D/m4Dr6/mcs50_m4Dr6_s35.B12
Reading graphs...
35 :  83
35 :  80
Initializing...
maxdom : 35
D->valSize : 1225
Solving...
Blb : 2 (clique : 19)
currentSize : 19 <-- 0.020276 s
currentSize : 20 <-- 0.020460 s
currentSize : 21 <-- 0.020552 s
currentSize : 22 <-- 3.274947 s
currentSize : 23 <-- 17.584900 s
currentSize : 24 <-- 3056.711670 s

TIMEOUT
maxsize : 24
nodes : 521119174.000000
filtered : 31035677842.000000
time : 3600.000000
