Parameters: GAD=1 vflib=1 dir=0 label=0 lowerbound=1 fileNameGp=../graphsdb/mcs50/m2D/m2Dr2/mcs50_m2Dr2_s30.A89 fileNameGt=../graphsdb/mcs50/m2D/m2Dr2/mcs50_m2Dr2_s30.B89
Reading graphs...
30 :  55
30 :  54
Initializing...
maxdom : 30
D->valSize : 900
Solving...
Blb : 2 (clique : 18)
currentSize : 18 <-- 0.019693 s
currentSize : 19 <-- 0.027074 s
currentSize : 20 <-- 0.111110 s
currentSize : 21 <-- 13.533937 s
currentSize : 22 <-- 96.956146 s

maxsize : 22
nodes : 45980706.000000
filtered : 1648687850.000000
time : 247.352112
