Parameters: GAD=1 vflib=1 dir=0 label=0 lowerbound=1 fileNameGp=../graphsdb/mcs50/bvg/b06m/mcs50_b06m_s30.A45 fileNameGt=../graphsdb/mcs50/bvg/b06m/mcs50_b06m_s30.B45
Reading graphs...
30 :  85
30 :  85
Initializing...
maxdom : 30
D->valSize : 900
Solving...
Blb : 2 (clique : 14)
currentSize : 14 <-- 0.010578 s
currentSize : 15 <-- 0.020225 s
currentSize : 16 <-- 0.064150 s
currentSize : 17 <-- 0.278456 s
currentSize : 18 <-- 0.287064 s
currentSize : 19 <-- 13.601603 s

maxsize : 19
nodes : 20415748.000000
filtered : 740159713.000000
time : 105.629395
