Parameters: GAD=1 vflib=1 dir=0 label=0 lowerbound=1 fileNameGp=../graphsdb/mcs50/bvg/b03m/mcs50_b03m_s25.A93 fileNameGt=../graphsdb/mcs50/bvg/b03m/mcs50_b03m_s25.B93
Reading graphs...
25 :  37
25 :  37
Initializing...
maxdom : 25
D->valSize : 625
Solving...
Blb : 2 (clique : 15)
currentSize : 15 <-- 0.009446 s
currentSize : 16 <-- 0.009713 s
currentSize : 17 <-- 0.026766 s
currentSize : 18 <-- 0.028646 s
currentSize : 19 <-- 0.217547 s

maxsize : 19
nodes : 518627.000000
filtered : 18569775.000000
time : 2.816083
