Parameters: GAD=1 vflib=1 dir=0 label=0 lowerbound=1 fileNameGp=../graphsdb/mcs50/m2D/m2D/mcs50_m2D_s30.A05 fileNameGt=../graphsdb/mcs50/m2D/m2D/mcs50_m2D_s30.B05
Reading graphs...
30 :  49
30 :  48
Initializing...
maxdom : 30
D->valSize : 900
Solving...
Blb : 2 (clique : 18)
currentSize : 18 <-- 0.019659 s
currentSize : 19 <-- 0.020036 s
currentSize : 20 <-- 0.042207 s
currentSize : 21 <-- 4.014907 s
currentSize : 22 <-- 14.432925 s

maxsize : 22
nodes : 21328635.000000
filtered : 728635407.000000
time : 112.541565
