Parameters: GAD=1 vflib=1 dir=0 label=0 lowerbound=1 fileNameGp=../graphsdb/mcs50/bvg/b06/mcs50_b06_s35.A50 fileNameGt=../graphsdb/mcs50/bvg/b06/mcs50_b06_s35.B50
Reading graphs...
35 :  104
35 :  104
Initializing...
maxdom : 35
D->valSize : 1225
Solving...
Blb : 2 (clique : 15)
currentSize : 15 <-- 0.020003 s
currentSize : 16 <-- 0.023085 s
currentSize : 17 <-- 0.024269 s
currentSize : 18 <-- 0.027366 s
currentSize : 19 <-- 0.520879 s
currentSize : 20 <-- 11.431598 s
currentSize : 21 <-- 13.904303 s
currentSize : 22 <-- 153.048187 s

maxsize : 22
nodes : 297709222.000000
filtered : 11976820731.000000
time : 1827.473633
