Parameters: GAD=1 vflib=1 dir=0 label=0 lowerbound=1 fileNameGp=../graphsdb/mcs50/rand/r005/mcs50_r005_s25.A98 fileNameGt=../graphsdb/mcs50/rand/r005/mcs50_r005_s25.B98
Reading graphs...
25 :  34
25 :  35
Initializing...
maxdom : 25
D->valSize : 625
Solving...
Blb : 2 (clique : 16)
currentSize : 16 <-- 0.005769 s
currentSize : 17 <-- 0.005887 s
currentSize : 18 <-- 0.006131 s
currentSize : 19 <-- 0.019663 s
currentSize : 20 <-- 1.283004 s

maxsize : 20
nodes : 486098.000000
filtered : 14275778.000000
time : 2.436361
