Parameters: GAD=1 vflib=1 dir=0 label=0 lowerbound=1 fileNameGp=../graphsdb/mcs50/rand/r01/mcs50_r01_s30.A17 fileNameGt=../graphsdb/mcs50/rand/r01/mcs50_r01_s30.B17
Reading graphs...
30 :  80
30 :  80
Initializing...
maxdom : 30
D->valSize : 900
Solving...
Blb : 2 (clique : 15)
currentSize : 15 <-- 0.010464 s
currentSize : 16 <-- 0.016889 s
currentSize : 17 <-- 0.019186 s
currentSize : 18 <-- 0.039953 s
currentSize : 19 <-- 5.792715 s

maxsize : 19
nodes : 26956125.000000
filtered : 854665224.000000
time : 135.062149
