Parameters: GAD=1 vflib=1 dir=0 label=0 lowerbound=1 fileNameGp=../graphsdb/mcs50/bvg/b09/mcs50_b09_s30.A69 fileNameGt=../graphsdb/mcs50/bvg/b09/mcs50_b09_s30.B69
Reading graphs...
30 :  130
30 :  129
Initializing...
maxdom : 30
D->valSize : 900
Solving...
Blb : 2 (clique : 11)
currentSize : 11 <-- 0.009808 s
currentSize : 12 <-- 0.009931 s
currentSize : 13 <-- 0.010001 s
currentSize : 14 <-- 0.011464 s
currentSize : 15 <-- 0.572656 s
currentSize : 16 <-- 0.855501 s
currentSize : 17 <-- 18.342184 s

maxsize : 17
nodes : 18951950.000000
filtered : 376868241.000000
time : 76.036278
