Parameters: GAD=1 vflib=1 dir=0 label=0 lowerbound=1 fileNameGp=../graphsdb/mcs50/bvg/b03/mcs50_b03_s30.A53 fileNameGt=../graphsdb/mcs50/bvg/b03/mcs50_b03_s30.B53
Reading graphs...
30 :  45
30 :  45
Initializing...
maxdom : 30
D->valSize : 900
Solving...
Blb : 2 (clique : 19)
currentSize : 19 <-- 0.019870 s
currentSize : 20 <-- 0.039642 s
currentSize : 21 <-- 0.059835 s
currentSize : 22 <-- 0.067239 s
currentSize : 23 <-- 0.251797 s

maxsize : 23
nodes : 13451463.000000
filtered : 556120107.000000
time : 78.830788
