Parameters: GAD=1 vflib=1 dir=0 label=0 lowerbound=1 fileNameGp=../graphsdb/mcs50/m2D/m2Dr2/mcs50_m2Dr2_s30.A24 fileNameGt=../graphsdb/mcs50/m2D/m2Dr2/mcs50_m2Dr2_s30.B24
Reading graphs...
30 :  55
30 :  55
Initializing...
maxdom : 30
D->valSize : 900
Solving...
Blb : 2 (clique : 14)
currentSize : 14 <-- 0.019459 s
currentSize : 16 <-- 0.019638 s
currentSize : 17 <-- 0.019690 s
currentSize : 18 <-- 0.021254 s
currentSize : 19 <-- 0.023983 s
currentSize : 20 <-- 0.064100 s
currentSize : 21 <-- 15.567611 s
currentSize : 22 <-- 75.305550 s

maxsize : 22
nodes : 14284194.000000
filtered : 516510379.000000
time : 77.618721
