Parameters: GAD=1 vflib=1 dir=0 label=0 lowerbound=1 fileNameGp=../graphsdb/mcs50/m4D/m4Dr2/mcs50_m4Dr2_s35.A63 fileNameGt=../graphsdb/mcs50/m4D/m4Dr2/mcs50_m4Dr2_s35.B63
Reading graphs...
35 :  69
35 :  69
Initializing...
maxdom : 35
D->valSize : 1225
Solving...
Blb : 5 (clique : 20)
currentSize : 20 <-- 0.020603 s
currentSize : 21 <-- 0.021761 s
currentSize : 22 <-- 0.039925 s
currentSize : 23 <-- 0.079295 s
currentSize : 24 <-- 0.826183 s
currentSize : 25 <-- 1211.722900 s

maxsize : 25
nodes : 302054384.000000
filtered : 13785950354.000000
time : 2012.152222
