Parameters: GAD=1 vflib=1 dir=0 label=0 lowerbound=1 fileNameGp=../graphsdb/mcs50/bvg/b03m/mcs50_b03m_s35.A41 fileNameGt=../graphsdb/mcs50/bvg/b03m/mcs50_b03m_s35.B41
Reading graphs...
35 :  51
35 :  50
Initializing...
maxdom : 35
D->valSize : 1225
Solving...
Blb : 2 (clique : 22)
currentSize : 22 <-- 0.036924 s
currentSize : 23 <-- 0.037250 s
currentSize : 24 <-- 0.591469 s
currentSize : 25 <-- 18.225307 s
currentSize : 26 <-- 18.753201 s
currentSize : 27 <-- 40.249607 s

maxsize : 27
nodes : 142506691.000000
filtered : 7617181059.000000
time : 1083.004883
