Parameters: GAD=1 vflib=1 dir=0 label=0 lowerbound=1 fileNameGp=../graphsdb/mcs50/bvg/b03m/mcs50_b03m_s35.A71 fileNameGt=../graphsdb/mcs50/bvg/b03m/mcs50_b03m_s35.B71
Reading graphs...
35 :  52
35 :  52
Initializing...
maxdom : 35
D->valSize : 1225
Solving...
Blb : 2 (clique : 20)
currentSize : 20 <-- 0.026768 s
currentSize : 21 <-- 0.026971 s
currentSize : 22 <-- 0.030187 s
currentSize : 23 <-- 0.030454 s
currentSize : 24 <-- 0.035460 s
currentSize : 25 <-- 0.037150 s
currentSize : 26 <-- 0.180910 s
currentSize : 27 <-- 2.236200 s
currentSize : 28 <-- 275.239990 s

maxsize : 28
nodes : 38425008.000000
filtered : 2146947470.000000
time : 296.534271
