Parameters: GAD=1 vflib=1 dir=0 label=0 lowerbound=1 fileNameGp=../graphsdb/mcs50/bvg/b09m/mcs50_b09m_s35.A57 fileNameGt=../graphsdb/mcs50/bvg/b09m/mcs50_b09m_s35.B57
Reading graphs...
35 :  151
35 :  150
Initializing...
maxdom : 35
D->valSize : 1225
Solving...
Blb : 2 (clique : 14)
currentSize : 14 <-- 0.023740 s
currentSize : 16 <-- 0.023878 s
currentSize : 17 <-- 0.121599 s
currentSize : 18 <-- 12.570053 s
currentSize : 19 <-- 14.360804 s

maxsize : 19
nodes : 317985973.000000
filtered : 8756271412.000000
time : 1556.185669
