Parameters: GAD=1 vflib=1 dir=0 label=0 lowerbound=1 fileNameGp=../graphsdb/mcs50/bvg/b09/mcs50_b09_s30.A38 fileNameGt=../graphsdb/mcs50/bvg/b09/mcs50_b09_s30.B38
Reading graphs...
30 :  131
30 :  127
Initializing...
maxdom : 30
D->valSize : 900
Solving...
Blb : 3 (clique : 11)
currentSize : 11 <-- 0.016718 s
currentSize : 12 <-- 0.016864 s
currentSize : 13 <-- 0.018237 s
currentSize : 14 <-- 0.019642 s
currentSize : 15 <-- 0.019947 s
currentSize : 16 <-- 0.038814 s
currentSize : 17 <-- 0.039080 s
currentSize : 18 <-- 3.491305 s

maxsize : 18
nodes : 6164307.000000
filtered : 170032890.000000
time : 28.765028
