Parameters: GAD=1 vflib=1 dir=0 label=0 lowerbound=1 fileNameGp=../graphsdb/mcs50/rand/r005/mcs50_r005_s35.A12 fileNameGt=../graphsdb/mcs50/rand/r005/mcs50_r005_s35.B12
Reading graphs...
35 :  61
35 :  62
Initializing...
maxdom : 35
D->valSize : 1225
Solving...
Blb : 2 (clique : 20)
currentSize : 20 <-- 0.020972 s
currentSize : 21 <-- 0.052175 s
currentSize : 22 <-- 0.117669 s
currentSize : 23 <-- 0.894009 s
currentSize : 24 <-- 11.985696 s
currentSize : 25 <-- 12.982030 s

TIMEOUT
maxsize : 25
nodes : 507061945.000000
filtered : 25497825129.000000
time : 3600.000000
