Parameters: GAD=1 vflib=1 dir=0 label=0 lowerbound=1 fileNameGp=../graphsdb/mcs50/rand/r01/mcs50_r01_s30.A41 fileNameGt=../graphsdb/mcs50/rand/r01/mcs50_r01_s30.B41
Reading graphs...
30 :  80
30 :  84
Initializing...
maxdom : 30
D->valSize : 900
Solving...
Blb : 2 (clique : 14)
currentSize : 14 <-- 0.018398 s
currentSize : 15 <-- 0.023871 s
currentSize : 16 <-- 0.066585 s
currentSize : 17 <-- 0.181070 s
currentSize : 18 <-- 10.173140 s
currentSize : 19 <-- 51.240921 s

maxsize : 19
nodes : 46448048.000000
filtered : 1368173410.000000
time : 222.797821
