Parameters: GAD=1 vflib=1 dir=0 label=0 lowerbound=1 fileNameGp=../graphsdb/mcs50/bvg/b09m/mcs50_b09m_s35.A51 fileNameGt=../graphsdb/mcs50/bvg/b09m/mcs50_b09m_s35.B51
Reading graphs...
35 :  149
35 :  148
Initializing...
maxdom : 35
D->valSize : 1225
Solving...
Blb : 2 (clique : 13)
currentSize : 13 <-- 0.018463 s
currentSize : 14 <-- 0.020730 s
currentSize : 15 <-- 0.021270 s
currentSize : 16 <-- 0.034849 s
currentSize : 17 <-- 0.426922 s
currentSize : 18 <-- 94.506958 s
currentSize : 19 <-- 716.738770 s

maxsize : 19
nodes : 588438504.000000
filtered : 19309355314.000000
time : 3079.605957
