Parameters: GAD=1 vflib=1 dir=0 label=0 lowerbound=1 fileNameGp=../graphsdb/mcs50/bvg/b06/mcs50_b06_s25.A05 fileNameGt=../graphsdb/mcs50/bvg/b06/mcs50_b06_s25.B05
Reading graphs...
25 :  75
25 :  75
Initializing...
maxdom : 25
D->valSize : 625
Solving...
Blb : 2 (clique : 11)
currentSize : 11 <-- 0.005067 s
currentSize : 12 <-- 0.005171 s
currentSize : 13 <-- 0.005296 s
currentSize : 14 <-- 0.007416 s
currentSize : 15 <-- 0.453681 s
currentSize : 16 <-- 9.806471 s

maxsize : 16
nodes : 3024462.000000
filtered : 58734329.000000
time : 11.283436
