Parameters: GAD=1 vflib=1 dir=0 label=0 lowerbound=1 fileNameGp=../graphsdb/mcs50/bvg/b06m/mcs50_b06m_s35.A61 fileNameGt=../graphsdb/mcs50/bvg/b06m/mcs50_b06m_s35.B61
Reading graphs...
35 :  100
35 :  102
Initializing...
maxdom : 35
D->valSize : 1225
Solving...
Blb : 2 (clique : 16)
currentSize : 16 <-- 0.024732 s
currentSize : 17 <-- 0.025206 s
currentSize : 18 <-- 0.062262 s
currentSize : 19 <-- 0.161521 s
currentSize : 20 <-- 0.205935 s
currentSize : 21 <-- 101.604126 s

TIMEOUT
maxsize : 21
nodes : 606943157.000000
filtered : 24624098134.000000
time : 3600.000000
