Parameters: GAD=1 vflib=1 dir=0 label=0 lowerbound=1 fileNameGp=../graphsdb/mcs50/m4D/m4Dr2/mcs50_m4Dr2_s35.A28 fileNameGt=../graphsdb/mcs50/m4D/m4Dr2/mcs50_m4Dr2_s35.B28
Reading graphs...
35 :  69
35 :  69
Initializing...
maxdom : 35
D->valSize : 1225
Solving...
Blb : 2 (clique : 20)
currentSize : 20 <-- 0.020775 s
currentSize : 21 <-- 0.021308 s
currentSize : 22 <-- 0.022185 s
currentSize : 23 <-- 0.353460 s
currentSize : 24 <-- 5.754397 s
currentSize : 25 <-- 23.627073 s

maxsize : 25
nodes : 463673701.000000
filtered : 24167970169.000000
time : 3381.160645
