Parameters: GAD=1 vflib=1 dir=0 label=0 lowerbound=1 fileNameGp=../graphsdb/mcs50/bvg/b03m/mcs50_b03m_s30.A81 fileNameGt=../graphsdb/mcs50/bvg/b03m/mcs50_b03m_s30.B81
Reading graphs...
30 :  45
30 :  45
Initializing...
maxdom : 30
D->valSize : 900
Solving...
Blb : 2 (clique : 18)
currentSize : 18 <-- 0.011537 s
currentSize : 19 <-- 0.011737 s
currentSize : 20 <-- 0.026295 s
currentSize : 21 <-- 0.119777 s
currentSize : 22 <-- 0.134354 s
currentSize : 23 <-- 6.535684 s

maxsize : 23
nodes : 6462865.000000
filtered : 254657841.000000
time : 38.387569
