Parameters: GAD=1 vflib=1 dir=0 label=0 lowerbound=1 fileNameGp=../graphsdb/mcs50/bvg/b06/mcs50_b06_s25.A67 fileNameGt=../graphsdb/mcs50/bvg/b06/mcs50_b06_s25.B67
Reading graphs...
25 :  74
25 :  73
Initializing...
maxdom : 25
D->valSize : 625
Solving...
Blb : 2 (clique : 11)
currentSize : 11 <-- 0.008532 s
currentSize : 12 <-- 0.008774 s
currentSize : 13 <-- 0.030226 s
currentSize : 14 <-- 0.040535 s
currentSize : 15 <-- 0.042857 s
currentSize : 16 <-- 0.272830 s

maxsize : 16
nodes : 1207917.000000
filtered : 35732458.000000
time : 5.484178
