Parameters: GAD=1 vflib=1 dir=0 label=0 lowerbound=1 fileNameGp=../graphsdb/mcs50/m4D/m4D/mcs50_m4D_s30.A84 fileNameGt=../graphsdb/mcs50/m4D/m4D/mcs50_m4D_s30.B84
Reading graphs...
30 :  55
30 :  55
Initializing...
maxdom : 30
D->valSize : 900
Solving...
Blb : 2 (clique : 17)
currentSize : 17 <-- 0.011418 s
currentSize : 18 <-- 0.017164 s
currentSize : 19 <-- 0.031141 s
currentSize : 20 <-- 0.031678 s
currentSize : 21 <-- 0.073717 s
currentSize : 22 <-- 2.911988 s

maxsize : 22
nodes : 5393831.000000
filtered : 216429504.000000
time : 31.745031
