Parameters: GAD=1 vflib=1 dir=0 label=0 lowerbound=1 fileNameGp=../graphsdb/mcs50/bvg/b09m/mcs50_b09m_s20.A39 fileNameGt=../graphsdb/mcs50/bvg/b09m/mcs50_b09m_s20.B39
Reading graphs...
20 :  80
20 :  80
Initializing...
maxdom : 20
D->valSize : 400
Solving...
Blb : 5 (clique : 9)
currentSize : 9 <-- 0.002216 s
currentSize : 10 <-- 0.002706 s
currentSize : 11 <-- 0.004789 s
currentSize : 12 <-- 0.126578 s
currentSize : 13 <-- 0.126615 s

maxsize : 13
nodes : 85845.000000
filtered : 1460213.000000
time : 0.296608
