Parameters: GAD=1 vflib=1 dir=0 label=0 lowerbound=1 fileNameGp=../graphsdb/mcs50/m4D/m4D/mcs50_m4D_s30.A13 fileNameGt=../graphsdb/mcs50/m4D/m4D/mcs50_m4D_s30.B13
Reading graphs...
30 :  55
30 :  55
Initializing...
maxdom : 30
D->valSize : 900
Solving...
Blb : 2 (clique : 16)
currentSize : 16 <-- 0.019686 s
currentSize : 17 <-- 0.019951 s
currentSize : 18 <-- 0.020271 s
currentSize : 19 <-- 0.020784 s
currentSize : 20 <-- 0.094873 s
currentSize : 21 <-- 0.210650 s
currentSize : 22 <-- 1.663280 s
currentSize : 23 <-- 38.293854 s

maxsize : 23
nodes : 6632890.000000
filtered : 270832633.000000
time : 39.241154
