Parameters: GAD=1 vflib=1 dir=0 label=0 lowerbound=1 fileNameGp=../graphsdb/mcs50/bvg/b03/mcs50_b03_s30.A93 fileNameGt=../graphsdb/mcs50/bvg/b03/mcs50_b03_s30.B93
Reading graphs...
30 :  45
30 :  45
Initializing...
maxdom : 30
D->valSize : 900
Solving...
Blb : 5 (clique : 18)
currentSize : 18 <-- 0.011777 s
currentSize : 19 <-- 0.012251 s
currentSize : 20 <-- 0.014600 s
currentSize : 21 <-- 0.019809 s
currentSize : 22 <-- 0.646438 s
currentSize : 23 <-- 2.079062 s

maxsize : 23
nodes : 2939138.000000
filtered : 116944206.000000
time : 17.977743
