Parameters: GAD=1 vflib=1 dir=0 label=0 lowerbound=1 fileNameGp=../graphsdb/mcs50/bvg/b06m/mcs50_b06m_s35.A48 fileNameGt=../graphsdb/mcs50/bvg/b06m/mcs50_b06m_s35.B48
Reading graphs...
35 :  103
35 :  103
Initializing...
maxdom : 35
D->valSize : 1225
Solving...
Blb : 2 (clique : 15)
currentSize : 15 <-- 0.019534 s
currentSize : 16 <-- 0.019677 s
currentSize : 17 <-- 0.024766 s
currentSize : 18 <-- 0.026966 s
currentSize : 19 <-- 0.210103 s
currentSize : 20 <-- 0.758080 s
currentSize : 21 <-- 70.610863 s

maxsize : 21
nodes : 624134110.000000
filtered : 24320176134.000000
time : 3568.104248
