Parameters: GAD=1 vflib=1 dir=0 label=0 lowerbound=1 fileNameGp=../graphsdb/mcs50/bvg/b03m/mcs50_b03m_s35.A34 fileNameGt=../graphsdb/mcs50/bvg/b03m/mcs50_b03m_s35.B34
Reading graphs...
35 :  52
35 :  52
Initializing...
maxdom : 35
D->valSize : 1225
Solving...
Blb : 2 (clique : 22)
currentSize : 22 <-- 0.021510 s
currentSize : 23 <-- 0.021743 s
currentSize : 24 <-- 0.023246 s
currentSize : 25 <-- 0.023396 s
currentSize : 26 <-- 0.023734 s
currentSize : 27 <-- 10.734999 s

maxsize : 27
nodes : 41768525.000000
filtered : 2207652913.000000
time : 316.132477
