Parameters: GAD=1 vflib=1 dir=0 label=0 lowerbound=1 fileNameGp=../graphsdb/mcs50/bvg/b03m/mcs50_b03m_s25.A80 fileNameGt=../graphsdb/mcs50/bvg/b03m/mcs50_b03m_s25.B80
Reading graphs...
25 :  35
25 :  36
Initializing...
maxdom : 25
D->valSize : 625
Solving...
Blb : 2 (clique : 15)
currentSize : 15 <-- 0.005712 s
currentSize : 16 <-- 0.005803 s
currentSize : 17 <-- 0.006309 s
currentSize : 18 <-- 0.009069 s
currentSize : 19 <-- 0.012949 s
currentSize : 20 <-- 0.245263 s

maxsize : 20
nodes : 131985.000000
filtered : 4509942.000000
time : 0.705791
