Parameters: GAD=1 vflib=1 dir=0 label=0 lowerbound=1 fileNameGp=../graphsdb/mcs50/rand/r005/mcs50_r005_s35.A59 fileNameGt=../graphsdb/mcs50/rand/r005/mcs50_r005_s35.B59
Reading graphs...
35 :  60
35 :  62
Initializing...
maxdom : 35
D->valSize : 1225
Solving...
Blb : 2 (clique : 20)
currentSize : 20 <-- 0.037019 s
currentSize : 21 <-- 0.110374 s
currentSize : 22 <-- 0.714348 s
currentSize : 23 <-- 23.225424 s
currentSize : 24 <-- 37.584297 s
currentSize : 25 <-- 48.647690 s

TIMEOUT
maxsize : 25
nodes : 480622903.000000
filtered : 24013995258.000000
time : 3600.000000
