Parameters: GAD=1 vflib=1 dir=0 label=0 lowerbound=1 fileNameGp=../graphsdb/mcs50/bvg/b09/mcs50_b09_s30.A12 fileNameGt=../graphsdb/mcs50/bvg/b09/mcs50_b09_s30.B12
Reading graphs...
30 :  131
30 :  131
Initializing...
maxdom : 30
D->valSize : 900
Solving...
Blb : 2 (clique : 12)
currentSize : 12 <-- 0.009747 s
currentSize : 13 <-- 0.010421 s
currentSize : 14 <-- 0.010530 s
currentSize : 15 <-- 0.263248 s
currentSize : 16 <-- 0.513848 s
currentSize : 17 <-- 9.913147 s

maxsize : 17
nodes : 15093104.000000
filtered : 402664649.000000
time : 68.019867
