Parameters: GAD=1 vflib=1 dir=0 label=0 lowerbound=1 fileNameGp=../graphsdb/mcs50/m4D/m4Dr4/mcs50_m4Dr4_s35.A35 fileNameGt=../graphsdb/mcs50/m4D/m4Dr4/mcs50_m4Dr4_s35.B35
Reading graphs...
35 :  76
35 :  75
Initializing...
maxdom : 35
D->valSize : 1225
Solving...
Blb : 2 (clique : 21)
currentSize : 21 <-- 0.020840 s
currentSize : 22 <-- 0.037965 s
currentSize : 23 <-- 0.133301 s
currentSize : 24 <-- 73.646996 s
currentSize : 25 <-- 238.761932 s

maxsize : 25
nodes : 66682782.000000
filtered : 3789850377.000000
time : 492.022003
