Parameters: GAD=1 vflib=1 dir=0 label=0 lowerbound=1 fileNameGp=../graphsdb/mcs50/bvg/b03/mcs50_b03_s25.A84 fileNameGt=../graphsdb/mcs50/bvg/b03/mcs50_b03_s25.B84
Reading graphs...
25 :  37
25 :  37
Initializing...
maxdom : 25
D->valSize : 625
Solving...
Blb : 2 (clique : 14)
currentSize : 14 <-- 0.009499 s
currentSize : 15 <-- 0.009637 s
currentSize : 16 <-- 0.011399 s
currentSize : 17 <-- 0.045523 s
currentSize : 18 <-- 0.045946 s
currentSize : 19 <-- 0.671754 s
currentSize : 20 <-- 2.494709 s

maxsize : 20
nodes : 653985.000000
filtered : 18989439.000000
time : 3.130748
