Parameters: GAD=1 vflib=1 dir=0 label=0 lowerbound=1 fileNameGp=../graphsdb/mcs50/rand/r005/mcs50_r005_s25.A59 fileNameGt=../graphsdb/mcs50/rand/r005/mcs50_r005_s25.B59
Reading graphs...
25 :  35
25 :  34
Initializing...
maxdom : 25
D->valSize : 625
Solving...
Blb : 5 (clique : 15)
currentSize : 15 <-- 0.005655 s
currentSize : 16 <-- 0.005789 s
currentSize : 17 <-- 0.009759 s
currentSize : 18 <-- 0.010008 s
currentSize : 19 <-- 0.019859 s

maxsize : 19
nodes : 922515.000000
filtered : 26107435.000000
time : 4.151463
