Parameters: GAD=1 vflib=1 dir=0 label=0 lowerbound=1 fileNameGp=../graphsdb/mcs50/bvg/b06m/mcs50_b06m_s35.A82 fileNameGt=../graphsdb/mcs50/bvg/b06m/mcs50_b06m_s35.B82
Reading graphs...
35 :  104
35 :  105
Initializing...
maxdom : 35
D->valSize : 1225
Solving...
Blb : 2 (clique : 16)
currentSize : 16 <-- 0.019512 s
currentSize : 17 <-- 0.446814 s
currentSize : 18 <-- 0.608764 s
currentSize : 19 <-- 3.772751 s
currentSize : 20 <-- 19.466238 s
currentSize : 21 <-- 132.309891 s
currentSize : 22 <-- 243.130814 s
currentSize : 23 <-- 243.130844 s

maxsize : 23
nodes : 80733552.000000
filtered : 3396318619.000000
time : 498.361908
