Parameters: GAD=1 vflib=1 dir=0 label=0 lowerbound=1 fileNameGp=../graphsdb/mcs50/m4D/m4Dr2/mcs50_m4Dr2_s35.A00 fileNameGt=../graphsdb/mcs50/m4D/m4Dr2/mcs50_m4Dr2_s35.B00
Reading graphs...
35 :  68
35 :  68
Initializing...
maxdom : 35
D->valSize : 1225
Solving...
Blb : 2 (clique : 19)
currentSize : 19 <-- 0.020643 s
currentSize : 20 <-- 0.021579 s
currentSize : 21 <-- 0.025477 s
currentSize : 22 <-- 0.043289 s
currentSize : 23 <-- 0.106591 s
currentSize : 24 <-- 1.581223 s
currentSize : 25 <-- 56.382408 s

maxsize : 25
nodes : 367855930.000000
filtered : 19871570744.000000
time : 2677.913574
