Parameters: GAD=1 vflib=1 dir=0 label=0 lowerbound=1 fileNameGp=../graphsdb/mcs50/bvg/b03m/mcs50_b03m_s30.A85 fileNameGt=../graphsdb/mcs50/bvg/b03m/mcs50_b03m_s30.B85
Reading graphs...
30 :  43
30 :  43
Initializing...
maxdom : 30
D->valSize : 900
Solving...
Blb : 5 (clique : 19)
currentSize : 19 <-- 0.019709 s
currentSize : 20 <-- 0.020645 s
currentSize : 21 <-- 1.017897 s
currentSize : 22 <-- 3.210016 s
currentSize : 23 <-- 1082.146606 s

maxsize : 23
nodes : 408141059.000000
filtered : 14798849267.000000
time : 2212.111328
