Parameters: GAD=1 vflib=1 dir=0 label=0 lowerbound=1 fileNameGp=../graphsdb/mcs50/bvg/b03/mcs50_b03_s35.A14 fileNameGt=../graphsdb/mcs50/bvg/b03/mcs50_b03_s35.B14
Reading graphs...
35 :  52
35 :  52
Initializing...
maxdom : 35
D->valSize : 1225
Solving...
Blb : 2 (clique : 21)
currentSize : 21 <-- 0.022176 s
currentSize : 22 <-- 0.024020 s
currentSize : 23 <-- 0.024057 s
currentSize : 24 <-- 0.026172 s
currentSize : 25 <-- 0.650161 s
currentSize : 26 <-- 3.998808 s
currentSize : 27 <-- 6.150716 s

maxsize : 27
nodes : 209818947.000000
filtered : 11970506818.000000
time : 1676.382080
