Parameters: GAD=1 vflib=1 dir=0 label=0 lowerbound=1 fileNameGp=../graphsdb/mcs50/bvg/b06/mcs50_b06_s35.A51 fileNameGt=../graphsdb/mcs50/bvg/b06/mcs50_b06_s35.B51
Reading graphs...
35 :  104
35 :  104
Initializing...
maxdom : 35
D->valSize : 1225
Solving...
Blb : 2 (clique : 17)
currentSize : 17 <-- 0.019687 s
currentSize : 19 <-- 0.020938 s
currentSize : 20 <-- 0.021020 s
currentSize : 21 <-- 1.432556 s
currentSize : 22 <-- 201.577835 s

maxsize : 22
nodes : 177071924.000000
filtered : 8043383272.000000
time : 1127.766602
