Parameters: GAD=1 vflib=1 dir=0 label=0 lowerbound=1 fileNameGp=../graphsdb/mcs50/bvg/b09/mcs50_b09_s35.A28 fileNameGt=../graphsdb/mcs50/bvg/b09/mcs50_b09_s35.B28
Reading graphs...
35 :  151
35 :  153
Initializing...
maxdom : 35
D->valSize : 1225
Solving...
Blb : 2 (clique : 14)
currentSize : 14 <-- 0.031635 s
currentSize : 15 <-- 0.035212 s
currentSize : 16 <-- 0.048569 s
currentSize : 17 <-- 0.199955 s
currentSize : 18 <-- 44.377392 s
currentSize : 19 <-- 62.742249 s
currentSize : 20 <-- 614.397156 s

maxsize : 20
nodes : 182173088.000000
filtered : 5348789805.000000
time : 925.983398
