Parameters: GAD=1 vflib=1 dir=0 label=0 lowerbound=1 fileNameGp=../graphsdb/mcs50/bvg/b06m/mcs50_b06m_s35.A63 fileNameGt=../graphsdb/mcs50/bvg/b06m/mcs50_b06m_s35.B63
Reading graphs...
35 :  105
35 :  104
Initializing...
maxdom : 35
D->valSize : 1225
Solving...
Blb : 5 (clique : 15)
currentSize : 15 <-- 0.019840 s
currentSize : 17 <-- 0.019985 s
currentSize : 18 <-- 0.020022 s
currentSize : 19 <-- 0.020065 s
currentSize : 20 <-- 0.609883 s
currentSize : 21 <-- 1045.212646 s
currentSize : 22 <-- 2399.873779 s

maxsize : 22
nodes : 550716466.000000
filtered : 17163385390.000000
time : 2875.245605
