Parameters: GAD=1 vflib=1 dir=0 label=0 lowerbound=1 fileNameGp=../graphsdb/mcs50/rand/r005/mcs50_r005_s30.A27 fileNameGt=../graphsdb/mcs50/rand/r005/mcs50_r005_s30.B27
Reading graphs...
30 :  47
30 :  47
Initializing...
maxdom : 30
D->valSize : 900
Solving...
Blb : 2 (clique : 19)
currentSize : 19 <-- 0.019873 s
currentSize : 20 <-- 0.020302 s
currentSize : 21 <-- 0.049569 s
currentSize : 22 <-- 0.096499 s
currentSize : 23 <-- 0.443957 s

maxsize : 23
nodes : 2990545.000000
filtered : 134909426.000000
time : 19.782124
