Parameters: GAD=1 vflib=1 dir=0 label=0 lowerbound=1 fileNameGp=../graphsdb/mcs50/bvg/b06/mcs50_b06_s35.A58 fileNameGt=../graphsdb/mcs50/bvg/b06/mcs50_b06_s35.B58
Reading graphs...
35 :  101
35 :  105
Initializing...
maxdom : 35
D->valSize : 1225
Solving...
Blb : 2 (clique : 17)
currentSize : 17 <-- 0.020049 s
currentSize : 18 <-- 0.038950 s
currentSize : 19 <-- 0.160757 s
currentSize : 20 <-- 16.894812 s
currentSize : 21 <-- 27.436323 s
currentSize : 22 <-- 555.977783 s

maxsize : 22
nodes : 422074567.000000
filtered : 18249266893.000000
time : 2684.544922
