Parameters: GAD=1 vflib=1 dir=0 label=0 lowerbound=1 fileNameGp=../graphsdb/mcs50/m4D/m4Dr4/mcs50_m4Dr4_s35.A67 fileNameGt=../graphsdb/mcs50/m4D/m4Dr4/mcs50_m4Dr4_s35.B67
Reading graphs...
35 :  75
35 :  73
Initializing...
maxdom : 35
D->valSize : 1225
Solving...
Blb : 2 (clique : 18)
currentSize : 18 <-- 0.035950 s
currentSize : 20 <-- 0.036204 s
currentSize : 21 <-- 0.106120 s
currentSize : 22 <-- 0.122585 s
currentSize : 23 <-- 0.605425 s
currentSize : 24 <-- 1.402353 s
currentSize : 25 <-- 124.239006 s

maxsize : 25
nodes : 55613821.000000
filtered : 2862183147.000000
time : 401.530121
