Parameters: GAD=1 vflib=1 dir=0 label=0 lowerbound=1 fileNameGp=../graphsdb/mcs50/bvg/b09m/mcs50_b09m_s35.A70 fileNameGt=../graphsdb/mcs50/bvg/b09m/mcs50_b09m_s35.B70
Reading graphs...
35 :  148
35 :  142
Initializing...
maxdom : 35
D->valSize : 1225
Solving...
Blb : 5 (clique : 14)
currentSize : 14 <-- 0.024007 s
currentSize : 15 <-- 0.024986 s
currentSize : 16 <-- 0.070684 s
currentSize : 17 <-- 0.640985 s
currentSize : 18 <-- 3.612979 s
currentSize : 19 <-- 1185.021362 s

maxsize : 19
nodes : 445722588.000000
filtered : 10531970762.000000
time : 2010.643188
