Parameters: GAD=1 vflib=1 dir=0 label=0 lowerbound=1 fileNameGp=../graphsdb/mcs50/rand/r005/mcs50_r005_s30.A69 fileNameGt=../graphsdb/mcs50/rand/r005/mcs50_r005_s30.B69
Reading graphs...
30 :  47
30 :  47
Initializing...
maxdom : 30
D->valSize : 900
Solving...
Blb : 2 (clique : 18)
currentSize : 18 <-- 0.019936 s
currentSize : 19 <-- 0.020158 s
currentSize : 20 <-- 0.021146 s
currentSize : 21 <-- 0.118951 s
currentSize : 22 <-- 1.280349 s

maxsize : 22
nodes : 100852793.000000
filtered : 3775366881.000000
time : 582.157715
