Parameters: GAD=1 vflib=1 dir=0 label=0 lowerbound=1 fileNameGp=../graphsdb/mcs50/rand/r02/mcs50_r02_s35.A40 fileNameGt=../graphsdb/mcs50/rand/r02/mcs50_r02_s35.B40
Reading graphs...
35 :  219
35 :  213
Initializing...
maxdom : 35
D->valSize : 1225
Solving...
Blb : 2 (clique : 10)
currentSize : 10 <-- 0.018099 s
currentSize : 11 <-- 0.018214 s
currentSize : 12 <-- 0.018257 s
currentSize : 13 <-- 0.027353 s
currentSize : 14 <-- 0.052959 s
currentSize : 15 <-- 9.088241 s
currentSize : 16 <-- 789.059326 s
currentSize : 17 <-- 1699.409302 s

maxsize : 17
nodes : 700554635.000000
filtered : 9993576416.000000
time : 2656.977051
