Parameters: GAD=1 vflib=1 dir=0 label=0 lowerbound=1 fileNameGp=../graphsdb/mcs50/rand/r005/mcs50_r005_s30.A06 fileNameGt=../graphsdb/mcs50/rand/r005/mcs50_r005_s30.B06
Reading graphs...
30 :  47
30 :  47
Initializing...
maxdom : 30
D->valSize : 900
Solving...
Blb : 2 (clique : 18)
currentSize : 18 <-- 0.011459 s
currentSize : 19 <-- 0.011701 s
currentSize : 20 <-- 0.055835 s
currentSize : 21 <-- 2.956460 s
currentSize : 22 <-- 33.442955 s

maxsize : 22
nodes : 270805581.000000
filtered : 11285724315.000000
time : 1578.939087
