Parameters: GAD=1 vflib=1 dir=0 label=0 lowerbound=1 fileNameGp=../graphsdb/mcs50/bvg/b09m/mcs50_b09m_s30.A68 fileNameGt=../graphsdb/mcs50/bvg/b09m/mcs50_b09m_s30.B68
Reading graphs...
30 :  127
30 :  129
Initializing...
maxdom : 30
D->valSize : 900
Solving...
Blb : 5 (clique : 12)
currentSize : 12 <-- 0.017114 s
currentSize : 13 <-- 0.017528 s
currentSize : 14 <-- 0.027563 s
currentSize : 15 <-- 0.646764 s
currentSize : 16 <-- 3.639000 s

maxsize : 16
nodes : 36273481.000000
filtered : 753387607.000000
time : 148.057526
