Parameters: GAD=1 vflib=1 dir=0 label=0 lowerbound=1 fileNameGp=../graphsdb/mcs50/rand/r01/mcs50_r01_s35.A70 fileNameGt=../graphsdb/mcs50/rand/r01/mcs50_r01_s35.B70
Reading graphs...
35 :  113
35 :  111
Initializing...
maxdom : 35
D->valSize : 1225
Solving...
Blb : 2 (clique : 15)
currentSize : 15 <-- 0.033417 s
currentSize : 16 <-- 0.033922 s
currentSize : 17 <-- 0.034052 s
currentSize : 18 <-- 0.154840 s
currentSize : 19 <-- 2.295136 s
currentSize : 20 <-- 25.018057 s

TIMEOUT
maxsize : 20
nodes : 748153825.000000
filtered : 19505695876.000000
time : 3600.000000
