Parameters: GAD=1 vflib=1 dir=0 label=0 lowerbound=1 fileNameGp=../graphsdb/mcs50/bvg/b03/mcs50_b03_s30.A63 fileNameGt=../graphsdb/mcs50/bvg/b03/mcs50_b03_s30.B63
Reading graphs...
30 :  45
30 :  45
Initializing...
maxdom : 30
D->valSize : 900
Solving...
Blb : 5 (clique : 19)
currentSize : 19 <-- 0.020264 s
currentSize : 20 <-- 0.034729 s
currentSize : 21 <-- 0.071145 s
currentSize : 22 <-- 0.085624 s
currentSize : 23 <-- 36.758930 s

maxsize : 23
nodes : 19061894.000000
filtered : 797232385.000000
time : 113.026428
