Parameters: GAD=1 vflib=1 dir=0 label=0 lowerbound=1 fileNameGp=../graphsdb/mcs50/m2D/m2Dr6/mcs50_m2Dr6_s30.A52 fileNameGt=../graphsdb/mcs50/m2D/m2Dr6/mcs50_m2Dr6_s30.B52
Reading graphs...
30 :  66
30 :  66
Initializing...
maxdom : 30
D->valSize : 900
Solving...
Blb : 5 (clique : 15)
currentSize : 15 <-- 0.010824 s
currentSize : 16 <-- 0.010949 s
currentSize : 17 <-- 0.011207 s
currentSize : 18 <-- 0.011263 s
currentSize : 19 <-- 0.011777 s
currentSize : 20 <-- 0.477849 s
currentSize : 21 <-- 72.804497 s

maxsize : 21
nodes : 17902353.000000
filtered : 669898797.000000
time : 98.480988
