Parameters: GAD=1 vflib=1 dir=0 label=0 lowerbound=1 fileNameGp=../graphsdb/mcs50/m2D/m2D/mcs50_m2D_s30.A98 fileNameGt=../graphsdb/mcs50/m2D/m2D/mcs50_m2D_s30.B98
Reading graphs...
30 :  48
30 :  49
Initializing...
maxdom : 30
D->valSize : 900
Solving...
Blb : 2 (clique : 17)
currentSize : 17 <-- 0.019765 s
currentSize : 18 <-- 0.019962 s
currentSize : 19 <-- 0.019978 s
currentSize : 20 <-- 0.020096 s
currentSize : 21 <-- 0.127377 s
currentSize : 22 <-- 65.543861 s

maxsize : 22
nodes : 30401432.000000
filtered : 1070280926.000000
time : 162.522202
