Parameters: GAD=1 vflib=1 dir=0 label=0 lowerbound=1 fileNameGp=../graphsdb/mcs50/bvg/b06/mcs50_b06_s35.A72 fileNameGt=../graphsdb/mcs50/bvg/b06/mcs50_b06_s35.B72
Reading graphs...
35 :  103
35 :  105
Initializing...
maxdom : 35
D->valSize : 1225
Solving...
Blb : 3 (clique : 16)
currentSize : 16 <-- 0.024279 s
currentSize : 17 <-- 0.032574 s
currentSize : 18 <-- 0.173673 s
currentSize : 19 <-- 0.529851 s
currentSize : 20 <-- 3.629730 s
currentSize : 21 <-- 5.712577 s
currentSize : 22 <-- 159.801941 s

maxsize : 22
nodes : 358391693.000000
filtered : 14504115294.000000
time : 2161.635742
