Parameters: GAD=1 vflib=1 dir=0 label=0 lowerbound=1 fileNameGp=../graphsdb/mcs50/m3D/m3D/mcs50_m3D_s20.A40 fileNameGt=../graphsdb/mcs50/m3D/m3D/mcs50_m3D_s20.B40
Reading graphs...
20 :  36
20 :  36
Initializing...
maxdom : 20
D->valSize : 400
Solving...
Blb : 2 (clique : 10)
currentSize : 10 <-- 0.002479 s
currentSize : 11 <-- 0.002532 s
currentSize : 12 <-- 0.002559 s
currentSize : 13 <-- 0.002753 s
currentSize : 14 <-- 0.002910 s
currentSize : 15 <-- 0.109969 s

maxsize : 15
nodes : 48128.000000
filtered : 1151917.000000
time : 0.205608
