Parameters: GAD=1 vflib=1 dir=0 label=0 lowerbound=1 fileNameGp=../graphsdb/mcs50/rand/r02/mcs50_r02_s30.A29 fileNameGt=../graphsdb/mcs50/rand/r02/mcs50_r02_s30.B29
Reading graphs...
30 :  160
30 :  155
Initializing...
maxdom : 30
D->valSize : 900
Solving...
Blb : 2 (clique : 10)
currentSize : 10 <-- 0.009558 s
currentSize : 11 <-- 0.009666 s
currentSize : 12 <-- 0.010552 s
currentSize : 13 <-- 0.027141 s
currentSize : 14 <-- 9.851025 s
currentSize : 15 <-- 26.412228 s

maxsize : 15
nodes : 74347742.000000
filtered : 1139639074.000000
time : 273.672516
