Parameters: GAD=1 vflib=1 dir=0 label=0 lowerbound=1 fileNameGp=../graphsdb/mcs50/bvg/b03m/mcs50_b03m_s30.A00 fileNameGt=../graphsdb/mcs50/bvg/b03m/mcs50_b03m_s30.B00
Reading graphs...
30 :  44
30 :  44
Initializing...
maxdom : 30
D->valSize : 900
Solving...
Blb : 5 (clique : 18)
currentSize : 18 <-- 0.011331 s
currentSize : 19 <-- 0.011469 s
currentSize : 20 <-- 0.011711 s
currentSize : 21 <-- 0.020698 s
currentSize : 22 <-- 0.075818 s
currentSize : 23 <-- 2.746390 s
currentSize : 24 <-- 14.024087 s

maxsize : 24
nodes : 3183417.000000
filtered : 123015270.000000
time : 18.501884
