Parameters: GAD=1 vflib=1 dir=0 label=0 lowerbound=1 fileNameGp=../graphsdb/mcs50/rand/r01/mcs50_r01_s25.A22 fileNameGt=../graphsdb/mcs50/rand/r01/mcs50_r01_s25.B22
Reading graphs...
25 :  58
25 :  56
Initializing...
maxdom : 25
D->valSize : 625
Solving...
Blb : 2 (clique : 12)
currentSize : 12 <-- 0.005204 s
currentSize : 13 <-- 0.005990 s
currentSize : 14 <-- 0.008130 s
currentSize : 15 <-- 0.014167 s
currentSize : 16 <-- 0.042335 s

maxsize : 16
nodes : 5413528.000000
filtered : 112504065.000000
time : 20.309204
