Parameters: GAD=1 vflib=1 dir=0 label=0 lowerbound=1 fileNameGp=../graphsdb/mcs50/m4D/m4Dr4/mcs50_m4Dr4_s30.A14 fileNameGt=../graphsdb/mcs50/m4D/m4Dr4/mcs50_m4Dr4_s30.B14
Reading graphs...
30 :  66
30 :  64
Initializing...
maxdom : 30
D->valSize : 900
Solving...
Blb : 2 (clique : 15)
currentSize : 15 <-- 0.012035 s
currentSize : 16 <-- 0.012570 s
currentSize : 17 <-- 0.026394 s
currentSize : 18 <-- 0.041053 s
currentSize : 19 <-- 0.489677 s
currentSize : 20 <-- 1.428412 s
currentSize : 21 <-- 42.698929 s

maxsize : 21
nodes : 11999480.000000
filtered : 379927824.000000
time : 59.315594
