Parameters: GAD=1 vflib=1 dir=0 label=0 lowerbound=1 fileNameGp=../graphsdb/mcs50/bvg/b09/mcs50_b09_s25.A56 fileNameGt=../graphsdb/mcs50/bvg/b09/mcs50_b09_s25.B56
Reading graphs...
25 :  108
25 :  106
Initializing...
maxdom : 25
D->valSize : 625
Solving...
Blb : 3 (clique : 10)
currentSize : 10 <-- 0.004703 s
currentSize : 11 <-- 0.007379 s
currentSize : 12 <-- 0.029435 s
currentSize : 13 <-- 0.030490 s
currentSize : 14 <-- 0.291384 s
currentSize : 15 <-- 0.533562 s

maxsize : 15
nodes : 868952.000000
filtered : 20518679.000000
time : 3.475547
