Parameters: GAD=1 vflib=1 dir=0 label=0 lowerbound=1 fileNameGp=../graphsdb/mcs50/m4D/m4D/mcs50_m4D_s35.A32 fileNameGt=../graphsdb/mcs50/m4D/m4D/mcs50_m4D_s35.B32
Reading graphs...
35 :  62
35 :  63
Initializing...
maxdom : 35
D->valSize : 1225
Solving...
Blb : 2 (clique : 20)
currentSize : 20 <-- 0.037063 s
currentSize : 21 <-- 0.052048 s
currentSize : 22 <-- 0.124115 s
currentSize : 23 <-- 0.548539 s
currentSize : 24 <-- 5.997838 s
currentSize : 25 <-- 26.327816 s
currentSize : 26 <-- 179.707397 s

maxsize : 26
nodes : 73164944.000000
filtered : 3470015542.000000
time : 515.846252
