Parameters: GAD=1 vflib=1 dir=0 label=0 lowerbound=1 fileNameGp=../graphsdb/mcs50/m4D/m4D/mcs50_m4D_s30.A60 fileNameGt=../graphsdb/mcs50/m4D/m4D/mcs50_m4D_s30.B60
Reading graphs...
30 :  55
30 :  55
Initializing...
maxdom : 30
D->valSize : 900
Solving...
Blb : 2 (clique : 19)
currentSize : 19 <-- 0.019500 s
currentSize : 20 <-- 0.040899 s
currentSize : 21 <-- 0.265165 s
currentSize : 22 <-- 0.265261 s
currentSize : 23 <-- 17.887011 s

maxsize : 23
nodes : 3363021.000000
filtered : 152225031.000000
time : 20.844856
