Parameters: GAD=1 vflib=1 dir=0 label=0 lowerbound=1 fileNameGp=../graphsdb/mcs50/bvg/b06m/mcs50_b06m_s30.A63 fileNameGt=../graphsdb/mcs50/bvg/b06m/mcs50_b06m_s30.B63
Reading graphs...
30 :  88
30 :  87
Initializing...
maxdom : 30
D->valSize : 900
Solving...
Blb : 2 (clique : 15)
currentSize : 15 <-- 0.018045 s
currentSize : 16 <-- 0.018285 s
currentSize : 17 <-- 0.056172 s
currentSize : 18 <-- 2.571941 s
currentSize : 19 <-- 49.208378 s

maxsize : 19
nodes : 25131967.000000
filtered : 792585744.000000
time : 125.490150
