Parameters: GAD=1 vflib=1 dir=0 label=0 lowerbound=1 fileNameGp=../graphsdb/mcs50/m2D/m2Dr6/mcs50_m2Dr6_s30.A49 fileNameGt=../graphsdb/mcs50/m2D/m2Dr6/mcs50_m2Dr6_s30.B49
Reading graphs...
30 :  67
30 :  65
Initializing...
maxdom : 30
D->valSize : 900
Solving...
Blb : 2 (clique : 16)
currentSize : 16 <-- 0.010864 s
currentSize : 17 <-- 0.011307 s
currentSize : 18 <-- 0.012300 s
currentSize : 19 <-- 0.080902 s
currentSize : 20 <-- 3.664819 s

maxsize : 20
nodes : 47741514.000000
filtered : 1631474737.000000
time : 243.652924
