Parameters: GAD=1 vflib=1 dir=0 label=0 lowerbound=1 fileNameGp=../graphsdb/mcs50/bvg/b03m/mcs50_b03m_s30.A18 fileNameGt=../graphsdb/mcs50/bvg/b03m/mcs50_b03m_s30.B18
Reading graphs...
30 :  45
30 :  44
Initializing...
maxdom : 30
D->valSize : 900
Solving...
Blb : 2 (clique : 19)
currentSize : 19 <-- 0.011320 s
currentSize : 20 <-- 0.011528 s
currentSize : 21 <-- 0.014402 s
currentSize : 22 <-- 0.070641 s
currentSize : 23 <-- 87.634056 s

maxsize : 23
nodes : 43852612.000000
filtered : 1856280544.000000
time : 261.175934
