Parameters: GAD=1 vflib=1 dir=0 label=0 lowerbound=1 fileNameGp=../graphsdb/mcs50/m2D/m2Dr4/mcs50_m2Dr4_s30.A33 fileNameGt=../graphsdb/mcs50/m2D/m2Dr4/mcs50_m2Dr4_s30.B33
Reading graphs...
30 :  59
30 :  59
Initializing...
maxdom : 30
D->valSize : 900
Solving...
Blb : 2 (clique : 17)
currentSize : 17 <-- 0.011154 s
currentSize : 18 <-- 0.011807 s
currentSize : 19 <-- 0.012033 s
currentSize : 20 <-- 0.017197 s
currentSize : 21 <-- 64.595284 s

maxsize : 21
nodes : 51634456.000000
filtered : 1950815120.000000
time : 290.457275
