Parameters: GAD=1 vflib=1 dir=0 label=0 lowerbound=1 fileNameGp=../graphsdb/mcs50/rand/r01/mcs50_r01_s35.A64 fileNameGt=../graphsdb/mcs50/rand/r01/mcs50_r01_s35.B64
Reading graphs...
35 :  112
35 :  111
Initializing...
maxdom : 35
D->valSize : 1225
Solving...
Blb : 2 (clique : 15)
currentSize : 15 <-- 0.019469 s
currentSize : 16 <-- 0.019642 s
currentSize : 17 <-- 0.020347 s
currentSize : 18 <-- 0.050755 s
currentSize : 19 <-- 0.331117 s
currentSize : 20 <-- 1381.578979 s

TIMEOUT
maxsize : 20
nodes : 741507803.000000
filtered : 20251952844.000000
time : 3600.000000
