Parameters: GAD=1 vflib=1 dir=0 label=0 lowerbound=1 fileNameGp=../graphsdb/mcs50/bvg/b03m/mcs50_b03m_s25.A26 fileNameGt=../graphsdb/mcs50/bvg/b03m/mcs50_b03m_s25.B26
Reading graphs...
25 :  36
25 :  35
Initializing...
maxdom : 25
D->valSize : 625
Solving...
Blb : 2 (clique : 15)
currentSize : 15 <-- 0.009337 s
currentSize : 16 <-- 0.010794 s
currentSize : 17 <-- 0.025590 s
currentSize : 18 <-- 0.038092 s
currentSize : 19 <-- 0.223011 s
currentSize : 20 <-- 0.239016 s

maxsize : 20
nodes : 75825.000000
filtered : 2333791.000000
time : 0.418790
