Parameters: GAD=1 vflib=1 dir=0 label=0 lowerbound=1 fileNameGp=../graphsdb/mcs50/m4D/m4Dr6/mcs50_m4Dr6_s35.A53 fileNameGt=../graphsdb/mcs50/m4D/m4Dr6/mcs50_m4Dr6_s35.B53
Reading graphs...
35 :  80
35 :  81
Initializing...
maxdom : 35
D->valSize : 1225
Solving...
Blb : 2 (clique : 20)
currentSize : 20 <-- 0.020620 s
currentSize : 21 <-- 1.284435 s
currentSize : 22 <-- 1.697340 s
currentSize : 23 <-- 5.843514 s
currentSize : 24 <-- 192.260696 s

maxsize : 24
nodes : 248135078.000000
filtered : 11403756816.000000
time : 1626.916138
