Parameters: GAD=1 vflib=1 dir=0 label=0 lowerbound=1 fileNameGp=../graphsdb/mcs50/m4D/m4Dr2/mcs50_m4Dr2_s35.A03 fileNameGt=../graphsdb/mcs50/m4D/m4Dr2/mcs50_m4Dr2_s35.B03
Reading graphs...
35 :  70
35 :  69
Initializing...
maxdom : 35
D->valSize : 1225
Solving...
Blb : 2 (clique : 21)
currentSize : 21 <-- 0.020655 s
currentSize : 22 <-- 0.034622 s
currentSize : 23 <-- 0.073457 s
currentSize : 24 <-- 0.159004 s
currentSize : 25 <-- 1209.692505 s

maxsize : 25
nodes : 387762476.000000
filtered : 20073882644.000000
time : 2810.208008
