Parameters: GAD=1 vflib=1 dir=0 label=0 lowerbound=1 fileNameGp=../graphsdb/mcs50/bvg/b09m/mcs50_b09m_s30.A41 fileNameGt=../graphsdb/mcs50/bvg/b09m/mcs50_b09m_s30.B41
Reading graphs...
30 :  121
30 :  125
Initializing...
maxdom : 30
D->valSize : 900
Solving...
Blb : 2 (clique : 12)
currentSize : 12 <-- 0.009981 s
currentSize : 13 <-- 0.012288 s
currentSize : 14 <-- 0.027832 s
currentSize : 15 <-- 0.171345 s
currentSize : 16 <-- 49.698429 s

maxsize : 16
nodes : 54227649.000000
filtered : 1184649094.000000
time : 223.260590
