Parameters: GAD=1 vflib=1 dir=0 label=0 lowerbound=1 fileNameGp=../graphsdb/mcs50/bvg/b03/mcs50_b03_s25.A65 fileNameGt=../graphsdb/mcs50/bvg/b03/mcs50_b03_s25.B65
Reading graphs...
25 :  37
25 :  37
Initializing...
maxdom : 25
D->valSize : 625
Solving...
Blb : 2 (clique : 15)
currentSize : 15 <-- 0.005545 s
currentSize : 16 <-- 0.006675 s
currentSize : 17 <-- 0.079398 s
currentSize : 18 <-- 0.351062 s
currentSize : 19 <-- 6.592975 s

maxsize : 19
nodes : 2826799.000000
filtered : 86607499.000000
time : 12.755758
