Parameters: GAD=1 vflib=1 dir=0 label=0 lowerbound=1 fileNameGp=../graphsdb/mcs50/bvg/b09m/mcs50_b09m_s35.A95 fileNameGt=../graphsdb/mcs50/bvg/b09m/mcs50_b09m_s35.B95
Reading graphs...
35 :  150
35 :  152
Initializing...
maxdom : 35
D->valSize : 1225
Solving...
Blb : 5 (clique : 13)
currentSize : 13 <-- 0.031805 s
currentSize : 14 <-- 0.032258 s
currentSize : 15 <-- 0.035921 s
currentSize : 16 <-- 0.109588 s
currentSize : 17 <-- 0.471565 s
currentSize : 18 <-- 4.925997 s

TIMEOUT
maxsize : 18
nodes : 755505246.000000
filtered : 20321671962.000000
time : 3600.000000
