Parameters: GAD=1 vflib=1 dir=0 label=0 lowerbound=1 fileNameGp=../graphsdb/mcs50/rand/r02/mcs50_r02_s35.A65 fileNameGt=../graphsdb/mcs50/rand/r02/mcs50_r02_s35.B65
Reading graphs...
35 :  217
35 :  223
Initializing...
maxdom : 35
D->valSize : 1225
Solving...
Blb : 2 (clique : 12)
currentSize : 12 <-- 0.017556 s
currentSize : 13 <-- 0.019363 s
currentSize : 14 <-- 0.533127 s
currentSize : 15 <-- 8.132618 s
currentSize : 16 <-- 902.870728 s
currentSize : 17 <-- 902.872437 s

maxsize : 17
nodes : 543206459.000000
filtered : 8806433202.000000
time : 2199.154297
