Parameters: GAD=1 vflib=1 dir=0 label=0 lowerbound=1 fileNameGp=../graphsdb/mcs50/m2D/m2Dr6/mcs50_m2Dr6_s20.A34 fileNameGt=../graphsdb/mcs50/m2D/m2Dr6/mcs50_m2Dr6_s20.B34
Reading graphs...
20 :  42
20 :  42
Initializing...
maxdom : 20
D->valSize : 400
Solving...
Blb : 2 (clique : 10)
currentSize : 10 <-- 0.002379 s
currentSize : 11 <-- 0.002461 s
currentSize : 12 <-- 0.002581 s
currentSize : 13 <-- 0.012143 s
currentSize : 14 <-- 0.254922 s

maxsize : 14
nodes : 160170.000000
filtered : 3060813.000000
time : 0.544020
