Parameters: GAD=1 vflib=1 dir=0 label=0 lowerbound=1 fileNameGp=../graphsdb/mcs50/m4D/m4Dr6/mcs50_m4Dr6_s30.A74 fileNameGt=../graphsdb/mcs50/m4D/m4Dr6/mcs50_m4Dr6_s30.B74
Reading graphs...
30 :  70
30 :  69
Initializing...
maxdom : 30
D->valSize : 900
Solving...
Blb : 2 (clique : 15)
currentSize : 15 <-- 0.010828 s
currentSize : 16 <-- 0.010952 s
currentSize : 17 <-- 0.015244 s
currentSize : 18 <-- 0.026052 s
currentSize : 19 <-- 0.029424 s
currentSize : 20 <-- 12.784651 s
currentSize : 21 <-- 23.188805 s

maxsize : 21
nodes : 9444031.000000
filtered : 331887020.000000
time : 50.779488
