Parameters: GAD=1 vflib=1 dir=0 label=0 lowerbound=1 fileNameGp=../graphsdb/mcs50/bvg/b09/mcs50_b09_s30.A88 fileNameGt=../graphsdb/mcs50/bvg/b09/mcs50_b09_s30.B88
Reading graphs...
30 :  132
30 :  130
Initializing...
maxdom : 30
D->valSize : 900
Solving...
Blb : 2 (clique : 13)
currentSize : 13 <-- 0.009630 s
currentSize : 14 <-- 0.037526 s
currentSize : 15 <-- 0.151373 s
currentSize : 16 <-- 0.153580 s
currentSize : 17 <-- 0.983549 s

maxsize : 17
nodes : 13811322.000000
filtered : 328151097.000000
time : 59.551174
