Parameters: GAD=1 vflib=1 dir=0 label=0 lowerbound=1 fileNameGp=../graphsdb/mcs50/m2D/m2Dr2/mcs50_m2Dr2_s30.A53 fileNameGt=../graphsdb/mcs50/m2D/m2Dr2/mcs50_m2Dr2_s30.B53
Reading graphs...
30 :  54
30 :  53
Initializing...
maxdom : 30
D->valSize : 900
Solving...
Blb : 2 (clique : 17)
currentSize : 17 <-- 0.019448 s
currentSize : 18 <-- 0.027485 s
currentSize : 19 <-- 0.030630 s
currentSize : 20 <-- 0.067087 s
currentSize : 21 <-- 0.256693 s
currentSize : 22 <-- 42.421242 s
currentSize : 23 <-- 42.421791 s

maxsize : 23
nodes : 11249643.000000
filtered : 312644312.000000
time : 54.835487
