Parameters: GAD=1 vflib=1 dir=0 label=0 lowerbound=1 fileNameGp=../graphsdb/mcs50/bvg/b09m/mcs50_b09m_s35.A93 fileNameGt=../graphsdb/mcs50/bvg/b09m/mcs50_b09m_s35.B93
Reading graphs...
35 :  147
35 :  148
Initializing...
maxdom : 35
D->valSize : 1225
Solving...
Blb : 5 (clique : 13)
currentSize : 13 <-- 0.018862 s
currentSize : 14 <-- 0.019646 s
currentSize : 15 <-- 0.026312 s
currentSize : 16 <-- 0.051083 s
currentSize : 17 <-- 0.086148 s
currentSize : 18 <-- 3.644077 s
currentSize : 19 <-- 112.470222 s

maxsize : 19
nodes : 345979513.000000
filtered : 10750588855.000000
time : 1807.092651
