Parameters: GAD=1 vflib=1 dir=0 label=0 lowerbound=1 fileNameGp=../graphsdb/mcs50/m3D/m3Dr4/mcs50_m3Dr4_s20.A74 fileNameGt=../graphsdb/mcs50/m3D/m3Dr4/mcs50_m3Dr4_s20.B74
Reading graphs...
20 :  42
20 :  41
Initializing...
maxdom : 20
D->valSize : 400
Solving...
Blb : 2 (clique : 10)
currentSize : 10 <-- 0.003876 s
currentSize : 11 <-- 0.006265 s
currentSize : 12 <-- 0.006480 s
currentSize : 13 <-- 0.006640 s
currentSize : 14 <-- 0.094026 s

maxsize : 14
nodes : 93248.000000
filtered : 1626184.000000
time : 0.395955
