Parameters: GAD=1 vflib=1 dir=0 label=0 lowerbound=1 fileNameGp=../graphsdb/mcs50/m4D/m4Dr4/mcs50_m4Dr4_s35.A00 fileNameGt=../graphsdb/mcs50/m4D/m4Dr4/mcs50_m4Dr4_s35.B00
Reading graphs...
35 :  75
35 :  74
Initializing...
maxdom : 35
D->valSize : 1225
Solving...
Blb : 2 (clique : 19)
currentSize : 19 <-- 0.020318 s
currentSize : 20 <-- 0.020529 s
currentSize : 21 <-- 0.020642 s
currentSize : 22 <-- 0.030000 s
currentSize : 23 <-- 0.033866 s
currentSize : 24 <-- 0.705503 s

maxsize : 24
nodes : 353276787.000000
filtered : 14954720469.000000
time : 2271.817139
