Parameters: GAD=1 vflib=1 dir=0 label=0 lowerbound=1 fileNameGp=../graphsdb/mcs50/rand/r005/mcs50_r005_s35.A65 fileNameGt=../graphsdb/mcs50/rand/r005/mcs50_r005_s35.B65
Reading graphs...
35 :  58
35 :  61
Initializing...
maxdom : 35
D->valSize : 1225
Solving...
Blb : 2 (clique : 19)
currentSize : 19 <-- 0.021463 s
currentSize : 21 <-- 0.021640 s
currentSize : 22 <-- 0.022227 s
currentSize : 23 <-- 0.150859 s
currentSize : 24 <-- 0.154010 s
currentSize : 25 <-- 29.272327 s
currentSize : 26 <-- 761.383972 s

TIMEOUT
maxsize : 26
nodes : 489257521.000000
filtered : 24794283876.000000
time : 3600.000000
