Parameters: GAD=1 vflib=1 dir=0 label=0 lowerbound=1 fileNameGp=../graphsdb/mcs50/m4D/m4Dr2/mcs50_m4Dr2_s35.A19 fileNameGt=../graphsdb/mcs50/m4D/m4Dr2/mcs50_m4Dr2_s35.B19
Reading graphs...
35 :  68
35 :  69
Initializing...
maxdom : 35
D->valSize : 1225
Solving...
Blb : 2 (clique : 18)
currentSize : 18 <-- 0.036304 s
currentSize : 21 <-- 0.036555 s
currentSize : 22 <-- 0.047498 s
currentSize : 23 <-- 0.075467 s
currentSize : 24 <-- 2.992884 s
currentSize : 25 <-- 6.212196 s
currentSize : 26 <-- 16.350283 s

maxsize : 26
nodes : 23671926.000000
filtered : 1288650091.000000
time : 174.055969
