Parameters: GAD=1 vflib=1 dir=0 label=0 lowerbound=1 fileNameGp=../graphsdb/mcs50/m4D/m4Dr6/mcs50_m4Dr6_s35.A81 fileNameGt=../graphsdb/mcs50/m4D/m4Dr6/mcs50_m4Dr6_s35.B81
Reading graphs...
35 :  82
35 :  81
Initializing...
maxdom : 35
D->valSize : 1225
Solving...
Blb : 2 (clique : 18)
currentSize : 18 <-- 0.035615 s
currentSize : 19 <-- 0.036313 s
currentSize : 20 <-- 0.044086 s
currentSize : 21 <-- 0.103649 s
currentSize : 22 <-- 0.333752 s
currentSize : 23 <-- 3.569898 s
currentSize : 24 <-- 102.444626 s

maxsize : 24
nodes : 119763124.000000
filtered : 5931056272.000000
time : 826.887756
