Parameters: GAD=1 vflib=1 dir=0 label=0 lowerbound=1 fileNameGp=../graphsdb/mcs50/bvg/b06m/mcs50_b06m_s25.A12 fileNameGt=../graphsdb/mcs50/bvg/b06m/mcs50_b06m_s25.B12
Reading graphs...
25 :  74
25 :  71
Initializing...
maxdom : 25
D->valSize : 625
Solving...
Blb : 2 (clique : 12)
currentSize : 12 <-- 0.005028 s
currentSize : 13 <-- 0.005600 s
currentSize : 14 <-- 0.007275 s
currentSize : 15 <-- 0.021817 s
currentSize : 16 <-- 3.644228 s

maxsize : 16
nodes : 1875119.000000
filtered : 45568167.000000
time : 7.459159
