Parameters: GAD=1 vflib=1 dir=0 label=0 lowerbound=1 fileNameGp=../graphsdb/mcs50/bvg/b06/mcs50_b06_s30.A98 fileNameGt=../graphsdb/mcs50/bvg/b06/mcs50_b06_s30.B98
Reading graphs...
30 :  88
30 :  89
Initializing...
maxdom : 30
D->valSize : 900
Solving...
Blb : 2 (clique : 14)
currentSize : 14 <-- 0.015069 s
currentSize : 16 <-- 0.015526 s
currentSize : 17 <-- 0.015772 s
currentSize : 18 <-- 0.018242 s
currentSize : 19 <-- 0.189271 s
currentSize : 20 <-- 5.630136 s

maxsize : 20
nodes : 5395657.000000
filtered : 178376207.000000
time : 28.047571
