Parameters: GAD=1 vflib=1 dir=0 label=0 lowerbound=1 fileNameGp=../graphsdb/mcs50/bvg/b06/mcs50_b06_s35.A90 fileNameGt=../graphsdb/mcs50/bvg/b06/mcs50_b06_s35.B90
Reading graphs...
35 :  104
35 :  103
Initializing...
maxdom : 35
D->valSize : 1225
Solving...
Blb : 2 (clique : 15)
currentSize : 15 <-- 0.032090 s
currentSize : 17 <-- 0.032233 s
currentSize : 18 <-- 0.032481 s
currentSize : 19 <-- 0.039292 s
currentSize : 20 <-- 0.050411 s
currentSize : 21 <-- 2.788632 s
currentSize : 22 <-- 69.724098 s
currentSize : 23 <-- 533.069641 s

maxsize : 23
nodes : 113956632.000000
filtered : 4441046706.000000
time : 677.864563
