Parameters: GAD=1 vflib=1 dir=0 label=0 lowerbound=1 fileNameGp=../graphsdb/mcs50/rand/r005/mcs50_r005_s30.A94 fileNameGt=../graphsdb/mcs50/rand/r005/mcs50_r005_s30.B94
Reading graphs...
30 :  47
30 :  47
Initializing...
maxdom : 30
D->valSize : 900
Solving...
Blb : 2 (clique : 17)
currentSize : 17 <-- 0.019745 s
currentSize : 18 <-- 0.019949 s
currentSize : 19 <-- 0.019984 s
currentSize : 20 <-- 0.026565 s
currentSize : 21 <-- 0.027578 s
currentSize : 22 <-- 0.213481 s
currentSize : 23 <-- 0.349473 s

maxsize : 23
nodes : 9294231.000000
filtered : 470354537.000000
time : 62.681946
