Parameters: GAD=1 vflib=1 dir=0 label=0 lowerbound=1 fileNameGp=../graphsdb/mcs50/m3D/m3Dr4/mcs50_m3Dr4_s20.A04 fileNameGt=../graphsdb/mcs50/m3D/m3Dr4/mcs50_m3Dr4_s20.B04
Reading graphs...
20 :  43
20 :  44
Initializing...
maxdom : 20
D->valSize : 400
Solving...
Blb : 2 (clique : 10)
currentSize : 10 <-- 0.002211 s
currentSize : 11 <-- 0.002265 s
currentSize : 12 <-- 0.002607 s
currentSize : 13 <-- 0.004973 s
currentSize : 14 <-- 0.051383 s

maxsize : 14
nodes : 74892.000000
filtered : 1267076.000000
time : 0.242900
