Parameters: GAD=1 vflib=1 dir=0 label=0 lowerbound=1 fileNameGp=../graphsdb/mcs50/bvg/b09m/mcs50_b09m_s35.A04 fileNameGt=../graphsdb/mcs50/bvg/b09m/mcs50_b09m_s35.B04
Reading graphs...
35 :  147
35 :  148
Initializing...
maxdom : 35
D->valSize : 1225
Solving...
Blb : 5 (clique : 14)
currentSize : 14 <-- 0.018841 s
currentSize : 15 <-- 0.022532 s
currentSize : 16 <-- 0.074271 s
currentSize : 17 <-- 1.392291 s
currentSize : 18 <-- 113.119598 s
currentSize : 19 <-- 1270.712280 s

TIMEOUT
maxsize : 19
nodes : 725283340.000000
filtered : 20892497694.000000
time : 3600.000000
