Parameters: GAD=1 vflib=1 dir=0 label=0 lowerbound=1 fileNameGp=../graphsdb/mcs50/m3D/m3Dr6/mcs50_m3Dr6_s20.A35 fileNameGt=../graphsdb/mcs50/m3D/m3Dr6/mcs50_m3Dr6_s20.B35
Reading graphs...
20 :  47
20 :  46
Initializing...
maxdom : 20
D->valSize : 400
Solving...
Blb : 2 (clique : 10)
currentSize : 10 <-- 0.003785 s
currentSize : 11 <-- 0.003895 s
currentSize : 12 <-- 0.005221 s
currentSize : 13 <-- 0.064325 s
currentSize : 14 <-- 0.517871 s

maxsize : 14
nodes : 170020.000000
filtered : 2833736.000000
time : 0.609679
