Parameters: GAD=1 vflib=1 dir=0 label=0 lowerbound=1 fileNameGp=../graphsdb/mcs50/m3D/m3Dr2/mcs50_m3Dr2_s20.A84 fileNameGt=../graphsdb/mcs50/m3D/m3Dr2/mcs50_m3Dr2_s20.B84
Reading graphs...
20 :  40
20 :  39
Initializing...
maxdom : 20
D->valSize : 400
Solving...
Blb : 2 (clique : 10)
currentSize : 10 <-- 0.002431 s
currentSize : 11 <-- 0.002489 s
currentSize : 12 <-- 0.002624 s
currentSize : 13 <-- 0.002696 s
currentSize : 14 <-- 0.005164 s

maxsize : 14
nodes : 88187.000000
filtered : 1616971.000000
time : 0.305098
