Parameters: GAD=1 vflib=1 dir=0 label=0 lowerbound=1 fileNameGp=../graphsdb/mcs50/bvg/b09/mcs50_b09_s35.A12 fileNameGt=../graphsdb/mcs50/bvg/b09/mcs50_b09_s35.B12
Reading graphs...
35 :  153
35 :  153
Initializing...
maxdom : 35
D->valSize : 1225
Solving...
Blb : 2 (clique : 12)
currentSize : 12 <-- 0.031997 s
currentSize : 13 <-- 0.032200 s
currentSize : 14 <-- 0.037983 s
currentSize : 15 <-- 0.132614 s
currentSize : 16 <-- 0.181256 s
currentSize : 17 <-- 5.935886 s
currentSize : 18 <-- 276.048737 s
currentSize : 19 <-- 1141.623535 s

maxsize : 19
nodes : 461268482.000000
filtered : 11965706955.000000
time : 2187.570312
