Parameters: GAD=1 vflib=1 dir=0 label=0 lowerbound=1 fileNameGp=../graphsdb/mcs50/rand/r01/mcs50_r01_s30.A90 fileNameGt=../graphsdb/mcs50/rand/r01/mcs50_r01_s30.B90
Reading graphs...
30 :  83
30 :  83
Initializing...
maxdom : 30
D->valSize : 900
Solving...
Blb : 2 (clique : 15)
currentSize : 15 <-- 0.018279 s
currentSize : 16 <-- 0.019412 s
currentSize : 17 <-- 0.054089 s
currentSize : 18 <-- 1.203388 s
currentSize : 19 <-- 254.960892 s

maxsize : 19
nodes : 64270934.000000
filtered : 1700118982.000000
time : 291.775970
