Parameters: GAD=1 vflib=1 dir=0 label=0 lowerbound=1 fileNameGp=../graphsdb/mcs50/bvg/b06m/mcs50_b06m_s30.A11 fileNameGt=../graphsdb/mcs50/bvg/b06m/mcs50_b06m_s30.B11
Reading graphs...
30 :  88
30 :  89
Initializing...
maxdom : 30
D->valSize : 900
Solving...
Blb : 2 (clique : 14)
currentSize : 14 <-- 0.010457 s
currentSize : 15 <-- 0.011138 s
currentSize : 16 <-- 0.015876 s
currentSize : 17 <-- 0.076994 s
currentSize : 18 <-- 10.357952 s
currentSize : 19 <-- 105.552177 s

maxsize : 19
nodes : 31078015.000000
filtered : 839452130.000000
time : 141.509109
