Parameters: GAD=1 vflib=1 dir=0 label=0 lowerbound=1 fileNameGp=../graphsdb/mcs50/bvg/b06/mcs50_b06_s25.A75 fileNameGt=../graphsdb/mcs50/bvg/b06/mcs50_b06_s25.B75
Reading graphs...
25 :  75
25 :  73
Initializing...
maxdom : 25
D->valSize : 625
Solving...
Blb : 2 (clique : 12)
currentSize : 12 <-- 0.009468 s
currentSize : 13 <-- 0.009545 s
currentSize : 14 <-- 0.009719 s
currentSize : 15 <-- 0.009757 s
currentSize : 16 <-- 0.350035 s

maxsize : 16
nodes : 972671.000000
filtered : 24180796.000000
time : 3.956092
