Parameters: GAD=1 vflib=1 dir=0 label=0 lowerbound=1 fileNameGp=../graphsdb/mcs50/rand/r01/mcs50_r01_s25.A60 fileNameGt=../graphsdb/mcs50/rand/r01/mcs50_r01_s25.B60
Reading graphs...
25 :  55
25 :  58
Initializing...
maxdom : 25
D->valSize : 625
Solving...
Blb : 2 (clique : 12)
currentSize : 12 <-- 0.008939 s
currentSize : 13 <-- 0.009058 s
currentSize : 14 <-- 0.009299 s
currentSize : 15 <-- 0.012040 s
currentSize : 16 <-- 0.061583 s
currentSize : 17 <-- 0.575160 s

maxsize : 17
nodes : 1378263.000000
filtered : 35178216.000000
time : 6.057762
