Parameters: GAD=1 vflib=1 dir=0 label=0 lowerbound=1 fileNameGp=../graphsdb/mcs50/bvg/b06/mcs50_b06_s35.A14 fileNameGt=../graphsdb/mcs50/bvg/b06/mcs50_b06_s35.B14
Reading graphs...
35 :  102
35 :  105
Initializing...
maxdom : 35
D->valSize : 1225
Solving...
Blb : 2 (clique : 14)
currentSize : 14 <-- 0.020338 s
currentSize : 16 <-- 0.020481 s
currentSize : 17 <-- 0.020545 s
currentSize : 18 <-- 0.027562 s
currentSize : 19 <-- 0.109445 s
currentSize : 20 <-- 0.362171 s
currentSize : 21 <-- 17.332293 s
currentSize : 22 <-- 308.614258 s
currentSize : 23 <-- 2207.644043 s

maxsize : 23
nodes : 353441259.000000
filtered : 16389279659.000000
time : 2238.059570
