Parameters: GAD=1 vflib=1 dir=0 label=0 lowerbound=1 fileNameGp=../graphsdb/mcs50/rand/r005/mcs50_r005_s30.A66 fileNameGt=../graphsdb/mcs50/rand/r005/mcs50_r005_s30.B66
Reading graphs...
30 :  46
30 :  47
Initializing...
maxdom : 30
D->valSize : 900
Solving...
Blb : 2 (clique : 17)
currentSize : 17 <-- 0.020042 s
currentSize : 19 <-- 0.020349 s
currentSize : 20 <-- 0.020581 s
currentSize : 21 <-- 0.077287 s
currentSize : 22 <-- 1.129616 s
currentSize : 23 <-- 6.953814 s

maxsize : 23
nodes : 3881442.000000
filtered : 149058293.000000
time : 22.549288
