Parameters: GAD=1 vflib=1 dir=0 label=0 lowerbound=1 fileNameGp=../graphsdb/mcs50/bvg/b03m/mcs50_b03m_s30.A52 fileNameGt=../graphsdb/mcs50/bvg/b03m/mcs50_b03m_s30.B52
Reading graphs...
30 :  45
30 :  45
Initializing...
maxdom : 30
D->valSize : 900
Solving...
Blb : 2 (clique : 19)
currentSize : 19 <-- 0.011820 s
currentSize : 20 <-- 0.021708 s
currentSize : 21 <-- 0.062758 s
currentSize : 22 <-- 0.770000 s
currentSize : 23 <-- 2.415346 s

maxsize : 23
nodes : 16426026.000000
filtered : 760011533.000000
time : 105.357552
