Parameters: GAD=1 vflib=1 dir=0 label=0 lowerbound=1 fileNameGp=../graphsdb/mcs50/m4D/m4Dr2/mcs50_m4Dr2_s30.A75 fileNameGt=../graphsdb/mcs50/m4D/m4Dr2/mcs50_m4Dr2_s30.B75
Reading graphs...
30 :  60
30 :  60
Initializing...
maxdom : 30
D->valSize : 900
Solving...
Blb : 2 (clique : 17)
currentSize : 17 <-- 0.019346 s
currentSize : 18 <-- 0.019569 s
currentSize : 19 <-- 0.062854 s
currentSize : 20 <-- 0.102691 s
currentSize : 21 <-- 15.642712 s
currentSize : 22 <-- 36.139160 s
currentSize : 23 <-- 36.321026 s

maxsize : 23
nodes : 7076224.000000
filtered : 232925444.000000
time : 37.544594
