Parameters: GAD=1 vflib=1 dir=0 label=0 lowerbound=1 fileNameGp=../graphsdb/mcs50/m4D/m4Dr2/mcs50_m4Dr2_s35.A87 fileNameGt=../graphsdb/mcs50/m4D/m4Dr2/mcs50_m4Dr2_s35.B87
Reading graphs...
35 :  70
35 :  67
Initializing...
maxdom : 35
D->valSize : 1225
Solving...
Blb : 2 (clique : 20)
currentSize : 20 <-- 0.020763 s
currentSize : 21 <-- 0.046734 s
currentSize : 22 <-- 0.047070 s
currentSize : 23 <-- 0.068106 s
currentSize : 24 <-- 1.623667 s
currentSize : 25 <-- 1.872970 s

TIMEOUT
maxsize : 25
nodes : 501245316.000000
filtered : 25506840069.000000
time : 3600.000000
