Parameters: GAD=1 vflib=1 dir=0 label=0 lowerbound=1 fileNameGp=../graphsdb/mcs50/bvg/b09m/mcs50_b09m_s30.A22 fileNameGt=../graphsdb/mcs50/bvg/b09m/mcs50_b09m_s30.B22
Reading graphs...
30 :  127
30 :  123
Initializing...
maxdom : 30
D->valSize : 900
Solving...
Blb : 2 (clique : 11)
currentSize : 11 <-- 0.009891 s
currentSize : 12 <-- 0.009988 s
currentSize : 13 <-- 0.010255 s
currentSize : 14 <-- 0.041007 s
currentSize : 15 <-- 3.105636 s
currentSize : 16 <-- 87.437508 s

maxsize : 16
nodes : 55498039.000000
filtered : 1102578401.000000
time : 221.536911
