Parameters: GAD=1 vflib=1 dir=0 label=0 lowerbound=1 fileNameGp=../graphsdb/mcs50/rand/r005/mcs50_r005_s35.A63 fileNameGt=../graphsdb/mcs50/rand/r005/mcs50_r005_s35.B63
Reading graphs...
35 :  60
35 :  61
Initializing...
maxdom : 35
D->valSize : 1225
Solving...
Blb : 2 (clique : 21)
currentSize : 21 <-- 0.025711 s
currentSize : 22 <-- 0.025907 s
currentSize : 23 <-- 0.025954 s
currentSize : 24 <-- 0.028458 s
currentSize : 25 <-- 0.034883 s
currentSize : 26 <-- 13.780415 s

maxsize : 26
nodes : 143366014.000000
filtered : 9219031307.000000
time : 1159.554321
