Parameters: GAD=1 vflib=1 dir=0 label=0 lowerbound=1 fileNameGp=../graphsdb/mcs50/m2D/m2Dr4/mcs50_m2Dr4_s30.A50 fileNameGt=../graphsdb/mcs50/m2D/m2Dr4/mcs50_m2Dr4_s30.B50
Reading graphs...
30 :  59
30 :  59
Initializing...
maxdom : 30
D->valSize : 900
Solving...
Blb : 5 (clique : 17)
currentSize : 17 <-- 0.011194 s
currentSize : 18 <-- 0.011361 s
currentSize : 19 <-- 0.024501 s
currentSize : 20 <-- 0.195808 s
currentSize : 21 <-- 5.988541 s

maxsize : 21
nodes : 32335983.000000
filtered : 1098359726.000000
time : 170.156967
