Parameters: GAD=1 vflib=1 dir=0 label=0 lowerbound=1 fileNameGp=../graphsdb/mcs50/bvg/b03/mcs50_b03_s35.A62 fileNameGt=../graphsdb/mcs50/bvg/b03/mcs50_b03_s35.B62
Reading graphs...
35 :  52
35 :  52
Initializing...
maxdom : 35
D->valSize : 1225
Solving...
Blb : 3 (clique : 20)
currentSize : 20 <-- 0.021308 s
currentSize : 21 <-- 0.023398 s
currentSize : 22 <-- 0.040414 s
currentSize : 23 <-- 0.123589 s
currentSize : 24 <-- 0.348459 s
currentSize : 25 <-- 0.717703 s
currentSize : 26 <-- 2.735682 s
currentSize : 27 <-- 60.537193 s

maxsize : 27
nodes : 38188149.000000
filtered : 2057808491.000000
time : 293.192291
