Parameters: GAD=1 vflib=1 dir=0 label=0 lowerbound=1 fileNameGp=../graphsdb/mcs50/bvg/b06m/mcs50_b06m_s35.A79 fileNameGt=../graphsdb/mcs50/bvg/b06m/mcs50_b06m_s35.B79
Reading graphs...
35 :  99
35 :  103
Initializing...
maxdom : 35
D->valSize : 1225
Solving...
Blb : 2 (clique : 17)
currentSize : 17 <-- 0.020453 s
currentSize : 18 <-- 0.023335 s
currentSize : 19 <-- 0.023757 s
currentSize : 20 <-- 0.044235 s
currentSize : 21 <-- 15.115235 s
currentSize : 22 <-- 71.251900 s

maxsize : 22
nodes : 390851194.000000
filtered : 15430142377.000000
time : 2378.020020
