Parameters: GAD=1 vflib=1 dir=0 label=0 lowerbound=1 fileNameGp=../graphsdb/mcs50/bvg/b09/mcs50_b09_s35.A96 fileNameGt=../graphsdb/mcs50/bvg/b09/mcs50_b09_s35.B96
Reading graphs...
35 :  152
35 :  151
Initializing...
maxdom : 35
D->valSize : 1225
Solving...
Blb : 3 (clique : 15)
currentSize : 15 <-- 0.018427 s
currentSize : 16 <-- 0.042753 s
currentSize : 17 <-- 2.109356 s
currentSize : 18 <-- 11.186720 s
currentSize : 19 <-- 13.060420 s
currentSize : 20 <-- 23.172310 s

maxsize : 20
nodes : 72934698.000000
filtered : 2334546289.000000
time : 387.979523
