Parameters: GAD=1 vflib=1 dir=0 label=0 lowerbound=1 fileNameGp=../graphsdb/mcs50/m4D/m4Dr6/mcs50_m4Dr6_s30.A58 fileNameGt=../graphsdb/mcs50/m4D/m4Dr6/mcs50_m4Dr6_s30.B58
Reading graphs...
30 :  69
30 :  70
Initializing...
maxdom : 30
D->valSize : 900
Solving...
Blb : 2 (clique : 14)
currentSize : 14 <-- 0.010818 s
currentSize : 15 <-- 0.010970 s
currentSize : 16 <-- 0.011619 s
currentSize : 17 <-- 0.014401 s
currentSize : 18 <-- 0.019468 s
currentSize : 19 <-- 0.396189 s
currentSize : 20 <-- 7.219134 s

maxsize : 20
nodes : 16940180.000000
filtered : 596013471.000000
time : 88.179642
