Parameters: GAD=1 vflib=1 dir=0 label=0 lowerbound=1 fileNameGp=../graphsdb/mcs50/m4D/m4D/mcs50_m4D_s35.A69 fileNameGt=../graphsdb/mcs50/m4D/m4D/mcs50_m4D_s35.B69
Reading graphs...
35 :  63
35 :  63
Initializing...
maxdom : 35
D->valSize : 1225
Solving...
Blb : 3 (clique : 20)
currentSize : 20 <-- 0.021114 s
currentSize : 21 <-- 0.021305 s
currentSize : 22 <-- 0.021346 s
currentSize : 23 <-- 0.114637 s
currentSize : 24 <-- 1.347152 s
currentSize : 25 <-- 16.998541 s
currentSize : 26 <-- 1250.515259 s

maxsize : 26
nodes : 268915954.000000
filtered : 14021242660.000000
time : 1922.694702
