Parameters: GAD=1 vflib=1 dir=0 label=0 lowerbound=1 fileNameGp=../graphsdb/mcs50/m2D/m2D/mcs50_m2D_s30.A64 fileNameGt=../graphsdb/mcs50/m2D/m2D/mcs50_m2D_s30.B64
Reading graphs...
30 :  49
30 :  49
Initializing...
maxdom : 30
D->valSize : 900
Solving...
Blb : 2 (clique : 18)
currentSize : 18 <-- 0.019650 s
currentSize : 19 <-- 0.061125 s
currentSize : 20 <-- 0.083846 s
currentSize : 21 <-- 0.620547 s
currentSize : 22 <-- 1.640912 s

maxsize : 22
nodes : 16122269.000000
filtered : 491126988.000000
time : 81.364799
