Parameters: GAD=1 vflib=1 dir=0 label=0 lowerbound=1 fileNameGp=../graphsdb/mcs50/rand/r005/mcs50_r005_s35.A86 fileNameGt=../graphsdb/mcs50/rand/r005/mcs50_r005_s35.B86
Reading graphs...
35 :  62
35 :  62
Initializing...
maxdom : 35
D->valSize : 1225
Solving...
Blb : 2 (clique : 20)
currentSize : 20 <-- 0.021037 s
currentSize : 21 <-- 0.649297 s
currentSize : 22 <-- 2.933133 s
currentSize : 23 <-- 31.407358 s
currentSize : 24 <-- 45.918934 s
currentSize : 25 <-- 222.747650 s

TIMEOUT
maxsize : 25
nodes : 555595685.000000
filtered : 24092552360.000000
time : 3600.000000
