Parameters: GAD=1 vflib=1 dir=0 label=0 lowerbound=1 fileNameGp=../graphsdb/mcs50/m2D/m2Dr6/mcs50_m2Dr6_s30.A66 fileNameGt=../graphsdb/mcs50/m2D/m2Dr6/mcs50_m2Dr6_s30.B66
Reading graphs...
30 :  66
30 :  64
Initializing...
maxdom : 30
D->valSize : 900
Solving...
Blb : 2 (clique : 15)
currentSize : 15 <-- 0.018986 s
currentSize : 16 <-- 0.019211 s
currentSize : 17 <-- 0.019431 s
currentSize : 18 <-- 0.020041 s
currentSize : 19 <-- 0.049167 s
currentSize : 20 <-- 0.573149 s

maxsize : 20
nodes : 28118001.000000
filtered : 906357300.000000
time : 142.389252
