Parameters: GAD=1 vflib=1 dir=0 label=0 lowerbound=1 fileNameGp=../graphsdb/mcs50/m2D/m2D/mcs50_m2D_s30.A06 fileNameGt=../graphsdb/mcs50/m2D/m2D/mcs50_m2D_s30.B06
Reading graphs...
30 :  49
30 :  48
Initializing...
maxdom : 30
D->valSize : 900
Solving...
Blb : 2 (clique : 18)
currentSize : 18 <-- 0.011442 s
currentSize : 19 <-- 0.012956 s
currentSize : 20 <-- 0.023100 s
currentSize : 21 <-- 1.146909 s
currentSize : 22 <-- 8.639666 s

maxsize : 22
nodes : 20654663.000000
filtered : 757665642.000000
time : 113.838982
