Parameters: GAD=1 vflib=1 dir=0 label=0 lowerbound=1 fileNameGp=../graphsdb/mcs50/bvg/b03m/mcs50_b03m_s20.A88 fileNameGt=../graphsdb/mcs50/bvg/b03m/mcs50_b03m_s20.B88
Reading graphs...
20 :  29
20 :  30
Initializing...
maxdom : 20
D->valSize : 400
Solving...
Blb : 2 (clique : 12)
currentSize : 12 <-- 0.004009 s
currentSize : 13 <-- 0.004414 s
currentSize : 14 <-- 0.026124 s
currentSize : 15 <-- 0.041504 s
currentSize : 16 <-- 0.114175 s

maxsize : 16
nodes : 31307.000000
filtered : 664944.000000
time : 0.142533
