Parameters: GAD=1 vflib=1 dir=0 label=0 lowerbound=1 fileNameGp=../graphsdb/mcs50/bvg/b03/mcs50_b03_s35.A98 fileNameGt=../graphsdb/mcs50/bvg/b03/mcs50_b03_s35.B98
Reading graphs...
35 :  51
35 :  52
Initializing...
maxdom : 35
D->valSize : 1225
Solving...
Blb : 2 (clique : 20)
currentSize : 20 <-- 0.021752 s
currentSize : 24 <-- 0.021944 s
currentSize : 25 <-- 0.022118 s
currentSize : 26 <-- 0.022465 s
currentSize : 27 <-- 1.710463 s
currentSize : 28 <-- 123.868393 s

maxsize : 28
nodes : 36370181.000000
filtered : 2228888297.000000
time : 311.049011
