Parameters: GAD=1 vflib=1 dir=0 label=0 lowerbound=1 fileNameGp=../graphsdb/mcs50/rand/r005/mcs50_r005_s35.A30 fileNameGt=../graphsdb/mcs50/rand/r005/mcs50_r005_s35.B30
Reading graphs...
35 :  61
35 :  61
Initializing...
maxdom : 35
D->valSize : 1225
Solving...
Blb : 2 (clique : 21)
currentSize : 21 <-- 0.021349 s
currentSize : 22 <-- 0.022455 s
currentSize : 23 <-- 0.027613 s
currentSize : 24 <-- 0.054533 s
currentSize : 25 <-- 0.055495 s
currentSize : 26 <-- 892.273987 s

maxsize : 26
nodes : 227590549.000000
filtered : 11155751391.000000
time : 1678.214478
