Parameters: GAD=1 vflib=1 dir=0 label=0 lowerbound=1 fileNameGp=../graphsdb/mcs50/m2D/m2Dr6/mcs50_m2Dr6_s30.A90 fileNameGt=../graphsdb/mcs50/m2D/m2Dr6/mcs50_m2Dr6_s30.B90
Reading graphs...
30 :  66
30 :  63
Initializing...
maxdom : 30
D->valSize : 900
Solving...
Blb : 2 (clique : 15)
currentSize : 15 <-- 0.016186 s
currentSize : 17 <-- 0.016302 s
currentSize : 18 <-- 0.016458 s
currentSize : 19 <-- 0.077223 s
currentSize : 20 <-- 27.199892 s
currentSize : 21 <-- 114.231522 s

maxsize : 21
nodes : 29370502.000000
filtered : 734178598.000000
time : 130.232712
