Parameters: GAD=1 vflib=1 dir=0 label=0 lowerbound=1 fileNameGp=../graphsdb/mcs50/rand/r005/mcs50_r005_s35.A91 fileNameGt=../graphsdb/mcs50/rand/r005/mcs50_r005_s35.B91
Reading graphs...
35 :  62
35 :  61
Initializing...
maxdom : 35
D->valSize : 1225
Solving...
Blb : 2 (clique : 19)
currentSize : 19 <-- 0.036712 s
currentSize : 20 <-- 0.040559 s
currentSize : 21 <-- 0.092397 s
currentSize : 22 <-- 0.103311 s
currentSize : 23 <-- 7.862253 s
currentSize : 24 <-- 25.057467 s
currentSize : 25 <-- 25.356428 s
currentSize : 26 <-- 54.190460 s

maxsize : 26
nodes : 87991055.000000
filtered : 4180766738.000000
time : 637.268738
