Parameters: GAD=1 vflib=1 dir=0 label=0 lowerbound=1 fileNameGp=../graphsdb/mcs50/bvg/b09/mcs50_b09_s35.A34 fileNameGt=../graphsdb/mcs50/bvg/b09/mcs50_b09_s35.B34
Reading graphs...
35 :  155
35 :  151
Initializing...
maxdom : 35
D->valSize : 1225
Solving...
Blb : 2 (clique : 14)
currentSize : 14 <-- 0.023385 s
currentSize : 15 <-- 0.029111 s
currentSize : 16 <-- 0.170514 s
currentSize : 17 <-- 1.212777 s
currentSize : 18 <-- 5.760961 s
currentSize : 19 <-- 10.606012 s
currentSize : 20 <-- 84.473946 s

maxsize : 20
nodes : 120693937.000000
filtered : 4631593799.000000
time : 690.287964
