Parameters: GAD=1 vflib=1 dir=0 label=0 lowerbound=1 fileNameGp=../graphsdb/mcs50/bvg/b03m/mcs50_b03m_s25.A01 fileNameGt=../graphsdb/mcs50/bvg/b03m/mcs50_b03m_s25.B01
Reading graphs...
25 :  36
25 :  36
Initializing...
maxdom : 25
D->valSize : 625
Solving...
Blb : 2 (clique : 15)
currentSize : 15 <-- 0.009446 s
currentSize : 16 <-- 0.009687 s
currentSize : 17 <-- 0.009869 s
currentSize : 18 <-- 0.010042 s
currentSize : 19 <-- 0.013400 s

maxsize : 19
nodes : 1154773.000000
filtered : 39018858.000000
time : 5.827948
