Parameters: GAD=1 vflib=1 dir=0 label=0 lowerbound=1 fileNameGp=../graphsdb/mcs50/bvg/b03/mcs50_b03_s30.A99 fileNameGt=../graphsdb/mcs50/bvg/b03/mcs50_b03_s30.B99
Reading graphs...
30 :  44
30 :  45
Initializing...
maxdom : 30
D->valSize : 900
Solving...
Blb : 2 (clique : 19)
currentSize : 19 <-- 0.011527 s
currentSize : 20 <-- 0.136951 s
currentSize : 21 <-- 1.098986 s
currentSize : 22 <-- 2.274917 s
currentSize : 23 <-- 2.500806 s

maxsize : 23
nodes : 3317474.000000
filtered : 124991473.000000
time : 19.547428
