Parameters: GAD=1 vflib=1 dir=0 label=0 lowerbound=1 fileNameGp=../graphsdb/mcs50/m4D/m4Dr6/mcs50_m4Dr6_s35.A42 fileNameGt=../graphsdb/mcs50/m4D/m4Dr6/mcs50_m4Dr6_s35.B42
Reading graphs...
35 :  82
35 :  79
Initializing...
maxdom : 35
D->valSize : 1225
Solving...
Blb : 2 (clique : 18)
currentSize : 18 <-- 0.020545 s
currentSize : 19 <-- 0.022436 s
currentSize : 20 <-- 0.031926 s
currentSize : 21 <-- 0.099549 s
currentSize : 22 <-- 0.351777 s
currentSize : 23 <-- 1.969503 s

maxsize : 23
nodes : 466980691.000000
filtered : 19101968912.000000
time : 2828.166992
