Parameters: GAD=1 vflib=1 dir=0 label=0 lowerbound=1 fileNameGp=../graphsdb/mcs50/m4D/m4D/mcs50_m4D_s30.A54 fileNameGt=../graphsdb/mcs50/m4D/m4D/mcs50_m4D_s30.B54
Reading graphs...
30 :  55
30 :  54
Initializing...
maxdom : 30
D->valSize : 900
Solving...
Blb : 2 (clique : 18)
currentSize : 18 <-- 0.011063 s
currentSize : 19 <-- 0.012682 s
currentSize : 20 <-- 0.390733 s
currentSize : 21 <-- 0.534247 s
currentSize : 22 <-- 1.643928 s

maxsize : 22
nodes : 7343131.000000
filtered : 299663510.000000
time : 43.252293
