Parameters: GAD=1 vflib=1 dir=0 label=0 lowerbound=1 fileNameGp=../graphsdb/mcs50/m4D/m4Dr6/mcs50_m4Dr6_s35.A35 fileNameGt=../graphsdb/mcs50/m4D/m4Dr6/mcs50_m4Dr6_s35.B35
Reading graphs...
35 :  83
35 :  83
Initializing...
maxdom : 35
D->valSize : 1225
Solving...
Blb : 3 (clique : 17)
currentSize : 17 <-- 0.020138 s
currentSize : 19 <-- 0.020289 s
currentSize : 20 <-- 0.020944 s
currentSize : 21 <-- 0.076861 s
currentSize : 22 <-- 0.291854 s
currentSize : 23 <-- 0.936789 s

maxsize : 23
nodes : 246956504.000000
filtered : 10526384222.000000
time : 1498.842529
