Parameters: GAD=1 vflib=1 dir=0 label=0 lowerbound=1 fileNameGp=../graphsdb/mcs50/rand/r02/mcs50_r02_s30.A00 fileNameGt=../graphsdb/mcs50/rand/r02/mcs50_r02_s30.B00
Reading graphs...
30 :  157
30 :  159
Initializing...
maxdom : 30
D->valSize : 900
Solving...
Blb : 3 (clique : 11)
currentSize : 11 <-- 0.009610 s
currentSize : 12 <-- 0.035123 s
currentSize : 13 <-- 0.090119 s
currentSize : 14 <-- 1.035821 s
currentSize : 15 <-- 342.667175 s

maxsize : 15
nodes : 108738502.000000
filtered : 1438672835.000000
time : 371.928833
