Parameters: GAD=1 vflib=1 dir=0 label=0 lowerbound=1 fileNameGp=../graphsdb/mcs50/bvg/b03/mcs50_b03_s30.A78 fileNameGt=../graphsdb/mcs50/bvg/b03/mcs50_b03_s30.B78
Reading graphs...
30 :  44
30 :  45
Initializing...
maxdom : 30
D->valSize : 900
Solving...
Blb : 2 (clique : 18)
currentSize : 18 <-- 0.011444 s
currentSize : 19 <-- 0.011587 s
currentSize : 20 <-- 0.011621 s
currentSize : 21 <-- 0.015377 s
currentSize : 22 <-- 0.372958 s
currentSize : 23 <-- 4.461234 s

maxsize : 23
nodes : 14613466.000000
filtered : 634025207.000000
time : 91.316200
