Parameters: GAD=1 vflib=1 dir=0 label=0 lowerbound=1 fileNameGp=../graphsdb/mcs50/rand/r005/mcs50_r005_s30.A92 fileNameGt=../graphsdb/mcs50/rand/r005/mcs50_r005_s30.B92
Reading graphs...
30 :  45
30 :  46
Initializing...
maxdom : 30
D->valSize : 900
Solving...
Blb : 2 (clique : 18)
currentSize : 18 <-- 0.019964 s
currentSize : 19 <-- 0.029240 s
currentSize : 20 <-- 0.033563 s
currentSize : 21 <-- 0.222837 s
currentSize : 22 <-- 0.223018 s
currentSize : 23 <-- 0.372407 s

maxsize : 23
nodes : 24442613.000000
filtered : 1091848253.000000
time : 157.706985
