Parameters: GAD=1 vflib=1 dir=0 label=0 lowerbound=1 fileNameGp=../graphsdb/mcs50/bvg/b03m/mcs50_b03m_s35.A60 fileNameGt=../graphsdb/mcs50/bvg/b03m/mcs50_b03m_s35.B60
Reading graphs...
35 :  52
35 :  52
Initializing...
maxdom : 35
D->valSize : 1225
Solving...
Blb : 2 (clique : 22)
currentSize : 22 <-- 0.021262 s
currentSize : 23 <-- 0.021852 s
currentSize : 24 <-- 0.031517 s
currentSize : 25 <-- 0.042178 s
currentSize : 26 <-- 0.261829 s
currentSize : 27 <-- 0.404925 s
currentSize : 28 <-- 0.418461 s

maxsize : 28
nodes : 3983890.000000
filtered : 263253702.000000
time : 35.147831
