Parameters: GAD=1 vflib=1 dir=0 label=0 lowerbound=1 fileNameGp=../graphsdb/mcs50/m4D/m4Dr6/mcs50_m4Dr6_s30.A13 fileNameGt=../graphsdb/mcs50/m4D/m4Dr6/mcs50_m4Dr6_s30.B13
Reading graphs...
30 :  70
30 :  69
Initializing...
maxdom : 30
D->valSize : 900
Solving...
Blb : 5 (clique : 15)
currentSize : 15 <-- 0.010858 s
currentSize : 16 <-- 0.011766 s
currentSize : 17 <-- 0.015023 s
currentSize : 18 <-- 0.022516 s
currentSize : 19 <-- 2.104424 s
currentSize : 20 <-- 18.140169 s

maxsize : 20
nodes : 16727122.000000
filtered : 469971453.000000
time : 79.287170
