Parameters: GAD=1 vflib=1 dir=0 label=0 lowerbound=1 fileNameGp=../graphsdb/mcs50/m2D/m2Dr4/mcs50_m2Dr4_s30.A31 fileNameGt=../graphsdb/mcs50/m2D/m2Dr4/mcs50_m2Dr4_s30.B31
Reading graphs...
30 :  60
30 :  59
Initializing...
maxdom : 30
D->valSize : 900
Solving...
Blb : 2 (clique : 17)
currentSize : 17 <-- 0.019379 s
currentSize : 18 <-- 0.019565 s
currentSize : 19 <-- 0.042191 s
currentSize : 20 <-- 0.278740 s
currentSize : 21 <-- 4.271866 s

maxsize : 21
nodes : 7486930.000000
filtered : 240775686.000000
time : 38.604248
