Parameters: GAD=1 vflib=1 dir=0 label=0 lowerbound=1 fileNameGp=../graphsdb/mcs50/m4D/m4D/mcs50_m4D_s30.A79 fileNameGt=../graphsdb/mcs50/m4D/m4D/mcs50_m4D_s30.B79
Reading graphs...
30 :  55
30 :  54
Initializing...
maxdom : 30
D->valSize : 900
Solving...
Blb : 2 (clique : 17)
currentSize : 17 <-- 0.019513 s
currentSize : 18 <-- 0.023227 s
currentSize : 19 <-- 0.175918 s
currentSize : 20 <-- 1.239860 s
currentSize : 21 <-- 1.575113 s
currentSize : 22 <-- 2.040058 s
currentSize : 23 <-- 89.302422 s

maxsize : 23
nodes : 15495697.000000
filtered : 681431184.000000
time : 92.359489
