Parameters: GAD=1 vflib=1 dir=0 label=0 lowerbound=1 fileNameGp=../graphsdb/mcs50/bvg/b03m/mcs50_b03m_s25.A97 fileNameGt=../graphsdb/mcs50/bvg/b03m/mcs50_b03m_s25.B97
Reading graphs...
25 :  35
25 :  35
Initializing...
maxdom : 25
D->valSize : 625
Solving...
Blb : 2 (clique : 14)
currentSize : 14 <-- 0.006116 s
currentSize : 15 <-- 0.006208 s
currentSize : 16 <-- 0.006930 s
currentSize : 17 <-- 0.018273 s
currentSize : 18 <-- 0.023493 s
currentSize : 19 <-- 0.104640 s

maxsize : 19
nodes : 1272839.000000
filtered : 42085166.000000
time : 6.288971
