Parameters: GAD=1 vflib=1 dir=0 label=0 lowerbound=1 fileNameGp=../graphsdb/mcs50/rand/r02/mcs50_r02_s30.A14 fileNameGt=../graphsdb/mcs50/rand/r02/mcs50_r02_s30.B14
Reading graphs...
30 :  153
30 :  152
Initializing...
maxdom : 30
D->valSize : 900
Solving...
Blb : 2 (clique : 11)
currentSize : 11 <-- 0.009716 s
currentSize : 12 <-- 0.021083 s
currentSize : 13 <-- 0.071637 s
currentSize : 14 <-- 2.044826 s
currentSize : 15 <-- 68.452568 s

maxsize : 15
nodes : 77896590.000000
filtered : 1169889884.000000
time : 281.789276
