Parameters: GAD=1 vflib=1 dir=0 label=0 lowerbound=1 fileNameGp=../graphsdb/mcs50/m2D/m2Dr4/mcs50_m2Dr4_s30.A64 fileNameGt=../graphsdb/mcs50/m2D/m2Dr4/mcs50_m2Dr4_s30.B64
Reading graphs...
30 :  58
30 :  60
Initializing...
maxdom : 30
D->valSize : 900
Solving...
Blb : 5 (clique : 15)
currentSize : 15 <-- 0.010965 s
currentSize : 16 <-- 0.011095 s
currentSize : 17 <-- 0.011133 s
currentSize : 18 <-- 0.012130 s
currentSize : 19 <-- 0.020203 s
currentSize : 20 <-- 2.849258 s
currentSize : 21 <-- 97.127747 s

maxsize : 21
nodes : 42341593.000000
filtered : 1424220743.000000
time : 219.260788
