Parameters: GAD=1 vflib=1 dir=0 label=0 lowerbound=1 fileNameGp=../graphsdb/mcs50/m4D/m4Dr6/mcs50_m4Dr6_s35.A67 fileNameGt=../graphsdb/mcs50/m4D/m4Dr6/mcs50_m4Dr6_s35.B67
Reading graphs...
35 :  82
35 :  83
Initializing...
maxdom : 35
D->valSize : 1225
Solving...
Blb : 2 (clique : 17)
currentSize : 17 <-- 0.020028 s
currentSize : 20 <-- 0.020195 s
currentSize : 21 <-- 0.020875 s
currentSize : 22 <-- 0.023499 s
currentSize : 23 <-- 3.904348 s
currentSize : 24 <-- 1227.688232 s

maxsize : 24
nodes : 270067707.000000
filtered : 12033420114.000000
time : 1746.346924
