Parameters: GAD=1 vflib=1 dir=0 label=0 lowerbound=1 fileNameGp=../graphsdb/mcs50/rand/r01/mcs50_r01_s35.A49 fileNameGt=../graphsdb/mcs50/rand/r01/mcs50_r01_s35.B49
Reading graphs...
35 :  111
35 :  112
Initializing...
maxdom : 35
D->valSize : 1225
Solving...
Blb : 5 (clique : 15)
currentSize : 15 <-- 0.019840 s
currentSize : 16 <-- 0.020001 s
currentSize : 17 <-- 0.020133 s
currentSize : 18 <-- 0.022809 s
currentSize : 19 <-- 2.901669 s
currentSize : 20 <-- 178.127731 s

TIMEOUT
maxsize : 20
nodes : 702208044.000000
filtered : 20770397743.000000
time : 3600.000000
