Parameters: GAD=1 vflib=1 dir=0 label=0 lowerbound=1 fileNameGp=../graphsdb/mcs50/m4D/m4D/mcs50_m4D_s35.A62 fileNameGt=../graphsdb/mcs50/m4D/m4D/mcs50_m4D_s35.B62
Reading graphs...
35 :  62
35 :  63
Initializing...
maxdom : 35
D->valSize : 1225
Solving...
Blb : 2 (clique : 20)
currentSize : 20 <-- 0.036876 s
currentSize : 22 <-- 0.037156 s
currentSize : 23 <-- 0.058323 s
currentSize : 24 <-- 1.512860 s
currentSize : 25 <-- 14.030442 s
currentSize : 26 <-- 545.687134 s

maxsize : 26
nodes : 288039633.000000
filtered : 15756059541.000000
time : 2087.387207
