Parameters: GAD=1 vflib=1 dir=0 label=0 lowerbound=1 fileNameGp=../graphsdb/mcs50/bvg/b09/mcs50_b09_s25.A00 fileNameGt=../graphsdb/mcs50/bvg/b09/mcs50_b09_s25.B00
Reading graphs...
25 :  110
25 :  108
Initializing...
maxdom : 25
D->valSize : 625
Solving...
Blb : 5 (clique : 10)
currentSize : 10 <-- 0.004663 s
currentSize : 11 <-- 0.009613 s
currentSize : 12 <-- 0.014421 s
currentSize : 13 <-- 0.014664 s
currentSize : 14 <-- 0.514271 s
currentSize : 15 <-- 3.114339 s

maxsize : 15
nodes : 1317880.000000
filtered : 23304154.000000
time : 4.800134
