Parameters: GAD=1 vflib=1 dir=0 label=0 lowerbound=1 fileNameGp=../graphsdb/mcs50/m4D/m4Dr4/mcs50_m4Dr4_s35.A85 fileNameGt=../graphsdb/mcs50/m4D/m4Dr4/mcs50_m4Dr4_s35.B85
Reading graphs...
35 :  76
35 :  76
Initializing...
maxdom : 35
D->valSize : 1225
Solving...
Blb : 2 (clique : 17)
currentSize : 17 <-- 0.020929 s
currentSize : 18 <-- 0.021094 s
currentSize : 19 <-- 0.022227 s
currentSize : 20 <-- 0.022293 s
currentSize : 21 <-- 0.023370 s
currentSize : 22 <-- 1.686648 s
currentSize : 23 <-- 2.155755 s
currentSize : 24 <-- 288.025391 s
currentSize : 25 <-- 966.936401 s

maxsize : 25
nodes : 181329808.000000
filtered : 8101076484.000000
time : 1155.551636
