Parameters: GAD=1 vflib=1 dir=0 label=0 lowerbound=1 fileNameGp=../graphsdb/mcs50/bvg/b09m/mcs50_b09m_s30.A75 fileNameGt=../graphsdb/mcs50/bvg/b09m/mcs50_b09m_s30.B75
Reading graphs...
30 :  129
30 :  125
Initializing...
maxdom : 30
D->valSize : 900
Solving...
Blb : 5 (clique : 11)
currentSize : 11 <-- 0.009990 s
currentSize : 12 <-- 0.010153 s
currentSize : 13 <-- 0.011313 s
currentSize : 14 <-- 0.040499 s
currentSize : 15 <-- 2.578641 s
currentSize : 16 <-- 11.843032 s
currentSize : 17 <-- 28.330940 s

maxsize : 17
nodes : 16919371.000000
filtered : 358169079.000000
time : 69.693985
