Parameters: GAD=1 vflib=1 dir=0 label=0 lowerbound=1 fileNameGp=../graphsdb/mcs50/bvg/b03m/mcs50_b03m_s20.A12 fileNameGt=../graphsdb/mcs50/bvg/b03m/mcs50_b03m_s20.B12
Reading graphs...
20 :  30
20 :  30
Initializing...
maxdom : 20
D->valSize : 400
Solving...
Blb : 2 (clique : 12)
currentSize : 12 <-- 0.002454 s
currentSize : 13 <-- 0.002643 s
currentSize : 14 <-- 0.002716 s
currentSize : 15 <-- 0.010932 s
currentSize : 16 <-- 0.173892 s

maxsize : 16
nodes : 46512.000000
filtered : 1203886.000000
time : 0.234292
