Parameters: GAD=1 vflib=1 dir=0 label=0 lowerbound=1 fileNameGp=../graphsdb/mcs50/bvg/b06m/mcs50_b06m_s35.A62 fileNameGt=../graphsdb/mcs50/bvg/b06m/mcs50_b06m_s35.B62
Reading graphs...
35 :  103
35 :  102
Initializing...
maxdom : 35
D->valSize : 1225
Solving...
Blb : 2 (clique : 16)
currentSize : 16 <-- 0.019644 s
currentSize : 17 <-- 0.020631 s
currentSize : 18 <-- 0.042504 s
currentSize : 19 <-- 0.118599 s
currentSize : 20 <-- 1.030741 s
currentSize : 21 <-- 48.592327 s
currentSize : 22 <-- 185.330383 s

maxsize : 22
nodes : 168993626.000000
filtered : 7025795493.000000
time : 1000.284180
