Parameters: GAD=1 vflib=1 dir=0 label=0 lowerbound=1 fileNameGp=../graphsdb/mcs50/bvg/b03/mcs50_b03_s35.A67 fileNameGt=../graphsdb/mcs50/bvg/b03/mcs50_b03_s35.B67
Reading graphs...
35 :  52
35 :  52
Initializing...
maxdom : 35
D->valSize : 1225
Solving...
Blb : 2 (clique : 21)
currentSize : 21 <-- 0.021952 s
currentSize : 22 <-- 0.022127 s
currentSize : 23 <-- 0.022215 s
currentSize : 24 <-- 0.025728 s
currentSize : 25 <-- 0.033908 s
currentSize : 26 <-- 2.004574 s
currentSize : 27 <-- 44.138256 s

maxsize : 27
nodes : 44964448.000000
filtered : 2013465925.000000
time : 320.735107
