Parameters: GAD=1 vflib=1 dir=0 label=0 lowerbound=1 fileNameGp=../graphsdb/mcs50/bvg/b09/mcs50_b09_s35.A58 fileNameGt=../graphsdb/mcs50/bvg/b09/mcs50_b09_s35.B58
Reading graphs...
35 :  155
35 :  154
Initializing...
maxdom : 35
D->valSize : 1225
Solving...
Blb : 2 (clique : 12)
currentSize : 12 <-- 0.031564 s
currentSize : 13 <-- 0.031772 s
currentSize : 14 <-- 0.031791 s
currentSize : 15 <-- 0.032125 s
currentSize : 16 <-- 0.155509 s
currentSize : 17 <-- 0.222338 s
currentSize : 18 <-- 1.852703 s
currentSize : 19 <-- 13.501007 s
currentSize : 20 <-- 186.603683 s

maxsize : 20
nodes : 121623814.000000
filtered : 4495122915.000000
time : 679.840149
