Parameters: GAD=1 vflib=1 dir=0 label=0 lowerbound=1 fileNameGp=../graphsdb/mcs50/bvg/b03/mcs50_b03_s30.A35 fileNameGt=../graphsdb/mcs50/bvg/b03/mcs50_b03_s30.B35
Reading graphs...
30 :  43
30 :  45
Initializing...
maxdom : 30
D->valSize : 900
Solving...
Blb : 2 (clique : 17)
currentSize : 17 <-- 0.019582 s
currentSize : 18 <-- 0.020252 s
currentSize : 19 <-- 0.020400 s
currentSize : 20 <-- 0.051505 s
currentSize : 21 <-- 0.060978 s
currentSize : 22 <-- 0.376898 s
currentSize : 23 <-- 6.477065 s

maxsize : 23
nodes : 5655399.000000
filtered : 221790330.000000
time : 34.071690
