Parameters: GAD=1 vflib=1 dir=0 label=0 lowerbound=1 fileNameGp=../graphsdb/mcs50/bvg/b06/mcs50_b06_s30.A45 fileNameGt=../graphsdb/mcs50/bvg/b06/mcs50_b06_s30.B45
Reading graphs...
30 :  87
30 :  89
Initializing...
maxdom : 30
D->valSize : 900
Solving...
Blb : 2 (clique : 13)
currentSize : 13 <-- 0.010497 s
currentSize : 16 <-- 0.010607 s
currentSize : 17 <-- 0.010639 s
currentSize : 18 <-- 0.014960 s
currentSize : 19 <-- 0.436615 s

maxsize : 19
nodes : 10065013.000000
filtered : 342026579.000000
time : 52.192867
