Parameters: GAD=1 vflib=1 dir=0 label=0 lowerbound=1 fileNameGp=../graphsdb/mcs50/rand/r005/mcs50_r005_s35.A27 fileNameGt=../graphsdb/mcs50/rand/r005/mcs50_r005_s35.B27
Reading graphs...
35 :  62
35 :  61
Initializing...
maxdom : 35
D->valSize : 1225
Solving...
Blb : 2 (clique : 21)
currentSize : 21 <-- 0.021130 s
currentSize : 22 <-- 0.023482 s
currentSize : 23 <-- 0.037557 s
currentSize : 24 <-- 0.060082 s
currentSize : 25 <-- 0.127180 s
currentSize : 26 <-- 0.127577 s

maxsize : 26
nodes : 40347441.000000
filtered : 2016027752.000000
time : 300.211212
