Parameters: GAD=1 vflib=1 dir=0 label=0 lowerbound=1 fileNameGp=../graphsdb/mcs50/m2D/m2Dr2/mcs50_m2Dr2_s30.A05 fileNameGt=../graphsdb/mcs50/m2D/m2Dr2/mcs50_m2Dr2_s30.B05
Reading graphs...
30 :  53
30 :  51
Initializing...
maxdom : 30
D->valSize : 900
Solving...
Blb : 2 (clique : 14)
currentSize : 14 <-- 0.011260 s
currentSize : 15 <-- 0.011385 s
currentSize : 16 <-- 0.011658 s
currentSize : 17 <-- 0.011683 s
currentSize : 18 <-- 0.015748 s
currentSize : 19 <-- 0.040995 s
currentSize : 20 <-- 1.276274 s
currentSize : 21 <-- 3.325401 s
currentSize : 22 <-- 109.863968 s

maxsize : 22
nodes : 33503087.000000
filtered : 1114177605.000000
time : 177.741821
