Parameters: GAD=1 vflib=1 dir=0 label=0 lowerbound=1 fileNameGp=../graphsdb/mcs50/rand/r005/mcs50_r005_s30.A50 fileNameGt=../graphsdb/mcs50/rand/r005/mcs50_r005_s30.B50
Reading graphs...
30 :  46
30 :  47
Initializing...
maxdom : 30
D->valSize : 900
Solving...
Blb : 2 (clique : 19)
currentSize : 19 <-- 0.011567 s
currentSize : 20 <-- 0.012180 s
currentSize : 21 <-- 0.012450 s
currentSize : 22 <-- 0.126018 s
currentSize : 23 <-- 0.353767 s

maxsize : 23
nodes : 11015658.000000
filtered : 479022434.000000
time : 70.343353
