Parameters: GAD=1 vflib=1 dir=0 label=0 lowerbound=1 fileNameGp=../graphsdb/mcs50/bvg/b03m/mcs50_b03m_s30.A96 fileNameGt=../graphsdb/mcs50/bvg/b03m/mcs50_b03m_s30.B96
Reading graphs...
30 :  43
30 :  43
Initializing...
maxdom : 30
D->valSize : 900
Solving...
Blb : 2 (clique : 19)
currentSize : 19 <-- 0.011512 s
currentSize : 20 <-- 0.012398 s
currentSize : 21 <-- 0.062904 s
currentSize : 22 <-- 0.355268 s
currentSize : 23 <-- 0.379855 s
currentSize : 24 <-- 0.629010 s

maxsize : 24
nodes : 1453760.000000
filtered : 69235327.000000
time : 9.594281
