Parameters: GAD=1 vflib=1 dir=0 label=0 lowerbound=1 fileNameGp=../graphsdb/mcs50/m4D/m4D/mcs50_m4D_s35.A06 fileNameGt=../graphsdb/mcs50/m4D/m4D/mcs50_m4D_s35.B06
Reading graphs...
35 :  63
35 :  63
Initializing...
maxdom : 35
D->valSize : 1225
Solving...
Blb : 2 (clique : 21)
currentSize : 21 <-- 0.036121 s
currentSize : 22 <-- 0.556059 s
currentSize : 23 <-- 0.559620 s
currentSize : 24 <-- 0.704516 s
currentSize : 25 <-- 2.127865 s
currentSize : 26 <-- 246.781296 s

maxsize : 26
nodes : 72643882.000000
filtered : 3322691586.000000
time : 482.281464
