Parameters: GAD=1 vflib=1 dir=0 label=0 lowerbound=1 fileNameGp=../graphsdb/mcs50/rand/r005/mcs50_r005_s25.A70 fileNameGt=../graphsdb/mcs50/rand/r005/mcs50_r005_s25.B70
Reading graphs...
25 :  35
25 :  34
Initializing...
maxdom : 25
D->valSize : 625
Solving...
Blb : 2 (clique : 14)
currentSize : 14 <-- 0.005722 s
currentSize : 15 <-- 0.005812 s
currentSize : 16 <-- 0.005870 s
currentSize : 17 <-- 0.006408 s
currentSize : 18 <-- 0.029732 s
currentSize : 19 <-- 0.102519 s
currentSize : 20 <-- 3.134019 s

maxsize : 20
nodes : 828813.000000
filtered : 26645573.000000
time : 3.950077
