Parameters: GAD=1 vflib=1 dir=0 label=0 lowerbound=1 fileNameGp=../graphsdb/mcs50/rand/r01/mcs50_r01_s30.A23 fileNameGt=../graphsdb/mcs50/rand/r01/mcs50_r01_s30.B23
Reading graphs...
30 :  84
30 :  83
Initializing...
maxdom : 30
D->valSize : 900
Solving...
Blb : 2 (clique : 14)
currentSize : 14 <-- 0.018443 s
currentSize : 15 <-- 0.018618 s
currentSize : 16 <-- 0.018720 s
currentSize : 17 <-- 0.027391 s
currentSize : 18 <-- 0.182983 s
currentSize : 19 <-- 82.529495 s

maxsize : 19
nodes : 34604399.000000
filtered : 962152578.000000
time : 162.813904
