Parameters: GAD=1 vflib=1 dir=0 label=0 lowerbound=1 fileNameGp=../graphsdb/mcs50/bvg/b03m/mcs50_b03m_s30.A33 fileNameGt=../graphsdb/mcs50/bvg/b03m/mcs50_b03m_s30.B33
Reading graphs...
30 :  45
30 :  45
Initializing...
maxdom : 30
D->valSize : 900
Solving...
Blb : 2 (clique : 18)
currentSize : 18 <-- 0.020270 s
currentSize : 19 <-- 0.020532 s
currentSize : 20 <-- 0.020809 s
currentSize : 21 <-- 0.021244 s
currentSize : 22 <-- 0.026612 s
currentSize : 23 <-- 2.755011 s

maxsize : 23
nodes : 7881756.000000
filtered : 294948103.000000
time : 46.580349
