Parameters: GAD=1 vflib=1 dir=0 label=0 lowerbound=1 fileNameGp=../graphsdb/mcs50/m4D/m4Dr2/mcs50_m4Dr2_s30.A04 fileNameGt=../graphsdb/mcs50/m4D/m4Dr2/mcs50_m4Dr2_s30.B04
Reading graphs...
30 :  61
30 :  61
Initializing...
maxdom : 30
D->valSize : 900
Solving...
Blb : 2 (clique : 15)
currentSize : 15 <-- 0.011153 s
currentSize : 16 <-- 0.011284 s
currentSize : 17 <-- 0.011328 s
currentSize : 18 <-- 0.012091 s
currentSize : 19 <-- 0.017918 s
currentSize : 20 <-- 0.650069 s
currentSize : 21 <-- 6.223708 s

maxsize : 21
nodes : 19812026.000000
filtered : 824562292.000000
time : 113.927002
