Parameters: GAD=1 vflib=1 dir=0 label=0 lowerbound=1 fileNameGp=../graphsdb/mcs50/m4D/m4Dr2/mcs50_m4Dr2_s35.A16 fileNameGt=../graphsdb/mcs50/m4D/m4Dr2/mcs50_m4Dr2_s35.B16
Reading graphs...
35 :  69
35 :  68
Initializing...
maxdom : 35
D->valSize : 1225
Solving...
Blb : 2 (clique : 20)
currentSize : 20 <-- 0.020741 s
currentSize : 21 <-- 0.020929 s
currentSize : 22 <-- 0.327273 s
currentSize : 23 <-- 0.452264 s
currentSize : 24 <-- 1.322243 s
currentSize : 25 <-- 6.250978 s
currentSize : 26 <-- 232.818741 s

maxsize : 26
nodes : 39608052.000000
filtered : 2133228591.000000
time : 289.833191
