Parameters: GAD=1 vflib=1 dir=0 label=0 lowerbound=1 fileNameGp=../graphsdb/mcs50/m2D/m2Dr6/mcs50_m2Dr6_s30.A29 fileNameGt=../graphsdb/mcs50/m2D/m2Dr6/mcs50_m2Dr6_s30.B29
Reading graphs...
30 :  66
30 :  62
Initializing...
maxdom : 30
D->valSize : 900
Solving...
Blb : 2 (clique : 16)
currentSize : 16 <-- 0.010888 s
currentSize : 17 <-- 0.012734 s
currentSize : 18 <-- 0.055528 s
currentSize : 19 <-- 0.204065 s
currentSize : 20 <-- 2.962988 s

maxsize : 20
nodes : 49645097.000000
filtered : 1602025673.000000
time : 249.293564
