Parameters: GAD=1 vflib=1 dir=0 label=0 lowerbound=1 fileNameGp=../graphsdb/mcs50/m2D/m2Dr6/mcs50_m2Dr6_s30.A76 fileNameGt=../graphsdb/mcs50/m2D/m2Dr6/mcs50_m2Dr6_s30.B76
Reading graphs...
30 :  66
30 :  65
Initializing...
maxdom : 30
D->valSize : 900
Solving...
Blb : 2 (clique : 14)
currentSize : 14 <-- 0.011167 s
currentSize : 15 <-- 0.011329 s
currentSize : 16 <-- 0.011351 s
currentSize : 17 <-- 0.011764 s
currentSize : 18 <-- 0.011905 s
currentSize : 19 <-- 0.637163 s
currentSize : 20 <-- 1.228364 s

maxsize : 20
nodes : 42029990.000000
filtered : 1211133457.000000
time : 201.187683
