Parameters: GAD=1 vflib=1 dir=0 label=0 lowerbound=1 fileNameGp=../graphsdb/mcs50/bvg/b03m/mcs50_b03m_s35.A61 fileNameGt=../graphsdb/mcs50/bvg/b03m/mcs50_b03m_s35.B61
Reading graphs...
35 :  51
35 :  50
Initializing...
maxdom : 35
D->valSize : 1225
Solving...
Blb : 2 (clique : 21)
currentSize : 21 <-- 0.037161 s
currentSize : 22 <-- 0.038922 s
currentSize : 23 <-- 0.141585 s
currentSize : 24 <-- 0.148986 s
currentSize : 25 <-- 0.286716 s
currentSize : 26 <-- 3.390471 s
currentSize : 27 <-- 458.348663 s

maxsize : 27
nodes : 373143564.000000
filtered : 18270562318.000000
time : 2756.122559
