Parameters: GAD=1 vflib=1 dir=0 label=0 lowerbound=1 fileNameGp=../graphsdb/mcs50/m2D/m2Dr2/mcs50_m2Dr2_s20.A09 fileNameGt=../graphsdb/mcs50/m2D/m2Dr2/mcs50_m2Dr2_s20.B09
Reading graphs...
20 :  33
20 :  33
Initializing...
maxdom : 20
D->valSize : 400
Solving...
Blb : 2 (clique : 11)
currentSize : 11 <-- 0.004019 s
currentSize : 12 <-- 0.004115 s
currentSize : 13 <-- 0.004490 s
currentSize : 14 <-- 0.005521 s
currentSize : 15 <-- 0.014131 s

maxsize : 15
nodes : 20401.000000
filtered : 487471.000000
time : 0.082644
