Parameters: GAD=1 vflib=1 dir=0 label=0 lowerbound=1 fileNameGp=../graphsdb/mcs50/bvg/b09/mcs50_b09_s30.A24 fileNameGt=../graphsdb/mcs50/bvg/b09/mcs50_b09_s30.B24
Reading graphs...
30 :  130
30 :  131
Initializing...
maxdom : 30
D->valSize : 900
Solving...
Blb : 5 (clique : 12)
currentSize : 12 <-- 0.009962 s
currentSize : 13 <-- 0.010190 s
currentSize : 14 <-- 0.012213 s
currentSize : 15 <-- 0.019950 s
currentSize : 16 <-- 24.628408 s
currentSize : 17 <-- 169.100571 s

maxsize : 17
nodes : 42747241.000000
filtered : 959590091.000000
time : 179.287201
