Parameters: GAD=1 vflib=1 dir=0 label=0 lowerbound=1 fileNameGp=../graphsdb/mcs50/m4D/m4Dr2/mcs50_m4Dr2_s30.A56 fileNameGt=../graphsdb/mcs50/m4D/m4Dr2/mcs50_m4Dr2_s30.B56
Reading graphs...
30 :  60
30 :  59
Initializing...
maxdom : 30
D->valSize : 900
Solving...
Blb : 2 (clique : 17)
currentSize : 17 <-- 0.011063 s
currentSize : 18 <-- 0.011247 s
currentSize : 19 <-- 0.017202 s
currentSize : 20 <-- 0.017385 s
currentSize : 21 <-- 0.335413 s
currentSize : 22 <-- 5.005398 s

maxsize : 22
nodes : 3946836.000000
filtered : 180756366.000000
time : 25.320148
