Parameters: GAD=1 vflib=1 dir=0 label=0 lowerbound=1 fileNameGp=../graphsdb/mcs50/bvg/b06/mcs50_b06_s25.A17 fileNameGt=../graphsdb/mcs50/bvg/b06/mcs50_b06_s25.B17
Reading graphs...
25 :  74
25 :  72
Initializing...
maxdom : 25
D->valSize : 625
Solving...
Blb : 2 (clique : 12)
currentSize : 12 <-- 0.008448 s
currentSize : 13 <-- 0.008656 s
currentSize : 14 <-- 0.008803 s
currentSize : 15 <-- 0.009305 s
currentSize : 16 <-- 0.304823 s

maxsize : 16
nodes : 1334049.000000
filtered : 39548362.000000
time : 5.986557
