Parameters: GAD=1 vflib=1 dir=0 label=0 lowerbound=1 fileNameGp=../graphsdb/mcs50/bvg/b06/mcs50_b06_s20.A12 fileNameGt=../graphsdb/mcs50/bvg/b06/mcs50_b06_s20.B12
Reading graphs...
20 :  59
20 :  59
Initializing...
maxdom : 20
D->valSize : 400
Solving...
Blb : 2 (clique : 9)
currentSize : 9 <-- 0.003600 s
currentSize : 10 <-- 0.003703 s
currentSize : 11 <-- 0.003814 s
currentSize : 12 <-- 0.041849 s
currentSize : 13 <-- 0.112920 s

maxsize : 13
nodes : 110607.000000
filtered : 2077299.000000
time : 0.390969
