Parameters: GAD=1 vflib=1 dir=0 label=0 lowerbound=1 fileNameGp=../graphsdb/mcs50/m2D/m2Dr4/mcs50_m2Dr4_s20.A20 fileNameGt=../graphsdb/mcs50/m2D/m2Dr4/mcs50_m2Dr4_s20.B20
Reading graphs...
20 :  38
20 :  37
Initializing...
maxdom : 20
D->valSize : 400
Solving...
Blb : 2 (clique : 11)
currentSize : 11 <-- 0.002418 s
currentSize : 12 <-- 0.002481 s
currentSize : 13 <-- 0.002651 s
currentSize : 14 <-- 0.007043 s
currentSize : 15 <-- 0.060332 s

maxsize : 15
nodes : 41772.000000
filtered : 930037.000000
time : 0.153175
