Parameters: GAD=1 vflib=1 dir=0 label=0 lowerbound=1 fileNameGp=../graphsdb/mcs50/bvg/b06m/mcs50_b06m_s30.A90 fileNameGt=../graphsdb/mcs50/bvg/b06m/mcs50_b06m_s30.B90
Reading graphs...
30 :  89
30 :  89
Initializing...
maxdom : 30
D->valSize : 900
Solving...
Blb : 2 (clique : 13)
currentSize : 13 <-- 0.010787 s
currentSize : 14 <-- 0.010940 s
currentSize : 15 <-- 0.010995 s
currentSize : 16 <-- 0.014899 s
currentSize : 17 <-- 0.030594 s
currentSize : 18 <-- 10.604328 s
currentSize : 19 <-- 77.595352 s

maxsize : 19
nodes : 23975879.000000
filtered : 689779565.000000
time : 115.986877
