Parameters: GAD=1 vflib=1 dir=0 label=0 lowerbound=1 fileNameGp=../graphsdb/mcs50/bvg/b09m/mcs50_b09m_s30.A61 fileNameGt=../graphsdb/mcs50/bvg/b09m/mcs50_b09m_s30.B61
Reading graphs...
30 :  126
30 :  128
Initializing...
maxdom : 30
D->valSize : 900
Solving...
Blb : 2 (clique : 10)
currentSize : 10 <-- 0.017095 s
currentSize : 11 <-- 0.017230 s
currentSize : 12 <-- 0.017360 s
currentSize : 13 <-- 0.020301 s
currentSize : 14 <-- 0.022083 s
currentSize : 15 <-- 1.152513 s
currentSize : 16 <-- 5.915443 s

maxsize : 16
nodes : 35244658.000000
filtered : 750699781.000000
time : 147.447845
