Parameters: GAD=1 vflib=1 dir=0 label=0 lowerbound=1 fileNameGp=../graphsdb/mcs50/bvg/b09/mcs50_b09_s35.A70 fileNameGt=../graphsdb/mcs50/bvg/b09/mcs50_b09_s35.B70
Reading graphs...
35 :  151
35 :  154
Initializing...
maxdom : 35
D->valSize : 1225
Solving...
Blb : 2 (clique : 13)
currentSize : 13 <-- 0.018443 s
currentSize : 14 <-- 0.018580 s
currentSize : 15 <-- 0.019783 s
currentSize : 16 <-- 0.081769 s
currentSize : 17 <-- 0.300718 s
currentSize : 18 <-- 2.527176 s
currentSize : 19 <-- 2.529006 s
currentSize : 20 <-- 5.305031 s

maxsize : 20
nodes : 92126627.000000
filtered : 3001145035.000000
time : 495.958221
