Parameters: GAD=1 vflib=1 dir=0 label=0 lowerbound=1 fileNameGp=../graphsdb/mcs50/m4D/m4Dr2/mcs50_m4Dr2_s30.A26 fileNameGt=../graphsdb/mcs50/m4D/m4Dr2/mcs50_m4Dr2_s30.B26
Reading graphs...
30 :  61
30 :  61
Initializing...
maxdom : 30
D->valSize : 900
Solving...
Blb : 2 (clique : 16)
currentSize : 16 <-- 0.011020 s
currentSize : 17 <-- 0.011392 s
currentSize : 18 <-- 0.017199 s
currentSize : 19 <-- 0.029525 s
currentSize : 20 <-- 0.038281 s
currentSize : 21 <-- 0.268470 s

maxsize : 21
nodes : 18908318.000000
filtered : 771088421.000000
time : 105.342247
