Parameters: GAD=1 vflib=1 dir=0 label=0 lowerbound=1 fileNameGp=../graphsdb/mcs50/bvg/b03/mcs50_b03_s25.A96 fileNameGt=../graphsdb/mcs50/bvg/b03/mcs50_b03_s25.B96
Reading graphs...
25 :  37
25 :  37
Initializing...
maxdom : 25
D->valSize : 625
Solving...
Blb : 2 (clique : 15)
currentSize : 15 <-- 0.005496 s
currentSize : 16 <-- 0.005585 s
currentSize : 17 <-- 0.005709 s
currentSize : 18 <-- 0.005794 s
currentSize : 19 <-- 0.616119 s

maxsize : 19
nodes : 758517.000000
filtered : 19552237.000000
time : 3.451251
