Parameters: GAD=1 vflib=1 dir=0 label=0 lowerbound=1 fileNameGp=../graphsdb/mcs50/m4D/m4D/mcs50_m4D_s35.A14 fileNameGt=../graphsdb/mcs50/m4D/m4D/mcs50_m4D_s35.B14
Reading graphs...
35 :  63
35 :  63
Initializing...
maxdom : 35
D->valSize : 1225
Solving...
Blb : 2 (clique : 22)
currentSize : 22 <-- 0.020793 s
currentSize : 23 <-- 0.020975 s
currentSize : 24 <-- 0.021005 s
currentSize : 25 <-- 1.069458 s
currentSize : 26 <-- 1.956438 s
currentSize : 27 <-- 308.652557 s

maxsize : 27
nodes : 51341674.000000
filtered : 2653983273.000000
time : 373.803070
