Parameters: GAD=1 vflib=1 dir=0 label=0 lowerbound=1 fileNameGp=../graphsdb/mcs50/bvg/b03/mcs50_b03_s30.A47 fileNameGt=../graphsdb/mcs50/bvg/b03/mcs50_b03_s30.B47
Reading graphs...
30 :  45
30 :  45
Initializing...
maxdom : 30
D->valSize : 900
Solving...
Blb : 2 (clique : 17)
currentSize : 17 <-- 0.016157 s
currentSize : 20 <-- 0.016291 s
currentSize : 21 <-- 0.016983 s
currentSize : 22 <-- 0.017306 s
currentSize : 23 <-- 2.259847 s

maxsize : 23
nodes : 7275936.000000
filtered : 274610414.000000
time : 42.425827
