Parameters: GAD=1 vflib=1 dir=0 label=0 lowerbound=1 fileNameGp=../graphsdb/mcs50/m2D/m2Dr6/mcs50_m2Dr6_s30.A53 fileNameGt=../graphsdb/mcs50/m2D/m2Dr6/mcs50_m2Dr6_s30.B53
Reading graphs...
30 :  66
30 :  64
Initializing...
maxdom : 30
D->valSize : 900
Solving...
Blb : 2 (clique : 15)
currentSize : 15 <-- 0.010969 s
currentSize : 16 <-- 0.011083 s
currentSize : 17 <-- 0.011120 s
currentSize : 18 <-- 0.011209 s
currentSize : 19 <-- 0.012203 s
currentSize : 20 <-- 1.278191 s

maxsize : 20
nodes : 29167689.000000
filtered : 907133816.000000
time : 145.600418
