Parameters: GAD=1 vflib=1 dir=0 label=0 lowerbound=1 fileNameGp=../graphsdb/mcs50/m4D/m4Dr4/mcs50_m4Dr4_s30.A09 fileNameGt=../graphsdb/mcs50/m4D/m4Dr4/mcs50_m4Dr4_s30.B09
Reading graphs...
30 :  66
30 :  65
Initializing...
maxdom : 30
D->valSize : 900
Solving...
Blb : 3 (clique : 15)
currentSize : 15 <-- 0.010941 s
currentSize : 16 <-- 0.011068 s
currentSize : 17 <-- 0.013263 s
currentSize : 18 <-- 0.017896 s
currentSize : 19 <-- 0.045304 s
currentSize : 20 <-- 0.264305 s

maxsize : 20
nodes : 58110904.000000
filtered : 2072441551.000000
time : 303.702484
