Parameters: GAD=1 vflib=1 dir=0 label=0 lowerbound=1 fileNameGp=../graphsdb/mcs50/bvg/b03m/mcs50_b03m_s25.A31 fileNameGt=../graphsdb/mcs50/bvg/b03m/mcs50_b03m_s25.B31
Reading graphs...
25 :  37
25 :  37
Initializing...
maxdom : 25
D->valSize : 625
Solving...
Blb : 2 (clique : 14)
currentSize : 14 <-- 0.005716 s
currentSize : 16 <-- 0.005817 s
currentSize : 17 <-- 0.006238 s
currentSize : 18 <-- 0.010003 s
currentSize : 19 <-- 0.091296 s
currentSize : 20 <-- 0.154310 s

maxsize : 20
nodes : 83199.000000
filtered : 2626248.000000
time : 0.405393
