Parameters: GAD=1 vflib=1 dir=0 label=0 lowerbound=1 fileNameGp=../graphsdb/mcs50/bvg/b09/mcs50_b09_s35.A59 fileNameGt=../graphsdb/mcs50/bvg/b09/mcs50_b09_s35.B59
Reading graphs...
35 :  155
35 :  152
Initializing...
maxdom : 35
D->valSize : 1225
Solving...
Blb : 2 (clique : 13)
currentSize : 13 <-- 0.018418 s
currentSize : 14 <-- 0.018546 s
currentSize : 15 <-- 0.018802 s
currentSize : 16 <-- 0.019078 s
currentSize : 17 <-- 4.700806 s
currentSize : 18 <-- 4.704061 s
currentSize : 19 <-- 94.212791 s

maxsize : 19
nodes : 240236146.000000
filtered : 7352248560.000000
time : 1236.964355
