Parameters: GAD=1 vflib=1 dir=0 label=0 lowerbound=1 fileNameGp=../graphsdb/mcs50/bvg/b03/mcs50_b03_s35.A44 fileNameGt=../graphsdb/mcs50/bvg/b03/mcs50_b03_s35.B44
Reading graphs...
35 :  52
35 :  52
Initializing...
maxdom : 35
D->valSize : 1225
Solving...
Blb : 2 (clique : 20)
currentSize : 20 <-- 0.021539 s
currentSize : 21 <-- 0.021736 s
currentSize : 22 <-- 0.040125 s
currentSize : 23 <-- 0.051326 s
currentSize : 24 <-- 0.205693 s
currentSize : 25 <-- 0.318368 s
currentSize : 26 <-- 3.034197 s
currentSize : 27 <-- 286.494110 s

maxsize : 27
nodes : 208515638.000000
filtered : 11067169342.000000
time : 1584.385132
