Parameters: GAD=1 vflib=1 dir=0 label=0 lowerbound=1 fileNameGp=../graphsdb/mcs50/bvg/b06/mcs50_b06_s30.A34 fileNameGt=../graphsdb/mcs50/bvg/b06/mcs50_b06_s30.B34
Reading graphs...
30 :  89
30 :  86
Initializing...
maxdom : 30
D->valSize : 900
Solving...
Blb : 3 (clique : 15)
currentSize : 15 <-- 0.010491 s
currentSize : 16 <-- 0.013474 s
currentSize : 17 <-- 0.063432 s
currentSize : 18 <-- 2.189884 s
currentSize : 19 <-- 3.412790 s
currentSize : 20 <-- 5.505952 s

maxsize : 20
nodes : 5021358.000000
filtered : 178144499.000000
time : 25.665218
