Parameters: GAD=1 vflib=1 dir=0 label=0 lowerbound=1 fileNameGp=../graphsdb/mcs50/rand/r02/mcs50_r02_s30.A65 fileNameGt=../graphsdb/mcs50/rand/r02/mcs50_r02_s30.B65
Reading graphs...
30 :  157
30 :  158
Initializing...
maxdom : 30
D->valSize : 900
Solving...
Blb : 2 (clique : 10)
currentSize : 10 <-- 0.016470 s
currentSize : 12 <-- 0.016617 s
currentSize : 13 <-- 0.018331 s
currentSize : 14 <-- 0.264884 s
currentSize : 15 <-- 81.018112 s

maxsize : 15
nodes : 79882881.000000
filtered : 1135403633.000000
time : 285.402374
