Parameters: GAD=1 vflib=1 dir=0 label=0 lowerbound=1 fileNameGp=../graphsdb/mcs50/m3D/m3Dr6/mcs50_m3Dr6_s20.A31 fileNameGt=../graphsdb/mcs50/m3D/m3Dr6/mcs50_m3Dr6_s20.B31
Reading graphs...
20 :  47
20 :  45
Initializing...
maxdom : 20
D->valSize : 400
Solving...
Blb : 2 (clique : 9)
currentSize : 9 <-- 0.002344 s
currentSize : 10 <-- 0.002402 s
currentSize : 11 <-- 0.002882 s
currentSize : 12 <-- 0.005146 s
currentSize : 13 <-- 0.006587 s

maxsize : 13
nodes : 162315.000000
filtered : 2826859.000000
time : 0.580736
