Parameters: GAD=1 vflib=1 dir=0 label=0 lowerbound=1 fileNameGp=../graphsdb/mcs50/m2D/m2Dr6/mcs50_m2Dr6_s20.A30 fileNameGt=../graphsdb/mcs50/m2D/m2Dr6/mcs50_m2Dr6_s20.B30
Reading graphs...
20 :  41
20 :  41
Initializing...
maxdom : 20
D->valSize : 400
Solving...
Blb : 2 (clique : 10)
currentSize : 10 <-- 0.002340 s
currentSize : 11 <-- 0.002452 s
currentSize : 12 <-- 0.004153 s
currentSize : 13 <-- 0.015771 s
currentSize : 14 <-- 0.422492 s
currentSize : 15 <-- 0.469019 s

maxsize : 15
nodes : 142974.000000
filtered : 2007211.000000
time : 0.497823
