Parameters: GAD=1 vflib=1 dir=0 label=0 lowerbound=1 fileNameGp=../graphsdb/mcs50/bvg/b06/mcs50_b06_s25.A13 fileNameGt=../graphsdb/mcs50/bvg/b06/mcs50_b06_s25.B13
Reading graphs...
25 :  75
25 :  74
Initializing...
maxdom : 25
D->valSize : 625
Solving...
Blb : 2 (clique : 12)
currentSize : 12 <-- 0.008434 s
currentSize : 13 <-- 0.008839 s
currentSize : 14 <-- 0.010396 s
currentSize : 15 <-- 0.045060 s
currentSize : 16 <-- 0.533714 s

maxsize : 16
nodes : 735759.000000
filtered : 17292243.000000
time : 2.961058
