Parameters: GAD=1 vflib=1 dir=0 label=0 lowerbound=1 fileNameGp=../graphsdb/mcs50/bvg/b06/mcs50_b06_s25.A48 fileNameGt=../graphsdb/mcs50/bvg/b06/mcs50_b06_s25.B48
Reading graphs...
25 :  74
25 :  73
Initializing...
maxdom : 25
D->valSize : 625
Solving...
Blb : 2 (clique : 13)
currentSize : 13 <-- 0.005046 s
currentSize : 14 <-- 0.005969 s
currentSize : 15 <-- 0.058300 s
currentSize : 16 <-- 0.089074 s
currentSize : 17 <-- 0.530661 s

maxsize : 17
nodes : 422596.000000
filtered : 10395469.000000
time : 1.793212
