Parameters: GAD=1 vflib=1 dir=0 label=0 lowerbound=1 fileNameGp=../graphsdb/mcs50/m4D/m4Dr6/mcs50_m4Dr6_s30.A84 fileNameGt=../graphsdb/mcs50/m4D/m4Dr6/mcs50_m4Dr6_s30.B84
Reading graphs...
30 :  70
30 :  70
Initializing...
maxdom : 30
D->valSize : 900
Solving...
Blb : 2 (clique : 17)
currentSize : 17 <-- 0.010763 s
currentSize : 18 <-- 0.012108 s
currentSize : 19 <-- 0.019110 s
currentSize : 20 <-- 4.700678 s
currentSize : 21 <-- 26.649723 s

maxsize : 21
nodes : 9403028.000000
filtered : 375378155.000000
time : 51.821903
