Parameters: GAD=1 vflib=1 dir=0 label=0 lowerbound=1 fileNameGp=../graphsdb/mcs50/bvg/b09m/mcs50_b09m_s30.A33 fileNameGt=../graphsdb/mcs50/bvg/b09m/mcs50_b09m_s30.B33
Reading graphs...
30 :  127
30 :  124
Initializing...
maxdom : 30
D->valSize : 900
Solving...
Blb : 2 (clique : 13)
currentSize : 13 <-- 0.009739 s
currentSize : 14 <-- 0.026039 s
currentSize : 15 <-- 0.102684 s
currentSize : 16 <-- 1.953570 s
currentSize : 17 <-- 43.854809 s

maxsize : 17
nodes : 21779625.000000
filtered : 547835624.000000
time : 94.954330
