Parameters: GAD=1 vflib=1 dir=0 label=0 lowerbound=1 fileNameGp=../graphsdb/mcs50/bvg/b09/mcs50_b09_s35.A84 fileNameGt=../graphsdb/mcs50/bvg/b09/mcs50_b09_s35.B84
Reading graphs...
35 :  153
35 :  153
Initializing...
maxdom : 35
D->valSize : 1225
Solving...
Blb : 2 (clique : 13)
currentSize : 13 <-- 0.018793 s
currentSize : 14 <-- 0.018964 s
currentSize : 15 <-- 0.019374 s
currentSize : 16 <-- 0.045356 s
currentSize : 17 <-- 0.150525 s
currentSize : 18 <-- 9.602432 s
currentSize : 19 <-- 247.035126 s

maxsize : 19
nodes : 274570622.000000
filtered : 8615821356.000000
time : 1427.367188
