Parameters: GAD=1 vflib=1 dir=0 label=0 lowerbound=1 fileNameGp=../graphsdb/mcs50/m4D/m4Dr6/mcs50_m4Dr6_s35.A30 fileNameGt=../graphsdb/mcs50/m4D/m4Dr6/mcs50_m4Dr6_s35.B30
Reading graphs...
35 :  81
35 :  78
Initializing...
maxdom : 35
D->valSize : 1225
Solving...
Blb : 2 (clique : 17)
currentSize : 17 <-- 0.020193 s
currentSize : 20 <-- 0.020349 s
currentSize : 21 <-- 0.020497 s
currentSize : 22 <-- 11.225161 s
currentSize : 23 <-- 11.272655 s
currentSize : 24 <-- 17.731745 s

maxsize : 24
nodes : 443272308.000000
filtered : 22958728175.000000
time : 3089.635742
