Parameters: GAD=1 vflib=1 dir=0 label=0 lowerbound=1 fileNameGp=../graphsdb/mcs50/bvg/b06/mcs50_b06_s30.A79 fileNameGt=../graphsdb/mcs50/bvg/b06/mcs50_b06_s30.B79
Reading graphs...
30 :  88
30 :  88
Initializing...
maxdom : 30
D->valSize : 900
Solving...
Blb : 2 (clique : 14)
currentSize : 14 <-- 0.010455 s
currentSize : 15 <-- 0.010568 s
currentSize : 16 <-- 0.010656 s
currentSize : 17 <-- 0.014618 s
currentSize : 18 <-- 0.376516 s
currentSize : 19 <-- 0.477884 s
currentSize : 20 <-- 1.895355 s

maxsize : 20
nodes : 4290005.000000
filtered : 171658600.000000
time : 23.998114
