Parameters: GAD=1 vflib=1 dir=0 label=0 lowerbound=1 fileNameGp=../graphsdb/mcs50/bvg/b03/mcs50_b03_s30.A74 fileNameGt=../graphsdb/mcs50/bvg/b03/mcs50_b03_s30.B74
Reading graphs...
30 :  45
30 :  45
Initializing...
maxdom : 30
D->valSize : 900
Solving...
Blb : 2 (clique : 19)
currentSize : 19 <-- 0.020058 s
currentSize : 20 <-- 0.613920 s
currentSize : 21 <-- 0.677738 s
currentSize : 22 <-- 0.872575 s
currentSize : 23 <-- 63.102345 s

maxsize : 23
nodes : 18785232.000000
filtered : 740321157.000000
time : 113.014282
