Parameters: GAD=1 vflib=1 dir=0 label=0 lowerbound=1 fileNameGp=../graphsdb/mcs50/m4D/m4Dr4/mcs50_m4Dr4_s35.A08 fileNameGt=../graphsdb/mcs50/m4D/m4Dr4/mcs50_m4Dr4_s35.B08
Reading graphs...
35 :  74
35 :  75
Initializing...
maxdom : 35
D->valSize : 1225
Solving...
Blb : 2 (clique : 17)
currentSize : 17 <-- 0.035874 s
currentSize : 18 <-- 0.036143 s
currentSize : 19 <-- 0.036291 s
currentSize : 20 <-- 0.036399 s
currentSize : 21 <-- 0.036668 s
currentSize : 22 <-- 0.176607 s
currentSize : 23 <-- 56.334038 s
currentSize : 24 <-- 106.958572 s

TIMEOUT
maxsize : 24
nodes : 531825014.000000
filtered : 27298406163.000000
time : 3600.000000
