Parameters: GAD=1 vflib=1 dir=0 label=0 lowerbound=1 fileNameGp=../graphsdb/mcs70/rand/r005/mcs70_r005_s30.A32 fileNameGt=../graphsdb/mcs70/rand/r005/mcs70_r005_s30.B32
Reading graphs...
30 :  41
30 :  42
Initializing...
maxdom : 30
D->valSize : 900
Solving...
Blb : 2 (clique : 18)
currentSize : 18 <-- 0.011450 s
currentSize : 19 <-- 0.011600 s
currentSize : 20 <-- 0.011801 s
currentSize : 21 <-- 0.012015 s
currentSize : 22 <-- 0.015132 s
currentSize : 23 <-- 0.044539 s
currentSize : 24 <-- 22.596518 s

maxsize : 24
nodes : 4620813.000000
filtered : 169161112.000000
time : 27.284168
