Parameters: GAD=1 vflib=1 dir=0 label=0 lowerbound=1 fileNameGp=../graphsdb/mcs70/rand/r01/mcs70_r01_s20.A88 fileNameGt=../graphsdb/mcs70/rand/r01/mcs70_r01_s20.B88
Reading graphs...
20 :  37
20 :  37
Initializing...
maxdom : 20
D->valSize : 400
Solving...
Blb : 2 (clique : 11)
currentSize : 11 <-- 0.002338 s
currentSize : 12 <-- 0.002417 s
currentSize : 13 <-- 0.002493 s
currentSize : 14 <-- 0.005194 s
currentSize : 15 <-- 0.030813 s

maxsize : 15
nodes : 36512.000000
filtered : 855319.000000
time : 0.136813
