Parameters: GAD=1 vflib=1 dir=0 label=0 lowerbound=1 fileNameGp=../graphsdb/mcs70/bvg/b06m/mcs70_b06m_s30.A73 fileNameGt=../graphsdb/mcs70/bvg/b06m/mcs70_b06m_s30.B73
Reading graphs...
30 :  87
30 :  87
Initializing...
maxdom : 30
D->valSize : 900
Solving...
Blb : 2 (clique : 14)
currentSize : 14 <-- 0.016642 s
currentSize : 15 <-- 0.016818 s
currentSize : 16 <-- 0.018135 s
currentSize : 17 <-- 0.073714 s
currentSize : 18 <-- 4.208477 s
currentSize : 19 <-- 9.081040 s
currentSize : 20 <-- 9.081071 s
currentSize : 21 <-- 9.081094 s

maxsize : 21
nodes : 3697297.000000
filtered : 119132312.000000
time : 18.398838
