Parameters: GAD=1 vflib=1 dir=0 label=0 lowerbound=1 fileNameGp=../graphsdb/mcs70/bvg/b09m/mcs70_b09m_s35.A11 fileNameGt=../graphsdb/mcs70/bvg/b09m/mcs70_b09m_s35.B11
Reading graphs...
35 :  151
35 :  150
Initializing...
maxdom : 35
D->valSize : 1225
Solving...
Blb : 3 (clique : 13)
currentSize : 13 <-- 0.032216 s
currentSize : 14 <-- 0.032409 s
currentSize : 15 <-- 0.033750 s
currentSize : 16 <-- 0.044518 s
currentSize : 17 <-- 8.762511 s
currentSize : 18 <-- 177.199585 s
currentSize : 19 <-- 502.590942 s
currentSize : 20 <-- 502.607025 s
currentSize : 23 <-- 502.607086 s
currentSize : 24 <-- 502.612427 s

maxsize : 24
nodes : 120374052.000000
filtered : 2465578625.000000
time : 527.064697
