Parameters: GAD=1 vflib=1 dir=0 label=0 lowerbound=1 fileNameGp=../graphsdb/mcs70/bvg/b09/mcs70_b09_s35.A45 fileNameGt=../graphsdb/mcs70/bvg/b09/mcs70_b09_s35.B45
Reading graphs...
35 :  155
35 :  155
Initializing...
maxdom : 35
D->valSize : 1225
Solving...
Blb : 2 (clique : 15)
currentSize : 15 <-- 0.031817 s
currentSize : 16 <-- 0.075533 s
currentSize : 17 <-- 0.325471 s
currentSize : 18 <-- 0.715782 s
currentSize : 19 <-- 0.816385 s
currentSize : 20 <-- 1.327240 s
currentSize : 21 <-- 1.331596 s
currentSize : 24 <-- 1.765741 s
currentSize : 25 <-- 4.342085 s

maxsize : 25
nodes : 2484510.000000
filtered : 105780275.000000
time : 15.430329
