Parameters: GAD=1 vflib=1 dir=0 label=0 lowerbound=1 fileNameGp=../graphsdb/mcs70/m4D/m4Dr2/mcs70_m4Dr2_s25.A89 fileNameGt=../graphsdb/mcs70/m4D/m4Dr2/mcs70_m4Dr2_s25.B89
Reading graphs...
25 :  51
25 :  52
Initializing...
maxdom : 25
D->valSize : 625
Solving...
Blb : 3 (clique : 13)
currentSize : 13 <-- 0.009115 s
currentSize : 14 <-- 0.009282 s
currentSize : 15 <-- 0.010193 s
currentSize : 16 <-- 0.019983 s
currentSize : 17 <-- 0.553885 s
currentSize : 18 <-- 0.725870 s
currentSize : 19 <-- 0.861868 s

maxsize : 19
nodes : 227253.000000
filtered : 6317231.000000
time : 1.132991
