Parameters: GAD=1 vflib=1 dir=0 label=0 lowerbound=1 fileNameGp=../graphsdb/mcs70/m2D/m2Dr6/m2Dr6/mcs70_m2Dr6_s25.A00 fileNameGt=../graphsdb/mcs70/m2D/m2Dr6/m2Dr6/mcs70_m2Dr6_s25.B00
Reading graphs...
25 :  52
25 :  52
Initializing...
maxdom : 25
D->valSize : 625
Solving...
Blb : 2 (clique : 13)
currentSize : 13 <-- 0.005317 s
currentSize : 14 <-- 0.005900 s
currentSize : 15 <-- 0.015828 s
currentSize : 16 <-- 0.060462 s
currentSize : 17 <-- 0.646820 s

maxsize : 17
nodes : 2077194.000000
filtered : 44564665.000000
time : 8.369769
