Parameters: GAD=1 vflib=1 dir=0 label=0 lowerbound=1 fileNameGp=../graphsdb/mcs70/bvg/b09/mcs70_b09_s30.A38 fileNameGt=../graphsdb/mcs70/bvg/b09/mcs70_b09_s30.B38
Reading graphs...
30 :  132
30 :  133
Initializing...
maxdom : 30
D->valSize : 900
Solving...
Blb : 3 (clique : 11)
currentSize : 11 <-- 0.009597 s
currentSize : 12 <-- 0.014717 s
currentSize : 13 <-- 0.021570 s
currentSize : 14 <-- 0.051671 s
currentSize : 15 <-- 0.051739 s
currentSize : 16 <-- 0.051810 s
currentSize : 17 <-- 0.061516 s
currentSize : 19 <-- 0.064930 s
currentSize : 20 <-- 0.064953 s
currentSize : 21 <-- 0.347666 s

maxsize : 21
nodes : 500768.000000
filtered : 19044419.000000
time : 2.768203
