Parameters: GAD=1 vflib=1 dir=0 label=0 lowerbound=1 fileNameGp=../graphsdb/mcs70/bvg/b09m/mcs70_b09m_s30.A18 fileNameGt=../graphsdb/mcs70/bvg/b09m/mcs70_b09m_s30.B18
Reading graphs...
30 :  128
30 :  132
Initializing...
maxdom : 30
D->valSize : 900
Solving...
Blb : 2 (clique : 11)
currentSize : 11 <-- 0.016939 s
currentSize : 12 <-- 0.017109 s
currentSize : 13 <-- 0.017167 s
currentSize : 14 <-- 0.017491 s
currentSize : 15 <-- 0.097036 s
currentSize : 16 <-- 2.190761 s
currentSize : 17 <-- 2.191000 s
currentSize : 18 <-- 3.862955 s
currentSize : 19 <-- 5.174180 s
currentSize : 20 <-- 5.176162 s

maxsize : 20
nodes : 2175555.000000
filtered : 67800329.000000
time : 10.853224
