Parameters: GAD=1 vflib=1 dir=0 label=0 lowerbound=1 fileNameGp=../graphsdb/mcs70/bvg/b09/mcs70_b09_s25.A63 fileNameGt=../graphsdb/mcs70/bvg/b09/mcs70_b09_s25.B63
Reading graphs...
25 :  110
25 :  108
Initializing...
maxdom : 25
D->valSize : 625
Solving...
Blb : 2 (clique : 11)
currentSize : 11 <-- 0.004700 s
currentSize : 12 <-- 0.006158 s
currentSize : 13 <-- 0.006191 s
currentSize : 15 <-- 0.017145 s
currentSize : 16 <-- 0.017174 s
currentSize : 17 <-- 0.070013 s

maxsize : 17
nodes : 179975.000000
filtered : 5123063.000000
time : 0.816417
