Parameters: GAD=1 vflib=1 dir=0 label=0 lowerbound=1 fileNameGp=../graphsdb/mcs70/rand/r02/mcs70_r02_s35.A02 fileNameGt=../graphsdb/mcs70/rand/r02/mcs70_r02_s35.B02
Reading graphs...
35 :  214
35 :  211
Initializing...
maxdom : 35
D->valSize : 1225
Solving...
Blb : 2 (clique : 12)
currentSize : 12 <-- 0.029847 s
currentSize : 13 <-- 0.062574 s
currentSize : 14 <-- 0.184477 s
currentSize : 15 <-- 31.443680 s
currentSize : 16 <-- 83.661522 s
currentSize : 18 <-- 571.754883 s
currentSize : 24 <-- 995.385010 s

maxsize : 24
nodes : 249321018.000000
filtered : 3931293469.000000
time : 1002.241394
