Parameters: GAD=1 vflib=1 dir=0 label=0 lowerbound=1 fileNameGp=../graphsdb/mcs70/bvg/b09/mcs70_b09_s25.A49 fileNameGt=../graphsdb/mcs70/bvg/b09/mcs70_b09_s25.B49
Reading graphs...
25 :  110
25 :  110
Initializing...
maxdom : 25
D->valSize : 625
Solving...
Blb : 2 (clique : 9)
currentSize : 9 <-- 0.007896 s
currentSize : 10 <-- 0.007998 s
currentSize : 11 <-- 0.008136 s
currentSize : 12 <-- 0.008259 s
currentSize : 13 <-- 0.016693 s
currentSize : 14 <-- 0.026162 s
currentSize : 15 <-- 0.031241 s
currentSize : 16 <-- 0.182749 s
currentSize : 17 <-- 0.825857 s

maxsize : 17
nodes : 319558.000000
filtered : 8582011.000000
time : 1.468507
