Parameters: GAD=1 vflib=1 dir=0 label=0 lowerbound=1 fileNameGp=../graphsdb/mcs70/bvg/b06/mcs70_b06_s25.A56 fileNameGt=../graphsdb/mcs70/bvg/b06/mcs70_b06_s25.B56
Reading graphs...
25 :  75
25 :  74
Initializing...
maxdom : 25
D->valSize : 625
Solving...
Blb : 2 (clique : 13)
currentSize : 13 <-- 0.005045 s
currentSize : 14 <-- 0.005265 s
currentSize : 15 <-- 0.005918 s
currentSize : 16 <-- 0.008677 s
currentSize : 18 <-- 0.016343 s
currentSize : 19 <-- 0.052817 s

maxsize : 19
nodes : 72622.000000
filtered : 1996148.000000
time : 0.330199
