Parameters: GAD=1 vflib=1 dir=0 label=0 lowerbound=1 fileNameGp=../graphsdb/mcs70/m2D/m2D/mcs70_m2D_s25.A69 fileNameGt=../graphsdb/mcs70/m2D/m2D/mcs70_m2D_s25.B69
Reading graphs...
25 :  40
25 :  40
Initializing...
maxdom : 25
D->valSize : 625
Solving...
Blb : 2 (clique : 15)
currentSize : 15 <-- 0.009444 s
currentSize : 16 <-- 0.009592 s
currentSize : 17 <-- 0.009743 s
currentSize : 18 <-- 0.081004 s
currentSize : 19 <-- 0.083115 s
currentSize : 20 <-- 3.041748 s

maxsize : 20
nodes : 619667.000000
filtered : 22435288.000000
time : 3.324492
