Parameters: GAD=1 vflib=1 dir=0 label=0 lowerbound=1 fileNameGp=../graphsdb/mcs70/m2D/m2Dr2/mcs70_m2Dr2_s35.A96 fileNameGt=../graphsdb/mcs70/m2D/m2Dr2/mcs70_m2Dr2_s35.B96
Reading graphs...
35 :  64
35 :  64
Initializing...
maxdom : 35
D->valSize : 1225
Solving...
Blb : 2 (clique : 21)
currentSize : 21 <-- 0.020892 s
currentSize : 22 <-- 0.021364 s
currentSize : 23 <-- 0.023915 s
currentSize : 24 <-- 0.564153 s
currentSize : 25 <-- 22.021118 s
currentSize : 26 <-- 444.429596 s

maxsize : 26
nodes : 97081330.000000
filtered : 3979516016.000000
time : 620.491516
