Parameters: GAD=1 vflib=1 dir=0 label=0 lowerbound=1 fileNameGp=../graphsdb/mcs70/bvg/b06/mcs70_b06_s30.A45 fileNameGt=../graphsdb/mcs70/bvg/b06/mcs70_b06_s30.B45
Reading graphs...
30 :  90
30 :  89
Initializing...
maxdom : 30
D->valSize : 900
Solving...
Blb : 2 (clique : 14)
currentSize : 14 <-- 0.016167 s
currentSize : 15 <-- 0.016407 s
currentSize : 16 <-- 0.042726 s
currentSize : 17 <-- 0.086882 s
currentSize : 18 <-- 0.100879 s
currentSize : 19 <-- 0.101000 s
currentSize : 20 <-- 0.101381 s
currentSize : 21 <-- 0.250984 s
currentSize : 22 <-- 0.251034 s

maxsize : 22
nodes : 665853.000000
filtered : 22694687.000000
time : 3.498467
