Parameters: GAD=1 vflib=1 dir=0 label=0 lowerbound=1 fileNameGp=../graphsdb/mcs70/bvg/b03m/mcs70_b03m_s25.A44 fileNameGt=../graphsdb/mcs70/bvg/b03m/mcs70_b03m_s25.B44
Reading graphs...
25 :  37
25 :  37
Initializing...
maxdom : 25
D->valSize : 625
Solving...
Blb : 5 (clique : 15)
currentSize : 15 <-- 0.005622 s
currentSize : 16 <-- 0.005722 s
currentSize : 17 <-- 0.006941 s
currentSize : 18 <-- 0.042141 s
currentSize : 19 <-- 0.763494 s

maxsize : 19
nodes : 577384.000000
filtered : 16880970.000000
time : 2.654694
