Parameters: GAD=1 vflib=1 dir=0 label=0 lowerbound=1 fileNameGp=../graphsdb/mcs70/rand/r01/mcs70_r01_s35.A72 fileNameGt=../graphsdb/mcs70/rand/r01/mcs70_r01_s35.B72
Reading graphs...
35 :  116
35 :  114
Initializing...
maxdom : 35
D->valSize : 1225
Solving...
Blb : 2 (clique : 15)
currentSize : 15 <-- 0.023893 s
currentSize : 16 <-- 0.024047 s
currentSize : 17 <-- 0.037282 s
currentSize : 18 <-- 0.453673 s
currentSize : 19 <-- 6.901608 s
currentSize : 20 <-- 399.402405 s
currentSize : 21 <-- 895.945435 s
currentSize : 24 <-- 895.945740 s

maxsize : 24
nodes : 192663025.000000
filtered : 5336264043.000000
time : 964.051147
