Parameters: GAD=1 vflib=1 dir=0 label=0 lowerbound=1 fileNameGp=../graphsdb/mcs70/m2D/m2D/mcs70_m2D_s25.A41 fileNameGt=../graphsdb/mcs70/m2D/m2D/mcs70_m2D_s25.B41
Reading graphs...
25 :  40
25 :  39
Initializing...
maxdom : 25
D->valSize : 625
Solving...
Blb : 2 (clique : 14)
currentSize : 14 <-- 0.009510 s
currentSize : 16 <-- 0.009651 s
currentSize : 17 <-- 0.012854 s
currentSize : 18 <-- 0.013638 s
currentSize : 19 <-- 1.144539 s
currentSize : 20 <-- 3.606346 s

maxsize : 20
nodes : 884490.000000
filtered : 25623721.000000
time : 4.032730
