Parameters: GAD=1 vflib=1 dir=0 label=0 lowerbound=1 fileNameGp=../graphsdb/mcs70/rand/r01/mcs70_r01_s25.A15 fileNameGt=../graphsdb/mcs70/rand/r01/mcs70_r01_s25.B15
Reading graphs...
25 :  57
25 :  56
Initializing...
maxdom : 25
D->valSize : 625
Solving...
Blb : 2 (clique : 13)
currentSize : 13 <-- 0.005331 s
currentSize : 14 <-- 0.005414 s
currentSize : 15 <-- 0.005812 s
currentSize : 16 <-- 0.023886 s
currentSize : 17 <-- 5.204810 s

maxsize : 17
nodes : 2548392.000000
filtered : 58611500.000000
time : 10.224554
