Parameters: GAD=1 vflib=1 dir=0 label=0 lowerbound=1 fileNameGp=../graphsdb/mcs70/m3D/m3Dr4/mcs70_m3Dr4_s35.A97 fileNameGt=../graphsdb/mcs70/m3D/m3Dr4/mcs70_m3Dr4_s35.B97
Reading graphs...
35 :  86
35 :  85
Initializing...
maxdom : 35
D->valSize : 1225
Solving...
Blb : 2 (clique : 16)
currentSize : 16 <-- 0.020062 s
currentSize : 19 <-- 0.020218 s
currentSize : 20 <-- 0.020337 s
currentSize : 21 <-- 0.090770 s
currentSize : 22 <-- 8.343463 s
currentSize : 25 <-- 9.653572 s
currentSize : 26 <-- 9.653604 s
currentSize : 27 <-- 9.653623 s

maxsize : 27
nodes : 4583604.000000
filtered : 196886237.000000
time : 29.079697
