Parameters: GAD=1 vflib=1 dir=0 label=0 lowerbound=1 fileNameGp=../graphsdb/mcs70/bvg/b06/mcs70_b06_s35.A86 fileNameGt=../graphsdb/mcs70/bvg/b06/mcs70_b06_s35.B86
Reading graphs...
35 :  104
35 :  104
Initializing...
maxdom : 35
D->valSize : 1225
Solving...
Blb : 2 (clique : 16)
currentSize : 16 <-- 0.019457 s
currentSize : 17 <-- 0.019613 s
currentSize : 18 <-- 0.019673 s
currentSize : 19 <-- 0.051781 s
currentSize : 20 <-- 0.061813 s
currentSize : 21 <-- 0.107601 s
currentSize : 22 <-- 4.808376 s
currentSize : 23 <-- 4.911172 s
currentSize : 25 <-- 5.020394 s
currentSize : 26 <-- 29.084625 s

maxsize : 26
nodes : 6970831.000000
filtered : 298358269.000000
time : 44.448208
