Parameters: GAD=1 vflib=1 dir=0 label=0 lowerbound=1 fileNameGp=../graphsdb/mcs70/rand/r005/mcs70_r005_s25.A56 fileNameGt=../graphsdb/mcs70/rand/r005/mcs70_r005_s25.B56
Reading graphs...
25 :  33
25 :  33
Initializing...
maxdom : 25
D->valSize : 625
Solving...
Blb : 2 (clique : 15)
currentSize : 15 <-- 0.009714 s
currentSize : 16 <-- 0.009857 s
currentSize : 17 <-- 0.016364 s
currentSize : 18 <-- 0.064541 s
currentSize : 19 <-- 0.085586 s
currentSize : 20 <-- 0.087441 s

maxsize : 20
nodes : 170786.000000
filtered : 5156150.000000
time : 0.841221
