Parameters: GAD=1 vflib=1 dir=0 label=0 lowerbound=1 fileNameGp=../graphsdb/mcs70/bvg/b03m/mcs70_b03m_s25.A28 fileNameGt=../graphsdb/mcs70/bvg/b03m/mcs70_b03m_s25.B28
Reading graphs...
25 :  36
25 :  36
Initializing...
maxdom : 25
D->valSize : 625
Solving...
Blb : 3 (clique : 15)
currentSize : 15 <-- 0.010774 s
currentSize : 16 <-- 0.011328 s
currentSize : 17 <-- 0.015190 s
currentSize : 18 <-- 0.034365 s
currentSize : 19 <-- 0.768886 s

maxsize : 19
nodes : 597605.000000
filtered : 17894799.000000
time : 2.659598
