Parameters: GAD=1 vflib=1 dir=0 label=0 lowerbound=1 fileNameGp=../graphsdb/mcs70/m2D/m2Dr2/mcs70_m2Dr2_s25.A59 fileNameGt=../graphsdb/mcs70/m2D/m2Dr2/mcs70_m2Dr2_s25.B59
Reading graphs...
25 :  44
25 :  45
Initializing...
maxdom : 25
D->valSize : 625
Solving...
Blb : 2 (clique : 13)
currentSize : 13 <-- 0.009397 s
currentSize : 14 <-- 0.009560 s
currentSize : 15 <-- 0.010798 s
currentSize : 16 <-- 0.013264 s
currentSize : 17 <-- 0.072944 s
currentSize : 18 <-- 0.073168 s

maxsize : 18
nodes : 947368.000000
filtered : 24411801.000000
time : 4.165149
