Parameters: GAD=1 vflib=1 dir=0 label=0 lowerbound=1 fileNameGp=../graphsdb/mcs70/bvg/b09/mcs70_b09_s30.A77 fileNameGt=../graphsdb/mcs70/bvg/b09/mcs70_b09_s30.B77
Reading graphs...
30 :  132
30 :  132
Initializing...
maxdom : 30
D->valSize : 900
Solving...
Blb : 2 (clique : 11)
currentSize : 11 <-- 0.009776 s
currentSize : 12 <-- 0.009875 s
currentSize : 13 <-- 0.009899 s
currentSize : 14 <-- 0.010251 s
currentSize : 15 <-- 0.030446 s
currentSize : 16 <-- 0.167980 s
currentSize : 18 <-- 0.285351 s
currentSize : 19 <-- 0.285489 s
currentSize : 20 <-- 0.285730 s
currentSize : 21 <-- 1.007849 s

maxsize : 21
nodes : 711197.000000
filtered : 26431428.000000
time : 3.959747
