Parameters: GAD=1 vflib=1 dir=0 label=0 lowerbound=1 fileNameGp=../graphsdb/mcs70/rand/r02/mcs70_r02_s25.A16 fileNameGt=../graphsdb/mcs70/rand/r02/mcs70_r02_s25.B16
Reading graphs...
25 :  108
25 :  106
Initializing...
maxdom : 25
D->valSize : 625
Solving...
Blb : 2 (clique : 9)
currentSize : 9 <-- 0.004758 s
currentSize : 10 <-- 0.004925 s
currentSize : 11 <-- 0.005467 s
currentSize : 12 <-- 0.018848 s
currentSize : 13 <-- 0.265703 s
currentSize : 14 <-- 0.265914 s
currentSize : 17 <-- 2.847321 s

maxsize : 17
nodes : 958782.000000
filtered : 17777316.000000
time : 3.512522
