Parameters: GAD=1 vflib=1 dir=0 label=0 lowerbound=1 fileNameGp=../graphsdb/mcs70/bvg/b06m/mcs70_b06m_s35.A57 fileNameGt=../graphsdb/mcs70/bvg/b06m/mcs70_b06m_s35.B57
Reading graphs...
35 :  105
35 :  104
Initializing...
maxdom : 35
D->valSize : 1225
Solving...
Blb : 5 (clique : 16)
currentSize : 16 <-- 0.020222 s
currentSize : 17 <-- 0.020407 s
currentSize : 18 <-- 0.021757 s
currentSize : 19 <-- 0.021823 s
currentSize : 20 <-- 1.048071 s
currentSize : 21 <-- 27.137089 s
currentSize : 22 <-- 242.962875 s
currentSize : 23 <-- 277.611542 s
currentSize : 25 <-- 430.407562 s

maxsize : 25
nodes : 72750631.000000
filtered : 3011130358.000000
time : 442.648926
