Parameters: GAD=1 vflib=1 dir=0 label=0 lowerbound=1 fileNameGp=../graphsdb/mcs70/rand/r02/mcs70_r02_s25.A46 fileNameGt=../graphsdb/mcs70/rand/r02/mcs70_r02_s25.B46
Reading graphs...
25 :  109
25 :  111
Initializing...
maxdom : 25
D->valSize : 625
Solving...
Blb : 2 (clique : 9)
currentSize : 9 <-- 0.004821 s
currentSize : 10 <-- 0.004953 s
currentSize : 11 <-- 0.005067 s
currentSize : 12 <-- 0.005101 s
currentSize : 13 <-- 0.005750 s
currentSize : 17 <-- 7.707563 s

maxsize : 17
nodes : 2519336.000000
filtered : 33409342.000000
time : 8.237506
