Parameters: GAD=1 vflib=1 dir=0 label=0 lowerbound=1 fileNameGp=../graphsdb/mcs70/rand/r01/mcs70_r01_s25.A45 fileNameGt=../graphsdb/mcs70/rand/r01/mcs70_r01_s25.B45
Reading graphs...
25 :  55
25 :  57
Initializing...
maxdom : 25
D->valSize : 625
Solving...
Blb : 2 (clique : 13)
currentSize : 13 <-- 0.005165 s
currentSize : 14 <-- 0.005248 s
currentSize : 15 <-- 0.005389 s
currentSize : 16 <-- 0.006419 s
currentSize : 17 <-- 6.094820 s

maxsize : 17
nodes : 2866864.000000
filtered : 67534709.000000
time : 11.978401
