Parameters: GAD=1 vflib=1 dir=0 label=0 lowerbound=1 fileNameGp=../graphsdb/mcs70/rand/r005/mcs70_r005_s35.A00 fileNameGt=../graphsdb/mcs70/rand/r005/mcs70_r005_s35.B00
Reading graphs...
35 :  57
35 :  58
Initializing...
maxdom : 35
D->valSize : 1225
Solving...
Blb : 2 (clique : 19)
currentSize : 19 <-- 0.036957 s
currentSize : 22 <-- 0.037230 s
currentSize : 23 <-- 0.044904 s
currentSize : 24 <-- 0.110928 s
currentSize : 25 <-- 0.708665 s
currentSize : 26 <-- 1.102127 s
currentSize : 27 <-- 2062.365234 s

maxsize : 27
nodes : 321942435.000000
filtered : 16440279491.000000
time : 2382.633301
