Parameters: GAD=1 vflib=1 dir=0 label=0 lowerbound=1 fileNameGp=../graphsdb/mcs70/rand/r005/mcs70_r005_s30.A73 fileNameGt=../graphsdb/mcs70/rand/r005/mcs70_r005_s30.B73
Reading graphs...
30 :  41
30 :  40
Initializing...
maxdom : 30
D->valSize : 900
Solving...
Blb : 2 (clique : 19)
currentSize : 19 <-- 0.020334 s
currentSize : 20 <-- 0.020557 s
currentSize : 21 <-- 0.020590 s
currentSize : 22 <-- 0.022581 s
currentSize : 23 <-- 3.697890 s

maxsize : 23
nodes : 30257919.000000
filtered : 1084603755.000000
time : 175.796997
