Parameters: GAD=1 vflib=1 dir=0 label=0 lowerbound=1 fileNameGp=../graphsdb/mcs70/rand/r02/mcs70_r02_s35.A95 fileNameGt=../graphsdb/mcs70/rand/r02/mcs70_r02_s35.B95
Reading graphs...
35 :  208
35 :  207
Initializing...
maxdom : 35
D->valSize : 1225
Solving...
Blb : 2 (clique : 12)
currentSize : 12 <-- 0.029497 s
currentSize : 13 <-- 0.029711 s
currentSize : 14 <-- 0.198664 s
currentSize : 15 <-- 5.859950 s
currentSize : 16 <-- 81.671944 s
currentSize : 17 <-- 132.358734 s
currentSize : 19 <-- 461.546539 s
currentSize : 24 <-- 485.152679 s

maxsize : 24
nodes : 125853323.000000
filtered : 1927442852.000000
time : 501.189941
