Parameters: GAD=1 vflib=1 dir=0 label=0 lowerbound=1 fileNameGp=../graphsdb/mcs70/bvg/b09m/mcs70_b09m_s35.A71 fileNameGt=../graphsdb/mcs70/bvg/b09m/mcs70_b09m_s35.B71
Reading graphs...
35 :  154
35 :  154
Initializing...
maxdom : 35
D->valSize : 1225
Solving...
Blb : 2 (clique : 13)
currentSize : 13 <-- 0.018285 s
currentSize : 14 <-- 0.018711 s
currentSize : 15 <-- 0.049271 s
currentSize : 16 <-- 1.363931 s
currentSize : 17 <-- 2.999749 s
currentSize : 18 <-- 100.451523 s
currentSize : 19 <-- 100.451904 s
currentSize : 20 <-- 173.723770 s
currentSize : 22 <-- 173.723846 s
currentSize : 24 <-- 173.723938 s

maxsize : 24
nodes : 43118623.000000
filtered : 964507754.000000
time : 196.781906
