Parameters: GAD=1 vflib=1 dir=0 label=0 lowerbound=1 fileNameGp=../graphsdb/mcs70/rand/r005/mcs70_r005_s25.A36 fileNameGt=../graphsdb/mcs70/rand/r005/mcs70_r005_s25.B36
Reading graphs...
25 :  33
25 :  32
Initializing...
maxdom : 25
D->valSize : 625
Solving...
Blb : 2 (clique : 16)
currentSize : 16 <-- 0.005575 s
currentSize : 17 <-- 0.005674 s
currentSize : 18 <-- 0.005698 s
currentSize : 19 <-- 0.005844 s
currentSize : 20 <-- 0.011066 s

maxsize : 20
nodes : 332774.000000
filtered : 10452270.000000
time : 1.701398
