Parameters: GAD=1 vflib=1 dir=0 label=0 lowerbound=1 fileNameGp=../graphsdb/mcs70/bvg/b06m/mcs70_b06m_s30.A69 fileNameGt=../graphsdb/mcs70/bvg/b06m/mcs70_b06m_s30.B69
Reading graphs...
30 :  89
30 :  88
Initializing...
maxdom : 30
D->valSize : 900
Solving...
Blb : 2 (clique : 15)
currentSize : 15 <-- 0.010186 s
currentSize : 16 <-- 0.010853 s
currentSize : 17 <-- 0.072606 s
currentSize : 18 <-- 1.830151 s
currentSize : 19 <-- 13.981382 s
currentSize : 20 <-- 13.981433 s
currentSize : 21 <-- 13.981587 s

maxsize : 21
nodes : 3794194.000000
filtered : 128722737.000000
time : 19.228107
