Parameters: GAD=1 vflib=1 dir=0 label=0 lowerbound=1 fileNameGp=../graphsdb/mcs70/rand/r01/mcs70_r01_s30.A63 fileNameGt=../graphsdb/mcs70/rand/r01/mcs70_r01_s30.B63
Reading graphs...
30 :  80
30 :  79
Initializing...
maxdom : 30
D->valSize : 900
Solving...
Blb : 2 (clique : 15)
currentSize : 15 <-- 0.010681 s
currentSize : 16 <-- 0.010971 s
currentSize : 17 <-- 0.013757 s
currentSize : 18 <-- 0.495892 s
currentSize : 19 <-- 69.427338 s
currentSize : 20 <-- 74.458450 s
currentSize : 21 <-- 77.587875 s

maxsize : 21
nodes : 19797839.000000
filtered : 624612865.000000
time : 95.507263
