Parameters: GAD=1 vflib=1 dir=0 label=0 lowerbound=1 fileNameGp=../graphsdb/mcs70/m4D/m4Dr4/mcs70_m4Dr4_s25.A26 fileNameGt=../graphsdb/mcs70/m4D/m4Dr4/mcs70_m4Dr4_s25.B26
Reading graphs...
25 :  57
25 :  56
Initializing...
maxdom : 25
D->valSize : 625
Solving...
Blb : 2 (clique : 13)
currentSize : 13 <-- 0.009185 s
currentSize : 14 <-- 0.009438 s
currentSize : 15 <-- 0.009955 s
currentSize : 16 <-- 0.086162 s
currentSize : 17 <-- 0.129754 s
currentSize : 18 <-- 2.712393 s

maxsize : 18
nodes : 662482.000000
filtered : 17450502.000000
time : 2.821075
