Parameters: GAD=1 vflib=1 dir=0 label=0 lowerbound=1 fileNameGp=../graphsdb/mcs70/bvg/b03/mcs70_b03_s20.A03 fileNameGt=../graphsdb/mcs70/bvg/b03/mcs70_b03_s20.B03
Reading graphs...
20 :  30
20 :  30
Initializing...
maxdom : 20
D->valSize : 400
Solving...
Blb : 5 (clique : 13)
currentSize : 13 <-- 0.003949 s
currentSize : 14 <-- 0.004130 s
currentSize : 15 <-- 0.004410 s
currentSize : 16 <-- 0.004713 s
currentSize : 17 <-- 0.026368 s

maxsize : 17
nodes : 7572.000000
filtered : 161377.000000
time : 0.048603
