Parameters: GAD=1 vflib=1 dir=0 label=0 lowerbound=1 fileNameGp=../graphsdb/mcs70/rand/r01/mcs70_r01_s25.A31 fileNameGt=../graphsdb/mcs70/rand/r01/mcs70_r01_s25.B31
Reading graphs...
25 :  56
25 :  56
Initializing...
maxdom : 25
D->valSize : 625
Solving...
Blb : 2 (clique : 13)
currentSize : 13 <-- 0.009083 s
currentSize : 14 <-- 0.009203 s
currentSize : 15 <-- 0.009240 s
currentSize : 16 <-- 0.009295 s
currentSize : 17 <-- 0.581776 s

maxsize : 17
nodes : 1727216.000000
filtered : 51028570.000000
time : 7.959840
