Parameters: GAD=1 vflib=1 dir=0 label=0 lowerbound=1 fileNameGp=../graphsdb/mcs70/rand/r02/mcs70_r02_s35.A66 fileNameGt=../graphsdb/mcs70/rand/r02/mcs70_r02_s35.B66
Reading graphs...
35 :  210
35 :  216
Initializing...
maxdom : 35
D->valSize : 1225
Solving...
Blb : 5 (clique : 11)
currentSize : 11 <-- 0.030014 s
currentSize : 12 <-- 0.031022 s
currentSize : 13 <-- 0.055598 s
currentSize : 14 <-- 0.278331 s
currentSize : 15 <-- 25.909512 s
currentSize : 16 <-- 56.402905 s
currentSize : 17 <-- 66.888985 s
currentSize : 24 <-- 135.640778 s

maxsize : 24
nodes : 37783573.000000
filtered : 657765798.000000
time : 156.280411
