Parameters: GAD=1 vflib=1 dir=0 label=0 lowerbound=1 fileNameGp=../graphsdb/mcs70/bvg/b03m/mcs70_b03m_s35.A85 fileNameGt=../graphsdb/mcs70/bvg/b03m/mcs70_b03m_s35.B85
Reading graphs...
35 :  52
35 :  52
Initializing...
maxdom : 35
D->valSize : 1225
Solving...
Blb : 2 (clique : 21)
currentSize : 21 <-- 0.037798 s
currentSize : 22 <-- 0.040920 s
currentSize : 23 <-- 13.910126 s
currentSize : 24 <-- 32.858215 s
currentSize : 25 <-- 66.563110 s
currentSize : 26 <-- 279.130737 s
currentSize : 27 <-- 700.417358 s

maxsize : 27
nodes : 394584977.000000
filtered : 18717158269.000000
time : 2751.623535
