Parameters: GAD=1 vflib=1 dir=0 label=0 lowerbound=1 fileNameGp=../graphsdb/mcs70/rand/r01/mcs70_r01_s30.A52 fileNameGt=../graphsdb/mcs70/rand/r01/mcs70_r01_s30.B52
Reading graphs...
30 :  80
30 :  80
Initializing...
maxdom : 30
D->valSize : 900
Solving...
Blb : 2 (clique : 13)
currentSize : 13 <-- 0.018347 s
currentSize : 14 <-- 0.018503 s
currentSize : 15 <-- 0.019012 s
currentSize : 16 <-- 0.023274 s
currentSize : 17 <-- 0.068924 s
currentSize : 18 <-- 0.507023 s
currentSize : 19 <-- 20.219236 s
currentSize : 21 <-- 53.300102 s

maxsize : 21
nodes : 12727315.000000
filtered : 323661166.000000
time : 56.994125
