Parameters: GAD=1 vflib=1 dir=0 label=0 lowerbound=1 fileNameGp=../graphsdb/mcs70/rand/r01/mcs70_r01_s30.A09 fileNameGt=../graphsdb/mcs70/rand/r01/mcs70_r01_s30.B09
Reading graphs...
30 :  79
30 :  78
Initializing...
maxdom : 30
D->valSize : 900
Solving...
Blb : 2 (clique : 16)
currentSize : 16 <-- 0.010648 s
currentSize : 17 <-- 0.011365 s
currentSize : 18 <-- 0.011382 s
currentSize : 19 <-- 0.803000 s
currentSize : 20 <-- 0.949833 s
currentSize : 21 <-- 0.949964 s

maxsize : 21
nodes : 2021565.000000
filtered : 72044669.000000
time : 10.913463
