Parameters: GAD=1 vflib=1 dir=0 label=0 lowerbound=1 fileNameGp=../graphsdb/mcs70/rand/r02/mcs70_r02_s30.A71 fileNameGt=../graphsdb/mcs70/rand/r02/mcs70_r02_s30.B71
Reading graphs...
30 :  153
30 :  158
Initializing...
maxdom : 30
D->valSize : 900
Solving...
Blb : 5 (clique : 11)
currentSize : 11 <-- 0.016465 s
currentSize : 12 <-- 0.018609 s
currentSize : 13 <-- 0.110346 s
currentSize : 14 <-- 10.507228 s
currentSize : 17 <-- 33.039711 s
currentSize : 21 <-- 43.617226 s

maxsize : 21
nodes : 12538922.000000
filtered : 195277041.000000
time : 46.063492
