Parameters: GAD=1 vflib=1 dir=0 label=0 lowerbound=1 fileNameGp=../graphsdb/mcs70/m3D/m3Dr4/mcs70_m3Dr4_s35.A37 fileNameGt=../graphsdb/mcs70/m3D/m3Dr4/mcs70_m3Dr4_s35.B37
Reading graphs...
35 :  85
35 :  84
Initializing...
maxdom : 35
D->valSize : 1225
Solving...
Blb : 2 (clique : 18)
currentSize : 18 <-- 0.035431 s
currentSize : 19 <-- 0.035699 s
currentSize : 20 <-- 0.230179 s
currentSize : 21 <-- 0.378017 s
currentSize : 22 <-- 4.239254 s
currentSize : 23 <-- 5.941538 s
currentSize : 24 <-- 26.801785 s
currentSize : 25 <-- 32.541592 s
currentSize : 26 <-- 32.541977 s
currentSize : 27 <-- 32.542072 s

maxsize : 27
nodes : 7138000.000000
filtered : 244066077.000000
time : 40.695354
