Parameters: GAD=1 vflib=1 dir=0 label=0 lowerbound=1 fileNameGp=../graphsdb/mcs70/m4D/m4Dr4/mcs70_m4Dr4_s25.A55 fileNameGt=../graphsdb/mcs70/m4D/m4Dr4/mcs70_m4Dr4_s25.B55
Reading graphs...
25 :  57
25 :  55
Initializing...
maxdom : 25
D->valSize : 625
Solving...
Blb : 2 (clique : 12)
currentSize : 12 <-- 0.005372 s
currentSize : 13 <-- 0.005453 s
currentSize : 14 <-- 0.005536 s
currentSize : 15 <-- 0.007486 s
currentSize : 16 <-- 0.010918 s
currentSize : 17 <-- 3.175130 s

maxsize : 17
nodes : 3262466.000000
filtered : 114445298.000000
time : 15.583908
