Parameters: GAD=1 vflib=1 dir=0 label=0 lowerbound=1 fileNameGp=../graphsdb/mcs70/m2D/m2Dr2/mcs70_m2Dr2_s35.A83 fileNameGt=../graphsdb/mcs70/m2D/m2Dr2/mcs70_m2Dr2_s35.B83
Reading graphs...
35 :  65
35 :  65
Initializing...
maxdom : 35
D->valSize : 1225
Solving...
Blb : 2 (clique : 21)
currentSize : 21 <-- 0.021137 s
currentSize : 22 <-- 0.021482 s
currentSize : 23 <-- 0.023731 s
currentSize : 24 <-- 0.191046 s
currentSize : 25 <-- 1508.817749 s
currentSize : 26 <-- 3258.901611 s

TIMEOUT
maxsize : 26
nodes : 527601199.000000
filtered : 24748128452.000000
time : 3600.000000
