Parameters: GAD=1 vflib=1 dir=0 label=0 lowerbound=1 fileNameGp=../graphsdb/mcs70/m3D/m3D/mcs70_m3D_s35.A69 fileNameGt=../graphsdb/mcs70/m3D/m3D/mcs70_m3D_s35.B69
Reading graphs...
35 :  72
35 :  72
Initializing...
maxdom : 35
D->valSize : 1225
Solving...
Blb : 2 (clique : 18)
currentSize : 18 <-- 0.035864 s
currentSize : 20 <-- 0.036128 s
currentSize : 21 <-- 0.040407 s
currentSize : 22 <-- 0.078110 s
currentSize : 23 <-- 6.708921 s
currentSize : 24 <-- 10.452731 s
currentSize : 25 <-- 59.023579 s
currentSize : 26 <-- 64.686813 s
currentSize : 27 <-- 64.752861 s
currentSize : 28 <-- 64.798149 s
currentSize : 29 <-- 67.728378 s
currentSize : 30 <-- 69.578484 s

maxsize : 30
nodes : 13166067.000000
filtered : 412205225.000000
time : 69.841476
