Parameters: GAD=1 vflib=1 dir=0 label=0 lowerbound=1 fileNameGp=../graphsdb/mcs70/rand/r02/mcs70_r02_s35.A79 fileNameGt=../graphsdb/mcs70/rand/r02/mcs70_r02_s35.B79
Reading graphs...
35 :  218
35 :  219
Initializing...
maxdom : 35
D->valSize : 1225
Solving...
Blb : 2 (clique : 11)
currentSize : 11 <-- 0.017335 s
currentSize : 12 <-- 0.017456 s
currentSize : 13 <-- 0.017536 s
currentSize : 14 <-- 0.126168 s
currentSize : 15 <-- 115.166924 s
currentSize : 17 <-- 304.818695 s
currentSize : 18 <-- 618.128357 s
currentSize : 24 <-- 702.098511 s

maxsize : 24
nodes : 185780363.000000
filtered : 2571652902.000000
time : 713.719421
