Parameters: GAD=1 vflib=1 dir=0 label=0 lowerbound=1 fileNameGp=../graphsdb/mcs70/bvg/b06m/mcs70_b06m_s25.A42 fileNameGt=../graphsdb/mcs70/bvg/b06m/mcs70_b06m_s25.B42
Reading graphs...
25 :  73
25 :  72
Initializing...
maxdom : 25
D->valSize : 625
Solving...
Blb : 2 (clique : 12)
currentSize : 12 <-- 0.005030 s
currentSize : 13 <-- 0.005110 s
currentSize : 14 <-- 0.006125 s
currentSize : 15 <-- 0.226455 s
currentSize : 17 <-- 1.297105 s

maxsize : 17
nodes : 763047.000000
filtered : 18900178.000000
time : 3.292127
