Parameters: GAD=1 vflib=1 dir=0 label=0 lowerbound=1 fileNameGp=../graphsdb/mcs70/rand/r02/mcs70_r02_s30.A86 fileNameGt=../graphsdb/mcs70/rand/r02/mcs70_r02_s30.B86
Reading graphs...
30 :  157
30 :  157
Initializing...
maxdom : 30
D->valSize : 900
Solving...
Blb : 2 (clique : 11)
currentSize : 11 <-- 0.009577 s
currentSize : 12 <-- 0.009735 s
currentSize : 13 <-- 0.012827 s
currentSize : 14 <-- 0.580302 s
currentSize : 15 <-- 34.719612 s
currentSize : 17 <-- 35.764408 s
currentSize : 18 <-- 39.195271 s
currentSize : 21 <-- 39.195320 s

maxsize : 21
nodes : 11522188.000000
filtered : 177432026.000000
time : 41.632572
