Parameters: GAD=1 vflib=1 dir=0 label=0 lowerbound=1 fileNameGp=../graphsdb/mcs70/bvg/b03m/mcs70_b03m_s35.A14 fileNameGt=../graphsdb/mcs70/bvg/b03m/mcs70_b03m_s35.B14
Reading graphs...
35 :  52
35 :  52
Initializing...
maxdom : 35
D->valSize : 1225
Solving...
Blb : 2 (clique : 23)
currentSize : 23 <-- 0.021412 s
currentSize : 24 <-- 0.022443 s
currentSize : 25 <-- 0.023569 s
currentSize : 26 <-- 0.214514 s
currentSize : 27 <-- 67.053703 s
currentSize : 28 <-- 718.296631 s

maxsize : 28
nodes : 129669065.000000
filtered : 6142490522.000000
time : 930.793030
