Parameters: GAD=1 vflib=1 dir=0 label=0 lowerbound=1 fileNameGp=../graphsdb/mcs70/bvg/b03/mcs70_b03_s20.A35 fileNameGt=../graphsdb/mcs70/bvg/b03/mcs70_b03_s20.B35
Reading graphs...
20 :  30
20 :  30
Initializing...
maxdom : 20
D->valSize : 400
Solving...
Blb : 2 (clique : 11)
currentSize : 11 <-- 0.004002 s
currentSize : 12 <-- 0.004097 s
currentSize : 13 <-- 0.007396 s
currentSize : 14 <-- 0.017775 s
currentSize : 16 <-- 0.021512 s

maxsize : 16
nodes : 14565.000000
filtered : 252949.000000
time : 0.056677
