Parameters: GAD=1 vflib=1 dir=0 label=0 lowerbound=1 fileNameGp=../graphsdb/mcs70/bvg/b06m/mcs70_b06m_s30.A60 fileNameGt=../graphsdb/mcs70/bvg/b06m/mcs70_b06m_s30.B60
Reading graphs...
30 :  88
30 :  88
Initializing...
maxdom : 30
D->valSize : 900
Solving...
Blb : 5 (clique : 14)
currentSize : 14 <-- 0.017812 s
currentSize : 15 <-- 0.018116 s
currentSize : 16 <-- 0.018761 s
currentSize : 17 <-- 0.049307 s
currentSize : 18 <-- 0.403606 s
currentSize : 19 <-- 4.974212 s
currentSize : 20 <-- 4.974324 s
currentSize : 21 <-- 4.974357 s
currentSize : 22 <-- 4.974393 s

maxsize : 22
nodes : 1458940.000000
filtered : 46855781.000000
time : 7.399131
