Parameters: GAD=1 vflib=1 dir=0 label=0 lowerbound=1 fileNameGp=../graphsdb/mcs70/rand/r005/mcs70_r005_s25.A99 fileNameGt=../graphsdb/mcs70/rand/r005/mcs70_r005_s25.B99
Reading graphs...
25 :  33
25 :  33
Initializing...
maxdom : 25
D->valSize : 625
Solving...
Blb : 5 (clique : 16)
currentSize : 16 <-- 0.005631 s
currentSize : 17 <-- 0.286307 s
currentSize : 18 <-- 0.290286 s
currentSize : 19 <-- 0.341348 s
currentSize : 20 <-- 1.588475 s

maxsize : 20
nodes : 617378.000000
filtered : 18291549.000000
time : 2.820317
