Parameters: GAD=1 vflib=1 dir=0 label=0 lowerbound=1 fileNameGp=../graphsdb/mcs70/bvg/b03m/mcs70_b03m_s25.A70 fileNameGt=../graphsdb/mcs70/bvg/b03m/mcs70_b03m_s25.B70
Reading graphs...
25 :  37
25 :  37
Initializing...
maxdom : 25
D->valSize : 625
Solving...
Blb : 2 (clique : 15)
currentSize : 15 <-- 0.005527 s
currentSize : 16 <-- 0.005910 s
currentSize : 17 <-- 0.010704 s
currentSize : 18 <-- 0.020396 s
currentSize : 19 <-- 0.131393 s

maxsize : 19
nodes : 656381.000000
filtered : 18190222.000000
time : 2.956231
