Parameters: GAD=1 vflib=1 dir=0 label=0 lowerbound=1 fileNameGp=../graphsdb/mcs70/bvg/b03/mcs70_b03_s20.A28 fileNameGt=../graphsdb/mcs70/bvg/b03/mcs70_b03_s20.B28
Reading graphs...
20 :  30
20 :  30
Initializing...
maxdom : 20
D->valSize : 400
Solving...
Blb : 2 (clique : 12)
currentSize : 12 <-- 0.002501 s
currentSize : 13 <-- 0.002796 s
currentSize : 14 <-- 0.002977 s
currentSize : 15 <-- 0.003050 s
currentSize : 16 <-- 0.005936 s

maxsize : 16
nodes : 17014.000000
filtered : 375960.000000
time : 0.066237
