Parameters: GAD=1 vflib=1 dir=0 label=0 lowerbound=1 fileNameGp=../graphsdb/mcs70/bvg/b06/mcs70_b06_s30.A84 fileNameGt=../graphsdb/mcs70/bvg/b06/mcs70_b06_s30.B84
Reading graphs...
30 :  89
30 :  88
Initializing...
maxdom : 30
D->valSize : 900
Solving...
Blb : 2 (clique : 15)
currentSize : 15 <-- 0.010369 s
currentSize : 16 <-- 0.016113 s
currentSize : 17 <-- 0.036865 s
currentSize : 18 <-- 0.044001 s
currentSize : 19 <-- 0.124310 s
currentSize : 20 <-- 0.124789 s
currentSize : 21 <-- 0.124815 s
currentSize : 22 <-- 0.199323 s
currentSize : 23 <-- 0.207876 s

maxsize : 23
nodes : 276390.000000
filtered : 9828363.000000
time : 1.521155
