Parameters: GAD=1 vflib=1 dir=0 label=0 lowerbound=1 fileNameGp=../graphsdb/mcs70/bvg/b06/mcs70_b06_s35.A42 fileNameGt=../graphsdb/mcs70/bvg/b06/mcs70_b06_s35.B42
Reading graphs...
35 :  104
35 :  105
Initializing...
maxdom : 35
D->valSize : 1225
Solving...
Blb : 2 (clique : 18)
currentSize : 18 <-- 0.019299 s
currentSize : 19 <-- 0.154343 s
currentSize : 20 <-- 0.539646 s
currentSize : 21 <-- 0.574788 s
currentSize : 22 <-- 0.574800 s
currentSize : 23 <-- 0.794748 s
currentSize : 24 <-- 0.794795 s
currentSize : 25 <-- 23.619600 s
currentSize : 26 <-- 48.553234 s

maxsize : 26
nodes : 8688687.000000
filtered : 379845439.000000
time : 58.500858
