Parameters: GAD=1 vflib=1 dir=0 label=0 lowerbound=1 fileNameGp=../graphsdb/mcs70/bvg/b09m/mcs70_b09m_s30.A70 fileNameGt=../graphsdb/mcs70/bvg/b09m/mcs70_b09m_s30.B70
Reading graphs...
30 :  128
30 :  127
Initializing...
maxdom : 30
D->valSize : 900
Solving...
Blb : 2 (clique : 10)
currentSize : 10 <-- 0.016815 s
currentSize : 11 <-- 0.016950 s
currentSize : 12 <-- 0.017170 s
currentSize : 13 <-- 0.021724 s
currentSize : 14 <-- 0.059377 s
currentSize : 15 <-- 2.987510 s
currentSize : 17 <-- 58.989967 s
currentSize : 19 <-- 62.806511 s
currentSize : 20 <-- 62.806656 s

maxsize : 20
nodes : 18905967.000000
filtered : 278775521.000000
time : 68.312752
