Parameters: GAD=1 vflib=1 dir=0 label=0 lowerbound=1 fileNameGp=../graphsdb/mcs70/bvg/b09/mcs70_b09_s20.A71 fileNameGt=../graphsdb/mcs70/bvg/b09/mcs70_b09_s20.B71
Reading graphs...
20 :  88
20 :  89
Initializing...
maxdom : 20
D->valSize : 400
Solving...
Blb : 2 (clique : 10)
currentSize : 10 <-- 0.002204 s
currentSize : 11 <-- 0.002302 s
currentSize : 12 <-- 0.002705 s
currentSize : 14 <-- 0.002844 s
currentSize : 15 <-- 0.012032 s

maxsize : 15
nodes : 15587.000000
filtered : 382684.000000
time : 0.062182
