Parameters: GAD=1 vflib=1 dir=0 label=0 lowerbound=1 fileNameGp=../graphsdb/mcs70/bvg/b03/mcs70_b03_s30.A86 fileNameGt=../graphsdb/mcs70/bvg/b03/mcs70_b03_s30.B86
Reading graphs...
30 :  45
30 :  45
Initializing...
maxdom : 30
D->valSize : 900
Solving...
Blb : 2 (clique : 20)
currentSize : 20 <-- 0.019779 s
currentSize : 21 <-- 0.025355 s
currentSize : 22 <-- 0.062897 s
currentSize : 23 <-- 0.106425 s
currentSize : 24 <-- 4.941627 s

maxsize : 24
nodes : 1615603.000000
filtered : 58536371.000000
time : 9.107673
