Parameters: GAD=1 vflib=1 dir=0 label=0 lowerbound=1 fileNameGp=../graphsdb/mcs70/bvg/b09/mcs70_b09_s35.A88 fileNameGt=../graphsdb/mcs70/bvg/b09/mcs70_b09_s35.B88
Reading graphs...
35 :  155
35 :  155
Initializing...
maxdom : 35
D->valSize : 1225
Solving...
Blb : 2 (clique : 13)
currentSize : 13 <-- 0.018680 s
currentSize : 14 <-- 0.018833 s
currentSize : 15 <-- 0.021963 s
currentSize : 16 <-- 0.040455 s
currentSize : 17 <-- 0.050131 s
currentSize : 18 <-- 0.050166 s
currentSize : 19 <-- 2.702656 s
currentSize : 20 <-- 5.453643 s
currentSize : 21 <-- 6.291876 s
currentSize : 22 <-- 6.291924 s
currentSize : 23 <-- 8.815168 s
currentSize : 24 <-- 12.657378 s
currentSize : 25 <-- 20.796215 s

maxsize : 25
nodes : 4819725.000000
filtered : 205285662.000000
time : 29.768986
