Parameters: GAD=1 vflib=1 dir=0 label=0 lowerbound=1 fileNameGp=../graphsdb/mcs70/m2D/m2Dr2/mcs70_m2Dr2_s25.A05 fileNameGt=../graphsdb/mcs70/m2D/m2Dr2/mcs70_m2Dr2_s25.B05
Reading graphs...
25 :  45
25 :  44
Initializing...
maxdom : 25
D->valSize : 625
Solving...
Blb : 5 (clique : 14)
currentSize : 14 <-- 0.005454 s
currentSize : 15 <-- 0.005668 s
currentSize : 16 <-- 0.005985 s
currentSize : 17 <-- 0.015703 s
currentSize : 18 <-- 0.019046 s
currentSize : 19 <-- 1.374100 s

maxsize : 19
nodes : 466365.000000
filtered : 12457532.000000
time : 2.045855
