Parameters: GAD=1 vflib=1 dir=0 label=0 lowerbound=1 fileNameGp=../graphsdb/mcs70/m2D/m2D/mcs70_m2D_s35.A58 fileNameGt=../graphsdb/mcs70/m2D/m2D/mcs70_m2D_s35.B58
Reading graphs...
35 :  58
35 :  57
Initializing...
maxdom : 35
D->valSize : 1225
Solving...
Blb : 2 (clique : 21)
currentSize : 21 <-- 0.036684 s
currentSize : 22 <-- 0.037246 s
currentSize : 23 <-- 0.039781 s
currentSize : 24 <-- 0.080680 s
currentSize : 25 <-- 0.142247 s
currentSize : 26 <-- 3.110676 s
currentSize : 28 <-- 3.633967 s

maxsize : 28
nodes : 3546381.000000
filtered : 208318727.000000
time : 29.002541
