Parameters: GAD=1 vflib=1 dir=0 label=0 lowerbound=1 fileNameGp=../graphsdb/mcs70/bvg/b03/mcs70_b03_s35.A21 fileNameGt=../graphsdb/mcs70/bvg/b03/mcs70_b03_s35.B21
Reading graphs...
35 :  52
35 :  52
Initializing...
maxdom : 35
D->valSize : 1225
Solving...
Blb : 2 (clique : 22)
currentSize : 22 <-- 0.037145 s
currentSize : 23 <-- 0.037486 s
currentSize : 24 <-- 0.037611 s
currentSize : 25 <-- 0.040913 s
currentSize : 27 <-- 3.652106 s
currentSize : 29 <-- 5.513741 s

maxsize : 29
nodes : 2226029.000000
filtered : 110755716.000000
time : 17.311516
