Parameters: GAD=1 vflib=1 dir=0 label=0 lowerbound=1 fileNameGp=../graphsdb/mcs70/m4D/m4Dr6/mcs70_m4Dr6_s25.A04 fileNameGt=../graphsdb/mcs70/m4D/m4Dr6/mcs70_m4Dr6_s25.B04
Reading graphs...
25 :  60
25 :  57
Initializing...
maxdom : 25
D->valSize : 625
Solving...
Blb : 2 (clique : 12)
currentSize : 12 <-- 0.005562 s
currentSize : 13 <-- 0.005644 s
currentSize : 14 <-- 0.005674 s
currentSize : 15 <-- 0.006180 s
currentSize : 16 <-- 0.021810 s
currentSize : 17 <-- 1.198480 s

maxsize : 17
nodes : 856137.000000
filtered : 24888136.000000
time : 3.702903
