Parameters: GAD=1 vflib=1 dir=0 label=0 lowerbound=1 fileNameGp=../graphsdb/mcs70/m4D/m4Dr6/mcs70_m4Dr6_s25.A77 fileNameGt=../graphsdb/mcs70/m4D/m4Dr6/mcs70_m4Dr6_s25.B77
Reading graphs...
25 :  60
25 :  58
Initializing...
maxdom : 25
D->valSize : 625
Solving...
Blb : 2 (clique : 12)
currentSize : 12 <-- 0.005380 s
currentSize : 13 <-- 0.005462 s
currentSize : 14 <-- 0.006058 s
currentSize : 15 <-- 0.024657 s
currentSize : 16 <-- 0.028206 s
currentSize : 17 <-- 1.095356 s

maxsize : 17
nodes : 623914.000000
filtered : 17827780.000000
time : 2.857202
