Parameters: GAD=1 vflib=1 dir=0 label=0 lowerbound=1 fileNameGp=../graphsdb/mcs70/m2D/m2Dr4/mcs70_m2Dr4_s35.A17 fileNameGt=../graphsdb/mcs70/m2D/m2Dr4/mcs70_m2Dr4_s35.B17
Reading graphs...
35 :  71
35 :  71
Initializing...
maxdom : 35
D->valSize : 1225
Solving...
Blb : 2 (clique : 17)
currentSize : 17 <-- 0.020756 s
currentSize : 20 <-- 0.020918 s
currentSize : 21 <-- 0.020958 s
currentSize : 22 <-- 0.021012 s
currentSize : 23 <-- 0.673167 s
currentSize : 24 <-- 88.657326 s
currentSize : 25 <-- 97.626007 s
currentSize : 26 <-- 123.981377 s
currentSize : 27 <-- 124.004333 s

maxsize : 27
nodes : 26660188.000000
filtered : 831855938.000000
time : 146.366379
