Parameters: GAD=1 vflib=1 dir=0 label=0 lowerbound=1 fileNameGp=../graphsdb/mcs70/m4D/m4Dr6/mcs70_m4Dr6_s25.A79 fileNameGt=../graphsdb/mcs70/m4D/m4Dr6/mcs70_m4Dr6_s25.B79
Reading graphs...
25 :  60
25 :  58
Initializing...
maxdom : 25
D->valSize : 625
Solving...
Blb : 2 (clique : 12)
currentSize : 12 <-- 0.008885 s
currentSize : 13 <-- 0.009013 s
currentSize : 14 <-- 0.010740 s
currentSize : 15 <-- 0.047242 s
currentSize : 16 <-- 0.053916 s
currentSize : 17 <-- 4.410714 s

maxsize : 17
nodes : 1607287.000000
filtered : 39643893.000000
time : 7.049154
