Parameters: GAD=1 vflib=1 dir=0 label=0 lowerbound=1 fileNameGp=../graphsdb/mcs70/m4D/m4D/mcs70_m4D_s25.A12 fileNameGt=../graphsdb/mcs70/m4D/m4D/mcs70_m4D_s25.B12
Reading graphs...
25 :  47
25 :  47
Initializing...
maxdom : 25
D->valSize : 625
Solving...
Blb : 2 (clique : 14)
currentSize : 14 <-- 0.005418 s
currentSize : 15 <-- 0.006086 s
currentSize : 16 <-- 0.043457 s
currentSize : 17 <-- 0.181242 s
currentSize : 18 <-- 0.211955 s
currentSize : 19 <-- 1.423423 s

maxsize : 19
nodes : 491216.000000
filtered : 13449974.000000
time : 2.163786
