Parameters: GAD=1 vflib=1 dir=0 label=0 lowerbound=1 fileNameGp=../graphsdb/mcs70/rand/r02/mcs70_r02_s30.A04 fileNameGt=../graphsdb/mcs70/rand/r02/mcs70_r02_s30.B04
Reading graphs...
30 :  161
30 :  159
Initializing...
maxdom : 30
D->valSize : 900
Solving...
Blb : 3 (clique : 11)
currentSize : 11 <-- 0.009349 s
currentSize : 12 <-- 0.011953 s
currentSize : 13 <-- 0.296701 s
currentSize : 14 <-- 7.124942 s
currentSize : 17 <-- 20.388741 s
currentSize : 21 <-- 20.388901 s

maxsize : 21
nodes : 6954918.000000
filtered : 86409313.000000
time : 23.900318
