Parameters: GAD=1 vflib=1 dir=0 label=0 lowerbound=1 fileNameGp=../graphsdb/mcs70/rand/r02/mcs70_r02_s35.A28 fileNameGt=../graphsdb/mcs70/rand/r02/mcs70_r02_s35.B28
Reading graphs...
35 :  214
35 :  214
Initializing...
maxdom : 35
D->valSize : 1225
Solving...
Blb : 3 (clique : 10)
currentSize : 10 <-- 0.017733 s
currentSize : 11 <-- 0.017874 s
currentSize : 12 <-- 0.017962 s
currentSize : 13 <-- 0.023595 s
currentSize : 14 <-- 0.124362 s
currentSize : 15 <-- 32.816727 s
currentSize : 16 <-- 175.426453 s
currentSize : 17 <-- 180.628799 s
currentSize : 18 <-- 184.710022 s
currentSize : 20 <-- 186.505142 s
currentSize : 24 <-- 261.747772 s

maxsize : 24
nodes : 68799769.000000
filtered : 1076726598.000000
time : 274.201294
