Parameters: GAD=1 vflib=1 dir=0 label=0 lowerbound=1 fileNameGp=../graphsdb/mcs70/m3D/m3D/mcs70_m3D_s35.A40 fileNameGt=../graphsdb/mcs70/m3D/m3D/mcs70_m3D_s35.B40
Reading graphs...
35 :  72
35 :  72
Initializing...
maxdom : 35
D->valSize : 1225
Solving...
Blb : 2 (clique : 22)
currentSize : 22 <-- 0.030405 s
currentSize : 23 <-- 0.132355 s
currentSize : 24 <-- 2.841258 s
currentSize : 25 <-- 7.585488 s
currentSize : 27 <-- 20.489153 s
currentSize : 28 <-- 20.681725 s
currentSize : 29 <-- 23.701456 s

maxsize : 29
nodes : 4358235.000000
filtered : 163998818.000000
time : 26.315426
