Parameters: GAD=1 vflib=1 dir=0 label=0 lowerbound=1 fileNameGp=../graphsdb/mcs70/bvg/b09m/mcs70_b09m_s30.A22 fileNameGt=../graphsdb/mcs70/bvg/b09m/mcs70_b09m_s30.B22
Reading graphs...
30 :  131
30 :  133
Initializing...
maxdom : 30
D->valSize : 900
Solving...
Blb : 2 (clique : 11)
currentSize : 11 <-- 0.015833 s
currentSize : 12 <-- 0.015944 s
currentSize : 13 <-- 0.015989 s
currentSize : 14 <-- 0.033355 s
currentSize : 15 <-- 0.344076 s
currentSize : 16 <-- 18.456820 s
currentSize : 17 <-- 19.782610 s
currentSize : 18 <-- 31.222301 s
currentSize : 20 <-- 31.222340 s

maxsize : 20
nodes : 8719980.000000
filtered : 172534406.000000
time : 35.320194
