Parameters: GAD=1 vflib=1 dir=0 label=0 lowerbound=1 fileNameGp=../graphsdb/mcs70/rand/r01/mcs70_r01_s30.A29 fileNameGt=../graphsdb/mcs70/rand/r01/mcs70_r01_s30.B29
Reading graphs...
30 :  80
30 :  81
Initializing...
maxdom : 30
D->valSize : 900
Solving...
Blb : 2 (clique : 14)
currentSize : 14 <-- 0.010771 s
currentSize : 16 <-- 0.010894 s
currentSize : 17 <-- 0.010976 s
currentSize : 18 <-- 0.264796 s
currentSize : 19 <-- 8.025522 s
currentSize : 20 <-- 45.137459 s
currentSize : 21 <-- 46.527584 s

maxsize : 21
nodes : 10016727.000000
filtered : 329742883.000000
time : 52.111366
