Parameters: GAD=1 vflib=1 dir=0 label=0 lowerbound=1 fileNameGp=../graphsdb/mcs70/m3D/m3D/mcs70_m3D_s35.A47 fileNameGt=../graphsdb/mcs70/m3D/m3D/mcs70_m3D_s35.B47
Reading graphs...
35 :  72
35 :  72
Initializing...
maxdom : 35
D->valSize : 1225
Solving...
Blb : 2 (clique : 22)
currentSize : 22 <-- 0.021305 s
currentSize : 24 <-- 0.025402 s
currentSize : 25 <-- 0.182687 s
currentSize : 27 <-- 0.599215 s
currentSize : 28 <-- 53.595413 s

maxsize : 28
nodes : 8403654.000000
filtered : 368604730.000000
time : 57.532532
