Parameters: GAD=1 vflib=1 dir=0 label=0 lowerbound=1 fileNameGp=../graphsdb/mcs70/bvg/b03m/mcs70_b03m_s35.A75 fileNameGt=../graphsdb/mcs70/bvg/b03m/mcs70_b03m_s35.B75
Reading graphs...
35 :  52
35 :  52
Initializing...
maxdom : 35
D->valSize : 1225
Solving...
Blb : 2 (clique : 21)
currentSize : 21 <-- 0.027128 s
currentSize : 22 <-- 0.027331 s
currentSize : 23 <-- 0.027363 s
currentSize : 24 <-- 0.027373 s
currentSize : 25 <-- 0.982928 s
currentSize : 26 <-- 1.045854 s
currentSize : 27 <-- 150.449432 s

maxsize : 27
nodes : 67564585.000000
filtered : 2887851377.000000
time : 447.901947
