Parameters: GAD=1 vflib=1 dir=0 label=0 lowerbound=1 fileNameGp=../graphsdb/mcs70/m2D/m2Dr6/m2Dr6/mcs70_m2Dr6_s25.A94 fileNameGt=../graphsdb/mcs70/m2D/m2Dr6/m2Dr6/mcs70_m2Dr6_s25.B94
Reading graphs...
25 :  55
25 :  54
Initializing...
maxdom : 25
D->valSize : 625
Solving...
Blb : 2 (clique : 13)
currentSize : 13 <-- 0.005274 s
currentSize : 14 <-- 0.005609 s
currentSize : 15 <-- 0.006810 s
currentSize : 16 <-- 0.088133 s
currentSize : 17 <-- 1.742640 s

maxsize : 17
nodes : 2680483.000000
filtered : 67838069.000000
time : 11.312531
