Parameters: GAD=1 vflib=1 dir=0 label=0 lowerbound=1 fileNameGp=../graphsdb/mcs70/m2D/m2Dr6/m2Dr6/mcs70_m2Dr6_s35.A63 fileNameGt=../graphsdb/mcs70/m2D/m2Dr6/m2Dr6/mcs70_m2Dr6_s35.B63
Reading graphs...
35 :  78
35 :  78
Initializing...
maxdom : 35
D->valSize : 1225
Solving...
Blb : 5 (clique : 18)
currentSize : 18 <-- 0.035874 s
currentSize : 19 <-- 0.046424 s
currentSize : 20 <-- 0.160148 s
currentSize : 21 <-- 1.145911 s
currentSize : 22 <-- 3.578748 s
currentSize : 23 <-- 225.831329 s
currentSize : 24 <-- 316.009247 s
currentSize : 25 <-- 316.459381 s
currentSize : 26 <-- 316.601318 s

maxsize : 26
nodes : 67488841.000000
filtered : 2076461381.000000
time : 367.880676
