Parameters: GAD=1 vflib=1 dir=0 label=0 lowerbound=1 fileNameGp=../graphsdb/mcs70/m2D/m2D/mcs70_m2D_s35.A68 fileNameGt=../graphsdb/mcs70/m2D/m2D/mcs70_m2D_s35.B68
Reading graphs...
35 :  58
35 :  58
Initializing...
maxdom : 35
D->valSize : 1225
Solving...
Blb : 2 (clique : 20)
currentSize : 20 <-- 0.021567 s
currentSize : 21 <-- 0.022515 s
currentSize : 22 <-- 0.022900 s
currentSize : 23 <-- 0.024870 s
currentSize : 24 <-- 0.051942 s
currentSize : 25 <-- 2.001298 s
currentSize : 26 <-- 20.623096 s
currentSize : 27 <-- 97.808914 s

maxsize : 27
nodes : 38667092.000000
filtered : 1770388300.000000
time : 274.382294
