Parameters: GAD=1 vflib=1 dir=0 label=0 lowerbound=1 fileNameGp=../graphsdb/mcs70/bvg/b06m/mcs70_b06m_s30.A54 fileNameGt=../graphsdb/mcs70/bvg/b06m/mcs70_b06m_s30.B54
Reading graphs...
30 :  90
30 :  90
Initializing...
maxdom : 30
D->valSize : 900
Solving...
Blb : 2 (clique : 13)
currentSize : 13 <-- 0.010345 s
currentSize : 14 <-- 0.011589 s
currentSize : 15 <-- 0.012313 s
currentSize : 16 <-- 0.020074 s
currentSize : 17 <-- 0.020304 s
currentSize : 18 <-- 16.394022 s
currentSize : 19 <-- 37.255409 s
currentSize : 21 <-- 37.257271 s

maxsize : 21
nodes : 9035947.000000
filtered : 281475265.000000
time : 43.960697
