Parameters: GAD=1 vflib=1 dir=0 label=0 lowerbound=1 fileNameGp=../graphsdb/mcs70/bvg/b06/mcs70_b06_s35.A37 fileNameGt=../graphsdb/mcs70/bvg/b06/mcs70_b06_s35.B37
Reading graphs...
35 :  102
35 :  104
Initializing...
maxdom : 35
D->valSize : 1225
Solving...
Blb : 2 (clique : 17)
currentSize : 17 <-- 0.019832 s
currentSize : 19 <-- 0.020004 s
currentSize : 20 <-- 0.020018 s
currentSize : 21 <-- 0.055413 s
currentSize : 22 <-- 1.592959 s
currentSize : 23 <-- 7.284555 s
currentSize : 24 <-- 50.731064 s
currentSize : 25 <-- 143.594421 s

maxsize : 25
nodes : 27782866.000000
filtered : 1234537887.000000
time : 182.007980
