Parameters: GAD=1 vflib=1 dir=0 label=0 lowerbound=1 fileNameGp=../graphsdb/mcs70/bvg/b09/mcs70_b09_s20.A35 fileNameGt=../graphsdb/mcs70/bvg/b09/mcs70_b09_s20.B35
Reading graphs...
20 :  87
20 :  87
Initializing...
maxdom : 20
D->valSize : 400
Solving...
Blb : 3 (clique : 10)
currentSize : 10 <-- 0.002108 s
currentSize : 11 <-- 0.002193 s
currentSize : 12 <-- 0.004964 s
currentSize : 13 <-- 0.009098 s
currentSize : 14 <-- 0.009124 s
currentSize : 15 <-- 0.054764 s

maxsize : 15
nodes : 24969.000000
filtered : 510120.000000
time : 0.090148
