Parameters: GAD=1 vflib=1 dir=0 label=0 lowerbound=1 fileNameGp=../graphsdb/mcs70/bvg/b03m/mcs70_b03m_s35.A71 fileNameGt=../graphsdb/mcs70/bvg/b03m/mcs70_b03m_s35.B71
Reading graphs...
35 :  52
35 :  51
Initializing...
maxdom : 35
D->valSize : 1225
Solving...
Blb : 2 (clique : 22)
currentSize : 22 <-- 0.021271 s
currentSize : 24 <-- 0.021470 s
currentSize : 25 <-- 0.022195 s
currentSize : 26 <-- 0.057858 s
currentSize : 27 <-- 87.591339 s
currentSize : 28 <-- 198.651978 s
currentSize : 29 <-- 200.286346 s

maxsize : 29
nodes : 33100215.000000
filtered : 1431723930.000000
time : 210.522873
