Parameters: GAD=1 vflib=1 dir=0 label=0 lowerbound=1 fileNameGp=../graphsdb/mcs70/bvg/b09m/mcs70_b09m_s20.A33 fileNameGt=../graphsdb/mcs70/bvg/b09m/mcs70_b09m_s20.B33
Reading graphs...
20 :  80
20 :  78
Initializing...
maxdom : 20
D->valSize : 400
Solving...
Blb : 2 (clique : 8)
currentSize : 8 <-- 0.002136 s
currentSize : 9 <-- 0.002201 s
currentSize : 10 <-- 0.002416 s
currentSize : 11 <-- 0.028105 s
currentSize : 12 <-- 0.147065 s
currentSize : 13 <-- 0.154573 s
currentSize : 14 <-- 0.257649 s

maxsize : 14
nodes : 94821.000000
filtered : 1510658.000000
time : 0.296406
