Parameters: GAD=1 vflib=1 dir=0 label=0 lowerbound=1 fileNameGp=../graphsdb/mcs70/bvg/b09m/mcs70_b09m_s25.A06 fileNameGt=../graphsdb/mcs70/bvg/b09m/mcs70_b09m_s25.B06
Reading graphs...
25 :  102
25 :  104
Initializing...
maxdom : 25
D->valSize : 625
Solving...
Blb : 5 (clique : 10)
currentSize : 10 <-- 0.004835 s
currentSize : 11 <-- 0.005022 s
currentSize : 12 <-- 0.018254 s
currentSize : 13 <-- 0.130298 s
currentSize : 14 <-- 0.487181 s
currentSize : 15 <-- 1.172596 s
currentSize : 16 <-- 1.172614 s

maxsize : 16
nodes : 737241.000000
filtered : 16192293.000000
time : 2.944265
