Parameters: GAD=1 vflib=1 dir=0 label=0 lowerbound=1 fileNameGp=../graphsdb/mcs70/bvg/b09m/mcs70_b09m_s20.A12 fileNameGt=../graphsdb/mcs70/bvg/b09m/mcs70_b09m_s20.B12
Reading graphs...
20 :  87
20 :  84
Initializing...
maxdom : 20
D->valSize : 400
Solving...
Blb : 2 (clique : 9)
currentSize : 9 <-- 0.003485 s
currentSize : 10 <-- 0.008082 s
currentSize : 11 <-- 0.071406 s
currentSize : 12 <-- 0.504029 s
currentSize : 13 <-- 0.514689 s
currentSize : 14 <-- 0.514762 s

maxsize : 14
nodes : 197834.000000
filtered : 2277916.000000
time : 0.572005
