Parameters: GAD=1 vflib=1 dir=0 label=0 lowerbound=1 fileNameGp=../graphsdb/mcs70/bvg/b06/mcs70_b06_s35.A18 fileNameGt=../graphsdb/mcs70/bvg/b06/mcs70_b06_s35.B18
Reading graphs...
35 :  103
35 :  104
Initializing...
maxdom : 35
D->valSize : 1225
Solving...
Blb : 5 (clique : 17)
currentSize : 17 <-- 0.019899 s
currentSize : 18 <-- 0.020160 s
currentSize : 19 <-- 0.032571 s
currentSize : 22 <-- 0.473515 s
currentSize : 23 <-- 0.478583 s
currentSize : 24 <-- 0.647482 s
currentSize : 25 <-- 0.972016 s

maxsize : 25
nodes : 10309154.000000
filtered : 551087704.000000
time : 73.432175
