Parameters: GAD=1 vflib=1 dir=0 label=0 lowerbound=1 fileNameGp=../graphsdb/mcs70/m3D/m3Dr4/mcs70_m3Dr4_s35.A60 fileNameGt=../graphsdb/mcs70/m3D/m3Dr4/mcs70_m3Dr4_s35.B60
Reading graphs...
35 :  86
35 :  84
Initializing...
maxdom : 35
D->valSize : 1225
Solving...
Blb : 2 (clique : 17)
currentSize : 17 <-- 0.020729 s
currentSize : 21 <-- 0.020896 s
currentSize : 22 <-- 0.021512 s
currentSize : 23 <-- 2.964069 s
currentSize : 24 <-- 64.110138 s
currentSize : 25 <-- 134.510651 s
currentSize : 28 <-- 134.510818 s

maxsize : 28
nodes : 22854639.000000
filtered : 925501454.000000
time : 138.659012
