Parameters: GAD=1 vflib=1 dir=0 label=0 lowerbound=1 fileNameGp=../graphsdb/mcs70/bvg/b03m/mcs70_b03m_s30.A64 fileNameGt=../graphsdb/mcs70/bvg/b03m/mcs70_b03m_s30.B64
Reading graphs...
30 :  45
30 :  45
Initializing...
maxdom : 30
D->valSize : 900
Solving...
Blb : 2 (clique : 18)
currentSize : 18 <-- 0.019584 s
currentSize : 19 <-- 0.020027 s
currentSize : 20 <-- 0.020877 s
currentSize : 21 <-- 0.023579 s
currentSize : 22 <-- 0.333750 s
currentSize : 23 <-- 12.263719 s

maxsize : 23
nodes : 5784032.000000
filtered : 205775574.000000
time : 32.659451
