Parameters: GAD=1 vflib=1 dir=0 label=0 lowerbound=1 fileNameGp=../graphsdb/mcs70/m2D/m2Dr4/mcs70_m2Dr4_s35.A84 fileNameGt=../graphsdb/mcs70/m2D/m2Dr4/mcs70_m2Dr4_s35.B84
Reading graphs...
35 :  71
35 :  72
Initializing...
maxdom : 35
D->valSize : 1225
Solving...
Blb : 2 (clique : 20)
currentSize : 20 <-- 0.020676 s
currentSize : 21 <-- 0.021939 s
currentSize : 22 <-- 0.066628 s
currentSize : 23 <-- 0.737589 s
currentSize : 24 <-- 23.916420 s
currentSize : 25 <-- 489.500549 s
currentSize : 27 <-- 623.742371 s

maxsize : 27
nodes : 100880650.000000
filtered : 4415322941.000000
time : 655.164185
