Parameters: GAD=1 vflib=1 dir=0 label=0 lowerbound=1 fileNameGp=../graphsdb/mcs70/bvg/b03m/mcs70_b03m_s30.A21 fileNameGt=../graphsdb/mcs70/bvg/b03m/mcs70_b03m_s30.B21
Reading graphs...
30 :  43
30 :  45
Initializing...
maxdom : 30
D->valSize : 900
Solving...
Blb : 2 (clique : 18)
currentSize : 18 <-- 0.019808 s
currentSize : 19 <-- 0.022837 s
currentSize : 20 <-- 0.046096 s
currentSize : 21 <-- 0.054150 s
currentSize : 22 <-- 0.179806 s
currentSize : 23 <-- 0.333102 s

maxsize : 23
nodes : 5193863.000000
filtered : 191796955.000000
time : 31.022766
