Parameters: GAD=1 vflib=1 dir=0 label=0 lowerbound=1 fileNameGp=../graphsdb/mcs70/bvg/b09/mcs70_b09_s35.A57 fileNameGt=../graphsdb/mcs70/bvg/b09/mcs70_b09_s35.B57
Reading graphs...
35 :  153
35 :  157
Initializing...
maxdom : 35
D->valSize : 1225
Solving...
Blb : 5 (clique : 13)
currentSize : 13 <-- 0.031971 s
currentSize : 14 <-- 0.033863 s
currentSize : 15 <-- 0.047758 s
currentSize : 16 <-- 0.052813 s
currentSize : 17 <-- 0.090437 s
currentSize : 18 <-- 0.107760 s
currentSize : 19 <-- 0.116987 s
currentSize : 22 <-- 0.426402 s
currentSize : 23 <-- 0.426516 s
currentSize : 24 <-- 0.426658 s

maxsize : 24
nodes : 4284847.000000
filtered : 179040181.000000
time : 26.232595
