Parameters: GAD=1 vflib=1 dir=0 label=0 lowerbound=1 fileNameGp=../graphsdb/mcs70/m2D/m2Dr2/mcs70_m2Dr2_s25.A42 fileNameGt=../graphsdb/mcs70/m2D/m2Dr2/mcs70_m2Dr2_s25.B42
Reading graphs...
25 :  44
25 :  44
Initializing...
maxdom : 25
D->valSize : 625
Solving...
Blb : 2 (clique : 15)
currentSize : 15 <-- 0.005555 s
currentSize : 16 <-- 0.021559 s
currentSize : 17 <-- 0.056110 s
currentSize : 18 <-- 0.066782 s
currentSize : 19 <-- 0.978871 s

maxsize : 19
nodes : 429904.000000
filtered : 12417573.000000
time : 2.012315
