Parameters: GAD=1 vflib=1 dir=0 label=0 lowerbound=1 fileNameGp=../graphsdb/mcs70/bvg/b09/mcs70_b09_s25.A35 fileNameGt=../graphsdb/mcs70/bvg/b09/mcs70_b09_s25.B35
Reading graphs...
25 :  110
25 :  112
Initializing...
maxdom : 25
D->valSize : 625
Solving...
Blb : 2 (clique : 10)
currentSize : 10 <-- 0.004764 s
currentSize : 11 <-- 0.005059 s
currentSize : 12 <-- 0.020131 s
currentSize : 13 <-- 0.415780 s
currentSize : 14 <-- 5.127230 s
currentSize : 15 <-- 5.221409 s
currentSize : 16 <-- 5.930377 s
currentSize : 17 <-- 5.930421 s

maxsize : 17
nodes : 1922368.000000
filtered : 26752222.000000
time : 6.401610
