Parameters: GAD=1 vflib=1 dir=0 label=0 lowerbound=1 fileNameGp=../graphsdb/mcs70/rand/r02/mcs70_r02_s35.A24 fileNameGt=../graphsdb/mcs70/rand/r02/mcs70_r02_s35.B24
Reading graphs...
35 :  211
35 :  207
Initializing...
maxdom : 35
D->valSize : 1225
Solving...
Blb : 2 (clique : 11)
currentSize : 11 <-- 0.030119 s
currentSize : 12 <-- 0.030711 s
currentSize : 13 <-- 0.031352 s
currentSize : 14 <-- 0.251102 s
currentSize : 15 <-- 0.252710 s
currentSize : 16 <-- 28.189386 s
currentSize : 18 <-- 28.189461 s
currentSize : 19 <-- 233.516769 s
currentSize : 24 <-- 270.598114 s

maxsize : 24
nodes : 65462402.000000
filtered : 1263906628.000000
time : 281.892151
