Parameters: GAD=1 vflib=1 dir=0 label=0 lowerbound=1 fileNameGp=../graphsdb/mcs70/bvg/b09m/mcs70_b09m_s25.A73 fileNameGt=../graphsdb/mcs70/bvg/b09m/mcs70_b09m_s25.B73
Reading graphs...
25 :  107
25 :  108
Initializing...
maxdom : 25
D->valSize : 625
Solving...
Blb : 2 (clique : 9)
currentSize : 9 <-- 0.004766 s
currentSize : 10 <-- 0.004876 s
currentSize : 11 <-- 0.005162 s
currentSize : 12 <-- 0.008040 s
currentSize : 13 <-- 0.455466 s
currentSize : 14 <-- 7.265787 s
currentSize : 15 <-- 10.188667 s
currentSize : 16 <-- 10.188699 s

maxsize : 16
nodes : 3384309.000000
filtered : 48038511.000000
time : 11.427864
