Parameters: GAD=1 vflib=1 dir=0 label=0 lowerbound=1 fileNameGp=../graphsdb/mcs70/m2D/m2Dr4/mcs70_m2Dr4_s35.A10 fileNameGt=../graphsdb/mcs70/m2D/m2Dr4/mcs70_m2Dr4_s35.B10
Reading graphs...
35 :  70
35 :  69
Initializing...
maxdom : 35
D->valSize : 1225
Solving...
Blb : 2 (clique : 19)
currentSize : 19 <-- 0.021558 s
currentSize : 20 <-- 0.021728 s
currentSize : 21 <-- 0.021751 s
currentSize : 22 <-- 0.155548 s
currentSize : 23 <-- 0.473376 s
currentSize : 24 <-- 7.324774 s
currentSize : 25 <-- 7.324850 s
currentSize : 26 <-- 17.468252 s
currentSize : 27 <-- 178.017487 s

maxsize : 27
nodes : 32460013.000000
filtered : 1504294361.000000
time : 226.055771
