Parameters: GAD=1 vflib=1 dir=0 label=0 lowerbound=1 fileNameGp=../graphsdb/mcs70/rand/r02/mcs70_r02_s25.A88 fileNameGt=../graphsdb/mcs70/rand/r02/mcs70_r02_s25.B88
Reading graphs...
25 :  109
25 :  107
Initializing...
maxdom : 25
D->valSize : 625
Solving...
Blb : 2 (clique : 11)
currentSize : 11 <-- 0.004746 s
currentSize : 12 <-- 0.011032 s
currentSize : 13 <-- 1.199965 s
currentSize : 14 <-- 4.631951 s
currentSize : 17 <-- 4.666291 s

maxsize : 17
nodes : 1820674.000000
filtered : 22923669.000000
time : 5.801526
