Parameters: GAD=1 vflib=1 dir=0 label=0 lowerbound=1 fileNameGp=../graphsdb/mcs70/bvg/b09/mcs70_b09_s25.A84 fileNameGt=../graphsdb/mcs70/bvg/b09/mcs70_b09_s25.B84
Reading graphs...
25 :  110
25 :  110
Initializing...
maxdom : 25
D->valSize : 625
Solving...
Blb : 2 (clique : 9)
currentSize : 9 <-- 0.008992 s
currentSize : 10 <-- 0.009062 s
currentSize : 11 <-- 0.009104 s
currentSize : 12 <-- 0.009591 s
currentSize : 13 <-- 0.023400 s
currentSize : 14 <-- 0.025433 s
currentSize : 15 <-- 0.049157 s
currentSize : 16 <-- 1.388408 s
currentSize : 17 <-- 1.908506 s

maxsize : 17
nodes : 658137.000000
filtered : 14396715.000000
time : 2.608788
