Parameters: GAD=1 vflib=1 dir=0 label=0 lowerbound=1 fileNameGp=../graphsdb/mcs70/rand/r01/mcs70_r01_s35.A27 fileNameGt=../graphsdb/mcs70/rand/r01/mcs70_r01_s35.B27
Reading graphs...
35 :  108
35 :  111
Initializing...
maxdom : 35
D->valSize : 1225
Solving...
Blb : 2 (clique : 15)
currentSize : 15 <-- 0.019323 s
currentSize : 16 <-- 0.021148 s
currentSize : 17 <-- 0.025447 s
currentSize : 18 <-- 0.074141 s
currentSize : 19 <-- 1.370460 s
currentSize : 20 <-- 86.461464 s
currentSize : 24 <-- 137.849350 s

maxsize : 24
nodes : 49365765.000000
filtered : 1443256462.000000
time : 255.569107
