Parameters: GAD=1 vflib=1 dir=0 label=0 lowerbound=1 fileNameGp=../graphsdb/mcs70/m3D/m3Dr2/mcs70_m3Dr2_s35.A35 fileNameGt=../graphsdb/mcs70/m3D/m3Dr2/mcs70_m3Dr2_s35.B35
Reading graphs...
35 :  78
35 :  78
Initializing...
maxdom : 35
D->valSize : 1225
Solving...
Blb : 2 (clique : 16)
currentSize : 16 <-- 0.020416 s
currentSize : 17 <-- 0.020580 s
currentSize : 18 <-- 0.020590 s
currentSize : 19 <-- 0.021181 s
currentSize : 20 <-- 0.038680 s
currentSize : 21 <-- 0.039216 s
currentSize : 22 <-- 0.378661 s
currentSize : 23 <-- 1.463852 s
currentSize : 24 <-- 3.809419 s
currentSize : 25 <-- 178.652725 s
currentSize : 27 <-- 406.863098 s

maxsize : 27
nodes : 63089562.000000
filtered : 2869742515.000000
time : 421.738708
