Parameters: GAD=1 vflib=1 dir=0 label=0 lowerbound=1 fileNameGp=../graphsdb/mcs70/bvg/b06m/mcs70_b06m_s25.A95 fileNameGt=../graphsdb/mcs70/bvg/b06m/mcs70_b06m_s25.B95
Reading graphs...
25 :  71
25 :  71
Initializing...
maxdom : 25
D->valSize : 625
Solving...
Blb : 2 (clique : 12)
currentSize : 12 <-- 0.005081 s
currentSize : 13 <-- 0.006104 s
currentSize : 14 <-- 0.006264 s
currentSize : 15 <-- 0.098828 s
currentSize : 16 <-- 13.185344 s
currentSize : 17 <-- 15.550508 s
currentSize : 18 <-- 15.550657 s

maxsize : 18
nodes : 4049995.000000
filtered : 90860529.000000
time : 15.810992
