Parameters: GAD=1 vflib=1 dir=0 label=0 lowerbound=1 fileNameGp=../graphsdb/mcs70/m2D/m2Dr4/mcs70_m2Dr4_s35.A09 fileNameGt=../graphsdb/mcs70/m2D/m2Dr4/mcs70_m2Dr4_s35.B09
Reading graphs...
35 :  72
35 :  71
Initializing...
maxdom : 35
D->valSize : 1225
Solving...
Blb : 2 (clique : 19)
currentSize : 19 <-- 0.020553 s
currentSize : 21 <-- 0.020720 s
currentSize : 22 <-- 0.021875 s
currentSize : 23 <-- 1.686073 s
currentSize : 24 <-- 16.828184 s
currentSize : 25 <-- 947.231323 s
currentSize : 26 <-- 1000.666443 s

maxsize : 26
nodes : 174754771.000000
filtered : 8047976588.000000
time : 1169.447632
