Parameters: GAD=1 vflib=1 dir=0 label=0 lowerbound=1 fileNameGp=../graphsdb/mcs70/rand/r02/mcs70_r02_s25.A95 fileNameGt=../graphsdb/mcs70/rand/r02/mcs70_r02_s25.B95
Reading graphs...
25 :  111
25 :  107
Initializing...
maxdom : 25
D->valSize : 625
Solving...
Blb : 2 (clique : 9)
currentSize : 9 <-- 0.007902 s
currentSize : 10 <-- 0.008042 s
currentSize : 11 <-- 0.008321 s
currentSize : 12 <-- 0.011573 s
currentSize : 13 <-- 0.427057 s
currentSize : 14 <-- 3.570628 s
currentSize : 17 <-- 3.644494 s

maxsize : 17
nodes : 1264969.000000
filtered : 17593820.000000
time : 4.269885
