Parameters: GAD=1 vflib=1 dir=0 label=0 lowerbound=1 fileNameGp=../graphsdb/mcs70/m2D/m2Dr2/mcs70_m2Dr2_s35.A95 fileNameGt=../graphsdb/mcs70/m2D/m2Dr2/mcs70_m2Dr2_s35.B95
Reading graphs...
35 :  65
35 :  65
Initializing...
maxdom : 35
D->valSize : 1225
Solving...
Blb : 2 (clique : 21)
currentSize : 21 <-- 0.021127 s
currentSize : 22 <-- 0.024110 s
currentSize : 23 <-- 0.043634 s
currentSize : 24 <-- 10.857394 s
currentSize : 25 <-- 206.508713 s
currentSize : 27 <-- 878.446655 s

maxsize : 27
nodes : 145964381.000000
filtered : 6605561251.000000
time : 984.421753
