Parameters: GAD=1 vflib=1 dir=0 label=0 lowerbound=1 fileNameGp=../graphsdb/mcs70/bvg/b09/mcs70_b09_s25.A58 fileNameGt=../graphsdb/mcs70/bvg/b09/mcs70_b09_s25.B58
Reading graphs...
25 :  110
25 :  108
Initializing...
maxdom : 25
D->valSize : 625
Solving...
Blb : 2 (clique : 11)
currentSize : 11 <-- 0.004896 s
currentSize : 12 <-- 0.008596 s
currentSize : 13 <-- 0.010802 s
currentSize : 14 <-- 0.052686 s
currentSize : 15 <-- 0.053268 s
currentSize : 16 <-- 0.109192 s
currentSize : 17 <-- 0.109212 s

maxsize : 17
nodes : 217445.000000
filtered : 5703201.000000
time : 1.033120
