Parameters: GAD=1 vflib=1 dir=0 label=0 lowerbound=1 fileNameGp=../graphsdb/mcs70/bvg/b03/mcs70_b03_s30.A44 fileNameGt=../graphsdb/mcs70/bvg/b03/mcs70_b03_s30.B44
Reading graphs...
30 :  45
30 :  45
Initializing...
maxdom : 30
D->valSize : 900
Solving...
Blb : 2 (clique : 20)
currentSize : 20 <-- 0.011442 s
currentSize : 21 <-- 0.011592 s
currentSize : 22 <-- 0.012416 s
currentSize : 23 <-- 0.030387 s
currentSize : 24 <-- 4.897743 s

maxsize : 24
nodes : 1582157.000000
filtered : 54203787.000000
time : 8.870485
