Parameters: GAD=1 vflib=1 dir=0 label=0 lowerbound=1 fileNameGp=../graphsdb/mcs70/m3D/m3D/mcs70_m3D_s35.A86 fileNameGt=../graphsdb/mcs70/m3D/m3D/mcs70_m3D_s35.B86
Reading graphs...
35 :  71
35 :  72
Initializing...
maxdom : 35
D->valSize : 1225
Solving...
Blb : 2 (clique : 20)
currentSize : 20 <-- 0.020852 s
currentSize : 21 <-- 0.021031 s
currentSize : 23 <-- 0.021451 s
currentSize : 24 <-- 0.111763 s
currentSize : 26 <-- 0.410447 s
currentSize : 27 <-- 0.411275 s
currentSize : 28 <-- 9.556372 s

maxsize : 28
nodes : 3550451.000000
filtered : 180778206.000000
time : 26.314720
