Parameters: GAD=1 vflib=1 dir=0 label=0 lowerbound=1 fileNameGp=../graphsdb/mcs70/m3D/m3Dr2/mcs70_m3Dr2_s35.A81 fileNameGt=../graphsdb/mcs70/m3D/m3Dr2/mcs70_m3Dr2_s35.B81
Reading graphs...
35 :  78
35 :  78
Initializing...
maxdom : 35
D->valSize : 1225
Solving...
Blb : 2 (clique : 17)
currentSize : 17 <-- 0.035372 s
currentSize : 19 <-- 0.035612 s
currentSize : 20 <-- 0.035677 s
currentSize : 22 <-- 0.038605 s
currentSize : 23 <-- 0.509073 s
currentSize : 24 <-- 255.492966 s
currentSize : 25 <-- 303.588776 s
currentSize : 26 <-- 331.806976 s
currentSize : 28 <-- 331.807007 s

maxsize : 28
nodes : 62544643.000000
filtered : 2028005424.000000
time : 336.775879
