Parameters: GAD=1 vflib=1 dir=0 label=0 lowerbound=1 fileNameGp=../graphsdb/mcs70/rand/r02/mcs70_r02_s30.A55 fileNameGt=../graphsdb/mcs70/rand/r02/mcs70_r02_s30.B55
Reading graphs...
30 :  155
30 :  155
Initializing...
maxdom : 30
D->valSize : 900
Solving...
Blb : 5 (clique : 11)
currentSize : 11 <-- 0.009603 s
currentSize : 12 <-- 0.009858 s
currentSize : 13 <-- 0.063399 s
currentSize : 14 <-- 1.254189 s
currentSize : 15 <-- 27.027552 s
currentSize : 16 <-- 27.027700 s
currentSize : 18 <-- 67.658577 s
currentSize : 21 <-- 72.289246 s

maxsize : 21
nodes : 19351829.000000
filtered : 321827304.000000
time : 73.230354
