Parameters: GAD=1 vflib=1 dir=0 label=0 lowerbound=1 fileNameGp=../graphsdb/mcs70/rand/r02/mcs70_r02_s30.A45 fileNameGt=../graphsdb/mcs70/rand/r02/mcs70_r02_s30.B45
Reading graphs...
30 :  155
30 :  148
Initializing...
maxdom : 30
D->valSize : 900
Solving...
Blb : 2 (clique : 11)
currentSize : 11 <-- 0.009727 s
currentSize : 12 <-- 0.010189 s
currentSize : 13 <-- 0.018612 s
currentSize : 14 <-- 1.939811 s
currentSize : 15 <-- 10.731201 s
currentSize : 17 <-- 16.332777 s
currentSize : 18 <-- 19.763636 s
currentSize : 21 <-- 22.562492 s

maxsize : 21
nodes : 6254928.000000
filtered : 110038679.000000
time : 24.461882
