Parameters: GAD=1 vflib=1 dir=0 label=0 lowerbound=1 fileNameGp=../graphsdb/mcs70/rand/r01/mcs70_r01_s35.A58 fileNameGt=../graphsdb/mcs70/rand/r01/mcs70_r01_s35.B58
Reading graphs...
35 :  114
35 :  114
Initializing...
maxdom : 35
D->valSize : 1225
Solving...
Blb : 5 (clique : 15)
currentSize : 15 <-- 0.019273 s
currentSize : 16 <-- 0.019431 s
currentSize : 17 <-- 0.021336 s
currentSize : 18 <-- 0.026176 s
currentSize : 19 <-- 0.026981 s
currentSize : 20 <-- 31.960806 s
currentSize : 24 <-- 1459.443115 s

maxsize : 24
nodes : 311696824.000000
filtered : 7777342618.000000
time : 1504.578979
