Parameters: GAD=1 vflib=1 dir=0 label=0 lowerbound=1 fileNameGp=../graphsdb/mcs70/bvg/b09m/mcs70_b09m_s30.A17 fileNameGt=../graphsdb/mcs70/bvg/b09m/mcs70_b09m_s30.B17
Reading graphs...
30 :  127
30 :  126
Initializing...
maxdom : 30
D->valSize : 900
Solving...
Blb : 2 (clique : 12)
currentSize : 12 <-- 0.009832 s
currentSize : 13 <-- 0.010057 s
currentSize : 14 <-- 0.017374 s
currentSize : 15 <-- 0.047695 s
currentSize : 17 <-- 11.547384 s
currentSize : 20 <-- 12.431717 s

maxsize : 20
nodes : 4522644.000000
filtered : 96039752.000000
time : 18.705120
