Parameters: GAD=1 vflib=1 dir=0 label=0 lowerbound=1 fileNameGp=../graphsdb/mcs70/bvg/b09/mcs70_b09_s20.A73 fileNameGt=../graphsdb/mcs70/bvg/b09/mcs70_b09_s20.B73
Reading graphs...
20 :  89
20 :  87
Initializing...
maxdom : 20
D->valSize : 400
Solving...
Blb : 2 (clique : 8)
currentSize : 8 <-- 0.002267 s
currentSize : 9 <-- 0.002465 s
currentSize : 10 <-- 0.004907 s
currentSize : 11 <-- 0.004997 s
currentSize : 12 <-- 0.005839 s
currentSize : 13 <-- 0.009501 s
currentSize : 15 <-- 0.009531 s

maxsize : 15
nodes : 15962.000000
filtered : 381980.000000
time : 0.061541
