Parameters: GAD=1 vflib=1 dir=0 label=0 lowerbound=1 fileNameGp=../graphsdb/mcs70/bvg/b06m/mcs70_b06m_s30.A16 fileNameGt=../graphsdb/mcs70/bvg/b06m/mcs70_b06m_s30.B16
Reading graphs...
30 :  88
30 :  88
Initializing...
maxdom : 30
D->valSize : 900
Solving...
Blb : 2 (clique : 15)
currentSize : 15 <-- 0.010614 s
currentSize : 16 <-- 0.013405 s
currentSize : 17 <-- 0.196292 s
currentSize : 18 <-- 14.960513 s
currentSize : 19 <-- 29.807123 s
currentSize : 20 <-- 29.942247 s
currentSize : 21 <-- 30.021597 s

maxsize : 21
nodes : 8211986.000000
filtered : 268014461.000000
time : 40.182926
