Parameters: GAD=1 vflib=1 dir=0 label=0 lowerbound=1 fileNameGp=../graphsdb/mcs70/m2D/m2D/mcs70_m2D_s35.A48 fileNameGt=../graphsdb/mcs70/m2D/m2D/mcs70_m2D_s35.B48
Reading graphs...
35 :  58
35 :  58
Initializing...
maxdom : 35
D->valSize : 1225
Solving...
Blb : 2 (clique : 19)
currentSize : 19 <-- 0.021570 s
currentSize : 20 <-- 0.021749 s
currentSize : 21 <-- 0.021793 s
currentSize : 22 <-- 0.021854 s
currentSize : 23 <-- 0.022117 s
currentSize : 24 <-- 0.025662 s
currentSize : 25 <-- 0.981601 s
currentSize : 26 <-- 19.640316 s
currentSize : 27 <-- 319.145508 s
currentSize : 28 <-- 319.145538 s

maxsize : 28
nodes : 50590286.000000
filtered : 2328296855.000000
time : 358.878815
