Parameters: GAD=1 vflib=1 dir=0 label=0 lowerbound=1 fileNameGp=../graphsdb/mcs70/rand/r01/mcs70_r01_s35.A46 fileNameGt=../graphsdb/mcs70/rand/r01/mcs70_r01_s35.B46
Reading graphs...
35 :  115
35 :  111
Initializing...
maxdom : 35
D->valSize : 1225
Solving...
Blb : 2 (clique : 15)
currentSize : 15 <-- 0.019376 s
currentSize : 16 <-- 0.019551 s
currentSize : 17 <-- 0.020027 s
currentSize : 18 <-- 0.172345 s
currentSize : 19 <-- 1.123666 s
currentSize : 20 <-- 4.625183 s
currentSize : 21 <-- 940.963562 s
currentSize : 22 <-- 940.963623 s
currentSize : 24 <-- 1006.652954 s

maxsize : 24
nodes : 208909739.000000
filtered : 6912901692.000000
time : 1112.130859
