Parameters: GAD=1 vflib=1 dir=0 label=0 lowerbound=1 fileNameGp=../graphsdb/mcs70/bvg/b03m/mcs70_b03m_s20.A97 fileNameGt=../graphsdb/mcs70/bvg/b03m/mcs70_b03m_s20.B97
Reading graphs...
20 :  28
20 :  28
Initializing...
maxdom : 20
D->valSize : 400
Solving...
Blb : 2 (clique : 12)
currentSize : 12 <-- 0.002404 s
currentSize : 13 <-- 0.002721 s
currentSize : 14 <-- 0.003018 s
currentSize : 15 <-- 0.003099 s
currentSize : 16 <-- 0.055360 s

maxsize : 16
nodes : 26580.000000
filtered : 588341.000000
time : 0.100650
