Parameters: GAD=1 vflib=1 dir=0 label=0 lowerbound=1 fileNameGp=../graphsdb/mcs70/bvg/b09m/mcs70_b09m_s30.A31 fileNameGt=../graphsdb/mcs70/bvg/b09m/mcs70_b09m_s30.B31
Reading graphs...
30 :  128
30 :  127
Initializing...
maxdom : 30
D->valSize : 900
Solving...
Blb : 2 (clique : 13)
currentSize : 13 <-- 0.016987 s
currentSize : 14 <-- 0.017763 s
currentSize : 15 <-- 0.254823 s
currentSize : 16 <-- 0.322115 s
currentSize : 18 <-- 0.333811 s
currentSize : 20 <-- 0.333846 s

maxsize : 20
nodes : 1263794.000000
filtered : 43927397.000000
time : 6.690992
