Parameters: GAD=1 vflib=1 dir=0 label=0 lowerbound=1 fileNameGp=../graphsdb/mcs70/bvg/b03m/mcs70_b03m_s30.A73 fileNameGt=../graphsdb/mcs70/bvg/b03m/mcs70_b03m_s30.B73
Reading graphs...
30 :  44
30 :  45
Initializing...
maxdom : 30
D->valSize : 900
Solving...
Blb : 2 (clique : 18)
currentSize : 18 <-- 0.019722 s
currentSize : 19 <-- 0.023359 s
currentSize : 20 <-- 0.023548 s
currentSize : 21 <-- 0.048307 s
currentSize : 22 <-- 0.212502 s
currentSize : 23 <-- 0.276556 s
currentSize : 24 <-- 3.627339 s

maxsize : 24
nodes : 1340035.000000
filtered : 51357064.000000
time : 8.067515
