Parameters: GAD=1 vflib=1 dir=0 label=0 lowerbound=1 fileNameGp=../graphsdb/mcs70/rand/r005/mcs70_r005_s30.A79 fileNameGt=../graphsdb/mcs70/rand/r005/mcs70_r005_s30.B79
Reading graphs...
30 :  42
30 :  42
Initializing...
maxdom : 30
D->valSize : 900
Solving...
Blb : 2 (clique : 19)
currentSize : 19 <-- 0.020069 s
currentSize : 20 <-- 0.020347 s
currentSize : 21 <-- 0.020573 s
currentSize : 22 <-- 0.024013 s
currentSize : 23 <-- 2.539066 s
currentSize : 24 <-- 173.991287 s

maxsize : 24
nodes : 28272963.000000
filtered : 1525967828.000000
time : 197.853409
