Parameters: GAD=1 vflib=1 dir=0 label=0 lowerbound=1 fileNameGp=../graphsdb/mcs70/bvg/b03m/mcs70_b03m_s25.A45 fileNameGt=../graphsdb/mcs70/bvg/b03m/mcs70_b03m_s25.B45
Reading graphs...
25 :  36
25 :  36
Initializing...
maxdom : 25
D->valSize : 625
Solving...
Blb : 2 (clique : 14)
currentSize : 14 <-- 0.010790 s
currentSize : 15 <-- 0.011879 s
currentSize : 16 <-- 0.012767 s
currentSize : 17 <-- 0.042107 s
currentSize : 18 <-- 0.114913 s
currentSize : 19 <-- 0.571689 s

maxsize : 19
nodes : 669102.000000
filtered : 17890869.000000
time : 2.891501
