Parameters: GAD=1 vflib=1 dir=0 label=0 lowerbound=1 fileNameGp=../graphsdb/mcs70/m4D/m4D/mcs70_m4D_s25.A31 fileNameGt=../graphsdb/mcs70/m4D/m4D/mcs70_m4D_s25.B31
Reading graphs...
25 :  47
25 :  47
Initializing...
maxdom : 25
D->valSize : 625
Solving...
Blb : 2 (clique : 14)
currentSize : 14 <-- 0.005454 s
currentSize : 15 <-- 0.007076 s
currentSize : 16 <-- 0.009149 s
currentSize : 17 <-- 0.018993 s
currentSize : 18 <-- 0.020631 s
currentSize : 19 <-- 0.294460 s

maxsize : 19
nodes : 513932.000000
filtered : 19266635.000000
time : 2.611268
