Parameters: GAD=1 vflib=1 dir=0 label=0 lowerbound=1 fileNameGp=../graphsdb/mcs70/m3D/m3Dr2/mcs70_m3Dr2_s35.A74 fileNameGt=../graphsdb/mcs70/m3D/m3Dr2/mcs70_m3Dr2_s35.B74
Reading graphs...
35 :  79
35 :  78
Initializing...
maxdom : 35
D->valSize : 1225
Solving...
Blb : 2 (clique : 18)
currentSize : 18 <-- 0.025705 s
currentSize : 19 <-- 0.025864 s
currentSize : 20 <-- 0.025920 s
currentSize : 21 <-- 0.038122 s
currentSize : 22 <-- 0.365144 s
currentSize : 23 <-- 39.030960 s
currentSize : 24 <-- 251.343842 s
currentSize : 28 <-- 292.501526 s

maxsize : 28
nodes : 56045941.000000
filtered : 1729928236.000000
time : 300.135864
