Parameters: GAD=1 vflib=1 dir=0 label=0 lowerbound=1 fileNameGp=../graphsdb/mcs70/m2D/m2Dr6/m2Dr6/mcs70_m2Dr6_s35.A01 fileNameGt=../graphsdb/mcs70/m2D/m2Dr6/m2Dr6/mcs70_m2Dr6_s35.B01
Reading graphs...
35 :  77
35 :  76
Initializing...
maxdom : 35
D->valSize : 1225
Solving...
Blb : 2 (clique : 18)
currentSize : 18 <-- 0.020387 s
currentSize : 21 <-- 0.020556 s
currentSize : 22 <-- 0.020601 s
currentSize : 23 <-- 29.493710 s
currentSize : 24 <-- 727.810547 s
currentSize : 25 <-- 2745.185059 s

maxsize : 25
nodes : 448762221.000000
filtered : 18338902386.000000
time : 2790.592041
