Parameters: GAD=1 vflib=1 dir=0 label=0 lowerbound=1 fileNameGp=../graphsdb/mcs70/bvg/b06m/mcs70_b06m_s20.A89 fileNameGt=../graphsdb/mcs70/bvg/b06m/mcs70_b06m_s20.B89
Reading graphs...
20 :  59
20 :  59
Initializing...
maxdom : 20
D->valSize : 400
Solving...
Blb : 2 (clique : 11)
currentSize : 11 <-- 0.002257 s
currentSize : 12 <-- 0.002406 s
currentSize : 13 <-- 0.006380 s
currentSize : 14 <-- 0.017838 s
currentSize : 15 <-- 0.018516 s

maxsize : 15
nodes : 13437.000000
filtered : 362667.000000
time : 0.056351
