Parameters: GAD=1 vflib=1 dir=0 label=0 lowerbound=1 fileNameGp=../graphsdb/mcs70/m4D/m4Dr6/mcs70_m4Dr6_s25.A01 fileNameGt=../graphsdb/mcs70/m4D/m4Dr6/mcs70_m4Dr6_s25.B01
Reading graphs...
25 :  61
25 :  60
Initializing...
maxdom : 25
D->valSize : 625
Solving...
Blb : 5 (clique : 12)
currentSize : 12 <-- 0.008890 s
currentSize : 13 <-- 0.009006 s
currentSize : 14 <-- 0.009152 s
currentSize : 15 <-- 0.009251 s
currentSize : 17 <-- 0.009654 s

maxsize : 17
nodes : 886667.000000
filtered : 31932318.000000
time : 4.465558
