Parameters: GAD=1 vflib=1 dir=0 label=0 lowerbound=1 fileNameGp=../graphsdb/mcs70/bvg/b09/mcs70_b09_s25.A83 fileNameGt=../graphsdb/mcs70/bvg/b09/mcs70_b09_s25.B83
Reading graphs...
25 :  109
25 :  110
Initializing...
maxdom : 25
D->valSize : 625
Solving...
Blb : 2 (clique : 11)
currentSize : 11 <-- 0.004689 s
currentSize : 12 <-- 0.006234 s
currentSize : 13 <-- 0.009633 s
currentSize : 15 <-- 0.158601 s
currentSize : 16 <-- 0.158879 s
currentSize : 17 <-- 0.425264 s

maxsize : 17
nodes : 334143.000000
filtered : 7441889.000000
time : 1.332746
