Parameters: GAD=1 vflib=1 dir=0 label=0 lowerbound=1 fileNameGp=../graphsdb/mcs70/bvg/b09m/mcs70_b09m_s35.A87 fileNameGt=../graphsdb/mcs70/bvg/b09m/mcs70_b09m_s35.B87
Reading graphs...
35 :  153
35 :  152
Initializing...
maxdom : 35
D->valSize : 1225
Solving...
Blb : 5 (clique : 14)
currentSize : 14 <-- 0.018337 s
currentSize : 15 <-- 0.018606 s
currentSize : 16 <-- 0.019940 s
currentSize : 17 <-- 0.026296 s
currentSize : 18 <-- 160.508011 s
currentSize : 21 <-- 221.008011 s
currentSize : 23 <-- 221.141037 s
currentSize : 24 <-- 221.141190 s

maxsize : 24
nodes : 52387153.000000
filtered : 1216320576.000000
time : 236.807648
