Parameters: GAD=1 vflib=1 dir=0 label=0 lowerbound=1 fileNameGp=../graphsdb/mcs70/m2D/m2Dr6/m2Dr6/mcs70_m2Dr6_s35.A21 fileNameGt=../graphsdb/mcs70/m2D/m2Dr6/m2Dr6/mcs70_m2Dr6_s35.B21
Reading graphs...
35 :  77
35 :  75
Initializing...
maxdom : 35
D->valSize : 1225
Solving...
Blb : 2 (clique : 18)
currentSize : 18 <-- 0.020603 s
currentSize : 19 <-- 0.020775 s
currentSize : 20 <-- 0.020790 s
currentSize : 21 <-- 0.021065 s
currentSize : 22 <-- 0.048546 s
currentSize : 23 <-- 3.282396 s
currentSize : 24 <-- 6.265615 s
currentSize : 25 <-- 79.446487 s

maxsize : 25
nodes : 157572639.000000
filtered : 9044696361.000000
time : 1217.354248
