Parameters: GAD=1 vflib=1 dir=0 label=0 lowerbound=1 fileNameGp=../graphsdb/mcs70/bvg/b06m/mcs70_b06m_s35.A90 fileNameGt=../graphsdb/mcs70/bvg/b06m/mcs70_b06m_s35.B90
Reading graphs...
35 :  104
35 :  103
Initializing...
maxdom : 35
D->valSize : 1225
Solving...
Blb : 2 (clique : 17)
currentSize : 17 <-- 0.019597 s
currentSize : 19 <-- 0.019765 s
currentSize : 20 <-- 0.034480 s
currentSize : 21 <-- 14.234571 s
currentSize : 22 <-- 901.937073 s
currentSize : 24 <-- 932.290833 s

maxsize : 24
nodes : 169768140.000000
filtered : 6569473759.000000
time : 1002.920532
