Parameters: GAD=1 vflib=1 dir=0 label=0 lowerbound=1 fileNameGp=../graphsdb/mcs70/bvg/b09m/mcs70_b09m_s30.A19 fileNameGt=../graphsdb/mcs70/bvg/b09m/mcs70_b09m_s30.B19
Reading graphs...
30 :  128
30 :  131
Initializing...
maxdom : 30
D->valSize : 900
Solving...
Blb : 2 (clique : 11)
currentSize : 11 <-- 0.009702 s
currentSize : 12 <-- 0.009807 s
currentSize : 13 <-- 0.009871 s
currentSize : 14 <-- 0.040419 s
currentSize : 15 <-- 0.079274 s
currentSize : 19 <-- 35.686104 s
currentSize : 21 <-- 38.220516 s

maxsize : 21
nodes : 10891594.000000
filtered : 166021494.000000
time : 40.100647
