Parameters: GAD=1 vflib=1 dir=0 label=0 lowerbound=1 fileNameGp=../graphsdb/mcs70/m2D/m2Dr2/mcs70_m2Dr2_s35.A66 fileNameGt=../graphsdb/mcs70/m2D/m2Dr2/mcs70_m2Dr2_s35.B66
Reading graphs...
35 :  64
35 :  64
Initializing...
maxdom : 35
D->valSize : 1225
Solving...
Blb : 2 (clique : 19)
currentSize : 19 <-- 0.036485 s
currentSize : 20 <-- 0.036833 s
currentSize : 21 <-- 0.038278 s
currentSize : 22 <-- 0.059953 s
currentSize : 23 <-- 0.112696 s
currentSize : 24 <-- 0.416243 s
currentSize : 25 <-- 43.881863 s
currentSize : 26 <-- 126.419479 s

maxsize : 26
nodes : 104695928.000000
filtered : 5303452871.000000
time : 781.678162
