Parameters: GAD=1 vflib=1 dir=0 label=0 lowerbound=1 fileNameGp=../graphsdb/mcs70/bvg/b03m/mcs70_b03m_s35.A07 fileNameGt=../graphsdb/mcs70/bvg/b03m/mcs70_b03m_s35.B07
Reading graphs...
35 :  52
35 :  52
Initializing...
maxdom : 35
D->valSize : 1225
Solving...
Blb : 5 (clique : 21)
currentSize : 21 <-- 0.036718 s
currentSize : 22 <-- 0.037008 s
currentSize : 24 <-- 0.037063 s
currentSize : 25 <-- 0.037147 s
currentSize : 26 <-- 0.041868 s
currentSize : 27 <-- 9.944246 s
currentSize : 28 <-- 172.561005 s

maxsize : 28
nodes : 34715744.000000
filtered : 1810287157.000000
time : 249.461639
