Parameters: GAD=1 vflib=1 dir=0 label=0 lowerbound=1 fileNameGp=../graphsdb/mcs70/bvg/b06m/mcs70_b06m_s35.A53 fileNameGt=../graphsdb/mcs70/bvg/b06m/mcs70_b06m_s35.B53
Reading graphs...
35 :  102
35 :  103
Initializing...
maxdom : 35
D->valSize : 1225
Solving...
Blb : 2 (clique : 15)
currentSize : 15 <-- 0.019426 s
currentSize : 16 <-- 0.019573 s
currentSize : 17 <-- 0.019859 s
currentSize : 18 <-- 0.020409 s
currentSize : 19 <-- 0.085339 s
currentSize : 20 <-- 3.052356 s
currentSize : 22 <-- 4.435774 s
currentSize : 23 <-- 4.480274 s
currentSize : 24 <-- 4.480303 s

maxsize : 24
nodes : 11546220.000000
filtered : 491997696.000000
time : 74.321198
