Parameters: GAD=1 vflib=1 dir=0 label=0 lowerbound=1 fileNameGp=../graphsdb/mcs70/rand/r01/mcs70_r01_s35.A53 fileNameGt=../graphsdb/mcs70/rand/r01/mcs70_r01_s35.B53
Reading graphs...
35 :  111
35 :  110
Initializing...
maxdom : 35
D->valSize : 1225
Solving...
Blb : 2 (clique : 15)
currentSize : 15 <-- 0.019957 s
currentSize : 16 <-- 0.020492 s
currentSize : 17 <-- 0.021349 s
currentSize : 18 <-- 0.043319 s
currentSize : 19 <-- 0.215474 s
currentSize : 20 <-- 0.513561 s
currentSize : 21 <-- 101.394264 s
currentSize : 23 <-- 462.131958 s
currentSize : 24 <-- 462.132050 s

maxsize : 24
nodes : 93825726.000000
filtered : 2850371749.000000
time : 499.775940
