Parameters: GAD=1 vflib=1 dir=0 label=0 lowerbound=1 fileNameGp=../graphsdb/mcs70/rand/r005/mcs70_r005_s20.A18 fileNameGt=../graphsdb/mcs70/rand/r005/mcs70_r005_s20.B18
Reading graphs...
20 :  23
20 :  22
Initializing...
maxdom : 20
D->valSize : 400
Solving...
Blb : 5 (clique : 13)
currentSize : 13 <-- 0.002555 s
currentSize : 14 <-- 0.002833 s
currentSize : 15 <-- 0.008338 s
currentSize : 16 <-- 0.041005 s
currentSize : 17 <-- 0.084631 s

maxsize : 17
nodes : 25010.000000
filtered : 484145.000000
time : 0.102290
