Parameters: GAD=1 vflib=1 dir=0 label=0 lowerbound=1 fileNameGp=../graphsdb/mcs70/bvg/b09/mcs70_b09_s30.A75 fileNameGt=../graphsdb/mcs70/bvg/b09/mcs70_b09_s30.B75
Reading graphs...
30 :  134
30 :  134
Initializing...
maxdom : 30
D->valSize : 900
Solving...
Blb : 2 (clique : 12)
currentSize : 12 <-- 0.009784 s
currentSize : 13 <-- 0.009891 s
currentSize : 14 <-- 0.014478 s
currentSize : 15 <-- 0.017537 s
currentSize : 17 <-- 0.018747 s
currentSize : 20 <-- 0.042448 s
currentSize : 21 <-- 6.029805 s

maxsize : 21
nodes : 1183567.000000
filtered : 52470481.000000
time : 7.005783
