Parameters: GAD=1 vflib=1 dir=0 label=0 lowerbound=1 fileNameGp=../graphsdb/mcs70/bvg/b03m/mcs70_b03m_s35.A46 fileNameGt=../graphsdb/mcs70/bvg/b03m/mcs70_b03m_s35.B46
Reading graphs...
35 :  51
35 :  50
Initializing...
maxdom : 35
D->valSize : 1225
Solving...
Blb : 2 (clique : 21)
currentSize : 21 <-- 0.021501 s
currentSize : 22 <-- 0.021685 s
currentSize : 23 <-- 0.021733 s
currentSize : 24 <-- 0.023982 s
currentSize : 25 <-- 0.221728 s
currentSize : 26 <-- 0.373832 s
currentSize : 27 <-- 1.820151 s

maxsize : 27
nodes : 68721532.000000
filtered : 3295414041.000000
time : 501.542847
