Parameters: GAD=1 vflib=1 dir=0 label=0 lowerbound=1 fileNameGp=../graphsdb/mcs70/rand/r01/mcs70_r01_s30.A71 fileNameGt=../graphsdb/mcs70/rand/r01/mcs70_r01_s30.B71
Reading graphs...
30 :  81
30 :  78
Initializing...
maxdom : 30
D->valSize : 900
Solving...
Blb : 2 (clique : 15)
currentSize : 15 <-- 0.018630 s
currentSize : 16 <-- 0.019097 s
currentSize : 17 <-- 0.036704 s
currentSize : 18 <-- 1.505069 s
currentSize : 19 <-- 11.474059 s
currentSize : 20 <-- 49.846828 s
currentSize : 21 <-- 50.122566 s

maxsize : 21
nodes : 12788858.000000
filtered : 350906518.000000
time : 59.673714
