Parameters: GAD=1 vflib=1 dir=0 label=0 lowerbound=1 fileNameGp=../graphsdb/mcs70/rand/r02/mcs70_r02_s35.A89 fileNameGt=../graphsdb/mcs70/rand/r02/mcs70_r02_s35.B89
Reading graphs...
35 :  202
35 :  211
Initializing...
maxdom : 35
D->valSize : 1225
Solving...
Blb : 5 (clique : 12)
currentSize : 12 <-- 0.017703 s
currentSize : 13 <-- 0.018600 s
currentSize : 14 <-- 0.049157 s
currentSize : 15 <-- 1.000557 s
currentSize : 16 <-- 34.307034 s
currentSize : 17 <-- 249.764496 s
currentSize : 18 <-- 295.353668 s
currentSize : 24 <-- 348.999695 s

maxsize : 24
nodes : 83868725.000000
filtered : 1621641246.000000
time : 360.899170
