Parameters: GAD=1 vflib=1 dir=0 label=0 lowerbound=1 fileNameGp=../graphsdb/mcs70/m2D/m2Dr2/mcs70_m2Dr2_s35.A64 fileNameGt=../graphsdb/mcs70/m2D/m2Dr2/mcs70_m2Dr2_s35.B64
Reading graphs...
35 :  65
35 :  63
Initializing...
maxdom : 35
D->valSize : 1225
Solving...
Blb : 2 (clique : 18)
currentSize : 18 <-- 0.021565 s
currentSize : 19 <-- 0.021731 s
currentSize : 20 <-- 0.021752 s
currentSize : 21 <-- 0.038610 s
currentSize : 22 <-- 0.044252 s
currentSize : 23 <-- 0.362795 s
currentSize : 24 <-- 1.974088 s
currentSize : 25 <-- 865.963989 s
currentSize : 26 <-- 1000.491455 s
currentSize : 27 <-- 1000.491455 s

maxsize : 27
nodes : 171233223.000000
filtered : 6738206822.000000
time : 1034.015381
