Parameters: GAD=1 vflib=1 dir=0 label=0 lowerbound=1 fileNameGp=../graphsdb/mcs70/bvg/b03/mcs70_b03_s25.A38 fileNameGt=../graphsdb/mcs70/bvg/b03/mcs70_b03_s25.B38
Reading graphs...
25 :  37
25 :  37
Initializing...
maxdom : 25
D->valSize : 625
Solving...
Blb : 2 (clique : 15)
currentSize : 15 <-- 0.009557 s
currentSize : 16 <-- 0.009700 s
currentSize : 17 <-- 0.009719 s
currentSize : 18 <-- 0.010351 s
currentSize : 19 <-- 0.066713 s
currentSize : 20 <-- 0.196917 s

maxsize : 20
nodes : 151820.000000
filtered : 3897373.000000
time : 0.699581
