Parameters: GAD=1 vflib=1 dir=0 label=0 lowerbound=1 fileNameGp=../graphsdb/mcs70/bvg/b06/mcs70_b06_s30.A74 fileNameGt=../graphsdb/mcs70/bvg/b06/mcs70_b06_s30.B74
Reading graphs...
30 :  90
30 :  90
Initializing...
maxdom : 30
D->valSize : 900
Solving...
Blb : 2 (clique : 15)
currentSize : 15 <-- 0.010287 s
currentSize : 16 <-- 0.012929 s
currentSize : 17 <-- 0.045983 s
currentSize : 18 <-- 0.572939 s
currentSize : 19 <-- 1.675151 s
currentSize : 21 <-- 2.031457 s
currentSize : 22 <-- 2.585856 s

maxsize : 22
nodes : 1180241.000000
filtered : 34402679.000000
time : 5.607173
