Parameters: GAD=1 vflib=1 dir=0 label=0 lowerbound=1 fileNameGp=../graphsdb/mcs70/rand/r02/mcs70_r02_s25.A54 fileNameGt=../graphsdb/mcs70/rand/r02/mcs70_r02_s25.B54
Reading graphs...
25 :  107
25 :  107
Initializing...
maxdom : 25
D->valSize : 625
Solving...
Blb : 5 (clique : 10)
currentSize : 10 <-- 0.007971 s
currentSize : 11 <-- 0.009050 s
currentSize : 12 <-- 0.015828 s
currentSize : 13 <-- 0.998057 s
currentSize : 14 <-- 10.341391 s
currentSize : 17 <-- 10.341574 s

maxsize : 17
nodes : 3589439.000000
filtered : 39571017.000000
time : 10.992669
