Parameters: GAD=1 vflib=1 dir=0 label=0 lowerbound=1 fileNameGp=../graphsdb/mcs70/rand/r02/mcs70_r02_s25.A69 fileNameGt=../graphsdb/mcs70/rand/r02/mcs70_r02_s25.B69
Reading graphs...
25 :  110
25 :  110
Initializing...
maxdom : 25
D->valSize : 625
Solving...
Blb : 2 (clique : 10)
currentSize : 10 <-- 0.004756 s
currentSize : 11 <-- 0.007479 s
currentSize : 12 <-- 0.028383 s
currentSize : 13 <-- 1.151258 s
currentSize : 14 <-- 4.198271 s
currentSize : 17 <-- 4.217338 s

maxsize : 17
nodes : 1717995.000000
filtered : 21723031.000000
time : 5.445196
