Parameters: GAD=1 vflib=1 dir=0 label=0 lowerbound=1 fileNameGp=../graphsdb/mcs70/rand/r01/mcs70_r01_s25.A14 fileNameGt=../graphsdb/mcs70/rand/r01/mcs70_r01_s25.B14
Reading graphs...
25 :  57
25 :  56
Initializing...
maxdom : 25
D->valSize : 625
Solving...
Blb : 2 (clique : 13)
currentSize : 13 <-- 0.005160 s
currentSize : 14 <-- 0.005295 s
currentSize : 15 <-- 0.006500 s
currentSize : 16 <-- 0.228848 s
currentSize : 17 <-- 2.890485 s

maxsize : 17
nodes : 1650436.000000
filtered : 35558603.000000
time : 6.840906
