Parameters: GAD=1 vflib=1 dir=0 label=0 lowerbound=1 fileNameGp=../graphsdb/mcs70/bvg/b03/mcs70_b03_s35.A62 fileNameGt=../graphsdb/mcs70/bvg/b03/mcs70_b03_s35.B62
Reading graphs...
35 :  52
35 :  52
Initializing...
maxdom : 35
D->valSize : 1225
Solving...
Blb : 2 (clique : 23)
currentSize : 23 <-- 0.036961 s
currentSize : 24 <-- 0.073130 s
currentSize : 25 <-- 0.110086 s
currentSize : 26 <-- 45.344791 s
currentSize : 27 <-- 604.800903 s
currentSize : 28 <-- 1174.756714 s

maxsize : 28
nodes : 177843977.000000
filtered : 7013156145.000000
time : 1192.221436
