Parameters: GAD=1 vflib=1 dir=0 label=0 lowerbound=1 fileNameGp=../graphsdb/mcs70/m3D/m3Dr4/mcs70_m3Dr4_s35.A10 fileNameGt=../graphsdb/mcs70/m3D/m3Dr4/mcs70_m3Dr4_s35.B10
Reading graphs...
35 :  84
35 :  85
Initializing...
maxdom : 35
D->valSize : 1225
Solving...
Blb : 5 (clique : 18)
currentSize : 18 <-- 0.020289 s
currentSize : 19 <-- 0.025786 s
currentSize : 20 <-- 0.043476 s
currentSize : 21 <-- 0.216077 s
currentSize : 22 <-- 1.623462 s
currentSize : 23 <-- 143.985870 s
currentSize : 24 <-- 143.985916 s
currentSize : 25 <-- 250.948685 s
currentSize : 27 <-- 250.949966 s

maxsize : 27
nodes : 47220610.000000
filtered : 1598583464.000000
time : 267.347076
