Parameters: GAD=1 vflib=1 dir=0 label=0 lowerbound=1 fileNameGp=../graphsdb/mcs70/bvg/b06m/mcs70_b06m_s35.A44 fileNameGt=../graphsdb/mcs70/bvg/b06m/mcs70_b06m_s35.B44
Reading graphs...
35 :  105
35 :  104
Initializing...
maxdom : 35
D->valSize : 1225
Solving...
Blb : 2 (clique : 16)
currentSize : 16 <-- 0.020087 s
currentSize : 17 <-- 0.020317 s
currentSize : 18 <-- 0.020722 s
currentSize : 19 <-- 0.049055 s
currentSize : 20 <-- 0.685667 s
currentSize : 25 <-- 9.641393 s

maxsize : 25
nodes : 5868397.000000
filtered : 250348423.000000
time : 37.109131
