Parameters: GAD=1 vflib=1 dir=0 label=0 lowerbound=1 fileNameGp=../graphsdb/mcs70/rand/r01/mcs70_r01_s30.A54 fileNameGt=../graphsdb/mcs70/rand/r01/mcs70_r01_s30.B54
Reading graphs...
30 :  83
30 :  83
Initializing...
maxdom : 30
D->valSize : 900
Solving...
Blb : 2 (clique : 14)
currentSize : 14 <-- 0.018245 s
currentSize : 15 <-- 0.018425 s
currentSize : 16 <-- 0.018548 s
currentSize : 17 <-- 0.018806 s
currentSize : 18 <-- 0.195016 s
currentSize : 19 <-- 128.423294 s
currentSize : 21 <-- 128.423477 s

maxsize : 21
nodes : 30364578.000000
filtered : 855807102.000000
time : 139.432983
