Parameters: GAD=1 vflib=1 dir=0 label=0 lowerbound=1 fileNameGp=../graphsdb/mcs70/rand/r02/mcs70_r02_s20.A55 fileNameGt=../graphsdb/mcs70/rand/r02/mcs70_r02_s20.B55
Reading graphs...
20 :  67
20 :  66
Initializing...
maxdom : 20
D->valSize : 400
Solving...
Blb : 2 (clique : 9)
currentSize : 9 <-- 0.003596 s
currentSize : 10 <-- 0.004705 s
currentSize : 11 <-- 0.015919 s
currentSize : 12 <-- 0.017829 s
currentSize : 13 <-- 0.019490 s
currentSize : 14 <-- 0.054111 s

maxsize : 14
nodes : 48297.000000
filtered : 1024283.000000
time : 0.267581
