Parameters: GAD=1 vflib=1 dir=0 label=0 lowerbound=1 fileNameGp=../graphsdb/mcs70/bvg/b06/mcs70_b06_s20.A27 fileNameGt=../graphsdb/mcs70/bvg/b06/mcs70_b06_s20.B27
Reading graphs...
20 :  59
20 :  58
Initializing...
maxdom : 20
D->valSize : 400
Solving...
Blb : 5 (clique : 11)
currentSize : 11 <-- 0.002260 s
currentSize : 12 <-- 0.002790 s
currentSize : 13 <-- 0.009756 s
currentSize : 14 <-- 0.047565 s
currentSize : 15 <-- 0.109936 s

maxsize : 15
nodes : 42070.000000
filtered : 767580.000000
time : 0.144407
