Parameters: GAD=1 vflib=1 dir=0 label=0 lowerbound=1 fileNameGp=../graphsdb/mcs70/m3D/m3Dr4/mcs70_m3Dr4_s35.A70 fileNameGt=../graphsdb/mcs70/m3D/m3Dr4/mcs70_m3Dr4_s35.B70
Reading graphs...
35 :  85
35 :  86
Initializing...
maxdom : 35
D->valSize : 1225
Solving...
Blb : 2 (clique : 17)
currentSize : 17 <-- 0.020409 s
currentSize : 18 <-- 0.020569 s
currentSize : 19 <-- 0.022067 s
currentSize : 20 <-- 0.049357 s
currentSize : 21 <-- 0.077903 s
currentSize : 22 <-- 4.583467 s
currentSize : 23 <-- 1182.740479 s
currentSize : 24 <-- 1182.759155 s
currentSize : 27 <-- 1182.765747 s

maxsize : 27
nodes : 213000994.000000
filtered : 7278940984.000000
time : 1203.550293
