Parameters: GAD=1 vflib=1 dir=0 label=0 lowerbound=1 fileNameGp=../graphsdb/mcs70/m4D/m4Dr4/mcs70_m4Dr4_s25.A11 fileNameGt=../graphsdb/mcs70/m4D/m4Dr4/mcs70_m4Dr4_s25.B11
Reading graphs...
25 :  56
25 :  54
Initializing...
maxdom : 25
D->valSize : 625
Solving...
Blb : 2 (clique : 13)
currentSize : 13 <-- 0.005144 s
currentSize : 14 <-- 0.005241 s
currentSize : 15 <-- 0.005875 s
currentSize : 16 <-- 0.006984 s
currentSize : 17 <-- 0.008865 s

maxsize : 17
nodes : 745018.000000
filtered : 18752647.000000
time : 3.130904
