Parameters: GAD=1 vflib=1 dir=0 label=0 lowerbound=1 fileNameGp=../graphsdb/mcs70/rand/r01/mcs70_r01_s35.A90 fileNameGt=../graphsdb/mcs70/rand/r01/mcs70_r01_s35.B90
Reading graphs...
35 :  112
35 :  112
Initializing...
maxdom : 35
D->valSize : 1225
Solving...
Blb : 5 (clique : 16)
currentSize : 16 <-- 0.033626 s
currentSize : 17 <-- 0.034657 s
currentSize : 18 <-- 0.140281 s
currentSize : 19 <-- 4.454032 s
currentSize : 20 <-- 23.141512 s
currentSize : 21 <-- 23.191769 s
currentSize : 23 <-- 56.812428 s
currentSize : 24 <-- 229.583618 s

maxsize : 24
nodes : 47737857.000000
filtered : 1908427604.000000
time : 289.618805
