Parameters: GAD=1 vflib=1 dir=0 label=0 lowerbound=1 fileNameGp=../graphsdb/mcs70/bvg/b06m/mcs70_b06m_s35.A14 fileNameGt=../graphsdb/mcs70/bvg/b06m/mcs70_b06m_s35.B14
Reading graphs...
35 :  101
35 :  101
Initializing...
maxdom : 35
D->valSize : 1225
Solving...
Blb : 2 (clique : 17)
currentSize : 17 <-- 0.034426 s
currentSize : 18 <-- 0.038131 s
currentSize : 19 <-- 0.064144 s
currentSize : 20 <-- 0.112538 s
currentSize : 21 <-- 4.126672 s
currentSize : 22 <-- 76.102829 s
currentSize : 24 <-- 78.106255 s

maxsize : 24
nodes : 23311706.000000
filtered : 970956944.000000
time : 144.503647
