Parameters: GAD=1 vflib=1 dir=0 label=0 lowerbound=1 fileNameGp=../graphsdb/mcs70/bvg/b06m/mcs70_b06m_s30.A23 fileNameGt=../graphsdb/mcs70/bvg/b06m/mcs70_b06m_s30.B23
Reading graphs...
30 :  87
30 :  87
Initializing...
maxdom : 30
D->valSize : 900
Solving...
Blb : 2 (clique : 14)
currentSize : 14 <-- 0.010395 s
currentSize : 15 <-- 0.010511 s
currentSize : 16 <-- 0.010822 s
currentSize : 17 <-- 0.157450 s
currentSize : 18 <-- 1.724390 s
currentSize : 19 <-- 12.018252 s
currentSize : 20 <-- 14.383288 s
currentSize : 21 <-- 14.383314 s

maxsize : 21
nodes : 4004343.000000
filtered : 125216300.000000
time : 20.172314
