Parameters: GAD=1 vflib=1 dir=0 label=0 lowerbound=1 fileNameGp=../graphsdb/mcs70/rand/r02/mcs70_r02_s30.A26 fileNameGt=../graphsdb/mcs70/rand/r02/mcs70_r02_s30.B26
Reading graphs...
30 :  158
30 :  162
Initializing...
maxdom : 30
D->valSize : 900
Solving...
Blb : 3 (clique : 10)
currentSize : 10 <-- 0.016467 s
currentSize : 11 <-- 0.017219 s
currentSize : 12 <-- 0.017999 s
currentSize : 13 <-- 0.018852 s
currentSize : 14 <-- 2.500611 s
currentSize : 15 <-- 21.830963 s
currentSize : 16 <-- 55.963017 s
currentSize : 17 <-- 57.975761 s
currentSize : 21 <-- 65.254204 s

maxsize : 21
nodes : 18033242.000000
filtered : 264775992.000000
time : 67.583885
