Parameters: GAD=1 vflib=1 dir=0 label=0 lowerbound=1 fileNameGp=../graphsdb/mcs70/m2D/m2Dr6/m2Dr6/mcs70_m2Dr6_s35.A56 fileNameGt=../graphsdb/mcs70/m2D/m2Dr6/m2Dr6/mcs70_m2Dr6_s35.B56
Reading graphs...
35 :  77
35 :  77
Initializing...
maxdom : 35
D->valSize : 1225
Solving...
Blb : 2 (clique : 19)
currentSize : 19 <-- 0.024919 s
currentSize : 20 <-- 0.026074 s
currentSize : 21 <-- 0.029447 s
currentSize : 22 <-- 0.452778 s
currentSize : 23 <-- 0.549190 s
currentSize : 24 <-- 148.224747 s
currentSize : 26 <-- 149.065323 s

maxsize : 26
nodes : 34328924.000000
filtered : 1322467806.000000
time : 213.891556
