Parameters: GAD=1 vflib=1 dir=0 label=0 lowerbound=1 fileNameGp=../graphsdb/mcs70/bvg/b06m/mcs70_b06m_s35.A59 fileNameGt=../graphsdb/mcs70/bvg/b06m/mcs70_b06m_s35.B59
Reading graphs...
35 :  105
35 :  104
Initializing...
maxdom : 35
D->valSize : 1225
Solving...
Blb : 2 (clique : 15)
currentSize : 15 <-- 0.019653 s
currentSize : 16 <-- 0.019833 s
currentSize : 17 <-- 0.020564 s
currentSize : 18 <-- 0.064710 s
currentSize : 19 <-- 0.804101 s
currentSize : 20 <-- 1.152102 s
currentSize : 21 <-- 206.334076 s
currentSize : 22 <-- 1045.883179 s
currentSize : 23 <-- 1055.404297 s
currentSize : 24 <-- 1055.902832 s
currentSize : 25 <-- 1055.903076 s
currentSize : 26 <-- 1055.903076 s

maxsize : 26
nodes : 186758773.000000
filtered : 7100289508.000000
time : 1063.147461
