Parameters: GAD=1 vflib=1 dir=0 label=0 lowerbound=1 fileNameGp=../graphsdb/mcs70/bvg/b03/mcs70_b03_s35.A30 fileNameGt=../graphsdb/mcs70/bvg/b03/mcs70_b03_s35.B30
Reading graphs...
35 :  51
35 :  52
Initializing...
maxdom : 35
D->valSize : 1225
Solving...
Blb : 2 (clique : 23)
currentSize : 23 <-- 0.021635 s
currentSize : 25 <-- 0.021833 s
currentSize : 26 <-- 0.030873 s
currentSize : 27 <-- 0.031102 s
currentSize : 28 <-- 43.609619 s
currentSize : 29 <-- 71.433685 s

maxsize : 29
nodes : 11097258.000000
filtered : 580588539.000000
time : 86.142532
