Parameters: GAD=1 vflib=1 dir=0 label=0 lowerbound=1 fileNameGp=../graphsdb/mcs70/m2D/m2Dr2/mcs70_m2Dr2_s35.A40 fileNameGt=../graphsdb/mcs70/m2D/m2Dr2/mcs70_m2Dr2_s35.B40
Reading graphs...
35 :  65
35 :  65
Initializing...
maxdom : 35
D->valSize : 1225
Solving...
Blb : 2 (clique : 19)
currentSize : 19 <-- 0.020861 s
currentSize : 20 <-- 0.021022 s
currentSize : 21 <-- 0.021324 s
currentSize : 22 <-- 0.024866 s
currentSize : 23 <-- 0.621027 s
currentSize : 24 <-- 13.533498 s
currentSize : 25 <-- 64.878670 s
currentSize : 26 <-- 321.460510 s

maxsize : 26
nodes : 81719551.000000
filtered : 3847027402.000000
time : 576.762878
