Parameters: GAD=1 vflib=1 dir=0 label=0 lowerbound=1 fileNameGp=../graphsdb/mcs70/bvg/b06m/mcs70_b06m_s35.A03 fileNameGt=../graphsdb/mcs70/bvg/b06m/mcs70_b06m_s35.B03
Reading graphs...
35 :  103
35 :  103
Initializing...
maxdom : 35
D->valSize : 1225
Solving...
Blb : 2 (clique : 15)
currentSize : 15 <-- 0.019781 s
currentSize : 17 <-- 0.019922 s
currentSize : 18 <-- 0.019961 s
currentSize : 19 <-- 0.039034 s
currentSize : 22 <-- 0.626528 s
currentSize : 23 <-- 0.652079 s
currentSize : 25 <-- 0.653340 s

maxsize : 25
nodes : 3161323.000000
filtered : 195214676.000000
time : 24.829832
