Parameters: GAD=1 vflib=1 dir=0 label=0 lowerbound=1 fileNameGp=../graphsdb/mcs70/bvg/b03/mcs70_b03_s20.A53 fileNameGt=../graphsdb/mcs70/bvg/b03/mcs70_b03_s20.B53
Reading graphs...
20 :  30
20 :  30
Initializing...
maxdom : 20
D->valSize : 400
Solving...
Blb : 2 (clique : 12)
currentSize : 12 <-- 0.002576 s
currentSize : 13 <-- 0.002640 s
currentSize : 14 <-- 0.003034 s
currentSize : 15 <-- 0.003517 s
currentSize : 16 <-- 0.006960 s

maxsize : 16
nodes : 22051.000000
filtered : 373601.000000
time : 0.074235
