Parameters: GAD=1 vflib=1 dir=0 label=0 lowerbound=1 fileNameGp=../graphsdb/mcs70/bvg/b03m/mcs70_b03m_s35.A28 fileNameGt=../graphsdb/mcs70/bvg/b03m/mcs70_b03m_s35.B28
Reading graphs...
35 :  52
35 :  52
Initializing...
maxdom : 35
D->valSize : 1225
Solving...
Blb : 2 (clique : 22)
currentSize : 22 <-- 0.021549 s
currentSize : 23 <-- 0.021950 s
currentSize : 24 <-- 0.028322 s
currentSize : 25 <-- 0.033746 s
currentSize : 26 <-- 0.775186 s
currentSize : 27 <-- 223.011322 s

maxsize : 27
nodes : 134628785.000000
filtered : 7283148366.000000
time : 1037.605103
