Parameters: GAD=1 vflib=1 dir=0 label=0 lowerbound=1 fileNameGp=../graphsdb/mcs70/m2D/m2D/mcs70_m2D_s35.A75 fileNameGt=../graphsdb/mcs70/m2D/m2D/mcs70_m2D_s35.B75
Reading graphs...
35 :  58
35 :  57
Initializing...
maxdom : 35
D->valSize : 1225
Solving...
Blb : 2 (clique : 21)
currentSize : 21 <-- 0.022495 s
currentSize : 22 <-- 0.022965 s
currentSize : 23 <-- 0.023053 s
currentSize : 25 <-- 0.023772 s
currentSize : 26 <-- 0.235384 s
currentSize : 27 <-- 3.814193 s
currentSize : 28 <-- 3.825140 s

maxsize : 28
nodes : 7448641.000000
filtered : 407759454.000000
time : 60.354870
