Parameters: GAD=1 vflib=1 dir=0 label=0 lowerbound=1 fileNameGp=../graphsdb/mcs70/bvg/b03/mcs70_b03_s25.A66 fileNameGt=../graphsdb/mcs70/bvg/b03/mcs70_b03_s25.B66
Reading graphs...
25 :  37
25 :  37
Initializing...
maxdom : 25
D->valSize : 625
Solving...
Blb : 2 (clique : 15)
currentSize : 15 <-- 0.005592 s
currentSize : 16 <-- 0.005685 s
currentSize : 17 <-- 0.005779 s
currentSize : 18 <-- 0.005815 s
currentSize : 19 <-- 0.129655 s
currentSize : 21 <-- 0.588544 s

maxsize : 21
nodes : 144648.000000
filtered : 3372982.000000
time : 0.663972
