Parameters: GAD=1 vflib=1 dir=0 label=0 lowerbound=1 fileNameGp=../graphsdb/mcs70/m2D/m2Dr2/mcs70_m2Dr2_s35.A55 fileNameGt=../graphsdb/mcs70/m2D/m2Dr2/mcs70_m2Dr2_s35.B55
Reading graphs...
35 :  65
35 :  64
Initializing...
maxdom : 35
D->valSize : 1225
Solving...
Blb : 2 (clique : 18)
currentSize : 18 <-- 0.020822 s
currentSize : 21 <-- 0.020999 s
currentSize : 22 <-- 0.021051 s
currentSize : 23 <-- 0.078164 s
currentSize : 24 <-- 144.320129 s
currentSize : 25 <-- 294.641144 s
currentSize : 26 <-- 341.611542 s

maxsize : 26
nodes : 253037801.000000
filtered : 12424728264.000000
time : 1814.413818
