Parameters: GAD=1 vflib=1 dir=0 label=0 lowerbound=1 fileNameGp=../graphsdb/mcs70/m2D/m2D/mcs70_m2D_s35.A89 fileNameGt=../graphsdb/mcs70/m2D/m2D/mcs70_m2D_s35.B89
Reading graphs...
35 :  57
35 :  58
Initializing...
maxdom : 35
D->valSize : 1225
Solving...
Blb : 2 (clique : 22)
currentSize : 22 <-- 0.037473 s
currentSize : 23 <-- 0.040373 s
currentSize : 24 <-- 0.041580 s
currentSize : 25 <-- 10.364868 s
currentSize : 26 <-- 32.923672 s
currentSize : 27 <-- 243.590149 s

maxsize : 27
nodes : 55536572.000000
filtered : 2394713449.000000
time : 390.721832
