Parameters: GAD=1 vflib=1 dir=0 label=0 lowerbound=1 fileNameGp=../graphsdb/mcs70/bvg/b03/mcs70_b03_s25.A95 fileNameGt=../graphsdb/mcs70/bvg/b03/mcs70_b03_s25.B95
Reading graphs...
25 :  37
25 :  36
Initializing...
maxdom : 25
D->valSize : 625
Solving...
Blb : 2 (clique : 16)
currentSize : 16 <-- 0.005498 s
currentSize : 17 <-- 0.005704 s
currentSize : 18 <-- 0.005829 s
currentSize : 19 <-- 0.344469 s
currentSize : 20 <-- 0.733017 s

maxsize : 20
nodes : 244518.000000
filtered : 6426219.000000
time : 1.088791
