Parameters: GAD=1 vflib=1 dir=0 label=0 lowerbound=1 fileNameGp=../graphsdb/mcs70/bvg/b09m/mcs70_b09m_s35.A09 fileNameGt=../graphsdb/mcs70/bvg/b09m/mcs70_b09m_s35.B09
Reading graphs...
35 :  151
35 :  153
Initializing...
maxdom : 35
D->valSize : 1225
Solving...
Blb : 2 (clique : 14)
currentSize : 14 <-- 0.019551 s
currentSize : 15 <-- 0.019823 s
currentSize : 16 <-- 0.077936 s
currentSize : 17 <-- 3.100484 s
currentSize : 18 <-- 76.863853 s
currentSize : 19 <-- 130.624115 s
currentSize : 24 <-- 334.873657 s

maxsize : 24
nodes : 70882312.000000
filtered : 1916468353.000000
time : 349.131165
