Parameters: GAD=1 vflib=1 dir=0 label=0 lowerbound=1 fileNameGp=../graphsdb/mcs70/rand/r02/mcs70_r02_s30.A94 fileNameGt=../graphsdb/mcs70/rand/r02/mcs70_r02_s30.B94
Reading graphs...
30 :  155
30 :  152
Initializing...
maxdom : 30
D->valSize : 900
Solving...
Blb : 3 (clique : 9)
currentSize : 9 <-- 0.016564 s
currentSize : 10 <-- 0.016722 s
currentSize : 11 <-- 0.016737 s
currentSize : 12 <-- 0.017813 s
currentSize : 13 <-- 0.024229 s
currentSize : 14 <-- 1.217251 s
currentSize : 15 <-- 1.822773 s
currentSize : 21 <-- 22.293539 s

maxsize : 21
nodes : 6744455.000000
filtered : 106784164.000000
time : 25.480356
