Parameters: GAD=1 vflib=1 dir=0 label=0 lowerbound=1 fileNameGp=../graphsdb/mcs70/rand/r01/mcs70_r01_s30.A77 fileNameGt=../graphsdb/mcs70/rand/r01/mcs70_r01_s30.B77
Reading graphs...
30 :  86
30 :  82
Initializing...
maxdom : 30
D->valSize : 900
Solving...
Blb : 3 (clique : 14)
currentSize : 14 <-- 0.018297 s
currentSize : 15 <-- 0.021675 s
currentSize : 16 <-- 0.030469 s
currentSize : 17 <-- 0.043561 s
currentSize : 18 <-- 2.590317 s
currentSize : 19 <-- 75.816093 s
currentSize : 20 <-- 75.816177 s
currentSize : 21 <-- 75.821503 s

maxsize : 21
nodes : 18714634.000000
filtered : 505663081.000000
time : 85.428574
