Parameters: GAD=1 vflib=1 dir=0 label=0 lowerbound=1 fileNameGp=../graphsdb/mcs70/m4D/m4Dr4/mcs70_m4Dr4_s25.A80 fileNameGt=../graphsdb/mcs70/m4D/m4Dr4/mcs70_m4Dr4_s25.B80
Reading graphs...
25 :  56
25 :  55
Initializing...
maxdom : 25
D->valSize : 625
Solving...
Blb : 2 (clique : 13)
currentSize : 13 <-- 0.005219 s
currentSize : 14 <-- 0.005301 s
currentSize : 15 <-- 0.005317 s
currentSize : 16 <-- 0.039133 s
currentSize : 17 <-- 0.188931 s
currentSize : 18 <-- 1.297518 s

maxsize : 18
nodes : 465408.000000
filtered : 12138116.000000
time : 2.083810
