Parameters: GAD=1 vflib=1 dir=0 label=0 lowerbound=1 fileNameGp=../graphsdb/mcs70/bvg/b03/mcs70_b03_s20.A82 fileNameGt=../graphsdb/mcs70/bvg/b03/mcs70_b03_s20.B82
Reading graphs...
20 :  30
20 :  30
Initializing...
maxdom : 20
D->valSize : 400
Solving...
Blb : 2 (clique : 12)
currentSize : 12 <-- 0.002457 s
currentSize : 13 <-- 0.002520 s
currentSize : 14 <-- 0.002653 s
currentSize : 15 <-- 0.006496 s
currentSize : 16 <-- 0.064488 s

maxsize : 16
nodes : 25667.000000
filtered : 455754.000000
time : 0.125495
