Parameters: GAD=1 vflib=1 dir=0 label=0 lowerbound=1 fileNameGp=../graphsdb/mcs70/bvg/b09m/mcs70_b09m_s30.A16 fileNameGt=../graphsdb/mcs70/bvg/b09m/mcs70_b09m_s30.B16
Reading graphs...
30 :  131
30 :  133
Initializing...
maxdom : 30
D->valSize : 900
Solving...
Blb : 2 (clique : 11)
currentSize : 11 <-- 0.009795 s
currentSize : 13 <-- 0.010060 s
currentSize : 14 <-- 0.151688 s
currentSize : 15 <-- 1.865368 s
currentSize : 16 <-- 10.325058 s
currentSize : 17 <-- 10.326132 s
currentSize : 19 <-- 10.326164 s
currentSize : 20 <-- 10.326208 s

maxsize : 20
nodes : 3870495.000000
filtered : 72121750.000000
time : 15.241514
