Parameters: GAD=1 vflib=1 dir=0 label=0 lowerbound=1 fileNameGp=../graphsdb/mcs70/m4D/m4Dr2/mcs70_m4Dr2_s25.A46 fileNameGt=../graphsdb/mcs70/m4D/m4Dr2/mcs70_m4Dr2_s25.B46
Reading graphs...
25 :  52
25 :  52
Initializing...
maxdom : 25
D->valSize : 625
Solving...
Blb : 2 (clique : 14)
currentSize : 14 <-- 0.006172 s
currentSize : 15 <-- 0.006267 s
currentSize : 16 <-- 0.010135 s
currentSize : 17 <-- 0.015128 s
currentSize : 18 <-- 0.600858 s

maxsize : 18
nodes : 445265.000000
filtered : 14381471.000000
time : 2.147226
