Parameters: GAD=1 vflib=1 dir=0 label=0 lowerbound=1 fileNameGp=../graphsdb/mcs70/m2D/m2Dr2/mcs70_m2Dr2_s35.A50 fileNameGt=../graphsdb/mcs70/m2D/m2Dr2/mcs70_m2Dr2_s35.B50
Reading graphs...
35 :  65
35 :  64
Initializing...
maxdom : 35
D->valSize : 1225
Solving...
Blb : 2 (clique : 20)
currentSize : 20 <-- 0.021336 s
currentSize : 22 <-- 0.021522 s
currentSize : 23 <-- 0.033228 s
currentSize : 24 <-- 0.051556 s
currentSize : 25 <-- 84.937119 s
currentSize : 26 <-- 2405.420654 s

maxsize : 26
nodes : 428454959.000000
filtered : 18715418109.000000
time : 2948.930664
