Parameters: GAD=1 vflib=1 dir=0 label=0 lowerbound=1 fileNameGp=../graphsdb/mcs70/m3D/m3D/mcs70_m3D_s35.A50 fileNameGt=../graphsdb/mcs70/m3D/m3D/mcs70_m3D_s35.B50
Reading graphs...
35 :  72
35 :  72
Initializing...
maxdom : 35
D->valSize : 1225
Solving...
Blb : 2 (clique : 19)
currentSize : 19 <-- 0.036341 s
currentSize : 20 <-- 0.036708 s
currentSize : 21 <-- 0.065065 s
currentSize : 22 <-- 0.227773 s
currentSize : 23 <-- 9.430658 s
currentSize : 24 <-- 12.368868 s
currentSize : 25 <-- 13.775804 s
currentSize : 26 <-- 62.459656 s
currentSize : 27 <-- 62.459816 s
currentSize : 28 <-- 62.709473 s

maxsize : 28
nodes : 11834269.000000
filtered : 478971348.000000
time : 73.991302
