Parameters: GAD=1 vflib=1 dir=0 label=0 lowerbound=1 fileNameGp=../graphsdb/mcs70/bvg/b06/mcs70_b06_s20.A58 fileNameGt=../graphsdb/mcs70/bvg/b06/mcs70_b06_s20.B58
Reading graphs...
20 :  59
20 :  59
Initializing...
maxdom : 20
D->valSize : 400
Solving...
Blb : 2 (clique : 11)
currentSize : 11 <-- 0.003692 s
currentSize : 12 <-- 0.003778 s
currentSize : 13 <-- 0.003818 s
currentSize : 14 <-- 0.003840 s
currentSize : 15 <-- 0.005290 s
currentSize : 16 <-- 0.025708 s

maxsize : 16
nodes : 9035.000000
filtered : 206163.000000
time : 0.038226
