Parameters: GAD=1 vflib=1 dir=0 label=0 lowerbound=1 fileNameGp=../graphsdb/mcs70/bvg/b06m/mcs70_b06m_s25.A00 fileNameGt=../graphsdb/mcs70/bvg/b06m/mcs70_b06m_s25.B00
Reading graphs...
25 :  72
25 :  71
Initializing...
maxdom : 25
D->valSize : 625
Solving...
Blb : 2 (clique : 12)
currentSize : 12 <-- 0.008538 s
currentSize : 13 <-- 0.008854 s
currentSize : 14 <-- 0.008914 s
currentSize : 15 <-- 0.009048 s
currentSize : 16 <-- 5.042906 s
currentSize : 17 <-- 5.042923 s

maxsize : 17
nodes : 1565350.000000
filtered : 35661194.000000
time : 6.332179
