Parameters: GAD=1 vflib=1 dir=0 label=0 lowerbound=1 fileNameGp=../graphsdb/mcs70/bvg/b09m/mcs70_b09m_s25.A08 fileNameGt=../graphsdb/mcs70/bvg/b09m/mcs70_b09m_s25.B08
Reading graphs...
25 :  106
25 :  105
Initializing...
maxdom : 25
D->valSize : 625
Solving...
Blb : 5 (clique : 10)
currentSize : 10 <-- 0.004851 s
currentSize : 11 <-- 0.005775 s
currentSize : 12 <-- 0.016967 s
currentSize : 13 <-- 0.022093 s
currentSize : 17 <-- 0.045862 s

maxsize : 17
nodes : 161373.000000
filtered : 4757202.000000
time : 0.733662
