Parameters: GAD=1 vflib=1 dir=0 label=0 lowerbound=1 fileNameGp=../graphsdb/mcs70/m4D/m4Dr6/mcs70_m4Dr6_s25.A21 fileNameGt=../graphsdb/mcs70/m4D/m4Dr6/mcs70_m4Dr6_s25.B21
Reading graphs...
25 :  61
25 :  60
Initializing...
maxdom : 25
D->valSize : 625
Solving...
Blb : 2 (clique : 13)
currentSize : 13 <-- 0.005193 s
currentSize : 14 <-- 0.005305 s
currentSize : 15 <-- 0.008606 s
currentSize : 16 <-- 0.131052 s
currentSize : 17 <-- 1.583819 s

maxsize : 17
nodes : 1189748.000000
filtered : 28907434.000000
time : 4.881486
