Parameters: GAD=1 vflib=1 dir=0 label=0 lowerbound=1 fileNameGp=../graphsdb/mcs70/m2D/m2D/mcs70_m2D_s35.A49 fileNameGt=../graphsdb/mcs70/m2D/m2D/mcs70_m2D_s35.B49
Reading graphs...
35 :  58
35 :  58
Initializing...
maxdom : 35
D->valSize : 1225
Solving...
Blb : 2 (clique : 20)
currentSize : 20 <-- 0.021178 s
currentSize : 21 <-- 0.021383 s
currentSize : 22 <-- 0.024952 s
currentSize : 23 <-- 0.028114 s
currentSize : 24 <-- 0.413870 s
currentSize : 25 <-- 5.309855 s
currentSize : 26 <-- 19.296522 s
currentSize : 27 <-- 103.362755 s

maxsize : 27
nodes : 29109257.000000
filtered : 1286512989.000000
time : 202.658661
