Parameters: GAD=1 vflib=1 dir=0 label=0 lowerbound=1 fileNameGp=../graphsdb/mcs70/m2D/m2Dr6/m2Dr6/mcs70_m2Dr6_s35.A29 fileNameGt=../graphsdb/mcs70/m2D/m2Dr6/m2Dr6/mcs70_m2Dr6_s35.B29
Reading graphs...
35 :  77
35 :  78
Initializing...
maxdom : 35
D->valSize : 1225
Solving...
Blb : 2 (clique : 17)
currentSize : 17 <-- 0.020536 s
currentSize : 19 <-- 0.020690 s
currentSize : 20 <-- 0.020740 s
currentSize : 21 <-- 0.021747 s
currentSize : 22 <-- 0.025294 s
currentSize : 23 <-- 53.226250 s
currentSize : 24 <-- 340.020386 s
currentSize : 26 <-- 351.398346 s

maxsize : 26
nodes : 70482969.000000
filtered : 2403037786.000000
time : 398.113892
