Parameters: GAD=1 vflib=1 dir=0 label=0 lowerbound=1 fileNameGp=../graphsdb/mcs70/m2D/m2Dr2/mcs70_m2Dr2_s35.A58 fileNameGt=../graphsdb/mcs70/m2D/m2Dr2/mcs70_m2Dr2_s35.B58
Reading graphs...
35 :  64
35 :  64
Initializing...
maxdom : 35
D->valSize : 1225
Solving...
Blb : 2 (clique : 21)
currentSize : 21 <-- 0.021931 s
currentSize : 22 <-- 0.022183 s
currentSize : 23 <-- 0.096297 s
currentSize : 24 <-- 2.673581 s
currentSize : 25 <-- 5.082421 s
currentSize : 26 <-- 54.102474 s
currentSize : 27 <-- 154.896286 s

maxsize : 27
nodes : 28391535.000000
filtered : 1392467206.000000
time : 210.057419
