Parameters: GAD=1 vflib=1 dir=0 label=0 lowerbound=1 fileNameGp=../graphsdb/mcs70/m2D/m2Dr4/mcs70_m2Dr4_s35.A80 fileNameGt=../graphsdb/mcs70/m2D/m2Dr4/mcs70_m2Dr4_s35.B80
Reading graphs...
35 :  72
35 :  71
Initializing...
maxdom : 35
D->valSize : 1225
Solving...
Blb : 2 (clique : 18)
currentSize : 18 <-- 0.020925 s
currentSize : 20 <-- 0.021094 s
currentSize : 21 <-- 0.021137 s
currentSize : 22 <-- 0.022593 s
currentSize : 23 <-- 7.272740 s
currentSize : 24 <-- 738.431946 s

TIMEOUT
maxsize : 24
nodes : 592907542.000000
filtered : 22828807687.000000
time : 3600.000000
