Parameters: GAD=1 vflib=1 dir=0 label=0 lowerbound=1 fileNameGp=../graphsdb/mcs70/m2D/m2Dr6/m2Dr6/mcs70_m2Dr6_s35.A09 fileNameGt=../graphsdb/mcs70/m2D/m2Dr6/m2Dr6/mcs70_m2Dr6_s35.B09
Reading graphs...
35 :  77
35 :  75
Initializing...
maxdom : 35
D->valSize : 1225
Solving...
Blb : 2 (clique : 18)
currentSize : 18 <-- 0.035921 s
currentSize : 19 <-- 0.236687 s
currentSize : 20 <-- 1.237804 s
currentSize : 21 <-- 4.242555 s
currentSize : 22 <-- 17.742594 s
currentSize : 23 <-- 35.810760 s
currentSize : 24 <-- 59.082176 s
currentSize : 25 <-- 59.563263 s
currentSize : 26 <-- 60.678829 s

maxsize : 26
nodes : 21410891.000000
filtered : 794510298.000000
time : 132.127670
