Parameters: GAD=1 vflib=1 dir=0 label=0 lowerbound=1 fileNameGp=../graphsdb/mcs70/rand/r005/mcs70_r005_s35.A25 fileNameGt=../graphsdb/mcs70/rand/r005/mcs70_r005_s35.B25
Reading graphs...
35 :  57
35 :  56
Initializing...
maxdom : 35
D->valSize : 1225
Solving...
Blb : 2 (clique : 21)
currentSize : 21 <-- 0.036905 s
currentSize : 22 <-- 0.037582 s
currentSize : 23 <-- 0.054204 s
currentSize : 24 <-- 0.170350 s
currentSize : 25 <-- 2.191345 s
currentSize : 26 <-- 6.430030 s

maxsize : 26
nodes : 281144830.000000
filtered : 12353518509.000000
time : 1939.652954
