Parameters: GAD=1 vflib=1 dir=0 label=0 lowerbound=1 fileNameGp=../graphsdb/mcs70/rand/r005/mcs70_r005_s30.A19 fileNameGt=../graphsdb/mcs70/rand/r005/mcs70_r005_s30.B19
Reading graphs...
30 :  42
30 :  42
Initializing...
maxdom : 30
D->valSize : 900
Solving...
Blb : 2 (clique : 19)
currentSize : 19 <-- 0.012061 s
currentSize : 20 <-- 0.012208 s
currentSize : 21 <-- 0.012215 s
currentSize : 22 <-- 0.012702 s
currentSize : 23 <-- 1.279178 s
currentSize : 24 <-- 269.189789 s

maxsize : 24
nodes : 52747442.000000
filtered : 2194992165.000000
time : 310.281708
