Parameters: GAD=1 vflib=1 dir=0 label=0 lowerbound=1 fileNameGp=../graphsdb/mcs70/bvg/b06/mcs70_b06_s35.A91 fileNameGt=../graphsdb/mcs70/bvg/b06/mcs70_b06_s35.B91
Reading graphs...
35 :  105
35 :  103
Initializing...
maxdom : 35
D->valSize : 1225
Solving...
Blb : 2 (clique : 19)
currentSize : 19 <-- 0.019548 s
currentSize : 20 <-- 0.022214 s
currentSize : 21 <-- 0.024086 s
currentSize : 22 <-- 0.038441 s
currentSize : 23 <-- 7.629805 s
currentSize : 24 <-- 7.629881 s
currentSize : 25 <-- 21.153927 s

maxsize : 25
nodes : 14139097.000000
filtered : 706169512.000000
time : 96.606445
