Parameters: GAD=1 vflib=1 dir=0 label=0 lowerbound=1 fileNameGp=../graphsdb/mcs70/bvg/b06/mcs70_b06_s35.A35 fileNameGt=../graphsdb/mcs70/bvg/b06/mcs70_b06_s35.B35
Reading graphs...
35 :  105
35 :  104
Initializing...
maxdom : 35
D->valSize : 1225
Solving...
Blb : 2 (clique : 19)
currentSize : 19 <-- 0.019455 s
currentSize : 20 <-- 0.021443 s
currentSize : 21 <-- 0.136145 s
currentSize : 22 <-- 0.682640 s
currentSize : 25 <-- 4.349244 s
currentSize : 26 <-- 6.356013 s

maxsize : 26
nodes : 3875868.000000
filtered : 196784124.000000
time : 27.489246
