Parameters: GAD=1 vflib=1 dir=0 label=0 lowerbound=1 fileNameGp=../graphsdb/mcs70/rand/r01/mcs70_r01_s35.A99 fileNameGt=../graphsdb/mcs70/rand/r01/mcs70_r01_s35.B99
Reading graphs...
35 :  116
35 :  112
Initializing...
maxdom : 35
D->valSize : 1225
Solving...
Blb : 2 (clique : 13)
currentSize : 13 <-- 0.033218 s
currentSize : 14 <-- 0.033413 s
currentSize : 15 <-- 0.035274 s
currentSize : 16 <-- 0.035626 s
currentSize : 17 <-- 0.049162 s
currentSize : 18 <-- 0.092229 s
currentSize : 19 <-- 5.753835 s
currentSize : 20 <-- 115.980675 s
currentSize : 24 <-- 223.912338 s

maxsize : 24
nodes : 63019497.000000
filtered : 1733306385.000000
time : 314.712158
