Parameters: GAD=1 vflib=1 dir=0 label=0 lowerbound=1 fileNameGp=../graphsdb/mcs70/m3D/m3D/mcs70_m3D_s35.A05 fileNameGt=../graphsdb/mcs70/m3D/m3D/mcs70_m3D_s35.B05
Reading graphs...
35 :  72
35 :  72
Initializing...
maxdom : 35
D->valSize : 1225
Solving...
Blb : 2 (clique : 22)
currentSize : 22 <-- 0.020580 s
currentSize : 23 <-- 0.059661 s
currentSize : 25 <-- 0.294813 s
currentSize : 26 <-- 0.410371 s
currentSize : 27 <-- 2.821513 s

maxsize : 27
nodes : 7119477.000000
filtered : 315902671.000000
time : 48.173904
