Parameters: GAD=1 vflib=1 dir=0 label=0 lowerbound=1 fileNameGp=../graphsdb/mcs70/m4D/m4Dr6/mcs70_m4Dr6_s25.A32 fileNameGt=../graphsdb/mcs70/m4D/m4Dr6/mcs70_m4Dr6_s25.B32
Reading graphs...
25 :  58
25 :  58
Initializing...
maxdom : 25
D->valSize : 625
Solving...
Blb : 2 (clique : 13)
currentSize : 13 <-- 0.008854 s
currentSize : 14 <-- 0.008985 s
currentSize : 15 <-- 0.009734 s
currentSize : 16 <-- 0.097631 s
currentSize : 17 <-- 1.446894 s

maxsize : 17
nodes : 1923551.000000
filtered : 55521287.000000
time : 8.750267
