Parameters: GAD=1 vflib=1 dir=0 label=0 lowerbound=1 fileNameGp=../graphsdb/mcs70/bvg/b09/mcs70_b09_s35.A96 fileNameGt=../graphsdb/mcs70/bvg/b09/mcs70_b09_s35.B96
Reading graphs...
35 :  155
35 :  155
Initializing...
maxdom : 35
D->valSize : 1225
Solving...
Blb : 3 (clique : 16)
currentSize : 16 <-- 0.032022 s
currentSize : 17 <-- 0.510207 s
currentSize : 18 <-- 2.002581 s
currentSize : 19 <-- 2.002713 s
currentSize : 21 <-- 2.028443 s
currentSize : 22 <-- 3.330843 s
currentSize : 24 <-- 3.331126 s
currentSize : 25 <-- 4.117960 s

maxsize : 25
nodes : 2693839.000000
filtered : 119039023.000000
time : 17.154381
