Parameters: GAD=1 vflib=1 dir=0 label=0 lowerbound=1 fileNameGp=../graphsdb/mcs70/m3D/m3Dr2/mcs70_m3Dr2_s35.A10 fileNameGt=../graphsdb/mcs70/m3D/m3Dr2/mcs70_m3Dr2_s35.B10
Reading graphs...
35 :  79
35 :  79
Initializing...
maxdom : 35
D->valSize : 1225
Solving...
Blb : 2 (clique : 18)
currentSize : 18 <-- 0.035656 s
currentSize : 19 <-- 0.038831 s
currentSize : 20 <-- 0.059803 s
currentSize : 21 <-- 0.172884 s
currentSize : 22 <-- 5.067018 s
currentSize : 23 <-- 14.304028 s
currentSize : 24 <-- 14.305256 s
currentSize : 25 <-- 50.202873 s
currentSize : 28 <-- 138.836395 s

maxsize : 28
nodes : 23606814.000000
filtered : 958053128.000000
time : 145.421494
