Parameters: GAD=1 vflib=1 dir=0 label=0 lowerbound=1 fileNameGp=../graphsdb/mcs70/bvg/b09m/mcs70_b09m_s25.A78 fileNameGt=../graphsdb/mcs70/bvg/b09m/mcs70_b09m_s25.B78
Reading graphs...
25 :  108
25 :  104
Initializing...
maxdom : 25
D->valSize : 625
Solving...
Blb : 2 (clique : 10)
currentSize : 10 <-- 0.007993 s
currentSize : 11 <-- 0.008131 s
currentSize : 12 <-- 0.009227 s
currentSize : 13 <-- 0.135817 s
currentSize : 14 <-- 1.509726 s
currentSize : 15 <-- 1.510073 s
currentSize : 16 <-- 1.510395 s

maxsize : 16
nodes : 897802.000000
filtered : 18759313.000000
time : 3.425639
