Parameters: GAD=1 vflib=1 dir=0 label=0 lowerbound=1 fileNameGp=../graphsdb/mcs70/bvg/b06m/mcs70_b06m_s30.A09 fileNameGt=../graphsdb/mcs70/bvg/b06m/mcs70_b06m_s30.B09
Reading graphs...
30 :  87
30 :  88
Initializing...
maxdom : 30
D->valSize : 900
Solving...
Blb : 2 (clique : 13)
currentSize : 13 <-- 0.010388 s
currentSize : 14 <-- 0.012898 s
currentSize : 15 <-- 0.026436 s
currentSize : 16 <-- 0.029269 s
currentSize : 17 <-- 0.522855 s
currentSize : 18 <-- 1.427723 s
currentSize : 19 <-- 4.733538 s
currentSize : 22 <-- 4.789158 s

maxsize : 22
nodes : 1519693.000000
filtered : 42371954.000000
time : 7.260161
