Parameters: GAD=1 vflib=1 dir=0 label=0 lowerbound=1 fileNameGp=../graphsdb/mcs70/m2D/m2Dr4/mcs70_m2Dr4_s25.A79 fileNameGt=../graphsdb/mcs70/m2D/m2Dr4/mcs70_m2Dr4_s25.B79
Reading graphs...
25 :  48
25 :  46
Initializing...
maxdom : 25
D->valSize : 625
Solving...
Blb : 2 (clique : 14)
currentSize : 14 <-- 0.005327 s
currentSize : 15 <-- 0.005526 s
currentSize : 16 <-- 0.005737 s
currentSize : 17 <-- 0.038325 s
currentSize : 18 <-- 0.074662 s

maxsize : 18
nodes : 529963.000000
filtered : 16176108.000000
time : 2.503829
