Parameters: GAD=1 vflib=1 dir=0 label=0 lowerbound=1 fileNameGp=../graphsdb/mcs70/bvg/b03m/mcs70_b03m_s30.A18 fileNameGt=../graphsdb/mcs70/bvg/b03m/mcs70_b03m_s30.B18
Reading graphs...
30 :  45
30 :  45
Initializing...
maxdom : 30
D->valSize : 900
Solving...
Blb : 2 (clique : 18)
currentSize : 18 <-- 0.011458 s
currentSize : 19 <-- 0.011600 s
currentSize : 20 <-- 0.020414 s
currentSize : 21 <-- 0.067977 s
currentSize : 22 <-- 1.940406 s
currentSize : 23 <-- 12.737763 s

maxsize : 23
nodes : 8672465.000000
filtered : 355943440.000000
time : 50.697033
