Parameters: GAD=1 vflib=1 dir=0 label=0 lowerbound=1 fileNameGp=../graphsdb/mcs70/bvg/b06m/mcs70_b06m_s35.A25 fileNameGt=../graphsdb/mcs70/bvg/b06m/mcs70_b06m_s35.B25
Reading graphs...
35 :  104
35 :  104
Initializing...
maxdom : 35
D->valSize : 1225
Solving...
Blb : 2 (clique : 17)
currentSize : 17 <-- 0.019583 s
currentSize : 18 <-- 0.035929 s
currentSize : 19 <-- 0.134214 s
currentSize : 20 <-- 1.941405 s
currentSize : 21 <-- 15.897738 s
currentSize : 23 <-- 151.827087 s
currentSize : 24 <-- 151.827209 s

maxsize : 24
nodes : 41244298.000000
filtered : 1501008970.000000
time : 236.604752
