Parameters: GAD=1 vflib=1 dir=0 label=0 lowerbound=1 fileNameGp=../graphsdb/mcs70/bvg/b06m/mcs70_b06m_s35.A08 fileNameGt=../graphsdb/mcs70/bvg/b06m/mcs70_b06m_s35.B08
Reading graphs...
35 :  100
35 :  99
Initializing...
maxdom : 35
D->valSize : 1225
Solving...
Blb : 2 (clique : 15)
currentSize : 15 <-- 0.019818 s
currentSize : 16 <-- 0.019959 s
currentSize : 17 <-- 0.019979 s
currentSize : 18 <-- 0.020513 s
currentSize : 19 <-- 0.023144 s
currentSize : 20 <-- 0.294174 s
currentSize : 21 <-- 15.392897 s
currentSize : 22 <-- 83.255722 s
currentSize : 23 <-- 117.971550 s
currentSize : 24 <-- 364.343933 s
currentSize : 25 <-- 364.343964 s

maxsize : 25
nodes : 62303318.000000
filtered : 2644076801.000000
time : 386.413696
