Parameters: GAD=1 vflib=1 dir=0 label=0 lowerbound=1 fileNameGp=../graphsdb/mcs70/rand/r01/mcs70_r01_s35.A16 fileNameGt=../graphsdb/mcs70/rand/r01/mcs70_r01_s35.B16
Reading graphs...
35 :  112
35 :  110
Initializing...
maxdom : 35
D->valSize : 1225
Solving...
Blb : 2 (clique : 14)
currentSize : 14 <-- 0.019525 s
currentSize : 15 <-- 0.019685 s
currentSize : 16 <-- 0.019727 s
currentSize : 17 <-- 0.031566 s
currentSize : 18 <-- 0.198613 s
currentSize : 19 <-- 3.130466 s
currentSize : 20 <-- 34.856190 s
currentSize : 21 <-- 545.978760 s
currentSize : 22 <-- 546.018921 s
currentSize : 24 <-- 546.155945 s

maxsize : 24
nodes : 120455393.000000
filtered : 3746188185.000000
time : 633.272217
