Parameters: GAD=1 vflib=1 dir=0 label=0 lowerbound=1 fileNameGp=../graphsdb/mcs70/bvg/b06/mcs70_b06_s30.A73 fileNameGt=../graphsdb/mcs70/bvg/b06/mcs70_b06_s30.B73
Reading graphs...
30 :  89
30 :  89
Initializing...
maxdom : 30
D->valSize : 900
Solving...
Blb : 2 (clique : 16)
currentSize : 16 <-- 0.010499 s
currentSize : 17 <-- 0.010665 s
currentSize : 19 <-- 0.021687 s
currentSize : 20 <-- 0.021717 s
currentSize : 21 <-- 0.068283 s
currentSize : 22 <-- 0.149329 s
currentSize : 23 <-- 0.270192 s

maxsize : 23
nodes : 336316.000000
filtered : 11784161.000000
time : 1.853994
