Parameters: GAD=1 vflib=1 dir=0 label=0 lowerbound=1 fileNameGp=../graphsdb/mcs70/bvg/b03m/mcs70_b03m_s25.A77 fileNameGt=../graphsdb/mcs70/bvg/b03m/mcs70_b03m_s25.B77
Reading graphs...
25 :  37
25 :  37
Initializing...
maxdom : 25
D->valSize : 625
Solving...
Blb : 2 (clique : 14)
currentSize : 14 <-- 0.005798 s
currentSize : 16 <-- 0.005877 s
currentSize : 17 <-- 0.006026 s
currentSize : 18 <-- 0.025326 s
currentSize : 19 <-- 2.381756 s

maxsize : 19
nodes : 995059.000000
filtered : 24104710.000000
time : 4.063046
