Parameters: GAD=1 vflib=1 dir=0 label=0 lowerbound=1 fileNameGp=../graphsdb/mcs70/m2D/m2D/mcs70_m2D_s25.A09 fileNameGt=../graphsdb/mcs70/m2D/m2D/mcs70_m2D_s25.B09
Reading graphs...
25 :  39
25 :  40
Initializing...
maxdom : 25
D->valSize : 625
Solving...
Blb : 3 (clique : 14)
currentSize : 14 <-- 0.009356 s
currentSize : 15 <-- 0.009499 s
currentSize : 16 <-- 0.009529 s
currentSize : 17 <-- 0.010013 s
currentSize : 18 <-- 0.086639 s
currentSize : 19 <-- 6.280166 s

maxsize : 19
nodes : 1582676.000000
filtered : 43139272.000000
time : 7.403209
