Parameters: GAD=1 vflib=1 dir=0 label=0 lowerbound=1 fileNameGp=../graphsdb/mcs70/m4D/m4Dr2/mcs70_m4Dr2_s25.A26 fileNameGt=../graphsdb/mcs70/m4D/m4Dr2/mcs70_m4Dr2_s25.B26
Reading graphs...
25 :  51
25 :  51
Initializing...
maxdom : 25
D->valSize : 625
Solving...
Blb : 5 (clique : 14)
currentSize : 14 <-- 0.008939 s
currentSize : 15 <-- 0.009158 s
currentSize : 16 <-- 0.011539 s
currentSize : 17 <-- 0.025786 s
currentSize : 18 <-- 0.041079 s

maxsize : 18
nodes : 320152.000000
filtered : 9665640.000000
time : 1.513523
