Parameters: GAD=1 vflib=1 dir=0 label=0 lowerbound=1 fileNameGp=../graphsdb/mcs70/bvg/b06m/mcs70_b06m_s35.A74 fileNameGt=../graphsdb/mcs70/bvg/b06m/mcs70_b06m_s35.B74
Reading graphs...
35 :  103
35 :  103
Initializing...
maxdom : 35
D->valSize : 1225
Solving...
Blb : 2 (clique : 17)
currentSize : 17 <-- 0.033537 s
currentSize : 18 <-- 0.063005 s
currentSize : 19 <-- 0.091457 s
currentSize : 20 <-- 0.183313 s
currentSize : 21 <-- 144.234909 s
currentSize : 22 <-- 238.970123 s
currentSize : 24 <-- 362.336975 s

maxsize : 24
nodes : 75277044.000000
filtered : 2695345955.000000
time : 423.282837
