Parameters: GAD=1 vflib=1 dir=0 label=0 lowerbound=1 fileNameGp=../graphsdb/mcs70/bvg/b06m/mcs70_b06m_s20.A16 fileNameGt=../graphsdb/mcs70/bvg/b06m/mcs70_b06m_s20.B16
Reading graphs...
20 :  56
20 :  54
Initializing...
maxdom : 20
D->valSize : 400
Solving...
Blb : 2 (clique : 10)
currentSize : 10 <-- 0.004190 s
currentSize : 11 <-- 0.004819 s
currentSize : 12 <-- 0.018883 s
currentSize : 13 <-- 0.146727 s
currentSize : 14 <-- 0.161032 s

maxsize : 14
nodes : 85727.000000
filtered : 1497715.000000
time : 0.281538
