Parameters: GAD=1 vflib=1 dir=0 label=0 lowerbound=1 fileNameGp=../graphsdb/mcs70/bvg/b09m/mcs70_b09m_s20.A51 fileNameGt=../graphsdb/mcs70/bvg/b09m/mcs70_b09m_s20.B51
Reading graphs...
20 :  85
20 :  86
Initializing...
maxdom : 20
D->valSize : 400
Solving...
Blb : 2 (clique : 8)
currentSize : 8 <-- 0.003462 s
currentSize : 9 <-- 0.003535 s
currentSize : 10 <-- 0.007287 s
currentSize : 12 <-- 0.009987 s
currentSize : 13 <-- 0.014095 s
currentSize : 14 <-- 0.041357 s

maxsize : 14
nodes : 26818.000000
filtered : 632725.000000
time : 0.158475
