Parameters: GAD=1 vflib=1 dir=0 label=0 lowerbound=1 fileNameGp=../graphsdb/mcs70/bvg/b03m/mcs70_b03m_s35.A81 fileNameGt=../graphsdb/mcs70/bvg/b03m/mcs70_b03m_s35.B81
Reading graphs...
35 :  52
35 :  52
Initializing...
maxdom : 35
D->valSize : 1225
Solving...
Blb : 2 (clique : 20)
currentSize : 20 <-- 0.037585 s
currentSize : 22 <-- 0.037881 s
currentSize : 23 <-- 0.039217 s
currentSize : 24 <-- 0.101132 s
currentSize : 25 <-- 0.455316 s
currentSize : 26 <-- 1.214592 s
currentSize : 27 <-- 169.334167 s

maxsize : 27
nodes : 57408359.000000
filtered : 2868097901.000000
time : 422.951324
