Parameters: GAD=1 vflib=1 dir=0 label=0 lowerbound=1 fileNameGp=../graphsdb/mcs70/rand/r005/mcs70_r005_s30.A15 fileNameGt=../graphsdb/mcs70/rand/r005/mcs70_r005_s30.B15
Reading graphs...
30 :  42
30 :  42
Initializing...
maxdom : 30
D->valSize : 900
Solving...
Blb : 3 (clique : 18)
currentSize : 18 <-- 0.020258 s
currentSize : 19 <-- 0.020476 s
currentSize : 20 <-- 0.211183 s
currentSize : 21 <-- 0.211313 s
currentSize : 22 <-- 0.950607 s
currentSize : 23 <-- 139.474731 s

maxsize : 23
nodes : 49771872.000000
filtered : 1819104396.000000
time : 290.449036
