Parameters: GAD=1 vflib=1 dir=0 label=0 lowerbound=1 fileNameGp=../graphsdb/mcs70/rand/r02/mcs70_r02_s30.A50 fileNameGt=../graphsdb/mcs70/rand/r02/mcs70_r02_s30.B50
Reading graphs...
30 :  150
30 :  155
Initializing...
maxdom : 30
D->valSize : 900
Solving...
Blb : 3 (clique : 12)
currentSize : 12 <-- 0.009621 s
currentSize : 13 <-- 0.190306 s
currentSize : 14 <-- 3.120279 s
currentSize : 15 <-- 20.299994 s
currentSize : 16 <-- 55.990829 s
currentSize : 18 <-- 56.426064 s
currentSize : 21 <-- 56.442558 s

maxsize : 21
nodes : 16798804.000000
filtered : 226290610.000000
time : 59.134377
