Parameters: GAD=1 vflib=1 dir=0 label=0 lowerbound=1 fileNameGp=../graphsdb/mcs70/rand/r01/mcs70_r01_s35.A50 fileNameGt=../graphsdb/mcs70/rand/r01/mcs70_r01_s35.B50
Reading graphs...
35 :  110
35 :  111
Initializing...
maxdom : 35
D->valSize : 1225
Solving...
Blb : 2 (clique : 14)
currentSize : 14 <-- 0.019439 s
currentSize : 16 <-- 0.019578 s
currentSize : 17 <-- 0.022510 s
currentSize : 18 <-- 0.056063 s
currentSize : 19 <-- 1.726201 s
currentSize : 20 <-- 3.164365 s
currentSize : 21 <-- 278.279816 s
currentSize : 22 <-- 1149.846313 s
currentSize : 24 <-- 1207.792114 s

maxsize : 24
nodes : 234599682.000000
filtered : 7509689833.000000
time : 1255.994141
