Parameters: GAD=1 vflib=1 dir=0 label=0 lowerbound=1 fileNameGp=../graphsdb/mcs70/m3D/m3Dr6/mcs70_m3Dr6_s35.A14 fileNameGt=../graphsdb/mcs70/m3D/m3Dr6/mcs70_m3Dr6_s35.B14
Reading graphs...
35 :  93
35 :  92
Initializing...
maxdom : 35
D->valSize : 1225
Solving...
Blb : 2 (clique : 17)
currentSize : 17 <-- 0.019904 s
currentSize : 18 <-- 0.020056 s
currentSize : 19 <-- 0.020178 s
currentSize : 20 <-- 0.122827 s
currentSize : 21 <-- 3.460050 s
currentSize : 22 <-- 20.882317 s
currentSize : 23 <-- 205.573822 s
currentSize : 24 <-- 259.807526 s
currentSize : 28 <-- 273.157379 s

maxsize : 28
nodes : 51519849.000000
filtered : 1595077912.000000
time : 276.897369
