Parameters: GAD=1 vflib=1 dir=0 label=0 lowerbound=1 fileNameGp=../graphsdb/mcs70/rand/r02/mcs70_r02_s35.A23 fileNameGt=../graphsdb/mcs70/rand/r02/mcs70_r02_s35.B23
Reading graphs...
35 :  207
35 :  208
Initializing...
maxdom : 35
D->valSize : 1225
Solving...
Blb : 2 (clique : 11)
currentSize : 11 <-- 0.029809 s
currentSize : 12 <-- 0.030505 s
currentSize : 13 <-- 0.087659 s
currentSize : 14 <-- 0.460673 s
currentSize : 15 <-- 22.282673 s
currentSize : 17 <-- 238.681946 s
currentSize : 19 <-- 506.031525 s
currentSize : 20 <-- 646.617004 s
currentSize : 24 <-- 646.617188 s

maxsize : 24
nodes : 163794645.000000
filtered : 2572505155.000000
time : 651.377930
