Parameters: GAD=1 vflib=1 dir=0 label=0 lowerbound=1 fileNameGp=../graphsdb/mcs70/rand/r02/mcs70_r02_s35.A08 fileNameGt=../graphsdb/mcs70/rand/r02/mcs70_r02_s35.B08
Reading graphs...
35 :  209
35 :  209
Initializing...
maxdom : 35
D->valSize : 1225
Solving...
Blb : 2 (clique : 10)
currentSize : 10 <-- 0.027721 s
currentSize : 11 <-- 0.027973 s
currentSize : 12 <-- 0.028383 s
currentSize : 13 <-- 0.028516 s
currentSize : 14 <-- 0.074533 s
currentSize : 15 <-- 0.299357 s
currentSize : 16 <-- 1178.155884 s
currentSize : 19 <-- 1178.266846 s
currentSize : 24 <-- 1236.358887 s

maxsize : 24
nodes : 347510018.000000
filtered : 4092652780.000000
time : 1252.186279
