Parameters: GAD=1 vflib=1 dir=0 label=0 lowerbound=1 fileNameGp=../graphsdb/mcs70/bvg/b03/mcs70_b03_s35.A23 fileNameGt=../graphsdb/mcs70/bvg/b03/mcs70_b03_s35.B23
Reading graphs...
35 :  52
35 :  52
Initializing...
maxdom : 35
D->valSize : 1225
Solving...
Blb : 2 (clique : 23)
currentSize : 23 <-- 0.036957 s
currentSize : 24 <-- 0.038166 s
currentSize : 25 <-- 0.043663 s
currentSize : 26 <-- 1.015410 s
currentSize : 27 <-- 1.337690 s
currentSize : 28 <-- 84.394691 s

maxsize : 28
nodes : 25375401.000000
filtered : 1220863773.000000
time : 190.246521
