Parameters: GAD=1 vflib=1 dir=0 label=0 lowerbound=1 fileNameGp=../graphsdb/mcs70/m2D/m2D/mcs70_m2D_s35.A73 fileNameGt=../graphsdb/mcs70/m2D/m2D/mcs70_m2D_s35.B73
Reading graphs...
35 :  58
35 :  58
Initializing...
maxdom : 35
D->valSize : 1225
Solving...
Blb : 5 (clique : 20)
currentSize : 20 <-- 0.022069 s
currentSize : 21 <-- 0.022260 s
currentSize : 22 <-- 0.022367 s
currentSize : 23 <-- 0.025220 s
currentSize : 24 <-- 0.071225 s
currentSize : 25 <-- 5.751013 s
currentSize : 26 <-- 12.164897 s
currentSize : 27 <-- 32.176830 s

maxsize : 27
nodes : 21342715.000000
filtered : 979234794.000000
time : 149.739990
