Parameters: GAD=1 vflib=1 dir=0 label=0 lowerbound=1 fileNameGp=../graphsdb/mcs70/bvg/b09/mcs70_b09_s30.A95 fileNameGt=../graphsdb/mcs70/bvg/b09/mcs70_b09_s30.B95
Reading graphs...
30 :  135
30 :  134
Initializing...
maxdom : 30
D->valSize : 900
Solving...
Blb : 2 (clique : 12)
currentSize : 12 <-- 0.009771 s
currentSize : 13 <-- 0.009897 s
currentSize : 14 <-- 0.009920 s
currentSize : 15 <-- 0.391683 s
currentSize : 16 <-- 0.558124 s
currentSize : 17 <-- 0.651974 s
currentSize : 18 <-- 0.768675 s
currentSize : 19 <-- 0.819255 s
currentSize : 20 <-- 0.819528 s
currentSize : 21 <-- 0.938293 s

maxsize : 21
nodes : 949953.000000
filtered : 29851934.000000
time : 4.752869
