Parameters: GAD=1 vflib=1 dir=0 label=0 lowerbound=1 fileNameGp=../graphsdb/mcs70/bvg/b06m/mcs70_b06m_s25.A83 fileNameGt=../graphsdb/mcs70/bvg/b06m/mcs70_b06m_s25.B83
Reading graphs...
25 :  72
25 :  71
Initializing...
maxdom : 25
D->valSize : 625
Solving...
Blb : 2 (clique : 12)
currentSize : 12 <-- 0.005606 s
currentSize : 13 <-- 0.005894 s
currentSize : 14 <-- 0.078830 s
currentSize : 15 <-- 0.108804 s
currentSize : 17 <-- 2.165828 s

maxsize : 17
nodes : 875100.000000
filtered : 24167966.000000
time : 4.215213
