Parameters: GAD=1 vflib=1 dir=0 label=0 lowerbound=1 fileNameGp=../graphsdb/mcs70/rand/r02/mcs70_r02_s35.A93 fileNameGt=../graphsdb/mcs70/rand/r02/mcs70_r02_s35.B93
Reading graphs...
35 :  216
35 :  211
Initializing...
maxdom : 35
D->valSize : 1225
Solving...
Blb : 2 (clique : 11)
currentSize : 11 <-- 0.030098 s
currentSize : 12 <-- 0.030951 s
currentSize : 13 <-- 0.042040 s
currentSize : 14 <-- 2.579662 s
currentSize : 15 <-- 32.328281 s
currentSize : 16 <-- 253.912750 s
currentSize : 17 <-- 316.325714 s
currentSize : 24 <-- 316.327423 s

maxsize : 24
nodes : 89576348.000000
filtered : 1136989779.000000
time : 329.359406
