Parameters: GAD=1 vflib=1 dir=0 label=0 lowerbound=1 fileNameGp=../graphsdb/mcs70/bvg/b09/mcs70_b09_s25.A54 fileNameGt=../graphsdb/mcs70/bvg/b09/mcs70_b09_s25.B54
Reading graphs...
25 :  108
25 :  111
Initializing...
maxdom : 25
D->valSize : 625
Solving...
Blb : 3 (clique : 10)
currentSize : 10 <-- 0.007983 s
currentSize : 11 <-- 0.009102 s
currentSize : 12 <-- 0.021091 s
currentSize : 13 <-- 0.062127 s
currentSize : 14 <-- 0.062202 s
currentSize : 16 <-- 0.062820 s
currentSize : 17 <-- 0.203841 s

maxsize : 17
nodes : 229532.000000
filtered : 6070569.000000
time : 1.203340
