Parameters: GAD=1 vflib=1 dir=0 label=0 lowerbound=1 fileNameGp=../graphsdb/mcs70/m2D/m2Dr6/m2Dr6/mcs70_m2Dr6_s35.A31 fileNameGt=../graphsdb/mcs70/m2D/m2Dr6/m2Dr6/mcs70_m2Dr6_s35.B31
Reading graphs...
35 :  76
35 :  76
Initializing...
maxdom : 35
D->valSize : 1225
Solving...
Blb : 5 (clique : 19)
currentSize : 19 <-- 0.020829 s
currentSize : 20 <-- 0.034315 s
currentSize : 21 <-- 0.070234 s
currentSize : 22 <-- 1.956850 s
currentSize : 23 <-- 67.851509 s
currentSize : 24 <-- 291.415649 s
currentSize : 25 <-- 622.736206 s
currentSize : 27 <-- 622.808411 s

maxsize : 27
nodes : 111784079.000000
filtered : 3769497576.000000
time : 635.266907
