Parameters: GAD=1 vflib=1 dir=0 label=0 lowerbound=1 fileNameGp=../graphsdb/mcs70/bvg/b06m/mcs70_b06m_s25.A12 fileNameGt=../graphsdb/mcs70/bvg/b06m/mcs70_b06m_s25.B12
Reading graphs...
25 :  73
25 :  71
Initializing...
maxdom : 25
D->valSize : 625
Solving...
Blb : 2 (clique : 12)
currentSize : 12 <-- 0.004975 s
currentSize : 13 <-- 0.005229 s
currentSize : 14 <-- 0.008391 s
currentSize : 15 <-- 0.255716 s
currentSize : 16 <-- 2.181702 s
currentSize : 17 <-- 2.194754 s

maxsize : 17
nodes : 982323.000000
filtered : 26530201.000000
time : 4.172958
