Parameters: GAD=1 vflib=1 dir=0 label=0 lowerbound=1 fileNameGp=../graphsdb/mcs70/rand/r005/mcs70_r005_s30.A33 fileNameGt=../graphsdb/mcs70/rand/r005/mcs70_r005_s30.B33
Reading graphs...
30 :  42
30 :  42
Initializing...
maxdom : 30
D->valSize : 900
Solving...
Blb : 2 (clique : 19)
currentSize : 19 <-- 0.020309 s
currentSize : 20 <-- 0.020515 s
currentSize : 21 <-- 0.054407 s
currentSize : 22 <-- 0.060296 s
currentSize : 23 <-- 0.530725 s
currentSize : 24 <-- 3.369511 s

maxsize : 24
nodes : 1267529.000000
filtered : 45776119.000000
time : 7.429551
