Parameters: GAD=1 vflib=1 dir=0 label=0 lowerbound=1 fileNameGp=../graphsdb/mcs70/m2D/m2Dr4/mcs70_m2Dr4_s25.A76 fileNameGt=../graphsdb/mcs70/m2D/m2Dr4/mcs70_m2Dr4_s25.B76
Reading graphs...
25 :  48
25 :  49
Initializing...
maxdom : 25
D->valSize : 625
Solving...
Blb : 2 (clique : 13)
currentSize : 13 <-- 0.005464 s
currentSize : 14 <-- 0.005548 s
currentSize : 15 <-- 0.005587 s
currentSize : 16 <-- 0.010198 s
currentSize : 17 <-- 0.190829 s
currentSize : 18 <-- 0.807464 s

maxsize : 18
nodes : 462088.000000
filtered : 11300908.000000
time : 1.924508
