Parameters: GAD=1 vflib=1 dir=0 label=0 lowerbound=1 fileNameGp=../graphsdb/mcs70/bvg/b03m/mcs70_b03m_s20.A09 fileNameGt=../graphsdb/mcs70/bvg/b03m/mcs70_b03m_s20.B09
Reading graphs...
20 :  30
20 :  30
Initializing...
maxdom : 20
D->valSize : 400
Solving...
Blb : 2 (clique : 12)
currentSize : 12 <-- 0.002458 s
currentSize : 13 <-- 0.002517 s
currentSize : 14 <-- 0.002532 s
currentSize : 15 <-- 0.007905 s
currentSize : 16 <-- 0.008095 s

maxsize : 16
nodes : 9254.000000
filtered : 217983.000000
time : 0.038531
