Parameters: GAD=1 vflib=1 dir=0 label=0 lowerbound=1 fileNameGp=../graphsdb/mcs70/rand/r01/mcs70_r01_s30.A14 fileNameGt=../graphsdb/mcs70/rand/r01/mcs70_r01_s30.B14
Reading graphs...
30 :  82
30 :  84
Initializing...
maxdom : 30
D->valSize : 900
Solving...
Blb : 2 (clique : 14)
currentSize : 14 <-- 0.018156 s
currentSize : 15 <-- 0.018579 s
currentSize : 16 <-- 0.021404 s
currentSize : 17 <-- 0.040062 s
currentSize : 18 <-- 0.084091 s
currentSize : 21 <-- 26.434496 s

maxsize : 21
nodes : 8346708.000000
filtered : 260375946.000000
time : 41.839745
