Parameters: GAD=1 vflib=1 dir=0 label=0 lowerbound=1 fileNameGp=../graphsdb/mcs70/m3D/m3Dr2/mcs70_m3Dr2_s35.A60 fileNameGt=../graphsdb/mcs70/m3D/m3Dr2/mcs70_m3Dr2_s35.B60
Reading graphs...
35 :  79
35 :  79
Initializing...
maxdom : 35
D->valSize : 1225
Solving...
Blb : 2 (clique : 19)
currentSize : 19 <-- 0.024439 s
currentSize : 20 <-- 0.050566 s
currentSize : 21 <-- 0.053512 s
currentSize : 22 <-- 2.760724 s
currentSize : 23 <-- 23.157640 s
currentSize : 24 <-- 98.891479 s
currentSize : 25 <-- 98.905235 s
currentSize : 27 <-- 98.905281 s

maxsize : 27
nodes : 20498525.000000
filtered : 747208321.000000
time : 120.214096
