Parameters: GAD=1 vflib=1 dir=0 label=0 lowerbound=1 fileNameGp=../graphsdb/mcs70/rand/r005/mcs70_r005_s30.A14 fileNameGt=../graphsdb/mcs70/rand/r005/mcs70_r005_s30.B14
Reading graphs...
30 :  40
30 :  41
Initializing...
maxdom : 30
D->valSize : 900
Solving...
Blb : 2 (clique : 20)
currentSize : 20 <-- 0.011576 s
currentSize : 21 <-- 0.469219 s
currentSize : 22 <-- 7.825967 s
currentSize : 23 <-- 9.285933 s
currentSize : 24 <-- 41.702736 s

maxsize : 24
nodes : 12107476.000000
filtered : 399822368.000000
time : 60.552681
