Parameters: GAD=1 vflib=1 dir=0 label=0 lowerbound=1 fileNameGp=../graphsdb/mcs70/rand/r005/mcs70_r005_s35.A46 fileNameGt=../graphsdb/mcs70/rand/r005/mcs70_r005_s35.B46
Reading graphs...
35 :  57
35 :  57
Initializing...
maxdom : 35
D->valSize : 1225
Solving...
Blb : 2 (clique : 20)
currentSize : 20 <-- 0.021072 s
currentSize : 21 <-- 0.021248 s
currentSize : 22 <-- 0.021438 s
currentSize : 23 <-- 0.024698 s
currentSize : 24 <-- 0.032079 s
currentSize : 25 <-- 0.034560 s
currentSize : 26 <-- 1.517621 s
currentSize : 27 <-- 2286.667236 s

maxsize : 27
nodes : 418070156.000000
filtered : 19203956415.000000
time : 2894.493896
