Parameters: GAD=1 vflib=1 dir=0 label=0 lowerbound=1 fileNameGp=../graphsdb/mcs70/bvg/b06m/mcs70_b06m_s25.A84 fileNameGt=../graphsdb/mcs70/bvg/b06m/mcs70_b06m_s25.B84
Reading graphs...
25 :  73
25 :  74
Initializing...
maxdom : 25
D->valSize : 625
Solving...
Blb : 2 (clique : 12)
currentSize : 12 <-- 0.008485 s
currentSize : 13 <-- 0.010446 s
currentSize : 14 <-- 0.072523 s
currentSize : 15 <-- 0.124925 s
currentSize : 16 <-- 0.124956 s
currentSize : 17 <-- 0.373457 s

maxsize : 17
nodes : 378816.000000
filtered : 10094440.000000
time : 1.667869
