Parameters: GAD=1 vflib=1 dir=0 label=0 lowerbound=1 fileNameGp=../graphsdb/mcs70/m4D/m4Dr2/mcs70_m4Dr2_s25.A86 fileNameGt=../graphsdb/mcs70/m4D/m4Dr2/mcs70_m4Dr2_s25.B86
Reading graphs...
25 :  51
25 :  50
Initializing...
maxdom : 25
D->valSize : 625
Solving...
Blb : 2 (clique : 12)
currentSize : 12 <-- 0.005249 s
currentSize : 13 <-- 0.005458 s
currentSize : 14 <-- 0.005811 s
currentSize : 15 <-- 0.011495 s
currentSize : 16 <-- 0.016136 s
currentSize : 17 <-- 0.040532 s
currentSize : 18 <-- 0.497935 s

maxsize : 18
nodes : 520558.000000
filtered : 16269447.000000
time : 2.377348
