Parameters: GAD=1 vflib=1 dir=0 label=0 lowerbound=1 fileNameGp=../graphsdb/mcs70/bvg/b03/mcs70_b03_s35.A71 fileNameGt=../graphsdb/mcs70/bvg/b03/mcs70_b03_s35.B71
Reading graphs...
35 :  52
35 :  52
Initializing...
maxdom : 35
D->valSize : 1225
Solving...
Blb : 2 (clique : 20)
currentSize : 20 <-- 0.021612 s
currentSize : 21 <-- 0.023210 s
currentSize : 22 <-- 0.024137 s
currentSize : 23 <-- 0.025304 s
currentSize : 24 <-- 0.084279 s
currentSize : 25 <-- 1.210072 s
currentSize : 26 <-- 2.975557 s
currentSize : 27 <-- 12.218481 s
currentSize : 28 <-- 114.651741 s

maxsize : 28
nodes : 22382653.000000
filtered : 980557127.000000
time : 151.744919
