Parameters: GAD=1 vflib=1 dir=0 label=0 lowerbound=1 fileNameGp=../graphsdb/mcs70/rand/r02/mcs70_r02_s30.A82 fileNameGt=../graphsdb/mcs70/rand/r02/mcs70_r02_s30.B82
Reading graphs...
30 :  157
30 :  155
Initializing...
maxdom : 30
D->valSize : 900
Solving...
Blb : 2 (clique : 11)
currentSize : 11 <-- 0.009642 s
currentSize : 12 <-- 0.011317 s
currentSize : 13 <-- 0.106717 s
currentSize : 14 <-- 0.554219 s
currentSize : 15 <-- 6.264766 s
currentSize : 17 <-- 9.283610 s
currentSize : 21 <-- 10.561353 s

maxsize : 21
nodes : 3426097.000000
filtered : 68852904.000000
time : 13.986282
