Parameters: GAD=1 vflib=1 dir=0 label=0 lowerbound=1 fileNameGp=../graphsdb/mcs70/rand/r01/mcs70_r01_s35.A05 fileNameGt=../graphsdb/mcs70/rand/r01/mcs70_r01_s35.B05
Reading graphs...
35 :  112
35 :  110
Initializing...
maxdom : 35
D->valSize : 1225
Solving...
Blb : 2 (clique : 14)
currentSize : 14 <-- 0.019577 s
currentSize : 16 <-- 0.019791 s
currentSize : 17 <-- 0.020234 s
currentSize : 18 <-- 0.022233 s
currentSize : 19 <-- 0.219629 s
currentSize : 20 <-- 169.411194 s
currentSize : 21 <-- 732.256042 s
currentSize : 22 <-- 747.680847 s
currentSize : 24 <-- 877.196838 s

maxsize : 24
nodes : 190770087.000000
filtered : 5225543790.000000
time : 932.273804
