Parameters: GAD=1 vflib=1 dir=0 label=0 lowerbound=1 fileNameGp=../graphsdb/mcs70/bvg/b06/mcs70_b06_s35.A40 fileNameGt=../graphsdb/mcs70/bvg/b06/mcs70_b06_s35.B40
Reading graphs...
35 :  103
35 :  105
Initializing...
maxdom : 35
D->valSize : 1225
Solving...
Blb : 2 (clique : 18)
currentSize : 18 <-- 0.019636 s
currentSize : 20 <-- 0.019802 s
currentSize : 21 <-- 0.019891 s
currentSize : 22 <-- 0.024850 s
currentSize : 23 <-- 0.025440 s
currentSize : 24 <-- 0.025461 s
currentSize : 25 <-- 10.286510 s
currentSize : 26 <-- 31.026325 s

maxsize : 26
nodes : 7092435.000000
filtered : 337556776.000000
time : 48.544537
