Parameters: GAD=1 vflib=1 dir=0 label=0 lowerbound=1 fileNameGp=../graphsdb/mcs70/bvg/b09m/mcs70_b09m_s25.A09 fileNameGt=../graphsdb/mcs70/bvg/b09m/mcs70_b09m_s25.B09
Reading graphs...
25 :  100
25 :  101
Initializing...
maxdom : 25
D->valSize : 625
Solving...
Blb : 3 (clique : 10)
currentSize : 10 <-- 0.008081 s
currentSize : 11 <-- 0.008244 s
currentSize : 12 <-- 0.009574 s
currentSize : 13 <-- 0.017516 s
currentSize : 14 <-- 0.129031 s
currentSize : 15 <-- 2.618682 s
currentSize : 16 <-- 2.618759 s

maxsize : 16
nodes : 1066170.000000
filtered : 19565738.000000
time : 3.914094
