Parameters: GAD=1 vflib=1 dir=0 label=0 lowerbound=1 fileNameGp=../graphsdb/mcs70/m2D/m2Dr4/mcs70_m2Dr4_s35.A29 fileNameGt=../graphsdb/mcs70/m2D/m2Dr4/mcs70_m2Dr4_s35.B29
Reading graphs...
35 :  72
35 :  72
Initializing...
maxdom : 35
D->valSize : 1225
Solving...
Blb : 2 (clique : 18)
currentSize : 18 <-- 0.020551 s
currentSize : 19 <-- 0.026178 s
currentSize : 20 <-- 0.204234 s
currentSize : 21 <-- 0.227573 s
currentSize : 22 <-- 0.264260 s
currentSize : 23 <-- 7.870088 s
currentSize : 24 <-- 70.943062 s
currentSize : 25 <-- 137.678528 s
currentSize : 26 <-- 137.678589 s

maxsize : 26
nodes : 77890495.000000
filtered : 4099057285.000000
time : 557.538147
