Parameters: GAD=1 vflib=1 dir=0 label=0 lowerbound=1 fileNameGp=../graphsdb/mcs70/m2D/m2D/mcs70_m2D_s35.A28 fileNameGt=../graphsdb/mcs70/m2D/m2D/mcs70_m2D_s35.B28
Reading graphs...
35 :  58
35 :  58
Initializing...
maxdom : 35
D->valSize : 1225
Solving...
Blb : 2 (clique : 19)
currentSize : 19 <-- 0.036581 s
currentSize : 21 <-- 0.036875 s
currentSize : 22 <-- 0.037022 s
currentSize : 23 <-- 0.038007 s
currentSize : 24 <-- 0.041298 s
currentSize : 25 <-- 0.081809 s
currentSize : 27 <-- 5.066495 s

maxsize : 27
nodes : 58740142.000000
filtered : 2739575345.000000
time : 427.667786
