Parameters: GAD=1 vflib=1 dir=0 label=0 lowerbound=1 fileNameGp=../graphsdb/mcs70/m4D/m4D/mcs70_m4D_s25.A19 fileNameGt=../graphsdb/mcs70/m4D/m4D/mcs70_m4D_s25.B19
Reading graphs...
25 :  47
25 :  47
Initializing...
maxdom : 25
D->valSize : 625
Solving...
Blb : 2 (clique : 13)
currentSize : 13 <-- 0.005495 s
currentSize : 17 <-- 0.005589 s
currentSize : 18 <-- 0.005602 s
currentSize : 19 <-- 0.005678 s
currentSize : 20 <-- 0.286048 s

maxsize : 20
nodes : 105781.000000
filtered : 3889522.000000
time : 0.523105
