Parameters: GAD=1 vflib=1 dir=0 label=0 lowerbound=1 fileNameGp=../graphsdb/mcs70/m3D/m3Dr2/mcs70_m3Dr2_s35.A83 fileNameGt=../graphsdb/mcs70/m3D/m3Dr2/mcs70_m3Dr2_s35.B83
Reading graphs...
35 :  77
35 :  77
Initializing...
maxdom : 35
D->valSize : 1225
Solving...
Blb : 2 (clique : 21)
currentSize : 21 <-- 0.020973 s
currentSize : 22 <-- 0.384103 s
currentSize : 23 <-- 1.542083 s
currentSize : 24 <-- 2.786903 s
currentSize : 25 <-- 4.363407 s
currentSize : 26 <-- 62.340054 s
currentSize : 28 <-- 63.317116 s

maxsize : 28
nodes : 11617665.000000
filtered : 419226810.000000
time : 68.918755
