Parameters: GAD=1 vflib=1 dir=0 label=0 lowerbound=1 fileNameGp=../graphsdb/mcs70/m4D/m4D/mcs70_m4D_s25.A13 fileNameGt=../graphsdb/mcs70/m4D/m4D/mcs70_m4D_s25.B13
Reading graphs...
25 :  47
25 :  46
Initializing...
maxdom : 25
D->valSize : 625
Solving...
Blb : 2 (clique : 13)
currentSize : 13 <-- 0.005359 s
currentSize : 14 <-- 0.005454 s
currentSize : 15 <-- 0.005629 s
currentSize : 16 <-- 0.034794 s
currentSize : 17 <-- 0.046693 s
currentSize : 18 <-- 0.131713 s
currentSize : 19 <-- 0.264192 s

maxsize : 19
nodes : 234213.000000
filtered : 7298256.000000
time : 1.106550
