Parameters: GAD=1 vflib=1 dir=0 label=0 lowerbound=1 fileNameGp=../graphsdb/mcs70/bvg/b09m/mcs70_b09m_s25.A30 fileNameGt=../graphsdb/mcs70/bvg/b09m/mcs70_b09m_s25.B30
Reading graphs...
25 :  97
25 :  102
Initializing...
maxdom : 25
D->valSize : 625
Solving...
Blb : 3 (clique : 11)
currentSize : 11 <-- 0.007999 s
currentSize : 12 <-- 0.008743 s
currentSize : 13 <-- 0.128234 s
currentSize : 14 <-- 0.890722 s
currentSize : 15 <-- 2.973120 s
currentSize : 16 <-- 4.735949 s

maxsize : 16
nodes : 1386839.000000
filtered : 27146913.000000
time : 5.465704
