Parameters: GAD=1 vflib=1 dir=0 label=0 lowerbound=1 fileNameGp=../graphsdb/mcs70/bvg/b06m/mcs70_b06m_s35.A64 fileNameGt=../graphsdb/mcs70/bvg/b06m/mcs70_b06m_s35.B64
Reading graphs...
35 :  104
35 :  103
Initializing...
maxdom : 35
D->valSize : 1225
Solving...
Blb : 2 (clique : 16)
currentSize : 16 <-- 0.025139 s
currentSize : 17 <-- 0.025568 s
currentSize : 18 <-- 0.030693 s
currentSize : 19 <-- 0.032171 s
currentSize : 20 <-- 0.049808 s
currentSize : 21 <-- 105.072304 s
currentSize : 22 <-- 234.082535 s
currentSize : 23 <-- 270.275146 s
currentSize : 24 <-- 575.093628 s

maxsize : 24
nodes : 101772397.000000
filtered : 3924495085.000000
time : 599.393555
