Parameters: GAD=1 vflib=1 dir=0 label=0 lowerbound=1 fileNameGp=../graphsdb/mcs70/rand/r02/mcs70_r02_s20.A37 fileNameGt=../graphsdb/mcs70/rand/r02/mcs70_r02_s20.B37
Reading graphs...
20 :  71
20 :  71
Initializing...
maxdom : 20
D->valSize : 400
Solving...
Blb : 3 (clique : 8)
currentSize : 8 <-- 0.002265 s
currentSize : 9 <-- 0.002420 s
currentSize : 10 <-- 0.003769 s
currentSize : 11 <-- 0.013287 s
currentSize : 13 <-- 0.293900 s
currentSize : 14 <-- 0.360260 s

maxsize : 14
nodes : 144520.000000
filtered : 1848718.000000
time : 0.469655
