Parameters: GAD=1 vflib=1 dir=0 label=0 lowerbound=1 fileNameGp=../graphsdb/mcs70/m3D/m3Dr6/mcs70_m3Dr6_s35.A98 fileNameGt=../graphsdb/mcs70/m3D/m3Dr6/mcs70_m3Dr6_s35.B98
Reading graphs...
35 :  90
35 :  90
Initializing...
maxdom : 35
D->valSize : 1225
Solving...
Blb : 2 (clique : 17)
currentSize : 17 <-- 0.020267 s
currentSize : 18 <-- 0.020418 s
currentSize : 19 <-- 0.024209 s
currentSize : 20 <-- 0.057665 s
currentSize : 21 <-- 0.190929 s
currentSize : 22 <-- 8.460365 s
currentSize : 23 <-- 8.460526 s
currentSize : 24 <-- 10.271393 s
currentSize : 25 <-- 11.223523 s
currentSize : 26 <-- 11.223629 s
currentSize : 27 <-- 11.223644 s

maxsize : 27
nodes : 3846111.000000
filtered : 156257152.000000
time : 23.728357
