Parameters: GAD=1 vflib=1 dir=0 label=0 lowerbound=1 fileNameGp=../graphsdb/mcs70/m3D/m3Dr6/mcs70_m3Dr6_s35.A44 fileNameGt=../graphsdb/mcs70/m3D/m3Dr6/mcs70_m3Dr6_s35.B44
Reading graphs...
35 :  89
35 :  86
Initializing...
maxdom : 35
D->valSize : 1225
Solving...
Blb : 2 (clique : 17)
currentSize : 17 <-- 0.019915 s
currentSize : 18 <-- 0.020316 s
currentSize : 19 <-- 0.020512 s
currentSize : 20 <-- 0.023314 s
currentSize : 21 <-- 2.602894 s
currentSize : 22 <-- 97.854286 s
currentSize : 24 <-- 1066.313721 s
currentSize : 27 <-- 1152.074951 s

maxsize : 27
nodes : 210487819.000000
filtered : 7273941299.000000
time : 1160.104736
