Parameters: GAD=1 vflib=1 dir=0 label=0 lowerbound=1 fileNameGp=../graphsdb/mcs70/rand/r02/mcs70_r02_s25.A97 fileNameGt=../graphsdb/mcs70/rand/r02/mcs70_r02_s25.B97
Reading graphs...
25 :  106
25 :  104
Initializing...
maxdom : 25
D->valSize : 625
Solving...
Blb : 3 (clique : 10)
currentSize : 10 <-- 0.004801 s
currentSize : 11 <-- 0.005334 s
currentSize : 12 <-- 0.012382 s
currentSize : 13 <-- 0.161972 s
currentSize : 14 <-- 6.443554 s
currentSize : 17 <-- 6.444498 s

maxsize : 17
nodes : 2171624.000000
filtered : 27860295.000000
time : 7.110491
