Parameters: GAD=1 vflib=1 dir=0 label=0 lowerbound=1 fileNameGp=../graphsdb/mcs70/rand/r02/mcs70_r02_s35.A63 fileNameGt=../graphsdb/mcs70/rand/r02/mcs70_r02_s35.B63
Reading graphs...
35 :  209
35 :  211
Initializing...
maxdom : 35
D->valSize : 1225
Solving...
Blb : 2 (clique : 11)
currentSize : 11 <-- 0.018493 s
currentSize : 12 <-- 0.018854 s
currentSize : 13 <-- 0.086048 s
currentSize : 14 <-- 0.143581 s
currentSize : 15 <-- 1.202577 s
currentSize : 16 <-- 109.931953 s
currentSize : 17 <-- 109.943176 s
currentSize : 19 <-- 191.764435 s
currentSize : 20 <-- 224.457214 s
currentSize : 24 <-- 224.457306 s

maxsize : 24
nodes : 59410272.000000
filtered : 1003271765.000000
time : 244.640579
