Parameters: GAD=1 vflib=1 dir=0 label=0 lowerbound=1 fileNameGp=../graphsdb/mcs70/m4D/m4Dr6/mcs70_m4Dr6_s25.A26 fileNameGt=../graphsdb/mcs70/m4D/m4Dr6/mcs70_m4Dr6_s25.B26
Reading graphs...
25 :  60
25 :  57
Initializing...
maxdom : 25
D->valSize : 625
Solving...
Blb : 2 (clique : 13)
currentSize : 13 <-- 0.009030 s
currentSize : 14 <-- 0.009164 s
currentSize : 15 <-- 0.009328 s
currentSize : 16 <-- 0.011618 s
currentSize : 17 <-- 0.747574 s

maxsize : 17
nodes : 688984.000000
filtered : 20421667.000000
time : 3.046324
