Parameters: GAD=1 vflib=1 dir=0 label=0 lowerbound=1 fileNameGp=../graphsdb/mcs70/bvg/b09m/mcs70_b09m_s30.A62 fileNameGt=../graphsdb/mcs70/bvg/b09m/mcs70_b09m_s30.B62
Reading graphs...
30 :  129
30 :  127
Initializing...
maxdom : 30
D->valSize : 900
Solving...
Blb : 2 (clique : 12)
currentSize : 12 <-- 0.016756 s
currentSize : 13 <-- 0.017136 s
currentSize : 14 <-- 0.017538 s
currentSize : 15 <-- 0.041915 s
currentSize : 16 <-- 6.006014 s
currentSize : 20 <-- 9.300620 s

maxsize : 20
nodes : 3481054.000000
filtered : 80048209.000000
time : 14.853370
