Parameters: GAD=1 vflib=1 dir=0 label=0 lowerbound=1 fileNameGp=../graphsdb/mcs70/rand/r02/mcs70_r02_s35.A53 fileNameGt=../graphsdb/mcs70/rand/r02/mcs70_r02_s35.B53
Reading graphs...
35 :  213
35 :  212
Initializing...
maxdom : 35
D->valSize : 1225
Solving...
Blb : 2 (clique : 11)
currentSize : 11 <-- 0.017446 s
currentSize : 12 <-- 0.018358 s
currentSize : 13 <-- 0.018598 s
currentSize : 14 <-- 0.770941 s
currentSize : 15 <-- 38.327190 s
currentSize : 16 <-- 73.689278 s
currentSize : 17 <-- 73.876282 s
currentSize : 19 <-- 73.906990 s
currentSize : 24 <-- 73.907043 s

maxsize : 24
nodes : 23993589.000000
filtered : 335832760.000000
time : 90.208786
