Parameters: GAD=1 vflib=1 dir=0 label=0 lowerbound=1 fileNameGp=../graphsdb/mcs70/bvg/b09m/mcs70_b09m_s20.A62 fileNameGt=../graphsdb/mcs70/bvg/b09m/mcs70_b09m_s20.B62
Reading graphs...
20 :  84
20 :  83
Initializing...
maxdom : 20
D->valSize : 400
Solving...
Blb : 3 (clique : 9)
currentSize : 9 <-- 0.002150 s
currentSize : 10 <-- 0.002447 s
currentSize : 11 <-- 0.002466 s
currentSize : 12 <-- 0.420672 s
currentSize : 14 <-- 0.420706 s

maxsize : 14
nodes : 150455.000000
filtered : 2040793.000000
time : 0.479824
