Parameters: GAD=1 vflib=1 dir=0 label=0 lowerbound=1 fileNameGp=../graphsdb/mcs70/rand/r01/mcs70_r01_s20.A54 fileNameGt=../graphsdb/mcs70/rand/r01/mcs70_r01_s20.B54
Reading graphs...
20 :  37
20 :  36
Initializing...
maxdom : 20
D->valSize : 400
Solving...
Blb : 2 (clique : 11)
currentSize : 11 <-- 0.002471 s
currentSize : 12 <-- 0.002865 s
currentSize : 13 <-- 0.003666 s
currentSize : 14 <-- 0.010958 s
currentSize : 15 <-- 0.026193 s
currentSize : 16 <-- 0.032023 s

maxsize : 16
nodes : 14108.000000
filtered : 292475.000000
time : 0.051885
