Parameters: GAD=1 vflib=1 dir=0 label=0 lowerbound=1 fileNameGp=../graphsdb/mcs70/bvg/b03m/mcs70_b03m_s25.A40 fileNameGt=../graphsdb/mcs70/bvg/b03m/mcs70_b03m_s25.B40
Reading graphs...
25 :  37
25 :  37
Initializing...
maxdom : 25
D->valSize : 625
Solving...
Blb : 2 (clique : 15)
currentSize : 15 <-- 0.009472 s
currentSize : 16 <-- 0.010291 s
currentSize : 17 <-- 0.011558 s
currentSize : 18 <-- 0.103294 s
currentSize : 19 <-- 0.499918 s
currentSize : 20 <-- 1.423540 s

maxsize : 20
nodes : 332157.000000
filtered : 9899115.000000
time : 1.586110
