Parameters: GAD=1 vflib=1 dir=0 label=0 lowerbound=1 fileNameGp=../graphsdb/mcs70/rand/r005/mcs70_r005_s25.A28 fileNameGt=../graphsdb/mcs70/rand/r005/mcs70_r005_s25.B28
Reading graphs...
25 :  33
25 :  33
Initializing...
maxdom : 25
D->valSize : 625
Solving...
Blb : 2 (clique : 16)
currentSize : 16 <-- 0.005613 s
currentSize : 17 <-- 0.006230 s
currentSize : 18 <-- 0.006510 s
currentSize : 19 <-- 0.017030 s
currentSize : 20 <-- 0.597059 s

maxsize : 20
nodes : 455550.000000
filtered : 15157782.000000
time : 2.529934
