Parameters: GAD=1 vflib=1 dir=0 label=0 lowerbound=1 fileNameGp=../graphsdb/mcs70/rand/r02/mcs70_r02_s30.A96 fileNameGt=../graphsdb/mcs70/rand/r02/mcs70_r02_s30.B96
Reading graphs...
30 :  159
30 :  157
Initializing...
maxdom : 30
D->valSize : 900
Solving...
Blb : 2 (clique : 10)
currentSize : 10 <-- 0.016387 s
currentSize : 11 <-- 0.016544 s
currentSize : 12 <-- 0.017326 s
currentSize : 13 <-- 0.020776 s
currentSize : 14 <-- 3.413938 s
currentSize : 15 <-- 15.275861 s
currentSize : 17 <-- 18.585279 s
currentSize : 21 <-- 18.587463 s

maxsize : 21
nodes : 5879655.000000
filtered : 86566045.000000
time : 21.200891
