Parameters: GAD=1 vflib=1 dir=0 label=0 lowerbound=1 fileNameGp=../graphsdb/mcs70/bvg/b06m/mcs70_b06m_s25.A06 fileNameGt=../graphsdb/mcs70/bvg/b06m/mcs70_b06m_s25.B06
Reading graphs...
25 :  70
25 :  69
Initializing...
maxdom : 25
D->valSize : 625
Solving...
Blb : 2 (clique : 12)
currentSize : 12 <-- 0.005195 s
currentSize : 13 <-- 0.005733 s
currentSize : 14 <-- 0.006557 s
currentSize : 15 <-- 0.407966 s
currentSize : 16 <-- 2.663930 s
currentSize : 17 <-- 2.664480 s

maxsize : 17
nodes : 1047144.000000
filtered : 24403423.000000
time : 4.265141
