Parameters: GAD=1 vflib=1 dir=0 label=0 lowerbound=1 fileNameGp=../graphsdb/mcs70/m2D/m2D/mcs70_m2D_s35.A57 fileNameGt=../graphsdb/mcs70/m2D/m2D/mcs70_m2D_s35.B57
Reading graphs...
35 :  58
35 :  58
Initializing...
maxdom : 35
D->valSize : 1225
Solving...
Blb : 2 (clique : 21)
currentSize : 21 <-- 0.026404 s
currentSize : 22 <-- 0.029391 s
currentSize : 23 <-- 0.142174 s
currentSize : 24 <-- 92.247383 s
currentSize : 25 <-- 97.230324 s
currentSize : 26 <-- 116.196419 s
currentSize : 27 <-- 600.335815 s
currentSize : 28 <-- 944.483398 s

maxsize : 28
nodes : 124581214.000000
filtered : 6246508734.000000
time : 944.855652
