Parameters: GAD=1 vflib=1 dir=0 label=0 lowerbound=1 fileNameGp=../graphsdb/mcs70/bvg/b09m/mcs70_b09m_s25.A99 fileNameGt=../graphsdb/mcs70/bvg/b09m/mcs70_b09m_s25.B99
Reading graphs...
25 :  107
25 :  107
Initializing...
maxdom : 25
D->valSize : 625
Solving...
Blb : 2 (clique : 10)
currentSize : 10 <-- 0.004731 s
currentSize : 11 <-- 0.010740 s
currentSize : 12 <-- 0.044880 s
currentSize : 13 <-- 0.220945 s
currentSize : 16 <-- 1.973287 s

maxsize : 16
nodes : 1012562.000000
filtered : 15901145.000000
time : 3.609426
