Parameters: GAD=1 vflib=1 dir=0 label=0 lowerbound=1 fileNameGp=../graphsdb/mcs70/rand/r02/mcs70_r02_s35.A75 fileNameGt=../graphsdb/mcs70/rand/r02/mcs70_r02_s35.B75
Reading graphs...
35 :  210
35 :  219
Initializing...
maxdom : 35
D->valSize : 1225
Solving...
Blb : 2 (clique : 11)
currentSize : 11 <-- 0.017798 s
currentSize : 12 <-- 0.018076 s
currentSize : 13 <-- 0.023872 s
currentSize : 14 <-- 0.117631 s
currentSize : 15 <-- 2.676933 s
currentSize : 16 <-- 266.435242 s
currentSize : 17 <-- 269.283569 s
currentSize : 18 <-- 269.346893 s
currentSize : 24 <-- 269.416321 s

maxsize : 24
nodes : 76281778.000000
filtered : 1047163710.000000
time : 286.649231
