Parameters: GAD=1 vflib=1 dir=0 label=0 lowerbound=1 fileNameGp=../graphsdb/mcs70/rand/r005/mcs70_r005_s25.A77 fileNameGt=../graphsdb/mcs70/rand/r005/mcs70_r005_s25.B77
Reading graphs...
25 :  33
25 :  32
Initializing...
maxdom : 25
D->valSize : 625
Solving...
Blb : 2 (clique : 16)
currentSize : 16 <-- 0.009628 s
currentSize : 17 <-- 0.009777 s
currentSize : 18 <-- 0.010000 s
currentSize : 19 <-- 0.014159 s
currentSize : 20 <-- 0.658620 s

maxsize : 20
nodes : 228945.000000
filtered : 6090407.000000
time : 1.141618
