Parameters: GAD=1 vflib=1 dir=0 label=0 lowerbound=1 fileNameGp=../graphsdb/mcs70/bvg/b09/mcs70_b09_s25.A07 fileNameGt=../graphsdb/mcs70/bvg/b09/mcs70_b09_s25.B07
Reading graphs...
25 :  110
25 :  110
Initializing...
maxdom : 25
D->valSize : 625
Solving...
Blb : 2 (clique : 12)
currentSize : 12 <-- 0.004714 s
currentSize : 13 <-- 0.021093 s
currentSize : 14 <-- 0.296818 s
currentSize : 15 <-- 2.219629 s
currentSize : 16 <-- 2.669283 s
currentSize : 17 <-- 2.763728 s

maxsize : 17
nodes : 888827.000000
filtered : 15245340.000000
time : 3.260686
