Parameters: GAD=1 vflib=1 dir=0 label=0 lowerbound=1 fileNameGp=../graphsdb/mcs70/bvg/b09/mcs70_b09_s30.A39 fileNameGt=../graphsdb/mcs70/bvg/b09/mcs70_b09_s30.B39
Reading graphs...
30 :  133
30 :  134
Initializing...
maxdom : 30
D->valSize : 900
Solving...
Blb : 2 (clique : 13)
currentSize : 13 <-- 0.009724 s
currentSize : 14 <-- 0.010900 s
currentSize : 15 <-- 0.068790 s
currentSize : 16 <-- 0.146865 s
currentSize : 17 <-- 0.249014 s
currentSize : 18 <-- 0.261486 s
currentSize : 19 <-- 0.261497 s
currentSize : 20 <-- 0.402800 s
currentSize : 21 <-- 0.864613 s

maxsize : 21
nodes : 770455.000000
filtered : 31427112.000000
time : 4.413033
