Parameters: GAD=1 vflib=1 dir=0 label=0 lowerbound=1 fileNameGp=../graphsdb/mcs70/bvg/b06/mcs70_b06_s35.A08 fileNameGt=../graphsdb/mcs70/bvg/b06/mcs70_b06_s35.B08
Reading graphs...
35 :  104
35 :  105
Initializing...
maxdom : 35
D->valSize : 1225
Solving...
Blb : 2 (clique : 17)
currentSize : 17 <-- 0.020174 s
currentSize : 19 <-- 0.025973 s
currentSize : 20 <-- 0.275470 s
currentSize : 21 <-- 2.881590 s
currentSize : 22 <-- 5.487077 s
currentSize : 23 <-- 6.245576 s
currentSize : 24 <-- 6.248564 s
currentSize : 25 <-- 6.343626 s
currentSize : 26 <-- 8.384131 s

maxsize : 26
nodes : 5310351.000000
filtered : 252027833.000000
time : 37.381397
