Parameters: GAD=1 vflib=1 dir=0 label=0 lowerbound=1 fileNameGp=../graphsdb/mcs70/bvg/b09/mcs70_b09_s30.A72 fileNameGt=../graphsdb/mcs70/bvg/b09/mcs70_b09_s30.B72
Reading graphs...
30 :  134
30 :  134
Initializing...
maxdom : 30
D->valSize : 900
Solving...
Blb : 2 (clique : 12)
currentSize : 12 <-- 0.009639 s
currentSize : 13 <-- 0.010542 s
currentSize : 14 <-- 0.012377 s
currentSize : 17 <-- 0.052729 s
currentSize : 19 <-- 0.052788 s
currentSize : 20 <-- 0.052815 s
currentSize : 21 <-- 0.215051 s

maxsize : 21
nodes : 626225.000000
filtered : 23567566.000000
time : 3.520746
