Parameters: GAD=1 vflib=1 dir=0 label=0 lowerbound=1 fileNameGp=../graphsdb/mcs70/m2D/m2D/mcs70_m2D_s35.A02 fileNameGt=../graphsdb/mcs70/m2D/m2D/mcs70_m2D_s35.B02
Reading graphs...
35 :  58
35 :  58
Initializing...
maxdom : 35
D->valSize : 1225
Solving...
Blb : 2 (clique : 22)
currentSize : 22 <-- 0.036928 s
currentSize : 23 <-- 0.038087 s
currentSize : 24 <-- 0.079692 s
currentSize : 25 <-- 3.194298 s
currentSize : 26 <-- 38.148552 s
currentSize : 27 <-- 168.071854 s

maxsize : 27
nodes : 47323908.000000
filtered : 2382998952.000000
time : 355.422272
