Parameters: GAD=1 vflib=1 dir=0 label=0 lowerbound=1 fileNameGp=../graphsdb/mcs70/m2D/m2Dr4/mcs70_m2Dr4_s25.A61 fileNameGt=../graphsdb/mcs70/m2D/m2Dr4/mcs70_m2Dr4_s25.B61
Reading graphs...
25 :  48
25 :  48
Initializing...
maxdom : 25
D->valSize : 625
Solving...
Blb : 2 (clique : 14)
currentSize : 14 <-- 0.009294 s
currentSize : 15 <-- 0.013558 s
currentSize : 16 <-- 0.013835 s
currentSize : 17 <-- 0.456331 s
currentSize : 18 <-- 2.021941 s

maxsize : 18
nodes : 1288550.000000
filtered : 35872149.000000
time : 5.631018
