Parameters: GAD=1 vflib=1 dir=0 label=0 lowerbound=1 fileNameGp=../graphsdb/mcs70/bvg/b03m/mcs70_b03m_s35.A16 fileNameGt=../graphsdb/mcs70/bvg/b03m/mcs70_b03m_s35.B16
Reading graphs...
35 :  52
35 :  52
Initializing...
maxdom : 35
D->valSize : 1225
Solving...
Blb : 2 (clique : 21)
currentSize : 21 <-- 0.021486 s
currentSize : 22 <-- 0.021690 s
currentSize : 23 <-- 0.021858 s
currentSize : 24 <-- 0.022520 s
currentSize : 25 <-- 1.507627 s
currentSize : 26 <-- 1.889508 s
currentSize : 27 <-- 27.284456 s

maxsize : 27
nodes : 142257372.000000
filtered : 6781385718.000000
time : 1030.353271
