Parameters: GAD=1 vflib=1 dir=0 label=0 lowerbound=1 fileNameGp=../graphsdb/mcs70/m3D/m3Dr6/mcs70_m3Dr6_s35.A81 fileNameGt=../graphsdb/mcs70/m3D/m3Dr6/mcs70_m3Dr6_s35.B81
Reading graphs...
35 :  91
35 :  91
Initializing...
maxdom : 35
D->valSize : 1225
Solving...
Blb : 2 (clique : 17)
currentSize : 17 <-- 0.020129 s
currentSize : 18 <-- 0.020291 s
currentSize : 19 <-- 0.020359 s
currentSize : 20 <-- 0.046007 s
currentSize : 21 <-- 0.596658 s
currentSize : 22 <-- 12.838876 s
currentSize : 23 <-- 69.705200 s
currentSize : 24 <-- 69.730560 s
currentSize : 25 <-- 69.730583 s
currentSize : 27 <-- 69.733566 s

maxsize : 27
nodes : 14872591.000000
filtered : 481642761.000000
time : 83.095169
