Parameters: GAD=1 vflib=1 dir=0 label=0 lowerbound=1 fileNameGp=../graphsdb/mcs70/bvg/b06m/mcs70_b06m_s30.A51 fileNameGt=../graphsdb/mcs70/bvg/b06m/mcs70_b06m_s30.B51
Reading graphs...
30 :  88
30 :  87
Initializing...
maxdom : 30
D->valSize : 900
Solving...
Blb : 2 (clique : 15)
currentSize : 15 <-- 0.017923 s
currentSize : 16 <-- 0.052647 s
currentSize : 17 <-- 0.970985 s
currentSize : 18 <-- 6.181062 s
currentSize : 20 <-- 44.019596 s
currentSize : 21 <-- 44.019855 s

maxsize : 21
nodes : 11336429.000000
filtered : 364712725.000000
time : 56.138981
