Parameters: GAD=1 vflib=1 dir=0 label=0 lowerbound=1 fileNameGp=../graphsdb/mcs70/bvg/b09m/mcs70_b09m_s30.A86 fileNameGt=../graphsdb/mcs70/bvg/b09m/mcs70_b09m_s30.B86
Reading graphs...
30 :  133
30 :  132
Initializing...
maxdom : 30
D->valSize : 900
Solving...
Blb : 2 (clique : 11)
currentSize : 11 <-- 0.009592 s
currentSize : 12 <-- 0.009710 s
currentSize : 13 <-- 0.010638 s
currentSize : 14 <-- 0.013682 s
currentSize : 15 <-- 0.042923 s
currentSize : 16 <-- 0.910361 s
currentSize : 19 <-- 6.889287 s
currentSize : 20 <-- 20.337194 s

maxsize : 20
nodes : 4958974.000000
filtered : 131665527.000000
time : 22.893017
