Parameters: GAD=1 vflib=1 dir=0 label=0 lowerbound=1 fileNameGp=../graphsdb/mcs70/m3D/m3Dr6/mcs70_m3Dr6_s35.A48 fileNameGt=../graphsdb/mcs70/m3D/m3Dr6/mcs70_m3Dr6_s35.B48
Reading graphs...
35 :  91
35 :  92
Initializing...
maxdom : 35
D->valSize : 1225
Solving...
Blb : 2 (clique : 16)
currentSize : 16 <-- 0.019922 s
currentSize : 18 <-- 0.020134 s
currentSize : 19 <-- 0.020765 s
currentSize : 20 <-- 0.057971 s
currentSize : 21 <-- 0.808250 s
currentSize : 22 <-- 9.081058 s
currentSize : 23 <-- 85.245941 s
currentSize : 24 <-- 91.704224 s
currentSize : 26 <-- 114.573425 s
currentSize : 27 <-- 136.916916 s

maxsize : 27
nodes : 24718826.000000
filtered : 868615536.000000
time : 139.125443
