Parameters: GAD=1 vflib=1 dir=0 label=0 lowerbound=1 fileNameGp=../graphsdb/mcs70/m2D/m2Dr2/mcs70_m2Dr2_s35.A87 fileNameGt=../graphsdb/mcs70/m2D/m2Dr2/mcs70_m2Dr2_s35.B87
Reading graphs...
35 :  64
35 :  64
Initializing...
maxdom : 35
D->valSize : 1225
Solving...
Blb : 2 (clique : 21)
currentSize : 21 <-- 0.036564 s
currentSize : 22 <-- 0.037575 s
currentSize : 23 <-- 0.039396 s
currentSize : 24 <-- 2.340922 s
currentSize : 25 <-- 4.029328 s
currentSize : 26 <-- 120.313835 s

maxsize : 26
nodes : 58454995.000000
filtered : 2598481381.000000
time : 401.171112
