Parameters: GAD=1 vflib=1 dir=0 label=0 lowerbound=1 fileNameGp=../graphsdb/mcs70/bvg/b06m/mcs70_b06m_s25.A86 fileNameGt=../graphsdb/mcs70/bvg/b06m/mcs70_b06m_s25.B86
Reading graphs...
25 :  73
25 :  72
Initializing...
maxdom : 25
D->valSize : 625
Solving...
Blb : 2 (clique : 13)
currentSize : 13 <-- 0.008556 s
currentSize : 14 <-- 0.017232 s
currentSize : 15 <-- 0.109374 s
currentSize : 16 <-- 8.366662 s
currentSize : 17 <-- 8.366795 s
currentSize : 18 <-- 8.366943 s

maxsize : 18
nodes : 2258469.000000
filtered : 45437599.000000
time : 8.636773
