Parameters: GAD=1 vflib=1 dir=0 label=0 lowerbound=1 fileNameGp=../graphsdb/mcs70/m2D/m2Dr6/m2Dr6/mcs70_m2Dr6_s35.A92 fileNameGt=../graphsdb/mcs70/m2D/m2Dr6/m2Dr6/mcs70_m2Dr6_s35.B92
Reading graphs...
35 :  78
35 :  76
Initializing...
maxdom : 35
D->valSize : 1225
Solving...
Blb : 2 (clique : 16)
currentSize : 16 <-- 0.021130 s
currentSize : 18 <-- 0.021282 s
currentSize : 19 <-- 0.021359 s
currentSize : 20 <-- 0.022334 s
currentSize : 21 <-- 0.042816 s
currentSize : 22 <-- 4.805749 s
currentSize : 23 <-- 136.679794 s
currentSize : 25 <-- 1713.046997 s

maxsize : 25
nodes : 340240222.000000
filtered : 11191421710.000000
time : 1869.897949
