Parameters: GAD=1 vflib=1 dir=0 label=0 lowerbound=1 fileNameGp=../graphsdb/mcs70/m4D/m4Dr2/mcs70_m4Dr2_s25.A99 fileNameGt=../graphsdb/mcs70/m4D/m4Dr2/mcs70_m4Dr2_s25.B99
Reading graphs...
25 :  51
25 :  52
Initializing...
maxdom : 25
D->valSize : 625
Solving...
Blb : 2 (clique : 14)
currentSize : 14 <-- 0.005290 s
currentSize : 15 <-- 0.005381 s
currentSize : 16 <-- 0.005444 s
currentSize : 17 <-- 0.019387 s
currentSize : 18 <-- 0.150374 s

maxsize : 18
nodes : 451956.000000
filtered : 14603746.000000
time : 2.094371
