Parameters: GAD=1 vflib=1 dir=0 label=0 lowerbound=1 fileNameGp=../graphsdb/mcs70/m3D/m3D/mcs70_m3D_s35.A07 fileNameGt=../graphsdb/mcs70/m3D/m3D/mcs70_m3D_s35.B07
Reading graphs...
35 :  71
35 :  72
Initializing...
maxdom : 35
D->valSize : 1225
Solving...
Blb : 2 (clique : 18)
currentSize : 18 <-- 0.020958 s
currentSize : 21 <-- 0.021128 s
currentSize : 22 <-- 0.021731 s
currentSize : 23 <-- 0.022609 s
currentSize : 24 <-- 0.022625 s
currentSize : 27 <-- 2.908249 s

maxsize : 27
nodes : 10094213.000000
filtered : 431863279.000000
time : 67.375542
