Parameters: GAD=1 vflib=1 dir=0 label=0 lowerbound=1 fileNameGp=../graphsdb/mcs70/m3D/m3Dr6/mcs70_m3Dr6_s35.A54 fileNameGt=../graphsdb/mcs70/m3D/m3Dr6/mcs70_m3Dr6_s35.B54
Reading graphs...
35 :  92
35 :  90
Initializing...
maxdom : 35
D->valSize : 1225
Solving...
Blb : 2 (clique : 16)
currentSize : 16 <-- 0.020097 s
currentSize : 17 <-- 0.020250 s
currentSize : 18 <-- 0.020435 s
currentSize : 19 <-- 0.020896 s
currentSize : 20 <-- 0.043164 s
currentSize : 21 <-- 0.043330 s
currentSize : 22 <-- 15.242243 s
currentSize : 24 <-- 947.250000 s
currentSize : 27 <-- 947.250000 s

maxsize : 27
nodes : 179081286.000000
filtered : 5863117443.000000
time : 957.590454
