Parameters: GAD=1 vflib=1 dir=0 label=0 lowerbound=1 fileNameGp=../graphsdb/mcs70/bvg/b09/mcs70_b09_s30.A59 fileNameGt=../graphsdb/mcs70/bvg/b09/mcs70_b09_s30.B59
Reading graphs...
30 :  134
30 :  134
Initializing...
maxdom : 30
D->valSize : 900
Solving...
Blb : 3 (clique : 12)
currentSize : 12 <-- 0.009616 s
currentSize : 13 <-- 0.009715 s
currentSize : 14 <-- 0.009738 s
currentSize : 15 <-- 0.009798 s
currentSize : 16 <-- 0.020505 s
currentSize : 17 <-- 0.020523 s
currentSize : 19 <-- 0.020547 s
currentSize : 20 <-- 0.020586 s
currentSize : 21 <-- 0.357219 s

maxsize : 21
nodes : 679046.000000
filtered : 24857447.000000
time : 3.677674
