Parameters: GAD=1 vflib=1 dir=0 label=0 lowerbound=1 fileNameGp=../graphsdb/mcs70/bvg/b09/mcs70_b09_s30.A16 fileNameGt=../graphsdb/mcs70/bvg/b09/mcs70_b09_s30.B16
Reading graphs...
30 :  134
30 :  135
Initializing...
maxdom : 30
D->valSize : 900
Solving...
Blb : 2 (clique : 11)
currentSize : 11 <-- 0.016900 s
currentSize : 12 <-- 0.017114 s
currentSize : 13 <-- 0.020356 s
currentSize : 14 <-- 0.033386 s
currentSize : 16 <-- 0.223442 s
currentSize : 17 <-- 0.223526 s
currentSize : 18 <-- 0.312773 s
currentSize : 20 <-- 0.353941 s
currentSize : 21 <-- 0.594313 s

maxsize : 21
nodes : 903236.000000
filtered : 30079092.000000
time : 4.709098
