Parameters: GAD=1 vflib=1 dir=0 label=0 lowerbound=1 fileNameGp=../graphsdb/mcs70/bvg/b03/mcs70_b03_s30.A31 fileNameGt=../graphsdb/mcs70/bvg/b03/mcs70_b03_s30.B31
Reading graphs...
30 :  45
30 :  44
Initializing...
maxdom : 30
D->valSize : 900
Solving...
Blb : 2 (clique : 18)
currentSize : 18 <-- 0.011517 s
currentSize : 20 <-- 0.011666 s
currentSize : 21 <-- 0.022610 s
currentSize : 22 <-- 0.040417 s
currentSize : 23 <-- 0.239109 s
currentSize : 24 <-- 1.163166 s
currentSize : 25 <-- 1.778423 s
currentSize : 26 <-- 1.778453 s

maxsize : 26
nodes : 355930.000000
filtered : 12113782.000000
time : 1.933100
