Parameters: GAD=1 vflib=1 dir=0 label=0 lowerbound=1 fileNameGp=../graphsdb/mcs70/bvg/b09/mcs70_b09_s25.A53 fileNameGt=../graphsdb/mcs70/bvg/b09/mcs70_b09_s25.B53
Reading graphs...
25 :  110
25 :  109
Initializing...
maxdom : 25
D->valSize : 625
Solving...
Blb : 5 (clique : 10)
currentSize : 10 <-- 0.007934 s
currentSize : 11 <-- 0.008112 s
currentSize : 12 <-- 0.008220 s
currentSize : 13 <-- 0.064130 s
currentSize : 14 <-- 0.172103 s
currentSize : 15 <-- 0.182242 s
currentSize : 16 <-- 0.454230 s
currentSize : 17 <-- 0.995160 s

maxsize : 17
nodes : 362936.000000
filtered : 9070212.000000
time : 1.531454
