Parameters: GAD=1 vflib=1 dir=0 label=0 lowerbound=1 fileNameGp=../graphsdb/mcs70/bvg/b03m/mcs70_b03m_s30.A32 fileNameGt=../graphsdb/mcs70/bvg/b03m/mcs70_b03m_s30.B32
Reading graphs...
30 :  45
30 :  44
Initializing...
maxdom : 30
D->valSize : 900
Solving...
Blb : 2 (clique : 19)
currentSize : 19 <-- 0.011435 s
currentSize : 20 <-- 0.017908 s
currentSize : 21 <-- 0.034718 s
currentSize : 22 <-- 0.079456 s
currentSize : 23 <-- 0.821266 s

maxsize : 23
nodes : 4633861.000000
filtered : 195788542.000000
time : 28.101948
