Parameters: GAD=1 vflib=1 dir=0 label=0 lowerbound=1 fileNameGp=../graphsdb/mcs70/bvg/b09m/mcs70_b09m_s25.A35 fileNameGt=../graphsdb/mcs70/bvg/b09m/mcs70_b09m_s25.B35
Reading graphs...
25 :  102
25 :  102
Initializing...
maxdom : 25
D->valSize : 625
Solving...
Blb : 2 (clique : 10)
currentSize : 10 <-- 0.004733 s
currentSize : 11 <-- 0.004810 s
currentSize : 12 <-- 0.005693 s
currentSize : 13 <-- 0.014688 s
currentSize : 14 <-- 0.033497 s
currentSize : 15 <-- 2.046111 s
currentSize : 16 <-- 2.046136 s

maxsize : 16
nodes : 872463.000000
filtered : 17580180.000000
time : 3.330548
