Parameters: GAD=1 vflib=1 dir=0 label=0 lowerbound=1 fileNameGp=../graphsdb/mcs70/bvg/b09m/mcs70_b09m_s35.A19 fileNameGt=../graphsdb/mcs70/bvg/b09m/mcs70_b09m_s35.B19
Reading graphs...
35 :  151
35 :  154
Initializing...
maxdom : 35
D->valSize : 1225
Solving...
Blb : 5 (clique : 13)
currentSize : 13 <-- 0.032012 s
currentSize : 14 <-- 0.032218 s
currentSize : 15 <-- 0.036771 s
currentSize : 16 <-- 0.456755 s
currentSize : 17 <-- 4.274723 s
currentSize : 18 <-- 331.462402 s
currentSize : 22 <-- 332.125214 s
currentSize : 24 <-- 332.125336 s

maxsize : 24
nodes : 83789267.000000
filtered : 1525229476.000000
time : 349.115295
