Parameters: GAD=1 vflib=1 dir=0 label=0 lowerbound=1 fileNameGp=../graphsdb/mcs70/m2D/m2Dr6/m2Dr6/mcs70_m2Dr6_s35.A62 fileNameGt=../graphsdb/mcs70/m2D/m2Dr6/m2Dr6/mcs70_m2Dr6_s35.B62
Reading graphs...
35 :  76
35 :  76
Initializing...
maxdom : 35
D->valSize : 1225
Solving...
Blb : 2 (clique : 18)
currentSize : 18 <-- 0.024914 s
currentSize : 20 <-- 0.027006 s
currentSize : 21 <-- 0.039388 s
currentSize : 22 <-- 0.258939 s
currentSize : 23 <-- 1.151954 s
currentSize : 24 <-- 33.029747 s
currentSize : 25 <-- 149.116379 s
currentSize : 26 <-- 149.116531 s

maxsize : 26
nodes : 29566005.000000
filtered : 1217433795.000000
time : 191.955780
