Parameters: GAD=1 vflib=1 dir=0 label=0 lowerbound=1 fileNameGp=../graphsdb/mcs70/bvg/b06/mcs70_b06_s35.A27 fileNameGt=../graphsdb/mcs70/bvg/b06/mcs70_b06_s35.B27
Reading graphs...
35 :  105
35 :  105
Initializing...
maxdom : 35
D->valSize : 1225
Solving...
Blb : 2 (clique : 18)
currentSize : 18 <-- 0.019795 s
currentSize : 21 <-- 0.023215 s
currentSize : 22 <-- 0.025012 s
currentSize : 24 <-- 1.520518 s
currentSize : 25 <-- 2.607336 s
currentSize : 26 <-- 2.607571 s

maxsize : 26
nodes : 3246864.000000
filtered : 167113141.000000
time : 24.366074
