Parameters: GAD=1 vflib=1 dir=0 label=0 lowerbound=1 fileNameGp=../graphsdb/mcs70/bvg/b09m/mcs70_b09m_s35.A22 fileNameGt=../graphsdb/mcs70/bvg/b09m/mcs70_b09m_s35.B22
Reading graphs...
35 :  153
35 :  154
Initializing...
maxdom : 35
D->valSize : 1225
Solving...
Blb : 3 (clique : 13)
currentSize : 13 <-- 0.018753 s
currentSize : 14 <-- 0.019970 s
currentSize : 15 <-- 0.049995 s
currentSize : 16 <-- 0.086238 s
currentSize : 17 <-- 0.669851 s
currentSize : 18 <-- 342.334442 s
currentSize : 22 <-- 358.461914 s
currentSize : 23 <-- 358.463470 s
currentSize : 24 <-- 358.463501 s

maxsize : 24
nodes : 92733566.000000
filtered : 1575886662.000000
time : 379.745819
