Parameters: GAD=1 vflib=1 dir=0 label=0 lowerbound=1 fileNameGp=../graphsdb/mcs70/rand/r005/mcs70_r005_s30.A59 fileNameGt=../graphsdb/mcs70/rand/r005/mcs70_r005_s30.B59
Reading graphs...
30 :  41
30 :  41
Initializing...
maxdom : 30
D->valSize : 900
Solving...
Blb : 2 (clique : 20)
currentSize : 20 <-- 0.011794 s
currentSize : 21 <-- 0.012929 s
currentSize : 22 <-- 0.013510 s
currentSize : 23 <-- 1.295473 s
currentSize : 24 <-- 19.474771 s

maxsize : 24
nodes : 4913344.000000
filtered : 170516851.000000
time : 28.678425
