Parameters: GAD=1 vflib=1 dir=0 label=0 lowerbound=1 fileNameGp=../graphsdb/mcs70/m3D/m3Dr4/mcs70_m3Dr4_s35.A65 fileNameGt=../graphsdb/mcs70/m3D/m3Dr4/mcs70_m3Dr4_s35.B65
Reading graphs...
35 :  83
35 :  80
Initializing...
maxdom : 35
D->valSize : 1225
Solving...
Blb : 2 (clique : 19)
currentSize : 19 <-- 0.020224 s
currentSize : 20 <-- 0.023279 s
currentSize : 21 <-- 0.027787 s
currentSize : 22 <-- 0.215847 s
currentSize : 23 <-- 137.054901 s
currentSize : 24 <-- 327.602966 s
currentSize : 26 <-- 369.689789 s
currentSize : 27 <-- 434.783386 s

maxsize : 27
nodes : 79069763.000000
filtered : 2859827073.000000
time : 445.237000
