Parameters: GAD=1 vflib=1 dir=0 label=0 lowerbound=1 fileNameGp=../graphsdb/mcs70/bvg/b06/mcs70_b06_s35.A78 fileNameGt=../graphsdb/mcs70/bvg/b06/mcs70_b06_s35.B78
Reading graphs...
35 :  104
35 :  105
Initializing...
maxdom : 35
D->valSize : 1225
Solving...
Blb : 2 (clique : 15)
currentSize : 15 <-- 0.019467 s
currentSize : 16 <-- 0.019608 s
currentSize : 17 <-- 0.019624 s
currentSize : 18 <-- 0.031571 s
currentSize : 19 <-- 0.065437 s
currentSize : 20 <-- 0.115421 s
currentSize : 21 <-- 0.783992 s
currentSize : 23 <-- 2.058805 s
currentSize : 24 <-- 143.338684 s
currentSize : 25 <-- 212.320923 s
currentSize : 26 <-- 224.430374 s

maxsize : 26
nodes : 36418117.000000
filtered : 1580652598.000000
time : 236.681549
