Parameters: GAD=1 vflib=1 dir=0 label=0 lowerbound=1 fileNameGp=../graphsdb/mcs70/rand/r01/mcs70_r01_s25.A73 fileNameGt=../graphsdb/mcs70/rand/r01/mcs70_r01_s25.B73
Reading graphs...
25 :  58
25 :  57
Initializing...
maxdom : 25
D->valSize : 625
Solving...
Blb : 2 (clique : 13)
currentSize : 13 <-- 0.009046 s
currentSize : 14 <-- 0.009205 s
currentSize : 15 <-- 0.015743 s
currentSize : 16 <-- 0.021987 s
currentSize : 17 <-- 7.519107 s

maxsize : 17
nodes : 2425002.000000
filtered : 57484496.000000
time : 9.906414
