Parameters: GAD=1 vflib=1 dir=0 label=0 lowerbound=1 fileNameGp=../graphsdb/mcs70/rand/r02/mcs70_r02_s25.A26 fileNameGt=../graphsdb/mcs70/rand/r02/mcs70_r02_s25.B26
Reading graphs...
25 :  113
25 :  109
Initializing...
maxdom : 25
D->valSize : 625
Solving...
Blb : 2 (clique : 10)
currentSize : 10 <-- 0.007860 s
currentSize : 11 <-- 0.007963 s
currentSize : 12 <-- 0.016951 s
currentSize : 13 <-- 0.405204 s
currentSize : 17 <-- 4.567159 s

maxsize : 17
nodes : 1571948.000000
filtered : 22529205.000000
time : 5.340251
