Parameters: GAD=1 vflib=1 dir=0 label=0 lowerbound=1 fileNameGp=../graphsdb/mcs70/m4D/m4Dr6/mcs70_m4Dr6_s25.A88 fileNameGt=../graphsdb/mcs70/m4D/m4Dr6/mcs70_m4Dr6_s25.B88
Reading graphs...
25 :  61
25 :  59
Initializing...
maxdom : 25
D->valSize : 625
Solving...
Blb : 2 (clique : 13)
currentSize : 13 <-- 0.005406 s
currentSize : 14 <-- 0.005541 s
currentSize : 15 <-- 0.018019 s
currentSize : 16 <-- 0.047599 s
currentSize : 17 <-- 2.708899 s
currentSize : 18 <-- 6.078292 s

maxsize : 18
nodes : 1438158.000000
filtered : 39255464.000000
time : 6.447978
