Parameters: GAD=1 vflib=1 dir=0 label=0 lowerbound=1 fileNameGp=../graphsdb/mcs70/rand/r02/mcs70_r02_s35.A27 fileNameGt=../graphsdb/mcs70/rand/r02/mcs70_r02_s35.B27
Reading graphs...
35 :  219
35 :  215
Initializing...
maxdom : 35
D->valSize : 1225
Solving...
Blb : 5 (clique : 11)
currentSize : 11 <-- 0.017279 s
currentSize : 12 <-- 0.019581 s
currentSize : 13 <-- 0.084364 s
currentSize : 14 <-- 1.327203 s
currentSize : 15 <-- 54.210564 s
currentSize : 16 <-- 54.210655 s
currentSize : 17 <-- 380.864105 s
currentSize : 18 <-- 383.187714 s
currentSize : 24 <-- 383.959015 s

maxsize : 24
nodes : 100315310.000000
filtered : 1549706276.000000
time : 395.505920
