Parameters: GAD=1 vflib=1 dir=0 label=0 lowerbound=1 fileNameGp=../graphsdb/mcs70/bvg/b09/mcs70_b09_s25.A04 fileNameGt=../graphsdb/mcs70/bvg/b09/mcs70_b09_s25.B04
Reading graphs...
25 :  110
25 :  108
Initializing...
maxdom : 25
D->valSize : 625
Solving...
Blb : 2 (clique : 10)
currentSize : 10 <-- 0.007991 s
currentSize : 11 <-- 0.008105 s
currentSize : 12 <-- 0.008235 s
currentSize : 13 <-- 0.009285 s
currentSize : 14 <-- 0.012001 s
currentSize : 15 <-- 0.017978 s
currentSize : 16 <-- 0.045090 s
currentSize : 17 <-- 0.045274 s
currentSize : 18 <-- 0.059096 s

maxsize : 18
nodes : 136050.000000
filtered : 3856228.000000
time : 0.648540
