Parameters: GAD=1 vflib=1 dir=0 label=0 lowerbound=1 fileNameGp=../graphsdb/mcs70/bvg/b03m/mcs70_b03m_s25.A58 fileNameGt=../graphsdb/mcs70/bvg/b03m/mcs70_b03m_s25.B58
Reading graphs...
25 :  36
25 :  36
Initializing...
maxdom : 25
D->valSize : 625
Solving...
Blb : 2 (clique : 15)
currentSize : 15 <-- 0.005586 s
currentSize : 16 <-- 0.005682 s
currentSize : 17 <-- 0.005792 s
currentSize : 18 <-- 0.019584 s
currentSize : 19 <-- 0.019615 s
currentSize : 20 <-- 2.329884 s

maxsize : 20
nodes : 547774.000000
filtered : 17760639.000000
time : 2.706594
