Parameters: GAD=1 vflib=1 dir=0 label=0 lowerbound=1 fileNameGp=../graphsdb/mcs70/m4D/m4D/mcs70_m4D_s25.A07 fileNameGt=../graphsdb/mcs70/m4D/m4D/mcs70_m4D_s25.B07
Reading graphs...
25 :  46
25 :  46
Initializing...
maxdom : 25
D->valSize : 625
Solving...
Blb : 2 (clique : 14)
currentSize : 14 <-- 0.005413 s
currentSize : 15 <-- 0.005527 s
currentSize : 16 <-- 0.005652 s
currentSize : 17 <-- 0.005851 s
currentSize : 18 <-- 0.020950 s
currentSize : 19 <-- 0.348679 s

maxsize : 19
nodes : 227272.000000
filtered : 7284642.000000
time : 1.054667
