Parameters: GAD=1 vflib=1 dir=0 label=0 lowerbound=1 fileNameGp=../graphsdb/mcs70/rand/r02/mcs70_r02_s35.A30 fileNameGt=../graphsdb/mcs70/rand/r02/mcs70_r02_s35.B30
Reading graphs...
35 :  211
35 :  211
Initializing...
maxdom : 35
D->valSize : 1225
Solving...
Blb : 2 (clique : 12)
currentSize : 12 <-- 0.017452 s
currentSize : 13 <-- 0.018917 s
currentSize : 14 <-- 0.044888 s
currentSize : 15 <-- 1.626988 s
currentSize : 16 <-- 471.615143 s
currentSize : 19 <-- 966.099792 s
currentSize : 21 <-- 969.114258 s
currentSize : 24 <-- 1045.200684 s

maxsize : 24
nodes : 286544213.000000
filtered : 3552418082.000000
time : 1055.962402
