Parameters: GAD=1 vflib=1 dir=0 label=0 lowerbound=1 fileNameGp=../graphsdb/mcs70/m2D/m2Dr4/mcs70_m2Dr4_s35.A35 fileNameGt=../graphsdb/mcs70/m2D/m2Dr4/mcs70_m2Dr4_s35.B35
Reading graphs...
35 :  71
35 :  70
Initializing...
maxdom : 35
D->valSize : 1225
Solving...
Blb : 2 (clique : 20)
currentSize : 20 <-- 0.020505 s
currentSize : 21 <-- 0.028447 s
currentSize : 22 <-- 0.031192 s
currentSize : 23 <-- 0.278418 s
currentSize : 24 <-- 182.534775 s
currentSize : 25 <-- 419.491547 s
currentSize : 26 <-- 419.491699 s
currentSize : 27 <-- 419.571320 s

maxsize : 27
nodes : 80437209.000000
filtered : 2835605292.000000
time : 469.092834
