Parameters: GAD=1 vflib=1 dir=0 label=0 lowerbound=1 fileNameGp=../graphsdb/mcs70/bvg/b06/mcs70_b06_s30.A29 fileNameGt=../graphsdb/mcs70/bvg/b06/mcs70_b06_s30.B29
Reading graphs...
30 :  89
30 :  88
Initializing...
maxdom : 30
D->valSize : 900
Solving...
Blb : 3 (clique : 16)
currentSize : 16 <-- 0.010279 s
currentSize : 18 <-- 0.012115 s
currentSize : 19 <-- 0.012133 s
currentSize : 20 <-- 0.012198 s
currentSize : 21 <-- 0.063434 s
currentSize : 22 <-- 0.063479 s
currentSize : 23 <-- 0.357206 s

maxsize : 23
nodes : 344249.000000
filtered : 13123476.000000
time : 1.973946
