Parameters: GAD=1 vflib=1 dir=0 label=0 lowerbound=1 fileNameGp=../graphsdb/mcs70/m2D/m2D/mcs70_m2D_s35.A08 fileNameGt=../graphsdb/mcs70/m2D/m2D/mcs70_m2D_s35.B08
Reading graphs...
35 :  57
35 :  58
Initializing...
maxdom : 35
D->valSize : 1225
Solving...
Blb : 2 (clique : 21)
currentSize : 21 <-- 0.021279 s
currentSize : 22 <-- 0.021489 s
currentSize : 23 <-- 0.021893 s
currentSize : 24 <-- 0.022846 s
currentSize : 25 <-- 0.494485 s
currentSize : 27 <-- 7.760582 s
currentSize : 28 <-- 190.428345 s

maxsize : 28
nodes : 30511546.000000
filtered : 1334562533.000000
time : 217.052887
