Parameters: GAD=1 vflib=1 dir=0 label=0 lowerbound=1 fileNameGp=../graphsdb/mcs70/m3D/m3Dr6/mcs70_m3Dr6_s35.A04 fileNameGt=../graphsdb/mcs70/m3D/m3Dr6/mcs70_m3Dr6_s35.B04
Reading graphs...
35 :  91
35 :  89
Initializing...
maxdom : 35
D->valSize : 1225
Solving...
Blb : 2 (clique : 16)
currentSize : 16 <-- 0.034942 s
currentSize : 18 <-- 0.035167 s
currentSize : 19 <-- 0.036403 s
currentSize : 20 <-- 0.046990 s
currentSize : 21 <-- 0.588157 s
currentSize : 22 <-- 55.043613 s
currentSize : 24 <-- 686.997620 s
currentSize : 27 <-- 816.815308 s

maxsize : 27
nodes : 153053824.000000
filtered : 4813477404.000000
time : 824.558411
