Parameters: GAD=1 vflib=1 dir=0 label=0 lowerbound=1 fileNameGp=../graphsdb/mcs70/m4D/m4Dr2/mcs70_m4Dr2_s25.A79 fileNameGt=../graphsdb/mcs70/m4D/m4Dr2/mcs70_m4Dr2_s25.B79
Reading graphs...
25 :  51
25 :  50
Initializing...
maxdom : 25
D->valSize : 625
Solving...
Blb : 2 (clique : 13)
currentSize : 13 <-- 0.009047 s
currentSize : 14 <-- 0.009177 s
currentSize : 15 <-- 0.009914 s
currentSize : 16 <-- 0.014484 s
currentSize : 17 <-- 0.162143 s
currentSize : 18 <-- 0.701446 s

maxsize : 18
nodes : 518791.000000
filtered : 15161458.000000
time : 2.311475
