Parameters: GAD=1 vflib=1 dir=0 label=0 lowerbound=1 fileNameGp=../graphsdb/mcs70/bvg/b06m/mcs70_b06m_s25.A49 fileNameGt=../graphsdb/mcs70/bvg/b06m/mcs70_b06m_s25.B49
Reading graphs...
25 :  74
25 :  73
Initializing...
maxdom : 25
D->valSize : 625
Solving...
Blb : 2 (clique : 11)
currentSize : 11 <-- 0.004958 s
currentSize : 12 <-- 0.005076 s
currentSize : 13 <-- 0.005473 s
currentSize : 14 <-- 0.022499 s
currentSize : 15 <-- 0.170428 s
currentSize : 17 <-- 2.299429 s

maxsize : 17
nodes : 971427.000000
filtered : 25106225.000000
time : 4.177556
