Parameters: GAD=1 vflib=1 dir=0 label=0 lowerbound=1 fileNameGp=../graphsdb/mcs70/bvg/b09/mcs70_b09_s25.A34 fileNameGt=../graphsdb/mcs70/bvg/b09/mcs70_b09_s25.B34
Reading graphs...
25 :  109
25 :  112
Initializing...
maxdom : 25
D->valSize : 625
Solving...
Blb : 3 (clique : 11)
currentSize : 11 <-- 0.004905 s
currentSize : 12 <-- 0.005972 s
currentSize : 13 <-- 0.027212 s
currentSize : 14 <-- 0.028419 s
currentSize : 15 <-- 0.029387 s
currentSize : 16 <-- 0.031336 s
currentSize : 17 <-- 0.168055 s

maxsize : 17
nodes : 232814.000000
filtered : 6234910.000000
time : 1.066910
