Parameters: GAD=1 vflib=1 dir=0 label=0 lowerbound=1 fileNameGp=../graphsdb/mcs70/bvg/b09/mcs70_b09_s30.A88 fileNameGt=../graphsdb/mcs70/bvg/b09/mcs70_b09_s30.B88
Reading graphs...
30 :  133
30 :  131
Initializing...
maxdom : 30
D->valSize : 900
Solving...
Blb : 2 (clique : 12)
currentSize : 12 <-- 0.016826 s
currentSize : 13 <-- 0.017562 s
currentSize : 14 <-- 0.017946 s
currentSize : 15 <-- 0.223706 s
currentSize : 16 <-- 0.238937 s
currentSize : 17 <-- 0.241862 s
currentSize : 18 <-- 0.360119 s
currentSize : 19 <-- 0.380940 s
currentSize : 20 <-- 7.203834 s

maxsize : 20
nodes : 2381028.000000
filtered : 81542135.000000
time : 12.416982
