Parameters: GAD=1 vflib=1 dir=0 label=0 lowerbound=1 fileNameGp=../graphsdb/mcs70/bvg/b06/mcs70_b06_s35.A57 fileNameGt=../graphsdb/mcs70/bvg/b06/mcs70_b06_s35.B57
Reading graphs...
35 :  104
35 :  104
Initializing...
maxdom : 35
D->valSize : 1225
Solving...
Blb : 3 (clique : 20)
currentSize : 20 <-- 0.020243 s
currentSize : 21 <-- 0.064883 s
currentSize : 22 <-- 0.246189 s
currentSize : 23 <-- 0.246811 s
currentSize : 24 <-- 0.780420 s
currentSize : 25 <-- 2.105063 s
currentSize : 26 <-- 9.381777 s
currentSize : 27 <-- 11.044354 s

maxsize : 27
nodes : 2005131.000000
filtered : 108278097.000000
time : 14.323416
