Parameters: GAD=1 vflib=1 dir=0 label=0 lowerbound=1 fileNameGp=../graphsdb/mcs70/bvg/b09m/mcs70_b09m_s30.A32 fileNameGt=../graphsdb/mcs70/bvg/b09m/mcs70_b09m_s30.B32
Reading graphs...
30 :  130
30 :  129
Initializing...
maxdom : 30
D->valSize : 900
Solving...
Blb : 2 (clique : 13)
currentSize : 13 <-- 0.009614 s
currentSize : 14 <-- 0.026910 s
currentSize : 15 <-- 0.033135 s
currentSize : 16 <-- 6.525465 s
currentSize : 17 <-- 36.476303 s
currentSize : 18 <-- 36.764317 s
currentSize : 19 <-- 36.764374 s
currentSize : 20 <-- 36.764400 s

maxsize : 20
nodes : 10670582.000000
filtered : 198218468.000000
time : 42.408646
