Parameters: GAD=1 vflib=1 dir=0 label=0 lowerbound=1 fileNameGp=../graphsdb/mcs70/m3D/m3D/mcs70_m3D_s35.A57 fileNameGt=../graphsdb/mcs70/m3D/m3D/mcs70_m3D_s35.B57
Reading graphs...
35 :  72
35 :  72
Initializing...
maxdom : 35
D->valSize : 1225
Solving...
Blb : 2 (clique : 20)
currentSize : 20 <-- 0.020532 s
currentSize : 21 <-- 0.024496 s
currentSize : 22 <-- 0.050887 s
currentSize : 23 <-- 0.955778 s
currentSize : 24 <-- 2.004262 s
currentSize : 25 <-- 6.297447 s
currentSize : 26 <-- 45.581081 s
currentSize : 28 <-- 67.182220 s
currentSize : 29 <-- 73.295959 s

maxsize : 29
nodes : 12952515.000000
filtered : 455204230.000000
time : 75.708717
