Parameters: GAD=1 vflib=1 dir=0 label=0 lowerbound=1 fileNameGp=../graphsdb/mcs70/m3D/m3Dr4/mcs70_m3Dr4_s35.A82 fileNameGt=../graphsdb/mcs70/m3D/m3Dr4/mcs70_m3Dr4_s35.B82
Reading graphs...
35 :  85
35 :  84
Initializing...
maxdom : 35
D->valSize : 1225
Solving...
Blb : 2 (clique : 18)
currentSize : 18 <-- 0.020658 s
currentSize : 19 <-- 0.022072 s
currentSize : 20 <-- 0.053474 s
currentSize : 21 <-- 0.493115 s
currentSize : 22 <-- 64.837524 s
currentSize : 26 <-- 527.670715 s
currentSize : 27 <-- 527.670776 s

maxsize : 27
nodes : 103849859.000000
filtered : 3101765346.000000
time : 541.816162
