Parameters: GAD=1 vflib=1 dir=0 label=0 lowerbound=1 fileNameGp=../graphsdb/mcs70/bvg/b09/mcs70_b09_s35.A65 fileNameGt=../graphsdb/mcs70/bvg/b09/mcs70_b09_s35.B65
Reading graphs...
35 :  153
35 :  156
Initializing...
maxdom : 35
D->valSize : 1225
Solving...
Blb : 2 (clique : 12)
currentSize : 12 <-- 0.023232 s
currentSize : 13 <-- 0.023361 s
currentSize : 14 <-- 0.023395 s
currentSize : 15 <-- 0.023559 s
currentSize : 16 <-- 0.027999 s
currentSize : 17 <-- 0.252654 s
currentSize : 18 <-- 0.386362 s
currentSize : 19 <-- 0.387246 s
currentSize : 21 <-- 0.760397 s
currentSize : 23 <-- 1.359697 s
currentSize : 24 <-- 1.359936 s
currentSize : 25 <-- 10.482744 s

maxsize : 25
nodes : 3275594.000000
filtered : 135090627.000000
time : 20.144943
