Parameters: GAD=1 vflib=1 dir=0 label=0 lowerbound=1 fileNameGp=../graphsdb/mcs70/m3D/m3Dr6/mcs70_m3Dr6_s35.A95 fileNameGt=../graphsdb/mcs70/m3D/m3Dr6/mcs70_m3Dr6_s35.B95
Reading graphs...
35 :  92
35 :  90
Initializing...
maxdom : 35
D->valSize : 1225
Solving...
Blb : 2 (clique : 17)
currentSize : 17 <-- 0.019916 s
currentSize : 18 <-- 0.020294 s
currentSize : 19 <-- 0.021025 s
currentSize : 20 <-- 0.024579 s
currentSize : 21 <-- 0.610859 s
currentSize : 22 <-- 69.990791 s
currentSize : 23 <-- 146.463760 s
currentSize : 26 <-- 397.725220 s
currentSize : 27 <-- 397.725250 s

maxsize : 27
nodes : 69129545.000000
filtered : 2666006501.000000
time : 405.122986
