Parameters: GAD=1 vflib=1 dir=0 label=0 lowerbound=1 fileNameGp=../graphsdb/mcs70/bvg/b06m/mcs70_b06m_s25.A08 fileNameGt=../graphsdb/mcs70/bvg/b06m/mcs70_b06m_s25.B08
Reading graphs...
25 :  74
25 :  74
Initializing...
maxdom : 25
D->valSize : 625
Solving...
Blb : 3 (clique : 11)
currentSize : 11 <-- 0.005020 s
currentSize : 12 <-- 0.005164 s
currentSize : 13 <-- 0.005703 s
currentSize : 14 <-- 0.074427 s
currentSize : 15 <-- 1.025759 s
currentSize : 16 <-- 1.593125 s
currentSize : 17 <-- 1.616510 s

maxsize : 17
nodes : 746866.000000
filtered : 17043415.000000
time : 3.132809
