Parameters: GAD=1 vflib=1 dir=0 label=0 lowerbound=1 fileNameGp=../graphsdb/mcs70/rand/r005/mcs70_r005_s25.A78 fileNameGt=../graphsdb/mcs70/rand/r005/mcs70_r005_s25.B78
Reading graphs...
25 :  33
25 :  33
Initializing...
maxdom : 25
D->valSize : 625
Solving...
Blb : 2 (clique : 16)
currentSize : 16 <-- 0.005689 s
currentSize : 17 <-- 0.005813 s
currentSize : 18 <-- 0.017174 s
currentSize : 19 <-- 0.055486 s
currentSize : 20 <-- 0.069252 s

maxsize : 20
nodes : 691610.000000
filtered : 22667978.000000
time : 3.661316
