Parameters: GAD=1 vflib=1 dir=0 label=0 lowerbound=1 fileNameGp=../graphsdb/mcs70/bvg/b06m/mcs70_b06m_s25.A97 fileNameGt=../graphsdb/mcs70/bvg/b06m/mcs70_b06m_s25.B97
Reading graphs...
25 :  73
25 :  73
Initializing...
maxdom : 25
D->valSize : 625
Solving...
Blb : 2 (clique : 11)
currentSize : 11 <-- 0.008535 s
currentSize : 12 <-- 0.008650 s
currentSize : 13 <-- 0.008787 s
currentSize : 14 <-- 0.008818 s
currentSize : 15 <-- 0.410103 s
currentSize : 17 <-- 1.380030 s

maxsize : 17
nodes : 681938.000000
filtered : 12923304.000000
time : 2.552514
