Parameters: GAD=1 vflib=1 dir=0 label=0 lowerbound=1 fileNameGp=../graphsdb/mcs70/bvg/b09/mcs70_b09_s35.A93 fileNameGt=../graphsdb/mcs70/bvg/b09/mcs70_b09_s35.B93
Reading graphs...
35 :  155
35 :  154
Initializing...
maxdom : 35
D->valSize : 1225
Solving...
Blb : 2 (clique : 12)
currentSize : 12 <-- 0.032009 s
currentSize : 13 <-- 0.033267 s
currentSize : 14 <-- 0.033569 s
currentSize : 15 <-- 0.042576 s
currentSize : 16 <-- 0.050728 s
currentSize : 17 <-- 0.180574 s
currentSize : 18 <-- 1.852927 s
currentSize : 19 <-- 1.871304 s
currentSize : 20 <-- 1.874084 s
currentSize : 22 <-- 2.069320 s
currentSize : 23 <-- 7.256498 s
currentSize : 24 <-- 27.207952 s
currentSize : 25 <-- 27.847395 s

maxsize : 25
nodes : 5691148.000000
filtered : 252894340.000000
time : 36.240761
