Parameters: GAD=1 vflib=1 dir=0 label=0 lowerbound=1 fileNameGp=../graphsdb/mcs70/rand/r02/mcs70_r02_s20.A21 fileNameGt=../graphsdb/mcs70/rand/r02/mcs70_r02_s20.B21
Reading graphs...
20 :  71
20 :  69
Initializing...
maxdom : 20
D->valSize : 400
Solving...
Blb : 2 (clique : 9)
currentSize : 9 <-- 0.003466 s
currentSize : 10 <-- 0.004020 s
currentSize : 11 <-- 0.058061 s
currentSize : 12 <-- 0.266943 s
currentSize : 13 <-- 0.444838 s
currentSize : 14 <-- 0.445784 s

maxsize : 14
nodes : 166816.000000
filtered : 1858403.000000
time : 0.485910
