Parameters: GAD=1 vflib=1 dir=0 label=0 lowerbound=1 fileNameGp=../graphsdb/mcs70/bvg/b09m/mcs70_b09m_s30.A20 fileNameGt=../graphsdb/mcs70/bvg/b09m/mcs70_b09m_s30.B20
Reading graphs...
30 :  126
30 :  125
Initializing...
maxdom : 30
D->valSize : 900
Solving...
Blb : 2 (clique : 12)
currentSize : 12 <-- 0.017026 s
currentSize : 13 <-- 0.017184 s
currentSize : 14 <-- 0.017241 s
currentSize : 15 <-- 0.060651 s
currentSize : 16 <-- 1.945372 s
currentSize : 17 <-- 38.409870 s
currentSize : 18 <-- 38.409939 s
currentSize : 20 <-- 51.428375 s

maxsize : 20
nodes : 12837728.000000
filtered : 304759968.000000
time : 54.899010
