Parameters: GAD=1 vflib=1 dir=0 label=0 lowerbound=1 fileNameGp=../graphsdb/mcs70/m2D/m2Dr4/mcs70_m2Dr4_s25.A75 fileNameGt=../graphsdb/mcs70/m2D/m2Dr4/mcs70_m2Dr4_s25.B75
Reading graphs...
25 :  49
25 :  47
Initializing...
maxdom : 25
D->valSize : 625
Solving...
Blb : 5 (clique : 14)
currentSize : 14 <-- 0.009133 s
currentSize : 15 <-- 0.009364 s
currentSize : 16 <-- 0.010631 s
currentSize : 17 <-- 0.019903 s
currentSize : 18 <-- 10.207728 s

maxsize : 18
nodes : 2602825.000000
filtered : 64442101.000000
time : 10.817848
