Parameters: GAD=1 vflib=1 dir=0 label=0 lowerbound=1 fileNameGp=../graphsdb/mcs70/rand/r02/mcs70_r02_s25.A40 fileNameGt=../graphsdb/mcs70/rand/r02/mcs70_r02_s25.B40
Reading graphs...
25 :  104
25 :  102
Initializing...
maxdom : 25
D->valSize : 625
Solving...
Blb : 2 (clique : 10)
currentSize : 10 <-- 0.004748 s
currentSize : 11 <-- 0.005377 s
currentSize : 12 <-- 0.008402 s
currentSize : 13 <-- 0.365055 s
currentSize : 14 <-- 1.353431 s
currentSize : 15 <-- 2.707571 s
currentSize : 17 <-- 2.707610 s

maxsize : 17
nodes : 952798.000000
filtered : 16059262.000000
time : 3.399497
