Parameters: GAD=1 vflib=1 dir=0 label=0 lowerbound=1 fileNameGp=../graphsdb/mcs70/m3D/m3Dr2/mcs70_m3Dr2_s35.A13 fileNameGt=../graphsdb/mcs70/m3D/m3Dr2/mcs70_m3Dr2_s35.B13
Reading graphs...
35 :  79
35 :  78
Initializing...
maxdom : 35
D->valSize : 1225
Solving...
Blb : 2 (clique : 17)
currentSize : 17 <-- 0.020379 s
currentSize : 18 <-- 0.020543 s
currentSize : 20 <-- 0.020595 s
currentSize : 21 <-- 0.062654 s
currentSize : 22 <-- 0.103594 s
currentSize : 23 <-- 1.079322 s
currentSize : 24 <-- 1.258570 s
currentSize : 25 <-- 1.258590 s
currentSize : 26 <-- 8.089657 s
currentSize : 27 <-- 46.675465 s

maxsize : 27
nodes : 8720833.000000
filtered : 423323560.000000
time : 61.662601
