Parameters: GAD=1 vflib=1 dir=0 label=0 lowerbound=1 fileNameGp=../graphsdb/mcs70/bvg/b06m/mcs70_b06m_s35.A27 fileNameGt=../graphsdb/mcs70/bvg/b06m/mcs70_b06m_s35.B27
Reading graphs...
35 :  102
35 :  103
Initializing...
maxdom : 35
D->valSize : 1225
Solving...
Blb : 2 (clique : 17)
currentSize : 17 <-- 0.020077 s
currentSize : 18 <-- 0.020274 s
currentSize : 19 <-- 0.024490 s
currentSize : 20 <-- 0.028410 s
currentSize : 21 <-- 10.796107 s
currentSize : 23 <-- 196.478790 s
currentSize : 24 <-- 669.819214 s

maxsize : 24
nodes : 110469357.000000
filtered : 5038685887.000000
time : 715.578308
