Parameters: GAD=1 vflib=1 dir=0 label=0 lowerbound=1 fileNameGp=../graphsdb/mcs70/bvg/b09/mcs70_b09_s30.A87 fileNameGt=../graphsdb/mcs70/bvg/b09/mcs70_b09_s30.B87
Reading graphs...
30 :  135
30 :  131
Initializing...
maxdom : 30
D->valSize : 900
Solving...
Blb : 2 (clique : 11)
currentSize : 11 <-- 0.009659 s
currentSize : 12 <-- 0.010037 s
currentSize : 13 <-- 0.012632 s
currentSize : 14 <-- 0.018665 s
currentSize : 16 <-- 0.148646 s
currentSize : 19 <-- 0.166054 s
currentSize : 20 <-- 0.166099 s
currentSize : 21 <-- 0.459148 s

maxsize : 21
nodes : 798781.000000
filtered : 27171798.000000
time : 4.094387
