Parameters: GAD=1 vflib=1 dir=0 label=0 lowerbound=1 fileNameGp=../graphsdb/mcs70/rand/r02/mcs70_r02_s25.A93 fileNameGt=../graphsdb/mcs70/rand/r02/mcs70_r02_s25.B93
Reading graphs...
25 :  105
25 :  108
Initializing...
maxdom : 25
D->valSize : 625
Solving...
Blb : 2 (clique : 11)
currentSize : 11 <-- 0.004797 s
currentSize : 12 <-- 0.005161 s
currentSize : 13 <-- 0.028414 s
currentSize : 14 <-- 0.028467 s
currentSize : 15 <-- 0.060076 s
currentSize : 17 <-- 0.060114 s

maxsize : 17
nodes : 216024.000000
filtered : 6654041.000000
time : 1.024573
