Parameters: GAD=1 vflib=1 dir=0 label=0 lowerbound=1 fileNameGp=../graphsdb/mcs70/bvg/b03m/mcs70_b03m_s35.A69 fileNameGt=../graphsdb/mcs70/bvg/b03m/mcs70_b03m_s35.B69
Reading graphs...
35 :  51
35 :  51
Initializing...
maxdom : 35
D->valSize : 1225
Solving...
Blb : 2 (clique : 22)
currentSize : 22 <-- 0.027118 s
currentSize : 23 <-- 0.027394 s
currentSize : 24 <-- 0.027861 s
currentSize : 25 <-- 0.029645 s
currentSize : 26 <-- 0.474910 s
currentSize : 27 <-- 179.304901 s
currentSize : 28 <-- 492.108063 s

maxsize : 28
nodes : 72091977.000000
filtered : 3464054899.000000
time : 525.558167
