Parameters: GAD=1 vflib=1 dir=0 label=0 lowerbound=1 fileNameGp=../graphsdb/mcs70/rand/r01/mcs70_r01_s35.A39 fileNameGt=../graphsdb/mcs70/rand/r01/mcs70_r01_s35.B39
Reading graphs...
35 :  114
35 :  114
Initializing...
maxdom : 35
D->valSize : 1225
Solving...
Blb : 2 (clique : 14)
currentSize : 14 <-- 0.019426 s
currentSize : 16 <-- 0.019572 s
currentSize : 17 <-- 0.019596 s
currentSize : 18 <-- 0.019639 s
currentSize : 19 <-- 1.296967 s
currentSize : 20 <-- 1.640284 s
currentSize : 21 <-- 2.056488 s
currentSize : 24 <-- 190.739929 s

maxsize : 24
nodes : 40374293.000000
filtered : 1603280813.000000
time : 246.389099
