Parameters: GAD=1 vflib=1 dir=0 label=0 lowerbound=1 fileNameGp=../graphsdb/mcs70/m2D/m2D/mcs70_m2D_s35.A55 fileNameGt=../graphsdb/mcs70/m2D/m2D/mcs70_m2D_s35.B55
Reading graphs...
35 :  57
35 :  58
Initializing...
maxdom : 35
D->valSize : 1225
Solving...
Blb : 2 (clique : 21)
currentSize : 21 <-- 0.036391 s
currentSize : 22 <-- 0.036799 s
currentSize : 23 <-- 0.065086 s
currentSize : 24 <-- 0.078415 s
currentSize : 25 <-- 0.120924 s
currentSize : 26 <-- 24.248144 s
currentSize : 27 <-- 122.940735 s
currentSize : 28 <-- 123.320747 s

maxsize : 28
nodes : 24865173.000000
filtered : 1118451187.000000
time : 177.845581
