Parameters: GAD=1 vflib=1 dir=0 label=0 lowerbound=1 fileNameGp=../graphsdb/mcs70/m3D/m3D/mcs70_m3D_s35.A19 fileNameGt=../graphsdb/mcs70/m3D/m3D/mcs70_m3D_s35.B19
Reading graphs...
35 :  72
35 :  72
Initializing...
maxdom : 35
D->valSize : 1225
Solving...
Blb : 2 (clique : 18)
currentSize : 18 <-- 0.025699 s
currentSize : 20 <-- 0.025871 s
currentSize : 21 <-- 0.026026 s
currentSize : 22 <-- 0.027050 s
currentSize : 23 <-- 0.048911 s
currentSize : 24 <-- 0.048939 s
currentSize : 25 <-- 0.082617 s
currentSize : 26 <-- 0.082640 s
currentSize : 27 <-- 0.082765 s
currentSize : 28 <-- 0.229794 s

maxsize : 28
nodes : 1579832.000000
filtered : 78586963.000000
time : 11.630243
