Parameters: GAD=1 vflib=1 dir=0 label=0 lowerbound=1 fileNameGp=../graphsdb/mcs70/m3D/m3D/mcs70_m3D_s35.A83 fileNameGt=../graphsdb/mcs70/m3D/m3D/mcs70_m3D_s35.B83
Reading graphs...
35 :  71
35 :  72
Initializing...
maxdom : 35
D->valSize : 1225
Solving...
Blb : 2 (clique : 19)
currentSize : 19 <-- 0.020992 s
currentSize : 20 <-- 0.021403 s
currentSize : 21 <-- 0.021567 s
currentSize : 22 <-- 0.022404 s
currentSize : 23 <-- 0.048678 s
currentSize : 24 <-- 3.726419 s
currentSize : 25 <-- 7.236626 s
currentSize : 26 <-- 7.237245 s
currentSize : 27 <-- 15.954247 s
currentSize : 28 <-- 24.312872 s

maxsize : 28
nodes : 6684722.000000
filtered : 277880361.000000
time : 43.717781
