Parameters: GAD=1 vflib=1 dir=0 label=0 lowerbound=1 fileNameGp=../graphsdb/mcs70/m4D/m4Dr6/mcs70_m4Dr6_s25.A11 fileNameGt=../graphsdb/mcs70/m4D/m4Dr6/mcs70_m4Dr6_s25.B11
Reading graphs...
25 :  60
25 :  59
Initializing...
maxdom : 25
D->valSize : 625
Solving...
Blb : 2 (clique : 12)
currentSize : 12 <-- 0.005233 s
currentSize : 13 <-- 0.005636 s
currentSize : 14 <-- 0.005937 s
currentSize : 15 <-- 0.061071 s
currentSize : 16 <-- 7.538565 s
currentSize : 17 <-- 7.540201 s

maxsize : 17
nodes : 2639539.000000
filtered : 58993352.000000
time : 10.012173
