Parameters: GAD=1 vflib=1 dir=0 label=0 lowerbound=1 fileNameGp=../graphsdb/mcs70/rand/r01/mcs70_r01_s25.A40 fileNameGt=../graphsdb/mcs70/rand/r01/mcs70_r01_s25.B40
Reading graphs...
25 :  58
25 :  56
Initializing...
maxdom : 25
D->valSize : 625
Solving...
Blb : 2 (clique : 13)
currentSize : 13 <-- 0.005156 s
currentSize : 14 <-- 0.005609 s
currentSize : 15 <-- 0.010095 s
currentSize : 16 <-- 0.031420 s
currentSize : 17 <-- 2.090958 s

maxsize : 17
nodes : 1249517.000000
filtered : 32256460.000000
time : 5.209534
