Parameters: GAD=1 vflib=1 dir=0 label=0 lowerbound=1 fileNameGp=../graphsdb/mcs70/rand/r01/mcs70_r01_s35.A62 fileNameGt=../graphsdb/mcs70/rand/r01/mcs70_r01_s35.B62
Reading graphs...
35 :  112
35 :  115
Initializing...
maxdom : 35
D->valSize : 1225
Solving...
Blb : 2 (clique : 15)
currentSize : 15 <-- 0.033964 s
currentSize : 16 <-- 0.034324 s
currentSize : 17 <-- 0.035584 s
currentSize : 18 <-- 0.053187 s
currentSize : 19 <-- 0.242832 s
currentSize : 20 <-- 75.810463 s
currentSize : 21 <-- 863.794983 s
currentSize : 23 <-- 1705.913696 s
currentSize : 24 <-- 1718.360229 s

maxsize : 24
nodes : 327077517.000000
filtered : 10130189249.000000
time : 1743.015991
