Parameters: GAD=1 vflib=1 dir=0 label=0 lowerbound=1 fileNameGp=../graphsdb/mcs70/bvg/b09m/mcs70_b09m_s30.A02 fileNameGt=../graphsdb/mcs70/bvg/b09m/mcs70_b09m_s30.B02
Reading graphs...
30 :  128
30 :  129
Initializing...
maxdom : 30
D->valSize : 900
Solving...
Blb : 2 (clique : 11)
currentSize : 11 <-- 0.010112 s
currentSize : 12 <-- 0.010211 s
currentSize : 13 <-- 0.010268 s
currentSize : 14 <-- 0.043524 s
currentSize : 15 <-- 0.994396 s
currentSize : 16 <-- 6.470738 s
currentSize : 18 <-- 13.220789 s
currentSize : 19 <-- 13.220818 s
currentSize : 21 <-- 13.220987 s

maxsize : 21
nodes : 3936564.000000
filtered : 80663392.000000
time : 16.245283
