Parameters: GAD=1 vflib=1 dir=0 label=0 lowerbound=1 fileNameGp=../graphsdb/mcs70/bvg/b09m/mcs70_b09m_s20.A42 fileNameGt=../graphsdb/mcs70/bvg/b09m/mcs70_b09m_s20.B42
Reading graphs...
20 :  81
20 :  82
Initializing...
maxdom : 20
D->valSize : 400
Solving...
Blb : 2 (clique : 8)
currentSize : 8 <-- 0.002057 s
currentSize : 9 <-- 0.002105 s
currentSize : 10 <-- 0.002309 s
currentSize : 11 <-- 0.004807 s
currentSize : 12 <-- 0.045019 s
currentSize : 15 <-- 0.151279 s

maxsize : 15
nodes : 56606.000000
filtered : 896295.000000
time : 0.181326
