Parameters: GAD=1 vflib=1 dir=0 label=0 lowerbound=1 fileNameGp=../graphsdb/mcs70/m3D/m3Dr4/mcs70_m3Dr4_s35.A75 fileNameGt=../graphsdb/mcs70/m3D/m3Dr4/mcs70_m3Dr4_s35.B75
Reading graphs...
35 :  85
35 :  82
Initializing...
maxdom : 35
D->valSize : 1225
Solving...
Blb : 2 (clique : 16)
currentSize : 16 <-- 0.020251 s
currentSize : 17 <-- 0.020401 s
currentSize : 18 <-- 0.020964 s
currentSize : 19 <-- 0.022098 s
currentSize : 20 <-- 0.047241 s
currentSize : 21 <-- 0.117239 s
currentSize : 22 <-- 4.597247 s
currentSize : 23 <-- 5.662034 s
currentSize : 24 <-- 7.582379 s
currentSize : 26 <-- 7.582467 s
currentSize : 27 <-- 7.582801 s

maxsize : 27
nodes : 3745227.000000
filtered : 157036736.000000
time : 23.669996
