Parameters: GAD=1 vflib=1 dir=0 label=0 lowerbound=1 fileNameGp=../graphsdb/mcs70/bvg/b09/mcs70_b09_s25.A42 fileNameGt=../graphsdb/mcs70/bvg/b09/mcs70_b09_s25.B42
Reading graphs...
25 :  110
25 :  109
Initializing...
maxdom : 25
D->valSize : 625
Solving...
Blb : 3 (clique : 10)
currentSize : 10 <-- 0.004729 s
currentSize : 11 <-- 0.005004 s
currentSize : 12 <-- 0.015415 s
currentSize : 14 <-- 0.030912 s
currentSize : 15 <-- 0.031120 s
currentSize : 16 <-- 0.031290 s
currentSize : 17 <-- 0.151028 s

maxsize : 17
nodes : 306351.000000
filtered : 7145101.000000
time : 1.243123
