Parameters: GAD=1 vflib=1 dir=0 label=0 lowerbound=1 fileNameGp=../graphsdb/mcs70/bvg/b06m/mcs70_b06m_s35.A50 fileNameGt=../graphsdb/mcs70/bvg/b06m/mcs70_b06m_s35.B50
Reading graphs...
35 :  104
35 :  105
Initializing...
maxdom : 35
D->valSize : 1225
Solving...
Blb : 2 (clique : 15)
currentSize : 15 <-- 0.034042 s
currentSize : 16 <-- 0.034636 s
currentSize : 17 <-- 0.037937 s
currentSize : 18 <-- 0.096736 s
currentSize : 19 <-- 0.119975 s
currentSize : 20 <-- 5.540804 s
currentSize : 21 <-- 78.244766 s
currentSize : 22 <-- 134.396454 s
currentSize : 24 <-- 148.986816 s

maxsize : 24
nodes : 49931095.000000
filtered : 2239787766.000000
time : 314.213745
