Parameters: GAD=1 vflib=1 dir=0 label=0 lowerbound=1 fileNameGp=../graphsdb/mcs70/m2D/m2Dr6/m2Dr6/mcs70_m2Dr6_s35.A70 fileNameGt=../graphsdb/mcs70/m2D/m2Dr6/m2Dr6/mcs70_m2Dr6_s35.B70
Reading graphs...
35 :  78
35 :  77
Initializing...
maxdom : 35
D->valSize : 1225
Solving...
Blb : 2 (clique : 19)
currentSize : 19 <-- 0.035751 s
currentSize : 20 <-- 0.323637 s
currentSize : 21 <-- 0.345288 s
currentSize : 22 <-- 0.348179 s
currentSize : 23 <-- 16.707832 s
currentSize : 24 <-- 191.952011 s
currentSize : 25 <-- 613.916504 s
currentSize : 26 <-- 759.364014 s
currentSize : 27 <-- 777.616699 s

maxsize : 27
nodes : 128928548.000000
filtered : 5437801358.000000
time : 798.664307
