Parameters: GAD=1 vflib=1 dir=0 label=0 lowerbound=1 fileNameGp=../graphsdb/mcs70/rand/r02/mcs70_r02_s30.A46 fileNameGt=../graphsdb/mcs70/rand/r02/mcs70_r02_s30.B46
Reading graphs...
30 :  153
30 :  155
Initializing...
maxdom : 30
D->valSize : 900
Solving...
Blb : 2 (clique : 9)
currentSize : 9 <-- 0.016646 s
currentSize : 10 <-- 0.016792 s
currentSize : 11 <-- 0.017122 s
currentSize : 12 <-- 0.017372 s
currentSize : 13 <-- 0.022604 s
currentSize : 14 <-- 0.267566 s
currentSize : 15 <-- 16.796183 s
currentSize : 16 <-- 29.930828 s
currentSize : 21 <-- 34.229149 s

maxsize : 21
nodes : 9771793.000000
filtered : 145670430.000000
time : 36.019650
