Parameters: GAD=1 vflib=1 dir=0 label=0 lowerbound=1 fileNameGp=../graphsdb/mcs70/m4D/m4D/mcs70_m4D_s25.A36 fileNameGt=../graphsdb/mcs70/m4D/m4D/mcs70_m4D_s25.B36
Reading graphs...
25 :  47
25 :  47
Initializing...
maxdom : 25
D->valSize : 625
Solving...
Blb : 2 (clique : 14)
currentSize : 14 <-- 0.005382 s
currentSize : 15 <-- 0.005471 s
currentSize : 16 <-- 0.005661 s
currentSize : 17 <-- 0.006945 s
currentSize : 19 <-- 0.010021 s

maxsize : 19
nodes : 264645.000000
filtered : 9606586.000000
time : 1.362792
