Parameters: GAD=1 vflib=1 dir=0 label=0 lowerbound=1 fileNameGp=../graphsdb/mcs70/bvg/b06m/mcs70_b06m_s20.A02 fileNameGt=../graphsdb/mcs70/bvg/b06m/mcs70_b06m_s20.B02
Reading graphs...
20 :  57
20 :  57
Initializing...
maxdom : 20
D->valSize : 400
Solving...
Blb : 2 (clique : 8)
currentSize : 8 <-- 0.002349 s
currentSize : 9 <-- 0.002408 s
currentSize : 10 <-- 0.002445 s
currentSize : 11 <-- 0.004615 s
currentSize : 12 <-- 0.014692 s
currentSize : 13 <-- 0.185467 s
currentSize : 14 <-- 0.185488 s

maxsize : 14
nodes : 81849.000000
filtered : 1259138.000000
time : 0.277608
