Parameters: GAD=1 vflib=1 dir=0 label=0 lowerbound=1 fileNameGp=../graphsdb/mcs70/bvg/b09m/mcs70_b09m_s25.A98 fileNameGt=../graphsdb/mcs70/bvg/b09m/mcs70_b09m_s25.B98
Reading graphs...
25 :  106
25 :  108
Initializing...
maxdom : 25
D->valSize : 625
Solving...
Blb : 3 (clique : 10)
currentSize : 10 <-- 0.007936 s
currentSize : 11 <-- 0.009766 s
currentSize : 12 <-- 0.025613 s
currentSize : 13 <-- 0.181721 s
currentSize : 14 <-- 1.295046 s
currentSize : 15 <-- 5.144746 s
currentSize : 16 <-- 5.144941 s

maxsize : 16
nodes : 1637508.000000
filtered : 28733768.000000
time : 6.107520
