Parameters: GAD=1 vflib=1 dir=0 label=0 lowerbound=1 fileNameGp=../graphsdb/mcs70/bvg/b03m/mcs70_b03m_s35.A53 fileNameGt=../graphsdb/mcs70/bvg/b03m/mcs70_b03m_s35.B53
Reading graphs...
35 :  52
35 :  52
Initializing...
maxdom : 35
D->valSize : 1225
Solving...
Blb : 2 (clique : 21)
currentSize : 21 <-- 0.021343 s
currentSize : 22 <-- 0.021534 s
currentSize : 23 <-- 0.038381 s
currentSize : 24 <-- 0.040377 s
currentSize : 25 <-- 0.139045 s
currentSize : 26 <-- 1.527857 s
currentSize : 27 <-- 42.377895 s
currentSize : 28 <-- 122.694565 s

maxsize : 28
nodes : 22183063.000000
filtered : 995462304.000000
time : 155.737183
