Parameters: GAD=1 vflib=1 dir=0 label=0 lowerbound=1 fileNameGp=../graphsdb/mcs70/bvg/b06/mcs70_b06_s30.A50 fileNameGt=../graphsdb/mcs70/bvg/b06/mcs70_b06_s30.B50
Reading graphs...
30 :  90
30 :  90
Initializing...
maxdom : 30
D->valSize : 900
Solving...
Blb : 2 (clique : 14)
currentSize : 14 <-- 0.018034 s
currentSize : 15 <-- 0.018374 s
currentSize : 16 <-- 0.019007 s
currentSize : 17 <-- 0.056930 s
currentSize : 20 <-- 1.946247 s
currentSize : 21 <-- 2.668501 s
currentSize : 22 <-- 2.752278 s

maxsize : 22
nodes : 1195726.000000
filtered : 37698892.000000
time : 6.065129
