Parameters: GAD=1 vflib=1 dir=0 label=0 lowerbound=1 fileNameGp=../graphsdb/mcs70/bvg/b09m/mcs70_b09m_s25.A07 fileNameGt=../graphsdb/mcs70/bvg/b09m/mcs70_b09m_s25.B07
Reading graphs...
25 :  105
25 :  108
Initializing...
maxdom : 25
D->valSize : 625
Solving...
Blb : 2 (clique : 11)
currentSize : 11 <-- 0.007910 s
currentSize : 12 <-- 0.009337 s
currentSize : 13 <-- 0.011730 s
currentSize : 14 <-- 0.051509 s
currentSize : 15 <-- 0.051549 s
currentSize : 16 <-- 1.125193 s

maxsize : 16
nodes : 567737.000000
filtered : 12849177.000000
time : 2.473531
