Parameters: GAD=1 vflib=1 dir=0 label=0 lowerbound=1 fileNameGp=../graphsdb/mcs70/bvg/b06m/mcs70_b06m_s35.A45 fileNameGt=../graphsdb/mcs70/bvg/b06m/mcs70_b06m_s35.B45
Reading graphs...
35 :  102
35 :  103
Initializing...
maxdom : 35
D->valSize : 1225
Solving...
Blb : 2 (clique : 15)
currentSize : 15 <-- 0.019750 s
currentSize : 16 <-- 0.020034 s
currentSize : 17 <-- 0.029990 s
currentSize : 18 <-- 0.037046 s
currentSize : 19 <-- 0.052487 s
currentSize : 20 <-- 0.355483 s
currentSize : 21 <-- 13.136571 s
currentSize : 22 <-- 63.998577 s
currentSize : 23 <-- 64.681137 s
currentSize : 24 <-- 71.144562 s
currentSize : 25 <-- 71.283699 s

maxsize : 25
nodes : 15642586.000000
filtered : 618065321.000000
time : 93.040512
