Parameters: GAD=1 vflib=1 dir=0 label=0 lowerbound=1 fileNameGp=../graphsdb/mcs70/rand/r005/mcs70_r005_s35.A76 fileNameGt=../graphsdb/mcs70/rand/r005/mcs70_r005_s35.B76
Reading graphs...
35 :  58
35 :  57
Initializing...
maxdom : 35
D->valSize : 1225
Solving...
Blb : 2 (clique : 19)
currentSize : 19 <-- 0.021880 s
currentSize : 20 <-- 0.022066 s
currentSize : 21 <-- 0.022256 s
currentSize : 22 <-- 0.178616 s
currentSize : 23 <-- 0.999442 s
currentSize : 24 <-- 2.125333 s
currentSize : 25 <-- 6.199366 s
currentSize : 26 <-- 9.686209 s

maxsize : 26
nodes : 160188685.000000
filtered : 7971891454.000000
time : 1215.393921
