Parameters: GAD=1 vflib=1 dir=0 label=0 lowerbound=1 fileNameGp=../graphsdb/mcs70/bvg/b09m/mcs70_b09m_s25.A60 fileNameGt=../graphsdb/mcs70/bvg/b09m/mcs70_b09m_s25.B60
Reading graphs...
25 :  101
25 :  101
Initializing...
maxdom : 25
D->valSize : 625
Solving...
Blb : 2 (clique : 10)
currentSize : 10 <-- 0.008717 s
currentSize : 11 <-- 0.009151 s
currentSize : 12 <-- 0.011625 s
currentSize : 13 <-- 0.050564 s
currentSize : 14 <-- 0.114977 s
currentSize : 15 <-- 2.865894 s
currentSize : 16 <-- 2.892351 s

maxsize : 16
nodes : 1351936.000000
filtered : 22025944.000000
time : 4.719761
