Parameters: GAD=1 vflib=1 dir=0 label=0 lowerbound=1 fileNameGp=../graphsdb/mcs70/m2D/m2Dr2/mcs70_m2Dr2_s35.A90 fileNameGt=../graphsdb/mcs70/m2D/m2Dr2/mcs70_m2Dr2_s35.B90
Reading graphs...
35 :  65
35 :  65
Initializing...
maxdom : 35
D->valSize : 1225
Solving...
Blb : 2 (clique : 20)
currentSize : 20 <-- 0.021141 s
currentSize : 21 <-- 0.021327 s
currentSize : 22 <-- 0.024998 s
currentSize : 23 <-- 0.084226 s
currentSize : 24 <-- 2.809491 s
currentSize : 25 <-- 71.307121 s
currentSize : 26 <-- 233.910767 s

maxsize : 26
nodes : 98504193.000000
filtered : 3940071942.000000
time : 632.537476
