Parameters: GAD=1 vflib=1 dir=0 label=0 lowerbound=1 fileNameGp=../graphsdb/mcs70/bvg/b03/mcs70_b03_s20.A74 fileNameGt=../graphsdb/mcs70/bvg/b03/mcs70_b03_s20.B74
Reading graphs...
20 :  30
20 :  29
Initializing...
maxdom : 20
D->valSize : 400
Solving...
Blb : 5 (clique : 13)
currentSize : 13 <-- 0.002471 s
currentSize : 14 <-- 0.002580 s
currentSize : 15 <-- 0.003212 s
currentSize : 16 <-- 0.003243 s
currentSize : 17 <-- 0.010286 s

maxsize : 17
nodes : 6441.000000
filtered : 118492.000000
time : 0.023285
