Parameters: GAD=1 vflib=1 dir=0 label=0 lowerbound=1 fileNameGp=../graphsdb/mcs70/bvg/b06/mcs70_b06_s35.A69 fileNameGt=../graphsdb/mcs70/bvg/b06/mcs70_b06_s35.B69
Reading graphs...
35 :  104
35 :  104
Initializing...
maxdom : 35
D->valSize : 1225
Solving...
Blb : 2 (clique : 19)
currentSize : 19 <-- 0.024283 s
currentSize : 20 <-- 0.679849 s
currentSize : 21 <-- 4.157768 s
currentSize : 22 <-- 10.284414 s
currentSize : 23 <-- 12.012769 s
currentSize : 24 <-- 46.321278 s
currentSize : 25 <-- 60.091042 s
currentSize : 26 <-- 82.454803 s

maxsize : 26
nodes : 14538423.000000
filtered : 573602862.000000
time : 89.835815
