Parameters: GAD=1 vflib=1 dir=0 label=0 lowerbound=1 fileNameGp=../graphsdb/mcs70/rand/r01/mcs70_r01_s35.A23 fileNameGt=../graphsdb/mcs70/rand/r01/mcs70_r01_s35.B23
Reading graphs...
35 :  113
35 :  112
Initializing...
maxdom : 35
D->valSize : 1225
Solving...
Blb : 2 (clique : 16)
currentSize : 16 <-- 0.019227 s
currentSize : 17 <-- 0.019922 s
currentSize : 18 <-- 0.029270 s
currentSize : 19 <-- 0.051113 s
currentSize : 20 <-- 21.334444 s
currentSize : 21 <-- 190.454910 s
currentSize : 24 <-- 191.922989 s

maxsize : 24
nodes : 47587769.000000
filtered : 1547968568.000000
time : 260.986969
