Parameters: GAD=1 vflib=1 dir=0 label=0 lowerbound=1 fileNameGp=../graphsdb/mcs70/bvg/b03/mcs70_b03_s35.A87 fileNameGt=../graphsdb/mcs70/bvg/b03/mcs70_b03_s35.B87
Reading graphs...
35 :  52
35 :  52
Initializing...
maxdom : 35
D->valSize : 1225
Solving...
Blb : 2 (clique : 23)
currentSize : 23 <-- 0.021360 s
currentSize : 24 <-- 0.021604 s
currentSize : 25 <-- 0.053752 s
currentSize : 26 <-- 0.105501 s
currentSize : 27 <-- 0.537794 s
currentSize : 28 <-- 271.548096 s

maxsize : 28
nodes : 59867847.000000
filtered : 2966758220.000000
time : 480.710876
