Parameters: GAD=1 vflib=1 dir=0 label=0 lowerbound=1 fileNameGp=../graphsdb/mcs70/bvg/b09m/mcs70_b09m_s30.A85 fileNameGt=../graphsdb/mcs70/bvg/b09m/mcs70_b09m_s30.B85
Reading graphs...
30 :  130
30 :  132
Initializing...
maxdom : 30
D->valSize : 900
Solving...
Blb : 2 (clique : 12)
currentSize : 12 <-- 0.009698 s
currentSize : 13 <-- 0.009829 s
currentSize : 14 <-- 0.020511 s
currentSize : 15 <-- 1.341248 s
currentSize : 16 <-- 3.838768 s
currentSize : 17 <-- 9.313616 s
currentSize : 19 <-- 9.315058 s
currentSize : 20 <-- 15.285189 s

maxsize : 20
nodes : 4193200.000000
filtered : 104342473.000000
time : 18.610966
