Parameters: GAD=1 vflib=1 dir=0 label=0 lowerbound=1 fileNameGp=../graphsdb/mcs70/bvg/b06m/mcs70_b06m_s35.A68 fileNameGt=../graphsdb/mcs70/bvg/b06m/mcs70_b06m_s35.B68
Reading graphs...
35 :  104
35 :  103
Initializing...
maxdom : 35
D->valSize : 1225
Solving...
Blb : 2 (clique : 17)
currentSize : 17 <-- 0.025102 s
currentSize : 18 <-- 0.026214 s
currentSize : 19 <-- 0.355341 s
currentSize : 20 <-- 65.828140 s
currentSize : 21 <-- 72.781013 s
currentSize : 22 <-- 651.717346 s
currentSize : 24 <-- 688.011902 s

maxsize : 24
nodes : 143226060.000000
filtered : 5248836350.000000
time : 808.115234
