Parameters: GAD=1 vflib=1 dir=0 label=0 lowerbound=1 fileNameGp=../graphsdb/mcs70/bvg/b06/mcs70_b06_s25.A83 fileNameGt=../graphsdb/mcs70/bvg/b06/mcs70_b06_s25.B83
Reading graphs...
25 :  75
25 :  75
Initializing...
maxdom : 25
D->valSize : 625
Solving...
Blb : 2 (clique : 13)
currentSize : 13 <-- 0.008544 s
currentSize : 14 <-- 0.011243 s
currentSize : 15 <-- 0.012593 s
currentSize : 16 <-- 0.021150 s
currentSize : 17 <-- 0.117733 s
currentSize : 18 <-- 0.235368 s

maxsize : 18
nodes : 191738.000000
filtered : 5888223.000000
time : 1.016065
