Parameters: GAD=1 vflib=1 dir=0 label=0 lowerbound=1 fileNameGp=../graphsdb/mcs70/bvg/b09m/mcs70_b09m_s30.A51 fileNameGt=../graphsdb/mcs70/bvg/b09m/mcs70_b09m_s30.B51
Reading graphs...
30 :  129
30 :  129
Initializing...
maxdom : 30
D->valSize : 900
Solving...
Blb : 2 (clique : 11)
currentSize : 11 <-- 0.009763 s
currentSize : 12 <-- 0.010402 s
currentSize : 13 <-- 0.012555 s
currentSize : 14 <-- 0.020475 s
currentSize : 15 <-- 0.159574 s
currentSize : 16 <-- 1.947829 s
currentSize : 17 <-- 10.988976 s
currentSize : 20 <-- 12.597832 s

maxsize : 20
nodes : 4239036.000000
filtered : 109293790.000000
time : 19.001293
