Parameters: GAD=1 vflib=1 dir=0 label=0 lowerbound=1 fileNameGp=../graphsdb/mcs70/rand/r005/mcs70_r005_s25.A37 fileNameGt=../graphsdb/mcs70/rand/r005/mcs70_r005_s25.B37
Reading graphs...
25 :  33
25 :  33
Initializing...
maxdom : 25
D->valSize : 625
Solving...
Blb : 2 (clique : 16)
currentSize : 16 <-- 0.005720 s
currentSize : 17 <-- 0.006208 s
currentSize : 18 <-- 0.033662 s
currentSize : 19 <-- 0.072417 s
currentSize : 20 <-- 0.293516 s

maxsize : 20
nodes : 170884.000000
filtered : 4504733.000000
time : 0.745523
