Parameters: GAD=1 vflib=1 dir=0 label=0 lowerbound=1 fileNameGp=../graphsdb/mcs70/m3D/m3Dr4/mcs70_m3Dr4_s35.A12 fileNameGt=../graphsdb/mcs70/m3D/m3Dr4/mcs70_m3Dr4_s35.B12
Reading graphs...
35 :  82
35 :  84
Initializing...
maxdom : 35
D->valSize : 1225
Solving...
Blb : 2 (clique : 18)
currentSize : 18 <-- 0.020488 s
currentSize : 19 <-- 0.040907 s
currentSize : 20 <-- 0.186571 s
currentSize : 21 <-- 1.010954 s
currentSize : 22 <-- 2.661568 s
currentSize : 23 <-- 820.179688 s
currentSize : 25 <-- 1193.738403 s
currentSize : 27 <-- 1196.317871 s

maxsize : 27
nodes : 222513638.000000
filtered : 7259943184.000000
time : 1207.076294
