Parameters: GAD=1 vflib=1 dir=0 label=0 lowerbound=1 fileNameGp=../graphsdb/mcs70/bvg/b09/mcs70_b09_s35.A59 fileNameGt=../graphsdb/mcs70/bvg/b09/mcs70_b09_s35.B59
Reading graphs...
35 :  152
35 :  155
Initializing...
maxdom : 35
D->valSize : 1225
Solving...
Blb : 2 (clique : 13)
currentSize : 13 <-- 0.018896 s
currentSize : 14 <-- 0.019022 s
currentSize : 15 <-- 0.019034 s
currentSize : 16 <-- 0.020313 s
currentSize : 17 <-- 0.102185 s
currentSize : 24 <-- 1.997775 s
currentSize : 26 <-- 2.422105 s

maxsize : 26
nodes : 1301880.000000
filtered : 53114265.000000
time : 7.832584
