Parameters: GAD=1 vflib=1 dir=0 label=0 lowerbound=1 fileNameGp=../graphsdb/mcs70/bvg/b09/mcs70_b09_s25.A26 fileNameGt=../graphsdb/mcs70/bvg/b09/mcs70_b09_s25.B26
Reading graphs...
25 :  106
25 :  110
Initializing...
maxdom : 25
D->valSize : 625
Solving...
Blb : 2 (clique : 12)
currentSize : 12 <-- 0.007917 s
currentSize : 13 <-- 0.008815 s
currentSize : 14 <-- 0.052582 s
currentSize : 16 <-- 0.105167 s
currentSize : 17 <-- 0.248681 s

maxsize : 17
nodes : 281199.000000
filtered : 6543028.000000
time : 1.200199
