Parameters: GAD=1 vflib=1 dir=0 label=0 lowerbound=1 fileNameGp=../graphsdb/mcs70/m3D/m3Dr6/mcs70_m3Dr6_s35.A90 fileNameGt=../graphsdb/mcs70/m3D/m3Dr6/mcs70_m3Dr6_s35.B90
Reading graphs...
35 :  92
35 :  91
Initializing...
maxdom : 35
D->valSize : 1225
Solving...
Blb : 2 (clique : 17)
currentSize : 17 <-- 0.034453 s
currentSize : 18 <-- 0.035914 s
currentSize : 19 <-- 0.049100 s
currentSize : 20 <-- 0.070513 s
currentSize : 21 <-- 3.114001 s
currentSize : 22 <-- 696.305237 s
currentSize : 23 <-- 781.359070 s
currentSize : 24 <-- 781.359070 s
currentSize : 26 <-- 781.371887 s
currentSize : 27 <-- 781.372070 s

maxsize : 27
nodes : 156774660.000000
filtered : 4692262998.000000
time : 803.598328
