Parameters: GAD=1 vflib=1 dir=0 label=0 lowerbound=1 fileNameGp=../graphsdb/mcs70/rand/r005/mcs70_r005_s25.A94 fileNameGt=../graphsdb/mcs70/rand/r005/mcs70_r005_s25.B94
Reading graphs...
25 :  33
25 :  33
Initializing...
maxdom : 25
D->valSize : 625
Solving...
Blb : 2 (clique : 15)
currentSize : 15 <-- 0.005616 s
currentSize : 16 <-- 0.052011 s
currentSize : 17 <-- 0.070786 s
currentSize : 18 <-- 0.075869 s
currentSize : 19 <-- 0.148555 s

maxsize : 19
nodes : 1270484.000000
filtered : 49585275.000000
time : 6.075957
