Parameters: GAD=1 vflib=1 dir=0 label=0 lowerbound=1 fileNameGp=../graphsdb/mcs70/bvg/b09/mcs70_b09_s30.A07 fileNameGt=../graphsdb/mcs70/bvg/b09/mcs70_b09_s30.B07
Reading graphs...
30 :  132
30 :  135
Initializing...
maxdom : 30
D->valSize : 900
Solving...
Blb : 3 (clique : 13)
currentSize : 13 <-- 0.009738 s
currentSize : 14 <-- 0.017145 s
currentSize : 15 <-- 0.023914 s
currentSize : 16 <-- 0.258613 s
currentSize : 18 <-- 0.355701 s
currentSize : 20 <-- 0.511647 s

maxsize : 20
nodes : 1674559.000000
filtered : 52166633.000000
time : 8.503759
