Parameters: GAD=1 vflib=1 dir=0 label=0 lowerbound=1 fileNameGp=../graphsdb/mcs70/bvg/b09/mcs70_b09_s35.A78 fileNameGt=../graphsdb/mcs70/bvg/b09/mcs70_b09_s35.B78
Reading graphs...
35 :  155
35 :  157
Initializing...
maxdom : 35
D->valSize : 1225
Solving...
Blb : 2 (clique : 14)
currentSize : 14 <-- 0.018543 s
currentSize : 15 <-- 0.018708 s
currentSize : 16 <-- 0.055306 s
currentSize : 18 <-- 0.089494 s
currentSize : 19 <-- 0.089570 s
currentSize : 20 <-- 0.244489 s
currentSize : 23 <-- 0.389520 s
currentSize : 24 <-- 7.190056 s
currentSize : 25 <-- 11.577996 s
currentSize : 26 <-- 16.450718 s

maxsize : 26
nodes : 2843688.000000
filtered : 143430147.000000
time : 19.450993
