Parameters: GAD=1 vflib=1 dir=0 label=0 lowerbound=1 fileNameGp=../graphsdb/mcs70/rand/r02/mcs70_r02_s30.A83 fileNameGt=../graphsdb/mcs70/rand/r02/mcs70_r02_s30.B83
Reading graphs...
30 :  159
30 :  156
Initializing...
maxdom : 30
D->valSize : 900
Solving...
Blb : 5 (clique : 11)
currentSize : 11 <-- 0.009594 s
currentSize : 12 <-- 0.010249 s
currentSize : 13 <-- 0.040089 s
currentSize : 14 <-- 1.308611 s
currentSize : 15 <-- 33.718006 s
currentSize : 17 <-- 37.249065 s
currentSize : 21 <-- 51.460850 s

maxsize : 21
nodes : 14993065.000000
filtered : 207799608.000000
time : 53.251667
