Parameters: GAD=1 vflib=1 dir=0 label=0 lowerbound=1 fileNameGp=../graphsdb/mcs70/bvg/b09m/mcs70_b09m_s20.A50 fileNameGt=../graphsdb/mcs70/bvg/b09m/mcs70_b09m_s20.B50
Reading graphs...
20 :  84
20 :  80
Initializing...
maxdom : 20
D->valSize : 400
Solving...
Blb : 5 (clique : 9)
currentSize : 9 <-- 0.002175 s
currentSize : 10 <-- 0.004608 s
currentSize : 11 <-- 0.038664 s
currentSize : 13 <-- 0.333726 s
currentSize : 14 <-- 0.333815 s

maxsize : 14
nodes : 144387.000000
filtered : 1636633.000000
time : 0.411397
