Parameters: GAD=1 vflib=1 dir=0 label=0 lowerbound=1 fileNameGp=../graphsdb/mcs70/bvg/b09m/mcs70_b09m_s25.A66 fileNameGt=../graphsdb/mcs70/bvg/b09m/mcs70_b09m_s25.B66
Reading graphs...
25 :  105
25 :  104
Initializing...
maxdom : 25
D->valSize : 625
Solving...
Blb : 2 (clique : 10)
currentSize : 10 <-- 0.004720 s
currentSize : 11 <-- 0.005030 s
currentSize : 12 <-- 0.008949 s
currentSize : 13 <-- 0.071205 s
currentSize : 15 <-- 2.910850 s
currentSize : 16 <-- 2.911223 s

maxsize : 16
nodes : 1276594.000000
filtered : 18244020.000000
time : 4.291235
