Parameters: GAD=1 vflib=1 dir=0 label=0 lowerbound=1 fileNameGp=../graphsdb/mcs70/m2D/m2Dr6/m2Dr6/mcs70_m2Dr6_s35.A05 fileNameGt=../graphsdb/mcs70/m2D/m2Dr6/m2Dr6/mcs70_m2Dr6_s35.B05
Reading graphs...
35 :  78
35 :  76
Initializing...
maxdom : 35
D->valSize : 1225
Solving...
Blb : 5 (clique : 17)
currentSize : 17 <-- 0.021519 s
currentSize : 19 <-- 0.021675 s
currentSize : 20 <-- 0.021884 s
currentSize : 21 <-- 0.043563 s
currentSize : 22 <-- 1.191803 s
currentSize : 23 <-- 59.652473 s
currentSize : 24 <-- 350.945099 s
currentSize : 27 <-- 353.256897 s

maxsize : 27
nodes : 62933601.000000
filtered : 2399481324.000000
time : 371.852020
