Parameters: GAD=1 vflib=1 dir=0 label=0 lowerbound=1 fileNameGp=../graphsdb/mcs70/bvg/b06m/mcs70_b06m_s30.A17 fileNameGt=../graphsdb/mcs70/bvg/b06m/mcs70_b06m_s30.B17
Reading graphs...
30 :  86
30 :  87
Initializing...
maxdom : 30
D->valSize : 900
Solving...
Blb : 5 (clique : 16)
currentSize : 16 <-- 0.010434 s
currentSize : 17 <-- 0.033299 s
currentSize : 18 <-- 0.064821 s
currentSize : 19 <-- 24.837334 s
currentSize : 22 <-- 30.637247 s

maxsize : 22
nodes : 6717570.000000
filtered : 212133846.000000
time : 33.228115
