Parameters: GAD=1 vflib=1 dir=0 label=0 lowerbound=1 fileNameGp=../graphsdb/mcs70/m4D/m4D/mcs70_m4D_s25.A34 fileNameGt=../graphsdb/mcs70/m4D/m4D/mcs70_m4D_s25.B34
Reading graphs...
25 :  47
25 :  47
Initializing...
maxdom : 25
D->valSize : 625
Solving...
Blb : 2 (clique : 15)
currentSize : 15 <-- 0.005362 s
currentSize : 16 <-- 0.005507 s
currentSize : 17 <-- 0.033235 s
currentSize : 18 <-- 0.182895 s
currentSize : 19 <-- 0.877584 s

maxsize : 19
nodes : 364018.000000
filtered : 13205827.000000
time : 1.810137
