Parameters: GAD=1 vflib=1 dir=0 label=0 lowerbound=1 fileNameGp=../graphsdb/mcs70/m2D/m2Dr4/mcs70_m2Dr4_s35.A94 fileNameGt=../graphsdb/mcs70/m2D/m2Dr4/mcs70_m2Dr4_s35.B94
Reading graphs...
35 :  72
35 :  71
Initializing...
maxdom : 35
D->valSize : 1225
Solving...
Blb : 2 (clique : 18)
currentSize : 18 <-- 0.036487 s
currentSize : 19 <-- 0.036771 s
currentSize : 20 <-- 0.045468 s
currentSize : 21 <-- 0.297446 s
currentSize : 22 <-- 0.413504 s
currentSize : 23 <-- 4.261990 s
currentSize : 24 <-- 599.074829 s
currentSize : 25 <-- 810.435364 s
currentSize : 26 <-- 1509.594116 s

maxsize : 26
nodes : 226013852.000000
filtered : 10835907160.000000
time : 1522.343018
