Parameters: GAD=1 vflib=1 dir=0 label=0 lowerbound=1 fileNameGp=../graphsdb/mcs70/rand/r01/mcs70_r01_s35.A14 fileNameGt=../graphsdb/mcs70/rand/r01/mcs70_r01_s35.B14
Reading graphs...
35 :  111
35 :  116
Initializing...
maxdom : 35
D->valSize : 1225
Solving...
Blb : 2 (clique : 16)
currentSize : 16 <-- 0.032915 s
currentSize : 17 <-- 0.035818 s
currentSize : 18 <-- 0.072399 s
currentSize : 19 <-- 0.086070 s
currentSize : 20 <-- 79.849121 s
currentSize : 21 <-- 873.038940 s
currentSize : 22 <-- 876.043945 s
currentSize : 24 <-- 876.046509 s

maxsize : 24
nodes : 181757122.000000
filtered : 5390651299.000000
time : 936.209106
