Parameters: GAD=1 vflib=1 dir=0 label=0 lowerbound=1 fileNameGp=../graphsdb/mcs70/m2D/m2Dr6/m2Dr6/mcs70_m2Dr6_s25.A97 fileNameGt=../graphsdb/mcs70/m2D/m2Dr6/m2Dr6/mcs70_m2Dr6_s25.B97
Reading graphs...
25 :  54
25 :  53
Initializing...
maxdom : 25
D->valSize : 625
Solving...
Blb : 2 (clique : 13)
currentSize : 13 <-- 0.008963 s
currentSize : 14 <-- 0.010635 s
currentSize : 15 <-- 0.010652 s
currentSize : 16 <-- 0.125906 s
currentSize : 17 <-- 3.656698 s

maxsize : 17
nodes : 2337676.000000
filtered : 51784361.000000
time : 9.239816
