Parameters: GAD=1 vflib=1 dir=0 label=0 lowerbound=1 fileNameGp=../graphsdb/mcs70/rand/r005/mcs70_r005_s35.A97 fileNameGt=../graphsdb/mcs70/rand/r005/mcs70_r005_s35.B97
Reading graphs...
35 :  57
35 :  57
Initializing...
maxdom : 35
D->valSize : 1225
Solving...
Blb : 2 (clique : 21)
currentSize : 21 <-- 0.021295 s
currentSize : 22 <-- 0.021492 s
currentSize : 23 <-- 0.021577 s
currentSize : 24 <-- 0.021698 s
currentSize : 25 <-- 0.071050 s
currentSize : 26 <-- 0.750899 s

maxsize : 26
nodes : 460704301.000000
filtered : 21132457258.000000
time : 3247.822021
