Parameters: GAD=1 vflib=1 dir=0 label=0 lowerbound=1 fileNameGp=../graphsdb/mcs70/m4D/m4Dr4/mcs70_m4Dr4_s25.A77 fileNameGt=../graphsdb/mcs70/m4D/m4Dr4/mcs70_m4Dr4_s25.B77
Reading graphs...
25 :  57
25 :  54
Initializing...
maxdom : 25
D->valSize : 625
Solving...
Blb : 2 (clique : 14)
currentSize : 14 <-- 0.008998 s
currentSize : 15 <-- 0.016679 s
currentSize : 16 <-- 0.071274 s
currentSize : 17 <-- 0.896842 s
currentSize : 18 <-- 2.456101 s

maxsize : 18
nodes : 896618.000000
filtered : 26929235.000000
time : 4.169935
