Parameters: GAD=1 vflib=1 dir=0 label=0 lowerbound=1 fileNameGp=../graphsdb/mcs70/rand/r01/mcs70_r01_s30.A60 fileNameGt=../graphsdb/mcs70/rand/r01/mcs70_r01_s30.B60
Reading graphs...
30 :  83
30 :  82
Initializing...
maxdom : 30
D->valSize : 900
Solving...
Blb : 2 (clique : 16)
currentSize : 16 <-- 0.018322 s
currentSize : 17 <-- 0.020204 s
currentSize : 18 <-- 0.443632 s
currentSize : 19 <-- 3.008676 s
currentSize : 21 <-- 79.166130 s

maxsize : 21
nodes : 17947786.000000
filtered : 519273388.000000
time : 85.357483
