Parameters: GAD=1 vflib=1 dir=0 label=0 lowerbound=1 fileNameGp=../graphsdb/mcs70/bvg/b06m/mcs70_b06m_s30.A95 fileNameGt=../graphsdb/mcs70/bvg/b06m/mcs70_b06m_s30.B95
Reading graphs...
30 :  87
30 :  88
Initializing...
maxdom : 30
D->valSize : 900
Solving...
Blb : 3 (clique : 14)
currentSize : 14 <-- 0.010394 s
currentSize : 16 <-- 0.010501 s
currentSize : 17 <-- 0.010622 s
currentSize : 19 <-- 0.970119 s
currentSize : 21 <-- 0.970186 s

maxsize : 21
nodes : 1651641.000000
filtered : 59573143.000000
time : 9.059452
