Parameters: GAD=1 vflib=1 dir=0 label=0 lowerbound=1 fileNameGp=../graphsdb/mcs70/bvg/b09/mcs70_b09_s35.A07 fileNameGt=../graphsdb/mcs70/bvg/b09/mcs70_b09_s35.B07
Reading graphs...
35 :  155
35 :  156
Initializing...
maxdom : 35
D->valSize : 1225
Solving...
Blb : 2 (clique : 13)
currentSize : 13 <-- 0.018077 s
currentSize : 16 <-- 0.018209 s
currentSize : 17 <-- 0.018314 s
currentSize : 19 <-- 0.022479 s
currentSize : 20 <-- 0.022511 s
currentSize : 21 <-- 0.105051 s
currentSize : 22 <-- 0.600304 s
currentSize : 23 <-- 0.600370 s
currentSize : 24 <-- 0.600406 s
currentSize : 25 <-- 3.022991 s

maxsize : 25
nodes : 2095663.000000
filtered : 101995393.000000
time : 14.032794
