Parameters: GAD=1 vflib=1 dir=0 label=0 lowerbound=1 fileNameGp=../graphsdb/mcs70/m2D/m2D/mcs70_m2D_s35.A40 fileNameGt=../graphsdb/mcs70/m2D/m2D/mcs70_m2D_s35.B40
Reading graphs...
35 :  58
35 :  58
Initializing...
maxdom : 35
D->valSize : 1225
Solving...
Blb : 2 (clique : 21)
currentSize : 21 <-- 0.036420 s
currentSize : 22 <-- 0.046833 s
currentSize : 23 <-- 0.050474 s
currentSize : 24 <-- 0.172081 s
currentSize : 25 <-- 0.309391 s
currentSize : 26 <-- 127.233910 s
currentSize : 27 <-- 369.723114 s

maxsize : 27
nodes : 72120019.000000
filtered : 3379987906.000000
time : 502.753571
