Parameters: GAD=1 vflib=1 dir=0 label=0 lowerbound=1 fileNameGp=../graphsdb/mcs70/bvg/b09m/mcs70_b09m_s35.A67 fileNameGt=../graphsdb/mcs70/bvg/b09m/mcs70_b09m_s35.B67
Reading graphs...
35 :  153
35 :  154
Initializing...
maxdom : 35
D->valSize : 1225
Solving...
Blb : 3 (clique : 12)
currentSize : 12 <-- 0.018669 s
currentSize : 13 <-- 0.018805 s
currentSize : 14 <-- 0.019165 s
currentSize : 15 <-- 0.033569 s
currentSize : 16 <-- 0.106713 s
currentSize : 17 <-- 0.351609 s
currentSize : 23 <-- 329.128662 s
currentSize : 24 <-- 329.128693 s

maxsize : 24
nodes : 85180709.000000
filtered : 1436267861.000000
time : 345.109161
