Parameters: GAD=1 vflib=1 dir=0 label=0 lowerbound=1 fileNameGp=../graphsdb/mcs70/bvg/b06m/mcs70_b06m_s35.A78 fileNameGt=../graphsdb/mcs70/bvg/b06m/mcs70_b06m_s35.B78
Reading graphs...
35 :  102
35 :  102
Initializing...
maxdom : 35
D->valSize : 1225
Solving...
Blb : 2 (clique : 17)
currentSize : 17 <-- 0.033823 s
currentSize : 18 <-- 0.036880 s
currentSize : 19 <-- 0.371720 s
currentSize : 20 <-- 0.781505 s
currentSize : 22 <-- 2.743069 s
currentSize : 25 <-- 3.022015 s

maxsize : 25
nodes : 8368570.000000
filtered : 503087808.000000
time : 66.286507
