Parameters: GAD=1 vflib=1 dir=0 label=0 lowerbound=1 fileNameGp=../graphsdb/mcs70/bvg/b09m/mcs70_b09m_s25.A11 fileNameGt=../graphsdb/mcs70/bvg/b09m/mcs70_b09m_s25.B11
Reading graphs...
25 :  106
25 :  105
Initializing...
maxdom : 25
D->valSize : 625
Solving...
Blb : 5 (clique : 11)
currentSize : 11 <-- 0.004636 s
currentSize : 12 <-- 0.010447 s
currentSize : 13 <-- 0.384210 s
currentSize : 14 <-- 8.573791 s
currentSize : 16 <-- 8.598333 s

maxsize : 16
nodes : 2860270.000000
filtered : 38787473.000000
time : 9.605989
