Parameters: GAD=1 vflib=1 dir=0 label=0 lowerbound=1 fileNameGp=../graphsdb/mcs70/bvg/b06m/mcs70_b06m_s35.A13 fileNameGt=../graphsdb/mcs70/bvg/b06m/mcs70_b06m_s35.B13
Reading graphs...
35 :  102
35 :  104
Initializing...
maxdom : 35
D->valSize : 1225
Solving...
Blb : 2 (clique : 20)
currentSize : 20 <-- 0.019813 s
currentSize : 21 <-- 0.361992 s
currentSize : 22 <-- 5.983012 s
currentSize : 23 <-- 5.983221 s
currentSize : 24 <-- 5.983269 s

maxsize : 24
nodes : 17039280.000000
filtered : 911091660.000000
time : 125.567162
