Parameters: GAD=1 vflib=1 dir=0 label=0 lowerbound=1 fileNameGp=../graphsdb/mcs70/bvg/b09m/mcs70_b09m_s30.A65 fileNameGt=../graphsdb/mcs70/bvg/b09m/mcs70_b09m_s30.B65
Reading graphs...
30 :  131
30 :  129
Initializing...
maxdom : 30
D->valSize : 900
Solving...
Blb : 5 (clique : 12)
currentSize : 12 <-- 0.009764 s
currentSize : 13 <-- 0.012801 s
currentSize : 14 <-- 0.023140 s
currentSize : 15 <-- 0.027288 s
currentSize : 17 <-- 5.996874 s
currentSize : 18 <-- 8.392544 s
currentSize : 19 <-- 16.653109 s
currentSize : 20 <-- 19.551035 s

maxsize : 20
nodes : 5037222.000000
filtered : 135086167.000000
time : 22.891329
