Parameters: GAD=1 vflib=1 dir=0 label=0 lowerbound=1 fileNameGp=../graphsdb/mcs70/rand/r01/mcs70_r01_s30.A40 fileNameGt=../graphsdb/mcs70/rand/r01/mcs70_r01_s30.B40
Reading graphs...
30 :  84
30 :  84
Initializing...
maxdom : 30
D->valSize : 900
Solving...
Blb : 5 (clique : 14)
currentSize : 14 <-- 0.010408 s
currentSize : 15 <-- 0.010860 s
currentSize : 16 <-- 0.014322 s
currentSize : 17 <-- 0.388611 s
currentSize : 18 <-- 1.723174 s
currentSize : 21 <-- 57.199722 s

maxsize : 21
nodes : 14105965.000000
filtered : 351573649.000000
time : 62.438110
