Parameters: GAD=1 vflib=1 dir=0 label=0 lowerbound=1 fileNameGp=../graphsdb/mcs70/bvg/b06m/mcs70_b06m_s25.A05 fileNameGt=../graphsdb/mcs70/bvg/b06m/mcs70_b06m_s25.B05
Reading graphs...
25 :  70
25 :  70
Initializing...
maxdom : 25
D->valSize : 625
Solving...
Blb : 2 (clique : 12)
currentSize : 12 <-- 0.005001 s
currentSize : 13 <-- 0.005255 s
currentSize : 14 <-- 0.005365 s
currentSize : 15 <-- 0.698353 s
currentSize : 16 <-- 0.746915 s
currentSize : 17 <-- 0.746934 s
currentSize : 18 <-- 0.765104 s

maxsize : 18
nodes : 340447.000000
filtered : 7374516.000000
time : 1.398709
