Parameters: GAD=1 vflib=1 dir=0 label=0 lowerbound=1 fileNameGp=../graphsdb/mcs70/m2D/m2D/mcs70_m2D_s25.A01 fileNameGt=../graphsdb/mcs70/m2D/m2D/mcs70_m2D_s25.B01
Reading graphs...
25 :  38
25 :  40
Initializing...
maxdom : 25
D->valSize : 625
Solving...
Blb : 2 (clique : 15)
currentSize : 15 <-- 0.005533 s
currentSize : 16 <-- 0.005630 s
currentSize : 17 <-- 0.005818 s
currentSize : 18 <-- 0.078983 s
currentSize : 19 <-- 0.544694 s
currentSize : 20 <-- 1.151004 s

maxsize : 20
nodes : 307127.000000
filtered : 7881664.000000
time : 1.354638
