Parameters: GAD=1 vflib=1 dir=0 label=0 lowerbound=1 fileNameGp=../graphsdb/mcs70/bvg/b09m/mcs70_b09m_s35.A31 fileNameGt=../graphsdb/mcs70/bvg/b09m/mcs70_b09m_s35.B31
Reading graphs...
35 :  153
35 :  151
Initializing...
maxdom : 35
D->valSize : 1225
Solving...
Blb : 2 (clique : 14)
currentSize : 14 <-- 0.031967 s
currentSize : 15 <-- 0.035627 s
currentSize : 16 <-- 0.072978 s
currentSize : 17 <-- 3.599282 s
currentSize : 18 <-- 3.913379 s
currentSize : 23 <-- 74.248756 s
currentSize : 24 <-- 74.248825 s

maxsize : 24
nodes : 20592113.000000
filtered : 523729139.000000
time : 99.609344
