Parameters: GAD=1 vflib=1 dir=0 label=0 lowerbound=1 fileNameGp=../graphsdb/mcs70/m3D/m3Dr6/mcs70_m3Dr6_s35.A96 fileNameGt=../graphsdb/mcs70/m3D/m3Dr6/mcs70_m3Dr6_s35.B96
Reading graphs...
35 :  92
35 :  92
Initializing...
maxdom : 35
D->valSize : 1225
Solving...
Blb : 5 (clique : 16)
currentSize : 16 <-- 0.024744 s
currentSize : 17 <-- 0.024915 s
currentSize : 18 <-- 0.025147 s
currentSize : 19 <-- 0.025701 s
currentSize : 20 <-- 0.089769 s
currentSize : 21 <-- 8.220187 s
currentSize : 22 <-- 169.284882 s
currentSize : 23 <-- 334.098053 s
currentSize : 24 <-- 334.802643 s
currentSize : 26 <-- 334.802948 s
currentSize : 27 <-- 334.803009 s

maxsize : 27
nodes : 67722368.000000
filtered : 1850697871.000000
time : 344.233063
