Parameters: GAD=1 vflib=1 dir=0 label=0 lowerbound=1 fileNameGp=../graphsdb/mcs70/rand/r02/mcs70_r02_s30.A05 fileNameGt=../graphsdb/mcs70/rand/r02/mcs70_r02_s30.B05
Reading graphs...
30 :  157
30 :  159
Initializing...
maxdom : 30
D->valSize : 900
Solving...
Blb : 2 (clique : 12)
currentSize : 12 <-- 0.009386 s
currentSize : 13 <-- 0.042419 s
currentSize : 14 <-- 0.759344 s
currentSize : 15 <-- 1.945320 s
currentSize : 16 <-- 23.324011 s
currentSize : 21 <-- 23.324108 s

maxsize : 21
nodes : 6785776.000000
filtered : 112196748.000000
time : 26.036852
