Parameters: GAD=1 vflib=1 dir=0 label=0 lowerbound=1 fileNameGp=../graphsdb/mcs70/bvg/b06m/mcs70_b06m_s35.A01 fileNameGt=../graphsdb/mcs70/bvg/b06m/mcs70_b06m_s35.B01
Reading graphs...
35 :  104
35 :  105
Initializing...
maxdom : 35
D->valSize : 1225
Solving...
Blb : 2 (clique : 17)
currentSize : 17 <-- 0.019796 s
currentSize : 18 <-- 0.027387 s
currentSize : 19 <-- 0.221802 s
currentSize : 20 <-- 1.799894 s
currentSize : 21 <-- 746.615601 s
currentSize : 24 <-- 747.834534 s

maxsize : 24
nodes : 160182624.000000
filtered : 4873332245.000000
time : 824.380432
