Parameters: GAD=1 vflib=1 dir=0 label=0 lowerbound=1 fileNameGp=../graphsdb/mcs70/bvg/b09m/mcs70_b09m_s35.A90 fileNameGt=../graphsdb/mcs70/bvg/b09m/mcs70_b09m_s35.B90
Reading graphs...
35 :  149
35 :  149
Initializing...
maxdom : 35
D->valSize : 1225
Solving...
Blb : 2 (clique : 14)
currentSize : 14 <-- 0.018648 s
currentSize : 15 <-- 0.019510 s
currentSize : 16 <-- 0.022454 s
currentSize : 17 <-- 26.203749 s
currentSize : 18 <-- 29.633465 s
currentSize : 20 <-- 155.176224 s
currentSize : 21 <-- 155.176254 s
currentSize : 24 <-- 155.430359 s

maxsize : 24
nodes : 37855705.000000
filtered : 1094516743.000000
time : 187.223602
