Parameters: GAD=1 vflib=1 dir=0 label=0 lowerbound=1 fileNameGp=../graphsdb/mcs70/bvg/b06m/mcs70_b06m_s25.A39 fileNameGt=../graphsdb/mcs70/bvg/b06m/mcs70_b06m_s25.B39
Reading graphs...
25 :  70
25 :  69
Initializing...
maxdom : 25
D->valSize : 625
Solving...
Blb : 2 (clique : 11)
currentSize : 11 <-- 0.010091 s
currentSize : 12 <-- 0.010217 s
currentSize : 13 <-- 0.010334 s
currentSize : 14 <-- 0.013309 s
currentSize : 15 <-- 0.028269 s
currentSize : 17 <-- 0.423394 s

maxsize : 17
nodes : 466923.000000
filtered : 12543583.000000
time : 2.079390
