Parameters: GAD=1 vflib=1 dir=0 label=0 lowerbound=1 fileNameGp=../graphsdb/mcs70/m4D/m4Dr4/mcs70_m4Dr4_s25.A66 fileNameGt=../graphsdb/mcs70/m4D/m4Dr4/mcs70_m4Dr4_s25.B66
Reading graphs...
25 :  55
25 :  55
Initializing...
maxdom : 25
D->valSize : 625
Solving...
Blb : 2 (clique : 14)
currentSize : 14 <-- 0.008964 s
currentSize : 15 <-- 0.010088 s
currentSize : 16 <-- 0.015106 s
currentSize : 17 <-- 0.598707 s
currentSize : 18 <-- 1.388185 s

maxsize : 18
nodes : 624767.000000
filtered : 17953317.000000
time : 2.967822
