Parameters: GAD=1 vflib=1 dir=0 label=0 lowerbound=1 fileNameGp=../graphsdb/mcs70/bvg/b06/mcs70_b06_s20.A83 fileNameGt=../graphsdb/mcs70/bvg/b06/mcs70_b06_s20.B83
Reading graphs...
20 :  58
20 :  59
Initializing...
maxdom : 20
D->valSize : 400
Solving...
Blb : 2 (clique : 12)
currentSize : 12 <-- 0.002281 s
currentSize : 13 <-- 0.002537 s
currentSize : 14 <-- 0.003894 s
currentSize : 15 <-- 0.005063 s
currentSize : 16 <-- 0.022499 s

maxsize : 16
nodes : 7735.000000
filtered : 186849.000000
time : 0.032418
