Parameters: GAD=1 vflib=1 dir=0 label=0 lowerbound=1 fileNameGp=../graphsdb/mcs70/bvg/b09/mcs70_b09_s20.A59 fileNameGt=../graphsdb/mcs70/bvg/b09/mcs70_b09_s20.B59
Reading graphs...
20 :  88
20 :  88
Initializing...
maxdom : 20
D->valSize : 400
Solving...
Blb : 2 (clique : 9)
currentSize : 9 <-- 0.003467 s
currentSize : 10 <-- 0.003548 s
currentSize : 11 <-- 0.004601 s
currentSize : 12 <-- 0.009169 s
currentSize : 13 <-- 0.020892 s
currentSize : 14 <-- 0.021176 s

maxsize : 14
nodes : 38401.000000
filtered : 737603.000000
time : 0.144542
