Parameters: GAD=1 vflib=1 dir=0 label=0 lowerbound=1 fileNameGp=../graphsdb/mcs70/m4D/m4Dr2/mcs70_m4Dr2_s25.A49 fileNameGt=../graphsdb/mcs70/m4D/m4Dr2/mcs70_m4Dr2_s25.B49
Reading graphs...
25 :  49
25 :  51
Initializing...
maxdom : 25
D->valSize : 625
Solving...
Blb : 2 (clique : 14)
currentSize : 14 <-- 0.005354 s
currentSize : 15 <-- 0.005442 s
currentSize : 16 <-- 0.005584 s
currentSize : 17 <-- 0.005741 s
currentSize : 18 <-- 0.025847 s
currentSize : 19 <-- 0.117921 s

maxsize : 19
nodes : 143349.000000
filtered : 5018644.000000
time : 0.776390
