Parameters: GAD=1 vflib=1 dir=0 label=0 lowerbound=1 fileNameGp=../graphsdb/mcs70/m3D/m3Dr4/mcs70_m3Dr4_s35.A50 fileNameGt=../graphsdb/mcs70/m3D/m3Dr4/mcs70_m3Dr4_s35.B50
Reading graphs...
35 :  86
35 :  84
Initializing...
maxdom : 35
D->valSize : 1225
Solving...
Blb : 2 (clique : 17)
currentSize : 17 <-- 0.021469 s
currentSize : 18 <-- 0.021851 s
currentSize : 19 <-- 0.025669 s
currentSize : 20 <-- 0.280421 s
currentSize : 21 <-- 0.289462 s
currentSize : 22 <-- 3.732500 s
currentSize : 23 <-- 7.486467 s
currentSize : 24 <-- 80.159019 s
currentSize : 25 <-- 80.222374 s
currentSize : 27 <-- 80.222595 s

maxsize : 27
nodes : 15312929.000000
filtered : 549998107.000000
time : 90.774895
