Parameters: GAD=1 vflib=1 dir=0 label=0 lowerbound=1 fileNameGp=../graphsdb/mcs70/rand/r005/mcs70_r005_s25.A01 fileNameGt=../graphsdb/mcs70/rand/r005/mcs70_r005_s25.B01
Reading graphs...
25 :  33
25 :  33
Initializing...
maxdom : 25
D->valSize : 625
Solving...
Blb : 2 (clique : 16)
currentSize : 16 <-- 0.005671 s
currentSize : 17 <-- 0.006768 s
currentSize : 18 <-- 0.007331 s
currentSize : 19 <-- 0.008210 s
currentSize : 20 <-- 0.008640 s

maxsize : 20
nodes : 431363.000000
filtered : 15603486.000000
time : 2.318962
