Parameters: GAD=1 vflib=1 dir=0 label=0 lowerbound=1 fileNameGp=../graphsdb/mcs70/m3D/m3Dr6/mcs70_m3Dr6_s35.A17 fileNameGt=../graphsdb/mcs70/m3D/m3Dr6/mcs70_m3Dr6_s35.B17
Reading graphs...
35 :  93
35 :  92
Initializing...
maxdom : 35
D->valSize : 1225
Solving...
Blb : 2 (clique : 16)
currentSize : 16 <-- 0.020330 s
currentSize : 17 <-- 0.020673 s
currentSize : 18 <-- 0.025038 s
currentSize : 19 <-- 0.025114 s
currentSize : 20 <-- 0.042927 s
currentSize : 21 <-- 4.053348 s
currentSize : 22 <-- 335.591217 s
currentSize : 23 <-- 360.177582 s
currentSize : 25 <-- 375.893860 s
currentSize : 27 <-- 427.944885 s

maxsize : 27
nodes : 81118387.000000
filtered : 2678488297.000000
time : 431.759369
