Parameters: GAD=1 vflib=1 dir=0 label=0 lowerbound=1 fileNameGp=../graphsdb/mcs70/bvg/b09/mcs70_b09_s35.A58 fileNameGt=../graphsdb/mcs70/bvg/b09/mcs70_b09_s35.B58
Reading graphs...
35 :  156
35 :  153
Initializing...
maxdom : 35
D->valSize : 1225
Solving...
Blb : 2 (clique : 14)
currentSize : 14 <-- 0.018332 s
currentSize : 15 <-- 0.024778 s
currentSize : 16 <-- 0.032025 s
currentSize : 17 <-- 0.133554 s
currentSize : 18 <-- 0.136847 s
currentSize : 19 <-- 0.157730 s
currentSize : 21 <-- 0.158581 s
currentSize : 22 <-- 0.158619 s
currentSize : 23 <-- 0.297943 s
currentSize : 24 <-- 11.421913 s

maxsize : 24
nodes : 5442941.000000
filtered : 238339722.000000
time : 34.207474
