Parameters: GAD=1 vflib=1 dir=0 label=0 lowerbound=1 fileNameGp=../graphsdb/mcs70/m2D/m2Dr6/m2Dr6/mcs70_m2Dr6_s25.A82 fileNameGt=../graphsdb/mcs70/m2D/m2Dr6/m2Dr6/mcs70_m2Dr6_s25.B82
Reading graphs...
25 :  52
25 :  54
Initializing...
maxdom : 25
D->valSize : 625
Solving...
Blb : 2 (clique : 12)
currentSize : 12 <-- 0.005490 s
currentSize : 13 <-- 0.005579 s
currentSize : 14 <-- 0.005665 s
currentSize : 15 <-- 0.005770 s
currentSize : 16 <-- 0.058875 s
currentSize : 17 <-- 0.442618 s

maxsize : 17
nodes : 2918056.000000
filtered : 79149408.000000
time : 12.767519
