Parameters: GAD=1 vflib=1 dir=0 label=0 lowerbound=1 fileNameGp=../graphsdb/mcs70/bvg/b06/mcs70_b06_s25.A34 fileNameGt=../graphsdb/mcs70/bvg/b06/mcs70_b06_s25.B34
Reading graphs...
25 :  73
25 :  73
Initializing...
maxdom : 25
D->valSize : 625
Solving...
Blb : 2 (clique : 12)
currentSize : 12 <-- 0.005010 s
currentSize : 13 <-- 0.005438 s
currentSize : 14 <-- 0.017582 s
currentSize : 15 <-- 0.061386 s
currentSize : 16 <-- 0.067656 s
currentSize : 17 <-- 0.073046 s
currentSize : 18 <-- 0.091346 s
currentSize : 19 <-- 0.102387 s

maxsize : 19
nodes : 75690.000000
filtered : 1614536.000000
time : 0.351288
