Parameters: GAD=1 vflib=1 dir=0 label=0 lowerbound=1 fileNameGp=../graphsdb/mcs70/rand/r02/mcs70_r02_s35.A92 fileNameGt=../graphsdb/mcs70/rand/r02/mcs70_r02_s35.B92
Reading graphs...
35 :  217
35 :  215
Initializing...
maxdom : 35
D->valSize : 1225
Solving...
Blb : 2 (clique : 11)
currentSize : 11 <-- 0.017791 s
currentSize : 12 <-- 0.017924 s
currentSize : 13 <-- 0.019197 s
currentSize : 14 <-- 0.112718 s
currentSize : 15 <-- 10.447565 s
currentSize : 16 <-- 10.676810 s
currentSize : 17 <-- 707.025513 s
currentSize : 18 <-- 707.350891 s
currentSize : 24 <-- 707.350952 s

maxsize : 24
nodes : 189260244.000000
filtered : 2587471209.000000
time : 723.183838
