Parameters: GAD=1 vflib=1 dir=0 label=0 lowerbound=1 fileNameGp=../graphsdb/mcs70/bvg/b03m/mcs70_b03m_s35.A44 fileNameGt=../graphsdb/mcs70/bvg/b03m/mcs70_b03m_s35.B44
Reading graphs...
35 :  52
35 :  52
Initializing...
maxdom : 35
D->valSize : 1225
Solving...
Blb : 5 (clique : 20)
currentSize : 20 <-- 0.037055 s
currentSize : 21 <-- 0.037333 s
currentSize : 22 <-- 0.037347 s
currentSize : 23 <-- 0.045499 s
currentSize : 24 <-- 0.050024 s
currentSize : 25 <-- 0.056561 s
currentSize : 26 <-- 0.071652 s
currentSize : 27 <-- 283.813995 s

maxsize : 27
nodes : 254350247.000000
filtered : 15853881859.000000
time : 2007.608032
