Parameters: GAD=1 vflib=1 dir=0 label=0 lowerbound=1 fileNameGp=../graphsdb/mcs70/m4D/m4Dr6/mcs70_m4Dr6_s25.A10 fileNameGt=../graphsdb/mcs70/m4D/m4Dr6/mcs70_m4Dr6_s25.B10
Reading graphs...
25 :  58
25 :  61
Initializing...
maxdom : 25
D->valSize : 625
Solving...
Blb : 2 (clique : 12)
currentSize : 12 <-- 0.009112 s
currentSize : 13 <-- 0.009193 s
currentSize : 14 <-- 0.009204 s
currentSize : 15 <-- 0.009235 s
currentSize : 16 <-- 0.010439 s
currentSize : 17 <-- 0.010685 s
currentSize : 18 <-- 3.382085 s

maxsize : 18
nodes : 806002.000000
filtered : 24021515.000000
time : 3.772743
