Parameters: GAD=1 vflib=1 dir=0 label=0 lowerbound=1 fileNameGp=../graphsdb/mcs70/bvg/b03m/mcs70_b03m_s25.A56 fileNameGt=../graphsdb/mcs70/bvg/b03m/mcs70_b03m_s25.B56
Reading graphs...
25 :  36
25 :  36
Initializing...
maxdom : 25
D->valSize : 625
Solving...
Blb : 2 (clique : 15)
currentSize : 15 <-- 0.005612 s
currentSize : 16 <-- 0.005706 s
currentSize : 17 <-- 0.005733 s
currentSize : 18 <-- 0.007713 s
currentSize : 19 <-- 0.008797 s
currentSize : 20 <-- 0.785433 s

maxsize : 20
nodes : 212094.000000
filtered : 6427059.000000
time : 1.061472
