Parameters: GAD=1 vflib=1 dir=0 label=0 lowerbound=1 fileNameGp=../graphsdb/mcs70/m2D/m2D/mcs70_m2D_s25.A71 fileNameGt=../graphsdb/mcs70/m2D/m2D/mcs70_m2D_s25.B71
Reading graphs...
25 :  39
25 :  40
Initializing...
maxdom : 25
D->valSize : 625
Solving...
Blb : 2 (clique : 14)
currentSize : 14 <-- 0.009501 s
currentSize : 15 <-- 0.009659 s
currentSize : 16 <-- 0.009692 s
currentSize : 17 <-- 0.009922 s
currentSize : 18 <-- 0.063154 s
currentSize : 19 <-- 5.689762 s

maxsize : 19
nodes : 1728016.000000
filtered : 41406208.000000
time : 7.283420
