Parameters: GAD=1 vflib=1 dir=0 label=0 lowerbound=1 fileNameGp=../graphsdb/mcs70/m3D/m3Dr4/mcs70_m3Dr4_s35.A80 fileNameGt=../graphsdb/mcs70/m3D/m3Dr4/mcs70_m3Dr4_s35.B80
Reading graphs...
35 :  86
35 :  86
Initializing...
maxdom : 35
D->valSize : 1225
Solving...
Blb : 2 (clique : 17)
currentSize : 17 <-- 0.020289 s
currentSize : 18 <-- 0.020463 s
currentSize : 19 <-- 0.020481 s
currentSize : 20 <-- 0.022993 s
currentSize : 21 <-- 0.037209 s
currentSize : 22 <-- 2.775179 s
currentSize : 23 <-- 34.634056 s
currentSize : 24 <-- 147.820114 s
currentSize : 26 <-- 149.163330 s
currentSize : 27 <-- 149.163361 s

maxsize : 27
nodes : 29993454.000000
filtered : 1052509352.000000
time : 167.616776
