Parameters: GAD=1 vflib=1 dir=0 label=0 lowerbound=1 fileNameGp=../graphsdb/mcs70/bvg/b03m/mcs70_b03m_s35.A78 fileNameGt=../graphsdb/mcs70/bvg/b03m/mcs70_b03m_s35.B78
Reading graphs...
35 :  52
35 :  52
Initializing...
maxdom : 35
D->valSize : 1225
Solving...
Blb : 2 (clique : 19)
currentSize : 19 <-- 0.021467 s
currentSize : 21 <-- 0.021647 s
currentSize : 22 <-- 0.021683 s
currentSize : 23 <-- 0.021756 s
currentSize : 24 <-- 0.055512 s
currentSize : 25 <-- 0.145482 s
currentSize : 26 <-- 1.702291 s
currentSize : 27 <-- 1.915831 s

maxsize : 27
nodes : 90706502.000000
filtered : 4782474340.000000
time : 719.527344
