Parameters: GAD=1 vflib=1 dir=0 label=0 lowerbound=1 fileNameGp=../graphsdb/mcs70/bvg/b09/mcs70_b09_s30.A19 fileNameGt=../graphsdb/mcs70/bvg/b09/mcs70_b09_s30.B19
Reading graphs...
30 :  135
30 :  134
Initializing...
maxdom : 30
D->valSize : 900
Solving...
Blb : 2 (clique : 12)
currentSize : 12 <-- 0.009862 s
currentSize : 14 <-- 0.009964 s
currentSize : 15 <-- 0.010608 s
currentSize : 16 <-- 0.043039 s
currentSize : 18 <-- 0.043084 s
currentSize : 20 <-- 0.134078 s
currentSize : 21 <-- 1.096482 s

maxsize : 21
nodes : 818204.000000
filtered : 28310316.000000
time : 4.267763
