Parameters: GAD=1 vflib=1 dir=0 label=0 lowerbound=1 fileNameGp=../graphsdb/mcs70/m2D/m2Dr2/mcs70_m2Dr2_s35.A56 fileNameGt=../graphsdb/mcs70/m2D/m2Dr2/mcs70_m2Dr2_s35.B56
Reading graphs...
35 :  64
35 :  65
Initializing...
maxdom : 35
D->valSize : 1225
Solving...
Blb : 2 (clique : 19)
currentSize : 19 <-- 0.021706 s
currentSize : 20 <-- 0.021900 s
currentSize : 21 <-- 0.022551 s
currentSize : 22 <-- 0.045331 s
currentSize : 23 <-- 0.270119 s
currentSize : 24 <-- 0.301577 s
currentSize : 25 <-- 0.743986 s
currentSize : 26 <-- 2840.235840 s

maxsize : 26
nodes : 432014040.000000
filtered : 18973310423.000000
time : 2888.243164
