Parameters: GAD=1 vflib=1 dir=0 label=0 lowerbound=1 fileNameGp=../graphsdb/mcs70/rand/r01/mcs70_r01_s30.A50 fileNameGt=../graphsdb/mcs70/rand/r01/mcs70_r01_s30.B50
Reading graphs...
30 :  84
30 :  82
Initializing...
maxdom : 30
D->valSize : 900
Solving...
Blb : 3 (clique : 15)
currentSize : 15 <-- 0.010869 s
currentSize : 16 <-- 0.061298 s
currentSize : 17 <-- 0.284978 s
currentSize : 18 <-- 1.174480 s
currentSize : 20 <-- 6.405095 s
currentSize : 21 <-- 6.405649 s
currentSize : 22 <-- 7.855255 s

maxsize : 22
nodes : 2313832.000000
filtered : 69606121.000000
time : 11.373001
