Parameters: GAD=1 vflib=1 dir=0 label=0 lowerbound=1 fileNameGp=../graphsdb/mcs70/bvg/b09/mcs70_b09_s35.A63 fileNameGt=../graphsdb/mcs70/bvg/b09/mcs70_b09_s35.B63
Reading graphs...
35 :  155
35 :  155
Initializing...
maxdom : 35
D->valSize : 1225
Solving...
Blb : 2 (clique : 15)
currentSize : 15 <-- 0.018838 s
currentSize : 16 <-- 0.472677 s
currentSize : 17 <-- 0.760789 s
currentSize : 18 <-- 2.740191 s
currentSize : 19 <-- 2.942771 s
currentSize : 20 <-- 3.478530 s
currentSize : 21 <-- 3.487248 s
currentSize : 22 <-- 4.456316 s
currentSize : 23 <-- 4.577641 s
currentSize : 24 <-- 4.579546 s
currentSize : 25 <-- 11.481507 s

maxsize : 25
nodes : 3978717.000000
filtered : 152801431.000000
time : 23.287809
