Parameters: GAD=1 vflib=1 dir=0 label=0 lowerbound=1 fileNameGp=../graphsdb/mcs70/rand/r005/mcs70_r005_s30.A20 fileNameGt=../graphsdb/mcs70/rand/r005/mcs70_r005_s30.B20
Reading graphs...
30 :  40
30 :  41
Initializing...
maxdom : 30
D->valSize : 900
Solving...
Blb : 2 (clique : 19)
currentSize : 19 <-- 0.012460 s
currentSize : 20 <-- 0.025351 s
currentSize : 21 <-- 0.025937 s
currentSize : 22 <-- 0.026240 s
currentSize : 23 <-- 0.030572 s

maxsize : 23
nodes : 72192863.000000
filtered : 2944777233.000000
time : 424.490417
