Parameters: GAD=1 vflib=1 dir=0 label=0 lowerbound=1 fileNameGp=../graphsdb/mcs70/rand/r005/mcs70_r005_s20.A68 fileNameGt=../graphsdb/mcs70/rand/r005/mcs70_r005_s20.B68
Reading graphs...
20 :  22
20 :  23
Initializing...
maxdom : 20
D->valSize : 400
Solving...
Blb : 2 (clique : 13)
currentSize : 13 <-- 0.002545 s
currentSize : 14 <-- 0.005506 s
currentSize : 15 <-- 0.007177 s
currentSize : 16 <-- 0.025697 s
currentSize : 17 <-- 0.230806 s

maxsize : 17
nodes : 66590.000000
filtered : 1435793.000000
time : 0.245488
