Parameters: GAD=1 vflib=1 dir=0 label=0 lowerbound=1 fileNameGp=../graphsdb/mcs70/bvg/b03/mcs70_b03_s20.A23 fileNameGt=../graphsdb/mcs70/bvg/b03/mcs70_b03_s20.B23
Reading graphs...
20 :  30
20 :  30
Initializing...
maxdom : 20
D->valSize : 400
Solving...
Blb : 2 (clique : 13)
currentSize : 13 <-- 0.004012 s
currentSize : 14 <-- 0.005363 s
currentSize : 15 <-- 0.005501 s
currentSize : 16 <-- 0.020028 s
currentSize : 17 <-- 0.048740 s

maxsize : 17
nodes : 10516.000000
filtered : 220761.000000
time : 0.061925
