Parameters: GAD=1 vflib=1 dir=0 label=0 lowerbound=1 fileNameGp=../graphsdb/mcs70/rand/r01/mcs70_r01_s25.A92 fileNameGt=../graphsdb/mcs70/rand/r01/mcs70_r01_s25.B92
Reading graphs...
25 :  57
25 :  58
Initializing...
maxdom : 25
D->valSize : 625
Solving...
Blb : 2 (clique : 12)
currentSize : 12 <-- 0.008980 s
currentSize : 13 <-- 0.009116 s
currentSize : 14 <-- 0.009296 s
currentSize : 15 <-- 0.009648 s
currentSize : 16 <-- 0.010270 s
currentSize : 17 <-- 5.327999 s

maxsize : 17
nodes : 2504309.000000
filtered : 69392121.000000
time : 10.912849
