Parameters: GAD=1 vflib=1 dir=0 label=0 lowerbound=1 fileNameGp=../graphsdb/mcs70/rand/r01/mcs70_r01_s30.A80 fileNameGt=../graphsdb/mcs70/rand/r01/mcs70_r01_s30.B80
Reading graphs...
30 :  83
30 :  85
Initializing...
maxdom : 30
D->valSize : 900
Solving...
Blb : 2 (clique : 14)
currentSize : 14 <-- 0.018468 s
currentSize : 15 <-- 0.020390 s
currentSize : 16 <-- 0.020735 s
currentSize : 17 <-- 0.027160 s
currentSize : 18 <-- 0.463357 s
currentSize : 20 <-- 9.890862 s
currentSize : 21 <-- 9.890910 s

maxsize : 21
nodes : 3524895.000000
filtered : 118089323.000000
time : 18.429708
