Parameters: GAD=1 vflib=1 dir=0 label=0 lowerbound=1 fileNameGp=../graphsdb/mcs70/m3D/m3Dr2/mcs70_m3Dr2_s35.A01 fileNameGt=../graphsdb/mcs70/m3D/m3Dr2/mcs70_m3Dr2_s35.B01
Reading graphs...
35 :  79
35 :  78
Initializing...
maxdom : 35
D->valSize : 1225
Solving...
Blb : 2 (clique : 17)
currentSize : 17 <-- 0.020323 s
currentSize : 19 <-- 0.020474 s
currentSize : 20 <-- 0.020596 s
currentSize : 21 <-- 0.020718 s
currentSize : 22 <-- 1.035778 s
currentSize : 23 <-- 2.391103 s
currentSize : 24 <-- 111.148148 s
currentSize : 25 <-- 211.239792 s
currentSize : 26 <-- 419.585388 s
currentSize : 28 <-- 457.695862 s

maxsize : 28
nodes : 76195094.000000
filtered : 2856785466.000000
time : 459.971558
