Parameters: GAD=1 vflib=1 dir=0 label=0 lowerbound=1 fileNameGp=../graphsdb/mcs70/m3D/m3D/mcs70_m3D_s35.A27 fileNameGt=../graphsdb/mcs70/m3D/m3D/mcs70_m3D_s35.B27
Reading graphs...
35 :  72
35 :  71
Initializing...
maxdom : 35
D->valSize : 1225
Solving...
Blb : 2 (clique : 21)
currentSize : 21 <-- 0.020852 s
currentSize : 22 <-- 0.023661 s
currentSize : 23 <-- 0.054560 s
currentSize : 24 <-- 1.214224 s
currentSize : 25 <-- 1.438471 s
currentSize : 26 <-- 1.439200 s
currentSize : 27 <-- 1.439886 s
currentSize : 28 <-- 4.631636 s

maxsize : 28
nodes : 2511401.000000
filtered : 106232496.000000
time : 16.799612
