Parameters: GAD=1 vflib=1 dir=0 label=0 lowerbound=1 fileNameGp=../graphsdb/mcs70/m4D/m4Dr6/mcs70_m4Dr6_s25.A19 fileNameGt=../graphsdb/mcs70/m4D/m4Dr6/mcs70_m4Dr6_s25.B19
Reading graphs...
25 :  61
25 :  60
Initializing...
maxdom : 25
D->valSize : 625
Solving...
Blb : 2 (clique : 13)
currentSize : 13 <-- 0.005210 s
currentSize : 14 <-- 0.005295 s
currentSize : 15 <-- 0.065117 s
currentSize : 16 <-- 0.526870 s
currentSize : 17 <-- 1.079082 s

maxsize : 17
nodes : 828990.000000
filtered : 23928963.000000
time : 3.699281
