Parameters: GAD=1 vflib=1 dir=0 label=0 lowerbound=1 fileNameGp=../graphsdb/mcs70/m3D/m3Dr2/mcs70_m3Dr2_s35.A33 fileNameGt=../graphsdb/mcs70/m3D/m3Dr2/mcs70_m3Dr2_s35.B33
Reading graphs...
35 :  75
35 :  77
Initializing...
maxdom : 35
D->valSize : 1225
Solving...
Blb : 2 (clique : 21)
currentSize : 21 <-- 0.036126 s
currentSize : 22 <-- 0.065388 s
currentSize : 23 <-- 0.379351 s
currentSize : 24 <-- 65.971878 s
currentSize : 26 <-- 80.873779 s
currentSize : 27 <-- 82.131813 s

maxsize : 27
nodes : 20241656.000000
filtered : 730897823.000000
time : 119.699501
