Parameters: GAD=1 vflib=1 dir=0 label=0 lowerbound=1 fileNameGp=../graphsdb/mcs70/m2D/m2Dr2/mcs70_m2Dr2_s35.A09 fileNameGt=../graphsdb/mcs70/m2D/m2Dr2/mcs70_m2Dr2_s35.B09
Reading graphs...
35 :  64
35 :  65
Initializing...
maxdom : 35
D->valSize : 1225
Solving...
Blb : 5 (clique : 18)
currentSize : 18 <-- 0.020940 s
currentSize : 20 <-- 0.021105 s
currentSize : 21 <-- 0.021978 s
currentSize : 22 <-- 0.040382 s
currentSize : 23 <-- 0.042442 s
currentSize : 24 <-- 1.121052 s
currentSize : 25 <-- 5.397366 s
currentSize : 26 <-- 103.698433 s
currentSize : 27 <-- 103.698814 s

maxsize : 27
nodes : 19252115.000000
filtered : 907803929.000000
time : 137.736282
