Parameters: GAD=1 vflib=1 dir=0 label=0 lowerbound=1 fileNameGp=../graphsdb/mcs70/bvg/b06m/mcs70_b06m_s25.A82 fileNameGt=../graphsdb/mcs70/bvg/b06m/mcs70_b06m_s25.B82
Reading graphs...
25 :  72
25 :  73
Initializing...
maxdom : 25
D->valSize : 625
Solving...
Blb : 5 (clique : 12)
currentSize : 12 <-- 0.008445 s
currentSize : 13 <-- 0.008570 s
currentSize : 14 <-- 0.009118 s
currentSize : 15 <-- 0.017727 s
currentSize : 16 <-- 0.461254 s
currentSize : 17 <-- 1.035941 s

maxsize : 17
nodes : 445760.000000
filtered : 14788722.000000
time : 2.465190
