Parameters: GAD=1 vflib=1 dir=0 label=0 lowerbound=1 fileNameGp=../graphsdb/mcs70/rand/r005/mcs70_r005_s25.A21 fileNameGt=../graphsdb/mcs70/rand/r005/mcs70_r005_s25.B21
Reading graphs...
25 :  33
25 :  33
Initializing...
maxdom : 25
D->valSize : 625
Solving...
Blb : 3 (clique : 16)
currentSize : 16 <-- 0.005621 s
currentSize : 17 <-- 0.005732 s
currentSize : 18 <-- 0.032935 s
currentSize : 19 <-- 0.043085 s
currentSize : 20 <-- 0.045213 s

maxsize : 20
nodes : 1065564.000000
filtered : 43866203.000000
time : 6.368495
