Parameters: GAD=1 vflib=1 dir=0 label=0 lowerbound=1 fileNameGp=../graphsdb/mcs70/bvg/b03/mcs70_b03_s35.A69 fileNameGt=../graphsdb/mcs70/bvg/b03/mcs70_b03_s35.B69
Reading graphs...
35 :  52
35 :  52
Initializing...
maxdom : 35
D->valSize : 1225
Solving...
Blb : 2 (clique : 23)
currentSize : 23 <-- 0.036746 s
currentSize : 24 <-- 0.037178 s
currentSize : 25 <-- 0.038078 s
currentSize : 26 <-- 0.043537 s
currentSize : 27 <-- 0.056609 s
currentSize : 28 <-- 0.896605 s
currentSize : 29 <-- 20.609325 s

maxsize : 29
nodes : 3705090.000000
filtered : 172616229.000000
time : 27.519440
