Parameters: GAD=1 vflib=1 dir=0 label=0 lowerbound=1 fileNameGp=../graphsdb/mcs70/bvg/b06/mcs70_b06_s30.A81 fileNameGt=../graphsdb/mcs70/bvg/b06/mcs70_b06_s30.B81
Reading graphs...
30 :  89
30 :  90
Initializing...
maxdom : 30
D->valSize : 900
Solving...
Blb : 2 (clique : 15)
currentSize : 15 <-- 0.010448 s
currentSize : 17 <-- 0.010663 s
currentSize : 18 <-- 0.010926 s
currentSize : 19 <-- 0.011445 s
currentSize : 20 <-- 0.374400 s
currentSize : 21 <-- 0.374517 s
currentSize : 22 <-- 3.666434 s
currentSize : 23 <-- 5.629719 s

maxsize : 23
nodes : 1132465.000000
filtered : 43884852.000000
time : 6.443357
