Parameters: GAD=1 vflib=1 dir=0 label=0 lowerbound=1 fileNameGp=../graphsdb/mcs70/bvg/b06/mcs70_b06_s25.A43 fileNameGt=../graphsdb/mcs70/bvg/b06/mcs70_b06_s25.B43
Reading graphs...
25 :  75
25 :  74
Initializing...
maxdom : 25
D->valSize : 625
Solving...
Blb : 5 (clique : 12)
currentSize : 12 <-- 0.005027 s
currentSize : 13 <-- 0.005110 s
currentSize : 14 <-- 0.005494 s
currentSize : 15 <-- 0.048618 s
currentSize : 18 <-- 0.103322 s

maxsize : 18
nodes : 211580.000000
filtered : 5607521.000000
time : 0.930218
