Parameters: GAD=1 vflib=1 dir=0 label=0 lowerbound=1 fileNameGp=../graphsdb/mcs70/m2D/m2Dr4/mcs70_m2Dr4_s35.A56 fileNameGt=../graphsdb/mcs70/m2D/m2Dr4/mcs70_m2Dr4_s35.B56
Reading graphs...
35 :  71
35 :  70
Initializing...
maxdom : 35
D->valSize : 1225
Solving...
Blb : 3 (clique : 18)
currentSize : 18 <-- 0.025003 s
currentSize : 19 <-- 0.025905 s
currentSize : 20 <-- 0.026753 s
currentSize : 21 <-- 0.040622 s
currentSize : 22 <-- 0.139540 s
currentSize : 23 <-- 0.795748 s
currentSize : 24 <-- 55.964153 s
currentSize : 25 <-- 697.465027 s

maxsize : 25
nodes : 195518874.000000
filtered : 8596592129.000000
time : 1264.921753
