Parameters: GAD=1 vflib=1 dir=0 label=0 lowerbound=1 fileNameGp=../graphsdb/mcs70/bvg/b09m/mcs70_b09m_s25.A21 fileNameGt=../graphsdb/mcs70/bvg/b09m/mcs70_b09m_s25.B21
Reading graphs...
25 :  106
25 :  107
Initializing...
maxdom : 25
D->valSize : 625
Solving...
Blb : 2 (clique : 10)
currentSize : 10 <-- 0.004764 s
currentSize : 11 <-- 0.004941 s
currentSize : 12 <-- 0.009102 s
currentSize : 13 <-- 0.042551 s
currentSize : 14 <-- 1.716218 s
currentSize : 15 <-- 1.716238 s
currentSize : 16 <-- 1.716273 s

maxsize : 16
nodes : 824827.000000
filtered : 15426727.000000
time : 3.150788
