Parameters: GAD=1 vflib=1 dir=0 label=0 lowerbound=1 fileNameGp=../graphsdb/mcs70/m3D/m3Dr2/mcs70_m3Dr2_s35.A32 fileNameGt=../graphsdb/mcs70/m3D/m3Dr2/mcs70_m3Dr2_s35.B32
Reading graphs...
35 :  79
35 :  78
Initializing...
maxdom : 35
D->valSize : 1225
Solving...
Blb : 2 (clique : 19)
currentSize : 19 <-- 0.035706 s
currentSize : 20 <-- 0.035999 s
currentSize : 21 <-- 0.043805 s
currentSize : 22 <-- 0.170706 s
currentSize : 23 <-- 47.957153 s
currentSize : 24 <-- 188.793686 s
currentSize : 25 <-- 225.415588 s
currentSize : 26 <-- 230.725525 s
currentSize : 27 <-- 230.729324 s

maxsize : 27
nodes : 45129198.000000
filtered : 1724370792.000000
time : 267.863770
