Parameters: GAD=1 vflib=1 dir=0 label=0 lowerbound=1 fileNameGp=../graphsdb/mcs70/bvg/b09/mcs70_b09_s30.A54 fileNameGt=../graphsdb/mcs70/bvg/b09/mcs70_b09_s30.B54
Reading graphs...
30 :  131
30 :  132
Initializing...
maxdom : 30
D->valSize : 900
Solving...
Blb : 2 (clique : 14)
currentSize : 14 <-- 0.014814 s
currentSize : 15 <-- 0.017881 s
currentSize : 16 <-- 0.024497 s
currentSize : 17 <-- 0.024601 s
currentSize : 20 <-- 0.173610 s
currentSize : 21 <-- 0.350589 s

maxsize : 21
nodes : 809546.000000
filtered : 27309442.000000
time : 4.214414
