Parameters: GAD=1 vflib=1 dir=0 label=0 lowerbound=1 fileNameGp=../graphsdb/mcs70/bvg/b03/mcs70_b03_s35.A56 fileNameGt=../graphsdb/mcs70/bvg/b03/mcs70_b03_s35.B56
Reading graphs...
35 :  52
35 :  52
Initializing...
maxdom : 35
D->valSize : 1225
Solving...
Blb : 2 (clique : 21)
currentSize : 21 <-- 0.021307 s
currentSize : 22 <-- 0.021977 s
currentSize : 23 <-- 0.026879 s
currentSize : 24 <-- 0.027020 s
currentSize : 25 <-- 0.092760 s
currentSize : 26 <-- 2.388528 s
currentSize : 27 <-- 9.084260 s
currentSize : 28 <-- 38.390633 s

maxsize : 28
nodes : 12630315.000000
filtered : 527148967.000000
time : 83.945213
