Parameters: GAD=1 vflib=1 dir=0 label=0 lowerbound=1 fileNameGp=../graphsdb/mcs70/m2D/m2Dr2/mcs70_m2Dr2_s25.A13 fileNameGt=../graphsdb/mcs70/m2D/m2Dr2/mcs70_m2Dr2_s25.B13
Reading graphs...
25 :  45
25 :  43
Initializing...
maxdom : 25
D->valSize : 625
Solving...
Blb : 5 (clique : 13)
currentSize : 13 <-- 0.005349 s
currentSize : 15 <-- 0.005432 s
currentSize : 16 <-- 0.005900 s
currentSize : 17 <-- 0.025739 s
currentSize : 18 <-- 0.822664 s

maxsize : 18
nodes : 1323252.000000
filtered : 30593872.000000
time : 5.550073
