Parameters: GAD=1 vflib=1 dir=0 label=0 lowerbound=1 fileNameGp=../graphsdb/mcs70/bvg/b03m/mcs70_b03m_s30.A13 fileNameGt=../graphsdb/mcs70/bvg/b03m/mcs70_b03m_s30.B13
Reading graphs...
30 :  45
30 :  45
Initializing...
maxdom : 30
D->valSize : 900
Solving...
Blb : 2 (clique : 18)
currentSize : 18 <-- 0.011381 s
currentSize : 19 <-- 0.014520 s
currentSize : 20 <-- 0.016225 s
currentSize : 21 <-- 0.016964 s
currentSize : 22 <-- 0.195870 s
currentSize : 23 <-- 833.373901 s

maxsize : 23
nodes : 183770232.000000
filtered : 7361191121.000000
time : 1055.676392
