Parameters: GAD=1 vflib=1 dir=0 label=0 lowerbound=1 fileNameGp=../graphsdb/mcs70/m2D/m2Dr6/m2Dr6/mcs70_m2Dr6_s35.A47 fileNameGt=../graphsdb/mcs70/m2D/m2Dr6/m2Dr6/mcs70_m2Dr6_s35.B47
Reading graphs...
35 :  79
35 :  78
Initializing...
maxdom : 35
D->valSize : 1225
Solving...
Blb : 2 (clique : 19)
currentSize : 19 <-- 0.036202 s
currentSize : 20 <-- 0.036987 s
currentSize : 21 <-- 0.111902 s
currentSize : 22 <-- 0.198803 s
currentSize : 23 <-- 4.430545 s
currentSize : 24 <-- 65.673920 s
currentSize : 25 <-- 164.441223 s
currentSize : 26 <-- 192.151917 s

maxsize : 26
nodes : 37653604.000000
filtered : 1489618769.000000
time : 235.133148
