Parameters: GAD=1 vflib=1 dir=0 label=0 lowerbound=1 fileNameGp=../graphsdb/mcs70/bvg/b06m/mcs70_b06m_s25.A34 fileNameGt=../graphsdb/mcs70/bvg/b06m/mcs70_b06m_s25.B34
Reading graphs...
25 :  71
25 :  71
Initializing...
maxdom : 25
D->valSize : 625
Solving...
Blb : 5 (clique : 12)
currentSize : 12 <-- 0.005102 s
currentSize : 13 <-- 0.007280 s
currentSize : 14 <-- 0.009481 s
currentSize : 15 <-- 0.865854 s
currentSize : 16 <-- 1.435735 s
currentSize : 17 <-- 1.436499 s

maxsize : 17
nodes : 760592.000000
filtered : 15718836.000000
time : 2.891027
