Parameters: GAD=1 vflib=1 dir=0 label=0 lowerbound=1 fileNameGp=../graphsdb/mcs70/m2D/m2Dr4/mcs70_m2Dr4_s35.A55 fileNameGt=../graphsdb/mcs70/m2D/m2Dr4/mcs70_m2Dr4_s35.B55
Reading graphs...
35 :  70
35 :  69
Initializing...
maxdom : 35
D->valSize : 1225
Solving...
Blb : 2 (clique : 17)
currentSize : 17 <-- 0.020860 s
currentSize : 18 <-- 0.021028 s
currentSize : 19 <-- 0.021099 s
currentSize : 20 <-- 0.021499 s
currentSize : 21 <-- 0.062076 s
currentSize : 22 <-- 1.468090 s
currentSize : 23 <-- 1.468294 s
currentSize : 24 <-- 7.183810 s
currentSize : 25 <-- 177.847275 s
currentSize : 26 <-- 2027.531982 s

maxsize : 26
nodes : 308883948.000000
filtered : 13793495498.000000
time : 2070.027344
