Parameters: GAD=1 vflib=1 dir=0 label=0 lowerbound=1 fileNameGp=../graphsdb/mcs70/bvg/b06m/mcs70_b06m_s30.A56 fileNameGt=../graphsdb/mcs70/bvg/b06m/mcs70_b06m_s30.B56
Reading graphs...
30 :  89
30 :  88
Initializing...
maxdom : 30
D->valSize : 900
Solving...
Blb : 2 (clique : 14)
currentSize : 14 <-- 0.018007 s
currentSize : 15 <-- 0.018730 s
currentSize : 16 <-- 0.019286 s
currentSize : 17 <-- 0.024665 s
currentSize : 18 <-- 0.286892 s
currentSize : 19 <-- 10.036899 s
currentSize : 21 <-- 12.546274 s
currentSize : 22 <-- 12.799480 s

maxsize : 22
nodes : 2798801.000000
filtered : 95884089.000000
time : 14.487098
