Parameters: GAD=1 vflib=1 dir=0 label=0 lowerbound=1 fileNameGp=../graphsdb/mcs70/rand/r01/mcs70_r01_s35.A95 fileNameGt=../graphsdb/mcs70/rand/r01/mcs70_r01_s35.B95
Reading graphs...
35 :  112
35 :  115
Initializing...
maxdom : 35
D->valSize : 1225
Solving...
Blb : 2 (clique : 15)
currentSize : 15 <-- 0.033680 s
currentSize : 16 <-- 0.034259 s
currentSize : 17 <-- 0.035153 s
currentSize : 18 <-- 0.092229 s
currentSize : 19 <-- 0.145572 s
currentSize : 20 <-- 12.617886 s
currentSize : 21 <-- 995.713867 s
currentSize : 22 <-- 995.720093 s
currentSize : 24 <-- 995.721680 s

maxsize : 24
nodes : 212354914.000000
filtered : 6100332866.000000
time : 1072.347656
