Parameters: GAD=1 vflib=1 dir=0 label=0 lowerbound=1 fileNameGp=../graphsdb/mcs70/rand/r01/mcs70_r01_s35.A56 fileNameGt=../graphsdb/mcs70/rand/r01/mcs70_r01_s35.B56
Reading graphs...
35 :  113
35 :  110
Initializing...
maxdom : 35
D->valSize : 1225
Solving...
Blb : 2 (clique : 15)
currentSize : 15 <-- 0.019257 s
currentSize : 16 <-- 0.019753 s
currentSize : 17 <-- 0.026589 s
currentSize : 18 <-- 0.151820 s
currentSize : 19 <-- 1.692084 s
currentSize : 20 <-- 31.066893 s
currentSize : 21 <-- 500.991943 s
currentSize : 24 <-- 816.757507 s

maxsize : 24
nodes : 169939203.000000
filtered : 5232337063.000000
time : 884.572754
