Parameters: GAD=1 vflib=1 dir=0 label=0 lowerbound=1 fileNameGp=../graphsdb/mcs70/bvg/b06/mcs70_b06_s25.A06 fileNameGt=../graphsdb/mcs70/bvg/b06/mcs70_b06_s25.B06
Reading graphs...
25 :  74
25 :  73
Initializing...
maxdom : 25
D->valSize : 625
Solving...
Blb : 5 (clique : 12)
currentSize : 12 <-- 0.008465 s
currentSize : 13 <-- 0.012087 s
currentSize : 14 <-- 0.014776 s
currentSize : 16 <-- 0.035654 s
currentSize : 17 <-- 0.062008 s
currentSize : 18 <-- 0.181851 s

maxsize : 18
nodes : 163311.000000
filtered : 3806373.000000
time : 0.693025
