Parameters: GAD=1 vflib=1 dir=0 label=0 lowerbound=1 fileNameGp=../graphsdb/mcs70/bvg/b03/mcs70_b03_s35.A35 fileNameGt=../graphsdb/mcs70/bvg/b03/mcs70_b03_s35.B35
Reading graphs...
35 :  52
35 :  52
Initializing...
maxdom : 35
D->valSize : 1225
Solving...
Blb : 2 (clique : 23)
currentSize : 23 <-- 0.022092 s
currentSize : 24 <-- 0.022961 s
currentSize : 25 <-- 0.090391 s
currentSize : 26 <-- 0.140277 s
currentSize : 27 <-- 0.353851 s
currentSize : 28 <-- 3.192247 s
currentSize : 29 <-- 12.189825 s

maxsize : 29
nodes : 2638075.000000
filtered : 124901530.000000
time : 20.750511
