Parameters: GAD=1 vflib=1 dir=0 label=0 lowerbound=1 fileNameGp=../graphsdb/mcs70/rand/r01/mcs70_r01_s25.A44 fileNameGt=../graphsdb/mcs70/rand/r01/mcs70_r01_s25.B44
Reading graphs...
25 :  56
25 :  54
Initializing...
maxdom : 25
D->valSize : 625
Solving...
Blb : 2 (clique : 13)
currentSize : 13 <-- 0.005146 s
currentSize : 14 <-- 0.039416 s
currentSize : 15 <-- 0.051723 s
currentSize : 16 <-- 0.182263 s
currentSize : 17 <-- 5.280648 s

maxsize : 17
nodes : 2370171.000000
filtered : 58335175.000000
time : 9.682586
