Parameters: GAD=1 vflib=1 dir=0 label=0 lowerbound=1 fileNameGp=../graphsdb/mcs70/bvg/b09m/mcs70_b09m_s30.A71 fileNameGt=../graphsdb/mcs70/bvg/b09m/mcs70_b09m_s30.B71
Reading graphs...
30 :  131
30 :  129
Initializing...
maxdom : 30
D->valSize : 900
Solving...
Blb : 2 (clique : 11)
currentSize : 11 <-- 0.017046 s
currentSize : 13 <-- 0.017189 s
currentSize : 14 <-- 0.017304 s
currentSize : 15 <-- 0.035699 s
currentSize : 16 <-- 16.887728 s
currentSize : 20 <-- 33.043129 s

maxsize : 20
nodes : 10587225.000000
filtered : 176495863.000000
time : 40.243351
