Parameters: GAD=1 vflib=1 dir=0 label=0 lowerbound=1 fileNameGp=../graphsdb/mcs70/bvg/b03/mcs70_b03_s30.A97 fileNameGt=../graphsdb/mcs70/bvg/b03/mcs70_b03_s30.B97
Reading graphs...
30 :  45
30 :  45
Initializing...
maxdom : 30
D->valSize : 900
Solving...
Blb : 2 (clique : 18)
currentSize : 18 <-- 0.011340 s
currentSize : 19 <-- 0.011482 s
currentSize : 20 <-- 0.011562 s
currentSize : 21 <-- 0.011779 s
currentSize : 22 <-- 0.013775 s
currentSize : 23 <-- 1.717921 s
currentSize : 24 <-- 7.573160 s

maxsize : 24
nodes : 2037143.000000
filtered : 86390039.000000
time : 12.897033
