Parameters: GAD=1 vflib=1 dir=0 label=0 lowerbound=1 fileNameGp=../graphsdb/mcs70/bvg/b09m/mcs70_b09m_s30.A98 fileNameGt=../graphsdb/mcs70/bvg/b09m/mcs70_b09m_s30.B98
Reading graphs...
30 :  130
30 :  131
Initializing...
maxdom : 30
D->valSize : 900
Solving...
Blb : 2 (clique : 12)
currentSize : 12 <-- 0.009844 s
currentSize : 13 <-- 0.011241 s
currentSize : 14 <-- 0.050468 s
currentSize : 15 <-- 0.257920 s
currentSize : 16 <-- 24.217512 s
currentSize : 17 <-- 37.146099 s
currentSize : 20 <-- 37.146137 s

maxsize : 20
nodes : 11143904.000000
filtered : 187588756.000000
time : 42.874294
