Parameters: GAD=1 vflib=1 dir=0 label=0 lowerbound=1 fileNameGp=../graphsdb/mcs70/rand/r01/mcs70_r01_s25.A18 fileNameGt=../graphsdb/mcs70/rand/r01/mcs70_r01_s25.B18
Reading graphs...
25 :  58
25 :  57
Initializing...
maxdom : 25
D->valSize : 625
Solving...
Blb : 2 (clique : 13)
currentSize : 13 <-- 0.008990 s
currentSize : 14 <-- 0.009113 s
currentSize : 15 <-- 0.009374 s
currentSize : 16 <-- 0.011313 s
currentSize : 17 <-- 0.108610 s
currentSize : 18 <-- 0.678882 s

maxsize : 18
nodes : 273315.000000
filtered : 7703408.000000
time : 1.247536
