Parameters: GAD=1 vflib=1 dir=0 label=0 lowerbound=1 fileNameGp=../graphsdb/mcs70/m3D/m3Dr6/mcs70_m3Dr6_s35.A68 fileNameGt=../graphsdb/mcs70/m3D/m3Dr6/mcs70_m3Dr6_s35.B68
Reading graphs...
35 :  91
35 :  91
Initializing...
maxdom : 35
D->valSize : 1225
Solving...
Blb : 2 (clique : 18)
currentSize : 18 <-- 0.020029 s
currentSize : 19 <-- 0.025216 s
currentSize : 20 <-- 0.121819 s
currentSize : 21 <-- 0.162873 s
currentSize : 22 <-- 20.268864 s
currentSize : 25 <-- 915.768250 s
currentSize : 27 <-- 915.768372 s

maxsize : 27
nodes : 171110261.000000
filtered : 5312733912.000000
time : 923.052490
