Parameters: GAD=1 vflib=1 dir=0 label=0 lowerbound=1 fileNameGp=../graphsdb/mcs70/bvg/b03/mcs70_b03_s25.A29 fileNameGt=../graphsdb/mcs70/bvg/b03/mcs70_b03_s25.B29
Reading graphs...
25 :  37
25 :  37
Initializing...
maxdom : 25
D->valSize : 625
Solving...
Blb : 2 (clique : 15)
currentSize : 15 <-- 0.005580 s
currentSize : 16 <-- 0.005683 s
currentSize : 17 <-- 0.006517 s
currentSize : 18 <-- 0.040174 s
currentSize : 19 <-- 0.062778 s
currentSize : 20 <-- 0.104056 s

maxsize : 20
nodes : 199445.000000
filtered : 5032524.000000
time : 0.892207
