Parameters: GAD=1 vflib=1 dir=0 label=0 lowerbound=1 fileNameGp=../graphsdb/mcs70/m2D/m2Dr6/m2Dr6/mcs70_m2Dr6_s35.A26 fileNameGt=../graphsdb/mcs70/m2D/m2Dr6/m2Dr6/mcs70_m2Dr6_s35.B26
Reading graphs...
35 :  77
35 :  76
Initializing...
maxdom : 35
D->valSize : 1225
Solving...
Blb : 2 (clique : 18)
currentSize : 18 <-- 0.020612 s
currentSize : 19 <-- 0.020788 s
currentSize : 20 <-- 0.021534 s
currentSize : 21 <-- 0.042497 s
currentSize : 22 <-- 0.396916 s
currentSize : 23 <-- 9.610783 s
currentSize : 26 <-- 258.244385 s

maxsize : 26
nodes : 49389748.000000
filtered : 1841559296.000000
time : 296.598389
