Parameters: GAD=1 vflib=1 dir=0 label=0 lowerbound=1 fileNameGp=../graphsdb/mcs70/m2D/m2Dr6/m2Dr6/mcs70_m2Dr6_s35.A43 fileNameGt=../graphsdb/mcs70/m2D/m2Dr6/m2Dr6/mcs70_m2Dr6_s35.B43
Reading graphs...
35 :  77
35 :  73
Initializing...
maxdom : 35
D->valSize : 1225
Solving...
Blb : 2 (clique : 19)
currentSize : 19 <-- 0.021191 s
currentSize : 20 <-- 0.028033 s
currentSize : 21 <-- 0.041644 s
currentSize : 22 <-- 4.666470 s
currentSize : 23 <-- 12.592779 s
currentSize : 25 <-- 93.667130 s
currentSize : 26 <-- 93.986977 s
currentSize : 27 <-- 93.987000 s

maxsize : 27
nodes : 22459920.000000
filtered : 770486955.000000
time : 125.310875
