Parameters: GAD=1 vflib=1 dir=0 label=0 lowerbound=1 fileNameGp=../graphsdb/mcs70/m2D/m2Dr2/mcs70_m2Dr2_s25.A71 fileNameGt=../graphsdb/mcs70/m2D/m2Dr2/mcs70_m2Dr2_s25.B71
Reading graphs...
25 :  43
25 :  44
Initializing...
maxdom : 25
D->valSize : 625
Solving...
Blb : 2 (clique : 13)
currentSize : 13 <-- 0.005465 s
currentSize : 16 <-- 0.005546 s
currentSize : 17 <-- 0.240083 s
currentSize : 18 <-- 0.250634 s
currentSize : 19 <-- 0.582496 s

maxsize : 19
nodes : 340274.000000
filtered : 9476612.000000
time : 1.525794
