Parameters: GAD=1 vflib=1 dir=0 label=0 lowerbound=1 fileNameGp=../graphsdb/mcs70/bvg/b06/mcs70_b06_s30.A05 fileNameGt=../graphsdb/mcs70/bvg/b06/mcs70_b06_s30.B05
Reading graphs...
30 :  90
30 :  89
Initializing...
maxdom : 30
D->valSize : 900
Solving...
Blb : 2 (clique : 14)
currentSize : 14 <-- 0.017842 s
currentSize : 18 <-- 0.018024 s
currentSize : 19 <-- 0.018135 s
currentSize : 20 <-- 0.018516 s
currentSize : 21 <-- 0.236502 s
currentSize : 22 <-- 1.248375 s

maxsize : 22
nodes : 988207.000000
filtered : 32667521.000000
time : 5.358130
