Parameters: GAD=1 vflib=1 dir=0 label=0 lowerbound=1 fileNameGp=../graphsdb/mcs70/m2D/m2Dr2/mcs70_m2Dr2_s35.A60 fileNameGt=../graphsdb/mcs70/m2D/m2Dr2/mcs70_m2Dr2_s35.B60
Reading graphs...
35 :  63
35 :  61
Initializing...
maxdom : 35
D->valSize : 1225
Solving...
Blb : 2 (clique : 19)
currentSize : 19 <-- 0.021572 s
currentSize : 20 <-- 0.021765 s
currentSize : 21 <-- 0.021850 s
currentSize : 22 <-- 0.034933 s
currentSize : 23 <-- 0.162725 s
currentSize : 24 <-- 0.665972 s
currentSize : 25 <-- 6.905318 s
currentSize : 26 <-- 630.894348 s

maxsize : 26
nodes : 137324647.000000
filtered : 6074251700.000000
time : 897.086121
