Parameters: GAD=1 vflib=1 dir=0 label=0 lowerbound=1 fileNameGp=../graphsdb/mcs70/rand/r02/mcs70_r02_s30.A02 fileNameGt=../graphsdb/mcs70/rand/r02/mcs70_r02_s30.B02
Reading graphs...
30 :  151
30 :  153
Initializing...
maxdom : 30
D->valSize : 900
Solving...
Blb : 2 (clique : 11)
currentSize : 11 <-- 0.009617 s
currentSize : 12 <-- 0.011257 s
currentSize : 13 <-- 0.038580 s
currentSize : 14 <-- 0.522588 s
currentSize : 15 <-- 18.547230 s
currentSize : 16 <-- 18.645864 s
currentSize : 21 <-- 18.975981 s

maxsize : 21
nodes : 5953846.000000
filtered : 93743515.000000
time : 22.012833
