Parameters: GAD=1 vflib=1 dir=0 label=0 lowerbound=1 fileNameGp=../graphsdb/mcs70/rand/r01/mcs70_r01_s30.A95 fileNameGt=../graphsdb/mcs70/rand/r01/mcs70_r01_s30.B95
Reading graphs...
30 :  82
30 :  85
Initializing...
maxdom : 30
D->valSize : 900
Solving...
Blb : 2 (clique : 14)
currentSize : 14 <-- 0.014912 s
currentSize : 15 <-- 0.015082 s
currentSize : 16 <-- 0.017152 s
currentSize : 17 <-- 0.093914 s
currentSize : 18 <-- 0.114289 s
currentSize : 19 <-- 2.915349 s
currentSize : 21 <-- 2.919624 s

maxsize : 21
nodes : 2502526.000000
filtered : 85610239.000000
time : 13.432455
