Parameters: GAD=1 vflib=1 dir=0 label=0 lowerbound=1 fileNameGp=../graphsdb/mcs70/rand/r01/mcs70_r01_s30.A00 fileNameGt=../graphsdb/mcs70/rand/r01/mcs70_r01_s30.B00
Reading graphs...
30 :  83
30 :  82
Initializing...
maxdom : 30
D->valSize : 900
Solving...
Blb : 2 (clique : 13)
currentSize : 13 <-- 0.018397 s
currentSize : 14 <-- 0.018907 s
currentSize : 15 <-- 0.019824 s
currentSize : 16 <-- 0.045524 s
currentSize : 17 <-- 0.071428 s
currentSize : 18 <-- 0.086506 s
currentSize : 19 <-- 1.327745 s
currentSize : 20 <-- 60.905216 s
currentSize : 21 <-- 66.461769 s

maxsize : 21
nodes : 13068670.000000
filtered : 453792576.000000
time : 68.323761
