Parameters: GAD=1 vflib=1 dir=0 label=0 lowerbound=1 fileNameGp=../graphsdb/mcs70/bvg/b06/mcs70_b06_s35.A77 fileNameGt=../graphsdb/mcs70/bvg/b06/mcs70_b06_s35.B77
Reading graphs...
35 :  105
35 :  105
Initializing...
maxdom : 35
D->valSize : 1225
Solving...
Blb : 2 (clique : 16)
currentSize : 16 <-- 0.019853 s
currentSize : 17 <-- 0.020059 s
currentSize : 18 <-- 0.020320 s
currentSize : 19 <-- 0.025644 s
currentSize : 20 <-- 0.098506 s
currentSize : 21 <-- 0.104616 s
currentSize : 22 <-- 0.214546 s
currentSize : 23 <-- 1.258473 s
currentSize : 24 <-- 5.095677 s
currentSize : 25 <-- 5.264134 s
currentSize : 26 <-- 48.558514 s

maxsize : 26
nodes : 8712415.000000
filtered : 430709230.000000
time : 59.993637
