Parameters: GAD=1 vflib=1 dir=0 label=0 lowerbound=1 fileNameGp=../graphsdb/mcs70/m2D/m2Dr4/mcs70_m2Dr4_s35.A49 fileNameGt=../graphsdb/mcs70/m2D/m2Dr4/mcs70_m2Dr4_s35.B49
Reading graphs...
35 :  71
35 :  69
Initializing...
maxdom : 35
D->valSize : 1225
Solving...
Blb : 2 (clique : 19)
currentSize : 19 <-- 0.021052 s
currentSize : 20 <-- 0.021231 s
currentSize : 21 <-- 0.022233 s
currentSize : 22 <-- 0.059058 s
currentSize : 23 <-- 0.316171 s
currentSize : 24 <-- 47.892952 s
currentSize : 26 <-- 159.220261 s

maxsize : 26
nodes : 93826245.000000
filtered : 3806519282.000000
time : 598.956421
