Parameters: GAD=1 vflib=1 dir=0 label=0 lowerbound=1 fileNameGp=../graphsdb/mcs70/rand/r01/mcs70_r01_s35.A19 fileNameGt=../graphsdb/mcs70/rand/r01/mcs70_r01_s35.B19
Reading graphs...
35 :  109
35 :  111
Initializing...
maxdom : 35
D->valSize : 1225
Solving...
Blb : 2 (clique : 16)
currentSize : 16 <-- 0.033932 s
currentSize : 17 <-- 0.034164 s
currentSize : 18 <-- 0.102119 s
currentSize : 19 <-- 0.113965 s
currentSize : 20 <-- 8.348094 s
currentSize : 21 <-- 1724.521606 s
currentSize : 22 <-- 2209.461914 s
currentSize : 24 <-- 2209.463867 s

maxsize : 24
nodes : 437360834.000000
filtered : 14225957591.000000
time : 2303.250732
