Parameters: GAD=1 vflib=1 dir=0 label=0 lowerbound=1 fileNameGp=../graphsdb/mcs70/bvg/b06m/mcs70_b06m_s20.A14 fileNameGt=../graphsdb/mcs70/bvg/b06m/mcs70_b06m_s20.B14
Reading graphs...
20 :  57
20 :  58
Initializing...
maxdom : 20
D->valSize : 400
Solving...
Blb : 2 (clique : 9)
currentSize : 9 <-- 0.002307 s
currentSize : 10 <-- 0.003048 s
currentSize : 11 <-- 0.007939 s
currentSize : 12 <-- 0.029750 s
currentSize : 13 <-- 0.053131 s
currentSize : 15 <-- 0.143368 s

maxsize : 15
nodes : 54460.000000
filtered : 903182.000000
time : 0.180671
