Parameters: GAD=1 vflib=1 dir=0 label=0 lowerbound=1 fileNameGp=../graphsdb/mcs70/bvg/b09m/mcs70_b09m_s35.A51 fileNameGt=../graphsdb/mcs70/bvg/b09m/mcs70_b09m_s35.B51
Reading graphs...
35 :  152
35 :  153
Initializing...
maxdom : 35
D->valSize : 1225
Solving...
Blb : 2 (clique : 13)
currentSize : 13 <-- 0.031503 s
currentSize : 14 <-- 0.032453 s
currentSize : 15 <-- 0.032690 s
currentSize : 16 <-- 0.063793 s
currentSize : 17 <-- 0.416863 s
currentSize : 18 <-- 32.702644 s
currentSize : 20 <-- 32.954849 s
currentSize : 22 <-- 73.753624 s
currentSize : 23 <-- 142.445557 s
currentSize : 24 <-- 142.445770 s

maxsize : 24
nodes : 28666632.000000
filtered : 945231946.000000
time : 155.463425
