Parameters: GAD=1 vflib=1 dir=0 label=0 lowerbound=1 fileNameGp=../graphsdb/mcs70/bvg/b09/mcs70_b09_s25.A13 fileNameGt=../graphsdb/mcs70/bvg/b09/mcs70_b09_s25.B13
Reading graphs...
25 :  111
25 :  109
Initializing...
maxdom : 25
D->valSize : 625
Solving...
Blb : 2 (clique : 11)
currentSize : 11 <-- 0.004701 s
currentSize : 12 <-- 0.005131 s
currentSize : 14 <-- 0.007227 s
currentSize : 16 <-- 0.020726 s
currentSize : 17 <-- 0.110881 s

maxsize : 17
nodes : 281979.000000
filtered : 6789429.000000
time : 1.201668
