Parameters: GAD=1 vflib=1 dir=0 label=0 lowerbound=1 fileNameGp=../graphsdb/mcs70/bvg/b06/mcs70_b06_s30.A90 fileNameGt=../graphsdb/mcs70/bvg/b06/mcs70_b06_s30.B90
Reading graphs...
30 :  88
30 :  90
Initializing...
maxdom : 30
D->valSize : 900
Solving...
Blb : 2 (clique : 15)
currentSize : 15 <-- 0.018185 s
currentSize : 16 <-- 0.031232 s
currentSize : 17 <-- 0.040475 s
currentSize : 18 <-- 0.042628 s
currentSize : 19 <-- 0.077843 s
currentSize : 22 <-- 0.185843 s
currentSize : 23 <-- 0.448727 s

maxsize : 23
nodes : 265784.000000
filtered : 10605492.000000
time : 1.603654
