Parameters: GAD=1 vflib=1 dir=0 label=0 lowerbound=1 fileNameGp=../graphsdb/mcs70/bvg/b09/mcs70_b09_s20.A98 fileNameGt=../graphsdb/mcs70/bvg/b09/mcs70_b09_s20.B98
Reading graphs...
20 :  87
20 :  90
Initializing...
maxdom : 20
D->valSize : 400
Solving...
Blb : 2 (clique : 9)
currentSize : 9 <-- 0.002072 s
currentSize : 10 <-- 0.002191 s
currentSize : 11 <-- 0.005912 s
currentSize : 12 <-- 0.018016 s
currentSize : 13 <-- 0.018096 s
currentSize : 14 <-- 0.086345 s
currentSize : 15 <-- 0.091536 s

maxsize : 15
nodes : 32044.000000
filtered : 662924.000000
time : 0.116003
