Parameters: GAD=1 vflib=1 dir=0 label=0 lowerbound=1 fileNameGp=../graphsdb/mcs70/m3D/m3D/mcs70_m3D_s35.A01 fileNameGt=../graphsdb/mcs70/m3D/m3D/mcs70_m3D_s35.B01
Reading graphs...
35 :  72
35 :  72
Initializing...
maxdom : 35
D->valSize : 1225
Solving...
Blb : 2 (clique : 21)
currentSize : 21 <-- 0.020738 s
currentSize : 22 <-- 0.022675 s
currentSize : 23 <-- 0.028375 s
currentSize : 24 <-- 0.218547 s
currentSize : 25 <-- 4.596832 s
currentSize : 27 <-- 4.598233 s
currentSize : 28 <-- 4.619578 s

maxsize : 28
nodes : 3406115.000000
filtered : 125803494.000000
time : 20.379051
