Parameters: GAD=1 vflib=1 dir=0 label=0 lowerbound=1 fileNameGp=../graphsdb/mcs70/rand/r02/mcs70_r02_s35.A13 fileNameGt=../graphsdb/mcs70/rand/r02/mcs70_r02_s35.B13
Reading graphs...
35 :  213
35 :  210
Initializing...
maxdom : 35
D->valSize : 1225
Solving...
Blb : 3 (clique : 11)
currentSize : 11 <-- 0.029480 s
currentSize : 12 <-- 0.029937 s
currentSize : 13 <-- 0.045638 s
currentSize : 14 <-- 0.053642 s
currentSize : 15 <-- 7.781916 s
currentSize : 17 <-- 369.882874 s
currentSize : 18 <-- 376.243561 s
currentSize : 24 <-- 376.511597 s

maxsize : 24
nodes : 108088732.000000
filtered : 1291225163.000000
time : 389.016693
