Parameters: GAD=1 vflib=1 dir=0 label=0 lowerbound=1 fileNameGp=../graphsdb/mcs70/bvg/b09/mcs70_b09_s35.A51 fileNameGt=../graphsdb/mcs70/bvg/b09/mcs70_b09_s35.B51
Reading graphs...
35 :  154
35 :  157
Initializing...
maxdom : 35
D->valSize : 1225
Solving...
Blb : 2 (clique : 12)
currentSize : 12 <-- 0.018233 s
currentSize : 13 <-- 0.018560 s
currentSize : 14 <-- 0.020958 s
currentSize : 15 <-- 0.025035 s
currentSize : 16 <-- 0.056049 s
currentSize : 17 <-- 0.094290 s
currentSize : 18 <-- 0.169758 s
currentSize : 19 <-- 0.169914 s
currentSize : 20 <-- 0.172293 s
currentSize : 21 <-- 0.354813 s
currentSize : 23 <-- 0.524712 s
currentSize : 24 <-- 0.524748 s
currentSize : 25 <-- 2.152453 s

maxsize : 25
nodes : 2728694.000000
filtered : 113295277.000000
time : 16.993870
