Parameters: GAD=1 vflib=1 dir=0 label=0 lowerbound=1 fileNameGp=../graphsdb/mcs70/bvg/b09m/mcs70_b09m_s30.A56 fileNameGt=../graphsdb/mcs70/bvg/b09m/mcs70_b09m_s30.B56
Reading graphs...
30 :  130
30 :  130
Initializing...
maxdom : 30
D->valSize : 900
Solving...
Blb : 2 (clique : 11)
currentSize : 11 <-- 0.009788 s
currentSize : 12 <-- 0.009889 s
currentSize : 13 <-- 0.010369 s
currentSize : 14 <-- 0.013231 s
currentSize : 15 <-- 0.396094 s
currentSize : 16 <-- 1.613922 s
currentSize : 17 <-- 5.684403 s
currentSize : 19 <-- 6.195704 s
currentSize : 20 <-- 6.195747 s

maxsize : 20
nodes : 2614563.000000
filtered : 68070536.000000
time : 12.043576
