Parameters: GAD=1 vflib=1 dir=0 label=0 lowerbound=1 fileNameGp=../graphsdb/mcs70/bvg/b09/mcs70_b09_s35.A81 fileNameGt=../graphsdb/mcs70/bvg/b09/mcs70_b09_s35.B81
Reading graphs...
35 :  156
35 :  153
Initializing...
maxdom : 35
D->valSize : 1225
Solving...
Blb : 2 (clique : 14)
currentSize : 14 <-- 0.018525 s
currentSize : 15 <-- 0.018911 s
currentSize : 16 <-- 0.024269 s
currentSize : 17 <-- 0.129389 s
currentSize : 18 <-- 0.346222 s
currentSize : 19 <-- 0.622653 s
currentSize : 20 <-- 0.630668 s
currentSize : 21 <-- 0.630774 s
currentSize : 22 <-- 3.674946 s
currentSize : 23 <-- 4.554486 s
currentSize : 24 <-- 5.058151 s
currentSize : 25 <-- 5.058221 s

maxsize : 25
nodes : 3606878.000000
filtered : 171179515.000000
time : 23.833614
