Parameters: GAD=1 vflib=1 dir=0 label=0 lowerbound=1 fileNameGp=../graphsdb/mcs70/bvg/b09m/mcs70_b09m_s30.A46 fileNameGt=../graphsdb/mcs70/bvg/b09m/mcs70_b09m_s30.B46
Reading graphs...
30 :  132
30 :  129
Initializing...
maxdom : 30
D->valSize : 900
Solving...
Blb : 2 (clique : 11)
currentSize : 11 <-- 0.009764 s
currentSize : 12 <-- 0.009880 s
currentSize : 13 <-- 0.010011 s
currentSize : 14 <-- 0.025558 s
currentSize : 15 <-- 1.283389 s
currentSize : 16 <-- 11.923512 s
currentSize : 18 <-- 20.401545 s
currentSize : 19 <-- 20.401585 s
currentSize : 20 <-- 20.412525 s
currentSize : 21 <-- 20.412714 s

maxsize : 21
nodes : 5734129.000000
filtered : 118263001.000000
time : 23.373079
