Parameters: GAD=1 vflib=1 dir=0 label=0 lowerbound=1 fileNameGp=../graphsdb/mcs70/bvg/b03/mcs70_b03_s30.A82 fileNameGt=../graphsdb/mcs70/bvg/b03/mcs70_b03_s30.B82
Reading graphs...
30 :  45
30 :  45
Initializing...
maxdom : 30
D->valSize : 900
Solving...
Blb : 2 (clique : 19)
currentSize : 19 <-- 0.011403 s
currentSize : 20 <-- 0.011553 s
currentSize : 21 <-- 0.015211 s
currentSize : 22 <-- 0.180221 s
currentSize : 23 <-- 0.796408 s
currentSize : 24 <-- 6.354983 s

maxsize : 24
nodes : 2240066.000000
filtered : 77315695.000000
time : 12.491209
