Parameters: GAD=1 vflib=1 dir=0 label=0 lowerbound=1 fileNameGp=../graphsdb/mcs70/m2D/m2Dr4/mcs70_m2Dr4_s25.A29 fileNameGt=../graphsdb/mcs70/m2D/m2Dr4/mcs70_m2Dr4_s25.B29
Reading graphs...
25 :  48
25 :  48
Initializing...
maxdom : 25
D->valSize : 625
Solving...
Blb : 2 (clique : 13)
currentSize : 13 <-- 0.009258 s
currentSize : 14 <-- 0.009385 s
currentSize : 15 <-- 0.009406 s
currentSize : 16 <-- 0.014136 s
currentSize : 17 <-- 0.184032 s
currentSize : 18 <-- 11.726940 s

maxsize : 18
nodes : 3254247.000000
filtered : 77988337.000000
time : 13.079446
