Parameters: GAD=1 vflib=1 dir=0 label=0 lowerbound=1 fileNameGp=../graphsdb/mcs70/m4D/m4D/mcs70_m4D_s25.A85 fileNameGt=../graphsdb/mcs70/m4D/m4D/mcs70_m4D_s25.B85
Reading graphs...
25 :  46
25 :  47
Initializing...
maxdom : 25
D->valSize : 625
Solving...
Blb : 5 (clique : 14)
currentSize : 14 <-- 0.009133 s
currentSize : 17 <-- 0.010069 s
currentSize : 18 <-- 0.010123 s
currentSize : 19 <-- 0.010511 s
currentSize : 20 <-- 0.014993 s

maxsize : 20
nodes : 47576.000000
filtered : 1787111.000000
time : 0.338496
