Parameters: GAD=1 vflib=1 dir=0 label=0 lowerbound=1 fileNameGp=../graphsdb/mcs70/bvg/b09m/mcs70_b09m_s25.A24 fileNameGt=../graphsdb/mcs70/bvg/b09m/mcs70_b09m_s25.B24
Reading graphs...
25 :  106
25 :  104
Initializing...
maxdom : 25
D->valSize : 625
Solving...
Blb : 2 (clique : 13)
currentSize : 13 <-- 0.007910 s
currentSize : 14 <-- 0.037050 s
currentSize : 15 <-- 0.037911 s
currentSize : 16 <-- 0.038035 s
currentSize : 17 <-- 0.038057 s

maxsize : 17
nodes : 191843.000000
filtered : 5772180.000000
time : 0.939953
