Parameters: GAD=1 vflib=1 dir=0 label=0 lowerbound=1 fileNameGp=../graphsdb/mcs70/m2D/m2Dr6/m2Dr6/mcs70_m2Dr6_s35.A17 fileNameGt=../graphsdb/mcs70/m2D/m2Dr6/m2Dr6/mcs70_m2Dr6_s35.B17
Reading graphs...
35 :  79
35 :  78
Initializing...
maxdom : 35
D->valSize : 1225
Solving...
Blb : 2 (clique : 18)
currentSize : 18 <-- 0.021192 s
currentSize : 19 <-- 0.031342 s
currentSize : 20 <-- 0.042350 s
currentSize : 21 <-- 0.111966 s
currentSize : 22 <-- 0.900737 s
currentSize : 23 <-- 3.316525 s
currentSize : 25 <-- 51.263615 s

maxsize : 25
nodes : 46559331.000000
filtered : 2226499972.000000
time : 319.457397
