Parameters: GAD=1 vflib=1 dir=0 label=0 lowerbound=1 fileNameGp=../graphsdb/mcs70/bvg/b03/mcs70_b03_s30.A29 fileNameGt=../graphsdb/mcs70/bvg/b03/mcs70_b03_s30.B29
Reading graphs...
30 :  45
30 :  45
Initializing...
maxdom : 30
D->valSize : 900
Solving...
Blb : 2 (clique : 19)
currentSize : 19 <-- 0.019698 s
currentSize : 20 <-- 0.023855 s
currentSize : 21 <-- 0.026876 s
currentSize : 22 <-- 0.055321 s
currentSize : 23 <-- 0.205866 s
currentSize : 24 <-- 3.906175 s
currentSize : 25 <-- 4.190205 s

maxsize : 25
nodes : 871348.000000
filtered : 29223000.000000
time : 4.949155
