Parameters: GAD=1 vflib=1 dir=0 label=0 lowerbound=1 fileNameGp=../graphsdb/mcs70/m4D/m4Dr2/mcs70_m4Dr2_s25.A47 fileNameGt=../graphsdb/mcs70/m4D/m4Dr2/mcs70_m4Dr2_s25.B47
Reading graphs...
25 :  52
25 :  50
Initializing...
maxdom : 25
D->valSize : 625
Solving...
Blb : 2 (clique : 14)
currentSize : 14 <-- 0.005425 s
currentSize : 15 <-- 0.007066 s
currentSize : 16 <-- 0.028645 s
currentSize : 17 <-- 0.066928 s
currentSize : 18 <-- 0.072529 s

maxsize : 18
nodes : 629711.000000
filtered : 21641775.000000
time : 3.182331
