Parameters: GAD=1 vflib=1 dir=0 label=0 lowerbound=1 fileNameGp=../graphsdb/mcs70/rand/r02/mcs70_r02_s20.A47 fileNameGt=../graphsdb/mcs70/rand/r02/mcs70_r02_s20.B47
Reading graphs...
20 :  69
20 :  67
Initializing...
maxdom : 20
D->valSize : 400
Solving...
Blb : 2 (clique : 9)
currentSize : 9 <-- 0.002140 s
currentSize : 10 <-- 0.002354 s
currentSize : 11 <-- 0.004867 s
currentSize : 12 <-- 0.297961 s
currentSize : 14 <-- 0.502453 s

maxsize : 14
nodes : 201538.000000
filtered : 2272492.000000
time : 0.563585
