Parameters: GAD=1 vflib=1 dir=0 label=0 lowerbound=1 fileNameGp=../graphsdb/mcs70/m4D/m4D/mcs70_m4D_s25.A32 fileNameGt=../graphsdb/mcs70/m4D/m4D/mcs70_m4D_s25.B32
Reading graphs...
25 :  47
25 :  47
Initializing...
maxdom : 25
D->valSize : 625
Solving...
Blb : 2 (clique : 14)
currentSize : 14 <-- 0.005374 s
currentSize : 15 <-- 0.005635 s
currentSize : 16 <-- 0.006990 s
currentSize : 17 <-- 0.007540 s
currentSize : 18 <-- 0.015814 s
currentSize : 19 <-- 0.135186 s

maxsize : 19
nodes : 211525.000000
filtered : 6396246.000000
time : 0.967582
