Parameters: GAD=1 vflib=1 dir=0 label=0 lowerbound=1 fileNameGp=../graphsdb/mcs70/rand/r02/mcs70_r02_s35.A64 fileNameGt=../graphsdb/mcs70/rand/r02/mcs70_r02_s35.B64
Reading graphs...
35 :  220
35 :  216
Initializing...
maxdom : 35
D->valSize : 1225
Solving...
Blb : 2 (clique : 11)
currentSize : 11 <-- 0.017992 s
currentSize : 12 <-- 0.019416 s
currentSize : 13 <-- 0.088438 s
currentSize : 14 <-- 0.110036 s
currentSize : 15 <-- 22.240519 s
currentSize : 17 <-- 260.289429 s
currentSize : 18 <-- 610.101257 s
currentSize : 24 <-- 610.101501 s

maxsize : 24
nodes : 162689308.000000
filtered : 2269189740.000000
time : 618.737915
