Parameters: GAD=1 vflib=1 dir=0 label=0 lowerbound=1 fileNameGp=../graphsdb/mcs70/rand/r01/mcs70_r01_s35.A36 fileNameGt=../graphsdb/mcs70/rand/r01/mcs70_r01_s35.B36
Reading graphs...
35 :  112
35 :  112
Initializing...
maxdom : 35
D->valSize : 1225
Solving...
Blb : 2 (clique : 16)
currentSize : 16 <-- 0.019476 s
currentSize : 17 <-- 0.021217 s
currentSize : 18 <-- 0.022105 s
currentSize : 19 <-- 0.183356 s
currentSize : 20 <-- 1.270202 s
currentSize : 21 <-- 557.403320 s
currentSize : 22 <-- 1253.679321 s
currentSize : 24 <-- 1253.680542 s

maxsize : 24
nodes : 240172600.000000
filtered : 8594568360.000000
time : 1319.510376
