Parameters: GAD=1 vflib=1 dir=0 label=0 lowerbound=1 fileNameGp=../graphsdb/mcs70/bvg/b03m/mcs70_b03m_s30.A66 fileNameGt=../graphsdb/mcs70/bvg/b03m/mcs70_b03m_s30.B66
Reading graphs...
30 :  44
30 :  44
Initializing...
maxdom : 30
D->valSize : 900
Solving...
Blb : 2 (clique : 17)
currentSize : 17 <-- 0.011462 s
currentSize : 18 <-- 0.011599 s
currentSize : 19 <-- 0.011694 s
currentSize : 20 <-- 0.012187 s
currentSize : 21 <-- 0.021025 s
currentSize : 22 <-- 2.389863 s
currentSize : 23 <-- 3.381630 s

maxsize : 23
nodes : 10922157.000000
filtered : 431391135.000000
time : 64.689842
