Parameters: GAD=1 vflib=1 dir=0 label=0 lowerbound=1 fileNameGp=../graphsdb/mcs70/m2D/m2Dr4/mcs70_m2Dr4_s25.A20 fileNameGt=../graphsdb/mcs70/m2D/m2Dr4/mcs70_m2Dr4_s25.B20
Reading graphs...
25 :  49
25 :  47
Initializing...
maxdom : 25
D->valSize : 625
Solving...
Blb : 2 (clique : 13)
currentSize : 13 <-- 0.005342 s
currentSize : 14 <-- 0.005528 s
currentSize : 15 <-- 0.014777 s
currentSize : 16 <-- 0.075670 s
currentSize : 17 <-- 0.183320 s
currentSize : 18 <-- 5.761299 s

maxsize : 18
nodes : 2286139.000000
filtered : 53865730.000000
time : 9.248046
