Parameters: GAD=1 vflib=1 dir=0 label=0 lowerbound=1 fileNameGp=../graphsdb/mcs70/m4D/m4D/mcs70_m4D_s25.A37 fileNameGt=../graphsdb/mcs70/m4D/m4D/mcs70_m4D_s25.B37
Reading graphs...
25 :  47
25 :  46
Initializing...
maxdom : 25
D->valSize : 625
Solving...
Blb : 2 (clique : 16)
currentSize : 16 <-- 0.005238 s
currentSize : 17 <-- 0.005733 s
currentSize : 18 <-- 0.005749 s
currentSize : 19 <-- 0.844205 s
currentSize : 20 <-- 1.949253 s

maxsize : 20
nodes : 402828.000000
filtered : 13859693.000000
time : 2.025212
