Parameters: GAD=1 vflib=1 dir=0 label=0 lowerbound=1 fileNameGp=../graphsdb/mcs70/m2D/m2D/mcs70_m2D_s35.A50 fileNameGt=../graphsdb/mcs70/m2D/m2D/mcs70_m2D_s35.B50
Reading graphs...
35 :  58
35 :  58
Initializing...
maxdom : 35
D->valSize : 1225
Solving...
Blb : 2 (clique : 21)
currentSize : 21 <-- 0.021188 s
currentSize : 24 <-- 0.021375 s
currentSize : 25 <-- 0.021446 s
currentSize : 26 <-- 0.024366 s
currentSize : 27 <-- 15.571489 s

maxsize : 27
nodes : 27549485.000000
filtered : 1258017195.000000
time : 196.082016
