Parameters: GAD=1 vflib=1 dir=0 label=0 lowerbound=1 fileNameGp=../graphsdb/mcs70/m4D/m4D/mcs70_m4D_s25.A04 fileNameGt=../graphsdb/mcs70/m4D/m4D/mcs70_m4D_s25.B04
Reading graphs...
25 :  47
25 :  46
Initializing...
maxdom : 25
D->valSize : 625
Solving...
Blb : 2 (clique : 15)
currentSize : 15 <-- 0.005453 s
currentSize : 16 <-- 0.005550 s
currentSize : 17 <-- 0.005830 s
currentSize : 18 <-- 0.059391 s
currentSize : 19 <-- 0.461097 s

maxsize : 19
nodes : 355242.000000
filtered : 9697342.000000
time : 1.621320
