Parameters: GAD=1 vflib=1 dir=0 label=0 lowerbound=1 fileNameGp=../graphsdb/mcs70/bvg/b03/mcs70_b03_s25.A41 fileNameGt=../graphsdb/mcs70/bvg/b03/mcs70_b03_s25.B41
Reading graphs...
25 :  36
25 :  37
Initializing...
maxdom : 25
D->valSize : 625
Solving...
Blb : 2 (clique : 15)
currentSize : 15 <-- 0.005569 s
currentSize : 17 <-- 0.005671 s
currentSize : 18 <-- 0.005702 s
currentSize : 19 <-- 0.005843 s
currentSize : 20 <-- 0.239261 s

maxsize : 20
nodes : 140361.000000
filtered : 4046111.000000
time : 0.661776
