Parameters: GAD=1 vflib=1 dir=0 label=0 lowerbound=1 fileNameGp=../graphsdb/mcs70/bvg/b06/mcs70_b06_s35.A58 fileNameGt=../graphsdb/mcs70/bvg/b06/mcs70_b06_s35.B58
Reading graphs...
35 :  104
35 :  104
Initializing...
maxdom : 35
D->valSize : 1225
Solving...
Blb : 2 (clique : 17)
currentSize : 17 <-- 0.025398 s
currentSize : 19 <-- 0.025557 s
currentSize : 20 <-- 0.025580 s
currentSize : 21 <-- 0.029748 s
currentSize : 22 <-- 0.048081 s
currentSize : 23 <-- 0.087147 s
currentSize : 24 <-- 0.242932 s
currentSize : 25 <-- 0.407878 s
currentSize : 26 <-- 4.337348 s

maxsize : 26
nodes : 3193066.000000
filtered : 145922959.000000
time : 21.667109
