Parameters: GAD=1 vflib=1 dir=0 label=0 lowerbound=1 fileNameGp=../graphsdb/mcs70/rand/r005/mcs70_r005_s35.A47 fileNameGt=../graphsdb/mcs70/rand/r005/mcs70_r005_s35.B47
Reading graphs...
35 :  57
35 :  58
Initializing...
maxdom : 35
D->valSize : 1225
Solving...
Blb : 2 (clique : 21)
currentSize : 21 <-- 0.036929 s
currentSize : 22 <-- 0.038908 s
currentSize : 23 <-- 0.072614 s
currentSize : 24 <-- 0.592646 s
currentSize : 25 <-- 1.380947 s
currentSize : 26 <-- 252.587036 s

maxsize : 26
nodes : 114370208.000000
filtered : 4823055183.000000
time : 740.765137
