Parameters: GAD=1 vflib=1 dir=0 label=0 lowerbound=1 fileNameGp=../graphsdb/mcs70/bvg/b06m/mcs70_b06m_s35.A33 fileNameGt=../graphsdb/mcs70/bvg/b06m/mcs70_b06m_s35.B33
Reading graphs...
35 :  101
35 :  101
Initializing...
maxdom : 35
D->valSize : 1225
Solving...
Blb : 2 (clique : 16)
currentSize : 16 <-- 0.020297 s
currentSize : 18 <-- 0.020453 s
currentSize : 19 <-- 0.020469 s
currentSize : 20 <-- 0.021678 s
currentSize : 21 <-- 20.649206 s
currentSize : 22 <-- 149.295486 s
currentSize : 24 <-- 323.194183 s

maxsize : 24
nodes : 68926741.000000
filtered : 3069708492.000000
time : 431.540924
