Parameters: GAD=1 vflib=1 dir=0 label=0 lowerbound=1 fileNameGp=../graphsdb/mcs70/bvg/b09/mcs70_b09_s30.A94 fileNameGt=../graphsdb/mcs70/bvg/b09/mcs70_b09_s30.B94
Reading graphs...
30 :  132
30 :  134
Initializing...
maxdom : 30
D->valSize : 900
Solving...
Blb : 5 (clique : 12)
currentSize : 12 <-- 0.009752 s
currentSize : 13 <-- 0.021860 s
currentSize : 14 <-- 0.024273 s
currentSize : 15 <-- 0.277616 s
currentSize : 16 <-- 0.462117 s
currentSize : 17 <-- 0.894450 s
currentSize : 19 <-- 0.897025 s
currentSize : 20 <-- 0.897499 s

maxsize : 20
nodes : 1384504.000000
filtered : 50826089.000000
time : 7.726531
