Parameters: GAD=1 vflib=1 dir=0 label=0 lowerbound=1 fileNameGp=../graphsdb/mcs70/rand/r005/mcs70_r005_s25.A38 fileNameGt=../graphsdb/mcs70/rand/r005/mcs70_r005_s25.B38
Reading graphs...
25 :  33
25 :  33
Initializing...
maxdom : 25
D->valSize : 625
Solving...
Blb : 5 (clique : 16)
currentSize : 16 <-- 0.005652 s
currentSize : 17 <-- 0.005760 s
currentSize : 18 <-- 0.006572 s
currentSize : 19 <-- 0.133964 s
currentSize : 20 <-- 2.872129 s

maxsize : 20
nodes : 659527.000000
filtered : 21705276.000000
time : 3.183372
