Parameters: GAD=1 vflib=1 dir=0 label=0 lowerbound=1 fileNameGp=../graphsdb/mcs70/bvg/b09m/mcs70_b09m_s30.A59 fileNameGt=../graphsdb/mcs70/bvg/b09m/mcs70_b09m_s30.B59
Reading graphs...
30 :  128
30 :  128
Initializing...
maxdom : 30
D->valSize : 900
Solving...
Blb : 5 (clique : 12)
currentSize : 12 <-- 0.016959 s
currentSize : 14 <-- 0.017180 s
currentSize : 15 <-- 0.039885 s
currentSize : 16 <-- 1.359204 s
currentSize : 18 <-- 44.416107 s
currentSize : 20 <-- 44.416759 s

maxsize : 20
nodes : 12293449.000000
filtered : 238873734.000000
time : 49.929592
