Parameters: GAD=1 vflib=1 dir=0 label=0 lowerbound=1 fileNameGp=../graphsdb/mcs70/m3D/m3Dr6/mcs70_m3Dr6_s35.A12 fileNameGt=../graphsdb/mcs70/m3D/m3Dr6/mcs70_m3Dr6_s35.B12
Reading graphs...
35 :  92
35 :  91
Initializing...
maxdom : 35
D->valSize : 1225
Solving...
Blb : 2 (clique : 17)
currentSize : 17 <-- 0.020666 s
currentSize : 18 <-- 0.020838 s
currentSize : 19 <-- 0.050223 s
currentSize : 20 <-- 0.404014 s
currentSize : 21 <-- 5.967854 s
currentSize : 22 <-- 81.643532 s
currentSize : 23 <-- 220.640900 s
currentSize : 25 <-- 222.532745 s
currentSize : 28 <-- 242.602631 s

maxsize : 28
nodes : 43903017.000000
filtered : 1571286698.000000
time : 246.262711
