Parameters: GAD=1 vflib=1 dir=0 label=0 lowerbound=1 fileNameGp=../graphsdb/mcs70/bvg/b06m/mcs70_b06m_s30.A03 fileNameGt=../graphsdb/mcs70/bvg/b06m/mcs70_b06m_s30.B03
Reading graphs...
30 :  89
30 :  87
Initializing...
maxdom : 30
D->valSize : 900
Solving...
Blb : 2 (clique : 13)
currentSize : 13 <-- 0.016271 s
currentSize : 14 <-- 0.016388 s
currentSize : 15 <-- 0.016531 s
currentSize : 16 <-- 0.258026 s
currentSize : 17 <-- 0.692205 s
currentSize : 18 <-- 8.811384 s
currentSize : 19 <-- 8.939817 s
currentSize : 20 <-- 8.939919 s
currentSize : 21 <-- 8.940185 s

maxsize : 21
nodes : 3265637.000000
filtered : 85302343.000000
time : 14.690946
