Parameters: GAD=1 vflib=1 dir=0 label=0 lowerbound=1 fileNameGp=../graphsdb/mcs70/m2D/m2D/mcs70_m2D_s35.A36 fileNameGt=../graphsdb/mcs70/m2D/m2D/mcs70_m2D_s35.B36
Reading graphs...
35 :  58
35 :  58
Initializing...
maxdom : 35
D->valSize : 1225
Solving...
Blb : 2 (clique : 20)
currentSize : 20 <-- 0.021024 s
currentSize : 22 <-- 0.021212 s
currentSize : 23 <-- 0.021801 s
currentSize : 24 <-- 0.027406 s
currentSize : 25 <-- 0.975106 s
currentSize : 26 <-- 11.875061 s
currentSize : 27 <-- 19.742111 s
currentSize : 28 <-- 19.743929 s

maxsize : 28
nodes : 9010045.000000
filtered : 428786894.000000
time : 64.855499
