Parameters: GAD=1 vflib=1 dir=0 label=0 lowerbound=1 fileNameGp=../graphsdb/mcs70/rand/r02/mcs70_r02_s35.A70 fileNameGt=../graphsdb/mcs70/rand/r02/mcs70_r02_s35.B70
Reading graphs...
35 :  213
35 :  210
Initializing...
maxdom : 35
D->valSize : 1225
Solving...
Blb : 2 (clique : 10)
currentSize : 10 <-- 0.017401 s
currentSize : 11 <-- 0.017690 s
currentSize : 12 <-- 0.017774 s
currentSize : 13 <-- 0.035388 s
currentSize : 14 <-- 0.984330 s
currentSize : 15 <-- 37.209705 s
currentSize : 16 <-- 37.209839 s
currentSize : 17 <-- 125.475769 s
currentSize : 18 <-- 125.475830 s
currentSize : 24 <-- 487.866302 s

maxsize : 24
nodes : 119290106.000000
filtered : 2115221420.000000
time : 498.812531
