Parameters: GAD=1 vflib=1 dir=0 label=0 lowerbound=1 fileNameGp=../graphsdb/mcs70/bvg/b09/mcs70_b09_s35.A17 fileNameGt=../graphsdb/mcs70/bvg/b09/mcs70_b09_s35.B17
Reading graphs...
35 :  155
35 :  152
Initializing...
maxdom : 35
D->valSize : 1225
Solving...
Blb : 2 (clique : 13)
currentSize : 13 <-- 0.018349 s
currentSize : 14 <-- 0.018485 s
currentSize : 15 <-- 0.018553 s
currentSize : 16 <-- 0.018698 s
currentSize : 17 <-- 0.031268 s
currentSize : 18 <-- 4.263668 s
currentSize : 19 <-- 4.371611 s
currentSize : 21 <-- 4.371638 s
currentSize : 22 <-- 4.829701 s
currentSize : 23 <-- 5.016178 s
currentSize : 24 <-- 5.016311 s
currentSize : 25 <-- 5.060912 s

maxsize : 25
nodes : 3779065.000000
filtered : 127244921.000000
time : 20.960253
