Parameters: GAD=1 vflib=1 dir=0 label=0 lowerbound=1 fileNameGp=../graphsdb/mcs70/rand/r01/mcs70_r01_s30.A47 fileNameGt=../graphsdb/mcs70/rand/r01/mcs70_r01_s30.B47
Reading graphs...
30 :  82
30 :  81
Initializing...
maxdom : 30
D->valSize : 900
Solving...
Blb : 2 (clique : 14)
currentSize : 14 <-- 0.010545 s
currentSize : 15 <-- 0.010868 s
currentSize : 16 <-- 0.010960 s
currentSize : 17 <-- 0.052467 s
currentSize : 18 <-- 1.362726 s
currentSize : 19 <-- 3.561093 s
currentSize : 21 <-- 39.051659 s

maxsize : 21
nodes : 10546568.000000
filtered : 340274843.000000
time : 53.717682
