Parameters: GAD=1 vflib=1 dir=0 label=0 lowerbound=1 fileNameGp=../graphsdb/mcs70/m2D/m2Dr6/m2Dr6/mcs70_m2Dr6_s35.A97 fileNameGt=../graphsdb/mcs70/m2D/m2Dr6/m2Dr6/mcs70_m2Dr6_s35.B97
Reading graphs...
35 :  79
35 :  78
Initializing...
maxdom : 35
D->valSize : 1225
Solving...
Blb : 2 (clique : 20)
currentSize : 20 <-- 0.020660 s
currentSize : 21 <-- 0.069006 s
currentSize : 22 <-- 0.367718 s
currentSize : 23 <-- 92.700989 s
currentSize : 24 <-- 278.980499 s
currentSize : 25 <-- 279.169159 s
currentSize : 26 <-- 279.169769 s

maxsize : 26
nodes : 65105220.000000
filtered : 1906191412.000000
time : 349.428131
