Parameters: GAD=1 vflib=1 dir=0 label=0 lowerbound=1 fileNameGp=../graphsdb/mcs70/bvg/b06m/mcs70_b06m_s35.A84 fileNameGt=../graphsdb/mcs70/bvg/b06m/mcs70_b06m_s35.B84
Reading graphs...
35 :  105
35 :  105
Initializing...
maxdom : 35
D->valSize : 1225
Solving...
Blb : 2 (clique : 17)
currentSize : 17 <-- 0.034215 s
currentSize : 18 <-- 0.103133 s
currentSize : 19 <-- 0.215816 s
currentSize : 20 <-- 3.607416 s
currentSize : 21 <-- 760.804260 s
currentSize : 24 <-- 899.104370 s

maxsize : 24
nodes : 182060749.000000
filtered : 6463094939.000000
time : 978.444702
