Parameters: GAD=1 vflib=1 dir=0 label=0 lowerbound=1 fileNameGp=../graphsdb/mcs70/bvg/b06/mcs70_b06_s30.A80 fileNameGt=../graphsdb/mcs70/bvg/b06/mcs70_b06_s30.B80
Reading graphs...
30 :  90
30 :  89
Initializing...
maxdom : 30
D->valSize : 900
Solving...
Blb : 2 (clique : 14)
currentSize : 14 <-- 0.010265 s
currentSize : 15 <-- 0.010938 s
currentSize : 16 <-- 0.017724 s
currentSize : 17 <-- 0.035634 s
currentSize : 18 <-- 0.036813 s
currentSize : 19 <-- 0.046328 s
currentSize : 20 <-- 1.060012 s
currentSize : 21 <-- 4.581629 s
currentSize : 22 <-- 4.629850 s

maxsize : 22
nodes : 1530228.000000
filtered : 54902924.000000
time : 8.412066
