Parameters: GAD=1 vflib=1 dir=0 label=0 lowerbound=1 fileNameGp=../graphsdb/mcs70/rand/r01/mcs70_r01_s30.A24 fileNameGt=../graphsdb/mcs70/rand/r01/mcs70_r01_s30.B24
Reading graphs...
30 :  81
30 :  80
Initializing...
maxdom : 30
D->valSize : 900
Solving...
Blb : 2 (clique : 14)
currentSize : 14 <-- 0.010596 s
currentSize : 16 <-- 0.010713 s
currentSize : 17 <-- 0.016485 s
currentSize : 18 <-- 0.174207 s
currentSize : 19 <-- 24.701332 s
currentSize : 20 <-- 107.452721 s
currentSize : 21 <-- 107.453918 s

maxsize : 21
nodes : 23020988.000000
filtered : 665398113.000000
time : 110.647705
