Parameters: GAD=1 vflib=1 dir=0 label=0 lowerbound=1 fileNameGp=../graphsdb/mcs70/rand/r02/mcs70_r02_s20.A46 fileNameGt=../graphsdb/mcs70/rand/r02/mcs70_r02_s20.B46
Reading graphs...
20 :  67
20 :  67
Initializing...
maxdom : 20
D->valSize : 400
Solving...
Blb : 2 (clique : 9)
currentSize : 9 <-- 0.002179 s
currentSize : 10 <-- 0.002270 s
currentSize : 11 <-- 0.002407 s
currentSize : 12 <-- 0.171538 s
currentSize : 15 <-- 0.338973 s

maxsize : 15
nodes : 108404.000000
filtered : 1468439.000000
time : 0.372349
