Parameters: GAD=1 vflib=1 dir=0 label=0 lowerbound=1 fileNameGp=../graphsdb/mcs70/bvg/b06/mcs70_b06_s25.A15 fileNameGt=../graphsdb/mcs70/bvg/b06/mcs70_b06_s25.B15
Reading graphs...
25 :  73
25 :  75
Initializing...
maxdom : 25
D->valSize : 625
Solving...
Blb : 2 (clique : 14)
currentSize : 14 <-- 0.005507 s
currentSize : 15 <-- 0.007165 s
currentSize : 16 <-- 0.007495 s
currentSize : 17 <-- 0.034194 s
currentSize : 18 <-- 0.121115 s
currentSize : 19 <-- 0.124078 s

maxsize : 19
nodes : 94337.000000
filtered : 2706702.000000
time : 0.443619
