Parameters: GAD=1 vflib=1 dir=0 label=0 lowerbound=1 fileNameGp=../graphsdb/mcs70/bvg/b06m/mcs70_b06m_s25.A11 fileNameGt=../graphsdb/mcs70/bvg/b06m/mcs70_b06m_s25.B11
Reading graphs...
25 :  72
25 :  72
Initializing...
maxdom : 25
D->valSize : 625
Solving...
Blb : 3 (clique : 12)
currentSize : 12 <-- 0.004968 s
currentSize : 13 <-- 0.005161 s
currentSize : 14 <-- 0.058742 s
currentSize : 15 <-- 0.080920 s
currentSize : 18 <-- 3.397425 s

maxsize : 18
nodes : 1007688.000000
filtered : 18609285.000000
time : 3.700162
