Parameters: GAD=1 vflib=1 dir=0 label=0 lowerbound=1 fileNameGp=../graphsdb/mcs70/m4D/m4Dr6/mcs70_m4Dr6_s25.A68 fileNameGt=../graphsdb/mcs70/m4D/m4Dr6/mcs70_m4Dr6_s25.B68
Reading graphs...
25 :  60
25 :  59
Initializing...
maxdom : 25
D->valSize : 625
Solving...
Blb : 2 (clique : 11)
currentSize : 11 <-- 0.008835 s
currentSize : 12 <-- 0.008950 s
currentSize : 14 <-- 0.009385 s
currentSize : 15 <-- 0.014291 s
currentSize : 16 <-- 0.015383 s
currentSize : 17 <-- 0.536603 s

maxsize : 17
nodes : 891099.000000
filtered : 22844525.000000
time : 3.760629
