Parameters: GAD=1 vflib=1 dir=0 label=0 lowerbound=1 fileNameGp=../graphsdb/mcs70/bvg/b06/mcs70_b06_s25.A00 fileNameGt=../graphsdb/mcs70/bvg/b06/mcs70_b06_s25.B00
Reading graphs...
25 :  75
25 :  73
Initializing...
maxdom : 25
D->valSize : 625
Solving...
Blb : 3 (clique : 12)
currentSize : 12 <-- 0.008401 s
currentSize : 13 <-- 0.009426 s
currentSize : 14 <-- 0.010458 s
currentSize : 15 <-- 0.017697 s
currentSize : 16 <-- 0.072475 s
currentSize : 17 <-- 0.073103 s
currentSize : 18 <-- 0.073620 s
currentSize : 19 <-- 0.593150 s

maxsize : 19
nodes : 137920.000000
filtered : 4474191.000000
time : 0.684787
