Parameters: GAD=1 vflib=1 dir=0 label=0 lowerbound=1 fileNameGp=../graphsdb/mcs70/bvg/b09m/mcs70_b09m_s20.A76 fileNameGt=../graphsdb/mcs70/bvg/b09m/mcs70_b09m_s20.B76
Reading graphs...
20 :  81
20 :  76
Initializing...
maxdom : 20
D->valSize : 400
Solving...
Blb : 2 (clique : 8)
currentSize : 8 <-- 0.003500 s
currentSize : 9 <-- 0.003605 s
currentSize : 10 <-- 0.003772 s
currentSize : 11 <-- 0.005651 s
currentSize : 12 <-- 0.085880 s
currentSize : 13 <-- 0.141282 s
currentSize : 14 <-- 0.141312 s

maxsize : 14
nodes : 71942.000000
filtered : 1054606.000000
time : 0.253578
