Parameters: GAD=1 vflib=1 dir=0 label=0 lowerbound=1 fileNameGp=../graphsdb/mcs70/m2D/m2Dr4/mcs70_m2Dr4_s25.A80 fileNameGt=../graphsdb/mcs70/m2D/m2Dr4/mcs70_m2Dr4_s25.B80
Reading graphs...
25 :  48
25 :  48
Initializing...
maxdom : 25
D->valSize : 625
Solving...
Blb : 2 (clique : 13)
currentSize : 13 <-- 0.005451 s
currentSize : 14 <-- 0.005536 s
currentSize : 15 <-- 0.007027 s
currentSize : 16 <-- 0.007279 s
currentSize : 17 <-- 0.126705 s
currentSize : 18 <-- 0.135292 s
currentSize : 19 <-- 1.494961 s

maxsize : 19
nodes : 349916.000000
filtered : 10170213.000000
time : 1.588631
