Parameters: GAD=1 vflib=1 dir=0 label=0 lowerbound=1 fileNameGp=../graphsdb/mcs70/m3D/m3D/mcs70_m3D_s35.A12 fileNameGt=../graphsdb/mcs70/m3D/m3D/mcs70_m3D_s35.B12
Reading graphs...
35 :  71
35 :  72
Initializing...
maxdom : 35
D->valSize : 1225
Solving...
Blb : 2 (clique : 21)
currentSize : 21 <-- 0.020956 s
currentSize : 24 <-- 0.021132 s
currentSize : 25 <-- 0.021187 s
currentSize : 26 <-- 0.022253 s
currentSize : 27 <-- 0.022275 s
currentSize : 28 <-- 0.242905 s

maxsize : 28
nodes : 2211777.000000
filtered : 103902974.000000
time : 16.489431
