Parameters: GAD=1 vflib=1 dir=0 label=0 lowerbound=1 fileNameGp=../graphsdb/mcs70/rand/r005/mcs70_r005_s35.A48 fileNameGt=../graphsdb/mcs70/rand/r005/mcs70_r005_s35.B48
Reading graphs...
35 :  58
35 :  58
Initializing...
maxdom : 35
D->valSize : 1225
Solving...
Blb : 5 (clique : 21)
currentSize : 21 <-- 0.021403 s
currentSize : 22 <-- 0.201943 s
currentSize : 23 <-- 0.435816 s
currentSize : 24 <-- 0.916160 s
currentSize : 25 <-- 3.539197 s
currentSize : 26 <-- 34.724571 s

maxsize : 26
nodes : 150545228.000000
filtered : 7751001943.000000
time : 1123.781860
