Parameters: GAD=1 vflib=1 dir=0 label=0 lowerbound=1 fileNameGp=../graphsdb/mcs70/bvg/b09/mcs70_b09_s30.A51 fileNameGt=../graphsdb/mcs70/bvg/b09/mcs70_b09_s30.B51
Reading graphs...
30 :  129
30 :  134
Initializing...
maxdom : 30
D->valSize : 900
Solving...
Blb : 2 (clique : 13)
currentSize : 13 <-- 0.016795 s
currentSize : 14 <-- 0.018270 s
currentSize : 15 <-- 0.158346 s
currentSize : 16 <-- 0.171220 s
currentSize : 17 <-- 0.171471 s
currentSize : 18 <-- 0.555991 s
currentSize : 19 <-- 0.556141 s
currentSize : 20 <-- 2.179140 s
currentSize : 21 <-- 6.327546 s

maxsize : 21
nodes : 1524775.000000
filtered : 54116316.000000
time : 8.403901
