Parameters: GAD=1 vflib=1 dir=0 label=0 lowerbound=1 fileNameGp=../graphsdb/mcs70/bvg/b09/mcs70_b09_s25.A10 fileNameGt=../graphsdb/mcs70/bvg/b09/mcs70_b09_s25.B10
Reading graphs...
25 :  110
25 :  112
Initializing...
maxdom : 25
D->valSize : 625
Solving...
Blb : 2 (clique : 11)
currentSize : 11 <-- 0.008961 s
currentSize : 12 <-- 0.009238 s
currentSize : 13 <-- 0.046170 s
currentSize : 14 <-- 0.252535 s
currentSize : 15 <-- 0.287115 s
currentSize : 16 <-- 0.920279 s

maxsize : 16
nodes : 584801.000000
filtered : 13718689.000000
time : 2.445692
