Parameters: GAD=1 vflib=1 dir=0 label=0 lowerbound=1 fileNameGp=../graphsdb/mcs70/rand/r005/mcs70_r005_s30.A06 fileNameGt=../graphsdb/mcs70/rand/r005/mcs70_r005_s30.B06
Reading graphs...
30 :  41
30 :  41
Initializing...
maxdom : 30
D->valSize : 900
Solving...
Blb : 2 (clique : 19)
currentSize : 19 <-- 0.019910 s
currentSize : 20 <-- 0.020184 s
currentSize : 21 <-- 0.020392 s
currentSize : 22 <-- 0.088518 s
currentSize : 23 <-- 2.859920 s

maxsize : 23
nodes : 97272032.000000
filtered : 3555925310.000000
time : 553.632446
