Parameters: GAD=1 vflib=1 dir=0 label=0 lowerbound=1 fileNameGp=../graphsdb/mcs70/m2D/m2D/mcs70_m2D_s35.A13 fileNameGt=../graphsdb/mcs70/m2D/m2D/mcs70_m2D_s35.B13
Reading graphs...
35 :  58
35 :  56
Initializing...
maxdom : 35
D->valSize : 1225
Solving...
Blb : 2 (clique : 23)
currentSize : 23 <-- 0.026130 s
currentSize : 24 <-- 0.029177 s
currentSize : 25 <-- 0.029909 s
currentSize : 26 <-- 24.697216 s
currentSize : 27 <-- 216.368256 s
currentSize : 28 <-- 303.273407 s

maxsize : 28
nodes : 47523720.000000
filtered : 2114480159.000000
time : 322.465363
