Parameters: GAD=1 vflib=1 dir=0 label=0 lowerbound=1 fileNameGp=../graphsdb/mcs70/bvg/b09m/mcs70_b09m_s30.A79 fileNameGt=../graphsdb/mcs70/bvg/b09m/mcs70_b09m_s30.B79
Reading graphs...
30 :  129
30 :  129
Initializing...
maxdom : 30
D->valSize : 900
Solving...
Blb : 2 (clique : 12)
currentSize : 12 <-- 0.009771 s
currentSize : 13 <-- 0.009894 s
currentSize : 14 <-- 0.013938 s
currentSize : 15 <-- 0.054663 s
currentSize : 16 <-- 0.057970 s
currentSize : 17 <-- 4.821378 s
currentSize : 19 <-- 4.895241 s
currentSize : 21 <-- 4.895279 s

maxsize : 21
nodes : 1626007.000000
filtered : 41736340.000000
time : 7.322801
