Parameters: GAD=1 vflib=1 dir=0 label=0 lowerbound=1 fileNameGp=../graphsdb/mcs70/rand/r01/mcs70_r01_s25.A95 fileNameGt=../graphsdb/mcs70/rand/r01/mcs70_r01_s25.B95
Reading graphs...
25 :  55
25 :  54
Initializing...
maxdom : 25
D->valSize : 625
Solving...
Blb : 2 (clique : 13)
currentSize : 13 <-- 0.005477 s
currentSize : 14 <-- 0.005592 s
currentSize : 15 <-- 0.009475 s
currentSize : 16 <-- 0.009749 s
currentSize : 17 <-- 0.143770 s

maxsize : 17
nodes : 2136734.000000
filtered : 59908304.000000
time : 9.285153
