Parameters: GAD=1 vflib=1 dir=0 label=0 lowerbound=1 fileNameGp=../graphsdb/mcs70/bvg/b09m/mcs70_b09m_s20.A38 fileNameGt=../graphsdb/mcs70/bvg/b09m/mcs70_b09m_s20.B38
Reading graphs...
20 :  80
20 :  83
Initializing...
maxdom : 20
D->valSize : 400
Solving...
Blb : 2 (clique : 9)
currentSize : 9 <-- 0.004076 s
currentSize : 10 <-- 0.005106 s
currentSize : 11 <-- 0.010423 s
currentSize : 12 <-- 0.085394 s
currentSize : 14 <-- 0.403714 s

maxsize : 14
nodes : 125292.000000
filtered : 1804296.000000
time : 0.445325
