Parameters: GAD=1 vflib=1 dir=0 label=0 lowerbound=1 fileNameGp=../graphsdb/mcs70/bvg/b06m/mcs70_b06m_s30.A64 fileNameGt=../graphsdb/mcs70/bvg/b06m/mcs70_b06m_s30.B64
Reading graphs...
30 :  87
30 :  87
Initializing...
maxdom : 30
D->valSize : 900
Solving...
Blb : 2 (clique : 14)
currentSize : 14 <-- 0.018051 s
currentSize : 15 <-- 0.018509 s
currentSize : 16 <-- 0.020882 s
currentSize : 17 <-- 0.104207 s
currentSize : 18 <-- 1.662699 s
currentSize : 19 <-- 3.541119 s
currentSize : 21 <-- 3.851390 s

maxsize : 21
nodes : 1767684.000000
filtered : 66549742.000000
time : 9.841488
