Parameters: GAD=1 vflib=1 dir=0 label=0 lowerbound=1 fileNameGp=../graphsdb/mcs70/m3D/m3Dr4/mcs70_m3Dr4_s35.A18 fileNameGt=../graphsdb/mcs70/m3D/m3Dr4/mcs70_m3Dr4_s35.B18
Reading graphs...
35 :  86
35 :  84
Initializing...
maxdom : 35
D->valSize : 1225
Solving...
Blb : 2 (clique : 18)
currentSize : 18 <-- 0.020334 s
currentSize : 19 <-- 0.020600 s
currentSize : 20 <-- 0.021975 s
currentSize : 21 <-- 0.459051 s
currentSize : 22 <-- 27.453163 s
currentSize : 23 <-- 176.094482 s
currentSize : 24 <-- 220.682861 s
currentSize : 25 <-- 235.388733 s
currentSize : 26 <-- 355.029602 s
currentSize : 27 <-- 372.528687 s

maxsize : 27
nodes : 64351589.000000
filtered : 2441432885.000000
time : 374.189301
