Parameters: GAD=1 vflib=1 dir=0 label=0 lowerbound=1 fileNameGp=../graphsdb/mcs70/m4D/m4D/mcs70_m4D_s25.A74 fileNameGt=../graphsdb/mcs70/m4D/m4D/mcs70_m4D_s25.B74
Reading graphs...
25 :  46
25 :  47
Initializing...
maxdom : 25
D->valSize : 625
Solving...
Blb : 2 (clique : 13)
currentSize : 13 <-- 0.005495 s
currentSize : 14 <-- 0.005579 s
currentSize : 15 <-- 0.005637 s
currentSize : 16 <-- 0.005916 s
currentSize : 17 <-- 0.006217 s
currentSize : 18 <-- 0.006317 s
currentSize : 19 <-- 0.146042 s

maxsize : 19
nodes : 204990.000000
filtered : 5964680.000000
time : 0.938697
