Parameters: GAD=1 vflib=1 dir=0 label=0 lowerbound=1 fileNameGp=../graphsdb/mcs70/bvg/b06m/mcs70_b06m_s30.A83 fileNameGt=../graphsdb/mcs70/bvg/b06m/mcs70_b06m_s30.B83
Reading graphs...
30 :  88
30 :  88
Initializing...
maxdom : 30
D->valSize : 900
Solving...
Blb : 2 (clique : 13)
currentSize : 13 <-- 0.010444 s
currentSize : 15 <-- 0.010557 s
currentSize : 16 <-- 0.012827 s
currentSize : 17 <-- 0.104910 s
currentSize : 18 <-- 1.923142 s
currentSize : 19 <-- 48.741680 s
currentSize : 20 <-- 102.483727 s
currentSize : 21 <-- 102.483757 s

maxsize : 21
nodes : 21357218.000000
filtered : 657576122.000000
time : 105.003021
