Parameters: GAD=1 vflib=1 dir=0 label=0 lowerbound=1 fileNameGp=../graphsdb/mcs70/m2D/m2Dr2/mcs70_m2Dr2_s35.A43 fileNameGt=../graphsdb/mcs70/m2D/m2Dr2/mcs70_m2Dr2_s35.B43
Reading graphs...
35 :  65
35 :  63
Initializing...
maxdom : 35
D->valSize : 1225
Solving...
Blb : 2 (clique : 19)
currentSize : 19 <-- 0.021205 s
currentSize : 20 <-- 0.021398 s
currentSize : 21 <-- 0.021480 s
currentSize : 22 <-- 0.023208 s
currentSize : 23 <-- 0.093318 s
currentSize : 24 <-- 0.142499 s
currentSize : 25 <-- 12.109540 s
currentSize : 26 <-- 52.535744 s
currentSize : 27 <-- 515.093506 s

maxsize : 27
nodes : 83786492.000000
filtered : 4544800661.000000
time : 618.447449
