Parameters: GAD=1 vflib=1 dir=0 label=0 lowerbound=1 fileNameGp=../graphsdb/mcs70/rand/r01/mcs70_r01_s25.A98 fileNameGt=../graphsdb/mcs70/rand/r01/mcs70_r01_s25.B98
Reading graphs...
25 :  58
25 :  54
Initializing...
maxdom : 25
D->valSize : 625
Solving...
Blb : 5 (clique : 12)
currentSize : 12 <-- 0.005268 s
currentSize : 13 <-- 0.007238 s
currentSize : 14 <-- 0.008961 s
currentSize : 15 <-- 0.021590 s
currentSize : 16 <-- 0.173585 s
currentSize : 17 <-- 2.411188 s

maxsize : 17
nodes : 1534556.000000
filtered : 33533565.000000
time : 6.140602
