Parameters: GAD=1 vflib=1 dir=0 label=0 lowerbound=1 fileNameGp=../graphsdb/mcs70/m2D/m2D/mcs70_m2D_s25.A57 fileNameGt=../graphsdb/mcs70/m2D/m2D/mcs70_m2D_s25.B57
Reading graphs...
25 :  40
25 :  39
Initializing...
maxdom : 25
D->valSize : 625
Solving...
Blb : 2 (clique : 15)
currentSize : 15 <-- 0.009449 s
currentSize : 16 <-- 0.009783 s
currentSize : 17 <-- 0.019767 s
currentSize : 18 <-- 0.258562 s
currentSize : 19 <-- 0.639771 s

maxsize : 19
nodes : 439694.000000
filtered : 10760498.000000
time : 1.969943
