Parameters: GAD=1 vflib=1 dir=0 label=0 lowerbound=1 fileNameGp=../graphsdb/mcs70/m2D/m2Dr4/mcs70_m2Dr4_s35.A70 fileNameGt=../graphsdb/mcs70/m2D/m2Dr4/mcs70_m2Dr4_s35.B70
Reading graphs...
35 :  71
35 :  69
Initializing...
maxdom : 35
D->valSize : 1225
Solving...
Blb : 2 (clique : 18)
currentSize : 18 <-- 0.020757 s
currentSize : 19 <-- 0.020926 s
currentSize : 20 <-- 0.020947 s
currentSize : 21 <-- 0.032017 s
currentSize : 22 <-- 0.105014 s
currentSize : 23 <-- 0.105071 s
currentSize : 24 <-- 35.830780 s
currentSize : 25 <-- 356.633759 s
currentSize : 26 <-- 644.149902 s

maxsize : 26
nodes : 124058207.000000
filtered : 4959140444.000000
time : 769.461975
