Parameters: GAD=1 vflib=1 dir=0 label=0 lowerbound=1 fileNameGp=../graphsdb/mcs70/bvg/b09m/mcs70_b09m_s15.A46 fileNameGt=../graphsdb/mcs70/bvg/b09m/mcs70_b09m_s15.B46
Reading graphs...
15 :  59
15 :  59
Initializing...
maxdom : 15
D->valSize : 225
Solving...
Blb : 2 (clique : 7)
currentSize : 7 <-- 0.000890 s
currentSize : 8 <-- 0.001011 s
currentSize : 9 <-- 0.001050 s
currentSize : 10 <-- 0.001262 s
currentSize : 11 <-- 0.004595 s

maxsize : 11
nodes : 3005.000000
filtered : 54641.000000
time : 0.009794
