Parameters: GAD=1 vflib=1 dir=0 label=0 lowerbound=1 fileNameGp=../graphsdb/mcs70/m2D/m2Dr4/mcs70_m2Dr4_s35.A93 fileNameGt=../graphsdb/mcs70/m2D/m2Dr4/mcs70_m2Dr4_s35.B93
Reading graphs...
35 :  70
35 :  67
Initializing...
maxdom : 35
D->valSize : 1225
Solving...
Blb : 2 (clique : 19)
currentSize : 19 <-- 0.020891 s
currentSize : 20 <-- 0.021049 s
currentSize : 21 <-- 0.021063 s
currentSize : 22 <-- 0.022877 s
currentSize : 23 <-- 0.030953 s
currentSize : 24 <-- 2.764229 s
currentSize : 25 <-- 28.234467 s

maxsize : 25
nodes : 80740128.000000
filtered : 3550747895.000000
time : 524.357178
