Parameters: GAD=1 vflib=1 dir=0 label=0 lowerbound=1 fileNameGp=../graphsdb/mcs70/m3D/m3Dr4/mcs70_m3Dr4_s35.A61 fileNameGt=../graphsdb/mcs70/m3D/m3Dr4/mcs70_m3Dr4_s35.B61
Reading graphs...
35 :  84
35 :  82
Initializing...
maxdom : 35
D->valSize : 1225
Solving...
Blb : 2 (clique : 18)
currentSize : 18 <-- 0.035287 s
currentSize : 19 <-- 0.071939 s
currentSize : 20 <-- 0.113058 s
currentSize : 21 <-- 0.529148 s
currentSize : 22 <-- 0.575328 s
currentSize : 23 <-- 32.509983 s
currentSize : 24 <-- 32.795712 s
currentSize : 25 <-- 32.795719 s
currentSize : 27 <-- 49.844597 s

maxsize : 27
nodes : 10696221.000000
filtered : 382682049.000000
time : 61.863804
