Parameters: GAD=1 vflib=1 dir=0 label=0 lowerbound=1 fileNameGp=../graphsdb/mcs70/m4D/m4Dr4/mcs70_m4Dr4_s25.A65 fileNameGt=../graphsdb/mcs70/m4D/m4Dr4/mcs70_m4Dr4_s25.B65
Reading graphs...
25 :  57
25 :  56
Initializing...
maxdom : 25
D->valSize : 625
Solving...
Blb : 2 (clique : 13)
currentSize : 13 <-- 0.005227 s
currentSize : 14 <-- 0.005313 s
currentSize : 15 <-- 0.007505 s
currentSize : 16 <-- 0.234389 s
currentSize : 17 <-- 1.772249 s

maxsize : 17
nodes : 888405.000000
filtered : 22980093.000000
time : 3.742701
