Parameters: GAD=1 vflib=1 dir=0 label=0 lowerbound=1 fileNameGp=../graphsdb/mcs70/bvg/b06m/mcs70_b06m_s25.A61 fileNameGt=../graphsdb/mcs70/bvg/b06m/mcs70_b06m_s25.B61
Reading graphs...
25 :  69
25 :  67
Initializing...
maxdom : 25
D->valSize : 625
Solving...
Blb : 2 (clique : 13)
currentSize : 13 <-- 0.008734 s
currentSize : 14 <-- 0.038127 s
currentSize : 15 <-- 0.114225 s
currentSize : 16 <-- 2.611091 s
currentSize : 17 <-- 5.224665 s

maxsize : 17
nodes : 1410691.000000
filtered : 33051991.000000
time : 6.034574
