Parameters: GAD=1 vflib=1 dir=0 label=0 lowerbound=1 fileNameGp=../graphsdb/mcs70/m2D/m2D/mcs70_m2D_s35.A72 fileNameGt=../graphsdb/mcs70/m2D/m2D/mcs70_m2D_s35.B72
Reading graphs...
35 :  58
35 :  58
Initializing...
maxdom : 35
D->valSize : 1225
Solving...
Blb : 2 (clique : 21)
currentSize : 21 <-- 0.036556 s
currentSize : 22 <-- 0.036942 s
currentSize : 23 <-- 0.071932 s
currentSize : 24 <-- 1.105385 s
currentSize : 25 <-- 2.722552 s
currentSize : 26 <-- 11.297699 s
currentSize : 27 <-- 13.909653 s

maxsize : 27
nodes : 21250528.000000
filtered : 1064680378.000000
time : 159.201035
