Parameters: GAD=1 vflib=1 dir=0 label=0 lowerbound=1 fileNameGp=../graphsdb/mcs70/bvg/b09m/mcs70_b09m_s35.A48 fileNameGt=../graphsdb/mcs70/bvg/b09m/mcs70_b09m_s35.B48
Reading graphs...
35 :  150
35 :  152
Initializing...
maxdom : 35
D->valSize : 1225
Solving...
Blb : 2 (clique : 13)
currentSize : 13 <-- 0.031595 s
currentSize : 14 <-- 0.032236 s
currentSize : 15 <-- 0.034406 s
currentSize : 16 <-- 0.054018 s
currentSize : 17 <-- 3.787314 s
currentSize : 18 <-- 24.832712 s
currentSize : 23 <-- 188.541626 s
currentSize : 24 <-- 188.541687 s

maxsize : 24
nodes : 46092436.000000
filtered : 1012313408.000000
time : 207.446457
