Parameters: GAD=1 vflib=1 dir=0 label=0 lowerbound=1 fileNameGp=../graphsdb/mcs70/rand/r005/mcs70_r005_s30.A76 fileNameGt=../graphsdb/mcs70/rand/r005/mcs70_r005_s30.B76
Reading graphs...
30 :  40
30 :  42
Initializing...
maxdom : 30
D->valSize : 900
Solving...
Blb : 2 (clique : 19)
currentSize : 19 <-- 0.020179 s
currentSize : 20 <-- 0.020386 s
currentSize : 21 <-- 0.020424 s
currentSize : 22 <-- 0.020867 s
currentSize : 23 <-- 0.050295 s

maxsize : 23
nodes : 43037768.000000
filtered : 1520998136.000000
time : 251.936066
