Parameters: GAD=1 vflib=1 dir=0 label=0 lowerbound=1 fileNameGp=../graphsdb/mcs70/m4D/m4Dr6/mcs70_m4Dr6_s25.A15 fileNameGt=../graphsdb/mcs70/m4D/m4Dr6/mcs70_m4Dr6_s25.B15
Reading graphs...
25 :  61
25 :  60
Initializing...
maxdom : 25
D->valSize : 625
Solving...
Blb : 2 (clique : 13)
currentSize : 13 <-- 0.005618 s
currentSize : 14 <-- 0.008147 s
currentSize : 15 <-- 0.010779 s
currentSize : 16 <-- 0.018358 s
currentSize : 17 <-- 0.460487 s
currentSize : 18 <-- 0.604515 s

maxsize : 18
nodes : 223458.000000
filtered : 6796072.000000
time : 1.028677
