Parameters: GAD=1 vflib=1 dir=0 label=0 lowerbound=1 fileNameGp=../graphsdb/mcs70/rand/r02/mcs70_r02_s35.A60 fileNameGt=../graphsdb/mcs70/rand/r02/mcs70_r02_s35.B60
Reading graphs...
35 :  210
35 :  213
Initializing...
maxdom : 35
D->valSize : 1225
Solving...
Blb : 5 (clique : 13)
currentSize : 13 <-- 0.029872 s
currentSize : 14 <-- 0.037428 s
currentSize : 15 <-- 9.752965 s
currentSize : 16 <-- 83.563950 s
currentSize : 18 <-- 83.564095 s
currentSize : 19 <-- 233.323181 s
currentSize : 24 <-- 233.323242 s

maxsize : 24
nodes : 58012235.000000
filtered : 1061708690.000000
time : 249.573578
