Parameters: GAD=1 vflib=1 dir=0 label=0 lowerbound=1 fileNameGp=../graphsdb/mcs70/m4D/m4Dr6/mcs70_m4Dr6_s25.A13 fileNameGt=../graphsdb/mcs70/m4D/m4Dr6/mcs70_m4Dr6_s25.B13
Reading graphs...
25 :  57
25 :  58
Initializing...
maxdom : 25
D->valSize : 625
Solving...
Blb : 2 (clique : 13)
currentSize : 13 <-- 0.008918 s
currentSize : 14 <-- 0.009048 s
currentSize : 15 <-- 0.009058 s
currentSize : 16 <-- 0.039911 s
currentSize : 17 <-- 0.506448 s

maxsize : 17
nodes : 1063381.000000
filtered : 32672620.000000
time : 5.067480
