Parameters: GAD=1 vflib=1 dir=0 label=0 lowerbound=1 fileNameGp=../graphsdb/mcs70/rand/r02/mcs70_r02_s30.A14 fileNameGt=../graphsdb/mcs70/rand/r02/mcs70_r02_s30.B14
Reading graphs...
30 :  165
30 :  160
Initializing...
maxdom : 30
D->valSize : 900
Solving...
Blb : 3 (clique : 10)
currentSize : 10 <-- 0.009514 s
currentSize : 11 <-- 0.009645 s
currentSize : 12 <-- 0.010128 s
currentSize : 13 <-- 0.243839 s
currentSize : 14 <-- 43.493259 s
currentSize : 15 <-- 87.313309 s
currentSize : 17 <-- 111.508087 s
currentSize : 21 <-- 111.613693 s

maxsize : 21
nodes : 35269760.000000
filtered : 374664594.000000
time : 114.664391
