Parameters: GAD=1 vflib=1 dir=0 label=0 lowerbound=1 fileNameGp=../graphsdb/mcs70/rand/r01/mcs70_r01_s35.A54 fileNameGt=../graphsdb/mcs70/rand/r01/mcs70_r01_s35.B54
Reading graphs...
35 :  112
35 :  110
Initializing...
maxdom : 35
D->valSize : 1225
Solving...
Blb : 2 (clique : 16)
currentSize : 16 <-- 0.019241 s
currentSize : 17 <-- 0.020067 s
currentSize : 18 <-- 0.049538 s
currentSize : 19 <-- 0.086420 s
currentSize : 20 <-- 30.522465 s
currentSize : 21 <-- 90.735336 s
currentSize : 24 <-- 416.178284 s

maxsize : 24
nodes : 90996337.000000
filtered : 3403823126.000000
time : 520.609802
