Parameters: GAD=1 vflib=1 dir=0 label=0 lowerbound=1 fileNameGp=../graphsdb/mcs70/bvg/b03m/mcs70_b03m_s35.A06 fileNameGt=../graphsdb/mcs70/bvg/b03m/mcs70_b03m_s35.B06
Reading graphs...
35 :  51
35 :  52
Initializing...
maxdom : 35
D->valSize : 1225
Solving...
Blb : 2 (clique : 22)
currentSize : 22 <-- 0.022442 s
currentSize : 23 <-- 0.024677 s
currentSize : 24 <-- 0.331783 s
currentSize : 25 <-- 0.354430 s
currentSize : 26 <-- 4.991206 s
currentSize : 27 <-- 173.906754 s

maxsize : 27
nodes : 178547469.000000
filtered : 8127979341.000000
time : 1291.526001
