Parameters: GAD=1 vflib=1 dir=0 label=0 lowerbound=1 fileNameGp=../graphsdb/mcs70/bvg/b03m/mcs70_b03m_s35.A77 fileNameGt=../graphsdb/mcs70/bvg/b03m/mcs70_b03m_s35.B77
Reading graphs...
35 :  50
35 :  51
Initializing...
maxdom : 35
D->valSize : 1225
Solving...
Blb : 2 (clique : 22)
currentSize : 22 <-- 0.021640 s
currentSize : 23 <-- 0.039629 s
currentSize : 24 <-- 0.048797 s
currentSize : 25 <-- 0.120434 s
currentSize : 26 <-- 17.752510 s
currentSize : 27 <-- 75.316101 s
currentSize : 28 <-- 80.954063 s

maxsize : 28
nodes : 21068255.000000
filtered : 1017218831.000000
time : 156.067856
