Parameters: GAD=1 vflib=1 dir=0 label=0 lowerbound=1 fileNameGp=../graphsdb/mcs70/m2D/m2Dr2/mcs70_m2Dr2_s35.A98 fileNameGt=../graphsdb/mcs70/m2D/m2Dr2/mcs70_m2Dr2_s35.B98
Reading graphs...
35 :  65
35 :  65
Initializing...
maxdom : 35
D->valSize : 1225
Solving...
Blb : 2 (clique : 18)
currentSize : 18 <-- 0.022062 s
currentSize : 21 <-- 0.022224 s
currentSize : 22 <-- 0.022414 s
currentSize : 23 <-- 0.040369 s
currentSize : 24 <-- 0.146934 s
currentSize : 25 <-- 123.297081 s
currentSize : 26 <-- 185.660217 s
currentSize : 27 <-- 263.023529 s
currentSize : 28 <-- 263.023621 s

maxsize : 28
nodes : 41631259.000000
filtered : 1729981193.000000
time : 265.360321
