Parameters: GAD=1 vflib=1 dir=0 label=0 lowerbound=1 fileNameGp=../graphsdb/mcs70/m4D/m4Dr4/mcs70_m4Dr4_s25.A85 fileNameGt=../graphsdb/mcs70/m4D/m4Dr4/mcs70_m4Dr4_s25.B85
Reading graphs...
25 :  55
25 :  55
Initializing...
maxdom : 25
D->valSize : 625
Solving...
Blb : 2 (clique : 12)
currentSize : 12 <-- 0.005316 s
currentSize : 13 <-- 0.005406 s
currentSize : 14 <-- 0.006066 s
currentSize : 15 <-- 0.006921 s
currentSize : 16 <-- 0.010068 s
currentSize : 17 <-- 0.352776 s
currentSize : 18 <-- 0.944310 s

maxsize : 18
nodes : 456873.000000
filtered : 11904674.000000
time : 1.977909
