Parameters: GAD=1 vflib=1 dir=0 label=0 lowerbound=1 fileNameGp=../graphsdb/mcs70/rand/r02/mcs70_r02_s20.A61 fileNameGt=../graphsdb/mcs70/rand/r02/mcs70_r02_s20.B61
Reading graphs...
20 :  67
20 :  66
Initializing...
maxdom : 20
D->valSize : 400
Solving...
Blb : 2 (clique : 10)
currentSize : 10 <-- 0.002257 s
currentSize : 11 <-- 0.003053 s
currentSize : 12 <-- 0.009262 s
currentSize : 13 <-- 0.022365 s
currentSize : 14 <-- 0.023092 s

maxsize : 14
nodes : 46163.000000
filtered : 942850.000000
time : 0.163089
