Parameters: GAD=1 vflib=1 dir=0 label=0 lowerbound=1 fileNameGp=../graphsdb/mcs70/bvg/b03/mcs70_b03_s35.A18 fileNameGt=../graphsdb/mcs70/bvg/b03/mcs70_b03_s35.B18
Reading graphs...
35 :  52
35 :  52
Initializing...
maxdom : 35
D->valSize : 1225
Solving...
Blb : 2 (clique : 21)
currentSize : 21 <-- 0.026252 s
currentSize : 25 <-- 0.026452 s
currentSize : 26 <-- 0.036770 s
currentSize : 27 <-- 96.633835 s
currentSize : 28 <-- 212.140015 s

maxsize : 28
nodes : 38712567.000000
filtered : 1868238512.000000
time : 272.081085
