Parameters: GAD=1 vflib=1 dir=0 label=0 lowerbound=1 fileNameGp=../graphsdb/mcs70/bvg/b03m/mcs70_b03m_s25.A54 fileNameGt=../graphsdb/mcs70/bvg/b03m/mcs70_b03m_s25.B54
Reading graphs...
25 :  36
25 :  36
Initializing...
maxdom : 25
D->valSize : 625
Solving...
Blb : 2 (clique : 15)
currentSize : 15 <-- 0.005685 s
currentSize : 16 <-- 0.006005 s
currentSize : 17 <-- 0.006082 s
currentSize : 18 <-- 0.009411 s
currentSize : 19 <-- 0.236984 s
currentSize : 20 <-- 0.833928 s

maxsize : 20
nodes : 237157.000000
filtered : 7755631.000000
time : 1.101620
