Parameters: GAD=1 vflib=1 dir=0 label=0 lowerbound=1 fileNameGp=../graphsdb/mcs70/m2D/m2Dr6/m2Dr6/mcs70_m2Dr6_s25.A39 fileNameGt=../graphsdb/mcs70/m2D/m2Dr6/m2Dr6/mcs70_m2Dr6_s25.B39
Reading graphs...
25 :  54
25 :  52
Initializing...
maxdom : 25
D->valSize : 625
Solving...
Blb : 2 (clique : 13)
currentSize : 13 <-- 0.009082 s
currentSize : 14 <-- 0.010575 s
currentSize : 15 <-- 0.011238 s
currentSize : 16 <-- 0.017809 s
currentSize : 17 <-- 0.331168 s

maxsize : 17
nodes : 3780852.000000
filtered : 84772285.000000
time : 15.210128
