Parameters: GAD=1 vflib=1 dir=0 label=0 lowerbound=1 fileNameGp=../graphsdb/mcs70/bvg/b06m/mcs70_b06m_s30.A24 fileNameGt=../graphsdb/mcs70/bvg/b06m/mcs70_b06m_s30.B24
Reading graphs...
30 :  86
30 :  88
Initializing...
maxdom : 30
D->valSize : 900
Solving...
Blb : 5 (clique : 15)
currentSize : 15 <-- 0.010442 s
currentSize : 16 <-- 0.012406 s
currentSize : 17 <-- 0.093504 s
currentSize : 18 <-- 5.792772 s
currentSize : 20 <-- 32.661961 s
currentSize : 21 <-- 32.662498 s
currentSize : 22 <-- 32.662533 s

maxsize : 22
nodes : 7772834.000000
filtered : 209570905.000000
time : 35.345985
