Parameters: GAD=1 vflib=1 dir=0 label=0 lowerbound=1 fileNameGp=../graphsdb/mcs70/bvg/b06/mcs70_b06_s35.A39 fileNameGt=../graphsdb/mcs70/bvg/b06/mcs70_b06_s35.B39
Reading graphs...
35 :  104
35 :  104
Initializing...
maxdom : 35
D->valSize : 1225
Solving...
Blb : 2 (clique : 16)
currentSize : 16 <-- 0.019681 s
currentSize : 17 <-- 0.019838 s
currentSize : 18 <-- 0.020121 s
currentSize : 19 <-- 0.054273 s
currentSize : 20 <-- 0.350441 s
currentSize : 21 <-- 6.857301 s
currentSize : 22 <-- 9.973304 s
currentSize : 23 <-- 10.053631 s
currentSize : 25 <-- 10.115732 s
currentSize : 26 <-- 15.376325 s

maxsize : 26
nodes : 5878873.000000
filtered : 261403131.000000
time : 39.263374
