Parameters: GAD=1 vflib=1 dir=0 label=0 lowerbound=1 fileNameGp=../graphsdb/mcs70/bvg/b06m/mcs70_b06m_s30.A46 fileNameGt=../graphsdb/mcs70/bvg/b06m/mcs70_b06m_s30.B46
Reading graphs...
30 :  90
30 :  90
Initializing...
maxdom : 30
D->valSize : 900
Solving...
Blb : 2 (clique : 13)
currentSize : 13 <-- 0.018121 s
currentSize : 14 <-- 0.018280 s
currentSize : 15 <-- 0.065114 s
currentSize : 16 <-- 0.069097 s
currentSize : 17 <-- 0.201891 s
currentSize : 18 <-- 10.445959 s
currentSize : 19 <-- 31.798271 s
currentSize : 21 <-- 31.798340 s

maxsize : 21
nodes : 8419106.000000
filtered : 266676055.000000
time : 40.737934
