Parameters: GAD=1 vflib=1 dir=0 label=0 lowerbound=1 fileNameGp=../graphsdb/mcs70/bvg/b06/mcs70_b06_s25.A76 fileNameGt=../graphsdb/mcs70/bvg/b06/mcs70_b06_s25.B76
Reading graphs...
25 :  75
25 :  74
Initializing...
maxdom : 25
D->valSize : 625
Solving...
Blb : 2 (clique : 11)
currentSize : 11 <-- 0.005105 s
currentSize : 12 <-- 0.005182 s
currentSize : 13 <-- 0.005314 s
currentSize : 14 <-- 0.020951 s
currentSize : 15 <-- 0.062799 s
currentSize : 16 <-- 0.125318 s
currentSize : 17 <-- 0.489168 s
currentSize : 18 <-- 1.770169 s

maxsize : 18
nodes : 444566.000000
filtered : 13483309.000000
time : 2.045996
