Parameters: GAD=1 vflib=1 dir=0 label=0 lowerbound=1 fileNameGp=../graphsdb/mcs70/m3D/m3D/mcs70_m3D_s35.A94 fileNameGt=../graphsdb/mcs70/m3D/m3D/mcs70_m3D_s35.B94
Reading graphs...
35 :  72
35 :  72
Initializing...
maxdom : 35
D->valSize : 1225
Solving...
Blb : 2 (clique : 20)
currentSize : 20 <-- 0.020461 s
currentSize : 21 <-- 0.022665 s
currentSize : 22 <-- 0.046185 s
currentSize : 23 <-- 0.169630 s
currentSize : 24 <-- 4.001435 s
currentSize : 25 <-- 29.035761 s
currentSize : 26 <-- 29.055847 s
currentSize : 27 <-- 35.350346 s
currentSize : 28 <-- 35.351620 s

maxsize : 28
nodes : 9365203.000000
filtered : 272037094.000000
time : 50.061237
