Parameters: GAD=1 vflib=1 dir=0 label=0 lowerbound=1 fileNameGp=../graphsdb/mcs70/m2D/m2Dr6/m2Dr6/mcs70_m2Dr6_s35.A59 fileNameGt=../graphsdb/mcs70/m2D/m2Dr6/m2Dr6/mcs70_m2Dr6_s35.B59
Reading graphs...
35 :  79
35 :  77
Initializing...
maxdom : 35
D->valSize : 1225
Solving...
Blb : 5 (clique : 18)
currentSize : 18 <-- 0.020370 s
currentSize : 19 <-- 0.020547 s
currentSize : 20 <-- 0.020889 s
currentSize : 21 <-- 0.061523 s
currentSize : 22 <-- 0.091977 s
currentSize : 23 <-- 2.762460 s
currentSize : 24 <-- 112.268433 s
currentSize : 25 <-- 312.003235 s
currentSize : 26 <-- 312.003296 s

maxsize : 26
nodes : 63888853.000000
filtered : 2478038764.000000
time : 386.386475
