Parameters: GAD=1 vflib=1 dir=0 label=0 lowerbound=1 fileNameGp=../graphsdb/mcs70/m2D/m2Dr4/mcs70_m2Dr4_s35.A83 fileNameGt=../graphsdb/mcs70/m2D/m2Dr4/mcs70_m2Dr4_s35.B83
Reading graphs...
35 :  72
35 :  70
Initializing...
maxdom : 35
D->valSize : 1225
Solving...
Blb : 2 (clique : 17)
currentSize : 17 <-- 0.021172 s
currentSize : 19 <-- 0.021331 s
currentSize : 20 <-- 0.032077 s
currentSize : 21 <-- 0.200553 s
currentSize : 22 <-- 20.201721 s
currentSize : 23 <-- 20.272060 s
currentSize : 24 <-- 377.866089 s
currentSize : 25 <-- 538.930969 s
currentSize : 26 <-- 990.824158 s

maxsize : 26
nodes : 165774494.000000
filtered : 7429758750.000000
time : 1102.371460
