Parameters: GAD=1 vflib=1 dir=0 label=0 lowerbound=1 fileNameGp=../graphsdb/mcs70/bvg/b06m/mcs70_b06m_s20.A39 fileNameGt=../graphsdb/mcs70/bvg/b06m/mcs70_b06m_s20.B39
Reading graphs...
20 :  56
20 :  57
Initializing...
maxdom : 20
D->valSize : 400
Solving...
Blb : 2 (clique : 9)
currentSize : 9 <-- 0.002325 s
currentSize : 10 <-- 0.002384 s
currentSize : 11 <-- 0.002795 s
currentSize : 12 <-- 0.003399 s
currentSize : 13 <-- 0.159652 s
currentSize : 14 <-- 0.159697 s

maxsize : 14
nodes : 69326.000000
filtered : 1252476.000000
time : 0.234855
