Parameters: GAD=1 vflib=1 dir=0 label=0 lowerbound=1 fileNameGp=../graphsdb/mcs70/m2D/m2Dr2/mcs70_m2Dr2_s35.A23 fileNameGt=../graphsdb/mcs70/m2D/m2Dr2/mcs70_m2Dr2_s35.B23
Reading graphs...
35 :  64
35 :  64
Initializing...
maxdom : 35
D->valSize : 1225
Solving...
Blb : 5 (clique : 20)
currentSize : 20 <-- 0.036719 s
currentSize : 21 <-- 0.040307 s
currentSize : 22 <-- 0.042003 s
currentSize : 23 <-- 0.156730 s
currentSize : 24 <-- 6.245142 s
currentSize : 25 <-- 11.551263 s
currentSize : 26 <-- 16.506092 s
currentSize : 27 <-- 89.995049 s

maxsize : 27
nodes : 19499560.000000
filtered : 872585369.000000
time : 136.944687
