Parameters: GAD=1 vflib=1 dir=0 label=0 lowerbound=1 fileNameGp=../graphsdb/mcs70/bvg/b06m/mcs70_b06m_s30.A92 fileNameGt=../graphsdb/mcs70/bvg/b06m/mcs70_b06m_s30.B92
Reading graphs...
30 :  89
30 :  88
Initializing...
maxdom : 30
D->valSize : 900
Solving...
Blb : 5 (clique : 13)
currentSize : 13 <-- 0.010488 s
currentSize : 14 <-- 0.011342 s
currentSize : 15 <-- 0.024052 s
currentSize : 16 <-- 0.044277 s
currentSize : 17 <-- 0.644721 s
currentSize : 18 <-- 5.805951 s
currentSize : 19 <-- 5.824352 s
currentSize : 20 <-- 6.519358 s
currentSize : 21 <-- 6.660662 s

maxsize : 21
nodes : 5172617.000000
filtered : 181875692.000000
time : 27.287470
