Parameters: GAD=1 vflib=1 dir=0 label=0 lowerbound=1 fileNameGp=../graphsdb/mcs70/bvg/b09/mcs70_b09_s35.A54 fileNameGt=../graphsdb/mcs70/bvg/b09/mcs70_b09_s35.B54
Reading graphs...
35 :  155
35 :  155
Initializing...
maxdom : 35
D->valSize : 1225
Solving...
Blb : 2 (clique : 13)
currentSize : 13 <-- 0.017954 s
currentSize : 14 <-- 0.021518 s
currentSize : 15 <-- 0.070302 s
currentSize : 16 <-- 0.097356 s
currentSize : 17 <-- 0.211617 s
currentSize : 18 <-- 0.211854 s
currentSize : 20 <-- 0.240235 s
currentSize : 24 <-- 0.280236 s
currentSize : 25 <-- 1.966839 s

maxsize : 25
nodes : 2474236.000000
filtered : 106254689.000000
time : 15.349539
