Parameters: GAD=1 vflib=1 dir=0 label=0 lowerbound=1 fileNameGp=../graphsdb/mcs70/rand/r01/mcs70_r01_s20.A26 fileNameGt=../graphsdb/mcs70/rand/r01/mcs70_r01_s20.B26
Reading graphs...
20 :  33
20 :  36
Initializing...
maxdom : 20
D->valSize : 400
Solving...
Blb : 2 (clique : 11)
currentSize : 11 <-- 0.002291 s
currentSize : 12 <-- 0.002774 s
currentSize : 13 <-- 0.003731 s
currentSize : 14 <-- 0.004041 s
currentSize : 15 <-- 0.056833 s

maxsize : 15
nodes : 67397.000000
filtered : 1630261.000000
time : 0.267061
