Parameters: GAD=1 vflib=1 dir=0 label=0 lowerbound=1 fileNameGp=../graphsdb/mcs70/m3D/m3Dr2/mcs70_m3Dr2_s35.A54 fileNameGt=../graphsdb/mcs70/m3D/m3Dr2/mcs70_m3Dr2_s35.B54
Reading graphs...
35 :  78
35 :  77
Initializing...
maxdom : 35
D->valSize : 1225
Solving...
Blb : 2 (clique : 18)
currentSize : 18 <-- 0.020512 s
currentSize : 19 <-- 0.021050 s
currentSize : 20 <-- 0.023994 s
currentSize : 21 <-- 0.104723 s
currentSize : 22 <-- 1.123902 s
currentSize : 23 <-- 346.672455 s
currentSize : 24 <-- 451.105011 s
currentSize : 25 <-- 538.732849 s
currentSize : 28 <-- 539.764343 s

maxsize : 28
nodes : 99186915.000000
filtered : 3369925733.000000
time : 551.407043
