Parameters: GAD=1 vflib=1 dir=0 label=0 lowerbound=1 fileNameGp=../graphsdb/mcs70/m4D/m4Dr4/mcs70_m4Dr4_s25.A02 fileNameGt=../graphsdb/mcs70/m4D/m4Dr4/mcs70_m4Dr4_s25.B02
Reading graphs...
25 :  56
25 :  56
Initializing...
maxdom : 25
D->valSize : 625
Solving...
Blb : 5 (clique : 13)
currentSize : 13 <-- 0.005566 s
currentSize : 14 <-- 0.005708 s
currentSize : 15 <-- 0.005858 s
currentSize : 16 <-- 0.009062 s
currentSize : 17 <-- 0.050058 s
currentSize : 18 <-- 1.064586 s

maxsize : 18
nodes : 356297.000000
filtered : 9022792.000000
time : 1.529946
