Parameters: GAD=1 vflib=1 dir=0 label=0 lowerbound=1 fileNameGp=../graphsdb/mcs70/bvg/b09/mcs70_b09_s25.A11 fileNameGt=../graphsdb/mcs70/bvg/b09/mcs70_b09_s25.B11
Reading graphs...
25 :  108
25 :  108
Initializing...
maxdom : 25
D->valSize : 625
Solving...
Blb : 2 (clique : 10)
currentSize : 10 <-- 0.004841 s
currentSize : 11 <-- 0.005558 s
currentSize : 12 <-- 0.005656 s
currentSize : 13 <-- 0.006400 s
currentSize : 16 <-- 0.027035 s
currentSize : 17 <-- 0.711224 s

maxsize : 17
nodes : 325465.000000
filtered : 7484913.000000
time : 1.402379
