Parameters: GAD=1 vflib=1 dir=0 label=0 lowerbound=1 fileNameGp=../graphsdb/mcs70/bvg/b09m/mcs70_b09m_s35.A76 fileNameGt=../graphsdb/mcs70/bvg/b09m/mcs70_b09m_s35.B76
Reading graphs...
35 :  152
35 :  151
Initializing...
maxdom : 35
D->valSize : 1225
Solving...
Blb : 2 (clique : 16)
currentSize : 16 <-- 0.018354 s
currentSize : 17 <-- 0.137210 s
currentSize : 18 <-- 2.546201 s
currentSize : 19 <-- 41.435562 s
currentSize : 21 <-- 41.629543 s
currentSize : 22 <-- 41.629601 s
currentSize : 23 <-- 66.427032 s
currentSize : 24 <-- 66.427086 s

maxsize : 24
nodes : 15403136.000000
filtered : 487108269.000000
time : 81.360054
