Parameters: GAD=1 vflib=1 dir=0 label=0 lowerbound=1 fileNameGp=../graphsdb/mcs70/bvg/b09/mcs70_b09_s35.A25 fileNameGt=../graphsdb/mcs70/bvg/b09/mcs70_b09_s35.B25
Reading graphs...
35 :  154
35 :  154
Initializing...
maxdom : 35
D->valSize : 1225
Solving...
Blb : 2 (clique : 15)
currentSize : 15 <-- 0.018628 s
currentSize : 16 <-- 0.025015 s
currentSize : 17 <-- 0.063061 s
currentSize : 18 <-- 0.063081 s
currentSize : 19 <-- 0.063123 s
currentSize : 21 <-- 0.063157 s
currentSize : 22 <-- 0.063217 s
currentSize : 23 <-- 0.063264 s
currentSize : 24 <-- 0.063422 s
currentSize : 25 <-- 0.657411 s
currentSize : 26 <-- 0.751015 s

maxsize : 26
nodes : 947476.000000
filtered : 49863452.000000
time : 6.702508
