Parameters: GAD=1 vflib=1 dir=0 label=0 lowerbound=1 fileNameGp=../graphsdb/mcs70/m3D/m3Dr4/mcs70_m3Dr4_s35.A49 fileNameGt=../graphsdb/mcs70/m3D/m3Dr4/mcs70_m3Dr4_s35.B49
Reading graphs...
35 :  85
35 :  82
Initializing...
maxdom : 35
D->valSize : 1225
Solving...
Blb : 2 (clique : 18)
currentSize : 18 <-- 0.020456 s
currentSize : 19 <-- 0.020624 s
currentSize : 20 <-- 0.020666 s
currentSize : 21 <-- 0.028872 s
currentSize : 22 <-- 0.037590 s
currentSize : 23 <-- 104.063766 s
currentSize : 24 <-- 106.686386 s
currentSize : 25 <-- 106.945168 s
currentSize : 27 <-- 106.945198 s

maxsize : 27
nodes : 24811505.000000
filtered : 737231112.000000
time : 126.197906
