Parameters: GAD=1 vflib=1 dir=0 label=0 lowerbound=1 fileNameGp=../graphsdb/mcs70/bvg/b09/mcs70_b09_s25.A55 fileNameGt=../graphsdb/mcs70/bvg/b09/mcs70_b09_s25.B55
Reading graphs...
25 :  109
25 :  108
Initializing...
maxdom : 25
D->valSize : 625
Solving...
Blb : 3 (clique : 11)
currentSize : 11 <-- 0.004732 s
currentSize : 12 <-- 0.005272 s
currentSize : 13 <-- 0.016244 s
currentSize : 14 <-- 0.020124 s
currentSize : 16 <-- 0.035600 s
currentSize : 17 <-- 0.042761 s

maxsize : 17
nodes : 225904.000000
filtered : 6039138.000000
time : 0.969015
