Parameters: GAD=1 vflib=1 dir=0 label=0 lowerbound=1 fileNameGp=../graphsdb/mcs70/bvg/b09/mcs70_b09_s30.A37 fileNameGt=../graphsdb/mcs70/bvg/b09/mcs70_b09_s30.B37
Reading graphs...
30 :  133
30 :  134
Initializing...
maxdom : 30
D->valSize : 900
Solving...
Blb : 3 (clique : 11)
currentSize : 11 <-- 0.009796 s
currentSize : 12 <-- 0.010315 s
currentSize : 13 <-- 0.010580 s
currentSize : 14 <-- 0.025219 s
currentSize : 17 <-- 0.411956 s
currentSize : 18 <-- 0.411972 s
currentSize : 19 <-- 2.209345 s
currentSize : 20 <-- 3.540311 s
currentSize : 21 <-- 7.305306 s

maxsize : 21
nodes : 1718530.000000
filtered : 57070424.000000
time : 8.756576
