Parameters: GAD=1 vflib=1 dir=0 label=0 lowerbound=1 fileNameGp=../graphsdb/mcs70/m2D/m2Dr6/m2Dr6/mcs70_m2Dr6_s35.A54 fileNameGt=../graphsdb/mcs70/m2D/m2Dr6/m2Dr6/mcs70_m2Dr6_s35.B54
Reading graphs...
35 :  79
35 :  76
Initializing...
maxdom : 35
D->valSize : 1225
Solving...
Blb : 2 (clique : 18)
currentSize : 18 <-- 0.021046 s
currentSize : 19 <-- 0.021345 s
currentSize : 20 <-- 0.022111 s
currentSize : 21 <-- 0.114502 s
currentSize : 22 <-- 1.462054 s
currentSize : 23 <-- 13.143157 s
currentSize : 26 <-- 22.548283 s

maxsize : 26
nodes : 12246027.000000
filtered : 579528843.000000
time : 83.295990
