Parameters: GAD=1 vflib=1 dir=0 label=0 lowerbound=1 fileNameGp=../graphsdb/mcs70/m2D/m2Dr2/mcs70_m2Dr2_s35.A22 fileNameGt=../graphsdb/mcs70/m2D/m2Dr2/mcs70_m2Dr2_s35.B22
Reading graphs...
35 :  63
35 :  64
Initializing...
maxdom : 35
D->valSize : 1225
Solving...
Blb : 5 (clique : 19)
currentSize : 19 <-- 0.036451 s
currentSize : 20 <-- 0.036749 s
currentSize : 21 <-- 0.036985 s
currentSize : 22 <-- 0.037307 s
currentSize : 23 <-- 0.037398 s
currentSize : 24 <-- 0.070154 s
currentSize : 25 <-- 9.447115 s
currentSize : 26 <-- 925.989929 s

maxsize : 26
nodes : 176984238.000000
filtered : 8431134034.000000
time : 1220.641479
