Parameters: GAD=1 vflib=1 dir=0 label=0 lowerbound=1 fileNameGp=../graphsdb/mcs70/bvg/b03m/mcs70_b03m_s35.A72 fileNameGt=../graphsdb/mcs70/bvg/b03m/mcs70_b03m_s35.B72
Reading graphs...
35 :  51
35 :  51
Initializing...
maxdom : 35
D->valSize : 1225
Solving...
Blb : 2 (clique : 21)
currentSize : 21 <-- 0.026464 s
currentSize : 23 <-- 0.026649 s
currentSize : 24 <-- 0.028037 s
currentSize : 25 <-- 0.042185 s
currentSize : 26 <-- 0.179335 s
currentSize : 27 <-- 382.770477 s

maxsize : 27
nodes : 155297444.000000
filtered : 7101513101.000000
time : 1072.477417
