Parameters: GAD=1 vflib=1 dir=0 label=0 lowerbound=1 fileNameGp=../graphsdb/mcs70/m3D/m3D/mcs70_m3D_s35.A70 fileNameGt=../graphsdb/mcs70/m3D/m3D/mcs70_m3D_s35.B70
Reading graphs...
35 :  72
35 :  72
Initializing...
maxdom : 35
D->valSize : 1225
Solving...
Blb : 2 (clique : 22)
currentSize : 22 <-- 0.036274 s
currentSize : 24 <-- 0.036603 s
currentSize : 26 <-- 0.038402 s
currentSize : 27 <-- 0.038435 s
currentSize : 28 <-- 0.349536 s

maxsize : 28
nodes : 2112593.000000
filtered : 95677251.000000
time : 14.936512
