Parameters: GAD=1 vflib=1 dir=0 label=0 lowerbound=1 fileNameGp=../graphsdb/mcs70/rand/r01/mcs70_r01_s35.A64 fileNameGt=../graphsdb/mcs70/rand/r01/mcs70_r01_s35.B64
Reading graphs...
35 :  112
35 :  113
Initializing...
maxdom : 35
D->valSize : 1225
Solving...
Blb : 2 (clique : 15)
currentSize : 15 <-- 0.020103 s
currentSize : 16 <-- 0.020282 s
currentSize : 17 <-- 0.020460 s
currentSize : 18 <-- 0.030215 s
currentSize : 19 <-- 9.652817 s
currentSize : 20 <-- 80.979042 s
currentSize : 22 <-- 1654.388550 s
currentSize : 24 <-- 1656.419434 s

maxsize : 24
nodes : 364549703.000000
filtered : 9633883306.000000
time : 1737.423950
