Parameters: GAD=1 vflib=1 dir=0 label=0 lowerbound=1 fileNameGp=../graphsdb/mcs70/bvg/b06m/mcs70_b06m_s35.A49 fileNameGt=../graphsdb/mcs70/bvg/b06m/mcs70_b06m_s35.B49
Reading graphs...
35 :  104
35 :  104
Initializing...
maxdom : 35
D->valSize : 1225
Solving...
Blb : 2 (clique : 16)
currentSize : 16 <-- 0.019730 s
currentSize : 17 <-- 0.019897 s
currentSize : 18 <-- 0.037844 s
currentSize : 19 <-- 0.135162 s
currentSize : 20 <-- 0.193962 s
currentSize : 21 <-- 18.900085 s
currentSize : 23 <-- 21.492855 s
currentSize : 24 <-- 40.007114 s
currentSize : 25 <-- 40.007137 s

maxsize : 25
nodes : 10538461.000000
filtered : 462097322.000000
time : 67.758301
