Parameters: GAD=1 vflib=1 dir=0 label=0 lowerbound=1 fileNameGp=../graphsdb/mcs90/rand/r01/mcs90_r01_s30.A57 fileNameGt=../graphsdb/mcs90/rand/r01/mcs90_r01_s30.B57
Reading graphs...
30 :  82
30 :  82
Initializing...
maxdom : 30
D->valSize : 900
Solving...
Blb : 3 (clique : 16)
currentSize : 16 <-- 0.010559 s
currentSize : 17 <-- 0.065348 s
currentSize : 18 <-- 4.018157 s
currentSize : 19 <-- 4.366882 s
currentSize : 23 <-- 15.559358 s
currentSize : 27 <-- 15.559465 s

maxsize : 27
nodes : 3605413.000000
filtered : 82893827.000000
time : 15.574053
