Parameters: GAD=1 vflib=1 dir=0 label=0 lowerbound=1 fileNameGp=../graphsdb/mcs90/bvg/b03m/mcs90_b03m_s25.A19 fileNameGt=../graphsdb/mcs90/bvg/b03m/mcs90_b03m_s25.B19
Reading graphs...
25 :  37
25 :  37
Initializing...
maxdom : 25
D->valSize : 625
Solving...
Blb : 2 (clique : 16)
currentSize : 16 <-- 0.005494 s
currentSize : 17 <-- 0.006189 s
currentSize : 18 <-- 0.006267 s
currentSize : 19 <-- 0.026148 s
currentSize : 20 <-- 0.317189 s
currentSize : 21 <-- 0.422532 s
currentSize : 22 <-- 0.422887 s

maxsize : 22
nodes : 92122.000000
filtered : 2767794.000000
time : 0.430797
