Parameters: GAD=1 vflib=1 dir=0 label=0 lowerbound=1 fileNameGp=../graphsdb/mcs90/rand/r02/mcs90_r02_s30.A53 fileNameGt=../graphsdb/mcs90/rand/r02/mcs90_r02_s30.B53
Reading graphs...
30 :  158
30 :  157
Initializing...
maxdom : 30
D->valSize : 900
Solving...
Blb : 5 (clique : 11)
currentSize : 11 <-- 0.016185 s
currentSize : 12 <-- 0.019656 s
currentSize : 13 <-- 0.050956 s
currentSize : 14 <-- 3.352950 s
currentSize : 16 <-- 3.361472 s
currentSize : 19 <-- 9.297528 s
currentSize : 27 <-- 9.315309 s

maxsize : 27
nodes : 2728301.000000
filtered : 32834241.000000
time : 9.333497
