Parameters: GAD=1 vflib=1 dir=0 label=0 lowerbound=1 fileNameGp=../graphsdb/mcs90/rand/r02/mcs90_r02_s25.A85 fileNameGt=../graphsdb/mcs90/rand/r02/mcs90_r02_s25.B85
Reading graphs...
25 :  109
25 :  109
Initializing...
maxdom : 25
D->valSize : 625
Solving...
Blb : 5 (clique : 11)
currentSize : 11 <-- 0.004661 s
currentSize : 12 <-- 0.005112 s
currentSize : 13 <-- 0.170267 s
currentSize : 14 <-- 0.179959 s
currentSize : 22 <-- 0.470013 s

maxsize : 22
nodes : 115374.000000
filtered : 1967693.000000
time : 0.480679
