Parameters: GAD=1 vflib=1 dir=0 label=0 lowerbound=1 fileNameGp=../graphsdb/mcs90/m4D/m4Dr6/mcs90_m4Dr6_s20.A05 fileNameGt=../graphsdb/mcs90/m4D/m4Dr6/mcs90_m4Dr6_s20.B05
Reading graphs...
20 :  46
20 :  46
Initializing...
maxdom : 20
D->valSize : 400
Solving...
Blb : 2 (clique : 11)
currentSize : 11 <-- 0.002275 s
currentSize : 12 <-- 0.002826 s
currentSize : 13 <-- 0.003424 s
currentSize : 14 <-- 0.006087 s
currentSize : 16 <-- 0.010534 s

maxsize : 16
nodes : 5507.000000
filtered : 124515.000000
time : 0.022178
