Parameters: GAD=1 vflib=1 dir=0 label=0 lowerbound=1 fileNameGp=../graphsdb/mcs90/rand/r01/mcs90_r01_s30.A69 fileNameGt=../graphsdb/mcs90/rand/r01/mcs90_r01_s30.B69
Reading graphs...
30 :  82
30 :  83
Initializing...
maxdom : 30
D->valSize : 900
Solving...
Blb : 2 (clique : 15)
currentSize : 15 <-- 0.010444 s
currentSize : 16 <-- 0.012971 s
currentSize : 17 <-- 0.019959 s
currentSize : 18 <-- 0.564271 s
currentSize : 19 <-- 4.524818 s
currentSize : 20 <-- 4.931183 s
currentSize : 22 <-- 4.932964 s
currentSize : 23 <-- 4.938015 s
currentSize : 27 <-- 5.300429 s

maxsize : 27
nodes : 1161525.000000
filtered : 30097171.000000
time : 5.313279
