Parameters: GAD=1 vflib=1 dir=0 label=0 lowerbound=1 fileNameGp=../graphsdb/mcs90/m2D/m2Dr4/mcs90_m2Dr4_s20.A79 fileNameGt=../graphsdb/mcs90/m2D/m2Dr4/mcs90_m2Dr4_s20.B79
Reading graphs...
20 :  38
20 :  39
Initializing...
maxdom : 20
D->valSize : 400
Solving...
Blb : 5 (clique : 12)
currentSize : 12 <-- 0.002296 s
currentSize : 13 <-- 0.006107 s
currentSize : 14 <-- 0.015499 s
currentSize : 15 <-- 0.050982 s
currentSize : 16 <-- 0.057807 s

maxsize : 16
nodes : 19355.000000
filtered : 437791.000000
time : 0.072134
