Parameters: GAD=1 vflib=1 dir=0 label=0 lowerbound=1 fileNameGp=../graphsdb/mcs90/bvg/b03m/mcs90_b03m_s25.A36 fileNameGt=../graphsdb/mcs90/bvg/b03m/mcs90_b03m_s25.B36
Reading graphs...
25 :  37
25 :  37
Initializing...
maxdom : 25
D->valSize : 625
Solving...
Blb : 2 (clique : 15)
currentSize : 15 <-- 0.005564 s
currentSize : 16 <-- 0.005790 s
currentSize : 17 <-- 0.006071 s
currentSize : 18 <-- 0.020736 s
currentSize : 19 <-- 0.040372 s
currentSize : 20 <-- 0.040435 s
currentSize : 21 <-- 0.040659 s
currentSize : 22 <-- 0.040713 s

maxsize : 22
nodes : 12036.000000
filtered : 279966.000000
time : 0.055674
