Parameters: GAD=1 vflib=1 dir=0 label=0 lowerbound=1 fileNameGp=../graphsdb/mcs90/bvg/b03m/mcs90_b03m_s25.A87 fileNameGt=../graphsdb/mcs90/bvg/b03m/mcs90_b03m_s25.B87
Reading graphs...
25 :  35
25 :  35
Initializing...
maxdom : 25
D->valSize : 625
Solving...
Blb : 2 (clique : 17)
currentSize : 17 <-- 0.005557 s
currentSize : 18 <-- 0.006816 s
currentSize : 19 <-- 0.007620 s
currentSize : 20 <-- 0.314186 s
currentSize : 21 <-- 0.317671 s
currentSize : 23 <-- 0.319378 s

maxsize : 23
nodes : 77006.000000
filtered : 1987838.000000
time : 0.323237
