Parameters: GAD=1 vflib=1 dir=0 label=0 lowerbound=1 fileNameGp=../graphsdb/mcs90/m2D/m2Dr6/mcs90_m2Dr6_s20.A75 fileNameGt=../graphsdb/mcs90/m2D/m2Dr6/mcs90_m2Dr6_s20.B75
Reading graphs...
20 :  40
20 :  39
Initializing...
maxdom : 20
D->valSize : 400
Solving...
Blb : 2 (clique : 11)
currentSize : 11 <-- 0.002336 s
currentSize : 12 <-- 0.002396 s
currentSize : 13 <-- 0.002429 s
currentSize : 14 <-- 0.008737 s
currentSize : 16 <-- 0.050312 s

maxsize : 16
nodes : 21429.000000
filtered : 469467.000000
time : 0.080614
