Parameters: GAD=1 vflib=1 dir=0 label=0 lowerbound=1 fileNameGp=../graphsdb/mcs90/bvg/b06m/mcs90_b06m_s35.A81 fileNameGt=../graphsdb/mcs90/bvg/b06m/mcs90_b06m_s35.B81
Reading graphs...
35 :  104
35 :  104
Initializing...
maxdom : 35
D->valSize : 1225
Solving...
Blb : 2 (clique : 16)
currentSize : 16 <-- 0.033820 s
currentSize : 17 <-- 0.046004 s
currentSize : 18 <-- 0.067485 s
currentSize : 19 <-- 0.193331 s
currentSize : 20 <-- 1.391637 s
currentSize : 21 <-- 71.785301 s
currentSize : 22 <-- 75.523651 s
currentSize : 24 <-- 79.254082 s
currentSize : 25 <-- 81.024307 s
currentSize : 26 <-- 85.739479 s
currentSize : 28 <-- 85.884811 s
currentSize : 29 <-- 86.029610 s
currentSize : 31 <-- 86.049423 s

maxsize : 31
nodes : 16110483.000000
filtered : 581288021.000000
time : 86.126373
