Parameters: GAD=1 vflib=1 dir=0 label=0 lowerbound=1 fileNameGp=../graphsdb/mcs90/bvg/b03m/mcs90_b03m_s35.A99 fileNameGt=../graphsdb/mcs90/bvg/b03m/mcs90_b03m_s35.B99
Reading graphs...
35 :  52
35 :  52
Initializing...
maxdom : 35
D->valSize : 1225
Solving...
Blb : 5 (clique : 20)
currentSize : 20 <-- 0.021687 s
currentSize : 21 <-- 0.030357 s
currentSize : 22 <-- 0.030404 s
currentSize : 23 <-- 0.030660 s
currentSize : 24 <-- 0.189776 s
currentSize : 25 <-- 1.559526 s
currentSize : 26 <-- 5.269732 s
currentSize : 27 <-- 66.095573 s
currentSize : 28 <-- 190.587830 s
currentSize : 29 <-- 193.977402 s
currentSize : 31 <-- 193.984695 s

maxsize : 31
nodes : 28286152.000000
filtered : 1189353536.000000
time : 194.131149
