Parameters: GAD=1 vflib=1 dir=0 label=0 lowerbound=1 fileNameGp=../graphsdb/mcs90/rand/r005/mcs90_r005_s35.A35 fileNameGt=../graphsdb/mcs90/rand/r005/mcs90_r005_s35.B35
Reading graphs...
35 :  58
35 :  58
Initializing...
maxdom : 35
D->valSize : 1225
Solving...
Blb : 2 (clique : 22)
currentSize : 22 <-- 0.021411 s
currentSize : 23 <-- 0.041495 s
currentSize : 24 <-- 0.066108 s
currentSize : 25 <-- 0.227187 s
currentSize : 26 <-- 5.760763 s
currentSize : 27 <-- 10.591574 s
currentSize : 28 <-- 13.465947 s
currentSize : 29 <-- 13.467402 s
currentSize : 31 <-- 13.500235 s

maxsize : 31
nodes : 2063322.000000
filtered : 85124530.000000
time : 13.643277
