Parameters: GAD=1 vflib=1 dir=0 label=0 lowerbound=1 fileNameGp=../graphsdb/mcs90/rand/r01/mcs90_r01_s20.A50 fileNameGt=../graphsdb/mcs90/rand/r01/mcs90_r01_s20.B50
Reading graphs...
20 :  35
20 :  35
Initializing...
maxdom : 20
D->valSize : 400
Solving...
Blb : 2 (clique : 12)
currentSize : 12 <-- 0.003958 s
currentSize : 13 <-- 0.004127 s
currentSize : 14 <-- 0.039652 s
currentSize : 15 <-- 0.043218 s
currentSize : 16 <-- 0.050715 s
currentSize : 18 <-- 0.051028 s

maxsize : 18
nodes : 10159.000000
filtered : 163004.000000
time : 0.053710
