Parameters: GAD=1 vflib=1 dir=0 label=0 lowerbound=1 fileNameGp=../graphsdb/mcs90/rand/r01/mcs90_r01_s25.A61 fileNameGt=../graphsdb/mcs90/rand/r01/mcs90_r01_s25.B61
Reading graphs...
25 :  56
25 :  56
Initializing...
maxdom : 25
D->valSize : 625
Solving...
Blb : 2 (clique : 12)
currentSize : 12 <-- 0.005240 s
currentSize : 14 <-- 0.005328 s
currentSize : 15 <-- 0.005387 s
currentSize : 16 <-- 0.113598 s
currentSize : 17 <-- 1.356112 s
currentSize : 19 <-- 1.473692 s
currentSize : 20 <-- 1.484645 s
currentSize : 22 <-- 1.538070 s

maxsize : 22
nodes : 375642.000000
filtered : 8281270.000000
time : 1.541054
