Parameters: GAD=1 vflib=1 dir=0 label=0 lowerbound=1 fileNameGp=../graphsdb/mcs90/rand/r02/mcs90_r02_s30.A41 fileNameGt=../graphsdb/mcs90/rand/r02/mcs90_r02_s30.B41
Reading graphs...
30 :  157
30 :  156
Initializing...
maxdom : 30
D->valSize : 900
Solving...
Blb : 2 (clique : 10)
currentSize : 10 <-- 0.009529 s
currentSize : 11 <-- 0.009635 s
currentSize : 12 <-- 0.009666 s
currentSize : 13 <-- 0.018717 s
currentSize : 14 <-- 4.242585 s
currentSize : 15 <-- 8.057057 s
currentSize : 17 <-- 8.064586 s
currentSize : 18 <-- 9.312666 s
currentSize : 19 <-- 9.312909 s
currentSize : 27 <-- 9.507894 s

maxsize : 27
nodes : 2829860.000000
filtered : 30177706.000000
time : 9.528226
