Parameters: GAD=1 vflib=1 dir=0 label=0 lowerbound=1 fileNameGp=../graphsdb/mcs90/m4D/m4Dr4/mcs90_m4Dr4_s20.A29 fileNameGt=../graphsdb/mcs90/m4D/m4Dr4/mcs90_m4Dr4_s20.B29
Reading graphs...
20 :  45
20 :  43
Initializing...
maxdom : 20
D->valSize : 400
Solving...
Blb : 2 (clique : 9)
currentSize : 9 <-- 0.002338 s
currentSize : 10 <-- 0.002435 s
currentSize : 11 <-- 0.002585 s
currentSize : 12 <-- 0.003593 s
currentSize : 13 <-- 0.005160 s
currentSize : 14 <-- 0.010084 s
currentSize : 15 <-- 0.045212 s
currentSize : 16 <-- 0.071923 s

maxsize : 16
nodes : 19614.000000
filtered : 487790.000000
time : 0.077562
