Parameters: GAD=1 vflib=1 dir=0 label=0 lowerbound=1 fileNameGp=../graphsdb/mcs90/rand/r005/mcs90_r005_s25.A84 fileNameGt=../graphsdb/mcs90/rand/r005/mcs90_r005_s25.B84
Reading graphs...
25 :  29
25 :  29
Initializing...
maxdom : 25
D->valSize : 625
Solving...
Blb : 2 (clique : 17)
currentSize : 17 <-- 0.005743 s
currentSize : 18 <-- 0.005903 s
currentSize : 19 <-- 0.006919 s
currentSize : 20 <-- 0.010665 s
currentSize : 21 <-- 0.244414 s
currentSize : 22 <-- 0.303163 s
currentSize : 23 <-- 0.304364 s

maxsize : 23
nodes : 69372.000000
filtered : 1798599.000000
time : 0.306066
