Parameters: GAD=1 vflib=1 dir=0 label=0 lowerbound=1 fileNameGp=../graphsdb/mcs90/m2D/m2Dr6/mcs90_m2Dr6_s30.A56 fileNameGt=../graphsdb/mcs90/m2D/m2Dr6/mcs90_m2Dr6_s30.B56
Reading graphs...
30 :  65
30 :  64
Initializing...
maxdom : 30
D->valSize : 900
Solving...
Blb : 5 (clique : 17)
currentSize : 17 <-- 0.018757 s
currentSize : 18 <-- 0.028676 s
currentSize : 19 <-- 0.092476 s
currentSize : 20 <-- 1.060874 s
currentSize : 21 <-- 11.137930 s
currentSize : 22 <-- 11.138012 s
currentSize : 23 <-- 11.232933 s
currentSize : 25 <-- 11.888210 s

maxsize : 25
nodes : 2679887.000000
filtered : 70605502.000000
time : 12.233858
