Parameters: GAD=1 vflib=1 dir=0 label=0 lowerbound=1 fileNameGp=../graphsdb/mcs90/rand/r005/mcs90_r005_s30.A32 fileNameGt=../graphsdb/mcs90/rand/r005/mcs90_r005_s30.B32
Reading graphs...
30 :  42
30 :  42
Initializing...
maxdom : 30
D->valSize : 900
Solving...
Blb : 2 (clique : 19)
currentSize : 19 <-- 0.011920 s
currentSize : 21 <-- 0.012058 s
currentSize : 22 <-- 0.012303 s
currentSize : 23 <-- 0.012346 s
currentSize : 24 <-- 2.360679 s
currentSize : 25 <-- 3.735061 s
currentSize : 27 <-- 3.735195 s

maxsize : 27
nodes : 590750.000000
filtered : 25525173.000000
time : 3.759450
