Parameters: GAD=1 vflib=1 dir=0 label=0 lowerbound=1 fileNameGp=../graphsdb/mcs90/bvg/b06/mcs90_b06_s30.A24 fileNameGt=../graphsdb/mcs90/bvg/b06/mcs90_b06_s30.B24
Reading graphs...
30 :  90
30 :  90
Initializing...
maxdom : 30
D->valSize : 900
Solving...
Blb : 2 (clique : 16)
currentSize : 16 <-- 0.010253 s
currentSize : 22 <-- 0.010382 s
currentSize : 24 <-- 0.010576 s
currentSize : 25 <-- 0.010629 s
currentSize : 27 <-- 0.012057 s
currentSize : 28 <-- 0.045712 s

maxsize : 28
nodes : 7175.000000
filtered : 239981.000000
time : 0.052375
