Parameters: GAD=1 vflib=1 dir=0 label=0 lowerbound=1 fileNameGp=../graphsdb/mcs90/rand/r01/mcs90_r01_s35.A61 fileNameGt=../graphsdb/mcs90/rand/r01/mcs90_r01_s35.B61
Reading graphs...
35 :  117
35 :  117
Initializing...
maxdom : 35
D->valSize : 1225
Solving...
Blb : 2 (clique : 16)
currentSize : 16 <-- 0.033548 s
currentSize : 17 <-- 0.040392 s
currentSize : 18 <-- 0.140656 s
currentSize : 19 <-- 0.946294 s
currentSize : 20 <-- 8.306473 s
currentSize : 21 <-- 70.791138 s
currentSize : 22 <-- 70.791649 s
currentSize : 24 <-- 85.038918 s
currentSize : 27 <-- 85.039017 s
currentSize : 31 <-- 85.039261 s

maxsize : 31
nodes : 17556207.000000
filtered : 445163310.000000
time : 85.098816
