Parameters: GAD=1 vflib=1 dir=0 label=0 lowerbound=1 fileNameGp=../graphsdb/mcs90/rand/r005/mcs90_r005_s35.A40 fileNameGt=../graphsdb/mcs90/rand/r005/mcs90_r005_s35.B40
Reading graphs...
35 :  57
35 :  56
Initializing...
maxdom : 35
D->valSize : 1225
Solving...
Blb : 2 (clique : 21)
currentSize : 21 <-- 0.021147 s
currentSize : 22 <-- 0.022290 s
currentSize : 23 <-- 0.024896 s
currentSize : 24 <-- 0.034082 s
currentSize : 25 <-- 0.431603 s
currentSize : 26 <-- 3.035765 s
currentSize : 27 <-- 10.770247 s
currentSize : 28 <-- 17.165760 s
currentSize : 29 <-- 17.286236 s
currentSize : 30 <-- 21.127312 s
currentSize : 31 <-- 21.609348 s

maxsize : 31
nodes : 3108784.000000
filtered : 136993429.000000
time : 21.683613
