Parameters: GAD=1 vflib=1 dir=0 label=0 lowerbound=1 fileNameGp=../graphsdb/mcs90/m3D/m3Dr6/mcs90_m3Dr6_s30.A33 fileNameGt=../graphsdb/mcs90/m3D/m3Dr6/mcs90_m3Dr6_s30.B33
Reading graphs...
30 :  78
30 :  76
Initializing...
maxdom : 30
D->valSize : 900
Solving...
Blb : 2 (clique : 16)
currentSize : 16 <-- 0.010790 s
currentSize : 17 <-- 0.011030 s
currentSize : 18 <-- 0.089376 s
currentSize : 20 <-- 1.257867 s
currentSize : 22 <-- 2.706195 s
currentSize : 27 <-- 3.058856 s

maxsize : 27
nodes : 718457.000000
filtered : 16643501.000000
time : 3.089901
