Parameters: GAD=1 vflib=1 dir=0 label=0 lowerbound=1 fileNameGp=../graphsdb/mcs90/m3D/m3Dr4/mcs90_m3Dr4_s30.A70 fileNameGt=../graphsdb/mcs90/m3D/m3Dr4/mcs90_m3Dr4_s30.B70
Reading graphs...
30 :  69
30 :  70
Initializing...
maxdom : 30
D->valSize : 900
Solving...
Blb : 2 (clique : 14)
currentSize : 14 <-- 0.018799 s
currentSize : 16 <-- 0.018972 s
currentSize : 17 <-- 0.018999 s
currentSize : 18 <-- 0.022284 s
currentSize : 19 <-- 0.448766 s
currentSize : 20 <-- 0.830997 s
currentSize : 21 <-- 4.693053 s
currentSize : 22 <-- 4.693301 s
currentSize : 23 <-- 4.693412 s
currentSize : 27 <-- 6.462786 s

maxsize : 27
nodes : 1356758.000000
filtered : 34427535.000000
time : 6.483397
