Parameters: GAD=1 vflib=1 dir=0 label=0 lowerbound=1 fileNameGp=../graphsdb/mcs90/rand/r005/mcs90_r005_s25.A95 fileNameGt=../graphsdb/mcs90/rand/r005/mcs90_r005_s25.B95
Reading graphs...
25 :  29
25 :  29
Initializing...
maxdom : 25
D->valSize : 625
Solving...
Blb : 2 (clique : 17)
currentSize : 17 <-- 0.005807 s
currentSize : 18 <-- 0.006037 s
currentSize : 19 <-- 0.013588 s
currentSize : 20 <-- 0.017019 s
currentSize : 21 <-- 0.020666 s
currentSize : 22 <-- 0.021614 s

maxsize : 22
nodes : 9178.000000
filtered : 259700.000000
time : 0.048417
