Parameters: GAD=1 vflib=1 dir=0 label=0 lowerbound=1 fileNameGp=../graphsdb/mcs90/m2D/m2Dr4/mcs90_m2Dr4_s30.A30 fileNameGt=../graphsdb/mcs90/m2D/m2Dr4/mcs90_m2Dr4_s30.B30
Reading graphs...
30 :  61
30 :  61
Initializing...
maxdom : 30
D->valSize : 900
Solving...
Blb : 2 (clique : 16)
currentSize : 16 <-- 0.011013 s
currentSize : 17 <-- 0.012276 s
currentSize : 18 <-- 0.013139 s
currentSize : 19 <-- 0.125515 s
currentSize : 20 <-- 0.346747 s
currentSize : 21 <-- 3.275137 s
currentSize : 23 <-- 8.906537 s
currentSize : 24 <-- 8.908645 s
currentSize : 25 <-- 8.908665 s

maxsize : 25
nodes : 1775305.000000
filtered : 56003315.000000
time : 9.191805
