Parameters: GAD=1 vflib=1 dir=0 label=0 lowerbound=1 fileNameGp=../graphsdb/mcs90/m2D/m2Dr4/mcs90_m2Dr4_s20.A50 fileNameGt=../graphsdb/mcs90/m2D/m2Dr4/mcs90_m2Dr4_s20.B50
Reading graphs...
20 :  37
20 :  37
Initializing...
maxdom : 20
D->valSize : 400
Solving...
Blb : 2 (clique : 11)
currentSize : 11 <-- 0.002422 s
currentSize : 12 <-- 0.002504 s
currentSize : 13 <-- 0.005412 s
currentSize : 14 <-- 0.006841 s
currentSize : 15 <-- 0.007283 s
currentSize : 16 <-- 0.012285 s

maxsize : 16
nodes : 11584.000000
filtered : 253268.000000
time : 0.044833
