Parameters: GAD=1 vflib=1 dir=0 label=0 lowerbound=1 fileNameGp=../graphsdb/mcs90/rand/r005/mcs90_r005_s35.A60 fileNameGt=../graphsdb/mcs90/rand/r005/mcs90_r005_s35.B60
Reading graphs...
35 :  58
35 :  58
Initializing...
maxdom : 35
D->valSize : 1225
Solving...
Blb : 2 (clique : 21)
currentSize : 21 <-- 0.021371 s
currentSize : 22 <-- 0.021583 s
currentSize : 23 <-- 0.021615 s
currentSize : 24 <-- 0.031866 s
currentSize : 25 <-- 0.430149 s
currentSize : 26 <-- 0.478418 s
currentSize : 27 <-- 0.576794 s
currentSize : 29 <-- 5.861792 s
currentSize : 31 <-- 7.752909 s

maxsize : 31
nodes : 1037723.000000
filtered : 54018775.000000
time : 8.031342
