Parameters: GAD=1 vflib=1 dir=0 label=0 lowerbound=1 fileNameGp=../graphsdb/mcs90/bvg/b03/mcs90_b03_s35.A62 fileNameGt=../graphsdb/mcs90/bvg/b03/mcs90_b03_s35.B62
Reading graphs...
35 :  52
35 :  52
Initializing...
maxdom : 35
D->valSize : 1225
Solving...
Blb : 2 (clique : 24)
currentSize : 24 <-- 0.037363 s
currentSize : 25 <-- 0.039216 s
currentSize : 26 <-- 0.120842 s
currentSize : 28 <-- 0.207689 s
currentSize : 29 <-- 0.268845 s
currentSize : 30 <-- 0.383607 s
currentSize : 31 <-- 0.617660 s

maxsize : 31
nodes : 153892.000000
filtered : 4677302.000000
time : 1.010466
