Parameters: GAD=1 vflib=1 dir=0 label=0 lowerbound=1 fileNameGp=../graphsdb/mcs90/bvg/b09m/mcs90_b09m_s35.A12 fileNameGt=../graphsdb/mcs90/bvg/b09m/mcs90_b09m_s35.B12
Reading graphs...
35 :  152
35 :  153
Initializing...
maxdom : 35
D->valSize : 1225
Solving...
Blb : 5 (clique : 13)
currentSize : 13 <-- 0.018670 s
currentSize : 14 <-- 0.018869 s
currentSize : 15 <-- 0.025176 s
currentSize : 16 <-- 0.124806 s
currentSize : 17 <-- 2.129646 s
currentSize : 18 <-- 12.309850 s
currentSize : 19 <-- 12.309879 s
currentSize : 20 <-- 20.515957 s
currentSize : 21 <-- 46.153404 s
currentSize : 22 <-- 48.604832 s
currentSize : 23 <-- 62.115166 s
currentSize : 25 <-- 67.442688 s
currentSize : 30 <-- 67.508728 s

maxsize : 30
nodes : 13107458.000000
filtered : 386745526.000000
time : 67.638771
