Parameters: GAD=1 vflib=1 dir=0 label=0 lowerbound=1 fileNameGp=../graphsdb/mcs90/bvg/b06m/mcs90_b06m_s35.A60 fileNameGt=../graphsdb/mcs90/bvg/b06m/mcs90_b06m_s35.B60
Reading graphs...
35 :  103
35 :  103
Initializing...
maxdom : 35
D->valSize : 1225
Solving...
Blb : 2 (clique : 16)
currentSize : 16 <-- 0.033515 s
currentSize : 17 <-- 0.034413 s
currentSize : 18 <-- 0.038302 s
currentSize : 19 <-- 0.105443 s
currentSize : 20 <-- 0.381710 s
currentSize : 21 <-- 1.237280 s
currentSize : 22 <-- 4.486373 s
currentSize : 23 <-- 7.039799 s
currentSize : 24 <-- 15.327724 s
currentSize : 25 <-- 59.639721 s
currentSize : 31 <-- 59.666950 s

maxsize : 31
nodes : 8315065.000000
filtered : 425682073.000000
time : 59.716160
