Parameters: GAD=1 vflib=1 dir=0 label=0 lowerbound=1 fileNameGp=../graphsdb/mcs90/rand/r02/mcs90_r02_s25.A12 fileNameGt=../graphsdb/mcs90/rand/r02/mcs90_r02_s25.B12
Reading graphs...
25 :  100
25 :  102
Initializing...
maxdom : 25
D->valSize : 625
Solving...
Blb : 5 (clique : 12)
currentSize : 12 <-- 0.004831 s
currentSize : 13 <-- 0.021930 s
currentSize : 14 <-- 0.029367 s
currentSize : 15 <-- 0.340498 s
currentSize : 18 <-- 0.781729 s
currentSize : 22 <-- 0.781960 s

maxsize : 22
nodes : 227129.000000
filtered : 3682568.000000
time : 0.789664
