Parameters: GAD=1 vflib=1 dir=0 label=0 lowerbound=1 fileNameGp=../graphsdb/mcs90/m3D/m3Dr6/mcs90_m3Dr6_s30.A65 fileNameGt=../graphsdb/mcs90/m3D/m3Dr6/mcs90_m3Dr6_s30.B65
Reading graphs...
30 :  77
30 :  76
Initializing...
maxdom : 30
D->valSize : 900
Solving...
Blb : 2 (clique : 14)
currentSize : 14 <-- 0.018552 s
currentSize : 16 <-- 0.018727 s
currentSize : 17 <-- 0.178971 s
currentSize : 18 <-- 0.573971 s
currentSize : 20 <-- 3.790548 s
currentSize : 27 <-- 8.426698 s

maxsize : 27
nodes : 1873863.000000
filtered : 43160679.000000
time : 8.458231
