Parameters: GAD=1 vflib=1 dir=0 label=0 lowerbound=1 fileNameGp=../graphsdb/mcs90/bvg/b06m/mcs90_b06m_s20.A58 fileNameGt=../graphsdb/mcs90/bvg/b06m/mcs90_b06m_s20.B58
Reading graphs...
20 :  57
20 :  58
Initializing...
maxdom : 20
D->valSize : 400
Solving...
Blb : 2 (clique : 9)
currentSize : 9 <-- 0.002152 s
currentSize : 11 <-- 0.002206 s
currentSize : 12 <-- 0.003001 s
currentSize : 13 <-- 0.003292 s
currentSize : 14 <-- 0.003373 s
currentSize : 18 <-- 0.003808 s

maxsize : 18
nodes : 1135.000000
filtered : 32742.000000
time : 0.006548
