Parameters: GAD=1 vflib=1 dir=0 label=0 lowerbound=1 fileNameGp=../graphsdb/mcs90/bvg/b03m/mcs90_b03m_s30.A91 fileNameGt=../graphsdb/mcs90/bvg/b03m/mcs90_b03m_s30.B91
Reading graphs...
30 :  44
30 :  44
Initializing...
maxdom : 30
D->valSize : 900
Solving...
Blb : 2 (clique : 18)
currentSize : 18 <-- 0.011699 s
currentSize : 19 <-- 0.011925 s
currentSize : 20 <-- 0.016204 s
currentSize : 21 <-- 0.341896 s
currentSize : 22 <-- 1.125578 s
currentSize : 23 <-- 4.567319 s
currentSize : 24 <-- 22.346016 s
currentSize : 25 <-- 22.447727 s
currentSize : 27 <-- 22.448393 s

maxsize : 27
nodes : 4324384.000000
filtered : 136789986.000000
time : 22.484552
