Parameters: GAD=1 vflib=1 dir=0 label=0 lowerbound=1 fileNameGp=../graphsdb/mcs90/m2D/m2Dr6/mcs90_m2Dr6_s30.A40 fileNameGt=../graphsdb/mcs90/m2D/m2Dr6/mcs90_m2Dr6_s30.B40
Reading graphs...
30 :  64
30 :  66
Initializing...
maxdom : 30
D->valSize : 900
Solving...
Blb : 2 (clique : 15)
currentSize : 15 <-- 0.019107 s
currentSize : 16 <-- 0.019711 s
currentSize : 17 <-- 0.020732 s
currentSize : 18 <-- 0.024643 s
currentSize : 19 <-- 0.676861 s
currentSize : 20 <-- 3.899702 s
currentSize : 21 <-- 12.912476 s
currentSize : 25 <-- 12.992634 s

maxsize : 25
nodes : 2872333.000000
filtered : 77251539.000000
time : 13.267464
