Parameters: GAD=1 vflib=1 dir=0 label=0 lowerbound=1 fileNameGp=../graphsdb/mcs90/rand/r01/mcs90_r01_s35.A21 fileNameGt=../graphsdb/mcs90/rand/r01/mcs90_r01_s35.B21
Reading graphs...
35 :  108
35 :  109
Initializing...
maxdom : 35
D->valSize : 1225
Solving...
Blb : 2 (clique : 15)
currentSize : 15 <-- 0.019629 s
currentSize : 16 <-- 0.020003 s
currentSize : 17 <-- 0.021585 s
currentSize : 18 <-- 0.042142 s
currentSize : 19 <-- 0.931860 s
currentSize : 20 <-- 14.392876 s
currentSize : 21 <-- 83.621078 s
currentSize : 22 <-- 85.237518 s
currentSize : 23 <-- 91.331451 s
currentSize : 24 <-- 106.020248 s
currentSize : 25 <-- 106.023438 s
currentSize : 28 <-- 107.754005 s
currentSize : 31 <-- 107.754097 s

maxsize : 31
nodes : 21332345.000000
filtered : 607991491.000000
time : 107.820694
