Parameters: GAD=1 vflib=1 dir=0 label=0 lowerbound=1 fileNameGp=../graphsdb/mcs90/rand/r005/mcs90_r005_s35.A13 fileNameGt=../graphsdb/mcs90/rand/r005/mcs90_r005_s35.B13
Reading graphs...
35 :  57
35 :  57
Initializing...
maxdom : 35
D->valSize : 1225
Solving...
Blb : 5 (clique : 21)
currentSize : 21 <-- 0.021335 s
currentSize : 22 <-- 0.025239 s
currentSize : 23 <-- 0.039570 s
currentSize : 24 <-- 0.072865 s
currentSize : 25 <-- 1.326643 s
currentSize : 26 <-- 8.070734 s
currentSize : 27 <-- 19.970833 s
currentSize : 28 <-- 19.970892 s
currentSize : 29 <-- 19.970932 s
currentSize : 30 <-- 26.584991 s
currentSize : 31 <-- 27.000299 s

maxsize : 31
nodes : 3796953.000000
filtered : 169995650.000000
time : 27.043020
