Parameters: GAD=1 vflib=1 dir=0 label=0 lowerbound=1 fileNameGp=../graphsdb/mcs90/m3D/m3Dr2/mcs90_m3Dr2_s30.A95 fileNameGt=../graphsdb/mcs90/m3D/m3Dr2/mcs90_m3Dr2_s30.B95
Reading graphs...
30 :  67
30 :  65
Initializing...
maxdom : 30
D->valSize : 900
Solving...
Blb : 2 (clique : 16)
currentSize : 16 <-- 0.010829 s
currentSize : 17 <-- 0.010959 s
currentSize : 18 <-- 0.010981 s
currentSize : 19 <-- 0.011382 s
currentSize : 20 <-- 0.015070 s
currentSize : 21 <-- 0.015728 s
currentSize : 22 <-- 0.335053 s
currentSize : 23 <-- 0.335144 s
currentSize : 24 <-- 0.344229 s
currentSize : 25 <-- 0.674033 s
currentSize : 27 <-- 0.694473 s

maxsize : 27
nodes : 140684.000000
filtered : 4326068.000000
time : 0.717173
