Parameters: GAD=1 vflib=1 dir=0 label=0 lowerbound=1 fileNameGp=../graphsdb/mcs90/bvg/b09m/mcs90_b09m_s35.A73 fileNameGt=../graphsdb/mcs90/bvg/b09m/mcs90_b09m_s35.B73
Reading graphs...
35 :  154
35 :  152
Initializing...
maxdom : 35
D->valSize : 1225
Solving...
Blb : 2 (clique : 13)
currentSize : 13 <-- 0.018580 s
currentSize : 14 <-- 0.018710 s
currentSize : 15 <-- 0.021028 s
currentSize : 16 <-- 0.055961 s
currentSize : 17 <-- 2.186523 s
currentSize : 18 <-- 3.980020 s
currentSize : 21 <-- 3.980076 s
currentSize : 22 <-- 4.056799 s
currentSize : 30 <-- 5.986743 s

maxsize : 30
nodes : 1363370.000000
filtered : 30912661.000000
time : 6.218590
