Parameters: GAD=1 vflib=1 dir=0 label=0 lowerbound=1 fileNameGp=../graphsdb/mcs90/m4D/m4Dr6/mcs90_m4Dr6_s20.A94 fileNameGt=../graphsdb/mcs90/m4D/m4Dr6/mcs90_m4Dr6_s20.B94
Reading graphs...
20 :  47
20 :  46
Initializing...
maxdom : 20
D->valSize : 400
Solving...
Blb : 2 (clique : 11)
currentSize : 11 <-- 0.002402 s
currentSize : 12 <-- 0.003884 s
currentSize : 13 <-- 0.010648 s
currentSize : 14 <-- 0.038561 s
currentSize : 15 <-- 0.073361 s
currentSize : 16 <-- 0.073596 s

maxsize : 16
nodes : 27679.000000
filtered : 466066.000000
time : 0.090050
