Parameters: GAD=1 vflib=1 dir=0 label=0 lowerbound=1 fileNameGp=../graphsdb/mcs90/rand/r02/mcs90_r02_s15.A33 fileNameGt=../graphsdb/mcs90/rand/r02/mcs90_r02_s15.B33
Reading graphs...
15 :  33
15 :  35
Initializing...
maxdom : 15
D->valSize : 225
Solving...
Blb : 2 (clique : 8)
currentSize : 8 <-- 0.000929 s
currentSize : 9 <-- 0.001169 s
currentSize : 10 <-- 0.002388 s
currentSize : 11 <-- 0.006862 s
currentSize : 13 <-- 0.006893 s

maxsize : 13
nodes : 2493.000000
filtered : 34850.000000
time : 0.007335
