Parameters: GAD=1 vflib=1 dir=0 label=0 lowerbound=1 fileNameGp=../graphsdb/mcs90/bvg/b09m/mcs90_b09m_s25.A80 fileNameGt=../graphsdb/mcs90/bvg/b09m/mcs90_b09m_s25.B80
Reading graphs...
25 :  107
25 :  108
Initializing...
maxdom : 25
D->valSize : 625
Solving...
Blb : 3 (clique : 12)
currentSize : 12 <-- 0.004754 s
currentSize : 13 <-- 0.027434 s
currentSize : 16 <-- 0.929063 s
currentSize : 17 <-- 1.115115 s
currentSize : 22 <-- 1.118140 s

maxsize : 22
nodes : 345935.000000
filtered : 4682255.000000
time : 1.137301
