Parameters: GAD=1 vflib=1 dir=0 label=0 lowerbound=1 fileNameGp=../graphsdb/mcs90/m2D/m2Dr6/mcs90_m2Dr6_s20.A76 fileNameGt=../graphsdb/mcs90/m2D/m2Dr6/mcs90_m2Dr6_s20.B76
Reading graphs...
20 :  41
20 :  40
Initializing...
maxdom : 20
D->valSize : 400
Solving...
Blb : 2 (clique : 10)
currentSize : 10 <-- 0.002281 s
currentSize : 12 <-- 0.002337 s
currentSize : 13 <-- 0.002364 s
currentSize : 14 <-- 0.029304 s
currentSize : 16 <-- 0.084954 s

maxsize : 16
nodes : 31662.000000
filtered : 523713.000000
time : 0.103245
