Parameters: GAD=1 vflib=1 dir=0 label=0 lowerbound=1 fileNameGp=../graphsdb/mcs90/rand/r02/mcs90_r02_s35.A89 fileNameGt=../graphsdb/mcs90/rand/r02/mcs90_r02_s35.B89
Reading graphs...
35 :  214
35 :  216
Initializing...
maxdom : 35
D->valSize : 1225
Solving...
Blb : 2 (clique : 12)
currentSize : 12 <-- 0.017636 s
currentSize : 13 <-- 0.018507 s
currentSize : 14 <-- 0.040345 s
currentSize : 15 <-- 0.314168 s
currentSize : 16 <-- 0.314681 s
currentSize : 17 <-- 0.315129 s
currentSize : 18 <-- 0.353168 s
currentSize : 21 <-- 0.354996 s
currentSize : 25 <-- 0.412096 s
currentSize : 31 <-- 0.945837 s

maxsize : 31
nodes : 187148.000000
filtered : 6276407.000000
time : 0.996275
