Parameters: GAD=1 vflib=1 dir=0 label=0 lowerbound=1 fileNameGp=../graphsdb/mcs90/bvg/b03m/mcs90_b03m_s35.A81 fileNameGt=../graphsdb/mcs90/bvg/b03m/mcs90_b03m_s35.B81
Reading graphs...
35 :  52
35 :  52
Initializing...
maxdom : 35
D->valSize : 1225
Solving...
Blb : 2 (clique : 23)
currentSize : 23 <-- 0.037372 s
currentSize : 24 <-- 0.037994 s
currentSize : 25 <-- 0.118925 s
currentSize : 26 <-- 3.686644 s
currentSize : 27 <-- 11.294455 s
currentSize : 28 <-- 76.033463 s
currentSize : 29 <-- 129.456772 s
currentSize : 30 <-- 131.614685 s

maxsize : 30
nodes : 17212116.000000
filtered : 855385287.000000
time : 131.753799
