Parameters: GAD=1 vflib=1 dir=0 label=0 lowerbound=1 fileNameGp=../graphsdb/mcs90/m2D/m2Dr6/mcs90_m2Dr6_s20.A82 fileNameGt=../graphsdb/mcs90/m2D/m2Dr6/mcs90_m2Dr6_s20.B82
Reading graphs...
20 :  41
20 :  38
Initializing...
maxdom : 20
D->valSize : 400
Solving...
Blb : 2 (clique : 10)
currentSize : 10 <-- 0.002346 s
currentSize : 12 <-- 0.002403 s
currentSize : 13 <-- 0.003274 s
currentSize : 14 <-- 0.155845 s
currentSize : 16 <-- 0.197071 s

maxsize : 16
nodes : 77159.000000
filtered : 1079505.000000
time : 0.229009
