Parameters: GAD=1 vflib=1 dir=0 label=0 lowerbound=1 fileNameGp=../graphsdb/mcs90/m2D/m2Dr6/mcs90_m2Dr6_s30.A73 fileNameGt=../graphsdb/mcs90/m2D/m2Dr6/mcs90_m2Dr6_s30.B73
Reading graphs...
30 :  64
30 :  63
Initializing...
maxdom : 30
D->valSize : 900
Solving...
Blb : 2 (clique : 15)
currentSize : 15 <-- 0.010884 s
currentSize : 16 <-- 0.011013 s
currentSize : 17 <-- 0.011080 s
currentSize : 18 <-- 0.011133 s
currentSize : 19 <-- 0.014132 s
currentSize : 20 <-- 0.938111 s
currentSize : 21 <-- 1.543717 s
currentSize : 22 <-- 7.308811 s
currentSize : 25 <-- 8.410549 s

maxsize : 25
nodes : 1555044.000000
filtered : 58835669.000000
time : 8.679466
