Parameters: GAD=1 vflib=1 dir=0 label=0 lowerbound=1 fileNameGp=../graphsdb/mcs90/bvg/b03/mcs90_b03_s20.A22 fileNameGt=../graphsdb/mcs90/bvg/b03/mcs90_b03_s20.B22
Reading graphs...
20 :  30
20 :  30
Initializing...
maxdom : 20
D->valSize : 400
Solving...
Blb : 2 (clique : 14)
currentSize : 14 <-- 0.002466 s
currentSize : 15 <-- 0.002557 s
currentSize : 16 <-- 0.005798 s
currentSize : 17 <-- 0.006420 s
currentSize : 18 <-- 0.006456 s
currentSize : 19 <-- 0.007517 s

maxsize : 19
nodes : 1977.000000
filtered : 23219.000000
time : 0.007726
