Parameters: GAD=1 vflib=1 dir=0 label=0 lowerbound=1 fileNameGp=../graphsdb/mcs90/bvg/b03m/mcs90_b03m_s20.A13 fileNameGt=../graphsdb/mcs90/bvg/b03m/mcs90_b03m_s20.B13
Reading graphs...
20 :  29
20 :  30
Initializing...
maxdom : 20
D->valSize : 400
Solving...
Blb : 2 (clique : 12)
currentSize : 12 <-- 0.004086 s
currentSize : 13 <-- 0.004177 s
currentSize : 14 <-- 0.004195 s
currentSize : 15 <-- 0.004234 s
currentSize : 16 <-- 0.004390 s
currentSize : 18 <-- 0.006718 s

maxsize : 18
nodes : 873.000000
filtered : 20319.000000
time : 0.008995
