Parameters: GAD=1 vflib=1 dir=0 label=0 lowerbound=1 fileNameGp=../graphsdb/mcs90/bvg/b06/mcs90_b06_s35.A38 fileNameGt=../graphsdb/mcs90/bvg/b06/mcs90_b06_s35.B38
Reading graphs...
35 :  105
35 :  105
Initializing...
maxdom : 35
D->valSize : 1225
Solving...
Blb : 2 (clique : 20)
currentSize : 20 <-- 0.019538 s
currentSize : 21 <-- 0.019823 s
currentSize : 24 <-- 0.020044 s
currentSize : 25 <-- 0.020460 s
currentSize : 26 <-- 0.020495 s
currentSize : 27 <-- 0.020625 s
currentSize : 28 <-- 0.021201 s
currentSize : 29 <-- 0.021276 s
currentSize : 31 <-- 0.035194 s
currentSize : 32 <-- 0.061808 s

maxsize : 32
nodes : 15394.000000
filtered : 679347.000000
time : 0.129716
