Parameters: GAD=1 vflib=1 dir=0 label=0 lowerbound=1 fileNameGp=../graphsdb/mcs90/bvg/b09m/mcs90_b09m_s25.A43 fileNameGt=../graphsdb/mcs90/bvg/b09m/mcs90_b09m_s25.B43
Reading graphs...
25 :  107
25 :  105
Initializing...
maxdom : 25
D->valSize : 625
Solving...
Blb : 2 (clique : 9)
currentSize : 9 <-- 0.004690 s
currentSize : 10 <-- 0.004759 s
currentSize : 11 <-- 0.006797 s
currentSize : 12 <-- 0.010907 s
currentSize : 13 <-- 0.039141 s
currentSize : 14 <-- 0.039681 s
currentSize : 17 <-- 0.215418 s
currentSize : 22 <-- 0.215490 s

maxsize : 22
nodes : 67044.000000
filtered : 1047102.000000
time : 0.235963
