Parameters: GAD=1 vflib=1 dir=0 label=0 lowerbound=1 fileNameGp=../graphsdb/mcs90/bvg/b06m/mcs90_b06m_s30.A12 fileNameGt=../graphsdb/mcs90/bvg/b06m/mcs90_b06m_s30.B12
Reading graphs...
30 :  87
30 :  87
Initializing...
maxdom : 30
D->valSize : 900
Solving...
Blb : 2 (clique : 15)
currentSize : 15 <-- 0.010387 s
currentSize : 16 <-- 0.105380 s
currentSize : 17 <-- 0.387863 s
currentSize : 18 <-- 0.640613 s
currentSize : 19 <-- 1.438556 s
currentSize : 20 <-- 2.491272 s
currentSize : 21 <-- 3.899263 s
currentSize : 23 <-- 3.958211 s
currentSize : 24 <-- 4.056071 s
currentSize : 27 <-- 4.173193 s

maxsize : 27
nodes : 805677.000000
filtered : 26286951.000000
time : 4.182296
