Parameters: GAD=1 vflib=1 dir=0 label=0 lowerbound=1 fileNameGp=../graphsdb/mcs90/m2D/m2Dr2/mcs90_m2Dr2_s30.A19 fileNameGt=../graphsdb/mcs90/m2D/m2Dr2/mcs90_m2Dr2_s30.B19
Reading graphs...
30 :  54
30 :  54
Initializing...
maxdom : 30
D->valSize : 900
Solving...
Blb : 2 (clique : 18)
currentSize : 18 <-- 0.011182 s
currentSize : 19 <-- 0.011364 s
currentSize : 20 <-- 0.011417 s
currentSize : 21 <-- 0.011440 s
currentSize : 22 <-- 0.152827 s
currentSize : 23 <-- 9.109633 s
currentSize : 24 <-- 9.377497 s
currentSize : 25 <-- 9.377581 s

maxsize : 25
nodes : 1744169.000000
filtered : 70090665.000000
time : 9.938343
