Parameters: GAD=1 vflib=1 dir=0 label=0 lowerbound=1 fileNameGp=../graphsdb/mcs90/bvg/b09m/mcs90_b09m_s35.A08 fileNameGt=../graphsdb/mcs90/bvg/b09m/mcs90_b09m_s35.B08
Reading graphs...
35 :  151
35 :  151
Initializing...
maxdom : 35
D->valSize : 1225
Solving...
Blb : 2 (clique : 12)
currentSize : 12 <-- 0.031997 s
currentSize : 13 <-- 0.035145 s
currentSize : 14 <-- 0.035636 s
currentSize : 15 <-- 0.097706 s
currentSize : 16 <-- 0.380691 s
currentSize : 17 <-- 2.367444 s
currentSize : 18 <-- 3.129639 s
currentSize : 19 <-- 3.534393 s
currentSize : 20 <-- 3.795916 s
currentSize : 21 <-- 5.086733 s
currentSize : 22 <-- 5.683148 s
currentSize : 23 <-- 5.683190 s
currentSize : 30 <-- 7.109804 s

maxsize : 30
nodes : 1440977.000000
filtered : 37662728.000000
time : 7.343035
