Parameters: GAD=1 vflib=1 dir=0 label=0 lowerbound=1 fileNameGp=../graphsdb/mcs90/m2D/m2D/mcs90_m2D_s20.A25 fileNameGt=../graphsdb/mcs90/m2D/m2D/mcs90_m2D_s20.B25
Reading graphs...
20 :  31
20 :  30
Initializing...
maxdom : 20
D->valSize : 400
Solving...
Blb : 2 (clique : 13)
currentSize : 13 <-- 0.002399 s
currentSize : 14 <-- 0.002474 s
currentSize : 15 <-- 0.003355 s
currentSize : 16 <-- 0.005941 s
currentSize : 17 <-- 0.008787 s

maxsize : 17
nodes : 4853.000000
filtered : 98388.000000
time : 0.019163
