Parameters: GAD=1 vflib=1 dir=0 label=0 lowerbound=1 fileNameGp=../graphsdb/mcs90/rand/r005/mcs90_r005_s25.A57 fileNameGt=../graphsdb/mcs90/rand/r005/mcs90_r005_s25.B57
Reading graphs...
25 :  29
25 :  29
Initializing...
maxdom : 25
D->valSize : 625
Solving...
Blb : 2 (clique : 17)
currentSize : 17 <-- 0.005767 s
currentSize : 18 <-- 0.006811 s
currentSize : 19 <-- 0.009804 s
currentSize : 20 <-- 0.010095 s
currentSize : 21 <-- 0.010743 s
currentSize : 22 <-- 0.016682 s

maxsize : 22
nodes : 7464.000000
filtered : 291791.000000
time : 0.046145
