Parameters: GAD=1 vflib=1 dir=0 label=0 lowerbound=1 fileNameGp=../graphsdb/mcs90/rand/r02/mcs90_r02_s35.A50 fileNameGt=../graphsdb/mcs90/rand/r02/mcs90_r02_s35.B50
Reading graphs...
35 :  212
35 :  213
Initializing...
maxdom : 35
D->valSize : 1225
Solving...
Blb : 2 (clique : 11)
currentSize : 11 <-- 0.029717 s
currentSize : 12 <-- 0.030098 s
currentSize : 13 <-- 0.031367 s
currentSize : 14 <-- 0.138091 s
currentSize : 15 <-- 43.894154 s
currentSize : 16 <-- 101.652046 s
currentSize : 17 <-- 109.387718 s
currentSize : 19 <-- 112.412819 s
currentSize : 20 <-- 120.935585 s
currentSize : 31 <-- 123.641350 s

maxsize : 31
nodes : 35028272.000000
filtered : 383620073.000000
time : 123.732666
