Parameters: GAD=1 vflib=1 dir=0 label=0 lowerbound=1 fileNameGp=../graphsdb/mcs90/bvg/b09m/mcs90_b09m_s30.A22 fileNameGt=../graphsdb/mcs90/bvg/b09m/mcs90_b09m_s30.B22
Reading graphs...
30 :  129
30 :  128
Initializing...
maxdom : 30
D->valSize : 900
Solving...
Blb : 3 (clique : 11)
currentSize : 11 <-- 0.009724 s
currentSize : 12 <-- 0.009825 s
currentSize : 13 <-- 0.009971 s
currentSize : 14 <-- 0.010505 s
currentSize : 15 <-- 0.081827 s
currentSize : 16 <-- 2.353619 s
currentSize : 17 <-- 10.209848 s
currentSize : 22 <-- 11.173562 s
currentSize : 26 <-- 11.450211 s

maxsize : 26
nodes : 2870052.000000
filtered : 55657561.000000
time : 11.495917
