Parameters: GAD=1 vflib=1 dir=0 label=0 lowerbound=1 fileNameGp=../graphsdb/mcs90/m3D/m3Dr4/mcs90_m3Dr4_s30.A83 fileNameGt=../graphsdb/mcs90/m3D/m3Dr4/mcs90_m3Dr4_s30.B83
Reading graphs...
30 :  71
30 :  72
Initializing...
maxdom : 30
D->valSize : 900
Solving...
Blb : 2 (clique : 16)
currentSize : 16 <-- 0.010720 s
currentSize : 17 <-- 0.011896 s
currentSize : 18 <-- 0.026394 s
currentSize : 19 <-- 0.454923 s
currentSize : 20 <-- 4.032987 s
currentSize : 21 <-- 9.484431 s
currentSize : 22 <-- 13.381089 s
currentSize : 23 <-- 14.660881 s
currentSize : 27 <-- 14.978147 s

maxsize : 27
nodes : 3094580.000000
filtered : 86794892.000000
time : 14.992251
