Parameters: GAD=1 vflib=1 dir=0 label=0 lowerbound=1 fileNameGp=../graphsdb/mcs90/m2D/m2Dr2/mcs90_m2Dr2_s30.A78 fileNameGt=../graphsdb/mcs90/m2D/m2Dr2/mcs90_m2Dr2_s30.B78
Reading graphs...
30 :  54
30 :  54
Initializing...
maxdom : 30
D->valSize : 900
Solving...
Blb : 2 (clique : 17)
currentSize : 17 <-- 0.019549 s
currentSize : 18 <-- 0.019764 s
currentSize : 19 <-- 0.024587 s
currentSize : 20 <-- 0.041872 s
currentSize : 21 <-- 1.927976 s
currentSize : 23 <-- 12.889306 s
currentSize : 24 <-- 13.111294 s
currentSize : 25 <-- 13.246568 s
currentSize : 26 <-- 13.246762 s

maxsize : 26
nodes : 2691413.000000
filtered : 80314151.000000
time : 13.360295
