Parameters: GAD=1 vflib=1 dir=0 label=0 lowerbound=1 fileNameGp=../graphsdb/mcs90/bvg/b03m/mcs90_b03m_s20.A26 fileNameGt=../graphsdb/mcs90/bvg/b03m/mcs90_b03m_s20.B26
Reading graphs...
20 :  28
20 :  28
Initializing...
maxdom : 20
D->valSize : 400
Solving...
Blb : 2 (clique : 13)
currentSize : 13 <-- 0.002422 s
currentSize : 14 <-- 0.007553 s
currentSize : 15 <-- 0.023092 s
currentSize : 16 <-- 0.076388 s
currentSize : 17 <-- 0.076419 s
currentSize : 18 <-- 0.076441 s

maxsize : 18
nodes : 23709.000000
filtered : 420833.000000
time : 0.078404
