Parameters: GAD=1 vflib=1 dir=0 label=0 lowerbound=1 fileNameGp=../graphsdb/mcs90/bvg/b03m/mcs90_b03m_s25.A95 fileNameGt=../graphsdb/mcs90/bvg/b03m/mcs90_b03m_s25.B95
Reading graphs...
25 :  37
25 :  37
Initializing...
maxdom : 25
D->valSize : 625
Solving...
Blb : 2 (clique : 15)
currentSize : 15 <-- 0.010121 s
currentSize : 17 <-- 0.010221 s
currentSize : 18 <-- 0.010238 s
currentSize : 19 <-- 0.012987 s
currentSize : 21 <-- 0.013252 s
currentSize : 23 <-- 0.014927 s

maxsize : 23
nodes : 2172.000000
filtered : 57485.000000
time : 0.019483
