Parameters: GAD=1 vflib=1 dir=0 label=0 lowerbound=1 fileNameGp=../graphsdb/mcs90/bvg/b06m/mcs90_b06m_s35.A16 fileNameGt=../graphsdb/mcs90/bvg/b06m/mcs90_b06m_s35.B16
Reading graphs...
35 :  103
35 :  102
Initializing...
maxdom : 35
D->valSize : 1225
Solving...
Blb : 2 (clique : 16)
currentSize : 16 <-- 0.034285 s
currentSize : 18 <-- 0.034541 s
currentSize : 19 <-- 0.044555 s
currentSize : 20 <-- 0.052156 s
currentSize : 21 <-- 16.097450 s
currentSize : 22 <-- 16.925703 s
currentSize : 23 <-- 17.740131 s
currentSize : 24 <-- 17.740150 s
currentSize : 25 <-- 18.172665 s
currentSize : 26 <-- 18.172785 s
currentSize : 28 <-- 18.184914 s
currentSize : 31 <-- 18.649080 s

maxsize : 31
nodes : 3938005.000000
filtered : 109098893.000000
time : 18.724451
