Parameters: GAD=1 vflib=1 dir=0 label=0 lowerbound=1 fileNameGp=../graphsdb/mcs90/m3D/m3Dr6/mcs90_m3Dr6_s30.A28 fileNameGt=../graphsdb/mcs90/m3D/m3Dr6/mcs90_m3Dr6_s30.B28
Reading graphs...
30 :  78
30 :  76
Initializing...
maxdom : 30
D->valSize : 900
Solving...
Blb : 2 (clique : 14)
currentSize : 14 <-- 0.018329 s
currentSize : 15 <-- 0.018563 s
currentSize : 16 <-- 0.018721 s
currentSize : 17 <-- 0.019728 s
currentSize : 18 <-- 0.090751 s
currentSize : 19 <-- 23.564934 s
currentSize : 20 <-- 23.580860 s
currentSize : 21 <-- 23.581633 s
currentSize : 22 <-- 25.053493 s
currentSize : 27 <-- 25.060747 s

maxsize : 27
nodes : 6574924.000000
filtered : 114312719.000000
time : 25.089144
