Parameters: GAD=1 vflib=1 dir=0 label=0 lowerbound=1 fileNameGp=../graphsdb/mcs90/bvg/b06m/mcs90_b06m_s15.A85 fileNameGt=../graphsdb/mcs90/bvg/b06m/mcs90_b06m_s15.B85
Reading graphs...
15 :  42
15 :  43
Initializing...
maxdom : 15
D->valSize : 225
Solving...
Blb : 2 (clique : 9)
currentSize : 9 <-- 0.000967 s
currentSize : 10 <-- 0.001016 s
currentSize : 11 <-- 0.001108 s
currentSize : 12 <-- 0.001194 s
currentSize : 13 <-- 0.002266 s

maxsize : 13
nodes : 446.000000
filtered : 10892.000000
time : 0.002410
