Parameters: GAD=1 vflib=1 dir=0 label=0 lowerbound=1 fileNameGp=../graphsdb/mcs90/rand/r01/mcs90_r01_s30.A80 fileNameGt=../graphsdb/mcs90/rand/r01/mcs90_r01_s30.B80
Reading graphs...
30 :  82
30 :  82
Initializing...
maxdom : 30
D->valSize : 900
Solving...
Blb : 2 (clique : 14)
currentSize : 14 <-- 0.010439 s
currentSize : 15 <-- 0.012497 s
currentSize : 16 <-- 0.016431 s
currentSize : 17 <-- 0.042078 s
currentSize : 18 <-- 1.712820 s
currentSize : 19 <-- 5.123599 s
currentSize : 20 <-- 8.331815 s
currentSize : 27 <-- 8.337992 s

maxsize : 27
nodes : 2176808.000000
filtered : 38078518.000000
time : 8.356841
