Parameters: GAD=1 vflib=1 dir=0 label=0 lowerbound=1 fileNameGp=../graphsdb/mcs90/rand/r02/mcs90_r02_s25.A64 fileNameGt=../graphsdb/mcs90/rand/r02/mcs90_r02_s25.B64
Reading graphs...
25 :  105
25 :  107
Initializing...
maxdom : 25
D->valSize : 625
Solving...
Blb : 2 (clique : 9)
currentSize : 9 <-- 0.005125 s
currentSize : 10 <-- 0.005218 s
currentSize : 11 <-- 0.010527 s
currentSize : 12 <-- 0.024502 s
currentSize : 13 <-- 0.133778 s
currentSize : 14 <-- 3.445408 s
currentSize : 15 <-- 3.445649 s
currentSize : 18 <-- 3.538572 s
currentSize : 22 <-- 3.538597 s

maxsize : 22
nodes : 1232675.000000
filtered : 13570700.000000
time : 3.549994
