Parameters: GAD=1 vflib=1 dir=0 label=0 lowerbound=1 fileNameGp=../graphsdb/mcs90/bvg/b06/mcs90_b06_s30.A15 fileNameGt=../graphsdb/mcs90/bvg/b06/mcs90_b06_s30.B15
Reading graphs...
30 :  90
30 :  90
Initializing...
maxdom : 30
D->valSize : 900
Solving...
Blb : 2 (clique : 20)
currentSize : 20 <-- 0.017763 s
currentSize : 21 <-- 0.018121 s
currentSize : 22 <-- 0.018774 s
currentSize : 23 <-- 0.019064 s
currentSize : 25 <-- 0.022683 s
currentSize : 27 <-- 0.027565 s

maxsize : 27
nodes : 10365.000000
filtered : 383252.000000
time : 0.117645
