Parameters: GAD=1 vflib=1 dir=0 label=0 lowerbound=1 fileNameGp=../graphsdb/mcs90/bvg/b09/mcs90_b09_s35.A78 fileNameGt=../graphsdb/mcs90/bvg/b09/mcs90_b09_s35.B78
Reading graphs...
35 :  157
35 :  157
Initializing...
maxdom : 35
D->valSize : 1225
Solving...
Blb : 2 (clique : 16)
currentSize : 16 <-- 0.018266 s
currentSize : 17 <-- 0.018413 s
currentSize : 19 <-- 0.018839 s
currentSize : 24 <-- 0.019683 s
currentSize : 26 <-- 0.019717 s
currentSize : 28 <-- 0.024358 s
currentSize : 30 <-- 0.024434 s

maxsize : 30
nodes : 57032.000000
filtered : 4082799.000000
time : 0.555612
