Parameters: GAD=1 vflib=1 dir=0 label=0 lowerbound=1 fileNameGp=../graphsdb/mcs90/bvg/b03m/mcs90_b03m_s35.A28 fileNameGt=../graphsdb/mcs90/bvg/b03m/mcs90_b03m_s35.B28
Reading graphs...
35 :  52
35 :  52
Initializing...
maxdom : 35
D->valSize : 1225
Solving...
Blb : 2 (clique : 21)
currentSize : 21 <-- 0.021471 s
currentSize : 22 <-- 0.028575 s
currentSize : 23 <-- 0.410765 s
currentSize : 24 <-- 0.436914 s
currentSize : 25 <-- 0.926181 s
currentSize : 26 <-- 3.383628 s
currentSize : 27 <-- 26.253073 s
currentSize : 28 <-- 65.096413 s
currentSize : 29 <-- 65.111572 s
currentSize : 31 <-- 65.120644 s

maxsize : 31
nodes : 10595353.000000
filtered : 404420547.000000
time : 65.323662
