Parameters: GAD=1 vflib=1 dir=0 label=0 lowerbound=1 fileNameGp=../graphsdb/mcs90/rand/r01/mcs90_r01_s30.A43 fileNameGt=../graphsdb/mcs90/rand/r01/mcs90_r01_s30.B43
Reading graphs...
30 :  79
30 :  80
Initializing...
maxdom : 30
D->valSize : 900
Solving...
Blb : 5 (clique : 16)
currentSize : 16 <-- 0.010529 s
currentSize : 17 <-- 0.034975 s
currentSize : 18 <-- 0.094215 s
currentSize : 19 <-- 0.134116 s
currentSize : 20 <-- 2.529299 s
currentSize : 21 <-- 7.431736 s
currentSize : 22 <-- 7.432282 s
currentSize : 27 <-- 7.432821 s

maxsize : 27
nodes : 1456997.000000
filtered : 44028801.000000
time : 7.445521
