Parameters: GAD=1 vflib=1 dir=0 label=0 lowerbound=1 fileNameGp=../graphsdb/mcs90/bvg/b03m/mcs90_b03m_s30.A69 fileNameGt=../graphsdb/mcs90/bvg/b03m/mcs90_b03m_s30.B69
Reading graphs...
30 :  44
30 :  44
Initializing...
maxdom : 30
D->valSize : 900
Solving...
Blb : 2 (clique : 18)
currentSize : 18 <-- 0.019851 s
currentSize : 19 <-- 0.020087 s
currentSize : 20 <-- 0.020448 s
currentSize : 21 <-- 0.302800 s
currentSize : 22 <-- 0.643809 s
currentSize : 23 <-- 0.768042 s
currentSize : 24 <-- 13.392423 s
currentSize : 26 <-- 15.070289 s

maxsize : 26
nodes : 2752297.000000
filtered : 95139989.000000
time : 15.266786
