Parameters: GAD=1 vflib=1 dir=0 label=0 lowerbound=1 fileNameGp=../graphsdb/mcs90/m3D/m3Dr6/mcs90_m3Dr6_s30.A16 fileNameGt=../graphsdb/mcs90/m3D/m3Dr6/mcs90_m3Dr6_s30.B16
Reading graphs...
30 :  78
30 :  76
Initializing...
maxdom : 30
D->valSize : 900
Solving...
Blb : 2 (clique : 15)
currentSize : 15 <-- 0.010604 s
currentSize : 16 <-- 0.010745 s
currentSize : 17 <-- 0.012324 s
currentSize : 18 <-- 0.013503 s
currentSize : 19 <-- 0.605581 s
currentSize : 20 <-- 2.499484 s
currentSize : 21 <-- 2.499601 s
currentSize : 22 <-- 5.617595 s
currentSize : 24 <-- 5.893471 s
currentSize : 27 <-- 5.893526 s

maxsize : 27
nodes : 1137493.000000
filtered : 39016479.000000
time : 5.910521
