Parameters: GAD=1 vflib=1 dir=0 label=0 lowerbound=1 fileNameGp=../graphsdb/mcs90/bvg/b03m/mcs90_b03m_s25.A83 fileNameGt=../graphsdb/mcs90/bvg/b03m/mcs90_b03m_s25.B83
Reading graphs...
25 :  37
25 :  37
Initializing...
maxdom : 25
D->valSize : 625
Solving...
Blb : 2 (clique : 16)
currentSize : 16 <-- 0.005412 s
currentSize : 17 <-- 0.005555 s
currentSize : 18 <-- 0.006503 s
currentSize : 19 <-- 0.006584 s
currentSize : 20 <-- 0.012131 s
currentSize : 21 <-- 0.012147 s
currentSize : 22 <-- 0.012223 s

maxsize : 22
nodes : 4558.000000
filtered : 149664.000000
time : 0.027733
