Parameters: GAD=1 vflib=1 dir=0 label=0 lowerbound=1 fileNameGp=../graphsdb/mcs90/bvg/b03m/mcs90_b03m_s30.A34 fileNameGt=../graphsdb/mcs90/bvg/b03m/mcs90_b03m_s30.B34
Reading graphs...
30 :  44
30 :  45
Initializing...
maxdom : 30
D->valSize : 900
Solving...
Blb : 5 (clique : 19)
currentSize : 19 <-- 0.019681 s
currentSize : 20 <-- 0.020089 s
currentSize : 21 <-- 0.021188 s
currentSize : 22 <-- 0.030162 s
currentSize : 23 <-- 0.033591 s
currentSize : 24 <-- 6.716325 s
currentSize : 26 <-- 6.755939 s

maxsize : 26
nodes : 1281217.000000
filtered : 40106650.000000
time : 6.908183
