Parameters: GAD=1 vflib=1 dir=0 label=0 lowerbound=1 fileNameGp=../graphsdb/mcs90/rand/r02/mcs90_r02_s35.A42 fileNameGt=../graphsdb/mcs90/rand/r02/mcs90_r02_s35.B42
Reading graphs...
35 :  211
35 :  208
Initializing...
maxdom : 35
D->valSize : 1225
Solving...
Blb : 2 (clique : 11)
currentSize : 11 <-- 0.017813 s
currentSize : 12 <-- 0.017982 s
currentSize : 13 <-- 0.018288 s
currentSize : 14 <-- 0.188889 s
currentSize : 15 <-- 13.499995 s
currentSize : 16 <-- 18.817947 s
currentSize : 18 <-- 25.319708 s
currentSize : 22 <-- 28.246784 s
currentSize : 31 <-- 28.501867 s

maxsize : 31
nodes : 8013931.000000
filtered : 88120165.000000
time : 28.645630
