Parameters: GAD=1 vflib=1 dir=0 label=0 lowerbound=1 fileNameGp=../graphsdb/mcs90/m4D/m4D/mcs90_m4D_s20.A16 fileNameGt=../graphsdb/mcs90/m4D/m4D/mcs90_m4D_s20.B16
Reading graphs...
20 :  36
20 :  37
Initializing...
maxdom : 20
D->valSize : 400
Solving...
Blb : 5 (clique : 12)
currentSize : 12 <-- 0.002314 s
currentSize : 13 <-- 0.002379 s
currentSize : 14 <-- 0.002499 s
currentSize : 16 <-- 0.002540 s
currentSize : 17 <-- 0.002859 s

maxsize : 17
nodes : 2699.000000
filtered : 67802.000000
time : 0.012180
