Parameters: GAD=1 vflib=1 dir=0 label=0 lowerbound=1 fileNameGp=../graphsdb/mcs90/bvg/b06/mcs90_b06_s35.A78 fileNameGt=../graphsdb/mcs90/bvg/b06/mcs90_b06_s35.B78
Reading graphs...
35 :  105
35 :  105
Initializing...
maxdom : 35
D->valSize : 1225
Solving...
Blb : 2 (clique : 20)
currentSize : 20 <-- 0.019481 s
currentSize : 25 <-- 0.019657 s
currentSize : 26 <-- 0.019678 s
currentSize : 27 <-- 0.019720 s
currentSize : 28 <-- 0.019965 s
currentSize : 29 <-- 0.020043 s
currentSize : 31 <-- 0.025241 s

maxsize : 31
nodes : 32628.000000
filtered : 1398047.000000
time : 0.249488
