Parameters: GAD=1 vflib=1 dir=0 label=0 lowerbound=1 fileNameGp=../graphsdb/mcs90/bvg/b06m/mcs90_b06m_s30.A33 fileNameGt=../graphsdb/mcs90/bvg/b06m/mcs90_b06m_s30.B33
Reading graphs...
30 :  89
30 :  89
Initializing...
maxdom : 30
D->valSize : 900
Solving...
Blb : 2 (clique : 13)
currentSize : 13 <-- 0.018155 s
currentSize : 14 <-- 0.018336 s
currentSize : 15 <-- 0.018469 s
currentSize : 16 <-- 0.108781 s
currentSize : 17 <-- 0.260940 s
currentSize : 18 <-- 5.286926 s
currentSize : 27 <-- 6.403688 s

maxsize : 27
nodes : 1530179.000000
filtered : 33497968.000000
time : 6.424397
