Parameters: GAD=1 vflib=1 dir=0 label=0 lowerbound=1 fileNameGp=../graphsdb/mcs90/m4D/m4Dr6/mcs90_m4Dr6_s20.A18 fileNameGt=../graphsdb/mcs90/m4D/m4Dr6/mcs90_m4Dr6_s20.B18
Reading graphs...
20 :  48
20 :  47
Initializing...
maxdom : 20
D->valSize : 400
Solving...
Blb : 5 (clique : 11)
currentSize : 11 <-- 0.003678 s
currentSize : 12 <-- 0.004382 s
currentSize : 13 <-- 0.024999 s
currentSize : 14 <-- 0.061708 s
currentSize : 15 <-- 0.127632 s
currentSize : 16 <-- 0.160303 s

maxsize : 16
nodes : 30851.000000
filtered : 663162.000000
time : 0.169424
