Parameters: GAD=1 vflib=1 dir=0 label=0 lowerbound=1 fileNameGp=../graphsdb/mcs90/m4D/m4Dr6/mcs90_m4Dr6_s20.A85 fileNameGt=../graphsdb/mcs90/m4D/m4Dr6/mcs90_m4Dr6_s20.B85
Reading graphs...
20 :  47
20 :  44
Initializing...
maxdom : 20
D->valSize : 400
Solving...
Blb : 2 (clique : 11)
currentSize : 11 <-- 0.002292 s
currentSize : 12 <-- 0.002596 s
currentSize : 13 <-- 0.004629 s
currentSize : 14 <-- 0.031072 s
currentSize : 16 <-- 0.091577 s

maxsize : 16
nodes : 29180.000000
filtered : 584447.000000
time : 0.100555
