Parameters: GAD=1 vflib=1 dir=0 label=0 lowerbound=1 fileNameGp=../graphsdb/mcs90/bvg/b03/mcs90_b03_s25.A78 fileNameGt=../graphsdb/mcs90/bvg/b03/mcs90_b03_s25.B78
Reading graphs...
25 :  36
25 :  36
Initializing...
maxdom : 25
D->valSize : 625
Solving...
Blb : 2 (clique : 18)
currentSize : 18 <-- 0.009500 s
currentSize : 19 <-- 0.009669 s
currentSize : 20 <-- 0.009714 s
currentSize : 21 <-- 0.009799 s
currentSize : 22 <-- 0.010442 s
currentSize : 23 <-- 0.016841 s

maxsize : 23
nodes : 4628.000000
filtered : 95645.000000
time : 0.037474
