Parameters: GAD=1 vflib=1 dir=0 label=0 lowerbound=1 fileNameGp=../graphsdb/mcs90/bvg/b09m/mcs90_b09m_s35.A63 fileNameGt=../graphsdb/mcs90/bvg/b09m/mcs90_b09m_s35.B63
Reading graphs...
35 :  155
35 :  155
Initializing...
maxdom : 35
D->valSize : 1225
Solving...
Blb : 2 (clique : 12)
currentSize : 12 <-- 0.019610 s
currentSize : 13 <-- 0.019772 s
currentSize : 14 <-- 0.020452 s
currentSize : 15 <-- 0.023584 s
currentSize : 16 <-- 0.085421 s
currentSize : 17 <-- 7.091862 s
currentSize : 18 <-- 78.482758 s
currentSize : 19 <-- 78.482780 s
currentSize : 20 <-- 80.563728 s
currentSize : 21 <-- 81.061333 s
currentSize : 24 <-- 81.365120 s
currentSize : 25 <-- 81.387558 s
currentSize : 26 <-- 82.649246 s
currentSize : 30 <-- 82.649338 s

maxsize : 30
nodes : 19348550.000000
filtered : 395489224.000000
time : 82.846237
