Parameters: GAD=1 vflib=1 dir=0 label=0 lowerbound=1 fileNameGp=../graphsdb/mcs90/bvg/b03m/mcs90_b03m_s25.A64 fileNameGt=../graphsdb/mcs90/bvg/b03m/mcs90_b03m_s25.B64
Reading graphs...
25 :  37
25 :  37
Initializing...
maxdom : 25
D->valSize : 625
Solving...
Blb : 2 (clique : 16)
currentSize : 16 <-- 0.009690 s
currentSize : 17 <-- 0.009849 s
currentSize : 18 <-- 0.010287 s
currentSize : 19 <-- 0.040087 s
currentSize : 22 <-- 0.152956 s

maxsize : 22
nodes : 33586.000000
filtered : 820286.000000
time : 0.170561
