Parameters: GAD=1 vflib=1 dir=0 label=0 lowerbound=1 fileNameGp=../graphsdb/mcs90/bvg/b09m/mcs90_b09m_s25.A85 fileNameGt=../graphsdb/mcs90/bvg/b09m/mcs90_b09m_s25.B85
Reading graphs...
25 :  107
25 :  107
Initializing...
maxdom : 25
D->valSize : 625
Solving...
Blb : 2 (clique : 10)
currentSize : 10 <-- 0.004732 s
currentSize : 11 <-- 0.005454 s
currentSize : 12 <-- 0.005572 s
currentSize : 13 <-- 0.111456 s
currentSize : 14 <-- 0.144654 s
currentSize : 15 <-- 0.239823 s
currentSize : 16 <-- 0.239844 s
currentSize : 20 <-- 0.455009 s
currentSize : 22 <-- 0.465906 s

maxsize : 22
nodes : 125167.000000
filtered : 2368966.000000
time : 0.474662
