Parameters: GAD=1 vflib=1 dir=0 label=0 lowerbound=1 fileNameGp=../graphsdb/mcs90/m2D/m2Dr4/mcs90_m2Dr4_s30.A19 fileNameGt=../graphsdb/mcs90/m2D/m2Dr4/mcs90_m2Dr4_s30.B19
Reading graphs...
30 :  60
30 :  60
Initializing...
maxdom : 30
D->valSize : 900
Solving...
Blb : 5 (clique : 17)
currentSize : 17 <-- 0.018961 s
currentSize : 18 <-- 0.019135 s
currentSize : 19 <-- 0.020474 s
currentSize : 20 <-- 1.305704 s
currentSize : 21 <-- 7.089312 s
currentSize : 22 <-- 8.244099 s
currentSize : 25 <-- 8.244830 s

maxsize : 25
nodes : 1978010.000000
filtered : 40308394.000000
time : 8.606052
