Parameters: GAD=1 vflib=1 dir=0 label=0 lowerbound=1 fileNameGp=../graphsdb/mcs90/rand/r02/mcs90_r02_s30.A12 fileNameGt=../graphsdb/mcs90/rand/r02/mcs90_r02_s30.B12
Reading graphs...
30 :  154
30 :  157
Initializing...
maxdom : 30
D->valSize : 900
Solving...
Blb : 2 (clique : 10)
currentSize : 10 <-- 0.009508 s
currentSize : 11 <-- 0.009612 s
currentSize : 12 <-- 0.009743 s
currentSize : 13 <-- 0.009930 s
currentSize : 14 <-- 0.568410 s
currentSize : 15 <-- 0.576711 s
currentSize : 17 <-- 0.658498 s
currentSize : 18 <-- 2.417910 s
currentSize : 21 <-- 2.418626 s
currentSize : 27 <-- 2.489950 s

maxsize : 27
nodes : 622201.000000
filtered : 11375954.000000
time : 2.508515
