Parameters: GAD=1 vflib=1 dir=0 label=0 lowerbound=1 fileNameGp=../graphsdb/mcs90/rand/r005/mcs90_r005_s25.A02 fileNameGt=../graphsdb/mcs90/rand/r005/mcs90_r005_s25.B02
Reading graphs...
25 :  29
25 :  29
Initializing...
maxdom : 25
D->valSize : 625
Solving...
Blb : 2 (clique : 18)
currentSize : 18 <-- 0.005553 s
currentSize : 19 <-- 0.007192 s
currentSize : 20 <-- 0.010102 s
currentSize : 21 <-- 0.011858 s
currentSize : 22 <-- 0.027678 s

maxsize : 22
nodes : 9824.000000
filtered : 254075.000000
time : 0.045365
