Parameters: GAD=1 vflib=1 dir=0 label=0 lowerbound=1 fileNameGp=../graphsdb/mcs90/bvg/b03/mcs90_b03_s30.A69 fileNameGt=../graphsdb/mcs90/bvg/b03/mcs90_b03_s30.B69
Reading graphs...
30 :  45
30 :  45
Initializing...
maxdom : 30
D->valSize : 900
Solving...
Blb : 2 (clique : 20)
currentSize : 20 <-- 0.011849 s
currentSize : 21 <-- 0.011992 s
currentSize : 22 <-- 0.012027 s
currentSize : 23 <-- 0.012315 s
currentSize : 24 <-- 0.046061 s
currentSize : 26 <-- 0.052734 s
currentSize : 27 <-- 0.068950 s

maxsize : 27
nodes : 20987.000000
filtered : 557950.000000
time : 0.122208
