Parameters: GAD=1 vflib=1 dir=0 label=0 lowerbound=1 fileNameGp=../graphsdb/mcs90/bvg/b09m/mcs90_b09m_s25.A44 fileNameGt=../graphsdb/mcs90/bvg/b09m/mcs90_b09m_s25.B44
Reading graphs...
25 :  105
25 :  104
Initializing...
maxdom : 25
D->valSize : 625
Solving...
Blb : 2 (clique : 9)
currentSize : 9 <-- 0.004711 s
currentSize : 10 <-- 0.004916 s
currentSize : 11 <-- 0.005574 s
currentSize : 12 <-- 0.013813 s
currentSize : 22 <-- 0.044065 s

maxsize : 22
nodes : 14078.000000
filtered : 282631.000000
time : 0.076150
