Parameters: GAD=1 vflib=1 dir=0 label=0 lowerbound=1 fileNameGp=../graphsdb/mcs90/rand/r01/mcs90_r01_s30.A23 fileNameGt=../graphsdb/mcs90/rand/r01/mcs90_r01_s30.B23
Reading graphs...
30 :  81
30 :  82
Initializing...
maxdom : 30
D->valSize : 900
Solving...
Blb : 2 (clique : 15)
currentSize : 15 <-- 0.010468 s
currentSize : 16 <-- 0.014181 s
currentSize : 17 <-- 0.032631 s
currentSize : 19 <-- 0.035114 s
currentSize : 20 <-- 0.036607 s
currentSize : 21 <-- 0.295109 s
currentSize : 22 <-- 0.295167 s
currentSize : 24 <-- 0.917366 s
currentSize : 27 <-- 0.919197 s

maxsize : 27
nodes : 170969.000000
filtered : 5748413.000000
time : 0.929005
