Parameters: GAD=1 vflib=1 dir=0 label=0 lowerbound=1 fileNameGp=../graphsdb/mcs90/rand/r01/mcs90_r01_s25.A78 fileNameGt=../graphsdb/mcs90/rand/r01/mcs90_r01_s25.B78
Reading graphs...
25 :  56
25 :  56
Initializing...
maxdom : 25
D->valSize : 625
Solving...
Blb : 2 (clique : 14)
currentSize : 14 <-- 0.005204 s
currentSize : 15 <-- 0.007456 s
currentSize : 16 <-- 0.007564 s
currentSize : 17 <-- 0.027730 s
currentSize : 18 <-- 0.027846 s
currentSize : 19 <-- 0.029100 s
currentSize : 22 <-- 0.029543 s

maxsize : 22
nodes : 9336.000000
filtered : 185187.000000
time : 0.039262
