Parameters: GAD=1 vflib=1 dir=0 label=0 lowerbound=1 fileNameGp=../graphsdb/mcs90/bvg/b09m/mcs90_b09m_s30.A75 fileNameGt=../graphsdb/mcs90/bvg/b09m/mcs90_b09m_s30.B75
Reading graphs...
30 :  130
30 :  131
Initializing...
maxdom : 30
D->valSize : 900
Solving...
Blb : 2 (clique : 12)
currentSize : 12 <-- 0.009721 s
currentSize : 13 <-- 0.010096 s
currentSize : 14 <-- 0.125084 s
currentSize : 15 <-- 0.328982 s
currentSize : 16 <-- 2.203535 s
currentSize : 17 <-- 6.273962 s
currentSize : 19 <-- 6.274025 s
currentSize : 26 <-- 6.274570 s

maxsize : 26
nodes : 1626535.000000
filtered : 28447021.000000
time : 6.350370
