Parameters: GAD=1 vflib=1 dir=0 label=0 lowerbound=1 fileNameGp=../graphsdb/mcs90/bvg/b03m/mcs90_b03m_s30.A46 fileNameGt=../graphsdb/mcs90/bvg/b03m/mcs90_b03m_s30.B46
Reading graphs...
30 :  45
30 :  45
Initializing...
maxdom : 30
D->valSize : 900
Solving...
Blb : 2 (clique : 19)
currentSize : 19 <-- 0.019914 s
currentSize : 20 <-- 0.022819 s
currentSize : 21 <-- 0.063735 s
currentSize : 22 <-- 0.389965 s
currentSize : 23 <-- 4.572820 s
currentSize : 24 <-- 4.900610 s
currentSize : 26 <-- 5.079367 s

maxsize : 26
nodes : 1142128.000000
filtered : 28758533.000000
time : 5.165913
