Parameters: GAD=1 vflib=1 dir=0 label=0 lowerbound=1 fileNameGp=../graphsdb/mcs90/m3D/m3Dr2/mcs90_m3Dr2_s30.A35 fileNameGt=../graphsdb/mcs90/m3D/m3Dr2/mcs90_m3Dr2_s30.B35
Reading graphs...
30 :  67
30 :  66
Initializing...
maxdom : 30
D->valSize : 900
Solving...
Blb : 2 (clique : 15)
currentSize : 15 <-- 0.010760 s
currentSize : 16 <-- 0.011232 s
currentSize : 17 <-- 0.013314 s
currentSize : 18 <-- 0.141699 s
currentSize : 19 <-- 1.917773 s
currentSize : 20 <-- 8.129832 s
currentSize : 21 <-- 8.439795 s
currentSize : 22 <-- 11.842977 s
currentSize : 23 <-- 13.197745 s
currentSize : 24 <-- 13.256267 s
currentSize : 25 <-- 13.348311 s
currentSize : 27 <-- 13.348374 s

maxsize : 27
nodes : 3379125.000000
filtered : 63294262.000000
time : 13.373710
