Parameters: GAD=1 vflib=1 dir=0 label=0 lowerbound=1 fileNameGp=../graphsdb/mcs90/bvg/b09m/mcs90_b09m_s25.A11 fileNameGt=../graphsdb/mcs90/bvg/b09m/mcs90_b09m_s25.B11
Reading graphs...
25 :  106
25 :  106
Initializing...
maxdom : 25
D->valSize : 625
Solving...
Blb : 2 (clique : 11)
currentSize : 11 <-- 0.004694 s
currentSize : 12 <-- 0.004779 s
currentSize : 14 <-- 0.122879 s
currentSize : 15 <-- 0.124003 s
currentSize : 17 <-- 1.282404 s
currentSize : 22 <-- 1.283116 s

maxsize : 22
nodes : 366667.000000
filtered : 5814487.000000
time : 1.291850
