Parameters: GAD=1 vflib=1 dir=0 label=0 lowerbound=1 fileNameGp=../graphsdb/mcs90/m4D/m4Dr2/mcs90_m4Dr2_s20.A64 fileNameGt=../graphsdb/mcs90/m4D/m4Dr2/mcs90_m4Dr2_s20.B64
Reading graphs...
20 :  40
20 :  40
Initializing...
maxdom : 20
D->valSize : 400
Solving...
Blb : 2 (clique : 12)
currentSize : 12 <-- 0.002231 s
currentSize : 13 <-- 0.008186 s
currentSize : 14 <-- 0.009298 s
currentSize : 15 <-- 0.016339 s
currentSize : 16 <-- 0.016364 s

maxsize : 16
nodes : 12459.000000
filtered : 199604.000000
time : 0.039352
