Parameters: GAD=1 vflib=1 dir=0 label=0 lowerbound=1 fileNameGp=../graphsdb/mcs90/bvg/b06m/mcs90_b06m_s35.A93 fileNameGt=../graphsdb/mcs90/bvg/b06m/mcs90_b06m_s35.B93
Reading graphs...
35 :  103
35 :  103
Initializing...
maxdom : 35
D->valSize : 1225
Solving...
Blb : 2 (clique : 15)
currentSize : 15 <-- 0.034084 s
currentSize : 16 <-- 0.034309 s
currentSize : 17 <-- 0.034520 s
currentSize : 18 <-- 0.053155 s
currentSize : 19 <-- 0.106405 s
currentSize : 20 <-- 2.691139 s
currentSize : 21 <-- 6.700909 s
currentSize : 22 <-- 121.376190 s
currentSize : 24 <-- 121.522713 s
currentSize : 27 <-- 121.522774 s
currentSize : 31 <-- 121.523018 s

maxsize : 31
nodes : 22105359.000000
filtered : 819814620.000000
time : 121.595718
