Parameters: GAD=1 vflib=1 dir=0 label=0 lowerbound=1 fileNameGp=../graphsdb/mcs90/bvg/b09m/mcs90_b09m_s35.A89 fileNameGt=../graphsdb/mcs90/bvg/b09m/mcs90_b09m_s35.B89
Reading graphs...
35 :  151
35 :  152
Initializing...
maxdom : 35
D->valSize : 1225
Solving...
Blb : 2 (clique : 13)
currentSize : 13 <-- 0.031715 s
currentSize : 14 <-- 0.032391 s
currentSize : 15 <-- 0.033874 s
currentSize : 16 <-- 0.175075 s
currentSize : 17 <-- 7.983934 s
currentSize : 18 <-- 181.774323 s
currentSize : 19 <-- 182.269394 s
currentSize : 20 <-- 184.685379 s
currentSize : 21 <-- 184.685425 s
currentSize : 23 <-- 209.794342 s
currentSize : 24 <-- 209.820023 s
currentSize : 30 <-- 209.838791 s

maxsize : 30
nodes : 49735701.000000
filtered : 973249850.000000
time : 210.074524
