Parameters: GAD=1 vflib=1 dir=0 label=0 lowerbound=1 fileNameGp=../graphsdb/mcs90/bvg/b06m/mcs90_b06m_s25.A30 fileNameGt=../graphsdb/mcs90/bvg/b06m/mcs90_b06m_s25.B30
Reading graphs...
25 :  73
25 :  73
Initializing...
maxdom : 25
D->valSize : 625
Solving...
Blb : 3 (clique : 12)
currentSize : 12 <-- 0.005096 s
currentSize : 13 <-- 0.008457 s
currentSize : 14 <-- 0.009193 s
currentSize : 15 <-- 0.053328 s
currentSize : 17 <-- 0.247643 s
currentSize : 18 <-- 0.272486 s
currentSize : 22 <-- 0.318667 s

maxsize : 22
nodes : 82005.000000
filtered : 1723587.000000
time : 0.325074
