Parameters: GAD=1 vflib=1 dir=0 label=0 lowerbound=1 fileNameGp=../graphsdb/mcs90/bvg/b09m/mcs90_b09m_s25.A49 fileNameGt=../graphsdb/mcs90/bvg/b09m/mcs90_b09m_s25.B49
Reading graphs...
25 :  108
25 :  105
Initializing...
maxdom : 25
D->valSize : 625
Solving...
Blb : 5 (clique : 11)
currentSize : 11 <-- 0.007956 s
currentSize : 12 <-- 0.010562 s
currentSize : 13 <-- 0.017525 s
currentSize : 15 <-- 0.017789 s
currentSize : 22 <-- 0.018104 s

maxsize : 22
nodes : 4020.000000
filtered : 200839.000000
time : 0.043535
