Parameters: GAD=1 vflib=1 dir=0 label=0 lowerbound=1 fileNameGp=../graphsdb/mcs90/rand/r01/mcs90_r01_s35.A07 fileNameGt=../graphsdb/mcs90/rand/r01/mcs90_r01_s35.B07
Reading graphs...
35 :  112
35 :  112
Initializing...
maxdom : 35
D->valSize : 1225
Solving...
Blb : 2 (clique : 14)
currentSize : 14 <-- 0.019530 s
currentSize : 16 <-- 0.019668 s
currentSize : 17 <-- 0.021330 s
currentSize : 18 <-- 0.028882 s
currentSize : 19 <-- 1.450679 s
currentSize : 20 <-- 21.931011 s
currentSize : 21 <-- 45.250843 s
currentSize : 23 <-- 92.919563 s
currentSize : 25 <-- 92.971596 s
currentSize : 26 <-- 92.973656 s
currentSize : 31 <-- 92.974640 s

maxsize : 31
nodes : 19278056.000000
filtered : 466704406.000000
time : 93.037094
