Parameters: GAD=1 vflib=1 dir=0 label=0 lowerbound=1 fileNameGp=../graphsdb/mcs90/m3D/m3Dr2/mcs90_m3Dr2_s30.A00 fileNameGt=../graphsdb/mcs90/m3D/m3Dr2/mcs90_m3Dr2_s30.B00
Reading graphs...
30 :  67
30 :  66
Initializing...
maxdom : 30
D->valSize : 900
Solving...
Blb : 2 (clique : 18)
currentSize : 18 <-- 0.010827 s
currentSize : 19 <-- 0.018890 s
currentSize : 20 <-- 0.026172 s
currentSize : 22 <-- 0.029105 s
currentSize : 23 <-- 0.648921 s
currentSize : 24 <-- 1.349657 s
currentSize : 25 <-- 1.401581 s
currentSize : 27 <-- 1.410079 s

maxsize : 27
nodes : 263530.000000
filtered : 8808874.000000
time : 1.439517
