Parameters: GAD=1 vflib=1 dir=0 label=0 lowerbound=1 fileNameGp=../graphsdb/mcs90/rand/r01/mcs90_r01_s25.A39 fileNameGt=../graphsdb/mcs90/rand/r01/mcs90_r01_s25.B39
Reading graphs...
25 :  56
25 :  56
Initializing...
maxdom : 25
D->valSize : 625
Solving...
Blb : 2 (clique : 13)
currentSize : 13 <-- 0.005180 s
currentSize : 14 <-- 0.005266 s
currentSize : 15 <-- 0.013011 s
currentSize : 16 <-- 0.030760 s
currentSize : 17 <-- 0.807530 s
currentSize : 19 <-- 0.950259 s
currentSize : 22 <-- 0.953814 s

maxsize : 22
nodes : 236276.000000
filtered : 5138026.000000
time : 0.967007
