Parameters: GAD=1 vflib=1 dir=0 label=0 lowerbound=1 fileNameGp=../graphsdb/mcs90/bvg/b09m/mcs90_b09m_s30.A83 fileNameGt=../graphsdb/mcs90/bvg/b09m/mcs90_b09m_s30.B83
Reading graphs...
30 :  131
30 :  131
Initializing...
maxdom : 30
D->valSize : 900
Solving...
Blb : 3 (clique : 11)
currentSize : 11 <-- 0.009722 s
currentSize : 13 <-- 0.009819 s
currentSize : 14 <-- 0.010205 s
currentSize : 16 <-- 0.011320 s
currentSize : 20 <-- 0.012567 s
currentSize : 26 <-- 0.013149 s

maxsize : 26
nodes : 5131.000000
filtered : 484810.000000
time : 0.059468
