Parameters: GAD=1 vflib=1 dir=0 label=0 lowerbound=1 fileNameGp=../graphsdb/mcs90/bvg/b06/mcs90_b06_s25.A13 fileNameGt=../graphsdb/mcs90/bvg/b06/mcs90_b06_s25.B13
Reading graphs...
25 :  74
25 :  75
Initializing...
maxdom : 25
D->valSize : 625
Solving...
Blb : 2 (clique : 14)
currentSize : 14 <-- 0.005018 s
currentSize : 15 <-- 0.005592 s
currentSize : 16 <-- 0.006472 s
currentSize : 17 <-- 0.007274 s
currentSize : 18 <-- 0.007317 s
currentSize : 20 <-- 0.012373 s
currentSize : 22 <-- 0.013316 s

maxsize : 22
nodes : 8942.000000
filtered : 234330.000000
time : 0.042762
