Parameters: GAD=1 vflib=1 dir=0 label=0 lowerbound=1 fileNameGp=../graphsdb/mcs90/bvg/b03m/mcs90_b03m_s20.A38 fileNameGt=../graphsdb/mcs90/bvg/b03m/mcs90_b03m_s20.B38
Reading graphs...
20 :  30
20 :  30
Initializing...
maxdom : 20
D->valSize : 400
Solving...
Blb : 2 (clique : 13)
currentSize : 13 <-- 0.002812 s
currentSize : 14 <-- 0.003259 s
currentSize : 15 <-- 0.003274 s
currentSize : 16 <-- 0.009368 s
currentSize : 19 <-- 0.009766 s

maxsize : 19
nodes : 2310.000000
filtered : 36736.000000
time : 0.010078
