Parameters: GAD=1 vflib=1 dir=0 label=0 lowerbound=1 fileNameGp=../graphsdb/mcs90/bvg/b03m/mcs90_b03m_s25.A20 fileNameGt=../graphsdb/mcs90/bvg/b03m/mcs90_b03m_s25.B20
Reading graphs...
25 :  36
25 :  36
Initializing...
maxdom : 25
D->valSize : 625
Solving...
Blb : 2 (clique : 15)
currentSize : 15 <-- 0.005520 s
currentSize : 19 <-- 0.005615 s
currentSize : 20 <-- 0.089831 s
currentSize : 21 <-- 0.095408 s
currentSize : 22 <-- 0.095572 s

maxsize : 22
nodes : 25899.000000
filtered : 502756.000000
time : 0.108355
