Parameters: GAD=1 vflib=1 dir=0 label=0 lowerbound=1 fileNameGp=../graphsdb/mcs90/rand/r02/mcs90_r02_s30.A61 fileNameGt=../graphsdb/mcs90/rand/r02/mcs90_r02_s30.B61
Reading graphs...
30 :  158
30 :  158
Initializing...
maxdom : 30
D->valSize : 900
Solving...
Blb : 2 (clique : 10)
currentSize : 10 <-- 0.016307 s
currentSize : 11 <-- 0.016558 s
currentSize : 12 <-- 0.021658 s
currentSize : 13 <-- 0.243544 s
currentSize : 15 <-- 1.005839 s
currentSize : 17 <-- 1.008758 s
currentSize : 20 <-- 1.473579 s
currentSize : 27 <-- 3.570131 s

maxsize : 27
nodes : 817997.000000
filtered : 17235028.000000
time : 3.582331
