Parameters: GAD=1 vflib=1 dir=0 label=0 lowerbound=1 fileNameGp=../graphsdb/mcs90/bvg/b03/mcs90_b03_s35.A10 fileNameGt=../graphsdb/mcs90/bvg/b03/mcs90_b03_s35.B10
Reading graphs...
35 :  52
35 :  52
Initializing...
maxdom : 35
D->valSize : 1225
Solving...
Blb : 2 (clique : 28)
currentSize : 28 <-- 0.036711 s
currentSize : 29 <-- 0.606536 s
currentSize : 30 <-- 1.873025 s
currentSize : 31 <-- 4.317683 s
currentSize : 32 <-- 4.403307 s

maxsize : 32
nodes : 602661.000000
filtered : 23865538.000000
time : 4.452964
