Parameters: GAD=1 vflib=1 dir=0 label=0 lowerbound=1 fileNameGp=../graphsdb/mcs90/m2D/m2Dr2/mcs90_m2Dr2_s20.A09 fileNameGt=../graphsdb/mcs90/m2D/m2Dr2/mcs90_m2Dr2_s20.B09
Reading graphs...
20 :  35
20 :  34
Initializing...
maxdom : 20
D->valSize : 400
Solving...
Blb : 2 (clique : 12)
currentSize : 12 <-- 0.002348 s
currentSize : 13 <-- 0.002458 s
currentSize : 14 <-- 0.003384 s
currentSize : 15 <-- 0.004513 s
currentSize : 16 <-- 0.070593 s

maxsize : 16
nodes : 22777.000000
filtered : 538152.000000
time : 0.088764
