Parameters: GAD=1 vflib=1 dir=0 label=0 lowerbound=1 fileNameGp=../graphsdb/mcs90/bvg/b09m/mcs90_b09m_s30.A98 fileNameGt=../graphsdb/mcs90/bvg/b09m/mcs90_b09m_s30.B98
Reading graphs...
30 :  133
30 :  132
Initializing...
maxdom : 30
D->valSize : 900
Solving...
Blb : 2 (clique : 11)
currentSize : 11 <-- 0.016740 s
currentSize : 12 <-- 0.017007 s
currentSize : 13 <-- 0.020903 s
currentSize : 14 <-- 0.051587 s
currentSize : 15 <-- 0.215779 s
currentSize : 16 <-- 2.797262 s
currentSize : 17 <-- 15.437874 s
currentSize : 19 <-- 16.763592 s
currentSize : 21 <-- 17.070433 s
currentSize : 26 <-- 17.116713 s

maxsize : 26
nodes : 4242523.000000
filtered : 81514967.000000
time : 17.148664
