Parameters: GAD=1 vflib=1 dir=0 label=0 lowerbound=1 fileNameGp=../graphsdb/mcs90/m4D/m4Dr2/mcs90_m4Dr2_s20.A09 fileNameGt=../graphsdb/mcs90/m4D/m4Dr2/mcs90_m4Dr2_s20.B09
Reading graphs...
20 :  41
20 :  41
Initializing...
maxdom : 20
D->valSize : 400
Solving...
Blb : 2 (clique : 10)
currentSize : 10 <-- 0.002316 s
currentSize : 12 <-- 0.002373 s
currentSize : 13 <-- 0.002398 s
currentSize : 14 <-- 0.002450 s
currentSize : 15 <-- 0.021907 s
currentSize : 16 <-- 0.026301 s

maxsize : 16
nodes : 11146.000000
filtered : 285409.000000
time : 0.043614
