Parameters: GAD=1 vflib=1 dir=0 label=0 lowerbound=1 fileNameGp=../graphsdb/mcs90/rand/r005/mcs90_r005_s35.A84 fileNameGt=../graphsdb/mcs90/rand/r005/mcs90_r005_s35.B84
Reading graphs...
35 :  57
35 :  58
Initializing...
maxdom : 35
D->valSize : 1225
Solving...
Blb : 2 (clique : 21)
currentSize : 21 <-- 0.036986 s
currentSize : 22 <-- 0.110460 s
currentSize : 23 <-- 0.208137 s
currentSize : 24 <-- 5.913239 s
currentSize : 25 <-- 17.778236 s
currentSize : 26 <-- 33.786827 s
currentSize : 27 <-- 63.161053 s
currentSize : 28 <-- 72.062469 s
currentSize : 29 <-- 74.627785 s
currentSize : 30 <-- 74.627823 s
currentSize : 31 <-- 75.147659 s

maxsize : 31
nodes : 11418454.000000
filtered : 470082772.000000
time : 75.176430
