Parameters: GAD=1 vflib=1 dir=0 label=0 lowerbound=1 fileNameGp=../graphsdb/mcs90/bvg/b06m/mcs90_b06m_s25.A45 fileNameGt=../graphsdb/mcs90/bvg/b06m/mcs90_b06m_s25.B45
Reading graphs...
25 :  75
25 :  75
Initializing...
maxdom : 25
D->valSize : 625
Solving...
Blb : 2 (clique : 12)
currentSize : 12 <-- 0.004976 s
currentSize : 13 <-- 0.005161 s
currentSize : 14 <-- 0.005231 s
currentSize : 15 <-- 0.035182 s
currentSize : 17 <-- 0.667719 s
currentSize : 20 <-- 0.718578 s
currentSize : 22 <-- 0.780277 s

maxsize : 22
nodes : 181651.000000
filtered : 4699430.000000
time : 0.782279
