Parameters: GAD=1 vflib=1 dir=0 label=0 lowerbound=1 fileNameGp=../graphsdb/mcs90/bvg/b06m/mcs90_b06m_s20.A59 fileNameGt=../graphsdb/mcs90/bvg/b06m/mcs90_b06m_s20.B59
Reading graphs...
20 :  58
20 :  59
Initializing...
maxdom : 20
D->valSize : 400
Solving...
Blb : 2 (clique : 10)
currentSize : 10 <-- 0.002146 s
currentSize : 11 <-- 0.002252 s
currentSize : 12 <-- 0.011816 s
currentSize : 13 <-- 0.017989 s
currentSize : 15 <-- 0.104204 s
currentSize : 18 <-- 0.104817 s

maxsize : 18
nodes : 34767.000000
filtered : 483915.000000
time : 0.106828
