Parameters: GAD=1 vflib=1 dir=0 label=0 lowerbound=1 fileNameGp=../graphsdb/mcs90/rand/r02/mcs90_r02_s25.A42 fileNameGt=../graphsdb/mcs90/rand/r02/mcs90_r02_s25.B42
Reading graphs...
25 :  105
25 :  105
Initializing...
maxdom : 25
D->valSize : 625
Solving...
Blb : 5 (clique : 10)
currentSize : 10 <-- 0.004827 s
currentSize : 11 <-- 0.004931 s
currentSize : 12 <-- 0.004977 s
currentSize : 13 <-- 0.155128 s
currentSize : 14 <-- 0.228219 s
currentSize : 16 <-- 0.500499 s
currentSize : 17 <-- 1.329380 s
currentSize : 22 <-- 1.336110 s

maxsize : 22
nodes : 369518.000000
filtered : 6662609.000000
time : 1.344583
