Parameters: GAD=1 vflib=1 dir=0 label=0 lowerbound=1 fileNameGp=../graphsdb/mcs90/rand/r02/mcs90_r02_s30.A90 fileNameGt=../graphsdb/mcs90/rand/r02/mcs90_r02_s30.B90
Reading graphs...
30 :  163
30 :  163
Initializing...
maxdom : 30
D->valSize : 900
Solving...
Blb : 2 (clique : 10)
currentSize : 10 <-- 0.016139 s
currentSize : 11 <-- 0.016330 s
currentSize : 12 <-- 0.020970 s
currentSize : 13 <-- 0.208693 s
currentSize : 14 <-- 0.528947 s
currentSize : 15 <-- 1.934747 s
currentSize : 18 <-- 1.936065 s
currentSize : 19 <-- 3.752874 s
currentSize : 27 <-- 4.669321 s

maxsize : 27
nodes : 1204447.000000
filtered : 20543912.000000
time : 4.688411
