Parameters: GAD=1 vflib=1 dir=0 label=0 lowerbound=1 fileNameGp=../graphsdb/mcs90/rand/r005/mcs90_r005_s25.A78 fileNameGt=../graphsdb/mcs90/rand/r005/mcs90_r005_s25.B78
Reading graphs...
25 :  27
25 :  28
Initializing...
maxdom : 25
D->valSize : 625
Solving...
Blb : 2 (clique : 16)
currentSize : 16 <-- 0.005709 s
currentSize : 17 <-- 0.005809 s
currentSize : 18 <-- 0.006681 s
currentSize : 19 <-- 0.011067 s
currentSize : 20 <-- 0.017579 s
currentSize : 21 <-- 0.189492 s
currentSize : 22 <-- 0.196016 s

maxsize : 22
nodes : 57220.000000
filtered : 1006162.000000
time : 0.212347
