Parameters: GAD=1 vflib=1 dir=0 label=0 lowerbound=1 fileNameGp=../graphsdb/mcs90/rand/r005/mcs90_r005_s20.A51 fileNameGt=../graphsdb/mcs90/rand/r005/mcs90_r005_s20.B51
Reading graphs...
20 :  21
20 :  21
Initializing...
maxdom : 20
D->valSize : 400
Solving...
Blb : 5 (clique : 14)
currentSize : 14 <-- 0.002494 s
currentSize : 15 <-- 0.002600 s
currentSize : 16 <-- 0.002751 s
currentSize : 17 <-- 0.004264 s
currentSize : 18 <-- 0.017303 s

maxsize : 18
nodes : 3838.000000
filtered : 109176.000000
time : 0.018911
