Parameters: GAD=1 vflib=1 dir=0 label=0 lowerbound=1 fileNameGp=../graphsdb/mcs90/bvg/b09/mcs90_b09_s25.A25 fileNameGt=../graphsdb/mcs90/bvg/b09/mcs90_b09_s25.B25
Reading graphs...
25 :  112
25 :  111
Initializing...
maxdom : 25
D->valSize : 625
Solving...
Blb : 2 (clique : 9)
currentSize : 9 <-- 0.007897 s
currentSize : 10 <-- 0.008448 s
currentSize : 11 <-- 0.009140 s
currentSize : 12 <-- 0.009919 s
currentSize : 13 <-- 0.010097 s
currentSize : 14 <-- 0.010133 s
currentSize : 15 <-- 0.010480 s
currentSize : 16 <-- 0.010558 s
currentSize : 17 <-- 0.012723 s
currentSize : 18 <-- 0.012782 s
currentSize : 22 <-- 0.016142 s

maxsize : 22
nodes : 8353.000000
filtered : 365367.000000
time : 0.065588
