Parameters: GAD=1 vflib=1 dir=0 label=0 lowerbound=1 fileNameGp=../graphsdb/mcs90/rand/r02/mcs90_r02_s25.A20 fileNameGt=../graphsdb/mcs90/rand/r02/mcs90_r02_s25.B20
Reading graphs...
25 :  109
25 :  108
Initializing...
maxdom : 25
D->valSize : 625
Solving...
Blb : 2 (clique : 10)
currentSize : 10 <-- 0.004790 s
currentSize : 11 <-- 0.005310 s
currentSize : 12 <-- 0.013207 s
currentSize : 14 <-- 0.068293 s
currentSize : 17 <-- 0.069056 s
currentSize : 19 <-- 0.073451 s
currentSize : 22 <-- 0.079920 s

maxsize : 22
nodes : 25420.000000
filtered : 358951.000000
time : 0.086275
