Parameters: GAD=1 vflib=1 dir=0 label=0 lowerbound=1 fileNameGp=../graphsdb/mcs90/rand/r005/mcs90_r005_s35.A39 fileNameGt=../graphsdb/mcs90/rand/r005/mcs90_r005_s35.B39
Reading graphs...
35 :  57
35 :  57
Initializing...
maxdom : 35
D->valSize : 1225
Solving...
Blb : 2 (clique : 22)
currentSize : 22 <-- 0.037210 s
currentSize : 23 <-- 0.079264 s
currentSize : 24 <-- 0.172347 s
currentSize : 25 <-- 1.111390 s
currentSize : 26 <-- 8.062834 s
currentSize : 27 <-- 8.608351 s
currentSize : 28 <-- 8.610537 s
currentSize : 29 <-- 8.979488 s
currentSize : 31 <-- 8.995891 s

maxsize : 31
nodes : 1369875.000000
filtered : 59552390.000000
time : 9.187846
