Parameters: GAD=1 vflib=1 dir=0 label=0 lowerbound=1 fileNameGp=../graphsdb/mcs90/bvg/b03/mcs90_b03_s30.A44 fileNameGt=../graphsdb/mcs90/bvg/b03/mcs90_b03_s30.B44
Reading graphs...
30 :  45
30 :  45
Initializing...
maxdom : 30
D->valSize : 900
Solving...
Blb : 2 (clique : 20)
currentSize : 20 <-- 0.011934 s
currentSize : 21 <-- 0.012160 s
currentSize : 22 <-- 0.012329 s
currentSize : 23 <-- 0.012966 s
currentSize : 24 <-- 0.013089 s
currentSize : 25 <-- 0.015606 s
currentSize : 26 <-- 0.015656 s
currentSize : 27 <-- 0.038359 s

maxsize : 27
nodes : 16372.000000
filtered : 505457.000000
time : 0.104628
