Parameters: GAD=1 vflib=1 dir=0 label=0 lowerbound=1 fileNameGp=../graphsdb/mcs90/rand/r005/mcs90_r005_s35.A93 fileNameGt=../graphsdb/mcs90/rand/r005/mcs90_r005_s35.B93
Reading graphs...
35 :  58
35 :  57
Initializing...
maxdom : 35
D->valSize : 1225
Solving...
Blb : 2 (clique : 21)
currentSize : 21 <-- 0.037069 s
currentSize : 23 <-- 0.037357 s
currentSize : 24 <-- 0.039229 s
currentSize : 25 <-- 0.655470 s
currentSize : 26 <-- 2.623113 s
currentSize : 27 <-- 3.172077 s
currentSize : 28 <-- 4.394724 s
currentSize : 29 <-- 4.394744 s
currentSize : 30 <-- 5.711993 s
currentSize : 31 <-- 5.712045 s

maxsize : 31
nodes : 868531.000000
filtered : 41153610.000000
time : 5.950398
