Parameters: GAD=1 vflib=1 dir=0 label=0 lowerbound=1 fileNameGp=../graphsdb/mcs90/m2D/m2Dr6/mcs90_m2Dr6_s20.A27 fileNameGt=../graphsdb/mcs90/m2D/m2Dr6/mcs90_m2Dr6_s20.B27
Reading graphs...
20 :  41
20 :  41
Initializing...
maxdom : 20
D->valSize : 400
Solving...
Blb : 2 (clique : 12)
currentSize : 12 <-- 0.002374 s
currentSize : 13 <-- 0.006464 s
currentSize : 14 <-- 0.010325 s
currentSize : 15 <-- 0.030053 s
currentSize : 16 <-- 0.030487 s

maxsize : 16
nodes : 12542.000000
filtered : 305444.000000
time : 0.048528
