Parameters: GAD=1 vflib=1 dir=0 label=0 lowerbound=1 fileNameGp=../graphsdb/mcs90/m2D/m2D/mcs90_m2D_s30.A50 fileNameGt=../graphsdb/mcs90/m2D/m2D/mcs90_m2D_s30.B50
Reading graphs...
30 :  48
30 :  49
Initializing...
maxdom : 30
D->valSize : 900
Solving...
Blb : 2 (clique : 18)
currentSize : 18 <-- 0.019758 s
currentSize : 19 <-- 0.019971 s
currentSize : 20 <-- 0.020120 s
currentSize : 21 <-- 0.116165 s
currentSize : 22 <-- 0.726441 s
currentSize : 23 <-- 2.459458 s
currentSize : 24 <-- 2.459515 s
currentSize : 26 <-- 2.616565 s
currentSize : 27 <-- 2.640321 s

maxsize : 27
nodes : 571467.000000
filtered : 14809060.000000
time : 2.678884
