Parameters: GAD=1 vflib=1 dir=0 label=0 lowerbound=1 fileNameGp=../graphsdb/mcs90/m2D/m2Dr2/mcs90_m2Dr2_s20.A85 fileNameGt=../graphsdb/mcs90/m2D/m2Dr2/mcs90_m2Dr2_s20.B85
Reading graphs...
20 :  33
20 :  34
Initializing...
maxdom : 20
D->valSize : 400
Solving...
Blb : 2 (clique : 11)
currentSize : 11 <-- 0.002358 s
currentSize : 12 <-- 0.002564 s
currentSize : 13 <-- 0.007720 s
currentSize : 14 <-- 0.008077 s
currentSize : 15 <-- 0.011988 s
currentSize : 16 <-- 0.013986 s

maxsize : 16
nodes : 15421.000000
filtered : 266877.000000
time : 0.051503
