Parameters: GAD=1 vflib=1 dir=0 label=0 lowerbound=1 fileNameGp=../graphsdb/mcs90/bvg/b09m/mcs90_b09m_s20.A04 fileNameGt=../graphsdb/mcs90/bvg/b09m/mcs90_b09m_s20.B04
Reading graphs...
20 :  87
20 :  86
Initializing...
maxdom : 20
D->valSize : 400
Solving...
Blb : 3 (clique : 9)
currentSize : 9 <-- 0.002427 s
currentSize : 10 <-- 0.004012 s
currentSize : 11 <-- 0.005949 s
currentSize : 12 <-- 0.026144 s
currentSize : 13 <-- 0.062642 s
currentSize : 15 <-- 0.064311 s
currentSize : 18 <-- 0.064351 s

maxsize : 18
nodes : 21230.000000
filtered : 268933.000000
time : 0.065069
