Parameters: GAD=1 vflib=1 dir=0 label=0 lowerbound=1 fileNameGp=../graphsdb/mcs90/bvg/b06m/mcs90_b06m_s20.A37 fileNameGt=../graphsdb/mcs90/bvg/b06m/mcs90_b06m_s20.B37
Reading graphs...
20 :  57
20 :  57
Initializing...
maxdom : 20
D->valSize : 400
Solving...
Blb : 2 (clique : 10)
currentSize : 10 <-- 0.002200 s
currentSize : 11 <-- 0.002260 s
currentSize : 12 <-- 0.002336 s
currentSize : 13 <-- 0.009566 s
currentSize : 14 <-- 0.063285 s
currentSize : 15 <-- 0.069620 s
currentSize : 18 <-- 0.074877 s

maxsize : 18
nodes : 24455.000000
filtered : 354730.000000
time : 0.075802
