Parameters: GAD=1 vflib=1 dir=0 label=0 lowerbound=1 fileNameGp=../graphsdb/mcs90/rand/r01/mcs90_r01_s20.A71 fileNameGt=../graphsdb/mcs90/rand/r01/mcs90_r01_s20.B71
Reading graphs...
20 :  37
20 :  37
Initializing...
maxdom : 20
D->valSize : 400
Solving...
Blb : 2 (clique : 11)
currentSize : 11 <-- 0.002354 s
currentSize : 12 <-- 0.002590 s
currentSize : 13 <-- 0.002600 s
currentSize : 14 <-- 0.019622 s
currentSize : 15 <-- 0.019923 s
currentSize : 16 <-- 0.035194 s
currentSize : 18 <-- 0.041191 s

maxsize : 18
nodes : 10900.000000
filtered : 240630.000000
time : 0.042080
