Parameters: GAD=1 vflib=1 dir=0 label=0 lowerbound=1 fileNameGp=../graphsdb/mcs90/m2D/m2Dr4/mcs90_m2Dr4_s30.A27 fileNameGt=../graphsdb/mcs90/m2D/m2Dr4/mcs90_m2Dr4_s30.B27
Reading graphs...
30 :  60
30 :  59
Initializing...
maxdom : 30
D->valSize : 900
Solving...
Blb : 2 (clique : 17)
currentSize : 17 <-- 0.019044 s
currentSize : 18 <-- 0.026388 s
currentSize : 19 <-- 0.026457 s
currentSize : 20 <-- 0.070000 s
currentSize : 21 <-- 1.865810 s
currentSize : 22 <-- 2.323512 s
currentSize : 24 <-- 5.263194 s
currentSize : 25 <-- 5.263275 s

maxsize : 25
nodes : 992978.000000
filtered : 34051129.000000
time : 5.498122
