Parameters: GAD=1 vflib=1 dir=0 label=0 lowerbound=1 fileNameGp=../graphsdb/mcs90/rand/r01/mcs90_r01_s35.A34 fileNameGt=../graphsdb/mcs90/rand/r01/mcs90_r01_s35.B34
Reading graphs...
35 :  115
35 :  116
Initializing...
maxdom : 35
D->valSize : 1225
Solving...
Blb : 2 (clique : 14)
currentSize : 14 <-- 0.019026 s
currentSize : 15 <-- 0.019159 s
currentSize : 16 <-- 0.019299 s
currentSize : 17 <-- 0.020285 s
currentSize : 18 <-- 0.035878 s
currentSize : 19 <-- 3.537069 s
currentSize : 20 <-- 13.480282 s
currentSize : 21 <-- 13.480710 s
currentSize : 22 <-- 28.279699 s
currentSize : 24 <-- 32.461361 s
currentSize : 26 <-- 32.462120 s
currentSize : 27 <-- 34.510071 s
currentSize : 31 <-- 34.510189 s

maxsize : 31
nodes : 6879018.000000
filtered : 179565996.000000
time : 34.544891
