Parameters: GAD=1 vflib=1 dir=0 label=0 lowerbound=1 fileNameGp=../graphsdb/mcs90/bvg/b09m/mcs90_b09m_s35.A21 fileNameGt=../graphsdb/mcs90/bvg/b09m/mcs90_b09m_s35.B21
Reading graphs...
35 :  152
35 :  152
Initializing...
maxdom : 35
D->valSize : 1225
Solving...
Blb : 2 (clique : 14)
currentSize : 14 <-- 0.031522 s
currentSize : 15 <-- 0.033197 s
currentSize : 16 <-- 0.042146 s
currentSize : 17 <-- 0.169518 s
currentSize : 19 <-- 0.741044 s
currentSize : 21 <-- 6.471447 s
currentSize : 22 <-- 8.776024 s
currentSize : 30 <-- 8.795111 s

maxsize : 30
nodes : 1906647.000000
filtered : 43523200.000000
time : 9.022179
