Parameters: GAD=1 vflib=1 dir=0 label=0 lowerbound=1 fileNameGp=../graphsdb/mcs90/bvg/b03/mcs90_b03_s20.A07 fileNameGt=../graphsdb/mcs90/bvg/b03/mcs90_b03_s20.B07
Reading graphs...
20 :  30
20 :  30
Initializing...
maxdom : 20
D->valSize : 400
Solving...
Blb : 2 (clique : 14)
currentSize : 14 <-- 0.003993 s
currentSize : 15 <-- 0.004095 s
currentSize : 17 <-- 0.004142 s
currentSize : 18 <-- 0.004240 s
currentSize : 19 <-- 0.007548 s

maxsize : 19
nodes : 720.000000
filtered : 17062.000000
time : 0.007843
