Parameters: GAD=1 vflib=1 dir=0 label=0 lowerbound=1 fileNameGp=../graphsdb/mcs90/bvg/b09m/mcs90_b09m_s20.A01 fileNameGt=../graphsdb/mcs90/bvg/b09m/mcs90_b09m_s20.B01
Reading graphs...
20 :  85
20 :  85
Initializing...
maxdom : 20
D->valSize : 400
Solving...
Blb : 3 (clique : 9)
currentSize : 9 <-- 0.002136 s
currentSize : 10 <-- 0.007042 s
currentSize : 11 <-- 0.158030 s
currentSize : 12 <-- 0.158507 s
currentSize : 14 <-- 0.172512 s
currentSize : 15 <-- 0.173607 s
currentSize : 18 <-- 0.173767 s

maxsize : 18
nodes : 70772.000000
filtered : 552915.000000
time : 0.177094
