Parameters: GAD=1 vflib=1 dir=0 label=0 lowerbound=1 fileNameGp=../graphsdb/mcs90/bvg/b09/mcs90_b09_s30.A31 fileNameGt=../graphsdb/mcs90/bvg/b09/mcs90_b09_s30.B31
Reading graphs...
30 :  135
30 :  133
Initializing...
maxdom : 30
D->valSize : 900
Solving...
Blb : 2 (clique : 14)
currentSize : 14 <-- 0.009578 s
currentSize : 20 <-- 0.009691 s
currentSize : 21 <-- 0.009860 s
currentSize : 24 <-- 0.010152 s
currentSize : 26 <-- 0.010230 s

maxsize : 26
nodes : 23400.000000
filtered : 1270698.000000
time : 0.159324
