Parameters: GAD=1 vflib=1 dir=0 label=0 lowerbound=1 fileNameGp=../graphsdb/mcs90/bvg/b06m/mcs90_b06m_s25.A82 fileNameGt=../graphsdb/mcs90/bvg/b06m/mcs90_b06m_s25.B82
Reading graphs...
25 :  71
25 :  72
Initializing...
maxdom : 25
D->valSize : 625
Solving...
Blb : 3 (clique : 12)
currentSize : 12 <-- 0.004937 s
currentSize : 13 <-- 0.005245 s
currentSize : 14 <-- 0.007853 s
currentSize : 15 <-- 0.010460 s
currentSize : 16 <-- 0.010486 s
currentSize : 17 <-- 0.010511 s
currentSize : 20 <-- 0.010725 s
currentSize : 22 <-- 0.010754 s

maxsize : 22
nodes : 3637.000000
filtered : 112873.000000
time : 0.020836
