Parameters: GAD=1 vflib=1 dir=0 label=0 lowerbound=1 fileNameGp=../graphsdb/mcs90/m3D/m3Dr6/mcs90_m3Dr6_s30.A10 fileNameGt=../graphsdb/mcs90/m3D/m3Dr6/mcs90_m3Dr6_s30.B10
Reading graphs...
30 :  75
30 :  73
Initializing...
maxdom : 30
D->valSize : 900
Solving...
Blb : 2 (clique : 15)
currentSize : 15 <-- 0.018422 s
currentSize : 16 <-- 0.019207 s
currentSize : 17 <-- 0.019235 s
currentSize : 18 <-- 0.027710 s
currentSize : 19 <-- 1.936501 s
currentSize : 20 <-- 7.853436 s
currentSize : 21 <-- 11.435030 s
currentSize : 22 <-- 13.207154 s
currentSize : 23 <-- 13.209232 s
currentSize : 27 <-- 13.211825 s

maxsize : 27
nodes : 2866859.000000
filtered : 74733581.000000
time : 13.238211
