Parameters: GAD=1 vflib=1 dir=0 label=0 lowerbound=1 fileNameGp=../graphsdb/mcs90/bvg/b06/mcs90_b06_s15.A94 fileNameGt=../graphsdb/mcs90/bvg/b06/mcs90_b06_s15.B94
Reading graphs...
15 :  45
15 :  45
Initializing...
maxdom : 15
D->valSize : 225
Solving...
Blb : 3 (clique : 9)
currentSize : 9 <-- 0.001268 s
currentSize : 11 <-- 0.001474 s
currentSize : 12 <-- 0.001668 s
currentSize : 13 <-- 0.001699 s
currentSize : 14 <-- 0.003680 s

maxsize : 14
nodes : 575.000000
filtered : 9089.000000
time : 0.003863
