Parameters: GAD=1 vflib=1 dir=0 label=0 lowerbound=1 fileNameGp=../graphsdb/mcs90/bvg/b03m/mcs90_b03m_s25.A17 fileNameGt=../graphsdb/mcs90/bvg/b03m/mcs90_b03m_s25.B17
Reading graphs...
25 :  37
25 :  37
Initializing...
maxdom : 25
D->valSize : 625
Solving...
Blb : 2 (clique : 16)
currentSize : 16 <-- 0.005460 s
currentSize : 17 <-- 0.006001 s
currentSize : 18 <-- 0.010761 s
currentSize : 19 <-- 0.030756 s
currentSize : 21 <-- 0.033897 s
currentSize : 22 <-- 0.034006 s

maxsize : 22
nodes : 10614.000000
filtered : 309348.000000
time : 0.051669
