Parameters: GAD=1 vflib=1 dir=0 label=0 lowerbound=1 fileNameGp=../graphsdb/mcs90/bvg/b03/mcs90_b03_s30.A15 fileNameGt=../graphsdb/mcs90/bvg/b03/mcs90_b03_s30.B15
Reading graphs...
30 :  45
30 :  45
Initializing...
maxdom : 30
D->valSize : 900
Solving...
Blb : 2 (clique : 19)
currentSize : 19 <-- 0.011412 s
currentSize : 22 <-- 0.011569 s
currentSize : 23 <-- 0.011955 s
currentSize : 25 <-- 0.027224 s
currentSize : 27 <-- 0.040993 s

maxsize : 27
nodes : 17523.000000
filtered : 571712.000000
time : 0.110886
