Parameters: GAD=1 vflib=1 dir=0 label=0 lowerbound=1 fileNameGp=../graphsdb/mcs90/bvg/b09/mcs90_b09_s30.A20 fileNameGt=../graphsdb/mcs90/bvg/b09/mcs90_b09_s30.B20
Reading graphs...
30 :  133
30 :  134
Initializing...
maxdom : 30
D->valSize : 900
Solving...
Blb : 2 (clique : 15)
currentSize : 15 <-- 0.009647 s
currentSize : 16 <-- 0.010765 s
currentSize : 17 <-- 0.010996 s
currentSize : 18 <-- 0.014249 s
currentSize : 20 <-- 0.014291 s
currentSize : 21 <-- 0.040105 s
currentSize : 24 <-- 0.040191 s
currentSize : 26 <-- 0.040286 s

maxsize : 26
nodes : 29036.000000
filtered : 1233127.000000
time : 0.177390
