Parameters: GAD=1 vflib=1 dir=0 label=0 lowerbound=1 fileNameGp=../graphsdb/mcs90/rand/r005/mcs90_r005_s30.A22 fileNameGt=../graphsdb/mcs90/rand/r005/mcs90_r005_s30.B22
Reading graphs...
30 :  41
30 :  42
Initializing...
maxdom : 30
D->valSize : 900
Solving...
Blb : 5 (clique : 20)
currentSize : 20 <-- 0.020102 s
currentSize : 21 <-- 0.111087 s
currentSize : 22 <-- 0.127677 s
currentSize : 23 <-- 0.231362 s
currentSize : 24 <-- 4.015574 s
currentSize : 25 <-- 23.111712 s
currentSize : 26 <-- 23.396488 s
currentSize : 27 <-- 23.396585 s

maxsize : 27
nodes : 3513799.000000
filtered : 159879668.000000
time : 23.462044
