Parameters: GAD=1 vflib=1 dir=0 label=0 lowerbound=1 fileNameGp=../graphsdb/mcs90/bvg/b09m/mcs90_b09m_s30.A95 fileNameGt=../graphsdb/mcs90/bvg/b09m/mcs90_b09m_s30.B95
Reading graphs...
30 :  132
30 :  132
Initializing...
maxdom : 30
D->valSize : 900
Solving...
Blb : 2 (clique : 11)
currentSize : 11 <-- 0.009854 s
currentSize : 12 <-- 0.010331 s
currentSize : 13 <-- 0.011736 s
currentSize : 14 <-- 0.036376 s
currentSize : 15 <-- 4.785620 s
currentSize : 16 <-- 9.259419 s
currentSize : 17 <-- 18.686323 s
currentSize : 20 <-- 18.782427 s
currentSize : 22 <-- 18.796385 s
currentSize : 26 <-- 18.796501 s

maxsize : 26
nodes : 5204460.000000
filtered : 73944710.000000
time : 18.862116
