Parameters: GAD=1 vflib=1 dir=0 label=0 lowerbound=1 fileNameGp=../graphsdb/mcs90/rand/r005/mcs90_r005_s20.A16 fileNameGt=../graphsdb/mcs90/rand/r005/mcs90_r005_s20.B16
Reading graphs...
20 :  21
20 :  21
Initializing...
maxdom : 20
D->valSize : 400
Solving...
Blb : 2 (clique : 14)
currentSize : 14 <-- 0.002463 s
currentSize : 15 <-- 0.002529 s
currentSize : 16 <-- 0.002903 s
currentSize : 17 <-- 0.002932 s
currentSize : 18 <-- 0.003076 s

maxsize : 18
nodes : 778.000000
filtered : 15335.000000
time : 0.005031
