Parameters: GAD=1 vflib=1 dir=0 label=0 lowerbound=1 fileNameGp=../graphsdb/mcs90/m3D/m3D/mcs90_m3D_s30.A54 fileNameGt=../graphsdb/mcs90/m3D/m3D/mcs90_m3D_s30.B54
Reading graphs...
30 :  61
30 :  60
Initializing...
maxdom : 30
D->valSize : 900
Solving...
Blb : 2 (clique : 21)
currentSize : 21 <-- 0.011256 s
currentSize : 23 <-- 0.011446 s
currentSize : 24 <-- 0.016352 s
currentSize : 26 <-- 0.016414 s
currentSize : 27 <-- 0.020008 s
currentSize : 28 <-- 0.027723 s

maxsize : 28
nodes : 5427.000000
filtered : 185378.000000
time : 0.039440
