Parameters: GAD=1 vflib=1 dir=0 label=0 lowerbound=1 fileNameGp=../graphsdb/mcs90/bvg/b06/mcs90_b06_s30.A83 fileNameGt=../graphsdb/mcs90/bvg/b06/mcs90_b06_s30.B83
Reading graphs...
30 :  90
30 :  90
Initializing...
maxdom : 30
D->valSize : 900
Solving...
Blb : 2 (clique : 19)
currentSize : 19 <-- 0.015156 s
currentSize : 21 <-- 0.015289 s
currentSize : 22 <-- 0.015326 s
currentSize : 25 <-- 0.016430 s
currentSize : 26 <-- 0.016872 s
currentSize : 27 <-- 0.016927 s

maxsize : 27
nodes : 7394.000000
filtered : 298946.000000
time : 0.061578
