Parameters: GAD=1 vflib=1 dir=0 label=0 lowerbound=1 fileNameGp=../graphsdb/mcs90/m2D/m2Dr2/mcs90_m2Dr2_s20.A15 fileNameGt=../graphsdb/mcs90/m2D/m2Dr2/mcs90_m2Dr2_s20.B15
Reading graphs...
20 :  34
20 :  34
Initializing...
maxdom : 20
D->valSize : 400
Solving...
Blb : 2 (clique : 11)
currentSize : 11 <-- 0.002508 s
currentSize : 12 <-- 0.002565 s
currentSize : 14 <-- 0.002959 s
currentSize : 15 <-- 0.010180 s
currentSize : 16 <-- 0.010215 s

maxsize : 16
nodes : 10268.000000
filtered : 222657.000000
time : 0.039274
