Parameters: GAD=1 vflib=1 dir=0 label=0 lowerbound=1 fileNameGp=../graphsdb/mcs90/bvg/b09m/mcs90_b09m_s35.A34 fileNameGt=../graphsdb/mcs90/bvg/b09m/mcs90_b09m_s35.B34
Reading graphs...
35 :  154
35 :  154
Initializing...
maxdom : 35
D->valSize : 1225
Solving...
Blb : 5 (clique : 14)
currentSize : 14 <-- 0.018516 s
currentSize : 15 <-- 0.020948 s
currentSize : 16 <-- 0.029517 s
currentSize : 17 <-- 1.031811 s
currentSize : 20 <-- 92.053146 s
currentSize : 21 <-- 92.118744 s
currentSize : 25 <-- 92.137375 s
currentSize : 26 <-- 94.773590 s
currentSize : 30 <-- 94.773651 s

maxsize : 30
nodes : 21984093.000000
filtered : 456653873.000000
time : 94.934952
