Parameters: GAD=1 vflib=1 dir=0 label=0 lowerbound=1 fileNameGp=../graphsdb/mcs90/rand/r02/mcs90_r02_s35.A29 fileNameGt=../graphsdb/mcs90/rand/r02/mcs90_r02_s35.B29
Reading graphs...
35 :  214
35 :  213
Initializing...
maxdom : 35
D->valSize : 1225
Solving...
Blb : 2 (clique : 12)
currentSize : 12 <-- 0.029415 s
currentSize : 13 <-- 0.029884 s
currentSize : 14 <-- 0.037780 s
currentSize : 15 <-- 0.040604 s
currentSize : 18 <-- 0.040788 s
currentSize : 24 <-- 0.369235 s
currentSize : 25 <-- 1.337202 s
currentSize : 31 <-- 1.348346 s

maxsize : 31
nodes : 195968.000000
filtered : 9826186.000000
time : 1.371229
