Parameters: GAD=1 vflib=1 dir=0 label=0 lowerbound=1 fileNameGp=../graphsdb/mcs90/bvg/b09m/mcs90_b09m_s25.A98 fileNameGt=../graphsdb/mcs90/bvg/b09m/mcs90_b09m_s25.B98
Reading graphs...
25 :  110
25 :  110
Initializing...
maxdom : 25
D->valSize : 625
Solving...
Blb : 5 (clique : 10)
currentSize : 10 <-- 0.004645 s
currentSize : 11 <-- 0.004717 s
currentSize : 12 <-- 0.011629 s
currentSize : 13 <-- 0.191621 s
currentSize : 14 <-- 0.192355 s
currentSize : 22 <-- 0.707845 s

maxsize : 22
nodes : 210713.000000
filtered : 3004310.000000
time : 0.719181
