Parameters: GAD=1 vflib=1 dir=0 label=0 lowerbound=1 fileNameGp=../graphsdb/mcs90/m3D/m3Dr4/mcs90_m3Dr4_s30.A91 fileNameGt=../graphsdb/mcs90/m3D/m3Dr4/mcs90_m3Dr4_s30.B91
Reading graphs...
30 :  72
30 :  72
Initializing...
maxdom : 30
D->valSize : 900
Solving...
Blb : 2 (clique : 14)
currentSize : 14 <-- 0.018840 s
currentSize : 15 <-- 0.019589 s
currentSize : 16 <-- 0.019999 s
currentSize : 17 <-- 0.027704 s
currentSize : 18 <-- 0.034538 s
currentSize : 19 <-- 0.076610 s
currentSize : 21 <-- 0.716518 s
currentSize : 22 <-- 1.421385 s
currentSize : 23 <-- 1.704774 s
currentSize : 24 <-- 1.823475 s
currentSize : 27 <-- 1.824017 s

maxsize : 27
nodes : 383783.000000
filtered : 9677937.000000
time : 1.845785
