Parameters: GAD=1 vflib=1 dir=0 label=0 lowerbound=1 fileNameGp=../graphsdb/mcs90/rand/r02/mcs90_r02_s30.A85 fileNameGt=../graphsdb/mcs90/rand/r02/mcs90_r02_s30.B85
Reading graphs...
30 :  156
30 :  156
Initializing...
maxdom : 30
D->valSize : 900
Solving...
Blb : 5 (clique : 11)
currentSize : 11 <-- 0.009607 s
currentSize : 12 <-- 0.011322 s
currentSize : 13 <-- 0.013531 s
currentSize : 14 <-- 1.112272 s
currentSize : 15 <-- 1.115048 s
currentSize : 17 <-- 1.132822 s
currentSize : 18 <-- 1.143937 s
currentSize : 19 <-- 1.609521 s
currentSize : 27 <-- 3.210800 s

maxsize : 27
nodes : 773269.000000
filtered : 14733004.000000
time : 3.224447
