Parameters: GAD=1 vflib=1 dir=0 label=0 lowerbound=1 fileNameGp=../graphsdb/mcs90/bvg/b03/mcs90_b03_s20.A20 fileNameGt=../graphsdb/mcs90/bvg/b03/mcs90_b03_s20.B20
Reading graphs...
20 :  30
20 :  30
Initializing...
maxdom : 20
D->valSize : 400
Solving...
Blb : 2 (clique : 14)
currentSize : 14 <-- 0.002413 s
currentSize : 15 <-- 0.002485 s
currentSize : 16 <-- 0.002512 s
currentSize : 18 <-- 0.003212 s
currentSize : 19 <-- 0.003529 s

maxsize : 19
nodes : 735.000000
filtered : 14757.000000
time : 0.004632
