Parameters: GAD=1 vflib=1 dir=0 label=0 lowerbound=1 fileNameGp=../graphsdb/mcs90/bvg/b06m/mcs90_b06m_s35.A27 fileNameGt=../graphsdb/mcs90/bvg/b06m/mcs90_b06m_s35.B27
Reading graphs...
35 :  101
35 :  101
Initializing...
maxdom : 35
D->valSize : 1225
Solving...
Blb : 2 (clique : 16)
currentSize : 16 <-- 0.019827 s
currentSize : 17 <-- 0.020631 s
currentSize : 18 <-- 0.027896 s
currentSize : 19 <-- 0.043967 s
currentSize : 20 <-- 0.246755 s
currentSize : 21 <-- 1.361982 s
currentSize : 22 <-- 4.686854 s
currentSize : 23 <-- 29.743574 s
currentSize : 24 <-- 29.744637 s
currentSize : 26 <-- 29.763191 s
currentSize : 28 <-- 29.790192 s
currentSize : 29 <-- 30.443340 s
currentSize : 31 <-- 30.446987 s

maxsize : 31
nodes : 5440931.000000
filtered : 201886616.000000
time : 30.490244
