Parameters: GAD=1 vflib=1 dir=0 label=0 lowerbound=1 fileNameGp=../graphsdb/mcs90/rand/r005/mcs90_r005_s20.A05 fileNameGt=../graphsdb/mcs90/rand/r005/mcs90_r005_s20.B05
Reading graphs...
20 :  20
20 :  21
Initializing...
maxdom : 20
D->valSize : 400
Solving...
Blb : 2 (clique : 13)
currentSize : 13 <-- 0.002518 s
currentSize : 14 <-- 0.002582 s
currentSize : 15 <-- 0.005876 s
currentSize : 16 <-- 0.007959 s
currentSize : 17 <-- 0.023311 s
currentSize : 18 <-- 0.023355 s

maxsize : 18
nodes : 8356.000000
filtered : 112109.000000
time : 0.025659
