Parameters: GAD=1 vflib=1 dir=0 label=0 lowerbound=1 fileNameGp=../graphsdb/mcs90/rand/r005/mcs90_r005_s35.A70 fileNameGt=../graphsdb/mcs90/rand/r005/mcs90_r005_s35.B70
Reading graphs...
35 :  56
35 :  56
Initializing...
maxdom : 35
D->valSize : 1225
Solving...
Blb : 2 (clique : 22)
currentSize : 22 <-- 0.025452 s
currentSize : 23 <-- 0.079229 s
currentSize : 24 <-- 0.206367 s
currentSize : 25 <-- 0.575118 s
currentSize : 26 <-- 0.712386 s
currentSize : 27 <-- 5.718821 s
currentSize : 28 <-- 9.588775 s
currentSize : 29 <-- 10.193321 s
currentSize : 31 <-- 15.020209 s

maxsize : 31
nodes : 1877988.000000
filtered : 100480879.000000
time : 15.455794
