Parameters: GAD=1 vflib=1 dir=0 label=0 lowerbound=1 fileNameGp=../graphsdb/mcs90/bvg/b03/mcs90_b03_s25.A39 fileNameGt=../graphsdb/mcs90/bvg/b03/mcs90_b03_s25.B39
Reading graphs...
25 :  37
25 :  37
Initializing...
maxdom : 25
D->valSize : 625
Solving...
Blb : 2 (clique : 15)
currentSize : 15 <-- 0.005470 s
currentSize : 16 <-- 0.005567 s
currentSize : 17 <-- 0.005612 s
currentSize : 18 <-- 0.006121 s
currentSize : 19 <-- 0.006630 s
currentSize : 20 <-- 0.007251 s
currentSize : 22 <-- 0.008289 s
currentSize : 23 <-- 0.008881 s

maxsize : 23
nodes : 3150.000000
filtered : 76730.000000
time : 0.018741
