Parameters: GAD=1 vflib=1 dir=0 label=0 lowerbound=1 fileNameGp=../graphsdb/mcs90/m2D/m2D/mcs90_m2D_s20.A63 fileNameGt=../graphsdb/mcs90/m2D/m2D/mcs90_m2D_s20.B63
Reading graphs...
20 :  31
20 :  31
Initializing...
maxdom : 20
D->valSize : 400
Solving...
Blb : 2 (clique : 13)
currentSize : 13 <-- 0.002382 s
currentSize : 14 <-- 0.002460 s
currentSize : 15 <-- 0.002554 s
currentSize : 16 <-- 0.006930 s
currentSize : 17 <-- 0.025118 s

maxsize : 17
nodes : 8505.000000
filtered : 195023.000000
time : 0.034178
