Parameters: GAD=1 vflib=1 dir=0 label=0 lowerbound=1 fileNameGp=../graphsdb/mcs90/bvg/b09m/mcs90_b09m_s35.A31 fileNameGt=../graphsdb/mcs90/bvg/b09m/mcs90_b09m_s35.B31
Reading graphs...
35 :  155
35 :  153
Initializing...
maxdom : 35
D->valSize : 1225
Solving...
Blb : 2 (clique : 13)
currentSize : 13 <-- 0.023302 s
currentSize : 14 <-- 0.026631 s
currentSize : 15 <-- 0.047350 s
currentSize : 16 <-- 0.254587 s
currentSize : 17 <-- 1.140875 s
currentSize : 18 <-- 13.510031 s
currentSize : 19 <-- 49.967377 s
currentSize : 22 <-- 49.967411 s
currentSize : 25 <-- 53.102787 s
currentSize : 30 <-- 53.104801 s

maxsize : 30
nodes : 12049221.000000
filtered : 260430956.000000
time : 53.295315
