Parameters: GAD=1 vflib=1 dir=0 label=0 lowerbound=1 fileNameGp=../graphsdb/mcs90/m3D/m3Dr6/mcs90_m3Dr6_s30.A39 fileNameGt=../graphsdb/mcs90/m3D/m3Dr6/mcs90_m3Dr6_s30.B39
Reading graphs...
30 :  77
30 :  76
Initializing...
maxdom : 30
D->valSize : 900
Solving...
Blb : 5 (clique : 15)
currentSize : 15 <-- 0.011624 s
currentSize : 16 <-- 0.011742 s
currentSize : 17 <-- 0.012081 s
currentSize : 18 <-- 0.012240 s
currentSize : 19 <-- 0.016376 s
currentSize : 20 <-- 0.019171 s
currentSize : 21 <-- 0.019351 s
currentSize : 27 <-- 0.020139 s

maxsize : 27
nodes : 8193.000000
filtered : 490473.000000
time : 0.069555
