Parameters: GAD=1 vflib=1 dir=0 label=0 lowerbound=1 fileNameGp=../graphsdb/mcs90/bvg/b03m/mcs90_b03m_s25.A91 fileNameGt=../graphsdb/mcs90/bvg/b03m/mcs90_b03m_s25.B91
Reading graphs...
25 :  35
25 :  35
Initializing...
maxdom : 25
D->valSize : 625
Solving...
Blb : 5 (clique : 16)
currentSize : 16 <-- 0.006089 s
currentSize : 17 <-- 0.006211 s
currentSize : 18 <-- 0.006375 s
currentSize : 19 <-- 0.015497 s
currentSize : 20 <-- 0.016099 s
currentSize : 21 <-- 0.016222 s
currentSize : 22 <-- 0.016379 s
currentSize : 23 <-- 0.016437 s

maxsize : 23
nodes : 3678.000000
filtered : 81413.000000
time : 0.019113
