Parameters: GAD=1 vflib=1 dir=0 label=0 lowerbound=1 fileNameGp=../graphsdb/mcs90/bvg/b03/mcs90_b03_s30.A92 fileNameGt=../graphsdb/mcs90/bvg/b03/mcs90_b03_s30.B92
Reading graphs...
30 :  45
30 :  45
Initializing...
maxdom : 30
D->valSize : 900
Solving...
Blb : 2 (clique : 23)
currentSize : 23 <-- 0.011842 s
currentSize : 24 <-- 0.013045 s
currentSize : 25 <-- 0.017957 s
currentSize : 26 <-- 0.020719 s
currentSize : 27 <-- 0.022283 s

maxsize : 27
nodes : 15177.000000
filtered : 464961.000000
time : 0.093363
