Parameters: GAD=1 vflib=1 dir=0 label=0 lowerbound=1 fileNameGp=../graphsdb/mcs90/rand/r005/mcs90_r005_s25.A94 fileNameGt=../graphsdb/mcs90/rand/r005/mcs90_r005_s25.B94
Reading graphs...
25 :  29
25 :  29
Initializing...
maxdom : 25
D->valSize : 625
Solving...
Blb : 2 (clique : 18)
currentSize : 18 <-- 0.005879 s
currentSize : 19 <-- 0.010634 s
currentSize : 20 <-- 1.036290 s
currentSize : 21 <-- 1.198429 s
currentSize : 22 <-- 1.198575 s

maxsize : 22
nodes : 301350.000000
filtered : 7886725.000000
time : 1.224795
