Parameters: GAD=1 vflib=1 dir=0 label=0 lowerbound=1 fileNameGp=../graphsdb/mcs90/m2D/m2D/mcs90_m2D_s30.A32 fileNameGt=../graphsdb/mcs90/m2D/m2D/mcs90_m2D_s30.B32
Reading graphs...
30 :  49
30 :  49
Initializing...
maxdom : 30
D->valSize : 900
Solving...
Blb : 2 (clique : 20)
currentSize : 20 <-- 0.011165 s
currentSize : 21 <-- 0.013652 s
currentSize : 22 <-- 0.013697 s
currentSize : 23 <-- 0.381671 s
currentSize : 24 <-- 0.614170 s
currentSize : 25 <-- 1.186370 s
currentSize : 27 <-- 1.198017 s

maxsize : 27
nodes : 259772.000000
filtered : 6344413.000000
time : 1.235120
