Parameters: GAD=1 vflib=1 dir=0 label=0 lowerbound=1 fileNameGp=../graphsdb/mcs90/m4D/m4Dr6/mcs90_m4Dr6_s20.A81 fileNameGt=../graphsdb/mcs90/m4D/m4Dr6/mcs90_m4Dr6_s20.B81
Reading graphs...
20 :  48
20 :  47
Initializing...
maxdom : 20
D->valSize : 400
Solving...
Blb : 2 (clique : 10)
currentSize : 10 <-- 0.002187 s
currentSize : 11 <-- 0.002237 s
currentSize : 12 <-- 0.002297 s
currentSize : 13 <-- 0.010809 s
currentSize : 15 <-- 0.054983 s
currentSize : 16 <-- 0.055263 s

maxsize : 16
nodes : 21329.000000
filtered : 385325.000000
time : 0.072425
