Parameters: GAD=1 vflib=1 dir=0 label=0 lowerbound=1 fileNameGp=../graphsdb/mcs90/m4D/m4Dr6/mcs90_m4Dr6_s20.A41 fileNameGt=../graphsdb/mcs90/m4D/m4Dr6/mcs90_m4Dr6_s20.B41
Reading graphs...
20 :  47
20 :  48
Initializing...
maxdom : 20
D->valSize : 400
Solving...
Blb : 2 (clique : 9)
currentSize : 9 <-- 0.002545 s
currentSize : 11 <-- 0.002606 s
currentSize : 12 <-- 0.002622 s
currentSize : 13 <-- 0.002658 s
currentSize : 14 <-- 0.079437 s
currentSize : 15 <-- 0.079467 s
currentSize : 16 <-- 0.085605 s

maxsize : 16
nodes : 26933.000000
filtered : 577392.000000
time : 0.098934
