Parameters: GAD=1 vflib=1 dir=0 label=0 lowerbound=1 fileNameGp=../graphsdb/mcs90/bvg/b03m/mcs90_b03m_s30.A12 fileNameGt=../graphsdb/mcs90/bvg/b03m/mcs90_b03m_s30.B12
Reading graphs...
30 :  45
30 :  45
Initializing...
maxdom : 30
D->valSize : 900
Solving...
Blb : 2 (clique : 18)
currentSize : 18 <-- 0.019540 s
currentSize : 19 <-- 0.021661 s
currentSize : 20 <-- 0.024020 s
currentSize : 21 <-- 0.026186 s
currentSize : 22 <-- 0.047598 s
currentSize : 23 <-- 0.185792 s
currentSize : 24 <-- 0.288693 s
currentSize : 25 <-- 0.290179 s
currentSize : 26 <-- 0.290301 s

maxsize : 26
nodes : 48219.000000
filtered : 1583129.000000
time : 0.378436
