Parameters: GAD=1 vflib=1 dir=0 label=0 lowerbound=1 fileNameGp=../graphsdb/mcs90/bvg/b09m/mcs90_b09m_s25.A31 fileNameGt=../graphsdb/mcs90/bvg/b09m/mcs90_b09m_s25.B31
Reading graphs...
25 :  108
25 :  108
Initializing...
maxdom : 25
D->valSize : 625
Solving...
Blb : 2 (clique : 10)
currentSize : 10 <-- 0.007908 s
currentSize : 11 <-- 0.010012 s
currentSize : 12 <-- 0.011807 s
currentSize : 13 <-- 0.024228 s
currentSize : 14 <-- 0.182357 s
currentSize : 15 <-- 0.202126 s
currentSize : 17 <-- 0.352284 s
currentSize : 19 <-- 0.390586 s
currentSize : 22 <-- 0.453359 s

maxsize : 22
nodes : 105263.000000
filtered : 2283744.000000
time : 0.455183
