Parameters: GAD=1 vflib=1 dir=0 label=0 lowerbound=1 fileNameGp=../graphsdb/mcs90/m3D/m3Dr6/mcs90_m3Dr6_s30.A18 fileNameGt=../graphsdb/mcs90/m3D/m3Dr6/mcs90_m3Dr6_s30.B18
Reading graphs...
30 :  76
30 :  74
Initializing...
maxdom : 30
D->valSize : 900
Solving...
Blb : 2 (clique : 15)
currentSize : 15 <-- 0.018357 s
currentSize : 16 <-- 0.021069 s
currentSize : 17 <-- 0.033872 s
currentSize : 18 <-- 0.089456 s
currentSize : 19 <-- 0.265072 s
currentSize : 20 <-- 0.276742 s
currentSize : 21 <-- 0.280508 s
currentSize : 22 <-- 0.339398 s
currentSize : 23 <-- 0.341744 s
currentSize : 27 <-- 0.341778 s

maxsize : 27
nodes : 86015.000000
filtered : 1681290.000000
time : 0.386698
