Parameters: GAD=1 vflib=1 dir=0 label=0 lowerbound=1 fileNameGp=../graphsdb/mcs90/rand/r02/mcs90_r02_s30.A74 fileNameGt=../graphsdb/mcs90/rand/r02/mcs90_r02_s30.B74
Reading graphs...
30 :  156
30 :  156
Initializing...
maxdom : 30
D->valSize : 900
Solving...
Blb : 2 (clique : 10)
currentSize : 10 <-- 0.009623 s
currentSize : 11 <-- 0.009759 s
currentSize : 12 <-- 0.012383 s
currentSize : 13 <-- 0.087703 s
currentSize : 15 <-- 1.123349 s
currentSize : 16 <-- 8.076998 s
currentSize : 17 <-- 17.730108 s
currentSize : 18 <-- 17.746462 s
currentSize : 22 <-- 17.781839 s
currentSize : 27 <-- 17.782295 s

maxsize : 27
nodes : 4840130.000000
filtered : 67095962.000000
time : 17.801996
