Parameters: GAD=1 vflib=1 dir=0 label=0 lowerbound=1 fileNameGp=../graphsdb/mcs90/bvg/b09m/mcs90_b09m_s30.A94 fileNameGt=../graphsdb/mcs90/bvg/b09m/mcs90_b09m_s30.B94
Reading graphs...
30 :  127
30 :  129
Initializing...
maxdom : 30
D->valSize : 900
Solving...
Blb : 5 (clique : 13)
currentSize : 13 <-- 0.013264 s
currentSize : 14 <-- 0.029358 s
currentSize : 15 <-- 0.159905 s
currentSize : 16 <-- 0.385051 s
currentSize : 24 <-- 3.349645 s
currentSize : 26 <-- 3.349722 s

maxsize : 26
nodes : 843044.000000
filtered : 16225609.000000
time : 3.421572
