Parameters: GAD=1 vflib=1 dir=0 label=0 lowerbound=1 fileNameGp=../graphsdb/mcs90/bvg/b09m/mcs90_b09m_s15.A90 fileNameGt=../graphsdb/mcs90/bvg/b09m/mcs90_b09m_s15.B90
Reading graphs...
15 :  61
15 :  62
Initializing...
maxdom : 15
D->valSize : 225
Solving...
Blb : 2 (clique : 8)
currentSize : 8 <-- 0.000943 s
currentSize : 9 <-- 0.001395 s
currentSize : 10 <-- 0.001542 s
currentSize : 11 <-- 0.002233 s
currentSize : 12 <-- 0.003099 s

maxsize : 12
nodes : 1492.000000
filtered : 26005.000000
time : 0.005229
