Parameters: GAD=1 vflib=1 dir=0 label=0 lowerbound=1 fileNameGp=../graphsdb/mcs90/m3D/m3Dr6/mcs90_m3Dr6_s30.A62 fileNameGt=../graphsdb/mcs90/m3D/m3Dr6/mcs90_m3Dr6_s30.B62
Reading graphs...
30 :  77
30 :  77
Initializing...
maxdom : 30
D->valSize : 900
Solving...
Blb : 3 (clique : 15)
currentSize : 15 <-- 0.018166 s
currentSize : 16 <-- 0.034790 s
currentSize : 17 <-- 0.158004 s
currentSize : 18 <-- 1.625807 s
currentSize : 19 <-- 8.365359 s
currentSize : 20 <-- 13.024521 s
currentSize : 23 <-- 16.387608 s
currentSize : 24 <-- 16.810181 s
currentSize : 25 <-- 16.924109 s
currentSize : 27 <-- 16.924147 s

maxsize : 27
nodes : 3895836.000000
filtered : 87907982.000000
time : 16.934036
