Parameters: GAD=1 vflib=1 dir=0 label=0 lowerbound=1 fileNameGp=../graphsdb/mcs90/m2D/m2Dr6/mcs90_m2Dr6_s20.A62 fileNameGt=../graphsdb/mcs90/m2D/m2Dr6/mcs90_m2Dr6_s20.B62
Reading graphs...
20 :  42
20 :  40
Initializing...
maxdom : 20
D->valSize : 400
Solving...
Blb : 2 (clique : 10)
currentSize : 10 <-- 0.003938 s
currentSize : 11 <-- 0.004030 s
currentSize : 12 <-- 0.004766 s
currentSize : 13 <-- 0.026749 s
currentSize : 14 <-- 0.037237 s
currentSize : 15 <-- 0.039612 s
currentSize : 16 <-- 0.039621 s

maxsize : 16
nodes : 13360.000000
filtered : 219385.000000
time : 0.063538
