Parameters: GAD=1 vflib=1 dir=0 label=0 lowerbound=1 fileNameGp=../graphsdb/mcs90/rand/r02/mcs90_r02_s30.A76 fileNameGt=../graphsdb/mcs90/rand/r02/mcs90_r02_s30.B76
Reading graphs...
30 :  160
30 :  161
Initializing...
maxdom : 30
D->valSize : 900
Solving...
Blb : 2 (clique : 11)
currentSize : 11 <-- 0.016351 s
currentSize : 12 <-- 0.016899 s
currentSize : 13 <-- 0.086917 s
currentSize : 15 <-- 0.714000 s
currentSize : 17 <-- 2.258064 s
currentSize : 18 <-- 4.307927 s
currentSize : 19 <-- 4.401901 s
currentSize : 20 <-- 4.402162 s
currentSize : 21 <-- 4.539847 s
currentSize : 27 <-- 4.629975 s

maxsize : 27
nodes : 1155997.000000
filtered : 20773879.000000
time : 4.643740
