Parameters: GAD=1 vflib=1 dir=0 label=0 lowerbound=1 fileNameGp=../graphsdb/mcs90/bvg/b06/mcs90_b06_s35.A90 fileNameGt=../graphsdb/mcs90/bvg/b06/mcs90_b06_s35.B90
Reading graphs...
35 :  105
35 :  105
Initializing...
maxdom : 35
D->valSize : 1225
Solving...
Blb : 5 (clique : 18)
currentSize : 18 <-- 0.020278 s
currentSize : 23 <-- 0.020451 s
currentSize : 24 <-- 0.020498 s
currentSize : 25 <-- 0.020635 s
currentSize : 26 <-- 0.020760 s
currentSize : 27 <-- 0.020959 s
currentSize : 28 <-- 0.021147 s
currentSize : 29 <-- 0.021229 s
currentSize : 31 <-- 0.030536 s

maxsize : 31
nodes : 26990.000000
filtered : 1232856.000000
time : 0.220700
