Parameters: GAD=1 vflib=1 dir=0 label=0 lowerbound=1 fileNameGp=../graphsdb/mcs90/bvg/b06m/mcs90_b06m_s25.A96 fileNameGt=../graphsdb/mcs90/bvg/b06m/mcs90_b06m_s25.B96
Reading graphs...
25 :  73
25 :  72
Initializing...
maxdom : 25
D->valSize : 625
Solving...
Blb : 2 (clique : 12)
currentSize : 12 <-- 0.005192 s
currentSize : 13 <-- 0.005343 s
currentSize : 14 <-- 0.005579 s
currentSize : 15 <-- 0.006553 s
currentSize : 16 <-- 1.732241 s
currentSize : 17 <-- 2.079673 s
currentSize : 22 <-- 2.079720 s

maxsize : 22
nodes : 515318.000000
filtered : 12774890.000000
time : 2.089414
