Parameters: GAD=1 vflib=1 dir=0 label=0 lowerbound=1 fileNameGp=../graphsdb/mcs90/bvg/b03/mcs90_b03_s20.A77 fileNameGt=../graphsdb/mcs90/bvg/b03/mcs90_b03_s20.B77
Reading graphs...
20 :  30
20 :  30
Initializing...
maxdom : 20
D->valSize : 400
Solving...
Blb : 2 (clique : 15)
currentSize : 15 <-- 0.002566 s
currentSize : 16 <-- 0.002653 s
currentSize : 17 <-- 0.002980 s
currentSize : 18 <-- 0.002991 s
currentSize : 19 <-- 0.005561 s

maxsize : 19
nodes : 1143.000000
filtered : 17938.000000
time : 0.005728
