Parameters: GAD=1 vflib=1 dir=0 label=0 lowerbound=1 fileNameGp=../graphsdb/mcs90/rand/r005/mcs90_r005_s35.A06 fileNameGt=../graphsdb/mcs90/rand/r005/mcs90_r005_s35.B06
Reading graphs...
35 :  58
35 :  57
Initializing...
maxdom : 35
D->valSize : 1225
Solving...
Blb : 2 (clique : 22)
currentSize : 22 <-- 0.021239 s
currentSize : 23 <-- 0.021491 s
currentSize : 24 <-- 1.449270 s
currentSize : 25 <-- 9.120445 s
currentSize : 26 <-- 73.642654 s
currentSize : 27 <-- 114.328995 s
currentSize : 28 <-- 114.329407 s
currentSize : 29 <-- 114.329582 s
currentSize : 31 <-- 115.619392 s

maxsize : 31
nodes : 18516104.000000
filtered : 723375764.000000
time : 115.717796
