Parameters: GAD=1 vflib=1 dir=0 label=0 lowerbound=1 fileNameGp=../graphsdb/mcs90/bvg/b09m/mcs90_b09m_s30.A28 fileNameGt=../graphsdb/mcs90/bvg/b09m/mcs90_b09m_s30.B28
Reading graphs...
30 :  130
30 :  131
Initializing...
maxdom : 30
D->valSize : 900
Solving...
Blb : 2 (clique : 12)
currentSize : 12 <-- 0.016829 s
currentSize : 13 <-- 0.017180 s
currentSize : 14 <-- 0.017197 s
currentSize : 15 <-- 0.017887 s
currentSize : 16 <-- 0.065477 s
currentSize : 17 <-- 0.065495 s
currentSize : 21 <-- 0.106604 s
currentSize : 26 <-- 0.106892 s

maxsize : 26
nodes : 21474.000000
filtered : 820539.000000
time : 0.158088
