Parameters: GAD=1 vflib=1 dir=0 label=0 lowerbound=1 fileNameGp=../graphsdb/mcs90/bvg/b09/mcs90_b09_s35.A16 fileNameGt=../graphsdb/mcs90/bvg/b09/mcs90_b09_s35.B16
Reading graphs...
35 :  156
35 :  157
Initializing...
maxdom : 35
D->valSize : 1225
Solving...
Blb : 2 (clique : 19)
currentSize : 19 <-- 0.023046 s
currentSize : 20 <-- 1.666012 s
currentSize : 21 <-- 1.666381 s
currentSize : 22 <-- 1.666729 s
currentSize : 24 <-- 1.666864 s
currentSize : 26 <-- 1.666978 s
currentSize : 27 <-- 1.732695 s
currentSize : 30 <-- 1.732763 s

maxsize : 30
nodes : 445531.000000
filtered : 12357822.000000
time : 2.311910
