Parameters: GAD=1 vflib=1 dir=0 label=0 lowerbound=1 fileNameGp=../graphsdb/mcs90/bvg/b06/mcs90_b06_s35.A56 fileNameGt=../graphsdb/mcs90/bvg/b06/mcs90_b06_s35.B56
Reading graphs...
35 :  105
35 :  105
Initializing...
maxdom : 35
D->valSize : 1225
Solving...
Blb : 2 (clique : 24)
currentSize : 24 <-- 0.019337 s
currentSize : 25 <-- 0.019567 s
currentSize : 26 <-- 0.019689 s
currentSize : 27 <-- 0.019937 s
currentSize : 28 <-- 0.022213 s
currentSize : 29 <-- 0.022280 s
currentSize : 31 <-- 0.029271 s

maxsize : 31
nodes : 25627.000000
filtered : 1200391.000000
time : 0.213031
