Parameters: GAD=1 vflib=1 dir=0 label=0 lowerbound=1 fileNameGp=../graphsdb/mcs90/rand/r005/mcs90_r005_s25.A29 fileNameGt=../graphsdb/mcs90/rand/r005/mcs90_r005_s25.B29
Reading graphs...
25 :  29
25 :  29
Initializing...
maxdom : 25
D->valSize : 625
Solving...
Blb : 2 (clique : 18)
currentSize : 18 <-- 0.005797 s
currentSize : 19 <-- 0.005907 s
currentSize : 20 <-- 0.006129 s
currentSize : 21 <-- 0.006740 s
currentSize : 22 <-- 0.006835 s

maxsize : 22
nodes : 12533.000000
filtered : 525474.000000
time : 0.082214
