Parameters: GAD=1 vflib=1 dir=0 label=0 lowerbound=1 fileNameGp=../graphsdb/mcs90/rand/r005/mcs90_r005_s25.A43 fileNameGt=../graphsdb/mcs90/rand/r005/mcs90_r005_s25.B43
Reading graphs...
25 :  28
25 :  29
Initializing...
maxdom : 25
D->valSize : 625
Solving...
Blb : 2 (clique : 16)
currentSize : 16 <-- 0.005763 s
currentSize : 17 <-- 0.005857 s
currentSize : 18 <-- 0.006016 s
currentSize : 19 <-- 0.006053 s
currentSize : 20 <-- 0.025890 s
currentSize : 21 <-- 0.163591 s
currentSize : 22 <-- 0.188548 s

maxsize : 22
nodes : 54685.000000
filtered : 999533.000000
time : 0.198265
