Parameters: GAD=1 vflib=1 dir=0 label=0 lowerbound=1 fileNameGp=../graphsdb/mcs90/m2D/m2Dr2/mcs90_m2Dr2_s20.A34 fileNameGt=../graphsdb/mcs90/m2D/m2Dr2/mcs90_m2Dr2_s20.B34
Reading graphs...
20 :  35
20 :  35
Initializing...
maxdom : 20
D->valSize : 400
Solving...
Blb : 2 (clique : 11)
currentSize : 11 <-- 0.002252 s
currentSize : 12 <-- 0.002308 s
currentSize : 13 <-- 0.002316 s
currentSize : 14 <-- 0.002593 s
currentSize : 15 <-- 0.003376 s
currentSize : 16 <-- 0.003782 s

maxsize : 16
nodes : 8301.000000
filtered : 195169.000000
time : 0.034506
