Parameters: GAD=1 vflib=1 dir=0 label=0 lowerbound=1 fileNameGp=../graphsdb/mcs90/m2D/m2Dr2/mcs90_m2Dr2_s20.A32 fileNameGt=../graphsdb/mcs90/m2D/m2Dr2/mcs90_m2Dr2_s20.B32
Reading graphs...
20 :  34
20 :  33
Initializing...
maxdom : 20
D->valSize : 400
Solving...
Blb : 2 (clique : 12)
currentSize : 12 <-- 0.002309 s
currentSize : 13 <-- 0.002372 s
currentSize : 14 <-- 0.003868 s
currentSize : 15 <-- 0.042975 s
currentSize : 16 <-- 0.071897 s

maxsize : 16
nodes : 28731.000000
filtered : 575614.000000
time : 0.102637
