Parameters: GAD=1 vflib=1 dir=0 label=0 lowerbound=1 fileNameGp=../graphsdb/mcs90/rand/r02/mcs90_r02_s25.A80 fileNameGt=../graphsdb/mcs90/rand/r02/mcs90_r02_s25.B80
Reading graphs...
25 :  107
25 :  106
Initializing...
maxdom : 25
D->valSize : 625
Solving...
Blb : 2 (clique : 10)
currentSize : 10 <-- 0.004773 s
currentSize : 11 <-- 0.004961 s
currentSize : 12 <-- 0.005596 s
currentSize : 13 <-- 0.134507 s
currentSize : 14 <-- 0.981873 s
currentSize : 15 <-- 0.981905 s
currentSize : 16 <-- 1.122140 s
currentSize : 17 <-- 1.242438 s
currentSize : 22 <-- 1.243788 s

maxsize : 22
nodes : 382529.000000
filtered : 4967506.000000
time : 1.251745
