Parameters: GAD=1 vflib=1 dir=0 label=0 lowerbound=1 fileNameGp=../graphsdb/mcs90/m3D/m3D/mcs90_m3D_s30.A38 fileNameGt=../graphsdb/mcs90/m3D/m3D/mcs90_m3D_s30.B38
Reading graphs...
30 :  61
30 :  61
Initializing...
maxdom : 30
D->valSize : 900
Solving...
Blb : 2 (clique : 21)
currentSize : 21 <-- 0.011013 s
currentSize : 22 <-- 0.066125 s
currentSize : 23 <-- 0.077869 s
currentSize : 26 <-- 0.099466 s
currentSize : 27 <-- 0.099529 s

maxsize : 27
nodes : 33633.000000
filtered : 920870.000000
time : 0.170897
