Parameters: GAD=1 vflib=1 dir=0 label=0 lowerbound=1 fileNameGp=../graphsdb/mcs90/rand/r02/mcs90_r02_s30.A73 fileNameGt=../graphsdb/mcs90/rand/r02/mcs90_r02_s30.B73
Reading graphs...
30 :  158
30 :  161
Initializing...
maxdom : 30
D->valSize : 900
Solving...
Blb : 2 (clique : 10)
currentSize : 10 <-- 0.009468 s
currentSize : 11 <-- 0.009576 s
currentSize : 12 <-- 0.012510 s
currentSize : 13 <-- 0.044772 s
currentSize : 14 <-- 0.564646 s
currentSize : 18 <-- 1.133898 s
currentSize : 22 <-- 1.614941 s
currentSize : 27 <-- 1.851908 s

maxsize : 27
nodes : 463961.000000
filtered : 7741129.000000
time : 1.862522
