Parameters: GAD=1 vflib=1 dir=0 label=0 lowerbound=1 fileNameGp=../graphsdb/mcs90/rand/r01/mcs90_r01_s30.A87 fileNameGt=../graphsdb/mcs90/rand/r01/mcs90_r01_s30.B87
Reading graphs...
30 :  85
30 :  84
Initializing...
maxdom : 30
D->valSize : 900
Solving...
Blb : 2 (clique : 14)
currentSize : 14 <-- 0.010338 s
currentSize : 15 <-- 0.010476 s
currentSize : 16 <-- 0.012493 s
currentSize : 17 <-- 0.026452 s
currentSize : 18 <-- 1.714682 s
currentSize : 19 <-- 3.991525 s
currentSize : 20 <-- 5.741460 s
currentSize : 21 <-- 6.629332 s
currentSize : 23 <-- 6.844736 s
currentSize : 27 <-- 6.916922 s

maxsize : 27
nodes : 1560938.000000
filtered : 36134324.000000
time : 6.929366
