Parameters: GAD=1 vflib=1 dir=0 label=0 lowerbound=1 fileNameGp=../graphsdb/mcs90/bvg/b06m/mcs90_b06m_s35.A46 fileNameGt=../graphsdb/mcs90/bvg/b06m/mcs90_b06m_s35.B46
Reading graphs...
35 :  104
35 :  104
Initializing...
maxdom : 35
D->valSize : 1225
Solving...
Blb : 2 (clique : 17)
currentSize : 17 <-- 0.019552 s
currentSize : 18 <-- 0.167447 s
currentSize : 19 <-- 0.580906 s
currentSize : 20 <-- 1.998405 s
currentSize : 21 <-- 7.275523 s
currentSize : 22 <-- 8.057926 s
currentSize : 25 <-- 8.094467 s
currentSize : 26 <-- 9.300538 s
currentSize : 31 <-- 9.309338 s

maxsize : 31
nodes : 2090234.000000
filtered : 45587308.000000
time : 9.385687
