Parameters: GAD=1 vflib=1 dir=0 label=0 lowerbound=1 fileNameGp=../graphsdb/mcs90/m2D/m2Dr4/mcs90_m2Dr4_s20.A28 fileNameGt=../graphsdb/mcs90/m2D/m2Dr4/mcs90_m2Dr4_s20.B28
Reading graphs...
20 :  37
20 :  36
Initializing...
maxdom : 20
D->valSize : 400
Solving...
Blb : 2 (clique : 11)
currentSize : 11 <-- 0.002302 s
currentSize : 12 <-- 0.005346 s
currentSize : 13 <-- 0.018156 s
currentSize : 14 <-- 0.018821 s
currentSize : 16 <-- 0.096423 s

maxsize : 16
nodes : 31876.000000
filtered : 721889.000000
time : 0.114267
