Parameters: GAD=1 vflib=1 dir=0 label=0 lowerbound=1 fileNameGp=../graphsdb/mcs90/bvg/b03m/mcs90_b03m_s30.A26 fileNameGt=../graphsdb/mcs90/bvg/b03m/mcs90_b03m_s30.B26
Reading graphs...
30 :  44
30 :  44
Initializing...
maxdom : 30
D->valSize : 900
Solving...
Blb : 2 (clique : 19)
currentSize : 19 <-- 0.011404 s
currentSize : 20 <-- 0.014955 s
currentSize : 21 <-- 0.035123 s
currentSize : 22 <-- 0.153459 s
currentSize : 23 <-- 3.274805 s
currentSize : 24 <-- 3.799598 s
currentSize : 25 <-- 4.557935 s
currentSize : 26 <-- 4.564893 s

maxsize : 26
nodes : 892510.000000
filtered : 28827369.000000
time : 4.659806
