Parameters: GAD=1 vflib=1 dir=0 label=0 lowerbound=1 fileNameGp=../graphsdb/mcs90/rand/r005/mcs90_r005_s20.A03 fileNameGt=../graphsdb/mcs90/rand/r005/mcs90_r005_s20.B03
Reading graphs...
20 :  21
20 :  21
Initializing...
maxdom : 20
D->valSize : 400
Solving...
Blb : 2 (clique : 14)
currentSize : 14 <-- 0.002553 s
currentSize : 15 <-- 0.002665 s
currentSize : 16 <-- 0.002719 s
currentSize : 17 <-- 0.024537 s
currentSize : 18 <-- 0.024559 s

maxsize : 18
nodes : 7204.000000
filtered : 150184.000000
time : 0.026455
