Parameters: GAD=1 vflib=1 dir=0 label=0 lowerbound=1 fileNameGp=../graphsdb/mcs90/bvg/b03/mcs90_b03_s30.A41 fileNameGt=../graphsdb/mcs90/bvg/b03/mcs90_b03_s30.B41
Reading graphs...
30 :  45
30 :  45
Initializing...
maxdom : 30
D->valSize : 900
Solving...
Blb : 2 (clique : 20)
currentSize : 20 <-- 0.011560 s
currentSize : 21 <-- 0.013427 s
currentSize : 22 <-- 0.020867 s
currentSize : 23 <-- 0.028964 s
currentSize : 24 <-- 0.029014 s
currentSize : 25 <-- 0.029137 s
currentSize : 27 <-- 0.039236 s

maxsize : 27
nodes : 20783.000000
filtered : 549707.000000
time : 0.111084
