Parameters: GAD=1 vflib=1 dir=0 label=0 lowerbound=1 fileNameGp=../graphsdb/mcs90/rand/r005/mcs90_r005_s35.A76 fileNameGt=../graphsdb/mcs90/rand/r005/mcs90_r005_s35.B76
Reading graphs...
35 :  57
35 :  57
Initializing...
maxdom : 35
D->valSize : 1225
Solving...
Blb : 2 (clique : 21)
currentSize : 21 <-- 0.021056 s
currentSize : 22 <-- 0.032490 s
currentSize : 23 <-- 0.060059 s
currentSize : 24 <-- 0.563239 s
currentSize : 25 <-- 0.597145 s
currentSize : 26 <-- 1.996707 s
currentSize : 27 <-- 2.657016 s
currentSize : 28 <-- 2.659456 s
currentSize : 31 <-- 8.671328 s

maxsize : 31
nodes : 1209649.000000
filtered : 61526230.000000
time : 8.818085
