Parameters: GAD=1 vflib=1 dir=0 label=0 lowerbound=1 fileNameGp=../graphsdb/mcs90/bvg/b06m/mcs90_b06m_s35.A85 fileNameGt=../graphsdb/mcs90/bvg/b06m/mcs90_b06m_s35.B85
Reading graphs...
35 :  103
35 :  103
Initializing...
maxdom : 35
D->valSize : 1225
Solving...
Blb : 2 (clique : 16)
currentSize : 16 <-- 0.033916 s
currentSize : 17 <-- 0.034156 s
currentSize : 18 <-- 0.034199 s
currentSize : 19 <-- 0.034581 s
currentSize : 20 <-- 0.158615 s
currentSize : 21 <-- 31.705879 s
currentSize : 22 <-- 173.080994 s
currentSize : 23 <-- 198.749420 s
currentSize : 24 <-- 220.403580 s
currentSize : 25 <-- 220.519135 s
currentSize : 26 <-- 220.522415 s
currentSize : 27 <-- 220.563599 s
currentSize : 31 <-- 221.591156 s

maxsize : 31
nodes : 42060427.000000
filtered : 1382719321.000000
time : 221.667542
