Parameters: GAD=1 vflib=1 dir=0 label=0 lowerbound=1 fileNameGp=../graphsdb/mcs90/bvg/b03/mcs90_b03_s20.A90 fileNameGt=../graphsdb/mcs90/bvg/b03/mcs90_b03_s20.B90
Reading graphs...
20 :  30
20 :  30
Initializing...
maxdom : 20
D->valSize : 400
Solving...
Blb : 2 (clique : 12)
currentSize : 12 <-- 0.002420 s
currentSize : 13 <-- 0.002503 s
currentSize : 14 <-- 0.002537 s
currentSize : 15 <-- 0.002873 s
currentSize : 16 <-- 0.002902 s
currentSize : 18 <-- 0.003405 s
currentSize : 19 <-- 0.007889 s

maxsize : 19
nodes : 1953.000000
filtered : 30475.000000
time : 0.008021
