Parameters: GAD=1 vflib=1 dir=0 label=0 lowerbound=1 fileNameGp=../graphsdb/mcs90/rand/r02/mcs90_r02_s25.A66 fileNameGt=../graphsdb/mcs90/rand/r02/mcs90_r02_s25.B66
Reading graphs...
25 :  110
25 :  107
Initializing...
maxdom : 25
D->valSize : 625
Solving...
Blb : 2 (clique : 10)
currentSize : 10 <-- 0.004680 s
currentSize : 11 <-- 0.005076 s
currentSize : 12 <-- 0.005244 s
currentSize : 13 <-- 0.017573 s
currentSize : 14 <-- 0.022121 s
currentSize : 15 <-- 0.033839 s
currentSize : 16 <-- 0.034029 s
currentSize : 17 <-- 0.034078 s
currentSize : 22 <-- 0.056651 s

maxsize : 22
nodes : 15634.000000
filtered : 313797.000000
time : 0.063945
