Parameters: GAD=1 vflib=1 dir=0 label=0 lowerbound=1 fileNameGp=../graphsdb/mcs90/bvg/b09/mcs90_b09_s30.A55 fileNameGt=../graphsdb/mcs90/bvg/b09/mcs90_b09_s30.B55
Reading graphs...
30 :  135
30 :  133
Initializing...
maxdom : 30
D->valSize : 900
Solving...
Blb : 3 (clique : 14)
currentSize : 14 <-- 0.016480 s
currentSize : 15 <-- 0.018676 s
currentSize : 17 <-- 0.021426 s
currentSize : 18 <-- 0.021463 s
currentSize : 19 <-- 0.027817 s
currentSize : 21 <-- 0.027843 s
currentSize : 26 <-- 0.042578 s

maxsize : 26
nodes : 26041.000000
filtered : 1344141.000000
time : 0.184233
