Parameters: GAD=1 vflib=1 dir=0 label=0 lowerbound=1 fileNameGp=../graphsdb/mcs90/m3D/m3D/mcs90_m3D_s30.A45 fileNameGt=../graphsdb/mcs90/m3D/m3D/mcs90_m3D_s30.B45
Reading graphs...
30 :  61
30 :  61
Initializing...
maxdom : 30
D->valSize : 900
Solving...
Blb : 2 (clique : 16)
currentSize : 16 <-- 0.010963 s
currentSize : 19 <-- 0.011083 s
currentSize : 20 <-- 0.011689 s
currentSize : 22 <-- 0.014074 s
currentSize : 25 <-- 0.014794 s
currentSize : 27 <-- 0.015398 s

maxsize : 27
nodes : 11998.000000
filtered : 469840.000000
time : 0.080206
