Parameters: GAD=1 vflib=1 dir=0 label=0 lowerbound=1 fileNameGp=../graphsdb/mcs90/m3D/m3Dr4/mcs90_m3Dr4_s30.A02 fileNameGt=../graphsdb/mcs90/m3D/m3Dr4/mcs90_m3Dr4_s30.B02
Reading graphs...
30 :  73
30 :  73
Initializing...
maxdom : 30
D->valSize : 900
Solving...
Blb : 2 (clique : 15)
currentSize : 15 <-- 0.010719 s
currentSize : 16 <-- 0.010836 s
currentSize : 17 <-- 0.010870 s
currentSize : 18 <-- 0.092003 s
currentSize : 19 <-- 0.185383 s
currentSize : 22 <-- 6.573521 s
currentSize : 27 <-- 8.073346 s

maxsize : 27
nodes : 1827658.000000
filtered : 40061667.000000
time : 8.131230
