Parameters: GAD=1 vflib=1 dir=0 label=0 lowerbound=1 fileNameGp=../graphsdb/mcs90/m2D/m2D/mcs90_m2D_s30.A67 fileNameGt=../graphsdb/mcs90/m2D/m2D/mcs90_m2D_s30.B67
Reading graphs...
30 :  49
30 :  49
Initializing...
maxdom : 30
D->valSize : 900
Solving...
Blb : 2 (clique : 19)
currentSize : 19 <-- 0.011340 s
currentSize : 20 <-- 0.014826 s
currentSize : 21 <-- 0.024974 s
currentSize : 22 <-- 0.034894 s
currentSize : 23 <-- 0.239468 s
currentSize : 24 <-- 1.002600 s
currentSize : 25 <-- 1.002629 s

maxsize : 25
nodes : 304698.000000
filtered : 9501700.000000
time : 1.643127
