Parameters: GAD=1 vflib=1 dir=0 label=0 lowerbound=1 fileNameGp=../graphsdb/mcs90/bvg/b03m/mcs90_b03m_s35.A40 fileNameGt=../graphsdb/mcs90/bvg/b03m/mcs90_b03m_s35.B40
Reading graphs...
35 :  52
35 :  52
Initializing...
maxdom : 35
D->valSize : 1225
Solving...
Blb : 2 (clique : 20)
currentSize : 20 <-- 0.021458 s
currentSize : 22 <-- 0.021641 s
currentSize : 23 <-- 0.021674 s
currentSize : 24 <-- 0.167652 s
currentSize : 25 <-- 0.471165 s
currentSize : 26 <-- 19.164114 s
currentSize : 27 <-- 32.381828 s
currentSize : 28 <-- 60.217667 s
currentSize : 29 <-- 60.616718 s
currentSize : 31 <-- 60.641544 s

maxsize : 31
nodes : 9601221.000000
filtered : 388471129.000000
time : 60.868393
