Parameters: GAD=1 vflib=1 dir=0 label=0 lowerbound=1 fileNameGp=../graphsdb/mcs90/rand/r01/mcs90_r01_s30.A14 fileNameGt=../graphsdb/mcs90/rand/r01/mcs90_r01_s30.B14
Reading graphs...
30 :  83
30 :  82
Initializing...
maxdom : 30
D->valSize : 900
Solving...
Blb : 2 (clique : 15)
currentSize : 15 <-- 0.010611 s
currentSize : 16 <-- 0.011374 s
currentSize : 17 <-- 0.013886 s
currentSize : 18 <-- 0.744599 s
currentSize : 19 <-- 4.557059 s
currentSize : 20 <-- 5.480553 s
currentSize : 21 <-- 5.504760 s
currentSize : 22 <-- 5.776929 s
currentSize : 27 <-- 6.253869 s

maxsize : 27
nodes : 1348646.000000
filtered : 34719065.000000
time : 6.265113
