Parameters: GAD=1 vflib=1 dir=0 label=0 lowerbound=1 fileNameGp=../graphsdb/mcs90/bvg/b09/mcs90_b09_s35.A64 fileNameGt=../graphsdb/mcs90/bvg/b09/mcs90_b09_s35.B64
Reading graphs...
35 :  156
35 :  157
Initializing...
maxdom : 35
D->valSize : 1225
Solving...
Blb : 5 (clique : 14)
currentSize : 14 <-- 0.031802 s
currentSize : 15 <-- 0.035690 s
currentSize : 16 <-- 0.105336 s
currentSize : 17 <-- 0.764831 s
currentSize : 18 <-- 2.049800 s
currentSize : 19 <-- 2.345105 s
currentSize : 22 <-- 2.345193 s
currentSize : 23 <-- 2.345427 s
currentSize : 25 <-- 2.345547 s
currentSize : 26 <-- 2.345589 s
currentSize : 30 <-- 2.376534 s

maxsize : 30
nodes : 677396.000000
filtered : 13670151.000000
time : 2.956646
