Parameters: GAD=1 vflib=1 dir=0 label=0 lowerbound=1 fileNameGp=../graphsdb/mcs90/m3D/m3Dr2/mcs90_m3Dr2_s30.A58 fileNameGt=../graphsdb/mcs90/m3D/m3Dr2/mcs90_m3Dr2_s30.B58
Reading graphs...
30 :  66
30 :  65
Initializing...
maxdom : 30
D->valSize : 900
Solving...
Blb : 2 (clique : 17)
currentSize : 17 <-- 0.010791 s
currentSize : 18 <-- 0.017329 s
currentSize : 19 <-- 0.029564 s
currentSize : 20 <-- 0.159713 s
currentSize : 21 <-- 0.331697 s
currentSize : 22 <-- 0.331812 s
currentSize : 23 <-- 1.538578 s
currentSize : 24 <-- 1.719893 s
currentSize : 27 <-- 1.818137 s

maxsize : 27
nodes : 398982.000000
filtered : 10463739.000000
time : 1.854931
