Parameters: GAD=1 vflib=1 dir=0 label=0 lowerbound=1 fileNameGp=../graphsdb/mcs90/rand/r005/mcs90_r005_s35.A05 fileNameGt=../graphsdb/mcs90/rand/r005/mcs90_r005_s35.B05
Reading graphs...
35 :  57
35 :  57
Initializing...
maxdom : 35
D->valSize : 1225
Solving...
Blb : 5 (clique : 24)
currentSize : 24 <-- 0.036895 s
currentSize : 25 <-- 0.038449 s
currentSize : 26 <-- 0.047253 s
currentSize : 28 <-- 0.061962 s
currentSize : 30 <-- 0.067446 s
currentSize : 31 <-- 0.068669 s

maxsize : 31
nodes : 44079.000000
filtered : 3939278.000000
time : 0.589349
