Parameters: GAD=1 vflib=1 dir=0 label=0 lowerbound=1 fileNameGp=../graphsdb/mcs90/bvg/b03m/mcs90_b03m_s20.A65 fileNameGt=../graphsdb/mcs90/bvg/b03m/mcs90_b03m_s20.B65
Reading graphs...
20 :  30
20 :  30
Initializing...
maxdom : 20
D->valSize : 400
Solving...
Blb : 2 (clique : 12)
currentSize : 12 <-- 0.004031 s
currentSize : 13 <-- 0.004423 s
currentSize : 14 <-- 0.005071 s
currentSize : 15 <-- 0.042763 s
currentSize : 16 <-- 0.068962 s
currentSize : 18 <-- 0.081881 s

maxsize : 18
nodes : 17073.000000
filtered : 350600.000000
time : 0.083155
