Parameters: GAD=1 vflib=1 dir=0 label=0 lowerbound=1 fileNameGp=../graphsdb/mcs90/m3D/m3Dr6/mcs90_m3Dr6_s30.A29 fileNameGt=../graphsdb/mcs90/m3D/m3Dr6/mcs90_m3Dr6_s30.B29
Reading graphs...
30 :  78
30 :  76
Initializing...
maxdom : 30
D->valSize : 900
Solving...
Blb : 2 (clique : 14)
currentSize : 14 <-- 0.010657 s
currentSize : 15 <-- 0.011098 s
currentSize : 16 <-- 0.013621 s
currentSize : 17 <-- 0.013673 s
currentSize : 18 <-- 0.088127 s
currentSize : 19 <-- 0.879175 s
currentSize : 20 <-- 0.879297 s
currentSize : 21 <-- 0.917028 s
currentSize : 23 <-- 2.064237 s
currentSize : 25 <-- 2.113647 s
currentSize : 27 <-- 2.113681 s

maxsize : 27
nodes : 462639.000000
filtered : 10180283.000000
time : 2.137248
