Parameters: GAD=1 vflib=1 dir=0 label=0 lowerbound=1 fileNameGp=../graphsdb/mcs90/m2D/m2Dr2/mcs90_m2Dr2_s30.A12 fileNameGt=../graphsdb/mcs90/m2D/m2Dr2/mcs90_m2Dr2_s30.B12
Reading graphs...
30 :  55
30 :  55
Initializing...
maxdom : 30
D->valSize : 900
Solving...
Blb : 2 (clique : 19)
currentSize : 19 <-- 0.011109 s
currentSize : 20 <-- 0.015414 s
currentSize : 21 <-- 0.031817 s
currentSize : 22 <-- 0.941623 s
currentSize : 23 <-- 4.983323 s
currentSize : 24 <-- 5.914627 s
currentSize : 25 <-- 5.927011 s

maxsize : 25
nodes : 1129666.000000
filtered : 41127526.000000
time : 6.282146
