Parameters: GAD=1 vflib=1 dir=0 label=0 lowerbound=1 fileNameGp=../graphsdb/mcs90/m2D/m2Dr6/mcs90_m2Dr6_s30.A69 fileNameGt=../graphsdb/mcs90/m2D/m2Dr6/mcs90_m2Dr6_s30.B69
Reading graphs...
30 :  66
30 :  66
Initializing...
maxdom : 30
D->valSize : 900
Solving...
Blb : 2 (clique : 17)
currentSize : 17 <-- 0.018914 s
currentSize : 18 <-- 0.055859 s
currentSize : 19 <-- 0.098579 s
currentSize : 20 <-- 0.962088 s
currentSize : 21 <-- 9.369885 s
currentSize : 22 <-- 11.936734 s
currentSize : 25 <-- 14.728854 s

maxsize : 25
nodes : 2779681.000000
filtered : 95320023.000000
time : 14.894099
