Parameters: GAD=1 vflib=1 dir=0 label=0 lowerbound=1 fileNameGp=../graphsdb/mcs90/bvg/b09/mcs90_b09_s30.A67 fileNameGt=../graphsdb/mcs90/bvg/b09/mcs90_b09_s30.B67
Reading graphs...
30 :  135
30 :  134
Initializing...
maxdom : 30
D->valSize : 900
Solving...
Blb : 3 (clique : 14)
currentSize : 14 <-- 0.009612 s
currentSize : 15 <-- 0.153695 s
currentSize : 16 <-- 0.209105 s
currentSize : 18 <-- 0.774592 s
currentSize : 20 <-- 0.775866 s
currentSize : 22 <-- 0.777427 s
currentSize : 26 <-- 0.781121 s
currentSize : 27 <-- 0.799939 s

maxsize : 27
nodes : 228540.000000
filtered : 3603358.000000
time : 0.835224
