Parameters: GAD=1 vflib=1 dir=0 label=0 lowerbound=1 fileNameGp=../graphsdb/mcs90/bvg/b09m/mcs90_b09m_s35.A92 fileNameGt=../graphsdb/mcs90/bvg/b09m/mcs90_b09m_s35.B92
Reading graphs...
35 :  152
35 :  152
Initializing...
maxdom : 35
D->valSize : 1225
Solving...
Blb : 2 (clique : 13)
currentSize : 13 <-- 0.018369 s
currentSize : 15 <-- 0.018503 s
currentSize : 16 <-- 0.018547 s
currentSize : 17 <-- 0.018568 s
currentSize : 18 <-- 0.018989 s
currentSize : 19 <-- 0.018998 s
currentSize : 30 <-- 0.019250 s

maxsize : 30
nodes : 17364.000000
filtered : 2145627.000000
time : 0.232911
