Parameters: GAD=1 vflib=1 dir=0 label=0 lowerbound=1 fileNameGp=../graphsdb/mcs90/m3D/m3Dr4/mcs90_m3Dr4_s30.A44 fileNameGt=../graphsdb/mcs90/m3D/m3Dr4/mcs90_m3Dr4_s30.B44
Reading graphs...
30 :  72
30 :  71
Initializing...
maxdom : 30
D->valSize : 900
Solving...
Blb : 2 (clique : 14)
currentSize : 14 <-- 0.010984 s
currentSize : 16 <-- 0.011114 s
currentSize : 17 <-- 0.011579 s
currentSize : 18 <-- 0.023510 s
currentSize : 19 <-- 0.054246 s
currentSize : 20 <-- 0.151878 s
currentSize : 21 <-- 0.224896 s
currentSize : 22 <-- 2.611054 s
currentSize : 25 <-- 2.675659 s
currentSize : 27 <-- 2.675688 s

maxsize : 27
nodes : 571707.000000
filtered : 14820373.000000
time : 2.705839
