Parameters: GAD=1 vflib=1 dir=0 label=0 lowerbound=1 fileNameGp=../graphsdb/mcs90/bvg/b09m/mcs90_b09m_s35.A91 fileNameGt=../graphsdb/mcs90/bvg/b09m/mcs90_b09m_s35.B91
Reading graphs...
35 :  149
35 :  151
Initializing...
maxdom : 35
D->valSize : 1225
Solving...
Blb : 2 (clique : 13)
currentSize : 13 <-- 0.018263 s
currentSize : 14 <-- 0.018428 s
currentSize : 15 <-- 0.019738 s
currentSize : 16 <-- 0.022650 s
currentSize : 17 <-- 7.618438 s
currentSize : 18 <-- 115.897949 s
currentSize : 20 <-- 115.899597 s
currentSize : 28 <-- 116.098930 s
currentSize : 30 <-- 116.099052 s

maxsize : 30
nodes : 27003375.000000
filtered : 577012738.000000
time : 116.326363
