Parameters: GAD=1 vflib=1 dir=0 label=0 lowerbound=1 fileNameGp=../graphsdb/mcs90/bvg/b09m/mcs90_b09m_s20.A35 fileNameGt=../graphsdb/mcs90/bvg/b09m/mcs90_b09m_s20.B35
Reading graphs...
20 :  87
20 :  86
Initializing...
maxdom : 20
D->valSize : 400
Solving...
Blb : 5 (clique : 9)
currentSize : 9 <-- 0.002021 s
currentSize : 10 <-- 0.002198 s
currentSize : 11 <-- 0.006869 s
currentSize : 13 <-- 0.008086 s
currentSize : 14 <-- 0.015373 s
currentSize : 18 <-- 0.024050 s

maxsize : 18
nodes : 7562.000000
filtered : 127976.000000
time : 0.026610
