Parameters: GAD=1 vflib=1 dir=0 label=0 lowerbound=1 fileNameGp=../graphsdb/mcs90/m2D/m2D/mcs90_m2D_s30.A87 fileNameGt=../graphsdb/mcs90/m2D/m2D/mcs90_m2D_s30.B87
Reading graphs...
30 :  49
30 :  49
Initializing...
maxdom : 30
D->valSize : 900
Solving...
Blb : 2 (clique : 19)
currentSize : 19 <-- 0.011451 s
currentSize : 21 <-- 0.011649 s
currentSize : 22 <-- 0.011918 s
currentSize : 24 <-- 0.046623 s
currentSize : 25 <-- 0.047195 s

maxsize : 25
nodes : 185979.000000
filtered : 7791371.000000
time : 1.265757
