Parameters: GAD=1 vflib=1 dir=0 label=0 lowerbound=1 fileNameGp=../graphsdb/mcs90/m2D/m2Dr6/mcs90_m2Dr6_s30.A09 fileNameGt=../graphsdb/mcs90/m2D/m2Dr6/mcs90_m2Dr6_s30.B09
Reading graphs...
30 :  67
30 :  66
Initializing...
maxdom : 30
D->valSize : 900
Solving...
Blb : 2 (clique : 15)
currentSize : 15 <-- 0.011269 s
currentSize : 16 <-- 0.011396 s
currentSize : 17 <-- 0.011431 s
currentSize : 18 <-- 0.036415 s
currentSize : 19 <-- 0.609888 s
currentSize : 20 <-- 3.369845 s
currentSize : 21 <-- 5.659455 s
currentSize : 22 <-- 13.890472 s
currentSize : 23 <-- 13.892278 s
currentSize : 24 <-- 13.988485 s
currentSize : 25 <-- 13.989257 s

maxsize : 25
nodes : 2593937.000000
filtered : 97501549.000000
time : 14.222084
