Parameters: GAD=1 vflib=1 dir=0 label=0 lowerbound=1 fileNameGp=../graphsdb/mcs90/rand/r02/mcs90_r02_s25.A21 fileNameGt=../graphsdb/mcs90/rand/r02/mcs90_r02_s25.B21
Reading graphs...
25 :  109
25 :  105
Initializing...
maxdom : 25
D->valSize : 625
Solving...
Blb : 2 (clique : 9)
currentSize : 9 <-- 0.004830 s
currentSize : 10 <-- 0.004907 s
currentSize : 11 <-- 0.005021 s
currentSize : 12 <-- 0.011946 s
currentSize : 13 <-- 0.037293 s
currentSize : 14 <-- 0.037662 s
currentSize : 16 <-- 0.037939 s
currentSize : 17 <-- 0.314184 s
currentSize : 22 <-- 0.314365 s

maxsize : 22
nodes : 81000.000000
filtered : 1824183.000000
time : 0.324074
