Parameters: GAD=1 vflib=1 dir=0 label=0 lowerbound=1 fileNameGp=../graphsdb/mcs90/m2D/m2Dr6/mcs90_m2Dr6_s30.A49 fileNameGt=../graphsdb/mcs90/m2D/m2Dr6/mcs90_m2Dr6_s30.B49
Reading graphs...
30 :  67
30 :  65
Initializing...
maxdom : 30
D->valSize : 900
Solving...
Blb : 2 (clique : 15)
currentSize : 15 <-- 0.010870 s
currentSize : 16 <-- 0.011091 s
currentSize : 17 <-- 0.015352 s
currentSize : 18 <-- 0.036693 s
currentSize : 19 <-- 0.153966 s
currentSize : 20 <-- 0.379065 s
currentSize : 21 <-- 9.477871 s
currentSize : 22 <-- 10.140716 s
currentSize : 25 <-- 12.033762 s

maxsize : 25
nodes : 2736341.000000
filtered : 69217867.000000
time : 12.381258
