Parameters: GAD=1 vflib=1 dir=0 label=0 lowerbound=1 fileNameGp=../graphsdb/mcs90/bvg/b06/mcs90_b06_s30.A63 fileNameGt=../graphsdb/mcs90/bvg/b06/mcs90_b06_s30.B63
Reading graphs...
30 :  90
30 :  90
Initializing...
maxdom : 30
D->valSize : 900
Solving...
Blb : 2 (clique : 18)
currentSize : 18 <-- 0.010312 s
currentSize : 19 <-- 0.010553 s
currentSize : 21 <-- 0.010722 s
currentSize : 22 <-- 0.010798 s
currentSize : 23 <-- 0.010892 s
currentSize : 25 <-- 0.011163 s
currentSize : 27 <-- 0.012350 s

maxsize : 27
nodes : 7780.000000
filtered : 305879.000000
time : 0.056424
