Parameters: GAD=1 vflib=1 dir=0 label=0 lowerbound=1 fileNameGp=../graphsdb/mcs90/bvg/b09m/mcs90_b09m_s30.A46 fileNameGt=../graphsdb/mcs90/bvg/b09m/mcs90_b09m_s30.B46
Reading graphs...
30 :  130
30 :  131
Initializing...
maxdom : 30
D->valSize : 900
Solving...
Blb : 2 (clique : 11)
currentSize : 11 <-- 0.009948 s
currentSize : 12 <-- 0.010042 s
currentSize : 13 <-- 0.010129 s
currentSize : 14 <-- 0.092301 s
currentSize : 15 <-- 0.709637 s
currentSize : 16 <-- 3.263125 s
currentSize : 20 <-- 5.061175 s
currentSize : 26 <-- 5.162485 s

maxsize : 26
nodes : 1381558.000000
filtered : 22477000.000000
time : 5.220056
