Parameters: GAD=1 vflib=1 dir=0 label=0 lowerbound=1 fileNameGp=../graphsdb/mcs90/bvg/b06m/mcs90_b06m_s30.A21 fileNameGt=../graphsdb/mcs90/bvg/b06m/mcs90_b06m_s30.B21
Reading graphs...
30 :  89
30 :  90
Initializing...
maxdom : 30
D->valSize : 900
Solving...
Blb : 2 (clique : 14)
currentSize : 14 <-- 0.018043 s
currentSize : 15 <-- 0.018235 s
currentSize : 16 <-- 0.019543 s
currentSize : 17 <-- 1.216745 s
currentSize : 18 <-- 7.854434 s
currentSize : 20 <-- 10.205772 s
currentSize : 21 <-- 10.235828 s
currentSize : 23 <-- 10.235869 s
currentSize : 27 <-- 10.236889 s

maxsize : 27
nodes : 2318292.000000
filtered : 63522057.000000
time : 10.256098
