Parameters: GAD=1 vflib=1 dir=0 label=0 lowerbound=1 fileNameGp=../graphsdb/mcs90/m4D/m4Dr6/mcs90_m4Dr6_s20.A36 fileNameGt=../graphsdb/mcs90/m4D/m4Dr6/mcs90_m4Dr6_s20.B36
Reading graphs...
20 :  48
20 :  45
Initializing...
maxdom : 20
D->valSize : 400
Solving...
Blb : 2 (clique : 11)
currentSize : 11 <-- 0.002201 s
currentSize : 12 <-- 0.010638 s
currentSize : 13 <-- 0.043878 s
currentSize : 14 <-- 0.153308 s
currentSize : 15 <-- 0.158314 s
currentSize : 16 <-- 0.167308 s

maxsize : 16
nodes : 62200.000000
filtered : 868663.000000
time : 0.177211
