Parameters: GAD=1 vflib=1 dir=0 label=0 lowerbound=1 fileNameGp=../graphsdb/mcs90/m4D/m4D/mcs90_m4D_s20.A82 fileNameGt=../graphsdb/mcs90/m4D/m4D/mcs90_m4D_s20.B82
Reading graphs...
20 :  37
20 :  37
Initializing...
maxdom : 20
D->valSize : 400
Solving...
Blb : 2 (clique : 13)
currentSize : 13 <-- 0.002244 s
currentSize : 14 <-- 0.004042 s
currentSize : 15 <-- 0.004051 s
currentSize : 16 <-- 0.082236 s
currentSize : 17 <-- 0.082797 s

maxsize : 17
nodes : 49298.000000
filtered : 429895.000000
time : 0.097970
