Parameters: GAD=1 vflib=1 dir=0 label=0 lowerbound=1 fileNameGp=../graphsdb/mcs90/m4D/m4Dr2/mcs90_m4Dr2_s20.A37 fileNameGt=../graphsdb/mcs90/m4D/m4Dr2/mcs90_m4Dr2_s20.B37
Reading graphs...
20 :  41
20 :  40
Initializing...
maxdom : 20
D->valSize : 400
Solving...
Blb : 3 (clique : 12)
currentSize : 12 <-- 0.002355 s
currentSize : 13 <-- 0.002582 s
currentSize : 14 <-- 0.002907 s
currentSize : 15 <-- 0.004517 s
currentSize : 16 <-- 0.038688 s

maxsize : 16
nodes : 13830.000000
filtered : 276526.000000
time : 0.047890
