Parameters: GAD=1 vflib=1 dir=0 label=0 lowerbound=1 fileNameGp=../graphsdb/mcs90/m4D/m4D/mcs90_m4D_s20.A22 fileNameGt=../graphsdb/mcs90/m4D/m4D/mcs90_m4D_s20.B22
Reading graphs...
20 :  37
20 :  37
Initializing...
maxdom : 20
D->valSize : 400
Solving...
Blb : 2 (clique : 12)
currentSize : 12 <-- 0.002569 s
currentSize : 13 <-- 0.003162 s
currentSize : 14 <-- 0.005916 s
currentSize : 15 <-- 0.038581 s
currentSize : 16 <-- 0.041323 s
currentSize : 17 <-- 0.046965 s
currentSize : 18 <-- 0.047211 s

maxsize : 18
nodes : 14142.000000
filtered : 298957.000000
time : 0.047534
