Parameters: GAD=1 vflib=1 dir=0 label=0 lowerbound=1 fileNameGp=../graphsdb/mcs90/bvg/b06/mcs90_b06_s25.A36 fileNameGt=../graphsdb/mcs90/bvg/b06/mcs90_b06_s25.B36
Reading graphs...
25 :  75
25 :  75
Initializing...
maxdom : 25
D->valSize : 625
Solving...
Blb : 2 (clique : 13)
currentSize : 13 <-- 0.005379 s
currentSize : 15 <-- 0.005464 s
currentSize : 18 <-- 0.005552 s
currentSize : 20 <-- 0.005570 s
currentSize : 22 <-- 0.005768 s

maxsize : 22
nodes : 4507.000000
filtered : 153791.000000
time : 0.027432
