Parameters: GAD=1 vflib=1 dir=0 label=0 lowerbound=1 fileNameGp=../graphsdb/mcs90/m4D/m4D/mcs90_m4D_s20.A79 fileNameGt=../graphsdb/mcs90/m4D/m4D/mcs90_m4D_s20.B79
Reading graphs...
20 :  37
20 :  37
Initializing...
maxdom : 20
D->valSize : 400
Solving...
Blb : 5 (clique : 12)
currentSize : 12 <-- 0.002397 s
currentSize : 14 <-- 0.002913 s
currentSize : 15 <-- 0.002942 s
currentSize : 16 <-- 0.002995 s
currentSize : 18 <-- 0.009017 s

maxsize : 18
nodes : 2409.000000
filtered : 46140.000000
time : 0.010057
