Parameters: GAD=1 vflib=1 dir=0 label=0 lowerbound=1 fileNameGp=../graphsdb/mcs90/m2D/m2Dr2/mcs90_m2Dr2_s30.A05 fileNameGt=../graphsdb/mcs90/m2D/m2Dr2/mcs90_m2Dr2_s30.B05
Reading graphs...
30 :  55
30 :  55
Initializing...
maxdom : 30
D->valSize : 900
Solving...
Blb : 2 (clique : 16)
currentSize : 16 <-- 0.011255 s
currentSize : 17 <-- 0.011428 s
currentSize : 18 <-- 0.014497 s
currentSize : 19 <-- 0.029504 s
currentSize : 20 <-- 0.031442 s
currentSize : 21 <-- 0.252527 s
currentSize : 22 <-- 12.720569 s
currentSize : 25 <-- 14.079948 s

maxsize : 25
nodes : 2684038.000000
filtered : 92006705.000000
time : 14.515867
