Parameters: GAD=1 vflib=1 dir=0 label=0 lowerbound=1 fileNameGp=../graphsdb/mcs90/bvg/b09/mcs90_b09_s30.A78 fileNameGt=../graphsdb/mcs90/bvg/b09/mcs90_b09_s30.B78
Reading graphs...
30 :  134
30 :  134
Initializing...
maxdom : 30
D->valSize : 900
Solving...
Blb : 2 (clique : 14)
currentSize : 14 <-- 0.009615 s
currentSize : 15 <-- 0.011304 s
currentSize : 16 <-- 0.011707 s
currentSize : 17 <-- 0.011726 s
currentSize : 18 <-- 0.012370 s
currentSize : 22 <-- 0.074402 s
currentSize : 26 <-- 0.074612 s

maxsize : 26
nodes : 37509.000000
filtered : 1558725.000000
time : 0.223933
