Parameters: GAD=1 vflib=1 dir=0 label=0 lowerbound=1 fileNameGp=../graphsdb/mcs90/bvg/b06m/mcs90_b06m_s25.A92 fileNameGt=../graphsdb/mcs90/bvg/b06m/mcs90_b06m_s25.B92
Reading graphs...
25 :  74
25 :  75
Initializing...
maxdom : 25
D->valSize : 625
Solving...
Blb : 5 (clique : 12)
currentSize : 12 <-- 0.008556 s
currentSize : 13 <-- 0.008686 s
currentSize : 14 <-- 0.022274 s
currentSize : 16 <-- 0.471758 s
currentSize : 17 <-- 0.831359 s
currentSize : 18 <-- 0.833248 s
currentSize : 22 <-- 0.834351 s

maxsize : 22
nodes : 211672.000000
filtered : 4234066.000000
time : 0.845114
