Parameters: GAD=1 vflib=1 dir=0 label=0 lowerbound=1 fileNameGp=../graphsdb/mcs90/bvg/b09m/mcs90_b09m_s30.A03 fileNameGt=../graphsdb/mcs90/bvg/b09m/mcs90_b09m_s30.B03
Reading graphs...
30 :  131
30 :  132
Initializing...
maxdom : 30
D->valSize : 900
Solving...
Blb : 2 (clique : 12)
currentSize : 12 <-- 0.009856 s
currentSize : 13 <-- 0.010062 s
currentSize : 14 <-- 0.021159 s
currentSize : 15 <-- 0.079800 s
currentSize : 16 <-- 4.054126 s
currentSize : 18 <-- 4.054236 s
currentSize : 26 <-- 4.054906 s

maxsize : 26
nodes : 1024527.000000
filtered : 17620699.000000
time : 4.110674
