Parameters: GAD=1 vflib=1 dir=0 label=0 lowerbound=1 fileNameGp=../graphsdb/mcs90/bvg/b03m/mcs90_b03m_s25.A06 fileNameGt=../graphsdb/mcs90/bvg/b03m/mcs90_b03m_s25.B06
Reading graphs...
25 :  36
25 :  36
Initializing...
maxdom : 25
D->valSize : 625
Solving...
Blb : 2 (clique : 16)
currentSize : 16 <-- 0.005481 s
currentSize : 17 <-- 0.005574 s
currentSize : 19 <-- 0.005644 s
currentSize : 21 <-- 0.019372 s
currentSize : 22 <-- 0.019600 s

maxsize : 22
nodes : 7303.000000
filtered : 250769.000000
time : 0.043461
