Parameters: GAD=1 vflib=1 dir=0 label=0 lowerbound=1 fileNameGp=../graphsdb/mcs90/bvg/b03/mcs90_b03_s35.A12 fileNameGt=../graphsdb/mcs90/bvg/b03/mcs90_b03_s35.B12
Reading graphs...
35 :  52
35 :  52
Initializing...
maxdom : 35
D->valSize : 1225
Solving...
Blb : 2 (clique : 27)
currentSize : 27 <-- 0.021609 s
currentSize : 28 <-- 0.021843 s
currentSize : 30 <-- 0.021952 s
currentSize : 31 <-- 0.034950 s
currentSize : 32 <-- 0.214356 s
currentSize : 33 <-- 0.214778 s

maxsize : 33
nodes : 29527.000000
filtered : 995907.000000
time : 0.223358
