Parameters: GAD=1 vflib=1 dir=0 label=0 lowerbound=1 fileNameGp=../graphsdb/mcs90/bvg/b03/mcs90_b03_s20.A50 fileNameGt=../graphsdb/mcs90/bvg/b03/mcs90_b03_s20.B50
Reading graphs...
20 :  30
20 :  30
Initializing...
maxdom : 20
D->valSize : 400
Solving...
Blb : 2 (clique : 14)
currentSize : 14 <-- 0.004829 s
currentSize : 15 <-- 0.005493 s
currentSize : 16 <-- 0.005612 s
currentSize : 18 <-- 0.005832 s
currentSize : 19 <-- 0.006045 s

maxsize : 19
nodes : 608.000000
filtered : 13275.000000
time : 0.008168
