Parameters: GAD=1 vflib=1 dir=0 label=0 lowerbound=1 fileNameGp=../graphsdb/mcs90/bvg/b09m/mcs90_b09m_s25.A06 fileNameGt=../graphsdb/mcs90/bvg/b09m/mcs90_b09m_s25.B06
Reading graphs...
25 :  110
25 :  110
Initializing...
maxdom : 25
D->valSize : 625
Solving...
Blb : 5 (clique : 10)
currentSize : 10 <-- 0.004750 s
currentSize : 11 <-- 0.004898 s
currentSize : 12 <-- 0.013334 s
currentSize : 13 <-- 0.379547 s
currentSize : 15 <-- 0.605118 s
currentSize : 17 <-- 1.164923 s
currentSize : 20 <-- 1.166516 s
currentSize : 22 <-- 1.166557 s

maxsize : 22
nodes : 354255.000000
filtered : 4826712.000000
time : 1.176032
