Parameters: GAD=1 vflib=1 dir=0 label=0 lowerbound=1 fileNameGp=../graphsdb/mcs90/bvg/b09m/mcs90_b09m_s30.A49 fileNameGt=../graphsdb/mcs90/bvg/b09m/mcs90_b09m_s30.B49
Reading graphs...
30 :  129
30 :  128
Initializing...
maxdom : 30
D->valSize : 900
Solving...
Blb : 2 (clique : 12)
currentSize : 12 <-- 0.009783 s
currentSize : 13 <-- 0.010197 s
currentSize : 14 <-- 0.010642 s
currentSize : 15 <-- 0.107263 s
currentSize : 16 <-- 0.323003 s
currentSize : 17 <-- 0.750638 s
currentSize : 18 <-- 0.751818 s
currentSize : 20 <-- 0.768790 s
currentSize : 26 <-- 4.463605 s

maxsize : 26
nodes : 837440.000000
filtered : 28941580.000000
time : 4.487823
