Parameters: GAD=1 vflib=1 dir=0 label=0 lowerbound=1 fileNameGp=../graphsdb/mcs90/rand/r02/mcs90_r02_s15.A90 fileNameGt=../graphsdb/mcs90/rand/r02/mcs90_r02_s15.B90
Reading graphs...
15 :  35
15 :  36
Initializing...
maxdom : 15
D->valSize : 225
Solving...
Blb : 2 (clique : 8)
currentSize : 8 <-- 0.000920 s
currentSize : 9 <-- 0.000959 s
currentSize : 10 <-- 0.001005 s
currentSize : 11 <-- 0.024097 s
currentSize : 13 <-- 0.024171 s

maxsize : 13
nodes : 9482.000000
filtered : 106081.000000
time : 0.024292
