Parameters: GAD=1 vflib=1 dir=0 label=0 lowerbound=1 fileNameGp=../graphsdb/mcs90/bvg/b09/mcs90_b09_s30.A66 fileNameGt=../graphsdb/mcs90/bvg/b09/mcs90_b09_s30.B66
Reading graphs...
30 :  134
30 :  134
Initializing...
maxdom : 30
D->valSize : 900
Solving...
Blb : 2 (clique : 13)
currentSize : 13 <-- 0.009845 s
currentSize : 14 <-- 0.010698 s
currentSize : 15 <-- 0.012452 s
currentSize : 16 <-- 0.013093 s
currentSize : 17 <-- 0.015977 s
currentSize : 18 <-- 0.016025 s
currentSize : 20 <-- 0.017490 s
currentSize : 23 <-- 0.018225 s
currentSize : 24 <-- 0.108037 s
currentSize : 26 <-- 0.162935 s

maxsize : 26
nodes : 32142.000000
filtered : 1864806.000000
time : 0.232830
