Parameters: GAD=1 vflib=1 dir=0 label=0 lowerbound=1 fileNameGp=../graphsdb/mcs90/bvg/b06m/mcs90_b06m_s35.A95 fileNameGt=../graphsdb/mcs90/bvg/b06m/mcs90_b06m_s35.B95
Reading graphs...
35 :  102
35 :  103
Initializing...
maxdom : 35
D->valSize : 1225
Solving...
Blb : 2 (clique : 16)
currentSize : 16 <-- 0.019743 s
currentSize : 17 <-- 0.019896 s
currentSize : 18 <-- 0.019923 s
currentSize : 19 <-- 0.040549 s
currentSize : 20 <-- 0.066088 s
currentSize : 21 <-- 0.718513 s
currentSize : 22 <-- 1.558691 s
currentSize : 23 <-- 1.758387 s
currentSize : 25 <-- 19.951736 s
currentSize : 28 <-- 27.982132 s
currentSize : 31 <-- 28.064005 s

maxsize : 31
nodes : 4158662.000000
filtered : 198425004.000000
time : 28.122492
