Parameters: GAD=1 vflib=1 dir=0 label=0 lowerbound=1 fileNameGp=../graphsdb/mcs90/m2D/m2Dr6/mcs90_m2Dr6_s30.A53 fileNameGt=../graphsdb/mcs90/m2D/m2Dr6/mcs90_m2Dr6_s30.B53
Reading graphs...
30 :  66
30 :  66
Initializing...
maxdom : 30
D->valSize : 900
Solving...
Blb : 2 (clique : 12)
currentSize : 12 <-- 0.010945 s
currentSize : 16 <-- 0.011100 s
currentSize : 17 <-- 0.012637 s
currentSize : 18 <-- 0.022837 s
currentSize : 19 <-- 0.170592 s
currentSize : 20 <-- 6.512321 s
currentSize : 21 <-- 15.038482 s
currentSize : 22 <-- 17.996410 s
currentSize : 23 <-- 18.008348 s
currentSize : 25 <-- 18.008392 s

maxsize : 25
nodes : 3971842.000000
filtered : 95272569.000000
time : 18.168480
