Parameters: GAD=1 vflib=1 dir=0 label=0 lowerbound=1 fileNameGp=../graphsdb/mcs90/rand/r02/mcs90_r02_s25.A35 fileNameGt=../graphsdb/mcs90/rand/r02/mcs90_r02_s25.B35
Reading graphs...
25 :  112
25 :  109
Initializing...
maxdom : 25
D->valSize : 625
Solving...
Blb : 2 (clique : 9)
currentSize : 9 <-- 0.004671 s
currentSize : 10 <-- 0.005029 s
currentSize : 11 <-- 0.005402 s
currentSize : 12 <-- 0.010283 s
currentSize : 13 <-- 0.143862 s
currentSize : 14 <-- 1.649255 s
currentSize : 15 <-- 1.654188 s
currentSize : 18 <-- 1.663673 s
currentSize : 22 <-- 1.663748 s

maxsize : 22
nodes : 557442.000000
filtered : 5769034.000000
time : 1.677730
