Parameters: GAD=1 vflib=1 dir=0 label=0 lowerbound=1 fileNameGp=../graphsdb/mcs90/m4D/m4Dr2/mcs90_m4Dr2_s20.A59 fileNameGt=../graphsdb/mcs90/m4D/m4Dr2/mcs90_m4Dr2_s20.B59
Reading graphs...
20 :  41
20 :  40
Initializing...
maxdom : 20
D->valSize : 400
Solving...
Blb : 2 (clique : 11)
currentSize : 11 <-- 0.002263 s
currentSize : 12 <-- 0.002388 s
currentSize : 13 <-- 0.004170 s
currentSize : 14 <-- 0.004808 s
currentSize : 15 <-- 0.004891 s
currentSize : 16 <-- 0.082393 s

maxsize : 16
nodes : 22929.000000
filtered : 547633.000000
time : 0.087322
