Parameters: GAD=1 vflib=1 dir=0 label=0 lowerbound=1 fileNameGp=../graphsdb/mcs90/m3D/m3Dr2/mcs90_m3Dr2_s30.A88 fileNameGt=../graphsdb/mcs90/m3D/m3Dr2/mcs90_m3Dr2_s30.B88
Reading graphs...
30 :  67
30 :  66
Initializing...
maxdom : 30
D->valSize : 900
Solving...
Blb : 2 (clique : 18)
currentSize : 18 <-- 0.010550 s
currentSize : 19 <-- 0.010677 s
currentSize : 20 <-- 0.010706 s
currentSize : 21 <-- 0.012843 s
currentSize : 22 <-- 0.013356 s
currentSize : 23 <-- 0.036009 s
currentSize : 27 <-- 0.065202 s

maxsize : 27
nodes : 15406.000000
filtered : 540589.000000
time : 0.095533
