Parameters: GAD=1 vflib=1 dir=0 label=0 lowerbound=1 fileNameGp=../graphsdb/mcs90/rand/r01/mcs90_r01_s35.A40 fileNameGt=../graphsdb/mcs90/rand/r01/mcs90_r01_s35.B40
Reading graphs...
35 :  112
35 :  113
Initializing...
maxdom : 35
D->valSize : 1225
Solving...
Blb : 2 (clique : 16)
currentSize : 16 <-- 0.033036 s
currentSize : 17 <-- 0.038910 s
currentSize : 18 <-- 0.094503 s
currentSize : 19 <-- 0.580221 s
currentSize : 20 <-- 2.180767 s
currentSize : 21 <-- 2.348023 s
currentSize : 22 <-- 2.351385 s
currentSize : 23 <-- 2.352640 s
currentSize : 24 <-- 31.822088 s
currentSize : 31 <-- 31.823040 s

maxsize : 31
nodes : 5410442.000000
filtered : 193017164.000000
time : 31.877119
