Parameters: GAD=1 vflib=1 dir=0 label=0 lowerbound=1 fileNameGp=../graphsdb/mcs90/rand/r005/mcs90_r005_s30.A55 fileNameGt=../graphsdb/mcs90/rand/r005/mcs90_r005_s30.B55
Reading graphs...
30 :  42
30 :  42
Initializing...
maxdom : 30
D->valSize : 900
Solving...
Blb : 2 (clique : 18)
currentSize : 18 <-- 0.019879 s
currentSize : 19 <-- 0.020295 s
currentSize : 20 <-- 0.020398 s
currentSize : 21 <-- 0.027791 s
currentSize : 22 <-- 0.168014 s
currentSize : 23 <-- 2.019753 s
currentSize : 24 <-- 3.152570 s
currentSize : 25 <-- 3.157989 s
currentSize : 26 <-- 3.521331 s
currentSize : 27 <-- 3.523266 s

maxsize : 27
nodes : 680326.000000
filtered : 20185757.000000
time : 3.577449
