Parameters: GAD=1 vflib=1 dir=0 label=0 lowerbound=1 fileNameGp=../graphsdb/mcs90/m2D/m2Dr6/mcs90_m2Dr6_s30.A48 fileNameGt=../graphsdb/mcs90/m2D/m2Dr6/mcs90_m2Dr6_s30.B48
Reading graphs...
30 :  67
30 :  66
Initializing...
maxdom : 30
D->valSize : 900
Solving...
Blb : 2 (clique : 15)
currentSize : 15 <-- 0.010828 s
currentSize : 16 <-- 0.011094 s
currentSize : 17 <-- 0.017823 s
currentSize : 18 <-- 0.046844 s
currentSize : 19 <-- 1.234642 s
currentSize : 20 <-- 19.894955 s
currentSize : 21 <-- 19.957552 s
currentSize : 23 <-- 19.965906 s
currentSize : 25 <-- 19.965963 s

maxsize : 25
nodes : 4625931.000000
filtered : 109202421.000000
time : 20.199257
