Parameters: GAD=1 vflib=1 dir=0 label=0 lowerbound=1 fileNameGp=../graphsdb/mcs90/bvg/b03/mcs90_b03_s35.A50 fileNameGt=../graphsdb/mcs90/bvg/b03/mcs90_b03_s35.B50
Reading graphs...
35 :  52
35 :  52
Initializing...
maxdom : 35
D->valSize : 1225
Solving...
Blb : 2 (clique : 23)
currentSize : 23 <-- 0.036682 s
currentSize : 24 <-- 0.037010 s
currentSize : 25 <-- 0.053806 s
currentSize : 26 <-- 0.057785 s
currentSize : 27 <-- 0.081474 s
currentSize : 28 <-- 0.107407 s
currentSize : 30 <-- 0.143557 s
currentSize : 31 <-- 0.264642 s

maxsize : 31
nodes : 122366.000000
filtered : 4409323.000000
time : 0.822435
