Parameters: GAD=1 vflib=1 dir=0 label=0 lowerbound=1 fileNameGp=../graphsdb/mcs90/m2D/m2Dr4/mcs90_m2Dr4_s20.A58 fileNameGt=../graphsdb/mcs90/m2D/m2Dr4/mcs90_m2Dr4_s20.B58
Reading graphs...
20 :  38
20 :  38
Initializing...
maxdom : 20
D->valSize : 400
Solving...
Blb : 2 (clique : 12)
currentSize : 12 <-- 0.002333 s
currentSize : 13 <-- 0.002392 s
currentSize : 14 <-- 0.003244 s
currentSize : 15 <-- 0.003627 s
currentSize : 16 <-- 0.004766 s

maxsize : 16
nodes : 4769.000000
filtered : 129924.000000
time : 0.021633
