Parameters: GAD=1 vflib=1 dir=0 label=0 lowerbound=1 fileNameGp=../graphsdb/mcs90/bvg/b03m/mcs90_b03m_s20.A95 fileNameGt=../graphsdb/mcs90/bvg/b03m/mcs90_b03m_s20.B95
Reading graphs...
20 :  29
20 :  29
Initializing...
maxdom : 20
D->valSize : 400
Solving...
Blb : 2 (clique : 14)
currentSize : 14 <-- 0.002464 s
currentSize : 15 <-- 0.003240 s
currentSize : 16 <-- 0.003912 s
currentSize : 17 <-- 0.005471 s
currentSize : 18 <-- 0.005590 s

maxsize : 18
nodes : 1786.000000
filtered : 39058.000000
time : 0.009002
