Parameters: GAD=1 vflib=1 dir=0 label=0 lowerbound=1 fileNameGp=../graphsdb/mcs90/bvg/b06/mcs90_b06_s25.A98 fileNameGt=../graphsdb/mcs90/bvg/b06/mcs90_b06_s25.B98
Reading graphs...
25 :  74
25 :  75
Initializing...
maxdom : 25
D->valSize : 625
Solving...
Blb : 2 (clique : 13)
currentSize : 13 <-- 0.004949 s
currentSize : 16 <-- 0.005034 s
currentSize : 17 <-- 0.005069 s
currentSize : 18 <-- 0.005099 s
currentSize : 19 <-- 0.005171 s
currentSize : 20 <-- 0.005837 s
currentSize : 21 <-- 0.006633 s
currentSize : 22 <-- 0.006880 s
currentSize : 23 <-- 0.007106 s

maxsize : 23
nodes : 1816.000000
filtered : 72197.000000
time : 0.014727
