Parameters: GAD=1 vflib=1 dir=0 label=0 lowerbound=1 fileNameGp=../graphsdb/mcs90/m3D/m3Dr4/mcs90_m3Dr4_s30.A96 fileNameGt=../graphsdb/mcs90/m3D/m3Dr4/mcs90_m3Dr4_s30.B96
Reading graphs...
30 :  71
30 :  71
Initializing...
maxdom : 30
D->valSize : 900
Solving...
Blb : 5 (clique : 15)
currentSize : 15 <-- 0.018401 s
currentSize : 16 <-- 0.020923 s
currentSize : 17 <-- 0.026408 s
currentSize : 18 <-- 0.273425 s
currentSize : 19 <-- 4.332015 s
currentSize : 20 <-- 4.401384 s
currentSize : 21 <-- 9.387307 s
currentSize : 23 <-- 9.387660 s
currentSize : 27 <-- 9.461788 s

maxsize : 27
nodes : 2367750.000000
filtered : 43760153.000000
time : 9.486503
