Parameters: GAD=1 vflib=1 dir=0 label=0 lowerbound=1 fileNameGp=../graphsdb/mcs90/m2D/m2Dr2/mcs90_m2Dr2_s20.A76 fileNameGt=../graphsdb/mcs90/m2D/m2Dr2/mcs90_m2Dr2_s20.B76
Reading graphs...
20 :  35
20 :  35
Initializing...
maxdom : 20
D->valSize : 400
Solving...
Blb : 2 (clique : 12)
currentSize : 12 <-- 0.002382 s
currentSize : 13 <-- 0.002468 s
currentSize : 14 <-- 0.002634 s
currentSize : 15 <-- 0.002716 s
currentSize : 16 <-- 0.207378 s

maxsize : 16
nodes : 61258.000000
filtered : 1245123.000000
time : 0.221019
