Parameters: GAD=1 vflib=1 dir=0 label=0 lowerbound=1 fileNameGp=../graphsdb/mcs90/bvg/b06/mcs90_b06_s30.A98 fileNameGt=../graphsdb/mcs90/bvg/b06/mcs90_b06_s30.B98
Reading graphs...
30 :  90
30 :  90
Initializing...
maxdom : 30
D->valSize : 900
Solving...
Blb : 2 (clique : 19)
currentSize : 19 <-- 0.010319 s
currentSize : 20 <-- 0.010472 s
currentSize : 22 <-- 0.010835 s
currentSize : 23 <-- 0.010853 s
currentSize : 25 <-- 0.010892 s
currentSize : 26 <-- 0.010939 s
currentSize : 28 <-- 0.011505 s

maxsize : 28
nodes : 822.000000
filtered : 50346.000000
time : 0.016211
