Parameters: GAD=1 vflib=1 dir=0 label=0 lowerbound=1 fileNameGp=../graphsdb/mcs90/m3D/m3Dr4/mcs90_m3Dr4_s30.A33 fileNameGt=../graphsdb/mcs90/m3D/m3Dr4/mcs90_m3Dr4_s30.B33
Reading graphs...
30 :  73
30 :  73
Initializing...
maxdom : 30
D->valSize : 900
Solving...
Blb : 2 (clique : 15)
currentSize : 15 <-- 0.010879 s
currentSize : 16 <-- 0.011360 s
currentSize : 17 <-- 0.011859 s
currentSize : 18 <-- 0.015252 s
currentSize : 19 <-- 0.374643 s
currentSize : 21 <-- 1.016528 s
currentSize : 22 <-- 1.099331 s
currentSize : 23 <-- 1.099390 s
currentSize : 26 <-- 1.704796 s
currentSize : 27 <-- 1.704824 s

maxsize : 27
nodes : 382362.000000
filtered : 9234909.000000
time : 1.727578
