Parameters: GAD=1 vflib=1 dir=0 label=0 lowerbound=1 fileNameGp=../graphsdb/mcs90/rand/r01/mcs90_r01_s25.A54 fileNameGt=../graphsdb/mcs90/rand/r01/mcs90_r01_s25.B54
Reading graphs...
25 :  57
25 :  56
Initializing...
maxdom : 25
D->valSize : 625
Solving...
Blb : 2 (clique : 12)
currentSize : 12 <-- 0.005178 s
currentSize : 14 <-- 0.005259 s
currentSize : 15 <-- 0.005377 s
currentSize : 16 <-- 0.005762 s
currentSize : 19 <-- 0.006371 s
currentSize : 22 <-- 0.038869 s

maxsize : 22
nodes : 8050.000000
filtered : 307563.000000
time : 0.047286
