Parameters: GAD=1 vflib=1 dir=0 label=0 lowerbound=1 fileNameGp=../graphsdb/mcs90/m4D/m4Dr2/mcs90_m4Dr2_s20.A45 fileNameGt=../graphsdb/mcs90/m4D/m4Dr2/mcs90_m4Dr2_s20.B45
Reading graphs...
20 :  41
20 :  40
Initializing...
maxdom : 20
D->valSize : 400
Solving...
Blb : 2 (clique : 11)
currentSize : 11 <-- 0.002335 s
currentSize : 12 <-- 0.002412 s
currentSize : 13 <-- 0.002728 s
currentSize : 14 <-- 0.002733 s
currentSize : 15 <-- 0.002936 s
currentSize : 16 <-- 0.003556 s
currentSize : 17 <-- 0.006735 s

maxsize : 17
nodes : 2249.000000
filtered : 58582.000000
time : 0.011181
