Parameters: GAD=1 vflib=1 dir=0 label=0 lowerbound=1 fileNameGp=../graphsdb/mcs90/bvg/b06/mcs90_b06_s20.A62 fileNameGt=../graphsdb/mcs90/bvg/b06/mcs90_b06_s20.B62
Reading graphs...
20 :  60
20 :  60
Initializing...
maxdom : 20
D->valSize : 400
Solving...
Blb : 2 (clique : 11)
currentSize : 11 <-- 0.002101 s
currentSize : 12 <-- 0.002157 s
currentSize : 13 <-- 0.002313 s
currentSize : 14 <-- 0.002469 s
currentSize : 15 <-- 0.002549 s
currentSize : 16 <-- 0.002637 s
currentSize : 17 <-- 0.005641 s
currentSize : 18 <-- 0.006274 s

maxsize : 18
nodes : 1359.000000
filtered : 39450.000000
time : 0.007398
