Parameters: GAD=1 vflib=1 dir=0 label=0 lowerbound=1 fileNameGp=../graphsdb/mcs90/bvg/b03m/mcs90_b03m_s35.A91 fileNameGt=../graphsdb/mcs90/bvg/b03m/mcs90_b03m_s35.B91
Reading graphs...
35 :  52
35 :  52
Initializing...
maxdom : 35
D->valSize : 1225
Solving...
Blb : 2 (clique : 21)
currentSize : 21 <-- 0.021504 s
currentSize : 22 <-- 0.021704 s
currentSize : 23 <-- 0.021839 s
currentSize : 24 <-- 0.021907 s
currentSize : 25 <-- 0.085042 s
currentSize : 26 <-- 0.542751 s
currentSize : 27 <-- 0.544769 s
currentSize : 28 <-- 37.102928 s
currentSize : 29 <-- 123.016159 s
currentSize : 30 <-- 123.016212 s

maxsize : 30
nodes : 15279362.000000
filtered : 818670684.000000
time : 123.579727
