Parameters: GAD=1 vflib=1 dir=0 label=0 lowerbound=1 fileNameGp=../graphsdb/mcs90/bvg/b09/mcs90_b09_s30.A93 fileNameGt=../graphsdb/mcs90/bvg/b09/mcs90_b09_s30.B93
Reading graphs...
30 :  134
30 :  133
Initializing...
maxdom : 30
D->valSize : 900
Solving...
Blb : 2 (clique : 14)
currentSize : 14 <-- 0.009809 s
currentSize : 15 <-- 0.010184 s
currentSize : 17 <-- 0.011314 s
currentSize : 18 <-- 0.014524 s
currentSize : 19 <-- 0.014654 s
currentSize : 20 <-- 0.016395 s
currentSize : 22 <-- 0.031165 s
currentSize : 26 <-- 0.038445 s

maxsize : 26
nodes : 21403.000000
filtered : 1078767.000000
time : 0.145270
