Parameters: GAD=1 vflib=1 dir=0 label=0 lowerbound=1 fileNameGp=../graphsdb/mcs90/m4D/m4Dr4/mcs90_m4Dr4_s20.A97 fileNameGt=../graphsdb/mcs90/m4D/m4Dr4/mcs90_m4Dr4_s20.B97
Reading graphs...
20 :  44
20 :  42
Initializing...
maxdom : 20
D->valSize : 400
Solving...
Blb : 2 (clique : 11)
currentSize : 11 <-- 0.002280 s
currentSize : 12 <-- 0.002363 s
currentSize : 13 <-- 0.021442 s
currentSize : 14 <-- 0.026492 s
currentSize : 16 <-- 0.031931 s

maxsize : 16
nodes : 13765.000000
filtered : 262463.000000
time : 0.045170
