Parameters: GAD=1 vflib=1 dir=0 label=0 lowerbound=1 fileNameGp=../graphsdb/mcs90/bvg/b06/mcs90_b06_s20.A30 fileNameGt=../graphsdb/mcs90/bvg/b06/mcs90_b06_s20.B30
Reading graphs...
20 :  60
20 :  60
Initializing...
maxdom : 20
D->valSize : 400
Solving...
Blb : 5 (clique : 11)
currentSize : 11 <-- 0.002260 s
currentSize : 12 <-- 0.002323 s
currentSize : 13 <-- 0.002331 s
currentSize : 14 <-- 0.002351 s
currentSize : 18 <-- 0.002474 s
currentSize : 19 <-- 0.005883 s

maxsize : 19
nodes : 960.000000
filtered : 29900.000000
time : 0.005985
