Parameters: GAD=1 vflib=1 dir=0 label=0 lowerbound=1 fileNameGp=../graphsdb/mcs90/m2D/m2Dr6/mcs90_m2Dr6_s30.A81 fileNameGt=../graphsdb/mcs90/m2D/m2Dr6/mcs90_m2Dr6_s30.B81
Reading graphs...
30 :  65
30 :  61
Initializing...
maxdom : 30
D->valSize : 900
Solving...
Blb : 2 (clique : 15)
currentSize : 15 <-- 0.018943 s
currentSize : 16 <-- 0.019393 s
currentSize : 17 <-- 0.019860 s
currentSize : 18 <-- 0.023148 s
currentSize : 19 <-- 0.219296 s
currentSize : 20 <-- 1.097412 s
currentSize : 21 <-- 15.865940 s
currentSize : 22 <-- 17.887089 s
currentSize : 23 <-- 17.887131 s
currentSize : 24 <-- 17.887329 s
currentSize : 25 <-- 17.887360 s

maxsize : 25
nodes : 4259265.000000
filtered : 92270836.000000
time : 18.072100
