Parameters: GAD=1 vflib=1 dir=0 label=0 lowerbound=1 fileNameGp=../graphsdb/mcs90/bvg/b06m/mcs90_b06m_s35.A14 fileNameGt=../graphsdb/mcs90/bvg/b06m/mcs90_b06m_s35.B14
Reading graphs...
35 :  105
35 :  105
Initializing...
maxdom : 35
D->valSize : 1225
Solving...
Blb : 2 (clique : 16)
currentSize : 16 <-- 0.019559 s
currentSize : 17 <-- 0.019714 s
currentSize : 18 <-- 0.037719 s
currentSize : 19 <-- 0.055450 s
currentSize : 20 <-- 2.449325 s
currentSize : 21 <-- 3.937915 s
currentSize : 22 <-- 4.731595 s
currentSize : 23 <-- 10.402099 s
currentSize : 24 <-- 13.376307 s
currentSize : 25 <-- 13.912968 s
currentSize : 26 <-- 14.155922 s
currentSize : 31 <-- 14.157409 s

maxsize : 31
nodes : 2425765.000000
filtered : 90553206.000000
time : 14.240831
