Parameters: GAD=1 vflib=1 dir=0 label=0 lowerbound=1 fileNameGp=../graphsdb/mcs90/rand/r02/mcs90_r02_s35.A44 fileNameGt=../graphsdb/mcs90/rand/r02/mcs90_r02_s35.B44
Reading graphs...
35 :  218
35 :  214
Initializing...
maxdom : 35
D->valSize : 1225
Solving...
Blb : 2 (clique : 11)
currentSize : 11 <-- 0.029991 s
currentSize : 12 <-- 0.030276 s
currentSize : 13 <-- 0.043769 s
currentSize : 14 <-- 0.471030 s
currentSize : 15 <-- 0.544679 s
currentSize : 17 <-- 100.330093 s
currentSize : 20 <-- 105.589760 s
currentSize : 21 <-- 125.422554 s
currentSize : 24 <-- 128.478424 s
currentSize : 31 <-- 128.478531 s

maxsize : 31
nodes : 33618198.000000
filtered : 455776450.000000
time : 128.595215
