Parameters: GAD=1 vflib=1 dir=0 label=0 lowerbound=1 fileNameGp=../graphsdb/mcs90/bvg/b09m/mcs90_b09m_s35.A64 fileNameGt=../graphsdb/mcs90/bvg/b09m/mcs90_b09m_s35.B64
Reading graphs...
35 :  151
35 :  152
Initializing...
maxdom : 35
D->valSize : 1225
Solving...
Blb : 2 (clique : 12)
currentSize : 12 <-- 0.031954 s
currentSize : 13 <-- 0.032163 s
currentSize : 14 <-- 0.033522 s
currentSize : 15 <-- 0.034321 s
currentSize : 16 <-- 0.325362 s
currentSize : 17 <-- 3.578709 s
currentSize : 18 <-- 11.939296 s
currentSize : 19 <-- 23.968325 s
currentSize : 20 <-- 24.268988 s
currentSize : 21 <-- 24.950964 s
currentSize : 23 <-- 24.998245 s
currentSize : 26 <-- 24.999268 s
currentSize : 28 <-- 24.999853 s
currentSize : 29 <-- 25.478519 s
currentSize : 30 <-- 25.478590 s

maxsize : 30
nodes : 6035805.000000
filtered : 119743007.000000
time : 25.580624
