Parameters: GAD=1 vflib=1 dir=0 label=0 lowerbound=1 fileNameGp=../graphsdb/mcs90/bvg/b09m/mcs90_b09m_s25.A74 fileNameGt=../graphsdb/mcs90/bvg/b09m/mcs90_b09m_s25.B74
Reading graphs...
25 :  109
25 :  109
Initializing...
maxdom : 25
D->valSize : 625
Solving...
Blb : 2 (clique : 11)
currentSize : 11 <-- 0.004662 s
currentSize : 12 <-- 0.020010 s
currentSize : 13 <-- 0.021614 s
currentSize : 14 <-- 0.883013 s
currentSize : 15 <-- 1.039316 s
currentSize : 17 <-- 1.447590 s
currentSize : 19 <-- 1.447606 s
currentSize : 22 <-- 1.447649 s

maxsize : 22
nodes : 409277.000000
filtered : 6024625.000000
time : 1.460438
