Parameters: GAD=1 vflib=1 dir=0 label=0 lowerbound=1 fileNameGp=../graphsdb/mcs90/m2D/m2Dr6/mcs90_m2Dr6_s30.A12 fileNameGt=../graphsdb/mcs90/m2D/m2Dr6/mcs90_m2Dr6_s30.B12
Reading graphs...
30 :  64
30 :  62
Initializing...
maxdom : 30
D->valSize : 900
Solving...
Blb : 2 (clique : 18)
currentSize : 18 <-- 0.010807 s
currentSize : 19 <-- 0.092636 s
currentSize : 21 <-- 0.887805 s
currentSize : 22 <-- 2.910105 s
currentSize : 23 <-- 2.910225 s
currentSize : 25 <-- 2.910248 s

maxsize : 25
nodes : 587249.000000
filtered : 19868358.000000
time : 3.094516
