Parameters: GAD=1 vflib=1 dir=0 label=0 lowerbound=1 fileNameGp=../graphsdb/mcs90/m2D/m2Dr6/mcs90_m2Dr6_s30.A99 fileNameGt=../graphsdb/mcs90/m2D/m2Dr6/mcs90_m2Dr6_s30.B99
Reading graphs...
30 :  67
30 :  66
Initializing...
maxdom : 30
D->valSize : 900
Solving...
Blb : 2 (clique : 15)
currentSize : 15 <-- 0.018789 s
currentSize : 16 <-- 0.027919 s
currentSize : 17 <-- 0.029097 s
currentSize : 18 <-- 0.100025 s
currentSize : 19 <-- 0.191871 s
currentSize : 20 <-- 13.489622 s
currentSize : 21 <-- 13.490117 s
currentSize : 22 <-- 13.490189 s
currentSize : 25 <-- 13.514133 s

maxsize : 25
nodes : 3055721.000000
filtered : 76804009.000000
time : 13.744997
