Parameters: GAD=1 vflib=1 dir=0 label=0 lowerbound=1 fileNameGp=../graphsdb/mcs90/rand/r005/mcs90_r005_s25.A19 fileNameGt=../graphsdb/mcs90/rand/r005/mcs90_r005_s25.B19
Reading graphs...
25 :  29
25 :  29
Initializing...
maxdom : 25
D->valSize : 625
Solving...
Blb : 2 (clique : 17)
currentSize : 17 <-- 0.005731 s
currentSize : 18 <-- 0.005917 s
currentSize : 19 <-- 0.006949 s
currentSize : 20 <-- 0.009065 s
currentSize : 21 <-- 0.064792 s
currentSize : 22 <-- 0.074045 s

maxsize : 22
nodes : 17336.000000
filtered : 421024.000000
time : 0.087645
