Parameters: GAD=1 vflib=1 dir=0 label=0 lowerbound=1 fileNameGp=../graphsdb/mcs90/bvg/b09m/mcs90_b09m_s25.A86 fileNameGt=../graphsdb/mcs90/bvg/b09m/mcs90_b09m_s25.B86
Reading graphs...
25 :  108
25 :  109
Initializing...
maxdom : 25
D->valSize : 625
Solving...
Blb : 2 (clique : 10)
currentSize : 10 <-- 0.008060 s
currentSize : 11 <-- 0.009082 s
currentSize : 12 <-- 0.018129 s
currentSize : 16 <-- 0.041498 s
currentSize : 22 <-- 0.492359 s

maxsize : 22
nodes : 107518.000000
filtered : 2335864.000000
time : 0.501317
