Parameters: GAD=1 vflib=1 dir=0 label=0 lowerbound=1 fileNameGp=../graphsdb/mcs90/rand/r01/mcs90_r01_s30.A93 fileNameGt=../graphsdb/mcs90/rand/r01/mcs90_r01_s30.B93
Reading graphs...
30 :  81
30 :  83
Initializing...
maxdom : 30
D->valSize : 900
Solving...
Blb : 2 (clique : 16)
currentSize : 16 <-- 0.017873 s
currentSize : 17 <-- 0.018587 s
currentSize : 18 <-- 0.018622 s
currentSize : 19 <-- 0.464782 s
currentSize : 23 <-- 0.488851 s
currentSize : 27 <-- 0.492698 s

maxsize : 27
nodes : 116137.000000
filtered : 2201285.000000
time : 0.517548
