Parameters: GAD=1 vflib=1 dir=0 label=0 lowerbound=1 fileNameGp=../graphsdb/mcs90/m2D/m2Dr4/mcs90_m2Dr4_s30.A63 fileNameGt=../graphsdb/mcs90/m2D/m2Dr4/mcs90_m2Dr4_s30.B63
Reading graphs...
30 :  61
30 :  61
Initializing...
maxdom : 30
D->valSize : 900
Solving...
Blb : 2 (clique : 15)
currentSize : 15 <-- 0.011078 s
currentSize : 16 <-- 0.011255 s
currentSize : 17 <-- 0.012230 s
currentSize : 18 <-- 0.017224 s
currentSize : 19 <-- 0.349546 s
currentSize : 20 <-- 0.919253 s
currentSize : 22 <-- 0.919447 s
currentSize : 25 <-- 0.920620 s

maxsize : 25
nodes : 331885.000000
filtered : 6640303.000000
time : 1.337489
