Parameters: GAD=1 vflib=1 dir=0 label=0 lowerbound=1 fileNameGp=../graphsdb/mcs90/rand/r01/mcs90_r01_s35.A46 fileNameGt=../graphsdb/mcs90/rand/r01/mcs90_r01_s35.B46
Reading graphs...
35 :  114
35 :  114
Initializing...
maxdom : 35
D->valSize : 1225
Solving...
Blb : 2 (clique : 14)
currentSize : 14 <-- 0.019724 s
currentSize : 15 <-- 0.019880 s
currentSize : 16 <-- 0.020084 s
currentSize : 17 <-- 0.020261 s
currentSize : 18 <-- 0.022297 s
currentSize : 19 <-- 0.812088 s
currentSize : 20 <-- 2.995391 s
currentSize : 22 <-- 117.927597 s
currentSize : 23 <-- 117.970688 s
currentSize : 24 <-- 118.132385 s
currentSize : 31 <-- 118.132484 s

maxsize : 31
nodes : 24727937.000000
filtered : 600832914.000000
time : 118.202461
