Parameters: GAD=1 vflib=1 dir=0 label=0 lowerbound=1 fileNameGp=../graphsdb/mcs90/rand/r005/mcs90_r005_s20.A01 fileNameGt=../graphsdb/mcs90/rand/r005/mcs90_r005_s20.B01
Reading graphs...
20 :  21
20 :  21
Initializing...
maxdom : 20
D->valSize : 400
Solving...
Blb : 2 (clique : 14)
currentSize : 14 <-- 0.002585 s
currentSize : 15 <-- 0.006470 s
currentSize : 16 <-- 0.021220 s
currentSize : 17 <-- 0.024950 s
currentSize : 18 <-- 0.041007 s

maxsize : 18
nodes : 12482.000000
filtered : 230570.000000
time : 0.041733
