Parameters: GAD=1 vflib=1 dir=0 label=0 lowerbound=1 fileNameGp=../graphsdb/mcs90/bvg/b06m/mcs90_b06m_s35.A32 fileNameGt=../graphsdb/mcs90/bvg/b06m/mcs90_b06m_s35.B32
Reading graphs...
35 :  104
35 :  104
Initializing...
maxdom : 35
D->valSize : 1225
Solving...
Blb : 2 (clique : 15)
currentSize : 15 <-- 0.034533 s
currentSize : 17 <-- 0.034783 s
currentSize : 18 <-- 0.034866 s
currentSize : 19 <-- 0.035209 s
currentSize : 20 <-- 0.042241 s
currentSize : 21 <-- 0.044074 s
currentSize : 22 <-- 0.144455 s
currentSize : 23 <-- 1.510159 s
currentSize : 25 <-- 2.922242 s
currentSize : 26 <-- 3.137587 s
currentSize : 28 <-- 3.137785 s
currentSize : 29 <-- 3.140313 s
currentSize : 30 <-- 3.274834 s
currentSize : 31 <-- 3.325993 s

maxsize : 31
nodes : 521204.000000
filtered : 23208001.000000
time : 3.365154
