Parameters: GAD=1 vflib=1 dir=0 label=0 lowerbound=1 fileNameGp=../graphsdb/mcs90/rand/r02/mcs90_r02_s35.A58 fileNameGt=../graphsdb/mcs90/rand/r02/mcs90_r02_s35.B58
Reading graphs...
35 :  212
35 :  214
Initializing...
maxdom : 35
D->valSize : 1225
Solving...
Blb : 2 (clique : 11)
currentSize : 11 <-- 0.017969 s
currentSize : 12 <-- 0.018173 s
currentSize : 13 <-- 0.021822 s
currentSize : 14 <-- 0.086192 s
currentSize : 15 <-- 5.406334 s
currentSize : 16 <-- 12.536632 s
currentSize : 17 <-- 12.551914 s
currentSize : 20 <-- 12.551957 s
currentSize : 23 <-- 35.912807 s
currentSize : 31 <-- 36.429871 s

maxsize : 31
nodes : 8173050.000000
filtered : 163405777.000000
time : 36.503628
