Parameters: GAD=1 vflib=1 dir=0 label=0 lowerbound=1 fileNameGp=../graphsdb/mcs90/bvg/b03/mcs90_b03_s25.A83 fileNameGt=../graphsdb/mcs90/bvg/b03/mcs90_b03_s25.B83
Reading graphs...
25 :  37
25 :  37
Initializing...
maxdom : 25
D->valSize : 625
Solving...
Blb : 2 (clique : 18)
currentSize : 18 <-- 0.009505 s
currentSize : 19 <-- 0.009683 s
currentSize : 20 <-- 0.025054 s
currentSize : 21 <-- 0.025811 s
currentSize : 22 <-- 0.027682 s
currentSize : 23 <-- 0.033729 s

maxsize : 23
nodes : 5453.000000
filtered : 128998.000000
time : 0.044756
