Parameters: GAD=1 vflib=1 dir=0 label=0 lowerbound=1 fileNameGp=../graphsdb/mcs90/bvg/b06/mcs90_b06_s20.A40 fileNameGt=../graphsdb/mcs90/bvg/b06/mcs90_b06_s20.B40
Reading graphs...
20 :  60
20 :  60
Initializing...
maxdom : 20
D->valSize : 400
Solving...
Blb : 3 (clique : 12)
currentSize : 12 <-- 0.002253 s
currentSize : 14 <-- 0.002317 s
currentSize : 15 <-- 0.002332 s
currentSize : 17 <-- 0.002426 s
currentSize : 18 <-- 0.003783 s

maxsize : 18
nodes : 511.000000
filtered : 20794.000000
time : 0.004490
