Parameters: GAD=1 vflib=1 dir=0 label=0 lowerbound=1 fileNameGp=../graphsdb/mcs90/rand/r02/mcs90_r02_s35.A86 fileNameGt=../graphsdb/mcs90/rand/r02/mcs90_r02_s35.B86
Reading graphs...
35 :  215
35 :  211
Initializing...
maxdom : 35
D->valSize : 1225
Solving...
Blb : 3 (clique : 12)
currentSize : 12 <-- 0.017352 s
currentSize : 13 <-- 0.017571 s
currentSize : 14 <-- 0.042159 s
currentSize : 15 <-- 0.565770 s
currentSize : 17 <-- 15.688209 s
currentSize : 18 <-- 20.369261 s
currentSize : 19 <-- 58.688938 s
currentSize : 20 <-- 85.052711 s
currentSize : 23 <-- 154.966095 s
currentSize : 24 <-- 157.366150 s
currentSize : 31 <-- 157.448837 s

maxsize : 31
nodes : 35390022.000000
filtered : 723013098.000000
time : 157.478165
