Parameters: GAD=1 vflib=1 dir=0 label=0 lowerbound=1 fileNameGp=../graphsdb/mcs90/bvg/b06/mcs90_b06_s30.A40 fileNameGt=../graphsdb/mcs90/bvg/b06/mcs90_b06_s30.B40
Reading graphs...
30 :  90
30 :  90
Initializing...
maxdom : 30
D->valSize : 900
Solving...
Blb : 2 (clique : 17)
currentSize : 17 <-- 0.010306 s
currentSize : 18 <-- 0.010435 s
currentSize : 19 <-- 0.010451 s
currentSize : 20 <-- 0.010995 s
currentSize : 21 <-- 0.011266 s
currentSize : 23 <-- 0.015990 s
currentSize : 24 <-- 0.021076 s
currentSize : 25 <-- 0.021124 s
currentSize : 27 <-- 0.024561 s

maxsize : 27
nodes : 15461.000000
filtered : 474396.000000
time : 0.092979
