Parameters: GAD=1 vflib=1 dir=0 label=0 lowerbound=1 fileNameGp=../graphsdb/mcs90/bvg/b03/mcs90_b03_s35.A71 fileNameGt=../graphsdb/mcs90/bvg/b03/mcs90_b03_s35.B71
Reading graphs...
35 :  52
35 :  52
Initializing...
maxdom : 35
D->valSize : 1225
Solving...
Blb : 2 (clique : 24)
currentSize : 24 <-- 0.021522 s
currentSize : 25 <-- 0.021718 s
currentSize : 27 <-- 0.021726 s
currentSize : 28 <-- 0.021757 s
currentSize : 29 <-- 0.035275 s
currentSize : 30 <-- 0.047071 s
currentSize : 31 <-- 0.047101 s

maxsize : 31
nodes : 93813.000000
filtered : 3160296.000000
time : 0.629338
