Parameters: GAD=1 vflib=1 dir=0 label=0 lowerbound=1 fileNameGp=../graphsdb/mcs90/bvg/b06m/mcs90_b06m_s30.A01 fileNameGt=../graphsdb/mcs90/bvg/b06m/mcs90_b06m_s30.B01
Reading graphs...
30 :  88
30 :  88
Initializing...
maxdom : 30
D->valSize : 900
Solving...
Blb : 2 (clique : 15)
currentSize : 15 <-- 0.010502 s
currentSize : 16 <-- 0.028096 s
currentSize : 17 <-- 0.037587 s
currentSize : 18 <-- 0.052698 s
currentSize : 19 <-- 0.053102 s
currentSize : 20 <-- 2.553583 s
currentSize : 21 <-- 2.560339 s
currentSize : 22 <-- 2.935210 s
currentSize : 24 <-- 3.248155 s
currentSize : 25 <-- 3.248887 s
currentSize : 27 <-- 3.248999 s

maxsize : 27
nodes : 599028.000000
filtered : 21738480.000000
time : 3.267336
