Parameters: GAD=1 vflib=1 dir=0 label=0 lowerbound=1 fileNameGp=../graphsdb/mcs90/rand/r005/mcs90_r005_s35.A20 fileNameGt=../graphsdb/mcs90/rand/r005/mcs90_r005_s35.B20
Reading graphs...
35 :  55
35 :  55
Initializing...
maxdom : 35
D->valSize : 1225
Solving...
Blb : 2 (clique : 19)
currentSize : 19 <-- 0.025397 s
currentSize : 22 <-- 0.025560 s
currentSize : 23 <-- 0.025677 s
currentSize : 24 <-- 0.026810 s
currentSize : 25 <-- 0.027136 s
currentSize : 26 <-- 0.071283 s
currentSize : 27 <-- 0.229302 s
currentSize : 28 <-- 9.398608 s
currentSize : 29 <-- 9.451398 s
currentSize : 30 <-- 9.455722 s
currentSize : 31 <-- 9.459454 s

maxsize : 31
nodes : 1292804.000000
filtered : 66766626.000000
time : 9.593483
