Parameters: GAD=1 vflib=1 dir=0 label=0 lowerbound=1 fileNameGp=../graphsdb/mcs90/bvg/b03m/mcs90_b03m_s30.A43 fileNameGt=../graphsdb/mcs90/bvg/b03m/mcs90_b03m_s30.B43
Reading graphs...
30 :  44
30 :  43
Initializing...
maxdom : 30
D->valSize : 900
Solving...
Blb : 2 (clique : 19)
currentSize : 19 <-- 0.011439 s
currentSize : 20 <-- 0.011670 s
currentSize : 21 <-- 0.012006 s
currentSize : 22 <-- 0.019443 s
currentSize : 23 <-- 1.077389 s
currentSize : 24 <-- 3.220546 s
currentSize : 26 <-- 3.342304 s

maxsize : 26
nodes : 660899.000000
filtered : 21221285.000000
time : 3.513379
