Parameters: GAD=1 vflib=1 dir=0 label=0 lowerbound=1 fileNameGp=../graphsdb/mcs90/bvg/b03/mcs90_b03_s25.A44 fileNameGt=../graphsdb/mcs90/bvg/b03/mcs90_b03_s25.B44
Reading graphs...
25 :  37
25 :  37
Initializing...
maxdom : 25
D->valSize : 625
Solving...
Blb : 2 (clique : 17)
currentSize : 17 <-- 0.010180 s
currentSize : 18 <-- 0.010392 s
currentSize : 19 <-- 0.010564 s
currentSize : 20 <-- 0.010634 s
currentSize : 21 <-- 0.010785 s
currentSize : 22 <-- 0.012598 s
currentSize : 23 <-- 0.013123 s

maxsize : 23
nodes : 1768.000000
filtered : 47699.000000
time : 0.017953
