Parameters: GAD=1 vflib=1 dir=0 label=0 lowerbound=1 fileNameGp=../graphsdb/mcs90/bvg/b06m/mcs90_b06m_s30.A38 fileNameGt=../graphsdb/mcs90/bvg/b06m/mcs90_b06m_s30.B38
Reading graphs...
30 :  88
30 :  88
Initializing...
maxdom : 30
D->valSize : 900
Solving...
Blb : 2 (clique : 14)
currentSize : 14 <-- 0.010332 s
currentSize : 15 <-- 0.010819 s
currentSize : 16 <-- 0.014674 s
currentSize : 17 <-- 0.136294 s
currentSize : 18 <-- 0.950228 s
currentSize : 19 <-- 1.946431 s
currentSize : 21 <-- 3.346603 s
currentSize : 22 <-- 5.625497 s
currentSize : 23 <-- 5.636897 s
currentSize : 27 <-- 5.642207 s

maxsize : 27
nodes : 1016429.000000
filtered : 39298364.000000
time : 5.657971
