Parameters: GAD=1 vflib=1 dir=0 label=0 lowerbound=1 fileNameGp=../graphsdb/mcs90/bvg/b06/mcs90_b06_s35.A27 fileNameGt=../graphsdb/mcs90/bvg/b06/mcs90_b06_s35.B27
Reading graphs...
35 :  105
35 :  105
Initializing...
maxdom : 35
D->valSize : 1225
Solving...
Blb : 2 (clique : 22)
currentSize : 22 <-- 0.019601 s
currentSize : 23 <-- 0.021064 s
currentSize : 24 <-- 0.021716 s
currentSize : 25 <-- 0.022760 s
currentSize : 26 <-- 0.032396 s
currentSize : 27 <-- 0.038586 s
currentSize : 28 <-- 0.038755 s
currentSize : 30 <-- 0.039575 s
currentSize : 31 <-- 0.045094 s
currentSize : 32 <-- 0.095694 s

maxsize : 32
nodes : 13184.000000
filtered : 552917.000000
time : 0.110240
