Parameters: GAD=1 vflib=1 dir=0 label=0 lowerbound=1 fileNameGp=../graphsdb/mcs90/bvg/b09m/mcs90_b09m_s25.A40 fileNameGt=../graphsdb/mcs90/bvg/b09m/mcs90_b09m_s25.B40
Reading graphs...
25 :  109
25 :  109
Initializing...
maxdom : 25
D->valSize : 625
Solving...
Blb : 2 (clique : 11)
currentSize : 11 <-- 0.004692 s
currentSize : 12 <-- 0.004769 s
currentSize : 14 <-- 0.006075 s
currentSize : 15 <-- 0.006115 s
currentSize : 16 <-- 0.011826 s
currentSize : 19 <-- 0.013136 s
currentSize : 22 <-- 0.013231 s

maxsize : 22
nodes : 5375.000000
filtered : 255922.000000
time : 0.035450
