Parameters: GAD=1 vflib=1 dir=0 label=0 lowerbound=1 fileNameGp=../graphsdb/mcs90/rand/r01/mcs90_r01_s25.A68 fileNameGt=../graphsdb/mcs90/rand/r01/mcs90_r01_s25.B68
Reading graphs...
25 :  57
25 :  57
Initializing...
maxdom : 25
D->valSize : 625
Solving...
Blb : 2 (clique : 13)
currentSize : 13 <-- 0.005248 s
currentSize : 14 <-- 0.006569 s
currentSize : 15 <-- 0.007318 s
currentSize : 16 <-- 0.014096 s
currentSize : 17 <-- 0.017681 s
currentSize : 19 <-- 0.019244 s
currentSize : 22 <-- 0.019298 s

maxsize : 22
nodes : 5770.000000
filtered : 127935.000000
time : 0.027651
