Parameters: GAD=1 vflib=1 dir=0 label=0 lowerbound=1 fileNameGp=../graphsdb/mcs90/bvg/b09/mcs90_b09_s25.A75 fileNameGt=../graphsdb/mcs90/bvg/b09/mcs90_b09_s25.B75
Reading graphs...
25 :  111
25 :  109
Initializing...
maxdom : 25
D->valSize : 625
Solving...
Blb : 2 (clique : 10)
currentSize : 10 <-- 0.004651 s
currentSize : 11 <-- 0.004749 s
currentSize : 12 <-- 0.004791 s
currentSize : 13 <-- 0.005041 s
currentSize : 18 <-- 0.012387 s
currentSize : 22 <-- 0.014619 s

maxsize : 22
nodes : 8338.000000
filtered : 316458.000000
time : 0.045783
