Parameters: GAD=1 vflib=1 dir=0 label=0 lowerbound=1 fileNameGp=../graphsdb/mcs90/bvg/b06m/mcs90_b06m_s35.A67 fileNameGt=../graphsdb/mcs90/bvg/b06m/mcs90_b06m_s35.B67
Reading graphs...
35 :  105
35 :  105
Initializing...
maxdom : 35
D->valSize : 1225
Solving...
Blb : 3 (clique : 16)
currentSize : 16 <-- 0.019546 s
currentSize : 17 <-- 0.019706 s
currentSize : 18 <-- 0.020737 s
currentSize : 19 <-- 0.023875 s
currentSize : 20 <-- 0.118649 s
currentSize : 21 <-- 0.121537 s
currentSize : 22 <-- 10.362587 s
currentSize : 23 <-- 10.383942 s
currentSize : 24 <-- 15.186233 s
currentSize : 25 <-- 37.434643 s
currentSize : 26 <-- 40.709530 s
currentSize : 27 <-- 41.537102 s
currentSize : 29 <-- 41.542889 s
currentSize : 31 <-- 41.568527 s

maxsize : 31
nodes : 6207879.000000
filtered : 299593014.000000
time : 41.621033
