Parameters: GAD=1 vflib=1 dir=0 label=0 lowerbound=1 fileNameGp=../graphsdb/mcs90/bvg/b03m/mcs90_b03m_s35.A46 fileNameGt=../graphsdb/mcs90/bvg/b03m/mcs90_b03m_s35.B46
Reading graphs...
35 :  52
35 :  52
Initializing...
maxdom : 35
D->valSize : 1225
Solving...
Blb : 2 (clique : 24)
currentSize : 24 <-- 0.021372 s
currentSize : 25 <-- 0.027356 s
currentSize : 26 <-- 6.815120 s
currentSize : 27 <-- 85.226570 s
currentSize : 28 <-- 92.807831 s
currentSize : 29 <-- 92.807915 s
currentSize : 30 <-- 93.907608 s
currentSize : 31 <-- 94.073685 s
currentSize : 32 <-- 94.073730 s

maxsize : 32
nodes : 16043612.000000
filtered : 588907876.000000
time : 94.204498
