Parameters: GAD=1 vflib=1 dir=0 label=0 lowerbound=1 fileNameGp=../graphsdb/mcs90/rand/r005/mcs90_r005_s30.A74 fileNameGt=../graphsdb/mcs90/rand/r005/mcs90_r005_s30.B74
Reading graphs...
30 :  42
30 :  42
Initializing...
maxdom : 30
D->valSize : 900
Solving...
Blb : 2 (clique : 20)
currentSize : 20 <-- 0.011578 s
currentSize : 21 <-- 0.011863 s
currentSize : 22 <-- 0.012733 s
currentSize : 23 <-- 0.079684 s
currentSize : 24 <-- 0.213129 s
currentSize : 25 <-- 0.462706 s
currentSize : 26 <-- 1.289757 s
currentSize : 27 <-- 1.452836 s

maxsize : 27
nodes : 207401.000000
filtered : 9029920.000000
time : 1.461615
