Parameters: GAD=1 vflib=1 dir=0 label=0 lowerbound=1 fileNameGp=../graphsdb/mcs90/bvg/b06m/mcs90_b06m_s15.A08 fileNameGt=../graphsdb/mcs90/bvg/b06m/mcs90_b06m_s15.B08
Reading graphs...
15 :  44
15 :  44
Initializing...
maxdom : 15
D->valSize : 225
Solving...
Blb : 2 (clique : 8)
currentSize : 8 <-- 0.000887 s
currentSize : 9 <-- 0.000923 s
currentSize : 10 <-- 0.001199 s
currentSize : 11 <-- 0.001238 s
currentSize : 13 <-- 0.001253 s

maxsize : 13
nodes : 307.000000
filtered : 7047.000000
time : 0.001773
