Parameters: GAD=1 vflib=1 dir=0 label=0 lowerbound=1 fileNameGp=../graphsdb/mcs90/m3D/m3D/mcs90_m3D_s30.A77 fileNameGt=../graphsdb/mcs90/m3D/m3D/mcs90_m3D_s30.B77
Reading graphs...
30 :  61
30 :  60
Initializing...
maxdom : 30
D->valSize : 900
Solving...
Blb : 2 (clique : 19)
currentSize : 19 <-- 0.019314 s
currentSize : 20 <-- 0.052586 s
currentSize : 21 <-- 0.128100 s
currentSize : 22 <-- 0.884838 s
currentSize : 23 <-- 1.076327 s
currentSize : 24 <-- 1.253056 s
currentSize : 26 <-- 2.682648 s
currentSize : 27 <-- 2.701625 s
currentSize : 28 <-- 2.703585 s

maxsize : 28
nodes : 587993.000000
filtered : 15144705.000000
time : 2.706742
