Parameters: GAD=1 vflib=1 dir=0 label=0 lowerbound=1 fileNameGp=../graphsdb/mcs90/bvg/b09/mcs90_b09_s30.A79 fileNameGt=../graphsdb/mcs90/bvg/b09/mcs90_b09_s30.B79
Reading graphs...
30 :  134
30 :  135
Initializing...
maxdom : 30
D->valSize : 900
Solving...
Blb : 5 (clique : 14)
currentSize : 14 <-- 0.016918 s
currentSize : 15 <-- 0.018668 s
currentSize : 16 <-- 0.043306 s
currentSize : 17 <-- 0.046891 s
currentSize : 19 <-- 0.047622 s
currentSize : 20 <-- 0.047782 s
currentSize : 22 <-- 0.047904 s
currentSize : 26 <-- 0.060627 s

maxsize : 26
nodes : 23509.000000
filtered : 1149962.000000
time : 0.196616
