Parameters: GAD=1 vflib=1 dir=0 label=0 lowerbound=1 fileNameGp=../graphsdb/mcs90/bvg/b09m/mcs90_b09m_s15.A64 fileNameGt=../graphsdb/mcs90/bvg/b09m/mcs90_b09m_s15.B64
Reading graphs...
15 :  59
15 :  59
Initializing...
maxdom : 15
D->valSize : 225
Solving...
Blb : 5 (clique : 8)
currentSize : 8 <-- 0.000967 s
currentSize : 9 <-- 0.001015 s
currentSize : 10 <-- 0.004938 s
currentSize : 11 <-- 0.004962 s
currentSize : 12 <-- 0.004995 s

maxsize : 12
nodes : 2169.000000
filtered : 31519.000000
time : 0.006741
