Parameters: GAD=1 vflib=1 dir=0 label=0 lowerbound=1 fileNameGp=../graphsdb/mcs90/bvg/b06m/mcs90_b06m_s20.A12 fileNameGt=../graphsdb/mcs90/bvg/b06m/mcs90_b06m_s20.B12
Reading graphs...
20 :  59
20 :  59
Initializing...
maxdom : 20
D->valSize : 400
Solving...
Blb : 3 (clique : 11)
currentSize : 11 <-- 0.002179 s
currentSize : 12 <-- 0.002832 s
currentSize : 13 <-- 0.027286 s
currentSize : 14 <-- 0.032456 s
currentSize : 15 <-- 0.044008 s
currentSize : 17 <-- 0.053246 s
currentSize : 18 <-- 0.053495 s

maxsize : 18
nodes : 16279.000000
filtered : 279246.000000
time : 0.054003
