Parameters: GAD=1 vflib=1 dir=0 label=0 lowerbound=1 fileNameGp=../graphsdb/mcs90/m2D/m2Dr6/mcs90_m2Dr6_s30.A77 fileNameGt=../graphsdb/mcs90/m2D/m2Dr6/mcs90_m2Dr6_s30.B77
Reading graphs...
30 :  66
30 :  66
Initializing...
maxdom : 30
D->valSize : 900
Solving...
Blb : 2 (clique : 15)
currentSize : 15 <-- 0.010843 s
currentSize : 16 <-- 0.010984 s
currentSize : 17 <-- 0.011415 s
currentSize : 18 <-- 0.016266 s
currentSize : 19 <-- 0.396292 s
currentSize : 20 <-- 0.399522 s
currentSize : 21 <-- 7.095118 s
currentSize : 22 <-- 14.247367 s
currentSize : 23 <-- 14.263921 s
currentSize : 24 <-- 14.319554 s
currentSize : 25 <-- 14.319603 s

maxsize : 25
nodes : 2901998.000000
filtered : 88558796.000000
time : 14.528317
