Parameters: GAD=1 vflib=1 dir=0 label=0 lowerbound=1 fileNameGp=../graphsdb/mcs90/m4D/m4Dr4/mcs90_m4Dr4_s20.A64 fileNameGt=../graphsdb/mcs90/m4D/m4Dr4/mcs90_m4Dr4_s20.B64
Reading graphs...
20 :  43
20 :  44
Initializing...
maxdom : 20
D->valSize : 400
Solving...
Blb : 2 (clique : 11)
currentSize : 11 <-- 0.002206 s
currentSize : 12 <-- 0.002296 s
currentSize : 13 <-- 0.002452 s
currentSize : 14 <-- 0.005407 s
currentSize : 15 <-- 0.022133 s
currentSize : 16 <-- 0.022371 s

maxsize : 16
nodes : 8424.000000
filtered : 162119.000000
time : 0.033480
