Parameters: GAD=1 vflib=1 dir=0 label=0 lowerbound=1 fileNameGp=../graphsdb/mcs90/m2D/m2D/mcs90_m2D_s30.A26 fileNameGt=../graphsdb/mcs90/m2D/m2D/mcs90_m2D_s30.B26
Reading graphs...
30 :  48
30 :  49
Initializing...
maxdom : 30
D->valSize : 900
Solving...
Blb : 2 (clique : 19)
currentSize : 19 <-- 0.011332 s
currentSize : 20 <-- 0.011645 s
currentSize : 21 <-- 0.018283 s
currentSize : 22 <-- 0.022828 s
currentSize : 23 <-- 0.100906 s
currentSize : 25 <-- 7.569099 s
currentSize : 26 <-- 7.570583 s

maxsize : 26
nodes : 1516741.000000
filtered : 46087563.000000
time : 7.725549
