Parameters: GAD=1 vflib=1 dir=0 label=0 lowerbound=1 fileNameGp=../graphsdb/mcs90/rand/r005/mcs90_r005_s35.A98 fileNameGt=../graphsdb/mcs90/rand/r005/mcs90_r005_s35.B98
Reading graphs...
35 :  57
35 :  56
Initializing...
maxdom : 35
D->valSize : 1225
Solving...
Blb : 2 (clique : 21)
currentSize : 21 <-- 0.036976 s
currentSize : 22 <-- 0.037334 s
currentSize : 23 <-- 0.292913 s
currentSize : 24 <-- 0.293823 s
currentSize : 25 <-- 0.296873 s
currentSize : 26 <-- 0.879889 s
currentSize : 27 <-- 1.558874 s
currentSize : 31 <-- 1.560961 s

maxsize : 31
nodes : 233314.000000
filtered : 10216478.000000
time : 1.779508
