Parameters: GAD=1 vflib=1 dir=0 label=0 lowerbound=1 fileNameGp=../graphsdb/mcs90/bvg/b03/mcs90_b03_s30.A06 fileNameGt=../graphsdb/mcs90/bvg/b03/mcs90_b03_s30.B06
Reading graphs...
30 :  45
30 :  45
Initializing...
maxdom : 30
D->valSize : 900
Solving...
Blb : 2 (clique : 19)
currentSize : 19 <-- 0.019840 s
currentSize : 21 <-- 0.020071 s
currentSize : 22 <-- 0.020119 s
currentSize : 23 <-- 0.021105 s
currentSize : 24 <-- 0.021790 s
currentSize : 25 <-- 0.043878 s
currentSize : 26 <-- 0.048030 s
currentSize : 27 <-- 0.089971 s

maxsize : 27
nodes : 18347.000000
filtered : 604288.000000
time : 0.154036
