Parameters: GAD=1 vflib=1 dir=0 label=0 lowerbound=1 fileNameGp=../graphsdb/mcs90/rand/r005/mcs90_r005_s25.A22 fileNameGt=../graphsdb/mcs90/rand/r005/mcs90_r005_s25.B22
Reading graphs...
25 :  29
25 :  28
Initializing...
maxdom : 25
D->valSize : 625
Solving...
Blb : 2 (clique : 17)
currentSize : 17 <-- 0.005708 s
currentSize : 18 <-- 0.194123 s
currentSize : 19 <-- 0.224026 s
currentSize : 20 <-- 2.194729 s
currentSize : 21 <-- 2.200649 s
currentSize : 22 <-- 2.263545 s

maxsize : 22
nodes : 698400.000000
filtered : 14953889.000000
time : 2.280561
