Parameters: GAD=1 vflib=1 dir=0 label=0 lowerbound=1 fileNameGp=../graphsdb/mcs90/m4D/m4Dr6/mcs90_m4Dr6_s20.A24 fileNameGt=../graphsdb/mcs90/m4D/m4Dr6/mcs90_m4Dr6_s20.B24
Reading graphs...
20 :  46
20 :  44
Initializing...
maxdom : 20
D->valSize : 400
Solving...
Blb : 3 (clique : 13)
currentSize : 13 <-- 0.002340 s
currentSize : 14 <-- 0.025331 s
currentSize : 15 <-- 0.025379 s
currentSize : 16 <-- 0.025722 s
currentSize : 17 <-- 0.032877 s

maxsize : 17
nodes : 11122.000000
filtered : 185130.000000
time : 0.036520
