Parameters: GAD=1 vflib=1 dir=0 label=0 lowerbound=1 fileNameGp=../graphsdb/mcs90/bvg/b09/mcs90_b09_s35.A72 fileNameGt=../graphsdb/mcs90/bvg/b09/mcs90_b09_s35.B72
Reading graphs...
35 :  157
35 :  157
Initializing...
maxdom : 35
D->valSize : 1225
Solving...
Blb : 2 (clique : 14)
currentSize : 14 <-- 0.018317 s
currentSize : 19 <-- 0.018459 s
currentSize : 21 <-- 0.019200 s
currentSize : 22 <-- 0.035921 s
currentSize : 23 <-- 0.050651 s
currentSize : 24 <-- 0.050687 s
currentSize : 26 <-- 0.050744 s
currentSize : 29 <-- 0.089295 s
currentSize : 30 <-- 0.089375 s

maxsize : 30
nodes : 89311.000000
filtered : 5465588.000000
time : 0.708168
