Parameters: GAD=1 vflib=1 dir=0 label=0 lowerbound=1 fileNameGp=../graphsdb/mcs90/rand/r01/mcs90_r01_s35.A92 fileNameGt=../graphsdb/mcs90/rand/r01/mcs90_r01_s35.B92
Reading graphs...
35 :  113
35 :  113
Initializing...
maxdom : 35
D->valSize : 1225
Solving...
Blb : 3 (clique : 17)
currentSize : 17 <-- 0.020313 s
currentSize : 18 <-- 0.463301 s
currentSize : 19 <-- 6.070422 s
currentSize : 20 <-- 158.066650 s
currentSize : 21 <-- 188.280548 s
currentSize : 22 <-- 201.819839 s
currentSize : 24 <-- 202.017776 s
currentSize : 31 <-- 202.154068 s

maxsize : 31
nodes : 45974211.000000
filtered : 920542831.000000
time : 202.223541
