Parameters: GAD=1 vflib=1 dir=0 label=0 lowerbound=1 fileNameGp=../graphsdb/mcs90/bvg/b09m/mcs90_b09m_s30.A47 fileNameGt=../graphsdb/mcs90/bvg/b09m/mcs90_b09m_s30.B47
Reading graphs...
30 :  132
30 :  129
Initializing...
maxdom : 30
D->valSize : 900
Solving...
Blb : 3 (clique : 12)
currentSize : 12 <-- 0.009857 s
currentSize : 13 <-- 0.014098 s
currentSize : 14 <-- 0.044493 s
currentSize : 15 <-- 0.987580 s
currentSize : 16 <-- 6.595854 s
currentSize : 19 <-- 12.354899 s
currentSize : 26 <-- 13.086117 s

maxsize : 26
nodes : 3483520.000000
filtered : 58754540.000000
time : 13.142014
