Parameters: GAD=1 vflib=1 dir=0 label=0 lowerbound=1 fileNameGp=../graphsdb/mcs90/bvg/b06/mcs90_b06_s35.A67 fileNameGt=../graphsdb/mcs90/bvg/b06/mcs90_b06_s35.B67
Reading graphs...
35 :  105
35 :  105
Initializing...
maxdom : 35
D->valSize : 1225
Solving...
Blb : 2 (clique : 20)
currentSize : 20 <-- 0.019408 s
currentSize : 21 <-- 0.020109 s
currentSize : 22 <-- 0.020164 s
currentSize : 23 <-- 0.020810 s
currentSize : 26 <-- 0.040539 s
currentSize : 27 <-- 0.047351 s
currentSize : 29 <-- 0.060613 s
currentSize : 31 <-- 0.067172 s
currentSize : 32 <-- 0.093089 s

maxsize : 32
nodes : 27102.000000
filtered : 908289.000000
time : 0.175429
