Parameters: GAD=1 vflib=1 dir=0 label=0 lowerbound=1 fileNameGp=../graphsdb/mcs90/rand/r02/mcs90_r02_s30.A46 fileNameGt=../graphsdb/mcs90/rand/r02/mcs90_r02_s30.B46
Reading graphs...
30 :  153
30 :  154
Initializing...
maxdom : 30
D->valSize : 900
Solving...
Blb : 2 (clique : 10)
currentSize : 10 <-- 0.009376 s
currentSize : 11 <-- 0.009460 s
currentSize : 12 <-- 0.009515 s
currentSize : 14 <-- 0.013405 s
currentSize : 15 <-- 0.074406 s
currentSize : 16 <-- 0.075038 s
currentSize : 27 <-- 0.131722 s

maxsize : 27
nodes : 41160.000000
filtered : 601235.000000
time : 0.156636
