Parameters: GAD=1 vflib=1 dir=0 label=0 lowerbound=1 fileNameGp=../graphsdb/mcs90/m2D/m2D/mcs90_m2D_s20.A64 fileNameGt=../graphsdb/mcs90/m2D/m2D/mcs90_m2D_s20.B64
Reading graphs...
20 :  31
20 :  30
Initializing...
maxdom : 20
D->valSize : 400
Solving...
Blb : 2 (clique : 12)
currentSize : 12 <-- 0.002395 s
currentSize : 13 <-- 0.002462 s
currentSize : 14 <-- 0.002845 s
currentSize : 15 <-- 0.058091 s
currentSize : 16 <-- 0.059358 s

maxsize : 16
nodes : 32652.000000
filtered : 608682.000000
time : 0.110042
