Parameters: GAD=1 vflib=1 dir=0 label=0 lowerbound=1 fileNameGp=../graphsdb/mcs90/rand/r01/mcs90_r01_s20.A94 fileNameGt=../graphsdb/mcs90/rand/r01/mcs90_r01_s20.B94
Reading graphs...
20 :  34
20 :  34
Initializing...
maxdom : 20
D->valSize : 400
Solving...
Blb : 2 (clique : 11)
currentSize : 11 <-- 0.004016 s
currentSize : 12 <-- 0.004104 s
currentSize : 13 <-- 0.004136 s
currentSize : 14 <-- 0.004416 s
currentSize : 15 <-- 0.005133 s
currentSize : 18 <-- 0.117303 s

maxsize : 18
nodes : 19912.000000
filtered : 486661.000000
time : 0.118742
