Parameters: GAD=1 vflib=1 dir=0 label=0 lowerbound=1 fileNameGp=../graphsdb/mcs90/m2D/m2Dr2/mcs90_m2Dr2_s30.A69 fileNameGt=../graphsdb/mcs90/m2D/m2Dr2/mcs90_m2Dr2_s30.B69
Reading graphs...
30 :  55
30 :  55
Initializing...
maxdom : 30
D->valSize : 900
Solving...
Blb : 2 (clique : 18)
currentSize : 18 <-- 0.011170 s
currentSize : 19 <-- 0.011311 s
currentSize : 20 <-- 0.011537 s
currentSize : 21 <-- 0.120011 s
currentSize : 22 <-- 39.909538 s
currentSize : 25 <-- 39.909584 s

maxsize : 25
nodes : 8367216.000000
filtered : 242960537.000000
time : 40.378620
