Parameters: GAD=1 vflib=1 dir=0 label=0 lowerbound=1 fileNameGp=../graphsdb/mcs90/bvg/b09m/mcs90_b09m_s15.A50 fileNameGt=../graphsdb/mcs90/bvg/b09m/mcs90_b09m_s15.B50
Reading graphs...
15 :  58
15 :  56
Initializing...
maxdom : 15
D->valSize : 225
Solving...
Blb : 2 (clique : 7)
currentSize : 7 <-- 0.000969 s
currentSize : 8 <-- 0.001005 s
currentSize : 9 <-- 0.001180 s
currentSize : 10 <-- 0.006262 s
currentSize : 12 <-- 0.008693 s

maxsize : 12
nodes : 3726.000000
filtered : 49898.000000
time : 0.010853
