Parameters: GAD=1 vflib=1 dir=0 label=0 lowerbound=1 fileNameGp=../graphsdb/mcs90/rand/r02/mcs90_r02_s15.A49 fileNameGt=../graphsdb/mcs90/rand/r02/mcs90_r02_s15.B49
Reading graphs...
15 :  39
15 :  39
Initializing...
maxdom : 15
D->valSize : 225
Solving...
Blb : 2 (clique : 7)
currentSize : 7 <-- 0.000958 s
currentSize : 8 <-- 0.001014 s
currentSize : 9 <-- 0.001040 s
currentSize : 10 <-- 0.001075 s
currentSize : 12 <-- 0.004160 s
currentSize : 13 <-- 0.004250 s

maxsize : 13
nodes : 1481.000000
filtered : 21173.000000
time : 0.004918
