Parameters: GAD=1 vflib=1 dir=0 label=0 lowerbound=1 fileNameGp=../graphsdb/mcs90/bvg/b09/mcs90_b09_s35.A95 fileNameGt=../graphsdb/mcs90/bvg/b09/mcs90_b09_s35.B95
Reading graphs...
35 :  157
35 :  157
Initializing...
maxdom : 35
D->valSize : 1225
Solving...
Blb : 2 (clique : 14)
currentSize : 14 <-- 0.018480 s
currentSize : 20 <-- 0.018624 s
currentSize : 22 <-- 0.018729 s
currentSize : 24 <-- 0.020213 s
currentSize : 26 <-- 0.070667 s
currentSize : 30 <-- 0.070767 s

maxsize : 30
nodes : 60202.000000
filtered : 4288177.000000
time : 0.542403
