Parameters: GAD=1 vflib=1 dir=0 label=0 lowerbound=1 fileNameGp=../graphsdb/mcs90/bvg/b06m/mcs90_b06m_s35.A01 fileNameGt=../graphsdb/mcs90/bvg/b06m/mcs90_b06m_s35.B01
Reading graphs...
35 :  99
35 :  101
Initializing...
maxdom : 35
D->valSize : 1225
Solving...
Blb : 2 (clique : 20)
currentSize : 20 <-- 0.025528 s
currentSize : 21 <-- 0.394735 s
currentSize : 22 <-- 0.688557 s
currentSize : 23 <-- 1.085209 s
currentSize : 27 <-- 1.089588 s
currentSize : 28 <-- 1.128297 s
currentSize : 29 <-- 1.128358 s
currentSize : 31 <-- 1.139243 s
currentSize : 32 <-- 1.155028 s

maxsize : 32
nodes : 232724.000000
filtered : 7070215.000000
time : 1.178863
