Parameters: GAD=1 vflib=1 dir=0 label=0 lowerbound=1 fileNameGp=../graphsdb/mcs90/rand/r02/mcs90_r02_s15.A41 fileNameGt=../graphsdb/mcs90/rand/r02/mcs90_r02_s15.B41
Reading graphs...
15 :  38
15 :  38
Initializing...
maxdom : 15
D->valSize : 225
Solving...
Blb : 2 (clique : 8)
currentSize : 8 <-- 0.001017 s
currentSize : 9 <-- 0.001266 s
currentSize : 10 <-- 0.006275 s
currentSize : 11 <-- 0.010923 s
currentSize : 13 <-- 0.010991 s

maxsize : 13
nodes : 4163.000000
filtered : 44427.000000
time : 0.011275
