Parameters: GAD=1 vflib=1 dir=0 label=0 lowerbound=1 fileNameGp=../graphsdb/mcs90/m3D/m3Dr2/mcs90_m3Dr2_s30.A44 fileNameGt=../graphsdb/mcs90/m3D/m3Dr2/mcs90_m3Dr2_s30.B44
Reading graphs...
30 :  67
30 :  66
Initializing...
maxdom : 30
D->valSize : 900
Solving...
Blb : 2 (clique : 16)
currentSize : 16 <-- 0.010836 s
currentSize : 17 <-- 0.011156 s
currentSize : 18 <-- 0.011480 s
currentSize : 19 <-- 0.012312 s
currentSize : 20 <-- 0.100275 s
currentSize : 21 <-- 0.879161 s
currentSize : 22 <-- 0.896267 s
currentSize : 23 <-- 0.935171 s
currentSize : 24 <-- 0.949827 s
currentSize : 25 <-- 1.990444 s
currentSize : 27 <-- 1.990827 s

maxsize : 27
nodes : 431873.000000
filtered : 11823170.000000
time : 2.012607
