Parameters: GAD=1 vflib=1 dir=0 label=0 lowerbound=1 fileNameGp=../graphsdb/mcs90/bvg/b03m/mcs90_b03m_s35.A34 fileNameGt=../graphsdb/mcs90/bvg/b03m/mcs90_b03m_s35.B34
Reading graphs...
35 :  52
35 :  52
Initializing...
maxdom : 35
D->valSize : 1225
Solving...
Blb : 2 (clique : 21)
currentSize : 21 <-- 0.037553 s
currentSize : 22 <-- 0.037845 s
currentSize : 23 <-- 0.041586 s
currentSize : 24 <-- 0.041806 s
currentSize : 25 <-- 0.048543 s
currentSize : 26 <-- 0.065731 s
currentSize : 27 <-- 5.627820 s
currentSize : 28 <-- 161.763168 s
currentSize : 29 <-- 166.444016 s
currentSize : 30 <-- 167.524780 s

maxsize : 30
nodes : 25378777.000000
filtered : 1048558365.000000
time : 168.390686
