Parameters: GAD=1 vflib=1 dir=0 label=0 lowerbound=1 fileNameGp=../graphsdb/mcs90/bvg/b03/mcs90_b03_s35.A22 fileNameGt=../graphsdb/mcs90/bvg/b03/mcs90_b03_s35.B22
Reading graphs...
35 :  52
35 :  52
Initializing...
maxdom : 35
D->valSize : 1225
Solving...
Blb : 2 (clique : 25)
currentSize : 25 <-- 0.021164 s
currentSize : 26 <-- 0.055115 s
currentSize : 27 <-- 0.078796 s
currentSize : 28 <-- 0.139700 s
currentSize : 29 <-- 0.170134 s
currentSize : 30 <-- 0.534767 s
currentSize : 31 <-- 0.569394 s
currentSize : 32 <-- 0.726524 s

maxsize : 32
nodes : 131817.000000
filtered : 4455075.000000
time : 0.828394
