Parameters: GAD=1 vflib=1 dir=0 label=0 lowerbound=1 fileNameGp=../graphsdb/mcs90/m4D/m4D/mcs90_m4D_s20.A29 fileNameGt=../graphsdb/mcs90/m4D/m4D/mcs90_m4D_s20.B29
Reading graphs...
20 :  37
20 :  37
Initializing...
maxdom : 20
D->valSize : 400
Solving...
Blb : 2 (clique : 13)
currentSize : 13 <-- 0.002201 s
currentSize : 14 <-- 0.004402 s
currentSize : 15 <-- 0.007560 s
currentSize : 16 <-- 0.014027 s
currentSize : 17 <-- 0.045969 s

maxsize : 17
nodes : 18123.000000
filtered : 277882.000000
time : 0.050467
