Parameters: GAD=1 vflib=1 dir=0 label=0 lowerbound=1 fileNameGp=../graphsdb/mcs90/bvg/b09/mcs90_b09_s35.A12 fileNameGt=../graphsdb/mcs90/bvg/b09/mcs90_b09_s35.B12
Reading graphs...
35 :  157
35 :  156
Initializing...
maxdom : 35
D->valSize : 1225
Solving...
Blb : 2 (clique : 20)
currentSize : 20 <-- 0.018307 s
currentSize : 22 <-- 0.057325 s
currentSize : 24 <-- 0.064332 s
currentSize : 26 <-- 0.096170 s
currentSize : 27 <-- 0.125111 s
currentSize : 30 <-- 0.125280 s

maxsize : 30
nodes : 88089.000000
filtered : 5206908.000000
time : 0.700541
