Parameters: GAD=1 vflib=1 dir=0 label=0 lowerbound=1 fileNameGp=../graphsdb/mcs90/bvg/b06m/mcs90_b06m_s30.A16 fileNameGt=../graphsdb/mcs90/bvg/b06m/mcs90_b06m_s30.B16
Reading graphs...
30 :  86
30 :  85
Initializing...
maxdom : 30
D->valSize : 900
Solving...
Blb : 2 (clique : 14)
currentSize : 14 <-- 0.010324 s
currentSize : 15 <-- 0.011008 s
currentSize : 16 <-- 0.011047 s
currentSize : 17 <-- 0.018699 s
currentSize : 18 <-- 0.026981 s
currentSize : 19 <-- 0.058737 s
currentSize : 20 <-- 0.100623 s
currentSize : 22 <-- 0.139389 s
currentSize : 23 <-- 0.158340 s
currentSize : 27 <-- 0.158496 s

maxsize : 27
nodes : 37407.000000
filtered : 799975.000000
time : 0.169214
