Parameters: GAD=1 vflib=1 dir=0 label=0 lowerbound=1 fileNameGp=../graphsdb/mcs90/bvg/b03/mcs90_b03_s25.A71 fileNameGt=../graphsdb/mcs90/bvg/b03/mcs90_b03_s25.B71
Reading graphs...
25 :  37
25 :  37
Initializing...
maxdom : 25
D->valSize : 625
Solving...
Blb : 2 (clique : 17)
currentSize : 17 <-- 0.005441 s
currentSize : 18 <-- 0.005552 s
currentSize : 19 <-- 0.005579 s
currentSize : 20 <-- 0.006581 s
currentSize : 21 <-- 0.021008 s
currentSize : 22 <-- 0.021028 s
currentSize : 23 <-- 0.023113 s
currentSize : 24 <-- 0.026090 s

maxsize : 24
nodes : 6084.000000
filtered : 121125.000000
time : 0.027792
