Parameters: GAD=1 vflib=1 dir=0 label=0 lowerbound=1 fileNameGp=../graphsdb/mcs90/bvg/b09m/mcs90_b09m_s35.A19 fileNameGt=../graphsdb/mcs90/bvg/b09m/mcs90_b09m_s35.B19
Reading graphs...
35 :  150
35 :  149
Initializing...
maxdom : 35
D->valSize : 1225
Solving...
Blb : 2 (clique : 11)
currentSize : 11 <-- 0.018726 s
currentSize : 12 <-- 0.018849 s
currentSize : 13 <-- 0.018864 s
currentSize : 14 <-- 0.018945 s
currentSize : 15 <-- 0.019153 s
currentSize : 16 <-- 0.024753 s
currentSize : 17 <-- 1.183637 s
currentSize : 18 <-- 3.062656 s
currentSize : 19 <-- 3.080967 s
currentSize : 20 <-- 4.071833 s
currentSize : 22 <-- 7.768633 s
currentSize : 27 <-- 21.781176 s
currentSize : 30 <-- 21.781879 s

maxsize : 30
nodes : 3936526.000000
filtered : 134925109.000000
time : 21.942259
