Parameters: GAD=1 vflib=1 dir=0 label=0 lowerbound=1 fileNameGp=../graphsdb/mcs90/m2D/m2Dr6/mcs90_m2Dr6_s30.A58 fileNameGt=../graphsdb/mcs90/m2D/m2Dr6/mcs90_m2Dr6_s30.B58
Reading graphs...
30 :  67
30 :  67
Initializing...
maxdom : 30
D->valSize : 900
Solving...
Blb : 2 (clique : 15)
currentSize : 15 <-- 0.011027 s
currentSize : 16 <-- 0.011168 s
currentSize : 17 <-- 0.011560 s
currentSize : 18 <-- 0.013280 s
currentSize : 19 <-- 0.571316 s
currentSize : 20 <-- 1.182360 s
currentSize : 21 <-- 5.282798 s
currentSize : 25 <-- 9.544373 s

maxsize : 25
nodes : 1936593.000000
filtered : 56474538.000000
time : 9.713501
