Parameters: GAD=1 vflib=1 dir=0 label=0 lowerbound=1 fileNameGp=../graphsdb/mcs90/rand/r005/mcs90_r005_s30.A58 fileNameGt=../graphsdb/mcs90/rand/r005/mcs90_r005_s30.B58
Reading graphs...
30 :  42
30 :  42
Initializing...
maxdom : 30
D->valSize : 900
Solving...
Blb : 2 (clique : 20)
currentSize : 20 <-- 0.011736 s
currentSize : 21 <-- 0.012080 s
currentSize : 22 <-- 0.012207 s
currentSize : 23 <-- 0.013674 s
currentSize : 24 <-- 0.015897 s
currentSize : 25 <-- 0.074754 s
currentSize : 27 <-- 0.076559 s

maxsize : 27
nodes : 20633.000000
filtered : 674254.000000
time : 0.132354
