Parameters: GAD=1 vflib=1 dir=0 label=0 lowerbound=1 fileNameGp=../graphsdb/mcs90/rand/r01/mcs90_r01_s20.A91 fileNameGt=../graphsdb/mcs90/rand/r01/mcs90_r01_s20.B91
Reading graphs...
20 :  36
20 :  37
Initializing...
maxdom : 20
D->valSize : 400
Solving...
Blb : 2 (clique : 11)
currentSize : 11 <-- 0.002363 s
currentSize : 12 <-- 0.002429 s
currentSize : 13 <-- 0.002475 s
currentSize : 14 <-- 0.013158 s
currentSize : 15 <-- 0.039695 s
currentSize : 18 <-- 0.040566 s

maxsize : 18
nodes : 12468.000000
filtered : 182896.000000
time : 0.042297
