Parameters: GAD=1 vflib=1 dir=0 label=0 lowerbound=1 fileNameGp=../graphsdb/mcs90/bvg/b09/mcs90_b09_s35.A60 fileNameGt=../graphsdb/mcs90/bvg/b09/mcs90_b09_s35.B60
Reading graphs...
35 :  155
35 :  155
Initializing...
maxdom : 35
D->valSize : 1225
Solving...
Blb : 2 (clique : 15)
currentSize : 15 <-- 0.018097 s
currentSize : 16 <-- 0.057648 s
currentSize : 17 <-- 0.125216 s
currentSize : 18 <-- 0.467914 s
currentSize : 19 <-- 0.467954 s
currentSize : 20 <-- 0.468003 s
currentSize : 23 <-- 0.468088 s
currentSize : 24 <-- 0.468178 s
currentSize : 26 <-- 0.468235 s
currentSize : 30 <-- 0.496491 s

maxsize : 30
nodes : 191915.000000
filtered : 6994661.000000
time : 1.073242
