Parameters: GAD=1 vflib=1 dir=0 label=0 lowerbound=1 fileNameGp=../graphsdb/mcs90/bvg/b06/mcs90_b06_s35.A83 fileNameGt=../graphsdb/mcs90/bvg/b06/mcs90_b06_s35.B83
Reading graphs...
35 :  105
35 :  104
Initializing...
maxdom : 35
D->valSize : 1225
Solving...
Blb : 2 (clique : 18)
currentSize : 18 <-- 0.023932 s
currentSize : 21 <-- 0.024100 s
currentSize : 22 <-- 0.024181 s
currentSize : 23 <-- 0.025194 s
currentSize : 24 <-- 0.029806 s
currentSize : 25 <-- 0.033351 s
currentSize : 26 <-- 0.039793 s
currentSize : 27 <-- 0.040482 s
currentSize : 28 <-- 0.044437 s
currentSize : 29 <-- 0.044911 s
currentSize : 30 <-- 0.045861 s
currentSize : 31 <-- 0.047542 s

maxsize : 31
nodes : 39624.000000
filtered : 1499823.000000
time : 0.285735
