Parameters: GAD=1 vflib=1 dir=0 label=0 lowerbound=1 fileNameGp=../graphsdb/mcs90/bvg/b06m/mcs90_b06m_s25.A97 fileNameGt=../graphsdb/mcs90/bvg/b06m/mcs90_b06m_s25.B97
Reading graphs...
25 :  73
25 :  73
Initializing...
maxdom : 25
D->valSize : 625
Solving...
Blb : 2 (clique : 12)
currentSize : 12 <-- 0.005086 s
currentSize : 13 <-- 0.005947 s
currentSize : 14 <-- 0.006989 s
currentSize : 15 <-- 0.007280 s
currentSize : 16 <-- 1.062924 s
currentSize : 18 <-- 1.064021 s
currentSize : 20 <-- 1.071115 s
currentSize : 22 <-- 1.096813 s

maxsize : 22
nodes : 306940.000000
filtered : 6298304.000000
time : 1.104928
