Parameters: GAD=1 vflib=1 dir=0 label=0 lowerbound=1 fileNameGp=../graphsdb/mcs90/bvg/b03m/mcs90_b03m_s35.A52 fileNameGt=../graphsdb/mcs90/bvg/b03m/mcs90_b03m_s35.B52
Reading graphs...
35 :  52
35 :  51
Initializing...
maxdom : 35
D->valSize : 1225
Solving...
Blb : 2 (clique : 22)
currentSize : 22 <-- 0.021462 s
currentSize : 23 <-- 0.023226 s
currentSize : 24 <-- 0.028243 s
currentSize : 25 <-- 0.161164 s
currentSize : 26 <-- 0.201521 s
currentSize : 27 <-- 23.235821 s
currentSize : 28 <-- 128.634232 s
currentSize : 29 <-- 128.646698 s
currentSize : 31 <-- 128.763351 s

maxsize : 31
nodes : 19250170.000000
filtered : 795794995.000000
time : 128.973831
