Parameters: GAD=1 vflib=1 dir=0 label=0 lowerbound=1 fileNameGp=../graphsdb/mcs90/m2D/m2Dr6/mcs90_m2Dr6_s30.A18 fileNameGt=../graphsdb/mcs90/m2D/m2Dr6/mcs90_m2Dr6_s30.B18
Reading graphs...
30 :  66
30 :  66
Initializing...
maxdom : 30
D->valSize : 900
Solving...
Blb : 2 (clique : 15)
currentSize : 15 <-- 0.010882 s
currentSize : 16 <-- 0.011021 s
currentSize : 17 <-- 0.015883 s
currentSize : 18 <-- 0.018711 s
currentSize : 19 <-- 0.025930 s
currentSize : 20 <-- 0.564151 s
currentSize : 21 <-- 0.827841 s
currentSize : 22 <-- 1.526855 s
currentSize : 23 <-- 1.917150 s
currentSize : 24 <-- 2.448427 s
currentSize : 25 <-- 3.165440 s

maxsize : 25
nodes : 562563.000000
filtered : 22481969.000000
time : 3.232674
