Parameters: GAD=1 vflib=1 dir=0 label=0 lowerbound=1 fileNameGp=../graphsdb/mcs90/bvg/b03/mcs90_b03_s25.A89 fileNameGt=../graphsdb/mcs90/bvg/b03/mcs90_b03_s25.B89
Reading graphs...
25 :  37
25 :  37
Initializing...
maxdom : 25
D->valSize : 625
Solving...
Blb : 2 (clique : 17)
currentSize : 17 <-- 0.009385 s
currentSize : 18 <-- 0.010297 s
currentSize : 19 <-- 0.019583 s
currentSize : 20 <-- 0.019783 s
currentSize : 22 <-- 0.021149 s
currentSize : 23 <-- 0.030121 s

maxsize : 23
nodes : 6248.000000
filtered : 132504.000000
time : 0.049553
