Parameters: GAD=1 vflib=1 dir=0 label=0 lowerbound=1 fileNameGp=../graphsdb/mcs90/m3D/m3Dr6/mcs90_m3Dr6_s30.A84 fileNameGt=../graphsdb/mcs90/m3D/m3Dr6/mcs90_m3Dr6_s30.B84
Reading graphs...
30 :  77
30 :  76
Initializing...
maxdom : 30
D->valSize : 900
Solving...
Blb : 3 (clique : 17)
currentSize : 17 <-- 0.010531 s
currentSize : 18 <-- 0.026926 s
currentSize : 19 <-- 0.472274 s
currentSize : 20 <-- 0.738032 s
currentSize : 22 <-- 0.800594 s
currentSize : 23 <-- 1.971600 s
currentSize : 26 <-- 1.971824 s
currentSize : 27 <-- 1.972496 s

maxsize : 27
nodes : 413838.000000
filtered : 10166173.000000
time : 1.998509
