Parameters: GAD=1 vflib=1 dir=0 label=0 lowerbound=1 fileNameGp=../graphsdb/mcs90/bvg/b03m/mcs90_b03m_s25.A31 fileNameGt=../graphsdb/mcs90/bvg/b03m/mcs90_b03m_s25.B31
Reading graphs...
25 :  37
25 :  37
Initializing...
maxdom : 25
D->valSize : 625
Solving...
Blb : 2 (clique : 15)
currentSize : 15 <-- 0.009440 s
currentSize : 18 <-- 0.009587 s
currentSize : 19 <-- 0.009653 s
currentSize : 20 <-- 0.371706 s
currentSize : 22 <-- 0.414159 s

maxsize : 22
nodes : 70985.000000
filtered : 2020708.000000
time : 0.427120
