Parameters: GAD=1 vflib=1 dir=0 label=0 lowerbound=1 fileNameGp=../graphsdb/mcs90/bvg/b06m/mcs90_b06m_s25.A07 fileNameGt=../graphsdb/mcs90/bvg/b06m/mcs90_b06m_s25.B07
Reading graphs...
25 :  75
25 :  75
Initializing...
maxdom : 25
D->valSize : 625
Solving...
Blb : 2 (clique : 12)
currentSize : 12 <-- 0.005066 s
currentSize : 13 <-- 0.006320 s
currentSize : 15 <-- 0.009017 s
currentSize : 16 <-- 0.013488 s
currentSize : 20 <-- 0.019351 s
currentSize : 22 <-- 0.019380 s

maxsize : 22
nodes : 6084.000000
filtered : 224028.000000
time : 0.036028
