Parameters: GAD=1 vflib=1 dir=0 label=0 lowerbound=1 fileNameGp=../graphsdb/mcs90/bvg/b03/mcs90_b03_s35.A88 fileNameGt=../graphsdb/mcs90/bvg/b03/mcs90_b03_s35.B88
Reading graphs...
35 :  52
35 :  52
Initializing...
maxdom : 35
D->valSize : 1225
Solving...
Blb : 2 (clique : 27)
currentSize : 27 <-- 0.021471 s
currentSize : 28 <-- 0.026136 s
currentSize : 29 <-- 0.034501 s
currentSize : 30 <-- 0.058743 s
currentSize : 31 <-- 0.331914 s

maxsize : 31
nodes : 102628.000000
filtered : 3617750.000000
time : 0.696999
