Parameters: GAD=1 vflib=1 dir=0 label=0 lowerbound=1 fileNameGp=../graphsdb/mcs90/bvg/b06m/mcs90_b06m_s35.A54 fileNameGt=../graphsdb/mcs90/bvg/b06m/mcs90_b06m_s35.B54
Reading graphs...
35 :  103
35 :  103
Initializing...
maxdom : 35
D->valSize : 1225
Solving...
Blb : 2 (clique : 18)
currentSize : 18 <-- 0.019563 s
currentSize : 19 <-- 0.050042 s
currentSize : 20 <-- 0.250945 s
currentSize : 21 <-- 2.635508 s
currentSize : 22 <-- 4.659734 s
currentSize : 23 <-- 4.739371 s
currentSize : 31 <-- 5.145302 s

maxsize : 31
nodes : 1077425.000000
filtered : 28208596.000000
time : 5.235361
