Parameters: GAD=1 vflib=1 dir=0 label=0 lowerbound=1 fileNameGp=../graphsdb/mcs90/m2D/m2D/mcs90_m2D_s30.A44 fileNameGt=../graphsdb/mcs90/m2D/m2D/mcs90_m2D_s30.B44
Reading graphs...
30 :  49
30 :  49
Initializing...
maxdom : 30
D->valSize : 900
Solving...
Blb : 2 (clique : 20)
currentSize : 20 <-- 0.016838 s
currentSize : 21 <-- 0.017345 s
currentSize : 22 <-- 0.145767 s
currentSize : 23 <-- 0.196339 s
currentSize : 25 <-- 0.243620 s
currentSize : 26 <-- 0.245005 s

maxsize : 26
nodes : 77424.000000
filtered : 2156398.000000
time : 0.385337
