Parameters: GAD=1 vflib=1 dir=0 label=0 lowerbound=1 fileNameGp=../graphsdb/mcs90/rand/r005/mcs90_r005_s35.A28 fileNameGt=../graphsdb/mcs90/rand/r005/mcs90_r005_s35.B28
Reading graphs...
35 :  57
35 :  58
Initializing...
maxdom : 35
D->valSize : 1225
Solving...
Blb : 2 (clique : 21)
currentSize : 21 <-- 0.021054 s
currentSize : 23 <-- 0.021231 s
currentSize : 24 <-- 0.021318 s
currentSize : 25 <-- 0.021373 s
currentSize : 26 <-- 0.024852 s
currentSize : 27 <-- 0.028623 s
currentSize : 29 <-- 0.029375 s
currentSize : 31 <-- 2.745603 s

maxsize : 31
nodes : 284646.000000
filtered : 22682489.000000
time : 2.950872
