Parameters: GAD=1 vflib=1 dir=0 label=0 lowerbound=1 fileNameGp=../graphsdb/mcs90/m2D/m2D/mcs90_m2D_s30.A83 fileNameGt=../graphsdb/mcs90/m2D/m2D/mcs90_m2D_s30.B83
Reading graphs...
30 :  49
30 :  49
Initializing...
maxdom : 30
D->valSize : 900
Solving...
Blb : 2 (clique : 18)
currentSize : 18 <-- 0.019548 s
currentSize : 19 <-- 0.019765 s
currentSize : 20 <-- 0.020223 s
currentSize : 21 <-- 0.020577 s
currentSize : 22 <-- 0.075943 s
currentSize : 23 <-- 1.025109 s
currentSize : 24 <-- 2.544193 s
currentSize : 25 <-- 2.544229 s
currentSize : 26 <-- 2.801443 s

maxsize : 26
nodes : 499550.000000
filtered : 15760710.000000
time : 2.886599
