Parameters: GAD=1 vflib=1 dir=0 label=0 lowerbound=1 fileNameGp=../graphsdb/mcs90/m4D/m4Dr4/mcs90_m4Dr4_s20.A94 fileNameGt=../graphsdb/mcs90/m4D/m4Dr4/mcs90_m4Dr4_s20.B94
Reading graphs...
20 :  43
20 :  44
Initializing...
maxdom : 20
D->valSize : 400
Solving...
Blb : 2 (clique : 12)
currentSize : 12 <-- 0.002269 s
currentSize : 13 <-- 0.007759 s
currentSize : 14 <-- 0.010027 s
currentSize : 15 <-- 0.017037 s
currentSize : 16 <-- 0.017551 s

maxsize : 16
nodes : 8336.000000
filtered : 196958.000000
time : 0.032220
