Parameters: GAD=1 vflib=1 dir=0 label=0 lowerbound=1 fileNameGp=../graphsdb/mcs90/bvg/b03m/mcs90_b03m_s30.A07 fileNameGt=../graphsdb/mcs90/bvg/b03m/mcs90_b03m_s30.B07
Reading graphs...
30 :  45
30 :  45
Initializing...
maxdom : 30
D->valSize : 900
Solving...
Blb : 2 (clique : 19)
currentSize : 19 <-- 0.011690 s
currentSize : 20 <-- 0.011859 s
currentSize : 21 <-- 0.011959 s
currentSize : 22 <-- 0.099005 s
currentSize : 23 <-- 0.103448 s
currentSize : 24 <-- 0.211894 s
currentSize : 26 <-- 0.300705 s

maxsize : 26
nodes : 80168.000000
filtered : 2468323.000000
time : 0.412825
