Parameters: GAD=1 vflib=1 dir=0 label=0 lowerbound=1 fileNameGp=../graphsdb/mcs90/bvg/b06m/mcs90_b06m_s25.A79 fileNameGt=../graphsdb/mcs90/bvg/b06m/mcs90_b06m_s25.B79
Reading graphs...
25 :  75
25 :  75
Initializing...
maxdom : 25
D->valSize : 625
Solving...
Blb : 2 (clique : 13)
currentSize : 13 <-- 0.005049 s
currentSize : 14 <-- 0.005819 s
currentSize : 15 <-- 0.005963 s
currentSize : 19 <-- 0.007882 s
currentSize : 21 <-- 0.008747 s
currentSize : 22 <-- 0.008767 s

maxsize : 22
nodes : 2480.000000
filtered : 117684.000000
time : 0.019608
