Parameters: GAD=1 vflib=1 dir=0 label=0 lowerbound=1 fileNameGp=../graphsdb/mcs90/m2D/m2Dr4/mcs90_m2Dr4_s30.A02 fileNameGt=../graphsdb/mcs90/m2D/m2Dr4/mcs90_m2Dr4_s30.B02
Reading graphs...
30 :  61
30 :  59
Initializing...
maxdom : 30
D->valSize : 900
Solving...
Blb : 2 (clique : 19)
currentSize : 19 <-- 0.015752 s
currentSize : 20 <-- 0.757073 s
currentSize : 21 <-- 18.279774 s
currentSize : 22 <-- 27.815500 s
currentSize : 23 <-- 27.815521 s
currentSize : 25 <-- 27.964003 s

maxsize : 25
nodes : 6408559.000000
filtered : 174010322.000000
time : 28.347816
