Parameters: GAD=1 vflib=1 dir=0 label=0 lowerbound=1 fileNameGp=../graphsdb/mcs90/bvg/b06m/mcs90_b06m_s25.A33 fileNameGt=../graphsdb/mcs90/bvg/b06m/mcs90_b06m_s25.B33
Reading graphs...
25 :  72
25 :  72
Initializing...
maxdom : 25
D->valSize : 625
Solving...
Blb : 2 (clique : 12)
currentSize : 12 <-- 0.005216 s
currentSize : 13 <-- 0.007960 s
currentSize : 14 <-- 0.019446 s
currentSize : 15 <-- 0.045284 s
currentSize : 17 <-- 0.069514 s
currentSize : 18 <-- 0.069540 s
currentSize : 20 <-- 0.086927 s
currentSize : 22 <-- 0.086957 s

maxsize : 22
nodes : 24703.000000
filtered : 510496.000000
time : 0.098582
