Parameters: GAD=1 vflib=1 dir=0 label=0 lowerbound=1 fileNameGp=../graphsdb/mcs90/rand/r02/mcs90_r02_s20.A58 fileNameGt=../graphsdb/mcs90/rand/r02/mcs90_r02_s20.B58
Reading graphs...
20 :  66
20 :  66
Initializing...
maxdom : 20
D->valSize : 400
Solving...
Blb : 2 (clique : 9)
currentSize : 9 <-- 0.002292 s
currentSize : 10 <-- 0.002434 s
currentSize : 11 <-- 0.006541 s
currentSize : 12 <-- 0.020653 s
currentSize : 13 <-- 0.089896 s
currentSize : 18 <-- 0.090110 s

maxsize : 18
nodes : 31915.000000
filtered : 363595.000000
time : 0.092477
