Parameters: GAD=1 vflib=1 dir=0 label=0 lowerbound=1 fileNameGp=../graphsdb/mcs90/rand/r005/mcs90_r005_s20.A44 fileNameGt=../graphsdb/mcs90/rand/r005/mcs90_r005_s20.B44
Reading graphs...
20 :  21
20 :  20
Initializing...
maxdom : 20
D->valSize : 400
Solving...
Blb : 2 (clique : 14)
currentSize : 14 <-- 0.002499 s
currentSize : 15 <-- 0.002587 s
currentSize : 16 <-- 0.003092 s
currentSize : 17 <-- 0.031715 s
currentSize : 18 <-- 0.031743 s

maxsize : 18
nodes : 10564.000000
filtered : 162204.000000
time : 0.033051
