Parameters: GAD=1 vflib=1 dir=0 label=0 lowerbound=1 fileNameGp=../graphsdb/mcs90/m2D/m2D/mcs90_m2D_s20.A00 fileNameGt=../graphsdb/mcs90/m2D/m2D/mcs90_m2D_s20.B00
Reading graphs...
20 :  31
20 :  31
Initializing...
maxdom : 20
D->valSize : 400
Solving...
Blb : 2 (clique : 13)
currentSize : 13 <-- 0.002465 s
currentSize : 14 <-- 0.002558 s
currentSize : 15 <-- 0.005597 s
currentSize : 16 <-- 0.007115 s
currentSize : 17 <-- 0.007142 s

maxsize : 17
nodes : 3850.000000
filtered : 89711.000000
time : 0.017112
