Parameters: GAD=1 vflib=1 dir=0 label=0 lowerbound=1 fileNameGp=../graphsdb/mcs90/rand/r005/mcs90_r005_s30.A06 fileNameGt=../graphsdb/mcs90/rand/r005/mcs90_r005_s30.B06
Reading graphs...
30 :  42
30 :  42
Initializing...
maxdom : 30
D->valSize : 900
Solving...
Blb : 5 (clique : 19)
currentSize : 19 <-- 0.011541 s
currentSize : 20 <-- 0.494736 s
currentSize : 21 <-- 1.119573 s
currentSize : 22 <-- 1.848146 s
currentSize : 23 <-- 2.547187 s
currentSize : 26 <-- 2.874893 s
currentSize : 27 <-- 2.923801 s

maxsize : 27
nodes : 978408.000000
filtered : 15802929.000000
time : 2.956087
