Parameters: GAD=1 vflib=1 dir=0 label=0 lowerbound=1 fileNameGp=../graphsdb/mcs90/rand/r02/mcs90_r02_s20.A86 fileNameGt=../graphsdb/mcs90/rand/r02/mcs90_r02_s20.B86
Reading graphs...
20 :  68
20 :  70
Initializing...
maxdom : 20
D->valSize : 400
Solving...
Blb : 2 (clique : 9)
currentSize : 9 <-- 0.002163 s
currentSize : 10 <-- 0.002256 s
currentSize : 11 <-- 0.008835 s
currentSize : 12 <-- 0.010215 s
currentSize : 13 <-- 0.044280 s
currentSize : 14 <-- 0.047786 s
currentSize : 18 <-- 0.058836 s

maxsize : 18
nodes : 18743.000000
filtered : 273115.000000
time : 0.060742
