Parameters: GAD=1 vflib=1 dir=0 label=0 lowerbound=1 fileNameGp=../graphsdb/mcs90/bvg/b06/mcs90_b06_s35.A96 fileNameGt=../graphsdb/mcs90/bvg/b06/mcs90_b06_s35.B96
Reading graphs...
35 :  105
35 :  105
Initializing...
maxdom : 35
D->valSize : 1225
Solving...
Blb : 2 (clique : 17)
currentSize : 17 <-- 0.019355 s
currentSize : 21 <-- 0.019520 s
currentSize : 22 <-- 0.021673 s
currentSize : 23 <-- 0.021984 s
currentSize : 24 <-- 0.023870 s
currentSize : 27 <-- 0.027703 s
currentSize : 28 <-- 0.027726 s
currentSize : 31 <-- 0.028503 s
currentSize : 32 <-- 0.073426 s

maxsize : 32
nodes : 13683.000000
filtered : 638734.000000
time : 0.119914
