Parameters: GAD=1 vflib=1 dir=0 label=0 lowerbound=1 fileNameGp=../graphsdb/mcs90/rand/r01/mcs90_r01_s35.A28 fileNameGt=../graphsdb/mcs90/rand/r01/mcs90_r01_s35.B28
Reading graphs...
35 :  114
35 :  114
Initializing...
maxdom : 35
D->valSize : 1225
Solving...
Blb : 5 (clique : 16)
currentSize : 16 <-- 0.019081 s
currentSize : 18 <-- 0.019225 s
currentSize : 19 <-- 0.074458 s
currentSize : 21 <-- 8.821597 s
currentSize : 24 <-- 14.560530 s
currentSize : 25 <-- 14.562767 s
currentSize : 27 <-- 16.042561 s
currentSize : 28 <-- 16.227200 s
currentSize : 29 <-- 16.309248 s
currentSize : 31 <-- 16.506790 s

maxsize : 31
nodes : 3274023.000000
filtered : 88087851.000000
time : 16.520458
