Parameters: GAD=1 vflib=1 dir=0 label=0 lowerbound=1 fileNameGp=../graphsdb/mcs90/bvg/b09m/mcs90_b09m_s20.A75 fileNameGt=../graphsdb/mcs90/bvg/b09m/mcs90_b09m_s20.B75
Reading graphs...
20 :  81
20 :  82
Initializing...
maxdom : 20
D->valSize : 400
Solving...
Blb : 2 (clique : 10)
currentSize : 10 <-- 0.002148 s
currentSize : 11 <-- 0.006965 s
currentSize : 12 <-- 0.014385 s
currentSize : 14 <-- 0.030674 s
currentSize : 18 <-- 0.051259 s

maxsize : 18
nodes : 16431.000000
filtered : 230076.000000
time : 0.053652
