Parameters: GAD=1 vflib=1 dir=0 label=0 lowerbound=1 fileNameGp=../graphsdb/mcs90/bvg/b09/mcs90_b09_s35.A94 fileNameGt=../graphsdb/mcs90/bvg/b09/mcs90_b09_s35.B94
Reading graphs...
35 :  156
35 :  156
Initializing...
maxdom : 35
D->valSize : 1225
Solving...
Blb : 3 (clique : 15)
currentSize : 15 <-- 0.018286 s
currentSize : 16 <-- 0.019417 s
currentSize : 17 <-- 0.019460 s
currentSize : 18 <-- 0.019511 s
currentSize : 19 <-- 0.020275 s
currentSize : 20 <-- 0.020733 s
currentSize : 22 <-- 0.020763 s
currentSize : 25 <-- 0.147790 s
currentSize : 26 <-- 0.147872 s
currentSize : 27 <-- 0.169564 s
currentSize : 30 <-- 0.169612 s

maxsize : 30
nodes : 94141.000000
filtered : 5018146.000000
time : 0.668846
