Parameters: GAD=1 vflib=1 dir=0 label=0 lowerbound=1 fileNameGp=../graphsdb/mcs90/rand/r005/mcs90_r005_s35.A17 fileNameGt=../graphsdb/mcs90/rand/r005/mcs90_r005_s35.B17
Reading graphs...
35 :  57
35 :  57
Initializing...
maxdom : 35
D->valSize : 1225
Solving...
Blb : 2 (clique : 22)
currentSize : 22 <-- 0.036514 s
currentSize : 23 <-- 0.196631 s
currentSize : 24 <-- 0.216555 s
currentSize : 25 <-- 0.461594 s
currentSize : 26 <-- 2.464323 s
currentSize : 31 <-- 25.197027 s

maxsize : 31
nodes : 3929080.000000
filtered : 149299526.000000
time : 25.248585
