Parameters: GAD=1 vflib=1 dir=0 label=0 lowerbound=1 fileNameGp=../graphsdb/mcs90/bvg/b06m/mcs90_b06m_s35.A52 fileNameGt=../graphsdb/mcs90/bvg/b06m/mcs90_b06m_s35.B52
Reading graphs...
35 :  103
35 :  103
Initializing...
maxdom : 35
D->valSize : 1225
Solving...
Blb : 2 (clique : 15)
currentSize : 15 <-- 0.020132 s
currentSize : 16 <-- 0.020274 s
currentSize : 17 <-- 0.020294 s
currentSize : 18 <-- 0.020491 s
currentSize : 19 <-- 0.023680 s
currentSize : 20 <-- 0.275313 s
currentSize : 21 <-- 0.303312 s
currentSize : 23 <-- 1.549269 s
currentSize : 24 <-- 1.609462 s
currentSize : 27 <-- 1.624651 s
currentSize : 31 <-- 1.656732 s

maxsize : 31
nodes : 351984.000000
filtered : 9280433.000000
time : 1.740034
