Parameters: GAD=1 vflib=1 dir=0 label=0 lowerbound=1 fileNameGp=../graphsdb/mcs90/m2D/m2Dr2/mcs90_m2Dr2_s30.A81 fileNameGt=../graphsdb/mcs90/m2D/m2Dr2/mcs90_m2Dr2_s30.B81
Reading graphs...
30 :  54
30 :  54
Initializing...
maxdom : 30
D->valSize : 900
Solving...
Blb : 2 (clique : 18)
currentSize : 18 <-- 0.011440 s
currentSize : 19 <-- 0.012438 s
currentSize : 20 <-- 0.019787 s
currentSize : 21 <-- 0.043351 s
currentSize : 22 <-- 0.682495 s
currentSize : 23 <-- 3.048443 s
currentSize : 24 <-- 4.242658 s
currentSize : 25 <-- 4.243012 s
currentSize : 26 <-- 4.243157 s

maxsize : 26
nodes : 852353.000000
filtered : 25296460.000000
time : 4.333617
