Parameters: GAD=1 vflib=1 dir=0 label=0 lowerbound=1 fileNameGp=../graphsdb/mcs90/m2D/m2Dr4/mcs90_m2Dr4_s30.A47 fileNameGt=../graphsdb/mcs90/m2D/m2Dr4/mcs90_m2Dr4_s30.B47
Reading graphs...
30 :  60
30 :  61
Initializing...
maxdom : 30
D->valSize : 900
Solving...
Blb : 2 (clique : 16)
currentSize : 16 <-- 0.011046 s
currentSize : 18 <-- 0.011183 s
currentSize : 19 <-- 0.011562 s
currentSize : 20 <-- 2.304602 s
currentSize : 22 <-- 7.043507 s
currentSize : 24 <-- 12.794241 s
currentSize : 25 <-- 13.060868 s

maxsize : 25
nodes : 2459905.000000
filtered : 80815616.000000
time : 13.278235
