Parameters: GAD=1 vflib=1 dir=0 label=0 lowerbound=1 fileNameGp=../graphsdb/mcs90/rand/r01/mcs90_r01_s30.A21 fileNameGt=../graphsdb/mcs90/rand/r01/mcs90_r01_s30.B21
Reading graphs...
30 :  84
30 :  85
Initializing...
maxdom : 30
D->valSize : 900
Solving...
Blb : 3 (clique : 16)
currentSize : 16 <-- 0.010571 s
currentSize : 17 <-- 0.024385 s
currentSize : 18 <-- 1.137493 s
currentSize : 19 <-- 4.799488 s
currentSize : 21 <-- 4.799627 s
currentSize : 27 <-- 4.804699 s

maxsize : 27
nodes : 1082514.000000
filtered : 21563189.000000
time : 4.824874
