Parameters: GAD=1 vflib=1 dir=0 label=0 lowerbound=1 fileNameGp=../graphsdb/mcs90/bvg/b06m/mcs90_b06m_s25.A73 fileNameGt=../graphsdb/mcs90/bvg/b06m/mcs90_b06m_s25.B73
Reading graphs...
25 :  71
25 :  72
Initializing...
maxdom : 25
D->valSize : 625
Solving...
Blb : 5 (clique : 13)
currentSize : 13 <-- 0.005118 s
currentSize : 14 <-- 0.005548 s
currentSize : 15 <-- 0.008025 s
currentSize : 16 <-- 0.024008 s
currentSize : 17 <-- 0.035107 s
currentSize : 19 <-- 0.177512 s
currentSize : 22 <-- 0.180452 s

maxsize : 22
nodes : 42928.000000
filtered : 1026595.000000
time : 0.195313
