Parameters: GAD=1 vflib=1 dir=0 label=0 lowerbound=1 fileNameGp=../graphsdb/mcs90/rand/r005/mcs90_r005_s25.A83 fileNameGt=../graphsdb/mcs90/rand/r005/mcs90_r005_s25.B83
Reading graphs...
25 :  29
25 :  29
Initializing...
maxdom : 25
D->valSize : 625
Solving...
Blb : 2 (clique : 18)
currentSize : 18 <-- 0.005648 s
currentSize : 19 <-- 0.006217 s
currentSize : 20 <-- 0.115564 s
currentSize : 21 <-- 0.285008 s
currentSize : 22 <-- 0.285241 s

maxsize : 22
nodes : 68936.000000
filtered : 1979969.000000
time : 0.321326
