Parameters: GAD=1 vflib=1 dir=0 label=0 lowerbound=1 fileNameGp=../graphsdb/mcs90/bvg/b06m/mcs90_b06m_s35.A82 fileNameGt=../graphsdb/mcs90/bvg/b06m/mcs90_b06m_s35.B82
Reading graphs...
35 :  104
35 :  105
Initializing...
maxdom : 35
D->valSize : 1225
Solving...
Blb : 2 (clique : 15)
currentSize : 15 <-- 0.024894 s
currentSize : 16 <-- 0.025050 s
currentSize : 17 <-- 0.025100 s
currentSize : 18 <-- 0.027473 s
currentSize : 19 <-- 0.031623 s
currentSize : 20 <-- 0.276997 s
currentSize : 21 <-- 2.219817 s
currentSize : 22 <-- 70.079590 s
currentSize : 23 <-- 138.623428 s
currentSize : 24 <-- 143.656769 s
currentSize : 26 <-- 143.786789 s
currentSize : 31 <-- 143.790665 s

maxsize : 31
nodes : 24531559.000000
filtered : 938377067.000000
time : 143.878311
