Parameters: GAD=1 vflib=1 dir=0 label=0 lowerbound=1 fileNameGp=../graphsdb/mcs90/m2D/m2Dr4/mcs90_m2Dr4_s20.A95 fileNameGt=../graphsdb/mcs90/m2D/m2Dr4/mcs90_m2Dr4_s20.B95
Reading graphs...
20 :  37
20 :  37
Initializing...
maxdom : 20
D->valSize : 400
Solving...
Blb : 2 (clique : 11)
currentSize : 11 <-- 0.002505 s
currentSize : 12 <-- 0.002562 s
currentSize : 13 <-- 0.002568 s
currentSize : 14 <-- 0.002581 s
currentSize : 15 <-- 0.073736 s
currentSize : 16 <-- 0.177927 s

maxsize : 16
nodes : 56553.000000
filtered : 1215635.000000
time : 0.195810
