Parameters: GAD=1 vflib=1 dir=0 label=0 lowerbound=1 fileNameGp=../graphsdb/mcs90/m3D/m3Dr4/mcs90_m3Dr4_s30.A22 fileNameGt=../graphsdb/mcs90/m3D/m3Dr4/mcs90_m3Dr4_s30.B22
Reading graphs...
30 :  70
30 :  70
Initializing...
maxdom : 30
D->valSize : 900
Solving...
Blb : 2 (clique : 15)
currentSize : 15 <-- 0.010798 s
currentSize : 16 <-- 0.010954 s
currentSize : 17 <-- 0.011253 s
currentSize : 18 <-- 0.027535 s
currentSize : 19 <-- 0.036103 s
currentSize : 20 <-- 0.135148 s
currentSize : 21 <-- 0.528616 s
currentSize : 22 <-- 1.367894 s
currentSize : 23 <-- 1.542693 s
currentSize : 27 <-- 1.868842 s

maxsize : 27
nodes : 363971.000000
filtered : 11281863.000000
time : 1.888744
