Parameters: GAD=1 vflib=1 dir=0 label=0 lowerbound=1 fileNameGp=../graphsdb/mcs90/bvg/b03/mcs90_b03_s30.A36 fileNameGt=../graphsdb/mcs90/bvg/b03/mcs90_b03_s30.B36
Reading graphs...
30 :  45
30 :  45
Initializing...
maxdom : 30
D->valSize : 900
Solving...
Blb : 2 (clique : 19)
currentSize : 19 <-- 0.011695 s
currentSize : 21 <-- 0.011831 s
currentSize : 22 <-- 0.017333 s
currentSize : 23 <-- 0.019581 s
currentSize : 24 <-- 0.019601 s
currentSize : 25 <-- 0.021460 s
currentSize : 27 <-- 0.049322 s

maxsize : 27
nodes : 18825.000000
filtered : 520494.000000
time : 0.109413
