Parameters: GAD=1 vflib=1 dir=0 label=0 lowerbound=1 fileNameGp=../graphsdb/mcs90/m3D/m3D/mcs90_m3D_s30.A66 fileNameGt=../graphsdb/mcs90/m3D/m3D/mcs90_m3D_s30.B66
Reading graphs...
30 :  61
30 :  60
Initializing...
maxdom : 30
D->valSize : 900
Solving...
Blb : 2 (clique : 17)
currentSize : 17 <-- 0.011042 s
currentSize : 18 <-- 0.011345 s
currentSize : 19 <-- 0.011457 s
currentSize : 20 <-- 0.012855 s
currentSize : 21 <-- 0.077073 s
currentSize : 22 <-- 0.171135 s
currentSize : 23 <-- 0.188798 s
currentSize : 24 <-- 0.206135 s
currentSize : 25 <-- 0.333281 s
currentSize : 26 <-- 0.348559 s
currentSize : 27 <-- 0.348943 s
currentSize : 28 <-- 0.350148 s

maxsize : 28
nodes : 74434.000000
filtered : 1852062.000000
time : 0.360223
