Parameters: GAD=1 vflib=1 dir=0 label=0 lowerbound=1 fileNameGp=../graphsdb/mcs90/bvg/b06m/mcs90_b06m_s30.A71 fileNameGt=../graphsdb/mcs90/bvg/b06m/mcs90_b06m_s30.B71
Reading graphs...
30 :  89
30 :  89
Initializing...
maxdom : 30
D->valSize : 900
Solving...
Blb : 2 (clique : 16)
currentSize : 16 <-- 0.017754 s
currentSize : 17 <-- 0.035386 s
currentSize : 18 <-- 0.081537 s
currentSize : 19 <-- 0.081707 s
currentSize : 20 <-- 0.083077 s
currentSize : 21 <-- 0.085073 s
currentSize : 22 <-- 0.119609 s
currentSize : 24 <-- 0.119668 s
currentSize : 25 <-- 0.121376 s
currentSize : 27 <-- 0.121475 s

maxsize : 27
nodes : 18125.000000
filtered : 519419.000000
time : 0.158825
