Parameters: GAD=1 vflib=1 dir=0 label=0 lowerbound=1 fileNameGp=../graphsdb/mcs90/rand/r01/mcs90_r01_s25.A72 fileNameGt=../graphsdb/mcs90/rand/r01/mcs90_r01_s25.B72
Reading graphs...
25 :  52
25 :  51
Initializing...
maxdom : 25
D->valSize : 625
Solving...
Blb : 2 (clique : 13)
currentSize : 13 <-- 0.005220 s
currentSize : 14 <-- 0.005448 s
currentSize : 15 <-- 0.005561 s
currentSize : 16 <-- 0.005647 s
currentSize : 17 <-- 0.006477 s
currentSize : 18 <-- 0.033520 s
currentSize : 19 <-- 0.072741 s
currentSize : 22 <-- 0.075352 s

maxsize : 22
nodes : 17816.000000
filtered : 456239.000000
time : 0.082298
