Parameters: GAD=1 vflib=1 dir=0 label=0 lowerbound=1 fileNameGp=../graphsdb/mcs90/m2D/m2Dr4/mcs90_m2Dr4_s30.A26 fileNameGt=../graphsdb/mcs90/m2D/m2Dr4/mcs90_m2Dr4_s30.B26
Reading graphs...
30 :  60
30 :  61
Initializing...
maxdom : 30
D->valSize : 900
Solving...
Blb : 2 (clique : 15)
currentSize : 15 <-- 0.019158 s
currentSize : 16 <-- 0.019365 s
currentSize : 17 <-- 0.019718 s
currentSize : 18 <-- 0.019889 s
currentSize : 19 <-- 0.022294 s
currentSize : 20 <-- 0.038283 s
currentSize : 21 <-- 10.598532 s
currentSize : 25 <-- 10.671022 s

maxsize : 25
nodes : 2373779.000000
filtered : 60735085.000000
time : 11.000529
