Parameters: GAD=1 vflib=1 dir=0 label=0 lowerbound=1 fileNameGp=../graphsdb/mcs90/rand/r01/mcs90_r01_s35.A70 fileNameGt=../graphsdb/mcs90/rand/r01/mcs90_r01_s35.B70
Reading graphs...
35 :  113
35 :  112
Initializing...
maxdom : 35
D->valSize : 1225
Solving...
Blb : 2 (clique : 17)
currentSize : 17 <-- 0.033767 s
currentSize : 18 <-- 0.041570 s
currentSize : 19 <-- 0.060810 s
currentSize : 20 <-- 9.979049 s
currentSize : 21 <-- 17.584488 s
currentSize : 22 <-- 22.974174 s
currentSize : 23 <-- 26.797585 s
currentSize : 25 <-- 26.797628 s
currentSize : 27 <-- 28.683992 s
currentSize : 29 <-- 30.372377 s
currentSize : 31 <-- 30.416828 s

maxsize : 31
nodes : 5703317.000000
filtered : 185127361.000000
time : 30.446463
