Parameters: GAD=1 vflib=1 dir=0 label=0 lowerbound=1 fileNameGp=../graphsdb/mcs90/bvg/b03/mcs90_b03_s30.A82 fileNameGt=../graphsdb/mcs90/bvg/b03/mcs90_b03_s30.B82
Reading graphs...
30 :  45
30 :  45
Initializing...
maxdom : 30
D->valSize : 900
Solving...
Blb : 2 (clique : 20)
currentSize : 20 <-- 0.011550 s
currentSize : 21 <-- 0.014937 s
currentSize : 22 <-- 0.016776 s
currentSize : 23 <-- 0.017066 s
currentSize : 24 <-- 0.017557 s
currentSize : 26 <-- 0.250593 s
currentSize : 27 <-- 0.264869 s

maxsize : 27
nodes : 59502.000000
filtered : 2008037.000000
time : 0.341458
