Parameters: GAD=1 vflib=1 dir=0 label=0 lowerbound=1 fileNameGp=../graphsdb/mcs90/bvg/b09m/mcs90_b09m_s25.A65 fileNameGt=../graphsdb/mcs90/bvg/b09m/mcs90_b09m_s25.B65
Reading graphs...
25 :  108
25 :  108
Initializing...
maxdom : 25
D->valSize : 625
Solving...
Blb : 3 (clique : 12)
currentSize : 12 <-- 0.004650 s
currentSize : 13 <-- 0.008136 s
currentSize : 14 <-- 0.012891 s
currentSize : 20 <-- 0.026433 s
currentSize : 22 <-- 0.028041 s

maxsize : 22
nodes : 8924.000000
filtered : 204942.000000
time : 0.039634
