Parameters: GAD=1 vflib=1 dir=0 label=0 lowerbound=1 fileNameGp=../graphsdb/mcs90/bvg/b09/mcs90_b09_s30.A34 fileNameGt=../graphsdb/mcs90/bvg/b09/mcs90_b09_s30.B34
Reading graphs...
30 :  135
30 :  133
Initializing...
maxdom : 30
D->valSize : 900
Solving...
Blb : 3 (clique : 14)
currentSize : 14 <-- 0.009659 s
currentSize : 15 <-- 0.014688 s
currentSize : 16 <-- 0.015354 s
currentSize : 17 <-- 0.019024 s
currentSize : 18 <-- 0.019042 s
currentSize : 19 <-- 0.042563 s
currentSize : 20 <-- 0.042614 s
currentSize : 21 <-- 0.045266 s
currentSize : 22 <-- 0.065085 s
currentSize : 25 <-- 0.071123 s
currentSize : 26 <-- 0.071194 s

maxsize : 26
nodes : 29854.000000
filtered : 1228442.000000
time : 0.175359
