Parameters: GAD=1 vflib=1 dir=0 label=0 lowerbound=1 fileNameGp=../graphsdb/mcs90/rand/r01/mcs90_r01_s30.A71 fileNameGt=../graphsdb/mcs90/rand/r01/mcs90_r01_s30.B71
Reading graphs...
30 :  80
30 :  83
Initializing...
maxdom : 30
D->valSize : 900
Solving...
Blb : 2 (clique : 14)
currentSize : 14 <-- 0.010393 s
currentSize : 15 <-- 0.010506 s
currentSize : 16 <-- 0.016904 s
currentSize : 17 <-- 0.159621 s
currentSize : 18 <-- 0.200933 s
currentSize : 19 <-- 6.419864 s
currentSize : 22 <-- 9.728684 s
currentSize : 23 <-- 10.073591 s
currentSize : 25 <-- 10.073667 s
currentSize : 27 <-- 10.076130 s

maxsize : 27
nodes : 2341574.000000
filtered : 48663257.000000
time : 10.088074
