Parameters: GAD=1 vflib=1 dir=0 label=0 lowerbound=1 fileNameGp=../graphsdb/mcs90/bvg/b09/mcs90_b09_s30.A65 fileNameGt=../graphsdb/mcs90/bvg/b09/mcs90_b09_s30.B65
Reading graphs...
30 :  134
30 :  134
Initializing...
maxdom : 30
D->valSize : 900
Solving...
Blb : 2 (clique : 13)
currentSize : 13 <-- 0.009915 s
currentSize : 18 <-- 0.010051 s
currentSize : 20 <-- 0.010094 s
currentSize : 22 <-- 0.010142 s
currentSize : 26 <-- 0.011533 s

maxsize : 26
nodes : 22441.000000
filtered : 1274104.000000
time : 0.163791
