Parameters: GAD=1 vflib=1 dir=0 label=0 lowerbound=1 fileNameGp=../graphsdb/mcs90/m3D/m3Dr2/mcs90_m3Dr2_s30.A16 fileNameGt=../graphsdb/mcs90/m3D/m3Dr2/mcs90_m3Dr2_s30.B16
Reading graphs...
30 :  67
30 :  66
Initializing...
maxdom : 30
D->valSize : 900
Solving...
Blb : 2 (clique : 16)
currentSize : 16 <-- 0.010868 s
currentSize : 17 <-- 0.011062 s
currentSize : 18 <-- 0.013146 s
currentSize : 19 <-- 0.202803 s
currentSize : 20 <-- 0.239280 s
currentSize : 21 <-- 7.544253 s
currentSize : 22 <-- 7.595584 s
currentSize : 23 <-- 7.595838 s
currentSize : 27 <-- 7.618178 s

maxsize : 27
nodes : 1893312.000000
filtered : 37345413.000000
time : 7.642246
