Parameters: GAD=1 vflib=1 dir=0 label=0 lowerbound=1 fileNameGp=../graphsdb/mcs90/bvg/b06/mcs90_b06_s25.A32 fileNameGt=../graphsdb/mcs90/bvg/b06/mcs90_b06_s25.B32
Reading graphs...
25 :  75
25 :  75
Initializing...
maxdom : 25
D->valSize : 625
Solving...
Blb : 2 (clique : 13)
currentSize : 13 <-- 0.005188 s
currentSize : 14 <-- 0.005310 s
currentSize : 15 <-- 0.005574 s
currentSize : 16 <-- 0.005759 s
currentSize : 17 <-- 0.006393 s
currentSize : 18 <-- 0.006460 s
currentSize : 19 <-- 0.007690 s
currentSize : 20 <-- 0.007706 s
currentSize : 22 <-- 0.008172 s

maxsize : 22
nodes : 5234.000000
filtered : 173299.000000
time : 0.031244
