Parameters: GAD=1 vflib=1 dir=0 label=0 lowerbound=1 fileNameGp=../graphsdb/mcs90/m3D/m3Dr4/mcs90_m3Dr4_s30.A71 fileNameGt=../graphsdb/mcs90/m3D/m3Dr4/mcs90_m3Dr4_s30.B71
Reading graphs...
30 :  72
30 :  72
Initializing...
maxdom : 30
D->valSize : 900
Solving...
Blb : 2 (clique : 16)
currentSize : 16 <-- 0.010674 s
currentSize : 17 <-- 0.011136 s
currentSize : 18 <-- 0.011297 s
currentSize : 19 <-- 0.395441 s
currentSize : 20 <-- 0.398304 s
currentSize : 21 <-- 0.403078 s
currentSize : 22 <-- 7.495969 s
currentSize : 27 <-- 10.018047 s

maxsize : 27
nodes : 1965792.000000
filtered : 59671540.000000
time : 10.035286
