Parameters: GAD=1 vflib=1 dir=0 label=0 lowerbound=1 fileNameGp=../graphsdb/mcs90/bvg/b09m/mcs90_b09m_s20.A97 fileNameGt=../graphsdb/mcs90/bvg/b09m/mcs90_b09m_s20.B97
Reading graphs...
20 :  84
20 :  85
Initializing...
maxdom : 20
D->valSize : 400
Solving...
Blb : 2 (clique : 8)
currentSize : 8 <-- 0.002157 s
currentSize : 9 <-- 0.002359 s
currentSize : 10 <-- 0.008087 s
currentSize : 11 <-- 0.011021 s
currentSize : 12 <-- 0.124005 s
currentSize : 13 <-- 0.124027 s
currentSize : 14 <-- 0.124081 s
currentSize : 15 <-- 0.124965 s
currentSize : 18 <-- 0.124998 s

maxsize : 18
nodes : 44998.000000
filtered : 446358.000000
time : 0.126347
