Parameters: GAD=1 vflib=1 dir=0 label=0 lowerbound=1 fileNameGp=../graphsdb/mcs90/bvg/b09m/mcs90_b09m_s25.A46 fileNameGt=../graphsdb/mcs90/bvg/b09m/mcs90_b09m_s25.B46
Reading graphs...
25 :  108
25 :  106
Initializing...
maxdom : 25
D->valSize : 625
Solving...
Blb : 2 (clique : 10)
currentSize : 10 <-- 0.004794 s
currentSize : 11 <-- 0.004864 s
currentSize : 12 <-- 0.005013 s
currentSize : 13 <-- 0.051850 s
currentSize : 14 <-- 0.197626 s
currentSize : 22 <-- 0.470080 s

maxsize : 22
nodes : 143490.000000
filtered : 2066171.000000
time : 0.486979
