Parameters: GAD=1 vflib=1 dir=0 label=0 lowerbound=1 fileNameGp=../graphsdb/mcs90/bvg/b06m/mcs90_b06m_s35.A07 fileNameGt=../graphsdb/mcs90/bvg/b06m/mcs90_b06m_s35.B07
Reading graphs...
35 :  103
35 :  103
Initializing...
maxdom : 35
D->valSize : 1225
Solving...
Blb : 2 (clique : 16)
currentSize : 16 <-- 0.034105 s
currentSize : 17 <-- 0.034485 s
currentSize : 18 <-- 0.041586 s
currentSize : 19 <-- 0.061277 s
currentSize : 21 <-- 0.063094 s
currentSize : 22 <-- 0.073018 s
currentSize : 23 <-- 0.082008 s
currentSize : 28 <-- 0.086047 s
currentSize : 31 <-- 0.087218 s

maxsize : 31
nodes : 18092.000000
filtered : 693758.000000
time : 0.147583
