Parameters: GAD=1 vflib=1 dir=0 label=0 lowerbound=1 fileNameGp=../graphsdb/mcs90/rand/r02/mcs90_r02_s20.A80 fileNameGt=../graphsdb/mcs90/rand/r02/mcs90_r02_s20.B80
Reading graphs...
20 :  68
20 :  68
Initializing...
maxdom : 20
D->valSize : 400
Solving...
Blb : 2 (clique : 8)
currentSize : 8 <-- 0.002267 s
currentSize : 9 <-- 0.002321 s
currentSize : 10 <-- 0.002346 s
currentSize : 11 <-- 0.004386 s
currentSize : 13 <-- 0.008611 s
currentSize : 14 <-- 0.036944 s
currentSize : 18 <-- 0.037043 s

maxsize : 18
nodes : 11281.000000
filtered : 177083.000000
time : 0.038327
