Parameters: GAD=1 vflib=1 dir=0 label=0 lowerbound=1 fileNameGp=../graphsdb/mcs90/bvg/b09/mcs90_b09_s35.A53 fileNameGt=../graphsdb/mcs90/bvg/b09/mcs90_b09_s35.B53
Reading graphs...
35 :  156
35 :  156
Initializing...
maxdom : 35
D->valSize : 1225
Solving...
Blb : 2 (clique : 14)
currentSize : 14 <-- 0.022955 s
currentSize : 15 <-- 0.023304 s
currentSize : 16 <-- 0.024323 s
currentSize : 17 <-- 0.039347 s
currentSize : 18 <-- 0.055710 s
currentSize : 19 <-- 0.055744 s
currentSize : 20 <-- 0.067636 s
currentSize : 21 <-- 0.107145 s
currentSize : 22 <-- 0.108167 s
currentSize : 23 <-- 0.108350 s
currentSize : 24 <-- 0.111065 s
currentSize : 25 <-- 0.114791 s
currentSize : 26 <-- 0.114822 s
currentSize : 27 <-- 0.121197 s
currentSize : 28 <-- 0.287404 s
currentSize : 29 <-- 0.388917 s
currentSize : 30 <-- 0.524621 s

maxsize : 30
nodes : 76624.000000
filtered : 4981366.000000
time : 0.605797
