Parameters: GAD=1 vflib=1 dir=0 label=0 lowerbound=1 fileNameGp=../graphsdb/mcs90/bvg/b03/mcs90_b03_s25.A33 fileNameGt=../graphsdb/mcs90/bvg/b03/mcs90_b03_s25.B33
Reading graphs...
25 :  37
25 :  37
Initializing...
maxdom : 25
D->valSize : 625
Solving...
Blb : 2 (clique : 15)
currentSize : 15 <-- 0.005842 s
currentSize : 16 <-- 0.005934 s
currentSize : 17 <-- 0.006001 s
currentSize : 18 <-- 0.006247 s
currentSize : 19 <-- 0.006369 s
currentSize : 20 <-- 0.008427 s
currentSize : 22 <-- 0.012542 s
currentSize : 23 <-- 0.019876 s

maxsize : 23
nodes : 4854.000000
filtered : 108778.000000
time : 0.025152
