Parameters: GAD=1 vflib=1 dir=0 label=0 lowerbound=1 fileNameGp=../graphsdb/mcs90/bvg/b09m/mcs90_b09m_s30.A19 fileNameGt=../graphsdb/mcs90/bvg/b09m/mcs90_b09m_s30.B19
Reading graphs...
30 :  126
30 :  127
Initializing...
maxdom : 30
D->valSize : 900
Solving...
Blb : 5 (clique : 12)
currentSize : 12 <-- 0.016674 s
currentSize : 13 <-- 0.016822 s
currentSize : 14 <-- 0.023975 s
currentSize : 15 <-- 0.378622 s
currentSize : 16 <-- 13.451858 s
currentSize : 18 <-- 13.458874 s
currentSize : 21 <-- 13.458906 s
currentSize : 26 <-- 13.468886 s

maxsize : 26
nodes : 3629577.000000
filtered : 58795724.000000
time : 13.552898
