Parameters: GAD=1 vflib=1 dir=0 label=0 lowerbound=1 fileNameGp=../graphsdb/mcs90/rand/r005/mcs90_r005_s30.A60 fileNameGt=../graphsdb/mcs90/rand/r005/mcs90_r005_s30.B60
Reading graphs...
30 :  41
30 :  42
Initializing...
maxdom : 30
D->valSize : 900
Solving...
Blb : 2 (clique : 20)
currentSize : 20 <-- 0.020014 s
currentSize : 21 <-- 0.253665 s
currentSize : 22 <-- 0.281068 s
currentSize : 23 <-- 0.365386 s
currentSize : 24 <-- 0.365671 s
currentSize : 27 <-- 0.559226 s

maxsize : 27
nodes : 152989.000000
filtered : 2653404.000000
time : 0.573213
