Parameters: GAD=1 vflib=1 dir=0 label=0 lowerbound=1 fileNameGp=../graphsdb/mcs90/bvg/b03m/mcs90_b03m_s30.A02 fileNameGt=../graphsdb/mcs90/bvg/b03m/mcs90_b03m_s30.B02
Reading graphs...
30 :  45
30 :  45
Initializing...
maxdom : 30
D->valSize : 900
Solving...
Blb : 2 (clique : 19)
currentSize : 19 <-- 0.011531 s
currentSize : 20 <-- 0.012237 s
currentSize : 21 <-- 0.015409 s
currentSize : 22 <-- 0.073728 s
currentSize : 23 <-- 2.187589 s
currentSize : 24 <-- 5.394789 s
currentSize : 25 <-- 6.509576 s
currentSize : 26 <-- 6.975118 s
currentSize : 27 <-- 7.037319 s

maxsize : 27
nodes : 1319788.000000
filtered : 43085294.000000
time : 7.047419
