Parameters: GAD=1 vflib=1 dir=0 label=0 lowerbound=1 fileNameGp=../graphsdb/mcs90/m3D/m3Dr2/mcs90_m3Dr2_s30.A62 fileNameGt=../graphsdb/mcs90/m3D/m3Dr2/mcs90_m3Dr2_s30.B62
Reading graphs...
30 :  67
30 :  66
Initializing...
maxdom : 30
D->valSize : 900
Solving...
Blb : 2 (clique : 18)
currentSize : 18 <-- 0.011007 s
currentSize : 19 <-- 0.174391 s
currentSize : 20 <-- 0.630808 s
currentSize : 21 <-- 0.684964 s
currentSize : 22 <-- 1.436944 s
currentSize : 23 <-- 1.966987 s
currentSize : 24 <-- 1.996516 s
currentSize : 27 <-- 2.038226 s

maxsize : 27
nodes : 444809.000000
filtered : 11257506.000000
time : 2.079139
