Parameters: GAD=1 vflib=1 dir=0 label=0 lowerbound=1 fileNameGp=../graphsdb/mcs90/bvg/b06m/mcs90_b06m_s35.A70 fileNameGt=../graphsdb/mcs90/bvg/b06m/mcs90_b06m_s35.B70
Reading graphs...
35 :  101
35 :  101
Initializing...
maxdom : 35
D->valSize : 1225
Solving...
Blb : 2 (clique : 16)
currentSize : 16 <-- 0.019694 s
currentSize : 17 <-- 0.019914 s
currentSize : 18 <-- 0.036720 s
currentSize : 19 <-- 0.067919 s
currentSize : 20 <-- 0.256281 s
currentSize : 21 <-- 0.355322 s
currentSize : 22 <-- 111.983864 s
currentSize : 24 <-- 113.188622 s
currentSize : 25 <-- 121.719017 s
currentSize : 31 <-- 121.741982 s

maxsize : 31
nodes : 22141855.000000
filtered : 783347921.000000
time : 121.843979
