Parameters: GAD=1 vflib=1 dir=0 label=0 lowerbound=1 fileNameGp=../graphsdb/mcs90/rand/r02/mcs90_r02_s25.A79 fileNameGt=../graphsdb/mcs90/rand/r02/mcs90_r02_s25.B79
Reading graphs...
25 :  109
25 :  109
Initializing...
maxdom : 25
D->valSize : 625
Solving...
Blb : 2 (clique : 10)
currentSize : 10 <-- 0.007884 s
currentSize : 11 <-- 0.008713 s
currentSize : 12 <-- 0.021486 s
currentSize : 13 <-- 0.751355 s
currentSize : 14 <-- 0.771585 s
currentSize : 15 <-- 2.009300 s
currentSize : 22 <-- 4.237275 s

maxsize : 22
nodes : 1303972.000000
filtered : 17736350.000000
time : 4.239901
