Parameters: GAD=1 vflib=1 dir=0 label=0 lowerbound=1 fileNameGp=../graphsdb/mcs90/m4D/m4Dr6/mcs90_m4Dr6_s20.A68 fileNameGt=../graphsdb/mcs90/m4D/m4Dr6/mcs90_m4Dr6_s20.B68
Reading graphs...
20 :  49
20 :  47
Initializing...
maxdom : 20
D->valSize : 400
Solving...
Blb : 5 (clique : 11)
currentSize : 11 <-- 0.002251 s
currentSize : 12 <-- 0.002968 s
currentSize : 13 <-- 0.003805 s
currentSize : 14 <-- 0.028159 s
currentSize : 16 <-- 0.049508 s

maxsize : 16
nodes : 16045.000000
filtered : 326210.000000
time : 0.057592
