Parameters: GAD=1 vflib=1 dir=0 label=0 lowerbound=1 fileNameGp=../graphsdb/mcs90/bvg/b06m/mcs90_b06m_s25.A95 fileNameGt=../graphsdb/mcs90/bvg/b06m/mcs90_b06m_s25.B95
Reading graphs...
25 :  73
25 :  73
Initializing...
maxdom : 25
D->valSize : 625
Solving...
Blb : 2 (clique : 12)
currentSize : 12 <-- 0.008481 s
currentSize : 13 <-- 0.008629 s
currentSize : 14 <-- 0.008685 s
currentSize : 15 <-- 0.066534 s
currentSize : 19 <-- 0.854133 s
currentSize : 22 <-- 0.856118 s

maxsize : 22
nodes : 216261.000000
filtered : 5216979.000000
time : 0.867566
