Parameters: GAD=1 vflib=1 dir=0 label=0 lowerbound=1 fileNameGp=../graphsdb/mcs90/bvg/b03m/mcs90_b03m_s20.A05 fileNameGt=../graphsdb/mcs90/bvg/b03m/mcs90_b03m_s20.B05
Reading graphs...
20 :  30
20 :  30
Initializing...
maxdom : 20
D->valSize : 400
Solving...
Blb : 2 (clique : 13)
currentSize : 13 <-- 0.004847 s
currentSize : 14 <-- 0.007549 s
currentSize : 15 <-- 0.008836 s
currentSize : 16 <-- 0.009538 s
currentSize : 18 <-- 0.009586 s

maxsize : 18
nodes : 1943.000000
filtered : 28351.000000
time : 0.011636
