Parameters: GAD=1 vflib=1 dir=0 label=0 lowerbound=1 fileNameGp=../graphsdb/mcs90/rand/r01/mcs90_r01_s20.A44 fileNameGt=../graphsdb/mcs90/rand/r01/mcs90_r01_s20.B44
Reading graphs...
20 :  37
20 :  37
Initializing...
maxdom : 20
D->valSize : 400
Solving...
Blb : 3 (clique : 13)
currentSize : 13 <-- 0.002329 s
currentSize : 14 <-- 0.002905 s
currentSize : 15 <-- 0.004052 s
currentSize : 16 <-- 0.004860 s
currentSize : 18 <-- 0.005735 s

maxsize : 18
nodes : 1548.000000
filtered : 40564.000000
time : 0.008175
