Parameters: GAD=1 vflib=1 dir=0 label=0 lowerbound=1 fileNameGp=../graphsdb/mcs90/bvg/b06m/mcs90_b06m_s25.A02 fileNameGt=../graphsdb/mcs90/bvg/b06m/mcs90_b06m_s25.B02
Reading graphs...
25 :  74
25 :  74
Initializing...
maxdom : 25
D->valSize : 625
Solving...
Blb : 2 (clique : 11)
currentSize : 11 <-- 0.004963 s
currentSize : 12 <-- 0.005043 s
currentSize : 13 <-- 0.005480 s
currentSize : 14 <-- 0.008226 s
currentSize : 15 <-- 0.013989 s
currentSize : 20 <-- 0.037207 s
currentSize : 22 <-- 0.066044 s

maxsize : 22
nodes : 14806.000000
filtered : 462216.000000
time : 0.072634
