Parameters: GAD=1 vflib=1 dir=0 label=0 lowerbound=1 fileNameGp=../graphsdb/mcs90/rand/r005/mcs90_r005_s35.A19 fileNameGt=../graphsdb/mcs90/rand/r005/mcs90_r005_s35.B19
Reading graphs...
35 :  57
35 :  57
Initializing...
maxdom : 35
D->valSize : 1225
Solving...
Blb : 2 (clique : 19)
currentSize : 19 <-- 0.021633 s
currentSize : 20 <-- 0.022189 s
currentSize : 22 <-- 0.022916 s
currentSize : 23 <-- 0.022994 s
currentSize : 24 <-- 0.024974 s
currentSize : 25 <-- 0.235580 s
currentSize : 26 <-- 2.561643 s
currentSize : 27 <-- 7.787997 s
currentSize : 28 <-- 12.643713 s
currentSize : 29 <-- 13.465713 s
currentSize : 30 <-- 21.467934 s
currentSize : 31 <-- 21.467968 s

maxsize : 31
nodes : 2927386.000000
filtered : 142688177.000000
time : 21.870567
