Parameters: GAD=1 vflib=1 dir=0 label=0 lowerbound=1 fileNameGp=../graphsdb/mcs90/bvg/b09/mcs90_b09_s30.A47 fileNameGt=../graphsdb/mcs90/bvg/b09/mcs90_b09_s30.B47
Reading graphs...
30 :  135
30 :  134
Initializing...
maxdom : 30
D->valSize : 900
Solving...
Blb : 3 (clique : 12)
currentSize : 12 <-- 0.009694 s
currentSize : 13 <-- 0.009802 s
currentSize : 15 <-- 0.009948 s
currentSize : 19 <-- 0.010036 s
currentSize : 20 <-- 0.010430 s
currentSize : 22 <-- 0.010527 s
currentSize : 26 <-- 0.022708 s

maxsize : 26
nodes : 22080.000000
filtered : 1219857.000000
time : 0.161136
