Parameters: GAD=1 vflib=1 dir=0 label=0 lowerbound=1 fileNameGp=../graphsdb/mcs90/bvg/b06/mcs90_b06_s30.A17 fileNameGt=../graphsdb/mcs90/bvg/b06/mcs90_b06_s30.B17
Reading graphs...
30 :  90
30 :  88
Initializing...
maxdom : 30
D->valSize : 900
Solving...
Blb : 2 (clique : 21)
currentSize : 21 <-- 0.010270 s
currentSize : 22 <-- 0.012342 s
currentSize : 23 <-- 0.016345 s
currentSize : 24 <-- 0.016364 s
currentSize : 25 <-- 0.016405 s
currentSize : 27 <-- 0.016601 s
currentSize : 28 <-- 0.019251 s

maxsize : 28
nodes : 3907.000000
filtered : 163159.000000
time : 0.033609
