Parameters: GAD=1 vflib=1 dir=0 label=0 lowerbound=1 fileNameGp=../graphsdb/mcs90/m2D/m2Dr4/mcs90_m2Dr4_s20.A66 fileNameGt=../graphsdb/mcs90/m2D/m2Dr4/mcs90_m2Dr4_s20.B66
Reading graphs...
20 :  39
20 :  39
Initializing...
maxdom : 20
D->valSize : 400
Solving...
Blb : 5 (clique : 11)
currentSize : 11 <-- 0.002415 s
currentSize : 12 <-- 0.002534 s
currentSize : 13 <-- 0.002920 s
currentSize : 14 <-- 0.005154 s
currentSize : 15 <-- 0.005179 s
currentSize : 16 <-- 0.005265 s

maxsize : 16
nodes : 5042.000000
filtered : 133193.000000
time : 0.023213
