Parameters: GAD=1 vflib=1 dir=0 label=0 lowerbound=1 fileNameGp=../graphsdb/mcs90/rand/r02/mcs90_r02_s20.A79 fileNameGt=../graphsdb/mcs90/rand/r02/mcs90_r02_s20.B79
Reading graphs...
20 :  67
20 :  66
Initializing...
maxdom : 20
D->valSize : 400
Solving...
Blb : 5 (clique : 10)
currentSize : 10 <-- 0.002199 s
currentSize : 11 <-- 0.004434 s
currentSize : 12 <-- 0.015391 s
currentSize : 14 <-- 0.027760 s
currentSize : 18 <-- 0.029509 s

maxsize : 18
nodes : 9985.000000
filtered : 126041.000000
time : 0.030942
