Parameters: GAD=1 vflib=1 dir=0 label=0 lowerbound=1 fileNameGp=../graphsdb/mcs90/rand/r02/mcs90_r02_s20.A91 fileNameGt=../graphsdb/mcs90/rand/r02/mcs90_r02_s20.B91
Reading graphs...
20 :  73
20 :  71
Initializing...
maxdom : 20
D->valSize : 400
Solving...
Blb : 2 (clique : 9)
currentSize : 9 <-- 0.002091 s
currentSize : 10 <-- 0.002376 s
currentSize : 11 <-- 0.002564 s
currentSize : 12 <-- 0.002883 s
currentSize : 13 <-- 0.003735 s
currentSize : 18 <-- 0.004079 s

maxsize : 18
nodes : 1119.000000
filtered : 32206.000000
time : 0.006372
