Parameters: GAD=1 vflib=1 dir=0 label=0 lowerbound=1 fileNameGp=../graphsdb/mcs90/m3D/m3Dr4/mcs90_m3Dr4_s30.A69 fileNameGt=../graphsdb/mcs90/m3D/m3Dr4/mcs90_m3Dr4_s30.B69
Reading graphs...
30 :  71
30 :  72
Initializing...
maxdom : 30
D->valSize : 900
Solving...
Blb : 2 (clique : 17)
currentSize : 17 <-- 0.018412 s
currentSize : 18 <-- 0.092896 s
currentSize : 19 <-- 3.154486 s
currentSize : 20 <-- 25.435350 s
currentSize : 21 <-- 25.450396 s
currentSize : 22 <-- 26.109032 s
currentSize : 24 <-- 27.603760 s
currentSize : 27 <-- 27.754860 s

maxsize : 27
nodes : 6642655.000000
filtered : 136650686.000000
time : 27.805868
