Parameters: GAD=1 vflib=1 dir=0 label=0 lowerbound=1 fileNameGp=../graphsdb/mcs90/m2D/m2Dr4/mcs90_m2Dr4_s30.A20 fileNameGt=../graphsdb/mcs90/m2D/m2Dr4/mcs90_m2Dr4_s30.B20
Reading graphs...
30 :  61
30 :  58
Initializing...
maxdom : 30
D->valSize : 900
Solving...
Blb : 2 (clique : 16)
currentSize : 16 <-- 0.010933 s
currentSize : 17 <-- 0.011070 s
currentSize : 18 <-- 0.048432 s
currentSize : 19 <-- 0.472988 s
currentSize : 20 <-- 0.798013 s
currentSize : 21 <-- 27.323462 s
currentSize : 22 <-- 35.580032 s
currentSize : 23 <-- 40.132362 s
currentSize : 24 <-- 40.132397 s
currentSize : 25 <-- 40.149071 s

maxsize : 25
nodes : 7914212.000000
filtered : 269418857.000000
time : 40.450043
