Parameters: GAD=1 vflib=1 dir=0 label=0 lowerbound=1 fileNameGp=../graphsdb/mcs90/bvg/b06m/mcs90_b06m_s25.A55 fileNameGt=../graphsdb/mcs90/bvg/b06m/mcs90_b06m_s25.B55
Reading graphs...
25 :  75
25 :  75
Initializing...
maxdom : 25
D->valSize : 625
Solving...
Blb : 3 (clique : 12)
currentSize : 12 <-- 0.008654 s
currentSize : 13 <-- 0.008846 s
currentSize : 14 <-- 0.027666 s
currentSize : 15 <-- 0.124477 s
currentSize : 16 <-- 0.543062 s
currentSize : 17 <-- 0.612590 s
currentSize : 19 <-- 0.612761 s
currentSize : 20 <-- 0.616945 s
currentSize : 22 <-- 0.617083 s

maxsize : 22
nodes : 170754.000000
filtered : 2807568.000000
time : 0.629649
