Parameters: GAD=1 vflib=1 dir=0 label=0 lowerbound=1 fileNameGp=../graphsdb/mcs90/m2D/m2Dr6/mcs90_m2Dr6_s20.A04 fileNameGt=../graphsdb/mcs90/m2D/m2Dr6/mcs90_m2Dr6_s20.B04
Reading graphs...
20 :  43
20 :  42
Initializing...
maxdom : 20
D->valSize : 400
Solving...
Blb : 2 (clique : 11)
currentSize : 11 <-- 0.002314 s
currentSize : 12 <-- 0.002382 s
currentSize : 13 <-- 0.002405 s
currentSize : 14 <-- 0.002423 s
currentSize : 16 <-- 0.002516 s

maxsize : 16
nodes : 4643.000000
filtered : 168568.000000
time : 0.023763
