Parameters: GAD=1 vflib=1 dir=0 label=0 lowerbound=1 fileNameGp=../graphsdb/mcs90/rand/r02/mcs90_r02_s35.A17 fileNameGt=../graphsdb/mcs90/rand/r02/mcs90_r02_s35.B17
Reading graphs...
35 :  220
35 :  222
Initializing...
maxdom : 35
D->valSize : 1225
Solving...
Blb : 2 (clique : 12)
currentSize : 12 <-- 0.029441 s
currentSize : 13 <-- 0.057240 s
currentSize : 14 <-- 0.265844 s
currentSize : 15 <-- 0.334594 s
currentSize : 17 <-- 0.544699 s
currentSize : 19 <-- 0.702764 s
currentSize : 22 <-- 1.314899 s
currentSize : 31 <-- 1.360068 s

maxsize : 31
nodes : 332276.000000
filtered : 6684775.000000
time : 1.458859
