Parameters: GAD=1 vflib=1 dir=0 label=0 lowerbound=1 fileNameGp=../graphsdb/mcs90/bvg/b06/mcs90_b06_s30.A22 fileNameGt=../graphsdb/mcs90/bvg/b06/mcs90_b06_s30.B22
Reading graphs...
30 :  90
30 :  90
Initializing...
maxdom : 30
D->valSize : 900
Solving...
Blb : 2 (clique : 19)
currentSize : 19 <-- 0.010237 s
currentSize : 20 <-- 0.011113 s
currentSize : 21 <-- 0.014631 s
currentSize : 23 <-- 0.015436 s
currentSize : 24 <-- 0.015484 s
currentSize : 25 <-- 0.015669 s
currentSize : 27 <-- 0.015985 s

maxsize : 27
nodes : 8793.000000
filtered : 330593.000000
time : 0.060799
