Parameters: GAD=1 vflib=1 dir=0 label=0 lowerbound=1 fileNameGp=../graphsdb/mcs90/rand/r01/mcs90_r01_s30.A99 fileNameGt=../graphsdb/mcs90/rand/r01/mcs90_r01_s30.B99
Reading graphs...
30 :  80
30 :  80
Initializing...
maxdom : 30
D->valSize : 900
Solving...
Blb : 2 (clique : 14)
currentSize : 14 <-- 0.018153 s
currentSize : 15 <-- 0.018424 s
currentSize : 16 <-- 0.023177 s
currentSize : 17 <-- 0.040169 s
currentSize : 18 <-- 0.042265 s
currentSize : 19 <-- 2.505925 s
currentSize : 20 <-- 6.029728 s
currentSize : 22 <-- 8.224111 s
currentSize : 27 <-- 8.271887 s

maxsize : 27
nodes : 1836675.000000
filtered : 48837183.000000
time : 8.293742
