Parameters: GAD=1 vflib=1 dir=0 label=0 lowerbound=1 fileNameGp=../graphsdb/mcs90/bvg/b03/mcs90_b03_s35.A66 fileNameGt=../graphsdb/mcs90/bvg/b03/mcs90_b03_s35.B66
Reading graphs...
35 :  52
35 :  52
Initializing...
maxdom : 35
D->valSize : 1225
Solving...
Blb : 2 (clique : 24)
currentSize : 24 <-- 0.021604 s
currentSize : 25 <-- 0.065041 s
currentSize : 26 <-- 0.077471 s
currentSize : 27 <-- 0.085894 s
currentSize : 28 <-- 0.089145 s
currentSize : 29 <-- 0.197189 s
currentSize : 30 <-- 0.218726 s
currentSize : 31 <-- 0.247832 s
currentSize : 32 <-- 0.255885 s

maxsize : 32
nodes : 55203.000000
filtered : 1598268.000000
time : 0.338125
