Parameters: GAD=1 vflib=1 dir=0 label=0 lowerbound=1 fileNameGp=../graphsdb/mcs90/bvg/b06m/mcs90_b06m_s30.A37 fileNameGt=../graphsdb/mcs90/bvg/b06m/mcs90_b06m_s30.B37
Reading graphs...
30 :  87
30 :  87
Initializing...
maxdom : 30
D->valSize : 900
Solving...
Blb : 2 (clique : 14)
currentSize : 14 <-- 0.010400 s
currentSize : 15 <-- 0.010510 s
currentSize : 16 <-- 0.017727 s
currentSize : 17 <-- 0.668409 s
currentSize : 18 <-- 1.654099 s
currentSize : 19 <-- 1.720327 s
currentSize : 20 <-- 2.051596 s
currentSize : 21 <-- 2.051637 s
currentSize : 23 <-- 2.181220 s
currentSize : 24 <-- 2.313714 s
currentSize : 25 <-- 2.315901 s
currentSize : 27 <-- 2.315980 s

maxsize : 27
nodes : 561765.000000
filtered : 12612655.000000
time : 2.336390
