Parameters: GAD=1 vflib=1 dir=0 label=0 lowerbound=1 fileNameGp=../graphsdb/mcs90/rand/r01/mcs90_r01_s20.A31 fileNameGt=../graphsdb/mcs90/rand/r01/mcs90_r01_s20.B31
Reading graphs...
20 :  36
20 :  37
Initializing...
maxdom : 20
D->valSize : 400
Solving...
Blb : 2 (clique : 11)
currentSize : 11 <-- 0.002447 s
currentSize : 12 <-- 0.002526 s
currentSize : 13 <-- 0.003518 s
currentSize : 14 <-- 0.004253 s
currentSize : 15 <-- 0.024737 s
currentSize : 16 <-- 0.052083 s
currentSize : 18 <-- 0.052196 s

maxsize : 18
nodes : 13645.000000
filtered : 307024.000000
time : 0.052849
