Parameters: GAD=1 vflib=1 dir=0 label=0 lowerbound=1 fileNameGp=../graphsdb/mcs90/bvg/b06/mcs90_b06_s35.A13 fileNameGt=../graphsdb/mcs90/bvg/b06/mcs90_b06_s35.B13
Reading graphs...
35 :  105
35 :  105
Initializing...
maxdom : 35
D->valSize : 1225
Solving...
Blb : 2 (clique : 19)
currentSize : 19 <-- 0.033632 s
currentSize : 20 <-- 0.036208 s
currentSize : 21 <-- 0.036299 s
currentSize : 22 <-- 0.036371 s
currentSize : 23 <-- 0.044159 s
currentSize : 24 <-- 0.045000 s
currentSize : 25 <-- 0.046938 s
currentSize : 26 <-- 0.095205 s
currentSize : 27 <-- 0.098855 s
currentSize : 28 <-- 0.177588 s
currentSize : 29 <-- 0.177713 s
currentSize : 30 <-- 0.181031 s
currentSize : 31 <-- 0.181379 s
currentSize : 32 <-- 0.278000 s

maxsize : 32
nodes : 34793.000000
filtered : 1325164.000000
time : 0.348260
