Parameters: GAD=1 vflib=1 dir=0 label=0 lowerbound=1 fileNameGp=../graphsdb/mcs90/bvg/b03/mcs90_b03_s25.A82 fileNameGt=../graphsdb/mcs90/bvg/b03/mcs90_b03_s25.B82
Reading graphs...
25 :  37
25 :  37
Initializing...
maxdom : 25
D->valSize : 625
Solving...
Blb : 2 (clique : 16)
currentSize : 16 <-- 0.005456 s
currentSize : 17 <-- 0.005550 s
currentSize : 18 <-- 0.005719 s
currentSize : 19 <-- 0.008471 s
currentSize : 20 <-- 0.009880 s
currentSize : 21 <-- 0.009968 s
currentSize : 23 <-- 0.011101 s

maxsize : 23
nodes : 4005.000000
filtered : 88205.000000
time : 0.022164
