Parameters: GAD=1 vflib=1 dir=0 label=0 lowerbound=1 fileNameGp=../graphsdb/mcs90/rand/r005/mcs90_r005_s35.A91 fileNameGt=../graphsdb/mcs90/rand/r005/mcs90_r005_s35.B91
Reading graphs...
35 :  58
35 :  58
Initializing...
maxdom : 35
D->valSize : 1225
Solving...
Blb : 2 (clique : 26)
currentSize : 26 <-- 0.021335 s
currentSize : 27 <-- 0.972561 s
currentSize : 29 <-- 1.379868 s
currentSize : 30 <-- 1.382354 s
currentSize : 31 <-- 1.382466 s

maxsize : 31
nodes : 202105.000000
filtered : 9444857.000000
time : 1.467189
