Parameters: GAD=1 vflib=1 dir=0 label=0 lowerbound=1 fileNameGp=../graphsdb/mcs90/bvg/b06m/mcs90_b06m_s35.A40 fileNameGt=../graphsdb/mcs90/bvg/b06m/mcs90_b06m_s35.B40
Reading graphs...
35 :  105
35 :  105
Initializing...
maxdom : 35
D->valSize : 1225
Solving...
Blb : 2 (clique : 16)
currentSize : 16 <-- 0.019111 s
currentSize : 17 <-- 0.019274 s
currentSize : 18 <-- 0.019488 s
currentSize : 19 <-- 0.032943 s
currentSize : 20 <-- 0.135815 s
currentSize : 21 <-- 14.842850 s
currentSize : 22 <-- 48.419865 s
currentSize : 23 <-- 61.269661 s
currentSize : 24 <-- 76.943802 s
currentSize : 25 <-- 77.394478 s
currentSize : 26 <-- 77.548782 s
currentSize : 27 <-- 78.274643 s
currentSize : 28 <-- 78.274925 s
currentSize : 31 <-- 79.266891 s

maxsize : 31
nodes : 13683120.000000
filtered : 534043834.000000
time : 79.298965
