Parameters: GAD=1 vflib=1 dir=0 label=0 lowerbound=1 fileNameGp=../graphsdb/mcs90/m2D/m2Dr4/mcs90_m2Dr4_s20.A18 fileNameGt=../graphsdb/mcs90/m2D/m2Dr4/mcs90_m2Dr4_s20.B18
Reading graphs...
20 :  37
20 :  36
Initializing...
maxdom : 20
D->valSize : 400
Solving...
Blb : 2 (clique : 12)
currentSize : 12 <-- 0.002310 s
currentSize : 13 <-- 0.002386 s
currentSize : 14 <-- 0.002482 s
currentSize : 15 <-- 0.003734 s
currentSize : 16 <-- 0.004414 s

maxsize : 16
nodes : 10598.000000
filtered : 268714.000000
time : 0.043207
