Parameters: GAD=1 vflib=1 dir=0 label=0 lowerbound=1 fileNameGp=../graphsdb/mcs90/m2D/m2D/mcs90_m2D_s20.A80 fileNameGt=../graphsdb/mcs90/m2D/m2D/mcs90_m2D_s20.B80
Reading graphs...
20 :  31
20 :  31
Initializing...
maxdom : 20
D->valSize : 400
Solving...
Blb : 2 (clique : 12)
currentSize : 12 <-- 0.004083 s
currentSize : 13 <-- 0.004173 s
currentSize : 14 <-- 0.005961 s
currentSize : 15 <-- 0.010604 s
currentSize : 17 <-- 0.010730 s
currentSize : 18 <-- 0.019835 s

maxsize : 18
nodes : 3346.000000
filtered : 59276.000000
time : 0.021132
