Parameters: GAD=1 vflib=1 dir=0 label=0 lowerbound=1 fileNameGp=../graphsdb/mcs90/bvg/b09/mcs90_b09_s35.A05 fileNameGt=../graphsdb/mcs90/bvg/b09/mcs90_b09_s35.B05
Reading graphs...
35 :  157
35 :  156
Initializing...
maxdom : 35
D->valSize : 1225
Solving...
Blb : 2 (clique : 13)
currentSize : 13 <-- 0.018342 s
currentSize : 15 <-- 0.018468 s
currentSize : 16 <-- 0.019025 s
currentSize : 17 <-- 0.020230 s
currentSize : 18 <-- 0.023573 s
currentSize : 19 <-- 0.119332 s
currentSize : 20 <-- 0.151210 s
currentSize : 21 <-- 0.189951 s
currentSize : 22 <-- 0.208855 s
currentSize : 24 <-- 0.224884 s
currentSize : 26 <-- 0.290065 s
currentSize : 30 <-- 0.319520 s

maxsize : 30
nodes : 114949.000000
filtered : 5133089.000000
time : 0.726393
