Parameters: GAD=1 vflib=1 dir=0 label=0 lowerbound=1 fileNameGp=../graphsdb/mcs90/m2D/m2Dr2/mcs90_m2Dr2_s20.A70 fileNameGt=../graphsdb/mcs90/m2D/m2Dr2/mcs90_m2Dr2_s20.B70
Reading graphs...
20 :  33
20 :  33
Initializing...
maxdom : 20
D->valSize : 400
Solving...
Blb : 2 (clique : 12)
currentSize : 12 <-- 0.002305 s
currentSize : 13 <-- 0.002372 s
currentSize : 14 <-- 0.002411 s
currentSize : 15 <-- 0.004671 s
currentSize : 16 <-- 0.067659 s

maxsize : 16
nodes : 31303.000000
filtered : 589198.000000
time : 0.108927
