Parameters: GAD=1 vflib=1 dir=0 label=0 lowerbound=1 fileNameGp=../graphsdb/mcs90/bvg/b09m/mcs90_b09m_s35.A10 fileNameGt=../graphsdb/mcs90/bvg/b09m/mcs90_b09m_s35.B10
Reading graphs...
35 :  151
35 :  152
Initializing...
maxdom : 35
D->valSize : 1225
Solving...
Blb : 5 (clique : 13)
currentSize : 13 <-- 0.018310 s
currentSize : 14 <-- 0.018501 s
currentSize : 15 <-- 0.018607 s
currentSize : 16 <-- 0.265921 s
currentSize : 17 <-- 1.081241 s
currentSize : 18 <-- 3.286159 s
currentSize : 22 <-- 4.212731 s
currentSize : 25 <-- 4.213177 s
currentSize : 30 <-- 4.697944 s

maxsize : 30
nodes : 1096537.000000
filtered : 25479457.000000
time : 4.929812
