Parameters: GAD=1 vflib=1 dir=0 label=0 lowerbound=1 fileNameGp=../graphsdb/mcs90/m2D/m2Dr4/mcs90_m2Dr4_s20.A44 fileNameGt=../graphsdb/mcs90/m2D/m2Dr4/mcs90_m2Dr4_s20.B44
Reading graphs...
20 :  38
20 :  36
Initializing...
maxdom : 20
D->valSize : 400
Solving...
Blb : 2 (clique : 11)
currentSize : 11 <-- 0.002414 s
currentSize : 12 <-- 0.002474 s
currentSize : 13 <-- 0.002686 s
currentSize : 14 <-- 0.004952 s
currentSize : 15 <-- 0.166567 s
currentSize : 16 <-- 0.175508 s
currentSize : 17 <-- 0.175524 s

maxsize : 17
nodes : 58289.000000
filtered : 874558.000000
time : 0.180077
