Parameters: GAD=1 vflib=1 dir=0 label=0 lowerbound=1 fileNameGp=../graphsdb/mcs90/bvg/b09m/mcs90_b09m_s35.A68 fileNameGt=../graphsdb/mcs90/bvg/b09m/mcs90_b09m_s35.B68
Reading graphs...
35 :  154
35 :  151
Initializing...
maxdom : 35
D->valSize : 1225
Solving...
Blb : 5 (clique : 12)
currentSize : 12 <-- 0.018390 s
currentSize : 14 <-- 0.018563 s
currentSize : 16 <-- 0.018854 s
currentSize : 17 <-- 1.796325 s
currentSize : 20 <-- 2.515080 s
currentSize : 22 <-- 2.542075 s
currentSize : 23 <-- 5.415358 s
currentSize : 25 <-- 11.840324 s
currentSize : 30 <-- 12.289911 s

maxsize : 30
nodes : 2168955.000000
filtered : 80296132.000000
time : 12.372411
