Parameters: GAD=1 vflib=1 dir=0 label=0 lowerbound=1 fileNameGp=../graphsdb/mcs90/bvg/b06m/mcs90_b06m_s25.A69 fileNameGt=../graphsdb/mcs90/bvg/b06m/mcs90_b06m_s25.B69
Reading graphs...
25 :  73
25 :  73
Initializing...
maxdom : 25
D->valSize : 625
Solving...
Blb : 5 (clique : 13)
currentSize : 13 <-- 0.008609 s
currentSize : 14 <-- 0.042258 s
currentSize : 15 <-- 0.048592 s
currentSize : 16 <-- 0.049013 s
currentSize : 17 <-- 0.054785 s
currentSize : 18 <-- 0.067374 s
currentSize : 19 <-- 0.215460 s
currentSize : 22 <-- 0.219664 s

maxsize : 22
nodes : 31017.000000
filtered : 906094.000000
time : 0.234771
