Parameters: GAD=1 vflib=1 dir=0 label=0 lowerbound=1 fileNameGp=../graphsdb/mcs90/bvg/b06m/mcs90_b06m_s15.A81 fileNameGt=../graphsdb/mcs90/bvg/b06m/mcs90_b06m_s15.B81
Reading graphs...
15 :  44
15 :  44
Initializing...
maxdom : 15
D->valSize : 225
Solving...
Blb : 2 (clique : 8)
currentSize : 8 <-- 0.000894 s
currentSize : 9 <-- 0.000930 s
currentSize : 10 <-- 0.009006 s
currentSize : 11 <-- 0.010058 s
currentSize : 13 <-- 0.013617 s

maxsize : 13
nodes : 5610.000000
filtered : 53275.000000
time : 0.014023
