Parameters: GAD=1 vflib=1 dir=0 label=0 lowerbound=1 fileNameGp=../graphsdb/mcs90/rand/r02/mcs90_r02_s20.A33 fileNameGt=../graphsdb/mcs90/rand/r02/mcs90_r02_s20.B33
Reading graphs...
20 :  69
20 :  67
Initializing...
maxdom : 20
D->valSize : 400
Solving...
Blb : 3 (clique : 10)
currentSize : 10 <-- 0.002070 s
currentSize : 11 <-- 0.005148 s
currentSize : 12 <-- 0.014906 s
currentSize : 13 <-- 0.060523 s
currentSize : 14 <-- 0.060576 s
currentSize : 18 <-- 0.072730 s

maxsize : 18
nodes : 24339.000000
filtered : 307079.000000
time : 0.073364
