Parameters: GAD=1 vflib=1 dir=0 label=0 lowerbound=1 fileNameGp=../graphsdb/mcs90/m3D/m3Dr2/mcs90_m3Dr2_s30.A61 fileNameGt=../graphsdb/mcs90/m3D/m3Dr2/mcs90_m3Dr2_s30.B61
Reading graphs...
30 :  65
30 :  65
Initializing...
maxdom : 30
D->valSize : 900
Solving...
Blb : 2 (clique : 21)
currentSize : 21 <-- 0.018880 s
currentSize : 22 <-- 0.027696 s
currentSize : 23 <-- 0.220974 s
currentSize : 24 <-- 0.223770 s
currentSize : 27 <-- 0.297683 s

maxsize : 27
nodes : 51461.000000
filtered : 1327572.000000
time : 0.330378
