Parameters: GAD=1 vflib=1 dir=0 label=0 lowerbound=1 fileNameGp=../graphsdb/mcs90/m2D/m2D/mcs90_m2D_s30.A07 fileNameGt=../graphsdb/mcs90/m2D/m2D/mcs90_m2D_s30.B07
Reading graphs...
30 :  49
30 :  49
Initializing...
maxdom : 30
D->valSize : 900
Solving...
Blb : 2 (clique : 20)
currentSize : 20 <-- 0.011412 s
currentSize : 21 <-- 0.017071 s
currentSize : 22 <-- 0.108443 s
currentSize : 23 <-- 0.699044 s
currentSize : 24 <-- 1.687650 s
currentSize : 25 <-- 1.687926 s
currentSize : 26 <-- 1.690442 s
currentSize : 27 <-- 1.751419 s

maxsize : 27
nodes : 314431.000000
filtered : 10932385.000000
time : 1.761011
