Parameters: GAD=1 vflib=1 dir=0 label=0 lowerbound=1 fileNameGp=../graphsdb/mcs90/bvg/b09m/mcs90_b09m_s30.A66 fileNameGt=../graphsdb/mcs90/bvg/b09m/mcs90_b09m_s30.B66
Reading graphs...
30 :  128
30 :  128
Initializing...
maxdom : 30
D->valSize : 900
Solving...
Blb : 3 (clique : 12)
currentSize : 12 <-- 0.015568 s
currentSize : 14 <-- 0.015673 s
currentSize : 15 <-- 0.183595 s
currentSize : 21 <-- 0.448859 s
currentSize : 26 <-- 0.875305 s

maxsize : 26
nodes : 203200.000000
filtered : 5417491.000000
time : 0.944573
