Parameters: GAD=1 vflib=1 dir=0 label=0 lowerbound=1 fileNameGp=../graphsdb/mcs90/bvg/b06/mcs90_b06_s35.A89 fileNameGt=../graphsdb/mcs90/bvg/b06/mcs90_b06_s35.B89
Reading graphs...
35 :  105
35 :  104
Initializing...
maxdom : 35
D->valSize : 1225
Solving...
Blb : 2 (clique : 22)
currentSize : 22 <-- 0.019474 s
currentSize : 23 <-- 0.019720 s
currentSize : 24 <-- 0.422322 s
currentSize : 25 <-- 0.535793 s
currentSize : 26 <-- 0.538101 s
currentSize : 27 <-- 0.538288 s
currentSize : 31 <-- 0.544004 s

maxsize : 31
nodes : 147126.000000
filtered : 3798361.000000
time : 0.750588
