Parameters: GAD=1 vflib=1 dir=0 label=0 lowerbound=1 fileNameGp=../graphsdb/mcs90/bvg/b09m/mcs90_b09m_s35.A99 fileNameGt=../graphsdb/mcs90/bvg/b09m/mcs90_b09m_s35.B99
Reading graphs...
35 :  151
35 :  152
Initializing...
maxdom : 35
D->valSize : 1225
Solving...
Blb : 3 (clique : 16)
currentSize : 16 <-- 0.018857 s
currentSize : 17 <-- 6.006396 s
currentSize : 18 <-- 6.008897 s
currentSize : 19 <-- 6.138625 s
currentSize : 20 <-- 6.146074 s
currentSize : 22 <-- 25.979803 s
currentSize : 23 <-- 43.667355 s
currentSize : 28 <-- 43.667454 s
currentSize : 30 <-- 43.667507 s

maxsize : 30
nodes : 8589901.000000
filtered : 243333285.000000
time : 43.826653
