Parameters: GAD=1 vflib=1 dir=0 label=0 lowerbound=1 fileNameGp=../graphsdb/mcs90/bvg/b06m/mcs90_b06m_s25.A68 fileNameGt=../graphsdb/mcs90/bvg/b06m/mcs90_b06m_s25.B68
Reading graphs...
25 :  75
25 :  75
Initializing...
maxdom : 25
D->valSize : 625
Solving...
Blb : 2 (clique : 12)
currentSize : 12 <-- 0.005018 s
currentSize : 13 <-- 0.005164 s
currentSize : 14 <-- 0.013172 s
currentSize : 15 <-- 0.036113 s
currentSize : 16 <-- 0.481125 s
currentSize : 17 <-- 0.481139 s
currentSize : 18 <-- 0.590476 s
currentSize : 19 <-- 0.637850 s
currentSize : 20 <-- 0.669185 s
currentSize : 22 <-- 0.669228 s

maxsize : 22
nodes : 171648.000000
filtered : 3803222.000000
time : 0.676593
