Parameters: GAD=1 vflib=1 dir=0 label=0 lowerbound=1 fileNameGp=../graphsdb/mcs90/bvg/b03/mcs90_b03_s35.A56 fileNameGt=../graphsdb/mcs90/bvg/b03/mcs90_b03_s35.B56
Reading graphs...
35 :  52
35 :  52
Initializing...
maxdom : 35
D->valSize : 1225
Solving...
Blb : 2 (clique : 26)
currentSize : 26 <-- 0.021958 s
currentSize : 28 <-- 0.036686 s
currentSize : 30 <-- 0.043655 s
currentSize : 31 <-- 0.046275 s
currentSize : 32 <-- 0.237418 s

maxsize : 32
nodes : 41558.000000
filtered : 1506152.000000
time : 0.315454
