Parameters: GAD=1 vflib=1 dir=0 label=0 lowerbound=1 fileNameGp=../graphsdb/mcs90/rand/r01/mcs90_r01_s35.A54 fileNameGt=../graphsdb/mcs90/rand/r01/mcs90_r01_s35.B54
Reading graphs...
35 :  113
35 :  113
Initializing...
maxdom : 35
D->valSize : 1225
Solving...
Blb : 2 (clique : 15)
currentSize : 15 <-- 0.019147 s
currentSize : 16 <-- 0.019366 s
currentSize : 17 <-- 0.019921 s
currentSize : 18 <-- 0.037604 s
currentSize : 19 <-- 0.037670 s
currentSize : 20 <-- 0.059483 s
currentSize : 22 <-- 0.164300 s
currentSize : 31 <-- 0.170328 s

maxsize : 31
nodes : 41114.000000
filtered : 1303074.000000
time : 0.233485
