Parameters: GAD=1 vflib=1 dir=0 label=0 lowerbound=1 fileNameGp=../graphsdb/mcs90/bvg/b09/mcs90_b09_s30.A98 fileNameGt=../graphsdb/mcs90/bvg/b09/mcs90_b09_s30.B98
Reading graphs...
30 :  133
30 :  135
Initializing...
maxdom : 30
D->valSize : 900
Solving...
Blb : 2 (clique : 15)
currentSize : 15 <-- 0.016984 s
currentSize : 16 <-- 0.017151 s
currentSize : 18 <-- 0.017234 s
currentSize : 19 <-- 0.024096 s
currentSize : 20 <-- 0.024149 s
currentSize : 21 <-- 0.034383 s
currentSize : 22 <-- 0.034479 s
currentSize : 26 <-- 0.034579 s

maxsize : 26
nodes : 22412.000000
filtered : 1164918.000000
time : 0.175740
