Parameters: GAD=1 vflib=1 dir=0 label=0 lowerbound=1 fileNameGp=../graphsdb/mcs90/bvg/b06/mcs90_b06_s30.A82 fileNameGt=../graphsdb/mcs90/bvg/b06/mcs90_b06_s30.B82
Reading graphs...
30 :  90
30 :  89
Initializing...
maxdom : 30
D->valSize : 900
Solving...
Blb : 2 (clique : 17)
currentSize : 17 <-- 0.010330 s
currentSize : 20 <-- 0.010455 s
currentSize : 21 <-- 0.010462 s
currentSize : 22 <-- 0.021774 s
currentSize : 23 <-- 0.021851 s
currentSize : 25 <-- 0.021945 s
currentSize : 27 <-- 0.022086 s
currentSize : 28 <-- 0.037398 s

maxsize : 28
nodes : 7817.000000
filtered : 217769.000000
time : 0.047277
