Parameters: GAD=1 vflib=1 dir=0 label=0 lowerbound=1 fileNameGp=../graphsdb/mcs90/bvg/b06/mcs90_b06_s25.A07 fileNameGt=../graphsdb/mcs90/bvg/b06/mcs90_b06_s25.B07
Reading graphs...
25 :  74
25 :  75
Initializing...
maxdom : 25
D->valSize : 625
Solving...
Blb : 2 (clique : 12)
currentSize : 12 <-- 0.005129 s
currentSize : 16 <-- 0.005209 s
currentSize : 17 <-- 0.005246 s
currentSize : 19 <-- 0.005287 s
currentSize : 20 <-- 0.005350 s
currentSize : 21 <-- 0.005467 s
currentSize : 22 <-- 0.005522 s

maxsize : 22
nodes : 5491.000000
filtered : 201719.000000
time : 0.032450
