Parameters: GAD=1 vflib=1 dir=0 label=0 lowerbound=1 fileNameGp=../graphsdb/mcs90/bvg/b03m/mcs90_b03m_s35.A68 fileNameGt=../graphsdb/mcs90/bvg/b03m/mcs90_b03m_s35.B68
Reading graphs...
35 :  51
35 :  51
Initializing...
maxdom : 35
D->valSize : 1225
Solving...
Blb : 2 (clique : 20)
currentSize : 20 <-- 0.037801 s
currentSize : 22 <-- 0.038089 s
currentSize : 23 <-- 0.038908 s
currentSize : 24 <-- 0.051232 s
currentSize : 25 <-- 0.060548 s
currentSize : 26 <-- 0.944495 s
currentSize : 27 <-- 195.395035 s
currentSize : 28 <-- 268.902466 s
currentSize : 29 <-- 271.369019 s
currentSize : 30 <-- 274.607605 s

maxsize : 30
nodes : 41189544.000000
filtered : 1767496594.000000
time : 275.970062
