Parameters: GAD=1 vflib=1 dir=0 label=0 lowerbound=1 fileNameGp=../graphsdb/mcs90/bvg/b03m/mcs90_b03m_s20.A04 fileNameGt=../graphsdb/mcs90/bvg/b03m/mcs90_b03m_s20.B04
Reading graphs...
20 :  28
20 :  28
Initializing...
maxdom : 20
D->valSize : 400
Solving...
Blb : 2 (clique : 13)
currentSize : 13 <-- 0.002447 s
currentSize : 14 <-- 0.002676 s
currentSize : 15 <-- 0.003787 s
currentSize : 16 <-- 0.079041 s
currentSize : 18 <-- 0.080717 s

maxsize : 18
nodes : 23033.000000
filtered : 448249.000000
time : 0.082387
