Parameters: GAD=1 vflib=1 dir=0 label=0 lowerbound=1 fileNameGp=../graphsdb/mcs90/bvg/b09m/mcs90_b09m_s30.A65 fileNameGt=../graphsdb/mcs90/bvg/b09m/mcs90_b09m_s30.B65
Reading graphs...
30 :  131
30 :  132
Initializing...
maxdom : 30
D->valSize : 900
Solving...
Blb : 3 (clique : 12)
currentSize : 12 <-- 0.016871 s
currentSize : 13 <-- 0.020085 s
currentSize : 14 <-- 0.051602 s
currentSize : 15 <-- 0.436142 s
currentSize : 16 <-- 11.870734 s
currentSize : 17 <-- 11.877582 s
currentSize : 18 <-- 11.878525 s
currentSize : 20 <-- 11.880833 s
currentSize : 25 <-- 12.590505 s
currentSize : 26 <-- 12.590551 s

maxsize : 26
nodes : 3512819.000000
filtered : 50395601.000000
time : 12.663720
