Parameters: GAD=1 vflib=1 dir=0 label=0 lowerbound=1 fileNameGp=../graphsdb/mcs90/rand/r02/mcs90_r02_s35.A93 fileNameGt=../graphsdb/mcs90/rand/r02/mcs90_r02_s35.B93
Reading graphs...
35 :  220
35 :  217
Initializing...
maxdom : 35
D->valSize : 1225
Solving...
Blb : 5 (clique : 11)
currentSize : 11 <-- 0.017308 s
currentSize : 12 <-- 0.017480 s
currentSize : 13 <-- 0.022915 s
currentSize : 14 <-- 0.612292 s
currentSize : 15 <-- 0.662322 s
currentSize : 16 <-- 0.786393 s
currentSize : 17 <-- 11.462228 s
currentSize : 18 <-- 12.313673 s
currentSize : 19 <-- 15.712368 s
currentSize : 21 <-- 32.830746 s
currentSize : 23 <-- 33.855881 s
currentSize : 31 <-- 35.034531 s

maxsize : 31
nodes : 7851896.000000
filtered : 160187976.000000
time : 35.108192
