Parameters: GAD=1 vflib=1 dir=0 label=0 lowerbound=1 fileNameGp=../graphsdb/mcs90/m2D/m2Dr2/mcs90_m2Dr2_s20.A86 fileNameGt=../graphsdb/mcs90/m2D/m2Dr2/mcs90_m2Dr2_s20.B86
Reading graphs...
20 :  35
20 :  34
Initializing...
maxdom : 20
D->valSize : 400
Solving...
Blb : 2 (clique : 13)
currentSize : 13 <-- 0.002469 s
currentSize : 14 <-- 0.007482 s
currentSize : 15 <-- 0.022998 s
currentSize : 16 <-- 0.024236 s
currentSize : 17 <-- 0.024266 s

maxsize : 17
nodes : 8550.000000
filtered : 167600.000000
time : 0.032283
