Parameters: GAD=1 vflib=1 dir=0 label=0 lowerbound=1 fileNameGp=../graphsdb/mcs90/bvg/b09m/mcs90_b09m_s35.A03 fileNameGt=../graphsdb/mcs90/bvg/b09m/mcs90_b09m_s35.B03
Reading graphs...
35 :  153
35 :  152
Initializing...
maxdom : 35
D->valSize : 1225
Solving...
Blb : 2 (clique : 13)
currentSize : 13 <-- 0.018393 s
currentSize : 14 <-- 0.018696 s
currentSize : 15 <-- 0.022022 s
currentSize : 16 <-- 0.219494 s
currentSize : 17 <-- 14.044519 s
currentSize : 18 <-- 20.928780 s
currentSize : 19 <-- 55.202736 s
currentSize : 21 <-- 55.204773 s
currentSize : 23 <-- 55.370953 s
currentSize : 30 <-- 57.607166 s

maxsize : 30
nodes : 13191520.000000
filtered : 292272738.000000
time : 57.863026
