Parameters: GAD=1 vflib=1 dir=0 label=0 lowerbound=1 fileNameGp=../graphsdb/mcs90/m2D/m2Dr4/mcs90_m2Dr4_s20.A00 fileNameGt=../graphsdb/mcs90/m2D/m2Dr4/mcs90_m2Dr4_s20.B00
Reading graphs...
20 :  37
20 :  36
Initializing...
maxdom : 20
D->valSize : 400
Solving...
Blb : 2 (clique : 11)
currentSize : 11 <-- 0.002358 s
currentSize : 12 <-- 0.002522 s
currentSize : 13 <-- 0.002629 s
currentSize : 14 <-- 0.023678 s
currentSize : 15 <-- 0.039572 s
currentSize : 16 <-- 0.039978 s

maxsize : 16
nodes : 17500.000000
filtered : 396751.000000
time : 0.065009
