Parameters: GAD=1 vflib=1 dir=0 label=0 lowerbound=1 fileNameGp=../graphsdb/mcs90/bvg/b09/mcs90_b09_s25.A67 fileNameGt=../graphsdb/mcs90/bvg/b09/mcs90_b09_s25.B67
Reading graphs...
25 :  111
25 :  112
Initializing...
maxdom : 25
D->valSize : 625
Solving...
Blb : 2 (clique : 14)
currentSize : 14 <-- 0.004770 s
currentSize : 15 <-- 0.005080 s
currentSize : 16 <-- 0.006974 s
currentSize : 17 <-- 0.007111 s
currentSize : 21 <-- 0.007179 s
currentSize : 22 <-- 0.013452 s

maxsize : 22
nodes : 4209.000000
filtered : 213717.000000
time : 0.029316
