Parameters: GAD=1 vflib=1 dir=0 label=0 lowerbound=1 fileNameGp=../graphsdb/mcs90/m4D/m4Dr6/mcs90_m4Dr6_s20.A78 fileNameGt=../graphsdb/mcs90/m4D/m4Dr6/mcs90_m4Dr6_s20.B78
Reading graphs...
20 :  49
20 :  48
Initializing...
maxdom : 20
D->valSize : 400
Solving...
Blb : 5 (clique : 11)
currentSize : 11 <-- 0.002227 s
currentSize : 12 <-- 0.002292 s
currentSize : 13 <-- 0.002421 s
currentSize : 15 <-- 0.017150 s
currentSize : 16 <-- 0.017173 s

maxsize : 16
nodes : 8743.000000
filtered : 190695.000000
time : 0.033099
