Parameters: GAD=1 vflib=1 dir=0 label=0 lowerbound=1 fileNameGp=../graphsdb/mcs90/bvg/b09m/mcs90_b09m_s35.A98 fileNameGt=../graphsdb/mcs90/bvg/b09m/mcs90_b09m_s35.B98
Reading graphs...
35 :  152
35 :  154
Initializing...
maxdom : 35
D->valSize : 1225
Solving...
Blb : 2 (clique : 13)
currentSize : 13 <-- 0.019538 s
currentSize : 14 <-- 0.019766 s
currentSize : 15 <-- 0.031891 s
currentSize : 16 <-- 0.034297 s
currentSize : 17 <-- 4.215097 s
currentSize : 18 <-- 27.703005 s
currentSize : 21 <-- 27.802879 s
currentSize : 23 <-- 34.185684 s
currentSize : 24 <-- 35.910877 s
currentSize : 26 <-- 35.910946 s
currentSize : 30 <-- 35.911041 s

maxsize : 30
nodes : 8114642.000000
filtered : 183580691.000000
time : 36.187756
