Parameters: GAD=1 vflib=1 dir=0 label=0 lowerbound=1 fileNameGp=../graphsdb/mcs90/bvg/b06m/mcs90_b06m_s35.A20 fileNameGt=../graphsdb/mcs90/bvg/b06m/mcs90_b06m_s35.B20
Reading graphs...
35 :  104
35 :  103
Initializing...
maxdom : 35
D->valSize : 1225
Solving...
Blb : 2 (clique : 15)
currentSize : 15 <-- 0.019544 s
currentSize : 16 <-- 0.019691 s
currentSize : 17 <-- 0.019701 s
currentSize : 18 <-- 0.019785 s
currentSize : 19 <-- 0.020952 s
currentSize : 20 <-- 0.098028 s
currentSize : 21 <-- 0.496584 s
currentSize : 22 <-- 12.643049 s
currentSize : 24 <-- 133.760406 s
currentSize : 31 <-- 133.805481 s

maxsize : 31
nodes : 22168406.000000
filtered : 880768900.000000
time : 133.891586
