Parameters: GAD=1 vflib=1 dir=0 label=0 lowerbound=1 fileNameGp=../graphsdb/mcs90/bvg/b06m/mcs90_b06m_s20.A49 fileNameGt=../graphsdb/mcs90/bvg/b06m/mcs90_b06m_s20.B49
Reading graphs...
20 :  59
20 :  59
Initializing...
maxdom : 20
D->valSize : 400
Solving...
Blb : 3 (clique : 10)
currentSize : 10 <-- 0.003539 s
currentSize : 12 <-- 0.007397 s
currentSize : 14 <-- 0.009072 s
currentSize : 16 <-- 0.025818 s
currentSize : 18 <-- 0.025927 s

maxsize : 18
nodes : 4874.000000
filtered : 89874.000000
time : 0.028635
