Parameters: GAD=1 vflib=1 dir=0 label=0 lowerbound=1 fileNameGp=../graphsdb/mcs90/rand/r005/mcs90_r005_s35.A54 fileNameGt=../graphsdb/mcs90/rand/r005/mcs90_r005_s35.B54
Reading graphs...
35 :  58
35 :  57
Initializing...
maxdom : 35
D->valSize : 1225
Solving...
Blb : 2 (clique : 22)
currentSize : 22 <-- 0.021094 s
currentSize : 23 <-- 0.035336 s
currentSize : 24 <-- 0.152358 s
currentSize : 25 <-- 9.527651 s
currentSize : 26 <-- 9.998577 s
currentSize : 27 <-- 60.730972 s
currentSize : 28 <-- 64.756218 s
currentSize : 29 <-- 64.757858 s
currentSize : 31 <-- 64.759369 s

maxsize : 31
nodes : 8714844.000000
filtered : 412320581.000000
time : 64.896500
