Parameters: GAD=1 vflib=1 dir=0 label=0 lowerbound=1 fileNameGp=../graphsdb/mcs90/rand/r01/mcs90_r01_s30.A73 fileNameGt=../graphsdb/mcs90/rand/r01/mcs90_r01_s30.B73
Reading graphs...
30 :  86
30 :  86
Initializing...
maxdom : 30
D->valSize : 900
Solving...
Blb : 2 (clique : 14)
currentSize : 14 <-- 0.010410 s
currentSize : 15 <-- 0.014817 s
currentSize : 16 <-- 0.015250 s
currentSize : 21 <-- 0.015492 s
currentSize : 27 <-- 0.019970 s

maxsize : 27
nodes : 4511.000000
filtered : 251178.000000
time : 0.040560
