Parameters: GAD=1 vflib=1 dir=0 label=0 lowerbound=1 fileNameGp=../graphsdb/mcs90/bvg/b09m/mcs90_b09m_s20.A38 fileNameGt=../graphsdb/mcs90/bvg/b09m/mcs90_b09m_s20.B38
Reading graphs...
20 :  85
20 :  84
Initializing...
maxdom : 20
D->valSize : 400
Solving...
Blb : 5 (clique : 9)
currentSize : 9 <-- 0.002072 s
currentSize : 10 <-- 0.003936 s
currentSize : 11 <-- 0.022018 s
currentSize : 12 <-- 0.065528 s
currentSize : 13 <-- 0.072156 s
currentSize : 14 <-- 0.072166 s
currentSize : 15 <-- 0.076207 s
currentSize : 18 <-- 0.076629 s

maxsize : 18
nodes : 27915.000000
filtered : 292295.000000
time : 0.079263
