Parameters: GAD=1 vflib=1 dir=0 label=0 lowerbound=1 fileNameGp=../graphsdb/mcs90/bvg/b06/mcs90_b06_s30.A47 fileNameGt=../graphsdb/mcs90/bvg/b06/mcs90_b06_s30.B47
Reading graphs...
30 :  90
30 :  89
Initializing...
maxdom : 30
D->valSize : 900
Solving...
Blb : 2 (clique : 18)
currentSize : 18 <-- 0.010345 s
currentSize : 20 <-- 0.010512 s
currentSize : 21 <-- 0.010709 s
currentSize : 22 <-- 0.011766 s
currentSize : 23 <-- 0.011822 s
currentSize : 25 <-- 0.012014 s
currentSize : 27 <-- 0.012584 s

maxsize : 27
nodes : 8550.000000
filtered : 354607.000000
time : 0.061550
