Parameters: GAD=1 vflib=1 dir=0 label=0 lowerbound=1 fileNameGp=../graphsdb/mcs90/rand/r01/mcs90_r01_s25.A48 fileNameGt=../graphsdb/mcs90/rand/r01/mcs90_r01_s25.B48
Reading graphs...
25 :  59
25 :  59
Initializing...
maxdom : 25
D->valSize : 625
Solving...
Blb : 5 (clique : 12)
currentSize : 12 <-- 0.005090 s
currentSize : 13 <-- 0.005244 s
currentSize : 14 <-- 0.009270 s
currentSize : 15 <-- 0.011498 s
currentSize : 16 <-- 0.027575 s
currentSize : 17 <-- 0.048795 s
currentSize : 19 <-- 0.048867 s
currentSize : 22 <-- 0.050177 s

maxsize : 22
nodes : 14362.000000
filtered : 277621.000000
time : 0.059810
