Parameters: GAD=1 vflib=1 dir=0 label=0 lowerbound=1 fileNameGp=../graphsdb/mcs90/bvg/b09/mcs90_b09_s35.A08 fileNameGt=../graphsdb/mcs90/bvg/b09/mcs90_b09_s35.B08
Reading graphs...
35 :  157
35 :  155
Initializing...
maxdom : 35
D->valSize : 1225
Solving...
Blb : 3 (clique : 13)
currentSize : 13 <-- 0.018610 s
currentSize : 14 <-- 0.031511 s
currentSize : 15 <-- 0.037291 s
currentSize : 16 <-- 0.038109 s
currentSize : 17 <-- 0.054077 s
currentSize : 18 <-- 0.122147 s
currentSize : 19 <-- 0.132993 s
currentSize : 21 <-- 0.253160 s
currentSize : 22 <-- 0.272775 s
currentSize : 24 <-- 0.272866 s
currentSize : 25 <-- 0.273026 s
currentSize : 26 <-- 0.273079 s
currentSize : 28 <-- 0.293836 s
currentSize : 30 <-- 0.293914 s

maxsize : 30
nodes : 135685.000000
filtered : 6120355.000000
time : 0.844899
