Parameters: GAD=1 vflib=1 dir=0 label=0 lowerbound=1 fileNameGp=../graphsdb/mcs90/bvg/b09/mcs90_b09_s25.A39 fileNameGt=../graphsdb/mcs90/bvg/b09/mcs90_b09_s25.B39
Reading graphs...
25 :  112
25 :  112
Initializing...
maxdom : 25
D->valSize : 625
Solving...
Blb : 3 (clique : 11)
currentSize : 11 <-- 0.004704 s
currentSize : 12 <-- 0.005021 s
currentSize : 13 <-- 0.005095 s
currentSize : 14 <-- 0.005131 s
currentSize : 15 <-- 0.005463 s
currentSize : 16 <-- 0.006163 s
currentSize : 18 <-- 0.009233 s
currentSize : 22 <-- 0.011790 s

maxsize : 22
nodes : 7577.000000
filtered : 328205.000000
time : 0.045289
