Parameters: GAD=1 vflib=1 dir=0 label=0 lowerbound=1 fileNameGp=../graphsdb/mcs90/m3D/m3Dr2/mcs90_m3Dr2_s30.A55 fileNameGt=../graphsdb/mcs90/m3D/m3Dr2/mcs90_m3Dr2_s30.B55
Reading graphs...
30 :  67
30 :  67
Initializing...
maxdom : 30
D->valSize : 900
Solving...
Blb : 2 (clique : 16)
currentSize : 16 <-- 0.010726 s
currentSize : 17 <-- 0.013126 s
currentSize : 18 <-- 0.078163 s
currentSize : 19 <-- 0.209995 s
currentSize : 20 <-- 0.492519 s
currentSize : 21 <-- 0.493216 s
currentSize : 26 <-- 0.510780 s
currentSize : 27 <-- 0.599606 s

maxsize : 27
nodes : 157021.000000
filtered : 2895484.000000
time : 0.601017
