Parameters: GAD=1 vflib=1 dir=0 label=0 lowerbound=1 fileNameGp=../graphsdb/mcs90/m4D/m4Dr4/mcs90_m4Dr4_s20.A35 fileNameGt=../graphsdb/mcs90/m4D/m4Dr4/mcs90_m4Dr4_s20.B35
Reading graphs...
20 :  44
20 :  44
Initializing...
maxdom : 20
D->valSize : 400
Solving...
Blb : 2 (clique : 11)
currentSize : 11 <-- 0.002316 s
currentSize : 12 <-- 0.002478 s
currentSize : 13 <-- 0.004388 s
currentSize : 14 <-- 0.014533 s
currentSize : 15 <-- 0.061820 s
currentSize : 17 <-- 0.061924 s

maxsize : 17
nodes : 22007.000000
filtered : 303412.000000
time : 0.068280
