Parameters: GAD=1 vflib=1 dir=0 label=0 lowerbound=1 fileNameGp=../graphsdb/mcs90/bvg/b03m/mcs90_b03m_s25.A04 fileNameGt=../graphsdb/mcs90/bvg/b03m/mcs90_b03m_s25.B04
Reading graphs...
25 :  37
25 :  37
Initializing...
maxdom : 25
D->valSize : 625
Solving...
Blb : 5 (clique : 16)
currentSize : 16 <-- 0.005806 s
currentSize : 17 <-- 0.005955 s
currentSize : 18 <-- 0.006668 s
currentSize : 19 <-- 0.053021 s
currentSize : 20 <-- 0.463467 s
currentSize : 21 <-- 0.475983 s
currentSize : 22 <-- 0.506938 s

maxsize : 22
nodes : 105183.000000
filtered : 2987863.000000
time : 0.518290
