Parameters: GAD=1 vflib=1 dir=0 label=0 lowerbound=1 fileNameGp=../graphsdb/mcs90/bvg/b06m/mcs90_b06m_s30.A24 fileNameGt=../graphsdb/mcs90/bvg/b06m/mcs90_b06m_s30.B24
Reading graphs...
30 :  89
30 :  89
Initializing...
maxdom : 30
D->valSize : 900
Solving...
Blb : 5 (clique : 14)
currentSize : 14 <-- 0.010377 s
currentSize : 15 <-- 0.016981 s
currentSize : 16 <-- 0.026751 s
currentSize : 17 <-- 0.040498 s
currentSize : 18 <-- 0.060453 s
currentSize : 19 <-- 0.060663 s
currentSize : 21 <-- 3.975384 s
currentSize : 23 <-- 3.975805 s
currentSize : 27 <-- 3.978982 s

maxsize : 27
nodes : 830342.000000
filtered : 24138800.000000
time : 4.001073
