Parameters: GAD=1 vflib=1 dir=0 label=0 lowerbound=1 fileNameGp=../graphsdb/mcs90/bvg/b06m/mcs90_b06m_s25.A10 fileNameGt=../graphsdb/mcs90/bvg/b06m/mcs90_b06m_s25.B10
Reading graphs...
25 :  72
25 :  72
Initializing...
maxdom : 25
D->valSize : 625
Solving...
Blb : 2 (clique : 13)
currentSize : 13 <-- 0.005265 s
currentSize : 14 <-- 0.012751 s
currentSize : 15 <-- 0.116432 s
currentSize : 16 <-- 0.144336 s
currentSize : 18 <-- 0.366992 s
currentSize : 22 <-- 0.391617 s

maxsize : 22
nodes : 103135.000000
filtered : 2289587.000000
time : 0.407684
