Parameters: GAD=1 vflib=1 dir=0 label=0 lowerbound=1 fileNameGp=../graphsdb/mcs90/rand/r005/mcs90_r005_s30.A93 fileNameGt=../graphsdb/mcs90/rand/r005/mcs90_r005_s30.B93
Reading graphs...
30 :  42
30 :  42
Initializing...
maxdom : 30
D->valSize : 900
Solving...
Blb : 2 (clique : 19)
currentSize : 19 <-- 0.011538 s
currentSize : 20 <-- 0.011661 s
currentSize : 21 <-- 0.011706 s
currentSize : 22 <-- 0.018293 s
currentSize : 23 <-- 0.487710 s
currentSize : 24 <-- 0.511502 s
currentSize : 25 <-- 0.511831 s
currentSize : 26 <-- 0.512047 s
currentSize : 27 <-- 0.512271 s

maxsize : 27
nodes : 133993.000000
filtered : 3233478.000000
time : 0.584929
