Parameters: GAD=1 vflib=1 dir=0 label=0 lowerbound=1 fileNameGp=../graphsdb/mcs90/m2D/m2Dr6/mcs90_m2Dr6_s20.A73 fileNameGt=../graphsdb/mcs90/m2D/m2Dr6/mcs90_m2Dr6_s20.B73
Reading graphs...
20 :  41
20 :  41
Initializing...
maxdom : 20
D->valSize : 400
Solving...
Blb : 5 (clique : 11)
currentSize : 11 <-- 0.003521 s
currentSize : 12 <-- 0.003811 s
currentSize : 13 <-- 0.010117 s
currentSize : 14 <-- 0.224911 s
currentSize : 17 <-- 0.255208 s

maxsize : 17
nodes : 89700.000000
filtered : 1068326.000000
time : 0.261577
