Parameters: GAD=1 vflib=1 dir=0 label=0 lowerbound=1 fileNameGp=../graphsdb/mcs90/bvg/b06/mcs90_b06_s35.A84 fileNameGt=../graphsdb/mcs90/bvg/b06/mcs90_b06_s35.B84
Reading graphs...
35 :  105
35 :  105
Initializing...
maxdom : 35
D->valSize : 1225
Solving...
Blb : 2 (clique : 22)
currentSize : 22 <-- 0.019413 s
currentSize : 23 <-- 0.021770 s
currentSize : 24 <-- 0.030575 s
currentSize : 25 <-- 0.030693 s
currentSize : 27 <-- 0.031585 s
currentSize : 29 <-- 0.033116 s
currentSize : 31 <-- 0.040319 s

maxsize : 31
nodes : 26731.000000
filtered : 1218817.000000
time : 0.213620
