Parameters: GAD=1 vflib=1 dir=0 label=0 lowerbound=1 fileNameGp=../graphsdb/mcs90/rand/r01/mcs90_r01_s35.A94 fileNameGt=../graphsdb/mcs90/rand/r01/mcs90_r01_s35.B94
Reading graphs...
35 :  108
35 :  108
Initializing...
maxdom : 35
D->valSize : 1225
Solving...
Blb : 2 (clique : 16)
currentSize : 16 <-- 0.033638 s
currentSize : 17 <-- 0.033993 s
currentSize : 18 <-- 0.042836 s
currentSize : 19 <-- 0.119681 s
currentSize : 20 <-- 2.050117 s
currentSize : 21 <-- 7.478503 s
currentSize : 22 <-- 7.478558 s
currentSize : 23 <-- 12.976549 s
currentSize : 25 <-- 13.077219 s
currentSize : 28 <-- 18.939739 s
currentSize : 31 <-- 19.035229 s

maxsize : 31
nodes : 3509179.000000
filtered : 111592885.000000
time : 19.081758
