Parameters: GAD=1 vflib=1 dir=0 label=0 lowerbound=1 fileNameGp=../graphsdb/mcs90/bvg/b09m/mcs90_b09m_s30.A23 fileNameGt=../graphsdb/mcs90/bvg/b09m/mcs90_b09m_s30.B23
Reading graphs...
30 :  130
30 :  131
Initializing...
maxdom : 30
D->valSize : 900
Solving...
Blb : 2 (clique : 12)
currentSize : 12 <-- 0.016785 s
currentSize : 13 <-- 0.017336 s
currentSize : 14 <-- 0.021986 s
currentSize : 15 <-- 0.663368 s
currentSize : 16 <-- 3.765150 s
currentSize : 20 <-- 4.058132 s
currentSize : 26 <-- 4.348636 s

maxsize : 26
nodes : 1102484.000000
filtered : 20149423.000000
time : 4.399705
