Parameters: GAD=1 vflib=1 dir=0 label=0 lowerbound=1 fileNameGp=../graphsdb/mcs90/m3D/m3Dr2/mcs90_m3Dr2_s30.A09 fileNameGt=../graphsdb/mcs90/m3D/m3Dr2/mcs90_m3Dr2_s30.B09
Reading graphs...
30 :  67
30 :  67
Initializing...
maxdom : 30
D->valSize : 900
Solving...
Blb : 2 (clique : 16)
currentSize : 16 <-- 0.015498 s
currentSize : 17 <-- 0.016979 s
currentSize : 18 <-- 0.017539 s
currentSize : 19 <-- 0.023496 s
currentSize : 20 <-- 0.718239 s
currentSize : 21 <-- 1.854262 s
currentSize : 22 <-- 4.190122 s
currentSize : 23 <-- 4.213244 s
currentSize : 27 <-- 4.214832 s

maxsize : 27
nodes : 938852.000000
filtered : 23294642.000000
time : 4.253909
