Parameters: GAD=1 vflib=1 dir=0 label=0 lowerbound=1 fileNameGp=../graphsdb/mcs90/rand/r01/mcs90_r01_s20.A46 fileNameGt=../graphsdb/mcs90/rand/r01/mcs90_r01_s20.B46
Reading graphs...
20 :  37
20 :  37
Initializing...
maxdom : 20
D->valSize : 400
Solving...
Blb : 2 (clique : 13)
currentSize : 13 <-- 0.002262 s
currentSize : 14 <-- 0.004596 s
currentSize : 15 <-- 0.030890 s
currentSize : 17 <-- 0.032027 s
currentSize : 18 <-- 0.032150 s

maxsize : 18
nodes : 8931.000000
filtered : 168771.000000
time : 0.033459
