Parameters: GAD=1 vflib=1 dir=0 label=0 lowerbound=1 fileNameGp=../graphsdb/mcs90/bvg/b06/mcs90_b06_s35.A14 fileNameGt=../graphsdb/mcs90/bvg/b06/mcs90_b06_s35.B14
Reading graphs...
35 :  105
35 :  105
Initializing...
maxdom : 35
D->valSize : 1225
Solving...
Blb : 5 (clique : 17)
currentSize : 17 <-- 0.019739 s
currentSize : 20 <-- 0.019898 s
currentSize : 21 <-- 0.019913 s
currentSize : 22 <-- 0.019999 s
currentSize : 23 <-- 0.021689 s
currentSize : 24 <-- 0.021871 s
currentSize : 25 <-- 0.030075 s
currentSize : 26 <-- 0.030114 s
currentSize : 27 <-- 0.040086 s
currentSize : 28 <-- 0.040957 s
currentSize : 29 <-- 0.145512 s
currentSize : 30 <-- 0.213006 s
currentSize : 31 <-- 0.296719 s

maxsize : 31
nodes : 60172.000000
filtered : 2368175.000000
time : 0.409687
