Parameters: GAD=1 vflib=1 dir=0 label=0 lowerbound=1 fileNameGp=../graphsdb/mcs90/rand/r02/mcs90_r02_s15.A55 fileNameGt=../graphsdb/mcs90/rand/r02/mcs90_r02_s15.B55
Reading graphs...
15 :  37
15 :  39
Initializing...
maxdom : 15
D->valSize : 225
Solving...
Blb : 2 (clique : 8)
currentSize : 8 <-- 0.000956 s
currentSize : 9 <-- 0.001124 s
currentSize : 11 <-- 0.001239 s
currentSize : 12 <-- 0.001813 s
currentSize : 13 <-- 0.003550 s

maxsize : 13
nodes : 962.000000
filtered : 19365.000000
time : 0.003871
