Parameters: GAD=1 vflib=1 dir=0 label=0 lowerbound=1 fileNameGp=../graphsdb/mcs90/bvg/b03m/mcs90_b03m_s20.A39 fileNameGt=../graphsdb/mcs90/bvg/b03m/mcs90_b03m_s20.B39
Reading graphs...
20 :  30
20 :  30
Initializing...
maxdom : 20
D->valSize : 400
Solving...
Blb : 2 (clique : 13)
currentSize : 13 <-- 0.002464 s
currentSize : 14 <-- 0.003046 s
currentSize : 15 <-- 0.005223 s
currentSize : 16 <-- 0.005403 s
currentSize : 17 <-- 0.006882 s
currentSize : 18 <-- 0.006925 s

maxsize : 18
nodes : 1979.000000
filtered : 36083.000000
time : 0.008728
