Parameters: GAD=1 vflib=1 dir=0 label=0 lowerbound=1 fileNameGp=../graphsdb/mcs90/bvg/b09m/mcs90_b09m_s35.A42 fileNameGt=../graphsdb/mcs90/bvg/b09m/mcs90_b09m_s35.B42
Reading graphs...
35 :  151
35 :  152
Initializing...
maxdom : 35
D->valSize : 1225
Solving...
Blb : 3 (clique : 13)
currentSize : 13 <-- 0.031890 s
currentSize : 14 <-- 0.037307 s
currentSize : 15 <-- 0.037460 s
currentSize : 16 <-- 0.228664 s
currentSize : 17 <-- 1.510778 s
currentSize : 18 <-- 68.049759 s
currentSize : 19 <-- 79.183456 s
currentSize : 20 <-- 96.779404 s
currentSize : 22 <-- 103.314285 s
currentSize : 27 <-- 106.933647 s
currentSize : 30 <-- 106.933807 s

maxsize : 30
nodes : 24664184.000000
filtered : 496718805.000000
time : 107.095612
