Parameters: GAD=1 vflib=1 dir=0 label=0 lowerbound=1 fileNameGp=../graphsdb/mcs90/bvg/b09/mcs90_b09_s35.A68 fileNameGt=../graphsdb/mcs90/bvg/b09/mcs90_b09_s35.B68
Reading graphs...
35 :  156
35 :  157
Initializing...
maxdom : 35
D->valSize : 1225
Solving...
Blb : 2 (clique : 15)
currentSize : 15 <-- 0.018318 s
currentSize : 16 <-- 0.063073 s
currentSize : 17 <-- 0.065001 s
currentSize : 18 <-- 0.728725 s
currentSize : 19 <-- 5.940625 s
currentSize : 22 <-- 8.389828 s
currentSize : 23 <-- 8.395185 s
currentSize : 24 <-- 8.396102 s
currentSize : 25 <-- 8.399933 s
currentSize : 26 <-- 8.400439 s
currentSize : 30 <-- 8.407133 s

maxsize : 30
nodes : 2099526.000000
filtered : 40760952.000000
time : 8.987451
