Parameters: GAD=1 vflib=1 dir=0 label=0 lowerbound=1 fileNameGp=../graphsdb/mcs90/bvg/b06/mcs90_b06_s30.A39 fileNameGt=../graphsdb/mcs90/bvg/b06/mcs90_b06_s30.B39
Reading graphs...
30 :  90
30 :  90
Initializing...
maxdom : 30
D->valSize : 900
Solving...
Blb : 2 (clique : 19)
currentSize : 19 <-- 0.010553 s
currentSize : 22 <-- 0.010689 s
currentSize : 23 <-- 0.010931 s
currentSize : 24 <-- 0.011579 s
currentSize : 25 <-- 0.011591 s
currentSize : 27 <-- 0.014466 s

maxsize : 27
nodes : 9713.000000
filtered : 352163.000000
time : 0.066265
