Parameters: GAD=1 vflib=1 dir=0 label=0 lowerbound=1 fileNameGp=../graphsdb/mcs90/m3D/m3Dr6/mcs90_m3Dr6_s30.A60 fileNameGt=../graphsdb/mcs90/m3D/m3Dr6/mcs90_m3Dr6_s30.B60
Reading graphs...
30 :  78
30 :  78
Initializing...
maxdom : 30
D->valSize : 900
Solving...
Blb : 2 (clique : 14)
currentSize : 14 <-- 0.018319 s
currentSize : 15 <-- 0.018499 s
currentSize : 16 <-- 0.018971 s
currentSize : 17 <-- 0.073798 s
currentSize : 18 <-- 0.661989 s
currentSize : 19 <-- 4.866754 s
currentSize : 21 <-- 6.890281 s
currentSize : 23 <-- 7.226719 s
currentSize : 27 <-- 8.278751 s

maxsize : 27
nodes : 2089431.000000
filtered : 37963023.000000
time : 8.313524
