Parameters: GAD=1 vflib=1 dir=0 label=0 lowerbound=1 fileNameGp=../graphsdb/mcs90/m2D/m2Dr4/mcs90_m2Dr4_s30.A43 fileNameGt=../graphsdb/mcs90/m2D/m2Dr4/mcs90_m2Dr4_s30.B43
Reading graphs...
30 :  61
30 :  60
Initializing...
maxdom : 30
D->valSize : 900
Solving...
Blb : 2 (clique : 19)
currentSize : 19 <-- 0.011872 s
currentSize : 20 <-- 0.032215 s
currentSize : 21 <-- 1.611718 s
currentSize : 23 <-- 2.902923 s
currentSize : 24 <-- 2.902971 s
currentSize : 25 <-- 6.561105 s

maxsize : 25
nodes : 1162604.000000
filtered : 44417548.000000
time : 6.840939
