Parameters: GAD=1 vflib=1 dir=0 label=0 lowerbound=1 fileNameGp=../graphsdb/mcs90/m3D/m3Dr6/mcs90_m3Dr6_s30.A95 fileNameGt=../graphsdb/mcs90/m3D/m3Dr6/mcs90_m3Dr6_s30.B95
Reading graphs...
30 :  77
30 :  76
Initializing...
maxdom : 30
D->valSize : 900
Solving...
Blb : 2 (clique : 15)
currentSize : 15 <-- 0.018508 s
currentSize : 16 <-- 0.026744 s
currentSize : 17 <-- 0.027064 s
currentSize : 18 <-- 2.427568 s
currentSize : 19 <-- 2.512006 s
currentSize : 20 <-- 7.103783 s
currentSize : 23 <-- 8.294243 s
currentSize : 27 <-- 8.332594 s

maxsize : 27
nodes : 1981772.000000
filtered : 39221643.000000
time : 8.361239
