Parameters: GAD=1 vflib=1 dir=0 label=0 lowerbound=1 fileNameGp=../graphsdb/mcs90/m3D/m3Dr4/mcs90_m3Dr4_s30.A92 fileNameGt=../graphsdb/mcs90/m3D/m3Dr4/mcs90_m3Dr4_s30.B92
Reading graphs...
30 :  72
30 :  71
Initializing...
maxdom : 30
D->valSize : 900
Solving...
Blb : 2 (clique : 17)
currentSize : 17 <-- 0.010651 s
currentSize : 18 <-- 0.015067 s
currentSize : 19 <-- 0.064466 s
currentSize : 20 <-- 0.678741 s
currentSize : 21 <-- 3.730587 s
currentSize : 22 <-- 3.733002 s
currentSize : 27 <-- 3.783566 s

maxsize : 27
nodes : 897895.000000
filtered : 19455565.000000
time : 3.833145
