Parameters: GAD=1 vflib=1 dir=0 label=0 lowerbound=1 fileNameGp=../graphsdb/mcs90/bvg/b09m/mcs90_b09m_s25.A24 fileNameGt=../graphsdb/mcs90/bvg/b09m/mcs90_b09m_s25.B24
Reading graphs...
25 :  106
25 :  106
Initializing...
maxdom : 25
D->valSize : 625
Solving...
Blb : 5 (clique : 11)
currentSize : 11 <-- 0.004785 s
currentSize : 12 <-- 0.011495 s
currentSize : 13 <-- 0.117587 s
currentSize : 15 <-- 0.184974 s
currentSize : 16 <-- 0.184999 s
currentSize : 17 <-- 0.445606 s
currentSize : 22 <-- 0.465980 s

maxsize : 22
nodes : 132905.000000
filtered : 2253498.000000
time : 0.476920
