Parameters: GAD=1 vflib=1 dir=0 label=0 lowerbound=1 fileNameGp=../graphsdb/mcs90/m3D/m3D/mcs90_m3D_s30.A62 fileNameGt=../graphsdb/mcs90/m3D/m3D/mcs90_m3D_s30.B62
Reading graphs...
30 :  61
30 :  61
Initializing...
maxdom : 30
D->valSize : 900
Solving...
Blb : 2 (clique : 18)
currentSize : 18 <-- 0.011224 s
currentSize : 19 <-- 0.011415 s
currentSize : 20 <-- 0.045606 s
currentSize : 21 <-- 0.099839 s
currentSize : 22 <-- 0.099914 s
currentSize : 27 <-- 0.134342 s
currentSize : 28 <-- 0.146193 s

maxsize : 28
nodes : 43835.000000
filtered : 679529.000000
time : 0.159462
