Parameters: GAD=1 vflib=1 dir=0 label=0 lowerbound=1 fileNameGp=../graphsdb/mcs90/bvg/b09/mcs90_b09_s25.A00 fileNameGt=../graphsdb/mcs90/bvg/b09/mcs90_b09_s25.B00
Reading graphs...
25 :  110
25 :  112
Initializing...
maxdom : 25
D->valSize : 625
Solving...
Blb : 5 (clique : 12)
currentSize : 12 <-- 0.004693 s
currentSize : 13 <-- 0.004768 s
currentSize : 14 <-- 0.004829 s
currentSize : 16 <-- 0.005030 s
currentSize : 18 <-- 0.005212 s
currentSize : 22 <-- 0.009336 s

maxsize : 22
nodes : 4993.000000
filtered : 233866.000000
time : 0.033474
