Parameters: GAD=1 vflib=1 dir=0 label=0 lowerbound=1 fileNameGp=../graphsdb/mcs90/rand/r005/mcs90_r005_s35.A38 fileNameGt=../graphsdb/mcs90/rand/r005/mcs90_r005_s35.B38
Reading graphs...
35 :  57
35 :  57
Initializing...
maxdom : 35
D->valSize : 1225
Solving...
Blb : 2 (clique : 22)
currentSize : 22 <-- 0.021358 s
currentSize : 23 <-- 0.029488 s
currentSize : 24 <-- 0.042403 s
currentSize : 25 <-- 0.207313 s
currentSize : 26 <-- 1.726757 s
currentSize : 30 <-- 10.708210 s
currentSize : 31 <-- 10.708286 s

maxsize : 31
nodes : 1469813.000000
filtered : 72505105.000000
time : 10.971580
