Parameters: GAD=1 vflib=1 dir=0 label=0 lowerbound=1 fileNameGp=../graphsdb/mcs90/bvg/b06m/mcs90_b06m_s25.A75 fileNameGt=../graphsdb/mcs90/bvg/b06m/mcs90_b06m_s25.B75
Reading graphs...
25 :  72
25 :  73
Initializing...
maxdom : 25
D->valSize : 625
Solving...
Blb : 2 (clique : 15)
currentSize : 15 <-- 0.005059 s
currentSize : 16 <-- 0.494424 s
currentSize : 18 <-- 0.807221 s
currentSize : 19 <-- 0.865909 s
currentSize : 22 <-- 0.866439 s

maxsize : 22
nodes : 216732.000000
filtered : 5077244.000000
time : 0.875781
