Parameters: GAD=1 vflib=1 dir=0 label=0 lowerbound=1 fileNameGp=../graphsdb/mcs90/bvg/b09/mcs90_b09_s25.A37 fileNameGt=../graphsdb/mcs90/bvg/b09/mcs90_b09_s25.B37
Reading graphs...
25 :  111
25 :  110
Initializing...
maxdom : 25
D->valSize : 625
Solving...
Blb : 2 (clique : 12)
currentSize : 12 <-- 0.008140 s
currentSize : 15 <-- 0.009073 s
currentSize : 16 <-- 0.009309 s
currentSize : 18 <-- 0.015562 s
currentSize : 22 <-- 0.017282 s

maxsize : 22
nodes : 9280.000000
filtered : 365072.000000
time : 0.079975
