Parameters: GAD=1 vflib=1 dir=0 label=0 lowerbound=1 fileNameGp=../graphsdb/mcs90/rand/r02/mcs90_r02_s35.A99 fileNameGt=../graphsdb/mcs90/rand/r02/mcs90_r02_s35.B99
Reading graphs...
35 :  212
35 :  216
Initializing...
maxdom : 35
D->valSize : 1225
Solving...
Blb : 2 (clique : 10)
currentSize : 10 <-- 0.017221 s
currentSize : 11 <-- 0.017352 s
currentSize : 12 <-- 0.017549 s
currentSize : 13 <-- 0.023678 s
currentSize : 14 <-- 0.122073 s
currentSize : 15 <-- 9.506324 s
currentSize : 16 <-- 23.538252 s
currentSize : 17 <-- 55.004169 s
currentSize : 19 <-- 55.017372 s
currentSize : 22 <-- 144.636841 s
currentSize : 23 <-- 149.245804 s
currentSize : 31 <-- 149.247711 s

maxsize : 31
nodes : 36568483.000000
filtered : 604018129.000000
time : 149.328964
