Parameters: GAD=1 vflib=1 dir=0 label=0 lowerbound=1 fileNameGp=../graphsdb/mcs90/rand/r02/mcs90_r02_s35.A72 fileNameGt=../graphsdb/mcs90/rand/r02/mcs90_r02_s35.B72
Reading graphs...
35 :  211
35 :  211
Initializing...
maxdom : 35
D->valSize : 1225
Solving...
Blb : 3 (clique : 11)
currentSize : 11 <-- 0.017694 s
currentSize : 12 <-- 0.018161 s
currentSize : 13 <-- 0.019782 s
currentSize : 14 <-- 0.287124 s
currentSize : 15 <-- 1.834403 s
currentSize : 16 <-- 2.527593 s
currentSize : 17 <-- 2.748641 s
currentSize : 21 <-- 3.070326 s
currentSize : 25 <-- 5.467664 s
currentSize : 27 <-- 5.925887 s
currentSize : 31 <-- 5.925970 s

maxsize : 31
nodes : 1344930.000000
filtered : 29262494.000000
time : 5.975713
