Parameters: GAD=1 vflib=1 dir=0 label=0 lowerbound=1 fileNameGp=../graphsdb/mcs90/bvg/b06/mcs90_b06_s20.A35 fileNameGt=../graphsdb/mcs90/bvg/b06/mcs90_b06_s20.B35
Reading graphs...
20 :  60
20 :  59
Initializing...
maxdom : 20
D->valSize : 400
Solving...
Blb : 3 (clique : 12)
currentSize : 12 <-- 0.002246 s
currentSize : 13 <-- 0.002305 s
currentSize : 14 <-- 0.002353 s
currentSize : 15 <-- 0.002489 s
currentSize : 16 <-- 0.002499 s
currentSize : 18 <-- 0.002957 s

maxsize : 18
nodes : 1671.000000
filtered : 43059.000000
time : 0.008264
