Parameters: GAD=1 vflib=1 dir=0 label=0 lowerbound=1 fileNameGp=../graphsdb/mcs90/rand/r01/mcs90_r01_s20.A77 fileNameGt=../graphsdb/mcs90/rand/r01/mcs90_r01_s20.B77
Reading graphs...
20 :  35
20 :  34
Initializing...
maxdom : 20
D->valSize : 400
Solving...
Blb : 3 (clique : 14)
currentSize : 14 <-- 0.002350 s
currentSize : 15 <-- 0.002438 s
currentSize : 16 <-- 0.009239 s
currentSize : 17 <-- 0.012748 s
currentSize : 18 <-- 0.013788 s

maxsize : 18
nodes : 2848.000000
filtered : 87400.000000
time : 0.014429
