Parameters: GAD=1 vflib=1 dir=0 label=0 lowerbound=1 fileNameGp=../graphsdb/mcs90/bvg/b09m/mcs90_b09m_s25.A64 fileNameGt=../graphsdb/mcs90/bvg/b09m/mcs90_b09m_s25.B64
Reading graphs...
25 :  105
25 :  104
Initializing...
maxdom : 25
D->valSize : 625
Solving...
Blb : 2 (clique : 10)
currentSize : 10 <-- 0.004775 s
currentSize : 11 <-- 0.004846 s
currentSize : 12 <-- 0.005348 s
currentSize : 13 <-- 0.194268 s
currentSize : 14 <-- 1.058425 s
currentSize : 15 <-- 2.036343 s
currentSize : 22 <-- 2.037989 s

maxsize : 22
nodes : 619287.000000
filtered : 8539151.000000
time : 2.047362
