Parameters: GAD=1 vflib=1 dir=0 label=0 lowerbound=1 fileNameGp=../graphsdb/mcs90/rand/r005/mcs90_r005_s25.A21 fileNameGt=../graphsdb/mcs90/rand/r005/mcs90_r005_s25.B21
Reading graphs...
25 :  29
25 :  29
Initializing...
maxdom : 25
D->valSize : 625
Solving...
Blb : 2 (clique : 17)
currentSize : 17 <-- 0.005855 s
currentSize : 18 <-- 0.005988 s
currentSize : 19 <-- 0.008137 s
currentSize : 20 <-- 0.009940 s
currentSize : 21 <-- 0.017945 s
currentSize : 22 <-- 0.143038 s

maxsize : 22
nodes : 31661.000000
filtered : 1264773.000000
time : 0.181961
