Parameters: GAD=1 vflib=1 dir=0 label=0 lowerbound=1 fileNameGp=../graphsdb/mcs90/bvg/b06m/mcs90_b06m_s35.A37 fileNameGt=../graphsdb/mcs90/bvg/b06m/mcs90_b06m_s35.B37
Reading graphs...
35 :  103
35 :  103
Initializing...
maxdom : 35
D->valSize : 1225
Solving...
Blb : 2 (clique : 15)
currentSize : 15 <-- 0.019550 s
currentSize : 18 <-- 0.019707 s
currentSize : 19 <-- 0.020049 s
currentSize : 20 <-- 0.024638 s
currentSize : 21 <-- 2.709922 s
currentSize : 22 <-- 4.092342 s
currentSize : 23 <-- 4.657883 s
currentSize : 24 <-- 4.800373 s
currentSize : 25 <-- 4.800418 s
currentSize : 31 <-- 4.837576 s

maxsize : 31
nodes : 1042476.000000
filtered : 25802349.000000
time : 4.933036
