Parameters: GAD=1 vflib=1 dir=0 label=0 lowerbound=1 fileNameGp=../graphsdb/mcs90/rand/r005/mcs90_r005_s20.A68 fileNameGt=../graphsdb/mcs90/rand/r005/mcs90_r005_s20.B68
Reading graphs...
20 :  20
20 :  21
Initializing...
maxdom : 20
D->valSize : 400
Solving...
Blb : 2 (clique : 14)
currentSize : 14 <-- 0.002556 s
currentSize : 15 <-- 0.002671 s
currentSize : 16 <-- 0.024631 s
currentSize : 17 <-- 0.036529 s
currentSize : 18 <-- 0.041653 s
currentSize : 19 <-- 0.042274 s

maxsize : 19
nodes : 12165.000000
filtered : 245542.000000
time : 0.042427
