Parameters: GAD=1 vflib=1 dir=0 label=0 lowerbound=1 fileNameGp=../graphsdb/mcs90/bvg/b03/mcs90_b03_s30.A59 fileNameGt=../graphsdb/mcs90/bvg/b03/mcs90_b03_s30.B59
Reading graphs...
30 :  45
30 :  45
Initializing...
maxdom : 30
D->valSize : 900
Solving...
Blb : 2 (clique : 21)
currentSize : 21 <-- 0.013972 s
currentSize : 22 <-- 0.014131 s
currentSize : 23 <-- 0.014769 s
currentSize : 25 <-- 0.019749 s
currentSize : 26 <-- 0.024939 s
currentSize : 27 <-- 0.033071 s

maxsize : 27
nodes : 17470.000000
filtered : 528670.000000
time : 0.109088
