Parameters: GAD=1 vflib=1 dir=0 label=0 lowerbound=1 fileNameGp=../graphsdb/mcs90/bvg/b09/mcs90_b09_s35.A30 fileNameGt=../graphsdb/mcs90/bvg/b09/mcs90_b09_s35.B30
Reading graphs...
35 :  157
35 :  156
Initializing...
maxdom : 35
D->valSize : 1225
Solving...
Blb : 5 (clique : 14)
currentSize : 14 <-- 0.019164 s
currentSize : 15 <-- 0.019496 s
currentSize : 16 <-- 0.020260 s
currentSize : 17 <-- 0.054162 s
currentSize : 18 <-- 1.999646 s
currentSize : 19 <-- 1.999751 s
currentSize : 20 <-- 1.999907 s
currentSize : 21 <-- 2.000102 s
currentSize : 22 <-- 2.000237 s
currentSize : 26 <-- 2.000353 s
currentSize : 30 <-- 2.047026 s

maxsize : 30
nodes : 584936.000000
filtered : 12528410.000000
time : 2.553782
