Parameters: GAD=1 vflib=1 dir=0 label=0 lowerbound=1 fileNameGp=../graphsdb/mcs90/m2D/m2Dr2/mcs90_m2Dr2_s30.A60 fileNameGt=../graphsdb/mcs90/m2D/m2Dr2/mcs90_m2Dr2_s30.B60
Reading graphs...
30 :  54
30 :  55
Initializing...
maxdom : 30
D->valSize : 900
Solving...
Blb : 2 (clique : 16)
currentSize : 16 <-- 0.011168 s
currentSize : 18 <-- 0.011298 s
currentSize : 19 <-- 0.016992 s
currentSize : 20 <-- 0.042509 s
currentSize : 21 <-- 6.461784 s
currentSize : 22 <-- 7.638297 s
currentSize : 23 <-- 9.420615 s
currentSize : 24 <-- 13.523699 s
currentSize : 26 <-- 15.072187 s

maxsize : 26
nodes : 2712926.000000
filtered : 94368747.000000
time : 15.177293
