Parameters: GAD=1 vflib=1 dir=0 label=0 lowerbound=1 fileNameGp=../graphsdb/mcs90/bvg/b06m/mcs90_b06m_s30.A13 fileNameGt=../graphsdb/mcs90/bvg/b06m/mcs90_b06m_s30.B13
Reading graphs...
30 :  86
30 :  86
Initializing...
maxdom : 30
D->valSize : 900
Solving...
Blb : 2 (clique : 14)
currentSize : 14 <-- 0.018099 s
currentSize : 15 <-- 0.019991 s
currentSize : 16 <-- 0.404693 s
currentSize : 17 <-- 1.168695 s
currentSize : 18 <-- 2.640627 s
currentSize : 19 <-- 5.313014 s
currentSize : 20 <-- 5.313051 s
currentSize : 22 <-- 5.314122 s
currentSize : 23 <-- 5.314279 s
currentSize : 24 <-- 5.316579 s
currentSize : 27 <-- 5.321203 s

maxsize : 27
nodes : 1365962.000000
filtered : 28568952.000000
time : 5.333463
