Parameters: GAD=1 vflib=1 dir=0 label=0 lowerbound=1 fileNameGp=../graphsdb/mcs90/m3D/m3Dr2/mcs90_m3Dr2_s30.A97 fileNameGt=../graphsdb/mcs90/m3D/m3Dr2/mcs90_m3Dr2_s30.B97
Reading graphs...
30 :  66
30 :  66
Initializing...
maxdom : 30
D->valSize : 900
Solving...
Blb : 2 (clique : 14)
currentSize : 14 <-- 0.011924 s
currentSize : 15 <-- 0.012039 s
currentSize : 16 <-- 0.012049 s
currentSize : 17 <-- 0.012710 s
currentSize : 18 <-- 0.015851 s
currentSize : 19 <-- 0.017881 s
currentSize : 20 <-- 0.018804 s
currentSize : 21 <-- 0.357660 s
currentSize : 22 <-- 0.375385 s
currentSize : 23 <-- 0.635056 s
currentSize : 24 <-- 2.440479 s
currentSize : 25 <-- 2.622741 s
currentSize : 26 <-- 2.622958 s
currentSize : 27 <-- 2.624333 s

maxsize : 27
nodes : 502896.000000
filtered : 16856725.000000
time : 2.640691
