Parameters: GAD=1 vflib=1 dir=0 label=0 lowerbound=1 fileNameGp=../graphsdb/mcs90/bvg/b09m/mcs90_b09m_s35.A86 fileNameGt=../graphsdb/mcs90/bvg/b09m/mcs90_b09m_s35.B86
Reading graphs...
35 :  150
35 :  150
Initializing...
maxdom : 35
D->valSize : 1225
Solving...
Blb : 2 (clique : 16)
currentSize : 16 <-- 0.019061 s
currentSize : 17 <-- 0.064246 s
currentSize : 18 <-- 1.929685 s
currentSize : 19 <-- 11.045507 s
currentSize : 20 <-- 11.045577 s
currentSize : 21 <-- 26.834953 s
currentSize : 24 <-- 26.839895 s
currentSize : 28 <-- 27.233255 s
currentSize : 30 <-- 27.658684 s

maxsize : 30
nodes : 6086408.000000
filtered : 146501358.000000
time : 27.763573
