Parameters: GAD=1 vflib=1 dir=0 label=0 lowerbound=1 fileNameGp=../graphsdb/mcs90/m3D/m3D/mcs90_m3D_s30.A07 fileNameGt=../graphsdb/mcs90/m3D/m3D/mcs90_m3D_s30.B07
Reading graphs...
30 :  61
30 :  61
Initializing...
maxdom : 30
D->valSize : 900
Solving...
Blb : 2 (clique : 15)
currentSize : 15 <-- 0.011022 s
currentSize : 17 <-- 0.011138 s
currentSize : 18 <-- 0.011530 s
currentSize : 19 <-- 0.024307 s
currentSize : 20 <-- 0.054773 s
currentSize : 21 <-- 0.064378 s
currentSize : 23 <-- 0.080722 s
currentSize : 24 <-- 0.192274 s
currentSize : 25 <-- 0.713833 s
currentSize : 27 <-- 1.019616 s

maxsize : 27
nodes : 195340.000000
filtered : 6588385.000000
time : 1.036136
