Parameters: GAD=1 vflib=1 dir=0 label=0 lowerbound=1 fileNameGp=../graphsdb/mcs90/bvg/b09/mcs90_b09_s30.A94 fileNameGt=../graphsdb/mcs90/bvg/b09/mcs90_b09_s30.B94
Reading graphs...
30 :  134
30 :  134
Initializing...
maxdom : 30
D->valSize : 900
Solving...
Blb : 2 (clique : 13)
currentSize : 13 <-- 0.009690 s
currentSize : 14 <-- 0.011831 s
currentSize : 15 <-- 0.015166 s
currentSize : 16 <-- 0.021526 s
currentSize : 19 <-- 0.021674 s
currentSize : 20 <-- 0.028793 s
currentSize : 22 <-- 0.029022 s
currentSize : 26 <-- 0.030433 s

maxsize : 26
nodes : 19876.000000
filtered : 1067697.000000
time : 0.145247
