Parameters: GAD=1 vflib=1 dir=0 label=0 lowerbound=1 fileNameGp=../graphsdb/mcs90/bvg/b03m/mcs90_b03m_s30.A25 fileNameGt=../graphsdb/mcs90/bvg/b03m/mcs90_b03m_s30.B25
Reading graphs...
30 :  44
30 :  44
Initializing...
maxdom : 30
D->valSize : 900
Solving...
Blb : 2 (clique : 20)
currentSize : 20 <-- 0.019775 s
currentSize : 21 <-- 0.059840 s
currentSize : 22 <-- 0.249018 s
currentSize : 23 <-- 1.826077 s
currentSize : 24 <-- 8.128580 s
currentSize : 26 <-- 8.454272 s

maxsize : 26
nodes : 1602788.000000
filtered : 55054017.000000
time : 8.599439
