Parameters: GAD=1 vflib=1 dir=0 label=0 lowerbound=1 fileNameGp=../graphsdb/mcs90/rand/r01/mcs90_r01_s25.A55 fileNameGt=../graphsdb/mcs90/rand/r01/mcs90_r01_s25.B55
Reading graphs...
25 :  57
25 :  56
Initializing...
maxdom : 25
D->valSize : 625
Solving...
Blb : 2 (clique : 13)
currentSize : 13 <-- 0.005332 s
currentSize : 14 <-- 0.006003 s
currentSize : 15 <-- 0.008329 s
currentSize : 16 <-- 0.012794 s
currentSize : 17 <-- 0.117330 s
currentSize : 18 <-- 0.388638 s
currentSize : 19 <-- 0.391084 s
currentSize : 22 <-- 0.550679 s

maxsize : 22
nodes : 133435.000000
filtered : 3294760.000000
time : 0.557153
