Parameters: GAD=1 vflib=1 dir=0 label=0 lowerbound=1 fileNameGp=../graphsdb/mcs90/bvg/b03/mcs90_b03_s25.A41 fileNameGt=../graphsdb/mcs90/bvg/b03/mcs90_b03_s25.B41
Reading graphs...
25 :  37
25 :  36
Initializing...
maxdom : 25
D->valSize : 625
Solving...
Blb : 2 (clique : 19)
currentSize : 19 <-- 0.005493 s
currentSize : 20 <-- 0.006102 s
currentSize : 21 <-- 0.007068 s
currentSize : 22 <-- 0.007074 s
currentSize : 23 <-- 0.007437 s

maxsize : 23
nodes : 2694.000000
filtered : 71930.000000
time : 0.017271
