Parameters: GAD=1 vflib=1 dir=0 label=0 lowerbound=1 fileNameGp=../graphsdb/mcs90/m4D/m4D/mcs90_m4D_s20.A05 fileNameGt=../graphsdb/mcs90/m4D/m4D/mcs90_m4D_s20.B05
Reading graphs...
20 :  37
20 :  37
Initializing...
maxdom : 20
D->valSize : 400
Solving...
Blb : 2 (clique : 12)
currentSize : 12 <-- 0.002382 s
currentSize : 14 <-- 0.002841 s
currentSize : 15 <-- 0.003231 s
currentSize : 16 <-- 0.007644 s
currentSize : 17 <-- 0.015830 s

maxsize : 17
nodes : 6965.000000
filtered : 125308.000000
time : 0.023864
