Parameters: GAD=1 vflib=1 dir=0 label=0 lowerbound=1 fileNameGp=../graphsdb/mcs90/bvg/b09m/mcs90_b09m_s30.A67 fileNameGt=../graphsdb/mcs90/bvg/b09m/mcs90_b09m_s30.B67
Reading graphs...
30 :  128
30 :  128
Initializing...
maxdom : 30
D->valSize : 900
Solving...
Blb : 5 (clique : 12)
currentSize : 12 <-- 0.016762 s
currentSize : 13 <-- 0.016909 s
currentSize : 14 <-- 0.018341 s
currentSize : 15 <-- 0.118034 s
currentSize : 16 <-- 2.483919 s
currentSize : 21 <-- 12.319537 s
currentSize : 22 <-- 12.319603 s
currentSize : 26 <-- 12.396204 s

maxsize : 26
nodes : 3234597.000000
filtered : 56181039.000000
time : 12.471506
