Parameters: GAD=1 vflib=1 dir=0 label=0 lowerbound=1 fileNameGp=../graphsdb/mcs90/m3D/m3Dr6/mcs90_m3Dr6_s30.A88 fileNameGt=../graphsdb/mcs90/m3D/m3Dr6/mcs90_m3Dr6_s30.B88
Reading graphs...
30 :  78
30 :  78
Initializing...
maxdom : 30
D->valSize : 900
Solving...
Blb : 2 (clique : 15)
currentSize : 15 <-- 0.010525 s
currentSize : 16 <-- 0.010649 s
currentSize : 17 <-- 0.010669 s
currentSize : 18 <-- 0.010994 s
currentSize : 19 <-- 0.011128 s
currentSize : 22 <-- 0.011368 s
currentSize : 27 <-- 0.017945 s

maxsize : 27
nodes : 6115.000000
filtered : 404341.000000
time : 0.058750
