Parameters: GAD=1 vflib=1 dir=0 label=0 lowerbound=1 fileNameGp=../graphsdb/mcs90/m3D/m3Dr6/mcs90_m3Dr6_s30.A41 fileNameGt=../graphsdb/mcs90/m3D/m3Dr6/mcs90_m3Dr6_s30.B41
Reading graphs...
30 :  75
30 :  75
Initializing...
maxdom : 30
D->valSize : 900
Solving...
Blb : 2 (clique : 15)
currentSize : 15 <-- 0.018406 s
currentSize : 16 <-- 0.019332 s
currentSize : 17 <-- 0.021450 s
currentSize : 18 <-- 0.279199 s
currentSize : 19 <-- 1.260310 s
currentSize : 20 <-- 4.275229 s
currentSize : 21 <-- 4.956279 s
currentSize : 23 <-- 5.034099 s
currentSize : 27 <-- 5.260258 s

maxsize : 27
nodes : 1183190.000000
filtered : 28643990.000000
time : 5.285406
