Parameters: GAD=1 vflib=1 dir=0 label=0 lowerbound=1 fileNameGp=../graphsdb/mcs90/bvg/b03/mcs90_b03_s20.A76 fileNameGt=../graphsdb/mcs90/bvg/b03/mcs90_b03_s20.B76
Reading graphs...
20 :  30
20 :  30
Initializing...
maxdom : 20
D->valSize : 400
Solving...
Blb : 2 (clique : 13)
currentSize : 13 <-- 0.002454 s
currentSize : 14 <-- 0.002787 s
currentSize : 15 <-- 0.003624 s
currentSize : 16 <-- 0.004607 s
currentSize : 17 <-- 0.004673 s
currentSize : 18 <-- 0.004999 s
currentSize : 19 <-- 0.006405 s

maxsize : 19
nodes : 1346.000000
filtered : 20210.000000
time : 0.006541
