Parameters: GAD=1 vflib=1 dir=0 label=0 lowerbound=1 fileNameGp=../graphsdb/mcs90/bvg/b09m/mcs90_b09m_s25.A94 fileNameGt=../graphsdb/mcs90/bvg/b09m/mcs90_b09m_s25.B94
Reading graphs...
25 :  106
25 :  107
Initializing...
maxdom : 25
D->valSize : 625
Solving...
Blb : 2 (clique : 10)
currentSize : 10 <-- 0.004715 s
currentSize : 11 <-- 0.004798 s
currentSize : 12 <-- 0.022914 s
currentSize : 13 <-- 0.069325 s
currentSize : 14 <-- 0.887925 s
currentSize : 18 <-- 1.848885 s
currentSize : 22 <-- 1.924522 s

maxsize : 22
nodes : 598543.000000
filtered : 7670640.000000
time : 1.938920
