Parameters: GAD=1 vflib=1 dir=0 label=0 lowerbound=1 fileNameGp=../graphsdb/mcs90/bvg/b09/mcs90_b09_s25.A58 fileNameGt=../graphsdb/mcs90/bvg/b09/mcs90_b09_s25.B58
Reading graphs...
25 :  112
25 :  112
Initializing...
maxdom : 25
D->valSize : 625
Solving...
Blb : 5 (clique : 12)
currentSize : 12 <-- 0.004703 s
currentSize : 13 <-- 0.004782 s
currentSize : 15 <-- 0.005630 s
currentSize : 16 <-- 0.005671 s
currentSize : 17 <-- 0.006101 s
currentSize : 20 <-- 0.006596 s
currentSize : 22 <-- 0.006771 s

maxsize : 22
nodes : 3552.000000
filtered : 231394.000000
time : 0.029681
