Parameters: GAD=1 vflib=1 dir=0 label=0 lowerbound=1 fileNameGp=../graphsdb/mcs90/m2D/m2Dr4/mcs90_m2Dr4_s30.A16 fileNameGt=../graphsdb/mcs90/m2D/m2Dr4/mcs90_m2Dr4_s30.B16
Reading graphs...
30 :  61
30 :  61
Initializing...
maxdom : 30
D->valSize : 900
Solving...
Blb : 2 (clique : 17)
currentSize : 17 <-- 0.019101 s
currentSize : 18 <-- 0.021030 s
currentSize : 19 <-- 0.076189 s
currentSize : 20 <-- 5.178307 s
currentSize : 21 <-- 6.906463 s
currentSize : 22 <-- 18.344976 s
currentSize : 23 <-- 18.400881 s
currentSize : 24 <-- 19.671776 s
currentSize : 25 <-- 19.677757 s

maxsize : 25
nodes : 3971647.000000
filtered : 126337575.000000
time : 20.002537
