Parameters: GAD=1 vflib=1 dir=0 label=0 lowerbound=1 fileNameGp=../graphsdb/mcs90/m4D/m4Dr4/mcs90_m4Dr4_s20.A33 fileNameGt=../graphsdb/mcs90/m4D/m4Dr4/mcs90_m4Dr4_s20.B33
Reading graphs...
20 :  43
20 :  42
Initializing...
maxdom : 20
D->valSize : 400
Solving...
Blb : 2 (clique : 11)
currentSize : 11 <-- 0.002316 s
currentSize : 12 <-- 0.002386 s
currentSize : 13 <-- 0.043353 s
currentSize : 14 <-- 0.149343 s
currentSize : 15 <-- 0.154426 s
currentSize : 16 <-- 0.166101 s

maxsize : 16
nodes : 60567.000000
filtered : 992804.000000
time : 0.177413
