Parameters: GAD=1 vflib=1 dir=0 label=0 lowerbound=1 fileNameGp=../graphsdb/mcs90/bvg/b06/mcs90_b06_s35.A65 fileNameGt=../graphsdb/mcs90/bvg/b06/mcs90_b06_s35.B65
Reading graphs...
35 :  105
35 :  104
Initializing...
maxdom : 35
D->valSize : 1225
Solving...
Blb : 5 (clique : 20)
currentSize : 20 <-- 0.034404 s
currentSize : 21 <-- 0.035551 s
currentSize : 22 <-- 0.035786 s
currentSize : 25 <-- 0.035939 s
currentSize : 26 <-- 0.036055 s
currentSize : 27 <-- 0.037016 s
currentSize : 28 <-- 0.064709 s
currentSize : 29 <-- 0.065025 s
currentSize : 32 <-- 0.073573 s

maxsize : 32
nodes : 13448.000000
filtered : 698112.000000
time : 0.163252
