Parameters: GAD=1 vflib=1 dir=0 label=0 lowerbound=1 fileNameGp=../graphsdb/mcs90/bvg/b06m/mcs90_b06m_s25.A01 fileNameGt=../graphsdb/mcs90/bvg/b06m/mcs90_b06m_s25.B01
Reading graphs...
25 :  75
25 :  75
Initializing...
maxdom : 25
D->valSize : 625
Solving...
Blb : 5 (clique : 12)
currentSize : 12 <-- 0.005022 s
currentSize : 13 <-- 0.005159 s
currentSize : 14 <-- 0.164500 s
currentSize : 15 <-- 0.445605 s
currentSize : 16 <-- 0.732941 s
currentSize : 17 <-- 1.025902 s
currentSize : 18 <-- 1.106738 s
currentSize : 19 <-- 1.368689 s
currentSize : 22 <-- 1.387258 s

maxsize : 22
nodes : 356741.000000
filtered : 7549944.000000
time : 1.390396
