Parameters: GAD=1 vflib=1 dir=0 label=0 lowerbound=1 fileNameGp=../graphsdb/mcs90/bvg/b06m/mcs90_b06m_s35.A49 fileNameGt=../graphsdb/mcs90/bvg/b06m/mcs90_b06m_s35.B49
Reading graphs...
35 :  103
35 :  103
Initializing...
maxdom : 35
D->valSize : 1225
Solving...
Blb : 2 (clique : 17)
currentSize : 17 <-- 0.019526 s
currentSize : 18 <-- 0.019699 s
currentSize : 19 <-- 0.021348 s
currentSize : 20 <-- 3.183086 s
currentSize : 21 <-- 35.429516 s
currentSize : 22 <-- 67.604370 s
currentSize : 23 <-- 80.315643 s
currentSize : 25 <-- 103.799347 s
currentSize : 26 <-- 120.546356 s
currentSize : 31 <-- 121.258888 s

maxsize : 31
nodes : 21176543.000000
filtered : 791633667.000000
time : 121.313660
