Parameters: GAD=1 vflib=1 dir=0 label=0 lowerbound=1 fileNameGp=../graphsdb/mcs90/bvg/b03m/mcs90_b03m_s25.A90 fileNameGt=../graphsdb/mcs90/bvg/b03m/mcs90_b03m_s25.B90
Reading graphs...
25 :  37
25 :  37
Initializing...
maxdom : 25
D->valSize : 625
Solving...
Blb : 3 (clique : 15)
currentSize : 15 <-- 0.005624 s
currentSize : 16 <-- 0.005721 s
currentSize : 17 <-- 0.005744 s
currentSize : 18 <-- 0.006378 s
currentSize : 19 <-- 0.024111 s
currentSize : 20 <-- 0.024138 s
currentSize : 21 <-- 0.024204 s
currentSize : 23 <-- 0.024662 s

maxsize : 23
nodes : 6456.000000
filtered : 128305.000000
time : 0.028201
