Parameters: GAD=1 vflib=1 dir=0 label=0 lowerbound=1 fileNameGp=../graphsdb/mcs90/rand/r02/mcs90_r02_s35.A05 fileNameGt=../graphsdb/mcs90/rand/r02/mcs90_r02_s35.B05
Reading graphs...
35 :  211
35 :  214
Initializing...
maxdom : 35
D->valSize : 1225
Solving...
Blb : 2 (clique : 10)
currentSize : 10 <-- 0.029633 s
currentSize : 11 <-- 0.029850 s
currentSize : 12 <-- 0.030641 s
currentSize : 13 <-- 0.047877 s
currentSize : 14 <-- 0.973982 s
currentSize : 15 <-- 45.511082 s
currentSize : 16 <-- 68.053734 s
currentSize : 18 <-- 71.579742 s
currentSize : 21 <-- 72.660248 s
currentSize : 22 <-- 141.179596 s
currentSize : 31 <-- 141.180145 s

maxsize : 31
nodes : 33294843.000000
filtered : 613564162.000000
time : 141.205322
