Parameters: GAD=1 vflib=1 dir=0 label=0 lowerbound=1 fileNameGp=../graphsdb/mcs90/bvg/b09/mcs90_b09_s30.A01 fileNameGt=../graphsdb/mcs90/bvg/b09/mcs90_b09_s30.B01
Reading graphs...
30 :  134
30 :  134
Initializing...
maxdom : 30
D->valSize : 900
Solving...
Blb : 2 (clique : 13)
currentSize : 13 <-- 0.009798 s
currentSize : 14 <-- 0.009904 s
currentSize : 16 <-- 0.010167 s
currentSize : 17 <-- 0.022978 s
currentSize : 18 <-- 0.023010 s
currentSize : 22 <-- 0.023326 s
currentSize : 26 <-- 0.034409 s

maxsize : 26
nodes : 27289.000000
filtered : 1270268.000000
time : 0.174183
