Parameters: GAD=1 vflib=1 dir=0 label=0 lowerbound=1 fileNameGp=../graphsdb/mcs90/rand/r02/mcs90_r02_s20.A89 fileNameGt=../graphsdb/mcs90/rand/r02/mcs90_r02_s20.B89
Reading graphs...
20 :  69
20 :  70
Initializing...
maxdom : 20
D->valSize : 400
Solving...
Blb : 2 (clique : 10)
currentSize : 10 <-- 0.002145 s
currentSize : 11 <-- 0.008057 s
currentSize : 12 <-- 0.105544 s
currentSize : 13 <-- 0.122853 s
currentSize : 18 <-- 0.265895 s

maxsize : 18
nodes : 85158.000000
filtered : 1217027.000000
time : 0.266086
