Parameters: GAD=1 vflib=1 dir=0 label=0 lowerbound=1 fileNameGp=../graphsdb/mcs90/bvg/b06m/mcs90_b06m_s25.A29 fileNameGt=../graphsdb/mcs90/bvg/b06m/mcs90_b06m_s25.B29
Reading graphs...
25 :  74
25 :  74
Initializing...
maxdom : 25
D->valSize : 625
Solving...
Blb : 2 (clique : 12)
currentSize : 12 <-- 0.004976 s
currentSize : 13 <-- 0.006111 s
currentSize : 14 <-- 0.010887 s
currentSize : 15 <-- 0.041545 s
currentSize : 16 <-- 0.043338 s
currentSize : 17 <-- 0.060782 s
currentSize : 18 <-- 0.060992 s
currentSize : 19 <-- 0.290617 s
currentSize : 21 <-- 0.298473 s
currentSize : 22 <-- 0.298515 s

maxsize : 22
nodes : 61108.000000
filtered : 2066060.000000
time : 0.303081
