Parameters: GAD=1 vflib=1 dir=0 label=0 lowerbound=1 fileNameGp=../graphsdb/mcs90/rand/r02/mcs90_r02_s20.A74 fileNameGt=../graphsdb/mcs90/rand/r02/mcs90_r02_s20.B74
Reading graphs...
20 :  70
20 :  69
Initializing...
maxdom : 20
D->valSize : 400
Solving...
Blb : 2 (clique : 10)
currentSize : 10 <-- 0.002231 s
currentSize : 11 <-- 0.006114 s
currentSize : 13 <-- 0.006133 s
currentSize : 14 <-- 0.031568 s
currentSize : 17 <-- 0.081020 s
currentSize : 18 <-- 0.081050 s

maxsize : 18
nodes : 22839.000000
filtered : 446406.000000
time : 0.081537
