Parameters: GAD=1 vflib=1 dir=0 label=0 lowerbound=1 fileNameGp=../graphsdb/mcs90/rand/r02/mcs90_r02_s35.A01 fileNameGt=../graphsdb/mcs90/rand/r02/mcs90_r02_s35.B01
Reading graphs...
35 :  209
35 :  212
Initializing...
maxdom : 35
D->valSize : 1225
Solving...
Blb : 2 (clique : 11)
currentSize : 11 <-- 0.017789 s
currentSize : 12 <-- 0.018047 s
currentSize : 13 <-- 0.023416 s
currentSize : 14 <-- 0.030308 s
currentSize : 15 <-- 9.440787 s
currentSize : 21 <-- 9.442873 s
currentSize : 31 <-- 36.436020 s

maxsize : 31
nodes : 7813442.000000
filtered : 176479158.000000
time : 36.509350
