Parameters: GAD=1 vflib=1 dir=0 label=0 lowerbound=1 fileNameGp=../graphsdb/mcs90/m3D/m3Dr6/mcs90_m3Dr6_s30.A01 fileNameGt=../graphsdb/mcs90/m3D/m3Dr6/mcs90_m3Dr6_s30.B01
Reading graphs...
30 :  78
30 :  77
Initializing...
maxdom : 30
D->valSize : 900
Solving...
Blb : 2 (clique : 15)
currentSize : 15 <-- 0.010612 s
currentSize : 16 <-- 0.011199 s
currentSize : 17 <-- 0.012176 s
currentSize : 18 <-- 0.305594 s
currentSize : 19 <-- 2.062610 s
currentSize : 20 <-- 3.835870 s
currentSize : 21 <-- 10.714327 s
currentSize : 23 <-- 10.728036 s
currentSize : 24 <-- 10.729348 s
currentSize : 25 <-- 11.071680 s
currentSize : 27 <-- 11.205302 s

maxsize : 27
nodes : 2432306.000000
filtered : 63621883.000000
time : 11.209140
