Parameters: GAD=1 vflib=1 dir=0 label=0 lowerbound=1 fileNameGp=../graphsdb/mcs90/rand/r01/mcs90_r01_s35.A11 fileNameGt=../graphsdb/mcs90/rand/r01/mcs90_r01_s35.B11
Reading graphs...
35 :  114
35 :  114
Initializing...
maxdom : 35
D->valSize : 1225
Solving...
Blb : 2 (clique : 15)
currentSize : 15 <-- 0.023774 s
currentSize : 16 <-- 0.023953 s
currentSize : 17 <-- 0.024319 s
currentSize : 18 <-- 0.024867 s
currentSize : 19 <-- 0.113941 s
currentSize : 20 <-- 0.817932 s
currentSize : 22 <-- 1.176867 s
currentSize : 23 <-- 5.356011 s
currentSize : 25 <-- 5.905038 s
currentSize : 26 <-- 9.105884 s
currentSize : 31 <-- 11.794288 s

maxsize : 31
nodes : 1787588.000000
filtered : 79832255.000000
time : 11.834354
