Parameters: GAD=1 vflib=1 dir=0 label=0 lowerbound=1 fileNameGp=../graphsdb/mcs90/m4D/m4Dr4/mcs90_m4Dr4_s20.A65 fileNameGt=../graphsdb/mcs90/m4D/m4Dr4/mcs90_m4Dr4_s20.B65
Reading graphs...
20 :  42
20 :  41
Initializing...
maxdom : 20
D->valSize : 400
Solving...
Blb : 2 (clique : 12)
currentSize : 12 <-- 0.002377 s
currentSize : 13 <-- 0.002463 s
currentSize : 14 <-- 0.002786 s
currentSize : 15 <-- 0.003804 s
currentSize : 17 <-- 0.011786 s

maxsize : 17
nodes : 3605.000000
filtered : 99402.000000
time : 0.017655
