Parameters: GAD=1 vflib=1 dir=0 label=0 lowerbound=1 fileNameGp=../graphsdb/mcs90/m3D/m3Dr4/mcs90_m3Dr4_s30.A84 fileNameGt=../graphsdb/mcs90/m3D/m3Dr4/mcs90_m3Dr4_s30.B84
Reading graphs...
30 :  72
30 :  72
Initializing...
maxdom : 30
D->valSize : 900
Solving...
Blb : 2 (clique : 16)
currentSize : 16 <-- 0.010799 s
currentSize : 17 <-- 0.018798 s
currentSize : 18 <-- 0.163035 s
currentSize : 19 <-- 2.432192 s
currentSize : 20 <-- 3.364843 s
currentSize : 21 <-- 8.496708 s
currentSize : 22 <-- 8.592236 s
currentSize : 23 <-- 8.593311 s
currentSize : 27 <-- 8.594067 s

maxsize : 27
nodes : 2063994.000000
filtered : 42564446.000000
time : 8.612705
