Parameters: GAD=1 vflib=1 dir=0 label=0 lowerbound=1 fileNameGp=../graphsdb/mcs90/bvg/b03/mcs90_b03_s35.A33 fileNameGt=../graphsdb/mcs90/bvg/b03/mcs90_b03_s35.B33
Reading graphs...
35 :  52
35 :  52
Initializing...
maxdom : 35
D->valSize : 1225
Solving...
Blb : 2 (clique : 23)
currentSize : 23 <-- 0.037558 s
currentSize : 24 <-- 0.037876 s
currentSize : 25 <-- 0.040081 s
currentSize : 26 <-- 0.046645 s
currentSize : 27 <-- 0.046754 s
currentSize : 28 <-- 0.057529 s
currentSize : 29 <-- 0.372027 s
currentSize : 31 <-- 0.421056 s

maxsize : 31
nodes : 111368.000000
filtered : 4018333.000000
time : 0.851024
