Parameters: GAD=1 vflib=1 dir=0 label=0 lowerbound=1 fileNameGp=../graphsdb/mcs90/bvg/b06m/mcs90_b06m_s25.A62 fileNameGt=../graphsdb/mcs90/bvg/b06m/mcs90_b06m_s25.B62
Reading graphs...
25 :  72
25 :  71
Initializing...
maxdom : 25
D->valSize : 625
Solving...
Blb : 3 (clique : 11)
currentSize : 11 <-- 0.005076 s
currentSize : 12 <-- 0.005153 s
currentSize : 13 <-- 0.005512 s
currentSize : 14 <-- 0.011261 s
currentSize : 15 <-- 0.078105 s
currentSize : 16 <-- 0.078146 s
currentSize : 17 <-- 0.166525 s
currentSize : 18 <-- 0.349270 s
currentSize : 19 <-- 0.349941 s
currentSize : 22 <-- 0.351401 s

maxsize : 22
nodes : 99549.000000
filtered : 1903288.000000
time : 0.363681
