Parameters: GAD=1 vflib=1 dir=0 label=0 lowerbound=1 fileNameGp=../graphsdb/mcs90/rand/r005/mcs90_r005_s35.A46 fileNameGt=../graphsdb/mcs90/rand/r005/mcs90_r005_s35.B46
Reading graphs...
35 :  57
35 :  57
Initializing...
maxdom : 35
D->valSize : 1225
Solving...
Blb : 2 (clique : 20)
currentSize : 20 <-- 0.025222 s
currentSize : 21 <-- 0.025405 s
currentSize : 22 <-- 0.025459 s
currentSize : 23 <-- 0.025513 s
currentSize : 24 <-- 0.027027 s
currentSize : 25 <-- 0.030764 s
currentSize : 26 <-- 0.091550 s
currentSize : 27 <-- 14.228796 s
currentSize : 28 <-- 63.053272 s
currentSize : 29 <-- 75.105370 s
currentSize : 31 <-- 75.236572 s

maxsize : 31
nodes : 9025818.000000
filtered : 544187944.000000
time : 75.347282
