Parameters: GAD=1 vflib=1 dir=0 label=0 lowerbound=1 fileNameGp=../graphsdb/mcs90/bvg/b06/mcs90_b06_s25.A43 fileNameGt=../graphsdb/mcs90/bvg/b06/mcs90_b06_s25.B43
Reading graphs...
25 :  75
25 :  74
Initializing...
maxdom : 25
D->valSize : 625
Solving...
Blb : 2 (clique : 15)
currentSize : 15 <-- 0.004961 s
currentSize : 19 <-- 0.005054 s
currentSize : 20 <-- 0.005091 s
currentSize : 21 <-- 0.005191 s
currentSize : 22 <-- 0.005204 s

maxsize : 22
nodes : 6346.000000
filtered : 204064.000000
time : 0.035229
