Parameters: GAD=1 vflib=1 dir=0 label=0 lowerbound=1 fileNameGp=../graphsdb/mcs90/bvg/b09/mcs90_b09_s35.A81 fileNameGt=../graphsdb/mcs90/bvg/b09/mcs90_b09_s35.B81
Reading graphs...
35 :  157
35 :  155
Initializing...
maxdom : 35
D->valSize : 1225
Solving...
Blb : 2 (clique : 15)
currentSize : 15 <-- 0.031632 s
currentSize : 16 <-- 0.031926 s
currentSize : 17 <-- 0.035487 s
currentSize : 18 <-- 0.037069 s
currentSize : 19 <-- 0.037104 s
currentSize : 20 <-- 0.038364 s
currentSize : 21 <-- 0.039983 s
currentSize : 22 <-- 0.046337 s
currentSize : 24 <-- 0.051178 s
currentSize : 26 <-- 0.078556 s
currentSize : 27 <-- 0.110286 s
currentSize : 29 <-- 0.110357 s
currentSize : 30 <-- 0.110424 s

maxsize : 30
nodes : 88462.000000
filtered : 5019759.000000
time : 0.666628
