Parameters: GAD=1 vflib=1 dir=0 label=0 lowerbound=1 fileNameGp=../graphsdb/mcs90/bvg/b09/mcs90_b09_s30.A81 fileNameGt=../graphsdb/mcs90/bvg/b09/mcs90_b09_s30.B81
Reading graphs...
30 :  135
30 :  134
Initializing...
maxdom : 30
D->valSize : 900
Solving...
Blb : 3 (clique : 12)
currentSize : 12 <-- 0.009780 s
currentSize : 13 <-- 0.009886 s
currentSize : 14 <-- 0.009944 s
currentSize : 16 <-- 0.010005 s
currentSize : 17 <-- 0.010043 s
currentSize : 18 <-- 0.010088 s
currentSize : 19 <-- 0.010117 s
currentSize : 20 <-- 0.012817 s
currentSize : 26 <-- 0.032947 s

maxsize : 26
nodes : 23325.000000
filtered : 1237070.000000
time : 0.161712
