Parameters: GAD=1 vflib=1 dir=0 label=0 lowerbound=1 fileNameGp=../graphsdb/mcs90/rand/r005/mcs90_r005_s35.A52 fileNameGt=../graphsdb/mcs90/rand/r005/mcs90_r005_s35.B52
Reading graphs...
35 :  55
35 :  56
Initializing...
maxdom : 35
D->valSize : 1225
Solving...
Blb : 2 (clique : 22)
currentSize : 22 <-- 0.021864 s
currentSize : 23 <-- 0.231736 s
currentSize : 24 <-- 0.842482 s
currentSize : 25 <-- 1.226935 s
currentSize : 26 <-- 45.772942 s
currentSize : 27 <-- 45.773140 s
currentSize : 28 <-- 66.878883 s
currentSize : 31 <-- 68.808693 s

maxsize : 31
nodes : 11002807.000000
filtered : 418695484.000000
time : 69.049866
