Parameters: GAD=1 vflib=1 dir=0 label=0 lowerbound=1 fileNameGp=../graphsdb/mcs90/bvg/b06/mcs90_b06_s20.A00 fileNameGt=../graphsdb/mcs90/bvg/b06/mcs90_b06_s20.B00
Reading graphs...
20 :  60
20 :  60
Initializing...
maxdom : 20
D->valSize : 400
Solving...
Blb : 3 (clique : 13)
currentSize : 13 <-- 0.002145 s
currentSize : 14 <-- 0.002243 s
currentSize : 15 <-- 0.002608 s
currentSize : 16 <-- 0.002619 s
currentSize : 18 <-- 0.002926 s

maxsize : 18
nodes : 1293.000000
filtered : 38785.000000
time : 0.007447
