Parameters: GAD=1 vflib=1 dir=0 label=0 lowerbound=1 fileNameGp=../graphsdb/mcs90/bvg/b03m/mcs90_b03m_s35.A59 fileNameGt=../graphsdb/mcs90/bvg/b03m/mcs90_b03m_s35.B59
Reading graphs...
35 :  51
35 :  51
Initializing...
maxdom : 35
D->valSize : 1225
Solving...
Blb : 2 (clique : 22)
currentSize : 22 <-- 0.037422 s
currentSize : 23 <-- 0.037867 s
currentSize : 24 <-- 0.052665 s
currentSize : 25 <-- 1.222373 s
currentSize : 26 <-- 2.432197 s
currentSize : 27 <-- 6.526441 s
currentSize : 28 <-- 8.697139 s
currentSize : 29 <-- 11.596432 s
currentSize : 30 <-- 11.596538 s
currentSize : 31 <-- 11.620275 s

maxsize : 31
nodes : 1843058.000000
filtered : 68223226.000000
time : 11.824984
