Parameters: GAD=1 vflib=1 dir=0 label=0 lowerbound=1 fileNameGp=../graphsdb/mcs90/bvg/b09m/mcs90_b09m_s20.A45 fileNameGt=../graphsdb/mcs90/bvg/b09m/mcs90_b09m_s20.B45
Reading graphs...
20 :  86
20 :  87
Initializing...
maxdom : 20
D->valSize : 400
Solving...
Blb : 2 (clique : 8)
currentSize : 8 <-- 0.003906 s
currentSize : 9 <-- 0.004123 s
currentSize : 10 <-- 0.005291 s
currentSize : 11 <-- 0.015144 s
currentSize : 12 <-- 0.051981 s
currentSize : 18 <-- 0.113965 s

maxsize : 18
nodes : 40254.000000
filtered : 413326.000000
time : 0.116025
