Parameters: GAD=1 vflib=1 dir=0 label=0 lowerbound=1 fileNameGp=../graphsdb/mcs90/rand/r01/mcs90_r01_s30.A30 fileNameGt=../graphsdb/mcs90/rand/r01/mcs90_r01_s30.B30
Reading graphs...
30 :  83
30 :  85
Initializing...
maxdom : 30
D->valSize : 900
Solving...
Blb : 2 (clique : 15)
currentSize : 15 <-- 0.010463 s
currentSize : 16 <-- 0.010809 s
currentSize : 17 <-- 0.028677 s
currentSize : 18 <-- 0.271126 s
currentSize : 19 <-- 0.271211 s
currentSize : 20 <-- 0.285148 s
currentSize : 21 <-- 0.285234 s
currentSize : 22 <-- 0.294216 s
currentSize : 25 <-- 1.884576 s
currentSize : 27 <-- 1.900458 s

maxsize : 27
nodes : 330236.000000
filtered : 12797610.000000
time : 1.914539
