Parameters: GAD=1 vflib=1 dir=0 label=0 lowerbound=1 fileNameGp=../graphsdb/mcs90/rand/r02/mcs90_r02_s30.A65 fileNameGt=../graphsdb/mcs90/rand/r02/mcs90_r02_s30.B65
Reading graphs...
30 :  153
30 :  156
Initializing...
maxdom : 30
D->valSize : 900
Solving...
Blb : 2 (clique : 11)
currentSize : 11 <-- 0.016327 s
currentSize : 12 <-- 0.017872 s
currentSize : 15 <-- 0.021804 s
currentSize : 16 <-- 0.025601 s
currentSize : 22 <-- 0.431443 s
currentSize : 27 <-- 0.431520 s

maxsize : 27
nodes : 85989.000000
filtered : 1393427.000000
time : 0.445811
