Parameters: GAD=1 vflib=1 dir=0 label=0 lowerbound=1 fileNameGp=../graphsdb/mcs90/rand/r02/mcs90_r02_s25.A37 fileNameGt=../graphsdb/mcs90/rand/r02/mcs90_r02_s25.B37
Reading graphs...
25 :  111
25 :  111
Initializing...
maxdom : 25
D->valSize : 625
Solving...
Blb : 2 (clique : 9)
currentSize : 9 <-- 0.004712 s
currentSize : 10 <-- 0.004793 s
currentSize : 11 <-- 0.004980 s
currentSize : 12 <-- 0.022810 s
currentSize : 13 <-- 0.346847 s
currentSize : 15 <-- 0.843657 s
currentSize : 22 <-- 0.861283 s

maxsize : 22
nodes : 286486.000000
filtered : 3199033.000000
time : 0.870451
