Parameters: GAD=1 vflib=1 dir=0 label=0 lowerbound=1 fileNameGp=../graphsdb/mcs90/bvg/b03/mcs90_b03_s25.A54 fileNameGt=../graphsdb/mcs90/bvg/b03/mcs90_b03_s25.B54
Reading graphs...
25 :  37
25 :  37
Initializing...
maxdom : 25
D->valSize : 625
Solving...
Blb : 2 (clique : 17)
currentSize : 17 <-- 0.005584 s
currentSize : 18 <-- 0.006176 s
currentSize : 20 <-- 0.006234 s
currentSize : 22 <-- 0.007681 s
currentSize : 23 <-- 0.009748 s

maxsize : 23
nodes : 3782.000000
filtered : 90634.000000
time : 0.020718
