Parameters: GAD=1 vflib=1 dir=0 label=0 lowerbound=1 fileNameGp=../graphsdb/mcs90/m3D/m3Dr4/mcs90_m3Dr4_s30.A36 fileNameGt=../graphsdb/mcs90/m3D/m3Dr4/mcs90_m3Dr4_s30.B36
Reading graphs...
30 :  73
30 :  73
Initializing...
maxdom : 30
D->valSize : 900
Solving...
Blb : 2 (clique : 15)
currentSize : 15 <-- 0.010719 s
currentSize : 16 <-- 0.011231 s
currentSize : 17 <-- 0.015208 s
currentSize : 18 <-- 0.109801 s
currentSize : 19 <-- 0.787624 s
currentSize : 21 <-- 8.245102 s
currentSize : 22 <-- 8.251068 s
currentSize : 23 <-- 9.160109 s
currentSize : 27 <-- 9.610713 s

maxsize : 27
nodes : 2165956.000000
filtered : 51854026.000000
time : 9.637195
