Parameters: GAD=1 vflib=1 dir=0 label=0 lowerbound=1 fileNameGp=../graphsdb/mcs90/m3D/m3Dr6/mcs90_m3Dr6_s30.A32 fileNameGt=../graphsdb/mcs90/m3D/m3Dr6/mcs90_m3Dr6_s30.B32
Reading graphs...
30 :  75
30 :  72
Initializing...
maxdom : 30
D->valSize : 900
Solving...
Blb : 2 (clique : 14)
currentSize : 14 <-- 0.010695 s
currentSize : 15 <-- 0.010803 s
currentSize : 16 <-- 0.010878 s
currentSize : 17 <-- 0.012161 s
currentSize : 18 <-- 0.017911 s
currentSize : 19 <-- 0.811513 s
currentSize : 22 <-- 14.502666 s
currentSize : 23 <-- 16.852543 s
currentSize : 27 <-- 18.450388 s

maxsize : 27
nodes : 4078254.000000
filtered : 104442715.000000
time : 18.460239
