Parameters: GAD=1 vflib=1 dir=0 label=0 lowerbound=1 fileNameGp=../graphsdb/mcs90/bvg/b06m/mcs90_b06m_s15.A96 fileNameGt=../graphsdb/mcs90/bvg/b06m/mcs90_b06m_s15.B96
Reading graphs...
15 :  42
15 :  42
Initializing...
maxdom : 15
D->valSize : 225
Solving...
Blb : 3 (clique : 8)
currentSize : 8 <-- 0.000932 s
currentSize : 9 <-- 0.001605 s
currentSize : 10 <-- 0.004603 s
currentSize : 12 <-- 0.004815 s
currentSize : 13 <-- 0.006050 s

maxsize : 13
nodes : 2266.000000
filtered : 26692.000000
time : 0.006637
