Parameters: GAD=1 vflib=1 dir=0 label=0 lowerbound=1 fileNameGp=../graphsdb/mcs90/rand/r02/mcs90_r02_s35.A18 fileNameGt=../graphsdb/mcs90/rand/r02/mcs90_r02_s35.B18
Reading graphs...
35 :  217
35 :  221
Initializing...
maxdom : 35
D->valSize : 1225
Solving...
Blb : 3 (clique : 12)
currentSize : 12 <-- 0.017789 s
currentSize : 13 <-- 0.039067 s
currentSize : 14 <-- 0.245987 s
currentSize : 15 <-- 93.392143 s
currentSize : 16 <-- 148.742126 s
currentSize : 18 <-- 148.742203 s
currentSize : 21 <-- 148.763565 s
currentSize : 23 <-- 153.652161 s
currentSize : 31 <-- 153.712555 s

maxsize : 31
nodes : 45657179.000000
filtered : 438975974.000000
time : 153.820892
