Parameters: GAD=1 vflib=1 dir=0 label=0 lowerbound=1 fileNameGp=../graphsdb/mcs90/bvg/b03m/mcs90_b03m_s30.A88 fileNameGt=../graphsdb/mcs90/bvg/b03m/mcs90_b03m_s30.B88
Reading graphs...
30 :  45
30 :  44
Initializing...
maxdom : 30
D->valSize : 900
Solving...
Blb : 2 (clique : 20)
currentSize : 20 <-- 0.011311 s
currentSize : 21 <-- 0.011657 s
currentSize : 22 <-- 0.014931 s
currentSize : 23 <-- 0.014980 s
currentSize : 24 <-- 1.023405 s
currentSize : 25 <-- 2.043022 s
currentSize : 26 <-- 2.060833 s

maxsize : 26
nodes : 410943.000000
filtered : 15065722.000000
time : 2.392950
