Parameters: GAD=1 vflib=1 dir=0 label=0 lowerbound=1 fileNameGp=../graphsdb/mcs90/bvg/b09m/mcs90_b09m_s35.A58 fileNameGt=../graphsdb/mcs90/bvg/b09m/mcs90_b09m_s35.B58
Reading graphs...
35 :  151
35 :  151
Initializing...
maxdom : 35
D->valSize : 1225
Solving...
Blb : 2 (clique : 13)
currentSize : 13 <-- 0.018735 s
currentSize : 14 <-- 0.018964 s
currentSize : 15 <-- 0.020854 s
currentSize : 16 <-- 0.171099 s
currentSize : 17 <-- 2.013666 s
currentSize : 18 <-- 54.036263 s
currentSize : 19 <-- 119.315697 s
currentSize : 21 <-- 119.340813 s
currentSize : 24 <-- 119.379555 s
currentSize : 30 <-- 119.461693 s

maxsize : 30
nodes : 27380819.000000
filtered : 593188215.000000
time : 119.745613
