Parameters: GAD=1 vflib=1 dir=0 label=0 lowerbound=1 fileNameGp=../graphsdb/mcs90/bvg/b09/mcs90_b09_s35.A65 fileNameGt=../graphsdb/mcs90/bvg/b09/mcs90_b09_s35.B65
Reading graphs...
35 :  154
35 :  156
Initializing...
maxdom : 35
D->valSize : 1225
Solving...
Blb : 2 (clique : 13)
currentSize : 13 <-- 0.023209 s
currentSize : 14 <-- 0.023343 s
currentSize : 15 <-- 0.023374 s
currentSize : 17 <-- 0.023402 s
currentSize : 18 <-- 0.025330 s
currentSize : 19 <-- 0.025903 s
currentSize : 20 <-- 0.037696 s
currentSize : 22 <-- 0.122568 s
currentSize : 23 <-- 0.200842 s
currentSize : 24 <-- 0.200869 s
currentSize : 25 <-- 0.221048 s
currentSize : 26 <-- 0.221078 s
currentSize : 28 <-- 0.262293 s
currentSize : 30 <-- 0.262396 s
currentSize : 31 <-- 0.326671 s

maxsize : 31
nodes : 85621.000000
filtered : 3022333.000000
time : 0.489570
