Parameters: GAD=1 vflib=1 dir=0 label=0 lowerbound=1 fileNameGp=../graphsdb/mcs90/bvg/b09/mcs90_b09_s35.A47 fileNameGt=../graphsdb/mcs90/bvg/b09/mcs90_b09_s35.B47
Reading graphs...
35 :  157
35 :  156
Initializing...
maxdom : 35
D->valSize : 1225
Solving...
Blb : 2 (clique : 15)
currentSize : 15 <-- 0.031522 s
currentSize : 17 <-- 0.031726 s
currentSize : 22 <-- 0.031802 s
currentSize : 23 <-- 0.032311 s
currentSize : 26 <-- 0.040089 s
currentSize : 30 <-- 0.142087 s

maxsize : 30
nodes : 78887.000000
filtered : 4974002.000000
time : 0.707099
