Parameters: GAD=1 vflib=1 dir=0 label=0 lowerbound=1 fileNameGp=../graphsdb/mcs90/m2D/m2Dr4/mcs90_m2Dr4_s20.A29 fileNameGt=../graphsdb/mcs90/m2D/m2Dr4/mcs90_m2Dr4_s20.B29
Reading graphs...
20 :  37
20 :  35
Initializing...
maxdom : 20
D->valSize : 400
Solving...
Blb : 2 (clique : 12)
currentSize : 12 <-- 0.002431 s
currentSize : 13 <-- 0.002508 s
currentSize : 14 <-- 0.002676 s
currentSize : 15 <-- 0.074346 s
currentSize : 16 <-- 0.099464 s
currentSize : 17 <-- 0.099511 s

maxsize : 17
nodes : 31629.000000
filtered : 614124.000000
time : 0.106384
