Parameters: GAD=1 vflib=1 dir=0 label=0 lowerbound=1 fileNameGp=../graphsdb/mcs90/m4D/m4Dr2/mcs90_m4Dr2_s20.A98 fileNameGt=../graphsdb/mcs90/m4D/m4Dr2/mcs90_m4Dr2_s20.B98
Reading graphs...
20 :  41
20 :  41
Initializing...
maxdom : 20
D->valSize : 400
Solving...
Blb : 2 (clique : 11)
currentSize : 11 <-- 0.002311 s
currentSize : 12 <-- 0.004497 s
currentSize : 13 <-- 0.004540 s
currentSize : 14 <-- 0.037668 s
currentSize : 15 <-- 0.039820 s
currentSize : 16 <-- 0.046486 s

maxsize : 16
nodes : 19470.000000
filtered : 298728.000000
time : 0.056546
