Parameters: GAD=1 vflib=1 dir=0 label=0 lowerbound=1 fileNameGp=../graphsdb/mcs90/rand/r005/mcs90_r005_s30.A15 fileNameGt=../graphsdb/mcs90/rand/r005/mcs90_r005_s30.B15
Reading graphs...
30 :  42
30 :  41
Initializing...
maxdom : 30
D->valSize : 900
Solving...
Blb : 2 (clique : 18)
currentSize : 18 <-- 0.020118 s
currentSize : 19 <-- 0.020329 s
currentSize : 20 <-- 0.020344 s
currentSize : 21 <-- 0.020492 s
currentSize : 22 <-- 0.021940 s
currentSize : 23 <-- 5.519520 s
currentSize : 24 <-- 5.693177 s
currentSize : 25 <-- 5.874856 s
currentSize : 27 <-- 5.877302 s

maxsize : 27
nodes : 1069853.000000
filtered : 37229751.000000
time : 5.910825
