Parameters: GAD=1 vflib=1 dir=0 label=0 lowerbound=1 fileNameGp=../graphsdb/mcs90/bvg/b09/mcs90_b09_s35.A41 fileNameGt=../graphsdb/mcs90/bvg/b09/mcs90_b09_s35.B41
Reading graphs...
35 :  156
35 :  157
Initializing...
maxdom : 35
D->valSize : 1225
Solving...
Blb : 5 (clique : 15)
currentSize : 15 <-- 0.024270 s
currentSize : 16 <-- 0.025042 s
currentSize : 17 <-- 0.402718 s
currentSize : 18 <-- 5.164641 s
currentSize : 19 <-- 5.359706 s
currentSize : 20 <-- 8.724674 s
currentSize : 22 <-- 8.724992 s
currentSize : 23 <-- 8.725292 s
currentSize : 26 <-- 8.725858 s
currentSize : 30 <-- 8.731575 s

maxsize : 30
nodes : 2169747.000000
filtered : 40415868.000000
time : 9.156702
