Parameters: GAD=1 vflib=1 dir=0 label=0 lowerbound=1 fileNameGp=../graphsdb/mcs90/m2D/m2Dr4/mcs90_m2Dr4_s20.A13 fileNameGt=../graphsdb/mcs90/m2D/m2Dr4/mcs90_m2Dr4_s20.B13
Reading graphs...
20 :  38
20 :  35
Initializing...
maxdom : 20
D->valSize : 400
Solving...
Blb : 2 (clique : 12)
currentSize : 12 <-- 0.002394 s
currentSize : 13 <-- 0.002960 s
currentSize : 14 <-- 0.004019 s
currentSize : 15 <-- 0.011165 s
currentSize : 16 <-- 0.022462 s

maxsize : 16
nodes : 16681.000000
filtered : 394204.000000
time : 0.064465
