Parameters: GAD=1 vflib=1 dir=0 label=0 lowerbound=1 fileNameGp=../graphsdb/mcs90/bvg/b06m/mcs90_b06m_s15.A97 fileNameGt=../graphsdb/mcs90/bvg/b06m/mcs90_b06m_s15.B97
Reading graphs...
15 :  43
15 :  43
Initializing...
maxdom : 15
D->valSize : 225
Solving...
Blb : 5 (clique : 8)
currentSize : 8 <-- 0.001013 s
currentSize : 9 <-- 0.002069 s
currentSize : 10 <-- 0.002694 s
currentSize : 12 <-- 0.002869 s
currentSize : 13 <-- 0.004075 s

maxsize : 13
nodes : 1285.000000
filtered : 17423.000000
time : 0.004286
