Parameters: GAD=1 vflib=1 dir=0 label=0 lowerbound=1 fileNameGp=../graphsdb/mcs90/bvg/b06/mcs90_b06_s25.A33 fileNameGt=../graphsdb/mcs90/bvg/b06/mcs90_b06_s25.B33
Reading graphs...
25 :  74
25 :  74
Initializing...
maxdom : 25
D->valSize : 625
Solving...
Blb : 2 (clique : 16)
currentSize : 16 <-- 0.008674 s
currentSize : 17 <-- 0.010471 s
currentSize : 18 <-- 0.010549 s
currentSize : 20 <-- 0.012934 s
currentSize : 21 <-- 0.013349 s
currentSize : 22 <-- 0.013395 s

maxsize : 22
nodes : 6596.000000
filtered : 203730.000000
time : 0.057061
