Parameters: GAD=1 vflib=1 dir=0 label=0 lowerbound=1 fileNameGp=../graphsdb/mcs90/m2D/m2Dr2/mcs90_m2Dr2_s20.A30 fileNameGt=../graphsdb/mcs90/m2D/m2Dr2/mcs90_m2Dr2_s20.B30
Reading graphs...
20 :  34
20 :  35
Initializing...
maxdom : 20
D->valSize : 400
Solving...
Blb : 2 (clique : 12)
currentSize : 12 <-- 0.002307 s
currentSize : 13 <-- 0.002413 s
currentSize : 14 <-- 0.011500 s
currentSize : 15 <-- 0.021601 s
currentSize : 16 <-- 0.043011 s

maxsize : 16
nodes : 22555.000000
filtered : 478384.000000
time : 0.080372
