Parameters: GAD=1 vflib=1 dir=0 label=0 lowerbound=1 fileNameGp=../graphsdb/mcs90/bvg/b03m/mcs90_b03m_s30.A54 fileNameGt=../graphsdb/mcs90/bvg/b03m/mcs90_b03m_s30.B54
Reading graphs...
30 :  45
30 :  45
Initializing...
maxdom : 30
D->valSize : 900
Solving...
Blb : 2 (clique : 18)
currentSize : 18 <-- 0.017215 s
currentSize : 19 <-- 0.017951 s
currentSize : 20 <-- 0.018850 s
currentSize : 21 <-- 0.196053 s
currentSize : 22 <-- 0.282045 s
currentSize : 23 <-- 18.512779 s
currentSize : 24 <-- 20.021463 s
currentSize : 25 <-- 21.305113 s
currentSize : 26 <-- 21.320597 s

maxsize : 26
nodes : 4062047.000000
filtered : 137521535.000000
time : 21.573584
