Parameters: GAD=1 vflib=1 dir=0 label=0 lowerbound=1 fileNameGp=../graphsdb/mcs90/bvg/b06/mcs90_b06_s20.A88 fileNameGt=../graphsdb/mcs90/bvg/b06/mcs90_b06_s20.B88
Reading graphs...
20 :  60
20 :  60
Initializing...
maxdom : 20
D->valSize : 400
Solving...
Blb : 2 (clique : 12)
currentSize : 12 <-- 0.002164 s
currentSize : 13 <-- 0.002223 s
currentSize : 14 <-- 0.002278 s
currentSize : 16 <-- 0.002333 s
currentSize : 18 <-- 0.002384 s

maxsize : 18
nodes : 1223.000000
filtered : 29759.000000
time : 0.006597
