Parameters: GAD=1 vflib=1 dir=0 label=0 lowerbound=1 fileNameGp=../graphsdb/mcs90/rand/r01/mcs90_r01_s25.A13 fileNameGt=../graphsdb/mcs90/rand/r01/mcs90_r01_s25.B13
Reading graphs...
25 :  54
25 :  56
Initializing...
maxdom : 25
D->valSize : 625
Solving...
Blb : 2 (clique : 13)
currentSize : 13 <-- 0.005209 s
currentSize : 14 <-- 0.005523 s
currentSize : 15 <-- 0.006191 s
currentSize : 16 <-- 0.031138 s
currentSize : 17 <-- 0.109250 s
currentSize : 19 <-- 2.823444 s
currentSize : 21 <-- 2.823479 s
currentSize : 22 <-- 2.823640 s

maxsize : 22
nodes : 702205.000000
filtered : 16357664.000000
time : 2.829090
