Parameters: GAD=1 vflib=1 dir=0 label=0 lowerbound=1 fileNameGp=../graphsdb/mcs90/m2D/m2D/mcs90_m2D_s20.A59 fileNameGt=../graphsdb/mcs90/m2D/m2D/mcs90_m2D_s20.B59
Reading graphs...
20 :  31
20 :  31
Initializing...
maxdom : 20
D->valSize : 400
Solving...
Blb : 2 (clique : 13)
currentSize : 13 <-- 0.003983 s
currentSize : 14 <-- 0.004196 s
currentSize : 15 <-- 0.004670 s
currentSize : 16 <-- 0.005805 s
currentSize : 17 <-- 0.009148 s

maxsize : 17
nodes : 3783.000000
filtered : 83949.000000
time : 0.026609
