Parameters: GAD=1 vflib=1 dir=0 label=0 lowerbound=1 fileNameGp=../graphsdb/mcs90/rand/r02/mcs90_r02_s35.A82 fileNameGt=../graphsdb/mcs90/rand/r02/mcs90_r02_s35.B82
Reading graphs...
35 :  206
35 :  207
Initializing...
maxdom : 35
D->valSize : 1225
Solving...
Blb : 2 (clique : 11)
currentSize : 11 <-- 0.017522 s
currentSize : 12 <-- 0.017884 s
currentSize : 13 <-- 0.017896 s
currentSize : 14 <-- 0.043761 s
currentSize : 15 <-- 2.522515 s
currentSize : 16 <-- 55.908215 s
currentSize : 17 <-- 56.400333 s
currentSize : 19 <-- 57.859825 s
currentSize : 22 <-- 57.859856 s
currentSize : 31 <-- 59.235184 s

maxsize : 31
nodes : 16536267.000000
filtered : 192619463.000000
time : 59.322361
