Parameters: GAD=1 vflib=1 dir=0 label=0 lowerbound=1 fileNameGp=../graphsdb/mcs90/bvg/b09m/mcs90_b09m_s20.A80 fileNameGt=../graphsdb/mcs90/bvg/b09m/mcs90_b09m_s20.B80
Reading graphs...
20 :  85
20 :  85
Initializing...
maxdom : 20
D->valSize : 400
Solving...
Blb : 2 (clique : 8)
currentSize : 8 <-- 0.002072 s
currentSize : 9 <-- 0.002126 s
currentSize : 10 <-- 0.002142 s
currentSize : 11 <-- 0.002372 s
currentSize : 12 <-- 0.005699 s
currentSize : 18 <-- 0.007829 s

maxsize : 18
nodes : 2435.000000
filtered : 48983.000000
time : 0.011304
