Parameters: GAD=1 vflib=1 dir=0 label=0 lowerbound=1 fileNameGp=../graphsdb/mcs90/bvg/b09m/mcs90_b09m_s15.A34 fileNameGt=../graphsdb/mcs90/bvg/b09m/mcs90_b09m_s15.B34
Reading graphs...
15 :  62
15 :  61
Initializing...
maxdom : 15
D->valSize : 225
Solving...
Blb : 2 (clique : 7)
currentSize : 7 <-- 0.000865 s
currentSize : 8 <-- 0.000899 s
currentSize : 9 <-- 0.001084 s
currentSize : 10 <-- 0.006767 s
currentSize : 12 <-- 0.012203 s

maxsize : 12
nodes : 4557.000000
filtered : 65863.000000
time : 0.013134
