Parameters: GAD=1 vflib=1 dir=0 label=0 lowerbound=1 fileNameGp=../graphsdb/mcs90/m2D/m2Dr4/mcs90_m2Dr4_s20.A64 fileNameGt=../graphsdb/mcs90/m2D/m2Dr4/mcs90_m2Dr4_s20.B64
Reading graphs...
20 :  38
20 :  37
Initializing...
maxdom : 20
D->valSize : 400
Solving...
Blb : 2 (clique : 12)
currentSize : 12 <-- 0.002348 s
currentSize : 13 <-- 0.005902 s
currentSize : 14 <-- 0.006405 s
currentSize : 15 <-- 0.205772 s
currentSize : 16 <-- 0.247895 s

maxsize : 16
nodes : 68901.000000
filtered : 1574864.000000
time : 0.252108
