Parameters: GAD=1 vflib=1 dir=0 label=0 lowerbound=1 fileNameGp=../graphsdb/mcs90/rand/r02/mcs90_r02_s30.A63 fileNameGt=../graphsdb/mcs90/rand/r02/mcs90_r02_s30.B63
Reading graphs...
30 :  162
30 :  165
Initializing...
maxdom : 30
D->valSize : 900
Solving...
Blb : 2 (clique : 11)
currentSize : 11 <-- 0.010036 s
currentSize : 12 <-- 0.012292 s
currentSize : 13 <-- 0.018955 s
currentSize : 14 <-- 2.817284 s
currentSize : 16 <-- 3.048311 s
currentSize : 17 <-- 5.830780 s
currentSize : 19 <-- 5.831561 s
currentSize : 27 <-- 5.972726 s

maxsize : 27
nodes : 1670828.000000
filtered : 22634799.000000
time : 5.991322
