Parameters: GAD=1 vflib=1 dir=0 label=0 lowerbound=1 fileNameGp=../graphsdb/mcs90/bvg/b06m/mcs90_b06m_s35.A36 fileNameGt=../graphsdb/mcs90/bvg/b06m/mcs90_b06m_s35.B36
Reading graphs...
35 :  103
35 :  103
Initializing...
maxdom : 35
D->valSize : 1225
Solving...
Blb : 2 (clique : 16)
currentSize : 16 <-- 0.020066 s
currentSize : 22 <-- 0.020234 s
currentSize : 24 <-- 0.020306 s
currentSize : 27 <-- 0.020373 s
currentSize : 31 <-- 0.020500 s

maxsize : 31
nodes : 5513.000000
filtered : 610571.000000
time : 0.086379
