Parameters: GAD=1 vflib=1 dir=0 label=0 lowerbound=1 fileNameGp=../graphsdb/mcs90/rand/r02/mcs90_r02_s25.A99 fileNameGt=../graphsdb/mcs90/rand/r02/mcs90_r02_s25.B99
Reading graphs...
25 :  107
25 :  107
Initializing...
maxdom : 25
D->valSize : 625
Solving...
Blb : 2 (clique : 10)
currentSize : 10 <-- 0.008385 s
currentSize : 11 <-- 0.008877 s
currentSize : 12 <-- 0.009670 s
currentSize : 13 <-- 0.086983 s
currentSize : 14 <-- 0.208308 s
currentSize : 15 <-- 0.828675 s
currentSize : 16 <-- 1.167969 s
currentSize : 19 <-- 2.108585 s
currentSize : 22 <-- 2.108652 s

maxsize : 22
nodes : 568777.000000
filtered : 9507235.000000
time : 2.114426
