Parameters: GAD=1 vflib=1 dir=0 label=0 lowerbound=1 fileNameGp=../graphsdb/mcs90/m4D/m4Dr6/mcs90_m4Dr6_s20.A08 fileNameGt=../graphsdb/mcs90/m4D/m4Dr6/mcs90_m4Dr6_s20.B08
Reading graphs...
20 :  48
20 :  46
Initializing...
maxdom : 20
D->valSize : 400
Solving...
Blb : 3 (clique : 10)
currentSize : 10 <-- 0.002328 s
currentSize : 11 <-- 0.002383 s
currentSize : 12 <-- 0.003003 s
currentSize : 13 <-- 0.006073 s
currentSize : 14 <-- 0.056068 s
currentSize : 16 <-- 0.056227 s

maxsize : 16
nodes : 19529.000000
filtered : 373457.000000
time : 0.066367
