Parameters: GAD=1 vflib=1 dir=0 label=0 lowerbound=1 fileNameGp=../graphsdb/mcs90/bvg/b06m/mcs90_b06m_s15.A65 fileNameGt=../graphsdb/mcs90/bvg/b06m/mcs90_b06m_s15.B65
Reading graphs...
15 :  43
15 :  44
Initializing...
maxdom : 15
D->valSize : 225
Solving...
Blb : 2 (clique : 7)
currentSize : 7 <-- 0.000957 s
currentSize : 8 <-- 0.001149 s
currentSize : 9 <-- 0.001426 s
currentSize : 10 <-- 0.001719 s
currentSize : 11 <-- 0.008993 s
currentSize : 13 <-- 0.009625 s

maxsize : 13
nodes : 3422.000000
filtered : 46876.000000
time : 0.010167
