Parameters: GAD=1 vflib=1 dir=0 label=0 lowerbound=1 fileNameGp=../graphsdb/mcs90/bvg/b06m/mcs90_b06m_s35.A76 fileNameGt=../graphsdb/mcs90/bvg/b06m/mcs90_b06m_s35.B76
Reading graphs...
35 :  102
35 :  102
Initializing...
maxdom : 35
D->valSize : 1225
Solving...
Blb : 2 (clique : 16)
currentSize : 16 <-- 0.019618 s
currentSize : 17 <-- 0.027884 s
currentSize : 18 <-- 0.147535 s
currentSize : 19 <-- 0.338742 s
currentSize : 20 <-- 35.152016 s
currentSize : 21 <-- 64.195892 s
currentSize : 22 <-- 110.461983 s
currentSize : 23 <-- 110.470123 s
currentSize : 24 <-- 110.673645 s
currentSize : 25 <-- 110.687294 s
currentSize : 26 <-- 111.221779 s
currentSize : 31 <-- 111.223656 s

maxsize : 31
nodes : 22633345.000000
filtered : 655974818.000000
time : 111.317719
