Parameters: GAD=1 vflib=1 dir=0 label=0 lowerbound=1 fileNameGp=../graphsdb/mcs90/rand/r005/mcs90_r005_s25.A65 fileNameGt=../graphsdb/mcs90/rand/r005/mcs90_r005_s25.B65
Reading graphs...
25 :  29
25 :  29
Initializing...
maxdom : 25
D->valSize : 625
Solving...
Blb : 2 (clique : 16)
currentSize : 16 <-- 0.005897 s
currentSize : 17 <-- 0.080140 s
currentSize : 18 <-- 0.146440 s
currentSize : 19 <-- 0.204680 s
currentSize : 20 <-- 0.218357 s
currentSize : 21 <-- 2.204732 s
currentSize : 22 <-- 2.405706 s

maxsize : 22
nodes : 504233.000000
filtered : 15058379.000000
time : 2.427560
