Parameters: GAD=1 vflib=1 dir=0 label=0 lowerbound=1 fileNameGp=../graphsdb/mcs90/rand/r01/mcs90_r01_s30.A12 fileNameGt=../graphsdb/mcs90/rand/r01/mcs90_r01_s30.B12
Reading graphs...
30 :  83
30 :  80
Initializing...
maxdom : 30
D->valSize : 900
Solving...
Blb : 2 (clique : 15)
currentSize : 15 <-- 0.010980 s
currentSize : 16 <-- 0.013275 s
currentSize : 17 <-- 0.016364 s
currentSize : 18 <-- 0.022408 s
currentSize : 19 <-- 5.891775 s
currentSize : 20 <-- 9.345254 s
currentSize : 22 <-- 11.536600 s
currentSize : 23 <-- 12.355636 s
currentSize : 27 <-- 12.637129 s

maxsize : 27
nodes : 2514346.000000
filtered : 79700985.000000
time : 12.641378
