Parameters: GAD=1 vflib=1 dir=0 label=0 lowerbound=1 fileNameGp=../graphsdb/mcs90/bvg/b06m/mcs90_b06m_s25.A21 fileNameGt=../graphsdb/mcs90/bvg/b06m/mcs90_b06m_s25.B21
Reading graphs...
25 :  73
25 :  73
Initializing...
maxdom : 25
D->valSize : 625
Solving...
Blb : 2 (clique : 10)
currentSize : 10 <-- 0.005000 s
currentSize : 11 <-- 0.005070 s
currentSize : 12 <-- 0.005084 s
currentSize : 13 <-- 0.005120 s
currentSize : 14 <-- 0.005172 s
currentSize : 15 <-- 0.101722 s
currentSize : 16 <-- 0.222951 s
currentSize : 22 <-- 0.266221 s

maxsize : 22
nodes : 79817.000000
filtered : 1215328.000000
time : 0.275018
