Parameters: GAD=1 vflib=1 dir=0 label=0 lowerbound=1 fileNameGp=../graphsdb/mcs90/bvg/b09m/mcs90_b09m_s25.A26 fileNameGt=../graphsdb/mcs90/bvg/b09m/mcs90_b09m_s25.B26
Reading graphs...
25 :  106
25 :  105
Initializing...
maxdom : 25
D->valSize : 625
Solving...
Blb : 5 (clique : 11)
currentSize : 11 <-- 0.004785 s
currentSize : 12 <-- 0.010867 s
currentSize : 13 <-- 0.041628 s
currentSize : 15 <-- 0.086724 s
currentSize : 17 <-- 0.086858 s
currentSize : 22 <-- 0.128834 s

maxsize : 22
nodes : 32164.000000
filtered : 591890.000000
time : 0.134733
