Parameters: GAD=1 vflib=1 dir=0 label=1 lowerbound=1 fileNameGp=../graphsdb/mcs30/rand/r02/mcs30_r02_s90.A51 fileNameGt=../graphsdb/mcs30/rand/r02/mcs30_r02_s90.B51
Reading graphs...
90 :  1421
90 :  1425
Initializing...
maxdom : 9
D->valSize : 515
Solving...
currentSize : 4 <-- 0.005686 s
currentSize : 5 <-- 0.006230 s
currentSize : 6 <-- 0.006504 s
currentSize : 7 <-- 0.011770 s
currentSize : 8 <-- 0.014298 s
currentSize : 9 <-- 0.031736 s
currentSize : 10 <-- 0.062129 s
currentSize : 14 <-- 0.078466 s
currentSize : 16 <-- 0.103750 s
currentSize : 23 <-- 0.256265 s
currentSize : 24 <-- 0.257420 s

maxsize : 24
nodes : 34819.000000
filtered : 492682.000000
CCGP filtered : 93693.000000
CCGT filtered : 25828.000000
time : 2.470471
