Parameters: GAD=1 vflib=1 dir=0 label=1 lowerbound=1 fileNameGp=../graphsdb/mcs30/rand/r02/mcs30_r02_s90.A58 fileNameGt=../graphsdb/mcs30/rand/r02/mcs30_r02_s90.B58
Reading graphs...
90 :  1427
90 :  1414
Initializing...
maxdom : 9
D->valSize : 519
Solving...
currentSize : 3 <-- 0.008899 s
currentSize : 5 <-- 0.009632 s
currentSize : 8 <-- 0.011614 s
currentSize : 10 <-- 0.026679 s
currentSize : 11 <-- 0.028526 s
currentSize : 12 <-- 0.037632 s
currentSize : 13 <-- 0.072812 s
currentSize : 15 <-- 0.078935 s
currentSize : 17 <-- 0.115605 s
currentSize : 24 <-- 0.353774 s

maxsize : 24
nodes : 27091.000000
filtered : 381868.000000
CCGP filtered : 76772.000000
CCGT filtered : 25555.000000
time : 2.155667
