Parameters: GAD=1 vflib=1 dir=0 label=1 lowerbound=1 fileNameGp=../graphsdb/mcs30/rand/r02/mcs30_r02_s90.A97 fileNameGt=../graphsdb/mcs30/rand/r02/mcs30_r02_s90.B97
Reading graphs...
90 :  1427
90 :  1422
Initializing...
maxdom : 8
D->valSize : 531
Solving...
currentSize : 4 <-- 0.005870 s
currentSize : 5 <-- 0.006399 s
currentSize : 7 <-- 0.007691 s
currentSize : 11 <-- 0.046647 s
currentSize : 12 <-- 0.047298 s
currentSize : 16 <-- 0.144080 s
currentSize : 20 <-- 0.146583 s
currentSize : 21 <-- 0.302820 s
currentSize : 22 <-- 0.739221 s

maxsize : 22
nodes : 26709.000000
filtered : 428657.000000
CCGP filtered : 108754.000000
CCGT filtered : 33807.000000
time : 2.034073
