Parameters: GAD=1 vflib=1 dir=0 label=1 lowerbound=1 fileNameGp=../graphsdb/mcs30/rand/r02/mcs30_r02_s80.A70 fileNameGt=../graphsdb/mcs30/rand/r02/mcs30_r02_s80.B70
Reading graphs...
80 :  1135
80 :  1148
Initializing...
maxdom : 10
D->valSize : 416
Solving...
currentSize : 4 <-- 0.006328 s
currentSize : 5 <-- 0.015990 s
currentSize : 6 <-- 0.016441 s
currentSize : 7 <-- 0.017533 s
currentSize : 8 <-- 0.019058 s
currentSize : 9 <-- 0.021685 s
currentSize : 11 <-- 0.038156 s
currentSize : 13 <-- 0.042595 s
currentSize : 14 <-- 0.069370 s
currentSize : 21 <-- 0.084282 s

maxsize : 21
nodes : 15329.000000
filtered : 201700.000000
CCGP filtered : 41429.000000
CCGT filtered : 13767.000000
time : 0.914270
