Parameters: GAD=1 vflib=1 dir=0 label=1 lowerbound=1 fileNameGp=../graphsdb/mcs30/rand/r02/mcs30_r02_s50.A27 fileNameGt=../graphsdb/mcs30/rand/r02/mcs30_r02_s50.B27
Reading graphs...
50 :  437
50 :  438
Initializing...
maxdom : 11
D->valSize : 354
Solving...
currentSize : 4 <-- 0.002503 s
currentSize : 5 <-- 0.003451 s
currentSize : 6 <-- 0.003522 s
currentSize : 7 <-- 0.008787 s
currentSize : 8 <-- 0.024236 s
currentSize : 9 <-- 0.052951 s
currentSize : 10 <-- 0.071355 s
currentSize : 11 <-- 0.098791 s
currentSize : 15 <-- 0.124863 s

maxsize : 15
nodes : 6238.000000
filtered : 118175.000000
CCGP filtered : 40389.000000
CCGT filtered : 16601.000000
time : 0.187490
