Parameters: GAD=1 vflib=1 dir=0 label=1 lowerbound=1 fileNameGp=../graphsdb/mcs30/rand/r02/mcs30_r02_s60.A39 fileNameGt=../graphsdb/mcs30/rand/r02/mcs30_r02_s60.B39
Reading graphs...
60 :  625
60 :  640
Initializing...
maxdom : 8
D->valSize : 261
Solving...
currentSize : 3 <-- 0.001994 s
currentSize : 4 <-- 0.002683 s
currentSize : 5 <-- 0.006067 s
currentSize : 6 <-- 0.009236 s
currentSize : 9 <-- 0.010427 s
currentSize : 10 <-- 0.015751 s
currentSize : 11 <-- 0.016836 s
currentSize : 15 <-- 0.029080 s
currentSize : 16 <-- 0.029631 s

maxsize : 16
nodes : 1382.000000
filtered : 28830.000000
CCGP filtered : 9614.000000
CCGT filtered : 5882.000000
time : 0.054041
