Parameters: GAD=1 vflib=1 dir=0 label=1 lowerbound=1 fileNameGp=../graphsdb/mcs30/rand/r01/mcs30_r01_s90.A59 fileNameGt=../graphsdb/mcs30/rand/r01/mcs30_r01_s90.B59
Reading graphs...
90 :  759
90 :  749
Initializing...
maxdom : 14
D->valSize : 525
Solving...
currentSize : 1 <-- 0.005766 s
currentSize : 2 <-- 0.006055 s
currentSize : 5 <-- 0.007095 s
currentSize : 8 <-- 0.013634 s
currentSize : 14 <-- 0.015431 s
currentSize : 16 <-- 0.022681 s
currentSize : 21 <-- 0.076869 s
currentSize : 22 <-- 1.343974 s
currentSize : 26 <-- 1.828491 s

maxsize : 26
nodes : 618426.000000
filtered : 3622921.000000
CCGP filtered : 2934129.000000
CCGT filtered : 1040051.000000
time : 35.132870
