Parameters: GAD=1 vflib=1 dir=0 label=1 lowerbound=1 fileNameGp=../graphsdb/mcs50/rand/r02/mcs50_r02_s90.A46 fileNameGt=../graphsdb/mcs50/rand/r02/mcs50_r02_s90.B46
Reading graphs...
90 :  1433
90 :  1432
Initializing...
maxdom : 12
D->valSize : 579
Solving...
currentSize : 3 <-- 0.006538 s
currentSize : 4 <-- 0.006878 s
currentSize : 10 <-- 0.008867 s
currentSize : 13 <-- 0.022083 s
currentSize : 16 <-- 0.041842 s
currentSize : 18 <-- 0.083608 s
currentSize : 19 <-- 0.084153 s
currentSize : 31 <-- 0.093565 s
currentSize : 32 <-- 0.195737 s
currentSize : 33 <-- 0.593693 s
currentSize : 34 <-- 0.594729 s

maxsize : 34
nodes : 60792.000000
filtered : 601942.000000
CCGP filtered : 30284.000000
CCGT filtered : 7678.000000
time : 4.018518
