Parameters: GAD=1 vflib=1 dir=0 label=1 lowerbound=1 fileNameGp=../graphsdb/mcs50/rand/r02/mcs50_r02_s80.A63 fileNameGt=../graphsdb/mcs50/rand/r02/mcs50_r02_s80.B63
Reading graphs...
80 :  1128
80 :  1129
Initializing...
maxdom : 11
D->valSize : 448
Solving...
currentSize : 1 <-- 0.006600 s
currentSize : 3 <-- 0.007323 s
currentSize : 5 <-- 0.007852 s
currentSize : 19 <-- 0.010026 s
currentSize : 23 <-- 0.037454 s
currentSize : 24 <-- 0.039604 s
currentSize : 31 <-- 0.064998 s
currentSize : 32 <-- 0.067222 s
currentSize : 33 <-- 0.069880 s
currentSize : 34 <-- 0.072383 s

maxsize : 34
nodes : 9962.000000
filtered : 143393.000000
CCGP filtered : 9529.000000
CCGT filtered : 4300.000000
time : 0.748712
