Parameters: GAD=1 vflib=1 dir=0 label=1 lowerbound=1 fileNameGp=../graphsdb/mcs50/rand/r01/mcs50_r01_s90.A58 fileNameGt=../graphsdb/mcs50/rand/r01/mcs50_r01_s90.B58
Reading graphs...
90 :  762
90 :  761
Initializing...
maxdom : 10
D->valSize : 571
Solving...
currentSize : 3 <-- 0.006414 s
currentSize : 5 <-- 0.007808 s
currentSize : 6 <-- 0.016273 s
currentSize : 8 <-- 0.016616 s
currentSize : 14 <-- 0.019821 s
currentSize : 15 <-- 0.030097 s
currentSize : 18 <-- 0.089742 s
currentSize : 19 <-- 0.101310 s
currentSize : 32 <-- 0.238522 s
currentSize : 42 <-- 0.717998 s

maxsize : 42
nodes : 134291.000000
filtered : 1450045.000000
CCGP filtered : 103470.000000
CCGT filtered : 51331.000000
time : 7.442102
