Parameters: GAD=1 vflib=1 dir=0 label=1 lowerbound=1 fileNameGp=../graphsdb/mcs50/rand/r02/mcs50_r02_s100.A41 fileNameGt=../graphsdb/mcs50/rand/r02/mcs50_r02_s100.B41
Reading graphs...
100 :  1763
100 :  1749
Initializing...
maxdom : 8
D->valSize : 361
Solving...
currentSize : 3 <-- 0.004697 s
currentSize : 4 <-- 0.005697 s
currentSize : 5 <-- 0.008002 s
currentSize : 28 <-- 0.011842 s
currentSize : 29 <-- 0.016663 s
currentSize : 30 <-- 0.216354 s
currentSize : 31 <-- 0.222076 s
currentSize : 32 <-- 3.918825 s
currentSize : 33 <-- 4.861578 s

maxsize : 33
nodes : 562211.000000
filtered : 1258112.000000
CCGP filtered : 15504.000000
CCGT filtered : 8865.000000
time : 43.240391
