Parameters: GAD=1 vflib=1 dir=0 label=1 lowerbound=1 fileNameGp=../graphsdb/mcs50/rand/r02/mcs50_r02_s80.A97 fileNameGt=../graphsdb/mcs50/rand/r02/mcs50_r02_s80.B97
Reading graphs...
80 :  1140
80 :  1137
Initializing...
maxdom : 11
D->valSize : 436
Solving...
currentSize : 9 <-- 0.006944 s
currentSize : 10 <-- 0.016429 s
currentSize : 12 <-- 0.016709 s
currentSize : 14 <-- 0.066785 s
currentSize : 16 <-- 0.069317 s
currentSize : 17 <-- 0.070240 s
currentSize : 27 <-- 0.075438 s
currentSize : 29 <-- 0.075913 s
currentSize : 30 <-- 0.077788 s

maxsize : 30
nodes : 73202.000000
filtered : 328707.000000
CCGP filtered : 18374.000000
CCGT filtered : 4437.000000
time : 3.548285
