Parameters: GAD=1 vflib=1 dir=0 label=1 lowerbound=1 fileNameGp=../graphsdb/mcs50/rand/r02/mcs50_r02_s90.A21 fileNameGt=../graphsdb/mcs50/rand/r02/mcs50_r02_s90.B21
Reading graphs...
90 :  1414
90 :  1419
Initializing...
maxdom : 10
D->valSize : 573
Solving...
currentSize : 3 <-- 0.006364 s
currentSize : 9 <-- 0.007220 s
currentSize : 11 <-- 0.013799 s
currentSize : 14 <-- 0.042898 s
currentSize : 17 <-- 0.078161 s
currentSize : 20 <-- 0.079355 s
currentSize : 21 <-- 0.080224 s
currentSize : 31 <-- 0.136843 s
currentSize : 32 <-- 0.137815 s
currentSize : 33 <-- 0.139507 s

maxsize : 33
nodes : 123033.000000
filtered : 814191.000000
CCGP filtered : 41496.000000
CCGT filtered : 10524.000000
time : 7.568384
