Parameters: GAD=1 vflib=1 dir=0 label=1 lowerbound=1 fileNameGp=../graphsdb/mcs50/rand/r02/mcs50_r02_s90.A80 fileNameGt=../graphsdb/mcs50/rand/r02/mcs50_r02_s90.B80
Reading graphs...
90 :  1438
90 :  1429
Initializing...
maxdom : 10
D->valSize : 550
Solving...
currentSize : 3 <-- 0.006018 s
currentSize : 4 <-- 0.006910 s
currentSize : 6 <-- 0.007460 s
currentSize : 7 <-- 0.008401 s
currentSize : 11 <-- 0.009537 s
currentSize : 15 <-- 0.015965 s
currentSize : 23 <-- 0.025421 s
currentSize : 25 <-- 0.027174 s
currentSize : 33 <-- 0.145444 s
currentSize : 34 <-- 0.147278 s
currentSize : 35 <-- 1.049074 s

maxsize : 35
nodes : 67622.000000
filtered : 478203.000000
CCGP filtered : 26327.000000
CCGT filtered : 9138.000000
time : 4.138095
