Parameters: GAD=1 vflib=1 dir=0 label=1 lowerbound=1 fileNameGp=../graphsdb/mcs70/rand/r02/mcs70_r02_s50.A80 fileNameGt=../graphsdb/mcs70/rand/r02/mcs70_r02_s50.B80
Reading graphs...
50 :  432
50 :  428
Initializing...
maxdom : 13
D->valSize : 348
Solving...
currentSize : 5 <-- 0.002491 s
currentSize : 6 <-- 0.002779 s
currentSize : 7 <-- 0.003019 s
currentSize : 9 <-- 0.003126 s
currentSize : 11 <-- 0.003928 s
currentSize : 13 <-- 0.004384 s
currentSize : 21 <-- 0.011621 s
currentSize : 22 <-- 0.012051 s
currentSize : 25 <-- 0.012956 s
currentSize : 26 <-- 0.013531 s
currentSize : 27 <-- 0.014830 s

maxsize : 27
nodes : 2552.000000
filtered : 44647.000000
CCGP filtered : 3481.000000
CCGT filtered : 1294.000000
time : 0.064138
