Parameters: GAD=1 vflib=1 dir=0 label=1 lowerbound=1 fileNameGp=../graphsdb/mcs70/rand/r02/mcs70_r02_s80.A51 fileNameGt=../graphsdb/mcs70/rand/r02/mcs70_r02_s80.B51
Reading graphs...
80 :  1143
80 :  1148
Initializing...
maxdom : 7
D->valSize : 431
Solving...
currentSize : 4 <-- 0.004648 s
currentSize : 5 <-- 0.005539 s
currentSize : 7 <-- 0.010762 s
currentSize : 12 <-- 0.012288 s
currentSize : 14 <-- 0.022794 s
currentSize : 40 <-- 0.024997 s
currentSize : 41 <-- 0.025430 s
currentSize : 42 <-- 0.062356 s
currentSize : 43 <-- 2.547763 s

maxsize : 43
nodes : 265685.000000
filtered : 477233.000000
CCGP filtered : 3205.000000
CCGT filtered : 2005.000000
time : 10.497343
