Parameters: GAD=1 vflib=1 dir=0 label=1 lowerbound=1 fileNameGp=../graphsdb/mcs70/rand/r02/mcs70_r02_s80.A65 fileNameGt=../graphsdb/mcs70/rand/r02/mcs70_r02_s80.B65
Reading graphs...
80 :  1134
80 :  1121
Initializing...
maxdom : 8
D->valSize : 429
Solving...
currentSize : 3 <-- 0.007003 s
currentSize : 9 <-- 0.008333 s
currentSize : 18 <-- 0.011542 s
currentSize : 19 <-- 0.016047 s
currentSize : 20 <-- 0.024283 s
currentSize : 21 <-- 0.037421 s
currentSize : 33 <-- 0.099809 s
currentSize : 34 <-- 0.100174 s
currentSize : 35 <-- 0.107983 s
currentSize : 36 <-- 0.119165 s
currentSize : 37 <-- 0.129551 s
currentSize : 38 <-- 0.223904 s
currentSize : 39 <-- 1.156051 s

maxsize : 39
nodes : 642207.000000
filtered : 1029954.000000
CCGP filtered : 7034.000000
CCGT filtered : 2567.000000
time : 26.025684
