Parameters: GAD=1 vflib=1 dir=0 label=1 lowerbound=1 fileNameGp=../graphsdb/mcs70/rand/r02/mcs70_r02_s90.A52 fileNameGt=../graphsdb/mcs70/rand/r02/mcs70_r02_s90.B52
Reading graphs...
90 :  1431
90 :  1432
Initializing...
maxdom : 9
D->valSize : 551
Solving...
currentSize : 6 <-- 0.010121 s
currentSize : 7 <-- 0.014042 s
currentSize : 18 <-- 0.017716 s
currentSize : 30 <-- 0.038843 s
currentSize : 32 <-- 0.042161 s
currentSize : 33 <-- 0.045391 s
currentSize : 34 <-- 0.051506 s
currentSize : 40 <-- 0.124034 s
currentSize : 41 <-- 0.124888 s
currentSize : 42 <-- 0.128868 s
currentSize : 43 <-- 26.725788 s
currentSize : 44 <-- 56.141373 s
currentSize : 45 <-- 64.038162 s

maxsize : 45
nodes : 3569457.000000
filtered : 3945951.000000
CCGP filtered : 4365.000000
CCGT filtered : 1735.000000
time : 188.202911
