Parameters: GAD=1 vflib=1 dir=0 label=1 lowerbound=1 fileNameGp=../graphsdb/mcs70/rand/r01/mcs70_r01_s50.A74 fileNameGt=../graphsdb/mcs70/rand/r01/mcs70_r01_s50.B74
Reading graphs...
50 :  232
50 :  230
Initializing...
maxdom : 11
D->valSize : 355
Solving...
currentSize : 2 <-- 0.002401 s
currentSize : 4 <-- 0.002843 s
currentSize : 5 <-- 0.003361 s
currentSize : 12 <-- 0.004496 s
currentSize : 14 <-- 0.004774 s
currentSize : 15 <-- 0.006530 s
currentSize : 17 <-- 0.007285 s
currentSize : 20 <-- 0.012519 s
currentSize : 31 <-- 0.028184 s

maxsize : 31
nodes : 9808.000000
filtered : 85482.000000
CCGP filtered : 10194.000000
CCGT filtered : 9330.000000
time : 0.181166
