Parameters: GAD=1 vflib=1 dir=0 label=1 lowerbound=1 fileNameGp=../graphsdb/mcs70/rand/r02/mcs70_r02_s90.A14 fileNameGt=../graphsdb/mcs70/rand/r02/mcs70_r02_s90.B14
Reading graphs...
90 :  1437
90 :  1422
Initializing...
maxdom : 11
D->valSize : 596
Solving...
currentSize : 6 <-- 0.011085 s
currentSize : 11 <-- 0.014176 s
currentSize : 12 <-- 0.030019 s
currentSize : 24 <-- 0.038449 s
currentSize : 25 <-- 0.039853 s
currentSize : 26 <-- 0.042179 s
currentSize : 42 <-- 0.125645 s
currentSize : 43 <-- 0.155589 s
currentSize : 44 <-- 0.255068 s
currentSize : 45 <-- 4.000292 s

maxsize : 45
nodes : 778866.000000
filtered : 1466955.000000
CCGP filtered : 7542.000000
CCGT filtered : 2208.000000
time : 40.657578
