Parameters: GAD=1 vflib=1 dir=0 label=1 lowerbound=1 fileNameGp=../graphsdb/mcs70/rand/r02/mcs70_r02_s50.A31 fileNameGt=../graphsdb/mcs70/rand/r02/mcs70_r02_s50.B31
Reading graphs...
50 :  436
50 :  442
Initializing...
maxdom : 8
D->valSize : 325
Solving...
currentSize : 4 <-- 0.002249 s
currentSize : 5 <-- 0.002640 s
currentSize : 6 <-- 0.003402 s
currentSize : 7 <-- 0.003528 s
currentSize : 8 <-- 0.007981 s
currentSize : 9 <-- 0.008194 s
currentSize : 12 <-- 0.009783 s
currentSize : 16 <-- 0.012360 s
currentSize : 29 <-- 0.022097 s

maxsize : 29
nodes : 4254.000000
filtered : 43142.000000
CCGP filtered : 3024.000000
CCGT filtered : 1253.000000
time : 0.098969
