Parameters: GAD=1 vflib=1 dir=0 label=1 lowerbound=1 fileNameGp=../graphsdb/mcs70/rand/r02/mcs70_r02_s80.A78 fileNameGt=../graphsdb/mcs70/rand/r02/mcs70_r02_s80.B78
Reading graphs...
80 :  1131
80 :  1126
Initializing...
maxdom : 9
D->valSize : 432
Solving...
currentSize : 5 <-- 0.004384 s
currentSize : 7 <-- 0.005236 s
currentSize : 8 <-- 0.012169 s
currentSize : 9 <-- 0.013397 s
currentSize : 13 <-- 0.018352 s
currentSize : 23 <-- 0.021581 s
currentSize : 40 <-- 0.043236 s
currentSize : 41 <-- 0.043936 s
currentSize : 42 <-- 0.050578 s
currentSize : 43 <-- 0.179990 s

maxsize : 43
nodes : 99919.000000
filtered : 242777.000000
CCGP filtered : 3013.000000
CCGT filtered : 2014.000000
time : 4.048526
