Parameters: GAD=1 vflib=1 dir=0 label=1 lowerbound=1 fileNameGp=../graphsdb/mcs70/rand/r02/mcs70_r02_s50.A33 fileNameGt=../graphsdb/mcs70/rand/r02/mcs70_r02_s50.B33
Reading graphs...
50 :  443
50 :  448
Initializing...
maxdom : 9
D->valSize : 325
Solving...
currentSize : 3 <-- 0.002268 s
currentSize : 4 <-- 0.002500 s
currentSize : 6 <-- 0.003111 s
currentSize : 8 <-- 0.003734 s
currentSize : 9 <-- 0.009827 s
currentSize : 11 <-- 0.009994 s
currentSize : 12 <-- 0.011082 s
currentSize : 26 <-- 0.014772 s
currentSize : 27 <-- 0.017058 s

maxsize : 27
nodes : 4471.000000
filtered : 50872.000000
CCGP filtered : 3465.000000
CCGT filtered : 683.000000
time : 0.106423
