Parameters: GAD=1 vflib=1 dir=0 label=1 lowerbound=1 fileNameGp=../graphsdb/mcs70/rand/r02/mcs70_r02_s90.A24 fileNameGt=../graphsdb/mcs70/rand/r02/mcs70_r02_s90.B24
Reading graphs...
90 :  1448
90 :  1445
Initializing...
maxdom : 8
D->valSize : 575
Solving...
currentSize : 4 <-- 0.006731 s
currentSize : 5 <-- 0.007052 s
currentSize : 6 <-- 0.008639 s
currentSize : 7 <-- 0.013218 s
currentSize : 13 <-- 0.014493 s
currentSize : 15 <-- 0.038024 s
currentSize : 23 <-- 0.046276 s
currentSize : 40 <-- 0.273252 s
currentSize : 41 <-- 59.715645 s

maxsize : 41
nodes : 16744313.000000
filtered : 15125849.000000
CCGP filtered : 16223.000000
CCGT filtered : 3960.000000
time : 811.420227
