Parameters: GAD=1 vflib=1 dir=0 label=1 lowerbound=1 fileNameGp=../graphsdb/mcs70/rand/r02/mcs70_r02_s60.A31 fileNameGt=../graphsdb/mcs70/rand/r02/mcs70_r02_s60.B31
Reading graphs...
60 :  639
60 :  635
Initializing...
maxdom : 8
D->valSize : 284
Solving...
currentSize : 2 <-- 0.003121 s
currentSize : 5 <-- 0.004036 s
currentSize : 6 <-- 0.005888 s
currentSize : 9 <-- 0.007338 s
currentSize : 29 <-- 0.012768 s
currentSize : 30 <-- 0.013484 s
currentSize : 31 <-- 0.051955 s
currentSize : 32 <-- 0.124824 s
currentSize : 33 <-- 0.276142 s

maxsize : 33
nodes : 14883.000000
filtered : 41510.000000
CCGP filtered : 957.000000
CCGT filtered : 1051.000000
time : 0.411781
