Parameters: GAD=1 vflib=1 dir=0 label=1 lowerbound=1 fileNameGp=../graphsdb/mcs90/rand/r02/mcs90_r02_s70.A75 fileNameGt=../graphsdb/mcs90/rand/r02/mcs90_r02_s70.B75
Reading graphs...
70 :  872
70 :  870
Initializing...
maxdom : 9
D->valSize : 408
Solving...
currentSize : 19 <-- 0.006055 s
currentSize : 20 <-- 0.007649 s
currentSize : 21 <-- 0.010360 s
currentSize : 38 <-- 0.023787 s
currentSize : 39 <-- 0.025346 s
currentSize : 40 <-- 0.029553 s
currentSize : 41 <-- 0.031334 s
currentSize : 42 <-- 0.055795 s
currentSize : 43 <-- 9.915358 s
currentSize : 44 <-- 9.916490 s

maxsize : 44
nodes : 2237431.000000
filtered : 2770862.000000
CCGP filtered : 667.000000
CCGT filtered : 1186.000000
time : 68.350510
