Parameters: GAD=1 vflib=1 dir=0 label=1 lowerbound=1 fileNameGp=../graphsdb/mcs90/rand/r02/mcs90_r02_s100.A97 fileNameGt=../graphsdb/mcs90/rand/r02/mcs90_r02_s100.B97
Reading graphs...
100 :  1765
100 :  1766
Initializing...
maxdom : 7
D->valSize : 428
Solving...
currentSize : 48 <-- 0.006503 s
currentSize : 49 <-- 0.682438 s
currentSize : 50 <-- 7.306505 s
currentSize : 51 <-- 7.387418 s
currentSize : 52 <-- 8.164849 s
currentSize : 53 <-- 16.954884 s
currentSize : 54 <-- 48.626137 s
currentSize : 55 <-- 125.343849 s
currentSize : 56 <-- 140.487549 s
currentSize : 57 <-- 210.088409 s

TIMEOUT
maxsize : 57
nodes : 69612120.000000
filtered : 58463309.000000
CCGP filtered : 0.000000
CCGT filtered : 0.000000
time : 3600.000000
