Parameters: GAD=1 vflib=1 dir=0 label=1 lowerbound=1 fileNameGp=../graphsdb/mcs90/rand/r02/mcs90_r02_s90.A10 fileNameGt=../graphsdb/mcs90/rand/r02/mcs90_r02_s90.B10
Reading graphs...
90 :  1444
90 :  1439
Initializing...
maxdom : 9
D->valSize : 554
Solving...
currentSize : 9 <-- 0.010352 s
currentSize : 10 <-- 0.017267 s
currentSize : 12 <-- 0.030078 s
currentSize : 47 <-- 0.071879 s
currentSize : 49 <-- 0.073708 s
currentSize : 50 <-- 0.758034 s
currentSize : 51 <-- 13.589743 s
currentSize : 52 <-- 14.108550 s
currentSize : 53 <-- 15.149258 s
currentSize : 54 <-- 716.833557 s
currentSize : 55 <-- 1112.581787 s

TIMEOUT
maxsize : 55
nodes : 84659377.000000
filtered : 66456839.000000
CCGP filtered : 2851.000000
CCGT filtered : 1042.000000
time : 3600.000000
