Parameters: GAD=1 vflib=1 dir=0 label=0 lowerbound=1 fileNameGp=../graphsdb/mcs10/rand/r005/mcs10_r005_s25.A62 fileNameGt=../graphsdb/mcs10/rand/r005/mcs10_r005_s25.B62
Reading graphs...
25 :  31
25 :  30
Initializing...
maxdom : 25
D->valSize : 625
Solving...
currentSize : 8 <-- 0.005397 s
currentSize : 12 <-- 0.005814 s
currentSize : 13 <-- 0.006008 s
currentSize : 14 <-- 0.006547 s
currentSize : 15 <-- 0.427583 s
currentSize : 16 <-- 0.974318 s

maxsize : 16
nodes : 4545044.000000
filtered : 31795624.000000
time : 11.001464
