Parameters: GAD=1 vflib=1 dir=0 label=0 lowerbound=1 fileNameGp=../graphsdb/mcs10/rand/r02/mcs10_r02_s30.A13 fileNameGt=../graphsdb/mcs10/rand/r02/mcs10_r02_s30.B13
Reading graphs...
30 :  154
30 :  159
Initializing...
maxdom : 30
D->valSize : 900
Solving...
currentSize : 10 <-- 0.015958 s
currentSize : 11 <-- 0.016042 s
currentSize : 12 <-- 0.022402 s
currentSize : 13 <-- 0.023628 s
currentSize : 14 <-- 4.831617 s
currentSize : 15 <-- 120.606224 s

maxsize : 15
nodes : 74471327.000000
filtered : 1018882397.000000
time : 311.634796
