Parameters: GAD=1 vflib=1 dir=0 label=0 lowerbound=1 fileNameGp=../graphsdb/mcs10/rand/r005/mcs10_r005_s35.A08 fileNameGt=../graphsdb/mcs10/rand/r005/mcs10_r005_s35.B08
Reading graphs...
35 :  61
35 :  60
Initializing...
maxdom : 35
D->valSize : 1225
Solving...
currentSize : 16 <-- 0.020523 s
currentSize : 17 <-- 0.020612 s
currentSize : 19 <-- 0.020692 s
currentSize : 20 <-- 0.020760 s
currentSize : 21 <-- 0.248222 s
currentSize : 22 <-- 30.837843 s
currentSize : 23 <-- 41.948551 s
currentSize : 24 <-- 94.810577 s

maxsize : 24
nodes : 160007045.000000
filtered : 4103041974.000000
time : 888.306702
