Parameters: GAD=1 vflib=1 dir=0 label=0 lowerbound=1 fileNameGp=../graphsdb/mcs10/rand/r01/mcs10_r01_s25.A36 fileNameGt=../graphsdb/mcs10/rand/r01/mcs10_r01_s25.B36
Reading graphs...
25 :  60
25 :  59
Initializing...
maxdom : 25
D->valSize : 625
Solving...
currentSize : 7 <-- 0.004964 s
currentSize : 9 <-- 0.004987 s
currentSize : 11 <-- 0.005256 s
currentSize : 12 <-- 0.005600 s
currentSize : 14 <-- 0.009124 s
currentSize : 15 <-- 0.028588 s
currentSize : 16 <-- 0.638734 s

maxsize : 16
nodes : 1951551.000000
filtered : 36204760.000000
time : 8.247444
