Parameters: GAD=1 vflib=1 dir=0 label=0 lowerbound=1 fileNameGp=../graphsdb/mcs10/rand/r005/mcs10_r005_s25.A26 fileNameGt=../graphsdb/mcs10/rand/r005/mcs10_r005_s25.B26
Reading graphs...
25 :  31
25 :  31
Initializing...
maxdom : 25
D->valSize : 625
Solving...
currentSize : 13 <-- 0.005406 s
currentSize : 14 <-- 0.006615 s
currentSize : 15 <-- 0.006628 s
currentSize : 16 <-- 0.007052 s
currentSize : 17 <-- 0.008570 s
currentSize : 18 <-- 0.012877 s
currentSize : 19 <-- 0.799060 s
currentSize : 20 <-- 0.833070 s

maxsize : 20
nodes : 216031.000000
filtered : 3060294.000000
time : 0.969410
