Parameters: GAD=1 vflib=1 dir=0 label=0 lowerbound=1 fileNameGp=../graphsdb/mcs10/rand/r005/mcs10_r005_s30.A55 fileNameGt=../graphsdb/mcs10/rand/r005/mcs10_r005_s30.B55
Reading graphs...
30 :  43
30 :  45
Initializing...
maxdom : 30
D->valSize : 900
Solving...
currentSize : 13 <-- 0.011201 s
currentSize : 14 <-- 0.011267 s
currentSize : 15 <-- 0.013206 s
currentSize : 16 <-- 0.033635 s
currentSize : 17 <-- 0.033669 s
currentSize : 18 <-- 0.194981 s
currentSize : 19 <-- 0.377343 s
currentSize : 20 <-- 7.126894 s
currentSize : 21 <-- 36.052769 s

maxsize : 21
nodes : 17996462.000000
filtered : 270016538.000000
time : 73.797943
