Parameters: GAD=1 vflib=1 dir=0 label=0 lowerbound=1 fileNameGp=../graphsdb/mcs10/rand/r02/mcs10_r02_s30.A87 fileNameGt=../graphsdb/mcs10/rand/r02/mcs10_r02_s30.B87
Reading graphs...
30 :  160
30 :  156
Initializing...
maxdom : 30
D->valSize : 900
Solving...
currentSize : 10 <-- 0.016038 s
currentSize : 11 <-- 0.016098 s
currentSize : 12 <-- 0.016464 s
currentSize : 13 <-- 0.028192 s
currentSize : 14 <-- 0.028444 s
currentSize : 15 <-- 92.411240 s

maxsize : 15
nodes : 73534371.000000
filtered : 1027808305.000000
time : 304.750183
