Parameters: GAD=1 vflib=1 dir=0 label=0 lowerbound=1 fileNameGp=../graphsdb/mcs10/rand/r02/mcs10_r02_s30.A04 fileNameGt=../graphsdb/mcs10/rand/r02/mcs10_r02_s30.B04
Reading graphs...
30 :  148
30 :  158
Initializing...
maxdom : 30
D->valSize : 900
Solving...
currentSize : 9 <-- 0.009436 s
currentSize : 10 <-- 0.009507 s
currentSize : 11 <-- 0.009889 s
currentSize : 12 <-- 0.010373 s
currentSize : 13 <-- 0.026237 s
currentSize : 14 <-- 4.405534 s

maxsize : 14
nodes : 119371383.000000
filtered : 1523677101.000000
time : 485.468170
