Parameters: GAD=1 vflib=1 dir=0 label=0 lowerbound=1 fileNameGp=../graphsdb/mcs10/rand/r02/mcs10_r02_s30.A48 fileNameGt=../graphsdb/mcs10/rand/r02/mcs10_r02_s30.B48
Reading graphs...
30 :  157
30 :  159
Initializing...
maxdom : 30
D->valSize : 900
Solving...
currentSize : 9 <-- 0.009214 s
currentSize : 10 <-- 0.009242 s
currentSize : 11 <-- 0.009303 s
currentSize : 12 <-- 0.009355 s
currentSize : 13 <-- 0.686608 s
currentSize : 14 <-- 3.526675 s
currentSize : 15 <-- 32.332558 s

maxsize : 15
nodes : 52414088.000000
filtered : 815987532.000000
time : 226.511444
