Parameters: GAD=1 vflib=1 dir=0 label=0 lowerbound=1 fileNameGp=../graphsdb/mcs10/rand/r005/mcs10_r005_s35.A13 fileNameGt=../graphsdb/mcs10/rand/r005/mcs10_r005_s35.B13
Reading graphs...
35 :  61
35 :  61
Initializing...
maxdom : 35
D->valSize : 1225
Solving...
currentSize : 18 <-- 0.020488 s
currentSize : 19 <-- 0.020510 s
currentSize : 20 <-- 0.023796 s
currentSize : 21 <-- 1.858130 s
currentSize : 22 <-- 3.102299 s
currentSize : 23 <-- 3.632199 s
currentSize : 24 <-- 27.030687 s
currentSize : 25 <-- 152.309097 s

maxsize : 25
nodes : 62767479.000000
filtered : 1544383762.000000
time : 347.895233
