Parameters: GAD=1 vflib=1 dir=0 label=0 lowerbound=1 fileNameGp=../graphsdb/mcs10/rand/r005/mcs10_r005_s25.A86 fileNameGt=../graphsdb/mcs10/rand/r005/mcs10_r005_s25.B86
Reading graphs...
25 :  31
25 :  31
Initializing...
maxdom : 25
D->valSize : 625
Solving...
currentSize : 7 <-- 0.005331 s
currentSize : 9 <-- 0.005354 s
currentSize : 12 <-- 0.005427 s
currentSize : 13 <-- 0.006096 s
currentSize : 15 <-- 0.015942 s
currentSize : 16 <-- 0.015971 s
currentSize : 17 <-- 1.137611 s
currentSize : 18 <-- 8.507960 s

maxsize : 18
nodes : 2927040.000000
filtered : 31288292.000000
time : 9.120350
