Parameters: GAD=1 vflib=1 dir=0 label=0 lowerbound=1 fileNameGp=../graphsdb/mcs10/rand/r01/mcs10_r01_s30.A71 fileNameGt=../graphsdb/mcs10/rand/r01/mcs10_r01_s30.B71
Reading graphs...
30 :  83
30 :  87
Initializing...
maxdom : 30
D->valSize : 900
Solving...
currentSize : 12 <-- 0.017628 s
currentSize : 13 <-- 0.017666 s
currentSize : 14 <-- 0.018251 s
currentSize : 16 <-- 0.018721 s
currentSize : 17 <-- 0.174284 s
currentSize : 18 <-- 0.243510 s
currentSize : 19 <-- 64.491379 s

maxsize : 19
nodes : 22250140.000000
filtered : 515916085.000000
time : 110.672707
