Parameters: GAD=1 vflib=1 dir=0 label=0 lowerbound=1 fileNameGp=../graphsdb/mcs10/rand/r01/mcs10_r01_s35.A80 fileNameGt=../graphsdb/mcs10/rand/r01/mcs10_r01_s35.B80
Reading graphs...
35 :  117
35 :  114
Initializing...
maxdom : 35
D->valSize : 1225
Solving...
currentSize : 13 <-- 0.019040 s
currentSize : 14 <-- 0.019130 s
currentSize : 15 <-- 0.025754 s
currentSize : 16 <-- 0.034212 s
currentSize : 17 <-- 0.133616 s
currentSize : 18 <-- 1.789510 s
currentSize : 19 <-- 40.800747 s
currentSize : 20 <-- 92.064621 s

maxsize : 20
nodes : 577384522.000000
filtered : 14264710406.000000
time : 3125.479980
