Parameters: GAD=1 vflib=1 dir=0 label=0 lowerbound=1 fileNameGp=../graphsdb/mcs10/rand/r005/mcs10_r005_s35.A40 fileNameGt=../graphsdb/mcs10/rand/r005/mcs10_r005_s35.B40
Reading graphs...
35 :  60
35 :  61
Initializing...
maxdom : 35
D->valSize : 1225
Solving...
currentSize : 17 <-- 0.020641 s
currentSize : 18 <-- 0.020741 s
currentSize : 19 <-- 0.024311 s
currentSize : 20 <-- 1.755500 s
currentSize : 22 <-- 7.642595 s
currentSize : 23 <-- 11.603626 s
currentSize : 24 <-- 60.636154 s
currentSize : 25 <-- 97.027672 s

maxsize : 25
nodes : 42784695.000000
filtered : 1043602364.000000
time : 232.216629
