Parameters: GAD=1 vflib=1 dir=0 label=0 lowerbound=1 fileNameGp=../graphsdb/mcs10/rand/r01/mcs10_r01_s30.A68 fileNameGt=../graphsdb/mcs10/rand/r01/mcs10_r01_s30.B68
Reading graphs...
30 :  88
30 :  85
Initializing...
maxdom : 30
D->valSize : 900
Solving...
currentSize : 10 <-- 0.017511 s
currentSize : 12 <-- 0.017551 s
currentSize : 13 <-- 0.017610 s
currentSize : 14 <-- 0.018109 s
currentSize : 15 <-- 0.018612 s
currentSize : 16 <-- 0.050355 s
currentSize : 17 <-- 0.913702 s
currentSize : 18 <-- 4.371104 s

maxsize : 18
nodes : 46417473.000000
filtered : 1032028342.000000
time : 224.653091
