Parameters: GAD=1 vflib=1 dir=0 label=0 lowerbound=1 fileNameGp=../graphsdb/mcs10/rand/r005/mcs10_r005_s30.A81 fileNameGt=../graphsdb/mcs10/rand/r005/mcs10_r005_s30.B81
Reading graphs...
30 :  45
30 :  45
Initializing...
maxdom : 30
D->valSize : 900
Solving...
currentSize : 9 <-- 0.011073 s
currentSize : 10 <-- 0.011097 s
currentSize : 11 <-- 0.011152 s
currentSize : 13 <-- 0.011307 s
currentSize : 14 <-- 0.012334 s
currentSize : 15 <-- 0.013458 s
currentSize : 16 <-- 0.015171 s
currentSize : 17 <-- 0.105594 s
currentSize : 18 <-- 0.173196 s
currentSize : 19 <-- 0.542906 s
currentSize : 20 <-- 1.937076 s
currentSize : 21 <-- 26.431368 s

maxsize : 21
nodes : 18298923.000000
filtered : 284959621.000000
time : 76.541359
