Parameters: GAD=1 vflib=1 dir=0 label=0 lowerbound=1 fileNameGp=../graphsdb/mcs10/rand/r01/mcs10_r01_s35.A24 fileNameGt=../graphsdb/mcs10/rand/r01/mcs10_r01_s35.B24
Reading graphs...
35 :  115
35 :  116
Initializing...
maxdom : 35
D->valSize : 1225
Solving...
currentSize : 13 <-- 0.032671 s
currentSize : 14 <-- 0.032715 s
currentSize : 15 <-- 0.033020 s
currentSize : 16 <-- 0.039139 s
currentSize : 17 <-- 0.188902 s
currentSize : 18 <-- 3.113135 s
currentSize : 19 <-- 7.227868 s
currentSize : 20 <-- 615.648804 s

maxsize : 20
nodes : 672035807.000000
filtered : 16098730349.000000
time : 3569.324219
