Parameters: GAD=1 vflib=1 dir=0 label=0 lowerbound=1 fileNameGp=../graphsdb/mcs10/rand/r01/mcs10_r01_s25.A99 fileNameGt=../graphsdb/mcs10/rand/r01/mcs10_r01_s25.B99
Reading graphs...
25 :  58
25 :  58
Initializing...
maxdom : 25
D->valSize : 625
Solving...
currentSize : 9 <-- 0.004980 s
currentSize : 12 <-- 0.005000 s
currentSize : 13 <-- 0.006250 s
currentSize : 14 <-- 0.027594 s
currentSize : 15 <-- 0.210228 s
currentSize : 16 <-- 0.607970 s

maxsize : 16
nodes : 3706973.000000
filtered : 64267328.000000
time : 14.868207
