Parameters: GAD=1 vflib=1 dir=0 label=0 lowerbound=1 fileNameGp=../graphsdb/mcs10/rand/r01/mcs10_r01_s20.A95 fileNameGt=../graphsdb/mcs10/rand/r01/mcs10_r01_s20.B95
Reading graphs...
20 :  37
20 :  38
Initializing...
maxdom : 20
D->valSize : 400
Solving...
currentSize : 9 <-- 0.002164 s
currentSize : 10 <-- 0.002198 s
currentSize : 11 <-- 0.007096 s
currentSize : 12 <-- 0.007503 s
currentSize : 13 <-- 0.029857 s
currentSize : 14 <-- 0.070912 s

maxsize : 14
nodes : 104190.000000
filtered : 1472702.000000
time : 0.351485
