Parameters: GAD=1 vflib=1 dir=0 label=0 lowerbound=1 fileNameGp=../graphsdb/mcs10/rand/r01/mcs10_r01_s25.A35 fileNameGt=../graphsdb/mcs10/rand/r01/mcs10_r01_s25.B35
Reading graphs...
25 :  59
25 :  57
Initializing...
maxdom : 25
D->valSize : 625
Solving...
currentSize : 10 <-- 0.008441 s
currentSize : 12 <-- 0.008715 s
currentSize : 13 <-- 0.014351 s
currentSize : 14 <-- 0.038665 s
currentSize : 15 <-- 0.325359 s
currentSize : 16 <-- 0.501639 s

maxsize : 16
nodes : 2958082.000000
filtered : 54350013.000000
time : 12.142437
