Parameters: GAD=1 vflib=1 dir=0 label=0 lowerbound=1 fileNameGp=../graphsdb/mcs10/rand/r005/mcs10_r005_s25.A76 fileNameGt=../graphsdb/mcs10/rand/r005/mcs10_r005_s25.B76
Reading graphs...
25 :  31
25 :  31
Initializing...
maxdom : 25
D->valSize : 625
Solving...
currentSize : 12 <-- 0.005452 s
currentSize : 13 <-- 0.005664 s
currentSize : 14 <-- 0.013002 s
currentSize : 15 <-- 0.022085 s
currentSize : 16 <-- 0.282562 s
currentSize : 17 <-- 0.466268 s
currentSize : 18 <-- 1.147671 s

maxsize : 18
nodes : 1115271.000000
filtered : 12873408.000000
time : 3.820492
