Parameters: GAD=1 vflib=1 dir=0 label=0 lowerbound=1 fileNameGp=../graphsdb/mcs10/rand/r005/mcs10_r005_s35.A38 fileNameGt=../graphsdb/mcs10/rand/r005/mcs10_r005_s35.B38
Reading graphs...
35 :  61
35 :  59
Initializing...
maxdom : 35
D->valSize : 1225
Solving...
currentSize : 16 <-- 0.020535 s
currentSize : 17 <-- 0.020555 s
currentSize : 18 <-- 0.020564 s
currentSize : 19 <-- 0.021827 s
currentSize : 20 <-- 0.082348 s
currentSize : 21 <-- 1.560068 s
currentSize : 22 <-- 3.691573 s
currentSize : 23 <-- 57.150921 s
currentSize : 24 <-- 386.906281 s

maxsize : 24
nodes : 305988302.000000
filtered : 6974996527.000000
time : 1620.146362
