Parameters: GAD=1 vflib=1 dir=0 label=0 lowerbound=1 fileNameGp=../graphsdb/mcs10/rand/r01/mcs10_r01_s30.A94 fileNameGt=../graphsdb/mcs10/rand/r01/mcs10_r01_s30.B94
Reading graphs...
30 :  82
30 :  82
Initializing...
maxdom : 30
D->valSize : 900
Solving...
currentSize : 12 <-- 0.010242 s
currentSize : 13 <-- 0.010265 s
currentSize : 14 <-- 0.015386 s
currentSize : 15 <-- 0.015722 s
currentSize : 16 <-- 0.017713 s
currentSize : 17 <-- 0.073456 s
currentSize : 18 <-- 0.130128 s
currentSize : 19 <-- 2.364939 s

maxsize : 19
nodes : 14115775.000000
filtered : 357107889.000000
time : 72.444763
