Parameters: GAD=1 vflib=1 dir=0 label=0 lowerbound=1 fileNameGp=../graphsdb/mcs10/rand/r01/mcs10_r01_s25.A54 fileNameGt=../graphsdb/mcs10/rand/r01/mcs10_r01_s25.B54
Reading graphs...
25 :  59
25 :  60
Initializing...
maxdom : 25
D->valSize : 625
Solving...
currentSize : 10 <-- 0.004903 s
currentSize : 11 <-- 0.004919 s
currentSize : 12 <-- 0.004928 s
currentSize : 13 <-- 0.005675 s
currentSize : 14 <-- 0.075992 s
currentSize : 15 <-- 0.225241 s
currentSize : 16 <-- 0.225479 s

maxsize : 16
nodes : 2162838.000000
filtered : 40323311.000000
time : 9.156222
