Parameters: GAD=1 vflib=1 dir=0 label=0 lowerbound=1 fileNameGp=../graphsdb/mcs10/rand/r005/mcs10_r005_s30.A60 fileNameGt=../graphsdb/mcs10/rand/r005/mcs10_r005_s30.B60
Reading graphs...
30 :  45
30 :  45
Initializing...
maxdom : 30
D->valSize : 900
Solving...
currentSize : 10 <-- 0.011047 s
currentSize : 11 <-- 0.011131 s
currentSize : 12 <-- 0.011411 s
currentSize : 13 <-- 0.011473 s
currentSize : 14 <-- 0.011814 s
currentSize : 15 <-- 0.017152 s
currentSize : 16 <-- 0.088919 s
currentSize : 17 <-- 0.809756 s
currentSize : 18 <-- 1.069472 s
currentSize : 19 <-- 2.046817 s
currentSize : 20 <-- 2.075325 s
currentSize : 21 <-- 2.311560 s

maxsize : 21
nodes : 10406268.000000
filtered : 166531184.000000
time : 42.546864
