Parameters: GAD=1 vflib=1 dir=0 label=0 lowerbound=1 fileNameGp=../graphsdb/mcs10/rand/r005/mcs10_r005_s30.A02 fileNameGt=../graphsdb/mcs10/rand/r005/mcs10_r005_s30.B02
Reading graphs...
30 :  44
30 :  45
Initializing...
maxdom : 30
D->valSize : 900
Solving...
currentSize : 16 <-- 0.012529 s
currentSize : 18 <-- 0.012572 s
currentSize : 19 <-- 1.644562 s
currentSize : 20 <-- 17.189491 s
currentSize : 21 <-- 42.769341 s
currentSize : 22 <-- 50.707642 s

maxsize : 22
nodes : 14538965.000000
filtered : 207651309.000000
time : 58.620567
