Parameters: GAD=1 vflib=1 dir=0 label=0 lowerbound=1 fileNameGp=../graphsdb/mcs10/rand/r005/mcs10_r005_s35.A96 fileNameGt=../graphsdb/mcs10/rand/r005/mcs10_r005_s35.B96
Reading graphs...
35 :  60
35 :  60
Initializing...
maxdom : 35
D->valSize : 1225
Solving...
currentSize : 17 <-- 0.020635 s
currentSize : 18 <-- 0.020656 s
currentSize : 21 <-- 0.021610 s
currentSize : 22 <-- 3.039066 s
currentSize : 23 <-- 5.478885 s
currentSize : 24 <-- 18.441481 s
currentSize : 25 <-- 43.459587 s

maxsize : 25
nodes : 31624832.000000
filtered : 824793020.000000
time : 183.792282
