Parameters: GAD=1 vflib=1 dir=0 label=0 lowerbound=1 fileNameGp=../graphsdb/mcs10/rand/r02/mcs10_r02_s35.A48 fileNameGt=../graphsdb/mcs10/rand/r02/mcs10_r02_s35.B48
Reading graphs...
35 :  216
35 :  212
Initializing...
maxdom : 35
D->valSize : 1225
Solving...
currentSize : 10 <-- 0.017827 s
currentSize : 11 <-- 0.018226 s
currentSize : 12 <-- 0.020766 s
currentSize : 13 <-- 0.028033 s
currentSize : 14 <-- 0.794440 s
currentSize : 15 <-- 13.642610 s
currentSize : 16 <-- 1325.558472 s

TIMEOUT
maxsize : 16
nodes : 804032970.000000
filtered : 10613522324.000000
time : 3600.000000
