Parameters: GAD=1 vflib=1 dir=0 label=0 lowerbound=1 fileNameGp=../graphsdb/mcs10/rand/r005/mcs10_r005_s30.A05 fileNameGt=../graphsdb/mcs10/rand/r005/mcs10_r005_s30.B05
Reading graphs...
30 :  44
30 :  45
Initializing...
maxdom : 30
D->valSize : 900
Solving...
currentSize : 11 <-- 0.012315 s
currentSize : 13 <-- 0.012353 s
currentSize : 14 <-- 0.012426 s
currentSize : 15 <-- 0.012512 s
currentSize : 16 <-- 0.012769 s
currentSize : 17 <-- 0.017649 s
currentSize : 18 <-- 0.030627 s
currentSize : 19 <-- 0.154324 s
currentSize : 20 <-- 0.162841 s
currentSize : 21 <-- 0.193567 s
currentSize : 22 <-- 6.403667 s

maxsize : 22
nodes : 4599332.000000
filtered : 97465303.000000
time : 22.817190
