Parameters: GAD=1 vflib=1 dir=0 label=0 lowerbound=1 fileNameGp=../graphsdb/mcs10/rand/r01/mcs10_r01_s30.A92 fileNameGt=../graphsdb/mcs10/rand/r01/mcs10_r01_s30.B92
Reading graphs...
30 :  82
30 :  88
Initializing...
maxdom : 30
D->valSize : 900
Solving...
currentSize : 11 <-- 0.017547 s
currentSize : 12 <-- 0.017581 s
currentSize : 13 <-- 0.018162 s
currentSize : 14 <-- 0.018287 s
currentSize : 15 <-- 0.026626 s
currentSize : 16 <-- 0.041202 s
currentSize : 17 <-- 0.177322 s
currentSize : 18 <-- 1.529877 s

maxsize : 18
nodes : 46757461.000000
filtered : 979512422.000000
time : 219.878311
