Parameters: GAD=1 vflib=1 dir=0 label=0 lowerbound=1 fileNameGp=../graphsdb/mcs10/rand/r01/mcs10_r01_s30.A38 fileNameGt=../graphsdb/mcs10/rand/r01/mcs10_r01_s30.B38
Reading graphs...
30 :  83
30 :  82
Initializing...
maxdom : 30
D->valSize : 900
Solving...
currentSize : 12 <-- 0.010065 s
currentSize : 13 <-- 0.010101 s
currentSize : 14 <-- 0.010136 s
currentSize : 15 <-- 0.010197 s
currentSize : 16 <-- 0.010556 s
currentSize : 17 <-- 0.034235 s
currentSize : 18 <-- 2.044144 s
currentSize : 19 <-- 180.251297 s

maxsize : 19
nodes : 44272023.000000
filtered : 943140415.000000
time : 212.321594
