Parameters: GAD=1 vflib=1 dir=0 label=0 lowerbound=1 fileNameGp=../graphsdb/mcs10/rand/r02/mcs10_r02_s20.A58 fileNameGt=../graphsdb/mcs10/rand/r02/mcs10_r02_s20.B58
Reading graphs...
20 :  69
20 :  71
Initializing...
maxdom : 20
D->valSize : 400
Solving...
currentSize : 7 <-- 0.002063 s
currentSize : 8 <-- 0.002176 s
currentSize : 9 <-- 0.002489 s
currentSize : 10 <-- 0.002884 s
currentSize : 11 <-- 0.026338 s
currentSize : 12 <-- 0.902464 s

maxsize : 12
nodes : 416495.000000
filtered : 4635539.000000
time : 1.321994
