Parameters: GAD=1 vflib=1 dir=0 label=0 lowerbound=1 fileNameGp=../graphsdb/mcs10/rand/r005/mcs10_r005_s25.A69 fileNameGt=../graphsdb/mcs10/rand/r005/mcs10_r005_s25.B69
Reading graphs...
25 :  31
25 :  31
Initializing...
maxdom : 25
D->valSize : 625
Solving...
currentSize : 11 <-- 0.005457 s
currentSize : 12 <-- 0.005544 s
currentSize : 15 <-- 0.005728 s
currentSize : 16 <-- 0.005798 s
currentSize : 17 <-- 0.086832 s
currentSize : 18 <-- 2.661613 s

maxsize : 18
nodes : 1714372.000000
filtered : 19160893.000000
time : 5.666637
