Parameters: GAD=1 vflib=1 dir=0 label=0 lowerbound=1 fileNameGp=../graphsdb/mcs10/rand/r005/mcs10_r005_s35.A98 fileNameGt=../graphsdb/mcs10/rand/r005/mcs10_r005_s35.B98
Reading graphs...
35 :  61
35 :  59
Initializing...
maxdom : 35
D->valSize : 1225
Solving...
currentSize : 17 <-- 0.020537 s
currentSize : 18 <-- 0.020557 s
currentSize : 19 <-- 0.020632 s
currentSize : 20 <-- 0.022973 s
currentSize : 21 <-- 0.142983 s
currentSize : 22 <-- 0.237749 s
currentSize : 23 <-- 1.357199 s
currentSize : 24 <-- 63.978405 s
currentSize : 25 <-- 629.293213 s

maxsize : 25
nodes : 158529215.000000
filtered : 3869370319.000000
time : 870.106812
