Parameters: GAD=1 vflib=1 dir=0 label=0 lowerbound=1 fileNameGp=../graphsdb/mcs10/rand/r01/mcs10_r01_s20.A21 fileNameGt=../graphsdb/mcs10/rand/r01/mcs10_r01_s20.B21
Reading graphs...
20 :  38
20 :  39
Initializing...
maxdom : 20
D->valSize : 400
Solving...
currentSize : 9 <-- 0.002150 s
currentSize : 10 <-- 0.002229 s
currentSize : 11 <-- 0.003038 s
currentSize : 12 <-- 0.008454 s
currentSize : 13 <-- 0.021081 s
currentSize : 14 <-- 0.069033 s

maxsize : 14
nodes : 74544.000000
filtered : 1222919.000000
time : 0.270821
