Parameters: GAD=1 vflib=1 dir=0 label=0 lowerbound=1 fileNameGp=../graphsdb/mcs10/rand/r01/mcs10_r01_s30.A63 fileNameGt=../graphsdb/mcs10/rand/r01/mcs10_r01_s30.B63
Reading graphs...
30 :  84
30 :  86
Initializing...
maxdom : 30
D->valSize : 900
Solving...
currentSize : 11 <-- 0.017689 s
currentSize : 13 <-- 0.017731 s
currentSize : 14 <-- 0.018032 s
currentSize : 15 <-- 0.018478 s
currentSize : 16 <-- 0.040341 s
currentSize : 17 <-- 0.466596 s
currentSize : 18 <-- 30.261005 s

maxsize : 18
nodes : 41554959.000000
filtered : 892524040.000000
time : 202.014618
