Parameters: GAD=1 vflib=1 dir=0 label=0 lowerbound=1 fileNameGp=../graphsdb/mcs10/rand/r01/mcs10_r01_s30.A46 fileNameGt=../graphsdb/mcs10/rand/r01/mcs10_r01_s30.B46
Reading graphs...
30 :  85
30 :  83
Initializing...
maxdom : 30
D->valSize : 900
Solving...
currentSize : 11 <-- 0.010585 s
currentSize : 12 <-- 0.010609 s
currentSize : 13 <-- 0.010665 s
currentSize : 14 <-- 0.010732 s
currentSize : 15 <-- 0.010748 s
currentSize : 16 <-- 0.038937 s
currentSize : 17 <-- 0.053803 s
currentSize : 18 <-- 0.318240 s

maxsize : 18
nodes : 38270729.000000
filtered : 868803595.000000
time : 187.560150
