Parameters: GAD=1 vflib=1 dir=0 label=0 lowerbound=1 fileNameGp=../graphsdb/mcs10/rand/r01/mcs10_r01_s30.A61 fileNameGt=../graphsdb/mcs10/rand/r01/mcs10_r01_s30.B61
Reading graphs...
30 :  88
30 :  81
Initializing...
maxdom : 30
D->valSize : 900
Solving...
currentSize : 12 <-- 0.010188 s
currentSize : 13 <-- 0.010222 s
currentSize : 14 <-- 0.015226 s
currentSize : 15 <-- 0.069505 s
currentSize : 16 <-- 0.462772 s
currentSize : 17 <-- 8.218411 s
currentSize : 18 <-- 42.883575 s

maxsize : 18
nodes : 36775031.000000
filtered : 827348350.000000
time : 173.644897
