Parameters: GAD=1 vflib=1 dir=0 label=0 lowerbound=1 fileNameGp=../graphsdb/mcs10/rand/r01/mcs10_r01_s35.A27 fileNameGt=../graphsdb/mcs10/rand/r01/mcs10_r01_s35.B27
Reading graphs...
35 :  116
35 :  119
Initializing...
maxdom : 35
D->valSize : 1225
Solving...
currentSize : 13 <-- 0.032565 s
currentSize : 15 <-- 0.032652 s
currentSize : 16 <-- 0.060170 s
currentSize : 17 <-- 0.144523 s
currentSize : 18 <-- 2.605609 s
currentSize : 19 <-- 27.755524 s
currentSize : 20 <-- 746.755249 s

maxsize : 20
nodes : 524310009.000000
filtered : 12938446773.000000
time : 2849.613770
