Parameters: GAD=1 vflib=1 dir=0 label=0 lowerbound=1 fileNameGp=../graphsdb/mcs10/rand/r02/mcs10_r02_s30.A98 fileNameGt=../graphsdb/mcs10/rand/r02/mcs10_r02_s30.B98
Reading graphs...
30 :  156
30 :  157
Initializing...
maxdom : 30
D->valSize : 900
Solving...
currentSize : 8 <-- 0.014134 s
currentSize : 9 <-- 0.014180 s
currentSize : 10 <-- 0.014308 s
currentSize : 11 <-- 0.014496 s
currentSize : 12 <-- 0.016522 s
currentSize : 14 <-- 0.076588 s

maxsize : 14
nodes : 131707264.000000
filtered : 1617028631.000000
time : 524.638550
