Parameters: GAD=1 vflib=1 dir=0 label=0 lowerbound=1 fileNameGp=../graphsdb/mcs10/rand/r01/mcs10_r01_s25.A41 fileNameGt=../graphsdb/mcs10/rand/r01/mcs10_r01_s25.B41
Reading graphs...
25 :  61
25 :  57
Initializing...
maxdom : 25
D->valSize : 625
Solving...
currentSize : 11 <-- 0.004931 s
currentSize : 12 <-- 0.005626 s
currentSize : 13 <-- 0.007292 s
currentSize : 14 <-- 0.007309 s
currentSize : 15 <-- 0.199732 s
currentSize : 16 <-- 0.250897 s

maxsize : 16
nodes : 2776892.000000
filtered : 49348661.000000
time : 11.322934
