Parameters: GAD=1 vflib=1 dir=0 label=0 lowerbound=1 fileNameGp=../graphsdb/mcs10/rand/r005/mcs10_r005_s20.A06 fileNameGt=../graphsdb/mcs10/rand/r005/mcs10_r005_s20.B06
Reading graphs...
20 :  20
20 :  20
Initializing...
maxdom : 20
D->valSize : 400
Solving...
currentSize : 5 <-- 0.002723 s
currentSize : 8 <-- 0.002771 s
currentSize : 9 <-- 0.002899 s
currentSize : 10 <-- 0.003037 s
currentSize : 13 <-- 0.003080 s
currentSize : 14 <-- 0.026703 s
currentSize : 15 <-- 0.027159 s

maxsize : 15
nodes : 41563.000000
filtered : 418857.000000
time : 0.117432
