Parameters: GAD=1 vflib=1 dir=0 label=0 lowerbound=1 fileNameGp=../graphsdb/mcs10/rand/r005/mcs10_r005_s25.A31 fileNameGt=../graphsdb/mcs10/rand/r005/mcs10_r005_s25.B31
Reading graphs...
25 :  31
25 :  28
Initializing...
maxdom : 25
D->valSize : 625
Solving...
currentSize : 11 <-- 0.005455 s
currentSize : 13 <-- 0.005471 s
currentSize : 15 <-- 0.006405 s
currentSize : 16 <-- 0.010090 s
currentSize : 17 <-- 0.011138 s
currentSize : 18 <-- 0.011716 s

maxsize : 18
nodes : 593813.000000
filtered : 7103060.000000
time : 1.963410
