Parameters: GAD=1 vflib=1 dir=0 label=0 lowerbound=1 fileNameGp=../graphsdb/mcs10/rand/r005/mcs10_r005_s30.A10 fileNameGt=../graphsdb/mcs10/rand/r005/mcs10_r005_s30.B10
Reading graphs...
30 :  45
30 :  45
Initializing...
maxdom : 30
D->valSize : 900
Solving...
currentSize : 15 <-- 0.012640 s
currentSize : 16 <-- 0.012705 s
currentSize : 17 <-- 0.014040 s
currentSize : 18 <-- 0.014283 s
currentSize : 19 <-- 0.215564 s
currentSize : 20 <-- 1.090383 s
currentSize : 21 <-- 3.068651 s

maxsize : 21
nodes : 12286210.000000
filtered : 237155344.000000
time : 55.123123
