Parameters: GAD=1 vflib=1 dir=0 label=0 lowerbound=1 fileNameGp=../graphsdb/mcs10/rand/r01/mcs10_r01_s25.A39 fileNameGt=../graphsdb/mcs10/rand/r01/mcs10_r01_s25.B39
Reading graphs...
25 :  59
25 :  56
Initializing...
maxdom : 25
D->valSize : 625
Solving...
currentSize : 11 <-- 0.008574 s
currentSize : 12 <-- 0.008613 s
currentSize : 13 <-- 0.010216 s
currentSize : 14 <-- 0.010334 s
currentSize : 15 <-- 0.500437 s
currentSize : 16 <-- 1.218591 s
currentSize : 17 <-- 2.869824 s

maxsize : 17
nodes : 1067861.000000
filtered : 19102143.000000
time : 4.343837
