Parameters: GAD=1 vflib=1 dir=0 label=0 lowerbound=1 fileNameGp=../graphsdb/mcs10/rand/r005/mcs10_r005_s35.A71 fileNameGt=../graphsdb/mcs10/rand/r005/mcs10_r005_s35.B71
Reading graphs...
35 :  61
35 :  60
Initializing...
maxdom : 35
D->valSize : 1225
Solving...
currentSize : 16 <-- 0.020502 s
currentSize : 17 <-- 0.020519 s
currentSize : 18 <-- 0.035369 s
currentSize : 19 <-- 0.038955 s
currentSize : 20 <-- 0.059084 s
currentSize : 21 <-- 0.296621 s
currentSize : 22 <-- 2.275808 s
currentSize : 23 <-- 3.709318 s
currentSize : 24 <-- 199.638336 s

maxsize : 24
nodes : 204199133.000000
filtered : 5019594442.000000
time : 1126.630371
