Parameters: GAD=1 vflib=1 dir=0 label=0 lowerbound=1 fileNameGp=../graphsdb/mcs10/rand/r01/mcs10_r01_s25.A19 fileNameGt=../graphsdb/mcs10/rand/r01/mcs10_r01_s25.B19
Reading graphs...
25 :  59
25 :  60
Initializing...
maxdom : 25
D->valSize : 625
Solving...
currentSize : 10 <-- 0.004920 s
currentSize : 11 <-- 0.004986 s
currentSize : 12 <-- 0.005528 s
currentSize : 13 <-- 0.005824 s
currentSize : 14 <-- 0.014473 s
currentSize : 15 <-- 0.019742 s
currentSize : 16 <-- 1.855443 s

maxsize : 16
nodes : 1744377.000000
filtered : 32448358.000000
time : 7.303824
