Parameters: GAD=1 vflib=1 dir=0 label=0 lowerbound=1 fileNameGp=../graphsdb/mcs10/rand/r02/mcs10_r02_s35.A85 fileNameGt=../graphsdb/mcs10/rand/r02/mcs10_r02_s35.B85
Reading graphs...
35 :  220
35 :  212
Initializing...
maxdom : 35
D->valSize : 1225
Solving...
currentSize : 9 <-- 0.022195 s
currentSize : 10 <-- 0.022235 s
currentSize : 11 <-- 0.022579 s
currentSize : 12 <-- 0.025307 s
currentSize : 13 <-- 0.033535 s
currentSize : 14 <-- 0.327284 s
currentSize : 15 <-- 134.360931 s
currentSize : 16 <-- 3515.762695 s

TIMEOUT
maxsize : 16
nodes : 829409522.000000
filtered : 9836265016.000000
time : 3600.000000
