Parameters: GAD=1 vflib=1 dir=0 label=0 lowerbound=1 fileNameGp=../graphsdb/mcs10/rand/r01/mcs10_r01_s30.A60 fileNameGt=../graphsdb/mcs10/rand/r01/mcs10_r01_s30.B60
Reading graphs...
30 :  86
30 :  85
Initializing...
maxdom : 30
D->valSize : 900
Solving...
currentSize : 13 <-- 0.010291 s
currentSize : 14 <-- 0.011030 s
currentSize : 15 <-- 0.019041 s
currentSize : 16 <-- 0.225667 s
currentSize : 17 <-- 0.396662 s
currentSize : 18 <-- 78.834061 s

maxsize : 18
nodes : 49918612.000000
filtered : 1010789171.000000
time : 232.138535
