Parameters: GAD=1 vflib=1 dir=0 label=0 lowerbound=1 fileNameGp=../graphsdb/mcs10/rand/r02/mcs10_r02_s30.A69 fileNameGt=../graphsdb/mcs10/rand/r02/mcs10_r02_s30.B69
Reading graphs...
30 :  154
30 :  162
Initializing...
maxdom : 30
D->valSize : 900
Solving...
currentSize : 10 <-- 0.015822 s
currentSize : 11 <-- 0.015961 s
currentSize : 12 <-- 0.020853 s
currentSize : 13 <-- 0.111708 s
currentSize : 14 <-- 7.655652 s
currentSize : 15 <-- 426.845245 s

maxsize : 15
nodes : 110750875.000000
filtered : 1372754386.000000
time : 448.600403
