Parameters: GAD=1 vflib=1 dir=0 label=0 lowerbound=1 fileNameGp=../graphsdb/mcs10/rand/r005/mcs10_r005_s35.A84 fileNameGt=../graphsdb/mcs10/rand/r005/mcs10_r005_s35.B84
Reading graphs...
35 :  61
35 :  60
Initializing...
maxdom : 35
D->valSize : 1225
Solving...
currentSize : 16 <-- 0.020653 s
currentSize : 17 <-- 0.021126 s
currentSize : 19 <-- 0.021154 s
currentSize : 20 <-- 0.022960 s
currentSize : 21 <-- 0.265994 s
currentSize : 22 <-- 0.370494 s
currentSize : 23 <-- 50.232281 s
currentSize : 24 <-- 263.681458 s

maxsize : 24
nodes : 264184512.000000
filtered : 6324171233.000000
time : 1432.559570
