Parameters: GAD=1 vflib=1 dir=0 label=0 lowerbound=1 fileNameGp=../graphsdb/mcs10/rand/r005/mcs10_r005_s20.A58 fileNameGt=../graphsdb/mcs10/rand/r005/mcs10_r005_s20.B58
Reading graphs...
20 :  20
20 :  20
Initializing...
maxdom : 20
D->valSize : 400
Solving...
currentSize : 7 <-- 0.002390 s
currentSize : 9 <-- 0.002527 s
currentSize : 11 <-- 0.002887 s
currentSize : 12 <-- 0.004748 s
currentSize : 13 <-- 0.016407 s
currentSize : 14 <-- 0.206050 s

maxsize : 14
nodes : 121972.000000
filtered : 764798.000000
time : 0.265614
