Parameters: GAD=1 vflib=1 dir=0 label=0 lowerbound=1 fileNameGp=../graphsdb/mcs10/rand/r005/mcs10_r005_s35.A03 fileNameGt=../graphsdb/mcs10/rand/r005/mcs10_r005_s35.B03
Reading graphs...
35 :  61
35 :  60
Initializing...
maxdom : 35
D->valSize : 1225
Solving...
currentSize : 17 <-- 0.020541 s
currentSize : 18 <-- 0.020650 s
currentSize : 19 <-- 0.020732 s
currentSize : 20 <-- 0.021815 s
currentSize : 21 <-- 0.098996 s
currentSize : 22 <-- 1.803383 s
currentSize : 23 <-- 2.111568 s
currentSize : 24 <-- 19.212303 s
currentSize : 25 <-- 19.470284 s

maxsize : 25
nodes : 68878799.000000
filtered : 2021151521.000000
time : 421.304047
