Parameters: GAD=1 vflib=1 dir=0 label=0 lowerbound=1 fileNameGp=../graphsdb/mcs10/rand/r005/mcs10_r005_s30.A76 fileNameGt=../graphsdb/mcs10/rand/r005/mcs10_r005_s30.B76
Reading graphs...
30 :  44
30 :  45
Initializing...
maxdom : 30
D->valSize : 900
Solving...
currentSize : 13 <-- 0.011159 s
currentSize : 15 <-- 0.011274 s
currentSize : 17 <-- 0.011501 s
currentSize : 18 <-- 0.087721 s
currentSize : 19 <-- 0.296678 s
currentSize : 20 <-- 0.298706 s
currentSize : 21 <-- 4.504315 s
currentSize : 22 <-- 6.090279 s

maxsize : 22
nodes : 5781311.000000
filtered : 119279728.000000
time : 27.608589
