Parameters: GAD=1 vflib=1 dir=0 label=0 lowerbound=1 fileNameGp=../graphsdb/mcs10/rand/r01/mcs10_r01_s35.A03 fileNameGt=../graphsdb/mcs10/rand/r01/mcs10_r01_s35.B03
Reading graphs...
35 :  117
35 :  112
Initializing...
maxdom : 35
D->valSize : 1225
Solving...
currentSize : 14 <-- 0.018879 s
currentSize : 15 <-- 0.018919 s
currentSize : 16 <-- 0.020239 s
currentSize : 17 <-- 0.105041 s
currentSize : 18 <-- 0.332648 s
currentSize : 19 <-- 6.252385 s
currentSize : 20 <-- 1629.128662 s

TIMEOUT
maxsize : 20
nodes : 696993851.000000
filtered : 15847929079.000000
time : 3600.000000
