Parameters: GAD=1 vflib=1 dir=0 label=0 lowerbound=1 fileNameGp=../graphsdb/mcs10/rand/r01/mcs10_r01_s35.A28 fileNameGt=../graphsdb/mcs10/rand/r01/mcs10_r01_s35.B28
Reading graphs...
35 :  118
35 :  116
Initializing...
maxdom : 35
D->valSize : 1225
Solving...
currentSize : 13 <-- 0.018881 s
currentSize : 15 <-- 0.018899 s
currentSize : 16 <-- 0.019411 s
currentSize : 17 <-- 0.023251 s
currentSize : 18 <-- 0.059729 s
currentSize : 19 <-- 58.523670 s
currentSize : 20 <-- 58.974224 s

maxsize : 20
nodes : 421072368.000000
filtered : 10882167026.000000
time : 2273.169189
