Parameters: GAD=1 vflib=1 dir=0 label=0 lowerbound=1 fileNameGp=../graphsdb/mcs10/rand/r01/mcs10_r01_s30.A12 fileNameGt=../graphsdb/mcs10/rand/r01/mcs10_r01_s30.B12
Reading graphs...
30 :  87
30 :  82
Initializing...
maxdom : 30
D->valSize : 900
Solving...
currentSize : 11 <-- 0.010106 s
currentSize : 12 <-- 0.010129 s
currentSize : 13 <-- 0.010593 s
currentSize : 14 <-- 0.010621 s
currentSize : 15 <-- 0.010937 s
currentSize : 16 <-- 0.153684 s
currentSize : 17 <-- 1.127988 s
currentSize : 18 <-- 37.868446 s

maxsize : 18
nodes : 36658479.000000
filtered : 789075775.000000
time : 171.907303
