Parameters: GAD=1 vflib=1 dir=0 label=0 lowerbound=1 fileNameGp=../graphsdb/mcs10/rand/r02/mcs10_r02_s25.A55 fileNameGt=../graphsdb/mcs10/rand/r02/mcs10_r02_s25.B55
Reading graphs...
25 :  109
25 :  105
Initializing...
maxdom : 25
D->valSize : 625
Solving...
currentSize : 8 <-- 0.007739 s
currentSize : 9 <-- 0.007778 s
currentSize : 10 <-- 0.007995 s
currentSize : 11 <-- 0.008088 s
currentSize : 12 <-- 0.079278 s
currentSize : 13 <-- 0.576843 s

maxsize : 13
nodes : 9364169.000000
filtered : 112152628.000000
time : 33.909561
