Parameters: GAD=1 vflib=1 dir=0 label=0 lowerbound=1 fileNameGp=../graphsdb/mcs10/rand/r005/mcs10_r005_s25.A99 fileNameGt=../graphsdb/mcs10/rand/r005/mcs10_r005_s25.B99
Reading graphs...
25 :  31
25 :  31
Initializing...
maxdom : 25
D->valSize : 625
Solving...
currentSize : 5 <-- 0.005378 s
currentSize : 13 <-- 0.005460 s
currentSize : 14 <-- 0.041978 s
currentSize : 15 <-- 0.288715 s
currentSize : 16 <-- 0.316140 s
currentSize : 17 <-- 0.358048 s
currentSize : 18 <-- 0.608113 s
currentSize : 19 <-- 0.706977 s

maxsize : 19
nodes : 371945.000000
filtered : 3457166.000000
time : 1.128080
