Parameters: GAD=1 vflib=1 dir=0 label=0 lowerbound=1 fileNameGp=../graphsdb/mcs10/rand/r01/mcs10_r01_s30.A57 fileNameGt=../graphsdb/mcs10/rand/r01/mcs10_r01_s30.B57
Reading graphs...
30 :  87
30 :  86
Initializing...
maxdom : 30
D->valSize : 900
Solving...
currentSize : 12 <-- 0.010043 s
currentSize : 13 <-- 0.010149 s
currentSize : 14 <-- 0.010462 s
currentSize : 16 <-- 0.015602 s
currentSize : 17 <-- 0.365802 s
currentSize : 18 <-- 82.145477 s

maxsize : 18
nodes : 66079035.000000
filtered : 1319147156.000000
time : 304.032898
