Parameters: GAD=1 vflib=1 dir=0 label=0 lowerbound=1 fileNameGp=../graphsdb/mcs10/rand/r01/mcs10_r01_s35.A13 fileNameGt=../graphsdb/mcs10/rand/r01/mcs10_r01_s35.B13
Reading graphs...
35 :  120
35 :  115
Initializing...
maxdom : 35
D->valSize : 1225
Solving...
currentSize : 14 <-- 0.032715 s
currentSize : 15 <-- 0.032834 s
currentSize : 16 <-- 0.033108 s
currentSize : 17 <-- 0.035265 s
currentSize : 18 <-- 0.076884 s
currentSize : 19 <-- 64.811218 s
currentSize : 20 <-- 1770.979248 s

TIMEOUT
maxsize : 20
nodes : 694898416.000000
filtered : 15907405035.000000
time : 3600.000000
