Parameters: GAD=1 vflib=1 dir=0 label=0 lowerbound=1 fileNameGp=../graphsdb/mcs10/rand/r02/mcs10_r02_s25.A03 fileNameGt=../graphsdb/mcs10/rand/r02/mcs10_r02_s25.B03
Reading graphs...
25 :  109
25 :  107
Initializing...
maxdom : 25
D->valSize : 625
Solving...
currentSize : 7 <-- 0.007690 s
currentSize : 8 <-- 0.007738 s
currentSize : 9 <-- 0.007839 s
currentSize : 10 <-- 0.008213 s
currentSize : 11 <-- 0.008386 s
currentSize : 12 <-- 0.009101 s
currentSize : 13 <-- 0.586583 s
currentSize : 14 <-- 3.349596 s

maxsize : 14
nodes : 3126854.000000
filtered : 48373477.000000
time : 12.181489
