Parameters: GAD=1 vflib=1 dir=0 label=0 lowerbound=1 fileNameGp=../graphsdb/mcs10/rand/r02/mcs10_r02_s30.A19 fileNameGt=../graphsdb/mcs10/rand/r02/mcs10_r02_s30.B19
Reading graphs...
30 :  159
30 :  155
Initializing...
maxdom : 30
D->valSize : 900
Solving...
currentSize : 9 <-- 0.015957 s
currentSize : 10 <-- 0.016058 s
currentSize : 11 <-- 0.016702 s
currentSize : 12 <-- 0.020290 s
currentSize : 13 <-- 0.246684 s
currentSize : 14 <-- 7.684969 s
currentSize : 15 <-- 114.716438 s

maxsize : 15
nodes : 62244140.000000
filtered : 891112628.000000
time : 263.449127
