Parameters: GAD=1 vflib=1 dir=0 label=0 lowerbound=1 fileNameGp=../graphsdb/mcs10/rand/r01/mcs10_r01_s35.A67 fileNameGt=../graphsdb/mcs10/rand/r01/mcs10_r01_s35.B67
Reading graphs...
35 :  113
35 :  115
Initializing...
maxdom : 35
D->valSize : 1225
Solving...
currentSize : 12 <-- 0.033195 s
currentSize : 13 <-- 0.033219 s
currentSize : 14 <-- 0.033267 s
currentSize : 15 <-- 0.043025 s
currentSize : 16 <-- 0.047362 s
currentSize : 17 <-- 0.053221 s
currentSize : 18 <-- 0.082472 s
currentSize : 19 <-- 1.742019 s
currentSize : 20 <-- 206.797974 s

maxsize : 20
nodes : 518849146.000000
filtered : 12606728092.000000
time : 2819.200195
