Parameters: GAD=1 vflib=1 dir=0 label=0 lowerbound=1 fileNameGp=../graphsdb/mcs10/rand/r01/mcs10_r01_s30.A10 fileNameGt=../graphsdb/mcs10/rand/r01/mcs10_r01_s30.B10
Reading graphs...
30 :  87
30 :  86
Initializing...
maxdom : 30
D->valSize : 900
Solving...
currentSize : 13 <-- 0.017481 s
currentSize : 14 <-- 0.017601 s
currentSize : 15 <-- 0.018253 s
currentSize : 16 <-- 0.062988 s
currentSize : 17 <-- 0.233783 s
currentSize : 18 <-- 209.962570 s

maxsize : 18
nodes : 71196691.000000
filtered : 1358333920.000000
time : 324.443848
