Parameters: GAD=1 vflib=1 dir=0 label=0 lowerbound=1 fileNameGp=../graphsdb/mcs10/rand/r01/mcs10_r01_s30.A98 fileNameGt=../graphsdb/mcs10/rand/r01/mcs10_r01_s30.B98
Reading graphs...
30 :  86
30 :  82
Initializing...
maxdom : 30
D->valSize : 900
Solving...
currentSize : 11 <-- 0.017630 s
currentSize : 12 <-- 0.017672 s
currentSize : 13 <-- 0.017724 s
currentSize : 14 <-- 0.018497 s
currentSize : 15 <-- 0.052788 s
currentSize : 16 <-- 0.121118 s
currentSize : 17 <-- 0.599821 s
currentSize : 18 <-- 15.633651 s

maxsize : 18
nodes : 53897422.000000
filtered : 1122918609.000000
time : 249.213455
