Parameters: GAD=1 vflib=1 dir=0 label=0 lowerbound=1 fileNameGp=../graphsdb/mcs10/rand/r01/mcs10_r01_s25.A31 fileNameGt=../graphsdb/mcs10/rand/r01/mcs10_r01_s25.B31
Reading graphs...
25 :  60
25 :  57
Initializing...
maxdom : 25
D->valSize : 625
Solving...
currentSize : 10 <-- 0.004932 s
currentSize : 11 <-- 0.005038 s
currentSize : 13 <-- 0.006001 s
currentSize : 14 <-- 0.012756 s
currentSize : 15 <-- 0.033696 s
currentSize : 16 <-- 0.126930 s

maxsize : 16
nodes : 1879340.000000
filtered : 36924973.000000
time : 8.103297
