Parameters: GAD=1 vflib=1 dir=0 label=0 lowerbound=1 fileNameGp=../graphsdb/mcs10/rand/r01/mcs10_r01_s20.A43 fileNameGt=../graphsdb/mcs10/rand/r01/mcs10_r01_s20.B43
Reading graphs...
20 :  38
20 :  38
Initializing...
maxdom : 20
D->valSize : 400
Solving...
currentSize : 8 <-- 0.002159 s
currentSize : 9 <-- 0.002178 s
currentSize : 10 <-- 0.003374 s
currentSize : 11 <-- 0.010124 s
currentSize : 12 <-- 0.010362 s
currentSize : 13 <-- 0.012710 s
currentSize : 14 <-- 0.022758 s

maxsize : 14
nodes : 67427.000000
filtered : 1105404.000000
time : 0.240059
