Parameters: GAD=1 vflib=1 dir=0 label=0 lowerbound=1 fileNameGp=../graphsdb/mcs10/rand/r02/mcs10_r02_s30.A67 fileNameGt=../graphsdb/mcs10/rand/r02/mcs10_r02_s30.B67
Reading graphs...
30 :  159
30 :  161
Initializing...
maxdom : 30
D->valSize : 900
Solving...
currentSize : 9 <-- 0.009382 s
currentSize : 10 <-- 0.009402 s
currentSize : 11 <-- 0.009418 s
currentSize : 12 <-- 0.010996 s
currentSize : 13 <-- 0.029955 s
currentSize : 14 <-- 0.579907 s

maxsize : 14
nodes : 123478210.000000
filtered : 1566594742.000000
time : 503.058319
