Parameters: GAD=1 vflib=1 dir=0 label=0 lowerbound=1 fileNameGp=../graphsdb/mcs10/rand/r01/mcs10_r01_s35.A31 fileNameGt=../graphsdb/mcs10/rand/r01/mcs10_r01_s35.B31
Reading graphs...
35 :  115
35 :  115
Initializing...
maxdom : 35
D->valSize : 1225
Solving...
currentSize : 15 <-- 0.019578 s
currentSize : 16 <-- 0.020186 s
currentSize : 17 <-- 0.041429 s
currentSize : 18 <-- 1.257541 s
currentSize : 19 <-- 27.271591 s
currentSize : 20 <-- 266.473572 s

maxsize : 20
nodes : 460994663.000000
filtered : 11807673214.000000
time : 2533.014893
