Parameters: GAD=1 vflib=1 dir=0 label=0 lowerbound=1 fileNameGp=../graphsdb/mcs10/rand/r005/mcs10_r005_s35.A99 fileNameGt=../graphsdb/mcs10/rand/r005/mcs10_r005_s35.B99
Reading graphs...
35 :  60
35 :  58
Initializing...
maxdom : 35
D->valSize : 1225
Solving...
currentSize : 13 <-- 0.020618 s
currentSize : 14 <-- 0.020641 s
currentSize : 15 <-- 0.021376 s
currentSize : 16 <-- 0.023234 s
currentSize : 17 <-- 0.023241 s
currentSize : 18 <-- 0.023560 s
currentSize : 19 <-- 0.037631 s
currentSize : 20 <-- 0.149966 s
currentSize : 21 <-- 5.452558 s
currentSize : 22 <-- 10.384495 s
currentSize : 23 <-- 43.885502 s
currentSize : 24 <-- 44.554592 s
currentSize : 25 <-- 644.003967 s

maxsize : 25
nodes : 149286717.000000
filtered : 3541041219.000000
time : 810.144165
