Parameters: GAD=1 vflib=1 dir=0 label=0 lowerbound=1 fileNameGp=../graphsdb/mcs10/rand/r005/mcs10_r005_s25.A58 fileNameGt=../graphsdb/mcs10/rand/r005/mcs10_r005_s25.B58
Reading graphs...
25 :  31
25 :  31
Initializing...
maxdom : 25
D->valSize : 625
Solving...
currentSize : 10 <-- 0.005429 s
currentSize : 11 <-- 0.005546 s
currentSize : 12 <-- 0.005770 s
currentSize : 13 <-- 0.006496 s
currentSize : 15 <-- 0.006504 s
currentSize : 16 <-- 4.111877 s
currentSize : 17 <-- 7.805236 s

maxsize : 17
nodes : 6507246.000000
filtered : 53458396.000000
time : 18.559849
