Parameters: GAD=1 vflib=1 dir=0 label=0 lowerbound=1 fileNameGp=../graphsdb/mcs10/rand/r02/mcs10_r02_s25.A66 fileNameGt=../graphsdb/mcs10/rand/r02/mcs10_r02_s25.B66
Reading graphs...
25 :  113
25 :  112
Initializing...
maxdom : 25
D->valSize : 625
Solving...
currentSize : 8 <-- 0.004475 s
currentSize : 9 <-- 0.004504 s
currentSize : 10 <-- 0.004588 s
currentSize : 11 <-- 0.005036 s
currentSize : 12 <-- 0.006500 s
currentSize : 13 <-- 0.440207 s

maxsize : 13
nodes : 5331712.000000
filtered : 72532794.000000
time : 19.934681
