Parameters: GAD=1 vflib=1 dir=0 label=0 lowerbound=1 fileNameGp=../graphsdb/mcs10/rand/r01/mcs10_r01_s35.A95 fileNameGt=../graphsdb/mcs10/rand/r01/mcs10_r01_s35.B95
Reading graphs...
35 :  117
35 :  117
Initializing...
maxdom : 35
D->valSize : 1225
Solving...
currentSize : 14 <-- 0.032670 s
currentSize : 15 <-- 0.033701 s
currentSize : 16 <-- 0.035084 s
currentSize : 17 <-- 0.089862 s
currentSize : 18 <-- 1.756942 s
currentSize : 19 <-- 2.559930 s
currentSize : 20 <-- 345.232758 s

maxsize : 20
nodes : 473257517.000000
filtered : 12238175337.000000
time : 2597.338379
