Parameters: GAD=1 vflib=1 dir=0 label=0 lowerbound=1 fileNameGp=../graphsdb/mcs10/rand/r01/mcs10_r01_s30.A87 fileNameGt=../graphsdb/mcs10/rand/r01/mcs10_r01_s30.B87
Reading graphs...
30 :  86
30 :  85
Initializing...
maxdom : 30
D->valSize : 900
Solving...
currentSize : 12 <-- 0.017549 s
currentSize : 13 <-- 0.017600 s
currentSize : 14 <-- 0.018537 s
currentSize : 15 <-- 0.027082 s
currentSize : 16 <-- 0.108755 s
currentSize : 17 <-- 0.418384 s
currentSize : 18 <-- 3.744389 s

maxsize : 18
nodes : 33015615.000000
filtered : 716855740.000000
time : 156.474014
