Parameters: GAD=1 vflib=1 dir=0 label=0 lowerbound=1 fileNameGp=../graphsdb/mcs10/rand/r01/mcs10_r01_s25.A14 fileNameGt=../graphsdb/mcs10/rand/r01/mcs10_r01_s25.B14
Reading graphs...
25 :  58
25 :  59
Initializing...
maxdom : 25
D->valSize : 625
Solving...
currentSize : 11 <-- 0.005040 s
currentSize : 12 <-- 0.005063 s
currentSize : 13 <-- 0.005097 s
currentSize : 14 <-- 0.007784 s
currentSize : 15 <-- 0.047844 s
currentSize : 16 <-- 0.051174 s

maxsize : 16
nodes : 1919334.000000
filtered : 37202360.000000
time : 8.164904
