Parameters: GAD=1 vflib=1 dir=0 label=0 lowerbound=1 fileNameGp=../graphsdb/mcs10/rand/r005/mcs10_r005_s20.A20 fileNameGt=../graphsdb/mcs10/rand/r005/mcs10_r005_s20.B20
Reading graphs...
20 :  20
20 :  20
Initializing...
maxdom : 20
D->valSize : 400
Solving...
currentSize : 6 <-- 0.002302 s
currentSize : 7 <-- 0.002330 s
currentSize : 8 <-- 0.002365 s
currentSize : 9 <-- 0.002475 s
currentSize : 10 <-- 0.002775 s
currentSize : 11 <-- 0.007545 s
currentSize : 12 <-- 0.019747 s
currentSize : 13 <-- 0.077141 s
currentSize : 14 <-- 0.340006 s

maxsize : 14
nodes : 178154.000000
filtered : 1101015.000000
time : 0.392129
