Parameters: GAD=1 vflib=1 dir=0 label=0 lowerbound=1 fileNameGp=../graphsdb/mcs10/rand/r02/mcs10_r02_s30.A45 fileNameGt=../graphsdb/mcs10/rand/r02/mcs10_r02_s30.B45
Reading graphs...
30 :  156
30 :  153
Initializing...
maxdom : 30
D->valSize : 900
Solving...
currentSize : 9 <-- 0.009546 s
currentSize : 10 <-- 0.009577 s
currentSize : 11 <-- 0.009674 s
currentSize : 12 <-- 0.009782 s
currentSize : 13 <-- 0.009819 s
currentSize : 14 <-- 0.389466 s

maxsize : 14
nodes : 105598346.000000
filtered : 1407730483.000000
time : 433.953400
