Parameters: GAD=1 vflib=1 dir=0 label=0 lowerbound=1 fileNameGp=../graphsdb/mcs10/rand/r02/mcs10_r02_s35.A94 fileNameGt=../graphsdb/mcs10/rand/r02/mcs10_r02_s35.B94
Reading graphs...
35 :  220
35 :  211
Initializing...
maxdom : 35
D->valSize : 1225
Solving...
currentSize : 8 <-- 0.017345 s
currentSize : 9 <-- 0.017367 s
currentSize : 10 <-- 0.017377 s
currentSize : 11 <-- 0.017715 s
currentSize : 12 <-- 0.018802 s
currentSize : 13 <-- 0.019488 s
currentSize : 14 <-- 0.019817 s
currentSize : 15 <-- 115.836815 s
currentSize : 16 <-- 2336.871338 s

TIMEOUT
maxsize : 16
nodes : 813044715.000000
filtered : 10674858446.000000
time : 3600.000000
