Parameters: GAD=1 vflib=1 dir=0 label=0 lowerbound=1 fileNameGp=../graphsdb/mcs10/rand/r01/mcs10_r01_s35.A20 fileNameGt=../graphsdb/mcs10/rand/r01/mcs10_r01_s35.B20
Reading graphs...
35 :  112
35 :  115
Initializing...
maxdom : 35
D->valSize : 1225
Solving...
currentSize : 14 <-- 0.032858 s
currentSize : 15 <-- 0.032914 s
currentSize : 16 <-- 0.033431 s
currentSize : 17 <-- 0.035520 s
currentSize : 18 <-- 0.247069 s
currentSize : 19 <-- 1.319965 s
currentSize : 20 <-- 140.325485 s

TIMEOUT
maxsize : 20
nodes : 669785648.000000
filtered : 16117361367.000000
time : 3600.000000
