Parameters: GAD=1 vflib=1 dir=0 label=0 lowerbound=1 fileNameGp=../graphsdb/mcs10/rand/r01/mcs10_r01_s25.A65 fileNameGt=../graphsdb/mcs10/rand/r01/mcs10_r01_s25.B65
Reading graphs...
25 :  58
25 :  57
Initializing...
maxdom : 25
D->valSize : 625
Solving...
currentSize : 10 <-- 0.005072 s
currentSize : 11 <-- 0.005091 s
currentSize : 13 <-- 0.005100 s
currentSize : 14 <-- 0.019270 s
currentSize : 15 <-- 0.040323 s
currentSize : 16 <-- 0.075851 s

maxsize : 16
nodes : 2803504.000000
filtered : 49438941.000000
time : 11.567794
