Parameters: GAD=1 vflib=1 dir=0 label=0 lowerbound=1 fileNameGp=../graphsdb/mcs10/rand/r01/mcs10_r01_s25.A61 fileNameGt=../graphsdb/mcs10/rand/r01/mcs10_r01_s25.B61
Reading graphs...
25 :  57
25 :  55
Initializing...
maxdom : 25
D->valSize : 625
Solving...
currentSize : 7 <-- 0.004953 s
currentSize : 8 <-- 0.004985 s
currentSize : 11 <-- 0.005068 s
currentSize : 12 <-- 0.005094 s
currentSize : 13 <-- 0.006277 s
currentSize : 14 <-- 0.074926 s
currentSize : 15 <-- 0.310149 s
currentSize : 16 <-- 0.744823 s

maxsize : 16
nodes : 1995154.000000
filtered : 36240371.000000
time : 8.252855
