Parameters: GAD=1 vflib=1 dir=0 label=0 lowerbound=1 fileNameGp=../graphsdb/mcs10/rand/r005/mcs10_r005_s25.A95 fileNameGt=../graphsdb/mcs10/rand/r005/mcs10_r005_s25.B95
Reading graphs...
25 :  30
25 :  30
Initializing...
maxdom : 25
D->valSize : 625
Solving...
currentSize : 9 <-- 0.005445 s
currentSize : 10 <-- 0.005510 s
currentSize : 11 <-- 0.005929 s
currentSize : 12 <-- 0.011644 s
currentSize : 13 <-- 0.012998 s
currentSize : 14 <-- 0.013040 s
currentSize : 15 <-- 0.015601 s
currentSize : 16 <-- 0.224905 s
currentSize : 17 <-- 0.236016 s
currentSize : 18 <-- 0.245666 s

maxsize : 18
nodes : 503463.000000
filtered : 6150113.000000
time : 1.820614
