Parameters: GAD=1 vflib=1 dir=0 label=0 lowerbound=1 fileNameGp=../graphsdb/mcs10/rand/r005/mcs10_r005_s35.A19 fileNameGt=../graphsdb/mcs10/rand/r005/mcs10_r005_s35.B19
Reading graphs...
35 :  61
35 :  61
Initializing...
maxdom : 35
D->valSize : 1225
Solving...
currentSize : 16 <-- 0.020551 s
currentSize : 18 <-- 0.020579 s
currentSize : 19 <-- 0.021813 s
currentSize : 20 <-- 0.025255 s
currentSize : 21 <-- 0.048911 s
currentSize : 22 <-- 0.868613 s
currentSize : 23 <-- 7.144659 s
currentSize : 24 <-- 9.542131 s
currentSize : 25 <-- 40.261215 s

maxsize : 25
nodes : 35548737.000000
filtered : 1028361770.000000
time : 213.575882
