Parameters: GAD=1 vflib=1 dir=0 label=0 lowerbound=1 fileNameGp=../graphsdb/mcs10/rand/r01/mcs10_r01_s30.A73 fileNameGt=../graphsdb/mcs10/rand/r01/mcs10_r01_s30.B73
Reading graphs...
30 :  84
30 :  85
Initializing...
maxdom : 30
D->valSize : 900
Solving...
currentSize : 13 <-- 0.017641 s
currentSize : 14 <-- 0.017894 s
currentSize : 15 <-- 0.022326 s
currentSize : 16 <-- 0.128230 s
currentSize : 17 <-- 1.558157 s
currentSize : 18 <-- 127.897789 s

maxsize : 18
nodes : 74181769.000000
filtered : 1346491652.000000
time : 331.725067
