Parameters: GAD=1 vflib=1 dir=0 label=0 lowerbound=1 fileNameGp=../graphsdb/mcs10/rand/r005/mcs10_r005_s20.A16 fileNameGt=../graphsdb/mcs10/rand/r005/mcs10_r005_s20.B16
Reading graphs...
20 :  20
20 :  20
Initializing...
maxdom : 20
D->valSize : 400
Solving...
currentSize : 5 <-- 0.002241 s
currentSize : 11 <-- 0.002300 s
currentSize : 12 <-- 0.022050 s
currentSize : 13 <-- 0.048607 s
currentSize : 14 <-- 0.064715 s
currentSize : 15 <-- 0.064770 s

maxsize : 15
nodes : 117258.000000
filtered : 664910.000000
time : 0.255675
