Parameters: GAD=1 vflib=1 dir=0 label=0 lowerbound=1 fileNameGp=../graphsdb/mcs10/rand/r005/mcs10_r005_s35.A86 fileNameGt=../graphsdb/mcs10/rand/r005/mcs10_r005_s35.B86
Reading graphs...
35 :  60
35 :  60
Initializing...
maxdom : 35
D->valSize : 1225
Solving...
currentSize : 15 <-- 0.020545 s
currentSize : 17 <-- 0.020565 s
currentSize : 18 <-- 0.020631 s
currentSize : 19 <-- 0.022287 s
currentSize : 20 <-- 0.022631 s
currentSize : 21 <-- 0.060698 s
currentSize : 22 <-- 0.706160 s
currentSize : 24 <-- 1.720840 s
currentSize : 25 <-- 161.595840 s

maxsize : 25
nodes : 69219402.000000
filtered : 1921129798.000000
time : 410.042206
