Parameters: GAD=1 vflib=1 dir=0 label=0 lowerbound=1 fileNameGp=../graphsdb/mcs10/rand/r01/mcs10_r01_s30.A93 fileNameGt=../graphsdb/mcs10/rand/r01/mcs10_r01_s30.B93
Reading graphs...
30 :  83
30 :  87
Initializing...
maxdom : 30
D->valSize : 900
Solving...
currentSize : 12 <-- 0.017562 s
currentSize : 13 <-- 0.017596 s
currentSize : 14 <-- 0.017687 s
currentSize : 15 <-- 0.036984 s
currentSize : 16 <-- 0.037067 s
currentSize : 17 <-- 1.878309 s
currentSize : 18 <-- 10.484351 s

maxsize : 18
nodes : 33125935.000000
filtered : 732768253.000000
time : 163.188324
