Parameters: GAD=1 vflib=1 dir=0 label=0 lowerbound=1 fileNameGp=../graphsdb/mcs10/rand/r005/mcs10_r005_s25.A42 fileNameGt=../graphsdb/mcs10/rand/r005/mcs10_r005_s25.B42
Reading graphs...
25 :  31
25 :  31
Initializing...
maxdom : 25
D->valSize : 625
Solving...
currentSize : 8 <-- 0.005435 s
currentSize : 9 <-- 0.005553 s
currentSize : 10 <-- 0.006012 s
currentSize : 11 <-- 0.006022 s
currentSize : 12 <-- 0.006042 s
currentSize : 13 <-- 0.006335 s
currentSize : 14 <-- 0.007225 s
currentSize : 15 <-- 0.056480 s
currentSize : 16 <-- 0.068009 s
currentSize : 17 <-- 0.332219 s
currentSize : 18 <-- 3.029476 s

maxsize : 18
nodes : 1317397.000000
filtered : 14330511.000000
time : 4.312175
