Parameters: GAD=1 vflib=1 dir=0 label=0 lowerbound=1 fileNameGp=../graphsdb/mcs10/rand/r005/mcs10_r005_s25.A91 fileNameGt=../graphsdb/mcs10/rand/r005/mcs10_r005_s25.B91
Reading graphs...
25 :  31
25 :  31
Initializing...
maxdom : 25
D->valSize : 625
Solving...
currentSize : 7 <-- 0.005435 s
currentSize : 9 <-- 0.005460 s
currentSize : 10 <-- 0.005512 s
currentSize : 12 <-- 0.005708 s
currentSize : 13 <-- 0.007587 s
currentSize : 14 <-- 0.045600 s
currentSize : 15 <-- 0.045718 s
currentSize : 16 <-- 0.050858 s
currentSize : 17 <-- 0.155689 s
currentSize : 18 <-- 0.755574 s

maxsize : 18
nodes : 748240.000000
filtered : 9605696.000000
time : 2.625696
