Parameters: GAD=1 vflib=1 dir=0 label=0 lowerbound=1 fileNameGp=../graphsdb/mcs10/rand/r005/mcs10_r005_s35.A88 fileNameGt=../graphsdb/mcs10/rand/r005/mcs10_r005_s35.B88
Reading graphs...
35 :  60
35 :  61
Initializing...
maxdom : 35
D->valSize : 1225
Solving...
currentSize : 11 <-- 0.020460 s
currentSize : 12 <-- 0.020482 s
currentSize : 13 <-- 0.020542 s
currentSize : 16 <-- 0.022492 s
currentSize : 17 <-- 0.022513 s
currentSize : 18 <-- 0.025004 s
currentSize : 19 <-- 0.058350 s
currentSize : 20 <-- 0.502962 s
currentSize : 21 <-- 6.408140 s
currentSize : 22 <-- 6.514997 s
currentSize : 23 <-- 7.024690 s
currentSize : 24 <-- 102.441971 s

maxsize : 24
nodes : 171078018.000000
filtered : 3945805307.000000
time : 927.833191
