Parameters: GAD=1 vflib=1 dir=0 label=0 lowerbound=1 fileNameGp=../graphsdb/mcs10/rand/r005/mcs10_r005_s35.A16 fileNameGt=../graphsdb/mcs10/rand/r005/mcs10_r005_s35.B16
Reading graphs...
35 :  60
35 :  60
Initializing...
maxdom : 35
D->valSize : 1225
Solving...
currentSize : 16 <-- 0.020546 s
currentSize : 17 <-- 0.020765 s
currentSize : 18 <-- 0.021817 s
currentSize : 19 <-- 0.049721 s
currentSize : 20 <-- 0.243446 s
currentSize : 21 <-- 0.879101 s
currentSize : 22 <-- 2.276753 s
currentSize : 23 <-- 2.279010 s
currentSize : 24 <-- 2154.492676 s

maxsize : 24
nodes : 517319286.000000
filtered : 10519809811.000000
time : 2597.335205
