Parameters: GAD=1 vflib=1 dir=0 label=0 lowerbound=1 fileNameGp=../graphsdb/mcs10/rand/r005/mcs10_r005_s35.A64 fileNameGt=../graphsdb/mcs10/rand/r005/mcs10_r005_s35.B64
Reading graphs...
35 :  58
35 :  59
Initializing...
maxdom : 35
D->valSize : 1225
Solving...
currentSize : 13 <-- 0.020607 s
currentSize : 16 <-- 0.020747 s
currentSize : 17 <-- 0.020759 s
currentSize : 18 <-- 0.041194 s
currentSize : 19 <-- 0.100020 s
currentSize : 20 <-- 0.100830 s
currentSize : 21 <-- 0.827405 s
currentSize : 22 <-- 1.551327 s
currentSize : 23 <-- 8.436928 s
currentSize : 24 <-- 55.963036 s
currentSize : 25 <-- 56.453938 s

maxsize : 25
nodes : 52889625.000000
filtered : 1355503523.000000
time : 304.996826
