Parameters: GAD=1 vflib=1 dir=0 label=0 lowerbound=1 fileNameGp=../graphsdb/mcs10/rand/r02/mcs10_r02_s30.A73 fileNameGt=../graphsdb/mcs10/rand/r02/mcs10_r02_s30.B73
Reading graphs...
30 :  154
30 :  155
Initializing...
maxdom : 30
D->valSize : 900
Solving...
currentSize : 10 <-- 0.015787 s
currentSize : 11 <-- 0.015831 s
currentSize : 12 <-- 0.015870 s
currentSize : 13 <-- 0.051271 s
currentSize : 14 <-- 6.545744 s
currentSize : 15 <-- 101.207909 s

maxsize : 15
nodes : 72577861.000000
filtered : 1061025667.000000
time : 308.327637
