Parameters: GAD=1 vflib=1 dir=0 label=0 lowerbound=1 fileNameGp=../graphsdb/mcs10/rand/r005/mcs10_r005_s35.A29 fileNameGt=../graphsdb/mcs10/rand/r005/mcs10_r005_s35.B29
Reading graphs...
35 :  61
35 :  60
Initializing...
maxdom : 35
D->valSize : 1225
Solving...
currentSize : 15 <-- 0.020516 s
currentSize : 16 <-- 0.028182 s
currentSize : 17 <-- 0.030231 s
currentSize : 18 <-- 0.035035 s
currentSize : 19 <-- 0.461013 s
currentSize : 20 <-- 0.586617 s
currentSize : 21 <-- 0.607171 s
currentSize : 22 <-- 0.612408 s
currentSize : 23 <-- 4.732026 s
currentSize : 24 <-- 285.756256 s
currentSize : 25 <-- 504.691162 s

maxsize : 25
nodes : 118274538.000000
filtered : 2500467008.000000
time : 608.817200
