Parameters: GAD=1 vflib=1 dir=0 label=0 lowerbound=1 fileNameGp=../graphsdb/mcs10/rand/r01/mcs10_r01_s35.A70 fileNameGt=../graphsdb/mcs10/rand/r01/mcs10_r01_s35.B70
Reading graphs...
35 :  115
35 :  115
Initializing...
maxdom : 35
D->valSize : 1225
Solving...
currentSize : 13 <-- 0.024105 s
currentSize : 14 <-- 0.024144 s
currentSize : 15 <-- 0.024239 s
currentSize : 16 <-- 0.030916 s
currentSize : 17 <-- 0.034306 s
currentSize : 18 <-- 0.043506 s
currentSize : 19 <-- 3.032683 s
currentSize : 20 <-- 1071.049927 s

TIMEOUT
maxsize : 20
nodes : 698021815.000000
filtered : 15647676318.000000
time : 3600.000000
