Parameters: GAD=1 vflib=1 dir=0 label=0 lowerbound=1 fileNameGp=../graphsdb/mcs10/rand/r01/mcs10_r01_s35.A52 fileNameGt=../graphsdb/mcs10/rand/r01/mcs10_r01_s35.B52
Reading graphs...
35 :  114
35 :  114
Initializing...
maxdom : 35
D->valSize : 1225
Solving...
currentSize : 14 <-- 0.018766 s
currentSize : 15 <-- 0.019698 s
currentSize : 16 <-- 0.019931 s
currentSize : 17 <-- 0.046439 s
currentSize : 18 <-- 0.091159 s
currentSize : 19 <-- 0.950565 s
currentSize : 20 <-- 296.354950 s

maxsize : 20
nodes : 432647925.000000
filtered : 11072302263.000000
time : 2370.325684
