Parameters: GAD=1 vflib=1 dir=0 label=0 lowerbound=1 fileNameGp=../graphsdb/mcs10/rand/r01/mcs10_r01_s25.A47 fileNameGt=../graphsdb/mcs10/rand/r01/mcs10_r01_s25.B47
Reading graphs...
25 :  60
25 :  59
Initializing...
maxdom : 25
D->valSize : 625
Solving...
currentSize : 10 <-- 0.004972 s
currentSize : 11 <-- 0.005101 s
currentSize : 12 <-- 0.005829 s
currentSize : 13 <-- 0.009140 s
currentSize : 14 <-- 0.039623 s
currentSize : 15 <-- 0.137867 s
currentSize : 16 <-- 5.375463 s

maxsize : 16
nodes : 3372408.000000
filtered : 55333479.000000
time : 13.257887
