Parameters: GAD=1 vflib=1 dir=0 label=0 lowerbound=1 fileNameGp=../graphsdb/mcs10/rand/r005/mcs10_r005_s25.A89 fileNameGt=../graphsdb/mcs10/rand/r005/mcs10_r005_s25.B89
Reading graphs...
25 :  31
25 :  30
Initializing...
maxdom : 25
D->valSize : 625
Solving...
currentSize : 12 <-- 0.005434 s
currentSize : 14 <-- 0.006805 s
currentSize : 15 <-- 0.007075 s
currentSize : 16 <-- 0.007605 s
currentSize : 17 <-- 0.082854 s
currentSize : 19 <-- 0.231887 s

maxsize : 19
nodes : 260387.000000
filtered : 3359719.000000
time : 0.913506
