Parameters: GAD=1 vflib=1 dir=0 label=0 lowerbound=1 fileNameGp=../graphsdb/mcs10/rand/r01/mcs10_r01_s20.A87 fileNameGt=../graphsdb/mcs10/rand/r01/mcs10_r01_s20.B87
Reading graphs...
20 :  39
20 :  39
Initializing...
maxdom : 20
D->valSize : 400
Solving...
currentSize : 9 <-- 0.002279 s
currentSize : 10 <-- 0.002424 s
currentSize : 11 <-- 0.002623 s
currentSize : 12 <-- 0.002959 s
currentSize : 13 <-- 0.005229 s
currentSize : 14 <-- 0.050665 s

maxsize : 14
nodes : 54503.000000
filtered : 988613.000000
time : 0.205426
