Parameters: GAD=1 vflib=1 dir=0 label=0 lowerbound=1 fileNameGp=../graphsdb/mcs10/rand/r005/mcs10_r005_s35.A41 fileNameGt=../graphsdb/mcs10/rand/r005/mcs10_r005_s35.B41
Reading graphs...
35 :  61
35 :  61
Initializing...
maxdom : 35
D->valSize : 1225
Solving...
currentSize : 12 <-- 0.020416 s
currentSize : 13 <-- 0.020436 s
currentSize : 14 <-- 0.020965 s
currentSize : 15 <-- 0.022159 s
currentSize : 16 <-- 0.022209 s
currentSize : 17 <-- 0.029669 s
currentSize : 18 <-- 0.157625 s
currentSize : 19 <-- 0.436068 s
currentSize : 20 <-- 1.186638 s
currentSize : 21 <-- 1.456898 s
currentSize : 22 <-- 6.207018 s
currentSize : 23 <-- 16.603834 s
currentSize : 24 <-- 192.208557 s
currentSize : 25 <-- 298.020386 s

maxsize : 25
nodes : 88623971.000000
filtered : 2067164584.000000
time : 480.455048
