Parameters: GAD=1 vflib=1 dir=0 label=0 lowerbound=1 fileNameGp=../graphsdb/mcs10/rand/r02/mcs10_r02_s30.A29 fileNameGt=../graphsdb/mcs10/rand/r02/mcs10_r02_s30.B29
Reading graphs...
30 :  158
30 :  158
Initializing...
maxdom : 30
D->valSize : 900
Solving...
currentSize : 9 <-- 0.009152 s
currentSize : 10 <-- 0.009213 s
currentSize : 11 <-- 0.009635 s
currentSize : 12 <-- 0.012285 s
currentSize : 13 <-- 0.087647 s
currentSize : 14 <-- 1.745625 s
currentSize : 15 <-- 76.822601 s

maxsize : 15
nodes : 72537700.000000
filtered : 984266426.000000
time : 300.635345
