Parameters: GAD=1 vflib=1 dir=0 label=0 lowerbound=1 fileNameGp=../graphsdb/mcs10/rand/r01/mcs10_r01_s25.A78 fileNameGt=../graphsdb/mcs10/rand/r01/mcs10_r01_s25.B78
Reading graphs...
25 :  57
25 :  60
Initializing...
maxdom : 25
D->valSize : 625
Solving...
currentSize : 10 <-- 0.005000 s
currentSize : 11 <-- 0.005040 s
currentSize : 13 <-- 0.005097 s
currentSize : 14 <-- 0.024043 s
currentSize : 15 <-- 0.064135 s
currentSize : 16 <-- 1.143214 s
currentSize : 17 <-- 7.543799 s

maxsize : 17
nodes : 2200680.000000
filtered : 40233286.000000
time : 9.406629
