Parameters: GAD=1 vflib=1 dir=0 label=0 lowerbound=1 fileNameGp=../graphsdb/mcs10/rand/r02/mcs10_r02_s30.A39 fileNameGt=../graphsdb/mcs10/rand/r02/mcs10_r02_s30.B39
Reading graphs...
30 :  165
30 :  162
Initializing...
maxdom : 30
D->valSize : 900
Solving...
currentSize : 9 <-- 0.009220 s
currentSize : 10 <-- 0.009244 s
currentSize : 11 <-- 0.009268 s
currentSize : 12 <-- 0.010643 s
currentSize : 13 <-- 0.047794 s
currentSize : 14 <-- 12.960679 s

maxsize : 14
nodes : 119016514.000000
filtered : 1454707862.000000
time : 476.926025
