Parameters: GAD=1 vflib=1 dir=0 label=0 lowerbound=1 fileNameGp=../graphsdb/mcs10/rand/r005/mcs10_r005_s30.A22 fileNameGt=../graphsdb/mcs10/rand/r005/mcs10_r005_s30.B22
Reading graphs...
30 :  44
30 :  42
Initializing...
maxdom : 30
D->valSize : 900
Solving...
currentSize : 12 <-- 0.010823 s
currentSize : 14 <-- 0.020082 s
currentSize : 16 <-- 0.039246 s
currentSize : 17 <-- 0.060934 s
currentSize : 18 <-- 0.150393 s
currentSize : 19 <-- 0.894776 s
currentSize : 20 <-- 24.807379 s
currentSize : 21 <-- 24.807453 s

maxsize : 21
nodes : 20004668.000000
filtered : 303793722.000000
time : 82.298279
