Parameters: GAD=1 vflib=1 dir=0 label=0 lowerbound=1 fileNameGp=../graphsdb/mcs10/rand/r02/mcs10_r02_s30.A18 fileNameGt=../graphsdb/mcs10/rand/r02/mcs10_r02_s30.B18
Reading graphs...
30 :  154
30 :  163
Initializing...
maxdom : 30
D->valSize : 900
Solving...
currentSize : 9 <-- 0.013868 s
currentSize : 10 <-- 0.014212 s
currentSize : 11 <-- 0.014229 s
currentSize : 12 <-- 0.015202 s
currentSize : 13 <-- 0.466697 s
currentSize : 14 <-- 17.602629 s

maxsize : 14
nodes : 119410438.000000
filtered : 1473243168.000000
time : 481.927887
