Parameters: GAD=1 vflib=1 dir=0 label=0 lowerbound=1 fileNameGp=../graphsdb/mcs10/rand/r005/mcs10_r005_s30.A65 fileNameGt=../graphsdb/mcs10/rand/r005/mcs10_r005_s30.B65
Reading graphs...
30 :  44
30 :  44
Initializing...
maxdom : 30
D->valSize : 900
Solving...
currentSize : 2 <-- 0.010903 s
currentSize : 9 <-- 0.010978 s
currentSize : 11 <-- 0.010999 s
currentSize : 13 <-- 0.011031 s
currentSize : 14 <-- 0.014681 s
currentSize : 15 <-- 0.019581 s
currentSize : 16 <-- 0.023724 s
currentSize : 17 <-- 0.027104 s
currentSize : 18 <-- 0.183081 s
currentSize : 19 <-- 0.777093 s
currentSize : 20 <-- 0.868954 s
currentSize : 21 <-- 12.166726 s

maxsize : 21
nodes : 10034840.000000
filtered : 154754169.000000
time : 41.288017
