Parameters: GAD=1 vflib=1 dir=0 label=0 lowerbound=1 fileNameGp=../graphsdb/mcs10/rand/r02/mcs10_r02_s30.A37 fileNameGt=../graphsdb/mcs10/rand/r02/mcs10_r02_s30.B37
Reading graphs...
30 :  157
30 :  155
Initializing...
maxdom : 30
D->valSize : 900
Solving...
currentSize : 8 <-- 0.015895 s
currentSize : 9 <-- 0.015942 s
currentSize : 10 <-- 0.016222 s
currentSize : 11 <-- 0.016296 s
currentSize : 12 <-- 0.024944 s
currentSize : 13 <-- 0.094850 s
currentSize : 14 <-- 26.965668 s
currentSize : 15 <-- 111.623039 s

maxsize : 15
nodes : 70636635.000000
filtered : 969175786.000000
time : 293.309082
