Parameters: GAD=1 vflib=1 dir=0 label=0 lowerbound=1 fileNameGp=../graphsdb/mcs10/rand/r02/mcs10_r02_s30.A65 fileNameGt=../graphsdb/mcs10/rand/r02/mcs10_r02_s30.B65
Reading graphs...
30 :  157
30 :  156
Initializing...
maxdom : 30
D->valSize : 900
Solving...
currentSize : 9 <-- 0.009435 s
currentSize : 10 <-- 0.009505 s
currentSize : 11 <-- 0.009552 s
currentSize : 12 <-- 0.010304 s
currentSize : 13 <-- 0.400537 s
currentSize : 14 <-- 7.495779 s

maxsize : 14
nodes : 126497946.000000
filtered : 1582823298.000000
time : 505.318268
