Parameters: GAD=1 vflib=1 dir=0 label=0 lowerbound=1 fileNameGp=../graphsdb/mcs10/rand/r005/mcs10_r005_s25.A36 fileNameGt=../graphsdb/mcs10/rand/r005/mcs10_r005_s25.B36
Reading graphs...
25 :  30
25 :  30
Initializing...
maxdom : 25
D->valSize : 625
Solving...
currentSize : 11 <-- 0.005477 s
currentSize : 13 <-- 0.006852 s
currentSize : 14 <-- 0.006982 s
currentSize : 15 <-- 0.034849 s
currentSize : 16 <-- 0.264235 s
currentSize : 17 <-- 0.264266 s
currentSize : 18 <-- 1.239345 s
currentSize : 19 <-- 2.102431 s

maxsize : 19
nodes : 807421.000000
filtered : 8586962.000000
time : 2.566765
