Parameters: GAD=1 vflib=1 dir=0 label=0 lowerbound=1 fileNameGp=../graphsdb/mcs10/rand/r005/mcs10_r005_s35.A56 fileNameGt=../graphsdb/mcs10/rand/r005/mcs10_r005_s35.B56
Reading graphs...
35 :  60
35 :  60
Initializing...
maxdom : 35
D->valSize : 1225
Solving...
currentSize : 12 <-- 0.020386 s
currentSize : 14 <-- 0.020408 s
currentSize : 15 <-- 0.031880 s
currentSize : 16 <-- 0.042419 s
currentSize : 18 <-- 0.125060 s
currentSize : 19 <-- 0.156774 s
currentSize : 20 <-- 6.478277 s
currentSize : 21 <-- 18.702316 s
currentSize : 22 <-- 19.001907 s
currentSize : 23 <-- 154.114868 s
currentSize : 24 <-- 644.063782 s

maxsize : 24
nodes : 288403643.000000
filtered : 6088916155.000000
time : 1470.597900
