Parameters: GAD=1 vflib=1 dir=0 label=0 lowerbound=1 fileNameGp=../graphsdb/mcs10/rand/r01/mcs10_r01_s20.A62 fileNameGt=../graphsdb/mcs10/rand/r01/mcs10_r01_s20.B62
Reading graphs...
20 :  38
20 :  38
Initializing...
maxdom : 20
D->valSize : 400
Solving...
currentSize : 9 <-- 0.002161 s
currentSize : 10 <-- 0.002186 s
currentSize : 11 <-- 0.002213 s
currentSize : 12 <-- 0.003382 s
currentSize : 13 <-- 0.007393 s
currentSize : 14 <-- 0.165501 s

maxsize : 14
nodes : 106823.000000
filtered : 1542547.000000
time : 0.364017
