Parameters: GAD=1 vflib=1 dir=0 label=0 lowerbound=1 fileNameGp=../graphsdb/mcs10/rand/r01/mcs10_r01_s30.A40 fileNameGt=../graphsdb/mcs10/rand/r01/mcs10_r01_s30.B40
Reading graphs...
30 :  81
30 :  86
Initializing...
maxdom : 30
D->valSize : 900
Solving...
currentSize : 12 <-- 0.010141 s
currentSize : 14 <-- 0.010159 s
currentSize : 15 <-- 0.010166 s
currentSize : 16 <-- 0.010220 s
currentSize : 17 <-- 0.570273 s
currentSize : 18 <-- 9.143478 s

maxsize : 18
nodes : 46397493.000000
filtered : 1008175261.000000
time : 222.839066
