Parameters: GAD=1 vflib=1 dir=0 label=0 lowerbound=1 fileNameGp=../graphsdb/mcs10/rand/r01/mcs10_r01_s30.A32 fileNameGt=../graphsdb/mcs10/rand/r01/mcs10_r01_s30.B32
Reading graphs...
30 :  86
30 :  86
Initializing...
maxdom : 30
D->valSize : 900
Solving...
currentSize : 12 <-- 0.010070 s
currentSize : 13 <-- 0.010219 s
currentSize : 14 <-- 0.010983 s
currentSize : 15 <-- 0.012919 s
currentSize : 16 <-- 0.037669 s
currentSize : 17 <-- 2.588121 s
currentSize : 18 <-- 5.449002 s

maxsize : 18
nodes : 39010270.000000
filtered : 821127612.000000
time : 186.131317
