Parameters: GAD=1 vflib=1 dir=0 label=0 lowerbound=1 fileNameGp=../graphsdb/mcs10/rand/r01/mcs10_r01_s25.A64 fileNameGt=../graphsdb/mcs10/rand/r01/mcs10_r01_s25.B64
Reading graphs...
25 :  60
25 :  58
Initializing...
maxdom : 25
D->valSize : 625
Solving...
currentSize : 11 <-- 0.005012 s
currentSize : 12 <-- 0.005123 s
currentSize : 13 <-- 0.005888 s
currentSize : 14 <-- 0.007117 s
currentSize : 15 <-- 0.085754 s
currentSize : 16 <-- 0.751634 s

maxsize : 16
nodes : 2425060.000000
filtered : 46130987.000000
time : 10.226712
