Parameters: GAD=1 vflib=1 dir=0 label=0 lowerbound=1 fileNameGp=../graphsdb/mcs10/rand/r02/mcs10_r02_s30.A44 fileNameGt=../graphsdb/mcs10/rand/r02/mcs10_r02_s30.B44
Reading graphs...
30 :  162
30 :  161
Initializing...
maxdom : 30
D->valSize : 900
Solving...
currentSize : 9 <-- 0.009530 s
currentSize : 10 <-- 0.009557 s
currentSize : 11 <-- 0.009601 s
currentSize : 12 <-- 0.011770 s
currentSize : 13 <-- 0.051114 s
currentSize : 14 <-- 0.818582 s

maxsize : 14
nodes : 107279874.000000
filtered : 1368107101.000000
time : 438.500916
