Parameters: GAD=1 vflib=1 dir=0 label=0 lowerbound=1 fileNameGp=../graphsdb/mcs10/rand/r005/mcs10_r005_s35.A37 fileNameGt=../graphsdb/mcs10/rand/r005/mcs10_r005_s35.B37
Reading graphs...
35 :  60
35 :  59
Initializing...
maxdom : 35
D->valSize : 1225
Solving...
currentSize : 15 <-- 0.020542 s
currentSize : 16 <-- 0.020564 s
currentSize : 17 <-- 0.020654 s
currentSize : 18 <-- 0.021910 s
currentSize : 19 <-- 0.022177 s
currentSize : 20 <-- 0.635912 s
currentSize : 21 <-- 1.279836 s
currentSize : 22 <-- 19.286449 s
currentSize : 23 <-- 48.426201 s
currentSize : 24 <-- 48.464657 s
currentSize : 25 <-- 730.887878 s

maxsize : 25
nodes : 177236512.000000
filtered : 4305738012.000000
time : 961.962830
