Parameters: GAD=1 vflib=1 dir=0 label=0 lowerbound=1 fileNameGp=../graphsdb/mcs10/rand/r01/mcs10_r01_s35.A71 fileNameGt=../graphsdb/mcs10/rand/r01/mcs10_r01_s35.B71
Reading graphs...
35 :  116
35 :  117
Initializing...
maxdom : 35
D->valSize : 1225
Solving...
currentSize : 14 <-- 0.032584 s
currentSize : 15 <-- 0.032817 s
currentSize : 16 <-- 0.047735 s
currentSize : 17 <-- 0.070741 s
currentSize : 18 <-- 3.341156 s
currentSize : 19 <-- 61.341751 s
currentSize : 20 <-- 1156.093628 s

TIMEOUT
maxsize : 20
nodes : 684245702.000000
filtered : 16008546467.000000
time : 3600.000000
