Parameters: GAD=1 vflib=1 dir=0 label=0 lowerbound=1 fileNameGp=../graphsdb/mcs10/rand/r02/mcs10_r02_s20.A53 fileNameGt=../graphsdb/mcs10/rand/r02/mcs10_r02_s20.B53
Reading graphs...
20 :  68
20 :  69
Initializing...
maxdom : 20
D->valSize : 400
Solving...
currentSize : 6 <-- 0.002047 s
currentSize : 7 <-- 0.002061 s
currentSize : 8 <-- 0.002082 s
currentSize : 9 <-- 0.002171 s
currentSize : 10 <-- 0.002274 s
currentSize : 11 <-- 0.008199 s
currentSize : 12 <-- 0.173471 s

maxsize : 12
nodes : 274211.000000
filtered : 3450680.000000
time : 0.916401
