Parameters: GAD=1 vflib=1 dir=0 label=0 lowerbound=1 fileNameGp=../graphsdb/mcs10/rand/r01/mcs10_r01_s30.A82 fileNameGt=../graphsdb/mcs10/rand/r01/mcs10_r01_s30.B82
Reading graphs...
30 :  82
30 :  85
Initializing...
maxdom : 30
D->valSize : 900
Solving...
currentSize : 10 <-- 0.010360 s
currentSize : 11 <-- 0.010382 s
currentSize : 12 <-- 0.010429 s
currentSize : 13 <-- 0.010767 s
currentSize : 14 <-- 0.010814 s
currentSize : 15 <-- 0.028978 s
currentSize : 16 <-- 0.240788 s
currentSize : 17 <-- 0.975379 s
currentSize : 18 <-- 20.973633 s

maxsize : 18
nodes : 42910661.000000
filtered : 863829787.000000
time : 198.954865
