Parameters: GAD=1 vflib=1 dir=0 label=0 lowerbound=1 fileNameGp=../graphsdb/mcs10/rand/r01/mcs10_r01_s20.A38 fileNameGt=../graphsdb/mcs10/rand/r01/mcs10_r01_s20.B38
Reading graphs...
20 :  39
20 :  37
Initializing...
maxdom : 20
D->valSize : 400
Solving...
currentSize : 9 <-- 0.002223 s
currentSize : 10 <-- 0.002252 s
currentSize : 11 <-- 0.005070 s
currentSize : 12 <-- 0.007497 s
currentSize : 13 <-- 0.008366 s
currentSize : 14 <-- 0.013822 s

maxsize : 14
nodes : 53042.000000
filtered : 936670.000000
time : 0.197434
