Parameters: GAD=1 vflib=1 dir=0 label=0 lowerbound=1 fileNameGp=../graphsdb/mcs10/rand/r005/mcs10_r005_s35.A05 fileNameGt=../graphsdb/mcs10/rand/r005/mcs10_r005_s35.B05
Reading graphs...
35 :  61
35 :  59
Initializing...
maxdom : 35
D->valSize : 1225
Solving...
currentSize : 13 <-- 0.020726 s
currentSize : 14 <-- 0.020983 s
currentSize : 15 <-- 0.022616 s
currentSize : 16 <-- 0.059304 s
currentSize : 17 <-- 0.208022 s
currentSize : 18 <-- 0.734583 s
currentSize : 19 <-- 1.676346 s
currentSize : 20 <-- 12.364774 s
currentSize : 21 <-- 20.220779 s
currentSize : 22 <-- 107.118408 s
currentSize : 23 <-- 124.917953 s
currentSize : 24 <-- 162.604294 s

maxsize : 24
nodes : 232297110.000000
filtered : 4782979457.000000
time : 1168.952759
