Parameters: GAD=1 vflib=1 dir=0 label=0 lowerbound=1 fileNameGp=../graphsdb/mcs10/rand/r02/mcs10_r02_s30.A57 fileNameGt=../graphsdb/mcs10/rand/r02/mcs10_r02_s30.B57
Reading graphs...
30 :  163
30 :  160
Initializing...
maxdom : 30
D->valSize : 900
Solving...
currentSize : 9 <-- 0.009257 s
currentSize : 10 <-- 0.009281 s
currentSize : 11 <-- 0.009497 s
currentSize : 12 <-- 0.009535 s
currentSize : 13 <-- 0.063554 s
currentSize : 14 <-- 2.385992 s

maxsize : 14
nodes : 103209234.000000
filtered : 1331825314.000000
time : 419.372681
