Parameters: GAD=1 vflib=1 dir=0 label=0 lowerbound=1 fileNameGp=../graphsdb/mcs10/rand/r01/mcs10_r01_s35.A92 fileNameGt=../graphsdb/mcs10/rand/r01/mcs10_r01_s35.B92
Reading graphs...
35 :  118
35 :  112
Initializing...
maxdom : 35
D->valSize : 1225
Solving...
currentSize : 12 <-- 0.032746 s
currentSize : 13 <-- 0.032782 s
currentSize : 14 <-- 0.033509 s
currentSize : 15 <-- 0.034963 s
currentSize : 16 <-- 0.039600 s
currentSize : 17 <-- 0.129482 s
currentSize : 18 <-- 0.809962 s
currentSize : 19 <-- 16.549202 s
currentSize : 20 <-- 429.166534 s

maxsize : 20
nodes : 615807029.000000
filtered : 15105128999.000000
time : 3301.028076
