Parameters: GAD=1 vflib=1 dir=0 label=0 lowerbound=1 fileNameGp=../graphsdb/mcs30/rand/r01/mcs30_r01_s25.A29 fileNameGt=../graphsdb/mcs30/rand/r01/mcs30_r01_s25.B29
Reading graphs...
25 :  60
25 :  61
Initializing...
maxdom : 25
D->valSize : 625
Solving...
currentSize : 11 <-- 0.005008 s
currentSize : 12 <-- 0.005332 s
currentSize : 13 <-- 0.005537 s
currentSize : 14 <-- 0.005957 s
currentSize : 15 <-- 0.011194 s
currentSize : 16 <-- 0.374560 s

maxsize : 16
nodes : 1907263.000000
filtered : 37197628.000000
time : 8.290710
