Parameters: GAD=1 vflib=1 dir=0 label=0 lowerbound=1 fileNameGp=../graphsdb/mcs30/bvg/b06/mcs30_b06_s30.A11 fileNameGt=../graphsdb/mcs30/bvg/b06/mcs30_b06_s30.B11
Reading graphs...
30 :  89
30 :  86
Initializing...
maxdom : 30
D->valSize : 900
Solving...
currentSize : 12 <-- 0.009972 s
currentSize : 14 <-- 0.010824 s
currentSize : 15 <-- 0.012082 s
currentSize : 16 <-- 0.015270 s
currentSize : 17 <-- 0.028700 s
currentSize : 18 <-- 0.109197 s

maxsize : 18
nodes : 18525019.000000
filtered : 445728690.000000
time : 91.977264
