Parameters: GAD=1 vflib=1 dir=0 label=0 lowerbound=1 fileNameGp=../graphsdb/mcs30/m3D/m3D/mcs30_m3D_s25.A18 fileNameGt=../graphsdb/mcs30/m3D/m3D/mcs30_m3D_s25.B18
Reading graphs...
25 :  48
25 :  48
Initializing...
maxdom : 25
D->valSize : 625
Solving...
currentSize : 12 <-- 0.009973 s
currentSize : 13 <-- 0.010008 s
currentSize : 14 <-- 0.010027 s
currentSize : 15 <-- 0.010826 s
currentSize : 16 <-- 0.019815 s
currentSize : 17 <-- 5.561860 s

maxsize : 17
nodes : 3105310.000000
filtered : 51788598.000000
time : 12.833753
