Parameters: GAD=1 vflib=1 dir=0 label=0 lowerbound=1 fileNameGp=../graphsdb/mcs30/rand/r02/mcs30_r02_s35.A27 fileNameGt=../graphsdb/mcs30/rand/r02/mcs30_r02_s35.B27
Reading graphs...
35 :  213
35 :  215
Initializing...
maxdom : 35
D->valSize : 1225
Solving...
currentSize : 10 <-- 0.029557 s
currentSize : 11 <-- 0.029694 s
currentSize : 12 <-- 0.030031 s
currentSize : 13 <-- 0.064144 s
currentSize : 14 <-- 0.091081 s
currentSize : 15 <-- 49.045982 s
currentSize : 16 <-- 1304.329712 s

TIMEOUT
maxsize : 16
nodes : 792862944.000000
filtered : 10681035829.000000
time : 3600.000000
