Parameters: GAD=1 vflib=1 dir=0 label=0 lowerbound=1 fileNameGp=../graphsdb/mcs30/bvg/b03m/mcs30_b03m_s25.A43 fileNameGt=../graphsdb/mcs30/bvg/b03m/mcs30_b03m_s25.B43
Reading graphs...
25 :  36
25 :  37
Initializing...
maxdom : 25
D->valSize : 625
Solving...
currentSize : 10 <-- 0.005365 s
currentSize : 14 <-- 0.005389 s
currentSize : 15 <-- 0.008863 s
currentSize : 16 <-- 0.120541 s
currentSize : 17 <-- 0.122932 s
currentSize : 18 <-- 0.886343 s

maxsize : 18
nodes : 716114.000000
filtered : 11934440.000000
time : 2.825052
