Parameters: GAD=1 vflib=1 dir=0 label=0 lowerbound=1 fileNameGp=../graphsdb/mcs30/bvg/b03/mcs30_b03_s30.A62 fileNameGt=../graphsdb/mcs30/bvg/b03/mcs30_b03_s30.B62
Reading graphs...
30 :  45
30 :  44
Initializing...
maxdom : 30
D->valSize : 900
Solving...
currentSize : 14 <-- 0.011450 s
currentSize : 15 <-- 0.012732 s
currentSize : 16 <-- 0.012874 s
currentSize : 17 <-- 0.038021 s
currentSize : 18 <-- 0.038062 s
currentSize : 19 <-- 0.271573 s
currentSize : 20 <-- 5.858379 s
currentSize : 21 <-- 11.006673 s
currentSize : 22 <-- 23.662321 s

maxsize : 22
nodes : 9391098.000000
filtered : 161674753.000000
time : 42.258995
