Parameters: GAD=1 vflib=1 dir=0 label=0 lowerbound=1 fileNameGp=../graphsdb/mcs30/bvg/b06m/mcs30_b06m_s35.A51 fileNameGt=../graphsdb/mcs30/bvg/b06m/mcs30_b06m_s35.B51
Reading graphs...
35 :  101
35 :  101
Initializing...
maxdom : 35
D->valSize : 1225
Solving...
currentSize : 16 <-- 0.024720 s
currentSize : 17 <-- 0.026969 s
currentSize : 18 <-- 0.035306 s
currentSize : 19 <-- 0.183202 s
currentSize : 20 <-- 0.326895 s
currentSize : 21 <-- 33.313843 s

maxsize : 21
nodes : 291768785.000000
filtered : 8320569517.000000
time : 1692.779663
