Parameters: GAD=1 vflib=1 dir=0 label=0 lowerbound=1 fileNameGp=../graphsdb/mcs30/bvg/b06m/mcs30_b06m_s35.A80 fileNameGt=../graphsdb/mcs30/bvg/b06m/mcs30_b06m_s35.B80
Reading graphs...
35 :  100
35 :  98
Initializing...
maxdom : 35
D->valSize : 1225
Solving...
currentSize : 15 <-- 0.019332 s
currentSize : 16 <-- 0.020850 s
currentSize : 17 <-- 0.046038 s
currentSize : 18 <-- 0.074074 s
currentSize : 19 <-- 0.504201 s
currentSize : 20 <-- 23.286451 s
currentSize : 21 <-- 51.810593 s

maxsize : 21
nodes : 388165969.000000
filtered : 10136176106.000000
time : 2150.114258
