Parameters: GAD=1 vflib=1 dir=0 label=0 lowerbound=1 fileNameGp=../graphsdb/mcs30/rand/r005/mcs30_r005_s25.A31 fileNameGt=../graphsdb/mcs30/rand/r005/mcs30_r005_s25.B31
Reading graphs...
25 :  33
25 :  34
Initializing...
maxdom : 25
D->valSize : 625
Solving...
currentSize : 10 <-- 0.005297 s
currentSize : 11 <-- 0.005317 s
currentSize : 12 <-- 0.005328 s
currentSize : 13 <-- 0.005470 s
currentSize : 14 <-- 0.005520 s
currentSize : 15 <-- 0.013545 s
currentSize : 16 <-- 0.018025 s
currentSize : 17 <-- 0.019948 s
currentSize : 18 <-- 0.163544 s
currentSize : 19 <-- 0.650491 s

maxsize : 19
nodes : 367555.000000
filtered : 5612470.000000
time : 1.380768
