Parameters: GAD=1 vflib=1 dir=0 label=0 lowerbound=1 fileNameGp=../graphsdb/mcs30/m3D/m3D/mcs30_m3D_s30.A22 fileNameGt=../graphsdb/mcs30/m3D/m3D/mcs30_m3D_s30.B22
Reading graphs...
30 :  60
30 :  60
Initializing...
maxdom : 30
D->valSize : 900
Solving...
currentSize : 13 <-- 0.010845 s
currentSize : 14 <-- 0.010865 s
currentSize : 15 <-- 0.011916 s
currentSize : 16 <-- 0.012477 s
currentSize : 17 <-- 0.020831 s
currentSize : 18 <-- 0.021362 s
currentSize : 19 <-- 0.602291 s
currentSize : 20 <-- 3.243046 s
currentSize : 21 <-- 22.884876 s

maxsize : 21
nodes : 8374947.000000
filtered : 198243431.000000
time : 42.335880
