Parameters: GAD=1 vflib=1 dir=0 label=0 lowerbound=1 fileNameGp=../graphsdb/mcs30/bvg/b03m/mcs30_b03m_s15.A11 fileNameGt=../graphsdb/mcs30/bvg/b03m/mcs30_b03m_s15.B11
Reading graphs...
15 :  21
15 :  20
Initializing...
maxdom : 15
D->valSize : 225
Solving...
currentSize : 4 <-- 0.000923 s
currentSize : 7 <-- 0.000942 s
currentSize : 8 <-- 0.001009 s
currentSize : 9 <-- 0.001378 s
currentSize : 10 <-- 0.004332 s
currentSize : 12 <-- 0.005796 s

maxsize : 12
nodes : 3064.000000
filtered : 29001.000000
time : 0.008303
