Parameters: GAD=1 vflib=1 dir=0 label=0 lowerbound=1 fileNameGp=../graphsdb/mcs30/bvg/b09/mcs30_b09_s35.A36 fileNameGt=../graphsdb/mcs30/bvg/b09/mcs30_b09_s35.B36
Reading graphs...
35 :  154
35 :  148
Initializing...
maxdom : 35
D->valSize : 1225
Solving...
currentSize : 13 <-- 0.018325 s
currentSize : 15 <-- 0.018368 s
currentSize : 16 <-- 0.018615 s
currentSize : 17 <-- 0.040964 s
currentSize : 18 <-- 0.064148 s
currentSize : 19 <-- 0.424930 s
currentSize : 20 <-- 159.066055 s

maxsize : 20
nodes : 107840404.000000
filtered : 2860014203.000000
time : 592.626770
