Parameters: GAD=1 vflib=1 dir=0 label=0 lowerbound=1 fileNameGp=../graphsdb/mcs30/bvg/b03m/mcs30_b03m_s30.A31 fileNameGt=../graphsdb/mcs30/bvg/b03m/mcs30_b03m_s30.B31
Reading graphs...
30 :  44
30 :  45
Initializing...
maxdom : 30
D->valSize : 900
Solving...
currentSize : 13 <-- 0.019206 s
currentSize : 14 <-- 0.019838 s
currentSize : 15 <-- 0.019926 s
currentSize : 17 <-- 0.055302 s
currentSize : 18 <-- 5.182125 s
currentSize : 19 <-- 5.182480 s
currentSize : 20 <-- 13.290351 s
currentSize : 21 <-- 124.228386 s

maxsize : 21
nodes : 37947128.000000
filtered : 509866242.000000
time : 148.577362
