Parameters: GAD=1 vflib=1 dir=0 label=0 lowerbound=1 fileNameGp=../graphsdb/mcs30/bvg/b03/mcs30_b03_s35.A53 fileNameGt=../graphsdb/mcs30/bvg/b03/mcs30_b03_s35.B53
Reading graphs...
35 :  52
35 :  52
Initializing...
maxdom : 35
D->valSize : 1225
Solving...
currentSize : 18 <-- 0.036347 s
currentSize : 19 <-- 0.039863 s
currentSize : 20 <-- 0.172460 s
currentSize : 21 <-- 0.317874 s
currentSize : 22 <-- 0.384547 s
currentSize : 23 <-- 0.386091 s
currentSize : 24 <-- 1.269805 s
currentSize : 25 <-- 27.388985 s
currentSize : 26 <-- 47.480370 s

maxsize : 26
nodes : 29272970.000000
filtered : 702010679.000000
time : 165.916626
