Parameters: GAD=1 vflib=1 dir=0 label=0 lowerbound=1 fileNameGp=../graphsdb/mcs30/rand/r02/mcs30_r02_s25.A11 fileNameGt=../graphsdb/mcs30/rand/r02/mcs30_r02_s25.B11
Reading graphs...
25 :  112
25 :  106
Initializing...
maxdom : 25
D->valSize : 625
Solving...
currentSize : 8 <-- 0.007685 s
currentSize : 9 <-- 0.007707 s
currentSize : 10 <-- 0.007739 s
currentSize : 11 <-- 0.008567 s
currentSize : 12 <-- 0.010028 s
currentSize : 13 <-- 0.778831 s

maxsize : 13
nodes : 5640877.000000
filtered : 76035821.000000
time : 21.318380
