Parameters: GAD=1 vflib=1 dir=0 label=0 lowerbound=1 fileNameGp=../graphsdb/mcs30/bvg/b03/mcs30_b03_s35.A21 fileNameGt=../graphsdb/mcs30/bvg/b03/mcs30_b03_s35.B21
Reading graphs...
35 :  52
35 :  52
Initializing...
maxdom : 35
D->valSize : 1225
Solving...
currentSize : 19 <-- 0.021550 s
currentSize : 20 <-- 1.668300 s
currentSize : 21 <-- 1.678682 s
currentSize : 22 <-- 5.287987 s
currentSize : 23 <-- 72.964447 s
currentSize : 24 <-- 110.936012 s
currentSize : 25 <-- 1166.897827 s

maxsize : 25
nodes : 272139543.000000
filtered : 4297703967.000000
time : 1236.192017
