Parameters: GAD=1 vflib=1 dir=0 label=0 lowerbound=1 fileNameGp=../graphsdb/mcs30/bvg/b03m/mcs30_b03m_s30.A66 fileNameGt=../graphsdb/mcs30/bvg/b03m/mcs30_b03m_s30.B66
Reading graphs...
30 :  45
30 :  44
Initializing...
maxdom : 30
D->valSize : 900
Solving...
currentSize : 7 <-- 0.011022 s
currentSize : 12 <-- 0.011114 s
currentSize : 13 <-- 0.011200 s
currentSize : 14 <-- 0.013299 s
currentSize : 16 <-- 0.013533 s
currentSize : 17 <-- 0.013867 s
currentSize : 18 <-- 0.043742 s
currentSize : 19 <-- 0.046283 s
currentSize : 20 <-- 11.726051 s
currentSize : 21 <-- 28.960775 s
currentSize : 22 <-- 39.531128 s

maxsize : 22
nodes : 11731673.000000
filtered : 156930337.000000
time : 46.194031
