Parameters: GAD=1 vflib=1 dir=0 label=0 lowerbound=1 fileNameGp=../graphsdb/mcs30/bvg/b09/mcs30_b09_s35.A06 fileNameGt=../graphsdb/mcs30/bvg/b09/mcs30_b09_s35.B06
Reading graphs...
35 :  149
35 :  152
Initializing...
maxdom : 35
D->valSize : 1225
Solving...
currentSize : 10 <-- 0.031272 s
currentSize : 11 <-- 0.031302 s
currentSize : 12 <-- 0.031444 s
currentSize : 13 <-- 0.031548 s
currentSize : 14 <-- 0.032088 s
currentSize : 15 <-- 0.052252 s
currentSize : 16 <-- 0.179582 s
currentSize : 17 <-- 0.182862 s
currentSize : 18 <-- 3.365678 s
currentSize : 19 <-- 10.168679 s

maxsize : 19
nodes : 290999836.000000
filtered : 7743446087.000000
time : 1618.860718
