Parameters: GAD=1 vflib=1 dir=0 label=0 lowerbound=1 fileNameGp=../graphsdb/mcs30/bvg/b06/mcs30_b06_s30.A76 fileNameGt=../graphsdb/mcs30/bvg/b06/mcs30_b06_s30.B76
Reading graphs...
30 :  88
30 :  85
Initializing...
maxdom : 30
D->valSize : 900
Solving...
currentSize : 11 <-- 0.017437 s
currentSize : 12 <-- 0.017717 s
currentSize : 13 <-- 0.023516 s
currentSize : 14 <-- 0.024517 s
currentSize : 15 <-- 0.056380 s
currentSize : 16 <-- 0.246519 s
currentSize : 17 <-- 0.418987 s
currentSize : 18 <-- 25.834375 s

maxsize : 18
nodes : 26796988.000000
filtered : 559022166.000000
time : 122.836182
