Parameters: GAD=1 vflib=1 dir=0 label=0 lowerbound=1 fileNameGp=../graphsdb/mcs30/rand/r005/mcs30_r005_s25.A47 fileNameGt=../graphsdb/mcs30/rand/r005/mcs30_r005_s25.B47
Reading graphs...
25 :  34
25 :  32
Initializing...
maxdom : 25
D->valSize : 625
Solving...
currentSize : 8 <-- 0.009241 s
currentSize : 13 <-- 0.009290 s
currentSize : 15 <-- 0.019027 s
currentSize : 16 <-- 0.020391 s
currentSize : 17 <-- 0.026048 s
currentSize : 18 <-- 0.201073 s
currentSize : 19 <-- 1.186331 s

maxsize : 19
nodes : 435887.000000
filtered : 6637510.000000
time : 1.688122
