Parameters: GAD=1 vflib=1 dir=0 label=0 lowerbound=1 fileNameGp=../graphsdb/mcs30/rand/r01/mcs30_r01_s35.A64 fileNameGt=../graphsdb/mcs30/rand/r01/mcs30_r01_s35.B64
Reading graphs...
35 :  115
35 :  113
Initializing...
maxdom : 35
D->valSize : 1225
Solving...
currentSize : 14 <-- 0.018906 s
currentSize : 15 <-- 0.019328 s
currentSize : 16 <-- 0.019784 s
currentSize : 17 <-- 0.030031 s
currentSize : 18 <-- 0.137192 s
currentSize : 19 <-- 1.175716 s
currentSize : 20 <-- 60.670464 s

maxsize : 20
nodes : 550488278.000000
filtered : 12907526996.000000
time : 2883.493652
