Parameters: GAD=1 vflib=1 dir=0 label=0 lowerbound=1 fileNameGp=../graphsdb/mcs30/bvg/b03/mcs30_b03_s30.A55 fileNameGt=../graphsdb/mcs30/bvg/b03/mcs30_b03_s30.B55
Reading graphs...
30 :  44
30 :  44
Initializing...
maxdom : 30
D->valSize : 900
Solving...
currentSize : 12 <-- 0.011221 s
currentSize : 13 <-- 0.011798 s
currentSize : 14 <-- 0.012623 s
currentSize : 15 <-- 0.030609 s
currentSize : 16 <-- 0.106269 s
currentSize : 17 <-- 0.228721 s
currentSize : 18 <-- 0.960092 s
currentSize : 19 <-- 1.725979 s
currentSize : 20 <-- 6.715965 s
currentSize : 21 <-- 48.390282 s

maxsize : 21
nodes : 24920626.000000
filtered : 349740417.000000
time : 99.816849
