Parameters: GAD=1 vflib=1 dir=0 label=0 lowerbound=1 fileNameGp=../graphsdb/mcs30/rand/r005/mcs30_r005_s25.A66 fileNameGt=../graphsdb/mcs30/rand/r005/mcs30_r005_s25.B66
Reading graphs...
25 :  34
25 :  34
Initializing...
maxdom : 25
D->valSize : 625
Solving...
currentSize : 8 <-- 0.009230 s
currentSize : 11 <-- 0.009473 s
currentSize : 12 <-- 0.009527 s
currentSize : 13 <-- 0.009535 s
currentSize : 14 <-- 0.024274 s
currentSize : 15 <-- 0.051100 s
currentSize : 16 <-- 0.968943 s

maxsize : 16
nodes : 3529644.000000
filtered : 32913521.000000
time : 10.846012
