Parameters: GAD=1 vflib=1 dir=0 label=0 lowerbound=1 fileNameGp=../graphsdb/mcs30/m3D/m3Dr6/mcs30_m3Dr6_s25.A35 fileNameGt=../graphsdb/mcs30/m3D/m3Dr6/mcs30_m3Dr6_s25.B35
Reading graphs...
25 :  61
25 :  63
Initializing...
maxdom : 25
D->valSize : 625
Solving...
currentSize : 11 <-- 0.008562 s
currentSize : 12 <-- 0.011602 s
currentSize : 13 <-- 0.012456 s
currentSize : 14 <-- 0.013138 s
currentSize : 15 <-- 0.018478 s
currentSize : 16 <-- 1.008603 s

maxsize : 16
nodes : 1810103.000000
filtered : 35283750.000000
time : 7.773662
