Parameters: GAD=1 vflib=1 dir=0 label=0 lowerbound=1 fileNameGp=../graphsdb/mcs30/bvg/b06/mcs30_b06_s25.A20 fileNameGt=../graphsdb/mcs30/bvg/b06/mcs30_b06_s25.B20
Reading graphs...
25 :  72
25 :  68
Initializing...
maxdom : 25
D->valSize : 625
Solving...
currentSize : 8 <-- 0.008322 s
currentSize : 9 <-- 0.008351 s
currentSize : 10 <-- 0.009008 s
currentSize : 11 <-- 0.010429 s
currentSize : 12 <-- 0.010846 s
currentSize : 13 <-- 0.034286 s
currentSize : 14 <-- 0.055712 s
currentSize : 15 <-- 0.255297 s
currentSize : 16 <-- 2.261153 s

maxsize : 16
nodes : 861041.000000
filtered : 19629992.000000
time : 3.988537
