Parameters: GAD=1 vflib=1 dir=0 label=0 lowerbound=1 fileNameGp=../graphsdb/mcs30/m2D/m2D/mcs30_m2D_s30.A11 fileNameGt=../graphsdb/mcs30/m2D/m2D/mcs30_m2D_s30.B11
Reading graphs...
30 :  49
30 :  48
Initializing...
maxdom : 30
D->valSize : 900
Solving...
currentSize : 15 <-- 0.011132 s
currentSize : 16 <-- 0.011161 s
currentSize : 17 <-- 0.035588 s
currentSize : 18 <-- 1.115342 s
currentSize : 19 <-- 1.355893 s
currentSize : 20 <-- 8.282114 s
currentSize : 21 <-- 29.874693 s

maxsize : 21
nodes : 15079810.000000
filtered : 261892004.000000
time : 63.940678
