Parameters: GAD=1 vflib=1 dir=0 label=0 lowerbound=1 fileNameGp=../graphsdb/mcs30/bvg/b06m/mcs30_b06m_s30.A16 fileNameGt=../graphsdb/mcs30/bvg/b06m/mcs30_b06m_s30.B16
Reading graphs...
30 :  85
30 :  84
Initializing...
maxdom : 30
D->valSize : 900
Solving...
currentSize : 10 <-- 0.010283 s
currentSize : 11 <-- 0.010326 s
currentSize : 12 <-- 0.010360 s
currentSize : 13 <-- 0.010635 s
currentSize : 14 <-- 0.024737 s
currentSize : 15 <-- 0.063680 s
currentSize : 16 <-- 0.089351 s
currentSize : 17 <-- 0.411375 s
currentSize : 18 <-- 16.019955 s

maxsize : 18
nodes : 23489669.000000
filtered : 531525575.000000
time : 113.434250
