Parameters: GAD=1 vflib=1 dir=0 label=0 lowerbound=1 fileNameGp=../graphsdb/mcs30/m3D/m3Dr6/mcs30_m3Dr6_s30.A79 fileNameGt=../graphsdb/mcs30/m3D/m3Dr6/mcs30_m3Dr6_s30.B79
Reading graphs...
30 :  75
30 :  75
Initializing...
maxdom : 30
D->valSize : 900
Solving...
currentSize : 14 <-- 0.018016 s
currentSize : 15 <-- 0.018096 s
currentSize : 16 <-- 0.018845 s
currentSize : 17 <-- 0.142482 s
currentSize : 18 <-- 3.415671 s
currentSize : 19 <-- 48.461800 s

maxsize : 19
nodes : 33016956.000000
filtered : 752108729.000000
time : 160.025391
