Parameters: GAD=1 vflib=1 dir=0 label=0 lowerbound=1 fileNameGp=../graphsdb/mcs30/bvg/b06m/mcs30_b06m_s25.A26 fileNameGt=../graphsdb/mcs30/bvg/b06m/mcs30_b06m_s25.B26
Reading graphs...
25 :  70
25 :  71
Initializing...
maxdom : 25
D->valSize : 625
Solving...
currentSize : 9 <-- 0.004886 s
currentSize : 10 <-- 0.004923 s
currentSize : 11 <-- 0.005579 s
currentSize : 12 <-- 0.007509 s
currentSize : 13 <-- 0.018776 s
currentSize : 14 <-- 0.041279 s
currentSize : 15 <-- 0.049141 s

maxsize : 15
nodes : 2841993.000000
filtered : 51571037.000000
time : 11.941313
