Parameters: GAD=1 vflib=1 dir=0 label=0 lowerbound=1 fileNameGp=../graphsdb/mcs30/bvg/b06/mcs30_b06_s25.A63 fileNameGt=../graphsdb/mcs30/bvg/b06/mcs30_b06_s25.B63
Reading graphs...
25 :  71
25 :  72
Initializing...
maxdom : 25
D->valSize : 625
Solving...
currentSize : 11 <-- 0.004969 s
currentSize : 12 <-- 0.005580 s
currentSize : 13 <-- 0.246862 s
currentSize : 14 <-- 0.555930 s
currentSize : 15 <-- 0.936609 s
currentSize : 16 <-- 0.938804 s

maxsize : 16
nodes : 1025785.000000
filtered : 19916768.000000
time : 4.304278
