Parameters: GAD=1 vflib=1 dir=0 label=0 lowerbound=1 fileNameGp=../graphsdb/mcs30/rand/r005/mcs30_r005_s20.A28 fileNameGt=../graphsdb/mcs30/rand/r005/mcs30_r005_s20.B28
Reading graphs...
20 :  22
20 :  22
Initializing...
maxdom : 20
D->valSize : 400
Solving...
currentSize : 7 <-- 0.003936 s
currentSize : 9 <-- 0.004008 s
currentSize : 10 <-- 0.004371 s
currentSize : 11 <-- 0.006011 s
currentSize : 12 <-- 0.012990 s
currentSize : 14 <-- 0.013029 s
currentSize : 15 <-- 0.020674 s

maxsize : 15
nodes : 116632.000000
filtered : 953651.000000
time : 0.350047
