Parameters: GAD=1 vflib=1 dir=0 label=0 lowerbound=1 fileNameGp=../graphsdb/mcs30/m2D/m2Dr4/mcs30_m2Dr4_s30.A81 fileNameGt=../graphsdb/mcs30/m2D/m2Dr4/mcs30_m2Dr4_s30.B81
Reading graphs...
30 :  60
30 :  58
Initializing...
maxdom : 30
D->valSize : 900
Solving...
currentSize : 11 <-- 0.010814 s
currentSize : 12 <-- 0.010844 s
currentSize : 14 <-- 0.010931 s
currentSize : 15 <-- 0.016328 s
currentSize : 16 <-- 0.024774 s
currentSize : 17 <-- 0.032300 s
currentSize : 18 <-- 1.465203 s
currentSize : 19 <-- 8.474231 s
currentSize : 20 <-- 84.901237 s

maxsize : 20
nodes : 29290302.000000
filtered : 534918123.000000
time : 127.538368
