Parameters: GAD=1 vflib=1 dir=0 label=0 lowerbound=1 fileNameGp=../graphsdb/mcs30/rand/r01/mcs30_r01_s30.A78 fileNameGt=../graphsdb/mcs30/rand/r01/mcs30_r01_s30.B78
Reading graphs...
30 :  83
30 :  86
Initializing...
maxdom : 30
D->valSize : 900
Solving...
currentSize : 13 <-- 0.017758 s
currentSize : 14 <-- 0.017819 s
currentSize : 15 <-- 0.018170 s
currentSize : 16 <-- 0.019181 s
currentSize : 17 <-- 0.028589 s
currentSize : 18 <-- 24.563868 s

maxsize : 18
nodes : 42812713.000000
filtered : 930301826.000000
time : 206.937332
