Parameters: GAD=1 vflib=1 dir=0 label=0 lowerbound=1 fileNameGp=../graphsdb/mcs30/m3D/m3Dr2/mcs30_m3Dr2_s30.A21 fileNameGt=../graphsdb/mcs30/m3D/m3Dr2/mcs30_m3Dr2_s30.B21
Reading graphs...
30 :  65
30 :  64
Initializing...
maxdom : 30
D->valSize : 900
Solving...
currentSize : 11 <-- 0.015450 s
currentSize : 12 <-- 0.015468 s
currentSize : 15 <-- 0.015809 s
currentSize : 16 <-- 0.017755 s
currentSize : 17 <-- 0.066496 s
currentSize : 18 <-- 0.259904 s
currentSize : 19 <-- 0.490227 s

maxsize : 19
nodes : 41697092.000000
filtered : 856177404.000000
time : 195.590424
