Parameters: GAD=1 vflib=1 dir=0 label=0 lowerbound=1 fileNameGp=../graphsdb/mcs30/m3D/m3Dr4/mcs30_m3Dr4_s30.A67 fileNameGt=../graphsdb/mcs30/m3D/m3Dr4/mcs30_m3Dr4_s30.B67
Reading graphs...
30 :  69
30 :  69
Initializing...
maxdom : 30
D->valSize : 900
Solving...
currentSize : 10 <-- 0.010586 s
currentSize : 11 <-- 0.010613 s
currentSize : 14 <-- 0.010651 s
currentSize : 15 <-- 0.010656 s
currentSize : 16 <-- 0.011367 s
currentSize : 17 <-- 0.030088 s
currentSize : 18 <-- 0.206342 s
currentSize : 19 <-- 3.097915 s

maxsize : 19
nodes : 37721065.000000
filtered : 783890164.000000
time : 178.473999
