Parameters: GAD=1 vflib=1 dir=0 label=0 lowerbound=1 fileNameGp=../graphsdb/mcs30/rand/r005/mcs30_r005_s30.A67 fileNameGt=../graphsdb/mcs30/rand/r005/mcs30_r005_s30.B67
Reading graphs...
30 :  48
30 :  48
Initializing...
maxdom : 30
D->valSize : 900
Solving...
currentSize : 11 <-- 0.011339 s
currentSize : 12 <-- 0.011372 s
currentSize : 13 <-- 0.011454 s
currentSize : 14 <-- 0.011468 s
currentSize : 16 <-- 0.011570 s
currentSize : 17 <-- 0.012373 s
currentSize : 18 <-- 0.026545 s
currentSize : 19 <-- 0.090916 s
currentSize : 20 <-- 0.943265 s
currentSize : 21 <-- 6.726291 s

maxsize : 21
nodes : 16688810.000000
filtered : 326368995.000000
time : 78.372963
