Parameters: GAD=1 vflib=1 dir=0 label=0 lowerbound=1 fileNameGp=../graphsdb/mcs30/rand/r01/mcs30_r01_s35.A83 fileNameGt=../graphsdb/mcs30/rand/r01/mcs30_r01_s35.B83
Reading graphs...
35 :  114
35 :  114
Initializing...
maxdom : 35
D->valSize : 1225
Solving...
currentSize : 14 <-- 0.018891 s
currentSize : 16 <-- 0.018976 s
currentSize : 17 <-- 0.028477 s
currentSize : 18 <-- 0.057612 s
currentSize : 19 <-- 0.462902 s
currentSize : 20 <-- 17.071152 s

maxsize : 20
nodes : 571801419.000000
filtered : 13604744360.000000
time : 3046.274170
