Parameters: GAD=1 vflib=1 dir=0 label=0 lowerbound=1 fileNameGp=../graphsdb/mcs30/m3D/m3D/mcs30_m3D_s30.A50 fileNameGt=../graphsdb/mcs30/m3D/m3D/mcs30_m3D_s30.B50
Reading graphs...
30 :  59
30 :  60
Initializing...
maxdom : 30
D->valSize : 900
Solving...
currentSize : 13 <-- 0.018572 s
currentSize : 14 <-- 0.019103 s
currentSize : 15 <-- 0.021512 s
currentSize : 16 <-- 0.021821 s
currentSize : 17 <-- 0.036019 s
currentSize : 18 <-- 0.063617 s
currentSize : 19 <-- 0.108927 s
currentSize : 20 <-- 2.555566 s
currentSize : 21 <-- 40.805832 s

maxsize : 21
nodes : 16617848.000000
filtered : 376417423.000000
time : 82.679245
