Parameters: GAD=1 vflib=1 dir=0 label=0 lowerbound=1 fileNameGp=../graphsdb/mcs30/rand/r01/mcs30_r01_s20.A37 fileNameGt=../graphsdb/mcs30/rand/r01/mcs30_r01_s20.B37
Reading graphs...
20 :  37
20 :  39
Initializing...
maxdom : 20
D->valSize : 400
Solving...
currentSize : 6 <-- 0.002326 s
currentSize : 8 <-- 0.002359 s
currentSize : 9 <-- 0.003200 s
currentSize : 10 <-- 0.003411 s
currentSize : 11 <-- 0.006205 s
currentSize : 12 <-- 0.017488 s
currentSize : 13 <-- 0.020785 s
currentSize : 14 <-- 0.054562 s

maxsize : 14
nodes : 58304.000000
filtered : 926225.000000
time : 0.207785
