Parameters: GAD=1 vflib=1 dir=0 label=0 lowerbound=1 fileNameGp=../graphsdb/mcs30/rand/r005/mcs30_r005_s30.A42 fileNameGt=../graphsdb/mcs30/rand/r005/mcs30_r005_s30.B42
Reading graphs...
30 :  48
30 :  47
Initializing...
maxdom : 30
D->valSize : 900
Solving...
currentSize : 14 <-- 0.019029 s
currentSize : 17 <-- 0.019394 s
currentSize : 18 <-- 0.338227 s
currentSize : 19 <-- 0.423043 s
currentSize : 20 <-- 2.839810 s
currentSize : 21 <-- 19.403971 s

maxsize : 21
nodes : 16536989.000000
filtered : 311069635.000000
time : 75.604607
