Parameters: GAD=1 vflib=1 dir=0 label=0 lowerbound=1 fileNameGp=../graphsdb/mcs30/rand/r005/mcs30_r005_s25.A59 fileNameGt=../graphsdb/mcs30/rand/r005/mcs30_r005_s25.B59
Reading graphs...
25 :  33
25 :  33
Initializing...
maxdom : 25
D->valSize : 625
Solving...
currentSize : 12 <-- 0.009265 s
currentSize : 13 <-- 0.009319 s
currentSize : 14 <-- 0.009570 s
currentSize : 15 <-- 0.020003 s
currentSize : 16 <-- 0.027130 s
currentSize : 17 <-- 0.369605 s
currentSize : 18 <-- 0.901837 s
currentSize : 19 <-- 1.337665 s

maxsize : 19
nodes : 540849.000000
filtered : 7140417.000000
time : 1.990675
