Parameters: GAD=1 vflib=1 dir=0 label=0 lowerbound=1 fileNameGp=../graphsdb/mcs30/bvg/b03/mcs30_b03_s25.A25 fileNameGt=../graphsdb/mcs30/bvg/b03/mcs30_b03_s25.B25
Reading graphs...
25 :  37
25 :  37
Initializing...
maxdom : 25
D->valSize : 625
Solving...
currentSize : 9 <-- 0.005367 s
currentSize : 12 <-- 0.005691 s
currentSize : 14 <-- 0.005700 s
currentSize : 15 <-- 0.005765 s
currentSize : 16 <-- 0.006106 s
currentSize : 17 <-- 0.015531 s
currentSize : 18 <-- 1.466414 s

maxsize : 18
nodes : 924986.000000
filtered : 12761217.000000
time : 3.410386
