Parameters: GAD=1 vflib=1 dir=0 label=0 lowerbound=1 fileNameGp=../graphsdb/mcs30/bvg/b06/mcs30_b06_s35.A07 fileNameGt=../graphsdb/mcs30/bvg/b06/mcs30_b06_s35.B07
Reading graphs...
35 :  99
35 :  104
Initializing...
maxdom : 35
D->valSize : 1225
Solving...
currentSize : 15 <-- 0.019197 s
currentSize : 17 <-- 0.020961 s
currentSize : 18 <-- 0.095326 s
currentSize : 19 <-- 0.816675 s
currentSize : 20 <-- 12.952291 s
currentSize : 21 <-- 317.824554 s

maxsize : 21
nodes : 295482332.000000
filtered : 7454701132.000000
time : 1628.677612
