Parameters: GAD=1 vflib=1 dir=0 label=0 lowerbound=1 fileNameGp=../graphsdb/mcs30/rand/r005/mcs30_r005_s30.A66 fileNameGt=../graphsdb/mcs30/rand/r005/mcs30_r005_s30.B66
Reading graphs...
30 :  46
30 :  48
Initializing...
maxdom : 30
D->valSize : 900
Solving...
currentSize : 14 <-- 0.019435 s
currentSize : 15 <-- 0.019878 s
currentSize : 16 <-- 0.019888 s
currentSize : 17 <-- 0.025093 s
currentSize : 18 <-- 0.040669 s
currentSize : 19 <-- 0.336906 s
currentSize : 20 <-- 0.409854 s
currentSize : 21 <-- 1.749575 s
currentSize : 22 <-- 6.482737 s

maxsize : 22
nodes : 4847478.000000
filtered : 102701022.000000
time : 23.626291
