Parameters: GAD=1 vflib=1 dir=0 label=0 lowerbound=1 fileNameGp=../graphsdb/mcs30/bvg/b09/mcs30_b09_s35.A18 fileNameGt=../graphsdb/mcs30/bvg/b09/mcs30_b09_s35.B18
Reading graphs...
35 :  147
35 :  151
Initializing...
maxdom : 35
D->valSize : 1225
Solving...
currentSize : 14 <-- 0.031520 s
currentSize : 15 <-- 0.033782 s
currentSize : 16 <-- 0.034858 s
currentSize : 17 <-- 0.116906 s
currentSize : 18 <-- 0.402890 s
currentSize : 19 <-- 5.232267 s
currentSize : 20 <-- 65.448479 s

maxsize : 20
nodes : 108346434.000000
filtered : 3390918378.000000
time : 643.051453
