Parameters: GAD=1 vflib=1 dir=0 label=0 lowerbound=1 fileNameGp=../graphsdb/mcs30/rand/r01/mcs30_r01_s25.A32 fileNameGt=../graphsdb/mcs30/rand/r01/mcs30_r01_s25.B32
Reading graphs...
25 :  59
25 :  60
Initializing...
maxdom : 25
D->valSize : 625
Solving...
currentSize : 10 <-- 0.005032 s
currentSize : 11 <-- 0.005181 s
currentSize : 12 <-- 0.008430 s
currentSize : 13 <-- 0.011817 s
currentSize : 14 <-- 0.106292 s
currentSize : 15 <-- 0.236308 s
currentSize : 16 <-- 10.960477 s

maxsize : 16
nodes : 3717384.000000
filtered : 58488829.000000
time : 14.696436
