Parameters: GAD=1 vflib=1 dir=0 label=0 lowerbound=1 fileNameGp=../graphsdb/mcs30/bvg/b03/mcs30_b03_s35.A05 fileNameGt=../graphsdb/mcs30/bvg/b03/mcs30_b03_s35.B05
Reading graphs...
35 :  52
35 :  51
Initializing...
maxdom : 35
D->valSize : 1225
Solving...
currentSize : 15 <-- 0.021255 s
currentSize : 16 <-- 0.021737 s
currentSize : 17 <-- 0.021799 s
currentSize : 18 <-- 0.073963 s
currentSize : 19 <-- 0.073991 s
currentSize : 20 <-- 0.447375 s
currentSize : 21 <-- 0.450872 s
currentSize : 22 <-- 4.133288 s
currentSize : 23 <-- 11.957874 s
currentSize : 24 <-- 53.481918 s
currentSize : 25 <-- 213.330063 s

maxsize : 25
nodes : 84759806.000000
filtered : 1681891891.000000
time : 424.163910
