Parameters: GAD=1 vflib=1 dir=0 label=0 lowerbound=1 fileNameGp=../graphsdb/mcs30/m3D/m3Dr2/mcs30_m3Dr2_s30.A36 fileNameGt=../graphsdb/mcs30/m3D/m3Dr2/mcs30_m3Dr2_s30.B36
Reading graphs...
30 :  65
30 :  64
Initializing...
maxdom : 30
D->valSize : 900
Solving...
currentSize : 13 <-- 0.010751 s
currentSize : 14 <-- 0.010932 s
currentSize : 15 <-- 0.011185 s
currentSize : 16 <-- 0.020955 s
currentSize : 17 <-- 0.069096 s
currentSize : 18 <-- 0.318101 s
currentSize : 19 <-- 8.779588 s
currentSize : 20 <-- 94.558563 s

maxsize : 20
nodes : 26410830.000000
filtered : 574287244.000000
time : 126.294144
