Parameters: GAD=1 vflib=1 dir=0 label=0 lowerbound=1 fileNameGp=../graphsdb/mcs30/m3D/m3Dr4/mcs30_m3Dr4_s30.A05 fileNameGt=../graphsdb/mcs30/m3D/m3Dr4/mcs30_m3Dr4_s30.B05
Reading graphs...
30 :  71
30 :  67
Initializing...
maxdom : 30
D->valSize : 900
Solving...
currentSize : 12 <-- 0.018372 s
currentSize : 13 <-- 0.018409 s
currentSize : 14 <-- 0.018560 s
currentSize : 15 <-- 0.018677 s
currentSize : 16 <-- 0.104501 s
currentSize : 17 <-- 0.265714 s
currentSize : 18 <-- 0.687781 s
currentSize : 19 <-- 17.555296 s

maxsize : 19
nodes : 36822781.000000
filtered : 794128846.000000
time : 174.712631
