Parameters: GAD=1 vflib=1 dir=0 label=0 lowerbound=1 fileNameGp=../graphsdb/mcs30/m2D/m2D/mcs30_m2D_s30.A92 fileNameGt=../graphsdb/mcs30/m2D/m2D/mcs30_m2D_s30.B92
Reading graphs...
30 :  48
30 :  49
Initializing...
maxdom : 30
D->valSize : 900
Solving...
currentSize : 11 <-- 0.011225 s
currentSize : 13 <-- 0.011274 s
currentSize : 14 <-- 0.011374 s
currentSize : 15 <-- 0.011383 s
currentSize : 16 <-- 0.011940 s
currentSize : 18 <-- 0.012206 s
currentSize : 19 <-- 0.023795 s
currentSize : 20 <-- 0.551648 s
currentSize : 21 <-- 1.493511 s
currentSize : 22 <-- 7.740901 s

maxsize : 22
nodes : 2707389.000000
filtered : 56286893.000000
time : 12.931711
