Parameters: GAD=1 vflib=1 dir=0 label=0 lowerbound=1 fileNameGp=../graphsdb/mcs30/m3D/m3Dr4/mcs30_m3Dr4_s30.A16 fileNameGt=../graphsdb/mcs30/m3D/m3Dr4/mcs30_m3Dr4_s30.B16
Reading graphs...
30 :  72
30 :  68
Initializing...
maxdom : 30
D->valSize : 900
Solving...
currentSize : 13 <-- 0.010612 s
currentSize : 14 <-- 0.010628 s
currentSize : 15 <-- 0.011459 s
currentSize : 16 <-- 0.016013 s
currentSize : 17 <-- 0.115874 s
currentSize : 18 <-- 0.307335 s
currentSize : 19 <-- 13.559674 s

maxsize : 19
nodes : 27667609.000000
filtered : 616080903.000000
time : 132.372070
