Parameters: GAD=1 vflib=1 dir=0 label=0 lowerbound=1 fileNameGp=../graphsdb/mcs30/bvg/b06m/mcs30_b06m_s35.A49 fileNameGt=../graphsdb/mcs30/bvg/b06m/mcs30_b06m_s35.B49
Reading graphs...
35 :  100
35 :  104
Initializing...
maxdom : 35
D->valSize : 1225
Solving...
currentSize : 15 <-- 0.033461 s
currentSize : 16 <-- 0.157435 s
currentSize : 17 <-- 0.191278 s
currentSize : 18 <-- 0.243992 s
currentSize : 19 <-- 13.615225 s
currentSize : 20 <-- 106.915291 s
currentSize : 21 <-- 1019.692444 s

maxsize : 21
nodes : 358662718.000000
filtered : 9037822023.000000
time : 1964.926880
