Parameters: GAD=1 vflib=1 dir=0 label=0 lowerbound=1 fileNameGp=../graphsdb/mcs30/rand/r005/mcs30_r005_s25.A58 fileNameGt=../graphsdb/mcs30/rand/r005/mcs30_r005_s25.B58
Reading graphs...
25 :  34
25 :  33
Initializing...
maxdom : 25
D->valSize : 625
Solving...
currentSize : 13 <-- 0.005321 s
currentSize : 14 <-- 0.005342 s
currentSize : 15 <-- 0.005360 s
currentSize : 16 <-- 0.008888 s
currentSize : 17 <-- 0.009685 s
currentSize : 18 <-- 0.087721 s
currentSize : 19 <-- 0.239726 s
currentSize : 20 <-- 0.240108 s

maxsize : 20
nodes : 114563.000000
filtered : 2038644.000000
time : 0.448964
