Parameters: GAD=1 vflib=1 dir=0 label=0 lowerbound=1 fileNameGp=../graphsdb/mcs30/bvg/b06m/mcs30_b06m_s25.A97 fileNameGt=../graphsdb/mcs30/bvg/b06m/mcs30_b06m_s25.B97
Reading graphs...
25 :  69
25 :  68
Initializing...
maxdom : 25
D->valSize : 625
Solving...
currentSize : 8 <-- 0.008347 s
currentSize : 9 <-- 0.008417 s
currentSize : 10 <-- 0.008447 s
currentSize : 11 <-- 0.013916 s
currentSize : 12 <-- 0.013982 s
currentSize : 13 <-- 0.043126 s
currentSize : 14 <-- 0.183516 s
currentSize : 15 <-- 0.274832 s
currentSize : 16 <-- 0.297647 s

maxsize : 16
nodes : 1036845.000000
filtered : 21716327.000000
time : 4.476912
