Parameters: GAD=1 vflib=1 dir=0 label=0 lowerbound=1 fileNameGp=../graphsdb/mcs30/m3D/m3Dr6/mcs30_m3Dr6_s30.A86 fileNameGt=../graphsdb/mcs30/m3D/m3Dr6/mcs30_m3Dr6_s30.B86
Reading graphs...
30 :  76
30 :  76
Initializing...
maxdom : 30
D->valSize : 900
Solving...
currentSize : 13 <-- 0.010364 s
currentSize : 14 <-- 0.010437 s
currentSize : 15 <-- 0.013796 s
currentSize : 16 <-- 0.018029 s
currentSize : 17 <-- 0.032488 s
currentSize : 18 <-- 0.228767 s
currentSize : 19 <-- 29.336773 s

maxsize : 19
nodes : 25342619.000000
filtered : 607345773.000000
time : 126.770447
