Parameters: GAD=1 vflib=1 dir=0 label=0 lowerbound=1 fileNameGp=../graphsdb/mcs30/m2D/m2Dr2/mcs30_m2Dr2_s30.A42 fileNameGt=../graphsdb/mcs30/m2D/m2Dr2/mcs30_m2Dr2_s30.B42
Reading graphs...
30 :  55
30 :  53
Initializing...
maxdom : 30
D->valSize : 900
Solving...
currentSize : 14 <-- 0.010727 s
currentSize : 15 <-- 0.010757 s
currentSize : 16 <-- 0.012035 s
currentSize : 17 <-- 0.015982 s
currentSize : 18 <-- 1.935036 s
currentSize : 19 <-- 3.015765 s
currentSize : 20 <-- 6.406055 s
currentSize : 21 <-- 6.993236 s

maxsize : 21
nodes : 7482620.000000
filtered : 159712012.000000
time : 35.599312
