Parameters: GAD=1 vflib=1 dir=0 label=0 lowerbound=1 fileNameGp=../graphsdb/mcs30/bvg/b09/mcs30_b09_s35.A49 fileNameGt=../graphsdb/mcs30/bvg/b09/mcs30_b09_s35.B49
Reading graphs...
35 :  153
35 :  151
Initializing...
maxdom : 35
D->valSize : 1225
Solving...
currentSize : 12 <-- 0.018345 s
currentSize : 13 <-- 0.018426 s
currentSize : 15 <-- 0.023988 s
currentSize : 16 <-- 0.533353 s
currentSize : 17 <-- 0.610446 s
currentSize : 18 <-- 0.701206 s
currentSize : 19 <-- 0.728465 s
currentSize : 20 <-- 197.328445 s

maxsize : 20
nodes : 132171317.000000
filtered : 4244490945.000000
time : 793.540405
