Parameters: GAD=1 vflib=1 dir=0 label=0 lowerbound=1 fileNameGp=../graphsdb/mcs30/rand/r005/mcs30_r005_s30.A30 fileNameGt=../graphsdb/mcs30/rand/r005/mcs30_r005_s30.B30
Reading graphs...
30 :  47
30 :  48
Initializing...
maxdom : 30
D->valSize : 900
Solving...
currentSize : 11 <-- 0.019314 s
currentSize : 13 <-- 0.019369 s
currentSize : 14 <-- 0.019409 s
currentSize : 16 <-- 0.019536 s
currentSize : 17 <-- 0.019873 s
currentSize : 19 <-- 0.019950 s
currentSize : 20 <-- 0.384295 s
currentSize : 21 <-- 0.392982 s
currentSize : 22 <-- 1.311500 s
currentSize : 23 <-- 8.233908 s

maxsize : 23
nodes : 2035489.000000
filtered : 51018588.000000
time : 11.008066
