Parameters: GAD=1 vflib=1 dir=0 label=0 lowerbound=1 fileNameGp=../graphsdb/mcs30/bvg/b09/mcs30_b09_s35.A40 fileNameGt=../graphsdb/mcs30/bvg/b09/mcs30_b09_s35.B40
Reading graphs...
35 :  154
35 :  152
Initializing...
maxdom : 35
D->valSize : 1225
Solving...
currentSize : 14 <-- 0.031345 s
currentSize : 15 <-- 0.031384 s
currentSize : 16 <-- 0.086765 s
currentSize : 17 <-- 9.196516 s
currentSize : 18 <-- 10.226087 s
currentSize : 19 <-- 10.927873 s

maxsize : 19
nodes : 462787686.000000
filtered : 11401252548.000000
time : 2454.323486
