Parameters: GAD=1 vflib=1 dir=0 label=0 lowerbound=1 fileNameGp=../graphsdb/mcs30/m2D/m2Dr2/mcs30_m2Dr2_s30.A65 fileNameGt=../graphsdb/mcs30/m2D/m2Dr2/mcs30_m2Dr2_s30.B65
Reading graphs...
30 :  54
30 :  54
Initializing...
maxdom : 30
D->valSize : 900
Solving...
currentSize : 14 <-- 0.010881 s
currentSize : 15 <-- 0.010929 s
currentSize : 16 <-- 0.010970 s
currentSize : 17 <-- 0.011220 s
currentSize : 18 <-- 0.017125 s
currentSize : 19 <-- 0.277745 s
currentSize : 20 <-- 1.018978 s
currentSize : 21 <-- 13.559618 s

maxsize : 21
nodes : 13101949.000000
filtered : 287550771.000000
time : 64.544304
