Parameters: GAD=1 vflib=1 dir=0 label=0 lowerbound=1 fileNameGp=../graphsdb/mcs30/rand/r005/mcs30_r005_s30.A34 fileNameGt=../graphsdb/mcs30/rand/r005/mcs30_r005_s30.B34
Reading graphs...
30 :  48
30 :  48
Initializing...
maxdom : 30
D->valSize : 900
Solving...
currentSize : 11 <-- 0.011212 s
currentSize : 14 <-- 0.011247 s
currentSize : 15 <-- 0.011587 s
currentSize : 16 <-- 0.011598 s
currentSize : 17 <-- 0.011605 s
currentSize : 18 <-- 0.017513 s
currentSize : 19 <-- 0.022744 s
currentSize : 20 <-- 0.765481 s
currentSize : 21 <-- 4.867224 s
currentSize : 22 <-- 4.954450 s

maxsize : 22
nodes : 3550126.000000
filtered : 77349466.000000
time : 17.023312
