Parameters: GAD=1 vflib=1 dir=0 label=0 lowerbound=1 fileNameGp=../graphsdb/mcs30/rand/r01/mcs30_r01_s20.A76 fileNameGt=../graphsdb/mcs30/rand/r01/mcs30_r01_s20.B76
Reading graphs...
20 :  39
20 :  38
Initializing...
maxdom : 20
D->valSize : 400
Solving...
currentSize : 8 <-- 0.002128 s
currentSize : 9 <-- 0.002142 s
currentSize : 11 <-- 0.002166 s
currentSize : 12 <-- 0.004022 s
currentSize : 13 <-- 0.026092 s
currentSize : 14 <-- 0.117899 s

maxsize : 14
nodes : 108827.000000
filtered : 1528502.000000
time : 0.362642
