Parameters: GAD=1 vflib=1 dir=0 label=0 lowerbound=1 fileNameGp=../graphsdb/mcs30/bvg/b06/mcs30_b06_s35.A52 fileNameGt=../graphsdb/mcs30/bvg/b06/mcs30_b06_s35.B52
Reading graphs...
35 :  105
35 :  101
Initializing...
maxdom : 35
D->valSize : 1225
Solving...
currentSize : 14 <-- 0.033077 s
currentSize : 15 <-- 0.034989 s
currentSize : 17 <-- 0.045078 s
currentSize : 18 <-- 0.382182 s
currentSize : 19 <-- 0.388677 s
currentSize : 20 <-- 5.290084 s
currentSize : 21 <-- 258.245758 s

maxsize : 21
nodes : 216483709.000000
filtered : 5978945777.000000
time : 1216.766479
