Parameters: GAD=1 vflib=1 dir=0 label=0 lowerbound=1 fileNameGp=../graphsdb/mcs30/m2D/m2D/mcs30_m2D_s30.A09 fileNameGt=../graphsdb/mcs30/m2D/m2D/mcs30_m2D_s30.B09
Reading graphs...
30 :  49
30 :  49
Initializing...
maxdom : 30
D->valSize : 900
Solving...
currentSize : 15 <-- 0.010938 s
currentSize : 17 <-- 0.011805 s
currentSize : 18 <-- 0.012227 s
currentSize : 19 <-- 0.068920 s
currentSize : 20 <-- 0.075290 s
currentSize : 21 <-- 6.620329 s

maxsize : 21
nodes : 17125711.000000
filtered : 353560084.000000
time : 82.918671
