Parameters: GAD=1 vflib=1 dir=0 label=0 lowerbound=1 fileNameGp=../graphsdb/mcs30/rand/r02/mcs30_r02_s25.A19 fileNameGt=../graphsdb/mcs30/rand/r02/mcs30_r02_s25.B19
Reading graphs...
25 :  106
25 :  111
Initializing...
maxdom : 25
D->valSize : 625
Solving...
currentSize : 8 <-- 0.004577 s
currentSize : 9 <-- 0.004602 s
currentSize : 10 <-- 0.004670 s
currentSize : 11 <-- 0.005166 s
currentSize : 12 <-- 0.068500 s
currentSize : 13 <-- 1.562559 s

maxsize : 13
nodes : 9581787.000000
filtered : 110390479.000000
time : 34.553452
