Parameters: GAD=1 vflib=1 dir=0 label=0 lowerbound=1 fileNameGp=../graphsdb/mcs30/rand/r01/mcs30_r01_s35.A95 fileNameGt=../graphsdb/mcs30/rand/r01/mcs30_r01_s35.B95
Reading graphs...
35 :  114
35 :  116
Initializing...
maxdom : 35
D->valSize : 1225
Solving...
currentSize : 14 <-- 0.019058 s
currentSize : 15 <-- 0.019358 s
currentSize : 16 <-- 0.023088 s
currentSize : 17 <-- 0.023106 s
currentSize : 18 <-- 0.093473 s
currentSize : 19 <-- 68.900246 s
currentSize : 20 <-- 327.571075 s

maxsize : 20
nodes : 616403188.000000
filtered : 14772762712.000000
time : 3274.336182
