Parameters: GAD=1 vflib=1 dir=0 label=0 lowerbound=1 fileNameGp=../graphsdb/mcs30/m2D/m2Dr6/mcs30_m2Dr6_s30.A93 fileNameGt=../graphsdb/mcs30/m2D/m2Dr6/mcs30_m2Dr6_s30.B93
Reading graphs...
30 :  64
30 :  63
Initializing...
maxdom : 30
D->valSize : 900
Solving...
currentSize : 14 <-- 0.010687 s
currentSize : 15 <-- 0.010808 s
currentSize : 16 <-- 0.164172 s
currentSize : 17 <-- 0.301042 s
currentSize : 18 <-- 0.301668 s
currentSize : 19 <-- 2.334058 s
currentSize : 20 <-- 52.386566 s

maxsize : 20
nodes : 24765073.000000
filtered : 558443846.000000
time : 120.205635
