Parameters: GAD=1 vflib=1 dir=0 label=0 lowerbound=1 fileNameGp=../graphsdb/mcs30/m3D/m3Dr4/mcs30_m3Dr4_s25.A76 fileNameGt=../graphsdb/mcs30/m3D/m3Dr4/mcs30_m3Dr4_s25.B76
Reading graphs...
25 :  56
25 :  56
Initializing...
maxdom : 25
D->valSize : 625
Solving...
currentSize : 11 <-- 0.005175 s
currentSize : 12 <-- 0.005214 s
currentSize : 13 <-- 0.005346 s
currentSize : 14 <-- 0.006131 s
currentSize : 15 <-- 0.092678 s
currentSize : 16 <-- 0.308699 s
currentSize : 17 <-- 3.345585 s

maxsize : 17
nodes : 1130407.000000
filtered : 23022466.000000
time : 4.836447
