Parameters: GAD=1 vflib=1 dir=0 label=0 lowerbound=1 fileNameGp=../graphsdb/mcs30/bvg/b06m/mcs30_b06m_s30.A39 fileNameGt=../graphsdb/mcs30/bvg/b06m/mcs30_b06m_s30.B39
Reading graphs...
30 :  83
30 :  82
Initializing...
maxdom : 30
D->valSize : 900
Solving...
currentSize : 10 <-- 0.017795 s
currentSize : 12 <-- 0.017869 s
currentSize : 13 <-- 0.019280 s
currentSize : 14 <-- 0.028441 s
currentSize : 15 <-- 0.045793 s
currentSize : 16 <-- 0.092994 s
currentSize : 17 <-- 0.366353 s
currentSize : 18 <-- 4.466724 s

maxsize : 18
nodes : 27598724.000000
filtered : 636060910.000000
time : 134.678680
