Parameters: GAD=1 vflib=1 dir=0 label=0 lowerbound=1 fileNameGp=../graphsdb/mcs30/bvg/b03/mcs30_b03_s25.A51 fileNameGt=../graphsdb/mcs30/bvg/b03/mcs30_b03_s25.B51
Reading graphs...
25 :  37
25 :  37
Initializing...
maxdom : 25
D->valSize : 625
Solving...
currentSize : 12 <-- 0.009131 s
currentSize : 13 <-- 0.011646 s
currentSize : 14 <-- 0.020354 s
currentSize : 15 <-- 0.023135 s
currentSize : 16 <-- 0.254243 s
currentSize : 17 <-- 1.338313 s
currentSize : 18 <-- 1.376771 s

maxsize : 18
nodes : 851521.000000
filtered : 11034367.000000
time : 3.258264
