Parameters: GAD=1 vflib=1 dir=0 label=0 lowerbound=1 fileNameGp=../graphsdb/mcs30/rand/r005/mcs30_r005_s35.A37 fileNameGt=../graphsdb/mcs30/rand/r005/mcs30_r005_s35.B37
Reading graphs...
35 :  60
35 :  64
Initializing...
maxdom : 35
D->valSize : 1225
Solving...
currentSize : 15 <-- 0.025580 s
currentSize : 18 <-- 0.029431 s
currentSize : 19 <-- 0.033964 s
currentSize : 20 <-- 0.052536 s
currentSize : 21 <-- 0.112180 s
currentSize : 22 <-- 5.686423 s
currentSize : 23 <-- 5.714601 s
currentSize : 24 <-- 25.298697 s

maxsize : 24
nodes : 158041566.000000
filtered : 4114492761.000000
time : 894.412354
