Parameters: GAD=1 vflib=1 dir=0 label=0 lowerbound=1 fileNameGp=../graphsdb/mcs30/m2D/m2D/mcs30_m2D_s30.A71 fileNameGt=../graphsdb/mcs30/m2D/m2D/mcs30_m2D_s30.B71
Reading graphs...
30 :  48
30 :  49
Initializing...
maxdom : 30
D->valSize : 900
Solving...
currentSize : 11 <-- 0.011036 s
currentSize : 12 <-- 0.011083 s
currentSize : 13 <-- 0.011367 s
currentSize : 14 <-- 0.011399 s
currentSize : 15 <-- 0.012536 s
currentSize : 16 <-- 0.027035 s
currentSize : 17 <-- 0.339668 s
currentSize : 18 <-- 0.797389 s
currentSize : 19 <-- 1.207292 s
currentSize : 20 <-- 3.400788 s
currentSize : 21 <-- 22.346489 s

maxsize : 21
nodes : 19204249.000000
filtered : 356223730.000000
time : 88.184441
