Parameters: GAD=1 vflib=1 dir=0 label=0 lowerbound=1 fileNameGp=../graphsdb/mcs30/rand/r005/mcs30_r005_s25.A99 fileNameGt=../graphsdb/mcs30/rand/r005/mcs30_r005_s25.B99
Reading graphs...
25 :  34
25 :  34
Initializing...
maxdom : 25
D->valSize : 625
Solving...
currentSize : 11 <-- 0.005431 s
currentSize : 13 <-- 0.005469 s
currentSize : 14 <-- 0.005748 s
currentSize : 15 <-- 0.021450 s
currentSize : 16 <-- 0.118900 s
currentSize : 17 <-- 0.119133 s
currentSize : 18 <-- 0.285870 s

maxsize : 18
nodes : 676519.000000
filtered : 9092175.000000
time : 2.533532
