Parameters: GAD=1 vflib=1 dir=0 label=0 lowerbound=1 fileNameGp=../graphsdb/mcs30/bvg/b06/mcs30_b06_s25.A36 fileNameGt=../graphsdb/mcs30/bvg/b06/mcs30_b06_s25.B36
Reading graphs...
25 :  72
25 :  73
Initializing...
maxdom : 25
D->valSize : 625
Solving...
currentSize : 11 <-- 0.008254 s
currentSize : 12 <-- 0.008282 s
currentSize : 13 <-- 0.008353 s
currentSize : 14 <-- 0.012687 s
currentSize : 15 <-- 0.016774 s
currentSize : 16 <-- 0.017525 s

maxsize : 16
nodes : 821172.000000
filtered : 19350358.000000
time : 3.792521
