Parameters: GAD=1 vflib=1 dir=0 label=0 lowerbound=1 fileNameGp=../graphsdb/mcs30/bvg/b09/mcs30_b09_s35.A58 fileNameGt=../graphsdb/mcs30/bvg/b09/mcs30_b09_s35.B58
Reading graphs...
35 :  149
35 :  152
Initializing...
maxdom : 35
D->valSize : 1225
Solving...
currentSize : 11 <-- 0.027395 s
currentSize : 14 <-- 0.027436 s
currentSize : 15 <-- 0.028265 s
currentSize : 16 <-- 0.029075 s
currentSize : 17 <-- 0.032645 s
currentSize : 18 <-- 0.032721 s
currentSize : 19 <-- 0.151945 s

maxsize : 19
nodes : 208119252.000000
filtered : 5672899438.000000
time : 1159.518555
