Parameters: GAD=1 vflib=1 dir=0 label=0 lowerbound=1 fileNameGp=../graphsdb/mcs30/rand/r005/mcs30_r005_s25.A25 fileNameGt=../graphsdb/mcs30/rand/r005/mcs30_r005_s25.B25
Reading graphs...
25 :  33
25 :  34
Initializing...
maxdom : 25
D->valSize : 625
Solving...
currentSize : 7 <-- 0.005334 s
currentSize : 10 <-- 0.005367 s
currentSize : 11 <-- 0.005546 s
currentSize : 12 <-- 0.006005 s
currentSize : 13 <-- 0.016487 s
currentSize : 14 <-- 0.050367 s
currentSize : 15 <-- 0.050650 s
currentSize : 16 <-- 0.070360 s
currentSize : 17 <-- 0.074498 s
currentSize : 18 <-- 0.098916 s
currentSize : 19 <-- 0.174802 s

maxsize : 19
nodes : 130508.000000
filtered : 2304386.000000
time : 0.576539
