Parameters: GAD=1 vflib=1 dir=0 label=0 lowerbound=1 fileNameGp=../graphsdb/mcs30/rand/r005/mcs30_r005_s25.A71 fileNameGt=../graphsdb/mcs30/rand/r005/mcs30_r005_s25.B71
Reading graphs...
25 :  34
25 :  34
Initializing...
maxdom : 25
D->valSize : 625
Solving...
currentSize : 10 <-- 0.005520 s
currentSize : 13 <-- 0.005547 s
currentSize : 14 <-- 0.005767 s
currentSize : 15 <-- 0.007168 s
currentSize : 16 <-- 0.007476 s
currentSize : 17 <-- 0.613427 s
currentSize : 18 <-- 0.689854 s
currentSize : 19 <-- 1.322966 s

maxsize : 19
nodes : 434808.000000
filtered : 6546036.000000
time : 1.871174
