Parameters: GAD=1 vflib=1 dir=0 label=0 lowerbound=1 fileNameGp=../graphsdb/mcs30/bvg/b06/mcs30_b06_s35.A78 fileNameGt=../graphsdb/mcs30/bvg/b06/mcs30_b06_s35.B78
Reading graphs...
35 :  104
35 :  103
Initializing...
maxdom : 35
D->valSize : 1225
Solving...
currentSize : 13 <-- 0.019238 s
currentSize : 14 <-- 0.019265 s
currentSize : 15 <-- 0.019312 s
currentSize : 16 <-- 0.019534 s
currentSize : 17 <-- 0.022965 s
currentSize : 18 <-- 0.039393 s
currentSize : 19 <-- 0.584804 s
currentSize : 20 <-- 17.361364 s
currentSize : 21 <-- 674.443848 s

maxsize : 21
nodes : 264472332.000000
filtered : 7222947731.000000
time : 1476.079834
