Parameters: GAD=1 vflib=1 dir=0 label=0 lowerbound=1 fileNameGp=../graphsdb/mcs30/bvg/b09m/mcs30_b09m_s35.A37 fileNameGt=../graphsdb/mcs30/bvg/b09m/mcs30_b09m_s35.B37
Reading graphs...
35 :  143
35 :  140
Initializing...
maxdom : 35
D->valSize : 1225
Solving...
currentSize : 13 <-- 0.018174 s
currentSize : 14 <-- 0.018209 s
currentSize : 15 <-- 0.022959 s
currentSize : 16 <-- 0.048544 s
currentSize : 17 <-- 0.390122 s
currentSize : 18 <-- 5.861586 s
currentSize : 19 <-- 335.582214 s

maxsize : 19
nodes : 342839687.000000
filtered : 8779042586.000000
time : 1845.853516
