Parameters: GAD=1 vflib=1 dir=0 label=0 lowerbound=1 fileNameGp=../graphsdb/mcs30/m2D/m2Dr4/mcs30_m2Dr4_s30.A07 fileNameGt=../graphsdb/mcs30/m2D/m2Dr4/mcs30_m2Dr4_s30.B07
Reading graphs...
30 :  61
30 :  60
Initializing...
maxdom : 30
D->valSize : 900
Solving...
currentSize : 11 <-- 0.010948 s
currentSize : 12 <-- 0.011050 s
currentSize : 13 <-- 0.011774 s
currentSize : 14 <-- 0.019534 s
currentSize : 15 <-- 0.177102 s
currentSize : 16 <-- 0.502783 s
currentSize : 17 <-- 5.327251 s
currentSize : 18 <-- 9.928628 s
currentSize : 19 <-- 85.124466 s

maxsize : 19
nodes : 57284168.000000
filtered : 821426689.000000
time : 223.618668
