Parameters: GAD=1 vflib=1 dir=0 label=0 lowerbound=1 fileNameGp=../graphsdb/mcs30/bvg/b03/mcs30_b03_s35.A20 fileNameGt=../graphsdb/mcs30/bvg/b03/mcs30_b03_s35.B20
Reading graphs...
35 :  51
35 :  52
Initializing...
maxdom : 35
D->valSize : 1225
Solving...
currentSize : 17 <-- 0.021288 s
currentSize : 18 <-- 0.091371 s
currentSize : 19 <-- 0.356211 s
currentSize : 20 <-- 0.400586 s
currentSize : 21 <-- 3.554624 s
currentSize : 22 <-- 11.229345 s
currentSize : 23 <-- 17.264238 s
currentSize : 24 <-- 31.633352 s
currentSize : 25 <-- 113.213593 s

maxsize : 25
nodes : 94764054.000000
filtered : 1815468505.000000
time : 472.966949
