Parameters: GAD=1 vflib=1 dir=0 label=0 lowerbound=1 fileNameGp=../graphsdb/mcs30/rand/r005/mcs30_r005_s35.A62 fileNameGt=../graphsdb/mcs30/rand/r005/mcs30_r005_s35.B62
Reading graphs...
35 :  64
35 :  63
Initializing...
maxdom : 35
D->valSize : 1225
Solving...
currentSize : 18 <-- 0.025503 s
currentSize : 19 <-- 0.026786 s
currentSize : 20 <-- 0.028406 s
currentSize : 21 <-- 0.041657 s
currentSize : 22 <-- 2.428479 s
currentSize : 23 <-- 4.727246 s
currentSize : 24 <-- 153.263184 s
currentSize : 25 <-- 252.092072 s

maxsize : 25
nodes : 114070078.000000
filtered : 3043593389.000000
time : 649.566345
