Parameters: GAD=1 vflib=1 dir=0 label=0 lowerbound=1 fileNameGp=../graphsdb/mcs30/m3D/m3Dr2/mcs30_m3Dr2_s25.A12 fileNameGt=../graphsdb/mcs30/m3D/m3Dr2/mcs30_m3Dr2_s25.B12
Reading graphs...
25 :  51
25 :  53
Initializing...
maxdom : 25
D->valSize : 625
Solving...
currentSize : 11 <-- 0.005300 s
currentSize : 12 <-- 0.005336 s
currentSize : 13 <-- 0.007798 s
currentSize : 14 <-- 0.008041 s
currentSize : 15 <-- 0.028665 s
currentSize : 16 <-- 2.073337 s
currentSize : 17 <-- 2.485835 s

maxsize : 17
nodes : 1558338.000000
filtered : 26287619.000000
time : 6.256112
