Parameters: GAD=1 vflib=1 dir=0 label=0 lowerbound=1 fileNameGp=../graphsdb/mcs30/bvg/b06/mcs30_b06_s35.A25 fileNameGt=../graphsdb/mcs30/bvg/b06/mcs30_b06_s35.B25
Reading graphs...
35 :  102
35 :  104
Initializing...
maxdom : 35
D->valSize : 1225
Solving...
currentSize : 15 <-- 0.033685 s
currentSize : 16 <-- 0.036318 s
currentSize : 17 <-- 0.037417 s
currentSize : 18 <-- 0.038192 s
currentSize : 19 <-- 0.244512 s
currentSize : 20 <-- 0.360126 s
currentSize : 21 <-- 76.045059 s

maxsize : 21
nodes : 256721770.000000
filtered : 7481277911.000000
time : 1483.533813
