Parameters: GAD=1 vflib=1 dir=0 label=0 lowerbound=1 fileNameGp=../graphsdb/mcs30/m2D/m2Dr4/mcs30_m2Dr4_s30.A23 fileNameGt=../graphsdb/mcs30/m2D/m2Dr4/mcs30_m2Dr4_s30.B23
Reading graphs...
30 :  60
30 :  60
Initializing...
maxdom : 30
D->valSize : 900
Solving...
currentSize : 13 <-- 0.010786 s
currentSize : 14 <-- 0.011334 s
currentSize : 15 <-- 0.011340 s
currentSize : 16 <-- 0.016756 s
currentSize : 17 <-- 0.201023 s
currentSize : 18 <-- 0.214934 s
currentSize : 19 <-- 0.837117 s
currentSize : 20 <-- 4.562349 s

maxsize : 20
nodes : 14175653.000000
filtered : 333069107.000000
time : 69.556503
