Parameters: GAD=1 vflib=1 dir=0 label=0 lowerbound=1 fileNameGp=../graphsdb/mcs30/bvg/b06m/mcs30_b06m_s30.A77 fileNameGt=../graphsdb/mcs30/bvg/b06m/mcs30_b06m_s30.B77
Reading graphs...
30 :  85
30 :  87
Initializing...
maxdom : 30
D->valSize : 900
Solving...
currentSize : 13 <-- 0.010262 s
currentSize : 14 <-- 0.018103 s
currentSize : 15 <-- 0.061057 s
currentSize : 16 <-- 0.062118 s
currentSize : 17 <-- 3.762460 s
currentSize : 18 <-- 56.509537 s

maxsize : 18
nodes : 31016522.000000
filtered : 708720923.000000
time : 152.788788
