Parameters: GAD=1 vflib=1 dir=0 label=0 lowerbound=1 fileNameGp=../graphsdb/mcs30/bvg/b03m/mcs30_b03m_s25.A11 fileNameGt=../graphsdb/mcs30/bvg/b03m/mcs30_b03m_s25.B11
Reading graphs...
25 :  35
25 :  36
Initializing...
maxdom : 25
D->valSize : 625
Solving...
currentSize : 8 <-- 0.005346 s
currentSize : 10 <-- 0.005485 s
currentSize : 11 <-- 0.005757 s
currentSize : 12 <-- 0.009370 s
currentSize : 13 <-- 0.035163 s
currentSize : 14 <-- 0.078722 s
currentSize : 15 <-- 0.736879 s
currentSize : 16 <-- 0.804085 s
currentSize : 17 <-- 0.804231 s
currentSize : 18 <-- 4.251461 s

maxsize : 18
nodes : 1457881.000000
filtered : 16450529.000000
time : 4.847231
