Parameters: GAD=1 vflib=1 dir=0 label=0 lowerbound=1 fileNameGp=../graphsdb/mcs30/rand/r01/mcs30_r01_s30.A76 fileNameGt=../graphsdb/mcs30/rand/r01/mcs30_r01_s30.B76
Reading graphs...
30 :  84
30 :  84
Initializing...
maxdom : 30
D->valSize : 900
Solving...
currentSize : 12 <-- 0.010643 s
currentSize : 13 <-- 0.010685 s
currentSize : 14 <-- 0.012265 s
currentSize : 15 <-- 0.012301 s
currentSize : 16 <-- 0.013572 s
currentSize : 17 <-- 0.074027 s
currentSize : 18 <-- 15.446924 s

maxsize : 18
nodes : 52653931.000000
filtered : 1110754637.000000
time : 246.614304
