Parameters: GAD=1 vflib=1 dir=0 label=0 lowerbound=1 fileNameGp=../graphsdb/mcs30/m3D/m3Dr4/mcs30_m3Dr4_s25.A05 fileNameGt=../graphsdb/mcs30/m3D/m3Dr4/mcs30_m3Dr4_s25.B05
Reading graphs...
25 :  59
25 :  59
Initializing...
maxdom : 25
D->valSize : 625
Solving...
currentSize : 10 <-- 0.008558 s
currentSize : 11 <-- 0.008656 s
currentSize : 12 <-- 0.008752 s
currentSize : 13 <-- 0.010719 s
currentSize : 14 <-- 0.012446 s
currentSize : 15 <-- 0.026687 s
currentSize : 16 <-- 2.740532 s

maxsize : 16
nodes : 2823527.000000
filtered : 51722875.000000
time : 11.891198
