Parameters: GAD=1 vflib=1 dir=0 label=0 lowerbound=1 fileNameGp=../graphsdb/mcs30/bvg/b03m/mcs30_b03m_s25.A55 fileNameGt=../graphsdb/mcs30/bvg/b03m/mcs30_b03m_s25.B55
Reading graphs...
25 :  37
25 :  37
Initializing...
maxdom : 25
D->valSize : 625
Solving...
currentSize : 13 <-- 0.009012 s
currentSize : 14 <-- 0.232242 s
currentSize : 15 <-- 0.350455 s
currentSize : 16 <-- 0.708678 s
currentSize : 17 <-- 0.717520 s
currentSize : 18 <-- 0.955267 s

maxsize : 18
nodes : 865716.000000
filtered : 11305668.000000
time : 3.151446
