Parameters: GAD=1 vflib=1 dir=0 label=0 lowerbound=1 fileNameGp=../graphsdb/mcs30/bvg/b03/mcs30_b03_s35.A84 fileNameGt=../graphsdb/mcs30/bvg/b03/mcs30_b03_s35.B84
Reading graphs...
35 :  51
35 :  51
Initializing...
maxdom : 35
D->valSize : 1225
Solving...
currentSize : 15 <-- 0.021080 s
currentSize : 16 <-- 0.021937 s
currentSize : 17 <-- 0.023221 s
currentSize : 18 <-- 0.023408 s
currentSize : 19 <-- 0.025848 s
currentSize : 20 <-- 0.283289 s
currentSize : 21 <-- 1.026580 s
currentSize : 22 <-- 1.029629 s
currentSize : 23 <-- 4.000569 s
currentSize : 24 <-- 15.145573 s
currentSize : 25 <-- 2305.918701 s

maxsize : 25
nodes : 519572064.000000
filtered : 8772478668.000000
time : 2399.854248
