Parameters: GAD=1 vflib=1 dir=0 label=0 lowerbound=1 fileNameGp=../graphsdb/mcs30/m3D/m3D/mcs30_m3D_s30.A70 fileNameGt=../graphsdb/mcs30/m3D/m3D/mcs30_m3D_s30.B70
Reading graphs...
30 :  60
30 :  58
Initializing...
maxdom : 30
D->valSize : 900
Solving...
currentSize : 16 <-- 0.018830 s
currentSize : 17 <-- 0.079037 s
currentSize : 18 <-- 0.180060 s
currentSize : 19 <-- 0.271516 s
currentSize : 20 <-- 2.275129 s
currentSize : 21 <-- 6.422690 s

maxsize : 21
nodes : 6339000.000000
filtered : 154609871.000000
time : 32.274040
