Parameters: GAD=1 vflib=1 dir=0 label=0 lowerbound=1 fileNameGp=../graphsdb/mcs30/m3D/m3Dr6/mcs30_m3Dr6_s30.A72 fileNameGt=../graphsdb/mcs30/m3D/m3Dr6/mcs30_m3Dr6_s30.B72
Reading graphs...
30 :  76
30 :  76
Initializing...
maxdom : 30
D->valSize : 900
Solving...
currentSize : 10 <-- 0.010326 s
currentSize : 12 <-- 0.010348 s
currentSize : 13 <-- 0.010465 s
currentSize : 14 <-- 0.010551 s
currentSize : 15 <-- 0.010648 s
currentSize : 16 <-- 0.036933 s
currentSize : 17 <-- 0.038031 s
currentSize : 18 <-- 0.088379 s
currentSize : 19 <-- 2.544459 s

maxsize : 19
nodes : 24455859.000000
filtered : 595761376.000000
time : 124.148613
