Parameters: GAD=1 vflib=1 dir=0 label=0 lowerbound=1 fileNameGp=../graphsdb/mcs30/rand/r005/mcs30_r005_s30.A09 fileNameGt=../graphsdb/mcs30/rand/r005/mcs30_r005_s30.B09
Reading graphs...
30 :  47
30 :  48
Initializing...
maxdom : 30
D->valSize : 900
Solving...
currentSize : 10 <-- 0.019196 s
currentSize : 13 <-- 0.019248 s
currentSize : 14 <-- 0.019264 s
currentSize : 15 <-- 0.020686 s
currentSize : 16 <-- 0.020774 s
currentSize : 17 <-- 0.024081 s
currentSize : 18 <-- 0.032606 s
currentSize : 19 <-- 0.284141 s
currentSize : 20 <-- 0.451320 s
currentSize : 21 <-- 0.951832 s

maxsize : 21
nodes : 8186401.000000
filtered : 160091303.000000
time : 38.167061
