Parameters: GAD=1 vflib=1 dir=0 label=0 lowerbound=1 fileNameGp=../graphsdb/mcs30/rand/r02/mcs30_r02_s35.A59 fileNameGt=../graphsdb/mcs30/rand/r02/mcs30_r02_s35.B59
Reading graphs...
35 :  211
35 :  213
Initializing...
maxdom : 35
D->valSize : 1225
Solving...
currentSize : 11 <-- 0.017979 s
currentSize : 12 <-- 0.018480 s
currentSize : 13 <-- 0.018901 s
currentSize : 14 <-- 0.099049 s
currentSize : 15 <-- 1.863564 s
currentSize : 16 <-- 609.479126 s

maxsize : 16
nodes : 687381247.000000
filtered : 10829473720.000000
time : 3215.716064
