Parameters: GAD=1 vflib=1 dir=0 label=0 lowerbound=1 fileNameGp=../graphsdb/mcs30/rand/r01/mcs30_r01_s20.A50 fileNameGt=../graphsdb/mcs30/rand/r01/mcs30_r01_s20.B50
Reading graphs...
20 :  38
20 :  37
Initializing...
maxdom : 20
D->valSize : 400
Solving...
currentSize : 9 <-- 0.003711 s
currentSize : 10 <-- 0.003750 s
currentSize : 11 <-- 0.003772 s
currentSize : 12 <-- 0.003914 s
currentSize : 13 <-- 0.003963 s
currentSize : 14 <-- 0.008934 s

maxsize : 14
nodes : 51676.000000
filtered : 953588.000000
time : 0.250501
