Parameters: GAD=1 vflib=1 dir=0 label=0 lowerbound=1 fileNameGp=../graphsdb/mcs30/bvg/b03m/mcs30_b03m_s30.A42 fileNameGt=../graphsdb/mcs30/bvg/b03m/mcs30_b03m_s30.B42
Reading graphs...
30 :  45
30 :  45
Initializing...
maxdom : 30
D->valSize : 900
Solving...
currentSize : 16 <-- 0.019495 s
currentSize : 17 <-- 0.019869 s
currentSize : 19 <-- 0.022791 s
currentSize : 20 <-- 0.154958 s
currentSize : 21 <-- 1.376408 s
currentSize : 22 <-- 21.136747 s

maxsize : 22
nodes : 6331860.000000
filtered : 116613293.000000
time : 30.073704
