Parameters: GAD=1 vflib=1 dir=0 label=0 lowerbound=1 fileNameGp=../graphsdb/mcs30/bvg/b06/mcs30_b06_s35.A99 fileNameGt=../graphsdb/mcs30/bvg/b06/mcs30_b06_s35.B99
Reading graphs...
35 :  103
35 :  104
Initializing...
maxdom : 35
D->valSize : 1225
Solving...
currentSize : 15 <-- 0.019616 s
currentSize : 16 <-- 0.019878 s
currentSize : 17 <-- 0.022198 s
currentSize : 18 <-- 0.023909 s
currentSize : 19 <-- 0.032677 s
currentSize : 20 <-- 15.836599 s
currentSize : 21 <-- 205.986130 s

maxsize : 21
nodes : 263539745.000000
filtered : 7712941439.000000
time : 1511.055542
