Parameters: GAD=1 vflib=1 dir=0 label=0 lowerbound=1 fileNameGp=../graphsdb/mcs30/rand/r005/mcs30_r005_s30.A92 fileNameGt=../graphsdb/mcs30/rand/r005/mcs30_r005_s30.B92
Reading graphs...
30 :  48
30 :  48
Initializing...
maxdom : 30
D->valSize : 900
Solving...
currentSize : 14 <-- 0.019285 s
currentSize : 15 <-- 0.019321 s
currentSize : 16 <-- 0.019351 s
currentSize : 17 <-- 0.019394 s
currentSize : 18 <-- 0.019438 s
currentSize : 19 <-- 0.256657 s
currentSize : 20 <-- 3.480541 s
currentSize : 21 <-- 25.398178 s

maxsize : 21
nodes : 18731212.000000
filtered : 363994953.000000
time : 86.304962
