Parameters: GAD=1 vflib=1 dir=0 label=0 lowerbound=1 fileNameGp=../graphsdb/mcs30/m2D/m2Dr4/mcs30_m2Dr4_s30.A32 fileNameGt=../graphsdb/mcs30/m2D/m2Dr4/mcs30_m2Dr4_s30.B32
Reading graphs...
30 :  59
30 :  56
Initializing...
maxdom : 30
D->valSize : 900
Solving...
currentSize : 14 <-- 0.010783 s
currentSize : 15 <-- 0.011009 s
currentSize : 16 <-- 0.012418 s
currentSize : 17 <-- 0.017891 s
currentSize : 18 <-- 0.161544 s
currentSize : 19 <-- 0.383295 s
currentSize : 20 <-- 7.051872 s

maxsize : 20
nodes : 21638442.000000
filtered : 467958368.000000
time : 100.788986
