Parameters: GAD=1 vflib=1 dir=0 label=0 lowerbound=1 fileNameGp=../graphsdb/mcs30/rand/r01/mcs30_r01_s15.A97 fileNameGt=../graphsdb/mcs30/rand/r01/mcs30_r01_s15.B97
Reading graphs...
15 :  22
15 :  22
Initializing...
maxdom : 15
D->valSize : 225
Solving...
currentSize : 6 <-- 0.000983 s
currentSize : 8 <-- 0.001029 s
currentSize : 9 <-- 0.001135 s
currentSize : 10 <-- 0.001148 s
currentSize : 11 <-- 0.002551 s
currentSize : 12 <-- 0.003911 s

maxsize : 12
nodes : 2127.000000
filtered : 24617.000000
time : 0.006665
