Parameters: GAD=1 vflib=1 dir=0 label=0 lowerbound=1 fileNameGp=../graphsdb/mcs30/bvg/b03m/mcs30_b03m_s35.A58 fileNameGt=../graphsdb/mcs30/bvg/b03m/mcs30_b03m_s35.B58
Reading graphs...
35 :  51
35 :  50
Initializing...
maxdom : 35
D->valSize : 1225
Solving...
currentSize : 9 <-- 0.021107 s
currentSize : 10 <-- 0.021139 s
currentSize : 19 <-- 0.021196 s
currentSize : 21 <-- 0.021346 s
currentSize : 22 <-- 0.042149 s
currentSize : 23 <-- 3.628636 s
currentSize : 24 <-- 7.739858 s
currentSize : 25 <-- 37.468910 s
currentSize : 26 <-- 77.422752 s
currentSize : 27 <-- 93.929184 s

maxsize : 27
nodes : 22838869.000000
filtered : 471498513.000000
time : 119.155083
