Parameters: GAD=1 vflib=1 dir=0 label=0 lowerbound=1 fileNameGp=../graphsdb/mcs30/bvg/b09/mcs30_b09_s35.A71 fileNameGt=../graphsdb/mcs30/bvg/b09/mcs30_b09_s35.B71
Reading graphs...
35 :  153
35 :  154
Initializing...
maxdom : 35
D->valSize : 1225
Solving...
currentSize : 13 <-- 0.019001 s
currentSize : 14 <-- 0.019036 s
currentSize : 15 <-- 0.075469 s
currentSize : 16 <-- 0.087595 s
currentSize : 17 <-- 4.012058 s
currentSize : 18 <-- 10.549036 s
currentSize : 19 <-- 26.836029 s
currentSize : 20 <-- 589.456665 s

maxsize : 20
nodes : 163776834.000000
filtered : 4562979465.000000
time : 923.514282
