Parameters: GAD=1 vflib=1 dir=0 label=0 lowerbound=1 fileNameGp=../graphsdb/mcs30/bvg/b09m/mcs30_b09m_s35.A53 fileNameGt=../graphsdb/mcs30/bvg/b09m/mcs30_b09m_s35.B53
Reading graphs...
35 :  147
35 :  144
Initializing...
maxdom : 35
D->valSize : 1225
Solving...
currentSize : 9 <-- 0.018083 s
currentSize : 11 <-- 0.018109 s
currentSize : 12 <-- 0.018319 s
currentSize : 13 <-- 0.018752 s
currentSize : 14 <-- 0.018821 s
currentSize : 15 <-- 0.020035 s
currentSize : 16 <-- 0.098591 s
currentSize : 17 <-- 2.916446 s
currentSize : 18 <-- 97.436150 s
currentSize : 19 <-- 857.036926 s

maxsize : 19
nodes : 365577131.000000
filtered : 8665040733.000000
time : 1922.288330
