Parameters: GAD=1 vflib=1 dir=0 label=0 lowerbound=1 fileNameGp=../graphsdb/mcs30/m3D/m3D/mcs30_m3D_s30.A60 fileNameGt=../graphsdb/mcs30/m3D/m3D/mcs30_m3D_s30.B60
Reading graphs...
30 :  60
30 :  61
Initializing...
maxdom : 30
D->valSize : 900
Solving...
currentSize : 14 <-- 0.010934 s
currentSize : 15 <-- 0.010972 s
currentSize : 16 <-- 0.041409 s
currentSize : 17 <-- 0.195276 s
currentSize : 18 <-- 0.527793 s
currentSize : 19 <-- 8.413446 s
currentSize : 20 <-- 15.400727 s

maxsize : 20
nodes : 26687029.000000
filtered : 604864766.000000
time : 130.038589
