Parameters: GAD=1 vflib=1 dir=0 label=0 lowerbound=1 fileNameGp=../graphsdb/mcs30/bvg/b06m/mcs30_b06m_s25.A58 fileNameGt=../graphsdb/mcs30/bvg/b06m/mcs30_b06m_s25.B58
Reading graphs...
25 :  69
25 :  71
Initializing...
maxdom : 25
D->valSize : 625
Solving...
currentSize : 4 <-- 0.004774 s
currentSize : 7 <-- 0.004834 s
currentSize : 12 <-- 0.004852 s
currentSize : 13 <-- 0.006661 s
currentSize : 14 <-- 0.042579 s
currentSize : 15 <-- 0.101601 s

maxsize : 15
nodes : 1807050.000000
filtered : 33569459.000000
time : 7.514984
