Parameters: GAD=1 vflib=1 dir=0 label=0 lowerbound=1 fileNameGp=../graphsdb/mcs30/rand/r005/mcs30_r005_s30.A76 fileNameGt=../graphsdb/mcs30/rand/r005/mcs30_r005_s30.B76
Reading graphs...
30 :  47
30 :  48
Initializing...
maxdom : 30
D->valSize : 900
Solving...
currentSize : 14 <-- 0.018870 s
currentSize : 15 <-- 0.018917 s
currentSize : 16 <-- 0.018982 s
currentSize : 17 <-- 0.032264 s
currentSize : 18 <-- 0.068111 s
currentSize : 19 <-- 0.068135 s
currentSize : 20 <-- 1.611713 s
currentSize : 21 <-- 3.988503 s
currentSize : 22 <-- 4.013511 s

maxsize : 22
nodes : 5790168.000000
filtered : 126046414.000000
time : 28.450024
