Parameters: GAD=1 vflib=1 dir=0 label=0 lowerbound=1 fileNameGp=../graphsdb/mcs30/rand/r01/mcs30_r01_s25.A82 fileNameGt=../graphsdb/mcs30/rand/r01/mcs30_r01_s25.B82
Reading graphs...
25 :  62
25 :  55
Initializing...
maxdom : 25
D->valSize : 625
Solving...
currentSize : 10 <-- 0.004926 s
currentSize : 12 <-- 0.006281 s
currentSize : 13 <-- 0.006480 s
currentSize : 14 <-- 0.057896 s
currentSize : 15 <-- 0.092781 s
currentSize : 16 <-- 0.463159 s

maxsize : 16
nodes : 2183486.000000
filtered : 41638195.000000
time : 8.922558
