Parameters: GAD=1 vflib=1 dir=0 label=0 lowerbound=1 fileNameGp=../graphsdb/mcs30/m3D/m3Dr6/mcs30_m3Dr6_s25.A99 fileNameGt=../graphsdb/mcs30/m3D/m3Dr6/mcs30_m3Dr6_s25.B99
Reading graphs...
25 :  62
25 :  58
Initializing...
maxdom : 25
D->valSize : 625
Solving...
currentSize : 10 <-- 0.008521 s
currentSize : 11 <-- 0.008557 s
currentSize : 12 <-- 0.008671 s
currentSize : 13 <-- 0.012160 s
currentSize : 14 <-- 0.024555 s
currentSize : 15 <-- 0.037799 s
currentSize : 16 <-- 0.136786 s

maxsize : 16
nodes : 1485910.000000
filtered : 27946627.000000
time : 6.297738
