Parameters: GAD=1 vflib=1 dir=0 label=0 lowerbound=1 fileNameGp=../graphsdb/mcs30/bvg/b06m/mcs30_b06m_s35.A04 fileNameGt=../graphsdb/mcs30/bvg/b06m/mcs30_b06m_s35.B04
Reading graphs...
35 :  102
35 :  103
Initializing...
maxdom : 35
D->valSize : 1225
Solving...
currentSize : 14 <-- 0.024316 s
currentSize : 16 <-- 0.024349 s
currentSize : 17 <-- 0.024470 s
currentSize : 18 <-- 0.132561 s
currentSize : 19 <-- 0.518290 s
currentSize : 20 <-- 3.887557 s
currentSize : 21 <-- 138.833984 s
currentSize : 22 <-- 1190.057861 s

maxsize : 22
nodes : 250052821.000000
filtered : 6694189719.000000
time : 1423.068726
