Parameters: GAD=1 vflib=1 dir=0 label=0 lowerbound=1 fileNameGp=../graphsdb/mcs30/bvg/b06/mcs30_b06_s25.A30 fileNameGt=../graphsdb/mcs30/bvg/b06/mcs30_b06_s25.B30
Reading graphs...
25 :  73
25 :  71
Initializing...
maxdom : 25
D->valSize : 625
Solving...
currentSize : 9 <-- 0.004906 s
currentSize : 10 <-- 0.004999 s
currentSize : 12 <-- 0.005074 s
currentSize : 13 <-- 0.018320 s
currentSize : 14 <-- 0.022551 s
currentSize : 15 <-- 0.778506 s
currentSize : 16 <-- 4.805237 s

maxsize : 16
nodes : 1624974.000000
filtered : 29299643.000000
time : 6.683679
