Parameters: GAD=1 vflib=1 dir=0 label=0 lowerbound=1 fileNameGp=../graphsdb/mcs30/rand/r005/mcs30_r005_s20.A37 fileNameGt=../graphsdb/mcs30/rand/r005/mcs30_r005_s20.B37
Reading graphs...
20 :  23
20 :  23
Initializing...
maxdom : 20
D->valSize : 400
Solving...
currentSize : 7 <-- 0.002270 s
currentSize : 8 <-- 0.002398 s
currentSize : 12 <-- 0.002463 s
currentSize : 13 <-- 0.002714 s
currentSize : 14 <-- 0.002735 s
currentSize : 15 <-- 0.002739 s

maxsize : 15
nodes : 11135.000000
filtered : 178714.000000
time : 0.040928
