Parameters: GAD=1 vflib=1 dir=0 label=0 lowerbound=1 fileNameGp=../graphsdb/mcs30/rand/r005/mcs30_r005_s25.A63 fileNameGt=../graphsdb/mcs30/rand/r005/mcs30_r005_s25.B63
Reading graphs...
25 :  34
25 :  33
Initializing...
maxdom : 25
D->valSize : 625
Solving...
currentSize : 10 <-- 0.005432 s
currentSize : 11 <-- 0.005457 s
currentSize : 12 <-- 0.005700 s
currentSize : 13 <-- 0.006793 s
currentSize : 14 <-- 0.009963 s
currentSize : 15 <-- 0.025678 s
currentSize : 16 <-- 0.026783 s
currentSize : 17 <-- 0.039887 s
currentSize : 18 <-- 0.113748 s

maxsize : 18
nodes : 849855.000000
filtered : 13650450.000000
time : 3.250438
