Parameters: GAD=1 vflib=1 dir=0 label=0 lowerbound=1 fileNameGp=../graphsdb/mcs30/m3D/m3Dr4/mcs30_m3Dr4_s25.A40 fileNameGt=../graphsdb/mcs30/m3D/m3Dr4/mcs30_m3Dr4_s25.B40
Reading graphs...
25 :  57
25 :  55
Initializing...
maxdom : 25
D->valSize : 625
Solving...
currentSize : 12 <-- 0.005264 s
currentSize : 13 <-- 0.006536 s
currentSize : 14 <-- 0.008497 s
currentSize : 15 <-- 0.010370 s
currentSize : 16 <-- 0.078774 s
currentSize : 17 <-- 0.805745 s

maxsize : 17
nodes : 1558199.000000
filtered : 29637815.000000
time : 6.467857
