Parameters: GAD=1 vflib=1 dir=0 label=0 lowerbound=1 fileNameGp=../graphsdb/mcs30/bvg/b06m/mcs30_b06m_s35.A69 fileNameGt=../graphsdb/mcs30/bvg/b06m/mcs30_b06m_s35.B69
Reading graphs...
35 :  102
35 :  100
Initializing...
maxdom : 35
D->valSize : 1225
Solving...
currentSize : 16 <-- 0.025000 s
currentSize : 17 <-- 0.055406 s
currentSize : 18 <-- 0.058507 s
currentSize : 19 <-- 0.215705 s
currentSize : 20 <-- 4.232422 s
currentSize : 21 <-- 183.755539 s
currentSize : 22 <-- 824.819458 s

maxsize : 22
nodes : 194815588.000000
filtered : 5639776370.000000
time : 1117.995972
