Parameters: GAD=1 vflib=1 dir=0 label=0 lowerbound=1 fileNameGp=../graphsdb/mcs30/rand/r01/mcs30_r01_s30.A66 fileNameGt=../graphsdb/mcs30/rand/r01/mcs30_r01_s30.B66
Reading graphs...
30 :  85
30 :  83
Initializing...
maxdom : 30
D->valSize : 900
Solving...
currentSize : 12 <-- 0.010215 s
currentSize : 13 <-- 0.010298 s
currentSize : 14 <-- 0.011227 s
currentSize : 15 <-- 0.013183 s
currentSize : 16 <-- 0.040072 s
currentSize : 17 <-- 0.221993 s
currentSize : 18 <-- 1.754972 s

maxsize : 18
nodes : 46575709.000000
filtered : 1012813755.000000
time : 222.879791
