Parameters: GAD=1 vflib=1 dir=0 label=0 lowerbound=1 fileNameGp=../graphsdb/mcs30/rand/r005/mcs30_r005_s30.A04 fileNameGt=../graphsdb/mcs30/rand/r005/mcs30_r005_s30.B04
Reading graphs...
30 :  48
30 :  46
Initializing...
maxdom : 30
D->valSize : 900
Solving...
currentSize : 11 <-- 0.019267 s
currentSize : 12 <-- 0.019293 s
currentSize : 13 <-- 0.019447 s
currentSize : 15 <-- 0.019763 s
currentSize : 16 <-- 0.044627 s
currentSize : 17 <-- 0.064889 s
currentSize : 18 <-- 1.191554 s
currentSize : 19 <-- 15.196917 s
currentSize : 20 <-- 32.200569 s
currentSize : 21 <-- 84.216347 s

maxsize : 21
nodes : 27915486.000000
filtered : 385348234.000000
time : 106.945641
