Parameters: GAD=1 vflib=1 dir=0 label=0 lowerbound=1 fileNameGp=../graphsdb/mcs30/rand/r01/mcs30_r01_s20.A88 fileNameGt=../graphsdb/mcs30/rand/r01/mcs30_r01_s20.B88
Reading graphs...
20 :  36
20 :  37
Initializing...
maxdom : 20
D->valSize : 400
Solving...
currentSize : 7 <-- 0.002438 s
currentSize : 8 <-- 0.002456 s
currentSize : 9 <-- 0.002930 s
currentSize : 11 <-- 0.004453 s
currentSize : 12 <-- 0.004553 s
currentSize : 13 <-- 0.005000 s
currentSize : 14 <-- 0.230481 s
currentSize : 15 <-- 0.426812 s

maxsize : 15
nodes : 104514.000000
filtered : 1381254.000000
time : 0.460667
