Parameters: GAD=1 vflib=1 dir=0 label=0 lowerbound=1 fileNameGp=../graphsdb/mcs30/bvg/b03/mcs30_b03_s25.A79 fileNameGt=../graphsdb/mcs30/bvg/b03/mcs30_b03_s25.B79
Reading graphs...
25 :  37
25 :  37
Initializing...
maxdom : 25
D->valSize : 625
Solving...
currentSize : 11 <-- 0.005430 s
currentSize : 12 <-- 0.009058 s
currentSize : 13 <-- 0.009209 s
currentSize : 16 <-- 0.009986 s
currentSize : 17 <-- 1.053694 s
currentSize : 18 <-- 2.129132 s

maxsize : 18
nodes : 1309191.000000
filtered : 16863122.000000
time : 4.698913
