Parameters: GAD=1 vflib=1 dir=0 label=0 lowerbound=1 fileNameGp=../graphsdb/mcs30/bvg/b03/mcs30_b03_s25.A54 fileNameGt=../graphsdb/mcs30/bvg/b03/mcs30_b03_s25.B54
Reading graphs...
25 :  36
25 :  36
Initializing...
maxdom : 25
D->valSize : 625
Solving...
currentSize : 12 <-- 0.005439 s
currentSize : 13 <-- 0.005573 s
currentSize : 14 <-- 0.005599 s
currentSize : 15 <-- 0.005714 s
currentSize : 16 <-- 0.006645 s
currentSize : 17 <-- 0.007407 s
currentSize : 18 <-- 0.025959 s

maxsize : 18
nodes : 341139.000000
filtered : 5804687.000000
time : 1.388618
