Parameters: GAD=1 vflib=1 dir=0 label=0 lowerbound=1 fileNameGp=../graphsdb/mcs30/m3D/m3Dr4/mcs30_m3Dr4_s30.A53 fileNameGt=../graphsdb/mcs30/m3D/m3Dr4/mcs30_m3Dr4_s30.B53
Reading graphs...
30 :  71
30 :  70
Initializing...
maxdom : 30
D->valSize : 900
Solving...
currentSize : 13 <-- 0.018200 s
currentSize : 14 <-- 0.021327 s
currentSize : 15 <-- 0.023205 s
currentSize : 16 <-- 0.064960 s
currentSize : 17 <-- 0.219232 s
currentSize : 18 <-- 3.416643 s
currentSize : 19 <-- 6.039091 s

maxsize : 19
nodes : 16592923.000000
filtered : 382731853.000000
time : 80.000038
