Parameters: GAD=1 vflib=1 dir=0 label=0 lowerbound=1 fileNameGp=../graphsdb/mcs30/m3D/m3Dr4/mcs30_m3Dr4_s30.A43 fileNameGt=../graphsdb/mcs30/m3D/m3Dr4/mcs30_m3Dr4_s30.B43
Reading graphs...
30 :  71
30 :  68
Initializing...
maxdom : 30
D->valSize : 900
Solving...
currentSize : 14 <-- 0.014672 s
currentSize : 15 <-- 0.014729 s
currentSize : 16 <-- 0.014985 s
currentSize : 17 <-- 0.064449 s
currentSize : 18 <-- 0.064689 s
currentSize : 19 <-- 17.443924 s
currentSize : 20 <-- 55.488010 s

maxsize : 20
nodes : 22721309.000000
filtered : 520627184.000000
time : 111.107155
