Parameters: GAD=1 vflib=1 dir=0 label=0 lowerbound=1 fileNameGp=../graphsdb/mcs30/rand/r02/mcs30_r02_s30.A77 fileNameGt=../graphsdb/mcs30/rand/r02/mcs30_r02_s30.B77
Reading graphs...
30 :  158
30 :  154
Initializing...
maxdom : 30
D->valSize : 900
Solving...
currentSize : 9 <-- 0.009543 s
currentSize : 10 <-- 0.009579 s
currentSize : 11 <-- 0.009701 s
currentSize : 12 <-- 0.010338 s
currentSize : 13 <-- 0.081612 s
currentSize : 14 <-- 0.789551 s

maxsize : 14
nodes : 103442206.000000
filtered : 1307607446.000000
time : 415.889771
