Parameters: GAD=1 vflib=1 dir=0 label=0 lowerbound=1 fileNameGp=../graphsdb/mcs30/bvg/b06/mcs30_b06_s30.A87 fileNameGt=../graphsdb/mcs30/bvg/b06/mcs30_b06_s30.B87
Reading graphs...
30 :  88
30 :  87
Initializing...
maxdom : 30
D->valSize : 900
Solving...
currentSize : 12 <-- 0.010170 s
currentSize : 13 <-- 0.019077 s
currentSize : 14 <-- 0.020027 s
currentSize : 15 <-- 0.021700 s
currentSize : 16 <-- 0.231999 s
currentSize : 17 <-- 0.584734 s
currentSize : 18 <-- 21.601042 s

maxsize : 18
nodes : 22083368.000000
filtered : 492922800.000000
time : 106.650421
