Parameters: GAD=1 vflib=1 dir=0 label=0 lowerbound=1 fileNameGp=../graphsdb/mcs30/bvg/b03m/mcs30_b03m_s25.A42 fileNameGt=../graphsdb/mcs30/bvg/b03m/mcs30_b03m_s25.B42
Reading graphs...
25 :  37
25 :  37
Initializing...
maxdom : 25
D->valSize : 625
Solving...
currentSize : 9 <-- 0.005233 s
currentSize : 10 <-- 0.005250 s
currentSize : 11 <-- 0.005663 s
currentSize : 12 <-- 0.006969 s
currentSize : 13 <-- 0.006995 s
currentSize : 14 <-- 0.007039 s
currentSize : 15 <-- 0.059062 s
currentSize : 16 <-- 0.241079 s
currentSize : 17 <-- 0.855296 s
currentSize : 18 <-- 2.148986 s

maxsize : 18
nodes : 810621.000000
filtered : 10585233.000000
time : 2.905153
