Parameters: GAD=1 vflib=1 dir=0 label=0 lowerbound=1 fileNameGp=../graphsdb/mcs30/bvg/b03/mcs30_b03_s30.A12 fileNameGt=../graphsdb/mcs30/bvg/b03/mcs30_b03_s30.B12
Reading graphs...
30 :  44
30 :  45
Initializing...
maxdom : 30
D->valSize : 900
Solving...
currentSize : 15 <-- 0.011147 s
currentSize : 17 <-- 0.019862 s
currentSize : 18 <-- 2.792156 s
currentSize : 19 <-- 3.375985 s
currentSize : 20 <-- 4.327595 s
currentSize : 21 <-- 22.716043 s

maxsize : 21
nodes : 25370144.000000
filtered : 412790029.000000
time : 108.365082
