Parameters: GAD=1 vflib=1 dir=0 label=0 lowerbound=1 fileNameGp=../graphsdb/mcs30/m3D/m3D/mcs30_m3D_s25.A95 fileNameGt=../graphsdb/mcs30/m3D/m3D/mcs30_m3D_s25.B95
Reading graphs...
25 :  49
25 :  48
Initializing...
maxdom : 25
D->valSize : 625
Solving...
currentSize : 12 <-- 0.008832 s
currentSize : 13 <-- 0.010609 s
currentSize : 14 <-- 0.013726 s
currentSize : 15 <-- 0.092126 s
currentSize : 16 <-- 0.182174 s
currentSize : 17 <-- 1.794843 s

maxsize : 17
nodes : 1952473.000000
filtered : 35604031.000000
time : 8.269682
