Parameters: GAD=1 vflib=1 dir=0 label=0 lowerbound=1 fileNameGp=../graphsdb/mcs30/bvg/b03m/mcs30_b03m_s30.A30 fileNameGt=../graphsdb/mcs30/bvg/b03m/mcs30_b03m_s30.B30
Reading graphs...
30 :  44
30 :  43
Initializing...
maxdom : 30
D->valSize : 900
Solving...
currentSize : 12 <-- 0.011206 s
currentSize : 14 <-- 0.011241 s
currentSize : 15 <-- 0.011399 s
currentSize : 16 <-- 0.018956 s
currentSize : 17 <-- 0.076430 s
currentSize : 18 <-- 2.028579 s
currentSize : 19 <-- 4.276115 s
currentSize : 20 <-- 12.324793 s
currentSize : 21 <-- 17.020502 s

maxsize : 21
nodes : 12305999.000000
filtered : 172095363.000000
time : 47.512222
