Parameters: GAD=1 vflib=1 dir=0 label=0 lowerbound=1 fileNameGp=../graphsdb/mcs30/m3D/m3D/mcs30_m3D_s25.A70 fileNameGt=../graphsdb/mcs30/m3D/m3D/mcs30_m3D_s25.B70
Reading graphs...
25 :  49
25 :  49
Initializing...
maxdom : 25
D->valSize : 625
Solving...
currentSize : 11 <-- 0.008850 s
currentSize : 12 <-- 0.009128 s
currentSize : 14 <-- 0.009247 s
currentSize : 15 <-- 0.009539 s
currentSize : 16 <-- 0.011770 s
currentSize : 17 <-- 5.485368 s

maxsize : 17
nodes : 2277468.000000
filtered : 38529565.000000
time : 9.121001
