Parameters: GAD=1 vflib=1 dir=0 label=0 lowerbound=1 fileNameGp=../graphsdb/mcs30/bvg/b03/mcs30_b03_s20.A61 fileNameGt=../graphsdb/mcs30/bvg/b03/mcs30_b03_s20.B61
Reading graphs...
20 :  30
20 :  30
Initializing...
maxdom : 20
D->valSize : 400
Solving...
currentSize : 8 <-- 0.002899 s
currentSize : 10 <-- 0.002979 s
currentSize : 11 <-- 0.003469 s
currentSize : 12 <-- 0.005860 s
currentSize : 13 <-- 0.005923 s
currentSize : 14 <-- 0.046379 s
currentSize : 15 <-- 0.054632 s

maxsize : 15
nodes : 28275.000000
filtered : 392377.000000
time : 0.092458
