Parameters: GAD=1 vflib=1 dir=0 label=0 lowerbound=1 fileNameGp=../graphsdb/mcs30/bvg/b06/mcs30_b06_s30.A41 fileNameGt=../graphsdb/mcs30/bvg/b06/mcs30_b06_s30.B41
Reading graphs...
30 :  89
30 :  87
Initializing...
maxdom : 30
D->valSize : 900
Solving...
currentSize : 13 <-- 0.015214 s
currentSize : 14 <-- 0.015232 s
currentSize : 15 <-- 0.028131 s
currentSize : 16 <-- 0.050744 s
currentSize : 17 <-- 0.094707 s
currentSize : 18 <-- 15.400335 s

maxsize : 18
nodes : 18705550.000000
filtered : 443778529.000000
time : 91.447639
