Parameters: GAD=1 vflib=1 dir=0 label=0 lowerbound=1 fileNameGp=../graphsdb/mcs30/m3D/m3Dr6/mcs30_m3Dr6_s25.A64 fileNameGt=../graphsdb/mcs30/m3D/m3Dr6/mcs30_m3Dr6_s25.B64
Reading graphs...
25 :  61
25 :  58
Initializing...
maxdom : 25
D->valSize : 625
Solving...
currentSize : 7 <-- 0.005121 s
currentSize : 10 <-- 0.005149 s
currentSize : 11 <-- 0.005187 s
currentSize : 12 <-- 0.005374 s
currentSize : 13 <-- 0.005463 s
currentSize : 14 <-- 0.005724 s
currentSize : 15 <-- 0.112372 s
currentSize : 16 <-- 1.354856 s

maxsize : 16
nodes : 2534861.000000
filtered : 46999827.000000
time : 10.503554
