Parameters: GAD=1 vflib=1 dir=0 label=0 lowerbound=1 fileNameGp=../graphsdb/mcs30/rand/r005/mcs30_r005_s30.A45 fileNameGt=../graphsdb/mcs30/rand/r005/mcs30_r005_s30.B45
Reading graphs...
30 :  47
30 :  48
Initializing...
maxdom : 30
D->valSize : 900
Solving...
currentSize : 15 <-- 0.019133 s
currentSize : 16 <-- 0.022553 s
currentSize : 17 <-- 0.125385 s
currentSize : 18 <-- 0.263719 s
currentSize : 19 <-- 0.281297 s
currentSize : 20 <-- 0.718112 s
currentSize : 21 <-- 14.921420 s

maxsize : 21
nodes : 18148407.000000
filtered : 345814213.000000
time : 84.051872
