Parameters: GAD=1 vflib=1 dir=0 label=0 lowerbound=1 fileNameGp=../graphsdb/mcs30/rand/r005/mcs30_r005_s30.A86 fileNameGt=../graphsdb/mcs30/rand/r005/mcs30_r005_s30.B86
Reading graphs...
30 :  46
30 :  47
Initializing...
maxdom : 30
D->valSize : 900
Solving...
currentSize : 10 <-- 0.019372 s
currentSize : 11 <-- 0.019396 s
currentSize : 13 <-- 0.019502 s
currentSize : 15 <-- 0.019541 s
currentSize : 16 <-- 0.024454 s
currentSize : 17 <-- 0.074032 s
currentSize : 18 <-- 0.902700 s
currentSize : 19 <-- 2.213844 s
currentSize : 20 <-- 3.125772 s
currentSize : 21 <-- 154.108521 s

maxsize : 21
nodes : 38271196.000000
filtered : 585625024.000000
time : 159.474594
