Parameters: GAD=1 vflib=1 dir=0 label=0 lowerbound=1 fileNameGp=../graphsdb/mcs30/bvg/b06m/mcs30_b06m_s25.A32 fileNameGt=../graphsdb/mcs30/bvg/b06m/mcs30_b06m_s25.B32
Reading graphs...
25 :  71
25 :  66
Initializing...
maxdom : 25
D->valSize : 625
Solving...
currentSize : 10 <-- 0.004883 s
currentSize : 11 <-- 0.004910 s
currentSize : 12 <-- 0.004926 s
currentSize : 13 <-- 0.006451 s
currentSize : 14 <-- 0.013783 s
currentSize : 15 <-- 0.499857 s
currentSize : 16 <-- 1.559249 s

maxsize : 16
nodes : 1125192.000000
filtered : 23747168.000000
time : 4.915219
