Parameters: GAD=1 vflib=1 dir=0 label=0 lowerbound=1 fileNameGp=../graphsdb/mcs30/rand/r005/mcs30_r005_s25.A28 fileNameGt=../graphsdb/mcs30/rand/r005/mcs30_r005_s25.B28
Reading graphs...
25 :  34
25 :  34
Initializing...
maxdom : 25
D->valSize : 625
Solving...
currentSize : 4 <-- 0.009292 s
currentSize : 5 <-- 0.009325 s
currentSize : 8 <-- 0.009399 s
currentSize : 10 <-- 0.009487 s
currentSize : 11 <-- 0.010228 s
currentSize : 12 <-- 0.012506 s
currentSize : 13 <-- 0.029095 s
currentSize : 14 <-- 0.029199 s
currentSize : 16 <-- 0.029459 s
currentSize : 17 <-- 0.182717 s
currentSize : 18 <-- 0.615233 s

maxsize : 18
nodes : 555514.000000
filtered : 7947057.000000
time : 2.147768
