Parameters: GAD=1 vflib=1 dir=0 label=0 lowerbound=1 fileNameGp=../graphsdb/mcs30/m3D/m3Dr4/mcs30_m3Dr4_s25.A02 fileNameGt=../graphsdb/mcs30/m3D/m3Dr4/mcs30_m3Dr4_s25.B02
Reading graphs...
25 :  58
25 :  59
Initializing...
maxdom : 25
D->valSize : 625
Solving...
currentSize : 11 <-- 0.005083 s
currentSize : 12 <-- 0.005115 s
currentSize : 13 <-- 0.008120 s
currentSize : 14 <-- 0.189836 s
currentSize : 15 <-- 0.396666 s
currentSize : 16 <-- 1.964768 s
currentSize : 17 <-- 3.770844 s

maxsize : 17
nodes : 1325200.000000
filtered : 22831166.000000
time : 5.325473
