Parameters: GAD=1 vflib=1 dir=0 label=0 lowerbound=1 fileNameGp=../graphsdb/mcs30/bvg/b09/mcs30_b09_s35.A32 fileNameGt=../graphsdb/mcs30/bvg/b09/mcs30_b09_s35.B32
Reading graphs...
35 :  150
35 :  154
Initializing...
maxdom : 35
D->valSize : 1225
Solving...
currentSize : 13 <-- 0.017886 s
currentSize : 14 <-- 0.017931 s
currentSize : 16 <-- 0.018838 s
currentSize : 17 <-- 0.019541 s
currentSize : 18 <-- 0.112500 s
currentSize : 19 <-- 94.720085 s
currentSize : 20 <-- 456.208649 s

maxsize : 20
nodes : 147873511.000000
filtered : 4096597064.000000
time : 829.546082
