Parameters: GAD=1 vflib=1 dir=0 label=0 lowerbound=1 fileNameGp=../graphsdb/mcs30/m3D/m3Dr6/mcs30_m3Dr6_s30.A19 fileNameGt=../graphsdb/mcs30/m3D/m3Dr6/mcs30_m3Dr6_s30.B19
Reading graphs...
30 :  76
30 :  74
Initializing...
maxdom : 30
D->valSize : 900
Solving...
currentSize : 13 <-- 0.010297 s
currentSize : 14 <-- 0.010926 s
currentSize : 15 <-- 0.051101 s
currentSize : 16 <-- 0.053295 s
currentSize : 17 <-- 0.135678 s
currentSize : 18 <-- 7.064394 s
currentSize : 19 <-- 98.835464 s

maxsize : 19
nodes : 30625645.000000
filtered : 664481190.000000
time : 147.684540
