Parameters: GAD=1 vflib=1 dir=0 label=0 lowerbound=1 fileNameGp=../graphsdb/mcs30/bvg/b03m/mcs30_b03m_s15.A89 fileNameGt=../graphsdb/mcs30/bvg/b03m/mcs30_b03m_s15.B89
Reading graphs...
15 :  21
15 :  21
Initializing...
maxdom : 15
D->valSize : 225
Solving...
currentSize : 5 <-- 0.000835 s
currentSize : 6 <-- 0.000848 s
currentSize : 7 <-- 0.000858 s
currentSize : 8 <-- 0.001016 s
currentSize : 9 <-- 0.004438 s
currentSize : 10 <-- 0.011919 s

maxsize : 10
nodes : 14328.000000
filtered : 100989.000000
time : 0.032783
