Parameters: GAD=1 vflib=1 dir=0 label=0 lowerbound=1 fileNameGp=../graphsdb/mcs30/rand/r01/mcs30_r01_s25.A49 fileNameGt=../graphsdb/mcs30/rand/r01/mcs30_r01_s25.B49
Reading graphs...
25 :  60
25 :  61
Initializing...
maxdom : 25
D->valSize : 625
Solving...
currentSize : 9 <-- 0.008506 s
currentSize : 10 <-- 0.008542 s
currentSize : 11 <-- 0.008682 s
currentSize : 13 <-- 0.008701 s
currentSize : 15 <-- 0.010584 s
currentSize : 16 <-- 0.992160 s

maxsize : 16
nodes : 1344338.000000
filtered : 26318430.000000
time : 5.933419
