Parameters: GAD=1 vflib=1 dir=0 label=0 lowerbound=1 fileNameGp=../graphsdb/mcs30/bvg/b03m/mcs30_b03m_s30.A24 fileNameGt=../graphsdb/mcs30/bvg/b03m/mcs30_b03m_s30.B24
Reading graphs...
30 :  45
30 :  45
Initializing...
maxdom : 30
D->valSize : 900
Solving...
currentSize : 9 <-- 0.019409 s
currentSize : 12 <-- 0.019457 s
currentSize : 14 <-- 0.019627 s
currentSize : 15 <-- 0.028321 s
currentSize : 16 <-- 0.065003 s
currentSize : 17 <-- 0.640005 s
currentSize : 18 <-- 0.641982 s
currentSize : 19 <-- 1.086548 s
currentSize : 20 <-- 1.128152 s
currentSize : 21 <-- 23.134760 s

maxsize : 21
nodes : 14850479.000000
filtered : 210713296.000000
time : 61.291698
