Parameters: GAD=1 vflib=1 dir=0 label=0 lowerbound=1 fileNameGp=../graphsdb/mcs30/m3D/m3Dr4/mcs30_m3Dr4_s25.A68 fileNameGt=../graphsdb/mcs30/m3D/m3Dr4/mcs30_m3Dr4_s25.B68
Reading graphs...
25 :  58
25 :  58
Initializing...
maxdom : 25
D->valSize : 625
Solving...
currentSize : 9 <-- 0.005540 s
currentSize : 10 <-- 0.005589 s
currentSize : 12 <-- 0.005755 s
currentSize : 13 <-- 0.005793 s
currentSize : 14 <-- 0.027861 s
currentSize : 15 <-- 0.124874 s
currentSize : 16 <-- 0.328072 s
currentSize : 17 <-- 6.429998 s

maxsize : 17
nodes : 1654551.000000
filtered : 27849410.000000
time : 6.633330
