Parameters: GAD=1 vflib=1 dir=0 label=0 lowerbound=1 fileNameGp=../graphsdb/mcs30/bvg/b03/mcs30_b03_s30.A10 fileNameGt=../graphsdb/mcs30/bvg/b03/mcs30_b03_s30.B10
Reading graphs...
30 :  45
30 :  45
Initializing...
maxdom : 30
D->valSize : 900
Solving...
currentSize : 14 <-- 0.019278 s
currentSize : 16 <-- 0.019374 s
currentSize : 17 <-- 0.019883 s
currentSize : 18 <-- 0.022376 s
currentSize : 19 <-- 5.557130 s
currentSize : 20 <-- 42.765636 s
currentSize : 21 <-- 201.867310 s

maxsize : 21
nodes : 60587187.000000
filtered : 772282142.000000
time : 230.214661
