Parameters: GAD=1 vflib=1 dir=0 label=0 lowerbound=1 fileNameGp=../graphsdb/mcs30/bvg/b03/mcs30_b03_s25.A10 fileNameGt=../graphsdb/mcs30/bvg/b03/mcs30_b03_s25.B10
Reading graphs...
25 :  37
25 :  37
Initializing...
maxdom : 25
D->valSize : 625
Solving...
currentSize : 12 <-- 0.005357 s
currentSize : 13 <-- 0.005401 s
currentSize : 14 <-- 0.005704 s
currentSize : 15 <-- 0.021500 s
currentSize : 16 <-- 0.980472 s
currentSize : 17 <-- 1.025151 s
currentSize : 18 <-- 1.028556 s
currentSize : 19 <-- 1.643395 s

maxsize : 19
nodes : 664495.000000
filtered : 8060571.000000
time : 2.234903
