Parameters: GAD=1 vflib=1 dir=0 label=0 lowerbound=1 fileNameGp=../graphsdb/mcs30/bvg/b03/mcs30_b03_s35.A04 fileNameGt=../graphsdb/mcs30/bvg/b03/mcs30_b03_s35.B04
Reading graphs...
35 :  52
35 :  52
Initializing...
maxdom : 35
D->valSize : 1225
Solving...
currentSize : 17 <-- 0.025855 s
currentSize : 18 <-- 0.054079 s
currentSize : 20 <-- 0.254910 s
currentSize : 21 <-- 1.219491 s
currentSize : 23 <-- 1.223881 s
currentSize : 24 <-- 146.196564 s
currentSize : 25 <-- 146.948563 s

maxsize : 25
nodes : 128517076.000000
filtered : 2496617595.000000
time : 644.054565
