Parameters: GAD=1 vflib=1 dir=0 label=0 lowerbound=1 fileNameGp=../graphsdb/mcs30/bvg/b03m/mcs30_b03m_s25.A51 fileNameGt=../graphsdb/mcs30/bvg/b03m/mcs30_b03m_s25.B51
Reading graphs...
25 :  37
25 :  36
Initializing...
maxdom : 25
D->valSize : 625
Solving...
currentSize : 11 <-- 0.005291 s
currentSize : 13 <-- 0.005337 s
currentSize : 14 <-- 0.006143 s
currentSize : 15 <-- 0.006528 s
currentSize : 16 <-- 0.137484 s
currentSize : 17 <-- 0.645085 s
currentSize : 18 <-- 0.868295 s
currentSize : 19 <-- 0.868514 s

maxsize : 19
nodes : 371155.000000
filtered : 4378344.000000
time : 1.258740
