Parameters: GAD=1 vflib=1 dir=0 label=0 lowerbound=1 fileNameGp=../graphsdb/mcs30/rand/r005/mcs30_r005_s25.A13 fileNameGt=../graphsdb/mcs30/rand/r005/mcs30_r005_s25.B13
Reading graphs...
25 :  34
25 :  34
Initializing...
maxdom : 25
D->valSize : 625
Solving...
currentSize : 12 <-- 0.005427 s
currentSize : 13 <-- 0.006062 s
currentSize : 14 <-- 0.015381 s
currentSize : 15 <-- 0.027933 s
currentSize : 16 <-- 0.583907 s
currentSize : 18 <-- 1.087696 s
currentSize : 19 <-- 1.554369 s

maxsize : 19
nodes : 515277.000000
filtered : 5954041.000000
time : 1.730094
