Parameters: GAD=1 vflib=1 dir=0 label=0 lowerbound=1 fileNameGp=../graphsdb/mcs30/bvg/b09m/mcs30_b09m_s35.A34 fileNameGt=../graphsdb/mcs30/bvg/b09m/mcs30_b09m_s35.B34
Reading graphs...
35 :  144
35 :  146
Initializing...
maxdom : 35
D->valSize : 1225
Solving...
currentSize : 13 <-- 0.018136 s
currentSize : 14 <-- 0.018436 s
currentSize : 15 <-- 0.067055 s
currentSize : 16 <-- 0.081115 s
currentSize : 17 <-- 1.486134 s
currentSize : 18 <-- 25.121599 s
currentSize : 19 <-- 508.673645 s

maxsize : 19
nodes : 290887582.000000
filtered : 7271206998.000000
time : 1595.912476
