Parameters: GAD=1 vflib=1 dir=0 label=0 lowerbound=1 fileNameGp=../graphsdb/mcs30/bvg/b03/mcs30_b03_s30.A34 fileNameGt=../graphsdb/mcs30/bvg/b03/mcs30_b03_s30.B34
Reading graphs...
30 :  45
30 :  45
Initializing...
maxdom : 30
D->valSize : 900
Solving...
currentSize : 15 <-- 0.011100 s
currentSize : 16 <-- 0.011439 s
currentSize : 17 <-- 0.013213 s
currentSize : 18 <-- 0.029491 s
currentSize : 19 <-- 0.134114 s
currentSize : 20 <-- 0.216226 s
currentSize : 21 <-- 0.293084 s

maxsize : 21
nodes : 15043827.000000
filtered : 277055438.000000
time : 68.040504
