Parameters: GAD=1 vflib=1 dir=0 label=0 lowerbound=1 fileNameGp=../graphsdb/mcs30/bvg/b09/mcs30_b09_s35.A86 fileNameGt=../graphsdb/mcs30/bvg/b09/mcs30_b09_s35.B86
Reading graphs...
35 :  153
35 :  152
Initializing...
maxdom : 35
D->valSize : 1225
Solving...
currentSize : 13 <-- 0.018544 s
currentSize : 14 <-- 0.018563 s
currentSize : 15 <-- 0.020448 s
currentSize : 16 <-- 0.026053 s
currentSize : 17 <-- 0.829557 s
currentSize : 18 <-- 0.829695 s
currentSize : 19 <-- 2.822662 s
currentSize : 20 <-- 415.631897 s

maxsize : 20
nodes : 112113895.000000
filtered : 3355128970.000000
time : 653.610901
