Parameters: GAD=1 vflib=1 dir=0 label=0 lowerbound=1 fileNameGp=../graphsdb/mcs30/bvg/b03m/mcs30_b03m_s25.A35 fileNameGt=../graphsdb/mcs30/bvg/b03m/mcs30_b03m_s25.B35
Reading graphs...
25 :  37
25 :  35
Initializing...
maxdom : 25
D->valSize : 625
Solving...
currentSize : 12 <-- 0.005381 s
currentSize : 13 <-- 0.015395 s
currentSize : 14 <-- 0.236876 s
currentSize : 15 <-- 0.383875 s
currentSize : 16 <-- 0.386096 s
currentSize : 17 <-- 1.403742 s
currentSize : 18 <-- 1.403770 s

maxsize : 18
nodes : 971961.000000
filtered : 11597057.000000
time : 3.192580
