Parameters: GAD=1 vflib=1 dir=0 label=0 lowerbound=1 fileNameGp=../graphsdb/mcs30/rand/r01/mcs30_r01_s35.A98 fileNameGt=../graphsdb/mcs30/rand/r01/mcs30_r01_s35.B98
Reading graphs...
35 :  113
35 :  115
Initializing...
maxdom : 35
D->valSize : 1225
Solving...
currentSize : 11 <-- 0.032809 s
currentSize : 12 <-- 0.032852 s
currentSize : 14 <-- 0.033865 s
currentSize : 15 <-- 0.033879 s
currentSize : 16 <-- 0.048365 s
currentSize : 17 <-- 0.112821 s
currentSize : 18 <-- 0.155270 s
currentSize : 19 <-- 2.472528 s
currentSize : 20 <-- 14.664128 s

maxsize : 20
nodes : 355933458.000000
filtered : 9416042241.000000
time : 1983.621216
