Parameters: GAD=1 vflib=1 dir=0 label=0 lowerbound=1 fileNameGp=../graphsdb/mcs30/m3D/m3Dr2/mcs30_m3Dr2_s25.A44 fileNameGt=../graphsdb/mcs30/m3D/m3Dr2/mcs30_m3Dr2_s25.B44
Reading graphs...
25 :  52
25 :  52
Initializing...
maxdom : 25
D->valSize : 625
Solving...
currentSize : 11 <-- 0.005090 s
currentSize : 12 <-- 0.005192 s
currentSize : 13 <-- 0.005425 s
currentSize : 14 <-- 0.005927 s
currentSize : 15 <-- 0.006304 s
currentSize : 16 <-- 0.195137 s
currentSize : 17 <-- 1.489019 s

maxsize : 17
nodes : 973520.000000
filtered : 19246697.000000
time : 4.163619
