Parameters: GAD=1 vflib=1 dir=0 label=0 lowerbound=1 fileNameGp=../graphsdb/mcs30/m2D/m2Dr2/mcs30_m2Dr2_s30.A26 fileNameGt=../graphsdb/mcs30/m2D/m2Dr2/mcs30_m2Dr2_s30.B26
Reading graphs...
30 :  51
30 :  54
Initializing...
maxdom : 30
D->valSize : 900
Solving...
currentSize : 16 <-- 0.019082 s
currentSize : 17 <-- 0.019408 s
currentSize : 18 <-- 0.044450 s
currentSize : 19 <-- 0.112392 s
currentSize : 20 <-- 0.676310 s
currentSize : 21 <-- 34.352970 s

maxsize : 21
nodes : 14320457.000000
filtered : 274612875.000000
time : 66.973251
