Parameters: GAD=1 vflib=1 dir=0 label=0 lowerbound=1 fileNameGp=../graphsdb/mcs30/bvg/b03m/mcs30_b03m_s25.A66 fileNameGt=../graphsdb/mcs30/bvg/b03m/mcs30_b03m_s25.B66
Reading graphs...
25 :  37
25 :  37
Initializing...
maxdom : 25
D->valSize : 625
Solving...
currentSize : 6 <-- 0.009119 s
currentSize : 9 <-- 0.009160 s
currentSize : 11 <-- 0.009201 s
currentSize : 12 <-- 0.012177 s
currentSize : 13 <-- 0.013036 s
currentSize : 14 <-- 0.030841 s
currentSize : 15 <-- 0.078832 s
currentSize : 16 <-- 1.454888 s
currentSize : 17 <-- 2.811567 s
currentSize : 18 <-- 3.216205 s

maxsize : 18
nodes : 1502587.000000
filtered : 17075461.000000
time : 5.008730
