Parameters: GAD=1 vflib=1 dir=0 label=0 lowerbound=1 fileNameGp=../graphsdb/mcs30/bvg/b06m/mcs30_b06m_s30.A69 fileNameGt=../graphsdb/mcs30/bvg/b06m/mcs30_b06m_s30.B69
Reading graphs...
30 :  85
30 :  84
Initializing...
maxdom : 30
D->valSize : 900
Solving...
currentSize : 13 <-- 0.010211 s
currentSize : 14 <-- 0.013984 s
currentSize : 15 <-- 0.026262 s
currentSize : 16 <-- 0.121410 s
currentSize : 17 <-- 2.928938 s
currentSize : 18 <-- 8.999126 s

maxsize : 18
nodes : 32530373.000000
filtered : 728035887.000000
time : 159.775177
