Parameters: GAD=1 vflib=1 dir=0 label=0 lowerbound=1 fileNameGp=../graphsdb/mcs30/bvg/b03/mcs30_b03_s25.A95 fileNameGt=../graphsdb/mcs30/bvg/b03/mcs30_b03_s25.B95
Reading graphs...
25 :  37
25 :  36
Initializing...
maxdom : 25
D->valSize : 625
Solving...
currentSize : 11 <-- 0.009110 s
currentSize : 12 <-- 0.009571 s
currentSize : 13 <-- 0.010627 s
currentSize : 14 <-- 0.083420 s
currentSize : 15 <-- 0.152692 s
currentSize : 16 <-- 5.838356 s

maxsize : 16
nodes : 6312581.000000
filtered : 56566162.000000
time : 18.361692
