Parameters: GAD=1 vflib=1 dir=0 label=0 lowerbound=1 fileNameGp=../graphsdb/mcs30/m3D/m3Dr6/mcs30_m3Dr6_s25.A98 fileNameGt=../graphsdb/mcs30/m3D/m3Dr6/mcs30_m3Dr6_s25.B98
Reading graphs...
25 :  59
25 :  58
Initializing...
maxdom : 25
D->valSize : 625
Solving...
currentSize : 12 <-- 0.008601 s
currentSize : 13 <-- 0.008876 s
currentSize : 14 <-- 0.012952 s
currentSize : 15 <-- 0.157563 s
currentSize : 16 <-- 0.997017 s
currentSize : 17 <-- 1.097062 s

maxsize : 17
nodes : 807150.000000
filtered : 17224062.000000
time : 3.765125
