Parameters: GAD=1 vflib=1 dir=0 label=0 lowerbound=1 fileNameGp=../graphsdb/mcs30/m2D/m2Dr6/mcs30_m2Dr6_s30.A20 fileNameGt=../graphsdb/mcs30/m2D/m2Dr6/mcs30_m2Dr6_s30.B20
Reading graphs...
30 :  65
30 :  64
Initializing...
maxdom : 30
D->valSize : 900
Solving...
currentSize : 12 <-- 0.010630 s
currentSize : 13 <-- 0.010901 s
currentSize : 15 <-- 0.011361 s
currentSize : 16 <-- 0.011369 s
currentSize : 17 <-- 0.052817 s
currentSize : 18 <-- 2.533870 s
currentSize : 19 <-- 5.546357 s
currentSize : 20 <-- 148.969315 s

maxsize : 20
nodes : 34448357.000000
filtered : 673592179.000000
time : 156.470490
