Parameters: GAD=1 vflib=1 dir=0 label=0 lowerbound=1 fileNameGp=../graphsdb/mcs30/bvg/b03m/mcs30_b03m_s20.A36 fileNameGt=../graphsdb/mcs30/bvg/b03m/mcs30_b03m_s20.B36
Reading graphs...
20 :  30
20 :  29
Initializing...
maxdom : 20
D->valSize : 400
Solving...
currentSize : 9 <-- 0.002370 s
currentSize : 10 <-- 0.003040 s
currentSize : 11 <-- 0.003139 s
currentSize : 12 <-- 0.014798 s
currentSize : 13 <-- 0.150024 s
currentSize : 14 <-- 0.159030 s
currentSize : 15 <-- 0.180384 s
currentSize : 16 <-- 0.207396 s

maxsize : 16
nodes : 78677.000000
filtered : 638008.000000
time : 0.219262
