Parameters: GAD=1 vflib=1 dir=0 label=0 lowerbound=1 fileNameGp=../graphsdb/mcs30/rand/r01/mcs30_r01_s35.A71 fileNameGt=../graphsdb/mcs30/rand/r01/mcs30_r01_s35.B71
Reading graphs...
35 :  118
35 :  110
Initializing...
maxdom : 35
D->valSize : 1225
Solving...
currentSize : 11 <-- 0.023788 s
currentSize : 13 <-- 0.023811 s
currentSize : 14 <-- 0.024588 s
currentSize : 15 <-- 0.027626 s
currentSize : 16 <-- 0.058151 s
currentSize : 17 <-- 0.154984 s
currentSize : 18 <-- 0.447999 s
currentSize : 19 <-- 40.916225 s
currentSize : 20 <-- 80.850731 s

maxsize : 20
nodes : 399604570.000000
filtered : 10572216392.000000
time : 2189.371094
