Parameters: GAD=1 vflib=1 dir=0 label=0 lowerbound=1 fileNameGp=../graphsdb/mcs30/bvg/b03m/mcs30_b03m_s30.A32 fileNameGt=../graphsdb/mcs30/bvg/b03m/mcs30_b03m_s30.B32
Reading graphs...
30 :  45
30 :  45
Initializing...
maxdom : 30
D->valSize : 900
Solving...
currentSize : 12 <-- 0.011833 s
currentSize : 13 <-- 0.013044 s
currentSize : 15 <-- 0.039472 s
currentSize : 16 <-- 0.040450 s
currentSize : 17 <-- 0.131181 s
currentSize : 18 <-- 8.046485 s
currentSize : 19 <-- 15.590824 s
currentSize : 20 <-- 15.603811 s
currentSize : 21 <-- 20.889874 s
currentSize : 22 <-- 61.173683 s

maxsize : 22
nodes : 21414805.000000
filtered : 264593855.000000
time : 76.849571
