Parameters: GAD=1 vflib=1 dir=0 label=0 lowerbound=1 fileNameGp=../graphsdb/mcs30/bvg/b09/mcs30_b09_s35.A74 fileNameGt=../graphsdb/mcs30/bvg/b09/mcs30_b09_s35.B74
Reading graphs...
35 :  151
35 :  149
Initializing...
maxdom : 35
D->valSize : 1225
Solving...
currentSize : 12 <-- 0.018614 s
currentSize : 13 <-- 0.018907 s
currentSize : 14 <-- 0.020039 s
currentSize : 15 <-- 0.023339 s
currentSize : 16 <-- 0.026657 s
currentSize : 17 <-- 0.041118 s
currentSize : 18 <-- 0.562548 s
currentSize : 19 <-- 2.588540 s
currentSize : 20 <-- 66.182289 s

maxsize : 20
nodes : 142059279.000000
filtered : 3979577162.000000
time : 805.283691
