Parameters: GAD=1 vflib=1 dir=0 label=0 lowerbound=1 fileNameGp=../graphsdb/mcs30/rand/r01/mcs30_r01_s15.A35 fileNameGt=../graphsdb/mcs30/rand/r01/mcs30_r01_s15.B35
Reading graphs...
15 :  22
15 :  22
Initializing...
maxdom : 15
D->valSize : 225
Solving...
currentSize : 6 <-- 0.001353 s
currentSize : 7 <-- 0.001458 s
currentSize : 8 <-- 0.001549 s
currentSize : 9 <-- 0.001638 s
currentSize : 10 <-- 0.008160 s
currentSize : 11 <-- 0.024065 s

maxsize : 11
nodes : 8337.000000
filtered : 75283.000000
time : 0.032611
