Parameters: GAD=1 vflib=1 dir=0 label=0 lowerbound=1 fileNameGp=../graphsdb/mcs30/bvg/b09/mcs30_b09_s35.A68 fileNameGt=../graphsdb/mcs30/bvg/b09/mcs30_b09_s35.B68
Reading graphs...
35 :  153
35 :  152
Initializing...
maxdom : 35
D->valSize : 1225
Solving...
currentSize : 11 <-- 0.031231 s
currentSize : 12 <-- 0.031483 s
currentSize : 13 <-- 0.032326 s
currentSize : 14 <-- 0.044706 s
currentSize : 15 <-- 0.059538 s
currentSize : 16 <-- 0.508110 s
currentSize : 17 <-- 0.551081 s
currentSize : 18 <-- 3.925296 s
currentSize : 19 <-- 12.505147 s
currentSize : 20 <-- 148.210175 s

maxsize : 20
nodes : 102872956.000000
filtered : 3143372796.000000
time : 604.177795
