Parameters: GAD=1 vflib=1 dir=0 label=0 lowerbound=1 fileNameGp=../graphsdb/mcs30/bvg/b03/mcs30_b03_s35.A60 fileNameGt=../graphsdb/mcs30/bvg/b03/mcs30_b03_s35.B60
Reading graphs...
35 :  51
35 :  52
Initializing...
maxdom : 35
D->valSize : 1225
Solving...
currentSize : 20 <-- 0.021418 s
currentSize : 21 <-- 0.021473 s
currentSize : 22 <-- 0.518763 s
currentSize : 23 <-- 0.741956 s
currentSize : 24 <-- 24.970243 s
currentSize : 25 <-- 766.762451 s

maxsize : 25
nodes : 247938497.000000
filtered : 4559654219.000000
time : 1215.063721
