Parameters: GAD=1 vflib=1 dir=0 label=0 lowerbound=1 fileNameGp=../graphsdb/mcs30/rand/r005/mcs30_r005_s25.A77 fileNameGt=../graphsdb/mcs30/rand/r005/mcs30_r005_s25.B77
Reading graphs...
25 :  34
25 :  32
Initializing...
maxdom : 25
D->valSize : 625
Solving...
currentSize : 6 <-- 0.009295 s
currentSize : 10 <-- 0.009356 s
currentSize : 15 <-- 0.009490 s
currentSize : 16 <-- 0.150873 s
currentSize : 17 <-- 0.185414 s
currentSize : 18 <-- 0.358199 s
currentSize : 19 <-- 0.358313 s

maxsize : 19
nodes : 197259.000000
filtered : 3137024.000000
time : 1.003620
