Parameters: GAD=1 vflib=1 dir=0 label=0 lowerbound=1 fileNameGp=../graphsdb/mcs30/bvg/b06m/mcs30_b06m_s30.A72 fileNameGt=../graphsdb/mcs30/bvg/b06m/mcs30_b06m_s30.B72
Reading graphs...
30 :  86
30 :  83
Initializing...
maxdom : 30
D->valSize : 900
Solving...
currentSize : 12 <-- 0.010430 s
currentSize : 13 <-- 0.010583 s
currentSize : 14 <-- 0.010793 s
currentSize : 15 <-- 0.200466 s
currentSize : 16 <-- 0.366856 s
currentSize : 17 <-- 4.878084 s
currentSize : 18 <-- 64.829849 s

maxsize : 18
nodes : 30080566.000000
filtered : 616738146.000000
time : 137.903076
