Parameters: GAD=1 vflib=1 dir=0 label=0 lowerbound=1 fileNameGp=../graphsdb/mcs30/bvg/b03/mcs30_b03_s30.A86 fileNameGt=../graphsdb/mcs30/bvg/b03/mcs30_b03_s30.B86
Reading graphs...
30 :  44
30 :  45
Initializing...
maxdom : 30
D->valSize : 900
Solving...
currentSize : 16 <-- 0.011121 s
currentSize : 18 <-- 0.011491 s
currentSize : 19 <-- 0.283746 s
currentSize : 20 <-- 0.284456 s
currentSize : 21 <-- 0.380035 s
currentSize : 22 <-- 1.979469 s

maxsize : 22
nodes : 3801048.000000
filtered : 80212708.000000
time : 18.709291
