Parameters: GAD=1 vflib=1 dir=0 label=0 lowerbound=1 fileNameGp=../graphsdb/mcs30/bvg/b03m/mcs30_b03m_s35.A49 fileNameGt=../graphsdb/mcs30/bvg/b03m/mcs30_b03m_s35.B49
Reading graphs...
35 :  52
35 :  52
Initializing...
maxdom : 35
D->valSize : 1225
Solving...
currentSize : 14 <-- 0.030911 s
currentSize : 17 <-- 0.033657 s
currentSize : 18 <-- 0.034189 s
currentSize : 19 <-- 0.056525 s
currentSize : 20 <-- 0.063722 s
currentSize : 21 <-- 0.141651 s
currentSize : 22 <-- 3.962171 s
currentSize : 23 <-- 103.211090 s
currentSize : 24 <-- 124.800911 s
currentSize : 25 <-- 448.791901 s

maxsize : 25
nodes : 192919532.000000
filtered : 3424046461.000000
time : 919.463684
