Parameters: GAD=1 vflib=1 dir=0 label=0 lowerbound=1 fileNameGp=../graphsdb/mcs30/rand/r005/mcs30_r005_s35.A03 fileNameGt=../graphsdb/mcs30/rand/r005/mcs30_r005_s35.B03
Reading graphs...
35 :  64
35 :  62
Initializing...
maxdom : 35
D->valSize : 1225
Solving...
currentSize : 15 <-- 0.020446 s
currentSize : 18 <-- 0.020702 s
currentSize : 19 <-- 0.027712 s
currentSize : 20 <-- 0.036738 s
currentSize : 21 <-- 0.095409 s
currentSize : 22 <-- 0.100122 s
currentSize : 23 <-- 0.256290 s
currentSize : 24 <-- 20.600052 s

maxsize : 24
nodes : 76321846.000000
filtered : 1906156088.000000
time : 423.421478
