Parameters: GAD=1 vflib=1 dir=0 label=0 lowerbound=1 fileNameGp=../graphsdb/mcs30/m2D/m2Dr2/mcs30_m2Dr2_s30.A37 fileNameGt=../graphsdb/mcs30/m2D/m2Dr2/mcs30_m2Dr2_s30.B37
Reading graphs...
30 :  54
30 :  54
Initializing...
maxdom : 30
D->valSize : 900
Solving...
currentSize : 13 <-- 0.011094 s
currentSize : 14 <-- 0.011749 s
currentSize : 15 <-- 0.015546 s
currentSize : 16 <-- 0.035343 s
currentSize : 17 <-- 0.145566 s
currentSize : 18 <-- 0.364510 s
currentSize : 19 <-- 3.455725 s
currentSize : 20 <-- 9.440821 s

maxsize : 20
nodes : 24085923.000000
filtered : 460349366.000000
time : 108.516144
