Parameters: GAD=1 vflib=1 dir=0 label=0 lowerbound=1 fileNameGp=../graphsdb/mcs30/m3D/m3Dr6/mcs30_m3Dr6_s30.A48 fileNameGt=../graphsdb/mcs30/m3D/m3Dr6/mcs30_m3Dr6_s30.B48
Reading graphs...
30 :  75
30 :  79
Initializing...
maxdom : 30
D->valSize : 900
Solving...
currentSize : 14 <-- 0.018105 s
currentSize : 15 <-- 0.058545 s
currentSize : 16 <-- 0.299732 s
currentSize : 17 <-- 0.866657 s
currentSize : 18 <-- 1.658511 s
currentSize : 19 <-- 68.715439 s

maxsize : 19
nodes : 24702743.000000
filtered : 567561690.000000
time : 121.958336
