Parameters: GAD=1 vflib=1 dir=0 label=0 lowerbound=1 fileNameGp=../graphsdb/mcs30/rand/r005/mcs30_r005_s35.A68 fileNameGt=../graphsdb/mcs30/rand/r005/mcs30_r005_s35.B68
Reading graphs...
35 :  63
35 :  63
Initializing...
maxdom : 35
D->valSize : 1225
Solving...
currentSize : 20 <-- 0.020568 s
currentSize : 21 <-- 0.020756 s
currentSize : 22 <-- 0.022307 s
currentSize : 23 <-- 66.884132 s
currentSize : 24 <-- 476.462952 s
currentSize : 25 <-- 1355.687012 s

maxsize : 25
nodes : 284669722.000000
filtered : 6740535966.000000
time : 1531.047607
