Parameters: GAD=1 vflib=1 dir=0 label=0 lowerbound=1 fileNameGp=../graphsdb/mcs30/bvg/b06/mcs30_b06_s25.A89 fileNameGt=../graphsdb/mcs30/bvg/b06/mcs30_b06_s25.B89
Reading graphs...
25 :  73
25 :  73
Initializing...
maxdom : 25
D->valSize : 625
Solving...
currentSize : 9 <-- 0.004738 s
currentSize : 10 <-- 0.004796 s
currentSize : 12 <-- 0.006351 s
currentSize : 13 <-- 0.006473 s
currentSize : 14 <-- 0.013334 s
currentSize : 15 <-- 0.047123 s
currentSize : 16 <-- 0.251753 s

maxsize : 16
nodes : 667206.000000
filtered : 13330090.000000
time : 2.852089
