Parameters: GAD=1 vflib=1 dir=0 label=0 lowerbound=1 fileNameGp=../graphsdb/mcs30/bvg/b06/mcs30_b06_s35.A28 fileNameGt=../graphsdb/mcs30/bvg/b06/mcs30_b06_s35.B28
Reading graphs...
35 :  100
35 :  103
Initializing...
maxdom : 35
D->valSize : 1225
Solving...
currentSize : 15 <-- 0.019295 s
currentSize : 16 <-- 0.021026 s
currentSize : 17 <-- 0.035478 s
currentSize : 18 <-- 0.047372 s
currentSize : 19 <-- 0.090692 s
currentSize : 20 <-- 2.509769 s
currentSize : 21 <-- 131.516891 s

maxsize : 21
nodes : 283241375.000000
filtered : 7722949542.000000
time : 1597.878052
