Parameters: GAD=1 vflib=1 dir=0 label=0 lowerbound=1 fileNameGp=../graphsdb/mcs30/rand/r01/mcs30_r01_s30.A95 fileNameGt=../graphsdb/mcs30/rand/r01/mcs30_r01_s30.B95
Reading graphs...
30 :  83
30 :  85
Initializing...
maxdom : 30
D->valSize : 900
Solving...
currentSize : 11 <-- 0.010218 s
currentSize : 13 <-- 0.010239 s
currentSize : 14 <-- 0.010299 s
currentSize : 15 <-- 0.010357 s
currentSize : 16 <-- 0.020967 s
currentSize : 17 <-- 0.410380 s
currentSize : 18 <-- 2.244373 s

maxsize : 18
nodes : 50724145.000000
filtered : 1063583326.000000
time : 241.732697
