Parameters: GAD=1 vflib=1 dir=0 label=0 lowerbound=1 fileNameGp=../graphsdb/mcs30/bvg/b03/mcs30_b03_s30.A29 fileNameGt=../graphsdb/mcs30/bvg/b03/mcs30_b03_s30.B29
Reading graphs...
30 :  45
30 :  45
Initializing...
maxdom : 30
D->valSize : 900
Solving...
currentSize : 8 <-- 0.011204 s
currentSize : 13 <-- 0.011382 s
currentSize : 14 <-- 0.011405 s
currentSize : 16 <-- 0.011788 s
currentSize : 17 <-- 0.057585 s
currentSize : 18 <-- 0.197697 s
currentSize : 19 <-- 0.203993 s
currentSize : 20 <-- 9.075599 s
currentSize : 21 <-- 10.122021 s

maxsize : 21
nodes : 9088396.000000
filtered : 152536459.000000
time : 39.434841
