Parameters: GAD=1 vflib=1 dir=0 label=0 lowerbound=1 fileNameGp=../graphsdb/mcs30/m3D/m3D/mcs30_m3D_s25.A00 fileNameGt=../graphsdb/mcs30/m3D/m3D/mcs30_m3D_s25.B00
Reading graphs...
25 :  49
25 :  49
Initializing...
maxdom : 25
D->valSize : 625
Solving...
currentSize : 11 <-- 0.005140 s
currentSize : 12 <-- 0.005157 s
currentSize : 14 <-- 0.005244 s
currentSize : 15 <-- 0.009594 s
currentSize : 16 <-- 0.094427 s
currentSize : 17 <-- 1.399554 s

maxsize : 17
nodes : 1158801.000000
filtered : 22017546.000000
time : 4.817012
