Parameters: GAD=1 vflib=1 dir=0 label=0 lowerbound=1 fileNameGp=../graphsdb/mcs30/bvg/b06/mcs30_b06_s35.A93 fileNameGt=../graphsdb/mcs30/bvg/b06/mcs30_b06_s35.B93
Reading graphs...
35 :  102
35 :  104
Initializing...
maxdom : 35
D->valSize : 1225
Solving...
currentSize : 12 <-- 0.019261 s
currentSize : 13 <-- 0.019304 s
currentSize : 15 <-- 0.019712 s
currentSize : 16 <-- 0.023130 s
currentSize : 17 <-- 0.023549 s
currentSize : 18 <-- 0.039342 s
currentSize : 19 <-- 1.018425 s
currentSize : 20 <-- 17.807720 s
currentSize : 21 <-- 25.630039 s

maxsize : 21
nodes : 252023077.000000
filtered : 7712269281.000000
time : 1477.369507
