Parameters: GAD=1 vflib=1 dir=0 label=0 lowerbound=1 fileNameGp=../graphsdb/mcs30/m2D/m2D/mcs30_m2D_s30.A19 fileNameGt=../graphsdb/mcs30/m2D/m2D/mcs30_m2D_s30.B19
Reading graphs...
30 :  49
30 :  48
Initializing...
maxdom : 30
D->valSize : 900
Solving...
currentSize : 13 <-- 0.011084 s
currentSize : 14 <-- 0.011104 s
currentSize : 15 <-- 0.011160 s
currentSize : 16 <-- 0.012227 s
currentSize : 17 <-- 0.040922 s
currentSize : 18 <-- 0.043467 s
currentSize : 19 <-- 1.684413 s
currentSize : 20 <-- 8.117543 s
currentSize : 21 <-- 10.682085 s

maxsize : 21
nodes : 16621029.000000
filtered : 313006894.000000
time : 74.435165
