Parameters: GAD=1 vflib=1 dir=0 label=0 lowerbound=1 fileNameGp=../graphsdb/mcs30/rand/r02/mcs30_r02_s30.A14 fileNameGt=../graphsdb/mcs30/rand/r02/mcs30_r02_s30.B14
Reading graphs...
30 :  159
30 :  156
Initializing...
maxdom : 30
D->valSize : 900
Solving...
currentSize : 9 <-- 0.009266 s
currentSize : 10 <-- 0.009312 s
currentSize : 11 <-- 0.009438 s
currentSize : 12 <-- 0.009859 s
currentSize : 13 <-- 0.062188 s
currentSize : 14 <-- 6.403571 s
currentSize : 15 <-- 46.186386 s

maxsize : 15
nodes : 59290314.000000
filtered : 845009293.000000
time : 250.278397
