Parameters: GAD=1 vflib=1 dir=0 label=0 lowerbound=1 fileNameGp=../graphsdb/mcs30/bvg/b06m/mcs30_b06m_s30.A19 fileNameGt=../graphsdb/mcs30/bvg/b06m/mcs30_b06m_s30.B19
Reading graphs...
30 :  88
30 :  86
Initializing...
maxdom : 30
D->valSize : 900
Solving...
currentSize : 10 <-- 0.017750 s
currentSize : 11 <-- 0.017838 s
currentSize : 14 <-- 0.018019 s
currentSize : 15 <-- 0.108652 s
currentSize : 16 <-- 0.473913 s
currentSize : 17 <-- 2.769975 s
currentSize : 18 <-- 31.305794 s

maxsize : 18
nodes : 31515442.000000
filtered : 705031538.000000
time : 151.801666
