Parameters: GAD=1 vflib=1 dir=0 label=0 lowerbound=1 fileNameGp=../graphsdb/mcs30/bvg/b09m/mcs30_b09m_s35.A40 fileNameGt=../graphsdb/mcs30/bvg/b09m/mcs30_b09m_s35.B40
Reading graphs...
35 :  147
35 :  142
Initializing...
maxdom : 35
D->valSize : 1225
Solving...
currentSize : 12 <-- 0.018702 s
currentSize : 13 <-- 0.018857 s
currentSize : 14 <-- 0.019087 s
currentSize : 15 <-- 0.021651 s
currentSize : 16 <-- 0.083504 s
currentSize : 17 <-- 28.131359 s
currentSize : 18 <-- 58.564240 s

TIMEOUT
maxsize : 18
nodes : 708593226.000000
filtered : 15205036417.000000
time : 3600.000000
