Parameters: GAD=1 vflib=1 dir=0 label=0 lowerbound=1 fileNameGp=../graphsdb/mcs30/m3D/m3D/mcs30_m3D_s30.A23 fileNameGt=../graphsdb/mcs30/m3D/m3D/mcs30_m3D_s30.B23
Reading graphs...
30 :  61
30 :  60
Initializing...
maxdom : 30
D->valSize : 900
Solving...
currentSize : 14 <-- 0.018811 s
currentSize : 16 <-- 0.019034 s
currentSize : 17 <-- 0.140800 s
currentSize : 18 <-- 0.229353 s
currentSize : 19 <-- 3.152326 s
currentSize : 20 <-- 6.890580 s

maxsize : 20
nodes : 19954335.000000
filtered : 450095026.000000
time : 98.879959
