Parameters: GAD=1 vflib=1 dir=0 label=0 lowerbound=1 fileNameGp=../graphsdb/mcs30/bvg/b03/mcs30_b03_s30.A30 fileNameGt=../graphsdb/mcs30/bvg/b03/mcs30_b03_s30.B30
Reading graphs...
30 :  45
30 :  45
Initializing...
maxdom : 30
D->valSize : 900
Solving...
currentSize : 5 <-- 0.019224 s
currentSize : 18 <-- 0.019352 s
currentSize : 19 <-- 0.019379 s
currentSize : 20 <-- 0.799228 s
currentSize : 21 <-- 4.210213 s
currentSize : 22 <-- 17.901047 s

maxsize : 22
nodes : 6460107.000000
filtered : 115771676.000000
time : 28.973728
