Parameters: GAD=1 vflib=1 dir=0 label=0 lowerbound=1 fileNameGp=../graphsdb/mcs30/bvg/b09/mcs30_b09_s35.A34 fileNameGt=../graphsdb/mcs30/bvg/b09/mcs30_b09_s35.B34
Reading graphs...
35 :  151
35 :  152
Initializing...
maxdom : 35
D->valSize : 1225
Solving...
currentSize : 12 <-- 0.018382 s
currentSize : 13 <-- 0.018424 s
currentSize : 14 <-- 0.018439 s
currentSize : 15 <-- 0.018507 s
currentSize : 16 <-- 0.018652 s
currentSize : 17 <-- 0.019140 s
currentSize : 18 <-- 0.034689 s
currentSize : 19 <-- 20.872223 s
currentSize : 20 <-- 445.823273 s

maxsize : 20
nodes : 174130760.000000
filtered : 4299659620.000000
time : 954.136414
