Parameters: GAD=1 vflib=1 dir=0 label=0 lowerbound=1 fileNameGp=../graphsdb/mcs30/bvg/b03/mcs30_b03_s30.A13 fileNameGt=../graphsdb/mcs30/bvg/b03/mcs30_b03_s30.B13
Reading graphs...
30 :  45
30 :  45
Initializing...
maxdom : 30
D->valSize : 900
Solving...
currentSize : 16 <-- 0.011516 s
currentSize : 17 <-- 0.011643 s
currentSize : 18 <-- 0.012417 s
currentSize : 19 <-- 2.386535 s
currentSize : 20 <-- 2.531686 s
currentSize : 21 <-- 3.738810 s
currentSize : 22 <-- 26.751633 s

maxsize : 22
nodes : 9827005.000000
filtered : 185504640.000000
time : 44.530083
