Parameters: GAD=1 vflib=1 dir=0 label=0 lowerbound=1 fileNameGp=../graphsdb/mcs30/rand/r005/mcs30_r005_s35.A18 fileNameGt=../graphsdb/mcs30/rand/r005/mcs30_r005_s35.B18
Reading graphs...
35 :  63
35 :  63
Initializing...
maxdom : 35
D->valSize : 1225
Solving...
currentSize : 16 <-- 0.035649 s
currentSize : 17 <-- 0.035797 s
currentSize : 19 <-- 0.035914 s
currentSize : 20 <-- 0.102364 s
currentSize : 21 <-- 3.683454 s
currentSize : 22 <-- 14.281553 s
currentSize : 23 <-- 62.718540 s
currentSize : 24 <-- 91.957748 s

maxsize : 24
nodes : 124743663.000000
filtered : 3204904208.000000
time : 695.254150
