Parameters: GAD=1 vflib=1 dir=0 label=0 lowerbound=1 fileNameGp=../graphsdb/mcs30/bvg/b06/mcs30_b06_s30.A48 fileNameGt=../graphsdb/mcs30/bvg/b06/mcs30_b06_s30.B48
Reading graphs...
30 :  87
30 :  88
Initializing...
maxdom : 30
D->valSize : 900
Solving...
currentSize : 12 <-- 0.017597 s
currentSize : 14 <-- 0.017931 s
currentSize : 15 <-- 0.033979 s
currentSize : 16 <-- 0.121347 s
currentSize : 17 <-- 0.974458 s
currentSize : 18 <-- 14.026609 s

maxsize : 18
nodes : 22173662.000000
filtered : 498142621.000000
time : 107.015060
