Parameters: GAD=1 vflib=1 dir=0 label=0 lowerbound=1 fileNameGp=../graphsdb/mcs30/m2D/m2D/mcs30_m2D_s30.A82 fileNameGt=../graphsdb/mcs30/m2D/m2D/mcs30_m2D_s30.B82
Reading graphs...
30 :  48
30 :  49
Initializing...
maxdom : 30
D->valSize : 900
Solving...
currentSize : 14 <-- 0.011056 s
currentSize : 15 <-- 0.012684 s
currentSize : 16 <-- 0.012785 s
currentSize : 17 <-- 0.012791 s
currentSize : 18 <-- 0.034447 s
currentSize : 19 <-- 0.050806 s
currentSize : 20 <-- 0.349129 s
currentSize : 21 <-- 9.307211 s

maxsize : 21
nodes : 17816655.000000
filtered : 363481438.000000
time : 83.957413
