Parameters: GAD=1 vflib=1 dir=0 label=0 lowerbound=1 fileNameGp=../graphsdb/mcs30/bvg/b06m/mcs30_b06m_s30.A30 fileNameGt=../graphsdb/mcs30/bvg/b06m/mcs30_b06m_s30.B30
Reading graphs...
30 :  86
30 :  88
Initializing...
maxdom : 30
D->valSize : 900
Solving...
currentSize : 11 <-- 0.010123 s
currentSize : 12 <-- 0.010220 s
currentSize : 13 <-- 0.013169 s
currentSize : 14 <-- 0.019304 s
currentSize : 15 <-- 0.042606 s
currentSize : 16 <-- 0.116264 s
currentSize : 17 <-- 1.538494 s
currentSize : 18 <-- 67.087715 s

maxsize : 18
nodes : 33834340.000000
filtered : 699746494.000000
time : 159.570145
