Parameters: GAD=1 vflib=1 dir=0 label=0 lowerbound=1 fileNameGp=../graphsdb/mcs30/bvg/b09/mcs30_b09_s35.A91 fileNameGt=../graphsdb/mcs30/bvg/b09/mcs30_b09_s35.B91
Reading graphs...
35 :  152
35 :  146
Initializing...
maxdom : 35
D->valSize : 1225
Solving...
currentSize : 12 <-- 0.018182 s
currentSize : 13 <-- 0.018224 s
currentSize : 14 <-- 0.020585 s
currentSize : 15 <-- 0.027934 s
currentSize : 16 <-- 0.676248 s
currentSize : 17 <-- 2.592586 s
currentSize : 18 <-- 18.142799 s
currentSize : 19 <-- 66.090759 s
currentSize : 20 <-- 389.089020 s

maxsize : 20
nodes : 144709873.000000
filtered : 3941243066.000000
time : 805.754028
