Parameters: GAD=1 vflib=1 dir=0 label=0 lowerbound=1 fileNameGp=../graphsdb/mcs30/bvg/b03m/mcs30_b03m_s25.A52 fileNameGt=../graphsdb/mcs30/bvg/b03m/mcs30_b03m_s25.B52
Reading graphs...
25 :  37
25 :  37
Initializing...
maxdom : 25
D->valSize : 625
Solving...
currentSize : 12 <-- 0.009154 s
currentSize : 13 <-- 0.009183 s
currentSize : 15 <-- 0.061107 s
currentSize : 16 <-- 0.302959 s
currentSize : 17 <-- 0.308403 s
currentSize : 18 <-- 3.580120 s

maxsize : 18
nodes : 1356124.000000
filtered : 16104593.000000
time : 4.709538
