Parameters: GAD=1 vflib=1 dir=0 label=0 lowerbound=1 fileNameGp=../graphsdb/mcs30/bvg/b03m/mcs30_b03m_s25.A45 fileNameGt=../graphsdb/mcs30/bvg/b03m/mcs30_b03m_s25.B45
Reading graphs...
25 :  37
25 :  37
Initializing...
maxdom : 25
D->valSize : 625
Solving...
currentSize : 8 <-- 0.005273 s
currentSize : 9 <-- 0.005298 s
currentSize : 10 <-- 0.005528 s
currentSize : 11 <-- 0.005537 s
currentSize : 12 <-- 0.007574 s
currentSize : 13 <-- 0.007601 s
currentSize : 14 <-- 0.013530 s
currentSize : 16 <-- 0.099103 s
currentSize : 17 <-- 0.240812 s

maxsize : 17
nodes : 1342270.000000
filtered : 17076632.000000
time : 4.779362
