Parameters: GAD=1 vflib=1 dir=0 label=0 lowerbound=1 fileNameGp=../graphsdb/mcs30/bvg/b06m/mcs30_b06m_s30.A87 fileNameGt=../graphsdb/mcs30/bvg/b06m/mcs30_b06m_s30.B87
Reading graphs...
30 :  83
30 :  88
Initializing...
maxdom : 30
D->valSize : 900
Solving...
currentSize : 11 <-- 0.010170 s
currentSize : 12 <-- 0.010193 s
currentSize : 13 <-- 0.010321 s
currentSize : 14 <-- 0.011834 s
currentSize : 15 <-- 0.134348 s
currentSize : 16 <-- 0.324357 s
currentSize : 17 <-- 1.819359 s
currentSize : 18 <-- 13.039670 s

maxsize : 18
nodes : 25777117.000000
filtered : 559564453.000000
time : 126.307411
