Parameters: GAD=1 vflib=1 dir=0 label=0 lowerbound=1 fileNameGp=../graphsdb/mcs30/m3D/m3D/mcs30_m3D_s30.A66 fileNameGt=../graphsdb/mcs30/m3D/m3D/mcs30_m3D_s30.B66
Reading graphs...
30 :  61
30 :  61
Initializing...
maxdom : 30
D->valSize : 900
Solving...
currentSize : 12 <-- 0.018603 s
currentSize : 15 <-- 0.018743 s
currentSize : 16 <-- 0.022047 s
currentSize : 17 <-- 0.283679 s
currentSize : 18 <-- 2.524537 s
currentSize : 19 <-- 2.691687 s
currentSize : 20 <-- 9.959212 s

maxsize : 20
nodes : 17804618.000000
filtered : 419018253.000000
time : 89.804207
