Parameters: GAD=1 vflib=1 dir=0 label=0 lowerbound=1 fileNameGp=../graphsdb/mcs30/bvg/b03m/mcs30_b03m_s35.A57 fileNameGt=../graphsdb/mcs30/bvg/b03m/mcs30_b03m_s35.B57
Reading graphs...
35 :  51
35 :  50
Initializing...
maxdom : 35
D->valSize : 1225
Solving...
currentSize : 13 <-- 0.020845 s
currentSize : 14 <-- 0.020866 s
currentSize : 15 <-- 0.020900 s
currentSize : 16 <-- 0.020960 s
currentSize : 17 <-- 0.023945 s
currentSize : 18 <-- 0.054747 s
currentSize : 19 <-- 0.254779 s
currentSize : 20 <-- 10.696893 s
currentSize : 21 <-- 10.749320 s
currentSize : 22 <-- 20.321257 s
currentSize : 23 <-- 21.496729 s
currentSize : 24 <-- 53.862110 s
currentSize : 25 <-- 54.406158 s

maxsize : 25
nodes : 92964556.000000
filtered : 1905318547.000000
time : 468.486786
