Parameters: GAD=1 vflib=1 dir=0 label=0 lowerbound=1 fileNameGp=../graphsdb/mcs30/m3D/m3Dr2/mcs30_m3Dr2_s25.A66 fileNameGt=../graphsdb/mcs30/m3D/m3Dr2/mcs30_m3Dr2_s25.B66
Reading graphs...
25 :  52
25 :  51
Initializing...
maxdom : 25
D->valSize : 625
Solving...
currentSize : 11 <-- 0.008734 s
currentSize : 12 <-- 0.008755 s
currentSize : 13 <-- 0.012559 s
currentSize : 14 <-- 0.023843 s
currentSize : 15 <-- 0.053210 s
currentSize : 16 <-- 0.252622 s
currentSize : 17 <-- 6.885163 s

maxsize : 17
nodes : 2257966.000000
filtered : 37165310.000000
time : 9.349083
