Parameters: GAD=1 vflib=1 dir=0 label=0 lowerbound=1 fileNameGp=../graphsdb/mcs30/bvg/b03m/mcs30_b03m_s20.A16 fileNameGt=../graphsdb/mcs30/bvg/b03m/mcs30_b03m_s20.B16
Reading graphs...
20 :  29
20 :  29
Initializing...
maxdom : 20
D->valSize : 400
Solving...
currentSize : 8 <-- 0.002245 s
currentSize : 9 <-- 0.002266 s
currentSize : 11 <-- 0.002292 s
currentSize : 12 <-- 0.006198 s
currentSize : 13 <-- 0.006275 s
currentSize : 14 <-- 0.008447 s
currentSize : 15 <-- 0.021669 s

maxsize : 15
nodes : 25788.000000
filtered : 412956.000000
time : 0.093259
