Parameters: GAD=1 vflib=1 dir=0 label=0 lowerbound=1 fileNameGp=../graphsdb/mcs30/rand/r01/mcs30_r01_s25.A60 fileNameGt=../graphsdb/mcs30/rand/r01/mcs30_r01_s25.B60
Reading graphs...
25 :  58
25 :  58
Initializing...
maxdom : 25
D->valSize : 625
Solving...
currentSize : 11 <-- 0.005032 s
currentSize : 12 <-- 0.005098 s
currentSize : 13 <-- 0.005958 s
currentSize : 14 <-- 0.006847 s
currentSize : 15 <-- 0.013178 s
currentSize : 16 <-- 1.331794 s

maxsize : 16
nodes : 1789285.000000
filtered : 34360409.000000
time : 7.428937
