Parameters: GAD=1 vflib=1 dir=0 label=0 lowerbound=1 fileNameGp=../graphsdb/mcs30/bvg/b03/mcs30_b03_s25.A66 fileNameGt=../graphsdb/mcs30/bvg/b03/mcs30_b03_s25.B66
Reading graphs...
25 :  37
25 :  37
Initializing...
maxdom : 25
D->valSize : 625
Solving...
currentSize : 10 <-- 0.005428 s
currentSize : 12 <-- 0.005459 s
currentSize : 13 <-- 0.007781 s
currentSize : 14 <-- 0.020556 s
currentSize : 15 <-- 0.044779 s
currentSize : 16 <-- 0.318403 s
currentSize : 17 <-- 0.558162 s
currentSize : 18 <-- 0.750136 s

maxsize : 18
nodes : 663214.000000
filtered : 9330977.000000
time : 2.403660
