Parameters: GAD=1 vflib=1 dir=0 label=0 lowerbound=1 fileNameGp=../graphsdb/mcs30/bvg/b03/mcs30_b03_s30.A46 fileNameGt=../graphsdb/mcs30/bvg/b03/mcs30_b03_s30.B46
Reading graphs...
30 :  45
30 :  45
Initializing...
maxdom : 30
D->valSize : 900
Solving...
currentSize : 12 <-- 0.011110 s
currentSize : 17 <-- 0.011155 s
currentSize : 18 <-- 0.050358 s
currentSize : 19 <-- 0.131537 s
currentSize : 20 <-- 1.064148 s
currentSize : 21 <-- 8.857420 s
currentSize : 22 <-- 18.186296 s

maxsize : 22
nodes : 7164343.000000
filtered : 125404283.000000
time : 31.812119
