Parameters: GAD=1 vflib=1 dir=0 label=0 lowerbound=1 fileNameGp=../graphsdb/mcs30/rand/r01/mcs30_r01_s30.A16 fileNameGt=../graphsdb/mcs30/rand/r01/mcs30_r01_s30.B16
Reading graphs...
30 :  86
30 :  81
Initializing...
maxdom : 30
D->valSize : 900
Solving...
currentSize : 12 <-- 0.010371 s
currentSize : 13 <-- 0.010421 s
currentSize : 14 <-- 0.010579 s
currentSize : 15 <-- 0.013689 s
currentSize : 16 <-- 0.013756 s
currentSize : 17 <-- 2.135890 s
currentSize : 18 <-- 32.560555 s

maxsize : 18
nodes : 44380598.000000
filtered : 935325845.000000
time : 206.660309
