Parameters: GAD=1 vflib=1 dir=0 label=0 lowerbound=1 fileNameGp=../graphsdb/mcs30/rand/r02/mcs30_r02_s35.A87 fileNameGt=../graphsdb/mcs30/rand/r02/mcs30_r02_s35.B87
Reading graphs...
35 :  211
35 :  211
Initializing...
maxdom : 35
D->valSize : 1225
Solving...
currentSize : 9 <-- 0.029172 s
currentSize : 10 <-- 0.029220 s
currentSize : 11 <-- 0.029276 s
currentSize : 12 <-- 0.029542 s
currentSize : 13 <-- 0.029582 s
currentSize : 14 <-- 0.216034 s
currentSize : 15 <-- 1.003776 s
currentSize : 16 <-- 142.694778 s

TIMEOUT
maxsize : 16
nodes : 779766638.000000
filtered : 11610818816.000000
time : 3600.000000
