Parameters: GAD=1 vflib=1 dir=0 label=0 lowerbound=1 fileNameGp=../graphsdb/mcs30/bvg/b03m/mcs30_b03m_s35.A17 fileNameGt=../graphsdb/mcs30/bvg/b03m/mcs30_b03m_s35.B17
Reading graphs...
35 :  50
35 :  49
Initializing...
maxdom : 35
D->valSize : 1225
Solving...
currentSize : 16 <-- 0.036548 s
currentSize : 18 <-- 0.036583 s
currentSize : 19 <-- 0.050604 s
currentSize : 20 <-- 0.421343 s
currentSize : 21 <-- 0.510405 s
currentSize : 22 <-- 2.432709 s
currentSize : 23 <-- 134.817642 s
currentSize : 24 <-- 436.122375 s
currentSize : 25 <-- 704.574524 s
currentSize : 26 <-- 1051.720581 s

maxsize : 26
nodes : 223283228.000000
filtered : 3857823623.000000
time : 1060.249268
