Parameters: GAD=1 vflib=1 dir=0 label=0 lowerbound=1 fileNameGp=../graphsdb/mcs30/bvg/b03/mcs30_b03_s30.A49 fileNameGt=../graphsdb/mcs30/bvg/b03/mcs30_b03_s30.B49
Reading graphs...
30 :  45
30 :  45
Initializing...
maxdom : 30
D->valSize : 900
Solving...
currentSize : 17 <-- 0.019307 s
currentSize : 18 <-- 0.030887 s
currentSize : 19 <-- 0.073698 s
currentSize : 20 <-- 4.220740 s
currentSize : 21 <-- 12.595906 s
currentSize : 22 <-- 16.008421 s

maxsize : 22
nodes : 5189768.000000
filtered : 83427921.000000
time : 22.745775
