Parameters: GAD=1 vflib=1 dir=0 label=0 lowerbound=1 fileNameGp=../graphsdb/mcs30/bvg/b09/mcs30_b09_s35.A63 fileNameGt=../graphsdb/mcs30/bvg/b09/mcs30_b09_s35.B63
Reading graphs...
35 :  153
35 :  149
Initializing...
maxdom : 35
D->valSize : 1225
Solving...
currentSize : 11 <-- 0.017892 s
currentSize : 12 <-- 0.017922 s
currentSize : 13 <-- 0.017967 s
currentSize : 14 <-- 0.021502 s
currentSize : 15 <-- 0.027125 s
currentSize : 16 <-- 0.625527 s
currentSize : 17 <-- 7.267895 s
currentSize : 18 <-- 42.732681 s
currentSize : 19 <-- 49.062153 s
currentSize : 20 <-- 436.771362 s

maxsize : 20
nodes : 137351796.000000
filtered : 4187528515.000000
time : 795.077515
