Parameters: GAD=1 vflib=1 dir=0 label=0 lowerbound=1 fileNameGp=../graphsdb/mcs30/bvg/b03m/mcs30_b03m_s35.A79 fileNameGt=../graphsdb/mcs30/bvg/b03m/mcs30_b03m_s35.B79
Reading graphs...
35 :  50
35 :  51
Initializing...
maxdom : 35
D->valSize : 1225
Solving...
currentSize : 15 <-- 0.021518 s
currentSize : 18 <-- 0.021619 s
currentSize : 19 <-- 0.021984 s
currentSize : 20 <-- 0.347961 s
currentSize : 21 <-- 3.541684 s
currentSize : 22 <-- 80.810875 s
currentSize : 23 <-- 136.727554 s
currentSize : 24 <-- 282.463562 s

maxsize : 24
nodes : 360729463.000000
filtered : 5632888313.000000
time : 1563.470703
