Parameters: GAD=1 vflib=1 dir=0 label=0 lowerbound=1 fileNameGp=../graphsdb/mcs30/bvg/b09m/mcs30_b09m_s35.A41 fileNameGt=../graphsdb/mcs30/bvg/b09m/mcs30_b09m_s35.B41
Reading graphs...
35 :  145
35 :  143
Initializing...
maxdom : 35
D->valSize : 1225
Solving...
currentSize : 12 <-- 0.023486 s
currentSize : 13 <-- 0.023523 s
currentSize : 14 <-- 0.024243 s
currentSize : 15 <-- 0.029807 s
currentSize : 16 <-- 0.073821 s
currentSize : 17 <-- 1.519164 s
currentSize : 18 <-- 42.182392 s
currentSize : 19 <-- 854.717712 s

maxsize : 19
nodes : 359285901.000000
filtered : 9129310966.000000
time : 1948.384399
