Parameters: GAD=1 vflib=1 dir=0 label=0 lowerbound=1 fileNameGp=../graphsdb/mcs30/bvg/b03m/mcs30_b03m_s35.A70 fileNameGt=../graphsdb/mcs30/bvg/b03m/mcs30_b03m_s35.B70
Reading graphs...
35 :  52
35 :  51
Initializing...
maxdom : 35
D->valSize : 1225
Solving...
currentSize : 12 <-- 0.036426 s
currentSize : 13 <-- 0.036475 s
currentSize : 15 <-- 0.036613 s
currentSize : 16 <-- 0.037675 s
currentSize : 17 <-- 0.037848 s
currentSize : 18 <-- 0.038695 s
currentSize : 19 <-- 0.110665 s
currentSize : 20 <-- 0.311389 s
currentSize : 21 <-- 0.323819 s
currentSize : 22 <-- 1.282672 s
currentSize : 23 <-- 1.769865 s
currentSize : 24 <-- 5.947392 s
currentSize : 25 <-- 16.376673 s

maxsize : 25
nodes : 32806479.000000
filtered : 742643390.000000
time : 176.253967
