Parameters: GAD=1 vflib=1 dir=0 label=0 lowerbound=1 fileNameGp=../graphsdb/mcs30/m3D/m3Dr6/mcs30_m3Dr6_s30.A38 fileNameGt=../graphsdb/mcs30/m3D/m3Dr6/mcs30_m3Dr6_s30.B38
Reading graphs...
30 :  75
30 :  75
Initializing...
maxdom : 30
D->valSize : 900
Solving...
currentSize : 11 <-- 0.010348 s
currentSize : 13 <-- 0.010369 s
currentSize : 14 <-- 0.010381 s
currentSize : 15 <-- 0.010635 s
currentSize : 16 <-- 0.016380 s
currentSize : 17 <-- 0.365942 s
currentSize : 18 <-- 0.886507 s
currentSize : 19 <-- 13.279697 s

maxsize : 19
nodes : 18941129.000000
filtered : 464223407.000000
time : 94.862228
