Parameters: GAD=1 vflib=1 dir=0 label=0 lowerbound=1 fileNameGp=../graphsdb/mcs30/bvg/b03m/mcs30_b03m_s30.A20 fileNameGt=../graphsdb/mcs30/bvg/b03m/mcs30_b03m_s30.B20
Reading graphs...
30 :  43
30 :  43
Initializing...
maxdom : 30
D->valSize : 900
Solving...
currentSize : 14 <-- 0.011307 s
currentSize : 15 <-- 0.011326 s
currentSize : 16 <-- 0.109298 s
currentSize : 17 <-- 1.144114 s
currentSize : 18 <-- 4.472027 s
currentSize : 19 <-- 38.368134 s
currentSize : 20 <-- 52.592175 s
currentSize : 21 <-- 149.017120 s
currentSize : 22 <-- 152.157745 s

maxsize : 22
nodes : 50036499.000000
filtered : 501272907.000000
time : 165.644409
