Parameters: GAD=1 vflib=1 dir=0 label=0 lowerbound=1 fileNameGp=../graphsdb/mcs30/rand/r01/mcs30_r01_s25.A19 fileNameGt=../graphsdb/mcs30/rand/r01/mcs30_r01_s25.B19
Reading graphs...
25 :  59
25 :  60
Initializing...
maxdom : 25
D->valSize : 625
Solving...
currentSize : 11 <-- 0.004912 s
currentSize : 12 <-- 0.004926 s
currentSize : 13 <-- 0.006965 s
currentSize : 14 <-- 0.012951 s
currentSize : 15 <-- 0.152964 s
currentSize : 16 <-- 9.792092 s

maxsize : 16
nodes : 3086393.000000
filtered : 55246314.000000
time : 12.796751
