Parameters: GAD=1 vflib=1 dir=0 label=0 lowerbound=1 fileNameGp=../graphsdb/mcs30/m3D/m3D/mcs30_m3D_s30.A36 fileNameGt=../graphsdb/mcs30/m3D/m3D/mcs30_m3D_s30.B36
Reading graphs...
30 :  59
30 :  60
Initializing...
maxdom : 30
D->valSize : 900
Solving...
currentSize : 12 <-- 0.010583 s
currentSize : 13 <-- 0.010617 s
currentSize : 15 <-- 0.010662 s
currentSize : 16 <-- 0.010727 s
currentSize : 17 <-- 0.012547 s
currentSize : 18 <-- 0.036083 s
currentSize : 19 <-- 0.141162 s
currentSize : 20 <-- 13.111513 s

maxsize : 20
nodes : 14527840.000000
filtered : 328227250.000000
time : 72.597572
