Parameters: GAD=1 vflib=1 dir=0 label=0 lowerbound=1 fileNameGp=../graphsdb/mcs30/m3D/m3Dr6/mcs30_m3Dr6_s25.A06 fileNameGt=../graphsdb/mcs30/m3D/m3Dr6/mcs30_m3Dr6_s25.B06
Reading graphs...
25 :  62
25 :  63
Initializing...
maxdom : 25
D->valSize : 625
Solving...
currentSize : 10 <-- 0.008475 s
currentSize : 11 <-- 0.008664 s
currentSize : 12 <-- 0.008673 s
currentSize : 13 <-- 0.009180 s
currentSize : 14 <-- 0.012968 s
currentSize : 15 <-- 0.286129 s
currentSize : 16 <-- 3.878077 s

maxsize : 16
nodes : 1944933.000000
filtered : 35564366.000000
time : 8.605546
