Parameters: GAD=1 vflib=1 dir=0 label=0 lowerbound=1 fileNameGp=../graphsdb/mcs30/bvg/b06m/mcs30_b06m_s30.A36 fileNameGt=../graphsdb/mcs30/bvg/b06m/mcs30_b06m_s30.B36
Reading graphs...
30 :  86
30 :  84
Initializing...
maxdom : 30
D->valSize : 900
Solving...
currentSize : 10 <-- 0.017778 s
currentSize : 13 <-- 0.017812 s
currentSize : 14 <-- 0.018834 s
currentSize : 15 <-- 0.019594 s
currentSize : 16 <-- 0.020501 s
currentSize : 17 <-- 0.651463 s
currentSize : 18 <-- 10.665302 s

maxsize : 18
nodes : 35885957.000000
filtered : 799241572.000000
time : 172.266006
