Parameters: GAD=1 vflib=1 dir=0 label=0 lowerbound=1 fileNameGp=../graphsdb/mcs30/bvg/b09m/mcs30_b09m_s35.A32 fileNameGt=../graphsdb/mcs30/bvg/b09m/mcs30_b09m_s35.B32
Reading graphs...
35 :  141
35 :  146
Initializing...
maxdom : 35
D->valSize : 1225
Solving...
currentSize : 12 <-- 0.018749 s
currentSize : 13 <-- 0.018781 s
currentSize : 14 <-- 0.018879 s
currentSize : 15 <-- 0.033281 s
currentSize : 16 <-- 0.278564 s
currentSize : 17 <-- 1.877852 s
currentSize : 18 <-- 36.261814 s

TIMEOUT
maxsize : 18
nodes : 711524325.000000
filtered : 15227438306.000000
time : 3600.000000
