Parameters: GAD=1 vflib=1 dir=0 label=0 lowerbound=1 fileNameGp=../graphsdb/mcs30/rand/r01/mcs30_r01_s30.A60 fileNameGt=../graphsdb/mcs30/rand/r01/mcs30_r01_s30.B60
Reading graphs...
30 :  86
30 :  84
Initializing...
maxdom : 30
D->valSize : 900
Solving...
currentSize : 12 <-- 0.017733 s
currentSize : 13 <-- 0.017805 s
currentSize : 14 <-- 0.017987 s
currentSize : 15 <-- 0.065154 s
currentSize : 16 <-- 0.088903 s
currentSize : 17 <-- 0.378085 s
currentSize : 18 <-- 4.110298 s

maxsize : 18
nodes : 34306261.000000
filtered : 770847816.000000
time : 163.604385
