Parameters: GAD=1 vflib=1 dir=0 label=0 lowerbound=1 fileNameGp=../graphsdb/mcs30/bvg/b03/mcs30_b03_s25.A19 fileNameGt=../graphsdb/mcs30/bvg/b03/mcs30_b03_s25.B19
Reading graphs...
25 :  36
25 :  37
Initializing...
maxdom : 25
D->valSize : 625
Solving...
currentSize : 12 <-- 0.009119 s
currentSize : 13 <-- 0.017804 s
currentSize : 14 <-- 0.027460 s
currentSize : 15 <-- 0.482449 s
currentSize : 16 <-- 6.680464 s
currentSize : 17 <-- 6.680732 s

maxsize : 17
nodes : 4190664.000000
filtered : 40398696.000000
time : 12.785520
