Parameters: GAD=1 vflib=1 dir=0 label=0 lowerbound=1 fileNameGp=../graphsdb/mcs30/m3D/m3Dr2/mcs30_m3Dr2_s30.A96 fileNameGt=../graphsdb/mcs30/m3D/m3Dr2/mcs30_m3Dr2_s30.B96
Reading graphs...
30 :  66
30 :  66
Initializing...
maxdom : 30
D->valSize : 900
Solving...
currentSize : 13 <-- 0.010583 s
currentSize : 16 <-- 0.010616 s
currentSize : 17 <-- 0.010743 s
currentSize : 18 <-- 0.011653 s
currentSize : 19 <-- 0.011676 s
currentSize : 20 <-- 12.476733 s

maxsize : 20
nodes : 18118029.000000
filtered : 427256007.000000
time : 90.071037
