Parameters: GAD=1 vflib=1 dir=0 label=0 lowerbound=1 fileNameGp=../graphsdb/mcs30/m2D/m2Dr6/mcs30_m2Dr6_s30.A96 fileNameGt=../graphsdb/mcs30/m2D/m2Dr6/mcs30_m2Dr6_s30.B96
Reading graphs...
30 :  66
30 :  64
Initializing...
maxdom : 30
D->valSize : 900
Solving...
currentSize : 13 <-- 0.010617 s
currentSize : 15 <-- 0.010769 s
currentSize : 16 <-- 0.011355 s
currentSize : 17 <-- 0.069253 s
currentSize : 18 <-- 0.560907 s
currentSize : 19 <-- 2.214229 s
currentSize : 20 <-- 13.666315 s

maxsize : 20
nodes : 13343272.000000
filtered : 326742336.000000
time : 67.367874
