Parameters: GAD=1 vflib=1 dir=0 label=0 lowerbound=1 fileNameGp=../graphsdb/mcs30/bvg/b03/mcs30_b03_s35.A51 fileNameGt=../graphsdb/mcs30/bvg/b03/mcs30_b03_s35.B51
Reading graphs...
35 :  52
35 :  52
Initializing...
maxdom : 35
D->valSize : 1225
Solving...
currentSize : 14 <-- 0.021257 s
currentSize : 15 <-- 0.033796 s
currentSize : 17 <-- 0.169640 s
currentSize : 18 <-- 0.169824 s
currentSize : 19 <-- 0.184082 s
currentSize : 20 <-- 0.311418 s
currentSize : 21 <-- 0.327610 s
currentSize : 22 <-- 3.494872 s
currentSize : 23 <-- 14.756039 s
currentSize : 24 <-- 31.793568 s
currentSize : 25 <-- 156.346848 s

maxsize : 25
nodes : 123469468.000000
filtered : 2304789699.000000
time : 607.951843
