Parameters: GAD=1 vflib=1 dir=0 label=0 lowerbound=1 fileNameGp=../graphsdb/mcs30/bvg/b03m/mcs30_b03m_s30.A45 fileNameGt=../graphsdb/mcs30/bvg/b03m/mcs30_b03m_s30.B45
Reading graphs...
30 :  45
30 :  45
Initializing...
maxdom : 30
D->valSize : 900
Solving...
currentSize : 14 <-- 0.019408 s
currentSize : 15 <-- 0.019476 s
currentSize : 16 <-- 0.023997 s
currentSize : 17 <-- 0.024556 s
currentSize : 18 <-- 0.182175 s
currentSize : 19 <-- 0.305118 s
currentSize : 20 <-- 4.869240 s
currentSize : 21 <-- 9.132481 s

maxsize : 21
nodes : 14715425.000000
filtered : 246661597.000000
time : 64.607567
