Parameters: GAD=1 vflib=1 dir=0 label=0 lowerbound=1 fileNameGp=../graphsdb/mcs30/bvg/b03m/mcs30_b03m_s25.A10 fileNameGt=../graphsdb/mcs30/bvg/b03m/mcs30_b03m_s25.B10
Reading graphs...
25 :  37
25 :  37
Initializing...
maxdom : 25
D->valSize : 625
Solving...
currentSize : 10 <-- 0.005347 s
currentSize : 11 <-- 0.005391 s
currentSize : 12 <-- 0.005769 s
currentSize : 13 <-- 0.018759 s
currentSize : 14 <-- 0.028684 s
currentSize : 15 <-- 0.098040 s
currentSize : 16 <-- 0.447890 s
currentSize : 17 <-- 2.253476 s
currentSize : 18 <-- 4.928795 s

maxsize : 18
nodes : 1665640.000000
filtered : 19393234.000000
time : 5.756552
