Parameters: GAD=1 vflib=1 dir=0 label=0 lowerbound=1 fileNameGp=../graphsdb/mcs30/bvg/b03/mcs30_b03_s30.A03 fileNameGt=../graphsdb/mcs30/bvg/b03/mcs30_b03_s30.B03
Reading graphs...
30 :  45
30 :  44
Initializing...
maxdom : 30
D->valSize : 900
Solving...
currentSize : 13 <-- 0.011441 s
currentSize : 14 <-- 0.012132 s
currentSize : 15 <-- 0.012705 s
currentSize : 16 <-- 0.015569 s
currentSize : 17 <-- 0.016510 s
currentSize : 18 <-- 0.077103 s
currentSize : 19 <-- 0.796469 s
currentSize : 20 <-- 5.843812 s
currentSize : 21 <-- 9.059719 s

maxsize : 21
nodes : 23094880.000000
filtered : 406351243.000000
time : 100.304054
