Parameters: GAD=1 vflib=1 dir=0 label=0 lowerbound=1 fileNameGp=../graphsdb/mcs30/rand/r01/mcs30_r01_s35.A73 fileNameGt=../graphsdb/mcs30/rand/r01/mcs30_r01_s35.B73
Reading graphs...
35 :  112
35 :  115
Initializing...
maxdom : 35
D->valSize : 1225
Solving...
currentSize : 14 <-- 0.019163 s
currentSize : 15 <-- 0.019204 s
currentSize : 16 <-- 0.019710 s
currentSize : 17 <-- 0.044770 s
currentSize : 18 <-- 2.583696 s
currentSize : 19 <-- 6.642472 s
currentSize : 20 <-- 80.580193 s

maxsize : 20
nodes : 517562457.000000
filtered : 12850134327.000000
time : 2779.144775
