Parameters: GAD=1 vflib=1 dir=0 label=0 lowerbound=1 fileNameGp=../graphsdb/mcs30/m3D/m3Dr6/mcs30_m3Dr6_s25.A61 fileNameGt=../graphsdb/mcs30/m3D/m3Dr6/mcs30_m3Dr6_s25.B61
Reading graphs...
25 :  64
25 :  61
Initializing...
maxdom : 25
D->valSize : 625
Solving...
currentSize : 11 <-- 0.008502 s
currentSize : 12 <-- 0.008685 s
currentSize : 13 <-- 0.009128 s
currentSize : 14 <-- 0.009295 s
currentSize : 15 <-- 0.247809 s
currentSize : 16 <-- 2.675325 s

maxsize : 16
nodes : 1877365.000000
filtered : 34553880.000000
time : 7.844511
