Parameters: GAD=1 vflib=1 dir=0 label=0 lowerbound=1 fileNameGp=../graphsdb/mcs30/bvg/b03/mcs30_b03_s25.A40 fileNameGt=../graphsdb/mcs30/bvg/b03/mcs30_b03_s25.B40
Reading graphs...
25 :  37
25 :  36
Initializing...
maxdom : 25
D->valSize : 625
Solving...
currentSize : 12 <-- 0.005310 s
currentSize : 13 <-- 0.005346 s
currentSize : 14 <-- 0.005903 s
currentSize : 15 <-- 0.375950 s
currentSize : 16 <-- 1.243544 s
currentSize : 17 <-- 2.492644 s
currentSize : 18 <-- 2.561090 s
currentSize : 19 <-- 2.755430 s

maxsize : 19
nodes : 1139914.000000
filtered : 10467438.000000
time : 3.280885
