Parameters: GAD=1 vflib=1 dir=0 label=0 lowerbound=1 fileNameGp=../graphsdb/mcs30/rand/r005/mcs30_r005_s25.A43 fileNameGt=../graphsdb/mcs30/rand/r005/mcs30_r005_s25.B43
Reading graphs...
25 :  31
25 :  34
Initializing...
maxdom : 25
D->valSize : 625
Solving...
currentSize : 11 <-- 0.005417 s
currentSize : 12 <-- 0.005449 s
currentSize : 14 <-- 0.005482 s
currentSize : 15 <-- 0.005605 s
currentSize : 16 <-- 0.006110 s
currentSize : 17 <-- 0.157781 s
currentSize : 18 <-- 0.241604 s
currentSize : 19 <-- 0.512124 s

maxsize : 19
nodes : 355338.000000
filtered : 5655610.000000
time : 1.423012
