Parameters: GAD=1 vflib=1 dir=0 label=0 lowerbound=1 fileNameGp=../graphsdb/mcs30/rand/r01/mcs30_r01_s30.A93 fileNameGt=../graphsdb/mcs30/rand/r01/mcs30_r01_s30.B93
Reading graphs...
30 :  87
30 :  85
Initializing...
maxdom : 30
D->valSize : 900
Solving...
currentSize : 12 <-- 0.010183 s
currentSize : 13 <-- 0.010269 s
currentSize : 14 <-- 0.011564 s
currentSize : 15 <-- 0.023847 s
currentSize : 16 <-- 0.078756 s
currentSize : 17 <-- 3.500871 s
currentSize : 18 <-- 51.915482 s

maxsize : 18
nodes : 47256316.000000
filtered : 953858938.000000
time : 215.911789
