Parameters: GAD=1 vflib=1 dir=0 label=0 lowerbound=1 fileNameGp=../graphsdb/mcs30/bvg/b06m/mcs30_b06m_s30.A29 fileNameGt=../graphsdb/mcs30/bvg/b06m/mcs30_b06m_s30.B29
Reading graphs...
30 :  85
30 :  87
Initializing...
maxdom : 30
D->valSize : 900
Solving...
currentSize : 13 <-- 0.010213 s
currentSize : 14 <-- 0.010364 s
currentSize : 15 <-- 0.011494 s
currentSize : 16 <-- 0.063942 s
currentSize : 17 <-- 0.087758 s
currentSize : 18 <-- 1.974221 s

maxsize : 18
nodes : 33602744.000000
filtered : 767447455.000000
time : 165.080933
