Parameters: GAD=1 vflib=1 dir=0 label=0 lowerbound=1 fileNameGp=../graphsdb/mcs30/m3D/m3Dr2/mcs30_m3Dr2_s25.A70 fileNameGt=../graphsdb/mcs30/m3D/m3Dr2/mcs30_m3Dr2_s25.B70
Reading graphs...
25 :  50
25 :  51
Initializing...
maxdom : 25
D->valSize : 625
Solving...
currentSize : 11 <-- 0.005157 s
currentSize : 12 <-- 0.007133 s
currentSize : 13 <-- 0.007333 s
currentSize : 14 <-- 0.007343 s
currentSize : 15 <-- 0.019025 s
currentSize : 16 <-- 0.027293 s
currentSize : 17 <-- 1.053973 s
currentSize : 18 <-- 7.532156 s

maxsize : 18
nodes : 1804936.000000
filtered : 33450995.000000
time : 7.651531
