Parameters: GAD=1 vflib=1 dir=0 label=0 lowerbound=1 fileNameGp=../graphsdb/mcs30/bvg/b03/mcs30_b03_s25.A06 fileNameGt=../graphsdb/mcs30/bvg/b03/mcs30_b03_s25.B06
Reading graphs...
25 :  36
25 :  36
Initializing...
maxdom : 25
D->valSize : 625
Solving...
currentSize : 10 <-- 0.009125 s
currentSize : 11 <-- 0.009144 s
currentSize : 12 <-- 0.009179 s
currentSize : 13 <-- 0.009419 s
currentSize : 14 <-- 0.011206 s
currentSize : 15 <-- 0.011375 s
currentSize : 16 <-- 0.039341 s
currentSize : 17 <-- 0.070408 s
currentSize : 18 <-- 0.180704 s

maxsize : 18
nodes : 497815.000000
filtered : 9022558.000000
time : 2.125558
