Parameters: GAD=1 vflib=1 dir=0 label=0 lowerbound=1 fileNameGp=../graphsdb/mcs30/m3D/m3Dr2/mcs30_m3Dr2_s25.A91 fileNameGt=../graphsdb/mcs30/m3D/m3Dr2/mcs30_m3Dr2_s25.B91
Reading graphs...
25 :  53
25 :  52
Initializing...
maxdom : 25
D->valSize : 625
Solving...
currentSize : 11 <-- 0.004977 s
currentSize : 12 <-- 0.005043 s
currentSize : 13 <-- 0.005243 s
currentSize : 14 <-- 0.023123 s
currentSize : 15 <-- 0.204978 s
currentSize : 16 <-- 1.211780 s

maxsize : 16
nodes : 3194290.000000
filtered : 53977056.000000
time : 13.133323
