Parameters: GAD=1 vflib=1 dir=0 label=0 lowerbound=1 fileNameGp=../graphsdb/mcs30/m3D/m3Dr2/mcs30_m3Dr2_s30.A99 fileNameGt=../graphsdb/mcs30/m3D/m3Dr2/mcs30_m3Dr2_s30.B99
Reading graphs...
30 :  65
30 :  67
Initializing...
maxdom : 30
D->valSize : 900
Solving...
currentSize : 15 <-- 0.011659 s
currentSize : 16 <-- 0.028162 s
currentSize : 17 <-- 0.101556 s
currentSize : 18 <-- 0.175280 s
currentSize : 19 <-- 0.712383 s
currentSize : 20 <-- 6.799029 s

maxsize : 20
nodes : 13497545.000000
filtered : 318727674.000000
time : 67.637527
