Parameters: GAD=1 vflib=1 dir=0 label=0 lowerbound=1 fileNameGp=../graphsdb/mcs30/bvg/b03/mcs30_b03_s35.A23 fileNameGt=../graphsdb/mcs30/bvg/b03/mcs30_b03_s35.B23
Reading graphs...
35 :  52
35 :  52
Initializing...
maxdom : 35
D->valSize : 1225
Solving...
currentSize : 17 <-- 0.036105 s
currentSize : 18 <-- 0.036149 s
currentSize : 20 <-- 0.036276 s
currentSize : 21 <-- 0.037182 s
currentSize : 22 <-- 0.751410 s
currentSize : 23 <-- 2.604269 s
currentSize : 24 <-- 164.642365 s
currentSize : 25 <-- 165.106293 s

maxsize : 25
nodes : 102859028.000000
filtered : 2021286088.000000
time : 510.732574
