Parameters: GAD=1 vflib=1 dir=0 label=0 lowerbound=1 fileNameGp=../graphsdb/mcs30/m3D/m3Dr2/mcs30_m3Dr2_s30.A89 fileNameGt=../graphsdb/mcs30/m3D/m3Dr2/mcs30_m3Dr2_s30.B89
Reading graphs...
30 :  66
30 :  65
Initializing...
maxdom : 30
D->valSize : 900
Solving...
currentSize : 14 <-- 0.010470 s
currentSize : 15 <-- 0.010622 s
currentSize : 16 <-- 0.030185 s
currentSize : 17 <-- 0.045742 s
currentSize : 18 <-- 0.283970 s
currentSize : 19 <-- 1.555243 s
currentSize : 20 <-- 20.354797 s

maxsize : 20
nodes : 15803972.000000
filtered : 370940058.000000
time : 78.243248
