Parameters: GAD=1 vflib=1 dir=0 label=0 lowerbound=1 fileNameGp=../graphsdb/mcs30/rand/r01/mcs30_r01_s25.A79 fileNameGt=../graphsdb/mcs30/rand/r01/mcs30_r01_s25.B79
Reading graphs...
25 :  60
25 :  59
Initializing...
maxdom : 25
D->valSize : 625
Solving...
currentSize : 10 <-- 0.005087 s
currentSize : 12 <-- 0.005133 s
currentSize : 13 <-- 0.005808 s
currentSize : 14 <-- 0.021140 s
currentSize : 15 <-- 0.021713 s
currentSize : 16 <-- 1.421347 s

maxsize : 16
nodes : 2687831.000000
filtered : 51220990.000000
time : 11.292047
