Parameters: GAD=1 vflib=1 dir=0 label=0 lowerbound=1 fileNameGp=../graphsdb/mcs30/rand/r01/mcs30_r01_s35.A65 fileNameGt=../graphsdb/mcs30/rand/r01/mcs30_r01_s35.B65
Reading graphs...
35 :  114
35 :  116
Initializing...
maxdom : 35
D->valSize : 1225
Solving...
currentSize : 13 <-- 0.032857 s
currentSize : 14 <-- 0.033024 s
currentSize : 15 <-- 0.034168 s
currentSize : 16 <-- 0.041627 s
currentSize : 17 <-- 0.089892 s
currentSize : 18 <-- 4.702985 s
currentSize : 19 <-- 40.871754 s
currentSize : 20 <-- 385.161499 s

maxsize : 20
nodes : 627409224.000000
filtered : 14716363035.000000
time : 3299.489746
