Parameters: GAD=1 vflib=1 dir=0 label=0 lowerbound=1 fileNameGp=../graphsdb/mcs30/rand/r02/mcs30_r02_s25.A27 fileNameGt=../graphsdb/mcs30/rand/r02/mcs30_r02_s25.B27
Reading graphs...
25 :  107
25 :  110
Initializing...
maxdom : 25
D->valSize : 625
Solving...
currentSize : 8 <-- 0.004552 s
currentSize : 9 <-- 0.004586 s
currentSize : 10 <-- 0.005536 s
currentSize : 11 <-- 0.005876 s
currentSize : 12 <-- 0.008363 s
currentSize : 13 <-- 0.014382 s

maxsize : 13
nodes : 6108097.000000
filtered : 81784078.000000
time : 23.228647
