Parameters: GAD=1 vflib=1 dir=0 label=0 lowerbound=1 fileNameGp=../graphsdb/mcs30/bvg/b06/mcs30_b06_s30.A23 fileNameGt=../graphsdb/mcs30/bvg/b06/mcs30_b06_s30.B23
Reading graphs...
30 :  86
30 :  89
Initializing...
maxdom : 30
D->valSize : 900
Solving...
currentSize : 11 <-- 0.010194 s
currentSize : 14 <-- 0.010218 s
currentSize : 15 <-- 0.010571 s
currentSize : 16 <-- 0.011144 s
currentSize : 17 <-- 4.976366 s
currentSize : 18 <-- 11.296061 s

maxsize : 18
nodes : 27677152.000000
filtered : 615694515.000000
time : 134.410507
