Parameters: GAD=1 vflib=1 dir=0 label=0 lowerbound=1 fileNameGp=../graphsdb/mcs30/bvg/b06m/mcs30_b06m_s35.A81 fileNameGt=../graphsdb/mcs30/bvg/b06m/mcs30_b06m_s35.B81
Reading graphs...
35 :  101
35 :  98
Initializing...
maxdom : 35
D->valSize : 1225
Solving...
currentSize : 14 <-- 0.033827 s
currentSize : 15 <-- 0.035088 s
currentSize : 16 <-- 0.051121 s
currentSize : 17 <-- 0.122839 s
currentSize : 18 <-- 0.234007 s
currentSize : 19 <-- 1.564244 s
currentSize : 20 <-- 6.166042 s
currentSize : 21 <-- 105.264381 s

maxsize : 21
nodes : 372386540.000000
filtered : 9370142906.000000
time : 2017.463013
