Parameters: GAD=1 vflib=1 dir=0 label=0 lowerbound=1 fileNameGp=../graphsdb/mcs30/bvg/b03m/mcs30_b03m_s30.A87 fileNameGt=../graphsdb/mcs30/bvg/b03m/mcs30_b03m_s30.B87
Reading graphs...
30 :  45
30 :  44
Initializing...
maxdom : 30
D->valSize : 900
Solving...
currentSize : 15 <-- 0.019259 s
currentSize : 16 <-- 0.021091 s
currentSize : 17 <-- 0.216584 s
currentSize : 18 <-- 0.216638 s
currentSize : 19 <-- 1.016648 s
currentSize : 20 <-- 15.591092 s
currentSize : 21 <-- 32.710724 s

maxsize : 21
nodes : 14261565.000000
filtered : 191214535.000000
time : 53.744884
