Parameters: GAD=1 vflib=1 dir=0 label=0 lowerbound=1 fileNameGp=../graphsdb/mcs30/bvg/b03/mcs30_b03_s25.A17 fileNameGt=../graphsdb/mcs30/bvg/b03/mcs30_b03_s25.B17
Reading graphs...
25 :  37
25 :  37
Initializing...
maxdom : 25
D->valSize : 625
Solving...
currentSize : 9 <-- 0.009185 s
currentSize : 10 <-- 0.009215 s
currentSize : 11 <-- 0.009289 s
currentSize : 14 <-- 0.009451 s
currentSize : 15 <-- 0.010130 s
currentSize : 17 <-- 0.012991 s
currentSize : 18 <-- 2.477517 s

maxsize : 18
nodes : 1171970.000000
filtered : 15853832.000000
time : 4.403431
