Parameters: GAD=1 vflib=1 dir=0 label=0 lowerbound=1 fileNameGp=../graphsdb/mcs30/m3D/m3D/mcs30_m3D_s30.A93 fileNameGt=../graphsdb/mcs30/m3D/m3D/mcs30_m3D_s30.B93
Reading graphs...
30 :  60
30 :  61
Initializing...
maxdom : 30
D->valSize : 900
Solving...
currentSize : 13 <-- 0.018611 s
currentSize : 14 <-- 0.019606 s
currentSize : 15 <-- 0.019882 s
currentSize : 16 <-- 0.051229 s
currentSize : 17 <-- 0.092960 s
currentSize : 18 <-- 0.539084 s
currentSize : 19 <-- 2.077541 s
currentSize : 20 <-- 13.373519 s
currentSize : 21 <-- 27.422319 s

maxsize : 21
nodes : 11393920.000000
filtered : 265509996.000000
time : 56.749092
