Parameters: GAD=1 vflib=1 dir=0 label=0 lowerbound=1 fileNameGp=../graphsdb/mcs30/rand/r005/mcs30_r005_s30.A03 fileNameGt=../graphsdb/mcs30/rand/r005/mcs30_r005_s30.B03
Reading graphs...
30 :  48
30 :  47
Initializing...
maxdom : 30
D->valSize : 900
Solving...
currentSize : 17 <-- 0.011292 s
currentSize : 18 <-- 0.011314 s
currentSize : 19 <-- 0.011462 s
currentSize : 20 <-- 0.549183 s
currentSize : 21 <-- 0.569628 s
currentSize : 22 <-- 9.998722 s

maxsize : 22
nodes : 3452543.000000
filtered : 76679603.000000
time : 17.342972
