Parameters: GAD=1 vflib=1 dir=0 label=0 lowerbound=1 fileNameGp=../graphsdb/mcs30/rand/r005/mcs30_r005_s35.A83 fileNameGt=../graphsdb/mcs30/rand/r005/mcs30_r005_s35.B83
Reading graphs...
35 :  63
35 :  64
Initializing...
maxdom : 35
D->valSize : 1225
Solving...
currentSize : 16 <-- 0.035570 s
currentSize : 17 <-- 0.035605 s
currentSize : 18 <-- 0.041075 s
currentSize : 19 <-- 0.073191 s
currentSize : 20 <-- 0.090586 s
currentSize : 21 <-- 3.653519 s
currentSize : 22 <-- 5.905890 s
currentSize : 23 <-- 12.096318 s
currentSize : 24 <-- 103.980270 s

maxsize : 24
nodes : 197356139.000000
filtered : 5111742153.000000
time : 1128.729370
