Parameters: GAD=1 vflib=1 dir=0 label=0 lowerbound=1 fileNameGp=../graphsdb/mcs30/m2D/m2Dr6/mcs30_m2Dr6_s30.A16 fileNameGt=../graphsdb/mcs30/m2D/m2Dr6/mcs30_m2Dr6_s30.B16
Reading graphs...
30 :  65
30 :  60
Initializing...
maxdom : 30
D->valSize : 900
Solving...
currentSize : 11 <-- 0.018510 s
currentSize : 15 <-- 0.018577 s
currentSize : 16 <-- 0.018666 s
currentSize : 17 <-- 0.019230 s
currentSize : 18 <-- 0.097543 s
currentSize : 19 <-- 7.077053 s
currentSize : 20 <-- 77.445885 s

maxsize : 20
nodes : 27379524.000000
filtered : 563101307.000000
time : 127.889008
