Parameters: GAD=1 vflib=1 dir=0 label=0 lowerbound=1 fileNameGp=../graphsdb/mcs30/bvg/b03m/mcs30_b03m_s30.A41 fileNameGt=../graphsdb/mcs30/bvg/b03m/mcs30_b03m_s30.B41
Reading graphs...
30 :  45
30 :  45
Initializing...
maxdom : 30
D->valSize : 900
Solving...
currentSize : 11 <-- 0.011083 s
currentSize : 12 <-- 0.011102 s
currentSize : 13 <-- 0.011249 s
currentSize : 14 <-- 0.097583 s
currentSize : 15 <-- 0.230616 s
currentSize : 16 <-- 1.272012 s
currentSize : 17 <-- 2.877569 s
currentSize : 18 <-- 11.805168 s
currentSize : 19 <-- 11.818632 s
currentSize : 20 <-- 40.328892 s
currentSize : 21 <-- 58.538548 s

maxsize : 21
nodes : 23792934.000000
filtered : 326405014.000000
time : 89.878830
