Parameters: GAD=1 vflib=1 dir=0 label=0 lowerbound=1 fileNameGp=../graphsdb/mcs30/bvg/b03m/mcs30_b03m_s25.A71 fileNameGt=../graphsdb/mcs30/bvg/b03m/mcs30_b03m_s25.B71
Reading graphs...
25 :  37
25 :  37
Initializing...
maxdom : 25
D->valSize : 625
Solving...
currentSize : 11 <-- 0.005254 s
currentSize : 12 <-- 0.021998 s
currentSize : 13 <-- 0.069066 s
currentSize : 14 <-- 0.091668 s
currentSize : 15 <-- 0.487314 s
currentSize : 16 <-- 0.661656 s
currentSize : 17 <-- 2.067368 s

maxsize : 17
nodes : 2457811.000000
filtered : 28114084.000000
time : 8.130646
