Parameters: GAD=1 vflib=1 dir=0 label=0 lowerbound=1 fileNameGp=../graphsdb/mcs30/bvg/b03m/mcs30_b03m_s35.A40 fileNameGt=../graphsdb/mcs30/bvg/b03m/mcs30_b03m_s35.B40
Reading graphs...
35 :  52
35 :  52
Initializing...
maxdom : 35
D->valSize : 1225
Solving...
currentSize : 14 <-- 0.021983 s
currentSize : 15 <-- 0.022010 s
currentSize : 16 <-- 0.022026 s
currentSize : 17 <-- 0.022034 s
currentSize : 18 <-- 0.022073 s
currentSize : 19 <-- 0.023679 s
currentSize : 20 <-- 0.096227 s
currentSize : 21 <-- 0.261940 s
currentSize : 22 <-- 1.746399 s
currentSize : 23 <-- 3.099547 s
currentSize : 24 <-- 3.419133 s
currentSize : 25 <-- 32.756996 s

maxsize : 25
nodes : 37472037.000000
filtered : 875792022.000000
time : 204.402069
