Parameters: GAD=1 vflib=1 dir=0 label=0 lowerbound=1 fileNameGp=../graphsdb/mcs30/rand/r01/mcs30_r01_s30.A89 fileNameGt=../graphsdb/mcs30/rand/r01/mcs30_r01_s30.B89
Reading graphs...
30 :  85
30 :  82
Initializing...
maxdom : 30
D->valSize : 900
Solving...
currentSize : 13 <-- 0.010370 s
currentSize : 14 <-- 0.010513 s
currentSize : 15 <-- 0.062028 s
currentSize : 16 <-- 0.181023 s
currentSize : 17 <-- 5.857014 s
currentSize : 18 <-- 42.303398 s

maxsize : 18
nodes : 43810582.000000
filtered : 911701992.000000
time : 207.431534
