Parameters: GAD=1 vflib=1 dir=0 label=0 lowerbound=1 fileNameGp=../graphsdb/mcs30/rand/r005/mcs30_r005_s25.A27 fileNameGt=../graphsdb/mcs30/rand/r005/mcs30_r005_s25.B27
Reading graphs...
25 :  34
25 :  33
Initializing...
maxdom : 25
D->valSize : 625
Solving...
currentSize : 8 <-- 0.009187 s
currentSize : 11 <-- 0.009223 s
currentSize : 12 <-- 0.009253 s
currentSize : 14 <-- 0.009323 s
currentSize : 15 <-- 0.010134 s
currentSize : 16 <-- 0.248297 s
currentSize : 17 <-- 1.392526 s

maxsize : 17
nodes : 2758150.000000
filtered : 30451068.000000
time : 8.985914
