Parameters: GAD=1 vflib=1 dir=0 label=0 lowerbound=1 fileNameGp=../graphsdb/mcs30/bvg/b06/mcs30_b06_s25.A19 fileNameGt=../graphsdb/mcs30/bvg/b06/mcs30_b06_s25.B19
Reading graphs...
25 :  75
25 :  70
Initializing...
maxdom : 25
D->valSize : 625
Solving...
currentSize : 11 <-- 0.004731 s
currentSize : 12 <-- 0.006434 s
currentSize : 13 <-- 0.009517 s
currentSize : 14 <-- 0.027562 s
currentSize : 15 <-- 0.033205 s
currentSize : 16 <-- 0.705052 s

maxsize : 16
nodes : 892386.000000
filtered : 21656271.000000
time : 4.266078
