Parameters: GAD=1 vflib=1 dir=0 label=0 lowerbound=1 fileNameGp=../graphsdb/mcs30/bvg/b06m/mcs30_b06m_s30.A76 fileNameGt=../graphsdb/mcs30/bvg/b06m/mcs30_b06m_s30.B76
Reading graphs...
30 :  86
30 :  83
Initializing...
maxdom : 30
D->valSize : 900
Solving...
currentSize : 12 <-- 0.010148 s
currentSize : 13 <-- 0.010176 s
currentSize : 14 <-- 0.010207 s
currentSize : 15 <-- 0.010377 s
currentSize : 16 <-- 0.010495 s
currentSize : 17 <-- 0.056468 s
currentSize : 18 <-- 19.494940 s

maxsize : 18
nodes : 29536311.000000
filtered : 644182577.000000
time : 140.941437
