Parameters: GAD=1 vflib=1 dir=0 label=0 lowerbound=1 fileNameGp=../graphsdb/mcs30/m3D/m3Dr6/mcs30_m3Dr6_s30.A75 fileNameGt=../graphsdb/mcs30/m3D/m3Dr6/mcs30_m3Dr6_s30.B75
Reading graphs...
30 :  75
30 :  73
Initializing...
maxdom : 30
D->valSize : 900
Solving...
currentSize : 12 <-- 0.013945 s
currentSize : 13 <-- 0.014069 s
currentSize : 14 <-- 0.014084 s
currentSize : 15 <-- 0.017836 s
currentSize : 16 <-- 0.049964 s
currentSize : 17 <-- 0.396494 s
currentSize : 18 <-- 0.396624 s
currentSize : 19 <-- 5.163223 s

maxsize : 19
nodes : 25995595.000000
filtered : 550566068.000000
time : 123.893799
