Parameters: GAD=1 vflib=1 dir=0 label=0 lowerbound=1 fileNameGp=../graphsdb/mcs30/bvg/b03m/mcs30_b03m_s25.A50 fileNameGt=../graphsdb/mcs30/bvg/b03m/mcs30_b03m_s25.B50
Reading graphs...
25 :  37
25 :  37
Initializing...
maxdom : 25
D->valSize : 625
Solving...
currentSize : 11 <-- 0.005352 s
currentSize : 13 <-- 0.005390 s
currentSize : 14 <-- 0.557545 s
currentSize : 15 <-- 0.792414 s
currentSize : 16 <-- 0.803783 s
currentSize : 17 <-- 0.805358 s
currentSize : 18 <-- 0.868880 s

maxsize : 18
nodes : 717513.000000
filtered : 8927261.000000
time : 2.538462
