Parameters: GAD=1 vflib=1 dir=0 label=0 lowerbound=1 fileNameGp=../graphsdb/mcs30/bvg/b06/mcs30_b06_s25.A40 fileNameGt=../graphsdb/mcs30/bvg/b06/mcs30_b06_s25.B40
Reading graphs...
25 :  74
25 :  69
Initializing...
maxdom : 25
D->valSize : 625
Solving...
currentSize : 10 <-- 0.005071 s
currentSize : 11 <-- 0.005096 s
currentSize : 12 <-- 0.005139 s
currentSize : 13 <-- 0.005183 s
currentSize : 14 <-- 0.109744 s
currentSize : 15 <-- 0.267313 s

maxsize : 15
nodes : 2105750.000000
filtered : 37080033.000000
time : 8.723542
