Parameters: GAD=1 vflib=1 dir=0 label=0 lowerbound=1 fileNameGp=../graphsdb/mcs30/m2D/m2Dr6/mcs30_m2Dr6_s30.A18 fileNameGt=../graphsdb/mcs30/m2D/m2Dr6/mcs30_m2Dr6_s30.B18
Reading graphs...
30 :  65
30 :  63
Initializing...
maxdom : 30
D->valSize : 900
Solving...
currentSize : 11 <-- 0.010789 s
currentSize : 12 <-- 0.014224 s
currentSize : 14 <-- 0.014629 s
currentSize : 15 <-- 0.017656 s
currentSize : 16 <-- 0.035357 s
currentSize : 17 <-- 0.037641 s
currentSize : 18 <-- 0.327032 s
currentSize : 19 <-- 5.790057 s
currentSize : 20 <-- 110.286232 s

maxsize : 20
nodes : 28903854.000000
filtered : 606250672.000000
time : 133.124252
