Parameters: GAD=1 vflib=1 dir=0 label=0 lowerbound=1 fileNameGp=../graphsdb/mcs30/m2D/m2Dr2/mcs30_m2Dr2_s30.A68 fileNameGt=../graphsdb/mcs30/m2D/m2Dr2/mcs30_m2Dr2_s30.B68
Reading graphs...
30 :  54
30 :  54
Initializing...
maxdom : 30
D->valSize : 900
Solving...
currentSize : 14 <-- 0.010645 s
currentSize : 15 <-- 0.015148 s
currentSize : 16 <-- 0.019550 s
currentSize : 17 <-- 0.024581 s
currentSize : 18 <-- 0.062431 s
currentSize : 19 <-- 0.147738 s
currentSize : 20 <-- 0.242742 s
currentSize : 21 <-- 0.761285 s
currentSize : 22 <-- 6.547519 s

maxsize : 22
nodes : 3007321.000000
filtered : 78593183.000000
time : 15.966213
