Parameters: GAD=1 vflib=1 dir=0 label=0 lowerbound=1 fileNameGp=../graphsdb/mcs30/bvg/b03m/mcs30_b03m_s35.A01 fileNameGt=../graphsdb/mcs30/bvg/b03m/mcs30_b03m_s35.B01
Reading graphs...
35 :  52
35 :  52
Initializing...
maxdom : 35
D->valSize : 1225
Solving...
currentSize : 15 <-- 0.021091 s
currentSize : 18 <-- 0.022933 s
currentSize : 19 <-- 0.132779 s
currentSize : 20 <-- 0.132819 s
currentSize : 21 <-- 0.164520 s
currentSize : 22 <-- 0.164734 s
currentSize : 23 <-- 3.760934 s
currentSize : 24 <-- 49.885456 s
currentSize : 25 <-- 309.515533 s

maxsize : 25
nodes : 138064504.000000
filtered : 2673617171.000000
time : 693.156738
