Parameters: GAD=1 vflib=1 dir=0 label=0 lowerbound=1 fileNameGp=../graphsdb/mcs30/bvg/b06m/mcs30_b06m_s30.A53 fileNameGt=../graphsdb/mcs30/bvg/b06m/mcs30_b06m_s30.B53
Reading graphs...
30 :  85
30 :  86
Initializing...
maxdom : 30
D->valSize : 900
Solving...
currentSize : 10 <-- 0.010204 s
currentSize : 11 <-- 0.010238 s
currentSize : 12 <-- 0.010868 s
currentSize : 13 <-- 0.012765 s
currentSize : 14 <-- 0.020724 s
currentSize : 15 <-- 0.301937 s
currentSize : 16 <-- 0.714195 s
currentSize : 17 <-- 1.995261 s
currentSize : 18 <-- 25.054825 s

maxsize : 18
nodes : 28480852.000000
filtered : 583176576.000000
time : 131.958649
