Parameters: GAD=1 vflib=1 dir=0 label=0 lowerbound=1 fileNameGp=../graphsdb/mcs30/bvg/b06m/mcs30_b06m_s30.A63 fileNameGt=../graphsdb/mcs30/bvg/b06m/mcs30_b06m_s30.B63
Reading graphs...
30 :  86
30 :  86
Initializing...
maxdom : 30
D->valSize : 900
Solving...
currentSize : 12 <-- 0.017715 s
currentSize : 13 <-- 0.017943 s
currentSize : 15 <-- 0.018380 s
currentSize : 16 <-- 0.030835 s
currentSize : 17 <-- 0.932153 s
currentSize : 18 <-- 15.245611 s
currentSize : 19 <-- 15.729925 s

maxsize : 19
nodes : 11284473.000000
filtered : 274259464.000000
time : 56.940887
