Parameters: GAD=1 vflib=1 dir=0 label=0 lowerbound=1 fileNameGp=../graphsdb/mcs30/m3D/m3Dr6/mcs30_m3Dr6_s30.A39 fileNameGt=../graphsdb/mcs30/m3D/m3Dr6/mcs30_m3Dr6_s30.B39
Reading graphs...
30 :  73
30 :  72
Initializing...
maxdom : 30
D->valSize : 900
Solving...
currentSize : 14 <-- 0.010480 s
currentSize : 15 <-- 0.010561 s
currentSize : 16 <-- 0.019010 s
currentSize : 17 <-- 0.047482 s
currentSize : 18 <-- 0.070040 s
currentSize : 19 <-- 15.345858 s

maxsize : 19
nodes : 27909199.000000
filtered : 621760718.000000
time : 135.181488
