Parameters: GAD=1 vflib=1 dir=0 label=0 lowerbound=1 fileNameGp=../graphsdb/mcs30/rand/r005/mcs30_r005_s25.A82 fileNameGt=../graphsdb/mcs30/rand/r005/mcs30_r005_s25.B82
Reading graphs...
25 :  34
25 :  34
Initializing...
maxdom : 25
D->valSize : 625
Solving...
currentSize : 12 <-- 0.009257 s
currentSize : 14 <-- 0.010063 s
currentSize : 15 <-- 0.010281 s
currentSize : 16 <-- 0.053907 s
currentSize : 17 <-- 0.096371 s
currentSize : 18 <-- 0.580657 s

maxsize : 18
nodes : 580926.000000
filtered : 8592813.000000
time : 2.361148
