Parameters: GAD=1 vflib=1 dir=0 label=0 lowerbound=1 fileNameGp=../graphsdb/mcs30/bvg/b03/mcs30_b03_s30.A38 fileNameGt=../graphsdb/mcs30/bvg/b03/mcs30_b03_s30.B38
Reading graphs...
30 :  45
30 :  45
Initializing...
maxdom : 30
D->valSize : 900
Solving...
currentSize : 11 <-- 0.011180 s
currentSize : 14 <-- 0.011221 s
currentSize : 15 <-- 0.016716 s
currentSize : 16 <-- 0.016781 s
currentSize : 17 <-- 0.055347 s
currentSize : 18 <-- 0.260538 s
currentSize : 19 <-- 6.654374 s
currentSize : 20 <-- 6.694198 s
currentSize : 21 <-- 30.790356 s

maxsize : 21
nodes : 18346569.000000
filtered : 303119514.000000
time : 76.494102
