Parameters: GAD=1 vflib=1 dir=0 label=0 lowerbound=1 fileNameGp=../graphsdb/mcs30/m3D/m3Dr2/mcs30_m3Dr2_s30.A95 fileNameGt=../graphsdb/mcs30/m3D/m3Dr2/mcs30_m3Dr2_s30.B95
Reading graphs...
30 :  65
30 :  65
Initializing...
maxdom : 30
D->valSize : 900
Solving...
currentSize : 11 <-- 0.018385 s
currentSize : 12 <-- 0.018406 s
currentSize : 13 <-- 0.018481 s
currentSize : 14 <-- 0.019779 s
currentSize : 15 <-- 0.020223 s
currentSize : 16 <-- 0.026035 s
currentSize : 17 <-- 0.291206 s
currentSize : 18 <-- 0.999256 s
currentSize : 19 <-- 11.513319 s
currentSize : 20 <-- 56.027561 s

maxsize : 20
nodes : 19519831.000000
filtered : 426915832.000000
time : 91.566460
