Parameters: GAD=1 vflib=1 dir=0 label=0 lowerbound=1 fileNameGp=../graphsdb/mcs30/m3D/m3Dr4/mcs30_m3Dr4_s30.A85 fileNameGt=../graphsdb/mcs30/m3D/m3Dr4/mcs30_m3Dr4_s30.B85
Reading graphs...
30 :  70
30 :  70
Initializing...
maxdom : 30
D->valSize : 900
Solving...
currentSize : 14 <-- 0.010425 s
currentSize : 15 <-- 0.010451 s
currentSize : 16 <-- 0.030349 s
currentSize : 17 <-- 0.048877 s
currentSize : 18 <-- 0.152684 s
currentSize : 19 <-- 0.864218 s
currentSize : 20 <-- 39.062515 s

maxsize : 20
nodes : 17865319.000000
filtered : 426283448.000000
time : 89.152466
