Parameters: GAD=1 vflib=1 dir=0 label=0 lowerbound=1 fileNameGp=../graphsdb/mcs30/rand/r02/mcs30_r02_s30.A43 fileNameGt=../graphsdb/mcs30/rand/r02/mcs30_r02_s30.B43
Reading graphs...
30 :  156
30 :  162
Initializing...
maxdom : 30
D->valSize : 900
Solving...
currentSize : 10 <-- 0.016062 s
currentSize : 11 <-- 0.016348 s
currentSize : 12 <-- 0.017671 s
currentSize : 13 <-- 0.025953 s
currentSize : 14 <-- 0.896027 s
currentSize : 15 <-- 379.310120 s

maxsize : 15
nodes : 109065648.000000
filtered : 1344626616.000000
time : 442.654877
