Parameters: GAD=1 vflib=1 dir=0 label=0 lowerbound=1 fileNameGp=../graphsdb/mcs30/rand/r01/mcs30_r01_s35.A13 fileNameGt=../graphsdb/mcs30/rand/r01/mcs30_r01_s35.B13
Reading graphs...
35 :  112
35 :  113
Initializing...
maxdom : 35
D->valSize : 1225
Solving...
currentSize : 14 <-- 0.018976 s
currentSize : 15 <-- 0.019485 s
currentSize : 16 <-- 0.019580 s
currentSize : 17 <-- 0.020321 s
currentSize : 18 <-- 0.044570 s
currentSize : 19 <-- 0.279525 s
currentSize : 20 <-- 517.538147 s

maxsize : 20
nodes : 579767455.000000
filtered : 14046394073.000000
time : 3119.683105
