Parameters: GAD=1 vflib=1 dir=0 label=0 lowerbound=1 fileNameGp=../graphsdb/mcs30/m3D/m3Dr4/mcs30_m3Dr4_s25.A58 fileNameGt=../graphsdb/mcs30/m3D/m3Dr4/mcs30_m3Dr4_s25.B58
Reading graphs...
25 :  55
25 :  57
Initializing...
maxdom : 25
D->valSize : 625
Solving...
currentSize : 10 <-- 0.005092 s
currentSize : 11 <-- 0.005121 s
currentSize : 12 <-- 0.006083 s
currentSize : 13 <-- 0.006878 s
currentSize : 14 <-- 0.016565 s
currentSize : 15 <-- 0.155659 s
currentSize : 16 <-- 0.998401 s

maxsize : 16
nodes : 2888839.000000
filtered : 52985930.000000
time : 11.981587
