Parameters: GAD=1 vflib=1 dir=0 label=0 lowerbound=1 fileNameGp=../graphsdb/mcs30/m3D/m3Dr2/mcs30_m3Dr2_s30.A09 fileNameGt=../graphsdb/mcs30/m3D/m3Dr2/mcs30_m3Dr2_s30.B09
Reading graphs...
30 :  66
30 :  65
Initializing...
maxdom : 30
D->valSize : 900
Solving...
currentSize : 13 <-- 0.018464 s
currentSize : 14 <-- 0.020674 s
currentSize : 15 <-- 0.023043 s
currentSize : 16 <-- 0.087553 s
currentSize : 17 <-- 0.241268 s
currentSize : 18 <-- 0.266620 s
currentSize : 19 <-- 2.303333 s

maxsize : 19
nodes : 35469879.000000
filtered : 717871992.000000
time : 168.336517
