Parameters: GAD=1 vflib=1 dir=0 label=0 lowerbound=1 fileNameGp=../graphsdb/mcs30/m3D/m3Dr6/mcs30_m3Dr6_s30.A57 fileNameGt=../graphsdb/mcs30/m3D/m3Dr6/mcs30_m3Dr6_s30.B57
Reading graphs...
30 :  76
30 :  76
Initializing...
maxdom : 30
D->valSize : 900
Solving...
currentSize : 12 <-- 0.010292 s
currentSize : 13 <-- 0.010454 s
currentSize : 14 <-- 0.014272 s
currentSize : 15 <-- 0.020097 s
currentSize : 16 <-- 0.025011 s
currentSize : 17 <-- 0.041395 s
currentSize : 18 <-- 0.852090 s
currentSize : 19 <-- 41.203411 s

maxsize : 19
nodes : 23021641.000000
filtered : 556622724.000000
time : 118.420288
