Parameters: GAD=1 vflib=1 dir=0 label=0 lowerbound=1 fileNameGp=../graphsdb/mcs30/rand/r01/mcs30_r01_s35.A23 fileNameGt=../graphsdb/mcs30/rand/r01/mcs30_r01_s35.B23
Reading graphs...
35 :  114
35 :  116
Initializing...
maxdom : 35
D->valSize : 1225
Solving...
currentSize : 12 <-- 0.023985 s
currentSize : 13 <-- 0.024094 s
currentSize : 14 <-- 0.024217 s
currentSize : 15 <-- 0.035299 s
currentSize : 16 <-- 0.053764 s
currentSize : 17 <-- 0.103080 s
currentSize : 18 <-- 0.500424 s
currentSize : 19 <-- 4.683301 s
currentSize : 20 <-- 731.987000 s

maxsize : 20
nodes : 427700214.000000
filtered : 9817521913.000000
time : 2269.836914
