Parameters: GAD=1 vflib=1 dir=0 label=0 lowerbound=1 fileNameGp=../graphsdb/mcs30/bvg/b03/mcs30_b03_s30.A68 fileNameGt=../graphsdb/mcs30/bvg/b03/mcs30_b03_s30.B68
Reading graphs...
30 :  42
30 :  45
Initializing...
maxdom : 30
D->valSize : 900
Solving...
currentSize : 12 <-- 0.011619 s
currentSize : 14 <-- 0.011655 s
currentSize : 16 <-- 0.011691 s
currentSize : 17 <-- 0.012066 s
currentSize : 18 <-- 0.019677 s
currentSize : 19 <-- 0.022655 s
currentSize : 20 <-- 0.357589 s
currentSize : 21 <-- 8.038999 s

maxsize : 21
nodes : 15469356.000000
filtered : 260587192.000000
time : 69.197510
