Parameters: GAD=1 vflib=1 dir=0 label=0 lowerbound=1 fileNameGp=../graphsdb/mcs30/bvg/b03/mcs30_b03_s35.A22 fileNameGt=../graphsdb/mcs30/bvg/b03/mcs30_b03_s35.B22
Reading graphs...
35 :  52
35 :  52
Initializing...
maxdom : 35
D->valSize : 1225
Solving...
currentSize : 17 <-- 0.020847 s
currentSize : 18 <-- 0.058882 s
currentSize : 19 <-- 0.164148 s
currentSize : 20 <-- 0.529995 s
currentSize : 21 <-- 7.757894 s
currentSize : 22 <-- 104.332275 s
currentSize : 23 <-- 104.417213 s
currentSize : 24 <-- 318.169342 s
currentSize : 25 <-- 464.156372 s
currentSize : 26 <-- 473.845612 s

maxsize : 26
nodes : 135809588.000000
filtered : 1944897683.000000
time : 576.018188
