Parameters: GAD=1 vflib=1 dir=0 label=0 lowerbound=1 fileNameGp=../graphsdb/mcs30/bvg/b03m/mcs30_b03m_s35.A32 fileNameGt=../graphsdb/mcs30/bvg/b03m/mcs30_b03m_s35.B32
Reading graphs...
35 :  51
35 :  52
Initializing...
maxdom : 35
D->valSize : 1225
Solving...
currentSize : 18 <-- 0.021060 s
currentSize : 19 <-- 0.021962 s
currentSize : 21 <-- 0.135452 s
currentSize : 22 <-- 1.476897 s
currentSize : 23 <-- 186.152863 s
currentSize : 24 <-- 249.684006 s

maxsize : 24
nodes : 325570924.000000
filtered : 5460964061.000000
time : 1530.317627
