Parameters: GAD=1 vflib=1 dir=0 label=0 lowerbound=1 fileNameGp=../graphsdb/mcs30/bvg/b03/mcs30_b03_s35.A91 fileNameGt=../graphsdb/mcs30/bvg/b03/mcs30_b03_s35.B91
Reading graphs...
35 :  52
35 :  52
Initializing...
maxdom : 35
D->valSize : 1225
Solving...
currentSize : 12 <-- 0.021699 s
currentSize : 13 <-- 0.021722 s
currentSize : 15 <-- 0.021756 s
currentSize : 16 <-- 0.024228 s
currentSize : 17 <-- 0.083251 s
currentSize : 18 <-- 2.160415 s
currentSize : 20 <-- 4.701896 s
currentSize : 21 <-- 12.036540 s
currentSize : 22 <-- 24.296600 s
currentSize : 23 <-- 167.857086 s
currentSize : 24 <-- 1321.722778 s

maxsize : 24
nodes : 428193759.000000
filtered : 6652489214.000000
time : 1921.610840
