Parameters: GAD=1 vflib=1 dir=0 label=0 lowerbound=1 fileNameGp=../graphsdb/mcs30/m2D/m2D/mcs30_m2D_s30.A22 fileNameGt=../graphsdb/mcs30/m2D/m2D/mcs30_m2D_s30.B22
Reading graphs...
30 :  49
30 :  49
Initializing...
maxdom : 30
D->valSize : 900
Solving...
currentSize : 14 <-- 0.019332 s
currentSize : 15 <-- 0.019465 s
currentSize : 16 <-- 0.020047 s
currentSize : 17 <-- 0.039963 s
currentSize : 18 <-- 0.050751 s
currentSize : 19 <-- 0.057108 s
currentSize : 20 <-- 0.094149 s
currentSize : 21 <-- 1.490783 s
currentSize : 22 <-- 17.672777 s

maxsize : 22
nodes : 4721426.000000
filtered : 107789393.000000
time : 23.082998
