Parameters: GAD=1 vflib=1 dir=0 label=0 lowerbound=1 fileNameGp=../graphsdb/mcs30/rand/r01/mcs30_r01_s25.A41 fileNameGt=../graphsdb/mcs30/rand/r01/mcs30_r01_s25.B41
Reading graphs...
25 :  58
25 :  60
Initializing...
maxdom : 25
D->valSize : 625
Solving...
currentSize : 10 <-- 0.004918 s
currentSize : 11 <-- 0.004938 s
currentSize : 12 <-- 0.005012 s
currentSize : 13 <-- 0.005122 s
currentSize : 14 <-- 0.010918 s
currentSize : 15 <-- 0.099953 s
currentSize : 16 <-- 1.886273 s

maxsize : 16
nodes : 2648178.000000
filtered : 47728411.000000
time : 11.059646
