Parameters: GAD=1 vflib=1 dir=0 label=0 lowerbound=1 fileNameGp=../graphsdb/mcs30/bvg/b06/mcs30_b06_s30.A16 fileNameGt=../graphsdb/mcs30/bvg/b06/mcs30_b06_s30.B16
Reading graphs...
30 :  85
30 :  88
Initializing...
maxdom : 30
D->valSize : 900
Solving...
currentSize : 12 <-- 0.015053 s
currentSize : 13 <-- 0.015530 s
currentSize : 14 <-- 0.015970 s
currentSize : 15 <-- 0.018897 s
currentSize : 16 <-- 0.037367 s
currentSize : 17 <-- 2.222760 s
currentSize : 18 <-- 3.941052 s

maxsize : 18
nodes : 19547462.000000
filtered : 464160350.000000
time : 98.106415
