Parameters: GAD=1 vflib=1 dir=0 label=0 lowerbound=1 fileNameGp=../graphsdb/mcs30/bvg/b03/mcs30_b03_s35.A75 fileNameGt=../graphsdb/mcs30/bvg/b03/mcs30_b03_s35.B75
Reading graphs...
35 :  52
35 :  52
Initializing...
maxdom : 35
D->valSize : 1225
Solving...
currentSize : 19 <-- 0.020950 s
currentSize : 20 <-- 0.020986 s
currentSize : 21 <-- 0.037415 s
currentSize : 22 <-- 0.037424 s
currentSize : 24 <-- 0.259759 s
currentSize : 25 <-- 453.939758 s

maxsize : 25
nodes : 158747681.000000
filtered : 3238769397.000000
time : 798.649353
