Parameters: GAD=1 vflib=1 dir=0 label=0 lowerbound=1 fileNameGp=../graphsdb/mcs30/m2D/m2Dr4/mcs30_m2Dr4_s30.A47 fileNameGt=../graphsdb/mcs30/m2D/m2Dr4/mcs30_m2Dr4_s30.B47
Reading graphs...
30 :  60
30 :  58
Initializing...
maxdom : 30
D->valSize : 900
Solving...
currentSize : 14 <-- 0.010790 s
currentSize : 15 <-- 0.010818 s
currentSize : 17 <-- 0.011135 s
currentSize : 18 <-- 0.031054 s
currentSize : 19 <-- 0.681797 s
currentSize : 20 <-- 0.682887 s

maxsize : 20
nodes : 16638238.000000
filtered : 364838229.000000
time : 80.078621
