Parameters: GAD=1 vflib=1 dir=0 label=0 lowerbound=1 fileNameGp=../graphsdb/mcs30/rand/r02/mcs30_r02_s30.A70 fileNameGt=../graphsdb/mcs30/rand/r02/mcs30_r02_s30.B70
Reading graphs...
30 :  154
30 :  156
Initializing...
maxdom : 30
D->valSize : 900
Solving...
currentSize : 10 <-- 0.009542 s
currentSize : 11 <-- 0.009613 s
currentSize : 12 <-- 0.010521 s
currentSize : 13 <-- 0.123723 s
currentSize : 14 <-- 1.838165 s
currentSize : 15 <-- 254.476608 s

maxsize : 15
nodes : 98943412.000000
filtered : 1237483506.000000
time : 401.708099
