Parameters: GAD=1 vflib=1 dir=0 label=0 lowerbound=1 fileNameGp=../graphsdb/mcs30/bvg/b03m/mcs30_b03m_s35.A36 fileNameGt=../graphsdb/mcs30/bvg/b03m/mcs30_b03m_s35.B36
Reading graphs...
35 :  51
35 :  52
Initializing...
maxdom : 35
D->valSize : 1225
Solving...
currentSize : 15 <-- 0.021206 s
currentSize : 17 <-- 0.021428 s
currentSize : 18 <-- 0.021801 s
currentSize : 19 <-- 0.035013 s
currentSize : 20 <-- 0.197730 s
currentSize : 21 <-- 6.486419 s
currentSize : 22 <-- 18.853348 s
currentSize : 23 <-- 122.196678 s
currentSize : 24 <-- 519.716614 s

maxsize : 24
nodes : 438674078.000000
filtered : 7275105611.000000
time : 2031.778198
