Parameters: GAD=1 vflib=1 dir=0 label=0 lowerbound=1 fileNameGp=../graphsdb/mcs30/m3D/m3Dr2/mcs30_m3Dr2_s30.A78 fileNameGt=../graphsdb/mcs30/m3D/m3Dr2/mcs30_m3Dr2_s30.B78
Reading graphs...
30 :  64
30 :  63
Initializing...
maxdom : 30
D->valSize : 900
Solving...
currentSize : 9 <-- 0.010803 s
currentSize : 10 <-- 0.010823 s
currentSize : 11 <-- 0.010830 s
currentSize : 12 <-- 0.011079 s
currentSize : 13 <-- 0.012063 s
currentSize : 15 <-- 0.012576 s
currentSize : 16 <-- 0.039566 s
currentSize : 17 <-- 0.255815 s
currentSize : 18 <-- 0.941923 s
currentSize : 19 <-- 20.905651 s
currentSize : 20 <-- 57.054482 s

maxsize : 20
nodes : 24867564.000000
filtered : 497769148.000000
time : 116.837990
