Parameters: GAD=1 vflib=1 dir=0 label=0 lowerbound=1 fileNameGp=../graphsdb/mcs30/bvg/b09m/mcs30_b09m_s35.A25 fileNameGt=../graphsdb/mcs30/bvg/b09m/mcs30_b09m_s35.B25
Reading graphs...
35 :  143
35 :  149
Initializing...
maxdom : 35
D->valSize : 1225
Solving...
currentSize : 11 <-- 0.018421 s
currentSize : 12 <-- 0.018452 s
currentSize : 13 <-- 0.018546 s
currentSize : 14 <-- 0.018686 s
currentSize : 15 <-- 0.263484 s
currentSize : 16 <-- 0.581271 s
currentSize : 17 <-- 6.714916 s
currentSize : 18 <-- 1036.501831 s

TIMEOUT
maxsize : 18
nodes : 703787996.000000
filtered : 15198627767.000000
time : 3600.000000
