Parameters: GAD=1 vflib=1 dir=0 label=0 lowerbound=1 fileNameGp=../graphsdb/mcs30/bvg/b06/mcs30_b06_s25.A44 fileNameGt=../graphsdb/mcs30/bvg/b06/mcs30_b06_s25.B44
Reading graphs...
25 :  71
25 :  71
Initializing...
maxdom : 25
D->valSize : 625
Solving...
currentSize : 11 <-- 0.008277 s
currentSize : 12 <-- 0.009558 s
currentSize : 13 <-- 0.009567 s
currentSize : 14 <-- 0.010425 s
currentSize : 15 <-- 1.069354 s
currentSize : 16 <-- 4.728613 s

maxsize : 16
nodes : 1394552.000000
filtered : 27396106.000000
time : 5.995235
