Parameters: GAD=1 vflib=1 dir=0 label=0 lowerbound=1 fileNameGp=../graphsdb/mcs30/bvg/b06m/mcs30_b06m_s30.A03 fileNameGt=../graphsdb/mcs30/bvg/b06m/mcs30_b06m_s30.B03
Reading graphs...
30 :  85
30 :  87
Initializing...
maxdom : 30
D->valSize : 900
Solving...
currentSize : 11 <-- 0.010160 s
currentSize : 13 <-- 0.010177 s
currentSize : 14 <-- 0.012460 s
currentSize : 15 <-- 0.014435 s
currentSize : 16 <-- 0.107441 s
currentSize : 17 <-- 2.566106 s
currentSize : 18 <-- 35.755554 s

maxsize : 18
nodes : 38694356.000000
filtered : 816864593.000000
time : 183.121490
