Parameters: GAD=1 vflib=1 dir=0 label=0 lowerbound=1 fileNameGp=../graphsdb/mcs30/m2D/m2Dr4/mcs30_m2Dr4_s30.A89 fileNameGt=../graphsdb/mcs30/m2D/m2Dr4/mcs30_m2Dr4_s30.B89
Reading graphs...
30 :  59
30 :  60
Initializing...
maxdom : 30
D->valSize : 900
Solving...
currentSize : 14 <-- 0.010821 s
currentSize : 16 <-- 0.010858 s
currentSize : 17 <-- 0.157020 s
currentSize : 18 <-- 0.167758 s
currentSize : 19 <-- 0.289926 s
currentSize : 20 <-- 3.943432 s

maxsize : 20
nodes : 15108950.000000
filtered : 360770514.000000
time : 76.705437
