Parameters: GAD=1 vflib=1 dir=0 label=0 lowerbound=1 fileNameGp=../graphsdb/mcs30/bvg/b03/mcs30_b03_s15.A52 fileNameGt=../graphsdb/mcs30/bvg/b03/mcs30_b03_s15.B52
Reading graphs...
15 :  21
15 :  22
Initializing...
maxdom : 15
D->valSize : 225
Solving...
currentSize : 4 <-- 0.000923 s
currentSize : 7 <-- 0.000950 s
currentSize : 8 <-- 0.001046 s
currentSize : 9 <-- 0.001748 s
currentSize : 10 <-- 0.002420 s
currentSize : 11 <-- 0.006152 s

maxsize : 11
nodes : 4940.000000
filtered : 44932.000000
time : 0.013239
