Parameters: GAD=1 vflib=1 dir=0 label=0 lowerbound=1 fileNameGp=../graphsdb/mcs30/bvg/b03m/mcs30_b03m_s25.A49 fileNameGt=../graphsdb/mcs30/bvg/b03m/mcs30_b03m_s25.B49
Reading graphs...
25 :  37
25 :  35
Initializing...
maxdom : 25
D->valSize : 625
Solving...
currentSize : 11 <-- 0.009105 s
currentSize : 13 <-- 0.011872 s
currentSize : 14 <-- 0.638938 s
currentSize : 15 <-- 0.888974 s
currentSize : 16 <-- 4.916695 s
currentSize : 17 <-- 4.916730 s
currentSize : 18 <-- 7.321180 s

maxsize : 18
nodes : 2889036.000000
filtered : 24819816.000000
time : 8.301850
