Parameters: GAD=1 vflib=1 dir=0 label=0 lowerbound=1 fileNameGp=../graphsdb/mcs30/rand/r01/mcs30_r01_s30.A72 fileNameGt=../graphsdb/mcs30/rand/r01/mcs30_r01_s30.B72
Reading graphs...
30 :  84
30 :  81
Initializing...
maxdom : 30
D->valSize : 900
Solving...
currentSize : 11 <-- 0.010215 s
currentSize : 12 <-- 0.010251 s
currentSize : 13 <-- 0.010477 s
currentSize : 14 <-- 0.012581 s
currentSize : 15 <-- 0.017268 s
currentSize : 16 <-- 0.022475 s
currentSize : 17 <-- 0.152987 s
currentSize : 18 <-- 15.859037 s

maxsize : 18
nodes : 50999650.000000
filtered : 1064248340.000000
time : 238.039444
