Parameters: GAD=1 vflib=1 dir=0 label=0 lowerbound=1 fileNameGp=../graphsdb/mcs30/rand/r01/mcs30_r01_s30.A73 fileNameGt=../graphsdb/mcs30/rand/r01/mcs30_r01_s30.B73
Reading graphs...
30 :  85
30 :  85
Initializing...
maxdom : 30
D->valSize : 900
Solving...
currentSize : 12 <-- 0.011062 s
currentSize : 14 <-- 0.011162 s
currentSize : 15 <-- 0.015739 s
currentSize : 16 <-- 0.029996 s
currentSize : 17 <-- 1.129641 s
currentSize : 18 <-- 23.976604 s

maxsize : 18
nodes : 49080859.000000
filtered : 1017319490.000000
time : 230.112518
