Parameters: GAD=1 vflib=1 dir=0 label=0 lowerbound=1 fileNameGp=../graphsdb/mcs30/bvg/b03/mcs30_b03_s30.A73 fileNameGt=../graphsdb/mcs30/bvg/b03/mcs30_b03_s30.B73
Reading graphs...
30 :  45
30 :  45
Initializing...
maxdom : 30
D->valSize : 900
Solving...
currentSize : 16 <-- 0.019300 s
currentSize : 17 <-- 0.019406 s
currentSize : 18 <-- 0.020319 s
currentSize : 19 <-- 0.022757 s
currentSize : 20 <-- 0.034382 s
currentSize : 21 <-- 1.386188 s
currentSize : 22 <-- 2.098010 s

maxsize : 22
nodes : 3272793.000000
filtered : 71288718.000000
time : 16.247786
