Parameters: GAD=1 vflib=1 dir=0 label=0 lowerbound=1 fileNameGp=../graphsdb/mcs30/bvg/b06m/mcs30_b06m_s35.A98 fileNameGt=../graphsdb/mcs30/bvg/b06m/mcs30_b06m_s35.B98
Reading graphs...
35 :  100
35 :  100
Initializing...
maxdom : 35
D->valSize : 1225
Solving...
currentSize : 14 <-- 0.033678 s
currentSize : 15 <-- 0.033700 s
currentSize : 16 <-- 0.040474 s
currentSize : 17 <-- 0.043509 s
currentSize : 18 <-- 0.060622 s
currentSize : 19 <-- 0.073591 s
currentSize : 20 <-- 1.272007 s
currentSize : 21 <-- 103.689529 s

maxsize : 21
nodes : 314672485.000000
filtered : 8560542653.000000
time : 1817.926758
