Parameters: GAD=1 vflib=1 dir=0 label=0 lowerbound=1 fileNameGp=../graphsdb/mcs30/bvg/b06m/mcs30_b06m_s35.A73 fileNameGt=../graphsdb/mcs30/bvg/b06m/mcs30_b06m_s35.B73
Reading graphs...
35 :  100
35 :  99
Initializing...
maxdom : 35
D->valSize : 1225
Solving...
currentSize : 15 <-- 0.019315 s
currentSize : 16 <-- 0.019393 s
currentSize : 17 <-- 0.019770 s
currentSize : 18 <-- 0.019910 s
currentSize : 19 <-- 0.177141 s
currentSize : 20 <-- 0.930675 s
currentSize : 21 <-- 117.370544 s

maxsize : 21
nodes : 381138702.000000
filtered : 10538079405.000000
time : 2118.007568
