Parameters: GAD=1 vflib=1 dir=0 label=0 lowerbound=1 fileNameGp=../graphsdb/mcs30/m2D/m2Dr2/mcs30_m2Dr2_s30.A45 fileNameGt=../graphsdb/mcs30/m2D/m2Dr2/mcs30_m2Dr2_s30.B45
Reading graphs...
30 :  54
30 :  52
Initializing...
maxdom : 30
D->valSize : 900
Solving...
currentSize : 13 <-- 0.019024 s
currentSize : 14 <-- 0.019236 s
currentSize : 15 <-- 0.019258 s
currentSize : 16 <-- 0.035621 s
currentSize : 17 <-- 0.051898 s
currentSize : 18 <-- 0.375289 s
currentSize : 19 <-- 1.049400 s
currentSize : 20 <-- 2.868888 s
currentSize : 21 <-- 27.887184 s

maxsize : 21
nodes : 12345277.000000
filtered : 260165030.000000
time : 59.774887
