Parameters: GAD=1 vflib=1 dir=0 label=0 lowerbound=1 fileNameGp=../graphsdb/mcs30/rand/r01/mcs30_r01_s30.A52 fileNameGt=../graphsdb/mcs30/rand/r01/mcs30_r01_s30.B52
Reading graphs...
30 :  83
30 :  83
Initializing...
maxdom : 30
D->valSize : 900
Solving...
currentSize : 11 <-- 0.010393 s
currentSize : 12 <-- 0.010409 s
currentSize : 15 <-- 0.010485 s
currentSize : 16 <-- 0.049542 s
currentSize : 17 <-- 0.872490 s
currentSize : 18 <-- 19.963163 s

maxsize : 18
nodes : 48379069.000000
filtered : 1057456069.000000
time : 232.486069
