Parameters: GAD=1 vflib=1 dir=0 label=0 lowerbound=1 fileNameGp=../graphsdb/mcs30/m3D/m3D/mcs30_m3D_s25.A15 fileNameGt=../graphsdb/mcs30/m3D/m3D/mcs30_m3D_s25.B15
Reading graphs...
25 :  47
25 :  48
Initializing...
maxdom : 25
D->valSize : 625
Solving...
currentSize : 12 <-- 0.008875 s
currentSize : 13 <-- 0.013290 s
currentSize : 14 <-- 0.044854 s
currentSize : 15 <-- 0.171580 s
currentSize : 16 <-- 0.484092 s
currentSize : 17 <-- 6.708306 s

maxsize : 17
nodes : 2608709.000000
filtered : 40226074.000000
time : 9.965689
