Parameters: GAD=1 vflib=1 dir=0 label=0 lowerbound=1 fileNameGp=../graphsdb/mcs30/bvg/b03/mcs30_b03_s20.A30 fileNameGt=../graphsdb/mcs30/bvg/b03/mcs30_b03_s20.B30
Reading graphs...
20 :  29
20 :  30
Initializing...
maxdom : 20
D->valSize : 400
Solving...
currentSize : 5 <-- 0.003783 s
currentSize : 6 <-- 0.003807 s
currentSize : 7 <-- 0.003877 s
currentSize : 8 <-- 0.003963 s
currentSize : 9 <-- 0.004134 s
currentSize : 10 <-- 0.004192 s
currentSize : 11 <-- 0.009871 s
currentSize : 12 <-- 0.013291 s
currentSize : 13 <-- 0.015763 s
currentSize : 14 <-- 0.050268 s
currentSize : 15 <-- 0.291811 s

maxsize : 15
nodes : 76540.000000
filtered : 963282.000000
time : 0.318523
