Parameters: GAD=1 vflib=1 dir=0 label=0 lowerbound=1 fileNameGp=../graphsdb/mcs30/bvg/b03/mcs30_b03_s25.A33 fileNameGt=../graphsdb/mcs30/bvg/b03/mcs30_b03_s25.B33
Reading graphs...
25 :  36
25 :  37
Initializing...
maxdom : 25
D->valSize : 625
Solving...
currentSize : 12 <-- 0.005377 s
currentSize : 13 <-- 0.006118 s
currentSize : 14 <-- 0.006807 s
currentSize : 15 <-- 0.006923 s
currentSize : 17 <-- 0.007339 s
currentSize : 18 <-- 3.822149 s

maxsize : 18
nodes : 1394586.000000
filtered : 17243133.000000
time : 4.928808
