Parameters: GAD=1 vflib=1 dir=0 label=0 lowerbound=1 fileNameGp=../graphsdb/mcs30/bvg/b03m/mcs30_b03m_s30.A04 fileNameGt=../graphsdb/mcs30/bvg/b03m/mcs30_b03m_s30.B04
Reading graphs...
30 :  45
30 :  45
Initializing...
maxdom : 30
D->valSize : 900
Solving...
currentSize : 13 <-- 0.011072 s
currentSize : 14 <-- 0.011094 s
currentSize : 15 <-- 0.012125 s
currentSize : 16 <-- 0.012261 s
currentSize : 17 <-- 0.021183 s
currentSize : 18 <-- 0.113585 s
currentSize : 19 <-- 3.273932 s
currentSize : 20 <-- 14.296364 s
currentSize : 21 <-- 31.582346 s

maxsize : 21
nodes : 16794447.000000
filtered : 248683825.000000
time : 69.080177
