Parameters: GAD=1 vflib=1 dir=0 label=0 lowerbound=1 fileNameGp=../graphsdb/mcs30/m2D/m2Dr4/mcs30_m2Dr4_s30.A85 fileNameGt=../graphsdb/mcs30/m2D/m2Dr4/mcs30_m2Dr4_s30.B85
Reading graphs...
30 :  60
30 :  60
Initializing...
maxdom : 30
D->valSize : 900
Solving...
currentSize : 12 <-- 0.011242 s
currentSize : 13 <-- 0.011403 s
currentSize : 14 <-- 0.011788 s
currentSize : 15 <-- 0.075643 s
currentSize : 16 <-- 0.120271 s
currentSize : 17 <-- 0.259187 s
currentSize : 18 <-- 0.561608 s
currentSize : 19 <-- 0.652639 s
currentSize : 20 <-- 12.352084 s
currentSize : 21 <-- 62.169903 s

maxsize : 21
nodes : 14748929.000000
filtered : 304902115.000000
time : 69.636124
