Parameters: GAD=1 vflib=1 dir=0 label=0 lowerbound=1 fileNameGp=../graphsdb/mcs30/bvg/b09m/mcs30_b09m_s35.A21 fileNameGt=../graphsdb/mcs30/bvg/b09m/mcs30_b09m_s35.B21
Reading graphs...
35 :  144
35 :  142
Initializing...
maxdom : 35
D->valSize : 1225
Solving...
currentSize : 13 <-- 0.019087 s
currentSize : 14 <-- 0.019241 s
currentSize : 15 <-- 0.020699 s
currentSize : 16 <-- 0.048522 s
currentSize : 17 <-- 0.203614 s
currentSize : 18 <-- 12.632631 s
currentSize : 19 <-- 136.789139 s

maxsize : 19
nodes : 254650903.000000
filtered : 6731713307.000000
time : 1409.606812
