Parameters: GAD=1 vflib=1 dir=0 label=0 lowerbound=1 fileNameGp=../graphsdb/mcs30/bvg/b06/mcs30_b06_s35.A35 fileNameGt=../graphsdb/mcs30/bvg/b06/mcs30_b06_s35.B35
Reading graphs...
35 :  102
35 :  102
Initializing...
maxdom : 35
D->valSize : 1225
Solving...
currentSize : 14 <-- 0.019435 s
currentSize : 15 <-- 0.019474 s
currentSize : 16 <-- 0.019928 s
currentSize : 17 <-- 0.049695 s
currentSize : 18 <-- 0.112033 s
currentSize : 19 <-- 2.181763 s
currentSize : 20 <-- 13.263506 s
currentSize : 21 <-- 54.842152 s

maxsize : 21
nodes : 185926716.000000
filtered : 5611119485.000000
time : 1081.865356
