Parameters: GAD=1 vflib=1 dir=0 label=0 lowerbound=1 fileNameGp=../graphsdb/mcs30/bvg/b03m/mcs30_b03m_s20.A85 fileNameGt=../graphsdb/mcs30/bvg/b03m/mcs30_b03m_s20.B85
Reading graphs...
20 :  30
20 :  30
Initializing...
maxdom : 20
D->valSize : 400
Solving...
currentSize : 8 <-- 0.002244 s
currentSize : 9 <-- 0.002337 s
currentSize : 12 <-- 0.002676 s
currentSize : 13 <-- 0.004301 s
currentSize : 14 <-- 0.032076 s
currentSize : 15 <-- 0.259641 s

maxsize : 15
nodes : 90592.000000
filtered : 1172769.000000
time : 0.294983
