Parameters: GAD=1 vflib=1 dir=0 label=0 lowerbound=1 fileNameGp=../graphsdb/mcs30/bvg/b03/mcs30_b03_s35.A18 fileNameGt=../graphsdb/mcs30/bvg/b03/mcs30_b03_s35.B18
Reading graphs...
35 :  52
35 :  51
Initializing...
maxdom : 35
D->valSize : 1225
Solving...
currentSize : 12 <-- 0.021239 s
currentSize : 13 <-- 0.021262 s
currentSize : 15 <-- 0.021329 s
currentSize : 16 <-- 0.021391 s
currentSize : 17 <-- 0.023893 s
currentSize : 18 <-- 0.057030 s
currentSize : 19 <-- 0.107785 s
currentSize : 20 <-- 0.116530 s
currentSize : 21 <-- 0.438200 s
currentSize : 22 <-- 2.497580 s
currentSize : 23 <-- 53.758495 s
currentSize : 24 <-- 174.739395 s
currentSize : 25 <-- 356.165070 s
currentSize : 26 <-- 411.333252 s

maxsize : 26
nodes : 117105296.000000
filtered : 2012687176.000000
time : 543.363403
