Parameters: GAD=1 vflib=1 dir=0 label=0 lowerbound=1 fileNameGp=../graphsdb/mcs30/bvg/b06/mcs30_b06_s25.A24 fileNameGt=../graphsdb/mcs30/bvg/b06/mcs30_b06_s25.B24
Reading graphs...
25 :  70
25 :  75
Initializing...
maxdom : 25
D->valSize : 625
Solving...
currentSize : 9 <-- 0.004862 s
currentSize : 10 <-- 0.004902 s
currentSize : 11 <-- 0.004991 s
currentSize : 12 <-- 0.005058 s
currentSize : 13 <-- 0.015339 s
currentSize : 14 <-- 0.230944 s
currentSize : 15 <-- 1.791159 s

maxsize : 15
nodes : 2333120.000000
filtered : 43239288.000000
time : 9.752526
