Parameters: GAD=1 vflib=1 dir=0 label=0 lowerbound=1 fileNameGp=../graphsdb/mcs30/bvg/b03m/mcs30_b03m_s25.A09 fileNameGt=../graphsdb/mcs30/bvg/b03m/mcs30_b03m_s25.B09
Reading graphs...
25 :  37
25 :  37
Initializing...
maxdom : 25
D->valSize : 625
Solving...
currentSize : 8 <-- 0.005318 s
currentSize : 9 <-- 0.005638 s
currentSize : 11 <-- 0.005669 s
currentSize : 13 <-- 0.005680 s
currentSize : 15 <-- 0.006391 s
currentSize : 16 <-- 0.007023 s
currentSize : 17 <-- 0.013006 s
currentSize : 18 <-- 0.369349 s

maxsize : 18
nodes : 445053.000000
filtered : 7811742.000000
time : 1.822243
