Parameters: GAD=1 vflib=1 dir=0 label=0 lowerbound=1 fileNameGp=../graphsdb/mcs30/m2D/m2Dr6/mcs30_m2Dr6_s30.A80 fileNameGt=../graphsdb/mcs30/m2D/m2Dr6/mcs30_m2Dr6_s30.B80
Reading graphs...
30 :  65
30 :  66
Initializing...
maxdom : 30
D->valSize : 900
Solving...
currentSize : 10 <-- 0.018424 s
currentSize : 11 <-- 0.018445 s
currentSize : 12 <-- 0.018826 s
currentSize : 13 <-- 0.018847 s
currentSize : 14 <-- 0.022049 s
currentSize : 15 <-- 0.054243 s
currentSize : 16 <-- 0.082897 s
currentSize : 17 <-- 0.084024 s
currentSize : 18 <-- 0.099610 s
currentSize : 19 <-- 1.140614 s
currentSize : 20 <-- 3.810562 s

maxsize : 20
nodes : 23473168.000000
filtered : 527086785.000000
time : 113.671883
