Parameters: GAD=1 vflib=1 dir=0 label=0 lowerbound=1 fileNameGp=../graphsdb/mcs30/m2D/m2Dr4/mcs30_m2Dr4_s30.A42 fileNameGt=../graphsdb/mcs30/m2D/m2Dr4/mcs30_m2Dr4_s30.B42
Reading graphs...
30 :  59
30 :  59
Initializing...
maxdom : 30
D->valSize : 900
Solving...
currentSize : 13 <-- 0.011320 s
currentSize : 15 <-- 0.011352 s
currentSize : 16 <-- 0.011380 s
currentSize : 17 <-- 0.011452 s
currentSize : 18 <-- 0.020998 s
currentSize : 19 <-- 0.067181 s
currentSize : 20 <-- 1.171825 s
currentSize : 21 <-- 1.837568 s

maxsize : 21
nodes : 4019571.000000
filtered : 106019804.000000
time : 21.175890
