Parameters: GAD=1 vflib=1 dir=0 label=0 lowerbound=1 fileNameGp=../graphsdb/mcs30/bvg/b06/mcs30_b06_s35.A63 fileNameGt=../graphsdb/mcs30/bvg/b06/mcs30_b06_s35.B63
Reading graphs...
35 :  105
35 :  103
Initializing...
maxdom : 35
D->valSize : 1225
Solving...
currentSize : 14 <-- 0.033281 s
currentSize : 15 <-- 0.033329 s
currentSize : 17 <-- 0.041954 s
currentSize : 18 <-- 0.118659 s
currentSize : 19 <-- 0.310162 s
currentSize : 20 <-- 73.355728 s
currentSize : 21 <-- 142.040649 s

maxsize : 21
nodes : 243484255.000000
filtered : 6936257129.000000
time : 1395.281250
