Parameters: GAD=1 vflib=1 dir=0 label=0 lowerbound=1 fileNameGp=../graphsdb/mcs30/m3D/m3Dr4/mcs30_m3Dr4_s30.A80 fileNameGt=../graphsdb/mcs30/m3D/m3Dr4/mcs30_m3Dr4_s30.B80
Reading graphs...
30 :  71
30 :  71
Initializing...
maxdom : 30
D->valSize : 900
Solving...
currentSize : 13 <-- 0.010488 s
currentSize : 14 <-- 0.010697 s
currentSize : 15 <-- 0.014160 s
currentSize : 16 <-- 0.028774 s
currentSize : 17 <-- 0.040598 s
currentSize : 18 <-- 0.974076 s
currentSize : 19 <-- 3.287662 s

maxsize : 19
nodes : 35109160.000000
filtered : 761414250.000000
time : 166.655869
