Parameters: GAD=1 vflib=1 dir=0 label=0 lowerbound=1 fileNameGp=../graphsdb/mcs30/bvg/b06/mcs30_b06_s35.A11 fileNameGt=../graphsdb/mcs30/bvg/b06/mcs30_b06_s35.B11
Reading graphs...
35 :  105
35 :  104
Initializing...
maxdom : 35
D->valSize : 1225
Solving...
currentSize : 16 <-- 0.019386 s
currentSize : 17 <-- 0.019512 s
currentSize : 18 <-- 0.025946 s
currentSize : 19 <-- 0.358889 s
currentSize : 20 <-- 0.359051 s
currentSize : 21 <-- 481.354279 s

maxsize : 21
nodes : 276955162.000000
filtered : 7236824130.000000
time : 1517.841064
