Parameters: GAD=1 vflib=1 dir=0 label=0 lowerbound=1 fileNameGp=../graphsdb/mcs30/rand/r005/mcs30_r005_s30.A91 fileNameGt=../graphsdb/mcs30/rand/r005/mcs30_r005_s30.B91
Reading graphs...
30 :  48
30 :  47
Initializing...
maxdom : 30
D->valSize : 900
Solving...
currentSize : 14 <-- 0.019114 s
currentSize : 15 <-- 0.020113 s
currentSize : 16 <-- 0.023562 s
currentSize : 17 <-- 0.093981 s
currentSize : 18 <-- 0.112373 s
currentSize : 19 <-- 6.235937 s
currentSize : 20 <-- 21.227232 s
currentSize : 21 <-- 85.682983 s
currentSize : 22 <-- 108.296471 s

maxsize : 22
nodes : 27698681.000000
filtered : 421802022.000000
time : 113.380096
