Parameters: GAD=1 vflib=1 dir=0 label=0 lowerbound=1 fileNameGp=../graphsdb/mcs30/rand/r02/mcs30_r02_s25.A51 fileNameGt=../graphsdb/mcs30/rand/r02/mcs30_r02_s25.B51
Reading graphs...
25 :  110
25 :  104
Initializing...
maxdom : 25
D->valSize : 625
Solving...
currentSize : 8 <-- 0.004461 s
currentSize : 9 <-- 0.004512 s
currentSize : 10 <-- 0.004590 s
currentSize : 11 <-- 0.004988 s
currentSize : 12 <-- 0.005548 s
currentSize : 13 <-- 2.021115 s

maxsize : 13
nodes : 6106664.000000
filtered : 78509303.000000
time : 22.982168
