Parameters: GAD=1 vflib=1 dir=0 label=0 lowerbound=1 fileNameGp=../graphsdb/mcs30/m3D/m3Dr6/mcs30_m3Dr6_s25.A40 fileNameGt=../graphsdb/mcs30/m3D/m3Dr6/mcs30_m3Dr6_s25.B40
Reading graphs...
25 :  60
25 :  61
Initializing...
maxdom : 25
D->valSize : 625
Solving...
currentSize : 11 <-- 0.008526 s
currentSize : 12 <-- 0.009463 s
currentSize : 13 <-- 0.010648 s
currentSize : 14 <-- 0.015891 s
currentSize : 15 <-- 0.133955 s
currentSize : 16 <-- 5.461577 s

maxsize : 16
nodes : 2823097.000000
filtered : 46411908.000000
time : 11.738212
