Parameters: GAD=1 vflib=1 dir=0 label=0 lowerbound=1 fileNameGp=../graphsdb/mcs30/bvg/b03m/mcs30_b03m_s30.A69 fileNameGt=../graphsdb/mcs30/bvg/b03m/mcs30_b03m_s30.B69
Reading graphs...
30 :  44
30 :  44
Initializing...
maxdom : 30
D->valSize : 900
Solving...
currentSize : 13 <-- 0.011674 s
currentSize : 14 <-- 0.013964 s
currentSize : 16 <-- 0.014037 s
currentSize : 17 <-- 0.014449 s
currentSize : 18 <-- 3.045346 s
currentSize : 19 <-- 8.988459 s
currentSize : 20 <-- 13.344226 s
currentSize : 21 <-- 32.355694 s

maxsize : 21
nodes : 19958333.000000
filtered : 293258807.000000
time : 81.804489
