Parameters: GAD=1 vflib=1 dir=0 label=0 lowerbound=1 fileNameGp=../graphsdb/mcs30/bvg/b06m/mcs30_b06m_s35.A83 fileNameGt=../graphsdb/mcs30/bvg/b06m/mcs30_b06m_s35.B83
Reading graphs...
35 :  102
35 :  102
Initializing...
maxdom : 35
D->valSize : 1225
Solving...
currentSize : 13 <-- 0.033484 s
currentSize : 14 <-- 0.033852 s
currentSize : 15 <-- 0.035515 s
currentSize : 16 <-- 0.122013 s
currentSize : 17 <-- 0.771274 s
currentSize : 18 <-- 1.442485 s
currentSize : 19 <-- 5.394230 s
currentSize : 20 <-- 18.935415 s
currentSize : 21 <-- 642.071533 s

maxsize : 21
nodes : 299887133.000000
filtered : 7666688868.000000
time : 1637.691895
