Parameters: GAD=1 vflib=1 dir=0 label=0 lowerbound=1 fileNameGp=../graphsdb/mcs30/m3D/m3Dr2/mcs30_m3Dr2_s30.A91 fileNameGt=../graphsdb/mcs30/m3D/m3Dr2/mcs30_m3Dr2_s30.B91
Reading graphs...
30 :  66
30 :  64
Initializing...
maxdom : 30
D->valSize : 900
Solving...
currentSize : 15 <-- 0.018406 s
currentSize : 16 <-- 0.018929 s
currentSize : 17 <-- 0.075728 s
currentSize : 18 <-- 0.150898 s
currentSize : 19 <-- 8.654880 s
currentSize : 20 <-- 194.481735 s

maxsize : 20
nodes : 50738831.000000
filtered : 1066753551.000000
time : 234.624786
