Parameters: GAD=1 vflib=1 dir=0 label=0 lowerbound=1 fileNameGp=../graphsdb/mcs30/m3D/m3Dr4/mcs30_m3Dr4_s30.A60 fileNameGt=../graphsdb/mcs30/m3D/m3Dr4/mcs30_m3Dr4_s30.B60
Reading graphs...
30 :  72
30 :  72
Initializing...
maxdom : 30
D->valSize : 900
Solving...
currentSize : 11 <-- 0.010441 s
currentSize : 12 <-- 0.010477 s
currentSize : 13 <-- 0.011748 s
currentSize : 14 <-- 0.017109 s
currentSize : 15 <-- 0.017260 s
currentSize : 16 <-- 0.023503 s
currentSize : 17 <-- 0.322593 s
currentSize : 18 <-- 2.686667 s
currentSize : 19 <-- 33.494820 s

maxsize : 19
nodes : 36497304.000000
filtered : 737033452.000000
time : 170.144547
