Parameters: GAD=1 vflib=1 dir=0 label=0 lowerbound=1 fileNameGp=../graphsdb/mcs30/bvg/b06m/mcs30_b06m_s30.A75 fileNameGt=../graphsdb/mcs30/bvg/b06m/mcs30_b06m_s30.B75
Reading graphs...
30 :  87
30 :  85
Initializing...
maxdom : 30
D->valSize : 900
Solving...
currentSize : 11 <-- 0.010285 s
currentSize : 13 <-- 0.010398 s
currentSize : 14 <-- 0.010430 s
currentSize : 15 <-- 0.014583 s
currentSize : 16 <-- 0.497913 s
currentSize : 17 <-- 2.902091 s
currentSize : 18 <-- 3.404513 s

maxsize : 18
nodes : 25838401.000000
filtered : 583095699.000000
time : 122.979523
