Parameters: GAD=1 vflib=1 dir=0 label=0 lowerbound=1 fileNameGp=../graphsdb/mcs30/bvg/b03/mcs30_b03_s30.A08 fileNameGt=../graphsdb/mcs30/bvg/b03/mcs30_b03_s30.B08
Reading graphs...
30 :  45
30 :  45
Initializing...
maxdom : 30
D->valSize : 900
Solving...
currentSize : 13 <-- 0.019482 s
currentSize : 14 <-- 0.019568 s
currentSize : 15 <-- 0.020154 s
currentSize : 16 <-- 0.065125 s
currentSize : 17 <-- 0.140812 s
currentSize : 18 <-- 0.170016 s
currentSize : 19 <-- 0.461011 s
currentSize : 20 <-- 6.985415 s
currentSize : 21 <-- 23.112276 s

maxsize : 21
nodes : 18437482.000000
filtered : 274224491.000000
time : 75.615639
