Parameters: GAD=1 vflib=1 dir=0 label=0 lowerbound=1 fileNameGp=../graphsdb/mcs30/bvg/b03/mcs30_b03_s35.A43 fileNameGt=../graphsdb/mcs30/bvg/b03/mcs30_b03_s35.B43
Reading graphs...
35 :  51
35 :  51
Initializing...
maxdom : 35
D->valSize : 1225
Solving...
currentSize : 12 <-- 0.036318 s
currentSize : 14 <-- 0.036540 s
currentSize : 15 <-- 0.037404 s
currentSize : 16 <-- 0.037447 s
currentSize : 17 <-- 0.141386 s
currentSize : 18 <-- 0.155413 s
currentSize : 19 <-- 0.540446 s
currentSize : 20 <-- 0.690234 s
currentSize : 21 <-- 3.831639 s
currentSize : 22 <-- 4.225579 s
currentSize : 23 <-- 9.952841 s
currentSize : 24 <-- 9.971266 s

maxsize : 24
nodes : 208415995.000000
filtered : 3935412420.000000
time : 992.901306
