Parameters: GAD=1 vflib=1 dir=0 label=0 lowerbound=1 fileNameGp=../graphsdb/mcs30/bvg/b06m/mcs30_b06m_s35.A50 fileNameGt=../graphsdb/mcs30/bvg/b06m/mcs30_b06m_s35.B50
Reading graphs...
35 :  101
35 :  101
Initializing...
maxdom : 35
D->valSize : 1225
Solving...
currentSize : 13 <-- 0.019350 s
currentSize : 14 <-- 0.019402 s
currentSize : 16 <-- 0.019675 s
currentSize : 17 <-- 0.021674 s
currentSize : 18 <-- 0.103045 s
currentSize : 19 <-- 0.124776 s
currentSize : 20 <-- 3.772604 s
currentSize : 21 <-- 91.949249 s

maxsize : 21
nodes : 327437476.000000
filtered : 9277700656.000000
time : 1881.004761
