Parameters: GAD=1 vflib=1 dir=0 label=0 lowerbound=1 fileNameGp=../graphsdb/mcs30/m3D/m3Dr2/mcs30_m3Dr2_s25.A29 fileNameGt=../graphsdb/mcs30/m3D/m3Dr2/mcs30_m3Dr2_s25.B29
Reading graphs...
25 :  53
25 :  54
Initializing...
maxdom : 25
D->valSize : 625
Solving...
currentSize : 10 <-- 0.005298 s
currentSize : 11 <-- 0.005314 s
currentSize : 13 <-- 0.005346 s
currentSize : 14 <-- 0.009513 s
currentSize : 15 <-- 0.026175 s
currentSize : 16 <-- 0.057750 s
currentSize : 17 <-- 4.120485 s

maxsize : 17
nodes : 1539739.000000
filtered : 27720643.000000
time : 6.370263
