Parameters: GAD=1 vflib=1 dir=0 label=0 lowerbound=1 fileNameGp=../graphsdb/mcs30/m3D/m3Dr6/mcs30_m3Dr6_s30.A45 fileNameGt=../graphsdb/mcs30/m3D/m3Dr6/mcs30_m3Dr6_s30.B45
Reading graphs...
30 :  79
30 :  75
Initializing...
maxdom : 30
D->valSize : 900
Solving...
currentSize : 13 <-- 0.010557 s
currentSize : 14 <-- 0.010588 s
currentSize : 16 <-- 0.013061 s
currentSize : 17 <-- 0.020224 s
currentSize : 18 <-- 1.148741 s
currentSize : 19 <-- 5.796739 s

maxsize : 19
nodes : 13136698.000000
filtered : 333969540.000000
time : 65.924438
