Parameters: GAD=1 vflib=1 dir=0 label=0 lowerbound=1 fileNameGp=../graphsdb/mcs30/m3D/m3D/mcs30_m3D_s25.A40 fileNameGt=../graphsdb/mcs30/m3D/m3D/mcs30_m3D_s25.B40
Reading graphs...
25 :  48
25 :  49
Initializing...
maxdom : 25
D->valSize : 625
Solving...
currentSize : 12 <-- 0.008918 s
currentSize : 13 <-- 0.008978 s
currentSize : 14 <-- 0.024738 s
currentSize : 15 <-- 0.036364 s
currentSize : 16 <-- 0.132206 s
currentSize : 17 <-- 0.135392 s

maxsize : 17
nodes : 676770.000000
filtered : 13286995.000000
time : 2.918454
