Parameters: GAD=1 vflib=1 dir=0 label=0 lowerbound=1 fileNameGp=../graphsdb/mcs30/m3D/m3D/mcs30_m3D_s30.A51 fileNameGt=../graphsdb/mcs30/m3D/m3D/mcs30_m3D_s30.B51
Reading graphs...
30 :  60
30 :  60
Initializing...
maxdom : 30
D->valSize : 900
Solving...
currentSize : 12 <-- 0.010834 s
currentSize : 14 <-- 0.011040 s
currentSize : 15 <-- 0.019173 s
currentSize : 16 <-- 0.041561 s
currentSize : 17 <-- 0.123458 s
currentSize : 18 <-- 0.262152 s
currentSize : 19 <-- 0.367529 s
currentSize : 20 <-- 46.947357 s

maxsize : 20
nodes : 23326262.000000
filtered : 491764744.000000
time : 110.088715
