Parameters: GAD=1 vflib=1 dir=0 label=0 lowerbound=1 fileNameGp=../graphsdb/mcs30/bvg/b03m/mcs30_b03m_s35.A76 fileNameGt=../graphsdb/mcs30/bvg/b03m/mcs30_b03m_s35.B76
Reading graphs...
35 :  52
35 :  52
Initializing...
maxdom : 35
D->valSize : 1225
Solving...
currentSize : 16 <-- 0.036249 s
currentSize : 17 <-- 0.036297 s
currentSize : 18 <-- 0.047260 s
currentSize : 21 <-- 0.063538 s
currentSize : 22 <-- 0.063658 s
currentSize : 23 <-- 0.066437 s
currentSize : 24 <-- 12.099214 s

maxsize : 24
nodes : 257124026.000000
filtered : 4319207885.000000
time : 1211.306274
