Parameters: GAD=1 vflib=1 dir=0 label=0 lowerbound=1 fileNameGp=../graphsdb/mcs30/m2D/m2D/mcs30_m2D_s30.A86 fileNameGt=../graphsdb/mcs30/m2D/m2D/mcs30_m2D_s30.B86
Reading graphs...
30 :  49
30 :  48
Initializing...
maxdom : 30
D->valSize : 900
Solving...
currentSize : 13 <-- 0.011253 s
currentSize : 14 <-- 0.011336 s
currentSize : 15 <-- 0.012290 s
currentSize : 16 <-- 0.012320 s
currentSize : 17 <-- 0.084144 s
currentSize : 19 <-- 0.674249 s
currentSize : 20 <-- 6.958411 s
currentSize : 21 <-- 9.584449 s

maxsize : 21
nodes : 8796327.000000
filtered : 150922754.000000
time : 36.899361
