Parameters: GAD=1 vflib=1 dir=0 label=0 lowerbound=1 fileNameGp=../graphsdb/mcs30/bvg/b03/mcs30_b03_s25.A88 fileNameGt=../graphsdb/mcs30/bvg/b03/mcs30_b03_s25.B88
Reading graphs...
25 :  37
25 :  37
Initializing...
maxdom : 25
D->valSize : 625
Solving...
currentSize : 11 <-- 0.005354 s
currentSize : 15 <-- 0.005402 s
currentSize : 16 <-- 0.511724 s
currentSize : 17 <-- 0.725050 s
currentSize : 18 <-- 1.842404 s
currentSize : 19 <-- 2.004137 s

maxsize : 19
nodes : 737255.000000
filtered : 8921165.000000
time : 2.529030
