Parameters: GAD=1 vflib=1 dir=0 label=0 lowerbound=1 fileNameGp=../graphsdb/mcs30/bvg/b03/mcs30_b03_s25.A42 fileNameGt=../graphsdb/mcs30/bvg/b03/mcs30_b03_s25.B42
Reading graphs...
25 :  36
25 :  36
Initializing...
maxdom : 25
D->valSize : 625
Solving...
currentSize : 10 <-- 0.005295 s
currentSize : 11 <-- 0.005316 s
currentSize : 12 <-- 0.005325 s
currentSize : 13 <-- 0.005431 s
currentSize : 14 <-- 0.005576 s
currentSize : 15 <-- 0.035437 s
currentSize : 16 <-- 0.037403 s
currentSize : 17 <-- 0.377051 s
currentSize : 18 <-- 6.260924 s

maxsize : 18
nodes : 2215297.000000
filtered : 25207833.000000
time : 7.813550
