Parameters: GAD=1 vflib=1 dir=0 label=0 lowerbound=1 fileNameGp=../graphsdb/mcs30/rand/r005/mcs30_r005_s35.A55 fileNameGt=../graphsdb/mcs30/rand/r005/mcs30_r005_s35.B55
Reading graphs...
35 :  64
35 :  61
Initializing...
maxdom : 35
D->valSize : 1225
Solving...
currentSize : 16 <-- 0.035817 s
currentSize : 17 <-- 0.035934 s
currentSize : 19 <-- 0.036090 s
currentSize : 20 <-- 0.036342 s
currentSize : 21 <-- 0.036803 s
currentSize : 22 <-- 0.058466 s
currentSize : 23 <-- 85.352501 s
currentSize : 24 <-- 219.088272 s

maxsize : 24
nodes : 262023428.000000
filtered : 6189869111.000000
time : 1420.314819
