Parameters: GAD=1 vflib=1 dir=0 label=0 lowerbound=1 fileNameGp=../graphsdb/mcs30/m2D/m2Dr6/mcs30_m2Dr6_s30.A82 fileNameGt=../graphsdb/mcs30/m2D/m2Dr6/mcs30_m2Dr6_s30.B82
Reading graphs...
30 :  63
30 :  64
Initializing...
maxdom : 30
D->valSize : 900
Solving...
currentSize : 12 <-- 0.010636 s
currentSize : 13 <-- 0.010918 s
currentSize : 14 <-- 0.012624 s
currentSize : 15 <-- 0.067414 s
currentSize : 16 <-- 0.094030 s
currentSize : 17 <-- 0.273460 s
currentSize : 18 <-- 0.924181 s
currentSize : 19 <-- 12.258857 s
currentSize : 20 <-- 46.628113 s

maxsize : 20
nodes : 21534688.000000
filtered : 450599227.000000
time : 101.829697
