Parameters: GAD=1 vflib=1 dir=0 label=0 lowerbound=1 fileNameGp=../graphsdb/mcs30/bvg/b06m/mcs30_b06m_s30.A07 fileNameGt=../graphsdb/mcs30/bvg/b06m/mcs30_b06m_s30.B07
Reading graphs...
30 :  83
30 :  85
Initializing...
maxdom : 30
D->valSize : 900
Solving...
currentSize : 9 <-- 0.017791 s
currentSize : 11 <-- 0.017825 s
currentSize : 12 <-- 0.017861 s
currentSize : 14 <-- 0.018012 s
currentSize : 15 <-- 0.066860 s
currentSize : 16 <-- 0.519533 s
currentSize : 17 <-- 2.974786 s
currentSize : 18 <-- 8.436680 s

maxsize : 18
nodes : 28601827.000000
filtered : 649370152.000000
time : 138.266342
