Parameters: GAD=1 vflib=1 dir=0 label=0 lowerbound=1 fileNameGp=../graphsdb/mcs30/rand/r005/mcs30_r005_s30.A14 fileNameGt=../graphsdb/mcs30/rand/r005/mcs30_r005_s30.B14
Reading graphs...
30 :  47
30 :  48
Initializing...
maxdom : 30
D->valSize : 900
Solving...
currentSize : 13 <-- 0.019233 s
currentSize : 14 <-- 0.019964 s
currentSize : 15 <-- 0.033442 s
currentSize : 16 <-- 0.310192 s
currentSize : 17 <-- 1.442383 s
currentSize : 18 <-- 1.596312 s
currentSize : 19 <-- 1.627264 s
currentSize : 20 <-- 2.235014 s
currentSize : 21 <-- 24.695108 s

maxsize : 21
nodes : 18474380.000000
filtered : 329924858.000000
time : 81.658539
