Parameters: GAD=1 vflib=1 dir=0 label=0 lowerbound=1 fileNameGp=../graphsdb/mcs30/rand/r005/mcs30_r005_s30.A13 fileNameGt=../graphsdb/mcs30/rand/r005/mcs30_r005_s30.B13
Reading graphs...
30 :  46
30 :  47
Initializing...
maxdom : 30
D->valSize : 900
Solving...
currentSize : 14 <-- 0.011082 s
currentSize : 15 <-- 0.011295 s
currentSize : 16 <-- 0.016778 s
currentSize : 17 <-- 0.051359 s
currentSize : 18 <-- 0.119391 s
currentSize : 19 <-- 2.145760 s
currentSize : 20 <-- 13.037130 s
currentSize : 21 <-- 13.091451 s

maxsize : 21
nodes : 14235055.000000
filtered : 248865208.000000
time : 62.367950
