Parameters: GAD=1 vflib=1 dir=0 label=0 lowerbound=1 fileNameGp=../graphsdb/mcs30/bvg/b03/mcs30_b03_s35.A71 fileNameGt=../graphsdb/mcs30/bvg/b03/mcs30_b03_s35.B71
Reading graphs...
35 :  51
35 :  51
Initializing...
maxdom : 35
D->valSize : 1225
Solving...
currentSize : 14 <-- 0.021399 s
currentSize : 16 <-- 0.022748 s
currentSize : 17 <-- 0.023097 s
currentSize : 18 <-- 0.043873 s
currentSize : 19 <-- 0.119117 s
currentSize : 20 <-- 0.355183 s
currentSize : 21 <-- 9.392889 s
currentSize : 22 <-- 51.759445 s
currentSize : 23 <-- 745.999207 s
currentSize : 24 <-- 785.898438 s
currentSize : 25 <-- 831.692810 s

maxsize : 25
nodes : 363031551.000000
filtered : 5330702618.000000
time : 1497.540649
