Parameters: GAD=1 vflib=1 dir=0 label=0 lowerbound=1 fileNameGp=../graphsdb/mcs30/bvg/b06m/mcs30_b06m_s25.A23 fileNameGt=../graphsdb/mcs30/bvg/b06m/mcs30_b06m_s25.B23
Reading graphs...
25 :  69
25 :  70
Initializing...
maxdom : 25
D->valSize : 625
Solving...
currentSize : 9 <-- 0.004884 s
currentSize : 10 <-- 0.004908 s
currentSize : 11 <-- 0.004936 s
currentSize : 12 <-- 0.005250 s
currentSize : 13 <-- 0.006661 s
currentSize : 14 <-- 0.142169 s
currentSize : 15 <-- 0.210457 s
currentSize : 16 <-- 0.340172 s

maxsize : 16
nodes : 775599.000000
filtered : 18160622.000000
time : 3.553450
