Parameters: GAD=1 vflib=1 dir=0 label=0 lowerbound=1 fileNameGp=../graphsdb/mcs30/bvg/b03m/mcs30_b03m_s35.A65 fileNameGt=../graphsdb/mcs30/bvg/b03m/mcs30_b03m_s35.B65
Reading graphs...
35 :  52
35 :  52
Initializing...
maxdom : 35
D->valSize : 1225
Solving...
currentSize : 11 <-- 0.021433 s
currentSize : 12 <-- 0.021841 s
currentSize : 14 <-- 0.026136 s
currentSize : 16 <-- 0.027158 s
currentSize : 17 <-- 0.063612 s
currentSize : 18 <-- 0.063756 s
currentSize : 19 <-- 0.150144 s
currentSize : 20 <-- 0.315288 s
currentSize : 21 <-- 0.320509 s
currentSize : 22 <-- 1.139672 s
currentSize : 23 <-- 10.079978 s
currentSize : 24 <-- 76.365623 s
currentSize : 25 <-- 100.657043 s

maxsize : 25
nodes : 73373402.000000
filtered : 1496658838.000000
time : 381.112274
