Parameters: GAD=1 vflib=1 dir=0 label=0 lowerbound=1 fileNameGp=../graphsdb/mcs30/m2D/m2Dr6/mcs30_m2Dr6_s30.A72 fileNameGt=../graphsdb/mcs30/m2D/m2Dr6/mcs30_m2Dr6_s30.B72
Reading graphs...
30 :  65
30 :  63
Initializing...
maxdom : 30
D->valSize : 900
Solving...
currentSize : 13 <-- 0.018415 s
currentSize : 14 <-- 0.018493 s
currentSize : 16 <-- 0.019368 s
currentSize : 18 <-- 0.100688 s
currentSize : 19 <-- 0.951758 s
currentSize : 20 <-- 16.715469 s

maxsize : 20
nodes : 18916925.000000
filtered : 456145194.000000
time : 93.283768
