Parameters: GAD=1 vflib=1 dir=0 label=0 lowerbound=1 fileNameGp=../graphsdb/mcs30/rand/r01/mcs30_r01_s35.A48 fileNameGt=../graphsdb/mcs30/rand/r01/mcs30_r01_s35.B48
Reading graphs...
35 :  113
35 :  115
Initializing...
maxdom : 35
D->valSize : 1225
Solving...
currentSize : 13 <-- 0.019550 s
currentSize : 14 <-- 0.019771 s
currentSize : 15 <-- 0.026072 s
currentSize : 16 <-- 0.081307 s
currentSize : 17 <-- 0.202755 s
currentSize : 18 <-- 0.245847 s
currentSize : 19 <-- 3.889706 s
currentSize : 20 <-- 235.552185 s

maxsize : 20
nodes : 532735323.000000
filtered : 13312389495.000000
time : 2918.061768
