Parameters: GAD=1 vflib=1 dir=0 label=0 lowerbound=1 fileNameGp=../graphsdb/mcs30/bvg/b09m/mcs30_b09m_s35.A54 fileNameGt=../graphsdb/mcs30/bvg/b09m/mcs30_b09m_s35.B54
Reading graphs...
35 :  140
35 :  143
Initializing...
maxdom : 35
D->valSize : 1225
Solving...
currentSize : 12 <-- 0.031549 s
currentSize : 13 <-- 0.031624 s
currentSize : 14 <-- 0.031865 s
currentSize : 15 <-- 0.038708 s
currentSize : 16 <-- 0.458496 s
currentSize : 17 <-- 1.148719 s
currentSize : 18 <-- 10.315350 s
currentSize : 19 <-- 902.109070 s

maxsize : 19
nodes : 426479978.000000
filtered : 10559625650.000000
time : 2299.880859
