Parameters: GAD=1 vflib=1 dir=0 label=0 lowerbound=1 fileNameGp=../graphsdb/mcs30/m2D/m2Dr4/mcs30_m2Dr4_s30.A45 fileNameGt=../graphsdb/mcs30/m2D/m2Dr4/mcs30_m2Dr4_s30.B45
Reading graphs...
30 :  59
30 :  58
Initializing...
maxdom : 30
D->valSize : 900
Solving...
currentSize : 14 <-- 0.010700 s
currentSize : 15 <-- 0.010784 s
currentSize : 16 <-- 0.041213 s
currentSize : 17 <-- 0.057199 s
currentSize : 18 <-- 0.270865 s
currentSize : 19 <-- 4.470939 s
currentSize : 20 <-- 9.689697 s

maxsize : 20
nodes : 17148802.000000
filtered : 384723797.000000
time : 84.048309
