Parameters: GAD=1 vflib=1 dir=0 label=0 lowerbound=1 fileNameGp=../graphsdb/mcs30/bvg/b06/mcs30_b06_s30.A34 fileNameGt=../graphsdb/mcs30/bvg/b06/mcs30_b06_s30.B34
Reading graphs...
30 :  86
30 :  89
Initializing...
maxdom : 30
D->valSize : 900
Solving...
currentSize : 11 <-- 0.017497 s
currentSize : 13 <-- 0.017533 s
currentSize : 14 <-- 0.018162 s
currentSize : 15 <-- 0.120496 s
currentSize : 16 <-- 0.566818 s
currentSize : 17 <-- 0.570241 s
currentSize : 18 <-- 96.932243 s

maxsize : 18
nodes : 34105853.000000
filtered : 705275320.000000
time : 162.069702
