Parameters: GAD=1 vflib=1 dir=0 label=0 lowerbound=1 fileNameGp=../graphsdb/mcs30/bvg/b06/mcs30_b06_s30.A85 fileNameGt=../graphsdb/mcs30/bvg/b06/mcs30_b06_s30.B85
Reading graphs...
30 :  85
30 :  88
Initializing...
maxdom : 30
D->valSize : 900
Solving...
currentSize : 13 <-- 0.017675 s
currentSize : 14 <-- 0.019574 s
currentSize : 15 <-- 0.134561 s
currentSize : 16 <-- 0.471640 s
currentSize : 17 <-- 1.107183 s
currentSize : 18 <-- 10.305146 s

maxsize : 18
nodes : 21811002.000000
filtered : 539235741.000000
time : 111.025604
