Parameters: GAD=1 vflib=1 dir=0 label=0 lowerbound=1 fileNameGp=../graphsdb/mcs30/bvg/b09m/mcs30_b09m_s35.A48 fileNameGt=../graphsdb/mcs30/bvg/b09m/mcs30_b09m_s35.B48
Reading graphs...
35 :  145
35 :  146
Initializing...
maxdom : 35
D->valSize : 1225
Solving...
currentSize : 13 <-- 0.018178 s
currentSize : 14 <-- 0.018278 s
currentSize : 15 <-- 0.022791 s
currentSize : 16 <-- 0.098594 s
currentSize : 17 <-- 2.039326 s
currentSize : 18 <-- 25.366770 s

maxsize : 18
nodes : 585940366.000000
filtered : 12512131174.000000
time : 2970.583984
