Parameters: GAD=1 vflib=1 dir=0 label=0 lowerbound=1 fileNameGp=../graphsdb/mcs30/rand/r02/mcs30_r02_s35.A61 fileNameGt=../graphsdb/mcs30/rand/r02/mcs30_r02_s35.B61
Reading graphs...
35 :  216
35 :  214
Initializing...
maxdom : 35
D->valSize : 1225
Solving...
currentSize : 10 <-- 0.029472 s
currentSize : 11 <-- 0.029506 s
currentSize : 12 <-- 0.029607 s
currentSize : 13 <-- 0.032742 s
currentSize : 14 <-- 0.050532 s
currentSize : 15 <-- 9.462320 s
currentSize : 16 <-- 2433.697021 s

TIMEOUT
maxsize : 16
nodes : 801327806.000000
filtered : 10598516813.000000
time : 3600.000000
