Parameters: GAD=1 vflib=1 dir=0 label=0 lowerbound=1 fileNameGp=../graphsdb/mcs30/m2D/m2Dr6/mcs30_m2Dr6_s30.A31 fileNameGt=../graphsdb/mcs30/m2D/m2Dr6/mcs30_m2Dr6_s30.B31
Reading graphs...
30 :  65
30 :  62
Initializing...
maxdom : 30
D->valSize : 900
Solving...
currentSize : 9 <-- 0.010708 s
currentSize : 13 <-- 0.010743 s
currentSize : 14 <-- 0.012256 s
currentSize : 15 <-- 0.012313 s
currentSize : 16 <-- 0.012716 s
currentSize : 17 <-- 0.154122 s
currentSize : 18 <-- 1.933119 s
currentSize : 19 <-- 2.612748 s

maxsize : 19
nodes : 29484987.000000
filtered : 582544781.000000
time : 131.727356
