Parameters: GAD=1 vflib=1 dir=0 label=0 lowerbound=1 fileNameGp=../graphsdb/mcs30/bvg/b03m/mcs30_b03m_s15.A99 fileNameGt=../graphsdb/mcs30/bvg/b03m/mcs30_b03m_s15.B99
Reading graphs...
15 :  22
15 :  21
Initializing...
maxdom : 15
D->valSize : 225
Solving...
currentSize : 6 <-- 0.001401 s
currentSize : 7 <-- 0.001473 s
currentSize : 8 <-- 0.001914 s
currentSize : 9 <-- 0.004206 s
currentSize : 10 <-- 0.006718 s
currentSize : 11 <-- 0.007580 s

maxsize : 11
nodes : 4342.000000
filtered : 45692.000000
time : 0.018777
