Parameters: GAD=1 vflib=1 dir=0 label=0 lowerbound=1 fileNameGp=../graphsdb/mcs30/m3D/m3Dr6/mcs30_m3Dr6_s25.A24 fileNameGt=../graphsdb/mcs30/m3D/m3Dr6/mcs30_m3Dr6_s25.B24
Reading graphs...
25 :  62
25 :  59
Initializing...
maxdom : 25
D->valSize : 625
Solving...
currentSize : 10 <-- 0.008440 s
currentSize : 11 <-- 0.008514 s
currentSize : 12 <-- 0.021614 s
currentSize : 13 <-- 0.044264 s
currentSize : 14 <-- 0.131449 s
currentSize : 15 <-- 1.861172 s
currentSize : 16 <-- 3.816855 s

maxsize : 16
nodes : 2032954.000000
filtered : 35128604.000000
time : 8.215103
