Parameters: GAD=1 vflib=1 dir=0 label=0 lowerbound=1 fileNameGp=../graphsdb/mcs30/m3D/m3Dr6/mcs30_m3Dr6_s30.A16 fileNameGt=../graphsdb/mcs30/m3D/m3Dr6/mcs30_m3Dr6_s30.B16
Reading graphs...
30 :  76
30 :  76
Initializing...
maxdom : 30
D->valSize : 900
Solving...
currentSize : 13 <-- 0.017941 s
currentSize : 14 <-- 0.018094 s
currentSize : 15 <-- 0.021121 s
currentSize : 16 <-- 0.033954 s
currentSize : 17 <-- 0.310683 s
currentSize : 18 <-- 9.971714 s
currentSize : 19 <-- 39.394985 s

maxsize : 19
nodes : 23713829.000000
filtered : 509122199.000000
time : 113.894211
