Parameters: GAD=1 vflib=1 dir=0 label=0 lowerbound=1 fileNameGp=../graphsdb/mcs30/bvg/b06m/mcs30_b06m_s30.A98 fileNameGt=../graphsdb/mcs30/bvg/b06m/mcs30_b06m_s30.B98
Reading graphs...
30 :  85
30 :  85
Initializing...
maxdom : 30
D->valSize : 900
Solving...
currentSize : 10 <-- 0.010132 s
currentSize : 13 <-- 0.010157 s
currentSize : 14 <-- 0.010322 s
currentSize : 15 <-- 0.010888 s
currentSize : 16 <-- 0.179506 s
currentSize : 17 <-- 0.359622 s
currentSize : 18 <-- 18.341253 s

maxsize : 18
nodes : 33540876.000000
filtered : 710913972.000000
time : 161.114929
