Parameters: GAD=1 vflib=1 dir=0 label=0 lowerbound=1 fileNameGp=../graphsdb/mcs30/m3D/m3Dr2/mcs30_m3Dr2_s25.A81 fileNameGt=../graphsdb/mcs30/m3D/m3Dr2/mcs30_m3Dr2_s25.B81
Reading graphs...
25 :  54
25 :  52
Initializing...
maxdom : 25
D->valSize : 625
Solving...
currentSize : 10 <-- 0.008784 s
currentSize : 11 <-- 0.008862 s
currentSize : 12 <-- 0.009026 s
currentSize : 13 <-- 0.009638 s
currentSize : 14 <-- 0.012726 s
currentSize : 15 <-- 0.017793 s
currentSize : 16 <-- 0.034651 s
currentSize : 17 <-- 3.524580 s

maxsize : 17
nodes : 1844479.000000
filtered : 32480877.000000
time : 7.289759
