Parameters: GAD=1 vflib=1 dir=0 label=0 lowerbound=1 fileNameGp=../graphsdb/mcs30/m3D/m3Dr4/mcs30_m3Dr4_s30.A75 fileNameGt=../graphsdb/mcs30/m3D/m3Dr4/mcs30_m3Dr4_s30.B75
Reading graphs...
30 :  72
30 :  69
Initializing...
maxdom : 30
D->valSize : 900
Solving...
currentSize : 13 <-- 0.018164 s
currentSize : 14 <-- 0.026226 s
currentSize : 15 <-- 0.050946 s
currentSize : 16 <-- 0.124175 s
currentSize : 17 <-- 1.912135 s
currentSize : 18 <-- 5.471781 s
currentSize : 19 <-- 31.784027 s

maxsize : 19
nodes : 22257640.000000
filtered : 495546343.000000
time : 104.987694
