Parameters: GAD=1 vflib=1 dir=0 label=0 lowerbound=1 fileNameGp=../graphsdb/mcs30/rand/r005/mcs30_r005_s35.A54 fileNameGt=../graphsdb/mcs30/rand/r005/mcs30_r005_s35.B54
Reading graphs...
35 :  64
35 :  63
Initializing...
maxdom : 35
D->valSize : 1225
Solving...
currentSize : 13 <-- 0.024889 s
currentSize : 16 <-- 0.024932 s
currentSize : 17 <-- 0.024954 s
currentSize : 18 <-- 0.026371 s
currentSize : 19 <-- 0.035149 s
currentSize : 20 <-- 0.035168 s
currentSize : 21 <-- 0.058500 s
currentSize : 22 <-- 0.893326 s
currentSize : 23 <-- 3.238433 s
currentSize : 24 <-- 56.513744 s
currentSize : 25 <-- 129.588623 s

maxsize : 25
nodes : 74076376.000000
filtered : 2090764181.000000
time : 435.187103
