Parameters: GAD=1 vflib=1 dir=0 label=0 lowerbound=1 fileNameGp=../graphsdb/mcs30/m2D/m2D/mcs30_m2D_s30.A45 fileNameGt=../graphsdb/mcs30/m2D/m2D/mcs30_m2D_s30.B45
Reading graphs...
30 :  48
30 :  48
Initializing...
maxdom : 30
D->valSize : 900
Solving...
currentSize : 15 <-- 0.011059 s
currentSize : 17 <-- 0.011113 s
currentSize : 18 <-- 0.068261 s
currentSize : 19 <-- 0.190652 s
currentSize : 20 <-- 0.674539 s
currentSize : 21 <-- 3.973976 s
currentSize : 22 <-- 4.314219 s

maxsize : 22
nodes : 3707428.000000
filtered : 86858342.000000
time : 18.724558
