Parameters: GAD=1 vflib=1 dir=0 label=0 lowerbound=1 fileNameGp=../graphsdb/mcs30/bvg/b06m/mcs30_b06m_s25.A15 fileNameGt=../graphsdb/mcs30/bvg/b06m/mcs30_b06m_s25.B15
Reading graphs...
25 :  70
25 :  70
Initializing...
maxdom : 25
D->valSize : 625
Solving...
currentSize : 8 <-- 0.009898 s
currentSize : 10 <-- 0.009923 s
currentSize : 11 <-- 0.010290 s
currentSize : 12 <-- 0.010906 s
currentSize : 13 <-- 0.011589 s
currentSize : 14 <-- 0.027436 s
currentSize : 15 <-- 0.244898 s

maxsize : 15
nodes : 3025304.000000
filtered : 55785230.000000
time : 12.528560
