Parameters: GAD=1 vflib=1 dir=0 label=0 lowerbound=1 fileNameGp=../graphsdb/mcs30/bvg/b09/mcs30_b09_s35.A04 fileNameGt=../graphsdb/mcs30/bvg/b09/mcs30_b09_s35.B04
Reading graphs...
35 :  151
35 :  152
Initializing...
maxdom : 35
D->valSize : 1225
Solving...
currentSize : 11 <-- 0.031242 s
currentSize : 12 <-- 0.032082 s
currentSize : 13 <-- 0.032878 s
currentSize : 14 <-- 0.045304 s
currentSize : 15 <-- 0.054088 s
currentSize : 16 <-- 0.062137 s
currentSize : 17 <-- 0.077421 s
currentSize : 18 <-- 0.311625 s
currentSize : 19 <-- 0.840440 s

maxsize : 19
nodes : 346093188.000000
filtered : 8375797716.000000
time : 1826.437134
