Parameters: GAD=1 vflib=1 dir=0 label=0 lowerbound=1 fileNameGp=../graphsdb/mcs30/bvg/b03m/mcs30_b03m_s35.A48 fileNameGt=../graphsdb/mcs30/bvg/b03m/mcs30_b03m_s35.B48
Reading graphs...
35 :  52
35 :  51
Initializing...
maxdom : 35
D->valSize : 1225
Solving...
currentSize : 11 <-- 0.021002 s
currentSize : 14 <-- 0.021069 s
currentSize : 15 <-- 0.021169 s
currentSize : 16 <-- 0.022670 s
currentSize : 18 <-- 0.023406 s
currentSize : 19 <-- 0.178126 s
currentSize : 21 <-- 0.181957 s
currentSize : 22 <-- 35.056309 s
currentSize : 23 <-- 52.462666 s
currentSize : 24 <-- 191.495117 s

maxsize : 24
nodes : 234822809.000000
filtered : 3919582612.000000
time : 1068.876953
