Parameters: GAD=1 vflib=1 dir=0 label=0 lowerbound=1 fileNameGp=../graphsdb/mcs30/m2D/m2D/mcs30_m2D_s30.A07 fileNameGt=../graphsdb/mcs30/m2D/m2D/mcs30_m2D_s30.B07
Reading graphs...
30 :  48
30 :  49
Initializing...
maxdom : 30
D->valSize : 900
Solving...
currentSize : 8 <-- 0.019040 s
currentSize : 13 <-- 0.019126 s
currentSize : 14 <-- 0.020928 s
currentSize : 15 <-- 0.021073 s
currentSize : 16 <-- 0.024796 s
currentSize : 17 <-- 0.061594 s
currentSize : 18 <-- 0.127843 s
currentSize : 19 <-- 0.172893 s
currentSize : 20 <-- 18.180080 s
currentSize : 21 <-- 47.381645 s
currentSize : 22 <-- 63.418167 s

maxsize : 22
nodes : 14893818.000000
filtered : 268143568.000000
time : 66.468178
