Parameters: GAD=1 vflib=1 dir=0 label=0 lowerbound=1 fileNameGp=../graphsdb/mcs30/bvg/b03/mcs30_b03_s20.A69 fileNameGt=../graphsdb/mcs30/bvg/b03/mcs30_b03_s20.B69
Reading graphs...
20 :  29
20 :  30
Initializing...
maxdom : 20
D->valSize : 400
Solving...
currentSize : 9 <-- 0.003795 s
currentSize : 10 <-- 0.003856 s
currentSize : 11 <-- 0.003940 s
currentSize : 12 <-- 0.006653 s
currentSize : 13 <-- 0.009218 s
currentSize : 14 <-- 0.018200 s
currentSize : 15 <-- 0.116162 s

maxsize : 15
nodes : 38394.000000
filtered : 493706.000000
time : 0.157274
