Parameters: GAD=1 vflib=1 dir=0 label=0 lowerbound=1 fileNameGp=../graphsdb/mcs30/rand/r01/mcs30_r01_s35.A45 fileNameGt=../graphsdb/mcs30/rand/r01/mcs30_r01_s35.B45
Reading graphs...
35 :  113
35 :  112
Initializing...
maxdom : 35
D->valSize : 1225
Solving...
currentSize : 11 <-- 0.032885 s
currentSize : 12 <-- 0.032926 s
currentSize : 13 <-- 0.033405 s
currentSize : 14 <-- 0.034243 s
currentSize : 15 <-- 0.049546 s
currentSize : 16 <-- 0.137920 s
currentSize : 17 <-- 0.414474 s
currentSize : 18 <-- 1.074015 s
currentSize : 19 <-- 23.505871 s
currentSize : 20 <-- 476.135040 s

TIMEOUT
maxsize : 20
nodes : 697449040.000000
filtered : 15655847509.000000
time : 3600.000000
