Parameters: GAD=1 vflib=1 dir=0 label=0 lowerbound=1 fileNameGp=../graphsdb/mcs30/rand/r01/mcs30_r01_s30.A02 fileNameGt=../graphsdb/mcs30/rand/r01/mcs30_r01_s30.B02
Reading graphs...
30 :  83
30 :  83
Initializing...
maxdom : 30
D->valSize : 900
Solving...
currentSize : 13 <-- 0.010203 s
currentSize : 14 <-- 0.010272 s
currentSize : 15 <-- 0.023227 s
currentSize : 16 <-- 0.026107 s
currentSize : 17 <-- 0.038435 s
currentSize : 18 <-- 1.043911 s
currentSize : 19 <-- 165.501099 s

maxsize : 19
nodes : 40496435.000000
filtered : 877035807.000000
time : 193.703781
