Parameters: GAD=1 vflib=1 dir=0 label=0 lowerbound=1 fileNameGp=../graphsdb/mcs30/rand/r01/mcs30_r01_s20.A38 fileNameGt=../graphsdb/mcs30/rand/r01/mcs30_r01_s20.B38
Reading graphs...
20 :  38
20 :  39
Initializing...
maxdom : 20
D->valSize : 400
Solving...
currentSize : 8 <-- 0.002144 s
currentSize : 9 <-- 0.002339 s
currentSize : 10 <-- 0.002619 s
currentSize : 11 <-- 0.002803 s
currentSize : 12 <-- 0.004932 s
currentSize : 13 <-- 0.053098 s
currentSize : 14 <-- 0.140537 s

maxsize : 14
nodes : 134014.000000
filtered : 1982886.000000
time : 0.470662
