Parameters: GAD=1 vflib=1 dir=0 label=0 lowerbound=1 fileNameGp=../graphsdb/mcs30/bvg/b06m/mcs30_b06m_s35.A71 fileNameGt=../graphsdb/mcs30/bvg/b06m/mcs30_b06m_s35.B71
Reading graphs...
35 :  101
35 :  101
Initializing...
maxdom : 35
D->valSize : 1225
Solving...
currentSize : 15 <-- 0.019387 s
currentSize : 17 <-- 0.019410 s
currentSize : 18 <-- 0.019631 s
currentSize : 19 <-- 0.764229 s
currentSize : 20 <-- 9.562260 s
currentSize : 21 <-- 13.795623 s

maxsize : 21
nodes : 261142310.000000
filtered : 6999959917.000000
time : 1457.530151
