Parameters: GAD=1 vflib=1 dir=0 label=0 lowerbound=1 fileNameGp=../graphsdb/mcs30/m3D/m3Dr6/mcs30_m3Dr6_s30.A15 fileNameGt=../graphsdb/mcs30/m3D/m3Dr6/mcs30_m3Dr6_s30.B15
Reading graphs...
30 :  77
30 :  74
Initializing...
maxdom : 30
D->valSize : 900
Solving...
currentSize : 14 <-- 0.017991 s
currentSize : 15 <-- 0.020928 s
currentSize : 16 <-- 0.031201 s
currentSize : 17 <-- 0.324582 s
currentSize : 18 <-- 0.468915 s
currentSize : 19 <-- 0.469255 s

maxsize : 19
nodes : 14465266.000000
filtered : 375702136.000000
time : 74.692757
