Parameters: GAD=1 vflib=1 dir=0 label=0 lowerbound=1 fileNameGp=../graphsdb/mcs30/m3D/m3Dr4/mcs30_m3Dr4_s30.A88 fileNameGt=../graphsdb/mcs30/m3D/m3Dr4/mcs30_m3Dr4_s30.B88
Reading graphs...
30 :  70
30 :  70
Initializing...
maxdom : 30
D->valSize : 900
Solving...
currentSize : 13 <-- 0.010547 s
currentSize : 15 <-- 0.011107 s
currentSize : 16 <-- 0.016354 s
currentSize : 17 <-- 0.050205 s
currentSize : 18 <-- 3.563645 s
currentSize : 19 <-- 36.970661 s
currentSize : 20 <-- 102.702065 s

maxsize : 20
nodes : 28474094.000000
filtered : 628911432.000000
time : 139.617203
