Parameters: GAD=1 vflib=1 dir=0 label=0 lowerbound=1 fileNameGp=../graphsdb/mcs30/bvg/b06/mcs30_b06_s35.A72 fileNameGt=../graphsdb/mcs30/bvg/b06/mcs30_b06_s35.B72
Reading graphs...
35 :  105
35 :  103
Initializing...
maxdom : 35
D->valSize : 1225
Solving...
currentSize : 12 <-- 0.033131 s
currentSize : 13 <-- 0.033157 s
currentSize : 14 <-- 0.033260 s
currentSize : 15 <-- 0.035484 s
currentSize : 16 <-- 0.050201 s
currentSize : 17 <-- 0.185331 s
currentSize : 18 <-- 0.579396 s
currentSize : 19 <-- 4.848637 s
currentSize : 20 <-- 53.221592 s
currentSize : 21 <-- 1391.478394 s

maxsize : 21
nodes : 468080198.000000
filtered : 11679807042.000000
time : 2524.626709
