Parameters: GAD=1 vflib=1 dir=0 label=0 lowerbound=1 fileNameGp=../graphsdb/mcs30/bvg/b03/mcs30_b03_s30.A91 fileNameGt=../graphsdb/mcs30/bvg/b03/mcs30_b03_s30.B91
Reading graphs...
30 :  45
30 :  45
Initializing...
maxdom : 30
D->valSize : 900
Solving...
currentSize : 11 <-- 0.019141 s
currentSize : 12 <-- 0.019995 s
currentSize : 13 <-- 0.029704 s
currentSize : 14 <-- 0.036120 s
currentSize : 15 <-- 0.061588 s
currentSize : 16 <-- 0.864992 s
currentSize : 17 <-- 2.770294 s
currentSize : 18 <-- 11.702203 s
currentSize : 19 <-- 24.023071 s
currentSize : 20 <-- 32.285133 s
currentSize : 21 <-- 142.622726 s

maxsize : 21
nodes : 46506783.000000
filtered : 596472696.000000
time : 170.966309
