Parameters: GAD=1 vflib=1 dir=0 label=0 lowerbound=1 fileNameGp=../graphsdb/mcs30/m3D/m3Dr6/mcs30_m3Dr6_s30.A89 fileNameGt=../graphsdb/mcs30/m3D/m3Dr6/mcs30_m3Dr6_s30.B89
Reading graphs...
30 :  76
30 :  71
Initializing...
maxdom : 30
D->valSize : 900
Solving...
currentSize : 13 <-- 0.014973 s
currentSize : 14 <-- 0.015256 s
currentSize : 15 <-- 0.017771 s
currentSize : 16 <-- 0.020571 s
currentSize : 17 <-- 0.096290 s
currentSize : 18 <-- 0.534692 s
currentSize : 19 <-- 22.093143 s

maxsize : 19
nodes : 24043621.000000
filtered : 549002298.000000
time : 117.630577
