Parameters: GAD=1 vflib=1 dir=0 label=0 lowerbound=1 fileNameGp=../graphsdb/mcs30/rand/r01/mcs30_r01_s35.A74 fileNameGt=../graphsdb/mcs30/rand/r01/mcs30_r01_s35.B74
Reading graphs...
35 :  111
35 :  114
Initializing...
maxdom : 35
D->valSize : 1225
Solving...
currentSize : 12 <-- 0.019400 s
currentSize : 13 <-- 0.019475 s
currentSize : 14 <-- 0.020341 s
currentSize : 15 <-- 0.020712 s
currentSize : 16 <-- 0.022356 s
currentSize : 17 <-- 0.026109 s
currentSize : 18 <-- 0.026327 s
currentSize : 19 <-- 0.198793 s
currentSize : 20 <-- 924.787170 s
currentSize : 21 <-- 2868.097900 s

maxsize : 21
nodes : 602694123.000000
filtered : 13014523619.000000
time : 3138.926514
