Parameters: GAD=1 vflib=1 dir=0 label=0 lowerbound=1 fileNameGp=../graphsdb/mcs30/m3D/m3Dr2/mcs30_m3Dr2_s30.A61 fileNameGt=../graphsdb/mcs30/m3D/m3Dr2/mcs30_m3Dr2_s30.B61
Reading graphs...
30 :  66
30 :  66
Initializing...
maxdom : 30
D->valSize : 900
Solving...
currentSize : 15 <-- 0.010675 s
currentSize : 16 <-- 0.011729 s
currentSize : 17 <-- 0.012268 s
currentSize : 18 <-- 0.663514 s
currentSize : 19 <-- 13.705632 s
currentSize : 20 <-- 106.160362 s

maxsize : 20
nodes : 28741501.000000
filtered : 633130895.000000
time : 139.350128
