Parameters: GAD=1 vflib=1 dir=0 label=0 lowerbound=1 fileNameGp=../graphsdb/mcs30/bvg/b03m/mcs30_b03m_s35.A55 fileNameGt=../graphsdb/mcs30/bvg/b03m/mcs30_b03m_s35.B55
Reading graphs...
35 :  52
35 :  52
Initializing...
maxdom : 35
D->valSize : 1225
Solving...
currentSize : 12 <-- 0.021042 s
currentSize : 14 <-- 0.021182 s
currentSize : 15 <-- 0.026700 s
currentSize : 16 <-- 0.054700 s
currentSize : 17 <-- 0.057173 s
currentSize : 18 <-- 0.061434 s
currentSize : 19 <-- 1.833787 s
currentSize : 20 <-- 1.872306 s
currentSize : 21 <-- 7.018201 s
currentSize : 22 <-- 19.478127 s
currentSize : 23 <-- 298.096344 s
currentSize : 24 <-- 442.983582 s

maxsize : 24
nodes : 288248308.000000
filtered : 4908729651.000000
time : 1350.498291
