Parameters: GAD=1 vflib=1 dir=0 label=0 lowerbound=1 fileNameGp=../graphsdb/mcs30/rand/r02/mcs30_r02_s30.A78 fileNameGt=../graphsdb/mcs30/rand/r02/mcs30_r02_s30.B78
Reading graphs...
30 :  156
30 :  153
Initializing...
maxdom : 30
D->valSize : 900
Solving...
currentSize : 9 <-- 0.009124 s
currentSize : 10 <-- 0.009249 s
currentSize : 11 <-- 0.009396 s
currentSize : 12 <-- 0.009658 s
currentSize : 13 <-- 0.026956 s
currentSize : 14 <-- 3.367645 s

maxsize : 14
nodes : 114022988.000000
filtered : 1418971478.000000
time : 454.859711
