Parameters: GAD=1 vflib=1 dir=0 label=0 lowerbound=1 fileNameGp=../graphsdb/mcs30/m3D/m3Dr4/mcs30_m3Dr4_s25.A57 fileNameGt=../graphsdb/mcs30/m3D/m3Dr4/mcs30_m3Dr4_s25.B57
Reading graphs...
25 :  56
25 :  55
Initializing...
maxdom : 25
D->valSize : 625
Solving...
currentSize : 11 <-- 0.008799 s
currentSize : 12 <-- 0.008858 s
currentSize : 13 <-- 0.009279 s
currentSize : 14 <-- 0.009379 s
currentSize : 15 <-- 0.014458 s
currentSize : 16 <-- 0.441945 s
currentSize : 17 <-- 2.864477 s

maxsize : 17
nodes : 1475647.000000
filtered : 28130693.000000
time : 6.348488
