Parameters: GAD=1 vflib=1 dir=0 label=0 lowerbound=1 fileNameGp=../graphsdb/mcs30/rand/r01/mcs30_r01_s25.A21 fileNameGt=../graphsdb/mcs30/rand/r01/mcs30_r01_s25.B21
Reading graphs...
25 :  59
25 :  61
Initializing...
maxdom : 25
D->valSize : 625
Solving...
currentSize : 11 <-- 0.005009 s
currentSize : 12 <-- 0.005077 s
currentSize : 13 <-- 0.005730 s
currentSize : 14 <-- 0.006335 s
currentSize : 15 <-- 0.007529 s
currentSize : 16 <-- 1.723532 s
currentSize : 17 <-- 3.097174 s

maxsize : 17
nodes : 1428065.000000
filtered : 27574371.000000
time : 6.159492
