Parameters: GAD=1 vflib=1 dir=0 label=0 lowerbound=1 fileNameGp=../graphsdb/mcs30/m2D/m2Dr4/mcs30_m2Dr4_s30.A08 fileNameGt=../graphsdb/mcs30/m2D/m2Dr4/mcs30_m2Dr4_s30.B08
Reading graphs...
30 :  61
30 :  60
Initializing...
maxdom : 30
D->valSize : 900
Solving...
currentSize : 11 <-- 0.010729 s
currentSize : 12 <-- 0.010765 s
currentSize : 13 <-- 0.010776 s
currentSize : 14 <-- 0.010793 s
currentSize : 15 <-- 0.011079 s
currentSize : 17 <-- 0.013949 s
currentSize : 18 <-- 0.261529 s
currentSize : 19 <-- 0.268849 s
currentSize : 20 <-- 1.560746 s
currentSize : 21 <-- 3.851500 s

maxsize : 21
nodes : 2891747.000000
filtered : 75633546.000000
time : 15.044003
