Parameters: GAD=1 vflib=1 dir=0 label=0 lowerbound=1 fileNameGp=../graphsdb/mcs30/bvg/b03m/mcs30_b03m_s30.A92 fileNameGt=../graphsdb/mcs30/bvg/b03m/mcs30_b03m_s30.B92
Reading graphs...
30 :  45
30 :  45
Initializing...
maxdom : 30
D->valSize : 900
Solving...
currentSize : 13 <-- 0.019257 s
currentSize : 16 <-- 0.020232 s
currentSize : 18 <-- 0.020641 s
currentSize : 19 <-- 0.024046 s
currentSize : 20 <-- 0.039495 s
currentSize : 21 <-- 0.046985 s
currentSize : 22 <-- 4.714397 s

maxsize : 22
nodes : 2492069.000000
filtered : 52654560.000000
time : 12.070253
