Parameters: GAD=1 vflib=1 dir=0 label=0 lowerbound=1 fileNameGp=../graphsdb/mcs30/bvg/b03m/mcs30_b03m_s35.A88 fileNameGt=../graphsdb/mcs30/bvg/b03m/mcs30_b03m_s35.B88
Reading graphs...
35 :  52
35 :  52
Initializing...
maxdom : 35
D->valSize : 1225
Solving...
currentSize : 13 <-- 0.021515 s
currentSize : 14 <-- 0.021760 s
currentSize : 15 <-- 0.026236 s
currentSize : 16 <-- 0.026275 s
currentSize : 17 <-- 0.051603 s
currentSize : 18 <-- 0.147791 s
currentSize : 19 <-- 0.147838 s
currentSize : 20 <-- 0.147902 s
currentSize : 21 <-- 0.173322 s
currentSize : 22 <-- 0.609433 s
currentSize : 23 <-- 301.069336 s
currentSize : 24 <-- 1094.484741 s

maxsize : 24
nodes : 510057532.000000
filtered : 7093437307.000000
time : 2171.268555
