Parameters: GAD=1 vflib=1 dir=0 label=0 lowerbound=1 fileNameGp=../graphsdb/mcs30/bvg/b06m/mcs30_b06m_s35.A99 fileNameGt=../graphsdb/mcs30/bvg/b06m/mcs30_b06m_s35.B99
Reading graphs...
35 :  102
35 :  98
Initializing...
maxdom : 35
D->valSize : 1225
Solving...
currentSize : 11 <-- 0.019426 s
currentSize : 13 <-- 0.019451 s
currentSize : 15 <-- 0.019843 s
currentSize : 16 <-- 0.020061 s
currentSize : 17 <-- 0.040039 s
currentSize : 18 <-- 0.090669 s
currentSize : 19 <-- 0.196842 s
currentSize : 20 <-- 20.509260 s
currentSize : 21 <-- 145.696930 s

maxsize : 21
nodes : 344962562.000000
filtered : 9517646125.000000
time : 1942.606079
