Parameters: GAD=1 vflib=1 dir=0 label=0 lowerbound=1 fileNameGp=../graphsdb/mcs30/bvg/b06m/mcs30_b06m_s25.A25 fileNameGt=../graphsdb/mcs30/bvg/b06m/mcs30_b06m_s25.B25
Reading graphs...
25 :  69
25 :  70
Initializing...
maxdom : 25
D->valSize : 625
Solving...
currentSize : 8 <-- 0.008379 s
currentSize : 9 <-- 0.008425 s
currentSize : 10 <-- 0.008790 s
currentSize : 11 <-- 0.008969 s
currentSize : 13 <-- 0.008995 s
currentSize : 14 <-- 0.016631 s
currentSize : 15 <-- 0.402971 s

maxsize : 15
nodes : 2569661.000000
filtered : 51980764.000000
time : 11.419384
