Parameters: GAD=1 vflib=1 dir=0 label=0 lowerbound=1 fileNameGp=../graphsdb/mcs30/bvg/b06m/mcs30_b06m_s25.A62 fileNameGt=../graphsdb/mcs30/bvg/b06m/mcs30_b06m_s25.B62
Reading graphs...
25 :  69
25 :  68
Initializing...
maxdom : 25
D->valSize : 625
Solving...
currentSize : 11 <-- 0.004823 s
currentSize : 12 <-- 0.004848 s
currentSize : 13 <-- 0.009093 s
currentSize : 14 <-- 0.190205 s
currentSize : 15 <-- 3.160738 s
currentSize : 16 <-- 9.338970 s

maxsize : 16
nodes : 2840290.000000
filtered : 47329485.000000
time : 11.136978
