Parameters: GAD=1 vflib=1 dir=0 label=0 lowerbound=1 fileNameGp=../graphsdb/mcs30/rand/r02/mcs30_r02_s30.A45 fileNameGt=../graphsdb/mcs30/rand/r02/mcs30_r02_s30.B45
Reading graphs...
30 :  155
30 :  153
Initializing...
maxdom : 30
D->valSize : 900
Solving...
currentSize : 8 <-- 0.009349 s
currentSize : 9 <-- 0.009380 s
currentSize : 10 <-- 0.009392 s
currentSize : 11 <-- 0.009866 s
currentSize : 12 <-- 0.011767 s
currentSize : 13 <-- 0.106181 s
currentSize : 14 <-- 0.979778 s
currentSize : 15 <-- 206.943802 s

maxsize : 15
nodes : 78205871.000000
filtered : 1040337584.000000
time : 320.983093
