Parameters: GAD=1 vflib=1 dir=0 label=0 lowerbound=1 fileNameGp=../graphsdb/mcs30/rand/r005/mcs30_r005_s25.A76 fileNameGt=../graphsdb/mcs30/rand/r005/mcs30_r005_s25.B76
Reading graphs...
25 :  34
25 :  33
Initializing...
maxdom : 25
D->valSize : 625
Solving...
currentSize : 10 <-- 0.005315 s
currentSize : 11 <-- 0.005538 s
currentSize : 12 <-- 0.005606 s
currentSize : 13 <-- 0.005816 s
currentSize : 14 <-- 0.014454 s
currentSize : 15 <-- 0.018632 s
currentSize : 16 <-- 0.018743 s
currentSize : 17 <-- 0.425923 s
currentSize : 18 <-- 1.580552 s
currentSize : 19 <-- 2.953679 s

maxsize : 19
nodes : 909788.000000
filtered : 11196639.000000
time : 3.148452
