Parameters: GAD=1 vflib=1 dir=0 label=0 lowerbound=1 fileNameGp=../graphsdb/mcs30/m3D/m3D/mcs30_m3D_s25.A75 fileNameGt=../graphsdb/mcs30/m3D/m3D/mcs30_m3D_s25.B75
Reading graphs...
25 :  49
25 :  49
Initializing...
maxdom : 25
D->valSize : 625
Solving...
currentSize : 12 <-- 0.009164 s
currentSize : 13 <-- 0.009229 s
currentSize : 14 <-- 0.009624 s
currentSize : 15 <-- 0.011494 s
currentSize : 16 <-- 0.039867 s
currentSize : 17 <-- 0.129808 s

maxsize : 17
nodes : 1275733.000000
filtered : 24889002.000000
time : 5.391827
