Parameters: GAD=1 vflib=1 dir=0 label=0 lowerbound=1 fileNameGp=../graphsdb/mcs30/m2D/m2D/mcs30_m2D_s30.A78 fileNameGt=../graphsdb/mcs30/m2D/m2D/mcs30_m2D_s30.B78
Reading graphs...
30 :  49
30 :  48
Initializing...
maxdom : 30
D->valSize : 900
Solving...
currentSize : 2 <-- 0.011415 s
currentSize : 12 <-- 0.011520 s
currentSize : 13 <-- 0.011544 s
currentSize : 14 <-- 0.011696 s
currentSize : 15 <-- 0.011708 s
currentSize : 16 <-- 0.014991 s
currentSize : 17 <-- 0.018941 s
currentSize : 18 <-- 1.076134 s
currentSize : 19 <-- 1.439162 s
currentSize : 20 <-- 1.439227 s
currentSize : 21 <-- 3.960751 s
currentSize : 22 <-- 7.988034 s

maxsize : 22
nodes : 2736721.000000
filtered : 54779595.000000
time : 12.760252
