Parameters: GAD=1 vflib=1 dir=0 label=0 lowerbound=1 fileNameGp=../graphsdb/mcs30/rand/r005/mcs30_r005_s35.A26 fileNameGt=../graphsdb/mcs30/rand/r005/mcs30_r005_s35.B26
Reading graphs...
35 :  64
35 :  64
Initializing...
maxdom : 35
D->valSize : 1225
Solving...
currentSize : 18 <-- 0.020687 s
currentSize : 19 <-- 0.031101 s
currentSize : 20 <-- 0.069906 s
currentSize : 21 <-- 0.296306 s
currentSize : 22 <-- 0.534531 s
currentSize : 23 <-- 16.467054 s
currentSize : 24 <-- 86.151016 s

maxsize : 24
nodes : 128553604.000000
filtered : 3311185230.000000
time : 729.503479
