Parameters: GAD=1 vflib=1 dir=0 label=0 lowerbound=1 fileNameGp=../graphsdb/mcs30/rand/r02/mcs30_r02_s30.A83 fileNameGt=../graphsdb/mcs30/rand/r02/mcs30_r02_s30.B83
Reading graphs...
30 :  149
30 :  159
Initializing...
maxdom : 30
D->valSize : 900
Solving...
currentSize : 10 <-- 0.009249 s
currentSize : 11 <-- 0.009442 s
currentSize : 12 <-- 0.009645 s
currentSize : 13 <-- 0.026300 s
currentSize : 14 <-- 7.132801 s
currentSize : 15 <-- 213.546432 s

maxsize : 15
nodes : 93521230.000000
filtered : 1210524653.000000
time : 383.148285
