Parameters: GAD=1 vflib=1 dir=0 label=0 lowerbound=1 fileNameGp=../graphsdb/mcs30/bvg/b03/mcs30_b03_s30.A40 fileNameGt=../graphsdb/mcs30/bvg/b03/mcs30_b03_s30.B40
Reading graphs...
30 :  44
30 :  45
Initializing...
maxdom : 30
D->valSize : 900
Solving...
currentSize : 9 <-- 0.011111 s
currentSize : 11 <-- 0.011138 s
currentSize : 12 <-- 0.011147 s
currentSize : 13 <-- 0.012224 s
currentSize : 14 <-- 0.012916 s
currentSize : 15 <-- 0.012946 s
currentSize : 16 <-- 0.018086 s
currentSize : 17 <-- 0.495039 s
currentSize : 18 <-- 0.495069 s
currentSize : 19 <-- 0.522698 s
currentSize : 20 <-- 12.675311 s
currentSize : 21 <-- 30.040186 s

maxsize : 21
nodes : 16096991.000000
filtered : 228352763.000000
time : 62.972816
