Parameters: GAD=1 vflib=1 dir=0 label=0 lowerbound=1 fileNameGp=../graphsdb/mcs30/m3D/m3Dr6/mcs30_m3Dr6_s30.A26 fileNameGt=../graphsdb/mcs30/m3D/m3Dr6/mcs30_m3Dr6_s30.B26
Reading graphs...
30 :  77
30 :  73
Initializing...
maxdom : 30
D->valSize : 900
Solving...
currentSize : 11 <-- 0.017841 s
currentSize : 13 <-- 0.017882 s
currentSize : 14 <-- 0.017913 s
currentSize : 15 <-- 0.018766 s
currentSize : 17 <-- 0.019222 s
currentSize : 18 <-- 0.028521 s
currentSize : 19 <-- 1.371130 s

maxsize : 19
nodes : 17385731.000000
filtered : 447529712.000000
time : 89.931969
