Parameters: GAD=1 vflib=1 dir=0 label=0 lowerbound=1 fileNameGp=../graphsdb/mcs30/m3D/m3Dr2/mcs30_m3Dr2_s30.A70 fileNameGt=../graphsdb/mcs30/m3D/m3Dr2/mcs30_m3Dr2_s30.B70
Reading graphs...
30 :  63
30 :  65
Initializing...
maxdom : 30
D->valSize : 900
Solving...
currentSize : 14 <-- 0.011096 s
currentSize : 15 <-- 0.011122 s
currentSize : 16 <-- 0.012323 s
currentSize : 17 <-- 0.142119 s
currentSize : 18 <-- 0.187441 s
currentSize : 19 <-- 9.105540 s
currentSize : 20 <-- 88.459778 s

maxsize : 20
nodes : 30335044.000000
filtered : 629560043.000000
time : 148.202576
