Parameters: GAD=1 vflib=1 dir=0 label=0 lowerbound=1 fileNameGp=../graphsdb/mcs30/bvg/b03/mcs30_b03_s35.A02 fileNameGt=../graphsdb/mcs30/bvg/b03/mcs30_b03_s35.B02
Reading graphs...
35 :  52
35 :  52
Initializing...
maxdom : 35
D->valSize : 1225
Solving...
currentSize : 20 <-- 0.036409 s
currentSize : 21 <-- 0.257230 s
currentSize : 22 <-- 3.598068 s
currentSize : 23 <-- 4.058111 s
currentSize : 24 <-- 11.909805 s
currentSize : 25 <-- 11.911343 s
currentSize : 26 <-- 77.497711 s

maxsize : 26
nodes : 29894280.000000
filtered : 721389173.000000
time : 165.577042
