Parameters: GAD=1 vflib=1 dir=0 label=0 lowerbound=1 fileNameGp=../graphsdb/mcs30/m2D/m2Dr2/mcs30_m2Dr2_s30.A48 fileNameGt=../graphsdb/mcs30/m2D/m2Dr2/mcs30_m2Dr2_s30.B48
Reading graphs...
30 :  54
30 :  53
Initializing...
maxdom : 30
D->valSize : 900
Solving...
currentSize : 11 <-- 0.010729 s
currentSize : 13 <-- 0.010808 s
currentSize : 14 <-- 0.010958 s
currentSize : 15 <-- 0.012506 s
currentSize : 16 <-- 0.015304 s
currentSize : 17 <-- 0.021662 s
currentSize : 18 <-- 0.024703 s
currentSize : 19 <-- 1.433083 s
currentSize : 20 <-- 3.566548 s

maxsize : 20
nodes : 22623708.000000
filtered : 453737872.000000
time : 105.015640
