Parameters: GAD=1 vflib=1 dir=0 label=0 lowerbound=1 fileNameGp=../graphsdb/mcs30/m3D/m3Dr4/mcs30_m3Dr4_s30.A14 fileNameGt=../graphsdb/mcs30/m3D/m3Dr4/mcs30_m3Dr4_s30.B14
Reading graphs...
30 :  67
30 :  71
Initializing...
maxdom : 30
D->valSize : 900
Solving...
currentSize : 13 <-- 0.010594 s
currentSize : 14 <-- 0.010827 s
currentSize : 15 <-- 0.010998 s
currentSize : 16 <-- 0.038073 s
currentSize : 17 <-- 0.067807 s
currentSize : 18 <-- 0.121937 s
currentSize : 19 <-- 1.908989 s
currentSize : 20 <-- 3.635786 s

maxsize : 20
nodes : 8618666.000000
filtered : 228886239.000000
time : 46.116199
