Parameters: GAD=1 vflib=1 dir=0 label=0 lowerbound=1 fileNameGp=../graphsdb/mcs30/rand/r01/mcs30_r01_s35.A70 fileNameGt=../graphsdb/mcs30/rand/r01/mcs30_r01_s35.B70
Reading graphs...
35 :  111
35 :  114
Initializing...
maxdom : 35
D->valSize : 1225
Solving...
currentSize : 14 <-- 0.032748 s
currentSize : 15 <-- 0.033017 s
currentSize : 16 <-- 0.037695 s
currentSize : 17 <-- 0.254135 s
currentSize : 18 <-- 0.606663 s
currentSize : 19 <-- 14.880435 s
currentSize : 20 <-- 86.223122 s

TIMEOUT
maxsize : 20
nodes : 664459280.000000
filtered : 16745463899.000000
time : 3600.000000
