Parameters: GAD=1 vflib=1 dir=0 label=0 lowerbound=1 fileNameGp=../graphsdb/mcs30/bvg/b06m/mcs30_b06m_s35.A75 fileNameGt=../graphsdb/mcs30/bvg/b06m/mcs30_b06m_s35.B75
Reading graphs...
35 :  101
35 :  103
Initializing...
maxdom : 35
D->valSize : 1225
Solving...
currentSize : 14 <-- 0.019163 s
currentSize : 15 <-- 0.019759 s
currentSize : 17 <-- 0.020686 s
currentSize : 18 <-- 0.078307 s
currentSize : 19 <-- 0.610539 s
currentSize : 20 <-- 2.015220 s
currentSize : 21 <-- 198.740601 s

maxsize : 21
nodes : 426125474.000000
filtered : 11538139425.000000
time : 2398.073975
