Parameters: GAD=1 vflib=1 dir=0 label=0 lowerbound=1 fileNameGp=../graphsdb/mcs30/bvg/b03/mcs30_b03_s20.A35 fileNameGt=../graphsdb/mcs30/bvg/b03/mcs30_b03_s20.B35
Reading graphs...
20 :  30
20 :  29
Initializing...
maxdom : 20
D->valSize : 400
Solving...
currentSize : 10 <-- 0.002563 s
currentSize : 11 <-- 0.002804 s
currentSize : 12 <-- 0.013206 s
currentSize : 13 <-- 0.013584 s
currentSize : 14 <-- 0.200117 s
currentSize : 15 <-- 0.202244 s

maxsize : 15
nodes : 90973.000000
filtered : 914970.000000
time : 0.254714
