Parameters: GAD=1 vflib=1 dir=0 label=0 lowerbound=1 fileNameGp=../graphsdb/mcs30/bvg/b03m/mcs30_b03m_s30.A64 fileNameGt=../graphsdb/mcs30/bvg/b03m/mcs30_b03m_s30.B64
Reading graphs...
30 :  44
30 :  44
Initializing...
maxdom : 30
D->valSize : 900
Solving...
currentSize : 13 <-- 0.011628 s
currentSize : 14 <-- 0.011648 s
currentSize : 16 <-- 0.013177 s
currentSize : 17 <-- 0.030721 s
currentSize : 18 <-- 0.030941 s
currentSize : 19 <-- 1.211611 s
currentSize : 20 <-- 5.600575 s
currentSize : 21 <-- 68.620369 s
currentSize : 22 <-- 94.732529 s

maxsize : 22
nodes : 25695324.000000
filtered : 325211535.000000
time : 99.673080
