Parameters: GAD=1 vflib=1 dir=0 label=0 lowerbound=1 fileNameGp=../graphsdb/mcs30/rand/r02/mcs30_r02_s25.A37 fileNameGt=../graphsdb/mcs30/rand/r02/mcs30_r02_s25.B37
Reading graphs...
25 :  109
25 :  107
Initializing...
maxdom : 25
D->valSize : 625
Solving...
currentSize : 8 <-- 0.007779 s
currentSize : 9 <-- 0.007801 s
currentSize : 10 <-- 0.008099 s
currentSize : 11 <-- 0.008338 s
currentSize : 12 <-- 0.011589 s
currentSize : 13 <-- 0.269926 s

maxsize : 13
nodes : 5632119.000000
filtered : 74559806.000000
time : 21.138493
