Parameters: GAD=1 vflib=1 dir=0 label=0 lowerbound=1 fileNameGp=../graphsdb/mcs30/m2D/m2Dr2/mcs30_m2Dr2_s30.A22 fileNameGt=../graphsdb/mcs30/m2D/m2Dr2/mcs30_m2Dr2_s30.B22
Reading graphs...
30 :  55
30 :  55
Initializing...
maxdom : 30
D->valSize : 900
Solving...
currentSize : 13 <-- 0.018808 s
currentSize : 14 <-- 0.019944 s
currentSize : 15 <-- 0.023421 s
currentSize : 16 <-- 0.029965 s
currentSize : 17 <-- 0.114039 s
currentSize : 18 <-- 0.923511 s
currentSize : 19 <-- 5.327527 s
currentSize : 20 <-- 7.112991 s
currentSize : 21 <-- 11.385446 s

maxsize : 21
nodes : 7951956.000000
filtered : 162977128.000000
time : 36.192844
