Parameters: GAD=1 vflib=1 dir=0 label=0 lowerbound=1 fileNameGp=../graphsdb/mcs30/m2D/m2D/mcs30_m2D_s30.A60 fileNameGt=../graphsdb/mcs30/m2D/m2D/mcs30_m2D_s30.B60
Reading graphs...
30 :  47
30 :  49
Initializing...
maxdom : 30
D->valSize : 900
Solving...
currentSize : 13 <-- 0.010951 s
currentSize : 15 <-- 0.011024 s
currentSize : 16 <-- 0.011915 s
currentSize : 17 <-- 0.013008 s
currentSize : 18 <-- 0.114012 s
currentSize : 19 <-- 0.259531 s
currentSize : 20 <-- 1.477041 s
currentSize : 21 <-- 12.189097 s

maxsize : 21
nodes : 17296693.000000
filtered : 349567318.000000
time : 81.805237
