Parameters: GAD=1 vflib=1 dir=0 label=0 lowerbound=1 fileNameGp=../graphsdb/mcs30/m3D/m3Dr6/mcs30_m3Dr6_s25.A43 fileNameGt=../graphsdb/mcs30/m3D/m3Dr6/mcs30_m3Dr6_s25.B43
Reading graphs...
25 :  62
25 :  59
Initializing...
maxdom : 25
D->valSize : 625
Solving...
currentSize : 11 <-- 0.004904 s
currentSize : 12 <-- 0.004940 s
currentSize : 13 <-- 0.004976 s
currentSize : 14 <-- 0.005291 s
currentSize : 15 <-- 0.070252 s
currentSize : 16 <-- 0.381940 s
currentSize : 17 <-- 2.815615 s

maxsize : 17
nodes : 1097195.000000
filtered : 21356809.000000
time : 4.628331
