Parameters: GAD=1 vflib=1 dir=0 label=0 lowerbound=1 fileNameGp=../graphsdb/mcs30/rand/r005/mcs30_r005_s20.A70 fileNameGt=../graphsdb/mcs30/rand/r005/mcs30_r005_s20.B70
Reading graphs...
20 :  23
20 :  22
Initializing...
maxdom : 20
D->valSize : 400
Solving...
currentSize : 8 <-- 0.003894 s
currentSize : 9 <-- 0.003916 s
currentSize : 11 <-- 0.004053 s
currentSize : 12 <-- 0.007187 s
currentSize : 13 <-- 0.015989 s
currentSize : 14 <-- 0.361852 s
currentSize : 15 <-- 0.521472 s

maxsize : 15
nodes : 197850.000000
filtered : 1425502.000000
time : 0.531867
