Parameters: GAD=1 vflib=1 dir=0 label=0 lowerbound=1 fileNameGp=../graphsdb/mcs30/m3D/m3D/mcs30_m3D_s30.A20 fileNameGt=../graphsdb/mcs30/m3D/m3D/mcs30_m3D_s30.B20
Reading graphs...
30 :  59
30 :  59
Initializing...
maxdom : 30
D->valSize : 900
Solving...
currentSize : 15 <-- 0.010798 s
currentSize : 16 <-- 0.011080 s
currentSize : 17 <-- 0.011934 s
currentSize : 18 <-- 0.011974 s
currentSize : 19 <-- 0.777555 s
currentSize : 20 <-- 2.402434 s

maxsize : 20
nodes : 26307608.000000
filtered : 582903386.000000
time : 126.936562
