Parameters: GAD=1 vflib=1 dir=0 label=0 lowerbound=1 fileNameGp=../graphsdb/mcs30/bvg/b06/mcs30_b06_s35.A83 fileNameGt=../graphsdb/mcs30/bvg/b06/mcs30_b06_s35.B83
Reading graphs...
35 :  103
35 :  103
Initializing...
maxdom : 35
D->valSize : 1225
Solving...
currentSize : 10 <-- 0.033371 s
currentSize : 11 <-- 0.033476 s
currentSize : 12 <-- 0.033491 s
currentSize : 14 <-- 0.033960 s
currentSize : 15 <-- 0.033979 s
currentSize : 16 <-- 0.036168 s
currentSize : 17 <-- 0.044579 s
currentSize : 18 <-- 0.440252 s
currentSize : 19 <-- 0.756375 s
currentSize : 20 <-- 9.594883 s
currentSize : 21 <-- 197.574158 s

maxsize : 21
nodes : 228390012.000000
filtered : 6470391199.000000
time : 1313.942017
