Parameters: GAD=1 vflib=1 dir=0 label=0 lowerbound=1 fileNameGp=../graphsdb/mcs30/rand/r005/mcs30_r005_s30.A16 fileNameGt=../graphsdb/mcs30/rand/r005/mcs30_r005_s30.B16
Reading graphs...
30 :  47
30 :  47
Initializing...
maxdom : 30
D->valSize : 900
Solving...
currentSize : 15 <-- 0.011332 s
currentSize : 17 <-- 0.011364 s
currentSize : 18 <-- 0.011479 s
currentSize : 19 <-- 0.011504 s
currentSize : 20 <-- 0.126489 s
currentSize : 21 <-- 0.353007 s
currentSize : 22 <-- 2.906693 s

maxsize : 22
nodes : 4982947.000000
filtered : 119348909.000000
time : 25.571709
