Parameters: GAD=1 vflib=1 dir=0 label=0 lowerbound=1 fileNameGp=../graphsdb/mcs30/rand/r005/mcs30_r005_s35.A86 fileNameGt=../graphsdb/mcs30/rand/r005/mcs30_r005_s35.B86
Reading graphs...
35 :  62
35 :  62
Initializing...
maxdom : 35
D->valSize : 1225
Solving...
currentSize : 10 <-- 0.025829 s
currentSize : 13 <-- 0.025869 s
currentSize : 15 <-- 0.025896 s
currentSize : 16 <-- 0.026038 s
currentSize : 19 <-- 0.026049 s
currentSize : 20 <-- 0.087962 s
currentSize : 21 <-- 0.346536 s
currentSize : 22 <-- 1.479964 s
currentSize : 23 <-- 4.332127 s
currentSize : 24 <-- 77.004082 s

maxsize : 24
nodes : 223816428.000000
filtered : 5522654356.000000
time : 1252.053589
