Parameters: GAD=1 vflib=1 dir=0 label=0 lowerbound=1 fileNameGp=../graphsdb/mcs30/m3D/m3D/mcs30_m3D_s30.A18 fileNameGt=../graphsdb/mcs30/m3D/m3D/mcs30_m3D_s30.B18
Reading graphs...
30 :  58
30 :  61
Initializing...
maxdom : 30
D->valSize : 900
Solving...
currentSize : 16 <-- 0.016030 s
currentSize : 17 <-- 0.079698 s
currentSize : 18 <-- 0.094950 s
currentSize : 19 <-- 0.218324 s
currentSize : 20 <-- 3.593407 s
currentSize : 21 <-- 43.613857 s

maxsize : 21
nodes : 10933600.000000
filtered : 240524463.000000
time : 54.449108
