Parameters: GAD=1 vflib=1 dir=0 label=0 lowerbound=1 fileNameGp=../graphsdb/mcs30/rand/r01/mcs30_r01_s35.A56 fileNameGt=../graphsdb/mcs30/rand/r01/mcs30_r01_s35.B56
Reading graphs...
35 :  113
35 :  112
Initializing...
maxdom : 35
D->valSize : 1225
Solving...
currentSize : 12 <-- 0.032718 s
currentSize : 14 <-- 0.032755 s
currentSize : 15 <-- 0.033106 s
currentSize : 16 <-- 0.039900 s
currentSize : 17 <-- 0.053756 s
currentSize : 18 <-- 1.992038 s
currentSize : 19 <-- 16.791569 s
currentSize : 20 <-- 104.646049 s
currentSize : 21 <-- 1854.372192 s

maxsize : 21
nodes : 435044025.000000
filtered : 10902353711.000000
time : 2369.456299
