Parameters: GAD=1 vflib=1 dir=0 label=0 lowerbound=1 fileNameGp=../graphsdb/mcs30/rand/r005/mcs30_r005_s30.A31 fileNameGt=../graphsdb/mcs30/rand/r005/mcs30_r005_s30.B31
Reading graphs...
30 :  47
30 :  47
Initializing...
maxdom : 30
D->valSize : 900
Solving...
currentSize : 14 <-- 0.019087 s
currentSize : 15 <-- 0.093252 s
currentSize : 16 <-- 0.307382 s
currentSize : 17 <-- 6.223030 s
currentSize : 18 <-- 30.205059 s
currentSize : 19 <-- 35.032761 s
currentSize : 20 <-- 161.339157 s

maxsize : 20
nodes : 102806317.000000
filtered : 1365125958.000000
time : 376.767334
