Parameters: GAD=1 vflib=1 dir=0 label=0 lowerbound=1 fileNameGp=../graphsdb/mcs30/bvg/b03m/mcs30_b03m_s15.A14 fileNameGt=../graphsdb/mcs30/bvg/b03m/mcs30_b03m_s15.B14
Reading graphs...
15 :  21
15 :  21
Initializing...
maxdom : 15
D->valSize : 225
Solving...
currentSize : 5 <-- 0.001372 s
currentSize : 6 <-- 0.001446 s
currentSize : 7 <-- 0.001475 s
currentSize : 8 <-- 0.001657 s
currentSize : 9 <-- 0.008690 s
currentSize : 10 <-- 0.009080 s

maxsize : 10
nodes : 13075.000000
filtered : 94762.000000
time : 0.045408
