Parameters: GAD=1 vflib=1 dir=0 label=0 lowerbound=1 fileNameGp=../graphsdb/mcs30/bvg/b03m/mcs30_b03m_s25.A89 fileNameGt=../graphsdb/mcs30/bvg/b03m/mcs30_b03m_s25.B89
Reading graphs...
25 :  37
25 :  37
Initializing...
maxdom : 25
D->valSize : 625
Solving...
currentSize : 5 <-- 0.005406 s
currentSize : 6 <-- 0.005486 s
currentSize : 13 <-- 0.005714 s
currentSize : 14 <-- 0.006266 s
currentSize : 15 <-- 0.016175 s
currentSize : 16 <-- 0.044673 s
currentSize : 17 <-- 0.672727 s

maxsize : 17
nodes : 1384150.000000
filtered : 17635274.000000
time : 4.936524
