Parameters: GAD=1 vflib=1 dir=0 label=0 lowerbound=1 fileNameGp=../graphsdb/mcs30/rand/r01/mcs30_r01_s35.A07 fileNameGt=../graphsdb/mcs30/rand/r01/mcs30_r01_s35.B07
Reading graphs...
35 :  116
35 :  112
Initializing...
maxdom : 35
D->valSize : 1225
Solving...
currentSize : 13 <-- 0.018865 s
currentSize : 14 <-- 0.018994 s
currentSize : 15 <-- 0.019365 s
currentSize : 16 <-- 0.028248 s
currentSize : 17 <-- 0.114939 s
currentSize : 18 <-- 0.639093 s
currentSize : 19 <-- 11.040323 s
currentSize : 20 <-- 514.279541 s

maxsize : 20
nodes : 563963457.000000
filtered : 13774900288.000000
time : 3041.296631
