Parameters: GAD=1 vflib=1 dir=0 label=0 lowerbound=1 fileNameGp=../graphsdb/mcs30/m2D/m2Dr6/mcs30_m2Dr6_s30.A53 fileNameGt=../graphsdb/mcs30/m2D/m2Dr6/mcs30_m2Dr6_s30.B53
Reading graphs...
30 :  65
30 :  63
Initializing...
maxdom : 30
D->valSize : 900
Solving...
currentSize : 13 <-- 0.010707 s
currentSize : 14 <-- 0.010916 s
currentSize : 15 <-- 0.010926 s
currentSize : 16 <-- 0.011351 s
currentSize : 17 <-- 0.031365 s
currentSize : 18 <-- 0.060720 s
currentSize : 19 <-- 1.907530 s
currentSize : 20 <-- 50.866920 s

maxsize : 20
nodes : 19474172.000000
filtered : 420086927.000000
time : 92.670654
