Parameters: GAD=1 vflib=1 dir=0 label=0 lowerbound=1 fileNameGp=../graphsdb/mcs30/rand/r02/mcs30_r02_s30.A93 fileNameGt=../graphsdb/mcs30/rand/r02/mcs30_r02_s30.B93
Reading graphs...
30 :  156
30 :  156
Initializing...
maxdom : 30
D->valSize : 900
Solving...
currentSize : 8 <-- 0.009495 s
currentSize : 10 <-- 0.009524 s
currentSize : 11 <-- 0.009587 s
currentSize : 12 <-- 0.018614 s
currentSize : 13 <-- 0.114645 s
currentSize : 14 <-- 0.727143 s

maxsize : 14
nodes : 125898906.000000
filtered : 1539432243.000000
time : 503.909637
