Parameters: GAD=1 vflib=1 dir=0 label=0 lowerbound=1 fileNameGp=../graphsdb/mcs30/m3D/m3Dr2/mcs30_m3Dr2_s25.A07 fileNameGt=../graphsdb/mcs30/m3D/m3Dr2/mcs30_m3Dr2_s25.B07
Reading graphs...
25 :  53
25 :  51
Initializing...
maxdom : 25
D->valSize : 625
Solving...
currentSize : 12 <-- 0.008826 s
currentSize : 13 <-- 0.008867 s
currentSize : 14 <-- 0.009504 s
currentSize : 15 <-- 0.029556 s
currentSize : 16 <-- 0.119612 s
currentSize : 17 <-- 5.159492 s

maxsize : 17
nodes : 2067832.000000
filtered : 35585414.000000
time : 8.257806
