Parameters: GAD=1 vflib=1 dir=0 label=0 lowerbound=1 fileNameGp=../graphsdb/mcs30/bvg/b03m/mcs30_b03m_s25.A38 fileNameGt=../graphsdb/mcs30/bvg/b03m/mcs30_b03m_s25.B38
Reading graphs...
25 :  36
25 :  37
Initializing...
maxdom : 25
D->valSize : 625
Solving...
currentSize : 10 <-- 0.005553 s
currentSize : 11 <-- 0.005601 s
currentSize : 12 <-- 0.005934 s
currentSize : 13 <-- 0.007023 s
currentSize : 14 <-- 0.014450 s
currentSize : 15 <-- 0.601640 s
currentSize : 16 <-- 0.895222 s

maxsize : 16
nodes : 10591972.000000
filtered : 76851415.000000
time : 29.786385
