Parameters: GAD=1 vflib=1 dir=0 label=0 lowerbound=1 fileNameGp=../graphsdb/mcs30/m3D/m3Dr2/mcs30_m3Dr2_s25.A76 fileNameGt=../graphsdb/mcs30/m3D/m3Dr2/mcs30_m3Dr2_s25.B76
Reading graphs...
25 :  54
25 :  50
Initializing...
maxdom : 25
D->valSize : 625
Solving...
currentSize : 11 <-- 0.008722 s
currentSize : 12 <-- 0.008958 s
currentSize : 13 <-- 0.008979 s
currentSize : 14 <-- 0.011387 s
currentSize : 15 <-- 0.012773 s
currentSize : 16 <-- 0.079207 s
currentSize : 17 <-- 4.031197 s

maxsize : 17
nodes : 1543317.000000
filtered : 25490156.000000
time : 6.132645
