Parameters: GAD=1 vflib=1 dir=0 label=0 lowerbound=1 fileNameGp=../graphsdb/mcs30/bvg/b03m/mcs30_b03m_s35.A46 fileNameGt=../graphsdb/mcs30/bvg/b03m/mcs30_b03m_s35.B46
Reading graphs...
35 :  52
35 :  51
Initializing...
maxdom : 35
D->valSize : 1225
Solving...
currentSize : 13 <-- 0.036210 s
currentSize : 15 <-- 0.036272 s
currentSize : 16 <-- 0.036670 s
currentSize : 18 <-- 0.037772 s
currentSize : 19 <-- 0.037850 s
currentSize : 20 <-- 0.039011 s
currentSize : 21 <-- 0.103302 s
currentSize : 22 <-- 2.029942 s
currentSize : 23 <-- 2.118468 s
currentSize : 24 <-- 2.126865 s
currentSize : 25 <-- 10.542553 s
currentSize : 26 <-- 170.876953 s

maxsize : 26
nodes : 42696780.000000
filtered : 927921213.000000
time : 227.371521
