Parameters: GAD=1 vflib=1 dir=0 label=0 lowerbound=1 fileNameGp=../graphsdb/mcs30/rand/r01/mcs30_r01_s30.A20 fileNameGt=../graphsdb/mcs30/rand/r01/mcs30_r01_s30.B20
Reading graphs...
30 :  85
30 :  84
Initializing...
maxdom : 30
D->valSize : 900
Solving...
currentSize : 11 <-- 0.017819 s
currentSize : 12 <-- 0.017888 s
currentSize : 13 <-- 0.018246 s
currentSize : 14 <-- 0.018426 s
currentSize : 15 <-- 0.018437 s
currentSize : 16 <-- 0.032770 s
currentSize : 17 <-- 0.731993 s
currentSize : 18 <-- 2.368121 s

maxsize : 18
nodes : 37848631.000000
filtered : 837658502.000000
time : 180.831955
