Parameters: GAD=1 vflib=1 dir=0 label=0 lowerbound=1 fileNameGp=../graphsdb/mcs30/m2D/m2Dr6/mcs30_m2Dr6_s30.A92 fileNameGt=../graphsdb/mcs30/m2D/m2Dr6/mcs30_m2Dr6_s30.B92
Reading graphs...
30 :  62
30 :  61
Initializing...
maxdom : 30
D->valSize : 900
Solving...
currentSize : 14 <-- 0.010849 s
currentSize : 15 <-- 0.011230 s
currentSize : 16 <-- 0.011334 s
currentSize : 17 <-- 0.068045 s
currentSize : 18 <-- 0.107062 s
currentSize : 19 <-- 4.547317 s
currentSize : 20 <-- 147.626190 s

maxsize : 20
nodes : 37673797.000000
filtered : 710730982.000000
time : 172.685684
