Parameters: GAD=1 vflib=1 dir=0 label=0 lowerbound=1 fileNameGp=../graphsdb/mcs30/m3D/m3Dr4/mcs30_m3Dr4_s30.A61 fileNameGt=../graphsdb/mcs30/m3D/m3Dr4/mcs30_m3Dr4_s30.B61
Reading graphs...
30 :  72
30 :  71
Initializing...
maxdom : 30
D->valSize : 900
Solving...
currentSize : 13 <-- 0.010522 s
currentSize : 14 <-- 0.010544 s
currentSize : 15 <-- 0.010550 s
currentSize : 16 <-- 0.011808 s
currentSize : 17 <-- 0.015694 s
currentSize : 18 <-- 0.154744 s
currentSize : 19 <-- 9.851013 s

maxsize : 19
nodes : 26248163.000000
filtered : 611205790.000000
time : 128.783051
