Parameters: GAD=1 vflib=1 dir=0 label=0 lowerbound=1 fileNameGp=../graphsdb/mcs30/m3D/m3Dr4/mcs30_m3Dr4_s30.A84 fileNameGt=../graphsdb/mcs30/m3D/m3Dr4/mcs30_m3Dr4_s30.B84
Reading graphs...
30 :  70
30 :  72
Initializing...
maxdom : 30
D->valSize : 900
Solving...
currentSize : 13 <-- 0.018229 s
currentSize : 14 <-- 0.018984 s
currentSize : 15 <-- 0.020414 s
currentSize : 16 <-- 0.026343 s
currentSize : 17 <-- 0.139462 s
currentSize : 18 <-- 1.249523 s
currentSize : 19 <-- 18.612446 s

maxsize : 19
nodes : 26110917.000000
filtered : 577151082.000000
time : 126.950096
