Parameters: GAD=1 vflib=1 dir=0 label=0 lowerbound=1 fileNameGp=../graphsdb/mcs30/bvg/b03/mcs30_b03_s25.A56 fileNameGt=../graphsdb/mcs30/bvg/b03/mcs30_b03_s25.B56
Reading graphs...
25 :  35
25 :  37
Initializing...
maxdom : 25
D->valSize : 625
Solving...
currentSize : 11 <-- 0.005399 s
currentSize : 12 <-- 0.005483 s
currentSize : 13 <-- 0.005512 s
currentSize : 14 <-- 0.007631 s
currentSize : 15 <-- 0.013647 s
currentSize : 16 <-- 0.019775 s
currentSize : 17 <-- 0.069178 s
currentSize : 18 <-- 1.433258 s

maxsize : 18
nodes : 978045.000000
filtered : 13435197.000000
time : 3.611685
