Parameters: GAD=1 vflib=1 dir=0 label=0 lowerbound=1 fileNameGp=../graphsdb/mcs30/bvg/b06m/mcs30_b06m_s25.A85 fileNameGt=../graphsdb/mcs30/bvg/b06m/mcs30_b06m_s25.B85
Reading graphs...
25 :  68
25 :  71
Initializing...
maxdom : 25
D->valSize : 625
Solving...
currentSize : 11 <-- 0.008305 s
currentSize : 12 <-- 0.008570 s
currentSize : 13 <-- 0.010189 s
currentSize : 14 <-- 0.011161 s
currentSize : 15 <-- 0.498487 s
currentSize : 16 <-- 3.142745 s

maxsize : 16
nodes : 1278568.000000
filtered : 27203670.000000
time : 5.853998
