Parameters: GAD=1 vflib=1 dir=0 label=0 lowerbound=1 fileNameGp=../graphsdb/mcs50/bvg/b09/mcs50_b09_s35.A54 fileNameGt=../graphsdb/mcs50/bvg/b09/mcs50_b09_s35.B54
Reading graphs...
35 :  155
35 :  152
Initializing...
maxdom : 35
D->valSize : 1225
Solving...
currentSize : 11 <-- 0.018567 s
currentSize : 12 <-- 0.018604 s
currentSize : 13 <-- 0.018655 s
currentSize : 14 <-- 0.025129 s
currentSize : 15 <-- 0.036412 s
currentSize : 16 <-- 0.192232 s
currentSize : 17 <-- 3.867275 s
currentSize : 18 <-- 7.897160 s
currentSize : 19 <-- 58.939217 s

maxsize : 19
nodes : 192825350.000000
filtered : 5061313294.000000
time : 1069.411499
