Parameters: GAD=1 vflib=1 dir=0 label=0 lowerbound=1 fileNameGp=../graphsdb/mcs50/bvg/b03/mcs50_b03_s25.A60 fileNameGt=../graphsdb/mcs50/bvg/b03/mcs50_b03_s25.B60
Reading graphs...
25 :  37
25 :  37
Initializing...
maxdom : 25
D->valSize : 625
Solving...
currentSize : 11 <-- 0.005304 s
currentSize : 13 <-- 0.005324 s
currentSize : 14 <-- 0.006272 s
currentSize : 15 <-- 0.012832 s
currentSize : 16 <-- 0.095126 s
currentSize : 17 <-- 0.478739 s
currentSize : 18 <-- 2.066210 s

maxsize : 18
nodes : 1169984.000000
filtered : 17817407.000000
time : 4.652809
