Parameters: GAD=1 vflib=1 dir=0 label=0 lowerbound=1 fileNameGp=../graphsdb/mcs50/bvg/b03m/mcs50_b03m_s20.A20 fileNameGt=../graphsdb/mcs50/bvg/b03m/mcs50_b03m_s20.B20
Reading graphs...
20 :  30
20 :  28
Initializing...
maxdom : 20
D->valSize : 400
Solving...
currentSize : 9 <-- 0.002223 s
currentSize : 10 <-- 0.003568 s
currentSize : 11 <-- 0.003831 s
currentSize : 12 <-- 0.005213 s
currentSize : 13 <-- 0.008399 s
currentSize : 14 <-- 0.156772 s
currentSize : 15 <-- 0.176998 s

maxsize : 15
nodes : 89332.000000
filtered : 871622.000000
time : 0.253144
