Parameters: GAD=1 vflib=1 dir=0 label=0 lowerbound=1 fileNameGp=../graphsdb/mcs50/bvg/b06m/mcs50_b06m_s15.A32 fileNameGt=../graphsdb/mcs50/bvg/b06m/mcs50_b06m_s15.B32
Reading graphs...
15 :  39
15 :  38
Initializing...
maxdom : 15
D->valSize : 225
Solving...
currentSize : 5 <-- 0.000860 s
currentSize : 6 <-- 0.000873 s
currentSize : 7 <-- 0.000981 s
currentSize : 8 <-- 0.001053 s
currentSize : 9 <-- 0.002031 s
currentSize : 10 <-- 0.003212 s

maxsize : 10
nodes : 7009.000000
filtered : 90473.000000
time : 0.020906
