Parameters: GAD=1 vflib=1 dir=0 label=0 lowerbound=1 fileNameGp=../graphsdb/mcs50/m4D/m4Dr2/mcs50_m4Dr2_s35.A06 fileNameGt=../graphsdb/mcs50/m4D/m4Dr2/mcs50_m4Dr2_s35.B06
Reading graphs...
35 :  70
35 :  68
Initializing...
maxdom : 35
D->valSize : 1225
Solving...
currentSize : 12 <-- 0.020982 s
currentSize : 13 <-- 0.021007 s
currentSize : 15 <-- 0.021070 s
currentSize : 16 <-- 0.021095 s
currentSize : 17 <-- 0.042824 s
currentSize : 18 <-- 0.392831 s
currentSize : 19 <-- 0.462072 s
currentSize : 20 <-- 0.500999 s
currentSize : 21 <-- 14.959806 s
currentSize : 22 <-- 31.633266 s
currentSize : 23 <-- 33.137642 s
currentSize : 24 <-- 230.748627 s

maxsize : 24
nodes : 76506455.000000
filtered : 1853173857.000000
time : 413.817169
