Parameters: GAD=1 vflib=1 dir=0 label=0 lowerbound=1 fileNameGp=../graphsdb/mcs50/bvg/b06/mcs50_b06_s35.A33 fileNameGt=../graphsdb/mcs50/bvg/b06/mcs50_b06_s35.B33
Reading graphs...
35 :  104
35 :  105
Initializing...
maxdom : 35
D->valSize : 1225
Solving...
currentSize : 14 <-- 0.033614 s
currentSize : 15 <-- 0.033909 s
currentSize : 16 <-- 0.034092 s
currentSize : 17 <-- 0.214762 s
currentSize : 18 <-- 0.258654 s
currentSize : 19 <-- 1.550921 s
currentSize : 20 <-- 26.133007 s
currentSize : 21 <-- 27.990328 s
currentSize : 22 <-- 252.009033 s

maxsize : 22
nodes : 106450612.000000
filtered : 3446943027.000000
time : 642.106384
