Parameters: GAD=1 vflib=1 dir=0 label=0 lowerbound=1 fileNameGp=../graphsdb/mcs50/m2D/m2Dr6/mcs50_m2Dr6_s30.A71 fileNameGt=../graphsdb/mcs50/m2D/m2Dr6/mcs50_m2Dr6_s30.B71
Reading graphs...
30 :  66
30 :  64
Initializing...
maxdom : 30
D->valSize : 900
Solving...
currentSize : 10 <-- 0.010529 s
currentSize : 13 <-- 0.010557 s
currentSize : 14 <-- 0.010582 s
currentSize : 15 <-- 0.010726 s
currentSize : 16 <-- 0.015508 s
currentSize : 17 <-- 0.056936 s
currentSize : 18 <-- 0.266815 s
currentSize : 19 <-- 2.924857 s
currentSize : 20 <-- 3.489635 s
currentSize : 21 <-- 6.892391 s

maxsize : 21
nodes : 5438951.000000
filtered : 149935662.000000
time : 29.358704
