Parameters: GAD=1 vflib=1 dir=0 label=0 lowerbound=1 fileNameGp=../graphsdb/mcs50/bvg/b09/mcs50_b09_s35.A77 fileNameGt=../graphsdb/mcs50/bvg/b09/mcs50_b09_s35.B77
Reading graphs...
35 :  153
35 :  150
Initializing...
maxdom : 35
D->valSize : 1225
Solving...
currentSize : 13 <-- 0.030953 s
currentSize : 15 <-- 0.060588 s
currentSize : 16 <-- 0.124861 s
currentSize : 17 <-- 0.127805 s
currentSize : 18 <-- 11.537804 s
currentSize : 19 <-- 947.575562 s

maxsize : 19
nodes : 323262131.000000
filtered : 7207392310.000000
time : 1681.425049
