Parameters: GAD=1 vflib=1 dir=0 label=0 lowerbound=1 fileNameGp=../graphsdb/mcs50/bvg/b06/mcs50_b06_s30.A19 fileNameGt=../graphsdb/mcs50/bvg/b06/mcs50_b06_s30.B19
Reading graphs...
30 :  87
30 :  88
Initializing...
maxdom : 30
D->valSize : 900
Solving...
currentSize : 12 <-- 0.015608 s
currentSize : 13 <-- 0.016361 s
currentSize : 14 <-- 0.022729 s
currentSize : 15 <-- 0.036949 s
currentSize : 16 <-- 0.072069 s
currentSize : 17 <-- 0.369886 s
currentSize : 18 <-- 8.060012 s
currentSize : 19 <-- 20.731564 s

maxsize : 19
nodes : 12383739.000000
filtered : 325147945.000000
time : 65.223793
