Parameters: GAD=1 vflib=1 dir=0 label=0 lowerbound=1 fileNameGp=../graphsdb/mcs50/m2D/m2D/mcs50_m2D_s30.A38 fileNameGt=../graphsdb/mcs50/m2D/m2D/mcs50_m2D_s30.B38
Reading graphs...
30 :  49
30 :  49
Initializing...
maxdom : 30
D->valSize : 900
Solving...
currentSize : 11 <-- 0.011130 s
currentSize : 13 <-- 0.011155 s
currentSize : 15 <-- 0.011802 s
currentSize : 16 <-- 0.011820 s
currentSize : 17 <-- 0.226467 s
currentSize : 18 <-- 0.260468 s
currentSize : 19 <-- 3.588189 s
currentSize : 20 <-- 5.716565 s
currentSize : 21 <-- 9.021467 s

maxsize : 21
nodes : 12738780.000000
filtered : 249644514.000000
time : 59.085449
