Parameters: GAD=1 vflib=1 dir=0 label=0 lowerbound=1 fileNameGp=../graphsdb/mcs50/m2D/m2D/mcs50_m2D_s30.A59 fileNameGt=../graphsdb/mcs50/m2D/m2D/mcs50_m2D_s30.B59
Reading graphs...
30 :  47
30 :  49
Initializing...
maxdom : 30
D->valSize : 900
Solving...
currentSize : 15 <-- 0.019376 s
currentSize : 16 <-- 0.020425 s
currentSize : 17 <-- 0.040870 s
currentSize : 18 <-- 0.053993 s
currentSize : 19 <-- 0.116471 s
currentSize : 20 <-- 0.247861 s
currentSize : 21 <-- 2.104284 s
currentSize : 22 <-- 21.677740 s

maxsize : 22
nodes : 6641962.000000
filtered : 136340880.000000
time : 31.303509
