Parameters: GAD=1 vflib=1 dir=0 label=0 lowerbound=1 fileNameGp=../graphsdb/mcs50/bvg/b09/mcs50_b09_s30.A19 fileNameGt=../graphsdb/mcs50/bvg/b09/mcs50_b09_s30.B19
Reading graphs...
30 :  129
30 :  130
Initializing...
maxdom : 30
D->valSize : 900
Solving...
currentSize : 9 <-- 0.016509 s
currentSize : 10 <-- 0.016580 s
currentSize : 12 <-- 0.016774 s
currentSize : 13 <-- 0.020835 s
currentSize : 14 <-- 0.038062 s
currentSize : 15 <-- 0.045269 s
currentSize : 16 <-- 0.530484 s
currentSize : 17 <-- 7.244320 s

maxsize : 17
nodes : 13213114.000000
filtered : 297556538.000000
time : 64.106613
