Parameters: GAD=1 vflib=1 dir=0 label=0 lowerbound=1 fileNameGp=../graphsdb/mcs50/rand/r005/mcs50_r005_s20.A73 fileNameGt=../graphsdb/mcs50/rand/r005/mcs50_r005_s20.B73
Reading graphs...
20 :  24
20 :  24
Initializing...
maxdom : 20
D->valSize : 400
Solving...
currentSize : 10 <-- 0.002277 s
currentSize : 12 <-- 0.002465 s
currentSize : 13 <-- 0.002482 s
currentSize : 14 <-- 0.013136 s
currentSize : 15 <-- 0.087373 s
currentSize : 16 <-- 0.124244 s

maxsize : 16
nodes : 48334.000000
filtered : 419955.000000
time : 0.135795
