Parameters: GAD=1 vflib=1 dir=0 label=0 lowerbound=1 fileNameGp=../graphsdb/mcs50/m2D/m2Dr6/mcs50_m2Dr6_s30.A62 fileNameGt=../graphsdb/mcs50/m2D/m2Dr6/mcs50_m2Dr6_s30.B62
Reading graphs...
30 :  67
30 :  64
Initializing...
maxdom : 30
D->valSize : 900
Solving...
currentSize : 11 <-- 0.018298 s
currentSize : 13 <-- 0.018367 s
currentSize : 14 <-- 0.018423 s
currentSize : 15 <-- 0.018882 s
currentSize : 16 <-- 0.021275 s
currentSize : 17 <-- 0.038778 s
currentSize : 19 <-- 0.256252 s

maxsize : 19
nodes : 24501825.000000
filtered : 523188186.000000
time : 114.641701
