Parameters: GAD=1 vflib=1 dir=0 label=0 lowerbound=1 fileNameGp=../graphsdb/mcs50/m4D/m4D/mcs50_m4D_s30.A82 fileNameGt=../graphsdb/mcs50/m4D/m4D/mcs50_m4D_s30.B82
Reading graphs...
30 :  54
30 :  54
Initializing...
maxdom : 30
D->valSize : 900
Solving...
currentSize : 9 <-- 0.019007 s
currentSize : 10 <-- 0.019078 s
currentSize : 14 <-- 0.019221 s
currentSize : 16 <-- 0.020196 s
currentSize : 17 <-- 0.020221 s
currentSize : 18 <-- 0.049509 s
currentSize : 19 <-- 0.433105 s
currentSize : 20 <-- 1.452090 s
currentSize : 21 <-- 9.285486 s

maxsize : 21
nodes : 5714956.000000
filtered : 122217837.000000
time : 27.595352
