Parameters: GAD=1 vflib=1 dir=0 label=0 lowerbound=1 fileNameGp=../graphsdb/mcs50/rand/r02/mcs50_r02_s30.A64 fileNameGt=../graphsdb/mcs50/rand/r02/mcs50_r02_s30.B64
Reading graphs...
30 :  153
30 :  160
Initializing...
maxdom : 30
D->valSize : 900
Solving...
currentSize : 10 <-- 0.015929 s
currentSize : 11 <-- 0.016348 s
currentSize : 12 <-- 0.018096 s
currentSize : 13 <-- 0.083911 s
currentSize : 14 <-- 1.280591 s
currentSize : 15 <-- 106.119835 s

maxsize : 15
nodes : 72888857.000000
filtered : 1051391537.000000
time : 309.237274
