Parameters: GAD=1 vflib=1 dir=0 label=0 lowerbound=1 fileNameGp=../graphsdb/mcs50/bvg/b06m/mcs50_b06m_s30.A33 fileNameGt=../graphsdb/mcs50/bvg/b06m/mcs50_b06m_s30.B33
Reading graphs...
30 :  86
30 :  86
Initializing...
maxdom : 30
D->valSize : 900
Solving...
currentSize : 13 <-- 0.017915 s
currentSize : 14 <-- 0.018171 s
currentSize : 15 <-- 0.018344 s
currentSize : 16 <-- 0.023062 s
currentSize : 17 <-- 0.038357 s
currentSize : 18 <-- 0.944604 s

maxsize : 18
nodes : 34372279.000000
filtered : 770950223.000000
time : 167.581314
