Parameters: GAD=1 vflib=1 dir=0 label=0 lowerbound=1 fileNameGp=../graphsdb/mcs50/m4D/m4D/mcs50_m4D_s35.A08 fileNameGt=../graphsdb/mcs50/m4D/m4D/mcs50_m4D_s35.B08
Reading graphs...
35 :  62
35 :  63
Initializing...
maxdom : 35
D->valSize : 1225
Solving...
currentSize : 14 <-- 0.020839 s
currentSize : 15 <-- 0.020867 s
currentSize : 16 <-- 0.021412 s
currentSize : 17 <-- 0.021424 s
currentSize : 18 <-- 0.022138 s
currentSize : 19 <-- 0.041529 s
currentSize : 20 <-- 0.041770 s
currentSize : 21 <-- 0.102881 s
currentSize : 22 <-- 0.371340 s
currentSize : 23 <-- 0.383581 s
currentSize : 24 <-- 0.425273 s
currentSize : 25 <-- 0.814528 s

maxsize : 25
nodes : 27063386.000000
filtered : 753894684.000000
time : 162.699295
