Parameters: GAD=1 vflib=1 dir=0 label=0 lowerbound=1 fileNameGp=../graphsdb/mcs50/bvg/b09/mcs50_b09_s35.A94 fileNameGt=../graphsdb/mcs50/bvg/b09/mcs50_b09_s35.B94
Reading graphs...
35 :  152
35 :  148
Initializing...
maxdom : 35
D->valSize : 1225
Solving...
currentSize : 11 <-- 0.020223 s
currentSize : 13 <-- 0.020341 s
currentSize : 14 <-- 0.021645 s
currentSize : 15 <-- 0.025774 s
currentSize : 16 <-- 0.214285 s
currentSize : 17 <-- 1.846893 s
currentSize : 18 <-- 2.727219 s
currentSize : 19 <-- 68.330559 s

maxsize : 19
nodes : 216557449.000000
filtered : 5536760037.000000
time : 1186.153320
