Parameters: GAD=1 vflib=1 dir=0 label=0 lowerbound=1 fileNameGp=../graphsdb/mcs50/bvg/b03/mcs50_b03_s25.A47 fileNameGt=../graphsdb/mcs50/bvg/b03/mcs50_b03_s25.B47
Reading graphs...
25 :  37
25 :  37
Initializing...
maxdom : 25
D->valSize : 625
Solving...
currentSize : 12 <-- 0.005311 s
currentSize : 13 <-- 0.005447 s
currentSize : 15 <-- 0.012528 s
currentSize : 16 <-- 0.170645 s
currentSize : 17 <-- 0.684855 s
currentSize : 18 <-- 1.354359 s

maxsize : 18
nodes : 1189696.000000
filtered : 18256225.000000
time : 4.587384
