Parameters: GAD=1 vflib=1 dir=0 label=0 lowerbound=1 fileNameGp=../graphsdb/mcs50/m2D/m2D/mcs50_m2D_s30.A44 fileNameGt=../graphsdb/mcs50/m2D/m2D/mcs50_m2D_s30.B44
Reading graphs...
30 :  49
30 :  49
Initializing...
maxdom : 30
D->valSize : 900
Solving...
currentSize : 11 <-- 0.010979 s
currentSize : 16 <-- 0.011013 s
currentSize : 18 <-- 0.011241 s
currentSize : 19 <-- 0.272049 s
currentSize : 20 <-- 0.290055 s
currentSize : 21 <-- 0.755805 s
currentSize : 22 <-- 62.606712 s

maxsize : 22
nodes : 13849767.000000
filtered : 285148741.000000
time : 65.358772
