Parameters: GAD=1 vflib=1 dir=0 label=0 lowerbound=1 fileNameGp=../graphsdb/mcs50/bvg/b06m/mcs50_b06m_s35.A09 fileNameGt=../graphsdb/mcs50/bvg/b06m/mcs50_b06m_s35.B09
Reading graphs...
35 :  101
35 :  98
Initializing...
maxdom : 35
D->valSize : 1225
Solving...
currentSize : 16 <-- 0.033685 s
currentSize : 17 <-- 0.036526 s
currentSize : 18 <-- 1.903149 s
currentSize : 19 <-- 9.454361 s
currentSize : 20 <-- 11.685283 s
currentSize : 21 <-- 211.067627 s

maxsize : 21
nodes : 328862870.000000
filtered : 9208099207.000000
time : 1866.394531
