Parameters: GAD=1 vflib=1 dir=0 label=0 lowerbound=1 fileNameGp=../graphsdb/mcs50/m4D/m4Dr4/mcs50_m4Dr4_s30.A42 fileNameGt=../graphsdb/mcs50/m4D/m4Dr4/mcs50_m4Dr4_s30.B42
Reading graphs...
30 :  67
30 :  66
Initializing...
maxdom : 30
D->valSize : 900
Solving...
currentSize : 13 <-- 0.011617 s
currentSize : 14 <-- 0.011689 s
currentSize : 15 <-- 0.013404 s
currentSize : 16 <-- 0.066594 s
currentSize : 17 <-- 0.312872 s
currentSize : 18 <-- 0.700315 s
currentSize : 19 <-- 3.934576 s
currentSize : 20 <-- 26.761509 s
currentSize : 21 <-- 31.965591 s

maxsize : 21
nodes : 10993764.000000
filtered : 232099140.000000
time : 52.203632
