Parameters: GAD=1 vflib=1 dir=0 label=0 lowerbound=1 fileNameGp=../graphsdb/mcs50/bvg/b06/mcs50_b06_s25.A19 fileNameGt=../graphsdb/mcs50/bvg/b06/mcs50_b06_s25.B19
Reading graphs...
25 :  72
25 :  73
Initializing...
maxdom : 25
D->valSize : 625
Solving...
currentSize : 10 <-- 0.008259 s
currentSize : 11 <-- 0.008294 s
currentSize : 12 <-- 0.009198 s
currentSize : 13 <-- 0.014052 s
currentSize : 14 <-- 0.080924 s
currentSize : 15 <-- 1.202401 s
currentSize : 16 <-- 1.507240 s

maxsize : 16
nodes : 1180363.000000
filtered : 23013563.000000
time : 5.097897
