Parameters: GAD=1 vflib=1 dir=0 label=0 lowerbound=1 fileNameGp=../graphsdb/mcs50/bvg/b09/mcs50_b09_s30.A59 fileNameGt=../graphsdb/mcs50/bvg/b09/mcs50_b09_s30.B59
Reading graphs...
30 :  129
30 :  131
Initializing...
maxdom : 30
D->valSize : 900
Solving...
currentSize : 11 <-- 0.009516 s
currentSize : 12 <-- 0.009552 s
currentSize : 13 <-- 0.009673 s
currentSize : 14 <-- 0.009773 s
currentSize : 15 <-- 0.099210 s
currentSize : 16 <-- 2.018262 s
currentSize : 17 <-- 8.599230 s
currentSize : 18 <-- 27.976744 s

maxsize : 18
nodes : 8465309.000000
filtered : 187222332.000000
time : 41.399666
