Parameters: GAD=1 vflib=1 dir=0 label=0 lowerbound=1 fileNameGp=../graphsdb/mcs50/bvg/b03m/mcs50_b03m_s35.A65 fileNameGt=../graphsdb/mcs50/bvg/b03m/mcs50_b03m_s35.B65
Reading graphs...
35 :  52
35 :  52
Initializing...
maxdom : 35
D->valSize : 1225
Solving...
currentSize : 11 <-- 0.036403 s
currentSize : 15 <-- 0.036459 s
currentSize : 16 <-- 0.070191 s
currentSize : 20 <-- 0.090864 s
currentSize : 21 <-- 0.148921 s
currentSize : 22 <-- 0.646549 s
currentSize : 23 <-- 0.790440 s
currentSize : 24 <-- 47.642609 s
currentSize : 25 <-- 68.018639 s
currentSize : 26 <-- 90.236710 s

maxsize : 26
nodes : 38660057.000000
filtered : 869763862.000000
time : 212.310013
