Parameters: GAD=1 vflib=1 dir=0 label=0 lowerbound=1 fileNameGp=../graphsdb/mcs50/rand/r005/mcs50_r005_s35.A19 fileNameGt=../graphsdb/mcs50/rand/r005/mcs50_r005_s35.B19
Reading graphs...
35 :  61
35 :  62
Initializing...
maxdom : 35
D->valSize : 1225
Solving...
currentSize : 14 <-- 0.035933 s
currentSize : 15 <-- 0.035978 s
currentSize : 16 <-- 0.042304 s
currentSize : 17 <-- 0.053567 s
currentSize : 18 <-- 0.152906 s
currentSize : 19 <-- 0.179372 s
currentSize : 20 <-- 3.118409 s
currentSize : 21 <-- 5.029496 s
currentSize : 22 <-- 8.757435 s
currentSize : 23 <-- 14.876393 s
currentSize : 24 <-- 85.098892 s

maxsize : 24
nodes : 192037920.000000
filtered : 4801614449.000000
time : 1088.458618
