Parameters: GAD=1 vflib=1 dir=0 label=0 lowerbound=1 fileNameGp=../graphsdb/mcs50/m4D/m4D/mcs50_m4D_s35.A12 fileNameGt=../graphsdb/mcs50/m4D/m4D/mcs50_m4D_s35.B12
Reading graphs...
35 :  63
35 :  61
Initializing...
maxdom : 35
D->valSize : 1225
Solving...
currentSize : 10 <-- 0.035164 s
currentSize : 13 <-- 0.035644 s
currentSize : 15 <-- 0.035674 s
currentSize : 16 <-- 0.036013 s
currentSize : 17 <-- 0.037547 s
currentSize : 18 <-- 0.141119 s
currentSize : 19 <-- 0.141495 s
currentSize : 20 <-- 0.147449 s
currentSize : 21 <-- 5.529035 s
currentSize : 22 <-- 7.620845 s
currentSize : 23 <-- 7.881650 s
currentSize : 24 <-- 10.303737 s
currentSize : 25 <-- 18.964264 s

maxsize : 25
nodes : 14726364.000000
filtered : 366737771.000000
time : 84.495705
