Parameters: GAD=1 vflib=1 dir=0 label=0 lowerbound=1 fileNameGp=../graphsdb/mcs50/m4D/m4Dr2/mcs50_m4Dr2_s35.A49 fileNameGt=../graphsdb/mcs50/m4D/m4Dr2/mcs50_m4Dr2_s35.B49
Reading graphs...
35 :  70
35 :  68
Initializing...
maxdom : 35
D->valSize : 1225
Solving...
currentSize : 17 <-- 0.020354 s
currentSize : 18 <-- 0.023719 s
currentSize : 19 <-- 0.023761 s
currentSize : 20 <-- 0.648070 s
currentSize : 21 <-- 1.505805 s
currentSize : 22 <-- 15.541416 s
currentSize : 23 <-- 16.151953 s

maxsize : 23
nodes : 255962214.000000
filtered : 5898671534.000000
time : 1352.352417
