Parameters: GAD=1 vflib=1 dir=0 label=0 lowerbound=1 fileNameGp=../graphsdb/mcs50/bvg/b06/mcs50_b06_s35.A99 fileNameGt=../graphsdb/mcs50/bvg/b06/mcs50_b06_s35.B99
Reading graphs...
35 :  104
35 :  105
Initializing...
maxdom : 35
D->valSize : 1225
Solving...
currentSize : 15 <-- 0.033048 s
currentSize : 16 <-- 0.034018 s
currentSize : 17 <-- 0.045304 s
currentSize : 18 <-- 3.044473 s
currentSize : 19 <-- 8.138677 s
currentSize : 20 <-- 100.295532 s
currentSize : 21 <-- 124.765900 s

maxsize : 21
nodes : 250220299.000000
filtered : 7310344593.000000
time : 1461.669067
