Parameters: GAD=1 vflib=1 dir=0 label=0 lowerbound=1 fileNameGp=../graphsdb/mcs50/rand/r01/mcs50_r01_s25.A59 fileNameGt=../graphsdb/mcs50/rand/r01/mcs50_r01_s25.B59
Reading graphs...
25 :  56
25 :  57
Initializing...
maxdom : 25
D->valSize : 625
Solving...
currentSize : 10 <-- 0.004989 s
currentSize : 11 <-- 0.005113 s
currentSize : 13 <-- 0.005430 s
currentSize : 14 <-- 0.005710 s
currentSize : 15 <-- 0.020289 s
currentSize : 16 <-- 0.328443 s
currentSize : 17 <-- 1.484108 s

maxsize : 17
nodes : 855367.000000
filtered : 17467574.000000
time : 3.817848
