Parameters: GAD=1 vflib=1 dir=0 label=0 lowerbound=1 fileNameGp=../graphsdb/mcs50/bvg/b09m/mcs50_b09m_s25.A77 fileNameGt=../graphsdb/mcs50/bvg/b09m/mcs50_b09m_s25.B77
Reading graphs...
25 :  103
25 :  103
Initializing...
maxdom : 25
D->valSize : 625
Solving...
currentSize : 9 <-- 0.004504 s
currentSize : 10 <-- 0.004633 s
currentSize : 11 <-- 0.004641 s
currentSize : 12 <-- 0.011628 s
currentSize : 13 <-- 0.158468 s
currentSize : 14 <-- 0.801541 s

maxsize : 14
nodes : 1893337.000000
filtered : 34586857.000000
time : 7.808477
