Parameters: GAD=1 vflib=1 dir=0 label=0 lowerbound=1 fileNameGp=../graphsdb/mcs50/m4D/m4Dr6/mcs50_m4Dr6_s35.A29 fileNameGt=../graphsdb/mcs50/m4D/m4Dr6/mcs50_m4Dr6_s35.B29
Reading graphs...
35 :  84
35 :  83
Initializing...
maxdom : 35
D->valSize : 1225
Solving...
currentSize : 15 <-- 0.019806 s
currentSize : 16 <-- 0.019956 s
currentSize : 17 <-- 0.020361 s
currentSize : 18 <-- 0.020724 s
currentSize : 19 <-- 0.024072 s
currentSize : 20 <-- 0.122251 s
currentSize : 21 <-- 0.407854 s
currentSize : 22 <-- 127.027634 s

maxsize : 22
nodes : 273647991.000000
filtered : 6928654364.000000
time : 1496.485596
