Parameters: GAD=1 vflib=1 dir=0 label=0 lowerbound=1 fileNameGp=../graphsdb/mcs50/bvg/b03/mcs50_b03_s35.A12 fileNameGt=../graphsdb/mcs50/bvg/b03/mcs50_b03_s35.B12
Reading graphs...
35 :  52
35 :  52
Initializing...
maxdom : 35
D->valSize : 1225
Solving...
currentSize : 17 <-- 0.021924 s
currentSize : 18 <-- 0.024584 s
currentSize : 19 <-- 0.038539 s
currentSize : 20 <-- 0.072647 s
currentSize : 21 <-- 0.825384 s
currentSize : 22 <-- 4.042096 s
currentSize : 23 <-- 11.060044 s
currentSize : 24 <-- 217.875412 s
currentSize : 25 <-- 229.028107 s
currentSize : 26 <-- 229.029678 s

maxsize : 26
nodes : 80955397.000000
filtered : 1541122503.000000
time : 397.933350
