Parameters: GAD=1 vflib=1 dir=0 label=0 lowerbound=1 fileNameGp=../graphsdb/mcs50/rand/r005/mcs50_r005_s30.A73 fileNameGt=../graphsdb/mcs50/rand/r005/mcs50_r005_s30.B73
Reading graphs...
30 :  46
30 :  47
Initializing...
maxdom : 30
D->valSize : 900
Solving...
currentSize : 15 <-- 0.011105 s
currentSize : 16 <-- 0.013311 s
currentSize : 17 <-- 0.013323 s
currentSize : 18 <-- 0.033556 s
currentSize : 19 <-- 0.575461 s
currentSize : 20 <-- 3.183622 s
currentSize : 21 <-- 10.395092 s

maxsize : 21
nodes : 20732926.000000
filtered : 380397710.000000
time : 92.828438
