Parameters: GAD=1 vflib=1 dir=0 label=0 lowerbound=1 fileNameGp=../graphsdb/mcs50/bvg/b06m/mcs50_b06m_s25.A47 fileNameGt=../graphsdb/mcs50/bvg/b06m/mcs50_b06m_s25.B47
Reading graphs...
25 :  72
25 :  72
Initializing...
maxdom : 25
D->valSize : 625
Solving...
currentSize : 7 <-- 0.005020 s
currentSize : 10 <-- 0.005047 s
currentSize : 11 <-- 0.005650 s
currentSize : 12 <-- 0.005662 s
currentSize : 13 <-- 0.028622 s
currentSize : 14 <-- 0.031527 s
currentSize : 15 <-- 6.409543 s

maxsize : 15
nodes : 2892285.000000
filtered : 45337661.000000
time : 11.343972
