Parameters: GAD=1 vflib=1 dir=0 label=0 lowerbound=1 fileNameGp=../graphsdb/mcs50/bvg/b03m/mcs50_b03m_s35.A16 fileNameGt=../graphsdb/mcs50/bvg/b03m/mcs50_b03m_s35.B16
Reading graphs...
35 :  51
35 :  52
Initializing...
maxdom : 35
D->valSize : 1225
Solving...
currentSize : 21 <-- 0.021092 s
currentSize : 22 <-- 0.369500 s
currentSize : 23 <-- 8.578763 s
currentSize : 24 <-- 18.739880 s
currentSize : 25 <-- 106.887245 s
currentSize : 26 <-- 277.215729 s

maxsize : 26
nodes : 71052307.000000
filtered : 1477955098.000000
time : 367.752197
