Parameters: GAD=1 vflib=1 dir=0 label=0 lowerbound=1 fileNameGp=../graphsdb/mcs50/bvg/b03m/mcs50_b03m_s20.A67 fileNameGt=../graphsdb/mcs50/bvg/b03m/mcs50_b03m_s20.B67
Reading graphs...
20 :  30
20 :  30
Initializing...
maxdom : 20
D->valSize : 400
Solving...
currentSize : 8 <-- 0.002243 s
currentSize : 10 <-- 0.002313 s
currentSize : 11 <-- 0.003337 s
currentSize : 12 <-- 0.013462 s
currentSize : 13 <-- 0.013474 s
currentSize : 14 <-- 0.036874 s
currentSize : 15 <-- 0.096398 s

maxsize : 15
nodes : 38432.000000
filtered : 527028.000000
time : 0.131472
