Parameters: GAD=1 vflib=1 dir=0 label=0 lowerbound=1 fileNameGp=../graphsdb/mcs50/m4D/m4Dr2/mcs50_m4Dr2_s35.A18 fileNameGt=../graphsdb/mcs50/m4D/m4Dr2/mcs50_m4Dr2_s35.B18
Reading graphs...
35 :  70
35 :  68
Initializing...
maxdom : 35
D->valSize : 1225
Solving...
currentSize : 11 <-- 0.035609 s
currentSize : 13 <-- 0.035645 s
currentSize : 14 <-- 0.035759 s
currentSize : 15 <-- 0.037210 s
currentSize : 17 <-- 0.045601 s
currentSize : 18 <-- 0.101177 s
currentSize : 19 <-- 3.133443 s
currentSize : 20 <-- 3.139792 s
currentSize : 21 <-- 132.626907 s
currentSize : 23 <-- 133.383011 s
currentSize : 24 <-- 283.270813 s

maxsize : 24
nodes : 117164678.000000
filtered : 2791920072.000000
time : 617.789551
