Parameters: GAD=1 vflib=1 dir=0 label=0 lowerbound=1 fileNameGp=../graphsdb/mcs50/bvg/b09m/mcs50_b09m_s25.A28 fileNameGt=../graphsdb/mcs50/bvg/b09m/mcs50_b09m_s25.B28
Reading graphs...
25 :  104
25 :  104
Initializing...
maxdom : 25
D->valSize : 625
Solving...
currentSize : 9 <-- 0.007727 s
currentSize : 10 <-- 0.007807 s
currentSize : 11 <-- 0.007926 s
currentSize : 12 <-- 0.018996 s
currentSize : 13 <-- 0.599885 s
currentSize : 14 <-- 2.927744 s

maxsize : 14
nodes : 2906180.000000
filtered : 43408042.000000
time : 11.641686
