Parameters: GAD=1 vflib=1 dir=0 label=0 lowerbound=1 fileNameGp=../graphsdb/mcs50/bvg/b03m/mcs50_b03m_s35.A17 fileNameGt=../graphsdb/mcs50/bvg/b03m/mcs50_b03m_s35.B17
Reading graphs...
35 :  51
35 :  50
Initializing...
maxdom : 35
D->valSize : 1225
Solving...
currentSize : 14 <-- 0.021054 s
currentSize : 15 <-- 0.021108 s
currentSize : 16 <-- 0.022171 s
currentSize : 17 <-- 0.022419 s
currentSize : 18 <-- 0.024562 s
currentSize : 19 <-- 0.477518 s
currentSize : 20 <-- 2.016594 s
currentSize : 21 <-- 8.344897 s
currentSize : 22 <-- 188.406799 s
currentSize : 23 <-- 703.313293 s
currentSize : 24 <-- 1042.353638 s

maxsize : 24
nodes : 649784664.000000
filtered : 10339765049.000000
time : 2823.619141
