Parameters: GAD=1 vflib=1 dir=0 label=0 lowerbound=1 fileNameGp=../graphsdb/mcs50/rand/r01/mcs50_r01_s25.A01 fileNameGt=../graphsdb/mcs50/rand/r01/mcs50_r01_s25.B01
Reading graphs...
25 :  57
25 :  55
Initializing...
maxdom : 25
D->valSize : 625
Solving...
currentSize : 10 <-- 0.008592 s
currentSize : 11 <-- 0.008613 s
currentSize : 12 <-- 0.009026 s
currentSize : 13 <-- 0.009929 s
currentSize : 14 <-- 0.010522 s
currentSize : 15 <-- 0.010633 s
currentSize : 16 <-- 0.466236 s

maxsize : 16
nodes : 2441899.000000
filtered : 45860820.000000
time : 10.453633
