Parameters: GAD=1 vflib=1 dir=0 label=0 lowerbound=1 fileNameGp=../graphsdb/mcs50/m4D/m4D/mcs50_m4D_s30.A66 fileNameGt=../graphsdb/mcs50/m4D/m4D/mcs50_m4D_s30.B66
Reading graphs...
30 :  55
30 :  55
Initializing...
maxdom : 30
D->valSize : 900
Solving...
currentSize : 11 <-- 0.018813 s
currentSize : 13 <-- 0.018845 s
currentSize : 14 <-- 0.022138 s
currentSize : 15 <-- 0.022151 s
currentSize : 16 <-- 0.023361 s
currentSize : 17 <-- 0.103368 s
currentSize : 18 <-- 0.741612 s
currentSize : 19 <-- 0.770105 s
currentSize : 20 <-- 6.247594 s
currentSize : 21 <-- 18.460955 s

maxsize : 21
nodes : 7645678.000000
filtered : 142063243.000000
time : 34.477047
