Parameters: GAD=1 vflib=1 dir=0 label=0 lowerbound=1 fileNameGp=../graphsdb/mcs50/bvg/b06/mcs50_b06_s35.A11 fileNameGt=../graphsdb/mcs50/bvg/b06/mcs50_b06_s35.B11
Reading graphs...
35 :  103
35 :  104
Initializing...
maxdom : 35
D->valSize : 1225
Solving...
currentSize : 13 <-- 0.019258 s
currentSize : 14 <-- 0.019400 s
currentSize : 15 <-- 0.019680 s
currentSize : 16 <-- 0.020445 s
currentSize : 17 <-- 0.022149 s
currentSize : 18 <-- 0.148089 s
currentSize : 19 <-- 0.723785 s
currentSize : 20 <-- 53.933289 s
currentSize : 21 <-- 146.836563 s

maxsize : 21
nodes : 240932147.000000
filtered : 6994667010.000000
time : 1403.115845
