Parameters: GAD=1 vflib=1 dir=0 label=0 lowerbound=1 fileNameGp=../graphsdb/mcs50/bvg/b09m/mcs50_b09m_s25.A24 fileNameGt=../graphsdb/mcs50/bvg/b09m/mcs50_b09m_s25.B24
Reading graphs...
25 :  102
25 :  105
Initializing...
maxdom : 25
D->valSize : 625
Solving...
currentSize : 9 <-- 0.004704 s
currentSize : 10 <-- 0.004730 s
currentSize : 11 <-- 0.004871 s
currentSize : 12 <-- 0.004964 s
currentSize : 13 <-- 0.017105 s
currentSize : 14 <-- 5.984988 s

maxsize : 14
nodes : 2744881.000000
filtered : 40698172.000000
time : 10.924519
