Parameters: GAD=1 vflib=1 dir=0 label=0 lowerbound=1 fileNameGp=../graphsdb/mcs50/bvg/b06/mcs50_b06_s30.A97 fileNameGt=../graphsdb/mcs50/bvg/b06/mcs50_b06_s30.B97
Reading graphs...
30 :  88
30 :  88
Initializing...
maxdom : 30
D->valSize : 900
Solving...
currentSize : 13 <-- 0.010143 s
currentSize : 14 <-- 0.010194 s
currentSize : 15 <-- 0.010484 s
currentSize : 16 <-- 0.010960 s
currentSize : 17 <-- 0.013681 s
currentSize : 18 <-- 0.395340 s
currentSize : 19 <-- 0.565874 s
currentSize : 20 <-- 4.363397 s

maxsize : 20
nodes : 3587082.000000
filtered : 113688483.000000
time : 19.948933
