Parameters: GAD=1 vflib=1 dir=0 label=0 lowerbound=1 fileNameGp=../graphsdb/mcs50/bvg/b03m/mcs50_b03m_s35.A96 fileNameGt=../graphsdb/mcs50/bvg/b03m/mcs50_b03m_s35.B96
Reading graphs...
35 :  51
35 :  51
Initializing...
maxdom : 35
D->valSize : 1225
Solving...
currentSize : 16 <-- 0.021267 s
currentSize : 20 <-- 0.021728 s
currentSize : 21 <-- 13.311184 s
currentSize : 22 <-- 24.296776 s
currentSize : 23 <-- 95.522583 s
currentSize : 24 <-- 281.094147 s
currentSize : 25 <-- 1837.312744 s

maxsize : 25
nodes : 440612628.000000
filtered : 7635603314.000000
time : 2048.775391
