Parameters: GAD=1 vflib=1 dir=0 label=0 lowerbound=1 fileNameGp=../graphsdb/mcs50/bvg/b09m/mcs50_b09m_s35.A22 fileNameGt=../graphsdb/mcs50/bvg/b09m/mcs50_b09m_s35.B22
Reading graphs...
35 :  151
35 :  149
Initializing...
maxdom : 35
D->valSize : 1225
Solving...
currentSize : 11 <-- 0.018316 s
currentSize : 12 <-- 0.018364 s
currentSize : 13 <-- 0.018504 s
currentSize : 14 <-- 0.018649 s
currentSize : 15 <-- 0.022206 s
currentSize : 16 <-- 0.071827 s
currentSize : 17 <-- 6.511091 s
currentSize : 18 <-- 197.173828 s

maxsize : 18
nodes : 659800279.000000
filtered : 14610079008.000000
time : 3400.810303
