Parameters: GAD=1 vflib=1 dir=0 label=0 lowerbound=1 fileNameGp=../graphsdb/mcs50/bvg/b09m/mcs50_b09m_s30.A04 fileNameGt=../graphsdb/mcs50/bvg/b09m/mcs50_b09m_s30.B04
Reading graphs...
30 :  129
30 :  123
Initializing...
maxdom : 30
D->valSize : 900
Solving...
currentSize : 10 <-- 0.016671 s
currentSize : 11 <-- 0.016993 s
currentSize : 12 <-- 0.018301 s
currentSize : 13 <-- 0.023028 s
currentSize : 14 <-- 0.023995 s
currentSize : 15 <-- 0.029255 s
currentSize : 16 <-- 20.429792 s

maxsize : 16
nodes : 27474350.000000
filtered : 544174367.000000
time : 125.931358
