Parameters: GAD=1 vflib=1 dir=0 label=0 lowerbound=1 fileNameGp=../graphsdb/mcs50/bvg/b06m/mcs50_b06m_s25.A93 fileNameGt=../graphsdb/mcs50/bvg/b06m/mcs50_b06m_s25.B93
Reading graphs...
25 :  70
25 :  71
Initializing...
maxdom : 25
D->valSize : 625
Solving...
currentSize : 9 <-- 0.004930 s
currentSize : 10 <-- 0.004945 s
currentSize : 11 <-- 0.004954 s
currentSize : 12 <-- 0.005402 s
currentSize : 13 <-- 0.005485 s
currentSize : 14 <-- 0.061388 s
currentSize : 15 <-- 0.815903 s

maxsize : 15
nodes : 1936518.000000
filtered : 31994782.000000
time : 7.918284
