Parameters: GAD=1 vflib=1 dir=0 label=0 lowerbound=1 fileNameGp=../graphsdb/mcs50/m4D/m4Dr6/mcs50_m4Dr6_s30.A67 fileNameGt=../graphsdb/mcs50/m4D/m4Dr6/mcs50_m4Dr6_s30.B67
Reading graphs...
30 :  73
30 :  72
Initializing...
maxdom : 30
D->valSize : 900
Solving...
currentSize : 12 <-- 0.010466 s
currentSize : 13 <-- 0.010490 s
currentSize : 14 <-- 0.010508 s
currentSize : 15 <-- 0.012768 s
currentSize : 16 <-- 0.013017 s
currentSize : 17 <-- 0.033400 s
currentSize : 18 <-- 0.351010 s
currentSize : 19 <-- 11.086856 s

maxsize : 19
nodes : 17123675.000000
filtered : 402573176.000000
time : 83.507919
