Parameters: GAD=1 vflib=1 dir=0 label=0 lowerbound=1 fileNameGp=../graphsdb/mcs50/m2D/m2Dr4/mcs50_m2Dr4_s30.A56 fileNameGt=../graphsdb/mcs50/m2D/m2Dr4/mcs50_m2Dr4_s30.B56
Reading graphs...
30 :  60
30 :  61
Initializing...
maxdom : 30
D->valSize : 900
Solving...
currentSize : 13 <-- 0.010550 s
currentSize : 14 <-- 0.010598 s
currentSize : 15 <-- 0.014581 s
currentSize : 16 <-- 0.019489 s
currentSize : 17 <-- 0.019498 s
currentSize : 18 <-- 0.059491 s
currentSize : 19 <-- 0.715036 s
currentSize : 20 <-- 21.258385 s

maxsize : 20
nodes : 23197278.000000
filtered : 498307822.000000
time : 112.049782
