Parameters: GAD=1 vflib=1 dir=0 label=0 lowerbound=1 fileNameGp=../graphsdb/mcs50/m4D/m4Dr4/mcs50_m4Dr4_s30.A39 fileNameGt=../graphsdb/mcs50/m4D/m4Dr4/mcs50_m4Dr4_s30.B39
Reading graphs...
30 :  67
30 :  67
Initializing...
maxdom : 30
D->valSize : 900
Solving...
currentSize : 13 <-- 0.018460 s
currentSize : 14 <-- 0.022069 s
currentSize : 15 <-- 0.025556 s
currentSize : 16 <-- 0.079932 s
currentSize : 17 <-- 0.147416 s
currentSize : 18 <-- 1.794949 s
currentSize : 19 <-- 9.126915 s

maxsize : 19
nodes : 34214368.000000
filtered : 663549802.000000
time : 155.585663
