Parameters: GAD=1 vflib=1 dir=0 label=0 lowerbound=1 fileNameGp=../graphsdb/mcs50/bvg/b06m/mcs50_b06m_s30.A92 fileNameGt=../graphsdb/mcs50/bvg/b06m/mcs50_b06m_s30.B92
Reading graphs...
30 :  87
30 :  85
Initializing...
maxdom : 30
D->valSize : 900
Solving...
currentSize : 13 <-- 0.017787 s
currentSize : 14 <-- 0.017962 s
currentSize : 15 <-- 0.059205 s
currentSize : 16 <-- 0.079801 s
currentSize : 17 <-- 0.084045 s
currentSize : 18 <-- 0.441000 s

maxsize : 18
nodes : 20910762.000000
filtered : 515569464.000000
time : 103.846153
