Parameters: GAD=1 vflib=1 dir=0 label=0 lowerbound=1 fileNameGp=../graphsdb/mcs50/rand/r02/mcs50_r02_s30.A41 fileNameGt=../graphsdb/mcs50/rand/r02/mcs50_r02_s30.B41
Reading graphs...
30 :  163
30 :  156
Initializing...
maxdom : 30
D->valSize : 900
Solving...
currentSize : 8 <-- 0.009462 s
currentSize : 9 <-- 0.009480 s
currentSize : 10 <-- 0.009560 s
currentSize : 11 <-- 0.009703 s
currentSize : 12 <-- 0.010074 s
currentSize : 13 <-- 0.063170 s
currentSize : 14 <-- 1.046418 s
currentSize : 15 <-- 155.849899 s

maxsize : 15
nodes : 67513679.000000
filtered : 949523663.000000
time : 283.053558
