Parameters: GAD=1 vflib=1 dir=0 label=0 lowerbound=1 fileNameGp=../graphsdb/mcs50/m3D/m3D/mcs50_m3D_s15.A49 fileNameGt=../graphsdb/mcs50/m3D/m3D/mcs50_m3D_s15.B49
Reading graphs...
15 :  25
15 :  26
Initializing...
maxdom : 15
D->valSize : 225
Solving...
currentSize : 5 <-- 0.000971 s
currentSize : 7 <-- 0.000986 s
currentSize : 8 <-- 0.001292 s
currentSize : 9 <-- 0.001344 s
currentSize : 10 <-- 0.001961 s
currentSize : 11 <-- 0.008443 s

maxsize : 11
nodes : 6702.000000
filtered : 73413.000000
time : 0.019171
