Parameters: GAD=1 vflib=1 dir=0 label=0 lowerbound=1 fileNameGp=../graphsdb/mcs50/bvg/b03m/mcs50_b03m_s35.A55 fileNameGt=../graphsdb/mcs50/bvg/b03m/mcs50_b03m_s35.B55
Reading graphs...
35 :  52
35 :  52
Initializing...
maxdom : 35
D->valSize : 1225
Solving...
currentSize : 15 <-- 0.021074 s
currentSize : 18 <-- 0.021129 s
currentSize : 19 <-- 0.150808 s
currentSize : 20 <-- 3.186658 s
currentSize : 21 <-- 3.657083 s
currentSize : 22 <-- 5.631296 s
currentSize : 23 <-- 48.251225 s
currentSize : 24 <-- 192.745361 s
currentSize : 25 <-- 211.742249 s

maxsize : 25
nodes : 125916111.000000
filtered : 2391420854.000000
time : 608.590942
