Parameters: GAD=1 vflib=1 dir=0 label=0 lowerbound=1 fileNameGp=../graphsdb/mcs50/bvg/b06/mcs50_b06_s20.A01 fileNameGt=../graphsdb/mcs50/bvg/b06/mcs50_b06_s20.B01
Reading graphs...
20 :  59
20 :  58
Initializing...
maxdom : 20
D->valSize : 400
Solving...
currentSize : 8 <-- 0.003426 s
currentSize : 9 <-- 0.004096 s
currentSize : 10 <-- 0.007795 s
currentSize : 11 <-- 0.009087 s
currentSize : 12 <-- 0.011585 s
currentSize : 13 <-- 0.013188 s

maxsize : 13
nodes : 90563.000000
filtered : 1452964.000000
time : 0.342020
