Parameters: GAD=1 vflib=1 dir=0 label=0 lowerbound=1 fileNameGp=../graphsdb/mcs50/bvg/b09m/mcs50_b09m_s30.A07 fileNameGt=../graphsdb/mcs50/bvg/b09m/mcs50_b09m_s30.B07
Reading graphs...
30 :  125
30 :  124
Initializing...
maxdom : 30
D->valSize : 900
Solving...
currentSize : 11 <-- 0.009758 s
currentSize : 12 <-- 0.009791 s
currentSize : 13 <-- 0.010167 s
currentSize : 14 <-- 0.057633 s
currentSize : 15 <-- 0.163747 s
currentSize : 16 <-- 19.959442 s

maxsize : 16
nodes : 35417969.000000
filtered : 668289040.000000
time : 161.792404
