Parameters: GAD=1 vflib=1 dir=0 label=0 lowerbound=1 fileNameGp=../graphsdb/mcs50/m2D/m2Dr6/mcs50_m2Dr6_s20.A86 fileNameGt=../graphsdb/mcs50/m2D/m2Dr6/mcs50_m2Dr6_s20.B86
Reading graphs...
20 :  41
20 :  39
Initializing...
maxdom : 20
D->valSize : 400
Solving...
currentSize : 10 <-- 0.002215 s
currentSize : 11 <-- 0.002357 s
currentSize : 12 <-- 0.002392 s
currentSize : 13 <-- 0.006414 s
currentSize : 14 <-- 0.033535 s
currentSize : 15 <-- 0.063985 s

maxsize : 15
nodes : 26327.000000
filtered : 473904.000000
time : 0.101507
