Parameters: GAD=1 vflib=1 dir=0 label=0 lowerbound=1 fileNameGp=../graphsdb/mcs50/rand/r005/mcs50_r005_s20.A21 fileNameGt=../graphsdb/mcs50/rand/r005/mcs50_r005_s20.B21
Reading graphs...
20 :  24
20 :  23
Initializing...
maxdom : 20
D->valSize : 400
Solving...
currentSize : 5 <-- 0.002315 s
currentSize : 6 <-- 0.002329 s
currentSize : 7 <-- 0.002547 s
currentSize : 9 <-- 0.002930 s
currentSize : 10 <-- 0.002940 s
currentSize : 11 <-- 0.003269 s
currentSize : 12 <-- 0.003338 s
currentSize : 13 <-- 0.006763 s
currentSize : 14 <-- 0.024893 s
currentSize : 15 <-- 0.121218 s

maxsize : 15
nodes : 58512.000000
filtered : 541359.000000
time : 0.160022
