Parameters: GAD=1 vflib=1 dir=0 label=0 lowerbound=1 fileNameGp=../graphsdb/mcs50/bvg/b09/mcs50_b09_s30.A90 fileNameGt=../graphsdb/mcs50/bvg/b09/mcs50_b09_s30.B90
Reading graphs...
30 :  133
30 :  129
Initializing...
maxdom : 30
D->valSize : 900
Solving...
currentSize : 11 <-- 0.009599 s
currentSize : 12 <-- 0.011176 s
currentSize : 13 <-- 0.011320 s
currentSize : 14 <-- 0.092223 s
currentSize : 15 <-- 0.892523 s
currentSize : 16 <-- 4.004801 s
currentSize : 17 <-- 5.060759 s

maxsize : 17
nodes : 9764634.000000
filtered : 239451988.000000
time : 48.374866
