Parameters: GAD=1 vflib=1 dir=0 label=0 lowerbound=1 fileNameGp=../graphsdb/mcs50/m4D/m4Dr6/mcs50_m4Dr6_s35.A59 fileNameGt=../graphsdb/mcs50/m4D/m4Dr6/mcs50_m4Dr6_s35.B59
Reading graphs...
35 :  83
35 :  80
Initializing...
maxdom : 35
D->valSize : 1225
Solving...
currentSize : 17 <-- 0.020091 s
currentSize : 18 <-- 0.027583 s
currentSize : 19 <-- 0.052526 s
currentSize : 20 <-- 0.395035 s
currentSize : 21 <-- 0.559878 s
currentSize : 22 <-- 0.897083 s
currentSize : 23 <-- 0.899120 s

maxsize : 23
nodes : 94653283.000000
filtered : 3007466118.000000
time : 581.312805
