Parameters: GAD=1 vflib=1 dir=0 label=0 lowerbound=1 fileNameGp=../graphsdb/mcs50/m4D/m4Dr4/mcs50_m4Dr4_s35.A34 fileNameGt=../graphsdb/mcs50/m4D/m4Dr4/mcs50_m4Dr4_s35.B34
Reading graphs...
35 :  74
35 :  75
Initializing...
maxdom : 35
D->valSize : 1225
Solving...
currentSize : 15 <-- 0.020276 s
currentSize : 16 <-- 0.020685 s
currentSize : 17 <-- 0.022991 s
currentSize : 18 <-- 0.040996 s
currentSize : 19 <-- 0.129322 s
currentSize : 20 <-- 0.907677 s
currentSize : 21 <-- 0.963518 s
currentSize : 22 <-- 1.147437 s
currentSize : 23 <-- 8.821906 s

maxsize : 23
nodes : 96558761.000000
filtered : 2908255121.000000
time : 561.981873
