Parameters: GAD=1 vflib=1 dir=0 label=0 lowerbound=1 fileNameGp=../graphsdb/mcs50/rand/r01/mcs50_r01_s15.A62 fileNameGt=../graphsdb/mcs50/rand/r01/mcs50_r01_s15.B62
Reading graphs...
15 :  22
15 :  22
Initializing...
maxdom : 15
D->valSize : 225
Solving...
currentSize : 5 <-- 0.000974 s
currentSize : 7 <-- 0.000992 s
currentSize : 8 <-- 0.001136 s
currentSize : 9 <-- 0.001145 s
currentSize : 10 <-- 0.002425 s
currentSize : 11 <-- 0.002496 s

maxsize : 11
nodes : 4476.000000
filtered : 49705.000000
time : 0.013045
