Parameters: GAD=1 vflib=1 dir=0 label=0 lowerbound=1 fileNameGp=../graphsdb/mcs50/bvg/b03m/mcs50_b03m_s30.A70 fileNameGt=../graphsdb/mcs50/bvg/b03m/mcs50_b03m_s30.B70
Reading graphs...
30 :  45
30 :  45
Initializing...
maxdom : 30
D->valSize : 900
Solving...
currentSize : 12 <-- 0.011359 s
currentSize : 13 <-- 0.011386 s
currentSize : 14 <-- 0.021953 s
currentSize : 15 <-- 0.022826 s
currentSize : 16 <-- 0.023195 s
currentSize : 17 <-- 0.059066 s
currentSize : 18 <-- 0.408325 s
currentSize : 19 <-- 0.579422 s
currentSize : 20 <-- 4.690400 s
currentSize : 21 <-- 12.847956 s

maxsize : 21
nodes : 12683213.000000
filtered : 216245493.000000
time : 54.506332
