Parameters: GAD=1 vflib=1 dir=0 label=0 lowerbound=1 fileNameGp=../graphsdb/mcs50/bvg/b09m/mcs50_b09m_s30.A24 fileNameGt=../graphsdb/mcs50/bvg/b09m/mcs50_b09m_s30.B24
Reading graphs...
30 :  126
30 :  126
Initializing...
maxdom : 30
D->valSize : 900
Solving...
currentSize : 11 <-- 0.009706 s
currentSize : 12 <-- 0.010014 s
currentSize : 13 <-- 0.010623 s
currentSize : 14 <-- 0.018553 s
currentSize : 15 <-- 1.437697 s
currentSize : 16 <-- 65.449615 s

maxsize : 16
nodes : 43534187.000000
filtered : 830590412.000000
time : 200.007690
