Parameters: GAD=1 vflib=1 dir=0 label=0 lowerbound=1 fileNameGp=../graphsdb/mcs50/rand/r01/mcs50_r01_s20.A88 fileNameGt=../graphsdb/mcs50/rand/r01/mcs50_r01_s20.B88
Reading graphs...
20 :  36
20 :  36
Initializing...
maxdom : 20
D->valSize : 400
Solving...
currentSize : 6 <-- 0.002289 s
currentSize : 8 <-- 0.002328 s
currentSize : 9 <-- 0.002385 s
currentSize : 10 <-- 0.002551 s
currentSize : 11 <-- 0.006039 s
currentSize : 12 <-- 0.264026 s
currentSize : 13 <-- 0.535751 s

maxsize : 13
nodes : 470289.000000
filtered : 4607762.000000
time : 1.374022
