Parameters: GAD=1 vflib=1 dir=0 label=0 lowerbound=1 fileNameGp=../graphsdb/mcs50/m4D/m4Dr4/mcs50_m4Dr4_s30.A68 fileNameGt=../graphsdb/mcs50/m4D/m4Dr4/mcs50_m4Dr4_s30.B68
Reading graphs...
30 :  64
30 :  62
Initializing...
maxdom : 30
D->valSize : 900
Solving...
currentSize : 12 <-- 0.010594 s
currentSize : 13 <-- 0.010631 s
currentSize : 14 <-- 0.010675 s
currentSize : 15 <-- 0.014744 s
currentSize : 16 <-- 0.014760 s
currentSize : 17 <-- 0.137362 s
currentSize : 18 <-- 1.001409 s
currentSize : 19 <-- 2.692966 s
currentSize : 20 <-- 2.902898 s
currentSize : 21 <-- 10.417756 s

maxsize : 21
nodes : 4667088.000000
filtered : 111049986.000000
time : 22.612740
