Parameters: GAD=1 vflib=1 dir=0 label=0 lowerbound=1 fileNameGp=../graphsdb/mcs50/rand/r02/mcs50_r02_s30.A92 fileNameGt=../graphsdb/mcs50/rand/r02/mcs50_r02_s30.B92
Reading graphs...
30 :  158
30 :  157
Initializing...
maxdom : 30
D->valSize : 900
Solving...
currentSize : 10 <-- 0.009189 s
currentSize : 11 <-- 0.009256 s
currentSize : 12 <-- 0.010049 s
currentSize : 13 <-- 0.075933 s
currentSize : 14 <-- 9.449158 s
currentSize : 15 <-- 12.188885 s

maxsize : 15
nodes : 55028736.000000
filtered : 837381118.000000
time : 236.459549
