Parameters: GAD=1 vflib=1 dir=0 label=0 lowerbound=1 fileNameGp=../graphsdb/mcs50/m4D/m4Dr2/mcs50_m4Dr2_s30.A93 fileNameGt=../graphsdb/mcs50/m4D/m4Dr2/mcs50_m4Dr2_s30.B93
Reading graphs...
30 :  61
30 :  61
Initializing...
maxdom : 30
D->valSize : 900
Solving...
currentSize : 12 <-- 0.011515 s
currentSize : 15 <-- 0.011683 s
currentSize : 17 <-- 0.012916 s
currentSize : 18 <-- 0.029302 s
currentSize : 19 <-- 1.200117 s
currentSize : 20 <-- 161.033417 s

maxsize : 20
nodes : 39413410.000000
filtered : 660347761.000000
time : 169.868835
