Parameters: GAD=1 vflib=1 dir=0 label=0 lowerbound=1 fileNameGp=../graphsdb/mcs50/bvg/b09/mcs50_b09_s35.A45 fileNameGt=../graphsdb/mcs50/bvg/b09/mcs50_b09_s35.B45
Reading graphs...
35 :  153
35 :  151
Initializing...
maxdom : 35
D->valSize : 1225
Solving...
currentSize : 11 <-- 0.018767 s
currentSize : 12 <-- 0.018860 s
currentSize : 13 <-- 0.018886 s
currentSize : 14 <-- 0.020558 s
currentSize : 15 <-- 0.028204 s
currentSize : 16 <-- 0.040319 s
currentSize : 17 <-- 0.115979 s
currentSize : 18 <-- 92.992279 s
currentSize : 19 <-- 95.645210 s

maxsize : 19
nodes : 164807007.000000
filtered : 4509894949.000000
time : 916.372131
