Parameters: GAD=1 vflib=1 dir=0 label=0 lowerbound=1 fileNameGp=../graphsdb/mcs50/bvg/b03/mcs50_b03_s25.A79 fileNameGt=../graphsdb/mcs50/bvg/b03/mcs50_b03_s25.B79
Reading graphs...
25 :  37
25 :  37
Initializing...
maxdom : 25
D->valSize : 625
Solving...
currentSize : 13 <-- 0.009135 s
currentSize : 14 <-- 0.009795 s
currentSize : 15 <-- 0.011563 s
currentSize : 16 <-- 0.038610 s
currentSize : 17 <-- 0.046699 s
currentSize : 18 <-- 0.585027 s
currentSize : 19 <-- 0.691640 s

maxsize : 19
nodes : 390302.000000
filtered : 6871052.000000
time : 1.638310
