Parameters: GAD=1 vflib=1 dir=0 label=0 lowerbound=1 fileNameGp=../graphsdb/mcs50/bvg/b09/mcs50_b09_s35.A92 fileNameGt=../graphsdb/mcs50/bvg/b09/mcs50_b09_s35.B92
Reading graphs...
35 :  156
35 :  155
Initializing...
maxdom : 35
D->valSize : 1225
Solving...
currentSize : 12 <-- 0.018490 s
currentSize : 13 <-- 0.018604 s
currentSize : 14 <-- 0.020041 s
currentSize : 15 <-- 0.026965 s
currentSize : 16 <-- 0.027649 s
currentSize : 17 <-- 0.255745 s
currentSize : 18 <-- 220.346054 s
currentSize : 19 <-- 881.560913 s

maxsize : 19
nodes : 286847076.000000
filtered : 6514856269.000000
time : 1492.192871
