Parameters: GAD=1 vflib=1 dir=0 label=0 lowerbound=1 fileNameGp=../graphsdb/mcs50/bvg/b06m/mcs50_b06m_s30.A26 fileNameGt=../graphsdb/mcs50/bvg/b06m/mcs50_b06m_s30.B26
Reading graphs...
30 :  86
30 :  87
Initializing...
maxdom : 30
D->valSize : 900
Solving...
currentSize : 13 <-- 0.010303 s
currentSize : 14 <-- 0.010416 s
currentSize : 15 <-- 0.032229 s
currentSize : 16 <-- 0.229660 s
currentSize : 17 <-- 0.524688 s
currentSize : 18 <-- 9.296997 s

maxsize : 18
nodes : 34123592.000000
filtered : 762931238.000000
time : 165.481018
