Parameters: GAD=1 vflib=1 dir=0 label=0 lowerbound=1 fileNameGp=../graphsdb/mcs50/rand/r005/mcs50_r005_s35.A03 fileNameGt=../graphsdb/mcs50/rand/r005/mcs50_r005_s35.B03
Reading graphs...
35 :  62
35 :  58
Initializing...
maxdom : 35
D->valSize : 1225
Solving...
currentSize : 14 <-- 0.025118 s
currentSize : 15 <-- 0.025749 s
currentSize : 16 <-- 0.026140 s
currentSize : 17 <-- 0.026194 s
currentSize : 18 <-- 0.028404 s
currentSize : 19 <-- 0.055014 s
currentSize : 20 <-- 0.654276 s
currentSize : 21 <-- 2.404774 s
currentSize : 22 <-- 2.411559 s
currentSize : 23 <-- 45.781715 s
currentSize : 24 <-- 223.600815 s

maxsize : 24
nodes : 158793908.000000
filtered : 3613369222.000000
time : 836.295593
