Parameters: GAD=1 vflib=1 dir=0 label=0 lowerbound=1 fileNameGp=../graphsdb/mcs50/bvg/b03/mcs50_b03_s35.A94 fileNameGt=../graphsdb/mcs50/bvg/b03/mcs50_b03_s35.B94
Reading graphs...
35 :  52
35 :  52
Initializing...
maxdom : 35
D->valSize : 1225
Solving...
currentSize : 16 <-- 0.036517 s
currentSize : 17 <-- 0.076357 s
currentSize : 18 <-- 0.169286 s
currentSize : 19 <-- 0.443144 s
currentSize : 20 <-- 6.744195 s
currentSize : 21 <-- 8.096210 s
currentSize : 22 <-- 16.365337 s
currentSize : 23 <-- 22.551355 s
currentSize : 24 <-- 32.268120 s
currentSize : 25 <-- 45.946239 s

maxsize : 25
nodes : 95733476.000000
filtered : 2139726740.000000
time : 506.029358
