Parameters: GAD=1 vflib=1 dir=0 label=0 lowerbound=1 fileNameGp=../graphsdb/mcs50/m2D/m2D/mcs50_m2D_s30.A93 fileNameGt=../graphsdb/mcs50/m2D/m2D/mcs50_m2D_s30.B93
Reading graphs...
30 :  49
30 :  49
Initializing...
maxdom : 30
D->valSize : 900
Solving...
currentSize : 12 <-- 0.019113 s
currentSize : 13 <-- 0.019163 s
currentSize : 14 <-- 0.020297 s
currentSize : 15 <-- 0.028671 s
currentSize : 16 <-- 0.031559 s
currentSize : 17 <-- 0.094326 s
currentSize : 18 <-- 0.501227 s
currentSize : 19 <-- 2.820165 s
currentSize : 20 <-- 4.127685 s
currentSize : 21 <-- 29.219902 s

maxsize : 21
nodes : 12480286.000000
filtered : 221324520.000000
time : 54.681435
