Parameters: GAD=1 vflib=1 dir=0 label=0 lowerbound=1 fileNameGp=../graphsdb/mcs50/bvg/b03m/mcs50_b03m_s15.A07 fileNameGt=../graphsdb/mcs50/bvg/b03m/mcs50_b03m_s15.B07
Reading graphs...
15 :  22
15 :  21
Initializing...
maxdom : 15
D->valSize : 225
Solving...
currentSize : 7 <-- 0.001430 s
currentSize : 8 <-- 0.001446 s
currentSize : 9 <-- 0.001652 s
currentSize : 10 <-- 0.002367 s
currentSize : 11 <-- 0.023248 s
currentSize : 12 <-- 0.023317 s

maxsize : 12
nodes : 6259.000000
filtered : 53432.000000
time : 0.025449
