Parameters: GAD=1 vflib=1 dir=0 label=0 lowerbound=1 fileNameGp=../graphsdb/mcs50/bvg/b03m/mcs50_b03m_s15.A58 fileNameGt=../graphsdb/mcs50/bvg/b03m/mcs50_b03m_s15.B58
Reading graphs...
15 :  22
15 :  21
Initializing...
maxdom : 15
D->valSize : 225
Solving...
currentSize : 6 <-- 0.001155 s
currentSize : 7 <-- 0.001174 s
currentSize : 8 <-- 0.001494 s
currentSize : 9 <-- 0.001682 s
currentSize : 10 <-- 0.002823 s
currentSize : 11 <-- 0.003689 s

maxsize : 11
nodes : 2768.000000
filtered : 29279.000000
time : 0.008218
