Parameters: GAD=1 vflib=1 dir=0 label=0 lowerbound=1 fileNameGp=../graphsdb/mcs50/bvg/b06m/mcs50_b06m_s30.A44 fileNameGt=../graphsdb/mcs50/bvg/b06m/mcs50_b06m_s30.B44
Reading graphs...
30 :  84
30 :  86
Initializing...
maxdom : 30
D->valSize : 900
Solving...
currentSize : 12 <-- 0.016238 s
currentSize : 13 <-- 0.016444 s
currentSize : 14 <-- 0.016971 s
currentSize : 15 <-- 0.035042 s
currentSize : 16 <-- 0.035056 s
currentSize : 17 <-- 1.047355 s
currentSize : 18 <-- 31.781118 s
currentSize : 19 <-- 106.208847 s

maxsize : 19
nodes : 27557328.000000
filtered : 550740894.000000
time : 130.082565
