Parameters: GAD=1 vflib=1 dir=0 label=0 lowerbound=1 fileNameGp=../graphsdb/mcs50/bvg/b06/mcs50_b06_s25.A15 fileNameGt=../graphsdb/mcs50/bvg/b06/mcs50_b06_s25.B15
Reading graphs...
25 :  71
25 :  75
Initializing...
maxdom : 25
D->valSize : 625
Solving...
currentSize : 11 <-- 0.008237 s
currentSize : 12 <-- 0.008839 s
currentSize : 13 <-- 0.008972 s
currentSize : 14 <-- 0.132216 s
currentSize : 15 <-- 1.370738 s
currentSize : 16 <-- 1.975327 s

maxsize : 16
nodes : 1097996.000000
filtered : 22694620.000000
time : 4.956346
