Parameters: GAD=1 vflib=1 dir=0 label=0 lowerbound=1 fileNameGp=../graphsdb/mcs50/bvg/b09m/mcs50_b09m_s30.A95 fileNameGt=../graphsdb/mcs50/bvg/b09m/mcs50_b09m_s30.B95
Reading graphs...
30 :  127
30 :  123
Initializing...
maxdom : 30
D->valSize : 900
Solving...
currentSize : 10 <-- 0.009703 s
currentSize : 11 <-- 0.009719 s
currentSize : 12 <-- 0.011004 s
currentSize : 13 <-- 0.020167 s
currentSize : 14 <-- 0.049639 s
currentSize : 15 <-- 0.701715 s
currentSize : 16 <-- 19.390844 s

maxsize : 16
nodes : 32896673.000000
filtered : 608519656.000000
time : 147.027267
