Parameters: GAD=1 vflib=1 dir=0 label=0 lowerbound=1 fileNameGp=../graphsdb/mcs50/m2D/m2Dr6/mcs50_m2Dr6_s30.A21 fileNameGt=../graphsdb/mcs50/m2D/m2Dr6/mcs50_m2Dr6_s30.B21
Reading graphs...
30 :  66
30 :  63
Initializing...
maxdom : 30
D->valSize : 900
Solving...
currentSize : 13 <-- 0.018427 s
currentSize : 14 <-- 0.019744 s
currentSize : 15 <-- 0.019842 s
currentSize : 16 <-- 0.020887 s
currentSize : 17 <-- 0.033562 s
currentSize : 18 <-- 0.034176 s
currentSize : 19 <-- 0.193590 s
currentSize : 20 <-- 123.653557 s

maxsize : 20
nodes : 29158838.000000
filtered : 564813315.000000
time : 134.104431
