Parameters: GAD=1 vflib=1 dir=0 label=0 lowerbound=1 fileNameGp=../graphsdb/mcs50/bvg/b03/mcs50_b03_s35.A28 fileNameGt=../graphsdb/mcs50/bvg/b03/mcs50_b03_s35.B28
Reading graphs...
35 :  52
35 :  50
Initializing...
maxdom : 35
D->valSize : 1225
Solving...
currentSize : 16 <-- 0.036560 s
currentSize : 17 <-- 0.036671 s
currentSize : 18 <-- 0.041049 s
currentSize : 19 <-- 0.053301 s
currentSize : 20 <-- 0.077039 s
currentSize : 21 <-- 0.371605 s
currentSize : 22 <-- 5.908613 s
currentSize : 23 <-- 29.686100 s
currentSize : 24 <-- 388.370087 s
currentSize : 25 <-- 675.741272 s

maxsize : 25
nodes : 251933781.000000
filtered : 4906180575.000000
time : 1180.663208
