Parameters: GAD=1 vflib=1 dir=0 label=0 lowerbound=1 fileNameGp=../graphsdb/mcs50/rand/r02/mcs50_r02_s30.A09 fileNameGt=../graphsdb/mcs50/rand/r02/mcs50_r02_s30.B09
Reading graphs...
30 :  155
30 :  154
Initializing...
maxdom : 30
D->valSize : 900
Solving...
currentSize : 10 <-- 0.009383 s
currentSize : 11 <-- 0.009471 s
currentSize : 12 <-- 0.011162 s
currentSize : 13 <-- 0.011381 s
currentSize : 14 <-- 0.708163 s
currentSize : 15 <-- 177.512329 s

maxsize : 15
nodes : 84746091.000000
filtered : 1138704815.000000
time : 350.388824
