Parameters: GAD=1 vflib=1 dir=0 label=0 lowerbound=1 fileNameGp=../graphsdb/mcs50/m4D/m4D/mcs50_m4D_s35.A72 fileNameGt=../graphsdb/mcs50/m4D/m4D/mcs50_m4D_s35.B72
Reading graphs...
35 :  61
35 :  62
Initializing...
maxdom : 35
D->valSize : 1225
Solving...
currentSize : 14 <-- 0.036063 s
currentSize : 16 <-- 0.036234 s
currentSize : 17 <-- 0.037214 s
currentSize : 18 <-- 0.043377 s
currentSize : 19 <-- 0.074602 s
currentSize : 20 <-- 3.502037 s
currentSize : 21 <-- 28.095850 s
currentSize : 22 <-- 126.354256 s
currentSize : 23 <-- 161.531265 s
currentSize : 24 <-- 183.814301 s
currentSize : 25 <-- 205.848251 s

maxsize : 25
nodes : 74383836.000000
filtered : 1056694693.000000
time : 313.719879
