Parameters: GAD=1 vflib=1 dir=0 label=0 lowerbound=1 fileNameGp=../graphsdb/mcs50/bvg/b06/mcs50_b06_s30.A04 fileNameGt=../graphsdb/mcs50/bvg/b06/mcs50_b06_s30.B04
Reading graphs...
30 :  90
30 :  89
Initializing...
maxdom : 30
D->valSize : 900
Solving...
currentSize : 12 <-- 0.010081 s
currentSize : 13 <-- 0.010112 s
currentSize : 14 <-- 0.010129 s
currentSize : 15 <-- 0.010323 s
currentSize : 16 <-- 0.033075 s
currentSize : 17 <-- 3.112025 s
currentSize : 18 <-- 7.645168 s

maxsize : 18
nodes : 24683447.000000
filtered : 594866585.000000
time : 123.886635
