Parameters: GAD=1 vflib=1 dir=0 label=0 lowerbound=1 fileNameGp=../graphsdb/mcs50/bvg/b09/mcs50_b09_s35.A32 fileNameGt=../graphsdb/mcs50/bvg/b09/mcs50_b09_s35.B32
Reading graphs...
35 :  152
35 :  156
Initializing...
maxdom : 35
D->valSize : 1225
Solving...
currentSize : 13 <-- 0.022586 s
currentSize : 14 <-- 0.022881 s
currentSize : 15 <-- 0.023492 s
currentSize : 16 <-- 0.023612 s
currentSize : 17 <-- 0.023805 s
currentSize : 18 <-- 0.037952 s
currentSize : 19 <-- 0.516310 s
currentSize : 20 <-- 38.848881 s

maxsize : 20
nodes : 88202566.000000
filtered : 2640452706.000000
time : 517.020142
