Parameters: GAD=1 vflib=1 dir=0 label=0 lowerbound=1 fileNameGp=../graphsdb/mcs50/bvg/b06m/mcs50_b06m_s30.A41 fileNameGt=../graphsdb/mcs50/bvg/b06m/mcs50_b06m_s30.B41
Reading graphs...
30 :  88
30 :  86
Initializing...
maxdom : 30
D->valSize : 900
Solving...
currentSize : 11 <-- 0.017415 s
currentSize : 12 <-- 0.017640 s
currentSize : 13 <-- 0.018759 s
currentSize : 14 <-- 0.034431 s
currentSize : 15 <-- 0.097431 s
currentSize : 16 <-- 0.098519 s
currentSize : 17 <-- 1.707122 s
currentSize : 18 <-- 43.024719 s

maxsize : 18
nodes : 27342198.000000
filtered : 596683985.000000
time : 129.973846
