Parameters: GAD=1 vflib=1 dir=0 label=0 lowerbound=1 fileNameGp=../graphsdb/mcs50/bvg/b06m/mcs50_b06m_s25.A92 fileNameGt=../graphsdb/mcs50/bvg/b06m/mcs50_b06m_s25.B92
Reading graphs...
25 :  70
25 :  71
Initializing...
maxdom : 25
D->valSize : 625
Solving...
currentSize : 9 <-- 0.008241 s
currentSize : 10 <-- 0.008368 s
currentSize : 11 <-- 0.008686 s
currentSize : 12 <-- 0.010212 s
currentSize : 13 <-- 0.016619 s
currentSize : 14 <-- 0.131018 s
currentSize : 15 <-- 0.643816 s
currentSize : 16 <-- 2.157382 s

maxsize : 16
nodes : 1072364.000000
filtered : 20285714.000000
time : 4.509998
