Parameters: GAD=1 vflib=1 dir=0 label=0 lowerbound=1 fileNameGp=../graphsdb/mcs50/m4D/m4Dr6/mcs50_m4Dr6_s35.A85 fileNameGt=../graphsdb/mcs50/m4D/m4Dr6/mcs50_m4Dr6_s35.B85
Reading graphs...
35 :  82
35 :  80
Initializing...
maxdom : 35
D->valSize : 1225
Solving...
currentSize : 11 <-- 0.020501 s
currentSize : 12 <-- 0.020535 s
currentSize : 13 <-- 0.020550 s
currentSize : 15 <-- 0.020739 s
currentSize : 17 <-- 0.020771 s
currentSize : 18 <-- 0.021056 s
currentSize : 19 <-- 0.060264 s
currentSize : 20 <-- 0.064070 s
currentSize : 21 <-- 6.146180 s
currentSize : 22 <-- 6.158066 s
currentSize : 23 <-- 86.867485 s

maxsize : 23
nodes : 131590543.000000
filtered : 3957383770.000000
time : 790.579651
