Parameters: GAD=1 vflib=1 dir=0 label=0 lowerbound=1 fileNameGp=../graphsdb/mcs50/bvg/b03/mcs50_b03_s25.A95 fileNameGt=../graphsdb/mcs50/bvg/b03/mcs50_b03_s25.B95
Reading graphs...
25 :  36
25 :  37
Initializing...
maxdom : 25
D->valSize : 625
Solving...
currentSize : 14 <-- 0.009198 s
currentSize : 15 <-- 0.009315 s
currentSize : 16 <-- 0.009344 s
currentSize : 17 <-- 0.009601 s
currentSize : 18 <-- 4.649962 s
currentSize : 19 <-- 4.892871 s

maxsize : 19
nodes : 1570588.000000
filtered : 18582897.000000
time : 5.515271
