Parameters: GAD=1 vflib=1 dir=0 label=0 lowerbound=1 fileNameGp=../graphsdb/mcs50/m4D/m4D/mcs50_m4D_s30.A47 fileNameGt=../graphsdb/mcs50/m4D/m4D/mcs50_m4D_s30.B47
Reading graphs...
30 :  54
30 :  55
Initializing...
maxdom : 30
D->valSize : 900
Solving...
currentSize : 12 <-- 0.010803 s
currentSize : 13 <-- 0.010827 s
currentSize : 14 <-- 0.011646 s
currentSize : 15 <-- 0.011654 s
currentSize : 16 <-- 0.011802 s
currentSize : 17 <-- 0.856238 s
currentSize : 18 <-- 0.897480 s
currentSize : 19 <-- 0.898949 s
currentSize : 20 <-- 3.387126 s
currentSize : 21 <-- 8.505355 s
currentSize : 22 <-- 16.374111 s
currentSize : 23 <-- 16.486916 s

maxsize : 23
nodes : 3686136.000000
filtered : 79264374.000000
time : 17.133942
