Parameters: GAD=1 vflib=1 dir=0 label=0 lowerbound=1 fileNameGp=../graphsdb/mcs50/bvg/b03/mcs50_b03_s35.A74 fileNameGt=../graphsdb/mcs50/bvg/b03/mcs50_b03_s35.B74
Reading graphs...
35 :  52
35 :  52
Initializing...
maxdom : 35
D->valSize : 1225
Solving...
currentSize : 14 <-- 0.021109 s
currentSize : 15 <-- 0.021151 s
currentSize : 16 <-- 0.021297 s
currentSize : 17 <-- 0.040100 s
currentSize : 18 <-- 0.064410 s
currentSize : 19 <-- 0.064751 s
currentSize : 20 <-- 0.068840 s
currentSize : 21 <-- 0.170749 s
currentSize : 22 <-- 11.155254 s
currentSize : 23 <-- 12.202096 s
currentSize : 24 <-- 22.654535 s
currentSize : 25 <-- 388.892090 s

maxsize : 25
nodes : 175422878.000000
filtered : 3659581817.000000
time : 918.752075
