Parameters: GAD=1 vflib=1 dir=0 label=0 lowerbound=1 fileNameGp=../graphsdb/mcs50/rand/r02/mcs50_r02_s30.A26 fileNameGt=../graphsdb/mcs50/rand/r02/mcs50_r02_s30.B26
Reading graphs...
30 :  153
30 :  154
Initializing...
maxdom : 30
D->valSize : 900
Solving...
currentSize : 9 <-- 0.009436 s
currentSize : 10 <-- 0.009546 s
currentSize : 11 <-- 0.009562 s
currentSize : 12 <-- 0.010259 s
currentSize : 13 <-- 0.113888 s
currentSize : 14 <-- 0.884542 s
currentSize : 15 <-- 372.823181 s

maxsize : 15
nodes : 107798956.000000
filtered : 1422063048.000000
time : 453.251587
