Parameters: GAD=1 vflib=1 dir=0 label=0 lowerbound=1 fileNameGp=../graphsdb/mcs50/rand/r005/mcs50_r005_s35.A86 fileNameGt=../graphsdb/mcs50/rand/r005/mcs50_r005_s35.B86
Reading graphs...
35 :  62
35 :  62
Initializing...
maxdom : 35
D->valSize : 1225
Solving...
currentSize : 16 <-- 0.035595 s
currentSize : 17 <-- 0.036315 s
currentSize : 18 <-- 0.037318 s
currentSize : 19 <-- 0.039819 s
currentSize : 20 <-- 0.041724 s
currentSize : 21 <-- 0.075715 s
currentSize : 22 <-- 5.217704 s
currentSize : 23 <-- 17.030247 s
currentSize : 24 <-- 91.888687 s

maxsize : 24
nodes : 196806530.000000
filtered : 4971039525.000000
time : 1090.514282
