Parameters: GAD=1 vflib=1 dir=0 label=0 lowerbound=1 fileNameGp=../graphsdb/mcs50/bvg/b06m/mcs50_b06m_s35.A86 fileNameGt=../graphsdb/mcs50/bvg/b06m/mcs50_b06m_s35.B86
Reading graphs...
35 :  99
35 :  102
Initializing...
maxdom : 35
D->valSize : 1225
Solving...
currentSize : 14 <-- 0.019796 s
currentSize : 15 <-- 0.019895 s
currentSize : 16 <-- 0.020812 s
currentSize : 18 <-- 0.031562 s
currentSize : 19 <-- 0.031956 s
currentSize : 20 <-- 9.166037 s
currentSize : 21 <-- 29.791401 s

maxsize : 21
nodes : 300943065.000000
filtered : 8393849396.000000
time : 1722.845337
