Parameters: GAD=1 vflib=1 dir=0 label=0 lowerbound=1 fileNameGp=../graphsdb/mcs50/bvg/b09m/mcs50_b09m_s25.A18 fileNameGt=../graphsdb/mcs50/bvg/b09m/mcs50_b09m_s25.B18
Reading graphs...
25 :  100
25 :  104
Initializing...
maxdom : 25
D->valSize : 625
Solving...
currentSize : 8 <-- 0.007771 s
currentSize : 9 <-- 0.007856 s
currentSize : 10 <-- 0.007874 s
currentSize : 11 <-- 0.007992 s
currentSize : 12 <-- 0.009923 s
currentSize : 13 <-- 0.110582 s
currentSize : 14 <-- 0.968461 s

maxsize : 14
nodes : 2704812.000000
filtered : 41839781.000000
time : 11.439082
