Parameters: GAD=1 vflib=1 dir=0 label=0 lowerbound=1 fileNameGp=../graphsdb/mcs50/rand/r005/mcs50_r005_s35.A59 fileNameGt=../graphsdb/mcs50/rand/r005/mcs50_r005_s35.B59
Reading graphs...
35 :  60
35 :  62
Initializing...
maxdom : 35
D->valSize : 1225
Solving...
currentSize : 2 <-- 0.036117 s
currentSize : 17 <-- 0.036327 s
currentSize : 18 <-- 0.036353 s
currentSize : 19 <-- 0.045346 s
currentSize : 20 <-- 0.120454 s
currentSize : 21 <-- 0.148558 s
currentSize : 22 <-- 0.257641 s
currentSize : 23 <-- 13.148753 s
currentSize : 24 <-- 341.256622 s

maxsize : 24
nodes : 229968801.000000
filtered : 5647571566.000000
time : 1256.381592
