Parameters: GAD=1 vflib=1 dir=0 label=0 lowerbound=1 fileNameGp=../graphsdb/mcs50/rand/r005/mcs50_r005_s30.A01 fileNameGt=../graphsdb/mcs50/rand/r005/mcs50_r005_s30.B01
Reading graphs...
30 :  46
30 :  45
Initializing...
maxdom : 30
D->valSize : 900
Solving...
currentSize : 9 <-- 0.011611 s
currentSize : 10 <-- 0.011633 s
currentSize : 12 <-- 0.011647 s
currentSize : 13 <-- 0.011668 s
currentSize : 14 <-- 0.011974 s
currentSize : 15 <-- 0.022854 s
currentSize : 16 <-- 0.059736 s
currentSize : 17 <-- 0.177075 s
currentSize : 18 <-- 0.719388 s
currentSize : 19 <-- 2.523695 s
currentSize : 20 <-- 8.228216 s
currentSize : 21 <-- 29.260256 s

maxsize : 21
nodes : 20099155.000000
filtered : 326247167.000000
time : 87.006401
