Parameters: GAD=1 vflib=1 dir=0 label=0 lowerbound=1 fileNameGp=../graphsdb/mcs50/bvg/b09/mcs50_b09_s30.A98 fileNameGt=../graphsdb/mcs50/bvg/b09/mcs50_b09_s30.B98
Reading graphs...
30 :  132
30 :  131
Initializing...
maxdom : 30
D->valSize : 900
Solving...
currentSize : 12 <-- 0.009616 s
currentSize : 13 <-- 0.009644 s
currentSize : 14 <-- 0.026322 s
currentSize : 15 <-- 0.194579 s
currentSize : 16 <-- 0.268238 s
currentSize : 17 <-- 5.395240 s

maxsize : 17
nodes : 12815116.000000
filtered : 273238151.000000
time : 61.131207
