Parameters: GAD=1 vflib=1 dir=0 label=0 lowerbound=1 fileNameGp=../graphsdb/mcs50/rand/r02/mcs50_r02_s35.A83 fileNameGt=../graphsdb/mcs50/rand/r02/mcs50_r02_s35.B83
Reading graphs...
35 :  209
35 :  208
Initializing...
maxdom : 35
D->valSize : 1225
Solving...
currentSize : 10 <-- 0.022001 s
currentSize : 11 <-- 0.022148 s
currentSize : 12 <-- 0.022240 s
currentSize : 13 <-- 0.023972 s
currentSize : 14 <-- 0.506377 s
currentSize : 15 <-- 37.102886 s
currentSize : 17 <-- 2401.843262 s

TIMEOUT
maxsize : 17
nodes : 818205481.000000
filtered : 10159155713.000000
time : 3600.000000
