Parameters: GAD=1 vflib=1 dir=0 label=0 lowerbound=1 fileNameGp=../graphsdb/mcs50/rand/r02/mcs50_r02_s35.A13 fileNameGt=../graphsdb/mcs50/rand/r02/mcs50_r02_s35.B13
Reading graphs...
35 :  212
35 :  209
Initializing...
maxdom : 35
D->valSize : 1225
Solving...
currentSize : 11 <-- 0.022010 s
currentSize : 12 <-- 0.022127 s
currentSize : 13 <-- 0.027374 s
currentSize : 14 <-- 1.215968 s
currentSize : 15 <-- 33.729912 s
currentSize : 17 <-- 1488.823242 s

maxsize : 17
nodes : 637805530.000000
filtered : 9274627783.000000
time : 2922.530518
