Parameters: GAD=1 vflib=1 dir=0 label=0 lowerbound=1 fileNameGp=../graphsdb/mcs50/rand/r02/mcs50_r02_s20.A06 fileNameGt=../graphsdb/mcs50/rand/r02/mcs50_r02_s20.B06
Reading graphs...
20 :  70
20 :  69
Initializing...
maxdom : 20
D->valSize : 400
Solving...
currentSize : 7 <-- 0.002013 s
currentSize : 8 <-- 0.002039 s
currentSize : 9 <-- 0.002298 s
currentSize : 10 <-- 0.002811 s
currentSize : 11 <-- 0.009936 s
currentSize : 12 <-- 0.357315 s

maxsize : 12
nodes : 268805.000000
filtered : 3327121.000000
time : 0.890704
