Parameters: GAD=1 vflib=1 dir=0 label=0 lowerbound=1 fileNameGp=../graphsdb/mcs50/rand/r005/mcs50_r005_s30.A16 fileNameGt=../graphsdb/mcs50/rand/r005/mcs50_r005_s30.B16
Reading graphs...
30 :  47
30 :  47
Initializing...
maxdom : 30
D->valSize : 900
Solving...
currentSize : 16 <-- 0.019375 s
currentSize : 17 <-- 0.019419 s
currentSize : 18 <-- 0.019516 s
currentSize : 19 <-- 0.634557 s
currentSize : 20 <-- 0.645756 s
currentSize : 21 <-- 0.853292 s
currentSize : 22 <-- 2.839180 s
currentSize : 23 <-- 6.150648 s

maxsize : 23
nodes : 1750432.000000
filtered : 36574221.000000
time : 8.674803
