Parameters: GAD=1 vflib=1 dir=0 label=0 lowerbound=1 fileNameGp=../graphsdb/mcs50/m4D/m4Dr4/mcs50_m4Dr4_s30.A14 fileNameGt=../graphsdb/mcs50/m4D/m4Dr4/mcs50_m4Dr4_s30.B14
Reading graphs...
30 :  66
30 :  64
Initializing...
maxdom : 30
D->valSize : 900
Solving...
currentSize : 14 <-- 0.010635 s
currentSize : 15 <-- 0.010662 s
currentSize : 16 <-- 0.011007 s
currentSize : 17 <-- 0.014526 s
currentSize : 18 <-- 0.668923 s
currentSize : 19 <-- 3.566205 s
currentSize : 20 <-- 7.881132 s

maxsize : 20
nodes : 11814711.000000
filtered : 264353011.000000
time : 56.492161
