Parameters: GAD=1 vflib=1 dir=0 label=0 lowerbound=1 fileNameGp=../graphsdb/mcs50/bvg/b03/mcs50_b03_s25.A61 fileNameGt=../graphsdb/mcs50/bvg/b03/mcs50_b03_s25.B61
Reading graphs...
25 :  37
25 :  36
Initializing...
maxdom : 25
D->valSize : 625
Solving...
currentSize : 3 <-- 0.005319 s
currentSize : 13 <-- 0.005394 s
currentSize : 14 <-- 0.005404 s
currentSize : 15 <-- 0.008107 s
currentSize : 16 <-- 0.008134 s
currentSize : 17 <-- 0.008271 s
currentSize : 18 <-- 0.041486 s

maxsize : 18
nodes : 446883.000000
filtered : 8694358.000000
time : 1.812879
