Parameters: GAD=1 vflib=1 dir=0 label=0 lowerbound=1 fileNameGp=../graphsdb/mcs50/bvg/b09/mcs50_b09_s35.A97 fileNameGt=../graphsdb/mcs50/bvg/b09/mcs50_b09_s35.B97
Reading graphs...
35 :  153
35 :  154
Initializing...
maxdom : 35
D->valSize : 1225
Solving...
currentSize : 10 <-- 0.018629 s
currentSize : 11 <-- 0.018651 s
currentSize : 12 <-- 0.019091 s
currentSize : 13 <-- 0.019150 s
currentSize : 14 <-- 0.023076 s
currentSize : 15 <-- 0.029182 s
currentSize : 16 <-- 0.061323 s
currentSize : 17 <-- 0.771136 s
currentSize : 18 <-- 1.219990 s
currentSize : 19 <-- 48.238083 s
currentSize : 20 <-- 49.539848 s

maxsize : 20
nodes : 51999403.000000
filtered : 1619718854.000000
time : 307.794983
