Parameters: GAD=1 vflib=1 dir=0 label=0 lowerbound=1 fileNameGp=../graphsdb/mcs50/bvg/b03/mcs50_b03_s10.A04 fileNameGt=../graphsdb/mcs50/bvg/b03/mcs50_b03_s10.B04
Reading graphs...
10 :  15
10 :  14
Initializing...
maxdom : 10
D->valSize : 100
Solving...
currentSize : 3 <-- 0.000433 s
currentSize : 4 <-- 0.000445 s
currentSize : 5 <-- 0.000471 s
currentSize : 6 <-- 0.000545 s
currentSize : 7 <-- 0.000568 s
currentSize : 8 <-- 0.000917 s

maxsize : 8
nodes : 308.000000
filtered : 2469.000000
time : 0.001116
