Parameters: GAD=1 vflib=1 dir=0 label=0 lowerbound=1 fileNameGp=../graphsdb/mcs50/bvg/b09m/mcs50_b09m_s35.A69 fileNameGt=../graphsdb/mcs50/bvg/b09m/mcs50_b09m_s35.B69
Reading graphs...
35 :  149
35 :  147
Initializing...
maxdom : 35
D->valSize : 1225
Solving...
currentSize : 11 <-- 0.031520 s
currentSize : 12 <-- 0.032087 s
currentSize : 13 <-- 0.035394 s
currentSize : 14 <-- 0.050834 s
currentSize : 15 <-- 0.068826 s
currentSize : 16 <-- 0.449727 s
currentSize : 17 <-- 0.451336 s
currentSize : 18 <-- 267.338074 s

maxsize : 18
nodes : 636534150.000000
filtered : 13445311407.000000
time : 3215.803467
