Parameters: GAD=1 vflib=1 dir=0 label=0 lowerbound=1 fileNameGp=../graphsdb/mcs50/bvg/b03m/mcs50_b03m_s25.A68 fileNameGt=../graphsdb/mcs50/bvg/b03m/mcs50_b03m_s25.B68
Reading graphs...
25 :  35
25 :  36
Initializing...
maxdom : 25
D->valSize : 625
Solving...
currentSize : 13 <-- 0.005279 s
currentSize : 14 <-- 0.006091 s
currentSize : 15 <-- 0.006237 s
currentSize : 16 <-- 0.060949 s
currentSize : 17 <-- 0.280392 s
currentSize : 18 <-- 0.395414 s
currentSize : 19 <-- 0.395535 s

maxsize : 19
nodes : 242938.000000
filtered : 3470595.000000
time : 0.880060
