Parameters: GAD=1 vflib=1 dir=0 label=0 lowerbound=1 fileNameGp=../graphsdb/mcs50/m2D/m2Dr4/mcs50_m2Dr4_s30.A18 fileNameGt=../graphsdb/mcs50/m2D/m2Dr4/mcs50_m2Dr4_s30.B18
Reading graphs...
30 :  60
30 :  60
Initializing...
maxdom : 30
D->valSize : 900
Solving...
currentSize : 15 <-- 0.018727 s
currentSize : 16 <-- 0.019769 s
currentSize : 17 <-- 0.038460 s
currentSize : 18 <-- 0.063792 s
currentSize : 19 <-- 0.386351 s
currentSize : 20 <-- 14.370864 s

maxsize : 20
nodes : 19382729.000000
filtered : 440649598.000000
time : 95.181587
