Parameters: GAD=1 vflib=1 dir=0 label=0 lowerbound=1 fileNameGp=../graphsdb/mcs50/m2D/m2D/mcs50_m2D_s30.A54 fileNameGt=../graphsdb/mcs50/m2D/m2D/mcs50_m2D_s30.B54
Reading graphs...
30 :  49
30 :  48
Initializing...
maxdom : 30
D->valSize : 900
Solving...
currentSize : 16 <-- 0.019184 s
currentSize : 17 <-- 0.019205 s
currentSize : 18 <-- 0.019272 s
currentSize : 19 <-- 0.019320 s
currentSize : 20 <-- 0.322066 s
currentSize : 21 <-- 0.624911 s
currentSize : 22 <-- 2.030179 s
currentSize : 23 <-- 5.095841 s

maxsize : 23
nodes : 1572932.000000
filtered : 36536731.000000
time : 8.196255
