Parameters: GAD=1 vflib=1 dir=0 label=0 lowerbound=1 fileNameGp=../graphsdb/mcs50/rand/r01/mcs50_r01_s30.A42 fileNameGt=../graphsdb/mcs50/rand/r01/mcs50_r01_s30.B42
Reading graphs...
30 :  82
30 :  82
Initializing...
maxdom : 30
D->valSize : 900
Solving...
currentSize : 13 <-- 0.010484 s
currentSize : 14 <-- 0.010542 s
currentSize : 15 <-- 0.010727 s
currentSize : 16 <-- 0.027269 s
currentSize : 17 <-- 0.111917 s
currentSize : 18 <-- 3.542811 s

maxsize : 18
nodes : 39515333.000000
filtered : 875177842.000000
time : 189.635971
