Parameters: GAD=1 vflib=1 dir=0 label=0 lowerbound=1 fileNameGp=../graphsdb/mcs50/m3D/m3Dr2/mcs50_m3Dr2_s20.A37 fileNameGt=../graphsdb/mcs50/m3D/m3Dr2/mcs50_m3Dr2_s20.B37
Reading graphs...
20 :  39
20 :  40
Initializing...
maxdom : 20
D->valSize : 400
Solving...
currentSize : 8 <-- 0.002176 s
currentSize : 9 <-- 0.002194 s
currentSize : 11 <-- 0.002279 s
currentSize : 12 <-- 0.016715 s
currentSize : 13 <-- 0.199613 s
currentSize : 14 <-- 0.409876 s

maxsize : 14
nodes : 130260.000000
filtered : 1631567.000000
time : 0.489511
