Parameters: GAD=1 vflib=1 dir=0 label=0 lowerbound=1 fileNameGp=../graphsdb/mcs50/bvg/b09/mcs50_b09_s20.A12 fileNameGt=../graphsdb/mcs50/bvg/b09/mcs50_b09_s20.B12
Reading graphs...
20 :  88
20 :  87
Initializing...
maxdom : 20
D->valSize : 400
Solving...
currentSize : 6 <-- 0.002121 s
currentSize : 7 <-- 0.002144 s
currentSize : 10 <-- 0.002537 s
currentSize : 12 <-- 0.004921 s
currentSize : 13 <-- 0.005296 s
currentSize : 14 <-- 0.142220 s

maxsize : 14
nodes : 74007.000000
filtered : 1135130.000000
time : 0.255656
