Parameters: GAD=1 vflib=1 dir=0 label=0 lowerbound=1 fileNameGp=../graphsdb/mcs50/rand/r02/mcs50_r02_s30.A94 fileNameGt=../graphsdb/mcs50/rand/r02/mcs50_r02_s30.B94
Reading graphs...
30 :  153
30 :  156
Initializing...
maxdom : 30
D->valSize : 900
Solving...
currentSize : 10 <-- 0.009387 s
currentSize : 11 <-- 0.009469 s
currentSize : 12 <-- 0.009845 s
currentSize : 13 <-- 0.022577 s
currentSize : 14 <-- 0.737810 s
currentSize : 16 <-- 4.440484 s

maxsize : 16
nodes : 24998096.000000
filtered : 455315976.000000
time : 114.019714
