Parameters: GAD=1 vflib=1 dir=0 label=0 lowerbound=1 fileNameGp=../graphsdb/mcs50/rand/r005/mcs50_r005_s25.A76 fileNameGt=../graphsdb/mcs50/rand/r005/mcs50_r005_s25.B76
Reading graphs...
25 :  35
25 :  35
Initializing...
maxdom : 25
D->valSize : 625
Solving...
currentSize : 11 <-- 0.009385 s
currentSize : 12 <-- 0.009411 s
currentSize : 13 <-- 0.009584 s
currentSize : 14 <-- 0.009874 s
currentSize : 15 <-- 0.010998 s
currentSize : 16 <-- 0.011694 s
currentSize : 17 <-- 0.017953 s
currentSize : 18 <-- 1.786479 s

maxsize : 18
nodes : 1165477.000000
filtered : 16087778.000000
time : 4.190943
