Parameters: GAD=1 vflib=1 dir=0 label=0 lowerbound=1 fileNameGp=../graphsdb/mcs50/rand/r02/mcs50_r02_s35.A53 fileNameGt=../graphsdb/mcs50/rand/r02/mcs50_r02_s35.B53
Reading graphs...
35 :  213
35 :  204
Initializing...
maxdom : 35
D->valSize : 1225
Solving...
currentSize : 10 <-- 0.022596 s
currentSize : 11 <-- 0.022721 s
currentSize : 12 <-- 0.024445 s
currentSize : 13 <-- 0.037010 s
currentSize : 14 <-- 0.130140 s
currentSize : 15 <-- 4.563557 s
currentSize : 16 <-- 420.242493 s
currentSize : 17 <-- 420.242523 s

maxsize : 17
nodes : 410405956.000000
filtered : 6877901695.000000
time : 1950.293335
