Parameters: GAD=1 vflib=1 dir=0 label=0 lowerbound=1 fileNameGp=../graphsdb/mcs50/bvg/b06m/mcs50_b06m_s30.A09 fileNameGt=../graphsdb/mcs50/bvg/b06m/mcs50_b06m_s30.B09
Reading graphs...
30 :  85
30 :  86
Initializing...
maxdom : 30
D->valSize : 900
Solving...
currentSize : 12 <-- 0.016946 s
currentSize : 13 <-- 0.016968 s
currentSize : 14 <-- 0.017074 s
currentSize : 15 <-- 0.017499 s
currentSize : 16 <-- 0.018049 s
currentSize : 17 <-- 0.149043 s
currentSize : 18 <-- 0.904500 s
currentSize : 19 <-- 13.307139 s

maxsize : 19
nodes : 9107056.000000
filtered : 244846050.000000
time : 48.752831
