Parameters: GAD=1 vflib=1 dir=0 label=0 lowerbound=1 fileNameGp=../graphsdb/mcs50/bvg/b03m/mcs50_b03m_s35.A05 fileNameGt=../graphsdb/mcs50/bvg/b03m/mcs50_b03m_s35.B05
Reading graphs...
35 :  51
35 :  51
Initializing...
maxdom : 35
D->valSize : 1225
Solving...
currentSize : 17 <-- 0.020871 s
currentSize : 18 <-- 0.020902 s
currentSize : 19 <-- 0.022885 s
currentSize : 20 <-- 0.025857 s
currentSize : 21 <-- 2.317063 s
currentSize : 22 <-- 4.723636 s
currentSize : 23 <-- 24.485748 s
currentSize : 24 <-- 110.926880 s
currentSize : 25 <-- 1006.510925 s
currentSize : 26 <-- 1319.028564 s

maxsize : 26
nodes : 295267972.000000
filtered : 5138239404.000000
time : 1388.664185
