Parameters: GAD=1 vflib=1 dir=0 label=0 lowerbound=1 fileNameGp=../graphsdb/mcs50/bvg/b03/mcs50_b03_s25.A55 fileNameGt=../graphsdb/mcs50/bvg/b03/mcs50_b03_s25.B55
Reading graphs...
25 :  37
25 :  37
Initializing...
maxdom : 25
D->valSize : 625
Solving...
currentSize : 12 <-- 0.009063 s
currentSize : 13 <-- 0.009124 s
currentSize : 14 <-- 0.009933 s
currentSize : 15 <-- 0.010698 s
currentSize : 17 <-- 0.178988 s
currentSize : 18 <-- 0.371799 s

maxsize : 18
nodes : 1053350.000000
filtered : 16489359.000000
time : 4.036207
