Parameters: GAD=1 vflib=1 dir=0 label=0 lowerbound=1 fileNameGp=../graphsdb/mcs50/bvg/b06m/mcs50_b06m_s30.A66 fileNameGt=../graphsdb/mcs50/bvg/b06m/mcs50_b06m_s30.B66
Reading graphs...
30 :  88
30 :  86
Initializing...
maxdom : 30
D->valSize : 900
Solving...
currentSize : 12 <-- 0.010099 s
currentSize : 13 <-- 0.011458 s
currentSize : 14 <-- 0.028356 s
currentSize : 15 <-- 0.056140 s
currentSize : 16 <-- 0.273043 s
currentSize : 17 <-- 1.533207 s
currentSize : 18 <-- 29.249683 s

maxsize : 18
nodes : 28320029.000000
filtered : 635145355.000000
time : 134.840637
