Parameters: GAD=1 vflib=1 dir=0 label=0 lowerbound=1 fileNameGp=../graphsdb/mcs50/bvg/b03/mcs50_b03_s20.A65 fileNameGt=../graphsdb/mcs50/bvg/b03/mcs50_b03_s20.B65
Reading graphs...
20 :  29
20 :  29
Initializing...
maxdom : 20
D->valSize : 400
Solving...
currentSize : 9 <-- 0.002571 s
currentSize : 10 <-- 0.002603 s
currentSize : 11 <-- 0.002970 s
currentSize : 13 <-- 0.005521 s
currentSize : 14 <-- 0.205665 s
currentSize : 15 <-- 0.267378 s

maxsize : 15
nodes : 115363.000000
filtered : 1084953.000000
time : 0.324432
