Parameters: GAD=1 vflib=1 dir=0 label=0 lowerbound=1 fileNameGp=../graphsdb/mcs50/bvg/b09m/mcs50_b09m_s35.A41 fileNameGt=../graphsdb/mcs50/bvg/b09m/mcs50_b09m_s35.B41
Reading graphs...
35 :  148
35 :  147
Initializing...
maxdom : 35
D->valSize : 1225
Solving...
currentSize : 13 <-- 0.023949 s
currentSize : 14 <-- 0.024094 s
currentSize : 15 <-- 0.024494 s
currentSize : 16 <-- 0.201110 s
currentSize : 17 <-- 5.721065 s
currentSize : 18 <-- 51.018990 s
currentSize : 19 <-- 370.669922 s

maxsize : 19
nodes : 322003506.000000
filtered : 8193071996.000000
time : 1772.616455
