Parameters: GAD=1 vflib=1 dir=0 label=0 lowerbound=1 fileNameGp=../graphsdb/mcs50/bvg/b06/mcs50_b06_s30.A14 fileNameGt=../graphsdb/mcs50/bvg/b06/mcs50_b06_s30.B14
Reading graphs...
30 :  88
30 :  87
Initializing...
maxdom : 30
D->valSize : 900
Solving...
currentSize : 14 <-- 0.010409 s
currentSize : 15 <-- 0.011854 s
currentSize : 16 <-- 0.015383 s
currentSize : 17 <-- 0.476311 s
currentSize : 18 <-- 1.137654 s
currentSize : 19 <-- 1.494949 s

maxsize : 19
nodes : 8205661.000000
filtered : 217482852.000000
time : 42.701141
