Parameters: GAD=1 vflib=1 dir=0 label=0 lowerbound=1 fileNameGp=../graphsdb/mcs50/m3D/m3D/mcs50_m3D_s20.A14 fileNameGt=../graphsdb/mcs50/m3D/m3D/mcs50_m3D_s20.B14
Reading graphs...
20 :  37
20 :  35
Initializing...
maxdom : 20
D->valSize : 400
Solving...
currentSize : 9 <-- 0.002214 s
currentSize : 10 <-- 0.002228 s
currentSize : 11 <-- 0.004017 s
currentSize : 12 <-- 0.017241 s
currentSize : 13 <-- 0.049261 s
currentSize : 14 <-- 0.139944 s

maxsize : 14
nodes : 68786.000000
filtered : 996364.000000
time : 0.233960
