Parameters: GAD=1 vflib=1 dir=0 label=0 lowerbound=1 fileNameGp=../graphsdb/mcs50/m4D/m4Dr2/mcs50_m4Dr2_s35.A85 fileNameGt=../graphsdb/mcs50/m4D/m4Dr2/mcs50_m4Dr2_s35.B85
Reading graphs...
35 :  69
35 :  69
Initializing...
maxdom : 35
D->valSize : 1225
Solving...
currentSize : 14 <-- 0.035406 s
currentSize : 15 <-- 0.035449 s
currentSize : 16 <-- 0.036343 s
currentSize : 18 <-- 0.043088 s
currentSize : 19 <-- 0.043604 s
currentSize : 20 <-- 1.256183 s
currentSize : 21 <-- 1.262011 s
currentSize : 22 <-- 1.265607 s
currentSize : 23 <-- 28.462299 s
currentSize : 24 <-- 719.569336 s

maxsize : 24
nodes : 162699842.000000
filtered : 3831985007.000000
time : 893.694275
