Parameters: GAD=1 vflib=1 dir=0 label=0 lowerbound=1 fileNameGp=../graphsdb/mcs50/m4D/m4D/mcs50_m4D_s30.A62 fileNameGt=../graphsdb/mcs50/m4D/m4D/mcs50_m4D_s30.B62
Reading graphs...
30 :  55
30 :  54
Initializing...
maxdom : 30
D->valSize : 900
Solving...
currentSize : 8 <-- 0.018973 s
currentSize : 16 <-- 0.019044 s
currentSize : 17 <-- 0.020269 s
currentSize : 18 <-- 0.020363 s
currentSize : 19 <-- 0.024746 s
currentSize : 20 <-- 0.061346 s
currentSize : 21 <-- 9.159102 s
currentSize : 22 <-- 9.305901 s

maxsize : 22
nodes : 3130613.000000
filtered : 65165807.000000
time : 14.336978
