Parameters: GAD=1 vflib=1 dir=0 label=0 lowerbound=1 fileNameGp=../graphsdb/mcs50/bvg/b06m/mcs50_b06m_s35.A79 fileNameGt=../graphsdb/mcs50/bvg/b06m/mcs50_b06m_s35.B79
Reading graphs...
35 :  99
35 :  103
Initializing...
maxdom : 35
D->valSize : 1225
Solving...
currentSize : 14 <-- 0.024980 s
currentSize : 16 <-- 0.025023 s
currentSize : 17 <-- 0.032509 s
currentSize : 18 <-- 0.037306 s
currentSize : 19 <-- 0.037430 s
currentSize : 20 <-- 0.489701 s
currentSize : 21 <-- 50.951359 s

maxsize : 21
nodes : 258790460.000000
filtered : 7048026881.000000
time : 1486.568726
