Parameters: GAD=1 vflib=1 dir=0 label=0 lowerbound=1 fileNameGp=../graphsdb/mcs50/m4D/m4Dr6/mcs50_m4Dr6_s35.A96 fileNameGt=../graphsdb/mcs50/m4D/m4Dr6/mcs50_m4Dr6_s35.B96
Reading graphs...
35 :  81
35 :  81
Initializing...
maxdom : 35
D->valSize : 1225
Solving...
currentSize : 14 <-- 0.019841 s
currentSize : 15 <-- 0.024526 s
currentSize : 16 <-- 0.031143 s
currentSize : 17 <-- 0.031188 s
currentSize : 18 <-- 1.178438 s
currentSize : 19 <-- 1.375076 s
currentSize : 20 <-- 4.265189 s
currentSize : 21 <-- 7.092356 s
currentSize : 22 <-- 34.782459 s
currentSize : 23 <-- 306.173615 s

maxsize : 23
nodes : 109135999.000000
filtered : 2697784370.000000
time : 591.619568
