Parameters: GAD=1 vflib=1 dir=0 label=0 lowerbound=1 fileNameGp=../graphsdb/mcs50/m2D/m2D/mcs50_m2D_s20.A59 fileNameGt=../graphsdb/mcs50/m2D/m2D/mcs50_m2D_s20.B59
Reading graphs...
20 :  30
20 :  31
Initializing...
maxdom : 20
D->valSize : 400
Solving...
currentSize : 10 <-- 0.002298 s
currentSize : 11 <-- 0.002322 s
currentSize : 12 <-- 0.002732 s
currentSize : 13 <-- 0.002745 s
currentSize : 14 <-- 0.004485 s
currentSize : 15 <-- 0.157175 s

maxsize : 15
nodes : 79766.000000
filtered : 1138236.000000
time : 0.273744
