Parameters: GAD=1 vflib=1 dir=0 label=0 lowerbound=1 fileNameGp=../graphsdb/mcs50/bvg/b06m/mcs50_b06m_s25.A19 fileNameGt=../graphsdb/mcs50/bvg/b06m/mcs50_b06m_s25.B19
Reading graphs...
25 :  73
25 :  70
Initializing...
maxdom : 25
D->valSize : 625
Solving...
currentSize : 10 <-- 0.009775 s
currentSize : 11 <-- 0.009812 s
currentSize : 12 <-- 0.009877 s
currentSize : 13 <-- 0.010403 s
currentSize : 14 <-- 0.035417 s
currentSize : 15 <-- 1.102052 s

maxsize : 15
nodes : 2079247.000000
filtered : 38051808.000000
time : 8.529477
