Parameters: GAD=1 vflib=1 dir=0 label=0 lowerbound=1 fileNameGp=../graphsdb/mcs50/m2D/m2Dr6/mcs50_m2Dr6_s30.A42 fileNameGt=../graphsdb/mcs50/m2D/m2Dr6/mcs50_m2Dr6_s30.B42
Reading graphs...
30 :  62
30 :  64
Initializing...
maxdom : 30
D->valSize : 900
Solving...
currentSize : 15 <-- 0.010667 s
currentSize : 16 <-- 0.010721 s
currentSize : 17 <-- 0.259763 s
currentSize : 18 <-- 1.617903 s
currentSize : 19 <-- 5.505882 s
currentSize : 20 <-- 59.968204 s

maxsize : 20
nodes : 26304063.000000
filtered : 574316006.000000
time : 127.546280
