Parameters: GAD=1 vflib=1 dir=0 label=0 lowerbound=1 fileNameGp=../graphsdb/mcs50/m4D/m4Dr6/mcs50_m4Dr6_s35.A35 fileNameGt=../graphsdb/mcs50/m4D/m4Dr6/mcs50_m4Dr6_s35.B35
Reading graphs...
35 :  83
35 :  83
Initializing...
maxdom : 35
D->valSize : 1225
Solving...
currentSize : 11 <-- 0.023833 s
currentSize : 13 <-- 0.025500 s
currentSize : 15 <-- 0.026416 s
currentSize : 16 <-- 0.049166 s
currentSize : 17 <-- 0.049215 s
currentSize : 18 <-- 0.202234 s
currentSize : 19 <-- 0.272481 s
currentSize : 20 <-- 1.614215 s
currentSize : 21 <-- 16.191952 s
currentSize : 22 <-- 16.192642 s
currentSize : 23 <-- 19.770197 s

maxsize : 23
nodes : 62528427.000000
filtered : 1870296107.000000
time : 365.956970
