Parameters: GAD=1 vflib=1 dir=0 label=0 lowerbound=1 fileNameGp=../graphsdb/mcs50/rand/r01/mcs50_r01_s35.A37 fileNameGt=../graphsdb/mcs50/rand/r01/mcs50_r01_s35.B37
Reading graphs...
35 :  113
35 :  112
Initializing...
maxdom : 35
D->valSize : 1225
Solving...
currentSize : 14 <-- 0.032960 s
currentSize : 15 <-- 0.034574 s
currentSize : 16 <-- 0.051112 s
currentSize : 17 <-- 0.088910 s
currentSize : 18 <-- 0.175770 s
currentSize : 19 <-- 2.946748 s
currentSize : 20 <-- 4.448256 s

maxsize : 20
nodes : 617684059.000000
filtered : 15417386153.000000
time : 3343.106201
