Parameters: GAD=1 vflib=1 dir=0 label=0 lowerbound=1 fileNameGp=../graphsdb/mcs50/m4D/m4Dr2/mcs50_m4Dr2_s30.A58 fileNameGt=../graphsdb/mcs50/m4D/m4Dr2/mcs50_m4Dr2_s30.B58
Reading graphs...
30 :  61
30 :  60
Initializing...
maxdom : 30
D->valSize : 900
Solving...
currentSize : 14 <-- 0.010716 s
currentSize : 15 <-- 0.010797 s
currentSize : 16 <-- 0.020366 s
currentSize : 17 <-- 0.087514 s
currentSize : 18 <-- 0.088000 s
currentSize : 19 <-- 0.509183 s
currentSize : 20 <-- 5.490019 s
currentSize : 21 <-- 18.561890 s

maxsize : 21
nodes : 5941719.000000
filtered : 139816644.000000
time : 29.908735
