Parameters: GAD=1 vflib=1 dir=0 label=0 lowerbound=1 fileNameGp=../graphsdb/mcs50/bvg/b06/mcs50_b06_s35.A70 fileNameGt=../graphsdb/mcs50/bvg/b06/mcs50_b06_s35.B70
Reading graphs...
35 :  102
35 :  104
Initializing...
maxdom : 35
D->valSize : 1225
Solving...
currentSize : 15 <-- 0.023785 s
currentSize : 16 <-- 0.032392 s
currentSize : 17 <-- 0.039035 s
currentSize : 18 <-- 0.204306 s
currentSize : 19 <-- 0.213290 s
currentSize : 20 <-- 0.784790 s
currentSize : 21 <-- 62.614288 s

maxsize : 21
nodes : 304345995.000000
filtered : 8554056997.000000
time : 1760.778809
