Parameters: GAD=1 vflib=1 dir=0 label=0 lowerbound=1 fileNameGp=../graphsdb/mcs50/bvg/b03m/mcs50_b03m_s35.A06 fileNameGt=../graphsdb/mcs50/bvg/b03m/mcs50_b03m_s35.B06
Reading graphs...
35 :  52
35 :  51
Initializing...
maxdom : 35
D->valSize : 1225
Solving...
currentSize : 15 <-- 0.020850 s
currentSize : 17 <-- 0.020873 s
currentSize : 19 <-- 0.020896 s
currentSize : 20 <-- 0.030759 s
currentSize : 21 <-- 0.245568 s
currentSize : 22 <-- 4.270144 s
currentSize : 23 <-- 8.811800 s
currentSize : 24 <-- 29.680803 s
currentSize : 25 <-- 94.462341 s

maxsize : 25
nodes : 185595454.000000
filtered : 3599720559.000000
time : 924.503052
