Parameters: GAD=1 vflib=1 dir=0 label=0 lowerbound=1 fileNameGp=../graphsdb/mcs50/bvg/b03/mcs50_b03_s35.A66 fileNameGt=../graphsdb/mcs50/bvg/b03/mcs50_b03_s35.B66
Reading graphs...
35 :  52
35 :  52
Initializing...
maxdom : 35
D->valSize : 1225
Solving...
currentSize : 6 <-- 0.036637 s
currentSize : 18 <-- 0.036807 s
currentSize : 19 <-- 0.036872 s
currentSize : 21 <-- 0.099917 s
currentSize : 22 <-- 1.195370 s
currentSize : 23 <-- 4.804930 s
currentSize : 24 <-- 27.991032 s
currentSize : 25 <-- 45.071312 s
currentSize : 26 <-- 343.144073 s

maxsize : 26
nodes : 79374121.000000
filtered : 1774198898.000000
time : 419.570465
