Parameters: GAD=1 vflib=1 dir=0 label=0 lowerbound=1 fileNameGp=../graphsdb/mcs50/rand/r005/mcs50_r005_s35.A95 fileNameGt=../graphsdb/mcs50/rand/r005/mcs50_r005_s35.B95
Reading graphs...
35 :  60
35 :  60
Initializing...
maxdom : 35
D->valSize : 1225
Solving...
currentSize : 15 <-- 0.036118 s
currentSize : 16 <-- 0.036260 s
currentSize : 17 <-- 0.036307 s
currentSize : 18 <-- 0.245410 s
currentSize : 19 <-- 0.245815 s
currentSize : 20 <-- 1.936629 s
currentSize : 21 <-- 2.002074 s
currentSize : 22 <-- 20.103325 s
currentSize : 23 <-- 193.358749 s
currentSize : 24 <-- 549.002869 s

maxsize : 24
nodes : 298078747.000000
filtered : 6176820884.000000
time : 1554.400757
