Parameters: GAD=1 vflib=1 dir=0 label=0 lowerbound=1 fileNameGp=../graphsdb/mcs50/bvg/b06/mcs50_b06_s35.A43 fileNameGt=../graphsdb/mcs50/bvg/b06/mcs50_b06_s35.B43
Reading graphs...
35 :  104
35 :  104
Initializing...
maxdom : 35
D->valSize : 1225
Solving...
currentSize : 15 <-- 0.019413 s
currentSize : 16 <-- 0.023601 s
currentSize : 17 <-- 0.030804 s
currentSize : 19 <-- 0.232318 s
currentSize : 20 <-- 79.143814 s
currentSize : 21 <-- 100.769096 s
currentSize : 22 <-- 156.812012 s

maxsize : 22
nodes : 86963568.000000
filtered : 2870447581.000000
time : 532.732971
