Parameters: GAD=1 vflib=1 dir=0 label=0 lowerbound=1 fileNameGp=../graphsdb/mcs50/m4D/m4Dr4/mcs50_m4Dr4_s35.A28 fileNameGt=../graphsdb/mcs50/m4D/m4Dr4/mcs50_m4Dr4_s35.B28
Reading graphs...
35 :  75
35 :  76
Initializing...
maxdom : 35
D->valSize : 1225
Solving...
currentSize : 16 <-- 0.034872 s
currentSize : 17 <-- 0.034949 s
currentSize : 18 <-- 0.061377 s
currentSize : 19 <-- 0.070743 s
currentSize : 20 <-- 0.410093 s
currentSize : 21 <-- 0.599950 s
currentSize : 22 <-- 8.382239 s
currentSize : 23 <-- 115.450874 s

maxsize : 23
nodes : 211098362.000000
filtered : 5396522512.000000
time : 1182.128784
