Parameters: GAD=1 vflib=1 dir=0 label=0 lowerbound=1 fileNameGp=../graphsdb/mcs50/rand/r005/mcs50_r005_s20.A27 fileNameGt=../graphsdb/mcs50/rand/r005/mcs50_r005_s20.B27
Reading graphs...
20 :  24
20 :  24
Initializing...
maxdom : 20
D->valSize : 400
Solving...
currentSize : 8 <-- 0.002236 s
currentSize : 9 <-- 0.002262 s
currentSize : 10 <-- 0.002276 s
currentSize : 11 <-- 0.002476 s
currentSize : 12 <-- 0.005060 s
currentSize : 13 <-- 0.005118 s
currentSize : 14 <-- 0.024350 s

maxsize : 14
nodes : 127038.000000
filtered : 1308749.000000
time : 0.373169
