Parameters: GAD=1 vflib=1 dir=0 label=0 lowerbound=1 fileNameGp=../graphsdb/mcs50/m2D/m2Dr4/mcs50_m2Dr4_s30.A39 fileNameGt=../graphsdb/mcs50/m2D/m2Dr4/mcs50_m2Dr4_s30.B39
Reading graphs...
30 :  61
30 :  58
Initializing...
maxdom : 30
D->valSize : 900
Solving...
currentSize : 14 <-- 0.010787 s
currentSize : 15 <-- 0.010857 s
currentSize : 16 <-- 0.010868 s
currentSize : 17 <-- 0.041196 s
currentSize : 18 <-- 0.558933 s
currentSize : 19 <-- 3.592097 s
currentSize : 20 <-- 6.373946 s
currentSize : 21 <-- 14.165056 s

maxsize : 21
nodes : 9795846.000000
filtered : 230659450.000000
time : 48.884747
