Parameters: GAD=1 vflib=1 dir=0 label=0 lowerbound=1 fileNameGp=../graphsdb/mcs50/bvg/b06/mcs50_b06_s35.A38 fileNameGt=../graphsdb/mcs50/bvg/b06/mcs50_b06_s35.B38
Reading graphs...
35 :  102
35 :  103
Initializing...
maxdom : 35
D->valSize : 1225
Solving...
currentSize : 14 <-- 0.033604 s
currentSize : 15 <-- 0.033662 s
currentSize : 16 <-- 0.033706 s
currentSize : 17 <-- 0.033795 s
currentSize : 18 <-- 0.038622 s
currentSize : 19 <-- 1.139114 s
currentSize : 20 <-- 16.720167 s
currentSize : 21 <-- 63.506962 s
currentSize : 22 <-- 330.252167 s

maxsize : 22
nodes : 115531597.000000
filtered : 3510733399.000000
time : 682.832336
