Parameters: GAD=1 vflib=1 dir=0 label=0 lowerbound=1 fileNameGp=../graphsdb/mcs50/bvg/b09m/mcs50_b09m_s35.A39 fileNameGt=../graphsdb/mcs50/bvg/b09m/mcs50_b09m_s35.B39
Reading graphs...
35 :  147
35 :  142
Initializing...
maxdom : 35
D->valSize : 1225
Solving...
currentSize : 12 <-- 0.018126 s
currentSize : 13 <-- 0.018926 s
currentSize : 14 <-- 0.021143 s
currentSize : 15 <-- 0.033585 s
currentSize : 16 <-- 0.034154 s
currentSize : 17 <-- 0.131680 s
currentSize : 18 <-- 2.834226 s
currentSize : 19 <-- 689.443726 s

maxsize : 19
nodes : 296849574.000000
filtered : 7224979417.000000
time : 1572.244019
