Parameters: GAD=1 vflib=1 dir=0 label=0 lowerbound=1 fileNameGp=../graphsdb/mcs50/m2D/m2Dr6/mcs50_m2Dr6_s30.A85 fileNameGt=../graphsdb/mcs50/m2D/m2Dr6/mcs50_m2Dr6_s30.B85
Reading graphs...
30 :  65
30 :  64
Initializing...
maxdom : 30
D->valSize : 900
Solving...
currentSize : 14 <-- 0.010626 s
currentSize : 15 <-- 0.021063 s
currentSize : 16 <-- 0.027938 s
currentSize : 17 <-- 0.400986 s
currentSize : 18 <-- 1.555210 s
currentSize : 19 <-- 6.018720 s
currentSize : 20 <-- 26.381321 s

maxsize : 20
nodes : 22579849.000000
filtered : 530005194.000000
time : 112.774078
