Parameters: GAD=1 vflib=1 dir=0 label=0 lowerbound=1 fileNameGp=../graphsdb/mcs50/bvg/b06m/mcs50_b06m_s30.A77 fileNameGt=../graphsdb/mcs50/bvg/b06m/mcs50_b06m_s30.B77
Reading graphs...
30 :  88
30 :  88
Initializing...
maxdom : 30
D->valSize : 900
Solving...
currentSize : 12 <-- 0.017844 s
currentSize : 13 <-- 0.019486 s
currentSize : 14 <-- 0.039648 s
currentSize : 15 <-- 0.233449 s
currentSize : 16 <-- 0.279485 s
currentSize : 17 <-- 0.613383 s
currentSize : 18 <-- 13.393447 s

maxsize : 18
nodes : 24289571.000000
filtered : 545692349.000000
time : 118.475632
