Parameters: GAD=1 vflib=1 dir=0 label=0 lowerbound=1 fileNameGp=../graphsdb/mcs50/m3D/m3Dr6/mcs50_m3Dr6_s20.A47 fileNameGt=../graphsdb/mcs50/m3D/m3Dr6/mcs50_m3Dr6_s20.B47
Reading graphs...
20 :  47
20 :  46
Initializing...
maxdom : 20
D->valSize : 400
Solving...
currentSize : 8 <-- 0.002167 s
currentSize : 9 <-- 0.002191 s
currentSize : 10 <-- 0.002237 s
currentSize : 11 <-- 0.003927 s
currentSize : 12 <-- 0.013208 s
currentSize : 13 <-- 0.016178 s

maxsize : 13
nodes : 160476.000000
filtered : 2398905.000000
time : 0.593154
