Parameters: GAD=1 vflib=1 dir=0 label=0 lowerbound=1 fileNameGp=../graphsdb/mcs50/bvg/b06m/mcs50_b06m_s30.A45 fileNameGt=../graphsdb/mcs50/bvg/b06m/mcs50_b06m_s30.B45
Reading graphs...
30 :  85
30 :  85
Initializing...
maxdom : 30
D->valSize : 900
Solving...
currentSize : 9 <-- 0.010213 s
currentSize : 10 <-- 0.010230 s
currentSize : 14 <-- 0.010259 s
currentSize : 16 <-- 0.024198 s
currentSize : 17 <-- 0.025398 s
currentSize : 18 <-- 0.971789 s

maxsize : 18
nodes : 16375235.000000
filtered : 403661295.000000
time : 80.817421
