Parameters: GAD=1 vflib=1 dir=0 label=0 lowerbound=1 fileNameGp=../graphsdb/mcs50/rand/r01/mcs50_r01_s25.A94 fileNameGt=../graphsdb/mcs50/rand/r01/mcs50_r01_s25.B94
Reading graphs...
25 :  58
25 :  58
Initializing...
maxdom : 25
D->valSize : 625
Solving...
currentSize : 11 <-- 0.008656 s
currentSize : 12 <-- 0.008760 s
currentSize : 13 <-- 0.008883 s
currentSize : 14 <-- 0.010397 s
currentSize : 15 <-- 0.013443 s
currentSize : 16 <-- 0.177942 s

maxsize : 16
nodes : 2036110.000000
filtered : 37644278.000000
time : 8.961602
