Parameters: GAD=1 vflib=1 dir=0 label=0 lowerbound=1 fileNameGp=../graphsdb/mcs50/m4D/m4Dr2/mcs50_m4Dr2_s30.A36 fileNameGt=../graphsdb/mcs50/m4D/m4Dr2/mcs50_m4Dr2_s30.B36
Reading graphs...
30 :  61
30 :  59
Initializing...
maxdom : 30
D->valSize : 900
Solving...
currentSize : 11 <-- 0.018482 s
currentSize : 12 <-- 0.018896 s
currentSize : 15 <-- 0.021162 s
currentSize : 16 <-- 0.165971 s
currentSize : 17 <-- 0.166130 s
currentSize : 18 <-- 1.029243 s
currentSize : 19 <-- 1.460454 s
currentSize : 20 <-- 4.407179 s
currentSize : 21 <-- 5.674375 s

maxsize : 21
nodes : 3756137.000000
filtered : 85143608.000000
time : 18.176891
