Parameters: GAD=1 vflib=1 dir=0 label=0 lowerbound=1 fileNameGp=../graphsdb/mcs50/m4D/m4D/mcs50_m4D_s35.A54 fileNameGt=../graphsdb/mcs50/m4D/m4D/mcs50_m4D_s35.B54
Reading graphs...
35 :  63
35 :  63
Initializing...
maxdom : 35
D->valSize : 1225
Solving...
currentSize : 11 <-- 0.035300 s
currentSize : 12 <-- 0.035852 s
currentSize : 13 <-- 0.037867 s
currentSize : 15 <-- 0.049840 s
currentSize : 17 <-- 0.050727 s
currentSize : 18 <-- 0.051245 s
currentSize : 19 <-- 0.248008 s
currentSize : 20 <-- 2.345170 s
currentSize : 21 <-- 2.345196 s
currentSize : 22 <-- 11.255300 s
currentSize : 23 <-- 76.159760 s
currentSize : 24 <-- 119.453438 s

maxsize : 24
nodes : 74821544.000000
filtered : 1701755391.000000
time : 384.138733
