Parameters: GAD=1 vflib=1 dir=0 label=0 lowerbound=1 fileNameGp=../graphsdb/mcs50/m3D/m3Dr2/mcs50_m3Dr2_s20.A24 fileNameGt=../graphsdb/mcs50/m3D/m3Dr2/mcs50_m3Dr2_s20.B24
Reading graphs...
20 :  41
20 :  41
Initializing...
maxdom : 20
D->valSize : 400
Solving...
currentSize : 8 <-- 0.002171 s
currentSize : 9 <-- 0.002192 s
currentSize : 11 <-- 0.002222 s
currentSize : 12 <-- 0.005770 s
currentSize : 13 <-- 0.028741 s
currentSize : 14 <-- 0.162372 s

maxsize : 14
nodes : 92442.000000
filtered : 1408759.000000
time : 0.321327
