Parameters: GAD=1 vflib=1 dir=0 label=0 lowerbound=1 fileNameGp=../graphsdb/mcs50/bvg/b06m/mcs50_b06m_s35.A05 fileNameGt=../graphsdb/mcs50/bvg/b06m/mcs50_b06m_s35.B05
Reading graphs...
35 :  98
35 :  99
Initializing...
maxdom : 35
D->valSize : 1225
Solving...
currentSize : 16 <-- 0.020132 s
currentSize : 17 <-- 0.020731 s
currentSize : 18 <-- 0.105523 s
currentSize : 19 <-- 0.327801 s
currentSize : 20 <-- 4.316608 s
currentSize : 21 <-- 25.003593 s
currentSize : 22 <-- 1085.279053 s

maxsize : 22
nodes : 273324200.000000
filtered : 7661722626.000000
time : 1560.016968
