Parameters: GAD=1 vflib=1 dir=0 label=0 lowerbound=1 fileNameGp=../graphsdb/mcs50/m4D/m4D/mcs50_m4D_s35.A85 fileNameGt=../graphsdb/mcs50/m4D/m4D/mcs50_m4D_s35.B85
Reading graphs...
35 :  62
35 :  63
Initializing...
maxdom : 35
D->valSize : 1225
Solving...
currentSize : 16 <-- 0.025133 s
currentSize : 17 <-- 0.025177 s
currentSize : 18 <-- 0.025822 s
currentSize : 19 <-- 0.030407 s
currentSize : 20 <-- 0.335748 s
currentSize : 21 <-- 0.464715 s
currentSize : 22 <-- 1.013708 s
currentSize : 23 <-- 6.174391 s
currentSize : 24 <-- 7.287652 s
currentSize : 25 <-- 161.146729 s

maxsize : 25
nodes : 40427624.000000
filtered : 962117766.000000
time : 226.303024
