Parameters: GAD=1 vflib=1 dir=0 label=0 lowerbound=1 fileNameGp=../graphsdb/mcs50/m4D/m4Dr2/mcs50_m4Dr2_s35.A21 fileNameGt=../graphsdb/mcs50/m4D/m4Dr2/mcs50_m4Dr2_s35.B21
Reading graphs...
35 :  70
35 :  70
Initializing...
maxdom : 35
D->valSize : 1225
Solving...
currentSize : 14 <-- 0.020507 s
currentSize : 16 <-- 0.021229 s
currentSize : 17 <-- 0.022285 s
currentSize : 18 <-- 1.385683 s
currentSize : 19 <-- 12.183750 s
currentSize : 20 <-- 48.136402 s
currentSize : 21 <-- 131.104248 s
currentSize : 22 <-- 272.433624 s
currentSize : 23 <-- 517.781128 s

maxsize : 23
nodes : 320859885.000000
filtered : 6644569900.000000
time : 1620.988647
