Parameters: GAD=1 vflib=1 dir=0 label=0 lowerbound=1 fileNameGp=../graphsdb/mcs50/bvg/b06m/mcs50_b06m_s25.A11 fileNameGt=../graphsdb/mcs50/bvg/b06m/mcs50_b06m_s25.B11
Reading graphs...
25 :  72
25 :  71
Initializing...
maxdom : 25
D->valSize : 625
Solving...
currentSize : 9 <-- 0.004854 s
currentSize : 10 <-- 0.004893 s
currentSize : 11 <-- 0.005207 s
currentSize : 12 <-- 0.005223 s
currentSize : 13 <-- 0.006858 s
currentSize : 14 <-- 0.135923 s
currentSize : 15 <-- 1.865712 s

maxsize : 15
nodes : 2756894.000000
filtered : 48914623.000000
time : 11.175765
