Parameters: GAD=1 vflib=1 dir=0 label=0 lowerbound=1 fileNameGp=../graphsdb/mcs50/m4D/m4Dr4/mcs50_m4Dr4_s30.A89 fileNameGt=../graphsdb/mcs50/m4D/m4Dr4/mcs50_m4Dr4_s30.B89
Reading graphs...
30 :  65
30 :  65
Initializing...
maxdom : 30
D->valSize : 900
Solving...
currentSize : 10 <-- 0.010594 s
currentSize : 14 <-- 0.010631 s
currentSize : 15 <-- 0.013916 s
currentSize : 16 <-- 0.038902 s
currentSize : 17 <-- 0.367520 s
currentSize : 18 <-- 1.528028 s
currentSize : 19 <-- 1.990906 s
currentSize : 20 <-- 20.240028 s

maxsize : 20
nodes : 11161466.000000
filtered : 249958352.000000
time : 54.047302
