Parameters: GAD=1 vflib=1 dir=0 label=0 lowerbound=1 fileNameGp=../graphsdb/mcs50/m2D/m2Dr6/mcs50_m2Dr6_s30.A33 fileNameGt=../graphsdb/mcs50/m2D/m2Dr6/mcs50_m2Dr6_s30.B33
Reading graphs...
30 :  65
30 :  64
Initializing...
maxdom : 30
D->valSize : 900
Solving...
currentSize : 9 <-- 0.010558 s
currentSize : 12 <-- 0.010610 s
currentSize : 14 <-- 0.010684 s
currentSize : 15 <-- 0.046338 s
currentSize : 16 <-- 0.267567 s
currentSize : 17 <-- 0.450711 s
currentSize : 18 <-- 1.993063 s
currentSize : 19 <-- 2.916076 s

maxsize : 19
nodes : 39893763.000000
filtered : 841539764.000000
time : 195.184814
