Parameters: GAD=1 vflib=1 dir=0 label=0 lowerbound=1 fileNameGp=../graphsdb/mcs50/bvg/b03m/mcs50_b03m_s20.A09 fileNameGt=../graphsdb/mcs50/bvg/b03m/mcs50_b03m_s20.B09
Reading graphs...
20 :  29
20 :  30
Initializing...
maxdom : 20
D->valSize : 400
Solving...
currentSize : 8 <-- 0.002272 s
currentSize : 9 <-- 0.003309 s
currentSize : 10 <-- 0.006369 s
currentSize : 11 <-- 0.006779 s
currentSize : 13 <-- 0.148304 s
currentSize : 15 <-- 0.831911 s

maxsize : 15
nodes : 318510.000000
filtered : 2584522.000000
time : 0.842456
