Parameters: GAD=1 vflib=1 dir=0 label=0 lowerbound=1 fileNameGp=../graphsdb/mcs50/m2D/m2D/mcs50_m2D_s30.A15 fileNameGt=../graphsdb/mcs50/m2D/m2D/mcs50_m2D_s30.B15
Reading graphs...
30 :  49
30 :  48
Initializing...
maxdom : 30
D->valSize : 900
Solving...
currentSize : 15 <-- 0.011092 s
currentSize : 16 <-- 0.011111 s
currentSize : 17 <-- 0.014261 s
currentSize : 18 <-- 0.017513 s
currentSize : 19 <-- 0.019485 s
currentSize : 20 <-- 0.020750 s
currentSize : 21 <-- 0.103745 s

maxsize : 21
nodes : 10454874.000000
filtered : 226095572.000000
time : 51.059460
