Parameters: GAD=1 vflib=1 dir=0 label=0 lowerbound=1 fileNameGp=../graphsdb/mcs50/m2D/m2D/mcs50_m2D_s30.A78 fileNameGt=../graphsdb/mcs50/m2D/m2D/mcs50_m2D_s30.B78
Reading graphs...
30 :  49
30 :  48
Initializing...
maxdom : 30
D->valSize : 900
Solving...
currentSize : 10 <-- 0.019153 s
currentSize : 14 <-- 0.019543 s
currentSize : 16 <-- 0.022617 s
currentSize : 17 <-- 0.022645 s
currentSize : 18 <-- 0.065983 s
currentSize : 19 <-- 1.048803 s
currentSize : 20 <-- 4.444452 s
currentSize : 21 <-- 19.529316 s
currentSize : 22 <-- 46.528408 s

maxsize : 22
nodes : 13151141.000000
filtered : 234133039.000000
time : 59.200951
