Parameters: GAD=1 vflib=1 dir=0 label=0 lowerbound=1 fileNameGp=../graphsdb/mcs50/bvg/b09m/mcs50_b09m_s30.A97 fileNameGt=../graphsdb/mcs50/bvg/b09m/mcs50_b09m_s30.B97
Reading graphs...
30 :  128
30 :  128
Initializing...
maxdom : 30
D->valSize : 900
Solving...
currentSize : 11 <-- 0.009759 s
currentSize : 12 <-- 0.010611 s
currentSize : 13 <-- 0.012093 s
currentSize : 14 <-- 0.072634 s
currentSize : 15 <-- 2.450442 s
currentSize : 16 <-- 98.632828 s

maxsize : 16
nodes : 44365797.000000
filtered : 780523410.000000
time : 197.027084
