Parameters: GAD=1 vflib=1 dir=0 label=0 lowerbound=1 fileNameGp=../graphsdb/mcs50/rand/r005/mcs50_r005_s20.A11 fileNameGt=../graphsdb/mcs50/rand/r005/mcs50_r005_s20.B11
Reading graphs...
20 :  23
20 :  24
Initializing...
maxdom : 20
D->valSize : 400
Solving...
currentSize : 8 <-- 0.002448 s
currentSize : 11 <-- 0.002481 s
currentSize : 12 <-- 0.002557 s
currentSize : 13 <-- 0.017766 s
currentSize : 14 <-- 0.027534 s
currentSize : 15 <-- 0.077444 s

maxsize : 15
nodes : 48307.000000
filtered : 498190.000000
time : 0.138027
