Parameters: GAD=1 vflib=1 dir=0 label=0 lowerbound=1 fileNameGp=../graphsdb/mcs50/m3D/m3Dr2/mcs50_m3Dr2_s20.A05 fileNameGt=../graphsdb/mcs50/m3D/m3Dr2/mcs50_m3Dr2_s20.B05
Reading graphs...
20 :  41
20 :  40
Initializing...
maxdom : 20
D->valSize : 400
Solving...
currentSize : 8 <-- 0.002281 s
currentSize : 9 <-- 0.002298 s
currentSize : 10 <-- 0.002350 s
currentSize : 11 <-- 0.002745 s
currentSize : 12 <-- 0.003610 s
currentSize : 13 <-- 0.239149 s

maxsize : 13
nodes : 277587.000000
filtered : 3420998.000000
time : 1.059891
