Parameters: GAD=1 vflib=1 dir=0 label=0 lowerbound=1 fileNameGp=../graphsdb/mcs50/rand/r01/mcs50_r01_s20.A33 fileNameGt=../graphsdb/mcs50/rand/r01/mcs50_r01_s20.B33
Reading graphs...
20 :  35
20 :  35
Initializing...
maxdom : 20
D->valSize : 400
Solving...
currentSize : 7 <-- 0.002138 s
currentSize : 9 <-- 0.002169 s
currentSize : 10 <-- 0.002622 s
currentSize : 11 <-- 0.003016 s
currentSize : 12 <-- 0.006934 s
currentSize : 13 <-- 0.012328 s
currentSize : 14 <-- 0.022710 s

maxsize : 14
nodes : 87198.000000
filtered : 1317738.000000
time : 0.302506
