Parameters: GAD=1 vflib=1 dir=0 label=0 lowerbound=1 fileNameGp=../graphsdb/mcs50/bvg/b06m/mcs50_b06m_s30.A04 fileNameGt=../graphsdb/mcs50/bvg/b06m/mcs50_b06m_s30.B04
Reading graphs...
30 :  86
30 :  88
Initializing...
maxdom : 30
D->valSize : 900
Solving...
currentSize : 14 <-- 0.017552 s
currentSize : 15 <-- 0.020550 s
currentSize : 16 <-- 0.088761 s
currentSize : 17 <-- 0.137077 s
currentSize : 18 <-- 15.802142 s
currentSize : 19 <-- 77.100998 s

maxsize : 19
nodes : 18732322.000000
filtered : 416558489.000000
time : 91.461205
