Parameters: GAD=1 vflib=1 dir=0 label=0 lowerbound=1 fileNameGp=../graphsdb/mcs50/bvg/b06m/mcs50_b06m_s15.A50 fileNameGt=../graphsdb/mcs50/bvg/b06m/mcs50_b06m_s15.B50
Reading graphs...
15 :  42
15 :  41
Initializing...
maxdom : 15
D->valSize : 225
Solving...
currentSize : 5 <-- 0.001290 s
currentSize : 7 <-- 0.001333 s
currentSize : 8 <-- 0.001519 s
currentSize : 9 <-- 0.001650 s
currentSize : 10 <-- 0.007720 s
currentSize : 11 <-- 0.011490 s

maxsize : 11
nodes : 3872.000000
filtered : 50511.000000
time : 0.018416
