Parameters: GAD=1 vflib=1 dir=0 label=0 lowerbound=1 fileNameGp=../graphsdb/mcs50/m2D/m2Dr4/mcs50_m2Dr4_s30.A00 fileNameGt=../graphsdb/mcs50/m2D/m2Dr4/mcs50_m2Dr4_s30.B00
Reading graphs...
30 :  61
30 :  59
Initializing...
maxdom : 30
D->valSize : 900
Solving...
currentSize : 14 <-- 0.010712 s
currentSize : 15 <-- 0.010728 s
currentSize : 16 <-- 0.010736 s
currentSize : 17 <-- 0.020663 s
currentSize : 18 <-- 0.025725 s
currentSize : 19 <-- 0.104432 s
currentSize : 20 <-- 10.665718 s

maxsize : 20
nodes : 14364453.000000
filtered : 338988647.000000
time : 69.047150
