Parameters: GAD=1 vflib=1 dir=0 label=0 lowerbound=1 fileNameGp=../graphsdb/mcs50/rand/r02/mcs50_r02_s25.A17 fileNameGt=../graphsdb/mcs50/rand/r02/mcs50_r02_s25.B17
Reading graphs...
25 :  112
25 :  108
Initializing...
maxdom : 25
D->valSize : 625
Solving...
currentSize : 9 <-- 0.007633 s
currentSize : 10 <-- 0.007770 s
currentSize : 11 <-- 0.011326 s
currentSize : 12 <-- 0.019433 s
currentSize : 13 <-- 0.107290 s
currentSize : 14 <-- 6.387849 s

maxsize : 14
nodes : 3666943.000000
filtered : 52590988.000000
time : 14.505804
