Parameters: GAD=1 vflib=1 dir=0 label=0 lowerbound=1 fileNameGp=../graphsdb/mcs50/rand/r02/mcs50_r02_s35.A48 fileNameGt=../graphsdb/mcs50/rand/r02/mcs50_r02_s35.B48
Reading graphs...
35 :  208
35 :  214
Initializing...
maxdom : 35
D->valSize : 1225
Solving...
currentSize : 10 <-- 0.017479 s
currentSize : 11 <-- 0.017791 s
currentSize : 12 <-- 0.018251 s
currentSize : 13 <-- 0.027936 s
currentSize : 14 <-- 0.114567 s
currentSize : 15 <-- 101.626160 s
currentSize : 16 <-- 1090.473511 s
currentSize : 17 <-- 1090.473633 s

maxsize : 17
nodes : 586365692.000000
filtered : 8828102203.000000
time : 2726.372070
