Parameters: GAD=1 vflib=1 dir=0 label=0 lowerbound=1 fileNameGp=../graphsdb/mcs50/m4D/m4Dr2/mcs50_m4Dr2_s35.A67 fileNameGt=../graphsdb/mcs50/m4D/m4Dr2/mcs50_m4Dr2_s35.B67
Reading graphs...
35 :  68
35 :  69
Initializing...
maxdom : 35
D->valSize : 1225
Solving...
currentSize : 16 <-- 0.035349 s
currentSize : 17 <-- 0.035372 s
currentSize : 18 <-- 0.036271 s
currentSize : 19 <-- 0.046975 s
currentSize : 20 <-- 0.046989 s
currentSize : 21 <-- 0.166417 s
currentSize : 22 <-- 0.610018 s
currentSize : 23 <-- 10.326595 s
currentSize : 24 <-- 21.071568 s

maxsize : 24
nodes : 43484280.000000
filtered : 1282387836.000000
time : 255.105515
