Parameters: GAD=1 vflib=1 dir=0 label=0 lowerbound=1 fileNameGp=../graphsdb/mcs50/m2D/m2Dr2/mcs50_m2Dr2_s30.A81 fileNameGt=../graphsdb/mcs50/m2D/m2Dr2/mcs50_m2Dr2_s30.B81
Reading graphs...
30 :  54
30 :  52
Initializing...
maxdom : 30
D->valSize : 900
Solving...
currentSize : 14 <-- 0.019060 s
currentSize : 15 <-- 0.019083 s
currentSize : 16 <-- 0.019747 s
currentSize : 17 <-- 0.032123 s
currentSize : 18 <-- 0.049552 s
currentSize : 19 <-- 0.133693 s
currentSize : 20 <-- 0.137069 s
currentSize : 21 <-- 0.137846 s

maxsize : 21
nodes : 6330416.000000
filtered : 165384296.000000
time : 32.848812
