Parameters: GAD=1 vflib=1 dir=0 label=0 lowerbound=1 fileNameGp=../graphsdb/mcs50/m3D/m3Dr2/mcs50_m3Dr2_s20.A30 fileNameGt=../graphsdb/mcs50/m3D/m3Dr2/mcs50_m3Dr2_s20.B30
Reading graphs...
20 :  38
20 :  37
Initializing...
maxdom : 20
D->valSize : 400
Solving...
currentSize : 8 <-- 0.002140 s
currentSize : 9 <-- 0.002257 s
currentSize : 10 <-- 0.002582 s
currentSize : 11 <-- 0.003953 s
currentSize : 12 <-- 0.058481 s
currentSize : 13 <-- 0.063232 s
currentSize : 14 <-- 0.205625 s

maxsize : 14
nodes : 121853.000000
filtered : 1569627.000000
time : 0.394687
