Parameters: GAD=1 vflib=1 dir=0 label=0 lowerbound=1 fileNameGp=../graphsdb/mcs50/bvg/b06/mcs50_b06_s30.A17 fileNameGt=../graphsdb/mcs50/bvg/b06/mcs50_b06_s30.B17
Reading graphs...
30 :  89
30 :  89
Initializing...
maxdom : 30
D->valSize : 900
Solving...
currentSize : 12 <-- 0.017514 s
currentSize : 13 <-- 0.019018 s
currentSize : 14 <-- 0.025604 s
currentSize : 15 <-- 0.027646 s
currentSize : 16 <-- 0.044352 s
currentSize : 17 <-- 0.106051 s
currentSize : 18 <-- 1.637936 s
currentSize : 19 <-- 15.900090 s

maxsize : 19
nodes : 10307028.000000
filtered : 269984538.000000
time : 52.949627
