Parameters: GAD=1 vflib=1 dir=0 label=0 lowerbound=1 fileNameGp=../graphsdb/mcs50/bvg/b09m/mcs50_b09m_s25.A50 fileNameGt=../graphsdb/mcs50/bvg/b09m/mcs50_b09m_s25.B50
Reading graphs...
25 :  105
25 :  109
Initializing...
maxdom : 25
D->valSize : 625
Solving...
currentSize : 9 <-- 0.007769 s
currentSize : 10 <-- 0.007789 s
currentSize : 11 <-- 0.007887 s
currentSize : 12 <-- 0.009236 s
currentSize : 13 <-- 0.015568 s
currentSize : 14 <-- 0.129507 s

maxsize : 14
nodes : 1501043.000000
filtered : 26399703.000000
time : 6.214475
