Parameters: GAD=1 vflib=1 dir=0 label=0 lowerbound=1 fileNameGp=../graphsdb/mcs50/m2D/m2Dr4/mcs50_m2Dr4_s20.A10 fileNameGt=../graphsdb/mcs50/m2D/m2Dr4/mcs50_m2Dr4_s20.B10
Reading graphs...
20 :  36
20 :  33
Initializing...
maxdom : 20
D->valSize : 400
Solving...
currentSize : 9 <-- 0.002201 s
currentSize : 10 <-- 0.002414 s
currentSize : 11 <-- 0.002601 s
currentSize : 12 <-- 0.027858 s
currentSize : 13 <-- 0.051010 s
currentSize : 14 <-- 0.121270 s

maxsize : 14
nodes : 107086.000000
filtered : 1406135.000000
time : 0.342590
