Parameters: GAD=1 vflib=1 dir=0 label=0 lowerbound=1 fileNameGp=../graphsdb/mcs50/bvg/b06/mcs50_b06_s25.A31 fileNameGt=../graphsdb/mcs50/bvg/b06/mcs50_b06_s25.B31
Reading graphs...
25 :  72
25 :  74
Initializing...
maxdom : 25
D->valSize : 625
Solving...
currentSize : 11 <-- 0.004754 s
currentSize : 12 <-- 0.004841 s
currentSize : 13 <-- 0.004999 s
currentSize : 14 <-- 0.008584 s
currentSize : 15 <-- 0.054380 s
currentSize : 16 <-- 2.297175 s

maxsize : 16
nodes : 1168505.000000
filtered : 21759851.000000
time : 4.904841
