Parameters: GAD=1 vflib=1 dir=0 label=0 lowerbound=1 fileNameGp=../graphsdb/mcs50/m4D/m4Dr2/mcs50_m4Dr2_s30.A88 fileNameGt=../graphsdb/mcs50/m4D/m4Dr2/mcs50_m4Dr2_s30.B88
Reading graphs...
30 :  60
30 :  58
Initializing...
maxdom : 30
D->valSize : 900
Solving...
currentSize : 14 <-- 0.010645 s
currentSize : 15 <-- 0.012877 s
currentSize : 16 <-- 0.013285 s
currentSize : 17 <-- 0.656589 s
currentSize : 18 <-- 0.779748 s
currentSize : 19 <-- 1.036820 s
currentSize : 20 <-- 1.987638 s
currentSize : 21 <-- 4.125286 s
currentSize : 22 <-- 7.455419 s

maxsize : 22
nodes : 2223936.000000
filtered : 52158163.000000
time : 11.327569
