Parameters: GAD=1 vflib=1 dir=0 label=0 lowerbound=1 fileNameGp=../graphsdb/mcs50/m2D/m2Dr4/mcs50_m2Dr4_s30.A06 fileNameGt=../graphsdb/mcs50/m2D/m2Dr4/mcs50_m2Dr4_s30.B06
Reading graphs...
30 :  61
30 :  60
Initializing...
maxdom : 30
D->valSize : 900
Solving...
currentSize : 10 <-- 0.011028 s
currentSize : 13 <-- 0.011135 s
currentSize : 14 <-- 0.012379 s
currentSize : 15 <-- 0.020023 s
currentSize : 16 <-- 0.020038 s
currentSize : 17 <-- 0.107535 s
currentSize : 18 <-- 0.427850 s
currentSize : 19 <-- 6.212389 s
currentSize : 20 <-- 10.107732 s

maxsize : 20
nodes : 19520870.000000
filtered : 431662359.000000
time : 94.138100
