Parameters: GAD=1 vflib=1 dir=0 label=0 lowerbound=1 fileNameGp=../graphsdb/mcs50/bvg/b06/mcs50_b06_s35.A77 fileNameGt=../graphsdb/mcs50/bvg/b06/mcs50_b06_s35.B77
Reading graphs...
35 :  102
35 :  104
Initializing...
maxdom : 35
D->valSize : 1225
Solving...
currentSize : 13 <-- 0.019291 s
currentSize : 14 <-- 0.019321 s
currentSize : 16 <-- 0.019382 s
currentSize : 17 <-- 0.019629 s
currentSize : 18 <-- 0.019958 s
currentSize : 19 <-- 0.094928 s
currentSize : 20 <-- 0.094995 s
currentSize : 21 <-- 2.019667 s

maxsize : 21
nodes : 309781188.000000
filtered : 8850531808.000000
time : 1816.938110
