Parameters: GAD=1 vflib=1 dir=0 label=0 lowerbound=1 fileNameGp=../graphsdb/mcs50/bvg/b09/mcs50_b09_s30.A28 fileNameGt=../graphsdb/mcs50/bvg/b09/mcs50_b09_s30.B28
Reading graphs...
30 :  132
30 :  130
Initializing...
maxdom : 30
D->valSize : 900
Solving...
currentSize : 11 <-- 0.009918 s
currentSize : 12 <-- 0.010058 s
currentSize : 13 <-- 0.010247 s
currentSize : 14 <-- 0.011068 s
currentSize : 15 <-- 0.011088 s
currentSize : 16 <-- 0.368977 s

maxsize : 16
nodes : 29077181.000000
filtered : 533280807.000000
time : 131.021896
