Parameters: GAD=1 vflib=1 dir=0 label=0 lowerbound=1 fileNameGp=../graphsdb/mcs50/bvg/b09/mcs50_b09_s35.A49 fileNameGt=../graphsdb/mcs50/bvg/b09/mcs50_b09_s35.B49
Reading graphs...
35 :  154
35 :  153
Initializing...
maxdom : 35
D->valSize : 1225
Solving...
currentSize : 13 <-- 0.018065 s
currentSize : 14 <-- 0.018087 s
currentSize : 15 <-- 0.019676 s
currentSize : 16 <-- 0.020548 s
currentSize : 17 <-- 0.285484 s
currentSize : 18 <-- 7.982309 s
currentSize : 19 <-- 715.891357 s

maxsize : 19
nodes : 286841042.000000
filtered : 6840868208.000000
time : 1536.628052
