Parameters: GAD=1 vflib=1 dir=0 label=0 lowerbound=1 fileNameGp=../graphsdb/mcs50/bvg/b03/mcs50_b03_s25.A16 fileNameGt=../graphsdb/mcs50/bvg/b03/mcs50_b03_s25.B16
Reading graphs...
25 :  37
25 :  36
Initializing...
maxdom : 25
D->valSize : 625
Solving...
currentSize : 9 <-- 0.005164 s
currentSize : 11 <-- 0.005192 s
currentSize : 12 <-- 0.005258 s
currentSize : 13 <-- 0.005514 s
currentSize : 14 <-- 0.023800 s
currentSize : 15 <-- 0.024112 s
currentSize : 16 <-- 0.180508 s
currentSize : 17 <-- 0.883049 s
currentSize : 18 <-- 4.833237 s

maxsize : 18
nodes : 1885498.000000
filtered : 25510910.000000
time : 6.969606
