Parameters: GAD=1 vflib=1 dir=0 label=0 lowerbound=1 fileNameGp=../graphsdb/mcs50/bvg/b03m/mcs50_b03m_s25.A90 fileNameGt=../graphsdb/mcs50/bvg/b03m/mcs50_b03m_s25.B90
Reading graphs...
25 :  37
25 :  36
Initializing...
maxdom : 25
D->valSize : 625
Solving...
currentSize : 8 <-- 0.005334 s
currentSize : 11 <-- 0.005357 s
currentSize : 12 <-- 0.006296 s
currentSize : 13 <-- 0.006935 s
currentSize : 14 <-- 0.006943 s
currentSize : 15 <-- 1.139653 s
currentSize : 16 <-- 1.617268 s
currentSize : 17 <-- 2.971615 s
currentSize : 18 <-- 5.571416 s
currentSize : 19 <-- 5.733429 s

maxsize : 19
nodes : 2076017.000000
filtered : 18866049.000000
time : 6.050051
