Parameters: GAD=1 vflib=1 dir=0 label=0 lowerbound=1 fileNameGp=../graphsdb/mcs50/bvg/b03m/mcs50_b03m_s30.A58 fileNameGt=../graphsdb/mcs50/bvg/b03m/mcs50_b03m_s30.B58
Reading graphs...
30 :  45
30 :  44
Initializing...
maxdom : 30
D->valSize : 900
Solving...
currentSize : 15 <-- 0.019359 s
currentSize : 16 <-- 0.019389 s
currentSize : 17 <-- 0.021317 s
currentSize : 18 <-- 0.024399 s
currentSize : 19 <-- 1.722842 s
currentSize : 20 <-- 2.249587 s
currentSize : 21 <-- 9.112866 s

maxsize : 21
nodes : 12535860.000000
filtered : 216356471.000000
time : 53.311935
