Parameters: GAD=1 vflib=1 dir=0 label=0 lowerbound=1 fileNameGp=../graphsdb/mcs50/bvg/b06/mcs50_b06_s15.A67 fileNameGt=../graphsdb/mcs50/bvg/b06/mcs50_b06_s15.B67
Reading graphs...
15 :  41
15 :  42
Initializing...
maxdom : 15
D->valSize : 225
Solving...
currentSize : 5 <-- 0.000801 s
currentSize : 6 <-- 0.000813 s
currentSize : 7 <-- 0.000832 s
currentSize : 8 <-- 0.001279 s
currentSize : 9 <-- 0.001358 s
currentSize : 10 <-- 0.001811 s
currentSize : 11 <-- 0.004342 s

maxsize : 11
nodes : 2343.000000
filtered : 40592.000000
time : 0.008140
