Parameters: GAD=1 vflib=1 dir=0 label=0 lowerbound=1 fileNameGp=../graphsdb/mcs50/bvg/b09m/mcs50_b09m_s30.A68 fileNameGt=../graphsdb/mcs50/bvg/b09m/mcs50_b09m_s30.B68
Reading graphs...
30 :  127
30 :  129
Initializing...
maxdom : 30
D->valSize : 900
Solving...
currentSize : 11 <-- 0.015574 s
currentSize : 12 <-- 0.015621 s
currentSize : 13 <-- 0.015730 s
currentSize : 14 <-- 0.031171 s
currentSize : 15 <-- 1.331488 s
currentSize : 16 <-- 20.835190 s

maxsize : 16
nodes : 34324717.000000
filtered : 656959940.000000
time : 157.375931
