Parameters: GAD=1 vflib=1 dir=0 label=0 lowerbound=1 fileNameGp=../graphsdb/mcs50/bvg/b03m/mcs50_b03m_s25.A29 fileNameGt=../graphsdb/mcs50/bvg/b03m/mcs50_b03m_s25.B29
Reading graphs...
25 :  37
25 :  37
Initializing...
maxdom : 25
D->valSize : 625
Solving...
currentSize : 12 <-- 0.009099 s
currentSize : 13 <-- 0.009525 s
currentSize : 14 <-- 0.009779 s
currentSize : 15 <-- 0.032235 s
currentSize : 16 <-- 0.326609 s
currentSize : 17 <-- 0.423035 s
currentSize : 18 <-- 1.869258 s

maxsize : 18
nodes : 891157.000000
filtered : 12479312.000000
time : 3.380082
