Parameters: GAD=1 vflib=1 dir=0 label=0 lowerbound=1 fileNameGp=../graphsdb/mcs50/rand/r005/mcs50_r005_s25.A04 fileNameGt=../graphsdb/mcs50/rand/r005/mcs50_r005_s25.B04
Reading graphs...
25 :  34
25 :  35
Initializing...
maxdom : 25
D->valSize : 625
Solving...
currentSize : 9 <-- 0.005262 s
currentSize : 11 <-- 0.005387 s
currentSize : 12 <-- 0.006054 s
currentSize : 13 <-- 0.006064 s
currentSize : 14 <-- 0.006124 s
currentSize : 15 <-- 0.024780 s
currentSize : 16 <-- 0.033353 s
currentSize : 17 <-- 2.366442 s
currentSize : 18 <-- 3.771866 s

maxsize : 18
nodes : 1677608.000000
filtered : 18660600.000000
time : 5.323590
