Parameters: GAD=1 vflib=1 dir=0 label=0 lowerbound=1 fileNameGp=../graphsdb/mcs50/m2D/m2D/mcs50_m2D_s30.A72 fileNameGt=../graphsdb/mcs50/m2D/m2D/mcs50_m2D_s30.B72
Reading graphs...
30 :  49
30 :  49
Initializing...
maxdom : 30
D->valSize : 900
Solving...
currentSize : 14 <-- 0.019102 s
currentSize : 15 <-- 0.019686 s
currentSize : 16 <-- 0.058393 s
currentSize : 17 <-- 0.150509 s
currentSize : 18 <-- 0.565324 s
currentSize : 19 <-- 0.569339 s
currentSize : 20 <-- 0.569370 s
currentSize : 21 <-- 2.040038 s
currentSize : 22 <-- 9.115854 s

maxsize : 22
nodes : 4697921.000000
filtered : 107567748.000000
time : 23.230152
