Parameters: GAD=1 vflib=1 dir=0 label=0 lowerbound=1 fileNameGp=../graphsdb/mcs50/rand/r005/mcs50_r005_s25.A17 fileNameGt=../graphsdb/mcs50/rand/r005/mcs50_r005_s25.B17
Reading graphs...
25 :  35
25 :  35
Initializing...
maxdom : 25
D->valSize : 625
Solving...
currentSize : 13 <-- 0.009179 s
currentSize : 14 <-- 0.012722 s
currentSize : 15 <-- 0.083561 s
currentSize : 16 <-- 0.195515 s
currentSize : 17 <-- 0.202485 s
currentSize : 18 <-- 1.960206 s

maxsize : 18
nodes : 812445.000000
filtered : 10856834.000000
time : 2.916747
