Parameters: GAD=1 vflib=1 dir=0 label=0 lowerbound=1 fileNameGp=../graphsdb/mcs50/m2D/m2Dr4/mcs50_m2Dr4_s30.A28 fileNameGt=../graphsdb/mcs50/m2D/m2Dr4/mcs50_m2Dr4_s30.B28
Reading graphs...
30 :  61
30 :  61
Initializing...
maxdom : 30
D->valSize : 900
Solving...
currentSize : 13 <-- 0.018581 s
currentSize : 14 <-- 0.018640 s
currentSize : 16 <-- 0.018926 s
currentSize : 17 <-- 0.022616 s
currentSize : 18 <-- 0.065680 s
currentSize : 19 <-- 0.584468 s
currentSize : 20 <-- 1.967406 s

maxsize : 20
nodes : 24051249.000000
filtered : 536278905.000000
time : 118.057411
