Parameters: GAD=1 vflib=1 dir=0 label=0 lowerbound=1 fileNameGp=../graphsdb/mcs50/m4D/m4Dr2/mcs50_m4Dr2_s30.A73 fileNameGt=../graphsdb/mcs50/m4D/m4Dr2/mcs50_m4Dr2_s30.B73
Reading graphs...
30 :  60
30 :  58
Initializing...
maxdom : 30
D->valSize : 900
Solving...
currentSize : 14 <-- 0.018723 s
currentSize : 15 <-- 0.018769 s
currentSize : 17 <-- 0.018787 s
currentSize : 18 <-- 0.019295 s
currentSize : 19 <-- 0.070585 s
currentSize : 20 <-- 0.085006 s
currentSize : 21 <-- 1.980594 s
currentSize : 22 <-- 7.693469 s

maxsize : 22
nodes : 2325112.000000
filtered : 63320693.000000
time : 12.716875
