Parameters: GAD=1 vflib=1 dir=0 label=0 lowerbound=1 fileNameGp=../graphsdb/mcs50/bvg/b03m/mcs50_b03m_s35.A71 fileNameGt=../graphsdb/mcs50/bvg/b03m/mcs50_b03m_s35.B71
Reading graphs...
35 :  52
35 :  52
Initializing...
maxdom : 35
D->valSize : 1225
Solving...
currentSize : 16 <-- 0.036405 s
currentSize : 17 <-- 0.036540 s
currentSize : 18 <-- 0.038489 s
currentSize : 19 <-- 0.039074 s
currentSize : 20 <-- 0.042761 s
currentSize : 21 <-- 1.288521 s
currentSize : 22 <-- 2.320346 s
currentSize : 23 <-- 3.015724 s
currentSize : 24 <-- 3.516971 s
currentSize : 25 <-- 32.926052 s

maxsize : 25
nodes : 82899060.000000
filtered : 1750198382.000000
time : 424.055603
