Parameters: GAD=1 vflib=1 dir=0 label=0 lowerbound=1 fileNameGp=../graphsdb/mcs50/m4D/m4Dr2/mcs50_m4Dr2_s30.A02 fileNameGt=../graphsdb/mcs50/m4D/m4Dr2/mcs50_m4Dr2_s30.B02
Reading graphs...
30 :  60
30 :  58
Initializing...
maxdom : 30
D->valSize : 900
Solving...
currentSize : 16 <-- 0.010803 s
currentSize : 17 <-- 0.010957 s
currentSize : 18 <-- 0.011271 s
currentSize : 19 <-- 0.011302 s
currentSize : 20 <-- 0.092195 s
currentSize : 21 <-- 3.003938 s

maxsize : 21
nodes : 3486855.000000
filtered : 98588507.000000
time : 18.558296
