Parameters: GAD=1 vflib=1 dir=0 label=0 lowerbound=1 fileNameGp=../graphsdb/mcs50/m2D/m2Dr4/mcs50_m2Dr4_s30.A41 fileNameGt=../graphsdb/mcs50/m2D/m2Dr4/mcs50_m2Dr4_s30.B41
Reading graphs...
30 :  61
30 :  60
Initializing...
maxdom : 30
D->valSize : 900
Solving...
currentSize : 15 <-- 0.010868 s
currentSize : 16 <-- 0.011024 s
currentSize : 17 <-- 0.018462 s
currentSize : 18 <-- 0.022363 s
currentSize : 19 <-- 0.022381 s
currentSize : 20 <-- 6.861036 s

maxsize : 20
nodes : 15950858.000000
filtered : 368129116.000000
time : 78.256432
