Parameters: GAD=1 vflib=1 dir=0 label=0 lowerbound=1 fileNameGp=../graphsdb/mcs50/rand/r01/mcs50_r01_s30.A93 fileNameGt=../graphsdb/mcs50/rand/r01/mcs50_r01_s30.B93
Reading graphs...
30 :  78
30 :  80
Initializing...
maxdom : 30
D->valSize : 900
Solving...
currentSize : 14 <-- 0.010307 s
currentSize : 15 <-- 0.012946 s
currentSize : 16 <-- 0.028179 s
currentSize : 17 <-- 0.158587 s
currentSize : 18 <-- 1.531022 s
currentSize : 19 <-- 47.307369 s

maxsize : 19
nodes : 22610711.000000
filtered : 507706776.000000
time : 111.079681
