Parameters: GAD=1 vflib=1 dir=0 label=0 lowerbound=1 fileNameGp=../graphsdb/mcs50/m4D/m4Dr6/mcs50_m4Dr6_s30.A80 fileNameGt=../graphsdb/mcs50/m4D/m4Dr6/mcs50_m4Dr6_s30.B80
Reading graphs...
30 :  72
30 :  69
Initializing...
maxdom : 30
D->valSize : 900
Solving...
currentSize : 13 <-- 0.010567 s
currentSize : 14 <-- 0.010592 s
currentSize : 15 <-- 0.015308 s
currentSize : 16 <-- 0.094554 s
currentSize : 17 <-- 0.787790 s
currentSize : 18 <-- 6.476133 s
currentSize : 19 <-- 6.680147 s
currentSize : 20 <-- 22.009373 s

maxsize : 20
nodes : 10094010.000000
filtered : 222155141.000000
time : 48.189465
