Parameters: GAD=1 vflib=1 dir=0 label=0 lowerbound=1 fileNameGp=../graphsdb/mcs50/m2D/m2D/mcs50_m2D_s20.A60 fileNameGt=../graphsdb/mcs50/m2D/m2D/mcs50_m2D_s20.B60
Reading graphs...
20 :  30
20 :  31
Initializing...
maxdom : 20
D->valSize : 400
Solving...
currentSize : 9 <-- 0.002251 s
currentSize : 11 <-- 0.002270 s
currentSize : 12 <-- 0.002638 s
currentSize : 13 <-- 0.003877 s
currentSize : 14 <-- 0.009967 s
currentSize : 15 <-- 0.018121 s

maxsize : 15
nodes : 31934.000000
filtered : 573590.000000
time : 0.121821
