Parameters: GAD=1 vflib=1 dir=0 label=0 lowerbound=1 fileNameGp=../graphsdb/mcs50/rand/r005/mcs50_r005_s35.A61 fileNameGt=../graphsdb/mcs50/rand/r005/mcs50_r005_s35.B61
Reading graphs...
35 :  61
35 :  60
Initializing...
maxdom : 35
D->valSize : 1225
Solving...
currentSize : 10 <-- 0.021999 s
currentSize : 14 <-- 0.022034 s
currentSize : 17 <-- 0.022076 s
currentSize : 18 <-- 0.023449 s
currentSize : 19 <-- 0.023482 s
currentSize : 20 <-- 0.194581 s
currentSize : 21 <-- 9.294917 s
currentSize : 22 <-- 9.318297 s
currentSize : 23 <-- 76.288734 s
currentSize : 24 <-- 112.159897 s
currentSize : 25 <-- 112.162163 s

maxsize : 25
nodes : 59817565.000000
filtered : 1519044507.000000
time : 327.420135
