Parameters: GAD=1 vflib=1 dir=0 label=0 lowerbound=1 fileNameGp=../graphsdb/mcs50/bvg/b06m/mcs50_b06m_s35.A56 fileNameGt=../graphsdb/mcs50/bvg/b06m/mcs50_b06m_s35.B56
Reading graphs...
35 :  101
35 :  101
Initializing...
maxdom : 35
D->valSize : 1225
Solving...
currentSize : 13 <-- 0.019377 s
currentSize : 14 <-- 0.026368 s
currentSize : 15 <-- 0.029629 s
currentSize : 16 <-- 0.045290 s
currentSize : 17 <-- 0.061672 s
currentSize : 18 <-- 0.525857 s
currentSize : 19 <-- 5.646177 s
currentSize : 20 <-- 142.130707 s
currentSize : 21 <-- 2258.051270 s

maxsize : 21
nodes : 544402516.000000
filtered : 13188735610.000000
time : 2946.318604
