Parameters: GAD=1 vflib=1 dir=0 label=0 lowerbound=1 fileNameGp=../graphsdb/mcs50/bvg/b03/mcs50_b03_s35.A11 fileNameGt=../graphsdb/mcs50/bvg/b03/mcs50_b03_s35.B11
Reading graphs...
35 :  52
35 :  51
Initializing...
maxdom : 35
D->valSize : 1225
Solving...
currentSize : 18 <-- 0.036329 s
currentSize : 19 <-- 0.037073 s
currentSize : 20 <-- 0.039088 s
currentSize : 21 <-- 0.052672 s
currentSize : 23 <-- 0.106557 s
currentSize : 24 <-- 0.117018 s
currentSize : 25 <-- 0.439191 s
currentSize : 26 <-- 168.843246 s
currentSize : 27 <-- 190.968597 s

maxsize : 27
nodes : 39439529.000000
filtered : 909506211.000000
time : 216.514450
