Parameters: GAD=1 vflib=1 dir=0 label=0 lowerbound=1 fileNameGp=../graphsdb/mcs50/bvg/b06/mcs50_b06_s25.A09 fileNameGt=../graphsdb/mcs50/bvg/b06/mcs50_b06_s25.B09
Reading graphs...
25 :  73
25 :  72
Initializing...
maxdom : 25
D->valSize : 625
Solving...
currentSize : 11 <-- 0.008379 s
currentSize : 12 <-- 0.008522 s
currentSize : 13 <-- 0.008707 s
currentSize : 14 <-- 0.017886 s
currentSize : 15 <-- 0.028634 s
currentSize : 16 <-- 0.857287 s

maxsize : 16
nodes : 761343.000000
filtered : 16418042.000000
time : 3.516778
