Parameters: GAD=1 vflib=1 dir=0 label=0 lowerbound=1 fileNameGp=../graphsdb/mcs50/m3D/m3Dr2/mcs50_m3Dr2_s20.A40 fileNameGt=../graphsdb/mcs50/m3D/m3Dr2/mcs50_m3Dr2_s20.B40
Reading graphs...
20 :  41
20 :  41
Initializing...
maxdom : 20
D->valSize : 400
Solving...
currentSize : 8 <-- 0.002246 s
currentSize : 9 <-- 0.002269 s
currentSize : 10 <-- 0.002291 s
currentSize : 11 <-- 0.002832 s
currentSize : 12 <-- 0.006021 s
currentSize : 13 <-- 0.053463 s
currentSize : 14 <-- 1.190277 s

maxsize : 14
nodes : 313285.000000
filtered : 3821197.000000
time : 1.223519
