Parameters: GAD=1 vflib=1 dir=0 label=0 lowerbound=1 fileNameGp=../graphsdb/mcs50/bvg/b09/mcs50_b09_s30.A44 fileNameGt=../graphsdb/mcs50/bvg/b09/mcs50_b09_s30.B44
Reading graphs...
30 :  134
30 :  131
Initializing...
maxdom : 30
D->valSize : 900
Solving...
currentSize : 10 <-- 0.016611 s
currentSize : 11 <-- 0.016781 s
currentSize : 12 <-- 0.018465 s
currentSize : 13 <-- 0.032491 s
currentSize : 14 <-- 0.093158 s
currentSize : 15 <-- 0.214429 s
currentSize : 16 <-- 3.974446 s

maxsize : 16
nodes : 28736191.000000
filtered : 515380285.000000
time : 127.889816
