Parameters: GAD=1 vflib=1 dir=0 label=0 lowerbound=1 fileNameGp=../graphsdb/mcs50/bvg/b06m/mcs50_b06m_s35.A96 fileNameGt=../graphsdb/mcs50/bvg/b06m/mcs50_b06m_s35.B96
Reading graphs...
35 :  102
35 :  101
Initializing...
maxdom : 35
D->valSize : 1225
Solving...
currentSize : 12 <-- 0.019405 s
currentSize : 13 <-- 0.019645 s
currentSize : 14 <-- 0.021906 s
currentSize : 15 <-- 0.033302 s
currentSize : 16 <-- 0.057199 s
currentSize : 17 <-- 0.348856 s
currentSize : 18 <-- 0.715048 s
currentSize : 19 <-- 1.774243 s
currentSize : 20 <-- 53.277534 s
currentSize : 21 <-- 384.506378 s

maxsize : 21
nodes : 263185202.000000
filtered : 7158046206.000000
time : 1488.459595
