Parameters: GAD=1 vflib=1 dir=0 label=0 lowerbound=1 fileNameGp=../graphsdb/mcs50/m2D/m2Dr2/mcs50_m2Dr2_s30.A63 fileNameGt=../graphsdb/mcs50/m2D/m2Dr2/mcs50_m2Dr2_s30.B63
Reading graphs...
30 :  54
30 :  52
Initializing...
maxdom : 30
D->valSize : 900
Solving...
currentSize : 13 <-- 0.010702 s
currentSize : 14 <-- 0.010745 s
currentSize : 15 <-- 0.010855 s
currentSize : 16 <-- 0.011534 s
currentSize : 17 <-- 0.011785 s
currentSize : 18 <-- 0.014189 s
currentSize : 19 <-- 0.062165 s
currentSize : 20 <-- 2.634163 s
currentSize : 21 <-- 111.022362 s

maxsize : 21
nodes : 30833645.000000
filtered : 628342661.000000
time : 142.137970
