Parameters: GAD=1 vflib=1 dir=0 label=0 lowerbound=1 fileNameGp=../graphsdb/mcs50/m4D/m4Dr2/mcs50_m4Dr2_s35.A19 fileNameGt=../graphsdb/mcs50/m4D/m4Dr2/mcs50_m4Dr2_s35.B19
Reading graphs...
35 :  68
35 :  69
Initializing...
maxdom : 35
D->valSize : 1225
Solving...
currentSize : 14 <-- 0.035336 s
currentSize : 15 <-- 0.035440 s
currentSize : 16 <-- 0.035787 s
currentSize : 17 <-- 0.035815 s
currentSize : 18 <-- 0.180339 s
currentSize : 19 <-- 0.181983 s
currentSize : 20 <-- 0.564300 s
currentSize : 21 <-- 0.581679 s
currentSize : 22 <-- 0.806319 s
currentSize : 23 <-- 0.814375 s
currentSize : 24 <-- 0.870628 s
currentSize : 25 <-- 96.572388 s

maxsize : 25
nodes : 26879686.000000
filtered : 756546118.000000
time : 160.322052
