Parameters: GAD=1 vflib=1 dir=0 label=0 lowerbound=1 fileNameGp=../graphsdb/mcs50/bvg/b09m/mcs50_b09m_s35.A18 fileNameGt=../graphsdb/mcs50/bvg/b09m/mcs50_b09m_s35.B18
Reading graphs...
35 :  151
35 :  144
Initializing...
maxdom : 35
D->valSize : 1225
Solving...
currentSize : 12 <-- 0.018933 s
currentSize : 13 <-- 0.019143 s
currentSize : 14 <-- 0.020389 s
currentSize : 15 <-- 0.094999 s
currentSize : 16 <-- 0.158398 s
currentSize : 17 <-- 0.898282 s
currentSize : 18 <-- 48.750175 s

maxsize : 18
nodes : 417374911.000000
filtered : 9497706973.000000
time : 2150.327881
