Parameters: GAD=1 vflib=1 dir=0 label=0 lowerbound=1 fileNameGp=../graphsdb/mcs50/bvg/b09m/mcs50_b09m_s30.A28 fileNameGt=../graphsdb/mcs50/bvg/b09m/mcs50_b09m_s30.B28
Reading graphs...
30 :  127
30 :  128
Initializing...
maxdom : 30
D->valSize : 900
Solving...
currentSize : 10 <-- 0.016552 s
currentSize : 11 <-- 0.016608 s
currentSize : 12 <-- 0.016844 s
currentSize : 13 <-- 0.017152 s
currentSize : 14 <-- 0.024335 s
currentSize : 15 <-- 0.243518 s
currentSize : 16 <-- 29.113979 s

maxsize : 16
nodes : 38200482.000000
filtered : 737346198.000000
time : 178.154129
