Parameters: GAD=1 vflib=1 dir=0 label=0 lowerbound=1 fileNameGp=../graphsdb/mcs50/bvg/b03m/mcs50_b03m_s30.A41 fileNameGt=../graphsdb/mcs50/bvg/b03m/mcs50_b03m_s30.B41
Reading graphs...
30 :  44
30 :  45
Initializing...
maxdom : 30
D->valSize : 900
Solving...
currentSize : 10 <-- 0.011104 s
currentSize : 13 <-- 0.011134 s
currentSize : 16 <-- 0.011157 s
currentSize : 17 <-- 0.011488 s
currentSize : 18 <-- 0.011929 s
currentSize : 19 <-- 0.120190 s
currentSize : 20 <-- 8.646165 s
currentSize : 21 <-- 16.566336 s

maxsize : 21
nodes : 22063716.000000
filtered : 342209061.000000
time : 93.725372
