Parameters: GAD=1 vflib=1 dir=0 label=0 lowerbound=1 fileNameGp=../graphsdb/mcs50/rand/r01/mcs50_r01_s30.A22 fileNameGt=../graphsdb/mcs50/rand/r01/mcs50_r01_s30.B22
Reading graphs...
30 :  84
30 :  82
Initializing...
maxdom : 30
D->valSize : 900
Solving...
currentSize : 12 <-- 0.017723 s
currentSize : 13 <-- 0.017747 s
currentSize : 14 <-- 0.019502 s
currentSize : 15 <-- 0.020670 s
currentSize : 16 <-- 0.055020 s
currentSize : 18 <-- 3.385635 s

maxsize : 18
nodes : 54899515.000000
filtered : 1101222404.000000
time : 253.712708
