Parameters: GAD=1 vflib=1 dir=0 label=0 lowerbound=1 fileNameGp=../graphsdb/mcs50/bvg/b06m/mcs50_b06m_s30.A99 fileNameGt=../graphsdb/mcs50/bvg/b06m/mcs50_b06m_s30.B99
Reading graphs...
30 :  85
30 :  86
Initializing...
maxdom : 30
D->valSize : 900
Solving...
currentSize : 12 <-- 0.010219 s
currentSize : 13 <-- 0.010613 s
currentSize : 14 <-- 0.012747 s
currentSize : 15 <-- 0.016678 s
currentSize : 16 <-- 0.027952 s
currentSize : 17 <-- 0.309217 s
currentSize : 18 <-- 19.344065 s

maxsize : 18
nodes : 18254465.000000
filtered : 406996292.000000
time : 87.682480
