Parameters: GAD=1 vflib=1 dir=0 label=0 lowerbound=1 fileNameGp=../graphsdb/mcs50/bvg/b09/mcs50_b09_s30.A53 fileNameGt=../graphsdb/mcs50/bvg/b09/mcs50_b09_s30.B53
Reading graphs...
30 :  130
30 :  126
Initializing...
maxdom : 30
D->valSize : 900
Solving...
currentSize : 11 <-- 0.009511 s
currentSize : 12 <-- 0.010068 s
currentSize : 13 <-- 0.014564 s
currentSize : 14 <-- 0.038248 s
currentSize : 15 <-- 1.588044 s
currentSize : 16 <-- 2.724259 s
currentSize : 17 <-- 4.268218 s

maxsize : 17
nodes : 14374899.000000
filtered : 319558354.000000
time : 69.223114
