Parameters: GAD=1 vflib=1 dir=0 label=0 lowerbound=1 fileNameGp=../graphsdb/mcs50/rand/r02/mcs50_r02_s35.A85 fileNameGt=../graphsdb/mcs50/rand/r02/mcs50_r02_s35.B85
Reading graphs...
35 :  209
35 :  211
Initializing...
maxdom : 35
D->valSize : 1225
Solving...
currentSize : 10 <-- 0.017296 s
currentSize : 11 <-- 0.017352 s
currentSize : 12 <-- 0.017671 s
currentSize : 13 <-- 0.021682 s
currentSize : 14 <-- 0.025411 s
currentSize : 15 <-- 4.319679 s
currentSize : 16 <-- 3061.447998 s
currentSize : 17 <-- 3061.448242 s

TIMEOUT
maxsize : 17
nodes : 819758901.000000
filtered : 10211079652.000000
time : 3600.000000
