Parameters: GAD=1 vflib=1 dir=0 label=0 lowerbound=1 fileNameGp=../graphsdb/mcs50/bvg/b06m/mcs50_b06m_s25.A14 fileNameGt=../graphsdb/mcs50/bvg/b06m/mcs50_b06m_s25.B14
Reading graphs...
25 :  71
25 :  71
Initializing...
maxdom : 25
D->valSize : 625
Solving...
currentSize : 10 <-- 0.004841 s
currentSize : 11 <-- 0.004963 s
currentSize : 12 <-- 0.005297 s
currentSize : 13 <-- 0.007211 s
currentSize : 14 <-- 0.089334 s
currentSize : 15 <-- 1.067308 s
currentSize : 16 <-- 1.965737 s

maxsize : 16
nodes : 1167270.000000
filtered : 23607042.000000
time : 5.214036
