Parameters: GAD=1 vflib=1 dir=0 label=0 lowerbound=1 fileNameGp=../graphsdb/mcs50/bvg/b09/mcs50_b09_s25.A45 fileNameGt=../graphsdb/mcs50/bvg/b09/mcs50_b09_s25.B45
Reading graphs...
25 :  110
25 :  107
Initializing...
maxdom : 25
D->valSize : 625
Solving...
currentSize : 10 <-- 0.004455 s
currentSize : 11 <-- 0.004559 s
currentSize : 12 <-- 0.004841 s
currentSize : 13 <-- 0.048563 s
currentSize : 14 <-- 1.324595 s
currentSize : 15 <-- 4.215273 s

maxsize : 15
nodes : 1372587.000000
filtered : 24313616.000000
time : 5.630761
