Parameters: GAD=1 vflib=1 dir=0 label=0 lowerbound=1 fileNameGp=../graphsdb/mcs50/bvg/b09m/mcs50_b09m_s35.A37 fileNameGt=../graphsdb/mcs50/bvg/b09m/mcs50_b09m_s35.B37
Reading graphs...
35 :  149
35 :  147
Initializing...
maxdom : 35
D->valSize : 1225
Solving...
currentSize : 12 <-- 0.018409 s
currentSize : 13 <-- 0.018435 s
currentSize : 14 <-- 0.022806 s
currentSize : 15 <-- 0.028613 s
currentSize : 16 <-- 0.112797 s
currentSize : 17 <-- 0.668955 s
currentSize : 18 <-- 150.438919 s

TIMEOUT
maxsize : 18
nodes : 697561400.000000
filtered : 15170758633.000000
time : 3600.000000
