Parameters: GAD=1 vflib=1 dir=0 label=0 lowerbound=1 fileNameGp=../graphsdb/mcs50/bvg/b03/mcs50_b03_s30.A75 fileNameGt=../graphsdb/mcs50/bvg/b03/mcs50_b03_s30.B75
Reading graphs...
30 :  45
30 :  44
Initializing...
maxdom : 30
D->valSize : 900
Solving...
currentSize : 16 <-- 0.011373 s
currentSize : 17 <-- 0.011401 s
currentSize : 19 <-- 0.025481 s
currentSize : 20 <-- 0.155869 s
currentSize : 21 <-- 3.778937 s
currentSize : 22 <-- 26.518913 s

maxsize : 22
nodes : 9604856.000000
filtered : 181381942.000000
time : 43.770039
