Parameters: GAD=1 vflib=1 dir=0 label=0 lowerbound=1 fileNameGp=../graphsdb/mcs50/bvg/b09/mcs50_b09_s35.A01 fileNameGt=../graphsdb/mcs50/bvg/b09/mcs50_b09_s35.B01
Reading graphs...
35 :  152
35 :  152
Initializing...
maxdom : 35
D->valSize : 1225
Solving...
currentSize : 13 <-- 0.031443 s
currentSize : 14 <-- 0.046417 s
currentSize : 15 <-- 0.177460 s
currentSize : 16 <-- 0.942986 s
currentSize : 17 <-- 18.333952 s
currentSize : 18 <-- 50.864468 s
currentSize : 19 <-- 55.530479 s
currentSize : 20 <-- 55.530533 s

maxsize : 20
nodes : 77979514.000000
filtered : 2395256606.000000
time : 464.223816
