Parameters: GAD=1 vflib=1 dir=0 label=0 lowerbound=1 fileNameGp=../graphsdb/mcs50/rand/r02/mcs50_r02_s30.A57 fileNameGt=../graphsdb/mcs50/rand/r02/mcs50_r02_s30.B57
Reading graphs...
30 :  152
30 :  155
Initializing...
maxdom : 30
D->valSize : 900
Solving...
currentSize : 9 <-- 0.009255 s
currentSize : 10 <-- 0.009286 s
currentSize : 11 <-- 0.009383 s
currentSize : 12 <-- 0.014059 s
currentSize : 13 <-- 0.206534 s
currentSize : 14 <-- 2.489644 s
currentSize : 15 <-- 44.749321 s

maxsize : 15
nodes : 75603401.000000
filtered : 1066128233.000000
time : 317.122070
