Parameters: GAD=1 vflib=1 dir=0 label=0 lowerbound=1 fileNameGp=../graphsdb/mcs50/m2D/m2Dr4/mcs50_m2Dr4_s30.A90 fileNameGt=../graphsdb/mcs50/m2D/m2Dr4/mcs50_m2Dr4_s30.B90
Reading graphs...
30 :  60
30 :  59
Initializing...
maxdom : 30
D->valSize : 900
Solving...
currentSize : 17 <-- 0.018563 s
currentSize : 18 <-- 0.043623 s
currentSize : 19 <-- 0.066967 s
currentSize : 20 <-- 0.329461 s
currentSize : 21 <-- 36.294399 s
currentSize : 22 <-- 45.526588 s

maxsize : 22
nodes : 10192356.000000
filtered : 241173954.000000
time : 51.315166
