Parameters: GAD=1 vflib=1 dir=0 label=0 lowerbound=1 fileNameGp=../graphsdb/mcs50/bvg/b03/mcs50_b03_s35.A00 fileNameGt=../graphsdb/mcs50/bvg/b03/mcs50_b03_s35.B00
Reading graphs...
35 :  51
35 :  52
Initializing...
maxdom : 35
D->valSize : 1225
Solving...
currentSize : 18 <-- 0.021951 s
currentSize : 19 <-- 0.021978 s
currentSize : 20 <-- 0.022542 s
currentSize : 21 <-- 0.074820 s
currentSize : 22 <-- 3.261346 s
currentSize : 23 <-- 3.261705 s
currentSize : 24 <-- 3.278519 s
currentSize : 25 <-- 262.568756 s
currentSize : 26 <-- 458.073792 s

maxsize : 26
nodes : 98674010.000000
filtered : 2107169899.000000
time : 514.138123
