Parameters: GAD=1 vflib=1 dir=0 label=0 lowerbound=1 fileNameGp=../graphsdb/mcs50/bvg/b03m/mcs50_b03m_s20.A27 fileNameGt=../graphsdb/mcs50/bvg/b03m/mcs50_b03m_s20.B27
Reading graphs...
20 :  29
20 :  29
Initializing...
maxdom : 20
D->valSize : 400
Solving...
currentSize : 10 <-- 0.003841 s
currentSize : 11 <-- 0.032188 s
currentSize : 12 <-- 0.032242 s
currentSize : 13 <-- 0.033652 s
currentSize : 14 <-- 0.041437 s
currentSize : 15 <-- 0.079420 s

maxsize : 15
nodes : 46591.000000
filtered : 660564.000000
time : 0.211273
