Parameters: GAD=1 vflib=1 dir=0 label=0 lowerbound=1 fileNameGp=../graphsdb/mcs50/m2D/m2Dr4/mcs50_m2Dr4_s20.A47 fileNameGt=../graphsdb/mcs50/m2D/m2Dr4/mcs50_m2Dr4_s20.B47
Reading graphs...
20 :  37
20 :  37
Initializing...
maxdom : 20
D->valSize : 400
Solving...
currentSize : 9 <-- 0.003631 s
currentSize : 10 <-- 0.003689 s
currentSize : 11 <-- 0.003946 s
currentSize : 12 <-- 0.012245 s
currentSize : 13 <-- 0.016161 s
currentSize : 14 <-- 0.016189 s

maxsize : 14
nodes : 56732.000000
filtered : 1062333.000000
time : 0.248516
