Parameters: GAD=1 vflib=1 dir=0 label=0 lowerbound=1 fileNameGp=../graphsdb/mcs50/bvg/b09/mcs50_b09_s25.A60 fileNameGt=../graphsdb/mcs50/bvg/b09/mcs50_b09_s25.B60
Reading graphs...
25 :  107
25 :  109
Initializing...
maxdom : 25
D->valSize : 625
Solving...
currentSize : 9 <-- 0.007827 s
currentSize : 10 <-- 0.007979 s
currentSize : 11 <-- 0.008338 s
currentSize : 12 <-- 0.008810 s
currentSize : 13 <-- 0.009093 s
currentSize : 14 <-- 0.041825 s
currentSize : 15 <-- 1.014602 s

maxsize : 15
nodes : 803972.000000
filtered : 15633963.000000
time : 3.563672
