Parameters: GAD=1 vflib=1 dir=0 label=0 lowerbound=1 fileNameGp=../graphsdb/mcs50/bvg/b09m/mcs50_b09m_s25.A27 fileNameGt=../graphsdb/mcs50/bvg/b09m/mcs50_b09m_s25.B27
Reading graphs...
25 :  104
25 :  101
Initializing...
maxdom : 25
D->valSize : 625
Solving...
currentSize : 9 <-- 0.004557 s
currentSize : 10 <-- 0.004635 s
currentSize : 11 <-- 0.004863 s
currentSize : 12 <-- 0.021461 s
currentSize : 13 <-- 0.072423 s
currentSize : 14 <-- 4.538391 s

maxsize : 14
nodes : 2715188.000000
filtered : 45390855.000000
time : 11.013756
