Parameters: GAD=1 vflib=1 dir=0 label=0 lowerbound=1 fileNameGp=../graphsdb/mcs50/bvg/b03/mcs50_b03_s30.A13 fileNameGt=../graphsdb/mcs50/bvg/b03/mcs50_b03_s30.B13
Reading graphs...
30 :  43
30 :  45
Initializing...
maxdom : 30
D->valSize : 900
Solving...
currentSize : 11 <-- 0.011400 s
currentSize : 12 <-- 0.011454 s
currentSize : 13 <-- 0.011585 s
currentSize : 14 <-- 0.011778 s
currentSize : 15 <-- 0.012689 s
currentSize : 17 <-- 0.031854 s
currentSize : 18 <-- 0.039130 s
currentSize : 19 <-- 0.041281 s
currentSize : 20 <-- 0.057105 s
currentSize : 21 <-- 0.063986 s
currentSize : 22 <-- 4.737766 s

maxsize : 22
nodes : 4765378.000000
filtered : 92287425.000000
time : 22.401119
