Parameters: GAD=1 vflib=1 dir=0 label=0 lowerbound=1 fileNameGp=../graphsdb/mcs50/bvg/b09/mcs50_b09_s30.A18 fileNameGt=../graphsdb/mcs50/bvg/b09/mcs50_b09_s30.B18
Reading graphs...
30 :  130
30 :  133
Initializing...
maxdom : 30
D->valSize : 900
Solving...
currentSize : 8 <-- 0.009692 s
currentSize : 9 <-- 0.009789 s
currentSize : 10 <-- 0.009856 s
currentSize : 11 <-- 0.010158 s
currentSize : 12 <-- 0.017720 s
currentSize : 13 <-- 0.078787 s
currentSize : 14 <-- 0.084474 s
currentSize : 16 <-- 4.319906 s
currentSize : 17 <-- 38.538673 s
currentSize : 18 <-- 64.656563 s

maxsize : 18
nodes : 14587767.000000
filtered : 311081961.000000
time : 70.382744
