Parameters: GAD=1 vflib=1 dir=0 label=0 lowerbound=1 fileNameGp=../graphsdb/mcs50/bvg/b06/mcs50_b06_s25.A27 fileNameGt=../graphsdb/mcs50/bvg/b06/mcs50_b06_s25.B27
Reading graphs...
25 :  74
25 :  71
Initializing...
maxdom : 25
D->valSize : 625
Solving...
currentSize : 8 <-- 0.005022 s
currentSize : 11 <-- 0.005193 s
currentSize : 12 <-- 0.005674 s
currentSize : 13 <-- 0.011653 s
currentSize : 14 <-- 0.143389 s
currentSize : 15 <-- 0.152874 s
currentSize : 16 <-- 2.968531 s

maxsize : 16
nodes : 1188606.000000
filtered : 23330161.000000
time : 5.114602
