Parameters: GAD=1 vflib=1 dir=0 label=0 lowerbound=1 fileNameGp=../graphsdb/mcs50/rand/r02/mcs50_r02_s35.A49 fileNameGt=../graphsdb/mcs50/rand/r02/mcs50_r02_s35.B49
Reading graphs...
35 :  217
35 :  213
Initializing...
maxdom : 35
D->valSize : 1225
Solving...
currentSize : 11 <-- 0.017303 s
currentSize : 12 <-- 0.018127 s
currentSize : 13 <-- 0.021139 s
currentSize : 14 <-- 0.180401 s
currentSize : 15 <-- 19.541552 s
currentSize : 16 <-- 50.017078 s
currentSize : 17 <-- 56.352638 s

maxsize : 17
nodes : 381314891.000000
filtered : 6810354562.000000
time : 1866.796143
