Parameters: GAD=1 vflib=1 dir=0 label=0 lowerbound=1 fileNameGp=../graphsdb/mcs50/m4D/m4Dr4/mcs50_m4Dr4_s35.A13 fileNameGt=../graphsdb/mcs50/m4D/m4Dr4/mcs50_m4Dr4_s35.B13
Reading graphs...
35 :  76
35 :  76
Initializing...
maxdom : 35
D->valSize : 1225
Solving...
currentSize : 13 <-- 0.035240 s
currentSize : 15 <-- 0.035291 s
currentSize : 18 <-- 0.035333 s
currentSize : 19 <-- 0.040907 s
currentSize : 20 <-- 0.040935 s
currentSize : 21 <-- 0.158199 s
currentSize : 22 <-- 0.206849 s
currentSize : 23 <-- 2.695129 s
currentSize : 24 <-- 11.878225 s

maxsize : 24
nodes : 36613386.000000
filtered : 1196665207.000000
time : 229.675995
