Parameters: GAD=1 vflib=1 dir=0 label=0 lowerbound=1 fileNameGp=../graphsdb/mcs50/rand/r01/mcs50_r01_s35.A36 fileNameGt=../graphsdb/mcs50/rand/r01/mcs50_r01_s35.B36
Reading graphs...
35 :  110
35 :  115
Initializing...
maxdom : 35
D->valSize : 1225
Solving...
currentSize : 12 <-- 0.019478 s
currentSize : 13 <-- 0.019527 s
currentSize : 14 <-- 0.020032 s
currentSize : 15 <-- 0.020045 s
currentSize : 16 <-- 0.020071 s
currentSize : 17 <-- 0.024989 s
currentSize : 18 <-- 0.025809 s
currentSize : 19 <-- 0.611843 s
currentSize : 20 <-- 66.109047 s

TIMEOUT
maxsize : 20
nodes : 648375915.000000
filtered : 15772365766.000000
time : 3600.000000
