Parameters: GAD=1 vflib=1 dir=0 label=0 lowerbound=1 fileNameGp=../graphsdb/mcs50/rand/r02/mcs50_r02_s35.A29 fileNameGt=../graphsdb/mcs50/rand/r02/mcs50_r02_s35.B29
Reading graphs...
35 :  210
35 :  215
Initializing...
maxdom : 35
D->valSize : 1225
Solving...
currentSize : 10 <-- 0.022463 s
currentSize : 11 <-- 0.022506 s
currentSize : 12 <-- 0.022562 s
currentSize : 13 <-- 0.029502 s
currentSize : 14 <-- 0.188260 s
currentSize : 15 <-- 122.362099 s
currentSize : 17 <-- 391.230408 s

maxsize : 17
nodes : 406091090.000000
filtered : 6840511773.000000
time : 1964.210693
