Parameters: GAD=1 vflib=1 dir=0 label=0 lowerbound=1 fileNameGp=../graphsdb/mcs50/bvg/b09/mcs50_b09_s35.A22 fileNameGt=../graphsdb/mcs50/bvg/b09/mcs50_b09_s35.B22
Reading graphs...
35 :  153
35 :  154
Initializing...
maxdom : 35
D->valSize : 1225
Solving...
currentSize : 10 <-- 0.018116 s
currentSize : 12 <-- 0.018161 s
currentSize : 13 <-- 0.018343 s
currentSize : 15 <-- 0.018684 s
currentSize : 16 <-- 0.267243 s
currentSize : 17 <-- 3.003530 s
currentSize : 18 <-- 3.671250 s
currentSize : 19 <-- 63.055416 s
currentSize : 20 <-- 63.489559 s

maxsize : 20
nodes : 82630515.000000
filtered : 2490403117.000000
time : 489.465515
