Parameters: GAD=1 vflib=1 dir=0 label=0 lowerbound=1 fileNameGp=../graphsdb/mcs50/bvg/b09m/mcs50_b09m_s30.A48 fileNameGt=../graphsdb/mcs50/bvg/b09m/mcs50_b09m_s30.B48
Reading graphs...
30 :  124
30 :  124
Initializing...
maxdom : 30
D->valSize : 900
Solving...
currentSize : 12 <-- 0.016603 s
currentSize : 13 <-- 0.016739 s
currentSize : 14 <-- 0.023686 s
currentSize : 15 <-- 0.270589 s
currentSize : 16 <-- 0.327461 s
currentSize : 17 <-- 31.309299 s
currentSize : 18 <-- 49.504471 s

maxsize : 18
nodes : 13075444.000000
filtered : 301527261.000000
time : 65.046204
