Parameters: GAD=1 vflib=1 dir=0 label=0 lowerbound=1 fileNameGp=../graphsdb/mcs50/rand/r02/mcs50_r02_s25.A05 fileNameGt=../graphsdb/mcs50/rand/r02/mcs50_r02_s25.B05
Reading graphs...
25 :  107
25 :  110
Initializing...
maxdom : 25
D->valSize : 625
Solving...
currentSize : 9 <-- 0.004632 s
currentSize : 10 <-- 0.004732 s
currentSize : 11 <-- 0.005828 s
currentSize : 12 <-- 0.016712 s
currentSize : 13 <-- 1.118836 s
currentSize : 14 <-- 7.538052 s

maxsize : 14
nodes : 3704602.000000
filtered : 52767249.000000
time : 14.895823
