Parameters: GAD=1 vflib=1 dir=0 label=0 lowerbound=1 fileNameGp=../graphsdb/mcs50/m2D/m2D/mcs50_m2D_s20.A11 fileNameGt=../graphsdb/mcs50/m2D/m2D/mcs50_m2D_s20.B11
Reading graphs...
20 :  31
20 :  31
Initializing...
maxdom : 20
D->valSize : 400
Solving...
currentSize : 10 <-- 0.003805 s
currentSize : 11 <-- 0.003834 s
currentSize : 12 <-- 0.003994 s
currentSize : 13 <-- 0.008823 s
currentSize : 14 <-- 0.013796 s
currentSize : 15 <-- 0.021761 s

maxsize : 15
nodes : 34303.000000
filtered : 552060.000000
time : 0.143868
