Parameters: GAD=1 vflib=1 dir=0 label=0 lowerbound=1 fileNameGp=../graphsdb/mcs50/rand/r005/mcs50_r005_s25.A75 fileNameGt=../graphsdb/mcs50/rand/r005/mcs50_r005_s25.B75
Reading graphs...
25 :  35
25 :  34
Initializing...
maxdom : 25
D->valSize : 625
Solving...
currentSize : 10 <-- 0.009220 s
currentSize : 11 <-- 0.009488 s
currentSize : 13 <-- 0.009504 s
currentSize : 14 <-- 0.009655 s
currentSize : 15 <-- 0.015860 s
currentSize : 16 <-- 0.052637 s
currentSize : 18 <-- 0.054149 s
currentSize : 19 <-- 1.188419 s

maxsize : 19
nodes : 451893.000000
filtered : 7408263.000000
time : 1.860054
