Parameters: GAD=1 vflib=1 dir=0 label=0 lowerbound=1 fileNameGp=../graphsdb/mcs50/bvg/b09m/mcs50_b09m_s30.A09 fileNameGt=../graphsdb/mcs50/bvg/b09m/mcs50_b09m_s30.B09
Reading graphs...
30 :  126
30 :  124
Initializing...
maxdom : 30
D->valSize : 900
Solving...
currentSize : 9 <-- 0.015708 s
currentSize : 12 <-- 0.015735 s
currentSize : 13 <-- 0.015999 s
currentSize : 14 <-- 0.023501 s
currentSize : 15 <-- 0.101390 s
currentSize : 16 <-- 14.010339 s

maxsize : 16
nodes : 39356597.000000
filtered : 742472341.000000
time : 178.710327
