Parameters: GAD=1 vflib=1 dir=0 label=0 lowerbound=1 fileNameGp=../graphsdb/mcs50/bvg/b09m/mcs50_b09m_s30.A11 fileNameGt=../graphsdb/mcs50/bvg/b09m/mcs50_b09m_s30.B11
Reading graphs...
30 :  125
30 :  126
Initializing...
maxdom : 30
D->valSize : 900
Solving...
currentSize : 10 <-- 0.009579 s
currentSize : 12 <-- 0.009673 s
currentSize : 13 <-- 0.009814 s
currentSize : 14 <-- 0.012583 s
currentSize : 15 <-- 0.015274 s
currentSize : 16 <-- 21.195419 s

maxsize : 16
nodes : 35233652.000000
filtered : 664855634.000000
time : 161.936005
