Parameters: GAD=1 vflib=1 dir=0 label=0 lowerbound=1 fileNameGp=../graphsdb/mcs50/m2D/m2Dr2/mcs50_m2Dr2_s20.A62 fileNameGt=../graphsdb/mcs50/m2D/m2Dr2/mcs50_m2Dr2_s20.B62
Reading graphs...
20 :  34
20 :  32
Initializing...
maxdom : 20
D->valSize : 400
Solving...
currentSize : 9 <-- 0.003685 s
currentSize : 10 <-- 0.003917 s
currentSize : 11 <-- 0.005751 s
currentSize : 12 <-- 0.006521 s
currentSize : 13 <-- 0.028113 s
currentSize : 14 <-- 0.028288 s

maxsize : 14
nodes : 89152.000000
filtered : 1356473.000000
time : 0.336520
