Parameters: GAD=1 vflib=1 dir=0 label=0 lowerbound=1 fileNameGp=../graphsdb/mcs50/rand/r005/mcs50_r005_s30.A64 fileNameGt=../graphsdb/mcs50/rand/r005/mcs50_r005_s30.B64
Reading graphs...
30 :  46
30 :  47
Initializing...
maxdom : 30
D->valSize : 900
Solving...
currentSize : 10 <-- 0.011025 s
currentSize : 11 <-- 0.011340 s
currentSize : 15 <-- 0.011410 s
currentSize : 17 <-- 0.011431 s
currentSize : 18 <-- 0.039273 s
currentSize : 19 <-- 0.457247 s
currentSize : 20 <-- 6.601412 s
currentSize : 21 <-- 60.491032 s
currentSize : 22 <-- 84.579536 s

maxsize : 22
nodes : 21889194.000000
filtered : 336862858.000000
time : 90.170982
