Parameters: GAD=1 vflib=1 dir=0 label=0 lowerbound=1 fileNameGp=../graphsdb/mcs50/bvg/b06/mcs50_b06_s35.A21 fileNameGt=../graphsdb/mcs50/bvg/b06/mcs50_b06_s35.B21
Reading graphs...
35 :  103
35 :  104
Initializing...
maxdom : 35
D->valSize : 1225
Solving...
currentSize : 16 <-- 0.019481 s
currentSize : 17 <-- 0.044300 s
currentSize : 18 <-- 0.238611 s
currentSize : 19 <-- 1.480431 s
currentSize : 20 <-- 3.562560 s
currentSize : 21 <-- 33.028393 s

maxsize : 21
nodes : 241582522.000000
filtered : 7267028205.000000
time : 1452.833862
