Parameters: GAD=1 vflib=1 dir=0 label=0 lowerbound=1 fileNameGp=../graphsdb/mcs50/bvg/b09/mcs50_b09_s35.A91 fileNameGt=../graphsdb/mcs50/bvg/b09/mcs50_b09_s35.B91
Reading graphs...
35 :  155
35 :  154
Initializing...
maxdom : 35
D->valSize : 1225
Solving...
currentSize : 12 <-- 0.030472 s
currentSize : 13 <-- 0.030880 s
currentSize : 14 <-- 0.031577 s
currentSize : 15 <-- 0.033046 s
currentSize : 16 <-- 0.067869 s
currentSize : 17 <-- 6.791566 s
currentSize : 18 <-- 83.168007 s
currentSize : 19 <-- 1766.804932 s

maxsize : 19
nodes : 416241372.000000
filtered : 8973189558.000000
time : 2125.430420
