Parameters: GAD=1 vflib=1 dir=0 label=0 lowerbound=1 fileNameGp=../graphsdb/mcs50/m4D/m4Dr4/mcs50_m4Dr4_s35.A16 fileNameGt=../graphsdb/mcs50/m4D/m4Dr4/mcs50_m4Dr4_s35.B16
Reading graphs...
35 :  75
35 :  76
Initializing...
maxdom : 35
D->valSize : 1225
Solving...
currentSize : 16 <-- 0.035119 s
currentSize : 18 <-- 0.035385 s
currentSize : 19 <-- 0.035593 s
currentSize : 20 <-- 1.827659 s
currentSize : 21 <-- 1.877392 s
currentSize : 22 <-- 109.076736 s

maxsize : 22
nodes : 478108020.000000
filtered : 10438764757.000000
time : 2493.364014
