Parameters: GAD=1 vflib=1 dir=0 label=0 lowerbound=1 fileNameGp=../graphsdb/mcs50/m2D/m2D/mcs50_m2D_s30.A60 fileNameGt=../graphsdb/mcs50/m2D/m2D/mcs50_m2D_s30.B60
Reading graphs...
30 :  49
30 :  49
Initializing...
maxdom : 30
D->valSize : 900
Solving...
currentSize : 13 <-- 0.011370 s
currentSize : 15 <-- 0.011410 s
currentSize : 16 <-- 0.011602 s
currentSize : 17 <-- 0.017288 s
currentSize : 18 <-- 0.025660 s
currentSize : 19 <-- 0.113010 s
currentSize : 20 <-- 0.599068 s
currentSize : 21 <-- 6.932920 s
currentSize : 22 <-- 14.717980 s

maxsize : 22
nodes : 6338396.000000
filtered : 128562364.000000
time : 30.266062
