Parameters: GAD=1 vflib=1 dir=0 label=0 lowerbound=1 fileNameGp=../graphsdb/mcs50/m4D/m4Dr2/mcs50_m4Dr2_s35.A76 fileNameGt=../graphsdb/mcs50/m4D/m4Dr2/mcs50_m4Dr2_s35.B76
Reading graphs...
35 :  70
35 :  70
Initializing...
maxdom : 35
D->valSize : 1225
Solving...
currentSize : 13 <-- 0.035481 s
currentSize : 14 <-- 0.037091 s
currentSize : 15 <-- 0.039791 s
currentSize : 16 <-- 0.059945 s
currentSize : 17 <-- 0.098648 s
currentSize : 18 <-- 0.453894 s
currentSize : 19 <-- 1.202166 s
currentSize : 20 <-- 47.943127 s
currentSize : 21 <-- 48.140408 s
currentSize : 22 <-- 48.973949 s
currentSize : 23 <-- 50.190109 s

maxsize : 23
nodes : 141057140.000000
filtered : 3540635485.000000
time : 763.026489
