Parameters: GAD=1 vflib=1 dir=0 label=0 lowerbound=1 fileNameGp=../graphsdb/mcs50/m4D/m4Dr4/mcs50_m4Dr4_s30.A70 fileNameGt=../graphsdb/mcs50/m4D/m4Dr4/mcs50_m4Dr4_s30.B70
Reading graphs...
30 :  65
30 :  65
Initializing...
maxdom : 30
D->valSize : 900
Solving...
currentSize : 8 <-- 0.018425 s
currentSize : 12 <-- 0.018472 s
currentSize : 15 <-- 0.018765 s
currentSize : 16 <-- 0.020339 s
currentSize : 17 <-- 0.020386 s
currentSize : 18 <-- 0.022439 s
currentSize : 19 <-- 0.026742 s
currentSize : 20 <-- 25.041929 s

maxsize : 20
nodes : 15665691.000000
filtered : 319446477.000000
time : 72.890221
