Parameters: GAD=1 vflib=1 dir=0 label=0 lowerbound=1 fileNameGp=../graphsdb/mcs50/bvg/b06/mcs50_b06_s30.A22 fileNameGt=../graphsdb/mcs50/bvg/b06/mcs50_b06_s30.B22
Reading graphs...
30 :  89
30 :  90
Initializing...
maxdom : 30
D->valSize : 900
Solving...
currentSize : 11 <-- 0.014880 s
currentSize : 13 <-- 0.014912 s
currentSize : 14 <-- 0.014921 s
currentSize : 15 <-- 0.015875 s
currentSize : 16 <-- 0.545431 s
currentSize : 17 <-- 0.545761 s
currentSize : 18 <-- 9.192580 s
currentSize : 19 <-- 27.292107 s

maxsize : 19
nodes : 12374424.000000
filtered : 315478686.000000
time : 63.734489
