Parameters: GAD=1 vflib=1 dir=0 label=0 lowerbound=1 fileNameGp=../graphsdb/mcs50/bvg/b06m/mcs50_b06m_s35.A84 fileNameGt=../graphsdb/mcs50/bvg/b06m/mcs50_b06m_s35.B84
Reading graphs...
35 :  100
35 :  101
Initializing...
maxdom : 35
D->valSize : 1225
Solving...
currentSize : 15 <-- 0.024690 s
currentSize : 16 <-- 0.025402 s
currentSize : 17 <-- 0.042494 s
currentSize : 18 <-- 0.154870 s
currentSize : 19 <-- 1.347531 s
currentSize : 20 <-- 3.653141 s
currentSize : 21 <-- 16.932337 s

maxsize : 21
nodes : 259963719.000000
filtered : 7254953641.000000
time : 1492.084717
