Parameters: GAD=1 vflib=1 dir=0 label=0 lowerbound=1 fileNameGp=../graphsdb/mcs50/bvg/b06m/mcs50_b06m_s35.A22 fileNameGt=../graphsdb/mcs50/bvg/b06m/mcs50_b06m_s35.B22
Reading graphs...
35 :  102
35 :  104
Initializing...
maxdom : 35
D->valSize : 1225
Solving...
currentSize : 14 <-- 0.019063 s
currentSize : 15 <-- 0.019145 s
currentSize : 16 <-- 0.019268 s
currentSize : 18 <-- 0.019541 s
currentSize : 19 <-- 0.299780 s
currentSize : 20 <-- 72.561493 s
currentSize : 21 <-- 198.633255 s

maxsize : 21
nodes : 250620738.000000
filtered : 7010988641.000000
time : 1431.498413
