Parameters: GAD=1 vflib=1 dir=0 label=0 lowerbound=1 fileNameGp=../graphsdb/mcs50/bvg/b06/mcs50_b06_s30.A09 fileNameGt=../graphsdb/mcs50/bvg/b06/mcs50_b06_s30.B09
Reading graphs...
30 :  90
30 :  89
Initializing...
maxdom : 30
D->valSize : 900
Solving...
currentSize : 13 <-- 0.010159 s
currentSize : 14 <-- 0.010458 s
currentSize : 15 <-- 0.016423 s
currentSize : 16 <-- 0.092512 s
currentSize : 17 <-- 2.212607 s
currentSize : 18 <-- 16.912754 s
currentSize : 19 <-- 16.913008 s

maxsize : 19
nodes : 10071939.000000
filtered : 255166988.000000
time : 50.865105
