Parameters: GAD=1 vflib=1 dir=0 label=0 lowerbound=1 fileNameGp=../graphsdb/mcs50/m2D/m2Dr4/mcs50_m2Dr4_s20.A23 fileNameGt=../graphsdb/mcs50/m2D/m2Dr4/mcs50_m2Dr4_s20.B23
Reading graphs...
20 :  37
20 :  36
Initializing...
maxdom : 20
D->valSize : 400
Solving...
currentSize : 8 <-- 0.002126 s
currentSize : 9 <-- 0.002149 s
currentSize : 10 <-- 0.002220 s
currentSize : 11 <-- 0.003052 s
currentSize : 12 <-- 0.006972 s
currentSize : 13 <-- 0.025927 s
currentSize : 14 <-- 0.368223 s

maxsize : 14
nodes : 136253.000000
filtered : 1747606.000000
time : 0.442592
