Parameters: GAD=1 vflib=1 dir=0 label=0 lowerbound=1 fileNameGp=../graphsdb/mcs50/rand/r01/mcs50_r01_s30.A28 fileNameGt=../graphsdb/mcs50/rand/r01/mcs50_r01_s30.B28
Reading graphs...
30 :  83
30 :  82
Initializing...
maxdom : 30
D->valSize : 900
Solving...
currentSize : 9 <-- 0.017797 s
currentSize : 10 <-- 0.017844 s
currentSize : 11 <-- 0.017854 s
currentSize : 12 <-- 0.017893 s
currentSize : 13 <-- 0.017910 s
currentSize : 14 <-- 0.024759 s
currentSize : 15 <-- 0.041084 s
currentSize : 16 <-- 0.098475 s
currentSize : 17 <-- 0.524226 s
currentSize : 18 <-- 1.023355 s

maxsize : 18
nodes : 38849610.000000
filtered : 843787126.000000
time : 186.389404
