Parameters: GAD=1 vflib=1 dir=0 label=0 lowerbound=1 fileNameGp=../graphsdb/mcs50/rand/r02/mcs50_r02_s30.A13 fileNameGt=../graphsdb/mcs50/rand/r02/mcs50_r02_s30.B13
Reading graphs...
30 :  154
30 :  152
Initializing...
maxdom : 30
D->valSize : 900
Solving...
currentSize : 10 <-- 0.009316 s
currentSize : 11 <-- 0.009350 s
currentSize : 12 <-- 0.011013 s
currentSize : 13 <-- 0.038473 s
currentSize : 14 <-- 0.661763 s
currentSize : 15 <-- 148.106339 s

maxsize : 15
nodes : 83531090.000000
filtered : 1171668607.000000
time : 350.876648
