Parameters: GAD=1 vflib=1 dir=0 label=0 lowerbound=1 fileNameGp=../graphsdb/mcs50/bvg/b09m/mcs50_b09m_s25.A81 fileNameGt=../graphsdb/mcs50/bvg/b09m/mcs50_b09m_s25.B81
Reading graphs...
25 :  102
25 :  101
Initializing...
maxdom : 25
D->valSize : 625
Solving...
currentSize : 8 <-- 0.004810 s
currentSize : 9 <-- 0.004877 s
currentSize : 10 <-- 0.005170 s
currentSize : 11 <-- 0.011102 s
currentSize : 12 <-- 0.019698 s
currentSize : 13 <-- 0.024008 s
currentSize : 14 <-- 7.762560 s

maxsize : 14
nodes : 3279377.000000
filtered : 50022124.000000
time : 12.994118
