Parameters: GAD=1 vflib=1 dir=0 label=0 lowerbound=1 fileNameGp=../graphsdb/mcs50/rand/r02/mcs50_r02_s30.A75 fileNameGt=../graphsdb/mcs50/rand/r02/mcs50_r02_s30.B75
Reading graphs...
30 :  160
30 :  159
Initializing...
maxdom : 30
D->valSize : 900
Solving...
currentSize : 10 <-- 0.015846 s
currentSize : 11 <-- 0.017164 s
currentSize : 12 <-- 0.017630 s
currentSize : 13 <-- 0.161480 s
currentSize : 14 <-- 0.227059 s
currentSize : 15 <-- 86.263489 s

maxsize : 15
nodes : 71987087.000000
filtered : 989642939.000000
time : 302.605103
