Parameters: GAD=1 vflib=1 dir=0 label=0 lowerbound=1 fileNameGp=../graphsdb/mcs50/bvg/b06m/mcs50_b06m_s35.A87 fileNameGt=../graphsdb/mcs50/bvg/b06m/mcs50_b06m_s35.B87
Reading graphs...
35 :  101
35 :  104
Initializing...
maxdom : 35
D->valSize : 1225
Solving...
currentSize : 13 <-- 0.019952 s
currentSize : 14 <-- 0.020020 s
currentSize : 15 <-- 0.030694 s
currentSize : 16 <-- 0.044292 s
currentSize : 17 <-- 0.131282 s
currentSize : 18 <-- 0.187466 s
currentSize : 19 <-- 0.607305 s
currentSize : 20 <-- 0.955725 s
currentSize : 21 <-- 1.177168 s
currentSize : 22 <-- 894.597107 s

maxsize : 22
nodes : 170850479.000000
filtered : 5355458112.000000
time : 1040.136353
