Parameters: GAD=1 vflib=1 dir=0 label=0 lowerbound=1 fileNameGp=../graphsdb/mcs50/bvg/b06m/mcs50_b06m_s30.A46 fileNameGt=../graphsdb/mcs50/bvg/b06m/mcs50_b06m_s30.B46
Reading graphs...
30 :  89
30 :  86
Initializing...
maxdom : 30
D->valSize : 900
Solving...
currentSize : 11 <-- 0.010179 s
currentSize : 12 <-- 0.010207 s
currentSize : 13 <-- 0.010258 s
currentSize : 14 <-- 0.011466 s
currentSize : 15 <-- 0.032670 s
currentSize : 16 <-- 0.788495 s
currentSize : 17 <-- 1.374723 s
currentSize : 18 <-- 26.530485 s

maxsize : 18
nodes : 24004768.000000
filtered : 523039077.000000
time : 114.797363
