Parameters: GAD=1 vflib=1 dir=0 label=0 lowerbound=1 fileNameGp=../graphsdb/mcs50/rand/r01/mcs50_r01_s30.A36 fileNameGt=../graphsdb/mcs50/rand/r01/mcs50_r01_s30.B36
Reading graphs...
30 :  81
30 :  83
Initializing...
maxdom : 30
D->valSize : 900
Solving...
currentSize : 12 <-- 0.010255 s
currentSize : 13 <-- 0.010500 s
currentSize : 14 <-- 0.010510 s
currentSize : 15 <-- 0.011028 s
currentSize : 16 <-- 0.023447 s
currentSize : 17 <-- 0.044614 s
currentSize : 18 <-- 0.505557 s

maxsize : 18
nodes : 53851419.000000
filtered : 1122018998.000000
time : 252.875504
