Parameters: GAD=1 vflib=1 dir=0 label=0 lowerbound=1 fileNameGp=../graphsdb/mcs50/bvg/b03/mcs50_b03_s20.A91 fileNameGt=../graphsdb/mcs50/bvg/b03/mcs50_b03_s20.B91
Reading graphs...
20 :  29
20 :  30
Initializing...
maxdom : 20
D->valSize : 400
Solving...
currentSize : 10 <-- 0.003838 s
currentSize : 11 <-- 0.003925 s
currentSize : 12 <-- 0.003943 s
currentSize : 13 <-- 0.004659 s
currentSize : 14 <-- 0.032975 s
currentSize : 15 <-- 0.289207 s

maxsize : 15
nodes : 115015.000000
filtered : 1440337.000000
time : 0.408284
