Parameters: GAD=1 vflib=1 dir=0 label=0 lowerbound=1 fileNameGp=../graphsdb/mcs50/rand/r02/mcs50_r02_s35.A35 fileNameGt=../graphsdb/mcs50/rand/r02/mcs50_r02_s35.B35
Reading graphs...
35 :  212
35 :  211
Initializing...
maxdom : 35
D->valSize : 1225
Solving...
currentSize : 10 <-- 0.017460 s
currentSize : 11 <-- 0.017480 s
currentSize : 12 <-- 0.017925 s
currentSize : 13 <-- 0.025122 s
currentSize : 14 <-- 0.124091 s
currentSize : 15 <-- 0.817331 s
currentSize : 17 <-- 1783.297241 s

maxsize : 17
nodes : 678858181.000000
filtered : 9717818687.000000
time : 3087.919189
