Parameters: GAD=1 vflib=1 dir=0 label=0 lowerbound=1 fileNameGp=../graphsdb/mcs50/bvg/b09m/mcs50_b09m_s25.A34 fileNameGt=../graphsdb/mcs50/bvg/b09m/mcs50_b09m_s25.B34
Reading graphs...
25 :  105
25 :  101
Initializing...
maxdom : 25
D->valSize : 625
Solving...
currentSize : 8 <-- 0.004571 s
currentSize : 9 <-- 0.004602 s
currentSize : 10 <-- 0.004626 s
currentSize : 11 <-- 0.004771 s
currentSize : 12 <-- 0.008496 s
currentSize : 13 <-- 0.272648 s
currentSize : 14 <-- 3.876353 s

maxsize : 14
nodes : 2213314.000000
filtered : 37792341.000000
time : 9.160728
