Parameters: GAD=1 vflib=1 dir=0 label=0 lowerbound=1 fileNameGp=../graphsdb/mcs50/m2D/m2D/mcs50_m2D_s30.A25 fileNameGt=../graphsdb/mcs50/m2D/m2D/mcs50_m2D_s30.B25
Reading graphs...
30 :  49
30 :  49
Initializing...
maxdom : 30
D->valSize : 900
Solving...
currentSize : 16 <-- 0.011141 s
currentSize : 17 <-- 0.287279 s
currentSize : 18 <-- 0.960214 s
currentSize : 19 <-- 0.972057 s
currentSize : 20 <-- 3.576499 s
currentSize : 21 <-- 49.512352 s

maxsize : 21
nodes : 19090127.000000
filtered : 350560877.000000
time : 87.660835
