Parameters: GAD=1 vflib=1 dir=0 label=0 lowerbound=1 fileNameGp=../graphsdb/mcs50/bvg/b06/mcs50_b06_s30.A29 fileNameGt=../graphsdb/mcs50/bvg/b06/mcs50_b06_s30.B29
Reading graphs...
30 :  89
30 :  90
Initializing...
maxdom : 30
D->valSize : 900
Solving...
currentSize : 10 <-- 0.010258 s
currentSize : 11 <-- 0.010276 s
currentSize : 12 <-- 0.010387 s
currentSize : 13 <-- 0.010446 s
currentSize : 14 <-- 0.011382 s
currentSize : 15 <-- 0.034022 s
currentSize : 16 <-- 0.540559 s
currentSize : 17 <-- 1.030111 s
currentSize : 18 <-- 9.583222 s

maxsize : 18
nodes : 32054446.000000
filtered : 741982850.000000
time : 157.343674
