Parameters: GAD=1 vflib=1 dir=0 label=0 lowerbound=1 fileNameGp=../graphsdb/mcs50/m4D/m4Dr6/mcs50_m4Dr6_s30.A08 fileNameGt=../graphsdb/mcs50/m4D/m4Dr6/mcs50_m4Dr6_s30.B08
Reading graphs...
30 :  70
30 :  69
Initializing...
maxdom : 30
D->valSize : 900
Solving...
currentSize : 13 <-- 0.018298 s
currentSize : 14 <-- 0.018828 s
currentSize : 15 <-- 0.029951 s
currentSize : 16 <-- 0.032306 s
currentSize : 17 <-- 0.750204 s
currentSize : 18 <-- 0.862719 s
currentSize : 19 <-- 6.626981 s

maxsize : 19
nodes : 23991028.000000
filtered : 507316779.000000
time : 111.293320
