Parameters: GAD=1 vflib=1 dir=0 label=0 lowerbound=1 fileNameGp=../graphsdb/mcs50/m4D/m4Dr2/mcs50_m4Dr2_s30.A11 fileNameGt=../graphsdb/mcs50/m4D/m4Dr2/mcs50_m4Dr2_s30.B11
Reading graphs...
30 :  61
30 :  61
Initializing...
maxdom : 30
D->valSize : 900
Solving...
currentSize : 14 <-- 0.018597 s
currentSize : 15 <-- 0.027075 s
currentSize : 16 <-- 0.053613 s
currentSize : 17 <-- 0.181734 s
currentSize : 18 <-- 0.934316 s
currentSize : 19 <-- 0.934906 s
currentSize : 20 <-- 84.745529 s

maxsize : 20
nodes : 28203054.000000
filtered : 491651247.000000
time : 122.822647
