Parameters: GAD=1 vflib=1 dir=0 label=0 lowerbound=1 fileNameGp=../graphsdb/mcs50/m3D/m3Dr2/mcs50_m3Dr2_s20.A11 fileNameGt=../graphsdb/mcs50/m3D/m3Dr2/mcs50_m3Dr2_s20.B11
Reading graphs...
20 :  40
20 :  40
Initializing...
maxdom : 20
D->valSize : 400
Solving...
currentSize : 9 <-- 0.002235 s
currentSize : 10 <-- 0.002310 s
currentSize : 11 <-- 0.002716 s
currentSize : 12 <-- 0.038645 s
currentSize : 13 <-- 0.048465 s
currentSize : 14 <-- 0.572306 s

maxsize : 14
nodes : 198628.000000
filtered : 2498174.000000
time : 0.634854
