Parameters: GAD=1 vflib=1 dir=0 label=0 lowerbound=1 fileNameGp=../graphsdb/mcs50/m4D/m4D/mcs50_m4D_s30.A58 fileNameGt=../graphsdb/mcs50/m4D/m4D/mcs50_m4D_s30.B58
Reading graphs...
30 :  55
30 :  54
Initializing...
maxdom : 30
D->valSize : 900
Solving...
currentSize : 12 <-- 0.011155 s
currentSize : 13 <-- 0.011178 s
currentSize : 14 <-- 0.011437 s
currentSize : 15 <-- 0.013747 s
currentSize : 16 <-- 0.020370 s
currentSize : 17 <-- 0.046926 s
currentSize : 18 <-- 0.056517 s
currentSize : 19 <-- 1.073202 s
currentSize : 20 <-- 1.103547 s
currentSize : 21 <-- 1.890206 s

maxsize : 21
nodes : 3636680.000000
filtered : 76847218.000000
time : 17.111996
