Parameters: GAD=1 vflib=1 dir=0 label=0 lowerbound=1 fileNameGp=../graphsdb/mcs50/bvg/b09/mcs50_b09_s25.A47 fileNameGt=../graphsdb/mcs50/bvg/b09/mcs50_b09_s25.B47
Reading graphs...
25 :  110
25 :  107
Initializing...
maxdom : 25
D->valSize : 625
Solving...
currentSize : 8 <-- 0.007734 s
currentSize : 9 <-- 0.007845 s
currentSize : 10 <-- 0.007947 s
currentSize : 11 <-- 0.008693 s
currentSize : 12 <-- 0.009477 s
currentSize : 13 <-- 0.026713 s
currentSize : 14 <-- 0.536587 s
currentSize : 15 <-- 1.619679 s

maxsize : 15
nodes : 938488.000000
filtered : 17542564.000000
time : 3.984371
