Parameters: GAD=1 vflib=1 dir=0 label=0 lowerbound=1 fileNameGp=../graphsdb/mcs50/bvg/b06m/mcs50_b06m_s30.A67 fileNameGt=../graphsdb/mcs50/bvg/b06m/mcs50_b06m_s30.B67
Reading graphs...
30 :  89
30 :  88
Initializing...
maxdom : 30
D->valSize : 900
Solving...
currentSize : 13 <-- 0.010215 s
currentSize : 14 <-- 0.010453 s
currentSize : 15 <-- 0.012295 s
currentSize : 16 <-- 0.104132 s
currentSize : 17 <-- 0.187384 s
currentSize : 18 <-- 3.659213 s

maxsize : 18
nodes : 20608638.000000
filtered : 502705536.000000
time : 104.213371
