Parameters: GAD=1 vflib=1 dir=0 label=0 lowerbound=1 fileNameGp=../graphsdb/mcs50/m3D/m3Dr2/mcs50_m3Dr2_s20.A72 fileNameGt=../graphsdb/mcs50/m3D/m3Dr2/mcs50_m3Dr2_s20.B72
Reading graphs...
20 :  40
20 :  41
Initializing...
maxdom : 20
D->valSize : 400
Solving...
currentSize : 8 <-- 0.002132 s
currentSize : 9 <-- 0.002148 s
currentSize : 10 <-- 0.002241 s
currentSize : 12 <-- 0.002279 s
currentSize : 13 <-- 0.008552 s
currentSize : 14 <-- 0.073156 s

maxsize : 14
nodes : 54351.000000
filtered : 918036.000000
time : 0.199601
