Parameters: GAD=1 vflib=1 dir=0 label=0 lowerbound=1 fileNameGp=../graphsdb/mcs50/rand/r02/mcs50_r02_s25.A81 fileNameGt=../graphsdb/mcs50/rand/r02/mcs50_r02_s25.B81
Reading graphs...
25 :  105
25 :  105
Initializing...
maxdom : 25
D->valSize : 625
Solving...
currentSize : 8 <-- 0.004738 s
currentSize : 9 <-- 0.004759 s
currentSize : 10 <-- 0.004849 s
currentSize : 11 <-- 0.006772 s
currentSize : 12 <-- 0.013012 s
currentSize : 13 <-- 0.080697 s
currentSize : 14 <-- 17.944324 s

maxsize : 14
nodes : 6709981.000000
filtered : 83818856.000000
time : 24.710377
