Parameters: GAD=1 vflib=1 dir=0 label=0 lowerbound=1 fileNameGp=../graphsdb/mcs50/rand/r005/mcs50_r005_s30.A99 fileNameGt=../graphsdb/mcs50/rand/r005/mcs50_r005_s30.B99
Reading graphs...
30 :  47
30 :  47
Initializing...
maxdom : 30
D->valSize : 900
Solving...
currentSize : 16 <-- 0.011609 s
currentSize : 17 <-- 0.011858 s
currentSize : 18 <-- 0.011888 s
currentSize : 19 <-- 0.016825 s
currentSize : 20 <-- 0.081536 s
currentSize : 21 <-- 1.028648 s
currentSize : 22 <-- 16.109461 s

maxsize : 22
nodes : 5895033.000000
filtered : 124053885.000000
time : 28.322201
