Parameters: GAD=1 vflib=1 dir=0 label=0 lowerbound=1 fileNameGp=../graphsdb/mcs50/bvg/b03/mcs50_b03_s30.A17 fileNameGt=../graphsdb/mcs50/bvg/b03/mcs50_b03_s30.B17
Reading graphs...
30 :  45
30 :  45
Initializing...
maxdom : 30
D->valSize : 900
Solving...
currentSize : 12 <-- 0.011581 s
currentSize : 13 <-- 0.011635 s
currentSize : 15 <-- 0.011700 s
currentSize : 16 <-- 0.013095 s
currentSize : 17 <-- 0.035891 s
currentSize : 18 <-- 0.053230 s
currentSize : 19 <-- 0.057573 s
currentSize : 20 <-- 3.778910 s
currentSize : 21 <-- 6.216538 s
currentSize : 22 <-- 6.248635 s

maxsize : 22
nodes : 7302725.000000
filtered : 146831362.000000
time : 33.897339
