Parameters: GAD=1 vflib=1 dir=0 label=0 lowerbound=1 fileNameGp=../graphsdb/mcs50/bvg/b09m/mcs50_b09m_s25.A25 fileNameGt=../graphsdb/mcs50/bvg/b09m/mcs50_b09m_s25.B25
Reading graphs...
25 :  103
25 :  102
Initializing...
maxdom : 25
D->valSize : 625
Solving...
currentSize : 7 <-- 0.007768 s
currentSize : 8 <-- 0.007807 s
currentSize : 9 <-- 0.007819 s
currentSize : 10 <-- 0.008184 s
currentSize : 11 <-- 0.008624 s
currentSize : 12 <-- 0.012320 s
currentSize : 13 <-- 0.081543 s
currentSize : 14 <-- 0.163109 s

maxsize : 14
nodes : 1440117.000000
filtered : 27304633.000000
time : 6.151529
