Parameters: GAD=1 vflib=1 dir=0 label=0 lowerbound=1 fileNameGp=../graphsdb/mcs50/m2D/m2Dr2/mcs50_m2Dr2_s30.A45 fileNameGt=../graphsdb/mcs50/m2D/m2Dr2/mcs50_m2Dr2_s30.B45
Reading graphs...
30 :  55
30 :  55
Initializing...
maxdom : 30
D->valSize : 900
Solving...
currentSize : 13 <-- 0.018908 s
currentSize : 15 <-- 0.019505 s
currentSize : 16 <-- 0.146942 s
currentSize : 17 <-- 0.180658 s
currentSize : 18 <-- 1.046197 s
currentSize : 19 <-- 2.179495 s
currentSize : 20 <-- 2.180590 s
currentSize : 21 <-- 21.398573 s

maxsize : 21
nodes : 11016415.000000
filtered : 237114975.000000
time : 55.141781
