Parameters: GAD=1 vflib=1 dir=0 label=0 lowerbound=1 fileNameGp=../graphsdb/mcs50/bvg/b03/mcs50_b03_s35.A14 fileNameGt=../graphsdb/mcs50/bvg/b03/mcs50_b03_s35.B14
Reading graphs...
35 :  52
35 :  52
Initializing...
maxdom : 35
D->valSize : 1225
Solving...
currentSize : 15 <-- 0.036411 s
currentSize : 18 <-- 0.036547 s
currentSize : 19 <-- 0.038163 s
currentSize : 21 <-- 0.061217 s
currentSize : 22 <-- 0.574878 s
currentSize : 23 <-- 0.942094 s
currentSize : 24 <-- 50.939095 s
currentSize : 25 <-- 71.692696 s

maxsize : 25
nodes : 94893219.000000
filtered : 2083708559.000000
time : 504.055878
