Parameters: GAD=1 vflib=1 dir=0 label=0 lowerbound=1 fileNameGp=../graphsdb/mcs50/bvg/b09/mcs50_b09_s35.A36 fileNameGt=../graphsdb/mcs50/bvg/b09/mcs50_b09_s35.B36
Reading graphs...
35 :  152
35 :  152
Initializing...
maxdom : 35
D->valSize : 1225
Solving...
currentSize : 12 <-- 0.031242 s
currentSize : 13 <-- 0.031301 s
currentSize : 14 <-- 0.036428 s
currentSize : 15 <-- 0.039702 s
currentSize : 16 <-- 0.044985 s
currentSize : 17 <-- 7.331762 s
currentSize : 18 <-- 13.053571 s
currentSize : 19 <-- 45.843910 s
currentSize : 20 <-- 109.784088 s

maxsize : 20
nodes : 95194794.000000
filtered : 2549815990.000000
time : 533.918457
