Parameters: GAD=1 vflib=1 dir=0 label=0 lowerbound=1 fileNameGp=../graphsdb/mcs50/m2D/m2Dr4/mcs50_m2Dr4_s30.A69 fileNameGt=../graphsdb/mcs50/m2D/m2Dr4/mcs50_m2Dr4_s30.B69
Reading graphs...
30 :  60
30 :  59
Initializing...
maxdom : 30
D->valSize : 900
Solving...
currentSize : 12 <-- 0.010788 s
currentSize : 13 <-- 0.010853 s
currentSize : 15 <-- 0.010868 s
currentSize : 16 <-- 0.040423 s
currentSize : 17 <-- 0.068783 s
currentSize : 18 <-- 0.419943 s
currentSize : 19 <-- 0.421268 s
currentSize : 20 <-- 2.338804 s

maxsize : 20
nodes : 22273251.000000
filtered : 494403533.000000
time : 109.774033
