Parameters: GAD=1 vflib=1 dir=0 label=0 lowerbound=1 fileNameGp=../graphsdb/mcs50/m4D/m4Dr6/mcs50_m4Dr6_s35.A66 fileNameGt=../graphsdb/mcs50/m4D/m4Dr6/mcs50_m4Dr6_s35.B66
Reading graphs...
35 :  83
35 :  83
Initializing...
maxdom : 35
D->valSize : 1225
Solving...
currentSize : 16 <-- 0.020176 s
currentSize : 17 <-- 0.035979 s
currentSize : 18 <-- 0.303995 s
currentSize : 19 <-- 0.306027 s
currentSize : 20 <-- 3.731893 s
currentSize : 21 <-- 48.352985 s
currentSize : 22 <-- 2976.412109 s

TIMEOUT
maxsize : 22
nodes : 696020848.000000
filtered : 13968749452.000000
time : 3600.000000
