Parameters: GAD=1 vflib=1 dir=0 label=0 lowerbound=1 fileNameGp=../graphsdb/mcs50/bvg/b09m/mcs50_b09m_s20.A27 fileNameGt=../graphsdb/mcs50/bvg/b09m/mcs50_b09m_s20.B27
Reading graphs...
20 :  77
20 :  79
Initializing...
maxdom : 20
D->valSize : 400
Solving...
currentSize : 7 <-- 0.003344 s
currentSize : 8 <-- 0.003535 s
currentSize : 9 <-- 0.003705 s
currentSize : 10 <-- 0.005930 s
currentSize : 11 <-- 0.022431 s
currentSize : 12 <-- 0.453626 s

maxsize : 12
nodes : 195696.000000
filtered : 2732508.000000
time : 0.792868
