Parameters: GAD=1 vflib=1 dir=0 label=0 lowerbound=1 fileNameGp=../graphsdb/mcs50/rand/r02/mcs50_r02_s35.A09 fileNameGt=../graphsdb/mcs50/rand/r02/mcs50_r02_s35.B09
Reading graphs...
35 :  209
35 :  219
Initializing...
maxdom : 35
D->valSize : 1225
Solving...
currentSize : 9 <-- 0.017871 s
currentSize : 11 <-- 0.017920 s
currentSize : 12 <-- 0.020006 s
currentSize : 13 <-- 0.035261 s
currentSize : 14 <-- 0.275383 s
currentSize : 15 <-- 10.119614 s
currentSize : 16 <-- 1953.973755 s
currentSize : 17 <-- 2104.829102 s

maxsize : 17
nodes : 681314596.000000
filtered : 9608861005.000000
time : 3099.769531
