Parameters: GAD=1 vflib=1 dir=0 label=0 lowerbound=1 fileNameGp=../graphsdb/mcs50/bvg/b03m/mcs50_b03m_s25.A56 fileNameGt=../graphsdb/mcs50/bvg/b03m/mcs50_b03m_s25.B56
Reading graphs...
25 :  36
25 :  37
Initializing...
maxdom : 25
D->valSize : 625
Solving...
currentSize : 13 <-- 0.005518 s
currentSize : 14 <-- 0.005603 s
currentSize : 15 <-- 0.005660 s
currentSize : 16 <-- 0.007831 s
currentSize : 17 <-- 0.140678 s
currentSize : 18 <-- 0.398184 s

maxsize : 18
nodes : 513308.000000
filtered : 8223346.000000
time : 2.085496
