Parameters: GAD=1 vflib=1 dir=0 label=0 lowerbound=1 fileNameGp=../graphsdb/mcs50/bvg/b09m/mcs50_b09m_s30.A43 fileNameGt=../graphsdb/mcs50/bvg/b09m/mcs50_b09m_s30.B43
Reading graphs...
30 :  125
30 :  127
Initializing...
maxdom : 30
D->valSize : 900
Solving...
currentSize : 11 <-- 0.009848 s
currentSize : 12 <-- 0.010115 s
currentSize : 13 <-- 0.010129 s
currentSize : 14 <-- 0.017121 s
currentSize : 15 <-- 1.213674 s
currentSize : 16 <-- 2.685022 s

maxsize : 16
nodes : 36994312.000000
filtered : 778920041.000000
time : 175.722214
