Parameters: GAD=1 vflib=1 dir=0 label=0 lowerbound=1 fileNameGp=../graphsdb/mcs50/m2D/m2Dr6/mcs50_m2Dr6_s20.A32 fileNameGt=../graphsdb/mcs50/m2D/m2Dr6/mcs50_m2Dr6_s20.B32
Reading graphs...
20 :  40
20 :  39
Initializing...
maxdom : 20
D->valSize : 400
Solving...
currentSize : 9 <-- 0.003691 s
currentSize : 10 <-- 0.003874 s
currentSize : 11 <-- 0.003966 s
currentSize : 12 <-- 0.013891 s
currentSize : 13 <-- 0.016426 s
currentSize : 14 <-- 0.164515 s

maxsize : 14
nodes : 95131.000000
filtered : 1527043.000000
time : 0.436644
