Parameters: GAD=1 vflib=1 dir=0 label=0 lowerbound=1 fileNameGp=../graphsdb/mcs50/m4D/m4Dr4/mcs50_m4Dr4_s30.A58 fileNameGt=../graphsdb/mcs50/m4D/m4Dr4/mcs50_m4Dr4_s30.B58
Reading graphs...
30 :  63
30 :  65
Initializing...
maxdom : 30
D->valSize : 900
Solving...
currentSize : 13 <-- 0.018397 s
currentSize : 14 <-- 0.020281 s
currentSize : 15 <-- 0.089218 s
currentSize : 16 <-- 0.092516 s
currentSize : 17 <-- 0.281841 s
currentSize : 18 <-- 0.377986 s
currentSize : 19 <-- 0.573061 s
currentSize : 20 <-- 6.597296 s

maxsize : 20
nodes : 7622200.000000
filtered : 176234254.000000
time : 37.210178
