Parameters: GAD=1 vflib=1 dir=0 label=0 lowerbound=1 fileNameGp=../graphsdb/mcs50/m3D/m3Dr6/mcs50_m3Dr6_s20.A60 fileNameGt=../graphsdb/mcs50/m3D/m3Dr6/mcs50_m3Dr6_s20.B60
Reading graphs...
20 :  45
20 :  46
Initializing...
maxdom : 20
D->valSize : 400
Solving...
currentSize : 8 <-- 0.003548 s
currentSize : 9 <-- 0.003634 s
currentSize : 10 <-- 0.003763 s
currentSize : 11 <-- 0.004653 s
currentSize : 12 <-- 0.006607 s
currentSize : 14 <-- 0.100893 s

maxsize : 14
nodes : 72617.000000
filtered : 1238436.000000
time : 0.330561
