Parameters: GAD=1 vflib=1 dir=0 label=0 lowerbound=1 fileNameGp=../graphsdb/mcs50/m3D/m3Dr6/mcs50_m3Dr6_s20.A74 fileNameGt=../graphsdb/mcs50/m3D/m3Dr6/mcs50_m3Dr6_s20.B74
Reading graphs...
20 :  45
20 :  46
Initializing...
maxdom : 20
D->valSize : 400
Solving...
currentSize : 8 <-- 0.002056 s
currentSize : 9 <-- 0.002108 s
currentSize : 10 <-- 0.002586 s
currentSize : 11 <-- 0.003660 s
currentSize : 12 <-- 0.025731 s
currentSize : 13 <-- 0.054155 s

maxsize : 13
nodes : 188143.000000
filtered : 2732322.000000
time : 0.641222
