Parameters: GAD=1 vflib=1 dir=0 label=0 lowerbound=1 fileNameGp=../graphsdb/mcs50/bvg/b06/mcs50_b06_s35.A75 fileNameGt=../graphsdb/mcs50/bvg/b06/mcs50_b06_s35.B75
Reading graphs...
35 :  103
35 :  104
Initializing...
maxdom : 35
D->valSize : 1225
Solving...
currentSize : 17 <-- 0.019424 s
currentSize : 18 <-- 0.024330 s
currentSize : 19 <-- 0.954256 s
currentSize : 20 <-- 12.484046 s
currentSize : 21 <-- 12.484456 s
currentSize : 22 <-- 343.135712 s

maxsize : 22
nodes : 112213694.000000
filtered : 3518469696.000000
time : 671.451477
