Parameters: GAD=1 vflib=1 dir=0 label=0 lowerbound=1 fileNameGp=../graphsdb/mcs50/bvg/b06/mcs50_b06_s30.A48 fileNameGt=../graphsdb/mcs50/bvg/b06/mcs50_b06_s30.B48
Reading graphs...
30 :  89
30 :  88
Initializing...
maxdom : 30
D->valSize : 900
Solving...
currentSize : 13 <-- 0.010236 s
currentSize : 14 <-- 0.031330 s
currentSize : 15 <-- 0.042101 s
currentSize : 16 <-- 0.115596 s
currentSize : 17 <-- 0.447709 s
currentSize : 18 <-- 24.417229 s

maxsize : 18
nodes : 29782713.000000
filtered : 674473771.000000
time : 143.683594
