Parameters: GAD=1 vflib=1 dir=0 label=0 lowerbound=1 fileNameGp=../graphsdb/mcs50/rand/r02/mcs50_r02_s25.A55 fileNameGt=../graphsdb/mcs50/rand/r02/mcs50_r02_s25.B55
Reading graphs...
25 :  110
25 :  104
Initializing...
maxdom : 25
D->valSize : 625
Solving...
currentSize : 9 <-- 0.008821 s
currentSize : 10 <-- 0.008887 s
currentSize : 11 <-- 0.010873 s
currentSize : 12 <-- 0.016918 s
currentSize : 13 <-- 2.376785 s
currentSize : 14 <-- 2.689242 s

maxsize : 14
nodes : 3286640.000000
filtered : 48149878.000000
time : 12.930844
