Parameters: GAD=1 vflib=1 dir=0 label=0 lowerbound=1 fileNameGp=../graphsdb/mcs50/rand/r02/mcs50_r02_s25.A69 fileNameGt=../graphsdb/mcs50/rand/r02/mcs50_r02_s25.B69
Reading graphs...
25 :  104
25 :  108
Initializing...
maxdom : 25
D->valSize : 625
Solving...
currentSize : 7 <-- 0.004687 s
currentSize : 8 <-- 0.004719 s
currentSize : 9 <-- 0.004835 s
currentSize : 10 <-- 0.005215 s
currentSize : 11 <-- 0.008279 s
currentSize : 12 <-- 0.160250 s
currentSize : 13 <-- 0.343153 s

maxsize : 13
nodes : 7463291.000000
filtered : 96390436.000000
time : 28.104746
