Parameters: GAD=1 vflib=1 dir=0 label=0 lowerbound=1 fileNameGp=../graphsdb/mcs50/m2D/m2Dr4/mcs50_m2Dr4_s30.A84 fileNameGt=../graphsdb/mcs50/m2D/m2Dr4/mcs50_m2Dr4_s30.B84
Reading graphs...
30 :  58
30 :  59
Initializing...
maxdom : 30
D->valSize : 900
Solving...
currentSize : 16 <-- 0.011388 s
currentSize : 17 <-- 0.012241 s
currentSize : 18 <-- 0.033955 s
currentSize : 19 <-- 1.341363 s
currentSize : 20 <-- 7.798990 s
currentSize : 21 <-- 14.096937 s

maxsize : 21
nodes : 9898830.000000
filtered : 230480132.000000
time : 49.659065
