Parameters: GAD=1 vflib=1 dir=0 label=0 lowerbound=1 fileNameGp=../graphsdb/mcs50/bvg/b06m/mcs50_b06m_s35.A38 fileNameGt=../graphsdb/mcs50/bvg/b06m/mcs50_b06m_s35.B38
Reading graphs...
35 :  103
35 :  102
Initializing...
maxdom : 35
D->valSize : 1225
Solving...
currentSize : 14 <-- 0.019096 s
currentSize : 15 <-- 0.020223 s
currentSize : 16 <-- 0.023926 s
currentSize : 17 <-- 0.023961 s
currentSize : 18 <-- 0.043953 s
currentSize : 19 <-- 12.393508 s
currentSize : 20 <-- 190.282669 s

maxsize : 20
nodes : 565757968.000000
filtered : 14433881297.000000
time : 3011.635986
