Parameters: GAD=1 vflib=1 dir=0 label=0 lowerbound=1 fileNameGp=../graphsdb/mcs50/m4D/m4D/mcs50_m4D_s30.A31 fileNameGt=../graphsdb/mcs50/m4D/m4D/mcs50_m4D_s30.B31
Reading graphs...
30 :  55
30 :  55
Initializing...
maxdom : 30
D->valSize : 900
Solving...
currentSize : 9 <-- 0.019033 s
currentSize : 10 <-- 0.019299 s
currentSize : 13 <-- 0.019540 s
currentSize : 15 <-- 0.064125 s
currentSize : 16 <-- 0.094426 s
currentSize : 17 <-- 1.103314 s
currentSize : 18 <-- 1.103609 s
currentSize : 19 <-- 1.320347 s
currentSize : 21 <-- 8.155431 s
currentSize : 22 <-- 10.286417 s

maxsize : 22
nodes : 3228799.000000
filtered : 49173970.000000
time : 12.580910
