Parameters: GAD=1 vflib=1 dir=0 label=0 lowerbound=1 fileNameGp=../graphsdb/mcs50/bvg/b09/mcs50_b09_s25.A56 fileNameGt=../graphsdb/mcs50/bvg/b09/mcs50_b09_s25.B56
Reading graphs...
25 :  108
25 :  106
Initializing...
maxdom : 25
D->valSize : 625
Solving...
currentSize : 9 <-- 0.007718 s
currentSize : 10 <-- 0.007813 s
currentSize : 11 <-- 0.008075 s
currentSize : 12 <-- 0.008166 s
currentSize : 13 <-- 0.009770 s
currentSize : 14 <-- 0.060332 s
currentSize : 15 <-- 0.450418 s

maxsize : 15
nodes : 787333.000000
filtered : 18008515.000000
time : 3.574195
