Parameters: GAD=1 vflib=1 dir=0 label=0 lowerbound=1 fileNameGp=../graphsdb/mcs50/bvg/b09/mcs50_b09_s30.A05 fileNameGt=../graphsdb/mcs50/bvg/b09/mcs50_b09_s30.B05
Reading graphs...
30 :  130
30 :  131
Initializing...
maxdom : 30
D->valSize : 900
Solving...
currentSize : 11 <-- 0.009722 s
currentSize : 12 <-- 0.010479 s
currentSize : 13 <-- 0.012577 s
currentSize : 14 <-- 0.013148 s
currentSize : 15 <-- 0.863323 s
currentSize : 16 <-- 8.434128 s
currentSize : 17 <-- 41.640667 s
currentSize : 18 <-- 41.640957 s

maxsize : 18
nodes : 12336020.000000
filtered : 261610408.000000
time : 59.495975
