Parameters: GAD=1 vflib=1 dir=0 label=0 lowerbound=1 fileNameGp=../graphsdb/mcs50/m4D/m4Dr6/mcs50_m4Dr6_s30.A51 fileNameGt=../graphsdb/mcs50/m4D/m4Dr6/mcs50_m4Dr6_s30.B51
Reading graphs...
30 :  71
30 :  69
Initializing...
maxdom : 30
D->valSize : 900
Solving...
currentSize : 7 <-- 0.018129 s
currentSize : 9 <-- 0.018172 s
currentSize : 11 <-- 0.018380 s
currentSize : 14 <-- 0.018422 s
currentSize : 15 <-- 0.026877 s
currentSize : 16 <-- 0.031386 s
currentSize : 17 <-- 0.075867 s
currentSize : 18 <-- 0.169888 s
currentSize : 19 <-- 2.327067 s
currentSize : 20 <-- 12.670471 s

maxsize : 20
nodes : 6334955.000000
filtered : 176145494.000000
time : 33.850018
