Parameters: GAD=1 vflib=1 dir=0 label=0 lowerbound=1 fileNameGp=../graphsdb/mcs50/m4D/m4Dr4/mcs50_m4Dr4_s30.A17 fileNameGt=../graphsdb/mcs50/m4D/m4Dr4/mcs50_m4Dr4_s30.B17
Reading graphs...
30 :  65
30 :  65
Initializing...
maxdom : 30
D->valSize : 900
Solving...
currentSize : 14 <-- 0.010913 s
currentSize : 16 <-- 0.011044 s
currentSize : 17 <-- 0.011173 s
currentSize : 18 <-- 0.031750 s
currentSize : 19 <-- 0.078749 s
currentSize : 20 <-- 2.560015 s

maxsize : 20
nodes : 11916065.000000
filtered : 313696902.000000
time : 62.749386
