Parameters: GAD=1 vflib=1 dir=0 label=0 lowerbound=1 fileNameGp=../graphsdb/mcs50/bvg/b06/mcs50_b06_s30.A88 fileNameGt=../graphsdb/mcs50/bvg/b06/mcs50_b06_s30.B88
Reading graphs...
30 :  89
30 :  89
Initializing...
maxdom : 30
D->valSize : 900
Solving...
currentSize : 13 <-- 0.010249 s
currentSize : 14 <-- 0.011471 s
currentSize : 15 <-- 0.020340 s
currentSize : 16 <-- 0.072657 s
currentSize : 17 <-- 0.595628 s
currentSize : 18 <-- 5.170176 s
currentSize : 19 <-- 12.866891 s

maxsize : 19
nodes : 10546592.000000
filtered : 275232924.000000
time : 54.540199
