Parameters: GAD=1 vflib=1 dir=0 label=0 lowerbound=1 fileNameGp=../graphsdb/mcs50/m4D/m4Dr4/mcs50_m4Dr4_s35.A36 fileNameGt=../graphsdb/mcs50/m4D/m4Dr4/mcs50_m4Dr4_s35.B36
Reading graphs...
35 :  76
35 :  75
Initializing...
maxdom : 35
D->valSize : 1225
Solving...
currentSize : 15 <-- 0.034987 s
currentSize : 16 <-- 0.035017 s
currentSize : 17 <-- 0.223178 s
currentSize : 19 <-- 0.553204 s
currentSize : 20 <-- 0.790215 s
currentSize : 21 <-- 1.760984 s
currentSize : 22 <-- 10.895603 s
currentSize : 23 <-- 244.373642 s

maxsize : 23
nodes : 196618577.000000
filtered : 4825631307.000000
time : 1055.535522
