Parameters: GAD=1 vflib=1 dir=0 label=0 lowerbound=1 fileNameGp=../graphsdb/mcs50/rand/r005/mcs50_r005_s30.A85 fileNameGt=../graphsdb/mcs50/rand/r005/mcs50_r005_s30.B85
Reading graphs...
30 :  46
30 :  47
Initializing...
maxdom : 30
D->valSize : 900
Solving...
currentSize : 13 <-- 0.010943 s
currentSize : 14 <-- 0.012940 s
currentSize : 16 <-- 0.024041 s
currentSize : 17 <-- 0.087084 s
currentSize : 18 <-- 2.926374 s
currentSize : 19 <-- 3.472934 s
currentSize : 20 <-- 7.494409 s
currentSize : 21 <-- 71.616013 s

maxsize : 21
nodes : 27017004.000000
filtered : 464211825.000000
time : 118.420235
