Parameters: GAD=1 vflib=1 dir=0 label=0 lowerbound=1 fileNameGp=../graphsdb/mcs50/m4D/m4Dr4/mcs50_m4Dr4_s30.A18 fileNameGt=../graphsdb/mcs50/m4D/m4Dr4/mcs50_m4Dr4_s30.B18
Reading graphs...
30 :  67
30 :  66
Initializing...
maxdom : 30
D->valSize : 900
Solving...
currentSize : 9 <-- 0.010693 s
currentSize : 10 <-- 0.010720 s
currentSize : 11 <-- 0.010805 s
currentSize : 12 <-- 0.011493 s
currentSize : 13 <-- 0.014209 s
currentSize : 14 <-- 0.052884 s
currentSize : 15 <-- 0.092357 s
currentSize : 16 <-- 0.254380 s
currentSize : 17 <-- 0.588756 s
currentSize : 18 <-- 0.589807 s
currentSize : 19 <-- 0.591346 s
currentSize : 20 <-- 26.688126 s

maxsize : 20
nodes : 13370268.000000
filtered : 298369800.000000
time : 64.871475
