Parameters: GAD=1 vflib=1 dir=0 label=0 lowerbound=1 fileNameGp=../graphsdb/mcs50/m3D/m3D/mcs50_m3D_s20.A63 fileNameGt=../graphsdb/mcs50/m3D/m3D/mcs50_m3D_s20.B63
Reading graphs...
20 :  37
20 :  36
Initializing...
maxdom : 20
D->valSize : 400
Solving...
currentSize : 9 <-- 0.003735 s
currentSize : 10 <-- 0.004459 s
currentSize : 11 <-- 0.004839 s
currentSize : 12 <-- 0.009347 s
currentSize : 13 <-- 0.110717 s
currentSize : 14 <-- 0.591105 s

maxsize : 14
nodes : 213442.000000
filtered : 2652416.000000
time : 0.743140
