Parameters: GAD=1 vflib=1 dir=0 label=0 lowerbound=1 fileNameGp=../graphsdb/mcs50/m4D/m4Dr4/mcs50_m4Dr4_s35.A74 fileNameGt=../graphsdb/mcs50/m4D/m4Dr4/mcs50_m4Dr4_s35.B74
Reading graphs...
35 :  77
35 :  76
Initializing...
maxdom : 35
D->valSize : 1225
Solving...
currentSize : 13 <-- 0.020263 s
currentSize : 14 <-- 0.020290 s
currentSize : 15 <-- 0.020450 s
currentSize : 16 <-- 0.020460 s
currentSize : 17 <-- 0.020677 s
currentSize : 18 <-- 0.021455 s
currentSize : 19 <-- 0.021465 s
currentSize : 20 <-- 0.083989 s
currentSize : 21 <-- 0.882958 s
currentSize : 22 <-- 9.797469 s
currentSize : 23 <-- 15.660093 s

maxsize : 23
nodes : 154162220.000000
filtered : 4060794149.000000
time : 857.359985
