Parameters: GAD=1 vflib=1 dir=0 label=0 lowerbound=1 fileNameGp=../graphsdb/mcs50/bvg/b06m/mcs50_b06m_s30.A65 fileNameGt=../graphsdb/mcs50/bvg/b06m/mcs50_b06m_s30.B65
Reading graphs...
30 :  89
30 :  88
Initializing...
maxdom : 30
D->valSize : 900
Solving...
currentSize : 12 <-- 0.010008 s
currentSize : 13 <-- 0.010034 s
currentSize : 14 <-- 0.010096 s
currentSize : 15 <-- 0.010752 s
currentSize : 16 <-- 0.143974 s
currentSize : 17 <-- 0.361254 s
currentSize : 18 <-- 2.232872 s

maxsize : 18
nodes : 23712784.000000
filtered : 565603588.000000
time : 118.973549
