Parameters: GAD=1 vflib=1 dir=0 label=0 lowerbound=1 fileNameGp=../graphsdb/mcs50/rand/r005/mcs50_r005_s30.A52 fileNameGt=../graphsdb/mcs50/rand/r005/mcs50_r005_s30.B52
Reading graphs...
30 :  47
30 :  46
Initializing...
maxdom : 30
D->valSize : 900
Solving...
currentSize : 14 <-- 0.019324 s
currentSize : 16 <-- 0.019357 s
currentSize : 17 <-- 0.019451 s
currentSize : 18 <-- 0.761792 s
currentSize : 19 <-- 0.764442 s
currentSize : 20 <-- 1.749828 s
currentSize : 21 <-- 117.374008 s
currentSize : 22 <-- 126.836105 s

maxsize : 22
nodes : 31901100.000000
filtered : 518675166.000000
time : 130.702255
