Parameters: GAD=1 vflib=1 dir=0 label=0 lowerbound=1 fileNameGp=../graphsdb/mcs50/m4D/m4Dr4/mcs50_m4Dr4_s35.A47 fileNameGt=../graphsdb/mcs50/m4D/m4Dr4/mcs50_m4Dr4_s35.B47
Reading graphs...
35 :  73
35 :  73
Initializing...
maxdom : 35
D->valSize : 1225
Solving...
currentSize : 18 <-- 0.020320 s
currentSize : 19 <-- 0.172743 s
currentSize : 20 <-- 0.173189 s
currentSize : 21 <-- 2.353520 s
currentSize : 22 <-- 2.644816 s
currentSize : 23 <-- 24.186436 s
currentSize : 24 <-- 42.824238 s

maxsize : 24
nodes : 51714254.000000
filtered : 1540601443.000000
time : 306.750336
