Parameters: GAD=1 vflib=1 dir=0 label=0 lowerbound=1 fileNameGp=../graphsdb/mcs50/bvg/b03m/mcs50_b03m_s35.A82 fileNameGt=../graphsdb/mcs50/bvg/b03m/mcs50_b03m_s35.B82
Reading graphs...
35 :  51
35 :  51
Initializing...
maxdom : 35
D->valSize : 1225
Solving...
currentSize : 15 <-- 0.036561 s
currentSize : 16 <-- 0.036608 s
currentSize : 17 <-- 0.036623 s
currentSize : 18 <-- 0.040239 s
currentSize : 19 <-- 0.072241 s
currentSize : 20 <-- 0.168935 s
currentSize : 21 <-- 0.675502 s
currentSize : 22 <-- 3.614059 s
currentSize : 23 <-- 3.618866 s
currentSize : 24 <-- 3.742316 s

maxsize : 24
nodes : 200285551.000000
filtered : 3891583135.000000
time : 960.874695
