Parameters: GAD=1 vflib=1 dir=0 label=0 lowerbound=1 fileNameGp=../graphsdb/mcs50/bvg/b03/mcs50_b03_s25.A62 fileNameGt=../graphsdb/mcs50/bvg/b03/mcs50_b03_s25.B62
Reading graphs...
25 :  37
25 :  37
Initializing...
maxdom : 25
D->valSize : 625
Solving...
currentSize : 13 <-- 0.009185 s
currentSize : 14 <-- 0.013899 s
currentSize : 15 <-- 0.050676 s
currentSize : 16 <-- 0.050809 s
currentSize : 17 <-- 0.868775 s
currentSize : 18 <-- 1.266414 s

maxsize : 18
nodes : 1221247.000000
filtered : 16591151.000000
time : 4.195016
