Parameters: GAD=1 vflib=1 dir=0 label=0 lowerbound=1 fileNameGp=../graphsdb/mcs50/bvg/b09/mcs50_b09_s35.A87 fileNameGt=../graphsdb/mcs50/bvg/b09/mcs50_b09_s35.B87
Reading graphs...
35 :  151
35 :  155
Initializing...
maxdom : 35
D->valSize : 1225
Solving...
currentSize : 13 <-- 0.017960 s
currentSize : 14 <-- 0.018624 s
currentSize : 15 <-- 0.029920 s
currentSize : 16 <-- 0.030207 s
currentSize : 17 <-- 6.997418 s
currentSize : 19 <-- 49.980492 s

maxsize : 19
nodes : 197723893.000000
filtered : 5242449229.000000
time : 1112.361328
