Parameters: GAD=1 vflib=1 dir=0 label=0 lowerbound=1 fileNameGp=../graphsdb/mcs50/m2D/m2Dr2/mcs50_m2Dr2_s30.A50 fileNameGt=../graphsdb/mcs50/m2D/m2Dr2/mcs50_m2Dr2_s30.B50
Reading graphs...
30 :  53
30 :  55
Initializing...
maxdom : 30
D->valSize : 900
Solving...
currentSize : 15 <-- 0.010920 s
currentSize : 17 <-- 0.010972 s
currentSize : 18 <-- 0.011466 s
currentSize : 19 <-- 0.017306 s
currentSize : 20 <-- 9.379996 s
currentSize : 21 <-- 11.537354 s

maxsize : 21
nodes : 9275827.000000
filtered : 194581784.000000
time : 44.440784
