Parameters: GAD=1 vflib=1 dir=0 label=0 lowerbound=1 fileNameGp=../graphsdb/mcs50/bvg/b09m/mcs50_b09m_s30.A62 fileNameGt=../graphsdb/mcs50/bvg/b09m/mcs50_b09m_s30.B62
Reading graphs...
30 :  128
30 :  124
Initializing...
maxdom : 30
D->valSize : 900
Solving...
currentSize : 10 <-- 0.016535 s
currentSize : 11 <-- 0.016573 s
currentSize : 12 <-- 0.016867 s
currentSize : 13 <-- 0.019051 s
currentSize : 14 <-- 0.044622 s
currentSize : 15 <-- 0.133649 s
currentSize : 16 <-- 1.030160 s

maxsize : 16
nodes : 30008196.000000
filtered : 558824984.000000
time : 135.459091
