Parameters: GAD=1 vflib=1 dir=0 label=0 lowerbound=1 fileNameGp=../graphsdb/mcs50/bvg/b03/mcs50_b03_s30.A80 fileNameGt=../graphsdb/mcs50/bvg/b03/mcs50_b03_s30.B80
Reading graphs...
30 :  45
30 :  45
Initializing...
maxdom : 30
D->valSize : 900
Solving...
currentSize : 7 <-- 0.011037 s
currentSize : 14 <-- 0.011086 s
currentSize : 15 <-- 0.011232 s
currentSize : 16 <-- 0.011390 s
currentSize : 17 <-- 0.018489 s
currentSize : 18 <-- 0.060593 s
currentSize : 19 <-- 0.339644 s
currentSize : 20 <-- 11.176572 s
currentSize : 21 <-- 11.227499 s
currentSize : 22 <-- 17.807158 s

maxsize : 22
nodes : 8001925.000000
filtered : 135384342.000000
time : 33.956589
