Parameters: GAD=1 vflib=1 dir=0 label=0 lowerbound=1 fileNameGp=../graphsdb/mcs50/bvg/b03/mcs50_b03_s30.A14 fileNameGt=../graphsdb/mcs50/bvg/b03/mcs50_b03_s30.B14
Reading graphs...
30 :  44
30 :  45
Initializing...
maxdom : 30
D->valSize : 900
Solving...
currentSize : 13 <-- 0.019410 s
currentSize : 14 <-- 0.019441 s
currentSize : 15 <-- 0.019652 s
currentSize : 16 <-- 0.024875 s
currentSize : 17 <-- 0.047126 s
currentSize : 18 <-- 0.878942 s
currentSize : 19 <-- 1.148801 s
currentSize : 20 <-- 5.728554 s
currentSize : 21 <-- 21.633327 s
currentSize : 22 <-- 77.892715 s

maxsize : 22
nodes : 20350632.000000
filtered : 334686446.000000
time : 85.774284
