Parameters: GAD=1 vflib=1 dir=0 label=0 lowerbound=1 fileNameGp=../graphsdb/mcs50/rand/r01/mcs50_r01_s30.A13 fileNameGt=../graphsdb/mcs50/rand/r01/mcs50_r01_s30.B13
Reading graphs...
30 :  83
30 :  81
Initializing...
maxdom : 30
D->valSize : 900
Solving...
currentSize : 10 <-- 0.010236 s
currentSize : 11 <-- 0.010254 s
currentSize : 12 <-- 0.010319 s
currentSize : 13 <-- 0.010387 s
currentSize : 14 <-- 0.010847 s
currentSize : 15 <-- 0.020256 s
currentSize : 16 <-- 0.516283 s
currentSize : 17 <-- 0.750259 s
currentSize : 18 <-- 64.105515 s

maxsize : 18
nodes : 54947457.000000
filtered : 1118777741.000000
time : 254.108658
