Parameters: GAD=1 vflib=1 dir=0 label=0 lowerbound=1 fileNameGp=../graphsdb/mcs50/m3D/m3Dr4/mcs50_m3Dr4_s20.A66 fileNameGt=../graphsdb/mcs50/m3D/m3Dr4/mcs50_m3Dr4_s20.B66
Reading graphs...
20 :  41
20 :  40
Initializing...
maxdom : 20
D->valSize : 400
Solving...
currentSize : 7 <-- 0.003631 s
currentSize : 9 <-- 0.003657 s
currentSize : 10 <-- 0.003668 s
currentSize : 11 <-- 0.004659 s
currentSize : 12 <-- 0.004906 s
currentSize : 13 <-- 0.016345 s
currentSize : 14 <-- 0.017841 s

maxsize : 14
nodes : 77071.000000
filtered : 1399160.000000
time : 0.330207
