Parameters: GAD=1 vflib=1 dir=0 label=0 lowerbound=1 fileNameGp=../graphsdb/mcs50/bvg/b06m/mcs50_b06m_s25.A79 fileNameGt=../graphsdb/mcs50/bvg/b06m/mcs50_b06m_s25.B79
Reading graphs...
25 :  73
25 :  73
Initializing...
maxdom : 25
D->valSize : 625
Solving...
currentSize : 9 <-- 0.008334 s
currentSize : 12 <-- 0.008477 s
currentSize : 13 <-- 0.015805 s
currentSize : 14 <-- 0.082187 s
currentSize : 15 <-- 1.806751 s
currentSize : 16 <-- 2.689956 s

maxsize : 16
nodes : 1158388.000000
filtered : 23063277.000000
time : 4.993690
