Parameters: GAD=1 vflib=1 dir=0 label=0 lowerbound=1 fileNameGp=../graphsdb/mcs50/rand/r02/mcs50_r02_s35.A96 fileNameGt=../graphsdb/mcs50/rand/r02/mcs50_r02_s35.B96
Reading graphs...
35 :  214
35 :  210
Initializing...
maxdom : 35
D->valSize : 1225
Solving...
currentSize : 10 <-- 0.017230 s
currentSize : 11 <-- 0.017257 s
currentSize : 12 <-- 0.017339 s
currentSize : 13 <-- 0.041319 s
currentSize : 14 <-- 0.184703 s
currentSize : 15 <-- 22.707848 s
currentSize : 16 <-- 1097.620972 s
currentSize : 17 <-- 1097.620972 s

maxsize : 17
nodes : 555968907.000000
filtered : 8463894674.000000
time : 2586.503662
