Parameters: GAD=1 vflib=1 dir=0 label=0 lowerbound=1 fileNameGp=../graphsdb/mcs50/bvg/b06/mcs50_b06_s35.A49 fileNameGt=../graphsdb/mcs50/bvg/b06/mcs50_b06_s35.B49
Reading graphs...
35 :  102
35 :  104
Initializing...
maxdom : 35
D->valSize : 1225
Solving...
currentSize : 14 <-- 0.019240 s
currentSize : 15 <-- 0.019385 s
currentSize : 16 <-- 0.368017 s
currentSize : 17 <-- 1.053841 s
currentSize : 18 <-- 6.513244 s
currentSize : 19 <-- 15.479142 s
currentSize : 20 <-- 120.849335 s
currentSize : 21 <-- 201.857635 s
currentSize : 22 <-- 655.875183 s

maxsize : 22
nodes : 151260512.000000
filtered : 4478275502.000000
time : 883.926514
