Parameters: GAD=1 vflib=1 dir=0 label=0 lowerbound=1 fileNameGp=../graphsdb/mcs50/bvg/b03m/mcs50_b03m_s30.A49 fileNameGt=../graphsdb/mcs50/bvg/b03m/mcs50_b03m_s30.B49
Reading graphs...
30 :  44
30 :  45
Initializing...
maxdom : 30
D->valSize : 900
Solving...
currentSize : 11 <-- 0.019398 s
currentSize : 14 <-- 0.019482 s
currentSize : 15 <-- 0.030056 s
currentSize : 16 <-- 0.030268 s
currentSize : 17 <-- 0.380272 s
currentSize : 18 <-- 11.072103 s
currentSize : 19 <-- 11.077449 s
currentSize : 20 <-- 25.261366 s
currentSize : 21 <-- 80.823250 s

maxsize : 21
nodes : 33512304.000000
filtered : 447930790.000000
time : 129.917801
