Parameters: GAD=1 vflib=1 dir=0 label=0 lowerbound=1 fileNameGp=../graphsdb/mcs50/bvg/b09/mcs50_b09_s20.A54 fileNameGt=../graphsdb/mcs50/bvg/b09/mcs50_b09_s20.B54
Reading graphs...
20 :  88
20 :  85
Initializing...
maxdom : 20
D->valSize : 400
Solving...
currentSize : 6 <-- 0.002174 s
currentSize : 8 <-- 0.002198 s
currentSize : 9 <-- 0.002637 s
currentSize : 10 <-- 0.003823 s
currentSize : 11 <-- 0.012579 s
currentSize : 12 <-- 0.025981 s
currentSize : 13 <-- 0.148335 s

maxsize : 13
nodes : 68868.000000
filtered : 1106456.000000
time : 0.240239
