Parameters: GAD=1 vflib=1 dir=0 label=0 lowerbound=1 fileNameGp=../graphsdb/mcs50/rand/r005/mcs50_r005_s35.A27 fileNameGt=../graphsdb/mcs50/rand/r005/mcs50_r005_s35.B27
Reading graphs...
35 :  62
35 :  61
Initializing...
maxdom : 35
D->valSize : 1225
Solving...
currentSize : 18 <-- 0.021385 s
currentSize : 19 <-- 0.021825 s
currentSize : 20 <-- 0.024424 s
currentSize : 21 <-- 0.029864 s
currentSize : 23 <-- 4.079792 s
currentSize : 24 <-- 216.500183 s

maxsize : 24
nodes : 241560861.000000
filtered : 5971188633.000000
time : 1380.325073
