Parameters: GAD=1 vflib=1 dir=0 label=0 lowerbound=1 fileNameGp=../graphsdb/mcs50/bvg/b09m/mcs50_b09m_s35.A83 fileNameGt=../graphsdb/mcs50/bvg/b09m/mcs50_b09m_s35.B83
Reading graphs...
35 :  146
35 :  149
Initializing...
maxdom : 35
D->valSize : 1225
Solving...
currentSize : 11 <-- 0.023747 s
currentSize : 12 <-- 0.023906 s
currentSize : 13 <-- 0.024140 s
currentSize : 14 <-- 0.029181 s
currentSize : 15 <-- 0.032140 s
currentSize : 16 <-- 0.047363 s
currentSize : 17 <-- 0.091590 s
currentSize : 18 <-- 356.600433 s

maxsize : 18
nodes : 671775712.000000
filtered : 14573573859.000000
time : 3460.843994
