Parameters: GAD=1 vflib=1 dir=0 label=0 lowerbound=1 fileNameGp=../graphsdb/mcs50/m4D/m4Dr2/mcs50_m4Dr2_s30.A85 fileNameGt=../graphsdb/mcs50/m4D/m4Dr2/mcs50_m4Dr2_s30.B85
Reading graphs...
30 :  60
30 :  59
Initializing...
maxdom : 30
D->valSize : 900
Solving...
currentSize : 12 <-- 0.018649 s
currentSize : 14 <-- 0.018716 s
currentSize : 15 <-- 0.018754 s
currentSize : 16 <-- 0.023961 s
currentSize : 17 <-- 0.094502 s
currentSize : 18 <-- 1.122734 s
currentSize : 19 <-- 1.590623 s
currentSize : 20 <-- 1.740841 s
currentSize : 21 <-- 5.998660 s

maxsize : 21
nodes : 3609924.000000
filtered : 78705182.000000
time : 17.720299
