Parameters: GAD=1 vflib=1 dir=0 label=0 lowerbound=1 fileNameGp=../graphsdb/mcs50/rand/r005/mcs50_r005_s35.A62 fileNameGt=../graphsdb/mcs50/rand/r005/mcs50_r005_s35.B62
Reading graphs...
35 :  61
35 :  60
Initializing...
maxdom : 35
D->valSize : 1225
Solving...
currentSize : 15 <-- 0.021005 s
currentSize : 16 <-- 0.033782 s
currentSize : 17 <-- 0.040116 s
currentSize : 18 <-- 0.085226 s
currentSize : 19 <-- 0.694788 s
currentSize : 20 <-- 0.703969 s
currentSize : 21 <-- 1.741746 s
currentSize : 22 <-- 50.782982 s
currentSize : 23 <-- 202.370575 s
currentSize : 24 <-- 629.817810 s

maxsize : 24
nodes : 276989891.000000
filtered : 5221319149.000000
time : 1322.751953
