Parameters: GAD=1 vflib=1 dir=0 label=0 lowerbound=1 fileNameGp=../graphsdb/mcs50/m3D/m3Dr4/mcs50_m3Dr4_s20.A45 fileNameGt=../graphsdb/mcs50/m3D/m3Dr4/mcs50_m3Dr4_s20.B45
Reading graphs...
20 :  43
20 :  42
Initializing...
maxdom : 20
D->valSize : 400
Solving...
currentSize : 7 <-- 0.002145 s
currentSize : 9 <-- 0.002217 s
currentSize : 10 <-- 0.002300 s
currentSize : 11 <-- 0.002374 s
currentSize : 12 <-- 0.002750 s
currentSize : 13 <-- 0.032641 s

maxsize : 13
nodes : 233698.000000
filtered : 3190492.000000
time : 0.785737
