Parameters: GAD=1 vflib=1 dir=0 label=0 lowerbound=1 fileNameGp=../graphsdb/mcs50/bvg/b06m/mcs50_b06m_s15.A91 fileNameGt=../graphsdb/mcs50/bvg/b06m/mcs50_b06m_s15.B91
Reading graphs...
15 :  41
15 :  42
Initializing...
maxdom : 15
D->valSize : 225
Solving...
currentSize : 5 <-- 0.000801 s
currentSize : 6 <-- 0.000814 s
currentSize : 7 <-- 0.000826 s
currentSize : 8 <-- 0.000847 s
currentSize : 9 <-- 0.001423 s
currentSize : 10 <-- 0.003517 s

maxsize : 10
nodes : 10814.000000
filtered : 124450.000000
time : 0.030371
