Parameters: GAD=1 vflib=1 dir=0 label=0 lowerbound=1 fileNameGp=../graphsdb/mcs50/m4D/m4Dr2/mcs50_m4Dr2_s30.A61 fileNameGt=../graphsdb/mcs50/m4D/m4Dr2/mcs50_m4Dr2_s30.B61
Reading graphs...
30 :  61
30 :  59
Initializing...
maxdom : 30
D->valSize : 900
Solving...
currentSize : 9 <-- 0.010593 s
currentSize : 13 <-- 0.010755 s
currentSize : 14 <-- 0.010906 s
currentSize : 15 <-- 0.018392 s
currentSize : 16 <-- 0.026867 s
currentSize : 17 <-- 0.085747 s
currentSize : 18 <-- 0.953418 s
currentSize : 19 <-- 1.082309 s
currentSize : 20 <-- 15.814777 s
currentSize : 21 <-- 18.275194 s

maxsize : 21
nodes : 6045053.000000
filtered : 127857977.000000
time : 28.404009
