Parameters: GAD=1 vflib=1 dir=0 label=0 lowerbound=1 fileNameGp=../graphsdb/mcs50/rand/r01/mcs50_r01_s30.A85 fileNameGt=../graphsdb/mcs50/rand/r01/mcs50_r01_s30.B85
Reading graphs...
30 :  83
30 :  83
Initializing...
maxdom : 30
D->valSize : 900
Solving...
currentSize : 10 <-- 0.017861 s
currentSize : 11 <-- 0.017912 s
currentSize : 12 <-- 0.018023 s
currentSize : 13 <-- 0.018125 s
currentSize : 14 <-- 0.018457 s
currentSize : 15 <-- 0.020522 s
currentSize : 16 <-- 0.022740 s
currentSize : 17 <-- 0.050512 s
currentSize : 18 <-- 0.665681 s
currentSize : 19 <-- 66.234306 s

maxsize : 19
nodes : 21324752.000000
filtered : 482751634.000000
time : 105.084000
