Parameters: GAD=1 vflib=1 dir=0 label=0 lowerbound=1 fileNameGp=../graphsdb/mcs50/m4D/m4Dr6/mcs50_m4Dr6_s35.A14 fileNameGt=../graphsdb/mcs50/m4D/m4Dr6/mcs50_m4Dr6_s35.B14
Reading graphs...
35 :  83
35 :  82
Initializing...
maxdom : 35
D->valSize : 1225
Solving...
currentSize : 14 <-- 0.020257 s
currentSize : 15 <-- 0.021181 s
currentSize : 16 <-- 0.025165 s
currentSize : 17 <-- 0.062824 s
currentSize : 18 <-- 0.616361 s
currentSize : 19 <-- 0.663474 s
currentSize : 20 <-- 1.369225 s
currentSize : 21 <-- 11.773961 s
currentSize : 22 <-- 14.068953 s
currentSize : 23 <-- 69.479950 s

maxsize : 23
nodes : 88079762.000000
filtered : 2888541533.000000
time : 546.686829
