Parameters: GAD=1 vflib=1 dir=0 label=0 lowerbound=1 fileNameGp=../graphsdb/mcs50/bvg/b06m/mcs50_b06m_s35.A57 fileNameGt=../graphsdb/mcs50/bvg/b06m/mcs50_b06m_s35.B57
Reading graphs...
35 :  102
35 :  102
Initializing...
maxdom : 35
D->valSize : 1225
Solving...
currentSize : 13 <-- 0.033535 s
currentSize : 14 <-- 0.033566 s
currentSize : 15 <-- 0.033690 s
currentSize : 16 <-- 0.034374 s
currentSize : 17 <-- 0.036050 s
currentSize : 18 <-- 0.659071 s
currentSize : 19 <-- 5.184609 s
currentSize : 20 <-- 138.433105 s
currentSize : 21 <-- 2011.331421 s

maxsize : 21
nodes : 534390936.000000
filtered : 12907846014.000000
time : 2872.098145
