Parameters: GAD=1 vflib=1 dir=0 label=0 lowerbound=1 fileNameGp=../graphsdb/mcs50/bvg/b03m/mcs50_b03m_s35.A98 fileNameGt=../graphsdb/mcs50/bvg/b03m/mcs50_b03m_s35.B98
Reading graphs...
35 :  52
35 :  52
Initializing...
maxdom : 35
D->valSize : 1225
Solving...
currentSize : 13 <-- 0.022018 s
currentSize : 16 <-- 0.022056 s
currentSize : 17 <-- 0.022300 s
currentSize : 18 <-- 0.023912 s
currentSize : 19 <-- 0.024036 s
currentSize : 20 <-- 0.024396 s
currentSize : 21 <-- 0.179781 s
currentSize : 22 <-- 3.252985 s
currentSize : 23 <-- 54.115906 s
currentSize : 24 <-- 67.504097 s
currentSize : 25 <-- 78.920326 s

maxsize : 25
nodes : 154699631.000000
filtered : 3238723435.000000
time : 794.876221
