Parameters: GAD=1 vflib=1 dir=0 label=0 lowerbound=1 fileNameGp=../graphsdb/mcs50/bvg/b06/mcs50_b06_s35.A53 fileNameGt=../graphsdb/mcs50/bvg/b06/mcs50_b06_s35.B53
Reading graphs...
35 :  102
35 :  104
Initializing...
maxdom : 35
D->valSize : 1225
Solving...
currentSize : 15 <-- 0.033135 s
currentSize : 16 <-- 0.034237 s
currentSize : 17 <-- 0.043644 s
currentSize : 18 <-- 0.999957 s
currentSize : 19 <-- 2.520715 s
currentSize : 20 <-- 5.465650 s
currentSize : 21 <-- 123.774521 s
currentSize : 22 <-- 1248.488037 s

maxsize : 22
nodes : 238969764.000000
filtered : 6661847921.000000
time : 1375.645142
