Parameters: GAD=1 vflib=1 dir=0 label=0 lowerbound=1 fileNameGp=../graphsdb/mcs50/bvg/b09/mcs50_b09_s30.A99 fileNameGt=../graphsdb/mcs50/bvg/b09/mcs50_b09_s30.B99
Reading graphs...
30 :  130
30 :  132
Initializing...
maxdom : 30
D->valSize : 900
Solving...
currentSize : 9 <-- 0.009458 s
currentSize : 10 <-- 0.009481 s
currentSize : 11 <-- 0.009549 s
currentSize : 12 <-- 0.009796 s
currentSize : 13 <-- 0.010212 s
currentSize : 14 <-- 0.011233 s
currentSize : 15 <-- 0.300719 s
currentSize : 16 <-- 0.717476 s

maxsize : 16
nodes : 28616393.000000
filtered : 565061866.000000
time : 131.383942
