Parameters: GAD=1 vflib=1 dir=0 label=0 lowerbound=1 fileNameGp=../graphsdb/mcs50/rand/r01/mcs50_r01_s30.A38 fileNameGt=../graphsdb/mcs50/rand/r01/mcs50_r01_s30.B38
Reading graphs...
30 :  82
30 :  85
Initializing...
maxdom : 30
D->valSize : 900
Solving...
currentSize : 13 <-- 0.010912 s
currentSize : 14 <-- 0.011192 s
currentSize : 15 <-- 0.012437 s
currentSize : 16 <-- 0.014547 s
currentSize : 17 <-- 0.021710 s
currentSize : 18 <-- 20.498859 s

maxsize : 18
nodes : 70874716.000000
filtered : 1439444881.000000
time : 331.176819
