Parameters: GAD=1 vflib=1 dir=0 label=0 lowerbound=1 fileNameGp=../graphsdb/mcs50/rand/r01/mcs50_r01_s20.A85 fileNameGt=../graphsdb/mcs50/rand/r01/mcs50_r01_s20.B85
Reading graphs...
20 :  37
20 :  38
Initializing...
maxdom : 20
D->valSize : 400
Solving...
currentSize : 8 <-- 0.002137 s
currentSize : 10 <-- 0.002159 s
currentSize : 11 <-- 0.003178 s
currentSize : 12 <-- 0.008158 s
currentSize : 13 <-- 0.008242 s
currentSize : 14 <-- 0.021006 s

maxsize : 14
nodes : 81357.000000
filtered : 1370265.000000
time : 0.336963
