Parameters: GAD=1 vflib=1 dir=0 label=0 lowerbound=1 fileNameGp=../graphsdb/mcs50/m3D/m3D/mcs50_m3D_s20.A89 fileNameGt=../graphsdb/mcs50/m3D/m3D/mcs50_m3D_s20.B89
Reading graphs...
20 :  37
20 :  35
Initializing...
maxdom : 20
D->valSize : 400
Solving...
currentSize : 10 <-- 0.002112 s
currentSize : 11 <-- 0.002344 s
currentSize : 12 <-- 0.002597 s
currentSize : 13 <-- 0.048789 s
currentSize : 14 <-- 0.048851 s
currentSize : 15 <-- 0.157021 s

maxsize : 15
nodes : 62017.000000
filtered : 869310.000000
time : 0.217028
