Parameters: GAD=1 vflib=1 dir=0 label=0 lowerbound=1 fileNameGp=../graphsdb/mcs50/m2D/m2Dr6/mcs50_m2Dr6_s20.A05 fileNameGt=../graphsdb/mcs50/m2D/m2Dr6/mcs50_m2Dr6_s20.B05
Reading graphs...
20 :  41
20 :  39
Initializing...
maxdom : 20
D->valSize : 400
Solving...
currentSize : 10 <-- 0.002220 s
currentSize : 11 <-- 0.002239 s
currentSize : 12 <-- 0.002609 s
currentSize : 13 <-- 0.004519 s
currentSize : 14 <-- 0.157367 s
currentSize : 15 <-- 0.242477 s

maxsize : 15
nodes : 72035.000000
filtered : 1173256.000000
time : 0.307925
