Parameters: GAD=1 vflib=1 dir=0 label=0 lowerbound=1 fileNameGp=../graphsdb/mcs50/m2D/m2Dr6/mcs50_m2Dr6_s30.A40 fileNameGt=../graphsdb/mcs50/m2D/m2Dr6/mcs50_m2Dr6_s30.B40
Reading graphs...
30 :  67
30 :  65
Initializing...
maxdom : 30
D->valSize : 900
Solving...
currentSize : 10 <-- 0.010596 s
currentSize : 12 <-- 0.010617 s
currentSize : 14 <-- 0.010827 s
currentSize : 15 <-- 0.011581 s
currentSize : 16 <-- 0.029842 s
currentSize : 17 <-- 0.059135 s
currentSize : 18 <-- 0.378114 s
currentSize : 19 <-- 4.721317 s
currentSize : 20 <-- 125.586082 s

maxsize : 20
nodes : 27888683.000000
filtered : 631295617.000000
time : 134.564651
