Parameters: GAD=1 vflib=1 dir=0 label=0 lowerbound=1 fileNameGp=../graphsdb/mcs50/bvg/b03/mcs50_b03_s20.A68 fileNameGt=../graphsdb/mcs50/bvg/b03/mcs50_b03_s20.B68
Reading graphs...
20 :  30
20 :  30
Initializing...
maxdom : 20
D->valSize : 400
Solving...
currentSize : 6 <-- 0.003764 s
currentSize : 10 <-- 0.003798 s
currentSize : 11 <-- 0.005639 s
currentSize : 12 <-- 0.014674 s
currentSize : 13 <-- 0.018534 s
currentSize : 14 <-- 0.123407 s

maxsize : 14
nodes : 92261.000000
filtered : 1085753.000000
time : 0.317570
