Parameters: GAD=1 vflib=1 dir=0 label=0 lowerbound=1 fileNameGp=../graphsdb/mcs50/rand/r02/mcs50_r02_s35.A52 fileNameGt=../graphsdb/mcs50/rand/r02/mcs50_r02_s35.B52
Reading graphs...
35 :  219
35 :  214
Initializing...
maxdom : 35
D->valSize : 1225
Solving...
currentSize : 11 <-- 0.029506 s
currentSize : 12 <-- 0.029751 s
currentSize : 13 <-- 0.046761 s
currentSize : 14 <-- 0.689791 s
currentSize : 15 <-- 10.670174 s
currentSize : 17 <-- 1117.239990 s

maxsize : 17
nodes : 578262939.000000
filtered : 8736458061.000000
time : 2675.698730
