Parameters: GAD=1 vflib=1 dir=0 label=0 lowerbound=1 fileNameGp=../graphsdb/mcs50/bvg/b06/mcs50_b06_s25.A25 fileNameGt=../graphsdb/mcs50/bvg/b06/mcs50_b06_s25.B25
Reading graphs...
25 :  70
25 :  73
Initializing...
maxdom : 25
D->valSize : 625
Solving...
currentSize : 10 <-- 0.004938 s
currentSize : 11 <-- 0.004963 s
currentSize : 12 <-- 0.010820 s
currentSize : 13 <-- 0.022852 s
currentSize : 14 <-- 0.374786 s
currentSize : 15 <-- 2.571043 s
currentSize : 16 <-- 6.600919 s

maxsize : 16
nodes : 1995280.000000
filtered : 33274786.000000
time : 8.089495
