Parameters: GAD=1 vflib=1 dir=0 label=0 lowerbound=1 fileNameGp=../graphsdb/mcs50/m2D/m2D/mcs50_m2D_s30.A02 fileNameGt=../graphsdb/mcs50/m2D/m2D/mcs50_m2D_s30.B02
Reading graphs...
30 :  49
30 :  49
Initializing...
maxdom : 30
D->valSize : 900
Solving...
currentSize : 13 <-- 0.019197 s
currentSize : 15 <-- 0.019247 s
currentSize : 17 <-- 0.019354 s
currentSize : 18 <-- 0.061021 s
currentSize : 19 <-- 0.216972 s
currentSize : 20 <-- 6.619709 s
currentSize : 21 <-- 25.401920 s

maxsize : 21
nodes : 24569673.000000
filtered : 478124258.000000
time : 114.748062
