Parameters: GAD=1 vflib=1 dir=0 label=0 lowerbound=1 fileNameGp=../graphsdb/mcs50/m2D/m2Dr6/mcs50_m2Dr6_s30.A55 fileNameGt=../graphsdb/mcs50/m2D/m2Dr6/mcs50_m2Dr6_s30.B55
Reading graphs...
30 :  65
30 :  64
Initializing...
maxdom : 30
D->valSize : 900
Solving...
currentSize : 14 <-- 0.018403 s
currentSize : 15 <-- 0.018439 s
currentSize : 16 <-- 0.021584 s
currentSize : 17 <-- 0.021813 s
currentSize : 18 <-- 0.022125 s
currentSize : 19 <-- 12.927143 s
currentSize : 20 <-- 86.206779 s

maxsize : 20
nodes : 27600147.000000
filtered : 562444214.000000
time : 130.506592
