Parameters: GAD=1 vflib=1 dir=0 label=0 lowerbound=1 fileNameGp=../graphsdb/mcs50/bvg/b03/mcs50_b03_s30.A95 fileNameGt=../graphsdb/mcs50/bvg/b03/mcs50_b03_s30.B95
Reading graphs...
30 :  45
30 :  45
Initializing...
maxdom : 30
D->valSize : 900
Solving...
currentSize : 15 <-- 0.019354 s
currentSize : 16 <-- 0.019395 s
currentSize : 17 <-- 0.022782 s
currentSize : 18 <-- 0.027404 s
currentSize : 19 <-- 0.038772 s
currentSize : 20 <-- 0.066849 s
currentSize : 21 <-- 39.657833 s
currentSize : 22 <-- 49.091801 s

maxsize : 22
nodes : 13989941.000000
filtered : 212632586.000000
time : 56.543175
