Parameters: GAD=1 vflib=1 dir=0 label=0 lowerbound=1 fileNameGp=../graphsdb/mcs50/m4D/m4D/mcs50_m4D_s35.A66 fileNameGt=../graphsdb/mcs50/m4D/m4D/mcs50_m4D_s35.B66
Reading graphs...
35 :  63
35 :  62
Initializing...
maxdom : 35
D->valSize : 1225
Solving...
currentSize : 10 <-- 0.025583 s
currentSize : 11 <-- 0.025617 s
currentSize : 14 <-- 0.025866 s
currentSize : 16 <-- 0.025881 s
currentSize : 17 <-- 0.026090 s
currentSize : 18 <-- 0.049343 s
currentSize : 19 <-- 0.793847 s
currentSize : 20 <-- 0.965822 s
currentSize : 21 <-- 4.931395 s
currentSize : 22 <-- 28.469028 s
currentSize : 23 <-- 29.207138 s
currentSize : 24 <-- 101.923988 s
currentSize : 25 <-- 101.924774 s

maxsize : 25
nodes : 44945336.000000
filtered : 1086366819.000000
time : 240.168442
