Parameters: GAD=1 vflib=1 dir=0 label=0 lowerbound=1 fileNameGp=../graphsdb/mcs50/m4D/m4Dr6/mcs50_m4Dr6_s35.A52 fileNameGt=../graphsdb/mcs50/m4D/m4Dr6/mcs50_m4Dr6_s35.B52
Reading graphs...
35 :  83
35 :  82
Initializing...
maxdom : 35
D->valSize : 1225
Solving...
currentSize : 15 <-- 0.020311 s
currentSize : 16 <-- 0.020390 s
currentSize : 17 <-- 0.021106 s
currentSize : 18 <-- 0.072363 s
currentSize : 19 <-- 0.202842 s
currentSize : 20 <-- 10.879916 s
currentSize : 21 <-- 11.124402 s
currentSize : 22 <-- 308.565613 s

maxsize : 22
nodes : 276177341.000000
filtered : 6966846370.000000
time : 1519.773804
