Parameters: GAD=1 vflib=1 dir=0 label=0 lowerbound=1 fileNameGp=../graphsdb/mcs50/m4D/m4Dr2/mcs50_m4Dr2_s30.A91 fileNameGt=../graphsdb/mcs50/m4D/m4Dr2/mcs50_m4Dr2_s30.B91
Reading graphs...
30 :  61
30 :  59
Initializing...
maxdom : 30
D->valSize : 900
Solving...
currentSize : 15 <-- 0.010932 s
currentSize : 16 <-- 0.010965 s
currentSize : 17 <-- 0.011104 s
currentSize : 18 <-- 0.022397 s
currentSize : 19 <-- 0.092902 s
currentSize : 20 <-- 2.773070 s

maxsize : 20
nodes : 11526441.000000
filtered : 250968608.000000
time : 54.323486
