Parameters: GAD=1 vflib=1 dir=0 label=0 lowerbound=1 fileNameGp=../graphsdb/mcs50/m4D/m4D/mcs50_m4D_s30.A54 fileNameGt=../graphsdb/mcs50/m4D/m4D/mcs50_m4D_s30.B54
Reading graphs...
30 :  55
30 :  54
Initializing...
maxdom : 30
D->valSize : 900
Solving...
currentSize : 11 <-- 0.018769 s
currentSize : 12 <-- 0.019011 s
currentSize : 15 <-- 0.019033 s
currentSize : 16 <-- 0.019257 s
currentSize : 17 <-- 0.019495 s
currentSize : 18 <-- 0.352859 s
currentSize : 19 <-- 0.384355 s
currentSize : 20 <-- 1.588547 s
currentSize : 21 <-- 6.849588 s
currentSize : 22 <-- 10.541494 s

maxsize : 22
nodes : 2987251.000000
filtered : 62774912.000000
time : 14.630611
