Parameters: GAD=1 vflib=1 dir=0 label=0 lowerbound=1 fileNameGp=../graphsdb/mcs50/bvg/b09m/mcs50_b09m_s20.A67 fileNameGt=../graphsdb/mcs50/bvg/b09m/mcs50_b09m_s20.B67
Reading graphs...
20 :  80
20 :  80
Initializing...
maxdom : 20
D->valSize : 400
Solving...
currentSize : 7 <-- 0.002073 s
currentSize : 8 <-- 0.002100 s
currentSize : 9 <-- 0.002577 s
currentSize : 10 <-- 0.004003 s
currentSize : 11 <-- 0.023266 s
currentSize : 12 <-- 0.188076 s

maxsize : 12
nodes : 177864.000000
filtered : 2403967.000000
time : 0.624639
