Parameters: GAD=1 vflib=1 dir=0 label=0 lowerbound=1 fileNameGp=../graphsdb/mcs50/rand/r005/mcs50_r005_s35.A21 fileNameGt=../graphsdb/mcs50/rand/r005/mcs50_r005_s35.B21
Reading graphs...
35 :  62
35 :  61
Initializing...
maxdom : 35
D->valSize : 1225
Solving...
currentSize : 15 <-- 0.021381 s
currentSize : 16 <-- 0.021408 s
currentSize : 17 <-- 0.021488 s
currentSize : 18 <-- 0.021494 s
currentSize : 19 <-- 0.024988 s
currentSize : 20 <-- 0.121209 s
currentSize : 21 <-- 2.724944 s
currentSize : 22 <-- 19.743174 s
currentSize : 23 <-- 110.425980 s
currentSize : 24 <-- 751.962219 s

maxsize : 24
nodes : 273853582.000000
filtered : 5819291208.000000
time : 1384.715332
