Parameters: GAD=1 vflib=1 dir=0 label=0 lowerbound=1 fileNameGp=../graphsdb/mcs50/bvg/b06m/mcs50_b06m_s30.A94 fileNameGt=../graphsdb/mcs50/bvg/b06m/mcs50_b06m_s30.B94
Reading graphs...
30 :  86
30 :  86
Initializing...
maxdom : 30
D->valSize : 900
Solving...
currentSize : 11 <-- 0.010136 s
currentSize : 12 <-- 0.010228 s
currentSize : 13 <-- 0.010391 s
currentSize : 14 <-- 0.015176 s
currentSize : 15 <-- 0.016592 s
currentSize : 16 <-- 0.029574 s
currentSize : 17 <-- 2.631009 s
currentSize : 18 <-- 7.046244 s

maxsize : 18
nodes : 29141312.000000
filtered : 658125113.000000
time : 142.351578
