Parameters: GAD=1 vflib=1 dir=0 label=0 lowerbound=1 fileNameGp=../graphsdb/mcs50/m4D/m4Dr2/mcs50_m4Dr2_s35.A51 fileNameGt=../graphsdb/mcs50/m4D/m4Dr2/mcs50_m4Dr2_s35.B51
Reading graphs...
35 :  68
35 :  69
Initializing...
maxdom : 35
D->valSize : 1225
Solving...
currentSize : 15 <-- 0.035644 s
currentSize : 18 <-- 0.035700 s
currentSize : 19 <-- 0.036235 s
currentSize : 20 <-- 0.044862 s
currentSize : 21 <-- 0.049230 s
currentSize : 22 <-- 3.132136 s
currentSize : 23 <-- 99.451576 s
currentSize : 24 <-- 108.973045 s

maxsize : 24
nodes : 84446694.000000
filtered : 2356374229.000000
time : 489.943359
