Parameters: GAD=1 vflib=1 dir=0 label=0 lowerbound=1 fileNameGp=../graphsdb/mcs50/bvg/b03/mcs50_b03_s35.A88 fileNameGt=../graphsdb/mcs50/bvg/b03/mcs50_b03_s35.B88
Reading graphs...
35 :  52
35 :  51
Initializing...
maxdom : 35
D->valSize : 1225
Solving...
currentSize : 16 <-- 0.020966 s
currentSize : 18 <-- 0.021110 s
currentSize : 19 <-- 0.030215 s
currentSize : 20 <-- 0.031523 s
currentSize : 21 <-- 1.567383 s
currentSize : 22 <-- 31.157084 s
currentSize : 23 <-- 113.327698 s
currentSize : 24 <-- 368.954712 s
currentSize : 25 <-- 446.619934 s

maxsize : 25
nodes : 224237033.000000
filtered : 4144509691.000000
time : 1057.103760
