Parameters: GAD=1 vflib=1 dir=0 label=0 lowerbound=1 fileNameGp=../graphsdb/mcs50/bvg/b03/mcs50_b03_s35.A17 fileNameGt=../graphsdb/mcs50/bvg/b03/mcs50_b03_s35.B17
Reading graphs...
35 :  52
35 :  52
Initializing...
maxdom : 35
D->valSize : 1225
Solving...
currentSize : 15 <-- 0.021064 s
currentSize : 16 <-- 0.021202 s
currentSize : 18 <-- 0.021372 s
currentSize : 19 <-- 0.021448 s
currentSize : 20 <-- 0.044663 s
currentSize : 21 <-- 0.533893 s
currentSize : 22 <-- 1.232926 s
currentSize : 23 <-- 11.413823 s
currentSize : 24 <-- 182.098053 s
currentSize : 25 <-- 188.287186 s

maxsize : 25
nodes : 166663217.000000
filtered : 3517255197.000000
time : 848.246704
