Parameters: GAD=1 vflib=1 dir=0 label=0 lowerbound=1 fileNameGp=../graphsdb/mcs50/bvg/b06m/mcs50_b06m_s35.A70 fileNameGt=../graphsdb/mcs50/bvg/b06m/mcs50_b06m_s35.B70
Reading graphs...
35 :  103
35 :  102
Initializing...
maxdom : 35
D->valSize : 1225
Solving...
currentSize : 13 <-- 0.019480 s
currentSize : 15 <-- 0.019535 s
currentSize : 16 <-- 0.067438 s
currentSize : 17 <-- 0.072412 s
currentSize : 18 <-- 0.094755 s
currentSize : 19 <-- 0.881857 s
currentSize : 20 <-- 0.881945 s
currentSize : 21 <-- 55.345520 s
currentSize : 22 <-- 165.612091 s

maxsize : 22
nodes : 93966187.000000
filtered : 3046591573.000000
time : 576.260315
