Parameters: GAD=1 vflib=1 dir=0 label=0 lowerbound=1 fileNameGp=../graphsdb/mcs50/m4D/m4D/mcs50_m4D_s30.A68 fileNameGt=../graphsdb/mcs50/m4D/m4D/mcs50_m4D_s30.B68
Reading graphs...
30 :  55
30 :  55
Initializing...
maxdom : 30
D->valSize : 900
Solving...
currentSize : 11 <-- 0.010662 s
currentSize : 14 <-- 0.010696 s
currentSize : 16 <-- 0.011719 s
currentSize : 17 <-- 0.045237 s
currentSize : 18 <-- 0.045817 s
currentSize : 19 <-- 0.046131 s
currentSize : 20 <-- 0.046167 s
currentSize : 21 <-- 0.538930 s
currentSize : 22 <-- 1.290729 s
currentSize : 23 <-- 1.625266 s
currentSize : 24 <-- 2.100814 s

maxsize : 24
nodes : 477828.000000
filtered : 12343534.000000
time : 2.468243
