Parameters: GAD=1 vflib=1 dir=0 label=0 lowerbound=1 fileNameGp=../graphsdb/mcs50/m4D/m4Dr2/mcs50_m4Dr2_s35.A30 fileNameGt=../graphsdb/mcs50/m4D/m4Dr2/mcs50_m4Dr2_s35.B30
Reading graphs...
35 :  68
35 :  68
Initializing...
maxdom : 35
D->valSize : 1225
Solving...
currentSize : 15 <-- 0.035235 s
currentSize : 16 <-- 0.035262 s
currentSize : 18 <-- 0.085330 s
currentSize : 19 <-- 0.085763 s
currentSize : 20 <-- 0.090495 s
currentSize : 21 <-- 0.235293 s
currentSize : 22 <-- 2.291922 s
currentSize : 23 <-- 9.119729 s
currentSize : 24 <-- 392.616577 s

maxsize : 24
nodes : 110188656.000000
filtered : 2845535673.000000
time : 626.725586
