Parameters: GAD=1 vflib=1 dir=0 label=0 lowerbound=1 fileNameGp=../graphsdb/mcs50/bvg/b06/mcs50_b06_s35.A44 fileNameGt=../graphsdb/mcs50/bvg/b06/mcs50_b06_s35.B44
Reading graphs...
35 :  102
35 :  103
Initializing...
maxdom : 35
D->valSize : 1225
Solving...
currentSize : 11 <-- 0.019980 s
currentSize : 17 <-- 0.020119 s
currentSize : 18 <-- 0.067674 s
currentSize : 19 <-- 1.228177 s
currentSize : 20 <-- 4.627773 s
currentSize : 21 <-- 105.188316 s
currentSize : 22 <-- 1140.571167 s

maxsize : 22
nodes : 250375324.000000
filtered : 6936172532.000000
time : 1418.010986
