Parameters: GAD=1 vflib=1 dir=0 label=0 lowerbound=1 fileNameGp=../graphsdb/mcs50/bvg/b06m/mcs50_b06m_s35.A58 fileNameGt=../graphsdb/mcs50/bvg/b06m/mcs50_b06m_s35.B58
Reading graphs...
35 :  101
35 :  103
Initializing...
maxdom : 35
D->valSize : 1225
Solving...
currentSize : 11 <-- 0.019731 s
currentSize : 12 <-- 0.019780 s
currentSize : 13 <-- 0.019886 s
currentSize : 14 <-- 0.020094 s
currentSize : 15 <-- 0.024347 s
currentSize : 16 <-- 0.031449 s
currentSize : 17 <-- 0.103704 s
currentSize : 18 <-- 0.143596 s
currentSize : 19 <-- 2.779062 s
currentSize : 20 <-- 36.526199 s

maxsize : 20
nodes : 675638549.000000
filtered : 16250931303.000000
time : 3598.536621
