Parameters: GAD=1 vflib=1 dir=0 label=0 lowerbound=1 fileNameGp=../graphsdb/mcs50/rand/r01/mcs50_r01_s30.A89 fileNameGt=../graphsdb/mcs50/rand/r01/mcs50_r01_s30.B89
Reading graphs...
30 :  82
30 :  80
Initializing...
maxdom : 30
D->valSize : 900
Solving...
currentSize : 12 <-- 0.010310 s
currentSize : 14 <-- 0.010348 s
currentSize : 15 <-- 0.010588 s
currentSize : 16 <-- 0.016684 s
currentSize : 17 <-- 0.433423 s
currentSize : 18 <-- 21.505556 s
currentSize : 19 <-- 103.455551 s

maxsize : 19
nodes : 28396163.000000
filtered : 607577839.000000
time : 135.049393
