Parameters: GAD=1 vflib=1 dir=0 label=0 lowerbound=1 fileNameGp=../graphsdb/mcs50/bvg/b03m/mcs50_b03m_s35.A54 fileNameGt=../graphsdb/mcs50/bvg/b03m/mcs50_b03m_s35.B54
Reading graphs...
35 :  52
35 :  52
Initializing...
maxdom : 35
D->valSize : 1225
Solving...
currentSize : 16 <-- 0.036103 s
currentSize : 17 <-- 0.036850 s
currentSize : 18 <-- 0.046732 s
currentSize : 19 <-- 0.108285 s
currentSize : 20 <-- 0.136137 s
currentSize : 21 <-- 0.644039 s
currentSize : 22 <-- 0.660506 s
currentSize : 23 <-- 15.442389 s
currentSize : 24 <-- 40.588493 s
currentSize : 25 <-- 793.752319 s

maxsize : 25
nodes : 211559612.000000
filtered : 3884972440.000000
time : 1017.325989
