Parameters: GAD=1 vflib=1 dir=0 label=0 lowerbound=1 fileNameGp=../graphsdb/mcs50/bvg/b06m/mcs50_b06m_s30.A89 fileNameGt=../graphsdb/mcs50/bvg/b06m/mcs50_b06m_s30.B89
Reading graphs...
30 :  88
30 :  88
Initializing...
maxdom : 30
D->valSize : 900
Solving...
currentSize : 9 <-- 0.010168 s
currentSize : 13 <-- 0.010222 s
currentSize : 14 <-- 0.011266 s
currentSize : 15 <-- 0.026192 s
currentSize : 16 <-- 0.084454 s
currentSize : 17 <-- 3.546036 s
currentSize : 18 <-- 13.724247 s
currentSize : 19 <-- 36.459991 s

maxsize : 19
nodes : 13628721.000000
filtered : 323152999.000000
time : 68.017502
