Parameters: GAD=1 vflib=1 dir=0 label=0 lowerbound=1 fileNameGp=../graphsdb/mcs50/m2D/m2Dr2/mcs50_m2Dr2_s30.A85 fileNameGt=../graphsdb/mcs50/m2D/m2Dr2/mcs50_m2Dr2_s30.B85
Reading graphs...
30 :  54
30 :  53
Initializing...
maxdom : 30
D->valSize : 900
Solving...
currentSize : 10 <-- 0.010898 s
currentSize : 11 <-- 0.010960 s
currentSize : 12 <-- 0.011719 s
currentSize : 14 <-- 0.011866 s
currentSize : 15 <-- 0.011954 s
currentSize : 16 <-- 0.060226 s
currentSize : 17 <-- 0.138731 s
currentSize : 18 <-- 0.138897 s
currentSize : 19 <-- 0.138917 s
currentSize : 20 <-- 15.812920 s
currentSize : 21 <-- 27.419952 s

maxsize : 21
nodes : 10042420.000000
filtered : 196370953.000000
time : 46.685871
