Parameters: GAD=1 vflib=1 dir=0 label=0 lowerbound=1 fileNameGp=../graphsdb/mcs50/bvg/b03m/mcs50_b03m_s30.A36 fileNameGt=../graphsdb/mcs50/bvg/b03m/mcs50_b03m_s30.B36
Reading graphs...
30 :  45
30 :  44
Initializing...
maxdom : 30
D->valSize : 900
Solving...
currentSize : 11 <-- 0.011257 s
currentSize : 12 <-- 0.011277 s
currentSize : 13 <-- 0.011322 s
currentSize : 14 <-- 0.011441 s
currentSize : 15 <-- 0.011619 s
currentSize : 16 <-- 0.011625 s
currentSize : 17 <-- 0.022921 s
currentSize : 18 <-- 0.126587 s
currentSize : 19 <-- 0.878289 s
currentSize : 20 <-- 2.434667 s
currentSize : 21 <-- 2.892985 s

maxsize : 21
nodes : 12070754.000000
filtered : 216692861.000000
time : 53.916813
