Parameters: GAD=1 vflib=1 dir=0 label=0 lowerbound=1 fileNameGp=../graphsdb/mcs50/m2D/m2Dr6/mcs50_m2Dr6_s30.A67 fileNameGt=../graphsdb/mcs50/m2D/m2Dr6/mcs50_m2Dr6_s30.B67
Reading graphs...
30 :  63
30 :  63
Initializing...
maxdom : 30
D->valSize : 900
Solving...
currentSize : 13 <-- 0.010694 s
currentSize : 14 <-- 0.010712 s
currentSize : 15 <-- 0.011092 s
currentSize : 16 <-- 0.015160 s
currentSize : 17 <-- 0.182558 s
currentSize : 18 <-- 0.485830 s
currentSize : 19 <-- 1.800407 s
currentSize : 20 <-- 26.692862 s

maxsize : 20
nodes : 24972567.000000
filtered : 567665890.000000
time : 120.810020
