Parameters: GAD=1 vflib=1 dir=0 label=0 lowerbound=1 fileNameGp=../graphsdb/mcs50/bvg/b09m/mcs50_b09m_s30.A03 fileNameGt=../graphsdb/mcs50/bvg/b09m/mcs50_b09m_s30.B03
Reading graphs...
30 :  126
30 :  125
Initializing...
maxdom : 30
D->valSize : 900
Solving...
currentSize : 9 <-- 0.016572 s
currentSize : 10 <-- 0.016683 s
currentSize : 11 <-- 0.016712 s
currentSize : 12 <-- 0.017052 s
currentSize : 13 <-- 0.018753 s
currentSize : 14 <-- 0.060372 s
currentSize : 15 <-- 1.060364 s
currentSize : 16 <-- 17.785900 s

maxsize : 16
nodes : 39306293.000000
filtered : 727177525.000000
time : 175.729385
