Parameters: GAD=1 vflib=1 dir=0 label=0 lowerbound=1 fileNameGp=../graphsdb/mcs50/bvg/b03m/mcs50_b03m_s30.A79 fileNameGt=../graphsdb/mcs50/bvg/b03m/mcs50_b03m_s30.B79
Reading graphs...
30 :  44
30 :  44
Initializing...
maxdom : 30
D->valSize : 900
Solving...
currentSize : 11 <-- 0.011366 s
currentSize : 12 <-- 0.011460 s
currentSize : 14 <-- 0.013850 s
currentSize : 15 <-- 0.015652 s
currentSize : 16 <-- 0.017298 s
currentSize : 17 <-- 0.458183 s
currentSize : 18 <-- 3.062549 s
currentSize : 19 <-- 3.279218 s
currentSize : 20 <-- 10.626783 s
currentSize : 21 <-- 58.666279 s

maxsize : 21
nodes : 26838783.000000
filtered : 404024227.000000
time : 111.058830
