Parameters: GAD=1 vflib=1 dir=0 label=0 lowerbound=1 fileNameGp=../graphsdb/mcs50/bvg/b03/mcs50_b03_s30.A83 fileNameGt=../graphsdb/mcs50/bvg/b03/mcs50_b03_s30.B83
Reading graphs...
30 :  45
30 :  45
Initializing...
maxdom : 30
D->valSize : 900
Solving...
currentSize : 15 <-- 0.011086 s
currentSize : 16 <-- 0.011336 s
currentSize : 17 <-- 0.031220 s
currentSize : 18 <-- 0.033960 s
currentSize : 19 <-- 0.593973 s
currentSize : 20 <-- 1.934731 s
currentSize : 21 <-- 1.949699 s
currentSize : 23 <-- 4.955876 s

maxsize : 23
nodes : 2319271.000000
filtered : 44927438.000000
time : 10.498641
