Parameters: GAD=1 vflib=1 dir=0 label=0 lowerbound=1 fileNameGp=../graphsdb/mcs50/bvg/b03/mcs50_b03_s25.A50 fileNameGt=../graphsdb/mcs50/bvg/b03/mcs50_b03_s25.B50
Reading graphs...
25 :  37
25 :  37
Initializing...
maxdom : 25
D->valSize : 625
Solving...
currentSize : 13 <-- 0.005349 s
currentSize : 14 <-- 0.005364 s
currentSize : 15 <-- 0.042618 s
currentSize : 16 <-- 0.144924 s
currentSize : 17 <-- 0.387688 s
currentSize : 18 <-- 7.228373 s

maxsize : 18
nodes : 2282285.000000
filtered : 29709794.000000
time : 8.022030
