Parameters: GAD=1 vflib=1 dir=0 label=0 lowerbound=1 fileNameGp=../graphsdb/mcs50/m4D/m4D/mcs50_m4D_s35.A73 fileNameGt=../graphsdb/mcs50/m4D/m4D/mcs50_m4D_s35.B73
Reading graphs...
35 :  63
35 :  63
Initializing...
maxdom : 35
D->valSize : 1225
Solving...
currentSize : 12 <-- 0.035837 s
currentSize : 13 <-- 0.036766 s
currentSize : 14 <-- 0.036955 s
currentSize : 15 <-- 0.047366 s
currentSize : 16 <-- 0.048593 s
currentSize : 17 <-- 0.145999 s
currentSize : 18 <-- 0.385220 s
currentSize : 19 <-- 0.680947 s
currentSize : 20 <-- 2.498563 s
currentSize : 21 <-- 7.534311 s
currentSize : 22 <-- 7.754302 s
currentSize : 23 <-- 119.791191 s
currentSize : 24 <-- 266.113922 s

maxsize : 24
nodes : 126041619.000000
filtered : 2517720614.000000
time : 621.266602
