Parameters: GAD=1 vflib=1 dir=0 label=0 lowerbound=1 fileNameGp=../graphsdb/mcs50/m2D/m2Dr4/mcs50_m2Dr4_s20.A01 fileNameGt=../graphsdb/mcs50/m2D/m2Dr4/mcs50_m2Dr4_s20.B01
Reading graphs...
20 :  36
20 :  36
Initializing...
maxdom : 20
D->valSize : 400
Solving...
currentSize : 7 <-- 0.003687 s
currentSize : 8 <-- 0.003743 s
currentSize : 9 <-- 0.003784 s
currentSize : 10 <-- 0.003878 s
currentSize : 11 <-- 0.005792 s
currentSize : 12 <-- 0.006437 s
currentSize : 13 <-- 0.119384 s
currentSize : 14 <-- 0.362387 s

maxsize : 14
nodes : 149449.000000
filtered : 1681375.000000
time : 0.485375
