Parameters: GAD=1 vflib=1 dir=0 label=0 lowerbound=1 fileNameGp=../graphsdb/mcs50/m4D/m4Dr2/mcs50_m4Dr2_s35.A14 fileNameGt=../graphsdb/mcs50/m4D/m4Dr2/mcs50_m4Dr2_s35.B14
Reading graphs...
35 :  69
35 :  69
Initializing...
maxdom : 35
D->valSize : 1225
Solving...
currentSize : 13 <-- 0.035422 s
currentSize : 14 <-- 0.039341 s
currentSize : 15 <-- 0.039422 s
currentSize : 16 <-- 0.039474 s
currentSize : 17 <-- 0.210308 s
currentSize : 18 <-- 0.309195 s
currentSize : 19 <-- 4.860958 s
currentSize : 20 <-- 5.614518 s
currentSize : 21 <-- 5.615949 s
currentSize : 22 <-- 6.742244 s
currentSize : 23 <-- 177.399536 s

maxsize : 23
nodes : 197776815.000000
filtered : 4236148707.000000
time : 1006.524353
