Parameters: GAD=1 vflib=1 dir=0 label=0 lowerbound=1 fileNameGp=../graphsdb/mcs50/bvg/b09/mcs50_b09_s30.A84 fileNameGt=../graphsdb/mcs50/bvg/b09/mcs50_b09_s30.B84
Reading graphs...
30 :  129
30 :  129
Initializing...
maxdom : 30
D->valSize : 900
Solving...
currentSize : 9 <-- 0.009672 s
currentSize : 10 <-- 0.009745 s
currentSize : 11 <-- 0.009774 s
currentSize : 12 <-- 0.010360 s
currentSize : 13 <-- 0.034313 s
currentSize : 14 <-- 0.429026 s
currentSize : 15 <-- 0.738482 s
currentSize : 16 <-- 6.054570 s
currentSize : 17 <-- 16.612228 s

maxsize : 17
nodes : 13637088.000000
filtered : 314068038.000000
time : 66.914253
