Parameters: GAD=1 vflib=1 dir=0 label=0 lowerbound=1 fileNameGp=../graphsdb/mcs50/rand/r01/mcs50_r01_s35.A81 fileNameGt=../graphsdb/mcs50/rand/r01/mcs50_r01_s35.B81
Reading graphs...
35 :  112
35 :  116
Initializing...
maxdom : 35
D->valSize : 1225
Solving...
currentSize : 13 <-- 0.032896 s
currentSize : 14 <-- 0.034094 s
currentSize : 15 <-- 0.034158 s
currentSize : 16 <-- 0.034817 s
currentSize : 17 <-- 0.048813 s
currentSize : 18 <-- 0.242088 s
currentSize : 19 <-- 0.922972 s
currentSize : 20 <-- 1340.351196 s

TIMEOUT
maxsize : 20
nodes : 701767428.000000
filtered : 15152610610.000000
time : 3600.000000
