Parameters: GAD=1 vflib=1 dir=0 label=0 lowerbound=1 fileNameGp=../graphsdb/mcs50/rand/r005/mcs50_r005_s30.A91 fileNameGt=../graphsdb/mcs50/rand/r005/mcs50_r005_s30.B91
Reading graphs...
30 :  47
30 :  47
Initializing...
maxdom : 30
D->valSize : 900
Solving...
currentSize : 14 <-- 0.011093 s
currentSize : 15 <-- 0.019744 s
currentSize : 16 <-- 0.023909 s
currentSize : 17 <-- 0.033734 s
currentSize : 18 <-- 0.284941 s
currentSize : 19 <-- 0.961792 s
currentSize : 20 <-- 1.706718 s
currentSize : 21 <-- 11.173127 s

maxsize : 21
nodes : 23975736.000000
filtered : 428914223.000000
time : 106.382935
