Parameters: GAD=1 vflib=1 dir=0 label=0 lowerbound=1 fileNameGp=../graphsdb/mcs50/m2D/m2Dr4/mcs50_m2Dr4_s30.A64 fileNameGt=../graphsdb/mcs50/m2D/m2Dr4/mcs50_m2Dr4_s30.B64
Reading graphs...
30 :  58
30 :  60
Initializing...
maxdom : 30
D->valSize : 900
Solving...
currentSize : 14 <-- 0.018644 s
currentSize : 15 <-- 0.018712 s
currentSize : 16 <-- 0.019230 s
currentSize : 17 <-- 0.024158 s
currentSize : 18 <-- 0.031270 s
currentSize : 19 <-- 0.067376 s
currentSize : 20 <-- 4.124928 s
currentSize : 21 <-- 44.037708 s

maxsize : 21
nodes : 10843488.000000
filtered : 243755060.000000
time : 52.929256
