Parameters: GAD=1 vflib=1 dir=0 label=0 lowerbound=1 fileNameGp=../graphsdb/mcs50/rand/r01/mcs50_r01_s35.A39 fileNameGt=../graphsdb/mcs50/rand/r01/mcs50_r01_s35.B39
Reading graphs...
35 :  113
35 :  112
Initializing...
maxdom : 35
D->valSize : 1225
Solving...
currentSize : 15 <-- 0.033019 s
currentSize : 16 <-- 0.033069 s
currentSize : 17 <-- 0.033380 s
currentSize : 18 <-- 0.965752 s
currentSize : 19 <-- 3.905265 s
currentSize : 20 <-- 3.905324 s

maxsize : 20
nodes : 619400877.000000
filtered : 16142720848.000000
time : 3432.784912
