Parameters: GAD=1 vflib=1 dir=0 label=0 lowerbound=1 fileNameGp=../graphsdb/mcs50/bvg/b06/mcs50_b06_s35.A27 fileNameGt=../graphsdb/mcs50/bvg/b06/mcs50_b06_s35.B27
Reading graphs...
35 :  104
35 :  105
Initializing...
maxdom : 35
D->valSize : 1225
Solving...
currentSize : 13 <-- 0.020233 s
currentSize : 15 <-- 0.021677 s
currentSize : 16 <-- 0.037328 s
currentSize : 17 <-- 0.066554 s
currentSize : 18 <-- 0.094279 s
currentSize : 19 <-- 1.558243 s
currentSize : 20 <-- 20.958117 s
currentSize : 21 <-- 30.563360 s
currentSize : 22 <-- 54.859390 s

maxsize : 22
nodes : 93191571.000000
filtered : 3201694479.000000
time : 582.772583
