Parameters: GAD=1 vflib=1 dir=0 label=0 lowerbound=1 fileNameGp=../graphsdb/mcs50/bvg/b06m/mcs50_b06m_s35.A44 fileNameGt=../graphsdb/mcs50/bvg/b06m/mcs50_b06m_s35.B44
Reading graphs...
35 :  99
35 :  97
Initializing...
maxdom : 35
D->valSize : 1225
Solving...
currentSize : 14 <-- 0.033656 s
currentSize : 15 <-- 0.033705 s
currentSize : 16 <-- 0.036736 s
currentSize : 17 <-- 0.046045 s
currentSize : 18 <-- 0.079615 s
currentSize : 19 <-- 1.538592 s
currentSize : 20 <-- 3.688825 s
currentSize : 21 <-- 198.927338 s

maxsize : 21
nodes : 311595084.000000
filtered : 8517758749.000000
time : 1763.837280
