Parameters: GAD=1 vflib=1 dir=0 label=0 lowerbound=1 fileNameGp=../graphsdb/mcs50/rand/r005/mcs50_r005_s35.A41 fileNameGt=../graphsdb/mcs50/rand/r005/mcs50_r005_s35.B41
Reading graphs...
35 :  62
35 :  61
Initializing...
maxdom : 35
D->valSize : 1225
Solving...
currentSize : 17 <-- 0.020545 s
currentSize : 18 <-- 0.020570 s
currentSize : 19 <-- 0.020577 s
currentSize : 20 <-- 0.022271 s
currentSize : 21 <-- 0.033562 s
currentSize : 22 <-- 0.326870 s
currentSize : 23 <-- 3.540761 s
currentSize : 24 <-- 3.540775 s
currentSize : 25 <-- 11.975603 s

maxsize : 25
nodes : 47174281.000000
filtered : 1400480166.000000
time : 284.672241
