Parameters: GAD=1 vflib=1 dir=0 label=0 lowerbound=1 fileNameGp=../graphsdb/mcs50/m2D/m2D/mcs50_m2D_s20.A93 fileNameGt=../graphsdb/mcs50/m2D/m2D/mcs50_m2D_s20.B93
Reading graphs...
20 :  31
20 :  31
Initializing...
maxdom : 20
D->valSize : 400
Solving...
currentSize : 9 <-- 0.002344 s
currentSize : 10 <-- 0.002388 s
currentSize : 11 <-- 0.003351 s
currentSize : 12 <-- 0.004323 s
currentSize : 13 <-- 0.018386 s
currentSize : 14 <-- 0.032489 s
currentSize : 15 <-- 0.105565 s

maxsize : 15
nodes : 51482.000000
filtered : 772483.000000
time : 0.178748
