Parameters: GAD=1 vflib=1 dir=0 label=0 lowerbound=1 fileNameGp=../graphsdb/mcs50/rand/r005/mcs50_r005_s35.A74 fileNameGt=../graphsdb/mcs50/rand/r005/mcs50_r005_s35.B74
Reading graphs...
35 :  61
35 :  61
Initializing...
maxdom : 35
D->valSize : 1225
Solving...
currentSize : 16 <-- 0.030160 s
currentSize : 17 <-- 0.030515 s
currentSize : 18 <-- 0.032256 s
currentSize : 19 <-- 0.038132 s
currentSize : 20 <-- 0.040432 s
currentSize : 21 <-- 0.082242 s
currentSize : 22 <-- 0.259856 s
currentSize : 23 <-- 16.911367 s
currentSize : 24 <-- 126.500275 s
currentSize : 25 <-- 913.836548 s

maxsize : 25
nodes : 195843482.000000
filtered : 4605424564.000000
time : 1064.121704
