Parameters: GAD=1 vflib=1 dir=0 label=0 lowerbound=1 fileNameGp=../graphsdb/mcs50/bvg/b03m/mcs50_b03m_s30.A01 fileNameGt=../graphsdb/mcs50/bvg/b03m/mcs50_b03m_s30.B01
Reading graphs...
30 :  44
30 :  45
Initializing...
maxdom : 30
D->valSize : 900
Solving...
currentSize : 14 <-- 0.011243 s
currentSize : 15 <-- 0.011282 s
currentSize : 16 <-- 0.012208 s
currentSize : 17 <-- 0.012556 s
currentSize : 18 <-- 1.197586 s
currentSize : 19 <-- 4.959317 s
currentSize : 20 <-- 20.208561 s

maxsize : 20
nodes : 80101608.000000
filtered : 1031820326.000000
time : 318.604919
