Parameters: GAD=1 vflib=1 dir=0 label=0 lowerbound=1 fileNameGp=../graphsdb/mcs50/bvg/b03m/mcs50_b03m_s25.A39 fileNameGt=../graphsdb/mcs50/bvg/b03m/mcs50_b03m_s25.B39
Reading graphs...
25 :  37
25 :  37
Initializing...
maxdom : 25
D->valSize : 625
Solving...
currentSize : 9 <-- 0.005282 s
currentSize : 10 <-- 0.005307 s
currentSize : 11 <-- 0.005585 s
currentSize : 12 <-- 0.005930 s
currentSize : 13 <-- 0.007510 s
currentSize : 14 <-- 0.010827 s
currentSize : 15 <-- 0.140862 s
currentSize : 16 <-- 0.378538 s
currentSize : 17 <-- 0.425229 s
currentSize : 18 <-- 1.262978 s
currentSize : 19 <-- 1.270529 s
currentSize : 20 <-- 1.409703 s

maxsize : 20
nodes : 449019.000000
filtered : 5009010.000000
time : 1.516438
