Parameters: GAD=1 vflib=1 dir=0 label=0 lowerbound=1 fileNameGp=../graphsdb/mcs50/m2D/m2Dr4/mcs50_m2Dr4_s30.A71 fileNameGt=../graphsdb/mcs50/m2D/m2Dr4/mcs50_m2Dr4_s30.B71
Reading graphs...
30 :  59
30 :  60
Initializing...
maxdom : 30
D->valSize : 900
Solving...
currentSize : 16 <-- 0.018666 s
currentSize : 17 <-- 0.018934 s
currentSize : 18 <-- 0.025487 s
currentSize : 19 <-- 0.033302 s
currentSize : 20 <-- 1.329309 s
currentSize : 21 <-- 30.948034 s

maxsize : 21
nodes : 9573619.000000
filtered : 222564189.000000
time : 48.396912
