Parameters: GAD=1 vflib=1 dir=0 label=0 lowerbound=1 fileNameGp=../graphsdb/mcs50/bvg/b03/mcs50_b03_s25.A00 fileNameGt=../graphsdb/mcs50/bvg/b03/mcs50_b03_s25.B00
Reading graphs...
25 :  37
25 :  37
Initializing...
maxdom : 25
D->valSize : 625
Solving...
currentSize : 8 <-- 0.005289 s
currentSize : 9 <-- 0.005306 s
currentSize : 12 <-- 0.005325 s
currentSize : 13 <-- 0.005971 s
currentSize : 14 <-- 0.006087 s
currentSize : 15 <-- 0.012243 s
currentSize : 16 <-- 0.042931 s
currentSize : 17 <-- 0.043345 s
currentSize : 18 <-- 1.451397 s
currentSize : 19 <-- 2.003817 s

maxsize : 19
nodes : 770998.000000
filtered : 11269684.000000
time : 2.969435
