Parameters: GAD=1 vflib=1 dir=0 label=0 lowerbound=1 fileNameGp=../graphsdb/mcs50/rand/r01/mcs50_r01_s30.A95 fileNameGt=../graphsdb/mcs50/rand/r01/mcs50_r01_s30.B95
Reading graphs...
30 :  85
30 :  83
Initializing...
maxdom : 30
D->valSize : 900
Solving...
currentSize : 12 <-- 0.010382 s
currentSize : 13 <-- 0.010520 s
currentSize : 14 <-- 0.010752 s
currentSize : 15 <-- 0.016209 s
currentSize : 16 <-- 0.025958 s
currentSize : 17 <-- 0.069232 s
currentSize : 18 <-- 1.401497 s

maxsize : 18
nodes : 25779568.000000
filtered : 640231424.000000
time : 130.943466
