Parameters: GAD=1 vflib=1 dir=0 label=0 lowerbound=1 fileNameGp=../graphsdb/mcs50/m2D/m2Dr2/mcs50_m2Dr2_s30.A06 fileNameGt=../graphsdb/mcs50/m2D/m2Dr2/mcs50_m2Dr2_s30.B06
Reading graphs...
30 :  54
30 :  53
Initializing...
maxdom : 30
D->valSize : 900
Solving...
currentSize : 13 <-- 0.011039 s
currentSize : 14 <-- 0.011552 s
currentSize : 15 <-- 0.012462 s
currentSize : 16 <-- 0.016618 s
currentSize : 17 <-- 0.039437 s
currentSize : 18 <-- 0.505636 s
currentSize : 19 <-- 2.804326 s
currentSize : 20 <-- 14.539304 s
currentSize : 21 <-- 35.400917 s

maxsize : 21
nodes : 13369236.000000
filtered : 260571499.000000
time : 60.802830
