Parameters: GAD=1 vflib=1 dir=0 label=0 lowerbound=1 fileNameGp=../graphsdb/mcs50/m4D/m4D/mcs50_m4D_s35.A61 fileNameGt=../graphsdb/mcs50/m4D/m4D/mcs50_m4D_s35.B61
Reading graphs...
35 :  62
35 :  61
Initializing...
maxdom : 35
D->valSize : 1225
Solving...
currentSize : 18 <-- 0.020792 s
currentSize : 20 <-- 0.020817 s
currentSize : 21 <-- 3.685824 s
currentSize : 22 <-- 3.849090 s
currentSize : 23 <-- 81.777763 s
currentSize : 24 <-- 264.979156 s
currentSize : 25 <-- 264.981903 s

maxsize : 25
nodes : 87643916.000000
filtered : 1886126900.000000
time : 449.153015
