Parameters: GAD=1 vflib=1 dir=0 label=0 lowerbound=1 fileNameGp=../graphsdb/mcs50/m3D/m3Dr2/mcs50_m3Dr2_s20.A68 fileNameGt=../graphsdb/mcs50/m3D/m3Dr2/mcs50_m3Dr2_s20.B68
Reading graphs...
20 :  39
20 :  40
Initializing...
maxdom : 20
D->valSize : 400
Solving...
currentSize : 8 <-- 0.002138 s
currentSize : 9 <-- 0.002178 s
currentSize : 10 <-- 0.002505 s
currentSize : 11 <-- 0.002523 s
currentSize : 12 <-- 0.002831 s
currentSize : 13 <-- 0.012562 s
currentSize : 14 <-- 0.060759 s

maxsize : 14
nodes : 64553.000000
filtered : 1076161.000000
time : 0.240878
