Parameters: GAD=1 vflib=1 dir=0 label=0 lowerbound=1 fileNameGp=../graphsdb/mcs50/m4D/m4D/mcs50_m4D_s35.A43 fileNameGt=../graphsdb/mcs50/m4D/m4D/mcs50_m4D_s35.B43
Reading graphs...
35 :  63
35 :  63
Initializing...
maxdom : 35
D->valSize : 1225
Solving...
currentSize : 14 <-- 0.020715 s
currentSize : 16 <-- 0.020746 s
currentSize : 18 <-- 0.022042 s
currentSize : 19 <-- 0.064805 s
currentSize : 20 <-- 0.995233 s
currentSize : 21 <-- 1.368183 s
currentSize : 22 <-- 46.154049 s
currentSize : 23 <-- 262.130463 s
currentSize : 24 <-- 266.430969 s

maxsize : 24
nodes : 114203843.000000
filtered : 2275605321.000000
time : 549.394714
