Parameters: GAD=1 vflib=1 dir=0 label=0 lowerbound=1 fileNameGp=../graphsdb/mcs50/rand/r005/mcs50_r005_s20.A63 fileNameGt=../graphsdb/mcs50/rand/r005/mcs50_r005_s20.B63
Reading graphs...
20 :  23
20 :  23
Initializing...
maxdom : 20
D->valSize : 400
Solving...
currentSize : 9 <-- 0.002275 s
currentSize : 10 <-- 0.002290 s
currentSize : 11 <-- 0.002321 s
currentSize : 12 <-- 0.002580 s
currentSize : 13 <-- 0.021575 s
currentSize : 14 <-- 0.021655 s
currentSize : 16 <-- 0.035158 s

maxsize : 16
nodes : 23420.000000
filtered : 242159.000000
time : 0.066853
