Parameters: GAD=1 vflib=1 dir=0 label=0 lowerbound=1 fileNameGp=../graphsdb/mcs50/m2D/m2Dr4/mcs50_m2Dr4_s30.A92 fileNameGt=../graphsdb/mcs50/m2D/m2Dr4/mcs50_m2Dr4_s30.B92
Reading graphs...
30 :  59
30 :  61
Initializing...
maxdom : 30
D->valSize : 900
Solving...
currentSize : 12 <-- 0.010846 s
currentSize : 13 <-- 0.010865 s
currentSize : 14 <-- 0.010881 s
currentSize : 15 <-- 0.015358 s
currentSize : 16 <-- 0.025645 s
currentSize : 17 <-- 0.074032 s
currentSize : 18 <-- 0.674644 s
currentSize : 19 <-- 2.006827 s
currentSize : 20 <-- 25.983240 s

maxsize : 20
nodes : 29436782.000000
filtered : 618543864.000000
time : 141.045166
