Parameters: GAD=1 vflib=1 dir=0 label=0 lowerbound=1 fileNameGp=../graphsdb/mcs50/bvg/b03/mcs50_b03_s30.A57 fileNameGt=../graphsdb/mcs50/bvg/b03/mcs50_b03_s30.B57
Reading graphs...
30 :  45
30 :  44
Initializing...
maxdom : 30
D->valSize : 900
Solving...
currentSize : 13 <-- 0.019326 s
currentSize : 14 <-- 0.019353 s
currentSize : 17 <-- 0.019497 s
currentSize : 18 <-- 0.205825 s
currentSize : 19 <-- 0.214460 s
currentSize : 21 <-- 1.216740 s
currentSize : 22 <-- 14.686367 s

maxsize : 22
nodes : 6542363.000000
filtered : 132833957.000000
time : 30.751652
