Parameters: GAD=1 vflib=1 dir=0 label=0 lowerbound=1 fileNameGp=../graphsdb/mcs50/bvg/b09/mcs50_b09_s30.A14 fileNameGt=../graphsdb/mcs50/bvg/b09/mcs50_b09_s30.B14
Reading graphs...
30 :  130
30 :  130
Initializing...
maxdom : 30
D->valSize : 900
Solving...
currentSize : 9 <-- 0.016301 s
currentSize : 10 <-- 0.016390 s
currentSize : 11 <-- 0.016530 s
currentSize : 12 <-- 0.016817 s
currentSize : 13 <-- 0.018081 s
currentSize : 14 <-- 0.021779 s
currentSize : 15 <-- 0.095706 s
currentSize : 16 <-- 1.650639 s
currentSize : 17 <-- 33.299267 s

maxsize : 17
nodes : 16471923.000000
filtered : 359839038.000000
time : 79.885429
