Parameters: GAD=1 vflib=1 dir=0 label=0 lowerbound=1 fileNameGp=../graphsdb/mcs50/m4D/m4Dr4/mcs50_m4Dr4_s35.A14 fileNameGt=../graphsdb/mcs50/m4D/m4Dr4/mcs50_m4Dr4_s35.B14
Reading graphs...
35 :  76
35 :  73
Initializing...
maxdom : 35
D->valSize : 1225
Solving...
currentSize : 6 <-- 0.020486 s
currentSize : 14 <-- 0.020559 s
currentSize : 15 <-- 0.020574 s
currentSize : 16 <-- 0.020633 s
currentSize : 17 <-- 0.024263 s
currentSize : 18 <-- 0.035360 s
currentSize : 19 <-- 0.036126 s
currentSize : 20 <-- 0.132405 s
currentSize : 21 <-- 3.705203 s
currentSize : 22 <-- 56.527824 s

maxsize : 22
nodes : 526110677.000000
filtered : 12031457765.000000
time : 2696.162842
