Parameters: GAD=1 vflib=1 dir=0 label=0 lowerbound=1 fileNameGp=../graphsdb/mcs50/m4D/m4Dr6/mcs50_m4Dr6_s35.A82 fileNameGt=../graphsdb/mcs50/m4D/m4Dr6/mcs50_m4Dr6_s35.B82
Reading graphs...
35 :  81
35 :  78
Initializing...
maxdom : 35
D->valSize : 1225
Solving...
currentSize : 17 <-- 0.020309 s
currentSize : 18 <-- 0.032534 s
currentSize : 19 <-- 0.033408 s
currentSize : 20 <-- 0.034138 s
currentSize : 21 <-- 2.812696 s
currentSize : 22 <-- 3.298374 s
currentSize : 23 <-- 1287.470825 s

maxsize : 23
nodes : 304314255.000000
filtered : 7749782828.000000
time : 1661.768677
