Parameters: GAD=1 vflib=1 dir=0 label=0 lowerbound=1 fileNameGp=../graphsdb/mcs50/bvg/b06m/mcs50_b06m_s35.A29 fileNameGt=../graphsdb/mcs50/bvg/b06m/mcs50_b06m_s35.B29
Reading graphs...
35 :  100
35 :  98
Initializing...
maxdom : 35
D->valSize : 1225
Solving...
currentSize : 16 <-- 0.019789 s
currentSize : 17 <-- 0.019898 s
currentSize : 18 <-- 0.021626 s
currentSize : 19 <-- 0.392474 s
currentSize : 20 <-- 3.664214 s
currentSize : 21 <-- 207.229187 s

maxsize : 21
nodes : 359290539.000000
filtered : 9988131775.000000
time : 2020.079102
