Parameters: GAD=1 vflib=1 dir=0 label=0 lowerbound=1 fileNameGp=../graphsdb/mcs50/rand/r005/mcs50_r005_s30.A40 fileNameGt=../graphsdb/mcs50/rand/r005/mcs50_r005_s30.B40
Reading graphs...
30 :  47
30 :  47
Initializing...
maxdom : 30
D->valSize : 900
Solving...
currentSize : 13 <-- 0.011487 s
currentSize : 16 <-- 0.011671 s
currentSize : 17 <-- 0.019908 s
currentSize : 18 <-- 0.133383 s
currentSize : 19 <-- 1.753381 s
currentSize : 20 <-- 1.932618 s
currentSize : 21 <-- 4.468704 s
currentSize : 22 <-- 20.961548 s

maxsize : 22
nodes : 6839257.000000
filtered : 122319623.000000
time : 29.285517
