Parameters: GAD=1 vflib=1 dir=0 label=0 lowerbound=1 fileNameGp=../graphsdb/mcs50/bvg/b09/mcs50_b09_s25.A16 fileNameGt=../graphsdb/mcs50/bvg/b09/mcs50_b09_s25.B16
Reading graphs...
25 :  109
25 :  108
Initializing...
maxdom : 25
D->valSize : 625
Solving...
currentSize : 9 <-- 0.004618 s
currentSize : 10 <-- 0.004686 s
currentSize : 11 <-- 0.005002 s
currentSize : 12 <-- 0.010060 s
currentSize : 13 <-- 0.020714 s
currentSize : 14 <-- 1.502202 s

maxsize : 14
nodes : 2143871.000000
filtered : 36417453.000000
time : 8.818670
