Parameters: GAD=1 vflib=1 dir=0 label=0 lowerbound=1 fileNameGp=../graphsdb/mcs50/m2D/m2Dr4/mcs50_m2Dr4_s20.A49 fileNameGt=../graphsdb/mcs50/m2D/m2Dr4/mcs50_m2Dr4_s20.B49
Reading graphs...
20 :  38
20 :  37
Initializing...
maxdom : 20
D->valSize : 400
Solving...
currentSize : 9 <-- 0.002192 s
currentSize : 10 <-- 0.002360 s
currentSize : 11 <-- 0.002879 s
currentSize : 12 <-- 0.004895 s
currentSize : 13 <-- 0.015688 s
currentSize : 14 <-- 0.248193 s

maxsize : 14
nodes : 105628.000000
filtered : 1621069.000000
time : 0.396318
