Parameters: GAD=1 vflib=1 dir=0 label=0 lowerbound=1 fileNameGp=../graphsdb/mcs50/m2D/m2Dr6/mcs50_m2Dr6_s30.A76 fileNameGt=../graphsdb/mcs50/m2D/m2Dr6/mcs50_m2Dr6_s30.B76
Reading graphs...
30 :  66
30 :  65
Initializing...
maxdom : 30
D->valSize : 900
Solving...
currentSize : 12 <-- 0.011627 s
currentSize : 14 <-- 0.011697 s
currentSize : 15 <-- 0.011768 s
currentSize : 16 <-- 0.019680 s
currentSize : 17 <-- 0.193458 s
currentSize : 18 <-- 0.298832 s
currentSize : 19 <-- 2.309605 s
currentSize : 20 <-- 174.325226 s

maxsize : 20
nodes : 49089479.000000
filtered : 989311868.000000
time : 227.529968
