Parameters: GAD=1 vflib=1 dir=0 label=0 lowerbound=1 fileNameGp=../graphsdb/mcs50/rand/r005/mcs50_r005_s35.A10 fileNameGt=../graphsdb/mcs50/rand/r005/mcs50_r005_s35.B10
Reading graphs...
35 :  57
35 :  62
Initializing...
maxdom : 35
D->valSize : 1225
Solving...
currentSize : 16 <-- 0.021612 s
currentSize : 17 <-- 0.021680 s
currentSize : 18 <-- 0.021691 s
currentSize : 19 <-- 0.028698 s
currentSize : 20 <-- 0.071006 s
currentSize : 21 <-- 3.583985 s
currentSize : 22 <-- 41.491856 s
currentSize : 23 <-- 52.371021 s
currentSize : 24 <-- 139.399490 s
currentSize : 25 <-- 400.380219 s

maxsize : 25
nodes : 125448507.000000
filtered : 2721474010.000000
time : 671.546936
