Parameters: GAD=1 vflib=1 dir=0 label=0 lowerbound=1 fileNameGp=../graphsdb/mcs50/rand/r01/mcs50_r01_s35.A04 fileNameGt=../graphsdb/mcs50/rand/r01/mcs50_r01_s35.B04
Reading graphs...
35 :  112
35 :  112
Initializing...
maxdom : 35
D->valSize : 1225
Solving...
currentSize : 13 <-- 0.023471 s
currentSize : 15 <-- 0.023533 s
currentSize : 16 <-- 0.028471 s
currentSize : 17 <-- 0.037201 s
currentSize : 18 <-- 0.042201 s
currentSize : 19 <-- 0.491531 s
currentSize : 20 <-- 41.204929 s

maxsize : 20
nodes : 603616722.000000
filtered : 14771738232.000000
time : 3250.979736
