Parameters: GAD=1 vflib=1 dir=0 label=0 lowerbound=1 fileNameGp=../graphsdb/mcs50/bvg/b09/mcs50_b09_s30.A10 fileNameGt=../graphsdb/mcs50/bvg/b09/mcs50_b09_s30.B10
Reading graphs...
30 :  131
30 :  133
Initializing...
maxdom : 30
D->valSize : 900
Solving...
currentSize : 9 <-- 0.009438 s
currentSize : 10 <-- 0.009455 s
currentSize : 11 <-- 0.009480 s
currentSize : 13 <-- 0.009528 s
currentSize : 14 <-- 0.009559 s
currentSize : 15 <-- 0.098930 s
currentSize : 16 <-- 0.108237 s
currentSize : 17 <-- 26.267307 s

maxsize : 17
nodes : 15715301.000000
filtered : 329426034.000000
time : 75.989418
