Parameters: GAD=1 vflib=1 dir=0 label=0 lowerbound=1 fileNameGp=../graphsdb/mcs50/rand/r005/mcs50_r005_s20.A56 fileNameGt=../graphsdb/mcs50/rand/r005/mcs50_r005_s20.B56
Reading graphs...
20 :  24
20 :  24
Initializing...
maxdom : 20
D->valSize : 400
Solving...
currentSize : 7 <-- 0.003866 s
currentSize : 8 <-- 0.003914 s
currentSize : 9 <-- 0.004545 s
currentSize : 10 <-- 0.006361 s
currentSize : 11 <-- 0.008694 s
currentSize : 12 <-- 0.020635 s
currentSize : 13 <-- 0.047526 s
currentSize : 14 <-- 0.054215 s
currentSize : 15 <-- 0.054440 s

maxsize : 15
nodes : 52746.000000
filtered : 589328.000000
time : 0.245721
