Parameters: GAD=1 vflib=1 dir=0 label=0 lowerbound=1 fileNameGp=../graphsdb/mcs50/m4D/m4Dr6/mcs50_m4Dr6_s35.A33 fileNameGt=../graphsdb/mcs50/m4D/m4Dr6/mcs50_m4Dr6_s35.B33
Reading graphs...
35 :  81
35 :  81
Initializing...
maxdom : 35
D->valSize : 1225
Solving...
currentSize : 14 <-- 0.034721 s
currentSize : 15 <-- 0.034764 s
currentSize : 16 <-- 0.038763 s
currentSize : 17 <-- 0.038789 s
currentSize : 18 <-- 0.170700 s
currentSize : 19 <-- 0.502216 s
currentSize : 20 <-- 0.509501 s
currentSize : 21 <-- 12.538084 s
currentSize : 22 <-- 50.127163 s
currentSize : 23 <-- 156.384933 s

maxsize : 23
nodes : 143213606.000000
filtered : 3979375899.000000
time : 820.767883
