Parameters: GAD=1 vflib=1 dir=0 label=0 lowerbound=1 fileNameGp=../graphsdb/mcs50/bvg/b03m/mcs50_b03m_s30.A43 fileNameGt=../graphsdb/mcs50/bvg/b03m/mcs50_b03m_s30.B43
Reading graphs...
30 :  45
30 :  45
Initializing...
maxdom : 30
D->valSize : 900
Solving...
currentSize : 15 <-- 0.011355 s
currentSize : 16 <-- 0.011791 s
currentSize : 17 <-- 0.018699 s
currentSize : 18 <-- 0.048529 s
currentSize : 19 <-- 2.232694 s
currentSize : 20 <-- 2.262779 s
currentSize : 21 <-- 23.426550 s

maxsize : 21
nodes : 18974132.000000
filtered : 327630221.000000
time : 82.868721
