Parameters: GAD=1 vflib=1 dir=0 label=0 lowerbound=1 fileNameGp=../graphsdb/mcs50/m4D/m4Dr6/mcs50_m4Dr6_s35.A24 fileNameGt=../graphsdb/mcs50/m4D/m4Dr6/mcs50_m4Dr6_s35.B24
Reading graphs...
35 :  81
35 :  80
Initializing...
maxdom : 35
D->valSize : 1225
Solving...
currentSize : 16 <-- 0.019965 s
currentSize : 17 <-- 0.025728 s
currentSize : 18 <-- 0.025758 s
currentSize : 19 <-- 0.878904 s
currentSize : 20 <-- 3.434167 s
currentSize : 21 <-- 5.455127 s
currentSize : 22 <-- 42.636673 s
currentSize : 23 <-- 127.958092 s

maxsize : 23
nodes : 89625301.000000
filtered : 2568648447.000000
time : 512.672668
