Parameters: GAD=1 vflib=1 dir=0 label=0 lowerbound=1 fileNameGp=../graphsdb/mcs50/m4D/m4Dr4/mcs50_m4Dr4_s35.A51 fileNameGt=../graphsdb/mcs50/m4D/m4Dr4/mcs50_m4Dr4_s35.B51
Reading graphs...
35 :  73
35 :  74
Initializing...
maxdom : 35
D->valSize : 1225
Solving...
currentSize : 16 <-- 0.024736 s
currentSize : 17 <-- 0.024912 s
currentSize : 18 <-- 0.025108 s
currentSize : 19 <-- 0.115932 s
currentSize : 20 <-- 0.116658 s
currentSize : 21 <-- 0.221187 s
currentSize : 22 <-- 14.523387 s
currentSize : 23 <-- 29.888294 s

maxsize : 23
nodes : 193511777.000000
filtered : 4763606225.000000
time : 1072.490967
