Parameters: GAD=1 vflib=1 dir=0 label=0 lowerbound=1 fileNameGp=../graphsdb/mcs50/rand/r01/mcs50_r01_s35.A67 fileNameGt=../graphsdb/mcs50/rand/r01/mcs50_r01_s35.B67
Reading graphs...
35 :  113
35 :  117
Initializing...
maxdom : 35
D->valSize : 1225
Solving...
currentSize : 14 <-- 0.019026 s
currentSize : 15 <-- 0.019047 s
currentSize : 16 <-- 0.019155 s
currentSize : 17 <-- 0.019333 s
currentSize : 18 <-- 0.020706 s
currentSize : 19 <-- 0.046205 s
currentSize : 20 <-- 42.761436 s

maxsize : 20
nodes : 494874421.000000
filtered : 12515940423.000000
time : 2735.364014
