Parameters: GAD=1 vflib=1 dir=0 label=0 lowerbound=1 fileNameGp=../graphsdb/mcs50/m4D/m4Dr6/mcs50_m4Dr6_s35.A65 fileNameGt=../graphsdb/mcs50/m4D/m4Dr6/mcs50_m4Dr6_s35.B65
Reading graphs...
35 :  82
35 :  82
Initializing...
maxdom : 35
D->valSize : 1225
Solving...
currentSize : 17 <-- 0.020150 s
currentSize : 18 <-- 0.066542 s
currentSize : 19 <-- 1.032354 s
currentSize : 20 <-- 9.066163 s
currentSize : 21 <-- 24.828983 s
currentSize : 22 <-- 133.277023 s

maxsize : 22
nodes : 251064458.000000
filtered : 6561884489.000000
time : 1383.148193
