Parameters: GAD=1 vflib=1 dir=0 label=0 lowerbound=1 fileNameGp=../graphsdb/mcs50/m4D/m4Dr6/mcs50_m4Dr6_s35.A72 fileNameGt=../graphsdb/mcs50/m4D/m4Dr6/mcs50_m4Dr6_s35.B72
Reading graphs...
35 :  82
35 :  84
Initializing...
maxdom : 35
D->valSize : 1225
Solving...
currentSize : 10 <-- 0.024136 s
currentSize : 12 <-- 0.024162 s
currentSize : 13 <-- 0.024565 s
currentSize : 15 <-- 0.025618 s
currentSize : 16 <-- 0.083959 s
currentSize : 17 <-- 0.306726 s
currentSize : 18 <-- 1.408133 s
currentSize : 19 <-- 2.126938 s
currentSize : 20 <-- 2.348461 s
currentSize : 21 <-- 3.106606 s
currentSize : 22 <-- 8.502098 s
currentSize : 23 <-- 210.127853 s

maxsize : 23
nodes : 104287195.000000
filtered : 2725490611.000000
time : 582.894409
