Parameters: GAD=1 vflib=1 dir=0 label=0 lowerbound=1 fileNameGp=../graphsdb/mcs50/rand/r01/mcs50_r01_s25.A69 fileNameGt=../graphsdb/mcs50/rand/r01/mcs50_r01_s25.B69
Reading graphs...
25 :  58
25 :  58
Initializing...
maxdom : 25
D->valSize : 625
Solving...
currentSize : 11 <-- 0.004935 s
currentSize : 12 <-- 0.004965 s
currentSize : 13 <-- 0.005280 s
currentSize : 14 <-- 0.013667 s
currentSize : 15 <-- 0.037259 s
currentSize : 16 <-- 0.107019 s

maxsize : 16
nodes : 2436130.000000
filtered : 45503145.000000
time : 10.442029
