Parameters: GAD=1 vflib=1 dir=0 label=0 lowerbound=1 fileNameGp=../graphsdb/mcs50/bvg/b03m/mcs50_b03m_s25.A72 fileNameGt=../graphsdb/mcs50/bvg/b03m/mcs50_b03m_s25.B72
Reading graphs...
25 :  37
25 :  37
Initializing...
maxdom : 25
D->valSize : 625
Solving...
currentSize : 11 <-- 0.009141 s
currentSize : 12 <-- 0.012750 s
currentSize : 14 <-- 0.015994 s
currentSize : 15 <-- 0.031682 s
currentSize : 16 <-- 0.123227 s
currentSize : 17 <-- 0.896397 s
currentSize : 18 <-- 3.106707 s

maxsize : 18
nodes : 1305470.000000
filtered : 17397694.000000
time : 4.767941
