Parameters: GAD=1 vflib=1 dir=0 label=0 lowerbound=1 fileNameGp=../graphsdb/mcs50/m2D/m2D/mcs50_m2D_s20.A34 fileNameGt=../graphsdb/mcs50/m2D/m2D/mcs50_m2D_s20.B34
Reading graphs...
20 :  30
20 :  31
Initializing...
maxdom : 20
D->valSize : 400
Solving...
currentSize : 10 <-- 0.002297 s
currentSize : 11 <-- 0.002487 s
currentSize : 12 <-- 0.002850 s
currentSize : 13 <-- 0.004025 s
currentSize : 14 <-- 0.005088 s
currentSize : 15 <-- 0.186366 s

maxsize : 15
nodes : 55103.000000
filtered : 863149.000000
time : 0.196888
