Parameters: GAD=1 vflib=1 dir=0 label=0 lowerbound=1 fileNameGp=../graphsdb/mcs50/rand/r005/mcs50_r005_s35.A58 fileNameGt=../graphsdb/mcs50/rand/r005/mcs50_r005_s35.B58
Reading graphs...
35 :  62
35 :  61
Initializing...
maxdom : 35
D->valSize : 1225
Solving...
currentSize : 14 <-- 0.020809 s
currentSize : 15 <-- 0.050511 s
currentSize : 16 <-- 0.050601 s
currentSize : 17 <-- 0.057067 s
currentSize : 18 <-- 0.087542 s
currentSize : 19 <-- 0.087797 s
currentSize : 20 <-- 0.148138 s
currentSize : 21 <-- 3.285649 s
currentSize : 22 <-- 18.203739 s
currentSize : 23 <-- 25.277672 s
currentSize : 24 <-- 33.059135 s
currentSize : 25 <-- 108.115005 s

maxsize : 25
nodes : 46740239.000000
filtered : 1277016635.000000
time : 269.634460
