Parameters: GAD=1 vflib=1 dir=0 label=0 lowerbound=1 fileNameGp=../graphsdb/mcs50/bvg/b09/mcs50_b09_s25.A80 fileNameGt=../graphsdb/mcs50/bvg/b09/mcs50_b09_s25.B80
Reading graphs...
25 :  108
25 :  110
Initializing...
maxdom : 25
D->valSize : 625
Solving...
currentSize : 8 <-- 0.004449 s
currentSize : 9 <-- 0.004463 s
currentSize : 10 <-- 0.004584 s
currentSize : 11 <-- 0.004989 s
currentSize : 12 <-- 0.009170 s
currentSize : 13 <-- 0.011588 s
currentSize : 14 <-- 1.379303 s

maxsize : 14
nodes : 1902734.000000
filtered : 32569894.000000
time : 7.704825
