Parameters: GAD=1 vflib=1 dir=0 label=0 lowerbound=1 fileNameGp=../graphsdb/mcs50/rand/r005/mcs50_r005_s30.A19 fileNameGt=../graphsdb/mcs50/rand/r005/mcs50_r005_s30.B19
Reading graphs...
30 :  47
30 :  47
Initializing...
maxdom : 30
D->valSize : 900
Solving...
currentSize : 15 <-- 0.011369 s
currentSize : 16 <-- 0.011553 s
currentSize : 17 <-- 0.030914 s
currentSize : 18 <-- 0.260708 s
currentSize : 19 <-- 1.852992 s
currentSize : 20 <-- 3.653460 s
currentSize : 21 <-- 7.386992 s
currentSize : 22 <-- 10.413122 s

maxsize : 22
nodes : 5508744.000000
filtered : 103932962.000000
time : 24.052095
