Parameters: GAD=1 vflib=1 dir=0 label=0 lowerbound=1 fileNameGp=../graphsdb/mcs50/m2D/m2Dr6/mcs50_m2Dr6_s20.A66 fileNameGt=../graphsdb/mcs50/m2D/m2Dr6/mcs50_m2Dr6_s20.B66
Reading graphs...
20 :  41
20 :  40
Initializing...
maxdom : 20
D->valSize : 400
Solving...
currentSize : 9 <-- 0.003693 s
currentSize : 10 <-- 0.003720 s
currentSize : 11 <-- 0.003733 s
currentSize : 12 <-- 0.004246 s
currentSize : 13 <-- 0.063631 s
currentSize : 14 <-- 0.504485 s

maxsize : 14
nodes : 181589.000000
filtered : 2429719.000000
time : 0.605392
