Parameters: GAD=1 vflib=1 dir=0 label=0 lowerbound=1 fileNameGp=../graphsdb/mcs50/rand/r02/mcs50_r02_s30.A70 fileNameGt=../graphsdb/mcs50/rand/r02/mcs50_r02_s30.B70
Reading graphs...
30 :  158
30 :  158
Initializing...
maxdom : 30
D->valSize : 900
Solving...
currentSize : 10 <-- 0.009168 s
currentSize : 11 <-- 0.010242 s
currentSize : 12 <-- 0.012799 s
currentSize : 13 <-- 0.039089 s
currentSize : 14 <-- 1.530191 s
currentSize : 15 <-- 103.967613 s

maxsize : 15
nodes : 67159116.000000
filtered : 954356765.000000
time : 282.600708
