Parameters: GAD=1 vflib=1 dir=0 label=0 lowerbound=1 fileNameGp=../graphsdb/mcs50/m2D/m2Dr4/mcs50_m2Dr4_s30.A62 fileNameGt=../graphsdb/mcs50/m2D/m2Dr4/mcs50_m2Dr4_s30.B62
Reading graphs...
30 :  60
30 :  59
Initializing...
maxdom : 30
D->valSize : 900
Solving...
currentSize : 16 <-- 0.018744 s
currentSize : 17 <-- 0.025521 s
currentSize : 18 <-- 0.322167 s
currentSize : 19 <-- 0.457282 s
currentSize : 20 <-- 0.637983 s
currentSize : 21 <-- 15.549642 s

maxsize : 21
nodes : 7659601.000000
filtered : 200326946.000000
time : 39.504608
