Parameters: GAD=1 vflib=1 dir=0 label=0 lowerbound=1 fileNameGp=../graphsdb/mcs50/bvg/b06m/mcs50_b06m_s20.A95 fileNameGt=../graphsdb/mcs50/bvg/b06m/mcs50_b06m_s20.B95
Reading graphs...
20 :  58
20 :  56
Initializing...
maxdom : 20
D->valSize : 400
Solving...
currentSize : 8 <-- 0.003472 s
currentSize : 9 <-- 0.003541 s
currentSize : 10 <-- 0.003681 s
currentSize : 11 <-- 0.005831 s
currentSize : 12 <-- 0.018362 s
currentSize : 13 <-- 0.470351 s

maxsize : 13
nodes : 133858.000000
filtered : 2002465.000000
time : 0.576323
