Parameters: GAD=1 vflib=1 dir=0 label=0 lowerbound=1 fileNameGp=../graphsdb/mcs50/rand/r005/mcs50_r005_s25.A61 fileNameGt=../graphsdb/mcs50/rand/r005/mcs50_r005_s25.B61
Reading graphs...
25 :  35
25 :  35
Initializing...
maxdom : 25
D->valSize : 625
Solving...
currentSize : 9 <-- 0.005303 s
currentSize : 11 <-- 0.005347 s
currentSize : 12 <-- 0.006201 s
currentSize : 14 <-- 0.006211 s
currentSize : 15 <-- 0.016315 s
currentSize : 16 <-- 0.179754 s
currentSize : 17 <-- 0.206414 s
currentSize : 18 <-- 0.264621 s

maxsize : 18
nodes : 282797.000000
filtered : 4143610.000000
time : 1.022985
