Parameters: GAD=1 vflib=1 dir=0 label=0 lowerbound=1 fileNameGp=../graphsdb/mcs50/bvg/b03/mcs50_b03_s25.A23 fileNameGt=../graphsdb/mcs50/bvg/b03/mcs50_b03_s25.B23
Reading graphs...
25 :  37
25 :  37
Initializing...
maxdom : 25
D->valSize : 625
Solving...
currentSize : 10 <-- 0.005428 s
currentSize : 13 <-- 0.005510 s
currentSize : 14 <-- 0.005801 s
currentSize : 15 <-- 0.020986 s
currentSize : 16 <-- 0.033153 s
currentSize : 17 <-- 0.449283 s
currentSize : 18 <-- 0.811391 s

maxsize : 18
nodes : 1114830.000000
filtered : 17568545.000000
time : 4.339529
