Parameters: GAD=1 vflib=1 dir=0 label=0 lowerbound=1 fileNameGp=../graphsdb/mcs50/bvg/b06/mcs50_b06_s30.A34 fileNameGt=../graphsdb/mcs50/bvg/b06/mcs50_b06_s30.B34
Reading graphs...
30 :  89
30 :  86
Initializing...
maxdom : 30
D->valSize : 900
Solving...
currentSize : 13 <-- 0.017594 s
currentSize : 14 <-- 0.020204 s
currentSize : 15 <-- 0.025113 s
currentSize : 16 <-- 0.053827 s
currentSize : 17 <-- 1.173428 s
currentSize : 18 <-- 1.191742 s
currentSize : 19 <-- 6.616617 s

maxsize : 19
nodes : 7384639.000000
filtered : 199683138.000000
time : 38.067223
