Parameters: GAD=1 vflib=1 dir=0 label=0 lowerbound=1 fileNameGp=../graphsdb/mcs50/bvg/b09/mcs50_b09_s35.A90 fileNameGt=../graphsdb/mcs50/bvg/b09/mcs50_b09_s35.B90
Reading graphs...
35 :  153
35 :  154
Initializing...
maxdom : 35
D->valSize : 1225
Solving...
currentSize : 12 <-- 0.018428 s
currentSize : 14 <-- 0.018466 s
currentSize : 15 <-- 0.018702 s
currentSize : 16 <-- 0.031930 s
currentSize : 17 <-- 0.557455 s
currentSize : 18 <-- 8.527432 s
currentSize : 19 <-- 8.527813 s

maxsize : 19
nodes : 169695285.000000
filtered : 4453187366.000000
time : 944.003479
