Parameters: GAD=1 vflib=1 dir=0 label=0 lowerbound=1 fileNameGp=../graphsdb/mcs50/bvg/b09m/mcs50_b09m_s35.A89 fileNameGt=../graphsdb/mcs50/bvg/b09m/mcs50_b09m_s35.B89
Reading graphs...
35 :  147
35 :  143
Initializing...
maxdom : 35
D->valSize : 1225
Solving...
currentSize : 13 <-- 0.018005 s
currentSize : 14 <-- 0.018686 s
currentSize : 15 <-- 0.019320 s
currentSize : 16 <-- 0.046663 s
currentSize : 17 <-- 0.640434 s
currentSize : 18 <-- 26.461678 s

maxsize : 18
nodes : 617913996.000000
filtered : 13193942503.000000
time : 3101.267822
