Parameters: GAD=1 vflib=1 dir=0 label=0 lowerbound=1 fileNameGp=../graphsdb/mcs50/rand/r02/mcs50_r02_s25.A68 fileNameGt=../graphsdb/mcs50/rand/r02/mcs50_r02_s25.B68
Reading graphs...
25 :  107
25 :  108
Initializing...
maxdom : 25
D->valSize : 625
Solving...
currentSize : 9 <-- 0.004482 s
currentSize : 10 <-- 0.004504 s
currentSize : 11 <-- 0.004533 s
currentSize : 12 <-- 0.004612 s
currentSize : 13 <-- 0.218718 s
currentSize : 14 <-- 9.199311 s

maxsize : 14
nodes : 4643281.000000
filtered : 63219864.000000
time : 17.770317
