Parameters: GAD=1 vflib=1 dir=0 label=0 lowerbound=1 fileNameGp=../graphsdb/mcs50/rand/r005/mcs50_r005_s30.A18 fileNameGt=../graphsdb/mcs50/rand/r005/mcs50_r005_s30.B18
Reading graphs...
30 :  45
30 :  45
Initializing...
maxdom : 30
D->valSize : 900
Solving...
currentSize : 15 <-- 0.011267 s
currentSize : 16 <-- 0.011285 s
currentSize : 17 <-- 0.011588 s
currentSize : 18 <-- 0.029444 s
currentSize : 19 <-- 0.033615 s
currentSize : 20 <-- 0.047477 s
currentSize : 21 <-- 19.272306 s
currentSize : 22 <-- 32.797878 s

maxsize : 22
nodes : 13056313.000000
filtered : 235815631.000000
time : 58.290031
