Parameters: GAD=1 vflib=1 dir=0 label=0 lowerbound=1 fileNameGp=../graphsdb/mcs50/bvg/b06m/mcs50_b06m_s25.A27 fileNameGt=../graphsdb/mcs50/bvg/b06m/mcs50_b06m_s25.B27
Reading graphs...
25 :  73
25 :  75
Initializing...
maxdom : 25
D->valSize : 625
Solving...
currentSize : 9 <-- 0.004915 s
currentSize : 10 <-- 0.004937 s
currentSize : 11 <-- 0.006200 s
currentSize : 12 <-- 0.007059 s
currentSize : 13 <-- 0.013190 s
currentSize : 14 <-- 0.017018 s
currentSize : 15 <-- 0.542720 s

maxsize : 15
nodes : 2030901.000000
filtered : 41151210.000000
time : 8.838321
