Parameters: GAD=1 vflib=1 dir=0 label=0 lowerbound=1 fileNameGp=../graphsdb/mcs50/bvg/b06/mcs50_b06_s30.A55 fileNameGt=../graphsdb/mcs50/bvg/b06/mcs50_b06_s30.B55
Reading graphs...
30 :  87
30 :  88
Initializing...
maxdom : 30
D->valSize : 900
Solving...
currentSize : 12 <-- 0.010436 s
currentSize : 13 <-- 0.010635 s
currentSize : 14 <-- 0.010734 s
currentSize : 15 <-- 0.012907 s
currentSize : 16 <-- 0.016764 s
currentSize : 17 <-- 0.193118 s
currentSize : 18 <-- 2.167463 s
currentSize : 19 <-- 11.573253 s
currentSize : 20 <-- 27.280081 s

maxsize : 20
nodes : 7977029.000000
filtered : 212071148.000000
time : 42.414173
