Parameters: GAD=1 vflib=1 dir=0 label=0 lowerbound=1 fileNameGp=../graphsdb/mcs50/m4D/m4D/mcs50_m4D_s30.A06 fileNameGt=../graphsdb/mcs50/m4D/m4D/mcs50_m4D_s30.B06
Reading graphs...
30 :  55
30 :  55
Initializing...
maxdom : 30
D->valSize : 900
Solving...
currentSize : 8 <-- 0.010640 s
currentSize : 9 <-- 0.010724 s
currentSize : 10 <-- 0.010734 s
currentSize : 12 <-- 0.010766 s
currentSize : 13 <-- 0.010775 s
currentSize : 14 <-- 0.010801 s
currentSize : 15 <-- 0.083350 s
currentSize : 16 <-- 0.613600 s
currentSize : 17 <-- 2.163789 s
currentSize : 18 <-- 2.172921 s
currentSize : 19 <-- 2.462487 s
currentSize : 20 <-- 3.331846 s
currentSize : 21 <-- 9.132145 s

maxsize : 21
nodes : 5140416.000000
filtered : 96198096.000000
time : 22.381355
