Parameters: GAD=1 vflib=1 dir=0 label=0 lowerbound=1 fileNameGp=../graphsdb/mcs50/m2D/m2Dr2/mcs50_m2Dr2_s20.A38 fileNameGt=../graphsdb/mcs50/m2D/m2Dr2/mcs50_m2Dr2_s20.B38
Reading graphs...
20 :  35
20 :  35
Initializing...
maxdom : 20
D->valSize : 400
Solving...
currentSize : 9 <-- 0.003772 s
currentSize : 10 <-- 0.003868 s
currentSize : 11 <-- 0.004359 s
currentSize : 12 <-- 0.004801 s
currentSize : 13 <-- 0.007811 s
currentSize : 14 <-- 0.016450 s

maxsize : 14
nodes : 64395.000000
filtered : 989576.000000
time : 0.302144
