Parameters: GAD=1 vflib=1 dir=0 label=0 lowerbound=1 fileNameGp=../graphsdb/mcs50/m4D/m4D/mcs50_m4D_s35.A56 fileNameGt=../graphsdb/mcs50/m4D/m4D/mcs50_m4D_s35.B56
Reading graphs...
35 :  63
35 :  62
Initializing...
maxdom : 35
D->valSize : 1225
Solving...
currentSize : 9 <-- 0.035638 s
currentSize : 17 <-- 0.035746 s
currentSize : 18 <-- 0.035787 s
currentSize : 19 <-- 0.036648 s
currentSize : 20 <-- 0.039186 s
currentSize : 21 <-- 0.039314 s
currentSize : 22 <-- 0.052448 s
currentSize : 23 <-- 0.095472 s
currentSize : 24 <-- 6.027135 s
currentSize : 25 <-- 344.446106 s

maxsize : 25
nodes : 68419973.000000
filtered : 1638567608.000000
time : 364.913879
