Parameters: GAD=1 vflib=1 dir=0 label=0 lowerbound=1 fileNameGp=../graphsdb/mcs50/m2D/m2Dr4/mcs50_m2Dr4_s30.A10 fileNameGt=../graphsdb/mcs50/m2D/m2Dr4/mcs50_m2Dr4_s30.B10
Reading graphs...
30 :  60
30 :  60
Initializing...
maxdom : 30
D->valSize : 900
Solving...
currentSize : 13 <-- 0.011121 s
currentSize : 14 <-- 0.011191 s
currentSize : 15 <-- 0.011537 s
currentSize : 16 <-- 0.054438 s
currentSize : 17 <-- 0.063223 s
currentSize : 18 <-- 0.188239 s
currentSize : 19 <-- 0.330909 s
currentSize : 20 <-- 16.443846 s

maxsize : 20
nodes : 17818067.000000
filtered : 379767282.000000
time : 86.359879
