Parameters: GAD=1 vflib=1 dir=0 label=0 lowerbound=1 fileNameGp=../graphsdb/mcs50/bvg/b03/mcs50_b03_s30.A19 fileNameGt=../graphsdb/mcs50/bvg/b03/mcs50_b03_s30.B19
Reading graphs...
30 :  45
30 :  45
Initializing...
maxdom : 30
D->valSize : 900
Solving...
currentSize : 12 <-- 0.011417 s
currentSize : 15 <-- 0.011443 s
currentSize : 16 <-- 0.011460 s
currentSize : 17 <-- 0.015195 s
currentSize : 18 <-- 0.051691 s
currentSize : 19 <-- 0.057087 s
currentSize : 20 <-- 0.059026 s
currentSize : 21 <-- 8.338799 s

maxsize : 21
nodes : 17326100.000000
filtered : 331437311.000000
time : 79.603592
