Parameters: GAD=1 vflib=1 dir=0 label=0 lowerbound=1 fileNameGp=../graphsdb/mcs50/bvg/b06/mcs50_b06_s30.A98 fileNameGt=../graphsdb/mcs50/bvg/b06/mcs50_b06_s30.B98
Reading graphs...
30 :  88
30 :  89
Initializing...
maxdom : 30
D->valSize : 900
Solving...
currentSize : 13 <-- 0.017673 s
currentSize : 14 <-- 0.018344 s
currentSize : 15 <-- 0.019547 s
currentSize : 16 <-- 0.626744 s
currentSize : 17 <-- 1.550981 s
currentSize : 18 <-- 2.466576 s
currentSize : 19 <-- 9.042707 s
currentSize : 20 <-- 9.539967 s

maxsize : 20
nodes : 5918069.000000
filtered : 164501169.000000
time : 31.741407
