Parameters: GAD=1 vflib=1 dir=0 label=0 lowerbound=1 fileNameGp=../graphsdb/mcs50/bvg/b06m/mcs50_b06m_s35.A14 fileNameGt=../graphsdb/mcs50/bvg/b06m/mcs50_b06m_s35.B14
Reading graphs...
35 :  98
35 :  101
Initializing...
maxdom : 35
D->valSize : 1225
Solving...
currentSize : 14 <-- 0.033592 s
currentSize : 16 <-- 0.033982 s
currentSize : 17 <-- 0.034706 s
currentSize : 18 <-- 0.092197 s
currentSize : 19 <-- 1.575865 s
currentSize : 20 <-- 1.923213 s
currentSize : 21 <-- 59.938095 s

maxsize : 21
nodes : 285216744.000000
filtered : 8149742118.000000
time : 1637.177124
