Parameters: GAD=1 vflib=1 dir=0 label=0 lowerbound=1 fileNameGp=../graphsdb/mcs50/bvg/b03/mcs50_b03_s35.A81 fileNameGt=../graphsdb/mcs50/bvg/b03/mcs50_b03_s35.B81
Reading graphs...
35 :  52
35 :  52
Initializing...
maxdom : 35
D->valSize : 1225
Solving...
currentSize : 21 <-- 0.021510 s
currentSize : 22 <-- 0.021923 s
currentSize : 23 <-- 90.822678 s
currentSize : 24 <-- 102.263344 s
currentSize : 25 <-- 623.030273 s
currentSize : 26 <-- 674.233582 s

maxsize : 26
nodes : 169663275.000000
filtered : 3115166524.000000
time : 816.934937
