Parameters: GAD=1 vflib=1 dir=0 label=0 lowerbound=1 fileNameGp=../graphsdb/mcs50/m4D/m4Dr4/mcs50_m4Dr4_s30.A52 fileNameGt=../graphsdb/mcs50/m4D/m4Dr4/mcs50_m4Dr4_s30.B52
Reading graphs...
30 :  67
30 :  66
Initializing...
maxdom : 30
D->valSize : 900
Solving...
currentSize : 12 <-- 0.011457 s
currentSize : 13 <-- 0.011529 s
currentSize : 14 <-- 0.011829 s
currentSize : 15 <-- 0.011847 s
currentSize : 16 <-- 0.033728 s
currentSize : 17 <-- 0.197840 s
currentSize : 18 <-- 0.228467 s
currentSize : 19 <-- 1.890311 s
currentSize : 20 <-- 12.664321 s

maxsize : 20
nodes : 11405220.000000
filtered : 277554097.000000
time : 57.208015
