Parameters: GAD=1 vflib=1 dir=0 label=0 lowerbound=1 fileNameGp=../graphsdb/mcs50/bvg/b06m/mcs50_b06m_s30.A30 fileNameGt=../graphsdb/mcs50/bvg/b06m/mcs50_b06m_s30.B30
Reading graphs...
30 :  88
30 :  88
Initializing...
maxdom : 30
D->valSize : 900
Solving...
currentSize : 12 <-- 0.010065 s
currentSize : 13 <-- 0.010086 s
currentSize : 14 <-- 0.010137 s
currentSize : 15 <-- 0.012714 s
currentSize : 16 <-- 0.015430 s
currentSize : 17 <-- 0.017962 s
currentSize : 18 <-- 0.389223 s

maxsize : 18
nodes : 18425944.000000
filtered : 467677283.000000
time : 94.517693
