Parameters: GAD=1 vflib=1 dir=0 label=0 lowerbound=1 fileNameGp=../graphsdb/mcs50/m2D/m2Dr4/mcs50_m2Dr4_s30.A20 fileNameGt=../graphsdb/mcs50/m2D/m2Dr4/mcs50_m2Dr4_s30.B20
Reading graphs...
30 :  59
30 :  60
Initializing...
maxdom : 30
D->valSize : 900
Solving...
currentSize : 15 <-- 0.018718 s
currentSize : 16 <-- 0.093998 s
currentSize : 17 <-- 0.197096 s
currentSize : 18 <-- 0.494224 s
currentSize : 19 <-- 8.919735 s
currentSize : 20 <-- 12.488458 s

maxsize : 20
nodes : 15852567.000000
filtered : 349826562.000000
time : 76.762856
