Parameters: GAD=1 vflib=1 dir=0 label=0 lowerbound=1 fileNameGp=../graphsdb/mcs50/bvg/b03/mcs50_b03_s20.A62 fileNameGt=../graphsdb/mcs50/bvg/b03/mcs50_b03_s20.B62
Reading graphs...
20 :  30
20 :  30
Initializing...
maxdom : 20
D->valSize : 400
Solving...
currentSize : 9 <-- 0.003810 s
currentSize : 10 <-- 0.003900 s
currentSize : 11 <-- 0.004277 s
currentSize : 12 <-- 0.004773 s
currentSize : 13 <-- 0.011090 s
currentSize : 14 <-- 0.232994 s
currentSize : 15 <-- 0.382305 s

maxsize : 15
nodes : 132100.000000
filtered : 1631157.000000
time : 0.431298
