Parameters: GAD=1 vflib=1 dir=0 label=0 lowerbound=1 fileNameGp=../graphsdb/mcs50/m2D/m2Dr2/mcs50_m2Dr2_s30.A30 fileNameGt=../graphsdb/mcs50/m2D/m2Dr2/mcs50_m2Dr2_s30.B30
Reading graphs...
30 :  54
30 :  53
Initializing...
maxdom : 30
D->valSize : 900
Solving...
currentSize : 16 <-- 0.011127 s
currentSize : 17 <-- 0.014701 s
currentSize : 18 <-- 0.016755 s
currentSize : 19 <-- 0.075230 s
currentSize : 20 <-- 1.062958 s
currentSize : 21 <-- 2.026842 s

maxsize : 21
nodes : 11362458.000000
filtered : 251152405.000000
time : 55.593620
