Parameters: GAD=1 vflib=1 dir=0 label=0 lowerbound=1 fileNameGp=../graphsdb/mcs50/bvg/b09/mcs50_b09_s35.A08 fileNameGt=../graphsdb/mcs50/bvg/b09/mcs50_b09_s35.B08
Reading graphs...
35 :  156
35 :  155
Initializing...
maxdom : 35
D->valSize : 1225
Solving...
currentSize : 13 <-- 0.018010 s
currentSize : 14 <-- 0.018272 s
currentSize : 15 <-- 0.024006 s
currentSize : 16 <-- 0.339555 s
currentSize : 17 <-- 9.610760 s
currentSize : 18 <-- 26.680857 s
currentSize : 19 <-- 101.672462 s

maxsize : 19
nodes : 187041716.000000
filtered : 4838747384.000000
time : 1038.184814
