Parameters: GAD=1 vflib=1 dir=0 label=0 lowerbound=1 fileNameGp=../graphsdb/mcs50/m2D/m2D/mcs50_m2D_s30.A17 fileNameGt=../graphsdb/mcs50/m2D/m2D/mcs50_m2D_s30.B17
Reading graphs...
30 :  49
30 :  49
Initializing...
maxdom : 30
D->valSize : 900
Solving...
currentSize : 12 <-- 0.011173 s
currentSize : 13 <-- 0.011230 s
currentSize : 15 <-- 0.011664 s
currentSize : 17 <-- 0.018191 s
currentSize : 19 <-- 0.071885 s
currentSize : 20 <-- 11.455920 s
currentSize : 21 <-- 16.458160 s
currentSize : 22 <-- 53.759762 s

maxsize : 22
nodes : 13583778.000000
filtered : 241190519.000000
time : 60.421490
