Parameters: GAD=1 vflib=1 dir=0 label=0 lowerbound=1 fileNameGp=../graphsdb/mcs50/bvg/b03m/mcs50_b03m_s30.A02 fileNameGt=../graphsdb/mcs50/bvg/b03m/mcs50_b03m_s30.B02
Reading graphs...
30 :  44
30 :  44
Initializing...
maxdom : 30
D->valSize : 900
Solving...
currentSize : 9 <-- 0.019142 s
currentSize : 11 <-- 0.019202 s
currentSize : 12 <-- 0.019219 s
currentSize : 14 <-- 0.020253 s
currentSize : 16 <-- 0.026389 s
currentSize : 18 <-- 0.027907 s
currentSize : 19 <-- 1.337987 s
currentSize : 20 <-- 2.341240 s
currentSize : 21 <-- 3.093291 s
currentSize : 22 <-- 3.898908 s

maxsize : 22
nodes : 3918604.000000
filtered : 77441979.000000
time : 18.293028
