Parameters: GAD=1 vflib=1 dir=0 label=0 lowerbound=1 fileNameGp=../graphsdb/mcs50/bvg/b09/mcs50_b09_s35.A63 fileNameGt=../graphsdb/mcs50/bvg/b09/mcs50_b09_s35.B63
Reading graphs...
35 :  155
35 :  155
Initializing...
maxdom : 35
D->valSize : 1225
Solving...
currentSize : 12 <-- 0.018975 s
currentSize : 13 <-- 0.019025 s
currentSize : 14 <-- 0.019631 s
currentSize : 15 <-- 0.028736 s
currentSize : 16 <-- 0.324009 s
currentSize : 17 <-- 4.852197 s
currentSize : 18 <-- 6.998122 s
currentSize : 19 <-- 50.870556 s

maxsize : 19
nodes : 167246761.000000
filtered : 4280533604.000000
time : 917.688965
