Parameters: GAD=1 vflib=1 dir=0 label=0 lowerbound=1 fileNameGp=../graphsdb/mcs50/m2D/m2Dr4/mcs50_m2Dr4_s30.A12 fileNameGt=../graphsdb/mcs50/m2D/m2Dr4/mcs50_m2Dr4_s30.B12
Reading graphs...
30 :  60
30 :  60
Initializing...
maxdom : 30
D->valSize : 900
Solving...
currentSize : 13 <-- 0.010606 s
currentSize : 15 <-- 0.010635 s
currentSize : 16 <-- 0.010699 s
currentSize : 17 <-- 0.022541 s
currentSize : 18 <-- 0.615489 s
currentSize : 19 <-- 0.615524 s
currentSize : 20 <-- 49.507160 s

maxsize : 20
nodes : 24414011.000000
filtered : 492726114.000000
time : 115.167290
