Parameters: GAD=1 vflib=1 dir=0 label=0 lowerbound=1 fileNameGp=../graphsdb/mcs50/m2D/m2Dr2/mcs50_m2Dr2_s30.A58 fileNameGt=../graphsdb/mcs50/m2D/m2Dr2/mcs50_m2Dr2_s30.B58
Reading graphs...
30 :  55
30 :  55
Initializing...
maxdom : 30
D->valSize : 900
Solving...
currentSize : 13 <-- 0.010959 s
currentSize : 17 <-- 0.010985 s
currentSize : 18 <-- 0.011012 s
currentSize : 19 <-- 0.011172 s
currentSize : 20 <-- 0.011274 s
currentSize : 21 <-- 2.032627 s

maxsize : 21
nodes : 6290908.000000
filtered : 159248202.000000
time : 32.759865
