Parameters: GAD=1 vflib=1 dir=0 label=0 lowerbound=1 fileNameGp=../graphsdb/mcs50/bvg/b03m/mcs50_b03m_s35.A03 fileNameGt=../graphsdb/mcs50/bvg/b03m/mcs50_b03m_s35.B03
Reading graphs...
35 :  50
35 :  51
Initializing...
maxdom : 35
D->valSize : 1225
Solving...
currentSize : 18 <-- 0.020901 s
currentSize : 19 <-- 0.021617 s
currentSize : 21 <-- 0.082354 s
currentSize : 22 <-- 0.086652 s
currentSize : 23 <-- 0.086672 s
currentSize : 24 <-- 128.866409 s
currentSize : 25 <-- 655.421265 s

maxsize : 25
nodes : 210218548.000000
filtered : 3617827702.000000
time : 983.938049
