Parameters: GAD=1 vflib=1 dir=0 label=0 lowerbound=1 fileNameGp=../graphsdb/mcs50/m4D/m4Dr6/mcs50_m4Dr6_s30.A24 fileNameGt=../graphsdb/mcs50/m4D/m4Dr6/mcs50_m4Dr6_s30.B24
Reading graphs...
30 :  73
30 :  71
Initializing...
maxdom : 30
D->valSize : 900
Solving...
currentSize : 13 <-- 0.010539 s
currentSize : 14 <-- 0.010629 s
currentSize : 15 <-- 0.015414 s
currentSize : 16 <-- 0.093089 s
currentSize : 17 <-- 0.259085 s
currentSize : 18 <-- 0.499341 s
currentSize : 19 <-- 2.143160 s
currentSize : 20 <-- 19.173056 s

maxsize : 20
nodes : 8869550.000000
filtered : 224506764.000000
time : 45.658211
