Parameters: GAD=1 vflib=1 dir=0 label=0 lowerbound=1 fileNameGp=../graphsdb/mcs50/bvg/b06m/mcs50_b06m_s25.A86 fileNameGt=../graphsdb/mcs50/bvg/b06m/mcs50_b06m_s25.B86
Reading graphs...
25 :  70
25 :  72
Initializing...
maxdom : 25
D->valSize : 625
Solving...
currentSize : 7 <-- 0.008133 s
currentSize : 10 <-- 0.008183 s
currentSize : 11 <-- 0.008952 s
currentSize : 12 <-- 0.015438 s
currentSize : 13 <-- 0.018891 s
currentSize : 14 <-- 0.133745 s
currentSize : 15 <-- 0.409178 s
currentSize : 16 <-- 3.678228 s

maxsize : 16
nodes : 1012282.000000
filtered : 20345654.000000
time : 4.364770
