Parameters: GAD=1 vflib=1 dir=0 label=0 lowerbound=1 fileNameGp=../graphsdb/mcs50/bvg/b06/mcs50_b06_s30.A95 fileNameGt=../graphsdb/mcs50/bvg/b06/mcs50_b06_s30.B95
Reading graphs...
30 :  90
30 :  88
Initializing...
maxdom : 30
D->valSize : 900
Solving...
currentSize : 13 <-- 0.017232 s
currentSize : 14 <-- 0.017686 s
currentSize : 15 <-- 0.022699 s
currentSize : 16 <-- 0.030686 s
currentSize : 17 <-- 0.653422 s
currentSize : 18 <-- 0.687118 s
currentSize : 19 <-- 13.536168 s
currentSize : 20 <-- 13.837988 s

maxsize : 20
nodes : 4898264.000000
filtered : 132806278.000000
time : 25.819447
