Parameters: GAD=1 vflib=1 dir=0 label=0 lowerbound=1 fileNameGp=../graphsdb/mcs50/bvg/b03/mcs50_b03_s25.A91 fileNameGt=../graphsdb/mcs50/bvg/b03/mcs50_b03_s25.B91
Reading graphs...
25 :  37
25 :  37
Initializing...
maxdom : 25
D->valSize : 625
Solving...
currentSize : 11 <-- 0.005308 s
currentSize : 12 <-- 0.005338 s
currentSize : 14 <-- 0.008615 s
currentSize : 15 <-- 0.419165 s
currentSize : 16 <-- 0.546182 s
currentSize : 17 <-- 5.279506 s

maxsize : 17
nodes : 4301460.000000
filtered : 49953002.000000
time : 14.811667
