Parameters: GAD=1 vflib=1 dir=0 label=0 lowerbound=1 fileNameGp=../graphsdb/mcs50/bvg/b09/mcs50_b09_s30.A24 fileNameGt=../graphsdb/mcs50/bvg/b09/mcs50_b09_s30.B24
Reading graphs...
30 :  130
30 :  131
Initializing...
maxdom : 30
D->valSize : 900
Solving...
currentSize : 10 <-- 0.009743 s
currentSize : 11 <-- 0.009801 s
currentSize : 12 <-- 0.010136 s
currentSize : 13 <-- 0.013618 s
currentSize : 14 <-- 0.024241 s
currentSize : 15 <-- 0.026573 s
currentSize : 16 <-- 45.698864 s

maxsize : 16
nodes : 36037236.000000
filtered : 699319648.000000
time : 168.935715
