Parameters: GAD=1 vflib=1 dir=0 label=0 lowerbound=1 fileNameGp=../graphsdb/mcs50/m4D/m4Dr6/mcs50_m4Dr6_s30.A17 fileNameGt=../graphsdb/mcs50/m4D/m4Dr6/mcs50_m4Dr6_s30.B17
Reading graphs...
30 :  67
30 :  67
Initializing...
maxdom : 30
D->valSize : 900
Solving...
currentSize : 6 <-- 0.010818 s
currentSize : 11 <-- 0.010858 s
currentSize : 12 <-- 0.010873 s
currentSize : 14 <-- 0.011227 s
currentSize : 15 <-- 0.014660 s
currentSize : 16 <-- 0.213292 s
currentSize : 17 <-- 5.814150 s
currentSize : 18 <-- 18.030560 s
currentSize : 19 <-- 34.895191 s

maxsize : 19
nodes : 31014899.000000
filtered : 576135899.000000
time : 138.610565
