Parameters: GAD=1 vflib=1 dir=0 label=0 lowerbound=1 fileNameGp=../graphsdb/mcs50/m4D/m4Dr2/mcs50_m4Dr2_s35.A16 fileNameGt=../graphsdb/mcs50/m4D/m4Dr2/mcs50_m4Dr2_s35.B16
Reading graphs...
35 :  69
35 :  68
Initializing...
maxdom : 35
D->valSize : 1225
Solving...
currentSize : 16 <-- 0.035230 s
currentSize : 18 <-- 0.036803 s
currentSize : 19 <-- 0.068136 s
currentSize : 20 <-- 0.130717 s
currentSize : 21 <-- 0.539181 s
currentSize : 22 <-- 11.368634 s
currentSize : 23 <-- 19.412203 s
currentSize : 24 <-- 629.642456 s

maxsize : 24
nodes : 139504873.000000
filtered : 3336052450.000000
time : 763.523865
