Parameters: GAD=1 vflib=1 dir=0 label=0 lowerbound=1 fileNameGp=../graphsdb/mcs50/bvg/b06m/mcs50_b06m_s20.A89 fileNameGt=../graphsdb/mcs50/bvg/b06m/mcs50_b06m_s20.B89
Reading graphs...
20 :  57
20 :  59
Initializing...
maxdom : 20
D->valSize : 400
Solving...
currentSize : 7 <-- 0.002186 s
currentSize : 8 <-- 0.002211 s
currentSize : 9 <-- 0.002247 s
currentSize : 10 <-- 0.002505 s
currentSize : 11 <-- 0.003859 s
currentSize : 12 <-- 0.006803 s

maxsize : 12
nodes : 177891.000000
filtered : 2630405.000000
time : 0.634906
