Parameters: GAD=1 vflib=1 dir=0 label=0 lowerbound=1 fileNameGp=../graphsdb/mcs50/m4D/m4Dr6/mcs50_m4Dr6_s30.A43 fileNameGt=../graphsdb/mcs50/m4D/m4Dr6/mcs50_m4Dr6_s30.B43
Reading graphs...
30 :  70
30 :  69
Initializing...
maxdom : 30
D->valSize : 900
Solving...
currentSize : 15 <-- 0.010599 s
currentSize : 16 <-- 0.011925 s
currentSize : 17 <-- 0.569167 s
currentSize : 18 <-- 1.374395 s
currentSize : 19 <-- 11.052644 s
currentSize : 20 <-- 93.894333 s

maxsize : 20
nodes : 22081165.000000
filtered : 482006822.000000
time : 105.638542
