Parameters: GAD=1 vflib=1 dir=0 label=0 lowerbound=1 fileNameGp=../graphsdb/mcs50/rand/r02/mcs50_r02_s30.A22 fileNameGt=../graphsdb/mcs50/rand/r02/mcs50_r02_s30.B22
Reading graphs...
30 :  159
30 :  158
Initializing...
maxdom : 30
D->valSize : 900
Solving...
currentSize : 10 <-- 0.009273 s
currentSize : 11 <-- 0.009318 s
currentSize : 12 <-- 0.011798 s
currentSize : 13 <-- 0.011849 s
currentSize : 14 <-- 1.674704 s
currentSize : 15 <-- 136.343353 s

maxsize : 15
nodes : 75914452.000000
filtered : 1066148583.000000
time : 318.903107
