Parameters: GAD=1 vflib=1 dir=0 label=0 lowerbound=1 fileNameGp=../graphsdb/mcs50/bvg/b09m/mcs50_b09m_s25.A03 fileNameGt=../graphsdb/mcs50/bvg/b09m/mcs50_b09m_s25.B03
Reading graphs...
25 :  102
25 :  102
Initializing...
maxdom : 25
D->valSize : 625
Solving...
currentSize : 8 <-- 0.007747 s
currentSize : 9 <-- 0.007826 s
currentSize : 10 <-- 0.007991 s
currentSize : 11 <-- 0.008246 s
currentSize : 12 <-- 0.008368 s
currentSize : 13 <-- 0.011712 s
currentSize : 14 <-- 0.106583 s

maxsize : 14
nodes : 2182477.000000
filtered : 35158362.000000
time : 9.082892
