Parameters: GAD=1 vflib=1 dir=0 label=0 lowerbound=1 fileNameGp=../graphsdb/mcs50/m4D/m4D/mcs50_m4D_s35.A45 fileNameGt=../graphsdb/mcs50/m4D/m4D/mcs50_m4D_s35.B45
Reading graphs...
35 :  63
35 :  62
Initializing...
maxdom : 35
D->valSize : 1225
Solving...
currentSize : 17 <-- 0.021543 s
currentSize : 19 <-- 0.021811 s
currentSize : 21 <-- 0.027627 s
currentSize : 22 <-- 0.921138 s
currentSize : 23 <-- 0.931941 s
currentSize : 24 <-- 0.936879 s
currentSize : 25 <-- 17.564753 s

maxsize : 25
nodes : 22488409.000000
filtered : 612543707.000000
time : 131.712814
