Parameters: GAD=1 vflib=1 dir=0 label=0 lowerbound=1 fileNameGp=../graphsdb/mcs50/bvg/b06m/mcs50_b06m_s35.A42 fileNameGt=../graphsdb/mcs50/bvg/b06m/mcs50_b06m_s35.B42
Reading graphs...
35 :  100
35 :  98
Initializing...
maxdom : 35
D->valSize : 1225
Solving...
currentSize : 14 <-- 0.033753 s
currentSize : 15 <-- 0.033817 s
currentSize : 16 <-- 0.037871 s
currentSize : 17 <-- 0.047721 s
currentSize : 18 <-- 0.294518 s
currentSize : 19 <-- 0.672420 s
currentSize : 20 <-- 3.587412 s
currentSize : 21 <-- 47.074791 s
currentSize : 22 <-- 319.599640 s

maxsize : 22
nodes : 128017402.000000
filtered : 3809666783.000000
time : 748.028015
