Parameters: GAD=1 vflib=1 dir=0 label=0 lowerbound=1 fileNameGp=../graphsdb/mcs50/m4D/m4Dr6/mcs50_m4Dr6_s30.A18 fileNameGt=../graphsdb/mcs50/m4D/m4Dr6/mcs50_m4Dr6_s30.B18
Reading graphs...
30 :  72
30 :  69
Initializing...
maxdom : 30
D->valSize : 900
Solving...
currentSize : 11 <-- 0.010712 s
currentSize : 12 <-- 0.010757 s
currentSize : 14 <-- 0.011014 s
currentSize : 15 <-- 0.011760 s
currentSize : 16 <-- 0.017215 s
currentSize : 17 <-- 0.270986 s
currentSize : 18 <-- 1.282229 s
currentSize : 19 <-- 38.524696 s

maxsize : 19
nodes : 27667952.000000
filtered : 589743097.000000
time : 131.473053
