Parameters: GAD=1 vflib=1 dir=0 label=0 lowerbound=1 fileNameGp=../graphsdb/mcs50/m2D/m2Dr6/mcs50_m2Dr6_s30.A44 fileNameGt=../graphsdb/mcs50/m2D/m2Dr6/mcs50_m2Dr6_s30.B44
Reading graphs...
30 :  67
30 :  67
Initializing...
maxdom : 30
D->valSize : 900
Solving...
currentSize : 12 <-- 0.018292 s
currentSize : 13 <-- 0.018383 s
currentSize : 14 <-- 0.019087 s
currentSize : 15 <-- 0.019600 s
currentSize : 16 <-- 0.072829 s
currentSize : 17 <-- 0.089790 s
currentSize : 18 <-- 2.535424 s
currentSize : 19 <-- 12.990165 s
currentSize : 20 <-- 28.145617 s

maxsize : 20
nodes : 16862519.000000
filtered : 382439003.000000
time : 81.813354
