Parameters: GAD=1 vflib=1 dir=0 label=0 lowerbound=1 fileNameGp=../graphsdb/mcs50/rand/r02/mcs50_r02_s20.A56 fileNameGt=../graphsdb/mcs50/rand/r02/mcs50_r02_s20.B56
Reading graphs...
20 :  68
20 :  70
Initializing...
maxdom : 20
D->valSize : 400
Solving...
currentSize : 7 <-- 0.002118 s
currentSize : 8 <-- 0.002169 s
currentSize : 9 <-- 0.002188 s
currentSize : 10 <-- 0.002346 s
currentSize : 11 <-- 0.004558 s
currentSize : 12 <-- 0.794535 s

maxsize : 12
nodes : 313004.000000
filtered : 3611739.000000
time : 1.016657
