Parameters: GAD=1 vflib=1 dir=0 label=0 lowerbound=1 fileNameGp=../graphsdb/mcs50/bvg/b03m/mcs50_b03m_s35.A21 fileNameGt=../graphsdb/mcs50/bvg/b03m/mcs50_b03m_s35.B21
Reading graphs...
35 :  51
35 :  51
Initializing...
maxdom : 35
D->valSize : 1225
Solving...
currentSize : 12 <-- 0.021306 s
currentSize : 13 <-- 0.021559 s
currentSize : 15 <-- 0.021605 s
currentSize : 16 <-- 0.025356 s
currentSize : 19 <-- 0.029454 s
currentSize : 20 <-- 0.065168 s
currentSize : 21 <-- 4.061363 s
currentSize : 22 <-- 16.336306 s
currentSize : 23 <-- 33.526379 s
currentSize : 24 <-- 160.737427 s
currentSize : 25 <-- 664.668518 s

maxsize : 25
nodes : 225353052.000000
filtered : 4018055265.000000
time : 1109.288818
