Parameters: GAD=1 vflib=1 dir=0 label=0 lowerbound=1 fileNameGp=../graphsdb/mcs50/bvg/b06m/mcs50_b06m_s35.A01 fileNameGt=../graphsdb/mcs50/bvg/b06m/mcs50_b06m_s35.B01
Reading graphs...
35 :  98
35 :  101
Initializing...
maxdom : 35
D->valSize : 1225
Solving...
currentSize : 14 <-- 0.019114 s
currentSize : 15 <-- 0.019214 s
currentSize : 16 <-- 0.020005 s
currentSize : 17 <-- 0.021596 s
currentSize : 18 <-- 1.106062 s
currentSize : 19 <-- 7.172185 s
currentSize : 20 <-- 11.302362 s
currentSize : 21 <-- 119.089958 s

maxsize : 21
nodes : 280746698.000000
filtered : 7604797756.000000
time : 1602.581909
