Parameters: GAD=1 vflib=1 dir=0 label=0 lowerbound=1 fileNameGp=../graphsdb/mcs50/bvg/b03m/mcs50_b03m_s25.A62 fileNameGt=../graphsdb/mcs50/bvg/b03m/mcs50_b03m_s25.B62
Reading graphs...
25 :  37
25 :  37
Initializing...
maxdom : 25
D->valSize : 625
Solving...
currentSize : 10 <-- 0.005302 s
currentSize : 11 <-- 0.005316 s
currentSize : 12 <-- 0.005544 s
currentSize : 13 <-- 0.048907 s
currentSize : 14 <-- 0.066809 s
currentSize : 15 <-- 0.071848 s
currentSize : 16 <-- 0.095893 s
currentSize : 17 <-- 0.341210 s
currentSize : 18 <-- 1.195682 s
currentSize : 19 <-- 1.720934 s

maxsize : 19
nodes : 585172.000000
filtered : 7210091.000000
time : 2.044575
