Parameters: GAD=1 vflib=1 dir=0 label=0 lowerbound=1 fileNameGp=../graphsdb/mcs50/bvg/b09/mcs50_b09_s35.A72 fileNameGt=../graphsdb/mcs50/bvg/b09/mcs50_b09_s35.B72
Reading graphs...
35 :  151
35 :  152
Initializing...
maxdom : 35
D->valSize : 1225
Solving...
currentSize : 12 <-- 0.031260 s
currentSize : 13 <-- 0.031324 s
currentSize : 14 <-- 0.036013 s
currentSize : 15 <-- 0.087147 s
currentSize : 16 <-- 0.097125 s
currentSize : 17 <-- 0.377037 s
currentSize : 18 <-- 0.377093 s
currentSize : 19 <-- 103.455658 s

maxsize : 19
nodes : 146599272.000000
filtered : 3718770779.000000
time : 805.675659
