Parameters: GAD=1 vflib=1 dir=0 label=0 lowerbound=1 fileNameGp=../graphsdb/mcs50/rand/r01/mcs50_r01_s25.A23 fileNameGt=../graphsdb/mcs50/rand/r01/mcs50_r01_s25.B23
Reading graphs...
25 :  59
25 :  58
Initializing...
maxdom : 25
D->valSize : 625
Solving...
currentSize : 11 <-- 0.005000 s
currentSize : 12 <-- 0.005016 s
currentSize : 13 <-- 0.008764 s
currentSize : 14 <-- 0.094784 s
currentSize : 15 <-- 0.102419 s
currentSize : 16 <-- 3.350742 s

maxsize : 16
nodes : 2319417.000000
filtered : 42872653.000000
time : 9.633798
