Parameters: GAD=1 vflib=1 dir=0 label=0 lowerbound=1 fileNameGp=../graphsdb/mcs50/rand/r01/mcs50_r01_s30.A27 fileNameGt=../graphsdb/mcs50/rand/r01/mcs50_r01_s30.B27
Reading graphs...
30 :  81
30 :  82
Initializing...
maxdom : 30
D->valSize : 900
Solving...
currentSize : 12 <-- 0.010322 s
currentSize : 13 <-- 0.010345 s
currentSize : 14 <-- 0.010816 s
currentSize : 15 <-- 0.011456 s
currentSize : 16 <-- 0.024251 s
currentSize : 17 <-- 0.176641 s
currentSize : 18 <-- 2.977448 s

maxsize : 18
nodes : 48342939.000000
filtered : 1021710734.000000
time : 231.071716
