Parameters: GAD=1 vflib=1 dir=0 label=0 lowerbound=1 fileNameGp=../graphsdb/mcs50/bvg/b09m/mcs50_b09m_s30.A71 fileNameGt=../graphsdb/mcs50/bvg/b09m/mcs50_b09m_s30.B71
Reading graphs...
30 :  126
30 :  126
Initializing...
maxdom : 30
D->valSize : 900
Solving...
currentSize : 11 <-- 0.016474 s
currentSize : 12 <-- 0.017099 s
currentSize : 13 <-- 0.018828 s
currentSize : 14 <-- 0.020090 s
currentSize : 15 <-- 0.526512 s
currentSize : 16 <-- 14.492449 s

maxsize : 16
nodes : 29327539.000000
filtered : 594459634.000000
time : 138.203568
