Parameters: GAD=1 vflib=1 dir=0 label=0 lowerbound=1 fileNameGp=../graphsdb/mcs50/bvg/b09/mcs50_b09_s35.A56 fileNameGt=../graphsdb/mcs50/bvg/b09/mcs50_b09_s35.B56
Reading graphs...
35 :  151
35 :  152
Initializing...
maxdom : 35
D->valSize : 1225
Solving...
currentSize : 14 <-- 0.030906 s
currentSize : 15 <-- 0.031186 s
currentSize : 16 <-- 0.033256 s
currentSize : 17 <-- 0.282879 s
currentSize : 18 <-- 0.363624 s
currentSize : 19 <-- 3.765592 s

maxsize : 19
nodes : 207496008.000000
filtered : 5585508391.000000
time : 1176.944824
