Parameters: GAD=1 vflib=1 dir=0 label=0 lowerbound=1 fileNameGp=../graphsdb/mcs50/bvg/b03/mcs50_b03_s35.A65 fileNameGt=../graphsdb/mcs50/bvg/b03/mcs50_b03_s35.B65
Reading graphs...
35 :  52
35 :  52
Initializing...
maxdom : 35
D->valSize : 1225
Solving...
currentSize : 17 <-- 0.036508 s
currentSize : 18 <-- 0.036553 s
currentSize : 21 <-- 0.036874 s
currentSize : 22 <-- 0.955469 s
currentSize : 23 <-- 0.975543 s
currentSize : 24 <-- 3.909894 s
currentSize : 25 <-- 8.697367 s
currentSize : 26 <-- 68.869774 s

maxsize : 26
nodes : 39157649.000000
filtered : 975460287.000000
time : 224.610962
