Parameters: GAD=1 vflib=1 dir=0 label=0 lowerbound=1 fileNameGp=../graphsdb/mcs50/m4D/m4Dr6/mcs50_m4Dr6_s30.A63 fileNameGt=../graphsdb/mcs50/m4D/m4Dr6/mcs50_m4Dr6_s30.B63
Reading graphs...
30 :  68
30 :  69
Initializing...
maxdom : 30
D->valSize : 900
Solving...
currentSize : 14 <-- 0.010667 s
currentSize : 15 <-- 0.011040 s
currentSize : 16 <-- 0.025542 s
currentSize : 17 <-- 0.027237 s
currentSize : 18 <-- 0.070807 s
currentSize : 19 <-- 2.114317 s
currentSize : 20 <-- 49.107094 s
currentSize : 21 <-- 71.780693 s

maxsize : 21
nodes : 15342118.000000
filtered : 353647458.000000
time : 75.322090
