Parameters: GAD=1 vflib=1 dir=0 label=0 lowerbound=1 fileNameGp=../graphsdb/mcs50/bvg/b09m/mcs50_b09m_s25.A94 fileNameGt=../graphsdb/mcs50/bvg/b09m/mcs50_b09m_s25.B94
Reading graphs...
25 :  103
25 :  101
Initializing...
maxdom : 25
D->valSize : 625
Solving...
currentSize : 9 <-- 0.007789 s
currentSize : 10 <-- 0.007847 s
currentSize : 11 <-- 0.007916 s
currentSize : 12 <-- 0.025158 s
currentSize : 13 <-- 0.066332 s
currentSize : 14 <-- 0.609898 s

maxsize : 14
nodes : 2474260.000000
filtered : 39987791.000000
time : 10.051878
