Parameters: GAD=1 vflib=1 dir=0 label=0 lowerbound=1 fileNameGp=../graphsdb/mcs50/rand/r02/mcs50_r02_s25.A10 fileNameGt=../graphsdb/mcs50/rand/r02/mcs50_r02_s25.B10
Reading graphs...
25 :  104
25 :  101
Initializing...
maxdom : 25
D->valSize : 625
Solving...
currentSize : 9 <-- 0.007725 s
currentSize : 10 <-- 0.007878 s
currentSize : 11 <-- 0.013096 s
currentSize : 12 <-- 0.085088 s
currentSize : 13 <-- 1.422133 s
currentSize : 14 <-- 13.816682 s

maxsize : 14
nodes : 4647070.000000
filtered : 65885795.000000
time : 18.532370
