Parameters: GAD=1 vflib=1 dir=0 label=0 lowerbound=1 fileNameGp=../graphsdb/mcs50/m4D/m4Dr4/mcs50_m4Dr4_s30.A88 fileNameGt=../graphsdb/mcs50/m4D/m4Dr4/mcs50_m4Dr4_s30.B88
Reading graphs...
30 :  66
30 :  65
Initializing...
maxdom : 30
D->valSize : 900
Solving...
currentSize : 12 <-- 0.010795 s
currentSize : 14 <-- 0.010863 s
currentSize : 15 <-- 0.113963 s
currentSize : 16 <-- 0.271822 s
currentSize : 17 <-- 0.428471 s
currentSize : 18 <-- 0.982719 s
currentSize : 19 <-- 3.502287 s
currentSize : 20 <-- 33.112488 s

maxsize : 20
nodes : 12740675.000000
filtered : 280943696.000000
time : 61.252110
