Parameters: GAD=1 vflib=1 dir=0 label=0 lowerbound=1 fileNameGp=../graphsdb/mcs50/bvg/b09/mcs50_b09_s20.A50 fileNameGt=../graphsdb/mcs50/bvg/b09/mcs50_b09_s20.B50
Reading graphs...
20 :  87
20 :  89
Initializing...
maxdom : 20
D->valSize : 400
Solving...
currentSize : 6 <-- 0.003758 s
currentSize : 7 <-- 0.003789 s
currentSize : 8 <-- 0.003878 s
currentSize : 9 <-- 0.004162 s
currentSize : 10 <-- 0.008844 s
currentSize : 11 <-- 0.008864 s
currentSize : 12 <-- 0.008953 s
currentSize : 13 <-- 0.011913 s

maxsize : 13
nodes : 53787.000000
filtered : 1071289.000000
time : 0.221949
