Parameters: GAD=1 vflib=1 dir=0 label=0 lowerbound=1 fileNameGp=../graphsdb/mcs50/bvg/b03m/mcs50_b03m_s35.A15 fileNameGt=../graphsdb/mcs50/bvg/b03m/mcs50_b03m_s35.B15
Reading graphs...
35 :  51
35 :  51
Initializing...
maxdom : 35
D->valSize : 1225
Solving...
currentSize : 10 <-- 0.021199 s
currentSize : 11 <-- 0.021225 s
currentSize : 17 <-- 0.021271 s
currentSize : 18 <-- 0.023147 s
currentSize : 19 <-- 0.023952 s
currentSize : 20 <-- 0.408646 s
currentSize : 21 <-- 6.987315 s
currentSize : 22 <-- 27.194065 s
currentSize : 23 <-- 74.295441 s
currentSize : 24 <-- 100.634758 s
currentSize : 25 <-- 1825.887329 s

maxsize : 25
nodes : 460318502.000000
filtered : 8356101901.000000
time : 2243.009277
