Parameters: GAD=1 vflib=1 dir=0 label=0 lowerbound=1 fileNameGp=../graphsdb/mcs50/bvg/b09/mcs50_b09_s20.A02 fileNameGt=../graphsdb/mcs50/bvg/b09/mcs50_b09_s20.B02
Reading graphs...
20 :  84
20 :  84
Initializing...
maxdom : 20
D->valSize : 400
Solving...
currentSize : 8 <-- 0.002006 s
currentSize : 10 <-- 0.002091 s
currentSize : 11 <-- 0.002110 s
currentSize : 12 <-- 0.002848 s
currentSize : 13 <-- 0.007718 s
currentSize : 14 <-- 0.018681 s

maxsize : 14
nodes : 50620.000000
filtered : 925023.000000
time : 0.187334
