Parameters: GAD=1 vflib=1 dir=0 label=0 lowerbound=1 fileNameGp=../graphsdb/mcs50/rand/r005/mcs50_r005_s20.A25 fileNameGt=../graphsdb/mcs50/rand/r005/mcs50_r005_s20.B25
Reading graphs...
20 :  24
20 :  23
Initializing...
maxdom : 20
D->valSize : 400
Solving...
currentSize : 3 <-- 0.003915 s
currentSize : 7 <-- 0.003995 s
currentSize : 11 <-- 0.004027 s
currentSize : 12 <-- 0.004270 s
currentSize : 14 <-- 0.004605 s
currentSize : 15 <-- 0.009375 s

maxsize : 15
nodes : 38373.000000
filtered : 499844.000000
time : 0.149031
