Parameters: GAD=1 vflib=1 dir=0 label=0 lowerbound=1 fileNameGp=../graphsdb/mcs50/bvg/b06m/mcs50_b06m_s20.A87 fileNameGt=../graphsdb/mcs50/bvg/b06m/mcs50_b06m_s20.B87
Reading graphs...
20 :  57
20 :  57
Initializing...
maxdom : 20
D->valSize : 400
Solving...
currentSize : 8 <-- 0.002069 s
currentSize : 9 <-- 0.002123 s
currentSize : 10 <-- 0.002324 s
currentSize : 11 <-- 0.002943 s
currentSize : 12 <-- 0.006273 s
currentSize : 13 <-- 0.013693 s

maxsize : 13
nodes : 89245.000000
filtered : 1728604.000000
time : 0.345177
