Parameters: GAD=1 vflib=1 dir=0 label=0 lowerbound=1 fileNameGp=../graphsdb/mcs50/bvg/b06m/mcs50_b06m_s25.A96 fileNameGt=../graphsdb/mcs50/bvg/b06m/mcs50_b06m_s25.B96
Reading graphs...
25 :  74
25 :  71
Initializing...
maxdom : 25
D->valSize : 625
Solving...
currentSize : 10 <-- 0.004787 s
currentSize : 11 <-- 0.004809 s
currentSize : 12 <-- 0.006139 s
currentSize : 13 <-- 0.008011 s
currentSize : 14 <-- 0.037770 s
currentSize : 15 <-- 0.635816 s

maxsize : 15
nodes : 2619348.000000
filtered : 44595814.000000
time : 10.688266
