Parameters: GAD=1 vflib=1 dir=0 label=0 lowerbound=1 fileNameGp=../graphsdb/mcs50/m3D/m3Dr4/mcs50_m3Dr4_s20.A09 fileNameGt=../graphsdb/mcs50/m3D/m3Dr4/mcs50_m3Dr4_s20.B09
Reading graphs...
20 :  42
20 :  42
Initializing...
maxdom : 20
D->valSize : 400
Solving...
currentSize : 8 <-- 0.002142 s
currentSize : 9 <-- 0.002158 s
currentSize : 10 <-- 0.002539 s
currentSize : 11 <-- 0.006021 s
currentSize : 12 <-- 0.011668 s
currentSize : 13 <-- 0.032887 s

maxsize : 13
nodes : 164656.000000
filtered : 2364134.000000
time : 0.582274
