Parameters: GAD=1 vflib=1 dir=0 label=0 lowerbound=1 fileNameGp=../graphsdb/mcs50/bvg/b09/mcs50_b09_s35.A59 fileNameGt=../graphsdb/mcs50/bvg/b09/mcs50_b09_s35.B59
Reading graphs...
35 :  155
35 :  152
Initializing...
maxdom : 35
D->valSize : 1225
Solving...
currentSize : 12 <-- 0.030954 s
currentSize : 13 <-- 0.032425 s
currentSize : 14 <-- 0.035275 s
currentSize : 15 <-- 0.058789 s
currentSize : 16 <-- 0.066358 s
currentSize : 17 <-- 2.234091 s
currentSize : 18 <-- 2.238052 s
currentSize : 19 <-- 56.535130 s

maxsize : 19
nodes : 166984255.000000
filtered : 4624303159.000000
time : 946.292114
