Parameters: GAD=1 vflib=1 dir=0 label=0 lowerbound=1 fileNameGp=../graphsdb/mcs50/rand/r01/mcs50_r01_s30.A87 fileNameGt=../graphsdb/mcs50/rand/r01/mcs50_r01_s30.B87
Reading graphs...
30 :  84
30 :  81
Initializing...
maxdom : 30
D->valSize : 900
Solving...
currentSize : 14 <-- 0.010382 s
currentSize : 15 <-- 0.012516 s
currentSize : 16 <-- 0.049658 s
currentSize : 17 <-- 0.517384 s
currentSize : 18 <-- 0.940459 s
currentSize : 19 <-- 40.565365 s

maxsize : 19
nodes : 23018366.000000
filtered : 550474289.000000
time : 112.951271
