Parameters: GAD=1 vflib=1 dir=0 label=0 lowerbound=1 fileNameGp=../graphsdb/mcs50/bvg/b09m/mcs50_b09m_s30.A67 fileNameGt=../graphsdb/mcs50/bvg/b09m/mcs50_b09m_s30.B67
Reading graphs...
30 :  126
30 :  130
Initializing...
maxdom : 30
D->valSize : 900
Solving...
currentSize : 11 <-- 0.009616 s
currentSize : 12 <-- 0.009769 s
currentSize : 13 <-- 0.011918 s
currentSize : 14 <-- 0.043587 s
currentSize : 15 <-- 0.286158 s
currentSize : 16 <-- 83.098473 s

maxsize : 16
nodes : 44395016.000000
filtered : 815800286.000000
time : 200.639267
