Parameters: GAD=1 vflib=1 dir=0 label=0 lowerbound=1 fileNameGp=../graphsdb/mcs50/rand/r01/mcs50_r01_s35.A15 fileNameGt=../graphsdb/mcs50/rand/r01/mcs50_r01_s35.B15
Reading graphs...
35 :  116
35 :  116
Initializing...
maxdom : 35
D->valSize : 1225
Solving...
currentSize : 11 <-- 0.019223 s
currentSize : 12 <-- 0.019245 s
currentSize : 13 <-- 0.019254 s
currentSize : 14 <-- 0.019305 s
currentSize : 15 <-- 0.030360 s
currentSize : 16 <-- 0.054573 s
currentSize : 17 <-- 0.127606 s
currentSize : 18 <-- 1.941649 s
currentSize : 19 <-- 2.281943 s
currentSize : 20 <-- 153.913025 s

maxsize : 20
nodes : 612468561.000000
filtered : 15996182794.000000
time : 3371.239014
