Parameters: GAD=1 vflib=1 dir=0 label=0 lowerbound=1 fileNameGp=../graphsdb/mcs50/bvg/b06m/mcs50_b06m_s25.A68 fileNameGt=../graphsdb/mcs50/bvg/b06m/mcs50_b06m_s25.B68
Reading graphs...
25 :  74
25 :  72
Initializing...
maxdom : 25
D->valSize : 625
Solving...
currentSize : 10 <-- 0.008188 s
currentSize : 11 <-- 0.008287 s
currentSize : 12 <-- 0.008671 s
currentSize : 13 <-- 0.020649 s
currentSize : 14 <-- 0.096731 s
currentSize : 15 <-- 0.676855 s

maxsize : 15
nodes : 1800020.000000
filtered : 33282655.000000
time : 7.519480
