Parameters: GAD=1 vflib=1 dir=0 label=0 lowerbound=1 fileNameGp=../graphsdb/mcs50/bvg/b06m/mcs50_b06m_s35.A30 fileNameGt=../graphsdb/mcs50/bvg/b06m/mcs50_b06m_s35.B30
Reading graphs...
35 :  101
35 :  102
Initializing...
maxdom : 35
D->valSize : 1225
Solving...
currentSize : 13 <-- 0.024530 s
currentSize : 14 <-- 0.024819 s
currentSize : 15 <-- 0.026646 s
currentSize : 16 <-- 0.026672 s
currentSize : 17 <-- 0.359776 s
currentSize : 18 <-- 4.547966 s
currentSize : 19 <-- 12.280804 s
currentSize : 20 <-- 52.165668 s
currentSize : 21 <-- 934.414856 s

maxsize : 21
nodes : 360167317.000000
filtered : 8735271328.000000
time : 1925.766235
