Parameters: GAD=1 vflib=1 dir=0 label=0 lowerbound=1 fileNameGp=../graphsdb/mcs50/m4D/m4Dr4/mcs50_m4Dr4_s35.A12 fileNameGt=../graphsdb/mcs50/m4D/m4Dr4/mcs50_m4Dr4_s35.B12
Reading graphs...
35 :  76
35 :  75
Initializing...
maxdom : 35
D->valSize : 1225
Solving...
currentSize : 15 <-- 0.034903 s
currentSize : 16 <-- 0.036634 s
currentSize : 17 <-- 0.066589 s
currentSize : 18 <-- 0.140519 s
currentSize : 19 <-- 0.394265 s
currentSize : 20 <-- 14.029204 s
currentSize : 21 <-- 24.456240 s
currentSize : 22 <-- 76.229034 s
currentSize : 23 <-- 662.199890 s

maxsize : 23
nodes : 202630812.000000
filtered : 4916723302.000000
time : 1096.498291
