Parameters: GAD=1 vflib=1 dir=0 label=0 lowerbound=1 fileNameGp=../graphsdb/mcs50/m4D/m4Dr6/mcs50_m4Dr6_s35.A98 fileNameGt=../graphsdb/mcs50/m4D/m4Dr6/mcs50_m4Dr6_s35.B98
Reading graphs...
35 :  83
35 :  84
Initializing...
maxdom : 35
D->valSize : 1225
Solving...
currentSize : 14 <-- 0.019835 s
currentSize : 15 <-- 0.022323 s
currentSize : 16 <-- 0.022367 s
currentSize : 17 <-- 0.022619 s
currentSize : 18 <-- 0.022651 s
currentSize : 19 <-- 0.121006 s
currentSize : 20 <-- 0.121087 s
currentSize : 21 <-- 3.349544 s
currentSize : 22 <-- 32.374981 s
currentSize : 23 <-- 511.963531 s

maxsize : 23
nodes : 143393449.000000
filtered : 4071358825.000000
time : 827.083923
