Parameters: GAD=1 vflib=1 dir=0 label=0 lowerbound=1 fileNameGp=../graphsdb/mcs50/m4D/m4Dr6/mcs50_m4Dr6_s30.A66 fileNameGt=../graphsdb/mcs50/m4D/m4Dr6/mcs50_m4Dr6_s30.B66
Reading graphs...
30 :  71
30 :  71
Initializing...
maxdom : 30
D->valSize : 900
Solving...
currentSize : 14 <-- 0.015617 s
currentSize : 15 <-- 0.015661 s
currentSize : 16 <-- 0.015744 s
currentSize : 17 <-- 0.722983 s
currentSize : 18 <-- 0.815545 s
currentSize : 19 <-- 3.937898 s

maxsize : 19
nodes : 22555891.000000
filtered : 498877844.000000
time : 107.613319
