Parameters: GAD=1 vflib=1 dir=0 label=0 lowerbound=1 fileNameGp=../graphsdb/mcs50/bvg/b06/mcs50_b06_s20.A19 fileNameGt=../graphsdb/mcs50/bvg/b06/mcs50_b06_s20.B19
Reading graphs...
20 :  59
20 :  60
Initializing...
maxdom : 20
D->valSize : 400
Solving...
currentSize : 8 <-- 0.003417 s
currentSize : 9 <-- 0.003721 s
currentSize : 10 <-- 0.003919 s
currentSize : 11 <-- 0.005264 s
currentSize : 12 <-- 0.082116 s
currentSize : 13 <-- 0.088056 s

maxsize : 13
nodes : 86676.000000
filtered : 1328464.000000
time : 0.338904
