Parameters: GAD=1 vflib=1 dir=0 label=0 lowerbound=1 fileNameGp=../graphsdb/mcs50/bvg/b06/mcs50_b06_s25.A76 fileNameGt=../graphsdb/mcs50/bvg/b06/mcs50_b06_s25.B76
Reading graphs...
25 :  72
25 :  73
Initializing...
maxdom : 25
D->valSize : 625
Solving...
currentSize : 10 <-- 0.004742 s
currentSize : 11 <-- 0.004821 s
currentSize : 12 <-- 0.005558 s
currentSize : 13 <-- 0.012820 s
currentSize : 14 <-- 0.012883 s
currentSize : 15 <-- 0.012979 s
currentSize : 16 <-- 0.172074 s

maxsize : 16
nodes : 736117.000000
filtered : 16371703.000000
time : 3.324598
