Parameters: GAD=1 vflib=1 dir=0 label=0 lowerbound=1 fileNameGp=../graphsdb/mcs50/m4D/m4Dr6/mcs50_m4Dr6_s30.A84 fileNameGt=../graphsdb/mcs50/m4D/m4Dr6/mcs50_m4Dr6_s30.B84
Reading graphs...
30 :  70
30 :  70
Initializing...
maxdom : 30
D->valSize : 900
Solving...
currentSize : 15 <-- 0.018212 s
currentSize : 16 <-- 0.024466 s
currentSize : 17 <-- 0.058561 s
currentSize : 18 <-- 0.111980 s
currentSize : 19 <-- 0.277535 s
currentSize : 20 <-- 1.561113 s

maxsize : 20
nodes : 6765656.000000
filtered : 195500811.000000
time : 36.344097
