Parameters: GAD=1 vflib=1 dir=0 label=0 lowerbound=1 fileNameGp=../graphsdb/mcs50/rand/r005/mcs50_r005_s30.A08 fileNameGt=../graphsdb/mcs50/rand/r005/mcs50_r005_s30.B08
Reading graphs...
30 :  46
30 :  46
Initializing...
maxdom : 30
D->valSize : 900
Solving...
currentSize : 17 <-- 0.019522 s
currentSize : 18 <-- 0.019617 s
currentSize : 19 <-- 0.019905 s
currentSize : 20 <-- 0.080267 s
currentSize : 21 <-- 0.362316 s
currentSize : 22 <-- 8.440769 s

maxsize : 22
nodes : 4384211.000000
filtered : 82443937.000000
time : 19.522053
