Parameters: GAD=1 vflib=1 dir=0 label=0 lowerbound=1 fileNameGp=../graphsdb/mcs50/bvg/b03/mcs50_b03_s35.A63 fileNameGt=../graphsdb/mcs50/bvg/b03/mcs50_b03_s35.B63
Reading graphs...
35 :  52
35 :  52
Initializing...
maxdom : 35
D->valSize : 1225
Solving...
currentSize : 12 <-- 0.021636 s
currentSize : 15 <-- 0.021836 s
currentSize : 17 <-- 0.021879 s
currentSize : 18 <-- 0.022370 s
currentSize : 19 <-- 0.028602 s
currentSize : 20 <-- 0.028712 s
currentSize : 21 <-- 0.074531 s
currentSize : 22 <-- 0.174570 s
currentSize : 23 <-- 0.174959 s
currentSize : 24 <-- 32.147285 s
currentSize : 25 <-- 60.994209 s
currentSize : 26 <-- 63.440971 s

maxsize : 26
nodes : 36114695.000000
filtered : 817582343.000000
time : 195.228851
