Parameters: GAD=1 vflib=1 dir=0 label=0 lowerbound=1 fileNameGp=../graphsdb/mcs50/m2D/m2Dr4/mcs50_m2Dr4_s30.A98 fileNameGt=../graphsdb/mcs50/m2D/m2Dr4/mcs50_m2Dr4_s30.B98
Reading graphs...
30 :  59
30 :  60
Initializing...
maxdom : 30
D->valSize : 900
Solving...
currentSize : 16 <-- 0.010852 s
currentSize : 17 <-- 0.081744 s
currentSize : 18 <-- 0.446266 s
currentSize : 19 <-- 0.447736 s
currentSize : 20 <-- 4.733495 s
currentSize : 21 <-- 32.604343 s

maxsize : 21
nodes : 11000247.000000
filtered : 258325969.000000
time : 54.884151
