Parameters: GAD=1 vflib=1 dir=0 label=0 lowerbound=1 fileNameGp=../graphsdb/mcs50/m3D/m3Dr2/mcs50_m3Dr2_s20.A16 fileNameGt=../graphsdb/mcs50/m3D/m3Dr2/mcs50_m3Dr2_s20.B16
Reading graphs...
20 :  41
20 :  40
Initializing...
maxdom : 20
D->valSize : 400
Solving...
currentSize : 9 <-- 0.002145 s
currentSize : 10 <-- 0.002639 s
currentSize : 11 <-- 0.003599 s
currentSize : 12 <-- 0.005000 s
currentSize : 13 <-- 0.011222 s
currentSize : 14 <-- 0.308069 s

maxsize : 14
nodes : 115939.000000
filtered : 1584906.000000
time : 0.462921
