Parameters: GAD=1 vflib=1 dir=0 label=0 lowerbound=1 fileNameGp=../graphsdb/mcs50/rand/r01/mcs50_r01_s30.A81 fileNameGt=../graphsdb/mcs50/rand/r01/mcs50_r01_s30.B81
Reading graphs...
30 :  83
30 :  83
Initializing...
maxdom : 30
D->valSize : 900
Solving...
currentSize : 13 <-- 0.014846 s
currentSize : 14 <-- 0.014962 s
currentSize : 15 <-- 0.016340 s
currentSize : 16 <-- 0.028257 s
currentSize : 17 <-- 0.526999 s
currentSize : 18 <-- 5.997600 s
currentSize : 19 <-- 40.292332 s

maxsize : 19
nodes : 14111659.000000
filtered : 325475664.000000
time : 69.828812
