Parameters: GAD=1 vflib=1 dir=0 label=0 lowerbound=1 fileNameGp=../graphsdb/mcs50/bvg/b06/mcs50_b06_s35.A67 fileNameGt=../graphsdb/mcs50/bvg/b06/mcs50_b06_s35.B67
Reading graphs...
35 :  104
35 :  101
Initializing...
maxdom : 35
D->valSize : 1225
Solving...
currentSize : 11 <-- 0.019410 s
currentSize : 12 <-- 0.019446 s
currentSize : 13 <-- 0.019610 s
currentSize : 14 <-- 0.019634 s
currentSize : 15 <-- 0.019880 s
currentSize : 16 <-- 0.027950 s
currentSize : 17 <-- 0.150381 s
currentSize : 18 <-- 0.379648 s
currentSize : 19 <-- 0.614939 s
currentSize : 20 <-- 0.813124 s
currentSize : 21 <-- 55.263191 s

maxsize : 21
nodes : 211623864.000000
filtered : 6332571627.000000
time : 1229.395752
