Parameters: GAD=1 vflib=1 dir=0 label=0 lowerbound=1 fileNameGp=../graphsdb/mcs50/m2D/m2Dr2/mcs50_m2Dr2_s30.A40 fileNameGt=../graphsdb/mcs50/m2D/m2Dr2/mcs50_m2Dr2_s30.B40
Reading graphs...
30 :  52
30 :  53
Initializing...
maxdom : 30
D->valSize : 900
Solving...
currentSize : 9 <-- 0.010892 s
currentSize : 14 <-- 0.010931 s
currentSize : 16 <-- 0.010975 s
currentSize : 17 <-- 0.011174 s
currentSize : 18 <-- 0.025400 s
currentSize : 19 <-- 0.178413 s
currentSize : 20 <-- 0.478785 s
currentSize : 21 <-- 1.628030 s

maxsize : 21
nodes : 8957154.000000
filtered : 213686014.000000
time : 46.470043
