Parameters: GAD=1 vflib=1 dir=0 label=0 lowerbound=1 fileNameGp=../graphsdb/mcs50/m3D/m3Dr2/mcs50_m3Dr2_s15.A00 fileNameGt=../graphsdb/mcs50/m3D/m3Dr2/mcs50_m3Dr2_s15.B00
Reading graphs...
15 :  28
15 :  28
Initializing...
maxdom : 15
D->valSize : 225
Solving...
currentSize : 4 <-- 0.000842 s
currentSize : 7 <-- 0.000860 s
currentSize : 8 <-- 0.000948 s
currentSize : 9 <-- 0.001359 s
currentSize : 10 <-- 0.005139 s
currentSize : 11 <-- 0.032793 s

maxsize : 11
nodes : 13640.000000
filtered : 125144.000000
time : 0.036247
