Parameters: GAD=1 vflib=1 dir=0 label=0 lowerbound=1 fileNameGp=../graphsdb/mcs50/m4D/m4Dr2/mcs50_m4Dr2_s30.A33 fileNameGt=../graphsdb/mcs50/m4D/m4Dr2/mcs50_m4Dr2_s30.B33
Reading graphs...
30 :  61
30 :  61
Initializing...
maxdom : 30
D->valSize : 900
Solving...
currentSize : 13 <-- 0.010579 s
currentSize : 14 <-- 0.010626 s
currentSize : 15 <-- 0.010635 s
currentSize : 17 <-- 0.010666 s
currentSize : 18 <-- 0.633498 s
currentSize : 19 <-- 1.060803 s
currentSize : 20 <-- 2.199697 s

maxsize : 20
nodes : 14086998.000000
filtered : 326429721.000000
time : 69.569778
