Parameters: GAD=1 vflib=1 dir=0 label=0 lowerbound=1 fileNameGp=../graphsdb/mcs50/bvg/b06m/mcs50_b06m_s30.A88 fileNameGt=../graphsdb/mcs50/bvg/b06m/mcs50_b06m_s30.B88
Reading graphs...
30 :  82
30 :  86
Initializing...
maxdom : 30
D->valSize : 900
Solving...
currentSize : 13 <-- 0.010171 s
currentSize : 14 <-- 0.013040 s
currentSize : 15 <-- 0.029814 s
currentSize : 16 <-- 0.068853 s
currentSize : 17 <-- 0.238612 s
currentSize : 18 <-- 0.258667 s

maxsize : 18
nodes : 21671218.000000
filtered : 503883810.000000
time : 106.962608
