Parameters: GAD=1 vflib=1 dir=0 label=0 lowerbound=1 fileNameGp=../graphsdb/mcs50/rand/r005/mcs50_r005_s35.A24 fileNameGt=../graphsdb/mcs50/rand/r005/mcs50_r005_s35.B24
Reading graphs...
35 :  62
35 :  59
Initializing...
maxdom : 35
D->valSize : 1225
Solving...
currentSize : 15 <-- 0.035977 s
currentSize : 16 <-- 0.036023 s
currentSize : 17 <-- 0.037590 s
currentSize : 18 <-- 0.038637 s
currentSize : 19 <-- 0.111422 s
currentSize : 20 <-- 0.162014 s
currentSize : 21 <-- 4.030836 s
currentSize : 22 <-- 5.983524 s
currentSize : 23 <-- 31.020605 s
currentSize : 24 <-- 159.207214 s
currentSize : 25 <-- 231.655151 s
currentSize : 26 <-- 303.678833 s

maxsize : 26
nodes : 67084691.000000
filtered : 1527240847.000000
time : 352.704926
