Parameters: GAD=1 vflib=1 dir=0 label=0 lowerbound=1 fileNameGp=../graphsdb/mcs50/m4D/m4D/mcs50_m4D_s30.A64 fileNameGt=../graphsdb/mcs50/m4D/m4D/mcs50_m4D_s30.B64
Reading graphs...
30 :  55
30 :  55
Initializing...
maxdom : 30
D->valSize : 900
Solving...
currentSize : 8 <-- 0.010752 s
currentSize : 9 <-- 0.010787 s
currentSize : 10 <-- 0.010805 s
currentSize : 13 <-- 0.010837 s
currentSize : 17 <-- 0.010948 s
currentSize : 18 <-- 0.018322 s
currentSize : 19 <-- 0.051582 s
currentSize : 20 <-- 1.193135 s
currentSize : 21 <-- 5.002331 s

maxsize : 21
nodes : 5287420.000000
filtered : 122562632.000000
time : 26.866188
