Parameters: GAD=1 vflib=1 dir=0 label=0 lowerbound=1 fileNameGp=../graphsdb/mcs50/bvg/b06/mcs50_b06_s30.A76 fileNameGt=../graphsdb/mcs50/bvg/b06/mcs50_b06_s30.B76
Reading graphs...
30 :  87
30 :  88
Initializing...
maxdom : 30
D->valSize : 900
Solving...
currentSize : 12 <-- 0.010236 s
currentSize : 13 <-- 0.010257 s
currentSize : 14 <-- 0.010266 s
currentSize : 15 <-- 0.012221 s
currentSize : 16 <-- 0.022916 s
currentSize : 17 <-- 0.388821 s
currentSize : 18 <-- 8.967104 s
currentSize : 19 <-- 15.220812 s

maxsize : 19
nodes : 12374836.000000
filtered : 319610367.000000
time : 63.741402
