Parameters: GAD=1 vflib=1 dir=0 label=0 lowerbound=1 fileNameGp=../graphsdb/mcs50/bvg/b03m/mcs50_b03m_s35.A86 fileNameGt=../graphsdb/mcs50/bvg/b03m/mcs50_b03m_s35.B86
Reading graphs...
35 :  51
35 :  50
Initializing...
maxdom : 35
D->valSize : 1225
Solving...
currentSize : 15 <-- 0.021252 s
currentSize : 17 <-- 0.021530 s
currentSize : 18 <-- 0.021663 s
currentSize : 19 <-- 0.021940 s
currentSize : 20 <-- 0.021950 s
currentSize : 22 <-- 0.025868 s
currentSize : 23 <-- 0.042076 s
currentSize : 24 <-- 0.145960 s
currentSize : 25 <-- 45.143665 s

maxsize : 25
nodes : 108935065.000000
filtered : 2381949339.000000
time : 563.902283
