Parameters: GAD=1 vflib=1 dir=0 label=0 lowerbound=1 fileNameGp=../graphsdb/mcs50/m4D/m4Dr2/mcs50_m4Dr2_s30.A45 fileNameGt=../graphsdb/mcs50/m4D/m4Dr2/mcs50_m4Dr2_s30.B45
Reading graphs...
30 :  61
30 :  60
Initializing...
maxdom : 30
D->valSize : 900
Solving...
currentSize : 12 <-- 0.011655 s
currentSize : 13 <-- 0.011873 s
currentSize : 14 <-- 0.012977 s
currentSize : 15 <-- 0.033338 s
currentSize : 16 <-- 0.068146 s
currentSize : 17 <-- 0.470246 s
currentSize : 18 <-- 0.556277 s
currentSize : 19 <-- 29.934586 s
currentSize : 20 <-- 102.478203 s

maxsize : 20
nodes : 31602068.000000
filtered : 513156896.000000
time : 131.443863
