Parameters: GAD=1 vflib=1 dir=0 label=0 lowerbound=1 fileNameGp=../graphsdb/mcs50/m2D/m2D/mcs50_m2D_s30.A36 fileNameGt=../graphsdb/mcs50/m2D/m2D/mcs50_m2D_s30.B36
Reading graphs...
30 :  49
30 :  47
Initializing...
maxdom : 30
D->valSize : 900
Solving...
currentSize : 12 <-- 0.019186 s
currentSize : 14 <-- 0.019236 s
currentSize : 16 <-- 0.019251 s
currentSize : 17 <-- 0.019467 s
currentSize : 18 <-- 0.070906 s
currentSize : 20 <-- 0.462482 s
currentSize : 21 <-- 2.258835 s
currentSize : 22 <-- 14.588844 s

maxsize : 22
nodes : 6139504.000000
filtered : 137171404.000000
time : 30.287718
