Parameters: GAD=1 vflib=1 dir=0 label=0 lowerbound=1 fileNameGp=../graphsdb/mcs50/m2D/m2Dr4/mcs50_m2Dr4_s30.A91 fileNameGt=../graphsdb/mcs50/m2D/m2Dr4/mcs50_m2Dr4_s30.B91
Reading graphs...
30 :  60
30 :  60
Initializing...
maxdom : 30
D->valSize : 900
Solving...
currentSize : 13 <-- 0.010802 s
currentSize : 14 <-- 0.010851 s
currentSize : 16 <-- 0.010893 s
currentSize : 17 <-- 0.013298 s
currentSize : 18 <-- 0.032635 s
currentSize : 19 <-- 5.701310 s
currentSize : 20 <-- 43.153297 s

maxsize : 20
nodes : 27633549.000000
filtered : 605826526.000000
time : 134.134277
