Parameters: GAD=1 vflib=1 dir=0 label=0 lowerbound=1 fileNameGp=../graphsdb/mcs50/bvg/b09/mcs50_b09_s35.A55 fileNameGt=../graphsdb/mcs50/bvg/b09/mcs50_b09_s35.B55
Reading graphs...
35 :  151
35 :  154
Initializing...
maxdom : 35
D->valSize : 1225
Solving...
currentSize : 12 <-- 0.031132 s
currentSize : 13 <-- 0.031405 s
currentSize : 14 <-- 0.031540 s
currentSize : 15 <-- 0.032676 s
currentSize : 16 <-- 0.961933 s
currentSize : 17 <-- 31.062096 s
currentSize : 18 <-- 138.781464 s
currentSize : 19 <-- 290.410278 s

maxsize : 19
nodes : 197653627.000000
filtered : 4644850569.000000
time : 1051.734863
