Parameters: GAD=1 vflib=1 dir=0 label=0 lowerbound=1 fileNameGp=../graphsdb/mcs50/bvg/b06m/mcs50_b06m_s35.A82 fileNameGt=../graphsdb/mcs50/bvg/b06m/mcs50_b06m_s35.B82
Reading graphs...
35 :  104
35 :  105
Initializing...
maxdom : 35
D->valSize : 1225
Solving...
currentSize : 15 <-- 0.024523 s
currentSize : 16 <-- 0.025345 s
currentSize : 17 <-- 0.166748 s
currentSize : 18 <-- 1.803208 s
currentSize : 19 <-- 3.345272 s
currentSize : 20 <-- 3.673765 s
currentSize : 21 <-- 92.088348 s
currentSize : 22 <-- 143.243896 s

maxsize : 22
nodes : 77699340.000000
filtered : 2498827495.000000
time : 477.665131
