Parameters: GAD=1 vflib=1 dir=0 label=0 lowerbound=1 fileNameGp=../graphsdb/mcs50/bvg/b06/mcs50_b06_s25.A57 fileNameGt=../graphsdb/mcs50/bvg/b06/mcs50_b06_s25.B57
Reading graphs...
25 :  74
25 :  73
Initializing...
maxdom : 25
D->valSize : 625
Solving...
currentSize : 11 <-- 0.004922 s
currentSize : 12 <-- 0.004963 s
currentSize : 13 <-- 0.005621 s
currentSize : 14 <-- 0.044519 s
currentSize : 15 <-- 2.286919 s
currentSize : 16 <-- 3.754344 s

maxsize : 16
nodes : 1435297.000000
filtered : 24939108.000000
time : 5.930779
