Parameters: GAD=1 vflib=1 dir=0 label=0 lowerbound=1 fileNameGp=../graphsdb/mcs50/m2D/m2D/mcs50_m2D_s30.A35 fileNameGt=../graphsdb/mcs50/m2D/m2D/mcs50_m2D_s30.B35
Reading graphs...
30 :  49
30 :  48
Initializing...
maxdom : 30
D->valSize : 900
Solving...
currentSize : 15 <-- 0.011240 s
currentSize : 16 <-- 0.011277 s
currentSize : 17 <-- 0.033529 s
currentSize : 18 <-- 0.553779 s
currentSize : 19 <-- 0.705341 s
currentSize : 20 <-- 0.839977 s
currentSize : 21 <-- 1.515035 s
currentSize : 22 <-- 12.024499 s

maxsize : 22
nodes : 5496784.000000
filtered : 118209450.000000
time : 26.494804
