Parameters: GAD=1 vflib=1 dir=0 label=0 lowerbound=1 fileNameGp=../graphsdb/mcs50/m4D/m4Dr2/mcs50_m4Dr2_s35.A17 fileNameGt=../graphsdb/mcs50/m4D/m4Dr2/mcs50_m4Dr2_s35.B17
Reading graphs...
35 :  70
35 :  70
Initializing...
maxdom : 35
D->valSize : 1225
Solving...
currentSize : 14 <-- 0.020306 s
currentSize : 15 <-- 0.020330 s
currentSize : 16 <-- 0.020763 s
currentSize : 17 <-- 0.024625 s
currentSize : 18 <-- 0.028015 s
currentSize : 19 <-- 0.102274 s
currentSize : 20 <-- 0.140754 s
currentSize : 21 <-- 0.167226 s
currentSize : 22 <-- 0.374005 s
currentSize : 23 <-- 4.382484 s
currentSize : 24 <-- 18.785372 s

maxsize : 24
nodes : 47305250.000000
filtered : 1341896867.000000
time : 275.896667
