Parameters: GAD=1 vflib=1 dir=0 label=0 lowerbound=1 fileNameGp=../graphsdb/mcs50/bvg/b06/mcs50_b06_s30.A66 fileNameGt=../graphsdb/mcs50/bvg/b06/mcs50_b06_s30.B66
Reading graphs...
30 :  89
30 :  87
Initializing...
maxdom : 30
D->valSize : 900
Solving...
currentSize : 12 <-- 0.010146 s
currentSize : 13 <-- 0.010183 s
currentSize : 14 <-- 0.012825 s
currentSize : 15 <-- 0.103518 s
currentSize : 16 <-- 0.300847 s
currentSize : 17 <-- 0.476336 s
currentSize : 18 <-- 1.507861 s
currentSize : 19 <-- 22.163795 s

maxsize : 19
nodes : 10403477.000000
filtered : 272837352.000000
time : 54.109886
