Parameters: GAD=1 vflib=1 dir=0 label=0 lowerbound=1 fileNameGp=../graphsdb/mcs50/bvg/b06m/mcs50_b06m_s35.A88 fileNameGt=../graphsdb/mcs50/bvg/b06m/mcs50_b06m_s35.B88
Reading graphs...
35 :  101
35 :  103
Initializing...
maxdom : 35
D->valSize : 1225
Solving...
currentSize : 15 <-- 0.033830 s
currentSize : 16 <-- 0.035755 s
currentSize : 17 <-- 0.260022 s
currentSize : 18 <-- 6.865418 s
currentSize : 19 <-- 7.189835 s
currentSize : 20 <-- 15.875456 s
currentSize : 21 <-- 76.692879 s

maxsize : 21
nodes : 196605430.000000
filtered : 5459541510.000000
time : 1120.721191
