Parameters: GAD=1 vflib=1 dir=0 label=0 lowerbound=1 fileNameGp=../graphsdb/mcs50/rand/r01/mcs50_r01_s30.A60 fileNameGt=../graphsdb/mcs50/rand/r01/mcs50_r01_s30.B60
Reading graphs...
30 :  82
30 :  84
Initializing...
maxdom : 30
D->valSize : 900
Solving...
currentSize : 13 <-- 0.010136 s
currentSize : 14 <-- 0.010187 s
currentSize : 15 <-- 0.011067 s
currentSize : 16 <-- 0.015781 s
currentSize : 17 <-- 1.477602 s
currentSize : 18 <-- 2.093328 s

maxsize : 18
nodes : 42753185.000000
filtered : 890955170.000000
time : 202.555054
