Parameters: GAD=1 vflib=1 dir=0 label=0 lowerbound=1 fileNameGp=../graphsdb/mcs50/m2D/m2Dr2/mcs50_m2Dr2_s30.A22 fileNameGt=../graphsdb/mcs50/m2D/m2Dr2/mcs50_m2Dr2_s30.B22
Reading graphs...
30 :  55
30 :  55
Initializing...
maxdom : 30
D->valSize : 900
Solving...
currentSize : 14 <-- 0.019029 s
currentSize : 15 <-- 0.019311 s
currentSize : 16 <-- 0.028698 s
currentSize : 17 <-- 0.032770 s
currentSize : 18 <-- 0.040720 s
currentSize : 19 <-- 0.141813 s
currentSize : 20 <-- 0.395317 s
currentSize : 21 <-- 14.033658 s
currentSize : 22 <-- 21.035349 s

maxsize : 22
nodes : 6343625.000000
filtered : 138972230.000000
time : 30.952524
