Parameters: GAD=1 vflib=1 dir=0 label=0 lowerbound=1 fileNameGp=../graphsdb/mcs50/bvg/b09m/mcs50_b09m_s25.A61 fileNameGt=../graphsdb/mcs50/bvg/b09m/mcs50_b09m_s25.B61
Reading graphs...
25 :  106
25 :  104
Initializing...
maxdom : 25
D->valSize : 625
Solving...
currentSize : 9 <-- 0.004598 s
currentSize : 10 <-- 0.006315 s
currentSize : 11 <-- 0.008924 s
currentSize : 12 <-- 0.011926 s
currentSize : 13 <-- 0.013461 s
currentSize : 14 <-- 2.084189 s

maxsize : 14
nodes : 2269114.000000
filtered : 37159485.000000
time : 9.735919
