Parameters: GAD=1 vflib=1 dir=0 label=0 lowerbound=1 fileNameGp=../graphsdb/mcs50/bvg/b06/mcs50_b06_s20.A21 fileNameGt=../graphsdb/mcs50/bvg/b06/mcs50_b06_s20.B21
Reading graphs...
20 :  60
20 :  59
Initializing...
maxdom : 20
D->valSize : 400
Solving...
currentSize : 8 <-- 0.003394 s
currentSize : 9 <-- 0.003433 s
currentSize : 10 <-- 0.003768 s
currentSize : 11 <-- 0.011758 s
currentSize : 12 <-- 0.055717 s
currentSize : 13 <-- 0.238139 s

maxsize : 13
nodes : 122753.000000
filtered : 1779989.000000
time : 0.509481
