Parameters: GAD=1 vflib=1 dir=0 label=0 lowerbound=1 fileNameGp=../graphsdb/mcs50/m4D/m4Dr6/mcs50_m4Dr6_s30.A83 fileNameGt=../graphsdb/mcs50/m4D/m4Dr6/mcs50_m4Dr6_s30.B83
Reading graphs...
30 :  70
30 :  68
Initializing...
maxdom : 30
D->valSize : 900
Solving...
currentSize : 14 <-- 0.010397 s
currentSize : 15 <-- 0.015481 s
currentSize : 16 <-- 0.028092 s
currentSize : 17 <-- 0.126399 s
currentSize : 18 <-- 3.062610 s
currentSize : 19 <-- 10.490064 s
currentSize : 20 <-- 27.410208 s

maxsize : 20
nodes : 13237130.000000
filtered : 293413295.000000
time : 63.786755
