Parameters: GAD=1 vflib=1 dir=0 label=0 lowerbound=1 fileNameGp=../graphsdb/mcs50/m2D/m2Dr4/mcs50_m2Dr4_s30.A07 fileNameGt=../graphsdb/mcs50/m2D/m2Dr4/mcs50_m2Dr4_s30.B07
Reading graphs...
30 :  61
30 :  60
Initializing...
maxdom : 30
D->valSize : 900
Solving...
currentSize : 13 <-- 0.010644 s
currentSize : 14 <-- 0.010922 s
currentSize : 15 <-- 0.010983 s
currentSize : 16 <-- 0.017913 s
currentSize : 17 <-- 0.027024 s
currentSize : 18 <-- 0.043104 s
currentSize : 19 <-- 0.327498 s
currentSize : 20 <-- 2.066750 s

maxsize : 20
nodes : 27486213.000000
filtered : 633292202.000000
time : 134.693756
