Parameters: GAD=1 vflib=1 dir=0 label=0 lowerbound=1 fileNameGp=../graphsdb/mcs50/m4D/m4Dr4/mcs50_m4Dr4_s35.A10 fileNameGt=../graphsdb/mcs50/m4D/m4Dr4/mcs50_m4Dr4_s35.B10
Reading graphs...
35 :  75
35 :  75
Initializing...
maxdom : 35
D->valSize : 1225
Solving...
currentSize : 13 <-- 0.024389 s
currentSize : 15 <-- 0.031718 s
currentSize : 16 <-- 0.034684 s
currentSize : 17 <-- 0.035044 s
currentSize : 18 <-- 0.848630 s
currentSize : 19 <-- 0.869140 s
currentSize : 20 <-- 0.869486 s
currentSize : 21 <-- 1.342018 s
currentSize : 22 <-- 75.496574 s

maxsize : 22
nodes : 618083380.000000
filtered : 14080086466.000000
time : 3203.055420
