Parameters: GAD=1 vflib=1 dir=0 label=0 lowerbound=1 fileNameGp=../graphsdb/mcs50/bvg/b03/mcs50_b03_s35.A29 fileNameGt=../graphsdb/mcs50/bvg/b03/mcs50_b03_s35.B29
Reading graphs...
35 :  52
35 :  52
Initializing...
maxdom : 35
D->valSize : 1225
Solving...
currentSize : 17 <-- 0.021144 s
currentSize : 18 <-- 0.021169 s
currentSize : 19 <-- 0.021301 s
currentSize : 20 <-- 0.030430 s
currentSize : 21 <-- 0.036388 s
currentSize : 22 <-- 0.100276 s
currentSize : 23 <-- 44.993340 s
currentSize : 24 <-- 407.613556 s

maxsize : 24
nodes : 515050647.000000
filtered : 9100173511.000000
time : 2417.924316
