Parameters: GAD=1 vflib=1 dir=0 label=0 lowerbound=1 fileNameGp=../graphsdb/mcs50/bvg/b03m/mcs50_b03m_s25.A16 fileNameGt=../graphsdb/mcs50/bvg/b03m/mcs50_b03m_s25.B16
Reading graphs...
25 :  37
25 :  37
Initializing...
maxdom : 25
D->valSize : 625
Solving...
currentSize : 10 <-- 0.009137 s
currentSize : 14 <-- 0.009354 s
currentSize : 15 <-- 0.014402 s
currentSize : 16 <-- 0.062374 s
currentSize : 17 <-- 0.133342 s
currentSize : 18 <-- 2.004308 s

maxsize : 18
nodes : 954992.000000
filtered : 13454573.000000
time : 3.678545
