Parameters: GAD=1 vflib=1 dir=0 label=0 lowerbound=1 fileNameGp=../graphsdb/mcs50/bvg/b03m/mcs50_b03m_s30.A30 fileNameGt=../graphsdb/mcs50/bvg/b03m/mcs50_b03m_s30.B30
Reading graphs...
30 :  45
30 :  45
Initializing...
maxdom : 30
D->valSize : 900
Solving...
currentSize : 14 <-- 0.010980 s
currentSize : 15 <-- 0.014666 s
currentSize : 16 <-- 0.027452 s
currentSize : 17 <-- 0.756954 s
currentSize : 19 <-- 0.758083 s
currentSize : 20 <-- 2.652704 s
currentSize : 21 <-- 15.487875 s

maxsize : 21
nodes : 10921860.000000
filtered : 194419420.000000
time : 48.531925
