Parameters: GAD=1 vflib=1 dir=0 label=0 lowerbound=1 fileNameGp=../graphsdb/mcs50/bvg/b06/mcs50_b06_s30.A35 fileNameGt=../graphsdb/mcs50/bvg/b06/mcs50_b06_s30.B35
Reading graphs...
30 :  89
30 :  88
Initializing...
maxdom : 30
D->valSize : 900
Solving...
currentSize : 11 <-- 0.010706 s
currentSize : 12 <-- 0.010737 s
currentSize : 13 <-- 0.010788 s
currentSize : 14 <-- 0.010923 s
currentSize : 15 <-- 0.013922 s
currentSize : 16 <-- 0.049283 s
currentSize : 17 <-- 0.119962 s
currentSize : 18 <-- 6.451516 s
currentSize : 19 <-- 7.627865 s

maxsize : 19
nodes : 10154712.000000
filtered : 270921069.000000
time : 52.326328
