Parameters: GAD=1 vflib=1 dir=0 label=0 lowerbound=1 fileNameGp=../graphsdb/mcs50/bvg/b09/mcs50_b09_s35.A37 fileNameGt=../graphsdb/mcs50/bvg/b09/mcs50_b09_s35.B37
Reading graphs...
35 :  153
35 :  154
Initializing...
maxdom : 35
D->valSize : 1225
Solving...
currentSize : 12 <-- 0.031142 s
currentSize : 13 <-- 0.031305 s
currentSize : 14 <-- 0.032724 s
currentSize : 15 <-- 0.038075 s
currentSize : 16 <-- 0.159197 s
currentSize : 17 <-- 3.303014 s
currentSize : 18 <-- 21.522779 s
currentSize : 19 <-- 145.918655 s

maxsize : 19
nodes : 224030946.000000
filtered : 5309870439.000000
time : 1211.320557
