Parameters: GAD=1 vflib=1 dir=0 label=0 lowerbound=1 fileNameGp=../graphsdb/mcs50/m4D/m4Dr2/mcs50_m4Dr2_s30.A28 fileNameGt=../graphsdb/mcs50/m4D/m4Dr2/mcs50_m4Dr2_s30.B28
Reading graphs...
30 :  61
30 :  59
Initializing...
maxdom : 30
D->valSize : 900
Solving...
currentSize : 13 <-- 0.010743 s
currentSize : 14 <-- 0.010814 s
currentSize : 15 <-- 0.011319 s
currentSize : 16 <-- 0.011374 s
currentSize : 17 <-- 0.104188 s
currentSize : 18 <-- 0.457395 s
currentSize : 19 <-- 0.569908 s
currentSize : 20 <-- 1.079008 s

maxsize : 20
nodes : 7941619.000000
filtered : 169524762.000000
time : 36.483288
