Parameters: GAD=1 vflib=1 dir=0 label=0 lowerbound=1 fileNameGp=../graphsdb/mcs50/m4D/m4Dr6/mcs50_m4Dr6_s35.A28 fileNameGt=../graphsdb/mcs50/m4D/m4Dr6/mcs50_m4Dr6_s35.B28
Reading graphs...
35 :  81
35 :  82
Initializing...
maxdom : 35
D->valSize : 1225
Solving...
currentSize : 15 <-- 0.034706 s
currentSize : 18 <-- 0.034833 s
currentSize : 19 <-- 0.434564 s
currentSize : 20 <-- 0.987248 s
currentSize : 21 <-- 3.814468 s
currentSize : 22 <-- 16.322405 s
currentSize : 23 <-- 19.149408 s

maxsize : 23
nodes : 102036443.000000
filtered : 3088839366.000000
time : 629.086548
