Parameters: GAD=1 vflib=1 dir=0 label=0 lowerbound=1 fileNameGp=../graphsdb/mcs50/rand/r005/mcs50_r005_s30.A93 fileNameGt=../graphsdb/mcs50/rand/r005/mcs50_r005_s30.B93
Reading graphs...
30 :  47
30 :  47
Initializing...
maxdom : 30
D->valSize : 900
Solving...
currentSize : 12 <-- 0.011268 s
currentSize : 14 <-- 0.011300 s
currentSize : 17 <-- 0.011337 s
currentSize : 18 <-- 0.020185 s
currentSize : 19 <-- 0.023241 s
currentSize : 20 <-- 1.180765 s
currentSize : 21 <-- 1.929240 s
currentSize : 22 <-- 26.906612 s

maxsize : 22
nodes : 8050839.000000
filtered : 156840200.000000
time : 37.116776
