Parameters: GAD=1 vflib=1 dir=0 label=0 lowerbound=1 fileNameGp=../graphsdb/mcs50/m4D/m4Dr2/mcs50_m4Dr2_s35.A25 fileNameGt=../graphsdb/mcs50/m4D/m4Dr2/mcs50_m4Dr2_s35.B25
Reading graphs...
35 :  68
35 :  69
Initializing...
maxdom : 35
D->valSize : 1225
Solving...
currentSize : 17 <-- 0.035347 s
currentSize : 18 <-- 0.036179 s
currentSize : 19 <-- 0.055569 s
currentSize : 20 <-- 0.175201 s
currentSize : 21 <-- 1.126424 s
currentSize : 22 <-- 1.294230 s
currentSize : 23 <-- 59.633091 s
currentSize : 24 <-- 714.988525 s

maxsize : 24
nodes : 171423364.000000
filtered : 4046323456.000000
time : 902.382202
