Parameters: GAD=1 vflib=1 dir=0 label=0 lowerbound=1 fileNameGp=../graphsdb/mcs50/m4D/m4Dr6/mcs50_m4Dr6_s35.A64 fileNameGt=../graphsdb/mcs50/m4D/m4Dr6/mcs50_m4Dr6_s35.B64
Reading graphs...
35 :  81
35 :  80
Initializing...
maxdom : 35
D->valSize : 1225
Solving...
currentSize : 16 <-- 0.024416 s
currentSize : 17 <-- 0.024502 s
currentSize : 18 <-- 0.033123 s
currentSize : 19 <-- 1.068683 s
currentSize : 20 <-- 1.478116 s
currentSize : 21 <-- 45.948360 s
currentSize : 22 <-- 56.145092 s
currentSize : 23 <-- 503.488190 s

maxsize : 23
nodes : 168507370.000000
filtered : 4621433385.000000
time : 977.778564
