Parameters: GAD=1 vflib=1 dir=0 label=0 lowerbound=1 fileNameGp=../graphsdb/mcs50/rand/r005/mcs50_r005_s35.A60 fileNameGt=../graphsdb/mcs50/rand/r005/mcs50_r005_s35.B60
Reading graphs...
35 :  61
35 :  61
Initializing...
maxdom : 35
D->valSize : 1225
Solving...
currentSize : 17 <-- 0.036231 s
currentSize : 20 <-- 0.040927 s
currentSize : 21 <-- 0.089367 s
currentSize : 23 <-- 0.119314 s
currentSize : 24 <-- 558.459656 s
currentSize : 25 <-- 728.124573 s

maxsize : 25
nodes : 172368527.000000
filtered : 3908525311.000000
time : 918.522461
