Parameters: GAD=1 vflib=1 dir=0 label=0 lowerbound=1 fileNameGp=../graphsdb/mcs50/rand/r01/mcs50_r01_s35.A41 fileNameGt=../graphsdb/mcs50/rand/r01/mcs50_r01_s35.B41
Reading graphs...
35 :  109
35 :  113
Initializing...
maxdom : 35
D->valSize : 1225
Solving...
currentSize : 14 <-- 0.019409 s
currentSize : 15 <-- 0.019909 s
currentSize : 16 <-- 0.023097 s
currentSize : 17 <-- 0.054976 s
currentSize : 18 <-- 0.239259 s
currentSize : 19 <-- 4.920271 s
currentSize : 20 <-- 1245.045654 s

TIMEOUT
maxsize : 20
nodes : 704139415.000000
filtered : 14828509468.000000
time : 3600.000000
