Parameters: GAD=1 vflib=1 dir=0 label=0 lowerbound=1 fileNameGp=../graphsdb/mcs50/m4D/m4Dr6/mcs50_m4Dr6_s30.A86 fileNameGt=../graphsdb/mcs50/m4D/m4Dr6/mcs50_m4Dr6_s30.B86
Reading graphs...
30 :  71
30 :  69
Initializing...
maxdom : 30
D->valSize : 900
Solving...
currentSize : 12 <-- 0.010486 s
currentSize : 13 <-- 0.010510 s
currentSize : 14 <-- 0.010735 s
currentSize : 15 <-- 0.018305 s
currentSize : 16 <-- 0.031519 s
currentSize : 17 <-- 0.075760 s
currentSize : 18 <-- 0.642034 s
currentSize : 19 <-- 1.183883 s
currentSize : 20 <-- 8.458935 s

maxsize : 20
nodes : 8762433.000000
filtered : 222547270.000000
time : 44.852722
