Parameters: GAD=1 vflib=1 dir=0 label=0 lowerbound=1 fileNameGp=../graphsdb/mcs50/rand/r005/mcs50_r005_s35.A81 fileNameGt=../graphsdb/mcs50/rand/r005/mcs50_r005_s35.B81
Reading graphs...
35 :  61
35 :  61
Initializing...
maxdom : 35
D->valSize : 1225
Solving...
currentSize : 13 <-- 0.036216 s
currentSize : 14 <-- 0.036252 s
currentSize : 16 <-- 0.036308 s
currentSize : 17 <-- 0.040037 s
currentSize : 18 <-- 0.043963 s
currentSize : 19 <-- 0.059552 s
currentSize : 20 <-- 0.595562 s
currentSize : 21 <-- 3.545101 s
currentSize : 22 <-- 5.360063 s
currentSize : 23 <-- 86.437454 s
currentSize : 24 <-- 156.076294 s
currentSize : 25 <-- 202.698380 s

maxsize : 25
nodes : 71014138.000000
filtered : 1548941030.000000
time : 362.369995
