Parameters: GAD=1 vflib=1 dir=0 label=0 lowerbound=1 fileNameGp=../graphsdb/mcs50/m4D/m4Dr6/mcs50_m4Dr6_s30.A42 fileNameGt=../graphsdb/mcs50/m4D/m4Dr6/mcs50_m4Dr6_s30.B42
Reading graphs...
30 :  71
30 :  71
Initializing...
maxdom : 30
D->valSize : 900
Solving...
currentSize : 14 <-- 0.015150 s
currentSize : 15 <-- 0.015384 s
currentSize : 16 <-- 0.077284 s
currentSize : 17 <-- 0.086524 s
currentSize : 18 <-- 0.538510 s
currentSize : 19 <-- 4.224800 s
currentSize : 20 <-- 37.669285 s

maxsize : 20
nodes : 11454372.000000
filtered : 267564467.000000
time : 57.000637
