Parameters: GAD=1 vflib=1 dir=0 label=0 lowerbound=1 fileNameGp=../graphsdb/mcs50/bvg/b03/mcs50_b03_s35.A82 fileNameGt=../graphsdb/mcs50/bvg/b03/mcs50_b03_s35.B82
Reading graphs...
35 :  51
35 :  52
Initializing...
maxdom : 35
D->valSize : 1225
Solving...
currentSize : 18 <-- 0.036294 s
currentSize : 19 <-- 0.063832 s
currentSize : 20 <-- 0.470213 s
currentSize : 22 <-- 3.299105 s
currentSize : 23 <-- 78.587387 s
currentSize : 24 <-- 674.395996 s
currentSize : 25 <-- 674.676331 s
currentSize : 26 <-- 674.676392 s
currentSize : 27 <-- 789.402344 s

maxsize : 27
nodes : 179670288.000000
filtered : 2849484158.000000
time : 810.356506
