Parameters: GAD=1 vflib=1 dir=0 label=0 lowerbound=1 fileNameGp=../graphsdb/mcs50/bvg/b06/mcs50_b06_s30.A80 fileNameGt=../graphsdb/mcs50/bvg/b06/mcs50_b06_s30.B80
Reading graphs...
30 :  88
30 :  88
Initializing...
maxdom : 30
D->valSize : 900
Solving...
currentSize : 11 <-- 0.010047 s
currentSize : 12 <-- 0.010155 s
currentSize : 13 <-- 0.013048 s
currentSize : 14 <-- 0.037331 s
currentSize : 15 <-- 0.183050 s
currentSize : 16 <-- 0.345062 s
currentSize : 17 <-- 1.343080 s
currentSize : 18 <-- 7.119837 s
currentSize : 19 <-- 16.694775 s

maxsize : 19
nodes : 11197982.000000
filtered : 293502015.000000
time : 58.140530
