Parameters: GAD=1 vflib=1 dir=0 label=0 lowerbound=1 fileNameGp=../graphsdb/mcs50/bvg/b03/mcs50_b03_s25.A78 fileNameGt=../graphsdb/mcs50/bvg/b03/mcs50_b03_s25.B78
Reading graphs...
25 :  37
25 :  36
Initializing...
maxdom : 25
D->valSize : 625
Solving...
currentSize : 13 <-- 0.005475 s
currentSize : 14 <-- 0.005644 s
currentSize : 15 <-- 0.007242 s
currentSize : 16 <-- 0.021129 s
currentSize : 17 <-- 0.512979 s
currentSize : 18 <-- 1.148911 s

maxsize : 18
nodes : 1284338.000000
filtered : 17603064.000000
time : 4.607017
