Parameters: GAD=1 vflib=1 dir=0 label=0 lowerbound=1 fileNameGp=../graphsdb/mcs50/rand/r005/mcs50_r005_s25.A20 fileNameGt=../graphsdb/mcs50/rand/r005/mcs50_r005_s25.B20
Reading graphs...
25 :  35
25 :  34
Initializing...
maxdom : 25
D->valSize : 625
Solving...
currentSize : 5 <-- 0.005246 s
currentSize : 13 <-- 0.005308 s
currentSize : 14 <-- 0.005324 s
currentSize : 15 <-- 0.010261 s
currentSize : 16 <-- 0.010268 s
currentSize : 17 <-- 0.434168 s
currentSize : 18 <-- 0.537384 s

maxsize : 18
nodes : 1109437.000000
filtered : 15014245.000000
time : 4.154103
