Parameters: GAD=1 vflib=1 dir=0 label=0 lowerbound=1 fileNameGp=../graphsdb/mcs50/rand/r01/mcs50_r01_s20.A73 fileNameGt=../graphsdb/mcs50/rand/r01/mcs50_r01_s20.B73
Reading graphs...
20 :  36
20 :  36
Initializing...
maxdom : 20
D->valSize : 400
Solving...
currentSize : 8 <-- 0.002205 s
currentSize : 10 <-- 0.002269 s
currentSize : 11 <-- 0.002435 s
currentSize : 12 <-- 0.004620 s
currentSize : 13 <-- 0.011227 s
currentSize : 14 <-- 0.026505 s

maxsize : 14
nodes : 73566.000000
filtered : 1084224.000000
time : 0.252031
