Parameters: GAD=1 vflib=1 dir=0 label=0 lowerbound=1 fileNameGp=../graphsdb/mcs50/bvg/b06/mcs50_b06_s30.A73 fileNameGt=../graphsdb/mcs50/bvg/b06/mcs50_b06_s30.B73
Reading graphs...
30 :  90
30 :  88
Initializing...
maxdom : 30
D->valSize : 900
Solving...
currentSize : 12 <-- 0.010121 s
currentSize : 13 <-- 0.010144 s
currentSize : 14 <-- 0.011056 s
currentSize : 15 <-- 0.030156 s
currentSize : 16 <-- 0.055470 s
currentSize : 17 <-- 0.134263 s
currentSize : 18 <-- 1.119533 s
currentSize : 19 <-- 20.857021 s

maxsize : 19
nodes : 10685865.000000
filtered : 287743176.000000
time : 55.450516
