Parameters: GAD=1 vflib=1 dir=0 label=0 lowerbound=1 fileNameGp=../graphsdb/mcs50/m2D/m2Dr2/mcs50_m2Dr2_s30.A36 fileNameGt=../graphsdb/mcs50/m2D/m2Dr2/mcs50_m2Dr2_s30.B36
Reading graphs...
30 :  53
30 :  52
Initializing...
maxdom : 30
D->valSize : 900
Solving...
currentSize : 12 <-- 0.010890 s
currentSize : 13 <-- 0.010913 s
currentSize : 14 <-- 0.011225 s
currentSize : 15 <-- 0.011896 s
currentSize : 16 <-- 0.018937 s
currentSize : 17 <-- 0.284894 s
currentSize : 18 <-- 1.241356 s
currentSize : 19 <-- 2.684841 s
currentSize : 20 <-- 6.404780 s
currentSize : 21 <-- 23.627169 s

maxsize : 21
nodes : 13648460.000000
filtered : 300977188.000000
time : 66.303085
