Parameters: GAD=1 vflib=1 dir=0 label=0 lowerbound=1 fileNameGp=../graphsdb/mcs50/rand/r01/mcs50_r01_s20.A64 fileNameGt=../graphsdb/mcs50/rand/r01/mcs50_r01_s20.B64
Reading graphs...
20 :  37
20 :  37
Initializing...
maxdom : 20
D->valSize : 400
Solving...
currentSize : 7 <-- 0.003671 s
currentSize : 8 <-- 0.003691 s
currentSize : 9 <-- 0.003893 s
currentSize : 10 <-- 0.003906 s
currentSize : 11 <-- 0.004482 s
currentSize : 12 <-- 0.011361 s
currentSize : 13 <-- 0.030688 s
currentSize : 14 <-- 0.278344 s

maxsize : 14
nodes : 104244.000000
filtered : 1281953.000000
time : 0.361152
