Parameters: GAD=1 vflib=1 dir=0 label=0 lowerbound=1 fileNameGp=../graphsdb/mcs50/rand/r02/mcs50_r02_s35.A30 fileNameGt=../graphsdb/mcs50/rand/r02/mcs50_r02_s35.B30
Reading graphs...
35 :  215
35 :  214
Initializing...
maxdom : 35
D->valSize : 1225
Solving...
currentSize : 9 <-- 0.029289 s
currentSize : 10 <-- 0.029370 s
currentSize : 11 <-- 0.029614 s
currentSize : 12 <-- 0.036846 s
currentSize : 13 <-- 0.057844 s
currentSize : 14 <-- 0.191229 s
currentSize : 15 <-- 17.627792 s
currentSize : 17 <-- 2149.218506 s

maxsize : 17
nodes : 663527760.000000
filtered : 9572705991.000000
time : 3040.717773
