Parameters: GAD=1 vflib=1 dir=0 label=0 lowerbound=1 fileNameGp=../graphsdb/mcs50/rand/r005/mcs50_r005_s25.A09 fileNameGt=../graphsdb/mcs50/rand/r005/mcs50_r005_s25.B09
Reading graphs...
25 :  35
25 :  33
Initializing...
maxdom : 25
D->valSize : 625
Solving...
currentSize : 8 <-- 0.005393 s
currentSize : 10 <-- 0.005540 s
currentSize : 11 <-- 0.005577 s
currentSize : 14 <-- 0.008227 s
currentSize : 15 <-- 0.009545 s
currentSize : 16 <-- 0.089762 s
currentSize : 17 <-- 0.213458 s

maxsize : 17
nodes : 1431621.000000
filtered : 20280679.000000
time : 5.255160
