Parameters: GAD=1 vflib=1 dir=0 label=0 lowerbound=1 fileNameGp=../graphsdb/mcs50/bvg/b06m/mcs50_b06m_s35.A73 fileNameGt=../graphsdb/mcs50/bvg/b06m/mcs50_b06m_s35.B73
Reading graphs...
35 :  101
35 :  102
Initializing...
maxdom : 35
D->valSize : 1225
Solving...
currentSize : 14 <-- 0.019238 s
currentSize : 15 <-- 0.019292 s
currentSize : 16 <-- 0.019458 s
currentSize : 17 <-- 0.019508 s
currentSize : 18 <-- 0.022001 s
currentSize : 19 <-- 0.052528 s
currentSize : 20 <-- 0.055579 s
currentSize : 21 <-- 154.098404 s

maxsize : 21
nodes : 327021404.000000
filtered : 8758076753.000000
time : 1820.867798
