Parameters: GAD=1 vflib=1 dir=0 label=0 lowerbound=1 fileNameGp=../graphsdb/mcs50/m4D/m4D/mcs50_m4D_s35.A50 fileNameGt=../graphsdb/mcs50/m4D/m4D/mcs50_m4D_s35.B50
Reading graphs...
35 :  63
35 :  63
Initializing...
maxdom : 35
D->valSize : 1225
Solving...
currentSize : 7 <-- 0.035691 s
currentSize : 12 <-- 0.035955 s
currentSize : 14 <-- 0.036468 s
currentSize : 17 <-- 0.036511 s
currentSize : 18 <-- 0.038310 s
currentSize : 19 <-- 0.044269 s
currentSize : 20 <-- 0.045148 s
currentSize : 21 <-- 0.066062 s
currentSize : 22 <-- 5.424589 s
currentSize : 23 <-- 35.279633 s
currentSize : 24 <-- 53.415329 s

maxsize : 24
nodes : 83399039.000000
filtered : 1887202877.000000
time : 435.803406
