Parameters: GAD=1 vflib=1 dir=0 label=0 lowerbound=1 fileNameGp=../graphsdb/mcs50/m4D/m4Dr4/mcs50_m4Dr4_s35.A73 fileNameGt=../graphsdb/mcs50/m4D/m4Dr4/mcs50_m4Dr4_s35.B73
Reading graphs...
35 :  75
35 :  76
Initializing...
maxdom : 35
D->valSize : 1225
Solving...
currentSize : 13 <-- 0.020364 s
currentSize : 14 <-- 0.020387 s
currentSize : 15 <-- 0.020396 s
currentSize : 16 <-- 0.020420 s
currentSize : 17 <-- 0.020783 s
currentSize : 18 <-- 0.024704 s
currentSize : 19 <-- 0.391276 s
currentSize : 20 <-- 1.193219 s
currentSize : 21 <-- 1.253125 s
currentSize : 22 <-- 7.370626 s
currentSize : 23 <-- 18.527016 s
currentSize : 24 <-- 22.058479 s

maxsize : 24
nodes : 46455724.000000
filtered : 1433834853.000000
time : 290.308838
