Parameters: GAD=1 vflib=1 dir=0 label=0 lowerbound=1 fileNameGp=../graphsdb/mcs50/rand/r02/mcs50_r02_s35.A75 fileNameGt=../graphsdb/mcs50/rand/r02/mcs50_r02_s35.B75
Reading graphs...
35 :  212
35 :  214
Initializing...
maxdom : 35
D->valSize : 1225
Solving...
currentSize : 10 <-- 0.029464 s
currentSize : 11 <-- 0.029501 s
currentSize : 12 <-- 0.029554 s
currentSize : 13 <-- 0.029628 s
currentSize : 14 <-- 0.069762 s
currentSize : 15 <-- 5.851630 s
currentSize : 17 <-- 2148.912354 s

maxsize : 17
nodes : 722577059.000000
filtered : 10233626091.000000
time : 3334.064941
