Parameters: GAD=1 vflib=1 dir=0 label=0 lowerbound=1 fileNameGp=../graphsdb/mcs50/rand/r01/mcs50_r01_s30.A72 fileNameGt=../graphsdb/mcs50/rand/r01/mcs50_r01_s30.B72
Reading graphs...
30 :  80
30 :  83
Initializing...
maxdom : 30
D->valSize : 900
Solving...
currentSize : 13 <-- 0.015767 s
currentSize : 14 <-- 0.016201 s
currentSize : 15 <-- 0.017999 s
currentSize : 16 <-- 0.021477 s
currentSize : 17 <-- 0.130405 s
currentSize : 18 <-- 8.097317 s

maxsize : 18
nodes : 69509866.000000
filtered : 1360354299.000000
time : 324.469116
