Parameters: GAD=1 vflib=1 dir=0 label=0 lowerbound=1 fileNameGp=../graphsdb/mcs50/bvg/b06/mcs50_b06_s30.A70 fileNameGt=../graphsdb/mcs50/bvg/b06/mcs50_b06_s30.B70
Reading graphs...
30 :  89
30 :  89
Initializing...
maxdom : 30
D->valSize : 900
Solving...
currentSize : 11 <-- 0.010067 s
currentSize : 12 <-- 0.010088 s
currentSize : 14 <-- 0.010133 s
currentSize : 15 <-- 0.023692 s
currentSize : 16 <-- 0.024155 s
currentSize : 17 <-- 0.088872 s
currentSize : 18 <-- 0.867693 s
currentSize : 19 <-- 12.508733 s

maxsize : 19
nodes : 9896786.000000
filtered : 277183041.000000
time : 53.023216
