Parameters: GAD=1 vflib=1 dir=0 label=0 lowerbound=1 fileNameGp=../graphsdb/mcs50/bvg/b06/mcs50_b06_s30.A86 fileNameGt=../graphsdb/mcs50/bvg/b06/mcs50_b06_s30.B86
Reading graphs...
30 :  89
30 :  88
Initializing...
maxdom : 30
D->valSize : 900
Solving...
currentSize : 12 <-- 0.017497 s
currentSize : 14 <-- 0.017595 s
currentSize : 15 <-- 0.019028 s
currentSize : 16 <-- 0.141581 s
currentSize : 17 <-- 0.555433 s
currentSize : 18 <-- 0.918842 s
currentSize : 19 <-- 2.427300 s

maxsize : 19
nodes : 8174090.000000
filtered : 232492788.000000
time : 44.438988
