Parameters: GAD=1 vflib=1 dir=0 label=0 lowerbound=1 fileNameGp=../graphsdb/mcs50/m4D/m4Dr4/mcs50_m4Dr4_s30.A67 fileNameGt=../graphsdb/mcs50/m4D/m4Dr4/mcs50_m4Dr4_s30.B67
Reading graphs...
30 :  63
30 :  63
Initializing...
maxdom : 30
D->valSize : 900
Solving...
currentSize : 13 <-- 0.018401 s
currentSize : 14 <-- 0.019460 s
currentSize : 15 <-- 0.019510 s
currentSize : 16 <-- 0.027535 s
currentSize : 17 <-- 0.040691 s
currentSize : 18 <-- 0.093673 s
currentSize : 19 <-- 0.213694 s
currentSize : 20 <-- 1.619666 s
currentSize : 21 <-- 30.194736 s

maxsize : 21
nodes : 6972035.000000
filtered : 181668959.000000
time : 36.886772
