Parameters: GAD=1 vflib=1 dir=0 label=0 lowerbound=1 fileNameGp=../graphsdb/mcs50/bvg/b06/mcs50_b06_s35.A91 fileNameGt=../graphsdb/mcs50/bvg/b06/mcs50_b06_s35.B91
Reading graphs...
35 :  103
35 :  104
Initializing...
maxdom : 35
D->valSize : 1225
Solving...
currentSize : 14 <-- 0.019645 s
currentSize : 15 <-- 0.019742 s
currentSize : 16 <-- 0.023580 s
currentSize : 17 <-- 0.043235 s
currentSize : 18 <-- 0.072800 s
currentSize : 20 <-- 0.186225 s
currentSize : 21 <-- 222.530533 s

maxsize : 21
nodes : 193709070.000000
filtered : 6005760491.000000
time : 1149.179321
