Parameters: GAD=1 vflib=1 dir=0 label=0 lowerbound=1 fileNameGp=../graphsdb/mcs50/bvg/b03m/mcs50_b03m_s20.A71 fileNameGt=../graphsdb/mcs50/bvg/b03m/mcs50_b03m_s20.B71
Reading graphs...
20 :  30
20 :  29
Initializing...
maxdom : 20
D->valSize : 400
Solving...
currentSize : 8 <-- 0.002237 s
currentSize : 9 <-- 0.002412 s
currentSize : 10 <-- 0.002690 s
currentSize : 11 <-- 0.005087 s
currentSize : 12 <-- 0.005848 s
currentSize : 13 <-- 0.006443 s
currentSize : 14 <-- 0.101652 s

maxsize : 14
nodes : 167808.000000
filtered : 1848768.000000
time : 0.518368
