Parameters: GAD=1 vflib=1 dir=0 label=0 lowerbound=1 fileNameGp=../graphsdb/mcs50/m2D/m2Dr2/mcs50_m2Dr2_s30.A96 fileNameGt=../graphsdb/mcs50/m2D/m2Dr2/mcs50_m2Dr2_s30.B96
Reading graphs...
30 :  54
30 :  51
Initializing...
maxdom : 30
D->valSize : 900
Solving...
currentSize : 16 <-- 0.011013 s
currentSize : 17 <-- 0.011936 s
currentSize : 18 <-- 0.013862 s
currentSize : 19 <-- 0.159320 s
currentSize : 20 <-- 11.996992 s
currentSize : 21 <-- 33.476376 s

maxsize : 21
nodes : 15830826.000000
filtered : 333031875.000000
time : 73.703796
