Parameters: GAD=1 vflib=1 dir=0 label=0 lowerbound=1 fileNameGp=../graphsdb/mcs50/rand/r02/mcs50_r02_s35.A02 fileNameGt=../graphsdb/mcs50/rand/r02/mcs50_r02_s35.B02
Reading graphs...
35 :  207
35 :  213
Initializing...
maxdom : 35
D->valSize : 1225
Solving...
currentSize : 8 <-- 0.017397 s
currentSize : 9 <-- 0.017445 s
currentSize : 10 <-- 0.017473 s
currentSize : 11 <-- 0.017688 s
currentSize : 12 <-- 0.017786 s
currentSize : 13 <-- 0.046245 s
currentSize : 14 <-- 0.608148 s
currentSize : 15 <-- 4.581072 s
currentSize : 16 <-- 2775.505371 s
currentSize : 17 <-- 2779.981934 s

TIMEOUT
maxsize : 17
nodes : 803997525.000000
filtered : 10940544337.000000
time : 3600.000000
