Parameters: GAD=1 vflib=1 dir=0 label=0 lowerbound=1 fileNameGp=../graphsdb/mcs50/m3D/m3Dr4/mcs50_m3Dr4_s20.A94 fileNameGt=../graphsdb/mcs50/m3D/m3Dr4/mcs50_m3Dr4_s20.B94
Reading graphs...
20 :  43
20 :  45
Initializing...
maxdom : 20
D->valSize : 400
Solving...
currentSize : 9 <-- 0.002158 s
currentSize : 10 <-- 0.002272 s
currentSize : 11 <-- 0.002801 s
currentSize : 12 <-- 0.002983 s
currentSize : 13 <-- 0.003918 s
currentSize : 14 <-- 0.017461 s

maxsize : 14
nodes : 34485.000000
filtered : 720251.000000
time : 0.138348
