Parameters: GAD=1 vflib=1 dir=0 label=0 lowerbound=1 fileNameGp=../graphsdb/mcs50/bvg/b03m/mcs50_b03m_s30.A03 fileNameGt=../graphsdb/mcs50/bvg/b03m/mcs50_b03m_s30.B03
Reading graphs...
30 :  43
30 :  44
Initializing...
maxdom : 30
D->valSize : 900
Solving...
currentSize : 13 <-- 0.011164 s
currentSize : 15 <-- 0.014807 s
currentSize : 16 <-- 0.015261 s
currentSize : 17 <-- 0.015433 s
currentSize : 18 <-- 0.066403 s
currentSize : 19 <-- 0.434282 s
currentSize : 20 <-- 6.764476 s
currentSize : 21 <-- 9.371620 s
currentSize : 22 <-- 11.848626 s

maxsize : 22
nodes : 6165205.000000
filtered : 100961717.000000
time : 26.878750
