Parameters: GAD=1 vflib=1 dir=0 label=0 lowerbound=1 fileNameGp=../graphsdb/mcs50/bvg/b03/mcs50_b03_s30.A33 fileNameGt=../graphsdb/mcs50/bvg/b03/mcs50_b03_s30.B33
Reading graphs...
30 :  45
30 :  45
Initializing...
maxdom : 30
D->valSize : 900
Solving...
currentSize : 14 <-- 0.019410 s
currentSize : 15 <-- 0.019438 s
currentSize : 16 <-- 0.022433 s
currentSize : 17 <-- 0.027709 s
currentSize : 18 <-- 0.471884 s
currentSize : 19 <-- 0.473024 s
currentSize : 20 <-- 0.567534 s
currentSize : 21 <-- 1.774052 s
currentSize : 22 <-- 3.113528 s
currentSize : 23 <-- 7.655251 s

maxsize : 23
nodes : 2224815.000000
filtered : 47408773.000000
time : 11.171309
