Parameters: GAD=1 vflib=1 dir=0 label=0 lowerbound=1 fileNameGp=../graphsdb/mcs50/bvg/b03m/mcs50_b03m_s20.A25 fileNameGt=../graphsdb/mcs50/bvg/b03m/mcs50_b03m_s20.B25
Reading graphs...
20 :  30
20 :  30
Initializing...
maxdom : 20
D->valSize : 400
Solving...
currentSize : 9 <-- 0.002253 s
currentSize : 10 <-- 0.002529 s
currentSize : 11 <-- 0.004440 s
currentSize : 12 <-- 0.004841 s
currentSize : 13 <-- 0.006823 s
currentSize : 14 <-- 0.017253 s
currentSize : 15 <-- 0.060813 s

maxsize : 15
nodes : 23986.000000
filtered : 313174.000000
time : 0.076643
