Parameters: GAD=1 vflib=1 dir=0 label=0 lowerbound=1 fileNameGp=../graphsdb/mcs50/bvg/b09/mcs50_b09_s30.A16 fileNameGt=../graphsdb/mcs50/bvg/b09/mcs50_b09_s30.B16
Reading graphs...
30 :  134
30 :  133
Initializing...
maxdom : 30
D->valSize : 900
Solving...
currentSize : 9 <-- 0.009556 s
currentSize : 10 <-- 0.009576 s
currentSize : 11 <-- 0.009612 s
currentSize : 12 <-- 0.009708 s
currentSize : 13 <-- 0.026407 s
currentSize : 14 <-- 0.026780 s
currentSize : 15 <-- 0.358164 s
currentSize : 16 <-- 1.081315 s
currentSize : 17 <-- 1.539745 s

maxsize : 17
nodes : 10966522.000000
filtered : 267203512.000000
time : 55.327843
