Parameters: GAD=1 vflib=1 dir=0 label=0 lowerbound=1 fileNameGp=../graphsdb/mcs50/m2D/m2D/mcs50_m2D_s30.A21 fileNameGt=../graphsdb/mcs50/m2D/m2D/mcs50_m2D_s30.B21
Reading graphs...
30 :  49
30 :  49
Initializing...
maxdom : 30
D->valSize : 900
Solving...
currentSize : 12 <-- 0.019189 s
currentSize : 15 <-- 0.019253 s
currentSize : 16 <-- 0.020772 s
currentSize : 17 <-- 0.022409 s
currentSize : 18 <-- 0.073053 s
currentSize : 19 <-- 1.810812 s
currentSize : 20 <-- 2.330070 s
currentSize : 21 <-- 14.893303 s

maxsize : 21
nodes : 14343065.000000
filtered : 320911906.000000
time : 68.126251
