Parameters: GAD=1 vflib=1 dir=0 label=0 lowerbound=1 fileNameGp=../graphsdb/mcs50/rand/r02/mcs50_r02_s35.A54 fileNameGt=../graphsdb/mcs50/rand/r02/mcs50_r02_s35.B54
Reading graphs...
35 :  210
35 :  209
Initializing...
maxdom : 35
D->valSize : 1225
Solving...
currentSize : 10 <-- 0.017622 s
currentSize : 11 <-- 0.017681 s
currentSize : 12 <-- 0.019603 s
currentSize : 13 <-- 0.023059 s
currentSize : 14 <-- 0.200802 s
currentSize : 15 <-- 0.865024 s
currentSize : 16 <-- 2268.664795 s
currentSize : 17 <-- 2279.077881 s

maxsize : 17
nodes : 714215918.000000
filtered : 10294369242.000000
time : 3253.834717
