Parameters: GAD=1 vflib=1 dir=0 label=0 lowerbound=1 fileNameGp=../graphsdb/mcs50/bvg/b09/mcs50_b09_s35.A13 fileNameGt=../graphsdb/mcs50/bvg/b09/mcs50_b09_s35.B13
Reading graphs...
35 :  156
35 :  152
Initializing...
maxdom : 35
D->valSize : 1225
Solving...
currentSize : 11 <-- 0.030842 s
currentSize : 12 <-- 0.030933 s
currentSize : 13 <-- 0.034066 s
currentSize : 14 <-- 0.042889 s
currentSize : 15 <-- 0.070900 s
currentSize : 16 <-- 0.313236 s
currentSize : 17 <-- 17.988949 s
currentSize : 18 <-- 48.585537 s
currentSize : 19 <-- 52.263947 s

maxsize : 19
nodes : 131205190.000000
filtered : 3441746657.000000
time : 726.261169
