Parameters: GAD=1 vflib=1 dir=0 label=0 lowerbound=1 fileNameGp=../graphsdb/mcs50/bvg/b09/mcs50_b09_s30.A08 fileNameGt=../graphsdb/mcs50/bvg/b09/mcs50_b09_s30.B08
Reading graphs...
30 :  133
30 :  129
Initializing...
maxdom : 30
D->valSize : 900
Solving...
currentSize : 8 <-- 0.009515 s
currentSize : 9 <-- 0.009535 s
currentSize : 10 <-- 0.009615 s
currentSize : 11 <-- 0.009677 s
currentSize : 12 <-- 0.009685 s
currentSize : 14 <-- 0.009735 s
currentSize : 15 <-- 0.313864 s
currentSize : 16 <-- 0.359609 s
currentSize : 17 <-- 2.113610 s

maxsize : 17
nodes : 10226051.000000
filtered : 244345274.000000
time : 50.980034
