Parameters: GAD=1 vflib=1 dir=0 label=0 lowerbound=1 fileNameGp=../graphsdb/mcs50/bvg/b03/mcs50_b03_s35.A13 fileNameGt=../graphsdb/mcs50/bvg/b03/mcs50_b03_s35.B13
Reading graphs...
35 :  52
35 :  52
Initializing...
maxdom : 35
D->valSize : 1225
Solving...
currentSize : 14 <-- 0.025938 s
currentSize : 16 <-- 0.026031 s
currentSize : 17 <-- 0.026052 s
currentSize : 19 <-- 0.026466 s
currentSize : 20 <-- 0.037402 s
currentSize : 21 <-- 0.045373 s
currentSize : 22 <-- 0.045915 s
currentSize : 23 <-- 0.098471 s
currentSize : 24 <-- 0.200490 s
currentSize : 25 <-- 0.350468 s
currentSize : 26 <-- 15.082078 s

maxsize : 26
nodes : 20183558.000000
filtered : 581890102.000000
time : 125.503296
