Parameters: GAD=1 vflib=1 dir=0 label=0 lowerbound=1 fileNameGp=../graphsdb/mcs50/bvg/b09m/mcs50_b09m_s30.A69 fileNameGt=../graphsdb/mcs50/bvg/b09m/mcs50_b09m_s30.B69
Reading graphs...
30 :  127
30 :  124
Initializing...
maxdom : 30
D->valSize : 900
Solving...
currentSize : 11 <-- 0.009799 s
currentSize : 12 <-- 0.009835 s
currentSize : 13 <-- 0.009865 s
currentSize : 14 <-- 0.010171 s
currentSize : 15 <-- 0.011150 s
currentSize : 16 <-- 43.085175 s
currentSize : 17 <-- 43.085297 s

maxsize : 17
nodes : 20763752.000000
filtered : 410188811.000000
time : 95.767807
