Parameters: GAD=1 vflib=1 dir=0 label=0 lowerbound=1 fileNameGp=../graphsdb/mcs50/bvg/b09/mcs50_b09_s25.A62 fileNameGt=../graphsdb/mcs50/bvg/b09/mcs50_b09_s25.B62
Reading graphs...
25 :  105
25 :  108
Initializing...
maxdom : 25
D->valSize : 625
Solving...
currentSize : 9 <-- 0.004595 s
currentSize : 10 <-- 0.006660 s
currentSize : 11 <-- 0.006919 s
currentSize : 12 <-- 0.007165 s
currentSize : 13 <-- 0.016424 s
currentSize : 14 <-- 0.034623 s

maxsize : 14
nodes : 1655663.000000
filtered : 30643075.000000
time : 7.273192
