Parameters: GAD=1 vflib=1 dir=0 label=0 lowerbound=1 fileNameGp=../graphsdb/mcs50/bvg/b09/mcs50_b09_s35.A85 fileNameGt=../graphsdb/mcs50/bvg/b09/mcs50_b09_s35.B85
Reading graphs...
35 :  156
35 :  154
Initializing...
maxdom : 35
D->valSize : 1225
Solving...
currentSize : 10 <-- 0.031301 s
currentSize : 11 <-- 0.031335 s
currentSize : 13 <-- 0.031435 s
currentSize : 14 <-- 0.034271 s
currentSize : 15 <-- 0.035687 s
currentSize : 16 <-- 0.044112 s
currentSize : 17 <-- 0.052998 s
currentSize : 18 <-- 0.427110 s
currentSize : 19 <-- 161.553253 s

maxsize : 19
nodes : 202564227.000000
filtered : 5137142747.000000
time : 1106.097656
