Parameters: GAD=1 vflib=1 dir=0 label=0 lowerbound=1 fileNameGp=../graphsdb/mcs50/m4D/m4Dr4/mcs50_m4Dr4_s35.A57 fileNameGt=../graphsdb/mcs50/m4D/m4Dr4/mcs50_m4Dr4_s35.B57
Reading graphs...
35 :  76
35 :  76
Initializing...
maxdom : 35
D->valSize : 1225
Solving...
currentSize : 16 <-- 0.019978 s
currentSize : 17 <-- 0.043241 s
currentSize : 18 <-- 0.382509 s
currentSize : 19 <-- 0.493617 s
currentSize : 20 <-- 3.383906 s
currentSize : 21 <-- 3.384334 s
currentSize : 22 <-- 3.384439 s
currentSize : 23 <-- 124.365044 s

maxsize : 23
nodes : 141214808.000000
filtered : 4094787277.000000
time : 826.446838
