Parameters: GAD=1 vflib=1 dir=0 label=0 lowerbound=1 fileNameGp=../graphsdb/mcs50/rand/r01/mcs50_r01_s35.A90 fileNameGt=../graphsdb/mcs50/rand/r01/mcs50_r01_s35.B90
Reading graphs...
35 :  113
35 :  112
Initializing...
maxdom : 35
D->valSize : 1225
Solving...
currentSize : 15 <-- 0.019405 s
currentSize : 16 <-- 0.027498 s
currentSize : 17 <-- 0.115135 s
currentSize : 18 <-- 3.544431 s
currentSize : 19 <-- 37.066917 s
currentSize : 20 <-- 544.923279 s

maxsize : 20
nodes : 612442593.000000
filtered : 14384807034.000000
time : 3227.370850
