Parameters: GAD=1 vflib=1 dir=0 label=0 lowerbound=1 fileNameGp=../graphsdb/mcs50/bvg/b09m/mcs50_b09m_s25.A06 fileNameGt=../graphsdb/mcs50/bvg/b09m/mcs50_b09m_s25.B06
Reading graphs...
25 :  105
25 :  103
Initializing...
maxdom : 25
D->valSize : 625
Solving...
currentSize : 10 <-- 0.007743 s
currentSize : 11 <-- 0.007852 s
currentSize : 12 <-- 0.051521 s
currentSize : 13 <-- 0.247442 s
currentSize : 14 <-- 0.716984 s
currentSize : 15 <-- 0.750361 s

maxsize : 15
nodes : 928866.000000
filtered : 19492198.000000
time : 4.142699
