Parameters: GAD=1 vflib=1 dir=0 label=0 lowerbound=1 fileNameGp=../graphsdb/mcs50/bvg/b06m/mcs50_b06m_s30.A37 fileNameGt=../graphsdb/mcs50/bvg/b06m/mcs50_b06m_s30.B37
Reading graphs...
30 :  85
30 :  85
Initializing...
maxdom : 30
D->valSize : 900
Solving...
currentSize : 13 <-- 0.010237 s
currentSize : 14 <-- 0.010297 s
currentSize : 15 <-- 0.010982 s
currentSize : 16 <-- 0.016940 s
currentSize : 17 <-- 0.023636 s
currentSize : 18 <-- 4.148326 s
currentSize : 19 <-- 14.264374 s

maxsize : 19
nodes : 11492767.000000
filtered : 302802232.000000
time : 59.917767
