Parameters: GAD=1 vflib=1 dir=0 label=0 lowerbound=1 fileNameGp=../graphsdb/mcs50/bvg/b03m/mcs50_b03m_s30.A29 fileNameGt=../graphsdb/mcs50/bvg/b03m/mcs50_b03m_s30.B29
Reading graphs...
30 :  45
30 :  45
Initializing...
maxdom : 30
D->valSize : 900
Solving...
currentSize : 10 <-- 0.019259 s
currentSize : 13 <-- 0.019578 s
currentSize : 14 <-- 0.019785 s
currentSize : 16 <-- 0.024498 s
currentSize : 17 <-- 0.040433 s
currentSize : 18 <-- 0.167593 s
currentSize : 19 <-- 0.618224 s
currentSize : 20 <-- 1.573157 s
currentSize : 21 <-- 2.368050 s
currentSize : 22 <-- 2.368104 s

maxsize : 22
nodes : 3741969.000000
filtered : 86021705.000000
time : 18.842300
