Parameters: GAD=1 vflib=1 dir=0 label=0 lowerbound=1 fileNameGp=../graphsdb/mcs50/rand/r005/mcs50_r005_s35.A57 fileNameGt=../graphsdb/mcs50/rand/r005/mcs50_r005_s35.B57
Reading graphs...
35 :  59
35 :  61
Initializing...
maxdom : 35
D->valSize : 1225
Solving...
currentSize : 13 <-- 0.020704 s
currentSize : 14 <-- 0.020806 s
currentSize : 15 <-- 0.021006 s
currentSize : 16 <-- 0.021078 s
currentSize : 17 <-- 0.022045 s
currentSize : 18 <-- 0.022143 s
currentSize : 19 <-- 0.343635 s
currentSize : 20 <-- 0.414963 s
currentSize : 21 <-- 0.415150 s
currentSize : 22 <-- 1.300706 s
currentSize : 23 <-- 3.625513 s
currentSize : 24 <-- 46.666805 s
currentSize : 25 <-- 79.706680 s

maxsize : 25
nodes : 64270443.000000
filtered : 1715696028.000000
time : 377.220490
