Parameters: GAD=1 vflib=1 dir=0 label=0 lowerbound=1 fileNameGp=../graphsdb/mcs50/rand/r01/mcs50_r01_s25.A62 fileNameGt=../graphsdb/mcs50/rand/r01/mcs50_r01_s25.B62
Reading graphs...
25 :  58
25 :  56
Initializing...
maxdom : 25
D->valSize : 625
Solving...
currentSize : 11 <-- 0.004931 s
currentSize : 12 <-- 0.005112 s
currentSize : 13 <-- 0.008298 s
currentSize : 14 <-- 0.011774 s
currentSize : 15 <-- 0.046570 s
currentSize : 16 <-- 1.509945 s

maxsize : 16
nodes : 1780843.000000
filtered : 33830450.000000
time : 7.314741
