Parameters: GAD=1 vflib=1 dir=0 label=0 lowerbound=1 fileNameGp=../graphsdb/mcs50/m2D/m2D/mcs50_m2D_s30.A40 fileNameGt=../graphsdb/mcs50/m2D/m2D/mcs50_m2D_s30.B40
Reading graphs...
30 :  48
30 :  49
Initializing...
maxdom : 30
D->valSize : 900
Solving...
currentSize : 12 <-- 0.011018 s
currentSize : 15 <-- 0.011144 s
currentSize : 16 <-- 0.026785 s
currentSize : 17 <-- 0.029074 s
currentSize : 18 <-- 0.030256 s
currentSize : 19 <-- 0.119999 s
currentSize : 20 <-- 6.936798 s
currentSize : 21 <-- 21.425205 s

maxsize : 21
nodes : 17886844.000000
filtered : 348837710.000000
time : 82.116096
