Parameters: GAD=1 vflib=1 dir=0 label=0 lowerbound=1 fileNameGp=../graphsdb/mcs50/m4D/m4D/mcs50_m4D_s35.A91 fileNameGt=../graphsdb/mcs50/m4D/m4D/mcs50_m4D_s35.B91
Reading graphs...
35 :  63
35 :  63
Initializing...
maxdom : 35
D->valSize : 1225
Solving...
currentSize : 17 <-- 0.035865 s
currentSize : 18 <-- 0.038112 s
currentSize : 20 <-- 0.041062 s
currentSize : 21 <-- 0.093650 s
currentSize : 22 <-- 2.373453 s
currentSize : 23 <-- 2.452350 s
currentSize : 24 <-- 19.105907 s
currentSize : 25 <-- 88.937309 s

maxsize : 25
nodes : 40946643.000000
filtered : 1118330710.000000
time : 236.722748
