Parameters: GAD=1 vflib=1 dir=0 label=0 lowerbound=1 fileNameGp=../graphsdb/mcs50/bvg/b09/mcs50_b09_s30.A01 fileNameGt=../graphsdb/mcs50/bvg/b09/mcs50_b09_s30.B01
Reading graphs...
30 :  131
30 :  132
Initializing...
maxdom : 30
D->valSize : 900
Solving...
currentSize : 8 <-- 0.009813 s
currentSize : 9 <-- 0.009839 s
currentSize : 10 <-- 0.009849 s
currentSize : 11 <-- 0.010013 s
currentSize : 13 <-- 0.010248 s
currentSize : 14 <-- 0.103738 s
currentSize : 15 <-- 0.647359 s
currentSize : 16 <-- 2.124279 s
currentSize : 17 <-- 15.366689 s
currentSize : 18 <-- 15.403396 s

maxsize : 18
nodes : 7383299.000000
filtered : 158230810.000000
time : 35.943668
