Parameters: GAD=1 vflib=1 dir=0 label=0 lowerbound=1 fileNameGp=../graphsdb/mcs50/rand/r005/mcs50_r005_s35.A18 fileNameGt=../graphsdb/mcs50/rand/r005/mcs50_r005_s35.B18
Reading graphs...
35 :  62
35 :  61
Initializing...
maxdom : 35
D->valSize : 1225
Solving...
currentSize : 13 <-- 0.035954 s
currentSize : 14 <-- 0.036046 s
currentSize : 15 <-- 0.036721 s
currentSize : 16 <-- 0.036826 s
currentSize : 17 <-- 0.036837 s
currentSize : 18 <-- 0.037797 s
currentSize : 19 <-- 0.039171 s
currentSize : 20 <-- 0.039197 s
currentSize : 21 <-- 0.149901 s
currentSize : 22 <-- 0.543330 s
currentSize : 23 <-- 13.574601 s
currentSize : 24 <-- 133.781708 s

maxsize : 24
nodes : 195630415.000000
filtered : 4791493033.000000
time : 1064.829834
