Parameters: GAD=1 vflib=1 dir=0 label=0 lowerbound=1 fileNameGp=../graphsdb/mcs50/m2D/m2Dr2/mcs50_m2Dr2_s30.A08 fileNameGt=../graphsdb/mcs50/m2D/m2Dr2/mcs50_m2Dr2_s30.B08
Reading graphs...
30 :  54
30 :  54
Initializing...
maxdom : 30
D->valSize : 900
Solving...
currentSize : 15 <-- 0.010775 s
currentSize : 16 <-- 0.012929 s
currentSize : 17 <-- 0.017010 s
currentSize : 18 <-- 0.081218 s
currentSize : 19 <-- 3.269457 s
currentSize : 20 <-- 18.557196 s

maxsize : 20
nodes : 31298240.000000
filtered : 625654126.000000
time : 145.189865
