Parameters: GAD=1 vflib=1 dir=0 label=0 lowerbound=1 fileNameGp=../graphsdb/mcs50/rand/r005/mcs50_r005_s30.A97 fileNameGt=../graphsdb/mcs50/rand/r005/mcs50_r005_s30.B97
Reading graphs...
30 :  46
30 :  47
Initializing...
maxdom : 30
D->valSize : 900
Solving...
currentSize : 10 <-- 0.019296 s
currentSize : 11 <-- 0.019329 s
currentSize : 12 <-- 0.019466 s
currentSize : 13 <-- 0.019540 s
currentSize : 14 <-- 0.020186 s
currentSize : 15 <-- 0.022607 s
currentSize : 16 <-- 0.022620 s
currentSize : 17 <-- 0.030702 s
currentSize : 18 <-- 0.283045 s
currentSize : 20 <-- 0.727357 s
currentSize : 21 <-- 10.095912 s
currentSize : 22 <-- 10.096248 s

maxsize : 22
nodes : 5115264.000000
filtered : 103375173.000000
time : 23.546814
