Parameters: GAD=1 vflib=1 dir=0 label=0 lowerbound=1 fileNameGp=../graphsdb/mcs50/bvg/b03m/mcs50_b03m_s15.A33 fileNameGt=../graphsdb/mcs50/bvg/b03m/mcs50_b03m_s15.B33
Reading graphs...
15 :  22
15 :  21
Initializing...
maxdom : 15
D->valSize : 225
Solving...
currentSize : 7 <-- 0.000989 s
currentSize : 8 <-- 0.001117 s
currentSize : 9 <-- 0.001140 s
currentSize : 10 <-- 0.001661 s
currentSize : 11 <-- 0.002762 s
currentSize : 12 <-- 0.002788 s

maxsize : 12
nodes : 2114.000000
filtered : 28460.000000
time : 0.006998
