Parameters: GAD=1 vflib=1 dir=0 label=0 lowerbound=1 fileNameGp=../graphsdb/mcs50/bvg/b09m/mcs50_b09m_s30.A79 fileNameGt=../graphsdb/mcs50/bvg/b09m/mcs50_b09m_s30.B79
Reading graphs...
30 :  127
30 :  130
Initializing...
maxdom : 30
D->valSize : 900
Solving...
currentSize : 10 <-- 0.009572 s
currentSize : 11 <-- 0.009644 s
currentSize : 12 <-- 0.011709 s
currentSize : 13 <-- 0.012893 s
currentSize : 14 <-- 0.027554 s
currentSize : 15 <-- 0.774592 s
currentSize : 16 <-- 19.286928 s

maxsize : 16
nodes : 27796595.000000
filtered : 526868754.000000
time : 127.173988
