Parameters: GAD=1 vflib=1 dir=0 label=0 lowerbound=1 fileNameGp=../graphsdb/mcs50/bvg/b03m/mcs50_b03m_s35.A13 fileNameGt=../graphsdb/mcs50/bvg/b03m/mcs50_b03m_s35.B13
Reading graphs...
35 :  50
35 :  50
Initializing...
maxdom : 35
D->valSize : 1225
Solving...
currentSize : 15 <-- 0.021320 s
currentSize : 17 <-- 0.021424 s
currentSize : 18 <-- 0.029301 s
currentSize : 19 <-- 0.031279 s
currentSize : 20 <-- 0.089006 s
currentSize : 21 <-- 1.807600 s
currentSize : 22 <-- 10.989773 s
currentSize : 23 <-- 114.374817 s
currentSize : 24 <-- 184.651520 s
currentSize : 25 <-- 315.468079 s

maxsize : 25
nodes : 185144094.000000
filtered : 3129441598.000000
time : 861.213562
