Parameters: GAD=1 vflib=1 dir=0 label=0 lowerbound=1 fileNameGp=../graphsdb/mcs50/bvg/b06m/mcs50_b06m_s35.A10 fileNameGt=../graphsdb/mcs50/bvg/b06m/mcs50_b06m_s35.B10
Reading graphs...
35 :  100
35 :  102
Initializing...
maxdom : 35
D->valSize : 1225
Solving...
currentSize : 14 <-- 0.019649 s
currentSize : 15 <-- 0.020465 s
currentSize : 16 <-- 0.032880 s
currentSize : 17 <-- 0.057304 s
currentSize : 18 <-- 0.100908 s
currentSize : 19 <-- 0.168712 s
currentSize : 20 <-- 1.235081 s
currentSize : 21 <-- 205.400833 s

maxsize : 21
nodes : 251004109.000000
filtered : 6963294460.000000
time : 1447.890015
