Parameters: GAD=1 vflib=1 dir=0 label=0 lowerbound=1 fileNameGp=../graphsdb/mcs50/bvg/b06m/mcs50_b06m_s30.A55 fileNameGt=../graphsdb/mcs50/bvg/b06m/mcs50_b06m_s30.B55
Reading graphs...
30 :  88
30 :  87
Initializing...
maxdom : 30
D->valSize : 900
Solving...
currentSize : 11 <-- 0.010045 s
currentSize : 12 <-- 0.010092 s
currentSize : 13 <-- 0.010228 s
currentSize : 14 <-- 0.010856 s
currentSize : 15 <-- 0.011920 s
currentSize : 16 <-- 0.132604 s
currentSize : 17 <-- 1.493453 s
currentSize : 18 <-- 13.254148 s

maxsize : 18
nodes : 18447089.000000
filtered : 421737502.000000
time : 88.886513
