Parameters: GAD=1 vflib=1 dir=0 label=0 lowerbound=1 fileNameGp=../graphsdb/mcs50/m2D/m2D/mcs50_m2D_s30.A71 fileNameGt=../graphsdb/mcs50/m2D/m2D/mcs50_m2D_s30.B71
Reading graphs...
30 :  49
30 :  47
Initializing...
maxdom : 30
D->valSize : 900
Solving...
currentSize : 15 <-- 0.019062 s
currentSize : 16 <-- 0.019090 s
currentSize : 17 <-- 0.019141 s
currentSize : 18 <-- 0.142618 s
currentSize : 19 <-- 0.490528 s
currentSize : 20 <-- 0.575337 s
currentSize : 21 <-- 6.290007 s
currentSize : 22 <-- 23.927109 s

maxsize : 22
nodes : 7669262.000000
filtered : 157653295.000000
time : 36.004745
