Parameters: GAD=1 vflib=1 dir=0 label=0 lowerbound=1 fileNameGp=../graphsdb/mcs50/m2D/m2D/mcs50_m2D_s20.A75 fileNameGt=../graphsdb/mcs50/m2D/m2D/mcs50_m2D_s20.B75
Reading graphs...
20 :  31
20 :  30
Initializing...
maxdom : 20
D->valSize : 400
Solving...
currentSize : 9 <-- 0.003762 s
currentSize : 10 <-- 0.004354 s
currentSize : 11 <-- 0.005198 s
currentSize : 12 <-- 0.007079 s
currentSize : 13 <-- 0.007184 s
currentSize : 14 <-- 0.028911 s
currentSize : 15 <-- 0.098489 s

maxsize : 15
nodes : 39208.000000
filtered : 548377.000000
time : 0.142983
