Parameters: GAD=1 vflib=1 dir=0 label=0 lowerbound=1 fileNameGp=../graphsdb/mcs50/m4D/m4Dr4/mcs50_m4Dr4_s30.A90 fileNameGt=../graphsdb/mcs50/m4D/m4Dr4/mcs50_m4Dr4_s30.B90
Reading graphs...
30 :  65
30 :  62
Initializing...
maxdom : 30
D->valSize : 900
Solving...
currentSize : 12 <-- 0.010814 s
currentSize : 13 <-- 0.011293 s
currentSize : 14 <-- 0.014222 s
currentSize : 15 <-- 0.021500 s
currentSize : 16 <-- 0.051947 s
currentSize : 17 <-- 0.249964 s
currentSize : 19 <-- 2.125092 s
currentSize : 20 <-- 5.451230 s
currentSize : 21 <-- 27.359695 s

maxsize : 21
nodes : 6426957.000000
filtered : 152828302.000000
time : 31.209496
