Parameters: GAD=1 vflib=1 dir=0 label=0 lowerbound=1 fileNameGp=../graphsdb/mcs50/rand/r01/mcs50_r01_s25.A25 fileNameGt=../graphsdb/mcs50/rand/r01/mcs50_r01_s25.B25
Reading graphs...
25 :  58
25 :  58
Initializing...
maxdom : 25
D->valSize : 625
Solving...
currentSize : 6 <-- 0.005014 s
currentSize : 7 <-- 0.005037 s
currentSize : 11 <-- 0.005054 s
currentSize : 13 <-- 0.005270 s
currentSize : 14 <-- 0.008377 s
currentSize : 15 <-- 0.015805 s
currentSize : 16 <-- 0.023551 s

maxsize : 16
nodes : 1878400.000000
filtered : 36573310.000000
time : 8.471067
