Parameters: GAD=1 vflib=1 dir=0 label=0 lowerbound=1 fileNameGp=../graphsdb/mcs50/bvg/b09m/mcs50_b09m_s35.A24 fileNameGt=../graphsdb/mcs50/bvg/b09m/mcs50_b09m_s35.B24
Reading graphs...
35 :  146
35 :  149
Initializing...
maxdom : 35
D->valSize : 1225
Solving...
currentSize : 12 <-- 0.018152 s
currentSize : 14 <-- 0.018193 s
currentSize : 15 <-- 0.018224 s
currentSize : 16 <-- 0.164155 s
currentSize : 17 <-- 0.361076 s
currentSize : 18 <-- 306.280457 s

maxsize : 18
nodes : 697632915.000000
filtered : 14923089120.000000
time : 3554.414551
