Parameters: GAD=1 vflib=1 dir=0 label=0 lowerbound=1 fileNameGp=../graphsdb/mcs50/m2D/m2Dr2/mcs50_m2Dr2_s20.A22 fileNameGt=../graphsdb/mcs50/m2D/m2Dr2/mcs50_m2Dr2_s20.B22
Reading graphs...
20 :  35
20 :  34
Initializing...
maxdom : 20
D->valSize : 400
Solving...
currentSize : 9 <-- 0.002287 s
currentSize : 10 <-- 0.002872 s
currentSize : 12 <-- 0.003307 s
currentSize : 13 <-- 0.076356 s
currentSize : 14 <-- 0.079396 s
currentSize : 15 <-- 0.235844 s

maxsize : 15
nodes : 93504.000000
filtered : 1188392.000000
time : 0.294452
