Parameters: GAD=1 vflib=1 dir=0 label=0 lowerbound=1 fileNameGp=../graphsdb/mcs50/m2D/m2Dr2/mcs50_m2Dr2_s20.A74 fileNameGt=../graphsdb/mcs50/m2D/m2Dr2/mcs50_m2Dr2_s20.B74
Reading graphs...
20 :  34
20 :  32
Initializing...
maxdom : 20
D->valSize : 400
Solving...
currentSize : 8 <-- 0.002198 s
currentSize : 10 <-- 0.002226 s
currentSize : 11 <-- 0.002315 s
currentSize : 12 <-- 0.002676 s
currentSize : 13 <-- 0.002689 s
currentSize : 14 <-- 0.011035 s

maxsize : 14
nodes : 76639.000000
filtered : 1144658.000000
time : 0.267317
