Parameters: GAD=1 vflib=1 dir=0 label=0 lowerbound=1 fileNameGp=../graphsdb/mcs50/rand/r02/mcs50_r02_s30.A05 fileNameGt=../graphsdb/mcs50/rand/r02/mcs50_r02_s30.B05
Reading graphs...
30 :  153
30 :  149
Initializing...
maxdom : 30
D->valSize : 900
Solving...
currentSize : 10 <-- 0.009718 s
currentSize : 11 <-- 0.009744 s
currentSize : 12 <-- 0.009777 s
currentSize : 13 <-- 0.025247 s
currentSize : 14 <-- 1.360578 s
currentSize : 15 <-- 25.692932 s

maxsize : 15
nodes : 72885112.000000
filtered : 1102078540.000000
time : 317.000732
