Parameters: GAD=1 vflib=1 dir=0 label=0 lowerbound=1 fileNameGp=../graphsdb/mcs50/rand/r005/mcs50_r005_s35.A89 fileNameGt=../graphsdb/mcs50/rand/r005/mcs50_r005_s35.B89
Reading graphs...
35 :  59
35 :  62
Initializing...
maxdom : 35
D->valSize : 1225
Solving...
currentSize : 15 <-- 0.035838 s
currentSize : 17 <-- 0.035873 s
currentSize : 19 <-- 0.035939 s
currentSize : 20 <-- 0.036284 s
currentSize : 21 <-- 0.060462 s
currentSize : 22 <-- 0.217744 s
currentSize : 23 <-- 19.789536 s
currentSize : 24 <-- 108.008667 s
currentSize : 25 <-- 298.654236 s

maxsize : 25
nodes : 81652479.000000
filtered : 1995660840.000000
time : 466.413818
