Parameters: GAD=1 vflib=1 dir=0 label=0 lowerbound=1 fileNameGp=../graphsdb/mcs50/bvg/b09m/mcs50_b09m_s35.A55 fileNameGt=../graphsdb/mcs50/bvg/b09m/mcs50_b09m_s35.B55
Reading graphs...
35 :  150
35 :  148
Initializing...
maxdom : 35
D->valSize : 1225
Solving...
currentSize : 11 <-- 0.024895 s
currentSize : 13 <-- 0.024977 s
currentSize : 14 <-- 0.029669 s
currentSize : 15 <-- 0.049012 s
currentSize : 16 <-- 0.110708 s
currentSize : 17 <-- 8.024182 s
currentSize : 18 <-- 1695.891602 s

TIMEOUT
maxsize : 18
nodes : 725612824.000000
filtered : 14192938104.000000
time : 3600.000000
