Parameters: GAD=1 vflib=1 dir=0 label=0 lowerbound=1 fileNameGp=../graphsdb/mcs50/bvg/b06/mcs50_b06_s20.A83 fileNameGt=../graphsdb/mcs50/bvg/b06/mcs50_b06_s20.B83
Reading graphs...
20 :  57
20 :  60
Initializing...
maxdom : 20
D->valSize : 400
Solving...
currentSize : 8 <-- 0.002148 s
currentSize : 9 <-- 0.002202 s
currentSize : 10 <-- 0.002402 s
currentSize : 11 <-- 0.002607 s
currentSize : 12 <-- 0.004522 s
currentSize : 13 <-- 0.154969 s

maxsize : 13
nodes : 92090.000000
filtered : 1502010.000000
time : 0.345552
