Parameters: GAD=1 vflib=1 dir=0 label=0 lowerbound=1 fileNameGp=../graphsdb/mcs50/bvg/b06m/mcs50_b06m_s35.A75 fileNameGt=../graphsdb/mcs50/bvg/b06m/mcs50_b06m_s35.B75
Reading graphs...
35 :  103
35 :  104
Initializing...
maxdom : 35
D->valSize : 1225
Solving...
currentSize : 15 <-- 0.019482 s
currentSize : 16 <-- 0.020344 s
currentSize : 17 <-- 0.021479 s
currentSize : 18 <-- 0.064540 s
currentSize : 19 <-- 0.820942 s
currentSize : 20 <-- 38.443493 s
currentSize : 21 <-- 435.915009 s

maxsize : 21
nodes : 306823089.000000
filtered : 8970364798.000000
time : 1762.163208
