Parameters: GAD=1 vflib=1 dir=0 label=0 lowerbound=1 fileNameGp=../graphsdb/mcs50/bvg/b03/mcs50_b03_s35.A46 fileNameGt=../graphsdb/mcs50/bvg/b03/mcs50_b03_s35.B46
Reading graphs...
35 :  52
35 :  52
Initializing...
maxdom : 35
D->valSize : 1225
Solving...
currentSize : 12 <-- 0.021100 s
currentSize : 15 <-- 0.021162 s
currentSize : 16 <-- 0.021314 s
currentSize : 17 <-- 0.022795 s
currentSize : 19 <-- 0.025437 s
currentSize : 20 <-- 0.028326 s
currentSize : 21 <-- 1.218803 s
currentSize : 22 <-- 1.589798 s
currentSize : 23 <-- 15.010860 s
currentSize : 24 <-- 53.382217 s
currentSize : 25 <-- 467.501953 s

maxsize : 25
nodes : 147860011.000000
filtered : 2786185672.000000
time : 723.487000
