Parameters: GAD=1 vflib=1 dir=0 label=0 lowerbound=1 fileNameGp=../graphsdb/mcs50/bvg/b09/mcs50_b09_s25.A42 fileNameGt=../graphsdb/mcs50/bvg/b09/mcs50_b09_s25.B42
Reading graphs...
25 :  107
25 :  105
Initializing...
maxdom : 25
D->valSize : 625
Solving...
currentSize : 9 <-- 0.007735 s
currentSize : 10 <-- 0.007855 s
currentSize : 11 <-- 0.007982 s
currentSize : 12 <-- 0.008558 s
currentSize : 13 <-- 0.010303 s
currentSize : 14 <-- 0.012011 s

maxsize : 14
nodes : 2025143.000000
filtered : 32377991.000000
time : 8.130455
