Parameters: GAD=1 vflib=1 dir=0 label=0 lowerbound=1 fileNameGp=../graphsdb/mcs50/bvg/b09m/mcs50_b09m_s35.A20 fileNameGt=../graphsdb/mcs50/bvg/b09m/mcs50_b09m_s35.B20
Reading graphs...
35 :  145
35 :  148
Initializing...
maxdom : 35
D->valSize : 1225
Solving...
currentSize : 12 <-- 0.018973 s
currentSize : 13 <-- 0.018994 s
currentSize : 14 <-- 0.019899 s
currentSize : 15 <-- 0.021509 s
currentSize : 16 <-- 0.086124 s
currentSize : 17 <-- 0.490966 s
currentSize : 18 <-- 378.157074 s

maxsize : 18
nodes : 630878024.000000
filtered : 13435734060.000000
time : 3229.038086
