Parameters: GAD=1 vflib=1 dir=0 label=0 lowerbound=1 fileNameGp=../graphsdb/mcs50/m2D/m2D/mcs50_m2D_s20.A17 fileNameGt=../graphsdb/mcs50/m2D/m2D/mcs50_m2D_s20.B17
Reading graphs...
20 :  30
20 :  31
Initializing...
maxdom : 20
D->valSize : 400
Solving...
currentSize : 9 <-- 0.002289 s
currentSize : 10 <-- 0.002303 s
currentSize : 11 <-- 0.002565 s
currentSize : 12 <-- 0.014271 s
currentSize : 13 <-- 0.014285 s
currentSize : 14 <-- 0.034543 s
currentSize : 15 <-- 0.240651 s

maxsize : 15
nodes : 87905.000000
filtered : 1162670.000000
time : 0.290227
