Parameters: GAD=1 vflib=1 dir=0 label=0 lowerbound=1 fileNameGp=../graphsdb/mcs50/bvg/b06m/mcs50_b06m_s25.A91 fileNameGt=../graphsdb/mcs50/bvg/b06m/mcs50_b06m_s25.B91
Reading graphs...
25 :  69
25 :  72
Initializing...
maxdom : 25
D->valSize : 625
Solving...
currentSize : 10 <-- 0.004791 s
currentSize : 11 <-- 0.004813 s
currentSize : 12 <-- 0.005096 s
currentSize : 13 <-- 0.021797 s
currentSize : 14 <-- 0.060974 s
currentSize : 15 <-- 0.355045 s

maxsize : 15
nodes : 2557048.000000
filtered : 47262975.000000
time : 10.659540
