Parameters: GAD=1 vflib=1 dir=0 label=0 lowerbound=1 fileNameGp=../graphsdb/mcs50/bvg/b03/mcs50_b03_s30.A84 fileNameGt=../graphsdb/mcs50/bvg/b03/mcs50_b03_s30.B84
Reading graphs...
30 :  45
30 :  45
Initializing...
maxdom : 30
D->valSize : 900
Solving...
currentSize : 14 <-- 0.011058 s
currentSize : 16 <-- 0.011077 s
currentSize : 17 <-- 0.016239 s
currentSize : 18 <-- 0.022071 s
currentSize : 19 <-- 2.861717 s
currentSize : 20 <-- 6.715222 s
currentSize : 21 <-- 31.361740 s

maxsize : 21
nodes : 24191447.000000
filtered : 383887548.000000
time : 102.091080
