Parameters: GAD=1 vflib=1 dir=0 label=0 lowerbound=1 fileNameGp=../graphsdb/mcs50/m2D/m2Dr2/mcs50_m2Dr2_s30.A12 fileNameGt=../graphsdb/mcs50/m2D/m2Dr2/mcs50_m2Dr2_s30.B12
Reading graphs...
30 :  54
30 :  55
Initializing...
maxdom : 30
D->valSize : 900
Solving...
currentSize : 14 <-- 0.018979 s
currentSize : 16 <-- 0.019079 s
currentSize : 17 <-- 0.031001 s
currentSize : 18 <-- 0.032742 s
currentSize : 19 <-- 0.048968 s
currentSize : 20 <-- 0.116598 s
currentSize : 21 <-- 0.943720 s

maxsize : 21
nodes : 8393953.000000
filtered : 209101076.000000
time : 43.079956
