Parameters: GAD=1 vflib=1 dir=0 label=0 lowerbound=1 fileNameGp=../graphsdb/mcs50/bvg/b06/mcs50_b06_s30.A90 fileNameGt=../graphsdb/mcs50/bvg/b06/mcs50_b06_s30.B90
Reading graphs...
30 :  90
30 :  90
Initializing...
maxdom : 30
D->valSize : 900
Solving...
currentSize : 12 <-- 0.010383 s
currentSize : 13 <-- 0.010411 s
currentSize : 14 <-- 0.020230 s
currentSize : 15 <-- 0.022727 s
currentSize : 16 <-- 0.077067 s
currentSize : 17 <-- 2.818666 s
currentSize : 18 <-- 2.818896 s
currentSize : 19 <-- 24.166897 s

maxsize : 19
nodes : 9802210.000000
filtered : 254630866.000000
time : 51.164940
