Parameters: GAD=1 vflib=1 dir=0 label=0 lowerbound=1 fileNameGp=../graphsdb/mcs50/m2D/m2Dr4/mcs50_m2Dr4_s30.A44 fileNameGt=../graphsdb/mcs50/m2D/m2Dr4/mcs50_m2Dr4_s30.B44
Reading graphs...
30 :  59
30 :  57
Initializing...
maxdom : 30
D->valSize : 900
Solving...
currentSize : 11 <-- 0.018707 s
currentSize : 12 <-- 0.018778 s
currentSize : 13 <-- 0.018801 s
currentSize : 14 <-- 0.019540 s
currentSize : 16 <-- 0.021068 s
currentSize : 17 <-- 0.023013 s
currentSize : 18 <-- 0.208360 s
currentSize : 19 <-- 1.177642 s
currentSize : 20 <-- 3.334143 s
currentSize : 21 <-- 98.728554 s

maxsize : 21
nodes : 21131208.000000
filtered : 467372783.000000
time : 103.552940
