Parameters: GAD=1 vflib=1 dir=0 label=0 lowerbound=1 fileNameGp=../graphsdb/mcs70/m2D/m2D/mcs70_m2D_s25.A84 fileNameGt=../graphsdb/mcs70/m2D/m2D/mcs70_m2D_s25.B84
Reading graphs...
25 :  40
25 :  40
Initializing...
maxdom : 25
D->valSize : 625
Solving...
currentSize : 13 <-- 0.005217 s
currentSize : 14 <-- 0.005389 s
currentSize : 15 <-- 0.007219 s
currentSize : 16 <-- 0.072270 s
currentSize : 17 <-- 0.097347 s
currentSize : 18 <-- 0.097379 s
currentSize : 19 <-- 0.289670 s

maxsize : 19
nodes : 200237.000000
filtered : 4161428.000000
time : 0.884933
