Parameters: GAD=1 vflib=1 dir=0 label=0 lowerbound=1 fileNameGp=../graphsdb/mcs70/bvg/b09m/mcs70_b09m_s35.A80 fileNameGt=../graphsdb/mcs70/bvg/b09m/mcs70_b09m_s35.B80
Reading graphs...
35 :  152
35 :  152
Initializing...
maxdom : 35
D->valSize : 1225
Solving...
currentSize : 13 <-- 0.031109 s
currentSize : 14 <-- 0.031762 s
currentSize : 15 <-- 0.032065 s
currentSize : 16 <-- 0.638924 s
currentSize : 17 <-- 2.031493 s
currentSize : 18 <-- 39.916321 s
currentSize : 19 <-- 81.333206 s
currentSize : 20 <-- 81.333267 s
currentSize : 21 <-- 81.333641 s
currentSize : 24 <-- 81.364159 s

maxsize : 24
nodes : 19284652.000000
filtered : 442926969.000000
time : 102.210274
