Parameters: GAD=1 vflib=1 dir=0 label=0 lowerbound=1 fileNameGp=../graphsdb/mcs70/m4D/m4Dr2/mcs70_m4Dr2_s25.A81 fileNameGt=../graphsdb/mcs70/m4D/m4Dr2/mcs70_m4Dr2_s25.B81
Reading graphs...
25 :  51
25 :  50
Initializing...
maxdom : 25
D->valSize : 625
Solving...
currentSize : 13 <-- 0.008749 s
currentSize : 14 <-- 0.010454 s
currentSize : 15 <-- 0.011774 s
currentSize : 16 <-- 0.019892 s
currentSize : 17 <-- 0.021331 s
currentSize : 18 <-- 0.022353 s

maxsize : 18
nodes : 251510.000000
filtered : 6372255.000000
time : 1.249221
