Parameters: GAD=1 vflib=1 dir=0 label=0 lowerbound=1 fileNameGp=../graphsdb/mcs70/bvg/b09m/mcs70_b09m_s30.A13 fileNameGt=../graphsdb/mcs70/bvg/b09m/mcs70_b09m_s30.B13
Reading graphs...
30 :  127
30 :  129
Initializing...
maxdom : 30
D->valSize : 900
Solving...
currentSize : 11 <-- 0.009724 s
currentSize : 12 <-- 0.009762 s
currentSize : 13 <-- 0.009905 s
currentSize : 14 <-- 0.030240 s
currentSize : 15 <-- 2.151612 s
currentSize : 16 <-- 11.808206 s
currentSize : 20 <-- 20.578796 s

maxsize : 20
nodes : 5729050.000000
filtered : 115967278.000000
time : 27.181152
