Parameters: GAD=1 vflib=1 dir=0 label=0 lowerbound=1 fileNameGp=../graphsdb/mcs70/rand/r02/mcs70_r02_s35.A21 fileNameGt=../graphsdb/mcs70/rand/r02/mcs70_r02_s35.B21
Reading graphs...
35 :  213
35 :  221
Initializing...
maxdom : 35
D->valSize : 1225
Solving...
currentSize : 11 <-- 0.017937 s
currentSize : 12 <-- 0.018007 s
currentSize : 13 <-- 0.019248 s
currentSize : 14 <-- 0.063638 s
currentSize : 15 <-- 4.471576 s
currentSize : 16 <-- 227.166321 s
currentSize : 17 <-- 247.446045 s
currentSize : 18 <-- 250.976334 s
currentSize : 19 <-- 305.624939 s
currentSize : 20 <-- 347.988708 s
currentSize : 24 <-- 427.574371 s

maxsize : 24
nodes : 90222620.000000
filtered : 1522904071.000000
time : 438.829895
