Parameters: GAD=1 vflib=1 dir=0 label=0 lowerbound=1 fileNameGp=../graphsdb/mcs70/rand/r01/mcs70_r01_s30.A14 fileNameGt=../graphsdb/mcs70/rand/r01/mcs70_r01_s30.B14
Reading graphs...
30 :  82
30 :  84
Initializing...
maxdom : 30
D->valSize : 900
Solving...
currentSize : 14 <-- 0.010152 s
currentSize : 15 <-- 0.012075 s
currentSize : 16 <-- 0.012202 s
currentSize : 17 <-- 0.416010 s
currentSize : 18 <-- 1.023273 s
currentSize : 21 <-- 12.603031 s

maxsize : 21
nodes : 4761492.000000
filtered : 126902072.000000
time : 25.197363
