Parameters: GAD=1 vflib=1 dir=0 label=0 lowerbound=1 fileNameGp=../graphsdb/mcs70/bvg/b06/mcs70_b06_s20.A50 fileNameGt=../graphsdb/mcs70/bvg/b06/mcs70_b06_s20.B50
Reading graphs...
20 :  60
20 :  59
Initializing...
maxdom : 20
D->valSize : 400
Solving...
currentSize : 10 <-- 0.002089 s
currentSize : 11 <-- 0.002109 s
currentSize : 12 <-- 0.002447 s
currentSize : 13 <-- 0.003334 s
currentSize : 14 <-- 0.009466 s
currentSize : 15 <-- 0.015959 s

maxsize : 15
nodes : 19981.000000
filtered : 408453.000000
time : 0.079574
