Parameters: GAD=1 vflib=1 dir=0 label=0 lowerbound=1 fileNameGp=../graphsdb/mcs70/bvg/b09m/mcs70_b09m_s35.A73 fileNameGt=../graphsdb/mcs70/bvg/b09m/mcs70_b09m_s35.B73
Reading graphs...
35 :  149
35 :  148
Initializing...
maxdom : 35
D->valSize : 1225
Solving...
currentSize : 12 <-- 0.018161 s
currentSize : 13 <-- 0.018934 s
currentSize : 15 <-- 0.019315 s
currentSize : 16 <-- 0.238841 s
currentSize : 17 <-- 4.029775 s
currentSize : 18 <-- 182.623657 s
currentSize : 19 <-- 273.523712 s
currentSize : 22 <-- 480.186707 s
currentSize : 24 <-- 480.187500 s

maxsize : 24
nodes : 94769602.000000
filtered : 2107827855.000000
time : 496.777466
