Parameters: GAD=1 vflib=1 dir=0 label=0 lowerbound=1 fileNameGp=../graphsdb/mcs70/bvg/b03m/mcs70_b03m_s35.A08 fileNameGt=../graphsdb/mcs70/bvg/b03m/mcs70_b03m_s35.B08
Reading graphs...
35 :  51
35 :  50
Initializing...
maxdom : 35
D->valSize : 1225
Solving...
currentSize : 17 <-- 0.020986 s
currentSize : 18 <-- 0.021012 s
currentSize : 19 <-- 0.026499 s
currentSize : 20 <-- 0.026513 s
currentSize : 21 <-- 0.066125 s
currentSize : 22 <-- 0.458253 s
currentSize : 23 <-- 0.936972 s
currentSize : 24 <-- 2.821772 s
currentSize : 25 <-- 2.837439 s

maxsize : 25
nodes : 96405270.000000
filtered : 2213325677.000000
time : 521.276428
