Parameters: GAD=1 vflib=1 dir=0 label=0 lowerbound=1 fileNameGp=../graphsdb/mcs70/rand/r02/mcs70_r02_s35.A70 fileNameGt=../graphsdb/mcs70/rand/r02/mcs70_r02_s35.B70
Reading graphs...
35 :  213
35 :  210
Initializing...
maxdom : 35
D->valSize : 1225
Solving...
currentSize : 10 <-- 0.017357 s
currentSize : 11 <-- 0.017474 s
currentSize : 12 <-- 0.017658 s
currentSize : 13 <-- 0.033442 s
currentSize : 14 <-- 0.890605 s
currentSize : 15 <-- 21.366880 s
currentSize : 16 <-- 45.961361 s
currentSize : 17 <-- 138.675354 s
currentSize : 18 <-- 138.675461 s
currentSize : 19 <-- 560.120056 s
currentSize : 24 <-- 577.310425 s

maxsize : 24
nodes : 118460304.000000
filtered : 2143155276.000000
time : 587.786133
