Parameters: GAD=1 vflib=1 dir=0 label=0 lowerbound=1 fileNameGp=../graphsdb/mcs70/bvg/b06m/mcs70_b06m_s20.A73 fileNameGt=../graphsdb/mcs70/bvg/b06m/mcs70_b06m_s20.B73
Reading graphs...
20 :  56
20 :  56
Initializing...
maxdom : 20
D->valSize : 400
Solving...
currentSize : 8 <-- 0.003454 s
currentSize : 10 <-- 0.003514 s
currentSize : 11 <-- 0.005291 s
currentSize : 12 <-- 0.022994 s
currentSize : 13 <-- 0.107420 s
currentSize : 14 <-- 0.107456 s

maxsize : 14
nodes : 57753.000000
filtered : 1039706.000000
time : 0.298912
