Parameters: GAD=1 vflib=1 dir=0 label=0 lowerbound=1 fileNameGp=../graphsdb/mcs70/rand/r01/mcs70_r01_s35.A48 fileNameGt=../graphsdb/mcs70/rand/r01/mcs70_r01_s35.B48
Reading graphs...
35 :  115
35 :  113
Initializing...
maxdom : 35
D->valSize : 1225
Solving...
currentSize : 14 <-- 0.019377 s
currentSize : 15 <-- 0.019875 s
currentSize : 16 <-- 0.031025 s
currentSize : 17 <-- 0.057249 s
currentSize : 18 <-- 4.857675 s
currentSize : 19 <-- 9.467544 s
currentSize : 20 <-- 91.545151 s
currentSize : 21 <-- 1140.547241 s
currentSize : 23 <-- 1140.556763 s
currentSize : 24 <-- 1140.705444 s

maxsize : 24
nodes : 221341875.000000
filtered : 5433477552.000000
time : 1168.709473
