Parameters: GAD=1 vflib=1 dir=0 label=0 lowerbound=1 fileNameGp=../graphsdb/mcs70/m3D/m3Dr2/mcs70_m3Dr2_s35.A34 fileNameGt=../graphsdb/mcs70/m3D/m3Dr2/mcs70_m3Dr2_s35.B34
Reading graphs...
35 :  79
35 :  78
Initializing...
maxdom : 35
D->valSize : 1225
Solving...
currentSize : 17 <-- 0.020182 s
currentSize : 18 <-- 0.021883 s
currentSize : 19 <-- 0.169042 s
currentSize : 20 <-- 0.180095 s
currentSize : 21 <-- 0.791119 s
currentSize : 22 <-- 1.041592 s
currentSize : 23 <-- 3.051981 s
currentSize : 25 <-- 225.321396 s
currentSize : 27 <-- 225.321426 s

maxsize : 27
nodes : 42545788.000000
filtered : 1152101693.000000
time : 243.279358
