Parameters: GAD=1 vflib=1 dir=0 label=0 lowerbound=1 fileNameGp=../graphsdb/mcs70/m3D/m3Dr6/mcs70_m3Dr6_s35.A20 fileNameGt=../graphsdb/mcs70/m3D/m3Dr6/mcs70_m3Dr6_s35.B20
Reading graphs...
35 :  91
35 :  87
Initializing...
maxdom : 35
D->valSize : 1225
Solving...
currentSize : 14 <-- 0.033994 s
currentSize : 16 <-- 0.034094 s
currentSize : 17 <-- 0.034426 s
currentSize : 18 <-- 0.036636 s
currentSize : 19 <-- 0.046812 s
currentSize : 20 <-- 0.276772 s
currentSize : 21 <-- 9.416213 s
currentSize : 22 <-- 57.501019 s
currentSize : 27 <-- 940.944336 s

maxsize : 27
nodes : 177614461.000000
filtered : 4376793461.000000
time : 950.088684
