Parameters: GAD=1 vflib=1 dir=0 label=0 lowerbound=1 fileNameGp=../graphsdb/mcs70/bvg/b09m/mcs70_b09m_s30.A76 fileNameGt=../graphsdb/mcs70/bvg/b09m/mcs70_b09m_s30.B76
Reading graphs...
30 :  128
30 :  129
Initializing...
maxdom : 30
D->valSize : 900
Solving...
currentSize : 10 <-- 0.016557 s
currentSize : 11 <-- 0.016595 s
currentSize : 12 <-- 0.016703 s
currentSize : 13 <-- 0.017201 s
currentSize : 14 <-- 0.017472 s
currentSize : 15 <-- 0.021683 s
currentSize : 17 <-- 23.840841 s
currentSize : 20 <-- 23.854992 s

maxsize : 20
nodes : 6707393.000000
filtered : 122806538.000000
time : 30.869152
