Parameters: GAD=1 vflib=1 dir=0 label=0 lowerbound=1 fileNameGp=../graphsdb/mcs70/bvg/b09m/mcs70_b09m_s30.A92 fileNameGt=../graphsdb/mcs70/bvg/b09m/mcs70_b09m_s30.B92
Reading graphs...
30 :  129
30 :  129
Initializing...
maxdom : 30
D->valSize : 900
Solving...
currentSize : 9 <-- 0.016466 s
currentSize : 10 <-- 0.016487 s
currentSize : 11 <-- 0.016565 s
currentSize : 12 <-- 0.017417 s
currentSize : 13 <-- 0.032281 s
currentSize : 14 <-- 0.108479 s
currentSize : 15 <-- 5.200014 s
currentSize : 16 <-- 35.816174 s
currentSize : 20 <-- 51.190819 s

maxsize : 20
nodes : 12508925.000000
filtered : 209479771.000000
time : 55.450275
