Parameters: GAD=1 vflib=1 dir=0 label=0 lowerbound=1 fileNameGp=../graphsdb/mcs70/bvg/b09/mcs70_b09_s20.A91 fileNameGt=../graphsdb/mcs70/bvg/b09/mcs70_b09_s20.B91
Reading graphs...
20 :  89
20 :  88
Initializing...
maxdom : 20
D->valSize : 400
Solving...
currentSize : 8 <-- 0.002051 s
currentSize : 9 <-- 0.002100 s
currentSize : 10 <-- 0.004385 s
currentSize : 11 <-- 0.005628 s
currentSize : 12 <-- 0.017403 s
currentSize : 13 <-- 0.017442 s
currentSize : 14 <-- 0.017506 s
currentSize : 15 <-- 0.023592 s

maxsize : 15
nodes : 27323.000000
filtered : 548581.000000
time : 0.108623
