Parameters: GAD=1 vflib=1 dir=0 label=0 lowerbound=1 fileNameGp=../graphsdb/mcs70/m3D/m3Dr2/mcs70_m3Dr2_s35.A74 fileNameGt=../graphsdb/mcs70/m3D/m3Dr2/mcs70_m3Dr2_s35.B74
Reading graphs...
35 :  79
35 :  78
Initializing...
maxdom : 35
D->valSize : 1225
Solving...
currentSize : 17 <-- 0.019718 s
currentSize : 18 <-- 0.019761 s
currentSize : 19 <-- 0.019779 s
currentSize : 20 <-- 0.800662 s
currentSize : 21 <-- 4.989143 s
currentSize : 22 <-- 44.075630 s
currentSize : 23 <-- 286.626373 s
currentSize : 28 <-- 286.774231 s

maxsize : 28
nodes : 57831238.000000
filtered : 1207043627.000000
time : 295.204987
