Parameters: GAD=1 vflib=1 dir=0 label=0 lowerbound=1 fileNameGp=../graphsdb/mcs70/m3D/m3Dr6/mcs70_m3Dr6_s35.A98 fileNameGt=../graphsdb/mcs70/m3D/m3Dr6/mcs70_m3Dr6_s35.B98
Reading graphs...
35 :  90
35 :  90
Initializing...
maxdom : 35
D->valSize : 1225
Solving...
currentSize : 15 <-- 0.019778 s
currentSize : 16 <-- 0.020511 s
currentSize : 17 <-- 0.029898 s
currentSize : 18 <-- 0.029949 s
currentSize : 19 <-- 0.066978 s
currentSize : 20 <-- 1.341912 s
currentSize : 21 <-- 1.358196 s
currentSize : 22 <-- 147.936356 s
currentSize : 24 <-- 252.011627 s
currentSize : 25 <-- 253.047394 s
currentSize : 27 <-- 253.047501 s

maxsize : 27
nodes : 47364394.000000
filtered : 1200020557.000000
time : 262.867828
