Parameters: GAD=1 vflib=1 dir=0 label=0 lowerbound=1 fileNameGp=../graphsdb/mcs70/rand/r01/mcs70_r01_s25.A29 fileNameGt=../graphsdb/mcs70/rand/r01/mcs70_r01_s25.B29
Reading graphs...
25 :  56
25 :  56
Initializing...
maxdom : 25
D->valSize : 625
Solving...
currentSize : 12 <-- 0.008588 s
currentSize : 13 <-- 0.008643 s
currentSize : 14 <-- 0.009237 s
currentSize : 15 <-- 0.012883 s
currentSize : 16 <-- 0.179700 s
currentSize : 18 <-- 1.643332 s

maxsize : 18
nodes : 519350.000000
filtered : 11000233.000000
time : 2.418526
