Parameters: GAD=1 vflib=1 dir=0 label=0 lowerbound=1 fileNameGp=../graphsdb/mcs70/rand/r02/mcs70_r02_s30.A55 fileNameGt=../graphsdb/mcs70/rand/r02/mcs70_r02_s30.B55
Reading graphs...
30 :  155
30 :  155
Initializing...
maxdom : 30
D->valSize : 900
Solving...
currentSize : 10 <-- 0.014039 s
currentSize : 11 <-- 0.014800 s
currentSize : 12 <-- 0.017345 s
currentSize : 13 <-- 0.026552 s
currentSize : 14 <-- 2.028940 s
currentSize : 15 <-- 18.321093 s
currentSize : 16 <-- 18.321266 s
currentSize : 18 <-- 64.362823 s
currentSize : 21 <-- 69.445251 s

maxsize : 21
nodes : 15650910.000000
filtered : 269598917.000000
time : 70.472733
