Parameters: GAD=1 vflib=1 dir=0 label=0 lowerbound=1 fileNameGp=../graphsdb/mcs70/m2D/m2D/mcs70_m2D_s25.A01 fileNameGt=../graphsdb/mcs70/m2D/m2D/mcs70_m2D_s25.B01
Reading graphs...
25 :  38
25 :  40
Initializing...
maxdom : 25
D->valSize : 625
Solving...
currentSize : 11 <-- 0.005351 s
currentSize : 13 <-- 0.005381 s
currentSize : 14 <-- 0.005389 s
currentSize : 15 <-- 0.006270 s
currentSize : 16 <-- 0.006851 s
currentSize : 17 <-- 0.139257 s
currentSize : 18 <-- 0.155541 s
currentSize : 19 <-- 0.331846 s

maxsize : 19
nodes : 292119.000000
filtered : 5836937.000000
time : 1.255466
