Parameters: GAD=1 vflib=1 dir=0 label=0 lowerbound=1 fileNameGp=../graphsdb/mcs70/bvg/b06/mcs70_b06_s30.A58 fileNameGt=../graphsdb/mcs70/bvg/b06/mcs70_b06_s30.B58
Reading graphs...
30 :  89
30 :  90
Initializing...
maxdom : 30
D->valSize : 900
Solving...
currentSize : 14 <-- 0.017480 s
currentSize : 15 <-- 0.019508 s
currentSize : 16 <-- 0.036345 s
currentSize : 18 <-- 0.051113 s
currentSize : 19 <-- 0.083743 s
currentSize : 20 <-- 0.090360 s
currentSize : 21 <-- 0.147895 s
currentSize : 22 <-- 0.701463 s

maxsize : 22
nodes : 664576.000000
filtered : 24205376.000000
time : 4.127169
