Parameters: GAD=1 vflib=1 dir=0 label=0 lowerbound=1 fileNameGp=../graphsdb/mcs70/bvg/b09m/mcs70_b09m_s20.A79 fileNameGt=../graphsdb/mcs70/bvg/b09m/mcs70_b09m_s20.B79
Reading graphs...
20 :  82
20 :  82
Initializing...
maxdom : 20
D->valSize : 400
Solving...
currentSize : 8 <-- 0.001958 s
currentSize : 9 <-- 0.001990 s
currentSize : 10 <-- 0.002051 s
currentSize : 11 <-- 0.024954 s
currentSize : 12 <-- 0.175829 s
currentSize : 13 <-- 0.175898 s
currentSize : 14 <-- 0.175996 s

maxsize : 14
nodes : 73460.000000
filtered : 990723.000000
time : 0.254612
