Parameters: GAD=1 vflib=1 dir=0 label=0 lowerbound=1 fileNameGp=../graphsdb/mcs70/bvg/b03/mcs70_b03_s30.A12 fileNameGt=../graphsdb/mcs70/bvg/b03/mcs70_b03_s30.B12
Reading graphs...
30 :  45
30 :  45
Initializing...
maxdom : 30
D->valSize : 900
Solving...
currentSize : 12 <-- 0.019385 s
currentSize : 16 <-- 0.019427 s
currentSize : 17 <-- 0.019563 s
currentSize : 18 <-- 0.020678 s
currentSize : 19 <-- 0.027434 s
currentSize : 20 <-- 0.145246 s
currentSize : 21 <-- 1.236426 s
currentSize : 22 <-- 1.237561 s
currentSize : 23 <-- 4.776537 s
currentSize : 24 <-- 7.274814 s

maxsize : 24
nodes : 1814942.000000
filtered : 36267840.000000
time : 8.458225
