Parameters: GAD=1 vflib=1 dir=0 label=0 lowerbound=1 fileNameGp=../graphsdb/mcs70/rand/r005/mcs70_r005_s35.A83 fileNameGt=../graphsdb/mcs70/rand/r005/mcs70_r005_s35.B83
Reading graphs...
35 :  58
35 :  56
Initializing...
maxdom : 35
D->valSize : 1225
Solving...
currentSize : 15 <-- 0.036421 s
currentSize : 16 <-- 0.036448 s
currentSize : 17 <-- 0.153562 s
currentSize : 18 <-- 0.153575 s
currentSize : 19 <-- 0.156100 s
currentSize : 20 <-- 8.264912 s
currentSize : 21 <-- 136.019318 s
currentSize : 22 <-- 154.933853 s
currentSize : 23 <-- 158.248703 s
currentSize : 24 <-- 358.976501 s

maxsize : 24
nodes : 420375583.000000
filtered : 8288466036.000000
time : 1868.765381
