Parameters: GAD=1 vflib=1 dir=0 label=0 lowerbound=1 fileNameGp=../graphsdb/mcs70/bvg/b09m/mcs70_b09m_s35.A58 fileNameGt=../graphsdb/mcs70/bvg/b09m/mcs70_b09m_s35.B58
Reading graphs...
35 :  156
35 :  153
Initializing...
maxdom : 35
D->valSize : 1225
Solving...
currentSize : 12 <-- 0.018201 s
currentSize : 13 <-- 0.018224 s
currentSize : 14 <-- 0.018253 s
currentSize : 15 <-- 0.028888 s
currentSize : 16 <-- 0.040531 s
currentSize : 17 <-- 3.197347 s
currentSize : 19 <-- 98.465576 s
currentSize : 20 <-- 160.220367 s
currentSize : 24 <-- 160.220428 s

maxsize : 24
nodes : 32979067.000000
filtered : 770799513.000000
time : 174.085266
