Parameters: GAD=1 vflib=1 dir=0 label=0 lowerbound=1 fileNameGp=../graphsdb/mcs70/bvg/b06/mcs70_b06_s20.A30 fileNameGt=../graphsdb/mcs70/bvg/b06/mcs70_b06_s20.B30
Reading graphs...
20 :  59
20 :  60
Initializing...
maxdom : 20
D->valSize : 400
Solving...
currentSize : 9 <-- 0.002026 s
currentSize : 11 <-- 0.002059 s
currentSize : 12 <-- 0.002934 s
currentSize : 13 <-- 0.003316 s
currentSize : 14 <-- 0.003386 s
currentSize : 15 <-- 0.012000 s

maxsize : 15
nodes : 21771.000000
filtered : 434461.000000
time : 0.085641
