Parameters: GAD=1 vflib=1 dir=0 label=0 lowerbound=1 fileNameGp=../graphsdb/mcs70/rand/r005/mcs70_r005_s35.A99 fileNameGt=../graphsdb/mcs70/rand/r005/mcs70_r005_s35.B99
Reading graphs...
35 :  57
35 :  58
Initializing...
maxdom : 35
D->valSize : 1225
Solving...
currentSize : 16 <-- 0.025183 s
currentSize : 17 <-- 0.025207 s
currentSize : 19 <-- 0.025485 s
currentSize : 20 <-- 0.037637 s
currentSize : 21 <-- 0.056010 s
currentSize : 22 <-- 0.925630 s
currentSize : 23 <-- 0.963735 s
currentSize : 24 <-- 1.043972 s
currentSize : 25 <-- 56.044136 s
currentSize : 26 <-- 223.944916 s

maxsize : 26
nodes : 52666519.000000
filtered : 1395971654.000000
time : 314.093567
