Parameters: GAD=1 vflib=1 dir=0 label=0 lowerbound=1 fileNameGp=../graphsdb/mcs70/m3D/m3Dr2/mcs70_m3Dr2_s35.A84 fileNameGt=../graphsdb/mcs70/m3D/m3Dr2/mcs70_m3Dr2_s35.B84
Reading graphs...
35 :  79
35 :  79
Initializing...
maxdom : 35
D->valSize : 1225
Solving...
currentSize : 17 <-- 0.034783 s
currentSize : 18 <-- 0.035521 s
currentSize : 19 <-- 0.051046 s
currentSize : 20 <-- 0.220880 s
currentSize : 21 <-- 0.986460 s
currentSize : 22 <-- 0.998424 s
currentSize : 23 <-- 41.495853 s
currentSize : 24 <-- 103.206215 s
currentSize : 26 <-- 270.144928 s
currentSize : 27 <-- 285.279388 s

maxsize : 27
nodes : 48378291.000000
filtered : 1357011016.000000
time : 288.727570
