Parameters: GAD=1 vflib=1 dir=0 label=0 lowerbound=1 fileNameGp=../graphsdb/mcs70/m2D/m2Dr2/mcs70_m2Dr2_s35.A36 fileNameGt=../graphsdb/mcs70/m2D/m2Dr2/mcs70_m2Dr2_s35.B36
Reading graphs...
35 :  65
35 :  61
Initializing...
maxdom : 35
D->valSize : 1225
Solving...
currentSize : 15 <-- 0.035719 s
currentSize : 16 <-- 0.035746 s
currentSize : 17 <-- 0.035788 s
currentSize : 18 <-- 0.036465 s
currentSize : 19 <-- 0.046480 s
currentSize : 20 <-- 0.155323 s
currentSize : 21 <-- 0.155404 s
currentSize : 22 <-- 1.372989 s
currentSize : 23 <-- 9.084000 s
currentSize : 24 <-- 9.817081 s
currentSize : 25 <-- 9.827168 s
currentSize : 26 <-- 66.660004 s

maxsize : 26
nodes : 27379892.000000
filtered : 853911308.000000
time : 166.492050
