Parameters: GAD=1 vflib=1 dir=0 label=0 lowerbound=1 fileNameGp=../graphsdb/mcs70/m2D/m2D/mcs70_m2D_s35.A43 fileNameGt=../graphsdb/mcs70/m2D/m2D/mcs70_m2D_s35.B43
Reading graphs...
35 :  58
35 :  58
Initializing...
maxdom : 35
D->valSize : 1225
Solving...
currentSize : 17 <-- 0.020681 s
currentSize : 18 <-- 0.021611 s
currentSize : 19 <-- 0.033407 s
currentSize : 20 <-- 0.036798 s
currentSize : 21 <-- 0.357181 s
currentSize : 22 <-- 0.406872 s
currentSize : 23 <-- 1.751293 s
currentSize : 24 <-- 1.959130 s
currentSize : 25 <-- 64.864662 s
currentSize : 26 <-- 282.362244 s

maxsize : 26
nodes : 75318634.000000
filtered : 1959130015.000000
time : 430.977020
