Parameters: GAD=1 vflib=1 dir=0 label=0 lowerbound=1 fileNameGp=../graphsdb/mcs70/rand/r02/mcs70_r02_s25.A01 fileNameGt=../graphsdb/mcs70/rand/r02/mcs70_r02_s25.B01
Reading graphs...
25 :  104
25 :  106
Initializing...
maxdom : 25
D->valSize : 625
Solving...
currentSize : 9 <-- 0.006082 s
currentSize : 10 <-- 0.006111 s
currentSize : 11 <-- 0.006205 s
currentSize : 12 <-- 0.017260 s
currentSize : 13 <-- 0.084627 s
currentSize : 14 <-- 5.311905 s
currentSize : 17 <-- 5.600673 s

maxsize : 17
nodes : 1746121.000000
filtered : 23722922.000000
time : 6.656975
