Parameters: GAD=1 vflib=1 dir=0 label=0 lowerbound=1 fileNameGp=../graphsdb/mcs70/bvg/b03/mcs70_b03_s30.A19 fileNameGt=../graphsdb/mcs70/bvg/b03/mcs70_b03_s30.B19
Reading graphs...
30 :  45
30 :  45
Initializing...
maxdom : 30
D->valSize : 900
Solving...
currentSize : 16 <-- 0.011257 s
currentSize : 19 <-- 0.011308 s
currentSize : 20 <-- 0.016964 s
currentSize : 21 <-- 0.270007 s
currentSize : 22 <-- 1.135992 s
currentSize : 23 <-- 1.915023 s
currentSize : 24 <-- 4.256899 s

maxsize : 24
nodes : 1252987.000000
filtered : 26736100.000000
time : 6.013592
