Parameters: GAD=1 vflib=1 dir=0 label=0 lowerbound=1 fileNameGp=../graphsdb/mcs70/rand/r02/mcs70_r02_s30.A97 fileNameGt=../graphsdb/mcs70/rand/r02/mcs70_r02_s30.B97
Reading graphs...
30 :  159
30 :  166
Initializing...
maxdom : 30
D->valSize : 900
Solving...
currentSize : 10 <-- 0.015773 s
currentSize : 11 <-- 0.015849 s
currentSize : 12 <-- 0.015943 s
currentSize : 13 <-- 0.102611 s
currentSize : 15 <-- 0.458219 s
currentSize : 17 <-- 0.741214 s
currentSize : 18 <-- 0.741240 s
currentSize : 21 <-- 0.742440 s

maxsize : 21
nodes : 728690.000000
filtered : 26104429.000000
time : 4.607623
