Parameters: GAD=1 vflib=1 dir=0 label=0 lowerbound=1 fileNameGp=../graphsdb/mcs70/bvg/b06m/mcs70_b06m_s30.A26 fileNameGt=../graphsdb/mcs70/bvg/b06m/mcs70_b06m_s30.B26
Reading graphs...
30 :  86
30 :  86
Initializing...
maxdom : 30
D->valSize : 900
Solving...
currentSize : 13 <-- 0.017697 s
currentSize : 14 <-- 0.018117 s
currentSize : 15 <-- 0.018668 s
currentSize : 16 <-- 0.042047 s
currentSize : 17 <-- 0.113082 s
currentSize : 18 <-- 4.024941 s
currentSize : 19 <-- 20.151903 s
currentSize : 21 <-- 26.449392 s

maxsize : 21
nodes : 5970148.000000
filtered : 162571498.000000
time : 31.672144
