Parameters: GAD=1 vflib=1 dir=0 label=0 lowerbound=1 fileNameGp=../graphsdb/mcs70/m2D/m2D/mcs70_m2D_s25.A15 fileNameGt=../graphsdb/mcs70/m2D/m2D/mcs70_m2D_s25.B15
Reading graphs...
25 :  40
25 :  40
Initializing...
maxdom : 25
D->valSize : 625
Solving...
currentSize : 11 <-- 0.005176 s
currentSize : 14 <-- 0.005313 s
currentSize : 15 <-- 0.005644 s
currentSize : 16 <-- 0.012565 s
currentSize : 17 <-- 0.030334 s
currentSize : 18 <-- 0.184980 s
currentSize : 19 <-- 1.517531 s

maxsize : 19
nodes : 500569.000000
filtered : 8978812.000000
time : 2.039806
