Parameters: GAD=1 vflib=1 dir=0 label=0 lowerbound=1 fileNameGp=../graphsdb/mcs70/m2D/m2Dr4/mcs70_m2Dr4_s25.A50 fileNameGt=../graphsdb/mcs70/m2D/m2Dr4/mcs70_m2Dr4_s25.B50
Reading graphs...
25 :  50
25 :  49
Initializing...
maxdom : 25
D->valSize : 625
Solving...
currentSize : 11 <-- 0.005068 s
currentSize : 12 <-- 0.005116 s
currentSize : 13 <-- 0.005774 s
currentSize : 14 <-- 0.009436 s
currentSize : 15 <-- 0.176550 s
currentSize : 16 <-- 0.326047 s
currentSize : 17 <-- 0.859245 s

maxsize : 17
nodes : 1357266.000000
filtered : 24817932.000000
time : 5.696285
