Parameters: GAD=1 vflib=1 dir=0 label=0 lowerbound=1 fileNameGp=../graphsdb/mcs70/m3D/m3Dr4/mcs70_m3Dr4_s35.A74 fileNameGt=../graphsdb/mcs70/m3D/m3Dr4/mcs70_m3Dr4_s35.B74
Reading graphs...
35 :  86
35 :  85
Initializing...
maxdom : 35
D->valSize : 1225
Solving...
currentSize : 16 <-- 0.019713 s
currentSize : 17 <-- 0.019808 s
currentSize : 18 <-- 0.019937 s
currentSize : 19 <-- 0.020098 s
currentSize : 20 <-- 0.020769 s
currentSize : 21 <-- 1.645555 s
currentSize : 22 <-- 145.428986 s
currentSize : 24 <-- 442.114899 s
currentSize : 27 <-- 569.978333 s

maxsize : 27
nodes : 103170133.000000
filtered : 2694928791.000000
time : 575.270996
