Parameters: GAD=1 vflib=1 dir=0 label=0 lowerbound=1 fileNameGp=../graphsdb/mcs70/rand/r01/mcs70_r01_s30.A11 fileNameGt=../graphsdb/mcs70/rand/r01/mcs70_r01_s30.B11
Reading graphs...
30 :  84
30 :  81
Initializing...
maxdom : 30
D->valSize : 900
Solving...
currentSize : 12 <-- 0.010169 s
currentSize : 13 <-- 0.010256 s
currentSize : 14 <-- 0.010274 s
currentSize : 15 <-- 0.019812 s
currentSize : 16 <-- 0.044402 s
currentSize : 17 <-- 0.261559 s
currentSize : 18 <-- 13.297023 s
currentSize : 19 <-- 100.631973 s
currentSize : 21 <-- 101.568245 s

maxsize : 21
nodes : 22260061.000000
filtered : 476537496.000000
time : 105.388206
