Parameters: GAD=1 vflib=1 dir=0 label=0 lowerbound=1 fileNameGp=../graphsdb/mcs70/m4D/m4Dr2/mcs70_m4Dr2_s25.A69 fileNameGt=../graphsdb/mcs70/m4D/m4Dr2/mcs70_m4Dr2_s25.B69
Reading graphs...
25 :  52
25 :  52
Initializing...
maxdom : 25
D->valSize : 625
Solving...
currentSize : 9 <-- 0.005161 s
currentSize : 10 <-- 0.005361 s
currentSize : 11 <-- 0.005622 s
currentSize : 12 <-- 0.008039 s
currentSize : 13 <-- 0.009508 s
currentSize : 14 <-- 0.010247 s
currentSize : 15 <-- 0.042043 s
currentSize : 16 <-- 0.400231 s
currentSize : 17 <-- 0.585511 s
currentSize : 18 <-- 0.957278 s

maxsize : 18
nodes : 352644.000000
filtered : 7305624.000000
time : 1.548065
