Parameters: GAD=1 vflib=1 dir=0 label=0 lowerbound=1 fileNameGp=../graphsdb/mcs70/m4D/m4Dr6/mcs70_m4Dr6_s25.A71 fileNameGt=../graphsdb/mcs70/m4D/m4Dr6/mcs70_m4Dr6_s25.B71
Reading graphs...
25 :  60
25 :  57
Initializing...
maxdom : 25
D->valSize : 625
Solving...
currentSize : 9 <-- 0.008520 s
currentSize : 12 <-- 0.009239 s
currentSize : 13 <-- 0.009257 s
currentSize : 14 <-- 0.009305 s
currentSize : 15 <-- 0.089056 s
currentSize : 16 <-- 0.089136 s
currentSize : 18 <-- 0.323195 s

maxsize : 18
nodes : 143985.000000
filtered : 3625051.000000
time : 0.703793
