Parameters: GAD=1 vflib=1 dir=0 label=0 lowerbound=1 fileNameGp=../graphsdb/mcs70/m2D/m2Dr4/mcs70_m2Dr4_s35.A92 fileNameGt=../graphsdb/mcs70/m2D/m2Dr4/mcs70_m2Dr4_s35.B92
Reading graphs...
35 :  70
35 :  69
Initializing...
maxdom : 35
D->valSize : 1225
Solving...
currentSize : 17 <-- 0.035525 s
currentSize : 18 <-- 0.035935 s
currentSize : 19 <-- 0.177225 s
currentSize : 20 <-- 0.669357 s
currentSize : 22 <-- 1.040492 s
currentSize : 23 <-- 62.617199 s
currentSize : 24 <-- 695.492249 s
currentSize : 25 <-- 847.096497 s
currentSize : 26 <-- 847.098083 s

maxsize : 26
nodes : 158985007.000000
filtered : 3866770353.000000
time : 878.644348
