Parameters: GAD=1 vflib=1 dir=0 label=0 lowerbound=1 fileNameGp=../graphsdb/mcs70/m2D/m2Dr2/mcs70_m2Dr2_s35.A91 fileNameGt=../graphsdb/mcs70/m2D/m2Dr2/mcs70_m2Dr2_s35.B91
Reading graphs...
35 :  65
35 :  65
Initializing...
maxdom : 35
D->valSize : 1225
Solving...
currentSize : 16 <-- 0.020489 s
currentSize : 18 <-- 0.020539 s
currentSize : 19 <-- 0.021076 s
currentSize : 20 <-- 0.044103 s
currentSize : 21 <-- 0.062131 s
currentSize : 22 <-- 0.812389 s
currentSize : 23 <-- 25.033720 s
currentSize : 24 <-- 80.292786 s
currentSize : 25 <-- 317.717529 s
currentSize : 26 <-- 319.232422 s

maxsize : 26
nodes : 65938664.000000
filtered : 1798167447.000000
time : 382.004669
