Parameters: GAD=1 vflib=1 dir=0 label=0 lowerbound=1 fileNameGp=../graphsdb/mcs70/bvg/b03/mcs70_b03_s25.A68 fileNameGt=../graphsdb/mcs70/bvg/b03/mcs70_b03_s25.B68
Reading graphs...
25 :  37
25 :  37
Initializing...
maxdom : 25
D->valSize : 625
Solving...
currentSize : 13 <-- 0.009122 s
currentSize : 14 <-- 0.009142 s
currentSize : 15 <-- 0.010040 s
currentSize : 16 <-- 0.012368 s
currentSize : 17 <-- 0.143583 s
currentSize : 18 <-- 0.366764 s
currentSize : 19 <-- 0.766037 s
currentSize : 20 <-- 1.186968 s

maxsize : 20
nodes : 340354.000000
filtered : 5558623.000000
time : 1.476284
