Parameters: GAD=1 vflib=1 dir=0 label=0 lowerbound=1 fileNameGp=../graphsdb/mcs70/rand/r02/mcs70_r02_s20.A61 fileNameGt=../graphsdb/mcs70/rand/r02/mcs70_r02_s20.B61
Reading graphs...
20 :  67
20 :  66
Initializing...
maxdom : 20
D->valSize : 400
Solving...
currentSize : 8 <-- 0.001980 s
currentSize : 9 <-- 0.002022 s
currentSize : 10 <-- 0.002921 s
currentSize : 11 <-- 0.003226 s
currentSize : 12 <-- 0.007260 s
currentSize : 13 <-- 0.022397 s
currentSize : 14 <-- 0.023231 s

maxsize : 14
nodes : 44557.000000
filtered : 921158.000000
time : 0.203411
