Parameters: GAD=1 vflib=1 dir=0 label=0 lowerbound=1 fileNameGp=../graphsdb/mcs70/m2D/m2D/mcs70_m2D_s35.A79 fileNameGt=../graphsdb/mcs70/m2D/m2D/mcs70_m2D_s35.B79
Reading graphs...
35 :  57
35 :  58
Initializing...
maxdom : 35
D->valSize : 1225
Solving...
currentSize : 18 <-- 0.020699 s
currentSize : 19 <-- 0.020941 s
currentSize : 20 <-- 0.402632 s
currentSize : 21 <-- 1.407614 s
currentSize : 22 <-- 1.602860 s
currentSize : 23 <-- 10.026280 s
currentSize : 24 <-- 16.062103 s
currentSize : 25 <-- 21.039700 s
currentSize : 26 <-- 147.719849 s
currentSize : 27 <-- 150.530762 s

maxsize : 27
nodes : 32097890.000000
filtered : 758057858.000000
time : 174.239304
