Parameters: GAD=1 vflib=1 dir=0 label=0 lowerbound=1 fileNameGp=../graphsdb/mcs70/rand/r02/mcs70_r02_s35.A47 fileNameGt=../graphsdb/mcs70/rand/r02/mcs70_r02_s35.B47
Reading graphs...
35 :  214
35 :  215
Initializing...
maxdom : 35
D->valSize : 1225
Solving...
currentSize : 10 <-- 0.021912 s
currentSize : 11 <-- 0.022149 s
currentSize : 12 <-- 0.022196 s
currentSize : 13 <-- 0.022420 s
currentSize : 14 <-- 0.142957 s
currentSize : 15 <-- 33.597561 s
currentSize : 16 <-- 57.003471 s
currentSize : 18 <-- 379.871185 s
currentSize : 20 <-- 381.635193 s
currentSize : 21 <-- 483.358185 s
currentSize : 24 <-- 483.358276 s

maxsize : 24
nodes : 104847001.000000
filtered : 1605202495.000000
time : 496.176025
