Parameters: GAD=1 vflib=1 dir=0 label=0 lowerbound=1 fileNameGp=../graphsdb/mcs70/bvg/b03/mcs70_b03_s35.A05 fileNameGt=../graphsdb/mcs70/bvg/b03/mcs70_b03_s35.B05
Reading graphs...
35 :  52
35 :  52
Initializing...
maxdom : 35
D->valSize : 1225
Solving...
currentSize : 18 <-- 0.021097 s
currentSize : 19 <-- 0.021120 s
currentSize : 20 <-- 0.021308 s
currentSize : 21 <-- 0.021434 s
currentSize : 22 <-- 0.021878 s
currentSize : 23 <-- 0.601856 s
currentSize : 24 <-- 1.048476 s
currentSize : 25 <-- 5.077695 s
currentSize : 26 <-- 6.735913 s
currentSize : 27 <-- 103.236099 s

maxsize : 27
nodes : 24380201.000000
filtered : 624284061.000000
time : 137.925018
