Parameters: GAD=1 vflib=1 dir=0 label=0 lowerbound=1 fileNameGp=../graphsdb/mcs70/bvg/b09m/mcs70_b09m_s35.A66 fileNameGt=../graphsdb/mcs70/bvg/b09m/mcs70_b09m_s35.B66
Reading graphs...
35 :  150
35 :  153
Initializing...
maxdom : 35
D->valSize : 1225
Solving...
currentSize : 13 <-- 0.018213 s
currentSize : 14 <-- 0.018879 s
currentSize : 15 <-- 0.026473 s
currentSize : 16 <-- 1.485950 s
currentSize : 17 <-- 8.327764 s
currentSize : 20 <-- 916.842163 s
currentSize : 24 <-- 918.275757 s

maxsize : 24
nodes : 199841398.000000
filtered : 3315808176.000000
time : 936.489380
