Parameters: GAD=1 vflib=1 dir=0 label=0 lowerbound=1 fileNameGp=../graphsdb/mcs70/bvg/b06m/mcs70_b06m_s35.A83 fileNameGt=../graphsdb/mcs70/bvg/b06m/mcs70_b06m_s35.B83
Reading graphs...
35 :  103
35 :  101
Initializing...
maxdom : 35
D->valSize : 1225
Solving...
currentSize : 14 <-- 0.019317 s
currentSize : 15 <-- 0.019813 s
currentSize : 17 <-- 0.030442 s
currentSize : 18 <-- 0.166735 s
currentSize : 20 <-- 0.200221 s
currentSize : 21 <-- 199.566757 s
currentSize : 23 <-- 223.964828 s
currentSize : 24 <-- 269.800476 s
currentSize : 25 <-- 269.829407 s

maxsize : 25
nodes : 50629294.000000
filtered : 1470320181.000000
time : 288.750427
