Parameters: GAD=1 vflib=1 dir=0 label=0 lowerbound=1 fileNameGp=../graphsdb/mcs70/bvg/b03/mcs70_b03_s30.A85 fileNameGt=../graphsdb/mcs70/bvg/b03/mcs70_b03_s30.B85
Reading graphs...
30 :  45
30 :  45
Initializing...
maxdom : 30
D->valSize : 900
Solving...
currentSize : 9 <-- 0.011170 s
currentSize : 18 <-- 0.011218 s
currentSize : 19 <-- 0.150990 s
currentSize : 20 <-- 0.329545 s
currentSize : 21 <-- 0.329917 s
currentSize : 22 <-- 0.363991 s
currentSize : 23 <-- 0.761510 s

maxsize : 23
nodes : 1825177.000000
filtered : 42894099.000000
time : 9.142211
