Parameters: GAD=1 vflib=1 dir=0 label=0 lowerbound=1 fileNameGp=../graphsdb/mcs70/m3D/m3Dr2/mcs70_m3Dr2_s35.A35 fileNameGt=../graphsdb/mcs70/m3D/m3Dr2/mcs70_m3Dr2_s35.B35
Reading graphs...
35 :  78
35 :  78
Initializing...
maxdom : 35
D->valSize : 1225
Solving...
currentSize : 16 <-- 0.019949 s
currentSize : 17 <-- 0.020207 s
currentSize : 18 <-- 0.026327 s
currentSize : 19 <-- 0.038166 s
currentSize : 20 <-- 0.103279 s
currentSize : 21 <-- 0.463329 s
currentSize : 22 <-- 0.493440 s
currentSize : 23 <-- 0.584676 s
currentSize : 24 <-- 16.010939 s
currentSize : 25 <-- 66.512604 s
currentSize : 27 <-- 138.077835 s

maxsize : 27
nodes : 23854142.000000
filtered : 775626716.000000
time : 149.856613
