Parameters: GAD=1 vflib=1 dir=0 label=0 lowerbound=1 fileNameGp=../graphsdb/mcs70/m2D/m2Dr6/m2Dr6/mcs70_m2Dr6_s35.A02 fileNameGt=../graphsdb/mcs70/m2D/m2Dr6/m2Dr6/mcs70_m2Dr6_s35.B02
Reading graphs...
35 :  78
35 :  78
Initializing...
maxdom : 35
D->valSize : 1225
Solving...
currentSize : 16 <-- 0.019880 s
currentSize : 17 <-- 0.019902 s
currentSize : 18 <-- 0.020403 s
currentSize : 19 <-- 0.044646 s
currentSize : 20 <-- 0.044670 s
currentSize : 21 <-- 3.776435 s
currentSize : 22 <-- 66.130226 s
currentSize : 23 <-- 92.822105 s
currentSize : 25 <-- 367.178925 s

maxsize : 25
nodes : 78667002.000000
filtered : 2198134074.000000
time : 454.572205
