Parameters: GAD=1 vflib=1 dir=0 label=0 lowerbound=1 fileNameGp=../graphsdb/mcs70/m4D/m4Dr2/mcs70_m4Dr2_s25.A46 fileNameGt=../graphsdb/mcs70/m4D/m4Dr2/mcs70_m4Dr2_s25.B46
Reading graphs...
25 :  52
25 :  52
Initializing...
maxdom : 25
D->valSize : 625
Solving...
currentSize : 12 <-- 0.008740 s
currentSize : 13 <-- 0.008796 s
currentSize : 14 <-- 0.012163 s
currentSize : 15 <-- 0.012954 s
currentSize : 16 <-- 0.507312 s
currentSize : 17 <-- 0.539069 s
currentSize : 18 <-- 1.087852 s

maxsize : 18
nodes : 417024.000000
filtered : 7770525.000000
time : 1.786221
