Parameters: GAD=1 vflib=1 dir=0 label=0 lowerbound=1 fileNameGp=../graphsdb/mcs70/m4D/m4Dr2/mcs70_m4Dr2_s25.A79 fileNameGt=../graphsdb/mcs70/m4D/m4Dr2/mcs70_m4Dr2_s25.B79
Reading graphs...
25 :  51
25 :  50
Initializing...
maxdom : 25
D->valSize : 625
Solving...
currentSize : 13 <-- 0.008785 s
currentSize : 14 <-- 0.008830 s
currentSize : 15 <-- 0.008890 s
currentSize : 16 <-- 0.087888 s
currentSize : 17 <-- 0.256122 s
currentSize : 18 <-- 0.356083 s

maxsize : 18
nodes : 250615.000000
filtered : 5117768.000000
time : 1.074896
