Parameters: GAD=1 vflib=1 dir=0 label=0 lowerbound=1 fileNameGp=../graphsdb/mcs70/rand/r02/mcs70_r02_s30.A64 fileNameGt=../graphsdb/mcs70/rand/r02/mcs70_r02_s30.B64
Reading graphs...
30 :  156
30 :  156
Initializing...
maxdom : 30
D->valSize : 900
Solving...
currentSize : 10 <-- 0.016117 s
currentSize : 12 <-- 0.018432 s
currentSize : 13 <-- 0.082955 s
currentSize : 14 <-- 13.965210 s
currentSize : 16 <-- 39.838497 s
currentSize : 17 <-- 49.278728 s
currentSize : 21 <-- 49.575012 s

maxsize : 21
nodes : 12853504.000000
filtered : 159604384.000000
time : 52.884014
