Parameters: GAD=1 vflib=1 dir=0 label=0 lowerbound=1 fileNameGp=../graphsdb/mcs70/m4D/m4Dr4/mcs70_m4Dr4_s25.A54 fileNameGt=../graphsdb/mcs70/m4D/m4Dr4/mcs70_m4Dr4_s25.B54
Reading graphs...
25 :  56
25 :  54
Initializing...
maxdom : 25
D->valSize : 625
Solving...
currentSize : 12 <-- 0.004960 s
currentSize : 13 <-- 0.004996 s
currentSize : 14 <-- 0.005098 s
currentSize : 15 <-- 0.184215 s
currentSize : 16 <-- 0.542796 s
currentSize : 17 <-- 0.551436 s

maxsize : 17
nodes : 811129.000000
filtered : 16090527.000000
time : 3.484069
