Parameters: GAD=1 vflib=1 dir=0 label=0 lowerbound=1 fileNameGp=../graphsdb/mcs70/bvg/b06/mcs70_b06_s30.A66 fileNameGt=../graphsdb/mcs70/bvg/b06/mcs70_b06_s30.B66
Reading graphs...
30 :  89
30 :  90
Initializing...
maxdom : 30
D->valSize : 900
Solving...
currentSize : 11 <-- 0.009914 s
currentSize : 13 <-- 0.009940 s
currentSize : 14 <-- 0.010112 s
currentSize : 15 <-- 0.024023 s
currentSize : 16 <-- 0.064240 s
currentSize : 17 <-- 0.064249 s
currentSize : 18 <-- 0.124564 s
currentSize : 19 <-- 0.124591 s
currentSize : 20 <-- 0.313941 s
currentSize : 21 <-- 3.832881 s
currentSize : 23 <-- 7.668558 s

maxsize : 23
nodes : 1513797.000000
filtered : 44549723.000000
time : 8.528421
