Parameters: GAD=1 vflib=1 dir=0 label=0 lowerbound=1 fileNameGp=../graphsdb/mcs70/m3D/m3Dr4/mcs70_m3Dr4_s35.A96 fileNameGt=../graphsdb/mcs70/m3D/m3Dr4/mcs70_m3Dr4_s35.B96
Reading graphs...
35 :  85
35 :  86
Initializing...
maxdom : 35
D->valSize : 1225
Solving...
currentSize : 16 <-- 0.019770 s
currentSize : 17 <-- 0.020209 s
currentSize : 19 <-- 0.020344 s
currentSize : 20 <-- 0.055551 s
currentSize : 21 <-- 25.678663 s
currentSize : 22 <-- 154.001358 s
currentSize : 23 <-- 272.255432 s
currentSize : 27 <-- 272.768768 s

maxsize : 27
nodes : 55235432.000000
filtered : 1204082402.000000
time : 287.336243
