Parameters: GAD=1 vflib=1 dir=0 label=0 lowerbound=1 fileNameGp=../graphsdb/mcs70/bvg/b09m/mcs70_b09m_s30.A64 fileNameGt=../graphsdb/mcs70/bvg/b09m/mcs70_b09m_s30.B64
Reading graphs...
30 :  124
30 :  127
Initializing...
maxdom : 30
D->valSize : 900
Solving...
currentSize : 10 <-- 0.016375 s
currentSize : 11 <-- 0.016551 s
currentSize : 12 <-- 0.017614 s
currentSize : 13 <-- 0.018451 s
currentSize : 14 <-- 0.046400 s
currentSize : 15 <-- 0.954235 s
currentSize : 16 <-- 6.782040 s
currentSize : 18 <-- 13.577092 s
currentSize : 19 <-- 13.577214 s
currentSize : 20 <-- 13.584236 s

maxsize : 20
nodes : 4026512.000000
filtered : 89250631.000000
time : 19.735113
