Parameters: GAD=1 vflib=1 dir=0 label=0 lowerbound=1 fileNameGp=../graphsdb/mcs70/rand/r005/mcs70_r005_s20.A08 fileNameGt=../graphsdb/mcs70/rand/r005/mcs70_r005_s20.B08
Reading graphs...
20 :  23
20 :  22
Initializing...
maxdom : 20
D->valSize : 400
Solving...
currentSize : 10 <-- 0.002411 s
currentSize : 11 <-- 0.002432 s
currentSize : 12 <-- 0.002455 s
currentSize : 13 <-- 0.002549 s
currentSize : 14 <-- 0.035189 s
currentSize : 15 <-- 0.040234 s

maxsize : 15
nodes : 38177.000000
filtered : 374842.000000
time : 0.105983
