Parameters: GAD=1 vflib=1 dir=0 label=0 lowerbound=1 fileNameGp=../graphsdb/mcs70/m4D/m4D/mcs70_m4D_s25.A86 fileNameGt=../graphsdb/mcs70/m4D/m4D/mcs70_m4D_s25.B86
Reading graphs...
25 :  47
25 :  46
Initializing...
maxdom : 25
D->valSize : 625
Solving...
currentSize : 14 <-- 0.008894 s
currentSize : 15 <-- 0.008921 s
currentSize : 16 <-- 0.009314 s
currentSize : 17 <-- 0.009613 s
currentSize : 18 <-- 0.009711 s
currentSize : 20 <-- 0.015277 s

maxsize : 20
nodes : 30077.000000
filtered : 869552.000000
time : 0.251790
