Parameters: GAD=1 vflib=1 dir=0 label=0 lowerbound=1 fileNameGp=../graphsdb/mcs70/bvg/b09/mcs70_b09_s35.A23 fileNameGt=../graphsdb/mcs70/bvg/b09/mcs70_b09_s35.B23
Reading graphs...
35 :  155
35 :  155
Initializing...
maxdom : 35
D->valSize : 1225
Solving...
currentSize : 12 <-- 0.030909 s
currentSize : 13 <-- 0.039374 s
currentSize : 14 <-- 0.045847 s
currentSize : 15 <-- 0.149520 s
currentSize : 16 <-- 1.269383 s
currentSize : 17 <-- 3.205369 s
currentSize : 18 <-- 6.675869 s
currentSize : 20 <-- 30.325171 s
currentSize : 21 <-- 30.325483 s
currentSize : 22 <-- 69.387642 s
currentSize : 23 <-- 83.838692 s
currentSize : 24 <-- 85.379524 s
currentSize : 25 <-- 85.421143 s

maxsize : 25
nodes : 15813885.000000
filtered : 476950399.000000
time : 93.784828
