Parameters: GAD=1 vflib=1 dir=0 label=0 lowerbound=1 fileNameGp=../graphsdb/mcs70/bvg/b09m/mcs70_b09m_s25.A41 fileNameGt=../graphsdb/mcs70/bvg/b09m/mcs70_b09m_s25.B41
Reading graphs...
25 :  106
25 :  107
Initializing...
maxdom : 25
D->valSize : 625
Solving...
currentSize : 9 <-- 0.007319 s
currentSize : 10 <-- 0.008159 s
currentSize : 11 <-- 0.008212 s
currentSize : 12 <-- 0.008219 s
currentSize : 13 <-- 0.188864 s
currentSize : 14 <-- 4.829063 s
currentSize : 15 <-- 5.431051 s
currentSize : 16 <-- 5.431078 s

maxsize : 16
nodes : 1730801.000000
filtered : 26537040.000000
time : 6.999502
