Parameters: GAD=1 vflib=1 dir=0 label=0 lowerbound=1 fileNameGp=../graphsdb/mcs70/bvg/b09m/mcs70_b09m_s35.A61 fileNameGt=../graphsdb/mcs70/bvg/b09m/mcs70_b09m_s35.B61
Reading graphs...
35 :  150
35 :  148
Initializing...
maxdom : 35
D->valSize : 1225
Solving...
currentSize : 12 <-- 0.031341 s
currentSize : 14 <-- 0.031369 s
currentSize : 15 <-- 0.031398 s
currentSize : 16 <-- 0.075963 s
currentSize : 17 <-- 28.422432 s
currentSize : 18 <-- 126.045952 s
currentSize : 19 <-- 219.817856 s
currentSize : 20 <-- 219.818085 s
currentSize : 21 <-- 236.139984 s
currentSize : 22 <-- 341.080505 s
currentSize : 23 <-- 341.080566 s
currentSize : 24 <-- 341.081024 s

maxsize : 24
nodes : 65201494.000000
filtered : 1590565841.000000
time : 352.822388
