Parameters: GAD=1 vflib=1 dir=0 label=0 lowerbound=1 fileNameGp=../graphsdb/mcs70/m3D/m3Dr6/mcs70_m3Dr6_s35.A41 fileNameGt=../graphsdb/mcs70/m3D/m3Dr6/mcs70_m3Dr6_s35.B41
Reading graphs...
35 :  92
35 :  91
Initializing...
maxdom : 35
D->valSize : 1225
Solving...
currentSize : 14 <-- 0.019927 s
currentSize : 16 <-- 0.019949 s
currentSize : 17 <-- 0.020211 s
currentSize : 18 <-- 0.039894 s
currentSize : 19 <-- 0.424446 s
currentSize : 20 <-- 0.623180 s
currentSize : 21 <-- 36.100800 s
currentSize : 23 <-- 86.631729 s
currentSize : 24 <-- 118.207680 s
currentSize : 25 <-- 120.160866 s
currentSize : 26 <-- 120.249496 s
currentSize : 27 <-- 145.264694 s

maxsize : 27
nodes : 27335274.000000
filtered : 676786392.000000
time : 147.716965
