Parameters: GAD=1 vflib=1 dir=0 label=0 lowerbound=1 fileNameGp=../graphsdb/mcs70/m3D/m3Dr2/mcs70_m3Dr2_s35.A56 fileNameGt=../graphsdb/mcs70/m3D/m3Dr2/mcs70_m3Dr2_s35.B56
Reading graphs...
35 :  77
35 :  75
Initializing...
maxdom : 35
D->valSize : 1225
Solving...
currentSize : 18 <-- 0.021143 s
currentSize : 19 <-- 0.100293 s
currentSize : 20 <-- 0.107096 s
currentSize : 21 <-- 0.120447 s
currentSize : 22 <-- 9.541090 s
currentSize : 23 <-- 19.231745 s
currentSize : 24 <-- 25.336370 s
currentSize : 25 <-- 32.752708 s
currentSize : 26 <-- 92.811310 s
currentSize : 27 <-- 106.627296 s

maxsize : 27
nodes : 20596064.000000
filtered : 622791812.000000
time : 121.277527
