Parameters: GAD=1 vflib=1 dir=0 label=0 lowerbound=1 fileNameGp=../graphsdb/mcs70/m4D/m4Dr2/mcs70_m4Dr2_s25.A70 fileNameGt=../graphsdb/mcs70/m4D/m4Dr2/mcs70_m4Dr2_s25.B70
Reading graphs...
25 :  52
25 :  50
Initializing...
maxdom : 25
D->valSize : 625
Solving...
currentSize : 9 <-- 0.008688 s
currentSize : 10 <-- 0.008762 s
currentSize : 11 <-- 0.008771 s
currentSize : 12 <-- 0.008858 s
currentSize : 13 <-- 0.009185 s
currentSize : 14 <-- 0.010742 s
currentSize : 15 <-- 0.013826 s
currentSize : 16 <-- 0.095602 s
currentSize : 17 <-- 0.260521 s

maxsize : 17
nodes : 548119.000000
filtered : 11134738.000000
time : 2.352859
