Parameters: GAD=1 vflib=1 dir=0 label=0 lowerbound=1 fileNameGp=../graphsdb/mcs70/m4D/m4Dr4/mcs70_m4Dr4_s25.A69 fileNameGt=../graphsdb/mcs70/m4D/m4Dr4/mcs70_m4Dr4_s25.B69
Reading graphs...
25 :  57
25 :  56
Initializing...
maxdom : 25
D->valSize : 625
Solving...
currentSize : 11 <-- 0.009110 s
currentSize : 12 <-- 0.009167 s
currentSize : 13 <-- 0.009309 s
currentSize : 14 <-- 0.009572 s
currentSize : 15 <-- 0.060918 s
currentSize : 16 <-- 0.614547 s
currentSize : 17 <-- 1.126479 s

maxsize : 17
nodes : 781242.000000
filtered : 16086094.000000
time : 3.341434
