Parameters: GAD=1 vflib=1 dir=0 label=0 lowerbound=1 fileNameGp=../graphsdb/mcs70/bvg/b06m/mcs70_b06m_s25.A78 fileNameGt=../graphsdb/mcs70/bvg/b06m/mcs70_b06m_s25.B78
Reading graphs...
25 :  73
25 :  71
Initializing...
maxdom : 25
D->valSize : 625
Solving...
currentSize : 9 <-- 0.004734 s
currentSize : 11 <-- 0.004766 s
currentSize : 13 <-- 0.005709 s
currentSize : 14 <-- 0.332048 s
currentSize : 15 <-- 1.655912 s
currentSize : 18 <-- 2.602720 s

maxsize : 18
nodes : 774474.000000
filtered : 12921295.000000
time : 3.004871
