Parameters: GAD=1 vflib=1 dir=0 label=0 lowerbound=1 fileNameGp=../graphsdb/mcs70/bvg/b09/mcs70_b09_s30.A66 fileNameGt=../graphsdb/mcs70/bvg/b09/mcs70_b09_s30.B66
Reading graphs...
30 :  135
30 :  132
Initializing...
maxdom : 30
D->valSize : 900
Solving...
currentSize : 11 <-- 0.016442 s
currentSize : 13 <-- 0.016573 s
currentSize : 14 <-- 0.017744 s
currentSize : 15 <-- 0.039274 s
currentSize : 16 <-- 0.040658 s
currentSize : 17 <-- 0.273583 s
currentSize : 18 <-- 0.635706 s
currentSize : 20 <-- 0.635842 s
currentSize : 21 <-- 3.632585 s

maxsize : 21
nodes : 1110043.000000
filtered : 34654525.000000
time : 6.332643
