Parameters: GAD=1 vflib=1 dir=0 label=0 lowerbound=1 fileNameGp=../graphsdb/mcs70/bvg/b09/mcs70_b09_s35.A01 fileNameGt=../graphsdb/mcs70/bvg/b09/mcs70_b09_s35.B01
Reading graphs...
35 :  153
35 :  156
Initializing...
maxdom : 35
D->valSize : 1225
Solving...
currentSize : 9 <-- 0.018073 s
currentSize : 11 <-- 0.018093 s
currentSize : 12 <-- 0.018129 s
currentSize : 13 <-- 0.018557 s
currentSize : 14 <-- 0.018565 s
currentSize : 15 <-- 0.019195 s
currentSize : 16 <-- 0.036766 s
currentSize : 17 <-- 0.067320 s
currentSize : 18 <-- 0.091431 s
currentSize : 19 <-- 0.217058 s
currentSize : 20 <-- 0.218868 s
currentSize : 24 <-- 1.598528 s

maxsize : 24
nodes : 4882627.000000
filtered : 192922333.000000
time : 32.720249
