Parameters: GAD=1 vflib=1 dir=0 label=0 lowerbound=1 fileNameGp=../graphsdb/mcs70/m2D/m2Dr6/m2Dr6/mcs70_m2Dr6_s35.A16 fileNameGt=../graphsdb/mcs70/m2D/m2Dr6/m2Dr6/mcs70_m2Dr6_s35.B16
Reading graphs...
35 :  76
35 :  79
Initializing...
maxdom : 35
D->valSize : 1225
Solving...
currentSize : 11 <-- 0.034769 s
currentSize : 14 <-- 0.034819 s
currentSize : 18 <-- 0.034855 s
currentSize : 19 <-- 0.064267 s
currentSize : 20 <-- 0.275786 s
currentSize : 21 <-- 0.817527 s
currentSize : 22 <-- 103.122894 s
currentSize : 23 <-- 113.896797 s
currentSize : 24 <-- 114.023750 s
currentSize : 25 <-- 225.576691 s

maxsize : 25
nodes : 50113216.000000
filtered : 1462885216.000000
time : 297.272797
