Parameters: GAD=1 vflib=1 dir=0 label=0 lowerbound=1 fileNameGp=../graphsdb/mcs70/bvg/b09/mcs70_b09_s35.A25 fileNameGt=../graphsdb/mcs70/bvg/b09/mcs70_b09_s35.B25
Reading graphs...
35 :  154
35 :  154
Initializing...
maxdom : 35
D->valSize : 1225
Solving...
currentSize : 12 <-- 0.022403 s
currentSize : 13 <-- 0.022514 s
currentSize : 14 <-- 0.022866 s
currentSize : 15 <-- 0.029943 s
currentSize : 16 <-- 0.059904 s
currentSize : 17 <-- 0.062475 s
currentSize : 18 <-- 0.112140 s
currentSize : 19 <-- 0.296561 s
currentSize : 20 <-- 0.310573 s
currentSize : 21 <-- 0.512470 s
currentSize : 22 <-- 0.757754 s
currentSize : 23 <-- 0.947861 s
currentSize : 24 <-- 0.948367 s
currentSize : 25 <-- 1.492274 s
currentSize : 26 <-- 3.282291 s

maxsize : 26
nodes : 1243954.000000
filtered : 55719601.000000
time : 8.768344
