Parameters: GAD=1 vflib=1 dir=0 label=0 lowerbound=1 fileNameGp=../graphsdb/mcs70/rand/r005/mcs70_r005_s35.A58 fileNameGt=../graphsdb/mcs70/rand/r005/mcs70_r005_s35.B58
Reading graphs...
35 :  58
35 :  55
Initializing...
maxdom : 35
D->valSize : 1225
Solving...
currentSize : 17 <-- 0.036252 s
currentSize : 19 <-- 0.036282 s
currentSize : 20 <-- 0.036393 s
currentSize : 21 <-- 0.045617 s
currentSize : 22 <-- 2.425464 s
currentSize : 23 <-- 26.986408 s
currentSize : 24 <-- 181.240799 s
currentSize : 25 <-- 192.109177 s
currentSize : 26 <-- 251.120316 s

maxsize : 26
nodes : 65362418.000000
filtered : 1315354178.000000
time : 329.666901
