Parameters: GAD=1 vflib=1 dir=0 label=0 lowerbound=1 fileNameGp=../graphsdb/mcs70/bvg/b06m/mcs70_b06m_s35.A02 fileNameGt=../graphsdb/mcs70/bvg/b06m/mcs70_b06m_s35.B02
Reading graphs...
35 :  101
35 :  101
Initializing...
maxdom : 35
D->valSize : 1225
Solving...
currentSize : 13 <-- 0.033588 s
currentSize : 14 <-- 0.033643 s
currentSize : 15 <-- 0.035277 s
currentSize : 16 <-- 0.049668 s
currentSize : 17 <-- 0.138356 s
currentSize : 18 <-- 0.983593 s
currentSize : 19 <-- 3.980958 s
currentSize : 20 <-- 16.465199 s
currentSize : 21 <-- 915.303345 s
currentSize : 24 <-- 1053.663940 s

maxsize : 24
nodes : 209194695.000000
filtered : 5224777991.000000
time : 1138.370850
