Parameters: GAD=1 vflib=1 dir=0 label=0 lowerbound=1 fileNameGp=../graphsdb/mcs70/bvg/b06/mcs70_b06_s30.A25 fileNameGt=../graphsdb/mcs70/bvg/b06/mcs70_b06_s30.B25
Reading graphs...
30 :  90
30 :  90
Initializing...
maxdom : 30
D->valSize : 900
Solving...
currentSize : 14 <-- 0.010293 s
currentSize : 15 <-- 0.043223 s
currentSize : 17 <-- 0.048831 s
currentSize : 18 <-- 0.091802 s
currentSize : 19 <-- 6.616577 s
currentSize : 20 <-- 12.709472 s
currentSize : 21 <-- 16.154366 s
currentSize : 22 <-- 17.594971 s

maxsize : 22
nodes : 3732375.000000
filtered : 99139629.000000
time : 19.395084
