Parameters: GAD=1 vflib=1 dir=0 label=0 lowerbound=1 fileNameGp=../graphsdb/mcs70/bvg/b03/mcs70_b03_s30.A17 fileNameGt=../graphsdb/mcs70/bvg/b03/mcs70_b03_s30.B17
Reading graphs...
30 :  45
30 :  44
Initializing...
maxdom : 30
D->valSize : 900
Solving...
currentSize : 18 <-- 0.019230 s
currentSize : 20 <-- 0.025108 s
currentSize : 21 <-- 0.032359 s
currentSize : 22 <-- 3.233392 s
currentSize : 23 <-- 15.351460 s
currentSize : 24 <-- 15.428430 s

maxsize : 24
nodes : 3448105.000000
filtered : 66852641.000000
time : 15.920990
