Parameters: GAD=1 vflib=1 dir=0 label=0 lowerbound=1 fileNameGp=../graphsdb/mcs70/rand/r005/mcs70_r005_s25.A40 fileNameGt=../graphsdb/mcs70/rand/r005/mcs70_r005_s25.B40
Reading graphs...
25 :  33
25 :  33
Initializing...
maxdom : 25
D->valSize : 625
Solving...
currentSize : 10 <-- 0.005325 s
currentSize : 12 <-- 0.005368 s
currentSize : 14 <-- 0.005760 s
currentSize : 15 <-- 0.041261 s
currentSize : 16 <-- 0.321778 s
currentSize : 17 <-- 0.575022 s
currentSize : 18 <-- 0.710247 s
currentSize : 19 <-- 0.759224 s

maxsize : 19
nodes : 404314.000000
filtered : 4675719.000000
time : 1.370296
