Parameters: GAD=1 vflib=1 dir=0 label=0 lowerbound=1 fileNameGp=../graphsdb/mcs70/bvg/b09/mcs70_b09_s30.A83 fileNameGt=../graphsdb/mcs70/bvg/b09/mcs70_b09_s30.B83
Reading graphs...
30 :  133
30 :  133
Initializing...
maxdom : 30
D->valSize : 900
Solving...
currentSize : 12 <-- 0.009835 s
currentSize : 13 <-- 0.010457 s
currentSize : 14 <-- 0.011167 s
currentSize : 15 <-- 0.076941 s
currentSize : 16 <-- 0.378129 s
currentSize : 17 <-- 0.398541 s
currentSize : 18 <-- 0.611666 s
currentSize : 20 <-- 0.611887 s
currentSize : 21 <-- 2.993400 s

maxsize : 21
nodes : 912678.000000
filtered : 28485038.000000
time : 5.298070
