Parameters: GAD=1 vflib=1 dir=0 label=0 lowerbound=1 fileNameGp=../graphsdb/mcs70/m4D/m4Dr6/mcs70_m4Dr6_s25.A41 fileNameGt=../graphsdb/mcs70/m4D/m4Dr6/mcs70_m4Dr6_s25.B41
Reading graphs...
25 :  59
25 :  56
Initializing...
maxdom : 25
D->valSize : 625
Solving...
currentSize : 11 <-- 0.008902 s
currentSize : 12 <-- 0.008960 s
currentSize : 13 <-- 0.009032 s
currentSize : 14 <-- 0.022913 s
currentSize : 15 <-- 0.023372 s
currentSize : 17 <-- 0.041483 s

maxsize : 17
nodes : 417288.000000
filtered : 11648084.000000
time : 1.967675
