Parameters: GAD=1 vflib=1 dir=0 label=0 lowerbound=1 fileNameGp=../graphsdb/mcs70/bvg/b09m/mcs70_b09m_s30.A56 fileNameGt=../graphsdb/mcs70/bvg/b09m/mcs70_b09m_s30.B56
Reading graphs...
30 :  130
30 :  130
Initializing...
maxdom : 30
D->valSize : 900
Solving...
currentSize : 10 <-- 0.009418 s
currentSize : 11 <-- 0.010499 s
currentSize : 12 <-- 0.011227 s
currentSize : 13 <-- 0.013485 s
currentSize : 14 <-- 0.033204 s
currentSize : 15 <-- 1.811264 s
currentSize : 16 <-- 6.929166 s
currentSize : 17 <-- 9.205455 s
currentSize : 20 <-- 9.791897 s

maxsize : 20
nodes : 3138807.000000
filtered : 65448553.000000
time : 15.068428
