Parameters: GAD=1 vflib=1 dir=0 label=0 lowerbound=1 fileNameGp=../graphsdb/mcs70/rand/r02/mcs70_r02_s25.A20 fileNameGt=../graphsdb/mcs70/rand/r02/mcs70_r02_s25.B20
Reading graphs...
25 :  110
25 :  108
Initializing...
maxdom : 25
D->valSize : 625
Solving...
currentSize : 8 <-- 0.008040 s
currentSize : 9 <-- 0.008075 s
currentSize : 10 <-- 0.008121 s
currentSize : 11 <-- 0.009640 s
currentSize : 12 <-- 0.024957 s
currentSize : 13 <-- 0.542192 s
currentSize : 14 <-- 2.811599 s
currentSize : 17 <-- 3.555515 s

maxsize : 17
nodes : 1161702.000000
filtered : 16414244.000000
time : 4.511917
