Parameters: GAD=1 vflib=1 dir=0 label=0 lowerbound=1 fileNameGp=../graphsdb/mcs70/rand/r005/mcs70_r005_s30.A05 fileNameGt=../graphsdb/mcs70/rand/r005/mcs70_r005_s30.B05
Reading graphs...
30 :  42
30 :  40
Initializing...
maxdom : 30
D->valSize : 900
Solving...
currentSize : 8 <-- 0.019522 s
currentSize : 9 <-- 0.019823 s
currentSize : 15 <-- 0.019866 s
currentSize : 16 <-- 0.021593 s
currentSize : 17 <-- 0.036754 s
currentSize : 18 <-- 0.036998 s
currentSize : 19 <-- 0.220093 s
currentSize : 20 <-- 0.220110 s
currentSize : 21 <-- 0.223953 s
currentSize : 22 <-- 0.224207 s
currentSize : 23 <-- 4.835901 s
currentSize : 24 <-- 5.207147 s

maxsize : 24
nodes : 1364821.000000
filtered : 27452888.000000
time : 6.363944
