Parameters: GAD=1 vflib=1 dir=0 label=0 lowerbound=1 fileNameGp=../graphsdb/mcs70/bvg/b06m/mcs70_b06m_s25.A68 fileNameGt=../graphsdb/mcs70/bvg/b06m/mcs70_b06m_s25.B68
Reading graphs...
25 :  74
25 :  72
Initializing...
maxdom : 25
D->valSize : 625
Solving...
currentSize : 12 <-- 0.004811 s
currentSize : 13 <-- 0.114431 s
currentSize : 14 <-- 0.119167 s
currentSize : 15 <-- 0.261204 s
currentSize : 16 <-- 3.504779 s
currentSize : 17 <-- 3.509073 s

maxsize : 17
nodes : 995987.000000
filtered : 20915620.000000
time : 4.519891
