Parameters: GAD=1 vflib=1 dir=0 label=0 lowerbound=1 fileNameGp=../graphsdb/mcs70/bvg/b09m/mcs70_b09m_s30.A15 fileNameGt=../graphsdb/mcs70/bvg/b09m/mcs70_b09m_s30.B15
Reading graphs...
30 :  127
30 :  129
Initializing...
maxdom : 30
D->valSize : 900
Solving...
currentSize : 9 <-- 0.009475 s
currentSize : 10 <-- 0.009515 s
currentSize : 11 <-- 0.009810 s
currentSize : 12 <-- 0.011431 s
currentSize : 13 <-- 0.014154 s
currentSize : 14 <-- 0.025517 s
currentSize : 15 <-- 0.212337 s
currentSize : 16 <-- 149.872269 s
currentSize : 17 <-- 158.864868 s
currentSize : 18 <-- 158.864883 s
currentSize : 20 <-- 162.519867 s

maxsize : 20
nodes : 38281399.000000
filtered : 588953702.000000
time : 164.252441
