Parameters: GAD=1 vflib=1 dir=0 label=0 lowerbound=1 fileNameGp=../graphsdb/mcs70/bvg/b06m/mcs70_b06m_s35.A06 fileNameGt=../graphsdb/mcs70/bvg/b06m/mcs70_b06m_s35.B06
Reading graphs...
35 :  104
35 :  104
Initializing...
maxdom : 35
D->valSize : 1225
Solving...
currentSize : 13 <-- 0.019398 s
currentSize : 14 <-- 0.019570 s
currentSize : 15 <-- 0.019924 s
currentSize : 16 <-- 0.020034 s
currentSize : 17 <-- 0.021229 s
currentSize : 18 <-- 1.240614 s
currentSize : 19 <-- 2.997723 s
currentSize : 20 <-- 104.386032 s
currentSize : 22 <-- 274.786957 s
currentSize : 25 <-- 274.788666 s

maxsize : 25
nodes : 57556339.000000
filtered : 1390302527.000000
time : 306.459167
