Parameters: GAD=1 vflib=1 dir=0 label=0 lowerbound=1 fileNameGp=../graphsdb/mcs70/m4D/m4Dr4/mcs70_m4Dr4_s25.A61 fileNameGt=../graphsdb/mcs70/m4D/m4Dr4/mcs70_m4Dr4_s25.B61
Reading graphs...
25 :  54
25 :  55
Initializing...
maxdom : 25
D->valSize : 625
Solving...
currentSize : 10 <-- 0.005052 s
currentSize : 11 <-- 0.005074 s
currentSize : 12 <-- 0.005206 s
currentSize : 13 <-- 0.005215 s
currentSize : 14 <-- 0.005273 s
currentSize : 15 <-- 0.005282 s
currentSize : 16 <-- 0.029853 s
currentSize : 17 <-- 1.889742 s
currentSize : 18 <-- 2.398839 s

maxsize : 18
nodes : 693669.000000
filtered : 11678118.000000
time : 2.892493
