Parameters: GAD=1 vflib=1 dir=0 label=0 lowerbound=1 fileNameGp=../graphsdb/mcs70/bvg/b03m/mcs70_b03m_s25.A08 fileNameGt=../graphsdb/mcs70/bvg/b03m/mcs70_b03m_s25.B08
Reading graphs...
25 :  36
25 :  37
Initializing...
maxdom : 25
D->valSize : 625
Solving...
currentSize : 13 <-- 0.005213 s
currentSize : 14 <-- 0.005542 s
currentSize : 15 <-- 0.005584 s
currentSize : 16 <-- 0.029144 s
currentSize : 17 <-- 0.034532 s
currentSize : 18 <-- 0.401293 s
currentSize : 19 <-- 1.485011 s

maxsize : 19
nodes : 457991.000000
filtered : 7338955.000000
time : 1.805658
