Parameters: GAD=1 vflib=1 dir=0 label=0 lowerbound=1 fileNameGp=../graphsdb/mcs70/rand/r005/mcs70_r005_s35.A61 fileNameGt=../graphsdb/mcs70/rand/r005/mcs70_r005_s35.B61
Reading graphs...
35 :  58
35 :  58
Initializing...
maxdom : 35
D->valSize : 1225
Solving...
currentSize : 17 <-- 0.020726 s
currentSize : 18 <-- 0.344255 s
currentSize : 19 <-- 0.344264 s
currentSize : 20 <-- 4.652298 s
currentSize : 21 <-- 10.687121 s
currentSize : 22 <-- 13.243738 s
currentSize : 23 <-- 132.055206 s
currentSize : 24 <-- 438.619873 s

maxsize : 24
nodes : 256012365.000000
filtered : 4825107659.000000
time : 1245.413208
