Parameters: GAD=1 vflib=1 dir=0 label=0 lowerbound=1 fileNameGp=../graphsdb/mcs70/m2D/m2Dr2/mcs70_m2Dr2_s35.A30 fileNameGt=../graphsdb/mcs70/m2D/m2Dr2/mcs70_m2Dr2_s35.B30
Reading graphs...
35 :  63
35 :  63
Initializing...
maxdom : 35
D->valSize : 1225
Solving...
currentSize : 19 <-- 0.025083 s
currentSize : 20 <-- 0.025169 s
currentSize : 21 <-- 0.025224 s
currentSize : 22 <-- 0.025871 s
currentSize : 23 <-- 0.693050 s
currentSize : 24 <-- 32.089382 s
currentSize : 25 <-- 145.461502 s

maxsize : 25
nodes : 80507760.000000
filtered : 2176946399.000000
time : 470.576813
