Parameters: GAD=1 vflib=1 dir=0 label=0 lowerbound=1 fileNameGp=../graphsdb/mcs70/bvg/b06/mcs70_b06_s25.A54 fileNameGt=../graphsdb/mcs70/bvg/b06/mcs70_b06_s25.B54
Reading graphs...
25 :  74
25 :  75
Initializing...
maxdom : 25
D->valSize : 625
Solving...
currentSize : 11 <-- 0.008140 s
currentSize : 12 <-- 0.008169 s
currentSize : 14 <-- 0.008251 s
currentSize : 15 <-- 0.047752 s
currentSize : 16 <-- 0.188469 s
currentSize : 17 <-- 0.777565 s
currentSize : 18 <-- 1.403025 s

maxsize : 18
nodes : 373612.000000
filtered : 8243832.000000
time : 1.807821
