Parameters: GAD=1 vflib=1 dir=0 label=0 lowerbound=1 fileNameGp=../graphsdb/mcs70/bvg/b06/mcs70_b06_s35.A76 fileNameGt=../graphsdb/mcs70/bvg/b06/mcs70_b06_s35.B76
Reading graphs...
35 :  104
35 :  105
Initializing...
maxdom : 35
D->valSize : 1225
Solving...
currentSize : 17 <-- 0.033421 s
currentSize : 19 <-- 0.033464 s
currentSize : 20 <-- 0.033529 s
currentSize : 22 <-- 0.204499 s
currentSize : 23 <-- 0.268725 s
currentSize : 24 <-- 0.273133 s
currentSize : 25 <-- 0.380024 s
currentSize : 26 <-- 2.469578 s

maxsize : 26
nodes : 3071466.000000
filtered : 140290132.000000
time : 23.045160
