Parameters: GAD=1 vflib=1 dir=0 label=0 lowerbound=1 fileNameGp=../graphsdb/mcs70/rand/r02/mcs70_r02_s25.A61 fileNameGt=../graphsdb/mcs70/rand/r02/mcs70_r02_s25.B61
Reading graphs...
25 :  109
25 :  108
Initializing...
maxdom : 25
D->valSize : 625
Solving...
currentSize : 8 <-- 0.007742 s
currentSize : 9 <-- 0.007800 s
currentSize : 10 <-- 0.008025 s
currentSize : 11 <-- 0.015863 s
currentSize : 12 <-- 0.021895 s
currentSize : 13 <-- 1.406157 s
currentSize : 15 <-- 2.673371 s
currentSize : 17 <-- 2.673516 s

maxsize : 17
nodes : 952849.000000
filtered : 12882782.000000
time : 3.648511
