Parameters: GAD=1 vflib=1 dir=0 label=0 lowerbound=1 fileNameGp=../graphsdb/mcs70/bvg/b09/mcs70_b09_s25.A88 fileNameGt=../graphsdb/mcs70/bvg/b09/mcs70_b09_s25.B88
Reading graphs...
25 :  111
25 :  108
Initializing...
maxdom : 25
D->valSize : 625
Solving...
currentSize : 7 <-- 0.009407 s
currentSize : 8 <-- 0.009434 s
currentSize : 9 <-- 0.009503 s
currentSize : 10 <-- 0.009521 s
currentSize : 11 <-- 0.010611 s
currentSize : 12 <-- 0.018673 s
currentSize : 15 <-- 0.041014 s
currentSize : 16 <-- 0.041064 s
currentSize : 17 <-- 0.292989 s

maxsize : 17
nodes : 222097.000000
filtered : 5702626.000000
time : 1.242875
