Parameters: GAD=1 vflib=1 dir=0 label=0 lowerbound=1 fileNameGp=../graphsdb/mcs70/m2D/m2D/mcs70_m2D_s35.A13 fileNameGt=../graphsdb/mcs70/m2D/m2D/mcs70_m2D_s35.B13
Reading graphs...
35 :  58
35 :  56
Initializing...
maxdom : 35
D->valSize : 1225
Solving...
currentSize : 20 <-- 0.035959 s
currentSize : 21 <-- 0.036196 s
currentSize : 22 <-- 0.054993 s
currentSize : 23 <-- 0.064033 s
currentSize : 24 <-- 0.133696 s
currentSize : 25 <-- 3.226791 s
currentSize : 26 <-- 37.599792 s
currentSize : 27 <-- 37.696461 s
currentSize : 28 <-- 62.862831 s

maxsize : 28
nodes : 11705498.000000
filtered : 313671471.000000
time : 69.164978
