Parameters: GAD=1 vflib=1 dir=0 label=0 lowerbound=1 fileNameGp=../graphsdb/mcs70/m2D/m2Dr6/m2Dr6/mcs70_m2Dr6_s25.A92 fileNameGt=../graphsdb/mcs70/m2D/m2Dr6/m2Dr6/mcs70_m2Dr6_s25.B92
Reading graphs...
25 :  53
25 :  52
Initializing...
maxdom : 25
D->valSize : 625
Solving...
currentSize : 12 <-- 0.005009 s
currentSize : 13 <-- 0.005079 s
currentSize : 14 <-- 0.005089 s
currentSize : 15 <-- 0.005215 s
currentSize : 16 <-- 0.102590 s
currentSize : 17 <-- 5.074246 s

maxsize : 17
nodes : 1811043.000000
filtered : 30715431.000000
time : 7.593507
