Parameters: GAD=1 vflib=1 dir=0 label=0 lowerbound=1 fileNameGp=../graphsdb/mcs70/bvg/b03m/mcs70_b03m_s25.A55 fileNameGt=../graphsdb/mcs70/bvg/b03m/mcs70_b03m_s25.B55
Reading graphs...
25 :  36
25 :  36
Initializing...
maxdom : 25
D->valSize : 625
Solving...
currentSize : 11 <-- 0.009272 s
currentSize : 12 <-- 0.009321 s
currentSize : 13 <-- 0.009487 s
currentSize : 14 <-- 0.009780 s
currentSize : 16 <-- 0.016329 s
currentSize : 17 <-- 0.370097 s
currentSize : 18 <-- 0.671691 s
currentSize : 19 <-- 0.671724 s

maxsize : 19
nodes : 355712.000000
filtered : 5634211.000000
time : 1.465836
