Parameters: GAD=1 vflib=1 dir=0 label=0 lowerbound=1 fileNameGp=../graphsdb/mcs70/m2D/m2Dr6/m2Dr6/mcs70_m2Dr6_s35.A05 fileNameGt=../graphsdb/mcs70/m2D/m2Dr6/m2Dr6/mcs70_m2Dr6_s35.B05
Reading graphs...
35 :  78
35 :  76
Initializing...
maxdom : 35
D->valSize : 1225
Solving...
currentSize : 14 <-- 0.034972 s
currentSize : 17 <-- 0.035103 s
currentSize : 19 <-- 0.054450 s
currentSize : 20 <-- 1.113329 s
currentSize : 21 <-- 37.844685 s
currentSize : 22 <-- 342.853027 s
currentSize : 23 <-- 727.584656 s
currentSize : 24 <-- 730.620667 s
currentSize : 26 <-- 730.814209 s

maxsize : 26
nodes : 147671610.000000
filtered : 3246289017.000000
time : 760.972412
