Parameters: GAD=1 vflib=1 dir=0 label=0 lowerbound=1 fileNameGp=../graphsdb/mcs70/bvg/b03/mcs70_b03_s35.A63 fileNameGt=../graphsdb/mcs70/bvg/b03/mcs70_b03_s35.B63
Reading graphs...
35 :  52
35 :  52
Initializing...
maxdom : 35
D->valSize : 1225
Solving...
currentSize : 21 <-- 0.036292 s
currentSize : 24 <-- 0.043418 s
currentSize : 25 <-- 24.474602 s
currentSize : 26 <-- 31.946760 s
currentSize : 27 <-- 31.948587 s
currentSize : 28 <-- 39.479679 s

maxsize : 28
nodes : 10991293.000000
filtered : 239254545.000000
time : 58.023434
