Parameters: GAD=1 vflib=1 dir=0 label=0 lowerbound=1 fileNameGp=../graphsdb/mcs70/bvg/b03m/mcs70_b03m_s20.A43 fileNameGt=../graphsdb/mcs70/bvg/b03m/mcs70_b03m_s20.B43
Reading graphs...
20 :  30
20 :  30
Initializing...
maxdom : 20
D->valSize : 400
Solving...
currentSize : 9 <-- 0.003833 s
currentSize : 10 <-- 0.004111 s
currentSize : 11 <-- 0.004856 s
currentSize : 12 <-- 0.005936 s
currentSize : 13 <-- 0.011031 s
currentSize : 14 <-- 0.035286 s
currentSize : 15 <-- 0.562312 s

maxsize : 15
nodes : 157271.000000
filtered : 1808876.000000
time : 0.603465
