Parameters: GAD=1 vflib=1 dir=0 label=0 lowerbound=1 fileNameGp=../graphsdb/mcs70/bvg/b09m/mcs70_b09m_s35.A01 fileNameGt=../graphsdb/mcs70/bvg/b09m/mcs70_b09m_s35.B01
Reading graphs...
35 :  154
35 :  149
Initializing...
maxdom : 35
D->valSize : 1225
Solving...
currentSize : 14 <-- 0.018333 s
currentSize : 15 <-- 0.041586 s
currentSize : 16 <-- 0.088174 s
currentSize : 17 <-- 14.070516 s
currentSize : 18 <-- 102.578941 s
currentSize : 19 <-- 284.375244 s
currentSize : 24 <-- 391.667114 s

maxsize : 24
nodes : 80970887.000000
filtered : 1719455038.000000
time : 413.963745
