Parameters: GAD=1 vflib=1 dir=0 label=0 lowerbound=1 fileNameGp=../graphsdb/mcs70/rand/r01/mcs70_r01_s35.A50 fileNameGt=../graphsdb/mcs70/rand/r01/mcs70_r01_s35.B50
Reading graphs...
35 :  110
35 :  111
Initializing...
maxdom : 35
D->valSize : 1225
Solving...
currentSize : 11 <-- 0.019095 s
currentSize : 12 <-- 0.019118 s
currentSize : 14 <-- 0.019184 s
currentSize : 15 <-- 0.019798 s
currentSize : 16 <-- 0.021084 s
currentSize : 17 <-- 0.025947 s
currentSize : 18 <-- 0.037658 s
currentSize : 19 <-- 0.446370 s
currentSize : 20 <-- 0.463337 s
currentSize : 21 <-- 269.720459 s
currentSize : 22 <-- 841.602234 s
currentSize : 24 <-- 863.874146 s

maxsize : 24
nodes : 156727570.000000
filtered : 4298011297.000000
time : 903.536621
