Parameters: GAD=1 vflib=1 dir=0 label=0 lowerbound=1 fileNameGp=../graphsdb/mcs70/bvg/b09m/mcs70_b09m_s30.A26 fileNameGt=../graphsdb/mcs70/bvg/b09m/mcs70_b09m_s30.B26
Reading graphs...
30 :  126
30 :  126
Initializing...
maxdom : 30
D->valSize : 900
Solving...
currentSize : 12 <-- 0.009648 s
currentSize : 13 <-- 0.009714 s
currentSize : 14 <-- 0.023650 s
currentSize : 15 <-- 0.573271 s
currentSize : 19 <-- 84.199905 s
currentSize : 20 <-- 84.199982 s

maxsize : 20
nodes : 20772336.000000
filtered : 314712411.000000
time : 89.425285
