Parameters: GAD=1 vflib=1 dir=0 label=0 lowerbound=1 fileNameGp=../graphsdb/mcs70/m3D/m3Dr6/mcs70_m3Dr6_s35.A70 fileNameGt=../graphsdb/mcs70/m3D/m3Dr6/mcs70_m3Dr6_s35.B70
Reading graphs...
35 :  93
35 :  92
Initializing...
maxdom : 35
D->valSize : 1225
Solving...
currentSize : 14 <-- 0.019808 s
currentSize : 17 <-- 0.019907 s
currentSize : 18 <-- 0.031617 s
currentSize : 19 <-- 0.115715 s
currentSize : 20 <-- 1.115731 s
currentSize : 21 <-- 1.153564 s
currentSize : 22 <-- 128.377396 s
currentSize : 24 <-- 148.296951 s
currentSize : 27 <-- 148.297012 s

maxsize : 27
nodes : 28336582.000000
filtered : 731879204.000000
time : 156.430283
