Parameters: GAD=1 vflib=1 dir=0 label=0 lowerbound=1 fileNameGp=../graphsdb/mcs70/bvg/b03m/mcs70_b03m_s25.A46 fileNameGt=../graphsdb/mcs70/bvg/b03m/mcs70_b03m_s25.B46
Reading graphs...
25 :  36
25 :  36
Initializing...
maxdom : 25
D->valSize : 625
Solving...
currentSize : 7 <-- 0.009125 s
currentSize : 8 <-- 0.009199 s
currentSize : 10 <-- 0.009282 s
currentSize : 11 <-- 0.009867 s
currentSize : 12 <-- 0.010067 s
currentSize : 13 <-- 0.010672 s
currentSize : 14 <-- 0.011017 s
currentSize : 15 <-- 0.024663 s
currentSize : 17 <-- 0.349828 s
currentSize : 18 <-- 4.360507 s

maxsize : 18
nodes : 1565952.000000
filtered : 19501692.000000
time : 5.417675
