Parameters: GAD=1 vflib=1 dir=0 label=0 lowerbound=1 fileNameGp=../graphsdb/mcs70/bvg/b06/mcs70_b06_s35.A62 fileNameGt=../graphsdb/mcs70/bvg/b06/mcs70_b06_s35.B62
Reading graphs...
35 :  105
35 :  105
Initializing...
maxdom : 35
D->valSize : 1225
Solving...
currentSize : 15 <-- 0.033029 s
currentSize : 16 <-- 0.033114 s
currentSize : 17 <-- 0.037552 s
currentSize : 18 <-- 0.038224 s
currentSize : 19 <-- 0.044835 s
currentSize : 20 <-- 0.213203 s
currentSize : 21 <-- 0.249090 s
currentSize : 22 <-- 0.281113 s
currentSize : 23 <-- 2.365005 s
currentSize : 24 <-- 3.872633 s
currentSize : 25 <-- 4.051347 s

maxsize : 25
nodes : 7331739.000000
filtered : 302692438.000000
time : 52.201569
