Parameters: GAD=1 vflib=1 dir=0 label=0 lowerbound=1 fileNameGp=../graphsdb/mcs70/bvg/b09/mcs70_b09_s35.A50 fileNameGt=../graphsdb/mcs70/bvg/b09/mcs70_b09_s35.B50
Reading graphs...
35 :  157
35 :  156
Initializing...
maxdom : 35
D->valSize : 1225
Solving...
currentSize : 12 <-- 0.018145 s
currentSize : 13 <-- 0.018462 s
currentSize : 14 <-- 0.035511 s
currentSize : 15 <-- 0.056227 s
currentSize : 16 <-- 0.092246 s
currentSize : 17 <-- 0.461108 s
currentSize : 18 <-- 1.261794 s
currentSize : 19 <-- 1.273567 s
currentSize : 20 <-- 1.336236 s
currentSize : 22 <-- 1.394544 s
currentSize : 24 <-- 1.394627 s
currentSize : 25 <-- 7.215717 s

maxsize : 25
nodes : 3095916.000000
filtered : 124857143.000000
time : 20.722301
