Parameters: GAD=1 vflib=1 dir=0 label=0 lowerbound=1 fileNameGp=../graphsdb/mcs70/bvg/b03/mcs70_b03_s25.A49 fileNameGt=../graphsdb/mcs70/bvg/b03/mcs70_b03_s25.B49
Reading graphs...
25 :  37
25 :  37
Initializing...
maxdom : 25
D->valSize : 625
Solving...
currentSize : 15 <-- 0.005339 s
currentSize : 16 <-- 0.005512 s
currentSize : 17 <-- 0.005811 s
currentSize : 18 <-- 0.084453 s
currentSize : 19 <-- 0.293991 s
currentSize : 20 <-- 0.342862 s

maxsize : 20
nodes : 172592.000000
filtered : 3387746.000000
time : 0.738143
