Parameters: GAD=1 vflib=1 dir=0 label=0 lowerbound=1 fileNameGp=../graphsdb/mcs70/rand/r02/mcs70_r02_s35.A56 fileNameGt=../graphsdb/mcs70/rand/r02/mcs70_r02_s35.B56
Reading graphs...
35 :  214
35 :  215
Initializing...
maxdom : 35
D->valSize : 1225
Solving...
currentSize : 11 <-- 0.017458 s
currentSize : 13 <-- 0.017520 s
currentSize : 14 <-- 0.020990 s
currentSize : 15 <-- 18.131851 s
currentSize : 16 <-- 31.367302 s
currentSize : 17 <-- 516.097351 s
currentSize : 19 <-- 516.897095 s
currentSize : 24 <-- 518.336670 s

maxsize : 24
nodes : 115838041.000000
filtered : 1636196791.000000
time : 536.768677
