Parameters: GAD=1 vflib=1 dir=0 label=0 lowerbound=1 fileNameGp=../graphsdb/mcs70/rand/r005/mcs70_r005_s25.A30 fileNameGt=../graphsdb/mcs70/rand/r005/mcs70_r005_s25.B30
Reading graphs...
25 :  33
25 :  32
Initializing...
maxdom : 25
D->valSize : 625
Solving...
currentSize : 10 <-- 0.005388 s
currentSize : 11 <-- 0.005441 s
currentSize : 12 <-- 0.005463 s
currentSize : 13 <-- 0.005472 s
currentSize : 14 <-- 0.050928 s
currentSize : 15 <-- 0.169941 s
currentSize : 16 <-- 0.434258 s
currentSize : 17 <-- 0.442476 s
currentSize : 18 <-- 0.729407 s
currentSize : 19 <-- 0.736041 s
currentSize : 20 <-- 0.739181 s

maxsize : 20
nodes : 283539.000000
filtered : 2762005.000000
time : 0.868869
