Parameters: GAD=1 vflib=1 dir=0 label=0 lowerbound=1 fileNameGp=../graphsdb/mcs70/bvg/b06m/mcs70_b06m_s20.A11 fileNameGt=../graphsdb/mcs70/bvg/b06m/mcs70_b06m_s20.B11
Reading graphs...
20 :  57
20 :  57
Initializing...
maxdom : 20
D->valSize : 400
Solving...
currentSize : 7 <-- 0.002026 s
currentSize : 8 <-- 0.002067 s
currentSize : 10 <-- 0.002523 s
currentSize : 11 <-- 0.008191 s
currentSize : 12 <-- 0.076942 s
currentSize : 14 <-- 0.116303 s

maxsize : 14
nodes : 58935.000000
filtered : 869044.000000
time : 0.205887
