Parameters: GAD=1 vflib=1 dir=0 label=0 lowerbound=1 fileNameGp=../graphsdb/mcs70/m4D/m4Dr6/mcs70_m4Dr6_s25.A21 fileNameGt=../graphsdb/mcs70/m4D/m4Dr6/mcs70_m4Dr6_s25.B21
Reading graphs...
25 :  61
25 :  60
Initializing...
maxdom : 25
D->valSize : 625
Solving...
currentSize : 12 <-- 0.008564 s
currentSize : 13 <-- 0.010018 s
currentSize : 14 <-- 0.011540 s
currentSize : 15 <-- 0.015278 s
currentSize : 16 <-- 0.073702 s
currentSize : 17 <-- 0.892087 s

maxsize : 17
nodes : 881234.000000
filtered : 18968703.000000
time : 3.891975
