Parameters: GAD=1 vflib=1 dir=0 label=0 lowerbound=1 fileNameGp=../graphsdb/mcs70/m3D/m3D/mcs70_m3D_s35.A20 fileNameGt=../graphsdb/mcs70/m3D/m3D/mcs70_m3D_s35.B20
Reading graphs...
35 :  72
35 :  72
Initializing...
maxdom : 35
D->valSize : 1225
Solving...
currentSize : 16 <-- 0.020191 s
currentSize : 17 <-- 0.020223 s
currentSize : 18 <-- 0.020292 s
currentSize : 19 <-- 0.021234 s
currentSize : 20 <-- 0.478556 s
currentSize : 21 <-- 0.556751 s
currentSize : 22 <-- 4.241122 s
currentSize : 23 <-- 200.908859 s
currentSize : 24 <-- 201.608459 s
currentSize : 27 <-- 201.608673 s
currentSize : 28 <-- 202.404617 s

maxsize : 28
nodes : 44649899.000000
filtered : 824405163.000000
time : 212.896378
