Parameters: GAD=1 vflib=1 dir=0 label=0 lowerbound=1 fileNameGp=../graphsdb/mcs70/bvg/b09m/mcs70_b09m_s35.A91 fileNameGt=../graphsdb/mcs70/bvg/b09m/mcs70_b09m_s35.B91
Reading graphs...
35 :  151
35 :  152
Initializing...
maxdom : 35
D->valSize : 1225
Solving...
currentSize : 15 <-- 0.018257 s
currentSize : 16 <-- 0.025122 s
currentSize : 17 <-- 0.347078 s
currentSize : 18 <-- 1.345742 s
currentSize : 19 <-- 25.219433 s
currentSize : 20 <-- 40.327721 s
currentSize : 23 <-- 44.556927 s
currentSize : 24 <-- 74.098579 s

maxsize : 24
nodes : 12996389.000000
filtered : 424061905.000000
time : 79.669655
