Parameters: GAD=1 vflib=1 dir=0 label=0 lowerbound=1 fileNameGp=../graphsdb/mcs70/m2D/m2Dr2/mcs70_m2Dr2_s25.A94 fileNameGt=../graphsdb/mcs70/m2D/m2Dr2/mcs70_m2Dr2_s25.B94
Reading graphs...
25 :  44
25 :  44
Initializing...
maxdom : 25
D->valSize : 625
Solving...
currentSize : 10 <-- 0.008951 s
currentSize : 12 <-- 0.009001 s
currentSize : 13 <-- 0.009201 s
currentSize : 14 <-- 0.013745 s
currentSize : 15 <-- 0.016481 s
currentSize : 16 <-- 0.027099 s
currentSize : 17 <-- 0.042430 s
currentSize : 18 <-- 0.842696 s

maxsize : 18
nodes : 1072867.000000
filtered : 19678770.000000
time : 4.517131
