Parameters: GAD=1 vflib=1 dir=0 label=0 lowerbound=1 fileNameGp=../graphsdb/mcs70/bvg/b09m/mcs70_b09m_s25.A15 fileNameGt=../graphsdb/mcs70/bvg/b09m/mcs70_b09m_s25.B15
Reading graphs...
25 :  107
25 :  104
Initializing...
maxdom : 25
D->valSize : 625
Solving...
currentSize : 10 <-- 0.007793 s
currentSize : 11 <-- 0.007856 s
currentSize : 12 <-- 0.008370 s
currentSize : 13 <-- 0.040631 s
currentSize : 14 <-- 2.111091 s
currentSize : 16 <-- 4.802938 s
currentSize : 17 <-- 4.802996 s

maxsize : 17
nodes : 1270191.000000
filtered : 21491455.000000
time : 5.211892
