Parameters: GAD=1 vflib=1 dir=0 label=0 lowerbound=1 fileNameGp=../graphsdb/mcs70/bvg/b03/mcs70_b03_s35.A09 fileNameGt=../graphsdb/mcs70/bvg/b03/mcs70_b03_s35.B09
Reading graphs...
35 :  52
35 :  51
Initializing...
maxdom : 35
D->valSize : 1225
Solving...
currentSize : 23 <-- 0.036062 s
currentSize : 24 <-- 0.036083 s
currentSize : 25 <-- 0.036998 s
currentSize : 26 <-- 0.155212 s
currentSize : 27 <-- 4.337424 s
currentSize : 28 <-- 23.228727 s

maxsize : 28
nodes : 5593922.000000
filtered : 150813515.000000
time : 32.776344
