Parameters: GAD=1 vflib=1 dir=0 label=0 lowerbound=1 fileNameGp=../graphsdb/mcs70/bvg/b09/mcs70_b09_s20.A00 fileNameGt=../graphsdb/mcs70/bvg/b09/mcs70_b09_s20.B00
Reading graphs...
20 :  89
20 :  89
Initializing...
maxdom : 20
D->valSize : 400
Solving...
currentSize : 8 <-- 0.001972 s
currentSize : 9 <-- 0.001987 s
currentSize : 10 <-- 0.002232 s
currentSize : 12 <-- 0.007341 s
currentSize : 13 <-- 0.008473 s
currentSize : 14 <-- 0.008494 s
currentSize : 15 <-- 0.017148 s

maxsize : 15
nodes : 25468.000000
filtered : 570617.000000
time : 0.105875
