Parameters: GAD=1 vflib=1 dir=0 label=0 lowerbound=1 fileNameGp=../graphsdb/mcs70/m3D/m3Dr4/mcs70_m3Dr4_s35.A79 fileNameGt=../graphsdb/mcs70/m3D/m3Dr4/mcs70_m3Dr4_s35.B79
Reading graphs...
35 :  86
35 :  86
Initializing...
maxdom : 35
D->valSize : 1225
Solving...
currentSize : 15 <-- 0.034300 s
currentSize : 16 <-- 0.034506 s
currentSize : 18 <-- 0.036369 s
currentSize : 19 <-- 0.044444 s
currentSize : 20 <-- 0.058405 s
currentSize : 21 <-- 1.172849 s
currentSize : 22 <-- 3.275527 s
currentSize : 23 <-- 89.797859 s
currentSize : 24 <-- 89.797951 s
currentSize : 28 <-- 90.364685 s
currentSize : 29 <-- 90.364738 s

maxsize : 29
nodes : 17054215.000000
filtered : 424354096.000000
time : 92.071632
