Parameters: GAD=1 vflib=1 dir=0 label=0 lowerbound=1 fileNameGp=../graphsdb/mcs70/bvg/b06m/mcs70_b06m_s20.A04 fileNameGt=../graphsdb/mcs70/bvg/b06m/mcs70_b06m_s20.B04
Reading graphs...
20 :  59
20 :  58
Initializing...
maxdom : 20
D->valSize : 400
Solving...
currentSize : 6 <-- 0.001999 s
currentSize : 8 <-- 0.002019 s
currentSize : 9 <-- 0.002214 s
currentSize : 10 <-- 0.002387 s
currentSize : 11 <-- 0.003255 s
currentSize : 12 <-- 0.009569 s
currentSize : 13 <-- 0.178542 s
currentSize : 14 <-- 0.179968 s

maxsize : 14
nodes : 74193.000000
filtered : 1180471.000000
time : 0.265843
