Parameters: GAD=1 vflib=1 dir=0 label=0 lowerbound=1 fileNameGp=../graphsdb/mcs70/m2D/m2Dr6/m2Dr6/mcs70_m2Dr6_s25.A34 fileNameGt=../graphsdb/mcs70/m2D/m2Dr6/m2Dr6/mcs70_m2Dr6_s25.B34
Reading graphs...
25 :  52
25 :  54
Initializing...
maxdom : 25
D->valSize : 625
Solving...
currentSize : 11 <-- 0.008695 s
currentSize : 12 <-- 0.008737 s
currentSize : 13 <-- 0.009720 s
currentSize : 14 <-- 0.010726 s
currentSize : 15 <-- 0.052678 s
currentSize : 16 <-- 0.132734 s
currentSize : 17 <-- 3.895278 s

maxsize : 17
nodes : 1707462.000000
filtered : 29729231.000000
time : 6.972861
