Parameters: GAD=1 vflib=1 dir=0 label=0 lowerbound=1 fileNameGp=../graphsdb/mcs70/rand/r005/mcs70_r005_s30.A51 fileNameGt=../graphsdb/mcs70/rand/r005/mcs70_r005_s30.B51
Reading graphs...
30 :  42
30 :  42
Initializing...
maxdom : 30
D->valSize : 900
Solving...
currentSize : 16 <-- 0.011324 s
currentSize : 17 <-- 0.016394 s
currentSize : 18 <-- 0.028917 s
currentSize : 20 <-- 0.093867 s
currentSize : 21 <-- 0.242174 s
currentSize : 22 <-- 7.561637 s
currentSize : 23 <-- 14.068649 s

maxsize : 23
nodes : 3727810.000000
filtered : 68056519.000000
time : 17.658028
