Parameters: GAD=1 vflib=1 dir=0 label=0 lowerbound=1 fileNameGp=../graphsdb/mcs70/m4D/m4Dr4/mcs70_m4Dr4_s25.A43 fileNameGt=../graphsdb/mcs70/m4D/m4Dr4/mcs70_m4Dr4_s25.B43
Reading graphs...
25 :  54
25 :  55
Initializing...
maxdom : 25
D->valSize : 625
Solving...
currentSize : 10 <-- 0.008621 s
currentSize : 11 <-- 0.008701 s
currentSize : 12 <-- 0.009629 s
currentSize : 13 <-- 0.009768 s
currentSize : 14 <-- 0.011012 s
currentSize : 15 <-- 0.013577 s
currentSize : 16 <-- 0.912058 s
currentSize : 17 <-- 1.717608 s
currentSize : 18 <-- 1.717648 s

maxsize : 18
nodes : 571601.000000
filtered : 10457867.000000
time : 2.535640
