Parameters: GAD=1 vflib=1 dir=0 label=0 lowerbound=1 fileNameGp=../graphsdb/mcs70/m4D/m4Dr6/mcs70_m4Dr6_s25.A68 fileNameGt=../graphsdb/mcs70/m4D/m4Dr6/mcs70_m4Dr6_s25.B68
Reading graphs...
25 :  60
25 :  59
Initializing...
maxdom : 25
D->valSize : 625
Solving...
currentSize : 10 <-- 0.008472 s
currentSize : 12 <-- 0.008499 s
currentSize : 13 <-- 0.008622 s
currentSize : 14 <-- 0.030927 s
currentSize : 15 <-- 0.042127 s
currentSize : 16 <-- 0.267914 s
currentSize : 17 <-- 0.582913 s

maxsize : 17
nodes : 525947.000000
filtered : 11621887.000000
time : 2.560794
