Parameters: GAD=1 vflib=1 dir=0 label=0 lowerbound=1 fileNameGp=../graphsdb/mcs70/m2D/m2Dr2/mcs70_m2Dr2_s25.A12 fileNameGt=../graphsdb/mcs70/m2D/m2Dr2/mcs70_m2Dr2_s25.B12
Reading graphs...
25 :  44
25 :  44
Initializing...
maxdom : 25
D->valSize : 625
Solving...
currentSize : 10 <-- 0.005174 s
currentSize : 11 <-- 0.005247 s
currentSize : 13 <-- 0.005382 s
currentSize : 14 <-- 0.006104 s
currentSize : 15 <-- 0.007341 s
currentSize : 16 <-- 0.052237 s
currentSize : 17 <-- 0.392599 s
currentSize : 18 <-- 2.616361 s

maxsize : 18
nodes : 1636685.000000
filtered : 28528066.000000
time : 6.540716
