Parameters: GAD=1 vflib=1 dir=0 label=0 lowerbound=1 fileNameGp=../graphsdb/mcs70/bvg/b06/mcs70_b06_s20.A38 fileNameGt=../graphsdb/mcs70/bvg/b06/mcs70_b06_s20.B38
Reading graphs...
20 :  60
20 :  60
Initializing...
maxdom : 20
D->valSize : 400
Solving...
currentSize : 9 <-- 0.003487 s
currentSize : 10 <-- 0.003505 s
currentSize : 12 <-- 0.003582 s
currentSize : 13 <-- 0.004488 s
currentSize : 14 <-- 0.004539 s
currentSize : 15 <-- 0.020946 s

maxsize : 15
nodes : 19795.000000
filtered : 404227.000000
time : 0.120056
