Parameters: GAD=1 vflib=1 dir=0 label=0 lowerbound=1 fileNameGp=../graphsdb/mcs70/rand/r02/mcs70_r02_s25.A39 fileNameGt=../graphsdb/mcs70/rand/r02/mcs70_r02_s25.B39
Reading graphs...
25 :  112
25 :  111
Initializing...
maxdom : 25
D->valSize : 625
Solving...
currentSize : 8 <-- 0.004477 s
currentSize : 10 <-- 0.004550 s
currentSize : 11 <-- 0.005778 s
currentSize : 12 <-- 0.074622 s
currentSize : 13 <-- 0.628236 s
currentSize : 14 <-- 7.272344 s
currentSize : 17 <-- 7.282336 s

maxsize : 17
nodes : 2127216.000000
filtered : 27025483.000000
time : 8.123344
