Parameters: GAD=1 vflib=1 dir=0 label=0 lowerbound=1 fileNameGp=../graphsdb/mcs70/rand/r01/mcs70_r01_s20.A84 fileNameGt=../graphsdb/mcs70/rand/r01/mcs70_r01_s20.B84
Reading graphs...
20 :  34
20 :  36
Initializing...
maxdom : 20
D->valSize : 400
Solving...
currentSize : 6 <-- 0.003729 s
currentSize : 7 <-- 0.003821 s
currentSize : 8 <-- 0.003888 s
currentSize : 9 <-- 0.003907 s
currentSize : 10 <-- 0.004695 s
currentSize : 11 <-- 0.005191 s
currentSize : 12 <-- 0.007249 s
currentSize : 13 <-- 0.007559 s
currentSize : 14 <-- 0.117796 s

maxsize : 14
nodes : 102768.000000
filtered : 1418024.000000
time : 0.353603
