Parameters: GAD=1 vflib=1 dir=0 label=0 lowerbound=1 fileNameGp=../graphsdb/mcs70/m2D/m2Dr2/mcs70_m2Dr2_s35.A01 fileNameGt=../graphsdb/mcs70/m2D/m2Dr2/mcs70_m2Dr2_s35.B01
Reading graphs...
35 :  65
35 :  65
Initializing...
maxdom : 35
D->valSize : 1225
Solving...
currentSize : 9 <-- 0.020311 s
currentSize : 13 <-- 0.020357 s
currentSize : 14 <-- 0.020374 s
currentSize : 15 <-- 0.020465 s
currentSize : 16 <-- 0.020585 s
currentSize : 17 <-- 0.020926 s
currentSize : 18 <-- 0.025485 s
currentSize : 19 <-- 0.026015 s
currentSize : 20 <-- 0.027283 s
currentSize : 21 <-- 0.032281 s
currentSize : 22 <-- 0.047544 s
currentSize : 23 <-- 0.615292 s
currentSize : 24 <-- 132.579651 s
currentSize : 25 <-- 201.148438 s
currentSize : 26 <-- 341.727539 s

maxsize : 26
nodes : 71176990.000000
filtered : 1936430304.000000
time : 416.386993
