Parameters: GAD=1 vflib=1 dir=0 label=0 lowerbound=1 fileNameGp=../graphsdb/mcs70/bvg/b09m/mcs70_b09m_s35.A94 fileNameGt=../graphsdb/mcs70/bvg/b09m/mcs70_b09m_s35.B94
Reading graphs...
35 :  152
35 :  152
Initializing...
maxdom : 35
D->valSize : 1225
Solving...
currentSize : 11 <-- 0.018121 s
currentSize : 12 <-- 0.018143 s
currentSize : 13 <-- 0.018326 s
currentSize : 14 <-- 0.058334 s
currentSize : 15 <-- 0.058625 s
currentSize : 16 <-- 0.068640 s
currentSize : 17 <-- 3.124558 s
currentSize : 18 <-- 3.188605 s
currentSize : 19 <-- 3.191885 s
currentSize : 24 <-- 3.197975 s

maxsize : 24
nodes : 3240483.000000
filtered : 138374706.000000
time : 22.165430
