Parameters: GAD=1 vflib=1 dir=0 label=0 lowerbound=1 fileNameGp=../graphsdb/mcs70/bvg/b03/mcs70_b03_s35.A28 fileNameGt=../graphsdb/mcs70/bvg/b03/mcs70_b03_s35.B28
Reading graphs...
35 :  52
35 :  52
Initializing...
maxdom : 35
D->valSize : 1225
Solving...
currentSize : 19 <-- 0.021970 s
currentSize : 20 <-- 0.022003 s
currentSize : 21 <-- 0.026541 s
currentSize : 22 <-- 0.303530 s
currentSize : 23 <-- 0.303691 s
currentSize : 24 <-- 3.062605 s
currentSize : 25 <-- 3.065059 s
currentSize : 26 <-- 17.862513 s
currentSize : 27 <-- 17.958401 s
currentSize : 28 <-- 25.986368 s

maxsize : 28
nodes : 7292976.000000
filtered : 162380574.000000
time : 39.150078
