Parameters: GAD=1 vflib=1 dir=0 label=0 lowerbound=1 fileNameGp=../graphsdb/mcs70/bvg/b03/mcs70_b03_s25.A98 fileNameGt=../graphsdb/mcs70/bvg/b03/mcs70_b03_s25.B98
Reading graphs...
25 :  37
25 :  37
Initializing...
maxdom : 25
D->valSize : 625
Solving...
currentSize : 13 <-- 0.005185 s
currentSize : 14 <-- 0.005299 s
currentSize : 15 <-- 0.010961 s
currentSize : 16 <-- 0.028733 s
currentSize : 17 <-- 0.032510 s
currentSize : 18 <-- 0.137968 s
currentSize : 19 <-- 1.896842 s
currentSize : 20 <-- 1.907950 s

maxsize : 20
nodes : 552511.000000
filtered : 8112982.000000
time : 2.132451
