Parameters: GAD=1 vflib=1 dir=0 label=0 lowerbound=1 fileNameGp=../graphsdb/mcs70/rand/r02/mcs70_r02_s30.A82 fileNameGt=../graphsdb/mcs70/rand/r02/mcs70_r02_s30.B82
Reading graphs...
30 :  157
30 :  155
Initializing...
maxdom : 30
D->valSize : 900
Solving...
currentSize : 11 <-- 0.009377 s
currentSize : 12 <-- 0.014257 s
currentSize : 13 <-- 0.047943 s
currentSize : 14 <-- 1.014231 s
currentSize : 17 <-- 6.832876 s
currentSize : 21 <-- 10.140771 s

maxsize : 21
nodes : 2855048.000000
filtered : 60440460.000000
time : 13.777503
