Parameters: GAD=1 vflib=1 dir=0 label=0 lowerbound=1 fileNameGp=../graphsdb/mcs70/rand/r01/mcs70_r01_s30.A57 fileNameGt=../graphsdb/mcs70/rand/r01/mcs70_r01_s30.B57
Reading graphs...
30 :  80
30 :  77
Initializing...
maxdom : 30
D->valSize : 900
Solving...
currentSize : 14 <-- 0.018044 s
currentSize : 15 <-- 0.018066 s
currentSize : 16 <-- 0.019204 s
currentSize : 17 <-- 0.202936 s
currentSize : 18 <-- 3.631296 s
currentSize : 21 <-- 13.289392 s

maxsize : 21
nodes : 4404336.000000
filtered : 109889051.000000
time : 22.679718
