Parameters: GAD=1 vflib=1 dir=0 label=0 lowerbound=1 fileNameGp=../graphsdb/mcs70/m2D/m2Dr4/mcs70_m2Dr4_s25.A57 fileNameGt=../graphsdb/mcs70/m2D/m2Dr4/mcs70_m2Dr4_s25.B57
Reading graphs...
25 :  49
25 :  48
Initializing...
maxdom : 25
D->valSize : 625
Solving...
currentSize : 8 <-- 0.005055 s
currentSize : 10 <-- 0.005079 s
currentSize : 11 <-- 0.005174 s
currentSize : 12 <-- 0.006494 s
currentSize : 13 <-- 0.006724 s
currentSize : 14 <-- 0.009640 s
currentSize : 15 <-- 0.009794 s
currentSize : 16 <-- 0.010278 s
currentSize : 17 <-- 0.025707 s
currentSize : 18 <-- 2.550690 s

maxsize : 18
nodes : 721781.000000
filtered : 14422137.000000
time : 3.050576
