Parameters: GAD=1 vflib=1 dir=0 label=0 lowerbound=1 fileNameGp=../graphsdb/mcs70/rand/r01/mcs70_r01_s35.A94 fileNameGt=../graphsdb/mcs70/rand/r01/mcs70_r01_s35.B94
Reading graphs...
35 :  112
35 :  110
Initializing...
maxdom : 35
D->valSize : 1225
Solving...
currentSize : 15 <-- 0.032903 s
currentSize : 16 <-- 0.038420 s
currentSize : 17 <-- 0.040469 s
currentSize : 18 <-- 0.239883 s
currentSize : 19 <-- 0.474500 s
currentSize : 20 <-- 172.920242 s
currentSize : 21 <-- 592.366394 s
currentSize : 22 <-- 634.177002 s
currentSize : 24 <-- 634.177124 s

maxsize : 24
nodes : 134423203.000000
filtered : 3263406307.000000
time : 730.983765
