Parameters: GAD=1 vflib=1 dir=0 label=0 lowerbound=1 fileNameGp=../graphsdb/mcs70/rand/r02/mcs70_r02_s25.A36 fileNameGt=../graphsdb/mcs70/rand/r02/mcs70_r02_s25.B36
Reading graphs...
25 :  106
25 :  105
Initializing...
maxdom : 25
D->valSize : 625
Solving...
currentSize : 8 <-- 0.007756 s
currentSize : 9 <-- 0.007911 s
currentSize : 10 <-- 0.007975 s
currentSize : 11 <-- 0.008441 s
currentSize : 12 <-- 0.020936 s
currentSize : 13 <-- 0.227849 s
currentSize : 14 <-- 7.401376 s
currentSize : 17 <-- 7.401512 s

maxsize : 17
nodes : 2149381.000000
filtered : 27719755.000000
time : 8.142918
