Parameters: GAD=1 vflib=1 dir=0 label=0 lowerbound=1 fileNameGp=../graphsdb/mcs70/rand/r02/mcs70_r02_s25.A90 fileNameGt=../graphsdb/mcs70/rand/r02/mcs70_r02_s25.B90
Reading graphs...
25 :  105
25 :  102
Initializing...
maxdom : 25
D->valSize : 625
Solving...
currentSize : 10 <-- 0.007070 s
currentSize : 11 <-- 0.007454 s
currentSize : 12 <-- 0.008075 s
currentSize : 13 <-- 0.324148 s
currentSize : 14 <-- 6.738142 s
currentSize : 15 <-- 6.739899 s
currentSize : 17 <-- 6.739934 s

maxsize : 17
nodes : 1958820.000000
filtered : 25520716.000000
time : 7.564356
