Parameters: GAD=1 vflib=1 dir=0 label=0 lowerbound=1 fileNameGp=../graphsdb/mcs70/rand/r02/mcs70_r02_s30.A06 fileNameGt=../graphsdb/mcs70/rand/r02/mcs70_r02_s30.B06
Reading graphs...
30 :  159
30 :  158
Initializing...
maxdom : 30
D->valSize : 900
Solving...
currentSize : 9 <-- 0.009337 s
currentSize : 10 <-- 0.009361 s
currentSize : 11 <-- 0.009434 s
currentSize : 12 <-- 0.009958 s
currentSize : 13 <-- 0.033680 s
currentSize : 15 <-- 3.408519 s
currentSize : 17 <-- 9.946538 s
currentSize : 18 <-- 13.316588 s
currentSize : 21 <-- 13.316742 s

maxsize : 21
nodes : 3611489.000000
filtered : 64353229.000000
time : 16.574743
