Parameters: GAD=1 vflib=1 dir=0 label=0 lowerbound=1 fileNameGp=../graphsdb/mcs70/bvg/b06/mcs70_b06_s30.A99 fileNameGt=../graphsdb/mcs70/bvg/b06/mcs70_b06_s30.B99
Reading graphs...
30 :  89
30 :  90
Initializing...
maxdom : 30
D->valSize : 900
Solving...
currentSize : 14 <-- 0.010270 s
currentSize : 15 <-- 0.010415 s
currentSize : 16 <-- 0.056998 s
currentSize : 17 <-- 0.176811 s
currentSize : 18 <-- 0.603735 s
currentSize : 19 <-- 2.039337 s
currentSize : 20 <-- 2.592849 s
currentSize : 22 <-- 10.547555 s

maxsize : 22
nodes : 2445766.000000
filtered : 65705332.000000
time : 12.980863
