Parameters: GAD=1 vflib=1 dir=0 label=0 lowerbound=1 fileNameGp=../graphsdb/mcs70/m2D/m2Dr4/mcs70_m2Dr4_s35.A31 fileNameGt=../graphsdb/mcs70/m2D/m2Dr4/mcs70_m2Dr4_s35.B31
Reading graphs...
35 :  72
35 :  71
Initializing...
maxdom : 35
D->valSize : 1225
Solving...
currentSize : 17 <-- 0.024337 s
currentSize : 18 <-- 0.025043 s
currentSize : 19 <-- 0.066239 s
currentSize : 20 <-- 0.067097 s
currentSize : 21 <-- 0.068208 s
currentSize : 22 <-- 1.033534 s
currentSize : 23 <-- 1.517306 s
currentSize : 25 <-- 44.778404 s

maxsize : 25
nodes : 36972883.000000
filtered : 1254469347.000000
time : 235.836716
