Parameters: GAD=1 vflib=1 dir=0 label=0 lowerbound=1 fileNameGp=../graphsdb/mcs70/bvg/b06/mcs70_b06_s20.A40 fileNameGt=../graphsdb/mcs70/bvg/b06/mcs70_b06_s20.B40
Reading graphs...
20 :  58
20 :  60
Initializing...
maxdom : 20
D->valSize : 400
Solving...
currentSize : 9 <-- 0.003458 s
currentSize : 10 <-- 0.003667 s
currentSize : 12 <-- 0.004412 s
currentSize : 13 <-- 0.013629 s
currentSize : 14 <-- 0.135772 s
currentSize : 15 <-- 0.157587 s

maxsize : 15
nodes : 38840.000000
filtered : 698473.000000
time : 0.184035
