Parameters: GAD=1 vflib=1 dir=0 label=0 lowerbound=1 fileNameGp=../graphsdb/mcs70/rand/r01/mcs70_r01_s30.A97 fileNameGt=../graphsdb/mcs70/rand/r01/mcs70_r01_s30.B97
Reading graphs...
30 :  82
30 :  81
Initializing...
maxdom : 30
D->valSize : 900
Solving...
currentSize : 11 <-- 0.010307 s
currentSize : 13 <-- 0.010358 s
currentSize : 14 <-- 0.018267 s
currentSize : 15 <-- 0.068256 s
currentSize : 16 <-- 0.070326 s
currentSize : 17 <-- 1.454830 s
currentSize : 18 <-- 1.491645 s
currentSize : 19 <-- 56.319225 s
currentSize : 20 <-- 59.201656 s
currentSize : 21 <-- 66.628273 s

maxsize : 21
nodes : 14262701.000000
filtered : 320658657.000000
time : 68.240753
