Parameters: GAD=1 vflib=1 dir=0 label=0 lowerbound=1 fileNameGp=../graphsdb/mcs70/bvg/b06m/mcs70_b06m_s30.A27 fileNameGt=../graphsdb/mcs70/bvg/b06m/mcs70_b06m_s30.B27
Reading graphs...
30 :  86
30 :  87
Initializing...
maxdom : 30
D->valSize : 900
Solving...
currentSize : 12 <-- 0.017693 s
currentSize : 13 <-- 0.017714 s
currentSize : 14 <-- 0.018351 s
currentSize : 15 <-- 0.018511 s
currentSize : 16 <-- 0.023990 s
currentSize : 17 <-- 0.346698 s
currentSize : 18 <-- 4.250293 s
currentSize : 19 <-- 20.851877 s
currentSize : 20 <-- 21.931396 s
currentSize : 21 <-- 21.931437 s
currentSize : 22 <-- 22.964228 s

maxsize : 22
nodes : 4645165.000000
filtered : 119449779.000000
time : 23.902905
