Parameters: GAD=1 vflib=1 dir=0 label=0 lowerbound=1 fileNameGp=../graphsdb/mcs70/rand/r02/mcs70_r02_s25.A87 fileNameGt=../graphsdb/mcs70/rand/r02/mcs70_r02_s25.B87
Reading graphs...
25 :  104
25 :  105
Initializing...
maxdom : 25
D->valSize : 625
Solving...
currentSize : 9 <-- 0.007717 s
currentSize : 10 <-- 0.007739 s
currentSize : 11 <-- 0.007971 s
currentSize : 12 <-- 0.008288 s
currentSize : 13 <-- 0.168233 s
currentSize : 17 <-- 0.391831 s

maxsize : 17
nodes : 261870.000000
filtered : 6127907.000000
time : 1.245729
