Parameters: GAD=1 vflib=1 dir=0 label=0 lowerbound=1 fileNameGp=../graphsdb/mcs70/m2D/m2D/mcs70_m2D_s25.A64 fileNameGt=../graphsdb/mcs70/m2D/m2D/mcs70_m2D_s25.B64
Reading graphs...
25 :  40
25 :  40
Initializing...
maxdom : 25
D->valSize : 625
Solving...
currentSize : 9 <-- 0.009051 s
currentSize : 10 <-- 0.009116 s
currentSize : 11 <-- 0.009138 s
currentSize : 12 <-- 0.009207 s
currentSize : 13 <-- 0.009334 s
currentSize : 14 <-- 0.010145 s
currentSize : 15 <-- 0.036400 s
currentSize : 16 <-- 0.046906 s
currentSize : 17 <-- 0.385848 s
currentSize : 18 <-- 1.769771 s
currentSize : 19 <-- 1.769815 s

maxsize : 19
nodes : 652036.000000
filtered : 10491402.000000
time : 2.531338
