Parameters: GAD=1 vflib=1 dir=0 label=0 lowerbound=1 fileNameGp=../graphsdb/mcs70/bvg/b06m/mcs70_b06m_s25.A06 fileNameGt=../graphsdb/mcs70/bvg/b06m/mcs70_b06m_s25.B06
Reading graphs...
25 :  70
25 :  69
Initializing...
maxdom : 25
D->valSize : 625
Solving...
currentSize : 10 <-- 0.004761 s
currentSize : 11 <-- 0.004777 s
currentSize : 12 <-- 0.004920 s
currentSize : 13 <-- 0.004940 s
currentSize : 14 <-- 0.057302 s
currentSize : 15 <-- 0.753225 s
currentSize : 16 <-- 1.562408 s
currentSize : 17 <-- 1.562877 s

maxsize : 17
nodes : 709479.000000
filtered : 14812233.000000
time : 3.038223
