Parameters: GAD=1 vflib=1 dir=0 label=0 lowerbound=1 fileNameGp=../graphsdb/mcs70/rand/r005/mcs70_r005_s35.A77 fileNameGt=../graphsdb/mcs70/rand/r005/mcs70_r005_s35.B77
Reading graphs...
35 :  58
35 :  58
Initializing...
maxdom : 35
D->valSize : 1225
Solving...
currentSize : 19 <-- 0.036092 s
currentSize : 20 <-- 0.036270 s
currentSize : 21 <-- 0.591608 s
currentSize : 22 <-- 12.091540 s
currentSize : 23 <-- 53.073204 s
currentSize : 24 <-- 405.022156 s
currentSize : 25 <-- 570.978943 s

maxsize : 25
nodes : 158472381.000000
filtered : 3136610751.000000
time : 806.163086
