Parameters: GAD=1 vflib=1 dir=0 label=0 lowerbound=1 fileNameGp=../graphsdb/mcs70/rand/r01/mcs70_r01_s25.A91 fileNameGt=../graphsdb/mcs70/rand/r01/mcs70_r01_s25.B91
Reading graphs...
25 :  57
25 :  59
Initializing...
maxdom : 25
D->valSize : 625
Solving...
currentSize : 11 <-- 0.005001 s
currentSize : 12 <-- 0.005104 s
currentSize : 13 <-- 0.005474 s
currentSize : 14 <-- 0.007162 s
currentSize : 15 <-- 0.047530 s
currentSize : 16 <-- 0.627699 s
currentSize : 17 <-- 2.310530 s

maxsize : 17
nodes : 1245146.000000
filtered : 25775829.000000
time : 5.431038
