Parameters: GAD=1 vflib=1 dir=0 label=0 lowerbound=1 fileNameGp=../graphsdb/mcs70/bvg/b09/mcs70_b09_s30.A33 fileNameGt=../graphsdb/mcs70/bvg/b09/mcs70_b09_s30.B33
Reading graphs...
30 :  133
30 :  131
Initializing...
maxdom : 30
D->valSize : 900
Solving...
currentSize : 12 <-- 0.009480 s
currentSize : 13 <-- 0.009752 s
currentSize : 15 <-- 0.009875 s
currentSize : 16 <-- 0.010623 s
currentSize : 17 <-- 0.010667 s
currentSize : 18 <-- 0.021919 s
currentSize : 20 <-- 0.030213 s
currentSize : 21 <-- 0.030285 s

maxsize : 21
nodes : 551475.000000
filtered : 21357251.000000
time : 3.474202
