Parameters: GAD=1 vflib=1 dir=0 label=0 lowerbound=1 fileNameGp=../graphsdb/mcs70/m3D/m3Dr6/mcs70_m3Dr6_s35.A87 fileNameGt=../graphsdb/mcs70/m3D/m3Dr6/mcs70_m3Dr6_s35.B87
Reading graphs...
35 :  89
35 :  88
Initializing...
maxdom : 35
D->valSize : 1225
Solving...
currentSize : 16 <-- 0.034360 s
currentSize : 17 <-- 0.034425 s
currentSize : 18 <-- 0.047966 s
currentSize : 19 <-- 0.048206 s
currentSize : 20 <-- 1.280249 s
currentSize : 21 <-- 21.583933 s
currentSize : 22 <-- 102.183762 s
currentSize : 24 <-- 383.169556 s
currentSize : 25 <-- 383.169647 s
currentSize : 26 <-- 383.169678 s
currentSize : 27 <-- 383.169708 s

maxsize : 27
nodes : 77662748.000000
filtered : 1751232911.000000
time : 398.684082
