Parameters: GAD=1 vflib=1 dir=0 label=0 lowerbound=1 fileNameGp=../graphsdb/mcs70/rand/r005/mcs70_r005_s30.A99 fileNameGt=../graphsdb/mcs70/rand/r005/mcs70_r005_s30.B99
Reading graphs...
30 :  42
30 :  42
Initializing...
maxdom : 30
D->valSize : 900
Solving...
currentSize : 17 <-- 0.011378 s
currentSize : 18 <-- 0.011400 s
currentSize : 19 <-- 0.016554 s
currentSize : 20 <-- 0.072521 s
currentSize : 21 <-- 0.072529 s
currentSize : 22 <-- 0.080673 s

maxsize : 22
nodes : 2897080.000000
filtered : 60080371.000000
time : 14.066013
