Parameters: GAD=1 vflib=1 dir=0 label=0 lowerbound=1 fileNameGp=../graphsdb/mcs70/rand/r005/mcs70_r005_s30.A90 fileNameGt=../graphsdb/mcs70/rand/r005/mcs70_r005_s30.B90
Reading graphs...
30 :  42
30 :  42
Initializing...
maxdom : 30
D->valSize : 900
Solving...
currentSize : 13 <-- 0.019391 s
currentSize : 14 <-- 0.019418 s
currentSize : 15 <-- 0.019547 s
currentSize : 16 <-- 0.019924 s
currentSize : 17 <-- 0.019987 s
currentSize : 18 <-- 0.071029 s
currentSize : 19 <-- 0.114948 s
currentSize : 20 <-- 0.757579 s
currentSize : 21 <-- 3.719520 s
currentSize : 22 <-- 7.456085 s

maxsize : 22
nodes : 4995276.000000
filtered : 88840566.000000
time : 21.792408
