Parameters: GAD=1 vflib=1 dir=0 label=0 lowerbound=1 fileNameGp=../graphsdb/mcs70/bvg/b06/mcs70_b06_s15.A59 fileNameGt=../graphsdb/mcs70/bvg/b06/mcs70_b06_s15.B59
Reading graphs...
15 :  44
15 :  42
Initializing...
maxdom : 15
D->valSize : 225
Solving...
currentSize : 6 <-- 0.001309 s
currentSize : 7 <-- 0.001327 s
currentSize : 8 <-- 0.001377 s
currentSize : 9 <-- 0.001398 s
currentSize : 10 <-- 0.001441 s
currentSize : 11 <-- 0.006729 s

maxsize : 11
nodes : 3516.000000
filtered : 54764.000000
time : 0.018415
