Parameters: GAD=1 vflib=1 dir=0 label=0 lowerbound=1 fileNameGp=../graphsdb/mcs70/bvg/b09/mcs70_b09_s25.A68 fileNameGt=../graphsdb/mcs70/bvg/b09/mcs70_b09_s25.B68
Reading graphs...
25 :  109
25 :  110
Initializing...
maxdom : 25
D->valSize : 625
Solving...
currentSize : 9 <-- 0.004580 s
currentSize : 10 <-- 0.004596 s
currentSize : 11 <-- 0.004850 s
currentSize : 12 <-- 0.010119 s
currentSize : 14 <-- 0.070112 s
currentSize : 15 <-- 0.072592 s
currentSize : 16 <-- 0.072772 s
currentSize : 17 <-- 0.488662 s

maxsize : 17
nodes : 291955.000000
filtered : 6674771.000000
time : 1.352821
