Parameters: GAD=1 vflib=1 dir=0 label=0 lowerbound=1 fileNameGp=../graphsdb/mcs70/m4D/m4Dr2/mcs70_m4Dr2_s25.A63 fileNameGt=../graphsdb/mcs70/m4D/m4Dr2/mcs70_m4Dr2_s25.B63
Reading graphs...
25 :  51
25 :  51
Initializing...
maxdom : 25
D->valSize : 625
Solving...
currentSize : 13 <-- 0.008758 s
currentSize : 14 <-- 0.008831 s
currentSize : 15 <-- 0.009193 s
currentSize : 16 <-- 0.173279 s
currentSize : 17 <-- 0.188433 s
currentSize : 18 <-- 0.188462 s
currentSize : 19 <-- 0.198653 s

maxsize : 19
nodes : 106392.000000
filtered : 1967674.000000
time : 0.478168
