Parameters: GAD=1 vflib=1 dir=0 label=0 lowerbound=1 fileNameGp=../graphsdb/mcs70/m2D/m2Dr4/mcs70_m2Dr4_s15.A10 fileNameGt=../graphsdb/mcs70/m2D/m2Dr4/mcs70_m2Dr4_s15.B10
Reading graphs...
15 :  26
15 :  27
Initializing...
maxdom : 15
D->valSize : 225
Solving...
currentSize : 3 <-- 0.000951 s
currentSize : 6 <-- 0.000973 s
currentSize : 7 <-- 0.000980 s
currentSize : 8 <-- 0.000998 s
currentSize : 9 <-- 0.001470 s
currentSize : 10 <-- 0.003892 s
currentSize : 11 <-- 0.004941 s

maxsize : 11
nodes : 4475.000000
filtered : 56614.000000
time : 0.013918
