Parameters: GAD=1 vflib=1 dir=0 label=0 lowerbound=1 fileNameGp=../graphsdb/mcs70/m2D/m2Dr4/mcs70_m2Dr4_s35.A30 fileNameGt=../graphsdb/mcs70/m2D/m2Dr4/mcs70_m2Dr4_s35.B30
Reading graphs...
35 :  72
35 :  71
Initializing...
maxdom : 35
D->valSize : 1225
Solving...
currentSize : 15 <-- 0.020313 s
currentSize : 16 <-- 0.020336 s
currentSize : 17 <-- 0.020464 s
currentSize : 19 <-- 0.021294 s
currentSize : 20 <-- 0.137334 s
currentSize : 21 <-- 0.502690 s
currentSize : 22 <-- 6.524385 s
currentSize : 23 <-- 81.079414 s
currentSize : 25 <-- 342.789551 s

maxsize : 25
nodes : 83712122.000000
filtered : 2270927652.000000
time : 484.688354
