Parameters: GAD=1 vflib=1 dir=0 label=0 lowerbound=1 fileNameGp=../graphsdb/mcs70/bvg/b06/mcs70_b06_s25.A84 fileNameGt=../graphsdb/mcs70/bvg/b06/mcs70_b06_s25.B84
Reading graphs...
25 :  75
25 :  74
Initializing...
maxdom : 25
D->valSize : 625
Solving...
currentSize : 11 <-- 0.004867 s
currentSize : 12 <-- 0.004893 s
currentSize : 13 <-- 0.004924 s
currentSize : 14 <-- 0.007452 s
currentSize : 15 <-- 0.007540 s
currentSize : 16 <-- 0.153256 s
currentSize : 17 <-- 0.155504 s
currentSize : 18 <-- 0.231661 s

maxsize : 18
nodes : 180498.000000
filtered : 4275188.000000
time : 0.825764
