Parameters: GAD=1 vflib=1 dir=0 label=0 lowerbound=1 fileNameGp=../graphsdb/mcs70/bvg/b03m/mcs70_b03m_s35.A65 fileNameGt=../graphsdb/mcs70/bvg/b03m/mcs70_b03m_s35.B65
Reading graphs...
35 :  52
35 :  52
Initializing...
maxdom : 35
D->valSize : 1225
Solving...
currentSize : 18 <-- 0.036274 s
currentSize : 19 <-- 0.037192 s
currentSize : 21 <-- 0.040960 s
currentSize : 22 <-- 0.131036 s
currentSize : 23 <-- 6.864743 s
currentSize : 24 <-- 7.609047 s
currentSize : 25 <-- 25.640068 s
currentSize : 26 <-- 157.408737 s

maxsize : 26
nodes : 44229958.000000
filtered : 1089599889.000000
time : 243.771011
