Parameters: GAD=1 vflib=1 dir=0 label=0 lowerbound=1 fileNameGp=../graphsdb/mcs70/rand/r02/mcs70_r02_s35.A90 fileNameGt=../graphsdb/mcs70/rand/r02/mcs70_r02_s35.B90
Reading graphs...
35 :  219
35 :  214
Initializing...
maxdom : 35
D->valSize : 1225
Solving...
currentSize : 10 <-- 0.029206 s
currentSize : 11 <-- 0.029335 s
currentSize : 12 <-- 0.029601 s
currentSize : 13 <-- 0.029985 s
currentSize : 14 <-- 0.034349 s
currentSize : 15 <-- 27.467287 s
currentSize : 16 <-- 268.037933 s
currentSize : 17 <-- 444.225098 s
currentSize : 19 <-- 444.535278 s
currentSize : 20 <-- 445.781860 s
currentSize : 24 <-- 446.239532 s

maxsize : 24
nodes : 104582614.000000
filtered : 1425809139.000000
time : 470.569366
