Parameters: GAD=1 vflib=1 dir=0 label=0 lowerbound=1 fileNameGp=../graphsdb/mcs70/bvg/b06/mcs70_b06_s30.A45 fileNameGt=../graphsdb/mcs70/bvg/b06/mcs70_b06_s30.B45
Reading graphs...
30 :  90
30 :  89
Initializing...
maxdom : 30
D->valSize : 900
Solving...
currentSize : 12 <-- 0.010089 s
currentSize : 13 <-- 0.014679 s
currentSize : 14 <-- 0.089491 s
currentSize : 15 <-- 0.401264 s
currentSize : 16 <-- 0.562584 s
currentSize : 17 <-- 0.787755 s
currentSize : 18 <-- 1.188860 s
currentSize : 19 <-- 1.550632 s
currentSize : 20 <-- 1.550681 s
currentSize : 22 <-- 1.660457 s

maxsize : 22
nodes : 974445.000000
filtered : 24231461.000000
time : 4.875190
