Parameters: GAD=1 vflib=1 dir=0 label=0 lowerbound=1 fileNameGp=../graphsdb/mcs70/m3D/m3Dr6/mcs70_m3Dr6_s35.A53 fileNameGt=../graphsdb/mcs70/m3D/m3Dr6/mcs70_m3Dr6_s35.B53
Reading graphs...
35 :  91
35 :  91
Initializing...
maxdom : 35
D->valSize : 1225
Solving...
currentSize : 15 <-- 0.019785 s
currentSize : 16 <-- 0.019934 s
currentSize : 17 <-- 0.019982 s
currentSize : 18 <-- 0.037285 s
currentSize : 19 <-- 0.065722 s
currentSize : 20 <-- 0.126292 s
currentSize : 21 <-- 1.017237 s
currentSize : 23 <-- 8.967828 s
currentSize : 24 <-- 290.170105 s
currentSize : 25 <-- 290.170380 s
currentSize : 27 <-- 290.170441 s

maxsize : 27
nodes : 46820595.000000
filtered : 1528196379.000000
time : 293.914246
