Parameters: GAD=1 vflib=1 dir=0 label=0 lowerbound=1 fileNameGp=../graphsdb/mcs70/bvg/b06m/mcs70_b06m_s30.A69 fileNameGt=../graphsdb/mcs70/bvg/b06m/mcs70_b06m_s30.B69
Reading graphs...
30 :  89
30 :  88
Initializing...
maxdom : 30
D->valSize : 900
Solving...
currentSize : 14 <-- 0.017587 s
currentSize : 15 <-- 0.023063 s
currentSize : 16 <-- 0.084962 s
currentSize : 17 <-- 1.738656 s
currentSize : 18 <-- 1.751661 s
currentSize : 19 <-- 21.191257 s
currentSize : 20 <-- 21.191343 s
currentSize : 21 <-- 21.191551 s

maxsize : 21
nodes : 4823969.000000
filtered : 129368743.000000
time : 25.110622
