Parameters: GAD=1 vflib=1 dir=0 label=0 lowerbound=1 fileNameGp=../graphsdb/mcs70/bvg/b09m/mcs70_b09m_s30.A00 fileNameGt=../graphsdb/mcs70/bvg/b09m/mcs70_b09m_s30.B00
Reading graphs...
30 :  127
30 :  126
Initializing...
maxdom : 30
D->valSize : 900
Solving...
currentSize : 11 <-- 0.009464 s
currentSize : 12 <-- 0.009670 s
currentSize : 13 <-- 0.010274 s
currentSize : 14 <-- 0.022662 s
currentSize : 15 <-- 0.354717 s
currentSize : 17 <-- 0.356574 s
currentSize : 21 <-- 2.237236 s

maxsize : 21
nodes : 919703.000000
filtered : 28456052.000000
time : 5.157471
