Parameters: GAD=1 vflib=1 dir=0 label=0 lowerbound=1 fileNameGp=../graphsdb/mcs70/rand/r02/mcs70_r02_s35.A02 fileNameGt=../graphsdb/mcs70/rand/r02/mcs70_r02_s35.B02
Reading graphs...
35 :  214
35 :  211
Initializing...
maxdom : 35
D->valSize : 1225
Solving...
currentSize : 12 <-- 0.017045 s
currentSize : 13 <-- 0.024325 s
currentSize : 14 <-- 0.373506 s
currentSize : 15 <-- 43.430161 s
currentSize : 16 <-- 103.642998 s
currentSize : 18 <-- 589.381592 s
currentSize : 24 <-- 1069.581665 s

maxsize : 24
nodes : 229440443.000000
filtered : 3656216060.000000
time : 1076.267700
