Parameters: GAD=1 vflib=1 dir=0 label=0 lowerbound=1 fileNameGp=../graphsdb/mcs70/rand/r01/mcs70_r01_s30.A15 fileNameGt=../graphsdb/mcs70/rand/r01/mcs70_r01_s30.B15
Reading graphs...
30 :  80
30 :  82
Initializing...
maxdom : 30
D->valSize : 900
Solving...
currentSize : 11 <-- 0.010100 s
currentSize : 12 <-- 0.010185 s
currentSize : 13 <-- 0.010658 s
currentSize : 14 <-- 0.028842 s
currentSize : 15 <-- 0.134524 s
currentSize : 16 <-- 0.338723 s
currentSize : 17 <-- 1.608395 s
currentSize : 18 <-- 11.157828 s
currentSize : 19 <-- 11.379908 s
currentSize : 20 <-- 11.380024 s
currentSize : 21 <-- 11.380069 s

maxsize : 21
nodes : 3530938.000000
filtered : 73721965.000000
time : 16.850241
