Parameters: GAD=1 vflib=1 dir=0 label=0 lowerbound=1 fileNameGp=../graphsdb/mcs70/rand/r01/mcs70_r01_s35.A36 fileNameGt=../graphsdb/mcs70/rand/r01/mcs70_r01_s35.B36
Reading graphs...
35 :  112
35 :  112
Initializing...
maxdom : 35
D->valSize : 1225
Solving...
currentSize : 15 <-- 0.018991 s
currentSize : 16 <-- 0.019351 s
currentSize : 17 <-- 0.020067 s
currentSize : 18 <-- 0.097402 s
currentSize : 19 <-- 3.559696 s
currentSize : 20 <-- 7.115355 s
currentSize : 21 <-- 920.370056 s
currentSize : 22 <-- 920.370605 s
currentSize : 24 <-- 920.372009 s

maxsize : 24
nodes : 176759084.000000
filtered : 4487342323.000000
time : 963.478516
