Parameters: GAD=1 vflib=1 dir=0 label=0 lowerbound=1 fileNameGp=../graphsdb/mcs70/bvg/b03/mcs70_b03_s25.A39 fileNameGt=../graphsdb/mcs70/bvg/b03/mcs70_b03_s25.B39
Reading graphs...
25 :  37
25 :  37
Initializing...
maxdom : 25
D->valSize : 625
Solving...
currentSize : 15 <-- 0.005534 s
currentSize : 16 <-- 0.009826 s
currentSize : 17 <-- 0.010183 s
currentSize : 18 <-- 0.024760 s
currentSize : 19 <-- 0.039821 s
currentSize : 20 <-- 0.182733 s

maxsize : 20
nodes : 114218.000000
filtered : 2369092.000000
time : 0.503440
