Parameters: GAD=1 vflib=1 dir=0 label=0 lowerbound=1 fileNameGp=../graphsdb/mcs70/m2D/m2Dr6/m2Dr6/mcs70_m2Dr6_s25.A11 fileNameGt=../graphsdb/mcs70/m2D/m2Dr6/m2Dr6/mcs70_m2Dr6_s25.B11
Reading graphs...
25 :  53
25 :  52
Initializing...
maxdom : 25
D->valSize : 625
Solving...
currentSize : 9 <-- 0.005047 s
currentSize : 10 <-- 0.005063 s
currentSize : 11 <-- 0.005157 s
currentSize : 12 <-- 0.005294 s
currentSize : 13 <-- 0.005721 s
currentSize : 14 <-- 0.008744 s
currentSize : 15 <-- 0.008858 s
currentSize : 16 <-- 0.296500 s
currentSize : 17 <-- 2.085190 s

maxsize : 17
nodes : 1211639.000000
filtered : 23119415.000000
time : 5.125593
