Parameters: GAD=1 vflib=1 dir=0 label=0 lowerbound=1 fileNameGp=../graphsdb/mcs70/rand/r01/mcs70_r01_s30.A41 fileNameGt=../graphsdb/mcs70/rand/r01/mcs70_r01_s30.B41
Reading graphs...
30 :  83
30 :  83
Initializing...
maxdom : 30
D->valSize : 900
Solving...
currentSize : 14 <-- 0.010543 s
currentSize : 15 <-- 0.013681 s
currentSize : 16 <-- 0.300050 s
currentSize : 17 <-- 1.378799 s
currentSize : 18 <-- 3.263460 s
currentSize : 19 <-- 3.263687 s
currentSize : 20 <-- 40.243275 s
currentSize : 21 <-- 40.262581 s

maxsize : 21
nodes : 8983061.000000
filtered : 225288786.000000
time : 46.911205
