Parameters: GAD=1 vflib=1 dir=0 label=0 lowerbound=1 fileNameGp=../graphsdb/mcs70/rand/r005/mcs70_r005_s35.A85 fileNameGt=../graphsdb/mcs70/rand/r005/mcs70_r005_s35.B85
Reading graphs...
35 :  58
35 :  58
Initializing...
maxdom : 35
D->valSize : 1225
Solving...
currentSize : 12 <-- 0.020742 s
currentSize : 15 <-- 0.020774 s
currentSize : 16 <-- 0.020815 s
currentSize : 17 <-- 0.021196 s
currentSize : 18 <-- 0.021203 s
currentSize : 19 <-- 0.024688 s
currentSize : 20 <-- 0.038159 s
currentSize : 21 <-- 0.160139 s
currentSize : 22 <-- 0.160620 s
currentSize : 23 <-- 24.432356 s
currentSize : 24 <-- 54.898632 s
currentSize : 25 <-- 320.832642 s

maxsize : 25
nodes : 91831150.000000
filtered : 2017744665.000000
time : 482.665588
