Parameters: GAD=1 vflib=1 dir=0 label=0 lowerbound=1 fileNameGp=../graphsdb/mcs70/bvg/b09/mcs70_b09_s25.A16 fileNameGt=../graphsdb/mcs70/bvg/b09/mcs70_b09_s25.B16
Reading graphs...
25 :  110
25 :  110
Initializing...
maxdom : 25
D->valSize : 625
Solving...
currentSize : 10 <-- 0.007739 s
currentSize : 11 <-- 0.011008 s
currentSize : 12 <-- 0.017381 s
currentSize : 13 <-- 0.023368 s
currentSize : 14 <-- 0.164454 s
currentSize : 16 <-- 0.179945 s
currentSize : 17 <-- 0.611102 s

maxsize : 17
nodes : 277590.000000
filtered : 6491588.000000
time : 1.421494
