Parameters: GAD=1 vflib=1 dir=0 label=0 lowerbound=1 fileNameGp=../graphsdb/mcs70/m2D/m2Dr6/m2Dr6/mcs70_m2Dr6_s35.A66 fileNameGt=../graphsdb/mcs70/m2D/m2Dr6/m2Dr6/mcs70_m2Dr6_s35.B66
Reading graphs...
35 :  77
35 :  76
Initializing...
maxdom : 35
D->valSize : 1225
Solving...
currentSize : 14 <-- 0.021877 s
currentSize : 15 <-- 0.022033 s
currentSize : 16 <-- 0.022746 s
currentSize : 17 <-- 0.029508 s
currentSize : 18 <-- 0.139880 s
currentSize : 19 <-- 0.198304 s
currentSize : 20 <-- 1.457543 s
currentSize : 21 <-- 5.046053 s
currentSize : 22 <-- 31.423248 s
currentSize : 23 <-- 204.784241 s
currentSize : 26 <-- 272.645081 s

maxsize : 26
nodes : 52996419.000000
filtered : 1310816700.000000
time : 290.393921
