Parameters: GAD=1 vflib=1 dir=0 label=0 lowerbound=1 fileNameGp=../graphsdb/mcs70/bvg/b09m/mcs70_b09m_s20.A29 fileNameGt=../graphsdb/mcs70/bvg/b09m/mcs70_b09m_s20.B29
Reading graphs...
20 :  82
20 :  82
Initializing...
maxdom : 20
D->valSize : 400
Solving...
currentSize : 7 <-- 0.003290 s
currentSize : 8 <-- 0.003337 s
currentSize : 9 <-- 0.003777 s
currentSize : 10 <-- 0.004489 s
currentSize : 11 <-- 0.021974 s
currentSize : 12 <-- 0.081731 s
currentSize : 13 <-- 0.123348 s
currentSize : 14 <-- 0.190052 s

maxsize : 14
nodes : 51674.000000
filtered : 960264.000000
time : 0.238365
