Parameters: GAD=1 vflib=1 dir=0 label=0 lowerbound=1 fileNameGp=../graphsdb/mcs70/m3D/m3Dr2/mcs70_m3Dr2_s35.A15 fileNameGt=../graphsdb/mcs70/m3D/m3Dr2/mcs70_m3Dr2_s35.B15
Reading graphs...
35 :  77
35 :  77
Initializing...
maxdom : 35
D->valSize : 1225
Solving...
currentSize : 18 <-- 0.034410 s
currentSize : 19 <-- 0.035083 s
currentSize : 20 <-- 0.469686 s
currentSize : 21 <-- 0.618891 s
currentSize : 22 <-- 6.646884 s
currentSize : 23 <-- 7.135919 s
currentSize : 24 <-- 10.689384 s
currentSize : 25 <-- 12.188045 s
currentSize : 26 <-- 24.075439 s
currentSize : 27 <-- 54.094303 s

maxsize : 27
nodes : 9798970.000000
filtered : 313819280.000000
time : 60.926365
