Parameters: GAD=1 vflib=1 dir=0 label=0 lowerbound=1 fileNameGp=../graphsdb/mcs70/bvg/b06/mcs70_b06_s25.A13 fileNameGt=../graphsdb/mcs70/bvg/b06/mcs70_b06_s25.B13
Reading graphs...
25 :  74
25 :  75
Initializing...
maxdom : 25
D->valSize : 625
Solving...
currentSize : 12 <-- 0.004799 s
currentSize : 13 <-- 0.004828 s
currentSize : 14 <-- 0.004882 s
currentSize : 15 <-- 0.005813 s
currentSize : 16 <-- 0.005858 s
currentSize : 17 <-- 0.006034 s
currentSize : 18 <-- 0.030068 s
currentSize : 19 <-- 0.337363 s

maxsize : 19
nodes : 93624.000000
filtered : 2508141.000000
time : 0.463692
