Parameters: GAD=1 vflib=1 dir=0 label=0 lowerbound=1 fileNameGp=../graphsdb/mcs70/bvg/b09/mcs70_b09_s30.A55 fileNameGt=../graphsdb/mcs70/bvg/b09/mcs70_b09_s30.B55
Reading graphs...
30 :  135
30 :  132
Initializing...
maxdom : 30
D->valSize : 900
Solving...
currentSize : 10 <-- 0.016353 s
currentSize : 12 <-- 0.016394 s
currentSize : 13 <-- 0.017165 s
currentSize : 14 <-- 0.032437 s
currentSize : 15 <-- 0.043765 s
currentSize : 16 <-- 0.099575 s
currentSize : 17 <-- 0.287399 s
currentSize : 20 <-- 0.427709 s
currentSize : 21 <-- 0.582219 s

maxsize : 21
nodes : 589645.000000
filtered : 21654657.000000
time : 3.557701
