Parameters: GAD=1 vflib=1 dir=0 label=0 lowerbound=1 fileNameGp=../graphsdb/mcs70/m4D/m4D/mcs70_m4D_s25.A42 fileNameGt=../graphsdb/mcs70/m4D/m4D/mcs70_m4D_s25.B42
Reading graphs...
25 :  47
25 :  46
Initializing...
maxdom : 25
D->valSize : 625
Solving...
currentSize : 10 <-- 0.005057 s
currentSize : 11 <-- 0.005111 s
currentSize : 12 <-- 0.006055 s
currentSize : 13 <-- 0.034719 s
currentSize : 15 <-- 0.034742 s
currentSize : 16 <-- 0.123494 s
currentSize : 17 <-- 0.436426 s
currentSize : 18 <-- 0.439273 s

maxsize : 18
nodes : 331605.000000
filtered : 6006367.000000
time : 1.331713
