Parameters: GAD=1 vflib=1 dir=0 label=0 lowerbound=1 fileNameGp=../graphsdb/mcs70/bvg/b03m/mcs70_b03m_s35.A59 fileNameGt=../graphsdb/mcs70/bvg/b03m/mcs70_b03m_s35.B59
Reading graphs...
35 :  52
35 :  52
Initializing...
maxdom : 35
D->valSize : 1225
Solving...
currentSize : 14 <-- 0.026375 s
currentSize : 15 <-- 0.026718 s
currentSize : 16 <-- 0.026966 s
currentSize : 18 <-- 0.027024 s
currentSize : 19 <-- 0.032638 s
currentSize : 20 <-- 0.046184 s
currentSize : 21 <-- 0.086890 s
currentSize : 22 <-- 2.802973 s
currentSize : 23 <-- 24.546888 s
currentSize : 24 <-- 24.547611 s
currentSize : 25 <-- 44.152172 s
currentSize : 26 <-- 48.937939 s

maxsize : 26
nodes : 26157370.000000
filtered : 545624677.000000
time : 140.208344
