Parameters: GAD=1 vflib=1 dir=0 label=0 lowerbound=1 fileNameGp=../graphsdb/mcs70/bvg/b03/mcs70_b03_s30.A66 fileNameGt=../graphsdb/mcs70/bvg/b03/mcs70_b03_s30.B66
Reading graphs...
30 :  45
30 :  45
Initializing...
maxdom : 30
D->valSize : 900
Solving...
currentSize : 18 <-- 0.011110 s
currentSize : 19 <-- 0.012144 s
currentSize : 20 <-- 0.013556 s
currentSize : 21 <-- 0.039045 s
currentSize : 22 <-- 0.045400 s
currentSize : 23 <-- 0.747827 s
currentSize : 24 <-- 0.825820 s

maxsize : 24
nodes : 492650.000000
filtered : 11910718.000000
time : 2.593957
