Parameters: GAD=1 vflib=1 dir=0 label=0 lowerbound=1 fileNameGp=../graphsdb/mcs70/rand/r02/mcs70_r02_s30.A83 fileNameGt=../graphsdb/mcs70/rand/r02/mcs70_r02_s30.B83
Reading graphs...
30 :  159
30 :  156
Initializing...
maxdom : 30
D->valSize : 900
Solving...
currentSize : 8 <-- 0.009209 s
currentSize : 9 <-- 0.009225 s
currentSize : 10 <-- 0.009249 s
currentSize : 11 <-- 0.010051 s
currentSize : 12 <-- 0.014370 s
currentSize : 13 <-- 0.105541 s
currentSize : 14 <-- 0.856024 s
currentSize : 15 <-- 39.460228 s
currentSize : 17 <-- 52.861328 s
currentSize : 21 <-- 65.875595 s

maxsize : 21
nodes : 16097103.000000
filtered : 219740299.000000
time : 67.805511
