Parameters: GAD=1 vflib=1 dir=0 label=0 lowerbound=1 fileNameGp=../graphsdb/mcs70/bvg/b09/mcs70_b09_s35.A93 fileNameGt=../graphsdb/mcs70/bvg/b09/mcs70_b09_s35.B93
Reading graphs...
35 :  155
35 :  154
Initializing...
maxdom : 35
D->valSize : 1225
Solving...
currentSize : 11 <-- 0.031046 s
currentSize : 13 <-- 0.031091 s
currentSize : 14 <-- 0.031170 s
currentSize : 15 <-- 0.040119 s
currentSize : 16 <-- 0.048018 s
currentSize : 18 <-- 0.070361 s
currentSize : 19 <-- 0.071988 s
currentSize : 20 <-- 0.072026 s
currentSize : 22 <-- 0.813837 s
currentSize : 23 <-- 6.949424 s
currentSize : 24 <-- 21.799885 s
currentSize : 25 <-- 22.521296 s

maxsize : 25
nodes : 4321655.000000
filtered : 184610982.000000
time : 30.493441
