Parameters: GAD=1 vflib=1 dir=0 label=0 lowerbound=1 fileNameGp=../graphsdb/mcs70/bvg/b03m/mcs70_b03m_s30.A91 fileNameGt=../graphsdb/mcs70/bvg/b03m/mcs70_b03m_s30.B91
Reading graphs...
30 :  43
30 :  43
Initializing...
maxdom : 30
D->valSize : 900
Solving...
currentSize : 16 <-- 0.019442 s
currentSize : 18 <-- 0.021895 s
currentSize : 19 <-- 0.029560 s
currentSize : 20 <-- 5.318322 s
currentSize : 21 <-- 8.744048 s
currentSize : 22 <-- 59.883526 s
currentSize : 23 <-- 66.502235 s

maxsize : 23
nodes : 15171222.000000
filtered : 258761687.000000
time : 67.043495
