Parameters: GAD=1 vflib=1 dir=0 label=0 lowerbound=1 fileNameGp=../graphsdb/mcs70/m2D/m2D/mcs70_m2D_s25.A71 fileNameGt=../graphsdb/mcs70/m2D/m2D/mcs70_m2D_s25.B71
Reading graphs...
25 :  39
25 :  40
Initializing...
maxdom : 25
D->valSize : 625
Solving...
currentSize : 14 <-- 0.005268 s
currentSize : 15 <-- 0.008031 s
currentSize : 16 <-- 0.010766 s
currentSize : 17 <-- 0.030225 s
currentSize : 18 <-- 0.911893 s
currentSize : 19 <-- 2.869698 s

maxsize : 19
nodes : 884611.000000
filtered : 14896925.000000
time : 3.465511
