Parameters: GAD=1 vflib=1 dir=0 label=0 lowerbound=1 fileNameGp=../graphsdb/mcs70/m2D/m2Dr2/mcs70_m2Dr2_s35.A08 fileNameGt=../graphsdb/mcs70/m2D/m2Dr2/mcs70_m2Dr2_s35.B08
Reading graphs...
35 :  65
35 :  64
Initializing...
maxdom : 35
D->valSize : 1225
Solving...
currentSize : 11 <-- 0.024791 s
currentSize : 13 <-- 0.024821 s
currentSize : 15 <-- 0.025120 s
currentSize : 16 <-- 0.037798 s
currentSize : 17 <-- 0.037831 s
currentSize : 18 <-- 0.037990 s
currentSize : 19 <-- 0.041646 s
currentSize : 20 <-- 0.228621 s
currentSize : 21 <-- 2.701607 s
currentSize : 22 <-- 4.091508 s
currentSize : 23 <-- 43.001022 s
currentSize : 24 <-- 99.547684 s
currentSize : 25 <-- 152.292679 s

maxsize : 25
nodes : 68758860.000000
filtered : 1863681929.000000
time : 399.542084
