Parameters: GAD=1 vflib=1 dir=0 label=0 lowerbound=1 fileNameGp=../graphsdb/mcs70/bvg/b03/mcs70_b03_s35.A87 fileNameGt=../graphsdb/mcs70/bvg/b03/mcs70_b03_s35.B87
Reading graphs...
35 :  52
35 :  52
Initializing...
maxdom : 35
D->valSize : 1225
Solving...
currentSize : 20 <-- 0.020685 s
currentSize : 21 <-- 0.020706 s
currentSize : 22 <-- 0.021763 s
currentSize : 23 <-- 0.068072 s
currentSize : 24 <-- 0.185567 s
currentSize : 25 <-- 11.689089 s
currentSize : 26 <-- 11.692789 s
currentSize : 27 <-- 63.454170 s

maxsize : 27
nodes : 18223354.000000
filtered : 441417021.000000
time : 99.727371
