Parameters: GAD=1 vflib=1 dir=0 label=0 lowerbound=1 fileNameGp=../graphsdb/mcs70/bvg/b03m/mcs70_b03m_s35.A33 fileNameGt=../graphsdb/mcs70/bvg/b03m/mcs70_b03m_s35.B33
Reading graphs...
35 :  52
35 :  52
Initializing...
maxdom : 35
D->valSize : 1225
Solving...
currentSize : 16 <-- 0.036265 s
currentSize : 17 <-- 0.036684 s
currentSize : 18 <-- 0.042432 s
currentSize : 20 <-- 0.102819 s
currentSize : 21 <-- 0.814896 s
currentSize : 22 <-- 1.234574 s
currentSize : 23 <-- 21.914087 s
currentSize : 24 <-- 59.333199 s
currentSize : 25 <-- 297.770752 s
currentSize : 26 <-- 362.024078 s

maxsize : 26
nodes : 93740568.000000
filtered : 1768645470.000000
time : 468.452576
