Parameters: GAD=1 vflib=1 dir=0 label=0 lowerbound=1 fileNameGp=../graphsdb/mcs70/m2D/m2Dr6/m2Dr6/mcs70_m2Dr6_s35.A29 fileNameGt=../graphsdb/mcs70/m2D/m2Dr6/m2Dr6/mcs70_m2Dr6_s35.B29
Reading graphs...
35 :  77
35 :  78
Initializing...
maxdom : 35
D->valSize : 1225
Solving...
currentSize : 14 <-- 0.020244 s
currentSize : 16 <-- 0.020275 s
currentSize : 17 <-- 0.023846 s
currentSize : 18 <-- 0.060496 s
currentSize : 19 <-- 0.151344 s
currentSize : 20 <-- 0.214977 s
currentSize : 21 <-- 52.701015 s
currentSize : 22 <-- 107.175255 s
currentSize : 23 <-- 653.299377 s
currentSize : 24 <-- 653.661438 s
currentSize : 26 <-- 666.784790 s

maxsize : 26
nodes : 135100131.000000
filtered : 3121943289.000000
time : 706.161987
