Parameters: GAD=1 vflib=1 dir=0 label=0 lowerbound=1 fileNameGp=../graphsdb/mcs70/m3D/m3D/mcs70_m3D_s35.A51 fileNameGt=../graphsdb/mcs70/m3D/m3D/mcs70_m3D_s35.B51
Reading graphs...
35 :  72
35 :  71
Initializing...
maxdom : 35
D->valSize : 1225
Solving...
currentSize : 19 <-- 0.020507 s
currentSize : 20 <-- 0.020660 s
currentSize : 21 <-- 0.020993 s
currentSize : 22 <-- 0.021175 s
currentSize : 23 <-- 0.021701 s
currentSize : 24 <-- 0.022196 s
currentSize : 25 <-- 0.022279 s
currentSize : 26 <-- 0.023037 s
currentSize : 27 <-- 0.023495 s
currentSize : 28 <-- 2.304625 s
currentSize : 29 <-- 3.665387 s

maxsize : 29
nodes : 893080.000000
filtered : 31035514.000000
time : 5.723411
