Parameters: GAD=1 vflib=1 dir=0 label=0 lowerbound=1 fileNameGp=../graphsdb/mcs70/m3D/m3D/mcs70_m3D_s35.A13 fileNameGt=../graphsdb/mcs70/m3D/m3D/mcs70_m3D_s35.B13
Reading graphs...
35 :  72
35 :  72
Initializing...
maxdom : 35
D->valSize : 1225
Solving...
currentSize : 20 <-- 0.020202 s
currentSize : 21 <-- 0.020277 s
currentSize : 22 <-- 0.226689 s
currentSize : 23 <-- 2.658044 s
currentSize : 24 <-- 5.357452 s
currentSize : 25 <-- 7.746784 s
currentSize : 26 <-- 8.064257 s
currentSize : 27 <-- 9.855777 s
currentSize : 28 <-- 9.928101 s

maxsize : 28
nodes : 3099214.000000
filtered : 99296531.000000
time : 19.121714
