Parameters: GAD=1 vflib=1 dir=0 label=0 lowerbound=1 fileNameGp=../graphsdb/mcs70/bvg/b06m/mcs70_b06m_s30.A38 fileNameGt=../graphsdb/mcs70/bvg/b06m/mcs70_b06m_s30.B38
Reading graphs...
30 :  87
30 :  88
Initializing...
maxdom : 30
D->valSize : 900
Solving...
currentSize : 14 <-- 0.017488 s
currentSize : 15 <-- 0.018214 s
currentSize : 16 <-- 0.061818 s
currentSize : 17 <-- 1.183124 s
currentSize : 18 <-- 8.368915 s
currentSize : 19 <-- 8.371116 s
currentSize : 20 <-- 8.715239 s
currentSize : 22 <-- 8.715340 s

maxsize : 22
nodes : 2238138.000000
filtered : 51511370.000000
time : 11.133065
