Parameters: GAD=1 vflib=1 dir=0 label=0 lowerbound=1 fileNameGp=../graphsdb/mcs70/m4D/m4Dr2/mcs70_m4Dr2_s25.A11 fileNameGt=../graphsdb/mcs70/m4D/m4Dr2/mcs70_m4Dr2_s25.B11
Reading graphs...
25 :  52
25 :  51
Initializing...
maxdom : 25
D->valSize : 625
Solving...
currentSize : 11 <-- 0.008856 s
currentSize : 12 <-- 0.008951 s
currentSize : 13 <-- 0.012509 s
currentSize : 14 <-- 0.012558 s
currentSize : 15 <-- 0.042526 s
currentSize : 16 <-- 0.089046 s
currentSize : 17 <-- 0.102988 s
currentSize : 18 <-- 0.103304 s

maxsize : 18
nodes : 185945.000000
filtered : 3809974.000000
time : 0.785201
