Parameters: GAD=1 vflib=1 dir=0 label=0 lowerbound=1 fileNameGp=../graphsdb/mcs70/bvg/b06m/mcs70_b06m_s30.A53 fileNameGt=../graphsdb/mcs70/bvg/b06m/mcs70_b06m_s30.B53
Reading graphs...
30 :  85
30 :  86
Initializing...
maxdom : 30
D->valSize : 900
Solving...
currentSize : 9 <-- 0.017566 s
currentSize : 12 <-- 0.017604 s
currentSize : 13 <-- 0.017873 s
currentSize : 14 <-- 0.018493 s
currentSize : 15 <-- 0.021932 s
currentSize : 16 <-- 0.041839 s
currentSize : 17 <-- 0.111633 s
currentSize : 18 <-- 2.949399 s
currentSize : 19 <-- 14.032584 s
currentSize : 20 <-- 14.032641 s
currentSize : 21 <-- 14.097799 s

maxsize : 21
nodes : 3779950.000000
filtered : 101971743.000000
time : 19.727114
