Parameters: GAD=1 vflib=1 dir=0 label=0 lowerbound=1 fileNameGp=../graphsdb/mcs70/m2D/m2Dr4/mcs70_m2Dr4_s35.A70 fileNameGt=../graphsdb/mcs70/m2D/m2Dr4/mcs70_m2Dr4_s35.B70
Reading graphs...
35 :  71
35 :  69
Initializing...
maxdom : 35
D->valSize : 1225
Solving...
currentSize : 15 <-- 0.035263 s
currentSize : 16 <-- 0.035286 s
currentSize : 17 <-- 0.036348 s
currentSize : 18 <-- 0.040313 s
currentSize : 19 <-- 0.056617 s
currentSize : 20 <-- 0.057778 s
currentSize : 21 <-- 0.060365 s
currentSize : 22 <-- 17.502089 s
currentSize : 23 <-- 31.275312 s
currentSize : 24 <-- 73.921303 s
currentSize : 25 <-- 73.921585 s
currentSize : 26 <-- 136.560074 s

maxsize : 26
nodes : 33770422.000000
filtered : 938672634.000000
time : 195.176956
