Parameters: GAD=1 vflib=1 dir=0 label=0 lowerbound=1 fileNameGp=../graphsdb/mcs70/bvg/b09/mcs70_b09_s35.A78 fileNameGt=../graphsdb/mcs70/bvg/b09/mcs70_b09_s35.B78
Reading graphs...
35 :  155
35 :  157
Initializing...
maxdom : 35
D->valSize : 1225
Solving...
currentSize : 11 <-- 0.031416 s
currentSize : 12 <-- 0.031464 s
currentSize : 13 <-- 0.031512 s
currentSize : 14 <-- 0.031582 s
currentSize : 16 <-- 0.032937 s
currentSize : 17 <-- 0.096626 s
currentSize : 18 <-- 0.220204 s
currentSize : 19 <-- 0.674221 s
currentSize : 20 <-- 0.777888 s
currentSize : 23 <-- 1.350629 s
currentSize : 24 <-- 4.767081 s
currentSize : 25 <-- 6.380964 s

maxsize : 25
nodes : 2552859.000000
filtered : 116222655.000000
time : 18.267204
