Parameters: GAD=1 vflib=1 dir=0 label=0 lowerbound=1 fileNameGp=../graphsdb/mcs70/m2D/m2Dr4/mcs70_m2Dr4_s35.A39 fileNameGt=../graphsdb/mcs70/m2D/m2Dr4/mcs70_m2Dr4_s35.B39
Reading graphs...
35 :  70
35 :  70
Initializing...
maxdom : 35
D->valSize : 1225
Solving...
currentSize : 16 <-- 0.035166 s
currentSize : 18 <-- 0.036637 s
currentSize : 19 <-- 0.041091 s
currentSize : 20 <-- 0.041680 s
currentSize : 21 <-- 0.071618 s
currentSize : 22 <-- 0.230128 s
currentSize : 23 <-- 6.527629 s
currentSize : 24 <-- 135.045700 s
currentSize : 25 <-- 163.307877 s

maxsize : 25
nodes : 66742935.000000
filtered : 1980118220.000000
time : 398.095520
