Parameters: GAD=1 vflib=1 dir=0 label=0 lowerbound=1 fileNameGp=../graphsdb/mcs70/bvg/b09m/mcs70_b09m_s35.A89 fileNameGt=../graphsdb/mcs70/bvg/b09m/mcs70_b09m_s35.B89
Reading graphs...
35 :  146
35 :  150
Initializing...
maxdom : 35
D->valSize : 1225
Solving...
currentSize : 12 <-- 0.018302 s
currentSize : 13 <-- 0.018473 s
currentSize : 14 <-- 0.019124 s
currentSize : 15 <-- 0.019936 s
currentSize : 16 <-- 0.021214 s
currentSize : 17 <-- 0.315517 s
currentSize : 18 <-- 30.961655 s
currentSize : 19 <-- 89.821877 s
currentSize : 21 <-- 117.424522 s
currentSize : 22 <-- 222.951126 s
currentSize : 23 <-- 223.054855 s
currentSize : 24 <-- 236.610199 s

maxsize : 24
nodes : 41665731.000000
filtered : 1160349122.000000
time : 243.069885
