Parameters: GAD=1 vflib=1 dir=0 label=0 lowerbound=1 fileNameGp=../graphsdb/mcs70/m2D/m2Dr2/mcs70_m2Dr2_s35.A55 fileNameGt=../graphsdb/mcs70/m2D/m2Dr2/mcs70_m2Dr2_s35.B55
Reading graphs...
35 :  65
35 :  64
Initializing...
maxdom : 35
D->valSize : 1225
Solving...
currentSize : 17 <-- 0.020652 s
currentSize : 18 <-- 0.020744 s
currentSize : 19 <-- 0.020846 s
currentSize : 20 <-- 0.026989 s
currentSize : 21 <-- 0.578605 s
currentSize : 22 <-- 2.165661 s
currentSize : 23 <-- 16.226864 s
currentSize : 24 <-- 19.461216 s
currentSize : 25 <-- 27.376398 s

maxsize : 25
nodes : 41438945.000000
filtered : 1273369863.000000
time : 255.884399
