Parameters: GAD=1 vflib=1 dir=0 label=0 lowerbound=1 fileNameGp=../graphsdb/mcs70/m4D/m4Dr6/mcs70_m4Dr6_s25.A60 fileNameGt=../graphsdb/mcs70/m4D/m4Dr6/mcs70_m4Dr6_s25.B60
Reading graphs...
25 :  59
25 :  59
Initializing...
maxdom : 25
D->valSize : 625
Solving...
currentSize : 11 <-- 0.005158 s
currentSize : 12 <-- 0.005206 s
currentSize : 13 <-- 0.005694 s
currentSize : 14 <-- 0.007230 s
currentSize : 15 <-- 0.011492 s
currentSize : 16 <-- 0.011569 s
currentSize : 17 <-- 0.233263 s

maxsize : 17
nodes : 526024.000000
filtered : 12152179.000000
time : 2.409065
