Parameters: GAD=1 vflib=1 dir=0 label=0 lowerbound=1 fileNameGp=../graphsdb/mcs70/bvg/b09m/mcs70_b09m_s35.A76 fileNameGt=../graphsdb/mcs70/bvg/b09m/mcs70_b09m_s35.B76
Reading graphs...
35 :  152
35 :  151
Initializing...
maxdom : 35
D->valSize : 1225
Solving...
currentSize : 14 <-- 0.029644 s
currentSize : 15 <-- 0.029887 s
currentSize : 16 <-- 0.037808 s
currentSize : 17 <-- 1.583797 s
currentSize : 18 <-- 1.662685 s
currentSize : 19 <-- 7.030134 s
currentSize : 22 <-- 7.218807 s
currentSize : 24 <-- 27.655312 s

maxsize : 24
nodes : 6755818.000000
filtered : 268944889.000000
time : 45.185287
