Parameters: GAD=1 vflib=1 dir=0 label=0 lowerbound=1 fileNameGp=../graphsdb/mcs70/m3D/m3Dr2/mcs70_m3Dr2_s35.A72 fileNameGt=../graphsdb/mcs70/m3D/m3Dr2/mcs70_m3Dr2_s35.B72
Reading graphs...
35 :  79
35 :  78
Initializing...
maxdom : 35
D->valSize : 1225
Solving...
currentSize : 16 <-- 0.020109 s
currentSize : 17 <-- 0.020367 s
currentSize : 18 <-- 0.020382 s
currentSize : 19 <-- 0.020411 s
currentSize : 20 <-- 1.341606 s
currentSize : 21 <-- 8.887709 s
currentSize : 22 <-- 33.113739 s
currentSize : 23 <-- 79.442009 s
currentSize : 24 <-- 248.906433 s
currentSize : 25 <-- 248.909897 s
currentSize : 27 <-- 254.552338 s

maxsize : 27
nodes : 51778243.000000
filtered : 1213544108.000000
time : 276.144745
