Parameters: GAD=1 vflib=1 dir=0 label=0 lowerbound=1 fileNameGp=../graphsdb/mcs70/rand/r01/mcs70_r01_s35.A82 fileNameGt=../graphsdb/mcs70/rand/r01/mcs70_r01_s35.B82
Reading graphs...
35 :  112
35 :  110
Initializing...
maxdom : 35
D->valSize : 1225
Solving...
currentSize : 13 <-- 0.019180 s
currentSize : 14 <-- 0.019238 s
currentSize : 15 <-- 0.019330 s
currentSize : 16 <-- 0.020461 s
currentSize : 17 <-- 0.124874 s
currentSize : 18 <-- 1.004021 s
currentSize : 19 <-- 2.143325 s
currentSize : 20 <-- 56.592636 s
currentSize : 21 <-- 612.365234 s
currentSize : 24 <-- 682.462708 s

maxsize : 24
nodes : 133635907.000000
filtered : 3493622003.000000
time : 732.511230
