Parameters: GAD=1 vflib=1 dir=0 label=0 lowerbound=1 fileNameGp=../graphsdb/mcs70/m3D/m3Dr6/mcs70_m3Dr6_s35.A47 fileNameGt=../graphsdb/mcs70/m3D/m3Dr6/mcs70_m3Dr6_s35.B47
Reading graphs...
35 :  92
35 :  90
Initializing...
maxdom : 35
D->valSize : 1225
Solving...
currentSize : 13 <-- 0.033890 s
currentSize : 14 <-- 0.033937 s
currentSize : 15 <-- 0.034078 s
currentSize : 16 <-- 0.034359 s
currentSize : 17 <-- 0.035261 s
currentSize : 18 <-- 0.041445 s
currentSize : 19 <-- 0.496023 s
currentSize : 20 <-- 2.110502 s
currentSize : 21 <-- 45.712780 s
currentSize : 22 <-- 1122.643433 s
currentSize : 24 <-- 1212.890625 s
currentSize : 27 <-- 1215.642456 s
currentSize : 28 <-- 1215.642456 s

maxsize : 28
nodes : 230954947.000000
filtered : 5341477450.000000
time : 1219.022095
