Parameters: GAD=1 vflib=1 dir=0 label=0 lowerbound=1 fileNameGp=../graphsdb/mcs70/m4D/m4Dr4/mcs70_m4Dr4_s25.A26 fileNameGt=../graphsdb/mcs70/m4D/m4Dr4/mcs70_m4Dr4_s25.B26
Reading graphs...
25 :  57
25 :  56
Initializing...
maxdom : 25
D->valSize : 625
Solving...
currentSize : 12 <-- 0.005078 s
currentSize : 13 <-- 0.006109 s
currentSize : 14 <-- 0.008455 s
currentSize : 15 <-- 0.157653 s
currentSize : 16 <-- 0.881900 s
currentSize : 17 <-- 6.299848 s

maxsize : 17
nodes : 1705920.000000
filtered : 30266273.000000
time : 6.968177
