Parameters: GAD=1 vflib=1 dir=0 label=0 lowerbound=1 fileNameGp=../graphsdb/mcs70/bvg/b09m/mcs70_b09m_s35.A43 fileNameGt=../graphsdb/mcs70/bvg/b09m/mcs70_b09m_s35.B43
Reading graphs...
35 :  148
35 :  147
Initializing...
maxdom : 35
D->valSize : 1225
Solving...
currentSize : 12 <-- 0.018560 s
currentSize : 13 <-- 0.018735 s
currentSize : 14 <-- 0.018786 s
currentSize : 15 <-- 0.030209 s
currentSize : 16 <-- 0.054452 s
currentSize : 17 <-- 0.216731 s
currentSize : 18 <-- 330.891022 s
currentSize : 20 <-- 330.891113 s
currentSize : 22 <-- 379.391052 s
currentSize : 24 <-- 379.391144 s

maxsize : 24
nodes : 80897676.000000
filtered : 1580743178.000000
time : 403.626221
