Parameters: GAD=1 vflib=1 dir=0 label=0 lowerbound=1 fileNameGp=../graphsdb/mcs70/m3D/m3Dr6/mcs70_m3Dr6_s35.A33 fileNameGt=../graphsdb/mcs70/m3D/m3Dr6/mcs70_m3Dr6_s35.B33
Reading graphs...
35 :  91
35 :  92
Initializing...
maxdom : 35
D->valSize : 1225
Solving...
currentSize : 17 <-- 0.023995 s
currentSize : 18 <-- 0.045745 s
currentSize : 19 <-- 2.826779 s
currentSize : 20 <-- 22.897842 s
currentSize : 21 <-- 380.236786 s
currentSize : 22 <-- 398.905548 s
currentSize : 23 <-- 411.068146 s
currentSize : 24 <-- 412.363770 s
currentSize : 25 <-- 453.830322 s
currentSize : 26 <-- 458.176453 s
currentSize : 27 <-- 471.200073 s

maxsize : 27
nodes : 92866746.000000
filtered : 1990399502.000000
time : 473.336578
