Parameters: GAD=1 vflib=1 dir=0 label=0 lowerbound=1 fileNameGp=../graphsdb/mcs70/bvg/b03m/mcs70_b03m_s20.A80 fileNameGt=../graphsdb/mcs70/bvg/b03m/mcs70_b03m_s20.B80
Reading graphs...
20 :  30
20 :  30
Initializing...
maxdom : 20
D->valSize : 400
Solving...
currentSize : 8 <-- 0.002622 s
currentSize : 9 <-- 0.002645 s
currentSize : 10 <-- 0.002809 s
currentSize : 11 <-- 0.004062 s
currentSize : 12 <-- 0.004072 s
currentSize : 13 <-- 0.005953 s
currentSize : 14 <-- 0.054311 s
currentSize : 15 <-- 0.160714 s
currentSize : 16 <-- 0.163850 s
currentSize : 17 <-- 0.163872 s

maxsize : 17
nodes : 38319.000000
filtered : 420143.000000
time : 0.173438
