Parameters: GAD=1 vflib=1 dir=0 label=0 lowerbound=1 fileNameGp=../graphsdb/mcs70/bvg/b09/mcs70_b09_s35.A15 fileNameGt=../graphsdb/mcs70/bvg/b09/mcs70_b09_s35.B15
Reading graphs...
35 :  154
35 :  155
Initializing...
maxdom : 35
D->valSize : 1225
Solving...
currentSize : 13 <-- 0.031100 s
currentSize : 14 <-- 0.031297 s
currentSize : 15 <-- 0.080333 s
currentSize : 16 <-- 0.136115 s
currentSize : 17 <-- 1.132389 s
currentSize : 19 <-- 4.505152 s
currentSize : 21 <-- 4.505454 s
currentSize : 23 <-- 4.588118 s
currentSize : 25 <-- 4.588183 s

maxsize : 25
nodes : 3117411.000000
filtered : 106208339.000000
time : 19.093971
