Parameters: GAD=1 vflib=1 dir=0 label=0 lowerbound=1 fileNameGp=../graphsdb/mcs70/bvg/b06m/mcs70_b06m_s30.A96 fileNameGt=../graphsdb/mcs70/bvg/b06m/mcs70_b06m_s30.B96
Reading graphs...
30 :  88
30 :  87
Initializing...
maxdom : 30
D->valSize : 900
Solving...
currentSize : 13 <-- 0.010100 s
currentSize : 15 <-- 0.010219 s
currentSize : 16 <-- 0.019890 s
currentSize : 17 <-- 0.195680 s
currentSize : 18 <-- 5.468758 s
currentSize : 19 <-- 6.193571 s
currentSize : 21 <-- 27.802835 s

maxsize : 21
nodes : 5539288.000000
filtered : 159816281.000000
time : 30.011904
