Parameters: GAD=1 vflib=1 dir=0 label=0 lowerbound=1 fileNameGp=../graphsdb/mcs70/rand/r02/mcs70_r02_s30.A80 fileNameGt=../graphsdb/mcs70/rand/r02/mcs70_r02_s30.B80
Reading graphs...
30 :  151
30 :  154
Initializing...
maxdom : 30
D->valSize : 900
Solving...
currentSize : 9 <-- 0.015967 s
currentSize : 10 <-- 0.016096 s
currentSize : 11 <-- 0.016291 s
currentSize : 12 <-- 0.016426 s
currentSize : 13 <-- 0.042394 s
currentSize : 14 <-- 0.366153 s
currentSize : 15 <-- 28.496586 s
currentSize : 16 <-- 31.988997 s
currentSize : 18 <-- 46.765305 s
currentSize : 21 <-- 47.466705 s

maxsize : 21
nodes : 11315094.000000
filtered : 170991644.000000
time : 49.926563
