Parameters: GAD=1 vflib=1 dir=0 label=0 lowerbound=1 fileNameGp=../graphsdb/mcs70/bvg/b03m/mcs70_b03m_s35.A30 fileNameGt=../graphsdb/mcs70/bvg/b03m/mcs70_b03m_s35.B30
Reading graphs...
35 :  49
35 :  50
Initializing...
maxdom : 35
D->valSize : 1225
Solving...
currentSize : 21 <-- 0.021100 s
currentSize : 22 <-- 0.021209 s
currentSize : 23 <-- 0.027721 s
currentSize : 24 <-- 0.280987 s
currentSize : 25 <-- 0.294679 s
currentSize : 26 <-- 3.988774 s
currentSize : 27 <-- 7.887768 s

maxsize : 27
nodes : 6293098.000000
filtered : 162998778.000000
time : 37.429710
