Parameters: GAD=1 vflib=1 dir=0 label=0 lowerbound=1 fileNameGp=../graphsdb/mcs70/bvg/b09/mcs70_b09_s35.A31 fileNameGt=../graphsdb/mcs70/bvg/b09/mcs70_b09_s35.B31
Reading graphs...
35 :  156
35 :  156
Initializing...
maxdom : 35
D->valSize : 1225
Solving...
currentSize : 14 <-- 0.031204 s
currentSize : 15 <-- 0.040567 s
currentSize : 16 <-- 0.048025 s
currentSize : 17 <-- 0.096273 s
currentSize : 18 <-- 0.125839 s
currentSize : 19 <-- 0.133633 s
currentSize : 24 <-- 0.579044 s
currentSize : 25 <-- 4.866247 s

maxsize : 25
nodes : 2070942.000000
filtered : 98219101.000000
time : 15.104179
