Parameters: GAD=1 vflib=1 dir=0 label=0 lowerbound=1 fileNameGp=../graphsdb/mcs70/bvg/b06/mcs70_b06_s25.A74 fileNameGt=../graphsdb/mcs70/bvg/b06/mcs70_b06_s25.B74
Reading graphs...
25 :  75
25 :  75
Initializing...
maxdom : 25
D->valSize : 625
Solving...
currentSize : 12 <-- 0.004917 s
currentSize : 13 <-- 0.005101 s
currentSize : 14 <-- 0.005171 s
currentSize : 15 <-- 0.005200 s
currentSize : 16 <-- 0.005217 s
currentSize : 19 <-- 0.011023 s

maxsize : 19
nodes : 41580.000000
filtered : 1330590.000000
time : 0.220779
