Parameters: GAD=1 vflib=1 dir=0 label=0 lowerbound=1 fileNameGp=../graphsdb/mcs70/bvg/b03m/mcs70_b03m_s30.A50 fileNameGt=../graphsdb/mcs70/bvg/b03m/mcs70_b03m_s30.B50
Reading graphs...
30 :  45
30 :  45
Initializing...
maxdom : 30
D->valSize : 900
Solving...
currentSize : 11 <-- 0.019489 s
currentSize : 12 <-- 0.019595 s
currentSize : 18 <-- 0.020545 s
currentSize : 19 <-- 0.020590 s
currentSize : 20 <-- 1.414189 s
currentSize : 21 <-- 1.669967 s
currentSize : 23 <-- 11.176059 s

maxsize : 23
nodes : 3629926.000000
filtered : 72377774.000000
time : 17.087177
