Parameters: GAD=1 vflib=1 dir=0 label=0 lowerbound=1 fileNameGp=../graphsdb/mcs70/bvg/b06m/mcs70_b06m_s35.A89 fileNameGt=../graphsdb/mcs70/bvg/b06m/mcs70_b06m_s35.B89
Reading graphs...
35 :  103
35 :  102
Initializing...
maxdom : 35
D->valSize : 1225
Solving...
currentSize : 14 <-- 0.024150 s
currentSize : 15 <-- 0.024178 s
currentSize : 16 <-- 0.051542 s
currentSize : 17 <-- 0.051618 s
currentSize : 18 <-- 0.087525 s
currentSize : 19 <-- 0.524878 s
currentSize : 20 <-- 2.014194 s
currentSize : 21 <-- 83.865715 s
currentSize : 22 <-- 311.595978 s
currentSize : 24 <-- 502.522766 s

maxsize : 24
nodes : 88717789.000000
filtered : 2789983943.000000
time : 531.978821
