Parameters: GAD=1 vflib=1 dir=0 label=0 lowerbound=1 fileNameGp=../graphsdb/mcs70/bvg/b06/mcs70_b06_s20.A92 fileNameGt=../graphsdb/mcs70/bvg/b06/mcs70_b06_s20.B92
Reading graphs...
20 :  59
20 :  60
Initializing...
maxdom : 20
D->valSize : 400
Solving...
currentSize : 9 <-- 0.003431 s
currentSize : 10 <-- 0.003500 s
currentSize : 11 <-- 0.004077 s
currentSize : 12 <-- 0.006313 s
currentSize : 13 <-- 0.009443 s
currentSize : 14 <-- 0.019204 s

maxsize : 14
nodes : 37311.000000
filtered : 633890.000000
time : 0.185989
