Parameters: GAD=1 vflib=1 dir=0 label=0 lowerbound=1 fileNameGp=../graphsdb/mcs70/rand/r01/mcs70_r01_s30.A12 fileNameGt=../graphsdb/mcs70/rand/r01/mcs70_r01_s30.B12
Reading graphs...
30 :  82
30 :  83
Initializing...
maxdom : 30
D->valSize : 900
Solving...
currentSize : 9 <-- 0.017867 s
currentSize : 10 <-- 0.017913 s
currentSize : 11 <-- 0.017927 s
currentSize : 12 <-- 0.018117 s
currentSize : 13 <-- 0.021488 s
currentSize : 14 <-- 0.022665 s
currentSize : 16 <-- 0.032453 s
currentSize : 17 <-- 0.058675 s
currentSize : 18 <-- 3.037389 s
currentSize : 19 <-- 49.353935 s
currentSize : 21 <-- 69.843376 s

maxsize : 21
nodes : 14837100.000000
filtered : 337224593.000000
time : 72.937752
