Parameters: GAD=1 vflib=1 dir=0 label=0 lowerbound=1 fileNameGp=../graphsdb/mcs70/rand/r005/mcs70_r005_s30.A73 fileNameGt=../graphsdb/mcs70/rand/r005/mcs70_r005_s30.B73
Reading graphs...
30 :  41
30 :  40
Initializing...
maxdom : 30
D->valSize : 900
Solving...
currentSize : 9 <-- 0.016349 s
currentSize : 12 <-- 0.016385 s
currentSize : 16 <-- 0.016412 s
currentSize : 17 <-- 0.029646 s
currentSize : 18 <-- 0.191737 s
currentSize : 19 <-- 2.087487 s
currentSize : 20 <-- 2.397229 s
currentSize : 21 <-- 2.414732 s
currentSize : 22 <-- 3.956551 s
currentSize : 23 <-- 10.746988 s

maxsize : 23
nodes : 3366296.000000
filtered : 57817682.000000
time : 14.721873
