Parameters: GAD=1 vflib=1 dir=0 label=0 lowerbound=1 fileNameGp=../graphsdb/mcs70/bvg/b06/mcs70_b06_s35.A27 fileNameGt=../graphsdb/mcs70/bvg/b06/mcs70_b06_s35.B27
Reading graphs...
35 :  105
35 :  105
Initializing...
maxdom : 35
D->valSize : 1225
Solving...
currentSize : 16 <-- 0.019445 s
currentSize : 17 <-- 0.019501 s
currentSize : 18 <-- 0.021035 s
currentSize : 19 <-- 0.025562 s
currentSize : 20 <-- 0.054722 s
currentSize : 21 <-- 0.055200 s
currentSize : 23 <-- 0.075203 s
currentSize : 24 <-- 1.442643 s
currentSize : 25 <-- 7.958066 s
currentSize : 26 <-- 7.958347 s

maxsize : 26
nodes : 3554693.000000
filtered : 155538370.000000
time : 26.003452
