Parameters: GAD=1 vflib=1 dir=0 label=0 lowerbound=1 fileNameGp=../graphsdb/mcs70/m2D/m2Dr4/mcs70_m2Dr4_s25.A46 fileNameGt=../graphsdb/mcs70/m2D/m2Dr4/mcs70_m2Dr4_s25.B46
Reading graphs...
25 :  50
25 :  49
Initializing...
maxdom : 25
D->valSize : 625
Solving...
currentSize : 10 <-- 0.005120 s
currentSize : 12 <-- 0.005138 s
currentSize : 13 <-- 0.005170 s
currentSize : 14 <-- 0.005400 s
currentSize : 15 <-- 0.007133 s
currentSize : 16 <-- 0.907065 s
currentSize : 17 <-- 1.064993 s

maxsize : 17
nodes : 1279789.000000
filtered : 22896570.000000
time : 5.122210
