Parameters: GAD=1 vflib=1 dir=0 label=0 lowerbound=1 fileNameGp=../graphsdb/mcs70/bvg/b03/mcs70_b03_s35.A58 fileNameGt=../graphsdb/mcs70/bvg/b03/mcs70_b03_s35.B58
Reading graphs...
35 :  52
35 :  51
Initializing...
maxdom : 35
D->valSize : 1225
Solving...
currentSize : 16 <-- 0.036737 s
currentSize : 17 <-- 0.036778 s
currentSize : 18 <-- 0.036890 s
currentSize : 19 <-- 0.037009 s
currentSize : 20 <-- 0.039893 s
currentSize : 21 <-- 0.044964 s
currentSize : 22 <-- 0.060242 s
currentSize : 23 <-- 0.244205 s
currentSize : 24 <-- 0.284834 s
currentSize : 25 <-- 0.304192 s
currentSize : 26 <-- 0.902309 s
currentSize : 27 <-- 0.902340 s
currentSize : 28 <-- 3.128008 s
currentSize : 29 <-- 7.200288 s

maxsize : 29
nodes : 1575245.000000
filtered : 46614605.000000
time : 10.455555
