Parameters: GAD=1 vflib=1 dir=0 label=0 lowerbound=1 fileNameGp=../graphsdb/mcs70/m2D/m2Dr4/mcs70_m2Dr4_s25.A90 fileNameGt=../graphsdb/mcs70/m2D/m2Dr4/mcs70_m2Dr4_s25.B90
Reading graphs...
25 :  50
25 :  49
Initializing...
maxdom : 25
D->valSize : 625
Solving...
currentSize : 11 <-- 0.008732 s
currentSize : 13 <-- 0.008766 s
currentSize : 14 <-- 0.009691 s
currentSize : 15 <-- 0.009903 s
currentSize : 16 <-- 0.010178 s
currentSize : 17 <-- 0.313533 s
currentSize : 18 <-- 0.643503 s

maxsize : 18
nodes : 440724.000000
filtered : 9466629.000000
time : 2.004976
