Parameters: GAD=1 vflib=1 dir=0 label=0 lowerbound=1 fileNameGp=../graphsdb/mcs70/rand/r01/mcs70_r01_s30.A05 fileNameGt=../graphsdb/mcs70/rand/r01/mcs70_r01_s30.B05
Reading graphs...
30 :  80
30 :  82
Initializing...
maxdom : 30
D->valSize : 900
Solving...
currentSize : 11 <-- 0.017833 s
currentSize : 12 <-- 0.017871 s
currentSize : 14 <-- 0.019868 s
currentSize : 15 <-- 0.035380 s
currentSize : 16 <-- 0.064335 s
currentSize : 17 <-- 0.403666 s
currentSize : 18 <-- 3.730200 s
currentSize : 19 <-- 23.238297 s
currentSize : 20 <-- 23.238340 s
currentSize : 21 <-- 23.239550 s

maxsize : 21
nodes : 5475205.000000
filtered : 132563654.000000
time : 27.769728
