Parameters: GAD=1 vflib=1 dir=0 label=0 lowerbound=1 fileNameGp=../graphsdb/mcs70/bvg/b09/mcs70_b09_s25.A51 fileNameGt=../graphsdb/mcs70/bvg/b09/mcs70_b09_s25.B51
Reading graphs...
25 :  110
25 :  109
Initializing...
maxdom : 25
D->valSize : 625
Solving...
currentSize : 9 <-- 0.004497 s
currentSize : 10 <-- 0.004526 s
currentSize : 11 <-- 0.004566 s
currentSize : 13 <-- 0.004647 s
currentSize : 16 <-- 0.004679 s
currentSize : 17 <-- 0.089165 s

maxsize : 17
nodes : 241531.000000
filtered : 6062026.000000
time : 1.146987
