Parameters: GAD=1 vflib=1 dir=0 label=0 lowerbound=1 fileNameGp=../graphsdb/mcs70/bvg/b03m/mcs70_b03m_s30.A37 fileNameGt=../graphsdb/mcs70/bvg/b03m/mcs70_b03m_s30.B37
Reading graphs...
30 :  44
30 :  44
Initializing...
maxdom : 30
D->valSize : 900
Solving...
currentSize : 16 <-- 0.019397 s
currentSize : 19 <-- 0.019452 s
currentSize : 20 <-- 0.019605 s
currentSize : 21 <-- 0.027471 s
currentSize : 22 <-- 2.324675 s
currentSize : 23 <-- 2.453245 s

maxsize : 23
nodes : 2253414.000000
filtered : 54658641.000000
time : 11.711873
