Parameters: GAD=1 vflib=1 dir=0 label=0 lowerbound=1 fileNameGp=../graphsdb/mcs70/bvg/b03/mcs70_b03_s30.A59 fileNameGt=../graphsdb/mcs70/bvg/b03/mcs70_b03_s30.B59
Reading graphs...
30 :  45
30 :  45
Initializing...
maxdom : 30
D->valSize : 900
Solving...
currentSize : 13 <-- 0.015719 s
currentSize : 14 <-- 0.015769 s
currentSize : 15 <-- 0.015969 s
currentSize : 16 <-- 0.016994 s
currentSize : 17 <-- 0.036698 s
currentSize : 18 <-- 0.048109 s
currentSize : 19 <-- 0.113657 s
currentSize : 20 <-- 0.144688 s
currentSize : 21 <-- 0.564154 s
currentSize : 22 <-- 1.257876 s
currentSize : 23 <-- 6.135305 s
currentSize : 24 <-- 9.199066 s

maxsize : 24
nodes : 2199043.000000
filtered : 45911577.000000
time : 10.432451
