Parameters: GAD=1 vflib=1 dir=0 label=0 lowerbound=1 fileNameGp=../graphsdb/mcs70/bvg/b06m/mcs70_b06m_s35.A21 fileNameGt=../graphsdb/mcs70/bvg/b06m/mcs70_b06m_s35.B21
Reading graphs...
35 :  104
35 :  102
Initializing...
maxdom : 35
D->valSize : 1225
Solving...
currentSize : 15 <-- 0.019074 s
currentSize : 16 <-- 0.019827 s
currentSize : 17 <-- 0.026002 s
currentSize : 18 <-- 0.027864 s
currentSize : 19 <-- 0.032905 s
currentSize : 20 <-- 0.105987 s
currentSize : 21 <-- 49.455086 s
currentSize : 22 <-- 176.063858 s
currentSize : 23 <-- 178.247055 s
currentSize : 24 <-- 203.011185 s

maxsize : 24
nodes : 43055808.000000
filtered : 1332286488.000000
time : 255.911606
