Parameters: GAD=1 vflib=1 dir=0 label=0 lowerbound=1 fileNameGp=../graphsdb/mcs70/rand/r02/mcs70_r02_s30.A38 fileNameGt=../graphsdb/mcs70/rand/r02/mcs70_r02_s30.B38
Reading graphs...
30 :  160
30 :  158
Initializing...
maxdom : 30
D->valSize : 900
Solving...
currentSize : 11 <-- 0.009402 s
currentSize : 12 <-- 0.009915 s
currentSize : 13 <-- 0.034978 s
currentSize : 14 <-- 4.617833 s
currentSize : 15 <-- 26.515421 s
currentSize : 16 <-- 26.515478 s
currentSize : 17 <-- 43.112232 s
currentSize : 21 <-- 56.757191 s

maxsize : 21
nodes : 13451127.000000
filtered : 207875280.000000
time : 59.032833
