Parameters: GAD=1 vflib=1 dir=0 label=0 lowerbound=1 fileNameGp=../graphsdb/mcs70/bvg/b09/mcs70_b09_s30.A25 fileNameGt=../graphsdb/mcs70/bvg/b09/mcs70_b09_s30.B25
Reading graphs...
30 :  132
30 :  134
Initializing...
maxdom : 30
D->valSize : 900
Solving...
currentSize : 10 <-- 0.009519 s
currentSize : 11 <-- 0.009637 s
currentSize : 12 <-- 0.009846 s
currentSize : 13 <-- 0.010733 s
currentSize : 14 <-- 0.012362 s
currentSize : 16 <-- 0.012523 s
currentSize : 17 <-- 0.012768 s
currentSize : 18 <-- 0.013004 s
currentSize : 20 <-- 0.013307 s
currentSize : 21 <-- 0.349723 s

maxsize : 21
nodes : 585673.000000
filtered : 23369372.000000
time : 3.688934
