Parameters: GAD=1 vflib=1 dir=0 label=0 lowerbound=1 fileNameGp=../graphsdb/mcs70/m3D/m3Dr6/mcs70_m3Dr6_s35.A59 fileNameGt=../graphsdb/mcs70/m3D/m3Dr6/mcs70_m3Dr6_s35.B59
Reading graphs...
35 :  91
35 :  90
Initializing...
maxdom : 35
D->valSize : 1225
Solving...
currentSize : 15 <-- 0.019897 s
currentSize : 16 <-- 0.019938 s
currentSize : 17 <-- 0.020058 s
currentSize : 18 <-- 0.063818 s
currentSize : 19 <-- 0.154577 s
currentSize : 20 <-- 0.994989 s
currentSize : 21 <-- 3.601349 s
currentSize : 22 <-- 25.539797 s
currentSize : 23 <-- 28.159719 s
currentSize : 24 <-- 40.016815 s
currentSize : 25 <-- 123.776497 s
currentSize : 26 <-- 128.984070 s
currentSize : 27 <-- 128.984161 s

maxsize : 27
nodes : 19812910.000000
filtered : 720777851.000000
time : 131.709442
