Parameters: GAD=1 vflib=1 dir=0 label=0 lowerbound=1 fileNameGp=../graphsdb/mcs70/bvg/b03/mcs70_b03_s30.A68 fileNameGt=../graphsdb/mcs70/bvg/b03/mcs70_b03_s30.B68
Reading graphs...
30 :  45
30 :  44
Initializing...
maxdom : 30
D->valSize : 900
Solving...
currentSize : 12 <-- 0.011069 s
currentSize : 15 <-- 0.011108 s
currentSize : 17 <-- 0.011146 s
currentSize : 18 <-- 0.012068 s
currentSize : 19 <-- 0.104814 s
currentSize : 20 <-- 0.151742 s
currentSize : 21 <-- 0.154150 s
currentSize : 22 <-- 0.241873 s
currentSize : 23 <-- 0.524725 s
currentSize : 24 <-- 4.646467 s

maxsize : 24
nodes : 1263661.000000
filtered : 30045842.000000
time : 6.446330
