Parameters: GAD=1 vflib=1 dir=0 label=0 lowerbound=1 fileNameGp=../graphsdb/mcs70/rand/r01/mcs70_r01_s30.A75 fileNameGt=../graphsdb/mcs70/rand/r01/mcs70_r01_s30.B75
Reading graphs...
30 :  82
30 :  82
Initializing...
maxdom : 30
D->valSize : 900
Solving...
currentSize : 12 <-- 0.010436 s
currentSize : 13 <-- 0.010479 s
currentSize : 14 <-- 0.010490 s
currentSize : 15 <-- 0.012347 s
currentSize : 16 <-- 0.018579 s
currentSize : 17 <-- 3.612772 s
currentSize : 18 <-- 8.848179 s
currentSize : 19 <-- 23.659445 s
currentSize : 21 <-- 54.292557 s

maxsize : 21
nodes : 12526415.000000
filtered : 279874041.000000
time : 59.980312
