Parameters: GAD=1 vflib=1 dir=0 label=0 lowerbound=1 fileNameGp=../graphsdb/mcs70/bvg/b03/mcs70_b03_s30.A72 fileNameGt=../graphsdb/mcs70/bvg/b03/mcs70_b03_s30.B72
Reading graphs...
30 :  45
30 :  45
Initializing...
maxdom : 30
D->valSize : 900
Solving...
currentSize : 18 <-- 0.011052 s
currentSize : 19 <-- 0.016148 s
currentSize : 20 <-- 0.016483 s
currentSize : 21 <-- 3.238519 s
currentSize : 22 <-- 4.026646 s
currentSize : 23 <-- 5.155068 s

maxsize : 23
nodes : 3205004.000000
filtered : 66896561.000000
time : 15.791734
