Parameters: GAD=1 vflib=1 dir=0 label=0 lowerbound=1 fileNameGp=../graphsdb/mcs70/rand/r005/mcs70_r005_s35.A38 fileNameGt=../graphsdb/mcs70/rand/r005/mcs70_r005_s35.B38
Reading graphs...
35 :  56
35 :  56
Initializing...
maxdom : 35
D->valSize : 1225
Solving...
currentSize : 14 <-- 0.021092 s
currentSize : 15 <-- 0.021268 s
currentSize : 16 <-- 0.021403 s
currentSize : 17 <-- 0.039118 s
currentSize : 18 <-- 0.170584 s
currentSize : 20 <-- 0.170600 s
currentSize : 21 <-- 1.390441 s
currentSize : 22 <-- 3.216821 s
currentSize : 23 <-- 4.412722 s
currentSize : 24 <-- 13.716194 s
currentSize : 25 <-- 75.323784 s
currentSize : 26 <-- 149.356537 s

maxsize : 26
nodes : 42072737.000000
filtered : 989478020.000000
time : 228.772720
