Parameters: GAD=1 vflib=1 dir=0 label=0 lowerbound=1 fileNameGp=../graphsdb/mcs70/m2D/m2Dr4/mcs70_m2Dr4_s25.A16 fileNameGt=../graphsdb/mcs70/m2D/m2Dr4/mcs70_m2Dr4_s25.B16
Reading graphs...
25 :  50
25 :  49
Initializing...
maxdom : 25
D->valSize : 625
Solving...
currentSize : 11 <-- 0.005155 s
currentSize : 12 <-- 0.005176 s
currentSize : 13 <-- 0.005303 s
currentSize : 14 <-- 0.007080 s
currentSize : 15 <-- 0.007141 s
currentSize : 16 <-- 0.038176 s
currentSize : 17 <-- 2.112633 s

maxsize : 17
nodes : 1425693.000000
filtered : 25117886.000000
time : 5.757362
