Parameters: GAD=1 vflib=1 dir=0 label=0 lowerbound=1 fileNameGp=../graphsdb/mcs70/m2D/m2D/mcs70_m2D_s25.A93 fileNameGt=../graphsdb/mcs70/m2D/m2D/mcs70_m2D_s25.B93
Reading graphs...
25 :  40
25 :  40
Initializing...
maxdom : 25
D->valSize : 625
Solving...
currentSize : 11 <-- 0.005301 s
currentSize : 12 <-- 0.005334 s
currentSize : 13 <-- 0.005398 s
currentSize : 14 <-- 0.005403 s
currentSize : 15 <-- 0.007753 s
currentSize : 16 <-- 0.032998 s
currentSize : 17 <-- 2.313657 s
currentSize : 18 <-- 3.411733 s
currentSize : 19 <-- 4.301585 s

maxsize : 19
nodes : 1284215.000000
filtered : 17109199.000000
time : 4.716777
