Parameters: GAD=1 vflib=1 dir=0 label=0 lowerbound=1 fileNameGp=../graphsdb/mcs70/m3D/m3D/mcs70_m3D_s35.A57 fileNameGt=../graphsdb/mcs70/m3D/m3D/mcs70_m3D_s35.B57
Reading graphs...
35 :  72
35 :  72
Initializing...
maxdom : 35
D->valSize : 1225
Solving...
currentSize : 19 <-- 0.020546 s
currentSize : 20 <-- 0.020601 s
currentSize : 21 <-- 0.021268 s
currentSize : 22 <-- 0.330210 s
currentSize : 23 <-- 0.936825 s
currentSize : 24 <-- 2.141171 s
currentSize : 25 <-- 2.331923 s
currentSize : 26 <-- 3.641886 s
currentSize : 27 <-- 6.977118 s
currentSize : 28 <-- 6.991645 s
currentSize : 29 <-- 8.820862 s

maxsize : 29
nodes : 1897918.000000
filtered : 60084394.000000
time : 11.657344
