Parameters: GAD=1 vflib=1 dir=0 label=0 lowerbound=1 fileNameGp=../graphsdb/mcs70/rand/r005/mcs70_r005_s30.A34 fileNameGt=../graphsdb/mcs70/rand/r005/mcs70_r005_s30.B34
Reading graphs...
30 :  41
30 :  42
Initializing...
maxdom : 30
D->valSize : 900
Solving...
currentSize : 9 <-- 0.019431 s
currentSize : 14 <-- 0.019620 s
currentSize : 15 <-- 0.021726 s
currentSize : 17 <-- 0.029898 s
currentSize : 18 <-- 0.098475 s
currentSize : 19 <-- 0.112372 s
currentSize : 20 <-- 0.116651 s
currentSize : 21 <-- 1.169391 s
currentSize : 22 <-- 28.469931 s

maxsize : 22
nodes : 10183974.000000
filtered : 173211981.000000
time : 44.476288
