Parameters: GAD=1 vflib=1 dir=0 label=0 lowerbound=1 fileNameGp=../graphsdb/mcs70/m3D/m3D/mcs70_m3D_s35.A93 fileNameGt=../graphsdb/mcs70/m3D/m3D/mcs70_m3D_s35.B93
Reading graphs...
35 :  72
35 :  72
Initializing...
maxdom : 35
D->valSize : 1225
Solving...
currentSize : 11 <-- 0.035051 s
currentSize : 12 <-- 0.035136 s
currentSize : 14 <-- 0.035154 s
currentSize : 15 <-- 0.035558 s
currentSize : 18 <-- 0.040957 s
currentSize : 19 <-- 0.100908 s
currentSize : 20 <-- 0.285522 s
currentSize : 21 <-- 0.594179 s
currentSize : 22 <-- 1.807365 s
currentSize : 23 <-- 3.121642 s
currentSize : 24 <-- 3.605328 s
currentSize : 25 <-- 14.289452 s
currentSize : 26 <-- 19.739464 s
currentSize : 28 <-- 30.061056 s

maxsize : 28
nodes : 6465819.000000
filtered : 191727508.000000
time : 38.299267
