Parameters: GAD=1 vflib=1 dir=0 label=0 lowerbound=1 fileNameGp=../graphsdb/mcs70/bvg/b06m/mcs70_b06m_s20.A21 fileNameGt=../graphsdb/mcs70/bvg/b06m/mcs70_b06m_s20.B21
Reading graphs...
20 :  56
20 :  57
Initializing...
maxdom : 20
D->valSize : 400
Solving...
currentSize : 8 <-- 0.003516 s
currentSize : 9 <-- 0.003600 s
currentSize : 10 <-- 0.003611 s
currentSize : 11 <-- 0.004306 s
currentSize : 12 <-- 0.007689 s
currentSize : 13 <-- 0.064004 s
currentSize : 14 <-- 0.132133 s

maxsize : 14
nodes : 53519.000000
filtered : 933498.000000
time : 0.234416
