Parameters: GAD=1 vflib=1 dir=0 label=0 lowerbound=1 fileNameGp=../graphsdb/mcs70/rand/r02/mcs70_r02_s30.A05 fileNameGt=../graphsdb/mcs70/rand/r02/mcs70_r02_s30.B05
Reading graphs...
30 :  157
30 :  159
Initializing...
maxdom : 30
D->valSize : 900
Solving...
currentSize : 11 <-- 0.009382 s
currentSize : 12 <-- 0.010003 s
currentSize : 13 <-- 0.030445 s
currentSize : 14 <-- 3.937482 s
currentSize : 15 <-- 11.867347 s
currentSize : 16 <-- 36.134178 s
currentSize : 21 <-- 36.134285 s

maxsize : 21
nodes : 8989695.000000
filtered : 130835716.000000
time : 38.836037
