Parameters: GAD=1 vflib=1 dir=0 label=0 lowerbound=1 fileNameGp=../graphsdb/mcs70/bvg/b09m/mcs70_b09m_s20.A22 fileNameGt=../graphsdb/mcs70/bvg/b09m/mcs70_b09m_s20.B22
Reading graphs...
20 :  84
20 :  80
Initializing...
maxdom : 20
D->valSize : 400
Solving...
currentSize : 8 <-- 0.003303 s
currentSize : 10 <-- 0.003716 s
currentSize : 11 <-- 0.212647 s
currentSize : 12 <-- 0.259289 s
currentSize : 13 <-- 0.259337 s
currentSize : 14 <-- 0.380111 s

maxsize : 14
nodes : 88969.000000
filtered : 1283734.000000
time : 0.409688
