Parameters: GAD=1 vflib=1 dir=0 label=0 lowerbound=1 fileNameGp=../graphsdb/mcs70/rand/r01/mcs70_r01_s35.A32 fileNameGt=../graphsdb/mcs70/rand/r01/mcs70_r01_s35.B32
Reading graphs...
35 :  112
35 :  112
Initializing...
maxdom : 35
D->valSize : 1225
Solving...
currentSize : 14 <-- 0.019367 s
currentSize : 15 <-- 0.019699 s
currentSize : 16 <-- 0.024292 s
currentSize : 17 <-- 0.054242 s
currentSize : 18 <-- 0.097564 s
currentSize : 19 <-- 4.027764 s
currentSize : 20 <-- 288.104706 s
currentSize : 23 <-- 631.389160 s
currentSize : 24 <-- 637.166382 s

maxsize : 24
nodes : 135783767.000000
filtered : 3090031798.000000
time : 707.470886
