Parameters: GAD=1 vflib=1 dir=0 label=0 lowerbound=1 fileNameGp=../graphsdb/mcs70/m2D/m2D/mcs70_m2D_s25.A81 fileNameGt=../graphsdb/mcs70/m2D/m2D/mcs70_m2D_s25.B81
Reading graphs...
25 :  40
25 :  39
Initializing...
maxdom : 25
D->valSize : 625
Solving...
currentSize : 13 <-- 0.009016 s
currentSize : 14 <-- 0.009063 s
currentSize : 15 <-- 0.009082 s
currentSize : 16 <-- 0.021075 s
currentSize : 17 <-- 0.021231 s
currentSize : 18 <-- 0.024819 s

maxsize : 18
nodes : 945593.000000
filtered : 17132332.000000
time : 3.869622
