Parameters: GAD=1 vflib=1 dir=0 label=0 lowerbound=1 fileNameGp=../graphsdb/mcs70/bvg/b06/mcs70_b06_s15.A01 fileNameGt=../graphsdb/mcs70/bvg/b06/mcs70_b06_s15.B01
Reading graphs...
15 :  45
15 :  45
Initializing...
maxdom : 15
D->valSize : 225
Solving...
currentSize : 6 <-- 0.001281 s
currentSize : 7 <-- 0.001306 s
currentSize : 8 <-- 0.001407 s
currentSize : 10 <-- 0.002780 s
currentSize : 11 <-- 0.003180 s
currentSize : 12 <-- 0.008028 s

maxsize : 12
nodes : 2561.000000
filtered : 36699.000000
time : 0.013089
