Parameters: GAD=1 vflib=1 dir=0 label=0 lowerbound=1 fileNameGp=../graphsdb/mcs70/m2D/m2D/mcs70_m2D_s35.A39 fileNameGt=../graphsdb/mcs70/m2D/m2D/mcs70_m2D_s35.B39
Reading graphs...
35 :  58
35 :  58
Initializing...
maxdom : 35
D->valSize : 1225
Solving...
currentSize : 19 <-- 0.020816 s
currentSize : 20 <-- 0.020840 s
currentSize : 21 <-- 0.022228 s
currentSize : 23 <-- 0.056349 s
currentSize : 24 <-- 0.889856 s
currentSize : 25 <-- 2.785783 s
currentSize : 26 <-- 7.159574 s
currentSize : 27 <-- 26.681276 s
currentSize : 28 <-- 32.595921 s
currentSize : 29 <-- 32.630703 s

maxsize : 29
nodes : 6256990.000000
filtered : 165145312.000000
time : 35.743122
