Parameters: GAD=1 vflib=1 dir=0 label=0 lowerbound=1 fileNameGp=../graphsdb/mcs70/m4D/m4Dr4/mcs70_m4Dr4_s25.A91 fileNameGt=../graphsdb/mcs70/m4D/m4Dr4/mcs70_m4Dr4_s25.B91
Reading graphs...
25 :  55
25 :  56
Initializing...
maxdom : 25
D->valSize : 625
Solving...
currentSize : 11 <-- 0.008539 s
currentSize : 12 <-- 0.009270 s
currentSize : 13 <-- 0.009349 s
currentSize : 14 <-- 0.016327 s
currentSize : 15 <-- 0.168881 s
currentSize : 16 <-- 0.379985 s

maxsize : 16
nodes : 1528021.000000
filtered : 27772738.000000
time : 6.101839
