Parameters: GAD=1 vflib=1 dir=0 label=0 lowerbound=1 fileNameGp=../graphsdb/mcs70/m3D/m3Dr2/mcs70_m3Dr2_s35.A50 fileNameGt=../graphsdb/mcs70/m3D/m3Dr2/mcs70_m3Dr2_s35.B50
Reading graphs...
35 :  79
35 :  79
Initializing...
maxdom : 35
D->valSize : 1225
Solving...
currentSize : 17 <-- 0.024351 s
currentSize : 18 <-- 0.024646 s
currentSize : 19 <-- 0.024973 s
currentSize : 20 <-- 0.180963 s
currentSize : 21 <-- 1.566032 s
currentSize : 22 <-- 2.089759 s
currentSize : 23 <-- 7.578305 s
currentSize : 24 <-- 195.715393 s
currentSize : 27 <-- 195.797913 s

maxsize : 27
nodes : 36252635.000000
filtered : 997617954.000000
time : 210.550491
