Parameters: GAD=1 vflib=1 dir=0 label=0 lowerbound=1 fileNameGp=../graphsdb/mcs70/m2D/m2Dr6/m2Dr6/mcs70_m2Dr6_s25.A94 fileNameGt=../graphsdb/mcs70/m2D/m2Dr6/m2Dr6/mcs70_m2Dr6_s25.B94
Reading graphs...
25 :  55
25 :  54
Initializing...
maxdom : 25
D->valSize : 625
Solving...
currentSize : 11 <-- 0.008621 s
currentSize : 12 <-- 0.008654 s
currentSize : 13 <-- 0.011759 s
currentSize : 14 <-- 0.020021 s
currentSize : 15 <-- 0.118866 s
currentSize : 16 <-- 0.871241 s
currentSize : 17 <-- 1.025041 s

maxsize : 17
nodes : 1115964.000000
filtered : 20733096.000000
time : 4.585919
