Parameters: GAD=1 vflib=1 dir=0 label=0 lowerbound=1 fileNameGp=../graphsdb/mcs70/m3D/m3Dr2/mcs70_m3Dr2_s35.A41 fileNameGt=../graphsdb/mcs70/m3D/m3Dr2/mcs70_m3Dr2_s35.B41
Reading graphs...
35 :  77
35 :  78
Initializing...
maxdom : 35
D->valSize : 1225
Solving...
currentSize : 17 <-- 0.020059 s
currentSize : 19 <-- 0.021266 s
currentSize : 20 <-- 0.025226 s
currentSize : 21 <-- 0.565422 s
currentSize : 22 <-- 0.566599 s
currentSize : 23 <-- 21.661856 s
currentSize : 24 <-- 83.286400 s
currentSize : 27 <-- 174.440765 s

maxsize : 27
nodes : 32273997.000000
filtered : 898225978.000000
time : 189.404465
