Parameters: GAD=1 vflib=1 dir=0 label=0 lowerbound=1 fileNameGp=../graphsdb/mcs70/rand/r005/mcs70_r005_s20.A52 fileNameGt=../graphsdb/mcs70/rand/r005/mcs70_r005_s20.B52
Reading graphs...
20 :  23
20 :  23
Initializing...
maxdom : 20
D->valSize : 400
Solving...
currentSize : 11 <-- 0.002264 s
currentSize : 12 <-- 0.002284 s
currentSize : 13 <-- 0.004056 s
currentSize : 14 <-- 0.010045 s
currentSize : 15 <-- 0.010129 s
currentSize : 16 <-- 0.010216 s

maxsize : 16
nodes : 15171.000000
filtered : 215349.000000
time : 0.052391
