Parameters: GAD=1 vflib=1 dir=0 label=0 lowerbound=1 fileNameGp=../graphsdb/mcs70/rand/r005/mcs70_r005_s30.A28 fileNameGt=../graphsdb/mcs70/rand/r005/mcs70_r005_s30.B28
Reading graphs...
30 :  42
30 :  42
Initializing...
maxdom : 30
D->valSize : 900
Solving...
currentSize : 13 <-- 0.011170 s
currentSize : 14 <-- 0.011440 s
currentSize : 15 <-- 0.012040 s
currentSize : 16 <-- 0.013469 s
currentSize : 17 <-- 0.028174 s
currentSize : 18 <-- 0.032219 s
currentSize : 19 <-- 0.067547 s
currentSize : 20 <-- 6.904363 s
currentSize : 21 <-- 31.427376 s
currentSize : 22 <-- 66.636864 s

maxsize : 22
nodes : 19076724.000000
filtered : 257358707.000000
time : 75.773491
