Parameters: GAD=1 vflib=1 dir=0 label=0 lowerbound=1 fileNameGp=../graphsdb/mcs70/bvg/b03/mcs70_b03_s15.A45 fileNameGt=../graphsdb/mcs70/bvg/b03/mcs70_b03_s15.B45
Reading graphs...
15 :  22
15 :  22
Initializing...
maxdom : 15
D->valSize : 225
Solving...
currentSize : 7 <-- 0.000951 s
currentSize : 8 <-- 0.000983 s
currentSize : 9 <-- 0.001012 s
currentSize : 10 <-- 0.001281 s
currentSize : 11 <-- 0.001311 s
currentSize : 12 <-- 0.008247 s

maxsize : 12
nodes : 4959.000000
filtered : 45784.000000
time : 0.013602
