Parameters: GAD=1 vflib=1 dir=0 label=0 lowerbound=1 fileNameGp=../graphsdb/mcs70/bvg/b06m/mcs70_b06m_s35.A48 fileNameGt=../graphsdb/mcs70/bvg/b06m/mcs70_b06m_s35.B48
Reading graphs...
35 :  105
35 :  105
Initializing...
maxdom : 35
D->valSize : 1225
Solving...
currentSize : 16 <-- 0.019417 s
currentSize : 17 <-- 0.019714 s
currentSize : 18 <-- 0.021231 s
currentSize : 19 <-- 0.124664 s
currentSize : 20 <-- 17.024088 s
currentSize : 21 <-- 83.415230 s
currentSize : 22 <-- 83.420517 s
currentSize : 23 <-- 254.999771 s
currentSize : 25 <-- 255.422256 s

maxsize : 25
nodes : 44438652.000000
filtered : 1445643130.000000
time : 271.375519
