Parameters: GAD=1 vflib=1 dir=0 label=0 lowerbound=1 fileNameGp=../graphsdb/mcs70/rand/r005/mcs70_r005_s20.A96 fileNameGt=../graphsdb/mcs70/rand/r005/mcs70_r005_s20.B96
Reading graphs...
20 :  22
20 :  23
Initializing...
maxdom : 20
D->valSize : 400
Solving...
currentSize : 8 <-- 0.003976 s
currentSize : 11 <-- 0.004206 s
currentSize : 12 <-- 0.044784 s
currentSize : 13 <-- 0.080352 s
currentSize : 14 <-- 0.107597 s
currentSize : 15 <-- 0.140274 s

maxsize : 15
nodes : 68481.000000
filtered : 533563.000000
time : 0.199958
