Parameters: GAD=1 vflib=1 dir=0 label=0 lowerbound=1 fileNameGp=../graphsdb/mcs70/bvg/b06/mcs70_b06_s30.A37 fileNameGt=../graphsdb/mcs70/bvg/b06/mcs70_b06_s30.B37
Reading graphs...
30 :  87
30 :  90
Initializing...
maxdom : 30
D->valSize : 900
Solving...
currentSize : 12 <-- 0.017678 s
currentSize : 13 <-- 0.018152 s
currentSize : 14 <-- 0.019054 s
currentSize : 15 <-- 0.020331 s
currentSize : 16 <-- 0.030516 s
currentSize : 17 <-- 0.044270 s
currentSize : 18 <-- 0.120512 s
currentSize : 19 <-- 0.333896 s
currentSize : 20 <-- 1.158762 s
currentSize : 21 <-- 1.624671 s
currentSize : 22 <-- 1.902033 s

maxsize : 22
nodes : 1011105.000000
filtered : 30077230.000000
time : 5.541926
