Parameters: GAD=1 vflib=1 dir=0 label=0 lowerbound=1 fileNameGp=../graphsdb/mcs70/m2D/m2Dr2/mcs70_m2Dr2_s35.A76 fileNameGt=../graphsdb/mcs70/m2D/m2Dr2/mcs70_m2Dr2_s35.B76
Reading graphs...
35 :  64
35 :  65
Initializing...
maxdom : 35
D->valSize : 1225
Solving...
currentSize : 16 <-- 0.020488 s
currentSize : 17 <-- 0.021263 s
currentSize : 18 <-- 0.021316 s
currentSize : 19 <-- 0.069688 s
currentSize : 20 <-- 0.085017 s
currentSize : 21 <-- 0.937758 s
currentSize : 22 <-- 5.465180 s
currentSize : 23 <-- 8.269439 s
currentSize : 24 <-- 601.109680 s
currentSize : 25 <-- 812.457214 s

maxsize : 25
nodes : 198638303.000000
filtered : 4760840342.000000
time : 1096.265503
