Parameters: GAD=1 vflib=1 dir=0 label=0 lowerbound=1 fileNameGp=../graphsdb/mcs70/rand/r02/mcs70_r02_s35.A71 fileNameGt=../graphsdb/mcs70/rand/r02/mcs70_r02_s35.B71
Reading graphs...
35 :  211
35 :  220
Initializing...
maxdom : 35
D->valSize : 1225
Solving...
currentSize : 10 <-- 0.017551 s
currentSize : 11 <-- 0.017622 s
currentSize : 12 <-- 0.017822 s
currentSize : 13 <-- 0.022940 s
currentSize : 14 <-- 0.162707 s
currentSize : 15 <-- 11.950227 s
currentSize : 16 <-- 187.732574 s
currentSize : 18 <-- 290.307800 s
currentSize : 19 <-- 335.879639 s
currentSize : 24 <-- 410.370148 s

maxsize : 24
nodes : 88972267.000000
filtered : 1398333623.000000
time : 426.529053
