Parameters: GAD=1 vflib=1 dir=0 label=0 lowerbound=1 fileNameGp=../graphsdb/mcs70/bvg/b06m/mcs70_b06m_s35.A11 fileNameGt=../graphsdb/mcs70/bvg/b06m/mcs70_b06m_s35.B11
Reading graphs...
35 :  102
35 :  102
Initializing...
maxdom : 35
D->valSize : 1225
Solving...
currentSize : 12 <-- 0.019364 s
currentSize : 13 <-- 0.019398 s
currentSize : 14 <-- 0.019411 s
currentSize : 15 <-- 0.019428 s
currentSize : 16 <-- 0.022003 s
currentSize : 17 <-- 0.051415 s
currentSize : 18 <-- 1.002773 s
currentSize : 19 <-- 2.072572 s
currentSize : 20 <-- 43.223305 s
currentSize : 21 <-- 43.583408 s
currentSize : 22 <-- 45.341518 s
currentSize : 23 <-- 204.058884 s
currentSize : 24 <-- 204.064835 s

maxsize : 24
nodes : 39908817.000000
filtered : 1377160641.000000
time : 249.931610
