Parameters: GAD=1 vflib=1 dir=0 label=0 lowerbound=1 fileNameGp=../graphsdb/mcs70/m2D/m2D/mcs70_m2D_s35.A68 fileNameGt=../graphsdb/mcs70/m2D/m2D/mcs70_m2D_s35.B68
Reading graphs...
35 :  58
35 :  58
Initializing...
maxdom : 35
D->valSize : 1225
Solving...
currentSize : 18 <-- 0.025985 s
currentSize : 19 <-- 0.026083 s
currentSize : 20 <-- 0.028734 s
currentSize : 21 <-- 0.039907 s
currentSize : 22 <-- 0.044001 s
currentSize : 23 <-- 0.066749 s
currentSize : 24 <-- 0.168563 s
currentSize : 25 <-- 86.093063 s
currentSize : 26 <-- 105.205498 s
currentSize : 27 <-- 187.932571 s

maxsize : 27
nodes : 37105589.000000
filtered : 947224615.000000
time : 209.404190
