Parameters: GAD=1 vflib=1 dir=0 label=0 lowerbound=1 fileNameGp=../graphsdb/mcs70/bvg/b03/mcs70_b03_s20.A23 fileNameGt=../graphsdb/mcs70/bvg/b03/mcs70_b03_s20.B23
Reading graphs...
20 :  30
20 :  30
Initializing...
maxdom : 20
D->valSize : 400
Solving...
currentSize : 8 <-- 0.003808 s
currentSize : 12 <-- 0.003879 s
currentSize : 13 <-- 0.004450 s
currentSize : 14 <-- 0.004501 s
currentSize : 15 <-- 0.009344 s
currentSize : 16 <-- 0.159095 s

maxsize : 16
nodes : 32375.000000
filtered : 472398.000000
time : 0.171688
