Parameters: GAD=1 vflib=1 dir=0 label=0 lowerbound=1 fileNameGp=../graphsdb/mcs70/m4D/m4D/mcs70_m4D_s25.A83 fileNameGt=../graphsdb/mcs70/m4D/m4D/mcs70_m4D_s25.B83
Reading graphs...
25 :  46
25 :  47
Initializing...
maxdom : 25
D->valSize : 625
Solving...
currentSize : 6 <-- 0.005766 s
currentSize : 10 <-- 0.005817 s
currentSize : 11 <-- 0.005856 s
currentSize : 12 <-- 0.006117 s
currentSize : 13 <-- 0.009434 s
currentSize : 14 <-- 0.014415 s
currentSize : 16 <-- 0.016597 s
currentSize : 17 <-- 0.054018 s
currentSize : 18 <-- 0.057252 s
currentSize : 19 <-- 0.256079 s

maxsize : 19
nodes : 125537.000000
filtered : 3052638.000000
time : 0.569780
