Parameters: GAD=1 vflib=1 dir=0 label=0 lowerbound=1 fileNameGp=../graphsdb/mcs70/m4D/m4Dr6/mcs70_m4Dr6_s25.A15 fileNameGt=../graphsdb/mcs70/m4D/m4Dr6/mcs70_m4Dr6_s25.B15
Reading graphs...
25 :  61
25 :  60
Initializing...
maxdom : 25
D->valSize : 625
Solving...
currentSize : 8 <-- 0.008475 s
currentSize : 9 <-- 0.008497 s
currentSize : 10 <-- 0.008554 s
currentSize : 12 <-- 0.011952 s
currentSize : 13 <-- 0.022095 s
currentSize : 14 <-- 0.150851 s
currentSize : 15 <-- 0.194077 s
currentSize : 17 <-- 2.266329 s

maxsize : 17
nodes : 798262.000000
filtered : 13938640.000000
time : 3.292272
