Parameters: GAD=1 vflib=1 dir=0 label=0 lowerbound=1 fileNameGp=../graphsdb/mcs70/m2D/m2Dr2/mcs70_m2Dr2_s25.A32 fileNameGt=../graphsdb/mcs70/m2D/m2Dr2/mcs70_m2Dr2_s25.B32
Reading graphs...
25 :  44
25 :  44
Initializing...
maxdom : 25
D->valSize : 625
Solving...
currentSize : 12 <-- 0.005215 s
currentSize : 13 <-- 0.005240 s
currentSize : 14 <-- 0.006699 s
currentSize : 15 <-- 0.011735 s
currentSize : 16 <-- 0.013326 s
currentSize : 17 <-- 0.414815 s
currentSize : 18 <-- 4.331062 s

maxsize : 18
nodes : 1539140.000000
filtered : 25876121.000000
time : 6.207596
