Parameters: GAD=1 vflib=1 dir=0 label=0 lowerbound=1 fileNameGp=../graphsdb/mcs70/bvg/b06/mcs70_b06_s25.A21 fileNameGt=../graphsdb/mcs70/bvg/b06/mcs70_b06_s25.B21
Reading graphs...
25 :  74
25 :  72
Initializing...
maxdom : 25
D->valSize : 625
Solving...
currentSize : 10 <-- 0.004756 s
currentSize : 11 <-- 0.004902 s
currentSize : 12 <-- 0.007546 s
currentSize : 13 <-- 0.014916 s
currentSize : 14 <-- 0.034710 s
currentSize : 15 <-- 0.039848 s
currentSize : 16 <-- 0.040046 s
currentSize : 17 <-- 0.102010 s
currentSize : 18 <-- 0.102036 s

maxsize : 18
nodes : 155999.000000
filtered : 3876139.000000
time : 0.916496
