Parameters: GAD=1 vflib=1 dir=0 label=0 lowerbound=1 fileNameGp=../graphsdb/mcs70/m4D/m4D/mcs70_m4D_s25.A93 fileNameGt=../graphsdb/mcs70/m4D/m4D/mcs70_m4D_s25.B93
Reading graphs...
25 :  46
25 :  47
Initializing...
maxdom : 25
D->valSize : 625
Solving...
currentSize : 10 <-- 0.005228 s
currentSize : 12 <-- 0.005428 s
currentSize : 13 <-- 0.005506 s
currentSize : 14 <-- 0.006810 s
currentSize : 15 <-- 0.046254 s
currentSize : 16 <-- 0.082701 s
currentSize : 17 <-- 0.166045 s
currentSize : 18 <-- 0.461776 s

maxsize : 18
nodes : 319880.000000
filtered : 5408748.000000
time : 1.337198
