Parameters: GAD=1 vflib=1 dir=0 label=0 lowerbound=1 fileNameGp=../graphsdb/mcs70/m4D/m4D/mcs70_m4D_s25.A04 fileNameGt=../graphsdb/mcs70/m4D/m4D/mcs70_m4D_s25.B04
Reading graphs...
25 :  47
25 :  46
Initializing...
maxdom : 25
D->valSize : 625
Solving...
currentSize : 13 <-- 0.005411 s
currentSize : 14 <-- 0.005427 s
currentSize : 16 <-- 0.005740 s
currentSize : 17 <-- 0.006990 s
currentSize : 18 <-- 0.009450 s
currentSize : 19 <-- 0.095795 s

maxsize : 19
nodes : 107226.000000
filtered : 2305051.000000
time : 0.507409
