Parameters: GAD=1 vflib=1 dir=0 label=0 lowerbound=1 fileNameGp=../graphsdb/mcs70/m4D/m4Dr6/mcs70_m4Dr6_s25.A56 fileNameGt=../graphsdb/mcs70/m4D/m4Dr6/mcs70_m4Dr6_s25.B56
Reading graphs...
25 :  61
25 :  59
Initializing...
maxdom : 25
D->valSize : 625
Solving...
currentSize : 10 <-- 0.004950 s
currentSize : 11 <-- 0.004967 s
currentSize : 12 <-- 0.006115 s
currentSize : 13 <-- 0.007412 s
currentSize : 14 <-- 0.050293 s
currentSize : 15 <-- 0.456910 s
currentSize : 17 <-- 2.838205 s

maxsize : 17
nodes : 1037180.000000
filtered : 17540327.000000
time : 4.091392
