Parameters: GAD=1 vflib=1 dir=0 label=0 lowerbound=1 fileNameGp=../graphsdb/mcs70/bvg/b09m/mcs70_b09m_s35.A86 fileNameGt=../graphsdb/mcs70/bvg/b09m/mcs70_b09m_s35.B86
Reading graphs...
35 :  149
35 :  145
Initializing...
maxdom : 35
D->valSize : 1225
Solving...
currentSize : 11 <-- 0.018423 s
currentSize : 12 <-- 0.018479 s
currentSize : 13 <-- 0.018519 s
currentSize : 14 <-- 0.018609 s
currentSize : 15 <-- 0.033318 s
currentSize : 16 <-- 3.305193 s
currentSize : 17 <-- 10.072672 s
currentSize : 18 <-- 711.527161 s
currentSize : 19 <-- 711.529053 s
currentSize : 20 <-- 730.760254 s
currentSize : 24 <-- 730.760986 s

maxsize : 24
nodes : 157604286.000000
filtered : 2762238616.000000
time : 749.203674
