Parameters: GAD=1 vflib=1 dir=0 label=0 lowerbound=1 fileNameGp=../graphsdb/mcs70/rand/r02/mcs70_r02_s35.A38 fileNameGt=../graphsdb/mcs70/rand/r02/mcs70_r02_s35.B38
Reading graphs...
35 :  218
35 :  213
Initializing...
maxdom : 35
D->valSize : 1225
Solving...
currentSize : 10 <-- 0.017218 s
currentSize : 11 <-- 0.017240 s
currentSize : 12 <-- 0.017361 s
currentSize : 13 <-- 0.020035 s
currentSize : 14 <-- 0.311089 s
currentSize : 15 <-- 52.516602 s
currentSize : 16 <-- 174.371307 s
currentSize : 17 <-- 186.371918 s
currentSize : 19 <-- 187.487030 s
currentSize : 21 <-- 187.491638 s
currentSize : 24 <-- 187.494492 s

maxsize : 24
nodes : 45722660.000000
filtered : 591195590.000000
time : 204.185181
