Parameters: GAD=1 vflib=1 dir=0 label=0 lowerbound=1 fileNameGp=../graphsdb/mcs70/rand/r005/mcs70_r005_s20.A80 fileNameGt=../graphsdb/mcs70/rand/r005/mcs70_r005_s20.B80
Reading graphs...
20 :  23
20 :  23
Initializing...
maxdom : 20
D->valSize : 400
Solving...
currentSize : 7 <-- 0.002384 s
currentSize : 11 <-- 0.002738 s
currentSize : 12 <-- 0.003086 s
currentSize : 13 <-- 0.044136 s
currentSize : 14 <-- 0.047993 s
currentSize : 15 <-- 0.048000 s
currentSize : 16 <-- 0.125559 s

maxsize : 16
nodes : 50130.000000
filtered : 388040.000000
time : 0.132699
