Parameters: GAD=1 vflib=1 dir=0 label=0 lowerbound=1 fileNameGp=../graphsdb/mcs70/bvg/b06m/mcs70_b06m_s30.A25 fileNameGt=../graphsdb/mcs70/bvg/b06m/mcs70_b06m_s30.B25
Reading graphs...
30 :  85
30 :  86
Initializing...
maxdom : 30
D->valSize : 900
Solving...
currentSize : 11 <-- 0.017516 s
currentSize : 12 <-- 0.017733 s
currentSize : 13 <-- 0.018523 s
currentSize : 14 <-- 0.020075 s
currentSize : 15 <-- 0.021121 s
currentSize : 16 <-- 0.021397 s
currentSize : 17 <-- 1.127963 s
currentSize : 18 <-- 1.180996 s
currentSize : 19 <-- 1.181042 s
currentSize : 20 <-- 12.475998 s
currentSize : 21 <-- 12.476065 s

maxsize : 21
nodes : 3040882.000000
filtered : 91951680.000000
time : 16.930954
