Parameters: GAD=1 vflib=1 dir=0 label=0 lowerbound=1 fileNameGp=../graphsdb/mcs70/rand/r01/mcs70_r01_s35.A80 fileNameGt=../graphsdb/mcs70/rand/r01/mcs70_r01_s35.B80
Reading graphs...
35 :  113
35 :  109
Initializing...
maxdom : 35
D->valSize : 1225
Solving...
currentSize : 16 <-- 0.033028 s
currentSize : 17 <-- 0.033297 s
currentSize : 18 <-- 0.583987 s
currentSize : 19 <-- 10.217307 s
currentSize : 20 <-- 598.429688 s
currentSize : 21 <-- 774.145386 s
currentSize : 22 <-- 774.146057 s
currentSize : 24 <-- 774.160767 s

maxsize : 24
nodes : 173974993.000000
filtered : 3683139090.000000
time : 879.540771
