Parameters: GAD=1 vflib=1 dir=0 label=0 lowerbound=1 fileNameGp=../graphsdb/mcs70/m2D/m2Dr2/mcs70_m2Dr2_s35.A34 fileNameGt=../graphsdb/mcs70/m2D/m2Dr2/mcs70_m2Dr2_s35.B34
Reading graphs...
35 :  65
35 :  64
Initializing...
maxdom : 35
D->valSize : 1225
Solving...
currentSize : 14 <-- 0.021259 s
currentSize : 18 <-- 0.021289 s
currentSize : 19 <-- 0.021308 s
currentSize : 20 <-- 0.026805 s
currentSize : 21 <-- 0.057323 s
currentSize : 22 <-- 0.191288 s
currentSize : 23 <-- 0.196738 s
currentSize : 24 <-- 34.181015 s
currentSize : 25 <-- 610.974670 s

maxsize : 25
nodes : 141262984.000000
filtered : 3740500900.000000
time : 816.930603
