Parameters: GAD=1 vflib=1 dir=0 label=0 lowerbound=1 fileNameGp=../graphsdb/mcs70/m2D/m2D/mcs70_m2D_s35.A74 fileNameGt=../graphsdb/mcs70/m2D/m2D/mcs70_m2D_s35.B74
Reading graphs...
35 :  58
35 :  57
Initializing...
maxdom : 35
D->valSize : 1225
Solving...
currentSize : 22 <-- 0.020957 s
currentSize : 23 <-- 0.250622 s
currentSize : 24 <-- 0.263379 s
currentSize : 25 <-- 18.327936 s
currentSize : 26 <-- 29.872530 s
currentSize : 27 <-- 29.872576 s
currentSize : 28 <-- 32.769573 s

maxsize : 28
nodes : 8054508.000000
filtered : 199950548.000000
time : 44.247585
