Parameters: GAD=1 vflib=1 dir=0 label=0 lowerbound=1 fileNameGp=../graphsdb/mcs70/rand/r005/mcs70_r005_s35.A48 fileNameGt=../graphsdb/mcs70/rand/r005/mcs70_r005_s35.B48
Reading graphs...
35 :  58
35 :  58
Initializing...
maxdom : 35
D->valSize : 1225
Solving...
currentSize : 13 <-- 0.036310 s
currentSize : 14 <-- 0.039192 s
currentSize : 15 <-- 0.039248 s
currentSize : 16 <-- 0.039266 s
currentSize : 17 <-- 0.136078 s
currentSize : 18 <-- 0.136240 s
currentSize : 19 <-- 0.136399 s
currentSize : 20 <-- 0.136491 s
currentSize : 21 <-- 5.436029 s
currentSize : 22 <-- 8.346142 s
currentSize : 23 <-- 67.849876 s
currentSize : 24 <-- 104.484512 s
currentSize : 25 <-- 129.233170 s
currentSize : 26 <-- 267.190582 s

maxsize : 26
nodes : 54399335.000000
filtered : 1100195509.000000
time : 284.293121
