Parameters: GAD=1 vflib=1 dir=0 label=0 lowerbound=1 fileNameGp=../graphsdb/mcs70/bvg/b09/mcs70_b09_s20.A27 fileNameGt=../graphsdb/mcs70/bvg/b09/mcs70_b09_s20.B27
Reading graphs...
20 :  88
20 :  90
Initializing...
maxdom : 20
D->valSize : 400
Solving...
currentSize : 8 <-- 0.002097 s
currentSize : 9 <-- 0.002129 s
currentSize : 10 <-- 0.002180 s
currentSize : 11 <-- 0.009243 s
currentSize : 13 <-- 0.012863 s
currentSize : 14 <-- 0.012892 s

maxsize : 14
nodes : 53775.000000
filtered : 929009.000000
time : 0.203222
