Parameters: GAD=1 vflib=1 dir=0 label=0 lowerbound=1 fileNameGp=../graphsdb/mcs70/bvg/b09m/mcs70_b09m_s25.A12 fileNameGt=../graphsdb/mcs70/bvg/b09m/mcs70_b09m_s25.B12
Reading graphs...
25 :  103
25 :  106
Initializing...
maxdom : 25
D->valSize : 625
Solving...
currentSize : 9 <-- 0.009104 s
currentSize : 10 <-- 0.010374 s
currentSize : 11 <-- 0.026019 s
currentSize : 12 <-- 0.026492 s
currentSize : 13 <-- 0.627924 s
currentSize : 16 <-- 2.119076 s

maxsize : 16
nodes : 813921.000000
filtered : 15188477.000000
time : 3.467137
