Parameters: GAD=1 vflib=1 dir=0 label=0 lowerbound=1 fileNameGp=../graphsdb/mcs70/m3D/m3Dr6/mcs70_m3Dr6_s35.A71 fileNameGt=../graphsdb/mcs70/m3D/m3Dr6/mcs70_m3Dr6_s35.B71
Reading graphs...
35 :  92
35 :  91
Initializing...
maxdom : 35
D->valSize : 1225
Solving...
currentSize : 15 <-- 0.019542 s
currentSize : 16 <-- 0.019580 s
currentSize : 17 <-- 0.025259 s
currentSize : 18 <-- 0.026767 s
currentSize : 19 <-- 0.045375 s
currentSize : 20 <-- 0.875103 s
currentSize : 21 <-- 33.361664 s
currentSize : 22 <-- 340.881653 s
currentSize : 23 <-- 446.857025 s
currentSize : 24 <-- 452.958923 s
currentSize : 25 <-- 452.959045 s
currentSize : 26 <-- 453.377533 s
currentSize : 27 <-- 453.377716 s

maxsize : 27
nodes : 83913753.000000
filtered : 2147326009.000000
time : 461.203705
