Parameters: GAD=1 vflib=1 dir=0 label=0 lowerbound=1 fileNameGp=../graphsdb/mcs70/bvg/b03/mcs70_b03_s15.A65 fileNameGt=../graphsdb/mcs70/bvg/b03/mcs70_b03_s15.B65
Reading graphs...
15 :  22
15 :  22
Initializing...
maxdom : 15
D->valSize : 225
Solving...
currentSize : 6 <-- 0.000880 s
currentSize : 7 <-- 0.000891 s
currentSize : 8 <-- 0.000963 s
currentSize : 9 <-- 0.001155 s
currentSize : 10 <-- 0.001176 s
currentSize : 11 <-- 0.001593 s
currentSize : 12 <-- 0.001671 s

maxsize : 12
nodes : 2138.000000
filtered : 27662.000000
time : 0.006877
