Parameters: GAD=1 vflib=1 dir=0 label=0 lowerbound=1 fileNameGp=../graphsdb/mcs70/rand/r02/mcs70_r02_s35.A27 fileNameGt=../graphsdb/mcs70/rand/r02/mcs70_r02_s35.B27
Reading graphs...
35 :  219
35 :  215
Initializing...
maxdom : 35
D->valSize : 1225
Solving...
currentSize : 10 <-- 0.029333 s
currentSize : 11 <-- 0.029408 s
currentSize : 12 <-- 0.029515 s
currentSize : 13 <-- 0.036755 s
currentSize : 14 <-- 0.562481 s
currentSize : 15 <-- 10.334049 s
currentSize : 16 <-- 102.348892 s
currentSize : 17 <-- 295.938019 s
currentSize : 18 <-- 298.594757 s
currentSize : 24 <-- 299.048676 s

maxsize : 24
nodes : 66844451.000000
filtered : 1021122973.000000
time : 312.072021
