Parameters: GAD=1 vflib=1 dir=0 label=0 lowerbound=1 fileNameGp=../graphsdb/mcs70/rand/r02/mcs70_r02_s30.A99 fileNameGt=../graphsdb/mcs70/rand/r02/mcs70_r02_s30.B99
Reading graphs...
30 :  153
30 :  153
Initializing...
maxdom : 30
D->valSize : 900
Solving...
currentSize : 9 <-- 0.009351 s
currentSize : 10 <-- 0.009441 s
currentSize : 11 <-- 0.009550 s
currentSize : 12 <-- 0.010137 s
currentSize : 13 <-- 0.010513 s
currentSize : 14 <-- 0.616038 s
currentSize : 16 <-- 18.686140 s
currentSize : 17 <-- 33.952469 s
currentSize : 21 <-- 33.952538 s

maxsize : 21
nodes : 8077993.000000
filtered : 132048021.000000
time : 36.248905
