Parameters: GAD=1 vflib=1 dir=0 label=0 lowerbound=1 fileNameGp=../graphsdb/mcs70/bvg/b03m/mcs70_b03m_s35.A11 fileNameGt=../graphsdb/mcs70/bvg/b03m/mcs70_b03m_s35.B11
Reading graphs...
35 :  51
35 :  51
Initializing...
maxdom : 35
D->valSize : 1225
Solving...
currentSize : 18 <-- 0.036359 s
currentSize : 19 <-- 0.036968 s
currentSize : 20 <-- 0.265189 s
currentSize : 21 <-- 0.281005 s
currentSize : 22 <-- 1.315147 s
currentSize : 23 <-- 2.230411 s
currentSize : 24 <-- 28.192480 s
currentSize : 25 <-- 152.107071 s
currentSize : 26 <-- 223.339279 s

maxsize : 26
nodes : 74318615.000000
filtered : 1572448995.000000
time : 389.512268
