Parameters: GAD=1 vflib=1 dir=0 label=0 lowerbound=1 fileNameGp=../graphsdb/mcs70/m2D/m2Dr4/mcs70_m2Dr4_s35.A10 fileNameGt=../graphsdb/mcs70/m2D/m2Dr4/mcs70_m2Dr4_s35.B10
Reading graphs...
35 :  70
35 :  69
Initializing...
maxdom : 35
D->valSize : 1225
Solving...
currentSize : 15 <-- 0.035219 s
currentSize : 18 <-- 0.035267 s
currentSize : 19 <-- 0.035287 s
currentSize : 20 <-- 0.039980 s
currentSize : 21 <-- 0.190078 s
currentSize : 22 <-- 0.431468 s
currentSize : 23 <-- 9.067625 s
currentSize : 24 <-- 10.745803 s
currentSize : 25 <-- 10.745889 s
currentSize : 26 <-- 36.215889 s

maxsize : 26
nodes : 13400511.000000
filtered : 473689995.000000
time : 86.275841
