Parameters: GAD=1 vflib=1 dir=0 label=0 lowerbound=1 fileNameGp=../graphsdb/mcs70/bvg/b03m/mcs70_b03m_s35.A74 fileNameGt=../graphsdb/mcs70/bvg/b03m/mcs70_b03m_s35.B74
Reading graphs...
35 :  52
35 :  52
Initializing...
maxdom : 35
D->valSize : 1225
Solving...
currentSize : 13 <-- 0.026960 s
currentSize : 14 <-- 0.026988 s
currentSize : 18 <-- 0.027112 s
currentSize : 23 <-- 0.027135 s
currentSize : 24 <-- 10.554241 s
currentSize : 25 <-- 10.822670 s
currentSize : 26 <-- 70.787842 s

maxsize : 26
nodes : 36219888.000000
filtered : 867756947.000000
time : 200.863037
