Parameters: GAD=1 vflib=1 dir=0 label=0 lowerbound=1 fileNameGp=../graphsdb/mcs70/bvg/b06/mcs70_b06_s25.A58 fileNameGt=../graphsdb/mcs70/bvg/b06/mcs70_b06_s25.B58
Reading graphs...
25 :  75
25 :  74
Initializing...
maxdom : 25
D->valSize : 625
Solving...
currentSize : 13 <-- 0.008154 s
currentSize : 14 <-- 0.008225 s
currentSize : 15 <-- 0.009625 s
currentSize : 17 <-- 0.085866 s
currentSize : 18 <-- 0.148945 s
currentSize : 19 <-- 0.362768 s

maxsize : 19
nodes : 91117.000000
filtered : 2359793.000000
time : 0.484132
