Parameters: GAD=1 vflib=1 dir=0 label=0 lowerbound=1 fileNameGp=../graphsdb/mcs70/rand/r02/mcs70_r02_s30.A90 fileNameGt=../graphsdb/mcs70/rand/r02/mcs70_r02_s30.B90
Reading graphs...
30 :  158
30 :  160
Initializing...
maxdom : 30
D->valSize : 900
Solving...
currentSize : 11 <-- 0.009272 s
currentSize : 12 <-- 0.011758 s
currentSize : 13 <-- 0.072821 s
currentSize : 14 <-- 12.299350 s
currentSize : 15 <-- 34.647251 s
currentSize : 16 <-- 62.730171 s
currentSize : 21 <-- 62.789753 s

maxsize : 21
nodes : 15997372.000000
filtered : 205826175.000000
time : 65.803513
