Parameters: GAD=1 vflib=1 dir=0 label=0 lowerbound=1 fileNameGp=../graphsdb/mcs70/bvg/b03m/mcs70_b03m_s30.A65 fileNameGt=../graphsdb/mcs70/bvg/b03m/mcs70_b03m_s30.B65
Reading graphs...
30 :  45
30 :  45
Initializing...
maxdom : 30
D->valSize : 900
Solving...
currentSize : 17 <-- 0.011414 s
currentSize : 18 <-- 0.018356 s
currentSize : 19 <-- 0.061765 s
currentSize : 20 <-- 0.141308 s
currentSize : 21 <-- 2.557332 s
currentSize : 22 <-- 5.227799 s

maxsize : 22
nodes : 4701415.000000
filtered : 93771233.000000
time : 22.231056
