Parameters: GAD=1 vflib=1 dir=0 label=0 lowerbound=1 fileNameGp=../graphsdb/mcs70/m2D/m2Dr4/mcs70_m2Dr4_s25.A59 fileNameGt=../graphsdb/mcs70/m2D/m2Dr4/mcs70_m2Dr4_s25.B59
Reading graphs...
25 :  50
25 :  48
Initializing...
maxdom : 25
D->valSize : 625
Solving...
currentSize : 7 <-- 0.005177 s
currentSize : 11 <-- 0.005207 s
currentSize : 13 <-- 0.005223 s
currentSize : 14 <-- 0.005240 s
currentSize : 15 <-- 0.006663 s
currentSize : 16 <-- 0.068400 s
currentSize : 17 <-- 1.628584 s

maxsize : 17
nodes : 1541323.000000
filtered : 29708218.000000
time : 6.446041
