Parameters: GAD=1 vflib=1 dir=0 label=0 lowerbound=1 fileNameGp=../graphsdb/mcs70/m2D/m2D/mcs70_m2D_s35.A53 fileNameGt=../graphsdb/mcs70/m2D/m2D/mcs70_m2D_s35.B53
Reading graphs...
35 :  58
35 :  56
Initializing...
maxdom : 35
D->valSize : 1225
Solving...
currentSize : 19 <-- 0.036436 s
currentSize : 20 <-- 0.038231 s
currentSize : 21 <-- 0.068591 s
currentSize : 22 <-- 0.097404 s
currentSize : 23 <-- 0.163091 s
currentSize : 24 <-- 0.900797 s
currentSize : 25 <-- 10.408785 s
currentSize : 26 <-- 65.943031 s
currentSize : 27 <-- 68.407333 s

maxsize : 27
nodes : 17629631.000000
filtered : 459675545.000000
time : 101.382812
