Parameters: GAD=1 vflib=1 dir=0 label=0 lowerbound=1 fileNameGp=../graphsdb/mcs70/rand/r005/mcs70_r005_s35.A62 fileNameGt=../graphsdb/mcs70/rand/r005/mcs70_r005_s35.B62
Reading graphs...
35 :  57
35 :  58
Initializing...
maxdom : 35
D->valSize : 1225
Solving...
currentSize : 17 <-- 0.036247 s
currentSize : 18 <-- 0.037200 s
currentSize : 19 <-- 0.045074 s
currentSize : 20 <-- 0.373412 s
currentSize : 21 <-- 3.906109 s
currentSize : 22 <-- 8.027629 s
currentSize : 23 <-- 8.027885 s
currentSize : 24 <-- 30.425344 s
currentSize : 25 <-- 138.225616 s

maxsize : 25
nodes : 56314688.000000
filtered : 1241733404.000000
time : 297.824707
