Parameters: GAD=1 vflib=1 dir=0 label=0 lowerbound=1 fileNameGp=../graphsdb/mcs70/rand/r02/mcs70_r02_s30.A03 fileNameGt=../graphsdb/mcs70/rand/r02/mcs70_r02_s30.B03
Reading graphs...
30 :  153
30 :  153
Initializing...
maxdom : 30
D->valSize : 900
Solving...
currentSize : 11 <-- 0.009467 s
currentSize : 12 <-- 0.013289 s
currentSize : 13 <-- 0.014465 s
currentSize : 14 <-- 0.457509 s
currentSize : 15 <-- 20.198114 s
currentSize : 16 <-- 20.198166 s
currentSize : 19 <-- 25.105852 s
currentSize : 21 <-- 30.659012 s

maxsize : 21
nodes : 7293354.000000
filtered : 116937145.000000
time : 32.494778
