Parameters: GAD=1 vflib=1 dir=0 label=0 lowerbound=1 fileNameGp=../graphsdb/mcs70/rand/r02/mcs70_r02_s25.A84 fileNameGt=../graphsdb/mcs70/rand/r02/mcs70_r02_s25.B84
Reading graphs...
25 :  110
25 :  106
Initializing...
maxdom : 25
D->valSize : 625
Solving...
currentSize : 9 <-- 0.004540 s
currentSize : 10 <-- 0.004561 s
currentSize : 11 <-- 0.005088 s
currentSize : 12 <-- 0.007225 s
currentSize : 13 <-- 0.032973 s
currentSize : 14 <-- 2.561374 s
currentSize : 15 <-- 2.564384 s
currentSize : 17 <-- 2.877711 s

maxsize : 17
nodes : 976851.000000
filtered : 14993210.000000
time : 3.948390
