Parameters: GAD=1 vflib=1 dir=0 label=0 lowerbound=1 fileNameGp=../graphsdb/mcs70/m2D/m2D/mcs70_m2D_s35.A26 fileNameGt=../graphsdb/mcs70/m2D/m2D/mcs70_m2D_s35.B26
Reading graphs...
35 :  58
35 :  58
Initializing...
maxdom : 35
D->valSize : 1225
Solving...
currentSize : 18 <-- 0.035904 s
currentSize : 20 <-- 0.039192 s
currentSize : 21 <-- 0.039203 s
currentSize : 22 <-- 0.054951 s
currentSize : 23 <-- 0.401495 s
currentSize : 24 <-- 1.075871 s
currentSize : 25 <-- 35.368469 s
currentSize : 26 <-- 70.451263 s
currentSize : 27 <-- 89.785095 s

maxsize : 27
nodes : 19993880.000000
filtered : 527228307.000000
time : 115.704056
