Parameters: GAD=1 vflib=1 dir=0 label=0 lowerbound=1 fileNameGp=../graphsdb/mcs70/bvg/b03/mcs70_b03_s35.A12 fileNameGt=../graphsdb/mcs70/bvg/b03/mcs70_b03_s35.B12
Reading graphs...
35 :  52
35 :  52
Initializing...
maxdom : 35
D->valSize : 1225
Solving...
currentSize : 2 <-- 0.020511 s
currentSize : 11 <-- 0.020637 s
currentSize : 16 <-- 0.020716 s
currentSize : 20 <-- 0.020753 s
currentSize : 21 <-- 0.020764 s
currentSize : 22 <-- 0.021046 s
currentSize : 23 <-- 0.021683 s
currentSize : 24 <-- 0.470373 s
currentSize : 25 <-- 0.479342 s
currentSize : 26 <-- 0.531870 s
currentSize : 27 <-- 2.012457 s

maxsize : 27
nodes : 6254202.000000
filtered : 178698802.000000
time : 39.896217
