Parameters: GAD=1 vflib=1 dir=0 label=0 lowerbound=1 fileNameGp=../graphsdb/mcs70/bvg/b09m/mcs70_b09m_s30.A70 fileNameGt=../graphsdb/mcs70/bvg/b09m/mcs70_b09m_s30.B70
Reading graphs...
30 :  128
30 :  127
Initializing...
maxdom : 30
D->valSize : 900
Solving...
currentSize : 9 <-- 0.009626 s
currentSize : 10 <-- 0.009657 s
currentSize : 11 <-- 0.009857 s
currentSize : 12 <-- 0.009963 s
currentSize : 13 <-- 0.029315 s
currentSize : 14 <-- 0.039158 s
currentSize : 15 <-- 2.990142 s
currentSize : 17 <-- 67.900200 s
currentSize : 19 <-- 73.101059 s
currentSize : 20 <-- 73.101234 s

maxsize : 20
nodes : 18621561.000000
filtered : 270017818.000000
time : 78.277603
