Parameters: GAD=1 vflib=1 dir=0 label=0 lowerbound=1 fileNameGp=../graphsdb/mcs70/m4D/m4Dr2/mcs70_m4Dr2_s25.A14 fileNameGt=../graphsdb/mcs70/m4D/m4Dr2/mcs70_m4Dr2_s25.B14
Reading graphs...
25 :  52
25 :  51
Initializing...
maxdom : 25
D->valSize : 625
Solving...
currentSize : 12 <-- 0.005021 s
currentSize : 13 <-- 0.005039 s
currentSize : 14 <-- 0.006244 s
currentSize : 15 <-- 0.023379 s
currentSize : 16 <-- 0.056779 s
currentSize : 17 <-- 0.086551 s
currentSize : 18 <-- 1.655473 s

maxsize : 18
nodes : 477755.000000
filtered : 9970403.000000
time : 2.157914
