Parameters: GAD=1 vflib=1 dir=0 label=0 lowerbound=1 fileNameGp=../graphsdb/mcs70/m3D/m3D/mcs70_m3D_s35.A72 fileNameGt=../graphsdb/mcs70/m3D/m3D/mcs70_m3D_s35.B72
Reading graphs...
35 :  72
35 :  72
Initializing...
maxdom : 35
D->valSize : 1225
Solving...
currentSize : 17 <-- 0.034856 s
currentSize : 18 <-- 0.034978 s
currentSize : 19 <-- 0.056971 s
currentSize : 20 <-- 0.058325 s
currentSize : 21 <-- 0.119931 s
currentSize : 22 <-- 3.409460 s
currentSize : 23 <-- 3.472008 s
currentSize : 25 <-- 4.286956 s
currentSize : 26 <-- 4.383149 s
currentSize : 27 <-- 5.987447 s
currentSize : 28 <-- 7.890898 s

maxsize : 28
nodes : 2602197.000000
filtered : 77427842.000000
time : 15.240486
